1:    0.012 0.016 0.008 0.918 0.013 0.011 0.010 0.006 0.007 1    
2:    0.020 0.152 0.023 0.205 0.183 0.046 0.169 0.184 0.018 1    
3:    0.043 0.307 0.027 0.146 0.111 0.197 0.054 0.089 0.025 1    
4:    0.035 0.015 0.012 0.812 0.032 0.018 0.012 0.050 0.015 1    
5:    0.021 0.026 0.011 0.855 0.013 0.026 0.013 0.023 0.012 1    
6:    0.024 0.125 0.016 0.454 0.082 0.016 0.032 0.221 0.030 1    
7:    0.050 0.050 0.012 0.584 0.045 0.076 0.056 0.105 0.022 1    
8:    0.026 0.035 0.016 0.365 0.344 0.029 0.097 0.043 0.046 1    
9:    0.030 0.039 0.024 0.023 0.269 0.025 0.059 0.510 0.020 1    
10:   0.011 0.009 0.010 0.866 0.019 0.023 0.010 0.024 0.027 1    
11:   0.023 0.101 0.025 0.664 0.028 0.053 0.036 0.034 0.038 1    
12:   0.011 0.038 0.009 0.804 0.014 0.057 0.014 0.027 0.027 1    
13:   0.009 0.174 0.026 0.614 0.024 0.038 0.014 0.043 0.057 1    
14:   0.011 0.032 0.018 0.537 0.018 0.203 0.024 0.120 0.036 1    
15:   0.015 0.015 0.015 0.891 0.007 0.022 0.019 0.008 0.008 1    
16:   0.011 0.007 0.007 0.934 0.005 0.012 0.010 0.010 0.004 1    
17:   0.027 0.036 0.015 0.747 0.014 0.073 0.039 0.032 0.018 1    
18:   0.018 0.007 0.008 0.917 0.007 0.020 0.009 0.007 0.008 1    
19:   0.009 0.024 0.008 0.908 0.007 0.011 0.014 0.012 0.007 1    
20:   0.013 0.009 0.007 0.803 0.006 0.105 0.013 0.035 0.008 1    
21:   0.044 0.115 0.024 0.697 0.020 0.025 0.022 0.014 0.038 1    
22:   0.007 0.014 0.006 0.883 0.011 0.034 0.007 0.025 0.014 1    
23:   0.017 0.028 0.742 0.033 0.013 0.069 0.051 0.006 0.040 1    
24:   0.056 0.016 0.308 0.179 0.010 0.198 0.053 0.109 0.071 1    
25:   0.007 0.005 0.007 0.926 0.010 0.008 0.006 0.025 0.007 1    
26:   0.012 0.007 0.013 0.930 0.004 0.006 0.009 0.006 0.013 1    
27:   0.018 0.009 0.033 0.817 0.007 0.007 0.025 0.045 0.039 1    
28:   0.024 0.005 0.012 0.870 0.006 0.006 0.017 0.037 0.022 1    
29:   0.008 0.010 0.012 0.849 0.006 0.014 0.059 0.035 0.009 1    
30:   0.005 0.009 0.008 0.939 0.005 0.006 0.008 0.011 0.010 1    
31:   0.006 0.008 0.011 0.900 0.005 0.004 0.014 0.015 0.037 1    
32:   0.019 0.007 0.040 0.769 0.005 0.008 0.018 0.111 0.023 1    
33:   0.187 0.016 0.013 0.465 0.023 0.195 0.039 0.046 0.016 1    
34:   0.553 0.010 0.011 0.291 0.009 0.073 0.013 0.021 0.019 1    
35:   0.065 0.017 0.016 0.766 0.040 0.036 0.018 0.025 0.018 1    
36:   0.089 0.011 0.026 0.714 0.052 0.055 0.013 0.016 0.025 1    
37:   0.148 0.069 0.018 0.023 0.068 0.615 0.016 0.018 0.025 1    
38:   0.249 0.154 0.072 0.169 0.047 0.046 0.024 0.140 0.099 1    
39:   0.056 0.073 0.016 0.691 0.011 0.076 0.033 0.035 0.009 1    
40:   0.692 0.026 0.015 0.191 0.019 0.021 0.011 0.005 0.019 1    
41:   0.350 0.170 0.024 0.035 0.041 0.303 0.030 0.032 0.016 1    
42:   0.260 0.227 0.019 0.253 0.047 0.091 0.041 0.047 0.013 1    
43:   0.102 0.046 0.149 0.071 0.027 0.546 0.013 0.025 0.020 1    
44:   0.059 0.018 0.065 0.209 0.074 0.488 0.019 0.007 0.061 1    
45:   0.021 0.024 0.010 0.014 0.028 0.876 0.011 0.004 0.011 1    
46:   0.013 0.020 0.014 0.034 0.063 0.798 0.017 0.010 0.031 1    
47:   0.483 0.028 0.010 0.067 0.019 0.257 0.021 0.006 0.109 1    
48:   0.236 0.062 0.008 0.054 0.027 0.543 0.016 0.044 0.011 1    
49:   0.138 0.045 0.021 0.316 0.199 0.015 0.044 0.051 0.171 1    
50:   0.116 0.054 0.019 0.345 0.209 0.014 0.031 0.040 0.172 1    
51:   0.009 0.016 0.036 0.061 0.028 0.016 0.554 0.236 0.045 1    
52:   0.020 0.033 0.010 0.124 0.338 0.008 0.031 0.393 0.042 1    
53:   0.014 0.009 0.009 0.423 0.042 0.006 0.097 0.037 0.363 1    
54:   0.019 0.029 0.020 0.245 0.190 0.010 0.043 0.261 0.183 1    
55:   0.022 0.019 0.011 0.315 0.032 0.008 0.057 0.504 0.033 1    
56:   0.024 0.017 0.015 0.460 0.039 0.008 0.027 0.369 0.041 1    
57:   0.015 0.009 0.007 0.040 0.322 0.005 0.045 0.186 0.372 1    
58:   0.037 0.021 0.039 0.054 0.123 0.011 0.543 0.061 0.110 1    
59:   0.010 0.010 0.018 0.133 0.035 0.020 0.604 0.110 0.058 1    
60:   0.022 0.030 0.011 0.790 0.049 0.007 0.055 0.010 0.025 1    
61:   0.021 0.055 0.043 0.721 0.023 0.042 0.054 0.008 0.032 1    
62:   0.077 0.063 0.043 0.625 0.045 0.035 0.086 0.008 0.018 1    
63:   0.064 0.015 0.016 0.747 0.021 0.016 0.048 0.005 0.067 1    
64:   0.060 0.057 0.036 0.647 0.070 0.007 0.080 0.005 0.038 1    
65:   0.099 0.031 0.016 0.454 0.098 0.032 0.228 0.021 0.021 1    
66:   0.044 0.018 0.010 0.802 0.035 0.008 0.050 0.014 0.018 1    
67:   0.118 0.082 0.013 0.478 0.110 0.021 0.144 0.013 0.020 1    
68:   0.038 0.051 0.023 0.774 0.034 0.009 0.019 0.005 0.046 1    
69:   0.007 0.008 0.008 0.941 0.009 0.007 0.007 0.007 0.008 1    
70:   0.021 0.014 0.045 0.729 0.105 0.008 0.009 0.012 0.057 1    
71:   0.006 0.005 0.019 0.925 0.006 0.008 0.015 0.009 0.008 1    
72:   0.007 0.009 0.007 0.927 0.018 0.005 0.008 0.010 0.009 1    
73:   0.004 0.006 0.007 0.955 0.007 0.005 0.004 0.004 0.007 1    
74:   0.010 0.007 0.017 0.917 0.005 0.009 0.017 0.009 0.009 1    
75:   0.007 0.009 0.027 0.869 0.012 0.007 0.046 0.015 0.009 1    
76:   0.006 0.006 0.008 0.953 0.004 0.005 0.009 0.003 0.007 1    
77:   0.005 0.005 0.010 0.946 0.006 0.006 0.010 0.005 0.008 1    
78:   0.008 0.012 0.019 0.907 0.013 0.005 0.017 0.004 0.015 1    
79:   0.005 0.006 0.011 0.936 0.008 0.005 0.015 0.007 0.007 1    
80:   0.005 0.006 0.019 0.923 0.012 0.005 0.012 0.004 0.013 1    
81:   0.005 0.005 0.005 0.954 0.008 0.004 0.005 0.005 0.009 1    
82:   0.008 0.008 0.036 0.895 0.016 0.007 0.012 0.005 0.014 1    
83:   0.008 0.007 0.006 0.932 0.014 0.006 0.007 0.010 0.011 1    
84:   0.016 0.007 0.031 0.749 0.023 0.010 0.141 0.014 0.009 1    
85:   0.008 0.005 0.008 0.945 0.010 0.007 0.005 0.005 0.008 1    
86:   0.036 0.044 0.197 0.076 0.051 0.052 0.014 0.356 0.173 1    
87:   0.006 0.007 0.008 0.934 0.017 0.006 0.006 0.006 0.011 1    
88:   0.014 0.010 0.746 0.071 0.073 0.034 0.015 0.014 0.023 1    
89:   0.012 0.007 0.012 0.907 0.025 0.008 0.010 0.008 0.011 1    
90:   0.014 0.019 0.720 0.020 0.114 0.016 0.070 0.016 0.012 1    
91:   0.006 0.008 0.012 0.938 0.006 0.007 0.008 0.005 0.009 1    
92:   0.021 0.048 0.557 0.038 0.135 0.049 0.016 0.022 0.114 1    
93:   0.006 0.007 0.012 0.933 0.011 0.006 0.007 0.006 0.012 1    
94:   0.052 0.026 0.210 0.080 0.226 0.043 0.015 0.045 0.302 1    
95:   0.008 0.007 0.007 0.941 0.010 0.005 0.005 0.006 0.011 1    
96:   0.009 0.006 0.014 0.915 0.026 0.008 0.008 0.006 0.008 1    
97:   0.013 0.008 0.033 0.861 0.020 0.016 0.023 0.013 0.013 1    
98:   0.005 0.008 0.010 0.915 0.005 0.022 0.010 0.012 0.013 1    
99:   0.006 0.010 0.009 0.914 0.009 0.015 0.015 0.009 0.012 1    
100:  0.008 0.007 0.008 0.871 0.014 0.039 0.024 0.020 0.011 1    
101:  0.007 0.009 0.009 0.880 0.008 0.036 0.012 0.026 0.013 1    
102:  0.007 0.012 0.015 0.886 0.008 0.038 0.011 0.013 0.010 1    
103:  0.015 0.009 0.009 0.874 0.012 0.041 0.018 0.015 0.007 1    
104:  0.006 0.010 0.007 0.916 0.014 0.014 0.014 0.007 0.011 1    
105:  0.008 0.008 0.009 0.898 0.006 0.043 0.009 0.010 0.009 1    
106:  0.010 0.011 0.870 0.012 0.007 0.013 0.031 0.038 0.008 1    
107:  0.006 0.012 0.845 0.013 0.006 0.018 0.035 0.052 0.012 1    
108:  0.055 0.011 0.735 0.007 0.007 0.020 0.012 0.128 0.025 1    
109:  0.087 0.017 0.577 0.013 0.010 0.030 0.050 0.155 0.061 1    
110:  0.058 0.013 0.797 0.009 0.009 0.010 0.024 0.051 0.029 1    
111:  0.036 0.007 0.824 0.006 0.007 0.014 0.025 0.069 0.012 1    
112:  0.013 0.010 0.886 0.014 0.009 0.016 0.028 0.014 0.011 1    
113:  0.059 0.011 0.790 0.006 0.008 0.007 0.024 0.084 0.010 1    
114:  0.006 0.009 0.014 0.161 0.714 0.054 0.012 0.022 0.009 1    
115:  0.029 0.010 0.013 0.682 0.025 0.141 0.057 0.021 0.021 1    
116:  0.018 0.010 0.074 0.038 0.669 0.095 0.018 0.063 0.016 1    
117:  0.013 0.020 0.019 0.764 0.024 0.102 0.026 0.010 0.021 1    
118:  0.018 0.006 0.010 0.023 0.869 0.040 0.009 0.007 0.018 1    
119:  0.026 0.016 0.015 0.844 0.015 0.013 0.012 0.006 0.053 1    
120:  0.015 0.011 0.015 0.144 0.720 0.034 0.012 0.039 0.010 1    
121:  0.062 0.009 0.024 0.826 0.021 0.020 0.007 0.008 0.023 1    
122:  0.013 0.006 0.007 0.033 0.907 0.009 0.008 0.006 0.012 1    
123:  0.010 0.011 0.016 0.883 0.013 0.036 0.014 0.008 0.009 1    
124:  0.007 0.005 0.015 0.023 0.873 0.029 0.022 0.014 0.013 1    
125:  0.257 0.021 0.027 0.134 0.118 0.015 0.019 0.009 0.400 1    
126:  0.012 0.008 0.045 0.101 0.634 0.121 0.013 0.018 0.049 1    
127:  0.042 0.017 0.011 0.852 0.014 0.016 0.016 0.011 0.023 1    
128:  0.067 0.012 0.029 0.058 0.659 0.020 0.018 0.014 0.124 1    
129:  0.064 0.021 0.049 0.246 0.081 0.472 0.030 0.020 0.018 1    
130:  0.022 0.012 0.025 0.157 0.652 0.041 0.010 0.047 0.033 1    
131:  0.016 0.042 0.019 0.016 0.022 0.837 0.018 0.017 0.013 1    
132:  0.016 0.018 0.022 0.012 0.042 0.820 0.024 0.009 0.037 1    
133:  0.010 0.013 0.013 0.008 0.023 0.866 0.019 0.007 0.042 1    
134:  0.019 0.047 0.050 0.044 0.015 0.707 0.024 0.008 0.087 1    
135:  0.011 0.013 0.011 0.011 0.011 0.913 0.013 0.009 0.009 1    
136:  0.026 0.026 0.019 0.033 0.009 0.839 0.031 0.008 0.009 1    
137:  0.037 0.018 0.023 0.161 0.016 0.641 0.058 0.012 0.034 1    
138:  0.048 0.074 0.053 0.211 0.015 0.510 0.055 0.014 0.021 1    
139:  0.034 0.016 0.006 0.024 0.012 0.857 0.023 0.009 0.019 1    
140:  0.081 0.018 0.006 0.054 0.012 0.780 0.023 0.006 0.019 1    
141:  0.023 0.013 0.028 0.019 0.017 0.014 0.852 0.027 0.007 1    
142:  0.031 0.013 0.241 0.072 0.028 0.026 0.532 0.015 0.043 1    
143:  0.035 0.017 0.027 0.030 0.009 0.012 0.844 0.009 0.017 1    
144:  0.026 0.015 0.027 0.011 0.021 0.013 0.857 0.015 0.015 1    
145:  0.256 0.020 0.029 0.336 0.016 0.014 0.296 0.005 0.028 1    
146:  0.041 0.023 0.218 0.034 0.028 0.012 0.572 0.024 0.049 1    
147:  0.027 0.184 0.012 0.026 0.604 0.019 0.052 0.012 0.065 1    
148:  0.015 0.029 0.011 0.638 0.130 0.015 0.074 0.055 0.032 1    
149:  0.014 0.029 0.006 0.769 0.073 0.011 0.050 0.025 0.023 1    
150:  0.013 0.214 0.016 0.173 0.434 0.029 0.058 0.026 0.038 1    
151:  0.010 0.073 0.012 0.254 0.086 0.009 0.012 0.007 0.535 1    
152:  0.006 0.008 0.005 0.844 0.050 0.013 0.015 0.007 0.053 1    
153:  0.004 0.012 0.009 0.917 0.010 0.010 0.012 0.004 0.023 1    
154:  0.038 0.049 0.073 0.011 0.669 0.046 0.072 0.012 0.030 1    
155:  0.014 0.024 0.763 0.024 0.058 0.023 0.076 0.009 0.009 1    
156:  0.007 0.396 0.521 0.013 0.012 0.010 0.023 0.006 0.012 1    
157:  0.018 0.116 0.166 0.010 0.516 0.034 0.097 0.029 0.015 1    
158:  0.014 0.011 0.702 0.031 0.164 0.037 0.021 0.006 0.015 1    
159:  0.045 0.192 0.099 0.091 0.090 0.043 0.252 0.151 0.037 1    
160:  0.029 0.031 0.124 0.030 0.251 0.021 0.439 0.017 0.058 1    
161:  0.049 0.069 0.038 0.215 0.096 0.055 0.298 0.138 0.042 1    
162:  0.034 0.036 0.034 0.020 0.039 0.016 0.742 0.053 0.025 1    
163:  0.009 0.117 0.082 0.016 0.119 0.036 0.561 0.034 0.026 1    
164:  0.021 0.042 0.325 0.018 0.190 0.071 0.271 0.012 0.050 1    
165:  0.477 0.029 0.016 0.048 0.084 0.013 0.176 0.112 0.045 1    
166:  0.074 0.068 0.036 0.040 0.249 0.037 0.322 0.152 0.021 1    
167:  0.036 0.327 0.088 0.059 0.074 0.047 0.193 0.142 0.035 1    
168:  0.338 0.006 0.071 0.371 0.048 0.071 0.008 0.025 0.063 1    
169:  0.014 0.006 0.024 0.880 0.021 0.010 0.005 0.006 0.034 1    
170:  0.017 0.008 0.028 0.886 0.022 0.008 0.005 0.006 0.020 1    
171:  0.018 0.009 0.036 0.868 0.010 0.010 0.006 0.033 0.010 1    
172:  0.029 0.022 0.251 0.521 0.015 0.100 0.010 0.009 0.043 1    
173:  0.035 0.042 0.245 0.374 0.017 0.206 0.017 0.010 0.055 1    
174:  0.033 0.009 0.055 0.819 0.013 0.017 0.006 0.031 0.018 1    
175:  0.018 0.008 0.039 0.746 0.007 0.110 0.007 0.054 0.012 1    
176:  0.012 0.009 0.014 0.901 0.017 0.007 0.006 0.007 0.028 1    
177:  0.157 0.019 0.274 0.016 0.174 0.059 0.099 0.067 0.136 1    
178:  0.354 0.013 0.235 0.023 0.189 0.018 0.051 0.088 0.028 1    
179:  0.871 0.010 0.026 0.009 0.012 0.009 0.011 0.026 0.025 1    
180:  0.283 0.027 0.064 0.027 0.205 0.022 0.033 0.072 0.266 1    
181:  0.338 0.052 0.355 0.017 0.035 0.037 0.023 0.097 0.047 1    
182:  0.470 0.012 0.162 0.017 0.083 0.050 0.026 0.149 0.031 1    
183:  0.406 0.089 0.176 0.014 0.059 0.037 0.085 0.094 0.041 1    
184:  0.686 0.014 0.068 0.008 0.137 0.017 0.010 0.043 0.017 1    
185:  0.145 0.035 0.081 0.013 0.385 0.022 0.090 0.199 0.030 1    
186:  0.018 0.006 0.023 0.014 0.011 0.904 0.008 0.009 0.008 1    
187:  0.023 0.019 0.076 0.040 0.016 0.752 0.017 0.011 0.046 1    
188:  0.005 0.008 0.017 0.005 0.005 0.935 0.009 0.006 0.010 1    
189:  0.007 0.020 0.019 0.006 0.006 0.908 0.010 0.007 0.017 1    
190:  0.010 0.017 0.097 0.012 0.006 0.815 0.021 0.006 0.017 1    
191:  0.011 0.010 0.022 0.009 0.019 0.882 0.011 0.015 0.020 1    
192:  0.006 0.012 0.008 0.007 0.009 0.005 0.916 0.029 0.008 1    
193:  0.020 0.014 0.141 0.016 0.068 0.613 0.013 0.008 0.106 1    
194:  0.294 0.011 0.024 0.068 0.017 0.050 0.016 0.483 0.036 1    
195:  0.049 0.016 0.017 0.042 0.116 0.062 0.020 0.608 0.070 1    
196:  0.171 0.013 0.016 0.088 0.015 0.052 0.014 0.614 0.019 1    
197:  0.054 0.012 0.020 0.041 0.024 0.024 0.019 0.796 0.009 1    
198:  0.095 0.016 0.044 0.030 0.027 0.034 0.024 0.664 0.067 1    
199:  0.165 0.020 0.008 0.076 0.022 0.042 0.021 0.629 0.017 1    
200:  0.189 0.061 0.176 0.023 0.015 0.268 0.201 0.010 0.057 1    
201:  0.093 0.013 0.076 0.128 0.031 0.024 0.139 0.016 0.479 1    
202:  0.076 0.064 0.077 0.062 0.351 0.272 0.027 0.011 0.061 1    
203:  0.008 0.009 0.009 0.021 0.008 0.911 0.010 0.006 0.018 1    
204:  0.012 0.025 0.010 0.025 0.009 0.162 0.014 0.007 0.736 1    
205:  0.407 0.036 0.195 0.024 0.033 0.087 0.063 0.007 0.148 1    
206:  0.017 0.009 0.022 0.031 0.011 0.223 0.019 0.009 0.660 1    
207:  0.023 0.019 0.030 0.020 0.053 0.033 0.782 0.020 0.019 1    
208:  0.252 0.021 0.025 0.025 0.069 0.022 0.437 0.094 0.054 1    
209:  0.024 0.102 0.147 0.014 0.016 0.034 0.637 0.010 0.015 1    
210:  0.032 0.021 0.135 0.014 0.026 0.142 0.600 0.014 0.017 1    
211:  0.086 0.011 0.013 0.022 0.082 0.031 0.635 0.091 0.030 1    
212:  0.051 0.021 0.139 0.047 0.126 0.103 0.448 0.029 0.037 1    
213:  0.011 0.014 0.039 0.019 0.023 0.068 0.769 0.040 0.018 1    
214:  0.007 0.014 0.026 0.010 0.009 0.010 0.890 0.016 0.018 1    
215:  0.760 0.022 0.053 0.009 0.041 0.040 0.013 0.027 0.035 1    
216:  0.920 0.008 0.011 0.007 0.010 0.022 0.006 0.011 0.006 1    
217:  0.922 0.010 0.010 0.007 0.010 0.017 0.007 0.011 0.006 1    
218:  0.107 0.051 0.029 0.008 0.098 0.626 0.021 0.043 0.019 1    
219:  0.829 0.016 0.013 0.009 0.021 0.086 0.012 0.008 0.006 1    
220:  0.813 0.012 0.017 0.008 0.024 0.101 0.012 0.007 0.006 1    
221:  0.233 0.044 0.073 0.036 0.384 0.023 0.160 0.020 0.027 1    
222:  0.016 0.049 0.033 0.022 0.089 0.098 0.641 0.010 0.043 1    
223:  0.154 0.087 0.108 0.143 0.144 0.020 0.148 0.064 0.133 1    
224:  0.015 0.027 0.050 0.025 0.054 0.022 0.787 0.004 0.017 1    
225:  0.049 0.220 0.020 0.029 0.117 0.018 0.226 0.095 0.225 1    
226:  0.012 0.028 0.016 0.071 0.047 0.077 0.727 0.011 0.011 1    
227:  0.014 0.055 0.049 0.424 0.077 0.029 0.317 0.013 0.022 1    
228:  0.040 0.093 0.029 0.061 0.107 0.021 0.458 0.035 0.157 1    
229:  0.062 0.020 0.010 0.033 0.283 0.019 0.068 0.489 0.015 1    
230:  0.165 0.022 0.101 0.094 0.205 0.183 0.094 0.108 0.029 1    
231:  0.098 0.053 0.033 0.019 0.203 0.023 0.134 0.414 0.021 1    
232:  0.075 0.015 0.015 0.009 0.082 0.016 0.770 0.010 0.009 1    
233:  0.210 0.027 0.027 0.025 0.062 0.024 0.471 0.145 0.009 1    
234:  0.081 0.064 0.040 0.056 0.431 0.119 0.185 0.010 0.014 1    
235:  0.063 0.015 0.024 0.014 0.029 0.022 0.742 0.074 0.017 1    
236:  0.036 0.011 0.023 0.012 0.020 0.014 0.758 0.116 0.011 1    
237:  0.034 0.021 0.011 0.027 0.712 0.019 0.151 0.018 0.007 1    
238:  0.028 0.015 0.024 0.015 0.774 0.027 0.087 0.017 0.013 1    
239:  0.013 0.013 0.030 0.030 0.669 0.049 0.170 0.006 0.018 1    
240:  0.020 0.046 0.041 0.012 0.007 0.014 0.833 0.016 0.011 1    
241:  0.099 0.087 0.348 0.027 0.027 0.087 0.294 0.010 0.020 1    
242:  0.029 0.047 0.032 0.011 0.008 0.022 0.810 0.024 0.017 1    
243:  0.113 0.088 0.138 0.008 0.008 0.058 0.556 0.014 0.018 1    
244:  0.042 0.061 0.173 0.043 0.050 0.026 0.569 0.020 0.015 1    
245:  0.067 0.100 0.419 0.055 0.007 0.035 0.270 0.010 0.036 1    
246:  0.018 0.014 0.042 0.011 0.010 0.013 0.819 0.038 0.035 1    
247:  0.040 0.013 0.093 0.013 0.014 0.016 0.716 0.019 0.076 1    
248:  0.030 0.007 0.023 0.007 0.010 0.883 0.009 0.023 0.006 1    
249:  0.025 0.006 0.027 0.018 0.017 0.850 0.012 0.033 0.011 1    
250:  0.042 0.011 0.024 0.007 0.022 0.852 0.016 0.014 0.013 1    
251:  0.012 0.013 0.289 0.008 0.018 0.610 0.019 0.005 0.026 1    
252:  0.050 0.078 0.336 0.008 0.038 0.382 0.050 0.009 0.050 1    
253:  0.011 0.010 0.008 0.019 0.006 0.925 0.008 0.005 0.008 1    
254:  0.044 0.025 0.134 0.013 0.037 0.667 0.014 0.025 0.041 1    
255:  0.021 0.010 0.499 0.014 0.025 0.318 0.038 0.036 0.040 1    
256:  0.009 0.015 0.023 0.008 0.007 0.905 0.016 0.004 0.013 1    
257:  0.018 0.047 0.853 0.016 0.009 0.023 0.014 0.005 0.014 1    
258:  0.836 0.012 0.011 0.026 0.028 0.009 0.011 0.006 0.061 1    
259:  0.777 0.014 0.023 0.018 0.118 0.018 0.015 0.008 0.011 1    
260:  0.011 0.015 0.891 0.007 0.014 0.036 0.013 0.007 0.006 1    
261:  0.669 0.018 0.024 0.060 0.039 0.020 0.020 0.006 0.144 1    
262:  0.016 0.025 0.867 0.009 0.020 0.037 0.013 0.008 0.006 1    
263:  0.055 0.032 0.103 0.017 0.723 0.025 0.012 0.012 0.021 1    
264:  0.319 0.058 0.073 0.036 0.046 0.026 0.028 0.005 0.409 1    
265:  0.508 0.028 0.183 0.020 0.110 0.016 0.026 0.014 0.095 1    
266:  0.006 0.011 0.019 0.009 0.009 0.913 0.010 0.006 0.015 1    
267:  0.009 0.006 0.016 0.019 0.009 0.906 0.014 0.010 0.010 1    
268:  0.017 0.019 0.019 0.015 0.015 0.853 0.029 0.016 0.017 1    
269:  0.017 0.013 0.022 0.018 0.010 0.879 0.025 0.005 0.010 1    
270:  0.011 0.015 0.033 0.011 0.014 0.881 0.020 0.008 0.007 1    
271:  0.006 0.006 0.009 0.012 0.014 0.931 0.009 0.005 0.007 1    
272:  0.013 0.008 0.024 0.007 0.012 0.902 0.016 0.006 0.013 1    
273:  0.006 0.008 0.006 0.008 0.008 0.944 0.011 0.005 0.005 1    
274:  0.008 0.008 0.006 0.015 0.009 0.927 0.008 0.008 0.012 1    
275:  0.006 0.004 0.008 0.005 0.007 0.949 0.009 0.007 0.006 1    
276:  0.007 0.007 0.023 0.033 0.008 0.897 0.008 0.007 0.009 1    
277:  0.006 0.006 0.006 0.008 0.006 0.953 0.008 0.004 0.005 1    
278:  0.006 0.008 0.013 0.023 0.006 0.914 0.012 0.009 0.009 1    
279:  0.007 0.007 0.005 0.006 0.006 0.946 0.012 0.006 0.005 1    
280:  0.007 0.008 0.005 0.009 0.007 0.949 0.004 0.007 0.005 1    
281:  0.005 0.005 0.012 0.010 0.006 0.934 0.006 0.018 0.004 1    
282:  0.006 0.008 0.006 0.008 0.010 0.943 0.006 0.004 0.008 1    
283:  0.006 0.023 0.008 0.015 0.008 0.898 0.013 0.023 0.005 1    
284:  0.004 0.006 0.008 0.007 0.006 0.957 0.004 0.004 0.004 1    
285:  0.007 0.008 0.011 0.012 0.006 0.933 0.008 0.010 0.006 1    
286:  0.005 0.005 0.012 0.007 0.007 0.943 0.006 0.012 0.004 1    
287:  0.009 0.023 0.012 0.036 0.008 0.861 0.018 0.007 0.024 1    
288:  0.011 0.025 0.086 0.012 0.014 0.797 0.020 0.005 0.029 1    
289:  0.014 0.014 0.110 0.011 0.031 0.770 0.016 0.005 0.028 1    
290:  0.014 0.023 0.105 0.010 0.017 0.777 0.024 0.004 0.026 1    
291:  0.009 0.028 0.259 0.099 0.008 0.567 0.013 0.007 0.010 1    
292:  0.006 0.015 0.069 0.114 0.005 0.770 0.008 0.004 0.007 1    
293:  0.020 0.014 0.104 0.088 0.531 0.046 0.036 0.005 0.157 1    
294:  0.033 0.023 0.257 0.059 0.047 0.054 0.031 0.006 0.490 1    
295:  0.010 0.017 0.466 0.316 0.043 0.056 0.021 0.005 0.067 1    
296:  0.012 0.057 0.792 0.015 0.014 0.083 0.010 0.004 0.014 1    
297:  0.035 0.191 0.550 0.025 0.015 0.031 0.018 0.078 0.057 1    
298:  0.173 0.120 0.381 0.020 0.020 0.116 0.020 0.013 0.138 1    
299:  0.038 0.486 0.195 0.017 0.011 0.068 0.071 0.027 0.086 1    
300:  0.053 0.022 0.755 0.038 0.010 0.032 0.016 0.014 0.060 1    
301:  0.025 0.617 0.036 0.012 0.011 0.045 0.135 0.021 0.098 1    
302:  0.032 0.168 0.497 0.015 0.017 0.038 0.060 0.006 0.167 1    
303:  0.016 0.638 0.021 0.025 0.010 0.130 0.090 0.020 0.049 1    
304:  0.295 0.147 0.230 0.014 0.016 0.063 0.047 0.009 0.178 1    
305:  0.013 0.497 0.125 0.027 0.027 0.195 0.043 0.026 0.046 1    
306:  0.007 0.005 0.009 0.011 0.006 0.939 0.007 0.009 0.007 1    
307:  0.009 0.004 0.014 0.011 0.009 0.930 0.009 0.008 0.005 1    
308:  0.006 0.007 0.008 0.008 0.008 0.945 0.009 0.004 0.007 1    
309:  0.009 0.008 0.012 0.022 0.008 0.917 0.013 0.004 0.007 1    
310:  0.005 0.013 0.017 0.011 0.008 0.911 0.019 0.009 0.007 1    
311:  0.020 0.011 0.097 0.014 0.025 0.466 0.068 0.291 0.009 1    
312:  0.017 0.018 0.018 0.316 0.019 0.310 0.255 0.015 0.031 1    
313:  0.025 0.007 0.643 0.036 0.030 0.214 0.016 0.013 0.015 1    
314:  0.018 0.025 0.785 0.036 0.019 0.077 0.014 0.006 0.018 1    
315:  0.010 0.022 0.095 0.613 0.066 0.116 0.023 0.012 0.044 1    
316:  0.022 0.011 0.016 0.046 0.021 0.774 0.082 0.016 0.013 1    
317:  0.009 0.025 0.306 0.281 0.028 0.236 0.033 0.014 0.068 1    
318:  0.013 0.061 0.066 0.619 0.012 0.161 0.044 0.013 0.011 1    
319:  0.034 0.039 0.026 0.452 0.020 0.175 0.200 0.020 0.035 1    
320:  0.006 0.006 0.009 0.005 0.007 0.014 0.006 0.942 0.006 1    
321:  0.018 0.009 0.019 0.010 0.020 0.039 0.017 0.863 0.005 1    
322:  0.007 0.008 0.008 0.010 0.007 0.011 0.006 0.938 0.006 1    
323:  0.012 0.005 0.010 0.005 0.009 0.007 0.006 0.941 0.006 1    
324:  0.009 0.006 0.009 0.005 0.008 0.007 0.007 0.944 0.005 1    
325:  0.010 0.013 0.019 0.010 0.065 0.028 0.029 0.817 0.009 1    
326:  0.006 0.004 0.006 0.004 0.005 0.004 0.004 0.962 0.004 1    
327:  0.009 0.009 0.014 0.024 0.014 0.022 0.014 0.889 0.006 1    
328:  0.008 0.008 0.009 0.007 0.012 0.012 0.007 0.933 0.004 1    
329:  0.003 0.005 0.003 0.004 0.004 0.003 0.004 0.969 0.004 1    
330:  0.008 0.006 0.005 0.006 0.005 0.006 0.005 0.952 0.006 1    
331:  0.009 0.016 0.005 0.008 0.009 0.007 0.016 0.925 0.005 1    
332:  0.005 0.006 0.005 0.005 0.005 0.006 0.005 0.960 0.004 1    
333:  0.013 0.013 0.005 0.006 0.009 0.006 0.008 0.933 0.008 1    
334:  0.005 0.005 0.006 0.008 0.004 0.006 0.008 0.952 0.005 1    
335:  0.010 0.011 0.009 0.007 0.009 0.005 0.005 0.936 0.007 1    
336:  0.008 0.006 0.004 0.005 0.006 0.005 0.007 0.953 0.006 1    
337:  0.005 0.006 0.007 0.007 0.005 0.009 0.009 0.946 0.006 1    
338:  0.009 0.011 0.006 0.006 0.005 0.009 0.008 0.939 0.006 1    
339:  0.004 0.004 0.003 0.004 0.003 0.004 0.005 0.969 0.004 1    
340:  0.005 0.006 0.005 0.004 0.005 0.006 0.006 0.958 0.005 1    
341:  0.003 0.005 0.005 0.006 0.005 0.006 0.008 0.959 0.004 1    
342:  0.007 0.007 0.005 0.007 0.005 0.008 0.009 0.946 0.006 1    
343:  0.010 0.011 0.010 0.008 0.009 0.011 0.008 0.925 0.007 1    
344:  0.004 0.006 0.006 0.004 0.005 0.006 0.005 0.958 0.005 1    
345:  0.005 0.008 0.007 0.005 0.006 0.006 0.006 0.952 0.005 1    
346:  0.012 0.017 0.007 0.006 0.013 0.920 0.008 0.008 0.008 1    
347:  0.163 0.007 0.005 0.013 0.015 0.747 0.009 0.010 0.032 1    
348:  0.037 0.052 0.022 0.007 0.027 0.630 0.020 0.020 0.185 1    
349:  0.106 0.035 0.013 0.018 0.024 0.750 0.013 0.010 0.031 1    
350:  0.169 0.010 0.007 0.005 0.010 0.768 0.006 0.007 0.018 1    
351:  0.016 0.009 0.008 0.005 0.014 0.909 0.008 0.021 0.010 1    
352:  0.024 0.054 0.021 0.009 0.024 0.789 0.017 0.018 0.044 1    
353:  0.013 0.015 0.007 0.005 0.021 0.911 0.008 0.011 0.009 1    
354:  0.007 0.008 0.005 0.005 0.007 0.007 0.009 0.948 0.006 1    
355:  0.007 0.010 0.008 0.008 0.008 0.005 0.007 0.939 0.008 1    
356:  0.006 0.007 0.007 0.007 0.011 0.005 0.008 0.942 0.007 1    
357:  0.013 0.020 0.015 0.039 0.014 0.012 0.039 0.832 0.015 1    
358:  0.006 0.005 0.004 0.007 0.006 0.004 0.006 0.956 0.005 1    
359:  0.006 0.014 0.007 0.006 0.006 0.005 0.008 0.941 0.007 1    
360:  0.006 0.007 0.006 0.008 0.008 0.006 0.009 0.944 0.006 1    
361:  0.006 0.008 0.009 0.011 0.007 0.006 0.008 0.939 0.007 1    
362:  0.012 0.015 0.014 0.010 0.018 0.010 0.014 0.899 0.007 1    
363:  0.013 0.006 0.012 0.008 0.007 0.926 0.011 0.008 0.008 1    
364:  0.018 0.006 0.016 0.009 0.006 0.899 0.008 0.032 0.007 1    
365:  0.019 0.007 0.011 0.007 0.005 0.928 0.007 0.011 0.004 1    
366:  0.005 0.008 0.013 0.016 0.010 0.871 0.028 0.041 0.008 1    
367:  0.007 0.010 0.022 0.014 0.020 0.798 0.094 0.025 0.010 1    
368:  0.008 0.011 0.019 0.025 0.006 0.337 0.582 0.006 0.006 1    
369:  0.017 0.007 0.009 0.014 0.007 0.902 0.020 0.019 0.005 1    
370:  0.013 0.017 0.073 0.020 0.021 0.566 0.110 0.160 0.020 1    
371:  0.006 0.008 0.059 0.041 0.010 0.784 0.059 0.026 0.007 1    
372:  0.068 0.122 0.033 0.021 0.029 0.052 0.640 0.016 0.019 1    
373:  0.008 0.016 0.010 0.007 0.006 0.008 0.927 0.008 0.011 1    
374:  0.020 0.113 0.031 0.010 0.026 0.016 0.751 0.011 0.022 1    
375:  0.021 0.131 0.018 0.014 0.012 0.010 0.762 0.007 0.025 1    
376:  0.010 0.067 0.015 0.006 0.007 0.008 0.853 0.006 0.026 1    
377:  0.014 0.008 0.013 0.008 0.010 0.014 0.911 0.010 0.012 1    
378:  0.015 0.042 0.019 0.007 0.020 0.013 0.863 0.012 0.010 1    
379:  0.020 0.020 0.010 0.519 0.171 0.098 0.101 0.009 0.052 1    
380:  0.033 0.017 0.029 0.188 0.513 0.017 0.064 0.007 0.132 1    
381:  0.059 0.047 0.022 0.373 0.199 0.019 0.103 0.011 0.167 1    
382:  0.019 0.018 0.018 0.326 0.215 0.055 0.124 0.006 0.218 1    
383:  0.026 0.013 0.051 0.547 0.082 0.015 0.230 0.008 0.026 1    
384:  0.045 0.118 0.048 0.060 0.056 0.011 0.535 0.010 0.117 1    
385:  0.008 0.035 0.020 0.238 0.324 0.020 0.091 0.006 0.259 1    
386:  0.024 0.012 0.113 0.412 0.083 0.075 0.237 0.006 0.039 1    
387:  0.009 0.005 0.007 0.007 0.014 0.007 0.007 0.938 0.006 1    
388:  0.004 0.004 0.008 0.007 0.008 0.009 0.012 0.944 0.005 1    
389:  0.006 0.005 0.004 0.005 0.005 0.005 0.009 0.955 0.006 1    
390:  0.004 0.003 0.009 0.006 0.014 0.009 0.014 0.936 0.005 1    
391:  0.008 0.007 0.007 0.013 0.016 0.008 0.008 0.926 0.008 1    
392:  0.008 0.007 0.007 0.013 0.016 0.008 0.010 0.924 0.007 1    
393:  0.008 0.007 0.007 0.008 0.009 0.006 0.007 0.940 0.009 1    
394:  0.023 0.018 0.023 0.036 0.010 0.795 0.020 0.005 0.070 1    
395:  0.012 0.006 0.014 0.026 0.015 0.893 0.011 0.005 0.017 1    
396:  0.023 0.032 0.015 0.078 0.009 0.042 0.048 0.713 0.040 1    
397:  0.011 0.017 0.036 0.030 0.018 0.790 0.037 0.006 0.053 1    
398:  0.024 0.017 0.048 0.311 0.042 0.154 0.036 0.009 0.359 1    
399:  0.017 0.012 0.014 0.016 0.011 0.842 0.024 0.008 0.055 1    
400:  0.026 0.031 0.027 0.019 0.007 0.635 0.019 0.008 0.229 1    
401:  0.013 0.038 0.020 0.023 0.011 0.501 0.014 0.004 0.376 1    
402:  0.007 0.008 0.012 0.023 0.016 0.864 0.020 0.007 0.043 1    
403:  0.018 0.006 0.012 0.022 0.020 0.099 0.019 0.012 0.792 1    
404:  0.038 0.017 0.152 0.031 0.032 0.330 0.264 0.062 0.073 1    
405:  0.032 0.007 0.010 0.048 0.048 0.773 0.025 0.049 0.008 1    
406:  0.038 0.010 0.421 0.030 0.016 0.377 0.062 0.029 0.018 1    
407:  0.023 0.006 0.006 0.013 0.010 0.788 0.017 0.126 0.011 1    
408:  0.009 0.007 0.041 0.018 0.041 0.626 0.024 0.205 0.028 1    
409:  0.012 0.012 0.038 0.163 0.013 0.272 0.307 0.155 0.028 1    
410:  0.016 0.039 0.012 0.009 0.732 0.009 0.009 0.006 0.169 1    
411:  0.007 0.099 0.027 0.008 0.535 0.007 0.029 0.005 0.282 1    
412:  0.009 0.025 0.012 0.009 0.697 0.006 0.012 0.006 0.225 1    
413:  0.010 0.149 0.029 0.010 0.527 0.012 0.041 0.009 0.212 1    
414:  0.005 0.014 0.019 0.007 0.598 0.007 0.059 0.028 0.263 1    
415:  0.026 0.017 0.011 0.009 0.740 0.007 0.008 0.006 0.176 1    
416:  0.022 0.233 0.236 0.251 0.072 0.059 0.028 0.034 0.065 1    
417:  0.312 0.193 0.075 0.076 0.142 0.039 0.071 0.036 0.056 1    
418:  0.930 0.012 0.007 0.007 0.009 0.016 0.007 0.008 0.005 1    
419:  0.953 0.009 0.005 0.005 0.006 0.005 0.005 0.006 0.006 1    
420:  0.944 0.008 0.008 0.009 0.005 0.005 0.006 0.006 0.008 1    
421:  0.931 0.011 0.007 0.007 0.009 0.014 0.009 0.008 0.004 1    
422:  0.931 0.007 0.010 0.005 0.010 0.008 0.009 0.010 0.010 1    
423:  0.721 0.119 0.045 0.015 0.018 0.020 0.016 0.009 0.036 1    
424:  0.086 0.509 0.155 0.028 0.032 0.014 0.022 0.008 0.147 1    
425:  0.941 0.009 0.005 0.006 0.008 0.007 0.006 0.011 0.007 1    
426:  0.931 0.006 0.016 0.008 0.006 0.008 0.005 0.010 0.010 1    
427:  0.518 0.047 0.047 0.015 0.050 0.025 0.021 0.014 0.263 1    
428:  0.892 0.029 0.013 0.005 0.011 0.008 0.014 0.008 0.019 1    
429:  0.323 0.272 0.036 0.016 0.061 0.051 0.027 0.010 0.204 1    
430:  0.890 0.025 0.019 0.013 0.013 0.021 0.008 0.007 0.005 1    
431:  0.892 0.011 0.008 0.008 0.015 0.013 0.008 0.033 0.012 1    
432:  0.698 0.021 0.020 0.020 0.044 0.056 0.011 0.014 0.117 1    
433:  0.915 0.009 0.010 0.012 0.016 0.008 0.013 0.008 0.009 1    
434:  0.913 0.009 0.013 0.005 0.012 0.012 0.009 0.018 0.008 1    
435:  0.860 0.023 0.011 0.007 0.016 0.011 0.007 0.009 0.055 1    
436:  0.072 0.170 0.096 0.031 0.092 0.052 0.068 0.014 0.405 1    
437:  0.860 0.053 0.014 0.006 0.008 0.023 0.012 0.012 0.012 1    
438:  0.759 0.094 0.015 0.015 0.032 0.015 0.011 0.014 0.045 1    
439:  0.011 0.117 0.131 0.009 0.008 0.024 0.678 0.010 0.013 1    
440:  0.016 0.171 0.025 0.008 0.014 0.054 0.662 0.005 0.045 1    
441:  0.006 0.086 0.073 0.015 0.007 0.020 0.754 0.015 0.024 1    
442:  0.006 0.078 0.044 0.009 0.010 0.017 0.805 0.019 0.012 1    
443:  0.016 0.097 0.023 0.009 0.020 0.027 0.770 0.013 0.022 1    
444:  0.006 0.167 0.012 0.016 0.010 0.018 0.719 0.016 0.036 1    
445:  0.013 0.038 0.042 0.005 0.008 0.016 0.851 0.014 0.014 1    
446:  0.006 0.065 0.011 0.327 0.036 0.219 0.286 0.008 0.043 1    
447:  0.234 0.520 0.014 0.095 0.020 0.012 0.031 0.062 0.012 1    
448:  0.035 0.075 0.011 0.362 0.017 0.015 0.435 0.012 0.036 1    
449:  0.043 0.016 0.030 0.264 0.114 0.058 0.059 0.022 0.394 1    
450:  0.008 0.659 0.032 0.166 0.011 0.062 0.027 0.019 0.016 1    
451:  0.026 0.146 0.026 0.155 0.010 0.068 0.534 0.006 0.029 1    
452:  0.037 0.397 0.014 0.053 0.019 0.129 0.321 0.006 0.024 1    
453:  0.016 0.058 0.011 0.040 0.014 0.031 0.761 0.007 0.061 1    
454:  0.016 0.097 0.014 0.368 0.014 0.078 0.369 0.007 0.037 1    
455:  0.053 0.026 0.022 0.529 0.029 0.036 0.042 0.013 0.250 1    
456:  0.010 0.414 0.006 0.122 0.011 0.090 0.331 0.006 0.012 1    
457:  0.167 0.081 0.021 0.054 0.011 0.035 0.364 0.030 0.238 1    
458:  0.009 0.029 0.008 0.546 0.012 0.102 0.275 0.011 0.008 1    
459:  0.032 0.036 0.061 0.061 0.020 0.372 0.354 0.020 0.044 1    
460:  0.018 0.216 0.009 0.102 0.016 0.123 0.485 0.018 0.013 1    
461:  0.012 0.019 0.032 0.094 0.009 0.581 0.220 0.009 0.025 1    
462:  0.120 0.195 0.008 0.102 0.011 0.007 0.364 0.038 0.153 1    
463:  0.059 0.795 0.007 0.042 0.008 0.008 0.044 0.005 0.033 1    
464:  0.053 0.513 0.053 0.014 0.287 0.016 0.027 0.012 0.024 1    
465:  0.009 0.816 0.012 0.013 0.028 0.008 0.054 0.007 0.053 1    
466:  0.010 0.106 0.014 0.007 0.019 0.007 0.024 0.005 0.808 1    
467:  0.015 0.272 0.013 0.012 0.019 0.006 0.044 0.010 0.608 1    
468:  0.016 0.789 0.030 0.008 0.082 0.011 0.012 0.040 0.012 1    
469:  0.006 0.893 0.011 0.007 0.011 0.005 0.013 0.009 0.045 1    
470:  0.015 0.820 0.088 0.013 0.008 0.009 0.028 0.006 0.013 1    
471:  0.014 0.713 0.018 0.012 0.174 0.007 0.024 0.009 0.029 1    
472:  0.013 0.849 0.028 0.016 0.022 0.012 0.039 0.005 0.016 1    
473:  0.073 0.529 0.033 0.010 0.066 0.016 0.026 0.004 0.243 1    
474:  0.147 0.628 0.012 0.005 0.121 0.016 0.031 0.004 0.035 1    
475:  0.024 0.584 0.010 0.009 0.188 0.007 0.020 0.005 0.152 1    
476:  0.265 0.563 0.047 0.008 0.036 0.033 0.028 0.009 0.010 1    
477:  0.029 0.887 0.007 0.011 0.029 0.010 0.010 0.005 0.011 1    
478:  0.022 0.855 0.013 0.008 0.023 0.007 0.008 0.052 0.012 1    
479:  0.005 0.945 0.006 0.006 0.007 0.008 0.009 0.006 0.007 1    
480:  0.043 0.837 0.032 0.008 0.019 0.006 0.013 0.032 0.010 1    
481:  0.015 0.897 0.012 0.013 0.010 0.017 0.012 0.013 0.010 1    
482:  0.008 0.885 0.011 0.016 0.019 0.012 0.023 0.006 0.020 1    
483:  0.005 0.952 0.007 0.007 0.004 0.008 0.007 0.003 0.007 1    
484:  0.017 0.868 0.027 0.011 0.020 0.006 0.013 0.009 0.029 1    
485:  0.042 0.829 0.019 0.014 0.031 0.007 0.016 0.015 0.028 1    
486:  0.061 0.776 0.016 0.006 0.054 0.007 0.011 0.037 0.033 1    
487:  0.029 0.884 0.017 0.011 0.020 0.006 0.010 0.012 0.012 1    
488:  0.058 0.043 0.139 0.252 0.049 0.043 0.206 0.009 0.202 1    
489:  0.079 0.152 0.051 0.176 0.207 0.060 0.039 0.015 0.222 1    
490:  0.180 0.215 0.058 0.036 0.018 0.153 0.315 0.007 0.018 1    
491:  0.097 0.403 0.022 0.025 0.029 0.136 0.265 0.006 0.018 1    
492:  0.248 0.022 0.077 0.060 0.016 0.014 0.513 0.007 0.043 1    
493:  0.051 0.335 0.054 0.055 0.018 0.028 0.306 0.017 0.136 1    
494:  0.128 0.018 0.024 0.041 0.025 0.017 0.684 0.028 0.034 1    
495:  0.101 0.012 0.029 0.041 0.022 0.021 0.725 0.019 0.031 1    
496:  0.018 0.115 0.065 0.023 0.025 0.100 0.639 0.005 0.010 1    
497:  0.218 0.024 0.066 0.188 0.039 0.044 0.399 0.006 0.015 1    
498:  0.010 0.006 0.006 0.021 0.011 0.007 0.010 0.005 0.924 1    
499:  0.828 0.010 0.022 0.018 0.023 0.012 0.015 0.016 0.057 1    
500:  0.789 0.025 0.030 0.029 0.023 0.035 0.029 0.021 0.019 1    
501:  0.056 0.530 0.009 0.075 0.018 0.222 0.038 0.006 0.045 1    
502:  0.683 0.046 0.011 0.045 0.029 0.019 0.024 0.009 0.135 1    
503:  0.057 0.255 0.016 0.209 0.035 0.160 0.039 0.006 0.223 1    
504:  0.892 0.017 0.009 0.015 0.011 0.014 0.010 0.012 0.020 1    
505:  0.009 0.007 0.008 0.028 0.012 0.011 0.008 0.005 0.912 1    
506:  0.009 0.021 0.022 0.013 0.101 0.039 0.016 0.008 0.772 1    
507:  0.005 0.027 0.014 0.014 0.034 0.017 0.018 0.012 0.859 1    
508:  0.011 0.010 0.016 0.031 0.019 0.011 0.010 0.018 0.876 1    
509:  0.021 0.061 0.319 0.011 0.007 0.148 0.030 0.010 0.392 1    
510:  0.020 0.051 0.021 0.011 0.008 0.013 0.017 0.011 0.848 1    
511:  0.010 0.009 0.009 0.027 0.008 0.007 0.009 0.005 0.915 1    
512:  0.011 0.011 0.011 0.010 0.010 0.006 0.012 0.022 0.907 1    
513:  0.010 0.890 0.010 0.005 0.014 0.012 0.008 0.010 0.041 1    
514:  0.013 0.810 0.024 0.016 0.013 0.032 0.012 0.008 0.072 1    
515:  0.033 0.737 0.034 0.009 0.047 0.033 0.007 0.039 0.060 1    
516:  0.007 0.934 0.007 0.009 0.007 0.006 0.009 0.008 0.012 1    
517:  0.010 0.848 0.009 0.015 0.016 0.010 0.009 0.006 0.077 1    
518:  0.011 0.091 0.036 0.024 0.083 0.208 0.143 0.010 0.395 1    
519:  0.009 0.021 0.011 0.041 0.020 0.009 0.009 0.009 0.871 1    
520:  0.013 0.156 0.047 0.027 0.083 0.207 0.114 0.010 0.343 1    
521:  0.065 0.056 0.024 0.115 0.053 0.066 0.114 0.382 0.125 1    
522:  0.021 0.018 0.017 0.643 0.025 0.033 0.087 0.102 0.054 1    
523:  0.287 0.239 0.072 0.025 0.054 0.024 0.084 0.087 0.129 1    
524:  0.038 0.012 0.014 0.547 0.022 0.041 0.254 0.056 0.017 1    
525:  0.039 0.138 0.027 0.006 0.745 0.018 0.010 0.010 0.007 1    
526:  0.012 0.122 0.031 0.007 0.025 0.029 0.666 0.071 0.036 1    
527:  0.396 0.033 0.011 0.021 0.481 0.020 0.015 0.011 0.012 1    
528:  0.008 0.892 0.007 0.010 0.032 0.007 0.032 0.005 0.007 1    
529:  0.013 0.041 0.018 0.009 0.552 0.013 0.099 0.195 0.059 1    
530:  0.057 0.038 0.069 0.007 0.494 0.032 0.030 0.021 0.252 1    
531:  0.025 0.008 0.015 0.016 0.842 0.021 0.014 0.025 0.033 1    
532:  0.015 0.541 0.020 0.012 0.164 0.006 0.191 0.021 0.029 1    
533:  0.022 0.025 0.013 0.012 0.276 0.007 0.036 0.591 0.018 1    
534:  0.011 0.619 0.008 0.011 0.219 0.008 0.057 0.048 0.019 1    
535:  0.116 0.007 0.017 0.010 0.767 0.027 0.007 0.037 0.011 1    
536:  0.037 0.805 0.020 0.007 0.080 0.012 0.011 0.006 0.022 1    
537:  0.071 0.014 0.017 0.017 0.630 0.033 0.068 0.117 0.032 1    
538:  0.005 0.880 0.008 0.006 0.020 0.006 0.029 0.030 0.016 1    
539:  0.026 0.065 0.006 0.008 0.785 0.010 0.025 0.064 0.011 1    
540:  0.028 0.026 0.010 0.015 0.521 0.034 0.015 0.340 0.010 1    
541:  0.010 0.835 0.010 0.007 0.008 0.009 0.095 0.010 0.016 1    
542:  0.007 0.819 0.007 0.007 0.005 0.006 0.125 0.013 0.010 1    
543:  0.007 0.927 0.007 0.010 0.007 0.009 0.015 0.010 0.008 1    
544:  0.008 0.932 0.005 0.008 0.010 0.004 0.013 0.012 0.007 1    
545:  0.011 0.909 0.008 0.009 0.008 0.006 0.013 0.008 0.028 1    
546:  0.009 0.929 0.007 0.009 0.007 0.007 0.009 0.007 0.016 1    
547:  0.030 0.472 0.042 0.007 0.018 0.023 0.331 0.012 0.064 1    
548:  0.050 0.018 0.021 0.017 0.819 0.006 0.011 0.011 0.046 1    
549:  0.036 0.014 0.025 0.008 0.782 0.008 0.017 0.005 0.106 1    
550:  0.035 0.056 0.008 0.034 0.758 0.011 0.019 0.046 0.031 1    
551:  0.063 0.013 0.071 0.008 0.679 0.011 0.029 0.006 0.120 1    
552:  0.014 0.010 0.012 0.014 0.890 0.007 0.015 0.026 0.013 1    
553:  0.045 0.037 0.055 0.008 0.715 0.017 0.012 0.006 0.105 1    
554:  0.187 0.007 0.015 0.021 0.720 0.014 0.018 0.008 0.010 1    
555:  0.037 0.062 0.014 0.009 0.802 0.016 0.024 0.005 0.032 1    
556:  0.014 0.015 0.014 0.008 0.887 0.006 0.009 0.030 0.017 1    
557:  0.071 0.138 0.064 0.011 0.591 0.014 0.047 0.035 0.029 1    
558:  0.022 0.012 0.010 0.015 0.877 0.007 0.012 0.039 0.007 1    
559:  0.021 0.080 0.012 0.005 0.828 0.017 0.020 0.008 0.009 1    
560:  0.018 0.015 0.013 0.009 0.880 0.009 0.011 0.007 0.038 1    
561:  0.014 0.126 0.009 0.005 0.763 0.014 0.024 0.028 0.017 1    
562:  0.060 0.021 0.009 0.011 0.857 0.008 0.009 0.010 0.014 1    
563:  0.019 0.054 0.018 0.005 0.846 0.006 0.013 0.028 0.011 1    
564:  0.021 0.033 0.011 0.037 0.786 0.022 0.021 0.034 0.034 1    
565:  0.011 0.289 0.014 0.029 0.009 0.028 0.570 0.008 0.042 1    
566:  0.044 0.166 0.025 0.167 0.026 0.167 0.363 0.010 0.033 1    
567:  0.212 0.115 0.021 0.018 0.012 0.162 0.419 0.010 0.032 1    
568:  0.112 0.146 0.010 0.155 0.013 0.146 0.379 0.012 0.026 1    
569:  0.010 0.160 0.024 0.099 0.013 0.033 0.593 0.005 0.064 1    
570:  0.153 0.105 0.017 0.187 0.016 0.089 0.379 0.007 0.047 1    
571:  0.029 0.449 0.033 0.156 0.011 0.014 0.245 0.032 0.032 1    
572:  0.084 0.212 0.018 0.133 0.034 0.014 0.372 0.027 0.106 1    
573:  0.007 0.005 0.009 0.012 0.900 0.010 0.015 0.020 0.022 1    
574:  0.006 0.009 0.005 0.005 0.941 0.005 0.008 0.007 0.015 1    
575:  0.007 0.010 0.010 0.010 0.916 0.007 0.010 0.011 0.019 1    
576:  0.007 0.005 0.007 0.008 0.933 0.004 0.007 0.008 0.022 1    
577:  0.008 0.005 0.011 0.006 0.911 0.009 0.018 0.015 0.016 1    
578:  0.008 0.005 0.008 0.008 0.917 0.005 0.010 0.015 0.024 1    
579:  0.009 0.004 0.009 0.008 0.920 0.005 0.008 0.014 0.023 1    
580:  0.012 0.009 0.013 0.011 0.899 0.012 0.011 0.012 0.022 1    
581:  0.013 0.012 0.020 0.012 0.824 0.015 0.017 0.019 0.069 1    
582:  0.009 0.013 0.015 0.009 0.674 0.009 0.010 0.041 0.220 1    
583:  0.045 0.012 0.114 0.022 0.630 0.095 0.028 0.019 0.035 1    
584:  0.011 0.021 0.014 0.021 0.765 0.006 0.007 0.012 0.143 1    
585:  0.516 0.013 0.016 0.009 0.404 0.007 0.008 0.010 0.017 1    
586:  0.078 0.031 0.082 0.015 0.182 0.422 0.017 0.038 0.134 1    
587:  0.050 0.024 0.102 0.027 0.290 0.028 0.022 0.024 0.434 1    
588:  0.150 0.030 0.022 0.009 0.652 0.007 0.009 0.009 0.112 1    
589:  0.030 0.017 0.011 0.027 0.839 0.017 0.030 0.009 0.020 1    
590:  0.007 0.027 0.007 0.006 0.895 0.010 0.016 0.006 0.024 1    
591:  0.010 0.008 0.014 0.012 0.159 0.008 0.007 0.013 0.769 1    
592:  0.049 0.034 0.056 0.016 0.682 0.038 0.009 0.013 0.102 1    
593:  0.022 0.072 0.016 0.013 0.765 0.013 0.022 0.027 0.050 1    
594:  0.044 0.022 0.018 0.048 0.732 0.023 0.017 0.009 0.087 1    
595:  0.011 0.009 0.013 0.083 0.694 0.017 0.022 0.037 0.113 1    
596:  0.007 0.034 0.009 0.010 0.886 0.006 0.013 0.015 0.019 1    
597:  0.132 0.010 0.024 0.016 0.085 0.008 0.010 0.012 0.703 1    
598:  0.011 0.014 0.031 0.026 0.553 0.045 0.034 0.026 0.261 1    
599:  0.034 0.026 0.013 0.005 0.867 0.011 0.011 0.006 0.026 1    
600:  0.025 0.009 0.037 0.018 0.037 0.009 0.008 0.007 0.848 1    
601:  0.042 0.022 0.017 0.013 0.363 0.007 0.017 0.015 0.504 1    
602:  0.013 0.146 0.012 0.109 0.024 0.006 0.015 0.040 0.636 1    
603:  0.130 0.063 0.044 0.024 0.201 0.017 0.035 0.017 0.469 1    
604:  0.014 0.026 0.016 0.011 0.106 0.010 0.014 0.015 0.788 1    
605:  0.078 0.302 0.012 0.033 0.094 0.020 0.201 0.181 0.078 1    
606:  0.007 0.047 0.008 0.009 0.100 0.008 0.018 0.030 0.773 1    
