1:    0.951 0.014 0.009 0.018 0.008 1    
2:    0.926 0.014 0.044 0.007 0.009 1    
3:    0.964 0.010 0.011 0.010 0.005 1    
4:    0.940 0.019 0.020 0.006 0.015 1    
5:    0.846 0.066 0.053 0.017 0.018 1    
6:    0.871 0.028 0.073 0.011 0.017 1    
7:    0.953 0.016 0.013 0.009 0.009 1    
8:    0.969 0.008 0.012 0.007 0.004 1    
9:    0.032 0.908 0.017 0.038 0.006 1    
10:   0.007 0.968 0.004 0.012 0.008 1    
11:   0.011 0.960 0.006 0.017 0.006 1    
12:   0.029 0.854 0.012 0.074 0.031 1    
13:   0.021 0.855 0.012 0.096 0.015 1    
14:   0.011 0.923 0.006 0.046 0.013 1    
15:   0.018 0.928 0.020 0.021 0.013 1    
16:   0.010 0.961 0.003 0.020 0.006 1    
17:   0.025 0.952 0.007 0.012 0.005 1    
18:   0.006 0.006 0.005 0.008 0.975 1    
19:   0.007 0.006 0.004 0.010 0.973 1    
20:   0.005 0.004 0.005 0.005 0.981 1    
21:   0.006 0.004 0.005 0.008 0.976 1    
22:   0.005 0.004 0.004 0.006 0.981 1    
23:   0.007 0.004 0.007 0.008 0.974 1    
24:   0.005 0.004 0.007 0.010 0.974 1    
25:   0.004 0.004 0.005 0.982 0.005 1    
26:   0.009 0.004 0.006 0.968 0.014 1    
27:   0.086 0.020 0.012 0.758 0.124 1    
28:   0.036 0.004 0.009 0.946 0.005 1    
29:   0.203 0.005 0.013 0.721 0.058 1    
30:   0.016 0.004 0.004 0.966 0.010 1    
31:   0.234 0.011 0.022 0.705 0.028 1    
32:   0.005 0.985 0.003 0.003 0.004 1    
33:   0.006 0.973 0.006 0.008 0.007 1    
34:   0.007 0.971 0.006 0.007 0.010 1    
35:   0.005 0.980 0.004 0.003 0.007 1    
36:   0.006 0.975 0.006 0.008 0.005 1    
37:   0.013 0.961 0.006 0.009 0.010 1    
38:   0.004 0.981 0.004 0.005 0.007 1    
39:   0.022 0.100 0.023 0.009 0.845 1    
40:   0.020 0.039 0.019 0.006 0.916 1    
41:   0.024 0.023 0.008 0.006 0.939 1    
42:   0.007 0.016 0.009 0.005 0.963 1    
43:   0.009 0.137 0.015 0.008 0.832 1    
44:   0.013 0.018 0.008 0.004 0.956 1    
45:   0.018 0.071 0.013 0.006 0.892 1    
46:   0.021 0.028 0.021 0.004 0.927 1    
47:   0.007 0.009 0.012 0.964 0.008 1    
48:   0.008 0.004 0.011 0.970 0.007 1    
49:   0.008 0.008 0.011 0.966 0.008 1    
50:   0.006 0.010 0.013 0.962 0.008 1    
51:   0.007 0.010 0.014 0.960 0.009 1    
52:   0.033 0.027 0.724 0.010 0.206 1    
53:   0.125 0.117 0.440 0.015 0.305 1    
54:   0.073 0.268 0.323 0.066 0.271 1    
55:   0.006 0.856 0.055 0.015 0.068 1    
56:   0.005 0.857 0.060 0.014 0.063 1    
57:   0.129 0.174 0.538 0.017 0.142 1    
58:   0.021 0.203 0.044 0.033 0.698 1    
59:   0.144 0.506 0.017 0.037 0.296 1    
60:   0.009 0.023 0.010 0.937 0.021 1    
61:   0.017 0.046 0.024 0.880 0.034 1    
62:   0.011 0.017 0.011 0.953 0.008 1    
63:   0.013 0.019 0.008 0.943 0.017 1    
64:   0.016 0.056 0.015 0.867 0.047 1    
65:   0.024 0.046 0.031 0.787 0.112 1    
66:   0.009 0.012 0.006 0.007 0.967 1    
67:   0.009 0.014 0.007 0.013 0.957 1    
68:   0.014 0.029 0.011 0.040 0.906 1    
69:   0.011 0.051 0.011 0.074 0.852 1    
70:   0.007 0.012 0.009 0.108 0.863 1    
71:   0.012 0.012 0.006 0.013 0.957 1    
72:   0.007 0.010 0.004 0.012 0.967 1    
73:   0.010 0.024 0.008 0.020 0.938 1    
74:   0.009 0.067 0.010 0.012 0.901 1    
75:   0.018 0.411 0.015 0.009 0.546 1    
76:   0.108 0.414 0.042 0.017 0.420 1    
77:   0.105 0.339 0.113 0.192 0.250 1    
78:   0.010 0.157 0.016 0.009 0.807 1    
79:   0.103 0.531 0.014 0.187 0.165 1    
80:   0.012 0.395 0.015 0.062 0.516 1    
81:   0.018 0.066 0.271 0.044 0.600 1    
82:   0.058 0.045 0.019 0.058 0.820 1    
83:   0.029 0.048 0.054 0.109 0.761 1    
84:   0.128 0.006 0.079 0.066 0.721 1    
85:   0.103 0.029 0.066 0.028 0.773 1    
86:   0.027 0.063 0.044 0.292 0.575 1    
87:   0.975 0.007 0.004 0.007 0.007 1    
88:   0.951 0.016 0.010 0.017 0.006 1    
89:   0.917 0.042 0.012 0.009 0.020 1    
90:   0.767 0.009 0.128 0.045 0.051 1    
91:   0.037 0.936 0.010 0.009 0.008 1    
92:   0.023 0.944 0.010 0.012 0.011 1    
93:   0.008 0.961 0.004 0.015 0.012 1    
94:   0.034 0.915 0.014 0.023 0.014 1    
95:   0.017 0.927 0.010 0.014 0.031 1    
96:   0.011 0.877 0.006 0.035 0.071 1    
97:   0.727 0.036 0.034 0.169 0.034 1    
98:   0.720 0.022 0.106 0.042 0.110 1    
99:   0.779 0.016 0.072 0.095 0.038 1    
100:  0.460 0.294 0.064 0.130 0.052 1    
101:  0.961 0.007 0.013 0.014 0.006 1    
102:  0.926 0.021 0.014 0.027 0.013 1    
103:  0.944 0.012 0.009 0.025 0.010 1    
104:  0.006 0.026 0.008 0.008 0.953 1    
105:  0.007 0.015 0.007 0.006 0.965 1    
106:  0.019 0.007 0.012 0.095 0.867 1    
107:  0.004 0.005 0.008 0.014 0.968 1    
108:  0.009 0.006 0.019 0.038 0.928 1    
109:  0.010 0.013 0.080 0.049 0.847 1    
110:  0.008 0.011 0.011 0.006 0.964 1    
111:  0.010 0.008 0.031 0.019 0.932 1    
112:  0.005 0.012 0.012 0.009 0.961 1    
113:  0.011 0.007 0.023 0.033 0.927 1    
114:  0.009 0.007 0.011 0.019 0.955 1    
115:  0.007 0.009 0.011 0.009 0.964 1    
116:  0.005 0.004 0.007 0.011 0.973 1    
117:  0.010 0.037 0.026 0.008 0.919 1    
118:  0.006 0.004 0.007 0.016 0.967 1    
119:  0.007 0.005 0.006 0.029 0.953 1    
120:  0.006 0.003 0.007 0.006 0.978 1    
121:  0.014 0.010 0.073 0.038 0.865 1    
122:  0.005 0.005 0.023 0.007 0.960 1    
123:  0.005 0.009 0.006 0.005 0.974 1    
124:  0.006 0.003 0.007 0.006 0.977 1    
125:  0.010 0.005 0.025 0.015 0.945 1    
126:  0.005 0.011 0.011 0.007 0.967 1    
127:  0.005 0.004 0.013 0.005 0.973 1    
128:  0.005 0.004 0.007 0.008 0.976 1    
129:  0.011 0.161 0.006 0.807 0.015 1    
130:  0.282 0.102 0.034 0.327 0.256 1    
131:  0.035 0.013 0.009 0.936 0.007 1    
132:  0.015 0.080 0.010 0.885 0.010 1    
133:  0.016 0.013 0.009 0.954 0.009 1    
134:  0.016 0.087 0.009 0.879 0.009 1    
135:  0.049 0.023 0.051 0.683 0.194 1    
136:  0.976 0.003 0.006 0.011 0.004 1    
137:  0.944 0.004 0.008 0.024 0.019 1    
138:  0.970 0.007 0.005 0.008 0.010 1    
139:  0.960 0.009 0.010 0.012 0.009 1    
140:  0.951 0.004 0.008 0.026 0.012 1    
141:  0.848 0.013 0.013 0.017 0.108 1    
142:  0.963 0.003 0.008 0.018 0.009 1    
143:  0.939 0.004 0.005 0.045 0.006 1    
144:  0.905 0.004 0.005 0.078 0.008 1    
145:  0.949 0.005 0.006 0.034 0.007 1    
146:  0.809 0.009 0.017 0.101 0.065 1    
147:  0.005 0.007 0.969 0.010 0.008 1    
148:  0.013 0.005 0.964 0.009 0.009 1    
149:  0.013 0.005 0.968 0.005 0.009 1    
150:  0.006 0.004 0.968 0.014 0.009 1    
151:  0.005 0.005 0.962 0.017 0.011 1    
152:  0.007 0.017 0.947 0.005 0.024 1    
153:  0.005 0.005 0.974 0.011 0.005 1    
154:  0.005 0.004 0.980 0.006 0.006 1    
155:  0.007 0.006 0.970 0.007 0.011 1    
156:  0.003 0.984 0.004 0.004 0.005 1    
157:  0.007 0.945 0.030 0.005 0.013 1    
158:  0.004 0.965 0.011 0.003 0.017 1    
159:  0.005 0.983 0.005 0.004 0.004 1    
160:  0.003 0.985 0.005 0.003 0.004 1    
161:  0.003 0.983 0.004 0.004 0.006 1    
162:  0.004 0.982 0.005 0.004 0.005 1    
163:  0.004 0.958 0.025 0.005 0.007 1    
164:  0.005 0.985 0.004 0.003 0.003 1    
165:  0.006 0.957 0.006 0.009 0.022 1    
166:  0.009 0.972 0.005 0.005 0.009 1    
167:  0.007 0.917 0.045 0.017 0.013 1    
168:  0.008 0.974 0.006 0.005 0.007 1    
169:  0.005 0.973 0.007 0.007 0.007 1    
170:  0.009 0.965 0.007 0.006 0.013 1    
171:  0.010 0.947 0.007 0.025 0.011 1    
172:  0.005 0.954 0.008 0.017 0.017 1    
173:  0.007 0.967 0.013 0.004 0.008 1    
174:  0.030 0.900 0.047 0.007 0.017 1    
175:  0.024 0.939 0.024 0.004 0.008 1    
176:  0.006 0.966 0.018 0.004 0.006 1    
177:  0.004 0.973 0.017 0.004 0.003 1    
178:  0.015 0.944 0.027 0.006 0.008 1    
179:  0.013 0.005 0.006 0.972 0.005 1    
180:  0.007 0.005 0.009 0.974 0.005 1    
181:  0.004 0.004 0.007 0.981 0.004 1    
182:  0.005 0.005 0.005 0.980 0.005 1    
183:  0.012 0.005 0.004 0.973 0.005 1    
184:  0.006 0.004 0.005 0.979 0.006 1    
185:  0.005 0.004 0.007 0.981 0.004 1    
186:  0.006 0.003 0.006 0.981 0.004 1    
187:  0.008 0.017 0.006 0.957 0.012 1    
188:  0.967 0.005 0.006 0.015 0.006 1    
189:  0.952 0.012 0.013 0.010 0.014 1    
190:  0.935 0.007 0.019 0.027 0.011 1    
191:  0.958 0.009 0.011 0.014 0.009 1    
192:  0.952 0.010 0.014 0.015 0.009 1    
193:  0.942 0.015 0.019 0.011 0.013 1    
194:  0.941 0.010 0.031 0.008 0.010 1    
195:  0.956 0.005 0.012 0.013 0.014 1    
196:  0.971 0.008 0.007 0.006 0.007 1    
197:  0.657 0.315 0.015 0.006 0.007 1    
198:  0.056 0.030 0.897 0.012 0.005 1    
199:  0.014 0.019 0.929 0.031 0.007 1    
200:  0.121 0.018 0.845 0.004 0.012 1    
201:  0.129 0.018 0.837 0.010 0.007 1    
202:  0.010 0.425 0.553 0.006 0.006 1    
203:  0.015 0.151 0.819 0.010 0.006 1    
204:  0.012 0.022 0.948 0.011 0.007 1    
205:  0.943 0.025 0.017 0.006 0.009 1    
206:  0.950 0.010 0.013 0.015 0.011 1    
207:  0.963 0.016 0.009 0.004 0.008 1    
208:  0.965 0.008 0.012 0.008 0.007 1    
209:  0.949 0.021 0.015 0.007 0.007 1    
210:  0.954 0.010 0.013 0.015 0.009 1    
211:  0.956 0.005 0.013 0.020 0.006 1    
212:  0.919 0.054 0.012 0.008 0.007 1    
213:  0.960 0.007 0.005 0.016 0.012 1    
214:  0.030 0.012 0.884 0.022 0.052 1    
215:  0.015 0.014 0.945 0.006 0.020 1    
216:  0.054 0.014 0.806 0.018 0.109 1    
217:  0.007 0.011 0.956 0.015 0.012 1    
218:  0.015 0.016 0.923 0.024 0.021 1    
219:  0.019 0.009 0.894 0.029 0.049 1    
220:  0.007 0.005 0.961 0.015 0.012 1    
221:  0.068 0.006 0.875 0.026 0.026 1    
222:  0.010 0.022 0.916 0.022 0.030 1    
223:  0.951 0.016 0.012 0.012 0.009 1    
224:  0.931 0.037 0.011 0.008 0.013 1    
225:  0.973 0.004 0.007 0.006 0.010 1    
226:  0.929 0.014 0.018 0.017 0.021 1    
227:  0.958 0.009 0.009 0.010 0.015 1    
228:  0.972 0.007 0.011 0.004 0.006 1    
229:  0.967 0.006 0.014 0.004 0.009 1    
230:  0.917 0.024 0.008 0.037 0.014 1    
231:  0.944 0.028 0.010 0.010 0.008 1    
232:  0.698 0.201 0.029 0.005 0.068 1    
233:  0.439 0.051 0.011 0.019 0.481 1    
234:  0.363 0.053 0.253 0.233 0.098 1    
235:  0.583 0.062 0.070 0.037 0.247 1    
236:  0.440 0.081 0.013 0.071 0.396 1    
                    
                    
1:    0.011 0.008 0.960 0.012 0.010 1    
2:    0.016 0.032 0.936 0.006 0.009 1    
3:    0.005 0.006 0.978 0.007 0.004 1    
4:    0.018 0.016 0.941 0.019 0.006 1    
5:    0.116 0.039 0.792 0.034 0.018 1    
6:    0.015 0.011 0.941 0.025 0.008 1    
7:    0.010 0.007 0.970 0.007 0.006 1    
8:    0.007 0.018 0.965 0.005 0.006 1    
9:    0.873 0.037 0.050 0.005 0.035 1    
10:   0.963 0.008 0.010 0.006 0.013 1    
11:   0.954 0.006 0.014 0.005 0.021 1    
12:   0.885 0.024 0.016 0.010 0.065 1    
13:   0.902 0.013 0.025 0.014 0.046 1    
14:   0.889 0.007 0.012 0.007 0.085 1    
15:   0.896 0.011 0.060 0.005 0.027 1    
16:   0.941 0.007 0.013 0.005 0.034 1    
17:   0.948 0.022 0.014 0.005 0.012 1    
18:   0.015 0.005 0.005 0.965 0.010 1    
19:   0.009 0.006 0.007 0.960 0.017 1    
20:   0.007 0.004 0.005 0.969 0.015 1    
21:   0.006 0.005 0.004 0.978 0.007 1    
22:   0.006 0.004 0.005 0.925 0.059 1    
23:   0.004 0.004 0.008 0.975 0.008 1    
24:   0.004 0.004 0.007 0.976 0.009 1    
25:   0.004 0.004 0.003 0.005 0.983 1    
26:   0.004 0.005 0.006 0.009 0.977 1    
27:   0.022 0.031 0.030 0.058 0.859 1    
28:   0.003 0.032 0.010 0.005 0.949 1    
29:   0.007 0.086 0.067 0.054 0.786 1    
30:   0.003 0.007 0.013 0.007 0.970 1    
31:   0.010 0.188 0.032 0.017 0.753 1    
32:   0.983 0.004 0.005 0.004 0.004 1    
33:   0.968 0.005 0.007 0.005 0.015 1    
34:   0.967 0.006 0.010 0.007 0.010 1    
35:   0.980 0.004 0.008 0.004 0.004 1    
36:   0.974 0.005 0.008 0.005 0.007 1    
37:   0.966 0.006 0.008 0.008 0.012 1    
38:   0.980 0.004 0.006 0.004 0.006 1    
39:   0.874 0.019 0.010 0.083 0.014 1    
40:   0.830 0.011 0.011 0.141 0.007 1    
41:   0.892 0.022 0.010 0.066 0.010 1    
42:   0.775 0.004 0.009 0.199 0.013 1    
43:   0.880 0.005 0.011 0.097 0.006 1    
44:   0.849 0.012 0.013 0.115 0.012 1    
45:   0.882 0.017 0.009 0.079 0.013 1    
46:   0.811 0.008 0.014 0.158 0.010 1    
47:   0.008 0.005 0.011 0.011 0.965 1    
48:   0.006 0.013 0.011 0.014 0.957 1    
49:   0.009 0.010 0.013 0.024 0.945 1    
50:   0.008 0.008 0.011 0.015 0.958 1    
51:   0.009 0.007 0.011 0.018 0.955 1    
52:   0.470 0.256 0.045 0.131 0.098 1    
53:   0.465 0.324 0.077 0.117 0.017 1    
54:   0.663 0.235 0.027 0.040 0.035 1    
55:   0.927 0.050 0.004 0.011 0.008 1    
56:   0.927 0.050 0.004 0.010 0.009 1    
57:   0.489 0.388 0.019 0.081 0.023 1    
58:   0.587 0.201 0.013 0.149 0.049 1    
59:   0.680 0.013 0.237 0.046 0.024 1    
60:   0.022 0.005 0.013 0.018 0.941 1    
61:   0.077 0.022 0.026 0.026 0.849 1    
62:   0.022 0.008 0.013 0.011 0.946 1    
63:   0.026 0.016 0.009 0.014 0.935 1    
64:   0.045 0.025 0.009 0.032 0.888 1    
65:   0.072 0.036 0.013 0.156 0.723 1    
66:   0.049 0.010 0.006 0.014 0.922 1    
67:   0.027 0.009 0.006 0.006 0.953 1    
68:   0.028 0.014 0.007 0.010 0.940 1    
69:   0.034 0.009 0.006 0.006 0.946 1    
70:   0.007 0.004 0.005 0.008 0.977 1    
71:   0.021 0.009 0.006 0.007 0.958 1    
72:   0.046 0.007 0.006 0.009 0.932 1    
73:   0.036 0.008 0.004 0.006 0.946 1    
74:   0.100 0.006 0.008 0.017 0.868 1    
75:   0.945 0.007 0.006 0.035 0.006 1    
76:   0.902 0.011 0.032 0.051 0.004 1    
77:   0.763 0.018 0.059 0.125 0.035 1    
78:   0.930 0.011 0.008 0.043 0.008 1    
79:   0.939 0.013 0.015 0.013 0.021 1    
80:   0.964 0.008 0.004 0.013 0.011 1    
81:   0.119 0.080 0.012 0.747 0.043 1    
82:   0.055 0.106 0.015 0.783 0.041 1    
83:   0.079 0.044 0.006 0.776 0.095 1    
84:   0.012 0.189 0.013 0.753 0.033 1    
85:   0.039 0.123 0.032 0.782 0.025 1    
86:   0.078 0.060 0.007 0.590 0.264 1    
87:   0.006 0.980 0.006 0.004 0.005 1    
88:   0.010 0.975 0.004 0.004 0.007 1    
89:   0.016 0.966 0.007 0.007 0.005 1    
90:   0.011 0.894 0.012 0.063 0.020 1    
91:   0.920 0.048 0.007 0.006 0.019 1    
92:   0.905 0.059 0.016 0.009 0.011 1    
93:   0.967 0.012 0.004 0.006 0.012 1    
94:   0.903 0.047 0.017 0.008 0.024 1    
95:   0.916 0.034 0.012 0.019 0.019 1    
96:   0.891 0.021 0.011 0.051 0.026 1    
97:   0.141 0.477 0.034 0.032 0.316 1    
98:   0.041 0.774 0.025 0.047 0.113 1    
99:   0.029 0.609 0.059 0.025 0.277 1    
100:  0.388 0.284 0.062 0.081 0.186 1    
101:  0.005 0.966 0.012 0.006 0.010 1    
102:  0.040 0.917 0.016 0.009 0.018 1    
103:  0.022 0.928 0.014 0.010 0.025 1    
104:  0.037 0.006 0.006 0.941 0.009 1    
105:  0.060 0.004 0.018 0.908 0.010 1    
106:  0.009 0.063 0.006 0.880 0.043 1    
107:  0.015 0.004 0.008 0.950 0.022 1    
108:  0.010 0.022 0.007 0.936 0.024 1    
109:  0.012 0.024 0.006 0.920 0.038 1    
110:  0.028 0.006 0.029 0.925 0.012 1    
111:  0.010 0.008 0.009 0.957 0.016 1    
112:  0.018 0.005 0.011 0.947 0.019 1    
113:  0.008 0.007 0.007 0.940 0.037 1    
114:  0.005 0.004 0.005 0.977 0.008 1    
115:  0.019 0.006 0.009 0.950 0.016 1    
116:  0.005 0.004 0.004 0.981 0.007 1    
117:  0.122 0.009 0.016 0.845 0.008 1    
118:  0.004 0.006 0.005 0.966 0.019 1    
119:  0.004 0.006 0.006 0.957 0.028 1    
120:  0.004 0.006 0.004 0.980 0.006 1    
121:  0.007 0.006 0.010 0.955 0.021 1    
122:  0.004 0.006 0.004 0.982 0.004 1    
123:  0.020 0.005 0.008 0.961 0.007 1    
124:  0.003 0.007 0.005 0.979 0.006 1    
125:  0.008 0.008 0.009 0.961 0.015 1    
126:  0.010 0.004 0.004 0.977 0.005 1    
127:  0.005 0.003 0.006 0.981 0.004 1    
128:  0.004 0.006 0.004 0.978 0.008 1    
129:  0.164 0.013 0.009 0.012 0.802 1    
130:  0.125 0.171 0.011 0.031 0.662 1    
131:  0.018 0.064 0.015 0.011 0.893 1    
132:  0.083 0.022 0.010 0.016 0.869 1    
133:  0.010 0.028 0.007 0.014 0.941 1    
134:  0.090 0.026 0.012 0.017 0.855 1    
135:  0.015 0.021 0.016 0.048 0.900 1    
136:  0.003 0.985 0.005 0.003 0.005 1    
137:  0.003 0.977 0.004 0.009 0.007 1    
138:  0.007 0.977 0.006 0.005 0.005 1    
139:  0.007 0.972 0.005 0.006 0.009 1    
140:  0.004 0.974 0.005 0.007 0.009 1    
141:  0.013 0.920 0.008 0.047 0.012 1    
142:  0.003 0.979 0.005 0.007 0.006 1    
143:  0.004 0.980 0.003 0.004 0.009 1    
144:  0.003 0.976 0.005 0.004 0.011 1    
145:  0.005 0.979 0.005 0.004 0.007 1    
146:  0.009 0.936 0.006 0.026 0.023 1    
147:  0.009 0.020 0.006 0.941 0.025 1    
148:  0.006 0.020 0.006 0.960 0.008 1    
149:  0.006 0.024 0.009 0.952 0.008 1    
150:  0.004 0.013 0.010 0.964 0.011 1    
151:  0.005 0.012 0.006 0.965 0.012 1    
152:  0.009 0.011 0.005 0.967 0.008 1    
153:  0.005 0.009 0.005 0.971 0.010 1    
154:  0.006 0.006 0.004 0.979 0.005 1    
155:  0.013 0.016 0.006 0.954 0.011 1    
156:  0.984 0.003 0.004 0.005 0.004 1    
157:  0.977 0.004 0.006 0.009 0.004 1    
158:  0.980 0.003 0.004 0.009 0.004 1    
159:  0.984 0.003 0.005 0.004 0.004 1    
160:  0.987 0.003 0.004 0.003 0.003 1    
161:  0.985 0.004 0.003 0.005 0.003 1    
162:  0.984 0.003 0.004 0.004 0.005 1    
163:  0.975 0.005 0.009 0.007 0.005 1    
164:  0.985 0.004 0.005 0.003 0.003 1    
165:  0.978 0.006 0.004 0.007 0.005 1    
166:  0.975 0.009 0.006 0.004 0.005 1    
167:  0.962 0.005 0.007 0.016 0.010 1    
168:  0.977 0.006 0.005 0.006 0.005 1    
169:  0.978 0.005 0.005 0.005 0.006 1    
170:  0.969 0.010 0.007 0.006 0.008 1    
171:  0.962 0.009 0.007 0.009 0.013 1    
172:  0.969 0.006 0.005 0.006 0.014 1    
173:  0.977 0.006 0.006 0.007 0.004 1    
174:  0.950 0.013 0.017 0.012 0.008 1    
175:  0.959 0.006 0.025 0.007 0.004 1    
176:  0.980 0.004 0.006 0.006 0.004 1    
177:  0.981 0.004 0.007 0.005 0.004 1    
178:  0.957 0.006 0.020 0.011 0.007 1    
179:  0.004 0.011 0.011 0.005 0.968 1    
180:  0.003 0.008 0.007 0.010 0.971 1    
181:  0.005 0.007 0.003 0.005 0.980 1    
182:  0.005 0.005 0.004 0.005 0.980 1    
183:  0.005 0.011 0.006 0.004 0.974 1    
184:  0.004 0.008 0.007 0.008 0.972 1    
185:  0.004 0.009 0.003 0.008 0.976 1    
186:  0.004 0.013 0.006 0.006 0.972 1    
187:  0.009 0.010 0.006 0.009 0.966 1    
188:  0.003 0.973 0.012 0.005 0.007 1    
189:  0.007 0.966 0.010 0.009 0.008 1    
190:  0.006 0.963 0.007 0.010 0.014 1    
191:  0.010 0.955 0.013 0.015 0.007 1    
192:  0.011 0.958 0.011 0.011 0.009 1    
193:  0.010 0.960 0.011 0.010 0.010 1    
194:  0.013 0.838 0.119 0.023 0.007 1    
195:  0.007 0.915 0.048 0.019 0.011 1    
196:  0.006 0.968 0.016 0.005 0.005 1    
197:  0.303 0.635 0.046 0.010 0.006 1    
198:  0.008 0.004 0.979 0.005 0.004 1    
199:  0.009 0.004 0.974 0.006 0.007 1    
200:  0.011 0.008 0.972 0.006 0.004 1    
201:  0.009 0.010 0.971 0.005 0.007 1    
202:  0.089 0.007 0.890 0.006 0.007 1    
203:  0.069 0.005 0.910 0.009 0.006 1    
204:  0.009 0.005 0.975 0.006 0.005 1    
205:  0.007 0.004 0.981 0.005 0.004 1    
206:  0.009 0.011 0.959 0.010 0.011 1    
207:  0.007 0.005 0.979 0.005 0.004 1    
208:  0.005 0.005 0.979 0.005 0.006 1    
209:  0.006 0.003 0.982 0.004 0.004 1    
210:  0.007 0.006 0.972 0.006 0.010 1    
211:  0.003 0.004 0.980 0.004 0.007 1    
212:  0.009 0.006 0.973 0.005 0.007 1    
213:  0.007 0.011 0.966 0.006 0.011 1    
214:  0.011 0.009 0.137 0.826 0.017 1    
215:  0.039 0.013 0.226 0.715 0.007 1    
216:  0.010 0.007 0.056 0.922 0.005 1    
217:  0.027 0.019 0.042 0.889 0.023 1    
218:  0.035 0.012 0.115 0.818 0.020 1    
219:  0.006 0.006 0.010 0.971 0.007 1    
220:  0.006 0.008 0.023 0.950 0.013 1    
221:  0.009 0.009 0.087 0.878 0.017 1    
222:  0.039 0.010 0.052 0.882 0.017 1    
223:  0.008 0.008 0.968 0.007 0.009 1    
224:  0.015 0.006 0.965 0.007 0.007 1    
225:  0.004 0.011 0.971 0.008 0.006 1    
226:  0.027 0.017 0.906 0.032 0.018 1    
227:  0.012 0.017 0.952 0.010 0.010 1    
228:  0.005 0.006 0.978 0.006 0.004 1    
229:  0.005 0.005 0.977 0.010 0.003 1    
230:  0.026 0.026 0.892 0.012 0.045 1    
231:  0.015 0.010 0.959 0.007 0.010 1    
232:  0.135 0.202 0.585 0.050 0.028 1    
233:  0.037 0.023 0.711 0.181 0.047 1    
234:  0.128 0.042 0.326 0.211 0.293 1    
235:  0.020 0.030 0.377 0.402 0.172 1    
236:  0.103 0.064 0.240 0.272 0.321 1    
                    
                    
1:    0.009 0.966 0.006 0.006 0.013 1    
2:    0.010 0.946 0.013 0.012 0.020 1    
3:    0.007 0.981 0.003 0.004 0.005 1    
4:    0.021 0.941 0.016 0.013 0.009 1    
5:    0.026 0.865 0.025 0.034 0.050 1    
6:    0.028 0.935 0.016 0.009 0.011 1    
7:    0.005 0.971 0.006 0.012 0.006 1    
8:    0.005 0.972 0.007 0.004 0.011 1    
9:    0.006 0.058 0.891 0.013 0.033 1    
10:   0.004 0.008 0.973 0.007 0.009 1    
11:   0.005 0.014 0.964 0.006 0.011 1    
12:   0.017 0.010 0.830 0.018 0.126 1    
13:   0.024 0.023 0.882 0.015 0.056 1    
14:   0.006 0.012 0.947 0.015 0.020 1    
15:   0.009 0.078 0.870 0.018 0.025 1    
16:   0.004 0.014 0.964 0.006 0.013 1    
17:   0.004 0.018 0.953 0.011 0.014 1    
18:   0.011 0.004 0.005 0.976 0.005 1    
19:   0.019 0.007 0.005 0.959 0.010 1    
20:   0.023 0.007 0.004 0.962 0.005 1    
21:   0.014 0.007 0.003 0.969 0.007 1    
22:   0.012 0.005 0.003 0.974 0.006 1    
23:   0.044 0.012 0.003 0.932 0.010 1    
24:   0.084 0.009 0.004 0.894 0.009 1    
25:   0.008 0.006 0.006 0.007 0.973 1    
26:   0.009 0.011 0.005 0.032 0.943 1    
27:   0.019 0.020 0.010 0.059 0.892 1    
28:   0.005 0.014 0.005 0.007 0.969 1    
29:   0.012 0.035 0.004 0.020 0.930 1    
30:   0.011 0.015 0.004 0.016 0.953 1    
31:   0.009 0.016 0.006 0.014 0.955 1    
32:   0.003 0.006 0.981 0.007 0.003 1    
33:   0.004 0.006 0.980 0.004 0.006 1    
34:   0.005 0.009 0.970 0.011 0.005 1    
35:   0.004 0.006 0.980 0.006 0.004 1    
36:   0.006 0.013 0.967 0.006 0.007 1    
37:   0.008 0.010 0.964 0.007 0.010 1    
38:   0.003 0.006 0.979 0.008 0.004 1    
39:   0.038 0.009 0.059 0.882 0.012 1    
40:   0.013 0.012 0.022 0.946 0.007 1    
41:   0.008 0.007 0.007 0.970 0.007 1    
42:   0.015 0.005 0.007 0.969 0.003 1    
43:   0.006 0.008 0.011 0.969 0.005 1    
44:   0.008 0.008 0.008 0.969 0.006 1    
45:   0.007 0.011 0.021 0.951 0.010 1    
46:   0.011 0.014 0.009 0.961 0.005 1    
47:   0.047 0.013 0.023 0.006 0.912 1    
48:   0.035 0.007 0.008 0.003 0.947 1    
49:   0.040 0.011 0.017 0.010 0.922 1    
50:   0.014 0.019 0.013 0.022 0.931 1    
51:   0.013 0.015 0.014 0.021 0.936 1    
52:   0.183 0.099 0.093 0.559 0.066 1    
53:   0.312 0.147 0.283 0.072 0.186 1    
54:   0.202 0.062 0.560 0.023 0.154 1    
55:   0.052 0.004 0.920 0.011 0.012 1    
56:   0.062 0.004 0.910 0.012 0.012 1    
57:   0.236 0.022 0.366 0.014 0.362 1    
58:   0.304 0.017 0.547 0.069 0.063 1    
59:   0.008 0.273 0.183 0.499 0.036 1    
60:   0.027 0.028 0.056 0.085 0.804 1    
61:   0.013 0.014 0.039 0.016 0.918 1    
62:   0.014 0.015 0.024 0.015 0.932 1    
63:   0.017 0.011 0.026 0.027 0.919 1    
64:   0.041 0.007 0.048 0.047 0.857 1    
65:   0.043 0.005 0.031 0.136 0.784 1    
66:   0.006 0.003 0.010 0.973 0.007 1    
67:   0.004 0.005 0.008 0.974 0.009 1    
68:   0.007 0.009 0.020 0.936 0.029 1    
69:   0.008 0.006 0.038 0.901 0.048 1    
70:   0.005 0.007 0.007 0.965 0.016 1    
71:   0.004 0.004 0.010 0.971 0.011 1    
72:   0.004 0.003 0.007 0.979 0.007 1    
73:   0.006 0.005 0.014 0.959 0.016 1    
74:   0.005 0.006 0.029 0.955 0.005 1    
75:   0.005 0.019 0.055 0.913 0.008 1    
76:   0.031 0.042 0.083 0.835 0.009 1    
77:   0.018 0.053 0.037 0.874 0.018 1    
78:   0.007 0.006 0.026 0.955 0.006 1    
79:   0.011 0.040 0.129 0.641 0.179 1    
80:   0.006 0.005 0.059 0.908 0.022 1    
81:   0.021 0.007 0.021 0.925 0.025 1    
82:   0.512 0.010 0.024 0.255 0.199 1    
83:   0.050 0.006 0.013 0.863 0.068 1    
84:   0.026 0.011 0.005 0.841 0.118 1    
85:   0.104 0.022 0.039 0.724 0.112 1    
86:   0.050 0.006 0.028 0.734 0.182 1    
87:   0.004 0.016 0.015 0.009 0.956 1    
88:   0.005 0.006 0.024 0.009 0.956 1    
89:   0.009 0.020 0.075 0.042 0.855 1    
90:   0.105 0.009 0.007 0.022 0.858 1    
91:   0.007 0.012 0.934 0.009 0.037 1    
92:   0.009 0.009 0.947 0.007 0.028 1    
93:   0.006 0.004 0.967 0.008 0.015 1    
94:   0.011 0.018 0.912 0.013 0.047 1    
95:   0.012 0.008 0.932 0.025 0.024 1    
96:   0.017 0.006 0.877 0.060 0.040 1    
97:   0.011 0.013 0.021 0.018 0.936 1    
98:   0.041 0.012 0.023 0.017 0.907 1    
99:   0.021 0.022 0.013 0.011 0.933 1    
100:  0.085 0.037 0.178 0.024 0.676 1    
101:  0.005 0.020 0.006 0.008 0.962 1    
102:  0.008 0.010 0.020 0.007 0.955 1    
103:  0.007 0.015 0.007 0.012 0.960 1    
104:  0.005 0.004 0.010 0.974 0.006 1    
105:  0.005 0.006 0.007 0.977 0.005 1    
106:  0.030 0.007 0.006 0.851 0.106 1    
107:  0.014 0.005 0.006 0.967 0.009 1    
108:  0.019 0.010 0.005 0.934 0.032 1    
109:  0.032 0.006 0.011 0.925 0.026 1    
110:  0.007 0.012 0.006 0.970 0.005 1    
111:  0.045 0.008 0.009 0.924 0.015 1    
112:  0.011 0.008 0.007 0.967 0.007 1    
113:  0.954 0.008 0.005 0.012 0.021 1    
114:  0.966 0.006 0.006 0.013 0.009 1    
115:  0.963 0.007 0.012 0.010 0.007 1    
116:  0.976 0.006 0.005 0.009 0.005 1    
117:  0.911 0.014 0.054 0.014 0.007 1    
118:  0.967 0.005 0.004 0.014 0.011 1    
119:  0.970 0.004 0.004 0.010 0.012 1    
120:  0.974 0.004 0.005 0.011 0.005 1    
121:  0.960 0.008 0.007 0.007 0.018 1    
122:  0.975 0.005 0.004 0.010 0.006 1    
123:  0.969 0.007 0.010 0.009 0.005 1    
124:  0.970 0.005 0.003 0.014 0.007 1    
125:  0.968 0.006 0.006 0.006 0.013 1    
126:  0.975 0.005 0.006 0.010 0.005 1    
127:  0.966 0.005 0.005 0.018 0.006 1    
128:  0.974 0.004 0.005 0.011 0.006 1    
129:  0.010 0.008 0.259 0.020 0.703 1    
130:  0.007 0.015 0.029 0.721 0.228 1    
131:  0.009 0.007 0.011 0.010 0.962 1    
132:  0.032 0.008 0.185 0.015 0.761 1    
133:  0.011 0.006 0.012 0.009 0.962 1    
134:  0.020 0.009 0.192 0.016 0.763 1    
135:  0.045 0.018 0.014 0.636 0.287 1    
136:  0.005 0.010 0.003 0.005 0.977 1    
137:  0.010 0.007 0.003 0.006 0.974 1    
138:  0.006 0.011 0.009 0.008 0.966 1    
139:  0.006 0.010 0.009 0.010 0.965 1    
140:  0.008 0.009 0.004 0.007 0.973 1    
141:  0.049 0.017 0.012 0.063 0.859 1    
142:  0.009 0.011 0.003 0.005 0.972 1    
143:  0.004 0.006 0.004 0.004 0.983 1    
144:  0.005 0.005 0.003 0.005 0.982 1    
145:  0.003 0.008 0.005 0.004 0.980 1    
146:  0.010 0.008 0.005 0.014 0.963 1    
147:  0.932 0.006 0.015 0.022 0.025 1    
148:  0.962 0.006 0.004 0.010 0.017 1    
149:  0.958 0.009 0.008 0.008 0.017 1    
150:  0.974 0.006 0.005 0.005 0.009 1    
151:  0.974 0.004 0.005 0.007 0.009 1    
152:  0.954 0.004 0.016 0.016 0.010 1    
153:  0.979 0.005 0.004 0.004 0.008 1    
154:  0.983 0.004 0.004 0.004 0.004 1    
155:  0.960 0.005 0.012 0.010 0.014 1    
156:  0.004 0.004 0.983 0.006 0.003 1    
157:  0.014 0.007 0.954 0.020 0.006 1    
158:  0.011 0.006 0.956 0.023 0.004 1    
159:  0.005 0.005 0.984 0.004 0.003 1    
160:  0.003 0.004 0.982 0.007 0.003 1    
161:  0.004 0.004 0.980 0.009 0.003 1    
162:  0.003 0.005 0.984 0.005 0.003 1    
163:  0.014 0.009 0.965 0.008 0.004 1    
164:  0.003 0.004 0.985 0.004 0.003 1    
165:  0.006 0.004 0.944 0.038 0.008 1    
166:  0.003 0.005 0.970 0.015 0.006 1    
167:  0.019 0.008 0.950 0.014 0.010 1    
168:  0.005 0.007 0.975 0.007 0.006 1    
169:  0.005 0.005 0.973 0.009 0.008 1    
170:  0.009 0.010 0.949 0.023 0.008 1    
171:  0.005 0.007 0.948 0.021 0.019 1    
172:  0.005 0.005 0.720 0.261 0.008 1    
173:  0.007 0.005 0.972 0.011 0.004 1    
174:  0.021 0.024 0.927 0.014 0.013 1    
175:  0.009 0.036 0.942 0.007 0.006 1    
176:  0.007 0.006 0.974 0.008 0.005 1    
177:  0.006 0.006 0.982 0.003 0.003 1    
178:  0.009 0.013 0.964 0.008 0.006 1    
179:  0.005 0.009 0.007 0.007 0.972 1    
180:  0.013 0.008 0.005 0.007 0.967 1    
181:  0.006 0.004 0.005 0.009 0.976 1    
182:  0.007 0.004 0.005 0.007 0.976 1    
183:  0.004 0.008 0.007 0.008 0.974 1    
184:  0.007 0.006 0.004 0.016 0.967 1    
185:  0.009 0.003 0.003 0.006 0.979 1    
186:  0.006 0.004 0.003 0.006 0.980 1    
187:  0.012 0.007 0.027 0.031 0.923 1    
188:  0.006 0.026 0.004 0.004 0.959 1    
189:  0.027 0.029 0.014 0.007 0.922 1    
190:  0.016 0.006 0.006 0.005 0.966 1    
191:  0.014 0.023 0.014 0.017 0.932 1    
192:  0.020 0.019 0.019 0.008 0.933 1    
193:  0.026 0.018 0.017 0.022 0.917 1    
194:  0.034 0.461 0.014 0.023 0.468 1    
195:  0.031 0.089 0.006 0.010 0.865 1    
196:  0.008 0.061 0.009 0.013 0.909 1    
197:  0.012 0.190 0.440 0.012 0.345 1    
198:  0.007 0.974 0.011 0.004 0.005 1    
199:  0.009 0.974 0.008 0.005 0.004 1    
200:  0.005 0.973 0.012 0.005 0.005 1    
201:  0.007 0.970 0.012 0.004 0.007 1    
202:  0.004 0.803 0.177 0.011 0.006 1    
203:  0.012 0.886 0.093 0.004 0.004 1    
204:  0.010 0.972 0.009 0.004 0.004 1    
205:  0.004 0.980 0.007 0.005 0.004 1    
206:  0.006 0.965 0.009 0.010 0.010 1    
207:  0.004 0.977 0.007 0.007 0.004 1    
208:  0.003 0.977 0.005 0.008 0.006 1    
209:  0.004 0.982 0.006 0.004 0.004 1    
210:  0.005 0.973 0.007 0.006 0.009 1    
211:  0.005 0.982 0.004 0.003 0.007 1    
212:  0.005 0.971 0.012 0.006 0.007 1    
213:  0.005 0.967 0.007 0.007 0.013 1    
214:  0.910 0.050 0.011 0.018 0.010 1    
215:  0.775 0.137 0.031 0.047 0.010 1    
216:  0.926 0.034 0.008 0.025 0.006 1    
217:  0.927 0.022 0.022 0.014 0.016 1    
218:  0.894 0.041 0.040 0.015 0.010 1    
219:  0.971 0.008 0.006 0.010 0.005 1    
220:  0.968 0.012 0.005 0.008 0.008 1    
221:  0.934 0.032 0.006 0.018 0.009 1    
222:  0.915 0.020 0.033 0.021 0.011 1    
223:  0.006 0.968 0.009 0.008 0.009 1    
224:  0.005 0.966 0.014 0.009 0.006 1    
225:  0.009 0.973 0.005 0.006 0.008 1    
226:  0.024 0.909 0.021 0.020 0.026 1    
227:  0.008 0.956 0.009 0.014 0.013 1    
228:  0.006 0.981 0.004 0.005 0.004 1    
229:  0.010 0.977 0.004 0.006 0.004 1    
230:  0.008 0.869 0.033 0.018 0.072 1    
231:  0.007 0.964 0.011 0.010 0.009 1    
232:  0.069 0.618 0.141 0.081 0.089 1    
233:  0.034 0.523 0.039 0.386 0.018 1    
234:  0.091 0.299 0.044 0.249 0.317 1    
235:  0.255 0.362 0.029 0.218 0.136 1    
236:  0.050 0.237 0.097 0.339 0.278 1    
                    
                    
1:    0.030 0.011 0.017 0.019 0.923 1    
2:    0.017 0.012 0.008 0.023 0.940 1    
3:    0.008 0.008 0.010 0.010 0.963 1    
4:    0.018 0.011 0.012 0.022 0.937 1    
5:    0.465 0.032 0.015 0.043 0.445 1    
6:    0.014 0.034 0.023 0.024 0.906 1    
7:    0.024 0.012 0.008 0.015 0.941 1    
8:    0.004 0.011 0.006 0.011 0.968 1    
9:    0.013 0.134 0.013 0.802 0.037 1    
10:   0.007 0.662 0.011 0.308 0.012 1    
11:   0.008 0.098 0.011 0.871 0.012 1    
12:   0.008 0.008 0.017 0.960 0.007 1    
13:   0.011 0.089 0.080 0.800 0.020 1    
14:   0.009 0.124 0.019 0.840 0.009 1    
15:   0.009 0.027 0.009 0.944 0.011 1    
16:   0.007 0.195 0.019 0.757 0.022 1    
17:   0.017 0.695 0.017 0.210 0.061 1    
18:   0.139 0.019 0.814 0.020 0.008 1    
19:   0.032 0.013 0.930 0.013 0.012 1    
20:   0.091 0.008 0.863 0.032 0.006 1    
21:   0.191 0.007 0.783 0.009 0.010 1    
22:   0.085 0.008 0.873 0.028 0.007 1    
23:   0.024 0.006 0.949 0.005 0.016 1    
24:   0.038 0.004 0.947 0.006 0.006 1    
25:   0.006 0.005 0.976 0.008 0.006 1    
26:   0.015 0.005 0.960 0.011 0.009 1    
27:   0.030 0.006 0.856 0.065 0.043 1    
28:   0.008 0.007 0.766 0.040 0.179 1    
29:   0.020 0.003 0.729 0.017 0.231 1    
30:   0.011 0.003 0.942 0.016 0.028 1    
31:   0.031 0.005 0.446 0.060 0.458 1    
32:   0.005 0.905 0.007 0.075 0.008 1    
33:   0.007 0.187 0.009 0.788 0.009 1    
34:   0.008 0.812 0.011 0.162 0.007 1    
35:   0.005 0.964 0.006 0.019 0.005 1    
36:   0.013 0.207 0.012 0.749 0.019 1    
37:   0.010 0.025 0.013 0.943 0.008 1    
38:   0.004 0.954 0.006 0.031 0.006 1    
39:   0.556 0.081 0.055 0.277 0.031 1    
40:   0.915 0.045 0.013 0.016 0.010 1    
41:   0.790 0.027 0.020 0.138 0.026 1    
42:   0.960 0.019 0.007 0.008 0.006 1    
43:   0.942 0.031 0.009 0.010 0.007 1    
44:   0.925 0.032 0.008 0.018 0.017 1    
45:   0.771 0.020 0.012 0.172 0.026 1    
46:   0.961 0.013 0.008 0.010 0.009 1    
47:   0.006 0.009 0.962 0.014 0.009 1    
48:   0.006 0.004 0.962 0.018 0.010 1    
49:   0.027 0.010 0.938 0.017 0.008 1    
50:   0.017 0.010 0.952 0.010 0.012 1    
51:   0.019 0.009 0.948 0.008 0.016 1    
52:   0.032 0.009 0.014 0.934 0.011 1    
53:   0.023 0.010 0.022 0.876 0.070 1    
54:   0.009 0.017 0.031 0.923 0.020 1    
55:   0.006 0.057 0.010 0.922 0.006 1    
56:   0.010 0.052 0.011 0.921 0.006 1    
57:   0.012 0.012 0.019 0.920 0.038 1    
58:   0.012 0.016 0.158 0.798 0.016 1    
59:   0.095 0.094 0.090 0.605 0.115 1    
60:   0.035 0.080 0.846 0.020 0.019 1    
61:   0.027 0.033 0.602 0.321 0.017 1    
62:   0.024 0.035 0.857 0.061 0.024 1    
63:   0.041 0.047 0.804 0.077 0.030 1    
64:   0.036 0.065 0.785 0.079 0.035 1    
65:   0.156 0.033 0.739 0.058 0.014 1    
66:   0.017 0.019 0.024 0.931 0.009 1    
67:   0.014 0.008 0.011 0.958 0.008 1    
68:   0.009 0.013 0.023 0.943 0.012 1    
69:   0.015 0.023 0.021 0.931 0.010 1    
70:   0.012 0.008 0.083 0.888 0.008 1    
71:   0.021 0.017 0.021 0.931 0.010 1    
72:   0.068 0.008 0.029 0.885 0.010 1    
73:   0.027 0.023 0.026 0.916 0.008 1    
74:   0.019 0.132 0.013 0.828 0.008 1    
75:   0.894 0.056 0.009 0.029 0.012 1    
76:   0.876 0.073 0.008 0.017 0.027 1    
77:   0.906 0.047 0.009 0.022 0.016 1    
78:   0.603 0.020 0.011 0.357 0.009 1    
79:   0.663 0.112 0.057 0.103 0.065 1    
80:   0.804 0.019 0.025 0.143 0.009 1    
81:   0.951 0.011 0.010 0.020 0.009 1    
82:   0.517 0.024 0.384 0.032 0.042 1    
83:   0.863 0.015 0.082 0.018 0.023 1    
84:   0.918 0.004 0.024 0.007 0.046 1    
85:   0.894 0.011 0.021 0.024 0.049 1    
86:   0.806 0.014 0.134 0.028 0.018 1    
87:   0.006 0.007 0.005 0.015 0.967 1    
88:   0.013 0.011 0.006 0.070 0.899 1    
89:   0.017 0.023 0.008 0.099 0.853 1    
90:   0.161 0.007 0.072 0.016 0.744 1    
91:   0.006 0.007 0.007 0.969 0.011 1    
92:   0.006 0.006 0.006 0.974 0.009 1    
93:   0.011 0.084 0.011 0.885 0.009 1    
94:   0.010 0.008 0.011 0.954 0.017 1    
95:   0.007 0.006 0.007 0.971 0.008 1    
96:   0.012 0.033 0.051 0.894 0.011 1    
97:   0.052 0.009 0.134 0.556 0.249 1    
98:   0.047 0.010 0.124 0.382 0.436 1    
99:   0.022 0.009 0.156 0.326 0.487 1    
100:  0.093 0.154 0.255 0.276 0.223 1    
101:  0.007 0.006 0.009 0.059 0.920 1    
102:  0.020 0.019 0.017 0.089 0.855 1    
103:  0.021 0.012 0.029 0.067 0.871 1    
104:  0.952 0.014 0.014 0.011 0.009 1    
105:  0.952 0.011 0.018 0.013 0.006 1    
106:  0.839 0.007 0.120 0.008 0.027 1    
107:  0.875 0.009 0.101 0.010 0.004 1    
108:  0.947 0.007 0.022 0.008 0.016 1    
109:  0.931 0.010 0.039 0.010 0.010 1    
110:  0.950 0.012 0.018 0.010 0.010 1    
111:  0.935 0.010 0.037 0.011 0.007 1    
112:  0.906 0.024 0.052 0.012 0.005 1    
113:  0.020 0.008 0.958 0.006 0.007 1    
114:  0.010 0.004 0.974 0.007 0.005 1    
115:  0.115 0.036 0.802 0.032 0.015 1    
116:  0.007 0.005 0.976 0.007 0.005 1    
117:  0.177 0.206 0.488 0.095 0.033 1    
118:  0.008 0.004 0.978 0.006 0.004 1    
119:  0.010 0.006 0.973 0.006 0.006 1    
120:  0.010 0.004 0.973 0.008 0.005 1    
121:  0.027 0.009 0.945 0.010 0.009 1    
122:  0.015 0.007 0.962 0.010 0.006 1    
123:  0.045 0.036 0.886 0.027 0.007 1    
124:  0.017 0.004 0.963 0.007 0.009 1    
125:  0.046 0.005 0.923 0.010 0.016 1    
126:  0.008 0.013 0.962 0.011 0.006 1    
127:  0.015 0.007 0.961 0.012 0.005 1    
128:  0.016 0.005 0.967 0.006 0.006 1    
129:  0.010 0.248 0.673 0.056 0.013 1    
130:  0.412 0.056 0.097 0.146 0.288 1    
131:  0.030 0.017 0.778 0.030 0.145 1    
132:  0.042 0.124 0.715 0.060 0.059 1    
133:  0.025 0.014 0.835 0.040 0.086 1    
134:  0.027 0.133 0.720 0.062 0.057 1    
135:  0.677 0.019 0.231 0.020 0.054 1    
136:  0.004 0.003 0.008 0.006 0.980 1    
137:  0.012 0.003 0.037 0.007 0.941 1    
138:  0.008 0.006 0.012 0.015 0.958 1    
139:  0.010 0.005 0.009 0.016 0.960 1    
140:  0.012 0.003 0.024 0.009 0.953 1    
141:  0.054 0.009 0.054 0.018 0.866 1    
142:  0.007 0.003 0.018 0.008 0.965 1    
143:  0.005 0.003 0.017 0.006 0.969 1    
144:  0.005 0.003 0.026 0.010 0.955 1    
145:  0.010 0.005 0.013 0.007 0.965 1    
146:  0.058 0.006 0.122 0.012 0.802 1    
147:  0.969 0.007 0.007 0.008 0.007 1    
148:  0.958 0.004 0.017 0.006 0.016 1    
149:  0.950 0.004 0.019 0.010 0.017 1    
150:  0.954 0.003 0.026 0.004 0.012 1    
151:  0.974 0.004 0.010 0.004 0.007 1    
152:  0.964 0.014 0.006 0.010 0.006 1    
153:  0.978 0.004 0.008 0.004 0.007 1    
154:  0.978 0.005 0.008 0.004 0.005 1    
155:  0.970 0.009 0.005 0.009 0.008 1    
156:  0.004 0.984 0.004 0.005 0.003 1    
157:  0.038 0.852 0.007 0.096 0.007 1    
158:  0.017 0.962 0.007 0.009 0.005 1    
159:  0.005 0.976 0.004 0.010 0.005 1    
160:  0.005 0.984 0.003 0.005 0.003 1    
161:  0.005 0.982 0.003 0.005 0.004 1    
162:  0.004 0.980 0.004 0.007 0.004 1    
163:  0.018 0.941 0.006 0.028 0.006 1    
164:  0.005 0.983 0.003 0.004 0.004 1    
165:  0.020 0.955 0.008 0.006 0.010 1    
166:  0.008 0.978 0.004 0.005 0.005 1    
167:  0.050 0.870 0.037 0.034 0.009 1    
168:  0.010 0.955 0.006 0.021 0.009 1    
169:  0.008 0.976 0.006 0.005 0.005 1    
170:  0.020 0.947 0.009 0.012 0.012 1    
171:  0.012 0.957 0.013 0.009 0.010 1    
172:  0.015 0.965 0.007 0.008 0.005 1    
173:  0.007 0.978 0.003 0.006 0.006 1    
174:  0.017 0.943 0.007 0.010 0.022 1    
175:  0.009 0.966 0.004 0.006 0.014 1    
176:  0.007 0.980 0.003 0.005 0.005 1    
177:  0.007 0.977 0.003 0.008 0.005 1    
178:  0.009 0.973 0.005 0.006 0.008 1    
179:  0.034 0.009 0.798 0.019 0.140 1    
180:  0.008 0.005 0.962 0.008 0.017 1    
181:  0.009 0.005 0.971 0.009 0.006 1    
182:  0.009 0.008 0.969 0.010 0.005 1    
183:  0.014 0.010 0.885 0.017 0.074 1    
184:  0.012 0.005 0.963 0.006 0.014 1    
185:  0.014 0.004 0.967 0.008 0.007 1    
186:  0.008 0.004 0.958 0.009 0.021 1    
187:  0.019 0.029 0.919 0.020 0.013 1    
188:  0.006 0.004 0.011 0.006 0.972 1    
189:  0.014 0.012 0.019 0.018 0.937 1    
190:  0.020 0.007 0.016 0.009 0.947 1    
191:  0.015 0.008 0.010 0.010 0.956 1    
192:  0.014 0.012 0.010 0.009 0.956 1    
193:  0.017 0.011 0.010 0.023 0.939 1    
194:  0.047 0.011 0.007 0.014 0.921 1    
195:  0.012 0.006 0.019 0.006 0.957 1    
196:  0.008 0.007 0.009 0.012 0.964 1    
197:  0.010 0.317 0.006 0.019 0.648 1    
198:  0.009 0.006 0.006 0.955 0.024 1    
199:  0.007 0.005 0.016 0.962 0.010 1    
200:  0.007 0.008 0.005 0.938 0.042 1    
201:  0.018 0.011 0.010 0.891 0.071 1    
202:  0.008 0.037 0.003 0.943 0.008 1    
203:  0.031 0.032 0.010 0.903 0.025 1    
204:  0.012 0.020 0.011 0.943 0.015 1    
205:  0.012 0.040 0.009 0.008 0.930 1    
206:  0.018 0.010 0.014 0.012 0.945 1    
207:  0.014 0.029 0.005 0.006 0.945 1    
208:  0.013 0.007 0.007 0.012 0.961 1    
209:  0.011 0.018 0.009 0.010 0.951 1    
210:  0.015 0.010 0.011 0.010 0.954 1    
211:  0.009 0.005 0.013 0.010 0.963 1    
212:  0.018 0.047 0.009 0.013 0.913 1    
213:  0.007 0.009 0.012 0.009 0.962 1    
214:  0.951 0.008 0.017 0.010 0.014 1    
215:  0.950 0.019 0.006 0.011 0.014 1    
216:  0.948 0.009 0.017 0.012 0.015 1    
217:  0.931 0.014 0.015 0.020 0.020 1    
218:  0.918 0.026 0.017 0.019 0.020 1    
219:  0.929 0.011 0.035 0.009 0.016 1    
220:  0.941 0.005 0.027 0.017 0.010 1    
221:  0.925 0.005 0.025 0.007 0.038 1    
222:  0.914 0.018 0.028 0.028 0.012 1    
223:  0.011 0.016 0.010 0.012 0.951 1    
224:  0.013 0.030 0.011 0.020 0.926 1    
225:  0.007 0.003 0.014 0.005 0.970 1    
226:  0.034 0.013 0.016 0.012 0.924 1    
227:  0.009 0.008 0.010 0.012 0.962 1    
228:  0.008 0.005 0.006 0.007 0.974 1    
229:  0.010 0.005 0.007 0.006 0.971 1    
230:  0.011 0.010 0.024 0.046 0.908 1    
231:  0.012 0.016 0.012 0.018 0.943 1    
232:  0.029 0.229 0.020 0.079 0.643 1    
233:  0.156 0.033 0.198 0.207 0.406 1    
234:  0.820 0.038 0.034 0.017 0.090 1    
235:  0.514 0.034 0.133 0.042 0.276 1    
236:  0.393 0.071 0.263 0.046 0.227 1    
                    
                    
1:    0.970 0.009 0.007 0.007 0.007 1    
2:    0.912 0.020 0.007 0.022 0.039 1    
3:    0.978 0.007 0.005 0.005 0.006 1    
4:    0.961 0.007 0.011 0.010 0.010 1    
