1:    0.460 0.130 0.006 0.133 0.144 0.126 1    
2:    0.051 0.166 0.008 0.173 0.166 0.436 1    
3:    0.031 0.246 0.006 0.251 0.222 0.244 1    
4:    0.021 0.212 0.024 0.229 0.253 0.260 1    
5:    0.030 0.157 0.009 0.160 0.162 0.482 1    
6:    0.236 0.117 0.008 0.132 0.110 0.398 1    
7:    0.239 0.187 0.012 0.175 0.199 0.188 1    
8:    0.416 0.141 0.043 0.147 0.133 0.119 1    
9:    0.706 0.083 0.008 0.068 0.058 0.077 1    
10:   0.725 0.070 0.008 0.065 0.057 0.074 1    
11:   0.031 0.174 0.006 0.173 0.230 0.385 1    
12:   0.047 0.190 0.016 0.221 0.201 0.325 1    
13:   0.197 0.188 0.005 0.156 0.163 0.290 1    
14:   0.042 0.202 0.016 0.204 0.245 0.291 1    
15:   0.081 0.236 0.023 0.253 0.282 0.126 1    
16:   0.098 0.179 0.012 0.161 0.142 0.409 1    
17:   0.021 0.271 0.018 0.214 0.215 0.262 1    
18:   0.070 0.211 0.051 0.232 0.249 0.187 1    
19:   0.038 0.179 0.010 0.137 0.184 0.452 1    
20:   0.210 0.139 0.014 0.148 0.162 0.328 1    
21:   0.237 0.189 0.011 0.177 0.148 0.239 1    
22:   0.019 0.227 0.007 0.166 0.176 0.405 1    
23:   0.114 0.206 0.041 0.210 0.198 0.230 1    
24:   0.044 0.299 0.010 0.292 0.252 0.103 1    
25:   0.019 0.245 0.015 0.337 0.325 0.059 1    
26:   0.027 0.203 0.012 0.203 0.196 0.360 1    
27:   0.058 0.128 0.008 0.161 0.182 0.464 1    
28:   0.456 0.122 0.037 0.113 0.118 0.154 1    
29:   0.070 0.224 0.050 0.201 0.236 0.219 1    
30:   0.032 0.209 0.014 0.186 0.177 0.383 1    
31:   0.079 0.198 0.006 0.195 0.188 0.333 1    
32:   0.023 0.249 0.035 0.245 0.247 0.201 1    
33:   0.026 0.247 0.024 0.216 0.273 0.212 1    
34:   0.167 0.131 0.009 0.212 0.185 0.296 1    
35:   0.067 0.221 0.141 0.212 0.218 0.141 1    
36:   0.247 0.193 0.021 0.243 0.194 0.102 1    
37:   0.032 0.203 0.010 0.209 0.233 0.313 1    
38:   0.195 0.124 0.301 0.172 0.135 0.073 1    
39:   0.050 0.247 0.008 0.251 0.199 0.245 1    
40:   0.019 0.266 0.025 0.273 0.222 0.196 1    
41:   0.117 0.189 0.025 0.163 0.203 0.303 1    
42:   0.027 0.212 0.013 0.259 0.260 0.229 1    
43:   0.018 0.290 0.007 0.277 0.223 0.185 1    
44:   0.065 0.210 0.014 0.206 0.217 0.289 1    
45:   0.050 0.213 0.080 0.238 0.236 0.183 1    
46:   0.071 0.155 0.011 0.215 0.175 0.373 1    
47:   0.013 0.170 0.005 0.151 0.178 0.483 1    
48:   0.009 0.199 0.005 0.122 0.180 0.484 1    
49:   0.015 0.276 0.018 0.222 0.251 0.218 1    
50:   0.034 0.177 0.005 0.166 0.162 0.457 1    
51:   0.118 0.211 0.011 0.213 0.187 0.260 1    
52:   0.043 0.224 0.314 0.199 0.132 0.088 1    
53:   0.219 0.149 0.017 0.165 0.202 0.247 1    
54:   0.027 0.153 0.015 0.167 0.175 0.463 1    
55:   0.052 0.199 0.010 0.213 0.173 0.353 1    
56:   0.018 0.220 0.017 0.182 0.240 0.323 1    
57:   0.773 0.078 0.006 0.056 0.062 0.025 1    
58:   0.180 0.199 0.044 0.213 0.232 0.132 1    
59:   0.132 0.196 0.157 0.233 0.183 0.099 1    
60:   0.572 0.117 0.017 0.147 0.099 0.048 1    
61:   0.874 0.042 0.006 0.029 0.030 0.019 1    
62:   0.021 0.231 0.018 0.257 0.286 0.187 1    
63:   0.021 0.242 0.011 0.217 0.182 0.327 1    
64:   0.016 0.181 0.008 0.186 0.190 0.420 1    
65:   0.021 0.244 0.030 0.307 0.280 0.118 1    
66:   0.019 0.363 0.013 0.281 0.293 0.032 1    
67:   0.057 0.271 0.019 0.262 0.288 0.103 1    
68:   0.133 0.199 0.020 0.205 0.180 0.264 1    
69:   0.084 0.249 0.045 0.255 0.290 0.077 1    
70:   0.821 0.058 0.007 0.048 0.031 0.035 1    
71:   0.057 0.170 0.016 0.150 0.226 0.381 1    
72:   0.095 0.235 0.122 0.227 0.251 0.070 1    
73:   0.055 0.229 0.007 0.246 0.250 0.213 1    
74:   0.146 0.249 0.047 0.237 0.265 0.056 1    
75:   0.050 0.259 0.009 0.313 0.273 0.096 1    
76:   0.037 0.214 0.008 0.301 0.220 0.222 1    
77:   0.851 0.030 0.016 0.047 0.023 0.033 1    
78:   0.274 0.180 0.019 0.183 0.206 0.139 1    
79:   0.045 0.244 0.016 0.259 0.216 0.221 1    
80:   0.046 0.249 0.007 0.200 0.265 0.233 1    
81:   0.674 0.076 0.008 0.079 0.074 0.089 1    
82:   0.789 0.049 0.010 0.045 0.045 0.062 1    
83:   0.836 0.034 0.006 0.053 0.031 0.041 1    
84:   0.057 0.241 0.016 0.290 0.300 0.096 1    
85:   0.022 0.284 0.009 0.264 0.274 0.147 1    
86:   0.126 0.163 0.008 0.217 0.215 0.271 1    
87:   0.131 0.205 0.009 0.194 0.194 0.267 1    
88:   0.657 0.077 0.027 0.085 0.071 0.083 1    
89:   0.020 0.265 0.013 0.252 0.273 0.177 1    
90:   0.015 0.317 0.011 0.266 0.301 0.089 1    
91:   0.678 0.065 0.059 0.074 0.067 0.057 1    
92:   0.214 0.186 0.011 0.235 0.210 0.143 1    
93:   0.367 0.164 0.022 0.155 0.116 0.175 1    
94:   0.776 0.060 0.012 0.050 0.047 0.055 1    
95:   0.037 0.277 0.008 0.258 0.304 0.116 1    
96:   0.212 0.206 0.013 0.229 0.223 0.118 1    
97:   0.058 0.203 0.066 0.203 0.200 0.270 1    
98:   0.032 0.290 0.013 0.245 0.241 0.179 1    
99:   0.060 0.238 0.095 0.183 0.233 0.192 1    
100:  0.019 0.254 0.024 0.282 0.265 0.156 1    
101:  0.184 0.211 0.022 0.249 0.229 0.105 1    
102:  0.283 0.162 0.010 0.200 0.229 0.116 1    
103:  0.871 0.026 0.005 0.032 0.033 0.033 1    
104:  0.021 0.274 0.004 0.267 0.223 0.210 1    
105:  0.838 0.027 0.063 0.021 0.032 0.018 1    
106:  0.034 0.240 0.024 0.205 0.253 0.244 1    
107:  0.100 0.200 0.017 0.232 0.189 0.263 1    
108:  0.012 0.227 0.019 0.186 0.184 0.372 1    
109:  0.054 0.282 0.062 0.239 0.235 0.128 1    
110:  0.207 0.209 0.053 0.201 0.225 0.105 1    
111:  0.231 0.173 0.107 0.165 0.189 0.135 1    
112:  0.887 0.018 0.043 0.020 0.015 0.018 1    
113:  0.060 0.103 0.431 0.136 0.156 0.114 1    
114:  0.143 0.227 0.013 0.191 0.195 0.231 1    
115:  0.690 0.026 0.172 0.036 0.026 0.050 1    
116:  0.006 0.007 0.966 0.007 0.007 0.007 1    
117:  0.011 0.014 0.941 0.011 0.012 0.010 1    
118:  0.006 0.006 0.971 0.006 0.006 0.006 1    
119:  0.015 0.010 0.949 0.009 0.007 0.009 1    
120:  0.006 0.006 0.970 0.006 0.005 0.007 1    
121:  0.005 0.006 0.971 0.006 0.007 0.005 1    
122:  0.008 0.006 0.963 0.008 0.008 0.007 1    
123:  0.014 0.014 0.935 0.011 0.014 0.012 1    
124:  0.007 0.006 0.969 0.005 0.006 0.006 1    
125:  0.005 0.004 0.977 0.005 0.005 0.004 1    
126:  0.066 0.237 0.013 0.262 0.256 0.166 1    
127:  0.265 0.203 0.020 0.221 0.204 0.086 1    
128:  0.084 0.239 0.015 0.248 0.280 0.134 1    
129:  0.060 0.253 0.103 0.232 0.286 0.067 1    
130:  0.060 0.200 0.007 0.236 0.235 0.262 1    
131:  0.056 0.242 0.012 0.203 0.262 0.225 1    
132:  0.758 0.046 0.054 0.056 0.062 0.025 1    
133:  0.875 0.020 0.015 0.030 0.028 0.031 1    
134:  0.031 0.299 0.018 0.292 0.264 0.096 1    
135:  0.020 0.228 0.106 0.218 0.236 0.192 1    
136:  0.155 0.201 0.015 0.184 0.208 0.236 1    
137:  0.478 0.099 0.007 0.097 0.084 0.234 1    
138:  0.128 0.180 0.014 0.212 0.233 0.233 1    
139:  0.048 0.282 0.018 0.288 0.275 0.089 1    
140:  0.032 0.335 0.011 0.274 0.253 0.095 1    
141:  0.179 0.238 0.012 0.237 0.203 0.130 1    
142:  0.063 0.208 0.010 0.225 0.212 0.282 1    
143:  0.039 0.261 0.040 0.308 0.264 0.088 1    
144:  0.016 0.304 0.019 0.279 0.275 0.108 1    
145:  0.045 0.296 0.018 0.256 0.281 0.105 1    
146:  0.040 0.278 0.016 0.266 0.267 0.132 1    
147:  0.071 0.279 0.026 0.230 0.278 0.117 1    
148:  0.216 0.196 0.012 0.175 0.204 0.196 1    
149:  0.114 0.211 0.147 0.219 0.256 0.053 1    
150:  0.174 0.192 0.061 0.235 0.186 0.151 1    
151:  0.835 0.046 0.007 0.040 0.032 0.040 1    
152:  0.590 0.101 0.015 0.109 0.109 0.076 1    
153:  0.460 0.149 0.044 0.138 0.128 0.081 1    
154:  0.101 0.260 0.017 0.232 0.295 0.096 1    
155:  0.185 0.215 0.016 0.229 0.219 0.136 1    
156:  0.111 0.201 0.023 0.208 0.248 0.209 1    
157:  0.597 0.095 0.014 0.106 0.096 0.092 1    
158:  0.027 0.303 0.017 0.281 0.276 0.097 1    
159:  0.018 0.288 0.013 0.292 0.272 0.117 1    
160:  0.132 0.209 0.013 0.225 0.220 0.202 1    
161:  0.241 0.195 0.010 0.212 0.225 0.117 1    
162:  0.117 0.183 0.048 0.205 0.193 0.253 1    
163:  0.388 0.142 0.019 0.135 0.155 0.162 1    
164:  0.048 0.263 0.017 0.282 0.280 0.111 1    
165:  0.113 0.195 0.006 0.207 0.207 0.272 1    
166:  0.077 0.266 0.045 0.221 0.256 0.135 1    
167:  0.293 0.137 0.292 0.112 0.123 0.042 1    
168:  0.056 0.260 0.008 0.258 0.271 0.147 1    
                       
                       
1:    0.133 0.194 0.371 0.138 0.008 0.157 1    
2:    0.617 0.111 0.050 0.101 0.006 0.114 1    
3:    0.506 0.202 0.025 0.086 0.005 0.175 1    
4:    0.109 0.207 0.021 0.484 0.025 0.154 1    
5:    0.633 0.097 0.021 0.120 0.009 0.120 1    
6:    0.527 0.084 0.150 0.132 0.008 0.100 1    
7:    0.152 0.239 0.221 0.159 0.016 0.214 1    
8:    0.031 0.167 0.520 0.102 0.036 0.144 1    
9:    0.102 0.075 0.713 0.030 0.007 0.074 1    
10:   0.102 0.069 0.732 0.020 0.007 0.070 1    
11:   0.526 0.124 0.025 0.163 0.005 0.158 1    
12:   0.611 0.130 0.056 0.045 0.013 0.145 1    
13:   0.055 0.107 0.073 0.617 0.005 0.143 1    
14:   0.184 0.206 0.047 0.372 0.012 0.179 1    
15:   0.191 0.232 0.077 0.178 0.021 0.300 1    
16:   0.181 0.179 0.060 0.380 0.010 0.191 1    
17:   0.147 0.187 0.022 0.433 0.015 0.197 1    
18:   0.210 0.270 0.047 0.152 0.048 0.273 1    
19:   0.124 0.143 0.014 0.531 0.011 0.176 1    
20:   0.029 0.176 0.094 0.560 0.012 0.130 1    
21:   0.315 0.184 0.210 0.116 0.010 0.165 1    
22:   0.016 0.172 0.014 0.624 0.006 0.169 1    
23:   0.449 0.166 0.119 0.069 0.027 0.170 1    
24:   0.163 0.352 0.057 0.097 0.009 0.322 1    
25:   0.075 0.314 0.023 0.168 0.015 0.405 1    
26:   0.637 0.130 0.025 0.093 0.009 0.108 1    
27:   0.175 0.134 0.024 0.522 0.006 0.139 1    
28:   0.166 0.123 0.424 0.119 0.037 0.132 1    
29:   0.078 0.245 0.057 0.338 0.047 0.236 1    
30:   0.699 0.118 0.023 0.043 0.012 0.104 1    
31:   0.049 0.115 0.049 0.645 0.006 0.136 1    
32:   0.603 0.137 0.017 0.065 0.030 0.147 1    
33:   0.077 0.291 0.030 0.307 0.028 0.267 1    
34:   0.109 0.147 0.089 0.470 0.007 0.178 1    
35:   0.211 0.248 0.069 0.113 0.140 0.219 1    
36:   0.104 0.281 0.240 0.141 0.018 0.216 1    
37:   0.039 0.237 0.039 0.432 0.008 0.243 1    
38:   0.024 0.140 0.318 0.093 0.270 0.154 1    
39:   0.159 0.252 0.056 0.276 0.009 0.249 1    
40:   0.175 0.252 0.016 0.281 0.024 0.252 1    
41:   0.083 0.328 0.089 0.214 0.021 0.266 1    
42:   0.034 0.278 0.029 0.423 0.009 0.226 1    
43:   0.204 0.326 0.018 0.172 0.007 0.273 1    
44:   0.085 0.259 0.083 0.321 0.013 0.239 1    
45:   0.057 0.245 0.044 0.336 0.075 0.244 1    
46:   0.551 0.167 0.038 0.096 0.009 0.138 1    
47:   0.902 0.031 0.007 0.014 0.005 0.041 1    
48:   0.879 0.044 0.007 0.030 0.005 0.034 1    
49:   0.083 0.193 0.024 0.485 0.015 0.199 1    
50:   0.827 0.072 0.014 0.037 0.005 0.045 1    
51:   0.068 0.334 0.093 0.200 0.008 0.298 1    
52:   0.148 0.230 0.067 0.079 0.266 0.209 1    
53:   0.100 0.229 0.249 0.182 0.013 0.227 1    
54:   0.745 0.071 0.023 0.066 0.013 0.082 1    
55:   0.022 0.113 0.039 0.658 0.008 0.160 1    
56:   0.207 0.180 0.029 0.424 0.013 0.147 1    
57:   0.048 0.098 0.723 0.038 0.005 0.088 1    
58:   0.129 0.219 0.216 0.171 0.033 0.232 1    
59:   0.045 0.212 0.154 0.190 0.182 0.218 1    
60:   0.056 0.166 0.562 0.061 0.016 0.139 1    
61:   0.019 0.041 0.860 0.031 0.005 0.045 1    
62:   0.090 0.260 0.025 0.254 0.014 0.357 1    
63:   0.122 0.254 0.025 0.385 0.008 0.206 1    
64:   0.130 0.175 0.022 0.435 0.007 0.230 1    
65:   0.273 0.251 0.033 0.080 0.031 0.332 1    
66:   0.032 0.441 0.020 0.057 0.013 0.437 1    
67:   0.085 0.279 0.087 0.279 0.014 0.257 1    
68:   0.061 0.220 0.107 0.408 0.018 0.185 1    
69:   0.098 0.335 0.090 0.139 0.041 0.297 1    
70:   0.066 0.045 0.827 0.018 0.007 0.037 1    
71:   0.038 0.116 0.025 0.705 0.012 0.106 1    
72:   0.053 0.319 0.113 0.133 0.121 0.262 1    
73:   0.325 0.248 0.042 0.119 0.006 0.260 1    
74:   0.079 0.249 0.201 0.139 0.049 0.283 1    
75:   0.199 0.266 0.045 0.158 0.009 0.324 1    
76:   0.315 0.248 0.033 0.164 0.007 0.234 1    
77:   0.028 0.036 0.864 0.018 0.017 0.037 1    
78:   0.170 0.163 0.339 0.137 0.016 0.175 1    
79:   0.251 0.235 0.043 0.173 0.012 0.287 1    
80:   0.547 0.184 0.042 0.053 0.006 0.168 1    
81:   0.129 0.143 0.555 0.040 0.007 0.126 1    
82:   0.046 0.094 0.675 0.099 0.006 0.081 1    
83:   0.054 0.085 0.757 0.031 0.004 0.068 1    
84:   0.176 0.269 0.103 0.170 0.015 0.266 1    
85:   0.070 0.210 0.031 0.421 0.011 0.258 1    
86:   0.310 0.257 0.068 0.147 0.006 0.212 1    
87:   0.365 0.199 0.110 0.092 0.008 0.227 1    
88:   0.082 0.108 0.611 0.063 0.024 0.112 1    
89:   0.349 0.236 0.037 0.133 0.013 0.231 1    
90:   0.122 0.356 0.013 0.112 0.012 0.385 1    
91:   0.075 0.119 0.589 0.052 0.040 0.124 1    
92:   0.060 0.190 0.292 0.302 0.011 0.146 1    
93:   0.026 0.114 0.359 0.373 0.018 0.109 1    
94:   0.019 0.079 0.739 0.086 0.010 0.067 1    
95:   0.186 0.319 0.028 0.146 0.006 0.315 1    
96:   0.181 0.179 0.225 0.189 0.012 0.215 1    
97:   0.418 0.194 0.048 0.127 0.055 0.158 1    
98:   0.396 0.292 0.021 0.069 0.013 0.209 1    
99:   0.101 0.184 0.083 0.374 0.078 0.180 1    
100:  0.322 0.260 0.018 0.116 0.018 0.266 1    
101:  0.116 0.241 0.255 0.149 0.020 0.219 1    
102:  0.034 0.235 0.350 0.132 0.009 0.239 1    
103:  0.042 0.040 0.838 0.036 0.004 0.041 1    
104:  0.360 0.263 0.016 0.092 0.004 0.265 1    
105:  0.019 0.023 0.862 0.014 0.062 0.019 1    
106:  0.107 0.165 0.026 0.458 0.018 0.226 1    
107:  0.045 0.241 0.071 0.327 0.017 0.300 1    
108:  0.738 0.095 0.015 0.047 0.017 0.088 1    
109:  0.141 0.270 0.038 0.175 0.059 0.316 1    
110:  0.185 0.225 0.224 0.128 0.042 0.196 1    
111:  0.068 0.211 0.224 0.183 0.091 0.223 1    
112:  0.012 0.020 0.901 0.017 0.023 0.027 1    
113:  0.031 0.122 0.047 0.266 0.442 0.093 1    
114:  0.084 0.178 0.129 0.377 0.012 0.220 1    
115:  0.012 0.043 0.741 0.024 0.115 0.064 1    
116:  0.005 0.005 0.005 0.007 0.972 0.007 1    
117:  0.009 0.011 0.010 0.009 0.949 0.012 1    
118:  0.005 0.006 0.007 0.006 0.972 0.005 1    
119:  0.008 0.010 0.010 0.008 0.956 0.008 1    
120:  0.005 0.005 0.006 0.005 0.975 0.005 1    
121:  0.005 0.005 0.006 0.004 0.973 0.006 1    
122:  0.006 0.006 0.007 0.007 0.968 0.007 1    
123:  0.011 0.011 0.010 0.012 0.945 0.011 1    
124:  0.005 0.006 0.007 0.005 0.973 0.005 1    
125:  0.003 0.004 0.004 0.004 0.981 0.004 1    
126:  0.289 0.218 0.074 0.193 0.011 0.214 1    
127:  0.103 0.155 0.312 0.236 0.018 0.176 1    
128:  0.050 0.380 0.098 0.112 0.015 0.345 1    
129:  0.081 0.325 0.099 0.080 0.101 0.313 1    
130:  0.211 0.220 0.038 0.222 0.005 0.304 1    
131:  0.080 0.307 0.080 0.266 0.012 0.255 1    
132:  0.028 0.047 0.807 0.025 0.048 0.044 1    
133:  0.036 0.016 0.892 0.015 0.016 0.027 1    
134:  0.059 0.276 0.026 0.363 0.016 0.260 1    
135:  0.030 0.175 0.011 0.509 0.092 0.184 1    
136:  0.097 0.139 0.112 0.490 0.011 0.151 1    
137:  0.279 0.091 0.314 0.188 0.006 0.122 1    
138:  0.064 0.211 0.121 0.405 0.016 0.183 1    
139:  0.184 0.231 0.065 0.193 0.016 0.311 1    
140:  0.188 0.222 0.034 0.250 0.012 0.295 1    
141:  0.135 0.244 0.193 0.169 0.013 0.246 1    
142:  0.407 0.224 0.084 0.076 0.011 0.198 1    
143:  0.029 0.307 0.043 0.212 0.041 0.367 1    
144:  0.189 0.359 0.027 0.154 0.017 0.254 1    
145:  0.163 0.401 0.068 0.056 0.014 0.297 1    
146:  0.198 0.338 0.031 0.130 0.014 0.289 1    
147:  0.179 0.291 0.047 0.165 0.026 0.292 1    
148:  0.104 0.258 0.150 0.236 0.009 0.243 1    
149:  0.106 0.216 0.179 0.131 0.175 0.194 1    
150:  0.214 0.172 0.160 0.200 0.057 0.196 1    
151:  0.017 0.063 0.826 0.050 0.006 0.039 1    
152:  0.101 0.102 0.571 0.079 0.011 0.136 1    
153:  0.034 0.130 0.576 0.090 0.032 0.139 1    
154:  0.069 0.335 0.118 0.165 0.016 0.296 1    
155:  0.039 0.251 0.191 0.180 0.016 0.322 1    
156:  0.084 0.247 0.097 0.339 0.019 0.215 1    
157:  0.021 0.117 0.667 0.092 0.012 0.091 1    
158:  0.170 0.349 0.015 0.070 0.015 0.380 1    
159:  0.309 0.278 0.017 0.102 0.010 0.283 1    
160:  0.126 0.180 0.124 0.333 0.016 0.221 1    
161:  0.203 0.227 0.248 0.086 0.007 0.228 1    
162:  0.381 0.188 0.125 0.103 0.041 0.162 1    
163:  0.272 0.140 0.345 0.066 0.016 0.162 1    
164:  0.093 0.304 0.071 0.195 0.014 0.323 1    
165:  0.273 0.196 0.086 0.264 0.005 0.176 1    
166:  0.149 0.308 0.057 0.154 0.036 0.296 1    
167:  0.033 0.150 0.319 0.085 0.274 0.139 1    
168:  0.192 0.317 0.070 0.096 0.009 0.317 1    
                       
                       
1:    0.175 0.130 0.149 0.433 0.008 0.106 1    
2:    0.135 0.488 0.054 0.042 0.009 0.273 1    
3:    0.210 0.435 0.053 0.045 0.006 0.251 1    
4:    0.168 0.113 0.371 0.025 0.024 0.299 1    
5:    0.098 0.552 0.053 0.026 0.009 0.261 1    
6:    0.083 0.402 0.075 0.163 0.007 0.271 1    
7:    0.253 0.104 0.250 0.171 0.014 0.208 1    
8:    0.176 0.068 0.201 0.407 0.046 0.102 1    
9:    0.092 0.080 0.040 0.677 0.008 0.104 1    
10:   0.084 0.082 0.046 0.669 0.008 0.111 1    
11:   0.125 0.484 0.091 0.017 0.006 0.278 1    
12:   0.137 0.397 0.074 0.055 0.015 0.322 1    
13:   0.095 0.196 0.278 0.118 0.005 0.308 1    
14:   0.257 0.270 0.164 0.026 0.014 0.268 1    
15:   0.256 0.167 0.144 0.076 0.021 0.337 1    
16:   0.194 0.277 0.183 0.056 0.009 0.279 1    
17:   0.296 0.180 0.236 0.016 0.016 0.256 1    
18:   0.256 0.148 0.154 0.116 0.060 0.267 1    
19:   0.157 0.215 0.365 0.034 0.012 0.217 1    
20:   0.123 0.160 0.387 0.170 0.013 0.147 1    
21:   0.147 0.243 0.101 0.224 0.012 0.273 1    
22:   0.180 0.149 0.585 0.015 0.006 0.065 1    
23:   0.169 0.278 0.093 0.142 0.034 0.284 1    
24:   0.338 0.119 0.230 0.052 0.012 0.248 1    
25:   0.327 0.119 0.154 0.020 0.015 0.365 1    
26:   0.108 0.451 0.083 0.016 0.007 0.335 1    
27:   0.131 0.310 0.327 0.051 0.006 0.175 1    
28:   0.130 0.149 0.125 0.445 0.027 0.125 1    
29:   0.265 0.122 0.374 0.082 0.049 0.108 1    
30:   0.207 0.448 0.028 0.048 0.012 0.256 1    
31:   0.136 0.159 0.463 0.082 0.008 0.152 1    
32:   0.181 0.323 0.115 0.026 0.042 0.313 1    
33:   0.275 0.084 0.512 0.022 0.027 0.080 1    
34:   0.160 0.177 0.289 0.139 0.008 0.228 1    
35:   0.224 0.180 0.183 0.062 0.144 0.207 1    
36:   0.303 0.089 0.125 0.329 0.016 0.139 1    
37:   0.160 0.039 0.504 0.032 0.008 0.256 1    
38:   0.178 0.063 0.142 0.193 0.326 0.097 1    
39:   0.236 0.225 0.235 0.054 0.010 0.240 1    
40:   0.281 0.222 0.274 0.018 0.024 0.182 1    
41:   0.210 0.133 0.338 0.097 0.022 0.199 1    
42:   0.290 0.099 0.419 0.038 0.010 0.144 1    
43:   0.313 0.221 0.171 0.017 0.009 0.269 1    
44:   0.227 0.092 0.426 0.031 0.013 0.211 1    
45:   0.220 0.093 0.343 0.036 0.071 0.237 1    
46:   0.137 0.463 0.085 0.067 0.010 0.238 1    
47:   0.065 0.696 0.023 0.009 0.006 0.200 1    
48:   0.023 0.710 0.015 0.007 0.005 0.239 1    
49:   0.200 0.148 0.546 0.023 0.014 0.068 1    
50:   0.036 0.663 0.018 0.022 0.005 0.256 1    
51:   0.261 0.088 0.383 0.100 0.011 0.157 1    
52:   0.182 0.110 0.126 0.060 0.257 0.265 1    
53:   0.215 0.094 0.213 0.181 0.014 0.284 1    
54:   0.041 0.655 0.026 0.021 0.014 0.244 1    
55:   0.089 0.134 0.604 0.030 0.010 0.133 1    
56:   0.177 0.156 0.385 0.021 0.014 0.247 1    
57:   0.070 0.029 0.029 0.825 0.006 0.040 1    
58:   0.268 0.188 0.167 0.194 0.041 0.143 1    
59:   0.255 0.119 0.157 0.155 0.167 0.147 1    
60:   0.181 0.077 0.061 0.586 0.018 0.077 1    
61:   0.042 0.030 0.025 0.851 0.006 0.046 1    
62:   0.213 0.073 0.473 0.016 0.017 0.208 1    
63:   0.218 0.190 0.236 0.035 0.008 0.313 1    
64:   0.170 0.140 0.433 0.021 0.009 0.228 1    
65:   0.332 0.181 0.138 0.047 0.036 0.266 1    
66:   0.608 0.107 0.143 0.025 0.018 0.099 1    
67:   0.312 0.130 0.304 0.054 0.016 0.183 1    
68:   0.167 0.118 0.317 0.099 0.020 0.279 1    
69:   0.310 0.102 0.148 0.133 0.036 0.271 1    
70:   0.053 0.043 0.039 0.798 0.008 0.058 1    
71:   0.107 0.106 0.550 0.026 0.013 0.198 1    
72:   0.409 0.073 0.285 0.060 0.093 0.080 1    
73:   0.256 0.159 0.134 0.046 0.007 0.399 1    
74:   0.260 0.166 0.212 0.229 0.049 0.085 1    
75:   0.281 0.292 0.211 0.046 0.010 0.160 1    
76:   0.138 0.325 0.186 0.048 0.010 0.294 1    
77:   0.039 0.022 0.025 0.854 0.019 0.041 1    
78:   0.184 0.193 0.107 0.343 0.017 0.156 1    
79:   0.247 0.262 0.174 0.070 0.017 0.230 1    
80:   0.211 0.414 0.099 0.044 0.006 0.225 1    
81:   0.117 0.082 0.133 0.586 0.007 0.074 1    
82:   0.081 0.054 0.092 0.713 0.009 0.052 1    
83:   0.045 0.047 0.051 0.789 0.005 0.061 1    
84:   0.248 0.204 0.212 0.086 0.015 0.234 1    
85:   0.340 0.182 0.356 0.031 0.010 0.081 1    
86:   0.321 0.254 0.144 0.100 0.008 0.173 1    
87:   0.167 0.249 0.112 0.115 0.009 0.347 1    
88:   0.135 0.091 0.071 0.545 0.023 0.133 1    
89:   0.227 0.366 0.168 0.026 0.012 0.202 1    
90:   0.464 0.138 0.172 0.018 0.013 0.195 1    
91:   0.072 0.087 0.102 0.633 0.050 0.057 1    
92:   0.163 0.079 0.301 0.187 0.011 0.259 1    
93:   0.132 0.078 0.297 0.316 0.024 0.154 1    
94:   0.059 0.038 0.113 0.715 0.012 0.063 1    
95:   0.210 0.244 0.274 0.047 0.008 0.216 1    
96:   0.174 0.115 0.216 0.214 0.012 0.270 1    
97:   0.199 0.321 0.077 0.066 0.071 0.265 1    
98:   0.256 0.257 0.103 0.052 0.013 0.318 1    
99:   0.248 0.182 0.226 0.092 0.091 0.161 1    
100:  0.330 0.236 0.107 0.036 0.026 0.264 1    
101:  0.254 0.116 0.144 0.264 0.025 0.198 1    
102:  0.213 0.054 0.469 0.170 0.009 0.084 1    
103:  0.043 0.037 0.022 0.847 0.005 0.045 1    
104:  0.196 0.239 0.167 0.018 0.004 0.376 1    
105:  0.028 0.020 0.017 0.840 0.062 0.033 1    
106:  0.235 0.183 0.240 0.045 0.020 0.277 1    
107:  0.228 0.055 0.451 0.112 0.022 0.133 1    
108:  0.140 0.426 0.068 0.018 0.019 0.329 1    
109:  0.255 0.094 0.314 0.033 0.059 0.245 1    
110:  0.166 0.230 0.158 0.194 0.044 0.209 1    
111:  0.213 0.098 0.183 0.277 0.115 0.114 1    
112:  0.025 0.016 0.023 0.875 0.031 0.030 1    
113:  0.099 0.058 0.219 0.053 0.428 0.143 1    
114:  0.161 0.114 0.247 0.127 0.011 0.339 1    
115:  0.070 0.013 0.060 0.676 0.141 0.039 1    
116:  0.008 0.006 0.007 0.007 0.966 0.007 1    
117:  0.012 0.012 0.013 0.012 0.940 0.010 1    
118:  0.006 0.005 0.006 0.006 0.971 0.006 1    
119:  0.010 0.008 0.008 0.012 0.953 0.008 1    
120:  0.005 0.006 0.006 0.006 0.972 0.006 1    
121:  0.005 0.006 0.005 0.007 0.970 0.007 1    
122:  0.008 0.007 0.007 0.008 0.960 0.009 1    
123:  0.013 0.013 0.014 0.011 0.938 0.012 1    
124:  0.007 0.006 0.005 0.007 0.969 0.006 1    
125:  0.004 0.005 0.005 0.004 0.977 0.005 1    
126:  0.233 0.215 0.223 0.081 0.016 0.232 1    
127:  0.236 0.078 0.200 0.292 0.017 0.177 1    
128:  0.298 0.079 0.252 0.095 0.013 0.263 1    
129:  0.370 0.062 0.238 0.075 0.109 0.147 1    
130:  0.243 0.251 0.143 0.065 0.006 0.292 1    
131:  0.263 0.114 0.373 0.045 0.013 0.191 1    
132:  0.077 0.045 0.063 0.691 0.059 0.066 1    
133:  0.028 0.032 0.013 0.853 0.017 0.057 1    
134:  0.232 0.124 0.201 0.037 0.017 0.390 1    
135:  0.137 0.082 0.338 0.013 0.091 0.339 1    
136:  0.190 0.129 0.335 0.136 0.015 0.197 1    
137:  0.098 0.180 0.071 0.494 0.007 0.150 1    
138:  0.203 0.166 0.255 0.147 0.013 0.216 1    
139:  0.211 0.290 0.152 0.040 0.019 0.287 1    
140:  0.291 0.108 0.138 0.065 0.010 0.390 1    
141:  0.212 0.141 0.297 0.162 0.011 0.177 1    
142:  0.211 0.448 0.098 0.070 0.009 0.164 1    
143:  0.356 0.141 0.299 0.062 0.055 0.088 1    
144:  0.319 0.253 0.148 0.018 0.019 0.244 1    
145:  0.545 0.127 0.089 0.058 0.013 0.168 1    
146:  0.244 0.375 0.111 0.026 0.013 0.231 1    
147:  0.224 0.316 0.157 0.046 0.024 0.233 1    
148:  0.171 0.260 0.135 0.204 0.011 0.218 1    
149:  0.282 0.100 0.179 0.177 0.161 0.102 1    
150:  0.160 0.195 0.157 0.153 0.055 0.281 1    
151:  0.089 0.025 0.041 0.818 0.006 0.022 1    
152:  0.159 0.082 0.105 0.535 0.011 0.108 1    
153:  0.118 0.059 0.182 0.479 0.039 0.123 1    
154:  0.222 0.109 0.429 0.093 0.014 0.132 1    
155:  0.404 0.050 0.224 0.161 0.018 0.143 1    
156:  0.281 0.132 0.277 0.105 0.021 0.183 1    
157:  0.097 0.020 0.197 0.558 0.015 0.113 1    
158:  0.464 0.110 0.088 0.022 0.016 0.299 1    
159:  0.287 0.304 0.146 0.015 0.012 0.236 1    
160:  0.276 0.109 0.271 0.060 0.016 0.268 1    
161:  0.218 0.123 0.246 0.232 0.009 0.172 1    
162:  0.150 0.280 0.053 0.071 0.048 0.399 1    
163:  0.176 0.158 0.049 0.330 0.020 0.267 1    
164:  0.209 0.109 0.409 0.048 0.015 0.211 1    
165:  0.227 0.258 0.227 0.112 0.006 0.169 1    
166:  0.229 0.149 0.253 0.058 0.040 0.271 1    
167:  0.110 0.052 0.254 0.242 0.247 0.096 1    
168:  0.326 0.179 0.196 0.051 0.008 0.240 1    
                       
                       
1:    0.181 0.009 0.126 0.226 0.302 0.157 1    
2:    0.065 0.007 0.791 0.070 0.030 0.037 1    
3:    0.085 0.005 0.695 0.063 0.032 0.120 1    
4:    0.298 0.029 0.035 0.035 0.314 0.290 1    
5:    0.070 0.008 0.678 0.027 0.107 0.110 1    
6:    0.054 0.008 0.704 0.171 0.027 0.037 1    
7:    0.197 0.014 0.184 0.270 0.126 0.208 1    
8:    0.072 0.045 0.038 0.732 0.032 0.082 1    
9:    0.043 0.007 0.098 0.775 0.029 0.047 1    
10:   0.044 0.008 0.109 0.755 0.049 0.036 1    
11:   0.131 0.006 0.426 0.024 0.283 0.130 1    
12:   0.037 0.015 0.794 0.040 0.048 0.066 1    
13:   0.261 0.005 0.049 0.111 0.327 0.246 1    
14:   0.283 0.014 0.222 0.039 0.227 0.214 1    
15:   0.155 0.020 0.151 0.106 0.284 0.284 1    
16:   0.146 0.010 0.161 0.062 0.375 0.246 1    
17:   0.366 0.017 0.127 0.026 0.224 0.239 1    
18:   0.221 0.050 0.205 0.103 0.118 0.304 1    
19:   0.237 0.010 0.120 0.032 0.316 0.285 1    
20:   0.208 0.013 0.024 0.093 0.426 0.237 1    
21:   0.092 0.013 0.467 0.256 0.058 0.114 1    
22:   0.485 0.005 0.014 0.031 0.240 0.225 1    
23:   0.088 0.035 0.534 0.089 0.127 0.127 1    
24:   0.245 0.012 0.169 0.058 0.200 0.316 1    
25:   0.349 0.017 0.117 0.040 0.127 0.350 1    
26:   0.060 0.011 0.762 0.017 0.064 0.087 1    
27:   0.276 0.006 0.189 0.034 0.264 0.230 1    
28:   0.098 0.032 0.097 0.385 0.221 0.167 1    
29:   0.312 0.043 0.066 0.064 0.286 0.229 1    
30:   0.025 0.011 0.878 0.038 0.018 0.030 1    
31:   0.449 0.006 0.041 0.054 0.291 0.158 1    
32:   0.095 0.037 0.659 0.017 0.098 0.095 1    
33:   0.343 0.021 0.078 0.024 0.256 0.279 1    
34:   0.251 0.007 0.097 0.173 0.305 0.166 1    
35:   0.146 0.136 0.287 0.083 0.149 0.200 1    
36:   0.142 0.021 0.094 0.344 0.151 0.248 1    
37:   0.385 0.011 0.031 0.051 0.242 0.280 1    
38:   0.112 0.283 0.026 0.339 0.106 0.134 1    
39:   0.226 0.011 0.305 0.094 0.150 0.213 1    
40:   0.239 0.026 0.186 0.013 0.245 0.290 1    
41:   0.254 0.019 0.050 0.036 0.397 0.244 1    
42:   0.299 0.009 0.023 0.042 0.280 0.347 1    
43:   0.239 0.008 0.129 0.024 0.210 0.391 1    
44:   0.285 0.016 0.102 0.098 0.224 0.274 1    
45:   0.308 0.077 0.041 0.096 0.213 0.265 1    
46:   0.149 0.011 0.509 0.034 0.171 0.127 1    
47:   0.013 0.007 0.924 0.010 0.024 0.022 1    
48:   0.020 0.005 0.932 0.007 0.013 0.023 1    
49:   0.423 0.017 0.058 0.035 0.243 0.226 1    
50:   0.058 0.004 0.778 0.018 0.061 0.080 1    
51:   0.307 0.012 0.049 0.083 0.256 0.294 1    
52:   0.149 0.284 0.221 0.060 0.087 0.199 1    
53:   0.188 0.014 0.090 0.184 0.233 0.291 1    
54:   0.039 0.014 0.804 0.015 0.073 0.056 1    
55:   0.485 0.008 0.023 0.043 0.265 0.177 1    
56:   0.273 0.015 0.207 0.043 0.232 0.230 1    
57:   0.115 0.006 0.031 0.596 0.115 0.137 1    
58:   0.218 0.037 0.120 0.232 0.147 0.246 1    
59:   0.191 0.175 0.048 0.219 0.158 0.208 1    
60:   0.066 0.014 0.039 0.669 0.086 0.126 1    
61:   0.025 0.006 0.016 0.914 0.013 0.026 1    
62:   0.398 0.016 0.045 0.022 0.251 0.268 1    
63:   0.314 0.010 0.129 0.026 0.280 0.241 1    
64:   0.341 0.008 0.073 0.016 0.292 0.269 1    
65:   0.187 0.041 0.304 0.033 0.188 0.248 1    
66:   0.299 0.015 0.027 0.036 0.182 0.441 1    
67:   0.320 0.014 0.028 0.058 0.323 0.257 1    
68:   0.326 0.017 0.061 0.141 0.248 0.206 1    
69:   0.201 0.037 0.162 0.174 0.140 0.286 1    
70:   0.017 0.007 0.067 0.859 0.020 0.030 1    
71:   0.435 0.014 0.022 0.084 0.264 0.181 1    
72:   0.308 0.129 0.025 0.128 0.217 0.192 1    
73:   0.193 0.008 0.434 0.044 0.132 0.189 1    
74:   0.201 0.049 0.025 0.073 0.429 0.223 1    
75:   0.229 0.009 0.062 0.023 0.426 0.250 1    
76:   0.263 0.008 0.372 0.037 0.136 0.183 1    
77:   0.040 0.018 0.040 0.712 0.118 0.072 1    
78:   0.158 0.017 0.094 0.217 0.269 0.246 1    
79:   0.249 0.019 0.351 0.061 0.152 0.169 1    
80:   0.135 0.007 0.429 0.041 0.204 0.184 1    
81:   0.204 0.007 0.090 0.287 0.279 0.132 1    
82:   0.111 0.008 0.040 0.504 0.210 0.127 1    
83:   0.131 0.005 0.076 0.408 0.271 0.110 1    
84:   0.237 0.017 0.080 0.073 0.347 0.245 1    
85:   0.424 0.009 0.079 0.045 0.208 0.235 1    
86:   0.179 0.008 0.345 0.096 0.196 0.176 1    
87:   0.097 0.008 0.603 0.127 0.066 0.100 1    
88:   0.057 0.025 0.083 0.690 0.063 0.083 1    
89:   0.165 0.013 0.183 0.022 0.379 0.237 1    
90:   0.205 0.011 0.101 0.015 0.232 0.436 1    
91:   0.139 0.054 0.044 0.378 0.250 0.135 1    
92:   0.245 0.012 0.030 0.290 0.233 0.190 1    
93:   0.171 0.021 0.016 0.531 0.153 0.108 1    
94:   0.144 0.013 0.021 0.662 0.077 0.084 1    
95:   0.372 0.008 0.271 0.031 0.131 0.186 1    
96:   0.162 0.010 0.083 0.318 0.268 0.159 1    
97:   0.156 0.054 0.395 0.082 0.114 0.199 1    
98:   0.153 0.015 0.221 0.030 0.301 0.280 1    
99:   0.217 0.086 0.045 0.077 0.236 0.340 1    
100:  0.167 0.024 0.142 0.013 0.347 0.307 1    
101:  0.185 0.025 0.090 0.357 0.187 0.157 1    
102:  0.323 0.008 0.009 0.329 0.184 0.147 1    
103:  0.047 0.005 0.024 0.835 0.053 0.037 1    
104:  0.127 0.005 0.613 0.017 0.086 0.153 1    
105:  0.017 0.060 0.016 0.862 0.022 0.022 1    
106:  0.267 0.020 0.050 0.043 0.352 0.268 1    
107:  0.241 0.015 0.019 0.134 0.262 0.329 1    
108:  0.026 0.017 0.879 0.017 0.019 0.043 1    
109:  0.238 0.061 0.076 0.037 0.302 0.286 1    
110:  0.148 0.039 0.175 0.180 0.231 0.227 1    
111:  0.159 0.099 0.033 0.124 0.339 0.246 1    
112:  0.020 0.026 0.016 0.901 0.020 0.018 1    
113:  0.163 0.420 0.036 0.063 0.139 0.178 1    
114:  0.225 0.013 0.087 0.204 0.229 0.242 1    
115:  0.031 0.138 0.011 0.754 0.024 0.043 1    
116:  0.007 0.967 0.005 0.006 0.007 0.008 1    
117:  0.013 0.942 0.012 0.014 0.010 0.010 1    
118:  0.006 0.968 0.006 0.007 0.007 0.007 1    
119:  0.009 0.954 0.007 0.012 0.008 0.009 1    
120:  0.006 0.974 0.005 0.005 0.005 0.005 1    
121:  0.005 0.969 0.006 0.007 0.007 0.007 1    
122:  0.007 0.963 0.007 0.008 0.009 0.006 1    
123:  0.012 0.935 0.011 0.013 0.013 0.016 1    
124:  0.006 0.972 0.005 0.006 0.006 0.005 1    
125:  0.004 0.978 0.004 0.005 0.004 0.005 1    
126:  0.258 0.015 0.260 0.061 0.221 0.186 1    
127:  0.154 0.017 0.052 0.334 0.227 0.215 1    
128:  0.313 0.014 0.068 0.092 0.159 0.354 1    
129:  0.286 0.112 0.072 0.064 0.164 0.302 1    
130:  0.204 0.006 0.193 0.071 0.272 0.255 1    
131:  0.355 0.013 0.021 0.050 0.329 0.232 1    
132:  0.060 0.046 0.026 0.778 0.045 0.046 1    
133:  0.011 0.017 0.043 0.886 0.018 0.025 1    
134:  0.264 0.017 0.039 0.048 0.277 0.355 1    
135:  0.275 0.108 0.019 0.020 0.302 0.277 1    
136:  0.289 0.012 0.036 0.231 0.225 0.207 1    
137:  0.158 0.006 0.232 0.236 0.202 0.166 1    
138:  0.183 0.011 0.028 0.063 0.508 0.208 1    
139:  0.184 0.019 0.029 0.013 0.472 0.283 1    
140:  0.215 0.013 0.196 0.049 0.175 0.352 1    
141:  0.218 0.014 0.068 0.109 0.378 0.213 1    
142:  0.148 0.010 0.375 0.076 0.187 0.205 1    
143:  0.284 0.043 0.018 0.048 0.299 0.308 1    
144:  0.249 0.026 0.151 0.025 0.220 0.328 1    
145:  0.235 0.023 0.252 0.068 0.127 0.295 1    
146:  0.199 0.010 0.122 0.018 0.378 0.273 1    
147:  0.195 0.023 0.055 0.019 0.421 0.287 1    
148:  0.153 0.008 0.062 0.101 0.445 0.231 1    
149:  0.265 0.154 0.067 0.142 0.162 0.209 1    
150:  0.164 0.055 0.161 0.146 0.264 0.210 1    
151:  0.032 0.006 0.008 0.855 0.056 0.042 1    
152:  0.133 0.016 0.158 0.458 0.130 0.106 1    
153:  0.140 0.033 0.030 0.610 0.093 0.093 1    
154:  0.386 0.018 0.056 0.127 0.230 0.183 1    
155:  0.209 0.017 0.053 0.299 0.135 0.287 1    
156:  0.307 0.020 0.077 0.101 0.246 0.248 1    
157:  0.113 0.015 0.017 0.701 0.063 0.092 1    
158:  0.204 0.016 0.242 0.026 0.156 0.355 1    
159:  0.219 0.013 0.349 0.023 0.203 0.193 1    
160:  0.264 0.017 0.098 0.206 0.208 0.207 1    
161:  0.223 0.010 0.201 0.132 0.279 0.155 1    
162:  0.088 0.040 0.548 0.084 0.120 0.120 1    
163:  0.090 0.018 0.432 0.193 0.106 0.160 1    
164:  0.392 0.016 0.092 0.042 0.224 0.233 1    
165:  0.241 0.006 0.247 0.158 0.182 0.167 1    
166:  0.229 0.041 0.234 0.061 0.148 0.287 1    
167:  0.169 0.278 0.030 0.317 0.093 0.113 1    
168:  0.209 0.009 0.224 0.049 0.227 0.281 1    
                       
                       
1:    0.356 0.157 0.200 0.148 0.007 0.133 1    
2:    0.135 0.297 0.040 0.421 0.007 0.101 1    
3:    0.147 0.244 0.082 0.395 0.006 0.126 1    
4:    0.031 0.317 0.172 0.116 0.024 0.341 1    
5:    0.043 0.322 0.050 0.480 0.008 0.098 1    
6:    0.239 0.278 0.033 0.370 0.007 0.073 1    
7:    0.294 0.216 0.163 0.147 0.013 0.167 1    
8:    0.557 0.155 0.088 0.058 0.034 0.108 1    
9:    0.589 0.027 0.278 0.081 0.006 0.018 1    
10:   0.589 0.020 0.273 0.092 0.007 0.020 1    
11:   0.029 0.208 0.200 0.389 0.006 0.168 1    
12:   0.087 0.225 0.109 0.456 0.017 0.106 1    
13:   0.116 0.221 0.266 0.119 0.004 0.275 1    
14:   0.032 0.241 0.143 0.250 0.013 0.320 1    
15:   0.147 0.164 0.263 0.201 0.019 0.206 1    
16:   0.056 0.315 0.208 0.174 0.007 0.239 1    
17:   0.015 0.281 0.142 0.250 0.017 0.295 1    
18:   0.116 0.136 0.208 0.321 0.054 0.166 1    
19:   0.042 0.463 0.064 0.173 0.010 0.247 1    
20:   0.109 0.326 0.226 0.118 0.011 0.210 1    
21:   0.322 0.207 0.093 0.284 0.010 0.085 1    
22:   0.026 0.552 0.022 0.118 0.006 0.276 1    
23:   0.151 0.129 0.159 0.387 0.034 0.141 1    
24:   0.048 0.239 0.315 0.183 0.011 0.204 1    
25:   0.068 0.198 0.265 0.143 0.014 0.312 1    
26:   0.030 0.166 0.074 0.573 0.010 0.147 1    
27:   0.078 0.413 0.115 0.175 0.005 0.213 1    
28:   0.392 0.138 0.180 0.168 0.030 0.091 1    
29:   0.083 0.289 0.134 0.100 0.043 0.351 1    
30:   0.068 0.157 0.071 0.593 0.013 0.099 1    
31:   0.072 0.452 0.135 0.105 0.006 0.230 1    
32:   0.023 0.140 0.135 0.512 0.035 0.155 1    
33:   0.016 0.333 0.110 0.131 0.026 0.385 1    
34:   0.146 0.349 0.140 0.159 0.007 0.197 1    
35:   0.101 0.121 0.224 0.271 0.151 0.131 1    
36:   0.428 0.144 0.205 0.100 0.020 0.103 1    
37:   0.030 0.393 0.139 0.130 0.009 0.300 1    
38:   0.339 0.087 0.122 0.028 0.283 0.141 1    
39:   0.189 0.350 0.086 0.216 0.008 0.151 1    
40:   0.020 0.194 0.112 0.189 0.022 0.464 1    
41:   0.066 0.260 0.193 0.161 0.019 0.302 1    
42:   0.028 0.295 0.135 0.082 0.008 0.452 1    
43:   0.019 0.160 0.185 0.298 0.007 0.331 1    
44:   0.064 0.320 0.121 0.159 0.013 0.322 1    
45:   0.071 0.289 0.147 0.094 0.072 0.327 1    
46:   0.077 0.202 0.109 0.491 0.008 0.112 1    
47:   0.008 0.107 0.043 0.749 0.005 0.089 1    
48:   0.007 0.122 0.063 0.757 0.006 0.045 1    
49:   0.018 0.450 0.095 0.099 0.012 0.327 1    
50:   0.036 0.137 0.092 0.670 0.004 0.061 1    
51:   0.076 0.279 0.128 0.129 0.009 0.379 1    
52:   0.089 0.065 0.256 0.164 0.279 0.147 1    
53:   0.118 0.275 0.224 0.151 0.014 0.218 1    
54:   0.029 0.166 0.073 0.677 0.013 0.042 1    
55:   0.022 0.506 0.107 0.111 0.007 0.248 1    
56:   0.029 0.350 0.109 0.252 0.012 0.248 1    
57:   0.628 0.042 0.237 0.023 0.006 0.064 1    
58:   0.285 0.130 0.205 0.141 0.034 0.204 1    
59:   0.212 0.167 0.186 0.124 0.155 0.155 1    
60:   0.717 0.085 0.033 0.071 0.015 0.079 1    
61:   0.895 0.020 0.040 0.026 0.006 0.014 1    
62:   0.023 0.274 0.152 0.145 0.018 0.387 1    
63:   0.026 0.342 0.149 0.226 0.007 0.250 1    
64:   0.011 0.470 0.096 0.197 0.007 0.220 1    
65:   0.023 0.115 0.302 0.275 0.036 0.248 1    
66:   0.101 0.087 0.268 0.067 0.015 0.462 1    
67:   0.094 0.212 0.320 0.070 0.015 0.289 1    
68:   0.119 0.359 0.133 0.143 0.020 0.226 1    
69:   0.198 0.158 0.231 0.130 0.039 0.244 1    
70:   0.853 0.033 0.049 0.039 0.006 0.020 1    
71:   0.042 0.453 0.114 0.132 0.011 0.248 1    
72:   0.137 0.162 0.302 0.053 0.123 0.222 1    
73:   0.079 0.255 0.195 0.320 0.007 0.145 1    
74:   0.194 0.097 0.293 0.039 0.037 0.340 1    
75:   0.053 0.165 0.298 0.150 0.008 0.327 1    
76:   0.065 0.348 0.138 0.284 0.007 0.159 1    
77:   0.712 0.033 0.155 0.037 0.017 0.045 1    
78:   0.316 0.121 0.229 0.174 0.012 0.147 1    
79:   0.127 0.270 0.142 0.287 0.017 0.157 1    
80:   0.027 0.153 0.204 0.467 0.005 0.145 1    
81:   0.467 0.094 0.243 0.080 0.006 0.109 1    
82:   0.543 0.095 0.240 0.044 0.007 0.071 1    
83:   0.520 0.051 0.240 0.069 0.005 0.115 1    
84:   0.054 0.171 0.296 0.194 0.014 0.271 1    
85:   0.049 0.472 0.102 0.111 0.009 0.257 1    
86:   0.139 0.290 0.124 0.323 0.009 0.115 1    
87:   0.107 0.221 0.173 0.336 0.008 0.156 1    
88:   0.493 0.062 0.235 0.102 0.024 0.084 1    
89:   0.021 0.128 0.307 0.275 0.010 0.260 1    
90:   0.022 0.127 0.220 0.154 0.012 0.465 1    
91:   0.472 0.043 0.264 0.067 0.052 0.102 1    
92:   0.254 0.185 0.269 0.060 0.009 0.224 1    
93:   0.404 0.268 0.108 0.078 0.018 0.124 1    
94:   0.685 0.096 0.137 0.021 0.010 0.051 1    
95:   0.027 0.301 0.210 0.156 0.007 0.300 1    
96:   0.247 0.164 0.353 0.109 0.012 0.115 1    
97:   0.069 0.176 0.221 0.312 0.047 0.174 1    
98:   0.038 0.162 0.166 0.427 0.014 0.193 1    
99:   0.086 0.268 0.167 0.141 0.082 0.256 1    
100:  0.018 0.210 0.191 0.330 0.021 0.230 1    
101:  0.286 0.153 0.275 0.092 0.024 0.170 1    
102:  0.352 0.274 0.118 0.051 0.008 0.198 1    
103:  0.869 0.033 0.036 0.025 0.004 0.032 1    
104:  0.017 0.187 0.140 0.372 0.005 0.280 1    
105:  0.864 0.016 0.024 0.016 0.053 0.026 1    
106:  0.077 0.223 0.305 0.112 0.021 0.263 1    
107:  0.141 0.251 0.256 0.119 0.012 0.221 1    
108:  0.032 0.152 0.095 0.621 0.019 0.081 1    
109:  0.032 0.157 0.237 0.210 0.046 0.319 1    
110:  0.254 0.125 0.212 0.176 0.039 0.194 1    
111:  0.173 0.167 0.325 0.062 0.088 0.184 1    
112:  0.890 0.020 0.021 0.014 0.030 0.026 1    
113:  0.072 0.135 0.154 0.052 0.421 0.167 1    
114:  0.186 0.254 0.230 0.121 0.011 0.198 1    
115:  0.773 0.037 0.024 0.017 0.101 0.047 1    
116:  0.005 0.007 0.006 0.006 0.971 0.005 1    
117:  0.012 0.011 0.011 0.011 0.946 0.009 1    
118:  0.006 0.006 0.005 0.004 0.973 0.005 1    
119:  0.010 0.008 0.008 0.008 0.959 0.007 1    
120:  0.006 0.005 0.004 0.005 0.976 0.005 1    
121:  0.006 0.005 0.006 0.004 0.973 0.005 1    
122:  0.008 0.006 0.007 0.006 0.967 0.006 1    
123:  0.012 0.013 0.012 0.009 0.941 0.013 1    
124:  0.005 0.005 0.005 0.005 0.973 0.006 1    
125:  0.004 0.004 0.004 0.004 0.980 0.004 1    
126:  0.057 0.155 0.242 0.228 0.014 0.303 1    
127:  0.235 0.158 0.324 0.085 0.015 0.182 1    
128:  0.073 0.177 0.333 0.111 0.013 0.293 1    
129:  0.060 0.127 0.308 0.105 0.101 0.299 1    
130:  0.054 0.273 0.230 0.236 0.005 0.202 1    
131:  0.043 0.296 0.209 0.127 0.011 0.314 1    
132:  0.670 0.039 0.169 0.040 0.039 0.042 1    
133:  0.890 0.018 0.024 0.038 0.015 0.016 1    
134:  0.027 0.094 0.403 0.080 0.017 0.378 1    
135:  0.019 0.215 0.236 0.095 0.108 0.327 1    
136:  0.171 0.250 0.193 0.135 0.012 0.239 1    
137:  0.321 0.174 0.194 0.227 0.005 0.079 1    
138:  0.078 0.231 0.336 0.088 0.012 0.255 1    
139:  0.024 0.119 0.379 0.081 0.016 0.382 1    
140:  0.048 0.140 0.191 0.233 0.012 0.376 1    
141:  0.165 0.212 0.253 0.128 0.010 0.232 1    
142:  0.079 0.140 0.146 0.450 0.007 0.177 1    
143:  0.066 0.263 0.141 0.086 0.046 0.397 1    
144:  0.027 0.118 0.257 0.171 0.018 0.409 1    
145:  0.029 0.050 0.392 0.257 0.020 0.253 1    
146:  0.023 0.110 0.315 0.186 0.012 0.354 1    
147:  0.024 0.166 0.302 0.139 0.018 0.350 1    
148:  0.075 0.229 0.308 0.101 0.010 0.277 1    
149:  0.123 0.133 0.271 0.099 0.163 0.212 1    
150:  0.166 0.174 0.256 0.172 0.057 0.177 1    
151:  0.849 0.033 0.068 0.019 0.005 0.026 1    
152:  0.393 0.086 0.308 0.092 0.012 0.108 1    
153:  0.520 0.151 0.155 0.048 0.035 0.091 1    
154:  0.158 0.290 0.177 0.099 0.019 0.257 1    
155:  0.271 0.195 0.282 0.054 0.013 0.186 1    
156:  0.111 0.375 0.169 0.146 0.019 0.180 1    
157:  0.619 0.136 0.079 0.025 0.012 0.129 1    
