1:    0.018 0.028 0.023 0.033 0.335 0.562 1    
2:    0.022 0.243 0.034 0.096 0.509 0.095 1    
3:    0.074 0.271 0.048 0.123 0.045 0.439 1    
4:    0.095 0.088 0.031 0.031 0.661 0.094 1    
5:    0.016 0.319 0.045 0.557 0.023 0.039 1    
6:    0.027 0.053 0.046 0.055 0.542 0.276 1    
7:    0.035 0.263 0.347 0.060 0.220 0.076 1    
8:    0.045 0.027 0.067 0.785 0.047 0.030 1    
9:    0.045 0.020 0.054 0.809 0.053 0.019 1    
10:   0.066 0.078 0.633 0.037 0.128 0.057 1    
11:   0.030 0.127 0.110 0.361 0.071 0.301 1    
12:   0.056 0.068 0.074 0.675 0.062 0.065 1    
13:   0.537 0.034 0.061 0.093 0.199 0.077 1    
14:   0.038 0.039 0.284 0.390 0.192 0.057 1    
15:   0.601 0.040 0.064 0.157 0.081 0.057 1    
16:   0.126 0.034 0.149 0.046 0.285 0.361 1    
17:   0.036 0.146 0.049 0.425 0.280 0.063 1    
18:   0.580 0.121 0.040 0.039 0.130 0.090 1    
19:   0.199 0.638 0.041 0.062 0.035 0.025 1    
20:   0.106 0.152 0.287 0.133 0.097 0.225 1    
21:   0.033 0.868 0.031 0.029 0.025 0.014 1    
22:   0.035 0.727 0.042 0.123 0.047 0.025 1    
23:   0.033 0.717 0.143 0.029 0.045 0.033 1    
24:   0.090 0.130 0.093 0.048 0.109 0.529 1    
25:   0.389 0.178 0.083 0.073 0.228 0.049 1    
26:   0.151 0.725 0.036 0.024 0.043 0.021 1    
27:   0.036 0.092 0.037 0.507 0.263 0.065 1    
28:   0.059 0.717 0.063 0.067 0.065 0.029 1    
29:   0.105 0.598 0.054 0.088 0.043 0.112 1    
30:   0.273 0.036 0.062 0.125 0.444 0.060 1    
31:   0.032 0.863 0.022 0.019 0.028 0.036 1    
32:   0.219 0.287 0.100 0.082 0.259 0.054 1    
33:   0.027 0.029 0.221 0.528 0.108 0.086 1    
34:   0.233 0.382 0.116 0.145 0.092 0.031 1    
35:   0.017 0.803 0.064 0.046 0.050 0.019 1    
36:   0.101 0.639 0.099 0.034 0.081 0.045 1    
37:   0.251 0.041 0.153 0.294 0.158 0.103 1    
38:   0.033 0.079 0.079 0.641 0.149 0.019 1    
39:   0.036 0.027 0.044 0.539 0.326 0.028 1    
40:   0.505 0.033 0.028 0.358 0.036 0.039 1    
41:   0.095 0.114 0.490 0.182 0.094 0.025 1    
42:   0.044 0.035 0.151 0.543 0.180 0.046 1    
43:   0.223 0.044 0.026 0.203 0.273 0.230 1    
44:   0.277 0.044 0.090 0.144 0.135 0.311 1    
45:   0.016 0.015 0.017 0.903 0.015 0.033 1    
46:   0.018 0.036 0.030 0.825 0.029 0.063 1    
47:   0.072 0.090 0.144 0.293 0.101 0.301 1    
48:   0.234 0.128 0.036 0.195 0.048 0.359 1    
49:   0.024 0.026 0.020 0.868 0.022 0.040 1    
50:   0.024 0.021 0.019 0.019 0.021 0.895 1    
51:   0.036 0.024 0.025 0.878 0.014 0.023 1    
52:   0.040 0.108 0.029 0.715 0.069 0.039 1    
53:   0.034 0.056 0.061 0.639 0.143 0.067 1    
54:   0.014 0.016 0.014 0.929 0.012 0.015 1    
55:   0.017 0.049 0.640 0.077 0.053 0.164 1    
56:   0.048 0.025 0.167 0.067 0.082 0.611 1    
57:   0.205 0.148 0.218 0.175 0.036 0.218 1    
58:   0.046 0.130 0.042 0.139 0.046 0.597 1    
59:   0.080 0.071 0.548 0.107 0.075 0.118 1    
60:   0.045 0.059 0.269 0.107 0.083 0.437 1    
61:   0.032 0.032 0.737 0.023 0.035 0.141 1    
62:   0.026 0.035 0.038 0.042 0.092 0.767 1    
63:   0.035 0.024 0.037 0.037 0.064 0.803 1    
64:   0.027 0.028 0.479 0.025 0.048 0.393 1    
65:   0.022 0.024 0.019 0.903 0.012 0.020 1    
66:   0.149 0.274 0.050 0.249 0.048 0.231 1    
67:   0.089 0.027 0.765 0.027 0.053 0.040 1    
68:   0.014 0.024 0.849 0.020 0.030 0.063 1    
69:   0.084 0.033 0.769 0.037 0.052 0.025 1    
70:   0.079 0.304 0.250 0.113 0.054 0.199 1    
71:   0.036 0.024 0.054 0.456 0.052 0.378 1    
72:   0.037 0.049 0.048 0.043 0.053 0.770 1    
73:   0.037 0.023 0.020 0.025 0.023 0.872 1    
74:   0.028 0.031 0.138 0.751 0.024 0.028 1    
75:   0.024 0.025 0.392 0.085 0.033 0.441 1    
76:   0.020 0.035 0.037 0.848 0.021 0.038 1    
77:   0.039 0.104 0.034 0.703 0.036 0.084 1    
78:   0.063 0.047 0.069 0.151 0.041 0.629 1    
79:   0.078 0.123 0.338 0.139 0.223 0.099 1    
80:   0.043 0.045 0.292 0.529 0.057 0.035 1    
81:   0.040 0.866 0.022 0.030 0.024 0.018 1    
82:   0.036 0.024 0.042 0.836 0.020 0.042 1    
83:   0.031 0.043 0.283 0.051 0.153 0.438 1    
84:   0.018 0.312 0.074 0.099 0.085 0.412 1    
85:   0.038 0.081 0.084 0.551 0.039 0.207 1    
86:   0.045 0.105 0.405 0.112 0.260 0.073 1    
87:   0.023 0.020 0.020 0.903 0.016 0.018 1    
88:   0.031 0.018 0.222 0.201 0.178 0.351 1    
89:   0.025 0.080 0.070 0.683 0.073 0.069 1    
90:   0.088 0.226 0.221 0.034 0.164 0.266 1    
91:   0.022 0.031 0.015 0.030 0.031 0.871 1    
92:   0.020 0.019 0.033 0.867 0.026 0.035 1    
93:   0.026 0.020 0.026 0.016 0.025 0.886 1    
94:   0.047 0.071 0.492 0.182 0.059 0.149 1    
95:   0.025 0.245 0.031 0.617 0.022 0.060 1    
96:   0.336 0.257 0.185 0.071 0.074 0.077 1    
97:   0.134 0.047 0.038 0.077 0.066 0.638 1    
98:   0.026 0.037 0.132 0.152 0.554 0.100 1    
99:   0.071 0.051 0.202 0.042 0.027 0.607 1    
100:  0.063 0.043 0.140 0.084 0.275 0.395 1    
101:  0.125 0.062 0.143 0.237 0.056 0.377 1    
102:  0.122 0.037 0.192 0.077 0.079 0.491 1    
103:  0.351 0.083 0.373 0.044 0.082 0.067 1    
104:  0.076 0.018 0.034 0.780 0.060 0.031 1    
105:  0.044 0.022 0.837 0.043 0.032 0.021 1    
106:  0.517 0.050 0.268 0.057 0.062 0.047 1    
107:  0.041 0.045 0.259 0.267 0.061 0.327 1    
108:  0.016 0.831 0.031 0.072 0.025 0.025 1    
109:  0.071 0.053 0.038 0.707 0.029 0.102 1    
110:  0.029 0.021 0.025 0.036 0.121 0.768 1    
111:  0.022 0.050 0.026 0.052 0.491 0.359 1    
112:  0.084 0.248 0.312 0.198 0.066 0.092 1    
113:  0.065 0.190 0.242 0.374 0.100 0.030 1    
114:  0.109 0.042 0.087 0.095 0.324 0.342 1    
115:  0.048 0.336 0.069 0.101 0.157 0.289 1    
116:  0.029 0.037 0.176 0.553 0.184 0.023 1    
117:  0.080 0.045 0.062 0.067 0.044 0.702 1    
118:  0.316 0.059 0.056 0.311 0.044 0.214 1    
119:  0.083 0.052 0.028 0.157 0.040 0.640 1    
120:  0.048 0.032 0.033 0.145 0.501 0.242 1    
121:  0.108 0.047 0.635 0.097 0.062 0.051 1    
122:  0.152 0.036 0.440 0.272 0.041 0.060 1    
123:  0.066 0.057 0.065 0.135 0.074 0.603 1    
124:  0.512 0.077 0.109 0.085 0.045 0.172 1    
125:  0.110 0.039 0.186 0.275 0.355 0.035 1    
126:  0.226 0.142 0.179 0.123 0.098 0.232 1    
127:  0.034 0.485 0.058 0.248 0.053 0.123 1    
128:  0.039 0.086 0.068 0.047 0.061 0.700 1    
129:  0.069 0.089 0.038 0.348 0.143 0.312 1    
130:  0.041 0.365 0.087 0.061 0.037 0.408 1    
131:  0.039 0.055 0.062 0.375 0.130 0.338 1    
132:  0.058 0.075 0.156 0.071 0.339 0.302 1    
133:  0.030 0.900 0.020 0.015 0.017 0.018 1    
134:  0.044 0.104 0.067 0.657 0.075 0.054 1    
135:  0.165 0.189 0.127 0.034 0.250 0.235 1    
136:  0.095 0.584 0.073 0.089 0.076 0.084 1    
137:  0.035 0.027 0.178 0.253 0.140 0.366 1    
138:  0.045 0.172 0.040 0.075 0.613 0.055 1    
139:  0.022 0.033 0.125 0.073 0.038 0.710 1    
140:  0.086 0.170 0.151 0.110 0.047 0.435 1    
141:  0.049 0.089 0.412 0.192 0.062 0.197 1    
142:  0.030 0.019 0.023 0.879 0.016 0.034 1    
143:  0.175 0.060 0.072 0.145 0.110 0.438 1    
144:  0.031 0.075 0.054 0.752 0.047 0.041 1    
145:  0.175 0.040 0.052 0.223 0.180 0.331 1    
146:  0.032 0.122 0.034 0.024 0.729 0.059 1    
147:  0.026 0.025 0.059 0.090 0.773 0.027 1    
148:  0.053 0.757 0.073 0.028 0.048 0.042 1    
149:  0.071 0.032 0.054 0.065 0.742 0.037 1    
150:  0.110 0.430 0.101 0.237 0.092 0.029 1    
151:  0.089 0.026 0.243 0.140 0.084 0.418 1    
152:  0.069 0.060 0.034 0.078 0.645 0.115 1    
153:  0.078 0.719 0.042 0.067 0.035 0.059 1    
154:  0.516 0.063 0.098 0.214 0.063 0.045 1    
155:  0.175 0.345 0.237 0.060 0.122 0.061 1    
156:  0.227 0.091 0.048 0.074 0.205 0.355 1    
157:  0.135 0.067 0.152 0.414 0.152 0.081 1    
158:  0.040 0.055 0.079 0.043 0.657 0.125 1    
159:  0.124 0.032 0.049 0.029 0.361 0.405 1    
160:  0.446 0.044 0.029 0.370 0.036 0.074 1    
161:  0.060 0.430 0.118 0.098 0.141 0.153 1    
162:  0.067 0.556 0.035 0.197 0.089 0.056 1    
163:  0.491 0.085 0.062 0.117 0.131 0.113 1    
164:  0.266 0.202 0.055 0.152 0.288 0.037 1    
165:  0.277 0.075 0.050 0.193 0.044 0.361 1    
166:  0.388 0.076 0.039 0.070 0.240 0.187 1    
167:  0.034 0.035 0.130 0.094 0.682 0.025 1    
168:  0.255 0.055 0.156 0.232 0.166 0.136 1    
169:  0.100 0.050 0.071 0.057 0.674 0.049 1    
170:  0.130 0.040 0.289 0.062 0.332 0.147 1    
171:  0.091 0.303 0.106 0.058 0.339 0.103 1    
172:  0.123 0.080 0.078 0.041 0.633 0.044 1    
173:  0.025 0.023 0.447 0.027 0.105 0.373 1    
174:  0.380 0.166 0.291 0.053 0.071 0.039 1    
175:  0.238 0.034 0.052 0.033 0.495 0.148 1    
176:  0.021 0.030 0.287 0.206 0.387 0.068 1    
177:  0.064 0.060 0.145 0.067 0.575 0.088 1    
178:  0.110 0.042 0.038 0.019 0.758 0.033 1    
179:  0.066 0.121 0.082 0.122 0.084 0.524 1    
180:  0.107 0.119 0.630 0.033 0.073 0.038 1    
181:  0.097 0.030 0.350 0.097 0.368 0.058 1    
182:  0.025 0.183 0.161 0.147 0.313 0.170 1    
183:  0.266 0.076 0.063 0.052 0.245 0.297 1    
184:  0.086 0.109 0.200 0.081 0.485 0.039 1    
185:  0.550 0.052 0.064 0.033 0.211 0.092 1    
186:  0.031 0.028 0.235 0.077 0.142 0.487 1    
187:  0.048 0.052 0.720 0.046 0.087 0.047 1    
188:  0.291 0.118 0.358 0.056 0.043 0.134 1    
189:  0.603 0.031 0.037 0.089 0.208 0.032 1    
190:  0.045 0.038 0.074 0.055 0.705 0.083 1    
191:  0.032 0.017 0.028 0.020 0.872 0.031 1    
192:  0.019 0.202 0.022 0.012 0.729 0.016 1    
193:  0.031 0.194 0.044 0.018 0.690 0.023 1    
194:  0.368 0.148 0.065 0.077 0.213 0.129 1    
195:  0.070 0.319 0.286 0.213 0.024 0.089 1    
196:  0.029 0.185 0.232 0.057 0.227 0.270 1    
197:  0.028 0.732 0.099 0.052 0.042 0.048 1    
198:  0.118 0.257 0.056 0.193 0.273 0.104 1    
199:  0.064 0.027 0.028 0.025 0.811 0.045 1    
200:  0.036 0.045 0.203 0.100 0.558 0.057 1    
201:  0.039 0.790 0.024 0.082 0.034 0.031 1    
202:  0.036 0.558 0.113 0.134 0.053 0.105 1    
203:  0.028 0.149 0.075 0.337 0.117 0.294 1    
204:  0.128 0.062 0.090 0.117 0.386 0.217 1    
205:  0.030 0.075 0.158 0.531 0.066 0.141 1    
206:  0.047 0.045 0.474 0.102 0.250 0.083 1    
207:  0.038 0.041 0.073 0.042 0.060 0.745 1    
208:  0.096 0.094 0.141 0.068 0.465 0.137 1    
209:  0.060 0.071 0.241 0.241 0.327 0.060 1    
210:  0.018 0.071 0.469 0.176 0.132 0.135 1    
211:  0.039 0.308 0.058 0.257 0.275 0.063 1    
212:  0.033 0.122 0.132 0.204 0.220 0.289 1    
213:  0.027 0.036 0.828 0.027 0.060 0.022 1    
214:  0.029 0.219 0.210 0.042 0.078 0.422 1    
215:  0.088 0.361 0.060 0.055 0.113 0.324 1    
216:  0.141 0.138 0.407 0.042 0.146 0.126 1    
217:  0.061 0.253 0.177 0.075 0.351 0.082 1    
218:  0.401 0.220 0.057 0.045 0.207 0.069 1    
219:  0.051 0.114 0.076 0.038 0.658 0.062 1    
220:  0.461 0.176 0.049 0.063 0.182 0.069 1    
221:  0.023 0.607 0.042 0.227 0.057 0.043 1    
222:  0.105 0.187 0.073 0.431 0.129 0.075 1    
223:  0.057 0.048 0.257 0.178 0.066 0.394 1    
224:  0.049 0.057 0.354 0.238 0.043 0.259 1    
225:  0.038 0.833 0.027 0.026 0.044 0.033 1    
226:  0.041 0.072 0.172 0.338 0.333 0.043 1    
227:  0.061 0.064 0.474 0.089 0.140 0.172 1    
228:  0.192 0.078 0.443 0.076 0.173 0.038 1    
229:  0.696 0.024 0.027 0.187 0.035 0.033 1    
230:  0.027 0.023 0.114 0.165 0.411 0.260 1    
231:  0.172 0.168 0.060 0.068 0.343 0.189 1    
232:  0.115 0.017 0.032 0.062 0.740 0.035 1    
233:  0.022 0.261 0.052 0.065 0.552 0.047 1    
234:  0.194 0.081 0.059 0.239 0.130 0.296 1    
235:  0.042 0.470 0.157 0.070 0.059 0.201 1    
236:  0.043 0.692 0.104 0.076 0.065 0.020 1    
237:  0.049 0.067 0.491 0.071 0.246 0.077 1    
238:  0.588 0.017 0.054 0.159 0.061 0.121 1    
239:  0.111 0.218 0.144 0.039 0.371 0.116 1    
240:  0.039 0.698 0.086 0.030 0.116 0.030 1    
241:  0.098 0.303 0.042 0.254 0.126 0.177 1    
242:  0.058 0.174 0.089 0.114 0.338 0.227 1    
243:  0.134 0.183 0.381 0.094 0.089 0.120 1    
244:  0.378 0.045 0.088 0.034 0.359 0.096 1    
245:  0.085 0.078 0.490 0.083 0.095 0.169 1    
246:  0.607 0.020 0.019 0.277 0.022 0.054 1    
247:  0.163 0.042 0.109 0.519 0.127 0.040 1    
248:  0.078 0.117 0.162 0.097 0.344 0.203 1    
249:  0.143 0.028 0.084 0.076 0.413 0.256 1    
250:  0.047 0.056 0.078 0.527 0.053 0.240 1    
251:  0.035 0.023 0.119 0.058 0.072 0.693 1    
252:  0.651 0.097 0.070 0.037 0.107 0.037 1    
253:  0.087 0.315 0.089 0.336 0.114 0.058 1    
254:  0.059 0.283 0.064 0.336 0.172 0.086 1    
255:  0.559 0.070 0.114 0.078 0.134 0.046 1    
256:  0.427 0.099 0.244 0.063 0.061 0.106 1    
257:  0.441 0.121 0.040 0.035 0.284 0.079 1    
258:  0.439 0.082 0.056 0.162 0.091 0.170 1    
259:  0.020 0.040 0.256 0.133 0.062 0.489 1    
260:  0.100 0.077 0.042 0.620 0.115 0.046 1    
261:  0.164 0.257 0.136 0.072 0.309 0.063 1    
262:  0.647 0.040 0.140 0.069 0.032 0.071 1    
263:  0.118 0.178 0.211 0.298 0.142 0.053 1    
264:  0.038 0.707 0.053 0.050 0.028 0.123 1    
265:  0.091 0.085 0.216 0.032 0.348 0.229 1    
266:  0.150 0.043 0.041 0.650 0.045 0.072 1    
267:  0.055 0.806 0.023 0.025 0.053 0.039 1    
268:  0.043 0.073 0.176 0.141 0.409 0.159 1    
269:  0.694 0.040 0.134 0.029 0.023 0.080 1    
270:  0.410 0.104 0.049 0.044 0.248 0.144 1    
271:  0.770 0.052 0.054 0.041 0.036 0.046 1    
272:  0.077 0.319 0.079 0.066 0.121 0.338 1    
273:  0.072 0.141 0.055 0.378 0.072 0.281 1    
274:  0.035 0.336 0.092 0.174 0.206 0.156 1    
275:  0.040 0.056 0.844 0.026 0.021 0.014 1    
276:  0.105 0.304 0.056 0.040 0.104 0.391 1    
277:  0.423 0.054 0.302 0.052 0.142 0.027 1    
278:  0.213 0.154 0.425 0.059 0.088 0.061 1    
279:  0.032 0.137 0.737 0.015 0.047 0.032 1    
280:  0.078 0.096 0.110 0.092 0.525 0.099 1    
281:  0.778 0.042 0.032 0.031 0.033 0.086 1    
282:  0.022 0.089 0.242 0.386 0.030 0.231 1    
283:  0.141 0.056 0.125 0.123 0.311 0.243 1    
284:  0.665 0.048 0.094 0.022 0.039 0.131 1    
285:  0.507 0.161 0.068 0.085 0.105 0.075 1    
286:  0.148 0.042 0.029 0.135 0.061 0.586 1    
287:  0.236 0.082 0.245 0.179 0.042 0.216 1    
288:  0.365 0.048 0.028 0.354 0.153 0.052 1    
289:  0.056 0.047 0.053 0.222 0.062 0.559 1    
290:  0.374 0.201 0.063 0.139 0.154 0.070 1    
291:  0.406 0.049 0.039 0.047 0.275 0.185 1    
292:  0.382 0.055 0.042 0.432 0.046 0.044 1    
293:  0.415 0.051 0.043 0.053 0.173 0.264 1    
294:  0.061 0.591 0.070 0.081 0.116 0.081 1    
295:  0.707 0.053 0.052 0.027 0.089 0.072 1    
296:  0.273 0.080 0.166 0.045 0.261 0.174 1    
297:  0.136 0.140 0.623 0.027 0.042 0.032 1    
298:  0.217 0.037 0.036 0.057 0.159 0.493 1    
299:  0.037 0.672 0.082 0.035 0.022 0.152 1    
300:  0.032 0.027 0.604 0.034 0.047 0.255 1    
301:  0.691 0.036 0.034 0.019 0.181 0.038 1    
302:  0.094 0.174 0.142 0.117 0.169 0.304 1    
303:  0.098 0.098 0.371 0.096 0.206 0.132 1    
304:  0.035 0.674 0.014 0.018 0.239 0.020 1    
305:  0.166 0.267 0.225 0.097 0.178 0.067 1    
306:  0.159 0.077 0.271 0.061 0.114 0.318 1    
307:  0.548 0.054 0.061 0.031 0.240 0.066 1    
308:  0.092 0.123 0.241 0.157 0.091 0.295 1    
309:  0.685 0.087 0.035 0.046 0.117 0.031 1    
310:  0.697 0.059 0.102 0.025 0.058 0.059 1    
311:  0.176 0.561 0.031 0.036 0.038 0.159 1    
312:  0.363 0.061 0.228 0.026 0.276 0.046 1    
313:  0.781 0.030 0.054 0.040 0.053 0.043 1    
314:  0.173 0.342 0.044 0.070 0.206 0.166 1    
315:  0.578 0.108 0.032 0.055 0.191 0.036 1    
316:  0.063 0.018 0.120 0.085 0.606 0.108 1    
317:  0.437 0.017 0.210 0.067 0.199 0.069 1    
318:  0.076 0.736 0.046 0.031 0.045 0.066 1    
319:  0.029 0.056 0.738 0.054 0.045 0.079 1    
320:  0.105 0.112 0.060 0.483 0.134 0.106 1    
321:  0.345 0.074 0.103 0.039 0.138 0.301 1    
322:  0.100 0.100 0.327 0.059 0.249 0.165 1    
323:  0.297 0.107 0.341 0.058 0.058 0.139 1    
324:  0.192 0.060 0.067 0.030 0.090 0.561 1    
325:  0.469 0.059 0.060 0.037 0.133 0.242 1    
326:  0.025 0.873 0.019 0.024 0.033 0.027 1    
327:  0.046 0.077 0.051 0.643 0.039 0.145 1    
328:  0.330 0.192 0.155 0.031 0.256 0.036 1    
329:  0.068 0.673 0.040 0.039 0.037 0.142 1    
330:  0.052 0.055 0.324 0.069 0.036 0.464 1    
331:  0.488 0.050 0.051 0.064 0.169 0.177 1    
332:  0.247 0.049 0.074 0.079 0.498 0.053 1    
333:  0.015 0.641 0.038 0.031 0.250 0.024 1    
334:  0.130 0.031 0.050 0.103 0.592 0.094 1    
335:  0.030 0.060 0.042 0.717 0.029 0.121 1    
336:  0.041 0.048 0.693 0.140 0.041 0.038 1    
337:  0.324 0.105 0.041 0.061 0.259 0.210 1    
338:  0.060 0.260 0.574 0.036 0.031 0.038 1    
339:  0.511 0.049 0.142 0.052 0.146 0.099 1    
340:  0.542 0.110 0.100 0.062 0.113 0.074 1    
341:  0.429 0.067 0.063 0.039 0.255 0.147 1    
342:  0.033 0.067 0.629 0.049 0.115 0.107 1    
343:  0.030 0.078 0.184 0.286 0.134 0.287 1    
344:  0.203 0.065 0.230 0.045 0.411 0.046 1    
345:  0.104 0.035 0.039 0.730 0.057 0.036 1    
346:  0.044 0.702 0.032 0.037 0.025 0.159 1    
347:  0.026 0.021 0.680 0.033 0.053 0.186 1    
348:  0.036 0.655 0.093 0.058 0.043 0.115 1    
349:  0.091 0.361 0.070 0.044 0.097 0.337 1    
350:  0.042 0.095 0.261 0.050 0.490 0.062 1    
351:  0.349 0.064 0.324 0.084 0.087 0.091 1    
352:  0.053 0.018 0.021 0.143 0.033 0.733 1    
353:  0.027 0.029 0.169 0.647 0.090 0.038 1    
354:  0.051 0.104 0.629 0.069 0.097 0.050 1    
355:  0.036 0.632 0.109 0.049 0.122 0.050 1    
356:  0.506 0.047 0.123 0.078 0.207 0.039 1    
357:  0.759 0.024 0.075 0.078 0.038 0.027 1    
358:  0.202 0.157 0.394 0.056 0.089 0.103 1    
359:  0.506 0.055 0.129 0.091 0.116 0.103 1    
360:  0.078 0.113 0.562 0.064 0.051 0.132 1    
361:  0.064 0.045 0.154 0.097 0.491 0.150 1    
362:  0.275 0.201 0.166 0.078 0.115 0.164 1    
363:  0.704 0.021 0.124 0.042 0.050 0.058 1    
364:  0.440 0.027 0.056 0.346 0.054 0.077 1    
365:  0.335 0.101 0.293 0.052 0.122 0.096 1    
366:  0.025 0.333 0.053 0.158 0.390 0.041 1    
367:  0.617 0.052 0.079 0.067 0.044 0.142 1    
368:  0.064 0.118 0.462 0.075 0.068 0.212 1    
369:  0.067 0.035 0.027 0.737 0.059 0.074 1    
370:  0.052 0.039 0.795 0.040 0.046 0.028 1    
371:  0.344 0.063 0.457 0.064 0.037 0.035 1    
372:  0.525 0.050 0.081 0.074 0.038 0.232 1    
373:  0.079 0.039 0.162 0.123 0.488 0.109 1    
374:  0.269 0.067 0.097 0.080 0.103 0.384 1    
375:  0.093 0.349 0.286 0.073 0.180 0.018 1    
376:  0.027 0.049 0.080 0.091 0.723 0.031 1    
377:  0.061 0.146 0.588 0.130 0.024 0.050 1    
378:  0.129 0.069 0.385 0.110 0.182 0.125 1    
379:  0.160 0.067 0.535 0.036 0.076 0.127 1    
380:  0.193 0.379 0.071 0.187 0.054 0.116 1    
381:  0.142 0.054 0.343 0.359 0.035 0.067 1    
382:  0.152 0.040 0.098 0.083 0.051 0.574 1    
383:  0.311 0.140 0.354 0.041 0.041 0.114 1    
384:  0.026 0.084 0.188 0.142 0.390 0.169 1    
385:  0.764 0.033 0.131 0.015 0.021 0.036 1    
386:  0.080 0.074 0.072 0.208 0.097 0.469 1    
387:  0.339 0.118 0.112 0.183 0.187 0.060 1    
388:  0.038 0.113 0.103 0.240 0.075 0.431 1    
389:  0.106 0.100 0.071 0.059 0.078 0.586 1    
390:  0.378 0.045 0.399 0.054 0.083 0.042 1    
391:  0.523 0.085 0.049 0.061 0.147 0.134 1    
392:  0.035 0.388 0.115 0.170 0.092 0.199 1    
393:  0.132 0.422 0.080 0.191 0.113 0.063 1    
394:  0.120 0.082 0.172 0.089 0.120 0.416 1    
395:  0.529 0.095 0.153 0.072 0.087 0.063 1    
396:  0.323 0.092 0.056 0.070 0.234 0.226 1    
397:  0.022 0.505 0.027 0.061 0.346 0.039 1    
398:  0.027 0.057 0.049 0.462 0.092 0.314 1    
399:  0.447 0.064 0.062 0.026 0.370 0.030 1    
400:  0.560 0.063 0.179 0.065 0.081 0.052 1    
401:  0.255 0.093 0.102 0.300 0.160 0.089 1    
402:  0.287 0.046 0.031 0.390 0.185 0.061 1    
403:  0.097 0.096 0.400 0.125 0.045 0.237 1    
404:  0.053 0.196 0.634 0.038 0.042 0.037 1    
405:  0.102 0.150 0.203 0.061 0.286 0.198 1    
406:  0.185 0.571 0.050 0.036 0.067 0.091 1    
407:  0.063 0.774 0.030 0.021 0.057 0.055 1    
408:  0.263 0.049 0.066 0.403 0.100 0.119 1    
409:  0.024 0.051 0.176 0.119 0.107 0.523 1    
410:  0.094 0.033 0.035 0.052 0.245 0.541 1    
411:  0.656 0.048 0.070 0.032 0.061 0.133 1    
412:  0.066 0.046 0.045 0.029 0.019 0.795 1    
413:  0.039 0.038 0.862 0.019 0.020 0.022 1    
414:  0.104 0.036 0.727 0.016 0.052 0.066 1    
415:  0.325 0.042 0.295 0.098 0.059 0.180 1    
416:  0.106 0.400 0.192 0.078 0.072 0.153 1    
417:  0.058 0.059 0.438 0.119 0.169 0.158 1    
418:  0.175 0.031 0.354 0.069 0.208 0.163 1    
419:  0.407 0.055 0.049 0.268 0.089 0.132 1    
420:  0.073 0.086 0.458 0.035 0.314 0.033 1    
421:  0.030 0.412 0.040 0.026 0.459 0.032 1    
422:  0.028 0.031 0.028 0.821 0.064 0.029 1    
423:  0.093 0.133 0.159 0.054 0.529 0.032 1    
424:  0.024 0.320 0.037 0.017 0.573 0.029 1    
425:  0.282 0.166 0.173 0.039 0.273 0.066 1    
426:  0.039 0.600 0.028 0.120 0.167 0.046 1    
427:  0.552 0.040 0.056 0.122 0.163 0.066 1    
428:  0.035 0.866 0.036 0.027 0.020 0.017 1    
429:  0.327 0.374 0.156 0.060 0.051 0.031 1    
430:  0.049 0.038 0.054 0.084 0.064 0.710 1    
431:  0.046 0.058 0.262 0.063 0.215 0.356 1    
432:  0.800 0.021 0.033 0.031 0.098 0.018 1    
433:  0.077 0.032 0.055 0.453 0.146 0.236 1    
434:  0.522 0.281 0.094 0.052 0.031 0.019 1    
435:  0.158 0.151 0.070 0.100 0.341 0.180 1    
436:  0.021 0.731 0.034 0.087 0.099 0.027 1    
437:  0.031 0.614 0.046 0.093 0.107 0.109 1    
438:  0.083 0.297 0.064 0.187 0.262 0.108 1    
439:  0.177 0.116 0.112 0.132 0.427 0.036 1    
440:  0.231 0.291 0.141 0.104 0.143 0.089 1    
441:  0.061 0.058 0.427 0.221 0.084 0.149 1    
442:  0.066 0.043 0.080 0.725 0.053 0.033 1    
443:  0.101 0.077 0.243 0.143 0.078 0.359 1    
444:  0.483 0.083 0.088 0.084 0.197 0.064 1    
445:  0.025 0.504 0.240 0.045 0.103 0.082 1    
446:  0.030 0.500 0.234 0.133 0.048 0.056 1    
447:  0.063 0.127 0.235 0.283 0.024 0.269 1    
448:  0.133 0.089 0.070 0.527 0.110 0.072 1    
449:  0.254 0.195 0.050 0.279 0.059 0.163 1    
450:  0.046 0.051 0.092 0.712 0.034 0.064 1    
451:  0.061 0.220 0.220 0.057 0.247 0.195 1    
452:  0.024 0.029 0.749 0.053 0.046 0.099 1    
453:  0.190 0.118 0.223 0.045 0.318 0.106 1    
454:  0.108 0.681 0.079 0.038 0.060 0.034 1    
455:  0.036 0.030 0.029 0.788 0.051 0.065 1    
456:  0.921 0.020 0.014 0.020 0.013 0.013 1    
457:  0.060 0.058 0.090 0.138 0.048 0.606 1    
458:  0.041 0.024 0.770 0.065 0.039 0.061 1    
459:  0.175 0.139 0.029 0.053 0.480 0.123 1    
460:  0.033 0.089 0.136 0.020 0.633 0.088 1    
461:  0.021 0.099 0.729 0.026 0.037 0.088 1    
462:  0.024 0.159 0.702 0.046 0.049 0.020 1    
463:  0.036 0.060 0.031 0.797 0.041 0.036 1    
464:  0.168 0.086 0.483 0.080 0.043 0.140 1    
465:  0.153 0.202 0.143 0.295 0.123 0.084 1    
466:  0.680 0.048 0.032 0.023 0.137 0.080 1    
467:  0.017 0.065 0.030 0.029 0.633 0.228 1    
468:  0.041 0.093 0.133 0.063 0.032 0.638 1    
469:  0.039 0.465 0.021 0.045 0.408 0.022 1    
470:  0.047 0.213 0.203 0.223 0.145 0.170 1    
471:  0.212 0.061 0.227 0.212 0.195 0.093 1    
472:  0.088 0.031 0.076 0.430 0.200 0.175 1    
473:  0.106 0.225 0.039 0.118 0.461 0.050 1    
474:  0.048 0.055 0.023 0.028 0.030 0.817 1    
475:  0.311 0.118 0.022 0.282 0.024 0.243 1    
476:  0.506 0.140 0.048 0.149 0.091 0.066 1    
477:  0.140 0.120 0.496 0.143 0.068 0.033 1    
478:  0.154 0.092 0.563 0.044 0.084 0.062 1    
479:  0.569 0.025 0.036 0.277 0.050 0.043 1    
480:  0.801 0.026 0.022 0.089 0.027 0.035 1    
481:  0.085 0.032 0.022 0.026 0.098 0.737 1    
482:  0.041 0.277 0.109 0.331 0.185 0.056 1    
483:  0.057 0.020 0.050 0.161 0.436 0.275 1    
484:  0.014 0.829 0.029 0.050 0.046 0.031 1    
485:  0.252 0.086 0.204 0.266 0.085 0.107 1    
486:  0.028 0.058 0.033 0.063 0.142 0.676 1    
487:  0.086 0.031 0.047 0.391 0.384 0.062 1    
488:  0.150 0.334 0.203 0.111 0.090 0.112 1    
489:  0.710 0.036 0.105 0.071 0.037 0.042 1    
490:  0.076 0.108 0.081 0.479 0.087 0.169 1    
491:  0.054 0.036 0.142 0.640 0.107 0.021 1    
492:  0.032 0.111 0.179 0.167 0.412 0.097 1    
493:  0.796 0.034 0.058 0.037 0.058 0.018 1    
494:  0.848 0.054 0.037 0.015 0.029 0.016 1    
495:  0.567 0.036 0.021 0.129 0.180 0.067 1    
496:  0.101 0.136 0.223 0.060 0.052 0.428 1    
497:  0.036 0.753 0.044 0.081 0.066 0.021 1    
498:  0.031 0.112 0.560 0.066 0.187 0.045 1    
499:  0.716 0.030 0.076 0.071 0.075 0.032 1    
500:  0.503 0.144 0.121 0.074 0.112 0.046 1    
501:  0.268 0.101 0.242 0.112 0.184 0.093 1    
502:  0.094 0.078 0.091 0.174 0.503 0.060 1    
503:  0.050 0.187 0.184 0.183 0.091 0.305 1    
504:  0.141 0.053 0.618 0.043 0.066 0.079 1    
505:  0.036 0.057 0.560 0.107 0.142 0.098 1    
506:  0.116 0.381 0.084 0.274 0.056 0.089 1    
507:  0.062 0.033 0.449 0.243 0.126 0.087 1    
508:  0.080 0.069 0.057 0.100 0.053 0.641 1    
509:  0.202 0.052 0.030 0.042 0.549 0.125 1    
510:  0.025 0.044 0.049 0.065 0.042 0.775 1    
511:  0.019 0.019 0.028 0.842 0.026 0.066 1    
512:  0.317 0.213 0.126 0.033 0.163 0.149 1    
513:  0.499 0.041 0.035 0.037 0.270 0.117 1    
514:  0.706 0.062 0.103 0.023 0.063 0.044 1    
515:  0.049 0.044 0.602 0.029 0.038 0.238 1    
516:  0.024 0.037 0.340 0.216 0.097 0.286 1    
517:  0.058 0.097 0.555 0.062 0.052 0.176 1    
518:  0.126 0.045 0.088 0.519 0.195 0.027 1    
519:  0.025 0.064 0.737 0.032 0.103 0.038 1    
520:  0.083 0.658 0.076 0.031 0.139 0.014 1    
521:  0.661 0.093 0.051 0.151 0.028 0.015 1    
522:  0.296 0.209 0.274 0.049 0.132 0.040 1    
523:  0.259 0.045 0.035 0.167 0.159 0.336 1    
524:  0.081 0.148 0.399 0.086 0.183 0.103 1    
525:  0.749 0.031 0.061 0.075 0.034 0.049 1    
526:  0.371 0.070 0.230 0.133 0.117 0.079 1    
527:  0.703 0.025 0.023 0.079 0.150 0.021 1    
528:  0.025 0.030 0.067 0.053 0.029 0.796 1    
529:  0.792 0.086 0.032 0.030 0.032 0.028 1    
530:  0.464 0.053 0.043 0.326 0.071 0.043 1    
531:  0.795 0.061 0.038 0.033 0.022 0.052 1    
532:  0.359 0.348 0.029 0.194 0.040 0.031 1    
533:  0.079 0.224 0.492 0.032 0.156 0.017 1    
534:  0.119 0.058 0.481 0.136 0.161 0.045 1    
535:  0.029 0.059 0.432 0.207 0.189 0.084 1    
536:  0.098 0.614 0.033 0.068 0.101 0.086 1    
537:  0.224 0.036 0.028 0.178 0.076 0.459 1    
538:  0.352 0.099 0.214 0.112 0.123 0.100 1    
539:  0.133 0.027 0.185 0.054 0.574 0.028 1    
540:  0.565 0.073 0.043 0.086 0.074 0.159 1    
541:  0.069 0.511 0.079 0.046 0.261 0.034 1    
542:  0.149 0.187 0.154 0.383 0.099 0.027 1    
543:  0.410 0.160 0.070 0.041 0.267 0.052 1    
544:  0.133 0.054 0.278 0.190 0.232 0.113 1    
545:  0.028 0.211 0.042 0.580 0.057 0.082 1    
546:  0.038 0.043 0.120 0.288 0.182 0.329 1    
547:  0.087 0.055 0.069 0.253 0.159 0.376 1    
548:  0.052 0.424 0.033 0.102 0.045 0.343 1    
549:  0.073 0.064 0.370 0.069 0.345 0.079 1    
550:  0.034 0.362 0.033 0.155 0.297 0.119 1    
551:  0.159 0.045 0.316 0.046 0.396 0.038 1    
552:  0.063 0.098 0.238 0.147 0.256 0.199 1    
553:  0.057 0.111 0.170 0.055 0.539 0.068 1    
554:  0.024 0.434 0.069 0.304 0.063 0.105 1    
555:  0.095 0.236 0.243 0.129 0.166 0.130 1    
556:  0.444 0.147 0.132 0.040 0.201 0.036 1    
557:  0.317 0.113 0.313 0.047 0.112 0.099 1    
558:  0.057 0.498 0.073 0.043 0.098 0.231 1    
559:  0.026 0.027 0.352 0.060 0.138 0.397 1    
560:  0.074 0.417 0.053 0.051 0.192 0.213 1    
561:  0.325 0.187 0.039 0.177 0.124 0.148 1    
562:  0.300 0.063 0.478 0.068 0.063 0.028 1    
563:  0.386 0.039 0.212 0.042 0.179 0.142 1    
564:  0.103 0.030 0.091 0.044 0.616 0.116 1    
565:  0.550 0.017 0.195 0.083 0.082 0.073 1    
566:  0.048 0.060 0.103 0.070 0.126 0.594 1    
567:  0.160 0.132 0.223 0.076 0.334 0.075 1    
568:  0.581 0.047 0.053 0.036 0.153 0.130 1    
569:  0.095 0.018 0.699 0.051 0.107 0.029 1    
570:  0.153 0.070 0.149 0.073 0.489 0.066 1    
571:  0.064 0.040 0.056 0.035 0.064 0.740 1    
572:  0.199 0.126 0.175 0.170 0.228 0.102 1    
573:  0.106 0.185 0.052 0.355 0.079 0.224 1    
574:  0.034 0.044 0.094 0.033 0.670 0.124 1    
575:  0.139 0.063 0.535 0.054 0.080 0.129 1    
576:  0.465 0.095 0.122 0.064 0.132 0.121 1    
577:  0.698 0.020 0.039 0.063 0.148 0.032 1    
578:  0.049 0.038 0.027 0.098 0.354 0.435 1    
579:  0.126 0.072 0.169 0.200 0.156 0.276 1    
580:  0.666 0.061 0.032 0.041 0.103 0.097 1    
581:  0.645 0.033 0.031 0.039 0.131 0.121 1    
582:  0.045 0.551 0.075 0.060 0.224 0.046 1    
583:  0.146 0.277 0.287 0.076 0.084 0.130 1    
584:  0.247 0.054 0.479 0.062 0.058 0.099 1    
585:  0.052 0.049 0.044 0.418 0.054 0.383 1    
586:  0.052 0.509 0.295 0.030 0.063 0.052 1    
587:  0.100 0.102 0.141 0.427 0.048 0.182 1    
588:  0.136 0.280 0.350 0.032 0.125 0.075 1    
589:  0.035 0.316 0.108 0.034 0.190 0.317 1    
590:  0.137 0.046 0.139 0.045 0.587 0.046 1    
591:  0.030 0.304 0.020 0.540 0.057 0.049 1    
592:  0.046 0.129 0.450 0.127 0.128 0.120 1    
593:  0.398 0.054 0.061 0.048 0.097 0.342 1    
594:  0.153 0.581 0.062 0.085 0.057 0.062 1    
595:  0.057 0.625 0.062 0.025 0.035 0.196 1    
596:  0.034 0.276 0.144 0.141 0.300 0.104 1    
597:  0.070 0.058 0.486 0.056 0.275 0.055 1    
598:  0.036 0.060 0.700 0.034 0.107 0.063 1    
599:  0.065 0.467 0.130 0.096 0.198 0.045 1    
600:  0.196 0.049 0.468 0.038 0.150 0.099 1    
601:  0.028 0.288 0.154 0.138 0.349 0.044 1    
602:  0.137 0.300 0.041 0.417 0.040 0.065 1    
603:  0.140 0.027 0.179 0.251 0.063 0.340 1    
604:  0.349 0.122 0.207 0.036 0.112 0.174 1    
605:  0.532 0.077 0.142 0.082 0.069 0.100 1    
606:  0.048 0.050 0.107 0.036 0.247 0.513 1    
607:  0.074 0.214 0.076 0.065 0.420 0.151 1    
608:  0.241 0.157 0.061 0.057 0.154 0.330 1    
609:  0.215 0.025 0.318 0.096 0.173 0.173 1    
610:  0.022 0.848 0.029 0.018 0.055 0.029 1    
611:  0.196 0.110 0.094 0.108 0.141 0.351 1    
612:  0.146 0.057 0.065 0.092 0.066 0.573 1    
613:  0.202 0.034 0.091 0.041 0.135 0.496 1    
614:  0.217 0.095 0.099 0.135 0.110 0.344 1    
615:  0.068 0.135 0.426 0.084 0.261 0.026 1    
616:  0.064 0.108 0.043 0.024 0.675 0.086 1    
617:  0.287 0.035 0.058 0.060 0.064 0.496 1    
618:  0.196 0.045 0.047 0.049 0.383 0.278 1    
619:  0.222 0.052 0.155 0.143 0.171 0.257 1    
620:  0.066 0.039 0.647 0.046 0.180 0.022 1    
621:  0.217 0.055 0.278 0.166 0.185 0.098 1    
622:  0.307 0.044 0.056 0.027 0.081 0.485 1    
623:  0.657 0.081 0.080 0.030 0.104 0.048 1    
624:  0.117 0.297 0.364 0.118 0.053 0.051 1    
625:  0.024 0.019 0.034 0.021 0.024 0.878 1    
626:  0.052 0.034 0.660 0.035 0.181 0.038 1    
627:  0.094 0.077 0.140 0.197 0.199 0.293 1    
628:  0.165 0.095 0.209 0.186 0.150 0.195 1    
629:  0.039 0.026 0.025 0.021 0.866 0.022 1    
630:  0.399 0.052 0.056 0.055 0.106 0.333 1    
631:  0.025 0.090 0.459 0.109 0.050 0.266 1    
632:  0.048 0.105 0.236 0.041 0.527 0.042 1    
633:  0.594 0.135 0.093 0.055 0.054 0.068 1    
634:  0.128 0.065 0.283 0.083 0.373 0.068 1    
635:  0.795 0.040 0.034 0.046 0.034 0.052 1    
636:  0.081 0.057 0.384 0.163 0.091 0.224 1    
637:  0.025 0.075 0.064 0.027 0.691 0.118 1    
638:  0.053 0.068 0.071 0.279 0.110 0.419 1    
639:  0.140 0.261 0.057 0.071 0.173 0.298 1    
640:  0.070 0.037 0.477 0.169 0.138 0.110 1    
641:  0.029 0.023 0.020 0.054 0.082 0.791 1    
642:  0.078 0.284 0.191 0.105 0.069 0.273 1    
643:  0.197 0.398 0.139 0.032 0.202 0.032 1    
644:  0.172 0.040 0.036 0.042 0.178 0.532 1    
645:  0.042 0.060 0.027 0.760 0.054 0.057 1    
646:  0.026 0.032 0.868 0.027 0.025 0.022 1    
647:  0.052 0.301 0.138 0.036 0.362 0.111 1    
648:  0.078 0.104 0.069 0.269 0.130 0.351 1    
649:  0.088 0.262 0.071 0.291 0.215 0.073 1    
650:  0.105 0.087 0.098 0.384 0.061 0.265 1    
651:  0.090 0.164 0.112 0.215 0.130 0.290 1    
652:  0.055 0.253 0.037 0.162 0.433 0.061 1    
653:  0.646 0.024 0.031 0.129 0.130 0.039 1    
654:  0.540 0.037 0.110 0.195 0.066 0.052 1    
655:  0.592 0.021 0.047 0.265 0.038 0.036 1    
656:  0.078 0.226 0.254 0.046 0.357 0.040 1    
657:  0.729 0.024 0.035 0.027 0.102 0.082 1    
658:  0.070 0.210 0.063 0.095 0.490 0.072 1    
659:  0.038 0.095 0.112 0.162 0.351 0.242 1    
660:  0.185 0.053 0.040 0.222 0.268 0.232 1    
661:  0.108 0.201 0.187 0.115 0.286 0.103 1    
662:  0.026 0.202 0.033 0.358 0.340 0.041 1    
663:  0.114 0.037 0.192 0.101 0.528 0.028 1    
664:  0.078 0.098 0.071 0.060 0.565 0.127 1    
665:  0.062 0.054 0.070 0.033 0.258 0.523 1    
666:  0.252 0.070 0.252 0.068 0.296 0.062 1    
667:  0.068 0.144 0.038 0.463 0.246 0.041 1    
668:  0.017 0.878 0.019 0.023 0.029 0.033 1    
669:  0.160 0.052 0.092 0.244 0.201 0.251 1    
670:  0.277 0.164 0.119 0.255 0.108 0.077 1    
671:  0.043 0.413 0.047 0.195 0.088 0.214 1    
672:  0.337 0.075 0.058 0.064 0.251 0.216 1    
673:  0.099 0.200 0.127 0.059 0.391 0.124 1    
674:  0.129 0.142 0.120 0.053 0.062 0.495 1    
675:  0.025 0.756 0.082 0.029 0.065 0.044 1    
676:  0.141 0.066 0.429 0.081 0.211 0.073 1    
677:  0.240 0.032 0.494 0.060 0.103 0.072 1    
678:  0.081 0.332 0.169 0.094 0.167 0.157 1    
679:  0.162 0.040 0.170 0.178 0.255 0.195 1    
680:  0.060 0.041 0.551 0.050 0.212 0.085 1    
681:  0.122 0.067 0.545 0.141 0.096 0.029 1    
682:  0.074 0.026 0.402 0.155 0.161 0.182 1    
683:  0.093 0.268 0.195 0.087 0.224 0.133 1    
684:  0.088 0.206 0.154 0.070 0.444 0.039 1    
685:  0.190 0.116 0.082 0.219 0.358 0.035 1    
686:  0.171 0.025 0.062 0.037 0.156 0.547 1    
687:  0.139 0.061 0.073 0.075 0.081 0.572 1    
688:  0.053 0.635 0.089 0.026 0.140 0.056 1    
689:  0.163 0.323 0.136 0.094 0.124 0.159 1    
690:  0.716 0.018 0.053 0.078 0.104 0.031 1    
691:  0.146 0.084 0.339 0.055 0.281 0.094 1    
692:  0.348 0.129 0.204 0.054 0.166 0.099 1    
693:  0.052 0.433 0.144 0.033 0.280 0.059 1    
694:  0.165 0.027 0.047 0.491 0.080 0.190 1    
695:  0.801 0.034 0.031 0.026 0.041 0.067 1    
696:  0.152 0.136 0.088 0.386 0.143 0.095 1    
697:  0.239 0.156 0.094 0.182 0.156 0.173 1    
698:  0.072 0.050 0.453 0.037 0.275 0.114 1    
699:  0.396 0.033 0.105 0.204 0.157 0.104 1    
700:  0.029 0.049 0.210 0.054 0.073 0.586 1    
701:  0.744 0.019 0.021 0.050 0.134 0.032 1    
702:  0.216 0.034 0.030 0.051 0.085 0.583 1    
703:  0.033 0.671 0.142 0.038 0.052 0.063 1    
704:  0.068 0.056 0.125 0.090 0.095 0.566 1    
705:  0.037 0.054 0.107 0.042 0.399 0.361 1    
706:  0.056 0.028 0.159 0.588 0.101 0.069 1    
707:  0.300 0.068 0.095 0.053 0.296 0.187 1    
708:  0.075 0.049 0.389 0.160 0.192 0.135 1    
709:  0.037 0.224 0.275 0.096 0.328 0.041 1    
710:  0.140 0.102 0.099 0.144 0.088 0.426 1    
711:  0.153 0.100 0.211 0.043 0.451 0.042 1    
712:  0.029 0.795 0.034 0.029 0.033 0.080 1    
713:  0.033 0.517 0.109 0.094 0.044 0.204 1    
                       
                       
1:    0.528 0.346 0.019 0.046 0.022 0.039 1    
2:    0.075 0.601 0.019 0.090 0.160 0.054 1    
3:    0.444 0.057 0.076 0.182 0.210 0.031 1    
4:    0.100 0.666 0.106 0.030 0.045 0.053 1    
5:    0.030 0.035 0.014 0.392 0.444 0.085 1    
6:    0.272 0.567 0.031 0.060 0.028 0.042 1    
7:    0.070 0.199 0.036 0.047 0.343 0.306 1    
8:    0.020 0.170 0.021 0.211 0.025 0.553 1    
9:    0.016 0.188 0.022 0.218 0.016 0.539 1    
10:   0.063 0.126 0.070 0.039 0.098 0.604 1    
11:   0.392 0.111 0.025 0.212 0.133 0.128 1    
12:   0.068 0.049 0.072 0.484 0.118 0.208 1    
13:   0.084 0.176 0.546 0.059 0.046 0.089 1    
14:   0.064 0.198 0.026 0.111 0.033 0.568 1    
15:   0.039 0.057 0.640 0.112 0.042 0.110 1    
16:   0.535 0.150 0.132 0.035 0.033 0.114 1    
17:   0.041 0.367 0.028 0.106 0.071 0.387 1    
18:   0.068 0.075 0.606 0.027 0.180 0.045 1    
19:   0.023 0.032 0.210 0.053 0.634 0.049 1    
20:   0.173 0.136 0.110 0.103 0.202 0.277 1    
21:   0.013 0.021 0.024 0.026 0.877 0.038 1    
22:   0.020 0.026 0.026 0.061 0.814 0.054 1    
23:   0.032 0.089 0.031 0.054 0.743 0.052 1    
24:   0.600 0.105 0.078 0.042 0.096 0.079 1    
25:   0.056 0.142 0.423 0.062 0.222 0.096 1    
26:   0.022 0.044 0.134 0.021 0.744 0.036 1    
27:   0.067 0.354 0.052 0.244 0.069 0.214 1    
28:   0.028 0.160 0.056 0.082 0.553 0.122 1    
29:   0.082 0.046 0.071 0.118 0.635 0.048 1    
30:   0.085 0.265 0.402 0.111 0.034 0.103 1    
31:   0.030 0.034 0.029 0.024 0.863 0.020 1    
32:   0.065 0.297 0.200 0.086 0.261 0.091 1    
33:   0.084 0.080 0.028 0.671 0.032 0.104 1    
34:   0.024 0.084 0.121 0.101 0.524 0.146 1    
35:   0.018 0.059 0.015 0.032 0.798 0.077 1    
36:   0.036 0.118 0.083 0.051 0.655 0.058 1    
37:   0.083 0.139 0.160 0.068 0.054 0.496 1    
38:   0.018 0.222 0.024 0.234 0.031 0.471 1    
39:   0.017 0.336 0.023 0.101 0.018 0.504 1    
40:   0.039 0.070 0.415 0.171 0.066 0.239 1    
41:   0.019 0.098 0.053 0.070 0.111 0.649 1    
42:   0.033 0.275 0.022 0.141 0.023 0.506 1    
43:   0.227 0.136 0.394 0.060 0.045 0.137 1    
44:   0.292 0.076 0.273 0.074 0.046 0.239 1    
45:   0.024 0.013 0.012 0.927 0.014 0.011 1    
46:   0.074 0.016 0.022 0.812 0.039 0.036 1    
47:   0.226 0.097 0.071 0.257 0.115 0.234 1    
48:   0.292 0.041 0.300 0.114 0.211 0.041 1    
49:   0.025 0.018 0.016 0.903 0.018 0.020 1    
50:   0.860 0.025 0.041 0.033 0.021 0.020 1    
51:   0.019 0.016 0.024 0.901 0.019 0.020 1    
52:   0.028 0.074 0.049 0.754 0.057 0.037 1    
53:   0.075 0.129 0.028 0.272 0.074 0.423 1    
54:   0.013 0.011 0.011 0.943 0.011 0.012 1    
55:   0.328 0.047 0.020 0.044 0.064 0.497 1    
56:   0.699 0.048 0.044 0.047 0.026 0.136 1    
57:   0.189 0.035 0.205 0.145 0.213 0.212 1    
58:   0.443 0.043 0.058 0.232 0.195 0.029 1    
59:   0.156 0.046 0.068 0.266 0.090 0.375 1    
60:   0.654 0.054 0.036 0.048 0.028 0.179 1    
61:   0.418 0.024 0.032 0.038 0.074 0.414 1    
62:   0.808 0.059 0.023 0.037 0.025 0.048 1    
63:   0.856 0.026 0.028 0.031 0.023 0.035 1    
64:   0.600 0.033 0.020 0.025 0.028 0.293 1    
65:   0.015 0.010 0.017 0.927 0.018 0.012 1    
66:   0.201 0.053 0.128 0.150 0.372 0.095 1    
67:   0.031 0.101 0.092 0.038 0.041 0.697 1    
68:   0.355 0.044 0.019 0.038 0.048 0.497 1    
69:   0.033 0.083 0.081 0.040 0.047 0.716 1    
70:   0.180 0.070 0.065 0.104 0.478 0.103 1    
71:   0.342 0.058 0.044 0.478 0.028 0.051 1    
72:   0.741 0.067 0.038 0.056 0.042 0.056 1    
73:   0.828 0.028 0.051 0.038 0.030 0.025 1    
74:   0.026 0.022 0.026 0.824 0.035 0.068 1    
75:   0.540 0.043 0.028 0.141 0.029 0.219 1    
76:   0.029 0.019 0.019 0.888 0.024 0.021 1    
77:   0.119 0.039 0.044 0.484 0.175 0.140 1    
78:   0.463 0.036 0.063 0.319 0.036 0.084 1    
79:   0.078 0.182 0.060 0.119 0.133 0.428 1    
80:   0.065 0.045 0.039 0.616 0.052 0.183 1    
81:   0.013 0.025 0.028 0.016 0.895 0.023 1    
82:   0.026 0.019 0.026 0.868 0.023 0.039 1    
83:   0.512 0.161 0.026 0.048 0.057 0.196 1    
84:   0.538 0.144 0.016 0.112 0.143 0.047 1    
85:   0.189 0.046 0.042 0.594 0.075 0.055 1    
86:   0.104 0.272 0.043 0.205 0.095 0.281 1    
87:   0.024 0.024 0.021 0.876 0.024 0.031 1    
88:   0.503 0.062 0.030 0.219 0.026 0.160 1    
89:   0.084 0.066 0.020 0.380 0.048 0.402 1    
90:   0.347 0.156 0.084 0.035 0.244 0.133 1    
91:   0.879 0.017 0.024 0.047 0.018 0.015 1    
92:   0.027 0.024 0.013 0.896 0.016 0.024 1    
93:   0.884 0.020 0.026 0.026 0.023 0.022 1    
94:   0.233 0.059 0.037 0.227 0.108 0.335 1    
95:   0.054 0.024 0.023 0.679 0.194 0.026 1    
96:   0.079 0.054 0.256 0.066 0.445 0.101 1    
97:   0.616 0.045 0.179 0.057 0.050 0.054 1    
98:   0.127 0.477 0.022 0.209 0.027 0.138 1    
99:   0.568 0.032 0.068 0.059 0.095 0.178 1    
100:  0.436 0.151 0.105 0.048 0.067 0.193 1    
101:  0.268 0.051 0.097 0.445 0.054 0.085 1    
102:  0.523 0.054 0.120 0.079 0.044 0.179 1    
103:  0.094 0.070 0.400 0.052 0.114 0.271 1    
104:  0.026 0.199 0.055 0.219 0.022 0.478 1    
105:  0.043 0.049 0.078 0.292 0.056 0.482 1    
106:  0.044 0.100 0.441 0.046 0.048 0.321 1    
107:  0.279 0.041 0.040 0.396 0.031 0.213 1    
108:  0.021 0.025 0.018 0.075 0.830 0.032 1    
109:  0.097 0.041 0.065 0.707 0.061 0.030 1    
110:  0.833 0.039 0.023 0.058 0.020 0.027 1    
111:  0.402 0.447 0.023 0.029 0.059 0.040 1    
112:  0.087 0.098 0.077 0.246 0.241 0.250 1    
113:  0.030 0.113 0.052 0.378 0.249 0.177 1    
114:  0.401 0.267 0.094 0.086 0.037 0.115 1    
115:  0.224 0.294 0.043 0.143 0.205 0.091 1    
116:  0.019 0.225 0.020 0.128 0.034 0.574 1    
117:  0.643 0.044 0.087 0.148 0.035 0.043 1    
118:  0.134 0.046 0.319 0.359 0.102 0.041 1    
119:  0.522 0.037 0.109 0.250 0.057 0.023 1    
