        D174  1 0.0669 0.4867 0.1281 0.0348 0.0666 0.0966 0.0809 0.0187 0.0208 
        D199  1 0.2069 0.1575 0.0472 0.1441 0.0304 0.1677 0.0808 0.0430 0.1223 
        D203  1 0.1851 0.0688 0.1670 0.1674 0.1007 0.0755 0.0738 0.0484 0.1132 
        D204  1 0.7488 0.0158 0.0353 0.0344 0.0321 0.0273 0.0181 0.0671 0.0211 
     D237366  1 0.0521 0.0591 0.0891 0.0489 0.0186 0.0568 0.5138 0.1071 0.0544 
     D237367  1 0.3137 0.0322 0.1112 0.0936 0.0543 0.1288 0.1935 0.0457 0.0270 
     D237368  1 0.1304 0.1066 0.0328 0.1107 0.0589 0.0973 0.3955 0.0428 0.0250 
     D244101  1 0.1323 0.0220 0.0383 0.0854 0.0267 0.0887 0.0215 0.4861 0.0991 
     D244102  1 0.0729 0.0524 0.2716 0.0473 0.1762 0.1033 0.0985 0.0923 0.0855 
     D244103  1 0.1877 0.0391 0.2110 0.0462 0.0415 0.1846 0.2023 0.0429 0.0448 
     D244104  1 0.6099 0.1102 0.0205 0.0456 0.0627 0.0456 0.0413 0.0255 0.0388 
     D244105  1 0.0705 0.0190 0.1110 0.0284 0.1590 0.2511 0.2695 0.0302 0.0612 
     D244106  1 0.0553 0.4785 0.1400 0.0814 0.0335 0.0953 0.0266 0.0259 0.0635 
     D244107  1 0.0591 0.0179 0.0197 0.1486 0.1674 0.1374 0.3521 0.0717 0.0261 
     D244108  1 0.0509 0.3753 0.0604 0.0389 0.3247 0.0523 0.0266 0.0364 0.0343 
     D244113  1 0.0209 0.5187 0.1140 0.0591 0.0413 0.0515 0.0352 0.1296 0.0296 
     D244114  1 0.0635 0.0860 0.1508 0.0627 0.0578 0.3078 0.0630 0.0619 0.1464 
     D244115  1 0.1502 0.2448 0.0589 0.0324 0.2526 0.1353 0.0513 0.0304 0.0442 
     D267365  1 0.3151 0.2059 0.0497 0.0317 0.0432 0.0818 0.0747 0.0375 0.1605 
        D404  1 0.0283 0.3105 0.3520 0.0470 0.0528 0.0500 0.0223 0.1184 0.0189 
        D405  1 0.1033 0.0707 0.3437 0.1031 0.0971 0.0832 0.0513 0.0911 0.0565 
        D406  1 0.0695 0.0505 0.0389 0.0213 0.0753 0.0372 0.6414 0.0466 0.0192 
        D407  1 0.5240 0.0282 0.0269 0.1052 0.0185 0.0976 0.1675 0.0130 0.0191 
        D408  1 0.0637 0.4246 0.0897 0.0207 0.0675 0.0637 0.0375 0.0491 0.1836 
        D409  1 0.0931 0.0453 0.3277 0.0401 0.0558 0.1538 0.1540 0.0358 0.0946 
        D410  1 0.0497 0.0252 0.0289 0.0119 0.7822 0.0310 0.0292 0.0281 0.0136 
        D421  1 0.8510 0.0255 0.0102 0.0382 0.0105 0.0194 0.0167 0.0117 0.0168 
        D422  1 0.0539 0.0142 0.0243 0.0290 0.0233 0.0553 0.7542 0.0132 0.0325 
        D423  1 0.0596 0.0179 0.0263 0.0717 0.6742 0.0488 0.0698 0.0203 0.0114 
        D424  1 0.6464 0.0366 0.0420 0.0180 0.0217 0.1194 0.0743 0.0212 0.0205 
        D425  1 0.4241 0.1180 0.0814 0.0296 0.1198 0.1061 0.0391 0.0391 0.0428 
        D426  1 0.1103 0.0215 0.1738 0.0268 0.0189 0.2751 0.1600 0.0147 0.1989 
        D427  1 0.3076 0.1242 0.0211 0.4164 0.0264 0.0310 0.0298 0.0159 0.0276 
        D428  1 0.2599 0.1972 0.0558 0.0597 0.0926 0.1310 0.0830 0.0827 0.0381 
        D429  1 0.3373 0.2071 0.1116 0.0408 0.0523 0.1008 0.0443 0.0331 0.0728 
        D430  1 0.0701 0.1105 0.3566 0.0519 0.0364 0.1782 0.0449 0.0319 0.1194 
        D491  1 0.0549 0.6814 0.0345 0.0145 0.0580 0.0496 0.0248 0.0296 0.0527 
        D492  1 0.2031 0.1069 0.1415 0.0900 0.0559 0.1677 0.1420 0.0620 0.0309 
        D537  1 0.6406 0.0282 0.0367 0.0289 0.0571 0.0744 0.0577 0.0590 0.0176 
        D538  1 0.0375 0.0909 0.3082 0.0987 0.1158 0.1387 0.1147 0.0536 0.0419 
        D539  1 0.0371 0.1279 0.1043 0.0371 0.0835 0.1027 0.0720 0.0561 0.3793 
        D540  1 0.3530 0.0462 0.0598 0.0267 0.0993 0.2322 0.0830 0.0258 0.0739 
        D541  1 0.8293 0.0182 0.0180 0.0200 0.0342 0.0249 0.0174 0.0158 0.0224 
        D551  1 0.0881 0.0425 0.0465 0.1279 0.0225 0.3771 0.0913 0.0226 0.1815 
        D552  1 0.1148 0.2066 0.0346 0.0346 0.2629 0.1217 0.1099 0.0595 0.0554 
        D553  1 0.8766 0.0162 0.0135 0.0110 0.0145 0.0192 0.0175 0.0163 0.0151 
        D615  1 0.3481 0.0623 0.1157 0.0733 0.1678 0.0804 0.0544 0.0245 0.0735 
        D616  1 0.2508 0.0665 0.0642 0.1219 0.1551 0.1578 0.0891 0.0191 0.0756 
        D621  1 0.0183 0.0890 0.0352 0.0219 0.1401 0.0508 0.1957 0.4159 0.0330 
        D622  1 0.0472 0.0429 0.0403 0.0259 0.1595 0.0985 0.4770 0.0609 0.0477 
        D623  1 0.0262 0.2581 0.0981 0.1646 0.0710 0.0686 0.0252 0.2529 0.0352 
        D624  1 0.0332 0.8052 0.0220 0.0174 0.0181 0.0422 0.0226 0.0116 0.0277 
        D625  1 0.5667 0.0745 0.0675 0.0183 0.0740 0.0623 0.0623 0.0481 0.0264 
        D626  1 0.0775 0.2925 0.0700 0.0387 0.1641 0.0957 0.1670 0.0310 0.0635 
        D627  1 0.1161 0.0283 0.1749 0.0226 0.0183 0.2609 0.1599 0.0265 0.1924 
        D690  1 0.7343 0.0535 0.0213 0.0136 0.0614 0.0250 0.0511 0.0232 0.0165 
        D691  1 0.0801 0.0435 0.0560 0.0229 0.0843 0.0382 0.6214 0.0206 0.0329 
        D710  1 0.1927 0.1533 0.0517 0.0518 0.0894 0.1447 0.1267 0.1363 0.0536 
        D711  1 0.6329 0.0463 0.0594 0.0317 0.0510 0.0395 0.0625 0.0490 0.0277 
        D712  1 0.0280 0.5689 0.0538 0.0357 0.0379 0.0605 0.0799 0.0415 0.0938 
        D713  1 0.1884 0.1455 0.1407 0.0236 0.0839 0.1055 0.0809 0.2002 0.0312 
        D746  1 0.0917 0.0288 0.0264 0.0275 0.0429 0.0295 0.7086 0.0247 0.0199 
        D747  1 0.8403 0.0182 0.0150 0.0216 0.0181 0.0176 0.0164 0.0253 0.0275 
        D748  1 0.2326 0.0470 0.1280 0.0221 0.1620 0.0678 0.2495 0.0555 0.0355 
        D749  1 0.0244 0.1049 0.0741 0.0587 0.0934 0.2467 0.2626 0.0959 0.0393 
        D750  1 0.1306 0.5740 0.0307 0.0203 0.0827 0.0608 0.0320 0.0429 0.0260 
        D763  1 0.0834 0.0229 0.0655 0.0977 0.0584 0.1391 0.0955 0.1926 0.2448 
        D764  1 0.5151 0.1976 0.0341 0.0166 0.0955 0.0555 0.0471 0.0175 0.0211 
        D765  1 0.0315 0.1236 0.0988 0.0177 0.5557 0.0645 0.0495 0.0150 0.0437 
        D766  1 0.0635 0.0440 0.0475 0.0320 0.4584 0.0752 0.1286 0.1308 0.0199 
        D767  1 0.0750 0.0319 0.2831 0.0905 0.0855 0.0823 0.1059 0.2178 0.0280 
        D768  1 0.8591 0.0138 0.0147 0.0188 0.0228 0.0225 0.0192 0.0117 0.0175 
        D811  1 0.0283 0.1261 0.4232 0.0209 0.2512 0.0633 0.0227 0.0261 0.0382 
        D816  1 0.8320 0.0244 0.0204 0.0171 0.0211 0.0216 0.0214 0.0212 0.0207 
        D825  1 0.0927 0.1649 0.1442 0.0185 0.3786 0.1149 0.0368 0.0231 0.0262 
        D866  1 0.0517 0.2128 0.0815 0.1017 0.0930 0.1062 0.0323 0.0202 0.3006 
        D867  1 0.0206 0.0223 0.0341 0.0434 0.0316 0.0461 0.6787 0.1016 0.0216 
        D871  1 0.0967 0.0588 0.3350 0.0221 0.0323 0.1482 0.1404 0.0391 0.1275 
        D872  1 0.1794 0.0424 0.2597 0.0601 0.2145 0.0617 0.1087 0.0516 0.0219 
        D873  1 0.0102 0.0176 0.0389 0.0262 0.7930 0.0269 0.0343 0.0425 0.0104 
        D874  1 0.0653 0.0959 0.0447 0.0200 0.0190 0.0284 0.0177 0.6766 0.0325 
        D875  1 0.0636 0.0258 0.3994 0.0160 0.0710 0.1872 0.1801 0.0182 0.0388 
        D876  1 0.4681 0.1052 0.0409 0.0249 0.0689 0.0712 0.0830 0.0785 0.0594 
        D877  1 0.0387 0.1769 0.4768 0.0293 0.0347 0.0897 0.0160 0.1092 0.0288 
        D892  1 0.2877 0.1652 0.1618 0.0176 0.0504 0.0673 0.1742 0.0457 0.0300 
        D893  1 0.5991 0.0178 0.0275 0.0372 0.0493 0.0771 0.0835 0.0362 0.0724 
        D894  1 0.5658 0.0498 0.1075 0.0300 0.0341 0.0961 0.0446 0.0282 0.0440 
        D915  1 0.4937 0.0540 0.0553 0.0296 0.1694 0.0596 0.0750 0.0239 0.0396 
        D916  1 0.8622 0.0230 0.0141 0.0129 0.0218 0.0208 0.0193 0.0127 0.0132 
        D917  1 0.1359 0.2458 0.0459 0.0700 0.0423 0.1583 0.0619 0.1389 0.1010 
        D925  1 0.2039 0.0813 0.0261 0.0218 0.5194 0.0407 0.0545 0.0182 0.0341 
        D926  1 0.4386 0.0645 0.0508 0.0201 0.0443 0.2191 0.0548 0.0670 0.0408 
        D927  1 0.2692 0.0610 0.0719 0.2284 0.0274 0.1310 0.0643 0.0399 0.1068 
        D928  1 0.0772 0.7677 0.0283 0.0180 0.0355 0.0275 0.0130 0.0182 0.0146 
        D929  1 0.0290 0.0563 0.2151 0.0170 0.0251 0.0425 0.1031 0.4891 0.0227 
        D936  1 0.4019 0.0349 0.0418 0.0622 0.0533 0.0883 0.0260 0.1559 0.1357 
        D938  1 0.0309 0.0351 0.0320 0.0211 0.1014 0.0442 0.6419 0.0673 0.0262 
        D956  1 0.0278 0.5661 0.1687 0.0322 0.0558 0.0628 0.0264 0.0304 0.0300 
        D957  1 0.0878 0.0451 0.1441 0.0448 0.4635 0.0683 0.0548 0.0653 0.0263 
        D958  1 0.1865 0.1261 0.0894 0.0307 0.3053 0.0942 0.0707 0.0709 0.0262 
        D959  1 0.5441 0.0253 0.0235 0.0797 0.0145 0.1267 0.1624 0.0125 0.0114 
        D960  1 0.0279 0.0769 0.0467 0.0240 0.1183 0.0757 0.5569 0.0516 0.0219 
        D989  1 0.0470 0.6101 0.0304 0.0757 0.0287 0.0713 0.0384 0.0282 0.0703 
        D990  1 0.0160 0.0472 0.0209 0.0373 0.6238 0.0607 0.0646 0.0187 0.1108 
        D023  2 0.0433 0.0169 0.0115 0.0168 0.0181 0.0346 0.8273 0.0169 0.0146 
        D130  2 0.0869 0.0146 0.1306 0.0336 0.0260 0.0301 0.6341 0.0246 0.0197 
        D131  2 0.2381 0.0427 0.1013 0.0441 0.0882 0.2599 0.0450 0.0513 0.1294 
        D163  2 0.0929 0.0430 0.0196 0.0157 0.0535 0.0571 0.6428 0.0283 0.0471 
        D164  2 0.0109 0.0126 0.0159 0.5320 0.3553 0.0180 0.0231 0.0179 0.0145 
        D165  2 0.0329 0.0184 0.0157 0.0329 0.0253 0.0370 0.7837 0.0236 0.0306 
        D166  2 0.0409 0.0150 0.6410 0.0331 0.0415 0.0933 0.0450 0.0489 0.0412 
        D167  2 0.0140 0.0242 0.0400 0.8419 0.0177 0.0173 0.0132 0.0153 0.0165 
        D192  2 0.0097 0.0199 0.0134 0.8714 0.0155 0.0150 0.0138 0.0193 0.0220 
        D193  2 0.0264 0.2269 0.2826 0.0350 0.0668 0.1350 0.0414 0.1102 0.0757 
        D206  2 0.1699 0.0270 0.0454 0.3258 0.0496 0.1975 0.0995 0.0393 0.0460 
        D207  2 0.0365 0.0227 0.1565 0.5624 0.0229 0.0817 0.0257 0.0213 0.0704 
        D208  2 0.0661 0.1589 0.0613 0.0787 0.0884 0.1063 0.0731 0.0508 0.3164 
        D209  2 0.0359 0.0303 0.0328 0.4000 0.0635 0.2116 0.0513 0.1497 0.0250 
        D210  2 0.0684 0.4491 0.0396 0.0668 0.0334 0.0554 0.0283 0.0301 0.2289 
     D229599  2 0.1591 0.0585 0.0455 0.0478 0.0981 0.1436 0.1220 0.1637 0.1616 
     D229600  2 0.0305 0.0218 0.0702 0.3469 0.0511 0.0573 0.3538 0.0363 0.0321 
     D237227  2 0.0471 0.3807 0.0406 0.0581 0.1691 0.0992 0.0754 0.0253 0.1047 
     D237228  2 0.0146 0.1391 0.0577 0.0479 0.5565 0.0941 0.0274 0.0178 0.0449 
     D237258  2 0.0700 0.0580 0.0852 0.2173 0.0948 0.1568 0.1363 0.0606 0.1211 
     D237310  2 0.0128 0.0333 0.2962 0.0628 0.4578 0.0417 0.0227 0.0379 0.0347 
     D237311  2 0.0122 0.0336 0.1133 0.1773 0.5359 0.0417 0.0389 0.0236 0.0237 
     D237312  2 0.0230 0.0402 0.4190 0.0280 0.2633 0.0557 0.0726 0.0746 0.0235 
     D237313  2 0.1369 0.1188 0.0479 0.0333 0.2179 0.1986 0.0516 0.0783 0.1168 
     D237322  2 0.0316 0.0579 0.1480 0.0392 0.1088 0.1735 0.0386 0.1353 0.2671 
     D237323  2 0.0161 0.1415 0.1138 0.0292 0.5141 0.0447 0.0529 0.0307 0.0571 
     D237324  2 0.0548 0.0212 0.0329 0.2329 0.0598 0.2571 0.2112 0.0351 0.0952 
     D237325  2 0.0368 0.0752 0.1273 0.0604 0.3807 0.0933 0.1033 0.0800 0.0430 
     D237326  2 0.0456 0.0845 0.0308 0.0414 0.6368 0.0549 0.0471 0.0350 0.0238 
     D237327  2 0.0526 0.0377 0.0689 0.1376 0.0269 0.1805 0.0934 0.0983 0.3041 
     D237337  2 0.0203 0.0338 0.0664 0.0147 0.7677 0.0294 0.0240 0.0204 0.0233 
     D237338  2 0.0490 0.1328 0.0729 0.0710 0.1661 0.1435 0.1507 0.1095 0.1044 
     D237339  2 0.0291 0.0168 0.0312 0.1710 0.0263 0.0695 0.0218 0.5997 0.0347 
     D237340  2 0.0195 0.1657 0.1073 0.1698 0.3210 0.0700 0.0549 0.0478 0.0441 
     D237389  2 0.0184 0.0233 0.2687 0.0926 0.4757 0.0434 0.0230 0.0357 0.0191 
     D237390  2 0.0286 0.0744 0.2660 0.0240 0.3655 0.0672 0.0614 0.0564 0.0565 
     D244017  2 0.0238 0.2097 0.2383 0.3086 0.0399 0.0781 0.0442 0.0234 0.0339 
     D244112  2 0.0132 0.0167 0.0434 0.8322 0.0186 0.0207 0.0238 0.0142 0.0172 
     D244118  2 0.0097 0.0287 0.0169 0.6562 0.0364 0.0280 0.1730 0.0328 0.0184 
     D244119  2 0.0191 0.5981 0.0209 0.2667 0.0265 0.0198 0.0169 0.0134 0.0186 
     D244120  2 0.0125 0.0526 0.3407 0.3402 0.0331 0.0521 0.0299 0.0644 0.0745 
     D244122  2 0.0285 0.0405 0.0707 0.6716 0.0278 0.0496 0.0552 0.0327 0.0233 
        D291  2 0.0673 0.0208 0.0614 0.0687 0.0473 0.1431 0.1001 0.0160 0.4753 
        D292  2 0.1392 0.0759 0.0519 0.2755 0.1142 0.0715 0.0296 0.0443 0.1978 
        D293  2 0.1103 0.0177 0.0198 0.6330 0.0170 0.0784 0.0129 0.0715 0.0393 
        D322  2 0.1284 0.0190 0.0249 0.5031 0.0446 0.0961 0.0252 0.1280 0.0307 
        D323  2 0.0707 0.0508 0.1651 0.1886 0.1000 0.1918 0.0423 0.1202 0.0706 
        D324  2 0.1609 0.0625 0.0576 0.0403 0.1167 0.1270 0.0804 0.0243 0.3304 
        D325  2 0.0362 0.0140 0.0195 0.7741 0.0161 0.0486 0.0175 0.0309 0.0431 
        D326  2 0.8572 0.0251 0.0139 0.0167 0.0139 0.0221 0.0138 0.0162 0.0211 
        D340  2 0.0230 0.0169 0.0163 0.8315 0.0186 0.0171 0.0185 0.0292 0.0289 
        D341  2 0.0593 0.0386 0.0636 0.5683 0.0659 0.0538 0.0297 0.0353 0.0855 
        D342  2 0.0272 0.0245 0.0583 0.5317 0.0833 0.1250 0.0958 0.0184 0.0358 
        D343  2 0.0139 0.0104 0.0109 0.8961 0.0115 0.0142 0.0120 0.0156 0.0154 
        D344  2 0.0772 0.0241 0.0968 0.0562 0.0409 0.1015 0.0224 0.5573 0.0236 
        D345  2 0.0802 0.0398 0.0242 0.0518 0.3468 0.1588 0.0542 0.1930 0.0512 
        D346  2 0.0767 0.4756 0.0889 0.0709 0.0577 0.0664 0.0349 0.0504 0.0784 
        D351  2 0.2318 0.0208 0.0988 0.0523 0.0923 0.1970 0.0819 0.0749 0.1502 
        D352  2 0.0202 0.0466 0.0270 0.0252 0.0394 0.0566 0.0218 0.7411 0.0221 
        D353  2 0.2086 0.0145 0.0319 0.0373 0.0179 0.5215 0.0200 0.1216 0.0267 
        D354  2 0.0412 0.0463 0.0282 0.0138 0.0363 0.0531 0.0172 0.7383 0.0256 
        D362  2 0.7106 0.0332 0.0279 0.0247 0.0405 0.0504 0.0627 0.0239 0.0260 
        D363  2 0.7430 0.0426 0.0209 0.0254 0.0409 0.0359 0.0423 0.0223 0.0267 
        D364  2 0.2315 0.0538 0.0238 0.0240 0.0789 0.0833 0.0302 0.4496 0.0248 
        D365  2 0.0269 0.0167 0.0132 0.8649 0.0157 0.0160 0.0104 0.0224 0.0137 
        D369  2 0.1820 0.1486 0.0661 0.1518 0.1827 0.0912 0.0509 0.0213 0.1056 
        D374  2 0.0202 0.6070 0.1439 0.0255 0.0438 0.0605 0.0161 0.0568 0.0262 
        D375  2 0.0191 0.0192 0.0352 0.0135 0.0201 0.0334 0.0189 0.8297 0.0109 
        D376  2 0.0168 0.5705 0.0998 0.0334 0.0643 0.0911 0.0214 0.0796 0.0231 
        D377  2 0.0364 0.0889 0.1821 0.0739 0.2806 0.1230 0.0546 0.0779 0.0827 
        D378  2 0.1394 0.0322 0.0277 0.2311 0.0405 0.1986 0.0894 0.1784 0.0628 
        D379  2 0.7259 0.0333 0.0279 0.0204 0.0337 0.0568 0.0260 0.0489 0.0271 
        D384  2 0.8348 0.0326 0.0131 0.0212 0.0236 0.0270 0.0133 0.0161 0.0184 
        D385  2 0.0207 0.0374 0.0302 0.6649 0.0255 0.0290 0.0160 0.1567 0.0196 
        D386  2 0.0707 0.0181 0.0326 0.0727 0.0259 0.1402 0.0680 0.5365 0.0353 
        D391  2 0.0329 0.0170 0.0215 0.7595 0.0244 0.0315 0.0180 0.0689 0.0263 
        D392  2 0.0727 0.0526 0.0527 0.5680 0.1148 0.0443 0.0428 0.0250 0.0270 
        D393  2 0.2259 0.0263 0.0255 0.0870 0.0596 0.0893 0.0552 0.1992 0.2319 
        D394  2 0.0582 0.0443 0.0958 0.1018 0.1626 0.1398 0.1821 0.1511 0.0644 
        D395  2 0.0190 0.0218 0.0394 0.2468 0.0194 0.0686 0.0255 0.5237 0.0359 
        D401  2 0.0212 0.0375 0.0572 0.0307 0.7788 0.0309 0.0146 0.0121 0.0170 
        D402  2 0.0154 0.0170 0.0309 0.7484 0.0243 0.0366 0.0143 0.0602 0.0528 
        D403  2 0.2180 0.0241 0.0718 0.0379 0.0386 0.3391 0.1086 0.1128 0.0491 
        D415  2 0.5519 0.0137 0.0693 0.0366 0.1182 0.1270 0.0387 0.0265 0.0180 
        D435  2 0.4395 0.0186 0.0211 0.2556 0.0607 0.0534 0.0300 0.0551 0.0659 
        D436  2 0.1068 0.0620 0.0894 0.0275 0.0308 0.0650 0.0398 0.5492 0.0295 
        D438  2 0.0114 0.0211 0.0165 0.8684 0.0136 0.0176 0.0153 0.0176 0.0184 
        D439  2 0.0526 0.0181 0.0227 0.0540 0.0586 0.0973 0.0511 0.6143 0.0313 
        D449  2 0.1086 0.0297 0.0247 0.5980 0.0255 0.1220 0.0403 0.0231 0.0280 
        D450  2 0.1306 0.1212 0.1273 0.0225 0.0452 0.1680 0.0619 0.2380 0.0853 
        D456  2 0.8389 0.0222 0.0179 0.0131 0.0159 0.0243 0.0218 0.0203 0.0256 
        D462  2 0.0364 0.0132 0.0185 0.7642 0.0139 0.0180 0.0227 0.0940 0.0191 
        D463  2 0.8209 0.0328 0.0200 0.0122 0.0197 0.0347 0.0143 0.0273 0.0181 
        D464  2 0.0581 0.0325 0.1134 0.0706 0.0264 0.2955 0.0180 0.3615 0.0240 
        D465  2 0.1495 0.0210 0.0808 0.4997 0.1018 0.0674 0.0234 0.0301 0.0264 
        D473  2 0.0230 0.4274 0.0595 0.0502 0.1263 0.0621 0.0651 0.1365 0.0499 
        D474  2 0.5016 0.0383 0.0233 0.0580 0.0609 0.0510 0.0576 0.0307 0.1785 
        D476  2 0.0232 0.0138 0.0137 0.0361 0.0180 0.0244 0.3280 0.5112 0.0315 
        D477  2 0.2637 0.0479 0.0423 0.0308 0.1438 0.0820 0.0262 0.2300 0.1332 
        D478  2 0.0468 0.1077 0.1145 0.0577 0.0435 0.1704 0.3156 0.1051 0.0388 
        D480  2 0.2283 0.1007 0.0520 0.0730 0.0345 0.1349 0.0262 0.1925 0.1579 
        D481  2 0.2011 0.1082 0.0447 0.0784 0.0778 0.1305 0.1413 0.1682 0.0496 
        D482  2 0.0194 0.0793 0.0604 0.0258 0.0825 0.0989 0.0642 0.3319 0.2376 
        D483  2 0.0143 0.0649 0.0160 0.8010 0.0173 0.0254 0.0238 0.0159 0.0215 
        D484  2 0.0106 0.0205 0.0264 0.0177 0.0165 0.0171 0.0141 0.8547 0.0225 
        D510  2 0.0298 0.6006 0.0508 0.0297 0.0318 0.0708 0.0269 0.0340 0.1256 
        D511  2 0.0581 0.0213 0.0220 0.0712 0.0409 0.0647 0.0419 0.6387 0.0412 
        D512  2 0.0207 0.0150 0.1828 0.1405 0.4612 0.0800 0.0365 0.0329 0.0302 
        D513  2 0.0688 0.0580 0.0504 0.5651 0.0551 0.0716 0.0334 0.0241 0.0734 
        D635  2 0.2503 0.0302 0.0199 0.0477 0.0385 0.1370 0.4239 0.0211 0.0316 
        D636  2 0.0297 0.0216 0.0164 0.0208 0.0462 0.0233 0.8123 0.0150 0.0146 
        D637  2 0.0252 0.0827 0.1190 0.1333 0.0959 0.1316 0.0285 0.2862 0.0976 
        D658  2 0.0219 0.0979 0.0625 0.3965 0.0513 0.0578 0.0241 0.2645 0.0236 
        D659  2 0.6116 0.0468 0.0238 0.0328 0.0203 0.0649 0.0785 0.0515 0.0698 
        D677  2 0.3307 0.0214 0.0971 0.0638 0.0911 0.1196 0.1256 0.0469 0.1039 
        D678  2 0.0218 0.0178 0.0642 0.6260 0.0547 0.1183 0.0422 0.0335 0.0216 
        D679  2 0.3779 0.0529 0.0408 0.0503 0.0600 0.1842 0.0485 0.0605 0.1249 
        D719  2 0.1792 0.3513 0.0203 0.1938 0.0585 0.0598 0.0154 0.0414 0.0802 
        D720  2 0.7021 0.0761 0.0234 0.0354 0.0391 0.0461 0.0279 0.0175 0.0323 
        D721  2 0.0462 0.0366 0.0147 0.0481 0.0262 0.0495 0.7167 0.0339 0.0281 
        D722  2 0.0303 0.3747 0.1318 0.0629 0.1329 0.1248 0.0279 0.0560 0.0587 
        D734  2 0.0225 0.1416 0.0322 0.0624 0.0158 0.0466 0.0184 0.6266 0.0338 
        D735  2 0.2515 0.0774 0.0612 0.0686 0.1420 0.1683 0.0516 0.0705 0.1089 
        D736  2 0.0513 0.3127 0.0361 0.0545 0.0604 0.0858 0.0463 0.0585 0.2943 
        D737  2 0.0169 0.0438 0.0425 0.5157 0.0469 0.0653 0.0624 0.1321 0.0745 
        D807  2 0.1573 0.1970 0.0920 0.0576 0.1217 0.0993 0.0508 0.0945 0.1300 
        D808  2 0.0607 0.0389 0.2300 0.0942 0.2264 0.1254 0.0827 0.0585 0.0833 
        D817  2 0.3478 0.0389 0.1014 0.0281 0.1395 0.1414 0.0495 0.0937 0.0598 
        D818  2 0.0727 0.0282 0.0949 0.2083 0.0257 0.2439 0.1458 0.0379 0.1425 
        D819  2 0.1616 0.0413 0.1315 0.0433 0.3440 0.1340 0.0783 0.0293 0.0367 
        D820  2 0.7001 0.0309 0.0249 0.0391 0.0152 0.0388 0.0231 0.0869 0.0411 
        D895  2 0.3657 0.0443 0.0244 0.0557 0.0931 0.1727 0.1414 0.0617 0.0410 
        D896  2 0.0151 0.0353 0.0674 0.0104 0.7994 0.0218 0.0164 0.0172 0.0171 
        D897  2 0.0314 0.0276 0.0773 0.5281 0.0620 0.1362 0.0311 0.0382 0.0680 
        D898  2 0.0467 0.0442 0.1891 0.0323 0.3023 0.1862 0.0365 0.0550 0.1076 
        D918  2 0.0359 0.0621 0.1472 0.0864 0.1936 0.1976 0.1158 0.0862 0.0753 
        D919  2 0.1261 0.0251 0.0625 0.1025 0.0258 0.1546 0.0525 0.3808 0.0699 
        D920  2 0.0312 0.0795 0.0463 0.0391 0.0538 0.0375 0.6455 0.0448 0.0222 
        D923  2 0.6724 0.0257 0.0321 0.0328 0.0326 0.0582 0.0257 0.0885 0.0319 
        D930  2 0.2370 0.0981 0.1237 0.0421 0.1023 0.1500 0.0283 0.1513 0.0673 
        D931  2 0.2450 0.0479 0.0741 0.1360 0.0491 0.0818 0.0412 0.2728 0.0521 
        D968  2 0.0230 0.0161 0.0211 0.7935 0.0222 0.0221 0.0128 0.0236 0.0656 
        D969  2 0.1921 0.0647 0.0489 0.2026 0.0514 0.1375 0.0392 0.0463 0.2172 
        D977  2 0.0291 0.0204 0.0323 0.7360 0.0205 0.0626 0.0301 0.0341 0.0349 
        D978  2 0.0220 0.0377 0.1837 0.1174 0.0230 0.1435 0.0240 0.0268 0.4221 
        D211  3 0.0568 0.0269 0.0458 0.0213 0.0426 0.0627 0.6655 0.0291 0.0494 
     D229639  3 0.0724 0.0928 0.0443 0.0548 0.0483 0.0578 0.0294 0.0269 0.5733 
     D237212  3 0.0707 0.0223 0.0834 0.0684 0.0853 0.0882 0.0775 0.2661 0.2382 
     D237213  3 0.0630 0.0225 0.1654 0.0337 0.3229 0.1265 0.1011 0.0980 0.0669 
     D237214  3 0.0259 0.0301 0.0267 0.0146 0.0189 0.0374 0.8170 0.0171 0.0124 
     D237215  3 0.0184 0.0803 0.1154 0.5589 0.0504 0.0458 0.0156 0.0174 0.0978 
     D237216  3 0.0530 0.0242 0.0524 0.0322 0.0468 0.5692 0.1114 0.0458 0.0651 
     D237217  3 0.1100 0.0193 0.0311 0.0445 0.0672 0.2964 0.3150 0.0290 0.0874 
     D237218  3 0.0537 0.0465 0.0331 0.0353 0.0320 0.0973 0.0412 0.1346 0.5264 
     D237219  3 0.0447 0.0841 0.0665 0.0299 0.3684 0.0835 0.1081 0.0192 0.1956 
     D237382  3 0.0870 0.1113 0.4618 0.0467 0.1021 0.0680 0.0460 0.0384 0.0387 
     D244127  3 0.0228 0.0223 0.0643 0.1017 0.5331 0.0908 0.0492 0.0365 0.0793 
     D244129  3 0.0893 0.0443 0.1268 0.0871 0.2015 0.1640 0.1208 0.0763 0.0901 
     D244133  3 0.1083 0.1097 0.1228 0.1929 0.1156 0.1599 0.1001 0.0155 0.0752 
     D244134  3 0.0396 0.1535 0.0174 0.0280 0.1303 0.0426 0.0465 0.0220 0.5202 
     D244135  3 0.0412 0.0166 0.0287 0.0576 0.0272 0.0599 0.7151 0.0260 0.0277 
     D244136  3 0.2227 0.1670 0.0979 0.1084 0.0805 0.1323 0.0684 0.0299 0.0929 
        D416  3 0.1197 0.0333 0.0708 0.1567 0.1360 0.2412 0.0975 0.0486 0.0962 
        D417  3 0.6096 0.0271 0.0939 0.0223 0.0477 0.0964 0.0391 0.0335 0.0304 
        D419  3 0.0816 0.0642 0.0453 0.0754 0.1714 0.1827 0.0734 0.0422 0.2637 
        D565  3 0.0442 0.8015 0.0158 0.0175 0.0288 0.0251 0.0245 0.0153 0.0274 
        D566  3 0.0801 0.3013 0.0648 0.0554 0.0634 0.0680 0.0251 0.0225 0.3194 
        D567  3 0.4824 0.0370 0.0420 0.0551 0.0875 0.0801 0.1066 0.0772 0.0321 
        D568  3 0.1186 0.0204 0.0502 0.1389 0.1024 0.1435 0.1529 0.1827 0.0905 
        D569  3 0.0241 0.0391 0.0634 0.0681 0.0251 0.1116 0.0914 0.5308 0.0464 
        D573  3 0.1365 0.0255 0.0303 0.2869 0.0410 0.0977 0.0252 0.0325 0.3243 
        D574  3 0.0439 0.3361 0.1295 0.0576 0.0679 0.1250 0.0798 0.0408 0.1195 
        D575  3 0.0924 0.1136 0.0402 0.0703 0.2953 0.1126 0.1455 0.0315 0.0986 
        D576  3 0.0078 0.0376 0.1349 0.6159 0.0175 0.0567 0.0361 0.0206 0.0728 
        D577  3 0.5488 0.0373 0.0655 0.0241 0.0465 0.0626 0.1161 0.0516 0.0475 
        D578  3 0.0149 0.0161 0.0289 0.0286 0.0263 0.0418 0.8155 0.0136 0.0142 
        D579  3 0.1286 0.1882 0.0416 0.0617 0.0670 0.0922 0.0640 0.1182 0.2385 
        D660  3 0.0171 0.0185 0.0802 0.5709 0.0620 0.0963 0.0707 0.0426 0.0417 
        D661  3 0.0356 0.0226 0.0902 0.1741 0.0365 0.1575 0.0713 0.0832 0.3290 
        D663  3 0.0794 0.0187 0.0578 0.0753 0.0192 0.1306 0.0368 0.0541 0.5281 
        D664  3 0.0229 0.0735 0.1426 0.1663 0.1546 0.1784 0.1690 0.0302 0.0625 
        D665  3 0.0185 0.0135 0.2801 0.0428 0.1203 0.2112 0.1753 0.0758 0.0626 
        D666  3 0.0837 0.0903 0.0618 0.0294 0.4429 0.1064 0.0689 0.0298 0.0866 
        D009  4 0.1229 0.0379 0.0808 0.0260 0.0896 0.1913 0.2480 0.1514 0.0521 
        D057  4 0.0377 0.0298 0.0231 0.1399 0.0128 0.0352 0.2464 0.4100 0.0652 
        D109  4 0.0437 0.0529 0.0727 0.0224 0.5130 0.1422 0.0833 0.0346 0.0352 
     D237222  4 0.0433 0.1479 0.0641 0.0385 0.0358 0.0383 0.5638 0.0400 0.0282 
     D237223  4 0.0448 0.1243 0.1472 0.0959 0.1498 0.1860 0.1104 0.0658 0.0758 
     D237224  4 0.1237 0.0331 0.0397 0.1621 0.0558 0.1178 0.0557 0.2129 0.1991 
     D237225  4 0.1246 0.0470 0.0866 0.0365 0.0575 0.3011 0.1314 0.0866 0.1286 
     D237299  4 0.0190 0.0312 0.5346 0.0231 0.0566 0.1398 0.0611 0.0278 0.1068 
     D237300  4 0.0197 0.0333 0.0404 0.0386 0.0359 0.0441 0.0268 0.0285 0.7326 
     D237306  4 0.0629 0.4642 0.1070 0.0262 0.1137 0.0804 0.0335 0.0715 0.0405 
     D237307  4 0.4193 0.1581 0.0711 0.0597 0.0399 0.0958 0.0580 0.0233 0.0748 
     D237308  4 0.0399 0.0731 0.0283 0.3801 0.1060 0.0758 0.0405 0.2050 0.0512 
     D237309  4 0.1664 0.0267 0.0993 0.0686 0.0758 0.2515 0.1503 0.0902 0.0712 
     D237317  4 0.1558 0.3970 0.0364 0.0299 0.0483 0.1757 0.0601 0.0424 0.0545 
     D237318  4 0.0337 0.0251 0.0389 0.0734 0.0230 0.0551 0.0181 0.0163 0.7164 
     D237319  4 0.0714 0.0449 0.2736 0.0580 0.1393 0.1714 0.1480 0.0339 0.0595 
     D237320  4 0.0721 0.0359 0.1450 0.1057 0.1512 0.1158 0.1827 0.0279 0.1637 
     D237321  4 0.0606 0.0457 0.0411 0.0935 0.0510 0.0883 0.0511 0.0235 0.5451 
     D237397  4 0.0475 0.2344 0.0812 0.0883 0.0945 0.0949 0.0764 0.0289 0.2540 
     D237398  4 0.0634 0.0179 0.0503 0.0293 0.0206 0.0682 0.0312 0.0397 0.6794 
     D237399  4 0.0824 0.1667 0.1361 0.0445 0.0627 0.0731 0.1272 0.0435 0.2640 
     D244001  4 0.0342 0.0324 0.0593 0.1442 0.0291 0.0717 0.4743 0.1164 0.0384 
        D289  4 0.0767 0.2318 0.0360 0.0927 0.0401 0.0841 0.0753 0.2725 0.0908 
        D290  4 0.0525 0.0297 0.5588 0.0371 0.0345 0.0924 0.0310 0.0521 0.1118 
        D294  4 0.0967 0.0412 0.1685 0.0361 0.0199 0.1856 0.0784 0.2792 0.0944 
        D295  4 0.2621 0.0502 0.1547 0.0315 0.2139 0.0806 0.0542 0.0801 0.0726 
        D301  4 0.0198 0.0483 0.0985 0.0356 0.0704 0.0494 0.5062 0.0362 0.1357 
        D302  4 0.0734 0.0144 0.0511 0.0143 0.0152 0.0471 0.0349 0.7254 0.0241 
        D303  4 0.0321 0.4577 0.0528 0.0713 0.1132 0.0658 0.0354 0.1331 0.0387 
        D304  4 0.0754 0.0973 0.2629 0.0360 0.0276 0.1583 0.0508 0.0338 0.2579 
        D305  4 0.0170 0.0144 0.0349 0.1313 0.0322 0.3382 0.0418 0.3447 0.0455 
        D306  4 0.0385 0.0349 0.5879 0.0222 0.0286 0.1714 0.0488 0.0264 0.0414 
        D307  4 0.0171 0.0736 0.0275 0.0237 0.0400 0.0310 0.6826 0.0500 0.0545 
        D327  4 0.5909 0.0526 0.0596 0.0472 0.0213 0.0963 0.0333 0.0467 0.0521 
        D328  4 0.0241 0.1174 0.1255 0.0266 0.0660 0.0602 0.0288 0.5188 0.0326 
        D329  4 0.0565 0.0431 0.0714 0.1333 0.0718 0.1541 0.0887 0.2913 0.0896 
        D330  4 0.2334 0.0205 0.1595 0.0724 0.1618 0.1245 0.1163 0.0952 0.0164 
        D331  4 0.1465 0.0704 0.2333 0.0388 0.0988 0.1129 0.0505 0.0367 0.2122 
        D333  4 0.0556 0.1078 0.0931 0.0831 0.0796 0.1174 0.0669 0.2779 0.1185 
        D334  4 0.0728 0.5321 0.0635 0.0160 0.0291 0.0575 0.0978 0.0779 0.0533 
        D335  4 0.1763 0.0335 0.0549 0.0437 0.0322 0.0603 0.0279 0.5511 0.0202 
        D370  4 0.0440 0.0970 0.1572 0.0559 0.3434 0.1268 0.0488 0.0907 0.0360 
        D371  4 0.1058 0.6954 0.0273 0.0308 0.0224 0.0455 0.0159 0.0260 0.0309 
        D372  4 0.0127 0.0247 0.0983 0.0488 0.0260 0.0728 0.0212 0.0197 0.6756 
        D373  4 0.0324 0.0220 0.0194 0.0776 0.0218 0.0420 0.6399 0.0578 0.0870 
        D455  4 0.0292 0.0250 0.0268 0.0256 0.0198 0.0239 0.7256 0.0840 0.0402 
        D490  4 0.0251 0.0202 0.0286 0.0116 0.0226 0.0242 0.8287 0.0230 0.0161 
        D497  4 0.0166 0.0252 0.0395 0.0181 0.0456 0.0674 0.6912 0.0596 0.0368 
        D498  4 0.0657 0.0922 0.3598 0.0402 0.1610 0.0965 0.0430 0.0283 0.1134 
        D499  4 0.0251 0.1105 0.1736 0.1807 0.1041 0.1546 0.0236 0.1167 0.1113 
        D514  4 0.2657 0.0173 0.2603 0.0399 0.0697 0.1318 0.0517 0.1026 0.0611 
        D515  4 0.0627 0.0294 0.4565 0.0427 0.1164 0.1039 0.0948 0.0540 0.0395 
        D516  4 0.1628 0.0658 0.0621 0.0662 0.2945 0.1448 0.0648 0.0263 0.1126 
        D517  4 0.0632 0.0219 0.0213 0.0436 0.0639 0.1173 0.5783 0.0338 0.0567 
        D518  4 0.0348 0.0619 0.0252 0.0391 0.0174 0.0488 0.1616 0.5888 0.0224 
        D519  4 0.0687 0.0259 0.2684 0.0499 0.1396 0.1261 0.1478 0.0262 0.1474 
        D560  4 0.1100 0.0189 0.2886 0.0640 0.0583 0.1432 0.0822 0.0598 0.1751 
        D561  4 0.1057 0.0168 0.1694 0.0666 0.0614 0.2294 0.2305 0.0925 0.0276 
        D562  4 0.0540 0.0719 0.1452 0.0786 0.0456 0.1163 0.2803 0.1427 0.0655 
        D563  4 0.0249 0.0185 0.0687 0.3766 0.0543 0.1766 0.0549 0.1560 0.0695 
        D572  4 0.0415 0.0247 0.0405 0.0259 0.0194 0.0395 0.0640 0.7219 0.0224 
        D629  4 0.2203 0.0296 0.0408 0.0301 0.0558 0.0939 0.3819 0.0793 0.0683 
        D630  4 0.0881 0.0557 0.2767 0.0381 0.0394 0.0828 0.2411 0.0906 0.0874 
        D631  4 0.0309 0.0240 0.0458 0.0905 0.0183 0.0562 0.0509 0.6488 0.0347 
        D632  4 0.0498 0.0186 0.0397 0.1765 0.0726 0.0661 0.3120 0.2450 0.0198 
        D646  4 0.2193 0.0440 0.0615 0.0728 0.2146 0.2040 0.0656 0.0539 0.0643 
        D647  4 0.3978 0.0164 0.1120 0.0617 0.0957 0.0725 0.1082 0.0751 0.0605 
        D648  4 0.0158 0.0600 0.2279 0.0246 0.0203 0.0359 0.0179 0.5810 0.0165 
        D649  4 0.2526 0.0243 0.0390 0.0273 0.2854 0.0866 0.0650 0.1853 0.0345 
        D650  4 0.2137 0.1156 0.1076 0.0308 0.0849 0.1060 0.0978 0.1248 0.1187 
        D708  4 0.0546 0.1957 0.1278 0.0335 0.0536 0.1162 0.0603 0.2433 0.1148 
        D709  4 0.0300 0.0275 0.5093 0.0275 0.2232 0.0841 0.0173 0.0488 0.0323 
        D738  4 0.0752 0.5871 0.0492 0.0156 0.1048 0.0439 0.0504 0.0288 0.0450 
        D739  4 0.0341 0.0385 0.2028 0.0305 0.0512 0.1165 0.3920 0.0636 0.0708 
        D740  4 0.0197 0.1167 0.0671 0.0631 0.1562 0.2215 0.0777 0.0665 0.2114 
        D741  4 0.1327 0.0226 0.1425 0.1014 0.1306 0.2692 0.0607 0.0341 0.1063 
        D742  4 0.0420 0.1123 0.0860 0.2722 0.0356 0.1621 0.0836 0.0851 0.1210 
        D743  4 0.4044 0.0241 0.0312 0.0533 0.0208 0.0394 0.0311 0.3459 0.0498 
        D744  4 0.0259 0.0195 0.0305 0.0340 0.0270 0.0475 0.0278 0.7588 0.0289 
        D745  4 0.0360 0.0238 0.3256 0.0222 0.1279 0.1465 0.2062 0.0349 0.0769 
        D814  4 0.0561 0.0225 0.0720 0.2260 0.0176 0.3194 0.1080 0.0800 0.0985 
        D815  4 0.1163 0.0351 0.1861 0.0398 0.0797 0.0631 0.0351 0.3935 0.0513 
        D828  4 0.0127 0.0750 0.5290 0.0674 0.0418 0.0845 0.0362 0.0875 0.0660 
        D845  4 0.0204 0.0372 0.0131 0.0320 0.0215 0.0315 0.0152 0.0276 0.8015 
        D846  4 0.1357 0.0119 0.0457 0.1526 0.0222 0.1191 0.1391 0.3302 0.0435 
        D847  4 0.0905 0.1010 0.1202 0.0540 0.0503 0.1155 0.2833 0.0716 0.1137 
        D848  4 0.0152 0.0205 0.0190 0.0619 0.0180 0.0304 0.6495 0.0404 0.1452 
        D849  4 0.0565 0.0246 0.2077 0.0343 0.1026 0.1514 0.3324 0.0508 0.0398 
        D850  4 0.1552 0.0689 0.0364 0.0487 0.0516 0.1787 0.2511 0.0561 0.1535 
        D856  4 0.0435 0.0415 0.3388 0.0272 0.2166 0.1691 0.0739 0.0463 0.0431 
        D857  4 0.0100 0.0389 0.1479 0.0714 0.6040 0.0348 0.0389 0.0350 0.0191 
        D859  4 0.0617 0.0251 0.0447 0.0343 0.0328 0.0380 0.0333 0.6219 0.1082 
        D860  4 0.0740 0.4235 0.0234 0.1228 0.0284 0.0776 0.0349 0.0729 0.1424 
        D883  4 0.1738 0.0839 0.0824 0.0434 0.1417 0.0831 0.2251 0.0855 0.0812 
        D884  4 0.0881 0.0960 0.2093 0.0226 0.2418 0.1131 0.0624 0.0893 0.0773 
        D885  4 0.1233 0.0292 0.0455 0.0650 0.0419 0.3041 0.0602 0.0657 0.2650 
        D886  4 0.1393 0.0299 0.2274 0.0573 0.1340 0.0843 0.2232 0.0663 0.0384 
        D887  4 0.0736 0.0587 0.1200 0.1164 0.0637 0.1220 0.0453 0.1700 0.2303 
        D889  4 0.0289 0.0177 0.2040 0.0116 0.0175 0.0436 0.0168 0.0430 0.6170 
        D890  4 0.0473 0.1247 0.1224 0.0931 0.1715 0.1326 0.1209 0.1306 0.0568 
        D891  4 0.0139 0.0106 0.0121 0.0155 0.0109 0.0160 0.0121 0.0108 0.8982 
        D899  4 0.0322 0.0835 0.0705 0.4127 0.0384 0.0821 0.0337 0.0878 0.1590 
        D900  4 0.1070 0.0677 0.1963 0.0833 0.0713 0.1757 0.1146 0.1329 0.0513 
        D970  4 0.1374 0.0613 0.0400 0.0568 0.0436 0.1078 0.0876 0.3573 0.1081 
        D971  4 0.0719 0.0534 0.0516 0.4314 0.0791 0.0829 0.0332 0.1708 0.0257 
        D979  4 0.4162 0.0387 0.0539 0.0381 0.0299 0.0757 0.0263 0.2843 0.0369 
        D093  5 0.0369 0.6732 0.0630 0.0235 0.0375 0.0352 0.0256 0.0301 0.0750 
        D154  5 0.0300 0.0544 0.1606 0.1285 0.0592 0.2702 0.0281 0.0496 0.2193 
        D168  5 0.0622 0.0201 0.0772 0.2051 0.0939 0.2235 0.1176 0.0394 0.1610 
        D189  5 0.0448 0.3553 0.1791 0.0414 0.0338 0.0880 0.0283 0.0471 0.1821 
        D190  5 0.0291 0.6831 0.0403 0.0298 0.0539 0.0357 0.0213 0.0682 0.0385 
     D237220  5 0.0288 0.1013 0.0894 0.0267 0.1144 0.1267 0.1835 0.0975 0.2317 
     D237221  5 0.0740 0.2360 0.0552 0.1137 0.0774 0.0683 0.0474 0.0639 0.2641 
     D237274  5 0.3687 0.0220 0.0629 0.0632 0.0919 0.0888 0.0264 0.2497 0.0263 
     D237275  5 0.0155 0.0277 0.2115 0.5322 0.0492 0.0556 0.0248 0.0152 0.0682 
     D237276  5 0.1286 0.1693 0.2070 0.0391 0.1513 0.0829 0.0861 0.0691 0.0667 
     D237277  5 0.0299 0.4421 0.0382 0.0557 0.0634 0.0489 0.0206 0.0594 0.2419 
     D237278  5 0.0484 0.1920 0.0753 0.3161 0.0856 0.1032 0.0736 0.0771 0.0287 
     D237279  5 0.0429 0.0241 0.0464 0.0213 0.2731 0.3355 0.0909 0.0756 0.0902 
     D237280  5 0.1050 0.0598 0.0267 0.0239 0.4215 0.1358 0.1337 0.0462 0.0475 
     D237281  5 0.0461 0.0287 0.0335 0.3088 0.0315 0.1128 0.0189 0.0295 0.3902 
     D237351  5 0.0255 0.0574 0.0493 0.0223 0.7209 0.0356 0.0272 0.0239 0.0379 
     D237352  5 0.0971 0.0675 0.0540 0.0853 0.0447 0.0847 0.3481 0.1841 0.0345 
     D237353  5 0.0260 0.6408 0.0228 0.0189 0.1117 0.0447 0.0160 0.0477 0.0714 
     D237359  5 0.0396 0.0559 0.0793 0.0256 0.0471 0.1410 0.1478 0.0621 0.4016 
     D237361  5 0.0251 0.7759 0.0247 0.0187 0.0473 0.0397 0.0176 0.0180 0.0330 
     D237362  5 0.1985 0.1016 0.0865 0.0530 0.1496 0.1707 0.0565 0.0412 0.1424 
     D237363  5 0.0456 0.0417 0.0549 0.1062 0.0584 0.5828 0.0281 0.0198 0.0625 
     D237364  5 0.0789 0.0168 0.1963 0.1096 0.0623 0.1774 0.1198 0.1239 0.1150 
     D237376  5 0.0122 0.1215 0.4703 0.0292 0.0295 0.0417 0.0164 0.2373 0.0417 
     D237377  5 0.1207 0.1026 0.0268 0.0622 0.3797 0.1611 0.0473 0.0439 0.0557 
     D237378  5 0.0207 0.4165 0.0993 0.0817 0.0310 0.0795 0.0525 0.1201 0.0987 
     D237379  5 0.0338 0.1945 0.1484 0.0400 0.0301 0.1268 0.0592 0.3154 0.0518 
     D237380  5 0.0211 0.0840 0.1247 0.0173 0.4640 0.0845 0.0416 0.1432 0.0196 
     D237381  5 0.0432 0.0745 0.0705 0.0717 0.2458 0.1152 0.2078 0.1208 0.0505 
     D237391  5 0.0412 0.6867 0.0269 0.0205 0.0374 0.0306 0.0222 0.0223 0.1122 
     D237392  5 0.2986 0.0243 0.0874 0.2090 0.1120 0.1030 0.0443 0.0835 0.0379 
     D237393  5 0.2842 0.2232 0.0532 0.0763 0.1548 0.0601 0.0607 0.0369 0.0507 
     D237394  5 0.0254 0.7799 0.0179 0.0108 0.0498 0.0262 0.0218 0.0300 0.0381 
     D237395  5 0.0363 0.2496 0.2337 0.0641 0.0818 0.0961 0.0503 0.0234 0.1647 
     D237396  5 0.2911 0.1685 0.0150 0.1024 0.0764 0.1353 0.0858 0.0518 0.0736 
     D244016  5 0.0351 0.2178 0.0755 0.0667 0.0674 0.2002 0.0228 0.1832 0.1313 
     D244018  5 0.0705 0.2218 0.0246 0.2869 0.0501 0.1292 0.0652 0.0360 0.1157 
     D244019  5 0.0992 0.0420 0.1156 0.1216 0.1075 0.2744 0.0301 0.0658 0.1438 
        D279  5 0.0310 0.0454 0.0430 0.0430 0.0386 0.1056 0.0291 0.0638 0.6004 
        D280  5 0.1028 0.1607 0.0752 0.0434 0.0928 0.1894 0.0868 0.0277 0.2212 
        D281  5 0.0265 0.0815 0.0853 0.1142 0.0210 0.1391 0.0155 0.0353 0.4815 
        D283  5 0.1378 0.4420 0.0226 0.0365 0.0782 0.0954 0.0306 0.0422 0.1147 
        D284  5 0.0722 0.0364 0.2565 0.0458 0.0779 0.1749 0.2134 0.0378 0.0850 
        D285  5 0.0528 0.2814 0.0693 0.0231 0.0622 0.0864 0.0274 0.0666 0.3309 
        D286  5 0.0841 0.1930 0.2588 0.0322 0.0562 0.1039 0.0655 0.1123 0.0941 
        D287  5 0.0158 0.1062 0.5101 0.0238 0.0481 0.0984 0.0424 0.1195 0.0357 
        D288  5 0.2403 0.0778 0.0411 0.0394 0.0868 0.2493 0.0423 0.0194 0.2035 
        D308  5 0.0878 0.0277 0.0315 0.0212 0.7257 0.0350 0.0242 0.0215 0.0253 
        D309  5 0.0233 0.0210 0.0190 0.0179 0.0221 0.0644 0.0289 0.7866 0.0169 
        D310  5 0.0179 0.7047 0.0410 0.0131 0.0244 0.1280 0.0127 0.0168 0.0415 
        D311  5 0.1595 0.1160 0.1706 0.0404 0.0634 0.1951 0.0398 0.1321 0.0831 
        D312  5 0.1052 0.1296 0.1443 0.0531 0.0584 0.1026 0.0989 0.2236 0.0843 
        D313  5 0.0166 0.0341 0.0193 0.0151 0.5009 0.0256 0.3646 0.0100 0.0138 
        D314  5 0.0323 0.0767 0.1910 0.0841 0.1002 0.1996 0.0556 0.0714 0.1891 
        D315  5 0.2063 0.2076 0.1047 0.0514 0.1137 0.1373 0.0898 0.0468 0.0425 
        D317  5 0.0600 0.7258 0.0392 0.0200 0.0311 0.0309 0.0296 0.0151 0.0483 
        D318  5 0.0821 0.0541 0.1135 0.1089 0.0573 0.1758 0.1619 0.1841 0.0624 
        D319  5 0.0198 0.7313 0.0443 0.0172 0.0811 0.0289 0.0133 0.0142 0.0500 
        D320  5 0.0281 0.6319 0.0452 0.0212 0.0497 0.0463 0.0421 0.0604 0.0752 
        D321  5 0.0803 0.0472 0.0179 0.0117 0.6149 0.0445 0.0296 0.0182 0.1357 
        D336  5 0.0272 0.5681 0.2021 0.0218 0.0252 0.0594 0.0203 0.0517 0.0240 
        D337  5 0.0195 0.7948 0.0166 0.0283 0.0195 0.0278 0.0123 0.0278 0.0533 
        D338  5 0.1730 0.1354 0.0977 0.0512 0.0615 0.1520 0.0699 0.0619 0.1973 
        D339  5 0.0365 0.5231 0.0463 0.0416 0.0797 0.0927 0.0269 0.0276 0.1256 
        D347  5 0.1023 0.0517 0.4067 0.1240 0.0402 0.1034 0.0293 0.0887 0.0539 
        D348  5 0.0269 0.6628 0.0321 0.0249 0.0228 0.0672 0.0209 0.1115 0.0308 
        D349  5 0.0167 0.0380 0.0175 0.0172 0.8357 0.0192 0.0126 0.0192 0.0239 
        D350  5 0.0167 0.0200 0.0314 0.0188 0.0178 0.0229 0.0177 0.8291 0.0256 
        D355  5 0.0936 0.0262 0.0903 0.0918 0.0382 0.1861 0.0203 0.0942 0.3593 
        D356  5 0.2192 0.2319 0.1205 0.0261 0.0564 0.0780 0.1371 0.0458 0.0852 
        D357  5 0.0364 0.0634 0.3520 0.0575 0.0890 0.2468 0.0398 0.0473 0.0678 
        D358  5 0.0471 0.3595 0.0551 0.0480 0.0895 0.1257 0.0639 0.1575 0.0538 
        D359  5 0.1946 0.4294 0.0223 0.0183 0.0761 0.1119 0.0168 0.0682 0.0624 
        D360  5 0.0877 0.4026 0.0956 0.0269 0.0489 0.0665 0.1566 0.0400 0.0752 
        D361  5 0.0271 0.0261 0.0199 0.0194 0.8340 0.0300 0.0168 0.0112 0.0155 
        D366  5 0.4429 0.0230 0.0228 0.3684 0.0255 0.0438 0.0292 0.0212 0.0234 
        D367  5 0.0280 0.3821 0.0899 0.0175 0.1206 0.1504 0.0359 0.1158 0.0597 
        D368  5 0.0846 0.1220 0.0595 0.0231 0.4145 0.1538 0.0304 0.0332 0.0789 
        D380  5 0.0491 0.0358 0.0438 0.0541 0.0632 0.1788 0.0571 0.4605 0.0574 
        D381  5 0.0541 0.4721 0.0212 0.0332 0.0641 0.1665 0.0220 0.0482 0.1185 
        D400  5 0.0621 0.1984 0.1444 0.0877 0.0418 0.1153 0.0370 0.1127 0.2008 
        D411  5 0.0216 0.0134 0.1478 0.0384 0.0554 0.0437 0.6341 0.0219 0.0238 
        D412  5 0.0595 0.0770 0.1090 0.1035 0.0754 0.3305 0.1093 0.0428 0.0930 
        D413  5 0.1075 0.0337 0.0415 0.5305 0.0227 0.0625 0.0751 0.0835 0.0431 
        D414  5 0.0220 0.0152 0.0743 0.0513 0.0254 0.0527 0.0164 0.6695 0.0733 
        D420  5 0.0245 0.0302 0.2064 0.0231 0.0500 0.0923 0.2816 0.0208 0.2711 
        D431  5 0.0194 0.0430 0.3339 0.0324 0.1510 0.1394 0.0452 0.1319 0.1038 
        D432  5 0.0629 0.4535 0.0425 0.0661 0.0570 0.1041 0.0793 0.0474 0.0872 
        D433  5 0.0675 0.3714 0.0561 0.0395 0.1828 0.0608 0.0242 0.0273 0.1704 
        D434  5 0.0607 0.4628 0.0552 0.0233 0.1464 0.1169 0.0443 0.0320 0.0584 
        D440  5 0.0161 0.0219 0.0303 0.0194 0.0239 0.0325 0.0185 0.8185 0.0189 
        D447  5 0.2034 0.0211 0.0925 0.0861 0.0497 0.2494 0.1496 0.1154 0.0328 
        D448  5 0.0820 0.3625 0.2538 0.0324 0.0354 0.0907 0.0222 0.0449 0.0761 
        D459  5 0.0825 0.0407 0.0353 0.3182 0.0306 0.0817 0.0193 0.0757 0.3160 
        D460  5 0.0635 0.0616 0.0200 0.0228 0.7354 0.0238 0.0188 0.0300 0.0241 
        D461  5 0.0493 0.0195 0.0194 0.0152 0.0229 0.0312 0.0194 0.8016 0.0215 
        D468  5 0.1905 0.0891 0.2101 0.0695 0.1547 0.1824 0.0452 0.0277 0.0310 
        D469  5 0.4679 0.0743 0.0821 0.0296 0.0939 0.0855 0.0637 0.0563 0.0468 
        D470  5 0.0818 0.0886 0.2362 0.0352 0.0355 0.1446 0.2316 0.0954 0.0511 
        D471  5 0.0629 0.4430 0.1707 0.0299 0.0322 0.0757 0.0150 0.0647 0.1060 
        D472  5 0.6808 0.0230 0.0213 0.1022 0.0244 0.0424 0.0219 0.0176 0.0663 
        D479  5 0.0315 0.0265 0.0726 0.6352 0.0208 0.0530 0.0273 0.1075 0.0256 
        D485  5 0.0261 0.0353 0.5194 0.0452 0.0359 0.0689 0.0382 0.1991 0.0319 
        D486  5 0.1074 0.0501 0.4251 0.0457 0.0990 0.0987 0.1096 0.0380 0.0265 
        D487  5 0.0252 0.1531 0.0582 0.0921 0.0444 0.1026 0.0329 0.1365 0.3550 
        D555  5 0.0205 0.7516 0.0305 0.0660 0.0204 0.0292 0.0280 0.0177 0.0361 
        D556  5 0.0338 0.0722 0.1479 0.0293 0.1459 0.0807 0.0488 0.1744 0.2670 
