        D174  1 0.0694 0.0772 0.0729 0.3886 0.0307 0.0295 0.1029 0.0386 0.0191 0.0516 0.0722 0.0473 
        D199  1 0.0240 0.1082 0.1268 0.1013 0.1396 0.1346 0.0292 0.1095 0.0253 0.0720 0.0320 0.0975 
        D203  1 0.0877 0.0714 0.0942 0.0441 0.0781 0.1141 0.1179 0.2157 0.0300 0.0515 0.0182 0.0770 
        D204  1 0.0342 0.0231 0.0308 0.0191 0.0192 0.0239 0.0171 0.6688 0.0880 0.0167 0.0202 0.0390 
     D237366  1 0.0210 0.0646 0.0623 0.0437 0.0401 0.0326 0.1482 0.0326 0.0682 0.4284 0.0196 0.0385 
     D237367  1 0.0430 0.1371 0.1352 0.0358 0.0181 0.0582 0.0578 0.1627 0.0285 0.1512 0.0917 0.0807 
     D237368  1 0.0421 0.0804 0.0691 0.1048 0.0224 0.0653 0.0225 0.1793 0.0523 0.3049 0.0294 0.0275 
     D244101  1 0.0287 0.0665 0.0553 0.0168 0.1310 0.0462 0.0278 0.0878 0.4648 0.0143 0.0258 0.0350 
     D244102  1 0.0984 0.0697 0.0878 0.0340 0.0467 0.0403 0.0463 0.0573 0.0520 0.0592 0.0503 0.3581 
     D244103  1 0.0381 0.1259 0.1508 0.0293 0.0368 0.0341 0.2432 0.0969 0.0231 0.0908 0.0723 0.0586 
     D244104  1 0.0223 0.0285 0.0280 0.0654 0.0242 0.0251 0.0233 0.5795 0.0299 0.0355 0.1283 0.0102 
     D244105  1 0.0739 0.1699 0.1829 0.0151 0.0276 0.0151 0.2511 0.0212 0.0183 0.1638 0.0313 0.0298 
     D244106  1 0.0251 0.0530 0.0635 0.4225 0.0357 0.0718 0.1430 0.0761 0.0181 0.0180 0.0204 0.0527 
     D244107  1 0.1454 0.1261 0.0904 0.0131 0.0249 0.0597 0.0269 0.0407 0.0739 0.3475 0.0365 0.0150 
     D244108  1 0.3879 0.0587 0.0480 0.2301 0.0404 0.0334 0.0239 0.0272 0.0252 0.0225 0.0249 0.0777 
     D244113  1 0.0241 0.0422 0.0420 0.3084 0.0170 0.0383 0.0153 0.0175 0.0509 0.0292 0.1130 0.3022 
     D244114  1 0.0362 0.1695 0.1622 0.0439 0.0957 0.0285 0.3122 0.0300 0.0356 0.0259 0.0235 0.0367 
     D244115  1 0.2022 0.1344 0.1308 0.1828 0.0272 0.0227 0.0397 0.1393 0.0245 0.0354 0.0257 0.0354 
     D267365  1 0.0307 0.0744 0.0625 0.1283 0.2302 0.0241 0.0290 0.1997 0.0322 0.1010 0.0365 0.0513 
        D404  1 0.0454 0.0384 0.0321 0.1956 0.0231 0.0370 0.0381 0.0251 0.0693 0.0164 0.0288 0.4507 
        D405  1 0.0525 0.0459 0.0396 0.0357 0.0272 0.0479 0.0375 0.0868 0.0429 0.0245 0.0417 0.5178 
        D406  1 0.1382 0.0503 0.0348 0.0517 0.0169 0.0163 0.0326 0.0505 0.0340 0.5350 0.0127 0.0269 
        D407  1 0.0219 0.0518 0.0713 0.0239 0.0131 0.0613 0.0299 0.4768 0.0141 0.1577 0.0495 0.0286 
        D408  1 0.0496 0.0535 0.0432 0.3497 0.1292 0.0155 0.0198 0.0623 0.0250 0.0173 0.1943 0.0404 
        D409  1 0.0467 0.1931 0.1630 0.0370 0.1043 0.0364 0.1816 0.0891 0.0340 0.0449 0.0405 0.0294 
        D410  1 0.7489 0.0284 0.0285 0.0174 0.0142 0.0095 0.0195 0.0499 0.0250 0.0169 0.0203 0.0214 
        D421  1 0.0111 0.0121 0.0154 0.0126 0.0122 0.0213 0.0124 0.8552 0.0096 0.0144 0.0154 0.0083 
        D422  1 0.0332 0.0458 0.0478 0.0146 0.0199 0.0207 0.0503 0.0540 0.0141 0.6678 0.0147 0.0171 
        D423  1 0.6158 0.0647 0.0547 0.0151 0.0174 0.0331 0.0351 0.0602 0.0172 0.0462 0.0150 0.0255 
        D424  1 0.0223 0.0850 0.0877 0.0421 0.0137 0.0162 0.0433 0.5608 0.0185 0.0622 0.0248 0.0235 
        D425  1 0.0825 0.1641 0.1362 0.0548 0.0615 0.0196 0.0372 0.2073 0.0263 0.0275 0.0457 0.1374 
        D426  1 0.0171 0.2133 0.1448 0.0223 0.1555 0.0222 0.2026 0.0431 0.0179 0.0807 0.0640 0.0165 
        D427  1 0.0135 0.0223 0.0161 0.0972 0.0153 0.3328 0.0150 0.4162 0.0117 0.0279 0.0237 0.0083 
        D428  1 0.0875 0.1097 0.1182 0.1330 0.0338 0.0336 0.0227 0.1696 0.0526 0.0787 0.0450 0.1156 
        D429  1 0.0278 0.0478 0.0542 0.1140 0.0351 0.0198 0.1113 0.4262 0.0288 0.0304 0.0180 0.0866 
        D430  1 0.0349 0.1225 0.1873 0.1120 0.0890 0.0500 0.1738 0.0711 0.0197 0.0330 0.0343 0.0726 
        D491  1 0.0303 0.0303 0.0349 0.6462 0.0293 0.0111 0.0225 0.0673 0.0242 0.0148 0.0625 0.0268 
        D492  1 0.0518 0.1168 0.1146 0.1067 0.0191 0.0322 0.0482 0.2273 0.0409 0.1217 0.0183 0.1023 
        D537  1 0.0791 0.0679 0.0710 0.0270 0.0189 0.0369 0.0463 0.3197 0.0522 0.1011 0.0771 0.1029 
        D538  1 0.0953 0.1774 0.1577 0.0776 0.0263 0.0659 0.0434 0.0561 0.0428 0.0761 0.0278 0.1537 
        D539  1 0.0480 0.0918 0.0923 0.0915 0.1719 0.0365 0.2247 0.0245 0.0378 0.0398 0.0571 0.0841 
        D540  1 0.0396 0.1110 0.0962 0.0245 0.0455 0.0182 0.0388 0.1716 0.0228 0.0571 0.3338 0.0406 
        D541  1 0.0113 0.0165 0.0155 0.0109 0.0170 0.0116 0.0114 0.8518 0.0128 0.0150 0.0144 0.0118 
        D551  1 0.0180 0.1702 0.2185 0.0324 0.0992 0.0639 0.2477 0.0369 0.0201 0.0387 0.0321 0.0222 
        D552  1 0.1723 0.0956 0.0914 0.1779 0.0420 0.0294 0.0476 0.0997 0.0769 0.0831 0.0707 0.0133 
        D553  1 0.0137 0.0143 0.0131 0.0131 0.0124 0.0088 0.0145 0.8547 0.0153 0.0130 0.0179 0.0091 
        D615  1 0.1063 0.0689 0.0665 0.0563 0.0486 0.0504 0.0529 0.4196 0.0158 0.0268 0.0300 0.0581 
        D616  1 0.1168 0.1403 0.0990 0.0416 0.0628 0.0626 0.0673 0.2692 0.0221 0.0625 0.0350 0.0207 
        D621  1 0.2068 0.0405 0.0391 0.0706 0.0205 0.0161 0.0375 0.0107 0.2733 0.1932 0.0476 0.0441 
        D622  1 0.1787 0.0884 0.0893 0.0375 0.0231 0.0190 0.0803 0.0226 0.0464 0.3365 0.0571 0.0212 
        D623  1 0.0726 0.0539 0.0746 0.1813 0.0504 0.1419 0.0158 0.0173 0.1360 0.0233 0.0223 0.2107 
        D624  1 0.0187 0.0629 0.0690 0.6543 0.0243 0.0141 0.0328 0.0381 0.0119 0.0303 0.0249 0.0188 
        D625  1 0.0572 0.0697 0.0669 0.0605 0.0195 0.0124 0.0461 0.5206 0.0577 0.0443 0.0186 0.0265 
        D626  1 0.0735 0.0858 0.0868 0.2102 0.0318 0.0285 0.0573 0.0428 0.0183 0.0993 0.2143 0.0515 
        D627  1 0.0154 0.1989 0.1938 0.0332 0.1670 0.0255 0.1706 0.0799 0.0172 0.0595 0.0214 0.0177 
        D690  1 0.0368 0.0219 0.0187 0.0370 0.0129 0.0091 0.0155 0.7614 0.0186 0.0331 0.0202 0.0146 
        D691  1 0.0689 0.0511 0.0446 0.0323 0.0314 0.0164 0.1588 0.0571 0.0205 0.4830 0.0205 0.0152 
        D710  1 0.0675 0.0967 0.1186 0.0953 0.0350 0.0377 0.0206 0.2206 0.0953 0.1031 0.0730 0.0365 
        D711  1 0.0241 0.0226 0.0227 0.0225 0.0212 0.0229 0.0202 0.7385 0.0296 0.0318 0.0102 0.0337 
        D712  1 0.0266 0.0496 0.0520 0.4726 0.0691 0.0371 0.0252 0.0232 0.0506 0.0672 0.0739 0.0530 
        D713  1 0.0507 0.0971 0.0950 0.0902 0.0219 0.0180 0.0595 0.0646 0.1214 0.1123 0.0416 0.2278 
        D746  1 0.0525 0.0305 0.0325 0.0242 0.0195 0.0262 0.0388 0.0795 0.0195 0.6149 0.0491 0.0129 
        D747  1 0.0122 0.0141 0.0174 0.0114 0.0215 0.0152 0.0113 0.8372 0.0227 0.0119 0.0111 0.0141 
        D748  1 0.0877 0.0650 0.0631 0.0341 0.0238 0.0168 0.3280 0.1051 0.0575 0.1571 0.0407 0.0211 
        D749  1 0.0730 0.1786 0.1961 0.0642 0.0207 0.0258 0.0866 0.0224 0.0685 0.1912 0.0138 0.0591 
        D750  1 0.0572 0.0359 0.0333 0.5893 0.0168 0.0182 0.0377 0.1139 0.0298 0.0259 0.0197 0.0220 
        D763  1 0.0298 0.1282 0.1281 0.0162 0.1381 0.0868 0.0686 0.0358 0.1277 0.0708 0.1381 0.0316 
        D764  1 0.0984 0.0323 0.0361 0.1963 0.0184 0.0160 0.0182 0.4812 0.0174 0.0423 0.0260 0.0174 
        D765  1 0.5233 0.0674 0.0778 0.0907 0.0245 0.0133 0.0478 0.0263 0.0153 0.0535 0.0209 0.0392 
        D766  1 0.4946 0.0545 0.0472 0.0342 0.0170 0.0171 0.0523 0.0296 0.0697 0.0753 0.0716 0.0370 
        D767  1 0.0650 0.0676 0.0819 0.0266 0.0331 0.0502 0.0728 0.0827 0.1410 0.0735 0.0203 0.2854 
        D768  1 0.0194 0.0250 0.0214 0.0120 0.0159 0.0189 0.0203 0.7982 0.0141 0.0244 0.0175 0.0129 
        D811  1 0.1102 0.0386 0.0438 0.0542 0.0216 0.0130 0.0243 0.0181 0.0127 0.0137 0.3432 0.3067 
        D816  1 0.0169 0.0201 0.0162 0.0211 0.0158 0.0160 0.0146 0.8046 0.0194 0.0213 0.0112 0.0229 
        D825  1 0.3324 0.0855 0.0733 0.1297 0.0185 0.0123 0.0352 0.0923 0.0173 0.0241 0.0623 0.1170 
        D866  1 0.0552 0.0814 0.0941 0.1082 0.3628 0.0783 0.0466 0.0527 0.0147 0.0232 0.0478 0.0352 
        D867  1 0.0263 0.0398 0.0378 0.0191 0.0149 0.0375 0.0390 0.0164 0.1153 0.5899 0.0276 0.0363 
        D871  1 0.0219 0.1671 0.1533 0.0560 0.1495 0.0153 0.2331 0.0690 0.0317 0.0294 0.0366 0.0371 
        D872  1 0.2474 0.0890 0.0946 0.0330 0.0216 0.0360 0.0236 0.1151 0.0419 0.0584 0.0226 0.2169 
        D873  1 0.6809 0.0268 0.0234 0.0147 0.0104 0.0283 0.0172 0.0080 0.0393 0.0312 0.0134 0.1065 
        D874  1 0.0161 0.0282 0.0273 0.0757 0.0331 0.0158 0.0245 0.0455 0.6579 0.0142 0.0293 0.0325 
        D875  1 0.0841 0.1868 0.2192 0.0199 0.0570 0.0131 0.2797 0.0371 0.0217 0.0420 0.0176 0.0219 
        D876  1 0.0593 0.0972 0.1042 0.1084 0.0585 0.0200 0.0374 0.2944 0.0884 0.0597 0.0449 0.0275 
        D877  1 0.0195 0.0464 0.0329 0.0564 0.0178 0.0180 0.0186 0.0249 0.0359 0.0091 0.0245 0.6962 
        D892  1 0.0476 0.0792 0.0632 0.1833 0.0162 0.0139 0.2137 0.1507 0.0359 0.1215 0.0147 0.0601 
        D893  1 0.0389 0.0486 0.0585 0.0143 0.0496 0.0260 0.0418 0.5791 0.0310 0.0607 0.0348 0.0166 
        D894  1 0.0173 0.0452 0.0550 0.0347 0.0270 0.0184 0.0763 0.6450 0.0197 0.0293 0.0113 0.0208 
        D915  1 0.1792 0.0690 0.0765 0.0498 0.0456 0.0250 0.1161 0.2877 0.0217 0.0702 0.0321 0.0270 
        D916  1 0.0121 0.0118 0.0122 0.0143 0.0091 0.0107 0.0120 0.8783 0.0102 0.0121 0.0088 0.0084 
        D917  1 0.0227 0.1012 0.1370 0.1476 0.1993 0.0393 0.0240 0.0776 0.1131 0.0403 0.0266 0.0714 
        D925  1 0.4434 0.0330 0.0409 0.0752 0.0267 0.0183 0.0168 0.2079 0.0134 0.0485 0.0410 0.0349 
        D926  1 0.0459 0.1355 0.1446 0.0507 0.0314 0.0207 0.0719 0.3210 0.0691 0.0451 0.0270 0.0371 
        D927  1 0.0242 0.1320 0.1096 0.0467 0.1190 0.2103 0.0469 0.1477 0.0344 0.0667 0.0238 0.0388 
        D928  1 0.0440 0.0190 0.0201 0.7073 0.0152 0.0150 0.0125 0.0723 0.0203 0.0111 0.0198 0.0434 
        D929  1 0.0243 0.0677 0.0670 0.0517 0.0266 0.0190 0.0633 0.0349 0.2337 0.0791 0.0324 0.3003 
        D936  1 0.0351 0.0595 0.0628 0.0202 0.1150 0.0386 0.0478 0.3819 0.1532 0.0216 0.0284 0.0361 
        D938  1 0.1670 0.0323 0.0346 0.0244 0.0151 0.0135 0.0419 0.0201 0.0608 0.5119 0.0566 0.0217 
        D956  1 0.0455 0.0669 0.0578 0.5256 0.0241 0.0285 0.0677 0.0347 0.0252 0.0193 0.0276 0.0773 
        D957  1 0.4948 0.0498 0.0517 0.0339 0.0251 0.0321 0.0256 0.0526 0.0376 0.0310 0.0166 0.1491 
        D958  1 0.3715 0.0661 0.0635 0.1190 0.0204 0.0210 0.0362 0.0816 0.0898 0.0488 0.0292 0.0528 
        D959  1 0.0314 0.1123 0.0756 0.0201 0.0102 0.0458 0.0497 0.4028 0.0127 0.1749 0.0398 0.0248 
        D960  1 0.1041 0.0661 0.0526 0.0551 0.0225 0.0205 0.0574 0.0278 0.0311 0.4509 0.0118 0.1001 
        D989  1 0.0161 0.0626 0.0490 0.5340 0.0673 0.0623 0.0342 0.0346 0.0263 0.0330 0.0449 0.0357 
        D990  1 0.5235 0.0572 0.0593 0.0529 0.1553 0.0272 0.0255 0.0114 0.0168 0.0453 0.0125 0.0133 
        D023  2 0.0133 0.0179 0.0221 0.0123 0.0116 0.0134 0.0101 0.0489 0.0156 0.8094 0.0159 0.0095 
        D130  2 0.0206 0.0329 0.0297 0.0188 0.0163 0.0393 0.0786 0.0761 0.0201 0.5381 0.0166 0.1131 
        D131  2 0.0516 0.1830 0.1912 0.0395 0.1038 0.0294 0.0518 0.1281 0.0486 0.0240 0.1184 0.0307 
        D163  2 0.0552 0.0537 0.0514 0.0334 0.0310 0.0107 0.0335 0.0494 0.0522 0.5861 0.0250 0.0184 
        D164  2 0.3539 0.0169 0.0146 0.0110 0.0113 0.4890 0.0146 0.0092 0.0134 0.0287 0.0234 0.0140 
        D165  2 0.0175 0.0277 0.0280 0.0151 0.0168 0.0224 0.0169 0.0460 0.0237 0.7528 0.0228 0.0103 
        D166  2 0.0430 0.1399 0.1374 0.0168 0.0308 0.0349 0.1566 0.0228 0.0618 0.0485 0.0508 0.2568 
        D167  2 0.0123 0.0181 0.0172 0.0292 0.0152 0.7899 0.0116 0.0113 0.0109 0.0130 0.0110 0.0601 
        D192  2 0.0119 0.0143 0.0144 0.0174 0.0203 0.8291 0.0114 0.0092 0.0164 0.0120 0.0184 0.0250 
        D193  2 0.0208 0.0383 0.0449 0.0422 0.0268 0.0214 0.0942 0.0132 0.0295 0.0169 0.0189 0.6329 
        D206  2 0.0275 0.0910 0.0900 0.0194 0.0222 0.2557 0.0443 0.0422 0.0270 0.0453 0.2937 0.0418 
        D207  2 0.0234 0.0606 0.0672 0.0186 0.0476 0.5415 0.0434 0.0270 0.0160 0.0246 0.0216 0.1086 
        D208  2 0.0305 0.0884 0.0827 0.1032 0.2303 0.0473 0.0473 0.0418 0.0338 0.0330 0.2138 0.0481 
        D209  2 0.0485 0.1029 0.1131 0.0235 0.0209 0.4005 0.0302 0.0247 0.1166 0.0274 0.0685 0.0231 
        D210  2 0.0246 0.0525 0.0520 0.4571 0.1276 0.0627 0.0710 0.0472 0.0323 0.0213 0.0260 0.0256 
     D229599  2 0.0458 0.1224 0.0995 0.0550 0.1393 0.0362 0.0483 0.1046 0.1754 0.0988 0.0327 0.0421 
     D229600  2 0.0386 0.0511 0.0538 0.0193 0.0287 0.3069 0.0637 0.0244 0.0173 0.3260 0.0177 0.0526 
     D237227  2 0.1681 0.0686 0.0678 0.3406 0.1052 0.0452 0.0321 0.0496 0.0220 0.0472 0.0332 0.0205 
     D237228  2 0.5358 0.0777 0.0732 0.0879 0.0644 0.0318 0.0321 0.0113 0.0162 0.0122 0.0151 0.0422 
     D237258  2 0.0616 0.0976 0.1209 0.0588 0.0754 0.1414 0.0409 0.0443 0.0382 0.1568 0.0858 0.0781 
     D237310  2 0.5342 0.0460 0.0354 0.0406 0.0209 0.0316 0.1078 0.0099 0.0346 0.0231 0.0173 0.0987 
     D237311  2 0.5694 0.0332 0.0328 0.0215 0.0230 0.1578 0.0477 0.0116 0.0137 0.0265 0.0191 0.0438 
     D237312  2 0.2411 0.0480 0.0582 0.0347 0.0191 0.0189 0.2745 0.0188 0.0464 0.0405 0.0283 0.1715 
     D237313  2 0.1247 0.1075 0.1124 0.0439 0.0577 0.0180 0.0782 0.0757 0.0642 0.0302 0.2564 0.0310 
     D237322  2 0.1121 0.1512 0.1691 0.0707 0.1412 0.0332 0.0724 0.0196 0.0740 0.0294 0.0525 0.0747 
     D237323  2 0.5103 0.0343 0.0341 0.1360 0.0501 0.0266 0.0522 0.0145 0.0216 0.0505 0.0123 0.0574 
     D237324  2 0.0392 0.2222 0.2161 0.0133 0.0658 0.1123 0.0325 0.0437 0.0292 0.1858 0.0220 0.0181 
     D237325  2 0.3539 0.0571 0.0647 0.0487 0.0321 0.0601 0.1532 0.0161 0.0468 0.0602 0.0287 0.0785 
     D237326  2 0.6520 0.0568 0.0390 0.0376 0.0249 0.0241 0.0279 0.0270 0.0414 0.0334 0.0125 0.0234 
     D237327  2 0.0228 0.1370 0.1486 0.0267 0.2583 0.0687 0.0756 0.0516 0.0763 0.0743 0.0293 0.0309 
     D237337  2 0.7606 0.0265 0.0287 0.0218 0.0204 0.0128 0.0415 0.0153 0.0152 0.0186 0.0163 0.0223 
     D237338  2 0.1284 0.1458 0.0976 0.1033 0.0594 0.0712 0.1068 0.0256 0.0924 0.0979 0.0414 0.0301 
     D237339  2 0.0223 0.0715 0.0686 0.0129 0.0442 0.1130 0.0290 0.0176 0.5322 0.0176 0.0221 0.0490 
     D237340  2 0.2926 0.0598 0.0690 0.1082 0.0332 0.1563 0.0722 0.0128 0.0306 0.0520 0.0200 0.0933 
     D237389  2 0.4890 0.0396 0.0268 0.0188 0.0181 0.0820 0.0904 0.0163 0.0214 0.0284 0.0196 0.1496 
     D237390  2 0.3041 0.0756 0.0672 0.0482 0.0547 0.0185 0.1909 0.0201 0.0339 0.0457 0.0366 0.1045 
     D244017  2 0.0318 0.0649 0.0654 0.1630 0.0332 0.3667 0.0161 0.0197 0.0176 0.0470 0.0138 0.1608 
     D244112  2 0.0191 0.0218 0.0253 0.0185 0.0143 0.7764 0.0297 0.0187 0.0137 0.0248 0.0133 0.0243 
     D244118  2 0.0284 0.0203 0.0229 0.0206 0.0312 0.6009 0.0154 0.0089 0.0193 0.1970 0.0090 0.0260 
     D244119  2 0.0217 0.0213 0.0157 0.5638 0.0237 0.2649 0.0143 0.0151 0.0079 0.0131 0.0210 0.0174 
     D244120  2 0.0167 0.0399 0.0382 0.0332 0.0769 0.3467 0.1205 0.0111 0.0582 0.0210 0.0164 0.2211 
     D244122  2 0.0228 0.0404 0.0296 0.0315 0.0211 0.5843 0.0400 0.0255 0.0277 0.0334 0.0647 0.0792 
        D291  2 0.0289 0.0939 0.1048 0.0155 0.4708 0.0335 0.0303 0.0557 0.0167 0.0484 0.0715 0.0300 
        D292  2 0.0730 0.0582 0.0503 0.0402 0.2385 0.1915 0.0243 0.2096 0.0312 0.0229 0.0212 0.0392 
        D293  2 0.0141 0.0916 0.0700 0.0138 0.0880 0.4337 0.0198 0.0773 0.1509 0.0100 0.0120 0.0188 
        D322  2 0.0393 0.0749 0.0737 0.0166 0.0381 0.3583 0.0284 0.0995 0.1989 0.0339 0.0166 0.0216 
        D323  2 0.0280 0.0759 0.0753 0.0210 0.0269 0.0614 0.0299 0.0211 0.0431 0.0221 0.5087 0.0867 
        D324  2 0.1140 0.1186 0.1296 0.0488 0.2651 0.0275 0.0628 0.0881 0.0221 0.0543 0.0521 0.0170 
        D325  2 0.0132 0.0377 0.0348 0.0116 0.0450 0.7116 0.0300 0.0439 0.0246 0.0201 0.0163 0.0112 
        D326  2 0.0100 0.0134 0.0194 0.0244 0.0169 0.0097 0.0133 0.8416 0.0128 0.0094 0.0163 0.0129 
        D340  2 0.0191 0.0176 0.0172 0.0196 0.0297 0.7903 0.0196 0.0201 0.0281 0.0148 0.0133 0.0106 
        D341  2 0.0421 0.0477 0.0513 0.0338 0.0419 0.4140 0.2065 0.0177 0.0301 0.0215 0.0671 0.0264 
        D342  2 0.0745 0.0927 0.1018 0.0167 0.0271 0.3967 0.0954 0.0241 0.0182 0.0674 0.0475 0.0379 
        D343  2 0.0087 0.0131 0.0136 0.0091 0.0126 0.8687 0.0130 0.0174 0.0144 0.0106 0.0092 0.0097 
        D344  2 0.0343 0.0742 0.0778 0.0172 0.0189 0.0296 0.0403 0.0857 0.3856 0.0142 0.0280 0.1942 
        D345  2 0.2125 0.0818 0.1109 0.0270 0.0524 0.0337 0.0176 0.0501 0.2613 0.0468 0.0796 0.0263 
        D346  2 0.0249 0.0491 0.0442 0.2488 0.0482 0.0455 0.0512 0.0433 0.0383 0.0233 0.3651 0.0181 
        D351  2 0.0729 0.1775 0.1360 0.0245 0.1469 0.0277 0.0605 0.1608 0.0573 0.0530 0.0415 0.0414 
        D352  2 0.0384 0.0736 0.0514 0.0341 0.0355 0.0236 0.0206 0.0145 0.6329 0.0179 0.0210 0.0365 
        D353  2 0.0182 0.3877 0.2740 0.0126 0.0180 0.0177 0.0284 0.1063 0.0687 0.0189 0.0235 0.0260 
        D354  2 0.0278 0.0266 0.0323 0.0346 0.0157 0.0129 0.0182 0.0468 0.7167 0.0123 0.0253 0.0307 
        D362  2 0.0298 0.0262 0.0285 0.0191 0.0213 0.0233 0.0130 0.7181 0.0183 0.0482 0.0259 0.0283 
        D363  2 0.0175 0.0310 0.0205 0.0216 0.0213 0.0178 0.0123 0.7415 0.0219 0.0329 0.0358 0.0259 
        D364  2 0.0404 0.0449 0.0313 0.0265 0.0160 0.0214 0.0258 0.3394 0.3626 0.0185 0.0388 0.0343 
        D365  2 0.0177 0.0182 0.0198 0.0204 0.0162 0.8048 0.0162 0.0183 0.0334 0.0102 0.0130 0.0117 
        D369  2 0.1195 0.0732 0.0741 0.1151 0.1271 0.0781 0.0307 0.1646 0.0185 0.0338 0.1408 0.0244 
        D374  2 0.0244 0.0199 0.0240 0.1397 0.0140 0.0121 0.0200 0.0159 0.0146 0.0085 0.0184 0.6883 
        D375  2 0.0120 0.0229 0.0200 0.0146 0.0115 0.0133 0.0244 0.0124 0.7873 0.0164 0.0276 0.0376 
        D376  2 0.0387 0.0435 0.0477 0.2786 0.0194 0.0245 0.0427 0.0171 0.0840 0.0165 0.0242 0.3631 
        D377  2 0.0959 0.0605 0.0501 0.0323 0.0321 0.0302 0.0521 0.0144 0.0326 0.0287 0.5164 0.0546 
        D378  2 0.0288 0.1082 0.1228 0.0252 0.0525 0.1789 0.0418 0.0899 0.1865 0.0915 0.0618 0.0121 
        D379  2 0.0240 0.0717 0.0717 0.0219 0.0189 0.0193 0.0569 0.4516 0.0416 0.0173 0.1743 0.0309 
        D384  2 0.0198 0.0232 0.0232 0.0347 0.0203 0.0140 0.0168 0.7809 0.0155 0.0099 0.0273 0.0145 
        D385  2 0.0168 0.0293 0.0294 0.0312 0.0128 0.5991 0.0268 0.0185 0.1623 0.0121 0.0362 0.0255 
        D386  2 0.0213 0.0834 0.0983 0.0206 0.0254 0.0594 0.0293 0.0648 0.4655 0.0579 0.0423 0.0318 
        D391  2 0.0244 0.0252 0.0356 0.0186 0.0247 0.6227 0.0259 0.0200 0.1390 0.0149 0.0311 0.0178 
        D392  2 0.1325 0.0574 0.0597 0.0373 0.0333 0.4718 0.0220 0.0641 0.0307 0.0395 0.0237 0.0279 
        D393  2 0.0339 0.0664 0.0609 0.0211 0.1255 0.0601 0.0503 0.1804 0.2475 0.0389 0.0987 0.0164 
        D394  2 0.1383 0.1181 0.1061 0.0314 0.0550 0.0690 0.0702 0.0811 0.1582 0.0996 0.0191 0.0538 
        D395  2 0.0152 0.0570 0.0539 0.0221 0.0238 0.3410 0.0277 0.0139 0.3717 0.0202 0.0187 0.0348 
        D401  2 0.7452 0.0227 0.0242 0.0251 0.0202 0.0288 0.0190 0.0158 0.0097 0.0124 0.0545 0.0224 
        D402  2 0.0236 0.0268 0.0319 0.0163 0.0489 0.6420 0.0274 0.0122 0.0751 0.0121 0.0630 0.0207 
        D403  2 0.0234 0.1945 0.2494 0.0205 0.0301 0.0249 0.0658 0.1996 0.0596 0.0381 0.0317 0.0626 
        D415  2 0.1287 0.0994 0.0851 0.0112 0.0153 0.0243 0.0734 0.4530 0.0360 0.0284 0.0226 0.0225 
        D435  2 0.0302 0.0350 0.0283 0.0133 0.0348 0.0855 0.0360 0.6360 0.0404 0.0239 0.0215 0.0152 
        D436  2 0.0297 0.0720 0.0969 0.0436 0.0303 0.0286 0.1213 0.0596 0.3512 0.0287 0.0212 0.1168 
        D438  2 0.0105 0.0178 0.0150 0.0170 0.0142 0.8109 0.0214 0.0109 0.0160 0.0153 0.0388 0.0121 
        D439  2 0.0255 0.0709 0.0805 0.0115 0.0198 0.0417 0.0214 0.0364 0.6008 0.0316 0.0465 0.0133 
        D449  2 0.0264 0.0985 0.0895 0.0248 0.0208 0.4589 0.0749 0.0869 0.0217 0.0327 0.0457 0.0191 
        D450  2 0.0369 0.1262 0.1285 0.0779 0.0691 0.0161 0.0933 0.0956 0.2272 0.0370 0.0401 0.0521 
        D456  2 0.0135 0.0360 0.0287 0.0144 0.0225 0.0088 0.0206 0.7863 0.0201 0.0123 0.0223 0.0145 
        D462  2 0.0137 0.0257 0.0294 0.0109 0.0208 0.6623 0.0212 0.0368 0.1259 0.0221 0.0150 0.0162 
        D463  2 0.0185 0.0249 0.0370 0.0329 0.0148 0.0102 0.0182 0.7577 0.0257 0.0112 0.0290 0.0198 
        D464  2 0.0205 0.2043 0.2189 0.0289 0.0208 0.0604 0.0423 0.0404 0.2165 0.0196 0.0289 0.0985 
        D465  2 0.1046 0.0647 0.0578 0.0172 0.0341 0.3766 0.0409 0.1431 0.0284 0.0356 0.0677 0.0293 
        D473  2 0.1096 0.0469 0.0629 0.4547 0.0344 0.0344 0.0478 0.0175 0.0586 0.0523 0.0489 0.0318 
        D474  2 0.0408 0.0390 0.0423 0.0360 0.0971 0.0323 0.0336 0.5807 0.0257 0.0326 0.0271 0.0130 
        D476  2 0.0128 0.0254 0.0239 0.0111 0.0226 0.0307 0.0178 0.0186 0.5051 0.3065 0.0120 0.0135 
        D477  2 0.1195 0.0650 0.0560 0.0464 0.0717 0.0211 0.0344 0.1845 0.2400 0.0178 0.1192 0.0242 
        D478  2 0.0216 0.1531 0.1350 0.0600 0.0485 0.0505 0.0289 0.0261 0.0928 0.2896 0.0370 0.0570 
        D480  2 0.0227 0.0789 0.0987 0.0880 0.0706 0.0509 0.1040 0.1239 0.2263 0.0177 0.0885 0.0297 
        D481  2 0.0531 0.1027 0.0907 0.0686 0.0374 0.0410 0.0184 0.2786 0.1527 0.0839 0.0368 0.0362 
        D482  2 0.0644 0.1053 0.1218 0.0648 0.1071 0.0249 0.0425 0.0194 0.2569 0.0437 0.0881 0.0612 
        D483  2 0.0172 0.0190 0.0204 0.0548 0.0179 0.7786 0.0127 0.0119 0.0144 0.0195 0.0166 0.0171 
        D484  2 0.0190 0.0193 0.0307 0.0212 0.0247 0.0184 0.0190 0.0090 0.7588 0.0164 0.0206 0.0430 
        D510  2 0.0261 0.0402 0.0392 0.3179 0.1528 0.0199 0.0432 0.0194 0.0315 0.0214 0.0364 0.2521 
        D511  2 0.0227 0.0394 0.0654 0.0162 0.0288 0.0439 0.0246 0.0462 0.6153 0.0369 0.0424 0.0183 
        D512  2 0.4934 0.0587 0.0717 0.0125 0.0277 0.0921 0.0736 0.0184 0.0231 0.0295 0.0368 0.0626 
        D513  2 0.0487 0.0899 0.0683 0.0450 0.0733 0.3908 0.0425 0.0468 0.0228 0.0268 0.1097 0.0354 
        D635  2 0.0211 0.0536 0.0811 0.0236 0.0218 0.0310 0.0188 0.2428 0.0178 0.4501 0.0271 0.0112 
        D636  2 0.0462 0.0200 0.0200 0.0152 0.0103 0.0170 0.0126 0.0253 0.0162 0.7482 0.0584 0.0108 
        D637  2 0.0426 0.0763 0.0752 0.0457 0.0412 0.1168 0.1080 0.0190 0.2689 0.0225 0.1295 0.0544 
        D658  2 0.0547 0.0373 0.0435 0.0710 0.0276 0.4016 0.0792 0.0157 0.1836 0.0173 0.0186 0.0499 
        D659  2 0.0186 0.0692 0.0537 0.0346 0.0802 0.0264 0.0464 0.4848 0.0548 0.0801 0.0265 0.0246 
        D677  2 0.0599 0.0724 0.1049 0.0156 0.0533 0.0448 0.2350 0.1015 0.0219 0.0721 0.1549 0.0636 
        D678  2 0.0320 0.0548 0.0704 0.0146 0.0146 0.5836 0.0337 0.0176 0.0185 0.0243 0.0450 0.0909 
        D679  2 0.0286 0.0867 0.0966 0.0437 0.0675 0.0375 0.0427 0.1786 0.0538 0.0335 0.3112 0.0195 
        D719  2 0.0782 0.0452 0.0513 0.3031 0.1184 0.1594 0.0188 0.0910 0.0508 0.0145 0.0380 0.0312 
        D720  2 0.0400 0.0370 0.0369 0.0663 0.0237 0.0233 0.0198 0.6367 0.0170 0.0244 0.0447 0.0303 
        D721  2 0.0150 0.0310 0.0314 0.0259 0.0256 0.0395 0.0228 0.0348 0.0277 0.7136 0.0229 0.0099 
        D722  2 0.0413 0.0400 0.0384 0.1062 0.0409 0.0347 0.0166 0.0150 0.0200 0.0131 0.0406 0.5935 
        D734  2 0.0115 0.0208 0.0328 0.0701 0.0294 0.0545 0.0239 0.0148 0.6907 0.0122 0.0192 0.0201 
        D735  2 0.0897 0.1453 0.1430 0.0607 0.0424 0.0434 0.0491 0.1332 0.0713 0.0312 0.1617 0.0289 
        D736  2 0.0472 0.0648 0.0536 0.2603 0.2544 0.0534 0.0727 0.0407 0.0521 0.0449 0.0336 0.0223 
        D737  2 0.0421 0.0375 0.0591 0.0350 0.0490 0.5672 0.0220 0.0125 0.0856 0.0361 0.0198 0.0340 
        D807  2 0.0817 0.0760 0.0649 0.1495 0.1543 0.0403 0.0860 0.1033 0.0925 0.0380 0.0699 0.0436 
        D808  2 0.2067 0.1428 0.1435 0.0299 0.0723 0.0613 0.1093 0.0535 0.0607 0.0519 0.0243 0.0439 
        D817  2 0.0337 0.0539 0.0422 0.0150 0.0314 0.0167 0.0196 0.0522 0.0500 0.0204 0.6225 0.0426 
        D818  2 0.0167 0.1677 0.1420 0.0208 0.0983 0.1448 0.1613 0.0431 0.0312 0.1216 0.0300 0.0227 
        D819  2 0.1338 0.0667 0.0578 0.0255 0.0336 0.0201 0.0208 0.0911 0.0225 0.0289 0.4684 0.0307 
        D820  2 0.0217 0.0468 0.0532 0.0181 0.1006 0.0279 0.0408 0.4829 0.1411 0.0267 0.0172 0.0228 
        D895  2 0.0614 0.1265 0.1382 0.0351 0.0278 0.0361 0.0313 0.1540 0.0552 0.1202 0.1798 0.0343 
        D896  2 0.8363 0.0139 0.0143 0.0196 0.0169 0.0121 0.0171 0.0120 0.0146 0.0122 0.0122 0.0188 
        D897  2 0.0427 0.0964 0.1049 0.0202 0.0390 0.3647 0.1369 0.0280 0.0336 0.0275 0.0640 0.0421 
        D898  2 0.1827 0.1536 0.1527 0.0300 0.0823 0.0294 0.0697 0.0290 0.0646 0.0257 0.1056 0.0749 
        D918  2 0.1214 0.1441 0.1186 0.0406 0.0506 0.0488 0.2204 0.0232 0.0735 0.0711 0.0572 0.0304 
        D919  2 0.0184 0.1288 0.1128 0.0189 0.0806 0.0583 0.0201 0.0942 0.3139 0.0436 0.0196 0.0908 
        D920  2 0.0461 0.0508 0.0478 0.0786 0.0246 0.0369 0.0873 0.0379 0.0341 0.4858 0.0167 0.0534 
        D923  2 0.0264 0.0560 0.0523 0.0175 0.0264 0.0316 0.0284 0.5340 0.1275 0.0258 0.0344 0.0397 
        D930  2 0.0999 0.1412 0.0983 0.0638 0.0437 0.0295 0.0870 0.1470 0.1417 0.0204 0.0814 0.0460 
        D931  2 0.0399 0.0533 0.0502 0.0345 0.0503 0.1081 0.0391 0.2452 0.2550 0.0366 0.0456 0.0421 
        D968  2 0.0172 0.0315 0.0238 0.0131 0.0775 0.7172 0.0153 0.0197 0.0268 0.0125 0.0186 0.0268 
        D969  2 0.0441 0.0946 0.1216 0.0411 0.1589 0.1331 0.0493 0.2042 0.0430 0.0380 0.0349 0.0371 
        D977  2 0.0156 0.0490 0.0436 0.0211 0.0210 0.6793 0.0445 0.0310 0.0276 0.0159 0.0330 0.0185 
        D978  2 0.0146 0.1307 0.1405 0.0272 0.1393 0.0765 0.1634 0.0270 0.0247 0.0207 0.1829 0.0525 
        D211  3 0.0141 0.0547 0.0611 0.0221 0.0288 0.0134 0.2777 0.0562 0.0233 0.3469 0.0887 0.0131 
     D229639  3 0.0387 0.0629 0.0586 0.0796 0.4867 0.0361 0.0382 0.0519 0.0255 0.0253 0.0486 0.0479 
     D237212  3 0.0348 0.0670 0.0903 0.0195 0.1979 0.0410 0.1178 0.0664 0.2064 0.0468 0.0856 0.0263 
     D237213  3 0.1011 0.0764 0.0718 0.0145 0.0353 0.0235 0.1337 0.0218 0.0618 0.0499 0.3595 0.0508 
     D237214  3 0.0147 0.0349 0.0199 0.0269 0.0133 0.0125 0.0222 0.0148 0.0164 0.8008 0.0100 0.0135 
     D237215  3 0.0365 0.0370 0.0456 0.0530 0.1048 0.4088 0.0162 0.0123 0.0128 0.0160 0.0342 0.2228 
     D237216  3 0.0250 0.3370 0.3176 0.0161 0.0206 0.0221 0.0548 0.0294 0.0365 0.0549 0.0695 0.0165 
     D237217  3 0.0426 0.2138 0.2494 0.0124 0.0661 0.0205 0.1800 0.0465 0.0223 0.1042 0.0260 0.0162 
     D237218  3 0.0236 0.0804 0.0908 0.0529 0.1538 0.0327 0.3365 0.0492 0.1110 0.0211 0.0345 0.0137 
     D237219  3 0.1345 0.0690 0.0779 0.0613 0.0906 0.0196 0.1038 0.0250 0.0135 0.0452 0.3420 0.0175 
     D237382  3 0.1314 0.0839 0.0866 0.0969 0.0294 0.0313 0.1211 0.0666 0.0281 0.0309 0.0361 0.2577 
     D244127  3 0.4182 0.0827 0.0819 0.0158 0.0826 0.0620 0.0656 0.0156 0.0246 0.0407 0.0741 0.0360 
     D244129  3 0.1591 0.1288 0.1364 0.0342 0.0596 0.0474 0.0985 0.0597 0.0802 0.0795 0.0703 0.0464 
     D244133  3 0.0239 0.0468 0.0428 0.0593 0.0235 0.0642 0.0254 0.0344 0.0096 0.0351 0.6051 0.0300 
     D244134  3 0.0732 0.0497 0.0590 0.1426 0.3309 0.0228 0.0277 0.0191 0.0211 0.0341 0.2037 0.0160 
     D244135  3 0.0190 0.0402 0.0422 0.0141 0.0153 0.0359 0.0367 0.0437 0.0223 0.6662 0.0479 0.0165 
     D244136  3 0.0267 0.0854 0.0823 0.1250 0.0561 0.0592 0.0450 0.1028 0.0200 0.0396 0.3131 0.0449 
        D416  3 0.0492 0.1027 0.0949 0.0269 0.0318 0.1107 0.0964 0.0651 0.0555 0.0744 0.2705 0.0217 
        D417  3 0.0348 0.0352 0.0577 0.0267 0.0176 0.0141 0.1675 0.5515 0.0195 0.0201 0.0188 0.0364 
        D419  3 0.0749 0.1101 0.0917 0.0455 0.1921 0.0432 0.1230 0.0732 0.0263 0.0354 0.1624 0.0222 
        D565  3 0.0170 0.0249 0.0259 0.7198 0.0530 0.0122 0.0134 0.0314 0.0184 0.0189 0.0476 0.0174 
        D566  3 0.0635 0.0535 0.0636 0.2000 0.2874 0.0545 0.0310 0.0732 0.0184 0.0272 0.0773 0.0504 
        D567  3 0.0729 0.0513 0.0490 0.0180 0.0275 0.0337 0.0333 0.4817 0.0652 0.0731 0.0648 0.0295 
        D568  3 0.0756 0.1078 0.1064 0.0164 0.0621 0.1096 0.1312 0.0758 0.1323 0.0762 0.0523 0.0543 
        D569  3 0.0160 0.0809 0.0923 0.0371 0.0469 0.0649 0.0347 0.0175 0.4408 0.0600 0.0343 0.0746 
        D573  3 0.0359 0.0834 0.0851 0.0228 0.4015 0.1171 0.0188 0.1461 0.0299 0.0193 0.0211 0.0190 
        D574  3 0.0563 0.0750 0.1136 0.2630 0.0823 0.0364 0.0504 0.0401 0.0424 0.0405 0.1062 0.0939 
        D575  3 0.0382 0.0246 0.0221 0.0309 0.0166 0.0184 0.0152 0.0192 0.0140 0.0253 0.7649 0.0106 
        D576  3 0.0119 0.0466 0.0447 0.0260 0.0840 0.4847 0.0259 0.0071 0.0150 0.0267 0.1072 0.1201 
        D577  3 0.0205 0.0656 0.0642 0.0308 0.0326 0.0174 0.0592 0.4582 0.0363 0.0674 0.1029 0.0449 
        D578  3 0.0259 0.0204 0.0275 0.0152 0.0156 0.0263 0.0193 0.0108 0.0136 0.7933 0.0160 0.0161 
        D579  3 0.0535 0.0891 0.0759 0.1369 0.1252 0.0500 0.0720 0.1211 0.1143 0.0452 0.0842 0.0326 
        D660  3 0.0512 0.0809 0.0643 0.0172 0.0317 0.4880 0.0538 0.0161 0.0295 0.0401 0.0991 0.0282 
        D661  3 0.0237 0.0980 0.0909 0.0159 0.0988 0.1286 0.3379 0.0252 0.0876 0.0416 0.0272 0.0246 
        D663  3 0.0172 0.0891 0.0927 0.0194 0.4815 0.0605 0.0231 0.0487 0.0320 0.0271 0.0519 0.0568 
        D664  3 0.0820 0.0801 0.0844 0.0428 0.0355 0.1297 0.1300 0.0154 0.0196 0.0729 0.2774 0.0303 
        D665  3 0.0580 0.1925 0.1802 0.0140 0.0355 0.0310 0.0828 0.0132 0.0586 0.1131 0.1393 0.0816 
        D666  3 0.0919 0.0317 0.0389 0.0461 0.0267 0.0166 0.0398 0.0326 0.0216 0.0317 0.6081 0.0144 
        D009  4 0.0587 0.1337 0.1319 0.0230 0.0244 0.0191 0.1693 0.1093 0.0988 0.1216 0.0269 0.0833 
        D057  4 0.0140 0.0507 0.0450 0.0213 0.1047 0.1107 0.0350 0.0216 0.3284 0.2234 0.0089 0.0362 
        D109  4 0.4596 0.1042 0.0758 0.0359 0.0266 0.0161 0.0440 0.0371 0.0284 0.0522 0.0901 0.0299 
     D237222  4 0.0247 0.0560 0.0537 0.1115 0.0415 0.0222 0.0359 0.0246 0.0230 0.4515 0.0144 0.1410 
     D237223  4 0.0602 0.0951 0.0954 0.0780 0.0475 0.0405 0.4169 0.0227 0.0328 0.0406 0.0199 0.0504 
     D237224  4 0.0368 0.0746 0.0753 0.0247 0.1092 0.1686 0.0336 0.0988 0.1773 0.0445 0.1207 0.0357 
     D237225  4 0.0319 0.2088 0.1966 0.0387 0.0521 0.0281 0.1483 0.0475 0.0717 0.0811 0.0462 0.0489 
     D237299  4 0.0344 0.0850 0.1006 0.0318 0.0777 0.0156 0.5496 0.0142 0.0196 0.0139 0.0171 0.0404 
     D237300  4 0.0186 0.0619 0.0527 0.0256 0.5067 0.0355 0.0495 0.0156 0.0217 0.0171 0.1744 0.0208 
     D237306  4 0.0933 0.0599 0.0566 0.3308 0.0355 0.0207 0.1605 0.0641 0.0337 0.0223 0.0137 0.1090 
     D237307  4 0.0296 0.0893 0.0696 0.1185 0.0641 0.0365 0.0465 0.2484 0.0151 0.0391 0.1671 0.0760 
     D237308  4 0.0670 0.0750 0.0650 0.0575 0.0281 0.3696 0.0351 0.0197 0.1376 0.0452 0.0377 0.0627 
     D237309  4 0.0525 0.1978 0.1827 0.0200 0.0398 0.0349 0.0790 0.1043 0.0990 0.1083 0.0274 0.0544 
     D237317  4 0.0441 0.1913 0.1656 0.1626 0.0726 0.0201 0.0194 0.1072 0.0288 0.0671 0.0495 0.0718 
     D237318  4 0.0145 0.0343 0.0410 0.0205 0.7005 0.0397 0.0253 0.0326 0.0128 0.0132 0.0420 0.0236 
     D237319  4 0.0960 0.1341 0.1615 0.0290 0.0503 0.0452 0.1637 0.0318 0.0315 0.0709 0.0521 0.1338 
     D237320  4 0.0468 0.0378 0.0434 0.0183 0.0750 0.0360 0.6003 0.0305 0.0185 0.0481 0.0282 0.0170 
     D237321  4 0.0416 0.0894 0.0792 0.0528 0.3878 0.0846 0.0406 0.0573 0.0262 0.0311 0.0737 0.0356 
     D237397  4 0.0443 0.0658 0.0897 0.0742 0.1217 0.0483 0.3399 0.0355 0.0205 0.0363 0.0381 0.0857 
     D237398  4 0.0179 0.0770 0.0682 0.0161 0.4796 0.0290 0.1430 0.0464 0.0367 0.0223 0.0435 0.0203 
     D237399  4 0.0531 0.0623 0.0585 0.1576 0.2967 0.0244 0.1019 0.0359 0.0344 0.1086 0.0274 0.0394 
     D244001  4 0.0180 0.0682 0.0735 0.0213 0.0243 0.0864 0.0687 0.0268 0.0348 0.3290 0.0226 0.2264 
        D289  4 0.0279 0.0719 0.0632 0.1920 0.1439 0.0430 0.0732 0.0566 0.2402 0.0355 0.0279 0.0247 
        D290  4 0.0329 0.1032 0.0975 0.0232 0.1029 0.0242 0.0634 0.0616 0.0342 0.0355 0.0157 0.4057 
        D294  4 0.0189 0.1471 0.1681 0.0391 0.0440 0.0232 0.1365 0.0573 0.2225 0.0454 0.0266 0.0713 
        D295  4 0.1295 0.0872 0.0947 0.0453 0.0528 0.0241 0.1586 0.1226 0.0669 0.0267 0.1140 0.0775 
        D301  4 0.0541 0.0448 0.0576 0.0396 0.0750 0.0318 0.0571 0.0146 0.0218 0.4118 0.0538 0.1379 
        D302  4 0.0157 0.0546 0.0402 0.0155 0.0193 0.0153 0.0277 0.0515 0.6382 0.0340 0.0276 0.0602 
        D303  4 0.0864 0.0434 0.0449 0.4948 0.0319 0.0457 0.0379 0.0347 0.0650 0.0225 0.0532 0.0396 
        D304  4 0.0173 0.1424 0.0860 0.0592 0.1962 0.0214 0.0511 0.0648 0.0267 0.0396 0.0487 0.2467 
        D305  4 0.0197 0.2664 0.1840 0.0110 0.0287 0.0590 0.0289 0.0151 0.2788 0.0239 0.0253 0.0593 
        D306  4 0.0253 0.1254 0.1826 0.0308 0.0260 0.0183 0.0399 0.0319 0.0291 0.0528 0.0155 0.4223 
        D307  4 0.0324 0.0282 0.0359 0.0927 0.0433 0.0241 0.0285 0.0163 0.0254 0.6095 0.0417 0.0220 
        D327  4 0.0188 0.0732 0.0739 0.0577 0.0359 0.0405 0.0477 0.4674 0.0362 0.0370 0.0581 0.0534 
        D328  4 0.0566 0.0565 0.0672 0.0895 0.0249 0.0231 0.0760 0.0167 0.2839 0.0224 0.0536 0.2295 
        D329  4 0.0613 0.1502 0.1283 0.0433 0.0707 0.1012 0.0567 0.0547 0.2099 0.0455 0.0273 0.0510 
        D330  4 0.1408 0.1122 0.1299 0.0157 0.0211 0.0512 0.0971 0.1695 0.0772 0.0698 0.0361 0.0795 
        D331  4 0.0478 0.1048 0.1182 0.0566 0.1539 0.0290 0.0362 0.1076 0.0233 0.0405 0.0600 0.2222 
        D333  4 0.0561 0.0800 0.0806 0.0576 0.0715 0.0528 0.1405 0.0563 0.1389 0.0430 0.0542 0.1686 
        D334  4 0.0203 0.0500 0.0599 0.5326 0.0418 0.0125 0.0643 0.0487 0.0473 0.0581 0.0332 0.0312 
        D335  4 0.0315 0.0644 0.0604 0.0300 0.0294 0.0331 0.0183 0.0625 0.3652 0.0279 0.0368 0.2406 
        D370  4 0.1072 0.0505 0.0488 0.0381 0.0251 0.0280 0.0231 0.0263 0.0345 0.0259 0.0590 0.5336 
        D371  4 0.0233 0.0407 0.0441 0.5166 0.0240 0.0268 0.0330 0.1225 0.0204 0.0137 0.0825 0.0525 
        D372  4 0.0228 0.0989 0.0921 0.0221 0.5112 0.0458 0.0318 0.0120 0.0135 0.0131 0.0269 0.1098 
        D373  4 0.0195 0.0494 0.0507 0.0198 0.0620 0.0492 0.0243 0.0428 0.0416 0.5598 0.0568 0.0240 
        D455  4 0.0222 0.0273 0.0261 0.0308 0.0538 0.0291 0.0168 0.0379 0.0556 0.6496 0.0194 0.0315 
        D490  4 0.0175 0.0276 0.0241 0.0259 0.0146 0.0105 0.0772 0.0206 0.0249 0.7212 0.0184 0.0176 
        D497  4 0.0260 0.0520 0.0599 0.0152 0.0243 0.0151 0.1052 0.0113 0.0531 0.5555 0.0469 0.0356 
        D498  4 0.1032 0.0951 0.0806 0.0504 0.1191 0.0284 0.0314 0.0474 0.0186 0.0276 0.0494 0.3488 
        D499  4 0.0582 0.1040 0.1154 0.0849 0.0462 0.1334 0.1171 0.0203 0.1281 0.0135 0.1470 0.0320 
        D514  4 0.0524 0.1343 0.0872 0.0149 0.0423 0.0192 0.0498 0.1932 0.1209 0.0401 0.0727 0.1730 
        D515  4 0.0397 0.0427 0.0458 0.0258 0.0171 0.0186 0.6274 0.0298 0.0430 0.0303 0.0201 0.0598 
        D516  4 0.1002 0.0850 0.0717 0.0240 0.0699 0.0470 0.0964 0.0701 0.0175 0.0459 0.3110 0.0613 
        D517  4 0.0300 0.1274 0.1229 0.0186 0.0581 0.0249 0.0648 0.0500 0.0261 0.4380 0.0154 0.0239 
        D518  4 0.0187 0.0524 0.0428 0.0488 0.0242 0.0321 0.0411 0.0167 0.4478 0.1635 0.0145 0.0976 
        D519  4 0.0222 0.0209 0.0235 0.0152 0.0360 0.0153 0.7705 0.0238 0.0129 0.0287 0.0202 0.0107 
        D560  4 0.0222 0.0422 0.0397 0.0108 0.0231 0.0291 0.6716 0.0582 0.0327 0.0227 0.0179 0.0297 
        D561  4 0.0499 0.2338 0.1644 0.0187 0.0470 0.0600 0.0850 0.0777 0.0727 0.1294 0.0156 0.0459 
        D562  4 0.0248 0.1529 0.1549 0.0330 0.0837 0.0438 0.0689 0.0384 0.0933 0.2046 0.0328 0.0690 
        D563  4 0.0420 0.1178 0.1148 0.0154 0.0381 0.2843 0.0770 0.0225 0.1320 0.0535 0.0717 0.0310 
        D572  4 0.0158 0.0426 0.0385 0.0311 0.0276 0.0239 0.0405 0.0466 0.6026 0.0789 0.0175 0.0343 
        D629  4 0.0194 0.0506 0.0518 0.0180 0.0420 0.0179 0.0404 0.1494 0.0507 0.2026 0.3423 0.0149 
        D630  4 0.0251 0.1081 0.0893 0.0458 0.0870 0.0294 0.1921 0.0466 0.0649 0.1685 0.0305 0.1126 
        D631  4 0.0139 0.0488 0.0390 0.0167 0.0312 0.0674 0.0614 0.0198 0.6330 0.0251 0.0162 0.0274 
        D632  4 0.0754 0.0502 0.0526 0.0165 0.0150 0.1569 0.0303 0.0520 0.2027 0.2698 0.0566 0.0221 
        D646  4 0.1305 0.0759 0.0792 0.0174 0.0472 0.0407 0.4187 0.0595 0.0437 0.0386 0.0186 0.0301 
        D647  4 0.0615 0.0713 0.0818 0.0130 0.0543 0.0557 0.1144 0.2757 0.0651 0.0669 0.0186 0.1219 
        D648  4 0.0191 0.0370 0.0362 0.0315 0.0153 0.0213 0.0454 0.0146 0.3012 0.0212 0.0676 0.3894 
        D649  4 0.2791 0.0532 0.0605 0.0219 0.0302 0.0144 0.0477 0.1587 0.2066 0.0437 0.0628 0.0213 
        D650  4 0.0694 0.0924 0.0725 0.0662 0.0738 0.0193 0.2282 0.0920 0.0909 0.0792 0.0744 0.0417 
        D708  4 0.0305 0.1104 0.0997 0.1338 0.0674 0.0217 0.0992 0.0237 0.2012 0.0306 0.1418 0.0400 
        D709  4 0.1963 0.0913 0.0830 0.0253 0.0348 0.0284 0.0191 0.0178 0.0367 0.0178 0.0484 0.4011 
        D738  4 0.1024 0.0481 0.0522 0.3719 0.0565 0.0171 0.1315 0.0569 0.0229 0.0568 0.0241 0.0598 
        D739  4 0.0370 0.1182 0.1325 0.0229 0.0462 0.0213 0.1532 0.0177 0.0496 0.2417 0.0348 0.1250 
        D740  4 0.1228 0.2056 0.1863 0.0949 0.0607 0.0512 0.1013 0.0189 0.0588 0.0392 0.0433 0.0172 
        D741  4 0.0381 0.0967 0.1131 0.0124 0.0427 0.0423 0.4922 0.0532 0.0254 0.0236 0.0343 0.0260 
        D742  4 0.0372 0.0999 0.0836 0.0645 0.1554 0.1398 0.2029 0.0296 0.0677 0.0559 0.0369 0.0267 
        D743  4 0.0139 0.0372 0.0418 0.0220 0.0444 0.0380 0.0319 0.2529 0.4307 0.0307 0.0331 0.0236 
        D744  4 0.0198 0.0179 0.0212 0.0149 0.0196 0.0194 0.0302 0.0145 0.7976 0.0170 0.0170 0.0109 
        D745  4 0.0224 0.0230 0.0231 0.0188 0.0179 0.0127 0.7774 0.0191 0.0205 0.0259 0.0253 0.0138 
        D814  4 0.0119 0.1889 0.2109 0.0179 0.0318 0.0876 0.2552 0.0218 0.0408 0.0552 0.0249 0.0531 
        D815  4 0.0683 0.0802 0.0628 0.0239 0.0481 0.0313 0.0238 0.0684 0.3037 0.0223 0.0461 0.2209 
        D828  4 0.0233 0.0514 0.0560 0.0396 0.0412 0.0470 0.0652 0.0102 0.0444 0.0216 0.0331 0.5670 
        D845  4 0.0146 0.0228 0.0226 0.0270 0.7873 0.0169 0.0213 0.0144 0.0208 0.0117 0.0287 0.0119 
        D846  4 0.0179 0.1057 0.0874 0.0111 0.0362 0.1395 0.0219 0.0820 0.2265 0.1598 0.0595 0.0526 
        D847  4 0.0357 0.0798 0.0945 0.1061 0.0996 0.0363 0.1557 0.1017 0.0420 0.1917 0.0264 0.0305 
        D848  4 0.0149 0.0433 0.0363 0.0145 0.1575 0.0500 0.0130 0.0160 0.0295 0.5792 0.0175 0.0283 
        D849  4 0.0504 0.1245 0.1246 0.0157 0.0224 0.0339 0.3019 0.0248 0.0322 0.1452 0.0463 0.0780 
        D850  4 0.0354 0.1657 0.1482 0.0609 0.1854 0.0398 0.0597 0.0552 0.0425 0.1489 0.0391 0.0192 
        D856  4 0.1720 0.2011 0.1798 0.0419 0.0331 0.0193 0.0966 0.0316 0.0462 0.0345 0.0471 0.0968 
        D857  4 0.5408 0.0312 0.0381 0.0251 0.0128 0.0724 0.0235 0.0102 0.0164 0.0369 0.0123 0.1802 
        D859  4 0.0252 0.0550 0.0501 0.0198 0.0622 0.0222 0.1115 0.0590 0.5102 0.0255 0.0206 0.0387 
        D860  4 0.0277 0.0517 0.0537 0.3482 0.2235 0.0719 0.0171 0.0607 0.0646 0.0284 0.0245 0.0282 
        D883  4 0.0860 0.0809 0.0818 0.0558 0.0545 0.0244 0.0687 0.1546 0.0502 0.1384 0.1054 0.0992 
        D884  4 0.0810 0.0431 0.0595 0.0323 0.0308 0.0133 0.5253 0.0252 0.0342 0.0249 0.0676 0.0627 
        D885  4 0.0275 0.0916 0.1492 0.0203 0.0874 0.0442 0.3498 0.0774 0.0425 0.0283 0.0685 0.0134 
        D886  4 0.1089 0.0862 0.0634 0.0235 0.0402 0.0391 0.0720 0.1347 0.0396 0.1167 0.0208 0.2548 
        D887  4 0.0592 0.1125 0.0967 0.0460 0.1531 0.0833 0.1447 0.1011 0.0854 0.0418 0.0278 0.0483 
        D889  4 0.0137 0.0555 0.0527 0.0158 0.5270 0.0102 0.0595 0.0208 0.0351 0.0204 0.0244 0.1650 
        D890  4 0.0707 0.0728 0.0560 0.0544 0.0304 0.0400 0.0188 0.0237 0.0451 0.0454 0.4674 0.0753 
        D891  4 0.0104 0.0148 0.0156 0.0093 0.8611 0.0112 0.0146 0.0142 0.0088 0.0095 0.0223 0.0083 
        D899  4 0.0265 0.0783 0.0707 0.0588 0.1750 0.3049 0.0419 0.0236 0.0915 0.0250 0.0404 0.0634 
        D900  4 0.0409 0.1706 0.1368 0.0594 0.0592 0.0614 0.0529 0.1037 0.1075 0.0764 0.0349 0.0963 
        D970  4 0.0341 0.0986 0.0753 0.0493 0.0977 0.0432 0.0459 0.1201 0.2894 0.0572 0.0617 0.0273 
        D971  4 0.0628 0.0797 0.0892 0.0441 0.0269 0.3558 0.0195 0.0413 0.1349 0.0333 0.0278 0.0848 
        D979  4 0.0222 0.1116 0.0927 0.0290 0.0404 0.0334 0.0322 0.1249 0.2311 0.0294 0.0615 0.1914 
        D093  5 0.0250 0.0427 0.0343 0.5751 0.0377 0.0225 0.0954 0.0371 0.0223 0.0262 0.0371 0.0447 
        D154  5 0.0290 0.1006 0.1182 0.0288 0.0832 0.0688 0.1833 0.0193 0.0308 0.0126 0.2636 0.0619 
        D168  5 0.0428 0.1123 0.1035 0.0124 0.0598 0.1386 0.1278 0.0419 0.0224 0.0677 0.2301 0.0407 
