        D174  1 0.0837 0.0748 0.3576 0.1180 0.0496 0.0305 0.0200 0.0376 0.1395 0.0886 
        D199  1 0.0993 0.1025 0.0844 0.1038 0.1952 0.1229 0.0346 0.1973 0.0300 0.0300 
        D203  1 0.0592 0.0421 0.0662 0.1221 0.2342 0.1124 0.0592 0.1066 0.1137 0.0844 
        D204  1 0.0168 0.0242 0.0183 0.0434 0.6785 0.0224 0.1072 0.0212 0.0186 0.0494 
     D237366  1 0.3957 0.0597 0.0427 0.0436 0.0380 0.0736 0.1054 0.0567 0.1642 0.0204 
     D237367  1 0.2198 0.1347 0.0363 0.0798 0.1715 0.0284 0.0438 0.0240 0.0906 0.1711 
     D237368  1 0.4524 0.0525 0.0978 0.0452 0.1405 0.0710 0.0587 0.0253 0.0232 0.0334 
     D244101  1 0.0180 0.0609 0.0152 0.0526 0.1334 0.0297 0.4632 0.1395 0.0300 0.0574 
     D244102  1 0.0831 0.0774 0.0359 0.4249 0.0662 0.0755 0.0570 0.0532 0.0610 0.0658 
     D244103  1 0.1119 0.2190 0.0275 0.0973 0.1269 0.0273 0.0362 0.0259 0.2912 0.0368 
     D244104  1 0.0407 0.0305 0.0673 0.0167 0.7080 0.0289 0.0255 0.0405 0.0232 0.0188 
     D244105  1 0.1665 0.1218 0.0182 0.0956 0.0539 0.0391 0.0228 0.0268 0.4134 0.0417 
     D244106  1 0.0172 0.0495 0.4394 0.0471 0.0807 0.1217 0.0253 0.0280 0.1528 0.0384 
     D244107  1 0.4091 0.0928 0.0127 0.0190 0.0490 0.0551 0.0734 0.0339 0.0376 0.2173 
     D244108  1 0.0294 0.0582 0.2937 0.2171 0.0468 0.0497 0.0293 0.0442 0.0448 0.1868 
     D244113  1 0.0258 0.0567 0.2686 0.4121 0.0181 0.0726 0.0818 0.0187 0.0193 0.0263 
     D244114  1 0.0309 0.1525 0.0630 0.0530 0.0457 0.1149 0.0306 0.0887 0.3953 0.0255 
     D244115  1 0.0672 0.1387 0.2893 0.0632 0.1618 0.0429 0.0317 0.0406 0.0614 0.1032 
     D267365  1 0.0764 0.0818 0.1325 0.0493 0.3155 0.0512 0.0461 0.1861 0.0385 0.0225 
        D404  1 0.0186 0.0325 0.1346 0.6071 0.0172 0.0440 0.0570 0.0203 0.0336 0.0351 
        D405  1 0.0360 0.0545 0.0320 0.4564 0.0854 0.1794 0.0437 0.0361 0.0321 0.0443 
        D406  1 0.6337 0.0377 0.0468 0.0419 0.0571 0.0146 0.0406 0.0263 0.0458 0.0555 
        D407  1 0.1533 0.0994 0.0248 0.0259 0.4115 0.0238 0.0149 0.0221 0.0357 0.1886 
        D408  1 0.0320 0.1370 0.3584 0.0799 0.0648 0.0281 0.0455 0.1691 0.0468 0.0384 
        D409  1 0.0652 0.3992 0.0322 0.0327 0.0747 0.1097 0.0254 0.0282 0.2079 0.0249 
        D410  1 0.0428 0.0835 0.0378 0.0483 0.1038 0.0164 0.0392 0.0239 0.0325 0.5718 
        D421  1 0.0133 0.0137 0.0224 0.0102 0.8416 0.0116 0.0085 0.0156 0.0134 0.0499 
        D422  1 0.6983 0.0449 0.0110 0.0158 0.0597 0.0442 0.0153 0.0254 0.0556 0.0297 
        D423  1 0.0455 0.0275 0.0220 0.0317 0.0309 0.0174 0.0191 0.0161 0.0450 0.7448 
        D424  1 0.0547 0.1174 0.0377 0.0268 0.6280 0.0146 0.0200 0.0131 0.0655 0.0221 
        D425  1 0.0321 0.0976 0.0717 0.2406 0.2811 0.0387 0.0305 0.1135 0.0468 0.0473 
        D426  1 0.0831 0.4564 0.0236 0.0185 0.0491 0.0443 0.0172 0.0884 0.2023 0.0171 
        D427  1 0.0253 0.0264 0.1498 0.0097 0.3231 0.3274 0.0112 0.0203 0.0191 0.0876 
        D428  1 0.1009 0.0833 0.1403 0.1765 0.2137 0.0285 0.0757 0.0505 0.0287 0.1017 
        D429  1 0.0217 0.0483 0.1252 0.0640 0.4459 0.0802 0.0260 0.0228 0.1354 0.0306 
        D430  1 0.0405 0.2177 0.1073 0.1072 0.0723 0.0769 0.0213 0.0654 0.2459 0.0456 
        D491  1 0.0185 0.0361 0.6713 0.0364 0.1124 0.0198 0.0252 0.0294 0.0291 0.0218 
        D492  1 0.1052 0.1152 0.1130 0.0955 0.2101 0.0391 0.0569 0.0302 0.0695 0.1652 
        D537  1 0.0707 0.0722 0.0250 0.1055 0.4692 0.0261 0.0650 0.0181 0.0559 0.0922 
        D538  1 0.1578 0.0982 0.0880 0.2662 0.0570 0.0659 0.0642 0.0362 0.0503 0.1162 
        D539  1 0.0511 0.0842 0.1282 0.1078 0.0364 0.1288 0.0444 0.1774 0.2157 0.0260 
        D540  1 0.0706 0.2384 0.0280 0.0630 0.3425 0.0379 0.0239 0.0783 0.0882 0.0292 
        D541  1 0.0204 0.0179 0.0119 0.0123 0.8538 0.0132 0.0169 0.0210 0.0133 0.0193 
        D551  1 0.0550 0.1735 0.0317 0.0290 0.0575 0.2298 0.0204 0.1069 0.2607 0.0356 
        D552  1 0.1385 0.0980 0.2131 0.0255 0.1676 0.0406 0.0761 0.0671 0.1033 0.0701 
        D553  1 0.0173 0.0146 0.0144 0.0089 0.8762 0.0117 0.0132 0.0176 0.0128 0.0134 
        D615  1 0.0363 0.0562 0.0571 0.0567 0.4656 0.0851 0.0254 0.0556 0.0742 0.0877 
        D616  1 0.1022 0.0916 0.0690 0.0283 0.2589 0.0722 0.0198 0.1031 0.0716 0.1831 
        D621  1 0.2172 0.0559 0.0779 0.0679 0.0192 0.0284 0.3451 0.0241 0.0428 0.1215 
        D622  1 0.4992 0.0778 0.0431 0.0316 0.0295 0.0250 0.0497 0.0324 0.1163 0.0954 
        D623  1 0.0271 0.0497 0.1807 0.2764 0.0154 0.1026 0.1890 0.0426 0.0186 0.0979 
        D624  1 0.0286 0.0366 0.7798 0.0302 0.0331 0.0193 0.0105 0.0212 0.0258 0.0147 
        D625  1 0.0656 0.0548 0.0605 0.0230 0.5891 0.0128 0.0649 0.0253 0.0698 0.0342 
        D626  1 0.1524 0.0611 0.3789 0.0793 0.0583 0.0532 0.0248 0.0443 0.0818 0.0659 
        D627  1 0.0814 0.3980 0.0269 0.0149 0.0697 0.0207 0.0264 0.1409 0.2054 0.0159 
        D690  1 0.0345 0.0208 0.0400 0.0167 0.7940 0.0097 0.0301 0.0147 0.0175 0.0220 
        D691  1 0.5363 0.0409 0.0426 0.0202 0.0519 0.0150 0.0287 0.0411 0.1482 0.0750 
        D710  1 0.1126 0.1384 0.1396 0.0671 0.2207 0.0463 0.1381 0.0591 0.0270 0.0511 
        D711  1 0.0579 0.0276 0.0315 0.0559 0.6798 0.0212 0.0452 0.0239 0.0231 0.0339 
        D712  1 0.0918 0.0543 0.4935 0.0695 0.0315 0.0736 0.0473 0.0786 0.0398 0.0202 
        D713  1 0.0560 0.1473 0.0974 0.2515 0.1329 0.0246 0.1425 0.0249 0.0725 0.0504 
        D746  1 0.6893 0.0272 0.0198 0.0116 0.0706 0.0227 0.0378 0.0194 0.0441 0.0576 
        D747  1 0.0149 0.0161 0.0128 0.0139 0.8523 0.0168 0.0243 0.0200 0.0140 0.0149 
        D748  1 0.1495 0.0764 0.0327 0.0424 0.1293 0.0135 0.0700 0.0295 0.3894 0.0671 
        D749  1 0.2778 0.0955 0.1143 0.0691 0.0284 0.1711 0.0618 0.0307 0.0938 0.0574 
        D750  1 0.0347 0.0309 0.6044 0.0226 0.1444 0.0231 0.0412 0.0260 0.0398 0.0330 
        D763  1 0.0982 0.1555 0.0251 0.0402 0.0635 0.0644 0.2007 0.1667 0.1287 0.0569 
        D764  1 0.0654 0.0660 0.1913 0.0157 0.5221 0.0172 0.0153 0.0204 0.0298 0.0569 
        D765  1 0.1322 0.0915 0.2243 0.0893 0.0505 0.0734 0.0173 0.0607 0.1069 0.1539 
        D766  1 0.1075 0.0846 0.0397 0.0594 0.0734 0.0224 0.1356 0.0219 0.0747 0.3809 
        D767  1 0.0966 0.0471 0.0267 0.3748 0.0626 0.0495 0.1922 0.0288 0.0573 0.0643 
        D768  1 0.0210 0.0293 0.0140 0.0144 0.8271 0.0147 0.0147 0.0166 0.0301 0.0180 
        D811  1 0.0207 0.1160 0.1066 0.5576 0.0208 0.0176 0.0200 0.0272 0.0335 0.0799 
        D816  1 0.0174 0.0191 0.0238 0.0182 0.8365 0.0154 0.0194 0.0183 0.0178 0.0140 
        D825  1 0.0385 0.1470 0.1617 0.2478 0.1101 0.0216 0.0208 0.0262 0.0579 0.1685 
        D866  1 0.0228 0.0691 0.1533 0.0422 0.0511 0.2018 0.0164 0.3441 0.0477 0.0515 
        D867  1 0.6066 0.0628 0.0211 0.0474 0.0200 0.0438 0.1004 0.0231 0.0451 0.0297 
        D871  1 0.0613 0.4557 0.0330 0.0353 0.0505 0.0145 0.0342 0.0313 0.2654 0.0187 
        D872  1 0.0867 0.0450 0.0349 0.4018 0.1163 0.0318 0.0890 0.0219 0.0322 0.1405 
        D873  1 0.0443 0.0282 0.0118 0.1190 0.0087 0.0364 0.0393 0.0114 0.0186 0.6823 
        D874  1 0.0120 0.0343 0.0514 0.0400 0.0499 0.0152 0.7124 0.0371 0.0272 0.0205 
        D875  1 0.0693 0.5004 0.0200 0.0253 0.0241 0.0108 0.0180 0.0157 0.2736 0.0430 
        D876  1 0.0887 0.0673 0.0826 0.0430 0.4490 0.0287 0.1068 0.0554 0.0552 0.0231 
        D877  1 0.0130 0.0254 0.0535 0.7638 0.0208 0.0208 0.0448 0.0184 0.0200 0.0193 
        D892  1 0.1231 0.0631 0.1348 0.1373 0.1895 0.0181 0.0388 0.0182 0.2510 0.0262 
        D893  1 0.0719 0.0531 0.0161 0.0202 0.5767 0.0295 0.0478 0.0927 0.0567 0.0353 
        D894  1 0.0331 0.0570 0.0334 0.0185 0.6458 0.0522 0.0265 0.0293 0.0847 0.0194 
        D915  1 0.0533 0.0601 0.0569 0.0367 0.4431 0.0217 0.0245 0.0332 0.1618 0.1085 
        D916  1 0.0204 0.0130 0.0213 0.0092 0.8640 0.0101 0.0153 0.0165 0.0181 0.0120 
        D917  1 0.0650 0.0881 0.1809 0.0705 0.1351 0.1135 0.1211 0.1787 0.0274 0.0198 
        D925  1 0.0727 0.0350 0.0841 0.0421 0.3054 0.0441 0.0146 0.0392 0.0231 0.3398 
        D926  1 0.0494 0.1166 0.0580 0.0624 0.4411 0.0263 0.0638 0.0415 0.1041 0.0368 
        D927  1 0.0978 0.0991 0.0664 0.0473 0.2282 0.1367 0.0439 0.1664 0.0628 0.0512 
        D928  1 0.0105 0.0157 0.7569 0.0472 0.0796 0.0164 0.0203 0.0134 0.0121 0.0279 
        D929  1 0.0818 0.0446 0.0471 0.2701 0.0364 0.0228 0.3906 0.0238 0.0596 0.0232 
        D936  1 0.0268 0.0520 0.0243 0.0367 0.4478 0.0529 0.1463 0.1162 0.0517 0.0454 
        D938  1 0.6427 0.0362 0.0312 0.0249 0.0323 0.0113 0.0685 0.0184 0.0567 0.0777 
        D956  1 0.0229 0.0866 0.4873 0.1014 0.0447 0.0844 0.0233 0.0261 0.0949 0.0284 
        D957  1 0.0696 0.0442 0.0379 0.3233 0.0923 0.0414 0.0651 0.0238 0.0349 0.2674 
        D958  1 0.0866 0.0530 0.1520 0.1379 0.1348 0.0179 0.1226 0.0215 0.0496 0.2242 
        D959  1 0.1645 0.0998 0.0206 0.0269 0.3883 0.0191 0.0122 0.0138 0.0356 0.2192 
        D960  1 0.5027 0.0455 0.0377 0.1557 0.0312 0.0314 0.0496 0.0193 0.0768 0.0501 
        D989  1 0.0372 0.0479 0.4641 0.0317 0.0411 0.2041 0.0235 0.0930 0.0411 0.0162 
        D990  1 0.1056 0.0743 0.0637 0.0125 0.0109 0.0292 0.0215 0.1371 0.0217 0.5235 
        D023  2 0.8328 0.0324 0.0131 0.0138 0.0338 0.0165 0.0188 0.0122 0.0116 0.0150 
        D130  2 0.5692 0.0267 0.0159 0.1401 0.0780 0.0267 0.0229 0.0141 0.0601 0.0464 
        D131  2 0.0251 0.3351 0.0399 0.0329 0.1546 0.0186 0.0649 0.1479 0.1176 0.0633 
        D163  2 0.6569 0.0455 0.0435 0.0188 0.0775 0.0204 0.0344 0.0336 0.0447 0.0247 
        D164  2 0.0288 0.0185 0.0118 0.0235 0.0107 0.1407 0.0149 0.0155 0.0192 0.7163 
        D165  2 0.8056 0.0246 0.0176 0.0128 0.0303 0.0304 0.0233 0.0234 0.0139 0.0181 
        D166  2 0.0493 0.1619 0.0170 0.3101 0.0333 0.1032 0.0760 0.0366 0.1849 0.0277 
        D167  2 0.0100 0.0111 0.0121 0.0300 0.0116 0.8831 0.0082 0.0104 0.0095 0.0141 
        D192  2 0.0102 0.0091 0.0109 0.0133 0.0073 0.9063 0.0102 0.0121 0.0094 0.0112 
        D193  2 0.0177 0.0425 0.0475 0.6532 0.0187 0.0452 0.0346 0.0332 0.0928 0.0147 
        D206  2 0.1058 0.1737 0.0232 0.0932 0.1289 0.1638 0.0277 0.0201 0.1036 0.1600 
        D207  2 0.0235 0.1025 0.0223 0.1187 0.0404 0.4093 0.0275 0.0897 0.0924 0.0737 
        D208  2 0.0471 0.0716 0.1503 0.0494 0.0439 0.2003 0.0412 0.3279 0.0461 0.0221 
        D209  2 0.0454 0.0952 0.0198 0.0199 0.0311 0.6417 0.0666 0.0204 0.0234 0.0364 
        D210  2 0.0260 0.0333 0.4772 0.0270 0.0757 0.0700 0.0342 0.1531 0.0626 0.0408 
     D229599  2 0.1080 0.1337 0.0489 0.0702 0.2068 0.1024 0.1402 0.1116 0.0532 0.0250 
     D229600  2 0.2623 0.0572 0.0193 0.0557 0.0326 0.3950 0.0203 0.0203 0.0526 0.0846 
     D237227  2 0.0815 0.0786 0.3487 0.0306 0.0435 0.0589 0.0219 0.0834 0.0304 0.2226 
     D237228  2 0.0149 0.0497 0.1783 0.0708 0.0131 0.0430 0.0138 0.0512 0.0270 0.5382 
     D237258  2 0.1565 0.1200 0.0554 0.0959 0.0770 0.1968 0.0495 0.1244 0.0350 0.0895 
     D237310  2 0.0203 0.0509 0.0286 0.1112 0.0097 0.0310 0.0277 0.0191 0.0636 0.6380 
     D237311  2 0.0312 0.0255 0.0253 0.0631 0.0144 0.0729 0.0179 0.0283 0.0490 0.6722 
     D237312  2 0.0639 0.0699 0.0376 0.2194 0.0206 0.0264 0.0573 0.0223 0.3226 0.1601 
     D237313  2 0.0462 0.1477 0.0999 0.0735 0.2104 0.0428 0.0861 0.0873 0.1317 0.0744 
     D237322  2 0.0446 0.1277 0.0736 0.0908 0.0229 0.0765 0.1099 0.2695 0.1036 0.0809 
     D237323  2 0.0558 0.0456 0.1587 0.0641 0.0136 0.0346 0.0331 0.0470 0.0344 0.5130 
     D237324  2 0.2322 0.1462 0.0157 0.0265 0.0540 0.1317 0.0506 0.1208 0.0533 0.1691 
     D237325  2 0.0809 0.0710 0.0668 0.0938 0.0215 0.0582 0.0573 0.0316 0.1970 0.3220 
     D237326  2 0.0345 0.0397 0.0499 0.0285 0.0321 0.0187 0.0377 0.0380 0.0322 0.6887 
     D237327  2 0.0640 0.0876 0.0308 0.0331 0.0435 0.0882 0.0929 0.4542 0.0732 0.0325 
     D237337  2 0.0306 0.0443 0.0431 0.0312 0.0205 0.0135 0.0169 0.0213 0.0492 0.7295 
     D237338  2 0.1441 0.1031 0.1170 0.0443 0.0334 0.0676 0.1073 0.0984 0.1266 0.1583 
     D237339  2 0.0156 0.0674 0.0146 0.0418 0.0213 0.0478 0.6432 0.0873 0.0274 0.0336 
     D237340  2 0.0449 0.0416 0.1110 0.1079 0.0150 0.1296 0.0336 0.0336 0.0804 0.4024 
     D237389  2 0.0280 0.0484 0.0196 0.1499 0.0146 0.1228 0.0291 0.0191 0.0890 0.4794 
     D237390  2 0.0602 0.0735 0.0572 0.2203 0.0274 0.0207 0.0465 0.0470 0.2550 0.1923 
     D244017  2 0.0338 0.0422 0.0788 0.0799 0.0156 0.6626 0.0167 0.0325 0.0144 0.0237 
     D244112  2 0.0231 0.0164 0.0120 0.0199 0.0138 0.8464 0.0133 0.0119 0.0238 0.0194 
     D244118  2 0.1037 0.0121 0.0161 0.0168 0.0105 0.7816 0.0168 0.0102 0.0116 0.0204 
     D244119  2 0.0166 0.0247 0.5475 0.0204 0.0171 0.2198 0.0104 0.0231 0.0155 0.1050 
     D244120  2 0.0158 0.0224 0.0225 0.0921 0.0110 0.7001 0.0289 0.0357 0.0547 0.0169 
     D244122  2 0.0292 0.0228 0.0255 0.0428 0.0300 0.7643 0.0193 0.0198 0.0285 0.0178 
        D291  2 0.0746 0.0969 0.0166 0.0281 0.0475 0.0675 0.0145 0.6060 0.0301 0.0182 
        D292  2 0.0198 0.0384 0.0354 0.0651 0.1407 0.4408 0.0280 0.1668 0.0223 0.0426 
        D293  2 0.0131 0.0533 0.0136 0.0193 0.0616 0.0855 0.2290 0.2180 0.0274 0.2793 
        D322  2 0.0414 0.0398 0.0186 0.0227 0.0626 0.1004 0.2374 0.0995 0.0338 0.3439 
        D323  2 0.0335 0.2994 0.0328 0.2059 0.0422 0.0872 0.1169 0.0523 0.0384 0.0913 
        D324  2 0.0571 0.1409 0.0550 0.0178 0.1060 0.0236 0.0314 0.4029 0.0962 0.0691 
        D325  2 0.0257 0.0311 0.0120 0.0119 0.0400 0.1422 0.0381 0.1456 0.0668 0.4865 
        D326  2 0.0115 0.0169 0.0264 0.0116 0.8505 0.0127 0.0165 0.0206 0.0196 0.0137 
        D340  2 0.0129 0.0163 0.0157 0.0112 0.0216 0.1736 0.0222 0.0283 0.0184 0.6797 
        D341  2 0.0162 0.0304 0.0424 0.0246 0.0224 0.1639 0.0357 0.0534 0.1340 0.4771 
        D342  2 0.0985 0.0373 0.0195 0.0432 0.0189 0.5935 0.0212 0.0317 0.0906 0.0456 
        D343  2 0.0138 0.0197 0.0094 0.0094 0.0161 0.1840 0.0249 0.0450 0.0341 0.6436 
        D344  2 0.0148 0.0723 0.0174 0.2330 0.1530 0.0723 0.3418 0.0214 0.0461 0.0281 
        D345  2 0.1127 0.1462 0.0389 0.0372 0.1730 0.0594 0.2638 0.0752 0.0296 0.0640 
        D346  2 0.0262 0.0873 0.4466 0.0356 0.0534 0.0502 0.0526 0.1045 0.0899 0.0536 
        D351  2 0.0594 0.1812 0.0200 0.0402 0.1840 0.0245 0.0724 0.2516 0.1162 0.0505 
        D352  2 0.0195 0.1008 0.0442 0.0498 0.0250 0.0208 0.6274 0.0376 0.0259 0.0491 
        D353  2 0.0255 0.4171 0.0151 0.0379 0.2211 0.0484 0.1476 0.0429 0.0321 0.0123 
        D354  2 0.0186 0.0541 0.0310 0.0776 0.0788 0.0157 0.6607 0.0214 0.0254 0.0168 
        D362  2 0.0473 0.0230 0.0189 0.0541 0.7347 0.0198 0.0242 0.0265 0.0182 0.0333 
        D363  2 0.0338 0.0353 0.0191 0.0234 0.7954 0.0205 0.0197 0.0244 0.0103 0.0181 
        D364  2 0.0230 0.0558 0.0264 0.0668 0.4628 0.0344 0.2640 0.0155 0.0318 0.0194 
        D365  2 0.0086 0.0159 0.0146 0.0094 0.0146 0.1383 0.0280 0.0162 0.0135 0.7408 
        D369  2 0.0489 0.1114 0.1473 0.0230 0.1538 0.0983 0.0232 0.2221 0.0401 0.1320 
        D374  2 0.0118 0.0187 0.0917 0.7835 0.0140 0.0247 0.0147 0.0146 0.0138 0.0126 
        D375  2 0.0174 0.0498 0.0177 0.0739 0.0253 0.0227 0.7364 0.0110 0.0342 0.0116 
        D376  2 0.0188 0.0420 0.2562 0.4620 0.0215 0.0615 0.0552 0.0240 0.0416 0.0172 
        D377  2 0.0454 0.1940 0.0597 0.1781 0.0258 0.0516 0.0645 0.0788 0.1324 0.1697 
        D378  2 0.1210 0.0879 0.0274 0.0152 0.1052 0.0649 0.3410 0.1180 0.0466 0.0729 
        D379  2 0.0185 0.0492 0.0267 0.0406 0.7179 0.0199 0.0382 0.0243 0.0435 0.0212 
        D384  2 0.0091 0.0171 0.0315 0.0163 0.8492 0.0093 0.0142 0.0160 0.0188 0.0185 
        D385  2 0.0148 0.0435 0.0283 0.0317 0.0159 0.1629 0.1190 0.0202 0.0262 0.5374 
        D386  2 0.0622 0.0870 0.0160 0.0513 0.1011 0.0464 0.5458 0.0214 0.0371 0.0318 
        D391  2 0.0139 0.0240 0.0146 0.0150 0.0185 0.1387 0.1118 0.0309 0.0196 0.6130 
        D392  2 0.0261 0.0428 0.0366 0.0320 0.0488 0.1666 0.0232 0.0325 0.0313 0.5601 
        D393  2 0.0494 0.0644 0.0221 0.0161 0.2194 0.0320 0.2665 0.2077 0.0495 0.0728 
        D394  2 0.1532 0.1174 0.0369 0.1035 0.0824 0.1250 0.1808 0.0446 0.0769 0.0794 
        D395  2 0.0279 0.1267 0.0215 0.0438 0.0162 0.0946 0.4483 0.0402 0.0411 0.1398 
        D401  2 0.0123 0.0320 0.0260 0.0224 0.0139 0.0281 0.0115 0.0259 0.0170 0.8110 
        D402  2 0.0143 0.0286 0.0153 0.0201 0.0169 0.2254 0.0798 0.0634 0.0225 0.5137 
        D403  2 0.0704 0.1423 0.0217 0.1401 0.3246 0.0416 0.1077 0.0216 0.1066 0.0234 
        D415  2 0.0425 0.1874 0.0161 0.0256 0.4245 0.0190 0.0264 0.0211 0.0846 0.1528 
        D435  2 0.0267 0.0246 0.0150 0.0159 0.5278 0.0405 0.0720 0.0558 0.0456 0.1762 
        D436  2 0.0294 0.0502 0.0397 0.1547 0.0980 0.0287 0.4055 0.0307 0.1353 0.0278 
        D438  2 0.0160 0.0292 0.0268 0.0199 0.0144 0.1974 0.0181 0.0175 0.0219 0.6388 
        D439  2 0.0728 0.0998 0.0171 0.0161 0.0621 0.0316 0.5957 0.0486 0.0279 0.0283 
        D449  2 0.0281 0.0808 0.0201 0.0372 0.1010 0.5279 0.0320 0.0242 0.0738 0.0749 
        D450  2 0.0468 0.2831 0.0843 0.0616 0.1336 0.0282 0.1497 0.0485 0.1477 0.0167 
        D456  2 0.0201 0.0206 0.0176 0.0122 0.8451 0.0104 0.0157 0.0234 0.0251 0.0099 
        D462  2 0.0218 0.0260 0.0145 0.0131 0.0371 0.2199 0.2247 0.0474 0.0195 0.3759 
        D463  2 0.0143 0.0223 0.0296 0.0173 0.8321 0.0109 0.0271 0.0130 0.0192 0.0142 
        D464  2 0.0177 0.2770 0.0272 0.0963 0.0709 0.0571 0.3470 0.0215 0.0529 0.0325 
        D465  2 0.0148 0.0271 0.0155 0.0186 0.0449 0.0701 0.0165 0.0139 0.0193 0.7594 
        D473  2 0.0691 0.0644 0.4222 0.0474 0.0211 0.0335 0.1245 0.0454 0.0469 0.1254 
        D474  2 0.0493 0.0335 0.0413 0.0159 0.6389 0.0433 0.0284 0.0881 0.0271 0.0342 
        D476  2 0.3247 0.0241 0.0122 0.0162 0.0196 0.0238 0.5031 0.0302 0.0164 0.0299 
        D477  2 0.0232 0.1236 0.0480 0.0204 0.3292 0.0275 0.2387 0.0877 0.0509 0.0508 
        D478  2 0.2564 0.1837 0.0788 0.0792 0.0356 0.1241 0.0808 0.0747 0.0664 0.0204 
        D480  2 0.0221 0.0690 0.0921 0.0425 0.1358 0.0240 0.3031 0.1391 0.1184 0.0539 
        D481  2 0.1475 0.0866 0.0713 0.0477 0.2608 0.0822 0.1838 0.0539 0.0222 0.0440 
        D482  2 0.0483 0.1116 0.1016 0.0732 0.0212 0.0701 0.3215 0.1447 0.0777 0.0301 
        D483  2 0.0158 0.0149 0.0394 0.0156 0.0119 0.8312 0.0139 0.0142 0.0137 0.0293 
        D484  2 0.0131 0.0378 0.0142 0.0884 0.0099 0.0150 0.7614 0.0266 0.0168 0.0167 
        D510  2 0.0175 0.0402 0.3977 0.1986 0.0219 0.0675 0.0289 0.1632 0.0453 0.0192 
        D511  2 0.0490 0.0407 0.0203 0.0164 0.0485 0.0232 0.6963 0.0399 0.0189 0.0466 
        D512  2 0.0193 0.0405 0.0089 0.0434 0.0137 0.0275 0.0190 0.0160 0.0262 0.7855 
        D513  2 0.0246 0.0533 0.0566 0.0356 0.0368 0.0938 0.0231 0.0578 0.0505 0.5678 
        D635  2 0.4784 0.1137 0.0290 0.0157 0.2336 0.0290 0.0246 0.0297 0.0176 0.0286 
        D636  2 0.8332 0.0285 0.0201 0.0140 0.0231 0.0176 0.0140 0.0118 0.0149 0.0228 
        D637  2 0.0298 0.0824 0.0623 0.0872 0.0244 0.0691 0.2676 0.0720 0.2320 0.0732 
        D658  2 0.0210 0.0503 0.0698 0.0736 0.0185 0.1774 0.1926 0.0276 0.0634 0.3060 
        D659  2 0.0710 0.0504 0.0344 0.0237 0.5935 0.0434 0.0568 0.0704 0.0357 0.0209 
        D677  2 0.0803 0.0790 0.0221 0.1142 0.1972 0.0625 0.0353 0.0532 0.2814 0.0748 
        D678  2 0.0172 0.0417 0.0106 0.0415 0.0143 0.8016 0.0158 0.0141 0.0203 0.0229 
        D679  2 0.0335 0.1857 0.0558 0.0233 0.3179 0.0406 0.0776 0.1416 0.0797 0.0444 
        D719  2 0.0134 0.0297 0.3198 0.0210 0.1233 0.0641 0.0516 0.1228 0.0224 0.2320 
        D720  2 0.0331 0.0476 0.0820 0.0353 0.6104 0.0148 0.0292 0.0500 0.0308 0.0666 
        D721  2 0.7025 0.0606 0.0424 0.0123 0.0391 0.0368 0.0294 0.0265 0.0286 0.0218 
        D722  2 0.0155 0.0314 0.0697 0.7002 0.0214 0.0603 0.0206 0.0291 0.0141 0.0377 
        D734  2 0.0129 0.0274 0.1038 0.0175 0.0140 0.0295 0.7087 0.0441 0.0229 0.0193 
        D735  2 0.0346 0.2113 0.0821 0.0363 0.2260 0.0399 0.1090 0.0884 0.0655 0.1069 
        D736  2 0.0380 0.0708 0.2714 0.0248 0.0621 0.0987 0.0566 0.2380 0.0884 0.0512 
        D737  2 0.0226 0.0278 0.0245 0.0349 0.0117 0.7505 0.0645 0.0311 0.0164 0.0160 
        D807  2 0.0448 0.0525 0.1604 0.0550 0.1294 0.0938 0.1064 0.2296 0.0797 0.0484 
        D808  2 0.0859 0.1494 0.0249 0.0789 0.0615 0.0572 0.0922 0.1219 0.1355 0.1926 
        D817  2 0.0435 0.2236 0.0386 0.1344 0.2654 0.0280 0.1034 0.0731 0.0526 0.0374 
        D818  2 0.1431 0.1307 0.0215 0.0257 0.0365 0.0554 0.0481 0.1954 0.2840 0.0597 
        D819  2 0.0792 0.3713 0.0364 0.0474 0.1458 0.0399 0.0303 0.0764 0.0414 0.1319 
        D820  2 0.0258 0.0294 0.0230 0.0406 0.4525 0.0176 0.1736 0.1344 0.0601 0.0430 
        D895  2 0.1515 0.1661 0.0464 0.0364 0.3534 0.0780 0.0560 0.0255 0.0420 0.0447 
        D896  2 0.0148 0.0129 0.0229 0.0339 0.0122 0.0086 0.0137 0.0153 0.0149 0.8508 
        D897  2 0.0397 0.1076 0.0327 0.0540 0.0403 0.3926 0.0582 0.0473 0.1396 0.0880 
        D898  2 0.0365 0.3072 0.0447 0.1421 0.0553 0.0766 0.0593 0.1015 0.1077 0.0692 
        D918  2 0.1076 0.0956 0.0425 0.0465 0.0249 0.0252 0.1184 0.0864 0.2782 0.1746 
        D919  2 0.0433 0.0912 0.0207 0.0714 0.1222 0.0757 0.3656 0.1379 0.0403 0.0315 
        D920  2 0.5836 0.0422 0.0652 0.0597 0.0351 0.0739 0.0348 0.0192 0.0652 0.0211 
        D923  2 0.0229 0.0464 0.0180 0.0283 0.6824 0.0304 0.0885 0.0261 0.0324 0.0245 
        D930  2 0.0254 0.1372 0.1144 0.0543 0.2193 0.0284 0.1578 0.0439 0.1560 0.0633 
        D931  2 0.0323 0.0704 0.0311 0.0487 0.2431 0.0960 0.3250 0.0572 0.0342 0.0620 
        D968  2 0.0153 0.0359 0.0161 0.0231 0.0282 0.3273 0.0397 0.1196 0.0180 0.3767 
        D969  2 0.0328 0.0929 0.0462 0.0362 0.2454 0.2658 0.0478 0.1336 0.0444 0.0550 
        D977  2 0.0430 0.0922 0.0190 0.0375 0.0508 0.1893 0.0418 0.0715 0.2034 0.2515 
        D978  2 0.0235 0.2278 0.0321 0.0582 0.0297 0.2258 0.0308 0.1693 0.1845 0.0183 
        D211  3 0.4915 0.0887 0.0211 0.0189 0.0669 0.0236 0.0314 0.0388 0.2090 0.0100 
     D229639  3 0.0280 0.0372 0.0845 0.0512 0.0616 0.1922 0.0239 0.4637 0.0329 0.0248 
     D237212  3 0.0616 0.0899 0.0224 0.0217 0.0543 0.0567 0.2120 0.2908 0.1241 0.0664 
     D237213  3 0.0867 0.2205 0.0186 0.0793 0.0295 0.0287 0.0953 0.0614 0.2199 0.1603 
     D237214  3 0.7519 0.0897 0.0261 0.0164 0.0219 0.0138 0.0180 0.0117 0.0360 0.0145 
     D237215  3 0.0141 0.0327 0.0471 0.1064 0.0124 0.6274 0.0147 0.0714 0.0155 0.0582 
     D237216  3 0.1099 0.3979 0.0400 0.0376 0.0572 0.0367 0.0381 0.0785 0.1636 0.0405 
     D237217  3 0.2727 0.1314 0.0193 0.0178 0.1091 0.0408 0.0274 0.0910 0.2499 0.0406 
     D237218  3 0.0359 0.0660 0.0582 0.0152 0.0562 0.0331 0.2130 0.1685 0.3296 0.0242 
     D237219  3 0.1311 0.1318 0.1704 0.0332 0.0350 0.0925 0.0217 0.1346 0.1669 0.0829 
     D237382  3 0.0325 0.0724 0.0788 0.4131 0.0705 0.0363 0.0399 0.0335 0.1249 0.0982 
     D244127  3 0.0643 0.0961 0.0185 0.0393 0.0178 0.0971 0.0388 0.0777 0.0552 0.4952 
     D244129  3 0.1179 0.1332 0.0446 0.0437 0.0674 0.0427 0.0937 0.1229 0.1116 0.2223 
     D244133  3 0.0818 0.2189 0.1352 0.0580 0.0528 0.2637 0.0136 0.0453 0.0474 0.0834 
     D244134  3 0.0406 0.0421 0.2862 0.0210 0.0243 0.0256 0.0212 0.4632 0.0332 0.0425 
     D244135  3 0.7171 0.0506 0.0162 0.0181 0.0319 0.0354 0.0248 0.0227 0.0530 0.0302 
     D244136  3 0.0614 0.1633 0.1645 0.0875 0.1546 0.1182 0.0287 0.0959 0.0555 0.0704 
        D416  3 0.0792 0.1546 0.0441 0.0238 0.0878 0.3261 0.0435 0.0384 0.1551 0.0474 
        D417  3 0.0194 0.0276 0.0221 0.0359 0.5930 0.0214 0.0248 0.0189 0.2078 0.0291 
        D419  3 0.0729 0.0942 0.0732 0.0325 0.0927 0.1723 0.0401 0.1606 0.1744 0.0871 
        D565  3 0.0202 0.0388 0.7625 0.0212 0.0364 0.0118 0.0150 0.0636 0.0164 0.0142 
        D566  3 0.0268 0.0941 0.1893 0.0735 0.0765 0.0992 0.0193 0.3276 0.0359 0.0580 
        D567  3 0.0719 0.0475 0.0233 0.0305 0.5467 0.0593 0.0778 0.0230 0.0420 0.0781 
        D568  3 0.1362 0.0892 0.0169 0.0610 0.1551 0.1479 0.1397 0.0552 0.1359 0.0628 
        D569  3 0.0694 0.0593 0.0302 0.0619 0.0194 0.0875 0.5514 0.0580 0.0444 0.0186 
        D573  3 0.0208 0.0420 0.0286 0.0216 0.1366 0.0978 0.0336 0.5572 0.0205 0.0413 
        D574  3 0.0608 0.1986 0.2391 0.1190 0.0431 0.0697 0.0331 0.1006 0.0869 0.0492 
        D575  3 0.1674 0.1773 0.1599 0.0396 0.0556 0.0356 0.0398 0.1300 0.0736 0.1211 
        D576  3 0.0290 0.0483 0.0175 0.0721 0.0078 0.7391 0.0151 0.0379 0.0172 0.0161 
        D577  3 0.1031 0.0829 0.0342 0.0444 0.5144 0.0306 0.0577 0.0378 0.0714 0.0235 
        D578  3 0.8099 0.0538 0.0116 0.0173 0.0117 0.0203 0.0121 0.0160 0.0220 0.0253 
        D579  3 0.0442 0.0869 0.1336 0.0445 0.1855 0.0384 0.1388 0.1607 0.0923 0.0752 
        D660  3 0.0471 0.1332 0.0170 0.0307 0.0191 0.5360 0.0384 0.0305 0.0481 0.0999 
        D661  3 0.0390 0.0490 0.0166 0.0188 0.0271 0.1328 0.0978 0.1483 0.4401 0.0305 
        D663  3 0.0276 0.1000 0.0191 0.0878 0.0629 0.0915 0.0386 0.5131 0.0408 0.0185 
        D664  3 0.1314 0.1124 0.0588 0.0474 0.0172 0.3262 0.0375 0.0558 0.1576 0.0557 
        D665  3 0.1437 0.4378 0.0129 0.1147 0.0143 0.0301 0.0862 0.0497 0.0698 0.0407 
        D666  3 0.0914 0.1584 0.1853 0.0216 0.0690 0.0563 0.0383 0.0770 0.1298 0.1728 
        D009  4 0.1813 0.1508 0.0305 0.0712 0.1268 0.0256 0.1141 0.0351 0.2315 0.0330 
        D057  4 0.2191 0.0296 0.0216 0.0312 0.0228 0.0536 0.4711 0.0865 0.0342 0.0301 
        D109  4 0.1263 0.3265 0.0745 0.0424 0.0496 0.0332 0.0414 0.0352 0.1255 0.1454 
     D237222  4 0.5517 0.0370 0.0851 0.1334 0.0281 0.0449 0.0373 0.0348 0.0314 0.0164 
     D237223  4 0.0572 0.0852 0.0831 0.0485 0.0252 0.0305 0.0422 0.0568 0.4561 0.1152 
     D237224  4 0.0458 0.0919 0.0279 0.0390 0.1406 0.2298 0.2194 0.1248 0.0502 0.0306 
     D237225  4 0.0899 0.1980 0.0609 0.0531 0.0880 0.0350 0.0903 0.0744 0.2608 0.0496 
     D237299  4 0.0258 0.1429 0.0376 0.0407 0.0128 0.0236 0.0254 0.0349 0.6264 0.0299 
     D237300  4 0.0226 0.0448 0.0309 0.0239 0.0195 0.1602 0.0206 0.6004 0.0583 0.0188 
     D237306  4 0.0239 0.0460 0.3951 0.1222 0.0752 0.0316 0.0380 0.0270 0.1944 0.0466 
     D237307  4 0.0337 0.0750 0.1825 0.1056 0.3695 0.0348 0.0189 0.0605 0.0534 0.0661 
     D237308  4 0.0396 0.0608 0.0546 0.0531 0.0310 0.2827 0.1579 0.0349 0.0277 0.2577 
     D237309  4 0.1372 0.1511 0.0203 0.1045 0.2249 0.0592 0.0797 0.0542 0.1349 0.0339 
     D237317  4 0.0676 0.1207 0.3385 0.0888 0.1917 0.0350 0.0398 0.0700 0.0228 0.0250 
     D237318  4 0.0127 0.0287 0.0195 0.0233 0.0259 0.0396 0.0141 0.7863 0.0287 0.0214 
     D237319  4 0.1048 0.1326 0.0339 0.2430 0.0485 0.0644 0.0326 0.0404 0.2088 0.0910 
     D237320  4 0.0697 0.0326 0.0226 0.0175 0.0467 0.0724 0.0227 0.0892 0.5715 0.0550 
     D237321  4 0.0331 0.0523 0.0403 0.0299 0.0611 0.2954 0.0215 0.4033 0.0349 0.0281 
     D237397  4 0.0573 0.0631 0.1397 0.0941 0.0418 0.0818 0.0272 0.1394 0.2824 0.0732 
     D237398  4 0.0271 0.1131 0.0165 0.0187 0.0682 0.0271 0.0433 0.5276 0.1275 0.0308 
     D237399  4 0.0720 0.0566 0.1600 0.0342 0.0582 0.0401 0.0461 0.3476 0.1333 0.0519 
     D244001  4 0.3423 0.0541 0.0211 0.2290 0.0360 0.1362 0.0502 0.0253 0.0656 0.0402 
        D289  4 0.0481 0.0460 0.1641 0.0193 0.0559 0.0641 0.3111 0.1820 0.0761 0.0333 
        D290  4 0.0474 0.0741 0.0194 0.5978 0.0404 0.0221 0.0618 0.0394 0.0650 0.0326 
        D294  4 0.0509 0.1491 0.0332 0.0590 0.1041 0.0474 0.3025 0.0445 0.1916 0.0175 
        D295  4 0.0460 0.0546 0.0491 0.1217 0.2160 0.0409 0.0872 0.0566 0.2324 0.0955 
        D301  4 0.4285 0.0385 0.0507 0.1254 0.0207 0.1834 0.0166 0.0588 0.0506 0.0267 
        D302  4 0.0388 0.0345 0.0165 0.0617 0.0491 0.0179 0.7197 0.0191 0.0281 0.0146 
        D303  4 0.0298 0.0483 0.5190 0.0411 0.0290 0.0733 0.0887 0.0297 0.0598 0.0813 
        D304  4 0.0385 0.0971 0.0663 0.3605 0.0780 0.0325 0.0498 0.2185 0.0436 0.0152 
        D305  4 0.0658 0.1769 0.0112 0.0577 0.0199 0.2119 0.3540 0.0431 0.0321 0.0274 
        D306  4 0.0485 0.1633 0.0234 0.5620 0.0349 0.0292 0.0421 0.0290 0.0491 0.0185 
        D307  4 0.6991 0.0350 0.0787 0.0234 0.0147 0.0327 0.0384 0.0323 0.0248 0.0211 
        D327  4 0.0358 0.0849 0.0542 0.0624 0.5387 0.0390 0.0416 0.0418 0.0648 0.0367 
        D328  4 0.0252 0.0650 0.0914 0.2279 0.0233 0.0663 0.3365 0.0354 0.0921 0.0369 
        D329  4 0.0861 0.0743 0.0392 0.0648 0.0524 0.2801 0.2362 0.0687 0.0607 0.0375 
        D330  4 0.0736 0.1062 0.0143 0.1046 0.2021 0.0608 0.1078 0.0271 0.2109 0.0925 
        D331  4 0.0389 0.0884 0.0591 0.3800 0.1284 0.0416 0.0305 0.1536 0.0399 0.0398 
        D333  4 0.0544 0.0527 0.0821 0.2029 0.0828 0.0593 0.2021 0.0796 0.1318 0.0524 
        D334  4 0.0809 0.0703 0.5316 0.0428 0.0406 0.0212 0.0743 0.0547 0.0631 0.0205 
        D335  4 0.0341 0.0574 0.0231 0.2539 0.1347 0.0221 0.3912 0.0257 0.0164 0.0414 
        D370  4 0.0207 0.0430 0.0317 0.6764 0.0310 0.0381 0.0375 0.0240 0.0246 0.0730 
        D371  4 0.0151 0.0403 0.5739 0.0407 0.1701 0.0361 0.0279 0.0224 0.0319 0.0416 
        D372  4 0.0159 0.0662 0.0239 0.1254 0.0126 0.2436 0.0158 0.4141 0.0571 0.0255 
        D373  4 0.6308 0.0500 0.0172 0.0205 0.0387 0.0973 0.0471 0.0398 0.0312 0.0274 
        D455  4 0.7267 0.0276 0.0234 0.0248 0.0197 0.0250 0.0812 0.0335 0.0219 0.0162 
        D490  4 0.7967 0.0257 0.0176 0.0217 0.0194 0.0100 0.0279 0.0137 0.0534 0.0141 
        D497  4 0.6361 0.0630 0.0217 0.0320 0.0119 0.0233 0.0554 0.0456 0.0948 0.0163 
        D498  4 0.0340 0.0628 0.0643 0.5290 0.0425 0.0327 0.0228 0.0949 0.0343 0.0828 
        D499  4 0.0165 0.1766 0.0902 0.0480 0.0197 0.1487 0.1087 0.0913 0.2306 0.0697 
        D514  4 0.0422 0.2108 0.0158 0.1496 0.2492 0.0326 0.1114 0.0566 0.0789 0.0529 
        D515  4 0.0246 0.0450 0.0271 0.0565 0.0276 0.0198 0.0439 0.0170 0.7052 0.0335 
        D516  4 0.0975 0.1089 0.0574 0.1350 0.1353 0.0697 0.0291 0.1106 0.1131 0.1435 
        D517  4 0.5310 0.1031 0.0171 0.0257 0.0590 0.1024 0.0272 0.0540 0.0597 0.0209 
        D518  4 0.1469 0.0396 0.0514 0.0820 0.0223 0.0306 0.5257 0.0267 0.0516 0.0232 
        D519  4 0.0273 0.0209 0.0193 0.0124 0.0239 0.0186 0.0144 0.0428 0.8013 0.0192 
        D560  4 0.0232 0.0217 0.0119 0.0307 0.0621 0.0265 0.0305 0.0278 0.7473 0.0182 
        D561  4 0.1414 0.3555 0.0184 0.0537 0.0752 0.0258 0.0708 0.0368 0.1559 0.0665 
        D562  4 0.2249 0.1110 0.0581 0.0722 0.0354 0.1351 0.1525 0.0942 0.0852 0.0313 
        D563  4 0.0583 0.1942 0.0182 0.0320 0.0250 0.2080 0.1679 0.0566 0.0770 0.1628 
        D572  4 0.0522 0.0266 0.0246 0.0391 0.0408 0.0241 0.7218 0.0200 0.0334 0.0173 
        D629  4 0.3153 0.1218 0.0211 0.0254 0.2249 0.0167 0.0801 0.0899 0.0835 0.0214 
        D630  4 0.1173 0.0826 0.0448 0.1192 0.0705 0.0579 0.0982 0.0878 0.2974 0.0243 
        D631  4 0.0297 0.0404 0.0159 0.0268 0.0179 0.0355 0.6921 0.0389 0.0743 0.0284 
        D632  4 0.3018 0.0537 0.0160 0.0356 0.0549 0.1543 0.1973 0.0173 0.0371 0.1321 
        D646  4 0.0438 0.0433 0.0199 0.0425 0.1413 0.0504 0.0381 0.0588 0.4377 0.1243 
        D647  4 0.0765 0.0396 0.0125 0.1727 0.3506 0.0513 0.0839 0.0371 0.1310 0.0449 
        D648  4 0.0169 0.0375 0.0361 0.4093 0.0159 0.0393 0.3563 0.0122 0.0598 0.0166 
        D649  4 0.0648 0.0769 0.0223 0.0274 0.3395 0.0212 0.1895 0.0386 0.0562 0.1636 
        D650  4 0.0670 0.0764 0.0981 0.0562 0.1516 0.0174 0.1219 0.0870 0.2495 0.0750 
        D708  4 0.0484 0.1684 0.1542 0.0638 0.0566 0.0450 0.2311 0.0722 0.1412 0.0193 
        D709  4 0.0170 0.0729 0.0297 0.5745 0.0185 0.0218 0.0647 0.0367 0.0508 0.1133 
        D738  4 0.0624 0.0342 0.4853 0.0674 0.0682 0.0146 0.0255 0.0586 0.1191 0.0645 
        D739  4 0.3001 0.1370 0.0274 0.1262 0.0286 0.0564 0.0612 0.0537 0.1811 0.0283 
        D740  4 0.0625 0.2309 0.1670 0.0291 0.0211 0.0741 0.0664 0.0874 0.1919 0.0697 
        D741  4 0.0211 0.0770 0.0145 0.0287 0.0640 0.0276 0.0293 0.0956 0.5566 0.0857 
        D742  4 0.0741 0.0563 0.0645 0.0269 0.0279 0.0979 0.0674 0.2241 0.2296 0.1313 
        D743  4 0.0309 0.0423 0.0192 0.0241 0.2428 0.0308 0.5002 0.0474 0.0341 0.0284 
        D744  4 0.0225 0.0266 0.0181 0.0118 0.0233 0.0172 0.8166 0.0210 0.0257 0.0173 
        D745  4 0.0380 0.0227 0.0183 0.0142 0.0196 0.0151 0.0278 0.0210 0.8059 0.0173 
        D814  4 0.0538 0.0714 0.0162 0.0472 0.0280 0.4681 0.0504 0.0333 0.2190 0.0126 
        D815  4 0.0313 0.0484 0.0273 0.2627 0.1033 0.0291 0.3797 0.0370 0.0377 0.0435 
        D828  4 0.0266 0.0498 0.0448 0.4680 0.0114 0.2392 0.0549 0.0317 0.0557 0.0179 
        D845  4 0.0122 0.0158 0.0345 0.0116 0.0154 0.0174 0.0214 0.8373 0.0137 0.0207 
        D846  4 0.1906 0.0955 0.0097 0.0627 0.1274 0.0926 0.3094 0.0542 0.0305 0.0276 
        D847  4 0.2654 0.0808 0.0939 0.0356 0.0689 0.0359 0.0605 0.1309 0.1908 0.0372 
        D848  4 0.6413 0.0258 0.0160 0.0260 0.0155 0.0531 0.0307 0.1574 0.0129 0.0212 
        D849  4 0.2139 0.1406 0.0173 0.0928 0.0317 0.0405 0.0391 0.0303 0.3609 0.0328 
        D850  4 0.1410 0.1576 0.0608 0.0268 0.0964 0.0224 0.0486 0.2998 0.1042 0.0425 
        D856  4 0.0573 0.3002 0.0421 0.1511 0.0357 0.0275 0.0732 0.0402 0.1659 0.1069 
        D857  4 0.0413 0.0244 0.0240 0.1505 0.0090 0.1606 0.0234 0.0134 0.0368 0.5167 
        D859  4 0.0219 0.0389 0.0223 0.0569 0.0819 0.0769 0.4625 0.0707 0.1470 0.0210 
        D860  4 0.0267 0.0365 0.3736 0.0358 0.0587 0.0727 0.0879 0.2617 0.0198 0.0267 
        D883  4 0.2031 0.0797 0.0599 0.1126 0.2079 0.0416 0.0743 0.0688 0.0855 0.0666 
        D884  4 0.0337 0.0515 0.0399 0.0944 0.0441 0.0208 0.0466 0.0298 0.5897 0.0496 
        D885  4 0.0379 0.1645 0.0262 0.0139 0.0621 0.0243 0.0568 0.1036 0.3958 0.1151 
        D886  4 0.2000 0.0467 0.0247 0.3085 0.1072 0.0376 0.0786 0.0445 0.0630 0.0891 
        D887  4 0.0325 0.0916 0.0553 0.0583 0.1236 0.2055 0.1134 0.1080 0.1658 0.0459 
        D889  4 0.0142 0.0641 0.0183 0.2029 0.0321 0.0185 0.0435 0.5391 0.0561 0.0113 
        D890  4 0.0924 0.1625 0.0595 0.2461 0.0479 0.0950 0.1235 0.0548 0.0430 0.0752 
        D891  4 0.0110 0.0138 0.0108 0.0101 0.0109 0.0122 0.0106 0.8998 0.0113 0.0097 
        D899  4 0.0278 0.0688 0.0621 0.0686 0.0222 0.2043 0.1361 0.3111 0.0344 0.0645 
        D900  4 0.1074 0.1399 0.0646 0.1594 0.1050 0.0531 0.1462 0.0710 0.0992 0.0542 
        D970  4 0.0709 0.0731 0.0413 0.0315 0.1443 0.0767 0.3706 0.1276 0.0402 0.0239 
        D971  4 0.0321 0.0869 0.0350 0.0995 0.0412 0.1518 0.1326 0.0246 0.0204 0.3759 
        D979  4 0.0266 0.1039 0.0293 0.2046 0.2338 0.0251 0.2761 0.0329 0.0338 0.0339 
        D093  5 0.0236 0.0267 0.6751 0.0289 0.0331 0.0257 0.0189 0.0370 0.1027 0.0282 
        D154  5 0.0149 0.1867 0.0362 0.1223 0.0247 0.0486 0.0416 0.1366 0.3305 0.0578 
        D168  5 0.1315 0.1433 0.0172 0.0578 0.0551 0.1331 0.0338 0.1125 0.1638 0.1518 
        D189  5 0.0244 0.0456 0.2738 0.2714 0.0426 0.0275 0.0248 0.1866 0.0778 0.0255 
        D190  5 0.0164 0.0387 0.6249 0.0770 0.0314 0.0231 0.0532 0.0438 0.0494 0.0421 
     D237220  5 0.1898 0.0881 0.1389 0.0359 0.0247 0.0189 0.1029 0.1502 0.2069 0.0437 
     D237221  5 0.0316 0.0794 0.2259 0.0287 0.0539 0.0766 0.0858 0.2585 0.0739 0.0858 
     D237274  5 0.0198 0.0645 0.0155 0.1421 0.4036 0.0484 0.1496 0.0349 0.0766 0.0450 
     D237275  5 0.0207 0.1090 0.0238 0.1334 0.0155 0.3921 0.0155 0.1150 0.0381 0.1368 
     D237276  5 0.0558 0.0546 0.1513 0.1577 0.0755 0.0462 0.0450 0.0286 0.3220 0.0633 
     D237277  5 0.0176 0.0426 0.5087 0.0302 0.0338 0.0822 0.0736 0.1031 0.0493 0.0590 
     D237278  5 0.0716 0.0924 0.1516 0.0481 0.0581 0.1865 0.0707 0.0330 0.0710 0.2170 
     D237279  5 0.0825 0.4129 0.0168 0.0160 0.0505 0.0164 0.0717 0.0262 0.0501 0.2569 
     D237280  5 0.2596 0.1539 0.0963 0.0713 0.1468 0.0499 0.0651 0.0267 0.0454 0.0850 
     D237281  5 0.0165 0.0416 0.0191 0.0292 0.0366 0.1511 0.0250 0.6250 0.0287 0.0273 
     D237351  5 0.0294 0.0458 0.0766 0.0197 0.0203 0.0184 0.0248 0.0265 0.1581 0.5804 
     D237352  5 0.3185 0.0770 0.0443 0.1207 0.0429 0.0327 0.2312 0.0315 0.0277 0.0736 
     D237353  5 0.0128 0.0357 0.7171 0.0272 0.0276 0.0254 0.0395 0.0717 0.0183 0.0248 
     D237359  5 0.1165 0.1232 0.0695 0.0350 0.0377 0.0328 0.0617 0.1682 0.3273 0.0281 
     D237361  5 0.0155 0.0268 0.7948 0.0294 0.0164 0.0171 0.0214 0.0244 0.0202 0.0339 
     D237362  5 0.0459 0.2532 0.1004 0.0819 0.1366 0.0435 0.0499 0.0947 0.0970 0.0968 
     D237363  5 0.0316 0.4136 0.0408 0.0586 0.0427 0.0879 0.0247 0.0938 0.0825 0.1238 
     D237364  5 0.0561 0.1259 0.0118 0.0538 0.0522 0.0538 0.0887 0.0529 0.4087 0.0961 
     D237376  5 0.0165 0.0406 0.0571 0.5985 0.0125 0.0646 0.1085 0.0330 0.0445 0.0243 
     D237377  5 0.0350 0.1353 0.1591 0.0237 0.1024 0.0521 0.0456 0.0285 0.0202 0.3981 
     D237378  5 0.0328 0.0440 0.3009 0.0842 0.0214 0.3117 0.0737 0.0504 0.0575 0.0235 
     D237379  5 0.0440 0.1116 0.1881 0.1098 0.0297 0.0599 0.2354 0.0450 0.1407 0.0356 
     D237380  5 0.0359 0.0315 0.0341 0.5141 0.0218 0.0258 0.0580 0.0111 0.0354 0.2322 
     D237381  5 0.2140 0.0583 0.0587 0.2207 0.0433 0.1169 0.0936 0.0567 0.0367 0.1009 
     D237391  5 0.0154 0.0231 0.7667 0.0127 0.0346 0.0146 0.0272 0.0496 0.0330 0.0231 
     D237392  5 0.0382 0.1000 0.0273 0.1623 0.1932 0.1194 0.0778 0.0437 0.0533 0.1848 
     D237393  5 0.0620 0.0415 0.1621 0.0706 0.4081 0.0772 0.0413 0.0599 0.0247 0.0527 
     D237394  5 0.0206 0.0414 0.8144 0.0135 0.0178 0.0104 0.0260 0.0204 0.0167 0.0188 
     D237395  5 0.0435 0.0913 0.2534 0.0965 0.0356 0.0954 0.0249 0.0519 0.2593 0.0483 
     D237396  5 0.0992 0.0949 0.1470 0.0127 0.2370 0.0301 0.0718 0.0905 0.0292 0.1875 
     D244016  5 0.0209 0.3674 0.1362 0.0621 0.0193 0.0336 0.1967 0.0784 0.0243 0.0611 
     D244018  5 0.0662 0.0960 0.1663 0.0252 0.0569 0.0725 0.0286 0.1266 0.0570 0.3047 
     D244019  5 0.0227 0.3428 0.0407 0.1033 0.0668 0.0962 0.0719 0.1362 0.0602 0.0593 
        D279  5 0.0268 0.0706 0.0540 0.0354 0.0343 0.0303 0.0709 0.2033 0.3999 0.0746 
        D280  5 0.0894 0.1300 0.1202 0.0451 0.0660 0.0822 0.0370 0.3479 0.0543 0.0279 
        D281  5 0.0150 0.0705 0.0506 0.0373 0.0233 0.0365 0.0283 0.6704 0.0522 0.0160 
        D283  5 0.0274 0.0973 0.2592 0.0237 0.1062 0.0383 0.0367 0.3411 0.0365 0.0337 
        D284  5 0.1883 0.1732 0.0272 0.0834 0.0445 0.0323 0.0401 0.0987 0.2430 0.0693 
        D285  5 0.0199 0.0859 0.3719 0.0433 0.0676 0.0210 0.0589 0.2054 0.0888 0.0373 
        D286  5 0.0502 0.0782 0.1459 0.1648 0.0961 0.0494 0.1079 0.0491 0.2322 0.0263 
        D287  5 0.0368 0.1055 0.1259 0.3698 0.0129 0.0807 0.1126 0.0217 0.1025 0.0315 
        D288  5 0.0290 0.1097 0.0401 0.0351 0.1104 0.0565 0.0197 0.5470 0.0356 0.0170 
        D308  5 0.0203 0.0441 0.0391 0.0227 0.0701 0.0215 0.0218 0.0193 0.0438 0.6971 
        D309  5 0.0291 0.0333 0.0139 0.0189 0.0209 0.0132 0.8167 0.0128 0.0167 0.0244 
        D310  5 0.0113 0.0609 0.7468 0.0440 0.0152 0.0228 0.0183 0.0424 0.0255 0.0128 
        D311  5 0.0250 0.1522 0.0909 0.3172 0.0753 0.0432 0.0983 0.0465 0.1190 0.0322 
        D312  5 0.0863 0.0928 0.1218 0.1083 0.0862 0.0658 0.2467 0.0977 0.0618 0.0325 
        D313  5 0.3637 0.0277 0.0401 0.0167 0.0146 0.0114 0.0098 0.0135 0.0233 0.4793 
        D314  5 0.0365 0.1294 0.0484 0.1107 0.0233 0.1035 0.0400 0.0501 0.4030 0.0553 
        D315  5 0.0958 0.0837 0.1565 0.0543 0.2770 0.1598 0.0470 0.0477 0.0479 0.0303 
        D317  5 0.0230 0.0210 0.7417 0.0609 0.0449 0.0170 0.0145 0.0373 0.0235 0.0161 
        D318  5 0.1198 0.2249 0.0550 0.0528 0.0727 0.0878 0.1459 0.0639 0.1252 0.0519 
        D319  5 0.0136 0.0358 0.7607 0.0349 0.0195 0.0142 0.0159 0.0423 0.0349 0.0281 
        D320  5 0.0268 0.0411 0.6291 0.0389 0.0257 0.0253 0.0520 0.0977 0.0370 0.0264 
        D321  5 0.0321 0.0399 0.0663 0.0251 0.1008 0.0153 0.0300 0.1565 0.0276 0.5065 
        D336  5 0.0149 0.0364 0.5043 0.2967 0.0190 0.0372 0.0307 0.0202 0.0238 0.0169 
        D337  5 0.0131 0.0283 0.7084 0.0273 0.0273 0.0192 0.0305 0.1108 0.0131 0.0220 
        D338  5 0.0553 0.0741 0.1031 0.0361 0.1829 0.0268 0.0460 0.0845 0.3176 0.0735 
        D339  5 0.0191 0.0698 0.5474 0.0413 0.0456 0.0682 0.0202 0.0773 0.0640 0.0471 
        D347  5 0.0165 0.0451 0.0176 0.6486 0.0481 0.1268 0.0280 0.0375 0.0168 0.0150 
        D348  5 0.0161 0.0376 0.5617 0.1039 0.0241 0.0499 0.1056 0.0713 0.0176 0.0121 
