        D174  1 0.0283 0.0841 0.0929 0.0382 0.3011 0.1295 0.3260 
        D199  1 0.0487 0.2895 0.0495 0.2306 0.0744 0.1494 0.1579 
        D203  1 0.0533 0.2372 0.0815 0.2259 0.2201 0.1004 0.0816 
        D204  1 0.0572 0.7978 0.0345 0.0294 0.0334 0.0278 0.0199 
     D237366  1 0.2259 0.0725 0.2824 0.0816 0.1379 0.1412 0.0586 
     D237367  1 0.0667 0.4108 0.1215 0.0626 0.1332 0.1649 0.0404 
     D237368  1 0.0486 0.1600 0.4609 0.1043 0.0500 0.0795 0.0967 
     D244101  1 0.3626 0.2681 0.0236 0.1455 0.0302 0.1380 0.0319 
     D244102  1 0.1201 0.0980 0.1142 0.0674 0.4126 0.1285 0.0592 
     D244103  1 0.0742 0.2155 0.0876 0.0421 0.1224 0.4140 0.0442 
     D244104  1 0.0399 0.6307 0.0603 0.0409 0.0217 0.0433 0.1632 
     D244105  1 0.0260 0.1088 0.3596 0.0281 0.1770 0.2783 0.0221 
     D244106  1 0.0319 0.0730 0.0338 0.0952 0.2376 0.0947 0.4339 
     D244107  1 0.0682 0.0769 0.5465 0.1189 0.0183 0.1498 0.0214 
     D244108  1 0.0430 0.1286 0.1853 0.0560 0.1645 0.0816 0.3410 
     D244113  1 0.1270 0.0182 0.0437 0.0427 0.3726 0.0760 0.3197 
     D244114  1 0.0798 0.1096 0.0356 0.1052 0.1567 0.4289 0.0841 
     D244115  1 0.0451 0.1449 0.2024 0.0274 0.1047 0.2266 0.2488 
     D267365  1 0.0635 0.3300 0.0760 0.0604 0.0498 0.1308 0.2895 
        D404  1 0.0956 0.0249 0.0226 0.0382 0.6239 0.0525 0.1423 
        D405  1 0.0981 0.1220 0.0578 0.1053 0.4668 0.0822 0.0680 
        D406  1 0.0254 0.0578 0.8166 0.0166 0.0259 0.0258 0.0319 
        D407  1 0.0174 0.6736 0.0467 0.0845 0.0250 0.1248 0.0280 
        D408  1 0.0379 0.0531 0.0294 0.0328 0.0698 0.0632 0.7138 
        D409  1 0.0638 0.0928 0.0525 0.0588 0.0664 0.6174 0.0483 
        D410  1 0.0354 0.0685 0.7864 0.0118 0.0262 0.0415 0.0303 
        D421  1 0.0111 0.8903 0.0127 0.0214 0.0119 0.0256 0.0270 
        D422  1 0.0163 0.0500 0.8049 0.0334 0.0244 0.0558 0.0153 
        D423  1 0.0173 0.0736 0.7686 0.0527 0.0217 0.0513 0.0148 
        D424  1 0.0187 0.6467 0.0596 0.0182 0.0420 0.1821 0.0326 
        D425  1 0.0410 0.5512 0.0366 0.0270 0.0943 0.1412 0.1087 
        D426  1 0.0203 0.0580 0.0254 0.0562 0.0193 0.7897 0.0310 
        D427  1 0.0192 0.2308 0.0263 0.4774 0.0215 0.0360 0.1887 
        D428  1 0.0680 0.4697 0.0867 0.0501 0.0701 0.1334 0.1220 
        D429  1 0.0438 0.3855 0.0511 0.0404 0.1814 0.1120 0.1858 
        D430  1 0.0332 0.0839 0.0315 0.0822 0.3400 0.3172 0.1120 
        D491  1 0.0281 0.0954 0.0370 0.0163 0.0439 0.0510 0.7282 
        D492  1 0.0560 0.2604 0.1246 0.0656 0.1447 0.2231 0.1256 
        D537  1 0.0498 0.7410 0.0651 0.0277 0.0361 0.0595 0.0209 
        D538  1 0.0548 0.0736 0.1975 0.0602 0.4224 0.1174 0.0742 
        D539  1 0.1210 0.0582 0.1187 0.0959 0.1887 0.1157 0.3017 
        D540  1 0.0391 0.3532 0.0939 0.0420 0.0840 0.2945 0.0932 
        D541  1 0.0189 0.8860 0.0192 0.0195 0.0161 0.0249 0.0155 
        D551  1 0.0292 0.0867 0.0360 0.2788 0.0345 0.4635 0.0713 
        D552  1 0.0742 0.1927 0.3135 0.0430 0.0300 0.1152 0.2315 
        D553  1 0.0189 0.8734 0.0176 0.0171 0.0109 0.0366 0.0255 
        D615  1 0.0295 0.4111 0.1158 0.0925 0.1403 0.1197 0.0912 
        D616  1 0.0228 0.3159 0.1717 0.1374 0.0460 0.2160 0.0901 
        D621  1 0.1905 0.0226 0.6064 0.0252 0.0451 0.0421 0.0680 
        D622  1 0.0602 0.0412 0.7291 0.0230 0.0288 0.0770 0.0407 
        D623  1 0.2739 0.0353 0.0412 0.1696 0.1757 0.0710 0.2332 
        D624  1 0.0188 0.0514 0.0304 0.0289 0.0875 0.0816 0.7014 
        D625  1 0.0528 0.7058 0.0628 0.0161 0.0510 0.0671 0.0444 
        D626  1 0.0425 0.1115 0.1368 0.0391 0.1147 0.0708 0.4846 
        D627  1 0.0269 0.0592 0.0304 0.0475 0.0383 0.7373 0.0604 
        D690  1 0.0260 0.7719 0.1012 0.0133 0.0245 0.0234 0.0397 
        D691  1 0.0350 0.1155 0.6985 0.0240 0.0301 0.0602 0.0367 
        D710  1 0.1912 0.2549 0.1127 0.0402 0.0479 0.1900 0.1632 
        D711  1 0.0414 0.7647 0.0392 0.0329 0.0552 0.0397 0.0269 
        D712  1 0.0622 0.0408 0.0473 0.0422 0.0930 0.0616 0.6528 
        D713  1 0.1960 0.1974 0.0884 0.0243 0.1788 0.2128 0.1022 
        D746  1 0.0259 0.0643 0.7984 0.0252 0.0206 0.0402 0.0254 
        D747  1 0.0308 0.8706 0.0199 0.0265 0.0169 0.0198 0.0154 
        D748  1 0.0784 0.4028 0.2366 0.0235 0.0967 0.1250 0.0370 
        D749  1 0.0827 0.0329 0.4406 0.0621 0.0683 0.2212 0.0922 
        D750  1 0.0570 0.2090 0.0919 0.0263 0.0688 0.0639 0.4831 
        D763  1 0.2780 0.1212 0.0718 0.1490 0.0592 0.2600 0.0608 
        D764  1 0.0208 0.5543 0.1244 0.0147 0.0379 0.0742 0.1737 
        D765  1 0.0222 0.0675 0.5247 0.0206 0.1349 0.0733 0.1568 
        D766  1 0.1024 0.1774 0.4937 0.0292 0.0655 0.0894 0.0424 
        D767  1 0.2233 0.1140 0.1187 0.0584 0.3745 0.0812 0.0298 
        D768  1 0.0135 0.8765 0.0263 0.0181 0.0138 0.0366 0.0151 
        D811  1 0.0377 0.0530 0.0458 0.0231 0.5628 0.0965 0.1812 
        D816  1 0.0243 0.8717 0.0208 0.0134 0.0174 0.0279 0.0245 
        D825  1 0.0387 0.1796 0.1225 0.0231 0.2576 0.1877 0.1908 
        D866  1 0.0286 0.0524 0.0513 0.2407 0.0943 0.1152 0.4175 
        D867  1 0.1219 0.0280 0.6752 0.0575 0.0325 0.0592 0.0256 
        D871  1 0.0487 0.0667 0.0256 0.0234 0.0629 0.7165 0.0562 
        D872  1 0.0426 0.3215 0.1983 0.0415 0.3240 0.0462 0.0259 
        D873  1 0.0241 0.0098 0.8754 0.0158 0.0455 0.0161 0.0132 
        D874  1 0.7472 0.0624 0.0158 0.0150 0.0390 0.0520 0.0686 
        D875  1 0.0406 0.0410 0.0498 0.0179 0.0712 0.7587 0.0207 
        D876  1 0.1199 0.4643 0.1063 0.0278 0.0658 0.0971 0.1188 
        D877  1 0.0629 0.0362 0.0170 0.0330 0.7156 0.0396 0.0957 
        D892  1 0.0558 0.3957 0.0974 0.0196 0.2137 0.1146 0.1033 
        D893  1 0.0917 0.6103 0.0613 0.0519 0.0407 0.1065 0.0377 
        D894  1 0.0554 0.5578 0.0561 0.0436 0.1042 0.1289 0.0540 
        D915  1 0.0379 0.6679 0.0863 0.0360 0.0524 0.0785 0.0410 
        D916  1 0.0162 0.8864 0.0257 0.0139 0.0164 0.0244 0.0170 
        D917  1 0.1559 0.1611 0.0387 0.0922 0.0533 0.1841 0.3148 
        D925  1 0.0197 0.1326 0.6665 0.0207 0.0297 0.0488 0.0821 
        D926  1 0.0894 0.4578 0.0661 0.0257 0.0590 0.2207 0.0812 
        D927  1 0.0483 0.3242 0.0396 0.2548 0.0829 0.1791 0.0711 
        D928  1 0.0281 0.1020 0.0255 0.0206 0.0674 0.0393 0.7170 
        D929  1 0.4348 0.0332 0.0333 0.0216 0.3959 0.0420 0.0392 
        D936  1 0.2350 0.4821 0.0348 0.0690 0.0337 0.0929 0.0525 
        D938  1 0.0363 0.0340 0.8398 0.0158 0.0242 0.0259 0.0241 
        D956  1 0.0304 0.0370 0.0371 0.0345 0.3634 0.0637 0.4339 
        D957  1 0.0697 0.1966 0.3752 0.0342 0.2161 0.0712 0.0370 
        D958  1 0.0682 0.3326 0.2430 0.0234 0.1183 0.1094 0.1051 
        D959  1 0.0150 0.7323 0.0420 0.0695 0.0187 0.1053 0.0171 
        D960  1 0.0479 0.0257 0.7842 0.0212 0.0606 0.0332 0.0273 
        D989  1 0.0277 0.0448 0.0267 0.0896 0.0658 0.0746 0.6708 
        D990  1 0.0249 0.0152 0.7674 0.0501 0.0182 0.0417 0.0824 
        D023  2 0.0246 0.1068 0.7038 0.0609 0.0169 0.0655 0.0216 
        D130  2 0.0274 0.1219 0.6448 0.0410 0.1058 0.0440 0.0152 
        D131  2 0.0788 0.2155 0.0447 0.0610 0.0692 0.4646 0.0663 
        D163  2 0.0476 0.1035 0.7092 0.0160 0.0223 0.0557 0.0458 
        D164  2 0.0163 0.0165 0.4273 0.4924 0.0145 0.0234 0.0096 
        D165  2 0.0368 0.0450 0.7375 0.0744 0.0168 0.0640 0.0256 
        D166  2 0.0981 0.0532 0.0411 0.0396 0.6166 0.1294 0.0220 
        D167  2 0.0169 0.0198 0.0180 0.8429 0.0514 0.0189 0.0319 
        D192  2 0.0185 0.0097 0.0160 0.8992 0.0177 0.0162 0.0227 
        D193  2 0.1098 0.0270 0.0342 0.0303 0.5895 0.1081 0.1010 
        D206  2 0.0564 0.2346 0.0858 0.3168 0.0613 0.2102 0.0349 
        D207  2 0.0306 0.0455 0.0277 0.5516 0.2015 0.1147 0.0283 
        D208  2 0.0830 0.0607 0.0573 0.1658 0.0869 0.0896 0.4568 
        D209  2 0.2051 0.0508 0.0661 0.3766 0.0338 0.2293 0.0383 
        D210  2 0.0418 0.1027 0.0309 0.1570 0.0503 0.0552 0.5622 
     D229599  2 0.3278 0.1716 0.1109 0.0545 0.0452 0.1888 0.1012 
     D229600  2 0.0292 0.0482 0.3553 0.3820 0.0837 0.0832 0.0184 
     D237227  2 0.0353 0.0516 0.1411 0.0571 0.0491 0.0753 0.5905 
     D237228  2 0.0242 0.0177 0.3406 0.0811 0.0942 0.1763 0.2658 
     D237258  2 0.0826 0.0905 0.1855 0.2341 0.1008 0.1773 0.1293 
     D237310  2 0.0421 0.0150 0.3639 0.0460 0.4140 0.0797 0.0391 
     D237311  2 0.0265 0.0182 0.5127 0.1731 0.1633 0.0727 0.0334 
     D237312  2 0.0918 0.0257 0.1321 0.0219 0.6064 0.0903 0.0317 
     D237313  2 0.1293 0.2782 0.1361 0.0352 0.0668 0.1741 0.1802 
     D237322  2 0.1903 0.0385 0.0706 0.0874 0.2115 0.1948 0.2069 
     D237323  2 0.0328 0.0173 0.5568 0.0358 0.1718 0.0586 0.1269 
     D237324  2 0.0701 0.0595 0.2713 0.2778 0.0296 0.2642 0.0275 
     D237325  2 0.1124 0.0470 0.3834 0.0628 0.2020 0.1049 0.0876 
     D237326  2 0.0508 0.0893 0.6357 0.0331 0.0383 0.0809 0.0719 
     D237327  2 0.1419 0.0870 0.0521 0.3265 0.0652 0.2221 0.1051 
     D237337  2 0.0432 0.0496 0.7128 0.0234 0.0770 0.0502 0.0437 
     D237338  2 0.1801 0.0572 0.2704 0.0861 0.1024 0.1310 0.1727 
     D237339  2 0.6104 0.0523 0.0250 0.1673 0.0430 0.0795 0.0226 
     D237340  2 0.0753 0.0232 0.2542 0.1959 0.2044 0.0969 0.1502 
     D237389  2 0.0349 0.0241 0.4036 0.0961 0.3364 0.0849 0.0200 
     D237390  2 0.0991 0.0628 0.1676 0.0318 0.3975 0.1468 0.0944 
     D244017  2 0.0287 0.0307 0.0419 0.2362 0.2619 0.1099 0.2906 
     D244112  2 0.0179 0.0139 0.0301 0.8274 0.0670 0.0236 0.0201 
     D244118  2 0.0355 0.0131 0.2618 0.6111 0.0306 0.0219 0.0259 
     D244119  2 0.0151 0.0282 0.0286 0.3164 0.0605 0.0406 0.5106 
     D244120  2 0.0856 0.0142 0.0307 0.4423 0.3203 0.0548 0.0521 
     D244122  2 0.0397 0.0341 0.0487 0.6412 0.1606 0.0365 0.0392 
        D291  2 0.0450 0.0966 0.0555 0.2792 0.0772 0.3316 0.1150 
        D292  2 0.0662 0.2164 0.0565 0.3675 0.0576 0.0663 0.1697 
        D293  2 0.1306 0.1250 0.0122 0.6300 0.0169 0.0682 0.0172 
        D322  2 0.1532 0.1242 0.0514 0.4935 0.0466 0.1086 0.0225 
        D323  2 0.2053 0.1215 0.0481 0.1218 0.1528 0.2748 0.0757 
        D324  2 0.0334 0.2375 0.1007 0.1072 0.0495 0.3287 0.1428 
        D325  2 0.0233 0.0319 0.0144 0.8679 0.0116 0.0376 0.0133 
        D326  2 0.0178 0.8707 0.0128 0.0208 0.0150 0.0346 0.0283 
        D340  2 0.0207 0.0235 0.0208 0.8715 0.0154 0.0233 0.0247 
        D341  2 0.0610 0.0553 0.0330 0.6911 0.0696 0.0367 0.0531 
        D342  2 0.0295 0.0213 0.1230 0.5446 0.1260 0.1318 0.0238 
        D343  2 0.0149 0.0181 0.0103 0.9178 0.0106 0.0176 0.0107 
        D344  2 0.3949 0.1826 0.0369 0.0540 0.2153 0.0940 0.0222 
        D345  2 0.2763 0.1805 0.2124 0.0412 0.0387 0.1726 0.0783 
        D346  2 0.0605 0.0798 0.0382 0.0680 0.0580 0.1068 0.5888 
        D351  2 0.1176 0.2772 0.0722 0.0898 0.0757 0.3252 0.0423 
        D352  2 0.7046 0.0263 0.0340 0.0292 0.0310 0.1272 0.0478 
        D353  2 0.1367 0.2027 0.0197 0.0370 0.0333 0.5444 0.0260 
        D354  2 0.7618 0.0723 0.0347 0.0128 0.0283 0.0451 0.0450 
        D362  2 0.0215 0.8111 0.0409 0.0284 0.0350 0.0299 0.0332 
        D363  2 0.0273 0.7867 0.0332 0.0277 0.0192 0.0531 0.0527 
        D364  2 0.4200 0.3086 0.0543 0.0279 0.0558 0.0741 0.0592 
        D365  2 0.0279 0.0297 0.0131 0.8759 0.0135 0.0196 0.0203 
        D369  2 0.0303 0.2352 0.0764 0.2075 0.0458 0.1586 0.2462 
        D374  2 0.0382 0.0235 0.0214 0.0197 0.4784 0.0476 0.3712 
        D375  2 0.8443 0.0229 0.0200 0.0141 0.0424 0.0409 0.0154 
        D376  2 0.0936 0.0190 0.0423 0.0298 0.3827 0.0437 0.3889 
        D377  2 0.1421 0.0452 0.1344 0.0831 0.2666 0.2137 0.1149 
        D378  2 0.3391 0.1508 0.0460 0.2297 0.0268 0.1782 0.0294 
        D379  2 0.0470 0.7828 0.0249 0.0227 0.0272 0.0610 0.0344 
        D384  2 0.0141 0.8800 0.0133 0.0155 0.0129 0.0238 0.0404 
        D385  2 0.1580 0.0219 0.0181 0.7048 0.0291 0.0290 0.0391 
        D386  2 0.5561 0.1246 0.0608 0.0608 0.0465 0.1329 0.0184 
        D391  2 0.1118 0.0285 0.0175 0.7669 0.0213 0.0352 0.0187 
        D392  2 0.0382 0.0894 0.0673 0.6351 0.0442 0.0616 0.0642 
        D393  2 0.2904 0.3546 0.0559 0.1258 0.0323 0.0995 0.0414 
        D394  2 0.2760 0.0908 0.2375 0.0982 0.0997 0.1489 0.0491 
        D395  2 0.6117 0.0244 0.0172 0.1949 0.0314 0.0959 0.0245 
        D401  2 0.0172 0.0255 0.7526 0.0350 0.0595 0.0564 0.0537 
        D402  2 0.0696 0.0215 0.0191 0.8248 0.0188 0.0251 0.0212 
        D403  2 0.1259 0.3538 0.0618 0.0429 0.1360 0.2552 0.0244 
        D415  2 0.0323 0.5552 0.0568 0.0250 0.0395 0.2775 0.0137 
        D435  2 0.0813 0.5747 0.0487 0.1949 0.0171 0.0618 0.0215 
        D436  2 0.4701 0.1854 0.0319 0.0378 0.1353 0.0886 0.0509 
        D438  2 0.0176 0.0171 0.0168 0.8878 0.0168 0.0184 0.0256 
        D439  2 0.7056 0.0602 0.0400 0.0393 0.0185 0.1171 0.0192 
        D449  2 0.0222 0.1676 0.0283 0.4715 0.0293 0.2565 0.0247 
        D450  2 0.3195 0.1146 0.0492 0.0313 0.0992 0.2651 0.1212 
        D456  2 0.0158 0.8578 0.0151 0.0149 0.0211 0.0502 0.0250 
        D462  2 0.1094 0.0329 0.0183 0.7878 0.0154 0.0220 0.0142 
        D463  2 0.0236 0.8777 0.0143 0.0127 0.0175 0.0241 0.0302 
        D464  2 0.3988 0.0722 0.0193 0.0579 0.0969 0.3208 0.0341 
        D465  2 0.0309 0.3040 0.0440 0.4277 0.0634 0.0951 0.0350 
        D473  2 0.1769 0.0347 0.1311 0.0530 0.0884 0.0985 0.4175 
        D474  2 0.0574 0.5295 0.0753 0.1102 0.0210 0.0694 0.1372 
        D476  2 0.5170 0.0243 0.3274 0.0701 0.0174 0.0302 0.0137 
        D477  2 0.3639 0.2907 0.0497 0.0303 0.0405 0.1271 0.0978 
        D478  2 0.1825 0.0552 0.1168 0.0794 0.1290 0.3337 0.1034 
        D480  2 0.2672 0.2753 0.0235 0.1066 0.0606 0.1253 0.1414 
        D481  2 0.2461 0.2210 0.1215 0.0846 0.0493 0.1445 0.1329 
        D482  2 0.4494 0.0270 0.0604 0.0383 0.0644 0.1256 0.2349 
        D483  2 0.0242 0.0166 0.0273 0.8102 0.0200 0.0293 0.0724 
        D484  2 0.8481 0.0119 0.0193 0.0215 0.0485 0.0234 0.0274 
        D510  2 0.0509 0.0276 0.0322 0.0397 0.1315 0.0808 0.6372 
        D511  2 0.6801 0.0847 0.0365 0.0614 0.0296 0.0800 0.0276 
        D512  2 0.0363 0.0317 0.3919 0.1633 0.1870 0.1703 0.0195 
        D513  2 0.0319 0.1345 0.0380 0.5627 0.0378 0.0992 0.0959 
        D635  2 0.0332 0.3787 0.2495 0.0533 0.0242 0.2287 0.0323 
        D636  2 0.0191 0.0281 0.8522 0.0305 0.0151 0.0348 0.0201 
        D637  2 0.3860 0.0334 0.0370 0.1574 0.1754 0.1237 0.0872 
        D658  2 0.2774 0.0224 0.0498 0.4122 0.1243 0.0479 0.0660 
        D659  2 0.0515 0.7652 0.0349 0.0289 0.0256 0.0559 0.0381 
        D677  2 0.0792 0.4424 0.0878 0.1062 0.1622 0.0950 0.0271 
        D678  2 0.0256 0.0260 0.0413 0.6958 0.0870 0.1034 0.0209 
        D679  2 0.0712 0.4819 0.0514 0.0725 0.0342 0.2079 0.0809 
        D719  2 0.0426 0.1850 0.0242 0.1851 0.0225 0.0432 0.4973 
        D720  2 0.0200 0.7981 0.0323 0.0307 0.0201 0.0434 0.0555 
        D721  2 0.0544 0.0887 0.5297 0.1241 0.0184 0.1431 0.0415 
        D722  2 0.0497 0.0292 0.0637 0.0656 0.4139 0.0865 0.2913 
        D734  2 0.6240 0.0190 0.0142 0.0666 0.0258 0.0454 0.2050 
        D735  2 0.1242 0.2992 0.1064 0.0671 0.0607 0.2599 0.0825 
        D736  2 0.0774 0.1101 0.0737 0.1075 0.0384 0.1163 0.4766 
        D737  2 0.2422 0.0197 0.0646 0.5113 0.0572 0.0501 0.0550 
        D807  2 0.1388 0.2539 0.0606 0.0856 0.1191 0.0920 0.2502 
        D808  2 0.1180 0.0727 0.1837 0.1550 0.2019 0.2290 0.0397 
        D817  2 0.1103 0.5335 0.0510 0.0234 0.0799 0.1347 0.0671 
        D818  2 0.0858 0.0635 0.0494 0.2855 0.0903 0.3915 0.0340 
        D819  2 0.0653 0.2461 0.1653 0.0484 0.1207 0.2802 0.0740 
        D820  2 0.0999 0.7413 0.0148 0.0466 0.0272 0.0430 0.0272 
        D895  2 0.0978 0.5034 0.1085 0.0490 0.0324 0.1520 0.0570 
        D896  2 0.0230 0.0231 0.7988 0.0194 0.0776 0.0269 0.0313 
        D897  2 0.0563 0.0423 0.0395 0.5634 0.1175 0.1474 0.0337 
        D898  2 0.1361 0.0750 0.0958 0.0654 0.1965 0.3131 0.1181 
        D918  2 0.2334 0.0389 0.1491 0.1029 0.1917 0.1937 0.0903 
        D919  2 0.3930 0.1672 0.0258 0.1440 0.0454 0.1928 0.0317 
        D920  2 0.0392 0.0323 0.7183 0.0375 0.0830 0.0474 0.0422 
        D923  2 0.1200 0.6491 0.0172 0.0247 0.0375 0.1250 0.0265 
        D930  2 0.2142 0.2598 0.0571 0.0587 0.0714 0.2179 0.1209 
        D931  2 0.3122 0.2839 0.0396 0.1226 0.0751 0.1028 0.0638 
        D968  2 0.0200 0.0249 0.0129 0.8863 0.0169 0.0236 0.0152 
        D969  2 0.0748 0.2581 0.0376 0.2804 0.0441 0.1858 0.1191 
        D977  2 0.0404 0.0370 0.0230 0.7619 0.0354 0.0783 0.0240 
        D978  2 0.0653 0.0445 0.0223 0.2391 0.2597 0.2888 0.0802 
        D211  3 0.1618 0.1159 0.2916 0.0430 0.2001 0.1428 0.0447 
     D229639  3 0.0305 0.0808 0.0352 0.2648 0.0543 0.0882 0.4463 
     D237212  3 0.4045 0.1129 0.0807 0.1088 0.0723 0.1620 0.0588 
     D237213  3 0.1746 0.1066 0.2234 0.0598 0.2122 0.1895 0.0340 
     D237214  3 0.0366 0.0452 0.3281 0.0317 0.0590 0.4700 0.0294 
     D237215  3 0.0224 0.0163 0.0237 0.6612 0.0868 0.0367 0.1528 
     D237216  3 0.0673 0.0477 0.1069 0.0359 0.0606 0.6436 0.0380 
     D237217  3 0.0324 0.2037 0.2649 0.0609 0.0850 0.3341 0.0190 
     D237218  3 0.4436 0.0703 0.0535 0.0888 0.0440 0.1788 0.1209 
     D237219  3 0.0347 0.0396 0.3067 0.0474 0.0952 0.1166 0.3598 
     D237382  3 0.0441 0.0628 0.0428 0.0593 0.6564 0.0816 0.0529 
     D244127  3 0.0590 0.0336 0.5010 0.1651 0.0888 0.1177 0.0348 
     D244129  3 0.1225 0.1409 0.2256 0.1259 0.1200 0.1988 0.0663 
     D244133  3 0.0142 0.1336 0.1065 0.1730 0.1154 0.1701 0.2871 
     D244134  3 0.0368 0.0419 0.0878 0.0737 0.0236 0.0575 0.6787 
     D244135  3 0.0589 0.0572 0.5910 0.0966 0.0389 0.1332 0.0242 
     D244136  3 0.0372 0.2655 0.0629 0.1105 0.0965 0.1428 0.2846 
        D416  3 0.0782 0.1826 0.1413 0.2031 0.0589 0.2773 0.0585 
        D417  3 0.0417 0.7180 0.0323 0.0180 0.1214 0.0430 0.0256 
        D419  3 0.0668 0.1472 0.1747 0.1447 0.0738 0.1436 0.2491 
        D565  3 0.0207 0.0641 0.0262 0.0194 0.0222 0.0303 0.8170 
        D566  3 0.0217 0.0615 0.0396 0.1506 0.0657 0.0938 0.5672 
        D567  3 0.0608 0.5936 0.1716 0.0482 0.0336 0.0578 0.0344 
        D568  3 0.1836 0.2517 0.1777 0.1803 0.0800 0.1035 0.0232 
        D569  3 0.6154 0.0241 0.0555 0.0647 0.0846 0.1085 0.0471 
        D573  3 0.0299 0.1620 0.0255 0.5765 0.0255 0.1285 0.0520 
        D574  3 0.0519 0.0524 0.0713 0.0523 0.1654 0.1654 0.4413 
        D575  3 0.0668 0.1676 0.2254 0.0682 0.0435 0.1135 0.3149 
        D576  3 0.0202 0.0091 0.0230 0.7108 0.1079 0.0656 0.0634 
        D577  3 0.0926 0.5418 0.0672 0.0357 0.0831 0.1190 0.0606 
        D578  3 0.0165 0.0244 0.6143 0.0659 0.0380 0.2241 0.0168 
        D579  3 0.1568 0.1977 0.0790 0.1224 0.0596 0.1232 0.2613 
        D660  3 0.0875 0.0226 0.0997 0.5693 0.0675 0.1246 0.0288 
        D661  3 0.1514 0.0373 0.0441 0.5233 0.0416 0.1542 0.0481 
        D663  3 0.0450 0.0560 0.0251 0.4721 0.0621 0.2721 0.0677 
        D664  3 0.0628 0.0239 0.2773 0.2028 0.1573 0.1499 0.1259 
        D665  3 0.1119 0.0194 0.1658 0.0429 0.3084 0.3374 0.0141 
        D666  3 0.0812 0.1212 0.2010 0.0321 0.0663 0.1415 0.3568 
        D009  4 0.2355 0.1436 0.2853 0.0255 0.1319 0.1418 0.0365 
        D057  4 0.4078 0.0382 0.1957 0.2228 0.0395 0.0560 0.0400 
        D109  4 0.0554 0.0462 0.5601 0.0251 0.0816 0.1628 0.0687 
     D237222  4 0.0472 0.0524 0.5067 0.0589 0.2109 0.0578 0.0661 
     D237223  4 0.0750 0.0656 0.1852 0.0864 0.2813 0.2023 0.1042 
     D237224  4 0.4014 0.1295 0.0556 0.2017 0.0409 0.1022 0.0688 
     D237225  4 0.1698 0.1773 0.1340 0.0354 0.1345 0.3038 0.0452 
     D237299  4 0.0433 0.0236 0.0530 0.0297 0.4446 0.3533 0.0525 
     D237300  4 0.0350 0.0242 0.0420 0.4566 0.0367 0.1034 0.3021 
     D237306  4 0.0708 0.1248 0.0555 0.0383 0.3244 0.0980 0.2882 
     D237307  4 0.0320 0.4880 0.0419 0.0664 0.0998 0.0830 0.1890 
     D237308  4 0.2120 0.0714 0.1292 0.3961 0.0345 0.0705 0.0865 
     D237309  4 0.1150 0.2019 0.1730 0.0785 0.1446 0.2466 0.0405 
     D237317  4 0.0560 0.2204 0.0610 0.0387 0.0759 0.1616 0.3864 
     D237318  4 0.0219 0.0367 0.0175 0.5841 0.0315 0.1694 0.1389 
     D237319  4 0.0546 0.1219 0.1528 0.0557 0.3828 0.1813 0.0508 
     D237320  4 0.0656 0.1344 0.2065 0.2232 0.1320 0.1777 0.0606 
     D237321  4 0.0387 0.0595 0.0618 0.3921 0.0466 0.1178 0.2836 
     D237397  4 0.0570 0.1041 0.1466 0.1657 0.1706 0.1189 0.2370 
     D237398  4 0.0818 0.1287 0.0391 0.2542 0.0623 0.3393 0.0946 
     D237399  4 0.0897 0.1544 0.0763 0.0916 0.1739 0.1247 0.2895 
     D244001  4 0.0777 0.0426 0.4420 0.1838 0.1451 0.0810 0.0277 
        D289  4 0.3978 0.1078 0.0505 0.0963 0.0375 0.0942 0.2159 
        D290  4 0.0366 0.0541 0.0238 0.0308 0.7823 0.0472 0.0252 
        D294  4 0.3454 0.1038 0.0283 0.0406 0.1670 0.2742 0.0406 
        D295  4 0.0898 0.3568 0.0751 0.0389 0.2940 0.0713 0.0742 
        D301  4 0.0568 0.0292 0.6464 0.0539 0.0974 0.0389 0.0773 
        D302  4 0.7213 0.1019 0.0209 0.0158 0.0577 0.0630 0.0193 
        D303  4 0.1635 0.0462 0.0849 0.0606 0.0839 0.0488 0.5122 
        D304  4 0.0620 0.0975 0.0312 0.0552 0.4846 0.1129 0.1565 
        D305  4 0.4580 0.0306 0.0328 0.1043 0.0472 0.3107 0.0164 
        D306  4 0.0268 0.0378 0.0259 0.0215 0.8131 0.0508 0.0240 
        D307  4 0.0547 0.0201 0.7690 0.0252 0.0326 0.0365 0.0619 
        D327  4 0.0607 0.6349 0.0261 0.0532 0.0496 0.1011 0.0744 
        D328  4 0.5871 0.0290 0.0380 0.0232 0.1354 0.0651 0.1222 
        D329  4 0.3303 0.0878 0.0890 0.1872 0.1040 0.1399 0.0618 
        D330  4 0.1131 0.3356 0.1077 0.0646 0.1929 0.1700 0.0161 
        D331  4 0.0591 0.1953 0.0696 0.0595 0.3553 0.1361 0.1252 
        D333  4 0.3396 0.0887 0.0940 0.1138 0.1653 0.0879 0.1107 
        D334  4 0.1071 0.1251 0.0666 0.0254 0.1115 0.1282 0.4362 
        D335  4 0.4500 0.3226 0.0295 0.0450 0.0610 0.0634 0.0284 
        D370  4 0.0975 0.0670 0.1772 0.0408 0.4718 0.0624 0.0834 
        D371  4 0.0319 0.1217 0.0207 0.0384 0.0560 0.0433 0.6880 
        D372  4 0.0302 0.0183 0.0235 0.3349 0.2012 0.1495 0.2424 
        D373  4 0.0956 0.0385 0.6348 0.1154 0.0188 0.0564 0.0406 
        D455  4 0.0902 0.0324 0.7146 0.0491 0.0481 0.0296 0.0360 
        D490  4 0.0399 0.0265 0.8211 0.0146 0.0493 0.0251 0.0234 
        D497  4 0.0889 0.0216 0.7212 0.0237 0.0474 0.0619 0.0353 
        D498  4 0.0375 0.0721 0.0744 0.0612 0.5289 0.0898 0.1361 
        D499  4 0.2163 0.0296 0.0351 0.2478 0.0907 0.2066 0.1739 
        D514  4 0.1797 0.3233 0.0557 0.0458 0.1992 0.1685 0.0278 
        D515  4 0.0743 0.0475 0.1200 0.0317 0.5816 0.1231 0.0219 
        D516  4 0.0430 0.2484 0.1769 0.1069 0.1780 0.1357 0.1111 
        D517  4 0.0688 0.0792 0.4593 0.0930 0.0351 0.2201 0.0445 
        D518  4 0.6428 0.0453 0.1426 0.0402 0.0406 0.0439 0.0446 
        D519  4 0.0615 0.1199 0.1832 0.0980 0.2508 0.2405 0.0461 
        D560  4 0.1424 0.1303 0.0797 0.1287 0.3159 0.1693 0.0336 
        D561  4 0.0776 0.1275 0.0955 0.0717 0.0575 0.5548 0.0153 
        D562  4 0.2691 0.0606 0.1142 0.0907 0.2162 0.1909 0.0582 
        D563  4 0.2148 0.0258 0.0538 0.4327 0.0492 0.1943 0.0294 
        D572  4 0.7889 0.0419 0.0358 0.0256 0.0472 0.0407 0.0198 
        D629  4 0.2696 0.2758 0.1531 0.0322 0.0348 0.1951 0.0395 
        D630  4 0.1734 0.1243 0.0510 0.0442 0.3943 0.1516 0.0611 
        D631  4 0.7881 0.0186 0.0200 0.0771 0.0326 0.0396 0.0240 
        D632  4 0.1784 0.0467 0.5247 0.1262 0.0297 0.0698 0.0245 
        D646  4 0.0729 0.3677 0.1696 0.0907 0.0669 0.2044 0.0278 
        D647  4 0.1231 0.4839 0.0911 0.0625 0.1513 0.0705 0.0176 
        D648  4 0.5217 0.0199 0.0219 0.0284 0.3466 0.0286 0.0329 
        D649  4 0.2417 0.3776 0.2130 0.0243 0.0394 0.0736 0.0305 
        D650  4 0.2115 0.2152 0.1359 0.0422 0.1111 0.1597 0.1244 
        D708  4 0.3708 0.0579 0.0624 0.0371 0.1033 0.1603 0.2081 
        D709  4 0.0507 0.0462 0.0440 0.0203 0.7258 0.0662 0.0467 
        D738  4 0.0435 0.1754 0.1586 0.0253 0.1402 0.0757 0.3813 
        D739  4 0.1591 0.0372 0.1621 0.0389 0.3823 0.1871 0.0332 
        D740  4 0.1408 0.0274 0.1521 0.0797 0.0704 0.3326 0.1969 
        D741  4 0.0896 0.1710 0.0884 0.1515 0.1421 0.3384 0.0190 
        D742  4 0.1902 0.0454 0.0488 0.3295 0.0720 0.1422 0.1721 
        D743  4 0.4686 0.3463 0.0270 0.0359 0.0297 0.0582 0.0342 
        D744  4 0.8126 0.0367 0.0228 0.0296 0.0208 0.0564 0.0210 
        D745  4 0.0885 0.0455 0.3087 0.0450 0.2873 0.1804 0.0446 
        D814  4 0.1503 0.0661 0.0456 0.3214 0.0987 0.2815 0.0365 
        D815  4 0.3833 0.1683 0.0500 0.0432 0.2475 0.0603 0.0474 
        D828  4 0.0724 0.0141 0.0335 0.0482 0.7018 0.0565 0.0735 
        D845  4 0.0520 0.0326 0.0174 0.4044 0.0155 0.0552 0.4229 
        D846  4 0.5032 0.1187 0.0609 0.1364 0.0553 0.1076 0.0180 
        D847  4 0.1254 0.1247 0.1056 0.0806 0.2189 0.2108 0.1339 
        D848  4 0.0510 0.0226 0.5955 0.1940 0.0188 0.0697 0.0485 
        D849  4 0.0974 0.0548 0.2222 0.0442 0.4071 0.1532 0.0211 
        D850  4 0.0719 0.2166 0.0796 0.1044 0.0310 0.3901 0.1063 
        D856  4 0.0844 0.0517 0.1054 0.0394 0.3399 0.3289 0.0505 
        D857  4 0.0336 0.0103 0.6668 0.0540 0.1766 0.0278 0.0309 
        D859  4 0.7395 0.0495 0.0249 0.0529 0.0524 0.0489 0.0318 
        D860  4 0.0968 0.1188 0.0294 0.1429 0.0266 0.0675 0.5179 
        D883  4 0.1296 0.2961 0.1824 0.0413 0.1472 0.0906 0.1128 
        D884  4 0.1217 0.1312 0.1138 0.0274 0.4025 0.1416 0.0617 
        D885  4 0.1717 0.1267 0.0574 0.1045 0.0336 0.4270 0.0791 
        D886  4 0.0805 0.1439 0.2050 0.0597 0.4260 0.0552 0.0297 
        D887  4 0.2529 0.1026 0.0925 0.1840 0.1205 0.1513 0.0963 
        D889  4 0.1075 0.0694 0.0204 0.0770 0.3488 0.2406 0.1362 
        D890  4 0.2425 0.0567 0.1596 0.0749 0.1667 0.1438 0.1559 
        D891  4 0.0212 0.0220 0.0113 0.5937 0.0156 0.0925 0.2437 
        D899  4 0.0984 0.0290 0.0266 0.5736 0.0673 0.0767 0.1283 
        D900  4 0.1965 0.1603 0.0603 0.0912 0.2381 0.1800 0.0737 
        D970  4 0.5126 0.1049 0.0523 0.0506 0.0513 0.1357 0.0925 
        D971  4 0.1563 0.1217 0.0519 0.4403 0.0671 0.1208 0.0419 
        D979  4 0.3954 0.4164 0.0203 0.0238 0.0443 0.0654 0.0343 
        D093  5 0.0333 0.0463 0.0384 0.0349 0.0886 0.0456 0.7129 
        D154  5 0.0769 0.0437 0.0377 0.2620 0.1882 0.2999 0.0917 
        D168  5 0.0625 0.1142 0.1402 0.3326 0.1078 0.2033 0.0394 
        D189  5 0.0310 0.0462 0.0231 0.0793 0.4240 0.1136 0.2830 
        D190  5 0.0905 0.0600 0.0244 0.0283 0.0673 0.0450 0.6844 
     D237220  5 0.2209 0.0443 0.1907 0.0329 0.1467 0.2162 0.1482 
     D237221  5 0.1135 0.0691 0.0593 0.1482 0.0601 0.0850 0.4648 
     D237274  5 0.1359 0.6148 0.0370 0.0478 0.0717 0.0732 0.0196 
     D237275  5 0.0182 0.0218 0.0314 0.6521 0.1761 0.0696 0.0307 
     D237276  5 0.0801 0.1575 0.1099 0.0446 0.4247 0.0711 0.1120 
     D237277  5 0.0719 0.0271 0.0271 0.0467 0.0293 0.0458 0.7521 
     D237278  5 0.1161 0.0464 0.1208 0.3137 0.1107 0.1105 0.1818 
     D237279  5 0.0702 0.0419 0.3910 0.0348 0.0248 0.4073 0.0301 
     D237280  5 0.0750 0.1431 0.5239 0.0236 0.0590 0.0762 0.0992 
     D237281  5 0.0287 0.0626 0.0188 0.7242 0.0296 0.0955 0.0407 
     D237351  5 0.0389 0.0344 0.6818 0.0326 0.0514 0.0677 0.0932 
     D237352  5 0.2506 0.1319 0.3427 0.0805 0.0553 0.0799 0.0591 
     D237353  5 0.0338 0.0192 0.0212 0.0207 0.0263 0.0255 0.8533 
     D237359  5 0.1783 0.0515 0.1299 0.0512 0.1440 0.2943 0.1507 
     D237361  5 0.0180 0.0275 0.0252 0.0225 0.0495 0.0390 0.8183 
     D237362  5 0.0901 0.2496 0.0712 0.0661 0.0665 0.2054 0.2512 
     D237363  5 0.0277 0.0476 0.0338 0.1222 0.0629 0.6438 0.0622 
     D237364  5 0.3026 0.1073 0.0928 0.1548 0.1439 0.1779 0.0207 
     D237376  5 0.1129 0.0147 0.0199 0.0321 0.7104 0.0277 0.0824 
     D237377  5 0.0501 0.1844 0.3184 0.0692 0.0297 0.1724 0.1758 
     D237378  5 0.1150 0.0246 0.0333 0.0779 0.1490 0.0636 0.5366 
     D237379  5 0.4138 0.0375 0.0303 0.0381 0.1376 0.1375 0.2052 
     D237380  5 0.0760 0.0358 0.5399 0.0171 0.2434 0.0461 0.0416 
     D237381  5 0.1160 0.0597 0.5005 0.0594 0.1339 0.0604 0.0701 
     D237391  5 0.0332 0.0364 0.0267 0.0248 0.0210 0.0470 0.8109 
     D237392  5 0.0557 0.4123 0.0662 0.2131 0.0889 0.1266 0.0370 
     D237393  5 0.0499 0.4025 0.1133 0.0831 0.0630 0.0741 0.2141 
     D237394  5 0.0362 0.0291 0.0270 0.0142 0.0173 0.0322 0.8441 
     D237395  5 0.0295 0.0430 0.0712 0.0818 0.3774 0.1215 0.2755 
     D237396  5 0.0638 0.3601 0.1222 0.0968 0.0164 0.1743 0.1664 
     D244016  5 0.2277 0.0303 0.0360 0.0654 0.0483 0.2794 0.3129 
     D244018  5 0.0428 0.1040 0.1018 0.3388 0.0324 0.1191 0.2611 
     D244019  5 0.0929 0.2038 0.0383 0.1270 0.0940 0.3407 0.1033 
        D279  5 0.2995 0.0441 0.0545 0.1306 0.0675 0.1903 0.2136 
        D280  5 0.0391 0.1109 0.0679 0.0891 0.0889 0.3036 0.3005 
        D281  5 0.0264 0.0338 0.0155 0.4747 0.1315 0.1915 0.1265 
        D283  5 0.0434 0.1797 0.0326 0.0475 0.0295 0.1474 0.5200 
        D284  5 0.0759 0.0842 0.1536 0.0595 0.3293 0.2480 0.0494 
        D285  5 0.1023 0.0763 0.0350 0.0368 0.0671 0.1202 0.5622 
        D286  5 0.1632 0.0933 0.0411 0.0421 0.4180 0.1020 0.1404 
        D287  5 0.1006 0.0188 0.0440 0.0261 0.6069 0.0678 0.1357 
        D288  5 0.0432 0.3328 0.0264 0.0900 0.0360 0.2534 0.2182 
        D308  5 0.0271 0.0779 0.7458 0.0254 0.0299 0.0500 0.0439 
        D309  5 0.8231 0.0356 0.0362 0.0164 0.0221 0.0478 0.0188 
        D310  5 0.0230 0.0299 0.0170 0.0157 0.0570 0.1534 0.7041 
        D311  5 0.1815 0.1996 0.0305 0.0367 0.2529 0.1967 0.1022 
        D312  5 0.2329 0.1136 0.0787 0.0556 0.1606 0.1602 0.1984 
        D313  5 0.0135 0.0145 0.8923 0.0152 0.0182 0.0223 0.0240 
        D314  5 0.1716 0.0545 0.0817 0.1456 0.2374 0.1783 0.1308 
        D315  5 0.0781 0.1954 0.1128 0.0840 0.1257 0.1240 0.2800 
        D317  5 0.0180 0.0653 0.0230 0.0178 0.0886 0.0300 0.7574 
        D318  5 0.2321 0.0981 0.0755 0.1095 0.1098 0.3088 0.0663 
        D319  5 0.0299 0.0305 0.0317 0.0374 0.0885 0.0646 0.7175 
        D320  5 0.0888 0.0340 0.0319 0.0199 0.0612 0.0521 0.7121 
        D321  5 0.0242 0.0765 0.5972 0.0319 0.0176 0.0631 0.1896 
        D336  5 0.0494 0.0273 0.0202 0.0177 0.4615 0.0415 0.3823 
        D337  5 0.0274 0.0234 0.0143 0.0452 0.0176 0.0351 0.8369 
        D338  5 0.1454 0.2290 0.0689 0.0898 0.0949 0.1639 0.2082 
        D339  5 0.0284 0.0451 0.0463 0.0616 0.0607 0.0748 0.6831 
        D347  5 0.0628 0.2082 0.0221 0.0976 0.4821 0.0840 0.0432 
        D348  5 0.1477 0.0382 0.0222 0.0360 0.0845 0.0605 0.6110 
        D349  5 0.0385 0.0337 0.7434 0.0307 0.0318 0.0321 0.0899 
        D350  5 0.8634 0.0201 0.0237 0.0236 0.0221 0.0298 0.0173 
        D355  5 0.0837 0.1354 0.0214 0.3485 0.0714 0.3053 0.0343 
        D356  5 0.0695 0.2651 0.0893 0.0316 0.1210 0.1074 0.3161 
        D357  5 0.0629 0.0627 0.0529 0.0533 0.4623 0.2282 0.0778 
        D358  5 0.1708 0.0588 0.1256 0.0637 0.0956 0.1510 0.3344 
        D359  5 0.0983 0.3459 0.0332 0.0203 0.0273 0.1316 0.3433 
        D360  5 0.0445 0.1290 0.0807 0.0244 0.1157 0.1022 0.5034 
        D361  5 0.0195 0.0414 0.8278 0.0218 0.0214 0.0346 0.0337 
        D366  5 0.0243 0.5798 0.0259 0.2621 0.0164 0.0676 0.0238 
        D367  5 0.1712 0.0373 0.0610 0.0283 0.1385 0.1984 0.3653 
        D368  5 0.0779 0.1608 0.1474 0.0365 0.0723 0.2911 0.2140 
        D380  5 0.4858 0.0633 0.0705 0.0668 0.0282 0.2565 0.0290 
        D381  5 0.0867 0.0739 0.0374 0.0521 0.0261 0.2535 0.4704 
        D400  5 0.1556 0.0808 0.0391 0.0961 0.3091 0.0988 0.2205 
        D411  5 0.0329 0.0206 0.6926 0.0352 0.1241 0.0774 0.0172 
        D412  5 0.0727 0.1223 0.1184 0.2010 0.1608 0.2203 0.1045 
        D413  5 0.0711 0.0905 0.0395 0.6199 0.0334 0.1053 0.0402 
        D414  5 0.7022 0.0275 0.0183 0.1013 0.0738 0.0512 0.0256 
        D420  5 0.0288 0.0310 0.0936 0.0593 0.2824 0.3762 0.1287 
        D431  5 0.2197 0.0223 0.0842 0.0941 0.2878 0.1795 0.1125 
        D432  5 0.0372 0.0637 0.1024 0.0918 0.0689 0.1169 0.5191 
        D433  5 0.0377 0.0951 0.0363 0.0655 0.0941 0.0608 0.6105 
        D434  5 0.0460 0.1499 0.0696 0.0446 0.1320 0.1357 0.4222 
        D440  5 0.8551 0.0207 0.0184 0.0161 0.0286 0.0401 0.0210 
        D447  5 0.1316 0.3488 0.0534 0.0631 0.0685 0.3098 0.0248 
        D448  5 0.0473 0.0792 0.0177 0.0562 0.4364 0.0804 0.2827 
        D459  5 0.0659 0.1027 0.0165 0.6722 0.0324 0.0708 0.0396 
        D460  5 0.0325 0.1053 0.6916 0.0262 0.0158 0.0433 0.0853 
        D461  5 0.8461 0.0601 0.0153 0.0128 0.0203 0.0241 0.0212 
        D468  5 0.0539 0.2578 0.0694 0.0581 0.2192 0.2016 0.1399 
        D469  5 0.1048 0.5043 0.1016 0.0384 0.0821 0.0878 0.0810 
        D470  5 0.1010 0.0784 0.1082 0.0311 0.5063 0.1036 0.0715 
        D471  5 0.0549 0.0751 0.0161 0.0531 0.3881 0.0703 0.3425 
        D472  5 0.0225 0.7142 0.0175 0.1599 0.0173 0.0393 0.0293 
        D479  5 0.1354 0.0299 0.0287 0.6605 0.0638 0.0583 0.0234 
        D485  5 0.1869 0.0309 0.0326 0.0484 0.5958 0.0677 0.0377 
        D486  5 0.0531 0.1295 0.1151 0.0445 0.4269 0.1686 0.0624 
        D487  5 0.2514 0.0353 0.0385 0.1419 0.0790 0.1044 0.3496 
        D555  5 0.0198 0.0233 0.0220 0.0521 0.0634 0.0332 0.7861 
        D556  5 0.4202 0.0530 0.0838 0.0611 0.0704 0.1005 0.2110 
        D557  5 0.0485 0.0428 0.0333 0.0357 0.0296 0.0349 0.7752 
        D564  5 0.5303 0.0414 0.0820 0.0311 0.0430 0.0994 0.1728 
        D594  5 0.0884 0.2188 0.0639 0.1240 0.2263 0.2191 0.0594 
        D595  5 0.0878 0.1641 0.0765 0.1198 0.0774 0.1226 0.3519 
        D596  5 0.0258 0.0263 0.0307 0.0305 0.0546 0.0273 0.8048 
        D597  5 0.1270 0.1131 0.0287 0.2712 0.0384 0.0879 0.3337 
        D598  5 0.1152 0.0967 0.1580 0.0706 0.0951 0.0983 0.3660 
        D617  5 0.0323 0.0332 0.4325 0.2164 0.1209 0.1413 0.0235 
        D618  5 0.0942 0.0749 0.0345 0.0515 0.0378 0.0567 0.6505 
        D619  5 0.0306 0.2323 0.2912 0.0539 0.1632 0.1095 0.1193 
        D620  5 0.0231 0.0767 0.0199 0.8034 0.0219 0.0218 0.0333 
        D628  5 0.5283 0.0317 0.1075 0.0365 0.1516 0.0920 0.0524 
        D714  5 0.2644 0.0192 0.0373 0.1074 0.0873 0.1422 0.3422 
        D715  5 0.0325 0.0604 0.0223 0.0407 0.0203 0.0455 0.7783 
        D716  5 0.0997 0.0887 0.0214 0.1115 0.5078 0.1279 0.0431 
        D717  5 0.1449 0.2865 0.1184 0.0464 0.0728 0.1486 0.1825 
        D718  5 0.0148 0.0192 0.0251 0.0261 0.8254 0.0646 0.0248 
        D769  5 0.0542 0.0578 0.4200 0.1216 0.2190 0.1019 0.0255 
        D770  5 0.3081 0.0462 0.0320 0.2269 0.1176 0.1674 0.1019 
        D771  5 0.0903 0.0507 0.0680 0.2606 0.2911 0.1526 0.0865 
        D772  5 0.6311 0.0414 0.0296 0.0233 0.0586 0.0536 0.1625 
        D782  5 0.0249 0.0470 0.1705 0.1652 0.0391 0.5060 0.0473 
        D783  5 0.3561 0.0263 0.0243 0.2240 0.0595 0.1738 0.1360 
        D784  5 0.4394 0.1899 0.0355 0.0357 0.0255 0.1745 0.0996 
        D785  5 0.1568 0.0488 0.0953 0.0210 0.0701 0.0499 0.5581 
        D786  5 0.1077 0.1626 0.3823 0.0887 0.1932 0.0477 0.0177 
        D821  5 0.0328 0.0140 0.0140 0.0119 0.0154 0.0154 0.8965 
        D822  5 0.1485 0.2777 0.0387 0.0971 0.0898 0.2579 0.0903 
        D826  5 0.1071 0.0599 0.0334 0.1483 0.0934 0.1015 0.4563 
        D827  5 0.0945 0.2960 0.0284 0.1022 0.0637 0.3831 0.0321 
        D851  5 0.0833 0.0851 0.0899 0.0726 0.0853 0.4737 0.1100 
        D852  5 0.5251 0.0265 0.0526 0.0788 0.0334 0.0695 0.2139 
        D853  5 0.0574 0.0773 0.0373 0.0600 0.3446 0.1561 0.2674 
        D854  5 0.0952 0.1198 0.0508 0.1261 0.3002 0.2677 0.0402 
        D861  5 0.0892 0.0964 0.0774 0.1914 0.1116 0.2872 0.1467 
        D862  5 0.0936 0.3564 0.0480 0.0329 0.1471 0.1547 0.1673 
        D865  5 0.0421 0.0307 0.0451 0.0618 0.0741 0.0551 0.6912 
        D868  5 0.0332 0.7087 0.0260 0.0354 0.0523 0.0523 0.0922 
        D869  5 0.0167 0.0412 0.7315 0.0399 0.0478 0.0821 0.0408 
        D870  5 0.0283 0.0377 0.0342 0.0621 0.0337 0.7890 0.0150 
        D907  5 0.0364 0.0415 0.0553 0.0457 0.1536 0.1263 0.5413 
        D908  5 0.2302 0.0243 0.0641 0.1722 0.0393 0.0561 0.4138 
        D910  5 0.0583 0.1070 0.0228 0.2032 0.1152 0.1093 0.3842 
        D911  5 0.0392 0.1212 0.0167 0.3589 0.0516 0.3599 0.0524 
        D934  5 0.4129 0.0350 0.0346 0.1262 0.0539 0.2139 0.1235 
        D946  5 0.6070 0.0193 0.0459 0.0715 0.0839 0.1190 0.0535 
        D947  5 0.3760 0.1212 0.0434 0.0483 0.1802 0.1610 0.0698 
        D948  5 0.0172 0.0509 0.7257 0.0189 0.0194 0.0260 0.1419 
        D949  5 0.0205 0.0494 0.7701 0.0197 0.0262 0.0276 0.0866 
        D950  5 0.0448 0.1146 0.0204 0.4200 0.0409 0.2647 0.0945 
        D951  5 0.0672 0.2669 0.0816 0.0483 0.3096 0.2005 0.0260 
        D952  5 0.0525 0.7285 0.0263 0.0331 0.0410 0.0474 0.0712 
        D953  5 0.0431 0.0922 0.0566 0.0333 0.0744 0.0661 0.6343 
        D954  5 0.0432 0.5243 0.0368 0.0311 0.0365 0.1342 0.1939 
        D961  5 0.0766 0.0192 0.0284 0.0285 0.7117 0.0893 0.0463 
        D962  5 0.5409 0.0482 0.0288 0.0182 0.1065 0.0507 0.2066 
        D963  5 0.2144 0.2926 0.0286 0.0427 0.0827 0.0718 0.2672 
        D964  5 0.2051 0.0388 0.1103 0.0815 0.2318 0.2529 0.0796 
        D965  5 0.3987 0.0412 0.0500 0.0846 0.2473 0.1422 0.0359 
        D966  5 0.2431 0.1094 0.0453 0.1055 0.0387 0.1134 0.3446 
        D967  5 0.0647 0.0384 0.1440 0.2248 0.0593 0.1102 0.3587 
        D991  5 0.4653 0.0708 0.1345 0.0305 0.1677 0.0705 0.0608 
        D502  6 0.0784 0.0254 0.0575 0.1469 0.3852 0.2930 0.0134 
        D503  6 0.0517 0.0337 0.2081 0.2709 0.0470 0.2788 0.1098 
        D504  6 0.2012 0.3194 0.0885 0.0632 0.0592 0.1538 0.1147 
        D505  6 0.1941 0.0880 0.0868 0.1409 0.0738 0.1549 0.2614 
        D506  6 0.0166 0.0270 0.0187 0.0189 0.0598 0.0654 0.7935 
        D507  6 0.4972 0.0618 0.0805 0.0860 0.0627 0.1564 0.0554 
        D508  6 0.1517 0.1362 0.0432 0.0935 0.3107 0.2313 0.0335 
        D529  6 0.0611 0.1170 0.1428 0.0488 0.1717 0.3056 0.1531 
        D530  6 0.0394 0.0233 0.0667 0.0379 0.7365 0.0546 0.0416 
        D531  6 0.1122 0.2156 0.0495 0.0520 0.2821 0.1981 0.0906 
        D532  6 0.0685 0.2555 0.0371 0.0750 0.3234 0.1480 0.0925 
        D534  6 0.0671 0.0478 0.6977 0.0397 0.0328 0.0895 0.0254 
        D535  6 0.0749 0.1861 0.1388 0.0328 0.1096 0.1944 0.2634 
        D536  6 0.0300 0.0260 0.0495 0.6806 0.0616 0.1322 0.0201 
        D554  6 0.1173 0.0397 0.0860 0.0453 0.4539 0.1478 0.1101 
        D587  6 0.0354 0.1273 0.0477 0.0549 0.1020 0.0835 0.5492 
        D588  6 0.0481 0.1802 0.0652 0.0600 0.0459 0.3115 0.2891 
        D589  6 0.0781 0.0623 0.0647 0.2709 0.0720 0.2796 0.1724 
        D590  6 0.0212 0.0424 0.0480 0.7243 0.0488 0.0813 0.0340 
        D591  6 0.0639 0.0449 0.0833 0.0602 0.0325 0.4306 0.2846 
        D592  6 0.0256 0.0383 0.7916 0.0302 0.0244 0.0482 0.0417 
        D593  6 0.0789 0.0140 0.0273 0.0241 0.7852 0.0339 0.0366 
        D682  6 0.0302 0.0276 0.0356 0.0244 0.0477 0.0675 0.7671 
        D683  6 0.0475 0.5808 0.0399 0.0226 0.0408 0.1062 0.1621 
        D684  6 0.0675 0.0449 0.2451 0.1569 0.0661 0.3927 0.0267 
        D685  6 0.0434 0.0180 0.0489 0.0739 0.1799 0.5504 0.0855 
        D686  6 0.0292 0.0576 0.0305 0.0274 0.6295 0.0975 0.1284 
        D724  6 0.1741 0.1510 0.0884 0.0904 0.3304 0.1393 0.0262 
        D725  6 0.2497 0.0438 0.0552 0.1787 0.2282 0.1624 0.0820 
        D726  6 0.0426 0.0321 0.0304 0.0243 0.0652 0.0396 0.7658 
        D727  6 0.0198 0.2117 0.0398 0.4518 0.0859 0.1309 0.0601 
        D728  6 0.1647 0.0700 0.0585 0.0327 0.1479 0.1603 0.3658 
        D729  6 0.0156 0.2570 0.2744 0.2849 0.0426 0.1059 0.0197 
        D730  6 0.2274 0.1584 0.1234 0.1068 0.2385 0.1129 0.0326 
        D731  6 0.0191 0.0140 0.0167 0.0751 0.0518 0.0233 0.8001 
        D732  6 0.5299 0.1952 0.0528 0.0355 0.0826 0.0703 0.0337 
        D733  6 0.5964 0.0411 0.0864 0.0404 0.1131 0.0774 0.0452 
     D237251  7 0.2015 0.0507 0.0282 0.1798 0.3233 0.1124 0.1041 
     D237252  7 0.1023 0.0361 0.2097 0.2164 0.2386 0.1690 0.0279 
     D237253  7 0.0502 0.0715 0.0329 0.1572 0.2672 0.1890 0.2320 
     D237254  7 0.0247 0.0255 0.6245 0.0492 0.0256 0.2281 0.0224 
     D237255  7 0.0409 0.0275 0.0198 0.5543 0.1182 0.0867 0.1527 
     D237256  7 0.0881 0.0604 0.0203 0.2094 0.2567 0.3203 0.0448 
     D237257  7 0.0453 0.0337 0.0892 0.0681 0.2567 0.4793 0.0276 
