        D174  1 0.0481 0.6748 0.0842 0.1929 
        D199  1 0.3133 0.2943 0.3107 0.0817 
        D203  1 0.2406 0.1190 0.4129 0.2274 
        D204  1 0.0404 0.0337 0.8923 0.0335 
     D237366  1 0.1457 0.1428 0.2451 0.4664 
     D237367  1 0.1586 0.1008 0.3223 0.4182 
     D237368  1 0.1274 0.1014 0.2895 0.4817 
     D244101  1 0.2012 0.0360 0.7262 0.0365 
     D244102  1 0.1488 0.2989 0.2588 0.2935 
     D244103  1 0.1358 0.1003 0.4005 0.3634 
     D244104  1 0.1108 0.1822 0.6345 0.0726 
     D244105  1 0.0720 0.0429 0.1999 0.6852 
     D244106  1 0.1957 0.6452 0.0902 0.0689 
     D244107  1 0.1449 0.0307 0.1748 0.6496 
     D244108  1 0.0848 0.5509 0.1375 0.2268 
     D244113  1 0.0445 0.8856 0.0367 0.0333 
     D244114  1 0.3606 0.2379 0.2734 0.1280 
     D244115  1 0.1054 0.5005 0.2039 0.1902 
     D267365  1 0.0732 0.3737 0.4661 0.0870 
        D404  1 0.0411 0.8387 0.0497 0.0706 
        D405  1 0.1715 0.4481 0.2360 0.1444 
        D406  1 0.0310 0.0458 0.0981 0.8251 
        D407  1 0.3238 0.0662 0.3418 0.2682 
        D408  1 0.1053 0.7750 0.0799 0.0399 
        D409  1 0.1247 0.0821 0.5080 0.2852 
        D410  1 0.0255 0.0424 0.1045 0.8277 
        D421  1 0.1709 0.0937 0.6764 0.0590 
        D422  1 0.0640 0.0209 0.0483 0.8668 
        D423  1 0.0354 0.0247 0.0460 0.8940 
        D424  1 0.0459 0.0658 0.7601 0.1282 
        D425  1 0.0679 0.3553 0.4884 0.0884 
        D426  1 0.3717 0.0528 0.3469 0.2285 
        D427  1 0.5893 0.1822 0.1843 0.0442 
        D428  1 0.1573 0.2977 0.3626 0.1824 
        D429  1 0.0887 0.3592 0.4633 0.0888 
        D430  1 0.3007 0.3455 0.1951 0.1587 
        D491  1 0.0340 0.7979 0.1298 0.0383 
        D492  1 0.1303 0.3206 0.3731 0.1760 
        D537  1 0.0723 0.0960 0.6663 0.1655 
        D538  1 0.1380 0.2372 0.2015 0.4233 
        D539  1 0.1992 0.4978 0.0929 0.2100 
        D540  1 0.1743 0.1500 0.4319 0.2438 
        D541  1 0.0458 0.0272 0.8816 0.0454 
        D551  1 0.7724 0.0586 0.0990 0.0700 
        D552  1 0.0773 0.2708 0.3462 0.3057 
        D553  1 0.0398 0.0367 0.8889 0.0347 
        D615  1 0.1685 0.1564 0.4214 0.2536 
        D616  1 0.3405 0.1244 0.2401 0.2949 
        D621  1 0.0523 0.2205 0.0630 0.6642 
        D622  1 0.0508 0.0680 0.0747 0.8064 
        D623  1 0.1540 0.6956 0.0998 0.0506 
        D624  1 0.0406 0.8406 0.0627 0.0561 
        D625  1 0.0372 0.1397 0.6843 0.1388 
        D626  1 0.0719 0.5956 0.1227 0.2098 
        D627  1 0.2807 0.0689 0.4498 0.2006 
        D690  1 0.0215 0.1176 0.7766 0.0844 
        D691  1 0.0508 0.0546 0.1058 0.7889 
        D710  1 0.0890 0.2733 0.5199 0.1179 
        D711  1 0.0363 0.0614 0.8188 0.0835 
        D712  1 0.0553 0.8070 0.0702 0.0675 
        D713  1 0.0461 0.5828 0.2141 0.1571 
        D746  1 0.0368 0.0359 0.0937 0.8336 
        D747  1 0.0434 0.0408 0.8699 0.0460 
        D748  1 0.0481 0.1000 0.3656 0.4863 
        D749  1 0.1770 0.1761 0.0602 0.5867 
        D750  1 0.0427 0.6221 0.2323 0.1028 
        D763  1 0.3778 0.0727 0.4026 0.1470 
        D764  1 0.0438 0.2609 0.5227 0.1726 
        D765  1 0.0409 0.1720 0.0533 0.7338 
        D766  1 0.0471 0.1106 0.2777 0.5646 
        D767  1 0.1253 0.1232 0.4137 0.3377 
        D768  1 0.0580 0.0341 0.8514 0.0565 
        D811  1 0.0629 0.7805 0.0504 0.1062 
        D816  1 0.0398 0.0976 0.8155 0.0471 
        D825  1 0.0414 0.5799 0.1405 0.2382 
        D866  1 0.4136 0.4083 0.0932 0.0848 
        D867  1 0.0599 0.0515 0.0527 0.8359 
        D871  1 0.1430 0.0857 0.5492 0.2221 
        D872  1 0.0601 0.1197 0.5872 0.2330 
        D873  1 0.0242 0.0297 0.0208 0.9253 
        D874  1 0.0817 0.3158 0.5659 0.0365 
        D875  1 0.0884 0.0441 0.4076 0.4600 
        D876  1 0.0418 0.1544 0.7181 0.0856 
        D877  1 0.0549 0.7951 0.1188 0.0312 
        D892  1 0.0336 0.2896 0.4218 0.2551 
        D893  1 0.0894 0.0531 0.7183 0.1392 
        D894  1 0.0876 0.1172 0.6667 0.1285 
        D915  1 0.0608 0.1367 0.5068 0.2957 
        D916  1 0.0289 0.0496 0.8474 0.0741 
        D917  1 0.1699 0.4681 0.3070 0.0550 
        D925  1 0.0502 0.1370 0.1114 0.7014 
        D926  1 0.0945 0.2026 0.5890 0.1140 
        D927  1 0.3043 0.1003 0.5226 0.0728 
        D928  1 0.0261 0.8302 0.1166 0.0271 
        D929  1 0.0617 0.4437 0.2540 0.2406 
        D936  1 0.1195 0.0567 0.7771 0.0468 
        D938  1 0.0309 0.0447 0.0527 0.8717 
        D956  1 0.0802 0.7952 0.0521 0.0725 
        D957  1 0.0525 0.1121 0.4168 0.4186 
        D958  1 0.0441 0.1941 0.4810 0.2808 
        D959  1 0.3304 0.0580 0.3091 0.3025 
        D960  1 0.0335 0.0535 0.0517 0.8612 
        D989  1 0.1539 0.6799 0.1169 0.0493 
        D990  1 0.0554 0.0562 0.0300 0.8584 
        D023  2 0.0665 0.0412 0.2844 0.6080 
        D130  2 0.0499 0.0290 0.0764 0.8447 
        D131  2 0.1612 0.0748 0.6515 0.1124 
        D163  2 0.0310 0.0532 0.0973 0.8186 
        D164  2 0.5031 0.0231 0.0327 0.4412 
        D165  2 0.0937 0.0318 0.1597 0.7148 
        D166  2 0.1959 0.1931 0.2492 0.3618 
        D167  2 0.8476 0.0950 0.0273 0.0301 
        D192  2 0.9098 0.0388 0.0252 0.0262 
        D193  2 0.1160 0.6911 0.0730 0.1198 
        D206  2 0.4377 0.0862 0.2591 0.2170 
        D207  2 0.7416 0.0696 0.1329 0.0559 
        D208  2 0.2601 0.5744 0.0782 0.0873 
        D209  2 0.5713 0.0725 0.2557 0.1005 
        D210  2 0.2631 0.5180 0.1430 0.0759 
     D229599  2 0.1331 0.2023 0.5279 0.1367 
     D229600  2 0.3776 0.0517 0.0473 0.5234 
     D237227  2 0.1109 0.6606 0.0853 0.1432 
     D237228  2 0.1851 0.4521 0.0326 0.3302 
     D237258  2 0.3805 0.2474 0.1423 0.2299 
     D237310  2 0.1015 0.1215 0.0284 0.7486 
     D237311  2 0.2209 0.1022 0.0353 0.6416 
     D237312  2 0.0626 0.2564 0.0691 0.6119 
     D237313  2 0.1115 0.2454 0.4269 0.2163 
     D237322  2 0.4119 0.2786 0.1662 0.1433 
     D237323  2 0.0593 0.2008 0.0315 0.7084 
     D237324  2 0.5007 0.0349 0.1212 0.3433 
     D237325  2 0.0779 0.2025 0.0836 0.6360 
     D237326  2 0.0698 0.1309 0.1537 0.6456 
     D237327  2 0.5140 0.0894 0.2980 0.0987 
     D237337  2 0.0311 0.0866 0.0466 0.8356 
     D237338  2 0.1477 0.2449 0.1439 0.4636 
     D237339  2 0.3000 0.0440 0.6037 0.0523 
     D237340  2 0.2110 0.4071 0.0457 0.3362 
     D237389  2 0.0866 0.0757 0.0358 0.8019 
     D237390  2 0.0675 0.3081 0.1241 0.5003 
     D244017  2 0.2916 0.5752 0.0732 0.0600 
     D244112  2 0.7902 0.0595 0.0262 0.1241 
     D244118  2 0.5569 0.0581 0.0361 0.3490 
     D244119  2 0.2555 0.6749 0.0328 0.0369 
     D244120  2 0.4819 0.3572 0.0459 0.1149 
     D244122  2 0.6822 0.1693 0.0549 0.0936 
        D291  2 0.6009 0.1031 0.1524 0.1436 
        D292  2 0.3912 0.2247 0.3131 0.0711 
        D293  2 0.5069 0.0228 0.4431 0.0272 
        D322  2 0.3460 0.0348 0.5549 0.0642 
        D323  2 0.3082 0.2601 0.3293 0.1024 
        D324  2 0.2998 0.1614 0.3200 0.2188 
        D325  2 0.8728 0.0177 0.0791 0.0305 
        D326  2 0.0470 0.0409 0.8863 0.0258 
        D340  2 0.9230 0.0182 0.0300 0.0288 
        D341  2 0.8271 0.0519 0.0589 0.0621 
        D342  2 0.6661 0.0549 0.0669 0.2121 
        D343  2 0.9425 0.0152 0.0255 0.0168 
        D344  2 0.1247 0.0917 0.6776 0.1061 
        D345  2 0.0911 0.0744 0.6452 0.1893 
        D346  2 0.1328 0.7168 0.1004 0.0501 
        D351  2 0.1537 0.0485 0.6674 0.1304 
        D352  2 0.1831 0.2817 0.3527 0.1825 
        D353  2 0.1094 0.0420 0.8161 0.0324 
        D354  2 0.0471 0.2817 0.5573 0.1139 
        D362  2 0.0693 0.1219 0.6762 0.1326 
        D363  2 0.0645 0.1744 0.6779 0.0831 
        D364  2 0.0385 0.1148 0.7787 0.0680 
        D365  2 0.9140 0.0240 0.0423 0.0196 
        D369  2 0.2908 0.2232 0.3405 0.1455 
        D374  2 0.0352 0.9075 0.0295 0.0278 
        D375  2 0.0579 0.2059 0.5763 0.1598 
        D376  2 0.0406 0.8706 0.0391 0.0498 
        D377  2 0.1858 0.3774 0.1227 0.3141 
        D378  2 0.2017 0.0340 0.7048 0.0596 
        D379  2 0.0625 0.0690 0.8203 0.0482 
        D384  2 0.0418 0.0586 0.8723 0.0273 
        D385  2 0.8509 0.0700 0.0414 0.0377 
        D386  2 0.1032 0.0434 0.7724 0.0810 
        D391  2 0.8291 0.0289 0.1141 0.0278 
        D392  2 0.7024 0.0891 0.1257 0.0828 
        D393  2 0.1761 0.0361 0.7177 0.0701 
        D394  2 0.1628 0.1129 0.3547 0.3696 
        D395  2 0.6262 0.0921 0.2051 0.0766 
        D401  2 0.0576 0.0803 0.0313 0.8308 
        D402  2 0.8993 0.0277 0.0463 0.0267 
        D403  2 0.1495 0.0614 0.5961 0.1930 
        D415  2 0.0489 0.0301 0.7976 0.1234 
        D435  2 0.3379 0.0291 0.5366 0.0964 
        D436  2 0.0931 0.2263 0.5691 0.1115 
        D438  2 0.9149 0.0340 0.0229 0.0282 
        D439  2 0.1590 0.0461 0.6583 0.1366 
        D449  2 0.7356 0.0331 0.1607 0.0706 
        D450  2 0.0655 0.4373 0.3430 0.1542 
        D456  2 0.0283 0.0314 0.9145 0.0259 
        D462  2 0.8144 0.0207 0.1347 0.0301 
        D463  2 0.0210 0.0395 0.9127 0.0269 
        D464  2 0.1455 0.1279 0.6751 0.0516 
        D465  2 0.5770 0.0598 0.2062 0.1570 
        D473  2 0.0563 0.7194 0.0761 0.1482 
        D474  2 0.2063 0.1222 0.5768 0.0946 
        D476  2 0.1799 0.0320 0.2667 0.5214 
        D477  2 0.0690 0.1717 0.6916 0.0677 
        D478  2 0.1289 0.3982 0.2722 0.2007 
        D480  2 0.1774 0.1376 0.6402 0.0448 
        D481  2 0.1057 0.1884 0.5783 0.1276 
        D482  2 0.2197 0.4533 0.1570 0.1700 
        D483  2 0.8409 0.0902 0.0321 0.0368 
        D484  2 0.2598 0.3681 0.2562 0.1160 
        D510  2 0.0659 0.8566 0.0362 0.0412 
        D511  2 0.1379 0.0443 0.7631 0.0547 
        D512  2 0.2691 0.0534 0.0562 0.6213 
        D513  2 0.7094 0.1113 0.0906 0.0886 
        D635  2 0.1089 0.0611 0.6383 0.1917 
        D636  2 0.0375 0.0388 0.0611 0.8625 
        D637  2 0.3771 0.2920 0.1742 0.1567 
        D658  2 0.4448 0.3399 0.1016 0.1138 
        D659  2 0.1072 0.0729 0.7444 0.0755 
        D677  2 0.2199 0.0796 0.3496 0.3510 
        D678  2 0.8122 0.0663 0.0511 0.0704 
        D679  2 0.2036 0.0995 0.6186 0.0783 
        D719  2 0.2154 0.4207 0.3278 0.0361 
        D720  2 0.0862 0.1459 0.6896 0.0783 
        D721  2 0.2262 0.0682 0.2393 0.4663 
        D722  2 0.0759 0.8337 0.0404 0.0501 
        D734  2 0.2033 0.5263 0.2432 0.0273 
        D735  2 0.1781 0.1354 0.5441 0.1424 
        D736  2 0.2426 0.5057 0.1593 0.0923 
        D737  2 0.5471 0.1843 0.1419 0.1267 
        D807  2 0.1321 0.4563 0.2956 0.1160 
        D808  2 0.2245 0.0652 0.3089 0.4014 
        D817  2 0.0735 0.2746 0.5486 0.1034 
        D818  2 0.5306 0.0582 0.2649 0.1463 
        D819  2 0.1136 0.1252 0.4968 0.2643 
        D820  2 0.0400 0.0293 0.8976 0.0331 
        D895  2 0.1312 0.0924 0.5607 0.2157 
        D896  2 0.0281 0.0594 0.0286 0.8839 
        D897  2 0.7578 0.0730 0.0803 0.0890 
        D898  2 0.1616 0.2796 0.3284 0.2304 
        D918  2 0.2734 0.1225 0.1199 0.4843 
        D919  2 0.3185 0.0456 0.5832 0.0528 
        D920  2 0.0399 0.0527 0.0397 0.8678 
        D923  2 0.0533 0.0538 0.8540 0.0389 
        D930  2 0.0979 0.3171 0.4736 0.1114 
        D931  2 0.1657 0.1377 0.6197 0.0768 
        D968  2 0.9138 0.0238 0.0429 0.0195 
        D969  2 0.3093 0.0718 0.5684 0.0506 
        D977  2 0.8216 0.0344 0.0664 0.0776 
        D978  2 0.6420 0.1440 0.1481 0.0659 
        D211  3 0.0826 0.0758 0.1371 0.7046 
     D229639  3 0.5625 0.2522 0.1126 0.0727 
     D237212  3 0.3594 0.1107 0.3280 0.2018 
     D237213  3 0.1438 0.0948 0.2433 0.5181 
     D237214  3 0.0581 0.0937 0.1179 0.7303 
     D237215  3 0.6556 0.2806 0.0275 0.0363 
     D237216  3 0.3938 0.0833 0.1715 0.3514 
     D237217  3 0.1480 0.0274 0.1704 0.6543 
     D237218  3 0.4493 0.0695 0.3643 0.1169 
     D237219  3 0.0878 0.2878 0.0637 0.5607 
     D237382  3 0.1285 0.3084 0.2572 0.3059 
     D244127  3 0.2278 0.0623 0.0467 0.6632 
     D244129  3 0.1961 0.1212 0.3472 0.3355 
     D244133  3 0.3235 0.4053 0.1026 0.1685 
     D244134  3 0.2781 0.4739 0.0895 0.1585 
     D244135  3 0.1353 0.0350 0.1048 0.7249 
     D244136  3 0.1948 0.5042 0.2088 0.0922 
        D416  3 0.3556 0.0858 0.3061 0.2525 
        D417  3 0.0521 0.0518 0.7747 0.1214 
        D419  3 0.2490 0.1795 0.2615 0.3100 
        D565  3 0.0439 0.8382 0.0867 0.0311 
        D566  3 0.3190 0.5399 0.0802 0.0609 
        D567  3 0.0677 0.0544 0.7195 0.1584 
        D568  3 0.2272 0.0450 0.4267 0.3011 
        D569  3 0.4491 0.1299 0.2546 0.1664 
        D573  3 0.6680 0.0392 0.2517 0.0411 
        D574  3 0.0902 0.7061 0.0961 0.1075 
        D575  3 0.1593 0.3803 0.1746 0.2859 
        D576  3 0.8098 0.1272 0.0169 0.0460 
        D577  3 0.0768 0.0971 0.7165 0.1096 
        D578  3 0.0495 0.0252 0.0303 0.8950 
        D579  3 0.2422 0.2834 0.3637 0.1107 
        D660  3 0.6134 0.0763 0.0705 0.2399 
        D661  3 0.6802 0.0648 0.1535 0.1015 
        D663  3 0.8010 0.0695 0.0935 0.0360 
        D664  3 0.1596 0.3446 0.0407 0.4551 
        D665  3 0.1975 0.0458 0.0797 0.6770 
        D666  3 0.0999 0.3860 0.1878 0.3263 
        D009  4 0.0989 0.0637 0.3616 0.4758 
        D057  4 0.3520 0.0693 0.3044 0.2744 
        D109  4 0.0587 0.0942 0.1076 0.7395 
     D237222  4 0.0603 0.1569 0.0761 0.7068 
     D237223  4 0.1709 0.1795 0.0686 0.5811 
     D237224  4 0.3606 0.0872 0.4774 0.0748 
     D237225  4 0.1466 0.0881 0.3782 0.3871 
     D237299  4 0.2036 0.1072 0.0899 0.5993 
     D237300  4 0.7561 0.1621 0.0349 0.0469 
     D237306  4 0.0573 0.6784 0.1061 0.1582 
     D237307  4 0.2174 0.3756 0.2825 0.1244 
     D237308  4 0.5025 0.2201 0.1319 0.1455 
     D237309  4 0.1364 0.0587 0.5301 0.2749 
     D237317  4 0.0693 0.5898 0.2520 0.0889 
     D237318  4 0.8891 0.0521 0.0334 0.0254 
     D237319  4 0.1437 0.1549 0.2295 0.4718 
     D237320  4 0.3072 0.0790 0.1541 0.4597 
     D237321  4 0.6524 0.1675 0.1119 0.0683 
     D237397  4 0.3624 0.2648 0.1168 0.2560 
     D237398  4 0.6870 0.0356 0.2113 0.0661 
     D237399  4 0.1737 0.3009 0.3396 0.1858 
     D244001  4 0.1819 0.0590 0.1248 0.6343 
        D289  4 0.2062 0.3327 0.3572 0.1039 
        D290  4 0.2635 0.1707 0.4118 0.1539 
        D294  4 0.1559 0.1325 0.6394 0.0722 
        D295  4 0.0720 0.1505 0.5608 0.2167 
        D301  4 0.1026 0.0869 0.0460 0.7644 
        D302  4 0.0594 0.0642 0.8232 0.0532 
        D303  4 0.0803 0.7515 0.0793 0.0889 
        D304  4 0.2951 0.2717 0.3516 0.0816 
        D305  4 0.6131 0.0322 0.2055 0.1492 
        D306  4 0.1390 0.3320 0.4086 0.1204 
        D307  4 0.0502 0.1145 0.0375 0.7978 
        D327  4 0.1079 0.1445 0.6858 0.0618 
        D328  4 0.0582 0.7313 0.0984 0.1121 
        D329  4 0.3579 0.1131 0.3907 0.1383 
        D330  4 0.0690 0.0437 0.5487 0.3387 
        D331  4 0.2139 0.3020 0.3034 0.1806 
        D333  4 0.2414 0.3242 0.2133 0.2212 
        D334  4 0.0472 0.6633 0.1859 0.1036 
        D335  4 0.0848 0.1060 0.7609 0.0483 
        D370  4 0.0744 0.5848 0.1124 0.2285 
        D371  4 0.0626 0.8023 0.0998 0.0352 
        D372  4 0.8023 0.1200 0.0345 0.0431 
        D373  4 0.2069 0.0632 0.0623 0.6677 
        D455  4 0.0726 0.0569 0.0848 0.7857 
        D490  4 0.0241 0.0396 0.0389 0.8974 
        D497  4 0.0536 0.0472 0.0531 0.8461 
        D498  4 0.1977 0.3980 0.1651 0.2391 
        D499  4 0.4235 0.3075 0.1755 0.0935 
        D514  4 0.0913 0.0701 0.7442 0.0944 
        D515  4 0.0820 0.0914 0.1071 0.7195 
        D516  4 0.1780 0.2170 0.1965 0.4085 
        D517  4 0.1336 0.0426 0.1375 0.6863 
        D518  4 0.1435 0.2190 0.3635 0.2740 
        D519  4 0.1875 0.0565 0.0860 0.6700 
        D560  4 0.2773 0.0438 0.1923 0.4866 
        D561  4 0.1163 0.0267 0.5324 0.3246 
        D562  4 0.2491 0.2316 0.2371 0.2822 
        D563  4 0.6696 0.0606 0.1555 0.1144 
        D572  4 0.1033 0.1266 0.6397 0.1305 
        D629  4 0.0883 0.1012 0.5062 0.3043 
        D630  4 0.1366 0.2463 0.3693 0.2477 
        D631  4 0.3730 0.1452 0.3706 0.1112 
        D632  4 0.1765 0.0593 0.1703 0.5939 
        D646  4 0.1809 0.0468 0.3779 0.3944 
        D647  4 0.1138 0.0421 0.6212 0.2229 
        D648  4 0.0622 0.7331 0.0874 0.1173 
        D649  4 0.0549 0.0604 0.6306 0.2541 
        D650  4 0.1044 0.2616 0.3540 0.2800 
        D708  4 0.1062 0.6504 0.1334 0.1100 
        D709  4 0.1394 0.3261 0.3428 0.1917 
        D738  4 0.0594 0.5447 0.1451 0.2508 
        D739  4 0.1484 0.1505 0.1244 0.5768 
        D740  4 0.3448 0.2330 0.0947 0.3275 
        D741  4 0.3416 0.0422 0.2471 0.3692 
        D742  4 0.5209 0.2169 0.1487 0.1135 
        D743  4 0.0763 0.0721 0.8060 0.0457 
        D744  4 0.1805 0.0607 0.6698 0.0890 
        D745  4 0.0899 0.0522 0.0530 0.8048 
        D814  4 0.7199 0.0611 0.0940 0.1250 
        D815  4 0.1007 0.1577 0.6374 0.1042 
        D828  4 0.1660 0.7092 0.0410 0.0838 
        D845  4 0.8062 0.1088 0.0532 0.0318 
        D846  4 0.2787 0.0400 0.5342 0.1470 
        D847  4 0.1595 0.1877 0.3732 0.2797 
        D848  4 0.3459 0.0459 0.0450 0.5632 
        D849  4 0.0993 0.0503 0.1047 0.7457 
        D850  4 0.2727 0.1567 0.3025 0.2680 
        D856  4 0.1017 0.1527 0.2848 0.4608 
        D857  4 0.0598 0.0715 0.0225 0.8462 
        D859  4 0.2056 0.1965 0.4901 0.1078 
        D860  4 0.2066 0.5171 0.2353 0.0410 
        D883  4 0.1005 0.2671 0.3343 0.2981 
        D884  4 0.0623 0.2992 0.1340 0.5045 
        D885  4 0.5823 0.0750 0.1798 0.1629 
        D886  4 0.1122 0.0751 0.3618 0.4510 
        D887  4 0.3863 0.1787 0.2838 0.1511 
        D889  4 0.4998 0.1570 0.2944 0.0487 
        D890  4 0.1232 0.5535 0.1454 0.1779 
        D891  4 0.9186 0.0262 0.0337 0.0216 
        D899  4 0.5781 0.2417 0.1258 0.0544 
        D900  4 0.1514 0.1923 0.4899 0.1664 
        D970  4 0.1559 0.1176 0.6340 0.0925 
        D971  4 0.5783 0.1079 0.2146 0.0992 
        D979  4 0.0851 0.1096 0.7659 0.0393 
        D093  5 0.0775 0.7569 0.0919 0.0737 
        D154  5 0.6882 0.1749 0.0606 0.0763 
        D168  5 0.5335 0.0601 0.1196 0.2868 
        D189  5 0.2256 0.6156 0.0761 0.0827 
        D190  5 0.0554 0.8388 0.0663 0.0395 
     D237220  5 0.1243 0.1432 0.1567 0.5758 
     D237221  5 0.2374 0.4550 0.2172 0.0904 
     D237274  5 0.0547 0.0387 0.8568 0.0497 
     D237275  5 0.8367 0.0601 0.0437 0.0595 
     D237276  5 0.0774 0.3958 0.1775 0.3494 
     D237277  5 0.1921 0.6827 0.0749 0.0503 
     D237278  5 0.4027 0.3334 0.0883 0.1756 
     D237279  5 0.1984 0.0397 0.1504 0.6115 
     D237280  5 0.0794 0.1302 0.3036 0.4869 
     D237281  5 0.8532 0.0373 0.0733 0.0362 
     D237351  5 0.0675 0.1847 0.0511 0.6967 
     D237352  5 0.1717 0.1482 0.2715 0.4086 
     D237353  5 0.0659 0.8544 0.0486 0.0310 
     D237359  5 0.2766 0.1275 0.2134 0.3825 
     D237361  5 0.0374 0.8831 0.0387 0.0409 
     D237362  5 0.2013 0.4395 0.2466 0.1125 
     D237363  5 0.6024 0.1388 0.1221 0.1366 
     D237364  5 0.3996 0.0619 0.2852 0.2533 
     D237376  5 0.0722 0.8443 0.0347 0.0488 
     D237377  5 0.1358 0.1594 0.4372 0.2676 
     D237378  5 0.1048 0.8070 0.0424 0.0458 
     D237379  5 0.0988 0.7469 0.0673 0.0870 
     D237380  5 0.0349 0.2128 0.0817 0.6706 
     D237381  5 0.1128 0.1528 0.1473 0.5872 
     D237391  5 0.0745 0.7395 0.1098 0.0763 
     D237392  5 0.2578 0.1009 0.5228 0.1185 
     D237393  5 0.1341 0.3112 0.4197 0.1349 
     D237394  5 0.0263 0.8776 0.0591 0.0370 
     D237395  5 0.1681 0.5530 0.0770 0.2019 
     D237396  5 0.1615 0.1266 0.5964 0.1155 
     D244016  5 0.2523 0.4671 0.1986 0.0820 
     D244018  5 0.5484 0.2337 0.0798 0.1380 
     D244019  5 0.3305 0.2027 0.3892 0.0776 
        D279  5 0.6511 0.1151 0.0916 0.1422 
        D280  5 0.1979 0.3614 0.2853 0.1554 
        D281  5 0.7480 0.1198 0.0929 0.0393 
        D283  5 0.1090 0.5089 0.3221 0.0601 
        D284  5 0.1921 0.1179 0.1339 0.5561 
        D285  5 0.1088 0.6040 0.2092 0.0780 
        D286  5 0.0961 0.4967 0.2412 0.1660 
        D287  5 0.0651 0.7711 0.0410 0.1228 
        D288  5 0.2867 0.3291 0.3297 0.0545 
        D308  5 0.0381 0.0558 0.0931 0.8130 
        D309  5 0.0385 0.0427 0.8489 0.0699 
        D310  5 0.0530 0.8817 0.0316 0.0336 
        D311  5 0.1510 0.5126 0.2337 0.1027 
        D312  5 0.0988 0.5443 0.2422 0.1147 
        D313  5 0.0236 0.0405 0.0212 0.9147 
        D314  5 0.3712 0.3087 0.0729 0.2471 
        D315  5 0.0885 0.5102 0.2663 0.1350 
        D317  5 0.0459 0.8621 0.0577 0.0343 
        D318  5 0.2324 0.1991 0.3481 0.2204 
        D319  5 0.0500 0.8685 0.0364 0.0450 
        D320  5 0.0461 0.8170 0.0744 0.0625 
        D321  5 0.0880 0.1369 0.1064 0.6686 
        D336  5 0.0213 0.8899 0.0621 0.0267 
        D337  5 0.0684 0.8654 0.0426 0.0237 
        D338  5 0.2199 0.2321 0.2759 0.2721 
        D339  5 0.1451 0.7059 0.0585 0.0904 
        D347  5 0.1932 0.2638 0.4872 0.0558 
        D348  5 0.0662 0.8471 0.0593 0.0273 
        D349  5 0.0495 0.0851 0.0529 0.8125 
        D350  5 0.1334 0.0582 0.7304 0.0780 
        D355  5 0.6513 0.0623 0.2451 0.0412 
        D356  5 0.0638 0.4978 0.3238 0.1145 
        D357  5 0.2073 0.4167 0.2076 0.1684 
        D358  5 0.1434 0.5636 0.1831 0.1100 
        D359  5 0.0427 0.4618 0.4492 0.0462 
        D360  5 0.0523 0.5885 0.2344 0.1249 
        D361  5 0.0336 0.0436 0.0475 0.8753 
        D366  5 0.5264 0.0580 0.3446 0.0710 
        D367  5 0.0591 0.8227 0.0561 0.0621 
        D368  5 0.0866 0.4425 0.1563 0.3145 
        D380  5 0.2239 0.0746 0.5334 0.1681 
        D381  5 0.1611 0.6307 0.1446 0.0637 
        D400  5 0.2349 0.4952 0.1912 0.0787 
        D411  5 0.0505 0.0274 0.0231 0.8991 
        D412  5 0.4199 0.2195 0.1640 0.1967 
        D413  5 0.7589 0.0523 0.1260 0.0628 
        D414  5 0.5386 0.1299 0.2431 0.0883 
        D420  5 0.3060 0.2081 0.0958 0.3902 
        D431  5 0.2609 0.4794 0.0458 0.2139 
        D432  5 0.1359 0.6041 0.1380 0.1220 
        D433  5 0.1223 0.7135 0.0945 0.0696 
        D434  5 0.1011 0.5926 0.2028 0.1035 
        D440  5 0.1011 0.0576 0.7322 0.1091 
        D447  5 0.1932 0.0620 0.5929 0.1519 
        D448  5 0.0781 0.7815 0.0990 0.0414 
        D459  5 0.7317 0.0653 0.1692 0.0338 
        D460  5 0.0526 0.1032 0.1152 0.7289 
        D461  5 0.0371 0.0563 0.8736 0.0331 
        D468  5 0.1574 0.5159 0.1792 0.1475 
        D469  5 0.0837 0.2041 0.5199 0.1923 
        D470  5 0.1221 0.3031 0.1281 0.4468 
        D471  5 0.0955 0.7871 0.0828 0.0346 
        D472  5 0.2013 0.0299 0.7356 0.0333 
        D479  5 0.8161 0.0645 0.0712 0.0482 
        D485  5 0.1673 0.4707 0.1825 0.1795 
        D486  5 0.1206 0.3611 0.1776 0.3406 
        D487  5 0.3685 0.4141 0.1163 0.1012 
        D555  5 0.0862 0.8267 0.0429 0.0442 
        D556  5 0.2325 0.5113 0.1255 0.1307 
        D557  5 0.0591 0.8407 0.0732 0.0270 
        D564  5 0.0558 0.5603 0.2239 0.1599 
        D594  5 0.2288 0.2288 0.3921 0.1502 
        D595  5 0.1850 0.4959 0.2162 0.1029 
        D596  5 0.0438 0.8890 0.0355 0.0317 
        D597  5 0.3449 0.3417 0.2541 0.0593 
        D598  5 0.1316 0.4985 0.2080 0.1620 
        D617  5 0.2309 0.0411 0.0411 0.6869 
        D618  5 0.1626 0.6040 0.1543 0.0790 
        D619  5 0.1056 0.3253 0.2935 0.2757 
        D620  5 0.8613 0.0381 0.0598 0.0408 
        D628  5 0.1498 0.2973 0.3162 0.2367 
        D714  5 0.2488 0.6508 0.0437 0.0567 
        D715  5 0.1358 0.6385 0.1804 0.0453 
        D716  5 0.3214 0.3625 0.2364 0.0796 
        D717  5 0.1076 0.2366 0.5000 0.1558 
        D718  5 0.1608 0.3813 0.0545 0.4034 
        D769  5 0.2192 0.0576 0.0611 0.6621 
        D770  5 0.4495 0.3868 0.0880 0.0757 
        D771  5 0.3657 0.3076 0.1435 0.1833 
        D772  5 0.0878 0.6305 0.2044 0.0774 
        D782  5 0.4897 0.0590 0.1183 0.3331 
        D783  5 0.5558 0.2233 0.1337 0.0871 
        D784  5 0.0818 0.1241 0.7289 0.0652 
        D785  5 0.0446 0.8004 0.0842 0.0707 
        D786  5 0.0882 0.0551 0.3096 0.5471 
        D821  5 0.0427 0.8982 0.0368 0.0222 
        D822  5 0.1461 0.2331 0.5504 0.0704 
        D826  5 0.3284 0.4991 0.1034 0.0691 
        D827  5 0.1999 0.0827 0.6049 0.1125 
        D851  5 0.2699 0.2909 0.2814 0.1578 
        D852  5 0.3324 0.4090 0.1230 0.1356 
        D853  5 0.1526 0.5356 0.1850 0.1268 
        D854  5 0.4391 0.1135 0.2479 0.1996 
        D861  5 0.4314 0.2772 0.1176 0.1739 
        D862  5 0.0625 0.5183 0.3251 0.0942 
        D865  5 0.0776 0.8229 0.0489 0.0506 
        D868  5 0.0616 0.1350 0.6924 0.1110 
        D869  5 0.0764 0.0714 0.0501 0.8021 
        D870  5 0.1951 0.0297 0.4662 0.3091 
        D907  5 0.0621 0.7809 0.0432 0.1139 
        D908  5 0.3486 0.4770 0.0731 0.1013 
        D910  5 0.2845 0.5644 0.1023 0.0487 
        D911  5 0.7093 0.0604 0.1954 0.0348 
        D934  5 0.5014 0.2813 0.1422 0.0752 
        D946  5 0.2868 0.3835 0.1126 0.2170 
        D947  5 0.1657 0.1416 0.5411 0.1516 
        D948  5 0.0519 0.1560 0.0807 0.7115 
        D949  5 0.0377 0.1015 0.0598 0.8010 
        D950  5 0.7818 0.0635 0.1227 0.0319 
        D951  5 0.0865 0.1391 0.6946 0.0798 
        D952  5 0.0921 0.1633 0.6717 0.0729 
        D953  5 0.0706 0.7170 0.1353 0.0770 
        D954  5 0.0631 0.3849 0.4928 0.0593 
        D961  5 0.1534 0.6049 0.0711 0.1705 
        D962  5 0.0313 0.7766 0.1423 0.0498 
        D963  5 0.1235 0.3315 0.4778 0.0672 
        D964  5 0.2484 0.2652 0.1433 0.3431 
        D965  5 0.2361 0.3323 0.2933 0.1383 
        D966  5 0.1862 0.4686 0.2867 0.0585 
        D967  5 0.3453 0.3459 0.1452 0.1636 
        D991  5 0.0761 0.2595 0.2885 0.3759 
        D502  6 0.5163 0.0684 0.0865 0.3288 
        D503  6 0.4829 0.0924 0.0577 0.3670 
        D504  6 0.1740 0.1694 0.5242 0.1325 
        D505  6 0.2494 0.4490 0.1861 0.1156 
        D506  6 0.0248 0.9011 0.0418 0.0324 
        D507  6 0.3904 0.1246 0.2284 0.2566 
        D508  6 0.2113 0.1215 0.5537 0.1135 
        D529  6 0.1726 0.2814 0.2254 0.3206 
        D530  6 0.1481 0.6243 0.0530 0.1746 
        D531  6 0.1762 0.2867 0.3792 0.1580 
        D532  6 0.1651 0.4902 0.2691 0.0755 
        D534  6 0.0706 0.0490 0.1093 0.7711 
        D535  6 0.0816 0.5501 0.2498 0.1185 
        D536  6 0.8415 0.0336 0.0343 0.0905 
        D554  6 0.0863 0.6708 0.0794 0.1634 
        D587  6 0.0751 0.7547 0.1199 0.0503 
        D588  6 0.2061 0.4468 0.2461 0.1010 
        D589  6 0.6411 0.1644 0.0817 0.1128 
        D590  6 0.8341 0.0520 0.0490 0.0648 
        D591  6 0.3862 0.2541 0.1797 0.1801 
        D592  6 0.0790 0.0901 0.0636 0.7672 
        D593  6 0.1104 0.7302 0.0420 0.1173 
        D682  6 0.0481 0.8529 0.0509 0.0481 
        D683  6 0.0590 0.3013 0.5323 0.1074 
        D684  6 0.4148 0.0346 0.1005 0.4501 
        D685  6 0.5225 0.1545 0.0690 0.2540 
        D686  6 0.0775 0.7627 0.0936 0.0662 
        D724  6 0.1738 0.0728 0.5113 0.2421 
        D725  6 0.3384 0.4160 0.0931 0.1525 
        D726  6 0.0387 0.8509 0.0706 0.0398 
        D727  6 0.5759 0.1165 0.1795 0.1280 
        D728  6 0.0476 0.7992 0.0756 0.0776 
        D729  6 0.4062 0.0373 0.1412 0.4153 
        D730  6 0.3055 0.0927 0.2809 0.3209 
        D731  6 0.1992 0.7479 0.0233 0.0296 
        D732  6 0.1275 0.1394 0.6096 0.1235 
        D733  6 0.1354 0.2916 0.3209 0.2521 
     D237251  7 0.5147 0.2484 0.1217 0.1152 
     D237252  7 0.3198 0.0702 0.0947 0.5154 
     D237253  7 0.4798 0.2742 0.1430 0.1029 
     D237254  7 0.0780 0.0277 0.0437 0.8506 
     D237255  7 0.7400 0.1256 0.0819 0.0525 
     D237256  7 0.5704 0.1314 0.2416 0.0566 
     D237257  7 0.2309 0.0796 0.1520 0.5375 
     D237282  7 0.1196 0.0333 0.7230 0.1240 
     D237283  7 0.0699 0.0440 0.0238 0.8623 
     D237284  7 0.0674 0.0377 0.0806 0.8143 
     D237285  7 0.2873 0.4701 0.1173 0.1253 
     D237286  7 0.2178 0.2580 0.3973 0.1269 
     D237287  7 0.5307 0.0907 0.2550 0.1235 
     D244006  7 0.0404 0.0359 0.0707 0.8530 
     D244007  7 0.6000 0.0678 0.2277 0.1045 
     D244008  7 0.0602 0.0849 0.0353 0.8196 
     D244009  7 0.0521 0.1569 0.1652 0.6258 
     D244010  7 0.2246 0.0999 0.1295 0.5461 
     D244011  7 0.2619 0.3661 0.1692 0.2027 
     D244012  7 0.4087 0.0856 0.2211 0.2846 
     D244013  7 0.3033 0.2548 0.3174 0.1245 
     D244014  7 0.3673 0.1311 0.1507 0.3509 
     D244015  7 0.1795 0.0645 0.2360 0.5201 
     D244125  7 0.2980 0.3906 0.2391 0.0723 
     D244126  7 0.0295 0.0225 0.0337 0.9143 
     D244130  7 0.2118 0.1709 0.1873 0.4300 
     D244131  7 0.1200 0.2702 0.4426 0.1673 
     D244132  7 0.0522 0.4344 0.4364 0.0770 
        D520  7 0.1280 0.3458 0.1116 0.4146 
        D521  7 0.1658 0.1977 0.3234 0.3131 
        D522  7 0.0912 0.1016 0.2792 0.5279 
        D523  7 0.6810 0.1296 0.1103 0.0791 
        D524  7 0.3116 0.3360 0.1480 0.2044 
        D525  7 0.3392 0.0588 0.0767 0.5253 
        D526  7 0.0552 0.0280 0.0579 0.8588 
        D527  7 0.1685 0.1406 0.4884 0.2024 
        D528  7 0.3885 0.0319 0.2875 0.2921 
        D558  7 0.1924 0.0441 0.6231 0.1404 
        D559  7 0.2243 0.0355 0.6152 0.1250 
        D640  7 0.2399 0.4240 0.2296 0.1065 
        D641  7 0.2544 0.4855 0.0586 0.2015 
        D642  7 0.2882 0.1120 0.1203 0.4795 
        D644  7 0.1371 0.4408 0.1150 0.3071 
        D645  7 0.3284 0.2656 0.1370 0.2690 
        D662  7 0.0305 0.1526 0.2157 0.6012 
        D687  7 0.3440 0.1591 0.3148 0.1821 
        D688  7 0.1750 0.0676 0.4983 0.2591 
        D689  7 0.2123 0.3953 0.2708 0.1215 
        D700  7 0.4531 0.0274 0.3047 0.2148 
        D797  7 0.2399 0.2506 0.3128 0.1968 
        D798  7 0.0629 0.0746 0.1424 0.7200 
        D799  7 0.5171 0.0748 0.1341 0.2741 
        D800  7 0.1529 0.0411 0.7046 0.1013 
        D132  8 0.0386 0.0651 0.0608 0.8356 
        D133  8 0.8729 0.0258 0.0309 0.0704 
        D200  8 0.3704 0.1759 0.3143 0.1394 
        D500  8 0.0278 0.0421 0.0450 0.8850 
        D614  8 0.0682 0.5134 0.1721 0.2463 
        D723  8 0.1950 0.0746 0.3723 0.3581 
        D888  8 0.7298 0.0924 0.1235 0.0544 
        D901  8 0.1580 0.1547 0.0457 0.6416 
        D902  8 0.0569 0.7906 0.0646 0.0879 
        D903  8 0.1137 0.1945 0.6367 0.0551 
        D904  8 0.1263 0.1298 0.5924 0.1515 
        D905  8 0.5709 0.3564 0.0367 0.0360 
        D906  8 0.6560 0.0657 0.1733 0.1050 
        D937  8 0.0532 0.8727 0.0235 0.0507 
        D943  8 0.2281 0.0719 0.2269 0.4732 
        D972  8 0.1388 0.0859 0.2605 0.5148 
        D973  8 0.0488 0.0781 0.6665 0.2066 
        D974  8 0.2311 0.2943 0.1900 0.2846 
        D975  8 0.2340 0.2957 0.3243 0.1459 
        D976  8 0.3299 0.2985 0.0929 0.2787 
        D201  9 0.5074 0.0927 0.2585 0.1414 
        D202  9 0.5017 0.1900 0.0764 0.2319 
     D237259  9 0.4269 0.0412 0.2726 0.2593 
     D237260  9 0.5664 0.0985 0.0439 0.2912 
     D237262  9 0.0365 0.0388 0.0427 0.8819 
     D237263  9 0.2355 0.0585 0.1283 0.5777 
     D237264  9 0.2043 0.2356 0.1420 0.4181 
     D237265  9 0.7556 0.0881 0.0437 0.1126 
     D237266  9 0.6639 0.0347 0.0685 0.2329 
     D237267  9 0.2232 0.3821 0.1348 0.2600 
     D237268  9 0.0965 0.1443 0.1600 0.5992 
     D237289  9 0.3623 0.4827 0.0405 0.1145 
     D237290  9 0.8623 0.0449 0.0387 0.0541 
     D237291  9 0.7928 0.0725 0.0527 0.0820 
     D237292  9 0.6593 0.0576 0.0327 0.2504 
     D237293  9 0.1687 0.2824 0.1644 0.3845 
     D237294  9 0.2215 0.1109 0.0568 0.6107 
     D237295  9 0.0530 0.2579 0.4120 0.2772 
     D237296  9 0.3075 0.2269 0.1443 0.3213 
     D237297  9 0.0944 0.6891 0.1200 0.0965 
     D237298  9 0.2254 0.1032 0.4046 0.2668 
     D237341  9 0.4784 0.1150 0.2411 0.1655 
     D237342  9 0.1042 0.1107 0.0735 0.7117 
     D237343  9 0.3174 0.0733 0.1610 0.4482 
     D237344  9 0.2373 0.5501 0.0900 0.1226 
     D237345  9 0.0538 0.0240 0.0533 0.8688 
     D237346  9 0.5014 0.2786 0.0566 0.1634 
     D237347  9 0.1433 0.6045 0.1613 0.0909 
     D237348  9 0.2459 0.2334 0.1525 0.3681 
     D237349  9 0.5162 0.0366 0.2343 0.2129 
     D244109  9 0.6647 0.0240 0.1383 0.1730 
     D244110  9 0.7697 0.0462 0.0835 0.1006 
     D244111  9 0.3824 0.1579 0.2686 0.1912 
     D244128  9 0.0679 0.0456 0.0534 0.8331 
     D244137  9 0.0924 0.0793 0.6677 0.1605 
     D244138  9 0.5511 0.2009 0.0782 0.1698 
        D580  9 0.0650 0.1020 0.2270 0.6060 
        D581  9 0.8249 0.0415 0.0433 0.0902 
        D582  9 0.0329 0.0347 0.0289 0.9035 
        D583  9 0.7860 0.0448 0.0444 0.1248 
        D584  9 0.1151 0.5534 0.0492 0.2823 
        D585  9 0.2750 0.0468 0.0653 0.6129 
        D586  9 0.7159 0.1690 0.0620 0.0532 
        D651  9 0.2207 0.2268 0.4353 0.1171 
        D652  9 0.2336 0.0397 0.2818 0.4449 
        D653  9 0.4481 0.0769 0.3957 0.0793 
        D654  9 0.3450 0.0576 0.4143 0.1830 
        D655  9 0.3602 0.4001 0.1514 0.0884 
        D656  9 0.0895 0.0564 0.0710 0.7831 
        D657  9 0.2323 0.1547 0.2259 0.3871 
        D667  9 0.2085 0.6621 0.0664 0.0630 
        D668  9 0.2167 0.1691 0.0897 0.5244 
        D669  9 0.5976 0.1289 0.1077 0.1659 
        D670  9 0.1477 0.0849 0.6194 0.1479 
        D671  9 0.6856 0.1046 0.0929 0.1168 
        D672  9 0.1262 0.0522 0.0664 0.7552 
        D673  9 0.1472 0.3729 0.1829 0.2969 
        D692  9 0.3524 0.0452 0.0488 0.5536 
        D693  9 0.1751 0.3727 0.1659 0.2862 
        D694  9 0.1108 0.0702 0.0438 0.7752 
        D695  9 0.1089 0.1085 0.2687 0.5138 
        D696  9 0.0301 0.9102 0.0318 0.0280 
        D697  9 0.2425 0.4996 0.1348 0.1231 
        D698  9 0.3574 0.4540 0.0623 0.1263 
        D699  9 0.1407 0.7017 0.0361 0.1215 
        D787  9 0.2685 0.0524 0.3620 0.3171 
        D788  9 0.0513 0.7169 0.0809 0.1509 
        D789  9 0.2589 0.3097 0.0736 0.3577 
        D790  9 0.3892 0.1439 0.1736 0.2933 
        D791  9 0.4812 0.3359 0.0662 0.1168 
        D792  9 0.3397 0.0731 0.3722 0.2150 
        D793  9 0.0948 0.6353 0.1957 0.0742 
        D794  9 0.1926 0.4006 0.2972 0.1096 
        D795  9 0.0699 0.1307 0.0366 0.7628 
        D796  9 0.5751 0.1826 0.0668 0.1754 
        D142 10 0.1794 0.5234 0.2083 0.0889 
        D143 10 0.7921 0.1024 0.0516 0.0539 
        D144 10 0.1718 0.3669 0.2213 0.2399 
        D145 10 0.7050 0.0793 0.1382 0.0775 
        D146 10 0.0684 0.1026 0.1220 0.7070 
        D147 10 0.2375 0.0942 0.3005 0.3678 
        D148 10 0.1308 0.1031 0.5737 0.1924 
        D149 10 0.7834 0.0577 0.0871 0.0718 
        D151 10 0.2966 0.1013 0.3100 0.2922 
        D152 10 0.9039 0.0335 0.0267 0.0359 
        D153 10 0.0526 0.2535 0.5722 0.1217 
        D156 10 0.1306 0.0704 0.7379 0.0612 
        D157 10 0.0817 0.5946 0.0918 0.2320 
        D158 10 0.3100 0.3991 0.0551 0.2357 
        D159 10 0.8595 0.0504 0.0573 0.0328 
        D160 10 0.4842 0.4543 0.0198 0.0417 
        D161 10 0.2051 0.2767 0.3616 0.1565 
        D162 10 0.1966 0.1759 0.5733 0.0542 
        D169 10 0.1276 0.0436 0.0759 0.7529 
        D170 10 0.0591 0.1322 0.1153 0.6935 
        D171 10 0.0827 0.5885 0.1574 0.1713 
        D172 10 0.1536 0.1785 0.4209 0.2470 
        D173 10 0.8486 0.0183 0.0818 0.0513 
        D181 10 0.1327 0.5702 0.2160 0.0811 
        D182 10 0.5687 0.0798 0.1730 0.1785 
        D183 10 0.0425 0.8212 0.0626 0.0737 
        D184 10 0.0239 0.0221 0.0848 0.8693 
        D185 10 0.0945 0.1374 0.5699 0.1982 
        D186 10 0.1008 0.0443 0.0380 0.8169 
        D194 10 0.1161 0.1266 0.1593 0.5980 
        D195 10 0.3879 0.2838 0.2482 0.0802 
        D196 10 0.2646 0.1538 0.5422 0.0394 
        D197 10 0.1892 0.0878 0.0317 0.6913 
        D198 10 0.0703 0.3056 0.3819 0.2422 
     D237226 10 0.6380 0.0584 0.1055 0.1981 
     D237232 10 0.3691 0.4281 0.0647 0.1381 
     D237233 10 0.5306 0.2565 0.0729 0.1400 
     D237234 10 0.1859 0.5058 0.1717 0.1366 
     D237354 10 0.8842 0.0431 0.0441 0.0286 
     D237355 10 0.6593 0.2146 0.0562 0.0700 
     D237356 10 0.0415 0.5085 0.2876 0.1625 
     D237357 10 0.5968 0.0928 0.0760 0.2345 
     D237358 10 0.3798 0.0973 0.2368 0.2861 
     D237369 10 0.0769 0.0249 0.0611 0.8371 
     D237370 10 0.1255 0.7717 0.0402 0.0625 
     D237371 10 0.0978 0.0923 0.5909 0.2190 
     D237372 10 0.4790 0.0563 0.1128 0.3519 
     D237373 10 0.3492 0.4832 0.0955 0.0721 
     D237374 10 0.6182 0.2878 0.0482 0.0459 
     D237375 10 0.4054 0.1328 0.2721 0.1896 
     D237400 10 0.8689 0.0545 0.0388 0.0379 
     D244002 10 0.1633 0.0392 0.3600 0.4376 
     D244003 10 0.2677 0.6103 0.0321 0.0899 
     D244004 10 0.0222 0.9334 0.0175 0.0269 
     D244005 10 0.6549 0.0644 0.0664 0.2143 
     D244020 10 0.1185 0.4423 0.3071 0.1320 
     D244021 10 0.2959 0.0998 0.0826 0.5217 
     D244116 10 0.1467 0.1452 0.2070 0.5011 
     D244117 10 0.2063 0.6416 0.0811 0.0710 
     D244121 10 0.1232 0.7203 0.0413 0.1153 
     D244123 10 0.2386 0.5400 0.1095 0.1118 
     D244124 10 0.2817 0.2014 0.0511 0.4658 
        D332 10 0.0950 0.1085 0.7219 0.0747 
        D570 10 0.0503 0.7344 0.1496 0.0657 
        D602 10 0.0914 0.0582 0.7922 0.0582 
        D603 10 0.2919 0.4001 0.1014 0.2066 
        D604 10 0.3871 0.1380 0.4172 0.0577 
        D605 10 0.1786 0.0990 0.5660 0.1563 
        D606 10 0.0416 0.2949 0.0609 0.6027 
        D607 10 0.0540 0.0345 0.8698 0.0417 
        D608 10 0.9040 0.0235 0.0482 0.0243 
        D609 10 0.0470 0.6185 0.2083 0.1263 
        D610 10 0.2787 0.3577 0.2284 0.1352 
        D611 10 0.0199 0.9289 0.0274 0.0238 
        D613 10 0.1164 0.2616 0.5511 0.0708 
        D633 10 0.1256 0.0434 0.7496 0.0813 
        D634 10 0.1609 0.5910 0.1097 0.1384 
        D638 10 0.7779 0.1036 0.0635 0.0549 
        D681 10 0.1432 0.4246 0.1172 0.3150 
        D754 10 0.1149 0.3046 0.0441 0.5364 
        D755 10 0.3018 0.6068 0.0280 0.0634 
        D756 10 0.1297 0.6366 0.0586 0.1750 
        D757 10 0.3788 0.1393 0.2137 0.2682 
        D758 10 0.1937 0.2447 0.2737 0.2879 
        D759 10 0.3009 0.5580 0.0623 0.0789 
        D760 10 0.3787 0.3794 0.1398 0.1020 
        D761 10 0.7815 0.1569 0.0266 0.0351 
        D762 10 0.1000 0.1116 0.6986 0.0898 
        D775 10 0.1002 0.8188 0.0251 0.0559 
        D776 10 0.8189 0.1044 0.0325 0.0442 
        D777 10 0.1815 0.5766 0.0709 0.1710 
        D778 10 0.7681 0.0483 0.0376 0.1461 
        D779 10 0.1123 0.4571 0.0640 0.3666 
        D780 10 0.3489 0.2206 0.3317 0.0987 
        D781 10 0.1665 0.0968 0.6395 0.0972 
        D858 10 0.0519 0.0218 0.0273 0.8990 
        D933 10 0.3659 0.2517 0.3133 0.0691 
        D038 11 0.4047 0.1759 0.1968 0.2227 
        D063 11 0.3205 0.4288 0.1494 0.1013 
        D155 11 0.2564 0.5283 0.1205 0.0948 
        D175 11 0.0811 0.5013 0.0713 0.3463 
        D176 11 0.6107 0.2369 0.0537 0.0987 
        D205 11 0.0341 0.7253 0.0457 0.1949 
     D237229 11 0.4221 0.0469 0.2889 0.2421 
     D237230 11 0.3316 0.0471 0.3621 0.2592 
     D237231 11 0.1030 0.0456 0.7846 0.0668 
     D237269 11 0.3264 0.1276 0.3786 0.1675 
     D237270 11 0.0880 0.0421 0.1498 0.7201 
     D237271 11 0.0638 0.4848 0.2828 0.1687 
     D237272 11 0.2917 0.0496 0.3693 0.2895 
     D237273 11 0.1631 0.6253 0.1256 0.0860 
     D237301 11 0.0865 0.1459 0.7019 0.0658 
     D237302 11 0.1872 0.1020 0.2104 0.5004 
     D237303 11 0.1979 0.0348 0.1635 0.6038 
     D237304 11 0.1530 0.1717 0.4096 0.2657 
     D237305 11 0.1226 0.1048 0.0579 0.7147 
     D237314 11 0.1278 0.5078 0.1453 0.2191 
     D237315 11 0.1274 0.0662 0.1459 0.6604 
     D237316 11 0.0382 0.0743 0.8536 0.0339 
     D237328 11 0.0675 0.2709 0.3105 0.3511 
     D237329 11 0.5025 0.1305 0.0980 0.2690 
     D237330 11 0.0986 0.7752 0.0552 0.0710 
     D237331 11 0.1956 0.4411 0.2619 0.1015 
     D237332 11 0.1190 0.2520 0.4333 0.1957 
     D237333 11 0.4264 0.4635 0.0644 0.0457 
     D237334 11 0.0740 0.1128 0.7516 0.0616 
     D237335 11 0.0851 0.3106 0.3482 0.2562 
     D237336 11 0.4263 0.2120 0.1641 0.1976 
     D237350 11 0.1345 0.6065 0.1829 0.0761 
     D237383 11 0.2559 0.1770 0.0916 0.4754 
     D237384 11 0.1015 0.0823 0.6202 0.1960 
     D237385 11 0.2278 0.1968 0.3293 0.2461 
     D237386 11 0.1516 0.1889 0.5624 0.0971 
     D237387 11 0.0558 0.1079 0.6003 0.2360 
     D237388 11 0.0647 0.6935 0.1948 0.0470 
        D239 11 0.2223 0.4759 0.2171 0.0846 
        D240 11 0.7551 0.0998 0.0462 0.0990 
        D241 11 0.4368 0.0493 0.3557 0.1583 
        D242 11 0.2253 0.1046 0.5489 0.1213 
        D243 11 0.1484 0.5431 0.1428 0.1657 
        D244 11 0.0517 0.7325 0.0621 0.1538 
