        D174  1 0.7027 0.1071 0.0871 0.1031 
        D199  1 0.1981 0.2274 0.3550 0.2195 
        D203  1 0.1023 0.2370 0.4680 0.1928 
        D204  1 0.0224 0.0500 0.8859 0.0416 
     D237366  1 0.0400 0.6990 0.1413 0.1197 
     D237367  1 0.0513 0.6075 0.2014 0.1398 
     D237368  1 0.0911 0.7108 0.1287 0.0695 
     D244101  1 0.0337 0.0740 0.7524 0.1400 
     D244102  1 0.2652 0.1640 0.2940 0.2768 
     D244103  1 0.0898 0.2959 0.2647 0.3496 
     D244104  1 0.2859 0.0936 0.5479 0.0726 
     D244105  1 0.0296 0.2710 0.3214 0.3779 
     D244106  1 0.6202 0.1288 0.0857 0.1654 
     D244107  1 0.0354 0.7638 0.0800 0.1208 
     D244108  1 0.7282 0.0890 0.1192 0.0636 
     D244113  1 0.7383 0.0749 0.0869 0.0999 
     D244114  1 0.1461 0.1587 0.1914 0.5037 
     D244115  1 0.6827 0.0562 0.1296 0.1315 
     D267365  1 0.3360 0.0644 0.4627 0.1368 
        D404  1 0.6509 0.0600 0.1100 0.1792 
        D405  1 0.3486 0.1616 0.2739 0.2159 
        D406  1 0.0394 0.8260 0.1004 0.0342 
        D407  1 0.0364 0.7929 0.0873 0.0834 
        D408  1 0.8466 0.0218 0.0384 0.0932 
        D409  1 0.0854 0.1563 0.2307 0.5276 
        D410  1 0.6235 0.1911 0.0889 0.0965 
        D421  1 0.0952 0.2731 0.5588 0.0728 
        D422  1 0.0147 0.9210 0.0306 0.0336 
        D423  1 0.1772 0.7098 0.0408 0.0722 
        D424  1 0.0532 0.0917 0.7151 0.1400 
        D425  1 0.3572 0.0521 0.4229 0.1678 
        D426  1 0.0432 0.2165 0.0625 0.6778 
        D427  1 0.1630 0.7011 0.1016 0.0343 
        D428  1 0.2537 0.2626 0.3486 0.1351 
        D429  1 0.2910 0.0931 0.4861 0.1298 
        D430  1 0.2371 0.1279 0.1511 0.4838 
        D491  1 0.8326 0.0165 0.1090 0.0419 
        D492  1 0.1398 0.3561 0.3437 0.1603 
        D537  1 0.0647 0.1959 0.6656 0.0737 
        D538  1 0.2434 0.2460 0.2164 0.2942 
        D539  1 0.4494 0.1091 0.1098 0.3317 
        D540  1 0.3177 0.1140 0.2213 0.3469 
        D541  1 0.0319 0.0571 0.8369 0.0742 
        D551  1 0.0479 0.5140 0.0326 0.4055 
        D552  1 0.4066 0.1328 0.3550 0.1056 
        D553  1 0.0510 0.0185 0.8525 0.0781 
        D615  1 0.2150 0.1695 0.4423 0.1731 
        D616  1 0.1826 0.4153 0.1872 0.2149 
        D621  1 0.2225 0.6128 0.0669 0.0979 
        D622  1 0.0970 0.7186 0.0897 0.0947 
        D623  1 0.5193 0.1565 0.2044 0.1198 
        D624  1 0.8055 0.0329 0.0592 0.1025 
        D625  1 0.1217 0.0499 0.7114 0.1170 
        D626  1 0.6543 0.1124 0.1320 0.1013 
        D627  1 0.0552 0.0700 0.1308 0.7440 
        D690  1 0.1960 0.0348 0.7152 0.0539 
        D691  1 0.0507 0.6986 0.1481 0.1025 
        D710  1 0.2467 0.0818 0.5418 0.1296 
        D711  1 0.0420 0.0537 0.8228 0.0814 
        D712  1 0.6906 0.0797 0.1095 0.1202 
        D713  1 0.3844 0.1117 0.3507 0.1533 
        D746  1 0.0298 0.8915 0.0519 0.0268 
        D747  1 0.0293 0.0479 0.8741 0.0487 
        D748  1 0.1095 0.1063 0.6366 0.1476 
        D749  1 0.1323 0.6955 0.0422 0.1300 
        D750  1 0.6451 0.0510 0.2382 0.0657 
        D763  1 0.0595 0.2349 0.3832 0.3224 
        D764  1 0.4265 0.0717 0.4386 0.0632 
        D765  1 0.6055 0.1309 0.0662 0.1975 
        D766  1 0.2052 0.3047 0.3910 0.0991 
        D767  1 0.0608 0.2571 0.5084 0.1736 
        D768  1 0.0210 0.0596 0.8360 0.0834 
        D811  1 0.7604 0.0272 0.0532 0.1592 
        D816  1 0.0775 0.0351 0.8421 0.0453 
        D825  1 0.6821 0.0421 0.1466 0.1292 
        D866  1 0.5484 0.1096 0.0836 0.2583 
        D867  1 0.0290 0.9147 0.0266 0.0297 
        D871  1 0.0536 0.1129 0.1822 0.6513 
        D872  1 0.0657 0.1786 0.6776 0.0782 
        D873  1 0.5815 0.3655 0.0171 0.0359 
        D874  1 0.1365 0.0260 0.7538 0.0837 
        D875  1 0.0480 0.1323 0.1504 0.6693 
        D876  1 0.1101 0.0360 0.7847 0.0693 
        D877  1 0.4771 0.0393 0.2021 0.2815 
        D892  1 0.1692 0.0781 0.6353 0.1174 
        D893  1 0.0605 0.0868 0.7250 0.1277 
        D894  1 0.1299 0.0743 0.5965 0.1993 
        D915  1 0.1645 0.0767 0.6581 0.1008 
        D916  1 0.0503 0.0410 0.8445 0.0642 
        D917  1 0.3845 0.0651 0.3434 0.2070 
        D925  1 0.7640 0.1102 0.0848 0.0410 
        D926  1 0.1968 0.0617 0.4980 0.2435 
        D927  1 0.0830 0.1931 0.5188 0.2051 
        D928  1 0.8323 0.0217 0.1180 0.0280 
        D929  1 0.1723 0.1045 0.4586 0.2647 
        D936  1 0.0674 0.0432 0.7832 0.1062 
        D938  1 0.0439 0.8643 0.0624 0.0294 
        D956  1 0.7869 0.0373 0.0419 0.1340 
        D957  1 0.1114 0.1954 0.5923 0.1008 
        D958  1 0.1683 0.1136 0.6351 0.0831 
        D959  1 0.0275 0.8344 0.0776 0.0605 
        D960  1 0.0871 0.8187 0.0518 0.0424 
        D989  1 0.6643 0.0650 0.1470 0.1237 
        D990  1 0.5772 0.1635 0.0244 0.2348 
        D023  2 0.0286 0.8471 0.0883 0.0360 
        D130  2 0.0152 0.9118 0.0458 0.0272 
        D131  2 0.1002 0.0386 0.5093 0.3519 
        D163  2 0.0933 0.7044 0.1019 0.1004 
        D164  2 0.0453 0.9226 0.0155 0.0166 
        D165  2 0.0252 0.8951 0.0438 0.0359 
        D166  2 0.0665 0.1070 0.2453 0.5812 
        D167  2 0.0437 0.8994 0.0244 0.0326 
        D192  2 0.0286 0.9314 0.0174 0.0226 
        D193  2 0.5060 0.0944 0.1180 0.2816 
        D206  2 0.0703 0.7092 0.1009 0.1197 
        D207  2 0.0522 0.4179 0.1746 0.3552 
        D208  2 0.5580 0.0786 0.1296 0.2339 
        D209  2 0.0525 0.6589 0.1465 0.1421 
        D210  2 0.5570 0.1307 0.1794 0.1329 
     D229599  2 0.1713 0.1123 0.5232 0.1932 
     D229600  2 0.0216 0.9243 0.0266 0.0275 
     D237227  2 0.8125 0.0951 0.0465 0.0459 
     D237228  2 0.8418 0.0420 0.0182 0.0981 
     D237258  2 0.2526 0.4811 0.0936 0.1727 
     D237310  2 0.4557 0.2818 0.0258 0.2367 
     D237311  2 0.3669 0.5335 0.0299 0.0697 
     D237312  2 0.3856 0.1383 0.1411 0.3350 
     D237313  2 0.3968 0.0519 0.3783 0.1731 
     D237322  2 0.1994 0.0605 0.1532 0.5870 
     D237323  2 0.7417 0.1311 0.0332 0.0940 
     D237324  2 0.0246 0.7136 0.0535 0.2083 
     D237325  2 0.3103 0.3558 0.1695 0.1644 
     D237326  2 0.4692 0.2432 0.2010 0.0866 
     D237327  2 0.0848 0.2811 0.2315 0.4026 
     D237337  2 0.6859 0.1038 0.0818 0.1285 
     D237338  2 0.2659 0.3485 0.2084 0.1772 
     D237339  2 0.0310 0.1059 0.7127 0.1504 
     D237340  2 0.4087 0.4576 0.0513 0.0824 
     D237389  2 0.3232 0.4299 0.0475 0.1994 
     D237390  2 0.3672 0.1037 0.2825 0.2466 
     D244017  2 0.4727 0.2450 0.1033 0.1790 
     D244112  2 0.0342 0.8545 0.0218 0.0896 
     D244118  2 0.0242 0.9353 0.0180 0.0226 
     D244119  2 0.6771 0.2580 0.0275 0.0374 
     D244120  2 0.2522 0.2712 0.0572 0.4194 
     D244122  2 0.0782 0.7988 0.0318 0.0912 
        D291  2 0.1375 0.1376 0.1216 0.6033 
        D292  2 0.3489 0.1380 0.3973 0.1158 
        D293  2 0.0235 0.1516 0.6199 0.2050 
        D322  2 0.0286 0.2913 0.5329 0.1473 
        D323  2 0.1912 0.2061 0.3518 0.2508 
        D324  2 0.2466 0.1420 0.2805 0.3309 
        D325  2 0.0165 0.7578 0.0684 0.1573 
        D326  2 0.0341 0.0219 0.8675 0.0765 
        D340  2 0.0169 0.9421 0.0194 0.0216 
        D341  2 0.0530 0.8064 0.0599 0.0807 
        D342  2 0.0357 0.7829 0.0333 0.1482 
        D343  2 0.0106 0.9451 0.0181 0.0262 
        D344  2 0.0749 0.0792 0.6700 0.1759 
        D345  2 0.1825 0.0944 0.6216 0.1015 
        D346  2 0.7793 0.0604 0.0899 0.0705 
        D351  2 0.0431 0.0718 0.5893 0.2958 
        D352  2 0.1716 0.0773 0.4162 0.3350 
        D353  2 0.0282 0.0208 0.5876 0.3634 
        D354  2 0.2190 0.0389 0.6488 0.0933 
        D362  2 0.1672 0.1331 0.6160 0.0837 
        D363  2 0.2906 0.0758 0.5676 0.0660 
        D364  2 0.1437 0.0473 0.7452 0.0637 
        D365  2 0.0186 0.9145 0.0373 0.0296 
        D369  2 0.4837 0.1176 0.2800 0.1187 
        D374  2 0.8436 0.0483 0.0286 0.0795 
        D375  2 0.1158 0.0647 0.5827 0.2368 
        D376  2 0.8230 0.0413 0.0406 0.0951 
        D377  2 0.5206 0.1340 0.1291 0.2163 
        D378  2 0.0316 0.1587 0.6499 0.1598 
        D379  2 0.0454 0.0279 0.8480 0.0787 
        D384  2 0.0443 0.0171 0.8839 0.0548 
        D385  2 0.0492 0.8676 0.0315 0.0517 
        D386  2 0.0297 0.1347 0.7479 0.0877 
        D391  2 0.0225 0.8336 0.0988 0.0450 
        D392  2 0.0663 0.8354 0.0638 0.0346 
        D393  2 0.0635 0.1196 0.7085 0.1084 
        D394  2 0.0959 0.2876 0.4238 0.1928 
        D395  2 0.0337 0.4773 0.2537 0.2353 
        D401  2 0.7769 0.1678 0.0184 0.0369 
        D402  2 0.0308 0.8386 0.0570 0.0736 
        D403  2 0.0370 0.1440 0.3708 0.4482 
        D415  2 0.0257 0.0664 0.7401 0.1678 
        D435  2 0.0307 0.4490 0.4101 0.1102 
        D436  2 0.0784 0.0916 0.6812 0.1488 
        D438  2 0.0251 0.9367 0.0180 0.0201 
        D439  2 0.0331 0.1052 0.6321 0.2296 
        D449  2 0.0313 0.7827 0.0611 0.1249 
        D450  2 0.2855 0.0391 0.3221 0.3533 
        D456  2 0.0193 0.0143 0.8955 0.0709 
        D462  2 0.0179 0.8500 0.0934 0.0386 
        D463  2 0.0232 0.0157 0.9145 0.0467 
        D464  2 0.0560 0.0609 0.5444 0.3387 
        D465  2 0.0435 0.7568 0.1198 0.0799 
        D473  2 0.7082 0.0882 0.1001 0.1035 
        D474  2 0.2833 0.1173 0.4960 0.1034 
        D476  2 0.0168 0.8451 0.0840 0.0541 
        D477  2 0.2111 0.0396 0.6257 0.1236 
        D478  2 0.2517 0.1877 0.3102 0.2504 
        D480  2 0.0921 0.0756 0.6477 0.1847 
        D481  2 0.2112 0.1553 0.5135 0.1200 
        D482  2 0.4291 0.0817 0.1380 0.3511 
        D483  2 0.0552 0.8981 0.0213 0.0254 
        D484  2 0.1372 0.1794 0.3526 0.3308 
        D510  2 0.8157 0.0352 0.0473 0.1019 
        D511  2 0.0286 0.0955 0.7901 0.0858 
        D512  2 0.1830 0.5347 0.0402 0.2420 
        D513  2 0.0992 0.6737 0.0843 0.1429 
        D635  2 0.0849 0.3788 0.4135 0.1228 
        D636  2 0.0345 0.8912 0.0357 0.0385 
        D637  2 0.2093 0.1521 0.2679 0.3706 
        D658  2 0.1665 0.6414 0.0887 0.1034 
        D659  2 0.0422 0.1117 0.7104 0.1358 
        D677  2 0.0882 0.2866 0.3676 0.2576 
        D678  2 0.0473 0.8070 0.0259 0.1198 
        D679  2 0.0889 0.1041 0.5896 0.2174 
        D719  2 0.5313 0.0530 0.3567 0.0590 
        D720  2 0.1567 0.0826 0.6848 0.0759 
        D721  2 0.0343 0.8193 0.0936 0.0528 
        D722  2 0.7640 0.0838 0.0448 0.1074 
        D734  2 0.4020 0.0675 0.3607 0.1697 
        D735  2 0.1495 0.1476 0.4842 0.2187 
        D736  2 0.6122 0.1365 0.1414 0.1100 
        D737  2 0.1270 0.5935 0.1361 0.1434 
        D807  2 0.4885 0.0666 0.3071 0.1377 
        D808  2 0.0899 0.2167 0.3445 0.3489 
        D817  2 0.2968 0.0423 0.5451 0.1158 
        D818  2 0.0410 0.2491 0.1833 0.5266 
        D819  2 0.3143 0.0860 0.4104 0.1893 
        D820  2 0.0217 0.0297 0.8938 0.0548 
        D895  2 0.0802 0.2487 0.5227 0.1485 
        D896  2 0.8017 0.1281 0.0301 0.0400 
        D897  2 0.0586 0.4853 0.0658 0.3904 
        D898  2 0.3672 0.0435 0.1705 0.4188 
        D918  2 0.1669 0.3145 0.1359 0.3827 
        D919  2 0.0226 0.1370 0.6532 0.1871 
        D920  2 0.0403 0.8831 0.0326 0.0440 
        D923  2 0.0307 0.0453 0.8709 0.0531 
        D930  2 0.1994 0.0512 0.4917 0.2577 
        D931  2 0.1286 0.1199 0.6565 0.0950 
        D968  2 0.0261 0.8026 0.0678 0.1035 
        D969  2 0.1273 0.1163 0.5749 0.1815 
        D977  2 0.0260 0.7243 0.0537 0.1961 
        D978  2 0.0755 0.0661 0.1113 0.7470 
        D211  3 0.0277 0.1960 0.2319 0.5443 
     D229639  3 0.5370 0.0705 0.0771 0.3153 
     D237212  3 0.0963 0.1501 0.3421 0.4115 
     D237213  3 0.0920 0.1287 0.3319 0.4474 
     D237214  3 0.0489 0.6159 0.0667 0.2684 
     D237215  3 0.4399 0.4123 0.0229 0.1248 
     D237216  3 0.0437 0.0873 0.0722 0.7968 
     D237217  3 0.0278 0.1200 0.1796 0.6726 
     D237218  3 0.0627 0.1209 0.3862 0.4303 
     D237219  3 0.5745 0.1137 0.0626 0.2492 
     D237382  3 0.1953 0.1164 0.4006 0.2877 
     D244127  3 0.2795 0.4050 0.0483 0.2672 
     D244129  3 0.1445 0.1653 0.4292 0.2610 
     D244133  3 0.4151 0.3207 0.0815 0.1828 
     D244134  3 0.6940 0.0701 0.0560 0.1799 
     D244135  3 0.0226 0.8615 0.0614 0.0545 
     D244136  3 0.4500 0.1724 0.2211 0.1566 
        D416  3 0.0968 0.2837 0.2839 0.3356 
        D417  3 0.0470 0.0575 0.7993 0.0962 
        D419  3 0.2575 0.1607 0.2801 0.3017 
        D565  3 0.8825 0.0221 0.0596 0.0358 
        D566  3 0.7866 0.0593 0.0380 0.1162 
        D567  3 0.0429 0.0883 0.8089 0.0599 
        D568  3 0.0421 0.3382 0.4404 0.1793 
        D569  3 0.0570 0.2277 0.3469 0.3684 
        D573  3 0.1105 0.1947 0.3530 0.3419 
        D574  3 0.6610 0.0824 0.0908 0.1659 
        D575  3 0.5432 0.1444 0.1228 0.1896 
        D576  3 0.1615 0.6876 0.0156 0.1354 
        D577  3 0.0598 0.0915 0.6880 0.1607 
        D578  3 0.0171 0.8538 0.0182 0.1109 
        D579  3 0.3264 0.1494 0.3223 0.2019 
        D660  3 0.0627 0.5560 0.0513 0.3300 
        D661  3 0.0562 0.3633 0.1182 0.4623 
        D663  3 0.0841 0.0849 0.0808 0.7502 
        D664  3 0.3385 0.3122 0.0398 0.3094 
        D665  3 0.0338 0.1406 0.0663 0.7593 
        D666  3 0.6280 0.0644 0.1677 0.1399 
        D009  4 0.0514 0.0983 0.5042 0.3460 
        D057  4 0.0275 0.7524 0.1508 0.0693 
        D109  4 0.4547 0.0866 0.0778 0.3810 
     D237222  4 0.0855 0.7560 0.0675 0.0910 
     D237223  4 0.1525 0.3088 0.1273 0.4114 
     D237224  4 0.1109 0.1363 0.5850 0.1679 
     D237225  4 0.0518 0.1199 0.3959 0.4324 
     D237299  4 0.0553 0.0704 0.0344 0.8399 
     D237300  4 0.4058 0.0803 0.0344 0.4795 
     D237306  4 0.6076 0.0602 0.1892 0.1429 
     D237307  4 0.3384 0.1541 0.3055 0.2020 
     D237308  4 0.1262 0.7568 0.0610 0.0561 
     D237309  4 0.0509 0.2057 0.4478 0.2956 
     D237317  4 0.5668 0.0371 0.2326 0.1635 
     D237318  4 0.2514 0.0580 0.0232 0.6674 
     D237319  4 0.1293 0.3036 0.2297 0.3374 
     D237320  4 0.0913 0.3530 0.2119 0.3438 
     D237321  4 0.3602 0.1949 0.0988 0.3461 
     D237397  4 0.2995 0.2707 0.1116 0.3182 
     D237398  4 0.0636 0.1232 0.1349 0.6783 
     D237399  4 0.2547 0.1299 0.3928 0.2226 
     D244001  4 0.0299 0.8770 0.0421 0.0510 
        D289  4 0.2433 0.0780 0.4999 0.1787 
        D290  4 0.0359 0.0827 0.2683 0.6131 
        D294  4 0.0584 0.1160 0.4424 0.3832 
        D295  4 0.1404 0.0476 0.6350 0.1771 
        D301  4 0.0770 0.8393 0.0350 0.0488 
        D302  4 0.0303 0.0643 0.7497 0.1557 
        D303  4 0.6954 0.0997 0.1152 0.0897 
        D304  4 0.0981 0.0599 0.2222 0.6198 
        D305  4 0.0269 0.1337 0.1705 0.6689 
        D306  4 0.0522 0.0400 0.2022 0.7056 
        D307  4 0.0843 0.8463 0.0269 0.0425 
        D327  4 0.0883 0.0946 0.6781 0.1390 
        D328  4 0.5105 0.0596 0.2552 0.1747 
        D329  4 0.0672 0.3114 0.3446 0.2768 
        D330  4 0.0490 0.1419 0.6711 0.1380 
        D331  4 0.2688 0.1268 0.2660 0.3384 
        D333  4 0.2212 0.2094 0.2773 0.2921 
        D334  4 0.4302 0.0842 0.3208 0.1648 
        D335  4 0.0356 0.0950 0.7988 0.0706 
        D370  4 0.5503 0.1863 0.1354 0.1280 
        D371  4 0.8058 0.0554 0.0999 0.0390 
        D372  4 0.0934 0.0409 0.0240 0.8417 
        D373  4 0.0267 0.9085 0.0320 0.0328 
        D455  4 0.0285 0.8746 0.0578 0.0390 
        D490  4 0.0311 0.8234 0.0571 0.0884 
        D497  4 0.0351 0.7727 0.0549 0.1373 
        D498  4 0.3727 0.1444 0.1547 0.3282 
        D499  4 0.4428 0.0951 0.1394 0.3227 
        D514  4 0.0417 0.0593 0.6324 0.2666 
        D515  4 0.0637 0.2273 0.2243 0.4847 
        D516  4 0.3075 0.1908 0.2396 0.2621 
        D517  4 0.0267 0.7954 0.0789 0.0990 
        D518  4 0.0656 0.6591 0.2120 0.0632 
        D519  4 0.0433 0.2315 0.1670 0.5582 
        D560  4 0.0275 0.2604 0.2440 0.4681 
        D561  4 0.0216 0.2864 0.3536 0.3383 
        D562  4 0.1064 0.1814 0.3144 0.3978 
        D563  4 0.0495 0.5393 0.1889 0.2223 
        D572  4 0.0372 0.1400 0.7117 0.1111 
        D629  4 0.1177 0.1244 0.4957 0.2622 
        D630  4 0.0826 0.1754 0.4482 0.2938 
        D631  4 0.0599 0.3609 0.3815 0.1977 
        D632  4 0.0378 0.8348 0.0945 0.0329 
        D646  4 0.0728 0.2392 0.4176 0.2704 
        D647  4 0.0254 0.1590 0.6978 0.1178 
        D648  4 0.3351 0.1376 0.2590 0.2683 
        D649  4 0.0757 0.0971 0.7407 0.0865 
        D650  4 0.2367 0.1184 0.4223 0.2225 
        D708  4 0.4451 0.0705 0.1899 0.2945 
        D709  4 0.1966 0.0622 0.2876 0.4536 
        D738  4 0.6108 0.0802 0.2060 0.1030 
        D739  4 0.0936 0.1592 0.2211 0.5261 
        D740  4 0.2502 0.1308 0.0708 0.5482 
        D741  4 0.0393 0.1615 0.2873 0.5120 
        D742  4 0.1858 0.2716 0.1695 0.3731 
        D743  4 0.0403 0.0499 0.8296 0.0803 
        D744  4 0.0367 0.1073 0.6816 0.1744 
        D745  4 0.0470 0.1868 0.1638 0.6023 
        D814  4 0.0229 0.5210 0.0574 0.3987 
        D815  4 0.0691 0.0538 0.7670 0.1101 
        D828  4 0.3468 0.1199 0.0758 0.4575 
        D845  4 0.4381 0.0549 0.0597 0.4473 
        D846  4 0.0155 0.3953 0.4497 0.1395 
        D847  4 0.1416 0.1444 0.3997 0.3144 
        D848  4 0.0246 0.9060 0.0279 0.0416 
        D849  4 0.0312 0.2342 0.1812 0.5534 
        D850  4 0.1435 0.2500 0.2986 0.3078 
        D856  4 0.1339 0.0672 0.2358 0.5630 
        D857  4 0.3934 0.5179 0.0173 0.0713 
        D859  4 0.0657 0.0622 0.6256 0.2464 
        D860  4 0.4666 0.0879 0.3509 0.0947 
        D883  4 0.2822 0.1562 0.4178 0.1438 
        D884  4 0.3216 0.0722 0.2890 0.3172 
        D885  4 0.0767 0.2372 0.1900 0.4961 
        D886  4 0.0475 0.2961 0.4752 0.1812 
        D887  4 0.1922 0.1503 0.3261 0.3313 
        D889  4 0.0420 0.0208 0.1398 0.7974 
        D890  4 0.5672 0.1572 0.1528 0.1228 
        D891  4 0.2371 0.0397 0.0232 0.7000 
        D899  4 0.3246 0.2284 0.2210 0.2260 
        D900  4 0.1149 0.1246 0.4965 0.2640 
        D970  4 0.1132 0.0792 0.6529 0.1547 
        D971  4 0.0651 0.6941 0.1390 0.1018 
        D979  4 0.0408 0.0647 0.8314 0.0631 
        D093  5 0.7261 0.0828 0.1001 0.0910 
        D154  5 0.1151 0.0999 0.0744 0.7106 
        D168  5 0.0611 0.3768 0.1056 0.4565 
        D189  5 0.4739 0.0708 0.0937 0.3616 
        D190  5 0.8322 0.0325 0.0855 0.0498 
     D237220  5 0.1467 0.0808 0.2047 0.5678 
     D237221  5 0.5620 0.0915 0.1942 0.1522 
     D237274  5 0.0280 0.0424 0.8661 0.0635 
     D237275  5 0.1214 0.4868 0.0419 0.3500 
     D237276  5 0.3542 0.1190 0.3097 0.2171 
     D237277  5 0.7843 0.0640 0.0663 0.0854 
     D237278  5 0.2350 0.6003 0.0521 0.1125 
     D237279  5 0.1456 0.3276 0.0630 0.4639 
     D237280  5 0.3278 0.1460 0.3562 0.1700 
     D237281  5 0.1219 0.2252 0.1522 0.5007 
     D237351  5 0.8105 0.0607 0.0331 0.0956 
     D237352  5 0.0693 0.7395 0.1170 0.0742 
     D237353  5 0.9227 0.0186 0.0317 0.0270 
     D237359  5 0.1000 0.0827 0.1895 0.6278 
     D237361  5 0.9159 0.0255 0.0299 0.0287 
     D237362  5 0.5158 0.1053 0.2141 0.1648 
     D237363  5 0.1197 0.1211 0.0752 0.6840 
     D237364  5 0.0386 0.3303 0.2382 0.3929 
     D237376  5 0.5932 0.0445 0.0789 0.2834 
     D237377  5 0.5621 0.1349 0.2186 0.0844 
     D237378  5 0.7233 0.0752 0.0782 0.1233 
     D237379  5 0.4392 0.1106 0.1631 0.2871 
     D237380  5 0.5212 0.2562 0.1117 0.1108 
     D237381  5 0.2035 0.5609 0.1363 0.0993 
     D237391  5 0.7973 0.0430 0.0929 0.0668 
     D237392  5 0.0686 0.2605 0.5506 0.1203 
     D237393  5 0.3416 0.1128 0.4648 0.0808 
     D237394  5 0.9068 0.0148 0.0531 0.0253 
     D237395  5 0.4901 0.1416 0.0710 0.2972 
     D237396  5 0.2639 0.1907 0.3981 0.1473 
     D244016  5 0.4477 0.0917 0.1374 0.3232 
     D244018  5 0.1794 0.6970 0.0387 0.0849 
     D244019  5 0.2181 0.0730 0.3996 0.3094 
        D279  5 0.1456 0.1253 0.1382 0.5908 
        D280  5 0.4822 0.0612 0.1421 0.3144 
        D281  5 0.1644 0.0446 0.0611 0.7299 
        D283  5 0.7042 0.0307 0.1778 0.0873 
        D284  5 0.0732 0.3704 0.0914 0.4651 
        D285  5 0.4885 0.0369 0.2162 0.2584 
        D286  5 0.2508 0.0871 0.4106 0.2515 
        D287  5 0.5887 0.0834 0.1081 0.2197 
        D288  5 0.4972 0.0457 0.2224 0.2347 
        D308  5 0.6664 0.1393 0.1112 0.0830 
        D309  5 0.0286 0.0578 0.7681 0.1456 
        D310  5 0.6793 0.0132 0.0371 0.2703 
        D311  5 0.2987 0.0780 0.3247 0.2986 
        D312  5 0.3550 0.1093 0.3482 0.1875 
        D313  5 0.2165 0.7262 0.0175 0.0398 
        D314  5 0.2074 0.1949 0.1003 0.4974 
        D315  5 0.4840 0.0788 0.3295 0.1077 
        D317  5 0.8343 0.0369 0.0739 0.0549 
        D318  5 0.1161 0.2018 0.3573 0.3247 
        D319  5 0.9058 0.0200 0.0288 0.0454 
        D320  5 0.7863 0.0257 0.0853 0.1026 
        D321  5 0.8915 0.0411 0.0281 0.0393 
        D336  5 0.6550 0.0305 0.1799 0.1346 
        D337  5 0.8819 0.0211 0.0438 0.0532 
        D338  5 0.1975 0.1091 0.2349 0.4585 
        D339  5 0.7067 0.0615 0.0480 0.1838 
        D347  5 0.1224 0.0839 0.5363 0.2574 
        D348  5 0.7572 0.0411 0.0996 0.1021 
        D349  5 0.9156 0.0340 0.0250 0.0254 
        D350  5 0.0290 0.0380 0.6982 0.2348 
        D355  5 0.0455 0.0370 0.1964 0.7211 
        D356  5 0.3875 0.0891 0.4171 0.1062 
        D357  5 0.3173 0.0773 0.1684 0.4371 
        D358  5 0.5488 0.0944 0.1872 0.1696 
        D359  5 0.5704 0.0169 0.3565 0.0562 
        D360  5 0.5311 0.0742 0.2979 0.0969 
        D361  5 0.7869 0.1277 0.0299 0.0555 
        D366  5 0.0346 0.7042 0.2013 0.0599 
        D367  5 0.6609 0.0319 0.0576 0.2497 
        D368  5 0.6977 0.0338 0.0785 0.1900 
        D380  5 0.0942 0.1505 0.4635 0.2918 
        D381  5 0.7115 0.0305 0.0840 0.1741 
        D400  5 0.2727 0.1172 0.2935 0.3165 
        D411  5 0.0262 0.8774 0.0192 0.0772 
        D412  5 0.1548 0.2746 0.1401 0.4305 
        D413  5 0.0369 0.8388 0.0626 0.0618 
        D414  5 0.0587 0.1520 0.3981 0.3912 
        D420  5 0.1454 0.1287 0.0599 0.6660 
        D431  5 0.4419 0.0853 0.0410 0.4318 
        D432  5 0.6165 0.1935 0.1044 0.0857 
        D433  5 0.8271 0.0255 0.0662 0.0812 
        D434  5 0.6527 0.0356 0.1856 0.1261 
        D440  5 0.0293 0.0274 0.7427 0.2006 
        D447  5 0.0455 0.1904 0.5544 0.2097 
        D448  5 0.6171 0.0335 0.1471 0.2023 
        D459  5 0.1078 0.1827 0.2525 0.4570 
        D460  5 0.8961 0.0492 0.0346 0.0201 
        D461  5 0.0358 0.0198 0.8535 0.0909 
        D468  5 0.5759 0.0916 0.1311 0.2014 
        D469  5 0.1777 0.0698 0.6064 0.1460 
        D470  5 0.1195 0.1890 0.2510 0.4405 
        D471  5 0.6085 0.0313 0.1491 0.2110 
        D472  5 0.0392 0.0487 0.8038 0.1083 
        D479  5 0.0411 0.8478 0.0633 0.0478 
        D485  5 0.1995 0.1714 0.2580 0.3711 
        D486  5 0.2833 0.2363 0.1807 0.2997 
        D487  5 0.3916 0.2019 0.1303 0.2762 
        D555  5 0.8329 0.0686 0.0414 0.0571 
        D556  5 0.5793 0.0685 0.1128 0.2393 
        D557  5 0.8919 0.0230 0.0586 0.0265 
        D564  5 0.5605 0.0799 0.2504 0.1092 
        D594  5 0.1453 0.1818 0.3835 0.2893 
        D595  5 0.5085 0.1243 0.2173 0.1498 
        D596  5 0.8868 0.0473 0.0313 0.0345 
        D597  5 0.3555 0.1411 0.3436 0.1598 
        D598  5 0.4439 0.2120 0.2119 0.1322 
        D617  5 0.0323 0.8415 0.0301 0.0961 
        D618  5 0.6683 0.0618 0.1584 0.1116 
        D619  5 0.7142 0.0710 0.1205 0.0943 
        D620  5 0.0415 0.8871 0.0394 0.0320 
        D628  5 0.1225 0.3032 0.4056 0.1688 
        D714  5 0.6157 0.0520 0.0727 0.2596 
        D715  5 0.7841 0.0301 0.1379 0.0479 
        D716  5 0.1390 0.1151 0.3030 0.4428 
        D717  5 0.1803 0.0813 0.5983 0.1400 
        D718  5 0.1970 0.0925 0.0634 0.6470 
        D769  5 0.0394 0.8173 0.0390 0.1042 
        D770  5 0.3486 0.2106 0.1189 0.3218 
        D771  5 0.1672 0.3095 0.1649 0.3584 
        D772  5 0.4773 0.0692 0.2907 0.1628 
        D782  5 0.1588 0.2640 0.0413 0.5360 
        D783  5 0.1722 0.3024 0.2045 0.3209 
        D784  5 0.1372 0.0612 0.6649 0.1367 
        D785  5 0.8283 0.0406 0.0844 0.0467 
        D786  5 0.0233 0.7526 0.1739 0.0501 
        D821  5 0.9350 0.0137 0.0287 0.0227 
        D822  5 0.2378 0.0741 0.4934 0.1947 
        D826  5 0.5864 0.0622 0.0971 0.2544 
        D827  5 0.0441 0.1201 0.6102 0.2256 
        D851  5 0.3247 0.1025 0.1841 0.3887 
        D852  5 0.4583 0.1321 0.1341 0.2755 
        D853  5 0.3964 0.0641 0.1724 0.3671 
        D854  5 0.0953 0.0967 0.2006 0.6074 
        D861  5 0.3091 0.1540 0.0742 0.4627 
        D862  5 0.4327 0.0344 0.3801 0.1529 
        D865  5 0.8799 0.0373 0.0358 0.0470 
        D868  5 0.0919 0.0384 0.7821 0.0876 
        D869  5 0.0475 0.8796 0.0318 0.0411 
        D870  5 0.0215 0.2681 0.1691 0.5413 
        D907  5 0.6916 0.0572 0.0429 0.2084 
        D908  5 0.6792 0.1127 0.0779 0.1302 
        D910  5 0.6219 0.0744 0.1196 0.1841 
        D911  5 0.0608 0.0196 0.1555 0.7641 
        D934  5 0.2859 0.1392 0.2004 0.3745 
        D946  5 0.3180 0.1254 0.1102 0.4464 
        D947  5 0.1052 0.0556 0.4283 0.4108 
        D948  5 0.9382 0.0236 0.0205 0.0176 
        D949  5 0.8992 0.0360 0.0354 0.0294 
        D950  5 0.0879 0.0431 0.1138 0.7552 
        D951  5 0.0707 0.1176 0.5390 0.2727 
        D952  5 0.1742 0.0369 0.6767 0.1122 
        D953  5 0.7722 0.0316 0.1362 0.0601 
        D954  5 0.5657 0.0335 0.3295 0.0713 
        D961  5 0.3790 0.0978 0.1125 0.4107 
        D962  5 0.6097 0.0310 0.2709 0.0884 
        D963  5 0.2298 0.0686 0.5495 0.1521 
        D964  5 0.2153 0.1360 0.1685 0.4802 
        D965  5 0.1432 0.1578 0.4115 0.2875 
        D966  5 0.4023 0.1270 0.3259 0.1447 
        D967  5 0.5105 0.1660 0.1081 0.2153 
        D991  5 0.1599 0.1600 0.4586 0.2215 
        D502  6 0.0314 0.2888 0.0715 0.6083 
        D503  6 0.1460 0.4078 0.0341 0.4122 
        D504  6 0.1517 0.1658 0.5498 0.1328 
        D505  6 0.3807 0.2445 0.1683 0.2065 
        D506  6 0.8655 0.0300 0.0500 0.0544 
        D507  6 0.0908 0.3451 0.2027 0.3614 
        D508  6 0.0667 0.0483 0.4032 0.4819 
        D529  6 0.2390 0.2205 0.2179 0.3226 
        D530  6 0.3435 0.2923 0.0840 0.2802 
        D531  6 0.1588 0.0835 0.4494 0.3083 
        D532  6 0.3815 0.1122 0.3400 0.1664 
        D534  6 0.0344 0.7879 0.1007 0.0771 
        D535  6 0.5510 0.0826 0.2479 0.1185 
        D536  6 0.0164 0.9047 0.0200 0.0589 
        D554  6 0.4447 0.2215 0.1211 0.2127 
        D587  6 0.6761 0.0951 0.1517 0.0772 
        D588  6 0.5391 0.0851 0.1399 0.2359 
        D589  6 0.1912 0.3107 0.0563 0.4417 
        D590  6 0.0321 0.8595 0.0240 0.0844 
        D591  6 0.3530 0.1145 0.0874 0.4451 
        D592  6 0.0987 0.7935 0.0553 0.0525 
        D593  6 0.3018 0.1203 0.1008 0.4771 
        D682  6 0.8455 0.0411 0.0384 0.0750 
        D683  6 0.2886 0.0302 0.5086 0.1726 
        D684  6 0.0290 0.1984 0.0654 0.7073 
        D685  6 0.0508 0.0523 0.0210 0.8759 
        D686  6 0.6599 0.0751 0.0783 0.1867 
        D724  6 0.0534 0.1406 0.4284 0.3776 
        D725  6 0.1909 0.3170 0.1620 0.3302 
        D726  6 0.8633 0.0331 0.0470 0.0566 
        D727  6 0.0688 0.7107 0.0794 0.1410 
        D728  6 0.7447 0.0542 0.0727 0.1284 
        D729  6 0.0341 0.8334 0.0436 0.0889 
        D730  6 0.0781 0.3854 0.2836 0.2528 
        D731  6 0.8836 0.0391 0.0189 0.0584 
        D732  6 0.0697 0.0952 0.6312 0.2039 
        D733  6 0.1691 0.1638 0.4663 0.2007 
     D237251  7 0.2136 0.1246 0.1339 0.5278 
     D237252  7 0.0512 0.4136 0.0999 0.4354 
     D237253  7 0.2685 0.1065 0.1187 0.5063 
     D237254  7 0.0183 0.8731 0.0266 0.0819 
     D237255  7 0.1817 0.1593 0.1110 0.5480 
     D237256  7 0.0577 0.0484 0.1820 0.7119 
     D237257  7 0.0667 0.1676 0.1122 0.6535 
     D237282  7 0.0275 0.2553 0.6538 0.0633 
     D237283  7 0.0610 0.0654 0.0239 0.8497 
     D237284  7 0.0249 0.8197 0.0670 0.0884 
     D237285  7 0.2124 0.2066 0.1751 0.4059 
     D237286  7 0.4145 0.0821 0.3087 0.1947 
     D237287  7 0.1486 0.2229 0.2494 0.3791 
     D244006  7 0.0191 0.9084 0.0321 0.0405 
     D244007  7 0.0355 0.8014 0.0911 0.0719 
     D244008  7 0.1026 0.0638 0.0329 0.8007 
     D244009  7 0.2207 0.1262 0.3504 0.3026 
     D244010  7 0.0686 0.0646 0.0696 0.7973 
     D244011  7 0.2856 0.1029 0.1397 0.4717 
     D244012  7 0.0670 0.1171 0.1371 0.6788 
     D244013  7 0.2892 0.1250 0.3784 0.2074 
     D244014  7 0.1342 0.4332 0.1291 0.3035 
     D244015  7 0.0675 0.4449 0.2235 0.2641 
     D244125  7 0.5747 0.0700 0.2042 0.1511 
     D244126  7 0.0171 0.0751 0.0533 0.8545 
     D244130  7 0.3049 0.2006 0.1672 0.3274 
     D244131  7 0.3008 0.2190 0.3784 0.1018 
     D244132  7 0.4108 0.0429 0.4740 0.0723 
        D520  7 0.3110 0.0558 0.0942 0.5390 
        D521  7 0.1230 0.1062 0.4000 0.3708 
        D522  7 0.1231 0.6819 0.1458 0.0492 
        D523  7 0.2134 0.2636 0.0835 0.4395 
        D524  7 0.2759 0.1988 0.1974 0.3278 
        D525  7 0.0897 0.6808 0.0330 0.1964 
        D526  7 0.0258 0.8444 0.0394 0.0905 
        D527  7 0.1287 0.0481 0.5084 0.3148 
        D528  7 0.0141 0.0106 0.0142 0.9611 
        D558  7 0.0308 0.3069 0.5656 0.0968 
        D559  7 0.0330 0.0898 0.6881 0.1891 
        D640  7 0.5107 0.0633 0.2273 0.1986 
        D641  7 0.5930 0.1313 0.0468 0.2289 
        D642  7 0.0538 0.8627 0.0450 0.0384 
        D644  7 0.2951 0.1790 0.2327 0.2932 
        D645  7 0.2288 0.1014 0.1806 0.4892 
        D662  7 0.7384 0.0663 0.1372 0.0581 
        D687  7 0.1214 0.0683 0.2408 0.5695 
        D688  7 0.0214 0.2705 0.5054 0.2027 
        D689  7 0.5601 0.0496 0.1708 0.2194 
        D700  7 0.0129 0.0144 0.0154 0.9573 
        D797  7 0.2831 0.1304 0.3219 0.2646 
        D798  7 0.5515 0.0517 0.1410 0.2558 
        D799  7 0.1484 0.1216 0.0840 0.6461 
        D800  7 0.0420 0.1562 0.5988 0.2030 
        D132  8 0.0609 0.8119 0.0564 0.0708 
        D133  8 0.0198 0.8874 0.0220 0.0708 
        D200  8 0.0330 0.0362 0.1378 0.7930 
        D500  8 0.0373 0.8823 0.0402 0.0402 
        D614  8 0.4441 0.0609 0.2337 0.2613 
        D723  8 0.1186 0.1940 0.4325 0.2549 
        D888  8 0.2357 0.0656 0.0988 0.5999 
        D901  8 0.0785 0.1448 0.0605 0.7161 
        D902  8 0.6921 0.0677 0.0952 0.1450 
        D903  8 0.0960 0.0885 0.6605 0.1549 
        D904  8 0.0761 0.1452 0.6423 0.1364 
        D905  8 0.3767 0.0444 0.0341 0.5448 
        D906  8 0.0595 0.3926 0.1950 0.3529 
        D937  8 0.8376 0.0240 0.0364 0.1020 
        D943  8 0.0365 0.1380 0.1837 0.6418 
        D972  8 0.0853 0.3193 0.3677 0.2277 
        D973  8 0.0533 0.0847 0.8103 0.0517 
        D974  8 0.2451 0.2316 0.2004 0.3229 
        D975  8 0.0414 0.1088 0.1945 0.6552 
        D976  8 0.2013 0.1082 0.0759 0.6146 
        D201  9 0.0571 0.3535 0.1626 0.4268 
        D202  9 0.1102 0.0744 0.0893 0.7262 
     D237259  9 0.0415 0.1373 0.1000 0.7212 
     D237260  9 0.0865 0.3736 0.0376 0.5022 
     D237262  9 0.0860 0.6636 0.0445 0.2059 
     D237263  9 0.0738 0.4423 0.1170 0.3668 
     D237264  9 0.2603 0.3662 0.1492 0.2242 
     D237265  9 0.1225 0.1379 0.0249 0.7147 
     D237266  9 0.1235 0.7994 0.0361 0.0411 
     D237267  9 0.1194 0.1231 0.0425 0.7150 
     D237268  9 0.0890 0.1622 0.1897 0.5591 
     D237289  9 0.3189 0.2691 0.0667 0.3454 
     D237290  9 0.1092 0.2088 0.0432 0.6388 
     D237291  9 0.1730 0.4921 0.0380 0.2968 
     D237292  9 0.0281 0.7715 0.0249 0.1756 
     D237293  9 0.2921 0.1384 0.1580 0.4115 
     D237294  9 0.0911 0.4839 0.0482 0.3768 
     D237295  9 0.2307 0.0899 0.4969 0.1824 
     D237296  9 0.2030 0.1044 0.0742 0.6183 
     D237297  9 0.5085 0.0650 0.2314 0.1950 
     D237298  9 0.0673 0.2207 0.4433 0.2687 
     D237341  9 0.1456 0.1850 0.1533 0.5162 
     D237342  9 0.1270 0.1207 0.0976 0.6547 
     D237343  9 0.1336 0.4614 0.1123 0.2927 
     D237344  9 0.4957 0.2441 0.0707 0.1895 
     D237345  9 0.0198 0.7775 0.0537 0.1491 
     D237346  9 0.3751 0.4190 0.0387 0.1672 
     D237347  9 0.6359 0.0821 0.1307 0.1513 
     D237348  9 0.2038 0.4491 0.1577 0.1894 
     D237349  9 0.0571 0.8205 0.0780 0.0444 
     D244109  9 0.0173 0.7435 0.0836 0.1556 
     D244110  9 0.0449 0.6336 0.0693 0.2521 
     D244111  9 0.1469 0.2387 0.2769 0.3375 
     D244128  9 0.0367 0.2658 0.0749 0.6226 
     D244137  9 0.0713 0.2858 0.5695 0.0734 
     D244138  9 0.1521 0.1290 0.0624 0.6565 
        D580  9 0.0782 0.2091 0.2294 0.4832 
        D581  9 0.0519 0.4430 0.0388 0.4663 
        D582  9 0.0525 0.2518 0.0713 0.6245 
        D583  9 0.0323 0.8974 0.0210 0.0493 
        D584  9 0.5219 0.1606 0.0379 0.2797 
        D585  9 0.0395 0.1400 0.0699 0.7506 
        D586  9 0.4418 0.1263 0.0339 0.3980 
        D651  9 0.3505 0.1555 0.3740 0.1200 
        D652  9 0.0928 0.5827 0.2052 0.1193 
        D653  9 0.1730 0.1017 0.3124 0.4129 
        D654  9 0.0424 0.7212 0.1849 0.0515 
        D655  9 0.5271 0.0901 0.0920 0.2907 
        D656  9 0.0278 0.9138 0.0253 0.0331 
        D657  9 0.0760 0.4181 0.2333 0.2726 
        D667  9 0.7150 0.0467 0.0539 0.1843 
        D668  9 0.5509 0.1546 0.0684 0.2261 
        D669  9 0.0944 0.1735 0.1015 0.6305 
        D670  9 0.0929 0.1777 0.5010 0.2284 
        D671  9 0.0750 0.4634 0.0963 0.3654 
        D672  9 0.0590 0.1757 0.0877 0.6776 
        D673  9 0.3745 0.1298 0.1889 0.3068 
        D692  9 0.0271 0.8738 0.0179 0.0812 
        D693  9 0.3862 0.2323 0.1371 0.2444 
        D694  9 0.0989 0.4629 0.0516 0.3865 
        D695  9 0.3334 0.1793 0.2605 0.2269 
        D696  9 0.8671 0.0288 0.0494 0.0547 
        D697  9 0.6279 0.1492 0.1008 0.1221 
        D698  9 0.3621 0.4089 0.0460 0.1830 
        D699  9 0.6357 0.0821 0.0467 0.2355 
        D787  9 0.2239 0.4132 0.2501 0.1128 
        D788  9 0.5687 0.0409 0.1350 0.2554 
        D789  9 0.2159 0.2385 0.0615 0.4841 
        D790  9 0.5596 0.2327 0.0919 0.1157 
        D791  9 0.2013 0.1675 0.1015 0.5298 
        D792  9 0.0581 0.6226 0.2401 0.0792 
        D793  9 0.7560 0.0534 0.1219 0.0688 
        D794  9 0.3656 0.2257 0.2909 0.1179 
        D795  9 0.2216 0.1694 0.0296 0.5794 
        D796  9 0.2976 0.0679 0.0421 0.5924 
        D142 10 0.2941 0.1657 0.2867 0.2534 
        D143 10 0.0291 0.9176 0.0330 0.0202 
        D144 10 0.3140 0.1559 0.2433 0.2868 
        D145 10 0.1383 0.0584 0.0866 0.7168 
        D146 10 0.1895 0.2275 0.1672 0.4158 
        D147 10 0.0473 0.0625 0.1481 0.7421 
        D148 10 0.0875 0.1193 0.2878 0.5054 
        D149 10 0.0597 0.5095 0.0779 0.3529 
        D151 10 0.0813 0.0936 0.0743 0.7508 
        D152 10 0.0551 0.7585 0.0276 0.1588 
        D153 10 0.1382 0.0714 0.6485 0.1419 
        D156 10 0.0363 0.0508 0.8123 0.1006 
        D157 10 0.5253 0.2177 0.1217 0.1354 
        D158 10 0.1583 0.0676 0.0587 0.7154 
        D159 10 0.0382 0.8725 0.0398 0.0495 
        D160 10 0.7350 0.0261 0.0188 0.2202 
        D161 10 0.2525 0.2128 0.3516 0.1832 
        D162 10 0.0791 0.0690 0.7257 0.1262 
        D169 10 0.0527 0.8212 0.0433 0.0828 
        D170 10 0.0719 0.7139 0.1210 0.0932 
        D171 10 0.3087 0.1050 0.2745 0.3118 
        D172 10 0.0666 0.0909 0.5895 0.2530 
        D173 10 0.0139 0.8415 0.0508 0.0938 
        D181 10 0.4576 0.0579 0.2930 0.1915 
        D182 10 0.0822 0.2928 0.1453 0.4797 
        D183 10 0.7575 0.0381 0.0792 0.1252 
        D184 10 0.0249 0.8626 0.0705 0.0421 
        D185 10 0.1513 0.1273 0.5168 0.2046 
        D186 10 0.0272 0.7190 0.0403 0.2136 
        D194 10 0.1075 0.4360 0.2150 0.2415 
        D195 10 0.3510 0.1329 0.2773 0.2388 
        D196 10 0.1596 0.0717 0.6169 0.1518 
        D197 10 0.0599 0.8646 0.0216 0.0539 
        D198 10 0.3338 0.1021 0.2551 0.3090 
     D237226 10 0.2634 0.1356 0.0860 0.5150 
     D237232 10 0.5863 0.0779 0.0445 0.2912 
     D237233 10 0.2709 0.3759 0.0769 0.2763 
     D237234 10 0.3113 0.1000 0.3126 0.2762 
     D237354 10 0.2506 0.0564 0.0497 0.6433 
     D237355 10 0.3828 0.0576 0.0313 0.5283 
     D237356 10 0.5661 0.1073 0.2077 0.1189 
     D237357 10 0.0491 0.6974 0.0564 0.1971 
     D237358 10 0.0373 0.8548 0.0589 0.0489 
     D237369 10 0.0239 0.3726 0.1237 0.4798 
     D237370 10 0.6298 0.1660 0.0781 0.1262 
     D237371 10 0.1365 0.0881 0.5677 0.2078 
     D237372 10 0.0275 0.7372 0.0715 0.1639 
     D237373 10 0.2582 0.0342 0.0638 0.6438 
     D237374 10 0.3816 0.0436 0.0390 0.5358 
     D237375 10 0.1028 0.4264 0.2525 0.2184 
     D237400 10 0.0507 0.7786 0.0407 0.1300 
     D244002 10 0.0223 0.1563 0.2646 0.5568 
     D244003 10 0.7503 0.0957 0.0247 0.1293 
     D244004 10 0.9469 0.0238 0.0105 0.0188 
     D244005 10 0.1440 0.5030 0.0416 0.3115 
     D244020 10 0.4737 0.0926 0.2801 0.1536 
     D244021 10 0.0465 0.2663 0.1138 0.5734 
     D244116 10 0.0742 0.6633 0.1577 0.1048 
     D244117 10 0.6868 0.0940 0.0907 0.1284 
     D244121 10 0.6392 0.2433 0.0425 0.0750 
     D244123 10 0.3439 0.0861 0.1269 0.4430 
     D244124 10 0.1049 0.7865 0.0525 0.0561 
        D332 10 0.0954 0.0971 0.7046 0.1028 
        D570 10 0.5326 0.0659 0.3126 0.0890 
        D602 10 0.0333 0.0535 0.8007 0.1125 
        D603 10 0.3511 0.1952 0.0962 0.3575 
        D604 10 0.0514 0.2682 0.4505 0.2299 
        D605 10 0.0776 0.1042 0.6995 0.1188 
        D606 10 0.1730 0.7251 0.0446 0.0573 
        D607 10 0.0251 0.0292 0.8553 0.0904 
        D608 10 0.0145 0.8869 0.0570 0.0416 
        D609 10 0.6481 0.0277 0.2253 0.0990 
        D610 10 0.2859 0.0722 0.1293 0.5127 
        D611 10 0.9102 0.0143 0.0444 0.0312 
        D613 10 0.1999 0.0735 0.5800 0.1466 
        D633 10 0.0250 0.1263 0.7887 0.0600 
        D634 10 0.3934 0.1293 0.1397 0.3376 
        D638 10 0.0985 0.7290 0.0474 0.1251 
        D681 10 0.1835 0.2082 0.2466 0.3618 
        D754 10 0.1909 0.0889 0.0733 0.6468 
        D755 10 0.6924 0.2298 0.0210 0.0569 
        D756 10 0.4846 0.1308 0.0785 0.3061 
        D757 10 0.2021 0.3730 0.2096 0.2154 
        D758 10 0.1768 0.2449 0.2876 0.2907 
        D759 10 0.7169 0.1428 0.0458 0.0945 
        D760 10 0.3402 0.1490 0.1893 0.3215 
        D761 10 0.3023 0.0773 0.0307 0.5896 
        D762 10 0.0764 0.0959 0.6205 0.2071 
        D775 10 0.8904 0.0368 0.0218 0.0510 
        D776 10 0.2245 0.1213 0.0236 0.6306 
        D777 10 0.7085 0.0691 0.0407 0.1816 
        D778 10 0.3517 0.3364 0.0232 0.2887 
        D779 10 0.3354 0.1105 0.1465 0.4076 
        D780 10 0.1487 0.1985 0.4045 0.2483 
        D781 10 0.0355 0.0917 0.6141 0.2586 
        D858 10 0.3224 0.2834 0.0242 0.3701 
        D933 10 0.3321 0.1220 0.1851 0.3608 
        D038 11 0.4464 0.0378 0.1365 0.3794 
        D063 11 0.1787 0.1723 0.2761 0.3729 
        D155 11 0.6408 0.1014 0.1038 0.1539 
        D175 11 0.2454 0.1339 0.1235 0.4972 
        D176 11 0.1388 0.4055 0.0579 0.3979 
        D205 11 0.7535 0.0662 0.0868 0.0935 
     D237229 11 0.0302 0.5258 0.2126 0.2314 
     D237230 11 0.0276 0.6997 0.1899 0.0828 
     D237231 11 0.0220 0.0571 0.8646 0.0563 
     D237269 11 0.1302 0.2030 0.3723 0.2945 
     D237270 11 0.1298 0.5754 0.1589 0.1360 
     D237271 11 0.2072 0.0972 0.4718 0.2238 
     D237272 11 0.0808 0.4234 0.2757 0.2201 
     D237273 11 0.2475 0.1253 0.2142 0.4130 
     D237301 11 0.1001 0.0313 0.7984 0.0703 
     D237302 11 0.0669 0.7129 0.1289 0.0913 
     D237303 11 0.0481 0.7023 0.1142 0.1354 
     D237304 11 0.1022 0.1223 0.5221 0.2535 
     D237305 11 0.1470 0.5461 0.0448 0.2621 
     D237314 11 0.5108 0.0645 0.2258 0.1990 
     D237315 11 0.0935 0.2953 0.1294 0.4818 
     D237316 11 0.0619 0.0303 0.8603 0.0475 
     D237328 11 0.2323 0.2138 0.3821 0.1718 
     D237329 11 0.5193 0.3003 0.0465 0.1339 
     D237330 11 0.6498 0.0644 0.1190 0.1667 
     D237331 11 0.4010 0.0835 0.2677 0.2478 
     D237332 11 0.0954 0.0783 0.4768 0.3496 
     D237333 11 0.5377 0.1417 0.1173 0.2032 
     D237334 11 0.0676 0.0643 0.7638 0.1043 
     D237335 11 0.3171 0.0635 0.4666 0.1528 
     D237336 11 0.2504 0.1358 0.1413 0.4725 
     D237350 11 0.3122 0.1675 0.3825 0.1377 
     D237383 11 0.1105 0.2667 0.0756 0.5471 
     D237384 11 0.1810 0.0892 0.5589 0.1709 
     D237385 11 0.1631 0.1641 0.3992 0.2736 
     D237386 11 0.1270 0.1689 0.6447 0.0595 
     D237387 11 0.0375 0.1133 0.6813 0.1679 
     D237388 11 0.5392 0.0330 0.2697 0.1581 
        D239 11 0.3814 0.0650 0.2139 0.3397 
        D240 11 0.1103 0.4598 0.0276 0.4023 
        D241 11 0.0270 0.0166 0.0484 0.9081 
        D242 11 0.0996 0.1052 0.5737 0.2216 
        D243 11 0.5590 0.0995 0.1300 0.2115 
        D244 11 0.8316 0.0401 0.0676 0.0608 
