        D174  1 0.0460 0.7337 0.1556 0.0648 
        D199  1 0.3367 0.2284 0.0852 0.3497 
        D203  1 0.2691 0.1036 0.2171 0.4102 
        D204  1 0.0285 0.0331 0.0294 0.9090 
     D237366  1 0.1479 0.1122 0.4778 0.2621 
     D237367  1 0.0787 0.0927 0.4403 0.3883 
     D237368  1 0.1065 0.0892 0.5087 0.2956 
     D244101  1 0.1698 0.0375 0.0374 0.7552 
     D244102  1 0.1510 0.3421 0.2686 0.2383 
     D244103  1 0.0727 0.1208 0.5573 0.2492 
     D244104  1 0.0961 0.1711 0.0693 0.6634 
     D244105  1 0.0603 0.0348 0.6406 0.2643 
     D244106  1 0.2966 0.5595 0.0638 0.0801 
     D244107  1 0.0745 0.0273 0.7025 0.1957 
     D244108  1 0.0774 0.5954 0.1817 0.1455 
     D244113  1 0.0333 0.9020 0.0305 0.0341 
     D244114  1 0.3546 0.2632 0.1325 0.2497 
     D244115  1 0.0478 0.6157 0.1571 0.1794 
     D267365  1 0.0954 0.3774 0.0888 0.4384 
        D404  1 0.0584 0.8331 0.0574 0.0512 
        D405  1 0.1440 0.5301 0.1032 0.2228 
        D406  1 0.0265 0.0348 0.8041 0.1346 
        D407  1 0.1009 0.0603 0.3987 0.4401 
        D408  1 0.0988 0.7831 0.0495 0.0686 
        D409  1 0.0978 0.0861 0.5729 0.2431 
        D410  1 0.0171 0.1075 0.8048 0.0706 
        D421  1 0.0806 0.0821 0.0813 0.7560 
        D422  1 0.0401 0.0175 0.8967 0.0457 
        D423  1 0.0302 0.0298 0.8981 0.0419 
        D424  1 0.0222 0.0600 0.1628 0.7551 
        D425  1 0.0631 0.3479 0.0751 0.5139 
        D426  1 0.2467 0.0440 0.5533 0.1560 
        D427  1 0.6933 0.1435 0.0408 0.1224 
        D428  1 0.0640 0.3012 0.2144 0.4204 
        D429  1 0.0722 0.3966 0.0894 0.4418 
        D430  1 0.3642 0.2886 0.1824 0.1648 
        D491  1 0.0234 0.8819 0.0250 0.0697 
        D492  1 0.0750 0.3469 0.1985 0.3796 
        D537  1 0.0370 0.0928 0.1221 0.7481 
        D538  1 0.1335 0.2375 0.3723 0.2566 
        D539  1 0.3275 0.4034 0.1845 0.0846 
        D540  1 0.1118 0.2632 0.3029 0.3221 
        D541  1 0.0383 0.0370 0.0669 0.8578 
        D551  1 0.7448 0.0662 0.0889 0.1002 
        D552  1 0.0865 0.2893 0.3029 0.3213 
        D553  1 0.0245 0.0287 0.0528 0.8941 
        D615  1 0.1922 0.1755 0.2287 0.4037 
        D616  1 0.2527 0.1399 0.3344 0.2731 
        D621  1 0.0631 0.2297 0.6232 0.0840 
        D622  1 0.0462 0.0545 0.8051 0.0943 
        D623  1 0.2458 0.5854 0.0568 0.1120 
        D624  1 0.0466 0.8181 0.0795 0.0558 
        D625  1 0.0296 0.1455 0.1425 0.6823 
        D626  1 0.1023 0.5656 0.1682 0.1639 
        D627  1 0.1544 0.0487 0.5439 0.2529 
        D690  1 0.0148 0.1549 0.0960 0.7343 
        D691  1 0.0342 0.0383 0.7949 0.1326 
        D710  1 0.0856 0.2055 0.1197 0.5892 
        D711  1 0.0298 0.0590 0.0506 0.8607 
        D712  1 0.0683 0.7896 0.0753 0.0668 
        D713  1 0.0339 0.6622 0.1176 0.1864 
        D746  1 0.0337 0.0325 0.8329 0.1010 
        D747  1 0.0395 0.0294 0.0334 0.8977 
        D748  1 0.0354 0.1029 0.4232 0.4385 
        D749  1 0.1723 0.1960 0.5647 0.0670 
        D750  1 0.0382 0.6262 0.0900 0.2456 
        D763  1 0.3809 0.0649 0.1450 0.4092 
        D764  1 0.0279 0.3478 0.1952 0.4290 
        D765  1 0.0461 0.2366 0.6620 0.0554 
        D766  1 0.0352 0.1408 0.4864 0.3375 
        D767  1 0.1242 0.1430 0.2336 0.4991 
        D768  1 0.0292 0.0213 0.0621 0.8875 
        D811  1 0.0486 0.8407 0.0706 0.0401 
        D816  1 0.0241 0.0786 0.0593 0.8381 
        D825  1 0.0302 0.6470 0.1856 0.1371 
        D866  1 0.4340 0.4267 0.0739 0.0654 
        D867  1 0.0435 0.0444 0.8684 0.0437 
        D871  1 0.0760 0.1274 0.5464 0.2502 
        D872  1 0.0457 0.1165 0.2065 0.6313 
        D873  1 0.0191 0.0732 0.8899 0.0178 
        D874  1 0.0669 0.3524 0.0296 0.5511 
        D875  1 0.0326 0.0563 0.7466 0.1645 
        D876  1 0.0447 0.1722 0.1144 0.6688 
        D877  1 0.0551 0.7931 0.0326 0.1192 
        D892  1 0.0327 0.2431 0.2266 0.4976 
        D893  1 0.0647 0.0620 0.1552 0.7181 
        D894  1 0.0819 0.1970 0.1384 0.5828 
        D915  1 0.0344 0.1009 0.2677 0.5969 
        D916  1 0.0246 0.0498 0.0874 0.8381 
        D917  1 0.1211 0.4633 0.0855 0.3300 
        D925  1 0.0380 0.1886 0.6758 0.0976 
        D926  1 0.0573 0.2617 0.1237 0.5572 
        D927  1 0.3519 0.0935 0.0716 0.4830 
        D928  1 0.0223 0.8539 0.0253 0.0986 
        D929  1 0.0551 0.4610 0.1813 0.3026 
        D936  1 0.1198 0.0569 0.0468 0.7766 
        D938  1 0.0237 0.0464 0.8629 0.0670 
        D956  1 0.0770 0.8349 0.0582 0.0300 
        D957  1 0.0535 0.1083 0.3333 0.5049 
        D958  1 0.0320 0.1744 0.2552 0.5384 
        D959  1 0.0785 0.0423 0.4351 0.4442 
        D960  1 0.0250 0.0577 0.8617 0.0557 
        D989  1 0.2254 0.6245 0.0451 0.1049 
        D990  1 0.0875 0.0533 0.8329 0.0262 
        D023  2 0.0360 0.0293 0.7349 0.1998 
        D130  2 0.0359 0.0302 0.8423 0.0916 
        D131  2 0.0932 0.0662 0.2052 0.6353 
        D163  2 0.0368 0.0339 0.8072 0.1221 
        D164  2 0.5065 0.0253 0.4436 0.0246 
        D165  2 0.0546 0.0261 0.8009 0.1184 
        D166  2 0.1852 0.2257 0.3606 0.2285 
        D167  2 0.9049 0.0520 0.0224 0.0208 
        D192  2 0.9366 0.0284 0.0185 0.0165 
        D193  2 0.0742 0.7452 0.1206 0.0600 
        D206  2 0.3001 0.0913 0.2739 0.3347 
        D207  2 0.7551 0.0717 0.0629 0.1103 
        D208  2 0.3219 0.5143 0.0808 0.0831 
        D209  2 0.5838 0.0681 0.1216 0.2265 
        D210  2 0.4497 0.3707 0.0601 0.1194 
     D229599  2 0.1916 0.1717 0.1542 0.4825 
     D229600  2 0.4481 0.0451 0.4563 0.0505 
     D237227  2 0.1421 0.5731 0.1982 0.0866 
     D237228  2 0.1294 0.5181 0.3136 0.0389 
     D237258  2 0.4061 0.2379 0.2441 0.1119 
     D237310  2 0.1134 0.1711 0.6914 0.0241 
     D237311  2 0.2765 0.1182 0.5642 0.0411 
     D237312  2 0.0450 0.3357 0.5537 0.0656 
     D237313  2 0.0749 0.3259 0.2141 0.3851 
     D237322  2 0.4770 0.2536 0.1521 0.1174 
     D237323  2 0.0464 0.2812 0.6376 0.0348 
     D237324  2 0.3384 0.0317 0.4601 0.1697 
     D237325  2 0.1073 0.2413 0.5145 0.1369 
     D237326  2 0.0598 0.1386 0.6281 0.1734 
     D237327  2 0.6045 0.0655 0.0909 0.2391 
     D237337  2 0.0261 0.1401 0.7767 0.0571 
     D237338  2 0.1709 0.1735 0.4587 0.1969 
     D237339  2 0.2622 0.0426 0.0390 0.6562 
     D237340  2 0.3237 0.3548 0.2710 0.0505 
     D237389  2 0.0985 0.1156 0.7382 0.0477 
     D237390  2 0.0705 0.3320 0.4412 0.1563 
     D244017  2 0.4424 0.4407 0.0729 0.0439 
     D244112  2 0.8483 0.0369 0.0936 0.0213 
     D244118  2 0.7140 0.0343 0.2225 0.0292 
     D244119  2 0.4621 0.4680 0.0328 0.0371 
     D244120  2 0.6168 0.2988 0.0561 0.0282 
     D244122  2 0.7431 0.1355 0.0754 0.0460 
        D291  2 0.5281 0.0944 0.2218 0.1557 
        D292  2 0.5373 0.1419 0.0514 0.2694 
        D293  2 0.4402 0.0172 0.0252 0.5174 
        D322  2 0.3270 0.0235 0.0485 0.6010 
        D323  2 0.2520 0.2763 0.1013 0.3704 
        D324  2 0.2568 0.1566 0.2617 0.3248 
        D325  2 0.8154 0.0136 0.0440 0.1270 
        D326  2 0.0292 0.0341 0.0222 0.9145 
        D340  2 0.9309 0.0204 0.0233 0.0254 
        D341  2 0.8665 0.0372 0.0431 0.0533 
        D342  2 0.6696 0.0725 0.2083 0.0496 
        D343  2 0.9458 0.0106 0.0145 0.0291 
        D344  2 0.0833 0.1269 0.0688 0.7211 
        D345  2 0.0654 0.1181 0.1778 0.6386 
        D346  2 0.1380 0.7194 0.0487 0.0939 
        D351  2 0.1313 0.0425 0.1619 0.6643 
        D352  2 0.1882 0.2516 0.1731 0.3871 
        D353  2 0.0631 0.0397 0.0318 0.8654 
        D354  2 0.0421 0.3578 0.0968 0.5033 
        D362  2 0.0573 0.1317 0.1502 0.6608 
        D363  2 0.0461 0.2106 0.0844 0.6589 
        D364  2 0.0434 0.1392 0.0799 0.7374 
        D365  2 0.9184 0.0201 0.0143 0.0472 
        D369  2 0.2826 0.2394 0.1556 0.3224 
        D374  2 0.0215 0.9373 0.0180 0.0232 
        D375  2 0.0659 0.2376 0.1667 0.5299 
        D376  2 0.0547 0.8600 0.0526 0.0327 
        D377  2 0.1318 0.4991 0.2487 0.1204 
        D378  2 0.1839 0.0247 0.0544 0.7370 
        D379  2 0.0294 0.0486 0.0353 0.8867 
        D384  2 0.0313 0.0505 0.0281 0.8901 
        D385  2 0.8998 0.0455 0.0266 0.0281 
        D386  2 0.0895 0.0389 0.0972 0.7744 
        D391  2 0.8554 0.0238 0.0267 0.0940 
        D392  2 0.7332 0.0838 0.0936 0.0894 
        D393  2 0.1400 0.0332 0.0676 0.7593 
        D394  2 0.1417 0.1269 0.3948 0.3366 
        D395  2 0.6357 0.0595 0.0620 0.2428 
        D401  2 0.0440 0.1124 0.8221 0.0215 
        D402  2 0.9089 0.0264 0.0237 0.0409 
        D403  2 0.0865 0.0650 0.2259 0.6225 
        D415  2 0.0296 0.0236 0.1684 0.7784 
        D435  2 0.2737 0.0198 0.1040 0.6025 
        D436  2 0.0625 0.2063 0.0874 0.6439 
        D438  2 0.9219 0.0298 0.0264 0.0218 
        D439  2 0.1453 0.0430 0.1306 0.6812 
        D449  2 0.7196 0.0401 0.0706 0.1696 
        D450  2 0.0606 0.5403 0.1437 0.2555 
        D456  2 0.0242 0.0203 0.0404 0.9151 
        D462  2 0.8055 0.0198 0.0326 0.1422 
        D463  2 0.0230 0.0362 0.0159 0.9248 
        D464  2 0.1351 0.1273 0.0498 0.6878 
        D465  2 0.3504 0.0579 0.2224 0.3693 
        D473  2 0.0632 0.7207 0.1523 0.0639 
        D474  2 0.2505 0.0864 0.1056 0.5576 
        D476  2 0.1777 0.0297 0.5493 0.2433 
        D477  2 0.0861 0.1812 0.0801 0.6527 
        D478  2 0.1012 0.4702 0.2309 0.1977 
        D480  2 0.2451 0.0962 0.0474 0.6112 
        D481  2 0.1281 0.1786 0.1782 0.5151 
        D482  2 0.3719 0.3334 0.1582 0.1365 
        D483  2 0.8903 0.0568 0.0287 0.0241 
        D484  2 0.3423 0.3266 0.0984 0.2327 
        D510  2 0.0711 0.8548 0.0298 0.0444 
        D511  2 0.1254 0.0295 0.0690 0.7762 
        D512  2 0.1684 0.0525 0.7187 0.0605 
        D513  2 0.5712 0.1063 0.1257 0.1969 
        D635  2 0.0548 0.0592 0.4117 0.4743 
        D636  2 0.0232 0.0429 0.8908 0.0431 
        D637  2 0.4314 0.2655 0.1116 0.1915 
        D658  2 0.7027 0.1800 0.0594 0.0578 
        D659  2 0.0612 0.0524 0.0616 0.8248 
        D677  2 0.1986 0.0801 0.2757 0.4457 
        D678  2 0.8349 0.0658 0.0613 0.0380 
        D679  2 0.1700 0.1078 0.0735 0.6486 
        D719  2 0.2297 0.3639 0.0278 0.3786 
        D720  2 0.0557 0.1380 0.0964 0.7099 
        D721  2 0.1421 0.0586 0.5653 0.2341 
        D722  2 0.0565 0.8591 0.0500 0.0344 
        D734  2 0.2608 0.5107 0.0249 0.2036 
        D735  2 0.1335 0.1843 0.1749 0.5073 
        D736  2 0.2749 0.4614 0.1069 0.1568 
        D737  2 0.6734 0.1270 0.0860 0.1137 
        D807  2 0.1335 0.4708 0.0827 0.3129 
        D808  2 0.2218 0.0699 0.4092 0.2991 
        D817  2 0.0539 0.3289 0.1028 0.5144 
        D818  2 0.5110 0.0406 0.2023 0.2462 
        D819  2 0.0895 0.1926 0.3185 0.3994 
        D820  2 0.0309 0.0295 0.0249 0.9147 
        D895  2 0.0713 0.0876 0.2120 0.6291 
        D896  2 0.0260 0.1221 0.8228 0.0291 
        D897  2 0.7693 0.0926 0.0888 0.0493 
        D898  2 0.1504 0.4401 0.2220 0.1875 
        D918  2 0.2891 0.1454 0.4361 0.1295 
        D919  2 0.2846 0.0361 0.0664 0.6128 
        D920  2 0.0354 0.0513 0.8763 0.0370 
        D923  2 0.0405 0.0508 0.0399 0.8688 
        D930  2 0.1010 0.3490 0.1139 0.4361 
        D931  2 0.2005 0.1315 0.0761 0.5920 
        D968  2 0.9153 0.0204 0.0177 0.0466 
        D969  2 0.3927 0.0784 0.0489 0.4800 
        D977  2 0.7597 0.0372 0.1108 0.0924 
        D978  2 0.6870 0.1322 0.0650 0.1158 
        D211  3 0.0636 0.0570 0.7231 0.1563 
     D229639  3 0.7150 0.1489 0.0453 0.0908 
     D237212  3 0.3511 0.0861 0.1903 0.3726 
     D237213  3 0.0883 0.0969 0.4621 0.3526 
     D237214  3 0.0277 0.0685 0.8377 0.0661 
     D237215  3 0.8046 0.1514 0.0233 0.0207 
     D237216  3 0.1729 0.0758 0.5274 0.2239 
     D237217  3 0.0782 0.0247 0.6126 0.2844 
     D237218  3 0.4583 0.0515 0.1254 0.3648 
     D237219  3 0.1696 0.2429 0.4849 0.1026 
     D237382  3 0.0840 0.3297 0.2623 0.3239 
     D244127  3 0.1556 0.0733 0.7033 0.0678 
     D244129  3 0.1427 0.0995 0.3411 0.4167 
     D244133  3 0.2228 0.4721 0.2039 0.1012 
     D244134  3 0.3990 0.3452 0.1677 0.0881 
     D244135  3 0.0968 0.0341 0.7699 0.0993 
     D244136  3 0.1601 0.5209 0.1129 0.2061 
        D416  3 0.4033 0.0807 0.2234 0.2926 
        D417  3 0.0278 0.0559 0.0912 0.8250 
        D419  3 0.2459 0.1752 0.2681 0.3107 
        D565  3 0.0361 0.8834 0.0304 0.0500 
        D566  3 0.4268 0.4478 0.0701 0.0553 
        D567  3 0.0392 0.0644 0.1261 0.7703 
        D568  3 0.1796 0.0354 0.2173 0.5677 
        D569  3 0.3203 0.1279 0.2178 0.3340 
        D573  3 0.7161 0.0303 0.0555 0.1982 
        D574  3 0.0805 0.7438 0.1134 0.0623 
        D575  3 0.1422 0.4087 0.2644 0.1847 
        D576  3 0.8675 0.0790 0.0389 0.0146 
        D577  3 0.0592 0.1452 0.1578 0.6379 
        D578  3 0.0458 0.0213 0.9079 0.0250 
        D579  3 0.1998 0.3186 0.1319 0.3497 
        D660  3 0.6309 0.0722 0.2388 0.0582 
        D661  3 0.7981 0.0378 0.0637 0.1003 
        D663  3 0.8201 0.0645 0.0413 0.0741 
        D664  3 0.1856 0.4121 0.3650 0.0373 
        D665  3 0.1522 0.0606 0.7104 0.0767 
        D666  3 0.0826 0.4121 0.2727 0.2326 
        D009  4 0.0506 0.0772 0.4503 0.4219 
        D057  4 0.4941 0.0565 0.1730 0.2763 
        D109  4 0.0483 0.1732 0.6997 0.0789 
     D237222  4 0.0743 0.1649 0.6837 0.0771 
     D237223  4 0.1861 0.1776 0.5073 0.1291 
     D237224  4 0.4033 0.0770 0.0577 0.4621 
     D237225  4 0.1010 0.0981 0.3267 0.4743 
     D237299  4 0.1649 0.0843 0.6985 0.0524 
     D237300  4 0.8417 0.0812 0.0420 0.0350 
     D237306  4 0.0649 0.6690 0.1215 0.1446 
     D237307  4 0.1345 0.4355 0.1160 0.3140 
     D237308  4 0.6325 0.1483 0.1086 0.1105 
     D237309  4 0.0981 0.0753 0.3138 0.5128 
     D237317  4 0.0511 0.6229 0.1040 0.2220 
     D237318  4 0.8860 0.0547 0.0243 0.0350 
     D237319  4 0.1442 0.1492 0.4374 0.2692 
     D237320  4 0.3392 0.0730 0.3988 0.1891 
     D237321  4 0.7474 0.1031 0.0787 0.0709 
     D237397  4 0.3226 0.2979 0.2565 0.1231 
     D237398  4 0.7185 0.0344 0.0862 0.1609 
     D237399  4 0.2051 0.2520 0.1656 0.3773 
     D244001  4 0.1530 0.0685 0.6054 0.1732 
        D289  4 0.2022 0.2630 0.0865 0.4483 
        D290  4 0.1640 0.2964 0.1562 0.3833 
        D294  4 0.2139 0.1860 0.1244 0.4756 
        D295  4 0.0766 0.1667 0.1704 0.5864 
        D301  4 0.1843 0.0674 0.7080 0.0402 
        D302  4 0.0436 0.0660 0.0744 0.8160 
        D303  4 0.0867 0.7589 0.0732 0.0812 
        D304  4 0.1804 0.4446 0.0616 0.3134 
        D305  4 0.3968 0.0391 0.1987 0.3654 
        D306  4 0.0524 0.4864 0.1469 0.3143 
        D307  4 0.0685 0.0815 0.8140 0.0361 
        D327  4 0.0912 0.1611 0.0725 0.6753 
        D328  4 0.0820 0.7385 0.0613 0.1182 
        D329  4 0.3563 0.1162 0.1505 0.3771 
        D330  4 0.0433 0.0498 0.2645 0.6424 
        D331  4 0.2532 0.2879 0.2296 0.2293 
        D333  4 0.2399 0.3687 0.1511 0.2403 
        D334  4 0.0537 0.6742 0.1017 0.1704 
        D335  4 0.0791 0.0862 0.0570 0.7777 
        D370  4 0.0669 0.6547 0.1692 0.1093 
        D371  4 0.0640 0.8023 0.0324 0.1013 
        D372  4 0.8447 0.0877 0.0427 0.0249 
        D373  4 0.2075 0.0361 0.7062 0.0502 
        D455  4 0.0808 0.0435 0.7715 0.1041 
        D490  4 0.0199 0.0374 0.9081 0.0346 
        D497  4 0.0472 0.0305 0.8755 0.0468 
        D498  4 0.1927 0.4400 0.2242 0.1431 
        D499  4 0.5652 0.2575 0.0808 0.0965 
        D514  4 0.0677 0.1004 0.1077 0.7242 
        D515  4 0.0759 0.0925 0.6619 0.1697 
        D516  4 0.1726 0.2306 0.3147 0.2822 
        D517  4 0.1204 0.0316 0.6965 0.1515 
        D518  4 0.1560 0.2227 0.2171 0.4042 
        D519  4 0.1643 0.0370 0.6694 0.1293 
        D560  4 0.2754 0.0358 0.4505 0.2383 
        D561  4 0.0516 0.0252 0.6102 0.3130 
        D562  4 0.1878 0.2383 0.3295 0.2444 
        D563  4 0.6606 0.0385 0.1160 0.1848 
        D572  4 0.0890 0.1109 0.1118 0.6883 
        D629  4 0.0705 0.1397 0.3107 0.4790 
        D630  4 0.1476 0.1989 0.2375 0.4160 
        D631  4 0.4664 0.1460 0.0932 0.2944 
        D632  4 0.2320 0.0700 0.5351 0.1629 
        D646  4 0.1176 0.0552 0.3472 0.4800 
        D647  4 0.0780 0.0284 0.1715 0.7221 
        D648  4 0.0647 0.7888 0.0726 0.0739 
        D649  4 0.0378 0.0607 0.2533 0.6482 
        D650  4 0.0971 0.3016 0.2715 0.3298 
        D708  4 0.0929 0.6832 0.0812 0.1427 
        D709  4 0.0635 0.4896 0.1535 0.2934 
        D738  4 0.0470 0.6062 0.2008 0.1461 
        D739  4 0.1559 0.1956 0.4771 0.1714 
        D740  4 0.4010 0.2159 0.2915 0.0915 
        D741  4 0.2286 0.0400 0.4157 0.3157 
        D742  4 0.6234 0.1372 0.1089 0.1305 
        D743  4 0.0748 0.0550 0.0360 0.8342 
        D744  4 0.2001 0.0600 0.0834 0.6566 
        D745  4 0.0676 0.0462 0.8128 0.0735 
        D814  4 0.7549 0.0494 0.0853 0.1104 
        D815  4 0.0809 0.1423 0.0635 0.7134 
        D828  4 0.2229 0.6827 0.0633 0.0312 
        D845  4 0.8393 0.0868 0.0204 0.0535 
        D846  4 0.2574 0.0300 0.1373 0.5752 
        D847  4 0.1611 0.1342 0.3220 0.3827 
        D848  4 0.2864 0.0279 0.6485 0.0372 
        D849  4 0.0680 0.0542 0.7053 0.1725 
        D850  4 0.1802 0.1578 0.3522 0.3098 
        D856  4 0.1033 0.1521 0.5291 0.2155 
        D857  4 0.0930 0.0880 0.7982 0.0208 
        D859  4 0.2146 0.1559 0.0698 0.5597 
        D860  4 0.3029 0.3951 0.0470 0.2550 
        D883  4 0.0734 0.3035 0.2547 0.3684 
        D884  4 0.0608 0.3431 0.3618 0.2343 
        D885  4 0.3782 0.0675 0.2335 0.3208 
        D886  4 0.1017 0.0905 0.4093 0.3985 
        D887  4 0.4854 0.1399 0.1297 0.2450 
        D889  4 0.4717 0.2276 0.0545 0.2461 
        D890  4 0.1101 0.5755 0.1751 0.1393 
        D891  4 0.9429 0.0186 0.0175 0.0210 
        D899  4 0.6308 0.2383 0.0390 0.0919 
        D900  4 0.1291 0.1726 0.1976 0.5007 
        D970  4 0.1320 0.1422 0.1066 0.6192 
        D971  4 0.6061 0.0971 0.1028 0.1939 
        D979  4 0.0716 0.0955 0.0383 0.7947 
        D093  5 0.1130 0.7156 0.0751 0.0963 
        D154  5 0.5924 0.2237 0.0963 0.0876 
        D168  5 0.4489 0.0643 0.3042 0.1825 
        D189  5 0.3063 0.5291 0.0882 0.0764 
        D190  5 0.0617 0.8544 0.0294 0.0545 
     D237220  5 0.1874 0.1329 0.5274 0.1524 
     D237221  5 0.2770 0.4495 0.0789 0.1945 
     D237274  5 0.0304 0.0357 0.0350 0.8988 
     D237275  5 0.8412 0.0702 0.0616 0.0270 
     D237276  5 0.1039 0.3983 0.2156 0.2822 
     D237277  5 0.2614 0.6161 0.0434 0.0791 
     D237278  5 0.4686 0.2857 0.1515 0.0942 
     D237279  5 0.0507 0.0507 0.8323 0.0664 
     D237280  5 0.0594 0.1797 0.3663 0.3946 
     D237281  5 0.8625 0.0324 0.0415 0.0636 
     D237351  5 0.0636 0.2451 0.6375 0.0538 
     D237352  5 0.0971 0.1432 0.4358 0.3238 
     D237353  5 0.0506 0.8810 0.0283 0.0401 
     D237359  5 0.2762 0.1013 0.3812 0.2414 
     D237361  5 0.0343 0.8954 0.0342 0.0360 
     D237362  5 0.1349 0.4900 0.1247 0.2505 
     D237363  5 0.3904 0.1691 0.3000 0.1404 
     D237364  5 0.3851 0.0593 0.2497 0.3060 
     D237376  5 0.0746 0.8651 0.0315 0.0288 
     D237377  5 0.0660 0.2183 0.3071 0.4085 
     D237378  5 0.2023 0.6966 0.0432 0.0579 
     D237379  5 0.1240 0.6524 0.1231 0.1005 
     D237380  5 0.0314 0.2752 0.5895 0.1039 
     D237381  5 0.1123 0.1967 0.5128 0.1782 
     D237391  5 0.0880 0.7186 0.0763 0.1171 
     D237392  5 0.1457 0.1083 0.1130 0.6329 
     D237393  5 0.1097 0.3310 0.0946 0.4648 
     D237394  5 0.0211 0.8681 0.0404 0.0704 
     D237395  5 0.1812 0.5633 0.1855 0.0700 
     D237396  5 0.1080 0.1207 0.1749 0.5964 
     D244016  5 0.2379 0.5292 0.1030 0.1299 
     D244018  5 0.5655 0.1782 0.1731 0.0832 
     D244019  5 0.2208 0.2696 0.0817 0.4279 
        D279  5 0.6616 0.0971 0.1169 0.1244 
        D280  5 0.2499 0.3909 0.1433 0.2159 
        D281  5 0.8187 0.0922 0.0396 0.0495 
        D283  5 0.1212 0.5685 0.0459 0.2644 
        D284  5 0.1561 0.1148 0.6435 0.0856 
        D285  5 0.1622 0.5062 0.1087 0.2228 
        D286  5 0.1368 0.4164 0.1602 0.2866 
        D287  5 0.0560 0.8242 0.0793 0.0406 
        D288  5 0.2475 0.4058 0.0670 0.2796 
        D308  5 0.0255 0.1134 0.7520 0.1091 
        D309  5 0.0227 0.0358 0.0537 0.8879 
        D310  5 0.0494 0.9053 0.0209 0.0244 
        D311  5 0.1209 0.4957 0.0903 0.2930 
        D312  5 0.0859 0.6397 0.0931 0.1813 
        D313  5 0.0156 0.0443 0.9213 0.0188 
        D314  5 0.4395 0.2262 0.2418 0.0926 
        D315  5 0.0786 0.5682 0.1051 0.2481 
        D317  5 0.0378 0.8759 0.0313 0.0551 
        D318  5 0.2402 0.1777 0.2416 0.3405 
        D319  5 0.0517 0.8638 0.0409 0.0436 
        D320  5 0.0500 0.8101 0.0669 0.0731 
        D321  5 0.0790 0.2046 0.6408 0.0756 
        D336  5 0.0383 0.8435 0.0298 0.0884 
        D337  5 0.0528 0.8946 0.0185 0.0340 
        D338  5 0.2418 0.1732 0.2790 0.3059 
        D339  5 0.1454 0.7225 0.0677 0.0644 
        D347  5 0.1631 0.3607 0.0508 0.4254 
        D348  5 0.0404 0.8795 0.0211 0.0589 
        D349  5 0.0490 0.2164 0.6929 0.0416 
        D350  5 0.1063 0.0639 0.0629 0.7669 
        D355  5 0.5926 0.0584 0.0529 0.2961 
        D356  5 0.0696 0.4524 0.1426 0.3354 
        D357  5 0.1763 0.5243 0.1591 0.1403 
        D358  5 0.1255 0.5342 0.1476 0.1927 
        D359  5 0.0282 0.5490 0.0347 0.3880 
        D360  5 0.0471 0.6058 0.1571 0.1899 
        D361  5 0.0317 0.1443 0.7924 0.0316 
        D366  5 0.2792 0.0462 0.1087 0.5660 
        D367  5 0.0595 0.8287 0.0724 0.0394 
        D368  5 0.0847 0.5070 0.2749 0.1334 
        D380  5 0.1133 0.0961 0.2084 0.5823 
        D381  5 0.1098 0.7027 0.0621 0.1254 
        D400  5 0.3135 0.4466 0.0619 0.1780 
        D411  5 0.0323 0.0238 0.9195 0.0244 
        D412  5 0.3339 0.2565 0.1995 0.2102 
        D413  5 0.7697 0.0553 0.0805 0.0945 
        D414  5 0.5609 0.0622 0.0657 0.3112 
        D420  5 0.2087 0.2162 0.5057 0.0694 
        D431  5 0.3467 0.4904 0.1290 0.0339 
        D432  5 0.1948 0.5386 0.1485 0.1180 
        D433  5 0.1555 0.7023 0.0662 0.0761 
        D434  5 0.0610 0.6778 0.0902 0.1711 
        D440  5 0.0465 0.0432 0.0733 0.8369 
        D447  5 0.1032 0.0547 0.1517 0.6904 
        D448  5 0.0753 0.8211 0.0252 0.0784 
        D459  5 0.7045 0.0476 0.0354 0.2125 
        D460  5 0.0452 0.1939 0.6773 0.0837 
        D461  5 0.0273 0.0467 0.0237 0.9022 
        D468  5 0.0930 0.5618 0.1639 0.1812 
        D469  5 0.0799 0.1830 0.2141 0.5230 
        D470  5 0.0877 0.3606 0.3558 0.1959 
        D471  5 0.1139 0.7401 0.0312 0.1148 
        D472  5 0.1716 0.0258 0.0314 0.7712 
        D479  5 0.8129 0.0627 0.0486 0.0758 
        D485  5 0.1754 0.4894 0.1646 0.1706 
        D486  5 0.0735 0.4094 0.3448 0.1723 
        D487  5 0.6325 0.2166 0.0701 0.0807 
        D555  5 0.0850 0.8374 0.0322 0.0454 
        D556  5 0.2804 0.5349 0.0814 0.1033 
        D557  5 0.0635 0.8351 0.0287 0.0728 
        D564  5 0.0785 0.6069 0.1290 0.1855 
        D594  5 0.1244 0.3793 0.1116 0.3847 
        D595  5 0.1804 0.4732 0.1287 0.2176 
        D596  5 0.0453 0.8969 0.0293 0.0286 
        D597  5 0.3716 0.3049 0.0473 0.2762 
        D598  5 0.1440 0.4791 0.1894 0.1875 
        D617  5 0.1760 0.0485 0.7421 0.0333 
        D618  5 0.2086 0.5580 0.0725 0.1610 
        D619  5 0.0684 0.4580 0.2293 0.2442 
        D620  5 0.8845 0.0260 0.0350 0.0546 
        D628  5 0.1707 0.2779 0.2115 0.3399 
        D714  5 0.3035 0.5574 0.0829 0.0562 
        D715  5 0.1641 0.6350 0.0477 0.1532 
        D716  5 0.2879 0.3805 0.0708 0.2608 
        D717  5 0.0829 0.2349 0.1266 0.5556 
        D718  5 0.1383 0.4890 0.3168 0.0559 
        D769  5 0.2136 0.0619 0.6565 0.0680 
        D770  5 0.4973 0.3181 0.0854 0.0992 
        D771  5 0.4867 0.2267 0.1705 0.1161 
        D772  5 0.0908 0.7175 0.0680 0.1237 
        D782  5 0.2881 0.0893 0.5639 0.0588 
        D783  5 0.6520 0.1793 0.0654 0.1034 
        D784  5 0.0783 0.1296 0.0816 0.7105 
        D785  5 0.0428 0.8257 0.0776 0.0540 
        D786  5 0.0598 0.0506 0.5305 0.3591 
        D821  5 0.0335 0.9249 0.0178 0.0238 
        D822  5 0.0964 0.3437 0.0788 0.4812 
        D826  5 0.3739 0.4281 0.0529 0.1451 
        D827  5 0.1296 0.0916 0.1027 0.6761 
        D851  5 0.1950 0.3050 0.2739 0.2261 
        D852  5 0.5156 0.2636 0.1080 0.1128 
        D853  5 0.1516 0.5741 0.1079 0.1664 
        D854  5 0.3463 0.1193 0.2108 0.3237 
        D861  5 0.3671 0.3225 0.1664 0.1440 
        D862  5 0.0404 0.6072 0.0771 0.2753 
        D865  5 0.1132 0.7994 0.0541 0.0334 
        D868  5 0.0648 0.0999 0.0739 0.7614 
        D869  5 0.0348 0.0717 0.8634 0.0301 
        D870  5 0.0962 0.0305 0.6574 0.2159 
        D907  5 0.0613 0.8037 0.0888 0.0462 
        D908  5 0.6057 0.2735 0.0618 0.0590 
        D910  5 0.3054 0.5307 0.0406 0.1234 
        D911  5 0.6593 0.0677 0.0464 0.2267 
        D934  5 0.5680 0.1958 0.0815 0.1546 
        D946  5 0.4695 0.3214 0.1268 0.0824 
        D947  5 0.2000 0.1948 0.1729 0.4323 
        D948  5 0.0431 0.2515 0.6375 0.0679 
        D949  5 0.0366 0.2356 0.6587 0.0690 
        D950  5 0.7034 0.0618 0.0305 0.2043 
        D951  5 0.0428 0.1238 0.1360 0.6974 
        D952  5 0.0883 0.1685 0.0593 0.6840 
        D953  5 0.0674 0.7170 0.0624 0.1531 
        D954  5 0.0528 0.4145 0.0849 0.4479 
        D961  5 0.1840 0.5999 0.1530 0.0631 
        D962  5 0.0237 0.8582 0.0360 0.0820 
        D963  5 0.1003 0.3454 0.0547 0.4996 
        D964  5 0.2884 0.2387 0.3411 0.1319 
        D965  5 0.2711 0.3009 0.1762 0.2518 
        D966  5 0.2555 0.4004 0.0535 0.2906 
        D967  5 0.3341 0.3850 0.1715 0.1094 
        D991  5 0.0846 0.3393 0.2474 0.3287 
        D502  6 0.4029 0.0803 0.4440 0.0727 
        D503  6 0.5925 0.0642 0.3033 0.0400 
        D504  6 0.1605 0.1501 0.1414 0.5481 
        D505  6 0.2140 0.4617 0.1600 0.1643 
        D506  6 0.0263 0.9140 0.0304 0.0293 
        D507  6 0.4961 0.0998 0.2285 0.1756 
        D508  6 0.2278 0.1798 0.1209 0.4715 
        D529  6 0.1499 0.2563 0.3770 0.2168 
        D530  6 0.0899 0.6832 0.1829 0.0440 
        D531  6 0.1531 0.2860 0.1355 0.4253 
        D532  6 0.0883 0.5513 0.0654 0.2950 
        D534  6 0.0789 0.0393 0.7849 0.0970 
        D535  6 0.0641 0.6206 0.1139 0.2014 
        D536  6 0.7716 0.0278 0.1664 0.0342 
        D554  6 0.0588 0.7144 0.1672 0.0596 
        D587  6 0.1284 0.6626 0.0798 0.1291 
        D588  6 0.1079 0.4827 0.1377 0.2718 
        D589  6 0.5973 0.1979 0.1342 0.0706 
        D590  6 0.8246 0.0514 0.0801 0.0439 
        D591  6 0.3671 0.2763 0.2448 0.1118 
        D592  6 0.0850 0.0737 0.7691 0.0722 
        D593  6 0.0797 0.7875 0.0952 0.0376 
        D682  6 0.0571 0.8414 0.0592 0.0423 
        D683  6 0.0559 0.2757 0.1194 0.5490 
        D684  6 0.3209 0.0276 0.5373 0.1142 
        D685  6 0.4010 0.2263 0.3327 0.0399 
        D686  6 0.0374 0.8421 0.0655 0.0550 
        D724  6 0.1966 0.0822 0.2236 0.4976 
        D725  6 0.3136 0.4234 0.1523 0.1108 
        D726  6 0.0365 0.8702 0.0385 0.0548 
        D727  6 0.4738 0.1490 0.1393 0.2379 
        D728  6 0.0574 0.8013 0.0808 0.0604 
        D729  6 0.1598 0.0411 0.5415 0.2576 
        D730  6 0.2967 0.0869 0.3209 0.2955 
        D731  6 0.3206 0.6314 0.0272 0.0208 
        D732  6 0.1005 0.1442 0.1152 0.6401 
        D733  6 0.1777 0.2975 0.2330 0.2919 
     D237251  7 0.6630 0.1799 0.0665 0.0905 
     D237252  7 0.3492 0.0768 0.4689 0.1051 
     D237253  7 0.5982 0.2112 0.0862 0.1044 
     D237254  7 0.0369 0.0249 0.9093 0.0289 
     D237255  7 0.8412 0.0792 0.0344 0.0452 
     D237256  7 0.6822 0.0939 0.0442 0.1797 
     D237257  7 0.1590 0.0899 0.6433 0.1077 
     D237282  7 0.0745 0.0321 0.0912 0.8022 
     D237283  7 0.0513 0.0363 0.8861 0.0263 
     D237284  7 0.0391 0.0357 0.8464 0.0788 
     D237285  7 0.2181 0.5602 0.1122 0.1095 
     D237286  7 0.2152 0.2981 0.1602 0.3265 
     D237287  7 0.5459 0.0982 0.1364 0.2195 
     D244006  7 0.0285 0.0251 0.9035 0.0429 
     D244007  7 0.4501 0.0656 0.1902 0.2941 
     D244008  7 0.0304 0.0999 0.8326 0.0370 
     D244009  7 0.0647 0.1512 0.5180 0.2661 
     D244010  7 0.1669 0.1315 0.5943 0.1072 
     D244011  7 0.2911 0.4096 0.1738 0.1255 
     D244012  7 0.4001 0.0924 0.2899 0.2176 
     D244013  7 0.4034 0.2254 0.0656 0.3057 
     D244014  7 0.3749 0.1093 0.3615 0.1543 
     D244015  7 0.1084 0.0573 0.6068 0.2275 
     D244125  7 0.3606 0.3340 0.0707 0.2346 
     D244126  7 0.0309 0.0192 0.9139 0.0360 
     D244130  7 0.1641 0.2123 0.4191 0.2045 
     D244131  7 0.1035 0.3618 0.1904 0.3444 
     D244132  7 0.0419 0.5249 0.0615 0.3717 
        D520  7 0.0634 0.3927 0.4704 0.0735 
        D521  7 0.1293 0.2332 0.2584 0.3790 
        D522  7 0.0843 0.1176 0.5503 0.2479 
        D523  7 0.7973 0.0835 0.0564 0.0629 
        D524  7 0.4523 0.2632 0.1466 0.1379 
        D525  7 0.2950 0.0538 0.5783 0.0729 
        D526  7 0.0362 0.0253 0.8740 0.0645 
        D527  7 0.1721 0.1331 0.1632 0.5315 
        D528  7 0.1110 0.0263 0.7712 0.0914 
        D558  7 0.1361 0.0541 0.1537 0.6562 
        D559  7 0.1414 0.0301 0.1045 0.7240 
        D640  7 0.2072 0.4568 0.0876 0.2484 
        D641  7 0.2984 0.3793 0.2689 0.0535 
        D642  7 0.2388 0.0908 0.5711 0.0994 
        D644  7 0.1610 0.4069 0.2751 0.1570 
        D645  7 0.4347 0.2018 0.1963 0.1672 
        D662  7 0.0278 0.2573 0.5057 0.2092 
        D687  7 0.4086 0.1243 0.1353 0.3318 
        D688  7 0.1294 0.0494 0.2247 0.5965 
        D689  7 0.1889 0.4958 0.1049 0.2104 
        D700  7 0.1463 0.0229 0.7425 0.0883 
        D797  7 0.2255 0.3039 0.1488 0.3218 
        D798  7 0.0535 0.1337 0.6857 0.1271 
        D799  7 0.6559 0.0645 0.1704 0.1092 
        D800  7 0.1718 0.0458 0.1178 0.6647 
        D132  8 0.0315 0.0425 0.8802 0.0458 
        D133  8 0.8891 0.0221 0.0649 0.0238 
        D200  8 0.2903 0.3278 0.1433 0.2386 
        D500  8 0.0186 0.0334 0.9121 0.0360 
        D614  8 0.0606 0.5762 0.1706 0.1926 
        D723  8 0.1269 0.0847 0.2784 0.5099 
        D888  8 0.8239 0.0525 0.0400 0.0835 
        D901  8 0.1884 0.1153 0.6429 0.0534 
        D902  8 0.0843 0.7836 0.0680 0.0641 
        D903  8 0.1054 0.2233 0.0672 0.6040 
        D904  8 0.1085 0.1343 0.1746 0.5826 
        D905  8 0.8000 0.1434 0.0285 0.0281 
        D906  8 0.6501 0.0482 0.1550 0.1468 
        D937  8 0.0718 0.8574 0.0466 0.0242 
        D943  8 0.1927 0.0683 0.4988 0.2402 
        D972  8 0.0895 0.0815 0.4245 0.4045 
        D973  8 0.0328 0.0638 0.1572 0.7463 
        D974  8 0.1937 0.2847 0.3134 0.2082 
        D975  8 0.1839 0.4022 0.1604 0.2535 
        D976  8 0.3202 0.2613 0.3340 0.0845 
        D201  9 0.6263 0.0849 0.1239 0.1648 
        D202  9 0.5033 0.2134 0.2166 0.0668 
     D237259  9 0.1709 0.0579 0.5289 0.2423 
     D237260  9 0.6933 0.0552 0.2248 0.0268 
     D237262  9 0.0375 0.0419 0.8761 0.0446 
     D237263  9 0.2718 0.0603 0.5564 0.1116 
     D237264  9 0.1921 0.2500 0.4020 0.1559 
     D237265  9 0.7864 0.0716 0.1091 0.0329 
     D237266  9 0.6444 0.0493 0.2317 0.0746 
     D237267  9 0.1404 0.4183 0.3496 0.0918 
     D237268  9 0.0778 0.1279 0.6255 0.1688 
     D237289  9 0.5127 0.3399 0.1113 0.0360 
     D237290  9 0.8842 0.0327 0.0527 0.0304 
     D237291  9 0.7807 0.0920 0.0738 0.0535 
     D237292  9 0.5958 0.0449 0.3252 0.0341 
     D237293  9 0.1296 0.3481 0.3204 0.2019 
     D237294  9 0.3145 0.1190 0.5158 0.0506 
     D237295  9 0.0499 0.3208 0.3090 0.3203 
     D237296  9 0.3083 0.2816 0.2998 0.1102 
     D237297  9 0.0790 0.7454 0.0728 0.1029 
     D237298  9 0.2238 0.0897 0.2134 0.4732 
     D237341  9 0.5403 0.1268 0.1321 0.2008 
     D237342  9 0.0917 0.1468 0.6689 0.0926 
     D237343  9 0.4497 0.0605 0.3867 0.1030 
     D237344  9 0.1697 0.6316 0.1134 0.0853 
     D237345  9 0.0513 0.0252 0.8576 0.0659 
     D237346  9 0.6110 0.2412 0.1039 0.0438 
     D237347  9 0.2131 0.5769 0.0899 0.1201 
     D237348  9 0.2145 0.2502 0.3944 0.1410 
     D237349  9 0.4086 0.0479 0.2431 0.3004 
     D244109  9 0.5936 0.0197 0.2399 0.1467 
     D244110  9 0.7685 0.0385 0.1157 0.0773 
     D244111  9 0.3485 0.1631 0.2111 0.2774 
     D244128  9 0.0765 0.0597 0.7994 0.0645 
     D244137  9 0.0637 0.0654 0.1369 0.7339 
     D244138  9 0.5262 0.2058 0.1865 0.0815 
        D580  9 0.0422 0.0988 0.7373 0.1217 
        D581  9 0.8670 0.0295 0.0762 0.0273 
        D582  9 0.0253 0.0417 0.9082 0.0248 
        D583  9 0.8767 0.0275 0.0693 0.0265 
        D584  9 0.0606 0.6049 0.3000 0.0346 
        D585  9 0.2262 0.0493 0.6632 0.0613 
        D586  9 0.8051 0.1090 0.0424 0.0435 
        D651  9 0.1693 0.2132 0.1340 0.4834 
        D652  9 0.1536 0.0488 0.4471 0.3505 
        D653  9 0.4187 0.0964 0.1284 0.3565 
        D654  9 0.3424 0.0563 0.1394 0.4619 
        D655  9 0.3264 0.4952 0.0789 0.0996 
        D656  9 0.0505 0.0710 0.8204 0.0581 
        D657  9 0.2013 0.1532 0.4170 0.2284 
        D667  9 0.1858 0.6980 0.0523 0.0640 
        D668  9 0.2787 0.1579 0.4867 0.0767 
        D669  9 0.6415 0.0925 0.1725 0.0935 
        D670  9 0.1063 0.0948 0.1417 0.6572 
        D671  9 0.7277 0.0660 0.1209 0.0854 
        D672  9 0.1459 0.0533 0.7302 0.0706 
        D673  9 0.1869 0.3444 0.2565 0.2122 
        D692  9 0.2899 0.0499 0.6104 0.0498 
        D693  9 0.1340 0.3957 0.3193 0.1511 
        D694  9 0.0695 0.0695 0.8290 0.0320 
        D695  9 0.0839 0.1624 0.4851 0.2686 
        D696  9 0.0223 0.9269 0.0227 0.0281 
        D697  9 0.2109 0.5481 0.0995 0.1415 
        D698  9 0.4713 0.3829 0.1031 0.0426 
        D699  9 0.1160 0.7431 0.1069 0.0340 
        D787  9 0.1898 0.0816 0.3783 0.3503 
        D788  9 0.0467 0.7749 0.1097 0.0687 
        D789  9 0.1824 0.3858 0.3649 0.0668 
        D790  9 0.3217 0.2249 0.2994 0.1540 
        D791  9 0.7055 0.1735 0.0757 0.0452 
        D792  9 0.3076 0.0508 0.2097 0.4319 
        D793  9 0.1280 0.6171 0.0740 0.1808 
        D794  9 0.1557 0.4544 0.1314 0.2585 
        D795  9 0.0872 0.1861 0.6922 0.0344 
        D796  9 0.5810 0.2082 0.1526 0.0582 
        D142 10 0.1794 0.5359 0.0812 0.2036 
        D143 10 0.7922 0.1169 0.0438 0.0470 
        D144 10 0.1049 0.4196 0.2536 0.2219 
        D145 10 0.8186 0.0443 0.0630 0.0741 
        D146 10 0.0603 0.1873 0.6624 0.0900 
        D147 10 0.1592 0.1429 0.4327 0.2651 
        D148 10 0.1023 0.1384 0.4654 0.2939 
        D149 10 0.8070 0.0472 0.0554 0.0904 
        D151 10 0.2090 0.0906 0.5638 0.1365 
        D152 10 0.9329 0.0234 0.0262 0.0174 
        D153 10 0.0375 0.3122 0.1163 0.5340 
        D156 10 0.0978 0.0614 0.0457 0.7950 
        D157 10 0.1022 0.6753 0.1592 0.0632 
        D158 10 0.3815 0.3699 0.1969 0.0517 
        D159 10 0.8965 0.0310 0.0397 0.0329 
        D160 10 0.7479 0.1826 0.0473 0.0222 
        D161 10 0.1561 0.2841 0.1940 0.3658 
        D162 10 0.1878 0.1393 0.0337 0.6391 
        D169 10 0.0735 0.0379 0.8382 0.0504 
        D170 10 0.0494 0.1413 0.7011 0.1082 
        D171 10 0.0695 0.6445 0.1386 0.1475 
        D172 10 0.1880 0.1368 0.1680 0.5071 
        D173 10 0.8233 0.0171 0.0564 0.1032 
        D181 10 0.1404 0.5672 0.0869 0.2055 
        D182 10 0.5464 0.0557 0.1837 0.2142 
        D183 10 0.0465 0.8413 0.0585 0.0537 
        D184 10 0.0169 0.0200 0.8760 0.0871 
        D185 10 0.0866 0.1513 0.2528 0.5093 
        D186 10 0.0989 0.0350 0.8286 0.0374 
        D194 10 0.0869 0.1282 0.6118 0.1730 
        D195 10 0.3927 0.3063 0.0589 0.2422 
        D196 10 0.2638 0.1625 0.0328 0.5409 
        D197 10 0.1781 0.0776 0.7129 0.0313 
        D198 10 0.0383 0.3363 0.3496 0.2758 
     D237226 10 0.5991 0.0672 0.2479 0.0858 
     D237232 10 0.3567 0.4375 0.1532 0.0527 
     D237233 10 0.7226 0.1482 0.0901 0.0392 
     D237234 10 0.2234 0.4518 0.1130 0.2118 
     D237354 10 0.9080 0.0383 0.0197 0.0339 
     D237355 10 0.8069 0.0820 0.0666 0.0446 
     D237356 10 0.0405 0.5633 0.2107 0.1856 
     D237357 10 0.4647 0.1079 0.2874 0.1400 
     D237358 10 0.1606 0.0854 0.4618 0.2922 
     D237369 10 0.0603 0.0293 0.8066 0.1038 
     D237370 10 0.1050 0.8185 0.0417 0.0347 
     D237371 10 0.0813 0.1032 0.2737 0.5419 
     D237372 10 0.4416 0.0379 0.3970 0.1235 
     D237373 10 0.3705 0.4881 0.0738 0.0676 
     D237374 10 0.7425 0.1726 0.0421 0.0429 
     D237375 10 0.3457 0.1011 0.2527 0.3005 
     D237400 10 0.9169 0.0340 0.0218 0.0273 
     D244002 10 0.0832 0.0396 0.6289 0.2482 
     D244003 10 0.6221 0.3099 0.0471 0.0209 
     D244004 10 0.0326 0.9117 0.0401 0.0156 
     D244005 10 0.6295 0.0475 0.2746 0.0483 
     D244020 10 0.1165 0.4543 0.1612 0.2680 
     D244021 10 0.3096 0.0819 0.4885 0.1201 
     D244116 10 0.1655 0.1477 0.4900 0.1969 
     D244117 10 0.5587 0.3096 0.0555 0.0761 
     D244121 10 0.2817 0.5679 0.1067 0.0437 
     D244123 10 0.3450 0.4756 0.0984 0.0811 
     D244124 10 0.4230 0.1590 0.3665 0.0515 
        D332 10 0.0617 0.1260 0.0731 0.7391 
        D570 10 0.0455 0.7585 0.0581 0.1379 
        D602 10 0.0472 0.0666 0.0386 0.8476 
        D603 10 0.2971 0.4181 0.1907 0.0941 
        D604 10 0.3984 0.1052 0.0591 0.4374 
        D605 10 0.1498 0.1012 0.1305 0.6184 
        D606 10 0.0489 0.2415 0.6682 0.0414 
        D607 10 0.0407 0.0297 0.0411 0.8885 
        D608 10 0.9056 0.0213 0.0191 0.0540 
        D609 10 0.0359 0.6944 0.0782 0.1915 
        D610 10 0.2219 0.3922 0.2005 0.1853 
        D611 10 0.0225 0.9349 0.0171 0.0255 
        D613 10 0.1256 0.2886 0.0733 0.5124 
        D633 10 0.0879 0.0288 0.0711 0.8122 
        D634 10 0.1250 0.6330 0.1493 0.0927 
        D638 10 0.8895 0.0508 0.0248 0.0350 
        D681 10 0.1485 0.4594 0.2241 0.1680 
        D754 10 0.1071 0.3812 0.4553 0.0565 
        D755 10 0.6346 0.3088 0.0360 0.0206 
        D756 10 0.1662 0.6155 0.1614 0.0569 
        D757 10 0.4294 0.1060 0.2581 0.2065 
        D758 10 0.2191 0.2394 0.2314 0.3100 
        D759 10 0.6232 0.2490 0.0768 0.0509 
        D760 10 0.3500 0.3355 0.1591 0.1554 
        D761 10 0.8986 0.0534 0.0254 0.0226 
        D762 10 0.0908 0.1226 0.1158 0.6709 
        D775 10 0.2759 0.6147 0.0803 0.0291 
        D776 10 0.8387 0.0915 0.0413 0.0284 
        D777 10 0.3336 0.3851 0.2153 0.0660 
        D778 10 0.7675 0.0474 0.1546 0.0305 
        D779 10 0.1961 0.4926 0.2171 0.0942 
        D780 10 0.5392 0.1480 0.0717 0.2411 
        D781 10 0.1081 0.1163 0.0772 0.6984 
        D858 10 0.0710 0.0299 0.8777 0.0213 
        D933 10 0.2977 0.3075 0.1149 0.2799 
        D038 11 0.5473 0.1191 0.1565 0.1771 
        D063 11 0.4444 0.3376 0.0797 0.1383 
        D155 11 0.3817 0.3406 0.1343 0.1435 
        D175 11 0.0857 0.5278 0.3166 0.0699 
        D176 11 0.7463 0.1443 0.0660 0.0434 
        D205 11 0.0300 0.7485 0.1699 0.0516 
     D237229 11 0.3251 0.0350 0.2756 0.3643 
     D237230 11 0.1183 0.0407 0.2677 0.5733 
     D237231 11 0.0548 0.0477 0.0409 0.8566 
     D237269 11 0.3507 0.1077 0.1576 0.3841 
     D237270 11 0.0943 0.0434 0.7540 0.1083 
     D237271 11 0.0783 0.5070 0.1165 0.2982 
     D237272 11 0.1719 0.0513 0.3382 0.4386 
     D237273 11 0.2499 0.5645 0.0596 0.1260 
     D237301 11 0.0658 0.1252 0.0347 0.7743 
     D237302 11 0.2558 0.0857 0.4635 0.1950 
     D237303 11 0.1944 0.0338 0.6197 0.1521 
     D237304 11 0.1497 0.1688 0.1991 0.4824 
     D237305 11 0.1211 0.0918 0.7393 0.0477 
     D237314 11 0.2516 0.3460 0.1961 0.2063 
     D237315 11 0.1031 0.0735 0.6878 0.1356 
     D237316 11 0.0340 0.1145 0.0306 0.8210 
     D237328 11 0.0442 0.2812 0.3725 0.3021 
     D237329 11 0.4206 0.1787 0.3081 0.0926 
     D237330 11 0.2224 0.6522 0.0566 0.0688 
     D237331 11 0.2511 0.4192 0.1094 0.2203 
     D237332 11 0.0671 0.2755 0.1195 0.5379 
     D237333 11 0.5497 0.3310 0.0432 0.0762 
     D237334 11 0.0656 0.1069 0.0533 0.7741 
     D237335 11 0.0763 0.3556 0.1657 0.4024 
     D237336 11 0.5568 0.1583 0.1497 0.1352 
     D237350 11 0.1253 0.5752 0.0643 0.2352 
     D237383 11 0.3237 0.1753 0.4258 0.0752 
     D237384 11 0.0814 0.0723 0.2409 0.6054 
     D237385 11 0.2485 0.1705 0.2370 0.3440 
     D237386 11 0.1051 0.1787 0.0840 0.6322 
     D237387 11 0.0320 0.1221 0.1080 0.7378 
     D237388 11 0.0574 0.7735 0.0430 0.1261 
        D239 11 0.2803 0.4653 0.0826 0.1718 
        D240 11 0.8552 0.0355 0.0796 0.0297 
        D241 11 0.2211 0.0862 0.4938 0.1989 
        D242 11 0.2111 0.0989 0.0966 0.5934 
        D243 11 0.2200 0.4680 0.1967 0.1153 
        D244 11 0.0503 0.7758 0.1228 0.0512 
