        D174  1 0.1245 0.5333 0.3422 
        D199  1 0.4584 0.4486 0.0929 
        D203  1 0.4123 0.1833 0.4044 
        D204  1 0.8645 0.0488 0.0867 
     D237366  1 0.2514 0.1143 0.6343 
     D237367  1 0.4678 0.0721 0.4601 
     D237368  1 0.2380 0.0811 0.6809 
     D244101  1 0.9126 0.0546 0.0329 
     D244102  1 0.1879 0.4264 0.3857 
     D244103  1 0.6702 0.0668 0.2630 
     D244104  1 0.5758 0.2720 0.1522 
     D244105  1 0.1630 0.0340 0.8031 
     D244106  1 0.0889 0.7853 0.1258 
     D244107  1 0.3778 0.0203 0.6019 
     D244108  1 0.1164 0.4704 0.4132 
     D244113  1 0.0711 0.8249 0.1040 
     D244114  1 0.4205 0.2867 0.2928 
     D244115  1 0.2054 0.5376 0.2570 
     D267365  1 0.2467 0.6347 0.1185 
        D404  1 0.0850 0.7969 0.1181 
        D405  1 0.1921 0.5852 0.2227 
        D406  1 0.0567 0.0256 0.9177 
        D407  1 0.8103 0.0290 0.1607 
        D408  1 0.0536 0.9140 0.0324 
        D409  1 0.7018 0.1041 0.1941 
        D410  1 0.0735 0.0289 0.8975 
        D421  1 0.9009 0.0528 0.0463 
        D422  1 0.0722 0.0170 0.9108 
        D423  1 0.0955 0.0173 0.8872 
        D424  1 0.8255 0.0352 0.1393 
        D425  1 0.4523 0.4162 0.1315 
        D426  1 0.8478 0.0662 0.0861 
        D427  1 0.5487 0.2390 0.2123 
        D428  1 0.5236 0.1670 0.3094 
        D429  1 0.3034 0.5046 0.1920 
        D430  1 0.3222 0.5119 0.1659 
        D491  1 0.0878 0.8604 0.0518 
        D492  1 0.4661 0.2427 0.2912 
        D537  1 0.7468 0.0471 0.2061 
        D538  1 0.2461 0.2281 0.5258 
        D539  1 0.0779 0.6653 0.2567 
        D540  1 0.5075 0.2280 0.2644 
        D541  1 0.8591 0.0461 0.0948 
        D551  1 0.6039 0.1197 0.2764 
        D552  1 0.2009 0.2976 0.5014 
        D553  1 0.8835 0.0660 0.0505 
        D615  1 0.2740 0.3067 0.4193 
        D616  1 0.4309 0.2046 0.3645 
        D621  1 0.0498 0.1146 0.8356 
        D622  1 0.0650 0.0463 0.8887 
        D623  1 0.2256 0.6691 0.1053 
        D624  1 0.1365 0.7625 0.1010 
        D625  1 0.6384 0.1269 0.2347 
        D626  1 0.0920 0.5856 0.3224 
        D627  1 0.8340 0.0881 0.0779 
        D690  1 0.5094 0.2065 0.2841 
        D691  1 0.1051 0.0335 0.8615 
        D710  1 0.5573 0.2995 0.1433 
        D711  1 0.6382 0.1298 0.2320 
        D712  1 0.0399 0.8752 0.0849 
        D713  1 0.3349 0.3840 0.2810 
        D746  1 0.0607 0.0220 0.9173 
        D747  1 0.8837 0.0521 0.0642 
        D748  1 0.3722 0.0729 0.5550 
        D749  1 0.1010 0.1297 0.7693 
        D750  1 0.2115 0.5876 0.2009 
        D763  1 0.6881 0.1480 0.1640 
        D764  1 0.4093 0.3176 0.2731 
        D765  1 0.0661 0.1483 0.7856 
        D766  1 0.2660 0.0623 0.6718 
        D767  1 0.3011 0.1469 0.5520 
        D768  1 0.9303 0.0195 0.0502 
        D811  1 0.0706 0.7699 0.1595 
        D816  1 0.6216 0.2448 0.1336 
        D825  1 0.1415 0.5110 0.3475 
        D866  1 0.1085 0.7762 0.1152 
        D867  1 0.0447 0.0364 0.9188 
        D871  1 0.7734 0.0819 0.1448 
        D872  1 0.3051 0.1194 0.5755 
        D873  1 0.0124 0.0184 0.9692 
        D874  1 0.4770 0.4732 0.0498 
        D875  1 0.5967 0.0405 0.3628 
        D876  1 0.4124 0.2866 0.3010 
        D877  1 0.1780 0.7667 0.0552 
        D892  1 0.2995 0.2509 0.4496 
        D893  1 0.5843 0.1107 0.3050 
        D894  1 0.5493 0.2618 0.1889 
        D915  1 0.4558 0.1228 0.4214 
        D916  1 0.7582 0.0892 0.1527 
        D917  1 0.4245 0.4953 0.0802 
        D925  1 0.0458 0.0688 0.8854 
        D926  1 0.6333 0.2139 0.1529 
        D927  1 0.6040 0.2907 0.1054 
        D928  1 0.1096 0.8417 0.0487 
        D929  1 0.1943 0.4276 0.3781 
        D936  1 0.6457 0.2449 0.1094 
        D938  1 0.0322 0.0290 0.9388 
        D956  1 0.0482 0.8504 0.1013 
        D957  1 0.2136 0.0942 0.6922 
        D958  1 0.3332 0.1665 0.5003 
        D959  1 0.8368 0.0200 0.1432 
        D960  1 0.0300 0.0297 0.9404 
        D989  1 0.1007 0.8320 0.0673 
        D990  1 0.0220 0.0594 0.9186 
        D023  2 0.3734 0.0247 0.6019 
        D130  2 0.0609 0.0222 0.9170 
        D131  2 0.8253 0.0759 0.0988 
        D163  2 0.0799 0.0362 0.8839 
        D164  2 0.1552 0.0238 0.8210 
        D165  2 0.2317 0.0274 0.7408 
        D166  2 0.2098 0.3101 0.4802 
        D167  2 0.3122 0.3723 0.3155 
        D192  2 0.3630 0.2824 0.3545 
        D193  2 0.0803 0.6986 0.2212 
        D206  2 0.6500 0.0719 0.2781 
        D207  2 0.6560 0.2114 0.1326 
        D208  2 0.0797 0.8281 0.0922 
        D209  2 0.4491 0.1252 0.4257 
        D210  2 0.1492 0.7371 0.1137 
     D229599  2 0.3252 0.4570 0.2178 
     D229600  2 0.1550 0.0517 0.7933 
     D237227  2 0.0694 0.7548 0.1758 
     D237228  2 0.0957 0.4497 0.4546 
     D237258  2 0.2425 0.4240 0.3336 
     D237310  2 0.0492 0.1132 0.8376 
     D237311  2 0.0657 0.0825 0.8518 
     D237312  2 0.1039 0.2103 0.6858 
     D237313  2 0.2743 0.3656 0.3602 
     D237322  2 0.1328 0.7064 0.1608 
     D237323  2 0.0343 0.2244 0.7413 
     D237324  2 0.4269 0.0335 0.5396 
     D237325  2 0.0971 0.1725 0.7305 
     D237326  2 0.2688 0.0755 0.6557 
     D237327  2 0.4206 0.3561 0.2234 
     D237337  2 0.1011 0.0898 0.8091 
     D237338  2 0.1562 0.2353 0.6085 
     D237339  2 0.8786 0.0613 0.0601 
     D237340  2 0.0839 0.4026 0.5135 
     D237389  2 0.0624 0.0609 0.8767 
     D237390  2 0.1335 0.2845 0.5820 
     D244017  2 0.0741 0.8132 0.1127 
     D244112  2 0.2231 0.1483 0.6286 
     D244118  2 0.0955 0.0986 0.8059 
     D244119  2 0.0751 0.7806 0.1443 
     D244120  2 0.0665 0.7647 0.1688 
     D244122  2 0.2443 0.3295 0.4263 
        D291  2 0.2864 0.5430 0.1706 
        D292  2 0.2314 0.6639 0.1046 
        D293  2 0.9675 0.0160 0.0166 
        D322  2 0.8774 0.0333 0.0893 
        D323  2 0.5442 0.2903 0.1655 
        D324  2 0.5804 0.2662 0.1535 
        D325  2 0.8856 0.0149 0.0995 
        D326  2 0.9090 0.0598 0.0311 
        D340  2 0.7640 0.0273 0.2087 
        D341  2 0.5773 0.1213 0.3014 
        D342  2 0.1918 0.1587 0.6495 
        D343  2 0.8175 0.0110 0.1715 
        D344  2 0.6144 0.1457 0.2399 
        D345  2 0.4398 0.1805 0.3797 
        D346  2 0.1566 0.7736 0.0698 
        D351  2 0.7616 0.0823 0.1561 
        D352  2 0.5592 0.2487 0.1921 
        D353  2 0.9310 0.0368 0.0322 
        D354  2 0.3792 0.3662 0.2546 
        D362  2 0.5583 0.2384 0.2034 
        D363  2 0.5649 0.3232 0.1120 
        D364  2 0.4926 0.2474 0.2600 
        D365  2 0.7936 0.0233 0.1831 
        D369  2 0.4608 0.3751 0.1641 
        D374  2 0.0252 0.9081 0.0666 
        D375  2 0.4847 0.1947 0.3206 
        D376  2 0.0342 0.8402 0.1256 
        D377  2 0.1748 0.3847 0.4405 
        D378  2 0.8804 0.0389 0.0807 
        D379  2 0.8337 0.0877 0.0786 
        D384  2 0.8871 0.0669 0.0460 
        D385  2 0.6933 0.0757 0.2310 
        D386  2 0.8107 0.0446 0.1447 
        D391  2 0.7826 0.0351 0.1823 
        D392  2 0.5569 0.1110 0.3321 
        D393  2 0.7935 0.0792 0.1273 
        D394  2 0.2881 0.1290 0.5829 
        D395  2 0.8072 0.0835 0.1093 
        D401  2 0.0404 0.0522 0.9074 
        D402  2 0.6837 0.0833 0.2330 
        D403  2 0.6141 0.0543 0.3316 
        D415  2 0.8650 0.0241 0.1109 
        D435  2 0.8097 0.0371 0.1532 
        D436  2 0.5550 0.1862 0.2588 
        D438  2 0.7318 0.0321 0.2361 
        D439  2 0.7561 0.0530 0.1909 
        D449  2 0.8180 0.0332 0.1488 
        D450  2 0.2782 0.5616 0.1602 
        D456  2 0.9332 0.0295 0.0373 
        D462  2 0.8093 0.0278 0.1629 
        D463  2 0.9191 0.0358 0.0451 
        D464  2 0.8519 0.0995 0.0486 
        D465  2 0.8070 0.0449 0.1481 
        D473  2 0.0821 0.6750 0.2428 
        D474  2 0.5729 0.2828 0.1443 
        D476  2 0.2646 0.0284 0.7070 
        D477  2 0.5172 0.3481 0.1347 
        D478  2 0.2675 0.4826 0.2500 
        D480  2 0.7258 0.2053 0.0689 
        D481  2 0.3916 0.3727 0.2356 
        D482  2 0.0729 0.7374 0.1897 
        D483  2 0.3529 0.3108 0.3363 
        D484  2 0.3971 0.4079 0.1950 
        D510  2 0.0442 0.9020 0.0537 
        D511  2 0.8301 0.0657 0.1041 
        D512  2 0.2657 0.0490 0.6854 
        D513  2 0.7242 0.1005 0.1752 
        D635  2 0.7540 0.0548 0.1912 
        D636  2 0.0521 0.0272 0.9208 
        D637  2 0.4116 0.3591 0.2293 
        D658  2 0.2169 0.4347 0.3484 
        D659  2 0.8497 0.0617 0.0886 
        D677  2 0.4203 0.1212 0.4585 
        D678  2 0.3319 0.2052 0.4629 
        D679  2 0.7449 0.1696 0.0855 
        D719  2 0.3734 0.5881 0.0386 
        D720  2 0.7216 0.1728 0.1055 
        D721  2 0.4519 0.0475 0.5005 
        D722  2 0.0559 0.8337 0.1104 
        D734  2 0.2482 0.7177 0.0341 
        D735  2 0.5883 0.1619 0.2498 
        D736  2 0.2011 0.7026 0.0964 
        D737  2 0.1300 0.4425 0.4275 
        D807  2 0.2161 0.6518 0.1322 
        D808  2 0.3590 0.1317 0.5093 
        D817  2 0.4315 0.4128 0.1557 
        D818  2 0.8003 0.0765 0.1232 
        D819  2 0.4566 0.2645 0.2788 
        D820  2 0.9225 0.0415 0.0360 
        D895  2 0.6761 0.0621 0.2618 
        D896  2 0.0309 0.0428 0.9263 
        D897  2 0.4184 0.2018 0.3799 
        D898  2 0.1445 0.6487 0.2068 
        D918  2 0.2941 0.1675 0.5385 
        D919  2 0.8444 0.0673 0.0883 
        D920  2 0.0206 0.0251 0.9543 
        D923  2 0.8622 0.0675 0.0703 
        D930  2 0.5890 0.2563 0.1546 
        D931  2 0.6184 0.2610 0.1206 
        D968  2 0.7657 0.0498 0.1844 
        D969  2 0.6145 0.2855 0.0999 
        D977  2 0.7404 0.0667 0.1929 
        D978  2 0.3753 0.4765 0.1482 
        D211  3 0.2150 0.0670 0.7180 
     D229639  3 0.0807 0.8488 0.0705 
     D237212  3 0.4754 0.2620 0.2626 
     D237213  3 0.3374 0.0907 0.5719 
     D237214  3 0.3251 0.0507 0.6242 
     D237215  3 0.0488 0.8291 0.1221 
     D237216  3 0.6160 0.0757 0.3083 
     D237217  3 0.3330 0.0273 0.6397 
     D237218  3 0.5110 0.2407 0.2483 
     D237219  3 0.0389 0.4080 0.5531 
     D237382  3 0.2906 0.2323 0.4771 
     D244127  3 0.1111 0.0517 0.8372 
     D244129  3 0.4983 0.1459 0.3558 
     D244133  3 0.2386 0.5412 0.2201 
     D244134  3 0.0689 0.7688 0.1623 
     D244135  3 0.2158 0.0419 0.7422 
     D244136  3 0.2941 0.5873 0.1186 
        D416  3 0.5499 0.1305 0.3196 
        D417  3 0.6369 0.0538 0.3092 
        D419  3 0.1954 0.3144 0.4902 
        D565  3 0.0962 0.8541 0.0497 
        D566  3 0.0894 0.8607 0.0499 
        D567  3 0.5770 0.0753 0.3477 
        D568  3 0.4344 0.0599 0.5057 
        D569  3 0.6412 0.1434 0.2155 
        D573  3 0.8329 0.1089 0.0582 
        D574  3 0.0665 0.8590 0.0746 
        D575  3 0.2715 0.3585 0.3701 
        D576  3 0.1004 0.6551 0.2445 
        D577  3 0.5869 0.1734 0.2397 
        D578  3 0.0846 0.0236 0.8918 
        D579  3 0.4050 0.4276 0.1674 
        D660  3 0.2767 0.2428 0.4805 
        D661  3 0.3960 0.3200 0.2840 
        D663  3 0.5413 0.3847 0.0739 
        D664  3 0.0633 0.3312 0.6055 
        D665  3 0.2804 0.0908 0.6287 
        D666  3 0.1367 0.4271 0.4362 
        D009  4 0.2904 0.0987 0.6108 
        D057  4 0.3231 0.1490 0.5279 
        D109  4 0.1261 0.1233 0.7505 
     D237222  4 0.0446 0.0741 0.8813 
     D237223  4 0.2271 0.1019 0.6710 
     D237224  4 0.5312 0.3542 0.1147 
     D237225  4 0.3989 0.1126 0.4886 
     D237299  4 0.2612 0.1099 0.6289 
     D237300  4 0.0375 0.9166 0.0458 
     D237306  4 0.2387 0.4738 0.2875 
     D237307  4 0.3138 0.5087 0.1775 
     D237308  4 0.3541 0.2362 0.4097 
     D237309  4 0.4096 0.0934 0.4971 
     D237317  4 0.2810 0.5943 0.1248 
     D237318  4 0.1487 0.8076 0.0438 
     D237319  4 0.2275 0.2188 0.5538 
     D237320  4 0.3257 0.1263 0.5480 
     D237321  4 0.1108 0.7921 0.0971 
     D237397  4 0.2008 0.3335 0.4657 
     D237398  4 0.6085 0.2671 0.1244 
     D237399  4 0.1845 0.5977 0.2178 
     D244001  4 0.1018 0.0421 0.8561 
        D289  4 0.4778 0.3948 0.1275 
        D290  4 0.2873 0.5035 0.2092 
        D294  4 0.5218 0.2713 0.2069 
        D295  4 0.3091 0.2224 0.4685 
        D301  4 0.0246 0.0749 0.9005 
        D302  4 0.7985 0.0818 0.1197 
        D303  4 0.0889 0.7405 0.1706 
        D304  4 0.1549 0.7627 0.0825 
        D305  4 0.6918 0.0598 0.2484 
        D306  4 0.2257 0.6570 0.1173 
        D307  4 0.0262 0.0652 0.9086 
        D327  4 0.7701 0.1583 0.0715 
        D328  4 0.1028 0.7013 0.1959 
        D329  4 0.2693 0.2282 0.5025 
        D330  4 0.5346 0.0309 0.4345 
        D331  4 0.1784 0.5457 0.2759 
        D333  4 0.1434 0.4522 0.4044 
        D334  4 0.1792 0.6553 0.1655 
        D335  4 0.7979 0.0903 0.1118 
        D370  4 0.0810 0.5474 0.3716 
        D371  4 0.1327 0.8151 0.0522 
        D372  4 0.0503 0.8659 0.0839 
        D373  4 0.0974 0.0585 0.8441 
        D455  4 0.0621 0.0366 0.9014 
        D490  4 0.0246 0.0280 0.9474 
        D497  4 0.0371 0.0538 0.9091 
        D498  4 0.1072 0.6059 0.2868 
        D499  4 0.2619 0.6392 0.0990 
        D514  4 0.6556 0.1378 0.2066 
        D515  4 0.2171 0.0522 0.7307 
        D516  4 0.2501 0.2092 0.5407 
        D517  4 0.0793 0.0398 0.8809 
        D518  4 0.3276 0.1672 0.5052 
        D519  4 0.2402 0.0455 0.7143 
        D560  4 0.2661 0.0570 0.6769 
        D561  4 0.7563 0.0229 0.2208 
        D562  4 0.3589 0.3255 0.3155 
        D563  4 0.7085 0.0706 0.2210 
        D572  4 0.5865 0.1305 0.2830 
        D629  4 0.5845 0.1447 0.2708 
        D630  4 0.3169 0.3250 0.3581 
        D631  4 0.4194 0.3524 0.2282 
        D632  4 0.1550 0.0397 0.8053 
        D646  4 0.4819 0.0383 0.4799 
        D647  4 0.5418 0.0427 0.4155 
        D648  4 0.1248 0.6719 0.2033 
        D649  4 0.4395 0.0825 0.4781 
        D650  4 0.3707 0.3534 0.2759 
        D708  4 0.1102 0.7571 0.1327 
        D709  4 0.1369 0.6391 0.2240 
        D738  4 0.1916 0.4379 0.3705 
        D739  4 0.1974 0.2194 0.5832 
        D740  4 0.1769 0.4473 0.3758 
        D741  4 0.7154 0.0304 0.2542 
        D742  4 0.4255 0.4333 0.1413 
        D743  4 0.7644 0.1694 0.0662 
        D744  4 0.8269 0.0662 0.1069 
        D745  4 0.1370 0.0516 0.8114 
        D814  4 0.6099 0.0834 0.3067 
        D815  4 0.4399 0.3012 0.2589 
        D828  4 0.0327 0.8317 0.1356 
        D845  4 0.2082 0.7563 0.0356 
        D846  4 0.6875 0.0579 0.2546 
        D847  4 0.2861 0.4059 0.3079 
        D848  4 0.1397 0.0852 0.7751 
        D849  4 0.1466 0.0373 0.8161 
        D850  4 0.6569 0.1573 0.1858 
        D856  4 0.2961 0.1924 0.5115 
        D857  4 0.0198 0.0403 0.9399 
        D859  4 0.4471 0.3788 0.1741 
        D860  4 0.2763 0.6461 0.0776 
        D883  4 0.2348 0.3509 0.4143 
        D884  4 0.1971 0.1778 0.6250 
        D885  4 0.8146 0.0635 0.1219 
        D886  4 0.1773 0.1019 0.7208 
        D887  4 0.3025 0.4846 0.2129 
        D889  4 0.1183 0.8452 0.0365 
        D890  4 0.1343 0.5508 0.3149 
        D891  4 0.1360 0.8400 0.0240 
        D899  4 0.2339 0.6959 0.0702 
        D900  4 0.4806 0.2927 0.2267 
        D970  4 0.4729 0.3089 0.2182 
        D971  4 0.6720 0.0540 0.2740 
        D979  4 0.8044 0.1215 0.0741 
        D093  5 0.0759 0.7924 0.1318 
        D154  5 0.4779 0.3377 0.1844 
        D168  5 0.4570 0.1289 0.4142 
        D189  5 0.0963 0.8221 0.0816 
        D190  5 0.1008 0.8252 0.0740 
     D237220  5 0.1755 0.3370 0.4875 
     D237221  5 0.1597 0.7230 0.1173 
     D237274  5 0.8480 0.0498 0.1022 
     D237275  5 0.3100 0.3867 0.3033 
     D237276  5 0.1470 0.2844 0.5686 
     D237277  5 0.0776 0.8623 0.0601 
     D237278  5 0.2242 0.4072 0.3686 
     D237279  5 0.5308 0.0481 0.4211 
     D237280  5 0.1651 0.1607 0.6741 
     D237281  5 0.7286 0.1953 0.0761 
     D237351  5 0.0637 0.1232 0.8130 
     D237352  5 0.3518 0.0827 0.5656 
     D237353  5 0.0304 0.9390 0.0306 
     D237359  5 0.2502 0.3613 0.3884 
     D237361  5 0.0336 0.9122 0.0542 
     D237362  5 0.3714 0.4629 0.1657 
     D237363  5 0.6434 0.1361 0.2205 
     D237364  5 0.5589 0.0981 0.3429 
     D237376  5 0.0415 0.8614 0.0971 
     D237377  5 0.5455 0.1324 0.3221 
     D237378  5 0.0419 0.8559 0.1022 
     D237379  5 0.1395 0.7413 0.1192 
     D237380  5 0.0543 0.0651 0.8807 
     D237381  5 0.1343 0.1102 0.7556 
     D237391  5 0.0786 0.8525 0.0689 
     D237392  5 0.8006 0.0608 0.1386 
     D237393  5 0.3226 0.4303 0.2471 
     D237394  5 0.0950 0.8292 0.0759 
     D237395  5 0.0956 0.5999 0.3045 
     D237396  5 0.8115 0.0844 0.1041 
     D244016  5 0.3533 0.5723 0.0745 
     D244018  5 0.4467 0.2725 0.2808 
     D244019  5 0.6155 0.2760 0.1085 
        D279  5 0.3747 0.3974 0.2279 
        D280  5 0.1727 0.6914 0.1359 
        D281  5 0.3822 0.5615 0.0563 
        D283  5 0.2464 0.6982 0.0554 
        D284  5 0.2250 0.1459 0.6291 
        D285  5 0.1215 0.8214 0.0572 
        D286  5 0.2070 0.5322 0.2608 
        D287  5 0.0333 0.8187 0.1480 
        D288  5 0.2254 0.7059 0.0686 
        D308  5 0.0902 0.0325 0.8773 
        D309  5 0.9128 0.0279 0.0592 
        D310  5 0.0592 0.8994 0.0414 
        D311  5 0.3326 0.5131 0.1543 
        D312  5 0.1747 0.7039 0.1214 
        D313  5 0.0137 0.0231 0.9632 
        D314  5 0.2064 0.3625 0.4311 
        D315  5 0.1951 0.6123 0.1925 
        D317  5 0.0613 0.8751 0.0636 
        D318  5 0.5690 0.2524 0.1785 
        D319  5 0.0594 0.8523 0.0883 
        D320  5 0.0448 0.8783 0.0769 
        D321  5 0.0843 0.1906 0.7251 
        D336  5 0.0556 0.9055 0.0390 
        D337  5 0.0456 0.9345 0.0199 
        D338  5 0.3857 0.3321 0.2822 
        D339  5 0.0791 0.7901 0.1308 
        D347  5 0.3508 0.5408 0.1084 
        D348  5 0.0704 0.8885 0.0411 
        D349  5 0.0380 0.0643 0.8977 
        D350  5 0.8627 0.0612 0.0761 
        D355  5 0.8939 0.0765 0.0296 
        D356  5 0.1515 0.6830 0.1655 
        D357  5 0.1345 0.6835 0.1821 
        D358  5 0.3081 0.5653 0.1265 
        D359  5 0.3827 0.5594 0.0579 
        D360  5 0.1071 0.7580 0.1350 
        D361  5 0.0362 0.0342 0.9297 
        D366  5 0.8535 0.0348 0.1117 
        D367  5 0.0677 0.7719 0.1604 
        D368  5 0.1997 0.4656 0.3347 
        D380  5 0.8175 0.0676 0.1149 
        D381  5 0.2177 0.7008 0.0814 
        D400  5 0.1608 0.6870 0.1522 
        D411  5 0.0431 0.0256 0.9314 
        D412  5 0.2446 0.4301 0.3253 
        D413  5 0.6897 0.0718 0.2385 
        D414  5 0.6444 0.1980 0.1576 
        D420  5 0.1428 0.6111 0.2461 
        D431  5 0.0379 0.8121 0.1500 
        D432  5 0.1114 0.6804 0.2082 
        D433  5 0.0910 0.8211 0.0879 
        D434  5 0.1891 0.6533 0.1576 
        D440  5 0.8600 0.0276 0.1124 
        D447  5 0.8856 0.0321 0.0822 
        D448  5 0.0640 0.8919 0.0441 
        D459  5 0.8198 0.1418 0.0384 
        D460  5 0.1106 0.0791 0.8103 
        D461  5 0.8691 0.0765 0.0544 
        D468  5 0.3907 0.4316 0.1777 
        D469  5 0.4333 0.2661 0.3006 
        D470  5 0.1958 0.2319 0.5722 
        D471  5 0.1073 0.8560 0.0367 
        D472  5 0.8966 0.0552 0.0482 
        D479  5 0.5522 0.1408 0.3070 
        D485  5 0.1590 0.5750 0.2660 
        D486  5 0.3546 0.2812 0.3643 
        D487  5 0.0600 0.8070 0.1329 
        D555  5 0.0489 0.9080 0.0431 
        D556  5 0.0519 0.8757 0.0724 
        D557  5 0.0615 0.9000 0.0385 
        D564  5 0.1237 0.6458 0.2305 
        D594  5 0.6158 0.2458 0.1385 
        D595  5 0.2279 0.6296 0.1424 
        D596  5 0.0329 0.9269 0.0401 
        D597  5 0.4254 0.4948 0.0798 
        D598  5 0.1547 0.5258 0.3195 
        D617  5 0.0981 0.0482 0.8537 
        D618  5 0.1072 0.7561 0.1368 
        D619  5 0.3648 0.2718 0.3633 
        D620  5 0.6729 0.0983 0.2288 
        D628  5 0.2465 0.2357 0.5178 
        D714  5 0.0603 0.9024 0.0374 
        D715  5 0.1109 0.8394 0.0497 
        D716  5 0.3424 0.5491 0.1085 
        D717  5 0.3890 0.3410 0.2700 
        D718  5 0.0605 0.4795 0.4600 
        D769  5 0.1050 0.0474 0.8476 
        D770  5 0.3361 0.5434 0.1205 
        D771  5 0.2140 0.5193 0.2667 
        D772  5 0.1330 0.7573 0.1097 
        D782  5 0.6233 0.0838 0.2929 
        D783  5 0.5057 0.3207 0.1736 
        D784  5 0.6937 0.1743 0.1320 
        D785  5 0.0753 0.7745 0.1502 
        D786  5 0.2254 0.0335 0.7411 
        D821  5 0.0219 0.9573 0.0208 
        D822  5 0.6956 0.2277 0.0767 
        D826  5 0.1584 0.7486 0.0931 
        D827  5 0.8721 0.0506 0.0773 
        D851  5 0.4466 0.3430 0.2104 
        D852  5 0.1095 0.6498 0.2407 
        D853  5 0.1631 0.6861 0.1509 
        D854  5 0.5620 0.2291 0.2088 
        D861  5 0.2932 0.4700 0.2369 
        D862  5 0.4707 0.4295 0.0998 
        D865  5 0.0400 0.8997 0.0603 
        D868  5 0.4857 0.2465 0.2678 
        D869  5 0.0727 0.0371 0.8902 
        D870  5 0.8482 0.0266 0.1252 
        D907  5 0.0462 0.8279 0.1259 
        D908  5 0.0409 0.8513 0.1078 
        D910  5 0.1155 0.8378 0.0467 
        D911  5 0.8413 0.1225 0.0362 
        D934  5 0.2609 0.6315 0.1077 
        D946  5 0.0869 0.7005 0.2126 
        D947  5 0.3204 0.4593 0.2203 
        D948  5 0.0394 0.0878 0.8728 
        D949  5 0.0556 0.0850 0.8594 
        D950  5 0.8161 0.1543 0.0295 
        D951  5 0.8454 0.0825 0.0721 
        D952  5 0.5034 0.3660 0.1306 
        D953  5 0.0594 0.8630 0.0776 
        D954  5 0.3833 0.5267 0.0901 
        D961  5 0.0847 0.6329 0.2824 
        D962  5 0.0817 0.8487 0.0697 
        D963  5 0.4021 0.4864 0.1114 
        D964  5 0.1992 0.4552 0.3455 
        D965  5 0.3902 0.3201 0.2896 
        D966  5 0.2588 0.6495 0.0916 
        D967  5 0.1268 0.6409 0.2324 
        D991  5 0.1814 0.3266 0.4920 
        D502  6 0.4430 0.1192 0.4378 
        D503  6 0.1520 0.1992 0.6488 
        D504  6 0.6577 0.2062 0.1361 
        D505  6 0.3099 0.5402 0.1499 
        D506  6 0.0547 0.8892 0.0560 
        D507  6 0.3489 0.2982 0.3529 
        D508  6 0.4918 0.3428 0.1654 
        D529  6 0.2123 0.4762 0.3115 
        D530  6 0.0825 0.5573 0.3602 
        D531  6 0.4388 0.3585 0.2026 
        D532  6 0.4182 0.4474 0.1345 
        D534  6 0.1118 0.0441 0.8441 
        D535  6 0.3302 0.5123 0.1575 
        D536  6 0.4735 0.0467 0.4798 
        D554  6 0.1517 0.5929 0.2553 
        D587  6 0.1708 0.7145 0.1147 
        D588  6 0.5461 0.3752 0.0788 
        D589  6 0.2563 0.4650 0.2787 
        D590  6 0.6107 0.0782 0.3111 
        D591  6 0.2620 0.6047 0.1333 
        D592  6 0.0646 0.0566 0.8789 
        D593  6 0.1066 0.6414 0.2520 
        D682  6 0.0609 0.8512 0.0879 
        D683  6 0.4489 0.4054 0.1457 
        D684  6 0.4768 0.0515 0.4717 
        D685  6 0.1984 0.4491 0.3525 
        D686  6 0.1412 0.7248 0.1340 
        D724  6 0.4532 0.1621 0.3847 
        D725  6 0.2497 0.5522 0.1981 
        D726  6 0.0573 0.8528 0.0900 
        D727  6 0.7400 0.1121 0.1479 
        D728  6 0.1596 0.6779 0.1625 
        D729  6 0.6129 0.0222 0.3649 
        D730  6 0.2319 0.1773 0.5909 
        D731  6 0.0440 0.9088 0.0472 
        D732  6 0.5607 0.2482 0.1911 
        D733  6 0.2062 0.3996 0.3943 
     D237251  7 0.0928 0.7875 0.1197 
     D237252  7 0.1396 0.0995 0.7609 
     D237253  7 0.1993 0.6891 0.1116 
     D237254  7 0.1640 0.0284 0.8076 
     D237255  7 0.1547 0.7744 0.0710 
     D237256  7 0.6583 0.2558 0.0859 
     D237257  7 0.4023 0.1279 0.4699 
     D237282  7 0.7304 0.0476 0.2221 
     D237283  7 0.0292 0.0424 0.9284 
     D237284  7 0.0910 0.0252 0.8839 
     D237285  7 0.2200 0.5725 0.2075 
     D237286  7 0.4439 0.4318 0.1243 
     D237287  7 0.6737 0.1595 0.1668 
     D244006  7 0.0787 0.0225 0.8988 
     D244007  7 0.7404 0.0671 0.1925 
     D244008  7 0.0582 0.0824 0.8594 
     D244009  7 0.1199 0.1453 0.7348 
     D244010  7 0.3093 0.1961 0.4946 
     D244011  7 0.1572 0.5925 0.2503 
     D244012  7 0.4874 0.1678 0.3448 
     D244013  7 0.2185 0.5824 0.1991 
     D244014  7 0.2178 0.3109 0.4712 
     D244015  7 0.4739 0.0518 0.4743 
     D244125  7 0.2159 0.6970 0.0871 
     D244126  7 0.0249 0.0248 0.9503 
     D244130  7 0.2365 0.2356 0.5279 
     D244131  7 0.2978 0.4604 0.2418 
     D244132  7 0.3339 0.5127 0.1534 
        D520  7 0.1909 0.4222 0.3869 
        D521  7 0.3935 0.1853 0.4212 
        D522  7 0.1753 0.0855 0.7391 
        D523  7 0.2201 0.6201 0.1598 
        D524  7 0.1584 0.5742 0.2674 
        D525  7 0.1057 0.2375 0.6568 
        D526  7 0.1465 0.0209 0.8325 
        D527  7 0.3095 0.4033 0.2872 
        D528  7 0.9458 0.0185 0.0357 
        D558  7 0.6055 0.0814 0.3131 
        D559  7 0.6628 0.0788 0.2583 
        D640  7 0.1639 0.7015 0.1346 
        D641  7 0.0540 0.7451 0.2010 
        D642  7 0.1705 0.1272 0.7023 
        D644  7 0.1494 0.4270 0.4236 
        D645  7 0.2635 0.3102 0.4262 
        D662  7 0.1918 0.1112 0.6969 
        D687  7 0.2961 0.4545 0.2494 
        D688  7 0.6344 0.0710 0.2947 
        D689  7 0.1482 0.7299 0.1219 
        D700  7 0.9680 0.0160 0.0160 
        D797  7 0.2222 0.5203 0.2575 
        D798  7 0.2144 0.0560 0.7296 
        D799  7 0.1250 0.5615 0.3135 
        D800  7 0.6382 0.0507 0.3111 
        D132  8 0.0441 0.0443 0.9116 
        D133  8 0.4466 0.0681 0.4853 
        D200  8 0.1598 0.6464 0.1938 
        D500  8 0.0221 0.0271 0.9508 
        D614  8 0.1084 0.6370 0.2546 
        D723  8 0.4717 0.0769 0.4514 
        D888  8 0.1138 0.8195 0.0667 
        D901  8 0.1053 0.1599 0.7348 
        D902  8 0.1389 0.6689 0.1922 
        D903  8 0.7087 0.2184 0.0730 
        D904  8 0.4571 0.1955 0.3475 
        D905  8 0.0195 0.9570 0.0235 
        D906  8 0.6289 0.1222 0.2489 
        D937  8 0.0373 0.8702 0.0925 
        D943  8 0.3539 0.1404 0.5057 
        D972  8 0.3358 0.0777 0.5864 
        D973  8 0.5542 0.0610 0.3848 
        D974  8 0.2305 0.3865 0.3830 
        D975  8 0.1594 0.6521 0.1885 
        D976  8 0.2177 0.4603 0.3220 
        D201  9 0.3538 0.2372 0.4091 
        D202  9 0.1088 0.5068 0.3844 
     D237259  9 0.8724 0.0311 0.0965 
     D237260  9 0.1137 0.2387 0.6476 
     D237262  9 0.0276 0.0427 0.9296 
     D237263  9 0.1876 0.1431 0.6693 
     D237264  9 0.2528 0.2405 0.5067 
     D237265  9 0.1010 0.6354 0.2637 
     D237266  9 0.4309 0.0782 0.4909 
     D237267  9 0.2355 0.5663 0.1982 
     D237268  9 0.1617 0.2007 0.6376 
     D237289  9 0.1124 0.6723 0.2153 
     D237290  9 0.2357 0.4930 0.2713 
     D237291  9 0.3028 0.3863 0.3110 
     D237292  9 0.3638 0.0698 0.5664 
     D237293  9 0.1359 0.3237 0.5404 
     D237294  9 0.0443 0.0973 0.8584 
     D237295  9 0.2620 0.3623 0.3757 
     D237296  9 0.1621 0.5459 0.2920 
     D237297  9 0.1451 0.6785 0.1765 
     D237298  9 0.3358 0.2308 0.4334 
     D237341  9 0.3348 0.4194 0.2458 
     D237342  9 0.0896 0.0891 0.8214 
     D237343  9 0.2445 0.1300 0.6255 
     D237344  9 0.1260 0.6939 0.1801 
     D237345  9 0.0443 0.0208 0.9348 
     D237346  9 0.0991 0.5830 0.3179 
     D237347  9 0.1084 0.8048 0.0868 
     D237348  9 0.1899 0.3262 0.4839 
     D237349  9 0.6836 0.0231 0.2933 
     D244109  9 0.6142 0.0357 0.3501 
     D244110  9 0.4178 0.2120 0.3702 
     D244111  9 0.4372 0.2845 0.2782 
     D244128  9 0.0678 0.0486 0.8837 
     D244137  9 0.6866 0.1126 0.2008 
     D244138  9 0.2088 0.5814 0.2098 
        D580  9 0.2767 0.0633 0.6600 
        D581  9 0.2816 0.2724 0.4459 
        D582  9 0.0264 0.0349 0.9387 
        D583  9 0.1551 0.1749 0.6700 
        D584  9 0.0862 0.5313 0.3825 
        D585  9 0.1654 0.1421 0.6925 
        D586  9 0.0616 0.8937 0.0447 
        D651  9 0.5928 0.2210 0.1862 
        D652  9 0.4171 0.0401 0.5428 
        D653  9 0.7484 0.1758 0.0758 
        D654  9 0.6242 0.0453 0.3305 
        D655  9 0.1295 0.7885 0.0820 
        D656  9 0.1349 0.0374 0.8277 
        D657  9 0.2899 0.1694 0.5407 
        D667  9 0.0602 0.8815 0.0583 
        D668  9 0.1097 0.3430 0.5472 
        D669  9 0.2650 0.4016 0.3334 
        D670  9 0.8432 0.0620 0.0948 
        D671  9 0.4437 0.2246 0.3317 
        D672  9 0.0742 0.0614 0.8644 
        D673  9 0.0970 0.4728 0.4302 
        D692  9 0.2700 0.0389 0.6911 
        D693  9 0.2185 0.4205 0.3610 
        D694  9 0.0624 0.0712 0.8664 
        D695  9 0.1957 0.1701 0.6342 
        D696  9 0.0322 0.9192 0.0486 
        D697  9 0.2036 0.6086 0.1878 
        D698  9 0.1935 0.4790 0.3275 
        D699  9 0.0550 0.7330 0.2120 
        D787  9 0.5260 0.0654 0.4087 
        D788  9 0.1645 0.5607 0.2748 
        D789  9 0.1246 0.3458 0.5296 
        D790  9 0.4480 0.1511 0.4008 
        D791  9 0.0939 0.7142 0.1918 
        D792  9 0.6508 0.0592 0.2900 
        D793  9 0.2455 0.6695 0.0850 
        D794  9 0.4339 0.3763 0.1899 
        D795  9 0.0321 0.1551 0.8129 
        D796  9 0.1462 0.6939 0.1599 
        D142 10 0.2594 0.6222 0.1184 
        D143 10 0.5407 0.1241 0.3352 
        D144 10 0.2425 0.4308 0.3267 
        D145 10 0.1941 0.6960 0.1098 
        D146 10 0.2064 0.0998 0.6938 
        D147 10 0.6410 0.0965 0.2626 
        D148 10 0.7685 0.1223 0.1093 
        D149 10 0.4580 0.2353 0.3067 
        D151 10 0.6339 0.1796 0.1865 
        D152 10 0.4121 0.2911 0.2968 
        D153 10 0.3925 0.3519 0.2556 
        D156 10 0.7635 0.1031 0.1334 
        D157 10 0.0812 0.6299 0.2889 
        D158 10 0.0654 0.6932 0.2414 
        D159 10 0.6689 0.0772 0.2538 
        D160 10 0.0161 0.9682 0.0157 
        D161 10 0.5407 0.2616 0.1977 
        D162 10 0.5656 0.3396 0.0948 
        D169 10 0.1434 0.0622 0.7944 
        D170 10 0.0667 0.0936 0.8397 
        D171 10 0.2787 0.4016 0.3197 
        D172 10 0.4057 0.1726 0.4217 
        D173 10 0.7880 0.0161 0.1959 
        D181 10 0.2255 0.6991 0.0754 
        D182 10 0.4496 0.1811 0.3693 
        D183 10 0.0506 0.8169 0.1325 
        D184 10 0.0364 0.0155 0.9481 
        D185 10 0.5598 0.2063 0.2339 
        D186 10 0.0344 0.0394 0.9262 
        D194 10 0.1806 0.0989 0.7206 
        D195 10 0.2564 0.6161 0.1274 
        D196 10 0.5578 0.3779 0.0643 
        D197 10 0.0774 0.0667 0.8559 
        D198 10 0.5031 0.2786 0.2183 
     D237226 10 0.3578 0.4143 0.2279 
     D237232 10 0.1099 0.7718 0.1182 
     D237233 10 0.0867 0.6480 0.2653 
     D237234 10 0.1573 0.6308 0.2119 
     D237354 10 0.1298 0.8344 0.0358 
     D237355 10 0.1079 0.8483 0.0439 
     D237356 10 0.3490 0.3833 0.2677 
     D237357 10 0.4163 0.1069 0.4768 
     D237358 10 0.6278 0.0448 0.3274 
     D237369 10 0.2127 0.0192 0.7681 
     D237370 10 0.1317 0.7774 0.0909 
     D237371 10 0.5235 0.1730 0.3036 
     D237372 10 0.3853 0.0530 0.5617 
     D237373 10 0.1011 0.8307 0.0682 
     D237374 10 0.0428 0.9211 0.0360 
     D237375 10 0.7071 0.1079 0.1850 
     D237400 10 0.2840 0.3796 0.3364 
     D244002 10 0.5704 0.0364 0.3932 
     D244003 10 0.0160 0.9061 0.0779 
     D244004 10 0.0177 0.9172 0.0651 
     D244005 10 0.2695 0.4078 0.3227 
     D244020 10 0.2430 0.6009 0.1560 
     D244021 10 0.2763 0.0781 0.6456 
     D244116 10 0.1880 0.1014 0.7106 
     D244117 10 0.0935 0.7633 0.1432 
     D244121 10 0.0621 0.6803 0.2576 
     D244123 10 0.0932 0.7912 0.1156 
     D244124 10 0.0830 0.1544 0.7626 
        D332 10 0.7337 0.1231 0.1432 
        D570 10 0.0908 0.8097 0.0995 
        D602 10 0.8837 0.0464 0.0699 
        D603 10 0.1559 0.4919 0.3523 
        D604 10 0.7129 0.1475 0.1396 
        D605 10 0.4672 0.2393 0.2936 
        D606 10 0.0555 0.1253 0.8193 
        D607 10 0.9157 0.0359 0.0483 
        D608 10 0.7774 0.0272 0.1954 
        D609 10 0.1292 0.6999 0.1709 
        D610 10 0.3762 0.5415 0.0823 
        D611 10 0.0258 0.9229 0.0513 
        D613 10 0.4543 0.4361 0.1095 
        D633 10 0.6552 0.0971 0.2477 
        D634 10 0.2136 0.5743 0.2121 
        D638 10 0.1835 0.5179 0.2986 
        D681 10 0.1264 0.3631 0.5105 
        D754 10 0.0536 0.2988 0.6476 
        D755 10 0.0323 0.8140 0.1538 
        D756 10 0.0718 0.6685 0.2597 
        D757 10 0.2471 0.3746 0.3783 
        D758 10 0.1999 0.3293 0.4708 
        D759 10 0.0912 0.7739 0.1349 
        D760 10 0.3035 0.5867 0.1098 
        D761 10 0.0375 0.9132 0.0493 
        D762 10 0.8120 0.0874 0.1006 
        D775 10 0.0248 0.8738 0.1014 
        D776 10 0.1414 0.7950 0.0636 
        D777 10 0.0537 0.8003 0.1460 
        D778 10 0.2032 0.4065 0.3903 
        D779 10 0.0835 0.4390 0.4775 
        D780 10 0.2619 0.5485 0.1896 
        D781 10 0.8056 0.0814 0.1131 
        D858 10 0.0311 0.0229 0.9459 
        D933 10 0.5125 0.4312 0.0562 
        D038 11 0.1918 0.6229 0.1853 
        D063 11 0.1029 0.7238 0.1733 
        D155 11 0.1498 0.7423 0.1079 
        D175 11 0.1021 0.4625 0.4354 
        D176 11 0.1327 0.5245 0.3428 
        D205 11 0.0722 0.5147 0.4131 
     D237229 11 0.6314 0.0449 0.3237 
     D237230 11 0.7807 0.0232 0.1961 
     D237231 11 0.8594 0.0592 0.0815 
     D237269 11 0.6064 0.2048 0.1887 
     D237270 11 0.0988 0.0433 0.8579 
     D237271 11 0.1777 0.5357 0.2866 
     D237272 11 0.5629 0.0576 0.3794 
     D237273 11 0.0732 0.7889 0.1379 
     D237301 11 0.6744 0.1974 0.1282 
     D237302 11 0.1605 0.0980 0.7414 
     D237303 11 0.3418 0.0304 0.6278 
     D237304 11 0.3197 0.2306 0.4497 
     D237305 11 0.0680 0.0628 0.8692 
     D237314 11 0.0870 0.6676 0.2454 
     D237315 11 0.1890 0.0935 0.7175 
     D237316 11 0.6776 0.1656 0.1568 
     D237328 11 0.4766 0.1652 0.3582 
     D237329 11 0.3157 0.2319 0.4524 
     D237330 11 0.0492 0.8688 0.0820 
     D237331 11 0.1387 0.7782 0.0831 
     D237332 11 0.2871 0.4223 0.2906 
     D237333 11 0.0742 0.8782 0.0476 
     D237334 11 0.7247 0.1408 0.1345 
     D237335 11 0.2296 0.3332 0.4372 
     D237336 11 0.1251 0.6888 0.1861 
     D237350 11 0.2308 0.5641 0.2051 
     D237383 11 0.0870 0.4244 0.4885 
     D237384 11 0.4082 0.1974 0.3944 
     D237385 11 0.3128 0.2627 0.4245 
     D237386 11 0.6551 0.1953 0.1496 
     D237387 11 0.4209 0.1356 0.4435 
     D237388 11 0.1690 0.7581 0.0729 
        D239 11 0.1634 0.7400 0.0967 
        D240 11 0.2783 0.3558 0.3658 
        D241 11 0.9142 0.0487 0.0372 
        D242 11 0.5701 0.2324 0.1975 
        D243 11 0.0850 0.7324 0.1826 
        D244 11 0.0452 0.8086 0.1462 
        D245 11 0.2689 0.0753 0.6558 
        D246 11 0.2017 0.4537 0.3446 
        D247 11 0.3992 0.1945 0.4064 
        D248 11 0.6938 0.2089 0.0973 
        D249 11 0.1772 0.3466 0.4762 
        D250 11 0.5966 0.3329 0.0705 
        D251 11 0.1285 0.6120 0.2595 
        D252 11 0.3843 0.2368 0.3789 
        D253 11 0.0760 0.7531 0.1709 
        D254 11 0.3599 0.0336 0.6065 
        D255 11 0.3635 0.5301 0.1065 
        D256 11 0.1700 0.6250 0.2051 
        D257 11 0.0648 0.0547 0.8805 
        D258 11 0.1117 0.0629 0.8255 
        D259 11 0.1032 0.0432 0.8536 
        D260 11 0.2831 0.2803 0.4366 
        D261 11 0.3417 0.4987 0.1597 
        D262 11 0.2358 0.2200 0.5443 
        D263 11 0.2598 0.4325 0.3077 
        D264 11 0.2534 0.0775 0.6691 
        D265 11 0.4492 0.1743 0.3765 
        D266 11 0.4578 0.4607 0.0816 
        D267 11 0.1918 0.5270 0.2812 
        D268 11 0.1309 0.8063 0.0627 
        D269 11 0.6073 0.2927 0.1000 
        D270 11 0.4586 0.1693 0.3721 
        D271 11 0.2274 0.4038 0.3688 
        D272 11 0.3463 0.4343 0.2194 
        D273 11 0.0389 0.0244 0.9367 
        D274 11 0.3032 0.4084 0.2884 
        D275 11 0.3914 0.3664 0.2422 
        D276 11 0.2703 0.6520 0.0777 
        D277 11 0.4759 0.3635 0.1607 
        D278 11 0.1016 0.4594 0.4390 
        D282 11 0.0622 0.0611 0.8767 
        D296 11 0.3011 0.5754 0.1236 
        D297 11 0.2769 0.4450 0.2781 
        D298 11 0.3785 0.5092 0.1124 
        D299 11 0.1096 0.6913 0.1991 
        D300 11 0.2460 0.5529 0.2011 
        D382 11 0.2351 0.5122 0.2526 
        D383 11 0.0438 0.4443 0.5119 
        D387 11 0.1456 0.6560 0.1984 
        D388 11 0.8308 0.1099 0.0593 
        D389 11 0.2894 0.5767 0.1338 
        D390 11 0.6676 0.2461 0.0863 
        D396 11 0.6952 0.1817 0.1231 
        D397 11 0.0628 0.0873 0.8499 
        D398 11 0.1029 0.5807 0.3164 
        D399 11 0.6895 0.0751 0.2355 
        D437 11 0.3568 0.1015 0.5417 
        D441 11 0.1194 0.8177 0.0629 
        D442 11 0.2508 0.3935 0.3557 
        D443 11 0.0750 0.8886 0.0364 
        D444 11 0.5613 0.2545 0.1842 
        D445 11 0.3333 0.0916 0.5751 
        D446 11 0.7897 0.0544 0.1559 
        D451 11 0.3536 0.4049 0.2415 
        D452 11 0.4173 0.3165 0.2662 
        D453 11 0.8205 0.0904 0.0891 
        D454 11 0.2789 0.0830 0.6381 
        D457 11 0.1411 0.3520 0.5068 
        D458 11 0.2955 0.5650 0.1396 
        D466 11 0.4436 0.0875 0.4689 
        D467 11 0.0779 0.7537 0.1685 
        D475 11 0.0580 0.0526 0.8894 
        D488 11 0.7200 0.1743 0.1056 
        D489 11 0.2541 0.1009 0.6451 
        D493 11 0.7736 0.0932 0.1332 
        D494 11 0.6130 0.2033 0.1838 
        D495 11 0.2096 0.1102 0.6802 
        D496 11 0.2013 0.7341 0.0646 
        D674 11 0.1472 0.7015 0.1512 
        D675 11 0.2367 0.7156 0.0477 
        D676 11 0.1034 0.2825 0.6141 
        D680 11 0.0361 0.7695 0.1944 
        D701 11 0.3743 0.2596 0.3662 
        D702 11 0.3952 0.0592 0.5456 
        D703 11 0.3332 0.3453 0.3215 
        D704 11 0.2566 0.5067 0.2368 
        D705 11 0.4485 0.0203 0.5313 
        D706 11 0.1254 0.2783 0.5963 
        D707 11 0.4017 0.1773 0.4210 
        D751 11 0.3708 0.3288 0.3004 
        D752 11 0.1586 0.6557 0.1857 
        D753 11 0.6902 0.0619 0.2479 
        D773 11 0.0456 0.0142 0.9402 
        D774 11 0.5628 0.2440 0.1932 
        D801 11 0.3606 0.5735 0.0660 
        D802 11 0.8050 0.0812 0.1139 
        D803 11 0.0968 0.8355 0.0677 
        D804 11 0.4818 0.2494 0.2687 
        D805 11 0.3539 0.3685 0.2776 
        D806 11 0.0541 0.0342 0.9117 
        D809 11 0.2358 0.6249 0.1392 
        D810 11 0.1654 0.7963 0.0383 
        D812 11 0.3539 0.1989 0.4472 
        D813 11 0.2182 0.5950 0.1869 
        D823 11 0.2188 0.5886 0.1926 
        D824 11 0.1690 0.5971 0.2340 
        D829 11 0.7537 0.1664 0.0799 
        D830 11 0.4773 0.0516 0.4711 
        D831 11 0.2034 0.4140 0.3826 
        D832 11 0.3228 0.2649 0.4124 
        D833 11 0.2950 0.5951 0.1099 
        D834 11 0.3722 0.4241 0.2037 
        D835 11 0.1527 0.2254 0.6219 
        D855 11 0.2293 0.5183 0.2523 
        D863 11 0.0474 0.8773 0.0753 
        D864 11 0.1605 0.6613 0.1782 
        D878 11 0.1655 0.7200 0.1145 
        D879 11 0.1740 0.0800 0.7460 
        D880 11 0.6791 0.2655 0.0553 
        D881 11 0.0331 0.9160 0.0509 
        D882 11 0.4532 0.3707 0.1761 
        D909 11 0.4961 0.3404 0.1635 
        D921 11 0.1616 0.6768 0.1616 
        D924 11 0.2941 0.6315 0.0743 
        D935 11 0.6854 0.1483 0.1663 
        D940 11 0.1098 0.8349 0.0552 
        D941 11 0.2986 0.6040 0.0974 
        D942 11 0.0516 0.0282 0.9201 
        D980 11 0.6309 0.1491 0.2200 
        D981 11 0.1476 0.1134 0.7390 
        D982 11 0.5768 0.1227 0.3005 
        D983 11 0.2164 0.6928 0.0908 
        D984 11 0.4655 0.3715 0.1630 
        D992 11 0.1446 0.0493 0.8062 
        D993 11 0.2940 0.5864 0.1196 
        D994 11 0.2094 0.5221 0.2685 
        D995 11 0.2231 0.3224 0.4545 
        H354 11 0.3575 0.0536 0.5889 
        D005 12 0.5438 0.0840 0.3722 
        D035 12 0.1920 0.6076 0.2004 
        D067 12 0.3491 0.5346 0.1163 
        D134 12 0.1588 0.6019 0.2393 
        D135 12 0.6277 0.1902 0.1822 
        D136 12 0.7863 0.0500 0.1637 
        D137 12 0.8169 0.0698 0.1133 
        D138 12 0.1869 0.4907 0.3224 
        D139 12 0.6490 0.2624 0.0887 
        D140 12 0.3883 0.3888 0.2229 
        D141 12 0.0203 0.0171 0.9626 
        D150 12 0.0548 0.1160 0.8292 
        D177 12 0.4746 0.3607 0.1647 
        D178 12 0.8914 0.0412 0.0674 
        D179 12 0.7414 0.0486 0.2100 
        D180 12 0.7237 0.0530 0.2233 
        D187 12 0.1243 0.6311 0.2446 
        D188 12 0.0314 0.0226 0.9460 
        D191 12 0.0285 0.0461 0.9254 
        D418 12 0.0631 0.0334 0.9034 
        D601 12 0.1979 0.0558 0.7463 
        D836 12 0.1499 0.0749 0.7751 
        D837 12 0.3845 0.3226 0.2929 
        D838 12 0.0700 0.8739 0.0561 
        D839 12 0.6591 0.1718 0.1692 
        D840 12 0.3957 0.4859 0.1184 
        D841 12 0.1995 0.5127 0.2878 
        D842 12 0.0180 0.0184 0.9636 
        D843 12 0.1981 0.6217 0.1802 
        D844 12 0.2980 0.0679 0.6341 
        D912 12 0.4168 0.5072 0.0760 
        D913 12 0.5505 0.1904 0.2591 
