        D174  1 0.0781 0.1212 0.1200 0.0372 0.6436 
        D199  1 0.3131 0.0748 0.0839 0.2536 0.2746 
        D203  1 0.3698 0.1520 0.1643 0.2365 0.0775 
        D204  1 0.8813 0.0299 0.0390 0.0239 0.0258 
     D237366  1 0.1429 0.3367 0.3020 0.1215 0.0970 
     D237367  1 0.4460 0.2440 0.1987 0.0603 0.0510 
     D237368  1 0.2597 0.5236 0.0541 0.0758 0.0868 
     D244101  1 0.6267 0.0357 0.0799 0.2151 0.0426 
     D244102  1 0.1604 0.2132 0.3123 0.1385 0.1756 
     D244103  1 0.1763 0.1007 0.5789 0.0590 0.0850 
     D244104  1 0.6497 0.0899 0.0294 0.0592 0.1717 
     D244105  1 0.2244 0.4974 0.2021 0.0534 0.0227 
     D244106  1 0.0526 0.0353 0.1131 0.1383 0.6606 
     D244107  1 0.1056 0.7485 0.0507 0.0729 0.0224 
     D244108  1 0.1434 0.2533 0.0588 0.0567 0.4879 
     D244113  1 0.0313 0.0458 0.1143 0.0415 0.7670 
     D244114  1 0.1189 0.0578 0.4166 0.1764 0.2302 
     D244115  1 0.1833 0.2140 0.1224 0.0461 0.4342 
     D267365  1 0.4326 0.0819 0.0721 0.0649 0.3484 
        D404  1 0.0509 0.0368 0.1659 0.0548 0.6916 
        D405  1 0.1927 0.1084 0.2319 0.1177 0.3493 
        D406  1 0.0744 0.8446 0.0304 0.0222 0.0285 
        D407  1 0.4815 0.2258 0.1271 0.1219 0.0436 
        D408  1 0.0498 0.0322 0.0976 0.0770 0.7434 
        D409  1 0.0769 0.0468 0.7636 0.0393 0.0734 
        D410  1 0.0700 0.8477 0.0299 0.0131 0.0394 
        D421  1 0.8573 0.0345 0.0200 0.0418 0.0464 
        D422  1 0.0312 0.8876 0.0272 0.0366 0.0173 
        D423  1 0.0504 0.8775 0.0263 0.0270 0.0188 
        D424  1 0.7211 0.0929 0.1111 0.0202 0.0548 
        D425  1 0.5298 0.0535 0.0907 0.0305 0.2955 
        D426  1 0.0608 0.0829 0.6015 0.2120 0.0429 
        D427  1 0.1670 0.0368 0.0333 0.5693 0.1935 
        D428  1 0.3619 0.2098 0.0954 0.0792 0.2537 
        D429  1 0.3468 0.0588 0.1032 0.0625 0.4287 
        D430  1 0.1105 0.0658 0.4225 0.1649 0.2363 
        D491  1 0.0723 0.0250 0.0383 0.0192 0.8452 
        D492  1 0.3236 0.2094 0.1387 0.0548 0.2735 
        D537  1 0.7245 0.1093 0.0987 0.0241 0.0435 
        D538  1 0.1233 0.2444 0.3734 0.1244 0.1345 
        D539  1 0.0842 0.1365 0.1631 0.2432 0.3730 
        D540  1 0.3832 0.1449 0.2353 0.0720 0.1646 
        D541  1 0.9054 0.0322 0.0194 0.0206 0.0225 
        D551  1 0.0681 0.0678 0.2247 0.5797 0.0599 
        D552  1 0.3165 0.3417 0.0679 0.0505 0.2233 
        D553  1 0.9143 0.0205 0.0265 0.0176 0.0211 
        D615  1 0.4697 0.1657 0.1258 0.1325 0.1064 
        D616  1 0.2627 0.2730 0.1333 0.2165 0.1146 
        D621  1 0.0378 0.7823 0.0489 0.0293 0.1017 
        D622  1 0.0421 0.8225 0.0619 0.0271 0.0463 
        D623  1 0.0910 0.0535 0.1069 0.2149 0.5337 
        D624  1 0.0402 0.0414 0.0316 0.0284 0.8583 
        D625  1 0.6580 0.1090 0.1003 0.0254 0.1072 
        D626  1 0.1456 0.2002 0.1066 0.0615 0.4861 
        D627  1 0.1127 0.0426 0.7168 0.0794 0.0486 
        D690  1 0.7070 0.1194 0.0386 0.0143 0.1207 
        D691  1 0.1040 0.7797 0.0538 0.0291 0.0334 
        D710  1 0.4886 0.1327 0.0852 0.0412 0.2524 
        D711  1 0.8003 0.0736 0.0469 0.0233 0.0558 
        D712  1 0.0545 0.0739 0.0653 0.0638 0.7425 
        D713  1 0.1894 0.1697 0.1732 0.0355 0.4322 
        D746  1 0.0633 0.8600 0.0315 0.0211 0.0242 
        D747  1 0.9017 0.0221 0.0223 0.0297 0.0242 
        D748  1 0.3971 0.3341 0.1734 0.0297 0.0657 
        D749  1 0.0361 0.6332 0.0969 0.0776 0.1562 
        D750  1 0.1541 0.1188 0.0443 0.0297 0.6531 
        D763  1 0.3005 0.1195 0.2198 0.2989 0.0612 
        D764  1 0.4384 0.2276 0.0424 0.0245 0.2671 
        D765  1 0.0543 0.6739 0.0714 0.0273 0.1730 
        D766  1 0.2367 0.6317 0.0529 0.0187 0.0601 
        D767  1 0.3331 0.1586 0.3419 0.0956 0.0708 
        D768  1 0.8908 0.0328 0.0313 0.0276 0.0175 
        D811  1 0.0401 0.0850 0.2764 0.0393 0.5592 
        D816  1 0.8632 0.0309 0.0254 0.0195 0.0610 
        D825  1 0.1598 0.1996 0.1596 0.0252 0.4559 
        D866  1 0.0591 0.0830 0.0913 0.3739 0.3926 
        D867  1 0.0347 0.8379 0.0512 0.0413 0.0348 
        D871  1 0.0522 0.0211 0.8473 0.0257 0.0537 
        D872  1 0.5854 0.2042 0.0967 0.0369 0.0768 
        D873  1 0.0119 0.9358 0.0215 0.0141 0.0167 
        D874  1 0.4115 0.0262 0.1714 0.0633 0.3276 
        D875  1 0.0322 0.0803 0.8486 0.0149 0.0239 
        D876  1 0.7208 0.0756 0.0524 0.0265 0.1248 
        D877  1 0.0755 0.0220 0.2843 0.0423 0.5759 
        D892  1 0.3876 0.1699 0.1971 0.0271 0.2183 
        D893  1 0.7268 0.0707 0.1065 0.0512 0.0449 
        D894  1 0.5379 0.0796 0.2031 0.0530 0.1264 
        D915  1 0.6192 0.1993 0.0853 0.0340 0.0622 
        D916  1 0.8880 0.0336 0.0291 0.0177 0.0316 
        D917  1 0.2436 0.0625 0.0846 0.1346 0.4748 
        D925  1 0.1152 0.7468 0.0257 0.0230 0.0892 
        D926  1 0.5343 0.0970 0.1689 0.0441 0.1558 
        D927  1 0.4179 0.0445 0.1044 0.3297 0.1035 
        D928  1 0.0802 0.0225 0.0286 0.0209 0.8478 
        D929  1 0.1348 0.0904 0.5466 0.0485 0.1796 
        D936  1 0.7302 0.0444 0.0735 0.0984 0.0534 
        D938  1 0.0371 0.8883 0.0259 0.0165 0.0321 
        D956  1 0.0417 0.0405 0.1301 0.0461 0.7416 
        D957  1 0.3678 0.4538 0.0764 0.0384 0.0636 
        D958  1 0.4535 0.3012 0.0860 0.0236 0.1356 
        D959  1 0.4323 0.3092 0.1208 0.1061 0.0316 
        D960  1 0.0336 0.8834 0.0226 0.0168 0.0436 
        D989  1 0.0717 0.0350 0.0560 0.1556 0.6817 
        D990  1 0.0238 0.8407 0.0273 0.0564 0.0518 
        D023  2 0.1340 0.7932 0.0253 0.0230 0.0245 
        D130  2 0.1055 0.7425 0.0954 0.0340 0.0227 
        D131  2 0.4471 0.0648 0.3647 0.0740 0.0494 
        D163  2 0.0722 0.8216 0.0319 0.0215 0.0528 
        D164  2 0.0192 0.5040 0.0176 0.4456 0.0136 
        D165  2 0.0791 0.8358 0.0291 0.0323 0.0238 
        D166  2 0.0765 0.1025 0.7152 0.0645 0.0413 
        D167  2 0.0192 0.0189 0.0238 0.8980 0.0401 
        D192  2 0.0145 0.0209 0.0190 0.9240 0.0215 
        D193  2 0.0470 0.1011 0.2245 0.0817 0.5457 
        D206  2 0.3298 0.1576 0.1191 0.3436 0.0499 
        D207  2 0.0573 0.0259 0.1710 0.7070 0.0388 
        D208  2 0.0713 0.0794 0.0921 0.2947 0.4625 
        D209  2 0.1254 0.1303 0.1565 0.5340 0.0537 
        D210  2 0.0924 0.0391 0.0477 0.2706 0.5502 
     D229599  2 0.4130 0.1400 0.1471 0.1403 0.1596 
     D229600  2 0.0423 0.5813 0.0729 0.2794 0.0241 
     D237227  2 0.0551 0.2094 0.0611 0.0836 0.5907 
     D237228  2 0.0230 0.4418 0.0867 0.1188 0.3297 
     D237258  2 0.1122 0.2503 0.1042 0.3431 0.1902 
     D237310  2 0.0204 0.5026 0.3272 0.0795 0.0703 
     D237311  2 0.0200 0.6791 0.0962 0.1548 0.0498 
     D237312  2 0.0474 0.2680 0.5291 0.0334 0.1222 
     D237313  2 0.4268 0.1899 0.1278 0.0463 0.2092 
     D237322  2 0.0780 0.0829 0.3612 0.3201 0.1578 
     D237323  2 0.0272 0.6669 0.0864 0.0325 0.1871 
     D237324  2 0.1013 0.4261 0.1376 0.3041 0.0309 
     D237325  2 0.0669 0.5523 0.1569 0.0768 0.1471 
     D237326  2 0.1021 0.7251 0.0424 0.0389 0.0915 
     D237327  2 0.2019 0.0668 0.1996 0.4328 0.0989 
     D237337  2 0.0477 0.7778 0.0801 0.0283 0.0662 
     D237338  2 0.1237 0.3793 0.1834 0.1667 0.1470 
     D237339  2 0.3994 0.0436 0.1932 0.3185 0.0452 
     D237340  2 0.0312 0.4106 0.1191 0.2277 0.2114 
     D237389  2 0.0267 0.6518 0.1863 0.0782 0.0570 
     D237390  2 0.1178 0.3316 0.3068 0.0621 0.1817 
     D244017  2 0.0506 0.0598 0.1348 0.2670 0.4878 
     D244112  2 0.0179 0.0658 0.0454 0.8409 0.0300 
     D244118  2 0.0187 0.4202 0.0256 0.5097 0.0258 
     D244119  2 0.0217 0.0398 0.0278 0.3309 0.5798 
     D244120  2 0.0205 0.0416 0.1903 0.5879 0.1597 
     D244122  2 0.0357 0.0824 0.0649 0.7528 0.0642 
        D291  2 0.1217 0.1027 0.2980 0.4118 0.0657 
        D292  2 0.2906 0.0537 0.0364 0.4525 0.1669 
        D293  2 0.3796 0.0128 0.0609 0.5260 0.0208 
        D322  2 0.4075 0.0557 0.0978 0.4128 0.0263 
        D323  2 0.2926 0.0806 0.2523 0.2151 0.1594 
        D324  2 0.2286 0.2163 0.2018 0.1976 0.1558 
        D325  2 0.0598 0.0220 0.0431 0.8599 0.0151 
        D326  2 0.9003 0.0167 0.0238 0.0242 0.0350 
        D340  2 0.0304 0.0179 0.0212 0.9135 0.0169 
        D341  2 0.0472 0.0349 0.0661 0.8163 0.0356 
        D342  2 0.0311 0.1628 0.0964 0.6821 0.0276 
        D343  2 0.0195 0.0136 0.0164 0.9401 0.0105 
        D344  2 0.5226 0.0733 0.2813 0.0676 0.0552 
        D345  2 0.4837 0.3231 0.0599 0.0553 0.0779 
        D346  2 0.0793 0.0423 0.0785 0.1136 0.6864 
        D351  2 0.4834 0.0861 0.2898 0.1057 0.0350 
        D352  2 0.1493 0.0799 0.4107 0.1471 0.2131 
        D353  2 0.6086 0.0263 0.2753 0.0518 0.0380 
        D354  2 0.4481 0.1366 0.1359 0.0337 0.2457 
        D362  2 0.7369 0.1018 0.0366 0.0305 0.0942 
        D363  2 0.7627 0.0509 0.0298 0.0333 0.1233 
        D364  2 0.6949 0.0921 0.0870 0.0363 0.0897 
        D365  2 0.0420 0.0171 0.0208 0.8974 0.0227 
        D369  2 0.2773 0.1389 0.0799 0.2342 0.2697 
        D374  2 0.0214 0.0462 0.0276 0.0220 0.8828 
        D375  2 0.2737 0.1430 0.4287 0.0538 0.1008 
        D376  2 0.0235 0.0580 0.0435 0.0381 0.8368 
        D377  2 0.1097 0.2199 0.3045 0.1046 0.2612 
        D378  2 0.5778 0.0578 0.1224 0.2112 0.0307 
        D379  2 0.8414 0.0286 0.0542 0.0267 0.0491 
        D384  2 0.8960 0.0171 0.0200 0.0176 0.0493 
        D385  2 0.0267 0.0249 0.0378 0.8667 0.0439 
        D386  2 0.5947 0.1003 0.1878 0.0836 0.0336 
        D391  2 0.0810 0.0260 0.0334 0.8380 0.0216 
        D392  2 0.1019 0.0705 0.0586 0.6919 0.0770 
        D393  2 0.6463 0.0826 0.0766 0.1587 0.0358 
        D394  2 0.2226 0.3974 0.1831 0.0970 0.1000 
        D395  2 0.0898 0.0365 0.2522 0.5754 0.0461 
        D401  2 0.0182 0.8365 0.0368 0.0337 0.0747 
        D402  2 0.0273 0.0249 0.0348 0.8903 0.0227 
        D403  2 0.5502 0.1119 0.2226 0.0724 0.0429 
        D415  2 0.7541 0.0605 0.1399 0.0226 0.0230 
        D435  2 0.5932 0.0841 0.0392 0.2603 0.0233 
        D436  2 0.4961 0.0576 0.2822 0.0500 0.1141 
        D438  2 0.0148 0.0194 0.0213 0.9186 0.0260 
        D439  2 0.4276 0.1449 0.2121 0.1766 0.0388 
        D449  2 0.1102 0.0559 0.0918 0.7081 0.0341 
        D450  2 0.1765 0.0855 0.3866 0.0413 0.3100 
        D456  2 0.9106 0.0182 0.0325 0.0148 0.0238 
        D462  2 0.0854 0.0194 0.0336 0.8410 0.0206 
        D463  2 0.9153 0.0175 0.0235 0.0152 0.0285 
        D464  2 0.3255 0.0326 0.4694 0.0919 0.0806 
        D465  2 0.3006 0.1071 0.1740 0.3812 0.0370 
        D473  2 0.0476 0.1358 0.0999 0.0480 0.6688 
        D474  2 0.6015 0.1123 0.0339 0.1555 0.0968 
        D476  2 0.1521 0.5312 0.1270 0.1596 0.0301 
        D477  2 0.5794 0.0880 0.1235 0.0650 0.1442 
        D478  2 0.1438 0.1940 0.2999 0.0880 0.2742 
        D480  2 0.5510 0.0340 0.1409 0.1512 0.1230 
        D481  2 0.4331 0.1707 0.1025 0.0877 0.2060 
        D482  2 0.0909 0.1226 0.2163 0.1799 0.3902 
        D483  2 0.0243 0.0283 0.0221 0.8627 0.0627 
        D484  2 0.0928 0.0590 0.4088 0.2632 0.1762 
        D510  2 0.0320 0.0215 0.0419 0.0523 0.8523 
        D511  2 0.6778 0.0648 0.0957 0.1292 0.0324 
        D512  2 0.0459 0.5666 0.2278 0.1329 0.0267 
        D513  2 0.1433 0.0674 0.1010 0.6176 0.0706 
        D635  2 0.4842 0.3481 0.0766 0.0452 0.0459 
        D636  2 0.0300 0.9095 0.0208 0.0162 0.0236 
        D637  2 0.1172 0.0672 0.2825 0.3624 0.1707 
        D658  2 0.0422 0.0661 0.1010 0.5892 0.2015 
        D659  2 0.7608 0.0765 0.0476 0.0549 0.0601 
        D677  2 0.4386 0.2021 0.1684 0.1440 0.0468 
        D678  2 0.0324 0.0762 0.1052 0.7353 0.0509 
        D679  2 0.6252 0.0570 0.1102 0.1243 0.0834 
        D719  2 0.2872 0.0288 0.0319 0.1873 0.4648 
        D720  2 0.7198 0.0549 0.0602 0.0322 0.1329 
        D721  2 0.1222 0.6814 0.0531 0.0955 0.0478 
        D722  2 0.0300 0.0970 0.0542 0.0881 0.7307 
        D734  2 0.1069 0.0215 0.1524 0.2036 0.5155 
        D735  2 0.4637 0.1356 0.1991 0.0850 0.1166 
        D736  2 0.1077 0.0898 0.0597 0.1923 0.5505 
        D737  2 0.0500 0.0956 0.0835 0.6921 0.0788 
        D807  2 0.2580 0.0927 0.0966 0.1455 0.4072 
        D808  2 0.1675 0.1889 0.4472 0.1494 0.0470 
        D817  2 0.6115 0.0857 0.1061 0.0390 0.1578 
        D818  2 0.1438 0.0470 0.3645 0.3983 0.0464 
        D819  2 0.3278 0.2511 0.2497 0.0688 0.1027 
        D820  2 0.8603 0.0169 0.0429 0.0447 0.0352 
        D895  2 0.5719 0.2325 0.0764 0.0561 0.0631 
        D896  2 0.0263 0.8569 0.0336 0.0241 0.0591 
        D897  2 0.0461 0.0694 0.1285 0.7122 0.0438 
        D898  2 0.1420 0.1455 0.4561 0.0779 0.1785 
        D918  2 0.0980 0.1782 0.4543 0.1647 0.1048 
        D919  2 0.4922 0.0392 0.1672 0.2684 0.0329 
        D920  2 0.0321 0.8352 0.0592 0.0264 0.0471 
        D923  2 0.8358 0.0224 0.0671 0.0314 0.0432 
        D930  2 0.3184 0.0617 0.3459 0.0657 0.2083 
        D931  2 0.5562 0.0640 0.1006 0.1672 0.1120 
        D968  2 0.0302 0.0139 0.0179 0.9229 0.0150 
        D969  2 0.4595 0.0390 0.0824 0.3134 0.1058 
        D977  2 0.0577 0.0260 0.1345 0.7532 0.0286 
        D978  2 0.0695 0.0242 0.5214 0.3148 0.0701 
        D211  3 0.1281 0.3449 0.4262 0.0583 0.0425 
     D229639  3 0.0982 0.0473 0.0519 0.5776 0.2250 
     D237212  3 0.2261 0.1380 0.2789 0.2827 0.0744 
     D237213  3 0.2096 0.3012 0.3772 0.0697 0.0424 
     D237214  3 0.0554 0.5565 0.2964 0.0314 0.0602 
     D237215  3 0.0202 0.0271 0.0489 0.7456 0.1582 
     D237216  3 0.0844 0.1842 0.5897 0.0905 0.0511 
     D237217  3 0.2819 0.4584 0.1561 0.0760 0.0275 
     D237218  3 0.2482 0.0650 0.3592 0.2531 0.0745 
     D237219  3 0.0831 0.5246 0.1156 0.1047 0.1720 
     D237382  3 0.1862 0.0937 0.4822 0.0717 0.1662 
     D244127  3 0.0423 0.6926 0.0969 0.1335 0.0347 
     D244129  3 0.2483 0.2638 0.2634 0.1419 0.0826 
     D244133  3 0.1114 0.1707 0.1755 0.2238 0.3185 
     D244134  3 0.0871 0.1706 0.0486 0.2446 0.4491 
     D244135  3 0.0957 0.6519 0.1331 0.0850 0.0343 
     D244136  3 0.1860 0.1113 0.1209 0.1346 0.4472 
        D416  3 0.2578 0.1888 0.1762 0.3149 0.0623 
        D417  3 0.7796 0.0505 0.1146 0.0239 0.0315 
        D419  3 0.2832 0.2888 0.0967 0.2131 0.1183 
        D565  3 0.0530 0.0256 0.0215 0.0262 0.8738 
        D566  3 0.0562 0.0483 0.0613 0.3105 0.5237 
        D567  3 0.7493 0.1424 0.0382 0.0383 0.0317 
        D568  3 0.4595 0.2245 0.0976 0.1842 0.0341 
        D569  3 0.1233 0.1261 0.4116 0.2588 0.0802 
        D573  3 0.1751 0.0418 0.0383 0.7025 0.0423 
        D574  3 0.0528 0.0866 0.1610 0.0818 0.6179 
        D575  3 0.1697 0.3176 0.0989 0.1483 0.2655 
        D576  3 0.0097 0.0336 0.0842 0.8189 0.0537 
        D577  3 0.6678 0.0570 0.1650 0.0387 0.0715 
        D578  3 0.0197 0.7557 0.1761 0.0309 0.0176 
        D579  3 0.2707 0.1110 0.1055 0.1998 0.3129 
        D660  3 0.0402 0.1726 0.2148 0.5292 0.0432 
        D661  3 0.0646 0.0534 0.2700 0.5825 0.0295 
        D663  3 0.0609 0.0259 0.1141 0.7649 0.0343 
        D664  3 0.0341 0.4056 0.2068 0.1906 0.1628 
        D665  3 0.0295 0.1876 0.6768 0.0847 0.0215 
        D666  3 0.2261 0.3063 0.1519 0.0785 0.2372 
        D009  4 0.2305 0.4093 0.2673 0.0376 0.0553 
        D057  4 0.2065 0.2765 0.1368 0.3224 0.0579 
        D109  4 0.0541 0.5973 0.2222 0.0313 0.0950 
     D237222  4 0.0680 0.6743 0.0827 0.0441 0.1309 
     D237223  4 0.0857 0.3610 0.2320 0.1545 0.1667 
     D237224  4 0.3381 0.0679 0.1456 0.3554 0.0929 
     D237225  4 0.2822 0.2381 0.3446 0.0563 0.0788 
     D237299  4 0.0206 0.0452 0.8553 0.0378 0.0411 
     D237300  4 0.0239 0.0284 0.0735 0.8026 0.0717 
     D237306  4 0.1008 0.1345 0.1173 0.0488 0.5987 
     D237307  4 0.4355 0.0732 0.1028 0.0775 0.3110 
     D237308  4 0.1052 0.1921 0.0546 0.5212 0.1270 
     D237309  4 0.4083 0.2505 0.1933 0.0821 0.0658 
     D237317  4 0.2558 0.0762 0.0570 0.0311 0.5799 
     D237318  4 0.0287 0.0195 0.0603 0.8478 0.0437 
     D237319  4 0.2347 0.2611 0.3239 0.0925 0.0879 
     D237320  4 0.1413 0.3175 0.1948 0.2747 0.0718 
     D237321  4 0.0753 0.0732 0.0770 0.6718 0.1028 
     D237397  4 0.0825 0.1972 0.1137 0.2915 0.3151 
     D237398  4 0.1643 0.0576 0.1923 0.5566 0.0292 
     D237399  4 0.2762 0.1068 0.2148 0.1434 0.2588 
     D244001  4 0.0874 0.6452 0.0874 0.1336 0.0463 
        D289  4 0.2551 0.0704 0.1533 0.1809 0.3402 
        D290  4 0.1460 0.0518 0.6886 0.0648 0.0488 
        D294  4 0.2038 0.0366 0.5851 0.0792 0.0954 
        D295  4 0.5791 0.1365 0.1514 0.0573 0.0758 
        D301  4 0.0378 0.7648 0.0607 0.0752 0.0615 
        D302  4 0.6527 0.0499 0.2308 0.0237 0.0429 
        D303  4 0.0744 0.0939 0.0735 0.0894 0.6688 
        D304  4 0.1523 0.0383 0.5197 0.1283 0.1614 
        D305  4 0.1481 0.1017 0.4087 0.3219 0.0196 
        D306  4 0.1187 0.0498 0.7438 0.0325 0.0552 
        D307  4 0.0275 0.8290 0.0424 0.0339 0.0671 
        D327  4 0.6557 0.0460 0.1218 0.0643 0.1123 
        D328  4 0.0683 0.1007 0.2066 0.0653 0.5592 
        D329  4 0.2181 0.1696 0.2290 0.2997 0.0837 
        D330  4 0.4964 0.1859 0.2316 0.0562 0.0299 
        D331  4 0.2612 0.1330 0.2467 0.1610 0.1981 
        D333  4 0.1847 0.1795 0.1732 0.1842 0.2784 
        D334  4 0.1495 0.0626 0.1130 0.0385 0.6365 
        D335  4 0.7293 0.0442 0.0845 0.0662 0.0758 
        D370  4 0.1041 0.3434 0.1118 0.0697 0.3710 
        D371  4 0.0995 0.0276 0.0241 0.0328 0.8159 
        D372  4 0.0183 0.0296 0.2271 0.6603 0.0647 
        D373  4 0.0425 0.7311 0.0587 0.1290 0.0388 
        D455  4 0.0471 0.8014 0.0646 0.0538 0.0331 
        D490  4 0.0316 0.8513 0.0716 0.0149 0.0306 
        D497  4 0.0334 0.7793 0.1007 0.0371 0.0496 
        D498  4 0.1316 0.1632 0.2880 0.1445 0.2727 
        D499  4 0.0623 0.0508 0.3151 0.3398 0.2319 
        D514  4 0.4957 0.0724 0.3408 0.0534 0.0377 
        D515  4 0.0924 0.1997 0.6136 0.0456 0.0487 
        D516  4 0.2817 0.3472 0.0998 0.1286 0.1428 
        D517  4 0.1284 0.6786 0.0595 0.1022 0.0312 
        D518  4 0.2443 0.2773 0.1773 0.0961 0.2051 
        D519  4 0.1151 0.3167 0.4079 0.1220 0.0383 
        D560  4 0.1751 0.1556 0.4928 0.1500 0.0265 
        D561  4 0.1971 0.1163 0.6154 0.0503 0.0209 
        D562  4 0.1251 0.1339 0.4637 0.1543 0.1229 
        D563  4 0.0737 0.0735 0.2337 0.5964 0.0227 
        D572  4 0.4261 0.0796 0.3264 0.0771 0.0909 
        D629  4 0.5083 0.2050 0.1429 0.0571 0.0868 
        D630  4 0.2721 0.1075 0.3996 0.0968 0.1239 
        D631  4 0.1641 0.0660 0.3339 0.3298 0.1062 
        D632  4 0.0793 0.7234 0.0476 0.1201 0.0296 
        D646  4 0.3359 0.3590 0.1367 0.1205 0.0480 
        D647  4 0.6514 0.1373 0.1223 0.0641 0.0249 
        D648  4 0.0507 0.0479 0.4467 0.0499 0.4048 
        D649  4 0.5342 0.2843 0.1030 0.0331 0.0454 
        D650  4 0.2940 0.1462 0.2823 0.0651 0.2124 
        D708  4 0.0949 0.0728 0.2897 0.0595 0.4831 
        D709  4 0.1239 0.1212 0.5564 0.0677 0.1309 
        D738  4 0.1432 0.2007 0.0618 0.0268 0.5675 
        D739  4 0.0706 0.2464 0.5468 0.0700 0.0662 
        D740  4 0.0478 0.2263 0.3646 0.1555 0.2058 
        D741  4 0.2201 0.1424 0.3768 0.2300 0.0307 
        D742  4 0.0846 0.0643 0.1991 0.4793 0.1726 
        D743  4 0.7548 0.0346 0.1076 0.0586 0.0444 
        D744  4 0.3498 0.0731 0.3354 0.1909 0.0508 
        D745  4 0.0780 0.3620 0.4786 0.0456 0.0358 
        D814  4 0.0688 0.0661 0.2770 0.5522 0.0359 
        D815  4 0.5676 0.0683 0.1829 0.0839 0.0972 
        D828  4 0.0248 0.0595 0.3804 0.1982 0.3372 
        D845  4 0.0386 0.0199 0.0340 0.7893 0.1181 
        D846  4 0.4941 0.0837 0.1735 0.2269 0.0217 
        D847  4 0.2223 0.1284 0.3696 0.1160 0.1637 
        D848  4 0.0298 0.6781 0.0447 0.2183 0.0290 
        D849  4 0.0856 0.4138 0.4260 0.0405 0.0341 
        D850  4 0.3315 0.1645 0.1719 0.1944 0.1378 
        D856  4 0.1118 0.1571 0.6247 0.0469 0.0594 
        D857  4 0.0146 0.8072 0.0693 0.0600 0.0489 
        D859  4 0.3871 0.0612 0.2665 0.1894 0.0959 
        D860  4 0.1690 0.0518 0.0451 0.1847 0.5495 
        D883  4 0.3439 0.2536 0.1118 0.0542 0.2365 
        D884  4 0.1798 0.2691 0.2907 0.0512 0.2092 
        D885  4 0.1391 0.1187 0.4298 0.2532 0.0593 
        D886  4 0.3595 0.2916 0.2085 0.0849 0.0555 
        D887  4 0.1752 0.0945 0.2541 0.3459 0.1303 
        D889  4 0.0862 0.0224 0.6370 0.1986 0.0558 
        D890  4 0.1171 0.2229 0.1441 0.0827 0.4331 
        D891  4 0.0176 0.0136 0.0239 0.9263 0.0186 
        D899  4 0.0664 0.0382 0.0725 0.6102 0.2128 
        D900  4 0.3089 0.1174 0.3061 0.1024 0.1651 
        D970  4 0.4502 0.0933 0.2070 0.1290 0.1206 
        D971  4 0.1950 0.0908 0.1102 0.5025 0.1015 
        D979  4 0.7214 0.0327 0.1112 0.0558 0.0788 
        D093  5 0.0644 0.0499 0.0714 0.0571 0.7573 
        D154  5 0.0431 0.0411 0.3385 0.4392 0.1381 
        D168  5 0.1470 0.2424 0.1750 0.4030 0.0326 
        D189  5 0.0731 0.0429 0.1974 0.1594 0.5272 
        D190  5 0.0615 0.0257 0.0435 0.0499 0.8193 
     D237220  5 0.0813 0.2705 0.4231 0.0698 0.1552 
     D237221  5 0.1638 0.0718 0.1462 0.2175 0.4007 
     D237274  5 0.8524 0.0341 0.0567 0.0283 0.0285 
     D237275  5 0.0267 0.0382 0.1486 0.7395 0.0470 
     D237276  5 0.2191 0.2307 0.2234 0.0777 0.2491 
     D237277  5 0.0684 0.0391 0.0638 0.1351 0.6937 
     D237278  5 0.0548 0.1568 0.1462 0.3418 0.3004 
     D237279  5 0.0583 0.7085 0.1794 0.0224 0.0314 
     D237280  5 0.2487 0.5459 0.0656 0.0283 0.1116 
     D237281  5 0.0485 0.0270 0.0445 0.8355 0.0446 
     D237351  5 0.0330 0.7420 0.0728 0.0368 0.1154 
     D237352  5 0.1967 0.4839 0.1294 0.0819 0.1082 
     D237353  5 0.0379 0.0275 0.0348 0.0408 0.8590 
     D237359  5 0.1010 0.1539 0.5257 0.1311 0.0883 
     D237361  5 0.0242 0.0208 0.0278 0.0242 0.9030 
     D237362  5 0.3159 0.1122 0.1311 0.1118 0.3291 
     D237363  5 0.0932 0.0823 0.4586 0.2772 0.0887 
     D237364  5 0.1817 0.1019 0.4828 0.2016 0.0320 
     D237376  5 0.0187 0.0291 0.2901 0.0871 0.5751 
     D237377  5 0.3729 0.4105 0.0561 0.0470 0.1136 
     D237378  5 0.0302 0.0386 0.1305 0.1613 0.6394 
     D237379  5 0.0400 0.0398 0.3509 0.0613 0.5080 
     D237380  5 0.0490 0.7738 0.0439 0.0225 0.1108 
     D237381  5 0.0888 0.6724 0.0712 0.0836 0.0840 
     D237391  5 0.1057 0.0451 0.0658 0.0510 0.7325 
     D237392  5 0.4850 0.1127 0.1205 0.2243 0.0575 
     D237393  5 0.4607 0.1255 0.0485 0.0953 0.2700 
     D237394  5 0.0442 0.0346 0.0237 0.0202 0.8773 
     D237395  5 0.0533 0.1307 0.3060 0.1247 0.3853 
     D237396  5 0.5339 0.1916 0.0520 0.0745 0.1480 
     D244016  5 0.0740 0.0573 0.2571 0.1558 0.4558 
     D244018  5 0.1024 0.1416 0.0737 0.4283 0.2541 
     D244019  5 0.3523 0.0519 0.2513 0.1955 0.1491 
        D279  5 0.0680 0.0731 0.3660 0.3841 0.1088 
        D280  5 0.1862 0.0852 0.1940 0.1446 0.3899 
        D281  5 0.0432 0.0260 0.1520 0.6515 0.1273 
        D283  5 0.2026 0.0415 0.0415 0.0595 0.6549 
        D284  5 0.0767 0.2343 0.5303 0.1002 0.0585 
        D285  5 0.1387 0.0516 0.1702 0.0579 0.5816 
        D286  5 0.2159 0.0631 0.3592 0.0692 0.2926 
        D287  5 0.0251 0.0851 0.3745 0.0585 0.4568 
        D288  5 0.3386 0.0497 0.1398 0.1655 0.3064 
        D308  5 0.0853 0.8200 0.0361 0.0209 0.0376 
        D309  5 0.5135 0.0689 0.3605 0.0252 0.0319 
        D310  5 0.0287 0.0230 0.0579 0.0223 0.8681 
        D311  5 0.2398 0.0490 0.3892 0.0812 0.2408 
        D312  5 0.1564 0.0941 0.2165 0.0763 0.4567 
        D313  5 0.0171 0.9221 0.0179 0.0139 0.0291 
        D314  5 0.0527 0.1053 0.4531 0.2207 0.1682 
        D315  5 0.2083 0.1194 0.1429 0.0650 0.4644 
        D317  5 0.0370 0.0229 0.0223 0.0280 0.8897 
        D318  5 0.1650 0.0974 0.4156 0.1606 0.1613 
        D319  5 0.0341 0.0353 0.0340 0.0306 0.8661 
        D320  5 0.0481 0.0558 0.0879 0.0335 0.7747 
        D321  5 0.0750 0.7301 0.0296 0.0650 0.1003 
        D336  5 0.0536 0.0260 0.1384 0.0227 0.7593 
        D337  5 0.0258 0.0154 0.0198 0.0297 0.9094 
        D338  5 0.2125 0.1086 0.3345 0.1290 0.2155 
        D339  5 0.0614 0.0627 0.0622 0.0837 0.7300 
        D347  5 0.3958 0.0442 0.1912 0.1472 0.2216 
        D348  5 0.0421 0.0237 0.0361 0.0378 0.8604 
        D349  5 0.0386 0.8458 0.0269 0.0289 0.0599 
        D350  5 0.3772 0.0388 0.4729 0.0689 0.0423 
        D355  5 0.2112 0.0258 0.2999 0.4224 0.0408 
        D356  5 0.3163 0.1386 0.1152 0.0430 0.3869 
        D357  5 0.0995 0.0915 0.4056 0.1049 0.2986 
        D358  5 0.1241 0.1200 0.1276 0.0612 0.5671 
        D359  5 0.3229 0.0383 0.0359 0.0213 0.5816 
        D360  5 0.1641 0.1232 0.1172 0.0453 0.5501 
        D361  5 0.0283 0.8790 0.0388 0.0234 0.0305 
        D366  5 0.5833 0.0565 0.0457 0.2844 0.0301 
        D367  5 0.0308 0.0697 0.1273 0.0349 0.7373 
        D368  5 0.1275 0.2024 0.2236 0.0586 0.3879 
        D380  5 0.3586 0.1844 0.2890 0.0899 0.0780 
        D381  5 0.0994 0.0604 0.0743 0.0696 0.6963 
        D400  5 0.1473 0.0491 0.1664 0.2405 0.3968 
        D411  5 0.0250 0.7958 0.1192 0.0373 0.0226 
        D412  5 0.1750 0.1654 0.1875 0.2725 0.1996 
        D413  5 0.0786 0.0656 0.1102 0.7028 0.0428 
        D414  5 0.1409 0.0356 0.3610 0.4212 0.0412 
        D420  5 0.0422 0.1910 0.5413 0.1207 0.1047 
        D431  5 0.0269 0.0939 0.4924 0.2333 0.1535 
        D432  5 0.0880 0.1538 0.0517 0.1191 0.5874 
        D433  5 0.0804 0.0509 0.0516 0.0913 0.7258 
        D434  5 0.1755 0.0937 0.0638 0.0460 0.6210 
        D440  5 0.3647 0.0545 0.5240 0.0280 0.0288 
        D447  5 0.4984 0.1379 0.2098 0.1124 0.0414 
        D448  5 0.0825 0.0265 0.1261 0.0949 0.6700 
        D459  5 0.1427 0.0249 0.0707 0.7031 0.0586 
        D460  5 0.0706 0.7705 0.0357 0.0313 0.0920 
        D461  5 0.6760 0.0302 0.2269 0.0246 0.0423 
        D468  5 0.1962 0.1368 0.2662 0.0628 0.3380 
        D469  5 0.5428 0.1230 0.1228 0.0578 0.1536 
        D470  5 0.1263 0.2050 0.3916 0.0707 0.2063 
        D471  5 0.1056 0.0217 0.1415 0.0980 0.6332 
        D472  5 0.7579 0.0238 0.0290 0.1667 0.0226 
        D479  5 0.0446 0.0308 0.0664 0.8154 0.0428 
        D485  5 0.0865 0.0773 0.5050 0.1137 0.2176 
        D486  5 0.1615 0.1826 0.3913 0.0584 0.2062 
        D487  5 0.0655 0.0596 0.1559 0.4168 0.3020 
        D555  5 0.0307 0.0238 0.0292 0.0624 0.8539 
        D556  5 0.1006 0.1055 0.3130 0.1812 0.2997 
        D557  5 0.0597 0.0270 0.0231 0.0521 0.8381 
        D564  5 0.1263 0.1591 0.1457 0.0695 0.4994 
        D594  5 0.3270 0.0837 0.2138 0.1433 0.2323 
        D595  5 0.2142 0.1078 0.0967 0.1497 0.4316 
        D596  5 0.0283 0.0395 0.0253 0.0356 0.8713 
        D597  5 0.1955 0.0464 0.0498 0.3395 0.3687 
        D598  5 0.1279 0.2135 0.0788 0.0965 0.4832 
        D617  5 0.0455 0.6449 0.1050 0.1803 0.0243 
        D618  5 0.1323 0.0705 0.0804 0.1413 0.5755 
        D619  5 0.1796 0.4345 0.0429 0.0575 0.2854 
        D620  5 0.0441 0.0312 0.0197 0.8730 0.0320 
        D628  5 0.1658 0.2853 0.2859 0.0819 0.1812 
        D714  5 0.0364 0.0476 0.2073 0.2612 0.4475 
        D715  5 0.1351 0.0417 0.0392 0.0803 0.7037 
        D716  5 0.1592 0.0328 0.4087 0.2068 0.1925 
        D717  5 0.4579 0.1445 0.1299 0.0603 0.2075 
        D718  5 0.0271 0.1080 0.5606 0.0829 0.2214 
        D769  5 0.0510 0.5444 0.1801 0.1839 0.0407 
        D770  5 0.0543 0.0590 0.2166 0.4493 0.2208 
        D771  5 0.0837 0.1179 0.2571 0.3748 0.1665 
        D772  5 0.1188 0.0849 0.1889 0.0781 0.5294 
        D782  5 0.0604 0.4556 0.1850 0.2366 0.0624 
        D783  5 0.0687 0.0390 0.1738 0.5304 0.1882 
        D784  5 0.5774 0.0754 0.1537 0.0660 0.1275 
        D785  5 0.0640 0.0948 0.0768 0.0355 0.7289 
        D786  5 0.2756 0.4973 0.1467 0.0494 0.0311 
        D821  5 0.0244 0.0143 0.0206 0.0215 0.9192 
        D822  5 0.4560 0.0605 0.1678 0.0874 0.2283 
        D826  5 0.0986 0.0471 0.1348 0.2613 0.4582 
        D827  5 0.5461 0.0579 0.1858 0.1340 0.0762 
        D851  5 0.1864 0.1462 0.3323 0.0984 0.2368 
        D852  5 0.0634 0.1464 0.1260 0.3212 0.3431 
        D853  5 0.1437 0.0801 0.3171 0.1069 0.3523 
        D854  5 0.2044 0.0883 0.4406 0.2234 0.0434 
        D861  5 0.1117 0.1349 0.2813 0.2236 0.2485 
        D862  5 0.2976 0.0531 0.1198 0.0403 0.4891 
        D865  5 0.0295 0.0543 0.0404 0.0686 0.8073 
        D868  5 0.7599 0.0540 0.0733 0.0471 0.0657 
        D869  5 0.0387 0.8222 0.0685 0.0340 0.0366 
        D870  5 0.0774 0.0623 0.7669 0.0740 0.0194 
        D907  5 0.0342 0.0845 0.0735 0.0401 0.7677 
        D908  5 0.0448 0.0587 0.0677 0.5090 0.3198 
        D910  5 0.0899 0.0336 0.0661 0.2819 0.5286 
        D911  5 0.1700 0.0248 0.2586 0.4994 0.0472 
        D934  5 0.0912 0.0392 0.3311 0.4156 0.1229 
        D946  5 0.0405 0.0875 0.4629 0.3018 0.1074 
        D947  5 0.2627 0.0604 0.4914 0.0979 0.0876 
        D948  5 0.0510 0.7887 0.0220 0.0231 0.1153 
        D949  5 0.0600 0.8153 0.0300 0.0239 0.0707 
        D950  5 0.1434 0.0301 0.1521 0.6062 0.0683 
        D951  5 0.5614 0.0584 0.2913 0.0332 0.0557 
        D952  5 0.7520 0.0306 0.0486 0.0528 0.1161 
        D953  5 0.1512 0.0685 0.0485 0.0610 0.6709 
        D954  5 0.4465 0.0608 0.0448 0.0342 0.4136 
        D961  5 0.0408 0.0849 0.5051 0.0796 0.2896 
        D962  5 0.0833 0.0309 0.1173 0.0225 0.7460 
        D963  5 0.3971 0.0391 0.1354 0.0990 0.3294 
        D964  5 0.0582 0.1388 0.5541 0.1401 0.1088 
        D965  5 0.1773 0.0981 0.3500 0.1932 0.1814 
        D966  5 0.2612 0.0520 0.0853 0.1930 0.4085 
        D967  5 0.0941 0.2147 0.1024 0.3129 0.2758 
        D991  5 0.2039 0.2927 0.2160 0.0594 0.2280 
        D502  6 0.0302 0.0661 0.7282 0.1476 0.0279 
        D503  6 0.0283 0.2456 0.1857 0.4720 0.0684 
        D504  6 0.4605 0.1154 0.1708 0.0993 0.1540 
        D505  6 0.1352 0.1220 0.1488 0.1563 0.4377 
        D506  6 0.0295 0.0206 0.0355 0.0196 0.8948 
        D507  6 0.1199 0.1892 0.3329 0.2558 0.1023 
        D508  6 0.3107 0.0565 0.4449 0.1172 0.0707 
        D529  6 0.1641 0.2649 0.2852 0.0967 0.1891 
        D530  6 0.0323 0.1963 0.3590 0.0831 0.3292 
        D531  6 0.3142 0.0762 0.3343 0.1000 0.1753 
        D532  6 0.2976 0.0566 0.1919 0.0979 0.3561 
        D534  6 0.0618 0.8200 0.0576 0.0345 0.0261 
        D535  6 0.1738 0.1447 0.0966 0.0470 0.5378 
        D536  6 0.0294 0.1003 0.1008 0.7447 0.0249 
        D554  6 0.0490 0.1560 0.3234 0.0574 0.4141 
        D587  6 0.0846 0.0487 0.0550 0.0625 0.7493 
        D588  6 0.2162 0.0913 0.0821 0.0581 0.5523 
        D589  6 0.0542 0.1080 0.2751 0.3961 0.1666 
        D590  6 0.0349 0.0751 0.0457 0.7873 0.0570 
        D591  6 0.0938 0.1921 0.2909 0.2160 0.2071 
        D592  6 0.0434 0.8236 0.0252 0.0441 0.0637 
        D593  6 0.0255 0.0619 0.4849 0.0659 0.3618 
        D682  6 0.0359 0.0463 0.0440 0.0354 0.8385 
        D683  6 0.5172 0.0542 0.1260 0.0288 0.2738 
        D684  6 0.0653 0.2993 0.3459 0.2688 0.0207 
        D685  6 0.0236 0.0684 0.6952 0.1265 0.0863 
        D686  6 0.0554 0.0621 0.1645 0.0439 0.6741 
        D724  6 0.2898 0.1100 0.4779 0.0975 0.0248 
        D725  6 0.0666 0.0914 0.3481 0.2758 0.2181 
        D726  6 0.0395 0.0380 0.0314 0.0281 0.8630 
        D727  6 0.1946 0.0912 0.0919 0.4833 0.1389 
        D728  6 0.0571 0.0765 0.1685 0.0344 0.6634 
        D729  6 0.1854 0.5391 0.0590 0.1810 0.0356 
        D730  6 0.2283 0.2071 0.3035 0.2082 0.0530 
        D731  6 0.0147 0.0265 0.0251 0.1802 0.7534 
        D732  6 0.5413 0.0723 0.2166 0.0957 0.0741 
        D733  6 0.2058 0.2437 0.2969 0.1036 0.1499 
     D237251  7 0.0809 0.0512 0.2670 0.5230 0.0779 
     D237252  7 0.0667 0.2581 0.4352 0.2049 0.0351 
     D237253  7 0.0698 0.0433 0.3426 0.3182 0.2260 
     D237254  7 0.0265 0.7685 0.1439 0.0382 0.0229 
     D237255  7 0.0415 0.0329 0.1365 0.7116 0.0776 
     D237256  7 0.0793 0.0181 0.4466 0.4039 0.0521 
     D237257  7 0.0617 0.1268 0.6743 0.0975 0.0396 
     D237282  7 0.6830 0.1185 0.0730 0.0950 0.0306 
     D237283  7 0.0166 0.7528 0.1629 0.0399 0.0277 
     D237284  7 0.0586 0.8096 0.0690 0.0339 0.0288 
     D237285  7 0.0821 0.0609 0.4122 0.1836 0.2612 
     D237286  7 0.2126 0.1092 0.2364 0.1378 0.3040 
     D237287  7 0.1555 0.0998 0.1622 0.4976 0.0848 
     D244006  7 0.0368 0.8004 0.1035 0.0356 0.0238 
     D244007  7 0.2498 0.0970 0.1581 0.4250 0.0701 
     D244008  7 0.0323 0.6753 0.1916 0.0420 0.0588 
     D244009  7 0.1492 0.4571 0.2543 0.0355 0.1040 
     D244010  7 0.0466 0.0901 0.7601 0.0615 0.0416 
     D244011  7 0.0639 0.1003 0.4380 0.1395 0.2583 
     D244012  7 0.1004 0.0854 0.5927 0.1725 0.0491 
     D244013  7 0.2101 0.0704 0.1424 0.3579 0.2192 
     D244014  7 0.0829 0.3709 0.2306 0.2329 0.0827 
     D244015  7 0.1338 0.4016 0.2895 0.1285 0.0467 
     D244125  7 0.2081 0.0691 0.0954 0.2017 0.4257 
     D244126  7 0.0252 0.6948 0.2420 0.0194 0.0187 
     D244130  7 0.1110 0.4427 0.1904 0.1326 0.1233 
     D244131  7 0.2861 0.1894 0.1223 0.0700 0.3322 
     D244132  7 0.3536 0.0960 0.0972 0.0411 0.4122 
        D520  7 0.0553 0.1357 0.6355 0.0377 0.1359 
        D521  7 0.2318 0.1283 0.4429 0.1114 0.0856 
        D522  7 0.1621 0.6611 0.0522 0.0464 0.0781 
        D523  7 0.0512 0.0536 0.1995 0.5984 0.0974 
        D524  7 0.1109 0.1624 0.1538 0.3562 0.2168 
        D525  7 0.0470 0.6034 0.0996 0.2017 0.0483 
        D526  7 0.0576 0.7898 0.0817 0.0471 0.0238 
        D527  7 0.3222 0.1310 0.3402 0.0815 0.1251 
        D528  7 0.0173 0.0240 0.9315 0.0127 0.0144 
        D558  7 0.4253 0.1869 0.1975 0.1533 0.0370 
        D559  7 0.3586 0.1338 0.3505 0.1327 0.0244 
        D640  7 0.2170 0.1116 0.1369 0.1799 0.3546 
        D641  7 0.0372 0.2035 0.1735 0.2308 0.3551 
        D642  7 0.0704 0.5833 0.0854 0.1913 0.0697 
        D644  7 0.1081 0.2809 0.1317 0.1301 0.3492 
        D645  7 0.1671 0.1278 0.2405 0.2841 0.1805 
        D662  7 0.1384 0.6929 0.0328 0.0196 0.1162 
        D687  7 0.1314 0.0991 0.5309 0.1436 0.0951 
        D688  7 0.4516 0.1567 0.2089 0.1477 0.0350 
        D689  7 0.2760 0.1128 0.1762 0.1639 0.2711 
        D700  7 0.0274 0.0207 0.9162 0.0172 0.0184 
        D797  7 0.2414 0.1184 0.2935 0.1393 0.2076 
        D798  7 0.0785 0.7016 0.1254 0.0401 0.0543 
        D799  7 0.0627 0.1855 0.2784 0.4272 0.0463 
        D800  7 0.5069 0.1260 0.2156 0.1110 0.0405 
        D132  8 0.0452 0.8321 0.0547 0.0277 0.0403 
        D133  8 0.0189 0.0436 0.0379 0.8816 0.0180 
        D200  8 0.0395 0.0252 0.8330 0.0847 0.0175 
        D500  8 0.0330 0.8917 0.0271 0.0189 0.0293 
        D614  8 0.1200 0.1245 0.1980 0.0551 0.5025 
        D723  8 0.4270 0.2849 0.1037 0.1268 0.0576 
        D888  8 0.0706 0.0361 0.1842 0.6569 0.0523 
        D901  8 0.0224 0.0709 0.8025 0.0581 0.0461 
        D902  8 0.0327 0.0572 0.1037 0.0467 0.7596 
        D903  8 0.5788 0.0367 0.1888 0.0506 0.1450 
        D904  8 0.4741 0.1417 0.2064 0.0799 0.0978 
        D905  8 0.0209 0.0215 0.0861 0.6439 0.2277 
        D906  8 0.0968 0.0743 0.1711 0.6157 0.0421 
        D937  8 0.0163 0.0269 0.0477 0.0384 0.8707 
        D943  8 0.0788 0.2268 0.5260 0.1160 0.0524 
        D972  8 0.3159 0.3173 0.2184 0.0948 0.0536 
        D973  8 0.7174 0.1247 0.0741 0.0332 0.0505 
        D974  8 0.2021 0.1711 0.3340 0.1404 0.1524 
        D975  8 0.0641 0.0330 0.7293 0.0875 0.0861 
        D976  8 0.0333 0.1056 0.5140 0.1425 0.2046 
        D201  9 0.0755 0.0935 0.4172 0.3482 0.0656 
        D202  9 0.0429 0.0562 0.6985 0.1359 0.0666 
     D237259  9 0.1287 0.2921 0.4738 0.0745 0.0310 
     D237260  9 0.0238 0.1071 0.2906 0.5109 0.0676 
     D237262  9 0.0350 0.8878 0.0299 0.0184 0.0290 
     D237263  9 0.1050 0.4763 0.1547 0.2305 0.0335 
     D237264  9 0.1128 0.2778 0.2128 0.1973 0.1993 
     D237265  9 0.0266 0.0752 0.2308 0.5969 0.0704 
     D237266  9 0.0531 0.3785 0.0279 0.5043 0.0362 
     D237267  9 0.0551 0.0923 0.6780 0.0452 0.1294 
     D237268  9 0.1330 0.2895 0.4476 0.0529 0.0770 
     D237289  9 0.0295 0.0968 0.1545 0.4268 0.2924 
     D237290  9 0.0306 0.0368 0.0611 0.8479 0.0236 
     D237291  9 0.0451 0.0589 0.0973 0.7210 0.0777 
     D237292  9 0.0303 0.1501 0.3543 0.4391 0.0262 
     D237293  9 0.1766 0.2733 0.3386 0.0815 0.1299 
     D237294  9 0.0258 0.2953 0.4697 0.1550 0.0542 
     D237295  9 0.3055 0.2316 0.2176 0.0398 0.2055 
     D237296  9 0.0776 0.0949 0.5689 0.1822 0.0764 
     D237297  9 0.0704 0.0659 0.2482 0.1061 0.5095 
     D237298  9 0.3155 0.1348 0.3009 0.1538 0.0950 
     D237341  9 0.1236 0.1220 0.3223 0.3734 0.0588 
     D237342  9 0.0493 0.3920 0.3910 0.0914 0.0762 
     D237343  9 0.0841 0.4109 0.1473 0.3066 0.0511 
     D237344  9 0.0650 0.1411 0.1588 0.2205 0.4146 
     D237345  9 0.0351 0.7386 0.1608 0.0475 0.0181 
     D237346  9 0.0474 0.1735 0.1087 0.5148 0.1555 
     D237347  9 0.0975 0.0624 0.1072 0.1143 0.6185 
     D237348  9 0.1154 0.4020 0.1590 0.1904 0.1333 
     D237349  9 0.2362 0.3197 0.0489 0.3642 0.0311 
     D244109  9 0.0796 0.1180 0.1002 0.6876 0.0146 
     D244110  9 0.0590 0.0632 0.0942 0.7516 0.0319 
     D244111  9 0.1678 0.1084 0.4070 0.2357 0.0811 
     D244128  9 0.0381 0.2934 0.5738 0.0654 0.0293 
     D244137  9 0.5840 0.1989 0.0795 0.0674 0.0702 
     D244138  9 0.0507 0.1571 0.3646 0.2984 0.1292 
        D580  9 0.0564 0.2037 0.6632 0.0314 0.0453 
        D581  9 0.0210 0.0575 0.2201 0.6733 0.0282 
        D582  9 0.0291 0.5448 0.3685 0.0244 0.0332 
        D583  9 0.0184 0.1302 0.0377 0.7902 0.0235 
        D584  9 0.0323 0.2428 0.3642 0.0520 0.3087 
        D585  9 0.0530 0.3614 0.3315 0.2197 0.0344 
        D586  9 0.0522 0.0447 0.0559 0.6938 0.1534 
        D651  9 0.5212 0.0980 0.0728 0.1415 0.1664 
        D652  9 0.1520 0.6333 0.0669 0.1167 0.0311 
        D653  9 0.2583 0.0877 0.1916 0.3575 0.1050 
        D654  9 0.3060 0.2777 0.0759 0.2934 0.0469 
        D655  9 0.1282 0.1008 0.1798 0.3275 0.2637 
        D656  9 0.0446 0.7783 0.0986 0.0378 0.0407 
        D657  9 0.1111 0.2657 0.3997 0.1394 0.0841 
        D667  9 0.0776 0.0855 0.1329 0.2160 0.4879 
        D668  9 0.0618 0.5860 0.0776 0.1676 0.1071 
        D669  9 0.0535 0.0665 0.5455 0.2738 0.0607 
        D670  9 0.6321 0.1011 0.0977 0.0820 0.0871 
        D671  9 0.0481 0.0671 0.1743 0.6504 0.0602 
        D672  9 0.0552 0.3802 0.4117 0.1114 0.0415 
        D673  9 0.1676 0.2327 0.2851 0.0882 0.2264 
        D692  9 0.0533 0.3552 0.2236 0.3404 0.0274 
        D693  9 0.1357 0.2452 0.2852 0.1008 0.2331 
        D694  9 0.0239 0.4876 0.3889 0.0500 0.0497 
        D695  9 0.2318 0.5493 0.0923 0.0530 0.0736 
        D696  9 0.0213 0.0209 0.0406 0.0176 0.8996 
        D697  9 0.0943 0.1386 0.0591 0.1419 0.5662 
        D698  9 0.0506 0.0889 0.1652 0.4207 0.2746 
        D699  9 0.0323 0.1281 0.2494 0.1110 0.4791 
        D787  9 0.2979 0.4499 0.0472 0.1640 0.0409 
        D788  9 0.0639 0.0705 0.4104 0.0310 0.4243 
        D789  9 0.0352 0.1382 0.5673 0.1364 0.1229 
        D790  9 0.1325 0.4136 0.0595 0.2429 0.1514 
        D791  9 0.0305 0.0497 0.3081 0.4815 0.1303 
        D792  9 0.3201 0.3253 0.0423 0.2216 0.0907 
        D793  9 0.1390 0.0600 0.0336 0.0729 0.6944 
        D794  9 0.2403 0.1575 0.0612 0.1590 0.3819 
        D795  9 0.0233 0.4501 0.3407 0.0572 0.1287 
        D796  9 0.0436 0.0825 0.3908 0.3757 0.1074 
        D142 10 0.1623 0.0502 0.3206 0.1973 0.2697 
        D143 10 0.0445 0.0500 0.0344 0.7798 0.0914 
        D144 10 0.1511 0.2261 0.2287 0.0964 0.2976 
        D145 10 0.0482 0.0504 0.2703 0.5697 0.0615 
        D146 10 0.0631 0.4409 0.3797 0.0435 0.0728 
        D147 10 0.0704 0.0463 0.8106 0.0419 0.0308 
        D148 10 0.0747 0.0188 0.8125 0.0420 0.0520 
        D149 10 0.0749 0.0492 0.0581 0.7664 0.0513 
        D151 10 0.0280 0.0261 0.7929 0.0785 0.0746 
        D152 10 0.0192 0.0224 0.0423 0.8976 0.0185 
        D153 10 0.4572 0.1045 0.2024 0.0377 0.1982 
        D156 10 0.5739 0.0403 0.2663 0.0767 0.0428 
        D157 10 0.0754 0.1931 0.1664 0.0738 0.4913 
        D158 10 0.0241 0.0248 0.7901 0.0748 0.0862 
        D159 10 0.0378 0.0279 0.0355 0.8589 0.0400 
        D160 10 0.0189 0.0292 0.0356 0.4251 0.4913 
        D161 10 0.3493 0.1449 0.1732 0.1322 0.2004 
        D162 10 0.4698 0.0457 0.1845 0.1666 0.1334 
        D169 10 0.0353 0.8232 0.0455 0.0578 0.0382 
        D170 10 0.0955 0.6674 0.1159 0.0434 0.0778 
        D171 10 0.0694 0.0680 0.5817 0.0351 0.2458 
        D172 10 0.2371 0.1070 0.4442 0.1277 0.0840 
