        D174  1 0.1573 0.0480 0.5650 0.1365 0.0933 
        D199  1 0.0767 0.2380 0.2033 0.0853 0.3968 
        D203  1 0.2023 0.2433 0.1030 0.1746 0.2767 
        D204  1 0.0289 0.0328 0.0286 0.0354 0.8743 
     D237366  1 0.3293 0.0970 0.1273 0.3330 0.1135 
     D237367  1 0.2417 0.0772 0.0738 0.2642 0.3431 
     D237368  1 0.5246 0.0750 0.0993 0.0980 0.2031 
     D244101  1 0.0429 0.2565 0.0416 0.0839 0.5752 
     D244102  1 0.2303 0.1060 0.2542 0.2456 0.1639 
     D244103  1 0.1307 0.0432 0.0878 0.5433 0.1951 
     D244104  1 0.0613 0.0665 0.0879 0.0352 0.7491 
     D244105  1 0.5688 0.0364 0.0335 0.2507 0.1106 
     D244106  1 0.0481 0.1474 0.6035 0.1308 0.0702 
     D244107  1 0.6379 0.0908 0.0258 0.1148 0.1307 
     D244108  1 0.2424 0.0701 0.4788 0.0632 0.1454 
     D244113  1 0.0414 0.0456 0.8310 0.0486 0.0333 
     D244114  1 0.0751 0.1626 0.2184 0.4097 0.1341 
     D244115  1 0.1958 0.0539 0.4688 0.1206 0.1609 
     D267365  1 0.0816 0.0781 0.2904 0.0565 0.4934 
        D404  1 0.0428 0.0497 0.7767 0.0906 0.0402 
        D405  1 0.1334 0.1413 0.4032 0.1478 0.1743 
        D406  1 0.8089 0.0241 0.0500 0.0329 0.0842 
        D407  1 0.1521 0.0818 0.0463 0.2452 0.4746 
        D408  1 0.0502 0.0892 0.6703 0.1166 0.0737 
        D409  1 0.0617 0.0508 0.0976 0.6938 0.0961 
        D410  1 0.7946 0.0205 0.0493 0.0524 0.0832 
        D421  1 0.0324 0.0617 0.0378 0.0440 0.8241 
        D422  1 0.8142 0.0335 0.0204 0.0749 0.0570 
        D423  1 0.8301 0.0385 0.0261 0.0527 0.0526 
        D424  1 0.1051 0.0281 0.0632 0.1337 0.6699 
        D425  1 0.0761 0.0767 0.2220 0.1039 0.5214 
        D426  1 0.0526 0.1451 0.0428 0.6937 0.0659 
        D427  1 0.0479 0.5431 0.1563 0.0431 0.2096 
        D428  1 0.1681 0.0688 0.2747 0.1180 0.3704 
        D429  1 0.0938 0.0608 0.2911 0.1233 0.4310 
        D430  1 0.0671 0.1526 0.2284 0.4270 0.1250 
        D491  1 0.0445 0.0255 0.7259 0.0548 0.1493 
        D492  1 0.1701 0.0692 0.2132 0.1924 0.3551 
        D537  1 0.1161 0.0320 0.0709 0.0772 0.7038 
        D538  1 0.2623 0.0998 0.1458 0.3874 0.1048 
        D539  1 0.1854 0.2138 0.3265 0.1815 0.0928 
        D540  1 0.1287 0.0668 0.0986 0.3870 0.3188 
        D541  1 0.0361 0.0262 0.0221 0.0323 0.8833 
        D551  1 0.0634 0.4507 0.0654 0.3257 0.0948 
        D552  1 0.4012 0.0594 0.1628 0.0881 0.2885 
        D553  1 0.0280 0.0213 0.0269 0.0381 0.8857 
        D615  1 0.2320 0.1181 0.1050 0.1187 0.4263 
        D616  1 0.2821 0.1518 0.0860 0.1967 0.2834 
        D621  1 0.6869 0.0377 0.1630 0.0637 0.0487 
        D622  1 0.7419 0.0418 0.0684 0.0976 0.0504 
        D623  1 0.0556 0.2383 0.5240 0.0994 0.0827 
        D624  1 0.0588 0.0444 0.7515 0.0656 0.0797 
        D625  1 0.0727 0.0267 0.0667 0.0809 0.7531 
        D626  1 0.2905 0.0649 0.4181 0.1132 0.1133 
        D627  1 0.0385 0.0835 0.0487 0.7288 0.1004 
        D690  1 0.1048 0.0189 0.0616 0.0363 0.7785 
        D691  1 0.7224 0.0323 0.0488 0.0798 0.1167 
        D710  1 0.1405 0.0675 0.2060 0.1334 0.4527 
        D711  1 0.0738 0.0374 0.0472 0.0594 0.7822 
        D712  1 0.0934 0.0803 0.6865 0.0715 0.0685 
        D713  1 0.1013 0.0347 0.5145 0.1412 0.2083 
        D746  1 0.8351 0.0293 0.0266 0.0400 0.0689 
        D747  1 0.0257 0.0374 0.0272 0.0310 0.8786 
        D748  1 0.3156 0.0337 0.0672 0.1528 0.4307 
        D749  1 0.5263 0.0769 0.2059 0.1498 0.0411 
        D750  1 0.1002 0.0484 0.5006 0.0483 0.3026 
        D763  1 0.1216 0.2996 0.0560 0.2034 0.3194 
        D764  1 0.1560 0.0272 0.1549 0.0732 0.5887 
        D765  1 0.6214 0.0303 0.1322 0.1643 0.0517 
        D766  1 0.5657 0.0272 0.0879 0.0898 0.2294 
        D767  1 0.2592 0.1295 0.1032 0.2660 0.2421 
        D768  1 0.0386 0.0357 0.0262 0.0485 0.8510 
        D811  1 0.0737 0.0412 0.6520 0.1745 0.0585 
        D816  1 0.0388 0.0291 0.0575 0.0299 0.8447 
        D825  1 0.1836 0.0306 0.4599 0.1487 0.1772 
        D866  1 0.0755 0.4485 0.2680 0.1017 0.1063 
        D867  1 0.7360 0.0587 0.0596 0.0952 0.0505 
        D871  1 0.0319 0.0351 0.0503 0.8064 0.0762 
        D872  1 0.3298 0.0570 0.0892 0.0890 0.4351 
        D873  1 0.9090 0.0177 0.0292 0.0266 0.0176 
        D874  1 0.0288 0.0733 0.3503 0.1046 0.4430 
        D875  1 0.0905 0.0222 0.0305 0.8100 0.0469 
        D876  1 0.0924 0.0355 0.1083 0.0588 0.7049 
        D877  1 0.0313 0.0478 0.6770 0.1511 0.0928 
        D892  1 0.1644 0.0273 0.2687 0.1739 0.3656 
        D893  1 0.1109 0.0729 0.0392 0.1292 0.6478 
        D894  1 0.0697 0.0594 0.0946 0.1708 0.6056 
        D915  1 0.1998 0.0383 0.0737 0.0944 0.5938 
        D916  1 0.0422 0.0262 0.0253 0.0331 0.8731 
        D917  1 0.0670 0.1744 0.3124 0.1196 0.3266 
        D925  1 0.6990 0.0314 0.0724 0.0316 0.1656 
        D926  1 0.0998 0.0420 0.1763 0.1950 0.4869 
        D927  1 0.0547 0.2958 0.0820 0.1155 0.4521 
        D928  1 0.0307 0.0234 0.7876 0.0339 0.1243 
        D929  1 0.1284 0.0516 0.3517 0.3381 0.1303 
        D936  1 0.0401 0.1013 0.0607 0.0880 0.7099 
        D938  1 0.8637 0.0224 0.0359 0.0354 0.0427 
        D956  1 0.0479 0.0536 0.7460 0.1074 0.0451 
        D957  1 0.5384 0.0460 0.0871 0.0737 0.2549 
        D958  1 0.2989 0.0280 0.1359 0.0763 0.4608 
        D959  1 0.1687 0.0816 0.0426 0.2490 0.4581 
        D960  1 0.8157 0.0260 0.0714 0.0403 0.0466 
        D989  1 0.0485 0.1798 0.5972 0.0720 0.1025 
        D990  1 0.8207 0.0640 0.0565 0.0337 0.0251 
        D023  2 0.5772 0.0321 0.0274 0.0591 0.3041 
        D130  2 0.7223 0.0413 0.0287 0.0953 0.1124 
        D131  2 0.0675 0.1243 0.0633 0.3290 0.4159 
        D163  2 0.7511 0.0277 0.0495 0.0536 0.1180 
        D164  2 0.5257 0.4110 0.0178 0.0228 0.0228 
        D165  2 0.7081 0.0416 0.0289 0.0733 0.1481 
        D166  2 0.1510 0.0807 0.1086 0.5737 0.0859 
        D167  2 0.0307 0.8210 0.0857 0.0369 0.0256 
        D192  2 0.0198 0.9027 0.0319 0.0277 0.0178 
        D193  2 0.0967 0.0714 0.6438 0.1413 0.0468 
        D206  2 0.1631 0.2694 0.0638 0.2443 0.2593 
        D207  2 0.0435 0.6036 0.0517 0.2244 0.0768 
        D208  2 0.0952 0.3718 0.3211 0.1137 0.0982 
        D209  2 0.1186 0.4069 0.0680 0.2723 0.1342 
        D210  2 0.0608 0.3595 0.3695 0.0804 0.1298 
     D229599  2 0.1883 0.1673 0.1536 0.1782 0.3126 
     D229600  2 0.4602 0.3092 0.0387 0.1323 0.0597 
     D237227  2 0.1885 0.1123 0.5275 0.0954 0.0763 
     D237228  2 0.3255 0.1103 0.4203 0.1158 0.0281 
     D237258  2 0.2361 0.2961 0.1816 0.1615 0.1247 
     D237310  2 0.4524 0.0792 0.1360 0.3053 0.0271 
     D237311  2 0.6199 0.1801 0.0777 0.0984 0.0240 
     D237312  2 0.2786 0.0445 0.2450 0.3841 0.0478 
     D237313  2 0.2388 0.0632 0.1774 0.1913 0.3293 
     D237322  2 0.1191 0.2883 0.1724 0.3506 0.0696 
     D237323  2 0.6262 0.0518 0.1887 0.1008 0.0325 
     D237324  2 0.3950 0.3017 0.0285 0.1792 0.0956 
     D237325  2 0.4986 0.0749 0.1792 0.1772 0.0701 
     D237326  2 0.6642 0.0477 0.1055 0.0581 0.1245 
     D237327  2 0.0711 0.5104 0.0632 0.2318 0.1235 
     D237337  2 0.7187 0.0351 0.0854 0.0986 0.0622 
     D237338  2 0.3910 0.1572 0.1565 0.1952 0.1001 
     D237339  2 0.0537 0.4243 0.0571 0.1467 0.3182 
     D237340  2 0.3010 0.2389 0.3081 0.1178 0.0343 
     D237389  2 0.5920 0.0849 0.0998 0.1812 0.0421 
     D237390  2 0.3531 0.0587 0.2728 0.2277 0.0877 
     D244017  2 0.0702 0.2835 0.4519 0.1450 0.0493 
     D244112  2 0.0894 0.7771 0.0410 0.0720 0.0205 
     D244118  2 0.4175 0.4792 0.0359 0.0408 0.0267 
     D244119  2 0.0443 0.3884 0.4884 0.0349 0.0439 
     D244120  2 0.0612 0.4920 0.2757 0.1442 0.0269 
     D244122  2 0.1005 0.6612 0.1022 0.0812 0.0550 
        D291  2 0.0957 0.4283 0.0628 0.3051 0.1081 
        D292  2 0.0744 0.4405 0.1504 0.0760 0.2586 
        D293  2 0.0196 0.6093 0.0160 0.0749 0.2801 
        D322  2 0.0646 0.4169 0.0300 0.1020 0.3864 
        D323  2 0.0882 0.2014 0.1756 0.2978 0.2370 
        D324  2 0.1489 0.2411 0.0907 0.2008 0.3185 
        D325  2 0.0227 0.8049 0.0169 0.0935 0.0620 
        D326  2 0.0190 0.0395 0.0429 0.0447 0.8538 
        D340  2 0.0290 0.8873 0.0253 0.0255 0.0328 
        D341  2 0.0642 0.7519 0.0460 0.0703 0.0676 
        D342  2 0.2170 0.5431 0.0389 0.1578 0.0432 
        D343  2 0.0156 0.9088 0.0140 0.0353 0.0263 
        D344  2 0.0888 0.0904 0.1208 0.3024 0.3977 
        D345  2 0.3083 0.0696 0.0645 0.0815 0.4762 
        D346  2 0.0471 0.1220 0.6085 0.1112 0.1111 
        D351  2 0.0888 0.1358 0.0432 0.2864 0.4459 
        D352  2 0.0792 0.1902 0.2376 0.3626 0.1303 
        D353  2 0.0388 0.0857 0.0404 0.2804 0.5548 
        D354  2 0.1588 0.0408 0.2993 0.1384 0.3628 
        D362  2 0.0856 0.0409 0.0541 0.0503 0.7692 
        D363  2 0.0550 0.0371 0.0679 0.0505 0.7895 
        D364  2 0.1196 0.0410 0.1460 0.1279 0.5655 
        D365  2 0.0182 0.8760 0.0293 0.0267 0.0497 
        D369  2 0.1238 0.2875 0.1512 0.1151 0.3224 
        D374  2 0.0321 0.0217 0.8851 0.0368 0.0243 
        D375  2 0.1267 0.0444 0.2018 0.4163 0.2109 
        D376  2 0.0406 0.0329 0.8530 0.0476 0.0260 
        D377  2 0.2195 0.1273 0.2645 0.2908 0.0979 
        D378  2 0.0633 0.1946 0.0289 0.1053 0.6078 
        D379  2 0.0427 0.0328 0.0551 0.0784 0.7909 
        D384  2 0.0227 0.0281 0.0462 0.0349 0.8681 
        D385  2 0.0275 0.8216 0.0671 0.0468 0.0370 
        D386  2 0.0890 0.0706 0.0462 0.1213 0.6729 
        D391  2 0.0281 0.8056 0.0304 0.0471 0.0889 
        D392  2 0.0944 0.6677 0.0697 0.0589 0.1093 
        D393  2 0.0660 0.1824 0.0280 0.0801 0.6435 
        D394  2 0.4169 0.1118 0.1009 0.1959 0.1745 
        D395  2 0.0451 0.5319 0.0702 0.2821 0.0707 
        D401  2 0.7439 0.0478 0.1000 0.0800 0.0283 
        D402  2 0.0224 0.8704 0.0252 0.0387 0.0433 
        D403  2 0.1554 0.0604 0.0646 0.2956 0.4240 
        D415  2 0.0787 0.0309 0.0284 0.1940 0.6680 
        D435  2 0.1106 0.2350 0.0261 0.0671 0.5612 
        D436  2 0.0736 0.0737 0.2325 0.2356 0.3846 
        D438  2 0.0237 0.8906 0.0282 0.0315 0.0260 
        D439  2 0.1464 0.1609 0.0403 0.2794 0.3731 
        D449  2 0.0575 0.5148 0.0426 0.2681 0.1170 
        D450  2 0.0802 0.0528 0.3300 0.2882 0.2488 
        D456  2 0.0232 0.0292 0.0277 0.0607 0.8593 
        D462  2 0.0271 0.8227 0.0199 0.0431 0.0871 
        D463  2 0.0289 0.0206 0.0386 0.0332 0.8787 
        D464  2 0.0328 0.0991 0.1363 0.3681 0.3636 
        D465  2 0.0800 0.3941 0.0399 0.2125 0.2735 
        D473  2 0.1164 0.0758 0.6522 0.0989 0.0567 
        D474  2 0.0972 0.1885 0.0655 0.0513 0.5975 
        D476  2 0.4871 0.1986 0.0354 0.1317 0.1472 
        D477  2 0.0647 0.0669 0.1120 0.1205 0.6359 
        D478  2 0.1615 0.0808 0.2417 0.3830 0.1331 
        D480  2 0.0342 0.1867 0.0931 0.0924 0.5937 
        D481  2 0.1546 0.1047 0.1581 0.1320 0.4506 
        D482  2 0.1963 0.1669 0.3416 0.2217 0.0735 
        D483  2 0.0332 0.8265 0.0768 0.0349 0.0285 
        D484  2 0.0642 0.2448 0.2784 0.3358 0.0768 
        D510  2 0.0312 0.0678 0.8059 0.0526 0.0425 
        D511  2 0.0692 0.1590 0.0385 0.1297 0.6035 
        D512  2 0.4250 0.1435 0.0477 0.3467 0.0371 
        D513  2 0.0705 0.5470 0.0995 0.1492 0.1338 
        D635  2 0.1697 0.0438 0.0329 0.0967 0.6568 
        D636  2 0.8622 0.0247 0.0323 0.0356 0.0452 
        D637  2 0.0872 0.3106 0.2315 0.2609 0.1099 
        D658  2 0.0850 0.5569 0.2261 0.0857 0.0462 
        D659  2 0.0525 0.0520 0.0397 0.0675 0.7883 
        D677  2 0.2371 0.1479 0.0523 0.1971 0.3656 
        D678  2 0.0710 0.6299 0.0583 0.1992 0.0416 
        D679  2 0.0606 0.1112 0.0807 0.1167 0.6308 
        D719  2 0.0328 0.2387 0.3696 0.0398 0.3190 
        D720  2 0.0492 0.0458 0.0648 0.0459 0.7944 
        D721  2 0.4944 0.1212 0.0628 0.1209 0.2007 
        D722  2 0.0614 0.0655 0.7855 0.0488 0.0387 
        D734  2 0.0268 0.2419 0.4836 0.1023 0.1454 
        D735  2 0.1066 0.1117 0.0853 0.1427 0.5537 
        D736  2 0.0891 0.2225 0.4485 0.0805 0.1595 
        D737  2 0.1353 0.6227 0.0944 0.0801 0.0676 
        D807  2 0.0926 0.1653 0.2879 0.1025 0.3517 
        D808  2 0.2497 0.2076 0.0551 0.3341 0.1536 
        D817  2 0.0946 0.0528 0.1267 0.1452 0.5807 
        D818  2 0.0641 0.3276 0.0431 0.4155 0.1498 
        D819  2 0.2080 0.0719 0.1117 0.2640 0.3444 
        D820  2 0.0233 0.0512 0.0292 0.0362 0.8600 
        D895  2 0.1972 0.0589 0.0682 0.1035 0.5722 
        D896  2 0.7981 0.0286 0.0791 0.0651 0.0290 
        D897  2 0.0769 0.5722 0.0590 0.2340 0.0580 
        D898  2 0.1418 0.1048 0.1559 0.4521 0.1455 
        D918  2 0.2220 0.1682 0.1010 0.4176 0.0913 
        D919  2 0.0486 0.2910 0.0513 0.2415 0.3676 
        D920  2 0.8017 0.0391 0.0641 0.0554 0.0398 
        D923  2 0.0296 0.0382 0.0378 0.0670 0.8275 
        D930  2 0.0831 0.0765 0.1861 0.2493 0.4051 
        D931  2 0.0520 0.1764 0.1073 0.1009 0.5633 
        D968  2 0.0220 0.8882 0.0201 0.0277 0.0420 
        D969  2 0.0565 0.2515 0.0660 0.1306 0.4954 
        D977  2 0.0370 0.6618 0.0367 0.1997 0.0648 
        D978  2 0.0357 0.3569 0.0580 0.4706 0.0787 
        D211  3 0.4447 0.0624 0.0593 0.3040 0.1296 
     D229639  3 0.0664 0.5472 0.2195 0.0686 0.0984 
     D237212  3 0.1316 0.2983 0.0642 0.2332 0.2727 
     D237213  3 0.3092 0.0805 0.0584 0.3562 0.1958 
     D237214  3 0.3776 0.0301 0.0500 0.4768 0.0654 
     D237215  3 0.0379 0.7552 0.1373 0.0428 0.0268 
     D237216  3 0.1669 0.0727 0.0506 0.6356 0.0742 
     D237217  3 0.5369 0.0874 0.0306 0.2013 0.1438 
     D237218  3 0.1085 0.2879 0.0642 0.2961 0.2433 
     D237219  3 0.5694 0.0708 0.1907 0.1103 0.0586 
     D237382  3 0.1318 0.0792 0.2329 0.3763 0.1798 
     D244127  3 0.6397 0.1374 0.0463 0.1334 0.0432 
     D244129  3 0.2507 0.1297 0.0827 0.2658 0.2711 
     D244133  3 0.1740 0.2337 0.2507 0.2181 0.1236 
     D244134  3 0.2337 0.3149 0.2999 0.0745 0.0770 
     D244135  3 0.5933 0.1005 0.0350 0.1681 0.1031 
     D244136  3 0.0999 0.1592 0.3516 0.1507 0.2387 
        D416  3 0.2039 0.2204 0.0668 0.2495 0.2594 
        D417  3 0.1005 0.0286 0.0504 0.1288 0.6917 
        D419  3 0.3227 0.2118 0.1433 0.1205 0.2017 
        D565  3 0.0453 0.0398 0.7681 0.0340 0.1128 
        D566  3 0.0509 0.3668 0.4197 0.0802 0.0824 
        D567  3 0.1858 0.0503 0.0481 0.0534 0.6624 
        D568  3 0.2806 0.1741 0.0364 0.1395 0.3694 
        D569  3 0.1391 0.2567 0.0875 0.3998 0.1170 
        D573  3 0.0431 0.7023 0.0374 0.0655 0.1518 
        D574  3 0.0849 0.0726 0.5824 0.1953 0.0648 
        D575  3 0.3376 0.1334 0.2089 0.1302 0.1900 
        D576  3 0.0266 0.8231 0.0558 0.0796 0.0149 
        D577  3 0.0826 0.0498 0.0656 0.1260 0.6760 
        D578  3 0.5382 0.0374 0.0225 0.3789 0.0230 
        D579  3 0.1265 0.1832 0.2055 0.1250 0.3599 
        D660  3 0.1704 0.4776 0.0538 0.2531 0.0451 
        D661  3 0.0720 0.5755 0.0350 0.2337 0.0837 
        D663  3 0.0304 0.6961 0.0608 0.1357 0.0769 
        D664  3 0.3861 0.1473 0.2667 0.1653 0.0347 
        D665  3 0.1969 0.0759 0.0331 0.6576 0.0365 
        D666  3 0.3407 0.0637 0.2523 0.1714 0.1720 
        D009  4 0.4705 0.0434 0.0535 0.2571 0.1755 
        D057  4 0.2736 0.4421 0.0651 0.0768 0.1423 
        D109  4 0.5251 0.0480 0.1110 0.2186 0.0972 
     D237222  4 0.6105 0.0554 0.1782 0.0840 0.0719 
     D237223  4 0.3553 0.1471 0.1856 0.2257 0.0863 
     D237224  4 0.0805 0.3780 0.0905 0.1372 0.3138 
     D237225  4 0.2251 0.0816 0.0843 0.3662 0.2428 
     D237299  4 0.0637 0.0536 0.0615 0.7945 0.0267 
     D237300  4 0.0406 0.7217 0.0852 0.1212 0.0313 
     D237306  4 0.1028 0.0541 0.6617 0.0789 0.1025 
     D237307  4 0.0875 0.1103 0.3072 0.1596 0.3353 
     D237308  4 0.2068 0.4862 0.1447 0.0672 0.0952 
     D237309  4 0.2673 0.0841 0.0538 0.2501 0.3446 
     D237317  4 0.1031 0.0645 0.4284 0.1101 0.2938 
     D237318  4 0.0230 0.8324 0.0338 0.0775 0.0333 
     D237319  4 0.2886 0.0987 0.0858 0.3982 0.1287 
     D237320  4 0.3325 0.2454 0.0678 0.1914 0.1630 
     D237321  4 0.0898 0.5911 0.1218 0.1124 0.0849 
     D237397  4 0.2103 0.2500 0.3098 0.1262 0.1038 
     D237398  4 0.0517 0.4752 0.0357 0.2910 0.1464 
     D237399  4 0.1351 0.1912 0.2093 0.2169 0.2475 
     D244001  4 0.6728 0.0787 0.0622 0.1218 0.0644 
        D289  4 0.0650 0.2283 0.2896 0.1498 0.2673 
        D290  4 0.0845 0.1106 0.0868 0.5812 0.1369 
        D294  4 0.0452 0.1031 0.1037 0.5041 0.2439 
        D295  4 0.1787 0.0672 0.1092 0.1495 0.4954 
        D301  4 0.7335 0.0819 0.1026 0.0504 0.0315 
        D302  4 0.0436 0.0384 0.0565 0.1163 0.7453 
        D303  4 0.1056 0.0737 0.6955 0.0637 0.0614 
        D304  4 0.0607 0.1504 0.1543 0.5011 0.1335 
        D305  4 0.1564 0.2092 0.0418 0.4702 0.1224 
        D306  4 0.0794 0.0360 0.1180 0.6720 0.0945 
        D307  4 0.7703 0.0505 0.0993 0.0482 0.0317 
        D327  4 0.0439 0.0744 0.1398 0.1527 0.5891 
        D328  4 0.0833 0.0468 0.6797 0.1246 0.0656 
        D329  4 0.1984 0.2970 0.1058 0.2114 0.1874 
        D330  4 0.2358 0.0623 0.0439 0.2457 0.4123 
        D331  4 0.1413 0.1776 0.2058 0.2520 0.2233 
        D333  4 0.2610 0.1721 0.2705 0.1542 0.1422 
        D334  4 0.0805 0.0547 0.5408 0.1282 0.1958 
        D335  4 0.0470 0.0656 0.0659 0.0694 0.7521 
        D370  4 0.2576 0.0765 0.4644 0.1123 0.0892 
        D371  4 0.0272 0.0370 0.8000 0.0387 0.0973 
        D372  4 0.0391 0.5897 0.0916 0.2535 0.0261 
        D373  4 0.6905 0.1293 0.0505 0.0779 0.0517 
        D455  4 0.7619 0.0698 0.0409 0.0699 0.0574 
        D490  4 0.8400 0.0224 0.0449 0.0528 0.0399 
        D497  4 0.7898 0.0540 0.0385 0.0748 0.0428 
        D498  4 0.1835 0.1523 0.2926 0.2621 0.1096 
        D499  4 0.0531 0.3390 0.2752 0.2747 0.0581 
        D514  4 0.0849 0.0624 0.0467 0.3284 0.4775 
        D515  4 0.3023 0.0444 0.0766 0.4716 0.1051 
        D516  4 0.3445 0.1377 0.1562 0.1444 0.2171 
        D517  4 0.6909 0.1219 0.0388 0.0897 0.0588 
        D518  4 0.2867 0.1124 0.2457 0.1150 0.2402 
        D519  4 0.3847 0.0973 0.0435 0.3637 0.1108 
        D560  4 0.2692 0.1426 0.0429 0.3969 0.1485 
        D561  4 0.1314 0.0576 0.0260 0.6369 0.1481 
        D562  4 0.1491 0.1552 0.1488 0.4334 0.1136 
        D563  4 0.0932 0.5031 0.0462 0.2442 0.1131 
        D572  4 0.1252 0.0949 0.1311 0.2626 0.3861 
        D629  4 0.2152 0.0590 0.0705 0.1850 0.4703 
        D630  4 0.1232 0.1234 0.1641 0.3645 0.2248 
        D631  4 0.0986 0.4240 0.1049 0.1958 0.1767 
        D632  4 0.6474 0.1482 0.0420 0.0578 0.1045 
        D646  4 0.3562 0.1018 0.0581 0.1568 0.3271 
        D647  4 0.1972 0.0835 0.0359 0.0921 0.5912 
        D648  4 0.0488 0.0358 0.7146 0.1613 0.0395 
        D649  4 0.2700 0.0424 0.0454 0.0803 0.5619 
        D650  4 0.1651 0.0778 0.2322 0.2157 0.3092 
        D708  4 0.0778 0.0820 0.5351 0.1993 0.1059 
        D709  4 0.1623 0.0530 0.1919 0.4918 0.1011 
        D738  4 0.2087 0.0468 0.5104 0.0697 0.1644 
        D739  4 0.2825 0.0830 0.1301 0.4310 0.0734 
        D740  4 0.2147 0.1472 0.1721 0.4061 0.0600 
        D741  4 0.1473 0.2001 0.0453 0.4277 0.1796 
        D742  4 0.0831 0.4975 0.1509 0.1772 0.0914 
        D743  4 0.0451 0.0856 0.0574 0.0820 0.7300 
        D744  4 0.0757 0.2266 0.0543 0.2705 0.3728 
        D745  4 0.3964 0.0630 0.0515 0.4325 0.0566 
        D814  4 0.0706 0.3716 0.0468 0.4499 0.0611 
        D815  4 0.1056 0.0848 0.1527 0.1753 0.4816 
        D828  4 0.0669 0.1336 0.5482 0.2206 0.0307 
        D845  4 0.0210 0.8023 0.0795 0.0469 0.0504 
        D846  4 0.0992 0.2499 0.0293 0.2491 0.3726 
        D847  4 0.1593 0.1378 0.1126 0.3667 0.2237 
        D848  4 0.6044 0.2693 0.0312 0.0602 0.0349 
        D849  4 0.4275 0.0500 0.0433 0.3948 0.0845 
        D850  4 0.1615 0.1986 0.1031 0.1983 0.3385 
        D856  4 0.2476 0.0481 0.1049 0.4908 0.1086 
        D857  4 0.7738 0.0508 0.0893 0.0686 0.0175 
        D859  4 0.0850 0.2240 0.1804 0.2344 0.2762 
        D860  4 0.0421 0.2825 0.3942 0.0604 0.2207 
        D883  4 0.3087 0.0644 0.2347 0.1017 0.2904 
        D884  4 0.3153 0.0431 0.2873 0.2193 0.1349 
        D885  4 0.1239 0.2385 0.0595 0.4252 0.1528 
        D886  4 0.4151 0.0806 0.0531 0.1923 0.2589 
        D887  4 0.1122 0.3286 0.1513 0.2246 0.1833 
        D889  4 0.0356 0.2384 0.0732 0.5347 0.1181 
        D890  4 0.1970 0.1053 0.4332 0.1495 0.1151 
        D891  4 0.0198 0.8894 0.0215 0.0427 0.0266 
        D899  4 0.0449 0.6316 0.1815 0.0678 0.0742 
        D900  4 0.1079 0.1179 0.1234 0.3911 0.2597 
        D970  4 0.1131 0.1885 0.1112 0.2296 0.3576 
        D971  4 0.0745 0.5193 0.0964 0.1174 0.1924 
        D979  4 0.0374 0.0571 0.0879 0.0784 0.7392 
        D093  5 0.0630 0.0670 0.7194 0.0805 0.0701 
        D154  5 0.0458 0.3767 0.1322 0.4013 0.0440 
        D168  5 0.2312 0.2897 0.0510 0.3186 0.1096 
        D189  5 0.0453 0.2285 0.5240 0.1421 0.0600 
        D190  5 0.0422 0.0554 0.8142 0.0444 0.0439 
     D237220  5 0.2996 0.0805 0.1368 0.3942 0.0890 
     D237221  5 0.0969 0.2335 0.3613 0.1396 0.1687 
     D237274  5 0.0520 0.0478 0.0339 0.0646 0.8017 
     D237275  5 0.0478 0.7320 0.0567 0.1358 0.0278 
     D237276  5 0.2752 0.0608 0.3064 0.1615 0.1961 
     D237277  5 0.0495 0.1946 0.6154 0.0757 0.0648 
     D237278  5 0.1203 0.3813 0.2853 0.1486 0.0646 
     D237279  5 0.4813 0.0637 0.0350 0.3371 0.0830 
     D237280  5 0.5738 0.0317 0.0968 0.0936 0.2040 
     D237281  5 0.0277 0.8335 0.0331 0.0579 0.0479 
     D237351  5 0.7100 0.0455 0.1056 0.1013 0.0376 
     D237352  5 0.4382 0.1042 0.1016 0.1120 0.2440 
     D237353  5 0.0395 0.0482 0.8309 0.0430 0.0384 
     D237359  5 0.1821 0.1165 0.1023 0.4958 0.1033 
     D237361  5 0.0304 0.0408 0.8552 0.0391 0.0346 
     D237362  5 0.1172 0.1127 0.3213 0.1881 0.2607 
     D237363  5 0.0651 0.2070 0.1058 0.5575 0.0646 
     D237364  5 0.1270 0.2407 0.0390 0.4453 0.1480 
     D237376  5 0.0343 0.0648 0.7768 0.0992 0.0248 
     D237377  5 0.3170 0.0628 0.1176 0.0906 0.4120 
     D237378  5 0.0403 0.0921 0.7663 0.0704 0.0309 
     D237379  5 0.0440 0.0631 0.6038 0.2343 0.0547 
     D237380  5 0.6913 0.0209 0.1748 0.0641 0.0489 
     D237381  5 0.6188 0.0816 0.1385 0.0865 0.0746 
     D237391  5 0.0629 0.0874 0.6480 0.0755 0.1261 
     D237392  5 0.1042 0.1610 0.0787 0.1140 0.5421 
     D237393  5 0.1701 0.0931 0.2198 0.0613 0.4558 
     D237394  5 0.0515 0.0254 0.8213 0.0427 0.0592 
     D237395  5 0.1445 0.1234 0.4413 0.2247 0.0661 
     D237396  5 0.1011 0.1006 0.0892 0.0678 0.6413 
     D244016  5 0.0493 0.1861 0.3530 0.2874 0.1241 
     D244018  5 0.1148 0.4753 0.2204 0.1055 0.0841 
     D244019  5 0.0541 0.1872 0.1407 0.3130 0.3051 
        D279  5 0.1224 0.3708 0.1161 0.3250 0.0657 
        D280  5 0.1225 0.2300 0.1763 0.2345 0.2367 
        D281  5 0.0273 0.6627 0.0962 0.1658 0.0480 
        D283  5 0.0548 0.1286 0.3501 0.0719 0.3946 
        D284  5 0.1876 0.1082 0.0638 0.5657 0.0747 
        D285  5 0.0729 0.1027 0.4670 0.1988 0.1585 
        D286  5 0.0983 0.0875 0.3591 0.2514 0.2037 
        D287  5 0.0694 0.0425 0.6691 0.1860 0.0330 
        D288  5 0.0688 0.2469 0.1175 0.1699 0.3968 
        D308  5 0.7757 0.0310 0.0461 0.0457 0.1014 
        D309  5 0.0688 0.0354 0.0442 0.1519 0.6996 
        D310  5 0.0287 0.0445 0.7471 0.1363 0.0434 
        D311  5 0.0575 0.0764 0.3979 0.2914 0.1768 
        D312  5 0.0897 0.0774 0.4480 0.1657 0.2192 
        D313  5 0.8881 0.0198 0.0438 0.0261 0.0223 
        D314  5 0.1681 0.2244 0.2198 0.3300 0.0579 
        D315  5 0.1446 0.0791 0.3707 0.1042 0.3014 
        D317  5 0.0387 0.0301 0.8445 0.0323 0.0544 
        D318  5 0.1178 0.1546 0.1315 0.3976 0.1985 
        D319  5 0.0571 0.0514 0.7919 0.0520 0.0477 
        D320  5 0.0581 0.0419 0.7621 0.0741 0.0636 
        D321  5 0.6713 0.0735 0.1093 0.0463 0.0996 
        D336  5 0.0296 0.0287 0.8038 0.0954 0.0424 
        D337  5 0.0175 0.0395 0.8714 0.0285 0.0431 
        D338  5 0.1051 0.1862 0.1567 0.3519 0.2001 
        D339  5 0.0856 0.0847 0.6696 0.1113 0.0488 
        D347  5 0.0580 0.1842 0.2162 0.2468 0.2948 
        D348  5 0.0292 0.0456 0.8162 0.0604 0.0486 
        D349  5 0.8059 0.0355 0.0803 0.0392 0.0391 
        D350  5 0.0582 0.0816 0.0677 0.2557 0.5368 
        D355  5 0.0275 0.5331 0.0507 0.2311 0.1575 
        D356  5 0.1347 0.0540 0.3631 0.1086 0.3395 
        D357  5 0.0991 0.1002 0.2572 0.4349 0.1086 
        D358  5 0.0944 0.0766 0.5452 0.1187 0.1650 
        D359  5 0.0512 0.0380 0.3888 0.0591 0.4628 
        D360  5 0.1205 0.0572 0.4952 0.1240 0.2032 
        D361  5 0.8501 0.0290 0.0413 0.0387 0.0410 
        D366  5 0.0670 0.2992 0.0487 0.0928 0.4923 
        D367  5 0.0504 0.0336 0.7616 0.1274 0.0269 
        D368  5 0.2518 0.0642 0.3085 0.2337 0.1420 
        D380  5 0.1001 0.1077 0.0552 0.2438 0.4931 
        D381  5 0.0602 0.1072 0.5958 0.1094 0.1273 
        D400  5 0.0734 0.2040 0.4309 0.1783 0.1134 
        D411  5 0.7084 0.0426 0.0314 0.1874 0.0301 
        D412  5 0.1899 0.2238 0.1584 0.2877 0.1402 
        D413  5 0.0503 0.6855 0.0509 0.1110 0.1023 
        D414  5 0.0615 0.4100 0.0752 0.3053 0.1481 
        D420  5 0.2061 0.1310 0.0908 0.5200 0.0521 
        D431  5 0.1362 0.1661 0.2387 0.4270 0.0319 
        D432  5 0.1869 0.1669 0.4603 0.0722 0.1137 
        D433  5 0.0759 0.1092 0.6855 0.0577 0.0716 
        D434  5 0.1209 0.0979 0.4343 0.0972 0.2497 
        D440  5 0.0781 0.0508 0.0555 0.3078 0.5078 
        D447  5 0.0807 0.0731 0.0438 0.3266 0.4759 
        D448  5 0.0316 0.0772 0.7358 0.0817 0.0737 
        D459  5 0.0299 0.7620 0.0484 0.0573 0.1024 
        D460  5 0.6853 0.0424 0.0858 0.0484 0.1381 
        D461  5 0.0360 0.0332 0.0533 0.1044 0.7730 
        D468  5 0.0914 0.0789 0.3483 0.3099 0.1716 
        D469  5 0.1214 0.0654 0.1149 0.1399 0.5585 
        D470  5 0.2577 0.0695 0.2949 0.2692 0.1087 
        D471  5 0.0308 0.1209 0.6703 0.0910 0.0870 
        D472  5 0.0318 0.2376 0.0298 0.0421 0.6586 
        D479  5 0.0449 0.7420 0.0810 0.0748 0.0573 
        D485  5 0.0997 0.1076 0.3041 0.3848 0.1037 
        D486  5 0.1362 0.0649 0.2135 0.4458 0.1396 
        D487  5 0.0743 0.4086 0.3429 0.1235 0.0507 
        D555  5 0.0342 0.0952 0.7914 0.0374 0.0417 
        D556  5 0.1394 0.2266 0.2987 0.2027 0.1325 
        D557  5 0.0394 0.0628 0.8016 0.0305 0.0656 
        D564  5 0.1636 0.0651 0.5139 0.1481 0.1092 
        D594  5 0.1124 0.1202 0.2214 0.2702 0.2758 
        D595  5 0.0877 0.1353 0.4167 0.1356 0.2246 
        D596  5 0.0326 0.0425 0.8634 0.0244 0.0371 
        D597  5 0.0588 0.4147 0.2818 0.0668 0.1779 
        D598  5 0.2203 0.0809 0.4657 0.0798 0.1533 
        D617  5 0.5759 0.1868 0.0410 0.1660 0.0303 
        D618  5 0.0849 0.1708 0.5312 0.0801 0.1331 
        D619  5 0.3532 0.0836 0.2736 0.0735 0.2161 
        D620  5 0.0369 0.8441 0.0319 0.0295 0.0575 
        D628  5 0.2383 0.0927 0.2585 0.2369 0.1736 
        D714  5 0.0549 0.2357 0.5182 0.1497 0.0414 
        D715  5 0.0519 0.1460 0.5998 0.0609 0.1415 
        D716  5 0.0427 0.2246 0.2534 0.3395 0.1398 
        D717  5 0.1271 0.0862 0.1475 0.1123 0.5268 
        D718  5 0.1168 0.0825 0.3211 0.4462 0.0333 
        D769  5 0.5525 0.1519 0.0571 0.1891 0.0495 
        D770  5 0.0551 0.3554 0.3323 0.1783 0.0789 
        D771  5 0.1415 0.3371 0.1782 0.2386 0.1047 
        D772  5 0.0760 0.0886 0.5493 0.1309 0.1551 
        D782  5 0.2695 0.2737 0.0682 0.3059 0.0826 
        D783  5 0.0595 0.4269 0.2136 0.2164 0.0837 
        D784  5 0.0539 0.0916 0.0881 0.1249 0.6414 
        D785  5 0.0898 0.0430 0.7270 0.0682 0.0720 
        D786  5 0.5153 0.0780 0.0486 0.1362 0.2220 
        D821  5 0.0230 0.0363 0.8787 0.0340 0.0279 
        D822  5 0.0533 0.1260 0.1536 0.1988 0.4682 
        D826  5 0.0634 0.3581 0.3693 0.1200 0.0892 
        D827  5 0.0754 0.1109 0.0851 0.2870 0.4416 
        D851  5 0.1222 0.1008 0.2076 0.3241 0.2453 
        D852  5 0.1436 0.3988 0.3033 0.0851 0.0692 
        D853  5 0.0867 0.1321 0.3325 0.2699 0.1788 
        D854  5 0.0894 0.1957 0.0588 0.4992 0.1569 
        D861  5 0.1058 0.2409 0.2194 0.3390 0.0949 
        D862  5 0.0654 0.0606 0.4077 0.1236 0.3427 
        D865  5 0.0808 0.0942 0.7305 0.0483 0.0462 
        D868  5 0.0646 0.0485 0.0779 0.0655 0.7436 
        D869  5 0.7572 0.0397 0.0471 0.1019 0.0540 
        D870  5 0.0672 0.0680 0.0263 0.7609 0.0776 
        D907  5 0.0954 0.0413 0.7259 0.0950 0.0424 
        D908  5 0.0937 0.4356 0.3463 0.0661 0.0583 
        D910  5 0.0479 0.3009 0.4742 0.0808 0.0962 
        D911  5 0.0355 0.6044 0.0596 0.2030 0.0976 
        D934  5 0.0507 0.3879 0.1711 0.2884 0.1020 
        D946  5 0.1365 0.2645 0.2037 0.3543 0.0410 
        D947  5 0.0894 0.0972 0.0891 0.4252 0.2991 
        D948  5 0.7657 0.0348 0.1055 0.0303 0.0637 
        D949  5 0.7678 0.0308 0.0904 0.0305 0.0805 
        D950  5 0.0294 0.6732 0.0630 0.1262 0.1083 
        D951  5 0.0661 0.0439 0.0692 0.2624 0.5584 
        D952  5 0.0571 0.0752 0.0896 0.0632 0.7148 
        D953  5 0.0793 0.0682 0.6177 0.0801 0.1547 
        D954  5 0.0575 0.0508 0.2999 0.0911 0.5006 
        D961  5 0.0989 0.0769 0.4866 0.2920 0.0456 
        D962  5 0.0366 0.0273 0.7784 0.0752 0.0825 
        D963  5 0.0494 0.0983 0.3057 0.1233 0.4233 
        D964  5 0.1455 0.1392 0.1190 0.5280 0.0683 
        D965  5 0.1075 0.1875 0.2350 0.3261 0.1439 
        D966  5 0.0870 0.2001 0.4054 0.0790 0.2284 
        D967  5 0.1941 0.3430 0.2262 0.1495 0.0872 
        D991  5 0.3294 0.0635 0.2599 0.1754 0.1718 
        D502  6 0.0826 0.1574 0.0430 0.6722 0.0449 
        D503  6 0.2840 0.3582 0.0811 0.2278 0.0489 
        D504  6 0.1109 0.1230 0.1224 0.1400 0.5037 
        D505  6 0.1218 0.2022 0.3434 0.1826 0.1499 
        D506  6 0.0310 0.0269 0.8670 0.0376 0.0375 
        D507  6 0.2094 0.2994 0.0937 0.2656 0.1319 
        D508  6 0.0633 0.1469 0.0675 0.4153 0.3070 
        D529  6 0.2266 0.0957 0.1878 0.3100 0.1798 
        D530  6 0.1625 0.0864 0.4737 0.2336 0.0438 
        D531  6 0.0830 0.1304 0.2004 0.3043 0.2818 
        D532  6 0.0646 0.0996 0.3850 0.2071 0.2438 
        D534  6 0.7342 0.0569 0.0375 0.0907 0.0807 
        D535  6 0.1289 0.0599 0.4629 0.1139 0.2344 
        D536  6 0.1003 0.6197 0.0389 0.2068 0.0343 
        D554  6 0.1191 0.0641 0.5467 0.1913 0.0788 
        D587  6 0.0626 0.0702 0.6750 0.0670 0.1252 
        D588  6 0.0865 0.0885 0.4011 0.1530 0.2710 
        D589  6 0.0813 0.3599 0.1498 0.3482 0.0607 
        D590  6 0.0798 0.7168 0.0650 0.0843 0.0541 
        D591  6 0.1275 0.2411 0.1227 0.3469 0.1618 
        D592  6 0.7378 0.0526 0.0717 0.0533 0.0846 
        D593  6 0.0632 0.0700 0.5687 0.2606 0.0376 
        D682  6 0.0565 0.0400 0.8106 0.0493 0.0435 
        D683  6 0.0605 0.0415 0.1497 0.1164 0.6319 
        D684  6 0.2475 0.2521 0.0294 0.3955 0.0754 
        D685  6 0.0808 0.1472 0.0712 0.6716 0.0292 
        D686  6 0.0425 0.0466 0.6654 0.1709 0.0747 
        D724  6 0.1501 0.1296 0.0432 0.3909 0.2862 
        D725  6 0.1138 0.2600 0.2718 0.2663 0.0881 
        D726  6 0.0440 0.0302 0.8482 0.0337 0.0439 
        D727  6 0.0904 0.4410 0.1212 0.1554 0.1920 
        D728  6 0.0628 0.0412 0.6975 0.1335 0.0650 
        D729  6 0.3973 0.1774 0.0352 0.1769 0.2132 
        D730  6 0.2730 0.1792 0.0726 0.2998 0.1753 
        D731  6 0.0292 0.2141 0.6948 0.0381 0.0237 
        D732  6 0.0897 0.1062 0.1196 0.2055 0.4790 
        D733  6 0.2218 0.1095 0.2041 0.2793 0.1853 
     D237251  7 0.0980 0.4540 0.1319 0.2471 0.0691 
     D237252  7 0.3626 0.2180 0.0486 0.2957 0.0750 
     D237253  7 0.0589 0.3135 0.2097 0.3322 0.0857 
     D237254  7 0.5623 0.0436 0.0292 0.3241 0.0407 
     D237255  7 0.0380 0.7139 0.0790 0.1137 0.0554 
     D237256  7 0.0363 0.4335 0.0966 0.3370 0.0966 
     D237257  7 0.1248 0.0803 0.0494 0.6857 0.0598 
     D237282  7 0.1327 0.1078 0.0376 0.0874 0.6345 
     D237283  7 0.7448 0.0450 0.0347 0.1524 0.0230 
     D237284  7 0.6614 0.0527 0.0374 0.1725 0.0760 
     D237285  7 0.0728 0.1825 0.3774 0.2877 0.0796 
     D237286  7 0.0925 0.1748 0.2559 0.2223 0.2545 
     D237287  7 0.0709 0.5225 0.0867 0.1788 0.1410 
     D244006  7 0.7043 0.0359 0.0261 0.1846 0.0491 
     D244007  7 0.0920 0.4610 0.0699 0.1923 0.1848 
     D244008  7 0.6264 0.0426 0.0695 0.2127 0.0488 
     D244009  7 0.5326 0.0415 0.1198 0.1858 0.1204 
     D244010  7 0.1281 0.0955 0.0527 0.6719 0.0517 
     D244011  7 0.1120 0.1471 0.3165 0.3485 0.0759 
     D244012  7 0.1279 0.2462 0.0647 0.4705 0.0908 
     D244013  7 0.0910 0.4442 0.1780 0.1028 0.1841 
     D244014  7 0.3780 0.2021 0.0831 0.2570 0.0798 
     D244015  7 0.3401 0.1031 0.0590 0.3956 0.1022 
     D244125  7 0.0761 0.2562 0.3291 0.1211 0.2175 
     D244126  7 0.7881 0.0247 0.0204 0.1372 0.0296 
     D244130  7 0.3548 0.1711 0.1605 0.2267 0.0869 
     D244131  7 0.2146 0.1028 0.2254 0.1339 0.3234 
     D244132  7 0.1325 0.0506 0.3742 0.0997 0.3430 
        D520  7 0.1271 0.0371 0.1381 0.6238 0.0739 
        D521  7 0.1781 0.1391 0.1115 0.3646 0.2067 
        D522  7 0.6025 0.0563 0.0722 0.0761 0.1928 
        D523  7 0.0509 0.5885 0.1045 0.2011 0.0549 
        D524  7 0.1330 0.3907 0.2115 0.1521 0.1128 
        D525  7 0.5166 0.2356 0.0578 0.1316 0.0584 
        D526  7 0.6499 0.0482 0.0243 0.1986 0.0790 
        D527  7 0.2047 0.1136 0.1187 0.2481 0.3149 
        D528  7 0.0317 0.0149 0.0190 0.9134 0.0209 
        D558  7 0.2154 0.1557 0.0546 0.2201 0.3542 
        D559  7 0.1678 0.1526 0.0344 0.3136 0.3315 
        D640  7 0.1260 0.1924 0.3486 0.1580 0.1749 
        D641  7 0.2311 0.1916 0.3472 0.1875 0.0426 
        D642  7 0.5463 0.1617 0.0921 0.1304 0.0695 
        D644  7 0.2987 0.1240 0.3138 0.1465 0.1170 
        D645  7 0.1730 0.2691 0.1750 0.2619 0.1211 
        D662  7 0.6404 0.0288 0.1250 0.0413 0.1645 
        D687  7 0.0994 0.1698 0.1320 0.4262 0.1726 
        D688  7 0.1814 0.2048 0.0477 0.2312 0.3348 
        D689  7 0.1755 0.1824 0.1651 0.1862 0.2908 
        D700  7 0.0289 0.0182 0.0221 0.8961 0.0347 
        D797  7 0.1354 0.1472 0.2530 0.2237 0.2406 
        D798  7 0.6281 0.0572 0.0684 0.1619 0.0844 
        D799  7 0.2532 0.3051 0.0567 0.3010 0.0840 
        D800  7 0.0958 0.1037 0.0421 0.2137 0.5447 
        D132  8 0.7820 0.0376 0.0553 0.0722 0.0528 
        D133  8 0.0744 0.8159 0.0261 0.0583 0.0252 
        D200  8 0.0453 0.1133 0.0545 0.7392 0.0477 
        D500  8 0.8551 0.0232 0.0421 0.0367 0.0429 
        D614  8 0.1744 0.0647 0.4429 0.2005 0.1175 
        D723  8 0.2956 0.1198 0.0701 0.1444 0.3701 
        D888  8 0.0398 0.7311 0.0505 0.1149 0.0636 
        D901  8 0.1049 0.0495 0.0880 0.7295 0.0282 
        D902  8 0.0689 0.0581 0.7075 0.1064 0.0590 
        D903  8 0.0460 0.0636 0.1271 0.1419 0.6214 
        D904  8 0.1815 0.0955 0.1089 0.2218 0.3924 
        D905  8 0.0304 0.6109 0.2391 0.0942 0.0254 
        D906  8 0.0792 0.5255 0.0467 0.2498 0.0987 
        D937  8 0.0315 0.0472 0.8446 0.0570 0.0198 
        D943  8 0.2222 0.0941 0.0524 0.4996 0.1317 
        D972  8 0.3348 0.0880 0.0709 0.2737 0.2325 
        D973  8 0.1591 0.0395 0.0616 0.0883 0.6515 
        D974  8 0.1741 0.1386 0.1762 0.3397 0.1714 
        D975  8 0.0634 0.1005 0.1252 0.6484 0.0625 
        D976  8 0.1425 0.1172 0.1822 0.5146 0.0435 
        D201  9 0.1166 0.3282 0.0731 0.3693 0.1129 
        D202  9 0.0819 0.1583 0.1090 0.6178 0.0330 
     D237259  9 0.1049 0.1247 0.0295 0.5524 0.1885 
     D237260  9 0.1448 0.3646 0.0825 0.3809 0.0271 
     D237262  9 0.8391 0.0273 0.0378 0.0529 0.0428 
     D237263  9 0.5037 0.1702 0.0480 0.1786 0.0995 
     D237264  9 0.2929 0.1646 0.2245 0.2213 0.0966 
     D237265  9 0.0810 0.5436 0.0829 0.2483 0.0443 
     D237266  9 0.2929 0.5670 0.0300 0.0486 0.0615 
     D237267  9 0.0732 0.0487 0.1031 0.7400 0.0349 
     D237268  9 0.3711 0.0505 0.0712 0.3675 0.1396 
     D237289  9 0.0953 0.3829 0.3379 0.1445 0.0394 
     D237290  9 0.0491 0.7793 0.0274 0.1071 0.0372 
     D237291  9 0.0736 0.6385 0.0802 0.1618 0.0458 
     D237292  9 0.1312 0.3697 0.0488 0.4071 0.0432 
     D237293  9 0.2583 0.0874 0.1534 0.3796 0.1213 
     D237294  9 0.3366 0.1430 0.1045 0.3811 0.0348 
     D237295  9 0.2135 0.0473 0.1468 0.2111 0.3813 
     D237296  9 0.1549 0.1356 0.0985 0.5363 0.0747 
     D237297  9 0.0736 0.0724 0.6564 0.1364 0.0612 
     D237298  9 0.1751 0.1483 0.0793 0.2803 0.3169 
     D237341  9 0.1610 0.3261 0.0629 0.2926 0.1573 
     D237342  9 0.4448 0.0863 0.1015 0.3166 0.0509 
     D237343  9 0.3753 0.2753 0.0709 0.1950 0.0835 
     D237344  9 0.1198 0.2151 0.3862 0.1924 0.0865 
     D237345  9 0.7560 0.0595 0.0267 0.1113 0.0465 
     D237346  9 0.2522 0.4498 0.1247 0.1151 0.0583 
     D237347  9 0.1004 0.1624 0.5035 0.1321 0.1016 
     D237348  9 0.3697 0.2154 0.1272 0.1591 0.1287 
     D237349  9 0.2509 0.3689 0.0429 0.1015 0.2359 
     D244109  9 0.1548 0.5097 0.0196 0.2279 0.0879 
     D244110  9 0.0754 0.6883 0.0374 0.1332 0.0658 
     D244111  9 0.1137 0.2531 0.0902 0.4089 0.1341 
     D244128  9 0.4069 0.0609 0.0382 0.4494 0.0445 
     D244137  9 0.1416 0.0859 0.0606 0.1042 0.6078 
     D244138  9 0.1336 0.3318 0.1487 0.3397 0.0462 
        D580  9 0.3151 0.0295 0.0824 0.5055 0.0676 
        D581  9 0.0589 0.7004 0.0361 0.1686 0.0361 
        D582  9 0.6088 0.0263 0.0327 0.3039 0.0282 
        D583  9 0.1609 0.7065 0.0380 0.0629 0.0317 
        D584  9 0.1778 0.0589 0.3721 0.3554 0.0357 
        D585  9 0.3299 0.1935 0.0434 0.3821 0.0512 
        D586  9 0.0499 0.6642 0.1459 0.0888 0.0512 
        D651  9 0.1411 0.1505 0.1157 0.0713 0.5214 
        D652  9 0.5296 0.1340 0.0301 0.0768 0.2295 
        D653  9 0.0665 0.4025 0.0663 0.2469 0.2178 
        D654  9 0.2133 0.3544 0.0498 0.0785 0.3040 
        D655  9 0.1121 0.3112 0.2034 0.2134 0.1599 
        D656  9 0.6886 0.0493 0.0573 0.1583 0.0466 
        D657  9 0.2992 0.1436 0.1049 0.3674 0.0850 
        D667  9 0.1101 0.2308 0.4095 0.1558 0.0938 
        D668  9 0.4931 0.1639 0.1531 0.1312 0.0588 
        D669  9 0.0845 0.3363 0.0670 0.4386 0.0736 
        D670  9 0.0925 0.0724 0.0757 0.1771 0.5823 
        D671  9 0.1064 0.5769 0.0777 0.1911 0.0479 
        D672  9 0.4604 0.0924 0.0397 0.3511 0.0564 
        D673  9 0.2760 0.0764 0.2791 0.2438 0.1247 
        D692  9 0.3377 0.2471 0.0544 0.2971 0.0636 
        D693  9 0.2535 0.1189 0.2450 0.2491 0.1335 
        D694  9 0.3766 0.0480 0.0549 0.4898 0.0307 
        D695  9 0.5544 0.0635 0.0669 0.0883 0.2269 
        D696  9 0.0232 0.0251 0.8915 0.0324 0.0279 
        D697  9 0.1902 0.2423 0.3220 0.0915 0.1540 
        D698  9 0.0939 0.4104 0.2964 0.1381 0.0613 
        D699  9 0.1053 0.0920 0.5824 0.1927 0.0277 
        D787  9 0.3696 0.1775 0.0384 0.0816 0.3330 
        D788  9 0.1174 0.0348 0.4778 0.3005 0.0695 
        D789  9 0.1360 0.1248 0.1513 0.5477 0.0402 
        D790  9 0.3399 0.3026 0.1019 0.1026 0.1530 
        D791  9 0.0715 0.4314 0.2083 0.2526 0.0363 
        D792  9 0.2823 0.2609 0.0663 0.0531 0.3373 
        D793  9 0.0849 0.1327 0.4606 0.0596 0.2622 
        D794  9 0.1361 0.1962 0.2814 0.0766 0.3097 
        D795  9 0.4665 0.0566 0.1376 0.3094 0.0298 
        D796  9 0.0825 0.3724 0.0953 0.3941 0.0557 
        D142 10 0.0578 0.1576 0.3818 0.2301 0.1727 
        D143 10 0.0739 0.7033 0.1063 0.0462 0.0703 
        D144 10 0.2111 0.1007 0.2437 0.2260 0.2185 
        D145 10 0.0660 0.5522 0.0699 0.2490 0.0628 
        D146 10 0.4058 0.0377 0.1281 0.3619 0.0666 
        D147 10 0.0654 0.0679 0.0735 0.7357 0.0575 
        D148 10 0.0336 0.0418 0.0986 0.7270 0.0989 
        D149 10 0.0767 0.6360 0.0423 0.1523 0.0927 
        D151 10 0.0486 0.0977 0.0728 0.7513 0.0297 
        D152 10 0.0286 0.8520 0.0277 0.0675 0.0241 
        D153 10 0.0840 0.0440 0.1966 0.1367 0.5387 
        D156 10 0.0513 0.1063 0.0658 0.2009 0.5757 
        D157 10 0.1716 0.0717 0.5719 0.1141 0.0707 
        D158 10 0.0383 0.1069 0.1310 0.6964 0.0274 
        D159 10 0.0383 0.8324 0.0400 0.0409 0.0484 
        D160 10 0.0426 0.4677 0.4161 0.0485 0.0251 
        D161 10 0.1582 0.1279 0.1475 0.1728 0.3935 
        D162 10 0.0474 0.2099 0.1727 0.1455 0.4245 
        D169 10 0.7387 0.0853 0.0373 0.0866 0.0522 
        D170 10 0.6362 0.0439 0.1359 0.0966 0.0873 
        D171 10 0.0931 0.0451 0.4528 0.2956 0.1134 
        D172 10 0.1966 0.1465 0.1638 0.2883 0.2048 
