        D174  1 0.1106 0.6547 0.0822 0.0414 0.1111 
        D199  1 0.0924 0.1921 0.3422 0.2788 0.0945 
        D203  1 0.1729 0.0865 0.3372 0.2157 0.1876 
        D204  1 0.0358 0.0266 0.8853 0.0291 0.0232 
     D237366  1 0.2299 0.1288 0.1382 0.0749 0.4282 
     D237367  1 0.2848 0.0681 0.3097 0.0768 0.2607 
     D237368  1 0.0695 0.0708 0.1876 0.0689 0.6031 
     D244101  1 0.0930 0.0359 0.6507 0.1847 0.0357 
     D244102  1 0.2561 0.2489 0.1776 0.1074 0.2100 
     D244103  1 0.6125 0.1026 0.1216 0.0534 0.1098 
     D244104  1 0.0445 0.1085 0.6991 0.0651 0.0828 
     D244105  1 0.3884 0.0271 0.1736 0.0358 0.3752 
     D244106  1 0.1068 0.5736 0.0654 0.2091 0.0451 
     D244107  1 0.0861 0.0207 0.1305 0.0751 0.6876 
     D244108  1 0.0617 0.4883 0.1293 0.0788 0.2418 
     D244113  1 0.0604 0.8474 0.0288 0.0312 0.0323 
     D244114  1 0.4195 0.2120 0.1053 0.2026 0.0606 
     D244115  1 0.1250 0.4834 0.1354 0.0488 0.2074 
     D267365  1 0.0723 0.2904 0.4656 0.0851 0.0866 
        D404  1 0.1250 0.7432 0.0459 0.0473 0.0385 
        D405  1 0.1847 0.4384 0.1487 0.1248 0.1034 
        D406  1 0.0296 0.0335 0.0816 0.0187 0.8366 
        D407  1 0.2245 0.0589 0.3289 0.1468 0.2409 
        D408  1 0.0710 0.7233 0.0613 0.1076 0.0369 
        D409  1 0.7508 0.0791 0.0738 0.0459 0.0503 
        D410  1 0.0412 0.0381 0.0854 0.0128 0.8225 
        D421  1 0.0420 0.0679 0.7495 0.0919 0.0487 
        D422  1 0.0552 0.0154 0.0358 0.0238 0.8698 
        D423  1 0.0346 0.0236 0.0344 0.0344 0.8730 
        D424  1 0.2269 0.0696 0.6120 0.0184 0.0730 
        D425  1 0.1204 0.3093 0.4732 0.0377 0.0595 
        D426  1 0.6704 0.0351 0.0425 0.1835 0.0686 
        D427  1 0.0346 0.1568 0.1526 0.6178 0.0381 
        D428  1 0.0942 0.3043 0.3025 0.0694 0.2296 
        D429  1 0.1188 0.3423 0.3895 0.0725 0.0769 
        D430  1 0.3999 0.2156 0.1046 0.2068 0.0731 
        D491  1 0.0371 0.7960 0.1050 0.0282 0.0338 
        D492  1 0.1573 0.2741 0.2771 0.0807 0.2108 
        D537  1 0.1041 0.0770 0.6448 0.0273 0.1469 
        D538  1 0.3239 0.1484 0.1291 0.0914 0.3072 
        D539  1 0.1595 0.3652 0.0896 0.2092 0.1766 
        D540  1 0.3153 0.1356 0.3169 0.0622 0.1700 
        D541  1 0.0372 0.0245 0.8681 0.0313 0.0388 
        D551  1 0.3132 0.0526 0.0702 0.4935 0.0706 
        D552  1 0.0813 0.1707 0.2972 0.0589 0.3919 
        D553  1 0.0470 0.0305 0.8760 0.0211 0.0254 
        D615  1 0.1677 0.0913 0.4278 0.1234 0.1899 
        D616  1 0.1557 0.0953 0.2607 0.2039 0.2844 
        D621  1 0.0521 0.1186 0.0428 0.0305 0.7560 
        D622  1 0.0717 0.0487 0.0416 0.0259 0.8121 
        D623  1 0.0749 0.5317 0.0946 0.2403 0.0584 
        D624  1 0.0508 0.8278 0.0534 0.0255 0.0425 
        D625  1 0.1025 0.1010 0.6661 0.0250 0.1054 
        D626  1 0.1245 0.5208 0.1171 0.0682 0.1693 
        D627  1 0.7692 0.0412 0.0836 0.0700 0.0360 
        D690  1 0.0292 0.0798 0.7900 0.0187 0.0823 
        D691  1 0.0702 0.0338 0.0893 0.0323 0.7744 
        D710  1 0.1138 0.1845 0.5104 0.0465 0.1448 
        D711  1 0.0597 0.0642 0.7679 0.0303 0.0779 
        D712  1 0.0904 0.6798 0.0643 0.0626 0.1029 
        D713  1 0.1151 0.5758 0.1630 0.0303 0.1158 
        D746  1 0.0309 0.0256 0.0578 0.0217 0.8639 
        D747  1 0.0223 0.0345 0.8820 0.0276 0.0335 
        D748  1 0.1875 0.0944 0.3544 0.0299 0.3337 
        D749  1 0.1515 0.1814 0.0360 0.0572 0.5739 
        D750  1 0.0459 0.6041 0.2103 0.0333 0.1065 
        D763  1 0.2000 0.0576 0.2959 0.3218 0.1247 
        D764  1 0.0744 0.2352 0.4767 0.0221 0.1916 
        D765  1 0.1240 0.1302 0.0566 0.0313 0.6578 
        D766  1 0.0949 0.0745 0.2054 0.0323 0.5928 
        D767  1 0.2758 0.1189 0.3121 0.1012 0.1920 
        D768  1 0.0546 0.0227 0.8585 0.0221 0.0421 
        D811  1 0.2195 0.6455 0.0347 0.0402 0.0601 
        D816  1 0.0352 0.0660 0.8338 0.0266 0.0383 
        D825  1 0.1470 0.5320 0.1181 0.0267 0.1762 
        D866  1 0.1060 0.2965 0.0800 0.4474 0.0700 
        D867  1 0.0523 0.0518 0.0419 0.0383 0.8158 
        D871  1 0.8399 0.0520 0.0590 0.0252 0.0239 
        D872  1 0.1270 0.0800 0.5038 0.0523 0.2370 
        D873  1 0.0200 0.0175 0.0143 0.0135 0.9347 
        D874  1 0.1161 0.3311 0.4606 0.0653 0.0269 
        D875  1 0.8699 0.0250 0.0322 0.0183 0.0546 
        D876  1 0.0458 0.1102 0.7367 0.0301 0.0772 
        D877  1 0.1570 0.7094 0.0632 0.0438 0.0266 
        D892  1 0.2177 0.2733 0.3225 0.0262 0.1604 
        D893  1 0.1367 0.0366 0.6593 0.0624 0.1050 
        D894  1 0.1699 0.0931 0.6068 0.0583 0.0719 
        D915  1 0.1244 0.0815 0.5475 0.0348 0.2118 
        D916  1 0.0344 0.0323 0.8647 0.0229 0.0458 
        D917  1 0.1238 0.3683 0.3139 0.1171 0.0769 
        D925  1 0.0328 0.0913 0.1139 0.0293 0.7327 
        D926  1 0.2002 0.1831 0.4795 0.0451 0.0921 
        D927  1 0.1036 0.0739 0.4126 0.3594 0.0504 
        D928  1 0.0322 0.8249 0.0996 0.0177 0.0256 
        D929  1 0.3744 0.2787 0.1697 0.0512 0.1260 
        D936  1 0.0694 0.0534 0.6865 0.1477 0.0431 
        D938  1 0.0289 0.0292 0.0335 0.0192 0.8891 
        D956  1 0.1157 0.7372 0.0358 0.0617 0.0497 
        D957  1 0.0870 0.0867 0.3323 0.0390 0.4550 
        D958  1 0.0738 0.1604 0.4138 0.0284 0.3236 
        D959  1 0.2436 0.0426 0.3021 0.1270 0.2847 
        D960  1 0.0311 0.0369 0.0370 0.0207 0.8743 
        D989  1 0.0543 0.6267 0.0848 0.1933 0.0408 
        D990  1 0.0386 0.0440 0.0252 0.0506 0.8416 
        D023  2 0.0335 0.0252 0.1517 0.0166 0.7730 
        D130  2 0.0857 0.0283 0.0820 0.0250 0.7790 
        D131  2 0.4346 0.0616 0.3796 0.0677 0.0565 
        D163  2 0.0433 0.0451 0.0824 0.0206 0.8087 
        D164  2 0.0225 0.0154 0.0173 0.4032 0.5416 
        D165  2 0.0336 0.0244 0.0755 0.0341 0.8324 
        D166  2 0.6272 0.0895 0.0964 0.0736 0.1133 
        D167  2 0.0289 0.0456 0.0205 0.8805 0.0244 
        D192  2 0.0186 0.0276 0.0157 0.9183 0.0198 
        D193  2 0.2060 0.5646 0.0460 0.0867 0.0967 
        D206  2 0.2674 0.0706 0.1964 0.3013 0.1643 
        D207  2 0.1871 0.0492 0.0788 0.6425 0.0424 
        D208  2 0.1235 0.3688 0.0910 0.3545 0.0623 
        D209  2 0.2096 0.0518 0.0975 0.4977 0.1434 
        D210  2 0.0578 0.4246 0.1191 0.3524 0.0462 
     D229599  2 0.1581 0.1383 0.3838 0.1607 0.1591 
     D229600  2 0.0612 0.0381 0.0395 0.2744 0.5869 
     D237227  2 0.0650 0.5135 0.0590 0.1284 0.2341 
     D237228  2 0.0894 0.3564 0.0203 0.1359 0.3979 
     D237258  2 0.1456 0.1807 0.1353 0.3017 0.2367 
     D237310  2 0.2582 0.1050 0.0214 0.0641 0.5512 
     D237311  2 0.0811 0.0659 0.0235 0.1840 0.6455 
     D237312  2 0.4243 0.2081 0.0592 0.0384 0.2701 
     D237313  2 0.1719 0.1909 0.3827 0.0737 0.1808 
     D237322  2 0.3135 0.1671 0.0814 0.3714 0.0666 
     D237323  2 0.0944 0.1692 0.0258 0.0512 0.6594 
     D237324  2 0.1632 0.0247 0.0874 0.2206 0.5042 
     D237325  2 0.1553 0.1726 0.0682 0.0714 0.5325 
     D237326  2 0.0456 0.0715 0.0919 0.0319 0.7592 
     D237327  2 0.2314 0.0681 0.1881 0.4291 0.0833 
     D237337  2 0.1166 0.0787 0.0489 0.0246 0.7313 
     D237338  2 0.1831 0.1786 0.1034 0.1846 0.3502 
     D237339  2 0.1773 0.0395 0.4273 0.3144 0.0415 
     D237340  2 0.0964 0.2993 0.0341 0.2585 0.3118 
     D237389  2 0.1596 0.0664 0.0361 0.0771 0.6608 
     D237390  2 0.2838 0.2479 0.0971 0.0516 0.3196 
     D244017  2 0.1223 0.3553 0.0536 0.4170 0.0518 
     D244112  2 0.0982 0.0358 0.0220 0.7912 0.0528 
     D244118  2 0.0296 0.0313 0.0229 0.4257 0.4905 
     D244119  2 0.0282 0.5056 0.0272 0.3964 0.0426 
     D244120  2 0.1410 0.1764 0.0211 0.6145 0.0471 
     D244122  2 0.0782 0.1100 0.0367 0.6965 0.0785 
        D291  2 0.3297 0.0498 0.1157 0.3911 0.1138 
        D292  2 0.0469 0.1079 0.2924 0.4966 0.0562 
        D293  2 0.0874 0.0196 0.3336 0.5455 0.0138 
        D322  2 0.0918 0.0252 0.4880 0.3438 0.0511 
        D323  2 0.2811 0.1962 0.2427 0.2095 0.0705 
        D324  2 0.2018 0.1103 0.2753 0.2166 0.1959 
        D325  2 0.0873 0.0133 0.0443 0.8363 0.0188 
        D326  2 0.0405 0.0313 0.8883 0.0236 0.0162 
        D340  2 0.0190 0.0189 0.0223 0.9136 0.0263 
        D341  2 0.0782 0.0487 0.0511 0.7757 0.0462 
        D342  2 0.1838 0.0417 0.0331 0.5325 0.2089 
        D343  2 0.0197 0.0103 0.0248 0.9311 0.0141 
        D344  2 0.2871 0.1072 0.4840 0.0625 0.0592 
        D345  2 0.0771 0.0669 0.5394 0.0559 0.2606 
        D346  2 0.0828 0.6479 0.0833 0.1358 0.0502 
        D351  2 0.2256 0.0297 0.5644 0.1083 0.0720 
        D352  2 0.3348 0.1999 0.2324 0.1495 0.0834 
        D353  2 0.2672 0.0318 0.6260 0.0495 0.0255 
        D354  2 0.1213 0.2625 0.4718 0.0286 0.1157 
        D362  2 0.0556 0.0634 0.7233 0.0447 0.1129 
        D363  2 0.0429 0.1038 0.7409 0.0396 0.0729 
        D364  2 0.1162 0.0862 0.6752 0.0321 0.0903 
        D365  2 0.0192 0.0184 0.0373 0.9101 0.0150 
        D369  2 0.1119 0.2052 0.2638 0.3086 0.1105 
        D374  2 0.0289 0.8999 0.0212 0.0260 0.0240 
        D375  2 0.3757 0.1326 0.3350 0.0351 0.1216 
        D376  2 0.0487 0.8267 0.0230 0.0456 0.0559 
        D377  2 0.3306 0.2960 0.0866 0.0978 0.1891 
        D378  2 0.1367 0.0304 0.6208 0.1468 0.0654 
        D379  2 0.0942 0.0563 0.7814 0.0289 0.0393 
        D384  2 0.0340 0.0510 0.8733 0.0252 0.0164 
        D385  2 0.0407 0.0425 0.0321 0.8644 0.0203 
        D386  2 0.1487 0.0341 0.6817 0.0694 0.0662 
        D391  2 0.0453 0.0234 0.0869 0.8215 0.0229 
        D392  2 0.0611 0.0722 0.0814 0.6704 0.1149 
        D393  2 0.0841 0.0259 0.6201 0.1883 0.0816 
        D394  2 0.2089 0.0701 0.2327 0.1060 0.3823 
        D395  2 0.2068 0.0589 0.1235 0.5728 0.0381 
        D401  2 0.0581 0.0671 0.0202 0.0407 0.8139 
        D402  2 0.0364 0.0205 0.0403 0.8819 0.0209 
        D403  2 0.3321 0.0365 0.4713 0.0474 0.1127 
        D415  2 0.2453 0.0213 0.6253 0.0264 0.0817 
        D435  2 0.0695 0.0218 0.6111 0.2110 0.0867 
        D436  2 0.2093 0.2517 0.4380 0.0529 0.0481 
        D438  2 0.0213 0.0273 0.0183 0.9114 0.0217 
        D439  2 0.2189 0.0291 0.5054 0.1238 0.1228 
        D449  2 0.2190 0.0396 0.1153 0.5713 0.0547 
        D450  2 0.2840 0.3611 0.2210 0.0430 0.0908 
        D456  2 0.0851 0.0203 0.8554 0.0174 0.0218 
        D462  2 0.0333 0.0189 0.1168 0.8103 0.0206 
        D463  2 0.0418 0.0364 0.8846 0.0163 0.0208 
        D464  2 0.3419 0.1058 0.4023 0.1200 0.0300 
        D465  2 0.1909 0.0410 0.2273 0.4251 0.1157 
        D473  2 0.0943 0.6542 0.0560 0.0595 0.1360 
        D474  2 0.0492 0.0622 0.6040 0.1797 0.1050 
        D476  2 0.0976 0.0239 0.1981 0.1383 0.5422 
        D477  2 0.1036 0.0884 0.6929 0.0545 0.0606 
        D478  2 0.3427 0.2422 0.1519 0.0848 0.1785 
        D480  2 0.1008 0.1013 0.5976 0.1744 0.0259 
        D481  2 0.0892 0.1320 0.5316 0.0862 0.1610 
        D482  2 0.1910 0.3154 0.0994 0.2484 0.1459 
        D483  2 0.0255 0.0589 0.0266 0.8506 0.0385 
        D484  2 0.3078 0.2564 0.1522 0.1988 0.0847 
        D510  2 0.0491 0.8244 0.0340 0.0635 0.0291 
        D511  2 0.0947 0.0258 0.7346 0.0841 0.0608 
        D512  2 0.2322 0.0322 0.0343 0.1720 0.5293 
        D513  2 0.1421 0.0845 0.1001 0.6131 0.0602 
        D635  2 0.0891 0.0271 0.5374 0.0520 0.2944 
        D636  2 0.0237 0.0238 0.0307 0.0195 0.9023 
        D637  2 0.2439 0.1932 0.1303 0.3618 0.0708 
        D658  2 0.0735 0.1949 0.0522 0.6136 0.0658 
        D659  2 0.0611 0.0518 0.7501 0.0516 0.0854 
        D677  2 0.2110 0.0690 0.3750 0.1342 0.2108 
        D678  2 0.1222 0.0485 0.0328 0.7278 0.0686 
        D679  2 0.1300 0.0799 0.6153 0.1163 0.0585 
        D719  2 0.0402 0.3415 0.3436 0.2483 0.0265 
        D720  2 0.0948 0.1366 0.6635 0.0481 0.0571 
        D721  2 0.0615 0.0422 0.1099 0.0541 0.7323 
        D722  2 0.0623 0.7959 0.0322 0.0528 0.0567 
        D734  2 0.1045 0.4329 0.1874 0.2546 0.0206 
        D735  2 0.2345 0.1068 0.4639 0.0689 0.1258 
        D736  2 0.0766 0.4479 0.1352 0.2168 0.1235 
        D737  2 0.0775 0.0851 0.0706 0.6199 0.1469 
        D807  2 0.1126 0.3173 0.3251 0.1604 0.0847 
        D808  2 0.3639 0.0406 0.1854 0.1820 0.2282 
        D817  2 0.1547 0.2020 0.5275 0.0471 0.0687 
        D818  2 0.3523 0.0414 0.1263 0.4238 0.0563 
        D819  2 0.3000 0.1079 0.3103 0.0688 0.2131 
        D820  2 0.0480 0.0357 0.8578 0.0403 0.0181 
        D895  2 0.1091 0.0786 0.4959 0.0677 0.2487 
        D896  2 0.0330 0.0596 0.0270 0.0227 0.8576 
        D897  2 0.2468 0.0389 0.0562 0.6005 0.0577 
        D898  2 0.4536 0.1548 0.1758 0.0908 0.1250 
        D918  2 0.4090 0.1100 0.0934 0.1901 0.1973 
        D919  2 0.1781 0.0371 0.5194 0.2233 0.0421 
        D920  2 0.0477 0.0526 0.0306 0.0399 0.8291 
        D923  2 0.0868 0.0412 0.8051 0.0358 0.0312 
        D930  2 0.3058 0.2029 0.3778 0.0495 0.0638 
        D931  2 0.0907 0.0867 0.5796 0.1722 0.0707 
        D968  2 0.0227 0.0192 0.0367 0.9046 0.0168 
        D969  2 0.0794 0.0689 0.4237 0.3782 0.0498 
        D977  2 0.1483 0.0266 0.0494 0.7377 0.0380 
        D978  2 0.4971 0.0706 0.0790 0.3194 0.0338 
        D211  3 0.4511 0.0428 0.1490 0.0528 0.3044 
     D229639  3 0.0675 0.1726 0.0733 0.6372 0.0494 
     D237212  3 0.2433 0.0734 0.3334 0.2381 0.1118 
     D237213  3 0.4416 0.0602 0.1979 0.0506 0.2497 
     D237214  3 0.3068 0.0477 0.0462 0.0273 0.5719 
     D237215  3 0.0385 0.1449 0.0188 0.7707 0.0269 
     D237216  3 0.5873 0.0479 0.0907 0.0871 0.1871 
     D237217  3 0.3046 0.0245 0.1817 0.0775 0.4117 
     D237218  3 0.2610 0.0678 0.3444 0.2436 0.0831 
     D237219  3 0.1443 0.1750 0.0732 0.1047 0.5029 
     D237382  3 0.4280 0.2138 0.1650 0.0678 0.1255 
     D244127  3 0.1267 0.0447 0.0534 0.1199 0.6552 
     D244129  3 0.2535 0.0683 0.2920 0.1330 0.2532 
     D244133  3 0.2252 0.3031 0.0910 0.2135 0.1672 
     D244134  3 0.0783 0.2975 0.1039 0.3181 0.2022 
     D244135  3 0.1122 0.0291 0.0673 0.0790 0.7123 
     D244136  3 0.1697 0.4227 0.2098 0.1258 0.0720 
        D416  3 0.2563 0.0579 0.2131 0.2745 0.1982 
        D417  3 0.1874 0.0528 0.6657 0.0285 0.0657 
        D419  3 0.1301 0.1187 0.2978 0.2043 0.2490 
        D565  3 0.0245 0.8519 0.0633 0.0319 0.0284 
        D566  3 0.0617 0.4105 0.0585 0.4201 0.0492 
        D567  3 0.0509 0.0387 0.7537 0.0455 0.1112 
        D568  3 0.1506 0.0262 0.3976 0.1965 0.2291 
        D569  3 0.3812 0.0932 0.2069 0.1843 0.1344 
        D573  3 0.0497 0.0279 0.1635 0.7300 0.0289 
        D574  3 0.1772 0.5944 0.0648 0.0736 0.0900 
        D575  3 0.1526 0.2748 0.1591 0.1167 0.2967 
        D576  3 0.0682 0.0708 0.0129 0.8192 0.0289 
        D577  3 0.1836 0.0652 0.6300 0.0369 0.0843 
        D578  3 0.1238 0.0218 0.0225 0.0367 0.7952 
        D579  3 0.1266 0.2462 0.3091 0.2091 0.1089 
        D660  3 0.2443 0.0426 0.0382 0.4986 0.1763 
        D661  3 0.2098 0.0368 0.0699 0.6108 0.0728 
        D663  3 0.1280 0.0463 0.0743 0.7192 0.0322 
        D664  3 0.2335 0.2177 0.0358 0.1966 0.3164 
        D665  3 0.6870 0.0298 0.0458 0.0751 0.1624 
        D666  3 0.2023 0.2747 0.1788 0.0758 0.2684 
        D009  4 0.3139 0.0536 0.2921 0.0324 0.3081 
        D057  4 0.0804 0.0663 0.2071 0.3393 0.3069 
        D109  4 0.2565 0.1051 0.0598 0.0363 0.5423 
     D237222  4 0.0707 0.1421 0.0733 0.0381 0.6757 
     D237223  4 0.2728 0.1681 0.0714 0.1336 0.3541 
     D237224  4 0.0924 0.0586 0.4191 0.3613 0.0685 
     D237225  4 0.3760 0.0694 0.3016 0.0522 0.2008 
     D237299  4 0.8569 0.0388 0.0215 0.0464 0.0364 
     D237300  4 0.0961 0.0616 0.0308 0.7815 0.0300 
     D237306  4 0.0918 0.7048 0.0738 0.0377 0.0919 
     D237307  4 0.1634 0.3379 0.3018 0.1212 0.0756 
     D237308  4 0.0607 0.1381 0.0931 0.4683 0.2398 
     D237309  4 0.3352 0.0429 0.3685 0.0705 0.1830 
     D237317  4 0.1006 0.5586 0.2232 0.0412 0.0764 
     D237318  4 0.0813 0.0321 0.0265 0.8430 0.0171 
     D237319  4 0.3627 0.1047 0.1416 0.1233 0.2676 
     D237320  4 0.2471 0.0669 0.1279 0.2511 0.3070 
     D237321  4 0.1004 0.0887 0.0729 0.6804 0.0576 
     D237397  4 0.1624 0.3104 0.0960 0.2454 0.1858 
     D237398  4 0.2153 0.0284 0.1547 0.5577 0.0438 
     D237399  4 0.2094 0.2179 0.2881 0.1624 0.1222 
     D244001  4 0.1262 0.0765 0.0771 0.0882 0.6321 
        D289  4 0.1337 0.2555 0.3640 0.1717 0.0751 
        D290  4 0.5688 0.1070 0.1814 0.0900 0.0527 
        D294  4 0.4606 0.1204 0.2676 0.1066 0.0448 
        D295  4 0.1860 0.1055 0.5296 0.0540 0.1248 
        D301  4 0.0473 0.0758 0.0286 0.0777 0.7707 
        D302  4 0.0993 0.0480 0.7772 0.0319 0.0436 
        D303  4 0.0627 0.7047 0.0706 0.0808 0.0812 
        D304  4 0.4727 0.1838 0.1782 0.1285 0.0368 
        D305  4 0.4932 0.0263 0.1959 0.2103 0.0742 
        D306  4 0.6593 0.1308 0.1097 0.0471 0.0533 
        D307  4 0.0488 0.0662 0.0261 0.0389 0.8201 
        D327  4 0.1779 0.1241 0.5545 0.0985 0.0449 
        D328  4 0.1041 0.6948 0.0799 0.0494 0.0718 
        D329  4 0.2273 0.0988 0.2304 0.2868 0.1566 
        D330  4 0.2652 0.0403 0.4697 0.0363 0.1886 
        D331  4 0.2876 0.1961 0.2347 0.1692 0.1125 
        D333  4 0.1822 0.3049 0.1842 0.1595 0.1692 
        D334  4 0.1111 0.6272 0.1615 0.0374 0.0629 
        D335  4 0.0696 0.0996 0.7374 0.0466 0.0467 
        D370  4 0.1298 0.4816 0.0892 0.0626 0.2368 
        D371  4 0.0354 0.7966 0.0996 0.0405 0.0279 
        D372  4 0.2116 0.0456 0.0252 0.6887 0.0289 
        D373  4 0.0614 0.0374 0.0402 0.1154 0.7456 
        D455  4 0.0548 0.0313 0.0689 0.0472 0.7979 
        D490  4 0.0554 0.0389 0.0389 0.0177 0.8491 
        D497  4 0.0788 0.0437 0.0402 0.0332 0.8041 
        D498  4 0.2708 0.2843 0.1103 0.1526 0.1821 
        D499  4 0.2470 0.2278 0.0809 0.3949 0.0494 
        D514  4 0.2495 0.0441 0.5817 0.0507 0.0740 
        D515  4 0.5821 0.0770 0.0723 0.0477 0.2210 
        D516  4 0.1593 0.1616 0.2471 0.1425 0.2896 
        D517  4 0.1348 0.0297 0.0975 0.0916 0.6464 
        D518  4 0.0934 0.2224 0.2412 0.0940 0.3490 
        D519  4 0.5038 0.0433 0.0924 0.1027 0.2578 
        D560  4 0.5254 0.0333 0.1489 0.1586 0.1338 
        D561  4 0.6094 0.0221 0.1820 0.0613 0.1251 
        D562  4 0.4300 0.1209 0.1838 0.1116 0.1536 
        D563  4 0.2561 0.0339 0.1418 0.4567 0.1115 
        D572  4 0.2341 0.0966 0.4930 0.0740 0.1022 
        D629  4 0.1766 0.0599 0.4889 0.0572 0.2173 
        D630  4 0.3762 0.1527 0.2719 0.0890 0.1101 
        D631  4 0.2038 0.0974 0.2551 0.3671 0.0767 
        D632  4 0.0526 0.0404 0.0870 0.1214 0.6986 
        D646  4 0.2744 0.0461 0.2570 0.0937 0.3287 
        D647  4 0.1209 0.0335 0.6015 0.0797 0.1644 
        D648  4 0.2068 0.6646 0.0483 0.0440 0.0364 
        D649  4 0.0818 0.0392 0.6439 0.0347 0.2005 
        D650  4 0.2177 0.2480 0.3103 0.0771 0.1470 
        D708  4 0.1887 0.5552 0.1074 0.0607 0.0880 
        D709  4 0.5361 0.1959 0.1160 0.0504 0.1016 
        D738  4 0.0590 0.5833 0.1042 0.0318 0.2218 
        D739  4 0.4706 0.1219 0.1142 0.0622 0.2312 
        D740  4 0.4301 0.1355 0.0668 0.1698 0.1979 
        D741  4 0.4988 0.0293 0.1829 0.1703 0.1187 
        D742  4 0.1840 0.1532 0.0947 0.4927 0.0753 
        D743  4 0.1007 0.0557 0.7322 0.0757 0.0355 
        D744  4 0.2209 0.0452 0.5263 0.1350 0.0726 
        D745  4 0.5332 0.0428 0.0571 0.0505 0.3164 
        D814  4 0.4094 0.0435 0.0784 0.3954 0.0733 
        D815  4 0.1608 0.1036 0.5745 0.0748 0.0863 
        D828  4 0.3037 0.4623 0.0279 0.1595 0.0466 
        D845  4 0.0404 0.0929 0.0447 0.7978 0.0241 
        D846  4 0.2143 0.0235 0.4368 0.2275 0.0979 
        D847  4 0.3307 0.1265 0.2394 0.1415 0.1619 
        D848  4 0.0400 0.0387 0.0271 0.1908 0.7034 
        D849  4 0.4539 0.0400 0.0994 0.0530 0.3537 
        D850  4 0.2281 0.1402 0.2853 0.1658 0.1806 
        D856  4 0.6015 0.0867 0.1023 0.0445 0.1649 
        D857  4 0.0379 0.0703 0.0167 0.0644 0.8108 
        D859  4 0.2634 0.1007 0.4039 0.1745 0.0575 
        D860  4 0.0544 0.4041 0.2421 0.2536 0.0457 
        D883  4 0.1329 0.2447 0.3252 0.0508 0.2465 
        D884  4 0.2687 0.2777 0.1669 0.0410 0.2458 
        D885  4 0.4574 0.0463 0.1589 0.2580 0.0795 
        D886  4 0.1730 0.0516 0.3073 0.0676 0.4004 
        D887  4 0.2082 0.1168 0.2058 0.3608 0.1084 
        D889  4 0.5218 0.0726 0.1291 0.2510 0.0255 
        D890  4 0.1340 0.4593 0.1227 0.0885 0.1955 
        D891  4 0.0393 0.0196 0.0209 0.9062 0.0140 
        D899  4 0.0868 0.1400 0.1015 0.6357 0.0359 
        D900  4 0.2673 0.1355 0.3499 0.1190 0.1283 
        D970  4 0.2163 0.0643 0.5039 0.1281 0.0874 
        D971  4 0.1228 0.0967 0.1983 0.4894 0.0928 
        D979  4 0.0928 0.0924 0.7239 0.0544 0.0365 
        D093  5 0.0599 0.7515 0.0621 0.0761 0.0504 
        D154  5 0.3707 0.1375 0.0433 0.4057 0.0429 
        D168  5 0.2359 0.0451 0.0916 0.4046 0.2229 
        D189  5 0.1996 0.4814 0.0531 0.2130 0.0528 
        D190  5 0.0451 0.7925 0.0579 0.0635 0.0410 
     D237220  5 0.3506 0.1264 0.1329 0.0811 0.3090 
     D237221  5 0.1081 0.3659 0.1735 0.2622 0.0904 
     D237274  5 0.0688 0.0348 0.8119 0.0335 0.0510 
     D237275  5 0.1251 0.0544 0.0291 0.7542 0.0372 
     D237276  5 0.2251 0.3204 0.2017 0.0579 0.1949 
     D237277  5 0.0620 0.6193 0.0601 0.2154 0.0433 
     D237278  5 0.1355 0.2409 0.0648 0.3919 0.1669 
     D237279  5 0.2333 0.0278 0.0756 0.0570 0.6064 
     D237280  5 0.0930 0.0924 0.2890 0.0241 0.5015 
     D237281  5 0.0748 0.0265 0.0445 0.8338 0.0204 
     D237351  5 0.1042 0.1255 0.0483 0.0442 0.6778 
     D237352  5 0.1028 0.1197 0.2071 0.0785 0.4920 
     D237353  5 0.0417 0.8273 0.0390 0.0577 0.0342 
     D237359  5 0.4633 0.0849 0.1533 0.1465 0.1519 
     D237361  5 0.0412 0.8498 0.0336 0.0390 0.0363 
     D237362  5 0.1807 0.3825 0.2093 0.1084 0.1190 
     D237363  5 0.6057 0.0823 0.0510 0.2066 0.0544 
     D237364  5 0.4953 0.0346 0.1490 0.2077 0.1136 
     D237376  5 0.1378 0.7403 0.0204 0.0708 0.0307 
     D237377  5 0.0809 0.1296 0.3541 0.0670 0.3684 
     D237378  5 0.0611 0.7178 0.0374 0.1372 0.0465 
     D237379  5 0.2465 0.5657 0.0643 0.0743 0.0493 
     D237380  5 0.0610 0.1495 0.0448 0.0193 0.7254 
     D237381  5 0.0704 0.1363 0.0903 0.0584 0.6447 
     D237391  5 0.0598 0.7125 0.0926 0.0788 0.0562 
     D237392  5 0.1225 0.0630 0.5195 0.1773 0.1177 
     D237393  5 0.0585 0.2219 0.4845 0.0879 0.1472 
     D237394  5 0.0253 0.8835 0.0392 0.0183 0.0337 
     D237395  5 0.3032 0.4222 0.0497 0.1058 0.1191 
     D237396  5 0.0675 0.1074 0.5586 0.0913 0.1752 
     D244016  5 0.2556 0.4130 0.1216 0.1508 0.0590 
     D244018  5 0.0908 0.2199 0.0649 0.4732 0.1512 
     D244019  5 0.3208 0.1582 0.3325 0.1384 0.0501 
        D279  5 0.3483 0.0988 0.0951 0.3709 0.0869 
        D280  5 0.2734 0.2123 0.2310 0.1855 0.0978 
        D281  5 0.1540 0.0778 0.0393 0.7045 0.0246 
        D283  5 0.0633 0.5233 0.3017 0.0737 0.0380 
        D284  5 0.4980 0.0766 0.0839 0.1059 0.2357 
        D285  5 0.1881 0.5244 0.1429 0.0932 0.0513 
        D286  5 0.3049 0.3148 0.1994 0.1000 0.0809 
        D287  5 0.2213 0.6369 0.0274 0.0468 0.0676 
        D288  5 0.1778 0.2057 0.3745 0.1952 0.0469 
        D308  5 0.0523 0.0408 0.0869 0.0276 0.7925 
        D309  5 0.1643 0.0335 0.7079 0.0221 0.0722 
        D310  5 0.0814 0.8386 0.0216 0.0302 0.0281 
        D311  5 0.2962 0.4017 0.1821 0.0745 0.0455 
        D312  5 0.1732 0.4853 0.1986 0.0617 0.0811 
        D313  5 0.0221 0.0285 0.0156 0.0154 0.9185 
        D314  5 0.3791 0.2168 0.0513 0.2468 0.1059 
        D315  5 0.1493 0.3483 0.2946 0.0849 0.1229 
        D317  5 0.0296 0.8503 0.0579 0.0319 0.0303 
        D318  5 0.4248 0.1282 0.1986 0.1322 0.1162 
        D319  5 0.0523 0.8405 0.0314 0.0347 0.0411 
        D320  5 0.0736 0.7447 0.0666 0.0523 0.0628 
        D321  5 0.0465 0.0911 0.0679 0.0800 0.7145 
        D336  5 0.0763 0.8479 0.0306 0.0224 0.0229 
        D337  5 0.0252 0.8851 0.0295 0.0427 0.0176 
        D338  5 0.3473 0.1538 0.2213 0.1757 0.1019 
        D339  5 0.1013 0.6902 0.0634 0.0763 0.0689 
        D347  5 0.2269 0.2431 0.3201 0.1569 0.0530 
        D348  5 0.0403 0.8454 0.0596 0.0295 0.0252 
        D349  5 0.0363 0.0739 0.0334 0.0302 0.8261 
        D350  5 0.2573 0.0487 0.5932 0.0645 0.0362 
        D355  5 0.3193 0.0651 0.1860 0.4063 0.0234 
        D356  5 0.1293 0.3859 0.2951 0.0537 0.1360 
        D357  5 0.4080 0.2731 0.1230 0.1048 0.0911 
        D358  5 0.1207 0.4783 0.1476 0.1024 0.1509 
        D359  5 0.0426 0.4957 0.3870 0.0342 0.0404 
        D360  5 0.1095 0.5294 0.1993 0.0503 0.1114 
        D361  5 0.0375 0.0394 0.0366 0.0276 0.8590 
        D366  5 0.0852 0.0365 0.4467 0.3501 0.0815 
        D367  5 0.1647 0.7024 0.0378 0.0407 0.0544 
        D368  5 0.2400 0.3568 0.1316 0.0527 0.2189 
        D380  5 0.2404 0.0618 0.4764 0.0801 0.1413 
        D381  5 0.1246 0.6269 0.1076 0.0822 0.0587 
        D400  5 0.1680 0.3881 0.1420 0.2351 0.0667 
        D411  5 0.0900 0.0319 0.0219 0.0330 0.8232 
        D412  5 0.2747 0.1606 0.1570 0.2191 0.1886 
        D413  5 0.1171 0.0415 0.0841 0.6971 0.0603 
        D414  5 0.3057 0.0545 0.2306 0.3614 0.0478 
        D420  5 0.4844 0.0940 0.0604 0.1467 0.2145 
        D431  5 0.4799 0.1910 0.0309 0.2002 0.0980 
        D432  5 0.0710 0.4967 0.1007 0.1314 0.2003 
        D433  5 0.0633 0.6484 0.0804 0.1463 0.0616 
        D434  5 0.0732 0.6024 0.1718 0.0624 0.0902 
        D440  5 0.3330 0.0427 0.5435 0.0337 0.0471 
        D447  5 0.2882 0.0406 0.4583 0.0778 0.1352 
        D448  5 0.0790 0.7761 0.0717 0.0513 0.0219 
        D459  5 0.0706 0.0329 0.1035 0.7674 0.0257 
        D460  5 0.0384 0.0862 0.0878 0.0322 0.7554 
        D461  5 0.1464 0.0350 0.7727 0.0222 0.0237 
        D468  5 0.2859 0.4159 0.1232 0.0815 0.0934 
        D469  5 0.1484 0.1346 0.5469 0.0580 0.1120 
        D470  5 0.4294 0.2557 0.1083 0.0523 0.1544 
        D471  5 0.1162 0.6748 0.0760 0.1074 0.0256 
        D472  5 0.0378 0.0278 0.7318 0.1746 0.0280 
        D479  5 0.0679 0.0565 0.0519 0.7732 0.0505 
        D485  5 0.3576 0.3298 0.1192 0.1165 0.0769 
        D486  5 0.3775 0.2984 0.0931 0.0648 0.1661 
        D487  5 0.1415 0.2495 0.0731 0.4805 0.0554 
        D555  5 0.0267 0.7922 0.0450 0.0996 0.0366 
        D556  5 0.2188 0.3036 0.1335 0.2182 0.1259 
        D557  5 0.0315 0.8007 0.0726 0.0646 0.0306 
        D564  5 0.1487 0.4753 0.1553 0.0603 0.1603 
        D594  5 0.2953 0.2490 0.2358 0.1252 0.0947 
        D595  5 0.1398 0.3888 0.2025 0.1645 0.1044 
        D596  5 0.0272 0.8439 0.0358 0.0528 0.0402 
        D597  5 0.0612 0.2662 0.2633 0.3590 0.0502 
        D598  5 0.0828 0.4899 0.1361 0.0736 0.2176 
        D617  5 0.1342 0.0367 0.0308 0.1489 0.6495 
        D618  5 0.0819 0.5033 0.1361 0.1952 0.0835 
        D619  5 0.0728 0.2546 0.2147 0.0619 0.3959 
        D620  5 0.0251 0.0275 0.0580 0.8633 0.0261 
        D628  5 0.1838 0.2581 0.2486 0.0598 0.2497 
        D714  5 0.1441 0.4875 0.0428 0.2774 0.0483 
        D715  5 0.0521 0.6258 0.1452 0.1359 0.0410 
        D716  5 0.3245 0.2799 0.1482 0.2126 0.0348 
        D717  5 0.1257 0.1709 0.4707 0.0652 0.1675 
        D718  5 0.5025 0.2983 0.0321 0.0745 0.0926 
        D769  5 0.1949 0.0579 0.0535 0.1361 0.5576 
        D770  5 0.1846 0.3092 0.0741 0.3839 0.0482 
        D771  5 0.2560 0.1623 0.1095 0.3318 0.1403 
        D772  5 0.1140 0.6019 0.1484 0.0749 0.0608 
        D782  5 0.2285 0.0475 0.0635 0.3086 0.3519 
        D783  5 0.1905 0.2393 0.0755 0.4503 0.0444 
        D784  5 0.1150 0.0966 0.6527 0.0822 0.0534 
        D785  5 0.0614 0.7689 0.0578 0.0276 0.0843 
        D786  5 0.1094 0.0439 0.1971 0.0517 0.5979 
        D821  5 0.0202 0.9140 0.0218 0.0291 0.0148 
        D822  5 0.1674 0.2235 0.4506 0.0910 0.0674 
        D826  5 0.1219 0.4158 0.0850 0.3292 0.0480 
        D827  5 0.2957 0.0985 0.4634 0.0894 0.0530 
        D851  5 0.3459 0.1920 0.1960 0.1293 0.1368 
        D852  5 0.1132 0.2638 0.0898 0.3884 0.1448 
        D853  5 0.2755 0.3826 0.1600 0.1089 0.0730 
        D854  5 0.4586 0.0564 0.1743 0.2198 0.0909 
        D861  5 0.2827 0.2401 0.1026 0.2440 0.1307 
        D862  5 0.1432 0.5229 0.2471 0.0371 0.0497 
        D865  5 0.0403 0.7412 0.0440 0.1007 0.0738 
        D868  5 0.0718 0.0716 0.7526 0.0463 0.0578 
        D869  5 0.0538 0.0712 0.0400 0.0427 0.7923 
        D870  5 0.8124 0.0223 0.0582 0.0499 0.0572 
        D907  5 0.0938 0.7316 0.0404 0.0472 0.0871 
        D908  5 0.0673 0.2731 0.0433 0.5180 0.0982 
        D910  5 0.0769 0.4587 0.1087 0.3240 0.0318 
        D911  5 0.2598 0.0451 0.0830 0.5880 0.0241 
        D934  5 0.2684 0.1698 0.1104 0.4040 0.0475 
        D946  5 0.4076 0.1379 0.0596 0.2892 0.1057 
        D947  5 0.4188 0.0967 0.3203 0.0908 0.0734 
        D948  5 0.0258 0.1040 0.0627 0.0348 0.7727 
        D949  5 0.0366 0.0732 0.0604 0.0257 0.8041 
        D950  5 0.1997 0.0502 0.1020 0.6202 0.0280 
        D951  5 0.2892 0.0847 0.4821 0.0524 0.0916 
        D952  5 0.0553 0.1089 0.7362 0.0563 0.0433 
        D953  5 0.0766 0.5875 0.1838 0.0786 0.0735 
        D954  5 0.0809 0.3074 0.5010 0.0537 0.0570 
        D961  5 0.3484 0.4498 0.0467 0.0708 0.0844 
        D962  5 0.0603 0.7889 0.1033 0.0200 0.0275 
        D963  5 0.1407 0.3210 0.3793 0.1196 0.0394 
        D964  5 0.5270 0.1200 0.0785 0.1494 0.1251 
        D965  5 0.3065 0.1901 0.2242 0.1729 0.1063 
        D966  5 0.1038 0.3548 0.2787 0.2006 0.0622 
        D967  5 0.1299 0.2661 0.1055 0.2914 0.2071 
        D991  5 0.1602 0.2445 0.2433 0.0539 0.2981 
        D502  6 0.7323 0.0439 0.0366 0.1172 0.0700 
        D503  6 0.2546 0.0656 0.0375 0.4096 0.2327 
        D504  6 0.1475 0.1502 0.4968 0.0958 0.1096 
        D505  6 0.1727 0.3803 0.1593 0.1814 0.1062 
        D506  6 0.0377 0.8746 0.0370 0.0220 0.0287 
        D507  6 0.2822 0.1019 0.1468 0.2821 0.1871 
        D508  6 0.4047 0.0787 0.3343 0.1256 0.0567 
        D529  6 0.3037 0.1735 0.1764 0.1081 0.2382 
        D530  6 0.2759 0.4884 0.0333 0.0599 0.1426 
        D531  6 0.3298 0.1630 0.3025 0.1256 0.0791 
        D532  6 0.1763 0.4629 0.1917 0.1073 0.0618 
        D534  6 0.0575 0.0278 0.0615 0.0365 0.8167 
        D535  6 0.0913 0.5199 0.2001 0.0417 0.1469 
        D536  6 0.1546 0.0383 0.0332 0.6456 0.1282 
        D554  6 0.2189 0.5484 0.0606 0.0537 0.1184 
        D587  6 0.0625 0.6959 0.1140 0.0684 0.0591 
        D588  6 0.1524 0.4167 0.2523 0.0667 0.1119 
        D589  6 0.2946 0.1580 0.0646 0.3993 0.0834 
        D590  6 0.0849 0.0404 0.0377 0.7520 0.0851 
        D591  6 0.3252 0.1888 0.0946 0.2367 0.1548 
        D592  6 0.0389 0.0549 0.0492 0.0451 0.8119 
        D593  6 0.3424 0.5296 0.0259 0.0549 0.0471 
        D682  6 0.0853 0.7630 0.0427 0.0435 0.0655 
        D683  6 0.1723 0.1994 0.5033 0.0392 0.0858 
        D684  6 0.3701 0.0252 0.0724 0.2313 0.3009 
        D685  6 0.6358 0.0636 0.0267 0.2039 0.0700 
        D686  6 0.1767 0.6686 0.0531 0.0480 0.0536 
        D724  6 0.3994 0.0430 0.2923 0.1417 0.1237 
        D725  6 0.2970 0.3238 0.0648 0.2297 0.0848 
        D726  6 0.0353 0.8608 0.0448 0.0229 0.0362 
        D727  6 0.1484 0.1140 0.1395 0.4788 0.1193 
        D728  6 0.1338 0.6983 0.0569 0.0322 0.0789 
        D729  6 0.1116 0.0319 0.1200 0.2024 0.5341 
        D730  6 0.2803 0.0581 0.2337 0.2109 0.2170 
        D731  6 0.0401 0.6316 0.0198 0.2862 0.0223 
        D732  6 0.1862 0.1058 0.5285 0.0963 0.0833 
        D733  6 0.2293 0.1851 0.2190 0.1030 0.2636 
     D237251  7 0.2687 0.0911 0.0814 0.5045 0.0543 
     D237252  7 0.4264 0.0488 0.0779 0.1715 0.2753 
     D237253  7 0.3082 0.2068 0.0673 0.3627 0.0550 
     D237254  7 0.1210 0.0227 0.0278 0.0330 0.7954 
     D237255  7 0.0917 0.0581 0.0489 0.7730 0.0283 
     D237256  7 0.3844 0.0695 0.1021 0.4154 0.0286 
     D237257  7 0.7231 0.0437 0.0494 0.0592 0.1245 
     D237282  7 0.0680 0.0317 0.6615 0.0904 0.1484 
     D237283  7 0.2685 0.0237 0.0203 0.0498 0.6376 
     D237284  7 0.0566 0.0320 0.0542 0.0293 0.8280 
     D237285  7 0.3550 0.3528 0.0731 0.1613 0.0577 
     D237286  7 0.2461 0.2467 0.2711 0.1328 0.1033 
     D237287  7 0.2089 0.0772 0.1544 0.4827 0.0769 
     D244006  7 0.0569 0.0236 0.0365 0.0353 0.8476 
     D244007  7 0.1773 0.0610 0.1944 0.4869 0.0804 
     D244008  7 0.3415 0.0657 0.0329 0.0319 0.5280 
     D244009  7 0.2377 0.0922 0.1739 0.0375 0.4587 
     D244010  7 0.7263 0.0466 0.0403 0.0557 0.1310 
     D244011  7 0.3982 0.2588 0.0880 0.1488 0.1061 
     D244012  7 0.5550 0.0499 0.1131 0.1911 0.0909 
     D244013  7 0.1091 0.1569 0.2061 0.4585 0.0694 
     D244014  7 0.2294 0.0811 0.0995 0.2501 0.3399 
     D244015  7 0.4560 0.0485 0.1197 0.0711 0.3048 
     D244125  7 0.1108 0.3216 0.2526 0.2374 0.0776 
     D244126  7 0.3011 0.0177 0.0469 0.0206 0.6137 
     D244130  7 0.2960 0.1140 0.1167 0.1046 0.3688 
     D244131  7 0.1130 0.2798 0.3375 0.0886 0.1811 
     D244132  7 0.0758 0.4016 0.4034 0.0450 0.0743 
        D520  7 0.6196 0.1837 0.0401 0.0377 0.1189 
        D521  7 0.3989 0.1131 0.2373 0.0951 0.1556 
        D522  7 0.0518 0.0681 0.1836 0.0377 0.6587 
        D523  7 0.1473 0.1064 0.0500 0.6504 0.0459 
        D524  7 0.1482 0.2459 0.1151 0.3505 0.1403 
        D525  7 0.1086 0.0478 0.0501 0.2143 0.5792 
        D526  7 0.0782 0.0226 0.0394 0.0334 0.8264 
        D527  7 0.2429 0.1263 0.4088 0.0873 0.1347 
        D528  7 0.9367 0.0162 0.0157 0.0118 0.0195 
        D558  7 0.1642 0.0375 0.4725 0.1013 0.2244 
        D559  7 0.2439 0.0252 0.4990 0.1271 0.1048 
        D640  7 0.1220 0.3619 0.2250 0.1835 0.1076 
        D641  7 0.1716 0.3408 0.0383 0.2143 0.2350 
        D642  7 0.0769 0.0647 0.0615 0.1356 0.6612 
        D644  7 0.1391 0.3168 0.1112 0.1214 0.3115 
        D645  7 0.2797 0.1878 0.1618 0.2383 0.1324 
        D662  7 0.0415 0.1089 0.1304 0.0232 0.6960 
        D687  7 0.4357 0.1226 0.1824 0.1798 0.0795 
        D688  7 0.2102 0.0446 0.4441 0.1067 0.1944 
        D689  7 0.2449 0.2233 0.2662 0.1375 0.1281 
        D700  7 0.9116 0.0192 0.0250 0.0196 0.0246 
        D797  7 0.2112 0.2117 0.2897 0.1752 0.1121 
        D798  7 0.1760 0.0506 0.1120 0.0419 0.6194 
        D799  7 0.3153 0.0411 0.1055 0.3760 0.1621 
        D800  7 0.2499 0.0343 0.4967 0.0857 0.1335 
        D132  8 0.0560 0.0474 0.0504 0.0317 0.8145 
        D133  8 0.0571 0.0242 0.0201 0.8463 0.0523 
        D200  8 0.7103 0.0716 0.0797 0.1018 0.0365 
        D500  8 0.0304 0.0400 0.0314 0.0204 0.8779 
        D614  8 0.1932 0.4521 0.1347 0.0621 0.1580 
        D723  8 0.1574 0.0634 0.3676 0.1328 0.2788 
        D888  8 0.1054 0.0526 0.0613 0.7437 0.0369 
        D901  8 0.7842 0.0706 0.0239 0.0558 0.0655 
        D902  8 0.0930 0.7475 0.0427 0.0611 0.0556 
        D903  8 0.1324 0.1790 0.5944 0.0528 0.0415 
        D904  8 0.1843 0.0926 0.4716 0.0742 0.1774 
        D905  8 0.0630 0.1641 0.0181 0.7367 0.0181 
        D906  8 0.2781 0.0499 0.1288 0.4562 0.0870 
        D937  8 0.0612 0.8302 0.0207 0.0615 0.0264 
        D943  8 0.5374 0.0416 0.1200 0.0865 0.2145 
        D972  8 0.3145 0.0663 0.2717 0.0920 0.2555 
        D973  8 0.0827 0.0753 0.6537 0.0367 0.1516 
        D974  8 0.2929 0.2558 0.1580 0.1447 0.1487 
        D975  8 0.6400 0.1353 0.0747 0.0983 0.0518 
        D976  8 0.4950 0.2109 0.0520 0.1144 0.1277 
        D201  9 0.3736 0.0669 0.1074 0.3553 0.0968 
        D202  9 0.5929 0.0966 0.0451 0.2046 0.0609 
     D237259  9 0.5232 0.0259 0.1394 0.1587 0.1527 
     D237260  9 0.3010 0.0611 0.0282 0.4493 0.1604 
     D237262  9 0.0395 0.0264 0.0334 0.0222 0.8785 
     D237263  9 0.1554 0.0338 0.0974 0.2030 0.5104 
     D237264  9 0.2451 0.1657 0.1110 0.1599 0.3182 
     D237265  9 0.1649 0.0604 0.0293 0.6601 0.0852 
     D237266  9 0.0377 0.0287 0.0683 0.5196 0.3457 
     D237267  9 0.6967 0.1512 0.0266 0.0438 0.0817 
     D237268  9 0.3787 0.0860 0.1286 0.0418 0.3649 
     D237289  9 0.1514 0.3314 0.0314 0.3968 0.0891 
     D237290  9 0.1050 0.0256 0.0364 0.7807 0.0523 
     D237291  9 0.1136 0.0768 0.0359 0.7002 0.0734 
     D237292  9 0.3309 0.0416 0.0313 0.4583 0.1379 
     D237293  9 0.3975 0.1428 0.1389 0.0789 0.2419 
     D237294  9 0.4301 0.0693 0.0319 0.1497 0.3191 
     D237295  9 0.2090 0.2175 0.3086 0.0430 0.2219 
     D237296  9 0.5604 0.1000 0.0735 0.1042 0.1619 
     D237297  9 0.1854 0.5815 0.0822 0.0868 0.0641 
     D237298  9 0.2621 0.0782 0.3315 0.1836 0.1446 
     D237341  9 0.3431 0.0669 0.1619 0.3040 0.1241 
     D237342  9 0.3782 0.0987 0.0525 0.0641 0.4066 
     D237343  9 0.1527 0.0566 0.0818 0.2366 0.4724 
     D237344  9 0.1660 0.4095 0.0753 0.2497 0.0995 
     D237345  9 0.1394 0.0218 0.0440 0.0458 0.7489 
     D237346  9 0.1177 0.1544 0.0485 0.4499 0.2296 
     D237347  9 0.1648 0.4483 0.1150 0.1930 0.0789 
     D237348  9 0.2127 0.1537 0.1081 0.1677 0.3577 
     D237349  9 0.0835 0.0254 0.1669 0.4213 0.3028 
     D244109  9 0.1280 0.0145 0.0849 0.5732 0.1994 
     D244110  9 0.1345 0.0240 0.0530 0.7169 0.0717 
     D244111  9 0.3829 0.0920 0.1619 0.2419 0.1212 
     D244128  9 0.5554 0.0294 0.0334 0.0482 0.3337 
     D244137  9 0.0897 0.0574 0.5811 0.0806 0.1912 
     D244138  9 0.3500 0.1263 0.0463 0.3348 0.1426 
        D580  9 0.6572 0.0699 0.0535 0.0280 0.1914 
        D581  9 0.1596 0.0316 0.0241 0.7193 0.0654 
        D582  9 0.3550 0.0322 0.0262 0.0206 0.5660 
        D583  9 0.0520 0.0302 0.0295 0.7910 0.0974 
        D584  9 0.3025 0.4011 0.0320 0.0709 0.1935 
        D585  9 0.3548 0.0356 0.0517 0.2334 0.3245 
        D586  9 0.0395 0.1244 0.0432 0.7472 0.0457 
        D651  9 0.0828 0.1384 0.4782 0.1800 0.1206 
        D652  9 0.0869 0.0270 0.1714 0.1367 0.5780 
        D653  9 0.2643 0.0922 0.2327 0.3473 0.0634 
        D654  9 0.1014 0.0356 0.3218 0.2763 0.2649 
        D655  9 0.2227 0.2099 0.1473 0.3095 0.1106 
        D656  9 0.0963 0.0523 0.0362 0.0372 0.7780 
        D657  9 0.3058 0.1076 0.1199 0.1335 0.3332 
        D667  9 0.2005 0.4258 0.0730 0.2086 0.0921 
        D668  9 0.1284 0.1198 0.0495 0.1966 0.5057 
        D669  9 0.4035 0.0836 0.0663 0.3469 0.0997 
        D670  9 0.2078 0.0783 0.5415 0.0724 0.1000 
        D671  9 0.1932 0.0663 0.0589 0.5942 0.0874 
        D672  9 0.5086 0.0482 0.0385 0.0731 0.3317 
        D673  9 0.2936 0.2292 0.1510 0.0925 0.2337 
        D692  9 0.3663 0.0433 0.0418 0.2830 0.2656 
        D693  9 0.2856 0.2494 0.1149 0.1078 0.2422 
        D694  9 0.3393 0.0549 0.0297 0.0416 0.5345 
        D695  9 0.0999 0.0556 0.2458 0.0626 0.5360 
        D696  9 0.0362 0.9003 0.0241 0.0233 0.0162 
        D697  9 0.1080 0.4736 0.1098 0.1597 0.1488 
        D698  9 0.1585 0.3334 0.0455 0.3766 0.0860 
        D699  9 0.2488 0.5400 0.0304 0.0980 0.0828 
        D787  9 0.0719 0.0358 0.3234 0.2006 0.3684 
        D788  9 0.3172 0.5211 0.0536 0.0293 0.0787 
        D789  9 0.5389 0.1655 0.0402 0.1128 0.1426 
        D790  9 0.1090 0.1010 0.1205 0.3082 0.3613 
        D791  9 0.2026 0.1450 0.0500 0.5320 0.0703 
        D792  9 0.0576 0.0654 0.2982 0.2014 0.3774 
        D793  9 0.0588 0.5572 0.2050 0.1003 0.0787 
        D794  9 0.0992 0.2961 0.2966 0.1922 0.1159 
        D795  9 0.3748 0.1050 0.0236 0.0660 0.4306 
        D796  9 0.4813 0.0954 0.0439 0.2937 0.0857 
        D142 10 0.3077 0.3771 0.1284 0.1412 0.0455 
        D143 10 0.0451 0.0979 0.0480 0.7424 0.0666 
        D144 10 0.2593 0.2465 0.1881 0.0993 0.2069 
        D145 10 0.1818 0.0523 0.0746 0.6537 0.0376 
        D146 10 0.4320 0.1135 0.0598 0.0445 0.3503 
        D147 10 0.7880 0.0426 0.0749 0.0476 0.0469 
        D148 10 0.7523 0.0907 0.0837 0.0470 0.0264 
        D149 10 0.1566 0.0390 0.0842 0.6651 0.0550 
        D151 10 0.7825 0.0620 0.0300 0.0901 0.0353 
        D152 10 0.0571 0.0197 0.0197 0.8802 0.0233 
        D153 10 0.1597 0.2444 0.4752 0.0361 0.0845 
        D156 10 0.1941 0.0493 0.6412 0.0750 0.0404 
        D157 10 0.1523 0.5235 0.0642 0.0745 0.1856 
        D158 10 0.6601 0.1456 0.0297 0.1290 0.0355 
        D159 10 0.0373 0.0442 0.0447 0.8398 0.0339 
        D160 10 0.0343 0.3587 0.0200 0.5503 0.0368 
        D161 10 0.1759 0.2023 0.3500 0.1418 0.1299 
        D162 10 0.1308 0.1367 0.5048 0.1709 0.0568 
        D169 10 0.0453 0.0327 0.0476 0.0634 0.8110 
        D170 10 0.1014 0.1107 0.1040 0.0390 0.6449 
        D171 10 0.3804 0.4201 0.0953 0.0417 0.0625 
        D172 10 0.2925 0.1161 0.3167 0.1508 0.1239 
