        D174  1 0.0714 0.0403 0.6690 0.0939 0.1254 
        D199  1 0.0592 0.2412 0.2206 0.4093 0.0697 
        D203  1 0.1790 0.2187 0.0625 0.3569 0.1828 
        D204  1 0.0492 0.0265 0.0211 0.8721 0.0311 
     D237366  1 0.2615 0.0885 0.0930 0.1083 0.4487 
     D237367  1 0.1789 0.0528 0.0489 0.5064 0.2129 
     D237368  1 0.0475 0.0756 0.0862 0.1774 0.6134 
     D244101  1 0.0955 0.1559 0.0266 0.7017 0.0204 
     D244102  1 0.3217 0.0944 0.1879 0.1946 0.2014 
     D244103  1 0.4341 0.0394 0.0790 0.3267 0.1208 
     D244104  1 0.0280 0.0606 0.1286 0.7279 0.0549 
     D244105  1 0.2659 0.0318 0.0205 0.1856 0.4962 
     D244106  1 0.1042 0.1677 0.6374 0.0513 0.0394 
     D244107  1 0.0663 0.0706 0.0169 0.1440 0.7023 
     D244108  1 0.0482 0.0358 0.5806 0.1396 0.1958 
     D244113  1 0.0765 0.0328 0.8331 0.0217 0.0359 
     D244114  1 0.4766 0.1767 0.1641 0.1336 0.0490 
     D244115  1 0.1014 0.0512 0.5166 0.1640 0.1668 
     D267365  1 0.0775 0.0758 0.3533 0.4212 0.0722 
        D404  1 0.1796 0.0406 0.7086 0.0341 0.0372 
        D405  1 0.2651 0.1115 0.3655 0.1645 0.0935 
        D406  1 0.0219 0.0172 0.0243 0.0516 0.8850 
        D407  1 0.0573 0.0928 0.0551 0.6273 0.1675 
        D408  1 0.0488 0.0768 0.7827 0.0566 0.0350 
        D409  1 0.6264 0.0421 0.0425 0.2401 0.0489 
        D410  1 0.0290 0.0111 0.0437 0.0686 0.8477 
        D421  1 0.0151 0.0297 0.0304 0.9042 0.0205 
        D422  1 0.0332 0.0274 0.0156 0.0480 0.8757 
        D423  1 0.0214 0.0255 0.0163 0.0637 0.8731 
        D424  1 0.1112 0.0198 0.0317 0.7460 0.0913 
        D425  1 0.1236 0.0372 0.2258 0.5662 0.0473 
        D426  1 0.4427 0.2467 0.0341 0.1968 0.0796 
        D427  1 0.0204 0.6233 0.1693 0.1525 0.0345 
        D428  1 0.0743 0.0483 0.2131 0.4890 0.1751 
        D429  1 0.1202 0.0664 0.3960 0.3685 0.0488 
        D430  1 0.4035 0.1744 0.2297 0.1289 0.0634 
        D491  1 0.0235 0.0182 0.8587 0.0840 0.0157 
        D492  1 0.1221 0.0544 0.2720 0.3489 0.2027 
        D537  1 0.0527 0.0216 0.0450 0.7845 0.0962 
        D538  1 0.3754 0.0954 0.1365 0.1059 0.2868 
        D539  1 0.1563 0.2017 0.4060 0.0586 0.1774 
        D540  1 0.2730 0.0671 0.1671 0.3688 0.1240 
        D541  1 0.0206 0.0189 0.0218 0.9086 0.0301 
        D551  1 0.1838 0.6159 0.0412 0.0966 0.0625 
        D552  1 0.0552 0.0484 0.3280 0.2116 0.3569 
        D553  1 0.0165 0.0176 0.0166 0.9310 0.0182 
        D615  1 0.1181 0.1412 0.1163 0.3919 0.2326 
        D616  1 0.0879 0.1952 0.0918 0.2966 0.3284 
        D621  1 0.0522 0.0314 0.1335 0.0205 0.7624 
        D622  1 0.0564 0.0209 0.0385 0.0554 0.8287 
        D623  1 0.1505 0.2353 0.4967 0.0597 0.0578 
        D624  1 0.0333 0.0224 0.8701 0.0402 0.0340 
        D625  1 0.0830 0.0193 0.0812 0.7167 0.0998 
        D626  1 0.1067 0.0498 0.5314 0.1017 0.2104 
        D627  1 0.5259 0.1169 0.0546 0.2526 0.0500 
        D690  1 0.0252 0.0124 0.0708 0.8286 0.0630 
        D691  1 0.0501 0.0240 0.0334 0.1040 0.7885 
        D710  1 0.1312 0.0454 0.2271 0.4665 0.1299 
        D711  1 0.0648 0.0220 0.0349 0.8030 0.0753 
        D712  1 0.0473 0.0407 0.8358 0.0289 0.0473 
        D713  1 0.1737 0.0209 0.4430 0.2493 0.1131 
        D746  1 0.0220 0.0176 0.0217 0.0500 0.8887 
        D747  1 0.0161 0.0185 0.0162 0.9260 0.0232 
        D748  1 0.1674 0.0227 0.0567 0.4302 0.3229 
        D749  1 0.1508 0.0707 0.1468 0.0377 0.5941 
        D750  1 0.0356 0.0237 0.6557 0.2011 0.0838 
        D763  1 0.1904 0.2727 0.0521 0.3544 0.1304 
        D764  1 0.0427 0.0260 0.2649 0.5203 0.1462 
        D765  1 0.1065 0.0247 0.1941 0.0444 0.6303 
        D766  1 0.0662 0.0216 0.0735 0.2850 0.5537 
        D767  1 0.4603 0.0735 0.0485 0.2169 0.2008 
        D768  1 0.0181 0.0212 0.0133 0.9226 0.0248 
        D811  1 0.1920 0.0316 0.6478 0.0517 0.0768 
        D816  1 0.0246 0.0139 0.0548 0.8806 0.0261 
        D825  1 0.1096 0.0249 0.5445 0.1668 0.1543 
        D866  1 0.0816 0.4389 0.3431 0.0689 0.0675 
        D867  1 0.0576 0.0381 0.0359 0.0332 0.8352 
        D871  1 0.6922 0.0337 0.0421 0.2013 0.0307 
        D872  1 0.1251 0.0484 0.0611 0.5437 0.2217 
        D873  1 0.0183 0.0123 0.0202 0.0101 0.9390 
        D874  1 0.2379 0.0600 0.2608 0.4174 0.0238 
        D875  1 0.7071 0.0180 0.0253 0.1658 0.0837 
        D876  1 0.0725 0.0310 0.1396 0.6582 0.0987 
        D877  1 0.2560 0.0362 0.6022 0.0811 0.0245 
        D892  1 0.1930 0.0218 0.1910 0.4546 0.1397 
        D893  1 0.1137 0.0623 0.0349 0.6891 0.0999 
        D894  1 0.1277 0.0591 0.1367 0.6172 0.0594 
        D915  1 0.0626 0.0363 0.0582 0.7145 0.1284 
        D916  1 0.0296 0.0247 0.0283 0.8802 0.0372 
        D917  1 0.1150 0.1088 0.4688 0.2663 0.0412 
        D925  1 0.0223 0.0187 0.0814 0.0915 0.7861 
        D926  1 0.1274 0.0382 0.1716 0.5902 0.0725 
        D927  1 0.0971 0.2677 0.0781 0.5184 0.0387 
        D928  1 0.0218 0.0169 0.8447 0.0936 0.0231 
        D929  1 0.6188 0.0342 0.1757 0.0845 0.0870 
        D936  1 0.0825 0.0792 0.0493 0.7591 0.0299 
        D938  1 0.0210 0.0149 0.0290 0.0380 0.8972 
        D956  1 0.1111 0.0414 0.7905 0.0264 0.0306 
        D957  1 0.1216 0.0290 0.0625 0.3538 0.4330 
        D958  1 0.0653 0.0213 0.1369 0.5004 0.2760 
        D959  1 0.0413 0.0589 0.0311 0.6992 0.1695 
        D960  1 0.0235 0.0179 0.0454 0.0194 0.8939 
        D989  1 0.0564 0.1694 0.6674 0.0695 0.0373 
        D990  1 0.0200 0.0439 0.0328 0.0169 0.8865 
        D023  2 0.0240 0.0296 0.0189 0.1634 0.7641 
        D130  2 0.0440 0.0327 0.0192 0.0864 0.8177 
        D131  2 0.3471 0.0578 0.0471 0.4842 0.0638 
        D163  2 0.0360 0.0254 0.0315 0.0755 0.8316 
        D164  2 0.0134 0.4352 0.0121 0.0188 0.5205 
        D165  2 0.0295 0.0248 0.0184 0.0762 0.8511 
        D166  2 0.7906 0.0440 0.0332 0.0683 0.0639 
        D167  2 0.0180 0.9132 0.0368 0.0143 0.0177 
        D192  2 0.0149 0.9389 0.0191 0.0120 0.0151 
        D193  2 0.2353 0.0527 0.6059 0.0379 0.0681 
        D206  2 0.1327 0.3187 0.0630 0.3501 0.1354 
        D207  2 0.1485 0.7176 0.0297 0.0804 0.0238 
        D208  2 0.0883 0.3579 0.4058 0.0762 0.0717 
        D209  2 0.2144 0.5372 0.0514 0.0924 0.1047 
        D210  2 0.0357 0.2677 0.5579 0.1024 0.0363 
     D229599  2 0.3242 0.1366 0.1434 0.2731 0.1228 
     D229600  2 0.0416 0.3022 0.0220 0.0401 0.5942 
     D237227  2 0.0502 0.0893 0.5952 0.0529 0.2124 
     D237228  2 0.0766 0.0928 0.3507 0.0208 0.4591 
     D237258  2 0.1092 0.3174 0.1853 0.1093 0.2787 
     D237310  2 0.2587 0.0698 0.0817 0.0181 0.5717 
     D237311  2 0.0808 0.1368 0.0410 0.0222 0.7192 
     D237312  2 0.4884 0.0293 0.1430 0.0525 0.2868 
     D237313  2 0.1408 0.0528 0.2831 0.3353 0.1881 
     D237322  2 0.3876 0.3207 0.1445 0.0514 0.0958 
     D237323  2 0.0690 0.0400 0.1768 0.0215 0.6927 
     D237324  2 0.0939 0.2934 0.0208 0.0698 0.5222 
     D237325  2 0.1587 0.0766 0.1748 0.0785 0.5114 
     D237326  2 0.0437 0.0247 0.0707 0.1340 0.7269 
     D237327  2 0.2052 0.5329 0.0744 0.1200 0.0674 
     D237337  2 0.0814 0.0198 0.0855 0.0514 0.7620 
     D237338  2 0.2178 0.1597 0.1753 0.1012 0.3460 
     D237339  2 0.3137 0.3076 0.0324 0.3120 0.0343 
     D237340  2 0.1087 0.2207 0.2586 0.0311 0.3809 
     D237389  2 0.1630 0.0809 0.0362 0.0325 0.6873 
     D237390  2 0.3618 0.0357 0.1552 0.1164 0.3308 
     D244017  2 0.1125 0.3131 0.4704 0.0435 0.0606 
     D244112  2 0.0612 0.8321 0.0218 0.0136 0.0712 
     D244118  2 0.0306 0.4731 0.0233 0.0173 0.4557 
     D244119  2 0.0191 0.4121 0.5070 0.0233 0.0386 
     D244120  2 0.2241 0.5647 0.1552 0.0159 0.0400 
     D244122  2 0.0689 0.7724 0.0700 0.0292 0.0596 
        D291  2 0.2098 0.5216 0.0538 0.1097 0.1051 
        D292  2 0.0678 0.4863 0.1517 0.2486 0.0456 
        D293  2 0.0702 0.5285 0.0102 0.3799 0.0112 
        D322  2 0.0866 0.3873 0.0178 0.4719 0.0364 
        D323  2 0.2576 0.2061 0.1612 0.2989 0.0762 
        D324  2 0.0862 0.2433 0.1080 0.3793 0.1832 
        D325  2 0.0341 0.8656 0.0117 0.0741 0.0145 
        D326  2 0.0136 0.0236 0.0283 0.9240 0.0105 
        D340  2 0.0131 0.9401 0.0130 0.0186 0.0152 
        D341  2 0.0467 0.8549 0.0315 0.0370 0.0300 
        D342  2 0.0878 0.7213 0.0263 0.0369 0.1278 
        D343  2 0.0134 0.9492 0.0085 0.0195 0.0094 
        D344  2 0.4969 0.0378 0.0737 0.3491 0.0425 
        D345  2 0.0963 0.0591 0.0848 0.4739 0.2858 
        D346  2 0.0740 0.1166 0.6592 0.1112 0.0391 
        D351  2 0.3242 0.0797 0.0260 0.5019 0.0682 
        D352  2 0.5880 0.1169 0.1434 0.0863 0.0655 
        D353  2 0.4009 0.0520 0.0274 0.4937 0.0260 
        D354  2 0.2820 0.0280 0.3344 0.2615 0.0941 
        D362  2 0.0337 0.0346 0.0670 0.7819 0.0828 
        D363  2 0.0292 0.0244 0.1140 0.7899 0.0425 
        D364  2 0.1492 0.0396 0.1759 0.5500 0.0854 
        D365  2 0.0136 0.9197 0.0166 0.0404 0.0097 
        D369  2 0.0668 0.2974 0.1940 0.3339 0.1078 
        D374  2 0.0327 0.0164 0.9166 0.0158 0.0185 
        D375  2 0.7273 0.0321 0.0878 0.1049 0.0480 
        D376  2 0.0472 0.0334 0.8788 0.0168 0.0238 
        D377  2 0.2502 0.1254 0.3228 0.1072 0.1944 
        D378  2 0.1083 0.1978 0.0280 0.6023 0.0636 
        D379  2 0.0462 0.0219 0.0346 0.8758 0.0215 
        D384  2 0.0180 0.0162 0.0338 0.9174 0.0146 
        D385  2 0.0330 0.8874 0.0377 0.0211 0.0208 
        D386  2 0.2489 0.0707 0.0383 0.5595 0.0825 
        D391  2 0.0356 0.8717 0.0183 0.0559 0.0185 
        D392  2 0.0441 0.7522 0.0601 0.0586 0.0850 
        D393  2 0.0645 0.1551 0.0266 0.7059 0.0478 
        D394  2 0.2328 0.0931 0.0892 0.1551 0.4299 
        D395  2 0.4292 0.4322 0.0358 0.0761 0.0267 
        D401  2 0.0327 0.0280 0.0423 0.0246 0.8724 
        D402  2 0.0223 0.9119 0.0163 0.0278 0.0217 
        D403  2 0.2655 0.0460 0.0447 0.5572 0.0866 
        D415  2 0.1484 0.0173 0.0149 0.7546 0.0648 
        D435  2 0.0304 0.2069 0.0158 0.6977 0.0493 
        D436  2 0.3792 0.0475 0.1400 0.3791 0.0542 
        D438  2 0.0146 0.9300 0.0231 0.0167 0.0155 
        D439  2 0.4155 0.1578 0.0396 0.2754 0.1117 
        D449  2 0.0905 0.6937 0.0275 0.1565 0.0318 
        D450  2 0.3968 0.0323 0.3392 0.1754 0.0563 
        D456  2 0.0247 0.0124 0.0206 0.9251 0.0173 
        D462  2 0.0302 0.8881 0.0131 0.0512 0.0173 
        D463  2 0.0249 0.0123 0.0307 0.9190 0.0131 
        D464  2 0.5391 0.0814 0.0499 0.3015 0.0282 
        D465  2 0.0808 0.3182 0.0373 0.4617 0.1019 
        D473  2 0.0877 0.0516 0.7066 0.0449 0.1091 
        D474  2 0.0379 0.1593 0.0830 0.6280 0.0918 
        D476  2 0.1395 0.1157 0.0221 0.0809 0.6419 
        D477  2 0.1364 0.0608 0.1453 0.6054 0.0520 
        D478  2 0.3698 0.0731 0.2996 0.1202 0.1373 
        D480  2 0.0825 0.1846 0.1129 0.5892 0.0308 
        D481  2 0.1383 0.0947 0.1714 0.4168 0.1789 
        D482  2 0.3269 0.1896 0.2860 0.0606 0.1369 
        D483  2 0.0170 0.9011 0.0367 0.0174 0.0279 
        D484  2 0.6479 0.1226 0.1303 0.0677 0.0316 
        D510  2 0.0417 0.0481 0.8691 0.0227 0.0185 
        D511  2 0.1609 0.1287 0.0230 0.6215 0.0660 
        D512  2 0.1738 0.1353 0.0260 0.0492 0.6157 
        D513  2 0.0727 0.6214 0.0687 0.1954 0.0419 
        D635  2 0.0582 0.0440 0.0370 0.5909 0.2699 
        D636  2 0.0151 0.0138 0.0175 0.0283 0.9252 
        D637  2 0.3726 0.2997 0.1689 0.0893 0.0695 
        D658  2 0.1479 0.6031 0.1474 0.0361 0.0654 
        D659  2 0.0303 0.0348 0.0324 0.8672 0.0353 
        D677  2 0.1829 0.1369 0.0481 0.4414 0.1907 
        D678  2 0.1191 0.7496 0.0362 0.0290 0.0661 
        D679  2 0.0927 0.1396 0.0759 0.6435 0.0483 
        D719  2 0.0402 0.2773 0.3201 0.3390 0.0233 
        D720  2 0.0296 0.0497 0.0826 0.7951 0.0431 
        D721  2 0.0392 0.1261 0.0423 0.1599 0.6326 
        D722  2 0.0491 0.0448 0.8431 0.0284 0.0346 
        D734  2 0.2175 0.2491 0.3896 0.1196 0.0243 
        D735  2 0.1522 0.1087 0.1306 0.4781 0.1303 
        D736  2 0.0535 0.2027 0.5264 0.1451 0.0723 
        D737  2 0.1200 0.6598 0.0725 0.0398 0.1078 
        D807  2 0.0902 0.1629 0.3643 0.3077 0.0749 
        D808  2 0.4284 0.1981 0.0316 0.1378 0.2042 
        D817  2 0.1197 0.0423 0.1412 0.6345 0.0622 
        D818  2 0.3611 0.3789 0.0340 0.1763 0.0497 
        D819  2 0.2522 0.0569 0.0847 0.4097 0.1965 
        D820  2 0.0333 0.0258 0.0155 0.9150 0.0105 
        D895  2 0.0745 0.0562 0.0595 0.6324 0.1774 
        D896  2 0.0291 0.0162 0.0429 0.0198 0.8920 
        D897  2 0.0995 0.7774 0.0429 0.0423 0.0379 
        D898  2 0.5722 0.0824 0.1520 0.1006 0.0928 
        D918  2 0.4001 0.1654 0.0893 0.0999 0.2453 
        D919  2 0.3050 0.2223 0.0288 0.4042 0.0397 
        D920  2 0.0365 0.0265 0.0316 0.0210 0.8845 
        D923  2 0.0818 0.0259 0.0222 0.8377 0.0324 
        D930  2 0.2634 0.0755 0.2667 0.3168 0.0775 
        D931  2 0.1332 0.1782 0.1039 0.5373 0.0474 
        D968  2 0.0232 0.9275 0.0118 0.0253 0.0123 
        D969  2 0.1086 0.3917 0.0700 0.3737 0.0560 
        D977  2 0.1174 0.7601 0.0255 0.0629 0.0342 
        D978  2 0.3721 0.4665 0.0777 0.0575 0.0263 
        D211  3 0.3734 0.0483 0.0370 0.1219 0.4194 
     D229639  3 0.0490 0.6694 0.1838 0.0625 0.0352 
     D237212  3 0.2993 0.2546 0.0643 0.2477 0.1342 
     D237213  3 0.3388 0.0705 0.0485 0.2308 0.3114 
     D237214  3 0.2890 0.0212 0.0449 0.0962 0.5487 
     D237215  3 0.0227 0.8060 0.1283 0.0148 0.0282 
     D237216  3 0.5107 0.1178 0.0615 0.0852 0.2247 
     D237217  3 0.1791 0.0799 0.0235 0.2248 0.4926 
     D237218  3 0.2592 0.3248 0.0870 0.2301 0.0989 
     D237219  3 0.1001 0.1033 0.2678 0.0692 0.4596 
     D237382  3 0.4485 0.0667 0.1738 0.1773 0.1337 
     D244127  3 0.1120 0.1275 0.0309 0.0399 0.6897 
     D244129  3 0.2670 0.1233 0.0746 0.3036 0.2315 
     D244133  3 0.1007 0.2596 0.3599 0.1127 0.1671 
     D244134  3 0.0292 0.3451 0.4485 0.0497 0.1276 
     D244135  3 0.0656 0.0783 0.0265 0.0772 0.7524 
     D244136  3 0.0766 0.1065 0.5082 0.2313 0.0774 
        D416  3 0.1874 0.3068 0.0583 0.3161 0.1315 
        D417  3 0.0931 0.0188 0.0324 0.8168 0.0388 
        D419  3 0.1142 0.1983 0.1681 0.2562 0.2632 
        D565  3 0.0177 0.0159 0.8849 0.0580 0.0234 
        D566  3 0.0348 0.3746 0.4997 0.0595 0.0314 
        D567  3 0.0529 0.0279 0.0427 0.7615 0.1151 
        D568  3 0.1576 0.1933 0.0296 0.3884 0.2312 
        D569  3 0.5059 0.2031 0.0693 0.1143 0.1075 
        D573  3 0.0533 0.7102 0.0244 0.1801 0.0319 
        D574  3 0.1320 0.0647 0.6851 0.0473 0.0710 
        D575  3 0.0798 0.1244 0.3625 0.1991 0.2342 
        D576  3 0.0538 0.8577 0.0549 0.0088 0.0249 
        D577  3 0.1631 0.0411 0.1043 0.6102 0.0813 
        D578  3 0.0998 0.0243 0.0159 0.0208 0.8392 
        D579  3 0.0977 0.1786 0.2813 0.3432 0.0992 
        D660  3 0.2295 0.5900 0.0409 0.0305 0.1091 
        D661  3 0.1702 0.6976 0.0448 0.0390 0.0484 
        D663  3 0.1237 0.7657 0.0253 0.0665 0.0188 
        D664  3 0.1565 0.1888 0.2636 0.0332 0.3579 
        D665  3 0.6882 0.0664 0.0194 0.0291 0.1968 
        D666  3 0.1234 0.0655 0.3603 0.1451 0.3057 
        D009  4 0.3786 0.0294 0.0502 0.2041 0.3377 
        D057  4 0.1248 0.3464 0.0655 0.1230 0.3404 
        D109  4 0.2144 0.0288 0.1021 0.0654 0.5894 
     D237222  4 0.0703 0.0416 0.1106 0.0496 0.7278 
     D237223  4 0.2466 0.1253 0.1598 0.1223 0.3460 
     D237224  4 0.1646 0.3670 0.0896 0.3129 0.0658 
     D237225  4 0.4162 0.0539 0.0726 0.2808 0.1764 
     D237299  4 0.7902 0.0480 0.0452 0.0305 0.0860 
     D237300  4 0.0484 0.8082 0.0972 0.0202 0.0260 
     D237306  4 0.1093 0.0425 0.6752 0.0937 0.0793 
     D237307  4 0.1000 0.1157 0.3618 0.3628 0.0597 
     D237308  4 0.0623 0.5693 0.1116 0.0810 0.1757 
     D237309  4 0.3163 0.0737 0.0508 0.3411 0.2179 
     D237317  4 0.0789 0.0294 0.6673 0.1813 0.0431 
     D237318  4 0.0304 0.8943 0.0328 0.0220 0.0204 
     D237319  4 0.3702 0.0860 0.0923 0.2025 0.2491 
     D237320  4 0.1741 0.2384 0.0607 0.1872 0.3395 
     D237321  4 0.0642 0.7163 0.1047 0.0427 0.0722 
     D237397  4 0.1237 0.2393 0.3293 0.1152 0.1925 
     D237398  4 0.1806 0.5579 0.0357 0.1707 0.0552 
     D237399  4 0.2266 0.1787 0.2674 0.2160 0.1113 
     D244001  4 0.0710 0.0907 0.0505 0.0641 0.7238 
        D289  4 0.1872 0.2096 0.3060 0.2402 0.0570 
        D290  4 0.7405 0.0446 0.0477 0.1178 0.0494 
        D294  4 0.5895 0.1042 0.0857 0.1856 0.0350 
        D295  4 0.2690 0.0443 0.0901 0.4871 0.1095 
        D301  4 0.0534 0.0777 0.0488 0.0200 0.8001 
        D302  4 0.2812 0.0216 0.0313 0.6298 0.0360 
        D303  4 0.0586 0.0676 0.7436 0.0452 0.0850 
        D304  4 0.5892 0.1457 0.1114 0.1139 0.0397 
        D305  4 0.7204 0.1441 0.0212 0.0693 0.0449 
        D306  4 0.8076 0.0211 0.0614 0.0721 0.0378 
        D307  4 0.0310 0.0382 0.0673 0.0160 0.8476 
        D327  4 0.0883 0.0616 0.1091 0.6982 0.0428 
        D328  4 0.3033 0.0495 0.5387 0.0523 0.0562 
        D329  4 0.3389 0.2618 0.0897 0.1537 0.1560 
        D330  4 0.3350 0.0345 0.0198 0.4466 0.1640 
        D331  4 0.2356 0.1653 0.2250 0.2076 0.1665 
        D333  4 0.2330 0.1408 0.2723 0.1424 0.2115 
        D334  4 0.1249 0.0360 0.6276 0.1340 0.0775 
        D335  4 0.1224 0.0447 0.0523 0.7331 0.0475 
        D370  4 0.1644 0.0532 0.4189 0.0905 0.2730 
        D371  4 0.0199 0.0386 0.8277 0.0931 0.0207 
        D372  4 0.1900 0.6869 0.0737 0.0151 0.0343 
        D373  4 0.0348 0.1179 0.0372 0.0368 0.7733 
        D455  4 0.0473 0.0303 0.0241 0.0461 0.8522 
        D490  4 0.0307 0.0141 0.0225 0.0211 0.9116 
        D497  4 0.0889 0.0278 0.0372 0.0272 0.8191 
        D498  4 0.2685 0.1257 0.2805 0.1264 0.1988 
        D499  4 0.2819 0.4613 0.1716 0.0423 0.0429 
        D514  4 0.3696 0.0432 0.0338 0.5130 0.0405 
        D515  4 0.5727 0.0350 0.0462 0.1221 0.2241 
        D516  4 0.1095 0.1271 0.1400 0.3034 0.3201 
        D517  4 0.0901 0.0886 0.0226 0.0659 0.7328 
        D518  4 0.1945 0.1306 0.1632 0.1872 0.3245 
        D519  4 0.3195 0.1117 0.0362 0.1603 0.3723 
        D560  4 0.4442 0.1785 0.0277 0.1819 0.1678 
        D561  4 0.6004 0.0423 0.0156 0.2425 0.0992 
        D562  4 0.5212 0.1322 0.1252 0.1003 0.1211 
        D563  4 0.2877 0.4900 0.0296 0.0986 0.0942 
        D572  4 0.4659 0.0615 0.0723 0.3024 0.0978 
        D629  4 0.1246 0.0598 0.0789 0.5339 0.2029 
        D630  4 0.4316 0.0867 0.1319 0.2448 0.1050 
        D631  4 0.3426 0.3747 0.0751 0.1425 0.0651 
        D632  4 0.0528 0.1033 0.0224 0.0531 0.7684 
        D646  4 0.1350 0.1028 0.0388 0.4552 0.2682 
        D647  4 0.1885 0.0591 0.0209 0.6216 0.1099 
        D648  4 0.4678 0.0364 0.4279 0.0322 0.0357 
        D649  4 0.0897 0.0244 0.0386 0.5915 0.2558 
        D650  4 0.2216 0.0786 0.2188 0.3149 0.1661 
        D708  4 0.2311 0.0540 0.5586 0.0831 0.0732 
        D709  4 0.7744 0.0339 0.0616 0.0670 0.0632 
        D738  4 0.0668 0.0328 0.5284 0.1709 0.2010 
        D739  4 0.5691 0.0802 0.0626 0.0695 0.2186 
        D740  4 0.3710 0.1936 0.2026 0.0432 0.1897 
        D741  4 0.3901 0.1540 0.0263 0.3198 0.1097 
        D742  4 0.1613 0.5736 0.1320 0.0714 0.0617 
        D743  4 0.1034 0.0587 0.0525 0.7555 0.0298 
        D744  4 0.3581 0.1596 0.0376 0.3933 0.0515 
        D745  4 0.3929 0.0406 0.0421 0.1045 0.4199 
        D814  4 0.2838 0.5747 0.0267 0.0665 0.0483 
        D815  4 0.3271 0.0587 0.0925 0.4456 0.0761 
        D828  4 0.3608 0.1645 0.4041 0.0218 0.0489 
        D845  4 0.0270 0.8455 0.0817 0.0299 0.0159 
        D846  4 0.3231 0.2515 0.0184 0.3324 0.0747 
        D847  4 0.3553 0.1194 0.1618 0.2052 0.1582 
        D848  4 0.0315 0.2064 0.0247 0.0201 0.7172 
        D849  4 0.5141 0.0387 0.0245 0.1062 0.3165 
        D850  4 0.1054 0.2012 0.1314 0.4048 0.1572 
        D856  4 0.6918 0.0412 0.0537 0.0713 0.1420 
        D857  4 0.0532 0.0352 0.0422 0.0110 0.8584 
        D859  4 0.4638 0.1573 0.0919 0.2362 0.0508 
        D860  4 0.0543 0.2100 0.5276 0.1742 0.0339 
        D883  4 0.1098 0.0522 0.2126 0.3372 0.2882 
        D884  4 0.2973 0.0442 0.2015 0.2250 0.2320 
        D885  4 0.3265 0.2800 0.0601 0.2148 0.1185 
        D886  4 0.2199 0.0821 0.0420 0.2667 0.3893 
        D887  4 0.2589 0.3389 0.1528 0.1513 0.0981 
        D889  4 0.6763 0.2006 0.0403 0.0627 0.0201 
        D890  4 0.1438 0.1065 0.4616 0.1035 0.1847 
        D891  4 0.0181 0.9379 0.0176 0.0143 0.0121 
        D899  4 0.0799 0.6414 0.1703 0.0729 0.0356 
        D900  4 0.3895 0.0806 0.1710 0.2588 0.1001 
        D970  4 0.3561 0.1266 0.1295 0.2943 0.0936 
        D971  4 0.1150 0.5403 0.0754 0.1836 0.0857 
        D979  4 0.1303 0.0651 0.0647 0.7126 0.0273 
        D093  5 0.0671 0.0605 0.7562 0.0627 0.0534 
        D154  5 0.3226 0.4269 0.1558 0.0467 0.0480 
        D168  5 0.1538 0.4189 0.0373 0.1768 0.2132 
        D189  5 0.1636 0.2198 0.5300 0.0489 0.0377 
        D190  5 0.0336 0.0595 0.8353 0.0468 0.0248 
     D237220  5 0.3693 0.0839 0.1298 0.0505 0.3665 
     D237221  5 0.1207 0.3001 0.3797 0.1292 0.0702 
     D237274  5 0.0736 0.0256 0.0248 0.8444 0.0315 
     D237275  5 0.1021 0.8069 0.0427 0.0205 0.0278 
     D237276  5 0.2264 0.0728 0.2853 0.2408 0.1748 
     D237277  5 0.0601 0.2463 0.6083 0.0531 0.0323 
     D237278  5 0.1477 0.3974 0.2294 0.0430 0.1826 
     D237279  5 0.1098 0.0460 0.0304 0.0955 0.7183 
     D237280  5 0.0834 0.0301 0.1295 0.2474 0.5096 
     D237281  5 0.0411 0.8521 0.0284 0.0516 0.0267 
     D237351  5 0.0578 0.0418 0.1447 0.0405 0.7152 
     D237352  5 0.0711 0.0847 0.0975 0.2088 0.5379 
     D237353  5 0.0314 0.0471 0.8589 0.0265 0.0360 
     D237359  5 0.5191 0.1369 0.1144 0.0740 0.1555 
     D237361  5 0.0292 0.0196 0.8937 0.0265 0.0310 
     D237362  5 0.1063 0.0935 0.3525 0.3554 0.0923 
     D237363  5 0.4184 0.3072 0.0955 0.1284 0.0505 
     D237364  5 0.4941 0.1991 0.0256 0.1511 0.1301 
     D237376  5 0.2681 0.0691 0.6168 0.0212 0.0248 
     D237377  5 0.0642 0.0480 0.1272 0.3556 0.4051 
     D237378  5 0.0990 0.1167 0.7220 0.0218 0.0405 
     D237379  5 0.3310 0.0636 0.5076 0.0450 0.0528 
     D237380  5 0.0707 0.0175 0.1514 0.0389 0.7215 
     D237381  5 0.1203 0.0670 0.1113 0.0794 0.6220 
     D237391  5 0.0359 0.0414 0.8406 0.0457 0.0363 
     D237392  5 0.0757 0.0956 0.0535 0.7131 0.0620 
     D237393  5 0.0592 0.0778 0.3060 0.4170 0.1401 
     D237394  5 0.0139 0.0118 0.9330 0.0237 0.0176 
     D237395  5 0.2455 0.1098 0.4910 0.0496 0.1041 
     D237396  5 0.0332 0.0866 0.1168 0.6509 0.1125 
     D244016  5 0.2181 0.2071 0.4197 0.1149 0.0402 
     D244018  5 0.0379 0.5259 0.2281 0.0794 0.1286 
     D244019  5 0.2355 0.1747 0.1833 0.3549 0.0517 
        D279  5 0.2732 0.4353 0.1288 0.0731 0.0897 
        D280  5 0.1775 0.2026 0.3923 0.1558 0.0718 
        D281  5 0.0898 0.7793 0.0778 0.0324 0.0207 
        D283  5 0.0446 0.1090 0.5972 0.1944 0.0548 
        D284  5 0.3858 0.1203 0.0806 0.0959 0.3174 
        D285  5 0.1927 0.0857 0.5502 0.1227 0.0487 
        D286  5 0.4045 0.0804 0.2835 0.1623 0.0693 
        D287  5 0.3330 0.0417 0.5487 0.0246 0.0521 
        D288  5 0.1013 0.2508 0.3382 0.2677 0.0421 
        D308  5 0.0353 0.0219 0.0303 0.0720 0.8406 
        D309  5 0.3202 0.0178 0.0269 0.5802 0.0549 
        D310  5 0.0622 0.0223 0.8814 0.0207 0.0135 
        D311  5 0.3407 0.0820 0.3006 0.2340 0.0427 
        D312  5 0.1667 0.0808 0.4722 0.1846 0.0958 
        D313  5 0.0164 0.0108 0.0236 0.0125 0.9368 
        D314  5 0.4357 0.2254 0.1584 0.0516 0.1289 
        D315  5 0.1149 0.0853 0.4812 0.2025 0.1160 
        D317  5 0.0196 0.0210 0.8936 0.0435 0.0224 
        D318  5 0.3959 0.1530 0.1392 0.2178 0.0940 
        D319  5 0.0217 0.0254 0.8925 0.0316 0.0288 
        D320  5 0.0837 0.0269 0.8014 0.0421 0.0459 
        D321  5 0.0257 0.0623 0.1391 0.0459 0.7270 
        D336  5 0.1558 0.0336 0.7471 0.0394 0.0241 
        D337  5 0.0141 0.0325 0.9101 0.0288 0.0144 
        D338  5 0.3470 0.1547 0.1844 0.1922 0.1218 
        D339  5 0.0544 0.0971 0.7364 0.0387 0.0734 
        D347  5 0.3347 0.1286 0.1905 0.3122 0.0341 
        D348  5 0.0508 0.0401 0.8651 0.0263 0.0176 
        D349  5 0.0309 0.0223 0.0731 0.0285 0.8452 
        D350  5 0.4746 0.0626 0.0340 0.3959 0.0329 
        D355  5 0.2820 0.4171 0.0393 0.2372 0.0244 
        D356  5 0.1330 0.0647 0.4043 0.2814 0.1167 
        D357  5 0.4861 0.0879 0.2927 0.0774 0.0558 
        D358  5 0.1119 0.0908 0.5654 0.1044 0.1274 
        D359  5 0.0618 0.0319 0.5650 0.3122 0.0291 
        D360  5 0.0808 0.0415 0.6262 0.1335 0.1179 
        D361  5 0.0247 0.0177 0.0243 0.0242 0.9091 
        D366  5 0.0296 0.1919 0.0220 0.7003 0.0562 
        D367  5 0.2302 0.0294 0.6529 0.0270 0.0606 
        D368  5 0.1828 0.0526 0.4506 0.1281 0.1860 
        D380  5 0.2509 0.0768 0.0631 0.4797 0.1294 
        D381  5 0.0604 0.0664 0.7412 0.0735 0.0586 
        D400  5 0.2583 0.2101 0.3450 0.1489 0.0377 
        D411  5 0.0780 0.0339 0.0176 0.0230 0.8476 
        D412  5 0.2354 0.2392 0.1888 0.1468 0.1898 
        D413  5 0.0768 0.7666 0.0358 0.0751 0.0458 
        D414  5 0.4995 0.3174 0.0471 0.1061 0.0299 
        D420  5 0.4369 0.1239 0.1408 0.0553 0.2432 
        D431  5 0.4162 0.2403 0.2140 0.0263 0.1032 
        D432  5 0.0576 0.1139 0.5798 0.0671 0.1815 
        D433  5 0.0716 0.1066 0.6957 0.0702 0.0559 
        D434  5 0.0723 0.0716 0.6485 0.1074 0.1002 
        D440  5 0.4960 0.0308 0.0393 0.3831 0.0507 
        D447  5 0.2337 0.0674 0.0283 0.5861 0.0845 
        D448  5 0.1385 0.0579 0.7080 0.0765 0.0191 
        D459  5 0.0513 0.7364 0.0305 0.1616 0.0202 
        D460  5 0.0245 0.0336 0.0736 0.0755 0.7928 
        D461  5 0.2835 0.0175 0.0507 0.6222 0.0260 
        D468  5 0.1991 0.0576 0.3376 0.3051 0.1007 
        D469  5 0.1249 0.0525 0.1355 0.5533 0.1337 
        D470  5 0.4191 0.0559 0.2241 0.1179 0.1830 
        D471  5 0.1062 0.0963 0.7091 0.0710 0.0173 
        D472  5 0.0304 0.1858 0.0239 0.7415 0.0184 
        D479  5 0.0724 0.8186 0.0358 0.0369 0.0363 
        D485  5 0.6106 0.0702 0.1865 0.0614 0.0712 
        D486  5 0.3085 0.0570 0.2425 0.2046 0.1875 
        D487  5 0.2160 0.4234 0.2808 0.0353 0.0444 
        D555  5 0.0142 0.0629 0.8707 0.0290 0.0232 
        D556  5 0.2319 0.1809 0.4170 0.0843 0.0859 
        D557  5 0.0243 0.0472 0.8494 0.0514 0.0278 
        D564  5 0.2389 0.0601 0.4768 0.0671 0.1571 
        D594  5 0.3151 0.1212 0.2117 0.2745 0.0775 
        D595  5 0.1009 0.1433 0.4646 0.1989 0.0923 
        D596  5 0.0205 0.0469 0.8741 0.0228 0.0357 
        D597  5 0.0497 0.3185 0.3951 0.1975 0.0392 
        D598  5 0.0818 0.0902 0.4968 0.1092 0.2219 
        D617  5 0.0950 0.1392 0.0333 0.0419 0.6907 
        D618  5 0.0927 0.1592 0.5711 0.1059 0.0712 
        D619  5 0.0560 0.0646 0.2718 0.2520 0.3556 
        D620  5 0.0148 0.9018 0.0199 0.0410 0.0225 
        D628  5 0.3571 0.0830 0.1968 0.1281 0.2350 
        D714  5 0.1732 0.2865 0.4670 0.0281 0.0451 
        D715  5 0.0399 0.1396 0.6763 0.1098 0.0344 
        D716  5 0.4695 0.2023 0.1633 0.1375 0.0274 
        D717  5 0.1068 0.0585 0.1700 0.5139 0.1508 
        D718  5 0.6082 0.0774 0.1683 0.0262 0.1199 
        D769  5 0.1512 0.1283 0.0409 0.0453 0.6343 
        D770  5 0.2291 0.4143 0.2191 0.0692 0.0683 
        D771  5 0.2788 0.3273 0.1736 0.0718 0.1485 
        D772  5 0.1893 0.1019 0.5146 0.1175 0.0767 
        D782  5 0.1277 0.2586 0.0653 0.0921 0.4564 
        D783  5 0.2239 0.5045 0.1736 0.0571 0.0408 
        D784  5 0.1269 0.0768 0.1166 0.6097 0.0700 
        D785  5 0.0496 0.0277 0.8043 0.0471 0.0714 
        D786  5 0.1050 0.0412 0.0244 0.2405 0.5888 
        D821  5 0.0183 0.0160 0.9402 0.0135 0.0120 
        D822  5 0.1564 0.0692 0.2013 0.5320 0.0411 
        D826  5 0.1173 0.3060 0.4339 0.0886 0.0542 
        D827  5 0.2403 0.0718 0.0553 0.5903 0.0423 
        D851  5 0.3305 0.1072 0.2116 0.1951 0.1555 
        D852  5 0.1233 0.3906 0.2889 0.0516 0.1456 
        D853  5 0.2715 0.1360 0.4028 0.1273 0.0625 
        D854  5 0.4645 0.1753 0.0600 0.2196 0.0806 
        D861  5 0.2889 0.2478 0.2261 0.1354 0.1018 
        D862  5 0.1077 0.0416 0.4852 0.3205 0.0449 
        D865  5 0.0363 0.0607 0.8302 0.0304 0.0425 
        D868  5 0.0610 0.0405 0.0922 0.7576 0.0487 
        D869  5 0.0254 0.0290 0.0497 0.0373 0.8586 
        D870  5 0.6470 0.0554 0.0189 0.1999 0.0789 
        D907  5 0.0806 0.0316 0.7695 0.0353 0.0831 
        D908  5 0.0781 0.4655 0.3610 0.0283 0.0671 
        D910  5 0.0740 0.2556 0.5223 0.1118 0.0363 
        D911  5 0.2421 0.5141 0.0414 0.1860 0.0165 
        D934  5 0.2927 0.4603 0.1217 0.0741 0.0513 
        D946  5 0.4966 0.2514 0.1456 0.0281 0.0784 
        D947  5 0.4601 0.0890 0.1040 0.2625 0.0844 
        D948  5 0.0174 0.0185 0.1377 0.0456 0.7808 
        D949  5 0.0298 0.0186 0.0778 0.0415 0.8324 
        D950  5 0.1581 0.6005 0.0603 0.1570 0.0241 
        D951  5 0.2641 0.0267 0.0593 0.5651 0.0849 
        D952  5 0.0598 0.0438 0.1343 0.7261 0.0360 
        D953  5 0.0440 0.0516 0.7318 0.1154 0.0572 
        D954  5 0.0515 0.0417 0.3595 0.4925 0.0548 
        D961  5 0.4525 0.0872 0.3650 0.0323 0.0630 
        D962  5 0.1284 0.0141 0.7574 0.0761 0.0240 
        D963  5 0.1071 0.0923 0.2563 0.5103 0.0341 
        D964  5 0.4561 0.1658 0.1391 0.0617 0.1773 
        D965  5 0.5217 0.1392 0.1457 0.1233 0.0700 
        D966  5 0.1073 0.1715 0.4712 0.1951 0.0549 
        D967  5 0.0985 0.3595 0.3130 0.0668 0.1622 
        D991  5 0.2642 0.0464 0.2412 0.1554 0.2928 
        D502  6 0.6735 0.1791 0.0240 0.0361 0.0873 
        D503  6 0.1592 0.5507 0.0688 0.0384 0.1829 
        D504  6 0.1329 0.1109 0.1359 0.5064 0.1139 
        D505  6 0.1567 0.1970 0.4275 0.0984 0.1204 
        D506  6 0.0213 0.0196 0.9240 0.0185 0.0166 
        D507  6 0.3539 0.2817 0.0941 0.0854 0.1850 
        D508  6 0.5567 0.0795 0.0462 0.2756 0.0421 
        D529  6 0.2678 0.0885 0.2115 0.1820 0.2501 
        D530  6 0.3138 0.0720 0.4236 0.0271 0.1636 
        D531  6 0.3526 0.0964 0.1742 0.3093 0.0674 
        D532  6 0.1745 0.0973 0.4108 0.2771 0.0403 
        D534  6 0.0590 0.0269 0.0215 0.0581 0.8345 
        D535  6 0.1100 0.0444 0.4746 0.2531 0.1179 
        D536  6 0.1002 0.7427 0.0223 0.0294 0.1055 
        D554  6 0.2581 0.0453 0.5212 0.0615 0.1139 
        D587  6 0.0526 0.0576 0.7548 0.0917 0.0433 
        D588  6 0.0874 0.0455 0.4388 0.3244 0.1038 
        D589  6 0.2914 0.4547 0.1279 0.0519 0.0741 
        D590  6 0.0549 0.7823 0.0445 0.0492 0.0691 
        D591  6 0.1848 0.2721 0.2661 0.1038 0.1731 
        D592  6 0.0233 0.0375 0.0456 0.0442 0.8494 
        D593  6 0.4765 0.0549 0.3779 0.0278 0.0629 
        D682  6 0.0353 0.0259 0.8865 0.0239 0.0284 
        D683  6 0.1081 0.0313 0.2689 0.5395 0.0521 
        D684  6 0.2982 0.2649 0.0196 0.0753 0.3420 
        D685  6 0.6728 0.1528 0.0741 0.0207 0.0795 
        D686  6 0.1944 0.0287 0.7086 0.0427 0.0257 
        D724  6 0.5226 0.0977 0.0426 0.2333 0.1038 
        D725  6 0.3205 0.2863 0.2440 0.0769 0.0722 
        D726  6 0.0359 0.0230 0.8937 0.0210 0.0264 
        D727  6 0.0693 0.3552 0.0824 0.3968 0.0963 
        D728  6 0.1012 0.0237 0.7728 0.0436 0.0587 
        D729  6 0.0297 0.1511 0.0234 0.3219 0.4739 
        D730  6 0.3187 0.2064 0.0602 0.2025 0.2122 
        D731  6 0.0226 0.1322 0.8108 0.0172 0.0171 
        D732  6 0.2802 0.0725 0.0734 0.4888 0.0852 
        D733  6 0.3836 0.0785 0.1665 0.1661 0.2054 
     D237251  7 0.3323 0.4720 0.0877 0.0516 0.0563 
     D237252  7 0.3886 0.2088 0.0367 0.0679 0.2980 
     D237253  7 0.3626 0.3309 0.1999 0.0688 0.0378 
     D237254  7 0.0719 0.0365 0.0248 0.0253 0.8415 
     D237255  7 0.1212 0.7658 0.0559 0.0298 0.0273 
     D237256  7 0.4986 0.3630 0.0461 0.0726 0.0197 
     D237257  7 0.6871 0.0706 0.0378 0.0667 0.1379 
     D237282  7 0.0844 0.0805 0.0230 0.6725 0.1396 
     D237283  7 0.1862 0.0360 0.0251 0.0135 0.7392 
     D237284  7 0.0518 0.0288 0.0234 0.0481 0.8478 
     D237285  7 0.3839 0.2219 0.2729 0.0709 0.0504 
     D237286  7 0.2607 0.1549 0.2343 0.2632 0.0869 
     D237287  7 0.1949 0.4928 0.0822 0.1556 0.0745 
     D244006  7 0.0540 0.0265 0.0234 0.0301 0.8660 
     D244007  7 0.0929 0.5010 0.0488 0.2825 0.0748 
     D244008  7 0.2005 0.0241 0.0684 0.0301 0.6769 
     D244009  7 0.2297 0.0264 0.1360 0.1175 0.4903 
     D244010  7 0.6594 0.0710 0.0522 0.0571 0.1604 
     D244011  7 0.5263 0.1530 0.1940 0.0428 0.0839 
     D244012  7 0.5168 0.2586 0.0459 0.0859 0.0928 
     D244013  7 0.2057 0.3669 0.2003 0.1611 0.0659 
     D244014  7 0.2554 0.2123 0.0759 0.0671 0.3893 
     D244015  7 0.3289 0.0755 0.0460 0.1864 0.3633 
     D244125  7 0.0787 0.2708 0.4009 0.1992 0.0504 
     D244126  7 0.2370 0.0155 0.0128 0.0160 0.7187 
     D244130  7 0.3725 0.1117 0.1011 0.0739 0.3408 
     D244131  7 0.1134 0.0975 0.2835 0.3110 0.1946 
     D244132  7 0.1632 0.0327 0.4428 0.2900 0.0713 
        D520  7 0.5594 0.0312 0.1668 0.0554 0.1872 
        D521  7 0.4826 0.0848 0.0676 0.2163 0.1487 
        D522  7 0.0406 0.0414 0.0732 0.1202 0.7246 
        D523  7 0.1294 0.7022 0.0941 0.0429 0.0314 
        D524  7 0.1381 0.3571 0.2715 0.1019 0.1313 
        D525  7 0.0673 0.2321 0.0430 0.0353 0.6222 
        D526  7 0.0461 0.0324 0.0169 0.0609 0.8438 
        D527  7 0.4069 0.0935 0.1006 0.2439 0.1552 
        D528  7 0.9384 0.0111 0.0113 0.0163 0.0229 
        D558  7 0.3524 0.1077 0.0321 0.2835 0.2242 
        D559  7 0.5255 0.1093 0.0227 0.2337 0.1088 
        D640  7 0.1561 0.1668 0.4457 0.1316 0.0997 
        D641  7 0.2324 0.1942 0.3674 0.0276 0.1784 
        D642  7 0.0765 0.1663 0.0698 0.0615 0.6259 
        D644  7 0.1282 0.1166 0.3286 0.1104 0.3162 
        D645  7 0.2865 0.2336 0.2111 0.1386 0.1301 
        D662  7 0.0313 0.0182 0.1124 0.2080 0.6300 
        D687  7 0.4940 0.1833 0.1326 0.1109 0.0791 
        D688  7 0.3488 0.1314 0.0321 0.3279 0.1597 
        D689  7 0.1126 0.1672 0.3562 0.2541 0.1100 
        D700  7 0.9168 0.0158 0.0154 0.0317 0.0203 
        D797  7 0.3165 0.1554 0.2445 0.1855 0.0981 
        D798  7 0.2008 0.0283 0.0453 0.0739 0.6517 
        D799  7 0.3575 0.3684 0.0461 0.0587 0.1694 
        D800  7 0.2568 0.0978 0.0348 0.5081 0.1024 
        D132  8 0.0329 0.0226 0.0342 0.0334 0.8769 
        D133  8 0.0401 0.8901 0.0185 0.0152 0.0361 
        D200  8 0.9122 0.0239 0.0191 0.0242 0.0205 
        D500  8 0.0235 0.0129 0.0300 0.0261 0.9074 
        D614  8 0.2278 0.0500 0.4391 0.1189 0.1642 
        D723  8 0.1100 0.1045 0.0455 0.5364 0.2037 
        D888  8 0.0929 0.8044 0.0363 0.0396 0.0267 
        D901  8 0.7243 0.0543 0.0720 0.0243 0.1251 
        D902  8 0.0858 0.0431 0.7735 0.0372 0.0603 
        D903  8 0.1721 0.0770 0.1000 0.6158 0.0350 
        D904  8 0.2778 0.0735 0.0952 0.3814 0.1721 
        D905  8 0.0904 0.6952 0.1827 0.0148 0.0169 
        D906  8 0.2657 0.5617 0.0332 0.0724 0.0669 
        D937  8 0.0464 0.0341 0.8781 0.0136 0.0278 
        D943  8 0.5608 0.0828 0.0400 0.1080 0.2083 
        D972  8 0.2302 0.0671 0.0453 0.3819 0.2755 
        D973  8 0.0665 0.0312 0.0379 0.7703 0.0940 
        D974  8 0.2665 0.1385 0.1868 0.2501 0.1582 
        D975  8 0.8133 0.0638 0.0481 0.0484 0.0264 
        D976  8 0.5006 0.1138 0.2088 0.0382 0.1385 
        D201  9 0.4492 0.3648 0.0438 0.0640 0.0783 
        D202  9 0.6544 0.1697 0.0759 0.0233 0.0767 
     D237259  9 0.3796 0.1180 0.0299 0.2333 0.2393 
     D237260  9 0.3480 0.4239 0.0636 0.0164 0.1481 
     D237262  9 0.0349 0.0158 0.0207 0.0204 0.9082 
     D237263  9 0.1636 0.1956 0.0395 0.0800 0.5213 
     D237264  9 0.2302 0.1847 0.1905 0.0943 0.3003 
     D237265  9 0.1409 0.6883 0.0570 0.0283 0.0854 
     D237266  9 0.0193 0.5264 0.0259 0.0526 0.3758 
     D237267  9 0.6754 0.0387 0.1891 0.0373 0.0595 
     D237268  9 0.3642 0.0565 0.0692 0.1403 0.3699 
     D237289  9 0.1214 0.4599 0.3174 0.0276 0.0736 
     D237290  9 0.0616 0.8468 0.0208 0.0253 0.0455 
     D237291  9 0.0934 0.7195 0.0929 0.0371 0.0571 
     D237292  9 0.2749 0.5427 0.0326 0.0424 0.1074 
     D237293  9 0.2906 0.0870 0.2276 0.1435 0.2513 
     D237294  9 0.4521 0.1468 0.0539 0.0251 0.3220 
     D237295  9 0.2306 0.0284 0.1705 0.3223 0.2483 
     D237296  9 0.5233 0.1757 0.1066 0.0806 0.1139 
     D237297  9 0.3814 0.0800 0.4268 0.0449 0.0668 
     D237298  9 0.2756 0.1590 0.0763 0.3068 0.1823 
     D237341  9 0.2568 0.4244 0.0788 0.1344 0.1056 
     D237342  9 0.4564 0.0771 0.0536 0.0378 0.3751 
     D237343  9 0.1625 0.2656 0.0420 0.0771 0.4528 
     D237344  9 0.1053 0.2686 0.4096 0.0674 0.1490 
     D237345  9 0.1170 0.0311 0.0124 0.0372 0.8023 
     D237346  9 0.0756 0.5575 0.1676 0.0284 0.1708 
     D237347  9 0.1143 0.1982 0.5261 0.0832 0.0783 
     D237348  9 0.1453 0.2297 0.1628 0.1302 0.3319 
     D237349  9 0.0465 0.3705 0.0250 0.3059 0.2520 
     D244109  9 0.1442 0.6052 0.0129 0.0969 0.1409 
     D244110  9 0.1050 0.7496 0.0319 0.0616 0.0519 
     D244111  9 0.4629 0.2252 0.0884 0.1375 0.0860 
     D244128  9 0.5367 0.0447 0.0184 0.0275 0.3726 
     D244137  9 0.0705 0.0640 0.0540 0.6379 0.1736 
     D244138  9 0.3893 0.3227 0.1138 0.0405 0.1336 
        D580  9 0.5800 0.0255 0.0593 0.1113 0.2239 
        D581  9 0.1116 0.8056 0.0206 0.0184 0.0437 
        D582  9 0.3000 0.0209 0.0200 0.0215 0.6377 
        D583  9 0.0503 0.8116 0.0157 0.0205 0.1020 
        D584  9 0.2916 0.0633 0.4265 0.0284 0.1903 
        D585  9 0.3501 0.1706 0.0262 0.0356 0.4175 
        D586  9 0.0321 0.8022 0.1019 0.0300 0.0338 
        D651  9 0.0525 0.1731 0.1662 0.5081 0.1002 
        D652  9 0.0620 0.0894 0.0227 0.2155 0.6103 
        D653  9 0.1487 0.4209 0.0967 0.2827 0.0510 
        D654  9 0.0991 0.3215 0.0380 0.2503 0.2910 
        D655  9 0.1375 0.3200 0.3558 0.1202 0.0666 
        D656  9 0.0718 0.0357 0.0420 0.0357 0.8148 
        D657  9 0.4545 0.1086 0.0854 0.0665 0.2850 
        D667  9 0.0722 0.1977 0.5765 0.0938 0.0598 
        D668  9 0.1066 0.1292 0.1321 0.0429 0.5892 
        D669  9 0.3943 0.4004 0.0716 0.0540 0.0797 
        D670  9 0.0766 0.0379 0.0584 0.7756 0.0516 
        D671  9 0.1965 0.6487 0.0555 0.0356 0.0637 
        D672  9 0.4375 0.0952 0.0293 0.0412 0.3968 
        D673  9 0.2835 0.0869 0.2948 0.1015 0.2333 
        D692  9 0.1727 0.3589 0.0302 0.0768 0.3614 
        D693  9 0.1873 0.0911 0.3180 0.1395 0.2640 
        D694  9 0.3448 0.0376 0.0380 0.0205 0.5591 
        D695  9 0.0819 0.0540 0.0927 0.1940 0.5773 
        D696  9 0.0332 0.0260 0.9121 0.0152 0.0135 
        D697  9 0.0579 0.2311 0.4764 0.1023 0.1323 
        D698  9 0.1242 0.4756 0.2809 0.0409 0.0785 
        D699  9 0.1348 0.0799 0.6569 0.0325 0.0959 
        D787  9 0.0481 0.1515 0.0397 0.3955 0.3653 
        D788  9 0.3599 0.0192 0.5200 0.0383 0.0626 
        D789  9 0.5112 0.1669 0.1249 0.0396 0.1573 
        D790  9 0.0489 0.2407 0.1424 0.2291 0.3388 
        D791  9 0.4372 0.3772 0.1191 0.0221 0.0446 
        D792  9 0.0291 0.2328 0.0764 0.3828 0.2788 
        D793  9 0.0272 0.0710 0.6754 0.1742 0.0523 
        D794  9 0.0479 0.1982 0.3705 0.2903 0.0930 
        D795  9 0.3198 0.0441 0.1299 0.0188 0.4874 
        D796  9 0.2550 0.5227 0.1211 0.0459 0.0553 
        D142 10 0.2834 0.1718 0.3194 0.1685 0.0569 
        D143 10 0.0364 0.8112 0.0679 0.0433 0.0412 
        D144 10 0.1874 0.1108 0.3005 0.1863 0.2149 
        D145 10 0.2062 0.6493 0.0587 0.0364 0.0494 
        D146 10 0.4302 0.0330 0.0727 0.0654 0.3987 
        D147 10 0.8364 0.0361 0.0294 0.0517 0.0463 
        D148 10 0.6919 0.0448 0.0431 0.2047 0.0155 
        D149 10 0.0749 0.7951 0.0368 0.0556 0.0377 
        D151 10 0.6665 0.1125 0.0611 0.1078 0.0522 
        D152 10 0.0374 0.9184 0.0133 0.0127 0.0182 
        D153 10 0.2350 0.0353 0.1589 0.4822 0.0887 
        D156 10 0.3979 0.0628 0.0326 0.4725 0.0342 
        D157 10 0.1942 0.0745 0.4903 0.0615 0.1794 
        D158 10 0.7197 0.1073 0.1212 0.0187 0.0331 
        D159 10 0.0265 0.8950 0.0271 0.0314 0.0199 
        D160 10 0.0288 0.5047 0.4298 0.0140 0.0227 
        D161 10 0.1348 0.1599 0.2008 0.4071 0.0973 
        D162 10 0.3173 0.1256 0.1145 0.4097 0.0330 
        D169 10 0.0361 0.0574 0.0264 0.0269 0.8531 
        D170 10 0.1182 0.0307 0.0821 0.0625 0.7064 
        D171 10 0.5768 0.0475 0.2270 0.0800 0.0687 
        D172 10 0.6007 0.0773 0.0624 0.1571 0.1024 
