        D174  1 0.0147 0.0252 0.0922 0.0536 0.3615 0.1114 0.0413 0.0941 0.0966 0.0241 0.0853 
        D199  1 0.0364 0.1636 0.1154 0.0834 0.1146 0.0377 0.1505 0.0320 0.1098 0.1308 0.0257 
        D203  1 0.0334 0.1421 0.0796 0.0485 0.0528 0.1059 0.2209 0.0215 0.1136 0.0916 0.0900 
        D204  1 0.0849 0.0308 0.0229 0.0160 0.0201 0.0172 0.7007 0.0220 0.0290 0.0179 0.0383 
     D237366  1 0.0689 0.0333 0.0553 0.4027 0.0605 0.2183 0.0346 0.0238 0.0481 0.0315 0.0230 
     D237367  1 0.0375 0.0691 0.1281 0.1897 0.0342 0.0942 0.1595 0.0857 0.0989 0.0206 0.0826 
     D237368  1 0.0552 0.0781 0.0691 0.3312 0.0995 0.0272 0.1759 0.0459 0.0403 0.0241 0.0535 
     D244101  1 0.4603 0.0771 0.0686 0.0168 0.0164 0.0316 0.1146 0.0292 0.0463 0.1071 0.0320 
     D244102  1 0.0672 0.0445 0.0907 0.0735 0.0352 0.0569 0.0614 0.0632 0.3140 0.0639 0.1296 
     D244103  1 0.0352 0.0258 0.1911 0.0908 0.0338 0.2408 0.1016 0.1310 0.0647 0.0266 0.0586 
     D244104  1 0.0197 0.0326 0.0256 0.0304 0.0634 0.0250 0.5956 0.1490 0.0131 0.0274 0.0182 
     D244105  1 0.0204 0.0208 0.1227 0.1019 0.0149 0.5084 0.0311 0.0227 0.0479 0.0314 0.0778 
     D244106  1 0.0196 0.0750 0.0520 0.0180 0.4865 0.1183 0.0614 0.0200 0.0871 0.0408 0.0213 
     D244107  1 0.0512 0.0694 0.1258 0.4038 0.0144 0.0396 0.0410 0.0556 0.0174 0.0238 0.1580 
     D244108  1 0.0305 0.0284 0.0532 0.0212 0.2468 0.0469 0.0348 0.0300 0.0942 0.0473 0.3666 
     D244113  1 0.0673 0.0377 0.0555 0.0326 0.3065 0.0153 0.0162 0.1268 0.2829 0.0200 0.0392 
     D244114  1 0.0327 0.0316 0.1473 0.0321 0.0552 0.4610 0.0381 0.0225 0.0726 0.0762 0.0307 
     D244115  1 0.0277 0.0223 0.1475 0.0401 0.2437 0.0422 0.1978 0.0633 0.0480 0.0350 0.1324 
     D267365  1 0.0346 0.0308 0.0823 0.0718 0.1706 0.0374 0.2532 0.0407 0.0537 0.1881 0.0367 
        D404  1 0.0646 0.0325 0.0361 0.0181 0.1783 0.0336 0.0241 0.0440 0.5017 0.0219 0.0452 
        D405  1 0.0456 0.0646 0.0632 0.0271 0.0402 0.0522 0.1026 0.0536 0.4513 0.0372 0.0625 
        D406  1 0.0482 0.0162 0.0381 0.4209 0.0505 0.0403 0.0573 0.0140 0.0344 0.0187 0.2614 
        D407  1 0.0128 0.1074 0.0730 0.1067 0.0256 0.0569 0.4792 0.0661 0.0318 0.0193 0.0210 
        D408  1 0.0348 0.0149 0.0529 0.0181 0.2711 0.0217 0.0589 0.2860 0.0526 0.1483 0.0409 
        D409  1 0.0341 0.0358 0.4072 0.0344 0.0367 0.0663 0.0764 0.1141 0.0382 0.0350 0.1218 
        D410  1 0.0211 0.0097 0.0299 0.0183 0.0250 0.0229 0.0429 0.0367 0.0229 0.0144 0.7563 
        D421  1 0.0099 0.0394 0.0151 0.0126 0.0155 0.0131 0.8468 0.0170 0.0090 0.0130 0.0087 
        D422  1 0.0142 0.0208 0.0406 0.6523 0.0110 0.1084 0.0566 0.0214 0.0191 0.0239 0.0317 
        D423  1 0.0133 0.0482 0.0469 0.0491 0.0171 0.0716 0.0554 0.0309 0.0257 0.0155 0.6264 
        D424  1 0.0178 0.0183 0.0794 0.0605 0.0277 0.0615 0.6396 0.0341 0.0217 0.0130 0.0263 
        D425  1 0.0215 0.0209 0.1301 0.0392 0.0883 0.1039 0.2526 0.0400 0.1754 0.0357 0.0924 
        D426  1 0.0177 0.0269 0.4264 0.0597 0.0239 0.0832 0.0378 0.1138 0.0197 0.1442 0.0467 
        D427  1 0.0129 0.3482 0.0185 0.0280 0.1456 0.0178 0.3548 0.0292 0.0110 0.0212 0.0128 
        D428  1 0.0720 0.0540 0.1109 0.0727 0.1558 0.0362 0.2002 0.0679 0.1179 0.0330 0.0794 
        D429  1 0.0258 0.0247 0.0648 0.0228 0.1153 0.1349 0.4213 0.0256 0.0804 0.0454 0.0390 
        D430  1 0.0208 0.0483 0.1316 0.0364 0.0970 0.1608 0.0854 0.0398 0.2215 0.1162 0.0423 
        D491  1 0.0247 0.0128 0.0357 0.0251 0.5735 0.0221 0.1031 0.0921 0.0392 0.0304 0.0412 
        D492  1 0.0430 0.0502 0.1730 0.0837 0.0981 0.0636 0.2862 0.0329 0.0978 0.0217 0.0498 
        D537  1 0.0786 0.0389 0.0823 0.0713 0.0290 0.1223 0.3097 0.0944 0.0804 0.0156 0.0775 
        D538  1 0.0426 0.0837 0.1261 0.1130 0.0941 0.0356 0.0574 0.0312 0.2283 0.0281 0.1599 
        D539  1 0.0448 0.0317 0.0861 0.0415 0.0965 0.1859 0.0273 0.0702 0.0781 0.2801 0.0578 
        D540  1 0.0229 0.0199 0.1435 0.0594 0.0266 0.0588 0.2211 0.3073 0.0492 0.0487 0.0425 
        D541  1 0.0140 0.0155 0.0127 0.0145 0.0149 0.0156 0.8551 0.0132 0.0131 0.0146 0.0167 
        D551  1 0.0181 0.0579 0.2172 0.0531 0.0333 0.3571 0.0329 0.0413 0.0388 0.1308 0.0194 
        D552  1 0.0872 0.0252 0.0832 0.0682 0.2076 0.0574 0.1058 0.1355 0.0189 0.0408 0.1702 
        D553  1 0.0133 0.0106 0.0144 0.0133 0.0134 0.0133 0.8681 0.0193 0.0087 0.0149 0.0106 
        D615  1 0.0220 0.0475 0.0775 0.0266 0.0520 0.0513 0.4755 0.0525 0.0795 0.0428 0.0727 
        D616  1 0.0230 0.0961 0.1529 0.0601 0.0448 0.0874 0.2989 0.0468 0.0284 0.0611 0.1004 
        D621  1 0.3438 0.0193 0.0369 0.1420 0.0647 0.0368 0.0136 0.0593 0.0404 0.0264 0.2168 
        D622  1 0.0607 0.0207 0.0497 0.2706 0.0382 0.1162 0.0325 0.0804 0.0245 0.0381 0.2684 
        D623  1 0.1623 0.1327 0.0735 0.0221 0.1990 0.0216 0.0220 0.0312 0.1830 0.0526 0.0999 
        D624  1 0.0105 0.0180 0.0831 0.0323 0.6829 0.0337 0.0332 0.0305 0.0311 0.0276 0.0171 
        D625  1 0.0423 0.0165 0.0590 0.0523 0.0477 0.0417 0.5865 0.0429 0.0322 0.0231 0.0557 
        D626  1 0.0224 0.0333 0.0703 0.1020 0.2540 0.1024 0.0475 0.1910 0.0527 0.0396 0.0848 
        D627  1 0.0224 0.0209 0.3745 0.0822 0.0358 0.1053 0.0980 0.0447 0.0244 0.1440 0.0478 
        D690  1 0.0213 0.0088 0.0153 0.0392 0.0395 0.0130 0.7647 0.0281 0.0172 0.0135 0.0395 
        D691  1 0.0235 0.0179 0.0404 0.3945 0.0352 0.2385 0.0441 0.0208 0.0229 0.0319 0.1302 
        D710  1 0.1249 0.0441 0.1199 0.1085 0.1280 0.0229 0.2420 0.0714 0.0417 0.0333 0.0634 
        D711  1 0.0377 0.0196 0.0329 0.0291 0.0225 0.0251 0.7340 0.0111 0.0428 0.0171 0.0280 
        D712  1 0.0447 0.0369 0.0606 0.0942 0.4775 0.0279 0.0354 0.0694 0.0569 0.0675 0.0290 
        D713  1 0.1244 0.0187 0.1383 0.0620 0.0994 0.1047 0.0733 0.0510 0.2318 0.0221 0.0744 
        D746  1 0.0287 0.0346 0.0283 0.4730 0.0362 0.0775 0.0815 0.0419 0.0143 0.0181 0.1658 
        D747  1 0.0248 0.0187 0.0179 0.0146 0.0153 0.0160 0.8381 0.0116 0.0135 0.0166 0.0128 
        D748  1 0.0582 0.0177 0.0696 0.1113 0.0310 0.3314 0.1157 0.0494 0.0382 0.0286 0.1489 
        D749  1 0.0771 0.0329 0.2044 0.1892 0.0939 0.1335 0.0224 0.0291 0.0744 0.0356 0.1075 
        D750  1 0.0316 0.0191 0.0429 0.0306 0.5363 0.0358 0.1534 0.0282 0.0269 0.0262 0.0690 
        D763  1 0.1652 0.1018 0.1339 0.0745 0.0172 0.0901 0.0523 0.1441 0.0409 0.1468 0.0333 
        D764  1 0.0152 0.0150 0.0446 0.0501 0.1974 0.0192 0.5243 0.0316 0.0155 0.0181 0.0688 
        D765  1 0.0124 0.0132 0.1158 0.0669 0.0989 0.0627 0.0252 0.0388 0.0682 0.0275 0.4703 
        D766  1 0.0954 0.0193 0.0459 0.0637 0.0239 0.0831 0.0368 0.1008 0.0322 0.0179 0.4811 
        D767  1 0.1650 0.0875 0.0860 0.0885 0.0255 0.0893 0.0665 0.0237 0.2454 0.0263 0.0963 
        D768  1 0.0157 0.0192 0.0266 0.0196 0.0119 0.0283 0.8061 0.0204 0.0146 0.0151 0.0225 
        D811  1 0.0152 0.0198 0.0501 0.0177 0.0724 0.0235 0.0189 0.2967 0.3355 0.0324 0.1178 
        D816  1 0.0210 0.0150 0.0270 0.0160 0.0172 0.0215 0.8088 0.0134 0.0247 0.0156 0.0197 
        D825  1 0.0227 0.0133 0.1150 0.0371 0.1396 0.0497 0.0951 0.0523 0.1383 0.0284 0.3086 
        D866  1 0.0167 0.0983 0.0837 0.0236 0.1811 0.0424 0.0611 0.0688 0.0430 0.3309 0.0504 
        D867  1 0.0911 0.0357 0.0642 0.6047 0.0269 0.0395 0.0176 0.0287 0.0337 0.0180 0.0399 
        D871  1 0.0314 0.0183 0.3667 0.0313 0.0573 0.1148 0.0845 0.1259 0.0479 0.0422 0.0797 
        D872  1 0.0368 0.0641 0.0645 0.0625 0.0348 0.0290 0.1027 0.0286 0.2418 0.0200 0.3152 
        D873  1 0.0413 0.0274 0.0213 0.0354 0.0141 0.0162 0.0102 0.0719 0.0774 0.0096 0.6752 
        D874  1 0.6890 0.0181 0.0352 0.0115 0.0643 0.0247 0.0463 0.0272 0.0384 0.0306 0.0147 
        D875  1 0.0223 0.0152 0.3935 0.0358 0.0194 0.1746 0.0274 0.0828 0.0417 0.0196 0.1679 
        D876  1 0.1179 0.0216 0.1156 0.0551 0.1124 0.0393 0.3322 0.0452 0.0404 0.0510 0.0694 
        D877  1 0.0584 0.0196 0.0442 0.0103 0.1053 0.0174 0.0285 0.0444 0.6257 0.0237 0.0226 
        D892  1 0.0392 0.0202 0.0743 0.1044 0.1686 0.1996 0.1865 0.0173 0.0946 0.0202 0.0749 
        D893  1 0.0445 0.0278 0.0668 0.0608 0.0180 0.0559 0.5470 0.0484 0.0200 0.0629 0.0480 
        D894  1 0.0266 0.0214 0.0506 0.0259 0.0371 0.0697 0.6722 0.0222 0.0249 0.0289 0.0206 
        D915  1 0.0231 0.0256 0.0502 0.0509 0.0573 0.1829 0.3543 0.0280 0.0356 0.0327 0.1594 
        D916  1 0.0124 0.0107 0.0134 0.0140 0.0164 0.0161 0.8720 0.0140 0.0085 0.0094 0.0132 
        D917  1 0.1265 0.0538 0.1529 0.0483 0.2469 0.0216 0.1053 0.0409 0.0613 0.1165 0.0259 
        D925  1 0.0154 0.0171 0.0353 0.0676 0.0775 0.0165 0.2048 0.0936 0.0345 0.0353 0.4024 
        D926  1 0.0719 0.0171 0.1477 0.0503 0.0604 0.1191 0.3842 0.0291 0.0409 0.0379 0.0415 
        D927  1 0.0416 0.2330 0.1317 0.0682 0.0608 0.0640 0.1811 0.0291 0.0651 0.1036 0.0219 
        D928  1 0.0202 0.0143 0.0185 0.0091 0.7507 0.0107 0.0786 0.0139 0.0360 0.0126 0.0355 
        D929  1 0.3246 0.0159 0.0671 0.1023 0.0453 0.0548 0.0306 0.0282 0.2647 0.0267 0.0397 
        D936  1 0.1518 0.0392 0.0714 0.0233 0.0234 0.0461 0.4186 0.0250 0.0350 0.1405 0.0257 
        D938  1 0.0741 0.0126 0.0338 0.3810 0.0274 0.0690 0.0208 0.0649 0.0237 0.0211 0.2718 
        D956  1 0.0244 0.0325 0.0627 0.0180 0.5088 0.0586 0.0455 0.0413 0.1417 0.0274 0.0391 
        D957  1 0.0374 0.0340 0.0392 0.0287 0.0285 0.0246 0.0415 0.0130 0.1053 0.0224 0.6252 
        D958  1 0.0656 0.0243 0.0532 0.0434 0.0876 0.0329 0.0616 0.0460 0.0873 0.0162 0.4819 
        D959  1 0.0119 0.0772 0.0781 0.1718 0.0247 0.1105 0.3950 0.0569 0.0326 0.0140 0.0273 
        D960  1 0.0362 0.0204 0.0635 0.3944 0.0472 0.0458 0.0272 0.0135 0.0810 0.0204 0.2504 
        D989  1 0.0174 0.0677 0.0595 0.0329 0.5863 0.0404 0.0403 0.0353 0.0436 0.0538 0.0228 
        D990  1 0.0212 0.0293 0.0696 0.0721 0.0626 0.0176 0.0156 0.0590 0.0165 0.1548 0.4817 
        D023  2 0.0147 0.0179 0.0188 0.8293 0.0143 0.0129 0.0386 0.0204 0.0101 0.0116 0.0113 
        D130  2 0.0196 0.0491 0.0429 0.4667 0.0141 0.0847 0.0693 0.0170 0.1291 0.0171 0.0903 
        D131  2 0.0470 0.0349 0.2056 0.0350 0.0432 0.0623 0.1807 0.1647 0.0326 0.0788 0.1152 
        D163  2 0.0335 0.0122 0.0669 0.5556 0.0374 0.1156 0.0548 0.0233 0.0194 0.0373 0.0439 
        D164  2 0.0155 0.4931 0.0173 0.0279 0.0099 0.0129 0.0086 0.0623 0.0150 0.0125 0.3249 
        D165  2 0.0218 0.0301 0.0244 0.7797 0.0195 0.0157 0.0331 0.0238 0.0107 0.0225 0.0188 
        D166  2 0.0711 0.0381 0.1093 0.0433 0.0146 0.0855 0.0300 0.0752 0.4309 0.0396 0.0624 
        D167  2 0.0118 0.7875 0.0178 0.0138 0.0283 0.0125 0.0155 0.0098 0.0717 0.0190 0.0123 
        D192  2 0.0195 0.8396 0.0183 0.0140 0.0182 0.0120 0.0104 0.0165 0.0175 0.0223 0.0117 
        D193  2 0.0319 0.0237 0.0692 0.0208 0.1024 0.1114 0.0192 0.0216 0.5040 0.0479 0.0480 
        D206  2 0.0241 0.2603 0.1091 0.0501 0.0175 0.0850 0.0651 0.2891 0.0382 0.0321 0.0294 
        D207  2 0.0198 0.4887 0.0978 0.0245 0.0190 0.0726 0.0304 0.0206 0.1515 0.0525 0.0226 
        D208  2 0.0331 0.0714 0.0840 0.0520 0.1188 0.0541 0.0390 0.2119 0.0498 0.2516 0.0345 
        D209  2 0.1282 0.3286 0.2000 0.0600 0.0216 0.0369 0.0264 0.0758 0.0394 0.0254 0.0577 
        D210  2 0.0307 0.0671 0.0540 0.0242 0.4457 0.0689 0.0645 0.0282 0.0301 0.1580 0.0284 
     D229599  2 0.1449 0.0425 0.1258 0.0983 0.0527 0.0385 0.1421 0.0383 0.0419 0.2228 0.0522 
     D229600  2 0.0212 0.2995 0.0595 0.3116 0.0223 0.0797 0.0239 0.0173 0.0632 0.0246 0.0773 
     D237227  2 0.0212 0.0510 0.0583 0.0641 0.3765 0.0212 0.0464 0.0441 0.0234 0.1305 0.1631 
     D237228  2 0.0140 0.0470 0.0770 0.0172 0.1214 0.0282 0.0114 0.0246 0.0485 0.0840 0.5268 
     D237258  2 0.0458 0.1934 0.1233 0.1479 0.0486 0.0382 0.0510 0.1005 0.0745 0.1034 0.0733 
     D237310  2 0.0262 0.0368 0.0375 0.0186 0.0316 0.0567 0.0103 0.0260 0.1526 0.0211 0.5826 
     D237311  2 0.0144 0.1242 0.0250 0.0282 0.0202 0.0424 0.0120 0.0203 0.0396 0.0223 0.6514 
     D237312  2 0.0434 0.0212 0.0535 0.0641 0.0425 0.1707 0.0199 0.0456 0.2359 0.0206 0.2826 
     D237313  2 0.0530 0.0207 0.1344 0.0461 0.0677 0.0956 0.0790 0.2328 0.0369 0.0792 0.1547 
     D237322  2 0.1215 0.0361 0.1564 0.0333 0.0717 0.0599 0.0288 0.0599 0.0814 0.2416 0.1094 
     D237323  2 0.0250 0.0229 0.0401 0.0509 0.1022 0.0295 0.0158 0.0187 0.0435 0.0552 0.5961 
     D237324  2 0.0479 0.2158 0.2255 0.1800 0.0173 0.0452 0.0441 0.0282 0.0321 0.0862 0.0778 
     D237325  2 0.0498 0.0475 0.0544 0.0514 0.0534 0.1654 0.0169 0.0240 0.0651 0.0299 0.4421 
     D237326  2 0.0312 0.0228 0.0337 0.0310 0.0480 0.0236 0.0259 0.0145 0.0200 0.0200 0.7293 
     D237327  2 0.1023 0.1008 0.2178 0.1024 0.0380 0.0951 0.0656 0.0290 0.0485 0.1777 0.0227 
     D237337  2 0.0159 0.0131 0.0223 0.0182 0.0225 0.0278 0.0180 0.0249 0.0227 0.0152 0.7994 
     D237338  2 0.0812 0.0560 0.1095 0.1008 0.0907 0.1248 0.0340 0.0457 0.0348 0.0829 0.2396 
     D237339  2 0.6051 0.1139 0.0578 0.0219 0.0150 0.0308 0.0260 0.0255 0.0507 0.0278 0.0256 
     D237340  2 0.0237 0.1444 0.0500 0.0327 0.0764 0.0537 0.0125 0.0187 0.0835 0.0442 0.4603 
     D237389  2 0.0273 0.0911 0.0396 0.0304 0.0193 0.0680 0.0147 0.0283 0.1628 0.0193 0.4991 
     D237390  2 0.0402 0.0177 0.0406 0.0321 0.0405 0.2009 0.0193 0.0284 0.1206 0.0431 0.4165 
     D244017  2 0.0205 0.3124 0.0841 0.0511 0.1652 0.0176 0.0186 0.0212 0.2199 0.0505 0.0387 
     D244112  2 0.0142 0.8023 0.0198 0.0323 0.0193 0.0235 0.0168 0.0140 0.0282 0.0164 0.0133 
     D244118  2 0.0230 0.5757 0.0280 0.2123 0.0247 0.0170 0.0095 0.0087 0.0254 0.0252 0.0506 
     D244119  2 0.0106 0.2577 0.0198 0.0146 0.5801 0.0140 0.0186 0.0159 0.0223 0.0185 0.0279 
     D244120  2 0.0541 0.3676 0.0401 0.0181 0.0342 0.0694 0.0128 0.0200 0.2811 0.0722 0.0304 
     D244122  2 0.0299 0.6218 0.0449 0.0425 0.0301 0.0385 0.0278 0.0514 0.0730 0.0196 0.0204 
        D291  2 0.0159 0.0406 0.1476 0.1088 0.0151 0.0269 0.0712 0.0775 0.0450 0.4182 0.0332 
        D292  2 0.0437 0.1771 0.0647 0.0240 0.0656 0.0366 0.2155 0.0263 0.0533 0.2299 0.0633 
        D293  2 0.1291 0.5746 0.0806 0.0110 0.0171 0.0381 0.0777 0.0176 0.0146 0.0220 0.0175 
        D322  2 0.1789 0.4615 0.0699 0.0274 0.0167 0.0251 0.0908 0.0263 0.0199 0.0266 0.0570 
        D323  2 0.0576 0.0866 0.0718 0.0264 0.0262 0.0416 0.0291 0.4832 0.0909 0.0361 0.0505 
        D324  2 0.0311 0.0335 0.1376 0.0741 0.0549 0.0732 0.1190 0.0522 0.0309 0.2803 0.1133 
        D325  2 0.0255 0.7076 0.0355 0.0174 0.0133 0.0776 0.0334 0.0164 0.0134 0.0439 0.0160 
        D326  2 0.0138 0.0125 0.0234 0.0099 0.0189 0.0156 0.8429 0.0160 0.0146 0.0193 0.0131 
        D340  2 0.0252 0.7974 0.0213 0.0140 0.0218 0.0197 0.0200 0.0161 0.0131 0.0292 0.0222 
        D341  2 0.0314 0.3978 0.0377 0.0180 0.0312 0.2963 0.0221 0.0534 0.0339 0.0454 0.0328 
        D342  2 0.0167 0.4666 0.0665 0.1077 0.0163 0.0824 0.0214 0.0534 0.0524 0.0567 0.0599 
        D343  2 0.0152 0.8722 0.0162 0.0112 0.0101 0.0190 0.0138 0.0091 0.0089 0.0142 0.0101 
        D344  2 0.3721 0.0415 0.0865 0.0121 0.0192 0.0761 0.0928 0.0362 0.1849 0.0300 0.0487 
        D345  2 0.2819 0.0341 0.1030 0.0462 0.0396 0.0243 0.0692 0.1437 0.0246 0.0495 0.1838 
        D346  2 0.0331 0.0489 0.0610 0.0246 0.2933 0.0368 0.0454 0.3657 0.0260 0.0320 0.0333 
        D351  2 0.0703 0.0399 0.1974 0.0653 0.0216 0.0901 0.2168 0.0422 0.0472 0.1160 0.0933 
        D352  2 0.6269 0.0313 0.0826 0.0232 0.0458 0.0199 0.0212 0.0305 0.0419 0.0254 0.0512 
        D353  2 0.0944 0.0254 0.5287 0.0145 0.0166 0.0589 0.1536 0.0348 0.0304 0.0257 0.0169 
        D354  2 0.6940 0.0125 0.0388 0.0146 0.0414 0.0170 0.0507 0.0376 0.0384 0.0210 0.0339 
        D362  2 0.0169 0.0240 0.0296 0.0480 0.0170 0.0211 0.7550 0.0227 0.0240 0.0190 0.0228 
        D363  2 0.0214 0.0175 0.0262 0.0426 0.0248 0.0136 0.7537 0.0345 0.0259 0.0203 0.0195 
        D364  2 0.3369 0.0224 0.0808 0.0257 0.0375 0.0312 0.3257 0.0410 0.0415 0.0198 0.0375 
        D365  2 0.0226 0.8358 0.0197 0.0105 0.0242 0.0139 0.0172 0.0131 0.0134 0.0136 0.0161 
        D369  2 0.0219 0.1093 0.1003 0.0337 0.1557 0.0375 0.1698 0.1389 0.0233 0.0891 0.1205 
        D374  2 0.0155 0.0129 0.0253 0.0132 0.2620 0.0178 0.0147 0.0234 0.5640 0.0166 0.0347 
        D375  2 0.7830 0.0116 0.0301 0.0163 0.0149 0.0293 0.0139 0.0308 0.0371 0.0117 0.0212 
        D376  2 0.0559 0.0281 0.0625 0.0135 0.3435 0.0326 0.0156 0.0242 0.3513 0.0283 0.0445 
        D377  2 0.0329 0.0312 0.0761 0.0250 0.0317 0.0391 0.0208 0.4700 0.0799 0.0466 0.1466 
        D378  2 0.2235 0.2308 0.1309 0.1028 0.0228 0.0349 0.1029 0.0713 0.0174 0.0362 0.0263 
        D379  2 0.0429 0.0216 0.0780 0.0225 0.0219 0.0866 0.5219 0.1195 0.0310 0.0236 0.0304 
        D384  2 0.0142 0.0127 0.0230 0.0108 0.0366 0.0173 0.8057 0.0240 0.0130 0.0198 0.0229 
        D385  2 0.1341 0.6493 0.0328 0.0147 0.0313 0.0257 0.0160 0.0320 0.0225 0.0217 0.0201 
        D386  2 0.4553 0.0805 0.1405 0.0695 0.0162 0.0354 0.0620 0.0570 0.0335 0.0173 0.0328 
        D391  2 0.1367 0.6565 0.0235 0.0185 0.0144 0.0205 0.0241 0.0300 0.0240 0.0263 0.0254 
        D392  2 0.0225 0.4924 0.0546 0.0405 0.0568 0.0169 0.0727 0.0372 0.0305 0.0338 0.1420 
        D393  2 0.2693 0.0656 0.0643 0.0388 0.0253 0.0541 0.1939 0.1214 0.0141 0.1133 0.0398 
        D394  2 0.1697 0.0714 0.1097 0.1178 0.0360 0.0856 0.0828 0.0202 0.0753 0.0418 0.1897 
        D395  2 0.3613 0.3440 0.0784 0.0250 0.0243 0.0252 0.0122 0.0270 0.0360 0.0363 0.0303 
        D401  2 0.0093 0.0267 0.0248 0.0109 0.0249 0.0162 0.0143 0.0549 0.0266 0.0159 0.7756 
        D402  2 0.0835 0.6753 0.0273 0.0158 0.0149 0.0219 0.0179 0.0455 0.0228 0.0473 0.0279 
        D403  2 0.0612 0.0236 0.3376 0.0469 0.0241 0.1234 0.1930 0.0457 0.0836 0.0294 0.0316 
        D415  2 0.0325 0.0243 0.1488 0.0251 0.0130 0.0626 0.4664 0.0242 0.0229 0.0191 0.1611 
        D435  2 0.0537 0.1474 0.0386 0.0211 0.0124 0.0516 0.5468 0.0211 0.0151 0.0526 0.0397 
        D436  2 0.2967 0.0245 0.0707 0.0280 0.0359 0.2456 0.0816 0.0208 0.1382 0.0223 0.0356 
        D438  2 0.0130 0.8290 0.0208 0.0177 0.0218 0.0208 0.0097 0.0242 0.0135 0.0170 0.0125 
        D439  2 0.6146 0.0363 0.0892 0.0495 0.0141 0.0173 0.0430 0.0685 0.0140 0.0286 0.0249 
        D449  2 0.0203 0.4242 0.1138 0.0401 0.0307 0.1729 0.0867 0.0417 0.0192 0.0239 0.0266 
        D450  2 0.2087 0.0234 0.1532 0.0615 0.1182 0.0783 0.1061 0.0716 0.0589 0.0890 0.0311 
        D456  2 0.0171 0.0095 0.0179 0.0166 0.0174 0.0199 0.8396 0.0167 0.0122 0.0191 0.0139 
        D462  2 0.1021 0.7148 0.0265 0.0187 0.0142 0.0208 0.0327 0.0167 0.0174 0.0183 0.0178 
        D463  2 0.0227 0.0097 0.0232 0.0133 0.0361 0.0181 0.7991 0.0230 0.0194 0.0163 0.0191 
        D464  2 0.2422 0.0857 0.3008 0.0182 0.0347 0.0523 0.0686 0.0504 0.0956 0.0220 0.0295 
        D465  2 0.0208 0.4873 0.0460 0.0239 0.0221 0.0333 0.1268 0.0580 0.0258 0.0240 0.1319 
        D473  2 0.0789 0.0425 0.0676 0.0594 0.3949 0.0309 0.0241 0.0733 0.0452 0.0388 0.1442 
        D474  2 0.0321 0.0399 0.0330 0.0372 0.0374 0.0294 0.6121 0.0286 0.0119 0.1134 0.0249 
        D476  2 0.4978 0.0404 0.0335 0.2991 0.0118 0.0244 0.0189 0.0125 0.0161 0.0252 0.0203 
        D477  2 0.2796 0.0187 0.0814 0.0191 0.0434 0.0309 0.1847 0.1318 0.0226 0.0893 0.0984 
        D478  2 0.0694 0.0501 0.1628 0.3327 0.1060 0.0307 0.0369 0.0383 0.0969 0.0383 0.0378 
        D480  2 0.2466 0.0765 0.0790 0.0176 0.0927 0.0941 0.1310 0.1393 0.0372 0.0619 0.0242 
        D481  2 0.1577 0.0561 0.1123 0.1302 0.0807 0.0199 0.2669 0.0474 0.0341 0.0432 0.0515 
        D482  2 0.2988 0.0236 0.0868 0.0447 0.0676 0.0623 0.0195 0.0756 0.0771 0.1885 0.0554 
        D483  2 0.0129 0.7680 0.0224 0.0249 0.0603 0.0137 0.0159 0.0153 0.0236 0.0225 0.0205 
        D484  2 0.7955 0.0213 0.0197 0.0137 0.0206 0.0201 0.0093 0.0172 0.0440 0.0248 0.0139 
        D510  2 0.0249 0.0210 0.0345 0.0174 0.4230 0.0488 0.0216 0.0311 0.2091 0.1380 0.0306 
        D511  2 0.6580 0.0503 0.0470 0.0384 0.0159 0.0250 0.0446 0.0399 0.0185 0.0356 0.0268 
        D512  2 0.0268 0.1222 0.0526 0.0261 0.0136 0.0354 0.0204 0.0406 0.0755 0.0279 0.5589 
        D513  2 0.0209 0.4550 0.0588 0.0236 0.0547 0.0721 0.0498 0.1025 0.0343 0.0753 0.0530 
        D635  2 0.0188 0.0334 0.0481 0.5136 0.0194 0.0189 0.2605 0.0321 0.0128 0.0225 0.0200 
        D636  2 0.0196 0.0150 0.0209 0.7751 0.0164 0.0108 0.0243 0.0713 0.0116 0.0110 0.0241 
        D637  2 0.2241 0.1215 0.0855 0.0266 0.0633 0.1758 0.0276 0.1138 0.0534 0.0607 0.0478 
        D658  2 0.1821 0.3914 0.0622 0.0210 0.0805 0.0546 0.0234 0.0178 0.0688 0.0288 0.0693 
        D659  2 0.0565 0.0222 0.0709 0.0637 0.0338 0.1210 0.5009 0.0375 0.0242 0.0537 0.0156 
        D677  2 0.0261 0.0379 0.0573 0.0477 0.0183 0.4471 0.0965 0.1022 0.0670 0.0503 0.0494 
        D678  2 0.0259 0.5287 0.0874 0.0301 0.0143 0.0405 0.0224 0.0503 0.1325 0.0315 0.0365 
        D679  2 0.0744 0.0324 0.0917 0.0367 0.0348 0.0636 0.2066 0.3337 0.0230 0.0676 0.0354 
        D719  2 0.0409 0.1529 0.0557 0.0123 0.4010 0.0287 0.1142 0.0425 0.0256 0.0629 0.0634 
        D720  2 0.0223 0.0288 0.0411 0.0220 0.0767 0.0274 0.6326 0.0441 0.0260 0.0292 0.0496 
        D721  2 0.0296 0.0464 0.0346 0.6996 0.0293 0.0286 0.0401 0.0287 0.0143 0.0323 0.0166 
        D722  2 0.0232 0.0563 0.0570 0.0170 0.1786 0.0210 0.0175 0.0647 0.4495 0.0416 0.0736 
        D734  2 0.5969 0.0546 0.0321 0.0138 0.1668 0.0274 0.0154 0.0229 0.0199 0.0360 0.0144 
        D735  2 0.0742 0.0457 0.1076 0.0344 0.0542 0.0315 0.1617 0.3334 0.0322 0.0397 0.0854 
        D736  2 0.0604 0.0529 0.0730 0.0316 0.2381 0.0956 0.0517 0.0380 0.0248 0.2911 0.0427 
        D737  2 0.0943 0.5492 0.0567 0.0425 0.0352 0.0305 0.0155 0.0138 0.0500 0.0676 0.0448 
        D807  2 0.0959 0.0507 0.0857 0.0374 0.1526 0.0761 0.1566 0.0866 0.0610 0.1248 0.0726 
        D808  2 0.0590 0.0829 0.1607 0.0566 0.0307 0.0628 0.0563 0.0265 0.0694 0.0608 0.3344 
        D817  2 0.0428 0.0189 0.0644 0.0260 0.0257 0.0362 0.1046 0.5498 0.0586 0.0301 0.0429 
        D818  2 0.0337 0.1691 0.1794 0.1391 0.0228 0.2030 0.0530 0.0351 0.0364 0.1089 0.0196 
        D819  2 0.0246 0.0234 0.0783 0.0377 0.0262 0.0250 0.0963 0.4317 0.0383 0.0312 0.1873 
        D820  2 0.1583 0.0432 0.0601 0.0180 0.0358 0.1271 0.4485 0.0193 0.0317 0.0336 0.0245 
        D895  2 0.0690 0.0311 0.1487 0.1134 0.0458 0.0771 0.1900 0.1943 0.0404 0.0312 0.0590 
        D896  2 0.0113 0.0110 0.0117 0.0124 0.0221 0.0151 0.0096 0.0142 0.0223 0.0133 0.8571 
        D897  2 0.0378 0.4205 0.0868 0.0347 0.0252 0.1657 0.0251 0.0642 0.0460 0.0465 0.0474 
        D898  2 0.0473 0.0342 0.1673 0.0405 0.0398 0.0554 0.0402 0.1371 0.0897 0.1214 0.2272 
        D918  2 0.0783 0.0608 0.1318 0.0836 0.0472 0.2884 0.0231 0.0568 0.0400 0.0599 0.1302 
        D919  2 0.4145 0.0722 0.1401 0.0503 0.0189 0.0374 0.0951 0.0203 0.0675 0.0657 0.0179 
        D920  2 0.0320 0.0310 0.0542 0.5557 0.0737 0.0601 0.0293 0.0212 0.0721 0.0246 0.0460 
        D923  2 0.1392 0.0334 0.0814 0.0234 0.0267 0.0368 0.5216 0.0432 0.0376 0.0241 0.0326 
        D930  2 0.1228 0.0406 0.1236 0.0230 0.0802 0.0945 0.1531 0.1552 0.0604 0.0640 0.0828 
        D931  2 0.2946 0.1056 0.0668 0.0341 0.0299 0.0429 0.2389 0.0519 0.0421 0.0509 0.0422 
        D968  2 0.0248 0.7562 0.0290 0.0143 0.0165 0.0201 0.0217 0.0196 0.0239 0.0558 0.0180 
        D969  2 0.0450 0.2026 0.1343 0.0403 0.0626 0.0532 0.2086 0.0543 0.0411 0.1183 0.0398 
        D977  2 0.0240 0.6833 0.0469 0.0212 0.0206 0.0780 0.0307 0.0325 0.0221 0.0244 0.0163 
        D978  2 0.0279 0.1090 0.1254 0.0228 0.0331 0.1128 0.0291 0.2409 0.0781 0.2032 0.0178 
        D211  3 0.0344 0.0167 0.0465 0.4405 0.0190 0.2001 0.0765 0.1001 0.0191 0.0320 0.0152 
     D229639  3 0.0230 0.0362 0.0489 0.0240 0.0698 0.0419 0.0654 0.0392 0.0608 0.5577 0.0331 
     D237212  3 0.2297 0.0452 0.0658 0.0604 0.0201 0.1107 0.0577 0.1138 0.0286 0.2254 0.0424 
     D237213  3 0.0754 0.0256 0.0735 0.0562 0.0136 0.1186 0.0228 0.3937 0.0537 0.0336 0.1333 
     D237214  3 0.0156 0.0144 0.0314 0.8179 0.0232 0.0253 0.0168 0.0118 0.0154 0.0099 0.0183 
     D237215  3 0.0182 0.4647 0.0381 0.0174 0.0557 0.0140 0.0129 0.0430 0.1816 0.1202 0.0341 
     D237216  3 0.0345 0.0225 0.5202 0.0759 0.0241 0.0876 0.0457 0.0848 0.0290 0.0359 0.0398 
     D237217  3 0.0186 0.0247 0.2262 0.1346 0.0144 0.3388 0.0758 0.0384 0.0202 0.0692 0.0392 
     D237218  3 0.1463 0.0479 0.0838 0.0273 0.0565 0.3027 0.0614 0.0511 0.0192 0.1806 0.0232 
     D237219  3 0.0153 0.0196 0.0769 0.0475 0.0533 0.2033 0.0223 0.2709 0.0266 0.1446 0.1197 
     D237382  3 0.0240 0.0393 0.0914 0.0378 0.0909 0.0749 0.0521 0.0481 0.2961 0.0353 0.2102 
     D244127  3 0.0324 0.0774 0.0710 0.0504 0.0195 0.0577 0.0167 0.0654 0.0407 0.0627 0.5060 
     D244129  3 0.0817 0.0653 0.1315 0.1222 0.0320 0.0821 0.0966 0.0739 0.0536 0.0744 0.1868 
     D244133  3 0.0122 0.0570 0.0521 0.0291 0.0543 0.0344 0.0430 0.6202 0.0467 0.0212 0.0299 
     D244134  3 0.0212 0.0236 0.0377 0.0280 0.1680 0.0324 0.0240 0.1464 0.0211 0.4533 0.0445 
     D244135  3 0.0193 0.0414 0.0399 0.6752 0.0147 0.0556 0.0337 0.0650 0.0180 0.0196 0.0174 
     D244136  3 0.0224 0.0459 0.0777 0.0440 0.1162 0.0428 0.1243 0.3590 0.0690 0.0625 0.0361 
        D416  3 0.0479 0.0975 0.1327 0.0768 0.0214 0.1074 0.0747 0.3068 0.0226 0.0596 0.0527 
        D417  3 0.0229 0.0142 0.0519 0.0168 0.0251 0.1611 0.5648 0.0219 0.0571 0.0169 0.0473 
        D419  3 0.0290 0.0507 0.0992 0.0406 0.0608 0.1999 0.0747 0.1454 0.0244 0.1808 0.0946 
        D565  3 0.0169 0.0157 0.0234 0.0225 0.7429 0.0137 0.0368 0.0372 0.0208 0.0459 0.0241 
        D566  3 0.0224 0.0483 0.0544 0.0308 0.1986 0.0259 0.0741 0.0947 0.0637 0.3353 0.0518 
        D567  3 0.0599 0.0393 0.0551 0.0560 0.0218 0.0535 0.5010 0.0609 0.0426 0.0308 0.0790 
        D568  3 0.1302 0.0872 0.1131 0.0782 0.0174 0.2504 0.0744 0.0574 0.0533 0.0526 0.0857 
        D569  3 0.5098 0.0791 0.0749 0.0634 0.0411 0.0372 0.0175 0.0397 0.0787 0.0402 0.0185 
        D573  3 0.0379 0.1608 0.0785 0.0243 0.0238 0.0416 0.1561 0.0263 0.0261 0.4025 0.0221 
        D574  3 0.0405 0.0536 0.0902 0.0524 0.3117 0.0414 0.0413 0.1196 0.0976 0.0888 0.0629 
        D575  3 0.0159 0.0211 0.0259 0.0446 0.0343 0.0251 0.0218 0.7488 0.0142 0.0203 0.0282 
        D576  3 0.0183 0.5138 0.0411 0.0377 0.0231 0.0230 0.0083 0.1270 0.1269 0.0658 0.0150 
        D577  3 0.0398 0.0255 0.0726 0.0795 0.0294 0.0499 0.4441 0.1472 0.0532 0.0326 0.0262 
        D578  3 0.0141 0.0235 0.0281 0.7970 0.0149 0.0222 0.0135 0.0169 0.0171 0.0154 0.0373 
        D579  3 0.1053 0.0668 0.0709 0.0469 0.1266 0.1117 0.1401 0.0980 0.0316 0.1533 0.0487 
        D660  3 0.0364 0.5126 0.0896 0.0345 0.0173 0.0503 0.0161 0.1339 0.0381 0.0338 0.0375 
        D661  3 0.0727 0.1388 0.1003 0.0396 0.0193 0.3408 0.0270 0.0301 0.0249 0.1846 0.0219 
        D663  3 0.0252 0.0506 0.1096 0.0318 0.0158 0.0245 0.0650 0.0372 0.0804 0.5403 0.0196 
        D664  3 0.0215 0.1145 0.1095 0.1026 0.0535 0.1085 0.0189 0.2930 0.0490 0.0450 0.0841 
        D665  3 0.0822 0.0313 0.1800 0.1430 0.0149 0.0506 0.0139 0.2170 0.1643 0.0331 0.0697 
        D666  3 0.0257 0.0181 0.0433 0.0278 0.0492 0.0538 0.0328 0.5728 0.0145 0.0464 0.1155 
        D009  4 0.1157 0.0263 0.1664 0.1346 0.0298 0.2025 0.1112 0.0278 0.0664 0.0364 0.0830 
        D057  4 0.3743 0.1221 0.0435 0.2096 0.0389 0.0480 0.0312 0.0110 0.0423 0.0606 0.0186 
        D109  4 0.0280 0.0161 0.1488 0.0565 0.0515 0.0557 0.0385 0.1627 0.0521 0.0318 0.3583 
     D237222  4 0.0279 0.0282 0.0364 0.5354 0.1251 0.0366 0.0282 0.0150 0.1144 0.0296 0.0231 
     D237223  4 0.0381 0.0297 0.0894 0.0417 0.0759 0.5067 0.0182 0.0188 0.0557 0.0523 0.0737 
     D237224  4 0.2103 0.1483 0.0907 0.0524 0.0265 0.0462 0.1016 0.0824 0.0351 0.1701 0.0365 
     D237225  4 0.0682 0.0287 0.2205 0.0835 0.0400 0.2714 0.0542 0.0567 0.0748 0.0471 0.0549 
     D237299  4 0.0189 0.0192 0.1841 0.0161 0.0379 0.4096 0.0166 0.0230 0.0863 0.0773 0.1109 
     D237300  4 0.0257 0.0377 0.0282 0.0198 0.0278 0.0431 0.0182 0.1068 0.0190 0.6533 0.0202 
     D237306  4 0.0311 0.0195 0.0478 0.0231 0.3209 0.2294 0.0430 0.0171 0.1658 0.0280 0.0742 
     D237307  4 0.0171 0.0362 0.0766 0.0321 0.1223 0.0746 0.2966 0.1702 0.0742 0.0658 0.0346 
     D237308  4 0.1833 0.3199 0.0781 0.0382 0.0717 0.0444 0.0282 0.0420 0.0339 0.0435 0.1168 
     D237309  4 0.0895 0.0388 0.2080 0.1097 0.0236 0.1488 0.1587 0.0400 0.0813 0.0476 0.0540 
     D237317  4 0.0302 0.0267 0.1913 0.0834 0.2902 0.0430 0.1209 0.0528 0.0711 0.0549 0.0356 
     D237318  4 0.0144 0.0585 0.0416 0.0171 0.0174 0.0239 0.0346 0.0399 0.0277 0.7051 0.0198 
     D237319  4 0.0239 0.0346 0.1167 0.0544 0.0357 0.3000 0.0283 0.0394 0.1751 0.0521 0.1399 
     D237320  4 0.0181 0.0420 0.0273 0.0374 0.0178 0.6833 0.0252 0.0207 0.0202 0.0534 0.0546 
     D237321  4 0.0236 0.0780 0.0763 0.0330 0.0370 0.0283 0.0630 0.0802 0.0315 0.5033 0.0457 
     D237397  4 0.0227 0.0533 0.0593 0.0339 0.1077 0.4618 0.0229 0.0301 0.0852 0.0896 0.0334 
     D237398  4 0.0533 0.0445 0.0669 0.0281 0.0156 0.1063 0.0661 0.0392 0.0287 0.5316 0.0196 
     D237399  4 0.0385 0.0393 0.0795 0.0910 0.1675 0.1602 0.0587 0.0281 0.0466 0.2128 0.0778 
     D244001  4 0.0795 0.1062 0.0718 0.2749 0.0285 0.1610 0.0342 0.0191 0.1636 0.0283 0.0329 
        D289  4 0.2161 0.0593 0.0891 0.0522 0.2503 0.0888 0.0706 0.0307 0.0274 0.0867 0.0290 
        D290  4 0.0363 0.0282 0.0892 0.0369 0.0223 0.0514 0.0551 0.0148 0.5664 0.0615 0.0379 
        D294  4 0.2469 0.0246 0.1769 0.0590 0.0325 0.1566 0.0930 0.0447 0.0900 0.0562 0.0195 
        D295  4 0.0624 0.0249 0.0723 0.0285 0.0410 0.2967 0.1258 0.0905 0.0912 0.0378 0.1289 
        D301  4 0.0244 0.0341 0.0483 0.3511 0.0476 0.0789 0.0134 0.0395 0.1250 0.1002 0.1375 
        D302  4 0.7342 0.0117 0.0350 0.0258 0.0138 0.0297 0.0478 0.0236 0.0468 0.0168 0.0149 
        D303  4 0.0834 0.0723 0.0588 0.0260 0.4718 0.0519 0.0355 0.0450 0.0396 0.0342 0.0814 
        D304  4 0.0321 0.0347 0.1203 0.0415 0.0758 0.0434 0.0681 0.0605 0.3104 0.1903 0.0228 
        D305  4 0.3743 0.0747 0.3131 0.0328 0.0107 0.0263 0.0200 0.0218 0.0501 0.0446 0.0317 
        D306  4 0.0283 0.0207 0.1798 0.0553 0.0390 0.0304 0.0400 0.0179 0.5236 0.0297 0.0353 
        D307  4 0.0336 0.0239 0.0296 0.6681 0.0682 0.0200 0.0151 0.0310 0.0208 0.0533 0.0366 
        D327  4 0.0357 0.0452 0.0759 0.0260 0.0586 0.0854 0.4951 0.0686 0.0499 0.0401 0.0195 
        D328  4 0.3007 0.0262 0.0714 0.0228 0.1101 0.0804 0.0219 0.0581 0.1791 0.0357 0.0936 
        D329  4 0.2587 0.0818 0.1595 0.0647 0.0387 0.0769 0.0631 0.0293 0.0629 0.0888 0.0756 
        D330  4 0.0714 0.0665 0.1138 0.0838 0.0160 0.1690 0.1829 0.0380 0.0851 0.0169 0.1567 
        D331  4 0.0281 0.0357 0.0862 0.0499 0.0574 0.0312 0.1480 0.0511 0.2510 0.1967 0.0648 
        D333  4 0.1730 0.0649 0.0618 0.0526 0.0682 0.1852 0.0606 0.0423 0.1427 0.0793 0.0693 
        D334  4 0.0462 0.0178 0.0791 0.0974 0.4793 0.0504 0.0617 0.0438 0.0520 0.0452 0.0271 
        D335  4 0.4795 0.0512 0.0534 0.0247 0.0275 0.0258 0.0895 0.0383 0.1475 0.0255 0.0371 
        D370  4 0.0516 0.0405 0.0611 0.0303 0.0446 0.0244 0.0352 0.0666 0.4282 0.0230 0.1944 
        D371  4 0.0251 0.0363 0.0421 0.0122 0.5374 0.0287 0.1580 0.0588 0.0555 0.0242 0.0218 
        D372  4 0.0160 0.0410 0.0908 0.0152 0.0252 0.0280 0.0119 0.0318 0.1355 0.5837 0.0206 
        D373  4 0.0523 0.0609 0.0357 0.5818 0.0190 0.0274 0.0470 0.0565 0.0207 0.0813 0.0173 
        D455  4 0.0699 0.0283 0.0371 0.6886 0.0232 0.0207 0.0262 0.0160 0.0228 0.0415 0.0257 
        D490  4 0.0205 0.0107 0.0250 0.7018 0.0218 0.1074 0.0218 0.0229 0.0286 0.0157 0.0238 
        D497  4 0.0634 0.0149 0.0699 0.5758 0.0218 0.1015 0.0115 0.0502 0.0293 0.0296 0.0319 
        D498  4 0.0188 0.0319 0.0768 0.0333 0.0819 0.0340 0.0512 0.0445 0.4131 0.1090 0.1055 
        D499  4 0.1184 0.1556 0.0930 0.0128 0.1054 0.0816 0.0247 0.2079 0.0561 0.0657 0.0789 
        D514  4 0.1329 0.0262 0.1456 0.0402 0.0138 0.0638 0.2327 0.0935 0.1422 0.0496 0.0595 
        D515  4 0.0323 0.0239 0.0596 0.0265 0.0228 0.6315 0.0266 0.0202 0.0862 0.0171 0.0532 
        D516  4 0.0231 0.0619 0.0607 0.0453 0.0466 0.1847 0.0669 0.2453 0.0577 0.0836 0.1242 
        D517  4 0.0284 0.0235 0.1075 0.5232 0.0204 0.1100 0.0539 0.0196 0.0266 0.0501 0.0367 
        D518  4 0.4947 0.0362 0.0467 0.1252 0.0604 0.0561 0.0216 0.0159 0.0887 0.0223 0.0321 
        D519  4 0.0141 0.0180 0.0210 0.0211 0.0160 0.8206 0.0174 0.0149 0.0120 0.0237 0.0211 
        D560  4 0.0254 0.0304 0.0274 0.0164 0.0124 0.7186 0.0628 0.0212 0.0258 0.0297 0.0299 
        D561  4 0.0594 0.0508 0.3493 0.1460 0.0182 0.0551 0.0727 0.0236 0.0416 0.0238 0.1595 
        D562  4 0.0963 0.0518 0.1415 0.3099 0.0542 0.0507 0.0431 0.0312 0.1306 0.0539 0.0367 
        D563  4 0.1398 0.4095 0.0907 0.0588 0.0166 0.0540 0.0267 0.0692 0.0341 0.0579 0.0428 
        D572  4 0.6246 0.0304 0.0460 0.0649 0.0265 0.0339 0.0654 0.0182 0.0483 0.0165 0.0256 
        D629  4 0.0685 0.0187 0.0663 0.2009 0.0179 0.0337 0.1536 0.3598 0.0161 0.0438 0.0209 
        D630  4 0.0730 0.0294 0.0863 0.1245 0.0485 0.3134 0.0510 0.0267 0.1502 0.0584 0.0387 
        D631  4 0.6524 0.0622 0.0499 0.0285 0.0190 0.0579 0.0191 0.0177 0.0318 0.0372 0.0245 
        D632  4 0.2616 0.1368 0.0598 0.1793 0.0141 0.0294 0.0431 0.0779 0.0244 0.0163 0.1572 
        D646  4 0.0310 0.0363 0.0364 0.0201 0.0193 0.6171 0.0543 0.0163 0.0529 0.0293 0.0869 
        D647  4 0.0559 0.0567 0.0782 0.0606 0.0142 0.1566 0.2631 0.0184 0.1183 0.0490 0.1291 
        D648  4 0.2858 0.0260 0.0476 0.0198 0.0347 0.0276 0.0182 0.0520 0.4511 0.0134 0.0238 
        D649  4 0.2017 0.0198 0.0791 0.0329 0.0217 0.0405 0.1695 0.0870 0.0219 0.0279 0.2980 
        D650  4 0.0735 0.0233 0.1051 0.0723 0.0941 0.1937 0.1367 0.1026 0.0441 0.0650 0.0897 
        D708  4 0.2478 0.0253 0.0869 0.0385 0.1596 0.0950 0.0298 0.1430 0.0587 0.0777 0.0376 
        D709  4 0.0349 0.0237 0.0508 0.0125 0.0245 0.0254 0.0201 0.0495 0.4716 0.0220 0.2648 
        D738  4 0.0298 0.0138 0.0395 0.0396 0.4051 0.1770 0.0446 0.0188 0.0875 0.0433 0.1010 
        D739  4 0.0538 0.0339 0.1329 0.2993 0.0330 0.1488 0.0229 0.0306 0.1621 0.0514 0.0312 
        D740  4 0.0656 0.0633 0.1512 0.0571 0.1616 0.1120 0.0239 0.0779 0.0386 0.1163 0.1325 
        D741  4 0.0169 0.0392 0.0986 0.0216 0.0110 0.6393 0.0527 0.0261 0.0291 0.0268 0.0387 
        D742  4 0.0687 0.1911 0.0959 0.0622 0.1245 0.1699 0.0389 0.0376 0.0432 0.1296 0.0384 
        D743  4 0.4283 0.0491 0.0350 0.0251 0.0206 0.0340 0.2916 0.0349 0.0233 0.0363 0.0217 
        D744  4 0.8048 0.0211 0.0255 0.0168 0.0149 0.0253 0.0180 0.0221 0.0143 0.0185 0.0188 
        D745  4 0.0186 0.0132 0.0235 0.0393 0.0164 0.7845 0.0163 0.0239 0.0151 0.0186 0.0307 
        D814  4 0.0467 0.1037 0.1466 0.0614 0.0154 0.4341 0.0243 0.0283 0.0752 0.0515 0.0128 
        D815  4 0.3320 0.0365 0.0659 0.0236 0.0317 0.0416 0.0926 0.0527 0.1839 0.0531 0.0863 
        D828  4 0.0502 0.0501 0.0436 0.0249 0.0525 0.0581 0.0123 0.0388 0.5912 0.0555 0.0230 
        D845  4 0.0218 0.0205 0.0219 0.0127 0.0267 0.0230 0.0153 0.0199 0.0123 0.8120 0.0139 
        D846  4 0.2841 0.1187 0.1278 0.1662 0.0123 0.0310 0.0831 0.0539 0.0546 0.0439 0.0244 
        D847  4 0.0483 0.0403 0.0981 0.2505 0.0958 0.1463 0.1134 0.0354 0.0446 0.0873 0.0399 
        D848  4 0.0303 0.0432 0.0276 0.6415 0.0151 0.0125 0.0148 0.0171 0.0237 0.1546 0.0195 
        D849  4 0.0400 0.0340 0.1132 0.1663 0.0197 0.3726 0.0238 0.0578 0.1074 0.0233 0.0418 
        D850  4 0.0483 0.0355 0.1874 0.2225 0.0617 0.0928 0.0943 0.0433 0.0257 0.1452 0.0432 
        D856  4 0.0459 0.0236 0.2446 0.0378 0.0382 0.0761 0.0376 0.0503 0.1515 0.0306 0.2639 
        D857  4 0.0227 0.0743 0.0309 0.0328 0.0274 0.0258 0.0084 0.0324 0.1982 0.0199 0.5271 
        D859  4 0.4458 0.0278 0.0768 0.0282 0.0187 0.1531 0.0568 0.0196 0.0437 0.1041 0.0256 
        D860  4 0.0773 0.0915 0.0543 0.0369 0.3991 0.0241 0.0727 0.0215 0.0240 0.1671 0.0314 
        D883  4 0.0749 0.0260 0.0895 0.1335 0.0699 0.1381 0.1560 0.0894 0.0849 0.0555 0.0824 
        D884  4 0.0335 0.0129 0.0402 0.0160 0.0307 0.6299 0.0222 0.0369 0.0832 0.0213 0.0733 
        D885  4 0.0355 0.0538 0.1457 0.0305 0.0225 0.2996 0.0907 0.0934 0.0148 0.1811 0.0323 
        D886  4 0.0503 0.0617 0.0648 0.1311 0.0246 0.0527 0.1401 0.0216 0.2339 0.0350 0.1842 
        D887  4 0.0914 0.0991 0.0984 0.0424 0.0416 0.1293 0.1351 0.0318 0.0767 0.2076 0.0468 
        D889  4 0.0413 0.0108 0.0722 0.0177 0.0178 0.0593 0.0331 0.0306 0.1715 0.5322 0.0135 
        D890  4 0.0491 0.0677 0.0604 0.0534 0.0575 0.0219 0.0293 0.4552 0.0881 0.0397 0.0778 
        D891  4 0.0099 0.0143 0.0154 0.0110 0.0105 0.0133 0.0136 0.0198 0.0089 0.8734 0.0099 
        D899  4 0.0850 0.3847 0.0602 0.0325 0.0900 0.0422 0.0302 0.0375 0.0630 0.1442 0.0305 
        D900  4 0.1044 0.0829 0.1762 0.0918 0.0651 0.0860 0.1167 0.0425 0.1163 0.0512 0.0669 
        D970  4 0.2707 0.0497 0.1247 0.0668 0.0452 0.0420 0.1542 0.0624 0.0331 0.0977 0.0535 
        D971  4 0.1471 0.3921 0.0747 0.0355 0.0482 0.0167 0.0458 0.0497 0.0868 0.0268 0.0767 
        D979  4 0.2949 0.0413 0.0820 0.0365 0.0327 0.0439 0.1806 0.0855 0.1435 0.0352 0.0239 
        D093  5 0.0182 0.0215 0.0265 0.0216 0.6365 0.1028 0.0393 0.0233 0.0463 0.0433 0.0206 
        D154  5 0.0334 0.0853 0.0986 0.0140 0.0331 0.2295 0.0221 0.2846 0.0824 0.0887 0.0282 
        D168  5 0.0309 0.1405 0.0766 0.0861 0.0133 0.1289 0.0399 0.2946 0.0540 0.0950 0.0403 
        D189  5 0.0339 0.0302 0.0796 0.0263 0.2454 0.0831 0.0331 0.0259 0.2467 0.1640 0.0320 
        D190  5 0.0463 0.0208 0.0394 0.0153 0.5639 0.0421 0.0245 0.1219 0.0571 0.0287 0.0400 
     D237220  5 0.0732 0.0169 0.1158 0.1369 0.1238 0.1866 0.0247 0.0275 0.0471 0.1288 0.1188 
     D237221  5 0.0508 0.0798 0.0623 0.0298 0.2225 0.0649 0.0656 0.1533 0.0352 0.1643 0.0715 
     D237274  5 0.1893 0.0691 0.0863 0.0227 0.0132 0.0967 0.2750 0.0340 0.0870 0.0259 0.1008 
     D237275  5 0.0152 0.4303 0.0767 0.0199 0.0275 0.0279 0.0177 0.0502 0.1810 0.0887 0.0649 
     D237276  5 0.0341 0.0298 0.0672 0.0303 0.0911 0.3894 0.0515 0.0709 0.1356 0.0271 0.0730 
     D237277  5 0.0529 0.0461 0.0281 0.0149 0.3720 0.0539 0.0222 0.2204 0.0254 0.1238 0.0404 
     D237278  5 0.0713 0.3015 0.0721 0.0661 0.2143 0.0340 0.0654 0.0346 0.0576 0.0294 0.0536 
     D237279  5 0.0745 0.0183 0.1892 0.1213 0.0211 0.0352 0.0396 0.1507 0.0159 0.0343 0.3000 
     D237280  5 0.0571 0.0221 0.0746 0.1234 0.0641 0.0329 0.0515 0.2479 0.0350 0.0267 0.2645 
     D237281  5 0.0263 0.1582 0.1180 0.0136 0.0244 0.0559 0.0428 0.0154 0.0368 0.4875 0.0210 
     D237351  5 0.0213 0.0172 0.0314 0.0248 0.0459 0.0696 0.0165 0.2920 0.0177 0.0216 0.4419 
     D237352  5 0.1700 0.0521 0.0699 0.3058 0.0466 0.0298 0.0460 0.1280 0.0830 0.0261 0.0427 
     D237353  5 0.0392 0.0211 0.0230 0.0119 0.5689 0.0167 0.0167 0.1874 0.0237 0.0529 0.0386 
     D237359  5 0.0413 0.0230 0.1395 0.0976 0.0611 0.2931 0.0356 0.0475 0.0370 0.1896 0.0347 
     D237361  5 0.0150 0.0168 0.0201 0.0131 0.7674 0.0201 0.0204 0.0289 0.0316 0.0253 0.0413 
     D237362  5 0.0220 0.0268 0.0299 0.0150 0.0268 0.0364 0.0341 0.7466 0.0169 0.0257 0.0199 
     D237363  5 0.0214 0.0933 0.4386 0.0230 0.0492 0.0526 0.0298 0.1381 0.0387 0.0645 0.0510 
     D237364  5 0.0841 0.0778 0.1072 0.0627 0.0131 0.3224 0.0700 0.0545 0.0702 0.0691 0.0689 
     D237376  5 0.0529 0.0227 0.0412 0.0133 0.0479 0.0355 0.0099 0.0578 0.6636 0.0392 0.0162 
     D237377  5 0.0457 0.0440 0.1138 0.0320 0.1090 0.0200 0.0714 0.2616 0.0232 0.0327 0.2466 
     D237378  5 0.0679 0.0643 0.0741 0.0305 0.3799 0.0719 0.0277 0.0663 0.1069 0.0858 0.0246 
     D237379  5 0.1828 0.0416 0.1123 0.0384 0.2565 0.0831 0.0334 0.0409 0.1250 0.0529 0.0330 
     D237380  5 0.0592 0.0140 0.0450 0.0258 0.0475 0.0386 0.0181 0.0293 0.2432 0.0153 0.4642 
     D237381  5 0.1096 0.0609 0.0899 0.1658 0.0619 0.0519 0.0303 0.0353 0.1281 0.0525 0.2137 
     D237391  5 0.0192 0.0143 0.0213 0.0205 0.7393 0.0380 0.0276 0.0384 0.0107 0.0493 0.0214 
     D237392  5 0.0708 0.1919 0.0924 0.0253 0.0223 0.0574 0.1864 0.0873 0.0919 0.0407 0.1337 
     D237393  5 0.0400 0.0537 0.0542 0.0481 0.1557 0.0262 0.4224 0.0430 0.0574 0.0475 0.0519 
