        D174  1 0.7279 0.1882 0.0838 
        D199  1 0.5766 0.1353 0.2880 
        D203  1 0.4370 0.2311 0.3319 
        D204  1 0.6675 0.1839 0.1487 
     D237366  1 0.2459 0.5463 0.2079 
     D237367  1 0.2294 0.6144 0.1562 
     D237368  1 0.3066 0.5476 0.1458 
     D244101  1 0.3230 0.1383 0.5386 
     D244102  1 0.4431 0.3106 0.2463 
     D244103  1 0.2721 0.6298 0.0981 
     D244104  1 0.6703 0.1675 0.1621 
     D244105  1 0.0803 0.8197 0.0999 
     D244106  1 0.5335 0.1378 0.3287 
     D244107  1 0.0652 0.8426 0.0923 
     D244108  1 0.7357 0.1578 0.1064 
     D244113  1 0.7381 0.0992 0.1627 
     D244114  1 0.2451 0.2689 0.4860 
     D244115  1 0.4992 0.3969 0.1039 
     D267365  1 0.7952 0.0917 0.1131 
        D404  1 0.6449 0.1515 0.2036 
        D405  1 0.5019 0.2114 0.2867 
        D406  1 0.2145 0.7337 0.0518 
        D407  1 0.2059 0.6908 0.1033 
        D408  1 0.6514 0.1140 0.2346 
        D409  1 0.1241 0.7259 0.1500 
        D410  1 0.1578 0.8037 0.0386 
        D421  1 0.6655 0.1996 0.1349 
        D422  1 0.0490 0.9014 0.0496 
        D423  1 0.0562 0.8997 0.0441 
        D424  1 0.3822 0.5635 0.0543 
        D425  1 0.7614 0.1352 0.1033 
        D426  1 0.0794 0.6813 0.2393 
        D427  1 0.2808 0.1017 0.6175 
        D428  1 0.6169 0.2633 0.1198 
        D429  1 0.6607 0.1870 0.1524 
        D430  1 0.2632 0.2731 0.4637 
        D491  1 0.8794 0.0574 0.0632 
        D492  1 0.5324 0.3505 0.1171 
        D537  1 0.6530 0.2764 0.0706 
        D538  1 0.3510 0.4177 0.2313 
        D539  1 0.3851 0.1917 0.4232 
        D540  1 0.4050 0.4607 0.1343 
        D541  1 0.6616 0.2348 0.1037 
        D551  1 0.1188 0.3116 0.5696 
        D552  1 0.6236 0.2629 0.1135 
        D553  1 0.6428 0.2706 0.0866 
        D615  1 0.5114 0.2961 0.1926 
        D616  1 0.3365 0.4669 0.1966 
        D621  1 0.2641 0.6485 0.0875 
        D622  1 0.1427 0.7653 0.0920 
        D623  1 0.4447 0.0816 0.4737 
        D624  1 0.8286 0.0901 0.0813 
        D625  1 0.7863 0.1587 0.0550 
        D626  1 0.5533 0.2820 0.1647 
        D627  1 0.1125 0.6914 0.1961 
        D690  1 0.7594 0.1936 0.0470 
        D691  1 0.1968 0.7220 0.0811 
        D710  1 0.5334 0.2721 0.1945 
        D711  1 0.7030 0.1892 0.1079 
        D712  1 0.7357 0.1057 0.1586 
        D713  1 0.7810 0.1499 0.0691 
        D746  1 0.1311 0.8057 0.0632 
        D747  1 0.6764 0.1686 0.1550 
        D748  1 0.3833 0.5287 0.0880 
        D749  1 0.1806 0.6301 0.1893 
        D750  1 0.8053 0.1269 0.0678 
        D763  1 0.1978 0.2595 0.5427 
        D764  1 0.7686 0.1824 0.0490 
        D765  1 0.2788 0.6369 0.0842 
        D766  1 0.3507 0.5824 0.0669 
        D767  1 0.3788 0.3753 0.2459 
        D768  1 0.4510 0.4344 0.1146 
        D811  1 0.5605 0.2581 0.1815 
        D816  1 0.8183 0.1148 0.0669 
        D825  1 0.6005 0.3160 0.0835 
        D866  1 0.3087 0.1278 0.5634 
        D867  1 0.0620 0.8575 0.0805 
        D871  1 0.1787 0.7014 0.1199 
        D872  1 0.6346 0.2572 0.1083 
        D873  1 0.0404 0.9183 0.0413 
        D874  1 0.7746 0.0617 0.1637 
        D875  1 0.0714 0.8758 0.0529 
        D876  1 0.8063 0.1195 0.0742 
        D877  1 0.8002 0.0969 0.1029 
        D892  1 0.7282 0.2116 0.0601 
        D893  1 0.4255 0.3554 0.2191 
        D894  1 0.5258 0.3324 0.1418 
        D915  1 0.6089 0.3066 0.0845 
        D916  1 0.7100 0.2304 0.0596 
        D917  1 0.7294 0.0830 0.1876 
        D925  1 0.3923 0.5507 0.0570 
        D926  1 0.4979 0.3890 0.1131 
        D927  1 0.3602 0.1399 0.4999 
        D928  1 0.9113 0.0468 0.0419 
        D929  1 0.4991 0.2973 0.2037 
        D936  1 0.4779 0.1282 0.3939 
        D938  1 0.1013 0.8529 0.0458 
        D956  1 0.6219 0.1828 0.1953 
        D957  1 0.4957 0.3911 0.1132 
        D958  1 0.7858 0.1679 0.0464 
        D959  1 0.1786 0.7372 0.0842 
        D960  1 0.1288 0.8105 0.0607 
        D989  1 0.5288 0.0882 0.3831 
        D990  1 0.0814 0.7626 0.1560 
        D023  2 0.1376 0.8050 0.0573 
        D130  2 0.1130 0.8182 0.0688 
        D131  2 0.2651 0.4875 0.2474 
        D163  2 0.1025 0.8374 0.0601 
        D164  2 0.0560 0.5030 0.4409 
        D165  2 0.0714 0.8366 0.0920 
        D166  2 0.1873 0.4678 0.3448 
        D167  2 0.0682 0.0528 0.8790 
        D192  2 0.0402 0.0440 0.9159 
        D193  2 0.4758 0.2379 0.2863 
        D206  2 0.1947 0.5396 0.2657 
        D207  2 0.1305 0.1476 0.7218 
        D208  2 0.3230 0.1106 0.5664 
        D209  2 0.0936 0.2863 0.6201 
        D210  2 0.5156 0.0934 0.3909 
     D229599  2 0.3398 0.2609 0.3993 
     D229600  2 0.0950 0.5101 0.3949 
     D237227  2 0.4062 0.2882 0.3055 
     D237228  2 0.2340 0.5119 0.2541 
     D237258  2 0.3035 0.2778 0.4187 
     D237310  2 0.0979 0.7273 0.1748 
     D237311  2 0.0909 0.5738 0.3353 
     D237312  2 0.2565 0.6035 0.1400 
     D237313  2 0.5984 0.2679 0.1338 
     D237322  2 0.1991 0.2032 0.5977 
     D237323  2 0.2162 0.6252 0.1586 
     D237324  2 0.0695 0.5566 0.3739 
     D237325  2 0.2901 0.5284 0.1815 
     D237326  2 0.3939 0.5202 0.0859 
     D237327  2 0.1422 0.1883 0.6695 
     D237337  2 0.2347 0.6852 0.0801 
     D237338  2 0.2078 0.4757 0.3165 
     D237339  2 0.2305 0.1423 0.6273 
     D237340  2 0.2918 0.2427 0.4655 
     D237389  2 0.0828 0.8000 0.1172 
     D237390  2 0.3964 0.4350 0.1686 
     D244017  2 0.3223 0.1287 0.5490 
     D244112  2 0.0502 0.1463 0.8036 
     D244118  2 0.0593 0.2711 0.6696 
     D244119  2 0.4126 0.0595 0.5279 
     D244120  2 0.1019 0.0951 0.8030 
     D244122  2 0.1356 0.1485 0.7159 
        D291  2 0.1266 0.2645 0.6089 
        D292  2 0.2997 0.0911 0.6091 
        D293  2 0.1575 0.0735 0.7690 
        D322  2 0.2398 0.1724 0.5878 
        D323  2 0.3726 0.2257 0.4017 
        D324  2 0.3665 0.3013 0.3322 
        D325  2 0.0413 0.1064 0.8523 
        D326  2 0.8198 0.0775 0.1028 
        D340  2 0.0461 0.0772 0.8767 
        D341  2 0.0823 0.0832 0.8345 
        D342  2 0.0693 0.3608 0.5699 
        D343  2 0.0284 0.0491 0.9225 
        D344  2 0.4021 0.3487 0.2492 
        D345  2 0.4365 0.4047 0.1588 
        D346  2 0.5982 0.1233 0.2785 
        D351  2 0.2601 0.3810 0.3589 
        D352  2 0.2675 0.2999 0.4326 
        D353  2 0.3535 0.3668 0.2797 
        D354  2 0.6494 0.2319 0.1187 
        D362  2 0.6692 0.2364 0.0943 
        D363  2 0.7528 0.1524 0.0948 
        D364  2 0.5976 0.2696 0.1328 
        D365  2 0.0716 0.0416 0.8868 
        D369  2 0.4315 0.2152 0.3533 
        D374  2 0.7089 0.1231 0.1680 
        D375  2 0.3125 0.4588 0.2287 
        D376  2 0.5748 0.1759 0.2492 
        D377  2 0.3588 0.4119 0.2293 
        D378  2 0.2571 0.2045 0.5384 
        D379  2 0.7815 0.1361 0.0824 
        D384  2 0.8882 0.0628 0.0490 
        D385  2 0.0624 0.0639 0.8737 
        D386  2 0.4057 0.3271 0.2673 
        D391  2 0.0791 0.0631 0.8579 
        D392  2 0.2040 0.1400 0.6560 
        D393  2 0.3259 0.1991 0.4751 
        D394  2 0.2057 0.5334 0.2609 
        D395  2 0.0798 0.1435 0.7767 
        D401  2 0.0890 0.8175 0.0934 
        D402  2 0.0552 0.0508 0.8939 
        D403  2 0.3199 0.5470 0.1330 
        D415  2 0.2374 0.6876 0.0750 
        D435  2 0.1845 0.3269 0.4886 
        D436  2 0.5986 0.2277 0.1737 
        D438  2 0.0583 0.0723 0.8693 
        D439  2 0.1584 0.4412 0.4004 
        D449  2 0.0951 0.3931 0.5117 
        D450  2 0.6842 0.2001 0.1157 
        D456  2 0.6397 0.2948 0.0656 
        D462  2 0.0700 0.0615 0.8685 
        D463  2 0.8755 0.0764 0.0480 
        D464  2 0.3766 0.1935 0.4299 
        D465  2 0.1836 0.4217 0.3947 
        D473  2 0.6277 0.1831 0.1893 
        D474  2 0.4519 0.2071 0.3411 
        D476  2 0.0853 0.6278 0.2869 
        D477  2 0.5454 0.1840 0.2706 
        D478  2 0.4137 0.3972 0.1890 
        D480  2 0.4651 0.0795 0.4554 
        D481  2 0.4769 0.2412 0.2819 
        D482  2 0.1662 0.1972 0.6365 
        D483  2 0.0850 0.0576 0.8574 
        D484  2 0.2130 0.1727 0.6143 
        D510  2 0.6421 0.0799 0.2781 
        D511  2 0.2561 0.2013 0.5426 
        D512  2 0.0600 0.7557 0.1843 
        D513  2 0.2217 0.2400 0.5383 
        D635  2 0.3150 0.5799 0.1051 
        D636  2 0.0883 0.8653 0.0464 
        D637  2 0.2016 0.1578 0.6406 
        D658  2 0.1665 0.1142 0.7193 
        D659  2 0.5330 0.3124 0.1546 
        D677  2 0.2637 0.4373 0.2989 
        D678  2 0.0684 0.1599 0.7717 
        D679  2 0.5194 0.1660 0.3145 
        D719  2 0.7333 0.0472 0.2195 
        D720  2 0.8028 0.1015 0.0957 
        D721  2 0.1627 0.6356 0.2017 
        D722  2 0.6580 0.1251 0.2169 
        D734  2 0.4183 0.0627 0.5190 
        D735  2 0.5604 0.2136 0.2260 
        D736  2 0.5737 0.1621 0.2642 
        D737  2 0.0925 0.1111 0.7964 
        D807  2 0.6018 0.1355 0.2627 
        D808  2 0.1676 0.4745 0.3579 
        D817  2 0.7032 0.1855 0.1113 
        D818  2 0.1313 0.2388 0.6299 
        D819  2 0.2978 0.5020 0.2002 
        D820  2 0.7487 0.0867 0.1646 
        D895  2 0.3134 0.5566 0.1300 
        D896  2 0.1356 0.7958 0.0685 
        D897  2 0.0960 0.1824 0.7215 
        D898  2 0.2840 0.4069 0.3092 
        D918  2 0.2032 0.4411 0.3557 
        D919  2 0.1933 0.1942 0.6125 
        D920  2 0.0993 0.8166 0.0841 
        D923  2 0.6418 0.1810 0.1772 
        D930  2 0.7099 0.1594 0.1307 
        D931  2 0.4165 0.1530 0.4305 
        D968  2 0.0516 0.0472 0.9012 
        D969  2 0.3426 0.1322 0.5252 
        D977  2 0.0716 0.1496 0.7787 
        D978  2 0.1598 0.1501 0.6901 
        D211  3 0.1755 0.7025 0.1220 
     D229639  3 0.2037 0.0785 0.7177 
     D237212  3 0.1554 0.2979 0.5468 
     D237213  3 0.2121 0.6177 0.1703 
     D237214  3 0.1314 0.8103 0.0583 
     D237215  3 0.1204 0.0558 0.8238 
     D237216  3 0.1213 0.6057 0.2730 
     D237217  3 0.1101 0.7767 0.1132 
     D237218  3 0.2106 0.1954 0.5940 
     D237219  3 0.1551 0.5334 0.3115 
     D237382  3 0.5300 0.2932 0.1768 
     D244127  3 0.0783 0.6768 0.2449 
     D244129  3 0.2800 0.4268 0.2932 
     D244133  3 0.3610 0.3781 0.2609 
     D244134  3 0.3381 0.1890 0.4729 
     D244135  3 0.0892 0.7905 0.1204 
     D244136  3 0.6007 0.1906 0.2087 
        D416  3 0.1383 0.4173 0.4443 
        D417  3 0.6114 0.3149 0.0737 
        D419  3 0.2505 0.3576 0.3920 
        D565  3 0.9030 0.0427 0.0543 
        D566  3 0.4090 0.1192 0.4718 
        D567  3 0.4252 0.4554 0.1195 
        D568  3 0.1368 0.4967 0.3665 
        D569  3 0.1765 0.2531 0.5704 
        D573  3 0.0871 0.1112 0.8016 
        D574  3 0.5216 0.2653 0.2131 
        D575  3 0.3987 0.4059 0.1954 
        D576  3 0.0526 0.0657 0.8816 
        D577  3 0.6650 0.2289 0.1061 
        D578  3 0.0399 0.8967 0.0634 
        D579  3 0.5058 0.1889 0.3053 
        D660  3 0.0630 0.2974 0.6396 
        D661  3 0.0852 0.1543 0.7605 
        D663  3 0.1004 0.0982 0.8015 
        D664  3 0.1982 0.4632 0.3385 
        D665  3 0.0603 0.7058 0.2339 
        D666  3 0.3421 0.4233 0.2345 
        D009  4 0.1913 0.7014 0.1073 
        D057  4 0.1489 0.2211 0.6300 
        D109  4 0.1761 0.7316 0.0923 
     D237222  4 0.3322 0.5423 0.1255 
     D237223  4 0.2298 0.5689 0.2013 
     D237224  4 0.1465 0.1286 0.7249 
     D237225  4 0.2344 0.6115 0.1542 
     D237299  4 0.0669 0.7390 0.1941 
     D237300  4 0.0895 0.0812 0.8293 
     D237306  4 0.6945 0.1964 0.1092 
     D237307  4 0.6855 0.1582 0.1563 
     D237308  4 0.2591 0.1390 0.6019 
     D237309  4 0.2212 0.5983 0.1805 
     D237317  4 0.7990 0.1225 0.0785 
     D237318  4 0.0613 0.0506 0.8881 
     D237319  4 0.2243 0.5353 0.2404 
     D237320  4 0.1653 0.4677 0.3670 
     D237321  4 0.1433 0.1379 0.7187 
     D237397  4 0.3880 0.2587 0.3533 
     D237398  4 0.1145 0.1727 0.7128 
     D237399  4 0.4678 0.1932 0.3390 
     D244001  4 0.1163 0.7324 0.1513 
        D289  4 0.4653 0.1553 0.3794 
        D290  4 0.3303 0.2811 0.3885 
        D294  4 0.3212 0.2434 0.4354 
        D295  4 0.5402 0.2931 0.1667 
        D301  4 0.1085 0.6612 0.2303 
        D302  4 0.5950 0.2236 0.1814 
        D303  4 0.6067 0.1714 0.2219 
        D304  4 0.4874 0.1558 0.3569 
        D305  4 0.0653 0.3657 0.5691 
        D306  4 0.4406 0.3408 0.2186 
        D307  4 0.1108 0.7295 0.1596 
        D327  4 0.7107 0.1503 0.1391 
        D328  4 0.5684 0.1781 0.2536 
        D329  4 0.1797 0.2476 0.5727 
        D330  4 0.2311 0.6619 0.1070 
        D331  4 0.4339 0.2271 0.3389 
        D333  4 0.4200 0.2510 0.3290 
        D334  4 0.7531 0.1440 0.1029 
        D335  4 0.7078 0.1059 0.1863 
        D370  4 0.5279 0.2864 0.1856 
        D371  4 0.8299 0.0755 0.0945 
        D372  4 0.0719 0.0895 0.8386 
        D373  4 0.0651 0.6984 0.2366 
        D455  4 0.0888 0.7171 0.1941 
        D490  4 0.0785 0.8670 0.0544 
        D497  4 0.0731 0.8402 0.0867 
        D498  4 0.3811 0.2672 0.3516 
        D499  4 0.1554 0.1517 0.6929 
        D514  4 0.3506 0.4308 0.2186 
        D515  4 0.2124 0.6589 0.1287 
        D516  4 0.4456 0.3501 0.2042 
        D517  4 0.0816 0.7542 0.1642 
        D518  4 0.4610 0.2908 0.2482 
        D519  4 0.1109 0.6861 0.2030 
        D560  4 0.1533 0.5503 0.2964 
        D561  4 0.0869 0.8034 0.1097 
        D562  4 0.2491 0.3519 0.3990 
        D563  4 0.0717 0.1831 0.7452 
        D572  4 0.3892 0.2928 0.3180 
        D629  4 0.3797 0.4637 0.1565 
        D630  4 0.3581 0.3723 0.2695 
        D631  4 0.1659 0.1403 0.6939 
        D632  4 0.1180 0.5947 0.2873 
        D646  4 0.2204 0.6085 0.1710 
        D647  4 0.3358 0.4240 0.2402 
        D648  4 0.4988 0.1885 0.3127 
        D649  4 0.3832 0.5100 0.1068 
        D650  4 0.6171 0.2499 0.1331 
        D708  4 0.5674 0.2022 0.2304 
        D709  4 0.4871 0.2869 0.2260 
        D738  4 0.7789 0.1465 0.0746 
        D739  4 0.1777 0.5536 0.2687 
        D740  4 0.1805 0.3795 0.4400 
        D741  4 0.1383 0.5252 0.3365 
        D742  4 0.1811 0.1328 0.6861 
        D743  4 0.5298 0.1328 0.3374 
        D744  4 0.2645 0.2135 0.5220 
        D745  4 0.0949 0.7960 0.1091 
        D814  4 0.0747 0.3203 0.6049 
        D815  4 0.5864 0.1742 0.2394 
        D828  4 0.2623 0.1707 0.5671 
        D845  4 0.1082 0.0510 0.8408 
        D846  4 0.1158 0.3189 0.5654 
        D847  4 0.3111 0.3694 0.3195 
        D848  4 0.0526 0.5492 0.3983 
        D849  4 0.1204 0.7565 0.1231 
        D850  4 0.3730 0.3794 0.2475 
        D856  4 0.2235 0.6037 0.1729 
        D857  4 0.0573 0.8131 0.1296 
        D859  4 0.3005 0.1943 0.5052 
        D860  4 0.6469 0.0595 0.2936 
        D883  4 0.5082 0.3737 0.1181 
        D884  4 0.4578 0.4157 0.1265 
        D885  4 0.1380 0.3644 0.4976 
        D886  4 0.3294 0.4890 0.1816 
        D887  4 0.1952 0.2286 0.5763 
        D889  4 0.2146 0.1152 0.6702 
        D890  4 0.4689 0.2790 0.2521 
        D891  4 0.0401 0.0406 0.9193 
        D899  4 0.2266 0.0831 0.6903 
        D900  4 0.3638 0.3557 0.2805 
        D970  4 0.3724 0.2230 0.4046 
        D971  4 0.3273 0.1210 0.5517 
        D979  4 0.7490 0.0827 0.1683 
        D093  5 0.6464 0.1387 0.2149 
        D154  5 0.1575 0.1786 0.6640 
        D168  5 0.0992 0.4011 0.4996 
        D189  5 0.4501 0.1145 0.4354 
        D190  5 0.7526 0.0766 0.1708 
     D237220  5 0.2436 0.4378 0.3186 
     D237221  5 0.5057 0.1465 0.3478 
     D237274  5 0.6178 0.2559 0.1263 
     D237275  5 0.0731 0.1101 0.8167 
     D237276  5 0.5917 0.2498 0.1585 
     D237277  5 0.5318 0.0958 0.3724 
     D237278  5 0.2097 0.2107 0.5796 
     D237279  5 0.0970 0.8308 0.0722 
     D237280  5 0.3330 0.5577 0.1094 
     D237281  5 0.0639 0.0721 0.8640 
     D237351  5 0.2149 0.6612 0.1239 
     D237352  5 0.4324 0.4327 0.1349 
     D237353  5 0.7702 0.0657 0.1641 
     D237359  5 0.1684 0.4014 0.4303 
     D237361  5 0.8208 0.0947 0.0845 
     D237362  5 0.4982 0.2448 0.2570 
     D237363  5 0.1590 0.4738 0.3672 
     D237364  5 0.1331 0.3510 0.5160 
     D237376  5 0.4481 0.1341 0.4178 
     D237377  5 0.4870 0.4089 0.1041 
     D237378  5 0.3248 0.1122 0.5631 
     D237379  5 0.4236 0.2003 0.3761 
     D237380  5 0.3464 0.5838 0.0698 
     D237381  5 0.2398 0.5805 0.1796 
     D237391  5 0.7601 0.1077 0.1322 
     D237392  5 0.5041 0.2554 0.2406 
     D237393  5 0.6830 0.1795 0.1375 
     D237394  5 0.8579 0.0866 0.0555 
     D237395  5 0.3634 0.3395 0.2971 
     D237396  5 0.5501 0.2743 0.1756 
     D244016  5 0.4580 0.1854 0.3566 
     D244018  5 0.2396 0.2356 0.5248 
     D244019  5 0.5313 0.1880 0.2806 
        D279  5 0.1208 0.1848 0.6944 
        D280  5 0.4763 0.2448 0.2789 
        D281  5 0.1032 0.0727 0.8241 
        D283  5 0.8067 0.0799 0.1134 
        D284  5 0.1533 0.6418 0.2049 
        D285  5 0.6356 0.1314 0.2331 
        D286  5 0.4944 0.2146 0.2910 
        D287  5 0.4385 0.2646 0.2969 
        D288  5 0.5842 0.1377 0.2781 
        D308  5 0.2085 0.7393 0.0522 
        D309  5 0.4425 0.3644 0.1931 
        D310  5 0.7766 0.0920 0.1314 
        D311  5 0.5988 0.1726 0.2286 
        D312  5 0.6912 0.1561 0.1527 
        D313  5 0.0531 0.9073 0.0396 
        D314  5 0.1450 0.3114 0.5436 
        D315  5 0.6560 0.1755 0.1685 
        D317  5 0.8408 0.0697 0.0895 
        D318  5 0.2402 0.3947 0.3651 
        D319  5 0.7510 0.0868 0.1622 
        D320  5 0.7385 0.1131 0.1484 
        D321  5 0.2450 0.6468 0.1082 
        D336  5 0.7773 0.0984 0.1243 
        D337  5 0.8067 0.0469 0.1464 
        D338  5 0.4338 0.2845 0.2817 
        D339  5 0.6077 0.1660 0.2263 
        D347  5 0.5647 0.1479 0.2874 
        D348  5 0.7996 0.0604 0.1400 
        D349  5 0.1551 0.7581 0.0868 
        D350  5 0.2795 0.2915 0.4290 
        D355  5 0.1899 0.1269 0.6832 
        D356  5 0.7628 0.1461 0.0911 
        D357  5 0.4054 0.3154 0.2792 
        D358  5 0.6587 0.1676 0.1737 
        D359  5 0.8841 0.0648 0.0511 
        D360  5 0.7569 0.1528 0.0903 
        D361  5 0.1198 0.8246 0.0556 
        D366  5 0.3099 0.3077 0.3823 
        D367  5 0.5042 0.2734 0.2224 
        D368  5 0.5652 0.3208 0.1140 
        D380  5 0.3559 0.3863 0.2578 
        D381  5 0.7041 0.1149 0.1810 
        D400  5 0.4599 0.1031 0.4371 
        D411  5 0.0393 0.9032 0.0575 
        D412  5 0.3517 0.2986 0.3497 
        D413  5 0.1155 0.1484 0.7361 
        D414  5 0.0914 0.1181 0.7906 
        D420  5 0.1287 0.5224 0.3489 
        D431  5 0.1421 0.2948 0.5630 
        D432  5 0.5046 0.1838 0.3116 
        D433  5 0.6207 0.0997 0.2796 
        D434  5 0.8060 0.1033 0.0907 
        D440  5 0.3110 0.3737 0.3153 
        D447  5 0.2170 0.5495 0.2335 
        D448  5 0.6727 0.0825 0.2448 
        D459  5 0.1280 0.0688 0.8031 
        D460  5 0.2394 0.6849 0.0757 
        D461  5 0.5382 0.2131 0.2486 
        D468  5 0.4558 0.3638 0.1804 
        D469  5 0.5882 0.2750 0.1368 
        D470  5 0.3590 0.4676 0.1734 
        D471  5 0.6444 0.0662 0.2894 
        D472  5 0.4901 0.1147 0.3952 
        D479  5 0.0801 0.0746 0.8453 
        D485  5 0.4007 0.2597 0.3396 
        D486  5 0.3280 0.5485 0.1234 
        D487  5 0.1321 0.1068 0.7611 
        D555  5 0.7370 0.0705 0.1925 
        D556  5 0.3889 0.1463 0.4647 
        D557  5 0.7681 0.0622 0.1696 
        D564  5 0.4748 0.2818 0.2433 
        D594  5 0.4919 0.3160 0.1921 
        D595  5 0.5749 0.1791 0.2460 
        D596  5 0.7845 0.0678 0.1477 
        D597  5 0.5564 0.0868 0.3568 
        D598  5 0.6145 0.1932 0.1924 
        D617  5 0.0562 0.7341 0.2097 
        D618  5 0.5885 0.1101 0.3015 
        D619  5 0.5498 0.3250 0.1252 
        D620  5 0.0975 0.0582 0.8443 
        D628  5 0.3905 0.3166 0.2929 
        D714  5 0.1999 0.1096 0.6904 
        D715  5 0.7208 0.0709 0.2082 
        D716  5 0.4377 0.1484 0.4138 
        D717  5 0.6717 0.1601 0.1682 
        D718  5 0.1921 0.4901 0.3178 
        D769  5 0.0924 0.7128 0.1948 
        D770  5 0.1722 0.1335 0.6943 
        D771  5 0.1969 0.2421 0.5610 
        D772  5 0.6207 0.1343 0.2451 
        D782  5 0.1065 0.6554 0.2381 
        D783  5 0.1554 0.1124 0.7322 
        D784  5 0.6138 0.1609 0.2253 
        D785  5 0.7506 0.1502 0.0993 
        D786  5 0.2380 0.6215 0.1404 
        D821  5 0.8153 0.0546 0.1301 
        D822  5 0.7096 0.1410 0.1494 
        D826  5 0.3208 0.1143 0.5649 
        D827  5 0.4779 0.3277 0.1944 
        D851  5 0.4373 0.3175 0.2452 
        D852  5 0.1551 0.1429 0.7021 
        D853  5 0.4769 0.2040 0.3192 
        D854  5 0.1383 0.3679 0.4938 
        D861  5 0.2607 0.3653 0.3741 
        D862  5 0.8131 0.1133 0.0736 
        D865  5 0.6334 0.1180 0.2486 
        D868  5 0.7055 0.1536 0.1409 
        D869  5 0.0859 0.8654 0.0487 
        D870  5 0.0774 0.8312 0.0914 
        D907  5 0.5910 0.2512 0.1578 
        D908  5 0.1246 0.0876 0.7878 
        D910  5 0.5116 0.0776 0.4108 
        D911  5 0.1467 0.0907 0.7626 
        D934  5 0.1194 0.1235 0.7570 
        D946  5 0.1232 0.2210 0.6558 
        D947  5 0.3470 0.2818 0.3712 
        D948  5 0.2855 0.6434 0.0711 
        D949  5 0.2263 0.7056 0.0681 
        D950  5 0.1415 0.0716 0.7870 
        D951  5 0.5816 0.3235 0.0949 
        D952  5 0.7879 0.0933 0.1188 
        D953  5 0.7499 0.1014 0.1487 
        D954  5 0.8287 0.0932 0.0780 
        D961  5 0.3586 0.2801 0.3613 
        D962  5 0.8071 0.0958 0.0971 
        D963  5 0.6826 0.0889 0.2285 
        D964  5 0.1781 0.4269 0.3951 
        D965  5 0.3285 0.2254 0.4461 
        D966  5 0.4632 0.1193 0.4175 
        D967  5 0.3060 0.2206 0.4734 
        D991  5 0.4827 0.3640 0.1533 
        D502  6 0.0686 0.5329 0.3986 
        D503  6 0.0828 0.4443 0.4728 
        D504  6 0.5207 0.2371 0.2422 
        D505  6 0.4067 0.2223 0.3709 
        D506  6 0.8085 0.1022 0.0893 
        D507  6 0.1525 0.2950 0.5526 
        D508  6 0.2889 0.2363 0.4748 
        D529  6 0.3447 0.4195 0.2357 
        D530  6 0.3880 0.3707 0.2413 
        D531  6 0.3968 0.2553 0.3479 
        D532  6 0.6916 0.1407 0.1677 
        D534  6 0.0989 0.7928 0.1083 
        D535  6 0.6531 0.2242 0.1227 
        D536  6 0.0514 0.2994 0.6491 
        D554  6 0.4547 0.3828 0.1625 
        D587  6 0.8147 0.0770 0.1083 
        D588  6 0.6100 0.2399 0.1501 
        D589  6 0.1817 0.2467 0.5716 
        D590  6 0.0869 0.2009 0.7122 
        D591  6 0.2952 0.3207 0.3841 
        D592  6 0.1478 0.7196 0.1327 
        D593  6 0.4122 0.2709 0.3169 
        D682  6 0.7213 0.1407 0.1380 
        D683  6 0.7736 0.1443 0.0821 
        D684  6 0.0571 0.5351 0.4078 
        D685  6 0.0970 0.4629 0.4401 
        D686  6 0.6561 0.2052 0.1387 
        D724  6 0.1819 0.4460 0.3721 
        D725  6 0.2936 0.2560 0.4504 
        D726  6 0.7976 0.1141 0.0883 
        D727  6 0.2575 0.3333 0.4092 
        D728  6 0.6774 0.1908 0.1318 
        D729  6 0.1004 0.8025 0.0971 
        D730  6 0.2055 0.3905 0.4040 
        D731  6 0.3527 0.0548 0.5925 
        D732  6 0.3803 0.2822 0.3376 
        D733  6 0.3493 0.3208 0.3299 
     D237251  7 0.1553 0.1083 0.7364 
     D237252  7 0.0994 0.5536 0.3470 
     D237253  7 0.1972 0.1484 0.6544 
     D237254  7 0.0569 0.8749 0.0682 
     D237255  7 0.1052 0.0783 0.8165 
     D237256  7 0.1120 0.0998 0.7882 
     D237257  7 0.0979 0.6767 0.2254 
     D237282  7 0.2928 0.4471 0.2602 
     D237283  7 0.0642 0.8289 0.1069 
     D237284  7 0.0818 0.8466 0.0716 
     D237285  7 0.4353 0.2187 0.3460 
     D237286  7 0.4046 0.2377 0.3577 
     D237287  7 0.1743 0.2398 0.5859 
     D244006  7 0.0574 0.8778 0.0648 
     D244007  7 0.2127 0.3264 0.4609 
     D244008  7 0.1341 0.7903 0.0756 
     D244009  7 0.3285 0.5551 0.1165 
     D244010  7 0.0972 0.6318 0.2710 
     D244011  7 0.2171 0.2177 0.5652 
     D244012  7 0.1356 0.4017 0.4627 
     D244013  7 0.2820 0.1000 0.6180 
     D244014  7 0.0864 0.3662 0.5474 
     D244015  7 0.0838 0.7735 0.1428 
     D244125  7 0.4098 0.1212 0.4691 
     D244126  7 0.0468 0.8776 0.0756 
     D244130  7 0.2090 0.4619 0.3291 
     D244131  7 0.5893 0.2362 0.1745 
     D244132  7 0.7584 0.1266 0.1150 
        D520  7 0.2690 0.6199 0.1111 
        D521  7 0.2921 0.3598 0.3481 
        D522  7 0.3289 0.5652 0.1059 
        D523  7 0.1333 0.1128 0.7539 
        D524  7 0.3028 0.1741 0.5232 
        D525  7 0.0920 0.5603 0.3477 
        D526  7 0.0773 0.8510 0.0717 
        D527  7 0.2931 0.3388 0.3681 
        D528  7 0.0553 0.9022 0.0425 
        D558  7 0.1912 0.3552 0.4535 
        D559  7 0.1286 0.3594 0.5120 
        D640  7 0.4025 0.1413 0.4562 
        D641  7 0.1405 0.3012 0.5583 
        D642  7 0.1376 0.5868 0.2756 
        D644  7 0.4672 0.2847 0.2481 
        D645  7 0.1844 0.2673 0.5483 
        D662  7 0.4950 0.4531 0.0519 
        D687  7 0.2606 0.2228 0.5166 
        D688  7 0.2065 0.5087 0.2848 
        D689  7 0.4246 0.2431 0.3323 
        D700  7 0.0517 0.8967 0.0517 
        D797  7 0.4710 0.2338 0.2953 
        D798  7 0.1181 0.7859 0.0960 
        D799  7 0.0853 0.2182 0.6966 
        D800  7 0.2099 0.4590 0.3312 
        D132  8 0.0864 0.8451 0.0685 
        D133  8 0.0484 0.1271 0.8245 
        D200  8 0.1848 0.2589 0.5563 
        D500  8 0.0876 0.8643 0.0481 
        D614  8 0.5775 0.2499 0.1726 
        D723  8 0.3001 0.4825 0.2174 
        D888  8 0.0926 0.0706 0.8368 
        D901  8 0.0949 0.6520 0.2531 
        D902  8 0.7168 0.1362 0.1470 
        D903  8 0.7648 0.0987 0.1364 
        D904  8 0.4317 0.2924 0.2759 
        D905  8 0.0948 0.0504 0.8548 
        D906  8 0.1118 0.2534 0.6348 
        D937  8 0.6707 0.1237 0.2055 
        D943  8 0.1231 0.5362 0.3407 
        D972  8 0.1962 0.6491 0.1547 
        D973  8 0.6310 0.2820 0.0870 
        D974  8 0.4058 0.3548 0.2394 
        D975  8 0.3218 0.2680 0.4102 
        D976  8 0.1726 0.3831 0.4444 
        D201  9 0.1114 0.2767 0.6119 
        D202  9 0.0921 0.2731 0.6348 
     D237259  9 0.1206 0.7165 0.1629 
     D237260  9 0.0574 0.2692 0.6734 
     D237262  9 0.0795 0.8577 0.0628 
     D237263  9 0.1161 0.5339 0.3501 
     D237264  9 0.2387 0.4691 0.2922 
     D237265  9 0.0874 0.1726 0.7399 
     D237266  9 0.1005 0.3606 0.5390 
     D237267  9 0.2447 0.5869 0.1684 
     D237268  9 0.2162 0.6318 0.1520 
     D237289  9 0.1717 0.1543 0.6740 
     D237290  9 0.0523 0.1273 0.8203 
     D237291  9 0.1116 0.1709 0.7175 
     D237292  9 0.0578 0.4394 0.5027 
     D237293  9 0.3132 0.5083 0.1784 
     D237294  9 0.0970 0.5628 0.3402 
     D237295  9 0.5953 0.2992 0.1055 
     D237296  9 0.2697 0.3894 0.3409 
     D237297  9 0.4248 0.1815 0.3937 
     D237298  9 0.3106 0.2919 0.3974 
     D237341  9 0.2658 0.2577 0.4765 
     D237342  9 0.1355 0.6854 0.1791 
     D237343  9 0.1187 0.4104 0.4709 
     D237344  9 0.3608 0.2252 0.4140 
     D237345  9 0.0545 0.8302 0.1154 
     D237346  9 0.2069 0.1676 0.6255 
     D237347  9 0.4800 0.1327 0.3873 
     D237348  9 0.3292 0.3748 0.2960 
     D237349  9 0.1351 0.5150 0.3499 
     D244109  9 0.0567 0.3365 0.6068 
     D244110  9 0.0916 0.2260 0.6823 
     D244111  9 0.1697 0.2582 0.5721 
     D244128  9 0.0738 0.7917 0.1345 
     D244137  9 0.4856 0.3364 0.1780 
     D244138  9 0.1172 0.2835 0.5992 
        D580  9 0.1253 0.7854 0.0894 
        D581  9 0.0522 0.1173 0.8305 
        D582  9 0.0703 0.8679 0.0618 
        D583  9 0.0516 0.1244 0.8239 
        D584  9 0.2529 0.5854 0.1617 
        D585  9 0.0734 0.6158 0.3107 
        D586  9 0.1096 0.0819 0.8085 
        D651  9 0.6671 0.1587 0.1742 
        D652  9 0.1466 0.6717 0.1817 
        D653  9 0.2596 0.1711 0.5693 
        D654  9 0.1847 0.3189 0.4963 
        D655  9 0.3673 0.1756 0.4570 
        D656  9 0.0866 0.8403 0.0730 
        D657  9 0.1531 0.4798 0.3672 
        D667  9 0.5175 0.1471 0.3354 
        D668  9 0.1462 0.4855 0.3683 
        D669  9 0.1184 0.1843 0.6973 
        D670  9 0.4553 0.4064 0.1382 
        D671  9 0.0934 0.1933 0.7133 
        D672  9 0.0919 0.7355 0.1726 
        D673  9 0.2839 0.3509 0.3652 
        D692  9 0.0626 0.7548 0.1826 
        D693  9 0.4526 0.3547 0.1927 
        D694  9 0.0724 0.7855 0.1421 
        D695  9 0.3235 0.5156 0.1610 
        D696  9 0.8143 0.0600 0.1257 
        D697  9 0.5277 0.2154 0.2569 
        D698  9 0.3295 0.1580 0.5125 
        D699  9 0.3629 0.2536 0.3835 
        D787  9 0.2259 0.5194 0.2547 
        D788  9 0.5290 0.3352 0.1359 
        D789  9 0.1605 0.4993 0.3402 
        D790  9 0.2680 0.4519 0.2801 
        D791  9 0.0920 0.1050 0.8031 
        D792  9 0.2577 0.4055 0.3368 
        D793  9 0.7133 0.1244 0.1623 
        D794  9 0.5993 0.1995 0.2012 
        D795  9 0.0995 0.7370 0.1635 
        D796  9 0.1273 0.2258 0.6469 
        D142 10 0.6097 0.1157 0.2745 
        D143 10 0.1843 0.1065 0.7092 
        D144 10 0.5060 0.2914 0.2025 
        D145 10 0.0895 0.0907 0.8197 
        D146 10 0.1539 0.7347 0.1114 
        D147 10 0.1624 0.5799 0.2577 
        D148 10 0.2197 0.5591 0.2212 
        D149 10 0.0911 0.1568 0.7521 
        D151 10 0.1061 0.6024 0.2915 
        D152 10 0.0353 0.0584 0.9063 
        D153 10 0.7726 0.1359 0.0915 
        D156 10 0.3482 0.1701 0.4817 
        D157 10 0.4988 0.2723 0.2289 
        D158 10 0.1434 0.2911 0.5654 
        D159 10 0.0896 0.0641 0.8462 
        D160 10 0.1234 0.0690 0.8075 
        D161 10 0.4288 0.2682 0.3030 
        D162 10 0.3953 0.0932 0.5115 
        D169 10 0.0926 0.7887 0.1187 
        D170 10 0.1543 0.7300 0.1157 
        D171 10 0.4224 0.3494 0.2283 
        D172 10 0.2293 0.3266 0.4441 
        D173 10 0.0628 0.1285 0.8087 
        D181 10 0.3918 0.1593 0.4489 
        D182 10 0.1126 0.4197 0.4677 
        D183 10 0.7907 0.1197 0.0896 
        D184 10 0.0746 0.8869 0.0386 
        D185 10 0.3989 0.3943 0.2068 
        D186 10 0.0656 0.8226 0.1117 
        D194 10 0.3075 0.5843 0.1081 
        D195 10 0.2442 0.1382 0.6176 
        D196 10 0.4332 0.0838 0.4830 
        D197 10 0.0901 0.7095 0.2004 
        D198 10 0.5014 0.4222 0.0764 
     D237226 10 0.1212 0.2696 0.6092 
     D237232 10 0.2466 0.1954 0.5580 
     D237233 10 0.1337 0.1539 0.7124 
     D237234 10 0.3914 0.1908 0.4178 
     D237354 10 0.0630 0.0437 0.8932 
     D237355 10 0.1251 0.1214 0.7536 
     D237356 10 0.7754 0.1729 0.0516 
     D237357 10 0.1085 0.4659 0.4256 
     D237358 10 0.2443 0.5767 0.1790 
     D237369 10 0.0605 0.8515 0.0880 
     D237370 10 0.6033 0.1475 0.2492 
     D237371 10 0.3194 0.5091 0.1715 
     D237372 10 0.0849 0.5752 0.3399 
     D237373 10 0.1842 0.1454 0.6704 
     D237374 10 0.1183 0.0633 0.8184 
     D237375 10 0.2003 0.3783 0.4215 
     D237400 10 0.0468 0.0463 0.9069 
     D244002 10 0.0699 0.7945 0.1356 
     D244003 10 0.0898 0.0793 0.8309 
     D244004 10 0.7567 0.1117 0.1316 
     D244005 10 0.1119 0.3314 0.5567 
     D244020 10 0.5715 0.1942 0.2343 
     D244021 10 0.1346 0.5077 0.3577 
     D244116 10 0.1871 0.5803 0.2326 
     D244117 10 0.2924 0.1018 0.6058 
     D244121 10 0.4608 0.1670 0.3722 
     D244123 10 0.2534 0.1545 0.5921 
     D244124 10 0.1428 0.3397 0.5175 
        D332 10 0.6657 0.1771 0.1573 
        D570 10 0.7244 0.1157 0.1599 
        D602 10 0.4061 0.3236 0.2703 
        D603 10 0.2753 0.2356 0.4891 
        D604 10 0.2522 0.1802 0.5677 
        D605 10 0.5062 0.2113 0.2825 
        D606 10 0.4130 0.5119 0.0751 
        D607 10 0.6253 0.2281 0.1466 
        D608 10 0.0638 0.0610 0.8752 
        D609 10 0.7739 0.1341 0.0920 
        D610 10 0.3955 0.3553 0.2492 
        D611 10 0.8667 0.0551 0.0783 
        D613 10 0.5491 0.1516 0.2993 
        D633 10 0.2816 0.2626 0.4557 
        D634 10 0.3920 0.3258 0.2822 
        D638 10 0.0602 0.0569 0.8828 
        D681 10 0.2949 0.4045 0.3007 
        D754 10 0.1385 0.6036 0.2579 
        D755 10 0.1753 0.0659 0.7588 
        D756 10 0.3245 0.3016 0.3739 
        D757 10 0.2873 0.2666 0.4462 
        D758 10 0.3232 0.3441 0.3328 
        D759 10 0.1888 0.0981 0.7132 
        D760 10 0.2847 0.1879 0.5275 
        D761 10 0.0505 0.0507 0.8988 
        D762 10 0.5958 0.2242 0.1799 
        D775 10 0.3842 0.1399 0.4758 
        D776 10 0.0757 0.1083 0.8160 
        D777 10 0.2778 0.2605 0.4617 
        D778 10 0.0661 0.2977 0.6362 
        D779 10 0.1910 0.3967 0.4123 
        D780 10 0.1411 0.0978 0.7611 
        D781 10 0.2783 0.2548 0.4669 
        D858 10 0.0430 0.8257 0.1312 
        D933 10 0.4822 0.2162 0.3016 
        D038 11 0.1381 0.1940 0.6679 
        D063 11 0.2085 0.1193 0.6723 
        D155 11 0.3593 0.1649 0.4758 
        D175 11 0.3030 0.4835 0.2134 
        D176 11 0.0858 0.1183 0.7959 
        D205 11 0.6998 0.2324 0.0678 
     D237229 11 0.0880 0.4373 0.4747 
     D237230 11 0.1790 0.6454 0.1756 
     D237231 11 0.6552 0.1317 0.2131 
     D237269 11 0.2091 0.2428 0.5481 
     D237270 11 0.2211 0.6374 0.1415 
     D237271 11 0.5502 0.2040 0.2458 
     D237272 11 0.2686 0.5284 0.2030 
     D237273 11 0.4200 0.1386 0.4414 
     D237301 11 0.6946 0.1228 0.1826 
     D237302 11 0.1822 0.4992 0.3185 
     D237303 11 0.0756 0.7092 0.2152 
     D237304 11 0.4311 0.2952 0.2737 
     D237305 11 0.1782 0.6618 0.1600 
     D237314 11 0.2864 0.2000 0.5136 
     D237315 11 0.1453 0.6816 0.1731 
     D237316 11 0.7823 0.1217 0.0960 
     D237328 11 0.5678 0.3678 0.0645 
     D237329 11 0.2236 0.3871 0.3893 
     D237330 11 0.4392 0.1072 0.4536 
     D237331 11 0.2709 0.1865 0.5426 
     D237332 11 0.5802 0.2257 0.1941 
     D237333 11 0.1323 0.0721 0.7956 
     D237334 11 0.6710 0.1966 0.1324 
     D237335 11 0.6233 0.2433 0.1334 
     D237336 11 0.1575 0.1779 0.6646 
     D237350 11 0.5864 0.1171 0.2965 
     D237383 11 0.1227 0.4208 0.4565 
     D237384 11 0.3603 0.4373 0.2025 
     D237385 11 0.3553 0.2824 0.3623 
     D237386 11 0.6639 0.1367 0.1994 
     D237387 11 0.5551 0.3391 0.1058 
     D237388 11 0.6732 0.1312 0.1956 
        D239 11 0.3847 0.1484 0.4669 
        D240 11 0.0630 0.1513 0.7857 
        D241 11 0.1375 0.6124 0.2502 
        D242 11 0.2911 0.2638 0.4451 
        D243 11 0.5560 0.1766 0.2674 
        D244 11 0.7963 0.1211 0.0826 
        D245 11 0.0823 0.6424 0.2753 
        D246 11 0.5813 0.2471 0.1716 
        D247 11 0.1449 0.4176 0.4376 
        D248 11 0.6640 0.1262 0.2098 
        D249 11 0.2757 0.5807 0.1436 
        D250 11 0.6908 0.0758 0.2334 
        D251 11 0.5857 0.2382 0.1761 
        D252 11 0.5603 0.3573 0.0824 
        D253 11 0.2538 0.2634 0.4827 
        D254 11 0.0783 0.7842 0.1375 
        D255 11 0.6634 0.2042 0.1324 
        D256 11 0.3945 0.2557 0.3498 
        D257 11 0.1211 0.7276 0.1513 
        D258 11 0.2416 0.6793 0.0790 
        D259 11 0.0743 0.7653 0.1604 
        D260 11 0.2760 0.3490 0.3750 
        D261 11 0.5020 0.1758 0.3222 
        D262 11 0.0784 0.4838 0.4378 
        D263 11 0.6555 0.2320 0.1125 
        D264 11 0.2389 0.6081 0.1530 
        D265 11 0.2272 0.4145 0.3584 
        D266 11 0.4619 0.1362 0.4019 
        D267 11 0.6447 0.2251 0.1302 
        D268 11 0.7782 0.0783 0.1435 
        D269 11 0.8557 0.0906 0.0537 
        D270 11 0.4050 0.4016 0.1934 
        D271 11 0.2852 0.3781 0.3368 
        D272 11 0.2216 0.1835 0.5950 
        D273 11 0.0757 0.8650 0.0593 
        D274 11 0.5810 0.2630 0.1560 
        D275 11 0.6773 0.1818 0.1408 
        D276 11 0.8752 0.0657 0.0590 
        D277 11 0.7456 0.1391 0.1153 
        D278 11 0.2991 0.2739 0.4269 
        D282 11 0.1968 0.7431 0.0601 
        D296 11 0.6431 0.1138 0.2431 
        D297 11 0.7398 0.1847 0.0754 
        D298 11 0.4609 0.1359 0.4032 
        D299 11 0.5975 0.1232 0.2793 
        D300 11 0.1271 0.1506 0.7223 
        D382 11 0.8765 0.0819 0.0416 
        D383 11 0.6597 0.2483 0.0919 
        D387 11 0.1944 0.2215 0.5841 
        D388 11 0.6458 0.1700 0.1841 
        D389 11 0.6010 0.0994 0.2996 
        D390 11 0.7025 0.1116 0.1859 
        D396 11 0.2366 0.1597 0.6037 
        D397 11 0.1718 0.7198 0.1084 
        D398 11 0.4345 0.3043 0.2612 
        D399 11 0.2212 0.4222 0.3566 
        D437 11 0.0686 0.4551 0.4763 
        D441 11 0.6633 0.0975 0.2391 
        D442 11 0.1577 0.2138 0.6285 
        D443 11 0.3987 0.0808 0.5205 
        D444 11 0.5858 0.1842 0.2300 
        D445 11 0.4983 0.4254 0.0763 
        D446 11 0.1126 0.5851 0.3023 
        D451 11 0.5499 0.3157 0.1344 
        D452 11 0.1652 0.1392 0.6955 
        D453 11 0.7351 0.1472 0.1178 
        D454 11 0.1056 0.5895 0.3049 
        D457 11 0.3132 0.4305 0.2563 
        D458 11 0.7183 0.1469 0.1349 
        D466 11 0.0879 0.1788 0.7334 
        D467 11 0.4464 0.1740 0.3797 
        D475 11 0.1071 0.8173 0.0756 
        D488 11 0.2814 0.2170 0.5016 
        D489 11 0.2411 0.5238 0.2351 
        D493 11 0.2335 0.6114 0.1551 
        D494 11 0.6479 0.1504 0.2016 
        D495 11 0.0694 0.3609 0.5696 
        D496 11 0.1182 0.0509 0.8310 
        D674 11 0.0814 0.0852 0.8335 
        D675 11 0.1240 0.0646 0.8114 
        D676 11 0.5567 0.3190 0.1243 
        D680 11 0.2535 0.2213 0.5252 
        D701 11 0.0986 0.2630 0.6384 
        D702 11 0.1507 0.6428 0.2065 
        D703 11 0.2650 0.2343 0.5007 
        D704 11 0.3203 0.3542 0.3255 
        D705 11 0.1206 0.7938 0.0856 
        D706 11 0.0768 0.2794 0.6439 
        D707 11 0.4651 0.3948 0.1401 
        D751 11 0.6399 0.2563 0.1038 
        D752 11 0.1857 0.1357 0.6786 
        D753 11 0.3866 0.4125 0.2010 
        D773 11 0.0546 0.9041 0.0413 
        D774 11 0.3162 0.1664 0.5174 
        D801 11 0.3851 0.2292 0.3857 
        D802 11 0.1638 0.6646 0.1716 
        D803 11 0.3117 0.1579 0.5304 
        D804 11 0.1982 0.4231 0.3787 
        D805 11 0.3329 0.4443 0.2228 
        D806 11 0.0953 0.8035 0.1011 
        D809 11 0.5742 0.1804 0.2453 
        D810 11 0.6020 0.0978 0.3001 
        D812 11 0.3866 0.4912 0.1223 
        D813 11 0.1433 0.1505 0.7062 
        D823 11 0.5443 0.1833 0.2724 
        D824 11 0.3936 0.1606 0.4457 
        D829 11 0.5071 0.1874 0.3054 
        D830 11 0.3036 0.6221 0.0743 
        D831 11 0.0955 0.2210 0.6836 
        D832 11 0.1361 0.3698 0.4941 
        D833 11 0.7996 0.0786 0.1218 
        D834 11 0.8290 0.0885 0.0825 
        D835 11 0.1883 0.6746 0.1370 
        D855 11 0.6734 0.1902 0.1364 
        D863 11 0.0522 0.0457 0.9021 
        D864 11 0.4055 0.2867 0.3078 
        D878 11 0.6895 0.1165 0.1941 
        D879 11 0.1260 0.7736 0.1004 
        D880 11 0.4037 0.0793 0.5170 
        D881 11 0.6597 0.1176 0.2227 
        D882 11 0.1773 0.1352 0.6875 
        D909 11 0.5739 0.1584 0.2677 
        D921 11 0.6358 0.1309 0.2332 
        D924 11 0.1857 0.0755 0.7388 
        D935 11 0.7554 0.1518 0.0928 
        D940 11 0.0998 0.0750 0.8252 
        D941 11 0.4689 0.1737 0.3573 
        D942 11 0.1533 0.7920 0.0547 
        D980 11 0.3622 0.3139 0.3239 
        D981 11 0.2116 0.6619 0.1265 
        D982 11 0.1929 0.0761 0.7310 
        D983 11 0.8295 0.0803 0.0903 
        D984 11 0.5320 0.1406 0.3274 
        D992 11 0.1239 0.6989 0.1772 
        D993 11 0.7652 0.1541 0.0807 
        D994 11 0.2378 0.3196 0.4426 
        D995 11 0.1960 0.7370 0.0669 
        H354 11 0.2733 0.6323 0.0944 
        D005 12 0.0901 0.5245 0.3854 
        D035 12 0.2173 0.3678 0.4149 
        D067 12 0.4953 0.2325 0.2723 
        D134 12 0.1647 0.2485 0.5867 
        D135 12 0.3194 0.3195 0.3610 
        D136 12 0.4828 0.4420 0.0751 
        D137 12 0.1732 0.2982 0.5286 
        D138 12 0.2867 0.2435 0.4699 
        D139 12 0.2915 0.1294 0.5791 
        D140 12 0.3006 0.4814 0.2179 
        D141 12 0.0514 0.8997 0.0488 
        D150 12 0.1404 0.6857 0.1739 
        D177 12 0.1017 0.1682 0.7301 
        D178 12 0.6273 0.1904 0.1823 
        D179 12 0.2930 0.4700 0.2370 
        D180 12 0.3273 0.4904 0.1824 
        D187 12 0.1473 0.2201 0.6326 
        D188 12 0.0486 0.8965 0.0549 
        D191 12 0.0747 0.7515 0.1738 
        D418 12 0.0824 0.7759 0.1417 
        D601 12 0.1647 0.7329 0.1024 
        D836 12 0.0861 0.7876 0.1263 
        D837 12 0.3892 0.2477 0.3631 
        D838 12 0.2871 0.0923 0.6206 
        D839 12 0.0732 0.1501 0.7767 
        D840 12 0.3364 0.1443 0.5193 
        D841 12 0.2080 0.4945 0.2976 
        D842 12 0.0414 0.8881 0.0704 
        D843 12 0.4999 0.2179 0.2822 
        D844 12 0.0738 0.4682 0.4581 
        D912 12 0.6974 0.0951 0.2075 
        D913 12 0.0690 0.0538 0.8771 
