        D174  1 0.0973 0.0998 0.0714 0.0487 0.0189 0.0947 0.0828 0.0936 0.3643 0.0286 
        D199  1 0.0641 0.0242 0.1362 0.1443 0.0331 0.1311 0.0205 0.1997 0.1229 0.1239 
        D203  1 0.0684 0.0817 0.2673 0.1143 0.0356 0.0925 0.1176 0.0508 0.0541 0.1178 
        D204  1 0.0324 0.0242 0.7209 0.0362 0.0837 0.0252 0.0233 0.0156 0.0178 0.0207 
     D237366  1 0.0355 0.0172 0.0610 0.0466 0.0689 0.0758 0.3691 0.2320 0.0455 0.0485 
     D237367  1 0.0784 0.0493 0.1530 0.0713 0.0386 0.1337 0.1004 0.3140 0.0366 0.0247 
     D237368  1 0.0333 0.0768 0.1400 0.0973 0.0354 0.1203 0.0480 0.3272 0.0929 0.0289 
     D244101  1 0.0216 0.0245 0.1632 0.0494 0.4872 0.0743 0.0235 0.0203 0.0186 0.1174 
     D244102  1 0.2832 0.1031 0.0660 0.0490 0.0794 0.0873 0.1764 0.0421 0.0393 0.0742 
     D244103  1 0.0621 0.0232 0.1752 0.0321 0.0301 0.1054 0.1157 0.3850 0.0413 0.0300 
     D244104  1 0.0165 0.0652 0.5515 0.0377 0.0269 0.0394 0.0232 0.0945 0.1032 0.0419 
     D244105  1 0.0228 0.0780 0.0345 0.0247 0.0210 0.1099 0.6017 0.0580 0.0184 0.0311 
     D244106  1 0.0870 0.0285 0.0583 0.0832 0.0224 0.0771 0.0705 0.0313 0.5072 0.0344 
     D244107  1 0.0197 0.1672 0.0316 0.0686 0.0610 0.1006 0.0257 0.4856 0.0147 0.0253 
     D244108  1 0.0519 0.3362 0.0693 0.0300 0.0286 0.0707 0.0579 0.0213 0.3030 0.0311 
     D244113  1 0.3526 0.0382 0.0206 0.0576 0.0872 0.0646 0.0192 0.0287 0.3089 0.0224 
     D244114  1 0.0653 0.0398 0.0732 0.0427 0.0365 0.2776 0.1853 0.0796 0.0819 0.1182 
     D244115  1 0.0633 0.2486 0.1219 0.0315 0.0276 0.1397 0.0524 0.0556 0.2198 0.0395 
     D267365  1 0.0408 0.0357 0.3884 0.0289 0.0427 0.0598 0.0346 0.0650 0.1315 0.1725 
        D404  1 0.4626 0.0513 0.0267 0.0302 0.0927 0.0404 0.0376 0.0209 0.2173 0.0203 
        D405  1 0.5187 0.0542 0.0777 0.0593 0.0459 0.0825 0.0480 0.0301 0.0354 0.0483 
        D406  1 0.0172 0.1371 0.0878 0.0177 0.0307 0.0346 0.4483 0.1739 0.0358 0.0171 
        D407  1 0.0342 0.0139 0.1660 0.0757 0.0166 0.0320 0.0157 0.6034 0.0253 0.0172 
        D408  1 0.2370 0.0784 0.0668 0.0180 0.0306 0.0589 0.0245 0.0619 0.3001 0.1239 
        D409  1 0.0516 0.0542 0.2566 0.0323 0.0340 0.1557 0.0309 0.3103 0.0361 0.0384 
        D410  1 0.0197 0.7650 0.0657 0.0115 0.0268 0.0278 0.0223 0.0256 0.0197 0.0160 
        D421  1 0.0129 0.0115 0.7039 0.0460 0.0120 0.0265 0.0114 0.1220 0.0376 0.0163 
        D422  1 0.0178 0.0215 0.0216 0.0220 0.0155 0.0237 0.0255 0.8146 0.0126 0.0250 
        D423  1 0.0197 0.6172 0.0437 0.0521 0.0150 0.0435 0.0398 0.1354 0.0185 0.0150 
        D424  1 0.0276 0.0299 0.5879 0.0251 0.0191 0.1228 0.0633 0.0735 0.0360 0.0148 
        D425  1 0.0660 0.0889 0.3301 0.0273 0.0339 0.1603 0.0679 0.0526 0.1026 0.0703 
        D426  1 0.0276 0.0181 0.1404 0.0220 0.0130 0.1635 0.0195 0.4710 0.0264 0.0985 
        D427  1 0.0142 0.0166 0.2719 0.3690 0.0148 0.0189 0.0199 0.0518 0.2006 0.0222 
        D428  1 0.0740 0.0950 0.1559 0.0526 0.0906 0.1270 0.0269 0.1571 0.1825 0.0383 
        D429  1 0.0421 0.0357 0.4308 0.0325 0.0313 0.0629 0.1665 0.0289 0.1333 0.0360 
        D430  1 0.2243 0.0275 0.0604 0.0626 0.0258 0.1649 0.0948 0.0950 0.1464 0.0982 
        D491  1 0.0508 0.0540 0.0748 0.0114 0.0251 0.0512 0.0200 0.0547 0.6301 0.0279 
        D492  1 0.0738 0.0440 0.2176 0.0523 0.0457 0.1561 0.0542 0.2012 0.1332 0.0218 
        D537  1 0.0552 0.0577 0.4373 0.0276 0.0736 0.0694 0.0654 0.1737 0.0264 0.0137 
        D538  1 0.2163 0.1527 0.0670 0.0805 0.0458 0.1890 0.0463 0.0851 0.0746 0.0427 
        D539  1 0.0739 0.0458 0.0359 0.0385 0.0392 0.0955 0.3539 0.0237 0.1254 0.1683 
        D540  1 0.1024 0.0687 0.1724 0.0227 0.0266 0.2474 0.0361 0.2275 0.0329 0.0634 
        D541  1 0.0152 0.0199 0.8617 0.0151 0.0149 0.0172 0.0098 0.0175 0.0112 0.0174 
        D551  1 0.0288 0.0207 0.0428 0.1417 0.0199 0.2739 0.0771 0.2629 0.0341 0.0981 
        D552  1 0.0194 0.2566 0.1591 0.0359 0.0524 0.1008 0.1220 0.0452 0.1702 0.0384 
        D553  1 0.0114 0.0175 0.8468 0.0123 0.0176 0.0183 0.0140 0.0242 0.0184 0.0195 
        D615  1 0.0779 0.1224 0.3802 0.0692 0.0207 0.1006 0.0605 0.0373 0.0642 0.0669 
        D616  1 0.0563 0.0982 0.2452 0.1008 0.0194 0.1465 0.0503 0.1208 0.0669 0.0956 
        D621  1 0.0600 0.2262 0.0147 0.0258 0.2485 0.0585 0.1662 0.0966 0.0818 0.0215 
        D622  1 0.0257 0.2238 0.0351 0.0230 0.0487 0.0659 0.3462 0.1606 0.0418 0.0292 
        D623  1 0.1416 0.0583 0.0214 0.1644 0.2294 0.0719 0.0222 0.0266 0.2077 0.0565 
        D624  1 0.0211 0.0220 0.0318 0.0119 0.0096 0.0585 0.0310 0.0249 0.7650 0.0242 
        D625  1 0.0315 0.0409 0.6280 0.0148 0.0472 0.0508 0.0426 0.0552 0.0671 0.0218 
        D626  1 0.0534 0.1534 0.0632 0.0335 0.0250 0.0738 0.1600 0.0942 0.2875 0.0560 
        D627  1 0.0303 0.0159 0.2142 0.0166 0.0186 0.2610 0.0450 0.2228 0.0317 0.1441 
        D690  1 0.0161 0.0571 0.7333 0.0114 0.0220 0.0216 0.0143 0.0634 0.0456 0.0153 
        D691  1 0.0167 0.0846 0.0792 0.0179 0.0244 0.0300 0.4743 0.2131 0.0389 0.0210 
        D710  1 0.0377 0.1077 0.1100 0.0368 0.1127 0.0753 0.0202 0.3291 0.1341 0.0365 
        D711  1 0.0334 0.0201 0.7734 0.0169 0.0339 0.0261 0.0223 0.0299 0.0216 0.0224 
        D712  1 0.0834 0.0480 0.0351 0.0363 0.0433 0.0613 0.0501 0.0562 0.5042 0.0822 
        D713  1 0.1763 0.0585 0.1339 0.0162 0.1154 0.1279 0.0714 0.1540 0.1197 0.0266 
        D746  1 0.0191 0.0919 0.1007 0.0344 0.0275 0.0413 0.3109 0.3360 0.0235 0.0149 
        D747  1 0.0125 0.0160 0.8345 0.0230 0.0235 0.0173 0.0125 0.0226 0.0162 0.0220 
        D748  1 0.0309 0.1041 0.2683 0.0157 0.0451 0.0398 0.2683 0.1734 0.0292 0.0251 
        D749  1 0.0594 0.0952 0.0296 0.0434 0.0569 0.2670 0.1901 0.1261 0.0973 0.0351 
        D750  1 0.0259 0.0672 0.1254 0.0220 0.0327 0.0339 0.0323 0.0553 0.5820 0.0234 
        D763  1 0.0560 0.0394 0.0726 0.1040 0.1715 0.1103 0.0807 0.1794 0.0208 0.1653 
        D764  1 0.0204 0.0819 0.4891 0.0171 0.0196 0.0481 0.0189 0.1002 0.1830 0.0216 
        D765  1 0.0338 0.5321 0.0240 0.0138 0.0156 0.0955 0.0875 0.0507 0.1231 0.0239 
        D766  1 0.0398 0.4110 0.0568 0.0296 0.1374 0.0495 0.1308 0.0938 0.0354 0.0160 
        D767  1 0.1927 0.0764 0.1073 0.0951 0.1618 0.0882 0.1739 0.0479 0.0257 0.0310 
        D768  1 0.0120 0.0214 0.8305 0.0174 0.0163 0.0204 0.0227 0.0297 0.0133 0.0162 
        D811  1 0.6397 0.1071 0.0238 0.0137 0.0208 0.0445 0.0182 0.0246 0.0812 0.0264 
        D816  1 0.0189 0.0191 0.8203 0.0130 0.0145 0.0222 0.0205 0.0257 0.0258 0.0200 
        D825  1 0.1265 0.3309 0.1025 0.0180 0.0222 0.1154 0.0476 0.0446 0.1679 0.0243 
        D866  1 0.0509 0.0589 0.0476 0.0806 0.0181 0.0843 0.0314 0.0236 0.1490 0.4556 
        D867  1 0.0353 0.0262 0.0172 0.0415 0.0960 0.0398 0.0403 0.6624 0.0253 0.0159 
        D871  1 0.0398 0.0241 0.2817 0.0169 0.0245 0.1941 0.0282 0.2974 0.0483 0.0450 
        D872  1 0.1594 0.1629 0.2900 0.0529 0.0412 0.1046 0.0865 0.0392 0.0376 0.0257 
        D873  1 0.0551 0.7840 0.0092 0.0199 0.0395 0.0263 0.0153 0.0278 0.0125 0.0104 
        D874  1 0.0625 0.0189 0.0697 0.0212 0.6456 0.0359 0.0259 0.0155 0.0746 0.0301 
        D875  1 0.0330 0.0729 0.2178 0.0162 0.0171 0.1708 0.0521 0.3789 0.0185 0.0228 
        D876  1 0.0299 0.0577 0.4817 0.0185 0.0675 0.0947 0.0886 0.0292 0.0904 0.0417 
        D877  1 0.6514 0.0239 0.0318 0.0198 0.0765 0.0463 0.0220 0.0136 0.0931 0.0215 
        D892  1 0.0260 0.0405 0.3295 0.0206 0.0405 0.0511 0.2645 0.0961 0.1093 0.0218 
        D893  1 0.0200 0.0355 0.6322 0.0276 0.0458 0.0571 0.0646 0.0457 0.0170 0.0546 
        D894  1 0.0358 0.0222 0.6366 0.0230 0.0324 0.0709 0.0393 0.0603 0.0504 0.0292 
        D915  1 0.0245 0.1612 0.4663 0.0271 0.0205 0.0616 0.0910 0.0695 0.0443 0.0340 
        D916  1 0.0117 0.0143 0.8624 0.0128 0.0140 0.0193 0.0132 0.0188 0.0202 0.0134 
        D917  1 0.0440 0.0265 0.0953 0.0380 0.1460 0.1091 0.0194 0.0979 0.2690 0.1549 
        D925  1 0.0231 0.5312 0.2159 0.0192 0.0169 0.0345 0.0225 0.0387 0.0673 0.0308 
        D926  1 0.0296 0.0592 0.3667 0.0243 0.0623 0.1976 0.1206 0.0592 0.0462 0.0344 
        D927  1 0.0415 0.0288 0.2593 0.1832 0.0372 0.1500 0.0454 0.1052 0.0557 0.0938 
        D928  1 0.0303 0.0294 0.0624 0.0167 0.0185 0.0241 0.0132 0.0147 0.7772 0.0135 
        D929  1 0.2047 0.0425 0.0333 0.0202 0.3777 0.0526 0.1433 0.0487 0.0528 0.0243 
        D936  1 0.0236 0.0372 0.5096 0.0388 0.1567 0.0525 0.0401 0.0250 0.0275 0.0891 
        D938  1 0.0233 0.1913 0.0284 0.0171 0.0472 0.0352 0.4057 0.2081 0.0272 0.0166 
        D956  1 0.1667 0.0649 0.0374 0.0361 0.0289 0.0582 0.0440 0.0229 0.5104 0.0305 
        D957  1 0.0965 0.3489 0.1298 0.0349 0.0805 0.0693 0.1349 0.0329 0.0428 0.0295 
        D958  1 0.0424 0.2057 0.2366 0.0285 0.0744 0.0735 0.1668 0.0370 0.1177 0.0174 
        D959  1 0.0212 0.0127 0.1384 0.0486 0.0096 0.0325 0.0172 0.6901 0.0176 0.0120 
        D960  1 0.0454 0.1499 0.0284 0.0254 0.0374 0.0706 0.3937 0.1850 0.0479 0.0162 
        D989  1 0.0445 0.0225 0.0484 0.0764 0.0234 0.0722 0.0369 0.0408 0.5460 0.0890 
        D990  1 0.0147 0.6220 0.0230 0.0262 0.0200 0.0681 0.0353 0.0349 0.0431 0.1127 
        D023  2 0.0123 0.0132 0.0211 0.0154 0.0130 0.0155 0.0100 0.8752 0.0123 0.0120 
        D130  2 0.0850 0.0403 0.1052 0.0534 0.0214 0.0496 0.3369 0.2782 0.0153 0.0147 
        D131  2 0.0641 0.0637 0.3607 0.0304 0.0507 0.1820 0.0483 0.0317 0.0363 0.1321 
        D163  2 0.0161 0.0357 0.0470 0.0133 0.0370 0.0378 0.0665 0.6600 0.0551 0.0315 
        D164  2 0.0157 0.3474 0.0114 0.5330 0.0148 0.0149 0.0235 0.0180 0.0112 0.0102 
        D165  2 0.0132 0.0184 0.0208 0.0183 0.0201 0.0218 0.0141 0.8395 0.0155 0.0183 
        D166  2 0.4884 0.0489 0.0380 0.0313 0.0535 0.1235 0.1036 0.0457 0.0168 0.0504 
        D167  2 0.0638 0.0161 0.0143 0.7986 0.0140 0.0197 0.0124 0.0158 0.0261 0.0193 
        D192  2 0.0212 0.0113 0.0094 0.8510 0.0183 0.0202 0.0122 0.0096 0.0176 0.0292 
        D193  2 0.2516 0.0534 0.0299 0.0430 0.0649 0.1389 0.2439 0.0235 0.0916 0.0593 
        D206  2 0.0559 0.0307 0.0489 0.4769 0.0343 0.1184 0.0838 0.1058 0.0191 0.0262 
        D207  2 0.1435 0.0185 0.0313 0.5296 0.0240 0.0869 0.0301 0.0558 0.0196 0.0608 
        D208  2 0.0996 0.0708 0.0525 0.0693 0.0421 0.0880 0.1056 0.0262 0.1272 0.3186 
        D209  2 0.0561 0.0457 0.0284 0.4296 0.1190 0.1632 0.0207 0.0844 0.0229 0.0300 
        D210  2 0.0201 0.0260 0.0531 0.0809 0.0309 0.0435 0.0536 0.0336 0.5448 0.1136 
     D229599  2 0.0366 0.0583 0.1768 0.0472 0.1625 0.1288 0.0348 0.1244 0.0642 0.1665 
     D229600  2 0.0592 0.0494 0.0265 0.3595 0.0230 0.0529 0.1594 0.2229 0.0209 0.0263 
     D237227  2 0.0465 0.2028 0.0476 0.0535 0.0257 0.0837 0.0253 0.0536 0.3453 0.1159 
     D237228  2 0.0563 0.5047 0.0156 0.0430 0.0160 0.0864 0.0422 0.0202 0.1429 0.0727 
     D237258  2 0.1049 0.0656 0.0524 0.1894 0.0576 0.1280 0.0382 0.2070 0.0699 0.0870 
     D237310  2 0.2753 0.4113 0.0120 0.0537 0.0347 0.0485 0.0833 0.0264 0.0304 0.0244 
     D237311  2 0.0678 0.5189 0.0151 0.1633 0.0212 0.0440 0.0846 0.0306 0.0238 0.0305 
     D237312  2 0.2461 0.2313 0.0254 0.0203 0.0622 0.0657 0.2183 0.0707 0.0342 0.0258 
     D237313  2 0.0419 0.1900 0.1581 0.0240 0.0679 0.1823 0.1507 0.0332 0.0901 0.0618 
     D237322  2 0.0929 0.1103 0.0327 0.0395 0.0977 0.2156 0.0820 0.0269 0.0732 0.2291 
     D237323  2 0.0872 0.4584 0.0166 0.0213 0.0239 0.0462 0.1078 0.0308 0.1523 0.0555 
     D237324  2 0.0281 0.0405 0.0573 0.1578 0.0437 0.3515 0.0928 0.1202 0.0162 0.0921 
     D237325  2 0.0524 0.2829 0.0318 0.0701 0.0641 0.0975 0.2612 0.0528 0.0534 0.0339 
     D237326  2 0.0199 0.5862 0.0723 0.0377 0.0404 0.0390 0.0598 0.0501 0.0728 0.0219 
     D237327  2 0.0292 0.0229 0.0405 0.0796 0.1131 0.1892 0.1241 0.0539 0.0441 0.3033 
     D237337  2 0.0241 0.7520 0.0185 0.0150 0.0191 0.0303 0.0886 0.0137 0.0228 0.0159 
     D237338  2 0.0373 0.1660 0.0521 0.0767 0.0985 0.1100 0.2275 0.0533 0.0975 0.0812 
     D237339  2 0.0324 0.0246 0.0264 0.1067 0.6459 0.0649 0.0317 0.0147 0.0157 0.0370 
     D237340  2 0.0734 0.3003 0.0209 0.1794 0.0324 0.0597 0.1649 0.0334 0.0966 0.0390 
     D237389  2 0.2116 0.4262 0.0170 0.0960 0.0273 0.0668 0.0779 0.0393 0.0190 0.0189 
     D237390  2 0.0853 0.2938 0.0384 0.0207 0.0429 0.0577 0.3201 0.0363 0.0518 0.0531 
     D244017  2 0.1907 0.0324 0.0292 0.3279 0.0203 0.0973 0.0169 0.0539 0.1817 0.0497 
     D244112  2 0.0397 0.0260 0.0139 0.7837 0.0151 0.0354 0.0307 0.0183 0.0222 0.0150 
     D244118  2 0.0274 0.0446 0.0122 0.6147 0.0306 0.0400 0.1017 0.0830 0.0241 0.0218 
     D244119  2 0.0198 0.0267 0.0206 0.2741 0.0114 0.0234 0.0143 0.0133 0.5723 0.0241 
     D244120  2 0.3296 0.0248 0.0142 0.2629 0.0651 0.0502 0.0775 0.0222 0.0381 0.1154 
     D244122  2 0.0732 0.0368 0.0250 0.6437 0.0323 0.0497 0.0470 0.0324 0.0315 0.0284 
        D291  2 0.0552 0.0323 0.0651 0.0286 0.0147 0.0838 0.0198 0.0848 0.0170 0.5986 
        D292  2 0.0453 0.0783 0.1751 0.2070 0.0411 0.0741 0.0301 0.0285 0.0655 0.2551 
        D293  2 0.0144 0.0134 0.1129 0.5280 0.1498 0.0679 0.0186 0.0166 0.0135 0.0649 
        D322  2 0.0218 0.0394 0.1070 0.4099 0.2032 0.0812 0.0254 0.0543 0.0231 0.0347 
        D323  2 0.2659 0.0601 0.0459 0.1864 0.0982 0.1430 0.0413 0.0573 0.0420 0.0599 
        D324  2 0.0370 0.0807 0.1127 0.0223 0.0277 0.0948 0.0533 0.1602 0.0561 0.3553 
        D325  2 0.0129 0.0132 0.0337 0.7472 0.0262 0.0420 0.0236 0.0387 0.0125 0.0501 
        D326  2 0.0119 0.0111 0.8482 0.0147 0.0144 0.0198 0.0164 0.0143 0.0279 0.0212 
        D340  2 0.0124 0.0162 0.0195 0.8306 0.0192 0.0209 0.0149 0.0211 0.0180 0.0272 
        D341  2 0.0324 0.0392 0.0319 0.5264 0.0352 0.0447 0.1924 0.0206 0.0310 0.0462 
        D342  2 0.0402 0.0800 0.0197 0.6316 0.0167 0.0630 0.0341 0.0490 0.0196 0.0461 
        D343  2 0.0091 0.0093 0.0160 0.8916 0.0140 0.0117 0.0144 0.0116 0.0089 0.0135 
        D344  2 0.1032 0.0457 0.0851 0.0541 0.4230 0.1303 0.0830 0.0227 0.0251 0.0279 
        D345  2 0.0231 0.3494 0.0518 0.0364 0.2208 0.1324 0.0258 0.0778 0.0321 0.0503 
        D346  2 0.1212 0.0424 0.0403 0.0490 0.0335 0.0577 0.0289 0.1075 0.4716 0.0478 
        D351  2 0.0468 0.0519 0.3146 0.0388 0.0805 0.1280 0.0463 0.0694 0.0182 0.2055 
        D352  2 0.0455 0.0342 0.0206 0.0285 0.6817 0.0641 0.0149 0.0193 0.0569 0.0343 
        D353  2 0.0270 0.0146 0.1570 0.0327 0.0591 0.6144 0.0461 0.0134 0.0138 0.0219 
        D354  2 0.0312 0.0434 0.0423 0.0144 0.7189 0.0408 0.0209 0.0201 0.0498 0.0181 
        D362  2 0.0325 0.0356 0.4614 0.0291 0.0248 0.0505 0.0178 0.2879 0.0232 0.0371 
        D363  2 0.0270 0.0402 0.5533 0.0236 0.0296 0.0450 0.0152 0.1804 0.0428 0.0428 
        D364  2 0.0251 0.0698 0.2221 0.0264 0.3928 0.1224 0.0434 0.0264 0.0487 0.0229 
        D365  2 0.0117 0.0131 0.0217 0.8530 0.0272 0.0146 0.0118 0.0135 0.0178 0.0156 
        D369  2 0.0625 0.1134 0.2244 0.1104 0.0215 0.0951 0.0387 0.0667 0.1408 0.1264 
        D374  2 0.3563 0.0388 0.0228 0.0217 0.0256 0.0528 0.0297 0.0137 0.4197 0.0189 
        D375  2 0.0333 0.0182 0.0157 0.0141 0.8103 0.0396 0.0226 0.0208 0.0149 0.0105 
        D376  2 0.1715 0.0691 0.0188 0.0407 0.0600 0.1076 0.0442 0.0172 0.4455 0.0255 
        D377  2 0.2882 0.2514 0.0233 0.0555 0.0463 0.0994 0.0554 0.0686 0.0514 0.0604 
        D378  2 0.0188 0.0319 0.1488 0.2349 0.2273 0.0970 0.0340 0.1322 0.0248 0.0504 
        D379  2 0.0333 0.0434 0.5555 0.0253 0.0630 0.1073 0.0904 0.0282 0.0252 0.0284 
        D384  2 0.0131 0.0174 0.8137 0.0147 0.0154 0.0197 0.0212 0.0155 0.0480 0.0215 
        D385  2 0.0328 0.0200 0.0147 0.7041 0.1101 0.0290 0.0197 0.0222 0.0305 0.0169 
        D386  2 0.0405 0.0435 0.1075 0.0799 0.4748 0.1129 0.0368 0.0634 0.0175 0.0232 
        D391  2 0.0173 0.0225 0.0273 0.7297 0.1012 0.0268 0.0206 0.0165 0.0144 0.0237 
        D392  2 0.0399 0.1001 0.0653 0.5582 0.0226 0.0560 0.0274 0.0450 0.0486 0.0368 
        D393  2 0.0237 0.0490 0.2379 0.0758 0.2542 0.0653 0.0537 0.0530 0.0178 0.1696 
        D394  2 0.0556 0.1473 0.1069 0.0845 0.1693 0.1470 0.0806 0.1193 0.0385 0.0509 
        D395  2 0.0411 0.0210 0.0129 0.3677 0.3880 0.0576 0.0214 0.0326 0.0205 0.0370 
        D401  2 0.0812 0.7511 0.0162 0.0234 0.0113 0.0333 0.0210 0.0201 0.0234 0.0190 
        D402  2 0.0252 0.0254 0.0190 0.6966 0.1084 0.0220 0.0187 0.0146 0.0177 0.0524 
        D403  2 0.0414 0.0341 0.1180 0.0448 0.0874 0.3690 0.2172 0.0413 0.0228 0.0240 
        D415  2 0.0205 0.0750 0.5593 0.0223 0.0217 0.1800 0.0432 0.0445 0.0134 0.0201 
        D435  2 0.0178 0.0345 0.4465 0.1622 0.0517 0.0728 0.0389 0.0695 0.0196 0.0866 
        D436  2 0.0581 0.0338 0.1117 0.0347 0.3870 0.0700 0.1800 0.0403 0.0508 0.0336 
        D438  2 0.0135 0.0134 0.0119 0.8595 0.0142 0.0180 0.0120 0.0191 0.0239 0.0146 
        D439  2 0.0165 0.0615 0.0466 0.0548 0.6077 0.0834 0.0202 0.0556 0.0136 0.0401 
        D449  2 0.0210 0.0275 0.0372 0.5397 0.0260 0.0917 0.0199 0.1937 0.0243 0.0191 
        D450  2 0.1047 0.0488 0.1408 0.0230 0.1851 0.1316 0.0674 0.1081 0.1282 0.0623 
        D456  2 0.0156 0.0113 0.7961 0.0120 0.0183 0.0489 0.0185 0.0336 0.0203 0.0253 
        D462  2 0.0181 0.0127 0.0461 0.7250 0.0936 0.0279 0.0197 0.0246 0.0141 0.0183 
        D463  2 0.0162 0.0180 0.7998 0.0120 0.0308 0.0366 0.0214 0.0175 0.0307 0.0170 
        D464  2 0.1547 0.0265 0.0568 0.1183 0.2484 0.2886 0.0329 0.0200 0.0278 0.0260 
        D465  2 0.0743 0.0532 0.0927 0.4747 0.0285 0.0623 0.0258 0.1349 0.0227 0.0308 
        D473  2 0.0583 0.1241 0.0237 0.0498 0.0685 0.0573 0.0361 0.0787 0.4662 0.0373 
        D474  2 0.0142 0.0474 0.3918 0.0539 0.0371 0.0520 0.0250 0.1871 0.0497 0.1419 
        D476  2 0.0126 0.0206 0.0189 0.0432 0.5208 0.0330 0.1468 0.1676 0.0117 0.0246 
        D477  2 0.0425 0.1371 0.2498 0.0220 0.3050 0.0571 0.0241 0.0339 0.0487 0.0797 
        D478  2 0.0850 0.0315 0.0328 0.0548 0.0943 0.1357 0.0215 0.4303 0.0664 0.0477 
        D480  2 0.0368 0.0279 0.1725 0.0775 0.2603 0.1097 0.0839 0.0323 0.1065 0.0927 
        D481  2 0.0373 0.0941 0.2051 0.0560 0.1892 0.1099 0.0228 0.1522 0.0869 0.0464 
        D482  2 0.0853 0.0812 0.0206 0.0345 0.3292 0.0946 0.0967 0.0391 0.0907 0.1283 
        D483  2 0.0171 0.0175 0.0135 0.7965 0.0165 0.0241 0.0143 0.0232 0.0553 0.0220 
        D484  2 0.0402 0.0142 0.0095 0.0150 0.8199 0.0260 0.0164 0.0155 0.0197 0.0237 
        D510  2 0.0612 0.0304 0.0295 0.0247 0.0297 0.0504 0.0567 0.0179 0.5274 0.1722 
        D511  2 0.0234 0.0269 0.0555 0.0516 0.6734 0.0362 0.0275 0.0521 0.0169 0.0365 
        D512  2 0.1955 0.3946 0.0234 0.1446 0.0219 0.0819 0.0361 0.0559 0.0137 0.0324 
        D513  2 0.0537 0.0393 0.0400 0.5411 0.0247 0.0755 0.0260 0.0716 0.0546 0.0734 
        D635  2 0.0149 0.0222 0.0792 0.0214 0.0173 0.0476 0.0133 0.7433 0.0199 0.0209 
        D636  2 0.0182 0.0647 0.0214 0.0153 0.0132 0.0208 0.0155 0.8039 0.0124 0.0145 
        D637  2 0.0984 0.0722 0.0289 0.1461 0.2609 0.0998 0.1595 0.0241 0.0587 0.0513 
        D658  2 0.0373 0.0552 0.0222 0.4528 0.1875 0.0421 0.0717 0.0160 0.0929 0.0224 
        D659  2 0.0217 0.0297 0.4484 0.0309 0.0478 0.0808 0.0422 0.1899 0.0399 0.0687 
        D677  2 0.0481 0.0616 0.1446 0.0615 0.0290 0.0779 0.4204 0.0757 0.0188 0.0623 
        D678  2 0.1574 0.0350 0.0134 0.6008 0.0227 0.0811 0.0169 0.0362 0.0153 0.0214 
        D679  2 0.0557 0.0566 0.3061 0.0530 0.0668 0.1361 0.0643 0.0781 0.0473 0.1360 
        D719  2 0.0253 0.0459 0.1811 0.1465 0.0431 0.0581 0.0208 0.0155 0.3778 0.0858 
        D720  2 0.0192 0.0377 0.6685 0.0392 0.0207 0.0546 0.0244 0.0304 0.0764 0.0289 
        D721  2 0.0113 0.0146 0.0228 0.0428 0.0249 0.0231 0.0207 0.7917 0.0290 0.0191 
        D722  2 0.3571 0.0890 0.0209 0.0673 0.0297 0.0846 0.0343 0.0239 0.2549 0.0383 
        D734  2 0.0284 0.0132 0.0233 0.0480 0.6182 0.0319 0.0198 0.0184 0.1491 0.0497 
        D735  2 0.0537 0.1521 0.2659 0.0715 0.0740 0.1193 0.0361 0.0506 0.0830 0.0939 
        D736  2 0.0259 0.0377 0.0469 0.0613 0.0575 0.0727 0.0449 0.0825 0.3419 0.2287 
        D737  2 0.0405 0.0390 0.0164 0.5581 0.1186 0.0381 0.0542 0.0283 0.0343 0.0727 
        D807  2 0.0646 0.1008 0.1552 0.0512 0.0954 0.0665 0.0878 0.0389 0.1568 0.1829 
        D808  2 0.0891 0.2022 0.1216 0.0802 0.0587 0.1382 0.1354 0.0374 0.0337 0.1035 
        D817  2 0.2086 0.1173 0.2269 0.0263 0.0918 0.1140 0.0491 0.0800 0.0348 0.0512 
        D818  2 0.0465 0.0170 0.0679 0.2250 0.0332 0.1938 0.1268 0.1345 0.0269 0.1283 
        D819  2 0.2171 0.2880 0.1391 0.0354 0.0303 0.0901 0.0300 0.0896 0.0355 0.0449 
        D820  2 0.0167 0.0144 0.6930 0.0324 0.0800 0.0321 0.0403 0.0249 0.0202 0.0460 
        D895  2 0.0480 0.1168 0.1411 0.0422 0.0583 0.1223 0.0307 0.3661 0.0420 0.0325 
        D896  2 0.0392 0.7920 0.0131 0.0149 0.0154 0.0199 0.0485 0.0188 0.0256 0.0125 
        D897  2 0.0616 0.0486 0.0295 0.5515 0.0365 0.0900 0.0556 0.0347 0.0245 0.0673 
        D898  2 0.1515 0.2980 0.0542 0.0280 0.0731 0.1285 0.0512 0.0457 0.0414 0.1284 
        D918  2 0.0462 0.1058 0.0299 0.0629 0.0958 0.1419 0.3137 0.0762 0.0721 0.0554 
        D919  2 0.0434 0.0223 0.1202 0.0784 0.4034 0.1337 0.0337 0.0507 0.0211 0.0930 
        D920  2 0.0278 0.0365 0.0219 0.0263 0.0310 0.0450 0.5475 0.1831 0.0622 0.0186 
        D923  2 0.0351 0.0206 0.6147 0.0322 0.0993 0.0603 0.0350 0.0523 0.0218 0.0287 
        D930  2 0.0751 0.0743 0.2393 0.0409 0.1515 0.1662 0.0654 0.0285 0.1099 0.0489 
        D931  2 0.0606 0.0381 0.2375 0.1486 0.2532 0.0755 0.0398 0.0553 0.0419 0.0495 
        D968  2 0.0237 0.0229 0.0210 0.7583 0.0263 0.0423 0.0169 0.0143 0.0148 0.0594 
        D969  2 0.0457 0.0497 0.2226 0.1545 0.0534 0.1433 0.0345 0.0427 0.0420 0.2117 
        D977  2 0.0292 0.0160 0.0242 0.7214 0.0265 0.0458 0.0596 0.0271 0.0221 0.0281 
        D978  2 0.1563 0.0258 0.0320 0.1086 0.0265 0.1499 0.0595 0.0285 0.0291 0.3838 
        D211  3 0.0227 0.0436 0.0541 0.0138 0.0282 0.0465 0.5093 0.2215 0.0201 0.0402 
     D229639  3 0.0449 0.0466 0.0725 0.0397 0.0210 0.0746 0.0424 0.0313 0.1005 0.5264 
     D237212  3 0.0509 0.0579 0.0810 0.0555 0.2497 0.0806 0.0724 0.0849 0.0301 0.2369 
     D237213  3 0.1510 0.2496 0.0484 0.0349 0.0969 0.1134 0.1607 0.0657 0.0164 0.0630 
     D237214  3 0.0155 0.0135 0.0225 0.0115 0.0145 0.0173 0.0233 0.8538 0.0176 0.0105 
     D237215  3 0.2103 0.0411 0.0142 0.4494 0.0151 0.0451 0.0178 0.0151 0.0743 0.1175 
     D237216  3 0.0396 0.0302 0.0411 0.0264 0.0286 0.5982 0.0617 0.0859 0.0247 0.0638 
     D237217  3 0.0156 0.0543 0.0627 0.0273 0.0261 0.2358 0.4438 0.0651 0.0180 0.0513 
     D237218  3 0.0157 0.0269 0.0750 0.0373 0.1488 0.1029 0.3086 0.0207 0.0539 0.2101 
     D237219  3 0.0536 0.3346 0.0329 0.0258 0.0123 0.0933 0.2294 0.0379 0.0621 0.1182 
     D237382  3 0.2651 0.0975 0.1514 0.0546 0.0422 0.1052 0.1258 0.0249 0.0863 0.0470 
     D244127  3 0.0501 0.5003 0.0230 0.0781 0.0270 0.0996 0.0895 0.0238 0.0189 0.0896 
     D244129  3 0.0850 0.1852 0.0904 0.0589 0.0918 0.1473 0.0690 0.1179 0.0485 0.1060 
     D244133  3 0.3190 0.0491 0.0607 0.1548 0.0145 0.0965 0.0344 0.1171 0.1187 0.0352 
     D244134  3 0.0207 0.1654 0.0235 0.0354 0.0185 0.0492 0.0513 0.0299 0.2145 0.3915 
     D244135  3 0.0240 0.0253 0.0299 0.0477 0.0199 0.0556 0.0657 0.6970 0.0143 0.0207 
     D244136  3 0.1635 0.0533 0.1439 0.0980 0.0307 0.1107 0.0421 0.1033 0.1655 0.0891 
        D416  3 0.0780 0.1501 0.0742 0.1476 0.0365 0.1400 0.0508 0.2069 0.0331 0.0828 
        D417  3 0.0266 0.0290 0.4975 0.0153 0.0272 0.0378 0.3074 0.0139 0.0262 0.0192 
        D419  3 0.0307 0.1577 0.0904 0.0567 0.0289 0.1336 0.2563 0.0297 0.0477 0.1683 
        D565  3 0.0233 0.0258 0.0387 0.0121 0.0158 0.0233 0.0135 0.0359 0.7635 0.0482 
        D566  3 0.0865 0.0558 0.0511 0.0586 0.0192 0.0742 0.0175 0.0827 0.2350 0.3197 
        D567  3 0.0384 0.0932 0.5330 0.0426 0.0757 0.0620 0.0623 0.0494 0.0173 0.0261 
        D568  3 0.0224 0.0643 0.1045 0.0949 0.1199 0.0902 0.3868 0.0396 0.0174 0.0600 
        D569  3 0.0700 0.0250 0.0184 0.0777 0.4546 0.1131 0.0334 0.1289 0.0330 0.0459 
        D573  3 0.0201 0.0313 0.1701 0.1129 0.0444 0.1215 0.0263 0.0242 0.0258 0.4235 
        D574  3 0.1635 0.0689 0.0347 0.0439 0.0368 0.1094 0.0450 0.0670 0.3204 0.1104 
        D575  3 0.0732 0.2671 0.0272 0.0407 0.0322 0.0575 0.0242 0.3462 0.0716 0.0600 
        D576  3 0.2868 0.0155 0.0088 0.4886 0.0198 0.0359 0.0184 0.0349 0.0217 0.0697 
        D577  3 0.0685 0.0371 0.4643 0.0266 0.0522 0.0748 0.1004 0.1063 0.0378 0.0320 
        D578  3 0.0203 0.0210 0.0154 0.0212 0.0142 0.0211 0.0288 0.8250 0.0160 0.0170 
        D579  3 0.0373 0.0606 0.1260 0.0721 0.1062 0.0951 0.0873 0.0530 0.1931 0.1694 
        D660  3 0.0899 0.0661 0.0202 0.5759 0.0358 0.0831 0.0244 0.0603 0.0134 0.0309 
        D661  3 0.0259 0.0286 0.0300 0.1449 0.0790 0.1171 0.3162 0.0367 0.0198 0.2017 
        D663  3 0.0733 0.0197 0.0504 0.0797 0.0339 0.1419 0.0203 0.0457 0.0170 0.5182 
        D664  3 0.1473 0.1831 0.0208 0.1621 0.0198 0.1447 0.1095 0.1153 0.0452 0.0522 
        D665  3 0.3850 0.0917 0.0221 0.0323 0.0849 0.1532 0.0760 0.0929 0.0102 0.0516 
        D666  3 0.0631 0.4861 0.0666 0.0266 0.0292 0.0823 0.0748 0.0448 0.0680 0.0585 
        D009  4 0.0476 0.0801 0.1104 0.0253 0.1033 0.1439 0.3516 0.0708 0.0395 0.0275 
        D057  4 0.0179 0.0144 0.0444 0.0897 0.3347 0.0362 0.3251 0.0675 0.0234 0.0468 
        D109  4 0.0758 0.5297 0.0509 0.0183 0.0286 0.1286 0.0408 0.0471 0.0513 0.0288 
     D237222  4 0.0763 0.0543 0.0519 0.0344 0.0369 0.0801 0.3469 0.1665 0.1213 0.0316 
     D237223  4 0.0377 0.0590 0.0241 0.0597 0.0508 0.0971 0.4634 0.0639 0.0914 0.0531 
     D237224  4 0.0524 0.0741 0.1259 0.1582 0.1932 0.1092 0.0386 0.0524 0.0293 0.1667 
     D237225  4 0.0521 0.0536 0.0928 0.0338 0.0823 0.2692 0.1703 0.1066 0.0694 0.0699 
     D237299  4 0.1302 0.0512 0.0487 0.0279 0.0216 0.1917 0.3812 0.0467 0.0463 0.0545 
     D237300  4 0.0397 0.0275 0.0198 0.0403 0.0213 0.0433 0.0452 0.0198 0.0364 0.7068 
     D237306  4 0.0838 0.0682 0.0767 0.0246 0.0473 0.0706 0.1809 0.0329 0.3795 0.0356 
     D237307  4 0.0818 0.0403 0.3416 0.0504 0.0166 0.0954 0.1014 0.0474 0.1576 0.0674 
     D237308  4 0.0250 0.1035 0.0283 0.3832 0.1844 0.0631 0.0639 0.0407 0.0719 0.0359 
     D237309  4 0.0441 0.0670 0.1330 0.0503 0.1135 0.2221 0.1960 0.0853 0.0262 0.0626 
     D237317  4 0.0402 0.0412 0.1188 0.0261 0.0379 0.2459 0.0405 0.0708 0.3090 0.0697 
     D237318  4 0.0251 0.0179 0.0286 0.0368 0.0133 0.0352 0.0176 0.0209 0.0215 0.7832 
     D237319  4 0.0875 0.0757 0.0420 0.0537 0.0247 0.1133 0.4863 0.0359 0.0331 0.0477 
     D237320  4 0.0283 0.0488 0.0565 0.0537 0.0318 0.0514 0.5011 0.0959 0.0262 0.1063 
     D237321  4 0.0606 0.0532 0.0769 0.1090 0.0274 0.0876 0.0420 0.0365 0.0414 0.4653 
     D237397  4 0.0380 0.0341 0.0475 0.0690 0.0218 0.0580 0.4390 0.0448 0.1224 0.1254 
     D237398  4 0.0346 0.0187 0.0668 0.0337 0.0450 0.1036 0.0595 0.0638 0.0188 0.5556 
     D237399  4 0.0352 0.0389 0.1034 0.0304 0.0440 0.0589 0.1311 0.0629 0.1718 0.3234 
     D244001  4 0.0443 0.0354 0.0241 0.1311 0.0552 0.0930 0.4554 0.1103 0.0246 0.0265 
        D289  4 0.0243 0.0340 0.0761 0.0591 0.2589 0.1031 0.0632 0.0688 0.2007 0.1117 
        D290  4 0.3889 0.0280 0.0611 0.0308 0.0643 0.1221 0.0849 0.0282 0.0296 0.1621 
        D294  4 0.1217 0.0194 0.1423 0.0317 0.2229 0.1455 0.1116 0.1154 0.0350 0.0545 
        D295  4 0.0583 0.1197 0.2454 0.0260 0.0569 0.0650 0.3223 0.0244 0.0377 0.0444 
        D301  4 0.0589 0.0532 0.0175 0.0344 0.0212 0.0428 0.5360 0.1287 0.0428 0.0645 
        D302  4 0.0352 0.0145 0.0486 0.0139 0.7541 0.0347 0.0392 0.0277 0.0151 0.0170 
        D303  4 0.0747 0.0870 0.0426 0.0585 0.0852 0.0549 0.0500 0.0292 0.4833 0.0347 
        D304  4 0.2259 0.0266 0.0652 0.0283 0.0471 0.1352 0.0638 0.0406 0.0829 0.2844 
        D305  4 0.0456 0.0409 0.0242 0.0715 0.3135 0.3661 0.0443 0.0270 0.0133 0.0535 
        D306  4 0.4789 0.0278 0.0552 0.0203 0.0244 0.2158 0.0353 0.0307 0.0287 0.0827 
        D307  4 0.0311 0.0652 0.0235 0.0303 0.0472 0.0418 0.3350 0.3130 0.0699 0.0430 
        D327  4 0.0466 0.0243 0.5053 0.0508 0.0469 0.0967 0.0603 0.0612 0.0639 0.0441 
        D328  4 0.1470 0.0742 0.0195 0.0263 0.3938 0.0553 0.1372 0.0165 0.1026 0.0276 
        D329  4 0.0447 0.0868 0.0976 0.1113 0.2159 0.1792 0.1145 0.0367 0.0407 0.0727 
        D330  4 0.0730 0.1364 0.2123 0.0507 0.0853 0.1480 0.1222 0.1368 0.0172 0.0182 
        D331  4 0.2035 0.0763 0.1349 0.0329 0.0358 0.1322 0.0604 0.0434 0.0831 0.1976 
        D333  4 0.0986 0.0873 0.0527 0.0742 0.1791 0.0725 0.2419 0.0320 0.0856 0.0760 
        D334  4 0.0436 0.0208 0.0746 0.0180 0.0495 0.0647 0.1163 0.0502 0.5172 0.0451 
        D335  4 0.0505 0.0281 0.1550 0.0463 0.5516 0.0494 0.0268 0.0413 0.0250 0.0261 
        D370  4 0.3013 0.3069 0.0303 0.0583 0.0519 0.0978 0.0421 0.0258 0.0611 0.0246 
        D371  4 0.0643 0.0172 0.0836 0.0337 0.0192 0.0411 0.0168 0.0287 0.6772 0.0181 
        D372  4 0.1130 0.0326 0.0131 0.0542 0.0189 0.1634 0.0206 0.0128 0.0213 0.5501 
        D373  4 0.0309 0.0307 0.0339 0.0798 0.0521 0.0686 0.1567 0.4755 0.0186 0.0532 
        D455  4 0.0274 0.0341 0.0411 0.0416 0.1079 0.0369 0.3601 0.2673 0.0269 0.0566 
        D490  4 0.0225 0.0228 0.0228 0.0093 0.0204 0.0219 0.6372 0.2123 0.0173 0.0135 
        D497  4 0.0214 0.0344 0.0185 0.0173 0.0477 0.0446 0.5945 0.1801 0.0194 0.0219 
        D498  4 0.3360 0.1171 0.0666 0.0411 0.0230 0.0947 0.0699 0.0275 0.0921 0.1322 
        D499  4 0.1379 0.0758 0.0243 0.1788 0.1362 0.1480 0.0715 0.0204 0.1132 0.0940 
        D514  4 0.2166 0.0546 0.2728 0.0224 0.1258 0.1167 0.0349 0.0652 0.0181 0.0728 
        D515  4 0.0932 0.0364 0.0382 0.0233 0.0373 0.0755 0.6053 0.0433 0.0297 0.0178 
        D516  4 0.0673 0.2143 0.1377 0.0664 0.0241 0.0892 0.2195 0.0650 0.0471 0.0694 
        D517  4 0.0149 0.0817 0.0608 0.0403 0.0282 0.1998 0.2600 0.2317 0.0193 0.0634 
        D518  4 0.0254 0.0225 0.0302 0.0289 0.3664 0.0388 0.3540 0.0522 0.0622 0.0193 
        D519  4 0.0148 0.0231 0.0284 0.0235 0.0164 0.0269 0.7814 0.0263 0.0203 0.0390 
        D560  4 0.0230 0.0158 0.0474 0.0300 0.0194 0.0284 0.7795 0.0152 0.0135 0.0280 
        D561  4 0.0457 0.0425 0.2254 0.0611 0.0718 0.1831 0.0872 0.2327 0.0165 0.0340 
        D562  4 0.1355 0.0457 0.0521 0.0565 0.1400 0.1508 0.0582 0.1964 0.0552 0.1096 
        D563  4 0.0689 0.0392 0.0205 0.3935 0.1725 0.0926 0.0444 0.0543 0.0191 0.0949 
        D572  4 0.0414 0.0192 0.0656 0.0311 0.6254 0.0425 0.0864 0.0508 0.0194 0.0184 
        D629  4 0.0547 0.0443 0.1743 0.0251 0.0672 0.0515 0.0467 0.4600 0.0214 0.0548 
        D630  4 0.0969 0.0225 0.0777 0.0347 0.0884 0.0973 0.3336 0.1143 0.0466 0.0881 
        D631  4 0.0216 0.0169 0.0273 0.0622 0.6166 0.0319 0.1481 0.0187 0.0204 0.0363 
        D632  4 0.0412 0.1475 0.0513 0.1745 0.2116 0.0510 0.1021 0.1841 0.0196 0.0173 
        D646  4 0.0187 0.0886 0.1233 0.0482 0.0493 0.1193 0.3761 0.0802 0.0308 0.0656 
        D647  4 0.0414 0.0715 0.3649 0.0460 0.0704 0.0642 0.2372 0.0383 0.0149 0.0514 
        D648  4 0.4499 0.0189 0.0204 0.0219 0.3446 0.0287 0.0416 0.0195 0.0405 0.0140 
        D649  4 0.0343 0.1971 0.2687 0.0196 0.2149 0.0752 0.0845 0.0490 0.0228 0.0339 
        D650  4 0.0618 0.0621 0.1934 0.0323 0.0921 0.0878 0.2558 0.0653 0.0926 0.0567 
        D708  4 0.1101 0.0534 0.0521 0.0257 0.2139 0.1414 0.1067 0.0487 0.1745 0.0734 
        D709  4 0.4811 0.1294 0.0307 0.0254 0.0659 0.1351 0.0489 0.0160 0.0327 0.0347 
        D738  4 0.0301 0.0823 0.0777 0.0174 0.0253 0.0427 0.1872 0.0422 0.4562 0.0390 
        D739  4 0.1537 0.0512 0.0278 0.0238 0.0588 0.1558 0.3143 0.1347 0.0237 0.0562 
        D740  4 0.0389 0.1866 0.0259 0.0531 0.0817 0.2444 0.0705 0.0414 0.1245 0.1330 
        D741  4 0.0235 0.0445 0.1105 0.0674 0.0241 0.1416 0.4823 0.0470 0.0152 0.0438 
        D742  4 0.0457 0.0426 0.0400 0.2302 0.0720 0.1157 0.1315 0.0656 0.0793 0.1775 
        D743  4 0.0259 0.0176 0.3359 0.0364 0.3989 0.0529 0.0381 0.0340 0.0227 0.0376 
        D744  4 0.0193 0.0198 0.0238 0.0279 0.7945 0.0253 0.0198 0.0320 0.0184 0.0193 
        D745  4 0.0186 0.0209 0.0196 0.0143 0.0185 0.0287 0.8146 0.0264 0.0158 0.0225 
        D814  4 0.0604 0.0143 0.0257 0.2016 0.0566 0.2426 0.1778 0.1431 0.0217 0.0563 
        D815  4 0.1445 0.0997 0.1204 0.0383 0.3872 0.0657 0.0383 0.0321 0.0298 0.0438 
        D828  4 0.6150 0.0325 0.0137 0.0466 0.0509 0.0569 0.0487 0.0214 0.0481 0.0663 
        D845  4 0.0116 0.0154 0.0155 0.0215 0.0216 0.0188 0.0164 0.0124 0.0391 0.8277 
        D846  4 0.0469 0.0256 0.1120 0.1536 0.3069 0.1158 0.0673 0.1087 0.0114 0.0518 
        D847  4 0.0550 0.0433 0.1339 0.0509 0.0525 0.0929 0.1632 0.1899 0.0905 0.1280 
        D848  4 0.0285 0.0335 0.0161 0.0649 0.0394 0.0668 0.0736 0.4349 0.0234 0.2188 
        D849  4 0.0698 0.0888 0.0384 0.0348 0.0370 0.1065 0.4988 0.0783 0.0206 0.0270 
        D850  4 0.0209 0.0377 0.0941 0.0373 0.0381 0.1188 0.0541 0.4041 0.0504 0.1445 
        D856  4 0.1855 0.2044 0.0782 0.0188 0.0522 0.2474 0.1030 0.0285 0.0373 0.0444 
        D857  4 0.1641 0.5514 0.0103 0.1029 0.0266 0.0394 0.0318 0.0262 0.0299 0.0174 
        D859  4 0.0319 0.0273 0.0700 0.0462 0.4881 0.0687 0.1413 0.0244 0.0224 0.0797 
        D860  4 0.0178 0.0304 0.0843 0.0716 0.0702 0.0541 0.0202 0.0345 0.4912 0.1256 
        D883  4 0.1005 0.1182 0.1734 0.0362 0.0641 0.0758 0.1858 0.1099 0.0726 0.0635 
        D884  4 0.0535 0.0813 0.0449 0.0161 0.0459 0.0454 0.6031 0.0309 0.0517 0.0273 
        D885  4 0.0371 0.0386 0.0978 0.0886 0.0407 0.2148 0.1491 0.1118 0.0240 0.1975 
        D886  4 0.1870 0.1138 0.1628 0.0476 0.0678 0.0864 0.1888 0.0719 0.0231 0.0508 
        D887  4 0.1096 0.0704 0.0952 0.1163 0.1258 0.1234 0.0690 0.0682 0.0606 0.1615 
        D889  4 0.1415 0.0137 0.0311 0.0080 0.0551 0.0684 0.0362 0.0150 0.0180 0.6130 
        D890  4 0.3014 0.1566 0.0381 0.1082 0.0783 0.0858 0.0260 0.0875 0.0808 0.0372 
        D891  4 0.0098 0.0113 0.0112 0.0110 0.0107 0.0146 0.0103 0.0115 0.0114 0.8984 
        D899  4 0.0833 0.0286 0.0373 0.3642 0.0866 0.0750 0.0364 0.0373 0.0927 0.1586 
        D900  4 0.1504 0.0460 0.1223 0.0712 0.1222 0.1392 0.0740 0.1669 0.0438 0.0640 
        D970  4 0.0266 0.0394 0.1477 0.0522 0.3401 0.1204 0.0973 0.0513 0.0464 0.0786 
        D971  4 0.0564 0.0583 0.0744 0.4090 0.2019 0.0756 0.0280 0.0267 0.0491 0.0206 
        D979  4 0.0650 0.0224 0.3519 0.0374 0.3012 0.0660 0.0442 0.0336 0.0378 0.0404 
        D093  5 0.0397 0.0185 0.0336 0.0221 0.0192 0.0328 0.0732 0.0172 0.7152 0.0286 
        D154  5 0.1408 0.0392 0.0256 0.1052 0.0337 0.2259 0.2317 0.0243 0.0554 0.1181 
        D168  5 0.1199 0.0734 0.0503 0.1802 0.0292 0.1514 0.1110 0.1680 0.0170 0.0996 
        D189  5 0.1193 0.0230 0.0436 0.0279 0.0414 0.0673 0.1157 0.0183 0.3413 0.2022 
        D190  5 0.0371 0.0511 0.0240 0.0334 0.0579 0.0329 0.0455 0.0158 0.6735 0.0288 
     D237220  5 0.0357 0.1023 0.0319 0.0220 0.0850 0.1229 0.3119 0.0575 0.1002 0.1304 
     D237221  5 0.0468 0.0683 0.0878 0.1060 0.0766 0.0785 0.0657 0.0281 0.2208 0.2213 
     D237274  5 0.0506 0.0443 0.3216 0.0656 0.2776 0.1068 0.0483 0.0483 0.0159 0.0210 
     D237275  5 0.2372 0.0428 0.0213 0.4176 0.0155 0.0757 0.0267 0.0203 0.0221 0.1210 
     D237276  5 0.0662 0.1419 0.0601 0.0329 0.0404 0.0631 0.3967 0.0308 0.1351 0.0328 
     D237277  5 0.0398 0.0547 0.0286 0.0509 0.0546 0.0388 0.0392 0.0234 0.5594 0.1106 
     D237278  5 0.0433 0.1101 0.0787 0.3189 0.0680 0.1122 0.0409 0.0502 0.1409 0.0367 
     D237279  5 0.0554 0.2437 0.0415 0.0211 0.0743 0.2267 0.0282 0.2607 0.0185 0.0299 
     D237280  5 0.0332 0.5088 0.0606 0.0215 0.0339 0.0985 0.0487 0.1156 0.0586 0.0206 
     D237281  5 0.0176 0.0185 0.0543 0.1577 0.0363 0.1016 0.0354 0.0163 0.0291 0.5333 
     D237351  5 0.0311 0.7174 0.0192 0.0204 0.0190 0.0310 0.0606 0.0258 0.0540 0.0215 
     D237352  5 0.0958 0.0524 0.0512 0.0680 0.1823 0.0731 0.0858 0.3105 0.0547 0.0263 
     D237353  5 0.0597 0.0845 0.0167 0.0185 0.0350 0.0322 0.0211 0.0138 0.6723 0.0462 
     D237359  5 0.0354 0.0587 0.0347 0.0276 0.0513 0.1102 0.3285 0.0605 0.0595 0.2337 
     D237361  5 0.0222 0.0367 0.0175 0.0210 0.0197 0.0299 0.0123 0.0205 0.7938 0.0264 
     D237362  5 0.2460 0.1061 0.0907 0.0501 0.0506 0.1389 0.0727 0.0837 0.0786 0.0826 
     D237363  5 0.0627 0.0366 0.0315 0.1139 0.0192 0.5697 0.0281 0.0374 0.0516 0.0493 
     D237364  5 0.0575 0.0497 0.0774 0.0934 0.0974 0.1098 0.3583 0.0465 0.0151 0.0948 
     D237376  5 0.7198 0.0191 0.0133 0.0273 0.0584 0.0236 0.0329 0.0151 0.0676 0.0230 
     D237377  5 0.0454 0.3250 0.1264 0.0445 0.0517 0.1922 0.0287 0.0501 0.1030 0.0330 
     D237378  5 0.1813 0.0338 0.0284 0.0844 0.0694 0.0660 0.1455 0.0221 0.2958 0.0732 
     D237379  5 0.1658 0.0247 0.0312 0.0481 0.2159 0.1151 0.0829 0.0489 0.2119 0.0556 
     D237380  5 0.1123 0.4446 0.0224 0.0180 0.0745 0.0562 0.1897 0.0198 0.0495 0.0129 
     D237381  5 0.0731 0.2764 0.0316 0.0616 0.1217 0.1022 0.1209 0.0979 0.0596 0.0548 
     D237391  5 0.0153 0.0228 0.0410 0.0163 0.0239 0.0332 0.0305 0.0218 0.7432 0.0521 
     D237392  5 0.1099 0.0817 0.2112 0.1966 0.0810 0.1184 0.0438 0.0898 0.0260 0.0415 
     D237393  5 0.0465 0.1767 0.3110 0.0571 0.0425 0.0690 0.0236 0.0452 0.1617 0.0665 
     D237394  5 0.0335 0.0380 0.0167 0.0096 0.0288 0.0205 0.0167 0.0248 0.7932 0.0181 
     D237395  5 0.2241 0.0649 0.0359 0.0555 0.0221 0.0805 0.1089 0.0473 0.2427 0.1181 
     D237396  5 0.0169 0.0571 0.1784 0.0794 0.0660 0.0903 0.0256 0.2264 0.1800 0.0799 
     D244016  5 0.2271 0.0604 0.0247 0.0442 0.2093 0.1602 0.0189 0.0426 0.1542 0.0583 
     D244018  5 0.0258 0.0524 0.0418 0.3007 0.0206 0.1018 0.0647 0.0830 0.2142 0.0950 
     D244019  5 0.2483 0.0719 0.0691 0.0807 0.0688 0.2143 0.0292 0.0345 0.0407 0.1425 
        D279  5 0.0344 0.0445 0.0301 0.0600 0.0535 0.1774 0.1725 0.0331 0.0644 0.3301 
        D280  5 0.0518 0.0965 0.1025 0.0379 0.0320 0.1805 0.0443 0.1016 0.1263 0.2266 
        D281  5 0.0518 0.0183 0.0268 0.0569 0.0321 0.1127 0.0432 0.0209 0.0780 0.5594 
        D283  5 0.0207 0.0520 0.0840 0.0313 0.0376 0.1070 0.0398 0.0343 0.4251 0.1682 
        D284  5 0.2031 0.0557 0.0474 0.0359 0.0401 0.1696 0.1526 0.1782 0.0298 0.0876 
        D285  5 0.0398 0.0437 0.0633 0.0191 0.0564 0.0910 0.0651 0.0401 0.3698 0.2117 
        D286  5 0.1123 0.0340 0.0714 0.0274 0.1070 0.1066 0.2644 0.0403 0.1607 0.0758 
        D287  5 0.6263 0.0353 0.0170 0.0240 0.0684 0.0590 0.0407 0.0204 0.0816 0.0273 
        D288  5 0.0483 0.0908 0.1487 0.0363 0.0222 0.2105 0.0309 0.0472 0.0472 0.3180 
        D308  5 0.0205 0.6986 0.0614 0.0209 0.0292 0.0537 0.0400 0.0254 0.0306 0.0199 
        D309  5 0.0239 0.0188 0.0199 0.0168 0.8188 0.0316 0.0172 0.0233 0.0170 0.0127 
        D310  5 0.0454 0.0311 0.0152 0.0124 0.0152 0.1781 0.0187 0.0138 0.6085 0.0617 
        D311  5 0.2061 0.0438 0.1060 0.0383 0.0922 0.1555 0.1948 0.0315 0.0827 0.0490 
        D312  5 0.1949 0.0519 0.0872 0.0339 0.1644 0.0859 0.0355 0.1586 0.1219 0.0657 
        D313  5 0.0163 0.5695 0.0154 0.0127 0.0109 0.0390 0.1260 0.1557 0.0374 0.0171 
        D314  5 0.1516 0.1087 0.0271 0.0849 0.0425 0.1430 0.2529 0.0333 0.0609 0.0950 
        D315  5 0.0850 0.1187 0.2782 0.0375 0.0520 0.1043 0.0357 0.0996 0.1415 0.0475 
        D317  5 0.0505 0.0247 0.0514 0.0168 0.0135 0.0210 0.0333 0.0306 0.7232 0.0350 
        D318  5 0.0731 0.0336 0.0662 0.0829 0.1189 0.1081 0.0393 0.3795 0.0463 0.0521 
        D319  5 0.0205 0.0667 0.0222 0.0168 0.0178 0.0322 0.0369 0.0126 0.6993 0.0749 
        D320  5 0.0503 0.0667 0.0290 0.0150 0.0546 0.0490 0.0379 0.0293 0.5779 0.0902 
        D321  5 0.0162 0.6520 0.0576 0.0106 0.0188 0.0292 0.0223 0.0318 0.0497 0.1117 
        D336  5 0.2056 0.0273 0.0247 0.0149 0.0376 0.0640 0.0397 0.0184 0.5434 0.0244 
        D337  5 0.0367 0.0178 0.0278 0.0188 0.0277 0.0255 0.0161 0.0149 0.7051 0.1096 
        D338  5 0.0221 0.0456 0.1818 0.0520 0.0415 0.1757 0.2050 0.0256 0.1538 0.0969 
        D339  5 0.0400 0.0472 0.0442 0.0369 0.0184 0.1203 0.0686 0.0197 0.4874 0.1173 
        D347  5 0.3684 0.0287 0.1019 0.0665 0.0755 0.1508 0.0375 0.0390 0.0279 0.1038 
        D348  5 0.0507 0.0183 0.0219 0.0202 0.1247 0.0374 0.0153 0.0232 0.6229 0.0654 
