        D174  1 0.0585 0.1010 0.0335 0.1265 0.0289 0.0662 0.4709 0.0263 0.0881 
        D199  1 0.2290 0.0256 0.2115 0.0952 0.1103 0.0427 0.1369 0.0382 0.1105 
        D203  1 0.2133 0.1269 0.2006 0.1127 0.0749 0.0697 0.0778 0.0470 0.0770 
        D204  1 0.7463 0.0192 0.0376 0.0263 0.0163 0.0275 0.0162 0.0833 0.0272 
     D237366  1 0.0535 0.4076 0.0555 0.0449 0.0495 0.1431 0.0509 0.1019 0.0933 
     D237367  1 0.4536 0.0886 0.0679 0.1031 0.0238 0.0753 0.0395 0.0495 0.0988 
     D237368  1 0.1141 0.0370 0.0772 0.0240 0.0270 0.4923 0.1132 0.0468 0.0684 
     D244101  1 0.1682 0.0253 0.0732 0.0351 0.1037 0.0234 0.0195 0.4395 0.1120 
     D244102  1 0.0580 0.1327 0.0471 0.4029 0.0687 0.0622 0.0404 0.0746 0.1134 
     D244103  1 0.2074 0.2537 0.0343 0.0609 0.0626 0.0612 0.0465 0.0763 0.1970 
     D244104  1 0.6692 0.0266 0.0403 0.0131 0.0512 0.0463 0.0929 0.0246 0.0358 
     D244105  1 0.0677 0.4975 0.0223 0.0427 0.0313 0.1129 0.0158 0.0174 0.1924 
     D244106  1 0.0611 0.0535 0.0795 0.1116 0.0495 0.0260 0.5397 0.0213 0.0577 
     D244107  1 0.0742 0.0273 0.0913 0.0156 0.0258 0.5485 0.0144 0.0980 0.1050 
     D244108  1 0.0800 0.0477 0.0382 0.1454 0.0431 0.1235 0.4186 0.0389 0.0647 
     D244113  1 0.0178 0.0222 0.0436 0.3614 0.0268 0.0373 0.3375 0.0987 0.0547 
     D244114  1 0.0492 0.2258 0.0677 0.0541 0.0888 0.0268 0.0953 0.0529 0.3394 
     D244115  1 0.1521 0.0635 0.0232 0.0677 0.0370 0.1484 0.3296 0.0335 0.1449 
     D267365  1 0.2645 0.0474 0.0368 0.0610 0.1886 0.0581 0.1846 0.0659 0.0932 
        D404  1 0.0226 0.0216 0.0318 0.6346 0.0194 0.0195 0.1615 0.0551 0.0341 
        D405  1 0.0837 0.0616 0.0670 0.5466 0.0390 0.0314 0.0551 0.0476 0.0680 
        D406  1 0.0447 0.1544 0.0169 0.0259 0.0167 0.6480 0.0349 0.0283 0.0302 
        D407  1 0.7166 0.0251 0.0761 0.0218 0.0160 0.0467 0.0247 0.0170 0.0560 
        D408  1 0.0623 0.0197 0.0210 0.1092 0.2453 0.0284 0.4085 0.0406 0.0650 
        D409  1 0.0726 0.0567 0.0493 0.0422 0.1398 0.0447 0.0416 0.1252 0.4280 
        D410  1 0.0891 0.0239 0.0113 0.0299 0.0181 0.7315 0.0290 0.0298 0.0374 
        D421  1 0.8983 0.0115 0.0180 0.0081 0.0139 0.0086 0.0200 0.0106 0.0110 
        D422  1 0.0637 0.0836 0.0267 0.0162 0.0243 0.6899 0.0142 0.0206 0.0609 
        D423  1 0.0897 0.0393 0.0556 0.0172 0.0147 0.7216 0.0191 0.0161 0.0266 
        D424  1 0.5940 0.0602 0.0172 0.0244 0.0146 0.0389 0.0316 0.0202 0.1988 
        D425  1 0.4355 0.0374 0.0236 0.1082 0.0566 0.0291 0.1104 0.0283 0.1709 
        D426  1 0.0661 0.0308 0.0303 0.0154 0.1998 0.0367 0.0190 0.0455 0.5566 
        D427  1 0.2341 0.0180 0.4147 0.0107 0.0172 0.0177 0.2481 0.0128 0.0266 
        D428  1 0.3934 0.0342 0.0475 0.1052 0.0302 0.0720 0.1602 0.0700 0.0873 
        D429  1 0.3201 0.1502 0.0376 0.0818 0.0435 0.0366 0.1782 0.0335 0.1185 
        D430  1 0.0673 0.1059 0.0712 0.2203 0.1021 0.0433 0.1711 0.0306 0.1882 
        D491  1 0.0704 0.0219 0.0138 0.0438 0.0523 0.0391 0.6862 0.0300 0.0425 
        D492  1 0.2466 0.0527 0.0678 0.1333 0.0293 0.1002 0.1490 0.0585 0.1627 
        D537  1 0.7188 0.0354 0.0263 0.0300 0.0114 0.0465 0.0254 0.0461 0.0602 
        D538  1 0.0424 0.0426 0.0645 0.3357 0.0364 0.2080 0.0963 0.0610 0.1131 
        D539  1 0.0326 0.3122 0.0570 0.0688 0.2147 0.0589 0.1183 0.0518 0.0858 
        D540  1 0.3145 0.1011 0.0328 0.0580 0.0958 0.0704 0.0505 0.0270 0.2498 
        D541  1 0.8689 0.0179 0.0163 0.0108 0.0164 0.0172 0.0166 0.0181 0.0176 
        D551  1 0.0714 0.1078 0.1662 0.0288 0.1332 0.0336 0.0305 0.0233 0.4052 
        D552  1 0.1560 0.0745 0.0306 0.0222 0.0670 0.2375 0.2278 0.0938 0.0904 
        D553  1 0.8596 0.0157 0.0113 0.0089 0.0218 0.0150 0.0156 0.0183 0.0338 
        D615  1 0.3857 0.0703 0.0672 0.0950 0.0948 0.1094 0.0724 0.0241 0.0810 
        D616  1 0.2747 0.0705 0.1413 0.0418 0.0666 0.1683 0.0831 0.0239 0.1297 
        D621  1 0.0147 0.0619 0.0223 0.0384 0.0232 0.5829 0.0734 0.1412 0.0420 
        D622  1 0.0346 0.1515 0.0271 0.0199 0.0344 0.5726 0.0396 0.0455 0.0748 
        D623  1 0.0249 0.0171 0.1423 0.2171 0.0299 0.0394 0.2581 0.2085 0.0627 
        D624  1 0.0326 0.0385 0.0155 0.0227 0.0228 0.0238 0.7741 0.0109 0.0591 
        D625  1 0.5312 0.0685 0.0184 0.0461 0.0229 0.0783 0.0826 0.0679 0.0841 
        D626  1 0.0824 0.1833 0.0453 0.0590 0.0746 0.0996 0.3580 0.0258 0.0721 
        D627  1 0.0713 0.0808 0.0192 0.0209 0.2647 0.0253 0.0301 0.0362 0.4514 
        D690  1 0.7594 0.0215 0.0093 0.0168 0.0192 0.0679 0.0492 0.0307 0.0260 
        D691  1 0.0472 0.3370 0.0166 0.0165 0.0306 0.4493 0.0406 0.0258 0.0363 
        D710  1 0.1680 0.0257 0.0499 0.0463 0.0561 0.1776 0.1407 0.1989 0.1366 
        D711  1 0.7167 0.0335 0.0253 0.0449 0.0229 0.0456 0.0379 0.0378 0.0353 
        D712  1 0.0342 0.0531 0.0352 0.0898 0.1200 0.0434 0.5067 0.0534 0.0642 
        D713  1 0.1848 0.0618 0.0200 0.2007 0.0294 0.0933 0.1808 0.1182 0.1109 
        D746  1 0.0550 0.1283 0.0238 0.0136 0.0181 0.6910 0.0196 0.0258 0.0247 
        D747  1 0.8464 0.0148 0.0271 0.0142 0.0149 0.0176 0.0164 0.0290 0.0196 
        D748  1 0.2776 0.3183 0.0167 0.0400 0.0444 0.1185 0.0516 0.0722 0.0606 
        D749  1 0.0223 0.0923 0.0483 0.0598 0.0247 0.4193 0.1194 0.0603 0.1538 
        D750  1 0.0993 0.0290 0.0222 0.0296 0.0256 0.0712 0.6416 0.0424 0.0390 
        D763  1 0.0744 0.0816 0.1202 0.0343 0.2394 0.0607 0.0220 0.2299 0.1376 
        D764  1 0.4438 0.0251 0.0204 0.0206 0.0317 0.1418 0.2515 0.0229 0.0422 
        D765  1 0.0546 0.1252 0.0215 0.0594 0.0398 0.3172 0.2495 0.0184 0.1145 
        D766  1 0.1535 0.1082 0.0302 0.0490 0.0239 0.4352 0.0390 0.0890 0.0720 
        D767  1 0.0947 0.1220 0.0693 0.3071 0.0269 0.0768 0.0281 0.2058 0.0694 
        D768  1 0.8536 0.0180 0.0162 0.0116 0.0193 0.0185 0.0134 0.0143 0.0352 
        D811  1 0.0331 0.0372 0.0142 0.6599 0.0345 0.0337 0.1235 0.0170 0.0469 
        D816  1 0.8346 0.0190 0.0144 0.0168 0.0179 0.0159 0.0268 0.0214 0.0333 
        D825  1 0.1199 0.0390 0.0178 0.2705 0.0379 0.1378 0.1901 0.0288 0.1581 
        D866  1 0.0314 0.0438 0.1043 0.0717 0.3807 0.0468 0.2068 0.0261 0.0883 
        D867  1 0.0188 0.1199 0.0449 0.0334 0.0200 0.5666 0.0259 0.1081 0.0624 
        D871  1 0.0589 0.0652 0.0165 0.0317 0.2011 0.0226 0.0478 0.1022 0.4539 
        D872  1 0.2721 0.0319 0.0481 0.2914 0.0266 0.1798 0.0401 0.0512 0.0589 
        D873  1 0.0104 0.0138 0.0140 0.0627 0.0085 0.8394 0.0105 0.0235 0.0172 
        D874  1 0.0478 0.0219 0.0173 0.0334 0.0301 0.0129 0.0711 0.7279 0.0375 
        D875  1 0.0379 0.0889 0.0128 0.0423 0.1059 0.0824 0.0222 0.1067 0.5010 
        D876  1 0.4057 0.0646 0.0213 0.0402 0.0762 0.0686 0.1038 0.1279 0.0918 
        D877  1 0.0278 0.0180 0.0178 0.7323 0.0171 0.0147 0.0707 0.0545 0.0470 
        D892  1 0.3153 0.1924 0.0174 0.0730 0.0225 0.0736 0.1615 0.0481 0.0962 
        D893  1 0.6051 0.0777 0.0391 0.0214 0.0905 0.0383 0.0178 0.0524 0.0577 
        D894  1 0.5176 0.0879 0.0344 0.0448 0.0539 0.0345 0.0706 0.0467 0.1098 
        D915  1 0.5564 0.0974 0.0248 0.0268 0.0382 0.1101 0.0575 0.0302 0.0586 
        D916  1 0.8648 0.0203 0.0119 0.0093 0.0127 0.0200 0.0212 0.0169 0.0230 
        D917  1 0.0829 0.0341 0.0544 0.0490 0.1169 0.0472 0.2731 0.2087 0.1338 
        D925  1 0.1444 0.0303 0.0197 0.0288 0.0368 0.5965 0.0945 0.0173 0.0317 
        D926  1 0.4548 0.0980 0.0230 0.0338 0.0258 0.0448 0.0805 0.0701 0.1691 
        D927  1 0.2634 0.0489 0.2474 0.0525 0.1158 0.0332 0.0500 0.0567 0.1320 
        D928  1 0.0674 0.0123 0.0158 0.0418 0.0166 0.0178 0.7887 0.0203 0.0192 
        D929  1 0.0309 0.1289 0.0235 0.3373 0.0252 0.0289 0.0419 0.3281 0.0554 
        D936  1 0.3853 0.0500 0.0595 0.0276 0.0981 0.0248 0.0278 0.2603 0.0666 
        D938  1 0.0215 0.1142 0.0129 0.0181 0.0193 0.7393 0.0189 0.0321 0.0236 
        D956  1 0.0343 0.0596 0.0399 0.1618 0.0341 0.0275 0.5678 0.0295 0.0455 
        D957  1 0.1740 0.0433 0.0399 0.1627 0.0262 0.3657 0.0460 0.0558 0.0863 
        D958  1 0.2264 0.0491 0.0246 0.0929 0.0294 0.2585 0.1567 0.0886 0.0738 
        D959  1 0.7388 0.0174 0.0454 0.0177 0.0150 0.0307 0.0139 0.0113 0.1100 
        D960  1 0.0221 0.1004 0.0223 0.0528 0.0180 0.6923 0.0260 0.0250 0.0411 
        D989  1 0.0358 0.0507 0.0964 0.0365 0.0959 0.0185 0.5661 0.0312 0.0688 
        D990  1 0.0156 0.0435 0.0320 0.0150 0.0888 0.6586 0.0516 0.0220 0.0730 
        D023  2 0.0512 0.0163 0.0200 0.0110 0.0155 0.7970 0.0161 0.0196 0.0534 
        D130  2 0.1082 0.2166 0.0415 0.1111 0.0154 0.4435 0.0125 0.0182 0.0329 
        D131  2 0.2545 0.0754 0.0387 0.0495 0.1560 0.0551 0.0451 0.0783 0.2473 
        D163  2 0.0984 0.0647 0.0165 0.0186 0.0293 0.6386 0.0467 0.0348 0.0524 
        D164  2 0.0111 0.0119 0.4770 0.0127 0.0110 0.4396 0.0097 0.0125 0.0145 
        D165  2 0.0294 0.0450 0.0356 0.0110 0.0343 0.7551 0.0170 0.0292 0.0434 
        D166  2 0.0430 0.0898 0.0303 0.5673 0.0346 0.0328 0.0173 0.0779 0.1070 
        D167  2 0.0106 0.0117 0.8197 0.0733 0.0184 0.0100 0.0254 0.0121 0.0188 
        D192  2 0.0085 0.0123 0.8793 0.0169 0.0215 0.0115 0.0163 0.0160 0.0176 
        D193  2 0.0205 0.0979 0.0219 0.6154 0.0280 0.0225 0.0830 0.0438 0.0670 
        D206  2 0.1782 0.1114 0.3599 0.0424 0.0325 0.0459 0.0225 0.0466 0.1605 
        D207  2 0.0277 0.0324 0.5931 0.1726 0.0551 0.0201 0.0158 0.0206 0.0626 
        D208  2 0.0365 0.1172 0.1092 0.0651 0.3351 0.0263 0.1830 0.0534 0.0741 
        D209  2 0.0281 0.0200 0.5195 0.0412 0.0263 0.0513 0.0218 0.1124 0.1796 
        D210  2 0.0671 0.0454 0.0958 0.0231 0.1432 0.0260 0.5185 0.0374 0.0436 
     D229599  2 0.1578 0.0687 0.0460 0.0477 0.1661 0.0715 0.0584 0.2530 0.1308 
     D229600  2 0.0348 0.0966 0.3670 0.0640 0.0276 0.2913 0.0223 0.0314 0.0651 
     D237227  2 0.0437 0.0361 0.0547 0.0331 0.1258 0.1485 0.4566 0.0281 0.0734 
     D237228  2 0.0165 0.0449 0.0617 0.1074 0.0566 0.3187 0.2560 0.0217 0.1165 
     D237258  2 0.0718 0.0436 0.2543 0.0995 0.1382 0.1193 0.0822 0.0518 0.1394 
     D237310  2 0.0130 0.0667 0.0638 0.3594 0.0284 0.3058 0.0298 0.0403 0.0930 
     D237311  2 0.0158 0.0806 0.1910 0.1334 0.0290 0.4374 0.0309 0.0215 0.0605 
     D237312  2 0.0316 0.2162 0.0240 0.4339 0.0217 0.0931 0.0435 0.0690 0.0670 
     D237313  2 0.1741 0.1113 0.0334 0.0519 0.1085 0.1393 0.1073 0.0815 0.1926 
     D237322  2 0.0235 0.1142 0.0378 0.2179 0.2086 0.0465 0.0836 0.1130 0.1547 
     D237323  2 0.0148 0.0614 0.0297 0.1361 0.0479 0.5195 0.1088 0.0318 0.0501 
     D237324  2 0.0530 0.0705 0.1898 0.0245 0.0779 0.2337 0.0174 0.0403 0.2931 
     D237325  2 0.0360 0.2315 0.0864 0.1041 0.0302 0.2559 0.0754 0.0730 0.1074 
     D237326  2 0.0555 0.0232 0.0281 0.0252 0.0249 0.6821 0.0811 0.0372 0.0427 
     D237327  2 0.0459 0.1280 0.1278 0.0287 0.2945 0.0396 0.0417 0.1029 0.1908 
     D237337  2 0.0277 0.0870 0.0201 0.0662 0.0301 0.6115 0.0715 0.0261 0.0598 
     D237338  2 0.0665 0.1936 0.0768 0.0495 0.1053 0.1580 0.1077 0.1187 0.1240 
     D237339  2 0.0313 0.0308 0.1017 0.0459 0.0299 0.0204 0.0148 0.6546 0.0706 
     D237340  2 0.0205 0.1261 0.1884 0.1645 0.0456 0.1496 0.1944 0.0329 0.0781 
     D237389  2 0.0218 0.0810 0.1256 0.3153 0.0166 0.3355 0.0190 0.0249 0.0603 
     D237390  2 0.0411 0.2967 0.0284 0.2633 0.0446 0.0918 0.0784 0.0646 0.0912 
     D244017  2 0.0205 0.0180 0.3465 0.2859 0.0382 0.0290 0.1619 0.0369 0.0629 
     D244112  2 0.0137 0.0285 0.8556 0.0316 0.0111 0.0136 0.0162 0.0123 0.0174 
     D244118  2 0.0114 0.0354 0.6205 0.0260 0.0211 0.2150 0.0228 0.0231 0.0246 
     D244119  2 0.0190 0.0185 0.2576 0.0245 0.0230 0.0198 0.5932 0.0146 0.0299 
     D244120  2 0.0110 0.0635 0.4208 0.2875 0.0527 0.0227 0.0402 0.0672 0.0345 
     D244122  2 0.0225 0.0600 0.6918 0.0709 0.0260 0.0305 0.0361 0.0319 0.0303 
        D291  2 0.0432 0.0343 0.0508 0.0517 0.6727 0.0255 0.0186 0.0209 0.0823 
        D292  2 0.1750 0.0308 0.2479 0.0750 0.2200 0.0545 0.0783 0.0588 0.0596 
        D293  2 0.1024 0.0243 0.5331 0.0146 0.0371 0.0130 0.0168 0.1463 0.1124 
        D322  2 0.0896 0.0192 0.4610 0.0236 0.0402 0.0584 0.0224 0.2350 0.0506 
        D323  2 0.0644 0.0613 0.1832 0.1909 0.1067 0.0350 0.0407 0.0921 0.2256 
        D324  2 0.1219 0.0387 0.0410 0.0244 0.4186 0.1029 0.0507 0.0324 0.1694 
        D325  2 0.0354 0.0345 0.7670 0.0129 0.0417 0.0125 0.0108 0.0335 0.0519 
        D326  2 0.8409 0.0159 0.0174 0.0148 0.0251 0.0107 0.0254 0.0207 0.0292 
        D340  2 0.0164 0.0160 0.8627 0.0120 0.0227 0.0138 0.0192 0.0198 0.0173 
        D341  2 0.0523 0.1948 0.5199 0.0326 0.0535 0.0247 0.0427 0.0362 0.0432 
        D342  2 0.0192 0.0804 0.5554 0.0540 0.0423 0.1156 0.0190 0.0216 0.0924 
        D343  2 0.0159 0.0136 0.9030 0.0082 0.0125 0.0084 0.0086 0.0151 0.0147 
        D344  2 0.1393 0.0515 0.0470 0.1793 0.0234 0.0297 0.0190 0.4175 0.0933 
        D345  2 0.1311 0.0324 0.0411 0.0247 0.0710 0.2263 0.0427 0.2785 0.1523 
        D346  2 0.0530 0.0497 0.0753 0.0460 0.1237 0.0390 0.4827 0.0611 0.0695 
        D351  2 0.2120 0.0677 0.0472 0.0775 0.1638 0.0679 0.0268 0.1378 0.1993 
        D352  2 0.0122 0.0198 0.0301 0.0275 0.0240 0.0171 0.0458 0.7527 0.0708 
        D353  2 0.1658 0.0311 0.0410 0.0234 0.0203 0.0158 0.0120 0.0803 0.6104 
        D354  2 0.0529 0.0290 0.0135 0.0305 0.0204 0.0305 0.0492 0.7148 0.0592 
        D362  2 0.7895 0.0211 0.0297 0.0296 0.0186 0.0357 0.0280 0.0207 0.0271 
        D363  2 0.7574 0.0125 0.0182 0.0297 0.0351 0.0319 0.0349 0.0284 0.0518 
        D364  2 0.2661 0.0455 0.0223 0.0321 0.0253 0.0535 0.0368 0.4121 0.1063 
        D365  2 0.0209 0.0105 0.8691 0.0101 0.0162 0.0098 0.0216 0.0237 0.0180 
        D369  2 0.1713 0.0453 0.1827 0.0460 0.1700 0.0678 0.1855 0.0350 0.0964 
        D374  2 0.0153 0.0183 0.0167 0.6764 0.0168 0.0152 0.2065 0.0160 0.0188 
        D375  2 0.0195 0.0325 0.0163 0.0392 0.0100 0.0148 0.0147 0.8174 0.0357 
        D376  2 0.0155 0.0486 0.0389 0.3625 0.0221 0.0350 0.3603 0.0582 0.0588 
        D377  2 0.0352 0.1589 0.0680 0.1864 0.1139 0.0974 0.0617 0.1052 0.1735 
        D378  2 0.0981 0.0506 0.2229 0.0183 0.0695 0.0598 0.0259 0.3134 0.1413 
        D379  2 0.7196 0.0557 0.0163 0.0260 0.0293 0.0198 0.0264 0.0584 0.0485 
        D384  2 0.8511 0.0138 0.0142 0.0121 0.0200 0.0150 0.0367 0.0133 0.0238 
        D385  2 0.0172 0.0289 0.7270 0.0247 0.0232 0.0153 0.0313 0.1047 0.0275 
        D386  2 0.0899 0.0462 0.0744 0.0336 0.0265 0.0542 0.0189 0.4895 0.1669 
        D391  2 0.0316 0.0232 0.7459 0.0192 0.0213 0.0190 0.0183 0.0852 0.0362 
        D392  2 0.0523 0.0190 0.6285 0.0498 0.0330 0.0951 0.0506 0.0284 0.0432 
        D393  2 0.1597 0.0594 0.0684 0.0184 0.2194 0.0426 0.0220 0.3339 0.0762 
        D394  2 0.0707 0.0734 0.0781 0.0942 0.0534 0.2255 0.0360 0.2338 0.1349 
        D395  2 0.0185 0.0295 0.3303 0.0468 0.0272 0.0187 0.0213 0.4328 0.0749 
        D401  2 0.0210 0.0213 0.0294 0.0686 0.0251 0.7064 0.0576 0.0157 0.0548 
        D402  2 0.0138 0.0196 0.7592 0.0241 0.0578 0.0176 0.0166 0.0702 0.0211 
        D403  2 0.2357 0.2251 0.0285 0.0580 0.0271 0.0541 0.0176 0.1016 0.2523 
        D415  2 0.5215 0.0600 0.0274 0.0246 0.0199 0.0647 0.0164 0.0291 0.2364 
        D435  2 0.5524 0.0355 0.1908 0.0167 0.0397 0.0429 0.0189 0.0547 0.0484 
        D436  2 0.1363 0.1860 0.0315 0.0973 0.0193 0.0215 0.0582 0.3745 0.0754 
        D438  2 0.0122 0.0157 0.8791 0.0138 0.0181 0.0120 0.0176 0.0118 0.0198 
        D439  2 0.0380 0.0259 0.0393 0.0130 0.0341 0.0328 0.0142 0.7316 0.0710 
        D449  2 0.1307 0.0230 0.5957 0.0220 0.0204 0.0293 0.0217 0.0291 0.1282 
        D450  2 0.1108 0.1227 0.0212 0.0752 0.0714 0.0344 0.1374 0.2701 0.1566 
        D456  2 0.8321 0.0217 0.0109 0.0146 0.0337 0.0139 0.0218 0.0199 0.0313 
        D462  2 0.0331 0.0193 0.7800 0.0157 0.0148 0.0134 0.0128 0.0846 0.0264 
        D463  2 0.8324 0.0184 0.0112 0.0191 0.0165 0.0143 0.0332 0.0356 0.0194 
        D464  2 0.0441 0.0290 0.0840 0.1153 0.0165 0.0187 0.0346 0.2615 0.3962 
        D465  2 0.1980 0.0330 0.5145 0.0603 0.0334 0.0475 0.0198 0.0305 0.0629 
        D473  2 0.0223 0.0376 0.0461 0.0565 0.0462 0.1172 0.4757 0.1273 0.0712 
        D474  2 0.4496 0.0267 0.0526 0.0154 0.2204 0.0780 0.0624 0.0434 0.0514 
        D476  2 0.0203 0.1614 0.0756 0.0129 0.0293 0.1895 0.0141 0.4642 0.0327 
        D477  2 0.1985 0.0299 0.0213 0.0243 0.1273 0.0526 0.0453 0.4118 0.0891 
        D478  2 0.0348 0.0337 0.0549 0.1452 0.0689 0.0967 0.1331 0.1965 0.2362 
        D480  2 0.1980 0.0927 0.0832 0.0385 0.0940 0.0204 0.0844 0.2835 0.1054 
        D481  2 0.1478 0.0301 0.0575 0.0333 0.0718 0.1392 0.0968 0.3069 0.1166 
        D482  2 0.0199 0.1152 0.0296 0.0946 0.2206 0.0496 0.0813 0.2505 0.1389 
        D483  2 0.0143 0.0143 0.8279 0.0172 0.0220 0.0198 0.0493 0.0172 0.0179 
        D484  2 0.0110 0.0169 0.0228 0.0544 0.0254 0.0118 0.0202 0.8125 0.0250 
        D510  2 0.0198 0.0439 0.0264 0.1435 0.1306 0.0174 0.5248 0.0346 0.0590 
        D511  2 0.0439 0.0277 0.0899 0.0187 0.0442 0.0391 0.0177 0.6722 0.0465 
        D512  2 0.0205 0.0503 0.1894 0.2226 0.0248 0.3081 0.0120 0.0354 0.1367 
        D513  2 0.1020 0.0374 0.4892 0.0414 0.1080 0.0399 0.0564 0.0295 0.0962 
        D635  2 0.2491 0.0272 0.0458 0.0171 0.0387 0.4111 0.0327 0.0344 0.1438 
        D636  2 0.0163 0.0153 0.0167 0.0110 0.0141 0.8638 0.0146 0.0163 0.0319 
        D637  2 0.0262 0.2349 0.1502 0.0748 0.0669 0.0288 0.0638 0.2555 0.0989 
        D658  2 0.0235 0.0756 0.4615 0.0904 0.0223 0.0344 0.0845 0.1675 0.0404 
        D659  2 0.7103 0.0369 0.0261 0.0187 0.0464 0.0291 0.0322 0.0489 0.0513 
        D677  2 0.2722 0.4242 0.0493 0.0649 0.0474 0.0473 0.0214 0.0286 0.0447 
        D678  2 0.0186 0.0233 0.6739 0.1114 0.0263 0.0311 0.0137 0.0186 0.0831 
        D679  2 0.3833 0.0495 0.0585 0.0218 0.1494 0.0307 0.0498 0.0841 0.1729 
        D719  2 0.1409 0.0203 0.1610 0.0229 0.1005 0.0256 0.4198 0.0579 0.0512 
        D720  2 0.7289 0.0189 0.0264 0.0210 0.0330 0.0271 0.0626 0.0323 0.0498 
        D721  2 0.0507 0.0365 0.0730 0.0133 0.0356 0.6354 0.0356 0.0437 0.0761 
        D722  2 0.0223 0.0194 0.0535 0.5822 0.0316 0.0440 0.1726 0.0178 0.0567 
        D734  2 0.0223 0.0262 0.0657 0.0212 0.0513 0.0105 0.1469 0.6079 0.0479 
        D735  2 0.2003 0.0569 0.0617 0.0383 0.1479 0.1442 0.0837 0.1144 0.1526 
        D736  2 0.0605 0.0502 0.0601 0.0235 0.2502 0.0574 0.3267 0.0803 0.0910 
        D737  2 0.0163 0.0498 0.5560 0.0476 0.0604 0.0455 0.0377 0.1414 0.0452 
        D807  2 0.1269 0.0919 0.0530 0.0736 0.1488 0.0579 0.2355 0.1404 0.0719 
        D808  2 0.0651 0.0881 0.0996 0.1639 0.0944 0.1603 0.0316 0.1086 0.1884 
        D817  2 0.4014 0.0739 0.0271 0.0950 0.0988 0.0414 0.0457 0.0979 0.1188 
        D818  2 0.0515 0.1946 0.1855 0.0335 0.1193 0.0289 0.0277 0.0747 0.2842 
        D819  2 0.1672 0.0566 0.0449 0.1412 0.1170 0.1639 0.0383 0.0731 0.1978 
        D820  2 0.6666 0.0341 0.0293 0.0159 0.0295 0.0135 0.0232 0.1301 0.0578 
        D895  2 0.4753 0.0310 0.0362 0.0405 0.0387 0.1306 0.0309 0.0558 0.1609 
        D896  2 0.0182 0.0310 0.0174 0.0737 0.0167 0.7548 0.0435 0.0211 0.0235 
        D897  2 0.0286 0.1081 0.5445 0.0624 0.0403 0.0299 0.0244 0.0496 0.1122 
        D898  2 0.0448 0.0673 0.0379 0.2050 0.1858 0.0725 0.0402 0.1052 0.2414 
        D918  2 0.0417 0.3839 0.0705 0.0560 0.0660 0.0797 0.0550 0.1031 0.1441 
        D919  2 0.0973 0.0257 0.0869 0.0491 0.0771 0.0218 0.0204 0.5209 0.1009 
        D920  2 0.0290 0.3768 0.0331 0.0462 0.0158 0.3803 0.0426 0.0263 0.0498 
        D923  2 0.6235 0.0204 0.0287 0.0323 0.0312 0.0239 0.0222 0.1545 0.0634 
        D930  2 0.1708 0.0860 0.0407 0.0648 0.0819 0.0671 0.1014 0.2193 0.1680 
        D931  2 0.2225 0.0452 0.1336 0.0632 0.0618 0.0341 0.0368 0.3097 0.0932 
        D968  2 0.0239 0.0134 0.7938 0.0188 0.0707 0.0116 0.0139 0.0220 0.0318 
        D969  2 0.1589 0.0542 0.2330 0.0518 0.2071 0.0363 0.0574 0.0531 0.1481 
        D977  2 0.0229 0.0578 0.7437 0.0294 0.0305 0.0171 0.0182 0.0282 0.0524 
        D978  2 0.0180 0.1108 0.1199 0.1100 0.3971 0.0169 0.0256 0.0265 0.1753 
        D211  3 0.0387 0.7374 0.0159 0.0160 0.0322 0.0361 0.0209 0.0330 0.0698 
     D229639  3 0.0751 0.0459 0.0551 0.0426 0.5284 0.0442 0.1149 0.0230 0.0708 
     D237212  3 0.0547 0.1037 0.0722 0.0338 0.3029 0.0424 0.0225 0.2841 0.0837 
     D237213  3 0.0451 0.2960 0.0407 0.1035 0.0871 0.1062 0.0239 0.1464 0.1512 
     D237214  3 0.0382 0.0844 0.0204 0.0320 0.0156 0.4168 0.0437 0.0734 0.2755 
     D237215  3 0.0130 0.0164 0.4832 0.2193 0.1205 0.0237 0.0679 0.0141 0.0418 
     D237216  3 0.0369 0.1024 0.0273 0.0386 0.0279 0.0415 0.0223 0.0333 0.6699 
     D237217  3 0.1178 0.4631 0.0244 0.0143 0.0432 0.0960 0.0146 0.0240 0.2027 
     D237218  3 0.0389 0.3651 0.0519 0.0168 0.2380 0.0210 0.0535 0.1361 0.0788 
     D237219  3 0.0473 0.3293 0.0287 0.0288 0.2655 0.1045 0.1054 0.0187 0.0719 
     D237382  3 0.0729 0.1037 0.0414 0.4777 0.0354 0.0540 0.0865 0.0338 0.0947 
     D244127  3 0.0244 0.1081 0.0979 0.0603 0.1298 0.3651 0.0240 0.0358 0.1545 
     D244129  3 0.0795 0.0967 0.0842 0.0850 0.1127 0.2091 0.0540 0.1341 0.1447 
     D244133  3 0.1226 0.0867 0.1857 0.1023 0.1367 0.0569 0.1455 0.0137 0.1500 
     D244134  3 0.0312 0.0437 0.0294 0.0214 0.5307 0.0648 0.2156 0.0252 0.0381 
     D244135  3 0.0524 0.1946 0.0908 0.0303 0.0294 0.4280 0.0189 0.0459 0.1097 
     D244136  3 0.2090 0.0601 0.1253 0.0940 0.1312 0.0447 0.1877 0.0343 0.1136 
        D416  3 0.1221 0.0870 0.2089 0.0355 0.1128 0.0989 0.0324 0.0594 0.2430 
        D417  3 0.5906 0.1892 0.0157 0.0337 0.0201 0.0204 0.0299 0.0282 0.0723 
        D419  3 0.1075 0.3123 0.0642 0.0261 0.2098 0.0655 0.0760 0.0385 0.1001 
        D565  3 0.0364 0.0141 0.0151 0.0211 0.0518 0.0220 0.7949 0.0172 0.0275 
        D566  3 0.0559 0.0231 0.0451 0.0657 0.4045 0.0510 0.2454 0.0223 0.0870 
        D567  3 0.5320 0.0821 0.0490 0.0375 0.0319 0.1029 0.0312 0.0602 0.0733 
        D568  3 0.1714 0.3265 0.1140 0.0414 0.0432 0.0820 0.0153 0.1281 0.0781 
        D569  3 0.0212 0.0465 0.1002 0.0672 0.0393 0.0386 0.0389 0.5582 0.0901 
        D573  3 0.1392 0.0208 0.2600 0.0171 0.3889 0.0197 0.0286 0.0485 0.0773 
        D574  3 0.0352 0.0496 0.0515 0.1570 0.1299 0.0478 0.3175 0.0748 0.1367 
        D575  3 0.1169 0.1321 0.0572 0.0305 0.2138 0.1855 0.1217 0.0389 0.1034 
        D576  3 0.0083 0.0225 0.6055 0.1664 0.0852 0.0131 0.0256 0.0205 0.0528 
        D577  3 0.4655 0.1744 0.0236 0.0466 0.0507 0.0298 0.0513 0.0603 0.0980 
        D578  3 0.0170 0.1458 0.0412 0.0348 0.0242 0.5120 0.0154 0.0368 0.1729 
        D579  3 0.1422 0.0975 0.0748 0.0348 0.1780 0.0652 0.1759 0.1291 0.1025 
        D660  3 0.0172 0.0634 0.6028 0.0529 0.0440 0.0590 0.0168 0.0432 0.1008 
        D661  3 0.0223 0.3641 0.1646 0.0208 0.1584 0.0337 0.0133 0.0777 0.1452 
        D663  3 0.0583 0.0318 0.0691 0.0699 0.5088 0.0186 0.0133 0.0625 0.1678 
        D664  3 0.0225 0.2457 0.1750 0.0722 0.0808 0.1465 0.0802 0.0360 0.1411 
        D665  3 0.0190 0.1377 0.0485 0.2635 0.0417 0.0827 0.0122 0.0930 0.3015 
        D666  3 0.1139 0.2105 0.0349 0.0252 0.1881 0.1423 0.1525 0.0397 0.0929 
        D009  4 0.1238 0.3235 0.0183 0.0759 0.0322 0.1238 0.0304 0.1224 0.1498 
        D057  4 0.0272 0.2786 0.1361 0.0240 0.0408 0.1082 0.0250 0.3321 0.0280 
        D109  4 0.0481 0.1333 0.0214 0.0778 0.0379 0.4043 0.0640 0.0346 0.1786 
     D237222  4 0.0492 0.2404 0.0405 0.1342 0.0253 0.2739 0.1311 0.0382 0.0672 
     D237223  4 0.0298 0.4451 0.0567 0.0503 0.0508 0.0748 0.1363 0.0506 0.1055 
     D237224  4 0.0774 0.0555 0.1925 0.0454 0.1947 0.0417 0.0344 0.2450 0.1136 
     D237225  4 0.1473 0.1286 0.0323 0.0747 0.0811 0.0832 0.0526 0.1130 0.2871 
     D237299  4 0.0149 0.4072 0.0277 0.0961 0.1249 0.0359 0.0389 0.0491 0.2053 
     D237300  4 0.0167 0.0560 0.0484 0.0232 0.7334 0.0198 0.0346 0.0203 0.0476 
     D237306  4 0.0674 0.1275 0.0299 0.0956 0.0285 0.0468 0.4971 0.0464 0.0608 
     D237307  4 0.4519 0.1067 0.0493 0.0729 0.0693 0.0293 0.1283 0.0211 0.0712 
     D237308  4 0.0360 0.0496 0.4689 0.0282 0.0328 0.1150 0.0700 0.1455 0.0540 
     D237309  4 0.1774 0.1530 0.0565 0.0893 0.0486 0.0806 0.0263 0.0791 0.2892 
     D237317  4 0.1498 0.0569 0.0263 0.0591 0.0573 0.0447 0.4301 0.0551 0.1207 
     D237318  4 0.0288 0.0200 0.0600 0.0357 0.7625 0.0140 0.0236 0.0161 0.0394 
     D237319  4 0.0727 0.3196 0.0611 0.2015 0.0564 0.0673 0.0406 0.0300 0.1509 
     D237320  4 0.0562 0.5433 0.0717 0.0267 0.0938 0.0872 0.0287 0.0320 0.0603 
     D237321  4 0.0483 0.0361 0.0789 0.0414 0.6635 0.0365 0.0380 0.0199 0.0375 
     D237397  4 0.0454 0.4053 0.0770 0.0531 0.1049 0.0524 0.1517 0.0224 0.0877 
     D237398  4 0.0460 0.0620 0.0297 0.0226 0.6677 0.0232 0.0194 0.0475 0.0820 
     D237399  4 0.0869 0.0995 0.0423 0.0753 0.3096 0.0490 0.1958 0.0668 0.0748 
     D244001  4 0.0407 0.3281 0.1239 0.0979 0.0249 0.2154 0.0238 0.0493 0.0959 
        D289  4 0.0676 0.0602 0.0716 0.0216 0.0805 0.0354 0.2311 0.3525 0.0796 
        D290  4 0.0648 0.0533 0.0299 0.6952 0.0399 0.0204 0.0196 0.0327 0.0442 
        D294  4 0.0534 0.1630 0.0345 0.0882 0.0874 0.0246 0.0315 0.2698 0.2476 
        D295  4 0.3051 0.3283 0.0279 0.0751 0.0512 0.0358 0.0433 0.0550 0.0784 
        D301  4 0.0225 0.2819 0.0317 0.1024 0.0740 0.3922 0.0323 0.0236 0.0394 
        D302  4 0.0769 0.0402 0.0111 0.0616 0.0205 0.0231 0.0142 0.7066 0.0457 
        D303  4 0.0346 0.0542 0.0686 0.0702 0.0425 0.0673 0.5228 0.0955 0.0444 
        D304  4 0.0770 0.0672 0.0379 0.3248 0.2294 0.0206 0.0863 0.0362 0.1206 
        D305  4 0.0293 0.0514 0.0833 0.0503 0.0359 0.0420 0.0108 0.3526 0.3443 
        D306  4 0.0378 0.0292 0.0178 0.6770 0.0308 0.0256 0.0285 0.0383 0.1150 
        D307  4 0.0165 0.2563 0.0247 0.0213 0.0471 0.5079 0.0525 0.0437 0.0299 
        D327  4 0.5712 0.0646 0.0560 0.0391 0.0547 0.0191 0.0642 0.0466 0.0844 
        D328  4 0.0305 0.1448 0.0332 0.1658 0.0349 0.0310 0.1155 0.3825 0.0619 
        D329  4 0.0456 0.1593 0.1353 0.0716 0.0764 0.0723 0.0408 0.2533 0.1454 
        D330  4 0.3252 0.1465 0.0695 0.0913 0.0156 0.0664 0.0173 0.1305 0.1377 
        D331  4 0.1192 0.0512 0.0502 0.3518 0.1972 0.0421 0.0822 0.0394 0.0667 
        D333  4 0.0648 0.2333 0.0762 0.1391 0.0756 0.0601 0.0874 0.1846 0.0787 
        D334  4 0.0732 0.1260 0.0274 0.0446 0.0592 0.0304 0.4949 0.0633 0.0811 
        D335  4 0.2368 0.0236 0.0457 0.1058 0.0234 0.0281 0.0277 0.4299 0.0790 
        D370  4 0.0300 0.0281 0.0410 0.6493 0.0284 0.0903 0.0469 0.0503 0.0358 
        D371  4 0.1085 0.0154 0.0248 0.0352 0.0278 0.0204 0.7096 0.0212 0.0370 
        D372  4 0.0114 0.0340 0.0401 0.1940 0.6064 0.0137 0.0181 0.0176 0.0646 
        D373  4 0.0422 0.1240 0.0994 0.0221 0.0847 0.4813 0.0171 0.0571 0.0721 
        D455  4 0.0295 0.2941 0.0352 0.0371 0.0541 0.4053 0.0265 0.0849 0.0331 
        D490  4 0.0216 0.5089 0.0143 0.0220 0.0131 0.3557 0.0178 0.0236 0.0230 
        D497  4 0.0117 0.4890 0.0192 0.0235 0.0212 0.3221 0.0166 0.0509 0.0459 
        D498  4 0.0649 0.0428 0.0295 0.5185 0.1358 0.0431 0.0691 0.0274 0.0687 
        D499  4 0.0204 0.0669 0.1774 0.0869 0.1027 0.0256 0.0771 0.2387 0.2043 
        D514  4 0.2683 0.0556 0.0317 0.2450 0.0692 0.0339 0.0170 0.1439 0.1353 
        D515  4 0.0407 0.6410 0.0273 0.0886 0.0210 0.0423 0.0280 0.0511 0.0601 
        D516  4 0.1589 0.2795 0.0825 0.0754 0.0692 0.1190 0.0753 0.0240 0.1162 
        D517  4 0.0687 0.3321 0.0527 0.0163 0.0505 0.2447 0.0197 0.0326 0.1827 
        D518  4 0.0394 0.2472 0.0436 0.0366 0.0180 0.0834 0.0632 0.4265 0.0421 
        D519  4 0.0267 0.7969 0.0231 0.0121 0.0361 0.0312 0.0186 0.0170 0.0383 
        D560  4 0.0598 0.7117 0.0433 0.0243 0.0359 0.0141 0.0139 0.0505 0.0466 
        D561  4 0.0726 0.0525 0.0578 0.0623 0.0571 0.0984 0.0179 0.1910 0.3905 
        D562  4 0.0362 0.1042 0.0792 0.1380 0.0698 0.0894 0.0484 0.2557 0.1791 
        D563  4 0.0187 0.0531 0.4299 0.0410 0.0626 0.0499 0.0190 0.1828 0.1430 
        D572  4 0.0502 0.0670 0.0364 0.0436 0.0187 0.0248 0.0271 0.6851 0.0471 
        D629  4 0.2405 0.1784 0.0235 0.0258 0.1477 0.0945 0.0235 0.1664 0.0999 
        D630  4 0.0783 0.3302 0.0376 0.1805 0.0764 0.0390 0.0448 0.1104 0.1028 
        D631  4 0.0186 0.1769 0.0816 0.0270 0.0245 0.0205 0.0182 0.5955 0.0372 
        D632  4 0.0432 0.0766 0.1522 0.0251 0.0168 0.4531 0.0175 0.1640 0.0515 
        D646  4 0.2171 0.3013 0.0633 0.0282 0.0295 0.1148 0.0367 0.0514 0.1576 
        D647  4 0.4115 0.2005 0.0492 0.0994 0.0326 0.0570 0.0134 0.0699 0.0665 
        D648  4 0.0168 0.0500 0.0265 0.4833 0.0137 0.0165 0.0425 0.3244 0.0263 
        D649  4 0.2943 0.0945 0.0238 0.0305 0.0469 0.1936 0.0243 0.2010 0.0911 
        D650  4 0.1845 0.2276 0.0233 0.0617 0.0815 0.0857 0.1184 0.1236 0.0935 
        D708  4 0.0521 0.1177 0.0378 0.0740 0.0980 0.0419 0.1845 0.2322 0.1618 
        D709  4 0.0234 0.0234 0.0218 0.7380 0.0295 0.0357 0.0256 0.0330 0.0695 
        D738  4 0.0711 0.1239 0.0122 0.0339 0.0321 0.0757 0.5918 0.0222 0.0370 
        D739  4 0.0314 0.4289 0.0306 0.2008 0.0443 0.0612 0.0280 0.0635 0.1113 
        D740  4 0.0206 0.1056 0.0583 0.0311 0.1406 0.1181 0.1543 0.1167 0.2547 
        D741  4 0.0761 0.5603 0.0575 0.0202 0.0298 0.0218 0.0152 0.0424 0.1768 
        D742  4 0.0287 0.1670 0.2665 0.0342 0.1168 0.0350 0.1170 0.1062 0.1287 
        D743  4 0.3599 0.0446 0.0508 0.0200 0.0437 0.0196 0.0266 0.3931 0.0416 
        D744  4 0.0171 0.0251 0.0307 0.0164 0.0246 0.0192 0.0164 0.7703 0.0802 
        D745  4 0.0182 0.8326 0.0139 0.0140 0.0254 0.0291 0.0172 0.0213 0.0284 
        D814  4 0.0633 0.2519 0.2930 0.0536 0.0397 0.0215 0.0215 0.0560 0.1995 
        D815  4 0.1153 0.0311 0.0309 0.2937 0.0498 0.0454 0.0333 0.3375 0.0630 
        D828  4 0.0116 0.0419 0.0457 0.7249 0.0383 0.0164 0.0337 0.0438 0.0437 
        D845  4 0.0171 0.0210 0.0326 0.0115 0.8254 0.0093 0.0422 0.0242 0.0168 
        D846  4 0.1439 0.0955 0.1357 0.0667 0.0421 0.0326 0.0109 0.3656 0.1070 
        D847  4 0.0954 0.2631 0.0605 0.0585 0.1469 0.0648 0.1035 0.0712 0.1361 
        D848  4 0.0178 0.0501 0.0758 0.0253 0.2079 0.5227 0.0173 0.0372 0.0459 
        D849  4 0.0557 0.6478 0.0378 0.0596 0.0231 0.0463 0.0195 0.0352 0.0750 
        D850  4 0.1677 0.0587 0.0525 0.0222 0.2143 0.0960 0.0703 0.0867 0.2315 
        D856  4 0.0401 0.1087 0.0267 0.2378 0.0554 0.1182 0.0371 0.0592 0.3168 
        D857  4 0.0079 0.0297 0.0704 0.1670 0.0162 0.6277 0.0265 0.0218 0.0327 
        D859  4 0.0786 0.1383 0.0375 0.0468 0.0688 0.0187 0.0227 0.5053 0.0832 
        D860  4 0.0670 0.0213 0.0843 0.0251 0.1325 0.0351 0.4537 0.1098 0.0712 
        D883  4 0.2221 0.2267 0.0374 0.0813 0.0731 0.1102 0.0857 0.0894 0.0741 
        D884  4 0.0576 0.6161 0.0157 0.0595 0.0226 0.0447 0.0744 0.0441 0.0652 
        D885  4 0.0816 0.2521 0.0641 0.0160 0.1311 0.0358 0.0267 0.0707 0.3219 
        D886  4 0.1225 0.1408 0.0584 0.3573 0.0384 0.1245 0.0240 0.0790 0.0551 
        D887  4 0.0886 0.0990 0.1412 0.0748 0.1810 0.0696 0.0594 0.1825 0.1040 
        D889  4 0.0382 0.0470 0.0100 0.1531 0.6174 0.0114 0.0180 0.0505 0.0543 
        D890  4 0.0503 0.0584 0.0798 0.2304 0.0750 0.1409 0.0885 0.1625 0.1143 
        D891  4 0.0111 0.0103 0.0139 0.0090 0.9174 0.0083 0.0086 0.0099 0.0116 
        D899  4 0.0317 0.0399 0.4283 0.0617 0.1578 0.0223 0.0912 0.0946 0.0725 
        D900  4 0.1133 0.0759 0.0787 0.2029 0.0568 0.0477 0.0589 0.1782 0.1876 
        D970  4 0.0858 0.0849 0.0686 0.0307 0.1171 0.0363 0.0589 0.4040 0.1136 
        D971  4 0.0500 0.0236 0.4570 0.0723 0.0256 0.0588 0.0590 0.1682 0.0855 
        D979  4 0.3271 0.0349 0.0381 0.0842 0.0298 0.0212 0.0323 0.3442 0.0883 
        D093  5 0.0411 0.0838 0.0230 0.0401 0.0616 0.0221 0.6794 0.0208 0.0283 
        D154  5 0.0259 0.2688 0.1395 0.0996 0.1524 0.0184 0.0374 0.0368 0.2212 
        D168  5 0.0944 0.1953 0.2445 0.0686 0.1239 0.0880 0.0196 0.0335 0.1321 
        D189  5 0.0391 0.1191 0.0363 0.2392 0.1550 0.0240 0.2796 0.0386 0.0691 
        D190  5 0.0298 0.0592 0.0212 0.0496 0.0488 0.0226 0.6887 0.0421 0.0379 
     D237220  5 0.0296 0.3275 0.0238 0.0542 0.1547 0.0964 0.1056 0.0766 0.1316 
     D237221  5 0.0545 0.0584 0.0936 0.0398 0.3334 0.0296 0.2343 0.0844 0.0720 
     D237274  5 0.4486 0.0239 0.0434 0.0533 0.0167 0.0326 0.0163 0.2969 0.0684 
     D237275  5 0.0168 0.0206 0.4510 0.2740 0.0957 0.0229 0.0246 0.0191 0.0752 
     D237276  5 0.1088 0.3602 0.0348 0.1239 0.0307 0.0569 0.1909 0.0427 0.0512 
     D237277  5 0.0295 0.0376 0.0546 0.0405 0.2851 0.0345 0.4077 0.0589 0.0516 
     D237278  5 0.0397 0.0609 0.3522 0.0519 0.0365 0.0938 0.2160 0.0720 0.0770 
     D237279  5 0.0332 0.0427 0.0222 0.0157 0.0574 0.4223 0.0174 0.0689 0.3201 
     D237280  5 0.1338 0.0498 0.0221 0.0352 0.0305 0.5083 0.0691 0.0571 0.0940 
     D237281  5 0.0435 0.0367 0.3341 0.0281 0.3553 0.0206 0.0270 0.0454 0.1093 
     D237351  5 0.0204 0.1466 0.0197 0.0227 0.0474 0.6018 0.0650 0.0267 0.0496 
     D237352  5 0.0812 0.1052 0.0741 0.0892 0.0414 0.2658 0.0444 0.2069 0.0917 
     D237353  5 0.0169 0.0158 0.0163 0.0280 0.1431 0.0200 0.7079 0.0272 0.0248 
     D237359  5 0.0325 0.3782 0.0227 0.0420 0.2371 0.0420 0.0604 0.0616 0.1236 
     D237361  5 0.0226 0.0131 0.0164 0.0419 0.0461 0.0259 0.7872 0.0215 0.0253 
     D237362  5 0.1971 0.1311 0.0557 0.0545 0.1775 0.0450 0.1289 0.0593 0.1509 
     D237363  5 0.0453 0.0433 0.0807 0.0570 0.1012 0.0247 0.0402 0.0342 0.5734 
     D237364  5 0.0889 0.3935 0.0935 0.0684 0.0630 0.0443 0.0150 0.1115 0.1218 
     D237376  5 0.0110 0.0417 0.0254 0.7912 0.0175 0.0090 0.0362 0.0453 0.0226 
     D237377  5 0.1222 0.0355 0.0457 0.0233 0.0516 0.3494 0.1687 0.0401 0.1636 
     D237378  5 0.0170 0.1815 0.0737 0.1051 0.0788 0.0260 0.3906 0.0683 0.0590 
     D237379  5 0.0369 0.1166 0.0439 0.1283 0.0430 0.0268 0.2185 0.2581 0.1279 
     D237380  5 0.0286 0.0616 0.0177 0.2380 0.0128 0.4909 0.0450 0.0546 0.0508 
     D237381  5 0.0492 0.0606 0.0517 0.1299 0.0356 0.4119 0.0645 0.1233 0.0734 
     D237391  5 0.0223 0.0378 0.0157 0.0128 0.0969 0.0172 0.7523 0.0250 0.0200 
     D237392  5 0.2785 0.0356 0.2002 0.1313 0.0393 0.0677 0.0280 0.0952 0.1243 
     D237393  5 0.3554 0.0326 0.0534 0.0615 0.0611 0.1138 0.2108 0.0620 0.0494 
     D237394  5 0.0193 0.0198 0.0089 0.0147 0.0242 0.0198 0.8452 0.0273 0.0208 
     D237395  5 0.0337 0.1387 0.0515 0.1746 0.1886 0.0672 0.2463 0.0213 0.0781 
     D237396  5 0.2360 0.0229 0.0531 0.0146 0.0824 0.2063 0.1743 0.0725 0.1379 
     D244016  5 0.0211 0.0266 0.0460 0.0601 0.2041 0.0322 0.1747 0.1952 0.2401 
     D244018  5 0.0962 0.0650 0.2920 0.0243 0.1065 0.0669 0.2364 0.0268 0.0860 
     D244019  5 0.0846 0.0439 0.1081 0.1572 0.2017 0.0326 0.0553 0.0777 0.2390 
        D279  5 0.0293 0.2766 0.0541 0.0254 0.3255 0.0261 0.0692 0.0740 0.1197 
        D280  5 0.0723 0.0623 0.0519 0.0594 0.2632 0.0678 0.1777 0.0411 0.2043 
        D281  5 0.0272 0.0537 0.1001 0.0591 0.5190 0.0145 0.0697 0.0281 0.1287 
        D283  5 0.0919 0.0422 0.0303 0.0176 0.1657 0.0196 0.5026 0.0462 0.0839 
        D284  5 0.0604 0.2824 0.0424 0.1895 0.1109 0.0825 0.0309 0.0348 0.1663 
        D285  5 0.0635 0.0511 0.0197 0.0410 0.3535 0.0283 0.2929 0.0504 0.0995 
        D286  5 0.0752 0.2316 0.0348 0.2025 0.0608 0.0275 0.1795 0.0993 0.0888 
        D287  5 0.0146 0.0797 0.0231 0.6301 0.0304 0.0284 0.0934 0.0481 0.0523 
        D288  5 0.1497 0.0298 0.0323 0.0323 0.4367 0.0288 0.0755 0.0415 0.1734 
        D308  5 0.0743 0.0355 0.0140 0.0241 0.0243 0.7044 0.0375 0.0344 0.0515 
        D309  5 0.0231 0.0232 0.0123 0.0229 0.0131 0.0321 0.0160 0.7922 0.0651 
        D310  5 0.0182 0.0210 0.0126 0.0267 0.0430 0.0161 0.7304 0.0184 0.1135 
        D311  5 0.1335 0.2140 0.0362 0.2322 0.0731 0.0209 0.0839 0.0798 0.1265 
        D312  5 0.0909 0.0563 0.0563 0.1542 0.1036 0.0761 0.1343 0.2352 0.0930 
        D313  5 0.0147 0.0327 0.0106 0.0152 0.0116 0.8479 0.0343 0.0111 0.0220 
        D314  5 0.0271 0.4076 0.0850 0.0777 0.1224 0.0462 0.0453 0.0434 0.1452 
        D315  5 0.1793 0.0648 0.0695 0.0804 0.0511 0.0761 0.2670 0.0810 0.1307 
        D317  5 0.0508 0.0338 0.0166 0.0495 0.0308 0.0188 0.7615 0.0096 0.0286 
        D318  5 0.0761 0.0766 0.1086 0.0895 0.0687 0.0656 0.0475 0.2398 0.2277 
        D319  5 0.0232 0.0335 0.0155 0.0265 0.0222 0.0150 0.8232 0.0157 0.0252 
        D320  5 0.0265 0.0429 0.0138 0.0516 0.1147 0.0319 0.5906 0.0751 0.0527 
        D321  5 0.0979 0.0316 0.0133 0.0135 0.1649 0.5672 0.0565 0.0203 0.0348 
        D336  5 0.0235 0.0285 0.0178 0.2916 0.0240 0.0167 0.5242 0.0259 0.0478 
        D337  5 0.0222 0.0152 0.0214 0.0211 0.0740 0.0123 0.7864 0.0223 0.0250 
        D338  5 0.1441 0.3441 0.0519 0.0385 0.0750 0.0326 0.1374 0.0580 0.1184 
        D339  5 0.0415 0.0529 0.0323 0.0421 0.0807 0.0261 0.6485 0.0149 0.0611 
        D347  5 0.0886 0.0238 0.0387 0.6750 0.0363 0.0136 0.0325 0.0447 0.0468 
        D348  5 0.0202 0.0229 0.0203 0.0419 0.0186 0.0163 0.6983 0.1060 0.0554 
        D349  5 0.0235 0.0299 0.0206 0.0267 0.0435 0.7616 0.0471 0.0255 0.0215 
        D350  5 0.0180 0.0349 0.0219 0.0197 0.0190 0.0161 0.0153 0.8019 0.0532 
        D355  5 0.0928 0.0463 0.0657 0.0856 0.3183 0.0209 0.0232 0.1307 0.2166 
        D356  5 0.1909 0.0628 0.0343 0.1338 0.0828 0.0948 0.2529 0.0707 0.0772 
        D357  5 0.0345 0.0459 0.0282 0.4457 0.0883 0.0329 0.0834 0.0741 0.1671 
        D358  5 0.0362 0.0399 0.0444 0.0597 0.0414 0.1127 0.3705 0.1800 0.1154 
        D359  5 0.1406 0.0269 0.0150 0.0184 0.0413 0.0201 0.5082 0.0967 0.1327 
        D360  5 0.0998 0.0533 0.0207 0.1132 0.1133 0.0644 0.4199 0.0515 0.0639 
        D361  5 0.0288 0.0355 0.0217 0.0207 0.0220 0.7709 0.0326 0.0192 0.0486 
        D366  5 0.5747 0.0192 0.2627 0.0202 0.0245 0.0183 0.0239 0.0201 0.0364 
        D367  5 0.0226 0.0976 0.0229 0.1088 0.0539 0.0505 0.4191 0.0937 0.1308 
        D368  5 0.1005 0.1469 0.0275 0.0457 0.0725 0.1617 0.1985 0.0501 0.1965 
        D380  5 0.0274 0.0546 0.0391 0.0188 0.0571 0.0720 0.0248 0.5271 0.1790 
        D381  5 0.0352 0.0300 0.0221 0.0221 0.0981 0.0357 0.5484 0.0521 0.1561 
        D400  5 0.0610 0.1343 0.0939 0.1608 0.1221 0.0282 0.2154 0.0886 0.0958 
        D411  5 0.0236 0.2847 0.0300 0.0882 0.0200 0.4461 0.0115 0.0219 0.0739 
        D412  5 0.0733 0.0411 0.1187 0.1918 0.0662 0.0958 0.0917 0.0617 0.2597 
        D413  5 0.0696 0.0505 0.5684 0.0220 0.0521 0.0379 0.0256 0.0891 0.0848 
        D414  5 0.0236 0.0775 0.0864 0.0678 0.0607 0.0163 0.0174 0.5892 0.0611 
        D420  5 0.0232 0.0850 0.0213 0.1406 0.4827 0.0567 0.0302 0.0207 0.1396 
        D431  5 0.0134 0.1872 0.0519 0.2303 0.1843 0.0613 0.0355 0.1176 0.1187 
        D432  5 0.0377 0.0433 0.0715 0.0364 0.0897 0.0826 0.5417 0.0391 0.0582 
        D433  5 0.0581 0.0391 0.0267 0.0749 0.1609 0.0405 0.5175 0.0277 0.0546 
        D434  5 0.0595 0.0530 0.0201 0.0651 0.0825 0.0394 0.5178 0.0464 0.1162 
        D440  5 0.0185 0.0479 0.0160 0.0304 0.0177 0.0156 0.0229 0.7542 0.0769 
        D447  5 0.1573 0.0360 0.1104 0.0655 0.0266 0.0725 0.0232 0.2568 0.2518 
        D448  5 0.0727 0.0769 0.0373 0.3706 0.0357 0.0160 0.2606 0.0289 0.1012 
        D459  5 0.0714 0.0421 0.2948 0.0227 0.3249 0.0142 0.0369 0.1047 0.0884 
        D460  5 0.0634 0.0219 0.0232 0.0144 0.0325 0.6886 0.0636 0.0463 0.0461 
        D461  5 0.0647 0.0207 0.0128 0.0199 0.0188 0.0142 0.0172 0.7977 0.0340 
        D468  5 0.1890 0.1333 0.0462 0.1829 0.0582 0.0554 0.1128 0.0381 0.1842 
        D469  5 0.4281 0.1776 0.0269 0.0433 0.0600 0.0497 0.0653 0.0653 0.0839 
        D470  5 0.0690 0.5841 0.0250 0.0986 0.0286 0.0256 0.0492 0.0365 0.0834 
        D471  5 0.0636 0.0672 0.0354 0.2604 0.0791 0.0116 0.3756 0.0424 0.0647 
        D472  5 0.6966 0.0192 0.0686 0.0130 0.1037 0.0161 0.0201 0.0227 0.0399 
        D479  5 0.0282 0.0290 0.6829 0.0890 0.0201 0.0198 0.0218 0.0658 0.0434 
        D485  5 0.0256 0.0465 0.0399 0.6623 0.0232 0.0170 0.0227 0.1015 0.0614 
        D486  5 0.0890 0.1162 0.0415 0.4384 0.0351 0.0692 0.0481 0.0368 0.1257 
        D487  5 0.0249 0.1356 0.0972 0.0411 0.2809 0.0277 0.1619 0.1183 0.1123 
        D555  5 0.0242 0.0133 0.0534 0.0529 0.0467 0.0235 0.7368 0.0199 0.0293 
        D556  5 0.0318 0.0636 0.0274 0.0551 0.3908 0.0756 0.0518 0.2174 0.0865 
