        D174  1 0.0662 0.0920 0.0298 0.0820 0.0587 0.0917 0.0448 0.5156 0.0192 
        D199  1 0.2379 0.0705 0.1101 0.0784 0.0425 0.1236 0.1606 0.1286 0.0477 
        D203  1 0.2234 0.0998 0.1037 0.0909 0.0779 0.0770 0.1965 0.0778 0.0530 
        D204  1 0.7217 0.0356 0.0204 0.0226 0.0290 0.0232 0.0445 0.0234 0.0797 
     D237366  1 0.0534 0.0641 0.0506 0.5319 0.0169 0.0904 0.0461 0.0483 0.0984 
     D237367  1 0.3136 0.1098 0.0287 0.1929 0.0432 0.1259 0.0925 0.0470 0.0464 
     D237368  1 0.1695 0.0590 0.0306 0.3605 0.0460 0.0624 0.1033 0.1134 0.0552 
     D244101  1 0.1992 0.0425 0.1129 0.0234 0.0236 0.0855 0.0751 0.0224 0.4155 
     D244102  1 0.0746 0.3721 0.0751 0.0764 0.1219 0.0879 0.0499 0.0408 0.1013 
     D244103  1 0.1539 0.0767 0.0333 0.2003 0.0435 0.3424 0.0426 0.0512 0.0561 
     D244104  1 0.6027 0.0167 0.0477 0.0522 0.0741 0.0394 0.0439 0.0953 0.0279 
     D244105  1 0.0763 0.0476 0.0475 0.3497 0.1519 0.2429 0.0299 0.0197 0.0345 
     D244106  1 0.0725 0.1337 0.0572 0.0269 0.0243 0.0599 0.0822 0.5206 0.0228 
     D244107  1 0.0715 0.0218 0.0258 0.2838 0.2009 0.1325 0.1478 0.0226 0.0933 
     D244108  1 0.0777 0.0783 0.0451 0.0380 0.2622 0.0485 0.0405 0.3732 0.0365 
     D244113  1 0.0197 0.2452 0.0239 0.0251 0.0420 0.0536 0.0487 0.4476 0.0942 
     D244114  1 0.0729 0.0686 0.1350 0.0812 0.0558 0.3654 0.0621 0.0909 0.0681 
     D244115  1 0.1285 0.0782 0.0350 0.0699 0.1988 0.1442 0.0328 0.2783 0.0343 
     D267365  1 0.3280 0.0493 0.1964 0.0913 0.0432 0.0634 0.0352 0.1430 0.0503 
        D404  1 0.0268 0.5295 0.0260 0.0159 0.0384 0.0419 0.0390 0.2135 0.0691 
        D405  1 0.0942 0.5283 0.0442 0.0419 0.0863 0.0428 0.0557 0.0365 0.0701 
        D406  1 0.0777 0.0296 0.0207 0.6591 0.0503 0.0380 0.0220 0.0459 0.0566 
        D407  1 0.5025 0.0304 0.0235 0.1691 0.0164 0.1170 0.0932 0.0303 0.0174 
        D408  1 0.0625 0.1147 0.1870 0.0344 0.0702 0.0778 0.0203 0.3960 0.0370 
        D409  1 0.0887 0.0546 0.0595 0.1197 0.0660 0.4531 0.0617 0.0460 0.0506 
        D410  1 0.0552 0.0328 0.0182 0.0273 0.7502 0.0354 0.0161 0.0276 0.0372 
        D421  1 0.8608 0.0105 0.0182 0.0157 0.0128 0.0170 0.0352 0.0187 0.0112 
        D422  1 0.0549 0.0186 0.0264 0.7499 0.0288 0.0621 0.0252 0.0142 0.0198 
        D423  1 0.0890 0.0270 0.0164 0.0764 0.6153 0.0566 0.0811 0.0207 0.0174 
        D424  1 0.6207 0.0197 0.0201 0.0872 0.0245 0.1451 0.0207 0.0387 0.0233 
        D425  1 0.4124 0.0697 0.0912 0.0405 0.1176 0.1039 0.0227 0.0933 0.0486 
        D426  1 0.0654 0.0202 0.1528 0.1354 0.0151 0.5392 0.0278 0.0285 0.0158 
        D427  1 0.3165 0.0163 0.0280 0.0334 0.0238 0.0289 0.3820 0.1571 0.0141 
        D428  1 0.2618 0.0937 0.0325 0.0999 0.0894 0.1032 0.0490 0.1849 0.0857 
        D429  1 0.4259 0.0872 0.0583 0.0467 0.0367 0.0877 0.0342 0.1800 0.0433 
        D430  1 0.0918 0.2358 0.1221 0.0508 0.0276 0.2192 0.0638 0.1520 0.0368 
        D491  1 0.0974 0.0421 0.0355 0.0320 0.0722 0.0398 0.0155 0.6338 0.0317 
        D492  1 0.2792 0.1129 0.0246 0.1442 0.0367 0.1184 0.0670 0.1582 0.0587 
        D537  1 0.5664 0.0416 0.0163 0.0811 0.0458 0.1094 0.0354 0.0318 0.0723 
        D538  1 0.0775 0.3352 0.0327 0.0967 0.0949 0.1050 0.1142 0.0920 0.0519 
        D539  1 0.0427 0.1019 0.3019 0.0888 0.0851 0.1374 0.0489 0.1156 0.0778 
        D540  1 0.2888 0.0731 0.0939 0.0804 0.1322 0.2374 0.0268 0.0332 0.0343 
        D541  1 0.8438 0.0163 0.0225 0.0217 0.0207 0.0216 0.0212 0.0163 0.0161 
        D551  1 0.0936 0.0283 0.1355 0.1132 0.0208 0.3529 0.1889 0.0374 0.0292 
        D552  1 0.1354 0.0267 0.0564 0.1122 0.2772 0.1110 0.0387 0.1613 0.0811 
        D553  1 0.8406 0.0117 0.0200 0.0207 0.0274 0.0262 0.0145 0.0206 0.0182 
        D615  1 0.3900 0.1099 0.0653 0.0469 0.1182 0.0858 0.0850 0.0727 0.0263 
        D616  1 0.3341 0.0669 0.0705 0.1251 0.0684 0.1413 0.1068 0.0653 0.0216 
        D621  1 0.0216 0.0525 0.0342 0.2148 0.1812 0.0432 0.0276 0.1008 0.3242 
        D622  1 0.0424 0.0307 0.0444 0.4965 0.1513 0.1024 0.0257 0.0437 0.0628 
        D623  1 0.0324 0.1770 0.0487 0.0222 0.0467 0.0440 0.1854 0.2566 0.1869 
        D624  1 0.0685 0.0346 0.0384 0.0394 0.0231 0.0326 0.0155 0.7353 0.0128 
        D625  1 0.6425 0.0348 0.0289 0.0604 0.0444 0.0534 0.0195 0.0660 0.0502 
        D626  1 0.0743 0.0591 0.0656 0.1315 0.2536 0.0768 0.0348 0.2722 0.0322 
        D627  1 0.0960 0.0268 0.1628 0.1022 0.0200 0.4969 0.0272 0.0393 0.0287 
        D690  1 0.7409 0.0186 0.0181 0.0337 0.0766 0.0176 0.0138 0.0581 0.0225 
        D691  1 0.0731 0.0190 0.0344 0.6926 0.0334 0.0454 0.0214 0.0513 0.0293 
        D710  1 0.2484 0.0448 0.0457 0.0984 0.1054 0.1036 0.0545 0.1520 0.1473 
        D711  1 0.7080 0.0538 0.0205 0.0456 0.0298 0.0277 0.0263 0.0389 0.0494 
        D712  1 0.0455 0.0770 0.0940 0.0750 0.0677 0.0501 0.0393 0.5046 0.0469 
        D713  1 0.1731 0.1687 0.0226 0.0891 0.0469 0.1357 0.0207 0.1742 0.1690 
        D746  1 0.0855 0.0168 0.0201 0.7014 0.0410 0.0356 0.0413 0.0325 0.0259 
        D747  1 0.8415 0.0136 0.0248 0.0193 0.0152 0.0171 0.0261 0.0196 0.0227 
        D748  1 0.2405 0.0408 0.0388 0.3680 0.0828 0.0998 0.0219 0.0372 0.0703 
        D749  1 0.0301 0.0965 0.0394 0.3104 0.0727 0.1588 0.0617 0.1269 0.1034 
        D750  1 0.1297 0.0377 0.0266 0.0444 0.0645 0.0354 0.0239 0.5949 0.0429 
        D763  1 0.0846 0.0391 0.2024 0.0895 0.0672 0.1537 0.1135 0.0250 0.2250 
        D764  1 0.5278 0.0214 0.0271 0.0657 0.0801 0.0582 0.0182 0.1846 0.0169 
        D765  1 0.0323 0.0637 0.0333 0.0982 0.5630 0.0526 0.0178 0.1222 0.0171 
        D766  1 0.0906 0.0362 0.0215 0.1579 0.3945 0.0964 0.0307 0.0491 0.1232 
        D767  1 0.0888 0.2869 0.0306 0.1192 0.0625 0.0493 0.0913 0.0350 0.2364 
        D768  1 0.8376 0.0150 0.0215 0.0271 0.0230 0.0242 0.0180 0.0169 0.0168 
        D811  1 0.0349 0.5309 0.0351 0.0206 0.1780 0.0543 0.0196 0.1049 0.0219 
        D816  1 0.8294 0.0215 0.0195 0.0211 0.0272 0.0223 0.0145 0.0213 0.0232 
        D825  1 0.0871 0.1909 0.0343 0.0374 0.3082 0.1316 0.0173 0.1634 0.0298 
        D866  1 0.0555 0.0649 0.3949 0.0360 0.0915 0.0696 0.0920 0.1764 0.0193 
        D867  1 0.0210 0.0329 0.0178 0.6612 0.0344 0.0557 0.0577 0.0230 0.0963 
        D871  1 0.0941 0.0462 0.0682 0.0815 0.0270 0.5575 0.0220 0.0645 0.0390 
        D872  1 0.2121 0.3256 0.0250 0.1064 0.1067 0.0380 0.0698 0.0411 0.0754 
        D873  1 0.0108 0.0638 0.0109 0.0292 0.7751 0.0246 0.0321 0.0158 0.0377 
        D874  1 0.0635 0.0443 0.0389 0.0162 0.0191 0.0358 0.0225 0.0818 0.6778 
        D875  1 0.0532 0.0543 0.0371 0.1446 0.0464 0.5966 0.0135 0.0232 0.0311 
        D876  1 0.4207 0.0476 0.0574 0.0817 0.0723 0.0849 0.0284 0.1001 0.1068 
        D877  1 0.0347 0.6898 0.0175 0.0154 0.0264 0.0337 0.0245 0.0953 0.0627 
        D892  1 0.3017 0.0646 0.0246 0.1994 0.0444 0.0841 0.0203 0.2009 0.0601 
        D893  1 0.5860 0.0228 0.0648 0.0830 0.0481 0.0733 0.0373 0.0185 0.0663 
        D894  1 0.6086 0.0490 0.0399 0.0524 0.0280 0.1168 0.0286 0.0438 0.0329 
        D915  1 0.4522 0.0266 0.0359 0.0900 0.1775 0.0818 0.0341 0.0664 0.0355 
        D916  1 0.8671 0.0123 0.0156 0.0206 0.0185 0.0182 0.0143 0.0193 0.0141 
        D917  1 0.1630 0.0712 0.1306 0.0406 0.0468 0.1303 0.0601 0.2224 0.1350 
        D925  1 0.1735 0.0321 0.0326 0.0449 0.5748 0.0312 0.0215 0.0705 0.0190 
        D926  1 0.4024 0.0334 0.0389 0.0770 0.0461 0.1869 0.0229 0.0918 0.1006 
        D927  1 0.2890 0.0538 0.1030 0.0920 0.0285 0.0829 0.2463 0.0587 0.0458 
        D928  1 0.0909 0.0362 0.0161 0.0121 0.0397 0.0224 0.0220 0.7399 0.0207 
        D929  1 0.0395 0.2760 0.0256 0.0700 0.0278 0.0543 0.0229 0.0499 0.4339 
        D936  1 0.4469 0.0312 0.1085 0.0289 0.0413 0.0711 0.0493 0.0315 0.1913 
        D938  1 0.0294 0.0235 0.0245 0.6481 0.1032 0.0436 0.0227 0.0300 0.0749 
        D956  1 0.0488 0.1939 0.0317 0.0251 0.0674 0.0854 0.0353 0.4846 0.0279 
        D957  1 0.1567 0.2008 0.0323 0.1087 0.2356 0.0564 0.0554 0.0603 0.0937 
        D958  1 0.2315 0.0854 0.0236 0.1383 0.1647 0.0865 0.0340 0.1320 0.1041 
        D959  1 0.5338 0.0217 0.0165 0.1624 0.0176 0.1522 0.0578 0.0235 0.0145 
        D960  1 0.0351 0.0815 0.0231 0.5937 0.0867 0.0516 0.0250 0.0607 0.0426 
        D989  1 0.0577 0.0530 0.0946 0.0507 0.0265 0.0558 0.0807 0.5510 0.0299 
        D990  1 0.0199 0.0189 0.1568 0.0385 0.5717 0.0481 0.0377 0.0829 0.0255 
        D023  2 0.0711 0.0121 0.0148 0.7883 0.0205 0.0334 0.0232 0.0179 0.0189 
        D130  2 0.0958 0.1192 0.0163 0.6331 0.0213 0.0329 0.0387 0.0158 0.0269 
        D131  2 0.2234 0.0545 0.1107 0.0497 0.0886 0.3288 0.0465 0.0478 0.0499 
        D163  2 0.1114 0.0258 0.0377 0.6168 0.0524 0.0459 0.0190 0.0436 0.0474 
        D164  2 0.0152 0.0167 0.0145 0.0312 0.3471 0.0173 0.5313 0.0110 0.0156 
        D165  2 0.0434 0.0160 0.0214 0.7879 0.0204 0.0370 0.0271 0.0204 0.0263 
        D166  2 0.0350 0.5983 0.0399 0.0507 0.0486 0.0913 0.0383 0.0197 0.0782 
        D167  2 0.0176 0.0929 0.0212 0.0130 0.0163 0.0195 0.7785 0.0275 0.0136 
        D192  2 0.0107 0.0225 0.0226 0.0143 0.0142 0.0172 0.8580 0.0209 0.0197 
        D193  2 0.0306 0.4921 0.0584 0.0385 0.0551 0.1260 0.0291 0.0779 0.0923 
        D206  2 0.1004 0.0378 0.0311 0.0671 0.0559 0.2213 0.4218 0.0267 0.0378 
        D207  2 0.0394 0.1905 0.0704 0.0363 0.0160 0.0969 0.4968 0.0253 0.0283 
        D208  2 0.0509 0.0726 0.3696 0.0487 0.1121 0.0633 0.0802 0.1426 0.0599 
        D209  2 0.0329 0.0419 0.0304 0.0489 0.0665 0.1191 0.5023 0.0265 0.1316 
        D210  2 0.0828 0.0316 0.1742 0.0352 0.0318 0.0543 0.0846 0.4687 0.0369 
     D229599  2 0.1815 0.0486 0.1861 0.1021 0.0982 0.1086 0.0426 0.0557 0.1765 
     D229600  2 0.0299 0.0639 0.0264 0.3886 0.0229 0.0466 0.3634 0.0297 0.0284 
     D237227  2 0.0426 0.0470 0.1478 0.0602 0.1633 0.0475 0.0516 0.4164 0.0236 
     D237228  2 0.0131 0.1004 0.0737 0.0207 0.4244 0.1010 0.0501 0.1965 0.0203 
     D237258  2 0.0847 0.1164 0.1198 0.1744 0.0656 0.0863 0.2187 0.0860 0.0481 
     D237310  2 0.0157 0.3707 0.0270 0.0335 0.3115 0.0997 0.0700 0.0435 0.0284 
     D237311  2 0.0191 0.1032 0.0286 0.0610 0.4572 0.0476 0.2134 0.0441 0.0257 
     D237312  2 0.0295 0.3558 0.0276 0.1105 0.1986 0.1227 0.0256 0.0496 0.0801 
     D237313  2 0.1389 0.0595 0.0989 0.0605 0.2927 0.1501 0.0327 0.0835 0.0833 
     D237322  2 0.0299 0.1526 0.2276 0.0455 0.1183 0.1614 0.0557 0.0834 0.1255 
     D237323  2 0.0207 0.1460 0.0666 0.0803 0.3595 0.0558 0.0502 0.1848 0.0359 
     D237324  2 0.0639 0.0395 0.1124 0.2790 0.0435 0.1230 0.2651 0.0178 0.0557 
     D237325  2 0.0361 0.0994 0.0471 0.1961 0.1995 0.1365 0.1090 0.0931 0.0830 
     D237326  2 0.0912 0.0307 0.0331 0.0644 0.5060 0.0591 0.0613 0.0908 0.0634 
     D237327  2 0.0759 0.0486 0.4126 0.1016 0.0288 0.0864 0.1039 0.0448 0.0974 
     D237337  2 0.0250 0.0344 0.0247 0.0325 0.7360 0.0525 0.0198 0.0484 0.0267 
     D237338  2 0.0547 0.0470 0.1240 0.1596 0.1410 0.1098 0.0964 0.1457 0.1219 
     D237339  2 0.0309 0.0381 0.0501 0.0207 0.0349 0.0522 0.1318 0.0169 0.6242 
     D237340  2 0.0280 0.1298 0.0545 0.0949 0.2084 0.0636 0.1899 0.1719 0.0590 
     D237389  2 0.0210 0.2893 0.0211 0.0396 0.4065 0.0698 0.0927 0.0225 0.0375 
     D237390  2 0.0448 0.1581 0.0832 0.1080 0.2864 0.1141 0.0303 0.0835 0.0915 
     D244017  2 0.0292 0.2916 0.0354 0.0478 0.0285 0.0656 0.3316 0.1433 0.0270 
     D244112  2 0.0170 0.0496 0.0224 0.0233 0.0198 0.0292 0.8056 0.0198 0.0133 
     D244118  2 0.0115 0.0454 0.0258 0.2028 0.0293 0.0221 0.6058 0.0232 0.0343 
     D244119  2 0.0195 0.0238 0.0197 0.0151 0.0265 0.0219 0.2766 0.5861 0.0108 
     D244120  2 0.0139 0.3736 0.0807 0.0318 0.0336 0.0453 0.3141 0.0428 0.0643 
     D244122  2 0.0309 0.1042 0.0248 0.0452 0.0449 0.0377 0.6320 0.0424 0.0378 
        D291  2 0.0657 0.0640 0.5365 0.0972 0.0482 0.0989 0.0502 0.0193 0.0200 
        D292  2 0.1898 0.0649 0.2369 0.0313 0.0989 0.0374 0.2336 0.0638 0.0433 
        D293  2 0.1361 0.0170 0.0546 0.0152 0.0150 0.0596 0.5779 0.0187 0.1059 
        D322  2 0.1176 0.0304 0.0426 0.0365 0.0341 0.0566 0.5057 0.0228 0.1537 
        D323  2 0.0695 0.1722 0.0803 0.0546 0.0975 0.1840 0.1621 0.0453 0.1345 
        D324  2 0.1685 0.0288 0.2706 0.0902 0.0900 0.2232 0.0469 0.0512 0.0305 
        D325  2 0.0375 0.0138 0.0465 0.0250 0.0181 0.0361 0.7811 0.0125 0.0293 
        D326  2 0.8469 0.0153 0.0229 0.0127 0.0147 0.0233 0.0168 0.0295 0.0179 
        D340  2 0.0214 0.0131 0.0308 0.0185 0.0182 0.0260 0.8281 0.0194 0.0244 
        D341  2 0.0497 0.0394 0.0825 0.0473 0.0884 0.0669 0.5382 0.0362 0.0513 
        D342  2 0.0299 0.0572 0.0451 0.0776 0.1056 0.0723 0.5612 0.0235 0.0275 
        D343  2 0.0180 0.0110 0.0148 0.0136 0.0105 0.0174 0.8875 0.0113 0.0159 
        D344  2 0.0904 0.1945 0.0269 0.0171 0.0499 0.0705 0.0611 0.0224 0.4672 
        D345  2 0.0724 0.0284 0.0507 0.0405 0.4835 0.0761 0.0447 0.0284 0.1753 
        D346  2 0.0586 0.0534 0.0879 0.0389 0.0713 0.0841 0.0672 0.4938 0.0448 
        D351  2 0.2635 0.0611 0.1481 0.0823 0.0847 0.1836 0.0646 0.0255 0.0868 
        D352  2 0.0206 0.0462 0.0274 0.0225 0.0422 0.0828 0.0455 0.0581 0.6547 
        D353  2 0.2404 0.0416 0.0369 0.0320 0.0243 0.3771 0.0424 0.0185 0.1869 
        D354  2 0.0455 0.0357 0.0246 0.0214 0.0899 0.0571 0.0154 0.0538 0.6565 
        D362  2 0.6929 0.0368 0.0312 0.0560 0.0524 0.0368 0.0376 0.0296 0.0267 
        D363  2 0.6864 0.0346 0.0423 0.0433 0.0493 0.0438 0.0338 0.0416 0.0250 
        D364  2 0.3016 0.0575 0.0268 0.0314 0.1036 0.0721 0.0327 0.0394 0.3350 
        D365  2 0.0267 0.0141 0.0158 0.0133 0.0129 0.0205 0.8453 0.0202 0.0313 
        D369  2 0.2168 0.0587 0.1459 0.0559 0.1199 0.0809 0.1327 0.1658 0.0233 
        D374  2 0.0227 0.4461 0.0234 0.0169 0.0531 0.0387 0.0210 0.3341 0.0440 
        D375  2 0.0234 0.0422 0.0136 0.0250 0.0335 0.0791 0.0179 0.0170 0.7482 
        D376  2 0.0249 0.2766 0.0390 0.0217 0.0664 0.0574 0.0394 0.3968 0.0777 
        D377  2 0.0285 0.1220 0.0557 0.0550 0.3240 0.1688 0.0775 0.0931 0.0756 
        D378  2 0.1449 0.0171 0.0661 0.0921 0.0422 0.1042 0.2551 0.0320 0.2465 
        D379  2 0.6539 0.0331 0.0392 0.0315 0.0348 0.0956 0.0266 0.0306 0.0548 
        D384  2 0.8058 0.0150 0.0247 0.0168 0.0241 0.0299 0.0179 0.0440 0.0219 
        D385  2 0.0192 0.0317 0.0220 0.0155 0.0243 0.0339 0.7010 0.0348 0.1176 
        D386  2 0.0947 0.0320 0.0261 0.0589 0.0368 0.1144 0.0734 0.0228 0.5408 
        D391  2 0.0291 0.0193 0.0306 0.0214 0.0228 0.0298 0.7383 0.0213 0.0876 
        D392  2 0.0741 0.0417 0.0365 0.0364 0.0872 0.0515 0.5898 0.0504 0.0326 
        D393  2 0.2365 0.0241 0.2197 0.0696 0.0723 0.0702 0.0894 0.0228 0.1954 
        D394  2 0.1041 0.0984 0.0571 0.1731 0.1322 0.0960 0.1112 0.0462 0.1816 
        D395  2 0.0203 0.0498 0.0366 0.0327 0.0193 0.0885 0.3845 0.0272 0.3411 
        D401  2 0.0215 0.0734 0.0196 0.0202 0.7244 0.0464 0.0418 0.0394 0.0132 
        D402  2 0.0203 0.0274 0.0749 0.0166 0.0258 0.0356 0.7064 0.0206 0.0724 
        D403  2 0.2384 0.1025 0.0275 0.1226 0.0404 0.2365 0.0588 0.0236 0.1497 
        D415  2 0.4793 0.0293 0.0202 0.0509 0.0588 0.2765 0.0354 0.0160 0.0336 
        D435  2 0.5212 0.0223 0.0551 0.0455 0.0388 0.0532 0.1870 0.0162 0.0607 
        D436  2 0.1155 0.0832 0.0277 0.0377 0.0365 0.0674 0.0366 0.0633 0.5322 
        D438  2 0.0146 0.0149 0.0169 0.0185 0.0163 0.0202 0.8471 0.0316 0.0198 
        D439  2 0.0499 0.0208 0.0309 0.0402 0.0811 0.0934 0.0544 0.0176 0.6116 
        D449  2 0.1056 0.0282 0.0259 0.0318 0.0310 0.1472 0.5811 0.0258 0.0235 
        D450  2 0.1396 0.0927 0.0761 0.0562 0.0548 0.2328 0.0196 0.1421 0.1863 
        D456  2 0.8027 0.0159 0.0341 0.0204 0.0160 0.0481 0.0149 0.0210 0.0269 
        D462  2 0.0347 0.0185 0.0189 0.0271 0.0157 0.0376 0.7396 0.0164 0.0915 
        D463  2 0.7958 0.0203 0.0179 0.0190 0.0207 0.0357 0.0146 0.0384 0.0375 
        D464  2 0.0666 0.1261 0.0246 0.0231 0.0203 0.2495 0.0689 0.0351 0.3859 
        D465  2 0.1704 0.0717 0.0328 0.0259 0.0522 0.0693 0.5214 0.0290 0.0273 
        D473  2 0.0232 0.0483 0.0420 0.0714 0.0890 0.0539 0.0440 0.5470 0.0813 
        D474  2 0.4931 0.0167 0.2122 0.0569 0.0550 0.0395 0.0533 0.0408 0.0326 
        D476  2 0.0337 0.0177 0.0370 0.3333 0.0215 0.0346 0.0505 0.0171 0.4546 
        D477  2 0.1968 0.0308 0.1093 0.0281 0.1993 0.0936 0.0269 0.0498 0.2654 
        D478  2 0.0522 0.1496 0.0571 0.2698 0.0383 0.1445 0.0784 0.1053 0.1048 
        D480  2 0.2100 0.0403 0.1276 0.0349 0.0422 0.1065 0.0738 0.1158 0.2489 
        D481  2 0.2739 0.0523 0.0482 0.1074 0.1189 0.0825 0.0706 0.0870 0.1591 
        D482  2 0.0208 0.0756 0.1937 0.0573 0.1114 0.0989 0.0336 0.0768 0.3320 
        D483  2 0.0169 0.0220 0.0277 0.0243 0.0217 0.0215 0.7746 0.0756 0.0157 
        D484  2 0.0130 0.0590 0.0216 0.0189 0.0200 0.0326 0.0204 0.0264 0.7882 
        D510  2 0.0327 0.0964 0.1869 0.0230 0.0386 0.0542 0.0326 0.4913 0.0442 
        D511  2 0.0643 0.0279 0.0524 0.0468 0.0334 0.0465 0.0638 0.0222 0.6426 
        D512  2 0.0239 0.2282 0.0345 0.0430 0.2563 0.1258 0.2371 0.0171 0.0341 
        D513  2 0.0844 0.0482 0.0861 0.0449 0.0446 0.0752 0.5030 0.0821 0.0315 
        D635  2 0.2946 0.0221 0.0286 0.3897 0.0405 0.1103 0.0564 0.0333 0.0245 
        D636  2 0.0328 0.0165 0.0153 0.7476 0.0919 0.0357 0.0228 0.0205 0.0169 
        D637  2 0.0331 0.0941 0.0727 0.0450 0.1215 0.0997 0.1888 0.0676 0.2773 
        D658  2 0.0264 0.0779 0.0358 0.0308 0.0481 0.0344 0.4375 0.1081 0.2011 
        D659  2 0.6234 0.0229 0.0774 0.0563 0.0257 0.0712 0.0248 0.0332 0.0652 
        D677  2 0.2719 0.0825 0.0802 0.1935 0.0944 0.1408 0.0675 0.0236 0.0455 
        D678  2 0.0217 0.1283 0.0251 0.0299 0.0346 0.0615 0.6543 0.0181 0.0265 
        D679  2 0.3520 0.0278 0.1295 0.0544 0.0943 0.1370 0.0696 0.0534 0.0819 
        D719  2 0.1705 0.0267 0.1229 0.0204 0.0545 0.0439 0.1635 0.3415 0.0559 
        D720  2 0.6975 0.0266 0.0284 0.0259 0.0395 0.0513 0.0331 0.0769 0.0207 
        D721  2 0.0532 0.0141 0.0371 0.6615 0.0236 0.0534 0.0704 0.0397 0.0470 
        D722  2 0.0285 0.3927 0.0661 0.0283 0.1099 0.0626 0.0646 0.2062 0.0410 
        D734  2 0.0238 0.0371 0.0492 0.0147 0.0166 0.0397 0.0516 0.1772 0.5902 
        D735  2 0.2042 0.0419 0.0890 0.0505 0.1962 0.1697 0.0705 0.0748 0.1033 
        D736  2 0.0664 0.0248 0.3151 0.0494 0.0472 0.0967 0.0548 0.2933 0.0524 
        D737  2 0.0213 0.0527 0.0713 0.0556 0.0324 0.0366 0.5583 0.0437 0.1281 
        D807  2 0.1641 0.0748 0.1630 0.0585 0.1352 0.0641 0.0536 0.1737 0.1130 
        D808  2 0.0969 0.1778 0.0815 0.1029 0.1135 0.2017 0.1281 0.0357 0.0619 
        D817  2 0.2822 0.1042 0.0782 0.0421 0.2039 0.1185 0.0282 0.0415 0.1012 
        D818  2 0.0676 0.0451 0.1493 0.1464 0.0202 0.2998 0.2045 0.0318 0.0353 
        D819  2 0.1726 0.1212 0.0441 0.0562 0.3315 0.1473 0.0446 0.0410 0.0416 
        D820  2 0.6309 0.0244 0.0489 0.0272 0.0151 0.0520 0.0424 0.0284 0.1307 
        D895  2 0.3318 0.0334 0.0384 0.1277 0.1415 0.1761 0.0471 0.0389 0.0652 
        D896  2 0.0200 0.0667 0.0183 0.0276 0.7401 0.0293 0.0218 0.0541 0.0221 
        D897  2 0.0322 0.0793 0.0627 0.0392 0.0747 0.0960 0.5424 0.0310 0.0426 
        D898  2 0.0470 0.1915 0.1223 0.0355 0.2947 0.1772 0.0364 0.0352 0.0601 
        D918  2 0.0379 0.0748 0.0743 0.2221 0.1256 0.1774 0.1027 0.0752 0.1102 
        D919  2 0.1472 0.0558 0.0783 0.0407 0.0285 0.1067 0.1038 0.0245 0.4144 
        D920  2 0.0350 0.0413 0.0293 0.6235 0.0460 0.0569 0.0344 0.0866 0.0470 
        D923  2 0.5672 0.0337 0.0320 0.0355 0.0297 0.0756 0.0407 0.0295 0.1561 
        D930  2 0.2193 0.0608 0.0638 0.0272 0.0845 0.2042 0.0477 0.1029 0.1896 
        D931  2 0.2874 0.0687 0.0684 0.0451 0.0387 0.0533 0.1453 0.0439 0.2491 
        D968  2 0.0267 0.0253 0.0661 0.0158 0.0236 0.0304 0.7662 0.0150 0.0309 
        D969  2 0.2195 0.0437 0.2102 0.0488 0.0580 0.1038 0.1939 0.0655 0.0565 
        D977  2 0.0347 0.0255 0.0325 0.0281 0.0215 0.0608 0.7369 0.0263 0.0337 
        D978  2 0.0351 0.1370 0.3469 0.0330 0.0485 0.2256 0.1038 0.0388 0.0313 
        D211  3 0.0607 0.0246 0.0424 0.5266 0.0531 0.1931 0.0272 0.0277 0.0445 
     D229639  3 0.0657 0.0552 0.5682 0.0243 0.0720 0.0391 0.0451 0.1020 0.0284 
     D237212  3 0.0721 0.0513 0.2641 0.0792 0.0914 0.1137 0.0718 0.0319 0.2245 
     D237213  3 0.0436 0.0899 0.0710 0.0863 0.3786 0.1653 0.0334 0.0216 0.1102 
     D237214  3 0.0288 0.0264 0.0126 0.7922 0.0158 0.0577 0.0181 0.0288 0.0195 
     D237215  3 0.0169 0.2276 0.1199 0.0176 0.0512 0.0294 0.4274 0.0889 0.0211 
     D237216  3 0.0526 0.0417 0.0719 0.1260 0.0732 0.5259 0.0323 0.0219 0.0543 
     D237217  3 0.1148 0.0264 0.0705 0.3289 0.1332 0.2449 0.0299 0.0180 0.0335 
     D237218  3 0.0641 0.0211 0.4119 0.0596 0.0278 0.1599 0.0473 0.0593 0.1490 
     D237219  3 0.0430 0.0470 0.1572 0.1072 0.4416 0.0778 0.0275 0.0743 0.0244 
     D237382  3 0.0775 0.4372 0.0409 0.0525 0.0955 0.1056 0.0461 0.1002 0.0445 
     D244127  3 0.0296 0.0585 0.0893 0.0479 0.5430 0.0862 0.0835 0.0229 0.0390 
     D244129  3 0.1333 0.0966 0.1006 0.1165 0.1533 0.1540 0.0980 0.0499 0.0976 
     D244133  3 0.1076 0.1590 0.0542 0.0987 0.1304 0.1157 0.1851 0.1323 0.0171 
     D244134  3 0.0292 0.0185 0.4803 0.0465 0.1604 0.0484 0.0320 0.1581 0.0266 
     D244135  3 0.0379 0.0254 0.0285 0.7048 0.0270 0.0601 0.0689 0.0186 0.0288 
     D244136  3 0.2199 0.1169 0.0895 0.0770 0.0853 0.1197 0.0977 0.1631 0.0309 
        D416  3 0.1029 0.0417 0.0652 0.1109 0.1978 0.2208 0.1596 0.0391 0.0619 
        D417  3 0.6387 0.0488 0.0273 0.0374 0.0478 0.0972 0.0211 0.0406 0.0411 
        D419  3 0.1129 0.0387 0.2036 0.1021 0.2436 0.1010 0.0779 0.0690 0.0514 
        D565  3 0.0526 0.0184 0.0812 0.0223 0.0291 0.0285 0.0122 0.7350 0.0207 
        D566  3 0.0752 0.0654 0.3549 0.0290 0.0674 0.0808 0.0549 0.2518 0.0207 
        D567  3 0.4676 0.0418 0.0368 0.1130 0.1368 0.0649 0.0488 0.0261 0.0644 
        D568  3 0.1251 0.0466 0.0774 0.1827 0.1255 0.1009 0.1381 0.0233 0.1804 
        D569  3 0.0317 0.0942 0.0591 0.0626 0.0267 0.0890 0.0848 0.0466 0.5052 
        D573  3 0.1601 0.0241 0.3776 0.0282 0.0479 0.1006 0.1915 0.0286 0.0414 
        D574  3 0.0441 0.1488 0.1113 0.0520 0.0842 0.1509 0.0594 0.3088 0.0404 
        D575  3 0.0648 0.0263 0.0840 0.0602 0.5273 0.0730 0.0432 0.0849 0.0364 
        D576  3 0.0097 0.2341 0.0786 0.0323 0.0231 0.0461 0.5224 0.0337 0.0199 
        D577  3 0.4879 0.0618 0.0445 0.1161 0.0523 0.0972 0.0304 0.0431 0.0666 
        D578  3 0.0182 0.0317 0.0177 0.7940 0.0231 0.0547 0.0284 0.0185 0.0135 
        D579  3 0.1675 0.0328 0.1996 0.0645 0.0743 0.0853 0.0680 0.1679 0.1401 
        D660  3 0.0183 0.0846 0.0311 0.0385 0.0751 0.0956 0.5968 0.0189 0.0411 
        D661  3 0.0357 0.0321 0.2906 0.1322 0.0367 0.1545 0.1797 0.0275 0.1110 
        D663  3 0.0690 0.0691 0.5116 0.0347 0.0213 0.1074 0.1081 0.0232 0.0557 
        D664  3 0.0239 0.1063 0.0534 0.1435 0.2165 0.1320 0.2121 0.0751 0.0373 
        D665  3 0.0245 0.3328 0.0496 0.1386 0.1050 0.2078 0.0502 0.0157 0.0759 
        D666  3 0.0627 0.0242 0.0737 0.0387 0.6259 0.0576 0.0208 0.0613 0.0349 
        D009  4 0.1143 0.0997 0.0476 0.2408 0.0982 0.1631 0.0284 0.0449 0.1630 
        D057  4 0.0391 0.0248 0.0839 0.2452 0.0148 0.0249 0.1391 0.0277 0.4004 
        D109  4 0.0427 0.0644 0.0295 0.0570 0.5785 0.1180 0.0203 0.0480 0.0415 
     D237222  4 0.0409 0.1314 0.0373 0.4888 0.0353 0.0430 0.0364 0.1350 0.0519 
     D237223  4 0.0497 0.0744 0.0769 0.2169 0.0829 0.2235 0.0697 0.1410 0.0652 
     D237224  4 0.1113 0.0386 0.1759 0.0597 0.0801 0.0875 0.1690 0.0351 0.2428 
     D237225  4 0.1245 0.0674 0.1061 0.1635 0.0846 0.2376 0.0363 0.0637 0.1161 
     D237299  4 0.0166 0.1903 0.0936 0.0781 0.0416 0.4831 0.0297 0.0390 0.0278 
     D237300  4 0.0203 0.0341 0.7029 0.0274 0.0664 0.0503 0.0397 0.0301 0.0287 
     D237306  4 0.0932 0.0919 0.0418 0.0450 0.0641 0.0803 0.0266 0.5004 0.0565 
     D237307  4 0.3239 0.0843 0.0835 0.0542 0.0633 0.1195 0.0640 0.1816 0.0258 
     D237308  4 0.0361 0.0354 0.0490 0.0360 0.0894 0.0520 0.4162 0.0887 0.1972 
     D237309  4 0.1821 0.1082 0.0779 0.1652 0.0863 0.1559 0.0705 0.0285 0.1254 
     D237317  4 0.1951 0.0608 0.0934 0.0821 0.0744 0.0797 0.0384 0.3227 0.0533 
     D237318  4 0.0357 0.0339 0.7621 0.0181 0.0210 0.0428 0.0487 0.0231 0.0147 
     D237319  4 0.0626 0.2115 0.0628 0.1844 0.0881 0.2036 0.0825 0.0554 0.0491 
     D237320  4 0.0814 0.0384 0.1673 0.3293 0.0714 0.1549 0.0832 0.0355 0.0385 
     D237321  4 0.0758 0.0564 0.5110 0.0611 0.0645 0.0668 0.0814 0.0518 0.0312 
     D237397  4 0.0772 0.0666 0.1889 0.1545 0.0725 0.0988 0.0965 0.2026 0.0424 
     D237398  4 0.0692 0.0348 0.6323 0.0400 0.0229 0.1053 0.0343 0.0176 0.0435 
     D237399  4 0.0862 0.0632 0.3332 0.1219 0.0444 0.0634 0.0335 0.1977 0.0566 
     D244001  4 0.0318 0.1024 0.0341 0.4313 0.0385 0.0662 0.1424 0.0309 0.1224 
        D289  4 0.0805 0.0312 0.1029 0.0589 0.0310 0.0685 0.0711 0.2459 0.3100 
        D290  4 0.0695 0.6812 0.0765 0.0388 0.0176 0.0328 0.0356 0.0203 0.0278 
        D294  4 0.1185 0.1039 0.0650 0.0939 0.0207 0.2011 0.0367 0.0461 0.3141 
        D295  4 0.2524 0.0980 0.0754 0.0513 0.2371 0.0816 0.0310 0.0640 0.1092 
        D301  4 0.0225 0.1168 0.1175 0.5045 0.0713 0.0416 0.0343 0.0562 0.0352 
        D302  4 0.0439 0.0451 0.0200 0.0374 0.0162 0.0494 0.0148 0.0189 0.7542 
        D303  4 0.0371 0.0781 0.0452 0.0304 0.0635 0.0358 0.0598 0.5615 0.0886 
        D304  4 0.0913 0.4215 0.1886 0.0536 0.0272 0.0648 0.0343 0.0745 0.0443 
        D305  4 0.0316 0.0632 0.0474 0.0355 0.0491 0.1723 0.0964 0.0160 0.4884 
        D306  4 0.0454 0.7226 0.0317 0.0460 0.0232 0.0465 0.0267 0.0303 0.0276 
        D307  4 0.0185 0.0210 0.0684 0.6499 0.0376 0.0371 0.0259 0.0857 0.0560 
        D327  4 0.5644 0.0558 0.0468 0.0400 0.0257 0.0930 0.0588 0.0685 0.0472 
        D328  4 0.0253 0.1316 0.0344 0.0313 0.0713 0.0813 0.0290 0.1573 0.4384 
        D329  4 0.0811 0.0587 0.0836 0.1083 0.0785 0.0803 0.1620 0.0541 0.2935 
        D330  4 0.2052 0.1108 0.0295 0.0967 0.1718 0.1608 0.0727 0.0195 0.1329 
        D331  4 0.1285 0.2993 0.2106 0.0612 0.0758 0.0769 0.0433 0.0690 0.0353 
        D333  4 0.0706 0.1394 0.1002 0.0877 0.1002 0.0604 0.0821 0.0877 0.2716 
        D334  4 0.0910 0.0466 0.0549 0.0639 0.0322 0.0748 0.0239 0.5572 0.0555 
        D335  4 0.2203 0.0614 0.0310 0.0337 0.0346 0.0673 0.0446 0.0379 0.4691 
        D370  4 0.0368 0.4641 0.0279 0.0298 0.2261 0.0499 0.0517 0.0506 0.0630 
        D371  4 0.1428 0.0475 0.0386 0.0197 0.0329 0.0352 0.0367 0.6214 0.0252 
        D372  4 0.0133 0.1856 0.5653 0.0184 0.0304 0.0719 0.0637 0.0254 0.0259 
        D373  4 0.0422 0.0229 0.1100 0.5383 0.0385 0.0545 0.0867 0.0308 0.0762 
        D455  4 0.0361 0.0346 0.0485 0.6363 0.0350 0.0279 0.0399 0.0287 0.1131 
        D490  4 0.0255 0.0256 0.0179 0.8121 0.0249 0.0320 0.0136 0.0243 0.0241 
        D497  4 0.0182 0.0316 0.0424 0.6733 0.0545 0.0607 0.0238 0.0235 0.0719 
        D498  4 0.0602 0.4891 0.1194 0.0439 0.0828 0.0560 0.0448 0.0740 0.0299 
        D499  4 0.0278 0.1021 0.1195 0.0300 0.0906 0.1961 0.1759 0.1138 0.1442 
        D514  4 0.2772 0.2537 0.0616 0.0492 0.0639 0.1153 0.0352 0.0187 0.1251 
        D515  4 0.0537 0.1444 0.0308 0.2961 0.0524 0.2787 0.0396 0.0421 0.0621 
        D516  4 0.1706 0.0613 0.0868 0.0975 0.3135 0.1130 0.0738 0.0583 0.0253 
        D517  4 0.0698 0.0232 0.0790 0.5719 0.0813 0.0671 0.0452 0.0260 0.0365 
        D518  4 0.0324 0.0367 0.0264 0.1775 0.0170 0.0363 0.0401 0.0799 0.5536 
        D519  4 0.0514 0.0207 0.1022 0.4083 0.0434 0.2740 0.0396 0.0297 0.0307 
        D560  4 0.1002 0.0747 0.1139 0.2182 0.0358 0.2576 0.1000 0.0204 0.0794 
        D561  4 0.1112 0.0692 0.0309 0.2200 0.0378 0.3670 0.0648 0.0180 0.0812 
        D562  4 0.0630 0.1488 0.0748 0.1956 0.0517 0.1534 0.0864 0.0675 0.1589 
        D563  4 0.0322 0.0487 0.0712 0.0640 0.0459 0.1456 0.4339 0.0238 0.1346 
        D572  4 0.0524 0.0414 0.0231 0.0625 0.0165 0.0390 0.0342 0.0334 0.6974 
        D629  4 0.2047 0.0300 0.0750 0.3286 0.0875 0.1056 0.0329 0.0252 0.1105 
        D630  4 0.0928 0.1782 0.1101 0.2426 0.0360 0.1095 0.0330 0.0649 0.1329 
        D631  4 0.0297 0.0375 0.0513 0.0389 0.0199 0.0396 0.0946 0.0243 0.6642 
        D632  4 0.0451 0.0399 0.0203 0.2834 0.1115 0.0500 0.1865 0.0229 0.2404 
        D646  4 0.2282 0.0328 0.0770 0.1525 0.1327 0.2021 0.0670 0.0310 0.0767 
        D647  4 0.4213 0.0926 0.0499 0.1244 0.0550 0.0709 0.0651 0.0177 0.1032 
        D648  4 0.0162 0.3422 0.0182 0.0198 0.0206 0.0513 0.0342 0.0707 0.4268 
        D649  4 0.2476 0.0353 0.0334 0.0824 0.3137 0.0810 0.0213 0.0260 0.1594 
        D650  4 0.1618 0.0727 0.1016 0.1454 0.0737 0.1571 0.0378 0.1126 0.1372 
        D708  4 0.0429 0.0878 0.0972 0.0480 0.0703 0.1894 0.0298 0.1746 0.2601 
        D709  4 0.0248 0.6854 0.0247 0.0188 0.0845 0.0360 0.0363 0.0293 0.0603 
        D738  4 0.0849 0.0370 0.0399 0.0973 0.0749 0.0526 0.0165 0.5654 0.0314 
        D739  4 0.0329 0.1762 0.0608 0.3312 0.0533 0.1701 0.0393 0.0298 0.1063 
        D740  4 0.0284 0.0389 0.1434 0.0469 0.1941 0.2411 0.0706 0.1653 0.0713 
        D741  4 0.1462 0.0302 0.0572 0.1283 0.0614 0.3983 0.1090 0.0242 0.0452 
        D742  4 0.0386 0.0553 0.1581 0.1034 0.0437 0.1493 0.2379 0.1115 0.1021 
        D743  4 0.3221 0.0280 0.0571 0.0398 0.0203 0.0527 0.0521 0.0249 0.4029 
        D744  4 0.0294 0.0184 0.0255 0.0310 0.0251 0.0438 0.0454 0.0209 0.7606 
        D745  4 0.0384 0.0311 0.0538 0.4412 0.0643 0.2713 0.0310 0.0293 0.0396 
        D814  4 0.0537 0.0814 0.0674 0.1132 0.0185 0.2667 0.2663 0.0313 0.1016 
        D815  4 0.1098 0.1902 0.0487 0.0322 0.0746 0.0458 0.0393 0.0289 0.4307 
        D828  4 0.0136 0.6822 0.0494 0.0234 0.0324 0.0508 0.0389 0.0495 0.0598 
        D845  4 0.0217 0.0140 0.8161 0.0167 0.0193 0.0203 0.0303 0.0349 0.0268 
        D846  4 0.1038 0.0550 0.0472 0.1086 0.0303 0.0918 0.1796 0.0154 0.3683 
        D847  4 0.1077 0.0726 0.1158 0.2699 0.0588 0.1325 0.0630 0.1087 0.0710 
        D848  4 0.0192 0.0277 0.1892 0.5656 0.0220 0.0369 0.0709 0.0210 0.0475 
        D849  4 0.0481 0.1503 0.0374 0.2724 0.1055 0.2416 0.0427 0.0278 0.0742 
        D850  4 0.1536 0.0206 0.1496 0.2135 0.0400 0.2084 0.0509 0.0838 0.0796 
        D856  4 0.0562 0.2837 0.0497 0.0549 0.1367 0.3059 0.0276 0.0349 0.0504 
        D857  4 0.0104 0.2184 0.0172 0.0492 0.5065 0.0347 0.0971 0.0386 0.0280 
        D859  4 0.0658 0.0355 0.1161 0.0389 0.0252 0.0655 0.0350 0.0257 0.5923 
        D860  4 0.0938 0.0298 0.2002 0.0338 0.0300 0.0508 0.0959 0.3869 0.0788 
        D883  4 0.1902 0.0960 0.0626 0.1943 0.1785 0.0790 0.0312 0.0772 0.0910 
        D884  4 0.0858 0.0888 0.0549 0.1391 0.2195 0.1605 0.0251 0.1261 0.1003 
        D885  4 0.1002 0.0189 0.1997 0.0602 0.0408 0.4438 0.0629 0.0257 0.0477 
        D886  4 0.1413 0.2794 0.0439 0.2153 0.1023 0.0524 0.0571 0.0296 0.0787 
        D887  4 0.1027 0.1007 0.2290 0.0537 0.0718 0.1271 0.1214 0.0546 0.1389 
        D889  4 0.0424 0.2707 0.5141 0.0218 0.0182 0.0478 0.0159 0.0161 0.0531 
        D890  4 0.0445 0.2092 0.0507 0.0885 0.1812 0.0765 0.0958 0.1136 0.1401 
        D891  4 0.0150 0.0116 0.8893 0.0134 0.0157 0.0167 0.0137 0.0115 0.0131 
        D899  4 0.0352 0.0929 0.2545 0.0350 0.0354 0.0447 0.3452 0.0858 0.0712 
        D900  4 0.1203 0.2042 0.0817 0.1047 0.0649 0.1009 0.1046 0.0750 0.1438 
        D970  4 0.1274 0.0341 0.1111 0.0593 0.0483 0.0932 0.0593 0.0534 0.4138 
        D971  4 0.0716 0.0696 0.0248 0.0378 0.0643 0.0926 0.4144 0.0722 0.1528 
        D979  4 0.3296 0.0579 0.0442 0.0242 0.0245 0.0812 0.0453 0.0403 0.3527 
        D093  5 0.0387 0.0398 0.0696 0.0361 0.0268 0.0310 0.0255 0.7053 0.0274 
        D154  5 0.0281 0.1136 0.2016 0.0228 0.0891 0.3395 0.1220 0.0482 0.0352 
        D168  5 0.0805 0.1023 0.1124 0.1108 0.1293 0.1724 0.2340 0.0187 0.0395 
        D189  5 0.0491 0.2026 0.1854 0.0312 0.0254 0.0675 0.0341 0.3685 0.0362 
        D190  5 0.0313 0.0275 0.0568 0.0173 0.0533 0.0400 0.0275 0.6744 0.0718 
     D237220  5 0.0311 0.0512 0.1926 0.1890 0.1096 0.1568 0.0256 0.1471 0.0969 
     D237221  5 0.0687 0.0375 0.2386 0.0456 0.0771 0.0793 0.1139 0.2484 0.0909 
     D237274  5 0.3652 0.0888 0.0307 0.0387 0.0900 0.0695 0.0590 0.0157 0.2422 
     D237275  5 0.0205 0.2937 0.0810 0.0242 0.0479 0.0610 0.4242 0.0304 0.0171 
     D237276  5 0.1089 0.1464 0.0457 0.0720 0.2020 0.1011 0.0397 0.2104 0.0738 
     D237277  5 0.0296 0.0340 0.1726 0.0199 0.0733 0.0450 0.0593 0.4983 0.0679 
     D237278  5 0.0614 0.0747 0.0302 0.0491 0.0777 0.0834 0.3307 0.2053 0.0874 
     D237279  5 0.0457 0.0256 0.0340 0.1212 0.2477 0.3854 0.0310 0.0231 0.0864 
     D237280  5 0.0874 0.0408 0.0232 0.0586 0.6220 0.0461 0.0253 0.0485 0.0483 
     D237281  5 0.0611 0.0328 0.4916 0.0218 0.0316 0.0945 0.2050 0.0251 0.0365 
     D237351  5 0.0194 0.0187 0.0296 0.0256 0.7900 0.0338 0.0184 0.0434 0.0212 
     D237352  5 0.0724 0.0723 0.0375 0.3523 0.0491 0.0702 0.0914 0.0564 0.1983 
     D237353  5 0.0255 0.0304 0.1021 0.0141 0.1372 0.0368 0.0215 0.5911 0.0413 
     D237359  5 0.0459 0.0568 0.2960 0.1295 0.0728 0.2148 0.0371 0.0688 0.0783 
     D237361  5 0.0241 0.0354 0.0377 0.0169 0.0485 0.0225 0.0212 0.7736 0.0202 
     D237362  5 0.1519 0.0676 0.0946 0.0490 0.2442 0.1775 0.0584 0.0934 0.0634 
     D237363  5 0.0442 0.0818 0.0641 0.0394 0.0605 0.4679 0.1611 0.0573 0.0237 
     D237364  5 0.0786 0.1086 0.1143 0.1078 0.0488 0.3025 0.1036 0.0177 0.1182 
     D237376  5 0.0135 0.7035 0.0256 0.0186 0.0228 0.0345 0.0267 0.0885 0.0662 
     D237377  5 0.1087 0.0262 0.0479 0.0406 0.4624 0.1057 0.0437 0.1082 0.0566 
     D237378  5 0.0239 0.1115 0.0953 0.0401 0.0331 0.0533 0.0742 0.4805 0.0882 
     D237379  5 0.0416 0.1503 0.0648 0.0571 0.0228 0.1396 0.0487 0.2750 0.2000 
     D237380  5 0.0285 0.2428 0.0179 0.0377 0.4192 0.0441 0.0178 0.0718 0.1203 
     D237381  5 0.0453 0.1332 0.0633 0.2099 0.2415 0.0418 0.0633 0.0613 0.1403 
     D237391  5 0.0312 0.0155 0.0796 0.0263 0.0262 0.0238 0.0206 0.7534 0.0235 
     D237392  5 0.2833 0.1325 0.0395 0.0470 0.0553 0.1188 0.2022 0.0292 0.0922 
     D237393  5 0.3207 0.0791 0.0568 0.0517 0.1942 0.0312 0.0553 0.1665 0.0446 
     D237394  5 0.0262 0.0142 0.0336 0.0229 0.0553 0.0236 0.0140 0.7818 0.0283 
     D237395  5 0.0379 0.1860 0.1450 0.0629 0.0705 0.1098 0.0591 0.2992 0.0297 
     D237396  5 0.3089 0.0157 0.0947 0.1143 0.0517 0.1267 0.0708 0.1681 0.0491 
     D244016  5 0.0280 0.0677 0.1354 0.0210 0.1026 0.2358 0.0486 0.1703 0.1906 
     D244018  5 0.0844 0.0298 0.1221 0.0695 0.0527 0.0948 0.2985 0.2197 0.0285 
     D244019  5 0.0908 0.1436 0.1586 0.0246 0.1251 0.2315 0.1008 0.0470 0.0780 
        D279  5 0.0368 0.0279 0.4535 0.0276 0.0569 0.2285 0.0480 0.0519 0.0690 
        D280  5 0.1084 0.0678 0.2886 0.0691 0.1134 0.1409 0.0459 0.1362 0.0296 
        D281  5 0.0369 0.0612 0.5474 0.0176 0.0230 0.1027 0.1005 0.0761 0.0346 
        D283  5 0.1510 0.0253 0.2932 0.0329 0.0956 0.0522 0.0373 0.2690 0.0434 
        D284  5 0.0651 0.2026 0.0929 0.2345 0.0569 0.2052 0.0509 0.0395 0.0523 
        D285  5 0.0763 0.0535 0.2772 0.0278 0.0527 0.1071 0.0173 0.3302 0.0579 
        D286  5 0.0882 0.1838 0.0896 0.0768 0.0471 0.1245 0.0348 0.2215 0.1337 
        D287  5 0.0202 0.6039 0.0332 0.0349 0.0390 0.0615 0.0291 0.1162 0.0620 
        D288  5 0.1679 0.0316 0.4009 0.0244 0.1700 0.0856 0.0377 0.0569 0.0250 
        D308  5 0.0977 0.0307 0.0261 0.0194 0.7011 0.0389 0.0276 0.0323 0.0262 
        D309  5 0.0277 0.0249 0.0161 0.0418 0.0176 0.0424 0.0183 0.0269 0.7844 
        D310  5 0.0272 0.0596 0.0680 0.0171 0.0396 0.0852 0.0158 0.6674 0.0201 
        D311  5 0.1344 0.2112 0.0575 0.0400 0.0597 0.2181 0.0439 0.1147 0.1204 
        D312  5 0.0788 0.1959 0.0811 0.0952 0.0746 0.0842 0.0507 0.1246 0.2147 
        D313  5 0.0206 0.0215 0.0187 0.3670 0.4904 0.0238 0.0124 0.0331 0.0124 
        D314  5 0.0316 0.1269 0.1659 0.0546 0.1400 0.2311 0.0782 0.0914 0.0803 
        D315  5 0.2487 0.1188 0.0427 0.0605 0.1286 0.0951 0.0586 0.1883 0.0588 
        D317  5 0.0635 0.0489 0.0405 0.0218 0.0281 0.0262 0.0187 0.7337 0.0185 
        D318  5 0.1141 0.0827 0.0615 0.1345 0.0484 0.2696 0.0955 0.0550 0.1387 
        D319  5 0.0258 0.0330 0.0560 0.0181 0.0553 0.0305 0.0178 0.7435 0.0200 
        D320  5 0.0361 0.0634 0.0989 0.0310 0.0780 0.0552 0.0170 0.5655 0.0549 
        D321  5 0.0681 0.0175 0.1119 0.0226 0.6723 0.0310 0.0152 0.0429 0.0185 
        D336  5 0.0248 0.2512 0.0222 0.0211 0.0196 0.0283 0.0203 0.5737 0.0387 
        D337  5 0.0334 0.0367 0.1056 0.0128 0.0209 0.0246 0.0211 0.7141 0.0308 
        D338  5 0.1822 0.0465 0.1571 0.0522 0.0413 0.2314 0.0627 0.1680 0.0587 
        D339  5 0.0521 0.0633 0.1606 0.0362 0.0743 0.0685 0.0447 0.4737 0.0267 
        D347  5 0.0708 0.6459 0.0430 0.0236 0.0249 0.0429 0.0556 0.0253 0.0679 
        D348  5 0.0290 0.0728 0.0875 0.0180 0.0255 0.0436 0.0283 0.5534 0.1417 
        D349  5 0.0139 0.0197 0.0214 0.0138 0.8608 0.0136 0.0140 0.0239 0.0190 
        D350  5 0.0178 0.0221 0.0298 0.0207 0.0202 0.0319 0.0204 0.0211 0.8160 
        D355  5 0.1296 0.1003 0.3475 0.0213 0.0460 0.1788 0.0629 0.0323 0.0814 
        D356  5 0.1896 0.0948 0.0958 0.1549 0.0474 0.0962 0.0310 0.2270 0.0634 
        D357  5 0.0569 0.5011 0.0949 0.0357 0.0673 0.1106 0.0249 0.0462 0.0625 
        D358  5 0.0487 0.0682 0.0440 0.0845 0.0579 0.0973 0.0503 0.3877 0.1614 
        D359  5 0.2198 0.0283 0.1330 0.0193 0.0717 0.0848 0.0191 0.3108 0.1131 
        D360  5 0.0841 0.0973 0.0944 0.1427 0.0432 0.0895 0.0250 0.3921 0.0316 
        D361  5 0.0256 0.0233 0.0156 0.0190 0.8341 0.0235 0.0222 0.0232 0.0134 
        D366  5 0.4221 0.0302 0.0246 0.0243 0.0258 0.0477 0.3764 0.0275 0.0215 
        D367  5 0.0272 0.1250 0.0762 0.0362 0.0839 0.1591 0.0218 0.3706 0.1001 
        D368  5 0.0768 0.0483 0.0454 0.0319 0.4796 0.1664 0.0211 0.0925 0.0381 
        D380  5 0.0502 0.0346 0.0595 0.0815 0.0809 0.2031 0.0530 0.0374 0.3999 
        D381  5 0.0638 0.0360 0.2478 0.0254 0.0595 0.1295 0.0332 0.3495 0.0552 
        D400  5 0.0630 0.2115 0.1886 0.0476 0.0388 0.0820 0.0742 0.1833 0.1110 
        D411  5 0.0246 0.1629 0.0224 0.5987 0.0376 0.0665 0.0490 0.0144 0.0239 
        D412  5 0.0866 0.2543 0.1290 0.0943 0.0821 0.1186 0.0975 0.0702 0.0674 
        D413  5 0.1040 0.0362 0.0395 0.0951 0.0318 0.0789 0.5128 0.0324 0.0692 
        D414  5 0.0309 0.0759 0.0812 0.0266 0.0261 0.0860 0.0769 0.0212 0.5752 
        D420  5 0.0221 0.1426 0.3526 0.2244 0.0443 0.1444 0.0189 0.0303 0.0203 
        D431  5 0.0186 0.2377 0.1271 0.0455 0.2167 0.1445 0.0527 0.0500 0.1072 
        D432  5 0.0834 0.0429 0.1001 0.0793 0.0623 0.0655 0.0795 0.4474 0.0396 
        D433  5 0.0741 0.0960 0.2033 0.0192 0.1855 0.0546 0.0320 0.3065 0.0287 
        D434  5 0.0981 0.0638 0.2029 0.0445 0.1410 0.0877 0.0263 0.2902 0.0454 
        D440  5 0.0190 0.0290 0.0215 0.0188 0.0314 0.0469 0.0168 0.0303 0.7864 
        D447  5 0.2132 0.0869 0.0426 0.1744 0.0248 0.2035 0.0865 0.0265 0.1415 
        D448  5 0.0815 0.3806 0.0815 0.0265 0.0404 0.0773 0.0334 0.2357 0.0430 
        D459  5 0.0581 0.0338 0.4960 0.0242 0.0178 0.0630 0.1957 0.0356 0.0757 
        D460  5 0.0363 0.0165 0.0241 0.0189 0.7988 0.0263 0.0156 0.0425 0.0211 
        D461  5 0.0473 0.0210 0.0221 0.0205 0.0230 0.0285 0.0175 0.0179 0.8022 
        D468  5 0.1709 0.1929 0.0390 0.0454 0.1516 0.2060 0.0645 0.0988 0.0308 
        D469  5 0.4508 0.0407 0.0610 0.0658 0.1135 0.1109 0.0235 0.0709 0.0629 
        D470  5 0.0694 0.2523 0.0371 0.1732 0.0597 0.2127 0.0367 0.0727 0.0862 
        D471  5 0.0628 0.2186 0.1288 0.0154 0.0376 0.0515 0.0325 0.4033 0.0495 
        D472  5 0.6457 0.0177 0.1035 0.0230 0.0331 0.0461 0.0836 0.0259 0.0214 
        D479  5 0.0266 0.0942 0.0212 0.0253 0.0299 0.0414 0.6274 0.0242 0.1098 
        D485  5 0.0308 0.6072 0.0353 0.0456 0.0256 0.0619 0.0514 0.0379 0.1044 
        D486  5 0.0955 0.4223 0.0302 0.0997 0.0552 0.1403 0.0518 0.0647 0.0403 
        D487  5 0.0314 0.0639 0.4028 0.0358 0.0485 0.0748 0.0764 0.1487 0.1177 
        D555  5 0.0228 0.0410 0.0467 0.0246 0.0280 0.0238 0.0566 0.7300 0.0263 
        D556  5 0.0380 0.0691 0.2270 0.0401 0.2333 0.0757 0.0257 0.0956 0.1956 
