        D174  1 0.0265 0.0933 0.1030 0.0836 0.0487 0.3578 0.0264 0.0810 0.0813 0.0197 0.0788 
        D199  1 0.1435 0.1475 0.0267 0.1031 0.1356 0.1159 0.1281 0.0287 0.0302 0.0278 0.1130 
        D203  1 0.1278 0.0797 0.1045 0.0878 0.2157 0.0573 0.1204 0.1066 0.0195 0.0335 0.0471 
        D204  1 0.0200 0.0309 0.0230 0.0344 0.6464 0.0185 0.0346 0.0442 0.0219 0.1077 0.0182 
     D237366  1 0.0345 0.0728 0.1609 0.0460 0.0405 0.0580 0.0419 0.0232 0.0217 0.0922 0.4083 
     D237367  1 0.0234 0.1074 0.0623 0.0740 0.2318 0.0398 0.0825 0.0630 0.0954 0.0407 0.1797 
     D237368  1 0.0290 0.1023 0.0287 0.0342 0.1565 0.1245 0.0696 0.0535 0.0257 0.0622 0.3138 
     D244101  1 0.1238 0.0741 0.0266 0.0344 0.0937 0.0201 0.0677 0.0281 0.0243 0.4907 0.0166 
     D244102  1 0.0713 0.0720 0.0589 0.3087 0.0663 0.0383 0.0344 0.1463 0.0652 0.0642 0.0744 
     D244103  1 0.0291 0.0966 0.3580 0.0760 0.0832 0.0314 0.0427 0.0416 0.1031 0.0366 0.1018 
     D244104  1 0.0351 0.0325 0.0239 0.0133 0.6080 0.0508 0.0313 0.0216 0.1302 0.0212 0.0321 
     D244105  1 0.0389 0.2243 0.3193 0.0341 0.0344 0.0149 0.0173 0.1266 0.0337 0.0249 0.1315 
     D244106  1 0.0436 0.0590 0.1351 0.0578 0.0658 0.4650 0.0783 0.0271 0.0226 0.0235 0.0221 
     D244107  1 0.0261 0.1290 0.0288 0.0193 0.0529 0.0168 0.0935 0.1481 0.0407 0.0715 0.3733 
     D244108  1 0.0475 0.0629 0.0347 0.0678 0.0405 0.2724 0.0336 0.3632 0.0299 0.0320 0.0155 
     D244113  1 0.0192 0.0424 0.0168 0.3692 0.0127 0.2657 0.0380 0.0352 0.1003 0.0719 0.0287 
     D244114  1 0.1029 0.2067 0.3468 0.0560 0.0502 0.0692 0.0343 0.0372 0.0253 0.0332 0.0380 
     D244115  1 0.0371 0.1378 0.0595 0.0419 0.1497 0.2384 0.0293 0.1822 0.0497 0.0288 0.0455 
     D267365  1 0.1641 0.0868 0.0344 0.0628 0.2335 0.1691 0.0340 0.0370 0.0445 0.0418 0.0920 
        D404  1 0.0249 0.0392 0.0310 0.5357 0.0207 0.1518 0.0335 0.0379 0.0312 0.0758 0.0181 
        D405  1 0.0369 0.0550 0.0347 0.5365 0.0892 0.0323 0.0554 0.0464 0.0519 0.0366 0.0251 
        D406  1 0.0208 0.0322 0.0398 0.0197 0.0525 0.0483 0.0193 0.2588 0.0157 0.0432 0.4496 
        D407  1 0.0155 0.0514 0.0268 0.0281 0.5769 0.0245 0.0903 0.0216 0.0488 0.0159 0.1001 
        D408  1 0.1395 0.0467 0.0337 0.0693 0.0592 0.2880 0.0135 0.0524 0.2375 0.0339 0.0262 
        D409  1 0.0612 0.1466 0.3831 0.0426 0.0982 0.0412 0.0342 0.0641 0.0467 0.0396 0.0425 
        D410  1 0.0152 0.0272 0.0214 0.0213 0.0425 0.0210 0.0101 0.7722 0.0270 0.0244 0.0178 
        D421  1 0.0130 0.0150 0.0114 0.0087 0.8462 0.0181 0.0325 0.0105 0.0199 0.0103 0.0144 
        D422  1 0.0241 0.0460 0.0540 0.0166 0.0684 0.0163 0.0401 0.0357 0.0173 0.0173 0.6641 
        D423  1 0.0160 0.0462 0.0286 0.0262 0.0701 0.0143 0.0530 0.6633 0.0141 0.0190 0.0492 
        D424  1 0.0148 0.1139 0.0599 0.0260 0.5907 0.0432 0.0180 0.0260 0.0357 0.0227 0.0491 
        D425  1 0.0650 0.1711 0.0339 0.1269 0.2730 0.0783 0.0200 0.1122 0.0581 0.0240 0.0375 
        D426  1 0.1570 0.1826 0.3272 0.0175 0.0507 0.0247 0.0310 0.0203 0.1015 0.0194 0.0680 
        D427  1 0.0245 0.0236 0.0226 0.0102 0.3450 0.1354 0.3373 0.0161 0.0454 0.0139 0.0260 
        D428  1 0.0404 0.1079 0.0255 0.1328 0.2554 0.1278 0.0381 0.0832 0.0595 0.0659 0.0635 
        D429  1 0.0491 0.0605 0.1182 0.0882 0.4293 0.1124 0.0302 0.0381 0.0210 0.0293 0.0237 
        D430  1 0.0951 0.1510 0.2399 0.1038 0.0748 0.1396 0.0499 0.0348 0.0451 0.0248 0.0411 
        D491  1 0.0328 0.0399 0.0379 0.0362 0.0827 0.6115 0.0124 0.0336 0.0729 0.0219 0.0182 
        D492  1 0.0279 0.1281 0.0574 0.1045 0.2709 0.1167 0.0544 0.0655 0.0322 0.0511 0.0912 
        D537  1 0.0207 0.0713 0.0428 0.0701 0.4394 0.0268 0.0355 0.0779 0.0787 0.0733 0.0635 
        D538  1 0.0350 0.1473 0.0738 0.1483 0.0582 0.1077 0.0737 0.1712 0.0306 0.0585 0.0957 
        D539  1 0.2568 0.1165 0.1773 0.0835 0.0267 0.0821 0.0310 0.0550 0.0844 0.0503 0.0365 
        D540  1 0.0542 0.1391 0.0499 0.0444 0.1547 0.0261 0.0225 0.0458 0.3826 0.0222 0.0586 
        D541  1 0.0157 0.0165 0.0136 0.0114 0.8551 0.0128 0.0159 0.0165 0.0130 0.0161 0.0133 
        D551  1 0.1162 0.2191 0.2112 0.0322 0.0660 0.0341 0.1783 0.0242 0.0520 0.0166 0.0502 
        D552  1 0.0468 0.1083 0.0710 0.0182 0.1247 0.1851 0.0340 0.1424 0.1168 0.0906 0.0621 
        D553  1 0.0146 0.0210 0.0157 0.0092 0.8366 0.0156 0.0113 0.0137 0.0259 0.0165 0.0199 
        D615  1 0.0541 0.0975 0.0788 0.0735 0.4102 0.0567 0.0497 0.0846 0.0396 0.0228 0.0325 
        D616  1 0.0528 0.1156 0.0842 0.0255 0.3157 0.0488 0.0879 0.1327 0.0503 0.0203 0.0661 
        D621  1 0.0211 0.0589 0.0278 0.0413 0.0143 0.0728 0.0239 0.2395 0.0541 0.3085 0.1378 
        D622  1 0.0344 0.0590 0.0741 0.0219 0.0326 0.0400 0.0253 0.2721 0.0606 0.0586 0.3214 
        D623  1 0.0417 0.0526 0.0161 0.1920 0.0247 0.2495 0.1343 0.0811 0.0293 0.1587 0.0199 
        D624  1 0.0232 0.0627 0.0255 0.0232 0.0388 0.7242 0.0151 0.0205 0.0300 0.0148 0.0221 
        D625  1 0.0253 0.0708 0.0683 0.0204 0.5060 0.0642 0.0170 0.0817 0.0343 0.0469 0.0650 
        D626  1 0.0537 0.0699 0.0727 0.0549 0.0638 0.2067 0.0322 0.0944 0.1919 0.0228 0.1369 
        D627  1 0.1587 0.2198 0.3610 0.0164 0.0832 0.0371 0.0190 0.0139 0.0245 0.0192 0.0471 
        D690  1 0.0145 0.0216 0.0188 0.0152 0.7557 0.0301 0.0102 0.0488 0.0249 0.0223 0.0380 
        D691  1 0.0339 0.0356 0.1423 0.0142 0.0555 0.0366 0.0202 0.1582 0.0263 0.0227 0.4546 
        D710  1 0.0440 0.1128 0.0238 0.0400 0.2365 0.1360 0.0422 0.0608 0.0668 0.1126 0.1245 
        D711  1 0.0210 0.0287 0.0283 0.0365 0.7246 0.0236 0.0218 0.0271 0.0111 0.0435 0.0339 
        D712  1 0.0730 0.0597 0.0277 0.0922 0.0306 0.4441 0.0375 0.0303 0.0680 0.0469 0.0900 
        D713  1 0.0274 0.1050 0.0490 0.2255 0.1230 0.1149 0.0216 0.0878 0.0638 0.1157 0.0663 
        D746  1 0.0182 0.0416 0.0410 0.0131 0.0925 0.0267 0.0391 0.1341 0.0401 0.0310 0.5227 
        D747  1 0.0249 0.0159 0.0140 0.0147 0.8346 0.0181 0.0194 0.0132 0.0120 0.0200 0.0133 
        D748  1 0.0212 0.0515 0.3452 0.0203 0.1608 0.0278 0.0143 0.1297 0.0515 0.0563 0.1214 
        D749  1 0.0298 0.2379 0.0931 0.0694 0.0254 0.0866 0.0370 0.1205 0.0222 0.0876 0.1905 
        D750  1 0.0259 0.0372 0.0410 0.0270 0.1372 0.5564 0.0181 0.0579 0.0236 0.0402 0.0354 
        D763  1 0.1599 0.1510 0.0881 0.0312 0.0555 0.0177 0.0944 0.0327 0.1392 0.1493 0.0809 
        D764  1 0.0192 0.0406 0.0224 0.0160 0.5308 0.1729 0.0167 0.0864 0.0322 0.0192 0.0436 
        D765  1 0.0301 0.0907 0.0743 0.0437 0.0284 0.0813 0.0164 0.5351 0.0285 0.0150 0.0567 
        D766  1 0.0156 0.0449 0.0514 0.0300 0.0470 0.0313 0.0238 0.5065 0.0873 0.0845 0.0778 
        D767  1 0.0385 0.0924 0.0762 0.2421 0.0854 0.0298 0.0724 0.0830 0.0249 0.1510 0.1043 
        D768  1 0.0184 0.0299 0.0252 0.0150 0.7964 0.0136 0.0178 0.0226 0.0200 0.0170 0.0240 
        D811  1 0.0276 0.0468 0.0265 0.3441 0.0206 0.0565 0.0150 0.1102 0.3191 0.0185 0.0152 
        D816  1 0.0197 0.0251 0.0164 0.0182 0.8073 0.0190 0.0172 0.0200 0.0133 0.0195 0.0243 
        D825  1 0.0284 0.1120 0.0646 0.1295 0.0813 0.1187 0.0156 0.3203 0.0737 0.0216 0.0343 
        D866  1 0.2710 0.0929 0.0653 0.0493 0.0644 0.1894 0.0817 0.0621 0.0812 0.0186 0.0242 
        D867  1 0.0194 0.0565 0.0316 0.0450 0.0239 0.0212 0.0534 0.0407 0.0344 0.1051 0.5688 
        D871  1 0.0806 0.1272 0.4928 0.0357 0.0730 0.0460 0.0203 0.0313 0.0384 0.0292 0.0255 
        D872  1 0.0257 0.0922 0.0329 0.1914 0.1347 0.0431 0.0477 0.3069 0.0291 0.0407 0.0555 
        D873  1 0.0100 0.0324 0.0171 0.0935 0.0098 0.0132 0.0295 0.7027 0.0186 0.0396 0.0336 
        D874  1 0.0320 0.0375 0.0260 0.0359 0.0474 0.0882 0.0172 0.0163 0.0334 0.6519 0.0140 
        D875  1 0.0254 0.1541 0.5355 0.0243 0.0252 0.0175 0.0148 0.1108 0.0286 0.0170 0.0467 
        D876  1 0.0658 0.1168 0.0619 0.0323 0.3127 0.1088 0.0232 0.0757 0.0545 0.0935 0.0549 
        D877  1 0.0165 0.0493 0.0221 0.6633 0.0253 0.0685 0.0201 0.0232 0.0371 0.0629 0.0119 
        D892  1 0.0226 0.1008 0.2269 0.0508 0.1645 0.1851 0.0167 0.0642 0.0187 0.0383 0.1114 
        D893  1 0.0651 0.0824 0.0672 0.0226 0.5082 0.0180 0.0272 0.0418 0.0553 0.0431 0.0691 
        D894  1 0.0326 0.0400 0.1329 0.0215 0.6236 0.0440 0.0231 0.0173 0.0177 0.0259 0.0213 
        D915  1 0.0301 0.0699 0.1041 0.0274 0.4176 0.0400 0.0261 0.1800 0.0369 0.0189 0.0491 
        D916  1 0.0101 0.0151 0.0161 0.0106 0.8625 0.0156 0.0122 0.0157 0.0112 0.0144 0.0166 
        D917  1 0.1065 0.1553 0.0262 0.0939 0.0895 0.2529 0.0440 0.0279 0.0322 0.1168 0.0549 
        D925  1 0.0250 0.0550 0.0191 0.0293 0.2098 0.0950 0.0187 0.4350 0.0365 0.0160 0.0607 
        D926  1 0.0359 0.1747 0.1006 0.0420 0.3472 0.0664 0.0201 0.0608 0.0333 0.0651 0.0539 
        D927  1 0.1194 0.1446 0.0535 0.0444 0.1858 0.0657 0.1747 0.0275 0.0345 0.0417 0.1084 
        D928  1 0.0158 0.0200 0.0133 0.0436 0.0768 0.7166 0.0145 0.0459 0.0206 0.0200 0.0129 
        D929  1 0.0251 0.0419 0.0604 0.2795 0.0312 0.0469 0.0202 0.0335 0.0295 0.3357 0.0961 
        D936  1 0.1086 0.0798 0.0447 0.0333 0.4189 0.0351 0.0394 0.0433 0.0291 0.1469 0.0209 
        D938  1 0.0165 0.0313 0.0452 0.0191 0.0182 0.0288 0.0151 0.2979 0.0634 0.0590 0.4054 
        D956  1 0.0302 0.0743 0.1227 0.1017 0.0451 0.4607 0.0331 0.0413 0.0384 0.0329 0.0196 
        D957  1 0.0234 0.0471 0.0215 0.0910 0.0604 0.0264 0.0270 0.6201 0.0160 0.0357 0.0313 
        D958  1 0.0198 0.0679 0.0504 0.0427 0.0922 0.1057 0.0204 0.4524 0.0344 0.0801 0.0339 
        D959  1 0.0135 0.0686 0.0217 0.0244 0.5796 0.0234 0.0949 0.0277 0.0344 0.0127 0.0990 
        D960  1 0.0177 0.0842 0.0645 0.0997 0.0365 0.0450 0.0259 0.1765 0.0124 0.0380 0.3996 
        D989  1 0.0787 0.0539 0.0296 0.0410 0.0420 0.5691 0.0613 0.0208 0.0371 0.0204 0.0460 
        D990  1 0.1269 0.1044 0.0233 0.0145 0.0149 0.0632 0.0374 0.5281 0.0151 0.0209 0.0514 
        D023  2 0.0123 0.0177 0.0118 0.0100 0.0413 0.0127 0.0164 0.0138 0.0165 0.0170 0.8306 
        D130  2 0.0225 0.0554 0.0736 0.0850 0.0880 0.0159 0.0536 0.0714 0.0221 0.0244 0.4882 
        D131  2 0.0814 0.2317 0.1126 0.0265 0.1476 0.0529 0.0317 0.0678 0.1645 0.0506 0.0326 
        D163  2 0.0370 0.0831 0.0304 0.0170 0.0602 0.0342 0.0157 0.0452 0.0244 0.0472 0.6058 
        D164  2 0.0131 0.0210 0.0141 0.0141 0.0114 0.0114 0.5050 0.3479 0.0180 0.0196 0.0245 
        D165  2 0.0192 0.0298 0.0138 0.0103 0.0314 0.0174 0.0251 0.0195 0.0295 0.0260 0.7780 
        D166  2 0.0406 0.1419 0.1684 0.3433 0.0298 0.0173 0.0409 0.0593 0.0503 0.0638 0.0444 
        D167  2 0.0194 0.0219 0.0124 0.0926 0.0133 0.0273 0.7602 0.0138 0.0127 0.0125 0.0138 
        D192  2 0.0246 0.0188 0.0125 0.0252 0.0093 0.0191 0.8320 0.0132 0.0178 0.0160 0.0115 
        D193  2 0.0319 0.0685 0.0587 0.6532 0.0171 0.0429 0.0196 0.0303 0.0207 0.0354 0.0217 
        D206  2 0.0235 0.0660 0.0384 0.0326 0.0379 0.0192 0.3600 0.0260 0.3333 0.0317 0.0315 
        D207  2 0.0795 0.0871 0.0496 0.1321 0.0314 0.0160 0.4960 0.0284 0.0361 0.0177 0.0263 
        D208  2 0.2224 0.0802 0.0504 0.0577 0.0327 0.1300 0.0502 0.0370 0.2605 0.0326 0.0462 
        D209  2 0.0272 0.1580 0.0300 0.0357 0.0255 0.0288 0.4498 0.0361 0.0641 0.1103 0.0344 
        D210  2 0.1313 0.0559 0.0602 0.0231 0.0716 0.4945 0.0609 0.0225 0.0227 0.0337 0.0236 
     D229599  2 0.1766 0.1312 0.0529 0.0447 0.1445 0.0488 0.0396 0.0583 0.0421 0.1520 0.1092 
     D229600  2 0.0279 0.0653 0.0604 0.0557 0.0313 0.0233 0.3348 0.0673 0.0218 0.0258 0.2865 
     D237227  2 0.0951 0.0732 0.0285 0.0233 0.0488 0.3604 0.0443 0.2113 0.0408 0.0198 0.0544 
     D237228  2 0.0577 0.0781 0.0331 0.0514 0.0123 0.1562 0.0391 0.5216 0.0192 0.0155 0.0158 
     D237258  2 0.1252 0.0989 0.0295 0.0664 0.0621 0.0787 0.1554 0.0685 0.1175 0.0436 0.1542 
     D237310  2 0.0237 0.0339 0.1328 0.0744 0.0117 0.0304 0.0344 0.5902 0.0223 0.0230 0.0233 
     D237311  2 0.0279 0.0274 0.0403 0.0475 0.0116 0.0229 0.1327 0.6200 0.0227 0.0172 0.0298 
     D237312  2 0.0250 0.0558 0.2215 0.1997 0.0208 0.0375 0.0220 0.2729 0.0374 0.0491 0.0582 
     D237313  2 0.0701 0.1380 0.0920 0.0314 0.0776 0.0540 0.0238 0.1519 0.2571 0.0697 0.0346 
     D237322  2 0.2335 0.1818 0.0681 0.0753 0.0276 0.0689 0.0388 0.1065 0.0630 0.1007 0.0359 
     D237323  2 0.0489 0.0325 0.0420 0.0432 0.0166 0.1126 0.0222 0.5750 0.0167 0.0232 0.0671 
     D237324  2 0.0807 0.3517 0.0437 0.0257 0.0543 0.0172 0.1656 0.0599 0.0265 0.0306 0.1441 
     D237325  2 0.0286 0.0617 0.1162 0.0565 0.0215 0.0603 0.0695 0.4572 0.0280 0.0452 0.0554 
     D237326  2 0.0277 0.0297 0.0196 0.0238 0.0330 0.0393 0.0234 0.7199 0.0159 0.0361 0.0315 
     D237327  2 0.3314 0.1457 0.0925 0.0291 0.0508 0.0356 0.0844 0.0290 0.0271 0.0859 0.0885 
     D237337  2 0.0167 0.0233 0.0414 0.0225 0.0148 0.0240 0.0132 0.7849 0.0233 0.0149 0.0210 
     D237338  2 0.0798 0.0942 0.1187 0.0290 0.0381 0.1095 0.0720 0.2091 0.0404 0.1092 0.1000 
     D237339  2 0.0411 0.0763 0.0288 0.0439 0.0216 0.0146 0.1045 0.0246 0.0283 0.5956 0.0207 
     D237340  2 0.0370 0.0568 0.0540 0.0867 0.0150 0.0788 0.1458 0.4404 0.0203 0.0239 0.0413 
     D237389  2 0.0142 0.0391 0.0671 0.1830 0.0158 0.0186 0.0672 0.5225 0.0228 0.0245 0.0252 
     D237390  2 0.0442 0.0531 0.1414 0.1327 0.0205 0.0423 0.0199 0.4397 0.0347 0.0335 0.0382 
     D244017  2 0.0481 0.0764 0.0194 0.2548 0.0220 0.1685 0.2968 0.0339 0.0163 0.0171 0.0468 
     D244112  2 0.0160 0.0265 0.0348 0.0367 0.0170 0.0172 0.7806 0.0125 0.0152 0.0147 0.0287 
     D244118  2 0.0214 0.0290 0.0152 0.0438 0.0109 0.0299 0.5774 0.0418 0.0103 0.0280 0.1924 
     D244119  2 0.0202 0.0283 0.0148 0.0253 0.0196 0.5527 0.2509 0.0424 0.0206 0.0116 0.0136 
     D244120  2 0.0774 0.0489 0.1063 0.3015 0.0127 0.0381 0.2934 0.0310 0.0210 0.0440 0.0256 
     D244122  2 0.0230 0.0402 0.0439 0.0897 0.0252 0.0255 0.6157 0.0175 0.0507 0.0276 0.0410 
        D291  2 0.4339 0.1167 0.0352 0.0533 0.0639 0.0163 0.0380 0.0291 0.1003 0.0168 0.0965 
        D292  2 0.2734 0.0884 0.0302 0.0517 0.1632 0.0633 0.1643 0.0663 0.0274 0.0434 0.0284 
        D293  2 0.0724 0.0706 0.0245 0.0154 0.1194 0.0204 0.4905 0.0156 0.0199 0.1364 0.0149 
        D322  2 0.0322 0.0860 0.0265 0.0208 0.1111 0.0203 0.3726 0.0579 0.0241 0.2116 0.0370 
        D323  2 0.0273 0.0609 0.0254 0.0704 0.0241 0.0245 0.0821 0.0372 0.5808 0.0464 0.0209 
        D324  2 0.2740 0.1060 0.0963 0.0280 0.1149 0.0583 0.0306 0.1116 0.0973 0.0235 0.0595 
        D325  2 0.0432 0.0359 0.0281 0.0127 0.0417 0.0132 0.7391 0.0199 0.0201 0.0268 0.0192 
        D326  2 0.0200 0.0254 0.0147 0.0147 0.8293 0.0225 0.0134 0.0126 0.0200 0.0159 0.0115 
        D340  2 0.0283 0.0167 0.0183 0.0128 0.0210 0.0211 0.8112 0.0199 0.0168 0.0214 0.0125 
        D341  2 0.0420 0.0471 0.1958 0.0253 0.0356 0.0358 0.4609 0.0390 0.0546 0.0385 0.0254 
        D342  2 0.0199 0.0525 0.1054 0.0432 0.0245 0.0156 0.5605 0.0405 0.0473 0.0245 0.0662 
        D343  2 0.0138 0.0150 0.0161 0.0078 0.0198 0.0091 0.8680 0.0110 0.0115 0.0168 0.0110 
        D344  2 0.0247 0.0806 0.0658 0.1620 0.0787 0.0194 0.0386 0.0501 0.0331 0.4289 0.0181 
        D345  2 0.0447 0.1348 0.0242 0.0315 0.0601 0.0352 0.0371 0.2006 0.1059 0.2408 0.0850 
        D346  2 0.0459 0.0357 0.0574 0.0249 0.0441 0.2989 0.0574 0.0265 0.3491 0.0343 0.0258 
        D351  2 0.1615 0.2261 0.0942 0.0514 0.1682 0.0285 0.0306 0.0737 0.0430 0.0665 0.0563 
        D352  2 0.0239 0.0646 0.0287 0.0405 0.0176 0.0437 0.0305 0.0409 0.0310 0.6583 0.0202 
        D353  2 0.0262 0.6100 0.0369 0.0232 0.1118 0.0160 0.0287 0.0183 0.0282 0.0838 0.0168 
        D354  2 0.0148 0.0327 0.0271 0.0278 0.0391 0.0345 0.0144 0.0408 0.0358 0.7204 0.0124 
        D362  2 0.0272 0.0360 0.0165 0.0351 0.6703 0.0217 0.0263 0.0303 0.0323 0.0209 0.0835 
        D363  2 0.0238 0.0322 0.0135 0.0259 0.7487 0.0266 0.0187 0.0190 0.0377 0.0191 0.0349 
        D364  2 0.0194 0.0702 0.0515 0.0300 0.2911 0.0397 0.0227 0.0460 0.0399 0.3715 0.0180 
        D365  2 0.0194 0.0179 0.0166 0.0105 0.0169 0.0211 0.8284 0.0178 0.0140 0.0276 0.0099 
        D369  2 0.1099 0.0848 0.0376 0.0328 0.1571 0.1524 0.0943 0.1157 0.1526 0.0224 0.0406 
        D374  2 0.0138 0.0378 0.0180 0.7094 0.0165 0.1220 0.0140 0.0203 0.0211 0.0168 0.0103 
        D375  2 0.0133 0.0321 0.0294 0.0406 0.0139 0.0154 0.0115 0.0214 0.0307 0.7743 0.0174 
        D376  2 0.0282 0.0568 0.0542 0.4008 0.0189 0.2789 0.0274 0.0326 0.0248 0.0600 0.0174 
        D377  2 0.0300 0.0415 0.0491 0.0791 0.0156 0.0415 0.0418 0.1340 0.5104 0.0329 0.0241 
        D378  2 0.0451 0.0937 0.0416 0.0168 0.0844 0.0257 0.2207 0.0249 0.0769 0.2666 0.1038 
        D379  2 0.0213 0.0663 0.0598 0.0280 0.5214 0.0259 0.0172 0.0286 0.1642 0.0447 0.0224 
        D384  2 0.0214 0.0184 0.0143 0.0134 0.7969 0.0394 0.0126 0.0235 0.0323 0.0167 0.0110 
        D385  2 0.0188 0.0249 0.0237 0.0286 0.0206 0.0386 0.6319 0.0190 0.0359 0.1437 0.0143 
        D386  2 0.0261 0.0943 0.0377 0.0296 0.0380 0.0158 0.0724 0.0258 0.0528 0.5476 0.0600 
        D391  2 0.0260 0.0259 0.0220 0.0173 0.0190 0.0174 0.6735 0.0240 0.0350 0.1213 0.0186 
        D392  2 0.0332 0.0560 0.0246 0.0352 0.0520 0.0439 0.4878 0.1682 0.0349 0.0272 0.0368 
        D393  2 0.1102 0.0502 0.0536 0.0162 0.1484 0.0207 0.0654 0.0492 0.1447 0.2993 0.0421 
        D394  2 0.0540 0.1030 0.0911 0.0771 0.0920 0.0401 0.0741 0.1562 0.0260 0.1617 0.1247 
        D395  2 0.0325 0.0746 0.0454 0.0408 0.0126 0.0250 0.3003 0.0212 0.0260 0.3950 0.0264 
        D401  2 0.0208 0.0207 0.0135 0.0301 0.0179 0.0225 0.0272 0.7671 0.0559 0.0104 0.0139 
        D402  2 0.0457 0.0250 0.0265 0.0234 0.0204 0.0179 0.6562 0.0338 0.0601 0.0761 0.0150 
        D403  2 0.0412 0.2611 0.1376 0.0677 0.2025 0.0207 0.0371 0.0295 0.0413 0.0970 0.0643 
        D415  2 0.0203 0.1054 0.1048 0.0239 0.4660 0.0142 0.0237 0.1540 0.0256 0.0319 0.0300 
        D435  2 0.0563 0.0536 0.0341 0.0203 0.5541 0.0169 0.1421 0.0343 0.0187 0.0465 0.0229 
        D436  2 0.0268 0.0849 0.0931 0.1025 0.0829 0.0446 0.0260 0.0497 0.0261 0.4317 0.0315 
        D438  2 0.0148 0.0179 0.0175 0.0126 0.0091 0.0199 0.8411 0.0116 0.0307 0.0123 0.0125 
        D439  2 0.0234 0.0731 0.0224 0.0162 0.0388 0.0144 0.0331 0.0280 0.0488 0.6554 0.0464 
        D449  2 0.0154 0.0737 0.0603 0.0166 0.1056 0.0244 0.5955 0.0252 0.0368 0.0215 0.0250 
        D450  2 0.0574 0.1985 0.1229 0.0589 0.0841 0.1089 0.0235 0.0297 0.0725 0.1900 0.0536 
        D456  2 0.0222 0.0330 0.0246 0.0130 0.7963 0.0173 0.0093 0.0153 0.0296 0.0223 0.0171 
        D462  2 0.0225 0.0277 0.0196 0.0169 0.0427 0.0127 0.6815 0.0173 0.0159 0.1188 0.0245 
        D463  2 0.0158 0.0370 0.0194 0.0224 0.7591 0.0346 0.0093 0.0233 0.0351 0.0282 0.0158 
        D464  2 0.0260 0.3041 0.0518 0.0872 0.0418 0.0312 0.0824 0.0285 0.0411 0.2884 0.0174 
        D465  2 0.0321 0.0490 0.0375 0.0342 0.1706 0.0220 0.4353 0.1072 0.0622 0.0224 0.0274 
        D473  2 0.0379 0.0528 0.0414 0.0357 0.0214 0.4720 0.0344 0.1047 0.0540 0.0878 0.0578 
        D474  2 0.1478 0.0490 0.0296 0.0151 0.5222 0.0414 0.0392 0.0293 0.0350 0.0271 0.0643 
        D476  2 0.0223 0.0235 0.0171 0.0105 0.0159 0.0128 0.0296 0.0187 0.0128 0.5545 0.2824 
        D477  2 0.0980 0.0777 0.0436 0.0176 0.1967 0.0481 0.0251 0.1024 0.1568 0.2105 0.0234 
        D478  2 0.0490 0.1823 0.0292 0.1064 0.0279 0.0720 0.0564 0.0404 0.0326 0.0781 0.3257 
        D480  2 0.0877 0.0822 0.1011 0.0255 0.1141 0.0970 0.0679 0.0225 0.1114 0.2676 0.0230 
        D481  2 0.0502 0.0941 0.0282 0.0373 0.2423 0.0903 0.0698 0.0595 0.0499 0.1989 0.0796 
        D482  2 0.1802 0.1340 0.0521 0.0544 0.0190 0.0877 0.0262 0.0495 0.0765 0.2764 0.0441 
        D483  2 0.0245 0.0254 0.0131 0.0229 0.0135 0.0786 0.7542 0.0186 0.0142 0.0132 0.0217 
        D484  2 0.0273 0.0252 0.0206 0.0642 0.0101 0.0248 0.0242 0.0163 0.0237 0.7473 0.0162 
        D510  2 0.1298 0.0668 0.0365 0.2561 0.0235 0.3619 0.0217 0.0278 0.0306 0.0277 0.0176 
        D511  2 0.0398 0.0332 0.0215 0.0184 0.0475 0.0170 0.0479 0.0250 0.0525 0.6573 0.0398 
        D512  2 0.0265 0.0561 0.1070 0.0503 0.0218 0.0138 0.1115 0.5157 0.0511 0.0206 0.0256 
        D513  2 0.0731 0.0771 0.0408 0.0346 0.0603 0.0573 0.4545 0.0427 0.1116 0.0239 0.0242 
        D635  2 0.0211 0.0743 0.0224 0.0155 0.1909 0.0262 0.0243 0.0232 0.0339 0.0188 0.5493 
        D636  2 0.0110 0.0207 0.0146 0.0135 0.0256 0.0176 0.0194 0.0373 0.0578 0.0215 0.7609 
        D637  2 0.0452 0.0930 0.1286 0.0713 0.0225 0.0641 0.1441 0.0419 0.1044 0.2597 0.0251 
        D658  2 0.0268 0.0433 0.0579 0.0622 0.0188 0.0936 0.3776 0.0618 0.0173 0.2155 0.0253 
        D659  2 0.0831 0.0582 0.0346 0.0282 0.5716 0.0376 0.0253 0.0211 0.0298 0.0537 0.0567 
        D677  2 0.0816 0.0744 0.2087 0.0622 0.1441 0.0166 0.0521 0.0885 0.1533 0.0327 0.0861 
        D678  2 0.0248 0.1225 0.0270 0.1043 0.0187 0.0171 0.5710 0.0284 0.0399 0.0212 0.0253 
        D679  2 0.0759 0.0946 0.0447 0.0177 0.1743 0.0454 0.0366 0.0308 0.3964 0.0530 0.0305 
        D719  2 0.0877 0.0691 0.0186 0.0265 0.1105 0.3966 0.1165 0.0792 0.0328 0.0494 0.0131 
        D720  2 0.0264 0.0433 0.0290 0.0221 0.6476 0.0670 0.0339 0.0353 0.0536 0.0207 0.0211 
        D721  2 0.0226 0.0330 0.0273 0.0119 0.0362 0.0289 0.0477 0.0158 0.0327 0.0282 0.7158 
        D722  2 0.0350 0.0400 0.0144 0.6161 0.0181 0.0983 0.0332 0.0544 0.0533 0.0219 0.0153 
        D734  2 0.0341 0.0338 0.0282 0.0331 0.0206 0.1535 0.0573 0.0144 0.0312 0.5808 0.0130 
        D735  2 0.0316 0.1371 0.0597 0.0282 0.1190 0.0771 0.0605 0.0727 0.2861 0.0869 0.0411 
        D736  2 0.2475 0.0759 0.0558 0.0227 0.0612 0.2919 0.0425 0.0685 0.0414 0.0473 0.0453 
        D737  2 0.0802 0.0586 0.0333 0.0366 0.0148 0.0475 0.4932 0.0472 0.0170 0.1250 0.0466 
        D807  2 0.1388 0.0713 0.0934 0.0504 0.1161 0.1958 0.0443 0.0999 0.0630 0.0851 0.0419 
        D808  2 0.0652 0.1846 0.1555 0.0588 0.0580 0.0319 0.0740 0.2391 0.0281 0.0610 0.0439 
        D817  2 0.0233 0.0426 0.0165 0.0371 0.0629 0.0176 0.0152 0.0365 0.6873 0.0358 0.0251 
        D818  2 0.1186 0.2318 0.1756 0.0240 0.0442 0.0250 0.1459 0.0178 0.0335 0.0301 0.1534 
        D819  2 0.0247 0.0543 0.0252 0.0329 0.0875 0.0254 0.0257 0.1558 0.5069 0.0239 0.0377 
        D820  2 0.0523 0.0643 0.0680 0.0201 0.5472 0.0304 0.0377 0.0234 0.0166 0.1216 0.0186 
        D895  2 0.0356 0.1435 0.0255 0.0500 0.2896 0.0359 0.0696 0.0601 0.1272 0.0501 0.1128 
        D896  2 0.0127 0.0139 0.0177 0.0207 0.0144 0.0178 0.0099 0.8566 0.0117 0.0112 0.0134 
        D897  2 0.0385 0.0695 0.1337 0.0321 0.0243 0.0230 0.4970 0.0366 0.0771 0.0382 0.0301 
        D898  2 0.1324 0.1380 0.1176 0.1021 0.0403 0.0351 0.0254 0.2118 0.1105 0.0501 0.0367 
        D918  2 0.0508 0.1354 0.2492 0.0484 0.0288 0.0630 0.0430 0.1266 0.0898 0.0811 0.0839 
        D919  2 0.0986 0.1217 0.0337 0.0600 0.0777 0.0202 0.0628 0.0200 0.0223 0.4443 0.0386 
        D920  2 0.0282 0.0500 0.0700 0.0546 0.0350 0.0626 0.0364 0.0426 0.0211 0.0502 0.5493 
        D923  2 0.0318 0.0842 0.0401 0.0372 0.5348 0.0224 0.0349 0.0310 0.0373 0.1216 0.0246 
        D930  2 0.0402 0.1191 0.1954 0.0483 0.1225 0.1018 0.0385 0.0689 0.1193 0.1240 0.0219 
        D931  2 0.0594 0.0808 0.0462 0.0472 0.2147 0.0386 0.1002 0.0514 0.0581 0.2635 0.0398 
        D968  2 0.0853 0.0349 0.0182 0.0288 0.0210 0.0171 0.7005 0.0208 0.0276 0.0331 0.0127 
        D969  2 0.2004 0.1308 0.0484 0.0385 0.1680 0.0555 0.1862 0.0426 0.0528 0.0429 0.0338 
        D977  2 0.0252 0.0461 0.0526 0.0213 0.0319 0.0192 0.7065 0.0145 0.0287 0.0281 0.0258 
        D978  2 0.1578 0.0975 0.2218 0.0498 0.0205 0.0279 0.0766 0.0174 0.2765 0.0307 0.0235 
        D211  3 0.0335 0.0383 0.2633 0.0213 0.0533 0.0215 0.0150 0.0148 0.0667 0.0255 0.4467 
     D229639  3 0.5508 0.0596 0.0340 0.0412 0.0623 0.0919 0.0374 0.0337 0.0371 0.0238 0.0281 
     D237212  3 0.2101 0.0837 0.1154 0.0425 0.0688 0.0272 0.0484 0.0480 0.1020 0.1968 0.0572 
     D237213  3 0.0355 0.0597 0.1062 0.0452 0.0249 0.0159 0.0229 0.1112 0.4625 0.0651 0.0508 
     D237214  3 0.0106 0.0300 0.0219 0.0145 0.0198 0.0207 0.0123 0.0158 0.0131 0.0134 0.8278 
     D237215  3 0.1154 0.0580 0.0173 0.2308 0.0144 0.0867 0.3756 0.0232 0.0471 0.0165 0.0150 
     D237216  3 0.0346 0.5560 0.0986 0.0228 0.0448 0.0215 0.0276 0.0253 0.0681 0.0356 0.0651 
     D237217  3 0.0609 0.3171 0.1614 0.0190 0.0722 0.0173 0.0324 0.0657 0.0335 0.0264 0.1941 
     D237218  3 0.1940 0.0780 0.2864 0.0166 0.0387 0.0625 0.0503 0.0181 0.0500 0.1704 0.0350 
     D237219  3 0.1085 0.0754 0.0883 0.0273 0.0261 0.0822 0.0195 0.1306 0.3638 0.0169 0.0615 
     D237382  3 0.0369 0.0652 0.1853 0.2172 0.0713 0.1011 0.0573 0.1532 0.0454 0.0303 0.0368 
     D244127  3 0.0860 0.0711 0.0532 0.0437 0.0182 0.0224 0.0615 0.5006 0.0666 0.0304 0.0462 
     D244129  3 0.0805 0.1464 0.0828 0.0401 0.0798 0.0473 0.0700 0.2067 0.0717 0.0856 0.0891 
     D244133  3 0.0247 0.0364 0.0255 0.0301 0.0465 0.0576 0.0744 0.0216 0.6474 0.0107 0.0251 
     D244134  3 0.3521 0.0529 0.0303 0.0168 0.0279 0.1873 0.0300 0.0514 0.1945 0.0274 0.0295 
     D244135  3 0.0213 0.0354 0.0395 0.0193 0.0316 0.0150 0.0508 0.0238 0.0715 0.0202 0.6716 
     D244136  3 0.0540 0.0690 0.0393 0.0625 0.1349 0.1192 0.0818 0.0357 0.3329 0.0294 0.0414 
        D416  3 0.0505 0.1264 0.1241 0.0208 0.0902 0.0351 0.1460 0.0405 0.2347 0.0473 0.0844 
        D417  3 0.0172 0.0352 0.2649 0.0265 0.5078 0.0258 0.0173 0.0367 0.0262 0.0237 0.0188 
        D419  3 0.1975 0.1049 0.1217 0.0299 0.0817 0.0556 0.0491 0.1079 0.1833 0.0302 0.0382 
        D565  3 0.0486 0.0303 0.0155 0.0243 0.0430 0.6992 0.0161 0.0206 0.0684 0.0148 0.0193 
        D566  3 0.2793 0.0823 0.0231 0.0548 0.0601 0.2112 0.0491 0.0638 0.1279 0.0204 0.0281 
        D567  3 0.0258 0.0631 0.0427 0.0439 0.4947 0.0254 0.0363 0.0967 0.0490 0.0623 0.0601 
        D568  3 0.0898 0.1267 0.1213 0.0412 0.0876 0.0170 0.1280 0.0843 0.0512 0.1552 0.0978 
        D569  3 0.0436 0.0972 0.0326 0.1036 0.0204 0.0412 0.0697 0.0203 0.0356 0.4468 0.0889 
        D573  3 0.4985 0.0516 0.0245 0.0233 0.1603 0.0252 0.1021 0.0288 0.0327 0.0333 0.0198 
        D574  3 0.0830 0.0937 0.0715 0.1155 0.0293 0.2940 0.0412 0.0729 0.1236 0.0402 0.0351 
        D575  3 0.0346 0.0251 0.0203 0.0148 0.0294 0.0418 0.0310 0.0424 0.7063 0.0163 0.0381 
        D576  3 0.0624 0.0474 0.0248 0.1656 0.0087 0.0248 0.4619 0.0141 0.1357 0.0172 0.0374 
        D577  3 0.0410 0.0547 0.0842 0.0604 0.4101 0.0330 0.0190 0.0233 0.1604 0.0437 0.0701 
        D578  3 0.0157 0.0283 0.0214 0.0160 0.0122 0.0141 0.0203 0.0287 0.0154 0.0132 0.8147 
        D579  3 0.1494 0.0835 0.0757 0.0350 0.1646 0.1235 0.0665 0.0498 0.1007 0.1088 0.0425 
        D660  3 0.0299 0.0616 0.0405 0.0290 0.0156 0.0174 0.5737 0.0388 0.1351 0.0275 0.0309 
        D661  3 0.1077 0.0755 0.5025 0.0231 0.0198 0.0188 0.0938 0.0228 0.0311 0.0609 0.0439 
        D663  3 0.5188 0.1295 0.0350 0.0721 0.0492 0.0183 0.0537 0.0176 0.0447 0.0301 0.0310 
        D664  3 0.0415 0.1010 0.1156 0.0472 0.0150 0.0534 0.1512 0.0740 0.2872 0.0217 0.0921 
        D665  3 0.0452 0.2359 0.0617 0.0992 0.0163 0.0126 0.0297 0.0669 0.2106 0.0840 0.1378 
        D666  3 0.0321 0.0434 0.0477 0.0137 0.0384 0.0536 0.0234 0.1184 0.5757 0.0222 0.0315 
        D009  4 0.0306 0.1546 0.1641 0.0680 0.1256 0.0260 0.0272 0.0804 0.0339 0.1221 0.1675 
        D057  4 0.0963 0.0361 0.0379 0.0291 0.0265 0.0236 0.1064 0.0206 0.0110 0.4236 0.1889 
        D109  4 0.0324 0.1471 0.0804 0.0355 0.0328 0.0432 0.0198 0.4114 0.1190 0.0305 0.0479 
     D237222  4 0.0342 0.0498 0.0328 0.1244 0.0302 0.1150 0.0261 0.0307 0.0160 0.0302 0.5107 
     D237223  4 0.0690 0.1409 0.2855 0.0457 0.0331 0.1216 0.0508 0.0978 0.0256 0.0569 0.0730 
     D237224  4 0.2092 0.0864 0.0501 0.0329 0.0931 0.0269 0.1378 0.0358 0.0914 0.1843 0.0521 
     D237225  4 0.0644 0.2577 0.1793 0.0578 0.0961 0.0382 0.0312 0.0455 0.0591 0.0791 0.0916 
     D237299  4 0.0565 0.0520 0.7015 0.0283 0.0137 0.0349 0.0162 0.0430 0.0241 0.0166 0.0132 
     D237300  4 0.5602 0.0657 0.0521 0.0202 0.0175 0.0339 0.0385 0.0199 0.1483 0.0259 0.0178 
     D237306  4 0.0420 0.0555 0.1251 0.1389 0.0657 0.3574 0.0242 0.1105 0.0166 0.0395 0.0247 
     D237307  4 0.0642 0.0702 0.0626 0.0894 0.2914 0.1006 0.0397 0.0279 0.1863 0.0186 0.0492 
     D237308  4 0.0451 0.0796 0.0247 0.0385 0.0288 0.0629 0.3996 0.0974 0.0353 0.1458 0.0423 
     D237309  4 0.0660 0.1984 0.1302 0.0927 0.1350 0.0222 0.0370 0.0542 0.0397 0.1219 0.1027 
     D237317  4 0.0611 0.2065 0.0251 0.0783 0.1180 0.2627 0.0244 0.0413 0.0716 0.0458 0.0653 
     D237318  4 0.7107 0.0289 0.0300 0.0275 0.0339 0.0206 0.0452 0.0198 0.0551 0.0144 0.0141 
     D237319  4 0.0674 0.1490 0.2322 0.1176 0.0430 0.0406 0.0473 0.1263 0.0670 0.0351 0.0745 
     D237320  4 0.0935 0.0642 0.4629 0.0208 0.0458 0.0226 0.0715 0.0914 0.0315 0.0219 0.0740 
     D237321  4 0.4501 0.0724 0.0624 0.0434 0.0642 0.0449 0.0765 0.0491 0.0800 0.0236 0.0335 
     D237397  4 0.1369 0.1064 0.2574 0.0677 0.0535 0.1184 0.0724 0.0585 0.0555 0.0285 0.0448 
     D237398  4 0.5203 0.0876 0.1143 0.0215 0.0575 0.0163 0.0330 0.0185 0.0475 0.0593 0.0240 
     D237399  4 0.2738 0.0560 0.0984 0.0575 0.0592 0.2014 0.0349 0.0487 0.0284 0.0412 0.1003 
     D244001  4 0.0265 0.1011 0.0679 0.2226 0.0356 0.0224 0.1315 0.0447 0.0223 0.0742 0.2513 
        D289  4 0.1179 0.0719 0.0764 0.0249 0.0557 0.2469 0.0716 0.0368 0.0249 0.2153 0.0576 
        D290  4 0.1149 0.1071 0.0842 0.4149 0.0792 0.0288 0.0236 0.0328 0.0197 0.0400 0.0547 
        D294  4 0.0432 0.1732 0.2372 0.0781 0.0684 0.0391 0.0234 0.0187 0.0347 0.2431 0.0410 
        D295  4 0.0673 0.0852 0.1378 0.0670 0.1973 0.0463 0.0221 0.1618 0.1007 0.0778 0.0367 
        D301  4 0.1102 0.0723 0.0412 0.1589 0.0165 0.0547 0.0365 0.0655 0.0487 0.0272 0.3684 
        D302  4 0.0202 0.0352 0.0264 0.0544 0.0326 0.0138 0.0124 0.0157 0.0382 0.7169 0.0343 
        D303  4 0.0304 0.0539 0.0488 0.0578 0.0294 0.4638 0.0654 0.1036 0.0424 0.0805 0.0240 
        D304  4 0.1659 0.1780 0.0653 0.2706 0.0829 0.0633 0.0270 0.0214 0.0541 0.0290 0.0427 
        D305  4 0.0493 0.3299 0.0223 0.0539 0.0128 0.0112 0.0967 0.0357 0.0275 0.3260 0.0347 
        D306  4 0.0316 0.3054 0.0502 0.3823 0.0390 0.0362 0.0212 0.0450 0.0174 0.0292 0.0425 
        D307  4 0.0475 0.0353 0.0362 0.0274 0.0154 0.0848 0.0245 0.0317 0.0327 0.0447 0.6198 
        D327  4 0.0373 0.0552 0.0538 0.0520 0.5198 0.0621 0.0443 0.0210 0.0857 0.0419 0.0270 
        D328  4 0.0378 0.0648 0.0573 0.2484 0.0203 0.1107 0.0246 0.0786 0.0699 0.2643 0.0233 
        D329  4 0.0881 0.1481 0.1130 0.0565 0.0559 0.0457 0.1173 0.0759 0.0250 0.2088 0.0656 
        D330  4 0.0188 0.1028 0.1053 0.0876 0.1963 0.0158 0.0582 0.2169 0.0400 0.0800 0.0782 
        D331  4 0.1858 0.1132 0.0556 0.1912 0.1364 0.0755 0.0341 0.0602 0.0712 0.0291 0.0476 
        D333  4 0.0868 0.0781 0.1293 0.1550 0.0730 0.0591 0.0650 0.0582 0.0473 0.1940 0.0543 
        D334  4 0.0399 0.0504 0.1048 0.0344 0.0491 0.5072 0.0169 0.0229 0.0428 0.0403 0.0914 
        D335  4 0.0317 0.0590 0.0167 0.1250 0.0786 0.0252 0.0469 0.0463 0.0412 0.5011 0.0283 
        D370  4 0.0248 0.0493 0.0242 0.5606 0.0321 0.0323 0.0329 0.1173 0.0680 0.0341 0.0244 
        D371  4 0.0202 0.0281 0.0223 0.0546 0.1609 0.5292 0.0378 0.0324 0.0762 0.0244 0.0140 
        D372  4 0.5178 0.1090 0.0497 0.1616 0.0116 0.0275 0.0508 0.0146 0.0293 0.0142 0.0139 
        D373  4 0.0756 0.0589 0.0356 0.0226 0.0316 0.0275 0.0639 0.0241 0.0652 0.0502 0.5448 
        D455  4 0.0622 0.0386 0.0240 0.0229 0.0321 0.0213 0.0255 0.0262 0.0185 0.0741 0.6546 
        D490  4 0.0159 0.0316 0.0675 0.0232 0.0209 0.0229 0.0130 0.0215 0.0183 0.0214 0.7436 
        D497  4 0.0297 0.0534 0.0866 0.0285 0.0126 0.0171 0.0156 0.0375 0.0458 0.0711 0.6020 
        D498  4 0.1061 0.1157 0.0466 0.3605 0.0474 0.0575 0.0311 0.1222 0.0557 0.0217 0.0356 
        D499  4 0.0742 0.1300 0.1476 0.0373 0.0195 0.0856 0.1378 0.0584 0.1793 0.1161 0.0141 
        D514  4 0.0526 0.0899 0.0784 0.2043 0.2125 0.0163 0.0280 0.0469 0.1117 0.1160 0.0432 
        D515  4 0.0158 0.0392 0.6326 0.0750 0.0352 0.0242 0.0244 0.0447 0.0259 0.0425 0.0403 
        D516  4 0.0646 0.0788 0.0860 0.0465 0.0867 0.0362 0.0598 0.1643 0.3064 0.0252 0.0455 
        D517  4 0.0507 0.1847 0.0729 0.0251 0.0726 0.0184 0.0244 0.0479 0.0155 0.0302 0.4576 
        D518  4 0.0235 0.0449 0.0280 0.0691 0.0195 0.0556 0.0356 0.0229 0.0192 0.5558 0.1261 
        D519  4 0.0463 0.0391 0.7170 0.0141 0.0287 0.0245 0.0221 0.0314 0.0257 0.0167 0.0343 
        D560  4 0.0340 0.0372 0.6972 0.0244 0.0629 0.0134 0.0426 0.0236 0.0172 0.0290 0.0185 
        D561  4 0.0358 0.2271 0.1892 0.0339 0.0921 0.0146 0.0634 0.0978 0.0255 0.0856 0.1351 
        D562  4 0.0531 0.1438 0.0713 0.1255 0.0492 0.0431 0.0552 0.0371 0.0373 0.0879 0.2967 
        D563  4 0.0496 0.1177 0.0712 0.0334 0.0193 0.0191 0.3635 0.0375 0.0917 0.1390 0.0581 
        D572  4 0.0207 0.0407 0.0417 0.0497 0.0404 0.0247 0.0240 0.0184 0.0177 0.6563 0.0659 
        D629  4 0.0394 0.0573 0.0460 0.0200 0.1381 0.0204 0.0217 0.0228 0.3274 0.0644 0.2426 
        D630  4 0.0828 0.0911 0.2028 0.1562 0.0707 0.0438 0.0276 0.0299 0.0286 0.0775 0.1891 
        D631  4 0.0389 0.0516 0.0783 0.0257 0.0172 0.0203 0.0615 0.0179 0.0180 0.6395 0.0311 
        D632  4 0.0164 0.0724 0.0325 0.0333 0.0504 0.0186 0.1598 0.1131 0.0623 0.2524 0.1888 
        D646  4 0.0397 0.1031 0.3195 0.0309 0.1549 0.0217 0.0512 0.1880 0.0195 0.0357 0.0357 
        D647  4 0.0611 0.0862 0.1204 0.0937 0.2756 0.0154 0.0598 0.1252 0.0220 0.0709 0.0696 
        D648  4 0.0166 0.0273 0.0353 0.4950 0.0189 0.0386 0.0215 0.0175 0.0653 0.2439 0.0200 
        D649  4 0.0274 0.0492 0.0533 0.0197 0.1748 0.0225 0.0194 0.3506 0.0699 0.1734 0.0396 
        D650  4 0.0646 0.0745 0.2051 0.0458 0.1267 0.0972 0.0229 0.0873 0.0957 0.0993 0.0809 
        D708  4 0.0664 0.1350 0.1462 0.0497 0.0326 0.1406 0.0291 0.0347 0.1405 0.1869 0.0384 
        D709  4 0.0268 0.1093 0.0247 0.3742 0.0194 0.0265 0.0298 0.2743 0.0641 0.0359 0.0149 
        D738  4 0.0531 0.0551 0.0946 0.0568 0.0840 0.3874 0.0163 0.1419 0.0216 0.0271 0.0620 
        D739  4 0.0477 0.1121 0.1445 0.1489 0.0253 0.0305 0.0284 0.0406 0.0436 0.0480 0.3304 
        D740  4 0.0680 0.2261 0.2018 0.0256 0.0220 0.1300 0.0617 0.0780 0.0540 0.0770 0.0558 
        D741  4 0.0566 0.1598 0.4587 0.0252 0.0851 0.0140 0.0466 0.0553 0.0397 0.0264 0.0324 
        D742  4 0.1537 0.0942 0.2314 0.0370 0.0334 0.0893 0.1661 0.0360 0.0375 0.0604 0.0611 
        D743  4 0.0404 0.0359 0.0344 0.0226 0.3287 0.0203 0.0461 0.0170 0.0451 0.3824 0.0271 
        D744  4 0.0213 0.0227 0.0307 0.0141 0.0178 0.0172 0.0297 0.0207 0.0267 0.7797 0.0195 
        D745  4 0.0188 0.0286 0.7621 0.0166 0.0225 0.0224 0.0142 0.0320 0.0299 0.0196 0.0331 
        D814  4 0.0430 0.1923 0.2109 0.0746 0.0392 0.0200 0.2482 0.0119 0.0273 0.0531 0.0795 
        D815  4 0.0558 0.0693 0.0363 0.1823 0.0950 0.0277 0.0304 0.0817 0.0400 0.3561 0.0254 
        D828  4 0.0470 0.0533 0.0588 0.6085 0.0103 0.0459 0.0395 0.0220 0.0334 0.0572 0.0241 
        D845  4 0.8019 0.0157 0.0166 0.0143 0.0178 0.0389 0.0223 0.0145 0.0226 0.0203 0.0150 
        D846  4 0.0505 0.1154 0.0303 0.0543 0.0705 0.0118 0.1491 0.0219 0.0502 0.3017 0.1444 
        D847  4 0.0960 0.0865 0.1752 0.0341 0.0771 0.0897 0.0415 0.0355 0.0284 0.0418 0.2943 
        D848  4 0.1875 0.0289 0.0169 0.0299 0.0155 0.0200 0.0470 0.0212 0.0188 0.0358 0.5785 
        D849  4 0.0324 0.1294 0.2573 0.0836 0.0304 0.0211 0.0406 0.0494 0.0606 0.0515 0.2437 
        D850  4 0.1774 0.1887 0.0710 0.0244 0.0740 0.0754 0.0370 0.0469 0.0578 0.0548 0.1926 
        D856  4 0.0370 0.1760 0.2203 0.1016 0.0414 0.0433 0.0240 0.2133 0.0581 0.0507 0.0345 
        D857  4 0.0165 0.0438 0.0351 0.2013 0.0093 0.0263 0.0737 0.5303 0.0135 0.0168 0.0333 
        D859  4 0.0808 0.0627 0.1189 0.0465 0.0680 0.0293 0.0339 0.0290 0.0202 0.4873 0.0233 
        D860  4 0.1493 0.0689 0.0168 0.0307 0.0725 0.4391 0.0725 0.0249 0.0265 0.0688 0.0299 
        D883  4 0.0638 0.0581 0.0694 0.1182 0.2085 0.0569 0.0314 0.0912 0.1079 0.0623 0.1323 
        D884  4 0.0352 0.0640 0.3572 0.0815 0.0520 0.0622 0.0149 0.1928 0.0666 0.0441 0.0296 
        D885  4 0.1133 0.1461 0.3290 0.0147 0.0906 0.0308 0.0715 0.0286 0.0904 0.0500 0.0351 
        D886  4 0.0381 0.0724 0.0815 0.2403 0.1222 0.0236 0.0479 0.1491 0.0232 0.0571 0.1444 
        D887  4 0.2233 0.1050 0.1769 0.0693 0.0971 0.0449 0.0822 0.0428 0.0220 0.0928 0.0436 
        D889  4 0.5889 0.0429 0.0485 0.1605 0.0303 0.0167 0.0100 0.0161 0.0209 0.0473 0.0179 
        D890  4 0.0339 0.0618 0.0323 0.1242 0.0299 0.0563 0.0591 0.0598 0.4404 0.0634 0.0389 
        D891  4 0.8737 0.0149 0.0128 0.0098 0.0128 0.0110 0.0121 0.0093 0.0210 0.0122 0.0104 
        D899  4 0.1680 0.0899 0.0478 0.0899 0.0319 0.0831 0.3024 0.0308 0.0440 0.0808 0.0314 
        D900  4 0.0719 0.1218 0.1099 0.1059 0.1058 0.0596 0.0647 0.0672 0.0463 0.1377 0.1093 
        D970  4 0.1016 0.1207 0.0576 0.0257 0.1157 0.0478 0.0568 0.0420 0.0633 0.2905 0.0783 
        D971  4 0.0258 0.1048 0.0239 0.0648 0.0330 0.0563 0.3662 0.0705 0.0519 0.1676 0.0354 
        D979  4 0.0398 0.0631 0.0306 0.1110 0.1551 0.0348 0.0400 0.0346 0.1220 0.3367 0.0321 
        D093  5 0.0587 0.0335 0.0585 0.0438 0.0485 0.6338 0.0230 0.0270 0.0300 0.0222 0.0210 
        D154  5 0.0743 0.1150 0.1887 0.0634 0.0200 0.0256 0.0822 0.0241 0.3583 0.0315 0.0170 
        D168  5 0.0819 0.1210 0.0917 0.0483 0.0560 0.0169 0.1698 0.0460 0.2732 0.0288 0.0664 
        D189  5 0.1976 0.0665 0.0955 0.2129 0.0372 0.2470 0.0291 0.0296 0.0307 0.0322 0.0216 
        D190  5 0.0342 0.0319 0.0390 0.0509 0.0277 0.4356 0.0249 0.0382 0.2441 0.0601 0.0133 
     D237220  5 0.1629 0.1228 0.1428 0.0361 0.0257 0.1313 0.0241 0.1046 0.0228 0.0585 0.1685 
     D237221  5 0.1638 0.0651 0.0882 0.0357 0.0489 0.1910 0.0956 0.0639 0.1544 0.0579 0.0356 
     D237274  5 0.0225 0.0728 0.0286 0.0798 0.2612 0.0139 0.0666 0.1389 0.0360 0.2564 0.0233 
     D237275  5 0.1122 0.0639 0.0427 0.2324 0.0174 0.0298 0.3811 0.0407 0.0480 0.0140 0.0177 
     D237276  5 0.0405 0.0780 0.2686 0.0882 0.0774 0.1390 0.0344 0.1083 0.0825 0.0434 0.0396 
     D237277  5 0.0909 0.0382 0.0378 0.0291 0.0185 0.3839 0.0471 0.0352 0.2615 0.0434 0.0143 
     D237278  5 0.0368 0.0908 0.1146 0.0358 0.0754 0.1532 0.2703 0.0671 0.0297 0.0674 0.0589 
     D237279  5 0.0310 0.2328 0.0390 0.0146 0.0400 0.0207 0.0191 0.2612 0.1489 0.0960 0.0966 
     D237280  5 0.0289 0.1407 0.0385 0.0416 0.0947 0.0704 0.0320 0.2413 0.1560 0.0591 0.0969 
     D237281  5 0.5287 0.0828 0.0392 0.0288 0.0454 0.0284 0.1431 0.0203 0.0282 0.0402 0.0150 
     D237351  5 0.0249 0.0264 0.0623 0.0137 0.0177 0.0416 0.0189 0.4688 0.2851 0.0211 0.0194 
     D237352  5 0.0293 0.0535 0.0217 0.0751 0.0401 0.0512 0.0688 0.0493 0.1605 0.1606 0.2900 
     D237353  5 0.0397 0.0306 0.0183 0.0273 0.0163 0.4990 0.0213 0.0619 0.2355 0.0376 0.0126 
     D237359  5 0.2355 0.1251 0.2867 0.0326 0.0395 0.0505 0.0235 0.0270 0.0428 0.0376 0.0991 
     D237361  5 0.0313 0.0288 0.0235 0.0324 0.0188 0.7453 0.0219 0.0383 0.0281 0.0162 0.0152 
     D237362  5 0.0198 0.0223 0.0204 0.0177 0.0254 0.0198 0.0191 0.0159 0.8064 0.0193 0.0140 
     D237363  5 0.0456 0.4500 0.0554 0.0505 0.0258 0.0372 0.0900 0.0331 0.1681 0.0213 0.0230 
     D237364  5 0.0556 0.0690 0.4851 0.0462 0.0544 0.0120 0.0681 0.0440 0.0374 0.0681 0.0602 
     D237376  5 0.0216 0.0345 0.0378 0.6868 0.0119 0.0520 0.0222 0.0271 0.0304 0.0634 0.0122 
     D237377  5 0.0303 0.0964 0.0181 0.0181 0.0675 0.1024 0.0432 0.2771 0.2684 0.0484 0.0300 
     D237378  5 0.0909 0.0725 0.0779 0.1309 0.0219 0.3707 0.0560 0.0238 0.0641 0.0575 0.0337 
     D237379  5 0.0571 0.1266 0.1385 0.1144 0.0321 0.2078 0.0412 0.0309 0.0437 0.1625 0.0451 
     D237380  5 0.0191 0.0552 0.0392 0.2662 0.0189 0.0319 0.0167 0.4516 0.0180 0.0592 0.0241 
     D237381  5 0.0480 0.0923 0.0286 0.1262 0.0282 0.0546 0.0605 0.2824 0.0395 0.0991 0.1406 
     D237391  5 0.0482 0.0278 0.0378 0.0127 0.0252 0.7084 0.0171 0.0300 0.0525 0.0202 0.0199 
     D237392  5 0.0344 0.0807 0.0407 0.1038 0.2040 0.0222 0.2086 0.1251 0.0754 0.0823 0.0227 
     D237393  5 0.0570 0.0616 0.0298 0.1004 0.3725 0.1294 0.0383 0.0837 0.0316 0.0449 0.0509 
