        D174  1 0.7652 0.0553 0.1795 
        D199  1 0.5638 0.3281 0.1081 
        D203  1 0.3753 0.4103 0.2144 
        D204  1 0.7329 0.1390 0.1281 
     D237366  1 0.1958 0.2411 0.5632 
     D237367  1 0.2062 0.1424 0.6514 
     D237368  1 0.2672 0.1675 0.5653 
     D244101  1 0.3109 0.5863 0.1028 
     D244102  1 0.4645 0.2126 0.3229 
     D244103  1 0.2139 0.0683 0.7177 
     D244104  1 0.6789 0.1833 0.1378 
     D244105  1 0.0436 0.0477 0.9087 
     D244106  1 0.5927 0.3081 0.0992 
     D244107  1 0.0346 0.0711 0.8944 
     D244108  1 0.7586 0.0910 0.1504 
     D244113  1 0.8524 0.1043 0.0432 
     D244114  1 0.2442 0.4455 0.3103 
     D244115  1 0.6074 0.0949 0.2977 
     D267365  1 0.8365 0.0888 0.0747 
        D404  1 0.7729 0.1437 0.0834 
        D405  1 0.5750 0.2554 0.1696 
        D406  1 0.1171 0.0387 0.8442 
        D407  1 0.1554 0.1263 0.7183 
        D408  1 0.6893 0.2053 0.1054 
        D409  1 0.1173 0.0972 0.7855 
        D410  1 0.0926 0.0242 0.8832 
        D421  1 0.5637 0.1951 0.2412 
        D422  1 0.0251 0.0245 0.9504 
        D423  1 0.0292 0.0260 0.9448 
        D424  1 0.3214 0.0322 0.6465 
        D425  1 0.8573 0.0570 0.0856 
        D426  1 0.0612 0.1693 0.7695 
        D427  1 0.1886 0.7370 0.0743 
        D428  1 0.5770 0.1385 0.2844 
        D429  1 0.7028 0.1105 0.1867 
        D430  1 0.3205 0.4039 0.2756 
        D491  1 0.9115 0.0300 0.0585 
        D492  1 0.5592 0.1120 0.3289 
        D537  1 0.6148 0.0467 0.3386 
        D538  1 0.4485 0.1960 0.3555 
        D539  1 0.3951 0.3765 0.2284 
        D540  1 0.4768 0.0875 0.4357 
        D541  1 0.6342 0.1159 0.2498 
        D551  1 0.0699 0.6185 0.3116 
        D552  1 0.5998 0.1261 0.2741 
        D553  1 0.5930 0.0631 0.3439 
        D615  1 0.4912 0.2291 0.2797 
        D616  1 0.2995 0.2418 0.4587 
        D621  1 0.2319 0.1116 0.6565 
        D622  1 0.0742 0.0658 0.8600 
        D623  1 0.5564 0.3791 0.0645 
        D624  1 0.8527 0.0580 0.0893 
        D625  1 0.7557 0.0389 0.2053 
        D626  1 0.5790 0.1504 0.2706 
        D627  1 0.1001 0.1532 0.7467 
        D690  1 0.7702 0.0324 0.1974 
        D691  1 0.0981 0.0618 0.8401 
        D710  1 0.6439 0.1745 0.1817 
        D711  1 0.6827 0.0992 0.2181 
        D712  1 0.8315 0.1039 0.0646 
        D713  1 0.8153 0.0509 0.1339 
        D746  1 0.0528 0.0523 0.8950 
        D747  1 0.6563 0.1780 0.1657 
        D748  1 0.3060 0.0641 0.6299 
        D749  1 0.1643 0.2247 0.6111 
        D750  1 0.8213 0.0512 0.1275 
        D763  1 0.1448 0.5999 0.2553 
        D764  1 0.8029 0.0285 0.1686 
        D765  1 0.2419 0.0443 0.7138 
        D766  1 0.3224 0.0461 0.6315 
        D767  1 0.3554 0.2824 0.3622 
        D768  1 0.4359 0.0940 0.4702 
        D811  1 0.6610 0.1212 0.2178 
        D816  1 0.8176 0.0419 0.1405 
        D825  1 0.6844 0.0537 0.2619 
        D866  1 0.3231 0.5608 0.1161 
        D867  1 0.0500 0.0486 0.9014 
        D871  1 0.1813 0.0727 0.7461 
        D872  1 0.6502 0.1021 0.2477 
        D873  1 0.0287 0.0210 0.9503 
        D874  1 0.8519 0.1142 0.0339 
        D875  1 0.0631 0.0332 0.9037 
        D876  1 0.8402 0.0596 0.1002 
        D877  1 0.9172 0.0486 0.0342 
        D892  1 0.6926 0.0454 0.2620 
        D893  1 0.3482 0.2037 0.4481 
        D894  1 0.5868 0.1323 0.2809 
        D915  1 0.5545 0.0674 0.3781 
        D916  1 0.7187 0.0596 0.2217 
        D917  1 0.8037 0.1293 0.0670 
        D925  1 0.2682 0.0372 0.6945 
        D926  1 0.5976 0.0671 0.3353 
        D927  1 0.3439 0.5118 0.1443 
        D928  1 0.9534 0.0193 0.0273 
        D929  1 0.5738 0.1786 0.2476 
        D936  1 0.5174 0.3430 0.1396 
        D938  1 0.0449 0.0303 0.9249 
        D956  1 0.7333 0.1505 0.1162 
        D957  1 0.5275 0.0962 0.3763 
        D958  1 0.7955 0.0359 0.1685 
        D959  1 0.0953 0.0793 0.8253 
        D960  1 0.0861 0.0360 0.8779 
        D989  1 0.5977 0.3387 0.0637 
        D990  1 0.0362 0.0999 0.8639 
        D023  2 0.0962 0.0511 0.8527 
        D130  2 0.0563 0.0505 0.8932 
        D131  2 0.2642 0.2013 0.5346 
        D163  2 0.0518 0.0410 0.9072 
        D164  2 0.0295 0.5046 0.4659 
        D165  2 0.0515 0.0736 0.8749 
        D166  2 0.1843 0.3692 0.4465 
        D167  2 0.0356 0.9338 0.0305 
        D192  2 0.0213 0.9548 0.0239 
        D193  2 0.6640 0.1259 0.2101 
        D206  2 0.2040 0.2539 0.5421 
        D207  2 0.0980 0.7997 0.1023 
        D208  2 0.3213 0.5748 0.1039 
        D209  2 0.0783 0.6242 0.2975 
        D210  2 0.4783 0.4524 0.0693 
     D229599  2 0.4541 0.2901 0.2558 
     D229600  2 0.0537 0.4252 0.5211 
     D237227  2 0.3864 0.2730 0.3406 
     D237228  2 0.2331 0.2804 0.4865 
     D237258  2 0.2878 0.4210 0.2911 
     D237310  2 0.0801 0.1762 0.7436 
     D237311  2 0.0687 0.3289 0.6024 
     D237312  2 0.2877 0.0919 0.6204 
     D237313  2 0.6336 0.1253 0.2411 
     D237322  2 0.1840 0.6066 0.2094 
     D237323  2 0.1754 0.1420 0.6826 
     D237324  2 0.0415 0.4298 0.5287 
     D237325  2 0.2867 0.1570 0.5563 
     D237326  2 0.3566 0.0597 0.5837 
     D237327  2 0.1148 0.7322 0.1531 
     D237337  2 0.1920 0.0393 0.7687 
     D237338  2 0.2090 0.2519 0.5391 
     D237339  2 0.2466 0.6520 0.1014 
     D237340  2 0.2312 0.4671 0.3017 
     D237389  2 0.0736 0.0954 0.8310 
     D237390  2 0.4024 0.1104 0.4872 
     D244017  2 0.4377 0.4492 0.1131 
     D244112  2 0.0296 0.8492 0.1213 
     D244118  2 0.0356 0.7692 0.1951 
     D244119  2 0.3978 0.5548 0.0474 
     D244120  2 0.0975 0.7968 0.1057 
     D244122  2 0.0794 0.8423 0.0782 
        D291  2 0.0965 0.6558 0.2477 
        D292  2 0.2742 0.6513 0.0744 
        D293  2 0.0755 0.8880 0.0365 
        D322  2 0.1583 0.7573 0.0844 
        D323  2 0.4008 0.4106 0.1886 
        D324  2 0.2931 0.4020 0.3050 
        D325  2 0.0230 0.8720 0.1050 
        D326  2 0.7637 0.1247 0.1116 
        D340  2 0.0228 0.9381 0.0391 
        D341  2 0.0392 0.9218 0.0391 
        D342  2 0.0572 0.6406 0.3022 
        D343  2 0.0143 0.9650 0.0207 
        D344  2 0.5325 0.1738 0.2936 
        D345  2 0.4238 0.1485 0.4277 
        D346  2 0.6121 0.2788 0.1091 
        D351  2 0.2495 0.3713 0.3792 
        D352  2 0.3533 0.3391 0.3076 
        D353  2 0.4227 0.2722 0.3050 
        D354  2 0.7855 0.0585 0.1560 
        D362  2 0.7023 0.0630 0.2347 
        D363  2 0.8050 0.0602 0.1349 
        D364  2 0.7262 0.0868 0.1870 
        D365  2 0.0271 0.9496 0.0233 
        D369  2 0.4055 0.3553 0.2392 
        D374  2 0.8746 0.0546 0.0708 
        D375  2 0.4742 0.1391 0.3867 
        D376  2 0.8150 0.0816 0.1033 
        D377  2 0.4037 0.1888 0.4075 
        D378  2 0.2055 0.6740 0.1205 
        D379  2 0.8051 0.0556 0.1393 
        D384  2 0.8834 0.0446 0.0720 
        D385  2 0.0362 0.9344 0.0294 
        D386  2 0.4026 0.3109 0.2865 
        D391  2 0.0382 0.9305 0.0314 
        D392  2 0.1221 0.7818 0.0961 
        D393  2 0.2589 0.5625 0.1786 
        D394  2 0.2443 0.2540 0.5017 
        D395  2 0.0942 0.7967 0.1091 
        D401  2 0.0462 0.0413 0.9126 
        D402  2 0.0265 0.9523 0.0213 
        D403  2 0.3872 0.0952 0.5176 
        D415  2 0.2390 0.0536 0.7074 
        D435  2 0.1174 0.5876 0.2951 
        D436  2 0.6612 0.1342 0.2046 
        D438  2 0.0252 0.9390 0.0358 
        D439  2 0.1862 0.3508 0.4630 
        D449  2 0.0615 0.5705 0.3681 
        D450  2 0.7320 0.0812 0.1868 
        D456  2 0.6414 0.0463 0.3123 
        D462  2 0.0293 0.9415 0.0292 
        D463  2 0.8878 0.0322 0.0800 
        D464  2 0.4756 0.3508 0.1736 
        D465  2 0.1021 0.5278 0.3701 
        D473  2 0.6523 0.1514 0.1962 
        D474  2 0.4184 0.3781 0.2035 
        D476  2 0.0540 0.3360 0.6100 
        D477  2 0.5678 0.2196 0.2125 
        D478  2 0.4863 0.1350 0.3787 
        D480  2 0.4448 0.4967 0.0585 
        D481  2 0.5493 0.2343 0.2165 
        D482  2 0.1818 0.6081 0.2102 
        D483  2 0.0510 0.9132 0.0358 
        D484  2 0.2369 0.6144 0.1487 
        D510  2 0.7621 0.1786 0.0593 
        D511  2 0.2399 0.6036 0.1565 
        D512  2 0.0374 0.2109 0.7517 
        D513  2 0.1488 0.6171 0.2341 
        D635  2 0.3295 0.0767 0.5938 
        D636  2 0.0394 0.0246 0.9360 
        D637  2 0.1801 0.6735 0.1465 
        D658  2 0.1522 0.7908 0.0570 
        D659  2 0.4773 0.1670 0.3557 
        D677  2 0.2509 0.2631 0.4859 
        D678  2 0.0452 0.8426 0.1122 
        D679  2 0.5172 0.3336 0.1492 
        D719  2 0.7173 0.2393 0.0434 
        D720  2 0.8472 0.0666 0.0863 
        D721  2 0.0979 0.2287 0.6734 
        D722  2 0.8091 0.0958 0.0952 
        D734  2 0.4173 0.5437 0.0390 
        D735  2 0.5597 0.2372 0.2031 
        D736  2 0.5534 0.2876 0.1590 
        D737  2 0.0721 0.8289 0.0991 
        D807  2 0.6695 0.2384 0.0920 
        D808  2 0.1567 0.3880 0.4553 
        D817  2 0.7494 0.0840 0.1666 
        D818  2 0.0836 0.6406 0.2758 
        D819  2 0.2768 0.1745 0.5487 
        D820  2 0.7081 0.2228 0.0691 
        D895  2 0.3193 0.1462 0.5345 
        D896  2 0.0691 0.0449 0.8860 
        D897  2 0.0478 0.8239 0.1283 
        D898  2 0.3683 0.2362 0.3955 
        D918  2 0.1612 0.3328 0.5060 
        D919  2 0.2187 0.6000 0.1813 
        D920  2 0.0578 0.0602 0.8820 
        D923  2 0.6824 0.1380 0.1796 
        D930  2 0.7307 0.1046 0.1647 
        D931  2 0.4596 0.4149 0.1255 
        D968  2 0.0251 0.9514 0.0235 
        D969  2 0.3754 0.5235 0.1011 
        D977  2 0.0409 0.7809 0.1783 
        D978  2 0.1358 0.7292 0.1350 
        D211  3 0.1173 0.0932 0.7895 
     D229639  3 0.1773 0.7542 0.0685 
     D237212  3 0.1559 0.5736 0.2705 
     D237213  3 0.2065 0.1612 0.6323 
     D237214  3 0.0914 0.0383 0.8703 
     D237215  3 0.0766 0.8915 0.0318 
     D237216  3 0.0734 0.2154 0.7112 
     D237217  3 0.0723 0.0874 0.8402 
     D237218  3 0.1454 0.6889 0.1658 
     D237219  3 0.1368 0.2730 0.5903 
     D237382  3 0.5525 0.1562 0.2912 
     D244127  3 0.0448 0.1953 0.7599 
     D244129  3 0.2913 0.3088 0.3999 
     D244133  3 0.2865 0.2843 0.4292 
     D244134  3 0.2970 0.5387 0.1643 
     D244135  3 0.0469 0.0944 0.8587 
     D244136  3 0.6728 0.1538 0.1734 
        D416  3 0.0982 0.4946 0.4072 
        D417  3 0.6216 0.0588 0.3195 
        D419  3 0.2229 0.4000 0.3771 
        D565  3 0.9209 0.0450 0.0341 
        D566  3 0.4131 0.4815 0.1054 
        D567  3 0.4558 0.0842 0.4600 
        D568  3 0.1183 0.3764 0.5052 
        D569  3 0.1602 0.5956 0.2441 
        D573  3 0.0621 0.8452 0.0927 
        D574  3 0.6844 0.1227 0.1928 
        D575  3 0.4002 0.2572 0.3426 
        D576  3 0.0303 0.9245 0.0452 
        D577  3 0.6966 0.0840 0.2194 
        D578  3 0.0210 0.0358 0.9432 
        D579  3 0.5245 0.2932 0.1823 
        D660  3 0.0408 0.6303 0.3289 
        D661  3 0.0474 0.8632 0.0894 
        D663  3 0.0824 0.8517 0.0660 
        D664  3 0.1336 0.3868 0.4796 
        D665  3 0.0319 0.2285 0.7396 
        D666  3 0.3093 0.2287 0.4620 
        D009  4 0.1498 0.0841 0.7661 
        D057  4 0.0886 0.7449 0.1665 
        D109  4 0.1265 0.0508 0.8227 
     D237222  4 0.2508 0.0931 0.6561 
     D237223  4 0.1785 0.1914 0.6301 
     D237224  4 0.1855 0.6820 0.1325 
     D237225  4 0.1614 0.1425 0.6962 
     D237299  4 0.0472 0.1270 0.8258 
     D237300  4 0.0726 0.8605 0.0669 
     D237306  4 0.7584 0.0889 0.1527 
     D237307  4 0.6948 0.1454 0.1599 
     D237308  4 0.1719 0.7184 0.1096 
     D237309  4 0.1857 0.1158 0.6984 
     D237317  4 0.8494 0.0481 0.1024 
     D237318  4 0.0455 0.9165 0.0380 
     D237319  4 0.2315 0.2167 0.5518 
     D237320  4 0.1226 0.3903 0.4872 
     D237321  4 0.1065 0.7910 0.1025 
     D237397  4 0.3373 0.3968 0.2659 
     D237398  4 0.0542 0.8026 0.1432 
     D237399  4 0.4861 0.2961 0.2179 
     D244001  4 0.0810 0.1264 0.7926 
        D289  4 0.5544 0.3194 0.1262 
        D290  4 0.3956 0.3971 0.2074 
        D294  4 0.3395 0.4104 0.2502 
        D295  4 0.4846 0.1834 0.3320 
        D301  4 0.0674 0.2177 0.7149 
        D302  4 0.6455 0.1428 0.2118 
        D303  4 0.6236 0.2244 0.1520 
        D304  4 0.5879 0.3122 0.0999 
        D305  4 0.0502 0.4779 0.4719 
        D306  4 0.6184 0.1318 0.2498 
        D307  4 0.0723 0.1290 0.7987 
        D327  4 0.6839 0.1498 0.1664 
        D328  4 0.7015 0.1698 0.1287 
        D329  4 0.1551 0.6212 0.2237 
        D330  4 0.2044 0.0762 0.7194 
        D331  4 0.4761 0.3293 0.1946 
        D333  4 0.4601 0.3629 0.1770 
        D334  4 0.7960 0.0828 0.1212 
        D335  4 0.7263 0.1824 0.0913 
        D370  4 0.7318 0.0886 0.1796 
        D371  4 0.8879 0.0708 0.0414 
        D372  4 0.0594 0.8794 0.0612 
        D373  4 0.0366 0.2008 0.7626 
        D455  4 0.0443 0.1754 0.7803 
        D490  4 0.0382 0.0279 0.9339 
        D497  4 0.0457 0.0501 0.9042 
        D498  4 0.4550 0.3265 0.2185 
        D499  4 0.1540 0.7512 0.0948 
        D514  4 0.3815 0.2098 0.4086 
        D515  4 0.1659 0.1054 0.7287 
        D516  4 0.4509 0.1797 0.3694 
        D517  4 0.0406 0.0962 0.8633 
        D518  4 0.4647 0.2985 0.2368 
        D519  4 0.0584 0.1642 0.7774 
        D560  4 0.0900 0.2641 0.6459 
        D561  4 0.0500 0.0540 0.8960 
        D562  4 0.3055 0.3789 0.3156 
        D563  4 0.0518 0.8084 0.1399 
        D572  4 0.4514 0.3001 0.2485 
        D629  4 0.3342 0.1559 0.5099 
        D630  4 0.4031 0.2368 0.3601 
        D631  4 0.1385 0.7532 0.1083 
        D632  4 0.0817 0.3235 0.5948 
        D646  4 0.1653 0.1600 0.6747 
        D647  4 0.2887 0.2650 0.4463 
        D648  4 0.6009 0.2573 0.1419 
        D649  4 0.3752 0.0989 0.5259 
        D650  4 0.5667 0.1542 0.2792 
        D708  4 0.6168 0.2140 0.1692 
        D709  4 0.6330 0.1591 0.2079 
        D738  4 0.7524 0.0576 0.1900 
        D739  4 0.1391 0.2374 0.6235 
        D740  4 0.1432 0.4857 0.3711 
        D741  4 0.0871 0.3062 0.6067 
        D742  4 0.1305 0.7760 0.0935 
        D743  4 0.5471 0.3356 0.1173 
        D744  4 0.2205 0.5983 0.1812 
        D745  4 0.0557 0.0796 0.8647 
        D814  4 0.0571 0.6536 0.2893 
        D815  4 0.6290 0.2459 0.1251 
        D828  4 0.2888 0.5843 0.1269 
        D845  4 0.0711 0.9006 0.0283 
        D846  4 0.0951 0.5639 0.3410 
        D847  4 0.3518 0.2738 0.3744 
        D848  4 0.0293 0.3963 0.5744 
        D849  4 0.0701 0.0745 0.8553 
        D850  4 0.2866 0.2203 0.4931 
        D856  4 0.2157 0.1961 0.5882 
        D857  4 0.0425 0.0883 0.8692 
        D859  4 0.3665 0.4908 0.1427 
        D860  4 0.6858 0.2691 0.0450 
        D883  4 0.5885 0.1186 0.2930 
        D884  4 0.4585 0.1077 0.4338 
        D885  4 0.0855 0.5460 0.3685 
        D886  4 0.3616 0.2044 0.4340 
        D887  4 0.2052 0.6245 0.1703 
        D889  4 0.2246 0.6903 0.0850 
        D890  4 0.5796 0.1995 0.2209 
        D891  4 0.0226 0.9572 0.0203 
        D899  4 0.1782 0.7777 0.0440 
        D900  4 0.4342 0.2092 0.3565 
        D970  4 0.3824 0.3895 0.2280 
        D971  4 0.2661 0.6399 0.0940 
        D979  4 0.7571 0.1798 0.0631 
        D093  5 0.7250 0.1749 0.1001 
        D154  5 0.1382 0.6972 0.1646 
        D168  5 0.0654 0.5459 0.3887 
        D189  5 0.5143 0.4119 0.0739 
        D190  5 0.8311 0.1250 0.0439 
     D237220  5 0.1565 0.3176 0.5259 
     D237221  5 0.4942 0.4210 0.0848 
     D237274  5 0.6989 0.0933 0.2078 
     D237275  5 0.0502 0.8901 0.0597 
     D237276  5 0.5999 0.1458 0.2543 
     D237277  5 0.5287 0.4015 0.0697 
     D237278  5 0.1838 0.6847 0.1314 
     D237279  5 0.0509 0.0471 0.9020 
     D237280  5 0.3128 0.0885 0.5987 
     D237281  5 0.0425 0.8955 0.0620 
     D237351  5 0.1480 0.1088 0.7433 
     D237352  5 0.4009 0.1604 0.4387 
     D237353  5 0.8144 0.1364 0.0492 
     D237359  5 0.1263 0.3965 0.4771 
     D237361  5 0.8724 0.0671 0.0605 
     D237362  5 0.5215 0.2387 0.2397 
     D237363  5 0.1648 0.3219 0.5133 
     D237364  5 0.0905 0.5099 0.3996 
     D237376  5 0.5925 0.3019 0.1056 
     D237377  5 0.4446 0.1124 0.4429 
     D237378  5 0.3402 0.5645 0.0952 
     D237379  5 0.4499 0.3752 0.1749 
     D237380  5 0.3712 0.0402 0.5886 
     D237381  5 0.2536 0.1464 0.6000 
     D237391  5 0.7933 0.1152 0.0916 
     D237392  5 0.4841 0.2268 0.2891 
     D237393  5 0.7497 0.1116 0.1386 
     D237394  5 0.8935 0.0364 0.0701 
     D237395  5 0.3845 0.2804 0.3351 
     D237396  5 0.5650 0.1884 0.2466 
     D244016  5 0.5255 0.3301 0.1444 
     D244018  5 0.1484 0.6329 0.2186 
     D244019  5 0.5712 0.2628 0.1660 
        D279  5 0.0676 0.7729 0.1595 
        D280  5 0.5668 0.2491 0.1841 
        D281  5 0.0715 0.8787 0.0497 
        D283  5 0.8467 0.0860 0.0674 
        D284  5 0.1471 0.1631 0.6898 
        D285  5 0.6970 0.1831 0.1200 
        D286  5 0.5436 0.2550 0.2015 
        D287  5 0.5640 0.2355 0.2005 
        D288  5 0.6354 0.2460 0.1186 
        D308  5 0.0957 0.0270 0.8773 
        D309  5 0.4460 0.2560 0.2980 
        D310  5 0.8333 0.0984 0.0683 
        D311  5 0.6783 0.1623 0.1594 
        D312  5 0.7200 0.1287 0.1513 
        D313  5 0.0333 0.0193 0.9474 
        D314  5 0.1227 0.5788 0.2985 
        D315  5 0.7076 0.1266 0.1659 
        D317  5 0.8837 0.0645 0.0518 
        D318  5 0.2740 0.3057 0.4204 
        D319  5 0.8099 0.1377 0.0524 
        D320  5 0.7853 0.1166 0.0980 
        D321  5 0.1514 0.0896 0.7590 
        D336  5 0.9084 0.0431 0.0485 
        D337  5 0.8771 0.0949 0.0281 
        D338  5 0.3934 0.3086 0.2980 
        D339  5 0.6661 0.2017 0.1322 
        D347  5 0.6994 0.2028 0.0977 
        D348  5 0.9109 0.0598 0.0292 
        D349  5 0.1040 0.0639 0.8322 
        D350  5 0.2727 0.5110 0.2163 
        D355  5 0.1828 0.7427 0.0744 
        D356  5 0.7720 0.0800 0.1481 
        D357  5 0.5658 0.1806 0.2536 
        D358  5 0.7244 0.1377 0.1379 
        D359  5 0.9271 0.0326 0.0402 
        D360  5 0.7947 0.0538 0.1515 
        D361  5 0.0468 0.0350 0.9182 
        D366  5 0.2285 0.4817 0.2898 
        D367  5 0.7170 0.1346 0.1485 
        D368  5 0.6119 0.0589 0.3292 
        D380  5 0.3507 0.2751 0.3742 
        D381  5 0.7381 0.1555 0.1064 
        D400  5 0.4823 0.4349 0.0829 
        D411  5 0.0235 0.0444 0.9320 
        D412  5 0.3910 0.3491 0.2598 
        D413  5 0.0633 0.8424 0.0943 
        D414  5 0.0841 0.8091 0.1068 
        D420  5 0.1347 0.2979 0.5674 
        D431  5 0.1598 0.5735 0.2667 
        D432  5 0.4487 0.3630 0.1883 
        D433  5 0.6837 0.2442 0.0721 
        D434  5 0.8452 0.0606 0.0942 
        D440  5 0.2900 0.4394 0.2706 
        D447  5 0.2455 0.1664 0.5880 
        D448  5 0.8109 0.1410 0.0481 
        D459  5 0.0685 0.9014 0.0301 
        D460  5 0.1309 0.0663 0.8028 
        D461  5 0.5616 0.2970 0.1414 
        D468  5 0.5074 0.1251 0.3675 
        D469  5 0.6160 0.1269 0.2572 
        D470  5 0.3466 0.1258 0.5276 
        D471  5 0.7199 0.2369 0.0432 
        D472  5 0.4020 0.4977 0.1002 
        D479  5 0.0505 0.9068 0.0427 
        D485  5 0.4513 0.3149 0.2338 
        D486  5 0.3893 0.1107 0.5000 
        D487  5 0.1066 0.8209 0.0725 
        D555  5 0.8096 0.1481 0.0423 
        D556  5 0.4365 0.4341 0.1294 
        D557  5 0.8139 0.1414 0.0447 
        D564  5 0.6500 0.1650 0.1850 
        D594  5 0.6031 0.1546 0.2423 
        D595  5 0.5955 0.2221 0.1824 
        D596  5 0.8437 0.1037 0.0525 
        D597  5 0.5164 0.4193 0.0643 
        D598  5 0.5640 0.2418 0.1942 
        D617  5 0.0349 0.2097 0.7554 
        D618  5 0.6355 0.2749 0.0897 
        D619  5 0.5976 0.0742 0.3282 
        D620  5 0.0492 0.9190 0.0318 
        D628  5 0.4555 0.3171 0.2273 
        D714  5 0.1918 0.6940 0.1142 
        D715  5 0.7316 0.2268 0.0416 
        D716  5 0.5271 0.3367 0.1362 
        D717  5 0.6971 0.1312 0.1717 
        D718  5 0.2028 0.2238 0.5734 
        D769  5 0.0663 0.1461 0.7877 
        D770  5 0.1942 0.6834 0.1224 
        D771  5 0.1947 0.5910 0.2143 
        D772  5 0.6317 0.2477 0.1206 
        D782  5 0.0585 0.2367 0.7048 
        D783  5 0.1757 0.7356 0.0887 
        D784  5 0.6114 0.2352 0.1534 
        D785  5 0.8046 0.0828 0.1127 
        D786  5 0.2298 0.1298 0.6404 
        D821  5 0.8643 0.0932 0.0425 
        D822  5 0.7762 0.1129 0.1110 
        D826  5 0.2803 0.6380 0.0817 
        D827  5 0.5209 0.1684 0.3108 
        D851  5 0.4230 0.2398 0.3372 
        D852  5 0.1564 0.7289 0.1147 
        D853  5 0.5637 0.2709 0.1654 
        D854  5 0.1616 0.4773 0.3610 
        D861  5 0.3289 0.4056 0.2655 
        D862  5 0.9059 0.0388 0.0553 
        D865  5 0.6867 0.2126 0.1007 
        D868  5 0.6588 0.1451 0.1961 
        D869  5 0.0422 0.0370 0.9209 
        D870  5 0.0504 0.0764 0.8733 
        D907  5 0.7043 0.1205 0.1752 
        D908  5 0.1379 0.7945 0.0677 
        D910  5 0.5649 0.3730 0.0621 
        D911  5 0.1215 0.8172 0.0613 
        D934  5 0.1159 0.7539 0.1303 
        D946  5 0.1531 0.6690 0.1779 
        D947  5 0.3624 0.3237 0.3139 
        D948  5 0.2054 0.0525 0.7421 
        D949  5 0.1313 0.0502 0.8185 
        D950  5 0.0970 0.8560 0.0470 
        D951  5 0.6522 0.0756 0.2722 
        D952  5 0.8203 0.0945 0.0853 
        D953  5 0.8411 0.0882 0.0706 
        D954  5 0.8863 0.0446 0.0691 
        D961  5 0.4380 0.3134 0.2486 
        D962  5 0.8964 0.0535 0.0500 
        D963  5 0.6978 0.2248 0.0774 
        D964  5 0.1672 0.3807 0.4521 
        D965  5 0.4204 0.4073 0.1723 
        D966  5 0.4031 0.5030 0.0939 
        D967  5 0.3075 0.5071 0.1854 
        D991  5 0.5146 0.1698 0.3156 
        D502  6 0.0597 0.4380 0.5023 
        D503  6 0.0515 0.5208 0.4277 
        D504  6 0.5544 0.2337 0.2119 
        D505  6 0.3960 0.4093 0.1946 
        D506  6 0.8857 0.0371 0.0773 
        D507  6 0.1144 0.5703 0.3154 
        D508  6 0.3718 0.4324 0.1959 
        D529  6 0.3152 0.2147 0.4700 
        D530  6 0.4404 0.2413 0.3183 
        D531  6 0.4130 0.3307 0.2563 
        D532  6 0.7501 0.1070 0.1429 
        D534  6 0.0684 0.0731 0.8584 
        D535  6 0.7437 0.1038 0.1525 
        D536  6 0.0266 0.7776 0.1958 
        D554  6 0.5653 0.1311 0.3036 
        D587  6 0.8435 0.0883 0.0682 
        D588  6 0.7119 0.1094 0.1787 
        D589  6 0.1222 0.7012 0.1766 
        D590  6 0.0613 0.8038 0.1349 
        D591  6 0.2401 0.4107 0.3493 
        D592  6 0.1073 0.1107 0.7819 
        D593  6 0.4522 0.3303 0.2175 
        D682  6 0.7435 0.1207 0.1358 
        D683  6 0.7841 0.0496 0.1663 
        D684  6 0.0367 0.4157 0.5476 
        D685  6 0.0790 0.3880 0.5330 
        D686  6 0.8483 0.0494 0.1024 
        D724  6 0.2043 0.3753 0.4205 
        D725  6 0.3146 0.4546 0.2308 
        D726  6 0.8434 0.0825 0.0742 
        D727  6 0.2379 0.4742 0.2878 
        D728  6 0.7229 0.0951 0.1820 
        D729  6 0.0646 0.1514 0.7841 
        D730  6 0.2344 0.3907 0.3749 
        D731  6 0.3645 0.5813 0.0542 
        D732  6 0.4481 0.3107 0.2412 
        D733  6 0.3876 0.3519 0.2605 
     D237251  7 0.1742 0.7370 0.0888 
     D237252  7 0.0697 0.3855 0.5448 
     D237253  7 0.2309 0.6191 0.1500 
     D237254  7 0.0284 0.0433 0.9283 
     D237255  7 0.0807 0.8679 0.0514 
     D237256  7 0.1149 0.7812 0.1039 
     D237257  7 0.0714 0.1619 0.7667 
     D237282  7 0.2887 0.2783 0.4330 
     D237283  7 0.0299 0.0504 0.9196 
     D237284  7 0.0479 0.0582 0.8939 
     D237285  7 0.4985 0.3422 0.1594 
     D237286  7 0.4293 0.3469 0.2238 
     D237287  7 0.1783 0.5539 0.2679 
     D244006  7 0.0295 0.0437 0.9268 
     D244007  7 0.1682 0.5901 0.2417 
     D244008  7 0.0777 0.0475 0.8748 
     D244009  7 0.2851 0.1037 0.6112 
     D244010  7 0.0911 0.2778 0.6311 
     D244011  7 0.1888 0.6482 0.1630 
     D244012  7 0.0892 0.5172 0.3935 
     D244013  7 0.2242 0.7031 0.0727 
     D244014  7 0.0687 0.5700 0.3613 
     D244015  7 0.0633 0.1043 0.8325 
     D244125  7 0.4587 0.4351 0.1062 
     D244126  7 0.0227 0.0389 0.9384 
     D244130  7 0.2450 0.1923 0.5627 
     D244131  7 0.6405 0.1827 0.1768 
     D244132  7 0.8512 0.0641 0.0847 
        D520  7 0.2739 0.0538 0.6723 
        D521  7 0.3392 0.2964 0.3644 
        D522  7 0.2598 0.1286 0.6116 
        D523  7 0.1004 0.8197 0.0798 
        D524  7 0.3210 0.4946 0.1844 
        D525  7 0.0527 0.3524 0.5949 
        D526  7 0.0329 0.0493 0.9178 
        D527  7 0.2354 0.3645 0.4001 
        D528  7 0.0233 0.0199 0.9569 
        D558  7 0.2187 0.4623 0.3189 
        D559  7 0.1179 0.5123 0.3699 
        D640  7 0.4235 0.4073 0.1692 
        D641  7 0.1648 0.5106 0.3246 
        D642  7 0.1499 0.2933 0.5567 
        D644  7 0.4865 0.2137 0.2998 
        D645  7 0.1964 0.5043 0.2993 
        D662  7 0.4113 0.0345 0.5542 
        D687  7 0.1858 0.6338 0.1804 
        D688  7 0.2158 0.3015 0.4827 
        D689  7 0.4219 0.3609 0.2172 
        D700  7 0.0255 0.0257 0.9488 
        D797  7 0.4058 0.3883 0.2059 
        D798  7 0.0998 0.0757 0.8245 
        D799  7 0.0670 0.7186 0.2144 
        D800  7 0.1705 0.3324 0.4972 
        D132  8 0.0626 0.0439 0.8935 
        D133  8 0.0258 0.8874 0.0867 
        D200  8 0.2268 0.5453 0.2279 
        D500  8 0.0434 0.0228 0.9338 
        D614  8 0.6161 0.1598 0.2240 
        D723  8 0.2474 0.2248 0.5278 
        D888  8 0.0555 0.9004 0.0441 
        D901  8 0.0630 0.2165 0.7205 
        D902  8 0.7507 0.1296 0.1198 
        D903  8 0.7270 0.1667 0.1063 
        D904  8 0.5127 0.2252 0.2620 
        D905  8 0.0741 0.8904 0.0354 
        D906  8 0.0606 0.7479 0.1914 
        D937  8 0.7396 0.1572 0.1031 
        D943  8 0.0865 0.3540 0.5595 
        D972  8 0.1741 0.1258 0.7001 
        D973  8 0.6385 0.0642 0.2973 
        D974  8 0.4192 0.2240 0.3569 
        D975  8 0.3823 0.4341 0.1835 
        D976  8 0.1514 0.4163 0.4324 
        D201  9 0.1047 0.6003 0.2950 
        D202  9 0.1014 0.6116 0.2870 
     D237259  9 0.0726 0.1720 0.7554 
     D237260  9 0.0453 0.6742 0.2804 
     D237262  9 0.0530 0.0444 0.9025 
     D237263  9 0.0944 0.3388 0.5668 
     D237264  9 0.2090 0.3005 0.4905 
     D237265  9 0.0569 0.7989 0.1442 
     D237266  9 0.0621 0.6901 0.2478 
     D237267  9 0.2961 0.1410 0.5628 
     D237268  9 0.2194 0.1310 0.6496 
     D237289  9 0.1383 0.7281 0.1336 
     D237290  9 0.0288 0.9001 0.0711 
     D237291  9 0.1120 0.7424 0.1456 
     D237292  9 0.0313 0.5515 0.4172 
     D237293  9 0.3570 0.1986 0.4444 
     D237294  9 0.0750 0.2989 0.6261 
     D237295  9 0.5654 0.0823 0.3523 
     D237296  9 0.2810 0.3116 0.4075 
     D237297  9 0.5747 0.3033 0.1220 
     D237298  9 0.2478 0.4696 0.2826 
     D237341  9 0.1667 0.6477 0.1856 
     D237342  9 0.1155 0.1802 0.7043 
     D237343  9 0.0904 0.4899 0.4197 
     D237344  9 0.3461 0.4401 0.2138 
     D237345  9 0.0328 0.0773 0.8899 
     D237346  9 0.1541 0.7057 0.1402 
     D237347  9 0.5226 0.3994 0.0781 
     D237348  9 0.3296 0.2997 0.3706 
     D237349  9 0.0779 0.4888 0.4333 
     D244109  9 0.0425 0.6038 0.3537 
     D244110  9 0.0755 0.7539 0.1706 
     D244111  9 0.1842 0.5423 0.2735 
     D244128  9 0.0518 0.1420 0.8061 
     D244137  9 0.4642 0.2233 0.3125 
     D244138  9 0.1265 0.6199 0.2537 
        D580  9 0.1180 0.0472 0.8349 
        D581  9 0.0271 0.8707 0.1022 
        D582  9 0.0422 0.0462 0.9116 
        D583  9 0.0317 0.8591 0.1092 
        D584  9 0.2956 0.1545 0.5499 
        D585  9 0.0417 0.2669 0.6914 
        D586  9 0.0623 0.8769 0.0607 
        D651  9 0.6039 0.2429 0.1532 
        D652  9 0.1059 0.2202 0.6739 
        D653  9 0.1936 0.6494 0.1570 
        D654  9 0.1464 0.5738 0.2797 
        D655  9 0.3922 0.4783 0.1295 
        D656  9 0.0668 0.0745 0.8587 
        D657  9 0.1409 0.4199 0.4392 
        D667  9 0.5368 0.3218 0.1414 
        D668  9 0.1482 0.3835 0.4683 
        D669  9 0.0580 0.7528 0.1893 
        D670  9 0.4363 0.1152 0.4485 
        D671  9 0.0537 0.8003 0.1460 
        D672  9 0.0529 0.1455 0.8016 
        D673  9 0.3489 0.3054 0.3457 
        D692  9 0.0389 0.1932 0.7679 
        D693  9 0.4575 0.1776 0.3649 
        D694  9 0.0709 0.1068 0.8223 
        D695  9 0.2768 0.1671 0.5562 
        D696  9 0.8958 0.0694 0.0347 
        D697  9 0.5933 0.2687 0.1380 
        D698  9 0.2503 0.6327 0.1171 
        D699  9 0.3854 0.3534 0.2612 
        D787  9 0.1819 0.2400 0.5782 
        D788  9 0.5806 0.0947 0.3247 
        D789  9 0.2009 0.3685 0.4306 
        D790  9 0.1922 0.3615 0.4463 
        D791  9 0.0775 0.8348 0.0877 
        D792  9 0.1771 0.4292 0.3937 
        D793  9 0.7878 0.1258 0.0864 
        D794  9 0.6174 0.2267 0.1560 
        D795  9 0.0848 0.1374 0.7778 
        D796  9 0.1266 0.6403 0.2331 
        D142 10 0.7073 0.1996 0.0931 
        D143 10 0.0968 0.8501 0.0532 
        D144 10 0.5015 0.2041 0.2945 
        D145 10 0.0504 0.8735 0.0760 
        D146 10 0.1178 0.0624 0.8198 
        D147 10 0.1383 0.2153 0.6464 
        D148 10 0.2092 0.1441 0.6467 
        D149 10 0.0501 0.8165 0.1334 
        D151 10 0.1016 0.1878 0.7106 
        D152 10 0.0208 0.9380 0.0412 
        D153 10 0.8418 0.0639 0.0943 
        D156 10 0.3795 0.5118 0.1087 
        D157 10 0.5819 0.1880 0.2301 
        D158 10 0.1602 0.5114 0.3283 
        D159 10 0.0430 0.9180 0.0390 
        D160 10 0.1184 0.8270 0.0546 
        D161 10 0.4259 0.3157 0.2584 
        D162 10 0.4257 0.5108 0.0635 
        D169 10 0.0523 0.0740 0.8737 
        D170 10 0.1295 0.1111 0.7594 
        D171 10 0.5114 0.2152 0.2734 
        D172 10 0.2747 0.4241 0.3012 
        D173 10 0.0308 0.9088 0.0604 
        D181 10 0.4987 0.3522 0.1491 
        D182 10 0.0598 0.5631 0.3770 
        D183 10 0.7878 0.0688 0.1433 
        D184 10 0.0357 0.0195 0.9448 
        D185 10 0.3947 0.2273 0.3780 
        D186 10 0.0383 0.0671 0.8947 
        D194 10 0.2813 0.1047 0.6139 
        D195 10 0.2386 0.6673 0.0941 
        D196 10 0.3768 0.5684 0.0548 
        D197 10 0.0497 0.2402 0.7102 
        D198 10 0.5526 0.0485 0.3989 
     D237226 10 0.0563 0.6808 0.2629 
     D237232 10 0.2407 0.5598 0.1994 
     D237233 10 0.1234 0.7702 0.1064 
     D237234 10 0.4518 0.3986 0.1496 
     D237354 10 0.0313 0.9373 0.0314 
     D237355 10 0.0789 0.7950 0.1261 
     D237356 10 0.7683 0.0378 0.1939 
     D237357 10 0.0918 0.5126 0.3956 
     D237358 10 0.1899 0.1940 0.6161 
     D237369 10 0.0332 0.0577 0.9092 
     D237370 10 0.6551 0.2263 0.1186 
     D237371 10 0.3056 0.1634 0.5310 
     D237372 10 0.0457 0.2718 0.6826 
     D237373 10 0.2470 0.6452 0.1078 
     D237374 10 0.1020 0.8501 0.0479 
     D237375 10 0.1846 0.4648 0.3505 
     D237400 10 0.0268 0.9434 0.0298 
     D244002 10 0.0455 0.0830 0.8715 
     D244003 10 0.1156 0.8141 0.0703 
     D244004 10 0.8066 0.0903 0.1031 
     D244005 10 0.0565 0.6074 0.3361 
     D244020 10 0.5602 0.2276 0.2121 
     D244021 10 0.0850 0.3130 0.6020 
     D244116 10 0.2199 0.2225 0.5576 
     D244117 10 0.3911 0.5219 0.0870 
     D244121 10 0.5049 0.3416 0.1536 
     D244123 10 0.3411 0.5212 0.1377 
     D244124 10 0.1067 0.5627 0.3306 
        D332 10 0.7010 0.1298 0.1692 
        D570 10 0.8109 0.1116 0.0774 
        D602 10 0.4160 0.3764 0.2076 
        D603 10 0.2865 0.4852 0.2282 
        D604 10 0.2296 0.6540 0.1164 
        D605 10 0.5047 0.2821 0.2132 
        D606 10 0.3139 0.0716 0.6145 
        D607 10 0.6108 0.1368 0.2524 
        D608 10 0.0312 0.9436 0.0252 
        D609 10 0.8585 0.0501 0.0914 
        D610 10 0.4384 0.2066 0.3550 
        D611 10 0.9210 0.0446 0.0344 
        D613 10 0.6001 0.2975 0.1025 
        D633 10 0.3113 0.4588 0.2299 
        D634 10 0.4294 0.2696 0.3010 
        D638 10 0.0344 0.9347 0.0309 
        D681 10 0.3429 0.2942 0.3629 
        D754 10 0.1406 0.1810 0.6784 
        D755 10 0.1810 0.7743 0.0448 
        D756 10 0.3680 0.3333 0.2988 
        D757 10 0.2695 0.4626 0.2680 
        D758 10 0.3040 0.3281 0.3679 
        D759 10 0.1790 0.7407 0.0802 
        D760 10 0.3147 0.5198 0.1655 
        D761 10 0.0317 0.9452 0.0231 
        D762 10 0.6129 0.1616 0.2255 
        D775 10 0.4091 0.4714 0.1195 
        D776 10 0.0526 0.8643 0.0830 
        D777 10 0.3199 0.4074 0.2727 
        D778 10 0.0422 0.7209 0.2369 
        D779 10 0.2032 0.4072 0.3895 
        D780 10 0.1061 0.8127 0.0812 
        D781 10 0.3116 0.5423 0.1462 
        D858 10 0.0231 0.0929 0.8840 
        D933 10 0.4645 0.2897 0.2459 
        D038 11 0.1175 0.6700 0.2125 
        D063 11 0.2205 0.6885 0.0909 
        D155 11 0.3045 0.5246 0.1709 
        D175 11 0.3059 0.1567 0.5374 
        D176 11 0.0891 0.7771 0.1338 
        D205 11 0.7039 0.0530 0.2431 
     D237229 11 0.0755 0.5249 0.3996 
     D237230 11 0.1311 0.2081 0.6608 
     D237231 11 0.6828 0.2187 0.0985 
     D237269 11 0.1857 0.6658 0.1486 
     D237270 11 0.1285 0.1194 0.7521 
     D237271 11 0.6337 0.2161 0.1502 
     D237272 11 0.2126 0.1718 0.6156 
     D237273 11 0.5052 0.3837 0.1111 
     D237301 11 0.7405 0.1443 0.1152 
     D237302 11 0.1317 0.3291 0.5391 
     D237303 11 0.0452 0.1589 0.7958 
     D237304 11 0.4322 0.2657 0.3021 
     D237305 11 0.1386 0.1552 0.7062 
     D237314 11 0.3061 0.4437 0.2502 
     D237315 11 0.0947 0.1408 0.7645 
     D237316 11 0.8767 0.0552 0.0680 
     D237328 11 0.4904 0.0484 0.4611 
     D237329 11 0.1464 0.5102 0.3434 
     D237330 11 0.5242 0.4088 0.0670 
     D237331 11 0.2797 0.4998 0.2205 
     D237332 11 0.6209 0.1545 0.2246 
     D237333 11 0.1131 0.8328 0.0542 
     D237334 11 0.6558 0.1354 0.2088 
     D237335 11 0.6522 0.0966 0.2513 
     D237336 11 0.1062 0.6889 0.2049 
     D237350 11 0.6654 0.2492 0.0854 
     D237383 11 0.1162 0.4063 0.4776 
     D237384 11 0.3746 0.1834 0.4420 
     D237385 11 0.3120 0.3815 0.3065 
     D237386 11 0.6673 0.2287 0.1040 
     D237387 11 0.5155 0.0895 0.3950 
     D237388 11 0.8008 0.1164 0.0828 
        D239 11 0.4377 0.4382 0.1241 
        D240 11 0.0310 0.8264 0.1426 
        D241 11 0.1068 0.1776 0.7156 
        D242 11 0.2894 0.4546 0.2560 
        D243 11 0.5635 0.2584 0.1781 
        D244 11 0.8266 0.0697 0.1037 
        D245 11 0.0573 0.2701 0.6726 
        D246 11 0.6837 0.1348 0.1815 
        D247 11 0.1442 0.4789 0.3769 
        D248 11 0.7164 0.1878 0.0958 
        D249 11 0.2902 0.1082 0.6016 
        D250 11 0.7136 0.2295 0.0569 
        D251 11 0.7079 0.1157 0.1765 
        D252 11 0.5147 0.0763 0.4090 
        D253 11 0.2631 0.4855 0.2514 
        D254 11 0.0432 0.1280 0.8288 
        D255 11 0.8019 0.0772 0.1209 
        D256 11 0.4109 0.3637 0.2255 
        D257 11 0.0761 0.1374 0.7865 
        D258 11 0.1514 0.0592 0.7895 
        D259 11 0.0571 0.1152 0.8277 
        D260 11 0.2808 0.3530 0.3662 
        D261 11 0.5340 0.2889 0.1771 
        D262 11 0.0531 0.4024 0.5445 
        D263 11 0.7338 0.0862 0.1799 
        D264 11 0.2317 0.1275 0.6408 
        D265 11 0.1744 0.4402 0.3854 
        D266 11 0.5301 0.3707 0.0992 
        D267 11 0.6951 0.1006 0.2043 
        D268 11 0.8422 0.1001 0.0577 
        D269 11 0.8793 0.0380 0.0826 
        D270 11 0.4118 0.1319 0.4563 
        D271 11 0.2618 0.3200 0.4183 
        D272 11 0.2509 0.5758 0.1733 
        D273 11 0.0426 0.0393 0.9181 
        D274 11 0.6222 0.1294 0.2484 
        D275 11 0.7053 0.1440 0.1507 
        D276 11 0.9038 0.0493 0.0468 
        D277 11 0.6805 0.1444 0.1751 
        D278 11 0.3571 0.4097 0.2332 
        D282 11 0.1310 0.0472 0.8218 
        D296 11 0.6081 0.2983 0.0937 
        D297 11 0.8138 0.0642 0.1220 
        D298 11 0.5085 0.3624 0.1291 
        D299 11 0.7042 0.2150 0.0808 
        D300 11 0.1151 0.7750 0.1100 
        D382 11 0.8861 0.0304 0.0835 
        D383 11 0.6666 0.0565 0.2769 
        D387 11 0.2399 0.5555 0.2047 
        D388 11 0.6768 0.1402 0.1830 
        D389 11 0.6939 0.2326 0.0735 
        D390 11 0.7404 0.1617 0.0979 
        D396 11 0.1795 0.6946 0.1259 
        D397 11 0.1257 0.0890 0.7853 
        D398 11 0.4027 0.2573 0.3400 
        D399 11 0.2456 0.3796 0.3748 
        D437 11 0.0576 0.4482 0.4941 
        D441 11 0.7266 0.2057 0.0677 
        D442 11 0.2196 0.5885 0.1919 
        D443 11 0.4042 0.5411 0.0546 
        D444 11 0.6267 0.2492 0.1241 
        D445 11 0.4444 0.0617 0.4940 
        D446 11 0.0882 0.2474 0.6644 
        D451 11 0.5265 0.1049 0.3686 
        D452 11 0.1798 0.6797 0.1405 
        D453 11 0.7277 0.1120 0.1603 
        D454 11 0.0630 0.2039 0.7331 
        D457 11 0.2954 0.2433 0.4613 
        D458 11 0.7884 0.0912 0.1204 
        D466 11 0.0489 0.8166 0.1344 
        D467 11 0.6628 0.2161 0.1210 
        D475 11 0.0575 0.0510 0.8916 
        D488 11 0.2804 0.5136 0.2059 
        D489 11 0.1717 0.1975 0.6308 
        D493 11 0.2035 0.1111 0.6854 
        D494 11 0.5890 0.2355 0.1755 
        D495 11 0.0330 0.5876 0.3795 
        D496 11 0.0791 0.8922 0.0287 
        D674 11 0.0725 0.8535 0.0739 
        D675 11 0.0872 0.8680 0.0448 
        D676 11 0.5925 0.0922 0.3154 
        D680 11 0.1815 0.5980 0.2204 
        D701 11 0.0754 0.6590 0.2656 
        D702 11 0.1289 0.1344 0.7367 
        D703 11 0.2211 0.5407 0.2382 
        D704 11 0.3853 0.2599 0.3549 
        D705 11 0.0662 0.0867 0.8471 
        D706 11 0.0514 0.7405 0.2081 
        D707 11 0.4304 0.1214 0.4482 
        D751 11 0.6451 0.0665 0.2884 
        D752 11 0.1962 0.6553 0.1485 
        D753 11 0.2971 0.2131 0.4898 
        D773 11 0.0222 0.0215 0.9564 
        D774 11 0.2893 0.5446 0.1661 
        D801 11 0.4819 0.3599 0.1581 
        D802 11 0.1908 0.1830 0.6262 
        D803 11 0.4040 0.4402 0.1558 
        D804 11 0.1288 0.4086 0.4625 
        D805 11 0.3309 0.2032 0.4659 
        D806 11 0.0484 0.0701 0.8815 
        D809 11 0.6966 0.1723 0.1312 
        D810 11 0.6883 0.2325 0.0792 
        D812 11 0.4193 0.1064 0.4742 
        D813 11 0.1127 0.7844 0.1029 
        D823 11 0.6005 0.2576 0.1420 
        D824 11 0.3706 0.4993 0.1300 
        D829 11 0.5637 0.3169 0.1194 
        D830 11 0.2422 0.0571 0.7007 
        D831 11 0.0799 0.6715 0.2485 
        D832 11 0.1215 0.5514 0.3271 
        D833 11 0.8594 0.0834 0.0572 
        D834 11 0.8486 0.0561 0.0953 
        D835 11 0.1975 0.0977 0.7049 
        D855 11 0.6748 0.1399 0.1854 
        D863 11 0.0312 0.9362 0.0326 
        D864 11 0.5182 0.2082 0.2736 
        D878 11 0.7131 0.1791 0.1078 
        D879 11 0.1327 0.0668 0.8005 
        D880 11 0.3626 0.5986 0.0388 
        D881 11 0.7086 0.1926 0.0987 
        D882 11 0.1291 0.7159 0.1550 
        D909 11 0.5673 0.2673 0.1654 
        D921 11 0.7518 0.1481 0.1001 
        D924 11 0.1723 0.7649 0.0628 
        D935 11 0.8361 0.0527 0.1112 
        D940 11 0.0519 0.9034 0.0447 
        D941 11 0.5080 0.3217 0.1703 
        D942 11 0.1098 0.0358 0.8544 
        D980 11 0.3577 0.3319 0.3104 
        D981 11 0.2133 0.1093 0.6774 
        D982 11 0.1245 0.8344 0.0411 
        D983 11 0.8909 0.0515 0.0576 
        D984 11 0.6224 0.2798 0.0978 
        D992 11 0.1209 0.1206 0.7585 
        D993 11 0.8479 0.0437 0.1084 
        D994 11 0.2967 0.4599 0.2434 
        D995 11 0.1942 0.0402 0.7657 
        H354 11 0.2127 0.0775 0.7098 
        D005 12 0.0636 0.3298 0.6066 
        D035 12 0.1944 0.4216 0.3841 
        D067 12 0.5484 0.2490 0.2026 
        D134 12 0.1658 0.6352 0.1990 
        D135 12 0.3233 0.3114 0.3653 
        D136 12 0.4621 0.0615 0.4764 
        D137 12 0.1576 0.5876 0.2547 
        D138 12 0.3039 0.4964 0.1997 
        D139 12 0.3592 0.5185 0.1223 
        D140 12 0.3187 0.2157 0.4656 
        D141 12 0.0327 0.0289 0.9385 
        D150 12 0.1192 0.1720 0.7087 
        D177 12 0.0726 0.7908 0.1366 
        D178 12 0.6896 0.1874 0.1230 
        D179 12 0.3042 0.2514 0.4444 
        D180 12 0.3455 0.2044 0.4502 
        D187 12 0.1252 0.6322 0.2426 
        D188 12 0.0266 0.0310 0.9424 
        D191 12 0.0474 0.1310 0.8216 
        D418 12 0.0563 0.1010 0.8427 
        D601 12 0.1287 0.0630 0.8082 
        D836 12 0.0412 0.0914 0.8674 
        D837 12 0.3934 0.3682 0.2385 
        D838 12 0.3551 0.5608 0.0841 
        D839 12 0.0542 0.8323 0.1135 
        D840 12 0.3136 0.5790 0.1074 
        D841 12 0.1948 0.2765 0.5286 
        D842 12 0.0273 0.0416 0.9311 
        D843 12 0.5542 0.3051 0.1408 
        D844 12 0.0457 0.4340 0.5203 
        D912 12 0.7548 0.1783 0.0669 
        D913 12 0.0313 0.9429 0.0258 
