        D174  1 0.4562 0.1372 0.0411 0.1744 0.1422 0.0489 
        D199  1 0.2002 0.3036 0.2531 0.1022 0.0647 0.0762 
        D203  1 0.0975 0.2387 0.2871 0.1589 0.1363 0.0815 
        D204  1 0.0207 0.8359 0.0348 0.0310 0.0214 0.0562 
     D237366  1 0.0771 0.1205 0.0915 0.2349 0.3105 0.1656 
     D237367  1 0.0435 0.4891 0.0476 0.2053 0.1527 0.0617 
     D237368  1 0.1180 0.1689 0.0764 0.0817 0.5036 0.0512 
     D244101  1 0.0345 0.3585 0.2050 0.0835 0.0283 0.2902 
     D244102  1 0.1024 0.1292 0.0841 0.1596 0.1845 0.3402 
     D244103  1 0.0525 0.2206 0.0486 0.4897 0.1084 0.0801 
     D244104  1 0.1734 0.6681 0.0519 0.0297 0.0513 0.0256 
     D244105  1 0.0300 0.1459 0.0368 0.2619 0.4749 0.0505 
     D244106  1 0.5556 0.0712 0.1123 0.1652 0.0417 0.0541 
     D244107  1 0.0232 0.1245 0.0890 0.0645 0.6254 0.0734 
     D244108  1 0.3936 0.1409 0.0604 0.0583 0.2371 0.1097 
     D244113  1 0.4280 0.0274 0.0390 0.0533 0.0423 0.4100 
     D244114  1 0.1238 0.1251 0.1605 0.4120 0.0577 0.1209 
     D244115  1 0.3344 0.1773 0.0318 0.1359 0.2610 0.0596 
     D267365  1 0.3041 0.4049 0.0724 0.0749 0.0843 0.0594 
        D404  1 0.2759 0.0317 0.0423 0.1155 0.0366 0.4980 
        D405  1 0.1006 0.1292 0.1100 0.1197 0.1004 0.4399 
        D406  1 0.0358 0.0692 0.0248 0.0355 0.8058 0.0290 
        D407  1 0.0304 0.6961 0.1039 0.1043 0.0431 0.0222 
        D408  1 0.6801 0.0762 0.0807 0.0552 0.0377 0.0701 
        D409  1 0.0633 0.0994 0.0537 0.6513 0.0836 0.0487 
        D410  1 0.0383 0.0806 0.0133 0.0412 0.7895 0.0371 
        D421  1 0.0274 0.9008 0.0290 0.0162 0.0142 0.0124 
        D422  1 0.0193 0.0738 0.0392 0.0512 0.7985 0.0180 
        D423  1 0.0213 0.0736 0.0418 0.0356 0.8027 0.0250 
        D424  1 0.0401 0.7147 0.0207 0.1174 0.0796 0.0275 
        D425  1 0.1794 0.5921 0.0450 0.0765 0.0432 0.0639 
        D426  1 0.0492 0.0810 0.1694 0.6187 0.0585 0.0232 
        D427  1 0.2791 0.1956 0.4485 0.0295 0.0292 0.0180 
        D428  1 0.1641 0.4569 0.0495 0.1033 0.0879 0.1383 
        D429  1 0.2718 0.4244 0.0649 0.0841 0.0628 0.0920 
        D430  1 0.1870 0.0850 0.1064 0.5155 0.0474 0.0587 
        D491  1 0.7460 0.1174 0.0221 0.0484 0.0289 0.0372 
        D492  1 0.1589 0.3273 0.0686 0.1553 0.1561 0.1338 
        D537  1 0.0267 0.7762 0.0235 0.0419 0.0529 0.0788 
        D538  1 0.1000 0.0839 0.0827 0.3286 0.2617 0.1430 
        D539  1 0.2911 0.0784 0.1369 0.1531 0.1656 0.1750 
        D540  1 0.0736 0.3925 0.0601 0.3433 0.0843 0.0461 
        D541  1 0.0257 0.8673 0.0301 0.0292 0.0323 0.0153 
        D551  1 0.0468 0.1364 0.4488 0.2632 0.0602 0.0446 
        D552  1 0.2634 0.2259 0.0547 0.0736 0.3237 0.0588 
        D553  1 0.0316 0.8883 0.0187 0.0262 0.0205 0.0148 
        D615  1 0.1033 0.4376 0.1339 0.1299 0.1546 0.0408 
        D616  1 0.0950 0.2960 0.2136 0.1380 0.2270 0.0303 
        D621  1 0.1067 0.0284 0.0282 0.0372 0.5967 0.2028 
        D622  1 0.0793 0.0526 0.0317 0.0577 0.7300 0.0487 
        D623  1 0.2510 0.0355 0.0982 0.0437 0.0329 0.5387 
        D624  1 0.8223 0.0467 0.0253 0.0478 0.0385 0.0193 
        D625  1 0.0646 0.7162 0.0209 0.0826 0.0613 0.0545 
        D626  1 0.5327 0.1214 0.0399 0.0810 0.1681 0.0568 
        D627  1 0.0504 0.0835 0.0792 0.7163 0.0478 0.0228 
        D690  1 0.0778 0.7590 0.0164 0.0307 0.0908 0.0253 
        D691  1 0.0446 0.1303 0.0285 0.0659 0.7023 0.0283 
        D710  1 0.2093 0.3344 0.0623 0.1150 0.1399 0.1391 
        D711  1 0.0526 0.7309 0.0355 0.0546 0.0616 0.0649 
        D712  1 0.6898 0.0454 0.0502 0.0705 0.0632 0.0810 
        D713  1 0.1658 0.2412 0.0321 0.1145 0.0904 0.3561 
        D746  1 0.0345 0.0841 0.0257 0.0349 0.8010 0.0197 
        D747  1 0.0179 0.8928 0.0231 0.0240 0.0195 0.0226 
        D748  1 0.0501 0.4263 0.0319 0.1806 0.2458 0.0653 
        D749  1 0.1253 0.0305 0.0649 0.1063 0.5553 0.1178 
        D750  1 0.5805 0.1759 0.0322 0.0556 0.1125 0.0434 
        D763  1 0.0469 0.2240 0.2584 0.1937 0.0902 0.1867 
        D764  1 0.2352 0.5455 0.0236 0.0628 0.1125 0.0205 
        D765  1 0.1661 0.0661 0.0312 0.1459 0.5563 0.0344 
        D766  1 0.0514 0.2248 0.0261 0.0623 0.4967 0.1388 
        D767  1 0.0418 0.1440 0.0786 0.1416 0.1539 0.4400 
        D768  1 0.0190 0.8916 0.0237 0.0221 0.0259 0.0177 
        D811  1 0.3904 0.0570 0.0392 0.2501 0.0791 0.1841 
        D816  1 0.0312 0.8739 0.0195 0.0246 0.0249 0.0260 
        D825  1 0.3199 0.2175 0.0238 0.2039 0.1496 0.0853 
        D866  1 0.3538 0.0570 0.3560 0.1322 0.0620 0.0391 
        D867  1 0.0309 0.0398 0.0393 0.0668 0.7365 0.0866 
        D871  1 0.0561 0.0595 0.0287 0.7840 0.0391 0.0327 
        D872  1 0.0508 0.4764 0.0454 0.0875 0.2166 0.1234 
        D873  1 0.0161 0.0116 0.0169 0.0208 0.8766 0.0581 
        D874  1 0.1523 0.1467 0.0367 0.0556 0.0213 0.5874 
        D875  1 0.0207 0.0433 0.0208 0.7943 0.0926 0.0284 
        D876  1 0.1243 0.6048 0.0383 0.0746 0.0732 0.0848 
        D877  1 0.2152 0.0525 0.0322 0.1281 0.0235 0.5486 
        D892  1 0.1322 0.4842 0.0238 0.1446 0.1365 0.0786 
        D893  1 0.0418 0.6658 0.0636 0.0892 0.0805 0.0591 
        D894  1 0.1040 0.5303 0.0627 0.2065 0.0567 0.0398 
        D915  1 0.0686 0.6753 0.0405 0.0749 0.1125 0.0282 
        D916  1 0.0415 0.8726 0.0191 0.0256 0.0280 0.0131 
        D917  1 0.3254 0.2096 0.1370 0.1074 0.0455 0.1751 
        D925  1 0.1219 0.1516 0.0225 0.0244 0.6559 0.0238 
        D926  1 0.1066 0.5039 0.0330 0.1929 0.0794 0.0842 
        D927  1 0.0965 0.3983 0.2780 0.1189 0.0414 0.0670 
        D928  1 0.7719 0.1125 0.0243 0.0233 0.0255 0.0424 
        D929  1 0.0707 0.0464 0.0241 0.1314 0.0631 0.6642 
        D936  1 0.0561 0.5800 0.1002 0.0680 0.0393 0.1564 
        D938  1 0.0332 0.0311 0.0212 0.0222 0.8618 0.0305 
        D956  1 0.6738 0.0360 0.0429 0.1252 0.0528 0.0693 
        D957  1 0.0615 0.2774 0.0441 0.0730 0.3712 0.1727 
        D958  1 0.1199 0.4164 0.0247 0.0738 0.2656 0.0995 
        D959  1 0.0234 0.7367 0.0805 0.0933 0.0451 0.0210 
        D960  1 0.0340 0.0308 0.0219 0.0298 0.8174 0.0661 
        D989  1 0.7012 0.0587 0.0991 0.0620 0.0306 0.0483 
        D990  1 0.0952 0.0222 0.0491 0.0434 0.7711 0.0190 
        D023  2 0.0248 0.1255 0.0291 0.0483 0.7500 0.0223 
        D130  2 0.0187 0.1530 0.0359 0.0727 0.6844 0.0352 
        D131  2 0.0577 0.3320 0.0862 0.4238 0.0522 0.0482 
        D163  2 0.0515 0.1269 0.0218 0.0429 0.7235 0.0334 
        D164  2 0.0132 0.0198 0.4440 0.0197 0.4832 0.0202 
        D165  2 0.0298 0.0643 0.0391 0.0471 0.7905 0.0292 
        D166  2 0.0340 0.0663 0.0618 0.5157 0.0746 0.2477 
        D167  2 0.0435 0.0202 0.8403 0.0345 0.0224 0.0391 
        D192  2 0.0267 0.0123 0.8933 0.0174 0.0171 0.0333 
        D193  2 0.1896 0.0274 0.0539 0.1103 0.0573 0.5614 
        D206  2 0.0333 0.3997 0.2333 0.1350 0.1040 0.0946 
        D207  2 0.0288 0.0575 0.6898 0.1484 0.0244 0.0511 
        D208  2 0.4969 0.0749 0.1888 0.0765 0.0651 0.0979 
        D209  2 0.0502 0.0766 0.3677 0.1112 0.1064 0.2880 
        D210  2 0.5618 0.0718 0.2167 0.0689 0.0365 0.0443 
     D229599  2 0.1306 0.2374 0.0731 0.1088 0.1730 0.2771 
     D229600  2 0.0279 0.0504 0.3567 0.0754 0.4427 0.0468 
     D237227  2 0.6632 0.0462 0.0641 0.0491 0.1466 0.0308 
     D237228  2 0.2916 0.0249 0.0756 0.1233 0.4276 0.0570 
     D237258  2 0.1270 0.1196 0.2568 0.1626 0.2002 0.1338 
     D237310  2 0.0568 0.0197 0.0609 0.3466 0.4018 0.1142 
     D237311  2 0.0348 0.0249 0.1706 0.0821 0.6473 0.0402 
     D237312  2 0.0795 0.0423 0.0337 0.3479 0.2704 0.2262 
     D237313  2 0.1728 0.3659 0.0515 0.1521 0.1381 0.1197 
     D237322  2 0.1588 0.0524 0.1693 0.3155 0.0705 0.2335 
     D237323  2 0.1558 0.0199 0.0347 0.1172 0.6187 0.0537 
     D237324  2 0.0258 0.0628 0.3923 0.1373 0.3488 0.0329 
     D237325  2 0.1044 0.0597 0.0580 0.1464 0.4762 0.1552 
     D237326  2 0.0844 0.1137 0.0496 0.0442 0.6667 0.0415 
     D237327  2 0.0914 0.0867 0.4720 0.1810 0.0498 0.1191 
     D237337  2 0.0577 0.0418 0.0205 0.0912 0.7441 0.0446 
     D237338  2 0.1748 0.0827 0.0920 0.1201 0.3924 0.1379 
     D237339  2 0.0253 0.0917 0.2801 0.0623 0.0300 0.5106 
     D237340  2 0.2044 0.0308 0.1928 0.0993 0.3409 0.1319 
     D237389  2 0.0315 0.0324 0.0806 0.1486 0.5863 0.1207 
     D237390  2 0.1221 0.0963 0.0428 0.2228 0.3333 0.1828 
     D244017  2 0.4120 0.0408 0.2679 0.1464 0.0544 0.0786 
     D244112  2 0.0292 0.0181 0.8034 0.0523 0.0643 0.0326 
     D244118  2 0.0264 0.0183 0.4553 0.0266 0.4151 0.0583 
     D244119  2 0.6144 0.0342 0.2719 0.0275 0.0312 0.0208 
     D244120  2 0.0779 0.0158 0.4672 0.1440 0.0403 0.2546 
     D244122  2 0.0471 0.0317 0.7026 0.0568 0.0833 0.0786 
        D291  2 0.0659 0.1004 0.3799 0.3288 0.0799 0.0452 
        D292  2 0.1676 0.2513 0.3804 0.0534 0.0615 0.0858 
        D293  2 0.0197 0.1478 0.7149 0.0565 0.0153 0.0458 
        D322  2 0.0262 0.1859 0.5584 0.0793 0.0542 0.0961 
        D323  2 0.1076 0.1797 0.1530 0.1820 0.0436 0.3341 
        D324  2 0.1164 0.2680 0.2155 0.2550 0.1201 0.0250 
        D325  2 0.0128 0.0393 0.8530 0.0501 0.0209 0.0239 
        D326  2 0.0359 0.8728 0.0227 0.0296 0.0163 0.0226 
        D340  2 0.0268 0.0346 0.8751 0.0222 0.0206 0.0207 
        D341  2 0.0592 0.0516 0.7383 0.0622 0.0450 0.0437 
        D342  2 0.0266 0.0378 0.5889 0.1322 0.1713 0.0432 
        D343  2 0.0109 0.0234 0.9223 0.0179 0.0119 0.0136 
        D344  2 0.0271 0.1840 0.0569 0.0995 0.0471 0.5854 
        D345  2 0.0921 0.3030 0.0702 0.0846 0.2681 0.1820 
        D346  2 0.6752 0.0714 0.0702 0.0930 0.0348 0.0553 
        D351  2 0.0331 0.3759 0.0952 0.3692 0.0574 0.0692 
        D352  2 0.0500 0.0343 0.0397 0.0921 0.0422 0.7418 
        D353  2 0.0312 0.4301 0.0579 0.2669 0.0272 0.1867 
        D354  2 0.0659 0.1136 0.0169 0.0449 0.0536 0.7052 
        D362  2 0.0368 0.8043 0.0336 0.0364 0.0525 0.0365 
        D363  2 0.0489 0.8396 0.0250 0.0339 0.0261 0.0264 
        D364  2 0.0594 0.4369 0.0249 0.0446 0.0693 0.3648 
        D365  2 0.0234 0.0359 0.8801 0.0205 0.0147 0.0255 
        D369  2 0.2479 0.2642 0.2352 0.1151 0.1066 0.0310 
        D374  2 0.4500 0.0240 0.0287 0.0339 0.0375 0.4257 
        D375  2 0.0212 0.0360 0.0165 0.0766 0.0264 0.8233 
        D376  2 0.4475 0.0197 0.0348 0.0410 0.0420 0.4151 
        D377  2 0.1687 0.0720 0.0837 0.2412 0.1949 0.2395 
        D378  2 0.0398 0.3126 0.3181 0.1153 0.0622 0.1519 
        D379  2 0.0383 0.8212 0.0220 0.0355 0.0288 0.0542 
        D384  2 0.0464 0.8811 0.0182 0.0209 0.0169 0.0166 
        D385  2 0.0482 0.0292 0.7047 0.0419 0.0256 0.1504 
        D386  2 0.0313 0.2901 0.0610 0.1215 0.0565 0.4396 
        D391  2 0.0251 0.0531 0.7860 0.0392 0.0257 0.0709 
        D392  2 0.0694 0.0985 0.6703 0.0547 0.0768 0.0304 
        D393  2 0.0429 0.4914 0.2072 0.0768 0.0703 0.1113 
        D394  2 0.0722 0.1023 0.0714 0.1695 0.3397 0.2449 
        D395  2 0.0262 0.0315 0.2201 0.0885 0.0275 0.6061 
        D401  2 0.0689 0.0262 0.0442 0.0552 0.7798 0.0257 
        D402  2 0.0223 0.0236 0.8484 0.0358 0.0250 0.0450 
        D403  2 0.0243 0.4261 0.0529 0.1673 0.1012 0.2282 
        D415  2 0.0206 0.6066 0.0280 0.2202 0.0790 0.0457 
        D435  2 0.0253 0.5580 0.2719 0.0455 0.0566 0.0426 
        D436  2 0.0821 0.1910 0.0376 0.1083 0.0454 0.5356 
        D438  2 0.0247 0.0201 0.8892 0.0242 0.0195 0.0222 
        D439  2 0.0286 0.1545 0.1037 0.0944 0.0870 0.5316 
        D449  2 0.0301 0.2264 0.5640 0.0993 0.0483 0.0318 
        D450  2 0.1814 0.1807 0.0375 0.3259 0.0781 0.1965 
        D456  2 0.0181 0.8794 0.0146 0.0532 0.0162 0.0184 
        D462  2 0.0171 0.0409 0.8252 0.0265 0.0202 0.0700 
        D463  2 0.0288 0.8908 0.0135 0.0228 0.0184 0.0257 
        D464  2 0.0382 0.1276 0.0626 0.2455 0.0239 0.5023 
        D465  2 0.0360 0.3345 0.3768 0.1576 0.0587 0.0364 
        D473  2 0.5241 0.0369 0.0528 0.0966 0.1201 0.1694 
        D474  2 0.1237 0.5896 0.1335 0.0504 0.0718 0.0310 
        D476  2 0.0241 0.0532 0.1000 0.0402 0.4201 0.3624 
        D477  2 0.1238 0.4417 0.0495 0.1009 0.0634 0.2207 
        D478  2 0.1451 0.0873 0.0611 0.3470 0.1573 0.2021 
        D480  2 0.1631 0.3654 0.1828 0.1194 0.0306 0.1386 
        D481  2 0.1681 0.2941 0.0732 0.0991 0.1375 0.2281 
        D482  2 0.3004 0.0340 0.0689 0.1028 0.0949 0.3989 
        D483  2 0.0695 0.0266 0.8178 0.0259 0.0309 0.0293 
        D484  2 0.0219 0.0153 0.0319 0.0254 0.0184 0.8871 
        D510  2 0.6863 0.0275 0.0683 0.0526 0.0300 0.1353 
        D511  2 0.0362 0.2168 0.1030 0.0684 0.0562 0.5195 
        D512  2 0.0229 0.0383 0.1229 0.3474 0.3941 0.0744 
        D513  2 0.0893 0.1706 0.5441 0.1093 0.0435 0.0431 
        D635  2 0.0531 0.4593 0.0495 0.1527 0.2571 0.0282 
        D636  2 0.0311 0.0421 0.0213 0.0237 0.8631 0.0187 
        D637  2 0.1232 0.0506 0.2505 0.1463 0.0570 0.3723 
        D658  2 0.1004 0.0277 0.3820 0.0472 0.0880 0.3547 
        D659  2 0.0494 0.7800 0.0367 0.0474 0.0480 0.0386 
        D677  2 0.0351 0.4710 0.1141 0.1499 0.1352 0.0947 
        D678  2 0.0303 0.0313 0.6611 0.1019 0.0735 0.1019 
        D679  2 0.0881 0.6187 0.0991 0.0880 0.0384 0.0676 
        D719  2 0.4652 0.2535 0.1864 0.0260 0.0272 0.0417 
        D720  2 0.0681 0.7864 0.0405 0.0421 0.0387 0.0241 
        D721  2 0.0573 0.1184 0.0899 0.0771 0.6076 0.0497 
        D722  2 0.3663 0.0427 0.0667 0.0540 0.0628 0.4074 
        D734  2 0.3675 0.0405 0.1409 0.0592 0.0201 0.3718 
        D735  2 0.1153 0.3752 0.0939 0.1991 0.1106 0.1060 
        D736  2 0.5081 0.1139 0.1736 0.0728 0.0763 0.0553 
        D737  2 0.0668 0.0278 0.4084 0.0555 0.1543 0.2871 
        D807  2 0.3142 0.2376 0.1284 0.1004 0.0828 0.1366 
        D808  2 0.0474 0.1198 0.1802 0.3265 0.2542 0.0719 
        D817  2 0.0868 0.5874 0.0351 0.0931 0.0475 0.1501 
        D818  2 0.0337 0.1088 0.3722 0.3852 0.0547 0.0454 
        D819  2 0.0720 0.3489 0.0552 0.2497 0.2103 0.0638 
        D820  2 0.0285 0.7913 0.0673 0.0513 0.0159 0.0456 
        D895  2 0.0539 0.6222 0.0468 0.0868 0.1124 0.0779 
        D896  2 0.0492 0.0308 0.0267 0.0390 0.8208 0.0335 
        D897  2 0.0387 0.0543 0.6107 0.1517 0.0661 0.0784 
        D898  2 0.1249 0.0965 0.0803 0.3848 0.1084 0.2050 
        D918  2 0.1058 0.0606 0.1435 0.3920 0.1648 0.1332 
        D919  2 0.0313 0.2456 0.1867 0.1200 0.0366 0.3798 
        D920  2 0.0553 0.0361 0.0292 0.0554 0.7826 0.0414 
        D923  2 0.0283 0.7630 0.0387 0.0476 0.0269 0.0956 
        D930  2 0.1572 0.3151 0.0651 0.2247 0.0619 0.1760 
        D931  2 0.0791 0.3811 0.1449 0.0824 0.0485 0.2640 
        D968  2 0.0202 0.0281 0.8895 0.0223 0.0162 0.0238 
        D969  2 0.1178 0.3274 0.3680 0.0922 0.0346 0.0600 
        D977  2 0.0328 0.0668 0.7051 0.1196 0.0266 0.0492 
        D978  2 0.0595 0.0480 0.2531 0.5386 0.0273 0.0735 
        D211  3 0.0586 0.1117 0.0589 0.3708 0.3251 0.0748 
     D229639  3 0.3511 0.0760 0.4118 0.0611 0.0574 0.0426 
     D237212  3 0.0733 0.1163 0.2261 0.2171 0.1172 0.2499 
     D237213  3 0.0356 0.1359 0.0671 0.3084 0.2895 0.1634 
     D237214  3 0.0415 0.0655 0.0285 0.5051 0.3280 0.0315 
     D237215  3 0.1560 0.0221 0.6699 0.0441 0.0405 0.0674 
     D237216  3 0.0400 0.0791 0.0474 0.6497 0.1028 0.0811 
     D237217  3 0.0253 0.1920 0.0931 0.2269 0.4367 0.0260 
     D237218  3 0.1196 0.1144 0.1987 0.2909 0.0876 0.1889 
     D237219  3 0.3410 0.0582 0.0546 0.1230 0.3875 0.0356 
     D237382  3 0.1445 0.1794 0.0712 0.3421 0.1254 0.1374 
     D244127  3 0.0388 0.0447 0.1541 0.1335 0.5721 0.0568 
     D244129  3 0.0859 0.1873 0.1188 0.2882 0.2198 0.0999 
     D244133  3 0.3240 0.1378 0.1750 0.2552 0.0802 0.0279 
     D244134  3 0.6342 0.0609 0.1193 0.0407 0.1148 0.0301 
     D244135  3 0.0277 0.0954 0.1096 0.1765 0.5453 0.0456 
     D244136  3 0.3126 0.3199 0.1075 0.1350 0.0696 0.0554 
        D416  3 0.0706 0.2590 0.2074 0.2198 0.1603 0.0829 
        D417  3 0.0347 0.7651 0.0276 0.0667 0.0579 0.0481 
        D419  3 0.1827 0.1789 0.2039 0.1230 0.2502 0.0613 
        D565  3 0.8456 0.0534 0.0298 0.0293 0.0244 0.0174 
        D566  3 0.5202 0.0802 0.2527 0.0672 0.0377 0.0420 
        D567  3 0.0364 0.6316 0.0528 0.0571 0.1587 0.0635 
        D568  3 0.0299 0.2878 0.1694 0.0908 0.2241 0.1981 
        D569  3 0.0415 0.0275 0.0798 0.1134 0.0368 0.7009 
        D573  3 0.0477 0.1160 0.7151 0.0630 0.0317 0.0265 
        D574  3 0.5036 0.0509 0.0840 0.2156 0.0751 0.0707 
        D575  3 0.4018 0.1789 0.0868 0.0914 0.1941 0.0471 
        D576  3 0.0712 0.0117 0.7840 0.0618 0.0248 0.0464 
        D577  3 0.0702 0.6056 0.0446 0.1319 0.0754 0.0723 
        D578  3 0.0200 0.0232 0.0342 0.4410 0.4604 0.0212 
        D579  3 0.2932 0.2267 0.1804 0.0907 0.0915 0.1175 
        D660  3 0.0376 0.0347 0.4414 0.2322 0.1233 0.1308 
        D661  3 0.0378 0.0549 0.5795 0.1876 0.0605 0.0796 
        D663  3 0.0479 0.0504 0.6639 0.1423 0.0245 0.0711 
        D664  3 0.1589 0.0281 0.1580 0.2529 0.3326 0.0694 
        D665  3 0.0207 0.0235 0.0577 0.6266 0.1285 0.1432 
        D666  3 0.3948 0.1606 0.0444 0.1364 0.2162 0.0476 
        D009  4 0.0422 0.1374 0.0318 0.1985 0.3447 0.2455 
        D057  4 0.0569 0.0593 0.3011 0.0485 0.2348 0.2994 
        D109  4 0.0833 0.0629 0.0319 0.2326 0.5376 0.0517 
     D237222  4 0.1097 0.0494 0.0477 0.0779 0.6277 0.0875 
     D237223  4 0.1303 0.0764 0.1279 0.2407 0.2962 0.1284 
     D237224  4 0.0759 0.2356 0.2742 0.0980 0.0757 0.2405 
     D237225  4 0.0745 0.2017 0.0556 0.3582 0.1847 0.1253 
     D237299  4 0.0515 0.0222 0.0291 0.8020 0.0480 0.0472 
     D237300  4 0.1300 0.0269 0.6868 0.0705 0.0369 0.0489 
     D237306  4 0.4889 0.1162 0.0430 0.1092 0.1185 0.1241 
     D237307  4 0.2127 0.5003 0.0736 0.1112 0.0542 0.0480 
     D237308  4 0.1132 0.0633 0.3836 0.0477 0.1537 0.2385 
     D237309  4 0.0389 0.2254 0.0791 0.1787 0.2749 0.2030 
     D237317  4 0.4524 0.2628 0.0397 0.0789 0.0971 0.0691 
     D237318  4 0.0427 0.0240 0.8446 0.0532 0.0197 0.0158 
     D237319  4 0.0687 0.1761 0.0719 0.3427 0.2502 0.0903 
     D237320  4 0.0637 0.1586 0.2584 0.2490 0.2263 0.0439 
     D237321  4 0.1950 0.0802 0.4913 0.0937 0.0821 0.0577 
     D237397  4 0.2283 0.0906 0.2724 0.1458 0.1921 0.0708 
     D237398  4 0.0443 0.1160 0.4665 0.2820 0.0351 0.0560 
     D237399  4 0.2767 0.1882 0.1275 0.2098 0.1226 0.0752 
     D244001  4 0.0332 0.0639 0.1176 0.0520 0.6058 0.1276 
        D289  4 0.3327 0.1352 0.1366 0.1286 0.0514 0.2154 
        D290  4 0.0460 0.1096 0.0728 0.5008 0.0395 0.2314 
        D294  4 0.0635 0.1453 0.0576 0.3062 0.0436 0.3837 
        D295  4 0.0921 0.5026 0.0462 0.1141 0.0973 0.1476 
        D301  4 0.0654 0.0301 0.0601 0.0421 0.7287 0.0736 
        D302  4 0.0232 0.2132 0.0208 0.0614 0.0366 0.6448 
        D303  4 0.6254 0.0443 0.0495 0.0622 0.0623 0.1562 
        D304  4 0.1211 0.1288 0.0981 0.4616 0.0418 0.1485 
        D305  4 0.0210 0.0397 0.0830 0.1492 0.0431 0.6639 
        D306  4 0.0434 0.0746 0.0340 0.5769 0.0522 0.2188 
        D307  4 0.0942 0.0229 0.0342 0.0363 0.7608 0.0515 
        D327  4 0.1032 0.6452 0.0588 0.0873 0.0330 0.0725 
        D328  4 0.1767 0.0356 0.0389 0.0562 0.0368 0.6557 
        D329  4 0.0802 0.0925 0.1824 0.1246 0.1371 0.3832 
        D330  4 0.0209 0.4149 0.0542 0.1481 0.2213 0.1406 
        D331  4 0.1762 0.2462 0.1020 0.2347 0.1237 0.1172 
        D333  4 0.1246 0.1020 0.1234 0.1073 0.1456 0.3971 
        D334  4 0.5651 0.1095 0.0332 0.1492 0.0678 0.0751 
        D335  4 0.0325 0.3558 0.0480 0.0396 0.0361 0.4880 
        D370  4 0.0994 0.0617 0.0447 0.0530 0.2184 0.5227 
        D371  4 0.7044 0.1392 0.0421 0.0282 0.0246 0.0615 
        D372  4 0.1014 0.0207 0.5186 0.2694 0.0292 0.0607 
        D373  4 0.0529 0.0451 0.1097 0.0580 0.6653 0.0690 
        D455  4 0.0520 0.0429 0.0447 0.0535 0.7107 0.0963 
        D490  4 0.0316 0.0373 0.0156 0.0476 0.8197 0.0481 
        D497  4 0.0321 0.0325 0.0333 0.0705 0.7643 0.0673 
        D498  4 0.1937 0.1081 0.1079 0.3081 0.1361 0.1460 
        D499  4 0.2108 0.0365 0.3039 0.2777 0.0537 0.1174 
        D514  4 0.0259 0.3537 0.0603 0.2676 0.0583 0.2343 
        D515  4 0.0414 0.0739 0.0471 0.5163 0.2334 0.0878 
        D516  4 0.1271 0.3202 0.1287 0.1225 0.2419 0.0595 
        D517  4 0.0481 0.0637 0.0789 0.0848 0.6870 0.0374 
        D518  4 0.0832 0.0779 0.0739 0.0463 0.1946 0.5241 
        D519  4 0.0394 0.1032 0.1134 0.4211 0.2914 0.0315 
        D560  4 0.0273 0.1658 0.1526 0.4093 0.1574 0.0877 
        D561  4 0.0186 0.1304 0.0531 0.5422 0.1647 0.0909 
        D562  4 0.0946 0.0751 0.1247 0.3838 0.1125 0.2093 
        D563  4 0.0336 0.0409 0.4543 0.1566 0.0768 0.2378 
        D572  4 0.0297 0.0872 0.0413 0.0889 0.0524 0.7005 
        D629  4 0.0563 0.4434 0.0608 0.2018 0.1437 0.0940 
        D630  4 0.0984 0.2085 0.0778 0.2956 0.1165 0.2031 
        D631  4 0.0578 0.0446 0.1870 0.0798 0.0485 0.5824 
        D632  4 0.0267 0.0713 0.1306 0.0473 0.5858 0.1382 
        D646  4 0.0418 0.4090 0.1167 0.1303 0.2212 0.0809 
        D647  4 0.0205 0.5577 0.0826 0.0846 0.1399 0.1147 
        D648  4 0.0585 0.0207 0.0241 0.0477 0.0230 0.8260 
        D649  4 0.0344 0.4803 0.0306 0.0625 0.2258 0.1664 
        D650  4 0.1443 0.3207 0.0533 0.2189 0.1225 0.1404 
        D708  4 0.3161 0.0793 0.0453 0.2078 0.0692 0.2824 
        D709  4 0.0603 0.0801 0.0443 0.3678 0.0869 0.3607 
        D738  4 0.4583 0.1941 0.0351 0.0745 0.1868 0.0512 
        D739  4 0.0447 0.0554 0.0589 0.3890 0.2332 0.2188 
        D740  4 0.2646 0.0299 0.1054 0.3222 0.1953 0.0826 
        D741  4 0.0237 0.1728 0.2442 0.3893 0.1122 0.0577 
        D742  4 0.1864 0.0610 0.3981 0.1900 0.0620 0.1024 
        D743  4 0.0452 0.5470 0.0726 0.0677 0.0276 0.2399 
        D744  4 0.0365 0.1035 0.0851 0.1172 0.0434 0.6143 
        D745  4 0.0431 0.0564 0.0367 0.4605 0.3512 0.0521 
        D814  4 0.0330 0.1050 0.3678 0.3052 0.0521 0.1368 
        D815  4 0.0502 0.2013 0.0497 0.0965 0.0490 0.5533 
        D828  4 0.1388 0.0169 0.0970 0.1562 0.0451 0.5459 
        D845  4 0.2068 0.0363 0.6702 0.0402 0.0210 0.0255 
        D846  4 0.0225 0.2692 0.1417 0.1093 0.0743 0.3831 
        D847  4 0.1426 0.1601 0.0881 0.4096 0.1027 0.0970 
        D848  4 0.0414 0.0268 0.2037 0.0450 0.6292 0.0540 
        D849  4 0.0346 0.0826 0.0529 0.4075 0.2943 0.1281 
        D850  4 0.1193 0.3386 0.1627 0.2062 0.1214 0.0518 
        D856  4 0.0484 0.0556 0.0393 0.6094 0.1701 0.0771 
        D857  4 0.0382 0.0133 0.0657 0.0515 0.7549 0.0764 
        D859  4 0.0440 0.0853 0.0734 0.0828 0.0400 0.6744 
        D860  4 0.5336 0.1149 0.1819 0.0427 0.0371 0.0898 
        D883  4 0.1119 0.3466 0.0599 0.0883 0.2131 0.1801 
        D884  4 0.1281 0.1607 0.0426 0.2070 0.2727 0.1889 
        D885  4 0.0628 0.1552 0.1708 0.4275 0.0806 0.1032 
        D886  4 0.0363 0.2176 0.0821 0.1574 0.3335 0.1730 
        D887  4 0.1143 0.1228 0.2805 0.1774 0.1074 0.1975 
        D889  4 0.0643 0.0722 0.1946 0.4332 0.0254 0.2104 
        D890  4 0.1572 0.0819 0.0732 0.1071 0.1970 0.3835 
        D891  4 0.0563 0.0211 0.8434 0.0481 0.0165 0.0146 
        D899  4 0.1448 0.0386 0.6228 0.0570 0.0385 0.0983 
        D900  4 0.0906 0.2119 0.0954 0.2995 0.0881 0.2145 
        D970  4 0.1144 0.2041 0.0968 0.1477 0.0839 0.3531 
        D971  4 0.0562 0.1402 0.4105 0.1017 0.0830 0.2083 
        D979  4 0.0386 0.5372 0.0326 0.0451 0.0249 0.3216 
        D093  5 0.7868 0.0498 0.0325 0.0503 0.0361 0.0444 
        D154  5 0.0987 0.0397 0.3557 0.3458 0.0453 0.1148 
        D168  5 0.0396 0.1435 0.3565 0.2144 0.1669 0.0792 
        D189  5 0.4791 0.0661 0.1515 0.1774 0.0423 0.0837 
        D190  5 0.7224 0.0629 0.0371 0.0390 0.0383 0.1003 
     D237220  5 0.1510 0.0545 0.0551 0.3242 0.2471 0.1681 
     D237221  5 0.4146 0.1067 0.2111 0.1129 0.0616 0.0931 
     D237274  5 0.0229 0.6463 0.0374 0.0486 0.0366 0.2082 
     D237275  5 0.0339 0.0241 0.7455 0.1181 0.0371 0.0412 
     D237276  5 0.2545 0.2002 0.0651 0.1440 0.1918 0.1444 
     D237277  5 0.6928 0.0374 0.1091 0.0476 0.0380 0.0750 
     D237278  5 0.2504 0.0512 0.3124 0.1312 0.1428 0.1119 
     D237279  5 0.0393 0.0639 0.0550 0.3519 0.4388 0.0511 
     D237280  5 0.1110 0.1807 0.0246 0.0843 0.5062 0.0932 
     D237281  5 0.0419 0.0557 0.7953 0.0525 0.0240 0.0306 
     D237351  5 0.1710 0.0409 0.0343 0.0689 0.6452 0.0397 
     D237352  5 0.0752 0.1579 0.0817 0.0754 0.3760 0.2338 
     D237353  5 0.8580 0.0250 0.0195 0.0263 0.0274 0.0438 
     D237359  5 0.1158 0.0660 0.0870 0.4474 0.1308 0.1530 
     D237361  5 0.8437 0.0348 0.0296 0.0310 0.0320 0.0289 
     D237362  5 0.2792 0.3506 0.0789 0.1195 0.0744 0.0975 
     D237363  5 0.0828 0.0751 0.1661 0.5679 0.0545 0.0537 
     D237364  5 0.0258 0.1446 0.1811 0.3276 0.0961 0.2248 
     D237376  5 0.1940 0.0217 0.0425 0.0811 0.0289 0.6318 
     D237377  5 0.2727 0.2284 0.0470 0.0628 0.3520 0.0371 
     D237378  5 0.5908 0.0285 0.0737 0.0615 0.0378 0.2077 
     D237379  5 0.3014 0.0388 0.0382 0.1989 0.0327 0.3900 
     D237380  5 0.0474 0.0282 0.0157 0.0326 0.5773 0.2987 
     D237381  5 0.0807 0.0671 0.0838 0.0650 0.5501 0.1533 
     D237391  5 0.8439 0.0452 0.0260 0.0359 0.0270 0.0221 
     D237392  5 0.0408 0.4850 0.1467 0.0942 0.0895 0.1437 
     D237393  5 0.2511 0.3867 0.0958 0.0643 0.1335 0.0686 
     D237394  5 0.8741 0.0357 0.0167 0.0225 0.0227 0.0283 
     D237395  5 0.3863 0.0546 0.0793 0.3086 0.1167 0.0545 
     D237396  5 0.2307 0.4302 0.0952 0.0862 0.1252 0.0325 
     D244016  5 0.3930 0.0423 0.1151 0.2119 0.0366 0.2012 
     D244018  5 0.2935 0.1090 0.3609 0.0813 0.1051 0.0503 
     D244019  5 0.0990 0.2837 0.1392 0.2651 0.0435 0.1696 
        D279  5 0.1802 0.0546 0.2218 0.3064 0.0703 0.1668 
        D280  5 0.3725 0.1261 0.1648 0.2045 0.0840 0.0482 
        D281  5 0.1320 0.0325 0.6038 0.1713 0.0207 0.0397 
        D283  5 0.5619 0.2317 0.0750 0.0528 0.0379 0.0407 
        D284  5 0.0505 0.0784 0.0712 0.6156 0.1201 0.0642 
        D285  5 0.5726 0.0983 0.0565 0.1347 0.0374 0.1006 
        D286  5 0.2834 0.1221 0.0584 0.2337 0.0772 0.2252 
        D287  5 0.2187 0.0224 0.0307 0.1321 0.0687 0.5275 
        D288  5 0.1693 0.3800 0.2148 0.1462 0.0449 0.0447 
        D308  5 0.0623 0.1023 0.0269 0.0610 0.7182 0.0293 
        D309  5 0.0274 0.0685 0.0231 0.0633 0.0410 0.7767 
        D310  5 0.8301 0.0230 0.0214 0.0714 0.0201 0.0341 
        D311  5 0.1872 0.2268 0.0459 0.2086 0.0371 0.2944 
        D312  5 0.2403 0.1471 0.0760 0.1487 0.0855 0.3024 
        D313  5 0.0358 0.0199 0.0146 0.0201 0.8952 0.0144 
        D314  5 0.1775 0.0485 0.1531 0.2890 0.1239 0.2081 
        D315  5 0.3702 0.2297 0.0748 0.1014 0.1366 0.0874 
        D317  5 0.8185 0.0681 0.0246 0.0308 0.0263 0.0317 
        D318  5 0.1168 0.1306 0.1210 0.3796 0.0826 0.1693 
        D319  5 0.8470 0.0326 0.0220 0.0361 0.0335 0.0287 
        D320  5 0.7136 0.0471 0.0291 0.0709 0.0501 0.0893 
        D321  5 0.2035 0.1044 0.0753 0.0411 0.5467 0.0291 
        D336  5 0.5588 0.0431 0.0248 0.0930 0.0306 0.2496 
        D337  5 0.8562 0.0313 0.0340 0.0235 0.0163 0.0387 
        D338  5 0.1792 0.2075 0.0974 0.3513 0.0806 0.0840 
        D339  5 0.7276 0.0555 0.0681 0.0640 0.0481 0.0368 
        D347  5 0.0707 0.2215 0.1593 0.1402 0.0356 0.3728 
        D348  5 0.6280 0.0396 0.0425 0.0431 0.0282 0.2186 
        D349  5 0.1257 0.0281 0.0312 0.0337 0.7384 0.0429 
        D350  5 0.0249 0.0349 0.0432 0.0475 0.0252 0.8242 
        D355  5 0.0359 0.1107 0.5117 0.2064 0.0245 0.1109 
        D356  5 0.3321 0.3102 0.0348 0.1242 0.1224 0.0763 
        D357  5 0.1189 0.0838 0.0913 0.3845 0.0611 0.2603 
        D358  5 0.4580 0.0574 0.0591 0.0881 0.1255 0.2120 
        D359  5 0.3921 0.4010 0.0267 0.0519 0.0371 0.0912 
        D360  5 0.5107 0.1681 0.0350 0.1119 0.1093 0.0650 
        D361  5 0.0594 0.0472 0.0268 0.0379 0.8063 0.0224 
        D366  5 0.0334 0.6192 0.2458 0.0354 0.0384 0.0278 
        D367  5 0.5339 0.0295 0.0261 0.1103 0.0773 0.2229 
        D368  5 0.3159 0.1596 0.0410 0.2175 0.1895 0.0765 
        D380  5 0.0656 0.1548 0.0957 0.2360 0.1259 0.3219 
        D381  5 0.6137 0.1016 0.0615 0.0801 0.0582 0.0850 
        D400  5 0.3055 0.1114 0.1565 0.1247 0.0499 0.2521 
        D411  5 0.0181 0.0316 0.0496 0.1334 0.7079 0.0595 
        D412  5 0.1214 0.1007 0.2435 0.1837 0.1652 0.1855 
        D413  5 0.0539 0.0884 0.6444 0.1295 0.0380 0.0457 
        D414  5 0.0303 0.0364 0.1272 0.0966 0.0260 0.6834 
        D420  5 0.1101 0.0440 0.0920 0.5635 0.1390 0.0513 
        D431  5 0.0978 0.0235 0.0964 0.2993 0.0872 0.3958 
        D432  5 0.6029 0.0702 0.0774 0.0469 0.1435 0.0591 
        D433  5 0.6935 0.0765 0.0658 0.0469 0.0513 0.0660 
        D434  5 0.4914 0.1649 0.0582 0.0989 0.1101 0.0765 
        D440  5 0.0239 0.0257 0.0247 0.0448 0.0284 0.8525 
        D447  5 0.0269 0.3711 0.1057 0.2676 0.0831 0.1456 
        D448  5 0.5029 0.0968 0.0707 0.0725 0.0243 0.2327 
        D459  5 0.0428 0.0637 0.7868 0.0436 0.0221 0.0411 
        D460  5 0.1233 0.1155 0.0319 0.0357 0.6593 0.0344 
        D461  5 0.0280 0.1238 0.0268 0.0363 0.0232 0.7620 
        D468  5 0.2138 0.2569 0.0646 0.2813 0.0871 0.0963 
        D469  5 0.1176 0.5151 0.0389 0.1480 0.0923 0.0881 
        D470  5 0.1210 0.1249 0.0612 0.2572 0.1772 0.2585 
        D471  5 0.5237 0.0937 0.0788 0.1053 0.0219 0.1767 
        D472  5 0.0240 0.7000 0.1919 0.0390 0.0279 0.0172 
        D479  5 0.0257 0.0359 0.5901 0.0466 0.0374 0.2642 
        D485  5 0.0502 0.0394 0.0497 0.1519 0.0345 0.6743 
        D486  5 0.1155 0.1833 0.0589 0.3719 0.1088 0.1616 
        D487  5 0.3763 0.0401 0.1925 0.0990 0.0689 0.2231 
        D555  5 0.8207 0.0275 0.0493 0.0267 0.0277 0.0481 
        D556  5 0.2024 0.0606 0.1191 0.1936 0.0756 0.3487 
        D557  5 0.8196 0.0390 0.0463 0.0221 0.0227 0.0503 
        D564  5 0.2706 0.0659 0.0363 0.0863 0.1359 0.4050 
        D594  5 0.0927 0.1852 0.1493 0.1838 0.0682 0.3208 
        D595  5 0.3922 0.1807 0.1279 0.1248 0.0825 0.0919 
        D596  5 0.8329 0.0300 0.0391 0.0286 0.0307 0.0386 
        D597  5 0.3208 0.1180 0.3917 0.0598 0.0314 0.0784 
        D598  5 0.4190 0.1192 0.0763 0.0698 0.1567 0.1590 
        D617  5 0.0260 0.0430 0.2177 0.1432 0.4957 0.0744 
        D618  5 0.6033 0.0932 0.0914 0.0650 0.0519 0.0952 
        D619  5 0.1453 0.2242 0.0804 0.0432 0.3254 0.1815 
        D620  5 0.0350 0.0611 0.8338 0.0193 0.0291 0.0217 
        D628  5 0.0625 0.0313 0.0326 0.0788 0.0863 0.7085 
        D714  5 0.3609 0.0216 0.1508 0.1098 0.0385 0.3184 
        D715  5 0.7087 0.1171 0.0580 0.0375 0.0363 0.0424 
        D716  5 0.0702 0.1359 0.1351 0.1715 0.0328 0.4545 
        D717  5 0.1997 0.3810 0.0577 0.1202 0.1339 0.1074 
        D718  5 0.1158 0.0294 0.0601 0.4724 0.1010 0.2214 
        D769  5 0.0290 0.0638 0.1275 0.1318 0.5237 0.1243 
        D770  5 0.1189 0.0498 0.2425 0.1252 0.0394 0.4243 
        D771  5 0.0849 0.0666 0.2916 0.2568 0.1125 0.1875 
        D772  5 0.2135 0.0808 0.0492 0.0774 0.0620 0.5170 
        D782  5 0.0566 0.0652 0.2851 0.2914 0.2638 0.0380 
        D783  5 0.1644 0.0404 0.2353 0.1087 0.0449 0.4063 
        D784  5 0.1469 0.4054 0.0818 0.1503 0.0482 0.1674 
        D785  5 0.6301 0.0637 0.0225 0.0543 0.0970 0.1323 
        D786  5 0.0234 0.1862 0.0685 0.0787 0.4305 0.2126 
        D821  5 0.9053 0.0183 0.0140 0.0204 0.0133 0.0287 
        D822  5 0.1292 0.3401 0.0883 0.2017 0.0432 0.1975 
        D826  5 0.5268 0.0690 0.1857 0.1072 0.0435 0.0678 
        D827  5 0.0458 0.4560 0.0929 0.2194 0.0487 0.1372 
        D851  5 0.1975 0.1310 0.0920 0.3213 0.1386 0.1195 
        D852  5 0.2457 0.0372 0.1231 0.0605 0.0971 0.4364 
        D853  5 0.3752 0.0985 0.0845 0.2834 0.0670 0.0913 
        D854  5 0.0345 0.2031 0.2091 0.3394 0.0563 0.1577 
        D861  5 0.2372 0.0854 0.2341 0.2443 0.0890 0.1100 
        D862  5 0.2565 0.3604 0.0397 0.1509 0.0511 0.1414 
        D865  5 0.7112 0.0346 0.0766 0.0519 0.0613 0.0644 
        D868  5 0.1132 0.6981 0.0473 0.0577 0.0455 0.0382 
        D869  5 0.0458 0.0644 0.0468 0.0863 0.7348 0.0220 
        D870  5 0.0250 0.0760 0.0631 0.7184 0.0807 0.0368 
        D907  5 0.7122 0.0348 0.0423 0.0859 0.0840 0.0408 
        D908  5 0.3450 0.0339 0.2357 0.0522 0.0886 0.2447 
        D910  5 0.4056 0.1154 0.2483 0.0713 0.0337 0.1256 
        D911  5 0.0596 0.0768 0.5885 0.2162 0.0194 0.0396 
        D934  5 0.1186 0.0744 0.2149 0.1843 0.0438 0.3641 
        D946  5 0.0563 0.0234 0.1036 0.1577 0.0753 0.5837 
        D947  5 0.0674 0.1732 0.0824 0.3044 0.0704 0.3022 
        D948  5 0.2146 0.0403 0.0233 0.0193 0.6795 0.0230 
        D949  5 0.1623 0.0618 0.0231 0.0306 0.6955 0.0267 
        D950  5 0.0712 0.0736 0.6565 0.1225 0.0230 0.0532 
        D951  5 0.0365 0.3734 0.0507 0.2312 0.0782 0.2300 
        D952  5 0.0752 0.7571 0.0459 0.0326 0.0313 0.0579 
        D953  5 0.6522 0.1122 0.0416 0.0636 0.0732 0.0571 
        D954  5 0.2478 0.5450 0.0315 0.0617 0.0503 0.0637 
        D961  5 0.1035 0.0305 0.0385 0.2045 0.0449 0.5782 
        D962  5 0.3779 0.0680 0.0210 0.0624 0.0279 0.4428 
        D963  5 0.2539 0.3773 0.0569 0.0973 0.0354 0.1792 
        D964  5 0.1005 0.0529 0.0947 0.4520 0.1032 0.1967 
        D965  5 0.0533 0.0536 0.0679 0.1185 0.0481 0.6585 
        D966  5 0.3938 0.1430 0.1146 0.0638 0.0548 0.2300 
        D967  5 0.2891 0.0518 0.3298 0.1201 0.1511 0.0581 
        D991  5 0.0955 0.0887 0.0343 0.0634 0.1936 0.5246 
        D502  6 0.0165 0.0292 0.1310 0.5238 0.0694 0.2302 
        D503  6 0.1122 0.0367 0.3331 0.2375 0.2447 0.0357 
        D504  6 0.1573 0.3362 0.0962 0.1449 0.1286 0.1369 
        D505  6 0.3467 0.0932 0.1413 0.1663 0.0845 0.1680 
        D506  6 0.8362 0.0417 0.0201 0.0505 0.0214 0.0300 
        D507  6 0.0577 0.0678 0.1089 0.1106 0.1100 0.5449 
        D508  6 0.0481 0.1930 0.1186 0.3150 0.0651 0.2602 
        D529  6 0.1671 0.1684 0.0747 0.3052 0.1923 0.0922 
        D530  6 0.0787 0.0316 0.0691 0.2196 0.1104 0.4906 
        D531  6 0.1217 0.2790 0.0715 0.3002 0.0729 0.1549 
        D532  6 0.1272 0.3061 0.0934 0.1889 0.0444 0.2400 
        D534  6 0.0268 0.0667 0.0428 0.0608 0.7459 0.0570 
        D535  6 0.3892 0.1850 0.0554 0.1289 0.1207 0.1207 
        D536  6 0.0217 0.0328 0.6204 0.1930 0.0736 0.0584 
        D554  6 0.1734 0.0667 0.0405 0.2441 0.1143 0.3610 
        D587  6 0.6606 0.1240 0.0435 0.0654 0.0518 0.0547 
        D588  6 0.5124 0.1671 0.0682 0.1270 0.0655 0.0597 
        D589  6 0.2374 0.0466 0.2871 0.2806 0.0809 0.0674 
        D590  6 0.0335 0.0534 0.7283 0.0637 0.0671 0.0540 
        D591  6 0.3215 0.0836 0.1793 0.2856 0.0916 0.0385 
        D592  6 0.0556 0.0391 0.0279 0.0394 0.8130 0.0249 
        D593  6 0.0964 0.0230 0.0462 0.2302 0.0466 0.5577 
        D682  6 0.8306 0.0272 0.0290 0.0469 0.0371 0.0294 
        D683  6 0.2663 0.4813 0.0326 0.1264 0.0575 0.0359 
        D684  6 0.0213 0.0479 0.1646 0.5225 0.1905 0.0532 
        D685  6 0.0749 0.0240 0.1546 0.6129 0.0427 0.0908 
        D686  6 0.1871 0.0598 0.0424 0.1778 0.0601 0.4728 
        D724  6 0.0362 0.1949 0.1207 0.2309 0.1105 0.3068 
        D725  6 0.0781 0.0576 0.1515 0.2129 0.0627 0.4371 
        D726  6 0.7785 0.0429 0.0282 0.0395 0.0414 0.0695 
        D727  6 0.1004 0.1923 0.4775 0.0949 0.0743 0.0606 
        D728  6 0.5001 0.0794 0.0354 0.1740 0.0492 0.1621 
        D729  6 0.0290 0.2761 0.2279 0.1081 0.3331 0.0259 
        D730  6 0.0312 0.1841 0.1218 0.1669 0.1824 0.3136 
        D731  6 0.8264 0.0152 0.0914 0.0272 0.0158 0.0239 
        D732  6 0.0400 0.1926 0.0679 0.0970 0.0422 0.5604 
        D733  6 0.0572 0.0602 0.0448 0.0761 0.0992 0.6626 
     D237251  7 0.0667 0.0582 0.3287 0.1128 0.0492 0.3844 
     D237252  7 0.0300 0.0459 0.1841 0.3565 0.2741 0.1095 
     D237253  7 0.2592 0.0743 0.2307 0.2962 0.0395 0.1001 
     D237254  7 0.0309 0.0377 0.0533 0.3614 0.4968 0.0200 
     D237255  7 0.0759 0.0284 0.7094 0.1157 0.0256 0.0449 
     D237256  7 0.0538 0.0591 0.3577 0.3142 0.0249 0.1903 
     D237257  7 0.0233 0.0590 0.0744 0.6900 0.0995 0.0538 
     D237282  7 0.0202 0.4856 0.1228 0.0722 0.1435 0.1557 
     D237283  7 0.0418 0.0168 0.0395 0.2318 0.6471 0.0231 
     D237284  7 0.0287 0.0773 0.0444 0.1759 0.6331 0.0407 
     D237285  7 0.1116 0.0568 0.1265 0.2277 0.0473 0.4301 
     D237286  7 0.2019 0.1553 0.1424 0.2578 0.0715 0.1711 
     D237287  7 0.0727 0.1348 0.4743 0.1663 0.0678 0.0840 
     D244006  7 0.0236 0.0383 0.0401 0.1619 0.6975 0.0385 
     D244007  7 0.0431 0.1795 0.4985 0.1566 0.0522 0.0700 
     D244008  7 0.0715 0.0249 0.0364 0.3097 0.5356 0.0218 
     D244009  7 0.0946 0.0946 0.0285 0.1897 0.3752 0.2175 
     D244010  7 0.0304 0.0301 0.0566 0.7860 0.0636 0.0332 
     D244011  7 0.1773 0.0355 0.0845 0.3122 0.0932 0.2973 
     D244012  7 0.0376 0.0635 0.1975 0.5137 0.0739 0.1138 
     D244013  7 0.2091 0.0955 0.3261 0.0861 0.0758 0.2075 
     D244014  7 0.0754 0.0527 0.1320 0.1652 0.2838 0.2910 
     D244015  7 0.0492 0.1560 0.0905 0.2869 0.3485 0.0689 
     D244125  7 0.4614 0.1606 0.1534 0.0856 0.0517 0.0873 
     D244126  7 0.0170 0.0229 0.0232 0.2150 0.6691 0.0527 
     D244130  7 0.0420 0.0561 0.0874 0.1419 0.3179 0.3546 
     D244131  7 0.2954 0.1789 0.0947 0.0906 0.2088 0.1316 
     D244132  7 0.1373 0.1389 0.0285 0.0415 0.0575 0.5963 
        D520  7 0.0831 0.0502 0.0274 0.6686 0.1096 0.0610 
        D521  7 0.0578 0.1375 0.1138 0.3034 0.1207 0.2668 
        D522  7 0.1018 0.0979 0.0459 0.0515 0.6183 0.0846 
        D523  7 0.1356 0.0433 0.5842 0.1101 0.0534 0.0735 
        D524  7 0.1796 0.0897 0.2843 0.1292 0.1181 0.1991 
        D525  7 0.0640 0.0398 0.2166 0.1018 0.5321 0.0455 
        D526  7 0.0259 0.0887 0.0471 0.2477 0.5687 0.0219 
        D527  7 0.1332 0.2106 0.0517 0.2281 0.1352 0.2411 
        D528  7 0.0134 0.0183 0.0128 0.9043 0.0337 0.0175 
        D558  7 0.0191 0.0502 0.0431 0.0365 0.0821 0.7690 
        D559  7 0.0143 0.0371 0.0506 0.0542 0.0368 0.8070 
        D640  7 0.3011 0.1305 0.0936 0.1109 0.0760 0.2879 
        D641  7 0.3889 0.0253 0.1281 0.1412 0.1530 0.1635 
        D642  7 0.0625 0.0692 0.1345 0.0865 0.5242 0.1231 
        D644  7 0.1807 0.0915 0.1086 0.1171 0.2696 0.2325 
        D645  7 0.2081 0.1554 0.1925 0.2302 0.1211 0.0927 
        D662  7 0.1040 0.1833 0.0195 0.0314 0.6254 0.0364 
        D687  7 0.1981 0.0689 0.0970 0.3374 0.0563 0.2422 
        D688  7 0.0266 0.2659 0.1192 0.1424 0.1348 0.3111 
        D689  7 0.2565 0.2627 0.1135 0.1816 0.1219 0.0638 
        D700  7 0.0200 0.0206 0.0152 0.9037 0.0193 0.0212 
        D797  7 0.2413 0.1920 0.1156 0.1745 0.0863 0.1902 
        D798  7 0.0491 0.0621 0.0296 0.1630 0.6111 0.0851 
        D799  7 0.0377 0.0426 0.2646 0.2178 0.1974 0.2399 
        D800  7 0.0352 0.4593 0.1239 0.2109 0.1096 0.0610 
        D132  8 0.0431 0.0458 0.0285 0.0635 0.7852 0.0339 
        D133  8 0.0212 0.0219 0.8287 0.0581 0.0467 0.0233 
        D200  8 0.0205 0.0226 0.0899 0.5493 0.0296 0.2881 
        D500  8 0.0289 0.0428 0.0217 0.0329 0.8478 0.0259 
        D614  8 0.3418 0.1071 0.0437 0.2141 0.1130 0.1803 
        D723  8 0.0442 0.4399 0.1459 0.1259 0.1766 0.0675 
        D888  8 0.1249 0.0444 0.6580 0.0801 0.0339 0.0589 
        D901  8 0.0369 0.0214 0.0267 0.7894 0.0799 0.0458 
        D902  8 0.6136 0.0421 0.0374 0.0864 0.0616 0.1589 
        D903  8 0.0834 0.4800 0.0455 0.1370 0.0334 0.2208 
        D904  8 0.0677 0.2385 0.0484 0.1086 0.1104 0.4264 
        D905  8 0.3220 0.0160 0.4673 0.0822 0.0278 0.0846 
        D906  8 0.0544 0.0851 0.4285 0.1943 0.0911 0.1466 
        D937  8 0.7963 0.0195 0.0259 0.0662 0.0275 0.0646 
        D943  8 0.0445 0.0584 0.0935 0.5380 0.1385 0.1271 
        D972  8 0.0481 0.3444 0.1087 0.2109 0.2252 0.0627 
        D973  8 0.0453 0.7151 0.0348 0.0583 0.1002 0.0463 
        D974  8 0.0755 0.2121 0.1437 0.2791 0.1241 0.1655 
        D975  8 0.0714 0.0495 0.0662 0.5914 0.0378 0.1837 
        D976  8 0.1448 0.0352 0.0792 0.4638 0.0731 0.2038 
        D201  9 0.0511 0.0762 0.2628 0.2389 0.0991 0.2719 
        D202  9 0.0325 0.0250 0.0735 0.3923 0.0497 0.4270 
     D237259  9 0.0369 0.0711 0.1198 0.5791 0.1208 0.0724 
     D237260  9 0.0828 0.0212 0.2825 0.3957 0.1304 0.0874 
     D237262  9 0.0374 0.0282 0.0205 0.0436 0.8443 0.0260 
