        D174  1 0.4610 0.4182 0.1209 
        D199  1 0.4273 0.1123 0.4604 
        D203  1 0.1564 0.3528 0.4907 
        D204  1 0.0473 0.1146 0.8381 
     D237366  1 0.1323 0.6013 0.2664 
     D237367  1 0.0905 0.4025 0.5069 
     D237368  1 0.0665 0.6597 0.2738 
     D244101  1 0.0643 0.0407 0.8949 
     D244102  1 0.4006 0.4350 0.1644 
     D244103  1 0.0598 0.5335 0.4066 
     D244104  1 0.3081 0.1463 0.5457 
     D244105  1 0.0348 0.7776 0.1876 
     D244106  1 0.7601 0.1272 0.1127 
     D244107  1 0.0259 0.6177 0.3564 
     D244108  1 0.4359 0.4537 0.1104 
     D244113  1 0.7932 0.1319 0.0749 
     D244114  1 0.2801 0.2009 0.5190 
     D244115  1 0.4752 0.3685 0.1562 
     D267365  1 0.7034 0.1292 0.1674 
        D404  1 0.7510 0.1687 0.0803 
        D405  1 0.5406 0.2210 0.2383 
        D406  1 0.0278 0.9407 0.0315 
        D407  1 0.0359 0.1511 0.8129 
        D408  1 0.9067 0.0409 0.0524 
        D409  1 0.0858 0.5959 0.3183 
        D410  1 0.0364 0.9205 0.0431 
        D421  1 0.0620 0.0357 0.9023 
        D422  1 0.0207 0.9034 0.0758 
        D423  1 0.0231 0.8702 0.1067 
        D424  1 0.0550 0.2587 0.6863 
        D425  1 0.4253 0.1465 0.4283 
        D426  1 0.0964 0.4736 0.4300 
        D427  1 0.1165 0.0759 0.8076 
        D428  1 0.2455 0.3084 0.4461 
        D429  1 0.4808 0.1940 0.3252 
        D430  1 0.5115 0.2162 0.2723 
        D491  1 0.8682 0.0673 0.0644 
        D492  1 0.1776 0.3092 0.5132 
        D537  1 0.0486 0.2400 0.7114 
        D538  1 0.2004 0.5718 0.2278 
        D539  1 0.6685 0.2624 0.0691 
        D540  1 0.2107 0.3290 0.4603 
        D541  1 0.0459 0.1394 0.8147 
        D551  1 0.1395 0.1692 0.6913 
        D552  1 0.3131 0.4901 0.1968 
        D553  1 0.0763 0.0838 0.8398 
        D615  1 0.2391 0.4629 0.2980 
        D616  1 0.1655 0.4111 0.4234 
        D621  1 0.1296 0.8008 0.0695 
        D622  1 0.0560 0.8636 0.0805 
        D623  1 0.6605 0.0968 0.2426 
        D624  1 0.7728 0.1287 0.0985 
        D625  1 0.1552 0.4103 0.4345 
        D626  1 0.5711 0.3018 0.1271 
        D627  1 0.1091 0.3771 0.5138 
        D690  1 0.2281 0.4280 0.3439 
        D691  1 0.0424 0.8746 0.0829 
        D710  1 0.2854 0.1615 0.5530 
        D711  1 0.1534 0.3350 0.5116 
        D712  1 0.8304 0.1156 0.0539 
        D713  1 0.3750 0.3199 0.3052 
        D746  1 0.0280 0.8933 0.0786 
        D747  1 0.0776 0.0910 0.8314 
        D748  1 0.0681 0.6607 0.2712 
        D749  1 0.1312 0.7330 0.1358 
        D750  1 0.6171 0.2481 0.1348 
        D763  1 0.1792 0.1643 0.6565 
        D764  1 0.3040 0.4160 0.2801 
        D765  1 0.1283 0.8265 0.0452 
        D766  1 0.0725 0.7171 0.2103 
        D767  1 0.1167 0.5175 0.3658 
        D768  1 0.0280 0.0817 0.8903 
        D811  1 0.7381 0.1817 0.0802 
        D816  1 0.2958 0.1960 0.5082 
        D825  1 0.4833 0.4255 0.0911 
        D866  1 0.7538 0.1370 0.1091 
        D867  1 0.0355 0.9024 0.0621 
        D871  1 0.0760 0.5498 0.3742 
        D872  1 0.0849 0.6375 0.2776 
        D873  1 0.0196 0.9618 0.0186 
        D874  1 0.5444 0.0610 0.3945 
        D875  1 0.0336 0.6975 0.2689 
        D876  1 0.2817 0.3919 0.3264 
        D877  1 0.7186 0.0732 0.2082 
        D892  1 0.2205 0.5707 0.2088 
        D893  1 0.1111 0.3244 0.5644 
        D894  1 0.2607 0.2831 0.4562 
        D915  1 0.1379 0.4404 0.4217 
        D916  1 0.0926 0.2743 0.6331 
        D917  1 0.5153 0.0875 0.3972 
        D925  1 0.0843 0.8500 0.0657 
        D926  1 0.2516 0.2348 0.5135 
        D927  1 0.2559 0.1143 0.6298 
        D928  1 0.8345 0.0626 0.1029 
        D929  1 0.4295 0.4064 0.1640 
        D936  1 0.2523 0.1293 0.6184 
        D938  1 0.0327 0.9373 0.0300 
        D956  1 0.7939 0.1416 0.0645 
        D957  1 0.0932 0.7371 0.1697 
        D958  1 0.1258 0.6697 0.2044 
        D959  1 0.0254 0.1289 0.8457 
        D960  1 0.0341 0.9314 0.0345 
        D989  1 0.8304 0.0545 0.1150 
        D990  1 0.0962 0.8765 0.0273 
        D023  2 0.0320 0.6630 0.3050 
        D130  2 0.0205 0.9200 0.0596 
        D131  2 0.1146 0.2162 0.6692 
        D163  2 0.0450 0.8780 0.0770 
        D164  2 0.0219 0.6428 0.3353 
        D165  2 0.0363 0.7437 0.2200 
        D166  2 0.2349 0.5502 0.2149 
        D167  2 0.2864 0.1708 0.5428 
        D192  2 0.1908 0.1958 0.6134 
        D193  2 0.6416 0.2618 0.0966 
        D206  2 0.0793 0.2792 0.6414 
        D207  2 0.1581 0.1150 0.7270 
        D208  2 0.8422 0.0754 0.0824 
        D209  2 0.0990 0.2679 0.6332 
        D210  2 0.6633 0.1069 0.2298 
     D229599  2 0.4925 0.2355 0.2719 
     D229600  2 0.0406 0.7166 0.2427 
     D237227  2 0.8121 0.1421 0.0458 
     D237228  2 0.4036 0.4953 0.1011 
     D237258  2 0.3958 0.2969 0.3074 
     D237310  2 0.1279 0.8286 0.0436 
     D237311  2 0.1088 0.7881 0.1032 
     D237312  2 0.2043 0.7224 0.0733 
     D237313  2 0.3365 0.4059 0.2576 
     D237322  2 0.7453 0.1296 0.1251 
     D237323  2 0.2290 0.7437 0.0273 
     D237324  2 0.0553 0.5054 0.4393 
     D237325  2 0.1823 0.7136 0.1041 
     D237326  2 0.0828 0.7481 0.1691 
     D237327  2 0.3205 0.1869 0.4926 
     D237337  2 0.0910 0.8564 0.0525 
     D237338  2 0.2801 0.5752 0.1448 
     D237339  2 0.0619 0.0618 0.8762 
     D237340  2 0.4046 0.4843 0.1111 
     D237389  2 0.0521 0.8721 0.0758 
     D237390  2 0.3055 0.5961 0.0984 
     D244017  2 0.7608 0.1138 0.1254 
     D244112  2 0.1321 0.4727 0.3952 
     D244118  2 0.0733 0.6767 0.2500 
     D244119  2 0.7863 0.0890 0.1247 
     D244120  2 0.7204 0.1935 0.0861 
     D244122  2 0.2595 0.2868 0.4537 
        D291  2 0.5088 0.2010 0.2901 
        D292  2 0.5714 0.1104 0.3183 
        D293  2 0.0197 0.0149 0.9655 
        D322  2 0.0333 0.0658 0.9009 
        D323  2 0.3008 0.1386 0.5606 
        D324  2 0.2900 0.2644 0.4456 
        D325  2 0.0195 0.0210 0.9594 
        D326  2 0.0797 0.0384 0.8819 
        D340  2 0.0278 0.0492 0.9231 
        D341  2 0.0875 0.1070 0.8055 
        D342  2 0.1293 0.4960 0.3747 
        D343  2 0.0135 0.0159 0.9706 
        D344  2 0.1027 0.2245 0.6728 
        D345  2 0.1821 0.4003 0.4176 
        D346  2 0.7262 0.0818 0.1920 
        D351  2 0.1098 0.2180 0.6722 
        D352  2 0.2998 0.2361 0.4641 
        D353  2 0.0492 0.0716 0.8792 
        D354  2 0.3855 0.2989 0.3156 
        D362  2 0.2120 0.2461 0.5419 
        D363  2 0.3422 0.1532 0.5046 
        D364  2 0.2362 0.2680 0.4958 
        D365  2 0.0226 0.0155 0.9618 
        D369  2 0.3620 0.2197 0.4183 
        D374  2 0.8620 0.1045 0.0335 
        D375  2 0.2058 0.3637 0.4305 
        D376  2 0.8217 0.1331 0.0452 
        D377  2 0.3600 0.4774 0.1626 
        D378  2 0.0473 0.0700 0.8827 
        D379  2 0.0935 0.0919 0.8146 
        D384  2 0.0687 0.0518 0.8795 
        D385  2 0.0732 0.0357 0.8911 
        D386  2 0.0537 0.1457 0.8007 
        D391  2 0.0285 0.0229 0.9486 
        D392  2 0.1005 0.1868 0.7128 
        D393  2 0.0965 0.1254 0.7781 
        D394  2 0.1529 0.6052 0.2418 
        D395  2 0.0853 0.0752 0.8395 
        D401  2 0.0602 0.8977 0.0421 
        D402  2 0.0514 0.0652 0.8834 
        D403  2 0.0509 0.3887 0.5604 
        D415  2 0.0222 0.2137 0.7642 
        D435  2 0.0346 0.1230 0.8424 
        D436  2 0.1994 0.2280 0.5726 
        D438  2 0.0317 0.0298 0.9385 
        D439  2 0.0612 0.2081 0.7306 
        D449  2 0.0382 0.0891 0.8727 
        D450  2 0.5591 0.2560 0.1849 
        D456  2 0.0509 0.0773 0.8718 
        D462  2 0.0189 0.0270 0.9541 
        D463  2 0.0551 0.0547 0.8903 
        D464  2 0.1200 0.0640 0.8160 
        D465  2 0.0502 0.0923 0.8575 
        D473  2 0.6666 0.2581 0.0753 
        D474  2 0.3099 0.1567 0.5333 
        D476  2 0.0349 0.6815 0.2836 
        D477  2 0.5060 0.1672 0.3268 
        D478  2 0.3758 0.3389 0.2853 
        D480  2 0.2421 0.0553 0.7026 
        D481  2 0.3264 0.2847 0.3889 
        D482  2 0.7623 0.1657 0.0721 
        D483  2 0.2282 0.1549 0.6169 
        D484  2 0.4574 0.1931 0.3494 
        D510  2 0.9079 0.0481 0.0441 
        D511  2 0.0821 0.1099 0.8081 
        D512  2 0.0582 0.6821 0.2596 
        D513  2 0.1322 0.1081 0.7596 
        D635  2 0.0826 0.2519 0.6655 
        D636  2 0.0290 0.9160 0.0550 
        D637  2 0.3564 0.1646 0.4790 
        D658  2 0.4191 0.2208 0.3602 
        D659  2 0.0957 0.1259 0.7785 
        D677  2 0.1326 0.4459 0.4215 
        D678  2 0.1594 0.2785 0.5622 
        D679  2 0.1441 0.1029 0.7530 
        D719  2 0.5898 0.0388 0.3713 
        D720  2 0.1410 0.1490 0.7100 
        D721  2 0.0519 0.5176 0.4305 
        D722  2 0.7873 0.1327 0.0799 
        D734  2 0.7382 0.0318 0.2301 
        D735  2 0.1670 0.2887 0.5442 
        D736  2 0.7496 0.0989 0.1515 
        D737  2 0.4684 0.2995 0.2321 
        D807  2 0.6561 0.1330 0.2109 
        D808  2 0.1052 0.6352 0.2596 
        D817  2 0.4258 0.1821 0.3922 
        D818  2 0.0881 0.1564 0.7555 
        D819  2 0.2370 0.3883 0.3747 
        D820  2 0.0489 0.0367 0.9144 
        D895  2 0.0991 0.2820 0.6189 
        D896  2 0.0526 0.9179 0.0295 
        D897  2 0.1603 0.2276 0.6121 
        D898  2 0.5996 0.2830 0.1174 
        D918  2 0.1770 0.5542 0.2688 
        D919  2 0.0910 0.1048 0.8042 
        D920  2 0.0354 0.9353 0.0293 
        D923  2 0.1005 0.1306 0.7690 
        D930  2 0.2804 0.2385 0.4811 
        D931  2 0.2889 0.1486 0.5625 
        D968  2 0.0376 0.0367 0.9257 
        D969  2 0.2997 0.1058 0.5945 
        D977  2 0.0500 0.0814 0.8686 
        D978  2 0.4541 0.1421 0.4037 
        D211  3 0.0731 0.7089 0.2180 
     D229639  3 0.8186 0.0855 0.0958 
     D237212  3 0.2921 0.2373 0.4705 
     D237213  3 0.1189 0.5774 0.3037 
     D237214  3 0.0538 0.7162 0.2300 
     D237215  3 0.8446 0.0502 0.1052 
     D237216  3 0.1195 0.3020 0.5785 
     D237217  3 0.0309 0.5806 0.3885 
     D237218  3 0.2736 0.1988 0.5277 
     D237219  3 0.3885 0.5587 0.0528 
     D237382  3 0.2199 0.5488 0.2312 
     D244127  3 0.0801 0.7831 0.1368 
     D244129  3 0.1683 0.3890 0.4427 
     D244133  3 0.4796 0.2943 0.2261 
     D244134  3 0.8189 0.1174 0.0637 
     D244135  3 0.0390 0.6670 0.2940 
     D244136  3 0.5058 0.1485 0.3457 
        D416  3 0.1508 0.2813 0.5679 
        D417  3 0.0709 0.2998 0.6292 
        D419  3 0.3431 0.3846 0.2723 
        D565  3 0.8880 0.0450 0.0671 
        D566  3 0.8582 0.0574 0.0844 
        D567  3 0.0724 0.3095 0.6181 
        D568  3 0.0547 0.5268 0.4185 
        D569  3 0.1411 0.2406 0.6182 
        D573  3 0.1079 0.0908 0.8012 
        D574  3 0.8052 0.1249 0.0699 
        D575  3 0.3974 0.2862 0.3165 
        D576  3 0.6772 0.1328 0.1900 
        D577  3 0.1744 0.2769 0.5487 
        D578  3 0.0260 0.9028 0.0712 
        D579  3 0.4375 0.1723 0.3902 
        D660  3 0.1852 0.4103 0.4046 
        D661  3 0.3592 0.1923 0.4485 
        D663  3 0.3930 0.0782 0.5288 
        D664  3 0.3460 0.5427 0.1113 
        D665  3 0.0938 0.6686 0.2376 
        D666  3 0.4276 0.4234 0.1490 
        D009  4 0.0778 0.6454 0.2768 
        D057  4 0.1662 0.3910 0.4428 
        D109  4 0.0985 0.8294 0.0721 
     D237222  4 0.0750 0.8565 0.0684 
     D237223  4 0.1249 0.5995 0.2756 
     D237224  4 0.3319 0.1424 0.5256 
     D237225  4 0.1241 0.4549 0.4210 
     D237299  4 0.1141 0.7477 0.1382 
     D237300  4 0.8828 0.0584 0.0588 
     D237306  4 0.4452 0.3132 0.2417 
     D237307  4 0.4679 0.1955 0.3366 
     D237308  4 0.2391 0.2289 0.5320 
     D237309  4 0.0977 0.4829 0.4194 
     D237317  4 0.6493 0.1504 0.2002 
     D237318  4 0.8051 0.0379 0.1571 
     D237319  4 0.1759 0.5886 0.2356 
     D237320  4 0.1383 0.5055 0.3562 
     D237321  4 0.7859 0.1029 0.1112 
     D237397  4 0.3433 0.3637 0.2931 
     D237398  4 0.3076 0.1324 0.5601 
     D237399  4 0.6184 0.2116 0.1700 
     D244001  4 0.0469 0.7361 0.2170 
        D289  4 0.3704 0.1239 0.5057 
        D290  4 0.4819 0.2534 0.2647 
        D294  4 0.2207 0.2043 0.5750 
        D295  4 0.2270 0.4540 0.3190 
        D301  4 0.0924 0.8730 0.0346 
        D302  4 0.0995 0.1555 0.7451 
        D303  4 0.7427 0.1613 0.0960 
        D304  4 0.7440 0.0977 0.1583 
        D305  4 0.0643 0.2131 0.7226 
        D306  4 0.6126 0.1905 0.1969 
        D307  4 0.0854 0.8813 0.0333 
        D327  4 0.1740 0.1064 0.7196 
        D328  4 0.6939 0.1933 0.1127 
        D329  4 0.2106 0.3569 0.4325 
        D330  4 0.0329 0.4224 0.5447 
        D331  4 0.5065 0.3078 0.1857 
        D333  4 0.3962 0.3611 0.2427 
        D334  4 0.6556 0.2047 0.1397 
        D335  4 0.0965 0.1102 0.7933 
        D370  4 0.5184 0.3808 0.1008 
        D371  4 0.7279 0.0548 0.2173 
        D372  4 0.9043 0.0566 0.0391 
        D373  4 0.0785 0.7893 0.1322 
        D455  4 0.0531 0.8838 0.0631 
        D490  4 0.0255 0.9500 0.0246 
        D497  4 0.0525 0.9017 0.0458 
        D498  4 0.5231 0.3534 0.1235 
        D499  4 0.5975 0.1400 0.2625 
        D514  4 0.1660 0.2573 0.5767 
        D515  4 0.0622 0.7285 0.2094 
        D516  4 0.1986 0.4871 0.3143 
        D517  4 0.0688 0.7872 0.1440 
        D518  4 0.2022 0.4006 0.3972 
        D519  4 0.0763 0.6705 0.2532 
        D560  4 0.0641 0.6078 0.3281 
        D561  4 0.0245 0.5342 0.4414 
        D562  4 0.2588 0.3524 0.3887 
        D563  4 0.0702 0.1351 0.7947 
        D572  4 0.1070 0.2302 0.6627 
        D629  4 0.1624 0.3651 0.4725 
        D630  4 0.3296 0.3402 0.3302 
        D631  4 0.2797 0.1990 0.5213 
        D632  4 0.0480 0.7084 0.2437 
        D646  4 0.0489 0.4137 0.5374 
        D647  4 0.0441 0.4101 0.5459 
        D648  4 0.6020 0.2572 0.1408 
        D649  4 0.0979 0.5550 0.3471 
        D650  4 0.3556 0.3304 0.3140 
        D708  4 0.6926 0.1698 0.1376 
        D709  4 0.5619 0.2660 0.1720 
        D738  4 0.3966 0.4388 0.1646 
        D739  4 0.2204 0.5668 0.2127 
        D740  4 0.5055 0.3353 0.1591 
        D741  4 0.0364 0.2217 0.7419 
        D742  4 0.4329 0.1107 0.4564 
        D743  4 0.1453 0.0865 0.7682 
        D744  4 0.0800 0.1208 0.7992 
        D745  4 0.0465 0.7994 0.1541 
        D814  4 0.0818 0.1708 0.7474 
        D815  4 0.2968 0.2673 0.4359 
        D828  4 0.7910 0.1529 0.0561 
        D845  4 0.7810 0.0341 0.1849 
        D846  4 0.0771 0.1818 0.7412 
        D847  4 0.3831 0.3367 0.2803 
        D848  4 0.0967 0.7604 0.1429 
        D849  4 0.0472 0.7903 0.1624 
        D850  4 0.1820 0.3027 0.5154 
        D856  4 0.1384 0.6980 0.1636 
        D857  4 0.0378 0.9325 0.0297 
        D859  4 0.3730 0.1788 0.4482 
        D860  4 0.6784 0.0628 0.2588 
        D883  4 0.3606 0.4113 0.2281 
        D884  4 0.1886 0.6068 0.2046 
        D885  4 0.0739 0.1256 0.8005 
        D886  4 0.1124 0.6666 0.2210 
        D887  4 0.4634 0.1865 0.3502 
        D889  4 0.8234 0.0625 0.1141 
        D890  4 0.5606 0.3159 0.1235 
        D891  4 0.8961 0.0223 0.0816 
        D899  4 0.6548 0.0608 0.2843 
        D900  4 0.2911 0.2554 0.4535 
        D970  4 0.2927 0.2318 0.4755 
        D971  4 0.0504 0.1325 0.8171 
        D979  4 0.1323 0.0715 0.7962 
        D093  5 0.8117 0.1131 0.0752 
        D154  5 0.3279 0.1853 0.4868 
        D168  5 0.1247 0.3521 0.5232 
        D189  5 0.7865 0.1011 0.1124 
        D190  5 0.8735 0.0642 0.0623 
     D237220  5 0.3336 0.5222 0.1442 
     D237221  5 0.6841 0.1192 0.1968 
     D237274  5 0.0618 0.1342 0.8040 
     D237275  5 0.3447 0.2547 0.4006 
     D237276  5 0.2654 0.5736 0.1610 
     D237277  5 0.8472 0.0650 0.0878 
     D237278  5 0.3987 0.2865 0.3148 
     D237279  5 0.0472 0.6626 0.2902 
     D237280  5 0.1832 0.6558 0.1610 
     D237281  5 0.2063 0.0877 0.7060 
     D237351  5 0.1178 0.8047 0.0775 
     D237352  5 0.1069 0.5033 0.3898 
     D237353  5 0.9368 0.0325 0.0307 
     D237359  5 0.4141 0.3481 0.2378 
     D237361  5 0.9065 0.0650 0.0286 
     D237362  5 0.4553 0.1499 0.3947 
     D237363  5 0.1952 0.2122 0.5926 
     D237364  5 0.1072 0.3314 0.5614 
     D237376  5 0.8531 0.0959 0.0510 
     D237377  5 0.1611 0.3418 0.4971 
     D237378  5 0.8566 0.0801 0.0633 
     D237379  5 0.7304 0.1143 0.1553 
     D237380  5 0.0724 0.8921 0.0355 
     D237381  5 0.1629 0.6481 0.1890 
     D237391  5 0.8352 0.0792 0.0856 
     D237392  5 0.0832 0.1709 0.7459 
     D237393  5 0.3865 0.2794 0.3341 
     D237394  5 0.8836 0.0692 0.0472 
     D237395  5 0.5708 0.3367 0.0925 
     D237396  5 0.1441 0.1365 0.7195 
     D244016  5 0.6390 0.0830 0.2780 
     D244018  5 0.3284 0.1524 0.5192 
     D244019  5 0.3096 0.0918 0.5986 
        D279  5 0.4165 0.1954 0.3881 
        D280  5 0.6520 0.1686 0.1794 
        D281  5 0.5351 0.0799 0.3850 
        D283  5 0.6364 0.0737 0.2899 
        D284  5 0.1374 0.6883 0.1743 
        D285  5 0.8224 0.0872 0.0904 
        D286  5 0.5613 0.2632 0.1755 
        D287  5 0.7704 0.1884 0.0412 
        D288  5 0.7000 0.0680 0.2320 
        D308  5 0.0357 0.8874 0.0769 
        D309  5 0.0412 0.0908 0.8680 
        D310  5 0.8921 0.0548 0.0530 
        D311  5 0.4951 0.1527 0.3522 
        D312  5 0.6326 0.1977 0.1697 
        D313  5 0.0246 0.9586 0.0167 
        D314  5 0.3938 0.3496 0.2566 
        D315  5 0.6005 0.2195 0.1800 
        D317  5 0.8727 0.0577 0.0696 
        D318  5 0.2602 0.1911 0.5487 
        D319  5 0.8205 0.1134 0.0660 
        D320  5 0.8686 0.0859 0.0456 
        D321  5 0.1903 0.7240 0.0857 
        D336  5 0.8513 0.0750 0.0737 
        D337  5 0.9379 0.0208 0.0412 
        D338  5 0.3287 0.3236 0.3477 
        D339  5 0.7871 0.1304 0.0826 
        D347  5 0.4973 0.1212 0.3815 
        D348  5 0.8438 0.0551 0.1011 
        D349  5 0.0963 0.8594 0.0443 
        D350  5 0.0761 0.1075 0.8164 
        D355  5 0.1368 0.0412 0.8220 
        D356  5 0.6641 0.2444 0.0915 
        D357  5 0.6110 0.2380 0.1511 
        D358  5 0.5520 0.1898 0.2582 
        D359  5 0.6276 0.0857 0.2867 
        D360  5 0.7355 0.2013 0.0631 
        D361  5 0.0339 0.9298 0.0363 
        D366  5 0.0363 0.0443 0.9194 
        D367  5 0.8231 0.1166 0.0604 
        D368  5 0.4515 0.3828 0.1656 
        D380  5 0.0944 0.1597 0.7459 
        D381  5 0.7592 0.0740 0.1668 
        D400  5 0.6607 0.1212 0.2181 
        D411  5 0.0335 0.9261 0.0404 
        D412  5 0.3785 0.3272 0.2943 
        D413  5 0.0657 0.0918 0.8426 
        D414  5 0.1654 0.1532 0.6814 
        D420  5 0.5640 0.3402 0.0959 
        D431  5 0.7320 0.2014 0.0667 
        D432  5 0.6543 0.2283 0.1173 
        D433  5 0.8415 0.0893 0.0692 
        D434  5 0.6454 0.1926 0.1620 
        D440  5 0.0590 0.1346 0.8064 
        D447  5 0.0405 0.1303 0.8293 
        D448  5 0.8675 0.0451 0.0874 
        D459  5 0.2168 0.0325 0.7507 
        D460  5 0.1021 0.7950 0.1029 
        D461  5 0.0858 0.0771 0.8370 
        D468  5 0.3672 0.1954 0.4373 
        D469  5 0.2762 0.3245 0.3993 
        D470  5 0.2047 0.5592 0.2361 
        D471  5 0.8238 0.0514 0.1248 
        D472  5 0.0440 0.0404 0.9156 
        D479  5 0.0737 0.1223 0.8040 
        D485  5 0.5271 0.2942 0.1786 
        D486  5 0.2921 0.3875 0.3205 
        D487  5 0.8166 0.1050 0.0784 
        D555  5 0.9001 0.0419 0.0581 
        D556  5 0.8111 0.1046 0.0843 
        D557  5 0.9033 0.0397 0.0570 
        D564  5 0.6869 0.2102 0.1030 
        D594  5 0.1950 0.1566 0.6484 
        D595  5 0.6161 0.1345 0.2494 
        D596  5 0.9115 0.0472 0.0413 
        D597  5 0.4361 0.0694 0.4945 
        D598  5 0.4942 0.2746 0.2312 
        D617  5 0.0641 0.7959 0.1400 
        D618  5 0.7695 0.1068 0.1237 
        D619  5 0.2601 0.4087 0.3311 
        D620  5 0.0599 0.0602 0.8799 
        D628  5 0.2144 0.4749 0.3108 
        D714  5 0.8853 0.0468 0.0679 
        D715  5 0.8330 0.0517 0.1153 
        D716  5 0.5132 0.1146 0.3722 
        D717  5 0.4416 0.2798 0.2786 
        D718  5 0.3825 0.5376 0.0799 
        D769  5 0.0538 0.8538 0.0924 
        D770  5 0.4647 0.1048 0.4305 
        D771  5 0.4645 0.2525 0.2830 
        D772  5 0.7712 0.1112 0.1176 
        D782  5 0.1098 0.4506 0.4395 
        D783  5 0.3807 0.1212 0.4981 
        D784  5 0.2713 0.1463 0.5824 
        D785  5 0.7900 0.1413 0.0687 
        D786  5 0.0436 0.7210 0.2354 
        D821  5 0.9361 0.0294 0.0345 
        D822  5 0.2452 0.1048 0.6500 
        D826  5 0.7473 0.0859 0.1667 
        D827  5 0.0721 0.0778 0.8501 
        D851  5 0.3840 0.2357 0.3803 
        D852  5 0.7111 0.1772 0.1116 
        D853  5 0.6979 0.1727 0.1294 
        D854  5 0.2300 0.2568 0.5132 
        D861  5 0.4462 0.2196 0.3342 
        D862  5 0.4754 0.1164 0.4082 
        D865  5 0.8296 0.0975 0.0729 
        D868  5 0.2391 0.2615 0.4994 
        D869  5 0.0480 0.8693 0.0827 
        D870  5 0.0289 0.6052 0.3659 
        D907  5 0.7645 0.1809 0.0546 
        D908  5 0.8032 0.1214 0.0754 
        D910  5 0.7625 0.0578 0.1797 
        D911  5 0.2290 0.0387 0.7322 
        D934  5 0.6578 0.0900 0.2522 
        D946  5 0.7005 0.2106 0.0889 
        D947  5 0.4221 0.2716 0.3064 
        D948  5 0.1254 0.8302 0.0444 
        D949  5 0.0702 0.8863 0.0435 
        D950  5 0.2478 0.0434 0.7088 
        D951  5 0.1091 0.1520 0.7390 
        D952  5 0.3411 0.1300 0.5289 
        D953  5 0.8620 0.0945 0.0435 
        D954  5 0.5548 0.1295 0.3157 
        D961  5 0.5531 0.3437 0.1032 
        D962  5 0.8645 0.0844 0.0512 
        D963  5 0.5431 0.0920 0.3649 
        D964  5 0.4642 0.3742 0.1615 
        D965  5 0.3134 0.2979 0.3887 
        D966  5 0.6043 0.0831 0.3126 
        D967  5 0.6442 0.2153 0.1405 
        D991  5 0.2451 0.5990 0.1559 
        D502  6 0.1155 0.4541 0.4304 
        D503  6 0.2639 0.5631 0.1730 
        D504  6 0.2652 0.1925 0.5423 
        D505  6 0.4841 0.1743 0.3416 
        D506  6 0.8668 0.0731 0.0601 
        D507  6 0.2694 0.3011 0.4295 
        D508  6 0.3837 0.1877 0.4286 
        D529  6 0.4623 0.3027 0.2350 
        D530  6 0.4915 0.4082 0.1003 
        D531  6 0.3564 0.2105 0.4331 
        D532  6 0.4082 0.1295 0.4623 
        D534  6 0.0496 0.8635 0.0869 
        D535  6 0.5010 0.2081 0.2910 
        D536  6 0.0488 0.2464 0.7048 
        D554  6 0.5194 0.3286 0.1520 
        D587  6 0.7189 0.1175 0.1636 
        D588  6 0.3824 0.1149 0.5027 
        D589  6 0.5423 0.1614 0.2963 
        D590  6 0.0749 0.1139 0.8112 
        D591  6 0.6492 0.1709 0.1800 
        D592  6 0.0974 0.8383 0.0643 
        D593  6 0.6391 0.2689 0.0920 
        D682  6 0.8541 0.0832 0.0628 
        D683  6 0.4306 0.2157 0.3537 
        D684  6 0.0681 0.5714 0.3606 
        D685  6 0.6044 0.2623 0.1333 
        D686  6 0.6265 0.1948 0.1787 
        D724  6 0.1646 0.4006 0.4348 
        D725  6 0.5404 0.1997 0.2599 
        D726  6 0.8441 0.0926 0.0633 
        D727  6 0.0941 0.0975 0.8085 
        D728  6 0.6592 0.1819 0.1589 
        D729  6 0.0299 0.3273 0.6428 
        D730  6 0.1752 0.5525 0.2723 
        D731  6 0.9169 0.0342 0.0489 
        D732  6 0.2311 0.2005 0.5683 
        D733  6 0.3707 0.4245 0.2049 
     D237251  7 0.7673 0.1390 0.0937 
     D237252  7 0.0997 0.7405 0.1598 
     D237253  7 0.6898 0.1163 0.1939 
     D237254  7 0.0316 0.8831 0.0853 
     D237255  7 0.7439 0.1013 0.1548 
     D237256  7 0.2557 0.0940 0.6503 
     D237257  7 0.1217 0.4757 0.4026 
     D237282  7 0.0435 0.2537 0.7028 
     D237283  7 0.0424 0.9234 0.0342 
     D237284  7 0.0304 0.8723 0.0973 
     D237285  7 0.4992 0.2268 0.2740 
     D237286  7 0.4169 0.1757 0.4074 
     D237287  7 0.1895 0.1885 0.6220 
     D244006  7 0.0292 0.8873 0.0835 
     D244007  7 0.0716 0.1010 0.8275 
     D244008  7 0.0698 0.8844 0.0457 
     D244009  7 0.1228 0.7690 0.1082 
     D244010  7 0.2051 0.5939 0.2010 
     D244011  7 0.6155 0.2048 0.1798 
     D244012  7 0.1784 0.3701 0.4515 
     D244013  7 0.6009 0.1440 0.2551 
     D244014  7 0.2881 0.4687 0.2432 
     D244015  7 0.0445 0.5846 0.3710 
     D244125  7 0.7199 0.0821 0.1980 
     D244126  7 0.0224 0.9463 0.0313 
     D244130  7 0.2022 0.5657 0.2321 
     D244131  7 0.4583 0.2766 0.2651 
     D244132  7 0.5483 0.1762 0.2755 
        D520  7 0.3707 0.4944 0.1349 
        D521  7 0.2113 0.4487 0.3400 
        D522  7 0.0936 0.6871 0.2194 
        D523  7 0.6517 0.1084 0.2399 
        D524  7 0.6193 0.2213 0.1594 
        D525  7 0.2417 0.6525 0.1058 
        D526  7 0.0316 0.8387 0.1297 
        D527  7 0.4356 0.3038 0.2606 
        D528  7 0.0206 0.1123 0.8671 
        D558  7 0.0650 0.2521 0.6829 
        D559  7 0.0896 0.2236 0.6869 
        D640  7 0.7263 0.1040 0.1697 
        D641  7 0.7321 0.2017 0.0662 
        D642  7 0.1130 0.6881 0.1989 
        D644  7 0.4654 0.3811 0.1536 
        D645  7 0.3653 0.3428 0.2919 
        D662  7 0.0989 0.7956 0.1055 
        D687  7 0.5560 0.2232 0.2209 
        D688  7 0.0704 0.3039 0.6257 
        D689  7 0.7307 0.1256 0.1437 
        D700  7 0.0208 0.0771 0.9021 
        D797  7 0.5611 0.2161 0.2228 
        D798  7 0.0524 0.8421 0.1055 
        D799  7 0.5581 0.3030 0.1390 
        D800  7 0.0690 0.2680 0.6629 
        D132  8 0.0462 0.9039 0.0499 
        D133  8 0.0535 0.2391 0.7074 
        D200  8 0.5853 0.2419 0.1728 
        D500  8 0.0328 0.9398 0.0274 
        D614  8 0.5815 0.3173 0.1012 
        D723  8 0.0991 0.3658 0.5352 
        D888  8 0.8608 0.0654 0.0738 
        D901  8 0.1557 0.7453 0.0990 
        D902  8 0.6668 0.2125 0.1208 
        D903  8 0.2667 0.0949 0.6384 
        D904  8 0.2012 0.3457 0.4531 
        D905  8 0.9555 0.0185 0.0260 
        D906  8 0.1320 0.1785 0.6895 
        D937  8 0.8591 0.1049 0.0360 
        D943  8 0.1376 0.5427 0.3198 
        D972  8 0.0580 0.5861 0.3559 
        D973  8 0.0607 0.4406 0.4987 
        D974  8 0.3488 0.3894 0.2618 
        D975  8 0.6260 0.2055 0.1684 
        D976  8 0.4681 0.3090 0.2229 
        D201  9 0.2020 0.3289 0.4691 
        D202  9 0.4847 0.4016 0.1137 
     D237259  9 0.0351 0.1979 0.7670 
     D237260  9 0.2945 0.5498 0.1558 
     D237262  9 0.0382 0.9387 0.0231 
     D237263  9 0.1564 0.6507 0.1929 
     D237264  9 0.2819 0.4285 0.2896 
     D237265  9 0.7423 0.1771 0.0806 
     D237266  9 0.0687 0.3885 0.5428 
     D237267  9 0.4770 0.2814 0.2416 
     D237268  9 0.1702 0.7104 0.1194 
     D237289  9 0.6283 0.2236 0.1480 
     D237290  9 0.5169 0.2614 0.2216 
     D237291  9 0.3645 0.2310 0.4045 
     D237292  9 0.1238 0.4361 0.4400 
     D237293  9 0.3035 0.5513 0.1451 
     D237294  9 0.1315 0.8183 0.0502 
     D237295  9 0.3720 0.4351 0.1929 
     D237296  9 0.4553 0.3556 0.1891 
     D237297  9 0.7161 0.1448 0.1390 
     D237298  9 0.2397 0.4025 0.3579 
     D237341  9 0.4022 0.2177 0.3801 
     D237342  9 0.1006 0.8079 0.0915 
     D237343  9 0.1022 0.6657 0.2320 
     D237344  9 0.6419 0.2164 0.1417 
     D237345  9 0.0251 0.9194 0.0556 
     D237346  9 0.5630 0.2330 0.2040 
     D237347  9 0.8303 0.0735 0.0962 
     D237348  9 0.2779 0.5088 0.2133 
     D237349  9 0.0342 0.1851 0.7807 
     D244109  9 0.0458 0.2719 0.6823 
     D244110  9 0.1970 0.2986 0.5045 
     D244111  9 0.2918 0.2838 0.4244 
     D244128  9 0.0500 0.8879 0.0620 
     D244137  9 0.0849 0.2450 0.6700 
     D244138  9 0.5265 0.2604 0.2130 
        D580  9 0.0487 0.8213 0.1300 
        D581  9 0.3582 0.3353 0.3065 
        D582  9 0.0355 0.9338 0.0306 
        D583  9 0.1507 0.4971 0.3522 
        D584  9 0.4605 0.4361 0.1034 
        D585  9 0.1591 0.6947 0.1462 
        D586  9 0.9064 0.0459 0.0477 
        D651  9 0.2325 0.1545 0.6130 
        D652  9 0.0481 0.5050 0.4469 
        D653  9 0.2292 0.0949 0.6759 
        D654  9 0.0452 0.2036 0.7512 
        D655  9 0.8318 0.0792 0.0890 
        D656  9 0.0384 0.7997 0.1619 
        D657  9 0.1612 0.5578 0.2809 
        D667  9 0.8476 0.0622 0.0902 
        D668  9 0.2959 0.5982 0.1059 
        D669  9 0.4871 0.2966 0.2163 
        D670  9 0.0650 0.1064 0.8286 
        D671  9 0.2434 0.2253 0.5313 
        D672  9 0.0646 0.8405 0.0949 
        D673  9 0.4231 0.4523 0.1246 
        D692  9 0.0418 0.6020 0.3563 
        D693  9 0.3870 0.4391 0.1738 
        D694  9 0.0976 0.8345 0.0679 
        D695  9 0.1997 0.6413 0.1590 
        D696  9 0.9053 0.0502 0.0445 
        D697  9 0.5684 0.1965 0.2351 
        D698  9 0.5002 0.2134 0.2864 
        D699  9 0.7324 0.2118 0.0558 
        D787  9 0.0827 0.4374 0.4798 
        D788  9 0.5621 0.2952 0.1427 
        D789  9 0.2943 0.5743 0.1313 
        D790  9 0.2142 0.3153 0.4705 
        D791  9 0.7263 0.1464 0.1272 
        D792  9 0.0695 0.2115 0.7190 
        D793  9 0.7480 0.0856 0.1663 
        D794  9 0.3390 0.1736 0.4873 
        D795  9 0.1551 0.8155 0.0294 
        D796  9 0.6444 0.2231 0.1325 
        D142 10 0.5678 0.1624 0.2698 
        D143 10 0.0936 0.1710 0.7354 
        D144 10 0.3868 0.3870 0.2261 
        D145 10 0.6998 0.1236 0.1766 
        D146 10 0.0659 0.8334 0.1007 
        D147 10 0.1062 0.4415 0.4523 
        D148 10 0.1122 0.4696 0.4182 
        D149 10 0.1727 0.1618 0.6655 
        D151 10 0.1406 0.5717 0.2878 
        D152 10 0.2045 0.1158 0.6796 
        D153 10 0.3362 0.3498 0.3140 
        D156 10 0.1327 0.1160 0.7513 
        D157 10 0.5679 0.3570 0.0751 
        D158 10 0.6383 0.2819 0.0798 
        D159 10 0.0603 0.0543 0.8854 
        D160 10 0.9473 0.0294 0.0233 
        D161 10 0.2683 0.1951 0.5366 
        D162 10 0.2988 0.0854 0.6157 
        D169 10 0.0580 0.8418 0.1002 
        D170 10 0.0922 0.8253 0.0825 
        D171 10 0.4349 0.3154 0.2497 
        D172 10 0.1715 0.4546 0.3739 
        D173 10 0.0213 0.0439 0.9348 
        D181 10 0.6879 0.1111 0.2010 
        D182 10 0.1731 0.2787 0.5482 
        D183 10 0.7788 0.1654 0.0558 
        D184 10 0.0187 0.9420 0.0392 
        D185 10 0.2492 0.3029 0.4479 
        D186 10 0.0448 0.9056 0.0496 
        D194 10 0.0947 0.7283 0.1770 
        D195 10 0.6165 0.1164 0.2671 
        D196 10 0.3520 0.0585 0.5894 
        D197 10 0.0866 0.8339 0.0795 
        D198 10 0.3004 0.3341 0.3655 
     D237226 10 0.4168 0.3449 0.2384 
     D237232 10 0.7381 0.1640 0.0979 
     D237233 10 0.5920 0.2437 0.1643 
     D237234 10 0.6855 0.1843 0.1303 
     D237354 10 0.8196 0.0442 0.1362 
     D237355 10 0.8360 0.0789 0.0851 
     D237356 10 0.4089 0.2956 0.2954 
     D237357 10 0.0982 0.3787 0.5230 
     D237358 10 0.0601 0.3177 0.6222 
     D237369 10 0.0243 0.7722 0.2035 
     D237370 10 0.7473 0.1249 0.1278 
     D237371 10 0.1896 0.4066 0.4038 
     D237372 10 0.0685 0.4586 0.4730 
     D237373 10 0.8185 0.0969 0.0846 
     D237374 10 0.9255 0.0328 0.0417 
     D237375 10 0.1167 0.2045 0.6788 
     D237400 10 0.2700 0.1401 0.5899 
     D244002 10 0.0341 0.5780 0.3879 
     D244003 10 0.8991 0.0752 0.0257 
     D244004 10 0.9123 0.0645 0.0233 
     D244005 10 0.4611 0.3637 0.1752 
     D244020 10 0.5683 0.2070 0.2247 
     D244021 10 0.0857 0.6016 0.3127 
     D244116 10 0.1012 0.6505 0.2483 
     D244117 10 0.8104 0.1066 0.0830 
     D244121 10 0.6916 0.2266 0.0818 
     D244123 10 0.7511 0.1306 0.1183 
     D244124 10 0.1728 0.6693 0.1579 
        D332 10 0.1437 0.1321 0.7241 
        D570 10 0.7663 0.1315 0.1022 
        D602 10 0.0558 0.0881 0.8561 
        D603 10 0.4695 0.3705 0.1600 
        D604 10 0.1397 0.0668 0.7935 
        D605 10 0.2475 0.3682 0.3843 
        D606 10 0.1790 0.7699 0.0511 
        D607 10 0.0466 0.0805 0.8729 
        D608 10 0.0275 0.0377 0.9348 
        D609 10 0.6823 0.1990 0.1187 
        D610 10 0.5704 0.1471 0.2825 
        D611 10 0.9336 0.0431 0.0233 
        D613 10 0.4471 0.1183 0.4346 
        D633 10 0.0932 0.2384 0.6683 
        D634 10 0.5347 0.2831 0.1822 
        D638 10 0.4546 0.1859 0.3595 
        D681 10 0.3222 0.5325 0.1453 
        D754 10 0.2571 0.6928 0.0501 
        D755 10 0.8690 0.0835 0.0475 
        D756 10 0.6574 0.2693 0.0734 
        D757 10 0.3558 0.3546 0.2896 
        D758 10 0.3091 0.4191 0.2718 
        D759 10 0.7971 0.0839 0.1190 
        D760 10 0.5512 0.1566 0.2923 
        D761 10 0.9172 0.0336 0.0492 
        D762 10 0.1312 0.1462 0.7226 
        D775 10 0.8795 0.0904 0.0301 
        D776 10 0.7727 0.0692 0.1581 
        D777 10 0.8014 0.1370 0.0616 
        D778 10 0.3792 0.4502 0.1706 
        D779 10 0.4976 0.3948 0.1076 
        D780 10 0.5573 0.1564 0.2863 
        D781 10 0.1043 0.1207 0.7750 
        D858 10 0.0280 0.9323 0.0397 
        D933 10 0.5457 0.0797 0.3746 
        D038 11 0.6302 0.2329 0.1369 
        D063 11 0.6753 0.1583 0.1664 
        D155 11 0.7691 0.0909 0.1400 
        D175 11 0.4119 0.4979 0.0902 
        D176 11 0.4833 0.2610 0.2557 
        D205 11 0.5120 0.4300 0.0580 
     D237229 11 0.0596 0.3360 0.6044 
     D237230 11 0.0291 0.1525 0.8184 
     D237231 11 0.0510 0.1102 0.8389 
     D237269 11 0.2606 0.1590 0.5805 
     D237270 11 0.0462 0.8665 0.0873 
     D237271 11 0.5345 0.2834 0.1820 
     D237272 11 0.0604 0.3026 0.6370 
     D237273 11 0.7725 0.1536 0.0739 
     D237301 11 0.1980 0.1166 0.6855 
     D237302 11 0.1426 0.6271 0.2303 
     D237303 11 0.0276 0.6608 0.3116 
     D237304 11 0.2254 0.4656 0.3090 
     D237305 11 0.0998 0.8360 0.0642 
     D237314 11 0.7080 0.1937 0.0982 
     D237315 11 0.1052 0.7649 0.1299 
     D237316 11 0.1578 0.1461 0.6960 
     D237328 11 0.1617 0.4675 0.3708 
     D237329 11 0.2937 0.3845 0.3218 
     D237330 11 0.8465 0.0914 0.0621 
     D237331 11 0.7595 0.0867 0.1538 
     D237332 11 0.3856 0.2891 0.3254 
     D237333 11 0.8261 0.0451 0.1288 
     D237334 11 0.1644 0.1506 0.6850 
     D237335 11 0.3157 0.4393 0.2450 
     D237336 11 0.7124 0.1870 0.1006 
     D237350 11 0.5551 0.1567 0.2882 
     D237383 11 0.4336 0.4631 0.1033 
     D237384 11 0.1961 0.4695 0.3344 
     D237385 11 0.2667 0.4078 0.3255 
     D237386 11 0.2309 0.1864 0.5827 
     D237387 11 0.1263 0.4401 0.4337 
     D237388 11 0.7235 0.1180 0.1585 
        D239 11 0.7096 0.1003 0.1902 
        D240 11 0.5981 0.1785 0.2234 
        D241 11 0.0938 0.0630 0.8432 
        D242 11 0.2299 0.2529 0.5171 
        D243 11 0.7122 0.2001 0.0877 
        D244 11 0.7934 0.1759 0.0307 
        D245 11 0.0734 0.6450 0.2817 
        D246 11 0.4304 0.4130 0.1567 
        D247 11 0.2414 0.3516 0.4071 
        D248 11 0.1755 0.0805 0.7441 
        D249 11 0.3167 0.5600 0.1233 
        D250 11 0.3412 0.0573 0.6014 
        D251 11 0.6064 0.2795 0.1141 
        D252 11 0.1917 0.4145 0.3938 
        D253 11 0.7147 0.1941 0.0912 
        D254 11 0.0307 0.5640 0.4053 
        D255 11 0.4909 0.1335 0.3756 
        D256 11 0.6076 0.2052 0.1872 
        D257 11 0.0808 0.8431 0.0761 
        D258 11 0.0802 0.8158 0.1041 
        D259 11 0.0489 0.8387 0.1124 
        D260 11 0.2110 0.3708 0.4182 
        D261 11 0.4689 0.1993 0.3318 
        D262 11 0.2554 0.5008 0.2438 
        D263 11 0.4414 0.4027 0.1559 
        D264 11 0.0674 0.6398 0.2929 
        D265 11 0.1969 0.3393 0.4637 
        D266 11 0.4560 0.0680 0.4760 
        D267 11 0.5402 0.3067 0.1532 
        D268 11 0.7863 0.0648 0.1489 
        D269 11 0.3213 0.1658 0.5128 
        D270 11 0.1752 0.3897 0.4351 
        D271 11 0.4005 0.4312 0.1683 
        D272 11 0.4588 0.1904 0.3508 
        D273 11 0.0221 0.9354 0.0425 
        D274 11 0.4350 0.3670 0.1981 
        D275 11 0.3496 0.2900 0.3604 
        D276 11 0.6727 0.1246 0.2027 
        D277 11 0.3993 0.2109 0.3898 
        D278 11 0.4113 0.4587 0.1301 
        D282 11 0.0806 0.8755 0.0439 
        D296 11 0.6153 0.1207 0.2640 
        D297 11 0.4506 0.3350 0.2144 
        D298 11 0.5135 0.1338 0.3527 
        D299 11 0.7004 0.1750 0.1246 
        D300 11 0.4932 0.1920 0.3147 
        D382 11 0.5280 0.2744 0.1976 
        D383 11 0.4077 0.5503 0.0419 
        D387 11 0.6729 0.1722 0.1549 
        D388 11 0.1186 0.0772 0.8042 
        D389 11 0.5382 0.1325 0.3293 
        D390 11 0.2621 0.0864 0.6514 
        D396 11 0.1766 0.0793 0.7441 
        D397 11 0.0863 0.8442 0.0695 
        D398 11 0.5241 0.4046 0.0713 
        D399 11 0.0740 0.2354 0.6906 
        D437 11 0.1150 0.4860 0.3990 
        D441 11 0.8020 0.0627 0.1354 
        D442 11 0.3998 0.3306 0.2696 
        D443 11 0.9133 0.0421 0.0447 
        D444 11 0.2302 0.1912 0.5785 
        D445 11 0.1019 0.5240 0.3741 
        D446 11 0.0626 0.2344 0.7030 
        D451 11 0.3503 0.2960 0.3537 
        D452 11 0.2552 0.2378 0.5071 
        D453 11 0.1353 0.1711 0.6936 
        D454 11 0.1039 0.6783 0.2178 
        D457 11 0.4133 0.4568 0.1298 
        D458 11 0.5974 0.1395 0.2631 
        D466 11 0.0906 0.3037 0.6057 
        D467 11 0.6081 0.2424 0.1495 
        D475 11 0.0652 0.8777 0.0571 
        D488 11 0.1961 0.0982 0.7057 
        D489 11 0.1316 0.5778 0.2906 
        D493 11 0.0853 0.5365 0.3781 
        D494 11 0.2414 0.1786 0.5799 
        D495 11 0.1417 0.5784 0.2799 
        D496 11 0.7955 0.0341 0.1705 
        D674 11 0.7259 0.1429 0.1312 
        D675 11 0.7500 0.0381 0.2118 
        D676 11 0.2289 0.6887 0.0824 
        D680 11 0.8185 0.1480 0.0335 
        D701 11 0.2482 0.3761 0.3757 
        D702 11 0.0707 0.5180 0.4113 
        D703 11 0.3284 0.2687 0.4029 
        D704 11 0.4632 0.2664 0.2704 
        D705 11 0.0258 0.4088 0.5654 
        D706 11 0.3043 0.5348 0.1609 
        D707 11 0.1854 0.3990 0.4155 
        D751 11 0.3037 0.3742 0.3220 
        D752 11 0.5961 0.1817 0.2222 
        D753 11 0.0556 0.1604 0.7840 
        D773 11 0.0196 0.9500 0.0304 
        D774 11 0.2020 0.2174 0.5806 
        D801 11 0.5287 0.0876 0.3837 
        D802 11 0.0894 0.2087 0.7019 
        D803 11 0.8056 0.1013 0.0931 
        D804 11 0.2708 0.2366 0.4926 
        D805 11 0.3374 0.3429 0.3197 
        D806 11 0.0420 0.8982 0.0599 
        D809 11 0.5125 0.1893 0.2982 
        D810 11 0.8078 0.0579 0.1343 
        D812 11 0.1979 0.5103 0.2919 
        D813 11 0.5889 0.1474 0.2637 
        D823 11 0.4920 0.2555 0.2524 
        D824 11 0.4584 0.1945 0.3471 
        D829 11 0.1370 0.0949 0.7681 
        D830 11 0.0623 0.5711 0.3666 
        D831 11 0.4436 0.2962 0.2603 
        D832 11 0.2987 0.2822 0.4191 
        D833 11 0.5977 0.1707 0.2316 
        D834 11 0.4754 0.2145 0.3101 
        D835 11 0.1968 0.7033 0.0999 
        D855 11 0.5406 0.2281 0.2313 
        D863 11 0.9010 0.0528 0.0462 
        D864 11 0.6210 0.2101 0.1689 
        D878 11 0.7190 0.1198 0.1611 
        D879 11 0.0668 0.7632 0.1700 
        D880 11 0.3399 0.0400 0.6201 
        D881 11 0.8806 0.0809 0.0385 
        D882 11 0.2633 0.0982 0.6385 
        D909 11 0.3034 0.1453 0.5513 
        D921 11 0.6410 0.1656 0.1935 
        D924 11 0.6709 0.0525 0.2766 
        D935 11 0.1504 0.2623 0.5873 
        D940 11 0.9038 0.0346 0.0617 
        D941 11 0.6642 0.1026 0.2332 
        D942 11 0.0315 0.9184 0.0501 
        D980 11 0.1782 0.2601 0.5617 
        D981 11 0.1146 0.7356 0.1498 
        D982 11 0.0819 0.0920 0.8260 
        D983 11 0.6719 0.1272 0.2009 
        D984 11 0.3794 0.1218 0.4988 
        D992 11 0.0626 0.7835 0.1538 
        D993 11 0.5477 0.1965 0.2558 
        D994 11 0.4961 0.3214 0.1824 
        D995 11 0.2395 0.6415 0.1190 
        H354 11 0.0515 0.6605 0.2880 
        D005 12 0.0791 0.3969 0.5239 
        D035 12 0.5768 0.2247 0.1985 
        D067 12 0.4686 0.1577 0.3737 
        D134 12 0.5114 0.2711 0.2175 
        D135 12 0.3383 0.1567 0.5050 
        D136 12 0.0540 0.2574 0.6886 
        D137 12 0.1004 0.1848 0.7148 
        D138 12 0.4059 0.2837 0.3103 
        D139 12 0.2733 0.0916 0.6351 
        D140 12 0.3823 0.2766 0.3410 
        D141 12 0.0252 0.9453 0.0296 
        D150 12 0.1098 0.8193 0.0709 
        D177 12 0.3367 0.1779 0.4854 
        D178 12 0.0302 0.0725 0.8974 
        D179 12 0.0702 0.1759 0.7540 
        D180 12 0.0661 0.1973 0.7365 
        D187 12 0.6408 0.1960 0.1631 
        D188 12 0.0272 0.9414 0.0314 
        D191 12 0.0614 0.9053 0.0332 
        D418 12 0.0388 0.8905 0.0706 
        D601 12 0.0561 0.6921 0.2518 
        D836 12 0.0596 0.8295 0.1108 
        D837 12 0.3566 0.3020 0.3414 
        D838 12 0.8786 0.0460 0.0754 
        D839 12 0.1571 0.1207 0.7222 
        D840 12 0.5004 0.1301 0.3695 
        D841 12 0.4776 0.3358 0.1866 
        D842 12 0.0244 0.9525 0.0231 
        D843 12 0.5208 0.2053 0.2739 
        D844 12 0.0845 0.5408 0.3748 
        D912 12 0.5244 0.0818 0.3937 
        D913 12 0.1432 0.0588 0.7980 
