        D174  1 0.0602 0.0849 0.1193 0.0499 0.0476 0.1096 0.4456 0.0829 
        D199  1 0.0889 0.2455 0.0962 0.2014 0.0593 0.0397 0.1561 0.1129 
        D203  1 0.1477 0.2818 0.0874 0.1625 0.0508 0.1024 0.0661 0.1014 
        D204  1 0.0217 0.7721 0.0267 0.0470 0.0557 0.0261 0.0209 0.0298 
     D237366  1 0.1891 0.0705 0.4819 0.0482 0.0570 0.0300 0.0615 0.0618 
     D237367  1 0.0552 0.2796 0.2743 0.0667 0.0489 0.0770 0.0438 0.1544 
     D237368  1 0.0412 0.1431 0.4077 0.0891 0.0366 0.0651 0.1055 0.1119 
     D244101  1 0.1088 0.2743 0.0332 0.1198 0.2757 0.0374 0.0293 0.1213 
     D244102  1 0.1517 0.1011 0.1097 0.0612 0.2409 0.1786 0.0578 0.0991 
     D244103  1 0.0888 0.1691 0.3339 0.0507 0.0670 0.0465 0.0515 0.1924 
     D244104  1 0.0537 0.5722 0.0493 0.0465 0.0216 0.0553 0.1510 0.0506 
     D244105  1 0.1874 0.0752 0.3180 0.0225 0.0288 0.1760 0.0214 0.1708 
     D244106  1 0.0802 0.0644 0.0346 0.0903 0.0395 0.0464 0.5735 0.0712 
     D244107  1 0.0313 0.0685 0.3536 0.1125 0.0532 0.1892 0.0188 0.1729 
     D244108  1 0.0408 0.0669 0.0399 0.0466 0.0592 0.3325 0.3541 0.0600 
     D244113  1 0.0237 0.0206 0.0339 0.0479 0.4536 0.0380 0.3253 0.0569 
     D244114  1 0.2135 0.0917 0.1270 0.0816 0.0513 0.0651 0.0830 0.2868 
     D244115  1 0.0434 0.1248 0.0669 0.0287 0.0391 0.2247 0.2873 0.1852 
     D267365  1 0.1205 0.3693 0.0828 0.0419 0.0495 0.0402 0.2144 0.0815 
        D404  1 0.0378 0.0229 0.0284 0.0390 0.5209 0.0774 0.2224 0.0511 
        D405  1 0.0526 0.1203 0.0538 0.1229 0.3833 0.1118 0.0702 0.0850 
        D406  1 0.1446 0.0519 0.6219 0.0197 0.0316 0.0434 0.0509 0.0359 
        D407  1 0.0223 0.4518 0.3095 0.0630 0.0236 0.0150 0.0239 0.0910 
        D408  1 0.1347 0.0432 0.0425 0.0244 0.0796 0.0812 0.5099 0.0844 
        D409  1 0.1254 0.1418 0.2215 0.0570 0.0390 0.0725 0.0456 0.2972 
        D410  1 0.0154 0.0666 0.0265 0.0121 0.0284 0.7914 0.0251 0.0345 
        D421  1 0.0174 0.7812 0.0853 0.0337 0.0125 0.0134 0.0324 0.0241 
        D422  1 0.0379 0.0541 0.7701 0.0233 0.0152 0.0242 0.0179 0.0574 
        D423  1 0.0240 0.0730 0.0901 0.0582 0.0229 0.6543 0.0180 0.0596 
        D424  1 0.0351 0.5543 0.0888 0.0204 0.0266 0.0332 0.0448 0.1969 
        D425  1 0.0373 0.4639 0.0458 0.0273 0.0497 0.1257 0.1159 0.1343 
        D426  1 0.1643 0.1163 0.2878 0.0510 0.0240 0.0193 0.0408 0.2965 
        D427  1 0.0238 0.2187 0.0425 0.4236 0.0151 0.0224 0.2179 0.0360 
        D428  1 0.0361 0.2239 0.1321 0.0477 0.1320 0.0990 0.1992 0.1301 
        D429  1 0.1248 0.3189 0.0612 0.0469 0.0536 0.0585 0.2236 0.1124 
        D430  1 0.2579 0.0886 0.1065 0.0790 0.0496 0.0510 0.1426 0.2248 
        D491  1 0.0348 0.0649 0.0316 0.0171 0.0301 0.0503 0.7242 0.0470 
        D492  1 0.0423 0.2091 0.2106 0.0691 0.1067 0.0419 0.1510 0.1694 
        D537  1 0.0270 0.5619 0.1414 0.0290 0.0703 0.0494 0.0371 0.0840 
        D538  1 0.0701 0.0691 0.1446 0.1027 0.1012 0.1741 0.1219 0.2163 
        D539  1 0.3564 0.0395 0.0869 0.0471 0.0962 0.0933 0.1692 0.1115 
        D540  1 0.0623 0.2575 0.1276 0.0386 0.0385 0.1225 0.0468 0.3063 
        D541  1 0.0227 0.8477 0.0298 0.0205 0.0147 0.0247 0.0161 0.0239 
        D551  1 0.1190 0.0683 0.1708 0.1901 0.0288 0.0247 0.0394 0.3590 
        D552  1 0.0787 0.1515 0.1260 0.0339 0.0446 0.2387 0.2121 0.1145 
        D553  1 0.0289 0.8601 0.0200 0.0158 0.0157 0.0180 0.0181 0.0233 
        D615  1 0.0772 0.3466 0.0621 0.0951 0.0405 0.1520 0.0836 0.1427 
        D616  1 0.0694 0.2777 0.1230 0.1157 0.0265 0.1188 0.0822 0.1867 
        D621  1 0.0715 0.0185 0.2970 0.0275 0.3057 0.1333 0.1044 0.0421 
        D622  1 0.1098 0.0424 0.4890 0.0299 0.0387 0.1747 0.0443 0.0712 
        D623  1 0.0324 0.0252 0.0251 0.1104 0.4836 0.0517 0.2276 0.0439 
        D624  1 0.0279 0.0487 0.0308 0.0227 0.0199 0.0290 0.7686 0.0525 
        D625  1 0.0496 0.5928 0.0842 0.0202 0.0379 0.0622 0.0674 0.0858 
        D626  1 0.0994 0.0748 0.1191 0.0483 0.0388 0.1900 0.3373 0.0923 
        D627  1 0.2527 0.1196 0.1495 0.0317 0.0185 0.0225 0.0476 0.3579 
        D690  1 0.0188 0.7474 0.0461 0.0123 0.0197 0.0683 0.0554 0.0320 
        D691  1 0.1429 0.0769 0.6027 0.0197 0.0210 0.0571 0.0469 0.0328 
        D710  1 0.0550 0.2401 0.1137 0.0481 0.0973 0.1337 0.1477 0.1645 
        D711  1 0.0444 0.7162 0.0545 0.0270 0.0443 0.0329 0.0468 0.0337 
        D712  1 0.0751 0.0414 0.0873 0.0470 0.0736 0.0605 0.5424 0.0727 
        D713  1 0.0313 0.1480 0.1083 0.0247 0.3842 0.0681 0.1229 0.1124 
        D746  1 0.0888 0.0556 0.6768 0.0298 0.0220 0.0616 0.0321 0.0333 
        D747  1 0.0209 0.8507 0.0210 0.0227 0.0216 0.0219 0.0230 0.0182 
        D748  1 0.1203 0.2577 0.3429 0.0221 0.0478 0.1021 0.0445 0.0625 
        D749  1 0.0613 0.0326 0.3006 0.0534 0.1250 0.1093 0.1254 0.1925 
        D750  1 0.0236 0.1093 0.0479 0.0231 0.0399 0.0696 0.6428 0.0437 
        D763  1 0.2040 0.1065 0.1624 0.1514 0.1365 0.0601 0.0284 0.1508 
        D764  1 0.0268 0.4313 0.0915 0.0201 0.0158 0.0731 0.2761 0.0654 
        D765  1 0.0549 0.0362 0.0656 0.0167 0.0207 0.6111 0.1195 0.0752 
        D766  1 0.0519 0.1311 0.2008 0.0267 0.1140 0.3430 0.0536 0.0790 
        D767  1 0.1267 0.1256 0.1416 0.1031 0.2540 0.1090 0.0371 0.1029 
        D768  1 0.0195 0.8591 0.0247 0.0181 0.0146 0.0200 0.0168 0.0273 
        D811  1 0.0497 0.0346 0.0373 0.0308 0.1873 0.3549 0.1928 0.1125 
        D816  1 0.0194 0.8565 0.0213 0.0160 0.0159 0.0180 0.0243 0.0287 
        D825  1 0.0395 0.1076 0.0497 0.0232 0.0460 0.3941 0.1867 0.1530 
        D866  1 0.2769 0.0652 0.0323 0.1602 0.0247 0.0983 0.2442 0.0982 
        D867  1 0.0317 0.0238 0.6908 0.0445 0.0914 0.0370 0.0254 0.0554 
        D871  1 0.1587 0.1453 0.1700 0.0267 0.0384 0.0351 0.0503 0.3754 
        D872  1 0.0657 0.2954 0.1642 0.0726 0.0836 0.1691 0.0502 0.0992 
        D873  1 0.0139 0.0119 0.0274 0.0225 0.0883 0.7939 0.0131 0.0290 
        D874  1 0.0492 0.1262 0.0227 0.0282 0.5629 0.0234 0.1190 0.0684 
        D875  1 0.0742 0.1131 0.3284 0.0168 0.0239 0.1088 0.0234 0.3113 
        D876  1 0.0772 0.4583 0.1072 0.0277 0.0504 0.0635 0.1227 0.0930 
        D877  1 0.0248 0.0400 0.0176 0.0343 0.6115 0.0349 0.1575 0.0795 
        D892  1 0.1068 0.3416 0.2327 0.0163 0.0367 0.0585 0.1496 0.0577 
        D893  1 0.0792 0.6248 0.0847 0.0382 0.0360 0.0506 0.0195 0.0670 
        D894  1 0.0790 0.5592 0.0593 0.0385 0.0257 0.0446 0.0752 0.1185 
        D915  1 0.0532 0.5380 0.0974 0.0325 0.0190 0.1433 0.0442 0.0724 
        D916  1 0.0205 0.8505 0.0251 0.0162 0.0142 0.0213 0.0240 0.0281 
        D917  1 0.0695 0.1652 0.0516 0.0787 0.2006 0.0378 0.2682 0.1283 
        D925  1 0.0388 0.1654 0.0510 0.0231 0.0230 0.5449 0.1148 0.0389 
        D926  1 0.0783 0.4192 0.0984 0.0238 0.0484 0.0619 0.0861 0.1840 
        D927  1 0.0930 0.3298 0.0748 0.2590 0.0311 0.0321 0.0631 0.1172 
        D928  1 0.0166 0.0818 0.0168 0.0170 0.0379 0.0417 0.7641 0.0242 
        D929  1 0.1182 0.0511 0.0897 0.0250 0.5405 0.0464 0.0685 0.0606 
        D936  1 0.0726 0.6180 0.0286 0.0603 0.0843 0.0361 0.0330 0.0671 
        D938  1 0.1013 0.0308 0.6383 0.0182 0.0518 0.0913 0.0334 0.0348 
        D956  1 0.0611 0.0312 0.0261 0.0402 0.0528 0.0655 0.6502 0.0729 
        D957  1 0.0572 0.1409 0.1098 0.0407 0.1093 0.4087 0.0483 0.0851 
        D958  1 0.0591 0.2317 0.1603 0.0259 0.0884 0.1850 0.1554 0.0942 
        D959  1 0.0145 0.4424 0.3113 0.0481 0.0175 0.0148 0.0227 0.1286 
        D960  1 0.0911 0.0370 0.5460 0.0184 0.1053 0.0840 0.0542 0.0640 
        D989  1 0.0730 0.0549 0.0366 0.0789 0.0258 0.0299 0.6474 0.0535 
        D990  1 0.0975 0.0202 0.0416 0.0363 0.0145 0.6563 0.0841 0.0496 
        D023  2 0.0161 0.0731 0.7857 0.0244 0.0165 0.0194 0.0170 0.0478 
        D130  2 0.1050 0.0778 0.6660 0.0322 0.0360 0.0283 0.0155 0.0391 
        D131  2 0.1148 0.2882 0.0573 0.0629 0.0512 0.0734 0.0439 0.3084 
        D163  2 0.0627 0.0904 0.6246 0.0156 0.0265 0.0557 0.0590 0.0655 
        D164  2 0.0154 0.0131 0.0330 0.5289 0.0231 0.3528 0.0122 0.0213 
        D165  2 0.0244 0.0445 0.7898 0.0294 0.0238 0.0263 0.0199 0.0418 
        D166  2 0.1643 0.0603 0.1333 0.0724 0.2035 0.1154 0.0231 0.2277 
        D167  2 0.0182 0.0191 0.0191 0.8325 0.0329 0.0183 0.0342 0.0258 
        D192  2 0.0221 0.0108 0.0153 0.8700 0.0243 0.0147 0.0242 0.0187 
        D193  2 0.1114 0.0345 0.0512 0.0462 0.3881 0.0796 0.1612 0.1279 
        D206  2 0.0457 0.1367 0.2235 0.3212 0.0659 0.0541 0.0287 0.1242 
        D207  2 0.0500 0.0368 0.0353 0.7229 0.0342 0.0213 0.0226 0.0769 
        D208  2 0.2121 0.0565 0.0475 0.1653 0.0826 0.1061 0.2434 0.0865 
        D209  2 0.0326 0.0523 0.0968 0.4255 0.1045 0.0520 0.0343 0.2021 
        D210  2 0.1842 0.0562 0.0339 0.0964 0.0273 0.0330 0.5319 0.0371 
     D229599  2 0.1430 0.2134 0.0942 0.0513 0.1487 0.1003 0.0663 0.1827 
     D229600  2 0.0631 0.0335 0.4270 0.3125 0.0308 0.0397 0.0250 0.0683 
     D237227  2 0.0753 0.0518 0.0594 0.0494 0.0241 0.1864 0.4703 0.0833 
     D237228  2 0.0482 0.0176 0.0235 0.0516 0.0319 0.5653 0.1685 0.0935 
     D237258  2 0.1274 0.0627 0.1750 0.1861 0.1249 0.0844 0.0886 0.1509 
     D237310  2 0.0606 0.0171 0.0446 0.0672 0.0771 0.5732 0.0479 0.1124 
     D237311  2 0.0342 0.0212 0.0523 0.2012 0.0339 0.5466 0.0424 0.0683 
     D237312  2 0.0842 0.0278 0.1114 0.0263 0.1942 0.4068 0.0533 0.0960 
     D237313  2 0.0973 0.1913 0.0732 0.0354 0.0738 0.2412 0.0965 0.1913 
     D237322  2 0.2819 0.0406 0.0405 0.0820 0.1062 0.1279 0.0846 0.2365 
     D237323  2 0.1094 0.0216 0.0709 0.0322 0.0378 0.5143 0.1534 0.0604 
     D237324  2 0.1192 0.0743 0.2656 0.1858 0.0239 0.0506 0.0176 0.2630 
     D237325  2 0.0842 0.0401 0.1958 0.0813 0.0981 0.3299 0.0899 0.0807 
     D237326  2 0.0307 0.0969 0.0680 0.0449 0.0501 0.5619 0.0926 0.0549 
     D237327  2 0.2917 0.0692 0.1397 0.1521 0.0431 0.0301 0.0619 0.2122 
     D237337  2 0.0309 0.0238 0.0295 0.0168 0.0222 0.8047 0.0357 0.0364 
     D237338  2 0.1253 0.0616 0.1822 0.0822 0.0716 0.2023 0.1380 0.1368 
     D237339  2 0.0502 0.0807 0.0294 0.2454 0.4335 0.0325 0.0214 0.1069 
     D237340  2 0.0742 0.0253 0.0990 0.2050 0.0994 0.2635 0.1592 0.0744 
     D237389  2 0.0320 0.0280 0.0531 0.0990 0.0992 0.6093 0.0255 0.0539 
     D237390  2 0.1067 0.0576 0.0952 0.0296 0.1425 0.4041 0.0855 0.0789 
     D244017  2 0.0340 0.0468 0.0540 0.4163 0.0479 0.0716 0.2372 0.0921 
     D244112  2 0.0345 0.0202 0.0299 0.8038 0.0278 0.0322 0.0215 0.0301 
     D244118  2 0.0372 0.0141 0.2401 0.5583 0.0537 0.0377 0.0304 0.0285 
     D244119  2 0.0184 0.0257 0.0242 0.2702 0.0151 0.0391 0.5821 0.0252 
     D244120  2 0.1357 0.0152 0.0315 0.4372 0.2311 0.0411 0.0507 0.0575 
     D244122  2 0.0530 0.0286 0.0471 0.6960 0.0538 0.0332 0.0416 0.0467 
        D291  2 0.3927 0.0864 0.1007 0.1026 0.0246 0.0564 0.0243 0.2123 
        D292  2 0.1400 0.2524 0.0298 0.2546 0.0520 0.0965 0.1035 0.0712 
        D293  2 0.0422 0.1670 0.0206 0.6446 0.0312 0.0127 0.0166 0.0651 
        D322  2 0.0470 0.1830 0.0533 0.4942 0.0551 0.0451 0.0258 0.0965 
        D323  2 0.0652 0.0992 0.0660 0.1789 0.2330 0.0989 0.0529 0.2057 
        D324  2 0.2621 0.1545 0.1596 0.0772 0.0205 0.0848 0.0721 0.1693 
        D325  2 0.0296 0.0370 0.0329 0.8248 0.0173 0.0137 0.0141 0.0307 
        D326  2 0.0242 0.8568 0.0163 0.0162 0.0173 0.0142 0.0298 0.0252 
        D340  2 0.0318 0.0230 0.0250 0.8331 0.0264 0.0184 0.0225 0.0199 
        D341  2 0.1348 0.0419 0.0414 0.5649 0.0344 0.0868 0.0398 0.0560 
        D342  2 0.0361 0.0339 0.0747 0.6133 0.0273 0.0980 0.0234 0.0932 
        D343  2 0.0151 0.0174 0.0170 0.9057 0.0118 0.0093 0.0101 0.0136 
        D344  2 0.0462 0.1760 0.0332 0.0513 0.4913 0.0617 0.0222 0.1180 
        D345  2 0.0458 0.1060 0.0747 0.0479 0.0979 0.4446 0.0477 0.1354 
        D346  2 0.0643 0.0625 0.0614 0.0954 0.0682 0.0680 0.5082 0.0721 
        D351  2 0.1651 0.3298 0.0779 0.0581 0.0611 0.0815 0.0310 0.1953 
        D352  2 0.0297 0.0277 0.0215 0.0578 0.6278 0.0525 0.0573 0.1257 
        D353  2 0.0314 0.1992 0.0281 0.0369 0.0747 0.0237 0.0213 0.5847 
        D354  2 0.0312 0.0708 0.0274 0.0145 0.6417 0.0922 0.0487 0.0735 
        D362  2 0.0260 0.6930 0.0929 0.0349 0.0234 0.0451 0.0294 0.0553 
        D363  2 0.0237 0.7437 0.0495 0.0257 0.0264 0.0444 0.0405 0.0462 
        D364  2 0.0360 0.3228 0.0405 0.0245 0.2968 0.1277 0.0485 0.1032 
        D365  2 0.0158 0.0312 0.0200 0.8501 0.0222 0.0161 0.0226 0.0221 
        D369  2 0.0863 0.2230 0.0666 0.1780 0.0261 0.1426 0.1683 0.1090 
        D374  2 0.0296 0.0199 0.0190 0.0261 0.3888 0.0453 0.4358 0.0356 
        D375  2 0.0205 0.0258 0.0251 0.0143 0.7932 0.0290 0.0196 0.0726 
        D376  2 0.0279 0.0212 0.0292 0.0356 0.3359 0.0547 0.4465 0.0490 
        D377  2 0.0760 0.0419 0.0761 0.0857 0.1590 0.3500 0.0665 0.1449 
        D378  2 0.0946 0.2209 0.1119 0.2840 0.0640 0.0351 0.0251 0.1643 
        D379  2 0.0529 0.6920 0.0286 0.0258 0.0483 0.0316 0.0319 0.0888 
        D384  2 0.0182 0.8367 0.0181 0.0184 0.0148 0.0186 0.0452 0.0298 
        D385  2 0.0215 0.0215 0.0207 0.6801 0.1598 0.0313 0.0312 0.0339 
        D386  2 0.0643 0.1501 0.1150 0.0988 0.3548 0.0414 0.0262 0.1495 
        D391  2 0.0334 0.0356 0.0308 0.7537 0.0631 0.0225 0.0209 0.0401 
        D392  2 0.0287 0.0779 0.0436 0.6001 0.0242 0.1112 0.0521 0.0624 
        D393  2 0.2766 0.3120 0.0647 0.1062 0.0696 0.0753 0.0275 0.0681 
        D394  2 0.0696 0.1139 0.2027 0.0869 0.1266 0.1707 0.0572 0.1724 
        D395  2 0.0292 0.0260 0.0327 0.3387 0.4374 0.0226 0.0222 0.0912 
        D401  2 0.0179 0.0192 0.0209 0.0273 0.0152 0.8324 0.0382 0.0290 
        D402  2 0.0641 0.0247 0.0192 0.7517 0.0603 0.0264 0.0204 0.0333 
        D403  2 0.1195 0.2457 0.1269 0.0301 0.1086 0.0389 0.0248 0.3055 
        D415  2 0.0276 0.5820 0.0509 0.0255 0.0288 0.0752 0.0140 0.1959 
        D435  2 0.0515 0.4871 0.0758 0.2200 0.0325 0.0391 0.0210 0.0729 
        D436  2 0.0786 0.1925 0.0595 0.0424 0.4353 0.0548 0.0468 0.0900 
        D438  2 0.0167 0.0137 0.0267 0.8708 0.0179 0.0139 0.0224 0.0178 
        D439  2 0.0417 0.1241 0.0724 0.1032 0.2822 0.1164 0.0203 0.2396 
        D449  2 0.0201 0.0825 0.1158 0.5671 0.0227 0.0245 0.0291 0.1382 
        D450  2 0.1098 0.1423 0.0855 0.0308 0.2010 0.0716 0.1342 0.2247 
        D456  2 0.0272 0.8589 0.0185 0.0122 0.0151 0.0143 0.0169 0.0369 
        D462  2 0.0281 0.0462 0.0246 0.8053 0.0356 0.0165 0.0143 0.0294 
        D463  2 0.0231 0.8286 0.0171 0.0148 0.0251 0.0180 0.0431 0.0303 
        D464  2 0.0348 0.0740 0.0257 0.0880 0.3741 0.0324 0.0301 0.3410 
        D465  2 0.0289 0.1614 0.1329 0.4626 0.0395 0.0685 0.0254 0.0808 
        D473  2 0.0609 0.0330 0.0766 0.0430 0.1536 0.1143 0.4367 0.0821 
        D474  2 0.1110 0.5443 0.0682 0.0663 0.0267 0.0606 0.0673 0.0557 
        D476  2 0.1611 0.0420 0.3653 0.0922 0.2190 0.0275 0.0191 0.0737 
        D477  2 0.1018 0.3025 0.0314 0.0370 0.1662 0.1656 0.0771 0.1183 
        D478  2 0.0355 0.0655 0.2987 0.0752 0.1505 0.0381 0.0967 0.2398 
        D480  2 0.2556 0.2378 0.0326 0.0971 0.1033 0.0370 0.1162 0.1204 
        D481  2 0.0548 0.2801 0.1174 0.0815 0.1129 0.1130 0.1137 0.1267 
        D482  2 0.2107 0.0269 0.0407 0.0399 0.2925 0.1451 0.1238 0.1205 
        D483  2 0.0250 0.0192 0.0268 0.7839 0.0243 0.0206 0.0731 0.0271 
        D484  2 0.0168 0.0116 0.0154 0.0219 0.8769 0.0192 0.0182 0.0199 
        D510  2 0.0992 0.0272 0.0264 0.0447 0.1175 0.0418 0.5971 0.0462 
        D511  2 0.1025 0.1582 0.0802 0.1273 0.3443 0.0445 0.0266 0.1163 
        D512  2 0.0494 0.0296 0.0773 0.1606 0.0596 0.4998 0.0192 0.1044 
        D513  2 0.0497 0.0947 0.1083 0.4853 0.0377 0.0426 0.0752 0.1064 
        D635  2 0.0241 0.3087 0.3991 0.0512 0.0197 0.0478 0.0299 0.1195 
        D636  2 0.0147 0.0377 0.7676 0.0243 0.0157 0.0809 0.0232 0.0359 
        D637  2 0.0841 0.0403 0.0434 0.2042 0.3267 0.1188 0.0746 0.1079 
        D658  2 0.0533 0.0264 0.0360 0.4351 0.2232 0.0638 0.1052 0.0570 
        D659  2 0.0605 0.6367 0.1071 0.0271 0.0341 0.0237 0.0363 0.0745 
        D677  2 0.2006 0.2772 0.1838 0.0607 0.0487 0.1029 0.0246 0.1015 
        D678  2 0.0311 0.0228 0.0514 0.6717 0.0499 0.0527 0.0181 0.1024 
        D679  2 0.1062 0.3753 0.0803 0.0886 0.0610 0.0635 0.0601 0.1650 
        D719  2 0.0576 0.1804 0.0188 0.1889 0.0361 0.0473 0.4146 0.0565 
        D720  2 0.0288 0.6835 0.0527 0.0395 0.0215 0.0353 0.0828 0.0560 
        D721  2 0.0298 0.0576 0.6988 0.0549 0.0237 0.0257 0.0383 0.0713 
        D722  2 0.0467 0.0249 0.0333 0.0627 0.3662 0.1070 0.2931 0.0661 
        D734  2 0.0805 0.0383 0.0205 0.1459 0.3510 0.0237 0.2747 0.0655 
        D735  2 0.1102 0.2530 0.0746 0.0784 0.0463 0.1666 0.0923 0.1786 
        D736  2 0.1527 0.0644 0.0670 0.0858 0.0682 0.0569 0.4300 0.0750 
        D737  2 0.0941 0.0239 0.0685 0.4938 0.1472 0.0613 0.0556 0.0557 
        D807  2 0.1396 0.1751 0.0509 0.0921 0.1101 0.1018 0.2642 0.0662 
        D808  2 0.1536 0.0973 0.1029 0.1550 0.0363 0.1934 0.0359 0.2256 
        D817  2 0.0441 0.3778 0.0441 0.0397 0.1482 0.1499 0.0550 0.1413 
        D818  2 0.1909 0.0818 0.1627 0.2323 0.0308 0.0319 0.0295 0.2401 
        D819  2 0.0496 0.1949 0.0951 0.0505 0.0435 0.3654 0.0409 0.1600 
        D820  2 0.0329 0.7767 0.0281 0.0441 0.0364 0.0153 0.0279 0.0386 
        D895  2 0.0316 0.3184 0.1809 0.0435 0.0501 0.1203 0.0477 0.2076 
        D896  2 0.0189 0.0188 0.0202 0.0170 0.0234 0.8433 0.0385 0.0199 
        D897  2 0.0631 0.0323 0.0325 0.6183 0.0308 0.0719 0.0321 0.1191 
        D898  2 0.1115 0.0665 0.0394 0.0431 0.0510 0.4454 0.0419 0.2012 
        D918  2 0.1298 0.0436 0.1578 0.0753 0.1046 0.1823 0.0673 0.2394 
        D919  2 0.0944 0.2070 0.0595 0.1297 0.3332 0.0244 0.0247 0.1272 
        D920  2 0.1763 0.0308 0.5693 0.0265 0.0360 0.0603 0.0572 0.0435 
        D923  2 0.0272 0.6894 0.0365 0.0409 0.0653 0.0265 0.0293 0.0849 
        D930  2 0.0890 0.2128 0.0479 0.0528 0.1987 0.1043 0.1036 0.1910 
        D931  2 0.0660 0.2614 0.0555 0.1786 0.2300 0.0541 0.0528 0.1016 
        D968  2 0.0386 0.0285 0.0171 0.8327 0.0180 0.0199 0.0165 0.0287 
        D969  2 0.1760 0.2596 0.0485 0.2406 0.0300 0.0648 0.0722 0.1084 
        D977  2 0.0406 0.0336 0.0460 0.7033 0.0312 0.0204 0.0305 0.0944 
        D978  2 0.4620 0.0393 0.0336 0.1444 0.0357 0.0298 0.0374 0.2179 
        D211  3 0.2901 0.0474 0.4534 0.0238 0.0270 0.0580 0.0302 0.0701 
     D229639  3 0.4033 0.0844 0.0296 0.1314 0.0365 0.0652 0.1843 0.0653 
     D237212  3 0.2504 0.1299 0.1070 0.0970 0.1714 0.0896 0.0372 0.1174 
     D237213  3 0.1196 0.0685 0.1041 0.0482 0.1252 0.3891 0.0194 0.1259 
     D237214  3 0.0167 0.0469 0.7732 0.0212 0.0206 0.0173 0.0250 0.0790 
     D237215  3 0.0767 0.0227 0.0190 0.6261 0.0452 0.0531 0.1080 0.0492 
     D237216  3 0.0774 0.0437 0.1034 0.0359 0.0431 0.0649 0.0294 0.6021 
     D237217  3 0.1429 0.1425 0.2164 0.0371 0.0179 0.1142 0.0213 0.3076 
     D237218  3 0.6101 0.0739 0.0468 0.0512 0.0502 0.0381 0.0536 0.0762 
     D237219  3 0.1415 0.0428 0.0861 0.0299 0.0262 0.4640 0.1061 0.1033 
     D237382  3 0.1493 0.1217 0.0730 0.0637 0.0983 0.1974 0.1374 0.1592 
     D244127  3 0.0858 0.0265 0.0441 0.0916 0.0288 0.6116 0.0208 0.0908 
     D244129  3 0.1040 0.1442 0.1410 0.0955 0.0791 0.2038 0.0586 0.1738 
     D244133  3 0.0660 0.1095 0.1460 0.1667 0.0263 0.0802 0.1740 0.2312 
     D244134  3 0.2844 0.0477 0.0411 0.0571 0.0197 0.1925 0.3070 0.0504 
     D244135  3 0.0456 0.0397 0.7075 0.0681 0.0251 0.0284 0.0153 0.0704 
     D244136  3 0.0716 0.1754 0.1333 0.1192 0.0699 0.0568 0.2489 0.1250 
        D416  3 0.0814 0.1203 0.0905 0.1993 0.0438 0.1760 0.0391 0.2495 
        D417  3 0.1635 0.5456 0.0637 0.0206 0.0347 0.0615 0.0311 0.0795 
        D419  3 0.2032 0.1567 0.0901 0.0961 0.0255 0.1990 0.0787 0.1508 
        D565  3 0.0278 0.0416 0.0236 0.0188 0.0190 0.0213 0.8259 0.0219 
        D566  3 0.2120 0.0816 0.0593 0.0856 0.0421 0.0631 0.3609 0.0954 
        D567  3 0.0410 0.5551 0.0916 0.0493 0.0658 0.0982 0.0306 0.0684 
        D568  3 0.1748 0.1737 0.2054 0.1194 0.0788 0.1113 0.0229 0.1135 
        D569  3 0.0507 0.0248 0.0886 0.0793 0.6124 0.0316 0.0315 0.0811 
        D573  3 0.2575 0.1844 0.0301 0.3477 0.0240 0.0330 0.0331 0.0902 
        D574  3 0.1062 0.0554 0.0724 0.0567 0.0568 0.1039 0.3877 0.1609 
        D575  3 0.0563 0.0742 0.1423 0.0756 0.0372 0.3511 0.1322 0.1310 
        D576  3 0.0545 0.0110 0.0454 0.6997 0.0563 0.0226 0.0474 0.0631 
        D577  3 0.1092 0.4570 0.1607 0.0267 0.0513 0.0448 0.0396 0.1106 
        D578  3 0.0343 0.0186 0.8022 0.0281 0.0152 0.0238 0.0168 0.0611 
        D579  3 0.2043 0.1644 0.0812 0.0892 0.0766 0.0668 0.2046 0.1129 
        D660  3 0.0380 0.0210 0.0730 0.5882 0.0567 0.0832 0.0205 0.1194 
        D661  3 0.3664 0.0329 0.1118 0.2675 0.0429 0.0311 0.0215 0.1260 
        D663  3 0.3764 0.0771 0.0459 0.2492 0.0658 0.0217 0.0271 0.1369 
        D664  3 0.0679 0.0229 0.1831 0.2040 0.0522 0.2380 0.0738 0.1580 
        D665  3 0.1066 0.0191 0.1597 0.0564 0.0970 0.1458 0.0150 0.4003 
        D666  3 0.0741 0.0752 0.0494 0.0265 0.0409 0.4922 0.1388 0.1030 
        D009  4 0.1675 0.1118 0.1908 0.0257 0.1165 0.1684 0.0349 0.1844 
        D057  4 0.2646 0.0614 0.2814 0.1620 0.1322 0.0188 0.0343 0.0453 
        D109  4 0.0482 0.0459 0.1016 0.0268 0.0430 0.5169 0.0506 0.1670 
     D237222  4 0.1456 0.0405 0.4826 0.0422 0.0624 0.0408 0.1391 0.0468 
     D237223  4 0.1583 0.0541 0.2163 0.0796 0.0722 0.1699 0.1265 0.1231 
     D237224  4 0.1833 0.1704 0.0650 0.2309 0.1389 0.0759 0.0463 0.0892 
     D237225  4 0.1595 0.1537 0.1448 0.0413 0.0699 0.0979 0.0508 0.2821 
     D237299  4 0.3846 0.0311 0.0929 0.0282 0.0301 0.1686 0.0459 0.2185 
     D237300  4 0.5660 0.0245 0.0324 0.2067 0.0266 0.0352 0.0471 0.0615 
     D237306  4 0.0526 0.0843 0.0450 0.0253 0.1028 0.1118 0.4976 0.0806 
     D237307  4 0.1179 0.3608 0.0732 0.0535 0.0379 0.0579 0.2012 0.0976 
     D237308  4 0.0431 0.0603 0.0624 0.3838 0.1769 0.0975 0.0907 0.0853 
     D237309  4 0.1330 0.1607 0.1555 0.0536 0.0965 0.1326 0.0307 0.2373 
     D237317  4 0.0572 0.2127 0.0809 0.0331 0.0427 0.0760 0.3008 0.1967 
     D237318  4 0.5617 0.0376 0.0268 0.2457 0.0177 0.0226 0.0368 0.0511 
     D237319  4 0.1937 0.0779 0.2509 0.0530 0.0480 0.1195 0.0499 0.2071 
     D237320  4 0.2594 0.0801 0.2503 0.1145 0.0331 0.1451 0.0347 0.0826 
     D237321  4 0.4132 0.0706 0.0609 0.1750 0.0428 0.0532 0.0769 0.1073 
     D237397  4 0.2568 0.0819 0.1328 0.1314 0.0402 0.0922 0.1668 0.0978 
     D237398  4 0.6329 0.0729 0.0400 0.0935 0.0294 0.0186 0.0244 0.0884 
     D237399  4 0.2950 0.1323 0.1136 0.0622 0.0434 0.0587 0.2152 0.0795 
     D244001  4 0.1617 0.0415 0.4639 0.0867 0.1005 0.0491 0.0305 0.0662 
        D289  4 0.1249 0.1080 0.0663 0.1235 0.1265 0.0430 0.2965 0.1113 
        D290  4 0.4781 0.0768 0.0577 0.0426 0.0817 0.0424 0.0278 0.1930 
        D294  4 0.1794 0.1346 0.1212 0.0510 0.2064 0.0209 0.0415 0.2451 
        D295  4 0.1772 0.2702 0.0576 0.0380 0.0744 0.2292 0.0655 0.0879 
        D301  4 0.1903 0.0225 0.4951 0.0557 0.0591 0.0764 0.0547 0.0463 
        D302  4 0.0430 0.1100 0.0623 0.0189 0.6391 0.0230 0.0196 0.0841 
        D303  4 0.0376 0.0355 0.0383 0.0639 0.1356 0.0967 0.5380 0.0545 
        D304  4 0.4549 0.0969 0.0561 0.0421 0.0626 0.0373 0.0676 0.1825 
        D305  4 0.0410 0.0359 0.0498 0.1351 0.2636 0.0526 0.0136 0.4083 
        D306  4 0.1151 0.0779 0.0548 0.0364 0.0846 0.0512 0.0537 0.5262 
        D307  4 0.1738 0.0184 0.5950 0.0261 0.0400 0.0395 0.0741 0.0330 
        D327  4 0.0567 0.5429 0.0880 0.0471 0.0504 0.0388 0.0739 0.1022 
        D328  4 0.0436 0.0230 0.0363 0.0346 0.6208 0.0905 0.1036 0.0477 
        D329  4 0.1716 0.0901 0.0943 0.1766 0.1515 0.0936 0.0513 0.1710 
        D330  4 0.0478 0.3127 0.1070 0.0766 0.0932 0.2097 0.0191 0.1340 
        D331  4 0.3404 0.1436 0.0735 0.0523 0.0583 0.0837 0.0984 0.1498 
        D333  4 0.2200 0.0873 0.0887 0.0843 0.1850 0.1234 0.1028 0.1086 
        D334  4 0.0971 0.0799 0.0892 0.0248 0.0439 0.0379 0.5586 0.0685 
        D335  4 0.0382 0.2421 0.0375 0.0496 0.4998 0.0400 0.0356 0.0573 
        D370  4 0.0332 0.0505 0.0458 0.0449 0.3562 0.3044 0.0818 0.0832 
        D371  4 0.0231 0.1109 0.0281 0.0318 0.0407 0.0236 0.7025 0.0392 
        D372  4 0.5105 0.0184 0.0176 0.1916 0.0257 0.0364 0.0335 0.1663 
        D373  4 0.1098 0.0483 0.6096 0.0752 0.0422 0.0313 0.0249 0.0587 
        D455  4 0.1899 0.0362 0.5971 0.0314 0.0446 0.0317 0.0311 0.0380 
        D490  4 0.2057 0.0223 0.6545 0.0117 0.0254 0.0277 0.0238 0.0289 
        D497  4 0.1932 0.0174 0.5678 0.0227 0.0635 0.0691 0.0244 0.0420 
        D498  4 0.2838 0.0737 0.0503 0.0543 0.0655 0.2163 0.1156 0.1406 
        D499  4 0.1686 0.0328 0.0319 0.2308 0.1077 0.1044 0.1186 0.2052 
        D514  4 0.1023 0.3255 0.0801 0.0329 0.1499 0.0949 0.0178 0.1966 
        D515  4 0.1817 0.0630 0.2909 0.0362 0.0975 0.1690 0.0451 0.1166 
        D516  4 0.1207 0.1779 0.1159 0.0939 0.0356 0.2720 0.0772 0.1068 
        D517  4 0.1446 0.0777 0.4850 0.0488 0.0285 0.0870 0.0247 0.1037 
        D518  4 0.1532 0.0491 0.2603 0.0490 0.3377 0.0239 0.0784 0.0486 
        D519  4 0.3054 0.0512 0.2886 0.0395 0.0194 0.1576 0.0375 0.1008 
        D560  4 0.3534 0.0870 0.2188 0.0664 0.0487 0.1066 0.0210 0.0981 
        D561  4 0.0687 0.1535 0.3301 0.0554 0.0544 0.0419 0.0185 0.2774 
        D562  4 0.1423 0.0763 0.2115 0.1113 0.1176 0.0732 0.0659 0.2019 
        D563  4 0.0894 0.0401 0.0833 0.3989 0.1301 0.0499 0.0206 0.1876 
        D572  4 0.0800 0.1068 0.1153 0.0420 0.5205 0.0235 0.0346 0.0773 
        D629  4 0.0954 0.2386 0.3414 0.0385 0.0816 0.0738 0.0266 0.1041 
        D630  4 0.2214 0.1236 0.2527 0.0494 0.1164 0.0484 0.0713 0.1167 
        D631  4 0.1576 0.0559 0.0787 0.1962 0.3433 0.0376 0.0383 0.0923 
        D632  4 0.0565 0.0474 0.4067 0.1728 0.1544 0.0832 0.0210 0.0580 
        D646  4 0.1104 0.2597 0.1590 0.0593 0.0423 0.2060 0.0344 0.1288 
        D647  4 0.1294 0.4293 0.1602 0.0621 0.0574 0.0808 0.0186 0.0622 
        D648  4 0.0263 0.0165 0.0224 0.0292 0.8189 0.0228 0.0310 0.0328 
        D649  4 0.0488 0.2987 0.0760 0.0229 0.1478 0.2827 0.0327 0.0904 
        D650  4 0.1525 0.2191 0.1407 0.0427 0.1149 0.0731 0.1474 0.1096 
        D708  4 0.1404 0.0550 0.0724 0.0377 0.2264 0.0769 0.1785 0.2128 
        D709  4 0.1043 0.0530 0.0311 0.0449 0.1846 0.2979 0.0539 0.2304 
        D738  4 0.0913 0.1133 0.0864 0.0211 0.0404 0.1198 0.4758 0.0520 
        D739  4 0.2679 0.0435 0.3197 0.0369 0.0904 0.0874 0.0374 0.1168 
        D740  4 0.1991 0.0305 0.0527 0.0633 0.0431 0.2323 0.1428 0.2363 
        D741  4 0.1195 0.1800 0.1316 0.1501 0.0362 0.1581 0.0230 0.2016 
        D742  4 0.1502 0.0470 0.0787 0.3715 0.0655 0.0593 0.1171 0.1105 
        D743  4 0.0699 0.5358 0.0532 0.0509 0.1707 0.0205 0.0337 0.0652 
        D744  4 0.0518 0.0728 0.0446 0.0976 0.5597 0.0429 0.0289 0.1017 
        D745  4 0.2965 0.0267 0.3268 0.0279 0.0277 0.1839 0.0221 0.0883 
        D814  4 0.0950 0.0535 0.1271 0.2518 0.0892 0.0213 0.0272 0.3349 
        D815  4 0.0656 0.1728 0.0453 0.0549 0.4323 0.0953 0.0454 0.0884 
        D828  4 0.0900 0.0187 0.0331 0.0812 0.5488 0.0581 0.0759 0.0942 
        D845  4 0.5572 0.0274 0.0195 0.2008 0.0276 0.0280 0.1113 0.0283 
        D846  4 0.0754 0.2009 0.1577 0.2211 0.1755 0.0297 0.0155 0.1243 
        D847  4 0.2441 0.1165 0.2285 0.0729 0.0370 0.0568 0.1150 0.1292 
        D848  4 0.1435 0.0241 0.5915 0.1019 0.0312 0.0241 0.0263 0.0576 
        D849  4 0.2308 0.0560 0.2884 0.0360 0.0783 0.1602 0.0248 0.1255 
        D850  4 0.1133 0.1830 0.3464 0.0577 0.0379 0.0411 0.0824 0.1382 
        D856  4 0.0965 0.0656 0.0841 0.0310 0.0498 0.2612 0.0442 0.3676 
        D857  4 0.0271 0.0124 0.0494 0.0846 0.0752 0.6722 0.0284 0.0505 
        D859  4 0.1189 0.1094 0.0419 0.0622 0.4780 0.0552 0.0341 0.1002 
        D860  4 0.0956 0.1223 0.0379 0.1137 0.0651 0.0247 0.4884 0.0524 
        D883  4 0.1286 0.1843 0.2158 0.0362 0.1056 0.1556 0.0777 0.0962 
        D884  4 0.1620 0.0951 0.1115 0.0286 0.1110 0.3162 0.0921 0.0836 
        D885  4 0.2058 0.1352 0.1234 0.0887 0.0529 0.0877 0.0388 0.2676 
        D886  4 0.1800 0.1638 0.1975 0.0795 0.1020 0.1439 0.0387 0.0947 
        D887  4 0.2714 0.1010 0.0640 0.1442 0.1431 0.0944 0.0653 0.1165 
        D889  4 0.6488 0.0386 0.0235 0.0441 0.0612 0.0210 0.0320 0.1308 
        D890  4 0.0515 0.0537 0.0982 0.1044 0.2578 0.2202 0.0969 0.1173 
        D891  4 0.6540 0.0187 0.0148 0.2287 0.0147 0.0164 0.0195 0.0333 
        D899  4 0.1682 0.0479 0.0408 0.4139 0.1006 0.0384 0.1119 0.0784 
        D900  4 0.1161 0.1573 0.1243 0.0928 0.1452 0.1059 0.0703 0.1880 
        D970  4 0.1787 0.2205 0.1029 0.0810 0.1370 0.0562 0.0705 0.1532 
        D971  4 0.0337 0.1047 0.0323 0.4059 0.1784 0.0563 0.0692 0.1194 
        D979  4 0.0410 0.4727 0.0455 0.0418 0.2750 0.0241 0.0312 0.0686 
        D093  5 0.0766 0.0426 0.0282 0.0272 0.0327 0.0396 0.7141 0.0390 
        D154  5 0.1897 0.0358 0.0336 0.2156 0.0707 0.0786 0.0685 0.3075 
        D168  5 0.1143 0.0842 0.1601 0.2768 0.0565 0.0881 0.0191 0.2008 
        D189  5 0.2905 0.0479 0.0383 0.0459 0.0821 0.0363 0.3797 0.0794 
        D190  5 0.0416 0.0334 0.0241 0.0431 0.0764 0.0685 0.6726 0.0402 
     D237220  5 0.3786 0.0335 0.1327 0.0288 0.0574 0.1463 0.1302 0.0925 
     D237221  5 0.2244 0.0958 0.0401 0.1242 0.0570 0.0928 0.2857 0.0801 
     D237274  5 0.0260 0.4367 0.0352 0.0654 0.2837 0.0548 0.0190 0.0792 
     D237275  5 0.0995 0.0233 0.0263 0.6077 0.0384 0.0677 0.0405 0.0966 
     D237276  5 0.1845 0.1182 0.0998 0.0506 0.0726 0.2148 0.1778 0.0817 
     D237277  5 0.1441 0.0293 0.0246 0.0805 0.0636 0.0686 0.5382 0.0510 
     D237278  5 0.0574 0.0659 0.0751 0.3015 0.0678 0.0769 0.2228 0.1326 
     D237279  5 0.0443 0.0583 0.1464 0.0365 0.0608 0.1886 0.0306 0.4347 
     D237280  5 0.0505 0.1002 0.1028 0.0187 0.0483 0.4976 0.0636 0.1183 
     D237281  5 0.3208 0.0695 0.0235 0.3889 0.0299 0.0234 0.0363 0.1076 
     D237351  5 0.0397 0.0279 0.0284 0.0235 0.0214 0.7531 0.0649 0.0410 
     D237352  5 0.0777 0.0705 0.3743 0.0737 0.2149 0.0551 0.0635 0.0702 
     D237353  5 0.0258 0.0211 0.0177 0.0263 0.0415 0.0955 0.7406 0.0314 
     D237359  5 0.5360 0.0360 0.1026 0.0390 0.0397 0.0702 0.0616 0.1148 
     D237361  5 0.0240 0.0222 0.0176 0.0186 0.0248 0.0311 0.8356 0.0260 
     D237362  5 0.0843 0.1915 0.0962 0.0620 0.0825 0.1796 0.1401 0.1638 
     D237363  5 0.0437 0.0433 0.0478 0.1142 0.0292 0.0707 0.0468 0.6042 
     D237364  5 0.2564 0.0836 0.1573 0.1462 0.1001 0.0794 0.0204 0.1565 
     D237376  5 0.0397 0.0122 0.0227 0.0230 0.7575 0.0269 0.0897 0.0284 
     D237377  5 0.0464 0.1678 0.0467 0.0437 0.0451 0.3440 0.1245 0.1817 
     D237378  5 0.1173 0.0272 0.0511 0.0850 0.1448 0.0448 0.4624 0.0672 
     D237379  5 0.0924 0.0289 0.0530 0.0414 0.3663 0.0412 0.2356 0.1411 
     D237380  5 0.0458 0.0292 0.0441 0.0140 0.3315 0.3976 0.0650 0.0728 
     D237381  5 0.0773 0.0523 0.2106 0.0627 0.1384 0.2764 0.0853 0.0969 
     D237391  5 0.0696 0.0319 0.0278 0.0198 0.0180 0.0314 0.7731 0.0284 
     D237392  5 0.0340 0.2814 0.0733 0.2248 0.2010 0.0700 0.0290 0.0865 
     D237393  5 0.0534 0.3277 0.0620 0.0602 0.0387 0.1764 0.2175 0.0641 
     D237394  5 0.0313 0.0268 0.0250 0.0130 0.0313 0.0437 0.8020 0.0269 
     D237395  5 0.2090 0.0370 0.0747 0.0742 0.0468 0.1333 0.3078 0.1172 
     D237396  5 0.0565 0.3282 0.1065 0.0707 0.0304 0.0743 0.1938 0.1395 
     D244016  5 0.0715 0.0326 0.0401 0.0722 0.2052 0.0547 0.2192 0.3044 
     D244018  5 0.0897 0.0656 0.1073 0.2902 0.0255 0.0587 0.2576 0.1054 
     D244019  5 0.1206 0.1518 0.0410 0.1320 0.1460 0.1368 0.0603 0.2116 
        D279  5 0.4568 0.0379 0.0426 0.0697 0.0575 0.0843 0.0871 0.1640 
        D280  5 0.1408 0.0943 0.0912 0.0689 0.0281 0.1314 0.1820 0.2633 
        D281  5 0.4355 0.0298 0.0297 0.2118 0.0341 0.0179 0.1133 0.1278 
        D283  5 0.0677 0.1298 0.0390 0.0500 0.0263 0.0926 0.5031 0.0914 
        D284  5 0.1703 0.0641 0.2834 0.0511 0.0740 0.0878 0.0503 0.2190 
        D285  5 0.2574 0.0727 0.0343 0.0266 0.0578 0.0588 0.3962 0.0962 
        D286  5 0.2417 0.1006 0.0921 0.0376 0.1465 0.0661 0.2033 0.1121 
        D287  5 0.0495 0.0185 0.0514 0.0248 0.5600 0.0619 0.1454 0.0884 
        D288  5 0.1291 0.2471 0.0379 0.0513 0.0301 0.1570 0.1104 0.2372 
        D308  5 0.0350 0.0848 0.0339 0.0307 0.0250 0.7041 0.0364 0.0501 
        D309  5 0.0388 0.0727 0.0382 0.0211 0.6794 0.0293 0.0266 0.0938 
        D310  5 0.0452 0.0193 0.0176 0.0179 0.0288 0.0327 0.6888 0.1496 
        D311  5 0.0883 0.1666 0.0542 0.0538 0.2906 0.0689 0.1129 0.1646 
        D312  5 0.0663 0.1097 0.1267 0.0622 0.2873 0.0707 0.1550 0.1222 
        D313  5 0.0490 0.0201 0.3153 0.0118 0.0115 0.5281 0.0288 0.0355 
        D314  5 0.2170 0.0274 0.0807 0.1191 0.1116 0.1728 0.0687 0.2027 
        D315  5 0.0648 0.2239 0.0655 0.0676 0.0596 0.1555 0.2531 0.1100 
        D317  5 0.0371 0.0659 0.0216 0.0232 0.0232 0.0298 0.7679 0.0312 
        D318  5 0.0576 0.1296 0.2063 0.1171 0.1234 0.0587 0.0651 0.2422 
        D319  5 0.0351 0.0342 0.0171 0.0241 0.0238 0.0880 0.7491 0.0284 
        D320  5 0.0526 0.0344 0.0256 0.0201 0.0715 0.0609 0.6874 0.0477 
        D321  5 0.0865 0.0666 0.0376 0.0193 0.0173 0.6345 0.0857 0.0526 
        D336  5 0.0343 0.0315 0.0229 0.0201 0.2065 0.0289 0.5757 0.0803 
        D337  5 0.0425 0.0257 0.0143 0.0331 0.0370 0.0241 0.7886 0.0347 
        D338  5 0.3473 0.1549 0.0524 0.0523 0.0359 0.0704 0.1330 0.1537 
        D339  5 0.0805 0.0420 0.0313 0.0517 0.0344 0.0552 0.6139 0.0911 
        D347  5 0.0672 0.1806 0.0370 0.1208 0.3367 0.0478 0.0434 0.1665 
        D348  5 0.0302 0.0319 0.0204 0.0221 0.1943 0.0286 0.6268 0.0457 
        D349  5 0.0199 0.0170 0.0167 0.0168 0.0185 0.8562 0.0367 0.0181 
        D350  5 0.0560 0.0617 0.0241 0.0346 0.7199 0.0299 0.0203 0.0535 
        D355  5 0.2273 0.1492 0.0239 0.1667 0.0939 0.0461 0.0290 0.2638 
        D356  5 0.0737 0.2256 0.1435 0.0341 0.0672 0.0536 0.2909 0.1115 
        D357  5 0.1034 0.0722 0.0464 0.0509 0.2019 0.1117 0.1043 0.3092 
        D358  5 0.0598 0.0605 0.0732 0.0462 0.1797 0.0651 0.3779 0.1375 
        D359  5 0.0292 0.2202 0.0209 0.0204 0.0718 0.0859 0.4474 0.1042 
        D360  5 0.0764 0.1054 0.1481 0.0231 0.0591 0.0428 0.4761 0.0690 
        D361  5 0.0195 0.0305 0.0173 0.0235 0.0142 0.8407 0.0266 0.0277 
        D366  5 0.0209 0.4084 0.1410 0.2902 0.0265 0.0308 0.0252 0.0570 
        D367  5 0.0695 0.0290 0.0354 0.0207 0.1519 0.1633 0.3900 0.1401 
        D368  5 0.0692 0.0871 0.0314 0.0236 0.0509 0.4424 0.1371 0.1583 
        D380  5 0.0743 0.0860 0.0809 0.0650 0.3333 0.0674 0.0359 0.2572 
        D381  5 0.0847 0.0681 0.0249 0.0438 0.0484 0.0708 0.5169 0.1424 
        D400  5 0.2529 0.1016 0.0552 0.1042 0.1323 0.0435 0.2015 0.1088 
        D411  5 0.0520 0.0265 0.7072 0.0391 0.0385 0.0575 0.0126 0.0666 
        D412  5 0.0909 0.0975 0.0767 0.0952 0.0910 0.1182 0.0743 0.3561 
        D413  5 0.0474 0.1035 0.1003 0.5706 0.0368 0.0222 0.0356 0.0835 
        D414  5 0.0774 0.0428 0.0241 0.0991 0.6396 0.0364 0.0176 0.0630 
        D420  5 0.3867 0.0280 0.2329 0.0336 0.0326 0.0819 0.0439 0.1605 
        D431  5 0.1637 0.0205 0.0404 0.0591 0.2994 0.2158 0.0588 0.1422 
        D432  5 0.0821 0.0632 0.0794 0.0653 0.0432 0.0637 0.5044 0.0987 
        D433  5 0.1034 0.0773 0.0230 0.0508 0.0469 0.1528 0.4823 0.0634 
        D434  5 0.0630 0.0759 0.0522 0.0307 0.0545 0.1588 0.4682 0.0966 
        D440  5 0.0600 0.0568 0.0194 0.0204 0.7254 0.0374 0.0257 0.0549 
        D447  5 0.0310 0.2239 0.1974 0.0830 0.1292 0.0346 0.0263 0.2746 
        D448  5 0.0855 0.0931 0.0339 0.0582 0.1923 0.0437 0.3968 0.0965 
        D459  5 0.2655 0.1114 0.0267 0.4071 0.0501 0.0349 0.0350 0.0692 
        D460  5 0.0177 0.0582 0.0185 0.0229 0.0220 0.7718 0.0602 0.0287 
        D461  5 0.0364 0.1358 0.0255 0.0192 0.6926 0.0246 0.0275 0.0383 
        D468  5 0.0421 0.1563 0.1592 0.0636 0.0806 0.1684 0.1323 0.1973 
        D469  5 0.1035 0.4344 0.0732 0.0341 0.0718 0.1048 0.0874 0.0909 
        D470  5 0.1861 0.0703 0.2418 0.0440 0.1865 0.0787 0.0786 0.1141 
        D471  5 0.1424 0.0609 0.0170 0.0500 0.1777 0.0443 0.4375 0.0702 
        D472  5 0.0546 0.6925 0.0251 0.1281 0.0157 0.0223 0.0236 0.0382 
        D479  5 0.0209 0.0341 0.0278 0.6416 0.1697 0.0304 0.0255 0.0500 
        D485  5 0.0429 0.0247 0.0356 0.0338 0.7299 0.0411 0.0360 0.0559 
        D486  5 0.0530 0.1047 0.2468 0.0530 0.1195 0.1323 0.0779 0.2129 
        D487  5 0.3200 0.0361 0.0383 0.1060 0.1220 0.0715 0.1844 0.1217 
        D555  5 0.0449 0.0254 0.0288 0.0607 0.0280 0.0289 0.7527 0.0308 
        D556  5 0.2340 0.0479 0.0520 0.0484 0.2227 0.1872 0.1129 0.0949 
        D557  5 0.0237 0.0397 0.0200 0.0495 0.0645 0.0604 0.7091 0.0332 
        D564  5 0.0376 0.0654 0.0540 0.0535 0.2463 0.2023 0.1875 0.1533 
        D594  5 0.0340 0.1971 0.0621 0.1263 0.2138 0.0969 0.0561 0.2138 
        D595  5 0.0698 0.1674 0.0650 0.0998 0.0852 0.0921 0.2694 0.1512 
        D596  5 0.0302 0.0234 0.0268 0.0451 0.0306 0.0286 0.7809 0.0344 
        D597  5 0.1654 0.0990 0.0383 0.2573 0.0575 0.0404 0.2721 0.0700 
        D598  5 0.0940 0.0847 0.1341 0.0522 0.1043 0.0734 0.3709 0.0865 
        D617  5 0.0629 0.0356 0.5139 0.1633 0.0421 0.0683 0.0198 0.0941 
        D618  5 0.1602 0.0715 0.0326 0.0580 0.0584 0.0826 0.4788 0.0580 
        D619  5 0.0324 0.1675 0.0240 0.0717 0.1562 0.3557 0.0879 0.1045 
        D620  5 0.0491 0.0925 0.0272 0.7135 0.0203 0.0337 0.0343 0.0295 
        D628  5 0.0471 0.0248 0.0547 0.0254 0.7010 0.0318 0.0523 0.0629 
        D714  5 0.1850 0.0196 0.0324 0.0663 0.4683 0.0421 0.0976 0.0887 
        D715  5 0.0776 0.0651 0.0264 0.0430 0.0311 0.0368 0.6875 0.0327 
        D716  5 0.1032 0.1025 0.0569 0.1175 0.3967 0.0310 0.0438 0.1484 
        D717  5 0.1707 0.2461 0.1122 0.0448 0.0712 0.0844 0.1706 0.1001 
        D718  5 0.1402 0.0311 0.0808 0.0504 0.2458 0.1279 0.0792 0.2446 
        D769  5 0.1150 0.0307 0.4592 0.1060 0.1366 0.0388 0.0257 0.0879 
        D770  5 0.0655 0.0364 0.0375 0.2096 0.4436 0.0346 0.0606 0.1122 
        D771  5 0.1639 0.0579 0.0953 0.2128 0.1559 0.0802 0.0778 0.1563 
        D772  5 0.0688 0.0387 0.0589 0.0334 0.6244 0.0412 0.0875 0.0470 
        D782  5 0.1497 0.0439 0.0803 0.0927 0.0331 0.1590 0.0415 0.3999 
        D783  5 0.0819 0.0268 0.0344 0.2458 0.3376 0.0502 0.1096 0.1137 
        D784  5 0.2341 0.2806 0.0688 0.0376 0.1080 0.0570 0.1055 0.1083 
        D785  5 0.0420 0.0399 0.0524 0.0281 0.1545 0.1720 0.4413 0.0698 
        D786  5 0.0787 0.1346 0.3541 0.0518 0.2283 0.0650 0.0269 0.0606 
        D821  5 0.0221 0.0172 0.0130 0.0157 0.0343 0.0230 0.8538 0.0210 
        D822  5 0.0723 0.1996 0.0345 0.0821 0.1592 0.1152 0.1157 0.2215 
        D826  5 0.2320 0.0585 0.0337 0.1268 0.0542 0.0848 0.2996 0.1103 
        D827  5 0.0547 0.2772 0.1203 0.1151 0.1224 0.0429 0.0379 0.2295 
        D851  5 0.0736 0.0818 0.0800 0.0555 0.0699 0.1013 0.1406 0.3973 
        D852  5 0.2408 0.0246 0.0360 0.0908 0.2253 0.1736 0.1365 0.0723 
        D853  5 0.2706 0.0851 0.0509 0.0572 0.0657 0.0930 0.2141 0.1634 
        D854  5 0.2030 0.1092 0.0586 0.1186 0.1276 0.1383 0.0226 0.2220 
        D861  5 0.1658 0.0681 0.0776 0.1146 0.0524 0.1093 0.1086 0.3036 
        D862  5 0.0470 0.2656 0.0757 0.0350 0.1500 0.0999 0.2159 0.1110 
        D865  5 0.0489 0.0221 0.0396 0.0758 0.0708 0.1517 0.5219 0.0692 
        D868  5 0.1019 0.6412 0.0476 0.0283 0.0247 0.0376 0.0744 0.0443 
        D869  5 0.0235 0.0386 0.7185 0.0473 0.0198 0.0578 0.0383 0.0563 
        D870  5 0.0411 0.1078 0.3573 0.0659 0.0268 0.0250 0.0156 0.3605 
        D907  5 0.0503 0.0408 0.0519 0.0355 0.0327 0.1064 0.5682 0.1143 
        D908  5 0.1970 0.0254 0.0260 0.1641 0.1571 0.1856 0.1713 0.0736 
        D910  5 0.1331 0.1015 0.0403 0.1774 0.1110 0.0638 0.2701 0.1028 
        D911  5 0.4203 0.1116 0.0225 0.1412 0.0328 0.0307 0.0382 0.2026 
        D934  5 0.2107 0.0470 0.0432 0.1484 0.3012 0.0783 0.0391 0.1321 
        D946  5 0.1406 0.0180 0.0311 0.0619 0.3077 0.2882 0.0358 0.1168 
        D947  5 0.3649 0.1101 0.0669 0.0389 0.1467 0.0915 0.0350 0.1460 
