        D174  1 0.1751 0.6714 0.0522 0.1013 
        D199  1 0.0773 0.2374 0.2261 0.4592 
        D203  1 0.2152 0.1507 0.2558 0.3783 
        D204  1 0.0331 0.0384 0.0357 0.8928 
     D237366  1 0.5087 0.1512 0.1576 0.1824 
     D237367  1 0.3888 0.1045 0.1080 0.3987 
     D237368  1 0.5124 0.1015 0.0937 0.2923 
     D244101  1 0.0346 0.0397 0.2018 0.7239 
     D244102  1 0.2912 0.3530 0.1401 0.2156 
     D244103  1 0.5810 0.1250 0.0819 0.2121 
     D244104  1 0.0560 0.1094 0.0885 0.7462 
     D244105  1 0.7548 0.0476 0.0636 0.1340 
     D244106  1 0.0675 0.5902 0.2486 0.0937 
     D244107  1 0.6659 0.0308 0.0838 0.2196 
     D244108  1 0.1556 0.6123 0.0635 0.1686 
     D244113  1 0.0403 0.8922 0.0396 0.0279 
     D244114  1 0.1299 0.3211 0.3430 0.2060 
     D244115  1 0.1799 0.5411 0.0598 0.2192 
     D267365  1 0.0872 0.2909 0.1011 0.5208 
        D404  1 0.0378 0.8668 0.0562 0.0393 
        D405  1 0.0983 0.6051 0.1344 0.1622 
        D406  1 0.8126 0.0485 0.0251 0.1138 
        D407  1 0.2492 0.0671 0.1537 0.5300 
        D408  1 0.0614 0.7285 0.1364 0.0737 
        D409  1 0.6461 0.1305 0.0890 0.1345 
        D410  1 0.8225 0.0549 0.0221 0.1005 
        D421  1 0.0413 0.0461 0.0687 0.8438 
        D422  1 0.8822 0.0214 0.0352 0.0612 
        D423  1 0.8634 0.0313 0.0340 0.0714 
        D424  1 0.1768 0.0737 0.0350 0.7146 
        D425  1 0.0597 0.2774 0.0418 0.6211 
        D426  1 0.5706 0.0389 0.3008 0.0897 
        D427  1 0.0535 0.1306 0.6365 0.1794 
        D428  1 0.1290 0.3139 0.0998 0.4574 
        D429  1 0.0871 0.3810 0.0849 0.4469 
        D430  1 0.1460 0.3821 0.2896 0.1823 
        D491  1 0.0468 0.7850 0.0387 0.1295 
        D492  1 0.1652 0.3551 0.0627 0.4169 
        D537  1 0.1361 0.1005 0.0342 0.7291 
        D538  1 0.4327 0.2934 0.1177 0.1561 
        D539  1 0.1879 0.4091 0.3116 0.0914 
        D540  1 0.3273 0.1857 0.1361 0.3510 
        D541  1 0.0359 0.0325 0.0352 0.8964 
        D551  1 0.1017 0.0588 0.7292 0.1103 
        D552  1 0.3080 0.1844 0.0962 0.4115 
        D553  1 0.0437 0.0292 0.0299 0.8972 
        D615  1 0.2241 0.1386 0.1630 0.4743 
        D616  1 0.3123 0.1064 0.2217 0.3596 
        D621  1 0.6042 0.2688 0.0594 0.0677 
        D622  1 0.8072 0.0739 0.0440 0.0750 
        D623  1 0.0529 0.6371 0.2109 0.0992 
        D624  1 0.0686 0.8146 0.0455 0.0713 
        D625  1 0.1175 0.1033 0.0340 0.7453 
        D626  1 0.1927 0.5994 0.0951 0.1128 
        D627  1 0.5094 0.0700 0.2227 0.1979 
        D690  1 0.0737 0.0754 0.0219 0.8291 
        D691  1 0.7411 0.0509 0.0404 0.1675 
        D710  1 0.1240 0.2565 0.0734 0.5461 
        D711  1 0.0607 0.0864 0.0390 0.8138 
        D712  1 0.0886 0.7412 0.0947 0.0756 
        D713  1 0.1060 0.6333 0.0414 0.2193 
        D746  1 0.8272 0.0344 0.0387 0.0997 
        D747  1 0.0255 0.0343 0.0405 0.8998 
        D748  1 0.3583 0.1034 0.0362 0.5022 
        D749  1 0.5925 0.2350 0.1155 0.0570 
        D750  1 0.0915 0.5488 0.0506 0.3091 
        D763  1 0.1373 0.0803 0.3986 0.3838 
        D764  1 0.1858 0.1815 0.0367 0.5961 
        D765  1 0.7381 0.1561 0.0379 0.0679 
        D766  1 0.4334 0.1587 0.0438 0.3641 
        D767  1 0.3381 0.2090 0.1166 0.3362 
        D768  1 0.0545 0.0276 0.0301 0.8878 
        D811  1 0.0935 0.8273 0.0370 0.0422 
        D816  1 0.0373 0.0744 0.0293 0.8589 
        D825  1 0.1881 0.5973 0.0419 0.1726 
        D866  1 0.1047 0.2711 0.5074 0.1168 
        D867  1 0.8505 0.0533 0.0522 0.0440 
        D871  1 0.5554 0.1506 0.1099 0.1841 
        D872  1 0.2110 0.1274 0.0600 0.6017 
        D873  1 0.9278 0.0335 0.0226 0.0162 
        D874  1 0.0379 0.3593 0.0878 0.5150 
        D875  1 0.8331 0.0527 0.0464 0.0678 
        D876  1 0.0884 0.1202 0.0489 0.7425 
        D877  1 0.0305 0.8432 0.0409 0.0854 
        D892  1 0.2638 0.3306 0.0306 0.3750 
        D893  1 0.1412 0.0493 0.0874 0.7221 
        D894  1 0.1172 0.1384 0.0752 0.6692 
        D915  1 0.2392 0.0967 0.0466 0.6175 
        D916  1 0.0456 0.0319 0.0252 0.8974 
        D917  1 0.0716 0.4054 0.1358 0.3872 
        D925  1 0.6773 0.1276 0.0426 0.1525 
        D926  1 0.1612 0.2577 0.0552 0.5258 
        D927  1 0.0833 0.0965 0.2776 0.5426 
        D928  1 0.0411 0.8027 0.0248 0.1314 
        D929  1 0.1928 0.5461 0.0649 0.1962 
        D936  1 0.0487 0.0562 0.1207 0.7743 
        D938  1 0.8791 0.0454 0.0258 0.0497 
        D956  1 0.0663 0.8014 0.0919 0.0404 
        D957  1 0.4098 0.1579 0.0549 0.3774 
        D958  1 0.2582 0.1902 0.0331 0.5185 
        D959  1 0.3056 0.0529 0.1238 0.5177 
        D960  1 0.8588 0.0580 0.0321 0.0512 
        D989  1 0.0485 0.5986 0.2286 0.1243 
        D990  1 0.8258 0.0626 0.0775 0.0341 
        D023  2 0.6235 0.0280 0.0408 0.3077 
        D130  2 0.8392 0.0349 0.0423 0.0836 
        D131  2 0.1793 0.0663 0.1371 0.6173 
        D163  2 0.7870 0.0484 0.0406 0.1239 
        D164  2 0.4731 0.0261 0.4675 0.0333 
        D165  2 0.7570 0.0333 0.0603 0.1494 
        D166  2 0.3688 0.2892 0.1643 0.1776 
        D167  2 0.0276 0.0864 0.8624 0.0236 
        D192  2 0.0248 0.0362 0.9187 0.0203 
        D193  2 0.1150 0.7455 0.0933 0.0463 
        D206  2 0.2696 0.1180 0.3384 0.2740 
        D207  2 0.0859 0.0697 0.7183 0.1261 
        D208  2 0.0871 0.4400 0.3612 0.1116 
        D209  2 0.1082 0.1013 0.6030 0.1874 
        D210  2 0.0654 0.3351 0.4451 0.1544 
     D229599  2 0.1909 0.1931 0.1927 0.4233 
     D229600  2 0.4827 0.0599 0.3889 0.0685 
     D237227  2 0.1569 0.6026 0.1300 0.1104 
     D237228  2 0.3411 0.4794 0.1408 0.0387 
     D237258  2 0.2239 0.2591 0.3708 0.1461 
     D237310  2 0.6531 0.1996 0.1164 0.0309 
     D237311  2 0.6387 0.0982 0.2234 0.0397 
     D237312  2 0.5336 0.3639 0.0447 0.0579 
     D237313  2 0.2370 0.2305 0.1081 0.4243 
     D237322  2 0.1507 0.2802 0.4596 0.1095 
     D237323  2 0.6327 0.2622 0.0636 0.0414 
     D237324  2 0.4577 0.0312 0.3836 0.1274 
     D237325  2 0.5237 0.2835 0.0968 0.0959 
     D237326  2 0.6176 0.1182 0.0585 0.2057 
     D237327  2 0.1188 0.0723 0.5637 0.2451 
     D237337  2 0.7903 0.1108 0.0367 0.0623 
     D237338  2 0.4095 0.2497 0.2040 0.1369 
     D237339  2 0.0603 0.0522 0.2668 0.6207 
     D237340  2 0.2819 0.4064 0.2730 0.0387 
     D237389  2 0.7165 0.1396 0.0952 0.0486 
     D237390  2 0.4024 0.3901 0.0683 0.1391 
     D244017  2 0.0960 0.5763 0.2547 0.0731 
     D244112  2 0.0824 0.0491 0.8417 0.0268 
     D244118  2 0.2827 0.0508 0.6313 0.0353 
     D244119  2 0.0495 0.5100 0.3951 0.0453 
     D244120  2 0.0730 0.3343 0.5555 0.0371 
     D244122  2 0.0773 0.1317 0.7355 0.0555 
        D291  2 0.1821 0.0959 0.5459 0.1760 
        D292  2 0.0647 0.1928 0.4082 0.3343 
        D293  2 0.0242 0.0186 0.3939 0.5632 
        D322  2 0.0614 0.0340 0.3234 0.5812 
        D323  2 0.0996 0.3084 0.2728 0.3192 
        D324  2 0.2057 0.1038 0.2718 0.4186 
        D325  2 0.0296 0.0183 0.7952 0.1568 
        D326  2 0.0221 0.0399 0.0372 0.9008 
        D340  2 0.0305 0.0246 0.9054 0.0395 
        D341  2 0.0494 0.0373 0.8553 0.0580 
        D342  2 0.2045 0.0581 0.6795 0.0579 
        D343  2 0.0196 0.0132 0.9139 0.0533 
        D344  2 0.1445 0.2167 0.1090 0.5298 
        D345  2 0.1959 0.0732 0.0861 0.6448 
        D346  2 0.0733 0.5863 0.2027 0.1377 
        D351  2 0.1591 0.0555 0.1244 0.6610 
        D352  2 0.2189 0.3304 0.2308 0.2199 
        D353  2 0.0495 0.0584 0.0747 0.8174 
        D354  2 0.1223 0.3635 0.0539 0.4603 
        D362  2 0.0955 0.0763 0.0552 0.7730 
        D363  2 0.0673 0.1039 0.0494 0.7794 
        D364  2 0.1204 0.1639 0.0521 0.6636 
        D365  2 0.0222 0.0297 0.8684 0.0797 
        D369  2 0.1153 0.1851 0.2415 0.4581 
        D374  2 0.0288 0.9178 0.0255 0.0279 
        D375  2 0.2498 0.3457 0.0734 0.3311 
        D376  2 0.0468 0.8662 0.0560 0.0310 
        D377  2 0.2895 0.4611 0.1581 0.0914 
        D378  2 0.0579 0.0363 0.1501 0.7557 
        D379  2 0.0509 0.0676 0.0426 0.8389 
        D384  2 0.0295 0.0522 0.0300 0.8883 
        D385  2 0.0345 0.0634 0.8671 0.0349 
        D386  2 0.0842 0.0506 0.0815 0.7836 
        D391  2 0.0281 0.0279 0.8249 0.1191 
        D392  2 0.1180 0.0820 0.6629 0.1371 
        D393  2 0.0643 0.0272 0.1730 0.7355 
        D394  2 0.4502 0.1394 0.1199 0.2904 
        D395  2 0.0854 0.0989 0.6271 0.1885 
        D401  2 0.8215 0.0976 0.0492 0.0317 
        D402  2 0.0299 0.0263 0.9006 0.0432 
        D403  2 0.2536 0.0861 0.1054 0.5549 
        D415  2 0.1633 0.0270 0.0348 0.7748 
        D435  2 0.0700 0.0292 0.2640 0.6368 
        D436  2 0.1187 0.3597 0.0861 0.4355 
        D438  2 0.0300 0.0292 0.9116 0.0292 
        D439  2 0.1951 0.0563 0.1946 0.5540 
        D449  2 0.0763 0.0421 0.6706 0.2111 
        D450  2 0.1532 0.5092 0.0705 0.2670 
        D456  2 0.0329 0.0267 0.0303 0.9101 
        D462  2 0.0396 0.0260 0.7978 0.1366 
        D463  2 0.0313 0.0422 0.0218 0.9047 
        D464  2 0.0546 0.1869 0.1186 0.6400 
        D465  2 0.1306 0.0631 0.4091 0.3972 
        D473  2 0.1290 0.7209 0.0787 0.0714 
        D474  2 0.0734 0.0571 0.1547 0.7149 
        D476  2 0.5838 0.0377 0.1805 0.1980 
        D477  2 0.0707 0.1310 0.0774 0.7208 
        D478  2 0.2852 0.3814 0.1219 0.2116 
        D480  2 0.0465 0.0925 0.2012 0.6598 
        D481  2 0.1763 0.1472 0.1226 0.5539 
        D482  2 0.1833 0.4255 0.2884 0.1028 
        D483  2 0.0356 0.0632 0.8607 0.0406 
        D484  2 0.1366 0.4143 0.2907 0.1584 
        D510  2 0.0417 0.8423 0.0787 0.0373 
        D511  2 0.0605 0.0457 0.1524 0.7414 
        D512  2 0.6642 0.0735 0.2093 0.0530 
        D513  2 0.0991 0.1219 0.5378 0.2413 
        D635  2 0.2506 0.0409 0.0545 0.6540 
        D636  2 0.8864 0.0357 0.0270 0.0508 
        D637  2 0.1141 0.3175 0.4102 0.1581 
        D658  2 0.0698 0.2673 0.5948 0.0682 
        D659  2 0.0604 0.0507 0.0742 0.8147 
        D677  2 0.2617 0.0992 0.2320 0.4071 
        D678  2 0.0752 0.0952 0.7780 0.0516 
        D679  2 0.0666 0.0768 0.1847 0.6718 
        D719  2 0.0340 0.2940 0.1936 0.4785 
        D720  2 0.0835 0.1204 0.0676 0.7285 
        D721  2 0.4868 0.0543 0.1984 0.2606 
        D722  2 0.0623 0.8338 0.0574 0.0465 
        D734  2 0.0361 0.4661 0.2921 0.2057 
        D735  2 0.1321 0.1081 0.1225 0.6373 
        D736  2 0.0983 0.3803 0.3040 0.2175 
        D737  2 0.1025 0.1357 0.6790 0.0828 
        D807  2 0.0773 0.3467 0.1583 0.4177 
        D808  2 0.4581 0.0725 0.1934 0.2761 
        D817  2 0.0910 0.2413 0.0574 0.6103 
        D818  2 0.1922 0.0726 0.4409 0.2943 
        D819  2 0.2773 0.1721 0.0966 0.4539 
        D820  2 0.0284 0.0389 0.0388 0.8940 
        D895  2 0.1847 0.0905 0.0928 0.6320 
        D896  2 0.8262 0.1070 0.0289 0.0379 
        D897  2 0.0884 0.0687 0.7673 0.0756 
        D898  2 0.3107 0.3311 0.1606 0.1975 
        D918  2 0.4061 0.1682 0.2390 0.1866 
        D919  2 0.0721 0.0442 0.2444 0.6393 
        D920  2 0.8555 0.0608 0.0449 0.0388 
        D923  2 0.0418 0.0568 0.0466 0.8548 
        D930  2 0.1556 0.2680 0.1126 0.4638 
        D931  2 0.0837 0.1214 0.1667 0.6283 
        D968  2 0.0254 0.0227 0.8958 0.0561 
        D969  2 0.0588 0.0783 0.3361 0.5269 
        D977  2 0.0730 0.0366 0.7562 0.1342 
        D978  2 0.0816 0.1125 0.6794 0.1265 
        D211  3 0.6970 0.0605 0.1001 0.1424 
     D229639  3 0.0598 0.1690 0.6831 0.0881 
     D237212  3 0.1680 0.1144 0.3861 0.3315 
     D237213  3 0.5016 0.0982 0.1193 0.2809 
     D237214  3 0.8167 0.0702 0.0293 0.0837 
     D237215  3 0.0326 0.1890 0.7509 0.0275 
     D237216  3 0.4821 0.0715 0.2844 0.1620 
     D237217  3 0.6753 0.0290 0.1042 0.1915 
     D237218  3 0.1090 0.0644 0.4640 0.3626 
     D237219  3 0.4609 0.2864 0.1802 0.0726 
     D237382  3 0.2478 0.3725 0.1139 0.2658 
     D244127  3 0.6971 0.0605 0.1700 0.0724 
     D244129  3 0.3345 0.1142 0.1773 0.3741 
     D244133  3 0.1616 0.4479 0.2848 0.1058 
     D244134  3 0.1671 0.2895 0.4173 0.1261 
     D244135  3 0.7514 0.0430 0.1065 0.0991 
     D244136  3 0.1074 0.4806 0.1559 0.2562 
        D416  3 0.1908 0.0740 0.4275 0.3076 
        D417  3 0.1248 0.0631 0.0429 0.7692 
        D419  3 0.2458 0.2154 0.2560 0.2828 
        D565  3 0.0413 0.8034 0.0491 0.1062 
        D566  3 0.0659 0.3763 0.4592 0.0986 
        D567  3 0.1163 0.0777 0.0509 0.7552 
        D568  3 0.2777 0.0506 0.2592 0.4125 
        D569  3 0.2240 0.1465 0.3841 0.2455 
        D573  3 0.0610 0.0356 0.6442 0.2592 
        D574  3 0.1273 0.6813 0.1071 0.0843 
        D575  3 0.2876 0.3036 0.1877 0.2212 
        D576  3 0.0406 0.1047 0.8379 0.0168 
        D577  3 0.1319 0.1164 0.0771 0.6746 
        D578  3 0.9072 0.0288 0.0355 0.0284 
        D579  3 0.0998 0.2094 0.2316 0.4592 
        D660  3 0.2223 0.0940 0.6238 0.0599 
        D661  3 0.0802 0.0364 0.8041 0.0794 
        D663  3 0.0506 0.0750 0.7888 0.0856 
        D664  3 0.3768 0.3579 0.2224 0.0429 
        D665  3 0.7115 0.0647 0.1642 0.0596 
        D666  3 0.3317 0.3790 0.1139 0.1754 
        D009  4 0.5014 0.0909 0.0640 0.3437 
        D057  4 0.2302 0.0743 0.4371 0.2584 
        D109  4 0.7288 0.1275 0.0562 0.0875 
     D237222  4 0.6551 0.1920 0.0631 0.0898 
     D237223  4 0.5275 0.1969 0.1831 0.0925 
     D237224  4 0.0725 0.0907 0.4335 0.4033 
     D237225  4 0.3834 0.1073 0.1175 0.3918 
     D237299  4 0.7471 0.0835 0.1323 0.0371 
     D237300  4 0.0500 0.0779 0.8399 0.0321 
     D237306  4 0.1253 0.7026 0.0501 0.1220 
     D237307  4 0.1012 0.4016 0.1360 0.3612 
     D237308  4 0.1220 0.1740 0.5782 0.1258 
     D237309  4 0.3501 0.0878 0.1316 0.4305 
     D237317  4 0.0986 0.5826 0.0635 0.2553 
     D237318  4 0.0291 0.0493 0.8800 0.0416 
     D237319  4 0.4577 0.1938 0.1625 0.1860 
     D237320  4 0.4518 0.0931 0.2641 0.1910 
     D237321  4 0.0731 0.0939 0.7453 0.0877 
     D237397  4 0.2085 0.3697 0.3186 0.1031 
     D237398  4 0.1101 0.0389 0.6620 0.1890 
     D237399  4 0.1853 0.2672 0.2097 0.3378 
     D244001  4 0.6472 0.0916 0.1897 0.0715 
        D289  4 0.0875 0.2759 0.2226 0.4140 
        D290  4 0.1640 0.3717 0.1947 0.2696 
        D294  4 0.0957 0.2275 0.2593 0.4176 
        D295  4 0.1618 0.2194 0.0900 0.5287 
        D301  4 0.7325 0.0946 0.1247 0.0482 
        D302  4 0.0618 0.0640 0.0546 0.8196 
        D303  4 0.0597 0.7808 0.0842 0.0753 
        D304  4 0.0712 0.4606 0.2582 0.2100 
        D305  4 0.2946 0.0470 0.4526 0.2058 
        D306  4 0.1505 0.5705 0.0786 0.2005 
        D307  4 0.8121 0.0933 0.0570 0.0376 
        D327  4 0.0787 0.1994 0.1139 0.6080 
        D328  4 0.0811 0.7777 0.0697 0.0716 
        D329  4 0.1159 0.1645 0.4019 0.3178 
        D330  4 0.3652 0.0671 0.0470 0.5207 
        D331  4 0.1973 0.3050 0.2234 0.2742 
        D333  4 0.1645 0.4150 0.2278 0.1927 
        D334  4 0.1135 0.5808 0.0686 0.2371 
        D335  4 0.0479 0.0738 0.0609 0.8174 
        D370  4 0.1886 0.6478 0.0624 0.1012 
        D371  4 0.0325 0.7700 0.0636 0.1340 
        D372  4 0.0501 0.0816 0.8439 0.0245 
        D373  4 0.6617 0.0492 0.2234 0.0657 
        D455  4 0.7807 0.0486 0.0847 0.0861 
        D490  4 0.8879 0.0415 0.0307 0.0398 
        D497  4 0.8486 0.0510 0.0531 0.0472 
        D498  4 0.2022 0.4880 0.1716 0.1382 
        D499  4 0.1103 0.2712 0.5039 0.1146 
        D514  4 0.1331 0.1273 0.0795 0.6601 
        D515  4 0.6727 0.1228 0.0799 0.1246 
        D516  4 0.3091 0.2462 0.1820 0.2627 
        D517  4 0.7219 0.0457 0.1451 0.0873 
        D518  4 0.2658 0.2793 0.1640 0.2910 
        D519  4 0.6430 0.0474 0.1963 0.1133 
        D560  4 0.5350 0.0512 0.2500 0.1638 
        D561  4 0.6525 0.0320 0.0765 0.2390 
        D562  4 0.3656 0.2355 0.2144 0.1845 
        D563  4 0.1324 0.0528 0.6195 0.1953 
        D572  4 0.1643 0.1940 0.1108 0.5309 
        D629  4 0.2641 0.0920 0.0885 0.5554 
        D630  4 0.2710 0.2656 0.1355 0.3279 
        D631  4 0.1344 0.1399 0.4438 0.2820 
        D632  4 0.5470 0.0632 0.2255 0.1642 
        D646  4 0.3686 0.0785 0.1366 0.4163 
        D647  4 0.2117 0.0405 0.0879 0.6598 
        D648  4 0.0557 0.8338 0.0646 0.0459 
        D649  4 0.1857 0.0554 0.0490 0.7099 
        D650  4 0.2481 0.2887 0.1190 0.3441 
        D708  4 0.1101 0.6416 0.1174 0.1309 
        D709  4 0.1475 0.6017 0.0769 0.1739 
        D738  4 0.1781 0.5669 0.0590 0.1960 
        D739  4 0.5442 0.1973 0.1502 0.1084 
        D740  4 0.3264 0.2200 0.3797 0.0738 
        D741  4 0.3645 0.0574 0.2347 0.3435 
        D742  4 0.1141 0.1573 0.5836 0.1450 
        D743  4 0.0444 0.0699 0.0791 0.8066 
        D744  4 0.0951 0.0641 0.2068 0.6339 
        D745  4 0.7987 0.0501 0.0802 0.0710 
        D814  4 0.1198 0.0628 0.7170 0.1004 
        D815  4 0.0878 0.2004 0.1103 0.6014 
        D828  4 0.0698 0.7057 0.1953 0.0292 
        D845  4 0.0272 0.0555 0.8573 0.0599 
        D846  4 0.1435 0.0440 0.2984 0.5141 
        D847  4 0.3044 0.1745 0.1702 0.3510 
        D848  4 0.5842 0.0354 0.3334 0.0470 
        D849  4 0.7136 0.0659 0.1068 0.1137 
        D850  4 0.2903 0.1207 0.2092 0.3798 
        D856  4 0.5351 0.1839 0.1005 0.1806 
        D857  4 0.8122 0.1023 0.0665 0.0189 
        D859  4 0.1138 0.2432 0.2698 0.3732 
        D860  4 0.0481 0.3748 0.2720 0.3050 
        D883  4 0.1875 0.3433 0.0782 0.3909 
        D884  4 0.3595 0.4113 0.0600 0.1693 
        D885  4 0.1788 0.0745 0.4819 0.2648 
        D886  4 0.4609 0.1031 0.1118 0.3243 
        D887  4 0.1305 0.1670 0.4617 0.2408 
        D889  4 0.0543 0.1992 0.5677 0.1788 
        D890  4 0.1661 0.5967 0.1076 0.1296 
        D891  4 0.0217 0.0205 0.9297 0.0281 
        D899  4 0.0505 0.2437 0.5798 0.1260 
        D900  4 0.1914 0.2050 0.1252 0.4784 
        D970  4 0.1428 0.1367 0.1911 0.5294 
        D971  4 0.1168 0.1312 0.5122 0.2398 
        D979  4 0.0339 0.0911 0.0716 0.8034 
        D093  5 0.0742 0.7642 0.0857 0.0760 
        D154  5 0.1192 0.1962 0.6078 0.0768 
        D168  5 0.2867 0.0788 0.4762 0.1584 
        D189  5 0.0739 0.5683 0.2575 0.1003 
        D190  5 0.0334 0.8151 0.0698 0.0816 
     D237220  5 0.4870 0.1893 0.1554 0.1683 
     D237221  5 0.0970 0.4151 0.2996 0.1883 
     D237274  5 0.0499 0.0474 0.0523 0.8504 
     D237275  5 0.0775 0.0754 0.8097 0.0374 
     D237276  5 0.2108 0.4760 0.0954 0.2178 
     D237277  5 0.0547 0.5558 0.2735 0.1160 
     D237278  5 0.1566 0.2948 0.4643 0.0842 
     D237279  5 0.7393 0.0371 0.0908 0.1328 
     D237280  5 0.3723 0.1906 0.0570 0.3801 
     D237281  5 0.0422 0.0377 0.8166 0.1035 
     D237351  5 0.6381 0.2027 0.0920 0.0671 
     D237352  5 0.3752 0.1754 0.1120 0.3373 
     D237353  5 0.0363 0.8314 0.0726 0.0597 
     D237359  5 0.3944 0.1614 0.2804 0.1638 
     D237361  5 0.0329 0.8813 0.0365 0.0492 
     D237362  5 0.1134 0.3965 0.1797 0.3104 
     D237363  5 0.2586 0.1917 0.4311 0.1186 
     D237364  5 0.2531 0.0695 0.4361 0.2413 
     D237376  5 0.0394 0.8544 0.0763 0.0299 
     D237377  5 0.2459 0.1473 0.0782 0.5286 
     D237378  5 0.0512 0.7751 0.1325 0.0413 
     D237379  5 0.1035 0.7158 0.1198 0.0610 
     D237380  5 0.5806 0.3346 0.0270 0.0577 
     D237381  5 0.5343 0.2093 0.1160 0.1404 
     D237391  5 0.0839 0.6239 0.1159 0.1763 
     D237392  5 0.1106 0.0976 0.1578 0.6340 
     D237393  5 0.1146 0.2293 0.1063 0.5498 
     D237394  5 0.0445 0.8478 0.0326 0.0750 
     D237395  5 0.1851 0.5338 0.2064 0.0748 
     D237396  5 0.1107 0.0712 0.0937 0.7244 
     D244016  5 0.1060 0.4646 0.2598 0.1696 
     D244018  5 0.1186 0.2269 0.5203 0.1342 
     D244019  5 0.0904 0.2197 0.2572 0.4326 
        D279  5 0.1475 0.1226 0.6345 0.0954 
        D280  5 0.1458 0.2592 0.2594 0.3355 
        D281  5 0.0460 0.0800 0.8098 0.0643 
        D283  5 0.0728 0.3583 0.1272 0.4417 
        D284  5 0.5531 0.1280 0.1680 0.1509 
        D285  5 0.0886 0.5267 0.1431 0.2415 
        D286  5 0.1473 0.4639 0.1602 0.2286 
        D287  5 0.0725 0.8289 0.0620 0.0366 
        D288  5 0.0682 0.2078 0.3177 0.4062 
        D308  5 0.7882 0.0485 0.0399 0.1233 
        D309  5 0.0709 0.0515 0.0278 0.8497 
        D310  5 0.0285 0.8959 0.0415 0.0341 
        D311  5 0.0788 0.6427 0.1084 0.1701 
        D312  5 0.1115 0.5080 0.1004 0.2801 
        D313  5 0.9164 0.0359 0.0260 0.0217 
        D314  5 0.2037 0.2933 0.4342 0.0688 
        D315  5 0.1444 0.4047 0.1061 0.3449 
        D317  5 0.0318 0.8498 0.0510 0.0675 
        D318  5 0.2541 0.2107 0.2162 0.3190 
        D319  5 0.0435 0.8317 0.0726 0.0523 
        D320  5 0.0771 0.7842 0.0646 0.0741 
        D321  5 0.7022 0.0853 0.0924 0.1201 
        D336  5 0.0222 0.9120 0.0253 0.0405 
        D337  5 0.0237 0.8483 0.0679 0.0601 
        D338  5 0.2463 0.1909 0.2878 0.2751 
        D339  5 0.0803 0.6946 0.1506 0.0745 
        D347  5 0.0579 0.4411 0.1457 0.3554 
        D348  5 0.0320 0.8462 0.0552 0.0666 
        D349  5 0.7608 0.1321 0.0577 0.0494 
        D350  5 0.0823 0.0823 0.1068 0.7286 
        D355  5 0.0631 0.0895 0.5468 0.3007 
        D356  5 0.1398 0.4375 0.0724 0.3503 
        D357  5 0.2256 0.4543 0.1699 0.1502 
        D358  5 0.1616 0.4909 0.1146 0.2329 
        D359  5 0.0557 0.4299 0.0435 0.4709 
        D360  5 0.1604 0.5162 0.0654 0.2580 
        D361  5 0.8464 0.0660 0.0409 0.0468 
        D366  5 0.0672 0.0502 0.2723 0.6103 
        D367  5 0.0680 0.8327 0.0596 0.0396 
        D368  5 0.3371 0.3857 0.1116 0.1657 
        D380  5 0.1686 0.0708 0.1320 0.6286 
        D381  5 0.0925 0.5853 0.1539 0.1683 
        D400  5 0.0648 0.5143 0.2546 0.1663 
        D411  5 0.8964 0.0330 0.0446 0.0260 
        D412  5 0.2091 0.2664 0.3283 0.1962 
        D413  5 0.0813 0.0425 0.7636 0.1125 
        D414  5 0.1011 0.1107 0.5456 0.2426 
        D420  5 0.5077 0.1876 0.2235 0.0812 
        D431  5 0.1853 0.4132 0.3624 0.0391 
        D432  5 0.1602 0.4875 0.2139 0.1384 
        D433  5 0.0624 0.6791 0.1604 0.0981 
        D434  5 0.1256 0.5052 0.0845 0.2848 
        D440  5 0.1172 0.0677 0.0649 0.7502 
        D447  5 0.2069 0.0701 0.1098 0.6132 
        D448  5 0.0283 0.8400 0.0626 0.0691 
        D459  5 0.0414 0.0500 0.6815 0.2272 
        D460  5 0.7028 0.0896 0.0479 0.1596 
        D461  5 0.0444 0.0496 0.0413 0.8646 
        D468  5 0.1429 0.5737 0.0911 0.1923 
        D469  5 0.1526 0.1829 0.1021 0.5624 
        D470  5 0.3512 0.3889 0.1245 0.1355 
        D471  5 0.0292 0.7511 0.1374 0.0824 
        D472  5 0.0333 0.0341 0.1400 0.7926 
        D479  5 0.0594 0.0893 0.7850 0.0662 
        D485  5 0.1259 0.5965 0.1309 0.1467 
        D486  5 0.2414 0.5024 0.0767 0.1796 
        D487  5 0.0709 0.3086 0.5530 0.0675 
        D555  5 0.0371 0.8380 0.0797 0.0452 
        D556  5 0.1148 0.3864 0.3565 0.1424 
        D557  5 0.0267 0.7981 0.0698 0.1054 
        D564  5 0.1978 0.5420 0.0863 0.1739 
        D594  5 0.1399 0.3890 0.1243 0.3468 
        D595  5 0.0962 0.4938 0.1898 0.2201 
        D596  5 0.0339 0.8655 0.0489 0.0517 
        D597  5 0.0500 0.2680 0.3792 0.3028 
        D598  5 0.1605 0.5301 0.1276 0.1817 
        D617  5 0.6797 0.0551 0.2203 0.0449 
        D618  5 0.0883 0.4575 0.2591 0.1952 
        D619  5 0.2652 0.3240 0.0727 0.3382 
        D620  5 0.0358 0.0361 0.8682 0.0598 
        D628  5 0.2267 0.3672 0.1228 0.2833 
        D714  5 0.0665 0.5294 0.3479 0.0561 
        D715  5 0.0485 0.5113 0.2002 0.2399 
        D716  5 0.0770 0.4673 0.2602 0.1954 
        D717  5 0.1313 0.1579 0.0772 0.6336 
        D718  5 0.3227 0.4905 0.1345 0.0523 
        D769  5 0.6830 0.0940 0.1690 0.0540 
        D770  5 0.0704 0.3749 0.4664 0.0883 
        D771  5 0.1535 0.2743 0.4195 0.1527 
        D772  5 0.0899 0.5562 0.1454 0.2085 
        D782  5 0.4662 0.0642 0.2875 0.1820 
        D783  5 0.0893 0.2283 0.5757 0.1067 
        D784  5 0.0892 0.0964 0.0974 0.7169 
        D785  5 0.0785 0.7957 0.0489 0.0769 
        D786  5 0.5197 0.0620 0.0813 0.3370 
        D821  5 0.0258 0.8904 0.0476 0.0362 
        D822  5 0.0691 0.2411 0.1041 0.5857 
        D826  5 0.0773 0.4314 0.3916 0.0997 
        D827  5 0.1218 0.1247 0.1249 0.6286 
        D851  5 0.2325 0.2397 0.1973 0.3305 
        D852  5 0.1057 0.2635 0.5165 0.1143 
        D853  5 0.1351 0.5086 0.1889 0.1674 
        D854  5 0.2183 0.1406 0.3589 0.2822 
        D861  5 0.1589 0.3732 0.3351 0.1327 
        D862  5 0.0835 0.5112 0.0501 0.3552 
        D865  5 0.0719 0.7618 0.1189 0.0475 
        D868  5 0.0778 0.0946 0.0756 0.7520 
        D869  5 0.7951 0.0705 0.0655 0.0689 
        D870  5 0.7340 0.0428 0.0981 0.1250 
        D907  5 0.0655 0.8302 0.0551 0.0491 
        D908  5 0.0843 0.2898 0.5771 0.0489 
        D910  5 0.0511 0.5686 0.2739 0.1063 
        D911  5 0.0496 0.0613 0.6660 0.2231 
        D934  5 0.0838 0.2157 0.5857 0.1148 
        D946  5 0.1688 0.3194 0.4550 0.0567 
        D947  5 0.1748 0.1954 0.2282 0.4016 
        D948  5 0.6529 0.1617 0.0540 0.1313 
        D949  5 0.7382 0.1400 0.0423 0.0796 
        D950  5 0.0311 0.0744 0.7301 0.1644 
        D951  5 0.1092 0.1811 0.0563 0.6534 
        D952  5 0.0539 0.1339 0.0840 0.7282 
        D953  5 0.0692 0.6317 0.0950 0.2040 
        D954  5 0.0763 0.2968 0.0719 0.5550 
        D961  5 0.1444 0.6724 0.1254 0.0577 
        D962  5 0.0543 0.7952 0.0317 0.1187 
        D963  5 0.0538 0.3267 0.1102 0.5092 
        D964  5 0.3736 0.2262 0.2764 0.1237 
        D965  5 0.1704 0.4023 0.2386 0.1886 
        D966  5 0.0527 0.4554 0.2356 0.2563 
        D967  5 0.1889 0.2843 0.3893 0.1376 
        D991  5 0.2861 0.4088 0.0859 0.2193 
        D502  6 0.4096 0.1025 0.4031 0.0848 
        D503  6 0.2808 0.0720 0.6047 0.0426 
        D504  6 0.1474 0.1539 0.1365 0.5623 
        D505  6 0.1383 0.4107 0.2459 0.2050 
        D506  6 0.0377 0.8863 0.0291 0.0469 
        D507  6 0.2456 0.1433 0.4349 0.1761 
        D508  6 0.1171 0.1866 0.2292 0.4670 
        D529  6 0.3260 0.3000 0.1387 0.2353 
        D530  6 0.1373 0.7171 0.0985 0.0471 
        D531  6 0.1615 0.2929 0.1765 0.3690 
        D532  6 0.0855 0.5491 0.1004 0.2650 
        D534  6 0.7767 0.0482 0.0706 0.1046 
        D535  6 0.1144 0.5868 0.0555 0.2433 
        D536  6 0.1241 0.0403 0.7882 0.0474 
        D554  6 0.1328 0.7313 0.0732 0.0627 
        D587  6 0.0737 0.6779 0.0862 0.1622 
        D588  6 0.1123 0.4355 0.1029 0.3494 
        D589  6 0.1471 0.1929 0.5827 0.0773 
        D590  6 0.0736 0.0832 0.7668 0.0764 
        D591  6 0.2421 0.2072 0.4036 0.1471 
        D592  6 0.7189 0.0849 0.1044 0.0918 
        D593  6 0.0919 0.7723 0.0966 0.0393 
        D682  6 0.0544 0.8118 0.0759 0.0580 
        D683  6 0.1323 0.1935 0.0582 0.6160 
        D684  6 0.4396 0.0325 0.4169 0.1111 
        D685  6 0.3575 0.1648 0.4353 0.0425 
        D686  6 0.0687 0.8427 0.0346 0.0540 
        D724  6 0.2839 0.1085 0.2250 0.3826 
        D725  6 0.1364 0.4298 0.3148 0.1191 
        D726  6 0.0410 0.8552 0.0378 0.0660 
        D727  6 0.1144 0.1862 0.3903 0.3091 
        D728  6 0.0904 0.7965 0.0554 0.0576 
        D729  6 0.4514 0.0395 0.1756 0.3336 
        D730  6 0.3411 0.0958 0.2796 0.2836 
        D731  6 0.0354 0.6539 0.2801 0.0306 
        D732  6 0.1311 0.1978 0.1177 0.5533 
        D733  6 0.2461 0.3063 0.1652 0.2825 
     D237251  7 0.0821 0.2042 0.6200 0.0937 
     D237252  7 0.4987 0.0689 0.3515 0.0808 
     D237253  7 0.1019 0.3021 0.4896 0.1064 
     D237254  7 0.8777 0.0256 0.0512 0.0455 
     D237255  7 0.0399 0.0831 0.8238 0.0533 
     D237256  7 0.0759 0.1313 0.6319 0.1609 
     D237257  7 0.6670 0.1043 0.1335 0.0952 
     D237282  7 0.1198 0.0411 0.0973 0.7418 
     D237283  7 0.8647 0.0404 0.0745 0.0204 
     D237284  7 0.8229 0.0440 0.0496 0.0834 
     D237285  7 0.1054 0.5682 0.2232 0.1032 
     D237286  7 0.1391 0.2369 0.2125 0.4115 
     D237287  7 0.1284 0.0888 0.5385 0.2443 
     D244006  7 0.8777 0.0320 0.0340 0.0563 
     D244007  7 0.1546 0.0829 0.4178 0.3447 
     D244008  7 0.8375 0.0763 0.0542 0.0320 
     D244009  7 0.5822 0.1651 0.0751 0.1776 
     D244010  7 0.5671 0.1297 0.1921 0.1111 
     D244011  7 0.1922 0.4026 0.3020 0.1033 
     D244012  7 0.2778 0.1033 0.4423 0.1766 
     D244013  7 0.0884 0.1972 0.4159 0.2985 
     D244014  7 0.3655 0.1325 0.3625 0.1394 
     D244015  7 0.6222 0.0776 0.1101 0.1902 
     D244125  7 0.0790 0.2992 0.3361 0.2857 
     D244126  7 0.9064 0.0252 0.0323 0.0361 
     D244130  7 0.4531 0.2080 0.1722 0.1667 
     D244131  7 0.2084 0.2222 0.1135 0.4559 
     D244132  7 0.0802 0.4609 0.0682 0.3907 
        D520  7 0.4979 0.3556 0.0765 0.0700 
        D521  7 0.2981 0.2372 0.1557 0.3091 
        D522  7 0.5424 0.0739 0.0880 0.2958 
        D523  7 0.0670 0.0889 0.7789 0.0652 
        D524  7 0.1798 0.2568 0.4089 0.1546 
        D525  7 0.5363 0.0542 0.3403 0.0692 
        D526  7 0.8595 0.0261 0.0461 0.0683 
        D527  7 0.2001 0.1532 0.2011 0.4456 
        D528  7 0.8836 0.0301 0.0523 0.0340 
        D558  7 0.1868 0.0607 0.1686 0.5840 
        D559  7 0.1878 0.0459 0.2366 0.5297 
        D640  7 0.1136 0.3622 0.2975 0.2267 
        D641  7 0.2153 0.4725 0.2621 0.0501 
        D642  7 0.5753 0.1189 0.1929 0.1128 
        D644  7 0.2764 0.4079 0.1637 0.1520 
        D645  7 0.2192 0.2289 0.4136 0.1383 
        D662  7 0.5199 0.1796 0.0369 0.2637 
        D687  7 0.1493 0.1790 0.4230 0.2487 
        D688  7 0.2545 0.0733 0.1955 0.4767 
        D689  7 0.1232 0.2952 0.2669 0.3148 
        D700  7 0.8282 0.0240 0.0829 0.0649 
        D797  7 0.1427 0.3160 0.2720 0.2694 
        D798  7 0.7361 0.0911 0.0451 0.1277 
        D799  7 0.2422 0.0920 0.5686 0.0972 
        D800  7 0.1310 0.0563 0.1889 0.6238 
        D132  8 0.8350 0.0709 0.0374 0.0567 
        D133  8 0.0692 0.0232 0.8778 0.0298 
        D200  8 0.1634 0.3559 0.3239 0.1568 
        D500  8 0.8743 0.0549 0.0260 0.0448 
        D614  8 0.1766 0.6230 0.0664 0.1340 
        D723  8 0.3021 0.1064 0.1498 0.4417 
        D888  8 0.0494 0.0537 0.7979 0.0991 
        D901  8 0.6441 0.1506 0.1672 0.0382 
        D902  8 0.0973 0.7700 0.0790 0.0536 
        D903  8 0.0508 0.1653 0.0769 0.7070 
        D904  8 0.1999 0.1607 0.1355 0.5038 
        D905  8 0.0370 0.1616 0.7722 0.0293 
        D906  8 0.1435 0.0576 0.6102 0.1887 
        D937  8 0.0464 0.8629 0.0674 0.0233 
        D943  8 0.5324 0.1028 0.1917 0.1731 
        D972  8 0.4388 0.1261 0.1116 0.3235 
        D973  8 0.1607 0.0878 0.0381 0.7134 
        D974  8 0.2298 0.3697 0.1803 0.2202 
        D975  8 0.1730 0.4743 0.1762 0.1764 
        D976  8 0.3032 0.3581 0.2513 0.0875 
        D201  9 0.1429 0.1041 0.5844 0.1686 
        D202  9 0.2213 0.2768 0.4516 0.0503 
     D237259  9 0.4081 0.0401 0.1814 0.3705 
     D237260  9 0.3133 0.1207 0.5319 0.0341 
     D237262  9 0.8736 0.0416 0.0302 0.0546 
     D237263  9 0.5435 0.0670 0.2440 0.1455 
     D237264  9 0.3643 0.2949 0.1961 0.1448 
     D237265  9 0.1085 0.0715 0.7852 0.0348 
     D237266  9 0.2051 0.0455 0.6331 0.1163 
     D237267  9 0.3204 0.5116 0.1120 0.0559 
     D237268  9 0.5996 0.1709 0.0816 0.1479 
     D237289  9 0.0815 0.3382 0.5304 0.0498 
     D237290  9 0.0583 0.0332 0.8687 0.0397 
     D237291  9 0.1138 0.0955 0.7313 0.0594 
     D237292  9 0.2722 0.0616 0.6182 0.0480 
     D237293  9 0.3764 0.3278 0.1551 0.1407 
     D237294  9 0.5593 0.1643 0.2327 0.0437 
     D237295  9 0.3178 0.2452 0.0562 0.3808 
     D237296  9 0.3474 0.1984 0.3330 0.1212 
     D237297  9 0.0779 0.7608 0.0897 0.0716 
     D237298  9 0.2102 0.0942 0.2345 0.4611 
     D237341  9 0.1717 0.0912 0.4890 0.2482 
     D237342  9 0.6711 0.1609 0.1003 0.0677 
     D237343  9 0.4661 0.0767 0.3459 0.1113 
     D237344  9 0.1027 0.6219 0.1851 0.0904 
     D237345  9 0.8411 0.0318 0.0641 0.0630 
     D237346  9 0.1693 0.1819 0.5919 0.0568 
     D237347  9 0.1154 0.4940 0.2196 0.1710 
     D237348  9 0.3209 0.2450 0.2293 0.2048 
     D237349  9 0.1864 0.0513 0.3405 0.4218 
     D244109  9 0.1877 0.0250 0.6377 0.1495 
     D244110  9 0.0996 0.0442 0.7674 0.0887 
     D244111  9 0.2152 0.1947 0.3640 0.2260 
     D244128  9 0.7947 0.0591 0.0913 0.0549 
     D244137  9 0.1415 0.0660 0.0611 0.7314 
     D244138  9 0.1953 0.2647 0.4739 0.0660 
        D580  9 0.7833 0.1126 0.0456 0.0584 
        D581  9 0.0630 0.0380 0.8682 0.0309 
        D582  9 0.8975 0.0454 0.0266 0.0305 
        D583  9 0.1105 0.0419 0.8122 0.0354 
        D584  9 0.2501 0.6197 0.0807 0.0495 
        D585  9 0.6238 0.0476 0.2708 0.0579 
        D586  9 0.0461 0.0808 0.8198 0.0534 
        D651  9 0.1091 0.1440 0.1648 0.5821 
        D652  9 0.4074 0.0426 0.1592 0.3907 
        D653  9 0.0938 0.0743 0.3940 0.4379 
        D654  9 0.1863 0.0693 0.3507 0.3936 
        D655  9 0.1016 0.3077 0.4287 0.1620 
        D656  9 0.7935 0.0936 0.0618 0.0511 
        D657  9 0.4333 0.1805 0.2340 0.1521 
        D667  9 0.1041 0.5612 0.2462 0.0885 
        D668  9 0.4784 0.1842 0.2496 0.0879 
        D669  9 0.1568 0.0893 0.6726 0.0813 
        D670  9 0.1134 0.0964 0.0987 0.6914 
        D671  9 0.1055 0.0892 0.7326 0.0727 
        D672  9 0.7545 0.0632 0.1284 0.0539 
        D673  9 0.3139 0.3777 0.1679 0.1406 
        D692  9 0.5466 0.0560 0.3311 0.0662 
        D693  9 0.2810 0.3509 0.1765 0.1915 
        D694  9 0.8240 0.0805 0.0586 0.0368 
        D695  9 0.4328 0.1129 0.1123 0.3419 
        D696  9 0.0322 0.9068 0.0288 0.0323 
        D697  9 0.1312 0.4269 0.2462 0.1957 
        D698  9 0.1286 0.3618 0.4446 0.0650 
        D699  9 0.1373 0.6661 0.1528 0.0438 
        D787  9 0.2910 0.0551 0.1957 0.4582 
        D788  9 0.1941 0.6615 0.0588 0.0856 
        D789  9 0.3505 0.3991 0.1959 0.0544 
        D790  9 0.2896 0.1293 0.3169 0.2642 
        D791  9 0.1010 0.2924 0.5642 0.0424 
        D792  9 0.2092 0.0621 0.2453 0.4834 
        D793  9 0.0684 0.4920 0.1431 0.2965 
        D794  9 0.1194 0.3674 0.1940 0.3191 
        D795  9 0.7192 0.1601 0.0875 0.0332 
        D796  9 0.1367 0.1286 0.6626 0.0722 
        D142 10 0.0868 0.5608 0.1674 0.1850 
        D143 10 0.0662 0.1308 0.7396 0.0634 
        D144 10 0.2928 0.3282 0.1253 0.2537 
        D145 10 0.0598 0.0563 0.8118 0.0721 
        D146 10 0.7055 0.1729 0.0473 0.0743 
        D147 10 0.4523 0.1610 0.1986 0.1881 
        D148 10 0.4803 0.1806 0.1334 0.2057 
        D149 10 0.0639 0.0418 0.8048 0.0895 
        D151 10 0.6361 0.0886 0.2214 0.0538 
        D152 10 0.0428 0.0284 0.9021 0.0267 
        D153 10 0.1070 0.3134 0.0548 0.5248 
        D156 10 0.0585 0.0925 0.1375 0.7115 
        D157 10 0.1486 0.7035 0.0803 0.0675 
        D158 10 0.1916 0.3683 0.4013 0.0389 
        D159 10 0.0394 0.0480 0.8660 0.0466 
        D160 10 0.0456 0.2699 0.6583 0.0262 
        D161 10 0.1607 0.2267 0.2170 0.3957 
        D162 10 0.0432 0.1856 0.2074 0.5638 
        D169 10 0.8144 0.0411 0.0726 0.0719 
        D170 10 0.6720 0.1528 0.0620 0.1132 
        D171 10 0.1492 0.6587 0.0780 0.1142 
        D172 10 0.2246 0.2240 0.2127 0.3388 
        D173 10 0.0550 0.0233 0.8074 0.1143 
        D181 10 0.0894 0.5685 0.1572 0.1849 
        D182 10 0.1938 0.0711 0.5613 0.1738 
        D183 10 0.0745 0.7782 0.0563 0.0909 
        D184 10 0.8630 0.0201 0.0195 0.0973 
        D185 10 0.2263 0.1430 0.1144 0.5163 
        D186 10 0.8268 0.0371 0.0981 0.0380 
        D194 10 0.5601 0.1413 0.1087 0.1900 
        D195 10 0.0589 0.2836 0.3992 0.2584 
        D196 10 0.0468 0.1405 0.2513 0.5614 
        D197 10 0.6453 0.0786 0.2377 0.0384 
        D198 10 0.3468 0.2611 0.0608 0.3313 
     D237226 10 0.2219 0.0473 0.6457 0.0852 
     D237232 10 0.1447 0.3920 0.3929 0.0704 
     D237233 10 0.0921 0.2050 0.6566 0.0463 
     D237234 10 0.1277 0.5461 0.1796 0.1467 
     D237354 10 0.0296 0.0368 0.8937 0.0399 
     D237355 10 0.0717 0.0980 0.7605 0.0697 
     D237356 10 0.1882 0.4366 0.0486 0.3266 
     D237357 10 0.2861 0.1450 0.4490 0.1199 
     D237358 10 0.3838 0.0855 0.1552 0.3755 
     D237369 10 0.8385 0.0336 0.0557 0.0721 
     D237370 10 0.0695 0.7183 0.1560 0.0562 
     D237371 10 0.2731 0.0844 0.0998 0.5427 
     D237372 10 0.3750 0.0487 0.4776 0.0987 
     D237373 10 0.0989 0.3989 0.4231 0.0790 
     D237374 10 0.0398 0.1877 0.7220 0.0506 
     D237375 10 0.2415 0.1272 0.3642 0.2671 
     D237400 10 0.0241 0.0368 0.9058 0.0333 
     D244002 10 0.7601 0.0492 0.0771 0.1137 
     D244003 10 0.0702 0.4350 0.4647 0.0301 
     D244004 10 0.0507 0.8904 0.0372 0.0217 
     D244005 10 0.2621 0.0410 0.6399 0.0571 
     D244020 10 0.1394 0.4051 0.1460 0.3095 
     D244021 10 0.5212 0.1040 0.2936 0.0813 
     D244116 10 0.5141 0.1894 0.1513 0.1451 
     D244117 10 0.0710 0.4912 0.3663 0.0715 
     D244121 10 0.1110 0.6215 0.2174 0.0500 
     D244123 10 0.1206 0.5398 0.2627 0.0770 
     D244124 10 0.4210 0.2192 0.3149 0.0449 
        D332 10 0.0648 0.1020 0.0730 0.7602 
        D570 10 0.0653 0.7796 0.0538 0.1013 
        D602 10 0.0555 0.0571 0.0501 0.8373 
        D603 10 0.2154 0.4312 0.2699 0.0835 
        D604 10 0.0627 0.1143 0.3461 0.4770 
        D605 10 0.1529 0.0893 0.1560 0.6018 
        D606 10 0.6102 0.2841 0.0442 0.0615 
        D607 10 0.0659 0.0459 0.0595 0.8288 
        D608 10 0.0236 0.0236 0.8816 0.0712 
        D609 10 0.0905 0.6179 0.0439 0.2477 
        D610 10 0.1951 0.3289 0.2042 0.2718 
        D611 10 0.0245 0.9215 0.0252 0.0288 
        D613 10 0.0579 0.2495 0.1172 0.5755 
        D633 10 0.0809 0.0380 0.1097 0.7713 
        D634 10 0.1765 0.5765 0.1483 0.0986 
        D638 10 0.0353 0.0561 0.8649 0.0436 
        D681 10 0.2272 0.5702 0.1279 0.0747 
        D754 10 0.4761 0.3901 0.1006 0.0331 
        D755 10 0.0392 0.4014 0.5353 0.0240 
        D756 10 0.1771 0.6345 0.1271 0.0612 
        D757 10 0.2337 0.0922 0.4065 0.2676 
        D758 10 0.2594 0.2987 0.2431 0.1988 
        D759 10 0.0848 0.3506 0.4940 0.0706 
        D760 10 0.1434 0.3370 0.3606 0.1590 
        D761 10 0.0269 0.0656 0.8837 0.0237 
        D762 10 0.1174 0.0855 0.1001 0.6971 
        D775 10 0.0852 0.6254 0.2534 0.0360 
        D776 10 0.0418 0.0852 0.8401 0.0328 
        D777 10 0.2008 0.4479 0.2853 0.0660 
        D778 10 0.1684 0.0433 0.7532 0.0350 
        D779 10 0.2404 0.5578 0.1473 0.0545 
        D780 10 0.0802 0.1795 0.5202 0.2201 
        D781 10 0.1075 0.1365 0.1313 0.6248 
        D858 10 0.8636 0.0289 0.0782 0.0293 
        D933 10 0.1101 0.2185 0.3328 0.3386 
        D038 11 0.2143 0.1271 0.4968 0.1618 
        D063 11 0.0919 0.3928 0.4162 0.0991 
        D155 11 0.0965 0.4001 0.3651 0.1383 
        D175 11 0.2373 0.6311 0.0813 0.0503 
        D176 11 0.0554 0.2093 0.7022 0.0331 
        D205 11 0.2018 0.7140 0.0332 0.0509 
     D237229 11 0.3148 0.0457 0.3423 0.2971 
     D237230 11 0.2290 0.0526 0.1756 0.5428 
     D237231 11 0.0548 0.0558 0.0662 0.8232 
     D237269 11 0.1689 0.1009 0.3131 0.4171 
     D237270 11 0.7273 0.0362 0.0738 0.1627 
     D237271 11 0.1501 0.5789 0.0963 0.1747 
     D237272 11 0.2403 0.0538 0.1356 0.5702 
     D237273 11 0.0714 0.6569 0.1813 0.0904 
     D237301 11 0.0439 0.1732 0.0721 0.7108 
     D237302 11 0.4782 0.1345 0.2184 0.1689 
     D237303 11 0.6145 0.0418 0.1660 0.1776 
     D237304 11 0.2462 0.2052 0.1358 0.4128 
     D237305 11 0.6744 0.1264 0.1273 0.0719 
     D237314 11 0.2002 0.4341 0.2218 0.1439 
     D237315 11 0.6861 0.0662 0.1008 0.1469 
     D237316 11 0.0464 0.1093 0.0347 0.8096 
     D237328 11 0.3382 0.2709 0.0440 0.3469 
     D237329 11 0.2719 0.1210 0.4656 0.1416 
     D237330 11 0.0762 0.6984 0.1645 0.0609 
     D237331 11 0.1088 0.4442 0.2610 0.1859 
     D237332 11 0.1148 0.2963 0.1279 0.4611 
     D237333 11 0.0473 0.3180 0.5609 0.0737 
     D237334 11 0.0646 0.1033 0.0611 0.7709 
     D237335 11 0.2126 0.3787 0.0769 0.3319 
     D237336 11 0.1658 0.1728 0.5533 0.1082 
     D237350 11 0.0529 0.7113 0.0957 0.1401 
     D237383 11 0.4142 0.2128 0.3090 0.0641 
     D237384 11 0.2437 0.0798 0.0843 0.5922 
     D237385 11 0.2486 0.2223 0.2287 0.3004 
     D237386 11 0.1023 0.1419 0.1045 0.6513 
     D237387 11 0.1504 0.1394 0.0487 0.6616 
     D237388 11 0.0471 0.8045 0.0613 0.0871 
        D239 11 0.0991 0.3879 0.3209 0.1920 
        D240 11 0.0769 0.0586 0.8271 0.0374 
        D241 11 0.5253 0.0786 0.1786 0.2175 
        D242 11 0.1328 0.1163 0.2034 0.5474 
        D243 11 0.1929 0.4086 0.2302 0.1683 
        D244 11 0.1781 0.6571 0.0600 0.1047 
