        D174  1 0.1704 0.1849 0.6447 
        D199  1 0.3341 0.2076 0.4584 
        D203  1 0.5092 0.2975 0.1933 
        D204  1 0.8845 0.0778 0.0377 
     D237366  1 0.3373 0.5671 0.0956 
     D237367  1 0.3743 0.5697 0.0560 
     D237368  1 0.1596 0.7629 0.0774 
     D244101  1 0.8550 0.0760 0.0690 
     D244102  1 0.3433 0.2155 0.4412 
     D244103  1 0.6957 0.2480 0.0563 
     D244104  1 0.4864 0.1408 0.3728 
     D244105  1 0.5766 0.3819 0.0415 
     D244106  1 0.0922 0.1209 0.7869 
     D244107  1 0.1545 0.8253 0.0201 
     D244108  1 0.1297 0.2308 0.6396 
     D244113  1 0.0682 0.0753 0.8564 
     D244114  1 0.5392 0.2317 0.2291 
     D244115  1 0.2185 0.2208 0.5607 
     D267365  1 0.3497 0.0662 0.5841 
        D404  1 0.1238 0.1115 0.7647 
        D405  1 0.2557 0.2099 0.5343 
        D406  1 0.0857 0.8850 0.0293 
        D407  1 0.2907 0.6760 0.0333 
        D408  1 0.0553 0.0273 0.9174 
        D409  1 0.7108 0.2240 0.0652 
        D410  1 0.0978 0.8510 0.0511 
        D421  1 0.6376 0.2390 0.1234 
        D422  1 0.0419 0.9426 0.0156 
        D423  1 0.0340 0.9446 0.0214 
        D424  1 0.8658 0.0936 0.0407 
        D425  1 0.5062 0.0741 0.4196 
        D426  1 0.6513 0.2817 0.0670 
        D427  1 0.0777 0.7321 0.1903 
        D428  1 0.3886 0.3726 0.2389 
        D429  1 0.4287 0.1461 0.4252 
        D430  1 0.2901 0.1866 0.5232 
        D491  1 0.0749 0.0360 0.8892 
        D492  1 0.3512 0.3778 0.2710 
        D537  1 0.6927 0.2636 0.0437 
        D538  1 0.3359 0.4521 0.2120 
        D539  1 0.1062 0.1278 0.7660 
        D540  1 0.5058 0.2234 0.2709 
        D541  1 0.8249 0.1195 0.0556 
        D551  1 0.2704 0.6228 0.1068 
        D552  1 0.2637 0.3438 0.3925 
        D553  1 0.8830 0.0495 0.0675 
        D615  1 0.4010 0.3151 0.2840 
        D616  1 0.2567 0.5350 0.2083 
        D621  1 0.0732 0.7668 0.1600 
        D622  1 0.1072 0.8245 0.0683 
        D623  1 0.1711 0.1802 0.6488 
        D624  1 0.1318 0.0528 0.8154 
        D625  1 0.7682 0.1159 0.1160 
        D626  1 0.1738 0.1635 0.6627 
        D627  1 0.7599 0.1536 0.0865 
        D690  1 0.6567 0.1265 0.2168 
        D691  1 0.1605 0.7928 0.0467 
        D710  1 0.5250 0.1783 0.2967 
        D711  1 0.7579 0.1243 0.1177 
        D712  1 0.0758 0.0529 0.8713 
        D713  1 0.3851 0.1877 0.4272 
        D746  1 0.0611 0.9115 0.0275 
        D747  1 0.8311 0.0991 0.0698 
        D748  1 0.6365 0.2705 0.0930 
        D749  1 0.0818 0.7841 0.1341 
        D750  1 0.2328 0.1132 0.6540 
        D763  1 0.5752 0.2544 0.1704 
        D764  1 0.4240 0.2132 0.3628 
        D765  1 0.0963 0.6224 0.2813 
        D766  1 0.3439 0.5576 0.0984 
        D767  1 0.6358 0.2581 0.1061 
        D768  1 0.9227 0.0509 0.0264 
        D811  1 0.0971 0.0821 0.8208 
        D816  1 0.7154 0.0814 0.2032 
        D825  1 0.2006 0.1517 0.6477 
        D866  1 0.0890 0.1099 0.8011 
        D867  1 0.0325 0.9437 0.0239 
        D871  1 0.7626 0.1871 0.0503 
        D872  1 0.5646 0.3303 0.1051 
        D873  1 0.0130 0.9695 0.0176 
        D874  1 0.5765 0.0330 0.3905 
        D875  1 0.7292 0.2393 0.0315 
        D876  1 0.6910 0.0724 0.2365 
        D877  1 0.2973 0.0663 0.6364 
        D892  1 0.6013 0.1248 0.2740 
        D893  1 0.7009 0.1706 0.1286 
        D894  1 0.6656 0.1187 0.2157 
        D915  1 0.6843 0.1791 0.1365 
        D916  1 0.8299 0.0929 0.0772 
        D917  1 0.3823 0.0702 0.5475 
        D925  1 0.0702 0.7907 0.1390 
        D926  1 0.7099 0.1077 0.1824 
        D927  1 0.5586 0.1867 0.2547 
        D928  1 0.1383 0.0369 0.8247 
        D929  1 0.5191 0.1617 0.3192 
        D936  1 0.7448 0.0783 0.1769 
        D938  1 0.0488 0.9172 0.0340 
        D956  1 0.0722 0.0621 0.8656 
        D957  1 0.4430 0.4206 0.1363 
        D958  1 0.5312 0.2907 0.1782 
        D959  1 0.2876 0.6844 0.0280 
        D960  1 0.0354 0.9316 0.0330 
        D989  1 0.0889 0.0418 0.8692 
        D990  1 0.0190 0.8862 0.0948 
        D023  2 0.1105 0.8619 0.0276 
        D130  2 0.0682 0.9113 0.0205 
        D131  2 0.8502 0.0768 0.0730 
        D163  2 0.0984 0.8496 0.0521 
        D164  2 0.0129 0.9744 0.0127 
        D165  2 0.0522 0.9193 0.0285 
        D166  2 0.5601 0.1999 0.2400 
        D167  2 0.0241 0.8895 0.0864 
        D192  2 0.0188 0.9165 0.0647 
        D193  2 0.1605 0.1223 0.7172 
        D206  2 0.3641 0.5644 0.0715 
        D207  2 0.4336 0.3476 0.2188 
        D208  2 0.0980 0.0775 0.8245 
        D209  2 0.1951 0.7328 0.0721 
        D210  2 0.1183 0.1533 0.7284 
     D229599  2 0.4883 0.1248 0.3868 
     D229600  2 0.0286 0.9422 0.0292 
     D237227  2 0.0427 0.1761 0.7812 
     D237228  2 0.0437 0.4706 0.4857 
     D237258  2 0.1561 0.4003 0.4436 
     D237310  2 0.0456 0.8281 0.1263 
     D237311  2 0.0421 0.8706 0.0873 
     D237312  2 0.3054 0.3846 0.3100 
     D237313  2 0.4474 0.1614 0.3912 
     D237322  2 0.2160 0.1057 0.6783 
     D237323  2 0.0568 0.5977 0.3456 
     D237324  2 0.0640 0.9018 0.0342 
     D237325  2 0.2022 0.5810 0.2168 
     D237326  2 0.1626 0.7230 0.1144 
     D237327  2 0.3815 0.2829 0.3355 
     D237337  2 0.1380 0.7387 0.1233 
     D237338  2 0.1915 0.4671 0.3414 
     D237339  2 0.7969 0.1464 0.0568 
     D237340  2 0.0471 0.6421 0.3108 
     D237389  2 0.0683 0.8598 0.0719 
     D237390  2 0.3804 0.2293 0.3903 
     D244017  2 0.0641 0.1298 0.8061 
     D244112  2 0.0209 0.9312 0.0479 
     D244118  2 0.0217 0.9448 0.0335 
     D244119  2 0.0341 0.3542 0.6117 
     D244120  2 0.0698 0.2464 0.6837 
     D244122  2 0.0551 0.8033 0.1416 
        D291  2 0.2819 0.1686 0.5496 
        D292  2 0.2438 0.1357 0.6205 
        D293  2 0.8477 0.1248 0.0275 
        D322  2 0.6215 0.3217 0.0568 
        D323  2 0.4468 0.2455 0.3078 
        D324  2 0.4898 0.1820 0.3282 
        D325  2 0.4081 0.5688 0.0230 
        D326  2 0.9195 0.0258 0.0547 
        D340  2 0.0293 0.9534 0.0173 
        D341  2 0.0737 0.8655 0.0608 
        D342  2 0.0726 0.8702 0.0572 
        D343  2 0.0550 0.9286 0.0164 
        D344  2 0.8181 0.0977 0.0842 
        D345  2 0.5538 0.2588 0.1874 
        D346  2 0.1091 0.0926 0.7983 
        D351  2 0.8863 0.0517 0.0620 
        D352  2 0.6227 0.1573 0.2200 
        D353  2 0.9472 0.0239 0.0289 
        D354  2 0.5900 0.0868 0.3232 
        D362  2 0.5586 0.1980 0.2434 
        D363  2 0.4961 0.1309 0.3730 
        D364  2 0.7638 0.0753 0.1609 
        D365  2 0.0560 0.9157 0.0282 
        D369  2 0.3213 0.2162 0.4625 
        D374  2 0.0413 0.0622 0.8965 
        D375  2 0.7874 0.0872 0.1254 
        D376  2 0.0358 0.0918 0.8724 
        D377  2 0.2628 0.2577 0.4795 
        D378  2 0.7796 0.1647 0.0558 
        D379  2 0.9065 0.0330 0.0606 
        D384  2 0.9043 0.0234 0.0723 
        D385  2 0.0438 0.9070 0.0493 
        D386  2 0.8160 0.1281 0.0559 
        D391  2 0.1047 0.8610 0.0343 
        D392  2 0.0506 0.8928 0.0566 
        D393  2 0.7641 0.1467 0.0893 
        D394  2 0.3807 0.4755 0.1437 
        D395  2 0.5613 0.3539 0.0847 
        D401  2 0.0298 0.9019 0.0684 
        D402  2 0.0612 0.8881 0.0507 
        D403  2 0.7524 0.2048 0.0428 
        D415  2 0.8750 0.1072 0.0178 
        D435  2 0.4709 0.4854 0.0436 
        D436  2 0.8151 0.0648 0.1200 
        D438  2 0.0238 0.9522 0.0240 
        D439  2 0.8168 0.1315 0.0517 
        D449  2 0.2735 0.6898 0.0367 
        D450  2 0.4345 0.1000 0.4655 
        D456  2 0.9431 0.0253 0.0316 
        D462  2 0.1496 0.8245 0.0259 
        D463  2 0.9572 0.0158 0.0270 
        D464  2 0.8500 0.0642 0.0859 
        D465  2 0.3020 0.6578 0.0402 
        D473  2 0.1043 0.1649 0.7308 
        D474  2 0.4265 0.1896 0.3838 
        D476  2 0.1334 0.8400 0.0266 
        D477  2 0.5856 0.0849 0.3295 
        D478  2 0.4105 0.1874 0.4021 
        D480  2 0.6854 0.0958 0.2189 
        D481  2 0.4611 0.2233 0.3156 
        D482  2 0.1264 0.0854 0.7882 
        D483  2 0.0225 0.9231 0.0544 
        D484  2 0.5089 0.1754 0.3157 
        D510  2 0.0413 0.0335 0.9252 
        D511  2 0.8268 0.1138 0.0594 
        D512  2 0.0551 0.9152 0.0296 
        D513  2 0.2552 0.6300 0.1148 
        D635  2 0.4786 0.4204 0.1010 
        D636  2 0.0319 0.9371 0.0310 
        D637  2 0.5016 0.2112 0.2872 
        D658  2 0.1041 0.6767 0.2192 
        D659  2 0.7718 0.1444 0.0837 
        D677  2 0.5389 0.3170 0.1442 
        D678  2 0.0386 0.8885 0.0728 
        D679  2 0.7343 0.1203 0.1453 
        D719  2 0.2782 0.0734 0.6484 
        D720  2 0.6640 0.1457 0.1902 
        D721  2 0.1051 0.8564 0.0385 
        D722  2 0.0575 0.1301 0.8124 
        D734  2 0.2368 0.0489 0.7143 
        D735  2 0.5169 0.3064 0.1767 
        D736  2 0.1349 0.1177 0.7474 
        D737  2 0.1495 0.5311 0.3194 
        D807  2 0.2991 0.1175 0.5834 
        D808  2 0.5040 0.3845 0.1115 
        D817  2 0.5781 0.0792 0.3427 
        D818  2 0.7081 0.2106 0.0814 
        D819  2 0.5507 0.1993 0.2499 
        D820  2 0.9198 0.0308 0.0494 
        D895  2 0.5626 0.3355 0.1019 
        D896  2 0.0344 0.8970 0.0686 
        D897  2 0.1624 0.7360 0.1015 
        D898  2 0.3289 0.1084 0.5626 
        D918  2 0.3463 0.4970 0.1567 
        D919  2 0.8420 0.1091 0.0489 
        D920  2 0.0378 0.9305 0.0318 
        D923  2 0.8948 0.0530 0.0522 
        D930  2 0.6722 0.0978 0.2299 
        D931  2 0.5893 0.1481 0.2626 
        D968  2 0.1010 0.8374 0.0616 
        D969  2 0.5599 0.1314 0.3087 
        D977  2 0.3259 0.6217 0.0523 
        D978  2 0.4573 0.1452 0.3975 
        D211  3 0.5831 0.3473 0.0696 
     D229639  3 0.0688 0.0573 0.8739 
     D237212  3 0.5880 0.2056 0.2064 
     D237213  3 0.5933 0.3061 0.1006 
     D237214  3 0.2747 0.6829 0.0424 
     D237215  3 0.0200 0.3498 0.6302 
     D237216  3 0.5932 0.3172 0.0896 
     D237217  3 0.5956 0.3769 0.0275 
     D237218  3 0.6049 0.2007 0.1944 
     D237219  3 0.0762 0.2489 0.6749 
     D237382  3 0.5478 0.2202 0.2320 
     D244127  3 0.0715 0.8783 0.0503 
     D244129  3 0.6009 0.2518 0.1472 
     D244133  3 0.1216 0.3550 0.5234 
     D244134  3 0.0581 0.0799 0.8620 
     D244135  3 0.1382 0.8318 0.0299 
     D244136  3 0.2800 0.1900 0.5300 
        D416  3 0.5336 0.3342 0.1322 
        D417  3 0.8851 0.0704 0.0445 
        D419  3 0.2655 0.2680 0.4665 
        D565  3 0.0630 0.0372 0.8998 
        D566  3 0.0500 0.0602 0.8897 
        D567  3 0.6990 0.2293 0.0717 
        D568  3 0.5780 0.3753 0.0467 
        D569  3 0.5811 0.3119 0.1070 
        D573  3 0.6321 0.1863 0.1816 
        D574  3 0.0745 0.0729 0.8526 
        D575  3 0.1834 0.3311 0.4855 
        D576  3 0.0178 0.6413 0.3409 
        D577  3 0.8137 0.0899 0.0964 
        D578  3 0.0281 0.9500 0.0219 
        D579  3 0.3691 0.1931 0.4377 
        D660  3 0.0974 0.7751 0.1275 
        D661  3 0.2560 0.4721 0.2719 
        D663  3 0.4500 0.1326 0.4174 
        D664  3 0.0832 0.4922 0.4246 
        D665  3 0.3300 0.5935 0.0765 
        D666  3 0.2342 0.1983 0.5675 
        D009  4 0.5787 0.3390 0.0822 
        D057  4 0.1997 0.7097 0.0906 
        D109  4 0.2365 0.5919 0.1717 
     D237222  4 0.0816 0.8365 0.0819 
     D237223  4 0.3301 0.5504 0.1196 
     D237224  4 0.5445 0.1404 0.3151 
     D237225  4 0.5904 0.3100 0.0996 
     D237299  4 0.5456 0.3319 0.1224 
     D237300  4 0.0404 0.0436 0.9160 
     D237306  4 0.3360 0.1472 0.5168 
     D237307  4 0.3147 0.1761 0.5092 
     D237308  4 0.0870 0.7724 0.1406 
     D237309  4 0.6358 0.2822 0.0820 
     D237317  4 0.2894 0.0761 0.6345 
     D237318  4 0.0971 0.0482 0.8547 
     D237319  4 0.3894 0.3870 0.2236 
     D237320  4 0.4314 0.4206 0.1479 
     D237321  4 0.1150 0.1116 0.7735 
     D237397  4 0.2340 0.3281 0.4380 
     D237398  4 0.5386 0.1664 0.2950 
     D237399  4 0.3393 0.1397 0.5210 
     D244001  4 0.0925 0.8727 0.0348 
        D289  4 0.5317 0.0999 0.3684 
        D290  4 0.5662 0.1013 0.3324 
        D294  4 0.7050 0.1730 0.1219 
        D295  4 0.6699 0.1177 0.2125 
        D301  4 0.0350 0.8761 0.0889 
        D302  4 0.8188 0.0968 0.0844 
        D303  4 0.0947 0.1567 0.7487 
        D304  4 0.4034 0.0382 0.5585 
        D305  4 0.6296 0.3363 0.0341 
        D306  4 0.5283 0.0785 0.3932 
        D307  4 0.0354 0.8826 0.0820 
        D327  4 0.7940 0.0718 0.1342 
        D328  4 0.2330 0.0808 0.6862 
        D329  4 0.3410 0.4906 0.1684 
        D330  4 0.8016 0.1645 0.0339 
        D331  4 0.2619 0.1764 0.5617 
        D333  4 0.3070 0.2865 0.4065 
        D334  4 0.2821 0.1080 0.6099 
        D335  4 0.7884 0.1274 0.0842 
        D370  4 0.1282 0.3321 0.5397 
        D371  4 0.0981 0.0603 0.8416 
        D372  4 0.0525 0.0694 0.8781 
        D373  4 0.0326 0.9307 0.0367 
        D455  4 0.0552 0.9036 0.0412 
        D490  4 0.0641 0.9022 0.0338 
        D497  4 0.0657 0.8830 0.0513 
        D498  4 0.1814 0.2046 0.6140 
        D499  4 0.2413 0.1403 0.6184 
        D514  4 0.8183 0.0983 0.0833 
        D515  4 0.6263 0.3194 0.0543 
        D516  4 0.3620 0.3588 0.2793 
        D517  4 0.1071 0.8397 0.0532 
        D518  4 0.3026 0.5758 0.1216 
        D519  4 0.5343 0.3997 0.0659 
        D560  4 0.5726 0.3735 0.0539 
        D561  4 0.7770 0.2066 0.0164 
        D562  4 0.5665 0.2147 0.2187 
        D563  4 0.4447 0.4867 0.0685 
        D572  4 0.7556 0.1519 0.0925 
        D629  4 0.6855 0.1476 0.1670 
        D630  4 0.6236 0.1610 0.2155 
        D631  4 0.4322 0.3444 0.2234 
        D632  4 0.0689 0.8969 0.0342 
        D646  4 0.5982 0.3604 0.0414 
        D647  4 0.7898 0.1794 0.0308 
        D648  4 0.3167 0.1608 0.5225 
        D649  4 0.6703 0.2497 0.0800 
        D650  4 0.5432 0.1643 0.2925 
        D708  4 0.2088 0.0912 0.7001 
        D709  4 0.4579 0.0711 0.4711 
        D738  4 0.2725 0.1916 0.5359 
        D739  4 0.5183 0.3094 0.1723 
        D740  4 0.1943 0.3055 0.5001 
        D741  4 0.7878 0.1910 0.0211 
        D742  4 0.3386 0.2537 0.4076 
        D743  4 0.8358 0.0609 0.1033 
        D744  4 0.8291 0.1125 0.0584 
        D745  4 0.5090 0.4237 0.0672 
        D814  4 0.3691 0.5705 0.0604 
        D815  4 0.7243 0.0769 0.1988 
        D828  4 0.0733 0.1206 0.8062 
        D845  4 0.0749 0.0520 0.8731 
        D846  4 0.6422 0.3069 0.0508 
        D847  4 0.5410 0.1844 0.2746 
        D848  4 0.0294 0.9264 0.0442 
        D849  4 0.4675 0.4878 0.0447 
        D850  4 0.5356 0.2346 0.2299 
        D856  4 0.5977 0.1928 0.2094 
        D857  4 0.0220 0.9264 0.0516 
        D859  4 0.6715 0.0871 0.2414 
        D860  4 0.2280 0.0843 0.6877 
        D883  4 0.3787 0.2219 0.3994 
        D884  4 0.6059 0.1737 0.2204 
        D885  4 0.5481 0.3304 0.1214 
        D886  4 0.5269 0.3755 0.0975 
        D887  4 0.4087 0.1670 0.4244 
        D889  4 0.3592 0.0203 0.6205 
        D890  4 0.1755 0.2421 0.5824 
        D891  4 0.0633 0.0268 0.9098 
        D899  4 0.1546 0.1639 0.6814 
        D900  4 0.6000 0.1619 0.2382 
        D970  4 0.6035 0.1468 0.2496 
        D971  4 0.1088 0.8549 0.0362 
        D979  4 0.8310 0.0652 0.1038 
        D093  5 0.1078 0.0849 0.8073 
        D154  5 0.4355 0.2327 0.3319 
        D168  5 0.2918 0.6007 0.1075 
        D189  5 0.1400 0.0596 0.8004 
        D190  5 0.0857 0.0464 0.8679 
     D237220  5 0.4318 0.2171 0.3511 
     D237221  5 0.1861 0.1186 0.6952 
     D237274  5 0.8912 0.0621 0.0468 
     D237275  5 0.0767 0.6832 0.2401 
     D237276  5 0.3567 0.2656 0.3777 
     D237277  5 0.0578 0.0527 0.8895 
     D237278  5 0.0676 0.7285 0.2039 
     D237279  5 0.1835 0.7775 0.0390 
     D237280  5 0.3003 0.4681 0.2316 
     D237281  5 0.4671 0.2170 0.3159 
     D237351  5 0.0800 0.6986 0.2214 
     D237352  5 0.1788 0.7558 0.0655 
     D237353  5 0.0290 0.0249 0.9461 
     D237359  5 0.4933 0.1840 0.3227 
     D237361  5 0.0362 0.0617 0.9021 
     D237362  5 0.3530 0.1672 0.4798 
     D237363  5 0.4357 0.3433 0.2210 
     D237364  5 0.5642 0.3652 0.0706 
     D237376  5 0.0809 0.0870 0.8321 
     D237377  5 0.3149 0.4850 0.2001 
     D237378  5 0.0527 0.0782 0.8691 
     D237379  5 0.1911 0.0749 0.7339 
     D237380  5 0.0804 0.7412 0.1783 
     D237381  5 0.1332 0.7623 0.1045 
     D237391  5 0.0771 0.0509 0.8720 
     D237392  5 0.6235 0.2920 0.0845 
     D237393  5 0.3956 0.2242 0.3802 
     D237394  5 0.0609 0.0328 0.9063 
     D237395  5 0.1085 0.2031 0.6884 
     D237396  5 0.4846 0.3382 0.1772 
     D244016  5 0.2145 0.1262 0.6594 
     D244018  5 0.0720 0.7115 0.2165 
     D244019  5 0.5370 0.1391 0.3239 
        D279  5 0.3522 0.2553 0.3925 
        D280  5 0.2401 0.0981 0.6618 
        D281  5 0.3063 0.0803 0.6133 
        D283  5 0.2579 0.0508 0.6913 
        D284  5 0.2588 0.5851 0.1561 
        D285  5 0.1842 0.0400 0.7758 
        D286  5 0.4178 0.0982 0.4840 
        D287  5 0.0736 0.0743 0.8520 
        D288  5 0.2511 0.0444 0.7045 
        D308  5 0.0877 0.8603 0.0519 
        D309  5 0.9019 0.0729 0.0252 
        D310  5 0.0412 0.0211 0.9378 
        D311  5 0.4766 0.0732 0.4503 
        D312  5 0.2434 0.1374 0.6192 
        D313  5 0.0171 0.9603 0.0226 
        D314  5 0.2181 0.3743 0.4076 
        D315  5 0.2815 0.1505 0.5680 
        D317  5 0.0633 0.0358 0.9009 
        D318  5 0.5768 0.2001 0.2231 
        D319  5 0.0512 0.0458 0.9030 
        D320  5 0.0773 0.0369 0.8858 
        D321  5 0.0938 0.6259 0.2803 
        D336  5 0.1722 0.0403 0.7875 
        D337  5 0.0342 0.0225 0.9432 
        D338  5 0.4701 0.2192 0.3107 
        D339  5 0.0741 0.0886 0.8373 
        D347  5 0.5163 0.0764 0.4074 
        D348  5 0.0856 0.0408 0.8736 
        D349  5 0.0312 0.8110 0.1577 
        D350  5 0.8564 0.1008 0.0428 
        D355  5 0.8077 0.0768 0.1156 
        D356  5 0.2369 0.1116 0.6515 
        D357  5 0.2346 0.1294 0.6359 
        D358  5 0.1813 0.1937 0.6251 
        D359  5 0.4365 0.0317 0.5318 
        D360  5 0.1670 0.0699 0.7631 
        D361  5 0.0327 0.9239 0.0433 
        D366  5 0.3956 0.5654 0.0390 
        D367  5 0.0838 0.0872 0.8290 
        D368  5 0.2683 0.2004 0.5313 
        D380  5 0.6044 0.2990 0.0965 
        D381  5 0.1422 0.0966 0.7612 
        D400  5 0.2749 0.1060 0.6191 
        D411  5 0.0336 0.9446 0.0218 
        D412  5 0.2617 0.3707 0.3676 
        D413  5 0.0974 0.8672 0.0354 
        D414  5 0.6438 0.2202 0.1360 
        D420  5 0.2340 0.1755 0.5905 
        D431  5 0.0796 0.1083 0.8121 
        D432  5 0.0761 0.2458 0.6780 
        D433  5 0.0734 0.0484 0.8782 
        D434  5 0.2192 0.0978 0.6830 
        D440  5 0.8772 0.0944 0.0283 
        D447  5 0.7730 0.1937 0.0333 
        D448  5 0.1123 0.0320 0.8557 
        D459  5 0.4954 0.1211 0.3835 
        D460  5 0.0830 0.8047 0.1123 
        D461  5 0.8934 0.0499 0.0567 
        D468  5 0.3745 0.1792 0.4463 
        D469  5 0.6621 0.1157 0.2222 
        D470  5 0.5183 0.2766 0.2051 
        D471  5 0.1438 0.0296 0.8266 
        D472  5 0.8630 0.0670 0.0700 
        D479  5 0.0757 0.8787 0.0456 
        D485  5 0.2916 0.1696 0.5389 
        D486  5 0.3881 0.3379 0.2740 
        D487  5 0.0671 0.1100 0.8228 
        D555  5 0.0305 0.0563 0.9132 
        D556  5 0.0950 0.0741 0.8309 
        D557  5 0.0661 0.0535 0.8804 
        D564  5 0.2301 0.1395 0.6304 
        D594  5 0.5353 0.2086 0.2561 
        D595  5 0.2102 0.1464 0.6433 
        D596  5 0.0327 0.0490 0.9183 
        D597  5 0.2811 0.1473 0.5716 
        D598  5 0.1666 0.2898 0.5435 
        D617  5 0.0522 0.9053 0.0425 
        D618  5 0.1068 0.0770 0.8162 
        D619  5 0.1895 0.5028 0.3077 
        D620  5 0.0610 0.8802 0.0588 
        D628  5 0.3239 0.4351 0.2410 
        D714  5 0.0481 0.0383 0.9136 
        D715  5 0.0952 0.0722 0.8325 
        D716  5 0.5323 0.0677 0.4000 
        D717  5 0.4482 0.1866 0.3652 
        D718  5 0.1446 0.3510 0.5044 
        D769  5 0.0787 0.8701 0.0512 
        D770  5 0.2039 0.2314 0.5647 
        D771  5 0.2008 0.3179 0.4813 
        D772  5 0.1833 0.0956 0.7211 
        D782  5 0.1689 0.7398 0.0913 
        D783  5 0.3477 0.2635 0.3887 
        D784  5 0.7082 0.0985 0.1933 
        D785  5 0.0933 0.0880 0.8187 
        D786  5 0.2301 0.7342 0.0357 
        D821  5 0.0291 0.0177 0.9533 
        D822  5 0.6387 0.0975 0.2639 
        D826  5 0.1353 0.1096 0.7551 
        D827  5 0.8702 0.0715 0.0583 
        D851  5 0.3602 0.2831 0.3567 
        D852  5 0.1195 0.2136 0.6668 
        D853  5 0.2254 0.0939 0.6806 
        D854  5 0.6146 0.1639 0.2215 
        D861  5 0.1928 0.2954 0.5118 
        D862  5 0.5062 0.0682 0.4256 
        D865  5 0.0401 0.0675 0.8924 
        D868  5 0.6992 0.0988 0.2020 
        D869  5 0.0301 0.9338 0.0361 
        D870  5 0.7218 0.2525 0.0257 
        D907  5 0.0529 0.0809 0.8662 
        D908  5 0.0556 0.1518 0.7926 
        D910  5 0.1237 0.0466 0.8297 
        D911  5 0.7341 0.0328 0.2331 
        D934  5 0.2518 0.1176 0.6305 
        D946  5 0.1953 0.1365 0.6682 
        D947  5 0.5915 0.0956 0.3129 
        D948  5 0.0382 0.7677 0.1941 
        D949  5 0.0649 0.7340 0.2011 
        D950  5 0.6496 0.0894 0.2610 
        D951  5 0.7861 0.1358 0.0781 
        D952  5 0.6659 0.0571 0.2770 
        D953  5 0.0915 0.0474 0.8611 
        D954  5 0.3662 0.0991 0.5347 
        D961  5 0.1713 0.1539 0.6748 
        D962  5 0.1508 0.0253 0.8238 
        D963  5 0.4068 0.0928 0.5003 
        D964  5 0.2917 0.2259 0.4824 
        D965  5 0.6609 0.1489 0.1902 
        D966  5 0.2060 0.0759 0.7181 
        D967  5 0.1224 0.2275 0.6501 
        D991  5 0.3922 0.2734 0.3344 
        D502  6 0.3732 0.5441 0.0827 
        D503  6 0.0671 0.7124 0.2205 
        D504  6 0.5759 0.2096 0.2145 
        D505  6 0.2281 0.2487 0.5232 
        D506  6 0.0619 0.0470 0.8911 
        D507  6 0.2843 0.5133 0.2024 
        D508  6 0.6779 0.0838 0.2382 
        D529  6 0.2917 0.1860 0.5224 
        D530  6 0.0855 0.4607 0.4538 
        D531  6 0.6141 0.1074 0.2785 
        D532  6 0.4457 0.1360 0.4183 
        D534  6 0.1003 0.8607 0.0390 
        D535  6 0.3244 0.1598 0.5158 
        D536  6 0.0265 0.9501 0.0234 
        D554  6 0.1806 0.2425 0.5769 
        D587  6 0.1332 0.1309 0.7359 
        D588  6 0.2952 0.2002 0.5047 
        D589  6 0.1009 0.4393 0.4599 
        D590  6 0.0419 0.9066 0.0515 
        D591  6 0.1824 0.2001 0.6176 
        D592  6 0.0421 0.8774 0.0805 
        D593  6 0.1609 0.2435 0.5956 
        D682  6 0.0593 0.0542 0.8864 
        D683  6 0.5402 0.0839 0.3760 
        D684  6 0.4268 0.5099 0.0633 
        D685  6 0.1381 0.3811 0.4808 
        D686  6 0.1516 0.1449 0.7035 
        D724  6 0.6719 0.2093 0.1188 
        D725  6 0.2122 0.3085 0.4793 
        D726  6 0.0554 0.0536 0.8910 
        D727  6 0.2357 0.6398 0.1246 
        D728  6 0.1335 0.0900 0.7765 
        D729  6 0.0927 0.8759 0.0314 
        D730  6 0.4079 0.4758 0.1163 
        D731  6 0.0223 0.0595 0.9183 
        D732  6 0.6761 0.1313 0.1926 
        D733  6 0.4391 0.2319 0.3289 
     D237251  7 0.1193 0.0827 0.7980 
     D237252  7 0.2739 0.6233 0.1028 
     D237253  7 0.2232 0.0961 0.6807 
     D237254  7 0.0511 0.9250 0.0239 
     D237255  7 0.1393 0.1134 0.7473 
     D237256  7 0.7294 0.0837 0.1869 
     D237257  7 0.5447 0.3492 0.1061 
     D237282  7 0.6843 0.2745 0.0412 
     D237283  7 0.0606 0.9116 0.0277 
     D237284  7 0.0713 0.8943 0.0343 
     D237285  7 0.2834 0.2170 0.4996 
     D237286  7 0.4261 0.1571 0.4168 
     D237287  7 0.5232 0.2875 0.1893 
     D244006  7 0.0422 0.9342 0.0236 
     D244007  7 0.2073 0.7386 0.0541 
     D244008  7 0.1193 0.8052 0.0755 
     D244009  7 0.4332 0.3287 0.2381 
     D244010  7 0.5042 0.2595 0.2363 
     D244011  7 0.2457 0.2003 0.5539 
     D244012  7 0.5486 0.2762 0.1752 
     D244013  7 0.2703 0.1670 0.5627 
     D244014  7 0.1621 0.5615 0.2765 
     D244015  7 0.4546 0.4958 0.0496 
     D244125  7 0.1797 0.0899 0.7304 
     D244126  7 0.1774 0.7974 0.0252 
     D244130  7 0.2974 0.5072 0.1954 
     D244131  7 0.2692 0.3526 0.3783 
     D244132  7 0.4145 0.0740 0.5115 
        D520  7 0.3116 0.2416 0.4468 
        D521  7 0.6292 0.2142 0.1567 
        D522  7 0.0989 0.8395 0.0615 
        D523  7 0.1210 0.2192 0.6598 
        D524  7 0.1825 0.2031 0.6144 
        D525  7 0.0800 0.7624 0.1576 
        D526  7 0.0593 0.9123 0.0284 
        D527  7 0.5384 0.1233 0.3384 
        D528  7 0.7941 0.1908 0.0151 
        D558  7 0.5796 0.3797 0.0407 
        D559  7 0.8096 0.1566 0.0338 
        D640  7 0.1859 0.0681 0.7460 
        D641  7 0.0579 0.1852 0.7569 
        D642  7 0.0553 0.8766 0.0681 
        D644  7 0.2269 0.2537 0.5194 
        D645  7 0.3983 0.1782 0.4235 
        D662  7 0.2420 0.5615 0.1965 
        D687  7 0.3400 0.2066 0.4534 
        D688  7 0.6797 0.2661 0.0542 
        D689  7 0.1825 0.0928 0.7247 
        D700  7 0.7681 0.2138 0.0181 
        D797  7 0.2616 0.1675 0.5709 
        D798  7 0.3584 0.5067 0.1349 
        D799  7 0.2578 0.2743 0.4680 
        D800  7 0.6744 0.2786 0.0470 
        D132  8 0.0697 0.8926 0.0377 
        D133  8 0.0279 0.9394 0.0326 
        D200  8 0.5248 0.0845 0.3907 
        D500  8 0.0361 0.9331 0.0308 
        D614  8 0.2368 0.1295 0.6337 
        D723  8 0.5671 0.3298 0.1031 
        D888  8 0.1279 0.0689 0.8032 
        D901  8 0.3500 0.4479 0.2022 
        D902  8 0.1531 0.1394 0.7075 
        D903  8 0.7294 0.0932 0.1774 
        D904  8 0.6814 0.1646 0.1540 
        D905  8 0.0296 0.0230 0.9474 
        D906  8 0.4942 0.3801 0.1257 
        D937  8 0.0455 0.0899 0.8646 
        D943  8 0.6522 0.2249 0.1229 
        D972  8 0.5599 0.3736 0.0665 
        D973  8 0.7518 0.1910 0.0571 
        D974  8 0.2649 0.4057 0.3295 
        D975  8 0.4450 0.1281 0.4269 
        D976  8 0.2850 0.2468 0.4682 
        D201  9 0.4429 0.4104 0.1467 
        D202  9 0.2478 0.3300 0.4222 
     D237259  9 0.5270 0.4438 0.0291 
     D237260  9 0.1200 0.6000 0.2800 
     D237262  9 0.0387 0.9169 0.0444 
     D237263  9 0.2049 0.6287 0.1664 
     D237264  9 0.2410 0.4995 0.2595 
     D237265  9 0.0440 0.3043 0.6517 
     D237266  9 0.0381 0.9067 0.0552 
     D237267  9 0.2787 0.2847 0.4366 
     D237268  9 0.4672 0.3052 0.2276 
     D237289  9 0.0868 0.3579 0.5553 
     D237290  9 0.1412 0.4073 0.4514 
     D237291  9 0.0510 0.6619 0.2871 
     D237292  9 0.0578 0.8949 0.0473 
     D237293  9 0.2611 0.3684 0.3705 
     D237294  9 0.0684 0.7584 0.1732 
     D237295  9 0.4997 0.1698 0.3305 
     D237296  9 0.2542 0.2144 0.5314 
     D237297  9 0.3040 0.0966 0.5995 
     D237298  9 0.4868 0.3361 0.1771 
     D237341  9 0.3483 0.3083 0.3433 
     D237342  9 0.2870 0.5764 0.1366 
     D237343  9 0.1963 0.6986 0.1051 
     D237344  9 0.0811 0.2637 0.6552 
     D237345  9 0.0878 0.8888 0.0234 
     D237346  9 0.0569 0.5752 0.3679 
     D237347  9 0.1435 0.0961 0.7605 
     D237348  9 0.1430 0.5736 0.2835 
     D237349  9 0.1065 0.8670 0.0265 
     D244109  9 0.2926 0.6800 0.0275 
     D244110  9 0.2537 0.5833 0.1629 
     D244111  9 0.4341 0.3282 0.2376 
     D244128  9 0.1998 0.7499 0.0503 
     D244137  9 0.4864 0.4285 0.0850 
     D244138  9 0.1712 0.2969 0.5319 
        D580  9 0.5657 0.3526 0.0817 
        D581  9 0.0755 0.7095 0.2150 
        D582  9 0.2177 0.7330 0.0493 
        D583  9 0.0270 0.9260 0.0470 
        D584  9 0.0697 0.4042 0.5261 
        D585  9 0.3590 0.4735 0.1674 
        D586  9 0.0330 0.0436 0.9234 
        D651  9 0.4171 0.3109 0.2720 
        D652  9 0.1302 0.8348 0.0350 
        D653  9 0.5985 0.1210 0.2805 
        D654  9 0.1939 0.7779 0.0282 
        D655  9 0.1317 0.0766 0.7917 
        D656  9 0.0453 0.9257 0.0289 
        D657  9 0.3476 0.5470 0.1054 
        D667  9 0.0579 0.0485 0.8935 
        D668  9 0.1098 0.4470 0.4432 
        D669  9 0.1955 0.3798 0.4247 
        D670  9 0.6931 0.2310 0.0758 
        D671  9 0.2458 0.5503 0.2039 
        D672  9 0.3303 0.5856 0.0841 
        D673  9 0.2437 0.1850 0.5713 
        D692  9 0.0578 0.9160 0.0262 
        D693  9 0.2329 0.3202 0.4468 
        D694  9 0.0679 0.8384 0.0937 
        D695  9 0.2599 0.4504 0.2897 
        D696  9 0.0396 0.0304 0.9300 
        D697  9 0.1306 0.2413 0.6281 
        D698  9 0.0722 0.6339 0.2940 
        D699  9 0.0524 0.1227 0.8249 
        D787  9 0.2286 0.6757 0.0958 
        D788  9 0.2929 0.1263 0.5808 
        D789  9 0.2140 0.4053 0.3807 
        D790  9 0.1320 0.6632 0.2049 
        D791  9 0.1715 0.1714 0.6571 
        D792  9 0.2438 0.6674 0.0888 
        D793  9 0.1444 0.0716 0.7840 
        D794  9 0.3356 0.2437 0.4207 
        D795  9 0.0949 0.6214 0.2837 
        D796  9 0.1678 0.1666 0.6657 
        D142 10 0.3398 0.1504 0.5098 
        D143 10 0.0312 0.9271 0.0418 
        D144 10 0.3395 0.2330 0.4275 
        D145 10 0.2877 0.0911 0.6212 
        D146 10 0.4499 0.4078 0.1423 
        D147 10 0.7226 0.2084 0.0689 
        D148 10 0.7463 0.1828 0.0709 
        D149 10 0.2477 0.5662 0.1861 
        D151 10 0.6269 0.2415 0.1317 
        D152 10 0.0626 0.8089 0.1285 
        D153 10 0.6446 0.0957 0.2597 
        D156 10 0.8453 0.0821 0.0726 
        D157 10 0.0984 0.3084 0.5932 
        D158 10 0.2017 0.1475 0.6508 
        D159 10 0.0549 0.9032 0.0419 
        D160 10 0.0131 0.0189 0.9681 
        D161 10 0.4976 0.1863 0.3161 
        D162 10 0.6961 0.0882 0.2157 
        D169 10 0.0413 0.9012 0.0575 
        D170 10 0.1357 0.7549 0.1093 
        D171 10 0.5299 0.1341 0.3360 
        D172 10 0.6288 0.2127 0.1584 
        D173 10 0.1352 0.8425 0.0223 
        D181 10 0.2772 0.0658 0.6570 
        D182 10 0.3996 0.4326 0.1678 
        D183 10 0.0972 0.0609 0.8420 
        D184 10 0.0658 0.9153 0.0189 
        D185 10 0.6830 0.1323 0.1847 
        D186 10 0.1330 0.8183 0.0487 
        D194 10 0.2963 0.5961 0.1076 
        D195 10 0.1648 0.1911 0.6441 
        D196 10 0.4853 0.1199 0.3948 
        D197 10 0.0256 0.9259 0.0485 
        D198 10 0.5019 0.2085 0.2896 
     D237226 10 0.2273 0.2929 0.4798 
     D237232 10 0.0803 0.0904 0.8293 
     D237233 10 0.0913 0.3418 0.5669 
     D237234 10 0.2702 0.1222 0.6076 
     D237354 10 0.1170 0.0438 0.8392 
     D237355 10 0.0558 0.0454 0.8988 
     D237356 10 0.3781 0.1532 0.4687 
     D237357 10 0.1199 0.8070 0.0731 
     D237358 10 0.0979 0.8676 0.0345 
     D237369 10 0.4562 0.5219 0.0218 
     D237370 10 0.0856 0.2032 0.7111 
     D237371 10 0.7304 0.1320 0.1376 
     D237372 10 0.2133 0.7340 0.0527 
     D237373 10 0.2011 0.0686 0.7303 
     D237374 10 0.0635 0.0272 0.9093 
     D237375 10 0.4981 0.3743 0.1276 
     D237400 10 0.0607 0.7858 0.1534 
     D244002 10 0.7469 0.2244 0.0287 
     D244003 10 0.0165 0.0655 0.9180 
     D244004 10 0.0161 0.0345 0.9494 
     D244005 10 0.0765 0.4219 0.5016 
     D244020 10 0.3171 0.1281 0.5548 
     D244021 10 0.5101 0.4128 0.0771 
     D244116 10 0.1648 0.7585 0.0768 
     D244117 10 0.0952 0.0835 0.8212 
     D244121 10 0.0571 0.2262 0.7167 
     D244123 10 0.1743 0.0913 0.7344 
     D244124 10 0.0518 0.8371 0.1110 
        D332 10 0.7772 0.1189 0.1039 
        D570 10 0.1490 0.0797 0.7713 
        D602 10 0.8419 0.1180 0.0401 
        D603 10 0.2207 0.2801 0.4992 
        D604 10 0.4649 0.3659 0.1692 
        D605 10 0.6666 0.1569 0.1766 
        D606 10 0.0508 0.7730 0.1763 
        D607 10 0.9260 0.0401 0.0340 
        D608 10 0.0769 0.8973 0.0258 
        D609 10 0.1822 0.0528 0.7650 
        D610 10 0.3470 0.0905 0.5625 
        D611 10 0.0443 0.0164 0.9393 
        D613 10 0.5341 0.0963 0.3696 
        D633 10 0.7645 0.1909 0.0445 
        D634 10 0.3140 0.1843 0.5017 
        D638 10 0.0579 0.6513 0.2908 
        D681 10 0.3852 0.2460 0.3688 
        D754 10 0.2045 0.3313 0.4643 
        D755 10 0.0243 0.3050 0.6707 
        D756 10 0.1247 0.1890 0.6862 
        D757 10 0.2079 0.4075 0.3846 
        D758 10 0.3814 0.2624 0.3562 
        D759 10 0.0542 0.1107 0.8351 
        D760 10 0.2930 0.1311 0.5758 
        D761 10 0.0270 0.0599 0.9131 
        D762 10 0.7680 0.1376 0.0944 
        D775 10 0.0271 0.0593 0.9136 
        D776 10 0.0658 0.1094 0.8248 
        D777 10 0.0621 0.1149 0.8230 
        D778 10 0.0513 0.5845 0.3642 
        D779 10 0.2122 0.1920 0.5958 
        D780 10 0.3240 0.1911 0.4849 
        D781 10 0.7821 0.1644 0.0535 
        D858 10 0.0402 0.9152 0.0446 
        D933 10 0.2849 0.1043 0.6109 
        D038 11 0.1893 0.1180 0.6927 
        D063 11 0.2187 0.1360 0.6453 
        D155 11 0.0913 0.0755 0.8331 
        D175 11 0.2752 0.2508 0.4740 
        D176 11 0.1074 0.5444 0.3483 
        D205 11 0.1408 0.1723 0.6869 
     D237229 11 0.4708 0.4822 0.0470 
     D237230 11 0.4385 0.5328 0.0287 
     D237231 11 0.8961 0.0565 0.0473 
     D237269 11 0.5611 0.2431 0.1958 
     D237270 11 0.0952 0.8579 0.0469 
     D237271 11 0.4374 0.1327 0.4299 
     D237272 11 0.3555 0.5872 0.0573 
     D237273 11 0.1918 0.1202 0.6880 
     D237301 11 0.7503 0.0656 0.1842 
     D237302 11 0.1652 0.7137 0.1211 
     D237303 11 0.1816 0.7910 0.0274 
     D237304 11 0.5536 0.2626 0.1838 
     D237305 11 0.0648 0.8056 0.1296 
     D237314 11 0.2152 0.1068 0.6780 
     D237315 11 0.3130 0.5705 0.1165 
     D237316 11 0.8375 0.0616 0.1009 
     D237328 11 0.5886 0.2552 0.1562 
     D237329 11 0.0764 0.6817 0.2418 
     D237330 11 0.0711 0.0726 0.8563 
     D237331 11 0.1664 0.0738 0.7598 
     D237332 11 0.6178 0.1013 0.2810 
     D237333 11 0.0714 0.0764 0.8522 
     D237334 11 0.7553 0.1167 0.1280 
     D237335 11 0.4490 0.1773 0.3736 
     D237336 11 0.1205 0.1455 0.7339 
     D237350 11 0.2904 0.2070 0.5026 
     D237383 11 0.1855 0.3520 0.4624 
     D237384 11 0.5689 0.2005 0.2306 
     D237385 11 0.5126 0.2494 0.2380 
     D237386 11 0.5536 0.2190 0.2274 
     D237387 11 0.7715 0.1410 0.0876 
     D237388 11 0.2591 0.0498 0.6911 
        D239 11 0.2412 0.0793 0.6795 
        D240 11 0.0535 0.5519 0.3946 
        D241 11 0.8410 0.0946 0.0643 
        D242 11 0.6572 0.1558 0.1871 
        D243 11 0.1252 0.1156 0.7592 
        D244 11 0.0769 0.1246 0.7985 
        D245 11 0.5565 0.3689 0.0746 
        D246 11 0.3983 0.1309 0.4708 
        D247 11 0.2646 0.5211 0.2143 
        D248 11 0.5900 0.2065 0.2035 
        D249 11 0.2767 0.3135 0.4098 
        D250 11 0.4531 0.1219 0.4251 
        D251 11 0.2134 0.1359 0.6506 
        D252 11 0.5526 0.2435 0.2039 
        D253 11 0.1220 0.1209 0.7571 
        D254 11 0.3119 0.6586 0.0295 
        D255 11 0.4660 0.1296 0.4044 
        D256 11 0.2545 0.1432 0.6023 
        D257 11 0.0467 0.8689 0.0843 
        D258 11 0.0964 0.7607 0.1429 
        D259 11 0.4428 0.5013 0.0559 
        D260 11 0.3207 0.4470 0.2323 
        D261 11 0.6238 0.0543 0.3219 
        D262 11 0.3827 0.4184 0.1989 
        D263 11 0.2692 0.1874 0.5434 
        D264 11 0.6366 0.3173 0.0461 
        D265 11 0.4286 0.3827 0.1887 
        D266 11 0.4258 0.1057 0.4685 
        D267 11 0.3945 0.1286 0.4769 
        D268 11 0.1548 0.0597 0.7855 
        D269 11 0.7697 0.0411 0.1892 
        D270 11 0.7144 0.1216 0.1639 
        D271 11 0.2940 0.2548 0.4512 
        D272 11 0.5218 0.1403 0.3379 
        D273 11 0.0845 0.8887 0.0268 
        D274 11 0.2909 0.2455 0.4636 
        D275 11 0.4884 0.1659 0.3457 
        D276 11 0.4028 0.0458 0.5514 
        D277 11 0.3210 0.2651 0.4139 
        D278 11 0.2149 0.3378 0.4473 
        D282 11 0.0412 0.8958 0.0631 
        D296 11 0.3451 0.0785 0.5765 
        D297 11 0.3971 0.1359 0.4670 
        D298 11 0.4507 0.0863 0.4629 
        D299 11 0.3176 0.1261 0.5563 
        D300 11 0.2442 0.1965 0.5593 
        D382 11 0.2979 0.1446 0.5575 
        D383 11 0.0489 0.3587 0.5924 
        D387 11 0.1527 0.2283 0.6190 
        D388 11 0.8875 0.0397 0.0728 
        D389 11 0.5820 0.0652 0.3528 
        D390 11 0.6457 0.1265 0.2279 
        D396 11 0.6186 0.1735 0.2079 
        D397 11 0.1719 0.7424 0.0857 
        D398 11 0.1174 0.1946 0.6880 
        D399 11 0.7126 0.2262 0.0611 
        D437 11 0.5297 0.3844 0.0859 
        D441 11 0.1162 0.0465 0.8374 
        D442 11 0.4503 0.1900 0.3597 
        D443 11 0.0402 0.0345 0.9253 
        D444 11 0.5839 0.2098 0.2063 
        D445 11 0.7702 0.1451 0.0847 
        D446 11 0.6722 0.2698 0.0580 
        D451 11 0.4621 0.1554 0.3824 
        D452 11 0.5713 0.2205 0.2082 
        D453 11 0.8880 0.0521 0.0599 
        D454 11 0.2824 0.6054 0.1122 
        D457 11 0.4663 0.1175 0.4162 
        D458 11 0.4499 0.0583 0.4918 
        D466 11 0.0573 0.8923 0.0504 
        D467 11 0.1449 0.1300 0.7251 
        D475 11 0.0522 0.8913 0.0565 
        D488 11 0.6752 0.1378 0.1870 
        D489 11 0.5506 0.3244 0.1250 
        D493 11 0.7167 0.2140 0.0693 
        D494 11 0.6578 0.1586 0.1836 
        D495 11 0.3183 0.5443 0.1373 
        D496 11 0.0975 0.0711 0.8315 
        D674 11 0.1208 0.1819 0.6972 
        D675 11 0.1199 0.0521 0.8281 
        D676 11 0.3480 0.3291 0.3229 
        D680 11 0.0334 0.0940 0.8726 
        D701 11 0.6785 0.1501 0.1714 
        D702 11 0.5709 0.3748 0.0543 
        D703 11 0.3842 0.2905 0.3253 
        D704 11 0.3486 0.2470 0.4044 
        D705 11 0.1453 0.8332 0.0216 
        D706 11 0.0891 0.6976 0.2133 
        D707 11 0.6721 0.1638 0.1641 
        D751 11 0.6284 0.0888 0.2828 
        D752 11 0.2807 0.1388 0.5805 
        D753 11 0.3925 0.5431 0.0643 
        D773 11 0.0974 0.8828 0.0198 
        D774 11 0.6024 0.2057 0.1919 
        D801 11 0.2628 0.1492 0.5880 
        D802 11 0.7199 0.1705 0.1096 
        D803 11 0.2072 0.0391 0.7537 
        D804 11 0.5493 0.2305 0.2202 
        D805 11 0.5419 0.1523 0.3059 
        D806 11 0.0805 0.8585 0.0610 
        D809 11 0.3150 0.1676 0.5174 
        D810 11 0.2598 0.0235 0.7167 
        D812 11 0.4114 0.3799 0.2087 
        D813 11 0.2557 0.1785 0.5658 
        D823 11 0.4038 0.1664 0.4298 
        D824 11 0.1174 0.4450 0.4376 
        D829 11 0.6815 0.1509 0.1676 
        D830 11 0.5504 0.3821 0.0676 
        D831 11 0.3500 0.2655 0.3845 
        D832 11 0.1164 0.6764 0.2072 
        D833 11 0.4638 0.0655 0.4707 
        D834 11 0.5178 0.1065 0.3757 
        D835 11 0.4815 0.1953 0.3232 
        D855 11 0.3458 0.1862 0.4679 
        D863 11 0.0345 0.0635 0.9020 
        D864 11 0.2920 0.1004 0.6076 
        D878 11 0.2511 0.0914 0.6575 
        D879 11 0.4588 0.4362 0.1050 
        D880 11 0.4440 0.1202 0.4359 
        D881 11 0.0338 0.0348 0.9314 
        D882 11 0.3298 0.3316 0.3387 
        D909 11 0.5124 0.1586 0.3291 
        D921 11 0.4492 0.0645 0.4863 
        D924 11 0.2511 0.1041 0.6448 
        D935 11 0.8224 0.0645 0.1132 
        D940 11 0.0300 0.0744 0.8956 
        D941 11 0.4037 0.0563 0.5400 
        D942 11 0.0614 0.9065 0.0321 
        D980 11 0.7585 0.1194 0.1221 
        D981 11 0.4441 0.4121 0.1438 
        D982 11 0.0674 0.8964 0.0363 
        D983 11 0.3849 0.0451 0.5700 
        D984 11 0.5199 0.1465 0.3337 
        D992 11 0.5869 0.3497 0.0634 
        D993 11 0.2525 0.1243 0.6232 
        D994 11 0.4875 0.1434 0.3691 
        D995 11 0.3160 0.3430 0.3410 
        H354 11 0.1966 0.7605 0.0429 
        D005 12 0.6719 0.2761 0.0521 
        D035 12 0.1198 0.2877 0.5924 
        D067 12 0.5272 0.0933 0.3795 
        D134 12 0.2132 0.2215 0.5653 
        D135 12 0.4748 0.1630 0.3623 
        D136 12 0.8111 0.1436 0.0453 
        D137 12 0.6587 0.2377 0.1035 
        D138 12 0.2027 0.3409 0.4564 
        D139 12 0.7491 0.0606 0.1903 
        D140 12 0.2173 0.3747 0.4080 
        D141 12 0.0373 0.9406 0.0221 
        D150 12 0.0271 0.8916 0.0813 
        D177 12 0.2320 0.4252 0.3428 
        D178 12 0.9118 0.0592 0.0291 
        D179 12 0.6837 0.2471 0.0691 
        D180 12 0.6960 0.2449 0.0591 
        D187 12 0.1158 0.1655 0.7187 
        D188 12 0.0318 0.9470 0.0212 
        D191 12 0.0361 0.9118 0.0521 
        D418 12 0.0668 0.8978 0.0354 
        D601 12 0.3070 0.6424 0.0506 
        D836 12 0.4550 0.4784 0.0667 
        D837 12 0.4616 0.2448 0.2936 
        D838 12 0.0842 0.0339 0.8819 
        D839 12 0.3620 0.4226 0.2155 
        D840 12 0.3340 0.1576 0.5084 
        D841 12 0.2762 0.1688 0.5550 
        D842 12 0.0163 0.9637 0.0199 
        D843 12 0.2023 0.1667 0.6310 
        D844 12 0.2356 0.7103 0.0542 
        D912 12 0.5715 0.0456 0.3828 
        D913 12 0.0541 0.8614 0.0845 
