        D174  1 0.0666 0.0346 0.0754 0.1069 0.0267 0.5926 0.0238 0.0735 
        D199  1 0.1056 0.1663 0.0795 0.0296 0.0474 0.2413 0.0851 0.2451 
        D203  1 0.1001 0.2025 0.0950 0.1632 0.0477 0.0785 0.0794 0.2336 
        D204  1 0.0214 0.0431 0.0193 0.0226 0.0575 0.0182 0.0179 0.8001 
     D237366  1 0.1066 0.0458 0.5309 0.0267 0.1240 0.0599 0.0564 0.0496 
     D237367  1 0.1068 0.0751 0.2057 0.0530 0.0541 0.0263 0.0281 0.4508 
     D237368  1 0.1210 0.0796 0.4844 0.0591 0.0377 0.0829 0.0323 0.1030 
     D244101  1 0.0830 0.1335 0.0235 0.0296 0.4053 0.0247 0.0910 0.2095 
     D244102  1 0.1246 0.0697 0.1484 0.2008 0.1879 0.0754 0.1028 0.0903 
     D244103  1 0.3160 0.0470 0.2562 0.0587 0.0641 0.0595 0.0355 0.1629 
     D244104  1 0.0349 0.0301 0.0511 0.0257 0.0163 0.0844 0.0630 0.6945 
     D244105  1 0.1542 0.0256 0.3782 0.2331 0.0295 0.0172 0.0622 0.1002 
     D244106  1 0.0802 0.0772 0.0286 0.0506 0.0275 0.6325 0.0651 0.0384 
     D244107  1 0.1146 0.1724 0.3719 0.1735 0.0531 0.0163 0.0206 0.0776 
     D244108  1 0.0541 0.0313 0.0370 0.2687 0.0512 0.4356 0.0376 0.0844 
     D244113  1 0.0629 0.0373 0.0260 0.0397 0.2607 0.5325 0.0257 0.0151 
     D244114  1 0.3862 0.0426 0.0825 0.0626 0.0576 0.1264 0.1705 0.0716 
     D244115  1 0.1421 0.0254 0.0654 0.2199 0.0410 0.3072 0.0607 0.1383 
     D267365  1 0.0758 0.0312 0.0893 0.0361 0.0448 0.2141 0.1638 0.3449 
        D404  1 0.0473 0.0582 0.0213 0.0828 0.2895 0.4566 0.0225 0.0220 
        D405  1 0.0934 0.1183 0.0502 0.1288 0.2488 0.2070 0.0539 0.0995 
        D406  1 0.0331 0.0182 0.7393 0.0745 0.0345 0.0346 0.0219 0.0440 
        D407  1 0.0918 0.1176 0.1563 0.0188 0.0201 0.0237 0.0157 0.5559 
        D408  1 0.0687 0.0198 0.0257 0.0558 0.0531 0.4808 0.2372 0.0589 
        D409  1 0.4585 0.0659 0.1681 0.1094 0.0502 0.0476 0.0374 0.0630 
        D410  1 0.0218 0.0119 0.0183 0.8323 0.0251 0.0309 0.0130 0.0468 
        D421  1 0.0158 0.0211 0.0159 0.0103 0.0085 0.0161 0.0143 0.8980 
        D422  1 0.0456 0.0205 0.7960 0.0294 0.0131 0.0127 0.0249 0.0578 
        D423  1 0.0300 0.0821 0.0568 0.7128 0.0181 0.0151 0.0094 0.0757 
        D424  1 0.1600 0.0210 0.1054 0.0305 0.0175 0.0341 0.0177 0.6138 
        D425  1 0.0881 0.0242 0.0328 0.0759 0.0437 0.1786 0.0571 0.4997 
        D426  1 0.5431 0.0358 0.1734 0.0226 0.0201 0.0243 0.1166 0.0642 
        D427  1 0.0312 0.4768 0.0301 0.0179 0.0123 0.1470 0.0403 0.2444 
        D428  1 0.1342 0.0629 0.1018 0.0641 0.0901 0.1757 0.0303 0.3407 
        D429  1 0.0892 0.0420 0.0648 0.0632 0.0380 0.3236 0.0671 0.3122 
        D430  1 0.2617 0.0726 0.0698 0.0840 0.0460 0.2082 0.1730 0.0846 
        D491  1 0.0581 0.0176 0.0274 0.0401 0.0286 0.6766 0.0387 0.1128 
        D492  1 0.2029 0.0845 0.1275 0.0659 0.0652 0.2360 0.0288 0.1891 
        D537  1 0.0604 0.0307 0.0642 0.0332 0.0530 0.0262 0.0152 0.7170 
        D538  1 0.2266 0.1036 0.1371 0.2123 0.0786 0.1408 0.0446 0.0564 
        D539  1 0.1070 0.0426 0.0759 0.1060 0.0936 0.1779 0.3532 0.0439 
        D540  1 0.2898 0.0374 0.1281 0.0882 0.0347 0.0599 0.1045 0.2574 
        D541  1 0.0231 0.0230 0.0273 0.0200 0.0131 0.0144 0.0204 0.8587 
        D551  1 0.3918 0.1695 0.0842 0.0240 0.0258 0.0410 0.1922 0.0714 
        D552  1 0.1281 0.0400 0.1516 0.1555 0.0441 0.2021 0.1574 0.1213 
        D553  1 0.0214 0.0116 0.0148 0.0174 0.0122 0.0129 0.0207 0.8890 
        D615  1 0.1257 0.0818 0.0607 0.1624 0.0279 0.0774 0.1075 0.3567 
        D616  1 0.1882 0.1519 0.1232 0.1870 0.0192 0.0724 0.0678 0.1902 
        D621  1 0.0688 0.0282 0.2576 0.1356 0.3395 0.1012 0.0463 0.0228 
        D622  1 0.0818 0.0242 0.5250 0.1890 0.0422 0.0383 0.0516 0.0479 
        D623  1 0.0460 0.1215 0.0211 0.0460 0.4079 0.3067 0.0311 0.0196 
        D624  1 0.0905 0.0147 0.0349 0.0272 0.0113 0.7468 0.0274 0.0471 
        D625  1 0.0870 0.0203 0.0679 0.0741 0.0390 0.0652 0.0230 0.6234 
        D626  1 0.0787 0.0354 0.1565 0.1545 0.0405 0.3219 0.0844 0.1281 
        D627  1 0.5565 0.0319 0.1548 0.0235 0.0195 0.0321 0.1118 0.0699 
        D690  1 0.0277 0.0130 0.0447 0.0513 0.0239 0.0588 0.0169 0.7636 
        D691  1 0.0539 0.0200 0.6756 0.1032 0.0188 0.0382 0.0311 0.0592 
        D710  1 0.1298 0.0631 0.1326 0.0869 0.1064 0.1765 0.0495 0.2551 
        D711  1 0.0519 0.0296 0.0451 0.0257 0.0399 0.0380 0.0240 0.7458 
        D712  1 0.0520 0.0351 0.0791 0.0324 0.0490 0.6005 0.1216 0.0304 
        D713  1 0.1295 0.0176 0.0659 0.0520 0.3159 0.2356 0.0310 0.1524 
        D746  1 0.0327 0.0240 0.7744 0.0531 0.0170 0.0193 0.0211 0.0584 
        D747  1 0.0210 0.0235 0.0224 0.0123 0.0181 0.0181 0.0158 0.8687 
        D748  1 0.0790 0.0178 0.2742 0.1763 0.0649 0.0387 0.0335 0.3156 
        D749  1 0.1988 0.0488 0.2938 0.1075 0.1234 0.1658 0.0383 0.0236 
        D750  1 0.0346 0.0230 0.0321 0.1012 0.0322 0.5982 0.0287 0.1500 
        D763  1 0.1311 0.1251 0.1044 0.0377 0.1630 0.0172 0.3092 0.1123 
        D764  1 0.0619 0.0174 0.0710 0.0901 0.0142 0.2209 0.0329 0.4917 
        D765  1 0.0511 0.0140 0.0702 0.6730 0.0166 0.1092 0.0320 0.0339 
        D766  1 0.0975 0.0270 0.1768 0.3598 0.1421 0.0455 0.0230 0.1282 
        D767  1 0.1030 0.0981 0.1677 0.1223 0.3291 0.0437 0.0322 0.1040 
        D768  1 0.0339 0.0195 0.0181 0.0161 0.0109 0.0119 0.0135 0.8760 
        D811  1 0.1503 0.0261 0.0227 0.3289 0.1250 0.2574 0.0601 0.0295 
        D816  1 0.0230 0.0182 0.0223 0.0153 0.0161 0.0332 0.0166 0.8551 
        D825  1 0.1386 0.0203 0.0481 0.3580 0.0298 0.2558 0.0363 0.1130 
        D866  1 0.0859 0.1175 0.0358 0.0874 0.0204 0.1810 0.4313 0.0407 
        D867  1 0.0362 0.0436 0.7326 0.0340 0.0910 0.0225 0.0195 0.0206 
        D871  1 0.6261 0.0202 0.1336 0.0446 0.0366 0.0534 0.0375 0.0480 
        D872  1 0.1018 0.0538 0.1843 0.2001 0.0871 0.0528 0.0292 0.2909 
        D873  1 0.0171 0.0223 0.0209 0.8661 0.0303 0.0254 0.0088 0.0091 
        D874  1 0.0325 0.0239 0.0141 0.0215 0.6775 0.1161 0.0419 0.0724 
        D875  1 0.5218 0.0128 0.1683 0.1988 0.0241 0.0205 0.0214 0.0323 
        D876  1 0.0932 0.0273 0.1251 0.0711 0.0856 0.0961 0.0874 0.4142 
        D877  1 0.1472 0.0331 0.0155 0.0396 0.3843 0.3180 0.0212 0.0410 
        D892  1 0.0898 0.0210 0.1866 0.0802 0.0588 0.1838 0.0257 0.3541 
        D893  1 0.0922 0.0308 0.0914 0.0466 0.0355 0.0196 0.0739 0.6099 
        D894  1 0.1390 0.0364 0.0651 0.0842 0.0265 0.0925 0.0469 0.5094 
        D915  1 0.0486 0.0308 0.0614 0.1769 0.0202 0.0372 0.0409 0.5840 
        D916  1 0.0249 0.0130 0.0178 0.0200 0.0132 0.0200 0.0164 0.8746 
        D917  1 0.1437 0.0686 0.0434 0.0328 0.1291 0.3592 0.0624 0.1607 
        D925  1 0.0265 0.0208 0.0549 0.5055 0.0188 0.0837 0.0318 0.2580 
        D926  1 0.1878 0.0310 0.0745 0.0631 0.0378 0.1017 0.0485 0.4556 
        D927  1 0.1227 0.2477 0.0708 0.0274 0.0375 0.0568 0.1129 0.3242 
        D928  1 0.0189 0.0157 0.0114 0.0352 0.0192 0.8049 0.0192 0.0754 
        D929  1 0.0725 0.0210 0.1272 0.0456 0.6128 0.0639 0.0278 0.0293 
        D936  1 0.0736 0.0515 0.0329 0.0477 0.1354 0.0381 0.0911 0.5297 
        D938  1 0.0437 0.0171 0.7024 0.1150 0.0431 0.0212 0.0251 0.0325 
        D956  1 0.0778 0.0282 0.0224 0.0784 0.0372 0.6924 0.0375 0.0261 
        D957  1 0.0661 0.0543 0.1284 0.4257 0.1140 0.0541 0.0225 0.1349 
        D958  1 0.1081 0.0241 0.1117 0.2798 0.1161 0.1201 0.0325 0.2075 
        D959  1 0.1206 0.0901 0.1449 0.0156 0.0118 0.0211 0.0126 0.5833 
        D960  1 0.0492 0.0196 0.6169 0.1458 0.0403 0.0884 0.0196 0.0202 
        D989  1 0.0479 0.0792 0.0365 0.0263 0.0261 0.6384 0.1027 0.0429 
        D990  1 0.0541 0.0295 0.0454 0.6750 0.0194 0.0433 0.1185 0.0148 
        D023  2 0.0275 0.0173 0.8400 0.0139 0.0157 0.0176 0.0117 0.0563 
        D130  2 0.0465 0.0387 0.7255 0.0517 0.0351 0.0136 0.0160 0.0728 
        D131  2 0.3402 0.0605 0.0371 0.0962 0.0533 0.0326 0.1227 0.2575 
        D163  2 0.0391 0.0149 0.6714 0.0547 0.0281 0.0386 0.0432 0.1099 
        D164  2 0.0192 0.5496 0.0303 0.3436 0.0194 0.0120 0.0150 0.0107 
        D165  2 0.0259 0.0267 0.8306 0.0185 0.0193 0.0124 0.0267 0.0399 
        D166  2 0.3451 0.0682 0.0842 0.1165 0.2546 0.0268 0.0570 0.0476 
        D167  2 0.0180 0.8715 0.0120 0.0168 0.0136 0.0369 0.0158 0.0154 
        D192  2 0.0132 0.8873 0.0137 0.0152 0.0186 0.0198 0.0227 0.0095 
        D193  2 0.1147 0.0457 0.0525 0.1230 0.1685 0.3994 0.0678 0.0284 
        D206  2 0.1658 0.3032 0.1559 0.0398 0.0518 0.0290 0.0368 0.2176 
        D207  2 0.1034 0.6984 0.0220 0.0228 0.0284 0.0243 0.0724 0.0283 
        D208  2 0.0978 0.0935 0.0437 0.0726 0.0612 0.1981 0.3866 0.0466 
        D209  2 0.2219 0.4425 0.0665 0.0525 0.1066 0.0335 0.0417 0.0347 
        D210  2 0.0536 0.1194 0.0293 0.0391 0.0304 0.4418 0.2144 0.0721 
     D229599  2 0.1278 0.0526 0.1527 0.0964 0.1848 0.0794 0.1263 0.1800 
     D229600  2 0.0704 0.3517 0.4108 0.0530 0.0307 0.0239 0.0266 0.0330 
     D237227  2 0.0788 0.0620 0.0833 0.1380 0.0237 0.4260 0.1496 0.0386 
     D237228  2 0.0553 0.0398 0.0177 0.6133 0.0196 0.1982 0.0423 0.0137 
     D237258  2 0.1173 0.2416 0.1349 0.0903 0.1049 0.0936 0.1396 0.0777 
     D237310  2 0.0585 0.0563 0.0236 0.7499 0.0484 0.0309 0.0202 0.0122 
     D237311  2 0.0503 0.1457 0.0267 0.6842 0.0215 0.0310 0.0240 0.0167 
     D237312  2 0.0913 0.0209 0.0661 0.6011 0.1260 0.0506 0.0217 0.0222 
     D237313  2 0.1827 0.0309 0.0667 0.1361 0.0664 0.0960 0.1526 0.2686 
     D237322  2 0.1960 0.0608 0.0407 0.1157 0.1441 0.0566 0.3490 0.0371 
     D237323  2 0.0607 0.0233 0.0643 0.6356 0.0394 0.1001 0.0613 0.0153 
     D237324  2 0.2960 0.2165 0.2532 0.0517 0.0385 0.0166 0.0880 0.0396 
     D237325  2 0.0650 0.0586 0.1177 0.4983 0.0883 0.0850 0.0388 0.0483 
     D237326  2 0.0345 0.0435 0.0463 0.6673 0.0354 0.0776 0.0250 0.0705 
     D237327  2 0.1929 0.1703 0.1582 0.0394 0.0909 0.0446 0.2461 0.0577 
     D237337  2 0.0261 0.0160 0.0240 0.8493 0.0186 0.0254 0.0195 0.0212 
     D237338  2 0.1230 0.0803 0.1859 0.2262 0.1062 0.1222 0.0959 0.0603 
     D237339  2 0.0905 0.2456 0.0168 0.0230 0.5246 0.0253 0.0381 0.0360 
     D237340  2 0.0639 0.1446 0.0625 0.4350 0.0605 0.1751 0.0429 0.0155 
     D237389  2 0.0391 0.0734 0.0285 0.7543 0.0369 0.0282 0.0204 0.0191 
     D237390  2 0.0467 0.0199 0.0878 0.5721 0.0977 0.0819 0.0512 0.0426 
     D244017  2 0.0715 0.4033 0.0563 0.0511 0.0251 0.3193 0.0484 0.0251 
     D244112  2 0.0222 0.8622 0.0288 0.0220 0.0182 0.0193 0.0139 0.0133 
     D244118  2 0.0224 0.6123 0.2317 0.0375 0.0332 0.0310 0.0200 0.0118 
     D244119  2 0.0350 0.2547 0.0123 0.0266 0.0112 0.6191 0.0261 0.0150 
     D244120  2 0.0494 0.5018 0.0415 0.0668 0.1537 0.1187 0.0559 0.0123 
     D244122  2 0.0400 0.7219 0.0515 0.0353 0.0417 0.0610 0.0266 0.0221 
        D291  2 0.1563 0.0674 0.0975 0.0325 0.0164 0.0208 0.5444 0.0648 
        D292  2 0.0556 0.2693 0.0280 0.0781 0.0447 0.0885 0.2098 0.2260 
        D293  2 0.0356 0.7968 0.0114 0.0191 0.0344 0.0153 0.0343 0.0531 
        D322  2 0.0623 0.6053 0.0353 0.0580 0.0860 0.0195 0.0426 0.0909 
        D323  2 0.1865 0.1901 0.0584 0.0630 0.2206 0.0697 0.1110 0.1008 
        D324  2 0.1482 0.0494 0.1082 0.1009 0.0251 0.0497 0.3943 0.1242 
        D325  2 0.0162 0.8703 0.0170 0.0167 0.0191 0.0106 0.0261 0.0239 
        D326  2 0.0281 0.0169 0.0135 0.0125 0.0179 0.0255 0.0212 0.8645 
        D340  2 0.0183 0.8679 0.0154 0.0142 0.0188 0.0180 0.0247 0.0227 
        D341  2 0.0402 0.6823 0.0352 0.0627 0.0304 0.0315 0.0731 0.0446 
        D342  2 0.0792 0.5822 0.0973 0.0828 0.0253 0.0201 0.0923 0.0208 
        D343  2 0.0111 0.9253 0.0097 0.0084 0.0114 0.0076 0.0115 0.0149 
        D344  2 0.1181 0.0671 0.0215 0.0557 0.5313 0.0337 0.0310 0.1415 
        D345  2 0.1630 0.0519 0.0952 0.2003 0.1371 0.0451 0.1473 0.1601 
        D346  2 0.0995 0.1055 0.0302 0.0568 0.0479 0.4583 0.1378 0.0640 
        D351  2 0.2289 0.0859 0.0827 0.1067 0.0797 0.0230 0.1525 0.2406 
        D352  2 0.0741 0.0420 0.0239 0.0552 0.7029 0.0553 0.0238 0.0230 
        D353  2 0.4885 0.0424 0.0216 0.0158 0.1302 0.0170 0.0406 0.2440 
        D354  2 0.0585 0.0153 0.0211 0.0503 0.6911 0.0590 0.0258 0.0789 
        D362  2 0.0364 0.0252 0.0652 0.0297 0.0194 0.0287 0.0207 0.7747 
        D363  2 0.0318 0.0249 0.0363 0.0215 0.0217 0.0419 0.0224 0.7995 
        D364  2 0.0980 0.0292 0.0436 0.0984 0.3343 0.0528 0.0362 0.3075 
        D365  2 0.0166 0.8921 0.0095 0.0115 0.0210 0.0184 0.0138 0.0172 
        D369  2 0.1003 0.2026 0.0599 0.1598 0.0275 0.1587 0.1024 0.1890 
        D374  2 0.0339 0.0169 0.0179 0.0763 0.0850 0.7295 0.0252 0.0151 
        D375  2 0.0338 0.0135 0.0154 0.0282 0.8598 0.0175 0.0107 0.0210 
        D376  2 0.0538 0.0242 0.0223 0.0614 0.0924 0.7088 0.0250 0.0121 
        D377  2 0.1395 0.0772 0.0861 0.3291 0.1330 0.0861 0.1085 0.0404 
        D378  2 0.1165 0.3542 0.1043 0.0371 0.1291 0.0302 0.1148 0.1137 
        D379  2 0.0510 0.0220 0.0259 0.0267 0.0526 0.0316 0.0303 0.7599 
        D384  2 0.0219 0.0136 0.0110 0.0151 0.0111 0.0278 0.0238 0.8757 
        D385  2 0.0315 0.7353 0.0135 0.0278 0.1186 0.0335 0.0178 0.0220 
        D386  2 0.1315 0.1065 0.0974 0.0347 0.4723 0.0213 0.0459 0.0905 
        D391  2 0.0278 0.8114 0.0153 0.0225 0.0550 0.0152 0.0263 0.0265 
        D392  2 0.0538 0.6261 0.0421 0.1236 0.0207 0.0474 0.0361 0.0501 
        D393  2 0.0536 0.1148 0.0545 0.0528 0.1087 0.0240 0.3322 0.2594 
        D394  2 0.1331 0.1033 0.1958 0.2438 0.1563 0.0613 0.0381 0.0683 
        D395  2 0.0468 0.2434 0.0305 0.0220 0.5871 0.0219 0.0306 0.0177 
        D401  2 0.0236 0.0277 0.0164 0.8505 0.0116 0.0340 0.0175 0.0187 
        D402  2 0.0270 0.8045 0.0137 0.0247 0.0428 0.0136 0.0577 0.0161 
        D403  2 0.2899 0.0361 0.1460 0.0306 0.1488 0.0260 0.0300 0.2926 
        D415  2 0.2607 0.0290 0.0552 0.0946 0.0218 0.0164 0.0188 0.5035 
        D435  2 0.0323 0.2079 0.0349 0.0427 0.0372 0.0186 0.0570 0.5693 
        D436  2 0.0693 0.0467 0.0518 0.0460 0.4513 0.0875 0.0240 0.2234 
        D438  2 0.0177 0.8932 0.0145 0.0111 0.0141 0.0211 0.0154 0.0128 
        D439  2 0.1609 0.1033 0.0755 0.0530 0.4787 0.0177 0.0384 0.0724 
        D449  2 0.1139 0.6109 0.0277 0.0220 0.0167 0.0266 0.0303 0.1519 
        D450  2 0.2345 0.0238 0.0500 0.0614 0.2151 0.1790 0.0910 0.1452 
        D456  2 0.0381 0.0107 0.0229 0.0118 0.0136 0.0184 0.0220 0.8625 
        D462  2 0.0212 0.8350 0.0206 0.0141 0.0485 0.0129 0.0202 0.0275 
        D463  2 0.0210 0.0127 0.0138 0.0140 0.0209 0.0268 0.0165 0.8744 
        D464  2 0.2932 0.0870 0.0209 0.0319 0.4339 0.0406 0.0276 0.0649 
        D465  2 0.0569 0.6125 0.0317 0.0671 0.0293 0.0229 0.0343 0.1452 
        D473  2 0.0791 0.0405 0.0558 0.1429 0.1691 0.4228 0.0635 0.0263 
        D474  2 0.0440 0.0744 0.0569 0.0361 0.0208 0.0361 0.1593 0.5724 
        D476  2 0.0320 0.0728 0.4153 0.0206 0.3835 0.0176 0.0325 0.0256 
        D477  2 0.1082 0.0269 0.0250 0.1107 0.2126 0.0554 0.1690 0.2923 
        D478  2 0.1671 0.0821 0.3017 0.0607 0.1023 0.1924 0.0490 0.0446 
        D480  2 0.1011 0.0922 0.0334 0.0326 0.1495 0.0930 0.3056 0.1926 
        D481  2 0.1219 0.1162 0.1391 0.0829 0.1433 0.1019 0.0599 0.2349 
        D482  2 0.1050 0.0251 0.0610 0.0816 0.3368 0.0585 0.3130 0.0189 
        D483  2 0.0243 0.8146 0.0314 0.0198 0.0129 0.0621 0.0178 0.0169 
        D484  2 0.0199 0.0199 0.0124 0.0178 0.8799 0.0216 0.0165 0.0121 
        D510  2 0.0420 0.0215 0.0211 0.0356 0.0500 0.7100 0.0965 0.0233 
        D511  2 0.0955 0.1095 0.0639 0.0342 0.5247 0.0148 0.0526 0.1047 
        D512  2 0.1230 0.1857 0.0358 0.5441 0.0410 0.0156 0.0302 0.0246 
        D513  2 0.0785 0.5863 0.0326 0.0331 0.0307 0.0596 0.0844 0.0948 
        D635  2 0.1147 0.0647 0.4184 0.0322 0.0202 0.0387 0.0366 0.2744 
        D636  2 0.0334 0.0176 0.8441 0.0314 0.0138 0.0185 0.0154 0.0259 
        D637  2 0.1010 0.2041 0.0350 0.1549 0.3356 0.0579 0.0822 0.0293 
        D658  2 0.0426 0.4257 0.0295 0.1037 0.2284 0.1156 0.0284 0.0259 
        D659  2 0.0668 0.0273 0.0713 0.0155 0.0296 0.0400 0.0825 0.6671 
        D677  2 0.0820 0.0782 0.1429 0.1248 0.0490 0.0226 0.0795 0.4211 
        D678  2 0.1200 0.6952 0.0426 0.0342 0.0283 0.0268 0.0341 0.0188 
        D679  2 0.1212 0.0662 0.0466 0.0247 0.0581 0.0428 0.1349 0.5056 
        D719  2 0.0582 0.2179 0.0164 0.0396 0.0410 0.3107 0.1603 0.1559 
        D720  2 0.0478 0.0349 0.0261 0.0234 0.0175 0.0675 0.0382 0.7446 
        D721  2 0.0466 0.0398 0.7546 0.0190 0.0316 0.0333 0.0301 0.0450 
        D722  2 0.0605 0.0551 0.0264 0.1209 0.0925 0.5683 0.0442 0.0322 
        D734  2 0.0503 0.0930 0.0149 0.0182 0.5336 0.1689 0.0965 0.0246 
        D735  2 0.2204 0.0742 0.0527 0.0939 0.0681 0.0987 0.1815 0.2105 
        D736  2 0.0747 0.0736 0.0510 0.0582 0.0522 0.3033 0.3106 0.0765 
        D737  2 0.0600 0.4532 0.1078 0.0408 0.1693 0.0490 0.0989 0.0210 
        D807  2 0.0855 0.0882 0.0466 0.1556 0.0906 0.1923 0.1517 0.1895 
        D808  2 0.2004 0.1575 0.1276 0.2931 0.0431 0.0264 0.0897 0.0621 
        D817  2 0.1355 0.0231 0.0367 0.0766 0.1093 0.0437 0.0655 0.5095 
        D818  2 0.2262 0.3500 0.1411 0.0380 0.0484 0.0334 0.1069 0.0560 
        D819  2 0.2090 0.0537 0.1103 0.2509 0.0505 0.0462 0.0937 0.1857 
        D820  2 0.0500 0.0535 0.0252 0.0192 0.0696 0.0253 0.0470 0.7102 
        D895  2 0.1253 0.0491 0.1440 0.0535 0.0537 0.0448 0.0438 0.4859 
        D896  2 0.0148 0.0130 0.0123 0.8993 0.0145 0.0220 0.0116 0.0124 
        D897  2 0.0902 0.6349 0.0361 0.0617 0.0435 0.0245 0.0779 0.0312 
        D898  2 0.2558 0.0419 0.0459 0.3250 0.0837 0.0547 0.1419 0.0511 
        D918  2 0.1768 0.0981 0.1570 0.2802 0.1244 0.0420 0.0835 0.0380 
        D919  2 0.1447 0.1469 0.0595 0.0254 0.3774 0.0280 0.0667 0.1514 
        D920  2 0.0299 0.0350 0.6891 0.0730 0.0478 0.0680 0.0251 0.0322 
        D923  2 0.0558 0.0288 0.0297 0.0242 0.0876 0.0254 0.0248 0.7237 
        D930  2 0.1973 0.0472 0.0333 0.1259 0.1744 0.1292 0.0598 0.2328 
        D931  2 0.0975 0.1826 0.0464 0.0521 0.2113 0.0549 0.0641 0.2911 
        D968  2 0.0219 0.8521 0.0129 0.0134 0.0214 0.0127 0.0466 0.0192 
        D969  2 0.0919 0.2818 0.0477 0.0428 0.0310 0.0741 0.2230 0.2077 
        D977  2 0.0289 0.8272 0.0245 0.0172 0.0263 0.0218 0.0324 0.0217 
        D978  2 0.2253 0.1626 0.0343 0.0446 0.0339 0.0446 0.4242 0.0304 
        D211  3 0.1025 0.0323 0.6672 0.0429 0.0300 0.0234 0.0545 0.0473 
     D229639  3 0.0731 0.0944 0.0330 0.0394 0.0303 0.1304 0.5167 0.0828 
     D237212  3 0.1236 0.0940 0.0664 0.0872 0.2130 0.0299 0.2979 0.0878 
     D237213  3 0.1343 0.0599 0.0930 0.3855 0.1507 0.0226 0.0789 0.0751 
     D237214  3 0.0605 0.0183 0.8104 0.0215 0.0189 0.0306 0.0141 0.0258 
     D237215  3 0.0537 0.5592 0.0161 0.0540 0.0300 0.1656 0.1035 0.0180 
     D237216  3 0.6261 0.0379 0.1142 0.0482 0.0355 0.0245 0.0505 0.0632 
     D237217  3 0.2514 0.0404 0.3246 0.1569 0.0223 0.0146 0.0846 0.1053 
     D237218  3 0.0935 0.0359 0.0461 0.0384 0.0946 0.0458 0.6014 0.0443 
     D237219  3 0.1106 0.0271 0.1306 0.3291 0.0239 0.0855 0.2412 0.0521 
     D237382  3 0.2068 0.0708 0.0676 0.2462 0.0798 0.1576 0.0427 0.1284 
     D244127  3 0.0785 0.0899 0.0539 0.6258 0.0345 0.0228 0.0683 0.0262 
     D244129  3 0.1609 0.0918 0.1275 0.2934 0.0834 0.0395 0.0919 0.1115 
     D244133  3 0.2027 0.2151 0.1194 0.0660 0.0194 0.1421 0.1406 0.0947 
     D244134  3 0.0391 0.0278 0.0378 0.0708 0.0145 0.1012 0.6709 0.0379 
     D244135  3 0.0480 0.0686 0.7615 0.0234 0.0196 0.0188 0.0298 0.0304 
     D244136  3 0.1339 0.1102 0.0715 0.0494 0.0456 0.2240 0.1078 0.2575 
        D416  3 0.2064 0.1996 0.0986 0.1312 0.0493 0.0340 0.1599 0.1210 
        D417  3 0.0625 0.0178 0.0467 0.0922 0.0406 0.0282 0.0307 0.6812 
        D419  3 0.1159 0.0763 0.1286 0.1579 0.0356 0.0629 0.3077 0.1150 
        D565  3 0.0297 0.0147 0.0203 0.0187 0.0136 0.7297 0.1180 0.0552 
        D566  3 0.0828 0.0736 0.0318 0.0535 0.0267 0.3367 0.3178 0.0772 
        D567  3 0.0689 0.0464 0.1243 0.1091 0.0416 0.0324 0.0427 0.5347 
        D568  3 0.0928 0.1306 0.2240 0.1147 0.1296 0.0248 0.0833 0.2003 
        D569  3 0.1226 0.1202 0.0662 0.0301 0.5649 0.0379 0.0415 0.0164 
        D573  3 0.1037 0.4094 0.0205 0.0311 0.0342 0.0251 0.2213 0.1546 
        D574  3 0.1488 0.0438 0.0749 0.0830 0.0453 0.3842 0.1782 0.0417 
        D575  3 0.1308 0.0819 0.0830 0.1626 0.0380 0.1125 0.2260 0.1653 
        D576  3 0.0912 0.6764 0.0374 0.0195 0.0369 0.0453 0.0850 0.0085 
        D577  3 0.1186 0.0444 0.1306 0.0456 0.0644 0.0370 0.0742 0.4853 
        D578  3 0.0305 0.0299 0.8560 0.0273 0.0149 0.0162 0.0133 0.0119 
        D579  3 0.0978 0.0759 0.0574 0.0601 0.0915 0.1543 0.3144 0.1486 
        D660  3 0.1524 0.6143 0.0501 0.0701 0.0412 0.0145 0.0401 0.0173 
        D661  3 0.1296 0.2303 0.0854 0.0483 0.0694 0.0213 0.3925 0.0231 
        D663  3 0.1805 0.1526 0.0396 0.0261 0.0675 0.0280 0.4299 0.0757 
        D664  3 0.1434 0.2208 0.1635 0.2385 0.0481 0.0973 0.0683 0.0201 
        D665  3 0.4108 0.0503 0.1756 0.1465 0.1289 0.0152 0.0544 0.0183 
        D666  3 0.1105 0.0381 0.0711 0.3311 0.0433 0.1015 0.1747 0.1297 
        D009  4 0.2317 0.0226 0.2448 0.1516 0.1380 0.0413 0.0607 0.1092 
        D057  4 0.0472 0.1940 0.3078 0.0188 0.2703 0.0275 0.1036 0.0309 
        D109  4 0.1354 0.0213 0.1058 0.5777 0.0378 0.0459 0.0382 0.0379 
     D237222  4 0.0466 0.0353 0.6020 0.0511 0.0498 0.1463 0.0245 0.0444 
     D237223  4 0.1474 0.0686 0.1617 0.3022 0.0788 0.1278 0.0589 0.0546 
     D237224  4 0.0704 0.2156 0.0610 0.0451 0.1934 0.0316 0.2525 0.1304 
     D237225  4 0.3342 0.0334 0.1483 0.0844 0.0747 0.0497 0.0966 0.1788 
     D237299  4 0.3862 0.0270 0.1050 0.3233 0.0399 0.0306 0.0720 0.0161 
     D237300  4 0.0401 0.0390 0.0231 0.0208 0.0209 0.0297 0.8107 0.0156 
     D237306  4 0.0723 0.0280 0.0362 0.1509 0.0763 0.5294 0.0258 0.0810 
     D237307  4 0.0882 0.0528 0.0578 0.0491 0.0265 0.1893 0.1079 0.4286 
     D237308  4 0.0833 0.4390 0.0690 0.0616 0.1673 0.0760 0.0476 0.0562 
     D237309  4 0.2585 0.0689 0.1961 0.0813 0.1033 0.0312 0.0580 0.2026 
     D237317  4 0.2060 0.0247 0.0513 0.0406 0.0280 0.3837 0.0470 0.2186 
     D237318  4 0.0477 0.0775 0.0200 0.0197 0.0125 0.0273 0.7623 0.0330 
     D237319  4 0.2082 0.0560 0.2606 0.1885 0.0541 0.0526 0.0853 0.0948 
     D237320  4 0.0977 0.1031 0.1914 0.2824 0.0283 0.0354 0.1723 0.0894 
     D237321  4 0.0747 0.0604 0.0396 0.0492 0.0347 0.0534 0.6341 0.0538 
     D237397  4 0.1026 0.1012 0.1127 0.1287 0.0249 0.2507 0.2179 0.0614 
     D237398  4 0.0838 0.0577 0.0474 0.0287 0.0368 0.0147 0.6664 0.0645 
     D237399  4 0.0733 0.0489 0.1312 0.0810 0.0544 0.1601 0.3618 0.0894 
     D244001  4 0.0728 0.1307 0.5777 0.0347 0.0790 0.0280 0.0427 0.0345 
        D289  4 0.0999 0.1081 0.0854 0.0460 0.1855 0.2590 0.1133 0.1029 
        D290  4 0.2740 0.0747 0.1150 0.1084 0.1396 0.0502 0.1272 0.1109 
        D294  4 0.3125 0.0301 0.1185 0.0336 0.2435 0.0558 0.1120 0.0940 
        D295  4 0.0837 0.0294 0.0512 0.2117 0.0765 0.0504 0.0713 0.4259 
        D301  4 0.0481 0.0327 0.6002 0.0463 0.0503 0.0578 0.1445 0.0201 
        D302  4 0.0406 0.0181 0.0455 0.0168 0.7231 0.0156 0.0276 0.1127 
        D303  4 0.0530 0.0559 0.0329 0.0908 0.1038 0.5628 0.0644 0.0365 
        D304  4 0.2429 0.0410 0.0688 0.0273 0.0580 0.0800 0.3841 0.0980 
        D305  4 0.3186 0.0866 0.0317 0.0411 0.4358 0.0168 0.0439 0.0256 
        D306  4 0.5386 0.0327 0.0811 0.0731 0.0937 0.0804 0.0540 0.0464 
        D307  4 0.0347 0.0228 0.7537 0.0325 0.0375 0.0571 0.0467 0.0149 
        D327  4 0.1316 0.0888 0.0591 0.0233 0.0408 0.0734 0.0454 0.5374 
        D328  4 0.0449 0.0252 0.0275 0.0679 0.6320 0.1425 0.0367 0.0233 
        D329  4 0.1974 0.1292 0.1179 0.0805 0.2302 0.0672 0.1151 0.0626 
        D330  4 0.1345 0.0879 0.1174 0.2362 0.0921 0.0243 0.0174 0.2901 
        D331  4 0.1431 0.0511 0.0733 0.0804 0.0621 0.1125 0.3112 0.1663 
        D333  4 0.0941 0.0927 0.0982 0.1293 0.2229 0.1501 0.1420 0.0707 
        D334  4 0.0883 0.0223 0.0966 0.0406 0.0579 0.5202 0.0795 0.0946 
        D335  4 0.0448 0.0500 0.0279 0.0341 0.5046 0.0365 0.0258 0.2764 
        D370  4 0.0836 0.0571 0.0544 0.2963 0.1997 0.2329 0.0335 0.0425 
        D371  4 0.0399 0.0296 0.0143 0.0244 0.0214 0.7279 0.0456 0.0970 
        D372  4 0.1254 0.0525 0.0155 0.0253 0.0252 0.0234 0.7225 0.0104 
        D373  4 0.0343 0.0746 0.6887 0.0212 0.0563 0.0226 0.0716 0.0306 
        D455  4 0.0272 0.0331 0.7575 0.0238 0.0608 0.0191 0.0437 0.0347 
        D490  4 0.0215 0.0112 0.8646 0.0283 0.0216 0.0189 0.0138 0.0201 
        D497  4 0.0475 0.0229 0.7492 0.0478 0.0506 0.0231 0.0410 0.0178 
        D498  4 0.1955 0.0591 0.0742 0.2300 0.0677 0.1208 0.1767 0.0760 
        D499  4 0.1625 0.2473 0.0271 0.1286 0.1450 0.1229 0.1452 0.0212 
        D514  4 0.1936 0.0328 0.0697 0.0946 0.1894 0.0222 0.0688 0.3290 
        D515  4 0.1383 0.0460 0.1866 0.4206 0.0758 0.0364 0.0330 0.0633 
        D516  4 0.0974 0.0844 0.1129 0.2501 0.0350 0.0881 0.0826 0.2494 
        D517  4 0.0900 0.0470 0.6436 0.0794 0.0221 0.0221 0.0536 0.0422 
        D518  4 0.0581 0.0666 0.2229 0.0192 0.4592 0.0874 0.0490 0.0376 
        D519  4 0.0891 0.0599 0.1888 0.4165 0.0177 0.0274 0.1350 0.0656 
        D560  4 0.1604 0.0901 0.1769 0.2221 0.0787 0.0222 0.1190 0.1307 
        D561  4 0.3643 0.0872 0.2922 0.0754 0.0636 0.0156 0.0211 0.0807 
        D562  4 0.1790 0.0956 0.3233 0.0767 0.1331 0.0829 0.0710 0.0384 
        D563  4 0.1174 0.4793 0.0424 0.0446 0.1867 0.0236 0.0826 0.0235 
        D572  4 0.0499 0.0369 0.0985 0.0216 0.6912 0.0330 0.0236 0.0454 
        D629  4 0.1284 0.0339 0.3309 0.0389 0.0675 0.0320 0.1155 0.2528 
        D630  4 0.1471 0.0421 0.2551 0.0631 0.1618 0.0701 0.1137 0.1470 
        D631  4 0.0722 0.1976 0.0443 0.0342 0.5185 0.0302 0.0777 0.0252 
        D632  4 0.0796 0.1558 0.3869 0.0657 0.2116 0.0246 0.0269 0.0488 
        D646  4 0.1535 0.0677 0.0881 0.3164 0.0306 0.0355 0.0752 0.2330 
        D647  4 0.0739 0.0692 0.1399 0.1098 0.0708 0.0206 0.0435 0.4723 
        D648  4 0.0512 0.0275 0.0235 0.0222 0.7811 0.0648 0.0160 0.0137 
        D649  4 0.0825 0.0213 0.0876 0.2205 0.1941 0.0230 0.0449 0.3262 
        D650  4 0.1209 0.0425 0.1459 0.1194 0.1165 0.1106 0.1211 0.2230 
        D708  4 0.1311 0.0319 0.0638 0.0537 0.3176 0.2202 0.1292 0.0525 
        D709  4 0.2501 0.0378 0.0360 0.3332 0.1904 0.0511 0.0549 0.0465 
        D738  4 0.0465 0.0167 0.0696 0.1452 0.0331 0.5553 0.0395 0.0942 
        D739  4 0.1723 0.0356 0.4569 0.0814 0.1131 0.0411 0.0670 0.0325 
        D740  4 0.2786 0.0607 0.0541 0.2363 0.0575 0.1260 0.1637 0.0232 
        D741  4 0.1867 0.1781 0.0990 0.2653 0.0455 0.0216 0.0525 0.1513 
        D742  4 0.0974 0.3397 0.0581 0.0753 0.0911 0.1147 0.1851 0.0387 
        D743  4 0.0580 0.0607 0.0407 0.0232 0.3512 0.0298 0.0577 0.3787 
        D744  4 0.0593 0.0833 0.0239 0.0289 0.7296 0.0167 0.0293 0.0289 
        D745  4 0.0965 0.0263 0.2784 0.4512 0.0266 0.0208 0.0560 0.0442 
        D814  4 0.3060 0.2745 0.1171 0.0212 0.1000 0.0214 0.1122 0.0477 
        D815  4 0.0889 0.0420 0.0429 0.0879 0.4950 0.0390 0.0591 0.1453 
        D828  4 0.1301 0.1104 0.0445 0.0577 0.3801 0.2076 0.0550 0.0146 
        D845  4 0.0168 0.0227 0.0107 0.0149 0.0183 0.0291 0.8642 0.0232 
        D846  4 0.1076 0.1852 0.1723 0.0213 0.2631 0.0120 0.0553 0.1833 
        D847  4 0.1634 0.0788 0.2656 0.0749 0.0498 0.0989 0.1550 0.1136 
        D848  4 0.0389 0.0641 0.7007 0.0215 0.0367 0.0171 0.1079 0.0131 
        D849  4 0.1897 0.0367 0.3604 0.2209 0.0568 0.0236 0.0489 0.0630 
        D850  4 0.2110 0.0681 0.2312 0.0436 0.0480 0.0675 0.1492 0.1814 
        D856  4 0.2769 0.0333 0.0818 0.3823 0.0704 0.0579 0.0460 0.0514 
        D857  4 0.0335 0.0776 0.0389 0.7472 0.0364 0.0366 0.0200 0.0099 
        D859  4 0.0724 0.0499 0.0397 0.0342 0.5998 0.0333 0.0724 0.0985 
        D860  4 0.0536 0.1110 0.0303 0.0274 0.0749 0.4119 0.1750 0.1158 
        D883  4 0.0811 0.0430 0.2557 0.1322 0.0849 0.1051 0.0725 0.2254 
        D884  4 0.1098 0.0209 0.0900 0.3999 0.1080 0.1130 0.0490 0.1094 
        D885  4 0.2702 0.0865 0.0572 0.0546 0.0642 0.0279 0.3053 0.1340 
        D886  4 0.0934 0.0755 0.2818 0.2184 0.1072 0.0285 0.0462 0.1490 
        D887  4 0.1184 0.1547 0.0561 0.1076 0.1644 0.0783 0.2356 0.0848 
        D889  4 0.1258 0.0138 0.0198 0.0241 0.0935 0.0188 0.6588 0.0454 
        D890  4 0.1211 0.0862 0.1183 0.1387 0.2357 0.1742 0.0846 0.0412 
        D891  4 0.0112 0.0130 0.0093 0.0114 0.0091 0.0122 0.9217 0.0121 
        D899  4 0.0524 0.4812 0.0345 0.0298 0.0706 0.0870 0.2123 0.0322 
        D900  4 0.1960 0.1128 0.1355 0.0944 0.1398 0.0883 0.0812 0.1518 
        D970  4 0.1472 0.0891 0.1350 0.0511 0.2730 0.0617 0.1228 0.1201 
        D971  4 0.1098 0.4640 0.0315 0.0698 0.1678 0.0667 0.0215 0.0688 
        D979  4 0.0445 0.0427 0.0203 0.0189 0.3370 0.0579 0.0424 0.4363 
        D093  5 0.0458 0.0231 0.0398 0.0497 0.0253 0.6797 0.0880 0.0486 
        D154  5 0.2833 0.2467 0.0319 0.0837 0.0705 0.0630 0.1932 0.0277 
        D168  5 0.1718 0.2532 0.1457 0.0767 0.0558 0.0168 0.1698 0.1102 
        D189  5 0.1405 0.0559 0.0334 0.0521 0.0728 0.4441 0.1585 0.0428 
        D190  5 0.0410 0.0250 0.0181 0.0516 0.0713 0.6770 0.0849 0.0311 
     D237220  5 0.1296 0.0258 0.2031 0.2041 0.0818 0.0906 0.2340 0.0310 
     D237221  5 0.0695 0.1035 0.0354 0.0655 0.0471 0.1870 0.4240 0.0680 
     D237274  5 0.0911 0.0640 0.0264 0.0821 0.2055 0.0225 0.0215 0.4868 
     D237275  5 0.1082 0.6576 0.0186 0.0486 0.0245 0.0468 0.0758 0.0198 
     D237276  5 0.0958 0.0421 0.0866 0.2446 0.0714 0.2106 0.0569 0.1920 
     D237277  5 0.0403 0.0480 0.0199 0.0394 0.0517 0.3360 0.4312 0.0335 
     D237278  5 0.0992 0.3238 0.0775 0.0998 0.0856 0.2197 0.0477 0.0468 
     D237279  5 0.3694 0.0388 0.1139 0.2885 0.0579 0.0212 0.0666 0.0437 
     D237280  5 0.1103 0.0211 0.1991 0.2761 0.0526 0.0671 0.0595 0.2142 
     D237281  5 0.1128 0.4868 0.0211 0.0212 0.0229 0.0333 0.2593 0.0426 
     D237351  5 0.0381 0.0220 0.0401 0.7629 0.0195 0.0470 0.0447 0.0256 
     D237352  5 0.0741 0.0874 0.3708 0.0416 0.2304 0.0692 0.0467 0.0798 
     D237353  5 0.0355 0.0191 0.0154 0.0569 0.0490 0.5060 0.3005 0.0174 
     D237359  5 0.1505 0.0298 0.1793 0.0607 0.0598 0.0393 0.4431 0.0375 
     D237361  5 0.0368 0.0215 0.0156 0.0369 0.0221 0.7725 0.0712 0.0234 
     D237362  5 0.1671 0.0672 0.0542 0.0804 0.0627 0.1245 0.1929 0.2509 
     D237363  5 0.5761 0.1623 0.0234 0.0812 0.0182 0.0458 0.0490 0.0439 
     D237364  5 0.2033 0.1439 0.1399 0.1071 0.1734 0.0187 0.1049 0.1089 
     D237376  5 0.0517 0.0358 0.0156 0.0451 0.5496 0.2552 0.0359 0.0113 
     D237377  5 0.1604 0.0455 0.0479 0.2987 0.0418 0.1128 0.0673 0.2256 
     D237378  5 0.0738 0.0824 0.0441 0.0455 0.1383 0.4669 0.1308 0.0182 
     D237379  5 0.1188 0.0364 0.0612 0.0518 0.4247 0.2384 0.0413 0.0272 
     D237380  5 0.0634 0.0173 0.0612 0.5140 0.1651 0.1271 0.0159 0.0358 
     D237381  5 0.1064 0.0813 0.2189 0.2416 0.1446 0.0995 0.0447 0.0630 
     D237391  5 0.0351 0.0202 0.0222 0.0319 0.0198 0.5483 0.2877 0.0348 
     D237392  5 0.1248 0.2299 0.0455 0.0974 0.1571 0.0345 0.0289 0.2818 
     D237393  5 0.0548 0.0620 0.0688 0.1072 0.0355 0.2667 0.0582 0.3469 
     D237394  5 0.0296 0.0099 0.0206 0.0261 0.0259 0.7309 0.1287 0.0284 
     D237395  5 0.1328 0.0530 0.0694 0.1417 0.0346 0.2993 0.2357 0.0334 
     D237396  5 0.1388 0.0902 0.1166 0.0708 0.0415 0.1599 0.0875 0.2947 
     D244016  5 0.2371 0.0485 0.0271 0.0302 0.1834 0.1593 0.2871 0.0274 
     D244018  5 0.1071 0.2924 0.0755 0.0562 0.0226 0.2303 0.1210 0.0949 
     D244019  5 0.2618 0.1386 0.0266 0.0637 0.1063 0.0658 0.2005 0.1367 
        D279  5 0.1278 0.0566 0.0367 0.0741 0.0622 0.0484 0.5530 0.0413 
        D280  5 0.1882 0.0615 0.0763 0.0868 0.0335 0.1986 0.2698 0.0853 
        D281  5 0.1650 0.2203 0.0195 0.0226 0.0351 0.0914 0.4196 0.0264 
        D283  5 0.0669 0.0406 0.0299 0.0430 0.0276 0.4447 0.2156 0.1316 
        D284  5 0.1984 0.0576 0.3208 0.1695 0.0648 0.0376 0.0907 0.0606 
        D285  5 0.1093 0.0250 0.0262 0.0647 0.0649 0.2631 0.3674 0.0795 
        D286  5 0.1585 0.0399 0.0884 0.0831 0.1791 0.2055 0.1312 0.1144 
        D287  5 0.1086 0.0278 0.0577 0.0755 0.4571 0.2121 0.0452 0.0159 
        D288  5 0.1285 0.0377 0.0327 0.0493 0.0194 0.0782 0.4209 0.2333 
        D308  5 0.0490 0.0170 0.0210 0.7814 0.0199 0.0285 0.0183 0.0650 
        D309  5 0.0556 0.0209 0.0319 0.0247 0.8008 0.0199 0.0147 0.0316 
        D310  5 0.1701 0.0137 0.0148 0.0354 0.0211 0.6875 0.0418 0.0157 
        D311  5 0.1942 0.0551 0.0401 0.0593 0.2251 0.1511 0.0773 0.1976 
        D312  5 0.1380 0.0503 0.0970 0.0572 0.2590 0.2298 0.0863 0.0824 
        D313  5 0.0206 0.0126 0.3433 0.5569 0.0130 0.0281 0.0120 0.0135 
        D314  5 0.1918 0.0892 0.0842 0.1567 0.1214 0.0913 0.2243 0.0412 
        D315  5 0.1139 0.0728 0.1010 0.1398 0.0684 0.3040 0.0401 0.1600 
        D317  5 0.0299 0.0187 0.0220 0.0254 0.0155 0.7997 0.0375 0.0513 
        D318  5 0.2438 0.1789 0.1239 0.0774 0.1402 0.0729 0.0614 0.1015 
        D319  5 0.0310 0.0196 0.0157 0.0760 0.0196 0.7765 0.0375 0.0241 
        D320  5 0.0469 0.0186 0.0328 0.0557 0.0673 0.5497 0.1977 0.0314 
        D321  5 0.0390 0.0151 0.0281 0.5982 0.0190 0.0545 0.1587 0.0874 
        D336  5 0.0852 0.0174 0.0156 0.0324 0.1166 0.6860 0.0214 0.0255 
        D337  5 0.0258 0.0273 0.0116 0.0219 0.0262 0.7622 0.0976 0.0275 
        D338  5 0.2160 0.0546 0.0772 0.1041 0.0552 0.1687 0.1452 0.1791 
        D339  5 0.0747 0.0354 0.0258 0.0721 0.0175 0.5964 0.1342 0.0438 
        D347  5 0.1720 0.1234 0.0411 0.0462 0.1803 0.1774 0.0690 0.1906 
        D348  5 0.0399 0.0249 0.0206 0.0245 0.1093 0.7275 0.0329 0.0205 
        D349  5 0.0173 0.0190 0.0172 0.8383 0.0217 0.0316 0.0335 0.0215 
        D350  5 0.0207 0.0215 0.0212 0.0241 0.8543 0.0167 0.0239 0.0175 
        D355  5 0.1977 0.2090 0.0201 0.0593 0.1002 0.0437 0.2345 0.1355 
        D356  5 0.0899 0.0282 0.1491 0.0574 0.0671 0.2441 0.1284 0.2358 
        D357  5 0.3105 0.0472 0.0367 0.1878 0.0936 0.1688 0.1012 0.0543 
        D358  5 0.1033 0.0498 0.0594 0.1043 0.1899 0.3878 0.0656 0.0399 
        D359  5 0.0816 0.0153 0.0162 0.0774 0.0454 0.4672 0.0604 0.2364 
        D360  5 0.0774 0.0210 0.1971 0.0415 0.0396 0.3789 0.1096 0.1348 
        D361  5 0.0302 0.0152 0.0140 0.8566 0.0138 0.0206 0.0175 0.0319 
        D366  5 0.0460 0.3379 0.0276 0.0234 0.0186 0.0217 0.0242 0.5008 
        D367  5 0.0872 0.0175 0.0358 0.1722 0.0904 0.5315 0.0438 0.0216 
        D368  5 0.1789 0.0233 0.0243 0.4209 0.0434 0.1238 0.0930 0.0923 
        D380  5 0.1976 0.0494 0.0613 0.0622 0.4589 0.0341 0.0694 0.0672 
        D381  5 0.1170 0.0277 0.0250 0.0614 0.0425 0.5583 0.0996 0.0686 
        D400  5 0.1291 0.1016 0.0469 0.0485 0.1680 0.2552 0.1667 0.0841 
        D411  5 0.0766 0.0287 0.7229 0.0828 0.0334 0.0141 0.0208 0.0208 
        D412  5 0.3204 0.1305 0.0923 0.0974 0.0404 0.1458 0.0839 0.0894 
        D413  5 0.0863 0.6162 0.0775 0.0244 0.0456 0.0212 0.0441 0.0848 
        D414  5 0.0570 0.0793 0.0175 0.0291 0.7145 0.0217 0.0531 0.0278 
        D420  5 0.1975 0.0254 0.2870 0.0780 0.0243 0.0431 0.3174 0.0274 
        D431  5 0.1409 0.0435 0.0596 0.2227 0.2700 0.0389 0.2103 0.0142 
        D432  5 0.0624 0.0694 0.0877 0.0473 0.0375 0.5518 0.0756 0.0683 
        D433  5 0.0485 0.0414 0.0204 0.1371 0.0403 0.4786 0.1715 0.0622 
        D434  5 0.0738 0.0299 0.0463 0.0990 0.0406 0.5331 0.0869 0.0904 
        D440  5 0.0474 0.0173 0.0138 0.0267 0.8473 0.0170 0.0176 0.0130 
        D447  5 0.2638 0.1274 0.1597 0.0846 0.0981 0.0349 0.0284 0.2032 
        D448  5 0.0988 0.0412 0.0203 0.0482 0.0995 0.5571 0.0655 0.0694 
        D459  5 0.0814 0.4132 0.0197 0.0310 0.0693 0.0384 0.2680 0.0789 
        D460  5 0.0301 0.0215 0.0165 0.7741 0.0186 0.0424 0.0263 0.0705 
        D461  5 0.0381 0.0182 0.0209 0.0211 0.7949 0.0213 0.0260 0.0594 
        D468  5 0.2543 0.0765 0.0575 0.1492 0.0668 0.1381 0.0631 0.1944 
        D469  5 0.0885 0.0344 0.0639 0.1171 0.0741 0.0759 0.0687 0.4775 
        D470  5 0.1593 0.0477 0.2790 0.0730 0.1588 0.1345 0.0613 0.0863 
        D471  5 0.0678 0.0422 0.0174 0.0462 0.1276 0.5122 0.0919 0.0947 
        D472  5 0.0304 0.1343 0.0185 0.0185 0.0127 0.0221 0.0628 0.7007 
        D479  5 0.0414 0.6936 0.0243 0.0252 0.1388 0.0247 0.0207 0.0314 
        D485  5 0.1033 0.0478 0.0597 0.0405 0.6120 0.0778 0.0305 0.0284 
        D486  5 0.2682 0.0698 0.1794 0.1151 0.1109 0.1176 0.0314 0.1076 
        D487  5 0.1137 0.1094 0.0443 0.0642 0.1533 0.1630 0.3186 0.0334 
        D555  5 0.0244 0.0601 0.0232 0.0247 0.0232 0.7681 0.0566 0.0198 
        D556  5 0.0628 0.0253 0.0380 0.0818 0.1646 0.0609 0.5374 0.0292 
        D557  5 0.0445 0.0488 0.0159 0.0538 0.0430 0.6730 0.0758 0.0452 
        D564  5 0.0875 0.0463 0.0730 0.1809 0.2935 0.2373 0.0417 0.0399 
        D594  5 0.2201 0.1550 0.0404 0.0995 0.1142 0.1444 0.0311 0.1952 
        D595  5 0.1246 0.1122 0.0501 0.0886 0.0768 0.3040 0.0916 0.1521 
        D596  5 0.0231 0.0399 0.0247 0.0237 0.0224 0.7887 0.0555 0.0221 
        D597  5 0.0862 0.1803 0.0228 0.0266 0.0686 0.2511 0.2823 0.0822 
        D598  5 0.0890 0.0619 0.1168 0.0906 0.0923 0.3691 0.0996 0.0807 
        D617  5 0.0881 0.1986 0.5399 0.0498 0.0342 0.0163 0.0463 0.0267 
        D618  5 0.0578 0.0446 0.0284 0.0747 0.0677 0.3150 0.3321 0.0797 
        D619  5 0.0820 0.0651 0.0281 0.4119 0.0521 0.1657 0.0269 0.1681 
        D620  5 0.0278 0.7667 0.0214 0.0237 0.0208 0.0271 0.0463 0.0661 
        D628  5 0.0428 0.0227 0.0587 0.0438 0.7218 0.0702 0.0192 0.0208 
        D714  5 0.1001 0.0410 0.0245 0.0437 0.3844 0.0919 0.2946 0.0199 
        D715  5 0.0359 0.0336 0.0204 0.0258 0.0287 0.4333 0.3472 0.0752 
        D716  5 0.1762 0.1195 0.0654 0.0312 0.2537 0.1305 0.0945 0.1290 
        D717  5 0.1186 0.0438 0.1056 0.0807 0.0934 0.1403 0.2178 0.1998 
        D718  5 0.2936 0.0457 0.0718 0.1770 0.1629 0.1542 0.0653 0.0296 
        D769  5 0.1183 0.1243 0.5331 0.0507 0.0719 0.0414 0.0308 0.0296 
        D770  5 0.1283 0.1871 0.0323 0.0572 0.3773 0.0816 0.1002 0.0358 
        D771  5 0.1389 0.2446 0.1060 0.0883 0.1314 0.0914 0.1446 0.0548 
        D772  5 0.0491 0.0215 0.0331 0.0324 0.6454 0.0585 0.1343 0.0257 
        D782  5 0.3871 0.1162 0.0383 0.1628 0.0299 0.0348 0.1942 0.0367 
        D783  5 0.1121 0.2051 0.0276 0.0461 0.3564 0.1186 0.1134 0.0207 
        D784  5 0.1125 0.0394 0.0400 0.0402 0.1799 0.0830 0.2866 0.2185 
        D785  5 0.0691 0.0233 0.0479 0.1101 0.1751 0.3895 0.1354 0.0495 
        D786  5 0.0647 0.0915 0.3820 0.0696 0.1945 0.0207 0.0252 0.1519 
        D821  5 0.0275 0.0135 0.0101 0.0182 0.0434 0.6849 0.1872 0.0153 
        D822  5 0.2162 0.0901 0.0243 0.1013 0.1562 0.1407 0.0887 0.1825 
        D826  5 0.0993 0.1250 0.0318 0.0862 0.0731 0.2372 0.2878 0.0598 
        D827  5 0.2667 0.1316 0.0527 0.0442 0.0924 0.0615 0.0342 0.3167 
        D851  5 0.3778 0.0549 0.0789 0.1061 0.0656 0.1496 0.1082 0.0589 
        D852  5 0.0700 0.0720 0.0323 0.1288 0.2717 0.1156 0.2836 0.0260 
        D853  5 0.1188 0.0441 0.0529 0.1074 0.0584 0.1989 0.3394 0.0800 
        D854  5 0.2588 0.1208 0.0403 0.1388 0.1313 0.0226 0.1847 0.1027 
        D861  5 0.2932 0.1242 0.0528 0.1436 0.0578 0.1209 0.1518 0.0557 
        D862  5 0.1688 0.0362 0.0417 0.0496 0.0854 0.2733 0.0457 0.2994 
        D865  5 0.0455 0.0745 0.0351 0.1215 0.0419 0.5702 0.0707 0.0407 
        D868  5 0.0352 0.0276 0.0415 0.0489 0.0290 0.0634 0.0624 0.6919 
        D869  5 0.0600 0.0434 0.7416 0.0368 0.0153 0.0289 0.0225 0.0515 
        D870  5 0.5514 0.0923 0.2249 0.0352 0.0213 0.0139 0.0212 0.0398 
        D907  5 0.0562 0.0363 0.0347 0.0857 0.0264 0.7019 0.0318 0.0270 
        D908  5 0.0485 0.1161 0.0237 0.1543 0.1522 0.1137 0.3704 0.0210 
        D910  5 0.0942 0.1464 0.0295 0.0418 0.0779 0.2499 0.2726 0.0877 
        D911  5 0.1877 0.0845 0.0203 0.0405 0.0454 0.0488 0.4690 0.1038 
        D934  5 0.1362 0.1123 0.0291 0.0490 0.2339 0.0339 0.3714 0.0342 
        D946  5 0.0896 0.0520 0.0392 0.2022 0.4443 0.0349 0.1192 0.0186 
        D947  5 0.1654 0.0416 0.0563 0.0863 0.1919 0.0339 0.3054 0.1193 
