        D174  1 0.4467 0.0359 0.0683 0.1303 0.0958 0.0226 0.0311 0.0684 0.1008 
        D199  1 0.1504 0.1879 0.1780 0.0911 0.0706 0.1058 0.0403 0.0408 0.1351 
        D203  1 0.0724 0.1977 0.2011 0.1320 0.0833 0.0768 0.0555 0.0945 0.0866 
        D204  1 0.0192 0.0342 0.7791 0.0337 0.0197 0.0147 0.0541 0.0196 0.0258 
     D237366  1 0.0471 0.0510 0.0490 0.0620 0.5629 0.0562 0.0723 0.0208 0.0787 
     D237367  1 0.0387 0.0507 0.3740 0.0962 0.1904 0.0248 0.0488 0.0537 0.1226 
     D237368  1 0.1101 0.0852 0.1177 0.0728 0.4136 0.0246 0.0435 0.0554 0.0770 
     D244101  1 0.0195 0.0944 0.1864 0.0606 0.0208 0.0907 0.4186 0.0311 0.0779 
     D244102  1 0.0512 0.0445 0.0686 0.2067 0.1076 0.0787 0.1675 0.1585 0.1166 
     D244103  1 0.0467 0.0411 0.1748 0.1182 0.3151 0.0353 0.0585 0.0502 0.1601 
     D244104  1 0.1043 0.0318 0.6570 0.0205 0.0324 0.0431 0.0242 0.0506 0.0362 
     D244105  1 0.0191 0.0187 0.0734 0.1498 0.2829 0.0411 0.0312 0.1266 0.2570 
     D244106  1 0.4951 0.0913 0.0554 0.1433 0.0259 0.0484 0.0264 0.0265 0.0877 
     D244107  1 0.0129 0.0890 0.0721 0.0731 0.3096 0.0259 0.0676 0.2139 0.1358 
     D244108  1 0.3096 0.0395 0.0586 0.0598 0.0294 0.0274 0.0450 0.3665 0.0643 
     D244113  1 0.4303 0.0375 0.0180 0.1380 0.0277 0.0254 0.2293 0.0468 0.0471 
     D244114  1 0.0644 0.0552 0.0677 0.1555 0.0889 0.1462 0.0525 0.0486 0.3210 
     D244115  1 0.2406 0.0241 0.1385 0.1261 0.0523 0.0428 0.0302 0.1852 0.1601 
     D267365  1 0.2167 0.0351 0.2639 0.0547 0.0756 0.1895 0.0415 0.0446 0.0783 
        D404  1 0.2922 0.0557 0.0246 0.2422 0.0198 0.0192 0.2433 0.0489 0.0541 
        D405  1 0.0739 0.0869 0.0822 0.3105 0.0424 0.0501 0.1410 0.1051 0.1080 
        D406  1 0.0477 0.0199 0.0527 0.0278 0.7072 0.0240 0.0329 0.0611 0.0266 
        D407  1 0.0275 0.0646 0.6515 0.0318 0.1343 0.0181 0.0165 0.0135 0.0423 
        D408  1 0.5177 0.0152 0.0513 0.0590 0.0214 0.1630 0.0393 0.0666 0.0666 
        D409  1 0.0329 0.0496 0.0676 0.1269 0.2716 0.0525 0.0364 0.0663 0.2961 
        D410  1 0.0273 0.0117 0.0537 0.0261 0.0250 0.0144 0.0233 0.7919 0.0267 
        D421  1 0.0229 0.0160 0.8936 0.0109 0.0108 0.0130 0.0099 0.0092 0.0137 
        D422  1 0.0127 0.0246 0.0540 0.0315 0.7804 0.0239 0.0124 0.0249 0.0355 
        D423  1 0.0146 0.0592 0.0701 0.0339 0.0550 0.0132 0.0183 0.6753 0.0604 
        D424  1 0.0402 0.0169 0.5121 0.0993 0.0727 0.0160 0.0231 0.0212 0.1984 
        D425  1 0.0958 0.0277 0.3847 0.1097 0.0277 0.0416 0.0428 0.1078 0.1622 
        D426  1 0.0295 0.0269 0.0520 0.1369 0.2338 0.1351 0.0214 0.0155 0.3488 
        D427  1 0.1764 0.3903 0.3122 0.0186 0.0250 0.0241 0.0134 0.0172 0.0228 
        D428  1 0.1910 0.0422 0.2897 0.1126 0.0708 0.0338 0.0851 0.0640 0.1109 
        D429  1 0.2000 0.0328 0.2843 0.1459 0.0661 0.0671 0.0448 0.0486 0.1104 
        D430  1 0.1060 0.0734 0.0832 0.3038 0.0663 0.1301 0.0423 0.0465 0.1484 
        D491  1 0.7098 0.0131 0.0503 0.0385 0.0198 0.0321 0.0246 0.0679 0.0439 
        D492  1 0.1356 0.0666 0.2066 0.1286 0.1309 0.0265 0.0452 0.0472 0.2128 
        D537  1 0.0243 0.0226 0.7311 0.0322 0.0502 0.0164 0.0489 0.0302 0.0441 
        D538  1 0.0826 0.0855 0.0473 0.2623 0.1114 0.0365 0.0727 0.1136 0.1882 
        D539  1 0.1078 0.0390 0.0333 0.0871 0.0619 0.4176 0.0645 0.0799 0.1088 
        D540  1 0.0438 0.0266 0.2782 0.1079 0.0658 0.0853 0.0419 0.0843 0.2661 
        D541  1 0.0143 0.0155 0.8669 0.0159 0.0177 0.0161 0.0126 0.0192 0.0219 
        D551  1 0.0430 0.0967 0.0733 0.1763 0.0850 0.1324 0.0199 0.0177 0.3557 
        D552  1 0.2052 0.0336 0.0963 0.0631 0.1243 0.0480 0.0613 0.2538 0.1145 
        D553  1 0.0175 0.0102 0.8628 0.0158 0.0183 0.0187 0.0131 0.0182 0.0254 
        D615  1 0.0670 0.0850 0.3430 0.1165 0.0473 0.0685 0.0219 0.1559 0.0948 
        D616  1 0.0605 0.1167 0.2107 0.1023 0.0930 0.0602 0.0199 0.1476 0.1891 
        D621  1 0.0828 0.0239 0.0164 0.0549 0.2349 0.0255 0.3267 0.1746 0.0602 
        D622  1 0.0344 0.0222 0.0429 0.0489 0.5458 0.0469 0.0389 0.1340 0.0860 
        D623  1 0.2185 0.2006 0.0253 0.0980 0.0217 0.0430 0.2557 0.0630 0.0743 
        D624  1 0.7409 0.0163 0.0425 0.0358 0.0416 0.0270 0.0124 0.0310 0.0525 
        D625  1 0.0667 0.0152 0.6431 0.0547 0.0543 0.0227 0.0454 0.0389 0.0590 
        D626  1 0.3425 0.0362 0.0847 0.0800 0.1040 0.0755 0.0312 0.1687 0.0772 
        D627  1 0.0299 0.0237 0.0669 0.1436 0.2273 0.1379 0.0223 0.0147 0.3336 
        D690  1 0.0553 0.0105 0.7429 0.0240 0.0350 0.0157 0.0254 0.0615 0.0297 
        D691  1 0.0331 0.0227 0.0791 0.0254 0.7195 0.0238 0.0174 0.0499 0.0291 
        D710  1 0.1401 0.0464 0.2189 0.0853 0.1040 0.0440 0.1398 0.1026 0.1189 
        D711  1 0.0342 0.0248 0.6899 0.0524 0.0593 0.0227 0.0413 0.0316 0.0437 
        D712  1 0.5475 0.0410 0.0334 0.0514 0.0804 0.0832 0.0620 0.0512 0.0498 
        D713  1 0.2032 0.0212 0.1557 0.1438 0.0602 0.0298 0.2178 0.0481 0.1202 
        D746  1 0.0240 0.0259 0.0673 0.0194 0.7650 0.0197 0.0171 0.0355 0.0262 
        D747  1 0.0166 0.0195 0.8683 0.0134 0.0164 0.0172 0.0193 0.0141 0.0152 
        D748  1 0.0414 0.0199 0.3133 0.0923 0.3083 0.0264 0.0463 0.0724 0.0797 
        D749  1 0.1055 0.0421 0.0195 0.1301 0.2594 0.0312 0.0649 0.0869 0.2605 
        D750  1 0.6067 0.0256 0.1203 0.0376 0.0415 0.0333 0.0347 0.0662 0.0340 
        D763  1 0.0207 0.1040 0.0999 0.0877 0.1090 0.2800 0.1426 0.0378 0.1184 
        D764  1 0.2428 0.0173 0.4381 0.0414 0.0669 0.0238 0.0157 0.0972 0.0568 
        D765  1 0.1135 0.0149 0.0266 0.0618 0.0713 0.0346 0.0196 0.5900 0.0677 
        D766  1 0.0411 0.0285 0.0996 0.0628 0.1230 0.0185 0.1019 0.4247 0.1000 
        D767  1 0.0315 0.0972 0.0742 0.1884 0.1403 0.0293 0.2668 0.0814 0.0910 
        D768  1 0.0137 0.0181 0.8411 0.0321 0.0229 0.0155 0.0124 0.0197 0.0245 
        D811  1 0.1376 0.0181 0.0332 0.2870 0.0225 0.0412 0.1178 0.2350 0.1078 
        D816  1 0.0296 0.0136 0.8118 0.0241 0.0242 0.0235 0.0209 0.0211 0.0313 
        D825  1 0.1218 0.0168 0.0854 0.1124 0.0314 0.0340 0.0541 0.3976 0.1464 
        D866  1 0.1976 0.1304 0.0434 0.0738 0.0335 0.3256 0.0236 0.0815 0.0906 
        D867  1 0.0267 0.0525 0.0187 0.0360 0.6708 0.0219 0.0923 0.0356 0.0455 
        D871  1 0.0544 0.0245 0.0799 0.1664 0.2128 0.0555 0.0283 0.0237 0.3543 
        D872  1 0.0486 0.0639 0.2516 0.1739 0.1101 0.0214 0.0769 0.1676 0.0859 
        D873  1 0.0148 0.0216 0.0072 0.0304 0.0258 0.0109 0.0548 0.8092 0.0254 
        D874  1 0.1015 0.0249 0.0977 0.0465 0.0196 0.0461 0.5990 0.0196 0.0450 
        D875  1 0.0181 0.0182 0.0387 0.1658 0.3002 0.0161 0.0206 0.0504 0.3717 
        D876  1 0.1107 0.0221 0.3725 0.0511 0.0950 0.0894 0.1027 0.0717 0.0849 
        D877  1 0.1462 0.0280 0.0236 0.4004 0.0119 0.0194 0.2494 0.0274 0.0937 
        D892  1 0.1676 0.0172 0.3232 0.1335 0.1576 0.0221 0.0481 0.0387 0.0919 
        D893  1 0.0213 0.0322 0.5470 0.0554 0.0973 0.0596 0.0433 0.0548 0.0891 
        D894  1 0.0756 0.0309 0.5506 0.0921 0.0584 0.0379 0.0236 0.0295 0.1013 
        D915  1 0.0490 0.0293 0.4583 0.0426 0.0981 0.0337 0.0211 0.1904 0.0775 
        D916  1 0.0163 0.0121 0.8676 0.0179 0.0250 0.0111 0.0132 0.0147 0.0221 
        D917  1 0.2836 0.0623 0.1427 0.0851 0.0472 0.0789 0.1222 0.0510 0.1271 
        D925  1 0.0832 0.0201 0.1464 0.0271 0.0419 0.0336 0.0165 0.5971 0.0342 
        D926  1 0.0687 0.0196 0.3683 0.1396 0.0610 0.0364 0.0682 0.0517 0.1864 
        D927  1 0.0551 0.2567 0.2520 0.0865 0.0535 0.1089 0.0331 0.0297 0.1244 
        D928  1 0.7890 0.0153 0.0568 0.0251 0.0144 0.0136 0.0286 0.0366 0.0203 
        D929  1 0.0477 0.0227 0.0316 0.1716 0.0935 0.0298 0.5154 0.0338 0.0540 
        D936  1 0.0289 0.0493 0.3840 0.0611 0.0320 0.1172 0.1898 0.0597 0.0780 
        D938  1 0.0272 0.0219 0.0285 0.0272 0.6915 0.0249 0.0458 0.1025 0.0306 
        D956  1 0.5619 0.0341 0.0295 0.1711 0.0235 0.0307 0.0340 0.0580 0.0572 
        D957  1 0.0474 0.0314 0.1104 0.0934 0.0918 0.0247 0.1048 0.4073 0.0887 
        D958  1 0.1467 0.0252 0.1945 0.0918 0.0845 0.0232 0.1080 0.2383 0.0879 
        D959  1 0.0168 0.0423 0.6803 0.0377 0.1345 0.0109 0.0121 0.0128 0.0525 
        D960  1 0.0639 0.0215 0.0301 0.0418 0.5939 0.0150 0.0713 0.0965 0.0659 
        D989  1 0.6125 0.0872 0.0302 0.0499 0.0368 0.0793 0.0244 0.0275 0.0522 
        D990  1 0.0516 0.0272 0.0138 0.0350 0.0384 0.0918 0.0186 0.6710 0.0525 
        D023  2 0.0140 0.0181 0.0468 0.0353 0.7941 0.0146 0.0195 0.0185 0.0391 
        D130  2 0.0138 0.0372 0.0712 0.0698 0.6969 0.0185 0.0274 0.0223 0.0428 
        D131  2 0.0397 0.0423 0.1846 0.1656 0.0474 0.1022 0.0454 0.0765 0.2963 
        D163  2 0.0423 0.0127 0.0750 0.0485 0.6285 0.0465 0.0438 0.0433 0.0594 
        D164  2 0.0113 0.5413 0.0120 0.0160 0.0270 0.0114 0.0175 0.3460 0.0175 
        D165  2 0.0195 0.0308 0.0283 0.0223 0.7980 0.0234 0.0178 0.0276 0.0323 
        D166  2 0.0162 0.0497 0.0375 0.4015 0.0823 0.0700 0.1234 0.0531 0.1663 
        D167  2 0.0307 0.8272 0.0129 0.0466 0.0118 0.0167 0.0163 0.0160 0.0217 
        D192  2 0.0165 0.8778 0.0094 0.0137 0.0110 0.0250 0.0202 0.0136 0.0129 
        D193  2 0.1446 0.0345 0.0283 0.2573 0.0321 0.0553 0.2698 0.0770 0.1010 
        D206  2 0.0283 0.2341 0.1674 0.1049 0.1445 0.0439 0.0601 0.0575 0.1593 
        D207  2 0.0212 0.5944 0.0255 0.1533 0.0224 0.0494 0.0378 0.0188 0.0771 
        D208  2 0.1835 0.0855 0.0489 0.0867 0.0443 0.2744 0.0483 0.1145 0.1140 
        D209  2 0.0237 0.3642 0.0270 0.0733 0.0451 0.0430 0.1245 0.0659 0.2333 
        D210  2 0.4730 0.1185 0.0539 0.0443 0.0301 0.1745 0.0274 0.0280 0.0502 
     D229599  2 0.0443 0.0401 0.1315 0.0761 0.0881 0.2119 0.1970 0.0871 0.1238 
     D229600  2 0.0214 0.3699 0.0293 0.0420 0.3934 0.0229 0.0289 0.0321 0.0600 
     D237227  2 0.3657 0.0510 0.0404 0.0419 0.0571 0.1134 0.0273 0.2116 0.0916 
     D237228  2 0.1039 0.0472 0.0127 0.0521 0.0176 0.0570 0.0165 0.6003 0.0927 
     D237258  2 0.0772 0.1913 0.0658 0.1001 0.1505 0.1220 0.0709 0.0789 0.1433 
     D237310  2 0.0334 0.0570 0.0123 0.1977 0.0353 0.0236 0.0534 0.5270 0.0604 
     D237311  2 0.0250 0.1673 0.0157 0.0520 0.0490 0.0245 0.0246 0.5902 0.0518 
     D237312  2 0.0391 0.0199 0.0252 0.2891 0.1246 0.0214 0.1495 0.2514 0.0798 
     D237313  2 0.0860 0.0266 0.1512 0.0956 0.0569 0.1184 0.0722 0.2031 0.1901 
     D237322  2 0.0623 0.0450 0.0290 0.1205 0.0362 0.3091 0.0971 0.1163 0.1846 
     D237323  2 0.1412 0.0329 0.0167 0.0706 0.0616 0.0514 0.0365 0.5534 0.0357 
     D237324  2 0.0156 0.1634 0.0386 0.1103 0.2287 0.0708 0.0270 0.0391 0.3065 
     D237325  2 0.0672 0.0764 0.0310 0.1103 0.1485 0.0426 0.0985 0.3335 0.0920 
     D237326  2 0.0539 0.0388 0.0683 0.0286 0.0463 0.0206 0.0342 0.6713 0.0380 
     D237327  2 0.0392 0.1543 0.0450 0.1034 0.1034 0.2365 0.0945 0.0313 0.1925 
     D237337  2 0.0244 0.0145 0.0223 0.0306 0.0268 0.0130 0.0238 0.8210 0.0236 
     D237338  2 0.1159 0.0628 0.0482 0.1005 0.1559 0.0985 0.0996 0.1606 0.1580 
     D237339  2 0.0173 0.1974 0.0341 0.0451 0.0214 0.0440 0.5751 0.0220 0.0437 
     D237340  2 0.1307 0.1825 0.0171 0.0849 0.0794 0.0518 0.0733 0.3223 0.0579 
     D237389  2 0.0211 0.0847 0.0184 0.1618 0.0370 0.0201 0.0406 0.5463 0.0699 
     D237390  2 0.0575 0.0253 0.0388 0.1621 0.0994 0.0540 0.0764 0.4007 0.0858 
     D244017  2 0.2014 0.3252 0.0239 0.1644 0.0372 0.0507 0.0533 0.0414 0.1026 
     D244112  2 0.0170 0.8272 0.0135 0.0377 0.0281 0.0151 0.0146 0.0238 0.0230 
     D244118  2 0.0223 0.6203 0.0088 0.0208 0.1961 0.0221 0.0340 0.0540 0.0217 
     D244119  2 0.5815 0.2750 0.0209 0.0226 0.0130 0.0210 0.0116 0.0310 0.0232 
     D244120  2 0.0508 0.4195 0.0121 0.2246 0.0243 0.0733 0.1045 0.0384 0.0525 
     D244122  2 0.0414 0.6812 0.0269 0.0691 0.0446 0.0242 0.0337 0.0344 0.0446 
        D291  2 0.0191 0.0642 0.0596 0.0577 0.0954 0.4835 0.0199 0.0512 0.1494 
        D292  2 0.0654 0.2220 0.1785 0.0553 0.0268 0.2121 0.0549 0.0936 0.0914 
        D293  2 0.0198 0.6840 0.0969 0.0320 0.0129 0.0308 0.0658 0.0131 0.0448 
        D322  2 0.0205 0.5751 0.0632 0.0567 0.0286 0.0246 0.1150 0.0508 0.0655 
        D323  2 0.0509 0.1284 0.0870 0.1507 0.0486 0.0884 0.1366 0.1086 0.2008 
        D324  2 0.0538 0.0398 0.1224 0.0693 0.1164 0.3121 0.0270 0.1167 0.1425 
        D325  2 0.0099 0.8026 0.0337 0.0320 0.0179 0.0308 0.0190 0.0150 0.0390 
        D326  2 0.0253 0.0127 0.8660 0.0210 0.0122 0.0186 0.0136 0.0105 0.0202 
        D340  2 0.0134 0.8600 0.0202 0.0130 0.0184 0.0224 0.0187 0.0160 0.0180 
        D341  2 0.0359 0.5876 0.0471 0.0705 0.0413 0.0664 0.0361 0.0612 0.0539 
        D342  2 0.0233 0.5322 0.0186 0.0903 0.1010 0.0334 0.0243 0.0835 0.0934 
        D343  2 0.0088 0.9059 0.0142 0.0134 0.0129 0.0104 0.0131 0.0088 0.0125 
        D344  2 0.0197 0.0447 0.0710 0.1251 0.0173 0.0327 0.5517 0.0466 0.0912 
        D345  2 0.0476 0.0446 0.0624 0.0613 0.0590 0.0519 0.1834 0.3699 0.1198 
        D346  2 0.5366 0.0688 0.0548 0.0521 0.0301 0.0699 0.0427 0.0691 0.0758 
        D351  2 0.0225 0.0617 0.2336 0.0987 0.0940 0.1489 0.0578 0.0708 0.2120 
        D352  2 0.0405 0.0442 0.0338 0.0524 0.0239 0.0441 0.6233 0.0581 0.0798 
        D353  2 0.0144 0.0233 0.0932 0.1809 0.0201 0.0272 0.0688 0.0149 0.5574 
        D354  2 0.0517 0.0146 0.0531 0.0453 0.0195 0.0251 0.6916 0.0450 0.0541 
        D362  2 0.0309 0.0259 0.7371 0.0296 0.0471 0.0158 0.0234 0.0393 0.0509 
        D363  2 0.0570 0.0191 0.7490 0.0257 0.0308 0.0205 0.0210 0.0485 0.0283 
        D364  2 0.0426 0.0245 0.1989 0.0590 0.0307 0.0217 0.4620 0.0663 0.0944 
        D365  2 0.0179 0.8705 0.0233 0.0135 0.0112 0.0135 0.0209 0.0125 0.0168 
        D369  2 0.1914 0.1329 0.1510 0.0958 0.0486 0.0913 0.0196 0.1681 0.1013 
        D374  2 0.4500 0.0180 0.0196 0.1551 0.0152 0.0192 0.2201 0.0572 0.0457 
        D375  2 0.0147 0.0160 0.0133 0.0541 0.0179 0.0130 0.8076 0.0217 0.0418 
        D376  2 0.4772 0.0353 0.0173 0.0889 0.0168 0.0271 0.1876 0.0838 0.0660 
        D377  2 0.0862 0.0688 0.0299 0.1225 0.0635 0.0720 0.0953 0.3107 0.1512 
        D378  2 0.0268 0.2655 0.1376 0.0673 0.0974 0.0650 0.1877 0.0347 0.1180 
        D379  2 0.0247 0.0153 0.7159 0.0414 0.0238 0.0331 0.0471 0.0326 0.0662 
        D384  2 0.0294 0.0129 0.8547 0.0125 0.0155 0.0200 0.0160 0.0158 0.0231 
        D385  2 0.0303 0.7156 0.0217 0.0208 0.0142 0.0263 0.1227 0.0244 0.0240 
        D386  2 0.0211 0.0581 0.1054 0.0918 0.0887 0.0296 0.4343 0.0329 0.1381 
        D391  2 0.0157 0.7774 0.0252 0.0264 0.0163 0.0227 0.0663 0.0223 0.0278 
        D392  2 0.0619 0.5826 0.0577 0.0504 0.0476 0.0275 0.0241 0.0930 0.0551 
        D393  2 0.0232 0.0973 0.2703 0.0434 0.0629 0.1948 0.1784 0.0608 0.0688 
        D394  2 0.0539 0.0856 0.0763 0.1091 0.1861 0.0422 0.1559 0.1394 0.1516 
        D395  2 0.0202 0.3272 0.0176 0.0471 0.0220 0.0448 0.4227 0.0197 0.0787 
        D401  2 0.0290 0.0192 0.0154 0.0336 0.0152 0.0162 0.0121 0.8292 0.0300 
        D402  2 0.0151 0.7855 0.0203 0.0216 0.0144 0.0569 0.0388 0.0253 0.0222 
        D403  2 0.0234 0.0319 0.1841 0.1516 0.0993 0.0240 0.1313 0.0291 0.3252 
        D415  2 0.0147 0.0251 0.4182 0.1428 0.0570 0.0150 0.0359 0.0860 0.2053 
        D435  2 0.0156 0.1848 0.5113 0.0374 0.0370 0.0632 0.0555 0.0542 0.0410 
        D436  2 0.0429 0.0311 0.1726 0.1069 0.0325 0.0266 0.4946 0.0303 0.0623 
        D438  2 0.0227 0.8749 0.0114 0.0169 0.0166 0.0152 0.0139 0.0117 0.0168 
        D439  2 0.0148 0.1018 0.0613 0.0636 0.0523 0.0406 0.4932 0.0502 0.1222 
        D449  2 0.0248 0.5049 0.1137 0.0910 0.0277 0.0213 0.0196 0.0328 0.1643 
        D450  2 0.1304 0.0272 0.1213 0.1349 0.0696 0.0865 0.2029 0.0433 0.1839 
        D456  2 0.0161 0.0149 0.8531 0.0216 0.0161 0.0234 0.0154 0.0114 0.0280 
        D462  2 0.0148 0.7950 0.0256 0.0203 0.0228 0.0173 0.0694 0.0130 0.0218 
        D463  2 0.0342 0.0097 0.8402 0.0230 0.0127 0.0170 0.0228 0.0166 0.0239 
        D464  2 0.0302 0.0591 0.0457 0.1949 0.0196 0.0272 0.2374 0.0254 0.3604 
        D465  2 0.0235 0.4857 0.2108 0.0606 0.0275 0.0280 0.0279 0.0790 0.0569 
        D473  2 0.4595 0.0464 0.0255 0.0584 0.0678 0.0421 0.1270 0.1108 0.0625 
        D474  2 0.0532 0.0469 0.5139 0.0326 0.0473 0.1787 0.0265 0.0524 0.0486 
        D476  2 0.0133 0.0681 0.0252 0.0280 0.3495 0.0547 0.4054 0.0173 0.0385 
        D477  2 0.0489 0.0266 0.1880 0.0431 0.0221 0.1412 0.2464 0.1994 0.0843 
        D478  2 0.0977 0.0687 0.0418 0.1365 0.2691 0.0541 0.1288 0.0470 0.1562 
        D480  2 0.1019 0.1091 0.2117 0.0727 0.0252 0.1393 0.2031 0.0291 0.1080 
        D481  2 0.0999 0.0658 0.2088 0.0663 0.1127 0.0507 0.1936 0.0778 0.1245 
        D482  2 0.0658 0.0342 0.0190 0.0666 0.0402 0.3063 0.2619 0.1094 0.0964 
        D483  2 0.0556 0.8132 0.0133 0.0167 0.0187 0.0235 0.0169 0.0243 0.0178 
        D484  2 0.0217 0.0449 0.0107 0.0423 0.0213 0.0236 0.7861 0.0180 0.0316 
        D510  2 0.5132 0.0251 0.0247 0.0770 0.0224 0.1747 0.0769 0.0365 0.0495 
        D511  2 0.0210 0.0908 0.1036 0.0450 0.0456 0.0698 0.5298 0.0338 0.0606 
        D512  2 0.0145 0.1694 0.0223 0.1002 0.0371 0.0298 0.0375 0.5096 0.0796 
        D513  2 0.0603 0.4950 0.1043 0.0775 0.0414 0.0693 0.0249 0.0421 0.0853 
        D635  2 0.0324 0.0394 0.2781 0.0473 0.4292 0.0249 0.0180 0.0401 0.0906 
        D636  2 0.0278 0.0190 0.0330 0.0242 0.7909 0.0143 0.0142 0.0474 0.0293 
        D637  2 0.0693 0.1862 0.0354 0.1370 0.0304 0.0729 0.2689 0.0941 0.1057 
        D658  2 0.0768 0.4732 0.0180 0.0598 0.0234 0.0261 0.2051 0.0585 0.0593 
        D659  2 0.0299 0.0227 0.6869 0.0385 0.0559 0.0500 0.0365 0.0186 0.0611 
        D677  2 0.0178 0.0646 0.3089 0.1147 0.1639 0.0806 0.0495 0.1040 0.0960 
        D678  2 0.0172 0.5782 0.0167 0.1105 0.0320 0.0290 0.0422 0.0354 0.1387 
        D679  2 0.0493 0.0622 0.4434 0.0573 0.0454 0.1076 0.0445 0.0521 0.1381 
        D719  2 0.4222 0.1843 0.1272 0.0311 0.0157 0.0595 0.0354 0.0611 0.0636 
        D720  2 0.0573 0.0264 0.7715 0.0230 0.0232 0.0256 0.0163 0.0234 0.0334 
        D721  2 0.0280 0.0741 0.0412 0.0260 0.6923 0.0349 0.0296 0.0252 0.0488 
        D722  2 0.3203 0.0514 0.0245 0.1561 0.0242 0.0426 0.1940 0.1299 0.0569 
        D734  2 0.2455 0.0707 0.0225 0.0423 0.0153 0.0476 0.5076 0.0138 0.0347 
        D735  2 0.0896 0.0840 0.2220 0.1022 0.0570 0.0960 0.0664 0.1353 0.1475 
        D736  2 0.2855 0.0516 0.0507 0.0318 0.0585 0.3518 0.0438 0.0567 0.0694 
        D737  2 0.0377 0.5192 0.0177 0.0462 0.0507 0.0844 0.1494 0.0426 0.0521 
        D807  2 0.2163 0.0684 0.1351 0.0841 0.0475 0.1226 0.0946 0.1451 0.0863 
        D808  2 0.0318 0.1273 0.0614 0.1720 0.0992 0.0968 0.0536 0.1655 0.1924 
        D817  2 0.0359 0.0220 0.3908 0.0876 0.0420 0.0537 0.1025 0.1693 0.0962 
        D818  2 0.0281 0.2417 0.0562 0.1300 0.1512 0.1177 0.0346 0.0217 0.2187 
        D819  2 0.0394 0.0337 0.1485 0.0926 0.0655 0.0575 0.0359 0.3865 0.1403 
        D820  2 0.0323 0.0459 0.6795 0.0312 0.0288 0.0239 0.0942 0.0149 0.0492 
        D895  2 0.0523 0.0303 0.4226 0.0768 0.0929 0.0435 0.0552 0.0789 0.1475 
        D896  2 0.0250 0.0155 0.0166 0.0276 0.0135 0.0137 0.0199 0.8508 0.0173 
        D897  2 0.0234 0.5420 0.0315 0.1099 0.0390 0.0567 0.0319 0.0620 0.1035 
        D898  2 0.0415 0.0312 0.0391 0.1414 0.0299 0.1573 0.0716 0.3176 0.1703 
        D918  2 0.0718 0.0810 0.0390 0.1459 0.1288 0.0821 0.1139 0.1609 0.1766 
        D919  2 0.0205 0.1209 0.1287 0.0766 0.0542 0.0928 0.3621 0.0206 0.1235 
        D920  2 0.0749 0.0291 0.0245 0.0613 0.6587 0.0244 0.0434 0.0492 0.0346 
        D923  2 0.0251 0.0351 0.6513 0.0439 0.0229 0.0363 0.0862 0.0275 0.0716 
        D930  2 0.1083 0.0456 0.2048 0.0939 0.0297 0.0781 0.1796 0.0839 0.1761 
        D931  2 0.0447 0.1530 0.2247 0.0812 0.0444 0.0696 0.2489 0.0513 0.0823 
        D968  2 0.0152 0.8058 0.0268 0.0224 0.0130 0.0532 0.0258 0.0143 0.0235 
        D969  2 0.0681 0.2093 0.1721 0.0876 0.0348 0.2269 0.0321 0.0555 0.1135 
        D977  2 0.0220 0.7595 0.0275 0.0356 0.0291 0.0311 0.0301 0.0172 0.0478 
        D978  2 0.0244 0.1004 0.0259 0.2201 0.0248 0.3883 0.0367 0.0198 0.1596 
        D211  3 0.0279 0.0218 0.0672 0.0936 0.6143 0.0432 0.0327 0.0350 0.0643 
     D229639  3 0.1005 0.0503 0.0837 0.0489 0.0258 0.5608 0.0234 0.0538 0.0529 
     D237212  3 0.0249 0.0792 0.0614 0.0863 0.0904 0.2763 0.1840 0.0811 0.1164 
     D237213  3 0.0209 0.0373 0.0427 0.1471 0.1238 0.0588 0.0934 0.3122 0.1639 
     D237214  3 0.0246 0.0138 0.0250 0.0340 0.8326 0.0095 0.0173 0.0125 0.0307 
     D237215  3 0.0728 0.5333 0.0175 0.1025 0.0155 0.1069 0.0332 0.0625 0.0558 
     D237216  3 0.0215 0.0236 0.0524 0.1416 0.0790 0.0493 0.0323 0.0594 0.5410 
     D237217  3 0.0124 0.0310 0.1202 0.1225 0.2644 0.0670 0.0176 0.1024 0.2625 
     D237218  3 0.0469 0.0484 0.0601 0.0861 0.0620 0.4730 0.0966 0.0297 0.0973 
     D237219  3 0.0623 0.0215 0.0484 0.0817 0.0768 0.1868 0.0165 0.3529 0.1530 
     D237382  3 0.0909 0.0508 0.0878 0.3391 0.0678 0.0364 0.0807 0.1189 0.1276 
     D244127  3 0.0224 0.0667 0.0213 0.0615 0.0394 0.0622 0.0277 0.6225 0.0762 
     D244129  3 0.0488 0.0832 0.1159 0.1105 0.1417 0.0891 0.0743 0.2089 0.1277 
     D244133  3 0.1505 0.1481 0.1162 0.1794 0.0872 0.0770 0.0179 0.0873 0.1365 
     D244134  3 0.1809 0.0268 0.0326 0.0319 0.0334 0.5187 0.0198 0.1223 0.0338 
     D244135  3 0.0177 0.0425 0.0383 0.0314 0.7604 0.0225 0.0187 0.0225 0.0460 
     D244136  3 0.1759 0.0891 0.2447 0.1000 0.0681 0.0790 0.0354 0.0869 0.1210 
        D416  3 0.0374 0.1491 0.1086 0.1103 0.0824 0.0967 0.0602 0.1520 0.2034 
        D417  3 0.0258 0.0158 0.6834 0.0571 0.0432 0.0271 0.0298 0.0375 0.0803 
        D419  3 0.0698 0.0686 0.1062 0.0841 0.0886 0.2021 0.0381 0.1914 0.1511 
        D565  3 0.8216 0.0136 0.0342 0.0206 0.0171 0.0370 0.0166 0.0162 0.0229 
        D566  3 0.2894 0.0506 0.0711 0.0799 0.0277 0.3195 0.0248 0.0572 0.0799 
        D567  3 0.0370 0.0501 0.4724 0.0499 0.1090 0.0285 0.0585 0.1253 0.0693 
        D568  3 0.0233 0.1157 0.1459 0.0797 0.1737 0.0767 0.1873 0.0902 0.1075 
        D569  3 0.0462 0.1454 0.0249 0.1168 0.1003 0.0430 0.3779 0.0310 0.1144 
        D573  3 0.0281 0.1981 0.1689 0.0526 0.0212 0.3562 0.0358 0.0296 0.1096 
        D574  3 0.3949 0.0555 0.0330 0.1032 0.0670 0.1099 0.0453 0.0740 0.1173 
        D575  3 0.1320 0.0537 0.1052 0.0765 0.0994 0.1056 0.0315 0.2813 0.1148 
        D576  3 0.0264 0.6311 0.0087 0.0960 0.0287 0.0837 0.0331 0.0217 0.0705 
        D577  3 0.0512 0.0176 0.4901 0.0835 0.1405 0.0499 0.0489 0.0356 0.0827 
        D578  3 0.0131 0.0263 0.0144 0.0258 0.8495 0.0141 0.0128 0.0216 0.0224 
        D579  3 0.2025 0.0777 0.1537 0.0712 0.0610 0.1753 0.1145 0.0591 0.0850 
        D660  3 0.0158 0.5755 0.0194 0.1001 0.0468 0.0330 0.0361 0.0745 0.0987 
        D661  3 0.0235 0.2272 0.0309 0.1165 0.0690 0.2799 0.0927 0.0338 0.1267 
        D663  3 0.0228 0.0884 0.0631 0.0869 0.0269 0.4688 0.0538 0.0197 0.1697 
        D664  3 0.0863 0.1507 0.0209 0.1450 0.1491 0.0510 0.0307 0.1820 0.1843 
        D665  3 0.0150 0.0438 0.0171 0.3022 0.1294 0.0463 0.0715 0.0877 0.2869 
        D666  3 0.0964 0.0218 0.0748 0.0742 0.0397 0.0785 0.0322 0.4967 0.0857 
        D009  4 0.0331 0.0237 0.1138 0.1482 0.2134 0.0679 0.1123 0.1158 0.1717 
        D057  4 0.0244 0.1901 0.0341 0.0390 0.2436 0.0753 0.3427 0.0146 0.0361 
        D109  4 0.0468 0.0167 0.0384 0.0736 0.0612 0.0362 0.0291 0.4985 0.1995 
     D237222  4 0.1252 0.0442 0.0403 0.0754 0.5279 0.0301 0.0506 0.0453 0.0610 
     D237223  4 0.1060 0.0715 0.0420 0.1674 0.1623 0.0764 0.0684 0.1551 0.1508 
     D237224  4 0.0385 0.1585 0.0951 0.0818 0.0434 0.2286 0.1819 0.0670 0.1052 
     D237225  4 0.0534 0.0320 0.1494 0.1687 0.0944 0.1069 0.0606 0.0598 0.2749 
     D237299  4 0.0388 0.0354 0.0203 0.3005 0.1213 0.1244 0.0376 0.0804 0.2412 
     D237300  4 0.0292 0.0333 0.0190 0.0407 0.0203 0.7786 0.0225 0.0239 0.0325 
     D237306  4 0.4564 0.0287 0.0737 0.1161 0.0325 0.0321 0.0775 0.1035 0.0795 
     D237307  4 0.1450 0.0399 0.4334 0.0730 0.0605 0.0777 0.0269 0.0466 0.0970 
     D237308  4 0.0735 0.4212 0.0475 0.0348 0.0428 0.0477 0.1669 0.1029 0.0627 
     D237309  4 0.0274 0.0509 0.1213 0.1373 0.1268 0.0640 0.1319 0.0712 0.2692 
     D237317  4 0.3584 0.0223 0.1945 0.0574 0.0641 0.0457 0.0473 0.0585 0.1518 
     D237318  4 0.0277 0.0660 0.0298 0.0505 0.0177 0.7091 0.0191 0.0228 0.0574 
     D237319  4 0.0401 0.0634 0.0597 0.2264 0.1894 0.0799 0.0663 0.1149 0.1598 
     D237320  4 0.0382 0.1189 0.0751 0.1005 0.2688 0.1343 0.0282 0.1165 0.1193 
     D237321  4 0.0387 0.0696 0.0547 0.0625 0.0365 0.5719 0.0249 0.0444 0.0969 
     D237397  4 0.2608 0.0897 0.0587 0.1083 0.1194 0.1497 0.0373 0.0566 0.1195 
     D237398  4 0.0134 0.0317 0.0522 0.0528 0.0517 0.6636 0.0307 0.0161 0.0878 
     D237399  4 0.1633 0.0609 0.1007 0.0879 0.1232 0.2780 0.0510 0.0607 0.0742 
     D244001  4 0.0318 0.1146 0.0301 0.0812 0.4765 0.0307 0.1165 0.0255 0.0930 
        D289  4 0.2605 0.0872 0.0668 0.0623 0.0732 0.0840 0.2595 0.0366 0.0700 
        D290  4 0.0291 0.0420 0.0544 0.4786 0.0334 0.1293 0.1111 0.0213 0.1008 
        D294  4 0.0471 0.0354 0.0775 0.1623 0.0987 0.0999 0.2529 0.0174 0.2090 
        D295  4 0.0474 0.0268 0.3249 0.1439 0.0539 0.0629 0.0861 0.1606 0.0932 
        D301  4 0.0473 0.0392 0.0221 0.0658 0.5338 0.1232 0.0358 0.0758 0.0570 
        D302  4 0.0152 0.0191 0.1192 0.0411 0.0382 0.0212 0.6793 0.0195 0.0474 
        D303  4 0.5690 0.0563 0.0248 0.0656 0.0293 0.0349 0.0788 0.0848 0.0564 
        D304  4 0.0839 0.0336 0.0707 0.2718 0.0640 0.2241 0.0868 0.0184 0.1467 
        D305  4 0.0145 0.1185 0.0259 0.1259 0.0268 0.0509 0.2875 0.0440 0.3059 
        D306  4 0.0337 0.0230 0.0256 0.5077 0.0429 0.0257 0.0965 0.0215 0.2236 
        D307  4 0.0652 0.0310 0.0166 0.0253 0.7009 0.0706 0.0323 0.0311 0.0270 
        D327  4 0.0726 0.0455 0.5352 0.0803 0.0471 0.0467 0.0413 0.0299 0.1014 
        D328  4 0.1255 0.0336 0.0249 0.0707 0.0293 0.0390 0.5245 0.1006 0.0520 
        D329  4 0.0507 0.1146 0.0571 0.1095 0.0794 0.0806 0.2392 0.0827 0.1862 
        D330  4 0.0179 0.0545 0.1952 0.1500 0.1074 0.0157 0.1002 0.1682 0.1909 
        D331  4 0.0746 0.0362 0.1441 0.1956 0.0511 0.2491 0.0555 0.0701 0.1237 
        D333  4 0.1478 0.0874 0.0611 0.1127 0.0709 0.1078 0.2247 0.0869 0.1009 
        D334  4 0.5564 0.0229 0.0768 0.0648 0.1038 0.0444 0.0491 0.0269 0.0549 
        D335  4 0.0363 0.0485 0.2702 0.0467 0.0253 0.0254 0.4718 0.0303 0.0455 
        D370  4 0.0562 0.0384 0.0329 0.1745 0.0408 0.0334 0.2088 0.3304 0.0845 
        D371  4 0.7067 0.0284 0.0993 0.0366 0.0159 0.0271 0.0250 0.0258 0.0351 
        D372  4 0.0211 0.0345 0.0113 0.0904 0.0169 0.6839 0.0169 0.0219 0.1032 
        D373  4 0.0225 0.0610 0.0285 0.0337 0.6119 0.0973 0.0520 0.0230 0.0700 
        D455  4 0.0263 0.0334 0.0308 0.0270 0.7251 0.0526 0.0482 0.0231 0.0336 
        D490  4 0.0201 0.0110 0.0217 0.0348 0.8273 0.0172 0.0216 0.0247 0.0215 
        D497  4 0.0244 0.0165 0.0140 0.0508 0.6869 0.0333 0.0630 0.0500 0.0610 
        D498  4 0.0826 0.0380 0.0627 0.2705 0.0409 0.1441 0.0690 0.1742 0.1179 
        D499  4 0.1323 0.1953 0.0210 0.1407 0.0257 0.0988 0.1243 0.0859 0.1759 
        D514  4 0.0168 0.0393 0.2565 0.1935 0.0494 0.0843 0.1396 0.0627 0.1578 
        D515  4 0.0331 0.0452 0.0527 0.2823 0.2712 0.0267 0.0724 0.1049 0.1115 
        D516  4 0.0628 0.0570 0.1882 0.1223 0.0800 0.0796 0.0287 0.2749 0.1065 
        D517  4 0.0175 0.0565 0.0600 0.0772 0.4801 0.0654 0.0293 0.0483 0.1658 
        D518  4 0.0725 0.0588 0.0339 0.0402 0.1893 0.0219 0.5274 0.0166 0.0394 
        D519  4 0.0269 0.0655 0.0549 0.1687 0.3513 0.0908 0.0220 0.1309 0.0890 
        D560  4 0.0186 0.0839 0.0867 0.1647 0.2274 0.1540 0.0570 0.0489 0.1586 
        D561  4 0.0159 0.0587 0.0658 0.1388 0.3325 0.0234 0.0576 0.0306 0.2768 
        D562  4 0.0552 0.0899 0.0482 0.1515 0.2514 0.0622 0.1604 0.0596 0.1217 
        D563  4 0.0180 0.4322 0.0289 0.0686 0.0578 0.0942 0.1299 0.0473 0.1232 
        D572  4 0.0287 0.0468 0.0542 0.0542 0.0965 0.0248 0.6175 0.0202 0.0571 
        D629  4 0.0223 0.0331 0.2181 0.0480 0.4125 0.0706 0.0694 0.0541 0.0719 
        D630  4 0.0506 0.0327 0.0958 0.1666 0.2736 0.1038 0.1376 0.0352 0.1040 
        D631  4 0.0268 0.1452 0.0263 0.0450 0.0408 0.0483 0.5995 0.0217 0.0463 
        D632  4 0.0213 0.1694 0.0429 0.0401 0.3389 0.0217 0.2040 0.1022 0.0595 
        D646  4 0.0364 0.0772 0.2578 0.1296 0.1002 0.0533 0.0431 0.1558 0.1466 
        D647  4 0.0163 0.0720 0.4029 0.1015 0.1591 0.0406 0.0791 0.0656 0.0628 
        D648  4 0.0438 0.0241 0.0145 0.2326 0.0218 0.0132 0.5940 0.0206 0.0354 
        D649  4 0.0204 0.0200 0.2457 0.0495 0.0932 0.0437 0.1716 0.2934 0.0627 
        D650  4 0.1117 0.0306 0.2228 0.1050 0.1451 0.1048 0.1128 0.0639 0.1032 
        D708  4 0.1730 0.0326 0.0478 0.1025 0.0518 0.1466 0.2636 0.0501 0.1319 
        D709  4 0.0326 0.0254 0.0272 0.3822 0.0220 0.0381 0.1652 0.1610 0.1462 
        D738  4 0.4882 0.0180 0.0703 0.0661 0.0818 0.0592 0.0395 0.1192 0.0577 
        D739  4 0.0423 0.0273 0.0285 0.2234 0.3513 0.0706 0.0878 0.0501 0.1187 
        D740  4 0.1107 0.0676 0.0245 0.1334 0.0495 0.1458 0.0656 0.2092 0.1937 
        D741  4 0.0191 0.1287 0.1558 0.1968 0.0845 0.0385 0.0346 0.1051 0.2368 
        D742  4 0.1305 0.3137 0.0318 0.0857 0.0806 0.0878 0.0771 0.0597 0.1331 
        D743  4 0.0300 0.0441 0.3848 0.0377 0.0440 0.0509 0.3374 0.0200 0.0511 
        D744  4 0.0189 0.1056 0.0430 0.0554 0.0349 0.0335 0.6196 0.0205 0.0686 
        D745  4 0.0271 0.0283 0.0353 0.1880 0.4212 0.0563 0.0260 0.1246 0.0933 
        D814  4 0.0179 0.1708 0.0400 0.1523 0.1029 0.0614 0.0637 0.0137 0.3773 
        D815  4 0.0305 0.0376 0.1318 0.1639 0.0262 0.0809 0.3567 0.0851 0.0873 
        D828  4 0.0732 0.0784 0.0139 0.3988 0.0290 0.0566 0.2263 0.0449 0.0790 
        D845  4 0.0382 0.0390 0.0197 0.0149 0.0128 0.8192 0.0193 0.0154 0.0215 
        D846  4 0.0115 0.1589 0.1439 0.0839 0.1324 0.0512 0.2812 0.0230 0.1140 
        D847  4 0.1091 0.0657 0.0712 0.1270 0.2810 0.1331 0.0507 0.0603 0.1019 
        D848  4 0.0189 0.0674 0.0168 0.0310 0.6234 0.1385 0.0377 0.0210 0.0452 
        D849  4 0.0214 0.0431 0.0518 0.2322 0.2947 0.0348 0.0553 0.1260 0.1407 
        D850  4 0.0579 0.0418 0.1630 0.0810 0.2395 0.1526 0.0397 0.0386 0.1858 
        D856  4 0.0426 0.0283 0.0392 0.2683 0.0730 0.0534 0.0595 0.1803 0.2553 
        D857  4 0.0280 0.0682 0.0092 0.1164 0.0342 0.0227 0.0584 0.6230 0.0400 
        D859  4 0.0225 0.0475 0.0682 0.0833 0.0275 0.1351 0.5043 0.0334 0.0782 
        D860  4 0.3972 0.1320 0.0725 0.0411 0.0393 0.1559 0.0756 0.0343 0.0521 
        D883  4 0.0940 0.0344 0.2172 0.0804 0.2015 0.0666 0.0929 0.1218 0.0913 
        D884  4 0.0962 0.0223 0.1010 0.2037 0.0859 0.0378 0.1000 0.2232 0.1299 
        D885  4 0.0267 0.0715 0.1297 0.1171 0.0651 0.2173 0.0512 0.0576 0.2637 
        D886  4 0.0314 0.0629 0.1418 0.2005 0.2174 0.0496 0.0931 0.1335 0.0697 
        D887  4 0.0474 0.1212 0.0788 0.1094 0.0476 0.2698 0.1158 0.0600 0.1500 
        D889  4 0.0129 0.0147 0.0276 0.1247 0.0180 0.6399 0.0806 0.0125 0.0691 
        D890  4 0.1042 0.0725 0.0362 0.1100 0.1066 0.0631 0.1477 0.2238 0.1360 
        D891  4 0.0118 0.0119 0.0127 0.0120 0.0117 0.9045 0.0101 0.0107 0.0145 
        D899  4 0.1375 0.4325 0.0327 0.0800 0.0295 0.1120 0.0747 0.0350 0.0662 
        D900  4 0.0687 0.0892 0.1085 0.1518 0.0956 0.0584 0.1665 0.0577 0.2035 
        D970  4 0.0460 0.0637 0.1163 0.0795 0.0726 0.1182 0.3164 0.0475 0.1399 
        D971  4 0.0587 0.4379 0.0797 0.0639 0.0332 0.0226 0.1458 0.0687 0.0895 
        D979  4 0.0293 0.0371 0.4336 0.0508 0.0253 0.0360 0.3298 0.0165 0.0416 
        D093  5 0.6344 0.0257 0.0437 0.0760 0.0410 0.0791 0.0265 0.0360 0.0375 
        D154  5 0.0433 0.1672 0.0337 0.2229 0.0334 0.1541 0.0443 0.0666 0.2343 
        D168  5 0.0164 0.1869 0.0885 0.1437 0.0956 0.1235 0.0398 0.0991 0.2065 
        D189  5 0.2787 0.0313 0.0438 0.2518 0.0274 0.1870 0.0595 0.0366 0.0839 
        D190  5 0.6769 0.0302 0.0387 0.0334 0.0181 0.0512 0.0636 0.0632 0.0248 
     D237220  5 0.1009 0.0257 0.0200 0.0995 0.1746 0.2787 0.0612 0.1430 0.0965 
     D237221  5 0.3245 0.0961 0.0572 0.0608 0.0331 0.2382 0.0529 0.0691 0.0680 
     D237274  5 0.0177 0.0655 0.3862 0.0822 0.0276 0.0221 0.2405 0.0636 0.0946 
     D237275  5 0.0307 0.5481 0.0162 0.1350 0.0271 0.0737 0.0383 0.0436 0.0873 
     D237276  5 0.1401 0.0437 0.1571 0.1940 0.0686 0.0470 0.0791 0.1526 0.1179 
     D237277  5 0.4724 0.0654 0.0286 0.0330 0.0170 0.2251 0.0505 0.0574 0.0506 
     D237278  5 0.2203 0.3112 0.0409 0.0676 0.0639 0.0297 0.0753 0.0862 0.1049 
     D237279  5 0.0208 0.0271 0.0414 0.1104 0.1118 0.0731 0.0695 0.2532 0.2929 
     D237280  5 0.0652 0.0189 0.0989 0.0702 0.0840 0.0381 0.0389 0.4637 0.1221 
     D237281  5 0.0270 0.2888 0.0547 0.0696 0.0190 0.3772 0.0312 0.0193 0.1132 
     D237351  5 0.0394 0.0184 0.0249 0.0350 0.0293 0.0349 0.0217 0.7692 0.0273 
     D237352  5 0.0540 0.0665 0.0923 0.0837 0.3638 0.0324 0.1882 0.0518 0.0673 
     D237353  5 0.6527 0.0177 0.0203 0.0220 0.0149 0.1190 0.0437 0.0832 0.0264 
     D237359  5 0.0617 0.0266 0.0332 0.1246 0.1539 0.3710 0.0501 0.0632 0.1156 
     D237361  5 0.7961 0.0228 0.0207 0.0241 0.0144 0.0317 0.0212 0.0398 0.0292 
     D237362  5 0.1106 0.0451 0.2205 0.1028 0.0575 0.1427 0.0593 0.1445 0.1169 
     D237363  5 0.0392 0.0890 0.0448 0.1747 0.0306 0.0464 0.0265 0.0455 0.5035 
     D237364  5 0.0140 0.1192 0.0759 0.1632 0.1193 0.1175 0.1483 0.0665 0.1761 
     D237376  5 0.0943 0.0371 0.0110 0.3978 0.0202 0.0386 0.3120 0.0335 0.0555 
     D237377  5 0.0829 0.0446 0.1515 0.0637 0.0362 0.0661 0.0313 0.3657 0.1580 
     D237378  5 0.3960 0.0730 0.0179 0.1222 0.0335 0.1489 0.0922 0.0402 0.0761 
     D237379  5 0.2205 0.0420 0.0330 0.1464 0.0667 0.0630 0.2871 0.0358 0.1055 
     D237380  5 0.0495 0.0145 0.0223 0.0936 0.0373 0.0203 0.2327 0.4521 0.0776 
     D237381  5 0.0709 0.0698 0.0390 0.0963 0.1755 0.0455 0.1459 0.2398 0.1173 
     D237391  5 0.7480 0.0131 0.0253 0.0205 0.0207 0.0990 0.0236 0.0228 0.0270 
     D237392  5 0.0280 0.2159 0.2579 0.1012 0.0489 0.0326 0.1143 0.0939 0.1073 
     D237393  5 0.2288 0.0631 0.2862 0.0629 0.0435 0.0549 0.0456 0.1590 0.0561 
     D237394  5 0.8190 0.0089 0.0163 0.0172 0.0189 0.0413 0.0240 0.0326 0.0218 
     D237395  5 0.2482 0.0631 0.0372 0.1948 0.0613 0.1730 0.0327 0.0840 0.1059 
     D237396  5 0.1570 0.0846 0.3121 0.0563 0.0969 0.0690 0.0449 0.0774 0.1019 
     D244016  5 0.1949 0.0572 0.0255 0.1131 0.0279 0.1503 0.1610 0.0777 0.1923 
     D244018  5 0.2253 0.2849 0.0897 0.0586 0.0574 0.1195 0.0281 0.0537 0.0828 
     D244019  5 0.0444 0.1044 0.1157 0.1649 0.0243 0.1578 0.0829 0.1132 0.1924 
        D279  5 0.0487 0.0470 0.0290 0.0922 0.0335 0.5503 0.0429 0.0500 0.1065 
        D280  5 0.1686 0.0501 0.0586 0.1126 0.0600 0.1743 0.0257 0.1099 0.2402 
        D281  5 0.0602 0.1230 0.0228 0.0967 0.0166 0.5371 0.0256 0.0143 0.1036 
        D283  5 0.4355 0.0331 0.1235 0.0516 0.0282 0.1333 0.0402 0.0797 0.0749 
        D284  5 0.0307 0.0401 0.0568 0.2241 0.2660 0.0929 0.0537 0.0819 0.1538 
        D285  5 0.2800 0.0189 0.0510 0.0493 0.0281 0.3952 0.0523 0.0427 0.0825 
        D286  5 0.1381 0.0336 0.1027 0.2089 0.0826 0.1114 0.1503 0.0600 0.1123 
        D287  5 0.1148 0.0285 0.0152 0.3395 0.0508 0.0490 0.2616 0.0545 0.0860 
        D288  5 0.0747 0.0343 0.1832 0.0764 0.0338 0.2706 0.0241 0.1461 0.1568 
        D308  5 0.0219 0.0179 0.0709 0.0337 0.0214 0.0245 0.0288 0.7473 0.0337 
        D309  5 0.0174 0.0292 0.0465 0.0635 0.0250 0.0160 0.7047 0.0257 0.0721 
        D310  5 0.6219 0.0124 0.0163 0.0759 0.0126 0.0568 0.0265 0.0339 0.1438 
        D311  5 0.0966 0.0347 0.1614 0.1766 0.0450 0.0849 0.1758 0.0498 0.1752 
        D312  5 0.2253 0.0475 0.0810 0.1496 0.0845 0.0745 0.1827 0.0464 0.1086 
        D313  5 0.0311 0.0120 0.0153 0.0220 0.3460 0.0114 0.0093 0.5276 0.0252 
        D314  5 0.0491 0.0711 0.0311 0.2135 0.0534 0.2175 0.0812 0.1299 0.1531 
        D315  5 0.2190 0.0661 0.1510 0.1224 0.0713 0.0498 0.0582 0.1524 0.1097 
        D317  5 0.7529 0.0133 0.0420 0.0392 0.0228 0.0524 0.0259 0.0250 0.0265 
        D318  5 0.0566 0.1111 0.0906 0.1235 0.1398 0.0502 0.1294 0.0451 0.2538 
        D319  5 0.7328 0.0225 0.0282 0.0416 0.0153 0.0357 0.0160 0.0810 0.0269 
        D320  5 0.5395 0.0171 0.0290 0.0427 0.0360 0.1055 0.0767 0.0904 0.0630 
        D321  5 0.0597 0.0102 0.0765 0.0191 0.0171 0.1171 0.0150 0.6472 0.0382 
        D336  5 0.5441 0.0200 0.0211 0.1761 0.0194 0.0241 0.1044 0.0199 0.0710 
        D337  5 0.7904 0.0206 0.0220 0.0221 0.0122 0.0699 0.0223 0.0184 0.0221 
        D338  5 0.1278 0.0672 0.1626 0.1627 0.0540 0.1781 0.0546 0.0583 0.1346 
        D339  5 0.5047 0.0328 0.0394 0.0747 0.0256 0.1193 0.0209 0.0841 0.0986 
        D347  5 0.0494 0.0630 0.1122 0.3593 0.0269 0.0538 0.1955 0.0366 0.1032 
        D348  5 0.6334 0.0259 0.0197 0.0490 0.0175 0.0418 0.1370 0.0248 0.0511 
        D349  5 0.0365 0.0147 0.0143 0.0170 0.0118 0.0219 0.0183 0.8475 0.0179 
        D350  5 0.0171 0.0402 0.0219 0.0844 0.0224 0.0256 0.7165 0.0211 0.0507 
        D355  5 0.0216 0.1300 0.1482 0.1610 0.0168 0.2021 0.0537 0.0376 0.2288 
        D356  5 0.2179 0.0329 0.1862 0.1087 0.1545 0.0907 0.0638 0.0520 0.0932 
        D357  5 0.0883 0.0383 0.0461 0.2782 0.0343 0.0779 0.1131 0.0976 0.2261 
        D358  5 0.3460 0.0463 0.0440 0.0807 0.0692 0.0687 0.1490 0.0739 0.1221 
        D359  5 0.4095 0.0157 0.1961 0.0365 0.0192 0.0756 0.0938 0.0866 0.0668 
        D360  5 0.4048 0.0201 0.0745 0.0794 0.1698 0.0837 0.0439 0.0427 0.0812 
        D361  5 0.0163 0.0177 0.0222 0.0196 0.0151 0.0157 0.0160 0.8500 0.0273 
        D366  5 0.0233 0.2961 0.5354 0.0277 0.0246 0.0180 0.0176 0.0189 0.0382 
        D367  5 0.3828 0.0185 0.0237 0.1086 0.0280 0.0875 0.1231 0.1000 0.1276 
        D368  5 0.1416 0.0210 0.0919 0.0881 0.0271 0.0695 0.0329 0.3763 0.1516 
        D380  5 0.0365 0.0639 0.0623 0.0891 0.0710 0.0734 0.3662 0.0849 0.1526 
        D381  5 0.4235 0.0321 0.0540 0.0722 0.0153 0.1500 0.0637 0.0585 0.1308 
        D400  5 0.2152 0.0648 0.0681 0.1737 0.0351 0.2175 0.0919 0.0297 0.1041 
        D411  5 0.0093 0.0273 0.0179 0.1146 0.6747 0.0246 0.0233 0.0453 0.0631 
        D412  5 0.0801 0.0871 0.0528 0.2015 0.0670 0.0617 0.0640 0.0891 0.2967 
        D413  5 0.0308 0.5581 0.0687 0.0378 0.1031 0.0443 0.0696 0.0266 0.0610 
        D414  5 0.0169 0.0863 0.0262 0.0855 0.0238 0.0860 0.5752 0.0200 0.0802 
        D420  5 0.0278 0.0182 0.0198 0.1294 0.2515 0.3930 0.0240 0.0455 0.0909 
        D431  5 0.0502 0.0423 0.0187 0.2336 0.0437 0.1515 0.1273 0.1807 0.1519 
        D432  5 0.4301 0.0814 0.0524 0.0633 0.0708 0.0981 0.0382 0.0665 0.0993 
        D433  5 0.3726 0.0322 0.0626 0.0774 0.0167 0.1626 0.0299 0.1820 0.0640 
        D434  5 0.4173 0.0197 0.0665 0.0690 0.0313 0.0807 0.0557 0.1495 0.1104 
        D440  5 0.0229 0.0333 0.0218 0.0816 0.0157 0.0202 0.7121 0.0261 0.0663 
        D447  5 0.0230 0.0825 0.2199 0.1149 0.1395 0.0279 0.1259 0.0369 0.2296 
        D448  5 0.2671 0.0329 0.0598 0.2852 0.0205 0.0742 0.1244 0.0310 0.1049 
        D459  5 0.0298 0.3845 0.0645 0.0707 0.0243 0.2371 0.0594 0.0231 0.1067 
        D460  5 0.0466 0.0153 0.0435 0.0207 0.0166 0.0178 0.0195 0.7923 0.0277 
        D461  5 0.0177 0.0308 0.0960 0.0451 0.0195 0.0203 0.6986 0.0253 0.0467 
        D468  5 0.1144 0.0569 0.1631 0.2220 0.0525 0.0275 0.0582 0.1653 0.1402 
        D469  5 0.0597 0.0291 0.4807 0.0840 0.0693 0.0499 0.0566 0.0892 0.0815 
        D470  5 0.0646 0.0323 0.0538 0.2662 0.2165 0.0431 0.1309 0.0492 0.1436 
        D471  5 0.3291 0.0343 0.0661 0.2285 0.0181 0.1125 0.1096 0.0391 0.0627 
        D472  5 0.0222 0.0672 0.7421 0.0196 0.0177 0.0582 0.0166 0.0233 0.0332 
        D479  5 0.0209 0.6276 0.0332 0.0770 0.0207 0.0221 0.1340 0.0212 0.0434 
        D485  5 0.0396 0.0326 0.0223 0.3458 0.0458 0.0300 0.3452 0.0374 0.1013 
        D486  5 0.0564 0.0462 0.1018 0.3411 0.1092 0.0261 0.0659 0.1004 0.1528 
        D487  5 0.1218 0.0898 0.0234 0.0812 0.0251 0.3875 0.1182 0.0602 0.0927 
        D555  5 0.7446 0.0655 0.0188 0.0359 0.0194 0.0303 0.0260 0.0216 0.0380 
        D556  5 0.0804 0.0276 0.0320 0.0671 0.0417 0.3932 0.1325 0.1370 0.0885 
