        D174  1 0.0459 0.1679 0.0511 0.7350 
        D199  1 0.2594 0.0957 0.3221 0.3228 
        D203  1 0.2904 0.2254 0.3577 0.1265 
        D204  1 0.0323 0.0289 0.8998 0.0390 
     D237366  1 0.1266 0.4894 0.2161 0.1680 
     D237367  1 0.0924 0.4082 0.4135 0.0860 
     D237368  1 0.0879 0.5386 0.2725 0.1009 
     D244101  1 0.1904 0.0308 0.7412 0.0375 
     D244102  1 0.1255 0.2794 0.2397 0.3554 
     D244103  1 0.0681 0.3605 0.4602 0.1112 
     D244104  1 0.0801 0.0644 0.7193 0.1363 
     D244105  1 0.0667 0.7404 0.1568 0.0361 
     D244106  1 0.2889 0.0745 0.0910 0.5456 
     D244107  1 0.0845 0.6534 0.2315 0.0307 
     D244108  1 0.0990 0.1987 0.1353 0.5671 
     D244113  1 0.0356 0.0363 0.0282 0.9000 
     D244114  1 0.3250 0.1381 0.2349 0.3020 
     D244115  1 0.0680 0.2223 0.1970 0.5126 
     D267365  1 0.0826 0.0922 0.4525 0.3727 
        D404  1 0.0524 0.0357 0.0446 0.8672 
        D405  1 0.1392 0.1210 0.1656 0.5742 
        D406  1 0.0247 0.8211 0.1017 0.0526 
        D407  1 0.0999 0.3494 0.4827 0.0680 
        D408  1 0.1291 0.0549 0.0793 0.7367 
        D409  1 0.0656 0.3207 0.5184 0.0953 
        D410  1 0.0181 0.8361 0.0948 0.0511 
        D421  1 0.0619 0.0718 0.8007 0.0656 
        D422  1 0.0369 0.8891 0.0520 0.0221 
        D423  1 0.0274 0.9054 0.0458 0.0215 
        D424  1 0.0258 0.1262 0.7763 0.0718 
        D425  1 0.0684 0.0832 0.4724 0.3760 
        D426  1 0.2163 0.3680 0.3629 0.0528 
        D427  1 0.6398 0.0429 0.1461 0.1713 
        D428  1 0.0624 0.1702 0.4228 0.3446 
        D429  1 0.0761 0.0926 0.4616 0.3697 
        D430  1 0.3233 0.1671 0.1837 0.3259 
        D491  1 0.0271 0.0327 0.0953 0.8449 
        D492  1 0.0615 0.2092 0.2952 0.4341 
        D537  1 0.0335 0.1264 0.7311 0.1090 
        D538  1 0.1381 0.3863 0.2056 0.2700 
        D539  1 0.3059 0.1906 0.0869 0.4166 
        D540  1 0.0939 0.2774 0.4140 0.2148 
        D541  1 0.0307 0.0489 0.8913 0.0292 
        D551  1 0.6807 0.1121 0.1368 0.0705 
        D552  1 0.0871 0.2931 0.3807 0.2390 
        D553  1 0.0272 0.0405 0.8960 0.0364 
        D615  1 0.1800 0.2296 0.4239 0.1665 
        D616  1 0.2368 0.3688 0.2787 0.1156 
        D621  1 0.0506 0.6583 0.0820 0.2091 
        D622  1 0.0504 0.7998 0.0865 0.0633 
        D623  1 0.2400 0.0602 0.1027 0.5971 
        D624  1 0.0415 0.0710 0.0744 0.8131 
        D625  1 0.0340 0.1453 0.6768 0.1440 
        D626  1 0.0813 0.1859 0.1178 0.6150 
        D627  1 0.1557 0.2772 0.4921 0.0750 
        D690  1 0.0216 0.0819 0.7900 0.1065 
        D691  1 0.0414 0.8067 0.1068 0.0451 
        D710  1 0.0773 0.1263 0.5559 0.2406 
        D711  1 0.0424 0.0758 0.8069 0.0749 
        D712  1 0.0587 0.0516 0.0527 0.8370 
        D713  1 0.0306 0.1152 0.1670 0.6872 
        D746  1 0.0337 0.8309 0.1015 0.0338 
        D747  1 0.0354 0.0377 0.8934 0.0335 
        D748  1 0.0438 0.4312 0.4163 0.1087 
        D749  1 0.0957 0.6512 0.0545 0.1985 
        D750  1 0.0405 0.1055 0.2133 0.6406 
        D763  1 0.3854 0.1329 0.4006 0.0812 
        D764  1 0.0332 0.2048 0.4754 0.2866 
        D765  1 0.0480 0.7205 0.0788 0.1527 
        D766  1 0.0420 0.5014 0.3122 0.1444 
        D767  1 0.1401 0.2933 0.4113 0.1553 
        D768  1 0.0290 0.0609 0.8815 0.0287 
        D811  1 0.0393 0.1027 0.0444 0.8137 
        D816  1 0.0256 0.0415 0.8501 0.0828 
        D825  1 0.0388 0.1937 0.1439 0.6236 
        D866  1 0.5054 0.0870 0.0921 0.3156 
        D867  1 0.0402 0.8648 0.0513 0.0438 
        D871  1 0.0550 0.2963 0.5554 0.0933 
        D872  1 0.0602 0.2312 0.5777 0.1309 
        D873  1 0.0202 0.9344 0.0160 0.0293 
        D874  1 0.0820 0.0400 0.5828 0.2952 
        D875  1 0.0329 0.4717 0.4325 0.0630 
        D876  1 0.0389 0.0757 0.7359 0.1495 
        D877  1 0.0386 0.0318 0.0551 0.8746 
        D892  1 0.0387 0.1979 0.4213 0.3421 
        D893  1 0.0755 0.1356 0.7412 0.0477 
        D894  1 0.0724 0.1149 0.6674 0.1453 
        D915  1 0.0474 0.2669 0.5501 0.1356 
        D916  1 0.0248 0.0445 0.8942 0.0365 
        D917  1 0.1535 0.0771 0.2905 0.4788 
        D925  1 0.0346 0.6964 0.1229 0.1461 
        D926  1 0.0537 0.1144 0.6160 0.2159 
        D927  1 0.3826 0.0732 0.4426 0.1016 
        D928  1 0.0246 0.0288 0.1164 0.8303 
        D929  1 0.0656 0.1947 0.2259 0.5138 
        D936  1 0.1379 0.0472 0.7469 0.0681 
        D938  1 0.0209 0.8817 0.0504 0.0470 
        D956  1 0.0766 0.0668 0.0475 0.8092 
        D957  1 0.0581 0.4064 0.3962 0.1393 
        D958  1 0.0418 0.2706 0.4769 0.2107 
        D959  1 0.0787 0.3770 0.4899 0.0544 
        D960  1 0.0264 0.8661 0.0420 0.0654 
        D989  1 0.1958 0.0503 0.1013 0.6526 
        D990  1 0.0767 0.8596 0.0253 0.0383 
        D023  2 0.0313 0.7094 0.2265 0.0329 
        D130  2 0.0375 0.8255 0.1034 0.0337 
        D131  2 0.1138 0.1046 0.7241 0.0575 
        D163  2 0.0305 0.8274 0.1023 0.0397 
        D164  2 0.4507 0.5005 0.0277 0.0210 
        D165  2 0.0485 0.8046 0.1222 0.0248 
        D166  2 0.2020 0.3330 0.2432 0.2218 
        D167  2 0.8818 0.0280 0.0262 0.0640 
        D192  2 0.9217 0.0214 0.0239 0.0330 
        D193  2 0.0971 0.1476 0.0543 0.7009 
        D206  2 0.3322 0.2193 0.3538 0.0947 
        D207  2 0.7578 0.0597 0.1114 0.0711 
        D208  2 0.4124 0.0714 0.0783 0.4379 
        D209  2 0.5039 0.1587 0.2461 0.0914 
        D210  2 0.4549 0.0622 0.1202 0.3627 
     D229599  2 0.2233 0.1679 0.4517 0.1571 
     D229600  2 0.3047 0.5930 0.0511 0.0512 
     D237227  2 0.1500 0.2318 0.0990 0.5192 
     D237228  2 0.1495 0.4658 0.0330 0.3516 
     D237258  2 0.2975 0.2666 0.1348 0.3010 
     D237310  2 0.1047 0.7207 0.0255 0.1491 
     D237311  2 0.2002 0.6859 0.0300 0.0839 
     D237312  2 0.0660 0.5029 0.0708 0.3603 
     D237313  2 0.0985 0.2023 0.4664 0.2328 
     D237322  2 0.4417 0.1485 0.1229 0.2869 
     D237323  2 0.0515 0.6805 0.0361 0.2320 
     D237324  2 0.3675 0.4677 0.1338 0.0309 
     D237325  2 0.0983 0.5438 0.1062 0.2517 
     D237326  2 0.0497 0.6946 0.1592 0.0965 
     D237327  2 0.6406 0.0951 0.1914 0.0729 
     D237337  2 0.0335 0.8259 0.0558 0.0847 
     D237338  2 0.2045 0.4435 0.1587 0.1933 
     D237339  2 0.2998 0.0523 0.5975 0.0505 
     D237340  2 0.2876 0.3036 0.0442 0.3646 
     D237389  2 0.0732 0.7997 0.0427 0.0843 
     D237390  2 0.0717 0.4415 0.1302 0.3566 
     D244017  2 0.3319 0.0826 0.0698 0.5157 
     D244112  2 0.8417 0.0895 0.0252 0.0435 
     D244118  2 0.5922 0.3379 0.0329 0.0369 
     D244119  2 0.4289 0.0368 0.0344 0.4999 
     D244120  2 0.5829 0.0887 0.0381 0.2903 
     D244122  2 0.7294 0.1016 0.0509 0.1180 
        D291  2 0.5634 0.1687 0.1600 0.1079 
        D292  2 0.5267 0.0615 0.2648 0.1470 
        D293  2 0.5657 0.0235 0.3918 0.0190 
        D322  2 0.4095 0.0597 0.4941 0.0367 
        D323  2 0.2757 0.1235 0.3443 0.2565 
        D324  2 0.2855 0.2175 0.3505 0.1465 
        D325  2 0.8556 0.0379 0.0920 0.0145 
        D326  2 0.0350 0.0247 0.8924 0.0479 
        D340  2 0.9119 0.0281 0.0359 0.0241 
        D341  2 0.8687 0.0459 0.0479 0.0375 
        D342  2 0.6869 0.2020 0.0553 0.0558 
        D343  2 0.9447 0.0167 0.0263 0.0124 
        D344  2 0.0812 0.1008 0.7047 0.1133 
        D345  2 0.0660 0.1827 0.6789 0.0725 
        D346  2 0.1802 0.0598 0.1044 0.6555 
        D351  2 0.1459 0.1492 0.6619 0.0431 
        D352  2 0.2250 0.1789 0.3196 0.2766 
        D353  2 0.0732 0.0287 0.8576 0.0405 
        D354  2 0.0377 0.0915 0.5596 0.3112 
        D362  2 0.0521 0.1497 0.6775 0.1206 
        D363  2 0.0404 0.1101 0.6585 0.1910 
        D364  2 0.0417 0.0915 0.7423 0.1246 
        D365  2 0.9067 0.0198 0.0501 0.0234 
        D369  2 0.2845 0.1736 0.3389 0.2031 
        D374  2 0.0280 0.0340 0.0228 0.9152 
        D375  2 0.0536 0.2037 0.5123 0.2304 
        D376  2 0.0467 0.0434 0.0269 0.8829 
        D377  2 0.1433 0.2535 0.1151 0.4881 
        D378  2 0.2180 0.0546 0.6931 0.0343 
        D379  2 0.0385 0.0308 0.8696 0.0611 
        D384  2 0.0354 0.0253 0.8826 0.0567 
        D385  2 0.8553 0.0378 0.0434 0.0635 
        D386  2 0.0682 0.0683 0.8131 0.0504 
        D391  2 0.8576 0.0313 0.0851 0.0260 
        D392  2 0.7220 0.1039 0.0959 0.0782 
        D393  2 0.2183 0.0567 0.6864 0.0387 
        D394  2 0.1536 0.3768 0.3411 0.1286 
        D395  2 0.6807 0.0662 0.1926 0.0605 
        D401  2 0.0418 0.8399 0.0267 0.0917 
        D402  2 0.9069 0.0264 0.0387 0.0281 
        D403  2 0.0540 0.2061 0.6582 0.0817 
        D415  2 0.0317 0.1255 0.8149 0.0278 
        D435  2 0.2282 0.0811 0.6653 0.0254 
        D436  2 0.0947 0.1030 0.5368 0.2655 
        D438  2 0.9117 0.0269 0.0255 0.0359 
        D439  2 0.1583 0.1282 0.6724 0.0411 
        D449  2 0.6998 0.0862 0.1746 0.0394 
        D450  2 0.0578 0.1365 0.2984 0.5073 
        D456  2 0.0249 0.0319 0.9059 0.0372 
        D462  2 0.8327 0.0298 0.1170 0.0205 
        D463  2 0.0213 0.0216 0.9254 0.0318 
        D464  2 0.1198 0.0456 0.7124 0.1222 
        D465  2 0.3325 0.2131 0.3895 0.0649 
        D473  2 0.0790 0.1172 0.0547 0.7490 
        D474  2 0.2668 0.1077 0.5338 0.0917 
        D476  2 0.1549 0.5691 0.2431 0.0329 
        D477  2 0.0832 0.0631 0.7328 0.1208 
        D478  2 0.0892 0.2436 0.2298 0.4375 
        D480  2 0.2135 0.0549 0.6556 0.0760 
        D481  2 0.1080 0.1551 0.5744 0.1625 
        D482  2 0.3601 0.1691 0.1273 0.3435 
        D483  2 0.8680 0.0459 0.0294 0.0567 
        D484  2 0.2933 0.1306 0.2019 0.3742 
        D510  2 0.0779 0.0381 0.0419 0.8421 
        D511  2 0.1340 0.0711 0.7517 0.0432 
        D512  2 0.1452 0.7545 0.0535 0.0468 
        D513  2 0.6093 0.1194 0.1658 0.1055 
        D635  2 0.0560 0.3415 0.5661 0.0364 
        D636  2 0.0273 0.8843 0.0536 0.0348 
        D637  2 0.4856 0.1177 0.1500 0.2467 
        D658  2 0.6582 0.0978 0.0646 0.1794 
        D659  2 0.0561 0.0610 0.8291 0.0538 
        D677  2 0.2146 0.3140 0.3864 0.0850 
        D678  2 0.7699 0.0995 0.0487 0.0818 
        D679  2 0.1908 0.0537 0.6628 0.0927 
        D719  2 0.3051 0.0344 0.3342 0.3262 
        D720  2 0.0614 0.0682 0.7178 0.1526 
        D721  2 0.1298 0.5939 0.2223 0.0541 
        D722  2 0.0598 0.0619 0.0310 0.8473 
        D734  2 0.3309 0.0289 0.2340 0.4062 
        D735  2 0.1470 0.1418 0.5948 0.1165 
        D736  2 0.2973 0.1032 0.1502 0.4493 
        D737  2 0.7279 0.0854 0.0786 0.1082 
        D807  2 0.1649 0.0967 0.2673 0.4711 
        D808  2 0.2439 0.3770 0.3087 0.0704 
        D817  2 0.0561 0.0924 0.5098 0.3416 
        D818  2 0.5788 0.1439 0.2145 0.0628 
        D819  2 0.0861 0.2921 0.4532 0.1686 
        D820  2 0.0547 0.0307 0.8796 0.0350 
        D895  2 0.0726 0.1680 0.6900 0.0694 
        D896  2 0.0267 0.8788 0.0323 0.0622 
        D897  2 0.7814 0.0755 0.0748 0.0684 
        D898  2 0.1831 0.2329 0.2662 0.3178 
        D918  2 0.3182 0.4474 0.1022 0.1322 
        D919  2 0.2681 0.0537 0.6296 0.0487 
        D920  2 0.0444 0.8656 0.0398 0.0502 
        D923  2 0.0343 0.0392 0.8819 0.0446 
        D930  2 0.0939 0.1269 0.4993 0.2798 
        D931  2 0.1751 0.0748 0.6047 0.1454 
        D968  2 0.9097 0.0234 0.0466 0.0203 
        D969  2 0.3480 0.0719 0.5109 0.0692 
        D977  2 0.7959 0.0736 0.0973 0.0332 
        D978  2 0.6951 0.0485 0.1486 0.1079 
        D211  3 0.1000 0.6384 0.1744 0.0872 
     D229639  3 0.6901 0.0575 0.0756 0.1767 
     D237212  3 0.3675 0.1799 0.3355 0.1172 
     D237213  3 0.1499 0.4725 0.2841 0.0934 
     D237214  3 0.0336 0.7697 0.1128 0.0838 
     D237215  3 0.7557 0.0303 0.0250 0.1890 
     D237216  3 0.2425 0.3725 0.2859 0.0991 
     D237217  3 0.0880 0.6091 0.2696 0.0332 
     D237218  3 0.5114 0.0809 0.3574 0.0503 
     D237219  3 0.1618 0.5478 0.0664 0.2239 
     D237382  3 0.1112 0.2065 0.2969 0.3854 
     D244127  3 0.1703 0.7135 0.0569 0.0593 
     D244129  3 0.2004 0.3155 0.3792 0.1049 
     D244133  3 0.2242 0.1895 0.1012 0.4851 
     D244134  3 0.4274 0.1573 0.0963 0.3190 
     D244135  3 0.0702 0.7840 0.1072 0.0386 
     D244136  3 0.1366 0.0897 0.2013 0.5723 
        D416  3 0.3186 0.2302 0.3619 0.0894 
        D417  3 0.0385 0.0836 0.8122 0.0656 
        D419  3 0.2633 0.2508 0.3192 0.1666 
        D565  3 0.0502 0.0295 0.0863 0.8340 
        D566  3 0.4527 0.0613 0.0746 0.4115 
        D567  3 0.0464 0.1265 0.7544 0.0727 
        D568  3 0.2380 0.2181 0.5041 0.0399 
        D569  3 0.3490 0.2124 0.2842 0.1545 
        D573  3 0.7013 0.0482 0.2107 0.0399 
        D574  3 0.1103 0.1033 0.0824 0.7040 
        D575  3 0.1490 0.2838 0.1697 0.3975 
        D576  3 0.8504 0.0434 0.0168 0.0894 
        D577  3 0.0527 0.1130 0.6763 0.1579 
        D578  3 0.0289 0.9181 0.0297 0.0233 
        D579  3 0.2473 0.1117 0.4058 0.2353 
        D660  3 0.6348 0.2247 0.0692 0.0713 
        D661  3 0.7928 0.0759 0.0982 0.0331 
        D663  3 0.8176 0.0401 0.0877 0.0545 
        D664  3 0.1970 0.4070 0.0484 0.3477 
        D665  3 0.1929 0.6844 0.0729 0.0498 
        D666  3 0.0952 0.2940 0.2031 0.4077 
        D009  4 0.0747 0.4006 0.4578 0.0668 
        D057  4 0.4565 0.2596 0.2294 0.0544 
        D109  4 0.0456 0.7361 0.1037 0.1146 
     D237222  4 0.0676 0.6753 0.0749 0.1822 
     D237223  4 0.1985 0.5505 0.0849 0.1660 
     D237224  4 0.4208 0.0663 0.4249 0.0880 
     D237225  4 0.1243 0.3224 0.4468 0.1065 
     D237299  4 0.2171 0.5588 0.1462 0.0779 
     D237300  4 0.8514 0.0387 0.0306 0.0793 
     D237306  4 0.0625 0.1709 0.1183 0.6483 
     D237307  4 0.1536 0.1178 0.3185 0.4102 
     D237308  4 0.5848 0.1331 0.1320 0.1500 
     D237309  4 0.1129 0.2865 0.5243 0.0763 
     D237317  4 0.0515 0.1049 0.2638 0.5798 
     D237318  4 0.8986 0.0258 0.0279 0.0478 
     D237319  4 0.1599 0.4481 0.2462 0.1458 
     D237320  4 0.3207 0.4260 0.1720 0.0813 
     D237321  4 0.7226 0.0759 0.0873 0.1143 
     D237397  4 0.3631 0.2440 0.1019 0.2909 
     D237398  4 0.7011 0.1011 0.1648 0.0330 
     D237399  4 0.2525 0.1570 0.2914 0.2991 
     D244001  4 0.1478 0.6420 0.1186 0.0916 
        D289  4 0.2585 0.0972 0.3629 0.2814 
        D290  4 0.2188 0.1520 0.2996 0.3296 
        D294  4 0.1807 0.1044 0.4817 0.2332 
        D295  4 0.0862 0.1655 0.5720 0.1763 
        D301  4 0.1314 0.7412 0.0405 0.0869 
        D302  4 0.0453 0.0618 0.8156 0.0773 
        D303  4 0.1098 0.0667 0.0772 0.7463 
        D304  4 0.2311 0.0701 0.2287 0.4700 
        D305  4 0.3797 0.2061 0.3780 0.0362 
        D306  4 0.0792 0.1305 0.2556 0.5346 
        D307  4 0.0710 0.7937 0.0347 0.1005 
        D327  4 0.0919 0.0625 0.7032 0.1424 
        D328  4 0.0709 0.0987 0.1033 0.7271 
        D329  4 0.3697 0.1406 0.3591 0.1306 
        D330  4 0.0632 0.3425 0.5361 0.0581 
        D331  4 0.2462 0.1901 0.2520 0.3116 
        D333  4 0.2559 0.2034 0.2020 0.3387 
        D334  4 0.0560 0.0900 0.1792 0.6748 
        D335  4 0.0952 0.0557 0.7440 0.1051 
        D370  4 0.0745 0.2112 0.1022 0.6121 
        D371  4 0.0571 0.0312 0.1266 0.7851 
        D372  4 0.8405 0.0429 0.0265 0.0900 
        D373  4 0.1591 0.7341 0.0673 0.0395 
        D455  4 0.0744 0.7863 0.0853 0.0540 
        D490  4 0.0227 0.8996 0.0375 0.0402 
        D497  4 0.0574 0.8534 0.0459 0.0432 
        D498  4 0.2146 0.2410 0.1252 0.4192 
        D499  4 0.5400 0.0984 0.1336 0.2280 
        D514  4 0.0802 0.1042 0.7268 0.0888 
        D515  4 0.0798 0.6552 0.1466 0.1183 
        D516  4 0.1558 0.3685 0.2573 0.2184 
        D517  4 0.1127 0.7554 0.0985 0.0333 
        D518  4 0.1409 0.2917 0.3099 0.2575 
        D519  4 0.1872 0.6266 0.1382 0.0479 
        D560  4 0.2913 0.4067 0.2647 0.0373 
        D561  4 0.0550 0.3855 0.5338 0.0256 
        D562  4 0.1990 0.2882 0.2511 0.2617 
        D563  4 0.6534 0.1384 0.1658 0.0424 
        D572  4 0.0903 0.1220 0.6159 0.1717 
        D629  4 0.0727 0.2832 0.5034 0.1407 
        D630  4 0.1517 0.2670 0.3353 0.2460 
        D631  4 0.4814 0.1100 0.2996 0.1090 
        D632  4 0.1628 0.6367 0.1436 0.0568 
        D646  4 0.1282 0.3720 0.4394 0.0603 
        D647  4 0.0876 0.1870 0.6880 0.0374 
        D648  4 0.0509 0.0720 0.0627 0.8144 
        D649  4 0.0399 0.2089 0.6936 0.0576 
        D650  4 0.1309 0.2158 0.3564 0.2969 
        D708  4 0.0999 0.1030 0.1944 0.6027 
        D709  4 0.1095 0.1668 0.2225 0.5011 
        D738  4 0.0541 0.2684 0.1634 0.5141 
        D739  4 0.1610 0.4844 0.1615 0.1932 
        D740  4 0.3939 0.3092 0.1106 0.1863 
        D741  4 0.2819 0.3779 0.2966 0.0436 
        D742  4 0.6167 0.1267 0.1125 0.1442 
        D743  4 0.0875 0.0381 0.8036 0.0708 
        D744  4 0.1951 0.0916 0.6573 0.0560 
        D745  4 0.0845 0.7749 0.0907 0.0499 
        D814  4 0.6903 0.1257 0.1245 0.0594 
        D815  4 0.0938 0.0939 0.6670 0.1453 
        D828  4 0.2012 0.0745 0.0466 0.6776 
        D845  4 0.8808 0.0278 0.0394 0.0520 
        D846  4 0.2800 0.1292 0.5564 0.0344 
        D847  4 0.2048 0.2586 0.3501 0.1865 
        D848  4 0.2597 0.6657 0.0422 0.0324 
        D849  4 0.0972 0.7077 0.1352 0.0599 
        D850  4 0.1765 0.2538 0.3732 0.1964 
        D856  4 0.1018 0.4809 0.2837 0.1336 
        D857  4 0.0751 0.8127 0.0207 0.0914 
        D859  4 0.2498 0.0757 0.4903 0.1842 
        D860  4 0.2950 0.0419 0.2395 0.4236 
        D883  4 0.0639 0.2564 0.3474 0.3323 
        D884  4 0.0580 0.4384 0.1587 0.3450 
        D885  4 0.4501 0.1948 0.2924 0.0627 
        D886  4 0.1114 0.4120 0.3773 0.0993 
        D887  4 0.4526 0.1454 0.2437 0.1582 
        D889  4 0.5110 0.0633 0.2161 0.2096 
        D890  4 0.0960 0.1412 0.1407 0.6222 
        D891  4 0.9342 0.0216 0.0249 0.0193 
        D899  4 0.6516 0.0415 0.0934 0.2135 
        D900  4 0.1547 0.1764 0.4587 0.2101 
        D970  4 0.1771 0.0869 0.6109 0.1251 
        D971  4 0.5572 0.1269 0.2067 0.1091 
        D979  4 0.0697 0.0326 0.7922 0.1055 
        D093  5 0.1141 0.0699 0.0957 0.7203 
        D154  5 0.6352 0.0827 0.0852 0.1969 
        D168  5 0.4440 0.3003 0.1784 0.0773 
        D189  5 0.3107 0.0671 0.0780 0.5442 
        D190  5 0.0853 0.0361 0.0721 0.8065 
     D237220  5 0.1888 0.4571 0.2015 0.1526 
     D237221  5 0.3112 0.0778 0.1802 0.4309 
     D237274  5 0.0428 0.0511 0.8598 0.0464 
     D237275  5 0.8431 0.0606 0.0293 0.0670 
     D237276  5 0.1042 0.2368 0.2076 0.4514 
     D237277  5 0.2773 0.0397 0.0913 0.5917 
     D237278  5 0.4810 0.1800 0.0766 0.2625 
     D237279  5 0.0452 0.8001 0.1121 0.0426 
     D237280  5 0.0550 0.4303 0.3778 0.1369 
     D237281  5 0.8739 0.0325 0.0630 0.0306 
     D237351  5 0.0602 0.7103 0.0536 0.1759 
     D237352  5 0.1218 0.4325 0.2906 0.1551 
     D237353  5 0.0552 0.0353 0.0430 0.8665 
     D237359  5 0.2685 0.3373 0.2653 0.1289 
     D237361  5 0.0273 0.0378 0.0313 0.9037 
     D237362  5 0.1339 0.1069 0.3152 0.4440 
     D237363  5 0.4345 0.2066 0.1729 0.1860 
     D237364  5 0.4145 0.2122 0.3161 0.0572 
     D237376  5 0.0672 0.0412 0.0281 0.8635 
     D237377  5 0.0840 0.3432 0.4506 0.1221 
     D237378  5 0.1634 0.0503 0.0396 0.7467 
     D237379  5 0.1103 0.0976 0.0931 0.6990 
     D237380  5 0.0270 0.6680 0.0697 0.2353 
     D237381  5 0.0919 0.5991 0.1364 0.1725 
     D237391  5 0.0977 0.0675 0.1198 0.7150 
     D237392  5 0.1346 0.1401 0.6029 0.1224 
     D237393  5 0.1038 0.1136 0.4906 0.2920 
     D237394  5 0.0305 0.0369 0.0544 0.8782 
     D237395  5 0.1716 0.1650 0.0642 0.5992 
     D237396  5 0.0893 0.1584 0.6757 0.0766 
     D244016  5 0.2401 0.1030 0.2018 0.4551 
     D244018  5 0.5292 0.1946 0.1036 0.1726 
     D244019  5 0.2711 0.0832 0.4350 0.2107 
        D279  5 0.6835 0.0904 0.1328 0.0934 
        D280  5 0.2752 0.1493 0.2020 0.3735 
        D281  5 0.8238 0.0464 0.0524 0.0774 
        D283  5 0.1141 0.0616 0.2787 0.5456 
        D284  5 0.1761 0.5559 0.1389 0.1292 
        D285  5 0.1489 0.0886 0.1809 0.5816 
        D286  5 0.1444 0.1394 0.2312 0.4850 
        D287  5 0.0561 0.0662 0.0322 0.8454 
        D288  5 0.2829 0.0621 0.2854 0.3695 
        D308  5 0.0349 0.8260 0.1017 0.0374 
        D309  5 0.0364 0.0783 0.8456 0.0397 
        D310  5 0.0335 0.0299 0.0271 0.9096 
        D311  5 0.1180 0.0868 0.2185 0.5767 
        D312  5 0.0792 0.0987 0.1632 0.6589 
        D313  5 0.0198 0.9288 0.0194 0.0320 
        D314  5 0.4566 0.2273 0.0770 0.2391 
        D315  5 0.0878 0.1228 0.2917 0.4976 
        D317  5 0.0430 0.0415 0.0461 0.8694 
        D318  5 0.2158 0.2350 0.3233 0.2259 
        D319  5 0.0876 0.0445 0.0399 0.8280 
        D320  5 0.0580 0.0578 0.0756 0.8086 
        D321  5 0.0786 0.7504 0.0854 0.0855 
        D336  5 0.0273 0.0258 0.0317 0.9152 
        D337  5 0.0652 0.0251 0.0388 0.8709 
        D338  5 0.2423 0.2481 0.3111 0.1985 
        D339  5 0.1308 0.0863 0.0621 0.7207 
        D347  5 0.1788 0.0594 0.4012 0.3605 
        D348  5 0.0460 0.0286 0.0660 0.8594 
        D349  5 0.0503 0.8046 0.0471 0.0980 
        D350  5 0.1159 0.0890 0.7357 0.0594 
        D355  5 0.6031 0.0489 0.2819 0.0660 
        D356  5 0.0570 0.1375 0.2557 0.5499 
        D357  5 0.1446 0.1545 0.1592 0.5416 
        D358  5 0.1068 0.1846 0.2051 0.5035 
        D359  5 0.0419 0.0560 0.4288 0.4733 
        D360  5 0.0567 0.1202 0.1501 0.6730 
        D361  5 0.0299 0.8917 0.0395 0.0389 
        D366  5 0.2564 0.0889 0.6055 0.0492 
        D367  5 0.0717 0.0935 0.0428 0.7919 
        D368  5 0.0799 0.3212 0.1553 0.4435 
        D380  5 0.1295 0.1985 0.5939 0.0781 
        D381  5 0.1324 0.0953 0.1477 0.6246 
        D400  5 0.2966 0.0687 0.1723 0.4624 
        D411  5 0.0412 0.8941 0.0248 0.0400 
        D412  5 0.3264 0.2226 0.2019 0.2490 
        D413  5 0.7377 0.0939 0.1200 0.0485 
        D414  5 0.5593 0.0775 0.2715 0.0917 
        D420  5 0.2471 0.4346 0.0861 0.2322 
        D431  5 0.2459 0.1822 0.0390 0.5329 
        D432  5 0.1955 0.1527 0.1040 0.5478 
        D433  5 0.1701 0.0660 0.0983 0.6655 
        D434  5 0.0839 0.1097 0.1885 0.6179 
        D440  5 0.0872 0.0869 0.7687 0.0572 
        D447  5 0.0821 0.1670 0.6952 0.0557 
        D448  5 0.0702 0.0281 0.0721 0.8296 
        D459  5 0.7700 0.0307 0.1502 0.0491 
        D460  5 0.0476 0.7367 0.1295 0.0862 
        D461  5 0.0337 0.0375 0.8757 0.0531 
        D468  5 0.0769 0.1662 0.1987 0.5583 
        D469  5 0.0760 0.1872 0.5570 0.1798 
        D470  5 0.0991 0.3445 0.1606 0.3958 
        D471  5 0.1661 0.0332 0.0826 0.7181 
        D472  5 0.2389 0.0299 0.6973 0.0338 
        D479  5 0.7972 0.0498 0.0679 0.0851 
        D485  5 0.1169 0.1231 0.1218 0.6382 
        D486  5 0.0565 0.2633 0.1719 0.5083 
        D487  5 0.5977 0.0678 0.0771 0.2574 
        D555  5 0.0931 0.0359 0.0472 0.8239 
        D556  5 0.2360 0.0922 0.0942 0.5776 
        D557  5 0.0776 0.0328 0.0769 0.8127 
        D564  5 0.0876 0.1650 0.2344 0.5130 
        D594  5 0.1494 0.1454 0.3770 0.3282 
        D595  5 0.1902 0.1088 0.2566 0.4444 
        D596  5 0.0450 0.0282 0.0399 0.8870 
        D597  5 0.3946 0.0480 0.2370 0.3204 
        D598  5 0.1227 0.1815 0.1537 0.5421 
        D617  5 0.1627 0.7441 0.0412 0.0520 
        D618  5 0.2402 0.0776 0.1557 0.5266 
        D619  5 0.0764 0.3469 0.2765 0.3002 
        D620  5 0.8806 0.0287 0.0642 0.0265 
        D628  5 0.1214 0.2393 0.2761 0.3632 
        D714  5 0.3009 0.0743 0.0495 0.5753 
        D715  5 0.1795 0.0425 0.1773 0.6007 
        D716  5 0.2731 0.0788 0.1933 0.4548 
        D717  5 0.1139 0.1434 0.5717 0.1710 
        D718  5 0.1155 0.4020 0.0357 0.4468 
        D769  5 0.1771 0.6615 0.0765 0.0849 
        D770  5 0.4504 0.0837 0.1061 0.3598 
        D771  5 0.4490 0.1726 0.1133 0.2652 
        D772  5 0.0981 0.0684 0.1442 0.6893 
        D782  5 0.2589 0.5245 0.1395 0.0772 
        D783  5 0.6460 0.0680 0.1001 0.1858 
        D784  5 0.1106 0.0888 0.7043 0.0962 
        D785  5 0.0356 0.0721 0.0721 0.8202 
        D786  5 0.0788 0.5537 0.3139 0.0536 
        D821  5 0.0407 0.0256 0.0407 0.8930 
        D822  5 0.1064 0.0820 0.5388 0.2728 
        D826  5 0.4771 0.0843 0.0950 0.3436 
        D827  5 0.1327 0.0983 0.6609 0.1081 
        D851  5 0.1906 0.2439 0.3585 0.2069 
        D852  5 0.5104 0.1342 0.1139 0.2416 
        D853  5 0.1781 0.1249 0.1616 0.5354 
        D854  5 0.3539 0.2049 0.3183 0.1229 
        D861  5 0.3519 0.2107 0.1580 0.2793 
        D862  5 0.0559 0.0765 0.2566 0.6110 
        D865  5 0.0870 0.0581 0.0420 0.8128 
        D868  5 0.0824 0.0805 0.7176 0.1195 
        D869  5 0.0415 0.8684 0.0367 0.0534 
        D870  5 0.0886 0.3964 0.4664 0.0486 
        D907  5 0.0638 0.1200 0.0567 0.7596 
        D908  5 0.6377 0.0608 0.0623 0.2393 
        D910  5 0.2925 0.0490 0.0959 0.5627 
        D911  5 0.6774 0.0419 0.2256 0.0551 
        D934  5 0.5403 0.0808 0.1548 0.2240 
        D946  5 0.4434 0.1424 0.0837 0.3305 
        D947  5 0.1993 0.1425 0.4505 0.2078 
        D948  5 0.0479 0.7286 0.0832 0.1403 
        D949  5 0.0382 0.7760 0.0762 0.1097 
        D950  5 0.7374 0.0370 0.1663 0.0592 
        D951  5 0.0477 0.1222 0.6775 0.1526 
        D952  5 0.1271 0.0589 0.6526 0.1614 
        D953  5 0.0955 0.0815 0.1648 0.6582 
        D954  5 0.0581 0.0761 0.5382 0.3276 
        D961  5 0.0904 0.1511 0.0585 0.7001 
        D962  5 0.0228 0.0382 0.0950 0.8439 
        D963  5 0.1273 0.0467 0.4476 0.3784 
        D964  5 0.2843 0.3132 0.1505 0.2519 
        D965  5 0.2162 0.1691 0.2407 0.3740 
        D966  5 0.2177 0.0628 0.2779 0.4416 
        D967  5 0.4040 0.1830 0.1114 0.3017 
        D991  5 0.0775 0.3083 0.2975 0.3167 
        D502  6 0.3562 0.4368 0.1095 0.0975 
        D503  6 0.5660 0.3095 0.0580 0.0665 
        D504  6 0.1728 0.1484 0.5481 0.1308 
        D505  6 0.2363 0.1289 0.1665 0.4683 
        D506  6 0.0262 0.0388 0.0338 0.9013 
        D507  6 0.3910 0.3087 0.1828 0.1175 
        D508  6 0.2361 0.0845 0.5368 0.1426 
        D529  6 0.1431 0.4018 0.1632 0.2920 
        D530  6 0.0670 0.1545 0.0388 0.7398 
        D531  6 0.1588 0.1233 0.4054 0.3124 
        D532  6 0.1157 0.0632 0.2499 0.5712 
        D534  6 0.0533 0.8043 0.1023 0.0400 
        D535  6 0.0549 0.1265 0.1903 0.6284 
        D536  6 0.7150 0.1888 0.0495 0.0467 
        D554  6 0.0607 0.1534 0.0605 0.7254 
        D587  6 0.0822 0.0712 0.1275 0.7191 
        D588  6 0.1152 0.1582 0.3026 0.4240 
        D589  6 0.5742 0.1490 0.0840 0.1928 
        D590  6 0.7609 0.1133 0.0615 0.0643 
        D591  6 0.4093 0.1994 0.1641 0.2272 
        D592  6 0.1015 0.7513 0.0621 0.0851 
        D593  6 0.0839 0.0979 0.0337 0.7845 
        D682  6 0.0632 0.0746 0.0502 0.8120 
        D683  6 0.0573 0.1106 0.5660 0.2662 
        D684  6 0.3955 0.4263 0.1481 0.0302 
        D685  6 0.4411 0.3176 0.0624 0.1789 
        D686  6 0.0417 0.0522 0.0535 0.8526 
        D724  6 0.1914 0.2175 0.4947 0.0964 
        D725  6 0.2804 0.1474 0.1089 0.4633 
        D726  6 0.0324 0.0384 0.0432 0.8860 
        D727  6 0.4220 0.1841 0.2321 0.1619 
        D728  6 0.0549 0.0620 0.0700 0.8131 
        D729  6 0.1053 0.6268 0.2244 0.0435 
        D730  6 0.2889 0.2860 0.3392 0.0859 
        D731  6 0.3188 0.0390 0.0285 0.6136 
        D732  6 0.1171 0.1318 0.5749 0.1762 
        D733  6 0.1560 0.2117 0.3145 0.3178 
     D237251  7 0.6524 0.0720 0.0798 0.1958 
     D237252  7 0.3414 0.4234 0.1570 0.0782 
     D237253  7 0.5408 0.0932 0.1044 0.2616 
     D237254  7 0.0459 0.8883 0.0397 0.0262 
     D237255  7 0.7851 0.0519 0.0534 0.1095 
     D237256  7 0.6307 0.0752 0.1815 0.1126 
     D237257  7 0.1491 0.6119 0.1480 0.0910 
     D237282  7 0.0695 0.1074 0.7789 0.0442 
     D237283  7 0.0622 0.8798 0.0247 0.0334 
     D237284  7 0.0384 0.8492 0.0763 0.0362 
     D237285  7 0.1968 0.1087 0.0969 0.5975 
     D237286  7 0.2047 0.1428 0.3936 0.2590 
     D237287  7 0.5434 0.1289 0.2418 0.0859 
     D244006  7 0.0342 0.8890 0.0447 0.0321 
     D244007  7 0.4560 0.1309 0.3441 0.0690 
     D244008  7 0.0467 0.8162 0.0452 0.0919 
     D244009  7 0.0633 0.5588 0.1943 0.1835 
     D244010  7 0.1997 0.5691 0.1111 0.1200 
     D244011  7 0.3366 0.1866 0.1531 0.3238 
     D244012  7 0.3983 0.2649 0.2404 0.0964 
     D244013  7 0.5025 0.0924 0.2131 0.1919 
     D244014  7 0.3878 0.3575 0.1520 0.1026 
     D244015  7 0.1235 0.5589 0.2566 0.0610 
     D244125  7 0.3901 0.0848 0.2716 0.2536 
     D244126  7 0.0301 0.9007 0.0427 0.0265 
     D244130  7 0.1659 0.5027 0.1599 0.1715 
     D244131  7 0.1175 0.2165 0.4259 0.2400 
     D244132  7 0.0572 0.0808 0.3998 0.4622 
        D520  7 0.0684 0.4098 0.1116 0.4101 
        D521  7 0.1856 0.2822 0.3250 0.2072 
        D522  7 0.0844 0.5643 0.2730 0.0784 
        D523  7 0.7691 0.0707 0.0738 0.0864 
        D524  7 0.4270 0.1562 0.1409 0.2759 
        D525  7 0.2657 0.6246 0.0623 0.0474 
        D526  7 0.0472 0.8389 0.0832 0.0306 
        D527  7 0.1960 0.1529 0.5158 0.1353 
        D528  7 0.0198 0.8672 0.0873 0.0257 
        D558  7 0.1381 0.1869 0.6110 0.0640 
        D559  7 0.1717 0.0989 0.7011 0.0283 
        D640  7 0.2527 0.0983 0.2617 0.3874 
        D641  7 0.3170 0.2150 0.0547 0.4133 
        D642  7 0.1738 0.6132 0.1092 0.1038 
        D644  7 0.1440 0.2802 0.1489 0.4269 
        D645  7 0.3788 0.2407 0.1712 0.2093 
        D662  7 0.0309 0.6281 0.1912 0.1498 
        D687  7 0.4632 0.1461 0.2820 0.1087 
        D688  7 0.1557 0.2844 0.5011 0.0587 
        D689  7 0.1966 0.1033 0.2249 0.4752 
        D700  7 0.0348 0.8257 0.1153 0.0241 
        D797  7 0.2389 0.1398 0.3136 0.3077 
        D798  7 0.0493 0.7405 0.1482 0.0620 
        D799  7 0.6141 0.2008 0.1082 0.0769 
        D800  7 0.1526 0.1175 0.6747 0.0551 
        D132  8 0.0375 0.8369 0.0675 0.0581 
        D133  8 0.8773 0.0722 0.0266 0.0240 
        D200  8 0.3233 0.1579 0.2031 0.3156 
        D500  8 0.0274 0.8909 0.0409 0.0408 
        D614  8 0.0835 0.2029 0.1699 0.5437 
        D723  8 0.1476 0.3128 0.4667 0.0729 
        D888  8 0.8345 0.0357 0.0741 0.0557 
        D901  8 0.2383 0.5597 0.0688 0.1332 
        D902  8 0.0864 0.0885 0.0631 0.7621 
        D903  8 0.0983 0.0664 0.6415 0.1938 
        D904  8 0.1147 0.1642 0.5734 0.1477 
        D905  8 0.7947 0.0299 0.0247 0.1507 
        D906  8 0.6508 0.1230 0.1727 0.0535 
        D937  8 0.0868 0.0384 0.0256 0.8492 
        D943  8 0.2251 0.4193 0.2509 0.1046 
        D972  8 0.1177 0.4603 0.3153 0.1068 
        D973  8 0.0380 0.1721 0.7104 0.0796 
        D974  8 0.1503 0.2610 0.1875 0.4012 
        D975  8 0.2202 0.1472 0.2032 0.4294 
        D976  8 0.2954 0.3037 0.1040 0.2968 
        D201  9 0.5598 0.1431 0.2125 0.0846 
        D202  9 0.5064 0.1772 0.0713 0.2451 
     D237259  9 0.1499 0.4620 0.3428 0.0453 
     D237260  9 0.6039 0.2814 0.0369 0.0779 
     D237262  9 0.0234 0.8920 0.0432 0.0413 
     D237263  9 0.2477 0.5766 0.1295 0.0462 
     D237264  9 0.2166 0.3757 0.1389 0.2688 
     D237265  9 0.7718 0.1156 0.0385 0.0741 
     D237266  9 0.5939 0.2846 0.0843 0.0371 
     D237267  9 0.1269 0.2570 0.0877 0.5284 
     D237268  9 0.0798 0.5704 0.1575 0.1923 
     D237289  9 0.4592 0.1214 0.0416 0.3778 
     D237290  9 0.8649 0.0622 0.0397 0.0332 
     D237291  9 0.7619 0.0809 0.0512 0.1061 
     D237292  9 0.5265 0.3913 0.0443 0.0379 
     D237293  9 0.1315 0.3086 0.1836 0.3763 
     D237294  9 0.2962 0.5366 0.0464 0.1207 
     D237295  9 0.0531 0.2771 0.3110 0.3588 
     D237296  9 0.2925 0.3105 0.1024 0.2946 
     D237297  9 0.1079 0.1005 0.0899 0.7017 
     D237298  9 0.2872 0.2303 0.3860 0.0964 
     D237341  9 0.5461 0.1520 0.1872 0.1147 
     D237342  9 0.1037 0.7081 0.0703 0.1179 
     D237343  9 0.3640 0.4698 0.0985 0.0678 
     D237344  9 0.1813 0.0959 0.0780 0.6448 
     D237345  9 0.0505 0.8750 0.0503 0.0242 
     D237346  9 0.5738 0.1383 0.0608 0.2271 
     D237347  9 0.2329 0.0856 0.1548 0.5267 
     D237348  9 0.2076 0.3800 0.1099 0.3025 
     D237349  9 0.3341 0.2817 0.3524 0.0318 
     D244109  9 0.5910 0.1856 0.1991 0.0242 
     D244110  9 0.7771 0.0977 0.0901 0.0351 
     D244111  9 0.3744 0.1744 0.3034 0.1479 
     D244128  9 0.0733 0.8198 0.0549 0.0520 
     D244137  9 0.0732 0.1520 0.6979 0.0769 
     D244138  9 0.4965 0.2137 0.0703 0.2195 
        D580  9 0.0420 0.5540 0.2886 0.1154 
        D581  9 0.8702 0.0558 0.0350 0.0389 
        D582  9 0.0230 0.8962 0.0347 0.0462 
        D583  9 0.8443 0.0926 0.0336 0.0295 
        D584  9 0.0793 0.3030 0.0402 0.5775 
        D585  9 0.2476 0.6108 0.0872 0.0543 
        D586  9 0.7887 0.0548 0.0584 0.0981 
        D651  9 0.2038 0.1093 0.4961 0.1907 
        D652  9 0.1316 0.5509 0.2848 0.0327 
        D653  9 0.4609 0.0933 0.3664 0.0794 
        D654  9 0.3502 0.1683 0.4310 0.0506 
        D655  9 0.3640 0.0848 0.1544 0.3969 
        D656  9 0.0499 0.8411 0.0447 0.0642 
        D657  9 0.2217 0.3959 0.2186 0.1638 
        D667  9 0.1630 0.0574 0.0492 0.7304 
        D668  9 0.2348 0.5286 0.0905 0.1461 
        D669  9 0.6497 0.1428 0.1173 0.0901 
        D670  9 0.0852 0.1529 0.6546 0.1072 
        D671  9 0.7262 0.1119 0.0889 0.0729 
        D672  9 0.1297 0.7165 0.0793 0.0745 
        D673  9 0.1701 0.2823 0.2253 0.3223 
        D692  9 0.2150 0.6498 0.0796 0.0556 
        D693  9 0.1378 0.2541 0.1571 0.4510 
        D694  9 0.0662 0.8228 0.0317 0.0792 
        D695  9 0.0929 0.4679 0.3196 0.1195 
        D696  9 0.0290 0.0238 0.0282 0.9189 
        D697  9 0.2424 0.1299 0.1331 0.4946 
        D698  9 0.4562 0.1218 0.0599 0.3621 
        D699  9 0.1073 0.1066 0.0352 0.7509 
        D787  9 0.1731 0.3537 0.4158 0.0574 
        D788  9 0.0496 0.1056 0.0734 0.7714 
        D789  9 0.2185 0.2838 0.0774 0.4203 
        D790  9 0.3324 0.3588 0.1692 0.1396 
        D791  9 0.5886 0.0804 0.0628 0.2682 
        D792  9 0.2712 0.2641 0.4054 0.0593 
        D793  9 0.1535 0.0802 0.1754 0.5908 
        D794  9 0.1545 0.0927 0.2894 0.4634 
        D795  9 0.0959 0.6899 0.0378 0.1763 
        D796  9 0.5830 0.1463 0.0641 0.2066 
        D142 10 0.1687 0.0806 0.1714 0.5793 
        D143 10 0.7519 0.0588 0.0618 0.1275 
        D144 10 0.1364 0.2922 0.1798 0.3917 
        D145 10 0.8358 0.0484 0.0755 0.0403 
        D146 10 0.0578 0.6890 0.1041 0.1491 
        D147 10 0.1904 0.3882 0.3046 0.1169 
        D148 10 0.0712 0.2460 0.5557 0.1270 
        D149 10 0.8268 0.0555 0.0668 0.0509 
        D151 10 0.1977 0.3414 0.3568 0.1041 
        D152 10 0.9180 0.0303 0.0255 0.0262 
        D153 10 0.0473 0.1349 0.4860 0.3319 
        D156 10 0.1185 0.0514 0.7581 0.0720 
        D157 10 0.0900 0.1853 0.0759 0.6489 
        D158 10 0.3645 0.1878 0.0588 0.3888 
        D159 10 0.8876 0.0305 0.0428 0.0391 
        D160 10 0.6971 0.0479 0.0232 0.2318 
        D161 10 0.1661 0.1280 0.4128 0.2931 
        D162 10 0.1715 0.0404 0.6126 0.1755 
        D169 10 0.0625 0.8342 0.0524 0.0508 
        D170 10 0.0505 0.6995 0.0999 0.1501 
        D171 10 0.0645 0.1561 0.1393 0.6402 
        D172 10 0.2325 0.1811 0.4374 0.1491 
        D173 10 0.8459 0.0501 0.0822 0.0218 
        D181 10 0.1500 0.0585 0.1765 0.6150 
        D182 10 0.5325 0.1933 0.2069 0.0672 
        D183 10 0.0436 0.0647 0.0665 0.8251 
        D184 10 0.0186 0.8869 0.0713 0.0233 
        D185 10 0.0919 0.1786 0.5669 0.1626 
        D186 10 0.1159 0.7993 0.0475 0.0373 
        D194 10 0.0940 0.5911 0.1675 0.1474 
        D195 10 0.4335 0.0769 0.2205 0.2690 
        D196 10 0.3317 0.0422 0.4846 0.1414 
        D197 10 0.1778 0.7125 0.0358 0.0739 
        D198 10 0.0452 0.3096 0.3360 0.3092 
     D237226 10 0.6394 0.2185 0.0837 0.0583 
     D237232 10 0.4071 0.1251 0.0672 0.4005 
     D237233 10 0.6150 0.1196 0.0544 0.2110 
     D237234 10 0.2103 0.1269 0.1709 0.4918 
     D237354 10 0.9161 0.0215 0.0302 0.0323 
     D237355 10 0.7661 0.0761 0.0635 0.0943 
     D237356 10 0.0395 0.1332 0.2377 0.5896 
     D237357 10 0.4703 0.3207 0.0954 0.1135 
     D237358 10 0.1664 0.4919 0.2533 0.0884 
     D237369 10 0.0807 0.7479 0.1446 0.0268 
     D237370 10 0.1145 0.0492 0.0376 0.7987 
     D237371 10 0.0759 0.1755 0.6530 0.0956 
     D237372 10 0.4730 0.3759 0.0986 0.0524 
     D237373 10 0.3276 0.0644 0.0850 0.5230 
     D237374 10 0.7246 0.0492 0.0488 0.1773 
     D237375 10 0.3758 0.2014 0.2851 0.1377 
     D237400 10 0.9123 0.0248 0.0283 0.0346 
     D244002 10 0.0859 0.4315 0.4441 0.0386 
     D244003 10 0.6161 0.0511 0.0239 0.3089 
     D244004 10 0.0372 0.0457 0.0195 0.8976 
     D244005 10 0.6120 0.2724 0.0611 0.0545 
     D244020 10 0.1139 0.1179 0.2866 0.4815 
     D244021 10 0.3784 0.4360 0.1183 0.0673 
     D244116 10 0.1078 0.5790 0.1561 0.1572 
     D244117 10 0.4971 0.0739 0.0802 0.3489 
     D244121 10 0.2165 0.1049 0.0411 0.6374 
     D244123 10 0.3014 0.1007 0.0925 0.5055 
     D244124 10 0.3255 0.4383 0.0527 0.1834 
        D332 10 0.0883 0.0694 0.7377 0.1045 
        D570 10 0.0431 0.0572 0.0983 0.8014 
        D602 10 0.0608 0.0492 0.8215 0.0685 
        D603 10 0.3197 0.2075 0.0899 0.3829 
        D604 10 0.3710 0.0908 0.4195 0.1186 
        D605 10 0.1869 0.1367 0.5874 0.0891 
        D606 10 0.0603 0.6592 0.0448 0.2358 
        D607 10 0.0393 0.0432 0.8793 0.0382 
        D608 10 0.8993 0.0232 0.0532 0.0243 
        D609 10 0.0460 0.0810 0.1999 0.6731 
        D610 10 0.1858 0.1846 0.1929 0.4366 
        D611 10 0.0213 0.0219 0.0256 0.9312 
        D613 10 0.1240 0.0762 0.4949 0.3049 
        D633 10 0.1027 0.1109 0.7479 0.0385 
        D634 10 0.1013 0.1369 0.1416 0.6202 
        D638 10 0.8711 0.0313 0.0397 0.0579 
        D681 10 0.1177 0.2259 0.1010 0.5555 
        D754 10 0.1202 0.4748 0.0406 0.3644 
        D755 10 0.6426 0.0435 0.0225 0.2913 
        D756 10 0.1375 0.1432 0.0706 0.6488 
        D757 10 0.4580 0.2469 0.1975 0.0977 
        D758 10 0.1953 0.2451 0.2884 0.2712 
        D759 10 0.5533 0.0884 0.0622 0.2961 
        D760 10 0.3675 0.1095 0.1705 0.3524 
        D761 10 0.8995 0.0270 0.0230 0.0505 
        D762 10 0.0691 0.0985 0.7615 0.0709 
        D775 10 0.3097 0.0860 0.0281 0.5763 
        D776 10 0.8417 0.0532 0.0265 0.0787 
        D777 10 0.3381 0.1854 0.0689 0.4076 
        D778 10 0.7377 0.1893 0.0335 0.0395 
        D779 10 0.1559 0.2795 0.0681 0.4966 
        D780 10 0.5254 0.0707 0.2458 0.1580 
        D781 10 0.1410 0.0886 0.6618 0.1086 
        D858 10 0.0549 0.8924 0.0322 0.0205 
        D933 10 0.2918 0.1012 0.2855 0.3215 
        D038 11 0.5447 0.1785 0.1618 0.1150 
        D063 11 0.4190 0.1024 0.1109 0.3677 
        D155 11 0.3822 0.1134 0.1213 0.3831 
        D175 11 0.0781 0.2571 0.0640 0.6007 
        D176 11 0.7096 0.0550 0.0405 0.1949 
        D205 11 0.0286 0.1574 0.0414 0.7726 
     D237229 11 0.3410 0.2452 0.3673 0.0465 
     D237230 11 0.1493 0.2445 0.5651 0.0410 
     D237231 11 0.0692 0.0453 0.8239 0.0616 
     D237269 11 0.3720 0.1407 0.3810 0.1064 
     D237270 11 0.0863 0.7698 0.1074 0.0365 
     D237271 11 0.0749 0.1144 0.2213 0.5893 
     D237272 11 0.1579 0.3258 0.4536 0.0626 
     D237273 11 0.1705 0.0654 0.0839 0.6802 
     D237301 11 0.0647 0.0485 0.7234 0.1633 
     D237302 11 0.2099 0.5331 0.1667 0.0904 
     D237303 11 0.1782 0.5846 0.2040 0.0331 
     D237304 11 0.1800 0.2277 0.4300 0.1623 
     D237305 11 0.1190 0.7069 0.0534 0.1207 
     D237314 11 0.2368 0.2158 0.1734 0.3739 
     D237315 11 0.0943 0.6902 0.1246 0.0909 
     D237316 11 0.0338 0.0409 0.8087 0.1166 
     D237328 11 0.0404 0.2886 0.3201 0.3509 
     D237329 11 0.4549 0.3374 0.0876 0.1200 
     D237330 11 0.1916 0.0663 0.0616 0.6806 
     D237331 11 0.2292 0.1026 0.2571 0.4111 
     D237332 11 0.1100 0.1440 0.4059 0.3401 
     D237333 11 0.5503 0.0445 0.0741 0.3311 
     D237334 11 0.0541 0.0485 0.7821 0.1153 
     D237335 11 0.0753 0.2099 0.3776 0.3371 
     D237336 11 0.5778 0.1406 0.1209 0.1607 
     D237350 11 0.1095 0.0706 0.1467 0.6732 
     D237383 11 0.3359 0.3527 0.0864 0.2251 
     D237384 11 0.0785 0.2215 0.6184 0.0816 
     D237385 11 0.2691 0.2303 0.3117 0.1889 
     D237386 11 0.1521 0.0873 0.5768 0.1838 
     D237387 11 0.0425 0.1530 0.6731 0.1314 
     D237388 11 0.0524 0.0486 0.1532 0.7458 
        D239 11 0.2546 0.0767 0.1621 0.5066 
        D240 11 0.8085 0.1040 0.0375 0.0500 
        D241 11 0.1665 0.4949 0.2789 0.0597 
        D242 11 0.2441 0.1349 0.4985 0.1225 
        D243 11 0.2195 0.1493 0.1544 0.4767 
        D244 11 0.0513 0.1445 0.0546 0.7497 
