        D174  1 0.7755 0.0649 0.1596 
        D199  1 0.4763 0.3905 0.1332 
        D203  1 0.3947 0.3736 0.2317 
        D204  1 0.6770 0.1515 0.1715 
     D237366  1 0.2160 0.2096 0.5743 
     D237367  1 0.2130 0.1299 0.6571 
     D237368  1 0.2910 0.1574 0.5516 
     D244101  1 0.2934 0.5944 0.1122 
     D244102  1 0.4997 0.2124 0.2879 
     D244103  1 0.1615 0.0647 0.7738 
     D244104  1 0.5606 0.1949 0.2445 
     D244105  1 0.0535 0.0634 0.8831 
     D244106  1 0.5777 0.3062 0.1161 
     D244107  1 0.0454 0.0816 0.8730 
     D244108  1 0.7861 0.0823 0.1316 
     D244113  1 0.8579 0.0789 0.0632 
     D244114  1 0.2796 0.4696 0.2508 
     D244115  1 0.5362 0.0797 0.3841 
     D267365  1 0.7549 0.1476 0.0975 
        D404  1 0.8048 0.1221 0.0730 
        D405  1 0.6156 0.1960 0.1884 
        D406  1 0.1773 0.0418 0.7810 
        D407  1 0.1410 0.0829 0.7761 
        D408  1 0.6305 0.2269 0.1426 
        D409  1 0.1015 0.0789 0.8196 
        D410  1 0.1313 0.0265 0.8422 
        D421  1 0.4847 0.1698 0.3455 
        D422  1 0.0305 0.0347 0.9347 
        D423  1 0.0613 0.0359 0.9028 
        D424  1 0.2082 0.0421 0.7497 
        D425  1 0.7701 0.0973 0.1325 
        D426  1 0.0544 0.1351 0.8105 
        D427  1 0.1989 0.7286 0.0725 
        D428  1 0.6235 0.1083 0.2683 
        D429  1 0.6676 0.1187 0.2138 
        D430  1 0.2670 0.4429 0.2901 
        D491  1 0.8925 0.0454 0.0621 
        D492  1 0.5214 0.1162 0.3624 
        D537  1 0.5602 0.0616 0.3782 
        D538  1 0.4270 0.2038 0.3692 
        D539  1 0.4126 0.3926 0.1948 
        D540  1 0.3503 0.1101 0.5395 
        D541  1 0.5785 0.1005 0.3211 
        D551  1 0.0813 0.5180 0.4007 
        D552  1 0.5256 0.1243 0.3501 
        D553  1 0.3965 0.0861 0.5174 
        D615  1 0.4405 0.2358 0.3237 
        D616  1 0.3035 0.2126 0.4839 
        D621  1 0.3064 0.0915 0.6021 
        D622  1 0.1018 0.0675 0.8307 
        D623  1 0.5895 0.3525 0.0579 
        D624  1 0.8334 0.0700 0.0966 
        D625  1 0.7141 0.0564 0.2294 
        D626  1 0.5434 0.1639 0.2927 
        D627  1 0.0543 0.1260 0.8197 
        D690  1 0.7090 0.0534 0.2376 
        D691  1 0.1540 0.0664 0.7797 
        D710  1 0.5515 0.1937 0.2548 
        D711  1 0.6553 0.1027 0.2420 
        D712  1 0.7824 0.1283 0.0893 
        D713  1 0.8245 0.0575 0.1181 
        D746  1 0.0685 0.0543 0.8772 
        D747  1 0.6046 0.1682 0.2272 
        D748  1 0.3555 0.0696 0.5748 
        D749  1 0.1692 0.1758 0.6550 
        D750  1 0.7533 0.0824 0.1643 
        D763  1 0.1318 0.6158 0.2524 
        D764  1 0.7425 0.0370 0.2205 
        D765  1 0.2816 0.0700 0.6484 
        D766  1 0.3636 0.0568 0.5796 
        D767  1 0.4826 0.2344 0.2830 
        D768  1 0.2667 0.0878 0.6455 
        D811  1 0.6828 0.1127 0.2046 
        D816  1 0.7855 0.0620 0.1525 
        D825  1 0.7145 0.0505 0.2350 
        D866  1 0.2934 0.5910 0.1156 
        D867  1 0.0567 0.0595 0.8837 
        D871  1 0.1308 0.0802 0.7890 
        D872  1 0.7461 0.0832 0.1708 
        D873  1 0.0388 0.0321 0.9292 
        D874  1 0.7814 0.1645 0.0541 
        D875  1 0.0585 0.0428 0.8987 
        D876  1 0.7872 0.0789 0.1339 
        D877  1 0.9078 0.0559 0.0363 
        D892  1 0.7394 0.0446 0.2160 
        D893  1 0.3108 0.2288 0.4604 
        D894  1 0.5017 0.1404 0.3578 
        D915  1 0.5115 0.0714 0.4171 
        D916  1 0.6374 0.0603 0.3024 
        D917  1 0.7086 0.1921 0.0993 
        D925  1 0.3137 0.0433 0.6430 
        D926  1 0.5349 0.0860 0.3790 
        D927  1 0.2214 0.6463 0.1322 
        D928  1 0.9248 0.0362 0.0390 
        D929  1 0.6099 0.1491 0.2410 
        D936  1 0.4218 0.4408 0.1374 
        D938  1 0.0807 0.0357 0.8836 
        D956  1 0.7240 0.1329 0.1432 
        D957  1 0.5939 0.0931 0.3130 
        D958  1 0.7799 0.0438 0.1763 
        D959  1 0.1153 0.0551 0.8296 
        D960  1 0.1400 0.0442 0.8157 
        D989  1 0.4571 0.4704 0.0725 
        D990  1 0.0618 0.1436 0.7946 
        D023  2 0.0884 0.0461 0.8655 
        D130  2 0.0971 0.0597 0.8432 
        D131  2 0.1757 0.1927 0.6317 
        D163  2 0.0657 0.0477 0.8866 
        D164  2 0.0365 0.4910 0.4725 
        D165  2 0.0505 0.0883 0.8612 
        D166  2 0.2571 0.3192 0.4236 
        D167  2 0.0575 0.9067 0.0358 
        D192  2 0.0292 0.9408 0.0300 
        D193  2 0.6452 0.1554 0.1994 
        D206  2 0.1756 0.2489 0.5755 
        D207  2 0.1137 0.7641 0.1222 
        D208  2 0.3246 0.5787 0.0967 
        D209  2 0.0911 0.6345 0.2744 
        D210  2 0.4202 0.4888 0.0911 
     D229599  2 0.3680 0.3781 0.2539 
     D229600  2 0.0677 0.3996 0.5327 
     D237227  2 0.3981 0.3249 0.2770 
     D237228  2 0.2796 0.2208 0.4996 
     D237258  2 0.2793 0.4173 0.3034 
     D237310  2 0.1312 0.1857 0.6832 
     D237311  2 0.0797 0.3169 0.6034 
     D237312  2 0.3413 0.1130 0.5457 
     D237313  2 0.5929 0.1221 0.2851 
     D237322  2 0.1919 0.6572 0.1510 
     D237323  2 0.2753 0.1777 0.5470 
     D237324  2 0.0524 0.3458 0.6019 
     D237325  2 0.3606 0.1698 0.4695 
     D237326  2 0.4359 0.0790 0.4851 
     D237327  2 0.1070 0.7727 0.1202 
     D237337  2 0.2562 0.0498 0.6940 
     D237338  2 0.2463 0.2580 0.4957 
     D237339  2 0.2278 0.6591 0.1131 
     D237340  2 0.3030 0.4530 0.2440 
     D237389  2 0.1109 0.1151 0.7740 
     D237390  2 0.4581 0.1240 0.4180 
     D244017  2 0.3134 0.5501 0.1365 
     D244112  2 0.0415 0.8216 0.1369 
     D244118  2 0.0520 0.7133 0.2347 
     D244119  2 0.3689 0.5717 0.0595 
     D244120  2 0.1075 0.8068 0.0857 
     D244122  2 0.1347 0.7524 0.1129 
        D291  2 0.0996 0.6343 0.2661 
        D292  2 0.2667 0.6501 0.0833 
        D293  2 0.0798 0.8785 0.0417 
        D322  2 0.1431 0.7481 0.1088 
        D323  2 0.4151 0.3895 0.1954 
        D324  2 0.2740 0.3880 0.3380 
        D325  2 0.0233 0.8930 0.0837 
        D326  2 0.6679 0.1747 0.1574 
        D340  2 0.0314 0.9259 0.0427 
        D341  2 0.0628 0.8720 0.0652 
        D342  2 0.0516 0.6008 0.3475 
        D343  2 0.0178 0.9554 0.0268 
        D344  2 0.4959 0.1882 0.3158 
        D345  2 0.3484 0.1734 0.4782 
        D346  2 0.5749 0.2983 0.1268 
        D351  2 0.1948 0.4491 0.3561 
        D352  2 0.3448 0.3936 0.2616 
        D353  2 0.2731 0.2807 0.4461 
        D354  2 0.6839 0.1017 0.2144 
        D362  2 0.5852 0.1014 0.3135 
        D363  2 0.6981 0.0945 0.2074 
        D364  2 0.6071 0.1121 0.2809 
        D365  2 0.0348 0.9343 0.0309 
        D369  2 0.3375 0.4357 0.2268 
        D374  2 0.8898 0.0513 0.0589 
        D375  2 0.4594 0.1902 0.3503 
        D376  2 0.7634 0.1425 0.0940 
        D377  2 0.4023 0.2231 0.3745 
        D378  2 0.1969 0.6532 0.1498 
        D379  2 0.6514 0.0821 0.2666 
        D384  2 0.7849 0.0495 0.1656 
        D385  2 0.0460 0.9183 0.0357 
        D386  2 0.3282 0.3398 0.3320 
        D391  2 0.0417 0.9181 0.0402 
        D392  2 0.1372 0.7567 0.1061 
        D393  2 0.2150 0.5907 0.1942 
        D394  2 0.2560 0.2491 0.4949 
        D395  2 0.0676 0.8077 0.1247 
        D401  2 0.0733 0.0643 0.8624 
        D402  2 0.0398 0.9271 0.0331 
        D403  2 0.3320 0.0834 0.5846 
        D415  2 0.1416 0.0525 0.8058 
        D435  2 0.1446 0.5419 0.3135 
        D436  2 0.6973 0.1165 0.1862 
        D438  2 0.0334 0.9202 0.0464 
        D439  2 0.1652 0.4153 0.4194 
        D449  2 0.0718 0.5339 0.3943 
        D450  2 0.6932 0.0915 0.2154 
        D456  2 0.4373 0.0627 0.5000 
        D462  2 0.0381 0.9206 0.0412 
        D463  2 0.7214 0.0594 0.2192 
        D464  2 0.3768 0.4108 0.2124 
        D465  2 0.1148 0.4648 0.4204 
        D473  2 0.6797 0.1604 0.1599 
        D474  2 0.3076 0.4607 0.2318 
        D476  2 0.0657 0.3297 0.6046 
        D477  2 0.5257 0.2892 0.1851 
        D478  2 0.4600 0.1722 0.3678 
        D480  2 0.4012 0.5276 0.0712 
        D481  2 0.4425 0.2939 0.2636 
        D482  2 0.1972 0.6003 0.2025 
        D483  2 0.0611 0.8948 0.0441 
        D484  2 0.2628 0.6086 0.1286 
        D510  2 0.7689 0.1647 0.0664 
        D511  2 0.2497 0.5803 0.1700 
        D512  2 0.0517 0.1870 0.7613 
        D513  2 0.1661 0.6035 0.2304 
        D635  2 0.2125 0.0897 0.6978 
        D636  2 0.0543 0.0380 0.9078 
        D637  2 0.1986 0.6497 0.1517 
        D658  2 0.1709 0.7457 0.0834 
        D659  2 0.4315 0.1608 0.4076 
        D677  2 0.2572 0.2768 0.4660 
        D678  2 0.0656 0.7582 0.1762 
        D679  2 0.4123 0.3905 0.1972 
        D719  2 0.6310 0.3293 0.0397 
        D720  2 0.7540 0.0928 0.1532 
        D721  2 0.1015 0.1899 0.7085 
        D722  2 0.7682 0.1180 0.1138 
        D734  2 0.3660 0.5942 0.0398 
        D735  2 0.5210 0.2306 0.2484 
        D736  2 0.5208 0.3314 0.1478 
        D737  2 0.0931 0.8289 0.0779 
        D807  2 0.6400 0.2535 0.1065 
        D808  2 0.1531 0.4115 0.4355 
        D817  2 0.6731 0.1125 0.2144 
        D818  2 0.0720 0.6531 0.2748 
        D819  2 0.2582 0.1810 0.5608 
        D820  2 0.6982 0.2160 0.0858 
        D895  2 0.2653 0.0976 0.6371 
        D896  2 0.1419 0.0546 0.8035 
        D897  2 0.0701 0.7913 0.1386 
        D898  2 0.3229 0.2784 0.3987 
        D918  2 0.1944 0.3720 0.4337 
        D919  2 0.2019 0.6248 0.1733 
        D920  2 0.0922 0.0557 0.8521 
        D923  2 0.6026 0.1735 0.2239 
        D930  2 0.6889 0.1382 0.1728 
        D931  2 0.3823 0.4616 0.1562 
        D968  2 0.0323 0.9401 0.0276 
        D969  2 0.2217 0.6634 0.1149 
        D977  2 0.0466 0.7678 0.1857 
        D978  2 0.1486 0.7176 0.1337 
        D211  3 0.1387 0.1272 0.7341 
     D229639  3 0.1734 0.7467 0.0800 
     D237212  3 0.1551 0.5975 0.2474 
     D237213  3 0.2306 0.1836 0.5858 
     D237214  3 0.1052 0.0469 0.8478 
     D237215  3 0.0974 0.8597 0.0429 
     D237216  3 0.0990 0.1957 0.7053 
     D237217  3 0.0777 0.0787 0.8436 
     D237218  3 0.1668 0.6696 0.1637 
     D237219  3 0.1776 0.2739 0.5484 
     D237382  3 0.6556 0.1353 0.2092 
     D244127  3 0.0773 0.2428 0.6799 
     D244129  3 0.2787 0.3506 0.3707 
     D244133  3 0.3105 0.2619 0.4276 
     D244134  3 0.2632 0.5559 0.1809 
     D244135  3 0.0524 0.0975 0.8501 
     D244136  3 0.5992 0.1910 0.2098 
        D416  3 0.1005 0.4162 0.4833 
        D417  3 0.5273 0.0575 0.4153 
        D419  3 0.2549 0.3684 0.3767 
        D565  3 0.8974 0.0624 0.0402 
        D566  3 0.3663 0.5101 0.1236 
        D567  3 0.4552 0.1062 0.4386 
        D568  3 0.1311 0.3408 0.5280 
        D569  3 0.1767 0.5643 0.2590 
        D573  3 0.0521 0.8756 0.0724 
        D574  3 0.6072 0.1639 0.2289 
        D575  3 0.3753 0.2431 0.3816 
        D576  3 0.0518 0.9011 0.0471 
        D577  3 0.6334 0.0938 0.2728 
        D578  3 0.0304 0.0451 0.9246 
        D579  3 0.5003 0.2955 0.2042 
        D660  3 0.0494 0.6450 0.3056 
        D661  3 0.0499 0.8144 0.1356 
        D663  3 0.0877 0.8329 0.0794 
        D664  3 0.2204 0.3271 0.4524 
        D665  3 0.0725 0.2212 0.7063 
        D666  3 0.3379 0.2121 0.4500 
        D009  4 0.1921 0.0935 0.7144 
        D057  4 0.1125 0.7132 0.1743 
        D109  4 0.1640 0.0737 0.7623 
     D237222  4 0.3625 0.0969 0.5406 
     D237223  4 0.2274 0.2109 0.5616 
     D237224  4 0.1235 0.7605 0.1159 
     D237225  4 0.2204 0.1502 0.6293 
     D237299  4 0.0678 0.1452 0.7870 
     D237300  4 0.0626 0.8788 0.0586 
     D237306  4 0.7775 0.0982 0.1242 
     D237307  4 0.6240 0.1502 0.2258 
     D237308  4 0.2094 0.6715 0.1192 
     D237309  4 0.1850 0.1317 0.6833 
     D237317  4 0.8097 0.0663 0.1240 
     D237318  4 0.0442 0.9150 0.0408 
     D237319  4 0.2508 0.1944 0.5548 
     D237320  4 0.1215 0.3829 0.4957 
     D237321  4 0.1112 0.7729 0.1160 
     D237397  4 0.3470 0.3590 0.2939 
     D237398  4 0.0791 0.7563 0.1646 
     D237399  4 0.4576 0.3306 0.2117 
     D244001  4 0.1049 0.1024 0.7927 
        D289  4 0.4802 0.3807 0.1391 
        D290  4 0.4862 0.3295 0.1843 
        D294  4 0.3748 0.3685 0.2568 
        D295  4 0.5390 0.1800 0.2811 
        D301  4 0.0823 0.1910 0.7267 
        D302  4 0.6818 0.1262 0.1920 
        D303  4 0.6600 0.1990 0.1410 
        D304  4 0.6083 0.2851 0.1066 
        D305  4 0.0598 0.5169 0.4233 
        D306  4 0.6946 0.1251 0.1803 
        D307  4 0.0873 0.1433 0.7695 
        D327  4 0.6436 0.1528 0.2035 
        D328  4 0.7367 0.1344 0.1289 
        D329  4 0.1703 0.5728 0.2569 
        D330  4 0.2473 0.0985 0.6542 
        D331  4 0.4914 0.2984 0.2102 
        D333  4 0.5193 0.2714 0.2093 
        D334  4 0.8005 0.0944 0.1050 
        D335  4 0.7164 0.1957 0.0879 
        D370  4 0.6691 0.1011 0.2297 
        D371  4 0.8726 0.0665 0.0609 
        D372  4 0.0584 0.8593 0.0822 
        D373  4 0.0473 0.2090 0.7437 
        D455  4 0.0869 0.1970 0.7161 
        D490  4 0.0608 0.0378 0.9014 
        D497  4 0.0606 0.0751 0.8643 
        D498  4 0.4802 0.3038 0.2160 
        D499  4 0.1485 0.7453 0.1061 
        D514  4 0.3503 0.2155 0.4343 
        D515  4 0.1851 0.1014 0.7135 
        D516  4 0.4291 0.2205 0.3504 
        D517  4 0.0559 0.1284 0.8157 
        D518  4 0.5518 0.2006 0.2476 
        D519  4 0.0785 0.1711 0.7504 
        D560  4 0.1019 0.2550 0.6430 
        D561  4 0.0670 0.0844 0.8486 
        D562  4 0.2798 0.3939 0.3263 
        D563  4 0.0554 0.7726 0.1720 
        D572  4 0.4927 0.2600 0.2473 
        D629  4 0.2933 0.1536 0.5531 
        D630  4 0.4158 0.2777 0.3065 
        D631  4 0.1538 0.7254 0.1208 
        D632  4 0.0951 0.2430 0.6619 
        D646  4 0.1741 0.1369 0.6890 
        D647  4 0.3371 0.2604 0.4025 
        D648  4 0.6807 0.1882 0.1311 
        D649  4 0.3440 0.1170 0.5390 
        D650  4 0.5957 0.1380 0.2663 
        D708  4 0.5932 0.2086 0.1982 
        D709  4 0.7230 0.1239 0.1531 
        D738  4 0.7581 0.0708 0.1712 
        D739  4 0.2197 0.2594 0.5209 
        D740  4 0.1445 0.5130 0.3425 
        D741  4 0.0906 0.2945 0.6148 
        D742  4 0.1184 0.7642 0.1174 
        D743  4 0.4981 0.3522 0.1497 
        D744  4 0.1932 0.6112 0.1955 
        D745  4 0.0769 0.0903 0.8328 
        D814  4 0.0623 0.5824 0.3553 
        D815  4 0.6433 0.2342 0.1225 
        D828  4 0.3873 0.4980 0.1147 
        D845  4 0.0639 0.8942 0.0418 
        D846  4 0.1074 0.5494 0.3431 
        D847  4 0.2629 0.3690 0.3682 
        D848  4 0.0424 0.3643 0.5932 
        D849  4 0.1134 0.1048 0.7818 
        D850  4 0.2881 0.2434 0.4685 
        D856  4 0.2436 0.1665 0.5899 
        D857  4 0.0596 0.0993 0.8411 
        D859  4 0.3515 0.4961 0.1525 
        D860  4 0.5754 0.3651 0.0596 
        D883  4 0.5812 0.1177 0.3011 
        D884  4 0.5320 0.0975 0.3706 
        D885  4 0.0925 0.5087 0.3988 
        D886  4 0.3832 0.1884 0.4284 
        D887  4 0.1762 0.6370 0.1868 
        D889  4 0.2893 0.6383 0.0725 
        D890  4 0.5547 0.1957 0.2495 
        D891  4 0.0295 0.9338 0.0368 
        D899  4 0.2082 0.7336 0.0582 
        D900  4 0.3726 0.2703 0.3571 
        D970  4 0.3733 0.3977 0.2289 
        D971  4 0.2699 0.6209 0.1092 
        D979  4 0.7407 0.1701 0.0892 
        D093  5 0.6995 0.1813 0.1192 
        D154  5 0.1503 0.6636 0.1861 
        D168  5 0.0880 0.4282 0.4838 
        D189  5 0.4904 0.4057 0.1038 
        D190  5 0.7871 0.1465 0.0664 
     D237220  5 0.1951 0.3515 0.4533 
     D237221  5 0.4824 0.3870 0.1306 
     D237274  5 0.6490 0.1119 0.2391 
     D237275  5 0.0566 0.8724 0.0710 
     D237276  5 0.6128 0.1239 0.2633 
     D237277  5 0.4702 0.4368 0.0929 
     D237278  5 0.2077 0.6114 0.1808 
     D237279  5 0.0603 0.0602 0.8795 
     D237280  5 0.3411 0.0944 0.5644 
     D237281  5 0.0388 0.9008 0.0604 
     D237351  5 0.2145 0.1061 0.6794 
     D237352  5 0.4450 0.1359 0.4191 
     D237353  5 0.8019 0.1380 0.0601 
     D237359  5 0.1402 0.3963 0.4635 
     D237361  5 0.8610 0.0675 0.0714 
     D237362  5 0.5167 0.2203 0.2630 
     D237363  5 0.1795 0.3125 0.5079 
     D237364  5 0.1085 0.4745 0.4170 
     D237376  5 0.6480 0.2556 0.0964 
     D237377  5 0.4414 0.1007 0.4579 
     D237378  5 0.4020 0.4844 0.1136 
     D237379  5 0.4999 0.3348 0.1653 
     D237380  5 0.4655 0.0445 0.4899 
     D237381  5 0.2969 0.1350 0.5681 
     D237391  5 0.7296 0.1583 0.1122 
     D237392  5 0.4592 0.2567 0.2841 
     D237393  5 0.6889 0.1504 0.1608 
     D237394  5 0.8838 0.0511 0.0652 
     D237395  5 0.4292 0.2630 0.3078 
     D237396  5 0.4878 0.1928 0.3194 
     D244016  5 0.5076 0.3241 0.1682 
     D244018  5 0.1801 0.5851 0.2347 
     D244019  5 0.4711 0.3325 0.1965 
        D279  5 0.0990 0.6896 0.2115 
        D280  5 0.4129 0.3665 0.2206 
        D281  5 0.0882 0.8573 0.0545 
        D283  5 0.7383 0.1859 0.0758 
        D284  5 0.1476 0.1927 0.6597 
        D285  5 0.5926 0.2662 0.1412 
        D286  5 0.5932 0.2138 0.1930 
        D287  5 0.6169 0.1964 0.1867 
        D288  5 0.5191 0.3450 0.1359 
        D308  5 0.1486 0.0428 0.8086 
        D309  5 0.5201 0.1792 0.3006 
        D310  5 0.8384 0.0877 0.0739 
        D311  5 0.6730 0.1791 0.1479 
        D312  5 0.7095 0.1308 0.1598 
        D313  5 0.0425 0.0216 0.9359 
        D314  5 0.1801 0.5274 0.2926 
        D315  5 0.6456 0.1513 0.2031 
        D317  5 0.8622 0.0686 0.0692 
        D318  5 0.2298 0.3542 0.4160 
        D319  5 0.8396 0.1096 0.0508 
        D320  5 0.8125 0.1037 0.0837 
        D321  5 0.1801 0.0858 0.7342 
        D336  5 0.8970 0.0576 0.0454 
        D337  5 0.8051 0.1568 0.0381 
        D338  5 0.3971 0.2866 0.3163 
        D339  5 0.6725 0.1986 0.1288 
        D347  5 0.6402 0.2493 0.1105 
        D348  5 0.8779 0.0819 0.0402 
        D349  5 0.1295 0.0750 0.7954 
        D350  5 0.3805 0.4130 0.2064 
        D355  5 0.1503 0.7337 0.1159 
        D356  5 0.7545 0.0872 0.1583 
        D357  5 0.5145 0.2145 0.2710 
        D358  5 0.6981 0.1434 0.1584 
        D359  5 0.8915 0.0513 0.0571 
        D360  5 0.7898 0.0689 0.1413 
        D361  5 0.0924 0.0413 0.8663 
        D366  5 0.2137 0.4537 0.3326 
        D367  5 0.6835 0.1546 0.1619 
        D368  5 0.5346 0.0946 0.3708 
        D380  5 0.3257 0.2649 0.4094 
        D381  5 0.7120 0.1664 0.1216 
        D400  5 0.5126 0.4164 0.0711 
        D411  5 0.0270 0.0423 0.9307 
        D412  5 0.3773 0.3528 0.2699 
        D413  5 0.0768 0.7955 0.1277 
        D414  5 0.0893 0.7967 0.1140 
        D420  5 0.1456 0.3661 0.4884 
        D431  5 0.1850 0.5041 0.3109 
        D432  5 0.4413 0.3435 0.2152 
        D433  5 0.6240 0.2867 0.0893 
        D434  5 0.7791 0.1062 0.1147 
        D440  5 0.3974 0.3339 0.2687 
        D447  5 0.1946 0.1897 0.6157 
        D448  5 0.8206 0.1289 0.0504 
        D459  5 0.0793 0.8741 0.0466 
        D460  5 0.1619 0.0675 0.7707 
        D461  5 0.6068 0.2281 0.1651 
        D468  5 0.4906 0.1354 0.3740 
        D469  5 0.5638 0.1299 0.3063 
        D470  5 0.4127 0.1115 0.4758 
        D471  5 0.7392 0.2121 0.0487 
        D472  5 0.3101 0.5698 0.1201 
        D479  5 0.0744 0.8626 0.0630 
        D485  5 0.5459 0.2557 0.1983 
        D486  5 0.4146 0.0892 0.4961 
        D487  5 0.1385 0.7801 0.0814 
        D555  5 0.7695 0.1768 0.0537 
        D556  5 0.3930 0.4697 0.1372 
        D557  5 0.7836 0.1638 0.0526 
        D564  5 0.5420 0.2268 0.2312 
        D594  5 0.5541 0.1614 0.2845 
        D595  5 0.5700 0.2603 0.1696 
        D596  5 0.8311 0.1174 0.0515 
        D597  5 0.5533 0.3675 0.0792 
        D598  5 0.5628 0.2070 0.2303 
        D617  5 0.0446 0.1645 0.7909 
        D618  5 0.5448 0.3372 0.1180 
        D619  5 0.5863 0.0889 0.3248 
        D620  5 0.0537 0.9059 0.0404 
        D628  5 0.4663 0.2548 0.2789 
        D714  5 0.2345 0.6642 0.1012 
        D715  5 0.6328 0.3048 0.0625 
        D716  5 0.5201 0.3335 0.1464 
        D717  5 0.6676 0.1636 0.1687 
        D718  5 0.2890 0.2299 0.4811 
        D769  5 0.0886 0.1397 0.7717 
        D770  5 0.1804 0.6578 0.1618 
        D771  5 0.2122 0.5525 0.2353 
        D772  5 0.6369 0.2380 0.1251 
        D782  5 0.0766 0.2385 0.6849 
        D783  5 0.2145 0.6822 0.1033 
        D784  5 0.5513 0.2623 0.1863 
        D785  5 0.8225 0.0764 0.1012 
        D786  5 0.2821 0.1121 0.6058 
        D821  5 0.8462 0.1083 0.0455 
        D822  5 0.7523 0.1261 0.1216 
        D826  5 0.2954 0.6172 0.0873 
        D827  5 0.3758 0.2435 0.3807 
        D851  5 0.4443 0.2151 0.3406 
        D852  5 0.1449 0.7528 0.1023 
        D853  5 0.5663 0.2867 0.1470 
        D854  5 0.1778 0.4608 0.3613 
        D861  5 0.2978 0.3391 0.3631 
        D862  5 0.8463 0.0496 0.1041 
        D865  5 0.6733 0.2367 0.0900 
        D868  5 0.6136 0.1748 0.2116 
        D869  5 0.0522 0.0462 0.9015 
        D870  5 0.0518 0.0749 0.8733 
        D907  5 0.7130 0.1134 0.1735 
        D908  5 0.1257 0.8052 0.0691 
        D910  5 0.5429 0.3968 0.0602 
        D911  5 0.1165 0.8012 0.0823 
        D934  5 0.1211 0.7509 0.1280 
        D946  5 0.1541 0.6757 0.1702 
        D947  5 0.3314 0.3355 0.3331 
        D948  5 0.2506 0.0654 0.6841 
        D949  5 0.1801 0.0532 0.7667 
        D950  5 0.0826 0.8579 0.0595 
        D951  5 0.6948 0.0729 0.2323 
        D952  5 0.7620 0.1338 0.1042 
        D953  5 0.7760 0.1476 0.0764 
        D954  5 0.8236 0.0628 0.1136 
        D961  5 0.5473 0.2216 0.2311 
        D962  5 0.8567 0.0709 0.0723 
        D963  5 0.6805 0.2252 0.0943 
        D964  5 0.1682 0.4001 0.4317 
        D965  5 0.4107 0.3901 0.1992 
        D966  5 0.4432 0.4545 0.1023 
        D967  5 0.3018 0.5017 0.1965 
        D991  5 0.5713 0.1316 0.2971 
        D502  6 0.0982 0.3724 0.5294 
        D503  6 0.0605 0.5159 0.4236 
        D504  6 0.4859 0.2663 0.2477 
        D505  6 0.4098 0.3243 0.2659 
        D506  6 0.8606 0.0593 0.0801 
        D507  6 0.1307 0.5566 0.3127 
        D508  6 0.3403 0.4472 0.2125 
        D529  6 0.2880 0.2142 0.4978 
        D530  6 0.5463 0.1714 0.2823 
        D531  6 0.4078 0.3580 0.2343 
        D532  6 0.7229 0.1217 0.1554 
        D534  6 0.0868 0.1016 0.8116 
        D535  6 0.7110 0.0947 0.1943 
        D536  6 0.0434 0.6309 0.3257 
        D554  6 0.5879 0.1286 0.2834 
        D587  6 0.7945 0.1248 0.0807 
        D588  6 0.7041 0.1171 0.1788 
        D589  6 0.1516 0.6157 0.2327 
        D590  6 0.0850 0.7224 0.1926 
        D591  6 0.2256 0.4082 0.3663 
        D592  6 0.1180 0.1261 0.7559 
        D593  6 0.5711 0.2486 0.1803 
        D682  6 0.7529 0.1267 0.1204 
        D683  6 0.7284 0.0831 0.1885 
        D684  6 0.0422 0.4205 0.5373 
        D685  6 0.1235 0.4158 0.4607 
        D686  6 0.7998 0.0699 0.1303 
        D724  6 0.2145 0.3600 0.4255 
        D725  6 0.3616 0.4386 0.1998 
        D726  6 0.8468 0.0769 0.0763 
        D727  6 0.2186 0.4691 0.3122 
        D728  6 0.7386 0.0993 0.1621 
        D729  6 0.1020 0.1037 0.7943 
        D730  6 0.2039 0.3350 0.4612 
        D731  6 0.3581 0.5932 0.0487 
        D732  6 0.4699 0.2746 0.2555 
        D733  6 0.4066 0.3581 0.2353 
     D237251  7 0.1649 0.7328 0.1023 
     D237252  7 0.0995 0.3445 0.5560 
     D237253  7 0.1906 0.6617 0.1478 
     D237254  7 0.0372 0.0489 0.9140 
     D237255  7 0.0981 0.8414 0.0605 
     D237256  7 0.1114 0.7875 0.1011 
     D237257  7 0.0742 0.2148 0.7111 
     D237282  7 0.3088 0.3091 0.3820 
     D237283  7 0.0382 0.0617 0.9001 
     D237284  7 0.0612 0.0579 0.8809 
     D237285  7 0.5676 0.2419 0.1905 
     D237286  7 0.3675 0.3974 0.2351 
     D237287  7 0.1565 0.5906 0.2528 
     D244006  7 0.0495 0.0645 0.8860 
     D244007  7 0.1769 0.5350 0.2881 
     D244008  7 0.0873 0.0601 0.8525 
     D244009  7 0.3733 0.0940 0.5327 
     D244010  7 0.0997 0.2329 0.6674 
     D244011  7 0.2239 0.5856 0.1906 
     D244012  7 0.1160 0.4815 0.4025 
     D244013  7 0.2396 0.6777 0.0826 
     D244014  7 0.0873 0.5113 0.4013 
     D244015  7 0.0804 0.1264 0.7932 
     D244125  7 0.4103 0.4789 0.1108 
     D244126  7 0.0359 0.0532 0.9109 
     D244130  7 0.2557 0.2590 0.4853 
     D244131  7 0.6123 0.1978 0.1899 
     D244132  7 0.7990 0.0900 0.1109 
        D520  7 0.3033 0.0837 0.6130 
        D521  7 0.3964 0.3016 0.3020 
        D522  7 0.2701 0.1064 0.6235 
        D523  7 0.0949 0.8061 0.0990 
        D524  7 0.3092 0.5173 0.1735 
        D525  7 0.0733 0.3253 0.6015 
        D526  7 0.0498 0.0441 0.9061 
        D527  7 0.2561 0.3691 0.3749 
        D528  7 0.0302 0.0243 0.9455 
        D558  7 0.2122 0.4625 0.3253 
        D559  7 0.1373 0.5344 0.3283 
        D640  7 0.3898 0.4429 0.1673 
        D641  7 0.1903 0.5554 0.2543 
        D642  7 0.1584 0.2448 0.5967 
        D644  7 0.5335 0.2016 0.2649 
        D645  7 0.2048 0.5033 0.2919 
        D662  7 0.4448 0.0475 0.5077 
        D687  7 0.2185 0.5369 0.2447 
        D688  7 0.2180 0.3417 0.4403 
        D689  7 0.3950 0.3432 0.2618 
        D700  7 0.0293 0.0320 0.9387 
        D797  7 0.4262 0.3155 0.2583 
        D798  7 0.0926 0.0920 0.8153 
        D799  7 0.0635 0.7572 0.1793 
        D800  7 0.1690 0.3054 0.5256 
        D132  8 0.0621 0.0477 0.8902 
        D133  8 0.0318 0.8781 0.0901 
        D200  8 0.3158 0.5078 0.1764 
        D500  8 0.0619 0.0390 0.8991 
        D614  8 0.6361 0.1420 0.2219 
        D723  8 0.2810 0.2025 0.5165 
        D888  8 0.0598 0.8852 0.0550 
        D901  8 0.1007 0.2119 0.6874 
        D902  8 0.8043 0.1028 0.0930 
        D903  8 0.7398 0.1642 0.0960 
        D904  8 0.4471 0.2446 0.3084 
        D905  8 0.0941 0.8628 0.0431 
        D906  8 0.0692 0.7151 0.2157 
        D937  8 0.7790 0.1482 0.0729 
        D943  8 0.1178 0.3382 0.5440 
        D972  8 0.2074 0.1324 0.6602 
        D973  8 0.6229 0.0736 0.3035 
        D974  8 0.4742 0.2343 0.2915 
        D975  8 0.5099 0.3268 0.1634 
        D976  8 0.1843 0.4315 0.3841 
        D201  9 0.1013 0.5999 0.2988 
        D202  9 0.1579 0.5606 0.2815 
     D237259  9 0.0944 0.1458 0.7597 
     D237260  9 0.0499 0.6913 0.2588 
     D237262  9 0.0570 0.0621 0.8808 
     D237263  9 0.1016 0.3649 0.5335 
     D237264  9 0.2493 0.2912 0.4595 
     D237265  9 0.0668 0.7736 0.1597 
     D237266  9 0.0745 0.6492 0.2763 
     D237267  9 0.3101 0.1037 0.5862 
     D237268  9 0.2544 0.1071 0.6385 
     D237289  9 0.1826 0.6382 0.1792 
     D237290  9 0.0519 0.8458 0.1023 
     D237291  9 0.1019 0.7349 0.1632 
     D237292  9 0.0527 0.5152 0.4321 
     D237293  9 0.3994 0.1476 0.4530 
     D237294  9 0.1340 0.3019 0.5641 
     D237295  9 0.5659 0.1014 0.3328 
     D237296  9 0.2633 0.3116 0.4251 
     D237297  9 0.5759 0.2990 0.1251 
     D237298  9 0.2561 0.4643 0.2797 
     D237341  9 0.1584 0.6329 0.2087 
     D237342  9 0.1668 0.1874 0.6458 
     D237343  9 0.0925 0.5209 0.3865 
     D237344  9 0.3802 0.3982 0.2216 
     D237345  9 0.0455 0.1001 0.8544 
     D237346  9 0.1863 0.6454 0.1683 
     D237347  9 0.4474 0.4573 0.0953 
     D237348  9 0.3478 0.2832 0.3690 
     D237349  9 0.0890 0.4008 0.5102 
     D244109  9 0.0404 0.6189 0.3407 
     D244110  9 0.0656 0.7583 0.1761 
     D244111  9 0.1800 0.5761 0.2439 
     D244128  9 0.0753 0.1394 0.7854 
     D244137  9 0.4163 0.2333 0.3504 
     D244138  9 0.1514 0.5941 0.2544 
        D580  9 0.1487 0.0545 0.7968 
        D581  9 0.0386 0.8431 0.1183 
        D582  9 0.0760 0.0504 0.8736 
        D583  9 0.0424 0.8504 0.1072 
        D584  9 0.3965 0.1086 0.4948 
        D585  9 0.0630 0.2770 0.6600 
        D586  9 0.0803 0.8533 0.0664 
        D651  9 0.5644 0.2260 0.2096 
        D652  9 0.1043 0.2107 0.6850 
        D653  9 0.1886 0.6409 0.1706 
        D654  9 0.1782 0.5041 0.3177 
        D655  9 0.3404 0.4579 0.2018 
        D656  9 0.0662 0.0606 0.8732 
        D657  9 0.1736 0.3568 0.4696 
        D667  9 0.4728 0.3689 0.1583 
        D668  9 0.1594 0.4089 0.4317 
        D669  9 0.0983 0.7062 0.1955 
        D670  9 0.3359 0.1314 0.5327 
        D671  9 0.0695 0.7575 0.1731 
        D672  9 0.0835 0.1426 0.7739 
        D673  9 0.3287 0.3057 0.3657 
        D692  9 0.0525 0.1613 0.7862 
        D693  9 0.4511 0.1568 0.3921 
        D694  9 0.0936 0.1315 0.7749 
        D695  9 0.2548 0.1467 0.5984 
        D696  9 0.9226 0.0475 0.0299 
        D697  9 0.5073 0.3096 0.1832 
        D698  9 0.3227 0.5642 0.1131 
        D699  9 0.4478 0.2990 0.2532 
        D787  9 0.1694 0.2566 0.5740 
        D788  9 0.6605 0.0814 0.2580 
        D789  9 0.2280 0.2731 0.4988 
        D790  9 0.1967 0.3462 0.4571 
        D791  9 0.0855 0.8146 0.0999 
        D792  9 0.2010 0.4098 0.3892 
        D793  9 0.7006 0.1775 0.1219 
        D794  9 0.5641 0.2538 0.1821 
        D795  9 0.1434 0.1485 0.7081 
        D796  9 0.1241 0.6305 0.2455 
        D142 10 0.6920 0.2048 0.1032 
        D143 10 0.1253 0.8006 0.0741 
        D144 10 0.4609 0.1819 0.3571 
        D145 10 0.0600 0.8553 0.0847 
        D146 10 0.1489 0.0863 0.7648 
        D147 10 0.1560 0.2291 0.6148 
        D148 10 0.1724 0.1256 0.7020 
        D149 10 0.0550 0.8068 0.1382 
        D151 10 0.0840 0.1849 0.7311 
        D152 10 0.0260 0.9323 0.0417 
        D153 10 0.8345 0.0668 0.0987 
        D156 10 0.3944 0.4627 0.1428 
        D157 10 0.6374 0.1359 0.2267 
        D158 10 0.1845 0.4945 0.3210 
        D159 10 0.0539 0.9069 0.0392 
        D160 10 0.1184 0.8273 0.0544 
        D161 10 0.3616 0.3370 0.3015 
        D162 10 0.4280 0.4999 0.0720 
        D169 10 0.0607 0.0878 0.8515 
        D170 10 0.1648 0.0997 0.7354 
        D171 10 0.5534 0.1732 0.2734 
        D172 10 0.2830 0.4159 0.3010 
        D173 10 0.0418 0.8731 0.0850 
        D181 10 0.4627 0.3946 0.1426 
        D182 10 0.0809 0.4897 0.4294 
        D183 10 0.8071 0.0797 0.1132 
        D184 10 0.0488 0.0280 0.9232 
        D185 10 0.3558 0.2243 0.4200 
        D186 10 0.0447 0.0845 0.8708 
        D194 10 0.3390 0.0991 0.5619 
        D195 10 0.2669 0.6144 0.1187 
        D196 10 0.3350 0.6049 0.0601 
        D197 10 0.0668 0.2075 0.7257 
        D198 10 0.4052 0.0829 0.5119 
     D237226 10 0.0660 0.7032 0.2308 
     D237232 10 0.2517 0.5661 0.1823 
     D237233 10 0.1358 0.7002 0.1641 
     D237234 10 0.4571 0.3757 0.1672 
     D237354 10 0.0370 0.9238 0.0393 
     D237355 10 0.0913 0.7969 0.1118 
     D237356 10 0.7468 0.0359 0.2172 
     D237357 10 0.1100 0.4363 0.4538 
     D237358 10 0.1654 0.1514 0.6832 
     D237369 10 0.0456 0.0468 0.9076 
     D237370 10 0.6580 0.2363 0.1057 
     D237371 10 0.2957 0.1551 0.5492 
     D237372 10 0.0619 0.2914 0.6468 
     D237373 10 0.2221 0.6440 0.1339 
     D237374 10 0.1014 0.8266 0.0721 
     D237375 10 0.1800 0.4445 0.3756 
     D237400 10 0.0341 0.9318 0.0341 
     D244002 10 0.0573 0.1010 0.8416 
     D244003 10 0.0961 0.8480 0.0559 
     D244004 10 0.7795 0.1079 0.1125 
     D244005 10 0.0688 0.6086 0.3226 
     D244020 10 0.5837 0.2150 0.2013 
     D244021 10 0.1127 0.2945 0.5928 
     D244116 10 0.2425 0.2043 0.5532 
     D244117 10 0.2649 0.6481 0.0870 
     D244121 10 0.4592 0.3909 0.1499 
     D244123 10 0.3391 0.5317 0.1292 
     D244124 10 0.1475 0.5042 0.3483 
        D332 10 0.6700 0.1478 0.1822 
        D570 10 0.7825 0.1164 0.1011 
        D602 10 0.5051 0.2821 0.2128 
        D603 10 0.3330 0.4757 0.1912 
        D604 10 0.2676 0.5719 0.1605 
        D605 10 0.4665 0.3546 0.1789 
        D606 10 0.3689 0.0584 0.5727 
        D607 10 0.4782 0.1806 0.3412 
        D608 10 0.0375 0.9252 0.0373 
        D609 10 0.8060 0.0639 0.1302 
        D610 10 0.3691 0.2819 0.3490 
        D611 10 0.9011 0.0585 0.0404 
        D613 10 0.5863 0.3000 0.1136 
        D633 10 0.2730 0.5028 0.2242 
        D634 10 0.4546 0.2294 0.3160 
        D638 10 0.0474 0.9181 0.0345 
        D681 10 0.4007 0.2426 0.3566 
        D754 10 0.2296 0.2069 0.5635 
        D755 10 0.1715 0.7804 0.0481 
        D756 10 0.4334 0.2843 0.2823 
        D757 10 0.1960 0.5171 0.2869 
        D758 10 0.3657 0.2574 0.3769 
        D759 10 0.1708 0.7572 0.0720 
        D760 10 0.3058 0.5512 0.1430 
        D761 10 0.0362 0.9280 0.0358 
        D762 10 0.5620 0.1921 0.2459 
        D775 10 0.3773 0.5108 0.1119 
        D776 10 0.0601 0.8445 0.0955 
        D777 10 0.2506 0.4844 0.2650 
        D778 10 0.0536 0.6819 0.2644 
        D779 10 0.3073 0.3651 0.3275 
        D780 10 0.1166 0.7990 0.0844 
        D781 10 0.3975 0.4386 0.1639 
        D858 10 0.0279 0.1022 0.8700 
        D933 10 0.3913 0.3083 0.3004 
        D038 11 0.1308 0.6984 0.1708 
        D063 11 0.2624 0.6385 0.0991 
        D155 11 0.2810 0.5467 0.1724 
        D175 11 0.4292 0.1338 0.4370 
        D176 11 0.1153 0.7659 0.1188 
        D205 11 0.7666 0.0512 0.1823 
     D237229 11 0.0726 0.4640 0.4634 
     D237230 11 0.1509 0.1851 0.6640 
     D237231 11 0.6825 0.2078 0.1098 
     D237269 11 0.1786 0.6362 0.1851 
     D237270 11 0.1632 0.1702 0.6666 
     D237271 11 0.6735 0.1790 0.1476 
     D237272 11 0.2322 0.1800 0.5878 
     D237273 11 0.5653 0.3322 0.1025 
     D237301 11 0.7402 0.1696 0.0901 
     D237302 11 0.1636 0.2915 0.5449 
     D237303 11 0.0693 0.1861 0.7446 
     D237304 11 0.4588 0.2584 0.2828 
     D237305 11 0.1614 0.1785 0.6600 
     D237314 11 0.3195 0.4758 0.2047 
     D237315 11 0.1080 0.1938 0.6981 
     D237316 11 0.8235 0.0697 0.1068 
     D237328 11 0.5292 0.0613 0.4095 
     D237329 11 0.1667 0.4294 0.4039 
     D237330 11 0.5249 0.4074 0.0677 
     D237331 11 0.2478 0.5632 0.1890 
     D237332 11 0.6191 0.1495 0.2314 
     D237333 11 0.1392 0.8064 0.0544 
     D237334 11 0.5843 0.1352 0.2804 
     D237335 11 0.6623 0.1143 0.2234 
     D237336 11 0.1481 0.6852 0.1666 
     D237350 11 0.7470 0.1894 0.0636 
     D237383 11 0.1409 0.4317 0.4274 
     D237384 11 0.3487 0.1759 0.4754 
     D237385 11 0.3401 0.3844 0.2755 
     D237386 11 0.6596 0.2273 0.1131 
     D237387 11 0.5277 0.1029 0.3694 
     D237388 11 0.7565 0.1283 0.1152 
        D239 11 0.3714 0.4834 0.1452 
        D240 11 0.0381 0.8053 0.1567 
        D241 11 0.1091 0.2254 0.6654 
        D242 11 0.2729 0.4839 0.2433 
        D243 11 0.5489 0.2382 0.2128 
        D244 11 0.8300 0.0588 0.1112 
        D245 11 0.0731 0.2710 0.6559 
        D246 11 0.6913 0.1074 0.2013 
        D247 11 0.1564 0.3882 0.4553 
        D248 11 0.6495 0.2461 0.1044 
        D249 11 0.3596 0.1412 0.4993 
        D250 11 0.6966 0.2282 0.0753 
        D251 11 0.7039 0.1409 0.1551 
        D252 11 0.6080 0.0703 0.3217 
        D253 11 0.3191 0.4497 0.2313 
        D254 11 0.0623 0.1454 0.7923 
        D255 11 0.8504 0.0599 0.0897 
        D256 11 0.3441 0.3929 0.2630 
        D257 11 0.0931 0.1440 0.7630 
        D258 11 0.1792 0.0601 0.7607 
        D259 11 0.0700 0.1971 0.7328 
        D260 11 0.3720 0.2822 0.3457 
        D261 11 0.5696 0.2745 0.1559 
        D262 11 0.0860 0.4000 0.5140 
        D263 11 0.7398 0.0755 0.1847 
        D264 11 0.2596 0.1149 0.6256 
        D265 11 0.1705 0.3862 0.4434 
        D266 11 0.4719 0.4074 0.1207 
        D267 11 0.6819 0.1242 0.1939 
        D268 11 0.8049 0.1280 0.0671 
        D269 11 0.8164 0.0458 0.1378 
        D270 11 0.4353 0.1256 0.4391 
        D271 11 0.2751 0.3278 0.3971 
        D272 11 0.1948 0.6521 0.1531 
        D273 11 0.0497 0.0461 0.9042 
        D274 11 0.5520 0.1657 0.2823 
        D275 11 0.6820 0.1461 0.1718 
        D276 11 0.9072 0.0466 0.0461 
        D277 11 0.6439 0.1610 0.1951 
        D278 11 0.4530 0.3344 0.2126 
        D282 11 0.1522 0.0411 0.8067 
        D296 11 0.5720 0.2969 0.1311 
        D297 11 0.7724 0.0662 0.1614 
        D298 11 0.4654 0.3934 0.1412 
        D299 11 0.7609 0.1773 0.0618 
        D300 11 0.1206 0.7134 0.1660 
        D382 11 0.8653 0.0385 0.0962 
        D383 11 0.6908 0.0843 0.2250 
        D387 11 0.2223 0.5701 0.2076 
        D388 11 0.4554 0.2537 0.2909 
        D389 11 0.7246 0.2248 0.0506 
        D390 11 0.6792 0.1948 0.1260 
        D396 11 0.1972 0.6528 0.1500 
        D397 11 0.1752 0.0831 0.7417 
        D398 11 0.2956 0.3221 0.3823 
        D399 11 0.2740 0.3150 0.4110 
        D437 11 0.0733 0.4190 0.5077 
        D441 11 0.6754 0.2488 0.0758 
        D442 11 0.2166 0.5916 0.1918 
        D443 11 0.3868 0.5274 0.0858 
        D444 11 0.5999 0.2251 0.1750 
        D445 11 0.5052 0.0650 0.4299 
        D446 11 0.0843 0.2564 0.6593 
        D451 11 0.4833 0.1242 0.3925 
        D452 11 0.1756 0.6791 0.1452 
        D453 11 0.7352 0.1041 0.1607 
        D454 11 0.0762 0.2699 0.6539 
        D457 11 0.3617 0.2541 0.3842 
        D458 11 0.6948 0.1497 0.1555 
        D466 11 0.0641 0.8034 0.1326 
        D467 11 0.6589 0.2383 0.1028 
        D475 11 0.0771 0.0616 0.8612 
        D488 11 0.2839 0.5111 0.2049 
        D489 11 0.2176 0.2222 0.5603 
        D493 11 0.1578 0.1277 0.7145 
        D494 11 0.6239 0.1966 0.1795 
        D495 11 0.0452 0.5718 0.3830 
        D496 11 0.0880 0.8796 0.0324 
        D674 11 0.0560 0.8585 0.0855 
        D675 11 0.0834 0.8600 0.0566 
        D676 11 0.6745 0.0837 0.2418 
        D680 11 0.2017 0.5686 0.2297 
        D701 11 0.1039 0.6397 0.2564 
        D702 11 0.1192 0.1418 0.7390 
        D703 11 0.2198 0.5691 0.2111 
        D704 11 0.4498 0.2561 0.2941 
        D705 11 0.0971 0.0744 0.8285 
        D706 11 0.0684 0.6755 0.2560 
        D707 11 0.4940 0.1197 0.3862 
        D751 11 0.6020 0.0734 0.3246 
        D752 11 0.2056 0.6508 0.1436 
        D753 11 0.3542 0.1843 0.4615 
        D773 11 0.0280 0.0328 0.9392 
        D774 11 0.2350 0.5890 0.1760 
        D801 11 0.4687 0.3260 0.2052 
        D802 11 0.1136 0.1269 0.7595 
        D803 11 0.3193 0.5131 0.1676 
        D804 11 0.2020 0.3640 0.4339 
        D805 11 0.2730 0.2044 0.5226 
        D806 11 0.0636 0.0720 0.8644 
        D809 11 0.7065 0.1662 0.1273 
        D810 11 0.6860 0.2280 0.0860 
        D812 11 0.4012 0.1168 0.4821 
        D813 11 0.0826 0.7882 0.1291 
        D823 11 0.6744 0.1845 0.1411 
        D824 11 0.4890 0.3909 0.1201 
        D829 11 0.4638 0.3882 0.1480 
        D830 11 0.3022 0.0555 0.6422 
        D831 11 0.0966 0.6716 0.2318 
        D832 11 0.1776 0.4134 0.4090 
        D833 11 0.7960 0.1415 0.0625 
        D834 11 0.8246 0.0818 0.0936 
        D835 11 0.2274 0.1142 0.6584 
        D855 11 0.6755 0.1350 0.1896 
        D863 11 0.0352 0.9308 0.0340 
        D864 11 0.5921 0.1886 0.2192 
        D878 11 0.7404 0.1556 0.1040 
        D879 11 0.1532 0.0888 0.7581 
        D880 11 0.3054 0.6370 0.0576 
        D881 11 0.6093 0.2611 0.1296 
        D882 11 0.1384 0.7185 0.1431 
        D909 11 0.5326 0.2930 0.1744 
        D921 11 0.7509 0.1606 0.0885 
        D924 11 0.1729 0.7584 0.0687 
        D935 11 0.7936 0.0621 0.1444 
        D940 11 0.0597 0.8723 0.0679 
        D941 11 0.4306 0.3894 0.1800 
        D942 11 0.1401 0.0457 0.8142 
        D980 11 0.3441 0.3148 0.3411 
        D981 11 0.2655 0.1014 0.6330 
        D982 11 0.1722 0.7708 0.0571 
        D983 11 0.8529 0.0729 0.0742 
        D984 11 0.6328 0.2775 0.0897 
        D992 11 0.1593 0.1749 0.6657 
        D993 11 0.7917 0.0453 0.1630 
        D994 11 0.3448 0.4192 0.2361 
        D995 11 0.2703 0.0478 0.6819 
        H354 11 0.2532 0.0799 0.6669 
        D005 12 0.0667 0.4043 0.5289 
        D035 12 0.2055 0.4220 0.3726 
        D067 12 0.5538 0.2400 0.2061 
        D134 12 0.1351 0.6051 0.2598 
        D135 12 0.2520 0.3200 0.4280 
        D136 12 0.3703 0.0840 0.5457 
        D137 12 0.1182 0.5887 0.2931 
        D138 12 0.3497 0.3886 0.2617 
        D139 12 0.3414 0.5396 0.1190 
        D140 12 0.3064 0.2095 0.4841 
        D141 12 0.0384 0.0316 0.9300 
        D150 12 0.1654 0.1448 0.6898 
        D177 12 0.0935 0.7867 0.1198 
        D178 12 0.5871 0.1794 0.2335 
        D179 12 0.2534 0.2196 0.5270 
        D180 12 0.2435 0.1861 0.5703 
        D187 12 0.1518 0.5907 0.2574 
        D188 12 0.0338 0.0366 0.9296 
        D191 12 0.0750 0.1217 0.8033 
        D418 12 0.0565 0.1071 0.8363 
        D601 12 0.1201 0.0887 0.7912 
        D836 12 0.0715 0.0863 0.8423 
        D837 12 0.3358 0.4268 0.2374 
        D838 12 0.3629 0.5485 0.0887 
        D839 12 0.0689 0.7831 0.1481 
        D840 12 0.2845 0.5811 0.1344 
        D841 12 0.2450 0.2038 0.5512 
        D842 12 0.0340 0.0578 0.9083 
        D843 12 0.5665 0.2468 0.1867 
        D844 12 0.0612 0.3851 0.5537 
        D912 12 0.7067 0.2006 0.0928 
        D913 12 0.0388 0.9246 0.0366 
