        D174  1 0.0512 0.1073 0.1584 0.5936 0.0895 
        D199  1 0.2870 0.3551 0.0712 0.2043 0.0824 
        D203  1 0.2580 0.3076 0.1933 0.0948 0.1464 
        D204  1 0.0368 0.8702 0.0261 0.0208 0.0462 
     D237366  1 0.1345 0.1672 0.3813 0.0841 0.2330 
     D237367  1 0.1184 0.4942 0.2136 0.0577 0.1161 
     D237368  1 0.1319 0.2191 0.5012 0.0892 0.0585 
     D244101  1 0.2106 0.6024 0.0308 0.0466 0.1096 
     D244102  1 0.0919 0.2028 0.1983 0.1362 0.3708 
     D244103  1 0.1964 0.2305 0.2215 0.0675 0.2840 
     D244104  1 0.0673 0.6462 0.0734 0.1807 0.0325 
     D244105  1 0.0625 0.1600 0.5847 0.0283 0.1645 
     D244106  1 0.1446 0.0707 0.0437 0.6145 0.1265 
     D244107  1 0.1920 0.1057 0.6340 0.0219 0.0465 
     D244108  1 0.0499 0.1897 0.1929 0.4565 0.1109 
     D244113  1 0.0567 0.0373 0.0360 0.6136 0.2565 
     D244114  1 0.2614 0.1466 0.0905 0.1745 0.3272 
     D244115  1 0.0616 0.2381 0.1697 0.4249 0.1057 
     D267365  1 0.0487 0.4746 0.0645 0.3567 0.0555 
        D404  1 0.0441 0.0442 0.0405 0.4916 0.3797 
        D405  1 0.1105 0.1369 0.0906 0.2387 0.4235 
        D406  1 0.0216 0.1008 0.8149 0.0346 0.0281 
        D407  1 0.3024 0.5182 0.1004 0.0413 0.0376 
        D408  1 0.0504 0.0489 0.0297 0.8100 0.0610 
        D409  1 0.3009 0.1007 0.1608 0.0720 0.3655 
        D410  1 0.0187 0.0955 0.8138 0.0389 0.0331 
        D421  1 0.0795 0.8295 0.0168 0.0588 0.0155 
        D422  1 0.0730 0.0461 0.8441 0.0170 0.0198 
        D423  1 0.0677 0.0435 0.8491 0.0165 0.0232 
        D424  1 0.0345 0.7583 0.0845 0.0520 0.0707 
        D425  1 0.0549 0.5378 0.0473 0.2631 0.0968 
        D426  1 0.5486 0.0689 0.1367 0.0489 0.1969 
        D427  1 0.5531 0.1505 0.0387 0.2339 0.0238 
        D428  1 0.1009 0.4632 0.1426 0.1906 0.1026 
        D429  1 0.0688 0.4154 0.0501 0.3410 0.1246 
        D430  1 0.2566 0.1235 0.0710 0.2298 0.3192 
        D491  1 0.0210 0.1094 0.0387 0.7900 0.0410 
        D492  1 0.1214 0.3538 0.1720 0.2122 0.1405 
        D537  1 0.0389 0.7747 0.0843 0.0373 0.0648 
        D538  1 0.1335 0.0967 0.3171 0.1292 0.3235 
        D539  1 0.1597 0.0820 0.1762 0.3887 0.1933 
        D540  1 0.1313 0.4286 0.1392 0.1314 0.1694 
        D541  1 0.0318 0.8812 0.0325 0.0272 0.0274 
        D551  1 0.7464 0.0822 0.0583 0.0516 0.0616 
        D552  1 0.0563 0.3266 0.3180 0.2533 0.0458 
        D553  1 0.0167 0.9043 0.0326 0.0269 0.0194 
        D615  1 0.1416 0.4492 0.1830 0.1398 0.0863 
        D616  1 0.3059 0.2838 0.2436 0.1050 0.0616 
        D621  1 0.0347 0.0416 0.6846 0.1331 0.1060 
        D622  1 0.0396 0.0537 0.8025 0.0567 0.0475 
        D623  1 0.1492 0.0613 0.0374 0.4519 0.3002 
        D624  1 0.0341 0.0762 0.0436 0.8097 0.0364 
        D625  1 0.0279 0.7048 0.0918 0.0912 0.0842 
        D626  1 0.0594 0.1333 0.2246 0.4868 0.0959 
        D627  1 0.3670 0.1674 0.1170 0.0661 0.2825 
        D690  1 0.0151 0.7747 0.0987 0.0783 0.0332 
        D691  1 0.0328 0.1181 0.7722 0.0407 0.0363 
        D710  1 0.0923 0.4149 0.1006 0.2708 0.1214 
        D711  1 0.0403 0.7751 0.0636 0.0474 0.0736 
        D712  1 0.0437 0.0612 0.0616 0.7535 0.0800 
        D713  1 0.0446 0.2318 0.1399 0.3115 0.2720 
        D746  1 0.0366 0.0638 0.8464 0.0277 0.0256 
        D747  1 0.0326 0.8937 0.0239 0.0317 0.0180 
        D748  1 0.0354 0.4684 0.3577 0.0542 0.0843 
        D749  1 0.1298 0.0404 0.5994 0.1223 0.1080 
        D750  1 0.0296 0.1999 0.0813 0.6398 0.0494 
        D763  1 0.2916 0.3118 0.0987 0.0646 0.2333 
        D764  1 0.0328 0.5856 0.1008 0.2498 0.0311 
        D765  1 0.0340 0.0529 0.7094 0.1438 0.0598 
        D766  1 0.0454 0.2730 0.5568 0.0601 0.0647 
        D767  1 0.0868 0.2341 0.2003 0.0616 0.4173 
        D768  1 0.0247 0.9096 0.0308 0.0183 0.0166 
        D811  1 0.0528 0.0517 0.0837 0.4499 0.3619 
        D816  1 0.0203 0.8744 0.0264 0.0555 0.0235 
        D825  1 0.0345 0.2060 0.1908 0.4177 0.1510 
        D866  1 0.2730 0.0648 0.0652 0.5287 0.0684 
        D867  1 0.0503 0.0306 0.8318 0.0306 0.0567 
        D871  1 0.2731 0.0987 0.1246 0.0756 0.4281 
        D872  1 0.0387 0.5494 0.1841 0.0558 0.1720 
        D873  1 0.0192 0.0116 0.9182 0.0178 0.0333 
        D874  1 0.0499 0.3515 0.0254 0.2512 0.3220 
        D875  1 0.2365 0.0641 0.2718 0.0334 0.3942 
        D876  1 0.0285 0.7400 0.0758 0.1061 0.0496 
        D877  1 0.0367 0.0532 0.0214 0.4099 0.4788 
        D892  1 0.0270 0.4503 0.2010 0.1826 0.1390 
        D893  1 0.0515 0.7106 0.1067 0.0512 0.0800 
        D894  1 0.0878 0.5531 0.0789 0.1581 0.1221 
        D915  1 0.0459 0.6151 0.2188 0.0801 0.0401 
        D916  1 0.0223 0.8886 0.0372 0.0327 0.0191 
        D917  1 0.1629 0.2340 0.0550 0.4340 0.1141 
        D925  1 0.0225 0.1311 0.7407 0.0868 0.0188 
        D926  1 0.0400 0.6428 0.0897 0.1261 0.1015 
        D927  1 0.2510 0.4963 0.0488 0.1011 0.1028 
        D928  1 0.0233 0.1537 0.0244 0.7615 0.0371 
        D929  1 0.0361 0.1061 0.0902 0.1312 0.6364 
        D936  1 0.0705 0.7271 0.0408 0.0516 0.1100 
        D938  1 0.0202 0.0339 0.8867 0.0335 0.0258 
        D956  1 0.0400 0.0426 0.0417 0.7803 0.0955 
        D957  1 0.0485 0.3648 0.3552 0.0700 0.1616 
        D958  1 0.0266 0.5284 0.2651 0.1124 0.0674 
        D959  1 0.3470 0.4753 0.1141 0.0331 0.0305 
        D960  1 0.0202 0.0316 0.8761 0.0315 0.0406 
        D989  1 0.1061 0.0968 0.0310 0.7035 0.0626 
        D990  1 0.0383 0.0205 0.8593 0.0600 0.0219 
        D023  2 0.0916 0.1213 0.7242 0.0337 0.0292 
        D130  2 0.0739 0.0921 0.7447 0.0171 0.0723 
        D131  2 0.1588 0.5124 0.0612 0.0794 0.1882 
        D163  2 0.0233 0.1063 0.7932 0.0489 0.0282 
        D164  2 0.4532 0.0182 0.4907 0.0133 0.0245 
        D165  2 0.1217 0.0631 0.7534 0.0282 0.0337 
        D166  2 0.0651 0.0619 0.1114 0.0397 0.7218 
        D167  2 0.8463 0.0200 0.0240 0.0472 0.0626 
        D192  2 0.9048 0.0130 0.0197 0.0275 0.0350 
        D193  2 0.0653 0.0461 0.0981 0.3522 0.4382 
        D206  2 0.3793 0.3026 0.1320 0.0467 0.1394 
        D207  2 0.6666 0.0570 0.0326 0.0415 0.2022 
        D208  2 0.1919 0.0768 0.0683 0.5340 0.1289 
        D209  2 0.5236 0.0989 0.1185 0.0508 0.2082 
        D210  2 0.2235 0.0884 0.0398 0.5955 0.0528 
     D229599  2 0.0960 0.2802 0.1506 0.1559 0.3172 
     D229600  2 0.3818 0.0382 0.4786 0.0304 0.0710 
     D237227  2 0.0534 0.0611 0.1149 0.7083 0.0623 
     D237228  2 0.1039 0.0329 0.4334 0.3212 0.1085 
     D237258  2 0.3116 0.1285 0.2214 0.1804 0.1582 
     D237310  2 0.0862 0.0197 0.5487 0.0750 0.2704 
     D237311  2 0.1398 0.0209 0.6983 0.0469 0.0940 
     D237312  2 0.0398 0.0371 0.3859 0.1184 0.4188 
     D237313  2 0.0574 0.4984 0.1548 0.1662 0.1231 
     D237322  2 0.1959 0.0638 0.0954 0.3040 0.3409 
     D237323  2 0.0406 0.0228 0.6831 0.1715 0.0820 
     D237324  2 0.4770 0.0600 0.3394 0.0284 0.0954 
     D237325  2 0.0726 0.0761 0.5702 0.1155 0.1657 
     D237326  2 0.0595 0.1181 0.7076 0.0715 0.0434 
     D237327  2 0.4819 0.1052 0.0775 0.1185 0.2168 
     D237337  2 0.0278 0.0390 0.7860 0.0657 0.0815 
     D237338  2 0.1110 0.1014 0.3935 0.1950 0.1991 
     D237339  2 0.3365 0.2229 0.0341 0.0428 0.3637 
     D237340  2 0.1436 0.0343 0.4026 0.2553 0.1642 
     D237389  2 0.0987 0.0257 0.6653 0.0325 0.1778 
     D237390  2 0.0445 0.0966 0.4461 0.1649 0.2479 
     D244017  2 0.2334 0.0521 0.0514 0.4385 0.2246 
     D244112  2 0.8289 0.0209 0.0614 0.0330 0.0557 
     D244118  2 0.4758 0.0210 0.3972 0.0311 0.0749 
     D244119  2 0.2245 0.0264 0.0375 0.6840 0.0276 
     D244120  2 0.3916 0.0215 0.0548 0.1859 0.3462 
     D244122  2 0.6688 0.0494 0.0850 0.0788 0.1180 
        D291  2 0.5199 0.1129 0.0776 0.1148 0.1747 
        D292  2 0.2838 0.3342 0.0644 0.2166 0.1011 
        D293  2 0.7971 0.1510 0.0150 0.0165 0.0205 
        D322  2 0.6008 0.2238 0.0571 0.0300 0.0883 
        D323  2 0.2136 0.2460 0.0675 0.1200 0.3529 
        D324  2 0.2804 0.3306 0.1476 0.1545 0.0868 
        D325  2 0.8960 0.0424 0.0193 0.0141 0.0282 
        D326  2 0.0217 0.9066 0.0147 0.0350 0.0221 
        D340  2 0.9237 0.0202 0.0207 0.0196 0.0158 
        D341  2 0.7868 0.0548 0.0574 0.0463 0.0547 
        D342  2 0.6771 0.0344 0.1629 0.0390 0.0866 
        D343  2 0.9446 0.0172 0.0117 0.0114 0.0153 
        D344  2 0.0744 0.3308 0.0547 0.0585 0.4816 
        D345  2 0.0594 0.5118 0.2455 0.0872 0.0961 
        D346  2 0.1061 0.1089 0.0377 0.6788 0.0685 
        D351  2 0.1544 0.4973 0.0862 0.0380 0.2241 
        D352  2 0.1465 0.0929 0.0716 0.1796 0.5096 
        D353  2 0.0609 0.6029 0.0254 0.0329 0.2778 
        D354  2 0.0267 0.3340 0.1150 0.1939 0.3304 
        D362  2 0.0362 0.7674 0.0868 0.0713 0.0384 
        D363  2 0.0360 0.7877 0.0469 0.1011 0.0283 
        D364  2 0.0303 0.6302 0.0714 0.0936 0.1744 
        D365  2 0.9156 0.0303 0.0137 0.0208 0.0196 
        D369  2 0.2704 0.3017 0.1042 0.2634 0.0602 
        D374  2 0.0300 0.0215 0.0317 0.6407 0.2761 
        D375  2 0.0394 0.1579 0.0731 0.0757 0.6538 
        D376  2 0.0463 0.0247 0.0618 0.6175 0.2498 
        D377  2 0.1279 0.1032 0.2092 0.2733 0.2864 
        D378  2 0.3073 0.4840 0.0725 0.0347 0.1015 
        D379  2 0.0304 0.8632 0.0239 0.0430 0.0395 
        D384  2 0.0191 0.8982 0.0184 0.0473 0.0171 
        D385  2 0.8268 0.0215 0.0253 0.0558 0.0706 
        D386  2 0.0935 0.5989 0.0849 0.0332 0.1894 
        D391  2 0.8441 0.0574 0.0253 0.0264 0.0468 
        D392  2 0.6960 0.0881 0.0786 0.0902 0.0471 
        D393  2 0.1255 0.7116 0.0524 0.0359 0.0746 
        D394  2 0.1231 0.1587 0.3775 0.0837 0.2571 
        D395  2 0.4589 0.0664 0.0381 0.0506 0.3859 
        D401  2 0.0476 0.0245 0.8240 0.0588 0.0451 
        D402  2 0.8883 0.0266 0.0195 0.0216 0.0440 
        D403  2 0.0862 0.5612 0.1180 0.0338 0.2007 
        D415  2 0.0389 0.7938 0.0904 0.0161 0.0608 
        D435  2 0.2839 0.5867 0.0659 0.0249 0.0386 
        D436  2 0.0671 0.4097 0.0695 0.1299 0.3237 
        D438  2 0.9266 0.0151 0.0162 0.0219 0.0202 
        D439  2 0.1902 0.3399 0.1014 0.0386 0.3299 
        D449  2 0.7917 0.1150 0.0355 0.0327 0.0251 
        D450  2 0.0590 0.2065 0.0959 0.2991 0.3395 
        D456  2 0.0192 0.9080 0.0196 0.0242 0.0289 
        D462  2 0.8627 0.0586 0.0183 0.0160 0.0445 
        D463  2 0.0178 0.9160 0.0190 0.0266 0.0207 
        D464  2 0.0798 0.3355 0.0278 0.0644 0.4924 
        D465  2 0.5559 0.2787 0.0466 0.0404 0.0785 
        D473  2 0.0630 0.0483 0.1254 0.6379 0.1254 
        D474  2 0.1247 0.5898 0.0944 0.1494 0.0416 
        D476  2 0.1583 0.1129 0.5207 0.0370 0.1712 
        D477  2 0.0539 0.6059 0.0562 0.1447 0.1394 
        D478  2 0.1383 0.1234 0.1700 0.2413 0.3271 
        D480  2 0.2081 0.4977 0.0346 0.1471 0.1124 
        D481  2 0.0995 0.3980 0.1213 0.2085 0.1727 
        D482  2 0.0812 0.0813 0.1017 0.3450 0.3908 
        D483  2 0.8292 0.0269 0.0354 0.0701 0.0384 
        D484  2 0.0967 0.0583 0.0389 0.1010 0.7050 
        D510  2 0.0529 0.0354 0.0326 0.8088 0.0703 
        D511  2 0.1471 0.5281 0.0579 0.0383 0.2285 
        D512  2 0.2317 0.0352 0.4690 0.0284 0.2356 
        D513  2 0.6804 0.1365 0.0438 0.0774 0.0620 
        D635  2 0.1478 0.5075 0.2286 0.0585 0.0576 
        D636  2 0.0422 0.0348 0.8664 0.0295 0.0271 
        D637  2 0.2470 0.0943 0.0961 0.1710 0.3916 
        D658  2 0.3829 0.0443 0.1070 0.1928 0.2729 
        D659  2 0.0739 0.7716 0.0560 0.0545 0.0440 
        D677  2 0.1269 0.4806 0.2112 0.0455 0.1357 
        D678  2 0.7390 0.0255 0.0534 0.0433 0.1389 
        D679  2 0.1084 0.6895 0.0457 0.0888 0.0676 
        D719  2 0.1647 0.2869 0.0237 0.4861 0.0385 
        D720  2 0.0547 0.7612 0.0449 0.1083 0.0309 
        D721  2 0.1932 0.1193 0.5616 0.0707 0.0551 
        D722  2 0.0994 0.0457 0.0709 0.5655 0.2185 
        D734  2 0.1568 0.0764 0.0183 0.4900 0.2585 
        D735  2 0.1557 0.4577 0.1185 0.1380 0.1300 
        D736  2 0.1685 0.1210 0.0842 0.5707 0.0556 
        D737  2 0.3924 0.0563 0.1056 0.1160 0.3297 
        D807  2 0.1060 0.2973 0.0873 0.4026 0.1069 
        D808  2 0.2129 0.1633 0.2803 0.0543 0.2892 
        D817  2 0.0430 0.6358 0.0554 0.1256 0.1402 
        D818  2 0.5396 0.1301 0.0779 0.0412 0.2113 
        D819  2 0.1174 0.3755 0.1795 0.1008 0.2268 
        D820  2 0.0534 0.8524 0.0219 0.0301 0.0422 
        D895  2 0.0769 0.6277 0.1649 0.0550 0.0756 
        D896  2 0.0245 0.0232 0.8553 0.0470 0.0500 
        D897  2 0.6834 0.0493 0.0659 0.0551 0.1462 
        D898  2 0.0697 0.0972 0.1271 0.1559 0.5502 
        D918  2 0.1939 0.1111 0.2776 0.1134 0.3040 
        D919  2 0.3493 0.3683 0.0381 0.0324 0.2119 
        D920  2 0.0275 0.0371 0.8475 0.0407 0.0472 
        D923  2 0.0356 0.8668 0.0273 0.0261 0.0442 
        D930  2 0.1099 0.3861 0.0846 0.1645 0.2548 
        D931  2 0.1335 0.5584 0.0625 0.1008 0.1447 
        D968  2 0.9129 0.0274 0.0150 0.0192 0.0255 
        D969  2 0.2379 0.5048 0.0536 0.1097 0.0939 
        D977  2 0.8332 0.0518 0.0283 0.0301 0.0566 
        D978  2 0.3535 0.0894 0.0326 0.1562 0.3681 
        D211  3 0.0752 0.1562 0.5686 0.0425 0.1575 
     D229639  3 0.3980 0.0945 0.0493 0.3813 0.0770 
     D237212  3 0.2578 0.2083 0.1361 0.1052 0.2926 
     D237213  3 0.0953 0.2336 0.3444 0.0450 0.2816 
     D237214  3 0.0612 0.0780 0.6622 0.0588 0.1397 
     D237215  3 0.5313 0.0218 0.0428 0.2823 0.1217 
     D237216  3 0.1916 0.1575 0.2443 0.0680 0.3386 
     D237217  3 0.0973 0.1796 0.6370 0.0247 0.0613 
     D237218  3 0.2629 0.2403 0.0916 0.1748 0.2304 
     D237219  3 0.0576 0.0613 0.5268 0.2813 0.0730 
     D237382  3 0.0988 0.2152 0.1397 0.1683 0.3780 
     D244127  3 0.1441 0.0369 0.6884 0.0396 0.0910 
     D244129  3 0.1769 0.2188 0.2751 0.0949 0.2343 
     D244133  3 0.2999 0.1215 0.1543 0.3259 0.0984 
     D244134  3 0.1147 0.0596 0.1591 0.6213 0.0454 
     D244135  3 0.1404 0.0959 0.6499 0.0324 0.0813 
     D244136  3 0.1508 0.2630 0.0757 0.4217 0.0889 
        D416  3 0.3662 0.2290 0.1847 0.0793 0.1408 
        D417  3 0.0214 0.8091 0.0606 0.0369 0.0720 
        D419  3 0.1726 0.2489 0.2771 0.2014 0.1001 
        D565  3 0.0260 0.0746 0.0237 0.8459 0.0298 
        D566  3 0.2564 0.0636 0.0456 0.5935 0.0409 
        D567  3 0.0348 0.7458 0.1360 0.0371 0.0462 
        D568  3 0.1713 0.3947 0.2802 0.0311 0.1228 
        D569  3 0.2308 0.0759 0.1095 0.0773 0.5066 
        D573  3 0.6796 0.2046 0.0387 0.0463 0.0307 
        D574  3 0.0898 0.0491 0.0977 0.6171 0.1464 
        D575  3 0.1223 0.1583 0.2749 0.3709 0.0735 
        D576  3 0.7793 0.0112 0.0325 0.0672 0.1098 
        D577  3 0.0450 0.6788 0.0774 0.0590 0.1398 
        D578  3 0.0515 0.0329 0.8132 0.0215 0.0809 
        D579  3 0.1797 0.2997 0.0856 0.3384 0.0967 
        D660  3 0.5065 0.0319 0.1791 0.0539 0.2286 
        D661  3 0.5634 0.0765 0.0994 0.0661 0.1946 
        D663  3 0.6784 0.0819 0.0328 0.0695 0.1374 
        D664  3 0.1755 0.0334 0.4455 0.2131 0.1325 
        D665  3 0.1009 0.0242 0.3198 0.0264 0.5287 
        D666  3 0.0588 0.1636 0.3115 0.3721 0.0940 
        D009  4 0.0351 0.2069 0.3138 0.0561 0.3881 
        D057  4 0.3121 0.1257 0.2365 0.0585 0.2672 
        D109  4 0.0512 0.0725 0.6129 0.0844 0.1790 
     D237222  4 0.0607 0.0676 0.6943 0.0964 0.0810 
     D237223  4 0.1685 0.0720 0.5207 0.1224 0.1163 
     D237224  4 0.2296 0.3637 0.0720 0.1080 0.2266 
     D237225  4 0.1121 0.2714 0.2263 0.0806 0.3096 
     D237299  4 0.1988 0.0244 0.2265 0.0701 0.4802 
     D237300  4 0.5589 0.0332 0.0512 0.2718 0.0849 
     D237306  4 0.0797 0.1354 0.1559 0.4854 0.1437 
     D237307  4 0.1256 0.4609 0.0651 0.2625 0.0859 
     D237308  4 0.4053 0.1157 0.1821 0.1526 0.1444 
     D237309  4 0.1037 0.3956 0.2200 0.0540 0.2267 
     D237317  4 0.0473 0.2657 0.0803 0.5385 0.0682 
     D237318  4 0.7892 0.0255 0.0202 0.1345 0.0306 
     D237319  4 0.1081 0.2078 0.3049 0.0822 0.2971 
     D237320  4 0.2876 0.1385 0.4041 0.0682 0.1015 
     D237321  4 0.4694 0.0816 0.0863 0.2423 0.1203 
     D237397  4 0.2743 0.1192 0.1981 0.3156 0.0928 
     D237398  4 0.6081 0.1484 0.0588 0.0725 0.1123 
     D237399  4 0.1196 0.2265 0.1467 0.3047 0.2025 
     D244001  4 0.1705 0.0909 0.5619 0.0355 0.1412 
        D289  4 0.1610 0.2556 0.0604 0.3295 0.1936 
        D290  4 0.0568 0.1023 0.0333 0.0599 0.7478 
        D294  4 0.0981 0.2610 0.0616 0.0894 0.4899 
        D295  4 0.0425 0.5329 0.1364 0.1066 0.1816 
        D301  4 0.0666 0.0365 0.7220 0.0814 0.0935 
        D302  4 0.0381 0.5211 0.0414 0.0271 0.3723 
        D303  4 0.0654 0.0479 0.0703 0.7133 0.1031 
        D304  4 0.0768 0.1086 0.0362 0.1666 0.6118 
        D305  4 0.2516 0.0990 0.0704 0.0273 0.5517 
        D306  4 0.0440 0.0768 0.0670 0.0755 0.7367 
        D307  4 0.0319 0.0285 0.8038 0.0864 0.0495 
        D327  4 0.1118 0.6272 0.0428 0.1221 0.0960 
        D328  4 0.0410 0.0688 0.0832 0.3956 0.4114 
        D329  4 0.2489 0.1839 0.1436 0.0851 0.3385 
        D330  4 0.0916 0.4203 0.2634 0.0263 0.1984 
        D331  4 0.1164 0.2764 0.1254 0.2227 0.2591 
        D333  4 0.1557 0.1584 0.1508 0.2098 0.3252 
        D334  4 0.0380 0.1861 0.0801 0.5851 0.1108 
        D335  4 0.0560 0.6667 0.0362 0.0454 0.1957 
        D370  4 0.0405 0.0843 0.2041 0.2892 0.3819 
        D371  4 0.0566 0.1119 0.0259 0.7595 0.0462 
        D372  4 0.5009 0.0203 0.0270 0.2156 0.2362 
        D373  4 0.1525 0.0608 0.6618 0.0464 0.0785 
        D455  4 0.0483 0.0580 0.7561 0.0421 0.0956 
        D490  4 0.0189 0.0313 0.8900 0.0241 0.0356 
        D497  4 0.0335 0.0309 0.8151 0.0480 0.0725 
        D498  4 0.1210 0.1078 0.1830 0.2704 0.3179 
        D499  4 0.3198 0.0449 0.0567 0.3274 0.2512 
        D514  4 0.0554 0.4196 0.0499 0.0361 0.4390 
        D515  4 0.0974 0.0850 0.4186 0.0484 0.3506 
        D516  4 0.1458 0.3181 0.2782 0.1684 0.0894 
        D517  4 0.0848 0.0810 0.7292 0.0303 0.0747 
        D518  4 0.1250 0.1621 0.2422 0.1500 0.3207 
        D519  4 0.1877 0.1054 0.5060 0.0523 0.1487 
        D560  4 0.2373 0.1988 0.2773 0.0345 0.2520 
        D561  4 0.2737 0.1605 0.2044 0.0196 0.3418 
        D562  4 0.1820 0.1044 0.1647 0.1093 0.4396 
        D563  4 0.5739 0.0858 0.0736 0.0311 0.2356 
        D572  4 0.0543 0.3279 0.0697 0.0586 0.4894 
        D629  4 0.0774 0.5434 0.1873 0.0772 0.1148 
        D630  4 0.0885 0.2517 0.1667 0.1018 0.3913 
        D631  4 0.2862 0.1249 0.0720 0.0918 0.4251 
        D632  4 0.1214 0.0952 0.6523 0.0367 0.0944 
        D646  4 0.2269 0.3316 0.3197 0.0508 0.0709 
        D647  4 0.0679 0.6493 0.1457 0.0263 0.1108 
        D648  4 0.0321 0.0485 0.0452 0.2905 0.5837 
        D649  4 0.0407 0.6160 0.2197 0.0446 0.0790 
        D650  4 0.0822 0.3938 0.1575 0.1854 0.1812 
        D708  4 0.0601 0.0954 0.0893 0.4454 0.3098 
        D709  4 0.0431 0.0813 0.0724 0.1035 0.6998 
        D738  4 0.0504 0.1898 0.2233 0.4798 0.0567 
        D739  4 0.0552 0.0777 0.2931 0.0534 0.5206 
        D740  4 0.1662 0.0514 0.2078 0.3074 0.2672 
        D741  4 0.3824 0.2018 0.2243 0.0298 0.1616 
        D742  4 0.4321 0.0881 0.0804 0.2548 0.1447 
        D743  4 0.0658 0.7100 0.0308 0.0438 0.1497 
        D744  4 0.2385 0.2628 0.0598 0.0479 0.3910 
        D745  4 0.1055 0.0606 0.6377 0.0355 0.1607 
        D814  4 0.6748 0.0777 0.0527 0.0268 0.1680 
        D815  4 0.0461 0.3709 0.0649 0.0811 0.4371 
        D828  4 0.0894 0.0188 0.0417 0.2830 0.5670 
        D845  4 0.5990 0.0454 0.0263 0.2751 0.0542 
        D846  4 0.1907 0.3666 0.0856 0.0247 0.3324 
        D847  4 0.1147 0.2479 0.1837 0.2032 0.2506 
        D848  4 0.2902 0.0266 0.5650 0.0483 0.0699 
        D849  4 0.0644 0.0894 0.5867 0.0309 0.2286 
        D850  4 0.2809 0.3259 0.1766 0.1446 0.0720 
        D856  4 0.0742 0.1107 0.2501 0.0707 0.4943 
        D857  4 0.0484 0.0118 0.7972 0.0398 0.1028 
        D859  4 0.0863 0.2868 0.0527 0.0846 0.4897 
        D860  4 0.1795 0.1846 0.0425 0.5258 0.0677 
        D883  4 0.0583 0.3964 0.2225 0.1874 0.1354 
        D884  4 0.0500 0.1561 0.4109 0.1952 0.1878 
        D885  4 0.3829 0.2166 0.1099 0.0951 0.1955 
        D886  4 0.0658 0.2724 0.3451 0.0445 0.2721 
        D887  4 0.2768 0.1777 0.0994 0.1738 0.2724 
        D889  4 0.1704 0.0649 0.0230 0.1114 0.6303 
        D890  4 0.0789 0.1230 0.1452 0.3530 0.3000 
        D891  4 0.7744 0.0229 0.0170 0.1661 0.0196 
        D899  4 0.5280 0.0539 0.0433 0.2523 0.1226 
        D900  4 0.1223 0.3116 0.1056 0.1192 0.3412 
        D970  4 0.1161 0.3754 0.0931 0.1329 0.2825 
        D971  4 0.5503 0.1637 0.0785 0.0749 0.1326 
        D979  4 0.0360 0.7545 0.0221 0.0422 0.1452 
        D093  5 0.0473 0.0607 0.0456 0.7845 0.0618 
        D154  5 0.5637 0.0601 0.0513 0.1037 0.2212 
        D168  5 0.4148 0.1442 0.2511 0.0478 0.1422 
        D189  5 0.1642 0.0910 0.0524 0.5336 0.1589 
        D190  5 0.0286 0.0451 0.0294 0.8419 0.0550 
     D237220  5 0.0542 0.0871 0.3292 0.2004 0.3290 
     D237221  5 0.1994 0.1370 0.0661 0.4825 0.1150 
     D237274  5 0.0630 0.7686 0.0482 0.0284 0.0917 
     D237275  5 0.7258 0.0294 0.0471 0.0503 0.1474 
     D237276  5 0.0623 0.1966 0.2682 0.2693 0.2036 
     D237277  5 0.0956 0.0450 0.0301 0.7633 0.0660 
     D237278  5 0.3529 0.0586 0.1690 0.2559 0.1636 
     D237279  5 0.1685 0.0484 0.6562 0.0264 0.1005 
     D237280  5 0.0307 0.2842 0.4421 0.1241 0.1189 
     D237281  5 0.8455 0.0479 0.0281 0.0495 0.0289 
     D237351  5 0.0398 0.0371 0.7449 0.1347 0.0434 
     D237352  5 0.1056 0.2197 0.4009 0.0932 0.1807 
     D237353  5 0.0239 0.0364 0.0246 0.8825 0.0325 
     D237359  5 0.1145 0.1348 0.1978 0.1531 0.3998 
     D237361  5 0.0259 0.0266 0.0257 0.8939 0.0280 
     D237362  5 0.1131 0.3400 0.0929 0.3670 0.0870 
     D237363  5 0.5395 0.0508 0.0788 0.1141 0.2168 
     D237364  5 0.2162 0.1905 0.1383 0.0293 0.4258 
     D237376  5 0.0465 0.0157 0.0233 0.3717 0.5428 
     D237377  5 0.1113 0.3557 0.2777 0.1981 0.0572 
     D237378  5 0.0565 0.0396 0.0410 0.6783 0.1846 
     D237379  5 0.0623 0.0606 0.0559 0.3752 0.4459 
     D237380  5 0.0246 0.0754 0.7061 0.0624 0.1316 
     D237381  5 0.1014 0.1049 0.5181 0.1139 0.1618 
     D237391  5 0.0433 0.0690 0.0397 0.8064 0.0415 
     D237392  5 0.2023 0.5673 0.0840 0.0467 0.0997 
     D237393  5 0.0649 0.4663 0.1112 0.2956 0.0619 
     D237394  5 0.0194 0.0381 0.0288 0.8802 0.0335 
     D237395  5 0.1306 0.0616 0.1162 0.4823 0.2093 
     D237396  5 0.1843 0.5116 0.1091 0.1577 0.0373 
     D244016  5 0.2335 0.0834 0.0460 0.3866 0.2505 
     D244018  5 0.4615 0.0930 0.1311 0.2730 0.0414 
     D244019  5 0.2671 0.3436 0.0426 0.1228 0.2238 
        D279  5 0.3077 0.0941 0.1025 0.2275 0.2683 
        D280  5 0.1702 0.1618 0.0956 0.4372 0.1352 
        D281  5 0.6877 0.0354 0.0249 0.1308 0.1212 
        D283  5 0.0763 0.2425 0.0413 0.5992 0.0407 
        D284  5 0.1708 0.1309 0.3210 0.0561 0.3212 
        D285  5 0.0650 0.1296 0.0553 0.5493 0.2009 
        D286  5 0.0707 0.1960 0.1013 0.2434 0.3886 
        D287  5 0.0378 0.0286 0.0832 0.3568 0.4936 
        D288  5 0.1789 0.3542 0.0523 0.3346 0.0800 
        D308  5 0.0217 0.1005 0.8147 0.0287 0.0344 
        D309  5 0.0553 0.3794 0.0619 0.0343 0.4692 
        D310  5 0.0337 0.0231 0.0214 0.8468 0.0750 
        D311  5 0.0678 0.2992 0.0444 0.2540 0.3347 
        D312  5 0.0722 0.1769 0.0922 0.4102 0.2485 
        D313  5 0.0184 0.0163 0.9159 0.0320 0.0175 
        D314  5 0.2463 0.0787 0.1326 0.2303 0.3120 
        D315  5 0.0791 0.2718 0.1211 0.4203 0.1077 
        D317  5 0.0327 0.0772 0.0309 0.8258 0.0334 
        D318  5 0.2990 0.1731 0.1296 0.1325 0.2658 
        D319  5 0.0409 0.0326 0.0475 0.8375 0.0416 
        D320  5 0.0262 0.0507 0.0547 0.7794 0.0891 
        D321  5 0.0596 0.0810 0.6598 0.1688 0.0308 
        D336  5 0.0316 0.0436 0.0331 0.5976 0.2940 
        D337  5 0.0239 0.0330 0.0169 0.9021 0.0242 
        D338  5 0.1483 0.2885 0.1383 0.1915 0.2334 
        D339  5 0.1013 0.0652 0.0630 0.7152 0.0552 
        D347  5 0.1166 0.2789 0.0437 0.1474 0.4133 
        D348  5 0.0576 0.0554 0.0237 0.7507 0.1126 
        D349  5 0.0308 0.0330 0.7850 0.1120 0.0391 
        D350  5 0.0579 0.2880 0.0377 0.0315 0.5849 
        D355  5 0.5581 0.2137 0.0278 0.0443 0.1562 
        D356  5 0.0458 0.3178 0.1147 0.3972 0.1245 
        D357  5 0.1145 0.0950 0.0999 0.2423 0.4482 
        D358  5 0.1133 0.1093 0.1104 0.5014 0.1656 
        D359  5 0.0320 0.3954 0.0341 0.4860 0.0525 
        D360  5 0.0386 0.2185 0.1199 0.5382 0.0847 
        D361  5 0.0239 0.0347 0.8717 0.0464 0.0233 
        D366  5 0.3635 0.5360 0.0342 0.0371 0.0292 
        D367  5 0.0444 0.0359 0.0765 0.5735 0.2696 
        D368  5 0.0654 0.1578 0.2372 0.3971 0.1425 
        D380  5 0.2620 0.3088 0.1207 0.0657 0.2427 
        D381  5 0.1011 0.1084 0.0494 0.6573 0.0839 
        D400  5 0.1623 0.1508 0.0646 0.3535 0.2689 
        D411  5 0.0452 0.0247 0.8192 0.0189 0.0919 
        D412  5 0.3130 0.1428 0.1569 0.1503 0.2369 
        D413  5 0.7700 0.0870 0.0486 0.0439 0.0505 
        D414  5 0.2531 0.1203 0.0354 0.0384 0.5528 
        D420  5 0.2268 0.0566 0.2266 0.1830 0.3070 
        D431  5 0.1196 0.0265 0.1616 0.1999 0.4925 
        D432  5 0.1030 0.0938 0.1470 0.5895 0.0667 
        D433  5 0.0680 0.0811 0.0413 0.7469 0.0627 
        D434  5 0.0720 0.1642 0.0969 0.5808 0.0860 
        D440  5 0.0340 0.3081 0.0374 0.0243 0.5961 
        D447  5 0.2791 0.4164 0.1017 0.0267 0.1761 
        D448  5 0.0675 0.1014 0.0291 0.5502 0.2519 
        D459  5 0.7121 0.1357 0.0271 0.0680 0.0570 
        D460  5 0.0467 0.0929 0.7356 0.1032 0.0217 
        D461  5 0.0317 0.4689 0.0263 0.0431 0.4301 
        D468  5 0.1474 0.2010 0.0939 0.3667 0.1910 
        D469  5 0.0562 0.5856 0.1385 0.1165 0.1032 
        D470  5 0.0768 0.1429 0.2926 0.1608 0.3270 
        D471  5 0.0705 0.1066 0.0262 0.6272 0.1695 
        D472  5 0.1559 0.7461 0.0376 0.0292 0.0313 
        D479  5 0.7214 0.0406 0.0373 0.0421 0.1586 
        D485  5 0.0708 0.0656 0.0676 0.1447 0.6514 
        D486  5 0.1360 0.1834 0.1674 0.1906 0.3227 
        D487  5 0.1963 0.0554 0.0552 0.3870 0.3061 
        D555  5 0.0804 0.0323 0.0266 0.8190 0.0417 
        D556  5 0.1218 0.0841 0.1012 0.4033 0.2897 
        D557  5 0.0366 0.0425 0.0234 0.8634 0.0341 
        D564  5 0.0518 0.0945 0.1405 0.4466 0.2665 
        D594  5 0.1983 0.2421 0.0771 0.1651 0.3174 
        D595  5 0.1408 0.1891 0.0919 0.4641 0.1142 
        D596  5 0.0406 0.0379 0.0251 0.8625 0.0339 
        D597  5 0.3227 0.1650 0.0537 0.3822 0.0765 
        D598  5 0.0874 0.1611 0.1955 0.4462 0.1097 
        D617  5 0.2814 0.0395 0.5678 0.0245 0.0868 
        D618  5 0.0950 0.1244 0.0584 0.6389 0.0833 
        D619  5 0.1158 0.2674 0.3357 0.1897 0.0914 
        D620  5 0.8499 0.0693 0.0282 0.0263 0.0263 
        D628  5 0.0759 0.1182 0.1546 0.1406 0.5108 
        D714  5 0.1673 0.0369 0.0446 0.5479 0.2033 
        D715  5 0.0635 0.1036 0.0301 0.7566 0.0463 
        D716  5 0.1537 0.1329 0.0395 0.1445 0.5294 
        D717  5 0.0621 0.5309 0.1093 0.2013 0.0964 
        D718  5 0.1155 0.0230 0.1730 0.1444 0.5441 
        D769  5 0.2295 0.0492 0.5463 0.0399 0.1352 
        D770  5 0.2783 0.0765 0.0641 0.2819 0.2992 
        D771  5 0.2941 0.0820 0.1331 0.1358 0.3550 
        D772  5 0.0661 0.1247 0.0810 0.4051 0.3231 
        D782  5 0.4642 0.0499 0.3093 0.0655 0.1111 
        D783  5 0.4283 0.0648 0.0532 0.1840 0.2697 
        D784  5 0.0895 0.5992 0.0550 0.1534 0.1029 
        D785  5 0.0330 0.0689 0.0825 0.6864 0.1292 
        D786  5 0.1259 0.2111 0.4640 0.0312 0.1679 
        D821  5 0.0164 0.0188 0.0130 0.9210 0.0307 
        D822  5 0.1576 0.4604 0.0394 0.1645 0.1781 
        D826  5 0.2025 0.0916 0.0408 0.5108 0.1543 
        D827  5 0.1777 0.5751 0.0551 0.0538 0.1383 
        D851  5 0.2264 0.1531 0.1075 0.2982 0.2149 
        D852  5 0.1741 0.0493 0.1322 0.3638 0.2806 
        D853  5 0.0983 0.1234 0.0796 0.4182 0.2805 
        D854  5 0.2899 0.1663 0.0906 0.0623 0.3909 
        D861  5 0.3050 0.0995 0.1348 0.2857 0.1749 
        D862  5 0.0652 0.3590 0.0541 0.3878 0.1339 
        D865  5 0.0598 0.0302 0.0483 0.8046 0.0572 
        D868  5 0.0455 0.7803 0.0464 0.0897 0.0381 
        D869  5 0.0732 0.0537 0.7761 0.0543 0.0427 
        D870  5 0.3896 0.0719 0.1487 0.0243 0.3655 
        D907  5 0.0628 0.0403 0.1000 0.7176 0.0793 
        D908  5 0.1831 0.0406 0.0744 0.4935 0.2083 
        D910  5 0.2125 0.1318 0.0408 0.5036 0.1113 
        D911  5 0.6377 0.1493 0.0259 0.0678 0.1194 
        D934  5 0.3055 0.1215 0.0423 0.1820 0.3487 
        D946  5 0.1211 0.0401 0.1257 0.1096 0.6036 
        D947  5 0.0874 0.2568 0.0748 0.0994 0.4816 
        D948  5 0.0316 0.0689 0.7356 0.1420 0.0220 
        D949  5 0.0183 0.0670 0.7915 0.0941 0.0291 
        D950  5 0.6883 0.1360 0.0256 0.0692 0.0809 
        D951  5 0.1426 0.4228 0.0622 0.0529 0.3195 
        D952  5 0.0477 0.7546 0.0461 0.0955 0.0560 
        D953  5 0.0426 0.1410 0.0494 0.7077 0.0593 
        D954  5 0.0477 0.5008 0.0362 0.3618 0.0535 
        D961  5 0.0681 0.0359 0.0801 0.1699 0.6461 
        D962  5 0.0191 0.0956 0.0302 0.5924 0.2626 
        D963  5 0.0830 0.4026 0.0395 0.3104 0.1646 
        D964  5 0.1786 0.0772 0.1867 0.1469 0.4106 
        D965  5 0.1188 0.1045 0.0800 0.0882 0.6084 
        D966  5 0.1425 0.2589 0.0473 0.3541 0.1971 
        D967  5 0.2243 0.0714 0.1772 0.4258 0.1013 
        D991  5 0.0485 0.1529 0.3022 0.1397 0.3566 
        D502  6 0.2703 0.0404 0.1103 0.0199 0.5591 
        D503  6 0.4121 0.0347 0.3363 0.1285 0.0885 
        D504  6 0.1233 0.4625 0.1247 0.1527 0.1367 
        D505  6 0.1845 0.1274 0.0800 0.4348 0.1732 
        D506  6 0.0280 0.0382 0.0217 0.8745 0.0375 
        D507  6 0.2105 0.1080 0.1569 0.0788 0.4458 
        D508  6 0.1075 0.2248 0.0542 0.0680 0.5454 
        D529  6 0.1159 0.2122 0.2519 0.1806 0.2395 
        D530  6 0.0906 0.0377 0.1359 0.2725 0.4633 
        D531  6 0.1116 0.3101 0.0829 0.1757 0.3196 
        D532  6 0.1482 0.2501 0.0521 0.2980 0.2515 
        D534  6 0.0537 0.0623 0.7712 0.0263 0.0865 
        D535  6 0.0717 0.2086 0.1133 0.4602 0.1462 
        D536  6 0.8110 0.0241 0.0709 0.0223 0.0717 
        D554  6 0.0696 0.0491 0.1588 0.3405 0.3822 
        D587  6 0.0700 0.0955 0.0554 0.7176 0.0615 
        D588  6 0.2058 0.1813 0.0711 0.4704 0.0714 
        D589  6 0.4474 0.0529 0.0838 0.1971 0.2187 
        D590  6 0.7999 0.0366 0.0643 0.0536 0.0456 
        D591  6 0.2707 0.1026 0.1484 0.3390 0.1394 
        D592  6 0.0383 0.0516 0.8000 0.0792 0.0309 
        D593  6 0.0668 0.0279 0.0526 0.2350 0.6177 
        D682  6 0.0348 0.0336 0.0280 0.8640 0.0396 
        D683  6 0.0411 0.5682 0.0669 0.2448 0.0790 
        D684  6 0.3514 0.0537 0.3541 0.0314 0.2094 
        D685  6 0.2515 0.0186 0.1116 0.1134 0.5049 
        D686  6 0.0594 0.0606 0.0610 0.4170 0.4020 
        D724  6 0.0907 0.2517 0.1043 0.0350 0.5183 
        D725  6 0.2297 0.0717 0.0883 0.1713 0.4390 
        D726  6 0.0239 0.0538 0.0275 0.8434 0.0514 
        D727  6 0.6384 0.1664 0.0471 0.1027 0.0453 
        D728  6 0.0568 0.0877 0.0691 0.6311 0.1554 
        D729  6 0.4925 0.1691 0.2869 0.0210 0.0306 
        D730  6 0.1928 0.2719 0.2120 0.0455 0.2778 
        D731  6 0.1201 0.0161 0.0167 0.8120 0.0351 
        D732  6 0.0796 0.4342 0.0795 0.0603 0.3464 
        D733  6 0.0586 0.1510 0.1624 0.1227 0.5053 
     D237251  7 0.2414 0.0838 0.1053 0.1437 0.4258 
     D237252  7 0.2160 0.0587 0.3958 0.0422 0.2874 
     D237253  7 0.2810 0.0832 0.0536 0.2570 0.3253 
     D237254  7 0.0685 0.0566 0.7842 0.0239 0.0668 
     D237255  7 0.5702 0.0520 0.0359 0.1467 0.1951 
     D237256  7 0.4202 0.0745 0.0297 0.0455 0.4300 
     D237257  7 0.2201 0.0565 0.2138 0.0423 0.4672 
     D237282  7 0.1223 0.6566 0.1125 0.0273 0.0813 
     D237283  7 0.0396 0.0201 0.8531 0.0385 0.0488 
     D237284  7 0.0393 0.0764 0.8030 0.0291 0.0523 
     D237285  7 0.1851 0.0773 0.0549 0.1864 0.4963 
     D237286  7 0.2168 0.2182 0.0841 0.2520 0.2289 
     D237287  7 0.5270 0.1665 0.0746 0.0843 0.1476 
     D244006  7 0.0443 0.0386 0.8464 0.0196 0.0512 
     D244007  7 0.6840 0.1470 0.0562 0.0509 0.0618 
     D244008  7 0.0378 0.0340 0.8013 0.0665 0.0605 
     D244009  7 0.0430 0.1425 0.5408 0.1028 0.1708 
     D244010  7 0.1751 0.0474 0.2551 0.0567 0.4658 
     D244011  7 0.0814 0.0479 0.0913 0.2729 0.5066 
     D244012  7 0.3767 0.0885 0.1125 0.0602 0.3620 
     D244013  7 0.2418 0.1487 0.0656 0.2976 0.2463 
     D244014  7 0.1672 0.0706 0.2961 0.1139 0.3523 
     D244015  7 0.2719 0.1313 0.3682 0.0423 0.1864 
     D244125  7 0.1675 0.2140 0.0422 0.4910 0.0852 
     D244126  7 0.0178 0.0247 0.8675 0.0171 0.0729 
     D244130  7 0.1561 0.0641 0.3138 0.0719 0.3940 
     D244131  7 0.1053 0.2624 0.1456 0.3907 0.0959 
     D244132  7 0.0351 0.3575 0.0722 0.2906 0.2446 
        D520  7 0.0688 0.0664 0.2513 0.1499 0.4637 
        D521  7 0.0879 0.1756 0.1601 0.0776 0.4988 
        D522  7 0.0824 0.1599 0.6172 0.0910 0.0495 
        D523  7 0.5010 0.0558 0.0624 0.1766 0.2043 
        D524  7 0.2361 0.1167 0.1704 0.2899 0.1869 
        D525  7 0.2663 0.0383 0.5303 0.0917 0.0735 
        D526  7 0.0599 0.0811 0.7740 0.0256 0.0593 
        D527  7 0.0700 0.2552 0.1298 0.2055 0.3395 
        D528  7 0.4314 0.0261 0.0445 0.0207 0.4774 
        D558  7 0.1369 0.2396 0.1483 0.0269 0.4483 
        D559  7 0.1194 0.2454 0.0937 0.0266 0.5149 
        D640  7 0.1137 0.2123 0.0929 0.4072 0.1739 
        D641  7 0.1159 0.0309 0.1816 0.3986 0.2730 
        D642  7 0.2579 0.0759 0.4546 0.0593 0.1523 
        D644  7 0.1171 0.1260 0.3024 0.2750 0.1795 
        D645  7 0.2431 0.1797 0.1799 0.2151 0.1821 
        D662  7 0.0245 0.2098 0.6171 0.1153 0.0333 
        D687  7 0.1206 0.1303 0.0694 0.1972 0.4825 
        D688  7 0.1518 0.3609 0.1673 0.0321 0.2879 
        D689  7 0.1336 0.2406 0.1128 0.4063 0.1067 
        D700  7 0.4775 0.0252 0.0203 0.0186 0.4584 
        D797  7 0.1150 0.2463 0.1118 0.2178 0.3092 
        D798  7 0.0545 0.0740 0.6975 0.0460 0.1279 
        D799  7 0.1955 0.0818 0.2442 0.1262 0.3523 
        D800  7 0.1327 0.5798 0.1128 0.0376 0.1372 
        D132  8 0.0313 0.0522 0.8226 0.0580 0.0359 
        D133  8 0.8704 0.0203 0.0478 0.0254 0.0361 
        D200  8 0.0420 0.0224 0.0282 0.0207 0.8866 
        D500  8 0.0170 0.0326 0.8946 0.0255 0.0303 
        D614  8 0.0511 0.1158 0.1550 0.4429 0.2352 
        D723  8 0.1703 0.4206 0.2744 0.0634 0.0713 
        D888  8 0.4334 0.0690 0.0366 0.2055 0.2555 
        D901  8 0.1469 0.0228 0.2840 0.0716 0.4748 
        D902  8 0.0626 0.0444 0.0726 0.6390 0.1815 
        D903  8 0.0741 0.5719 0.0301 0.1136 0.2103 
        D904  8 0.0854 0.4107 0.1154 0.0867 0.3018 
        D905  8 0.3813 0.0202 0.0254 0.3825 0.1906 
        D906  8 0.5522 0.1185 0.1066 0.0531 0.1696 
        D937  8 0.0492 0.0178 0.0409 0.7917 0.1005 
        D943  8 0.1434 0.1171 0.2707 0.0621 0.4067 
        D972  8 0.1539 0.2789 0.3935 0.0555 0.1181 
        D973  8 0.0356 0.7524 0.1185 0.0378 0.0558 
        D974  8 0.1537 0.2052 0.1639 0.1521 0.3251 
        D975  8 0.0550 0.0423 0.0488 0.1014 0.7524 
        D976  8 0.1464 0.0436 0.1217 0.2303 0.4581 
        D201  9 0.3331 0.1256 0.1313 0.0588 0.3512 
        D202  9 0.1142 0.0234 0.0538 0.0668 0.7418 
     D237259  9 0.4536 0.0987 0.1644 0.0276 0.2557 
     D237260  9 0.3208 0.0260 0.2249 0.0943 0.3341 
     D237262  9 0.0241 0.0331 0.8703 0.0384 0.0341 
     D237263  9 0.1946 0.0755 0.5719 0.0395 0.1184 
     D237264  9 0.2070 0.1036 0.3123 0.2185 0.1586 
     D237265  9 0.5972 0.0284 0.0850 0.1428 0.1465 
     D237266  9 0.5925 0.0599 0.2896 0.0307 0.0274 
     D237267  9 0.1937 0.0443 0.0984 0.1205 0.5430 
     D237268  9 0.0664 0.1363 0.4306 0.0669 0.2998 
     D237289  9 0.3560 0.0306 0.1094 0.3378 0.1662 
     D237290  9 0.7267 0.0347 0.0760 0.0726 0.0899 
     D237291  9 0.6820 0.0401 0.0727 0.0894 0.1157 
     D237292  9 0.5986 0.0300 0.1671 0.0279 0.1765 
     D237293  9 0.1065 0.1487 0.2735 0.1589 0.3125 
     D237294  9 0.0893 0.0380 0.3988 0.0500 0.4240 
     D237295  9 0.0500 0.3712 0.2463 0.1667 0.1659 
     D237296  9 0.2054 0.1132 0.2211 0.1567 0.3035 
     D237297  9 0.0539 0.0397 0.0575 0.3722 0.4768 
     D237298  9 0.1491 0.3486 0.1562 0.0802 0.2660 
     D237341  9 0.4013 0.1154 0.1544 0.1417 0.1872 
     D237342  9 0.0996 0.0387 0.5271 0.0604 0.2742 
     D237343  9 0.2423 0.0658 0.4444 0.0698 0.1776 
     D237344  9 0.1599 0.0786 0.0959 0.4148 0.2509 
     D237345  9 0.0431 0.0338 0.7993 0.0164 0.1075 
     D237346  9 0.3627 0.0481 0.2556 0.2603 0.0733 
     D237347  9 0.0966 0.0509 0.0580 0.6969 0.0975 
     D237348  9 0.1857 0.1112 0.3345 0.1169 0.2516 
     D237349  9 0.5603 0.1938 0.1752 0.0268 0.0440 
     D244109  9 0.7695 0.0579 0.0763 0.0205 0.0759 
     D244110  9 0.7597 0.0610 0.0689 0.0365 0.0740 
     D244111  9 0.2354 0.1552 0.0899 0.0844 0.4351 
     D244128  9 0.0740 0.0346 0.5439 0.0254 0.3221 
     D244137  9 0.1076 0.5699 0.1619 0.0814 0.0791 
     D244138  9 0.3748 0.0429 0.1245 0.1355 0.3223 
        D580  9 0.0738 0.0720 0.3467 0.0386 0.4688 
        D581  9 0.6924 0.0255 0.0616 0.0399 0.1806 
        D582  9 0.0233 0.0269 0.7683 0.0244 0.1572 
        D583  9 0.6327 0.0282 0.2079 0.0338 0.0975 
        D584  9 0.1538 0.0337 0.2491 0.3257 0.2376 
        D585  9 0.2218 0.0516 0.4642 0.0533 0.2091 
        D586  9 0.5005 0.0399 0.0372 0.3635 0.0589 
        D651  9 0.1860 0.4864 0.1084 0.1747 0.0445 
        D652  9 0.2493 0.1316 0.5236 0.0320 0.0636 
        D653  9 0.4806 0.1759 0.0512 0.1440 0.1483 
        D654  9 0.3731 0.2472 0.1963 0.0349 0.1485 
        D655  9 0.2794 0.1281 0.0705 0.4210 0.1010 
        D656  9 0.1210 0.0412 0.7108 0.0325 0.0944 
        D657  9 0.1338 0.0708 0.1923 0.0664 0.5367 
        D667  9 0.1381 0.0819 0.1003 0.6035 0.0762 
        D668  9 0.1112 0.0537 0.5709 0.1552 0.1089 
        D669  9 0.2831 0.0774 0.1224 0.1112 0.4059 
        D670  9 0.1597 0.6052 0.0986 0.0622 0.0742 
        D671  9 0.5168 0.0700 0.0973 0.0743 0.2415 
        D672  9 0.0912 0.0521 0.6235 0.0447 0.1885 
        D673  9 0.0542 0.1613 0.2339 0.2460 0.3045 
        D692  9 0.4756 0.0489 0.3203 0.0252 0.1300 
        D693  9 0.1419 0.1585 0.2276 0.2647 0.2074 
        D694  9 0.0518 0.0262 0.5775 0.0331 0.3114 
        D695  9 0.0548 0.2600 0.5500 0.0698 0.0654 
        D696  9 0.0282 0.0304 0.0239 0.8063 0.1112 
        D697  9 0.1727 0.0922 0.1270 0.5427 0.0654 
        D698  9 0.4225 0.0560 0.1147 0.2903 0.1165 
        D699  9 0.1057 0.0326 0.1112 0.4924 0.2581 
        D787  9 0.2137 0.4235 0.2805 0.0330 0.0493 
        D788  9 0.0412 0.0869 0.1081 0.3651 0.3988 
        D789  9 0.1772 0.0340 0.1923 0.1117 0.4847 
        D790  9 0.3669 0.1324 0.2773 0.1668 0.0565 
        D791  9 0.1905 0.0266 0.0544 0.1202 0.6083 
        D792  9 0.3449 0.2837 0.2468 0.0807 0.0439 
        D793  9 0.0668 0.1845 0.0508 0.6686 0.0293 
        D794  9 0.1885 0.3226 0.1145 0.3047 0.0696 
        D795  9 0.0463 0.0255 0.5775 0.1119 0.2387 
        D796  9 0.4330 0.0534 0.0888 0.2098 0.2150 
        D142 10 0.1682 0.1076 0.0435 0.2248 0.4559 
        D143 10 0.7817 0.0473 0.0448 0.0656 0.0606 
        D144 10 0.1156 0.1862 0.2376 0.2896 0.1709 
        D145 10 0.3682 0.0677 0.0705 0.2014 0.2923 
        D146 10 0.0474 0.0561 0.6016 0.0514 0.2435 
        D147 10 0.2006 0.0739 0.1317 0.0405 0.5533 
        D148 10 0.2895 0.0927 0.0987 0.0706 0.4484 
        D149 10 0.7506 0.0823 0.0538 0.0589 0.0545 
        D151 10 0.3802 0.0355 0.1387 0.0786 0.3670 
        D152 10 0.8640 0.0236 0.0294 0.0279 0.0550 
        D153 10 0.0358 0.4798 0.1037 0.1459 0.2347 
        D156 10 0.0596 0.3519 0.0336 0.0243 0.5306 
        D157 10 0.0635 0.0574 0.2175 0.3707 0.2910 
        D158 10 0.1179 0.0252 0.0761 0.1803 0.6006 
        D159 10 0.8441 0.0481 0.0318 0.0458 0.0302 
        D160 10 0.2421 0.0148 0.0314 0.6820 0.0298 
        D161 10 0.1692 0.4095 0.1237 0.1794 0.1183 
        D162 10 0.1073 0.3084 0.0347 0.1089 0.4408 
        D169 10 0.0942 0.0371 0.7624 0.0516 0.0547 
        D170 10 0.0425 0.0865 0.6445 0.0780 0.1485 
        D171 10 0.0392 0.0858 0.0605 0.1725 0.6420 
        D172 10 0.0844 0.1641 0.1097 0.0763 0.5655 
