        D174  1 0.1473 0.1072 0.0495 0.0887 0.0754 0.5320 
        D199  1 0.0743 0.2795 0.2783 0.1538 0.0768 0.1374 
        D203  1 0.1626 0.2858 0.2402 0.1236 0.0810 0.1068 
        D204  1 0.0344 0.7663 0.0378 0.0475 0.0844 0.0296 
     D237366  1 0.5126 0.0946 0.0616 0.1417 0.1393 0.0503 
     D237367  1 0.2566 0.3811 0.0672 0.1544 0.0832 0.0573 
     D237368  1 0.3548 0.2144 0.0788 0.1510 0.0584 0.1426 
     D244101  1 0.0308 0.3407 0.2240 0.1389 0.2388 0.0269 
     D244102  1 0.2108 0.1306 0.0846 0.1286 0.3385 0.1068 
     D244103  1 0.2707 0.2646 0.0571 0.2459 0.0922 0.0694 
     D244104  1 0.0484 0.6405 0.0589 0.0659 0.0286 0.1576 
     D244105  1 0.5687 0.0705 0.0416 0.2230 0.0616 0.0345 
     D244106  1 0.0603 0.1027 0.1757 0.1351 0.0829 0.4432 
     D244107  1 0.3635 0.1456 0.0822 0.2651 0.0649 0.0787 
     D244108  1 0.0737 0.0996 0.0604 0.0740 0.0976 0.5947 
     D244113  1 0.0399 0.0394 0.0525 0.0671 0.4882 0.3129 
     D244114  1 0.1110 0.1115 0.1120 0.4275 0.1238 0.1142 
     D244115  1 0.1025 0.1210 0.0439 0.1721 0.0640 0.4965 
     D267365  1 0.0781 0.4612 0.0919 0.1001 0.0821 0.1866 
        D404  1 0.0474 0.0385 0.0481 0.0784 0.5309 0.2566 
        D405  1 0.0761 0.1271 0.0868 0.1389 0.4401 0.1311 
        D406  1 0.6704 0.1123 0.0278 0.0521 0.0679 0.0694 
        D407  1 0.1354 0.5808 0.0829 0.1319 0.0329 0.0361 
        D408  1 0.0445 0.0919 0.0912 0.1002 0.1263 0.5460 
        D409  1 0.2070 0.1581 0.0580 0.4324 0.0721 0.0724 
        D410  1 0.2349 0.1254 0.0199 0.0952 0.0504 0.4742 
        D421  1 0.0209 0.8525 0.0386 0.0294 0.0169 0.0417 
        D422  1 0.7415 0.0849 0.0373 0.0854 0.0234 0.0275 
        D423  1 0.2903 0.1545 0.0652 0.1166 0.0381 0.3351 
        D424  1 0.1146 0.5687 0.0226 0.1996 0.0431 0.0513 
        D425  1 0.0607 0.4516 0.0456 0.1939 0.0763 0.1719 
        D426  1 0.1641 0.1021 0.1244 0.5368 0.0295 0.0431 
        D427  1 0.0363 0.3014 0.4309 0.0443 0.0251 0.1620 
        D428  1 0.0999 0.3421 0.0440 0.1579 0.1753 0.1808 
        D429  1 0.0927 0.4024 0.0669 0.1447 0.1151 0.1781 
        D430  1 0.1106 0.1110 0.1889 0.3174 0.0855 0.1866 
        D491  1 0.0403 0.1611 0.0265 0.0682 0.0676 0.6363 
        D492  1 0.1110 0.3042 0.0629 0.2600 0.1404 0.1215 
        D537  1 0.0633 0.6894 0.0232 0.0942 0.0932 0.0368 
        D538  1 0.2168 0.1067 0.0866 0.2502 0.1409 0.1988 
        D539  1 0.1663 0.0741 0.1498 0.1793 0.1853 0.2452 
        D540  1 0.1387 0.3466 0.0637 0.3095 0.0569 0.0847 
        D541  1 0.0289 0.8551 0.0280 0.0381 0.0231 0.0269 
        D551  1 0.0906 0.1125 0.2465 0.4529 0.0460 0.0515 
        D552  1 0.1771 0.2423 0.0467 0.1362 0.0516 0.3462 
        D553  1 0.0263 0.8658 0.0237 0.0330 0.0200 0.0312 
        D615  1 0.1153 0.3877 0.1216 0.1380 0.0561 0.1813 
        D616  1 0.1617 0.2816 0.1499 0.1926 0.0405 0.1736 
        D621  1 0.3183 0.0430 0.0396 0.0863 0.3183 0.1945 
        D622  1 0.5908 0.0753 0.0352 0.1172 0.0784 0.1030 
        D623  1 0.0336 0.0455 0.1191 0.0811 0.5106 0.2101 
        D624  1 0.0460 0.0767 0.0356 0.1219 0.0326 0.6872 
        D625  1 0.0900 0.6813 0.0254 0.0679 0.0499 0.0855 
        D626  1 0.1501 0.1279 0.0491 0.0900 0.0701 0.5127 
        D627  1 0.1858 0.1299 0.1013 0.5051 0.0315 0.0465 
        D690  1 0.0699 0.7216 0.0195 0.0402 0.0288 0.1200 
        D691  1 0.7074 0.1063 0.0364 0.0490 0.0367 0.0642 
        D710  1 0.0768 0.3733 0.0605 0.1638 0.1164 0.2092 
        D711  1 0.0698 0.7130 0.0366 0.0653 0.0653 0.0500 
        D712  1 0.1034 0.0777 0.0822 0.0939 0.1174 0.5256 
        D713  1 0.0770 0.1801 0.0279 0.1446 0.4107 0.1597 
        D746  1 0.7147 0.1276 0.0379 0.0470 0.0306 0.0421 
        D747  1 0.0287 0.8471 0.0373 0.0265 0.0304 0.0300 
        D748  1 0.4009 0.3340 0.0303 0.0965 0.0757 0.0627 
        D749  1 0.2930 0.0424 0.0582 0.2786 0.1598 0.1681 
        D750  1 0.0576 0.2066 0.0363 0.0594 0.0638 0.5762 
        D763  1 0.1132 0.1827 0.2385 0.2214 0.1999 0.0444 
        D764  1 0.0909 0.5081 0.0288 0.0594 0.0278 0.2850 
        D765  1 0.2995 0.0563 0.0328 0.0972 0.0381 0.4761 
        D766  1 0.2522 0.2348 0.0367 0.1360 0.1980 0.1422 
        D767  1 0.2166 0.1809 0.0730 0.1070 0.3682 0.0542 
        D768  1 0.0352 0.8380 0.0298 0.0486 0.0225 0.0258 
        D811  1 0.0581 0.0604 0.0344 0.1290 0.2712 0.4469 
        D816  1 0.0323 0.8240 0.0241 0.0403 0.0331 0.0463 
        D825  1 0.0902 0.1580 0.0324 0.1582 0.1214 0.4398 
        D866  1 0.0633 0.0743 0.3633 0.1013 0.0442 0.3534 
        D867  1 0.6602 0.0499 0.0419 0.1024 0.1040 0.0415 
        D871  1 0.1736 0.1236 0.0393 0.5336 0.0678 0.0622 
        D872  1 0.1408 0.4554 0.0556 0.1119 0.1313 0.1051 
        D873  1 0.2532 0.0199 0.0304 0.0498 0.1547 0.4920 
        D874  1 0.0277 0.1861 0.0476 0.0929 0.5605 0.0852 
        D875  1 0.3089 0.0823 0.0238 0.4790 0.0645 0.0416 
        D876  1 0.0997 0.5367 0.0437 0.0930 0.0898 0.1373 
        D877  1 0.0254 0.0574 0.0356 0.1521 0.5484 0.1811 
        D892  1 0.2330 0.3418 0.0331 0.1250 0.1067 0.1605 
        D893  1 0.1013 0.6461 0.0614 0.1100 0.0507 0.0305 
        D894  1 0.0948 0.5258 0.0579 0.1619 0.0429 0.1168 
        D915  1 0.1335 0.5995 0.0384 0.0803 0.0448 0.1036 
        D916  1 0.0299 0.8556 0.0217 0.0349 0.0219 0.0361 
        D917  1 0.0538 0.2471 0.1298 0.1578 0.1624 0.2490 
        D925  1 0.1440 0.1927 0.0333 0.0472 0.0302 0.5526 
        D926  1 0.1027 0.4019 0.0415 0.2826 0.0824 0.0890 
        D927  1 0.0748 0.3229 0.3038 0.1689 0.0641 0.0654 
        D928  1 0.0218 0.1341 0.0284 0.0396 0.0824 0.6937 
        D929  1 0.1572 0.0529 0.0326 0.0679 0.6331 0.0564 
        D936  1 0.0400 0.5220 0.1034 0.1083 0.1780 0.0484 
        D938  1 0.7327 0.0518 0.0251 0.0487 0.0759 0.0658 
        D956  1 0.0594 0.0542 0.0505 0.1190 0.0893 0.6276 
        D957  1 0.2328 0.2995 0.0563 0.1106 0.1865 0.1143 
        D958  1 0.1222 0.4076 0.0313 0.0988 0.1322 0.2078 
        D959  1 0.1136 0.5562 0.0493 0.2216 0.0277 0.0317 
        D960  1 0.6029 0.0452 0.0260 0.0939 0.1415 0.0906 
        D989  1 0.0669 0.1114 0.1934 0.1149 0.0797 0.4338 
        D990  1 0.2365 0.0276 0.0751 0.1579 0.0275 0.4753 
        D023  2 0.5388 0.2360 0.0353 0.1236 0.0250 0.0413 
        D130  2 0.7103 0.1161 0.0418 0.0509 0.0556 0.0253 
        D131  2 0.0843 0.3421 0.0918 0.3387 0.0630 0.0801 
        D163  2 0.6194 0.1332 0.0304 0.0987 0.0338 0.0845 
        D164  2 0.1329 0.0351 0.5352 0.0488 0.0354 0.2126 
        D165  2 0.6145 0.1271 0.0531 0.1281 0.0350 0.0423 
        D166  2 0.2046 0.0753 0.0813 0.2539 0.3400 0.0449 
        D167  2 0.0266 0.0269 0.7999 0.0469 0.0541 0.0455 
        D192  2 0.0209 0.0171 0.8608 0.0313 0.0402 0.0298 
        D193  2 0.0810 0.0393 0.0581 0.1232 0.5296 0.1687 
        D206  2 0.1644 0.2415 0.2369 0.2101 0.1000 0.0471 
        D207  2 0.0472 0.0532 0.6689 0.1398 0.0552 0.0357 
        D208  2 0.0888 0.0896 0.2726 0.1349 0.1156 0.2985 
        D209  2 0.0522 0.0875 0.2713 0.3789 0.1589 0.0513 
        D210  2 0.0541 0.1256 0.3199 0.1007 0.0574 0.3422 
     D229599  2 0.1240 0.2416 0.1177 0.1927 0.2234 0.1007 
     D229600  2 0.4360 0.0566 0.3096 0.1077 0.0564 0.0337 
     D237227  2 0.0846 0.0617 0.0927 0.0905 0.0402 0.6303 
     D237228  2 0.0975 0.0253 0.0701 0.1185 0.0455 0.6432 
     D237258  2 0.1314 0.1326 0.2798 0.1603 0.1555 0.1405 
     D237310  2 0.2353 0.0261 0.0797 0.1506 0.1500 0.3583 
     D237311  2 0.2428 0.0428 0.2410 0.0998 0.0696 0.3040 
     D237312  2 0.3452 0.0550 0.0309 0.1064 0.3021 0.1604 
     D237313  2 0.1023 0.2924 0.0516 0.1791 0.1443 0.2303 
     D237322  2 0.1075 0.0580 0.1590 0.3841 0.1404 0.1511 
     D237323  2 0.2416 0.0252 0.0546 0.0542 0.0561 0.5684 
     D237324  2 0.2275 0.0847 0.2132 0.3994 0.0444 0.0308 
     D237325  2 0.3435 0.0742 0.0719 0.1363 0.1996 0.1745 
     D237326  2 0.1986 0.1797 0.0626 0.0701 0.0709 0.4181 
     D237327  2 0.1174 0.0897 0.3625 0.2806 0.0909 0.0590 
     D237337  2 0.2415 0.0869 0.0333 0.0763 0.0602 0.5019 
     D237338  2 0.2808 0.0874 0.1200 0.1729 0.1368 0.2021 
     D237339  2 0.0401 0.1239 0.2536 0.1460 0.4051 0.0313 
     D237340  2 0.2013 0.0423 0.2316 0.0960 0.1546 0.2742 
     D237389  2 0.2567 0.0482 0.1084 0.1516 0.1749 0.2601 
     D237390  2 0.2924 0.0866 0.0479 0.1093 0.2411 0.2226 
     D244017  2 0.0663 0.0461 0.3752 0.1516 0.0983 0.2626 
     D244112  2 0.1281 0.0262 0.7150 0.0557 0.0403 0.0347 
     D244118  2 0.2635 0.0246 0.5363 0.0615 0.0696 0.0445 
     D244119  2 0.0280 0.0388 0.3508 0.0477 0.0267 0.5080 
     D244120  2 0.0743 0.0226 0.5054 0.0752 0.2524 0.0702 
     D244122  2 0.0837 0.0495 0.6162 0.0697 0.1183 0.0627 
        D291  2 0.1417 0.1239 0.3838 0.2644 0.0403 0.0459 
        D292  2 0.0478 0.2378 0.4010 0.0731 0.0855 0.1548 
        D293  2 0.0196 0.2285 0.5989 0.0930 0.0398 0.0203 
        D322  2 0.0600 0.2621 0.4047 0.1469 0.0889 0.0374 
        D323  2 0.0761 0.1724 0.1454 0.2402 0.2913 0.0746 
        D324  2 0.1238 0.2974 0.1959 0.2123 0.0485 0.1221 
        D325  2 0.0327 0.0840 0.7850 0.0545 0.0252 0.0186 
        D326  2 0.0227 0.8552 0.0275 0.0388 0.0232 0.0326 
        D340  2 0.0250 0.0427 0.8408 0.0356 0.0268 0.0290 
        D341  2 0.0791 0.0666 0.6534 0.0790 0.0539 0.0680 
        D342  2 0.1531 0.0494 0.4944 0.2126 0.0444 0.0462 
        D343  2 0.0173 0.0430 0.8758 0.0298 0.0194 0.0147 
        D344  2 0.0496 0.1618 0.0703 0.1427 0.5352 0.0405 
        D345  2 0.1134 0.2794 0.0670 0.2549 0.1192 0.1661 
        D346  2 0.0451 0.1072 0.1099 0.0944 0.1035 0.5400 
        D351  2 0.1222 0.3560 0.1271 0.2517 0.0888 0.0542 
        D352  2 0.0496 0.0588 0.0632 0.2071 0.5481 0.0733 
        D353  2 0.0346 0.1989 0.0548 0.6043 0.0814 0.0259 
        D354  2 0.0464 0.1370 0.0279 0.0996 0.6008 0.0883 
        D362  2 0.0705 0.7330 0.0392 0.0534 0.0369 0.0670 
        D363  2 0.0448 0.7373 0.0351 0.0461 0.0390 0.0977 
        D364  2 0.0587 0.3904 0.0402 0.1175 0.3070 0.0862 
        D365  2 0.0207 0.0608 0.8218 0.0417 0.0304 0.0245 
        D369  2 0.0757 0.2465 0.2409 0.1209 0.0422 0.2739 
        D374  2 0.0249 0.0292 0.0308 0.0467 0.4849 0.3836 
        D375  2 0.0530 0.0433 0.0227 0.0866 0.7616 0.0327 
        D376  2 0.0417 0.0300 0.0496 0.0739 0.4429 0.3619 
        D377  2 0.1532 0.0820 0.1096 0.1458 0.2660 0.2435 
        D378  2 0.0942 0.3633 0.2340 0.1912 0.0773 0.0400 
        D379  2 0.0469 0.7238 0.0345 0.0803 0.0626 0.0518 
        D384  2 0.0218 0.8341 0.0258 0.0341 0.0236 0.0605 
        D385  2 0.0305 0.0341 0.6650 0.0609 0.1664 0.0432 
        D386  2 0.0886 0.2892 0.0794 0.2058 0.3027 0.0343 
        D391  2 0.0358 0.0654 0.7217 0.0720 0.0798 0.0253 
        D392  2 0.0748 0.1082 0.5776 0.0924 0.0441 0.1029 
        D393  2 0.0774 0.5207 0.1654 0.0887 0.1005 0.0474 
        D394  2 0.2836 0.1264 0.0974 0.1698 0.2407 0.0822 
        D395  2 0.0445 0.0554 0.2195 0.2313 0.4178 0.0315 
        D401  2 0.2035 0.0357 0.0640 0.0900 0.0450 0.5618 
        D402  2 0.0250 0.0403 0.8073 0.0353 0.0591 0.0330 
        D403  2 0.1310 0.2630 0.0526 0.3549 0.1670 0.0315 
        D415  2 0.0812 0.5697 0.0300 0.2393 0.0489 0.0308 
        D435  2 0.0474 0.5911 0.2188 0.0724 0.0410 0.0293 
        D436  2 0.0732 0.2047 0.0461 0.1159 0.5050 0.0550 
        D438  2 0.0238 0.0270 0.8572 0.0342 0.0307 0.0273 
        D439  2 0.1071 0.1592 0.0944 0.2802 0.3186 0.0405 
        D449  2 0.0530 0.1703 0.3600 0.3345 0.0375 0.0447 
        D450  2 0.1176 0.1896 0.0416 0.2454 0.2307 0.1750 
        D456  2 0.0358 0.8464 0.0211 0.0482 0.0207 0.0278 
        D462  2 0.0383 0.0985 0.7287 0.0487 0.0665 0.0193 
        D463  2 0.0253 0.8479 0.0168 0.0367 0.0328 0.0405 
        D464  2 0.0292 0.1115 0.0710 0.3968 0.3483 0.0432 
        D465  2 0.0573 0.3355 0.3554 0.1428 0.0585 0.0506 
        D473  2 0.1021 0.0482 0.0683 0.0833 0.1613 0.5368 
        D474  2 0.0604 0.5668 0.1441 0.0713 0.0348 0.1227 
        D476  2 0.4248 0.0661 0.1138 0.1157 0.2561 0.0235 
        D477  2 0.0455 0.4467 0.0524 0.1177 0.2177 0.1200 
        D478  2 0.2293 0.1035 0.0926 0.2833 0.1626 0.1286 
        D480  2 0.0492 0.4421 0.1744 0.1287 0.1150 0.0906 
        D481  2 0.1164 0.3803 0.0926 0.1201 0.1523 0.1382 
        D482  2 0.0998 0.0449 0.1075 0.1902 0.3910 0.1667 
        D483  2 0.0382 0.0311 0.7903 0.0434 0.0304 0.0666 
        D484  2 0.0271 0.0265 0.0385 0.0545 0.8255 0.0279 
        D510  2 0.0387 0.0455 0.0899 0.0901 0.2353 0.5005 
        D511  2 0.0681 0.3174 0.1252 0.1201 0.3322 0.0369 
        D512  2 0.2078 0.0650 0.2061 0.2481 0.1255 0.1476 
        D513  2 0.0394 0.1621 0.5204 0.1444 0.0543 0.0794 
        D635  2 0.2031 0.4847 0.0572 0.1713 0.0264 0.0573 
        D636  2 0.7269 0.0703 0.0303 0.0805 0.0294 0.0627 
        D637  2 0.0726 0.0686 0.2227 0.1764 0.3396 0.1201 
        D658  2 0.0631 0.0335 0.3901 0.0791 0.3266 0.1076 
        D659  2 0.0622 0.6880 0.0526 0.0954 0.0612 0.0407 
        D677  2 0.2716 0.3272 0.1166 0.1334 0.0998 0.0514 
        D678  2 0.0542 0.0420 0.5068 0.2538 0.0988 0.0444 
        D679  2 0.0686 0.5088 0.0971 0.1779 0.0688 0.0787 
        D719  2 0.0251 0.2704 0.2227 0.0693 0.0639 0.3486 
        D720  2 0.0342 0.7415 0.0454 0.0565 0.0281 0.0943 
        D721  2 0.4480 0.1747 0.0764 0.1935 0.0473 0.0601 
        D722  2 0.0342 0.0442 0.0872 0.0938 0.4221 0.3185 
        D734  2 0.0311 0.0783 0.1972 0.1278 0.4311 0.1345 
        D735  2 0.0922 0.4078 0.0787 0.1912 0.0769 0.1533 
        D736  2 0.0742 0.1351 0.1988 0.1133 0.0821 0.3965 
        D737  2 0.1037 0.0372 0.4956 0.1024 0.1928 0.0684 
        D807  2 0.0889 0.2121 0.1344 0.0969 0.1209 0.3470 
        D808  2 0.2344 0.1252 0.2171 0.2551 0.0850 0.0832 
        D817  2 0.0607 0.4424 0.0411 0.1298 0.1984 0.1277 
        D818  2 0.1950 0.1110 0.3365 0.2583 0.0592 0.0400 
        D819  2 0.1397 0.3440 0.0733 0.2143 0.0874 0.1412 
        D820  2 0.0314 0.7487 0.0646 0.0655 0.0582 0.0316 
        D895  2 0.1249 0.4188 0.0494 0.2527 0.0766 0.0775 
        D896  2 0.2340 0.0327 0.0288 0.0560 0.0413 0.6073 
        D897  2 0.0782 0.0570 0.5435 0.1971 0.0689 0.0553 
        D898  2 0.1346 0.1127 0.0992 0.2924 0.1775 0.1836 
        D918  2 0.3058 0.0655 0.1349 0.1995 0.1606 0.1337 
        D919  2 0.0646 0.2425 0.1765 0.2118 0.2722 0.0325 
        D920  2 0.7447 0.0426 0.0381 0.0481 0.0486 0.0779 
        D923  2 0.0403 0.6951 0.0453 0.0915 0.0952 0.0324 
        D930  2 0.0586 0.3048 0.0595 0.2217 0.1798 0.1756 
        D931  2 0.0577 0.3560 0.1660 0.1146 0.2351 0.0705 
        D968  2 0.0198 0.0402 0.8569 0.0337 0.0266 0.0228 
        D969  2 0.0554 0.2967 0.3491 0.1578 0.0531 0.0878 
        D977  2 0.0547 0.0759 0.6948 0.0953 0.0502 0.0291 
        D978  2 0.0967 0.0622 0.3242 0.3759 0.0726 0.0684 
        D211  3 0.6783 0.1155 0.0305 0.0824 0.0486 0.0448 
     D229639  3 0.0506 0.0883 0.4978 0.0884 0.0535 0.2215 
     D237212  3 0.1559 0.1682 0.2362 0.1467 0.2284 0.0646 
     D237213  3 0.3347 0.1375 0.0726 0.1798 0.2024 0.0730 
     D237214  3 0.6246 0.0628 0.0243 0.2212 0.0353 0.0318 
     D237215  3 0.0305 0.0310 0.6882 0.0686 0.0543 0.1275 
     D237216  3 0.1337 0.0663 0.0329 0.6583 0.0726 0.0362 
     D237217  3 0.4201 0.1587 0.0669 0.2946 0.0285 0.0312 
     D237218  3 0.1697 0.1720 0.2205 0.2125 0.1492 0.0761 
     D237219  3 0.3001 0.0700 0.0770 0.1643 0.0596 0.3289 
     D237382  3 0.1766 0.1681 0.0699 0.1866 0.2031 0.1956 
     D244127  3 0.2532 0.0588 0.1850 0.2360 0.0819 0.1851 
     D244129  3 0.2053 0.2265 0.1271 0.2058 0.1051 0.1302 
     D244133  3 0.1740 0.1437 0.1799 0.2224 0.0546 0.2255 
     D244134  3 0.0823 0.0692 0.1655 0.0955 0.0392 0.5483 
     D244135  3 0.6860 0.0844 0.0590 0.1050 0.0353 0.0301 
     D244136  3 0.0843 0.2494 0.1294 0.1747 0.0901 0.2722 
        D416  3 0.1461 0.2084 0.1508 0.3240 0.0804 0.0902 
        D417  3 0.1382 0.6275 0.0317 0.0993 0.0609 0.0423 
        D419  3 0.2108 0.1800 0.2002 0.1692 0.0788 0.1609 
        D565  3 0.0333 0.0899 0.0326 0.0513 0.0358 0.7571 
        D566  3 0.0396 0.0862 0.3364 0.0959 0.0478 0.3942 
        D567  3 0.1215 0.6351 0.0507 0.0683 0.0769 0.0474 
        D568  3 0.2650 0.2431 0.1475 0.1569 0.1480 0.0395 
        D569  3 0.0998 0.0474 0.0885 0.1921 0.5267 0.0455 
        D573  3 0.0339 0.1496 0.6470 0.0951 0.0330 0.0414 
        D574  3 0.1225 0.0735 0.0958 0.1570 0.1190 0.4323 
        D575  3 0.1544 0.1749 0.0838 0.1228 0.0647 0.3994 
        D576  3 0.0531 0.0153 0.7332 0.0773 0.0750 0.0461 
        D577  3 0.1165 0.6122 0.0431 0.0976 0.0812 0.0494 
        D578  3 0.7874 0.0258 0.0409 0.0977 0.0232 0.0250 
        D579  3 0.0952 0.2809 0.1585 0.1393 0.1125 0.2137 
        D660  3 0.1284 0.0427 0.4427 0.2543 0.0892 0.0427 
        D661  3 0.1065 0.0654 0.5088 0.1899 0.0974 0.0319 
        D663  3 0.0439 0.0613 0.6338 0.1568 0.0780 0.0263 
        D664  3 0.3544 0.0366 0.1693 0.1709 0.0957 0.1732 
        D665  3 0.3337 0.0374 0.0785 0.3446 0.1771 0.0287 
        D666  3 0.1467 0.1507 0.0537 0.1098 0.0734 0.4658 
        D009  4 0.3690 0.1684 0.0348 0.1854 0.1859 0.0566 
        D057  4 0.2752 0.0786 0.2582 0.0908 0.2572 0.0401 
        D109  4 0.2700 0.0871 0.0413 0.2658 0.0705 0.2653 
     D237222  4 0.5936 0.0630 0.0468 0.0659 0.1021 0.1287 
     D237223  4 0.3538 0.0760 0.1071 0.1887 0.1315 0.1429 
     D237224  4 0.0687 0.2500 0.2963 0.1248 0.1939 0.0663 
     D237225  4 0.2235 0.1833 0.0518 0.3357 0.1201 0.0856 
     D237299  4 0.3402 0.0344 0.0677 0.3738 0.0852 0.0987 
     D237300  4 0.0494 0.0382 0.6890 0.0885 0.0570 0.0778 
     D237306  4 0.0911 0.1292 0.0530 0.1219 0.2034 0.4014 
     D237307  4 0.0896 0.4421 0.0908 0.1015 0.0622 0.2137 
     D237308  4 0.0771 0.0996 0.3716 0.1224 0.1938 0.1356 
     D237309  4 0.2341 0.2059 0.0828 0.2626 0.1558 0.0588 
     D237317  4 0.0609 0.2347 0.0405 0.2044 0.0690 0.3905 
     D237318  4 0.0267 0.0437 0.8130 0.0557 0.0290 0.0319 
     D237319  4 0.3254 0.1192 0.1008 0.2229 0.1467 0.0849 
     D237320  4 0.4094 0.1140 0.2249 0.1322 0.0533 0.0662 
     D237321  4 0.0787 0.0911 0.5749 0.0968 0.0556 0.1029 
     D237397  4 0.2423 0.1072 0.1988 0.1452 0.1042 0.2024 
     D237398  4 0.0930 0.1390 0.4753 0.1917 0.0602 0.0407 
     D237399  4 0.2500 0.1875 0.1583 0.1228 0.0836 0.1978 
     D244001  4 0.5392 0.0457 0.0771 0.1189 0.1750 0.0441 
        D289  4 0.1014 0.1850 0.1572 0.1625 0.1982 0.1957 
        D290  4 0.1966 0.1576 0.0819 0.3116 0.2022 0.0502 
        D294  4 0.0990 0.1857 0.0621 0.3231 0.2872 0.0429 
        D295  4 0.1729 0.3522 0.0606 0.1307 0.1552 0.1284 
        D301  4 0.6434 0.0340 0.0845 0.0499 0.1161 0.0721 
        D302  4 0.0540 0.2986 0.0306 0.1068 0.4806 0.0295 
        D303  4 0.0617 0.0707 0.0783 0.0755 0.1729 0.5410 
        D304  4 0.1541 0.1540 0.1176 0.3338 0.1479 0.0927 
        D305  4 0.0456 0.0371 0.0650 0.5233 0.3057 0.0233 
        D306  4 0.1358 0.0777 0.0361 0.5537 0.1517 0.0450 
        D307  4 0.6954 0.0357 0.0509 0.0495 0.0647 0.1038 
        D327  4 0.0595 0.5897 0.0723 0.1232 0.0885 0.0667 
        D328  4 0.0545 0.0427 0.0369 0.0612 0.6824 0.1223 
        D329  4 0.1224 0.1203 0.1711 0.2913 0.2133 0.0815 
        D330  4 0.2204 0.3450 0.0652 0.1720 0.1517 0.0457 
        D331  4 0.1585 0.2637 0.1186 0.1711 0.1202 0.1679 
        D333  4 0.1466 0.1193 0.1274 0.1081 0.3337 0.1649 
        D334  4 0.1494 0.2051 0.0501 0.1318 0.0969 0.3666 
        D335  4 0.0337 0.3865 0.0498 0.0683 0.4183 0.0434 
        D370  4 0.0908 0.0816 0.0552 0.1022 0.4799 0.1903 
        D371  4 0.0295 0.2158 0.0555 0.0807 0.1158 0.5028 
        D372  4 0.0390 0.0273 0.5236 0.2952 0.0580 0.0570 
        D373  4 0.5730 0.0615 0.1341 0.1038 0.0792 0.0485 
        D455  4 0.6969 0.0555 0.0605 0.0566 0.0926 0.0378 
        D490  4 0.8424 0.0312 0.0179 0.0285 0.0481 0.0320 
        D497  4 0.7615 0.0260 0.0365 0.0618 0.0741 0.0400 
        D498  4 0.1616 0.1397 0.1297 0.1690 0.1689 0.2312 
        D499  4 0.0592 0.0527 0.3535 0.2093 0.1622 0.1630 
        D514  4 0.0940 0.3285 0.0470 0.2191 0.2778 0.0337 
        D515  4 0.5292 0.0837 0.0472 0.1585 0.1219 0.0596 
        D516  4 0.1931 0.2496 0.1177 0.1564 0.0865 0.1967 
        D517  4 0.5897 0.0781 0.0714 0.1806 0.0457 0.0346 
        D518  4 0.2359 0.0846 0.0680 0.0845 0.4647 0.0623 
        D519  4 0.5950 0.0930 0.0889 0.1258 0.0404 0.0570 
        D560  4 0.4082 0.1226 0.1564 0.1805 0.1030 0.0293 
        D561  4 0.2757 0.1873 0.0637 0.3596 0.0845 0.0292 
        D562  4 0.2942 0.1095 0.1159 0.2120 0.1888 0.0796 
        D563  4 0.1013 0.0770 0.4009 0.1905 0.1930 0.0373 
        D572  4 0.0824 0.1267 0.0500 0.0782 0.6265 0.0362 
        D629  4 0.2865 0.4123 0.0380 0.1369 0.0854 0.0410 
        D630  4 0.3467 0.1417 0.0837 0.1556 0.2027 0.0696 
        D631  4 0.1034 0.0738 0.2048 0.1314 0.4482 0.0382 
        D632  4 0.3675 0.1216 0.1690 0.0928 0.1992 0.0499 
        D646  4 0.2308 0.3030 0.1029 0.2055 0.0709 0.0868 
        D647  4 0.1989 0.4905 0.0719 0.0919 0.1232 0.0236 
        D648  4 0.0350 0.0259 0.0286 0.0401 0.8241 0.0463 
        D649  4 0.1569 0.4683 0.0356 0.0883 0.1830 0.0680 
        D650  4 0.1917 0.2934 0.0542 0.1411 0.1517 0.1680 
        D708  4 0.0850 0.0716 0.0466 0.2112 0.4113 0.1743 
        D709  4 0.1026 0.0833 0.0520 0.3082 0.3238 0.1301 
        D738  4 0.1419 0.1705 0.0414 0.0928 0.0739 0.4796 
        D739  4 0.4851 0.0619 0.0563 0.1481 0.1976 0.0510 
        D740  4 0.1368 0.0461 0.1085 0.3153 0.1249 0.2683 
        D741  4 0.2466 0.2135 0.1759 0.2579 0.0668 0.0393 
        D742  4 0.1410 0.0696 0.3946 0.1857 0.1012 0.1079 
        D743  4 0.0474 0.5353 0.0628 0.1004 0.2187 0.0355 
        D744  4 0.0649 0.1581 0.0985 0.1478 0.4937 0.0370 
        D745  4 0.7230 0.0483 0.0431 0.0879 0.0488 0.0488 
        D814  4 0.1457 0.0565 0.1920 0.4516 0.1302 0.0239 
        D815  4 0.0546 0.2515 0.0604 0.1053 0.4688 0.0594 
        D828  4 0.0633 0.0264 0.0864 0.1082 0.5993 0.1164 
        D845  4 0.0320 0.0521 0.7328 0.0620 0.0420 0.0791 
        D846  4 0.1524 0.2188 0.1890 0.1837 0.2364 0.0197 
        D847  4 0.3616 0.1497 0.1263 0.1545 0.0818 0.1261 
        D848  4 0.5380 0.0343 0.2341 0.1030 0.0586 0.0321 
        D849  4 0.5795 0.0631 0.0412 0.1820 0.0991 0.0351 
        D850  4 0.1855 0.2483 0.1645 0.2601 0.0465 0.0951 
        D856  4 0.2186 0.0978 0.0551 0.3610 0.1538 0.1137 
        D857  4 0.2745 0.0202 0.0856 0.1027 0.1134 0.4036 
        D859  4 0.0795 0.1082 0.0875 0.1248 0.5594 0.0407 
        D860  4 0.0394 0.1967 0.2241 0.1162 0.0984 0.3251 
        D883  4 0.2770 0.2664 0.0557 0.0822 0.1596 0.1591 
        D884  4 0.2702 0.1301 0.0416 0.1390 0.2359 0.1831 
        D885  4 0.1283 0.1783 0.1546 0.3639 0.1249 0.0500 
        D886  4 0.3716 0.2485 0.0830 0.1000 0.1414 0.0555 
        D887  4 0.1025 0.1333 0.2812 0.1749 0.1949 0.1133 
        D889  4 0.0738 0.0784 0.2166 0.4160 0.1791 0.0361 
        D890  4 0.1145 0.0914 0.0828 0.1484 0.3737 0.1892 
        D891  4 0.0227 0.0287 0.8606 0.0427 0.0197 0.0255 
        D899  4 0.0552 0.0587 0.5349 0.0931 0.1404 0.1177 
        D900  4 0.1542 0.1949 0.1234 0.2287 0.2012 0.0976 
        D970  4 0.1118 0.2315 0.1191 0.2104 0.2389 0.0883 
        D971  4 0.0664 0.1737 0.3722 0.1693 0.1403 0.0781 
        D979  4 0.0362 0.5314 0.0445 0.0704 0.2818 0.0356 
        D093  5 0.0707 0.0755 0.0757 0.0885 0.0814 0.6081 
        D154  5 0.0771 0.0583 0.3319 0.2954 0.1430 0.0943 
        D168  5 0.2118 0.1452 0.2246 0.2767 0.0871 0.0546 
        D189  5 0.0832 0.0802 0.2235 0.1348 0.1646 0.3137 
        D190  5 0.0318 0.0674 0.0485 0.0522 0.1278 0.6724 
     D237220  5 0.4071 0.0592 0.0558 0.1863 0.1348 0.1568 
     D237221  5 0.0792 0.1382 0.2108 0.1166 0.0965 0.3587 
     D237274  5 0.0384 0.5408 0.0625 0.1197 0.2054 0.0331 
     D237275  5 0.0475 0.0321 0.6968 0.1050 0.0701 0.0485 
     D237276  5 0.1912 0.1483 0.0586 0.1310 0.1415 0.3294 
     D237277  5 0.0355 0.0537 0.1561 0.0636 0.1139 0.5772 
     D237278  5 0.1095 0.0672 0.2969 0.1545 0.1353 0.2367 
     D237279  5 0.2088 0.0902 0.0549 0.4889 0.0552 0.1020 
     D237280  5 0.2071 0.1867 0.0317 0.1492 0.1047 0.3207 
     D237281  5 0.0281 0.0612 0.7903 0.0515 0.0409 0.0280 
     D237351  5 0.1613 0.0370 0.0389 0.0656 0.0391 0.6581 
     D237352  5 0.3301 0.1599 0.0676 0.1123 0.2480 0.0821 
     D237353  5 0.0228 0.0402 0.0424 0.0396 0.0829 0.7721 
     D237359  5 0.3351 0.0949 0.0941 0.2481 0.1280 0.0998 
     D237361  5 0.0262 0.0431 0.0347 0.0486 0.0476 0.7998 
     D237362  5 0.0804 0.2992 0.0782 0.1565 0.1280 0.2576 
     D237363  5 0.0504 0.0647 0.1069 0.6240 0.0555 0.0985 
     D237364  5 0.2404 0.1341 0.1639 0.2194 0.2099 0.0323 
     D237376  5 0.0342 0.0230 0.0556 0.0503 0.7052 0.1317 
     D237377  5 0.0691 0.2573 0.0525 0.1368 0.0525 0.4318 
     D237378  5 0.0738 0.0419 0.1404 0.1112 0.3503 0.2823 
     D237379  5 0.0895 0.0657 0.0661 0.1538 0.4784 0.1466 
     D237380  5 0.1614 0.0383 0.0209 0.0857 0.4270 0.2666 
     D237381  5 0.3028 0.0843 0.0736 0.1398 0.1972 0.2023 
     D237391  5 0.0483 0.0797 0.0439 0.0637 0.0394 0.7249 
     D237392  5 0.0533 0.4095 0.1729 0.1596 0.1562 0.0485 
     D237393  5 0.0697 0.3779 0.0736 0.0894 0.0654 0.3240 
     D237394  5 0.0328 0.0769 0.0245 0.0487 0.0537 0.7634 
     D237395  5 0.1618 0.0539 0.1145 0.1468 0.0904 0.4325 
     D237396  5 0.0642 0.5148 0.0956 0.1134 0.0316 0.1805 
     D244016  5 0.0496 0.0722 0.1077 0.2910 0.2789 0.2006 
     D244018  5 0.0759 0.1007 0.3815 0.1824 0.0519 0.2076 
     D244019  5 0.0530 0.2266 0.1280 0.3123 0.1527 0.1274 
        D279  5 0.1124 0.0689 0.2224 0.3022 0.1595 0.1345 
        D280  5 0.1015 0.1342 0.1293 0.3059 0.0484 0.2806 
        D281  5 0.0339 0.0467 0.6531 0.1516 0.0623 0.0524 
        D283  5 0.0408 0.2002 0.0899 0.1182 0.0383 0.5126 
        D284  5 0.4740 0.0859 0.0848 0.1929 0.0993 0.0631 
        D285  5 0.0754 0.1222 0.0830 0.2043 0.1243 0.3908 
        D286  5 0.1841 0.1268 0.0753 0.1522 0.2828 0.1789 
        D287  5 0.0788 0.0300 0.0425 0.0878 0.6103 0.1506 
        D288  5 0.0555 0.3211 0.1628 0.2127 0.0467 0.2013 
        D308  5 0.1694 0.1672 0.0381 0.0836 0.0433 0.4983 
        D309  5 0.0463 0.2478 0.0227 0.1382 0.5146 0.0304 
        D310  5 0.0250 0.0362 0.0337 0.2766 0.0762 0.5521 
        D311  5 0.0610 0.1819 0.0536 0.2243 0.3570 0.1221 
        D312  5 0.1087 0.1524 0.0687 0.1243 0.3384 0.2075 
        D313  5 0.4972 0.0233 0.0180 0.0358 0.0190 0.4067 
        D314  5 0.1474 0.0568 0.1566 0.2419 0.2358 0.1614 
        D315  5 0.1429 0.2275 0.0851 0.1378 0.0925 0.3142 
        D317  5 0.0555 0.1160 0.0523 0.0820 0.0739 0.6204 
        D318  5 0.1772 0.1596 0.1360 0.2792 0.1704 0.0776 
        D319  5 0.0239 0.0357 0.0331 0.0394 0.0464 0.8216 
        D320  5 0.0677 0.0784 0.0537 0.0933 0.1485 0.5583 
        D321  5 0.1232 0.0890 0.0698 0.0481 0.0273 0.6426 
        D336  5 0.0462 0.0539 0.0334 0.1560 0.3173 0.3932 
        D337  5 0.0252 0.0584 0.0759 0.0623 0.0809 0.6973 
        D338  5 0.1791 0.1908 0.1437 0.2295 0.0685 0.1884 
        D339  5 0.0573 0.0685 0.0727 0.1364 0.0634 0.6017 
        D347  5 0.0509 0.1858 0.1264 0.1731 0.4072 0.0566 
        D348  5 0.0323 0.0509 0.0456 0.1000 0.2959 0.4754 
        D349  5 0.1425 0.0298 0.0251 0.0360 0.0363 0.7304 
        D350  5 0.0492 0.1521 0.0461 0.0947 0.6237 0.0342 
        D355  5 0.0360 0.1379 0.2701 0.4095 0.1126 0.0340 
        D356  5 0.1560 0.3200 0.0586 0.0997 0.1049 0.2609 
        D357  5 0.0717 0.0833 0.0798 0.3079 0.2936 0.1636 
        D358  5 0.0683 0.1287 0.0959 0.1761 0.1800 0.3510 
        D359  5 0.0294 0.3267 0.0362 0.0993 0.0791 0.4292 
        D360  5 0.1625 0.1859 0.0455 0.1001 0.0865 0.4194 
        D361  5 0.1801 0.0524 0.0395 0.0560 0.0375 0.6344 
        D366  5 0.0340 0.5865 0.2134 0.0952 0.0390 0.0319 
        D367  5 0.0575 0.0413 0.0294 0.1777 0.2474 0.4467 
        D368  5 0.0866 0.1176 0.0359 0.1595 0.0665 0.5338 
        D380  5 0.0913 0.2551 0.0817 0.2838 0.2351 0.0530 
        D381  5 0.0420 0.1073 0.0743 0.1985 0.0747 0.5031 
        D400  5 0.0881 0.1190 0.1625 0.1685 0.2894 0.1725 
        D411  5 0.7747 0.0336 0.0450 0.0692 0.0544 0.0231 
        D412  5 0.1199 0.1047 0.1251 0.3954 0.1115 0.1434 
        D413  5 0.0947 0.1349 0.5674 0.1065 0.0582 0.0382 
        D414  5 0.0484 0.0573 0.1494 0.1045 0.6151 0.0254 
        D420  5 0.4064 0.0560 0.1495 0.2382 0.0628 0.0872 
        D431  5 0.1038 0.0327 0.1350 0.1981 0.3981 0.1323 
        D432  5 0.0838 0.1347 0.1044 0.1650 0.0944 0.4177 
        D433  5 0.0367 0.0748 0.0721 0.0850 0.0765 0.6549 
        D434  5 0.0679 0.1672 0.0645 0.1408 0.0828 0.4768 
        D440  5 0.0470 0.1224 0.0255 0.1515 0.6190 0.0346 
        D447  5 0.1368 0.2960 0.0637 0.3542 0.1112 0.0381 
        D448  5 0.0446 0.1006 0.0711 0.1590 0.3725 0.2522 
        D459  5 0.0390 0.1152 0.6760 0.0729 0.0609 0.0360 
        D460  5 0.1245 0.0750 0.0294 0.0492 0.0237 0.6982 
        D461  5 0.0350 0.2797 0.0274 0.0717 0.5470 0.0393 
        D468  5 0.1041 0.2467 0.0595 0.1945 0.1363 0.2589 
        D469  5 0.1368 0.4777 0.0493 0.1040 0.0923 0.1399 
        D470  5 0.3841 0.1015 0.0480 0.1139 0.2806 0.0719 
        D471  5 0.0430 0.1254 0.1052 0.1134 0.2890 0.3241 
        D472  5 0.0279 0.6386 0.2026 0.0647 0.0260 0.0402 
        D479  5 0.0473 0.0574 0.4931 0.0851 0.2823 0.0348 
        D485  5 0.0820 0.0542 0.0596 0.1041 0.6502 0.0498 
        D486  5 0.2078 0.1720 0.0502 0.2361 0.1974 0.1364 
        D487  5 0.0713 0.0586 0.3166 0.1585 0.2429 0.1521 
        D555  5 0.0348 0.0635 0.1308 0.0614 0.0659 0.6437 
        D556  5 0.0826 0.0787 0.1396 0.1184 0.3303 0.2504 
        D557  5 0.0247 0.0708 0.0599 0.0534 0.1009 0.6903 
        D564  5 0.1090 0.0897 0.0560 0.1100 0.3582 0.2771 
        D594  5 0.0534 0.1909 0.1028 0.2870 0.2804 0.0854 
        D595  5 0.0686 0.2002 0.1364 0.1434 0.1208 0.3305 
        D596  5 0.0297 0.0439 0.0641 0.0444 0.0649 0.7531 
        D597  5 0.0442 0.1909 0.3488 0.1200 0.0814 0.2146 
        D598  5 0.1302 0.1729 0.0825 0.1181 0.1899 0.3064 
        D617  5 0.5945 0.0527 0.1388 0.1257 0.0578 0.0306 
        D618  5 0.0590 0.1250 0.1533 0.0964 0.0979 0.4685 
        D619  5 0.0685 0.1927 0.0654 0.1122 0.1800 0.3812 
        D620  5 0.0367 0.0889 0.7572 0.0447 0.0291 0.0435 
        D628  5 0.0785 0.0569 0.0417 0.1061 0.6562 0.0606 
        D714  5 0.0433 0.0323 0.2346 0.1023 0.4705 0.1169 
        D715  5 0.0377 0.1524 0.1055 0.0712 0.0580 0.5752 
        D716  5 0.0654 0.1001 0.1295 0.1918 0.4628 0.0504 
        D717  5 0.1263 0.3859 0.0666 0.1252 0.1054 0.1906 
        D718  5 0.1714 0.0314 0.0836 0.2538 0.3096 0.1502 
        D769  5 0.5107 0.0388 0.0903 0.1901 0.1331 0.0370 
        D770  5 0.0522 0.0752 0.2131 0.1702 0.3996 0.0897 
        D771  5 0.1511 0.0727 0.2398 0.2310 0.1960 0.1094 
        D772  5 0.0647 0.0681 0.0485 0.0717 0.5688 0.1782 
        D782  5 0.0999 0.0884 0.2581 0.3731 0.0457 0.1348 
        D783  5 0.0465 0.0447 0.3251 0.1724 0.3138 0.0976 
        D784  5 0.0724 0.4325 0.0799 0.1604 0.1506 0.1043 
        D785  5 0.0517 0.0665 0.0316 0.0612 0.1712 0.6177 
        D786  5 0.3686 0.2114 0.0589 0.0858 0.2399 0.0354 
        D821  5 0.0200 0.0300 0.0326 0.0365 0.0821 0.7989 
        D822  5 0.0458 0.3481 0.0976 0.1944 0.1542 0.1598 
        D826  5 0.0489 0.0911 0.2092 0.1409 0.1095 0.4004 
        D827  5 0.0897 0.3490 0.0953 0.3020 0.1169 0.0469 
        D851  5 0.0870 0.1718 0.0947 0.3822 0.0915 0.1728 
        D852  5 0.0982 0.0493 0.2144 0.1302 0.3640 0.1439 
        D853  5 0.1286 0.1214 0.1180 0.1881 0.1196 0.3243 
        D854  5 0.1321 0.1570 0.1727 0.2518 0.2396 0.0469 
        D861  5 0.1082 0.0782 0.1858 0.3107 0.1082 0.2090 
        D862  5 0.0623 0.3736 0.0457 0.1329 0.1461 0.2395 
        D865  5 0.0527 0.0419 0.0796 0.0611 0.0802 0.6846 
        D868  5 0.0770 0.6384 0.0551 0.0783 0.0490 0.1022 
        D869  5 0.7089 0.0699 0.0433 0.0746 0.0340 0.0694 
        D870  5 0.1929 0.1032 0.0537 0.5841 0.0435 0.0226 
        D907  5 0.0771 0.0517 0.0460 0.1278 0.0716 0.6258 
        D908  5 0.0493 0.0422 0.3571 0.0904 0.2253 0.2356 
        D910  5 0.0519 0.1138 0.2644 0.1246 0.1860 0.2592 
        D911  5 0.0358 0.0897 0.4044 0.3764 0.0552 0.0385 
        D934  5 0.0527 0.0703 0.2267 0.1858 0.4122 0.0523 
        D946  5 0.0718 0.0349 0.1715 0.1194 0.5284 0.0739 
        D947  5 0.1191 0.1741 0.0916 0.2259 0.3178 0.0715 
        D948  5 0.1237 0.0384 0.0260 0.0278 0.0240 0.7600 
        D949  5 0.1319 0.0495 0.0254 0.0401 0.0298 0.7233 
        D950  5 0.0418 0.0978 0.4558 0.2724 0.0710 0.0612 
        D951  5 0.0589 0.3764 0.0490 0.3344 0.1433 0.0380 
        D952  5 0.0560 0.6132 0.0693 0.0723 0.0611 0.1281 
        D953  5 0.0548 0.1240 0.0623 0.0746 0.0705 0.6139 
        D954  5 0.0256 0.5028 0.0409 0.1239 0.0565 0.2503 
        D961  5 0.0643 0.0304 0.0551 0.1220 0.6511 0.0771 
        D962  5 0.0456 0.0955 0.0231 0.0558 0.5759 0.2040 
        D963  5 0.0586 0.3959 0.0812 0.1189 0.2163 0.1290 
        D964  5 0.2473 0.0643 0.1157 0.1923 0.2674 0.1129 
        D965  5 0.0817 0.0667 0.0930 0.1272 0.5729 0.0586 
        D966  5 0.0433 0.1972 0.1505 0.1753 0.2677 0.1660 
        D967  5 0.0802 0.0613 0.2956 0.1352 0.0589 0.3688 
        D991  5 0.2408 0.1019 0.0416 0.0908 0.4307 0.0942 
        D502  6 0.1559 0.0376 0.1187 0.3677 0.2998 0.0202 
        D503  6 0.2279 0.0395 0.2399 0.3126 0.0453 0.1349 
        D504  6 0.1002 0.3676 0.1026 0.1564 0.1404 0.1329 
        D505  6 0.1179 0.1395 0.1399 0.2386 0.1521 0.2120 
        D506  6 0.0331 0.0611 0.0309 0.0726 0.0610 0.7413 
        D507  6 0.0986 0.0830 0.1299 0.1675 0.4611 0.0600 
        D508  6 0.0931 0.2230 0.1153 0.2862 0.2384 0.0439 
        D529  6 0.2627 0.1601 0.0781 0.2429 0.1160 0.1403 
        D530  6 0.1132 0.0343 0.0633 0.1267 0.5345 0.1281 
        D531  6 0.1401 0.2913 0.0911 0.2080 0.1615 0.1080 
        D532  6 0.0502 0.2295 0.0847 0.1811 0.2913 0.1632 
        D534  6 0.6245 0.0886 0.0518 0.1048 0.0832 0.0471 
        D535  6 0.0720 0.2019 0.0508 0.1877 0.1196 0.3680 
        D536  6 0.1331 0.0411 0.5109 0.2112 0.0698 0.0340 
        D554  6 0.1145 0.0610 0.0487 0.1357 0.4706 0.1696 
        D587  6 0.0589 0.1445 0.0846 0.1025 0.0895 0.5200 
        D588  6 0.0406 0.2266 0.0644 0.2482 0.0581 0.3622 
        D589  6 0.0774 0.0705 0.2405 0.4055 0.0603 0.1456 
        D590  6 0.0481 0.0802 0.6080 0.1434 0.0649 0.0553 
        D591  6 0.1303 0.0943 0.1780 0.3552 0.0589 0.1832 
        D592  6 0.5085 0.0894 0.0714 0.1342 0.0462 0.1504 
        D593  6 0.0783 0.0284 0.0520 0.1041 0.6343 0.1029 
        D682  6 0.0412 0.0469 0.0397 0.0598 0.0541 0.7583 
        D683  6 0.0841 0.4766 0.0434 0.1364 0.0448 0.2148 
        D684  6 0.3575 0.0541 0.2243 0.2853 0.0410 0.0379 
        D685  6 0.0689 0.0261 0.0764 0.6926 0.0903 0.0457 
        D686  6 0.0343 0.0555 0.0447 0.1983 0.4489 0.2183 
        D724  6 0.1742 0.2140 0.1002 0.2175 0.2482 0.0459 
        D725  6 0.1045 0.0586 0.1568 0.1476 0.4654 0.0672 
        D726  6 0.0383 0.0649 0.0301 0.0682 0.1043 0.6941 
        D727  6 0.0566 0.2400 0.3855 0.1740 0.0564 0.0875 
        D728  6 0.0701 0.1048 0.0438 0.1404 0.2406 0.4002 
        D729  6 0.1416 0.3060 0.2232 0.2034 0.0334 0.0923 
        D730  6 0.2001 0.1851 0.1249 0.1949 0.2510 0.0440 
        D731  6 0.0258 0.0241 0.1990 0.0438 0.0473 0.6600 
        D732  6 0.0996 0.2686 0.0740 0.1009 0.4212 0.0356 
        D733  6 0.1190 0.0722 0.0457 0.1100 0.5785 0.0745 
     D237251  7 0.0965 0.0544 0.3673 0.1319 0.2813 0.0687 
     D237252  7 0.4022 0.0643 0.1956 0.1631 0.1182 0.0566 
     D237253  7 0.0824 0.0773 0.2991 0.2850 0.1045 0.1517 
     D237254  7 0.7982 0.0362 0.0332 0.0875 0.0213 0.0236 
     D237255  7 0.0393 0.0314 0.7465 0.0728 0.0687 0.0413 
     D237256  7 0.0472 0.0612 0.3528 0.2671 0.2222 0.0496 
     D237257  7 0.3382 0.0659 0.0733 0.3832 0.1043 0.0351 
     D237282  7 0.0987 0.4864 0.1107 0.1215 0.1510 0.0317 
     D237283  7 0.4258 0.0251 0.0431 0.3587 0.0290 0.1183 
     D237284  7 0.7374 0.0808 0.0343 0.0714 0.0396 0.0365 
     D237285  7 0.0786 0.0677 0.1187 0.1513 0.5056 0.0781 
     D237286  7 0.0829 0.1710 0.1446 0.2439 0.1837 0.1739 
     D237287  7 0.0866 0.1215 0.3888 0.2077 0.1047 0.0907 
     D244006  7 0.7723 0.0386 0.0399 0.0791 0.0444 0.0257 
     D244007  7 0.0659 0.2150 0.4201 0.1789 0.0769 0.0433 
     D244008  7 0.4589 0.0467 0.0332 0.2606 0.0345 0.1661 
     D244009  7 0.4392 0.0874 0.0384 0.1093 0.2111 0.1146 
     D244010  7 0.3908 0.0509 0.0834 0.3440 0.0686 0.0623 
     D244011  7 0.1279 0.0514 0.1130 0.2631 0.2592 0.1853 
     D244012  7 0.1736 0.0897 0.2104 0.3379 0.1331 0.0553 
     D244013  7 0.0811 0.1142 0.3405 0.1253 0.1739 0.1650 
     D244014  7 0.1854 0.0693 0.1770 0.2650 0.2289 0.0744 
     D244015  7 0.3126 0.1382 0.0819 0.3208 0.0890 0.0575 
     D244125  7 0.0470 0.1774 0.1831 0.1291 0.1240 0.3393 
     D244126  7 0.6798 0.0309 0.0298 0.1668 0.0599 0.0329 
     D244130  7 0.1133 0.0662 0.0937 0.3306 0.2870 0.1093 
     D244131  7 0.1329 0.2192 0.0967 0.1453 0.1133 0.2926 
     D244132  7 0.0415 0.1388 0.0406 0.0675 0.5602 0.1513 
        D520  7 0.1691 0.0765 0.0393 0.4571 0.0932 0.1647 
        D521  7 0.1813 0.1457 0.1003 0.2051 0.2604 0.1071 
        D522  7 0.3790 0.1576 0.0603 0.1248 0.1082 0.1701 
        D523  7 0.0662 0.0583 0.4731 0.2325 0.0938 0.0761 
        D524  7 0.1574 0.0896 0.2868 0.1457 0.1815 0.1390 
        D525  7 0.4136 0.0643 0.2432 0.1427 0.0689 0.0672 
        D526  7 0.6972 0.0938 0.0378 0.1172 0.0255 0.0285 
        D527  7 0.1687 0.2022 0.0668 0.2196 0.2473 0.0953 
        D528  7 0.0357 0.0206 0.0159 0.8898 0.0218 0.0163 
        D558  7 0.0904 0.1211 0.0600 0.0778 0.6219 0.0288 
        D559  7 0.0656 0.0739 0.0721 0.1357 0.6298 0.0229 
        D640  7 0.0680 0.1237 0.1291 0.1723 0.2946 0.2124 
        D641  7 0.1339 0.0393 0.1928 0.1430 0.1539 0.3370 
        D642  7 0.3390 0.0915 0.1908 0.1358 0.1445 0.0983 
        D644  7 0.3003 0.0955 0.1178 0.1323 0.1950 0.1592 
        D645  7 0.2159 0.1291 0.2041 0.1662 0.1082 0.1764 
        D662  7 0.1635 0.1715 0.0252 0.0621 0.0422 0.5356 
        D687  7 0.0883 0.0886 0.0853 0.3764 0.2496 0.1118 
        D688  7 0.2395 0.2906 0.0980 0.1679 0.1749 0.0292 
        D689  7 0.0934 0.2203 0.1149 0.1688 0.0714 0.3313 
        D700  7 0.0201 0.0245 0.0209 0.8965 0.0206 0.0174 
        D797  7 0.0983 0.2113 0.1086 0.2069 0.2197 0.1552 
        D798  7 0.1754 0.0713 0.0446 0.2478 0.1090 0.3519 
        D799  7 0.1224 0.0559 0.2817 0.3063 0.1591 0.0746 
        D800  7 0.0895 0.4249 0.0786 0.2765 0.0745 0.0560 
        D132  8 0.7723 0.0596 0.0315 0.0466 0.0377 0.0522 
        D133  8 0.1171 0.0302 0.7108 0.0771 0.0369 0.0279 
        D200  8 0.1934 0.0459 0.1088 0.3194 0.3017 0.0308 
        D500  8 0.8089 0.0542 0.0221 0.0350 0.0406 0.0393 
        D614  8 0.1819 0.1156 0.0517 0.1311 0.1546 0.3651 
        D723  8 0.2067 0.4273 0.1092 0.1184 0.0708 0.0676 
        D888  8 0.0462 0.0581 0.6656 0.0941 0.0880 0.0479 
        D901  8 0.4842 0.0303 0.0530 0.2175 0.1375 0.0774 
        D902  8 0.0544 0.0550 0.0522 0.1028 0.1686 0.5670 
        D903  8 0.0478 0.4335 0.0566 0.1546 0.2459 0.0616 
        D904  8 0.1920 0.2797 0.0610 0.1164 0.2849 0.0660 
        D905  8 0.0372 0.0249 0.6164 0.0942 0.1176 0.1096 
        D906  8 0.1545 0.0800 0.3466 0.2781 0.0969 0.0439 
        D937  8 0.0290 0.0213 0.0427 0.0710 0.0845 0.7515 
        D943  8 0.4737 0.0615 0.0802 0.2535 0.0806 0.0505 
        D972  8 0.3609 0.2356 0.0996 0.1585 0.0832 0.0622 
        D973  8 0.1075 0.6208 0.0417 0.0857 0.0670 0.0774 
        D974  8 0.2003 0.1834 0.1260 0.1996 0.1664 0.1243 
        D975  8 0.2282 0.0582 0.1038 0.3810 0.1527 0.0760 
        D976  8 0.1759 0.0396 0.1039 0.3346 0.1980 0.1480 
        D201  9 0.1486 0.0907 0.2299 0.2692 0.2094 0.0522 
        D202  9 0.0888 0.0296 0.1099 0.1968 0.5158 0.0590 
     D237259  9 0.0572 0.0989 0.0768 0.6616 0.0725 0.0329 
     D237260  9 0.2390 0.0278 0.3657 0.1979 0.0991 0.0705 
     D237262  9 0.6388 0.0500 0.0303 0.1313 0.0313 0.1184 
