        D174  1 0.4748 0.1636 0.1004 0.0472 0.1268 0.0873 
        D199  1 0.1183 0.0708 0.0746 0.2375 0.1696 0.3291 
        D203  1 0.0892 0.1586 0.1209 0.2355 0.1025 0.2933 
        D204  1 0.0312 0.0333 0.0557 0.0399 0.0371 0.8027 
     D237366  1 0.0511 0.5176 0.1316 0.0783 0.1373 0.0842 
     D237367  1 0.0599 0.3214 0.0863 0.0538 0.2039 0.2748 
     D237368  1 0.1370 0.4025 0.0517 0.0755 0.1167 0.2166 
     D244101  1 0.0302 0.0285 0.1495 0.1560 0.1126 0.5232 
     D244102  1 0.1043 0.1747 0.3827 0.0885 0.1285 0.1213 
     D244103  1 0.0753 0.2066 0.1163 0.0575 0.3965 0.1479 
     D244104  1 0.1726 0.0488 0.0268 0.0506 0.0498 0.6514 
     D244105  1 0.0324 0.5097 0.1145 0.0371 0.2473 0.0590 
     D244106  1 0.4684 0.0630 0.1050 0.1646 0.1255 0.0735 
     D244107  1 0.0888 0.3369 0.0640 0.0701 0.2905 0.1496 
     D244108  1 0.5658 0.0830 0.0985 0.0585 0.0763 0.1178 
     D244113  1 0.2793 0.0495 0.4987 0.0635 0.0740 0.0350 
     D244114  1 0.0969 0.0928 0.2150 0.1315 0.3490 0.1149 
     D244115  1 0.5375 0.0802 0.0670 0.0388 0.1708 0.1058 
     D267365  1 0.2054 0.0784 0.0860 0.0859 0.1085 0.4358 
        D404  1 0.2043 0.0401 0.5983 0.0519 0.0667 0.0386 
        D405  1 0.0879 0.0905 0.4664 0.1146 0.1250 0.1157 
        D406  1 0.0654 0.6547 0.0490 0.0279 0.0519 0.1512 
        D407  1 0.0408 0.1979 0.0404 0.0694 0.2528 0.3988 
        D408  1 0.5593 0.0454 0.1349 0.0859 0.1008 0.0738 
        D409  1 0.0646 0.0935 0.0958 0.0750 0.5611 0.1100 
        D410  1 0.5023 0.2262 0.0498 0.0223 0.0919 0.1074 
        D421  1 0.0414 0.0312 0.0178 0.0423 0.0441 0.8233 
        D422  1 0.0272 0.7418 0.0241 0.0346 0.1136 0.0588 
        D423  1 0.3329 0.2929 0.0446 0.0580 0.1471 0.1246 
        D424  1 0.0516 0.1038 0.0396 0.0278 0.2434 0.5338 
        D425  1 0.2156 0.0590 0.1258 0.0501 0.2040 0.3455 
        D426  1 0.0467 0.0673 0.0377 0.1024 0.6745 0.0714 
        D427  1 0.2182 0.0371 0.0261 0.4384 0.0486 0.2316 
        D428  1 0.1960 0.1191 0.1212 0.0547 0.1751 0.3339 
        D429  1 0.1766 0.0984 0.1081 0.0803 0.1425 0.3941 
        D430  1 0.1438 0.1242 0.1615 0.1654 0.3113 0.0938 
        D491  1 0.6534 0.0410 0.0742 0.0300 0.0815 0.1198 
        D492  1 0.1232 0.1391 0.1339 0.0636 0.2211 0.3190 
        D537  1 0.0540 0.1094 0.0986 0.0334 0.1321 0.5724 
        D538  1 0.1966 0.2114 0.1888 0.0784 0.2117 0.1130 
        D539  1 0.2181 0.1800 0.2067 0.1973 0.1352 0.0627 
        D540  1 0.1368 0.1735 0.0752 0.0644 0.3024 0.2478 
        D541  1 0.0303 0.0346 0.0238 0.0290 0.0325 0.8499 
        D551  1 0.0509 0.1021 0.0492 0.3088 0.4013 0.0878 
        D552  1 0.3788 0.1491 0.0505 0.0552 0.1168 0.2496 
        D553  1 0.0324 0.0289 0.0205 0.0226 0.0425 0.8531 
        D615  1 0.1796 0.1250 0.0688 0.1328 0.1075 0.3863 
        D616  1 0.1483 0.1450 0.0405 0.1421 0.2007 0.3233 
        D621  1 0.1960 0.3944 0.2324 0.0432 0.0953 0.0388 
        D622  1 0.0960 0.6152 0.0645 0.0396 0.1158 0.0690 
        D623  1 0.2038 0.0421 0.4439 0.1425 0.0938 0.0739 
        D624  1 0.7057 0.0522 0.0399 0.0290 0.0960 0.0773 
        D625  1 0.0946 0.0745 0.0464 0.0253 0.0726 0.6865 
        D626  1 0.5358 0.1640 0.0796 0.0574 0.0888 0.0746 
        D627  1 0.0466 0.1232 0.0361 0.1103 0.5825 0.1014 
        D690  1 0.1433 0.0572 0.0310 0.0181 0.0383 0.7120 
        D691  1 0.0593 0.6965 0.0345 0.0327 0.0507 0.1263 
        D710  1 0.1997 0.0899 0.0999 0.0480 0.1551 0.4074 
        D711  1 0.0549 0.0749 0.0596 0.0351 0.0528 0.7227 
        D712  1 0.5102 0.1084 0.1413 0.0786 0.0937 0.0677 
        D713  1 0.1606 0.0718 0.4238 0.0261 0.1116 0.2060 
        D746  1 0.0455 0.7146 0.0261 0.0354 0.0519 0.1265 
        D747  1 0.0275 0.0249 0.0247 0.0357 0.0346 0.8525 
        D748  1 0.0650 0.3452 0.0998 0.0295 0.0838 0.3767 
        D749  1 0.1743 0.3450 0.1497 0.0657 0.2149 0.0504 
        D750  1 0.5994 0.0490 0.0616 0.0346 0.0582 0.1972 
        D763  1 0.0562 0.1260 0.1503 0.2334 0.2181 0.2160 
        D764  1 0.3573 0.0757 0.0294 0.0236 0.0761 0.4378 
        D765  1 0.4945 0.2749 0.0571 0.0333 0.1002 0.0401 
        D766  1 0.1873 0.2969 0.1255 0.0354 0.1486 0.2063 
        D767  1 0.0478 0.2150 0.3450 0.0836 0.1098 0.1987 
        D768  1 0.0275 0.0478 0.0253 0.0276 0.0628 0.8090 
        D811  1 0.4206 0.0562 0.3306 0.0380 0.1108 0.0437 
        D816  1 0.0470 0.0358 0.0286 0.0260 0.0462 0.8163 
        D825  1 0.4489 0.1107 0.1222 0.0315 0.1617 0.1250 
        D866  1 0.3585 0.0598 0.0494 0.3294 0.1158 0.0870 
        D867  1 0.0421 0.6567 0.1087 0.0500 0.1054 0.0370 
        D871  1 0.0596 0.0743 0.0629 0.0321 0.6792 0.0919 
        D872  1 0.1017 0.1827 0.1121 0.0544 0.0894 0.4597 
        D873  1 0.5099 0.2029 0.1872 0.0287 0.0500 0.0214 
        D874  1 0.1083 0.0296 0.4226 0.0506 0.0836 0.3053 
        D875  1 0.0399 0.1812 0.0640 0.0248 0.6243 0.0659 
        D876  1 0.1168 0.0936 0.0607 0.0350 0.0872 0.6068 
        D877  1 0.1671 0.0297 0.5680 0.0438 0.1230 0.0684 
        D892  1 0.1237 0.2553 0.1307 0.0266 0.1108 0.3529 
        D893  1 0.0368 0.0973 0.0483 0.0661 0.1186 0.6330 
        D894  1 0.0916 0.0941 0.0585 0.0536 0.1319 0.5702 
        D915  1 0.1050 0.1202 0.0487 0.0467 0.1151 0.5643 
        D916  1 0.0422 0.0334 0.0228 0.0216 0.0275 0.8525 
        D917  1 0.2402 0.0626 0.1245 0.1096 0.1606 0.3025 
        D925  1 0.5399 0.1661 0.0341 0.0304 0.0454 0.1842 
        D926  1 0.1058 0.0927 0.0806 0.0446 0.2705 0.4058 
        D927  1 0.0540 0.0739 0.0583 0.2494 0.1603 0.4042 
        D928  1 0.7140 0.0229 0.0660 0.0291 0.0383 0.1298 
        D929  1 0.0692 0.1593 0.5788 0.0365 0.0863 0.0700 
        D936  1 0.0520 0.0363 0.0956 0.1030 0.0988 0.6142 
        D938  1 0.0559 0.7300 0.0684 0.0242 0.0630 0.0586 
        D956  1 0.6143 0.0571 0.1294 0.0642 0.0864 0.0486 
        D957  1 0.1222 0.2038 0.1550 0.0591 0.0963 0.3636 
        D958  1 0.2311 0.1259 0.0849 0.0278 0.0909 0.4394 
        D959  1 0.0414 0.1845 0.0307 0.0526 0.3388 0.3519 
        D960  1 0.0703 0.5903 0.1623 0.0350 0.0853 0.0568 
        D989  1 0.4014 0.0685 0.0825 0.2185 0.1058 0.1232 
        D990  1 0.5051 0.2291 0.0257 0.0849 0.1224 0.0329 
        D023  2 0.0388 0.5340 0.0275 0.0315 0.1057 0.2625 
        D130  2 0.0216 0.6982 0.0611 0.0463 0.0413 0.1314 
        D131  2 0.0716 0.0801 0.0798 0.0686 0.3800 0.3199 
        D163  2 0.0897 0.6218 0.0390 0.0348 0.1166 0.0981 
        D164  2 0.2176 0.1284 0.0352 0.5290 0.0535 0.0364 
        D165  2 0.0438 0.6211 0.0295 0.0490 0.1291 0.1273 
        D166  2 0.0373 0.2045 0.4435 0.0816 0.1586 0.0745 
        D167  2 0.0364 0.0303 0.0518 0.8107 0.0426 0.0281 
        D192  2 0.0224 0.0240 0.0339 0.8747 0.0240 0.0210 
        D193  2 0.1014 0.0591 0.6108 0.0634 0.1300 0.0353 
        D206  2 0.0450 0.1877 0.1016 0.2570 0.2565 0.1522 
        D207  2 0.0292 0.0403 0.0897 0.5891 0.1807 0.0710 
        D208  2 0.3138 0.0955 0.1028 0.2815 0.0974 0.1089 
        D209  2 0.0541 0.0698 0.1340 0.3107 0.3413 0.0902 
        D210  2 0.3675 0.0564 0.0563 0.2966 0.0878 0.1354 
     D229599  2 0.1063 0.1179 0.2098 0.1071 0.2384 0.2206 
     D229600  2 0.0364 0.4113 0.0538 0.3397 0.1055 0.0533 
     D237227  2 0.6019 0.0901 0.0427 0.0915 0.1010 0.0729 
     D237228  2 0.6170 0.0801 0.0788 0.0765 0.1248 0.0227 
     D237258  2 0.1389 0.1461 0.1437 0.2683 0.1626 0.1405 
     D237310  2 0.3099 0.1850 0.2452 0.0837 0.1488 0.0274 
     D237311  2 0.3105 0.1850 0.1098 0.2564 0.1059 0.0324 
     D237312  2 0.1062 0.2158 0.4916 0.0361 0.1049 0.0454 
     D237313  2 0.3139 0.1243 0.1020 0.0566 0.2094 0.1938 
     D237322  2 0.1656 0.1052 0.2004 0.1701 0.2956 0.0632 
     D237323  2 0.5389 0.2270 0.0823 0.0511 0.0704 0.0303 
     D237324  2 0.0316 0.2379 0.0393 0.2879 0.2951 0.1082 
     D237325  2 0.1850 0.3152 0.2070 0.0818 0.1386 0.0724 
     D237326  2 0.4082 0.1722 0.0650 0.0487 0.0768 0.2291 
     D237327  2 0.0775 0.1688 0.0735 0.3121 0.2620 0.1060 
     D237337  2 0.5279 0.2119 0.0696 0.0321 0.1007 0.0578 
     D237338  2 0.2048 0.2910 0.1237 0.1319 0.1651 0.0835 
     D237339  2 0.0314 0.0412 0.2858 0.2705 0.1580 0.2130 
     D237340  2 0.2589 0.1628 0.1978 0.2504 0.0881 0.0421 
     D237389  2 0.1744 0.2337 0.2523 0.1236 0.1718 0.0442 
     D237390  2 0.1766 0.2264 0.3771 0.0481 0.1074 0.0643 
     D244017  2 0.1929 0.0759 0.1579 0.3628 0.1568 0.0538 
     D244112  2 0.0288 0.1081 0.0624 0.7184 0.0545 0.0279 
     D244118  2 0.0380 0.2369 0.0527 0.6013 0.0441 0.0270 
     D244119  2 0.5004 0.0286 0.0333 0.3408 0.0544 0.0425 
     D244120  2 0.0528 0.0619 0.3468 0.4585 0.0571 0.0228 
     D244122  2 0.0547 0.0950 0.1054 0.6448 0.0587 0.0415 
        D291  2 0.0430 0.1291 0.0608 0.4115 0.2497 0.1059 
        D292  2 0.1259 0.0463 0.0734 0.3801 0.0716 0.3026 
        D293  2 0.0212 0.0208 0.0357 0.4241 0.1024 0.3958 
        D322  2 0.0389 0.0498 0.0563 0.3277 0.1088 0.4186 
        D323  2 0.0829 0.0802 0.2512 0.1796 0.2502 0.1559 
        D324  2 0.1229 0.1038 0.0443 0.1723 0.2592 0.2975 
        D325  2 0.0188 0.0357 0.0269 0.7276 0.1078 0.0832 
        D326  2 0.0367 0.0225 0.0287 0.0298 0.0465 0.8357 
        D340  2 0.0263 0.0252 0.0256 0.8497 0.0362 0.0369 
        D341  2 0.0714 0.0819 0.0619 0.6451 0.0689 0.0708 
        D342  2 0.0431 0.1502 0.0551 0.5732 0.1359 0.0425 
        D343  2 0.0157 0.0239 0.0183 0.8553 0.0402 0.0466 
        D344  2 0.0512 0.0576 0.4865 0.0696 0.1969 0.1382 
        D345  2 0.1665 0.1453 0.0912 0.0832 0.2433 0.2704 
        D346  2 0.5227 0.0449 0.1177 0.1179 0.1028 0.0940 
        D351  2 0.0410 0.0916 0.1022 0.1070 0.2003 0.4579 
        D352  2 0.0922 0.0552 0.4452 0.0776 0.2640 0.0657 
        D353  2 0.0312 0.0361 0.0832 0.0472 0.6213 0.1810 
        D354  2 0.1526 0.0581 0.4725 0.0291 0.1223 0.1654 
        D362  2 0.0676 0.0777 0.0474 0.0412 0.0684 0.6979 
        D363  2 0.0735 0.0352 0.0331 0.0390 0.0562 0.7630 
        D364  2 0.1101 0.0515 0.2623 0.0421 0.1389 0.3951 
        D365  2 0.0258 0.0206 0.0336 0.8005 0.0465 0.0729 
        D369  2 0.2333 0.0561 0.0452 0.1907 0.1290 0.3458 
        D374  2 0.3294 0.0309 0.5056 0.0416 0.0601 0.0324 
        D375  2 0.0423 0.0540 0.6893 0.0249 0.1357 0.0538 
        D376  2 0.3815 0.0355 0.4216 0.0553 0.0772 0.0289 
        D377  2 0.2027 0.1437 0.3249 0.0885 0.1819 0.0583 
        D378  2 0.0334 0.0698 0.0583 0.1942 0.1429 0.5014 
        D379  2 0.0508 0.0548 0.0914 0.0375 0.1200 0.6455 
        D384  2 0.0547 0.0228 0.0253 0.0249 0.0453 0.8271 
        D385  2 0.0434 0.0285 0.1601 0.6698 0.0609 0.0372 
        D386  2 0.0359 0.0913 0.2235 0.0780 0.2090 0.3624 
        D391  2 0.0313 0.0328 0.0812 0.6975 0.0622 0.0949 
        D392  2 0.1143 0.0886 0.0426 0.5292 0.0839 0.1414 
        D393  2 0.0408 0.0672 0.0583 0.1214 0.0769 0.6356 
        D394  2 0.0803 0.2728 0.1903 0.0923 0.1775 0.1868 
        D395  2 0.0306 0.0496 0.3503 0.2841 0.2304 0.0550 
        D401  2 0.5786 0.1616 0.0568 0.0598 0.1074 0.0358 
        D402  2 0.0343 0.0263 0.0608 0.7856 0.0482 0.0448 
        D403  2 0.0409 0.1999 0.1268 0.0500 0.3562 0.2262 
        D415  2 0.0296 0.0794 0.0411 0.0333 0.2351 0.5814 
        D435  2 0.0329 0.0543 0.0454 0.2070 0.0646 0.5958 
        D436  2 0.0605 0.0940 0.4959 0.0546 0.1311 0.1639 
        D438  2 0.0285 0.0311 0.0321 0.8284 0.0490 0.0309 
        D439  2 0.0389 0.1067 0.2158 0.1071 0.3304 0.2012 
        D449  2 0.0400 0.0546 0.0347 0.4061 0.3334 0.1311 
        D450  2 0.2054 0.1044 0.2467 0.0478 0.2258 0.1700 
        D456  2 0.0333 0.0338 0.0287 0.0247 0.0460 0.8336 
        D462  2 0.0201 0.0380 0.0473 0.7143 0.0475 0.1328 
        D463  2 0.0507 0.0276 0.0318 0.0215 0.0785 0.7900 
        D464  2 0.0467 0.0397 0.3425 0.0706 0.3868 0.1137 
        D465  2 0.0568 0.0689 0.0549 0.3183 0.1734 0.3277 
        D473  2 0.5530 0.0988 0.1376 0.0716 0.0855 0.0534 
        D474  2 0.1212 0.0654 0.0322 0.1176 0.0788 0.5848 
        D476  2 0.0247 0.4577 0.1821 0.1258 0.1080 0.1016 
        D477  2 0.1194 0.0422 0.1525 0.0543 0.1054 0.5261 
        D478  2 0.1019 0.1968 0.2146 0.0767 0.3243 0.0857 
        D480  2 0.1094 0.0466 0.0952 0.1324 0.1108 0.5057 
        D481  2 0.1378 0.1041 0.1148 0.0688 0.1197 0.4547 
        D482  2 0.1851 0.1454 0.3149 0.1073 0.2021 0.0452 
        D483  2 0.0548 0.0328 0.0349 0.7937 0.0419 0.0419 
        D484  2 0.0373 0.0424 0.7191 0.0602 0.1005 0.0404 
        D510  2 0.4507 0.0453 0.2854 0.0904 0.0825 0.0458 
        D511  2 0.0497 0.0674 0.1862 0.1143 0.1289 0.4536 
        D512  2 0.1245 0.1998 0.1725 0.1744 0.2603 0.0685 
        D513  2 0.0937 0.0605 0.0590 0.5166 0.1534 0.1168 
        D635  2 0.0525 0.1453 0.0258 0.0517 0.1796 0.5451 
        D636  2 0.0740 0.7496 0.0290 0.0311 0.0564 0.0598 
        D637  2 0.1198 0.0681 0.3421 0.2301 0.1733 0.0666 
        D658  2 0.1105 0.0590 0.2741 0.4416 0.0700 0.0448 
        D659  2 0.0462 0.0771 0.0576 0.0593 0.1322 0.6276 
        D677  2 0.0521 0.3005 0.1409 0.1227 0.1473 0.2365 
        D678  2 0.0347 0.0644 0.0892 0.6082 0.1660 0.0375 
        D679  2 0.1084 0.0807 0.0759 0.1024 0.1957 0.4367 
        D719  2 0.3318 0.0250 0.0520 0.2144 0.0625 0.3142 
        D720  2 0.0921 0.0481 0.0309 0.0402 0.0561 0.7325 
        D721  2 0.0717 0.4474 0.0424 0.0985 0.1571 0.1829 
        D722  2 0.2902 0.0382 0.4351 0.0922 0.0990 0.0453 
        D734  2 0.1819 0.0297 0.3690 0.1973 0.1113 0.1107 
        D735  2 0.1788 0.0809 0.0713 0.0732 0.1954 0.4003 
        D736  2 0.3728 0.0663 0.0885 0.2214 0.1182 0.1328 
        D737  2 0.0586 0.0816 0.1584 0.5650 0.0898 0.0466 
        D807  2 0.2740 0.0890 0.1197 0.1208 0.0939 0.3026 
        D808  2 0.0793 0.1998 0.0971 0.1843 0.2237 0.2158 
        D817  2 0.1318 0.0866 0.1829 0.0489 0.1770 0.3728 
        D818  2 0.0338 0.2019 0.0789 0.2988 0.2738 0.1128 
        D819  2 0.1422 0.1405 0.0970 0.0653 0.2453 0.3098 
        D820  2 0.0241 0.0325 0.0374 0.0384 0.0388 0.8289 
        D895  2 0.0931 0.1652 0.0747 0.0535 0.2542 0.3594 
        D896  2 0.6145 0.1804 0.0696 0.0307 0.0633 0.0415 
        D897  2 0.0494 0.0790 0.0825 0.5386 0.1916 0.0589 
        D898  2 0.1521 0.1138 0.2220 0.0993 0.3331 0.0797 
        D918  2 0.1276 0.2947 0.1596 0.1295 0.2133 0.0752 
        D919  2 0.0352 0.0598 0.1942 0.1621 0.2331 0.3156 
        D920  2 0.0728 0.7323 0.0617 0.0413 0.0501 0.0418 
        D923  2 0.0327 0.0433 0.0953 0.0483 0.0953 0.6851 
        D930  2 0.2017 0.0590 0.1761 0.0695 0.2112 0.2824 
        D931  2 0.0694 0.0578 0.1795 0.1129 0.0925 0.4880 
        D968  2 0.0225 0.0199 0.0292 0.8450 0.0356 0.0478 
        D969  2 0.0799 0.0462 0.0533 0.2743 0.1558 0.3906 
        D977  2 0.0345 0.0560 0.0623 0.6051 0.1756 0.0664 
        D978  2 0.0538 0.0741 0.1094 0.3218 0.3758 0.0651 
        D211  3 0.0347 0.6681 0.0903 0.0351 0.0729 0.0988 
     D229639  3 0.2415 0.0603 0.0622 0.4622 0.0874 0.0864 
     D237212  3 0.0709 0.1603 0.2081 0.2306 0.1563 0.1739 
     D237213  3 0.0672 0.2684 0.2454 0.0613 0.2174 0.1403 
     D237214  3 0.0351 0.5879 0.0370 0.0243 0.2506 0.0651 
     D237215  3 0.1068 0.0244 0.0822 0.7003 0.0562 0.0302 
     D237216  3 0.0459 0.1334 0.0768 0.0460 0.6395 0.0585 
     D237217  3 0.0315 0.4124 0.0387 0.0521 0.3069 0.1584 
     D237218  3 0.0857 0.1682 0.1205 0.1985 0.2373 0.1898 
     D237219  3 0.3504 0.3293 0.0666 0.0851 0.1263 0.0422 
     D237382  3 0.1637 0.1404 0.2907 0.0663 0.1707 0.1682 
     D244127  3 0.1739 0.2396 0.0878 0.1857 0.2653 0.0478 
     D244129  3 0.1347 0.2018 0.1241 0.1095 0.1874 0.2424 
     D244133  3 0.2503 0.1658 0.0589 0.2156 0.2144 0.0950 
     D244134  3 0.5821 0.0788 0.0392 0.1481 0.0905 0.0612 
     D244135  3 0.0280 0.6919 0.0381 0.0829 0.0856 0.0735 
     D244136  3 0.2654 0.0930 0.0989 0.1460 0.2011 0.1955 
        D416  3 0.0997 0.1442 0.0764 0.2212 0.2827 0.1757 
        D417  3 0.0493 0.1285 0.0857 0.0356 0.1147 0.5862 
        D419  3 0.1769 0.2204 0.0764 0.1941 0.1715 0.1607 
        D565  3 0.8046 0.0270 0.0351 0.0282 0.0415 0.0636 
        D566  3 0.3836 0.0490 0.0685 0.3117 0.1071 0.0800 
        D567  3 0.0460 0.1020 0.0735 0.0483 0.0840 0.6462 
        D568  3 0.0415 0.3194 0.1179 0.1538 0.1566 0.2107 
        D569  3 0.0436 0.1200 0.4357 0.1174 0.2024 0.0807 
        D573  3 0.0555 0.0363 0.0335 0.5622 0.1087 0.2039 
        D574  3 0.3699 0.1038 0.1570 0.0870 0.2222 0.0602 
        D575  3 0.4322 0.1620 0.0591 0.0797 0.1678 0.0991 
        D576  3 0.0363 0.0539 0.0926 0.7353 0.0690 0.0129 
        D577  3 0.0530 0.1536 0.0896 0.0411 0.1224 0.5403 
        D578  3 0.0261 0.7848 0.0327 0.0363 0.0923 0.0278 
        D579  3 0.2427 0.1017 0.0941 0.1653 0.1395 0.2567 
        D660  3 0.0424 0.1426 0.0920 0.4813 0.2015 0.0401 
        D661  3 0.0322 0.1126 0.0864 0.5042 0.1874 0.0773 
        D663  3 0.0295 0.0359 0.0885 0.5916 0.1987 0.0557 
        D664  3 0.1367 0.3110 0.1374 0.2083 0.1684 0.0382 
        D665  3 0.0323 0.3169 0.2301 0.0758 0.3059 0.0391 
        D666  3 0.5078 0.1312 0.0958 0.0579 0.1204 0.0868 
        D009  4 0.0618 0.3994 0.1637 0.0389 0.1940 0.1422 
        D057  4 0.0328 0.2978 0.1342 0.3320 0.0726 0.1306 
        D109  4 0.2809 0.2819 0.0993 0.0458 0.2207 0.0714 
     D237222  4 0.1088 0.6108 0.0876 0.0510 0.0630 0.0787 
     D237223  4 0.1448 0.3194 0.1561 0.1294 0.1727 0.0775 
     D237224  4 0.0607 0.0810 0.1475 0.2865 0.1400 0.2843 
     D237225  4 0.0921 0.2245 0.1323 0.0682 0.3400 0.1428 
     D237299  4 0.0792 0.2384 0.1895 0.0641 0.3971 0.0318 
     D237300  4 0.0690 0.0498 0.0604 0.6774 0.1147 0.0288 
     D237306  4 0.3888 0.0867 0.2538 0.0457 0.0985 0.1266 
     D237307  4 0.2413 0.1153 0.0809 0.0969 0.1645 0.3011 
     D237308  4 0.1163 0.0900 0.1713 0.4309 0.1071 0.0843 
     D237309  4 0.0634 0.2500 0.1445 0.0942 0.2906 0.1573 
     D237317  4 0.4413 0.0747 0.0613 0.0565 0.1896 0.1766 
     D237318  4 0.0336 0.0279 0.0330 0.7800 0.0816 0.0439 
     D237319  4 0.0812 0.3311 0.1676 0.0902 0.2337 0.0962 
     D237320  4 0.0690 0.3163 0.1070 0.2451 0.1371 0.1255 
     D237321  4 0.0903 0.0734 0.0629 0.5694 0.1277 0.0763 
     D237397  4 0.2227 0.2112 0.1127 0.2307 0.1355 0.0873 
     D237398  4 0.0394 0.0969 0.0644 0.4145 0.2359 0.1489 
     D237399  4 0.2109 0.1948 0.1238 0.1481 0.1562 0.1663 
     D244001  4 0.0448 0.5271 0.1300 0.1081 0.1379 0.0521 
        D289  4 0.1776 0.0851 0.1670 0.1423 0.1595 0.2685 
        D290  4 0.0390 0.2189 0.2970 0.0637 0.2735 0.1079 
        D294  4 0.0418 0.1083 0.2600 0.0641 0.2903 0.2356 
        D295  4 0.1395 0.1948 0.2064 0.0627 0.1298 0.2668 
        D301  4 0.0776 0.6262 0.0993 0.0901 0.0707 0.0361 
        D302  4 0.0305 0.0435 0.3766 0.0321 0.0845 0.4328 
        D303  4 0.5101 0.0700 0.1803 0.0886 0.0751 0.0759 
        D304  4 0.0856 0.1602 0.2231 0.1042 0.2996 0.1273 
        D305  4 0.0222 0.0719 0.2371 0.1105 0.5110 0.0474 
        D306  4 0.0414 0.1605 0.2824 0.0395 0.3971 0.0790 
        D307  4 0.0901 0.7143 0.0622 0.0564 0.0452 0.0318 
        D327  4 0.0842 0.0725 0.0862 0.0830 0.1517 0.5223 
        D328  4 0.1350 0.0551 0.6491 0.0438 0.0769 0.0401 
        D329  4 0.0772 0.1446 0.1726 0.1997 0.2284 0.1775 
        D330  4 0.0404 0.2404 0.1739 0.0632 0.1521 0.3300 
        D331  4 0.1413 0.1668 0.1648 0.1135 0.1703 0.2433 
        D333  4 0.1443 0.1723 0.2909 0.1610 0.1204 0.1111 
        D334  4 0.3331 0.1672 0.0949 0.0444 0.1115 0.2489 
        D335  4 0.0520 0.0374 0.2813 0.0566 0.0858 0.4869 
        D370  4 0.1621 0.0869 0.4957 0.0631 0.1199 0.0723 
        D371  4 0.5882 0.0242 0.1011 0.0677 0.0638 0.1550 
        D372  4 0.0441 0.0454 0.1175 0.5650 0.2011 0.0269 
        D373  4 0.0407 0.5940 0.0706 0.1280 0.1029 0.0638 
        D455  4 0.0437 0.7210 0.0617 0.0559 0.0458 0.0720 
        D490  4 0.0257 0.8542 0.0360 0.0204 0.0341 0.0297 
        D497  4 0.0457 0.7624 0.0668 0.0371 0.0596 0.0284 
        D498  4 0.2214 0.1599 0.2187 0.1173 0.1809 0.1017 
        D499  4 0.1767 0.0558 0.2281 0.2862 0.1829 0.0703 
        D514  4 0.0400 0.0956 0.3137 0.0533 0.1921 0.3052 
        D515  4 0.0524 0.4048 0.2639 0.0493 0.1509 0.0788 
        D516  4 0.1775 0.2613 0.1002 0.1240 0.1581 0.1789 
        D517  4 0.0366 0.5637 0.0514 0.0764 0.2011 0.0710 
        D518  4 0.0645 0.2688 0.3444 0.0841 0.0897 0.1484 
        D519  4 0.0472 0.5102 0.1438 0.0794 0.1292 0.0902 
        D560  4 0.0343 0.3609 0.1955 0.1278 0.1611 0.1204 
        D561  4 0.0273 0.1942 0.0839 0.0635 0.4540 0.1771 
        D562  4 0.0770 0.2313 0.2563 0.0998 0.2144 0.1212 
        D563  4 0.0385 0.0833 0.1619 0.3788 0.2272 0.1102 
        D572  4 0.0398 0.1195 0.4270 0.0543 0.1026 0.2568 
        D629  4 0.0496 0.3160 0.0891 0.0518 0.1354 0.3581 
        D630  4 0.0534 0.2847 0.3015 0.0732 0.1488 0.1384 
        D631  4 0.0462 0.1178 0.3321 0.2623 0.1022 0.1395 
        D632  4 0.0499 0.3895 0.1725 0.1950 0.0883 0.1049 
        D646  4 0.0784 0.2225 0.1097 0.1142 0.2193 0.2559 
        D647  4 0.0262 0.1711 0.1053 0.0790 0.0703 0.5482 
        D648  4 0.0407 0.0370 0.8266 0.0274 0.0421 0.0263 
        D649  4 0.0763 0.1249 0.1417 0.0412 0.1152 0.5008 
        D650  4 0.1819 0.1800 0.1580 0.0614 0.1694 0.2493 
        D708  4 0.2307 0.0921 0.3467 0.0620 0.1954 0.0731 
        D709  4 0.1381 0.1041 0.3737 0.0567 0.2615 0.0659 
        D738  4 0.5220 0.1357 0.0897 0.0355 0.0703 0.1468 
        D739  4 0.0485 0.4570 0.2501 0.0542 0.1336 0.0566 
        D740  4 0.2336 0.1320 0.0944 0.1187 0.3734 0.0479 
        D741  4 0.0321 0.1996 0.1204 0.1485 0.2894 0.2099 
        D742  4 0.1088 0.1099 0.1326 0.3848 0.1509 0.1131 
        D743  4 0.0352 0.0433 0.1170 0.0659 0.0728 0.6657 
        D744  4 0.0437 0.0648 0.3209 0.1232 0.1694 0.2781 
        D745  4 0.0445 0.5819 0.1508 0.0411 0.1284 0.0533 
        D814  4 0.0299 0.1534 0.1309 0.2812 0.3585 0.0462 
        D815  4 0.0696 0.0668 0.4224 0.0651 0.1096 0.2666 
        D828  4 0.0744 0.0638 0.6400 0.1129 0.0850 0.0240 
        D845  4 0.0930 0.0317 0.0387 0.7321 0.0521 0.0523 
        D846  4 0.0215 0.2129 0.1837 0.1453 0.2259 0.2108 
        D847  4 0.1016 0.3831 0.0947 0.0901 0.1679 0.1625 
        D848  4 0.0378 0.5347 0.0482 0.2431 0.0962 0.0401 
        D849  4 0.0370 0.5486 0.1778 0.0464 0.1310 0.0591 
        D850  4 0.0817 0.1790 0.0578 0.1494 0.3267 0.2054 
        D856  4 0.1199 0.1786 0.2062 0.0481 0.3437 0.1035 
        D857  4 0.4175 0.2418 0.1375 0.0914 0.0922 0.0197 
        D859  4 0.0456 0.0972 0.4912 0.1223 0.1337 0.1100 
        D860  4 0.3672 0.0349 0.0768 0.1755 0.0908 0.2547 
        D883  4 0.1273 0.2920 0.1445 0.0582 0.1110 0.2670 
        D884  4 0.1629 0.2664 0.3352 0.0412 0.1094 0.0849 
        D885  4 0.0541 0.1247 0.1146 0.1400 0.4132 0.1534 
        D886  4 0.0523 0.3861 0.1539 0.0861 0.0787 0.2428 
        D887  4 0.1142 0.1020 0.1924 0.2952 0.1655 0.1307 
        D889  4 0.0347 0.0987 0.2475 0.1846 0.3591 0.0755 
        D890  4 0.1753 0.1423 0.3366 0.0915 0.1709 0.0834 
        D891  4 0.0293 0.0219 0.0189 0.8537 0.0429 0.0333 
        D899  4 0.1138 0.0506 0.1030 0.5398 0.0954 0.0973 
        D900  4 0.0985 0.1811 0.1674 0.1044 0.2668 0.1818 
        D970  4 0.0877 0.1497 0.1564 0.1332 0.1909 0.2821 
        D971  4 0.0906 0.0517 0.1304 0.4157 0.1261 0.1856 
        D979  4 0.0405 0.0453 0.2296 0.0442 0.0871 0.5534 
        D093  5 0.6740 0.0686 0.0804 0.0594 0.0563 0.0614 
        D154  5 0.0970 0.0686 0.1719 0.2806 0.3246 0.0574 
        D168  5 0.0412 0.2364 0.0986 0.2821 0.2419 0.0998 
        D189  5 0.3034 0.0852 0.2176 0.1798 0.1374 0.0764 
        D190  5 0.6591 0.0373 0.1348 0.0601 0.0576 0.0510 
     D237220  5 0.1715 0.3916 0.1516 0.0597 0.1679 0.0577 
     D237221  5 0.3496 0.0804 0.0904 0.2181 0.1174 0.1442 
     D237274  5 0.0451 0.0465 0.1600 0.0638 0.1590 0.5257 
     D237275  5 0.0445 0.0442 0.0863 0.6835 0.1114 0.0300 
     D237276  5 0.2918 0.2080 0.2405 0.0594 0.0968 0.1035 
     D237277  5 0.5794 0.0323 0.1046 0.1289 0.0996 0.0552 
     D237278  5 0.2532 0.1132 0.1278 0.3157 0.1157 0.0744 
     D237279  5 0.1126 0.1934 0.0647 0.0508 0.4885 0.0900 
     D237280  5 0.3154 0.2784 0.0870 0.0366 0.1523 0.1303 
     D237281  5 0.0420 0.0254 0.0362 0.7429 0.0883 0.0652 
     D237351  5 0.6956 0.1386 0.0534 0.0270 0.0588 0.0266 
     D237352  5 0.0866 0.3558 0.1898 0.0765 0.1217 0.1696 
     D237353  5 0.8236 0.0222 0.0551 0.0371 0.0309 0.0311 
     D237359  5 0.0930 0.3519 0.1462 0.0918 0.2358 0.0813 
     D237361  5 0.7913 0.0268 0.0553 0.0341 0.0571 0.0354 
     D237362  5 0.2797 0.0929 0.1102 0.0959 0.2182 0.2032 
     D237363  5 0.0635 0.0550 0.0526 0.1156 0.6662 0.0470 
     D237364  5 0.0311 0.2193 0.2444 0.1733 0.2181 0.1139 
     D237376  5 0.0731 0.0278 0.7781 0.0490 0.0513 0.0207 
     D237377  5 0.4357 0.0764 0.0455 0.0518 0.1775 0.2131 
     D237378  5 0.2995 0.0760 0.3144 0.1701 0.0993 0.0407 
     D237379  5 0.1655 0.0876 0.4885 0.0674 0.1274 0.0637 
     D237380  5 0.3055 0.1612 0.3856 0.0265 0.0820 0.0392 
     D237381  5 0.1929 0.3404 0.1586 0.0862 0.1451 0.0768 
     D237391  5 0.7782 0.0425 0.0381 0.0391 0.0476 0.0546 
     D237392  5 0.0445 0.0508 0.1423 0.1504 0.1545 0.4574 
     D237393  5 0.3560 0.0918 0.0615 0.0864 0.0674 0.3370 
     D237394  5 0.7976 0.0340 0.0525 0.0221 0.0398 0.0540 
     D237395  5 0.3816 0.1428 0.1394 0.1097 0.1645 0.0621 
     D237396  5 0.1640 0.0546 0.0291 0.0628 0.1320 0.5575 
     D244016  5 0.2467 0.0398 0.1998 0.0903 0.3333 0.0902 
     D244018  5 0.2459 0.1068 0.0509 0.3356 0.1714 0.0894 
     D244019  5 0.1170 0.0499 0.1585 0.1590 0.3303 0.1854 
        D279  5 0.1344 0.1035 0.1559 0.2750 0.2674 0.0639 
        D280  5 0.3300 0.1173 0.0530 0.1062 0.2837 0.1099 
        D281  5 0.0608 0.0339 0.0704 0.5841 0.2006 0.0502 
        D283  5 0.6141 0.0381 0.0369 0.0637 0.1038 0.1435 
        D284  5 0.0678 0.4430 0.1248 0.0720 0.2176 0.0748 
        D285  5 0.3985 0.0609 0.1478 0.0711 0.2003 0.1213 
        D286  5 0.1612 0.1640 0.3669 0.0711 0.1169 0.1198 
        D287  5 0.1153 0.0828 0.6406 0.0421 0.0901 0.0290 
        D288  5 0.2803 0.0570 0.0518 0.1577 0.2514 0.2018 
        D308  5 0.5283 0.1752 0.0444 0.0312 0.0927 0.1281 
        D309  5 0.0281 0.0473 0.3578 0.0244 0.1297 0.4126 
        D310  5 0.6286 0.0231 0.0630 0.0383 0.2202 0.0268 
        D311  5 0.1363 0.0807 0.3456 0.0671 0.2500 0.1203 
        D312  5 0.1851 0.0966 0.3387 0.0841 0.1082 0.1873 
        D313  5 0.4057 0.4900 0.0207 0.0198 0.0390 0.0249 
        D314  5 0.1438 0.1448 0.3002 0.1640 0.2008 0.0464 
        D315  5 0.2847 0.1110 0.1134 0.0804 0.1120 0.2985 
        D317  5 0.6516 0.0486 0.0833 0.0505 0.0768 0.0893 
        D318  5 0.0646 0.1621 0.1745 0.1109 0.3132 0.1748 
        D319  5 0.7847 0.0295 0.0549 0.0384 0.0514 0.0411 
        D320  5 0.5679 0.0642 0.1637 0.0489 0.0865 0.0688 
        D321  5 0.6647 0.1277 0.0289 0.0624 0.0588 0.0574 
        D336  5 0.3574 0.0494 0.3749 0.0381 0.1285 0.0517 
        D337  5 0.7084 0.0249 0.0784 0.0766 0.0527 0.0590 
        D338  5 0.2223 0.1562 0.0872 0.1234 0.1756 0.2353 
        D339  5 0.6059 0.0570 0.0580 0.0858 0.1299 0.0634 
        D347  5 0.0526 0.0628 0.4182 0.1262 0.1862 0.1539 
        D348  5 0.4922 0.0293 0.2375 0.0493 0.1224 0.0693 
        D349  5 0.7444 0.1264 0.0376 0.0306 0.0297 0.0313 
        D350  5 0.0354 0.0593 0.4840 0.0432 0.1089 0.2693 
        D355  5 0.0399 0.0377 0.1220 0.2710 0.4013 0.1281 
        D356  5 0.2569 0.1487 0.1160 0.0483 0.1224 0.3077 
        D357  5 0.1596 0.0983 0.3132 0.1079 0.2353 0.0858 
        D358  5 0.3327 0.0686 0.2029 0.0822 0.1419 0.1716 
        D359  5 0.4856 0.0330 0.0804 0.0349 0.1198 0.2463 
        D360  5 0.4029 0.1896 0.0898 0.0457 0.1062 0.1658 
        D361  5 0.6688 0.1707 0.0338 0.0351 0.0491 0.0425 
        D366  5 0.0348 0.0498 0.0436 0.2113 0.1085 0.5520 
        D367  5 0.4120 0.0584 0.2746 0.0359 0.1816 0.0375 
        D368  5 0.5786 0.0821 0.0695 0.0392 0.1619 0.0687 
        D380  5 0.0614 0.0726 0.2036 0.0682 0.2514 0.3427 
        D381  5 0.4918 0.0364 0.0703 0.0864 0.2096 0.1056 
        D400  5 0.1899 0.0946 0.2549 0.2125 0.1422 0.1059 
        D411  5 0.0267 0.7649 0.0700 0.0386 0.0704 0.0295 
        D412  5 0.1144 0.1483 0.1021 0.1503 0.3557 0.1292 
        D413  5 0.0437 0.0968 0.0583 0.5672 0.1060 0.1280 
        D414  5 0.0296 0.0462 0.5239 0.1717 0.1457 0.0828 
        D420  5 0.0836 0.3624 0.0950 0.1227 0.2851 0.0512 
        D431  5 0.1332 0.1101 0.4008 0.1626 0.1558 0.0374 
        D432  5 0.4829 0.0814 0.0739 0.1259 0.1225 0.1134 
        D433  5 0.6418 0.0390 0.0905 0.0865 0.0625 0.0796 
        D434  5 0.6002 0.0714 0.0666 0.0560 0.1075 0.0983 
        D440  5 0.0317 0.0525 0.4743 0.0283 0.1310 0.2823 
        D447  5 0.0328 0.1184 0.1375 0.0677 0.3612 0.2823 
        D448  5 0.2277 0.0575 0.4152 0.0983 0.1099 0.0913 
        D459  5 0.0326 0.0320 0.0477 0.6446 0.0805 0.1625 
        D460  5 0.7187 0.1235 0.0273 0.0278 0.0378 0.0649 
        D461  5 0.0370 0.0329 0.3742 0.0319 0.0610 0.4629 
        D468  5 0.2716 0.1034 0.1741 0.0713 0.2087 0.1708 
        D469  5 0.1401 0.1368 0.0957 0.0447 0.0841 0.4986 
        D470  5 0.0605 0.3257 0.3703 0.0482 0.1216 0.0737 
        D471  5 0.3134 0.0360 0.3102 0.1304 0.1124 0.0976 
        D472  5 0.0272 0.0310 0.0240 0.1303 0.0490 0.7384 
        D479  5 0.0324 0.0412 0.2344 0.5648 0.0779 0.0493 
        D485  5 0.0575 0.0828 0.6437 0.0661 0.0953 0.0546 
        D486  5 0.1156 0.2370 0.2230 0.0556 0.2317 0.1371 
        D487  5 0.1619 0.0839 0.2039 0.3314 0.1610 0.0579 
        D555  5 0.6260 0.0438 0.0785 0.1116 0.0602 0.0800 
        D556  5 0.2512 0.0756 0.2919 0.1358 0.1666 0.0789 
        D557  5 0.6807 0.0266 0.0878 0.0648 0.0546 0.0856 
        D564  5 0.3322 0.0871 0.3187 0.0602 0.1094 0.0925 
        D594  5 0.0760 0.0688 0.2404 0.1170 0.3302 0.1676 
        D595  5 0.3220 0.0692 0.1175 0.1423 0.1512 0.1977 
        D596  5 0.6948 0.0406 0.0849 0.0673 0.0563 0.0561 
        D597  5 0.2278 0.0452 0.0848 0.3228 0.1014 0.2180 
        D598  5 0.3515 0.1324 0.1430 0.0990 0.1113 0.1628 
        D617  5 0.0292 0.5890 0.0612 0.1561 0.1281 0.0363 
        D618  5 0.5362 0.0491 0.0949 0.1205 0.0904 0.1090 
        D619  5 0.3428 0.0705 0.2041 0.0680 0.1073 0.2073 
        D620  5 0.0464 0.0374 0.0326 0.7692 0.0383 0.0761 
        D628  5 0.0737 0.1170 0.5414 0.0528 0.1047 0.1105 
        D714  5 0.1550 0.0442 0.4248 0.2060 0.1387 0.0313 
        D715  5 0.6169 0.0360 0.0601 0.0947 0.0692 0.1231 
        D716  5 0.0437 0.0786 0.5124 0.1196 0.1738 0.0720 
        D717  5 0.1709 0.1209 0.0729 0.0571 0.1129 0.4653 
        D718  5 0.0913 0.1324 0.4965 0.0700 0.1817 0.0281 
        D769  5 0.0326 0.5486 0.1442 0.0961 0.1353 0.0432 
        D770  5 0.1049 0.0477 0.4098 0.2440 0.1185 0.0750 
        D771  5 0.0897 0.1344 0.2622 0.2288 0.2069 0.0780 
        D772  5 0.2299 0.0676 0.4412 0.0619 0.0991 0.1004 
        D782  5 0.1230 0.0896 0.0487 0.1998 0.4595 0.0794 
        D783  5 0.1108 0.0535 0.3013 0.2787 0.2082 0.0474 
        D784  5 0.1089 0.0713 0.0892 0.0622 0.1469 0.5216 
        D785  5 0.6335 0.0649 0.1554 0.0348 0.0651 0.0462 
        D786  5 0.0354 0.4281 0.1778 0.0533 0.0819 0.2236 
        D821  5 0.8058 0.0198 0.0766 0.0319 0.0371 0.0288 
        D822  5 0.1461 0.0526 0.1519 0.0935 0.2387 0.3172 
        D826  5 0.3908 0.0623 0.1060 0.2236 0.1383 0.0790 
        D827  5 0.0460 0.0992 0.1541 0.1029 0.3438 0.2540 
        D851  5 0.1912 0.0926 0.0954 0.0897 0.3423 0.1888 
        D852  5 0.1932 0.0832 0.2918 0.2384 0.1294 0.0640 
        D853  5 0.3253 0.1151 0.1752 0.1220 0.1530 0.1093 
        D854  5 0.0410 0.1238 0.2725 0.1785 0.2794 0.1048 
        D861  5 0.1944 0.1133 0.0952 0.1849 0.3103 0.1019 
        D862  5 0.2792 0.0799 0.1714 0.0444 0.1523 0.2730 
        D865  5 0.6425 0.0630 0.0849 0.0976 0.0679 0.0441 
        D868  5 0.0974 0.0908 0.0477 0.0602 0.0647 0.6392 
        D869  5 0.0657 0.7009 0.0351 0.0536 0.0891 0.0556 
        D870  5 0.0241 0.1021 0.0345 0.0501 0.7134 0.0759 
        D907  5 0.5282 0.1042 0.0798 0.0553 0.1800 0.0525 
        D908  5 0.2736 0.0466 0.1492 0.4144 0.0736 0.0426 
        D910  5 0.2681 0.0536 0.1558 0.2923 0.1131 0.1170 
        D911  5 0.0460 0.0405 0.0877 0.3376 0.4035 0.0846 
        D934  5 0.0709 0.0539 0.3494 0.2511 0.1963 0.0784 
        D946  5 0.0796 0.0680 0.5308 0.1675 0.1234 0.0308 
        D947  5 0.0704 0.1390 0.3399 0.0811 0.2373 0.1323 
        D948  5 0.7837 0.1132 0.0214 0.0249 0.0233 0.0334 
        D949  5 0.7271 0.1342 0.0356 0.0259 0.0352 0.0420 
        D950  5 0.0614 0.0290 0.0589 0.4403 0.2944 0.1161 
        D951  5 0.0425 0.0484 0.1436 0.0451 0.2755 0.4450 
        D952  5 0.1405 0.0648 0.0654 0.0701 0.0803 0.5789 
        D953  5 0.5892 0.0530 0.0810 0.0674 0.0780 0.1314 
        D954  5 0.3172 0.0363 0.0557 0.0406 0.1223 0.4278 
        D961  5 0.0591 0.0524 0.7266 0.0498 0.0822 0.0300 
        D962  5 0.2741 0.0569 0.4863 0.0227 0.0603 0.0997 
        D963  5 0.1572 0.0558 0.1615 0.0746 0.1206 0.4304 
        D964  5 0.0834 0.2297 0.2920 0.0981 0.2350 0.0618 
        D965  5 0.0477 0.0891 0.5713 0.0922 0.1347 0.0650 
        D966  5 0.1811 0.0652 0.2230 0.1723 0.1716 0.1867 
        D967  5 0.3633 0.0860 0.0580 0.2703 0.1420 0.0803 
        D991  5 0.0897 0.3003 0.3325 0.0545 0.0877 0.1353 
        D502  6 0.0199 0.1373 0.3655 0.1293 0.3090 0.0390 
        D503  6 0.1550 0.1868 0.0592 0.3157 0.2443 0.0390 
        D504  6 0.1174 0.0746 0.1403 0.0820 0.1467 0.4391 
        D505  6 0.2256 0.1000 0.1692 0.1483 0.2195 0.1375 
        D506  6 0.7361 0.0418 0.0639 0.0319 0.0811 0.0451 
        D507  6 0.0636 0.1315 0.3337 0.1529 0.2314 0.0870 
        D508  6 0.0473 0.0840 0.3075 0.1185 0.2627 0.1799 
        D529  6 0.1296 0.2981 0.1371 0.0794 0.2312 0.1246 
        D530  6 0.0943 0.1012 0.5700 0.0784 0.1220 0.0340 
        D531  6 0.1041 0.1215 0.1935 0.0874 0.1942 0.2994 
        D532  6 0.1416 0.0544 0.3485 0.0831 0.2267 0.1457 
        D534  6 0.0501 0.6030 0.0711 0.0633 0.1124 0.1002 
        D535  6 0.3788 0.0687 0.1229 0.0538 0.1691 0.2067 
        D536  6 0.0312 0.1069 0.0834 0.5257 0.2100 0.0428 
        D554  6 0.1731 0.1087 0.4828 0.0553 0.1143 0.0658 
        D587  6 0.5756 0.0499 0.0800 0.0663 0.1093 0.1190 
        D588  6 0.3077 0.0492 0.0541 0.0635 0.2560 0.2695 
        D589  6 0.1476 0.0964 0.0833 0.2889 0.3143 0.0695 
        D590  6 0.0530 0.0473 0.0715 0.6327 0.1331 0.0625 
        D591  6 0.1891 0.1204 0.0576 0.1568 0.3989 0.0772 
        D592  6 0.1536 0.5417 0.0395 0.0627 0.0951 0.1074 
        D593  6 0.0701 0.0606 0.6972 0.0546 0.0909 0.0267 
        D682  6 0.7511 0.0536 0.0542 0.0384 0.0635 0.0393 
        D683  6 0.2385 0.0726 0.0488 0.0414 0.1320 0.4668 
        D684  6 0.0354 0.3310 0.0608 0.1768 0.3301 0.0659 
        D685  6 0.0462 0.0872 0.1271 0.0993 0.6136 0.0264 
        D686  6 0.1572 0.0373 0.5318 0.0463 0.1826 0.0447 
        D724  6 0.0363 0.2068 0.2761 0.1069 0.1742 0.1997 
        D725  6 0.0810 0.1097 0.3812 0.1863 0.1765 0.0653 
        D726  6 0.7044 0.0401 0.1041 0.0373 0.0540 0.0600 
        D727  6 0.0841 0.0743 0.0753 0.3332 0.2548 0.1783 
        D728  6 0.4551 0.0695 0.2119 0.0449 0.1489 0.0697 
        D729  6 0.0809 0.1835 0.0365 0.1900 0.2423 0.2668 
        D730  6 0.0579 0.2422 0.2256 0.1540 0.1802 0.1401 
        D731  6 0.6657 0.0283 0.0426 0.2000 0.0386 0.0247 
        D732  6 0.0450 0.1249 0.3200 0.0734 0.1115 0.3253 
        D733  6 0.0879 0.1944 0.4552 0.0698 0.1070 0.0857 
     D237251  7 0.0608 0.0778 0.2947 0.3927 0.1213 0.0527 
     D237252  7 0.0467 0.3841 0.1375 0.1758 0.1908 0.0651 
     D237253  7 0.1319 0.0915 0.1823 0.2629 0.2543 0.0772 
     D237254  7 0.0255 0.7777 0.0236 0.0367 0.1090 0.0276 
     D237255  7 0.0384 0.0400 0.0960 0.7096 0.0699 0.0461 
     D237256  7 0.0457 0.0433 0.2892 0.2521 0.3075 0.0622 
     D237257  7 0.0360 0.2949 0.1659 0.0810 0.3654 0.0568 
     D237282  7 0.0385 0.1073 0.1057 0.0962 0.1050 0.5473 
     D237283  7 0.1032 0.4540 0.0512 0.0518 0.3147 0.0251 
     D237284  7 0.0371 0.7168 0.0514 0.0364 0.0870 0.0713 
     D237285  7 0.0629 0.0755 0.5581 0.1207 0.1255 0.0573 
     D237286  7 0.1943 0.0623 0.1815 0.1184 0.2304 0.2130 
     D237287  7 0.0877 0.0884 0.0999 0.3730 0.2380 0.1130 
     D244006  7 0.0258 0.7460 0.0390 0.0341 0.1055 0.0496 
     D244007  7 0.0446 0.0885 0.0627 0.3667 0.2006 0.2369 
     D244008  7 0.1320 0.4723 0.0512 0.0342 0.2722 0.0380 
     D244009  7 0.1241 0.4192 0.1914 0.0422 0.1235 0.0997 
     D244010  7 0.0535 0.3004 0.1604 0.0738 0.3519 0.0600 
     D244011  7 0.1883 0.1080 0.2729 0.1157 0.2436 0.0715 
     D244012  7 0.0489 0.1597 0.1849 0.2195 0.2792 0.1077 
     D244013  7 0.1761 0.0843 0.1413 0.3323 0.0741 0.1919 
     D244014  7 0.0761 0.2365 0.1471 0.1763 0.2868 0.0772 
     D244015  7 0.0616 0.2516 0.1050 0.0777 0.4012 0.1029 
     D244125  7 0.3775 0.0435 0.0955 0.1528 0.1574 0.1733 
     D244126  7 0.0284 0.7010 0.0575 0.0226 0.1550 0.0354 
     D244130  7 0.0725 0.0860 0.3659 0.0908 0.3062 0.0788 
     D244131  7 0.2803 0.1239 0.0699 0.0808 0.1228 0.3224 
     D244132  7 0.2440 0.0488 0.4214 0.0420 0.0937 0.1500 
        D520  7 0.1662 0.1561 0.1603 0.0386 0.4277 0.0511 
        D521  7 0.0744 0.1674 0.3509 0.0928 0.1593 0.1553 
        D522  7 0.1896 0.3710 0.0742 0.0607 0.1371 0.1675 
        D523  7 0.0972 0.0760 0.0862 0.4704 0.1982 0.0719 
        D524  7 0.1232 0.1650 0.1658 0.3097 0.1356 0.1007 
        D525  7 0.0643 0.4226 0.0629 0.2461 0.1388 0.0653 
        D526  7 0.0257 0.7245 0.0283 0.0406 0.0913 0.0896 
        D527  7 0.1317 0.1564 0.1915 0.0857 0.2151 0.2196 
        D528  7 0.0220 0.0372 0.0274 0.0144 0.8775 0.0216 
        D558  7 0.0325 0.1314 0.4308 0.0754 0.1287 0.2012 
        D559  7 0.0256 0.0868 0.4776 0.0979 0.1672 0.1449 
        D640  7 0.2525 0.0893 0.2238 0.1442 0.1749 0.1153 
        D641  7 0.3295 0.1513 0.1561 0.1657 0.1672 0.0303 
        D642  7 0.0766 0.3642 0.1340 0.1770 0.1569 0.0914 
        D644  7 0.1522 0.3026 0.1968 0.1057 0.1335 0.1091 
        D645  7 0.1731 0.2140 0.1448 0.1746 0.1822 0.1113 
        D662  7 0.6053 0.1295 0.0403 0.0235 0.0752 0.1261 
        D687  7 0.1143 0.1050 0.2155 0.1094 0.3556 0.1002 
        D688  7 0.0272 0.2482 0.1940 0.0973 0.1683 0.2649 
        D689  7 0.3592 0.0853 0.0767 0.1351 0.1641 0.1795 
        D700  7 0.0172 0.0192 0.0216 0.0184 0.9004 0.0232 
        D797  7 0.1943 0.1160 0.2018 0.1113 0.1889 0.1878 
        D798  7 0.3785 0.1341 0.1362 0.0440 0.2367 0.0706 
        D799  7 0.0668 0.1391 0.1390 0.2913 0.3027 0.0611 
        D800  7 0.0543 0.0801 0.0724 0.0733 0.2157 0.5041 
        D132  8 0.0472 0.7638 0.0487 0.0284 0.0439 0.0681 
        D133  8 0.0261 0.1125 0.0388 0.7342 0.0580 0.0304 
        D200  8 0.0242 0.1817 0.4301 0.0780 0.2427 0.0433 
        D500  8 0.0417 0.8139 0.0341 0.0230 0.0387 0.0487 
        D614  8 0.3156 0.1671 0.2324 0.0620 0.1197 0.1032 
        D723  8 0.0789 0.1850 0.0920 0.1344 0.1283 0.3814 
        D888  8 0.0537 0.0500 0.0676 0.6629 0.0985 0.0673 
        D901  8 0.0678 0.3589 0.2772 0.0512 0.2162 0.0287 
        D902  8 0.5895 0.0527 0.1434 0.0589 0.1104 0.0451 
        D903  8 0.0734 0.0485 0.1848 0.0560 0.1634 0.4739 
        D904  8 0.0781 0.1948 0.2285 0.0786 0.1185 0.3014 
        D905  8 0.1107 0.0357 0.1159 0.6172 0.0948 0.0257 
        D906  8 0.0407 0.1422 0.0757 0.3723 0.2575 0.1115 
        D937  8 0.7309 0.0318 0.0979 0.0534 0.0651 0.0209 
        D943  8 0.0429 0.4712 0.0966 0.0730 0.2469 0.0695 
        D972  8 0.0547 0.3527 0.1417 0.0989 0.1609 0.1912 
        D973  8 0.0861 0.1161 0.0673 0.0422 0.0666 0.6217 
        D974  8 0.1136 0.2015 0.2257 0.1293 0.1718 0.1582 
        D975  8 0.0506 0.2491 0.2894 0.0809 0.2664 0.0637 
        D976  8 0.1326 0.1698 0.2287 0.0949 0.3298 0.0442 
        D201  9 0.0510 0.1602 0.1875 0.2210 0.2896 0.0908 
        D202  9 0.0437 0.0887 0.5617 0.0948 0.1840 0.0272 
     D237259  9 0.0275 0.0438 0.0773 0.0696 0.6550 0.1270 
     D237260  9 0.0815 0.2301 0.1316 0.3436 0.1828 0.0305 
     D237262  9 0.1211 0.6600 0.0313 0.0310 0.0982 0.0585 
