        D174  1 0.0328 0.0556 0.1500 0.7616 
        D199  1 0.2707 0.4955 0.0584 0.1754 
        D203  1 0.3071 0.3030 0.2582 0.1317 
        D204  1 0.0254 0.8921 0.0519 0.0305 
     D237366  1 0.1708 0.2020 0.5166 0.1106 
     D237367  1 0.1094 0.3553 0.4345 0.1008 
     D237368  1 0.0986 0.2502 0.5916 0.0596 
     D244101  1 0.1400 0.7954 0.0272 0.0374 
     D244102  1 0.1268 0.1506 0.3167 0.4059 
     D244103  1 0.0401 0.3813 0.4886 0.0900 
     D244104  1 0.0840 0.7079 0.0692 0.1389 
     D244105  1 0.0428 0.1480 0.7825 0.0267 
     D244106  1 0.2266 0.0586 0.0648 0.6501 
     D244107  1 0.0560 0.2653 0.6584 0.0203 
     D244108  1 0.0628 0.0989 0.2484 0.5900 
     D244113  1 0.0221 0.0193 0.0284 0.9302 
     D244114  1 0.3168 0.2776 0.1081 0.2976 
     D244115  1 0.0565 0.2055 0.1754 0.5626 
     D267365  1 0.0892 0.4952 0.0901 0.3255 
        D404  1 0.0390 0.0303 0.0344 0.8963 
        D405  1 0.1250 0.1366 0.1011 0.6373 
        D406  1 0.0203 0.0418 0.9066 0.0312 
        D407  1 0.0886 0.6772 0.1897 0.0445 
        D408  1 0.0786 0.0553 0.0354 0.8307 
        D409  1 0.0556 0.3678 0.4673 0.1092 
        D410  1 0.0130 0.0622 0.8810 0.0438 
        D421  1 0.0479 0.8829 0.0383 0.0310 
        D422  1 0.0277 0.0589 0.9003 0.0130 
        D423  1 0.0221 0.0438 0.9159 0.0182 
        D424  1 0.0193 0.8022 0.1329 0.0456 
        D425  1 0.0452 0.5695 0.0637 0.3216 
        D426  1 0.1527 0.3873 0.4034 0.0566 
        D427  1 0.7032 0.1471 0.0323 0.1174 
        D428  1 0.0826 0.4170 0.1555 0.3449 
        D429  1 0.0824 0.4593 0.0866 0.3717 
        D430  1 0.3046 0.2521 0.1055 0.3378 
        D491  1 0.0232 0.1484 0.0506 0.7778 
        D492  1 0.0726 0.4058 0.1668 0.3547 
        D537  1 0.0252 0.7522 0.1266 0.0959 
        D538  1 0.1447 0.1590 0.4451 0.2512 
        D539  1 0.3532 0.0582 0.1961 0.3926 
        D540  1 0.0762 0.5436 0.2432 0.1370 
        D541  1 0.0202 0.9157 0.0349 0.0292 
        D551  1 0.7572 0.1330 0.0603 0.0495 
        D552  1 0.0869 0.2732 0.3898 0.2501 
        D553  1 0.0173 0.9318 0.0242 0.0267 
        D615  1 0.2005 0.3732 0.2619 0.1643 
        D616  1 0.2082 0.3608 0.3339 0.0970 
        D621  1 0.0384 0.0407 0.7626 0.1583 
        D622  1 0.0362 0.0600 0.8565 0.0474 
        D623  1 0.2140 0.1105 0.0424 0.6331 
        D624  1 0.0562 0.0547 0.0435 0.8455 
        D625  1 0.0248 0.7201 0.1306 0.1245 
        D626  1 0.0896 0.1084 0.2652 0.5368 
        D627  1 0.1288 0.5102 0.2943 0.0667 
        D690  1 0.0153 0.7401 0.1229 0.1216 
        D691  1 0.0212 0.0567 0.8835 0.0386 
        D710  1 0.0589 0.6727 0.0740 0.1944 
        D711  1 0.0325 0.7431 0.1025 0.1219 
        D712  1 0.0530 0.0482 0.0681 0.8307 
        D713  1 0.0321 0.1508 0.1111 0.7060 
        D746  1 0.0279 0.0438 0.9090 0.0193 
        D747  1 0.0413 0.8984 0.0273 0.0330 
        D748  1 0.0298 0.3360 0.5269 0.1074 
        D749  1 0.1563 0.0688 0.6317 0.1433 
        D750  1 0.0333 0.2383 0.1078 0.6206 
        D763  1 0.3540 0.4616 0.1131 0.0714 
        D764  1 0.0227 0.5365 0.1706 0.2701 
        D765  1 0.0409 0.0470 0.7929 0.1192 
        D766  1 0.0262 0.2315 0.6433 0.0990 
        D767  1 0.1301 0.2730 0.4064 0.1905 
        D768  1 0.0236 0.9188 0.0368 0.0208 
        D811  1 0.0290 0.0300 0.0647 0.8763 
        D816  1 0.0258 0.8487 0.0321 0.0934 
        D825  1 0.0234 0.1438 0.1833 0.6495 
        D866  1 0.5479 0.0883 0.0602 0.3037 
        D867  1 0.0351 0.0431 0.8914 0.0304 
        D871  1 0.0432 0.4185 0.4043 0.1341 
        D872  1 0.0614 0.3563 0.4118 0.1706 
        D873  1 0.0135 0.0110 0.9587 0.0168 
        D874  1 0.0895 0.4013 0.0312 0.4780 
        D875  1 0.0178 0.3274 0.5879 0.0669 
        D876  1 0.0446 0.5755 0.1725 0.2074 
        D877  1 0.0303 0.0661 0.0252 0.8784 
        D892  1 0.0349 0.2687 0.3016 0.3948 
        D893  1 0.0996 0.6536 0.1652 0.0816 
        D894  1 0.0516 0.7445 0.0783 0.1256 
        D915  1 0.0315 0.5280 0.2940 0.1465 
        D916  1 0.0220 0.9075 0.0400 0.0305 
        D917  1 0.1082 0.4494 0.0475 0.3949 
        D925  1 0.0356 0.0903 0.7995 0.0746 
        D926  1 0.0446 0.5980 0.1116 0.2459 
        D927  1 0.3362 0.5220 0.0595 0.0823 
        D928  1 0.0147 0.0602 0.0207 0.9044 
        D929  1 0.0662 0.1353 0.2530 0.5455 
        D936  1 0.1426 0.7364 0.0473 0.0737 
        D938  1 0.0140 0.0288 0.9308 0.0265 
        D956  1 0.0691 0.0346 0.0549 0.8414 
        D957  1 0.0433 0.2281 0.5882 0.1403 
        D958  1 0.0256 0.3088 0.4300 0.2356 
        D959  1 0.0616 0.7077 0.2043 0.0264 
        D960  1 0.0221 0.0280 0.9143 0.0357 
        D989  1 0.2265 0.1291 0.0394 0.6050 
        D990  1 0.0515 0.0197 0.9049 0.0239 
        D023  2 0.0221 0.5201 0.4342 0.0236 
        D130  2 0.0394 0.0430 0.8901 0.0275 
        D131  2 0.0728 0.7596 0.1111 0.0564 
        D163  2 0.0252 0.0827 0.8635 0.0285 
        D164  2 0.4310 0.0197 0.5341 0.0151 
        D165  2 0.0408 0.2886 0.6471 0.0234 
        D166  2 0.1929 0.1542 0.4062 0.2468 
        D167  2 0.9244 0.0154 0.0181 0.0421 
        D192  2 0.9531 0.0142 0.0134 0.0192 
        D193  2 0.0978 0.0461 0.1533 0.7028 
        D206  2 0.2890 0.3734 0.2369 0.1008 
        D207  2 0.7286 0.1705 0.0440 0.0570 
        D208  2 0.3849 0.0703 0.0712 0.4735 
        D209  2 0.6457 0.1843 0.1103 0.0597 
        D210  2 0.4056 0.1424 0.0638 0.3882 
     D229599  2 0.1784 0.4674 0.1557 0.1985 
     D229600  2 0.4090 0.0507 0.5096 0.0307 
     D237227  2 0.1214 0.1043 0.1715 0.6027 
     D237228  2 0.1294 0.0399 0.4161 0.4146 
     D237258  2 0.4021 0.1501 0.1991 0.2487 
     D237310  2 0.1002 0.0249 0.7479 0.1270 
     D237311  2 0.1904 0.0268 0.7249 0.0578 
     D237312  2 0.0362 0.0529 0.5994 0.3115 
     D237313  2 0.0924 0.2888 0.2905 0.3283 
     D237322  2 0.5331 0.0821 0.1277 0.2571 
     D237323  2 0.0454 0.0237 0.7650 0.1658 
     D237324  2 0.3714 0.1724 0.4368 0.0194 
     D237325  2 0.0898 0.0588 0.6355 0.2160 
     D237326  2 0.0338 0.1994 0.6529 0.1139 
     D237327  2 0.6729 0.2078 0.0631 0.0562 
     D237337  2 0.0248 0.0442 0.8393 0.0917 
     D237338  2 0.1801 0.0868 0.5126 0.2205 
     D237339  2 0.2552 0.6660 0.0389 0.0398 
     D237340  2 0.2975 0.0327 0.3360 0.3338 
     D237389  2 0.0666 0.0480 0.8070 0.0784 
     D237390  2 0.0512 0.0914 0.5007 0.3567 
     D244017  2 0.3282 0.0631 0.0663 0.5424 
     D244112  2 0.8720 0.0175 0.0799 0.0306 
     D244118  2 0.6876 0.0217 0.2737 0.0170 
     D244119  2 0.4626 0.0332 0.0446 0.4597 
     D244120  2 0.6013 0.0241 0.0911 0.2835 
     D244122  2 0.7977 0.0394 0.0689 0.0940 
        D291  2 0.5381 0.2175 0.1531 0.0914 
        D292  2 0.5093 0.2717 0.0608 0.1582 
        D293  2 0.3599 0.6161 0.0117 0.0124 
        D322  2 0.2795 0.6368 0.0545 0.0292 
        D323  2 0.2632 0.3335 0.0847 0.3186 
        D324  2 0.1823 0.5591 0.1531 0.1056 
        D325  2 0.7828 0.1691 0.0355 0.0126 
        D326  2 0.0334 0.9199 0.0141 0.0326 
        D340  2 0.9403 0.0252 0.0205 0.0139 
        D341  2 0.9136 0.0269 0.0307 0.0288 
        D342  2 0.7456 0.0400 0.1735 0.0409 
        D343  2 0.9487 0.0326 0.0105 0.0082 
        D344  2 0.0872 0.6144 0.1526 0.1458 
        D345  2 0.0595 0.6118 0.2524 0.0764 
        D346  2 0.1290 0.1354 0.0510 0.6847 
        D351  2 0.0836 0.7941 0.0864 0.0360 
        D352  2 0.1980 0.3236 0.1965 0.2819 
        D353  2 0.0513 0.8932 0.0221 0.0333 
        D354  2 0.0368 0.4583 0.1510 0.3540 
        D362  2 0.0427 0.7739 0.1017 0.0817 
        D363  2 0.0306 0.7988 0.0507 0.1199 
        D364  2 0.0380 0.6920 0.1234 0.1465 
        D365  2 0.9171 0.0528 0.0135 0.0166 
        D369  2 0.2261 0.4808 0.1134 0.1797 
        D374  2 0.0155 0.0187 0.0265 0.9393 
        D375  2 0.0458 0.4497 0.1899 0.3146 
        D376  2 0.0633 0.0204 0.0570 0.8593 
        D377  2 0.1123 0.1142 0.2269 0.5466 
        D378  2 0.1636 0.7697 0.0368 0.0300 
        D379  2 0.0345 0.8657 0.0463 0.0534 
        D384  2 0.0206 0.9134 0.0182 0.0478 
        D385  2 0.9134 0.0303 0.0201 0.0362 
        D386  2 0.0616 0.8404 0.0643 0.0337 
        D391  2 0.8921 0.0683 0.0210 0.0186 
        D392  2 0.7490 0.0892 0.0812 0.0806 
        D393  2 0.1376 0.7728 0.0588 0.0308 
        D394  2 0.1148 0.2962 0.4792 0.1098 
        D395  2 0.6187 0.2647 0.0567 0.0600 
        D401  2 0.0282 0.0292 0.8810 0.0616 
        D402  2 0.9285 0.0319 0.0171 0.0225 
        D403  2 0.0926 0.5637 0.2641 0.0796 
        D415  2 0.0189 0.8740 0.0842 0.0229 
        D435  2 0.2112 0.6764 0.0958 0.0165 
        D436  2 0.0915 0.4432 0.1403 0.3250 
        D438  2 0.9267 0.0232 0.0172 0.0328 
        D439  2 0.1590 0.6815 0.1204 0.0390 
        D449  2 0.6268 0.3119 0.0378 0.0236 
        D450  2 0.0562 0.2981 0.0909 0.5549 
        D456  2 0.0161 0.9507 0.0166 0.0165 
        D462  2 0.8715 0.0890 0.0209 0.0186 
        D463  2 0.0151 0.9450 0.0170 0.0228 
        D464  2 0.1031 0.7012 0.0320 0.1637 
        D465  2 0.2535 0.5784 0.1241 0.0440 
        D473  2 0.0700 0.0482 0.1409 0.7409 
        D474  2 0.1862 0.6759 0.0703 0.0676 
        D476  2 0.1895 0.1835 0.6061 0.0210 
        D477  2 0.0709 0.7236 0.0551 0.1504 
        D478  2 0.0829 0.2868 0.1829 0.4473 
        D480  2 0.2398 0.5866 0.0429 0.1307 
        D481  2 0.0996 0.5767 0.1575 0.1662 
        D482  2 0.4001 0.0897 0.1832 0.3271 
        D483  2 0.9162 0.0224 0.0222 0.0391 
        D484  2 0.3294 0.1958 0.1043 0.3705 
        D510  2 0.0732 0.0267 0.0294 0.8707 
        D511  2 0.1522 0.7512 0.0544 0.0422 
        D512  2 0.1701 0.0977 0.6831 0.0491 
        D513  2 0.5532 0.2510 0.1022 0.0937 
        D635  2 0.0319 0.8799 0.0619 0.0264 
        D636  2 0.0218 0.0378 0.9180 0.0225 
        D637  2 0.4128 0.1609 0.1190 0.3073 
        D658  2 0.7180 0.0402 0.0752 0.1666 
        D659  2 0.0333 0.8989 0.0310 0.0368 
        D677  2 0.2168 0.3498 0.3517 0.0816 
        D678  2 0.8238 0.0425 0.0650 0.0687 
        D679  2 0.1757 0.6993 0.0552 0.0698 
        D719  2 0.1690 0.3797 0.0239 0.4274 
        D720  2 0.0531 0.6919 0.0778 0.1772 
        D721  2 0.1467 0.3614 0.4488 0.0431 
        D722  2 0.0738 0.0452 0.0382 0.8428 
        D734  2 0.2154 0.1476 0.0220 0.6149 
        D735  2 0.1639 0.5725 0.1247 0.1389 
        D736  2 0.2396 0.2166 0.0915 0.4523 
        D737  2 0.8113 0.0449 0.0670 0.0768 
        D807  2 0.1651 0.3236 0.1037 0.4076 
        D808  2 0.1965 0.2621 0.4646 0.0768 
        D817  2 0.0638 0.4977 0.1042 0.3343 
        D818  2 0.4531 0.4069 0.0864 0.0536 
        D819  2 0.0675 0.5315 0.2231 0.1779 
        D820  2 0.0448 0.8948 0.0233 0.0372 
        D895  2 0.0616 0.7171 0.1663 0.0549 
        D896  2 0.0178 0.0199 0.9043 0.0580 
        D897  2 0.8129 0.0617 0.0722 0.0532 
        D898  2 0.1099 0.3081 0.2265 0.3556 
        D918  2 0.2306 0.1363 0.4619 0.1713 
        D919  2 0.2414 0.6798 0.0491 0.0297 
        D920  2 0.0351 0.0187 0.9038 0.0424 
        D923  2 0.0396 0.8631 0.0384 0.0589 
        D930  2 0.0850 0.5083 0.1347 0.2720 
        D931  2 0.1889 0.5951 0.0595 0.1564 
        D968  2 0.9239 0.0449 0.0132 0.0180 
        D969  2 0.3389 0.5633 0.0439 0.0538 
        D977  2 0.7628 0.1408 0.0652 0.0313 
        D978  2 0.6917 0.1555 0.0506 0.1022 
        D211  3 0.0903 0.1117 0.7397 0.0583 
     D229639  3 0.7569 0.0656 0.0608 0.1167 
     D237212  3 0.3155 0.4389 0.1619 0.0837 
     D237213  3 0.1021 0.2824 0.5286 0.0870 
     D237214  3 0.0335 0.2367 0.6363 0.0935 
     D237215  3 0.8341 0.0165 0.0224 0.1270 
     D237216  3 0.2901 0.3218 0.3334 0.0548 
     D237217  3 0.0818 0.1829 0.7172 0.0181 
     D237218  3 0.6293 0.2265 0.1045 0.0396 
     D237219  3 0.1479 0.0420 0.6062 0.2039 
     D237382  3 0.0958 0.1558 0.3338 0.4146 
     D244127  3 0.1580 0.0662 0.7329 0.0429 
     D244129  3 0.1387 0.4256 0.3255 0.1103 
     D244133  3 0.2507 0.1097 0.1724 0.4673 
     D244134  3 0.4569 0.0714 0.1664 0.3053 
     D244135  3 0.0860 0.1376 0.7498 0.0266 
     D244136  3 0.1275 0.2396 0.0744 0.5585 
        D416  3 0.3400 0.4268 0.1743 0.0589 
        D417  3 0.0282 0.7688 0.1559 0.0470 
        D419  3 0.2542 0.1899 0.3783 0.1777 
        D565  3 0.0325 0.0708 0.0285 0.8681 
        D566  3 0.4249 0.1135 0.0500 0.4116 
        D567  3 0.0356 0.7610 0.1564 0.0470 
        D568  3 0.2609 0.2901 0.4166 0.0324 
        D569  3 0.4000 0.3669 0.1296 0.1035 
        D573  3 0.6247 0.3192 0.0325 0.0236 
        D574  3 0.0590 0.0795 0.0932 0.7683 
        D575  3 0.1549 0.2016 0.2887 0.3548 
        D576  3 0.8846 0.0117 0.0270 0.0767 
        D577  3 0.0507 0.7047 0.1162 0.1285 
        D578  3 0.0258 0.0319 0.9239 0.0184 
        D579  3 0.2375 0.3510 0.1186 0.2929 
        D660  3 0.6502 0.0588 0.1913 0.0996 
        D661  3 0.8487 0.0533 0.0687 0.0292 
        D663  3 0.8217 0.0994 0.0265 0.0524 
        D664  3 0.1663 0.0300 0.4385 0.3652 
        D665  3 0.1690 0.0959 0.6776 0.0575 
        D666  3 0.0838 0.1748 0.3357 0.4058 
        D009  4 0.0662 0.2759 0.5999 0.0580 
        D057  4 0.5536 0.1201 0.2563 0.0700 
        D109  4 0.0370 0.0841 0.7543 0.1246 
     D237222  4 0.0591 0.0437 0.7771 0.1200 
     D237223  4 0.1643 0.0997 0.5852 0.1508 
     D237224  4 0.4491 0.3989 0.0736 0.0785 
     D237225  4 0.0982 0.3975 0.4019 0.1024 
     D237299  4 0.1256 0.0689 0.7330 0.0725 
     D237300  4 0.8684 0.0311 0.0262 0.0743 
     D237306  4 0.0439 0.1163 0.1309 0.7089 
     D237307  4 0.1505 0.2904 0.1033 0.4558 
     D237308  4 0.6376 0.1014 0.1364 0.1245 
     D237309  4 0.1206 0.4980 0.3227 0.0587 
     D237317  4 0.0644 0.2275 0.0709 0.6371 
     D237318  4 0.8890 0.0444 0.0188 0.0478 
     D237319  4 0.1450 0.1532 0.5558 0.1460 
     D237320  4 0.3106 0.1494 0.4564 0.0836 
     D237321  4 0.7576 0.0690 0.0639 0.1095 
     D237397  4 0.3273 0.0943 0.2470 0.3314 
     D237398  4 0.6391 0.2734 0.0629 0.0246 
     D237399  4 0.2419 0.2648 0.1732 0.3201 
     D244001  4 0.1370 0.0729 0.7266 0.0636 
        D289  4 0.2300 0.3991 0.0804 0.2905 
        D290  4 0.2643 0.1867 0.1889 0.3600 
        D294  4 0.2280 0.4474 0.0666 0.2580 
        D295  4 0.0888 0.3995 0.2883 0.2235 
        D301  4 0.1206 0.0226 0.8019 0.0549 
        D302  4 0.0314 0.8711 0.0439 0.0537 
        D303  4 0.0941 0.0557 0.0774 0.7728 
        D304  4 0.3047 0.1473 0.0604 0.4876 
        D305  4 0.4882 0.3746 0.1092 0.0281 
        D306  4 0.0801 0.1703 0.1418 0.6077 
        D307  4 0.0481 0.0210 0.8645 0.0665 
        D327  4 0.0794 0.6833 0.0921 0.1452 
        D328  4 0.0471 0.0708 0.0739 0.8082 
        D329  4 0.4784 0.2085 0.1712 0.1420 
        D330  4 0.0402 0.5207 0.3950 0.0442 
        D331  4 0.2849 0.2214 0.1991 0.2946 
        D333  4 0.2602 0.1268 0.2440 0.3690 
        D334  4 0.0544 0.1560 0.1026 0.6871 
        D335  4 0.0661 0.7849 0.0328 0.1162 
        D370  4 0.0687 0.0741 0.2390 0.6182 
        D371  4 0.0502 0.1010 0.0267 0.8221 
        D372  4 0.8803 0.0184 0.0163 0.0850 
        D373  4 0.2028 0.0618 0.7039 0.0315 
        D455  4 0.0563 0.0395 0.8760 0.0282 
        D490  4 0.0190 0.0213 0.9343 0.0253 
        D497  4 0.0450 0.0304 0.8878 0.0367 
        D498  4 0.1828 0.0915 0.2707 0.4551 
        D499  4 0.5128 0.1127 0.0655 0.3090 
        D514  4 0.0435 0.8155 0.0684 0.0725 
        D515  4 0.0645 0.0826 0.7808 0.0722 
        D516  4 0.1647 0.1891 0.4290 0.2172 
        D517  4 0.1533 0.0697 0.7521 0.0249 
        D518  4 0.1877 0.1999 0.3137 0.2986 
        D519  4 0.1359 0.0809 0.7460 0.0371 
        D560  4 0.2387 0.1349 0.5880 0.0384 
        D561  4 0.0448 0.4449 0.4908 0.0194 
        D562  4 0.2461 0.2411 0.2532 0.2596 
        D563  4 0.5937 0.2954 0.0767 0.0343 
        D572  4 0.1255 0.5332 0.1630 0.1783 
        D629  4 0.0462 0.5886 0.2522 0.1130 
        D630  4 0.1539 0.3121 0.2393 0.2947 
        D631  4 0.5264 0.1715 0.1024 0.1997 
        D632  4 0.1768 0.0859 0.6945 0.0427 
        D646  4 0.0872 0.3845 0.4871 0.0412 
        D647  4 0.0994 0.5692 0.2949 0.0365 
        D648  4 0.0619 0.0471 0.0609 0.8301 
        D649  4 0.0480 0.5839 0.3152 0.0529 
        D650  4 0.1169 0.2760 0.2535 0.3535 
        D708  4 0.0973 0.0783 0.1183 0.7061 
        D709  4 0.0851 0.1130 0.2219 0.5799 
        D738  4 0.0391 0.1271 0.2663 0.5675 
        D739  4 0.1725 0.1291 0.5488 0.1496 
        D740  4 0.4117 0.1121 0.3068 0.1694 
        D741  4 0.1989 0.4471 0.3119 0.0421 
        D742  4 0.6024 0.1386 0.0843 0.1747 
        D743  4 0.0939 0.7933 0.0491 0.0637 
        D744  4 0.1587 0.7353 0.0519 0.0541 
        D745  4 0.0443 0.0515 0.8611 0.0431 
        D814  4 0.7549 0.1260 0.0758 0.0433 
        D815  4 0.1352 0.4833 0.1521 0.2294 
        D828  4 0.2481 0.0276 0.0850 0.6393 
        D845  4 0.8765 0.0447 0.0183 0.0606 
        D846  4 0.3587 0.4719 0.1348 0.0345 
        D847  4 0.1803 0.3057 0.3156 0.1984 
        D848  4 0.3761 0.0383 0.5591 0.0264 
        D849  4 0.0811 0.0852 0.7847 0.0490 
        D850  4 0.1369 0.5067 0.2279 0.1286 
        D856  4 0.0577 0.2379 0.5353 0.1691 
        D857  4 0.0565 0.0149 0.8749 0.0537 
        D859  4 0.3119 0.3727 0.1068 0.2087 
        D860  4 0.2945 0.2539 0.0293 0.4223 
        D883  4 0.0720 0.2442 0.3128 0.3710 
        D884  4 0.0582 0.1577 0.4166 0.3674 
        D885  4 0.4350 0.4082 0.1040 0.0528 
        D886  4 0.1057 0.1877 0.6190 0.0876 
        D887  4 0.4812 0.2469 0.1174 0.1545 
        D889  4 0.5664 0.1545 0.0381 0.2411 
        D890  4 0.1019 0.0923 0.1548 0.6509 
        D891  4 0.9450 0.0263 0.0144 0.0143 
        D899  4 0.5922 0.0929 0.0396 0.2754 
        D900  4 0.1463 0.4509 0.2074 0.1954 
        D970  4 0.2210 0.4856 0.1243 0.1691 
        D971  4 0.6073 0.1949 0.0784 0.1194 
        D979  4 0.0784 0.7119 0.0295 0.1802 
        D093  5 0.1108 0.0524 0.0555 0.7813 
        D154  5 0.5685 0.1251 0.0762 0.2302 
        D168  5 0.5003 0.1609 0.2715 0.0672 
        D189  5 0.2720 0.0613 0.0535 0.6133 
        D190  5 0.0701 0.0589 0.0332 0.8378 
     D237220  5 0.1695 0.1138 0.5733 0.1433 
     D237221  5 0.2867 0.1486 0.0791 0.4856 
     D237274  5 0.0234 0.8860 0.0602 0.0304 
     D237275  5 0.8802 0.0325 0.0334 0.0539 
     D237276  5 0.0939 0.1231 0.3434 0.4396 
     D237277  5 0.2269 0.0679 0.0326 0.6725 
     D237278  5 0.5200 0.0622 0.1672 0.2506 
     D237279  5 0.0371 0.3861 0.5434 0.0334 
     D237280  5 0.0690 0.2284 0.5676 0.1350 
     D237281  5 0.8126 0.1203 0.0348 0.0323 
     D237351  5 0.0504 0.0386 0.7566 0.1545 
     D237352  5 0.1150 0.2610 0.4592 0.1647 
     D237353  5 0.0511 0.0304 0.0290 0.8895 
     D237359  5 0.3232 0.1964 0.3563 0.1241 
     D237361  5 0.0243 0.0280 0.0267 0.9210 
     D237362  5 0.1350 0.2873 0.0945 0.4831 
     D237363  5 0.2585 0.3328 0.2069 0.2018 
     D237364  5 0.4162 0.3069 0.2218 0.0551 
     D237376  5 0.0639 0.0175 0.0309 0.8877 
     D237377  5 0.0504 0.6390 0.1810 0.1296 
     D237378  5 0.1415 0.0254 0.0533 0.7797 
     D237379  5 0.1021 0.0672 0.0801 0.7506 
     D237380  5 0.0230 0.0439 0.8113 0.1218 
     D237381  5 0.0982 0.1110 0.6744 0.1165 
     D237391  5 0.0849 0.1075 0.0669 0.7408 
     D237392  5 0.0869 0.7587 0.0885 0.0658 
     D237393  5 0.1122 0.4567 0.1515 0.2796 
     D237394  5 0.0250 0.0423 0.0379 0.8948 
     D237395  5 0.1731 0.0608 0.2071 0.5590 
     D237396  5 0.0570 0.8415 0.0473 0.0542 
     D244016  5 0.2091 0.2315 0.0565 0.5029 
     D244018  5 0.5884 0.1068 0.1138 0.1910 
     D244019  5 0.2075 0.4746 0.0592 0.2587 
        D279  5 0.7145 0.1087 0.1037 0.0732 
        D280  5 0.2607 0.3196 0.1162 0.3035 
        D281  5 0.7548 0.1077 0.0309 0.1066 
        D283  5 0.1027 0.3774 0.0502 0.4697 
        D284  5 0.1732 0.1262 0.5817 0.1189 
        D285  5 0.1350 0.1612 0.0991 0.6047 
        D286  5 0.1715 0.1764 0.1530 0.4991 
        D287  5 0.0584 0.0261 0.1179 0.7977 
        D288  5 0.2502 0.3853 0.0455 0.3190 
        D308  5 0.0215 0.0777 0.8653 0.0355 
        D309  5 0.0254 0.9172 0.0326 0.0248 
        D310  5 0.0440 0.0289 0.0291 0.8981 
        D311  5 0.1142 0.1800 0.0804 0.6255 
        D312  5 0.0657 0.1692 0.0915 0.6736 
        D313  5 0.0146 0.0132 0.9512 0.0211 
        D314  5 0.4592 0.0796 0.1737 0.2874 
        D315  5 0.0772 0.2811 0.1258 0.5159 
        D317  5 0.0354 0.0480 0.0367 0.8799 
        D318  5 0.1493 0.5318 0.1270 0.1919 
        D319  5 0.0708 0.0395 0.0476 0.8420 
        D320  5 0.0610 0.0582 0.0608 0.8200 
        D321  5 0.0569 0.1013 0.7492 0.0927 
        D336  5 0.0167 0.0248 0.0168 0.9418 
        D337  5 0.0473 0.0278 0.0129 0.9120 
        D338  5 0.2846 0.2442 0.2854 0.1858 
        D339  5 0.1546 0.0537 0.0800 0.7118 
        D347  5 0.1815 0.3947 0.0641 0.3596 
        D348  5 0.0481 0.0684 0.0224 0.8611 
        D349  5 0.0408 0.0291 0.8598 0.0702 
        D350  5 0.1147 0.7663 0.0591 0.0599 
        D355  5 0.4167 0.5115 0.0216 0.0502 
        D356  5 0.0483 0.2150 0.1301 0.6066 
        D357  5 0.1807 0.2075 0.1672 0.4446 
        D358  5 0.0949 0.2963 0.0719 0.5369 
        D359  5 0.0254 0.4762 0.0321 0.4663 
        D360  5 0.0433 0.1145 0.1177 0.7245 
        D361  5 0.0247 0.0244 0.9187 0.0321 
        D366  5 0.2301 0.6612 0.0753 0.0334 
        D367  5 0.0679 0.0367 0.0860 0.8094 
        D368  5 0.0692 0.1568 0.3462 0.4278 
        D380  5 0.0789 0.8189 0.0454 0.0568 
        D381  5 0.1159 0.1953 0.0654 0.6234 
        D400  5 0.3337 0.0766 0.0733 0.5164 
        D411  5 0.0246 0.0263 0.9258 0.0232 
        D412  5 0.3955 0.2323 0.1776 0.1946 
        D413  5 0.8193 0.0822 0.0523 0.0462 
        D414  5 0.5955 0.2639 0.0658 0.0748 
        D420  5 0.2185 0.1790 0.3838 0.2186 
        D431  5 0.3781 0.0386 0.1147 0.4686 
        D432  5 0.2276 0.1317 0.1294 0.5112 
        D433  5 0.1644 0.0726 0.0594 0.7036 
        D434  5 0.0963 0.2184 0.1421 0.5431 
        D440  5 0.0841 0.7851 0.0879 0.0429 
        D447  5 0.0511 0.8680 0.0592 0.0216 
        D448  5 0.0775 0.0654 0.0254 0.8317 
        D459  5 0.6909 0.2266 0.0236 0.0589 
        D460  5 0.0340 0.1119 0.7876 0.0665 
        D461  5 0.0351 0.8642 0.0331 0.0676 
        D468  5 0.0826 0.2360 0.1103 0.5711 
        D469  5 0.0794 0.5474 0.1930 0.1801 
        D470  5 0.0964 0.1210 0.4613 0.3213 
        D471  5 0.0874 0.0605 0.0222 0.8299 
        D472  5 0.1853 0.7621 0.0283 0.0243 
        D479  5 0.8797 0.0427 0.0349 0.0427 
        D485  5 0.1545 0.1145 0.1510 0.5800 
        D486  5 0.0535 0.2176 0.3043 0.4245 
        D487  5 0.6646 0.0480 0.0735 0.2138 
        D555  5 0.0706 0.0293 0.0278 0.8724 
        D556  5 0.2681 0.0904 0.0761 0.5655 
        D557  5 0.0435 0.0542 0.0206 0.8817 
        D564  5 0.0641 0.1677 0.2041 0.5641 
        D594  5 0.1148 0.5187 0.0875 0.2790 
        D595  5 0.1764 0.2172 0.0790 0.5274 
        D596  5 0.0469 0.0303 0.0295 0.8933 
        D597  5 0.3502 0.2702 0.0435 0.3360 
        D598  5 0.1272 0.1392 0.2192 0.5144 
        D617  5 0.2388 0.0339 0.7003 0.0270 
        D618  5 0.2695 0.1306 0.0808 0.5190 
        D619  5 0.0478 0.4375 0.2621 0.2527 
        D620  5 0.9083 0.0470 0.0209 0.0238 
        D628  5 0.1665 0.2318 0.2963 0.3054 
        D714  5 0.2658 0.0518 0.0467 0.6358 
        D715  5 0.1392 0.1361 0.0392 0.6856 
        D716  5 0.2574 0.2557 0.0562 0.4307 
        D717  5 0.1003 0.4604 0.1693 0.2700 
        D718  5 0.1105 0.0354 0.4232 0.4309 
        D769  5 0.1343 0.0440 0.7810 0.0407 
        D770  5 0.4948 0.1258 0.0557 0.3237 
        D771  5 0.5111 0.1313 0.1381 0.2195 
        D772  5 0.0700 0.1101 0.0629 0.7571 
        D782  5 0.2246 0.4518 0.2790 0.0446 
        D783  5 0.5938 0.1328 0.0591 0.2143 
        D784  5 0.0898 0.7073 0.0700 0.1329 
        D785  5 0.0348 0.0330 0.0795 0.8527 
        D786  5 0.0555 0.1989 0.7019 0.0436 
        D821  5 0.0227 0.0149 0.0169 0.9455 
        D822  5 0.1019 0.5900 0.0510 0.2571 
        D826  5 0.4450 0.0934 0.0622 0.3994 
        D827  5 0.0907 0.7518 0.0799 0.0776 
        D851  5 0.1437 0.4912 0.0913 0.2738 
        D852  5 0.5592 0.0759 0.1172 0.2476 
        D853  5 0.1865 0.1728 0.1249 0.5158 
        D854  5 0.2815 0.4420 0.1690 0.1075 
        D861  5 0.3319 0.1854 0.2080 0.2748 
        D862  5 0.0341 0.3255 0.0578 0.5827 
        D865  5 0.0946 0.0360 0.0557 0.8138 
        D868  5 0.0713 0.6702 0.1277 0.1308 
        D869  5 0.0291 0.0518 0.8785 0.0406 
        D870  5 0.0432 0.3998 0.5027 0.0543 
        D907  5 0.0471 0.0492 0.1091 0.7945 
        D908  5 0.6441 0.0278 0.0712 0.2570 
        D910  5 0.2974 0.0917 0.0307 0.5803 
        D911  5 0.5461 0.3815 0.0311 0.0413 
        D934  5 0.5623 0.1524 0.0539 0.2315 
        D946  5 0.4421 0.0648 0.1467 0.3465 
        D947  5 0.2419 0.3992 0.1608 0.1980 
        D948  5 0.0495 0.0619 0.8008 0.0878 
        D949  5 0.0315 0.0484 0.8425 0.0776 
        D950  5 0.6190 0.3190 0.0216 0.0404 
        D951  5 0.0297 0.8310 0.0440 0.0953 
        D952  5 0.0867 0.6464 0.0701 0.1968 
        D953  5 0.0756 0.1138 0.0729 0.7377 
        D954  5 0.0390 0.5418 0.0584 0.3608 
        D961  5 0.1330 0.0506 0.1313 0.6851 
        D962  5 0.0168 0.0344 0.0235 0.9253 
        D963  5 0.1473 0.3648 0.0620 0.4259 
        D964  5 0.2753 0.1455 0.3116 0.2676 
        D965  5 0.2865 0.2360 0.1299 0.3476 
        D966  5 0.2195 0.2462 0.0582 0.4760 
        D967  5 0.3891 0.1045 0.1737 0.3327 
        D991  5 0.0804 0.1532 0.4335 0.3329 
        D502  6 0.4328 0.1961 0.2784 0.0927 
        D503  6 0.6132 0.0452 0.2829 0.0587 
        D504  6 0.1489 0.5818 0.1256 0.1438 
        D505  6 0.2158 0.2288 0.1089 0.4465 
        D506  6 0.0233 0.0432 0.0283 0.9051 
        D507  6 0.4755 0.1919 0.2065 0.1261 
        D508  6 0.1817 0.6047 0.0784 0.1351 
        D529  6 0.1456 0.2689 0.2780 0.3075 
        D530  6 0.0713 0.0396 0.1456 0.7435 
        D531  6 0.1423 0.4564 0.1315 0.2697 
        D532  6 0.0818 0.3113 0.0571 0.5498 
        D534  6 0.0512 0.1096 0.8063 0.0329 
        D535  6 0.0504 0.2885 0.0921 0.5690 
        D536  6 0.8366 0.0377 0.1009 0.0248 
        D554  6 0.0470 0.0578 0.1141 0.7810 
        D587  6 0.0685 0.1356 0.0408 0.7551 
        D588  6 0.0475 0.6104 0.0464 0.2957 
        D589  6 0.6694 0.0859 0.1026 0.1421 
        D590  6 0.8023 0.0855 0.0723 0.0398 
        D591  6 0.3851 0.2021 0.1328 0.2800 
        D592  6 0.0672 0.0576 0.8255 0.0497 
        D593  6 0.0804 0.0319 0.0751 0.8126 
        D682  6 0.0432 0.0362 0.0349 0.8857 
        D683  6 0.0392 0.6105 0.1000 0.2503 
        D684  6 0.4603 0.1579 0.3587 0.0232 
        D685  6 0.4706 0.0703 0.2580 0.2010 
        D686  6 0.0419 0.0744 0.0551 0.8287 
        D724  6 0.1780 0.5204 0.2270 0.0745 
        D725  6 0.3334 0.1155 0.1078 0.4433 
        D726  6 0.0240 0.0351 0.0320 0.9090 
        D727  6 0.3162 0.4634 0.1136 0.1067 
        D728  6 0.0402 0.0601 0.0696 0.8301 
        D729  6 0.0958 0.4453 0.4317 0.0272 
        D730  6 0.3678 0.1940 0.3500 0.0882 
        D731  6 0.2776 0.0184 0.0228 0.6811 
        D732  6 0.1219 0.5948 0.1187 0.1646 
        D733  6 0.2024 0.1926 0.2908 0.3142 
     D237251  7 0.6998 0.0651 0.0527 0.1824 
     D237252  7 0.2961 0.0856 0.5656 0.0527 
     D237253  7 0.5476 0.1228 0.0745 0.2551 
     D237254  7 0.0351 0.0508 0.8921 0.0219 
     D237255  7 0.8025 0.0642 0.0346 0.0987 
     D237256  7 0.6253 0.2625 0.0347 0.0775 
     D237257  7 0.1373 0.2925 0.4826 0.0876 
     D237282  7 0.0772 0.7439 0.1428 0.0361 
     D237283  7 0.0695 0.0149 0.8910 0.0247 
     D237284  7 0.0375 0.0832 0.8587 0.0205 
     D237285  7 0.2421 0.1001 0.0919 0.5659 
     D237286  7 0.1586 0.4997 0.0870 0.2547 
     D237287  7 0.5021 0.2838 0.1417 0.0724 
     D244006  7 0.0284 0.0585 0.8904 0.0227 
     D244007  7 0.4086 0.3830 0.1302 0.0782 
     D244008  7 0.0501 0.0235 0.8797 0.0467 
     D244009  7 0.0454 0.0832 0.7378 0.1336 
     D244010  7 0.1763 0.1647 0.5120 0.1470 
     D244011  7 0.3063 0.1024 0.1704 0.4209 
     D244012  7 0.4047 0.2577 0.2401 0.0975 
     D244013  7 0.5196 0.1288 0.0818 0.2698 
     D244014  7 0.3893 0.1302 0.3749 0.1056 
     D244015  7 0.0910 0.2677 0.5911 0.0503 
     D244125  7 0.3427 0.2962 0.0667 0.2944 
     D244126  7 0.0328 0.0205 0.9340 0.0128 
     D244130  7 0.1779 0.2270 0.4257 0.1695 
     D244131  7 0.1031 0.3673 0.1728 0.3567 
     D244132  7 0.0427 0.2749 0.0765 0.6059 
        D520  7 0.0643 0.1421 0.3695 0.4241 
        D521  7 0.1657 0.3284 0.2992 0.2068 
        D522  7 0.0865 0.1979 0.6472 0.0684 
        D523  7 0.8180 0.0527 0.0449 0.0843 
        D524  7 0.4758 0.1164 0.1827 0.2251 
        D525  7 0.3169 0.0448 0.5909 0.0474 
        D526  7 0.0302 0.0803 0.8707 0.0187 
        D527  7 0.2801 0.3765 0.1893 0.1541 
        D528  7 0.0142 0.9174 0.0453 0.0231 
        D558  7 0.1818 0.5644 0.1921 0.0618 
        D559  7 0.2325 0.5876 0.1510 0.0289 
        D640  7 0.2694 0.1830 0.1059 0.4416 
        D641  7 0.2785 0.0474 0.2135 0.4606 
        D642  7 0.2525 0.1022 0.5567 0.0887 
        D644  7 0.1524 0.1093 0.3239 0.4144 
        D645  7 0.4638 0.1305 0.2192 0.1865 
        D662  7 0.0225 0.2330 0.6193 0.1252 
        D687  7 0.5033 0.2024 0.1234 0.1709 
        D688  7 0.1862 0.5159 0.2549 0.0430 
        D689  7 0.2250 0.2378 0.1169 0.4202 
        D700  7 0.0139 0.9482 0.0212 0.0168 
        D797  7 0.2952 0.2015 0.2115 0.2918 
        D798  7 0.0337 0.1345 0.7777 0.0541 
        D799  7 0.6809 0.1186 0.1497 0.0508 
        D800  7 0.1604 0.7126 0.0867 0.0402 
        D132  8 0.0266 0.0353 0.9015 0.0366 
        D133  8 0.9182 0.0172 0.0496 0.0150 
        D200  8 0.3951 0.1318 0.1367 0.3363 
        D500  8 0.0152 0.0211 0.9394 0.0243 
        D614  8 0.0645 0.0949 0.2041 0.6364 
        D723  8 0.1303 0.3843 0.3970 0.0884 
        D888  8 0.8852 0.0481 0.0294 0.0373 
        D901  8 0.1519 0.0302 0.6715 0.1463 
        D902  8 0.0703 0.0344 0.0909 0.8044 
        D903  8 0.0890 0.6021 0.0347 0.2742 
        D904  8 0.1449 0.4895 0.2138 0.1519 
        D905  8 0.7918 0.0200 0.0201 0.1682 
        D906  8 0.6315 0.2397 0.0870 0.0418 
        D937  8 0.0659 0.0177 0.0329 0.8834 
        D943  8 0.1963 0.2373 0.4939 0.0724 
        D972  8 0.0808 0.2655 0.5742 0.0795 
        D973  8 0.0318 0.6191 0.2472 0.1019 
        D974  8 0.1899 0.1607 0.3020 0.3474 
        D975  8 0.2729 0.1102 0.1598 0.4571 
        D976  8 0.2938 0.1476 0.2514 0.3073 
        D201  9 0.6435 0.1571 0.1146 0.0847 
        D202  9 0.5679 0.0578 0.1764 0.1979 
     D237259  9 0.0733 0.8254 0.0713 0.0300 
     D237260  9 0.5970 0.0456 0.2886 0.0689 
     D237262  9 0.0181 0.0305 0.9283 0.0231 
     D237263  9 0.2826 0.1252 0.5553 0.0369 
     D237264  9 0.1948 0.1914 0.3894 0.2244 
     D237265  9 0.8662 0.0230 0.0621 0.0487 
     D237266  9 0.5941 0.0917 0.2874 0.0268 
     D237267  9 0.1252 0.1464 0.2147 0.5138 
     D237268  9 0.0580 0.1533 0.6259 0.1629 
     D237289  9 0.5192 0.0403 0.0847 0.3558 
     D237290  9 0.9169 0.0320 0.0322 0.0189 
     D237291  9 0.7879 0.0524 0.0925 0.0672 
     D237292  9 0.6646 0.0555 0.2470 0.0330 
     D237293  9 0.1387 0.1590 0.3698 0.3325 
     D237294  9 0.2275 0.0276 0.6678 0.0771 
     D237295  9 0.0539 0.3060 0.3079 0.3323 
     D237296  9 0.2939 0.1733 0.2566 0.2762 
     D237297  9 0.0964 0.0597 0.0650 0.7789 
     D237298  9 0.3330 0.2678 0.2823 0.1169 
     D237341  9 0.5618 0.2246 0.0921 0.1215 
     D237342  9 0.0823 0.0548 0.7791 0.0837 
     D237343  9 0.3647 0.1432 0.4341 0.0580 
     D237344  9 0.1536 0.0738 0.1145 0.6582 
     D237345  9 0.0385 0.0359 0.9066 0.0189 
     D237346  9 0.6581 0.0485 0.1116 0.1817 
     D237347  9 0.2367 0.0979 0.0740 0.5914 
     D237348  9 0.2163 0.1485 0.3779 0.2574 
     D237349  9 0.2931 0.4663 0.2125 0.0282 
     D244109  9 0.6467 0.2063 0.1306 0.0164 
     D244110  9 0.7386 0.1109 0.1060 0.0445 
     D244111  9 0.3345 0.3028 0.1791 0.1836 
     D244128  9 0.0896 0.0477 0.8323 0.0304 
     D244137  9 0.0595 0.6449 0.2003 0.0953 
     D244138  9 0.4777 0.1101 0.1944 0.2178 
        D580  9 0.0237 0.1131 0.7751 0.0881 
        D581  9 0.9044 0.0250 0.0487 0.0219 
        D582  9 0.0200 0.0216 0.9371 0.0213 
        D583  9 0.8712 0.0249 0.0797 0.0242 
        D584  9 0.0688 0.0489 0.3014 0.5809 
        D585  9 0.2321 0.0606 0.6761 0.0312 
        D586  9 0.8566 0.0449 0.0230 0.0756 
        D651  9 0.1604 0.5068 0.1312 0.2015 
        D652  9 0.1046 0.4329 0.4303 0.0322 
        D653  9 0.3243 0.5198 0.0528 0.1031 
        D654  9 0.3821 0.3043 0.2542 0.0594 
        D655  9 0.3528 0.1744 0.0723 0.4004 
        D656  9 0.0365 0.0744 0.8242 0.0649 
        D657  9 0.2393 0.1630 0.4555 0.1422 
        D667  9 0.1982 0.0819 0.0601 0.6598 
        D668  9 0.2328 0.0877 0.5053 0.1742 
        D669  9 0.7362 0.0720 0.1188 0.0730 
        D670  9 0.0594 0.8035 0.0791 0.0579 
        D671  9 0.7934 0.0605 0.0974 0.0487 
        D672  9 0.1167 0.0573 0.7772 0.0488 
        D673  9 0.1895 0.0968 0.3588 0.3548 
        D692  9 0.2830 0.0584 0.6272 0.0313 
        D693  9 0.1237 0.1471 0.2727 0.4565 
        D694  9 0.0650 0.0451 0.8299 0.0599 
        D695  9 0.0837 0.2034 0.6140 0.0989 
        D696  9 0.0274 0.0151 0.0164 0.9411 
        D697  9 0.2424 0.1410 0.1182 0.4984 
        D698  9 0.5038 0.0392 0.1021 0.3549 
        D699  9 0.1322 0.0314 0.0799 0.7564 
        D787  9 0.1510 0.5170 0.2849 0.0471 
        D788  9 0.0427 0.0789 0.1708 0.7077 
        D789  9 0.2105 0.0560 0.3458 0.3877 
        D790  9 0.3204 0.3159 0.2399 0.1238 
        D791  9 0.6303 0.0450 0.0899 0.2347 
        D792  9 0.2098 0.5729 0.1800 0.0373 
        D793  9 0.1157 0.2248 0.0713 0.5882 
        D794  9 0.1485 0.3302 0.1149 0.4064 
        D795  9 0.0812 0.0258 0.7870 0.1061 
        D796  9 0.5976 0.1142 0.1162 0.1720 
        D142 10 0.1410 0.1667 0.0723 0.6200 
        D143 10 0.8476 0.0334 0.0401 0.0790 
        D144 10 0.0994 0.2279 0.2435 0.4292 
        D145 10 0.8588 0.0459 0.0541 0.0412 
        D146 10 0.0422 0.0832 0.7076 0.1670 
        D147 10 0.1404 0.3451 0.3493 0.1652 
        D148 10 0.0546 0.4385 0.3437 0.1632 
        D149 10 0.8546 0.0632 0.0521 0.0301 
        D151 10 0.1455 0.2880 0.4478 0.1187 
        D152 10 0.9391 0.0219 0.0169 0.0221 
        D153 10 0.0462 0.4107 0.1260 0.4171 
        D156 10 0.1739 0.6853 0.0567 0.0841 
        D157 10 0.0840 0.0477 0.2025 0.6658 
        D158 10 0.4170 0.0416 0.1882 0.3532 
        D159 10 0.9244 0.0229 0.0261 0.0267 
        D160 10 0.7607 0.0166 0.0312 0.1915 
        D161 10 0.1823 0.3937 0.1489 0.2750 
        D162 10 0.2470 0.5379 0.0414 0.1737 
        D169 10 0.0576 0.0658 0.8428 0.0337 
        D170 10 0.0451 0.0859 0.7772 0.0918 
        D171 10 0.0573 0.1456 0.1275 0.6697 
        D172 10 0.2609 0.2890 0.2641 0.1860 
        D173 10 0.8757 0.0660 0.0444 0.0139 
        D181 10 0.1225 0.1795 0.0538 0.6442 
        D182 10 0.5637 0.1931 0.1904 0.0528 
        D183 10 0.0404 0.0419 0.0727 0.8450 
        D184 10 0.0145 0.0453 0.9225 0.0177 
        D185 10 0.0804 0.5839 0.1767 0.1590 
        D186 10 0.0673 0.0273 0.8756 0.0298 
        D194 10 0.0760 0.1249 0.6761 0.1229 
        D195 10 0.3934 0.2268 0.0625 0.3173 
        D196 10 0.3409 0.4444 0.0366 0.1781 
        D197 10 0.1814 0.0349 0.7255 0.0582 
        D198 10 0.0274 0.5119 0.1569 0.3038 
     D237226 10 0.6104 0.1308 0.2163 0.0425 
     D237232 10 0.3672 0.0883 0.0975 0.4471 
     D237233 10 0.7087 0.0467 0.0999 0.1447 
     D237234 10 0.2044 0.1214 0.1308 0.5435 
     D237354 10 0.9227 0.0292 0.0183 0.0299 
     D237355 10 0.7619 0.0655 0.0718 0.1009 
     D237356 10 0.0303 0.2558 0.1457 0.5682 
     D237357 10 0.4444 0.1529 0.3091 0.0936 
     D237358 10 0.0999 0.6591 0.1883 0.0527 
     D237369 10 0.0475 0.0629 0.8670 0.0226 
     D237370 10 0.0648 0.0330 0.0389 0.8633 
     D237371 10 0.0904 0.5980 0.2142 0.0973 
     D237372 10 0.4251 0.1356 0.4067 0.0326 
     D237373 10 0.4064 0.0789 0.0662 0.4485 
     D237374 10 0.7757 0.0341 0.0412 0.1490 
     D237375 10 0.2700 0.4167 0.1814 0.1320 
     D237400 10 0.9359 0.0213 0.0185 0.0242 
     D244002 10 0.0782 0.2462 0.6424 0.0332 
     D244003 10 0.6130 0.0172 0.0587 0.3110 
     D244004 10 0.0529 0.0116 0.0470 0.8885 
     D244005 10 0.6719 0.0997 0.1871 0.0413 
     D244020 10 0.1092 0.2300 0.1190 0.5418 
     D244021 10 0.2655 0.0462 0.5907 0.0975 
     D244116 10 0.1479 0.1430 0.5906 0.1185 
     D244117 10 0.5041 0.0496 0.0592 0.3871 
     D244121 10 0.2680 0.0419 0.1358 0.5542 
     D244123 10 0.2692 0.0815 0.0793 0.5700 
     D244124 10 0.4175 0.0282 0.4113 0.1430 
        D332 10 0.0773 0.7074 0.0600 0.1553 
        D570 10 0.0522 0.0836 0.0473 0.8168 
        D602 10 0.0568 0.8462 0.0442 0.0528 
        D603 10 0.2601 0.0963 0.1962 0.4473 
        D604 10 0.3686 0.4925 0.0494 0.0895 
        D605 10 0.1525 0.5520 0.1906 0.1049 
        D606 10 0.0292 0.0408 0.7029 0.2271 
        D607 10 0.0360 0.9065 0.0331 0.0244 
        D608 10 0.9232 0.0491 0.0141 0.0136 
        D609 10 0.0363 0.1387 0.0905 0.7345 
        D610 10 0.1684 0.4582 0.0930 0.2804 
        D611 10 0.0180 0.0142 0.0200 0.9477 
        D613 10 0.1304 0.4996 0.0519 0.3181 
        D633 10 0.1225 0.7035 0.1346 0.0394 
        D634 10 0.1112 0.0962 0.0849 0.7077 
        D638 10 0.9326 0.0191 0.0202 0.0281 
        D681 10 0.1350 0.0529 0.2543 0.5578 
        D754 10 0.1021 0.0264 0.5236 0.3479 
        D755 10 0.6286 0.0149 0.0455 0.3110 
        D756 10 0.1594 0.0501 0.1479 0.6426 
        D757 10 0.4781 0.1881 0.2495 0.0842 
        D758 10 0.2407 0.1530 0.3111 0.2952 
        D759 10 0.6220 0.0515 0.0581 0.2683 
        D760 10 0.3336 0.1855 0.1119 0.3690 
        D761 10 0.9120 0.0186 0.0185 0.0508 
        D762 10 0.0618 0.7545 0.0622 0.1215 
        D775 10 0.2883 0.0254 0.0929 0.5933 
        D776 10 0.8584 0.0248 0.0341 0.0827 
        D777 10 0.2914 0.0530 0.2244 0.4312 
        D778 10 0.7710 0.0451 0.1515 0.0324 
        D779 10 0.1418 0.0515 0.2861 0.5206 
        D780 10 0.5505 0.1684 0.0916 0.1896 
        D781 10 0.1606 0.6283 0.0838 0.1273 
        D858 10 0.0716 0.0194 0.8956 0.0134 
        D933 10 0.2380 0.4962 0.0511 0.2148 
        D038 11 0.5223 0.1827 0.1785 0.1166 
        D063 11 0.5314 0.0424 0.0609 0.3653 
        D155 11 0.3881 0.1395 0.0949 0.3775 
        D175 11 0.0616 0.0495 0.3130 0.5759 
        D176 11 0.7979 0.0239 0.0465 0.1318 
        D205 11 0.0256 0.0338 0.2423 0.6983 
     D237229 11 0.3377 0.4192 0.2055 0.0377 
     D237230 11 0.1293 0.6106 0.2261 0.0340 
     D237231 11 0.0814 0.7773 0.0675 0.0738 
     D237269 11 0.3240 0.4413 0.1264 0.1083 
     D237270 11 0.0570 0.1073 0.8035 0.0322 
     D237271 11 0.0754 0.0909 0.1658 0.6679 
     D237272 11 0.0931 0.6149 0.2615 0.0305 
     D237273 11 0.2454 0.0600 0.0817 0.6129 
     D237301 11 0.0612 0.6990 0.0516 0.1882 
     D237302 11 0.2259 0.1292 0.5544 0.0905 
     D237303 11 0.1295 0.2331 0.6067 0.0307 
     D237304 11 0.1794 0.3300 0.3126 0.1780 
     D237305 11 0.0973 0.0302 0.7808 0.0918 
     D237314 11 0.2706 0.1092 0.2476 0.3726 
     D237315 11 0.0749 0.1543 0.7057 0.0651 
     D237316 11 0.0270 0.8109 0.0457 0.1164 
     D237328 11 0.0281 0.4109 0.2471 0.3139 
     D237329 11 0.4791 0.1356 0.2813 0.1040 
     D237330 11 0.1634 0.0431 0.0625 0.7310 
     D237331 11 0.2601 0.2212 0.0839 0.4349 
     D237332 11 0.1212 0.3745 0.2197 0.2846 
     D237333 11 0.5800 0.0469 0.0376 0.3354 
     D237334 11 0.0509 0.8102 0.0559 0.0830 
     D237335 11 0.0793 0.2612 0.3042 0.3553 
     D237336 11 0.6468 0.0594 0.1607 0.1331 
     D237350 11 0.1248 0.1180 0.0714 0.6858 
     D237383 11 0.3629 0.0642 0.3698 0.2030 
     D237384 11 0.0709 0.6068 0.2535 0.0688 
     D237385 11 0.2520 0.2470 0.2875 0.2135 
     D237386 11 0.1448 0.5128 0.1082 0.2342 
     D237387 11 0.0371 0.5376 0.2603 0.1651 
     D237388 11 0.0396 0.1210 0.0458 0.7936 
        D239 11 0.3210 0.1673 0.0618 0.4499 
        D240 11 0.8997 0.0295 0.0383 0.0325 
        D241 11 0.0430 0.9017 0.0248 0.0306 
        D242 11 0.2080 0.5805 0.1109 0.1005 
        D243 11 0.2525 0.1024 0.1664 0.4787 
        D244 11 0.0603 0.0635 0.1882 0.6880 
