        D174  1 0.0608 0.1126 0.0435 0.0387 0.0236 0.0777 0.0139 0.0718 0.0864 0.0407 0.4303 
        D199  1 0.0871 0.0233 0.1580 0.0674 0.1433 0.0186 0.0348 0.1128 0.0373 0.1647 0.1528 
        D203  1 0.0476 0.1343 0.0795 0.1192 0.0780 0.1093 0.0294 0.0806 0.0159 0.2506 0.0556 
        D204  1 0.0224 0.0205 0.0144 0.0842 0.0166 0.0368 0.0789 0.0320 0.0204 0.6534 0.0206 
     D237366  1 0.4679 0.1454 0.0489 0.0305 0.0459 0.0159 0.0782 0.0592 0.0188 0.0398 0.0495 
     D237367  1 0.1754 0.0645 0.0252 0.2157 0.0231 0.0430 0.0450 0.1485 0.1216 0.0984 0.0397 
     D237368  1 0.3942 0.0264 0.0624 0.0480 0.0276 0.0396 0.0322 0.0962 0.0236 0.1411 0.1088 
     D244101  1 0.0200 0.0171 0.0207 0.2485 0.0783 0.0277 0.3374 0.0663 0.0189 0.1461 0.0191 
     D244102  1 0.0759 0.0644 0.1763 0.0294 0.0965 0.1918 0.0860 0.0887 0.0886 0.0637 0.0387 
     D244103  1 0.2306 0.1431 0.0379 0.0840 0.0584 0.0333 0.0371 0.1492 0.1151 0.0745 0.0367 
     D244104  1 0.0302 0.0183 0.0164 0.0282 0.0432 0.0175 0.0179 0.0245 0.0789 0.6624 0.0626 
     D244105  1 0.1563 0.3675 0.0280 0.0171 0.0362 0.1145 0.0166 0.1737 0.0234 0.0546 0.0122 
     D244106  1 0.0202 0.1494 0.0614 0.0446 0.0348 0.0241 0.0187 0.0542 0.0188 0.0472 0.5265 
     D244107  1 0.4498 0.0203 0.0260 0.1057 0.0208 0.1321 0.0600 0.1042 0.0356 0.0310 0.0144 
     D244108  1 0.0268 0.0300 0.0601 0.0330 0.0285 0.3765 0.0250 0.0474 0.0223 0.0396 0.3107 
     D244113  1 0.0358 0.0172 0.2748 0.0167 0.0220 0.0419 0.0967 0.0543 0.1321 0.0143 0.2941 
     D244114  1 0.0330 0.4197 0.0657 0.0264 0.0956 0.0326 0.0274 0.1737 0.0226 0.0433 0.0601 
     D244115  1 0.0551 0.0668 0.0417 0.0181 0.0284 0.1909 0.0257 0.1743 0.0386 0.1550 0.2055 
     D267365  1 0.0829 0.0290 0.0506 0.0186 0.1361 0.0360 0.0290 0.0586 0.0336 0.3847 0.1409 
        D404  1 0.0174 0.0345 0.2237 0.0494 0.0230 0.0685 0.1192 0.0569 0.0569 0.0224 0.3281 
        D405  1 0.0227 0.0298 0.6061 0.0217 0.0274 0.0587 0.0397 0.0434 0.0393 0.0852 0.0260 
        D406  1 0.6068 0.0273 0.0141 0.0194 0.0201 0.1183 0.0385 0.0328 0.0097 0.0705 0.0425 
        D407  1 0.1182 0.0189 0.0133 0.5669 0.0169 0.0145 0.0162 0.0461 0.0595 0.1040 0.0254 
        D408  1 0.0207 0.0159 0.0323 0.0198 0.1665 0.0425 0.0272 0.0382 0.2789 0.0458 0.3123 
        D409  1 0.2052 0.0401 0.0774 0.0179 0.1651 0.0525 0.0231 0.2607 0.0322 0.0829 0.0430 
        D410  1 0.0179 0.0169 0.0132 0.0114 0.0140 0.8012 0.0246 0.0178 0.0164 0.0491 0.0176 
        D421  1 0.0130 0.0148 0.0074 0.1925 0.0131 0.0094 0.0095 0.0162 0.0210 0.6781 0.0251 
        D422  1 0.7712 0.0291 0.0211 0.0257 0.0249 0.0167 0.0122 0.0402 0.0176 0.0306 0.0107 
        D423  1 0.0394 0.0386 0.0139 0.1765 0.0120 0.6067 0.0134 0.0436 0.0141 0.0236 0.0182 
        D424  1 0.0654 0.0373 0.0191 0.0273 0.0149 0.0185 0.0193 0.1833 0.0363 0.5487 0.0300 
        D425  1 0.0415 0.0526 0.0674 0.0394 0.0417 0.1689 0.0299 0.1484 0.0430 0.2628 0.1045 
        D426  1 0.2082 0.0281 0.0161 0.0374 0.2319 0.0129 0.0171 0.3085 0.0904 0.0284 0.0210 
        D427  1 0.0232 0.0199 0.0696 0.3293 0.0236 0.0143 0.0120 0.0303 0.0308 0.2970 0.1499 
        D428  1 0.0803 0.0238 0.0673 0.1275 0.0347 0.1134 0.0725 0.1295 0.0592 0.1124 0.1795 
        D429  1 0.0308 0.1788 0.0834 0.0257 0.0361 0.0282 0.0240 0.0751 0.0158 0.3880 0.1141 
        D430  1 0.0295 0.3348 0.0489 0.0559 0.0893 0.0368 0.0197 0.1638 0.0552 0.0664 0.0997 
        D491  1 0.0305 0.0288 0.0223 0.0119 0.0368 0.0433 0.0253 0.0436 0.0748 0.1004 0.5824 
        D492  1 0.1045 0.0626 0.0531 0.1414 0.0216 0.0368 0.0368 0.2059 0.0345 0.1981 0.1048 
        D537  1 0.1306 0.0413 0.0388 0.1217 0.0154 0.0618 0.0826 0.0900 0.0828 0.3054 0.0295 
        D538  1 0.0993 0.0774 0.1438 0.0679 0.0471 0.1603 0.0501 0.1618 0.0378 0.0606 0.0940 
        D539  1 0.0358 0.2046 0.0885 0.0196 0.2673 0.0511 0.0632 0.0616 0.0668 0.0320 0.1098 
        D540  1 0.0674 0.0448 0.0396 0.0274 0.0597 0.0312 0.0202 0.1427 0.3498 0.1881 0.0292 
        D541  1 0.0130 0.0120 0.0096 0.0351 0.0139 0.0172 0.0122 0.0182 0.0155 0.8407 0.0126 
        D551  1 0.0685 0.2178 0.0493 0.1097 0.1634 0.0194 0.0187 0.2615 0.0372 0.0258 0.0287 
        D552  1 0.0895 0.0573 0.0179 0.0276 0.0578 0.1719 0.0813 0.1062 0.0768 0.1488 0.1649 
        D553  1 0.0145 0.0109 0.0075 0.0095 0.0155 0.0130 0.0118 0.0149 0.0173 0.8731 0.0120 
        D615  1 0.0312 0.0610 0.0744 0.0424 0.0405 0.0984 0.0185 0.0802 0.0482 0.4632 0.0421 
        D616  1 0.0801 0.0728 0.0256 0.1746 0.0734 0.0933 0.0154 0.1252 0.0436 0.2443 0.0517 
        D621  1 0.2163 0.0289 0.0356 0.0204 0.0261 0.1411 0.3579 0.0317 0.0542 0.0131 0.0747 
        D622  1 0.4879 0.0811 0.0175 0.0318 0.0337 0.1313 0.0399 0.0570 0.0607 0.0270 0.0320 
        D623  1 0.0166 0.0176 0.2654 0.0761 0.0465 0.0619 0.1595 0.0486 0.0339 0.0205 0.2534 
        D624  1 0.0282 0.0210 0.0124 0.0136 0.0216 0.0156 0.0100 0.0419 0.0269 0.0280 0.7808 
        D625  1 0.0626 0.0581 0.0123 0.0245 0.0198 0.0509 0.0474 0.0633 0.0569 0.5481 0.0560 
        D626  1 0.0897 0.0773 0.0343 0.0329 0.0432 0.1112 0.0265 0.0968 0.2058 0.0442 0.2380 
        D627  1 0.1635 0.0693 0.0158 0.0341 0.2589 0.0153 0.0187 0.2835 0.0292 0.0869 0.0247 
        D690  1 0.0510 0.0181 0.0094 0.0146 0.0124 0.0428 0.0256 0.0181 0.0247 0.7332 0.0499 
        D691  1 0.5824 0.1154 0.0117 0.0356 0.0268 0.0657 0.0188 0.0330 0.0213 0.0480 0.0414 
        D710  1 0.1522 0.0227 0.0431 0.0397 0.0402 0.0804 0.0959 0.1275 0.0819 0.2074 0.1090 
        D711  1 0.0414 0.0209 0.0190 0.0205 0.0158 0.0281 0.0459 0.0398 0.0105 0.7309 0.0273 
        D712  1 0.0693 0.0238 0.1126 0.0191 0.1018 0.0317 0.0427 0.0486 0.0717 0.0330 0.4457 
        D713  1 0.1290 0.0569 0.0808 0.0372 0.0300 0.0767 0.1608 0.1197 0.0763 0.0900 0.1424 
        D746  1 0.6996 0.0321 0.0130 0.0399 0.0192 0.0434 0.0198 0.0243 0.0239 0.0629 0.0220 
        D747  1 0.0139 0.0128 0.0128 0.0358 0.0134 0.0109 0.0201 0.0154 0.0126 0.8362 0.0161 
        D748  1 0.1939 0.3306 0.0107 0.0337 0.0270 0.0978 0.0525 0.0385 0.0533 0.1323 0.0296 
        D749  1 0.2098 0.0774 0.1600 0.0227 0.0349 0.0615 0.0588 0.2586 0.0203 0.0222 0.0740 
        D750  1 0.0312 0.0353 0.0232 0.0151 0.0213 0.0675 0.0256 0.0297 0.0216 0.1346 0.5947 
        D763  1 0.0913 0.0638 0.0221 0.1107 0.2044 0.0299 0.1381 0.0954 0.1617 0.0627 0.0198 
        D764  1 0.0690 0.0268 0.0151 0.0248 0.0217 0.0881 0.0133 0.0413 0.0410 0.4667 0.1923 
        D765  1 0.0381 0.0590 0.0448 0.0121 0.0265 0.6192 0.0138 0.0644 0.0176 0.0272 0.0773 
        D766  1 0.0981 0.0491 0.0197 0.0666 0.0141 0.4402 0.0849 0.0606 0.0916 0.0420 0.0332 
        D767  1 0.0803 0.1162 0.0929 0.0504 0.0319 0.1128 0.2542 0.1089 0.0286 0.0934 0.0306 
        D768  1 0.0221 0.0189 0.0111 0.0331 0.0157 0.0185 0.0126 0.0330 0.0170 0.8039 0.0140 
        D811  1 0.0199 0.0326 0.0569 0.0164 0.0241 0.1547 0.0199 0.0350 0.5669 0.0131 0.0605 
        D816  1 0.0148 0.0146 0.0185 0.0140 0.0143 0.0155 0.0167 0.0150 0.0109 0.8513 0.0144 
        D825  1 0.0271 0.0410 0.0484 0.0186 0.0259 0.5001 0.0193 0.0803 0.0664 0.0702 0.1029 
        D866  1 0.0278 0.0459 0.1208 0.0423 0.2929 0.0717 0.0158 0.0887 0.0734 0.0678 0.1530 
        D867  1 0.6524 0.0320 0.0396 0.0498 0.0179 0.0279 0.0687 0.0480 0.0295 0.0162 0.0180 
        D871  1 0.1814 0.0303 0.0204 0.0338 0.1976 0.0227 0.0337 0.3122 0.0486 0.0711 0.0483 
        D872  1 0.0827 0.0259 0.0345 0.0533 0.0275 0.3613 0.0469 0.0947 0.0334 0.1981 0.0417 
        D873  1 0.0263 0.0173 0.1457 0.0136 0.0101 0.6949 0.0369 0.0236 0.0129 0.0079 0.0108 
        D874  1 0.0127 0.0239 0.0166 0.0253 0.0210 0.0200 0.6825 0.0371 0.0298 0.0650 0.0661 
        D875  1 0.2749 0.0902 0.0163 0.0203 0.0969 0.1068 0.0175 0.3057 0.0252 0.0259 0.0204 
        D876  1 0.0692 0.0311 0.0182 0.0153 0.0559 0.0634 0.0827 0.0637 0.0350 0.4775 0.0881 
        D877  1 0.0132 0.0352 0.2398 0.0409 0.0194 0.0384 0.1234 0.1272 0.0770 0.0352 0.2503 
        D892  1 0.1599 0.2188 0.0206 0.0194 0.0274 0.0462 0.0352 0.0701 0.0173 0.1886 0.1964 
        D893  1 0.0554 0.0380 0.0219 0.0193 0.0529 0.0252 0.0384 0.0627 0.0406 0.6337 0.0118 
        D894  1 0.0369 0.0837 0.0212 0.0129 0.0329 0.0193 0.0163 0.0676 0.0160 0.6583 0.0348 
        D915  1 0.0608 0.0943 0.0229 0.0325 0.0291 0.1743 0.0167 0.0540 0.0289 0.4428 0.0438 
        D916  1 0.0161 0.0180 0.0081 0.0145 0.0105 0.0156 0.0136 0.0169 0.0106 0.8589 0.0173 
        D917  1 0.0476 0.0241 0.1608 0.0449 0.1151 0.0257 0.0855 0.1034 0.0475 0.1270 0.2182 
        D925  1 0.0504 0.0165 0.0399 0.0110 0.0341 0.4363 0.0122 0.0327 0.0410 0.2473 0.0785 
        D926  1 0.0697 0.1084 0.0277 0.0275 0.0377 0.0611 0.0570 0.1656 0.0247 0.3697 0.0509 
        D927  1 0.0831 0.0560 0.0352 0.1768 0.1144 0.0270 0.0457 0.1240 0.0353 0.2559 0.0466 
        D928  1 0.0103 0.0103 0.0280 0.0167 0.0127 0.0496 0.0185 0.0234 0.0142 0.0693 0.7470 
        D929  1 0.0671 0.0667 0.0446 0.0154 0.0212 0.0375 0.5815 0.0511 0.0342 0.0349 0.0458 
        D936  1 0.0180 0.0410 0.0317 0.0467 0.0674 0.0282 0.1133 0.0679 0.0170 0.5484 0.0204 
        D938  1 0.6172 0.0307 0.0131 0.0157 0.0163 0.1221 0.0495 0.0374 0.0549 0.0173 0.0258 
        D956  1 0.0180 0.0810 0.1123 0.0191 0.0242 0.0369 0.0233 0.0580 0.0538 0.0400 0.5333 
        D957  1 0.0356 0.0245 0.0345 0.0236 0.0238 0.6532 0.0435 0.0525 0.0122 0.0671 0.0295 
        D958  1 0.0731 0.0279 0.0128 0.0424 0.0179 0.4579 0.0740 0.0630 0.0357 0.0873 0.1078 
        D959  1 0.1824 0.0199 0.0123 0.5260 0.0125 0.0163 0.0125 0.0722 0.0358 0.0897 0.0205 
        D960  1 0.4843 0.0506 0.1484 0.0127 0.0157 0.1195 0.0319 0.0467 0.0120 0.0388 0.0394 
        D989  1 0.0315 0.0314 0.1208 0.0310 0.0669 0.0207 0.0174 0.0514 0.0315 0.0501 0.5474 
        D990  1 0.0420 0.0212 0.0165 0.0211 0.1660 0.5610 0.0210 0.0607 0.0293 0.0131 0.0481 
        D023  2 0.8366 0.0105 0.0154 0.0165 0.0116 0.0135 0.0142 0.0182 0.0158 0.0361 0.0116 
        D130  2 0.6162 0.0697 0.0308 0.0468 0.0230 0.0378 0.0203 0.0441 0.0201 0.0761 0.0152 
        D131  2 0.0295 0.0538 0.0139 0.0836 0.0878 0.0744 0.0433 0.1857 0.1603 0.2258 0.0419 
        D163  2 0.6530 0.0303 0.0154 0.0172 0.0275 0.0327 0.0353 0.0524 0.0228 0.0552 0.0582 
        D164  2 0.0290 0.0134 0.0747 0.4185 0.0132 0.3566 0.0183 0.0303 0.0271 0.0104 0.0085 
        D165  2 0.8081 0.0185 0.0172 0.0221 0.0159 0.0165 0.0166 0.0254 0.0188 0.0260 0.0148 
        D166  2 0.0605 0.2745 0.1447 0.0254 0.0443 0.0646 0.0741 0.1706 0.0845 0.0417 0.0151 
        D167  2 0.0073 0.0093 0.9062 0.0196 0.0081 0.0085 0.0073 0.0084 0.0064 0.0090 0.0099 
        D192  2 0.0108 0.0103 0.8801 0.0204 0.0145 0.0101 0.0124 0.0115 0.0107 0.0096 0.0095 
        D193  2 0.0193 0.0861 0.6148 0.0170 0.0330 0.0293 0.0482 0.0625 0.0157 0.0220 0.0523 
        D206  2 0.0690 0.0446 0.0634 0.2740 0.0239 0.0266 0.0302 0.0877 0.3215 0.0460 0.0130 
        D207  2 0.0278 0.0764 0.2523 0.2899 0.0799 0.0276 0.0202 0.1428 0.0277 0.0344 0.0209 
        D208  2 0.0285 0.0551 0.0796 0.0265 0.2265 0.0398 0.0324 0.0668 0.2518 0.0564 0.1365 
        D209  2 0.0395 0.0252 0.4905 0.0397 0.0305 0.0321 0.1258 0.1250 0.0508 0.0238 0.0171 
        D210  2 0.0281 0.0641 0.0396 0.0862 0.1461 0.0218 0.0333 0.0444 0.0205 0.0687 0.4472 
     D229599  2 0.0797 0.0458 0.0684 0.0257 0.1706 0.0591 0.0983 0.1531 0.0299 0.2255 0.0438 
     D229600  2 0.2458 0.0492 0.4209 0.0835 0.0259 0.0295 0.0241 0.0597 0.0195 0.0264 0.0156 
     D237227  2 0.0556 0.0287 0.0344 0.0408 0.1062 0.1745 0.0217 0.0619 0.0387 0.0488 0.3887 
     D237228  2 0.0163 0.0338 0.0466 0.0315 0.0573 0.5961 0.0129 0.0546 0.0196 0.0109 0.1204 
     D237258  2 0.0994 0.0398 0.2134 0.0824 0.1082 0.0740 0.0445 0.0987 0.1161 0.0682 0.0554 
     D237310  2 0.0197 0.0821 0.0585 0.0507 0.0205 0.6355 0.0264 0.0418 0.0245 0.0091 0.0312 
     D237311  2 0.0262 0.0469 0.1349 0.0663 0.0204 0.6076 0.0141 0.0337 0.0199 0.0101 0.0198 
     D237312  2 0.0769 0.2838 0.0458 0.0225 0.0209 0.3509 0.0501 0.0396 0.0465 0.0185 0.0444 
     D237313  2 0.0415 0.0470 0.0241 0.0233 0.0606 0.1463 0.0562 0.1602 0.2254 0.1428 0.0728 
     D237322  2 0.0248 0.0841 0.0361 0.0505 0.2017 0.1586 0.0877 0.2013 0.0415 0.0270 0.0868 
     D237323  2 0.0412 0.0508 0.0247 0.0192 0.0494 0.6168 0.0236 0.0409 0.0163 0.0123 0.1046 
     D237324  2 0.1976 0.0332 0.0564 0.1459 0.0895 0.0386 0.0289 0.3142 0.0192 0.0634 0.0131 
     D237325  2 0.0652 0.1580 0.0542 0.0327 0.0229 0.4568 0.0490 0.0592 0.0194 0.0167 0.0659 
     D237326  2 0.0314 0.0193 0.0228 0.0402 0.0221 0.7284 0.0296 0.0253 0.0124 0.0298 0.0387 
     D237327  2 0.1052 0.1424 0.0505 0.0797 0.2191 0.0309 0.0901 0.1638 0.0269 0.0527 0.0387 
     D237337  2 0.0172 0.0247 0.0158 0.0129 0.0144 0.8230 0.0134 0.0199 0.0198 0.0161 0.0228 
     D237338  2 0.1445 0.1259 0.0444 0.0435 0.0688 0.1871 0.0857 0.1141 0.0421 0.0470 0.0968 
     D237339  2 0.0187 0.0254 0.0367 0.1542 0.0282 0.0190 0.5992 0.0592 0.0251 0.0205 0.0137 
     D237340  2 0.0361 0.0621 0.2266 0.0524 0.0429 0.4060 0.0250 0.0387 0.0211 0.0126 0.0767 
     D237389  2 0.0225 0.0678 0.2220 0.0322 0.0153 0.5323 0.0188 0.0359 0.0213 0.0149 0.0170 
     D237390  2 0.0331 0.1998 0.0370 0.0164 0.0506 0.4961 0.0278 0.0310 0.0322 0.0224 0.0535 
     D244017  2 0.0268 0.0153 0.7301 0.0233 0.0233 0.0255 0.0125 0.0487 0.0120 0.0198 0.0627 
     D244112  2 0.0321 0.0543 0.6417 0.1374 0.0197 0.0190 0.0149 0.0291 0.0163 0.0192 0.0162 
     D244118  2 0.0750 0.0113 0.8064 0.0125 0.0149 0.0189 0.0158 0.0141 0.0078 0.0086 0.0147 
     D244119  2 0.0135 0.0131 0.1353 0.1035 0.0199 0.0272 0.0089 0.0200 0.0150 0.0151 0.6284 
     D244120  2 0.0126 0.0317 0.8206 0.0178 0.0247 0.0198 0.0170 0.0141 0.0134 0.0101 0.0181 
     D244122  2 0.0266 0.0401 0.7001 0.0440 0.0207 0.0191 0.0178 0.0310 0.0414 0.0292 0.0299 
        D291  2 0.0597 0.0262 0.0840 0.0303 0.4650 0.0298 0.0137 0.1138 0.0736 0.0878 0.0162 
        D292  2 0.0172 0.0258 0.2282 0.0457 0.1491 0.0795 0.0286 0.0715 0.0227 0.2801 0.0517 
        D293  2 0.0103 0.0121 0.0087 0.8394 0.0158 0.0104 0.0355 0.0195 0.0107 0.0276 0.0100 
        D322  2 0.0361 0.0264 0.0250 0.6341 0.0197 0.0380 0.0710 0.0512 0.0225 0.0568 0.0191 
        D323  2 0.0207 0.0337 0.0723 0.0766 0.0309 0.0253 0.0505 0.0926 0.5530 0.0206 0.0239 
        D324  2 0.0745 0.0659 0.0196 0.0580 0.3425 0.1155 0.0208 0.0979 0.0638 0.0996 0.0420 
        D325  2 0.0148 0.0196 0.0097 0.8409 0.0232 0.0124 0.0161 0.0183 0.0124 0.0233 0.0093 
        D326  2 0.0113 0.0114 0.0118 0.0139 0.0223 0.0114 0.0105 0.0180 0.0147 0.8506 0.0241 
        D340  2 0.0128 0.0127 0.0188 0.8334 0.0222 0.0179 0.0189 0.0153 0.0128 0.0132 0.0220 
        D341  2 0.0215 0.1503 0.0303 0.5747 0.0306 0.0361 0.0278 0.0392 0.0436 0.0200 0.0261 
        D342  2 0.1084 0.1078 0.2997 0.1525 0.0389 0.0561 0.0171 0.1068 0.0730 0.0255 0.0142 
        D343  2 0.0098 0.0122 0.0075 0.9059 0.0110 0.0072 0.0104 0.0086 0.0077 0.0118 0.0078 
        D344  2 0.0165 0.0545 0.1576 0.0306 0.0213 0.0539 0.4223 0.0956 0.0269 0.1038 0.0171 
        D345  2 0.0641 0.0201 0.0511 0.0364 0.0597 0.2438 0.1607 0.1668 0.0520 0.1143 0.0312 
        D346  2 0.0206 0.0446 0.0377 0.0601 0.0416 0.0281 0.0242 0.0456 0.3721 0.0328 0.2926 
        D351  2 0.0516 0.0835 0.0130 0.0987 0.1429 0.0837 0.0615 0.1449 0.0450 0.2539 0.0214 
        D352  2 0.0205 0.0254 0.0331 0.0425 0.0291 0.0363 0.6277 0.0843 0.0305 0.0197 0.0509 
        D353  2 0.0163 0.0273 0.0185 0.0148 0.0177 0.0159 0.0850 0.6050 0.0275 0.1576 0.0143 
        D354  2 0.0136 0.0172 0.0256 0.0120 0.0166 0.0368 0.7381 0.0360 0.0244 0.0521 0.0276 
        D362  2 0.0499 0.0169 0.0482 0.0350 0.0187 0.0399 0.0200 0.0278 0.0346 0.6857 0.0232 
        D363  2 0.0343 0.0135 0.0307 0.0226 0.0165 0.0237 0.0175 0.0290 0.0343 0.7478 0.0302 
        D364  2 0.0208 0.0333 0.0572 0.0158 0.0168 0.0373 0.2648 0.0691 0.0272 0.4262 0.0317 
        D365  2 0.0086 0.0097 0.0092 0.8916 0.0111 0.0126 0.0118 0.0102 0.0115 0.0097 0.0138 
        D369  2 0.0317 0.0365 0.0475 0.1729 0.0751 0.1080 0.0144 0.0702 0.1070 0.1899 0.1466 
        D374  2 0.0111 0.0164 0.6968 0.0148 0.0173 0.0266 0.0218 0.0222 0.0293 0.0166 0.1270 
        D375  2 0.0179 0.0304 0.0409 0.0094 0.0106 0.0156 0.7724 0.0373 0.0284 0.0241 0.0130 
        D376  2 0.0127 0.0452 0.5144 0.0190 0.0254 0.0323 0.0740 0.0409 0.0235 0.0202 0.1926 
        D377  2 0.0313 0.0561 0.0386 0.0404 0.0470 0.1546 0.0280 0.0703 0.4766 0.0202 0.0370 
        D378  2 0.1091 0.0483 0.0181 0.2645 0.0541 0.0260 0.1721 0.1071 0.0831 0.0925 0.0250 
        D379  2 0.0193 0.0494 0.0237 0.0259 0.0195 0.0255 0.0523 0.1072 0.1417 0.5061 0.0294 
        D384  2 0.0133 0.0133 0.0108 0.0270 0.0204 0.0178 0.0124 0.0298 0.0224 0.7858 0.0471 
        D385  2 0.0126 0.0302 0.0422 0.6590 0.0202 0.0164 0.1213 0.0242 0.0277 0.0152 0.0311 
        D386  2 0.0682 0.0313 0.0195 0.0868 0.0217 0.0258 0.4645 0.1289 0.0420 0.0944 0.0169 
        D391  2 0.0112 0.0129 0.0179 0.7880 0.0159 0.0210 0.0615 0.0166 0.0234 0.0164 0.0151 
        D392  2 0.0297 0.0262 0.0944 0.4540 0.0230 0.1669 0.0173 0.0581 0.0253 0.0669 0.0381 
        D393  2 0.0403 0.0460 0.0139 0.1808 0.1242 0.0281 0.1892 0.0512 0.1249 0.1822 0.0192 
        D394  2 0.1445 0.0728 0.1564 0.0433 0.0393 0.1457 0.1251 0.1292 0.0219 0.0854 0.0365 
        D395  2 0.0230 0.0408 0.0293 0.4291 0.0343 0.0207 0.2885 0.0702 0.0297 0.0122 0.0223 
        D401  2 0.0113 0.0178 0.0425 0.0183 0.0156 0.7819 0.0095 0.0257 0.0365 0.0156 0.0253 
        D402  2 0.0113 0.0234 0.0423 0.7350 0.0375 0.0222 0.0433 0.0213 0.0327 0.0140 0.0171 
        D403  2 0.0360 0.0930 0.0297 0.0360 0.0319 0.0298 0.1133 0.3570 0.0469 0.2070 0.0194 
        D415  2 0.0288 0.0728 0.0129 0.0640 0.0154 0.1097 0.0235 0.2011 0.0181 0.4409 0.0129 
        D435  2 0.0245 0.0340 0.0172 0.3694 0.0513 0.0258 0.0443 0.0352 0.0221 0.3580 0.0181 
        D436  2 0.0400 0.1282 0.0394 0.0519 0.0201 0.0413 0.4614 0.0745 0.0186 0.0750 0.0495 
        D438  2 0.0142 0.0190 0.0193 0.8426 0.0138 0.0099 0.0126 0.0160 0.0237 0.0085 0.0203 
        D439  2 0.0555 0.0194 0.0257 0.0573 0.0311 0.0361 0.5021 0.1356 0.0548 0.0702 0.0122 
        D449  2 0.0348 0.0633 0.1257 0.3929 0.0199 0.0230 0.0217 0.2012 0.0272 0.0643 0.0259 
        D450  2 0.0600 0.1033 0.0389 0.0141 0.0659 0.0327 0.2116 0.1520 0.1054 0.1206 0.0956 
        D456  2 0.0167 0.0188 0.0095 0.0163 0.0174 0.0118 0.0172 0.0216 0.0179 0.8362 0.0166 
        D462  2 0.0210 0.0150 0.0191 0.7738 0.0116 0.0131 0.0794 0.0215 0.0141 0.0207 0.0106 
        D463  2 0.0133 0.0163 0.0133 0.0123 0.0125 0.0184 0.0311 0.0218 0.0262 0.8004 0.0344 
        D464  2 0.0175 0.0322 0.0556 0.0566 0.0189 0.0223 0.2566 0.4269 0.0389 0.0400 0.0344 
        D465  2 0.0168 0.0212 0.0166 0.7579 0.0176 0.0432 0.0127 0.0209 0.0422 0.0353 0.0157 
        D473  2 0.0705 0.0371 0.0227 0.0473 0.0452 0.1401 0.0746 0.0511 0.0564 0.0192 0.4360 
        D474  2 0.0487 0.0327 0.0168 0.0612 0.0817 0.0330 0.0217 0.0383 0.0275 0.5987 0.0397 
        D476  2 0.2987 0.0172 0.0128 0.0910 0.0150 0.0173 0.4793 0.0272 0.0117 0.0201 0.0097 
        D477  2 0.0193 0.0352 0.0204 0.0224 0.0786 0.1049 0.1840 0.0554 0.1064 0.3331 0.0404 
        D478  2 0.2237 0.0342 0.3124 0.0315 0.0464 0.0305 0.0520 0.1306 0.0416 0.0319 0.0653 
        D480  2 0.0174 0.0864 0.0159 0.2131 0.0544 0.0293 0.2019 0.0792 0.0978 0.1042 0.1005 
        D481  2 0.1189 0.0178 0.0691 0.0371 0.0433 0.0619 0.1309 0.0974 0.0385 0.3217 0.0634 
        D482  2 0.0332 0.0517 0.0352 0.0175 0.2177 0.0579 0.2882 0.1466 0.0728 0.0203 0.0587 
        D483  2 0.0176 0.0133 0.7761 0.0636 0.0167 0.0184 0.0119 0.0170 0.0122 0.0113 0.0420 
        D484  2 0.0118 0.0190 0.0232 0.0208 0.0182 0.0153 0.8192 0.0239 0.0258 0.0090 0.0139 
        D510  2 0.0184 0.0425 0.2785 0.0163 0.1343 0.0336 0.0316 0.0269 0.0260 0.0281 0.3638 
        D511  2 0.0341 0.0220 0.0148 0.1005 0.0304 0.0238 0.5916 0.0608 0.0495 0.0595 0.0131 
        D512  2 0.0294 0.0664 0.0353 0.2267 0.0335 0.4686 0.0209 0.0498 0.0407 0.0173 0.0113 
        D513  2 0.0219 0.0195 0.0173 0.7090 0.0393 0.0255 0.0155 0.0385 0.0496 0.0180 0.0460 
        D635  2 0.4593 0.0215 0.0257 0.0446 0.0213 0.0261 0.0145 0.0724 0.0384 0.2555 0.0205 
        D636  2 0.7911 0.0104 0.0146 0.0128 0.0106 0.0259 0.0150 0.0302 0.0500 0.0243 0.0151 
        D637  2 0.0253 0.1821 0.0631 0.0912 0.0482 0.0757 0.2080 0.1201 0.0889 0.0285 0.0687 
        D658  2 0.0205 0.0892 0.1334 0.2960 0.0265 0.0603 0.1654 0.0504 0.0220 0.0202 0.1162 
        D659  2 0.0870 0.0415 0.0223 0.0493 0.0703 0.0147 0.0467 0.0816 0.0269 0.5238 0.0358 
        D677  2 0.0849 0.3038 0.0513 0.0719 0.0521 0.0862 0.0274 0.0630 0.1219 0.1181 0.0195 
        D678  2 0.0153 0.0301 0.8009 0.0203 0.0135 0.0203 0.0164 0.0317 0.0290 0.0134 0.0091 
        D679  2 0.0409 0.0411 0.0132 0.0701 0.0926 0.0287 0.0433 0.0846 0.3360 0.2089 0.0406 
        D719  2 0.0129 0.0146 0.0283 0.2493 0.0547 0.0678 0.0300 0.0463 0.0269 0.0849 0.3844 
        D720  2 0.0297 0.0281 0.0116 0.1048 0.0291 0.0371 0.0166 0.0448 0.0509 0.5753 0.0720 
        D721  2 0.7693 0.0227 0.0157 0.0300 0.0259 0.0158 0.0170 0.0336 0.0255 0.0194 0.0252 
        D722  2 0.0165 0.0148 0.6813 0.0286 0.0244 0.0429 0.0241 0.0254 0.0501 0.0153 0.0766 
        D734  2 0.0132 0.0269 0.0172 0.0543 0.0274 0.0109 0.6257 0.0426 0.0218 0.0165 0.1437 
        D735  2 0.0448 0.0367 0.0203 0.0892 0.0421 0.0845 0.0708 0.0865 0.2849 0.1650 0.0753 
        D736  2 0.0539 0.0541 0.0735 0.0455 0.2830 0.0553 0.0346 0.0591 0.0320 0.0414 0.2676 
        D737  2 0.0292 0.0329 0.6807 0.0192 0.0445 0.0338 0.0674 0.0348 0.0130 0.0137 0.0308 
        D807  2 0.0361 0.0828 0.0519 0.0405 0.1085 0.1006 0.0722 0.0477 0.0755 0.1795 0.2048 
        D808  2 0.0505 0.1596 0.0263 0.0895 0.0646 0.2678 0.0417 0.1662 0.0231 0.0788 0.0319 
        D817  2 0.0207 0.0192 0.0200 0.0202 0.0249 0.0431 0.0274 0.0342 0.6868 0.0861 0.0175 
        D818  2 0.1224 0.2124 0.0214 0.2552 0.1155 0.0210 0.0249 0.1267 0.0345 0.0433 0.0229 
        D819  2 0.0263 0.0257 0.0272 0.0312 0.0349 0.1421 0.0179 0.0771 0.5139 0.0827 0.0208 
        D820  2 0.0228 0.0430 0.0105 0.1861 0.0262 0.0212 0.0766 0.0484 0.0138 0.5224 0.0290 
        D895  2 0.1211 0.0264 0.0480 0.0472 0.0397 0.0600 0.0588 0.2351 0.1338 0.1925 0.0373 
        D896  2 0.0103 0.0175 0.0114 0.0155 0.0111 0.8766 0.0113 0.0102 0.0110 0.0098 0.0154 
        D897  2 0.0238 0.1674 0.0951 0.2621 0.0469 0.0440 0.0427 0.1802 0.0904 0.0263 0.0211 
        D898  2 0.0293 0.0685 0.0984 0.0158 0.1237 0.2914 0.0396 0.1429 0.1130 0.0473 0.0302 
        D918  2 0.0753 0.2706 0.0184 0.1017 0.0418 0.1593 0.0712 0.1354 0.0523 0.0223 0.0516 
        D919  2 0.0345 0.0270 0.0661 0.0909 0.0842 0.0204 0.3891 0.1087 0.0203 0.1422 0.0165 
        D920  2 0.5213 0.0741 0.0805 0.0191 0.0205 0.0632 0.0331 0.0474 0.0207 0.0372 0.0828 
        D923  2 0.0404 0.0208 0.0220 0.0330 0.0236 0.0224 0.1046 0.0530 0.0276 0.6367 0.0161 
        D930  2 0.0257 0.0826 0.0209 0.0614 0.0411 0.0807 0.1287 0.1157 0.1646 0.1713 0.1073 
        D931  2 0.0430 0.0527 0.0623 0.1444 0.0381 0.0471 0.2000 0.0687 0.0576 0.2458 0.0403 
        D968  2 0.0112 0.0171 0.0407 0.7918 0.0421 0.0166 0.0204 0.0201 0.0164 0.0135 0.0101 
        D969  2 0.0284 0.0609 0.1002 0.0989 0.1475 0.0360 0.0292 0.1268 0.0361 0.2847 0.0514 
        D977  2 0.0282 0.0645 0.0354 0.6244 0.0354 0.0177 0.0352 0.0676 0.0436 0.0266 0.0213 
        D978  2 0.0195 0.1905 0.0915 0.0322 0.2291 0.0174 0.0242 0.1268 0.2152 0.0286 0.0251 
        D211  3 0.2836 0.3083 0.0138 0.0202 0.0327 0.0142 0.0320 0.0412 0.1523 0.0792 0.0226 
     D229639  3 0.0223 0.0333 0.0751 0.0193 0.5411 0.0361 0.0226 0.0557 0.0395 0.0803 0.0747 
     D237212  3 0.0578 0.1352 0.0302 0.0801 0.1804 0.0485 0.1799 0.0753 0.0970 0.0951 0.0204 
     D237213  3 0.0442 0.1261 0.0311 0.0367 0.0267 0.1522 0.0677 0.0616 0.4084 0.0315 0.0139 
     D237214  3 0.8387 0.0178 0.0141 0.0141 0.0112 0.0124 0.0123 0.0369 0.0103 0.0136 0.0186 
     D237215  3 0.0150 0.0102 0.7791 0.0228 0.0342 0.0207 0.0142 0.0172 0.0251 0.0148 0.0467 
     D237216  3 0.0656 0.0486 0.0151 0.0293 0.0421 0.0234 0.0307 0.5930 0.1036 0.0275 0.0211 
     D237217  3 0.1654 0.2262 0.0164 0.0380 0.0714 0.0474 0.0176 0.2951 0.0461 0.0634 0.0129 
     D237218  3 0.0245 0.3086 0.0141 0.0784 0.2144 0.0169 0.1327 0.0816 0.0350 0.0468 0.0469 
     D237219  3 0.0749 0.0961 0.0242 0.0184 0.1317 0.1467 0.0152 0.0729 0.3161 0.0295 0.0743 
     D237382  3 0.0373 0.1584 0.0426 0.0650 0.0430 0.2447 0.0379 0.1070 0.0540 0.0798 0.1303 
     D244127  3 0.0365 0.0638 0.0844 0.0391 0.0639 0.4994 0.0326 0.0797 0.0636 0.0188 0.0183 
     D244129  3 0.0971 0.1265 0.0246 0.0998 0.0689 0.2207 0.0591 0.1171 0.0767 0.0739 0.0357 
     D244133  3 0.0384 0.0248 0.0503 0.0468 0.0198 0.0264 0.0096 0.0287 0.6602 0.0392 0.0559 
     D244134  3 0.0284 0.0276 0.0174 0.0260 0.4283 0.0686 0.0205 0.0568 0.1253 0.0300 0.1711 
     D244135  3 0.6244 0.0386 0.0246 0.0641 0.0242 0.0146 0.0224 0.0552 0.0868 0.0278 0.0173 
     D244136  3 0.0582 0.0462 0.0827 0.0777 0.0503 0.0341 0.0219 0.0838 0.3262 0.1060 0.1129 
        D416  3 0.0808 0.0981 0.0402 0.0544 0.0481 0.0588 0.0307 0.2367 0.2385 0.0879 0.0260 
        D417  3 0.0200 0.2469 0.0151 0.0165 0.0183 0.0394 0.0302 0.0789 0.0204 0.4930 0.0213 
        D419  3 0.0563 0.1312 0.0480 0.0398 0.1771 0.1043 0.0361 0.1054 0.1273 0.1192 0.0551 
        D565  3 0.0166 0.0111 0.0121 0.0146 0.0419 0.0168 0.0172 0.0200 0.0345 0.0438 0.7714 
        D566  3 0.0316 0.0252 0.0864 0.0361 0.3025 0.0479 0.0164 0.0569 0.1192 0.0598 0.2182 
        D567  3 0.0541 0.0274 0.0400 0.0380 0.0248 0.0644 0.0455 0.0541 0.0457 0.5875 0.0184 
        D568  3 0.1022 0.1427 0.0480 0.0620 0.0682 0.0800 0.1696 0.1159 0.0458 0.1493 0.0162 
        D569  3 0.0582 0.0311 0.1628 0.0554 0.0385 0.0167 0.4610 0.0820 0.0474 0.0152 0.0316 
        D573  3 0.0214 0.0207 0.0192 0.4047 0.2601 0.0250 0.0227 0.0708 0.0171 0.1124 0.0259 
        D574  3 0.0382 0.0537 0.1505 0.0371 0.1233 0.0711 0.0272 0.1099 0.0974 0.0420 0.2495 
        D575  3 0.0320 0.0164 0.0096 0.0271 0.0256 0.0335 0.0139 0.0363 0.7547 0.0224 0.0284 
        D576  3 0.0269 0.0143 0.7846 0.0197 0.0219 0.0099 0.0104 0.0172 0.0761 0.0069 0.0123 
        D577  3 0.0819 0.0634 0.0287 0.0223 0.0324 0.0211 0.0474 0.0692 0.1743 0.4354 0.0238 
        D578  3 0.8215 0.0193 0.0139 0.0296 0.0115 0.0231 0.0118 0.0284 0.0141 0.0109 0.0159 
        D579  3 0.0463 0.0620 0.0226 0.1396 0.1625 0.0399 0.1048 0.0797 0.0906 0.1282 0.1238 
        D660  3 0.0429 0.0517 0.2337 0.1555 0.0426 0.0578 0.0342 0.1584 0.1914 0.0169 0.0148 
        D661  3 0.0354 0.4705 0.0352 0.0626 0.1280 0.0193 0.0667 0.1079 0.0391 0.0190 0.0164 
        D663  3 0.0328 0.0217 0.0575 0.0537 0.5721 0.0184 0.0362 0.1022 0.0379 0.0516 0.0161 
        D664  3 0.0948 0.1231 0.1499 0.0308 0.0451 0.0748 0.0222 0.0972 0.2963 0.0159 0.0497 
        D665  3 0.0758 0.1000 0.0356 0.0422 0.0414 0.0691 0.0987 0.1715 0.3398 0.0148 0.0111 
        D666  3 0.0414 0.0477 0.0154 0.0152 0.0376 0.1324 0.0211 0.0536 0.5346 0.0509 0.0501 
        D009  4 0.1288 0.1685 0.0498 0.0305 0.0481 0.0674 0.1625 0.1618 0.0381 0.1130 0.0316 
        D057  4 0.1958 0.0313 0.0191 0.0687 0.0462 0.0153 0.5238 0.0392 0.0091 0.0329 0.0187 
        D109  4 0.0505 0.0455 0.0213 0.0186 0.0265 0.4189 0.0269 0.1318 0.1832 0.0422 0.0347 
     D237222  4 0.4661 0.0473 0.1091 0.0203 0.0295 0.0371 0.0410 0.0440 0.0184 0.0365 0.1507 
     D237223  4 0.0376 0.4838 0.0343 0.0735 0.0499 0.0848 0.0455 0.0646 0.0208 0.0174 0.0879 
     D237224  4 0.0443 0.0367 0.0644 0.0590 0.1861 0.0415 0.1778 0.0978 0.0897 0.1775 0.0252 
     D237225  4 0.0948 0.1822 0.0372 0.0585 0.0633 0.0466 0.0952 0.2545 0.0545 0.0735 0.0398 
     D237299  4 0.0464 0.5549 0.0169 0.0308 0.1211 0.0411 0.0150 0.1082 0.0203 0.0149 0.0305 
     D237300  4 0.0234 0.0466 0.0310 0.0189 0.6386 0.0146 0.0194 0.0362 0.1301 0.0145 0.0268 
     D237306  4 0.0232 0.2041 0.0718 0.0201 0.0297 0.0851 0.0307 0.0287 0.0163 0.0590 0.4313 
     D237307  4 0.0326 0.0590 0.0510 0.1192 0.0796 0.0328 0.0209 0.0860 0.1788 0.2078 0.1324 
     D237308  4 0.0487 0.0249 0.1700 0.1922 0.0366 0.0936 0.2217 0.0880 0.0327 0.0280 0.0636 
     D237309  4 0.1128 0.1136 0.1017 0.0276 0.0459 0.0600 0.0953 0.2404 0.0402 0.1435 0.0191 
     D237317  4 0.0634 0.0216 0.0634 0.0209 0.0506 0.0413 0.0308 0.1840 0.0515 0.1253 0.3471 
     D237318  4 0.0164 0.0259 0.0271 0.0607 0.7158 0.0151 0.0135 0.0362 0.0347 0.0303 0.0244 
     D237319  4 0.0874 0.2689 0.0569 0.0488 0.0674 0.1390 0.0227 0.2002 0.0419 0.0371 0.0298 
     D237320  4 0.0468 0.6345 0.0259 0.0426 0.0638 0.0596 0.0140 0.0392 0.0202 0.0332 0.0202 
     D237321  4 0.0332 0.0290 0.1198 0.0250 0.5135 0.0449 0.0205 0.0471 0.0601 0.0693 0.0375 
     D237397  4 0.0489 0.3304 0.0599 0.0978 0.1167 0.0569 0.0328 0.0715 0.0347 0.0354 0.1149 
     D237398  4 0.0265 0.1125 0.0170 0.0585 0.5720 0.0172 0.0399 0.0580 0.0330 0.0527 0.0128 
     D237399  4 0.0942 0.1234 0.0359 0.0343 0.2571 0.0647 0.0401 0.0713 0.0262 0.0760 0.1766 
     D244001  4 0.3124 0.0575 0.2775 0.0587 0.0271 0.0223 0.0789 0.0997 0.0190 0.0248 0.0221 
        D289  4 0.0569 0.0750 0.0466 0.0497 0.0897 0.0300 0.2433 0.0588 0.0242 0.0740 0.2518 
        D290  4 0.0615 0.1762 0.0493 0.0395 0.1992 0.0511 0.0972 0.2072 0.0198 0.0682 0.0308 
        D294  4 0.0769 0.2021 0.0388 0.0227 0.0486 0.0171 0.2553 0.1803 0.0305 0.0965 0.0314 
        D295  4 0.0297 0.2025 0.0294 0.0287 0.0514 0.2084 0.0758 0.0638 0.0809 0.1807 0.0486 
        D301  4 0.3953 0.0439 0.2049 0.0183 0.1135 0.0586 0.0316 0.0421 0.0363 0.0152 0.0402 
        D302  4 0.0285 0.0189 0.0130 0.0151 0.0205 0.0115 0.7852 0.0271 0.0252 0.0415 0.0135 
        D303  4 0.0254 0.0498 0.0738 0.0373 0.0366 0.0882 0.0622 0.0491 0.0464 0.0299 0.5012 
        D304  4 0.0385 0.0954 0.0452 0.0268 0.3782 0.0234 0.0447 0.1749 0.0471 0.0659 0.0599 
        D305  4 0.0343 0.0281 0.1406 0.0298 0.0379 0.0224 0.3405 0.3170 0.0229 0.0164 0.0100 
        D306  4 0.0480 0.1006 0.1040 0.0167 0.0797 0.0470 0.0300 0.4647 0.0205 0.0458 0.0431 
        D307  4 0.6394 0.0259 0.0306 0.0122 0.0445 0.0267 0.0482 0.0289 0.0416 0.0122 0.0898 
        D327  4 0.0396 0.0451 0.0301 0.1002 0.0434 0.0177 0.0461 0.0913 0.0634 0.4708 0.0523 
        D328  4 0.0236 0.0720 0.1735 0.0167 0.0399 0.0787 0.3488 0.0518 0.0434 0.0208 0.1307 
        D329  4 0.0538 0.0964 0.1195 0.0316 0.0763 0.0662 0.2995 0.1285 0.0203 0.0623 0.0456 
        D330  4 0.0725 0.1621 0.0625 0.0715 0.0151 0.1602 0.0679 0.1413 0.0310 0.2002 0.0155 
        D331  4 0.0385 0.0546 0.0599 0.0343 0.2506 0.0923 0.0441 0.1114 0.0754 0.1712 0.0678 
        D333  4 0.0396 0.1291 0.0849 0.0554 0.0821 0.0696 0.2792 0.0951 0.0533 0.0511 0.0607 
        D334  4 0.0756 0.0553 0.0142 0.0231 0.0328 0.0244 0.0509 0.0532 0.0588 0.0677 0.5441 
        D335  4 0.0277 0.0148 0.0347 0.0763 0.0203 0.0308 0.6099 0.0416 0.0438 0.0677 0.0325 
        D370  4 0.0226 0.0219 0.5509 0.0207 0.0220 0.1420 0.0434 0.0546 0.0615 0.0279 0.0326 
        D371  4 0.0129 0.0228 0.0523 0.0605 0.0222 0.0196 0.0246 0.0307 0.0494 0.1181 0.5870 
        D372  4 0.0125 0.0242 0.1820 0.0170 0.5805 0.0215 0.0137 0.0894 0.0227 0.0119 0.0246 
        D373  4 0.6087 0.0217 0.0317 0.0423 0.0709 0.0116 0.0511 0.0629 0.0450 0.0346 0.0195 
        D455  4 0.6740 0.0211 0.0208 0.0149 0.0440 0.0226 0.1005 0.0262 0.0147 0.0376 0.0237 
        D490  4 0.7158 0.1022 0.0159 0.0104 0.0175 0.0182 0.0255 0.0309 0.0238 0.0197 0.0203 
        D497  4 0.5527 0.1403 0.0246 0.0139 0.0351 0.0281 0.0770 0.0549 0.0442 0.0116 0.0174 
        D498  4 0.0393 0.0663 0.1069 0.0497 0.1622 0.2280 0.0311 0.0997 0.0752 0.0589 0.0826 
        D499  4 0.0148 0.1480 0.0809 0.0817 0.0697 0.0947 0.0795 0.1131 0.1898 0.0238 0.1040 
        D514  4 0.0519 0.0836 0.0838 0.0324 0.0642 0.0606 0.1061 0.1583 0.0983 0.2469 0.0141 
        D515  4 0.0339 0.7262 0.0273 0.0240 0.0131 0.0315 0.0339 0.0419 0.0179 0.0280 0.0224 
        D516  4 0.0468 0.0923 0.0386 0.0766 0.0563 0.1717 0.0234 0.0761 0.3147 0.0638 0.0397 
        D517  4 0.5110 0.0680 0.0677 0.0200 0.0475 0.0379 0.0238 0.1222 0.0163 0.0675 0.0181 
        D518  4 0.1240 0.0263 0.0320 0.0207 0.0159 0.0163 0.6466 0.0423 0.0151 0.0156 0.0452 
        D519  4 0.0253 0.8181 0.0117 0.0207 0.0238 0.0202 0.0126 0.0166 0.0143 0.0203 0.0163 
        D560  4 0.0171 0.7469 0.0143 0.0341 0.0302 0.0187 0.0220 0.0382 0.0157 0.0520 0.0106 
        D561  4 0.2991 0.0421 0.0208 0.1425 0.0592 0.0501 0.0538 0.2359 0.0176 0.0647 0.0141 
        D562  4 0.2607 0.0970 0.1059 0.0437 0.0789 0.0364 0.1175 0.1235 0.0413 0.0541 0.0409 
        D563  4 0.0699 0.1225 0.0569 0.2690 0.0648 0.0448 0.1122 0.1395 0.0794 0.0228 0.0182 
        D572  4 0.0488 0.0369 0.0254 0.0330 0.0185 0.0166 0.7103 0.0261 0.0160 0.0476 0.0208 
        D629  4 0.1527 0.0365 0.0140 0.0261 0.0486 0.0210 0.0375 0.0442 0.4585 0.1441 0.0166 
        D630  4 0.1276 0.3614 0.0613 0.0307 0.0719 0.0314 0.0966 0.0686 0.0282 0.0708 0.0514 
        D631  4 0.0261 0.0352 0.0182 0.0421 0.0235 0.0168 0.7517 0.0304 0.0177 0.0183 0.0198 
        D632  4 0.2914 0.0238 0.1515 0.0706 0.0166 0.0762 0.1826 0.0544 0.0585 0.0578 0.0165 
        D646  4 0.0347 0.4129 0.0313 0.0964 0.0333 0.1725 0.0401 0.0811 0.0183 0.0532 0.0262 
        D647  4 0.0817 0.1284 0.0513 0.0427 0.0369 0.1196 0.0548 0.0649 0.0175 0.3877 0.0145 
        D648  4 0.0208 0.0771 0.1654 0.0153 0.0145 0.0200 0.5071 0.0302 0.0922 0.0147 0.0427 
        D649  4 0.0590 0.0439 0.0156 0.0302 0.0337 0.3000 0.1470 0.0423 0.0542 0.2547 0.0194 
        D650  4 0.0736 0.2057 0.0208 0.0613 0.0694 0.0757 0.0872 0.0648 0.1181 0.1371 0.0862 
        D708  4 0.0427 0.0940 0.0523 0.0223 0.0847 0.0382 0.2598 0.1288 0.1137 0.0460 0.1175 
        D709  4 0.0164 0.0638 0.0599 0.0179 0.0546 0.4451 0.0480 0.1710 0.0704 0.0215 0.0314 
        D738  4 0.0425 0.0929 0.0184 0.0186 0.0384 0.1162 0.0281 0.0363 0.0195 0.0466 0.5425 
        D739  4 0.2611 0.2321 0.0965 0.0250 0.0604 0.0459 0.0732 0.1052 0.0512 0.0234 0.0260 
        D740  4 0.0404 0.1216 0.0225 0.0460 0.0936 0.1129 0.0579 0.2862 0.0630 0.0258 0.1300 
        D741  4 0.0343 0.5371 0.0162 0.1900 0.0285 0.0411 0.0169 0.0617 0.0223 0.0380 0.0139 
        D742  4 0.0631 0.1902 0.0352 0.2091 0.0840 0.0321 0.0518 0.0789 0.0502 0.0420 0.1634 
        D743  4 0.0332 0.0323 0.0145 0.0679 0.0418 0.0185 0.3568 0.0485 0.0311 0.3384 0.0171 
        D744  4 0.0206 0.0304 0.0135 0.0626 0.0217 0.0178 0.7499 0.0251 0.0196 0.0219 0.0169 
        D745  4 0.0261 0.8105 0.0115 0.0153 0.0253 0.0190 0.0157 0.0238 0.0216 0.0140 0.0172 
        D814  4 0.0512 0.2586 0.1633 0.0734 0.0431 0.0101 0.0587 0.2852 0.0234 0.0176 0.0154 
        D815  4 0.0314 0.0399 0.0525 0.0431 0.0516 0.1380 0.3542 0.0857 0.0571 0.1217 0.0248 
        D828  4 0.0228 0.0493 0.6392 0.0145 0.0380 0.0255 0.0480 0.0461 0.0613 0.0123 0.0428 
        D845  4 0.0118 0.0158 0.0108 0.0413 0.8058 0.0121 0.0188 0.0185 0.0197 0.0166 0.0290 
        D846  4 0.1578 0.0247 0.0589 0.0769 0.0395 0.0154 0.3731 0.0834 0.0494 0.1120 0.0089 
        D847  4 0.1733 0.2020 0.0182 0.0539 0.1285 0.0453 0.0497 0.0976 0.0265 0.1259 0.0790 
        D848  4 0.6004 0.0127 0.0341 0.0394 0.1745 0.0143 0.0417 0.0323 0.0177 0.0164 0.0163 
        D849  4 0.1764 0.3802 0.0425 0.0277 0.0316 0.0387 0.0516 0.1223 0.0869 0.0236 0.0186 
        D850  4 0.2286 0.0468 0.0178 0.1365 0.1538 0.0308 0.0396 0.1477 0.0433 0.0951 0.0601 
        D856  4 0.0395 0.1269 0.0255 0.0234 0.0319 0.3430 0.0422 0.2500 0.0480 0.0399 0.0297 
        D857  4 0.0295 0.0315 0.2252 0.0181 0.0178 0.5664 0.0263 0.0428 0.0126 0.0081 0.0217 
        D859  4 0.0296 0.1715 0.0370 0.0256 0.0770 0.0183 0.4473 0.0726 0.0203 0.0822 0.0187 
        D860  4 0.0356 0.0150 0.0722 0.0558 0.1386 0.0284 0.0689 0.0432 0.0231 0.0939 0.4253 
        D883  4 0.1286 0.0827 0.0535 0.0432 0.0714 0.1080 0.0945 0.1017 0.1161 0.1507 0.0496 
        D884  4 0.0214 0.6361 0.0179 0.0195 0.0265 0.0796 0.0484 0.0348 0.0481 0.0264 0.0412 
        D885  4 0.0487 0.2343 0.0091 0.2871 0.1144 0.0277 0.0357 0.0961 0.0734 0.0486 0.0249 
        D886  4 0.1068 0.1016 0.0900 0.0594 0.0525 0.1674 0.0602 0.0871 0.0339 0.2182 0.0228 
        D887  4 0.0332 0.2286 0.0827 0.0463 0.2113 0.0510 0.0753 0.1011 0.0286 0.1101 0.0318 
        D889  4 0.0156 0.0776 0.0199 0.0116 0.6571 0.0140 0.0738 0.0665 0.0164 0.0335 0.0143 
        D890  4 0.0491 0.0221 0.0949 0.0256 0.0406 0.0646 0.0667 0.0898 0.4628 0.0294 0.0545 
        D891  4 0.0085 0.0153 0.0086 0.0166 0.8841 0.0094 0.0094 0.0116 0.0157 0.0122 0.0086 
        D899  4 0.0350 0.0410 0.1008 0.2746 0.1529 0.0298 0.1008 0.0758 0.0592 0.0295 0.1007 
        D900  4 0.0811 0.0882 0.0574 0.0856 0.0785 0.0743 0.1130 0.1847 0.0527 0.1188 0.0657 
        D970  4 0.0642 0.0451 0.0338 0.0282 0.0869 0.0329 0.3386 0.1133 0.0489 0.1671 0.0410 
        D971  4 0.0236 0.0169 0.1354 0.3374 0.0147 0.0733 0.1902 0.0752 0.0467 0.0375 0.0490 
        D979  4 0.0270 0.0243 0.0305 0.0833 0.0411 0.0251 0.3730 0.0673 0.0993 0.1939 0.0351 
        D093  5 0.0240 0.0960 0.0227 0.0275 0.0496 0.0243 0.0238 0.0265 0.0280 0.0405 0.6372 
        D154  5 0.0160 0.2172 0.0416 0.1495 0.0856 0.0218 0.0252 0.0891 0.3031 0.0195 0.0312 
        D168  5 0.0574 0.1261 0.0340 0.1782 0.0686 0.0469 0.0235 0.1129 0.3057 0.0329 0.0138 
        D189  5 0.0207 0.1076 0.0607 0.0405 0.2075 0.0307 0.0367 0.0771 0.0293 0.0325 0.3566 
        D190  5 0.0148 0.0427 0.0285 0.0305 0.0304 0.0372 0.0515 0.0300 0.1384 0.0230 0.5729 
     D237220  5 0.0937 0.1463 0.0170 0.0237 0.2155 0.1094 0.0915 0.1284 0.0198 0.0244 0.1302 
     D237221  5 0.0300 0.0543 0.0373 0.0858 0.2183 0.0697 0.0617 0.0664 0.1018 0.0837 0.1911 
     D237274  5 0.0277 0.0305 0.1010 0.0632 0.0243 0.0873 0.1360 0.0783 0.0273 0.4085 0.0158 
     D237275  5 0.0186 0.0266 0.4676 0.1910 0.0780 0.0552 0.0141 0.0688 0.0420 0.0159 0.0223 
     D237276  5 0.0475 0.3572 0.0433 0.0222 0.0288 0.1067 0.0496 0.0652 0.0755 0.0552 0.1490 
     D237277  5 0.0155 0.0298 0.0317 0.0564 0.1836 0.0453 0.0460 0.0434 0.1359 0.0231 0.3893 
     D237278  5 0.0533 0.0560 0.0809 0.2199 0.0334 0.0634 0.0651 0.1414 0.0260 0.0631 0.1975 
     D237279  5 0.1290 0.0256 0.0141 0.0816 0.0333 0.2419 0.0755 0.2111 0.1304 0.0426 0.0150 
     D237280  5 0.1100 0.0278 0.0467 0.0163 0.0283 0.2299 0.0659 0.1449 0.1968 0.0794 0.0540 
     D237281  5 0.0143 0.0274 0.0595 0.3254 0.3990 0.0179 0.0229 0.0452 0.0146 0.0490 0.0249 
     D237351  5 0.0208 0.0590 0.0116 0.0216 0.0210 0.4730 0.0174 0.0374 0.2864 0.0147 0.0370 
     D237352  5 0.2945 0.0163 0.0427 0.1130 0.0293 0.0322 0.1723 0.0658 0.1448 0.0355 0.0536 
     D237353  5 0.0147 0.0148 0.0318 0.0163 0.0720 0.0416 0.0368 0.0260 0.1815 0.0150 0.5496 
     D237359  5 0.0788 0.2003 0.0201 0.0279 0.2919 0.0422 0.0520 0.1591 0.0422 0.0310 0.0543 
     D237361  5 0.0140 0.0180 0.0182 0.0179 0.0246 0.0402 0.0154 0.0283 0.0366 0.0173 0.7695 
     D237362  5 0.0181 0.0213 0.0159 0.0374 0.0219 0.0199 0.0165 0.0190 0.7695 0.0257 0.0348 
     D237363  5 0.0327 0.0329 0.0523 0.1359 0.0593 0.0457 0.0154 0.4603 0.1059 0.0229 0.0367 
     D237364  5 0.0546 0.5004 0.0222 0.0776 0.0432 0.0452 0.0624 0.0823 0.0510 0.0492 0.0118 
     D237376  5 0.0159 0.0698 0.5133 0.0201 0.0511 0.0287 0.1207 0.0311 0.0672 0.0113 0.0707 
     D237377  5 0.0377 0.0191 0.0172 0.0795 0.0309 0.3088 0.0361 0.1437 0.1526 0.0790 0.0953 
     D237378  5 0.0277 0.0755 0.3030 0.0249 0.0602 0.0211 0.0679 0.0751 0.0564 0.0261 0.2622 
     D237379  5 0.0484 0.1044 0.0604 0.0359 0.0656 0.0276 0.2368 0.1050 0.0464 0.0294 0.2401 
     D237380  5 0.0254 0.0318 0.1799 0.0115 0.0179 0.4696 0.1098 0.0877 0.0159 0.0199 0.0305 
     D237381  5 0.1439 0.0265 0.2224 0.0303 0.0377 0.1937 0.1217 0.0930 0.0354 0.0406 0.0548 
     D237391  5 0.0153 0.0304 0.0114 0.0169 0.0566 0.0274 0.0189 0.0275 0.0284 0.0225 0.7448 
     D237392  5 0.0331 0.0397 0.1428 0.2206 0.0296 0.1160 0.0469 0.0749 0.0782 0.1968 0.0214 
     D237393  5 0.0391 0.0241 0.1140 0.0364 0.0466 0.0878 0.0368 0.0605 0.0298 0.3905 0.1345 
