        D174  1 0.0231 0.1771 0.0852 0.1034 0.0732 0.1337 0.3735 0.0308 
        D199  1 0.0387 0.0584 0.2276 0.1765 0.0510 0.0949 0.1556 0.1972 
        D203  1 0.0524 0.1398 0.2866 0.1058 0.0602 0.1091 0.0655 0.1806 
        D204  1 0.0804 0.0306 0.7624 0.0287 0.0287 0.0218 0.0211 0.0262 
     D237366  1 0.1065 0.0558 0.0550 0.0665 0.0219 0.6025 0.0539 0.0380 
     D237367  1 0.0531 0.0953 0.2970 0.1386 0.0562 0.2697 0.0426 0.0474 
     D237368  1 0.0480 0.0446 0.1368 0.0831 0.1119 0.3853 0.1376 0.0527 
     D244101  1 0.3995 0.0396 0.2427 0.0816 0.0289 0.0239 0.0348 0.1491 
     D244102  1 0.1040 0.4496 0.0598 0.0858 0.1039 0.0956 0.0495 0.0518 
     D244103  1 0.0524 0.0647 0.1285 0.2084 0.0353 0.4327 0.0443 0.0337 
     D244104  1 0.0339 0.0181 0.5556 0.0419 0.1365 0.0365 0.1373 0.0402 
     D244105  1 0.0299 0.0627 0.0770 0.2281 0.1309 0.4268 0.0187 0.0258 
     D244106  1 0.0304 0.1741 0.0701 0.0621 0.0191 0.0313 0.5417 0.0712 
     D244107  1 0.0798 0.0192 0.0666 0.1318 0.2479 0.3599 0.0189 0.0759 
     D244108  1 0.0313 0.1323 0.0716 0.0661 0.3104 0.0443 0.3031 0.0410 
     D244113  1 0.0951 0.3023 0.0257 0.0681 0.0705 0.0349 0.3680 0.0353 
     D244114  1 0.0590 0.1223 0.0877 0.4180 0.0368 0.1021 0.0997 0.0744 
     D244115  1 0.0370 0.0814 0.1695 0.1638 0.1542 0.0712 0.2920 0.0309 
     D267365  1 0.0515 0.0573 0.3832 0.0807 0.0464 0.0872 0.2512 0.0424 
        D404  1 0.0931 0.6015 0.0260 0.0357 0.0331 0.0223 0.1658 0.0225 
        D405  1 0.0704 0.4841 0.1065 0.0841 0.0848 0.0492 0.0562 0.0646 
        D406  1 0.0463 0.0295 0.0779 0.0357 0.0809 0.6656 0.0471 0.0171 
        D407  1 0.0170 0.0342 0.5496 0.0662 0.0172 0.2470 0.0230 0.0458 
        D408  1 0.0333 0.1046 0.0568 0.0613 0.1126 0.0281 0.5507 0.0527 
        D409  1 0.0370 0.0972 0.0802 0.3452 0.0593 0.2863 0.0615 0.0334 
        D410  1 0.0341 0.0327 0.0783 0.0552 0.7161 0.0434 0.0259 0.0143 
        D421  1 0.0130 0.0107 0.8723 0.0164 0.0123 0.0261 0.0252 0.0240 
        D422  1 0.0152 0.0211 0.0479 0.0538 0.0372 0.7813 0.0162 0.0274 
        D423  1 0.0144 0.0339 0.1156 0.0766 0.5789 0.1137 0.0225 0.0444 
        D424  1 0.0247 0.0271 0.6353 0.1328 0.0233 0.1096 0.0330 0.0144 
        D425  1 0.0336 0.0954 0.4676 0.1454 0.0951 0.0482 0.0897 0.0251 
        D426  1 0.0215 0.0219 0.0474 0.4797 0.0299 0.2712 0.0525 0.0757 
        D427  1 0.0156 0.0200 0.2796 0.0426 0.0292 0.0348 0.1999 0.3783 
        D428  1 0.0882 0.0698 0.3424 0.1358 0.0970 0.0863 0.1434 0.0371 
        D429  1 0.0378 0.0979 0.4342 0.0910 0.0315 0.0648 0.1964 0.0464 
        D430  1 0.0295 0.3401 0.0874 0.1672 0.0243 0.0749 0.2075 0.0691 
        D491  1 0.0275 0.0341 0.0842 0.0375 0.0830 0.0221 0.6943 0.0172 
        D492  1 0.0444 0.1179 0.3011 0.1790 0.0446 0.1555 0.1260 0.0316 
        D537  1 0.0591 0.0384 0.6497 0.0698 0.0485 0.0887 0.0236 0.0223 
        D538  1 0.0530 0.3711 0.0672 0.1284 0.1377 0.0995 0.0904 0.0527 
        D539  1 0.1332 0.1438 0.0448 0.1335 0.1282 0.1016 0.2079 0.1070 
        D540  1 0.0362 0.0783 0.2990 0.2515 0.1604 0.0941 0.0429 0.0375 
        D541  1 0.0191 0.0154 0.8507 0.0255 0.0270 0.0264 0.0184 0.0176 
        D551  1 0.0257 0.0471 0.0740 0.4031 0.0262 0.1282 0.0408 0.2548 
        D552  1 0.0558 0.0253 0.1457 0.1011 0.3941 0.0836 0.1618 0.0325 
        D553  1 0.0195 0.0112 0.8558 0.0316 0.0268 0.0204 0.0194 0.0154 
        D615  1 0.0269 0.1285 0.4187 0.1081 0.1233 0.0555 0.0658 0.0731 
        D616  1 0.0243 0.0573 0.3329 0.1590 0.0868 0.1405 0.0827 0.1165 
        D621  1 0.2578 0.0551 0.0207 0.0564 0.2499 0.2403 0.0955 0.0243 
        D622  1 0.0560 0.0355 0.0394 0.0740 0.1972 0.5209 0.0548 0.0222 
        D623  1 0.2221 0.2087 0.0347 0.0820 0.0439 0.0277 0.2722 0.1087 
        D624  1 0.0130 0.0304 0.0450 0.0805 0.0269 0.0345 0.7529 0.0169 
        D625  1 0.0501 0.0374 0.6721 0.0575 0.0399 0.0683 0.0579 0.0168 
        D626  1 0.0353 0.0496 0.0752 0.0673 0.2807 0.1239 0.3291 0.0389 
        D627  1 0.0270 0.0355 0.1010 0.4153 0.0201 0.2677 0.0768 0.0565 
        D690  1 0.0261 0.0212 0.7302 0.0303 0.0769 0.0472 0.0573 0.0108 
        D691  1 0.0285 0.0291 0.0696 0.0324 0.0413 0.7365 0.0408 0.0218 
        D710  1 0.1200 0.0468 0.2486 0.1109 0.1766 0.0947 0.1634 0.0390 
        D711  1 0.0430 0.0470 0.7520 0.0422 0.0255 0.0343 0.0320 0.0240 
        D712  1 0.0607 0.0703 0.0292 0.0607 0.0896 0.0823 0.5648 0.0425 
        D713  1 0.1474 0.1768 0.2122 0.1318 0.0503 0.1267 0.1311 0.0237 
        D746  1 0.0263 0.0169 0.0692 0.0241 0.0694 0.7455 0.0239 0.0248 
        D747  1 0.0268 0.0157 0.8626 0.0171 0.0158 0.0205 0.0209 0.0204 
        D748  1 0.0721 0.0496 0.2899 0.0740 0.0711 0.3890 0.0382 0.0160 
        D749  1 0.0716 0.0784 0.0318 0.2378 0.0942 0.3085 0.1284 0.0494 
        D750  1 0.0394 0.0412 0.1390 0.0420 0.0644 0.0450 0.6108 0.0182 
        D763  1 0.2781 0.0556 0.1107 0.1545 0.1038 0.1087 0.0347 0.1540 
        D764  1 0.0166 0.0297 0.5342 0.0604 0.0835 0.0743 0.1836 0.0177 
        D765  1 0.0175 0.0766 0.0433 0.1029 0.4773 0.1057 0.1553 0.0214 
        D766  1 0.1068 0.0482 0.1197 0.0919 0.4134 0.1572 0.0378 0.0249 
        D767  1 0.2435 0.2703 0.1185 0.0743 0.0707 0.1313 0.0312 0.0602 
        D768  1 0.0201 0.0148 0.8403 0.0316 0.0246 0.0327 0.0166 0.0193 
        D811  1 0.0274 0.5420 0.0272 0.0532 0.1826 0.0239 0.1246 0.0190 
        D816  1 0.0248 0.0198 0.8383 0.0310 0.0175 0.0210 0.0298 0.0178 
        D825  1 0.0273 0.1880 0.1080 0.1342 0.3291 0.0428 0.1535 0.0170 
        D866  1 0.0237 0.0964 0.0617 0.1179 0.1082 0.0357 0.3032 0.2531 
        D867  1 0.0957 0.0360 0.0240 0.0516 0.0500 0.6885 0.0228 0.0314 
        D871  1 0.0493 0.0982 0.0903 0.3704 0.0364 0.2426 0.0857 0.0270 
        D872  1 0.0437 0.2942 0.2694 0.0680 0.1514 0.0964 0.0398 0.0371 
        D873  1 0.0392 0.0797 0.0107 0.0334 0.7676 0.0350 0.0171 0.0172 
        D874  1 0.6987 0.0342 0.0820 0.0420 0.0262 0.0161 0.0833 0.0175 
        D875  1 0.0298 0.1055 0.0610 0.3326 0.0578 0.3747 0.0247 0.0139 
        D876  1 0.1025 0.0399 0.4263 0.1036 0.0905 0.0864 0.1225 0.0282 
        D877  1 0.0547 0.7360 0.0358 0.0515 0.0261 0.0154 0.0600 0.0205 
        D892  1 0.0445 0.1257 0.2848 0.0831 0.0341 0.2518 0.1556 0.0205 
        D893  1 0.0902 0.0314 0.5456 0.0979 0.0730 0.1009 0.0244 0.0366 
        D894  1 0.0343 0.0822 0.5639 0.1058 0.0379 0.0707 0.0708 0.0344 
        D915  1 0.0335 0.0345 0.5509 0.0783 0.1116 0.1188 0.0459 0.0265 
        D916  1 0.0169 0.0166 0.8645 0.0225 0.0215 0.0222 0.0212 0.0145 
        D917  1 0.1417 0.0523 0.1349 0.1468 0.0527 0.0491 0.3404 0.0821 
        D925  1 0.0229 0.0283 0.1461 0.0386 0.6223 0.0445 0.0765 0.0207 
        D926  1 0.0831 0.0397 0.3998 0.2088 0.0516 0.0890 0.0989 0.0291 
        D927  1 0.0526 0.0809 0.2785 0.1391 0.0368 0.0781 0.0710 0.2631 
        D928  1 0.0195 0.0406 0.1054 0.0270 0.0357 0.0146 0.7404 0.0167 
        D929  1 0.4610 0.2685 0.0351 0.0528 0.0342 0.0761 0.0524 0.0199 
        D936  1 0.1939 0.0373 0.5160 0.0668 0.0458 0.0344 0.0383 0.0674 
        D938  1 0.0437 0.0266 0.0334 0.0343 0.1415 0.6748 0.0279 0.0179 
        D956  1 0.0257 0.2558 0.0426 0.0745 0.0596 0.0230 0.4884 0.0304 
        D957  1 0.0594 0.2389 0.1760 0.0709 0.2629 0.1124 0.0445 0.0350 
        D958  1 0.0799 0.1400 0.2863 0.0655 0.1956 0.1031 0.1077 0.0219 
        D959  1 0.0111 0.0163 0.5512 0.0715 0.0155 0.2774 0.0239 0.0331 
        D960  1 0.0355 0.0863 0.0291 0.0778 0.0909 0.6065 0.0565 0.0173 
        D989  1 0.0252 0.0433 0.0321 0.0583 0.0244 0.0477 0.6812 0.0878 
        D990  1 0.0351 0.0266 0.0297 0.0692 0.6505 0.0400 0.0913 0.0577 
        D023  2 0.0213 0.0128 0.0579 0.0509 0.0321 0.7864 0.0186 0.0200 
        D130  2 0.0233 0.0886 0.0829 0.0295 0.0363 0.6929 0.0179 0.0286 
        D131  2 0.0768 0.0728 0.2552 0.3421 0.1033 0.0523 0.0459 0.0517 
        D163  2 0.0321 0.0203 0.0954 0.0772 0.0564 0.6380 0.0635 0.0171 
        D164  2 0.0155 0.0198 0.0142 0.0243 0.3848 0.0368 0.0105 0.4942 
        D165  2 0.0237 0.0161 0.0328 0.0410 0.0313 0.8016 0.0215 0.0320 
        D166  2 0.0629 0.6395 0.0363 0.1034 0.0449 0.0580 0.0186 0.0364 
        D167  2 0.0134 0.1202 0.0155 0.0253 0.0156 0.0218 0.0364 0.7517 
        D192  2 0.0226 0.0219 0.0102 0.0206 0.0160 0.0198 0.0215 0.8674 
        D193  2 0.1208 0.4629 0.0236 0.1134 0.0412 0.0534 0.1499 0.0347 
        D206  2 0.0682 0.0475 0.1709 0.1648 0.0935 0.1953 0.0273 0.2325 
        D207  2 0.0277 0.1876 0.0543 0.0938 0.0208 0.0341 0.0218 0.5599 
        D208  2 0.0703 0.0801 0.0639 0.1179 0.1645 0.0575 0.2558 0.1899 
        D209  2 0.1900 0.0677 0.0426 0.2644 0.0917 0.0830 0.0326 0.2280 
        D210  2 0.0406 0.0344 0.0759 0.0609 0.0397 0.0375 0.5861 0.1247 
     D229599  2 0.2258 0.0526 0.1803 0.1741 0.1030 0.1038 0.0955 0.0650 
     D229600  2 0.0303 0.0732 0.0304 0.0534 0.0289 0.5102 0.0246 0.2489 
     D237227  2 0.0307 0.0504 0.0508 0.1023 0.1086 0.0498 0.5455 0.0620 
     D237228  2 0.0213 0.1534 0.0213 0.1365 0.3257 0.0248 0.2588 0.0582 
     D237258  2 0.0595 0.1614 0.0982 0.1326 0.0903 0.1812 0.1012 0.1756 
     D237310  2 0.0334 0.5846 0.0140 0.0683 0.1798 0.0349 0.0359 0.0492 
     D237311  2 0.0250 0.2223 0.0253 0.0722 0.3470 0.0924 0.0426 0.1733 
     D237312  2 0.0781 0.5037 0.0352 0.0730 0.0928 0.1495 0.0461 0.0216 
     D237313  2 0.0944 0.0462 0.1753 0.1551 0.3758 0.0561 0.0726 0.0246 
     D237322  2 0.1590 0.1911 0.0357 0.2882 0.0989 0.0341 0.1096 0.0834 
     D237323  2 0.0399 0.2563 0.0174 0.0838 0.2650 0.0878 0.2104 0.0394 
     D237324  2 0.0662 0.0306 0.0690 0.3152 0.0422 0.2792 0.0223 0.1752 
     D237325  2 0.1294 0.1781 0.0465 0.1199 0.1353 0.2631 0.0807 0.0470 
     D237326  2 0.0541 0.0633 0.1155 0.1096 0.4136 0.1169 0.0894 0.0376 
     D237327  2 0.1410 0.0585 0.0968 0.2496 0.0323 0.1026 0.0696 0.2496 
     D237337  2 0.0287 0.1063 0.0393 0.0739 0.6394 0.0387 0.0530 0.0207 
     D237338  2 0.1481 0.0662 0.0507 0.1700 0.1189 0.2463 0.1172 0.0825 
     D237339  2 0.6109 0.0314 0.0539 0.0989 0.0360 0.0216 0.0217 0.1255 
     D237340  2 0.0560 0.1985 0.0271 0.0752 0.1467 0.1329 0.1962 0.1674 
     D237389  2 0.0390 0.4747 0.0274 0.0647 0.2486 0.0612 0.0235 0.0609 
     D237390  2 0.0836 0.3184 0.0519 0.1163 0.1686 0.1677 0.0650 0.0286 
     D244017  2 0.0238 0.4166 0.0332 0.0685 0.0319 0.0389 0.2075 0.1796 
     D244112  2 0.0176 0.1270 0.0180 0.0421 0.0343 0.0445 0.0247 0.6918 
     D244118  2 0.0414 0.0303 0.0148 0.0350 0.0584 0.2807 0.0308 0.5086 
     D244119  2 0.0157 0.0321 0.0214 0.0301 0.0209 0.0203 0.6098 0.2498 
     D244120  2 0.0507 0.4679 0.0153 0.0361 0.0224 0.0339 0.0576 0.3160 
     D244122  2 0.0412 0.0988 0.0294 0.0548 0.0570 0.0545 0.0414 0.6230 
        D291  2 0.0289 0.0835 0.0968 0.3060 0.0632 0.1304 0.0361 0.2549 
        D292  2 0.0623 0.0675 0.1783 0.0848 0.0992 0.0305 0.0980 0.3795 
        D293  2 0.1501 0.0189 0.1846 0.0736 0.0136 0.0220 0.0175 0.5197 
        D322  2 0.1821 0.0400 0.1954 0.1082 0.0398 0.0437 0.0253 0.3656 
        D323  2 0.1538 0.1400 0.1273 0.2074 0.1423 0.0617 0.0554 0.1120 
        D324  2 0.0411 0.0425 0.1890 0.1849 0.1173 0.1751 0.1066 0.1435 
        D325  2 0.0297 0.0150 0.0629 0.0430 0.0162 0.0254 0.0157 0.7920 
        D326  2 0.0239 0.0162 0.8520 0.0241 0.0160 0.0172 0.0337 0.0168 
        D340  2 0.0216 0.0167 0.0257 0.0233 0.0144 0.0214 0.0245 0.8525 
        D341  2 0.0707 0.0438 0.0514 0.0612 0.0865 0.0472 0.0376 0.6018 
        D342  2 0.0270 0.0880 0.0256 0.1249 0.1464 0.0996 0.0228 0.4657 
        D343  2 0.0152 0.0111 0.0241 0.0191 0.0123 0.0143 0.0111 0.8928 
        D344  2 0.4616 0.1620 0.1250 0.1048 0.0479 0.0283 0.0300 0.0404 
        D345  2 0.0903 0.0217 0.0802 0.0827 0.6216 0.0438 0.0302 0.0296 
        D346  2 0.0414 0.0661 0.0674 0.0734 0.0894 0.0360 0.5751 0.0511 
        D351  2 0.0960 0.1031 0.2467 0.2503 0.0751 0.1152 0.0401 0.0734 
        D352  2 0.6927 0.0447 0.0230 0.0724 0.0453 0.0304 0.0617 0.0298 
        D353  2 0.1515 0.0295 0.2455 0.4839 0.0239 0.0221 0.0193 0.0243 
        D354  2 0.7211 0.0337 0.0640 0.0470 0.0589 0.0202 0.0413 0.0139 
        D362  2 0.0220 0.0328 0.7176 0.0583 0.0530 0.0671 0.0265 0.0227 
        D363  2 0.0340 0.0274 0.7460 0.0395 0.0554 0.0372 0.0349 0.0256 
        D364  2 0.3362 0.0349 0.2892 0.0843 0.1489 0.0262 0.0558 0.0245 
        D365  2 0.0478 0.0178 0.0476 0.0209 0.0128 0.0144 0.0239 0.8148 
        D369  2 0.0308 0.0709 0.2358 0.1058 0.1233 0.0461 0.2252 0.1620 
        D374  2 0.0264 0.3797 0.0257 0.0485 0.0684 0.0196 0.4101 0.0217 
        D375  2 0.8126 0.0445 0.0195 0.0440 0.0247 0.0265 0.0152 0.0130 
        D376  2 0.0795 0.2173 0.0231 0.0687 0.0800 0.0206 0.4614 0.0494 
        D377  2 0.0767 0.2213 0.0317 0.1345 0.3310 0.0774 0.0737 0.0539 
        D378  2 0.2535 0.0244 0.1874 0.1411 0.0545 0.1034 0.0332 0.2025 
        D379  2 0.0629 0.0237 0.6812 0.0935 0.0469 0.0351 0.0318 0.0250 
        D384  2 0.0210 0.0149 0.8497 0.0291 0.0222 0.0164 0.0324 0.0143 
        D385  2 0.1639 0.0302 0.0323 0.0400 0.0277 0.0178 0.0462 0.6418 
        D386  2 0.4802 0.0477 0.1428 0.1322 0.0590 0.0638 0.0190 0.0552 
        D391  2 0.1482 0.0283 0.0485 0.0319 0.0284 0.0210 0.0200 0.6737 
        D392  2 0.0288 0.0546 0.0963 0.0533 0.0839 0.0562 0.0594 0.5675 
        D393  2 0.3057 0.0270 0.3039 0.0728 0.0671 0.0645 0.0320 0.1270 
        D394  2 0.1759 0.0978 0.1079 0.1698 0.1141 0.2239 0.0540 0.0565 
        D395  2 0.6076 0.0482 0.0222 0.0907 0.0176 0.0392 0.0284 0.1460 
        D401  2 0.0152 0.0975 0.0288 0.0703 0.6951 0.0229 0.0449 0.0253 
        D402  2 0.0687 0.0299 0.0213 0.0304 0.0327 0.0141 0.0186 0.7843 
        D403  2 0.0810 0.0865 0.2363 0.4107 0.0463 0.0862 0.0270 0.0260 
        D415  2 0.0389 0.0351 0.6203 0.1729 0.0528 0.0433 0.0169 0.0199 
        D435  2 0.0678 0.0205 0.5621 0.0474 0.0426 0.0450 0.0224 0.1923 
        D436  2 0.4989 0.0816 0.1468 0.0870 0.0303 0.0722 0.0555 0.0278 
        D438  2 0.0199 0.0187 0.0171 0.0216 0.0177 0.0211 0.0268 0.8571 
        D439  2 0.5682 0.0184 0.0554 0.1226 0.1116 0.0573 0.0168 0.0497 
        D449  2 0.0218 0.0306 0.1039 0.2193 0.0341 0.0914 0.0265 0.4723 
        D450  2 0.2769 0.0852 0.1425 0.1919 0.0647 0.0663 0.1460 0.0265 
        D456  2 0.0193 0.0131 0.8518 0.0389 0.0175 0.0233 0.0222 0.0138 
        D462  2 0.1420 0.0184 0.0477 0.0284 0.0138 0.0263 0.0151 0.7083 
        D463  2 0.0287 0.0214 0.8437 0.0286 0.0182 0.0165 0.0314 0.0115 
        D464  2 0.3764 0.1527 0.0829 0.2714 0.0242 0.0282 0.0290 0.0352 
        D465  2 0.0258 0.1065 0.3318 0.0719 0.0452 0.0513 0.0287 0.3389 
        D473  2 0.1045 0.1020 0.0327 0.0851 0.0882 0.0703 0.4832 0.0339 
        D474  2 0.0373 0.0218 0.5767 0.0692 0.0659 0.0473 0.0903 0.0915 
        D476  2 0.5202 0.0204 0.0251 0.0351 0.0187 0.3282 0.0190 0.0333 
        D477  2 0.3216 0.0358 0.2297 0.1069 0.1811 0.0288 0.0634 0.0327 
        D478  2 0.0819 0.1582 0.0515 0.1628 0.0369 0.3680 0.0896 0.0510 
        D480  2 0.2744 0.0419 0.2890 0.0741 0.0333 0.0306 0.1693 0.0874 
        D481  2 0.1864 0.0590 0.2437 0.1053 0.1212 0.1235 0.1172 0.0437 
        D482  2 0.3608 0.0884 0.0219 0.1321 0.1678 0.0511 0.1303 0.0476 
        D483  2 0.0250 0.0271 0.0197 0.0354 0.0244 0.0309 0.0851 0.7523 
        D484  2 0.8020 0.0618 0.0153 0.0288 0.0172 0.0230 0.0279 0.0240 
        D510  2 0.0363 0.0969 0.0299 0.0573 0.0399 0.0289 0.6695 0.0414 
        D511  2 0.6407 0.0255 0.0992 0.0601 0.0406 0.0461 0.0270 0.0608 
        D512  2 0.0362 0.4104 0.0365 0.1352 0.1888 0.0547 0.0175 0.1207 
        D513  2 0.0380 0.0426 0.1197 0.1180 0.0476 0.0652 0.0546 0.5143 
        D635  2 0.0288 0.0216 0.2608 0.1350 0.0578 0.4092 0.0550 0.0317 
        D636  2 0.0154 0.0205 0.0323 0.0260 0.1612 0.7126 0.0184 0.0135 
        D637  2 0.3670 0.0945 0.0352 0.1292 0.0991 0.0438 0.0792 0.1520 
        D658  2 0.3002 0.0934 0.0265 0.0552 0.0475 0.0281 0.1270 0.3222 
        D659  2 0.0534 0.0190 0.6266 0.0775 0.0302 0.1020 0.0546 0.0369 
        D677  2 0.0698 0.0845 0.3170 0.1026 0.0987 0.2140 0.0314 0.0820 
        D678  2 0.0280 0.1907 0.0237 0.1217 0.0609 0.0413 0.0209 0.5129 
        D679  2 0.0744 0.0402 0.4116 0.1646 0.1227 0.0534 0.0638 0.0694 
        D719  2 0.0653 0.0225 0.2501 0.0615 0.0406 0.0176 0.4040 0.1384 
        D720  2 0.0173 0.0260 0.7475 0.0482 0.0414 0.0260 0.0681 0.0256 
        D721  2 0.0510 0.0132 0.0495 0.0703 0.0285 0.6834 0.0505 0.0536 
        D722  2 0.0475 0.3581 0.0357 0.0997 0.1133 0.0290 0.2611 0.0556 
        D734  2 0.6860 0.0292 0.0239 0.0332 0.0178 0.0179 0.1384 0.0535 
        D735  2 0.0850 0.0579 0.2701 0.1673 0.2457 0.0434 0.0824 0.0481 
        D736  2 0.0615 0.0325 0.0657 0.1086 0.0443 0.0823 0.4631 0.1421 
        D737  2 0.1981 0.0719 0.0209 0.0892 0.0444 0.0672 0.0641 0.4441 
        D807  2 0.0956 0.0909 0.1689 0.0888 0.1300 0.0673 0.2686 0.0899 
        D808  2 0.0835 0.2149 0.1033 0.1729 0.1619 0.1049 0.0447 0.1139 
        D817  2 0.1185 0.0989 0.3095 0.1177 0.2315 0.0514 0.0449 0.0276 
        D818  2 0.0559 0.0806 0.0771 0.2743 0.0176 0.1752 0.0352 0.2841 
        D819  2 0.0382 0.1096 0.1768 0.1264 0.3942 0.0728 0.0481 0.0340 
        D820  2 0.0914 0.0163 0.7562 0.0378 0.0131 0.0215 0.0243 0.0393 
        D895  2 0.0639 0.0194 0.3204 0.1767 0.2407 0.1115 0.0330 0.0344 
        D896  2 0.0222 0.1702 0.0288 0.0426 0.6289 0.0364 0.0530 0.0179 
        D897  2 0.0615 0.1030 0.0341 0.1347 0.0862 0.0418 0.0274 0.5112 
        D898  2 0.0651 0.2217 0.0541 0.1883 0.3098 0.0570 0.0562 0.0477 
        D918  2 0.1415 0.1118 0.0538 0.2195 0.1102 0.1839 0.0735 0.1058 
        D919  2 0.4599 0.0569 0.1182 0.1404 0.0288 0.0617 0.0294 0.1046 
        D920  2 0.0376 0.0643 0.0407 0.0433 0.0781 0.6337 0.0696 0.0326 
        D923  2 0.1117 0.0376 0.6557 0.0702 0.0283 0.0414 0.0298 0.0252 
        D930  2 0.1869 0.0862 0.2647 0.1628 0.1241 0.0326 0.1031 0.0395 
        D931  2 0.2830 0.0780 0.3047 0.1018 0.0375 0.0387 0.0563 0.0999 
        D968  2 0.0220 0.0204 0.0300 0.0182 0.0178 0.0149 0.0162 0.8606 
        D969  2 0.0536 0.0581 0.2849 0.1290 0.0633 0.0455 0.0670 0.2987 
        D977  2 0.0460 0.0409 0.0370 0.1017 0.0233 0.0467 0.0225 0.6819 
        D978  2 0.0444 0.2398 0.0383 0.2427 0.0571 0.0354 0.0560 0.2864 
        D211  3 0.0507 0.0484 0.0818 0.0916 0.0859 0.5858 0.0302 0.0256 
     D229639  3 0.0349 0.0554 0.0807 0.0930 0.0927 0.0344 0.2365 0.3724 
     D237212  3 0.3187 0.0537 0.1056 0.1315 0.0964 0.1195 0.0390 0.1356 
     D237213  3 0.1227 0.0988 0.0512 0.1421 0.4163 0.1116 0.0211 0.0362 
     D237214  3 0.0166 0.0223 0.0278 0.0472 0.0146 0.8359 0.0227 0.0130 
     D237215  3 0.0195 0.1583 0.0186 0.0440 0.0505 0.0206 0.0832 0.6053 
     D237216  3 0.0482 0.0416 0.0388 0.6502 0.0905 0.0760 0.0255 0.0292 
     D237217  3 0.0275 0.0317 0.1030 0.3565 0.1715 0.2454 0.0199 0.0445 
     D237218  3 0.4157 0.0288 0.0865 0.1307 0.0492 0.0764 0.1082 0.1044 
     D237219  3 0.0249 0.0374 0.0336 0.1066 0.5768 0.0849 0.0963 0.0395 
     D237382  3 0.0369 0.5330 0.0874 0.0949 0.0768 0.0597 0.0726 0.0388 
     D244127  3 0.0443 0.0782 0.0331 0.1315 0.5162 0.0672 0.0203 0.1091 
     D244129  3 0.0875 0.1321 0.1368 0.1610 0.1480 0.1603 0.0650 0.1092 
     D244133  3 0.0148 0.1602 0.1036 0.1418 0.2084 0.1256 0.1289 0.1167 
     D244134  3 0.0331 0.0246 0.0359 0.0618 0.3673 0.0384 0.3561 0.0830 
     D244135  3 0.0303 0.0248 0.0447 0.0463 0.0407 0.7515 0.0159 0.0458 
     D244136  3 0.0353 0.1219 0.2144 0.1141 0.1110 0.0933 0.2124 0.0976 
        D416  3 0.0500 0.0567 0.1031 0.2022 0.3151 0.0937 0.0413 0.1378 
        D417  3 0.0340 0.0504 0.7178 0.0657 0.0295 0.0529 0.0333 0.0164 
        D419  3 0.0548 0.0387 0.1274 0.1773 0.2995 0.1052 0.0837 0.1134 
        D565  3 0.0170 0.0233 0.0367 0.0338 0.0418 0.0221 0.8039 0.0215 
        D566  3 0.0240 0.0722 0.0639 0.1035 0.0748 0.0321 0.4199 0.2097 
        D567  3 0.0639 0.0456 0.5508 0.0612 0.1397 0.0691 0.0263 0.0436 
        D568  3 0.2264 0.0404 0.1498 0.1082 0.1371 0.1871 0.0241 0.1269 
        D569  3 0.5499 0.0782 0.0237 0.1223 0.0341 0.0794 0.0475 0.0650 
        D573  3 0.0340 0.0262 0.1662 0.0727 0.0287 0.0355 0.0436 0.5931 
        D574  3 0.0424 0.1471 0.0509 0.1288 0.1030 0.0686 0.4026 0.0565 
        D575  3 0.0256 0.0245 0.0399 0.0536 0.6843 0.0576 0.0772 0.0373 
        D576  3 0.0219 0.1381 0.0085 0.0484 0.0324 0.0412 0.0287 0.6809 
        D577  3 0.0693 0.0511 0.4943 0.0865 0.0989 0.1276 0.0393 0.0331 
        D578  3 0.0149 0.0267 0.0164 0.0282 0.0214 0.8494 0.0181 0.0249 
        D579  3 0.1591 0.0456 0.2091 0.1224 0.0720 0.0797 0.2180 0.0941 
        D660  3 0.0796 0.1206 0.0272 0.1773 0.1348 0.0901 0.0218 0.3485 
        D661  3 0.1332 0.0418 0.0343 0.1368 0.0357 0.0990 0.0288 0.4904 
        D663  3 0.0498 0.0874 0.0449 0.1723 0.0196 0.0342 0.0398 0.5521 
        D664  3 0.0335 0.1373 0.0237 0.1517 0.2848 0.2022 0.0561 0.1107 
        D665  3 0.1000 0.3241 0.0207 0.2458 0.1422 0.1140 0.0141 0.0391 
        D666  3 0.0342 0.0320 0.0449 0.0567 0.7067 0.0337 0.0716 0.0202 
        D009  4 0.1961 0.0893 0.1278 0.1991 0.0867 0.2353 0.0401 0.0257 
        D057  4 0.5143 0.0260 0.0480 0.0424 0.0187 0.1968 0.0372 0.1167 
        D109  4 0.0406 0.0805 0.0404 0.1353 0.5458 0.0859 0.0462 0.0252 
     D237222  4 0.0382 0.0975 0.0556 0.0748 0.0784 0.5105 0.1107 0.0343 
     D237223  4 0.0741 0.1046 0.0617 0.1902 0.0995 0.2583 0.1356 0.0760 
     D237224  4 0.2763 0.0584 0.1221 0.1016 0.1036 0.0478 0.0475 0.2427 
     D237225  4 0.1107 0.0653 0.1417 0.3359 0.0677 0.1845 0.0580 0.0362 
     D237299  4 0.0520 0.3765 0.0223 0.2097 0.0400 0.2009 0.0627 0.0359 
     D237300  4 0.0406 0.0392 0.0208 0.1119 0.1021 0.0305 0.0663 0.5886 
     D237306  4 0.0588 0.1253 0.1163 0.1054 0.0506 0.0665 0.4455 0.0317 
     D237307  4 0.0324 0.0792 0.4198 0.1127 0.0750 0.0568 0.1754 0.0486 
     D237308  4 0.2219 0.0405 0.0522 0.1179 0.1048 0.0713 0.0706 0.3207 
     D237309  4 0.1095 0.0750 0.1959 0.2673 0.0868 0.1672 0.0322 0.0660 
     D237317  4 0.0438 0.0343 0.1855 0.2306 0.0582 0.0638 0.3461 0.0377 
     D237318  4 0.0175 0.0340 0.0267 0.0623 0.0244 0.0217 0.0611 0.7523 
     D237319  4 0.0484 0.2941 0.0877 0.1614 0.0830 0.1949 0.0678 0.0627 
     D237320  4 0.0329 0.0573 0.1131 0.1154 0.0488 0.4414 0.0398 0.1513 
     D237321  4 0.0336 0.0773 0.0604 0.0966 0.0899 0.0667 0.0934 0.4821 
     D237397  4 0.0486 0.0667 0.0886 0.1491 0.0719 0.2104 0.2045 0.1603 
     D237398  4 0.0732 0.0478 0.1133 0.2173 0.0243 0.0821 0.0555 0.3866 
     D237399  4 0.0649 0.1148 0.1091 0.1107 0.0529 0.1837 0.2665 0.0974 
     D244001  4 0.1019 0.0646 0.0410 0.1080 0.0557 0.5219 0.0310 0.0760 
        D289  4 0.3006 0.0357 0.0855 0.1140 0.0354 0.0846 0.2528 0.0914 
        D290  4 0.0386 0.6917 0.0723 0.0769 0.0193 0.0378 0.0302 0.0331 
        D294  4 0.2548 0.1651 0.1262 0.2302 0.0241 0.1064 0.0527 0.0404 
        D295  4 0.0932 0.1529 0.2612 0.1092 0.2332 0.0568 0.0547 0.0388 
        D301  4 0.0447 0.1337 0.0231 0.0638 0.0890 0.5112 0.0679 0.0665 
        D302  4 0.7550 0.0376 0.0680 0.0579 0.0179 0.0330 0.0176 0.0129 
        D303  4 0.0781 0.0932 0.0512 0.0601 0.0967 0.0422 0.5264 0.0522 
        D304  4 0.0627 0.3825 0.0984 0.1789 0.0361 0.0642 0.1032 0.0739 
        D305  4 0.3714 0.0359 0.0280 0.4001 0.0527 0.0383 0.0141 0.0597 
        D306  4 0.0257 0.7037 0.0380 0.1172 0.0284 0.0358 0.0317 0.0195 
        D307  4 0.0831 0.0363 0.0212 0.0528 0.0659 0.6198 0.0891 0.0318 
        D327  4 0.0517 0.0525 0.5905 0.0807 0.0308 0.0486 0.0944 0.0506 
        D328  4 0.5044 0.1731 0.0246 0.0786 0.0552 0.0288 0.1112 0.0240 
        D329  4 0.2605 0.1117 0.0755 0.2246 0.0813 0.0764 0.0533 0.1167 
        D330  4 0.0641 0.1152 0.2929 0.1407 0.1413 0.1838 0.0198 0.0421 
        D331  4 0.0504 0.3406 0.1818 0.1055 0.0981 0.0484 0.1107 0.0644 
        D333  4 0.2961 0.1028 0.0895 0.1297 0.1118 0.0892 0.0922 0.0887 
        D334  4 0.0784 0.0784 0.1088 0.0752 0.0325 0.0972 0.4989 0.0305 
        D335  4 0.5192 0.0555 0.2363 0.0745 0.0247 0.0295 0.0301 0.0302 
        D370  4 0.0668 0.3661 0.0486 0.0812 0.2983 0.0425 0.0601 0.0364 
        D371  4 0.0211 0.0335 0.1470 0.0390 0.0334 0.0215 0.6791 0.0256 
        D372  4 0.0266 0.2044 0.0172 0.2575 0.0460 0.0216 0.0694 0.3572 
        D373  4 0.1105 0.0235 0.0455 0.0867 0.0584 0.5526 0.0266 0.0962 
        D455  4 0.1174 0.0320 0.0361 0.0505 0.0458 0.6441 0.0333 0.0408 
        D490  4 0.0355 0.0272 0.0223 0.0247 0.0264 0.8320 0.0221 0.0097 
        D497  4 0.0868 0.0398 0.0218 0.0607 0.0637 0.6836 0.0204 0.0233 
        D498  4 0.0325 0.5189 0.0715 0.0746 0.0967 0.0450 0.1022 0.0586 
        D499  4 0.1886 0.1531 0.0386 0.1503 0.0786 0.0335 0.1843 0.1730 
        D514  4 0.1359 0.2282 0.3227 0.1468 0.0568 0.0563 0.0201 0.0332 
        D515  4 0.0528 0.2745 0.0648 0.1012 0.0382 0.4003 0.0348 0.0332 
        D516  4 0.0291 0.0749 0.1654 0.1363 0.3978 0.0842 0.0556 0.0566 
        D517  4 0.0483 0.0207 0.0686 0.1735 0.0951 0.5005 0.0267 0.0666 
        D518  4 0.5911 0.0287 0.0349 0.0450 0.0223 0.1657 0.0743 0.0381 
        D519  4 0.0404 0.0620 0.0895 0.1312 0.0337 0.5509 0.0294 0.0628 
        D560  4 0.1119 0.1181 0.1361 0.1528 0.0302 0.3241 0.0253 0.1016 
        D561  4 0.0659 0.0740 0.0963 0.2384 0.0323 0.4277 0.0191 0.0463 
        D562  4 0.1701 0.1820 0.0466 0.1906 0.0400 0.2436 0.0573 0.0698 
        D563  4 0.2352 0.0683 0.0397 0.1476 0.0424 0.0704 0.0210 0.3755 
        D572  4 0.7203 0.0530 0.0645 0.0395 0.0217 0.0539 0.0264 0.0208 
        D629  4 0.0820 0.0305 0.2448 0.1080 0.1429 0.3283 0.0296 0.0338 
        D630  4 0.1110 0.2608 0.1035 0.1223 0.0239 0.2684 0.0648 0.0454 
        D631  4 0.8021 0.0248 0.0205 0.0338 0.0162 0.0310 0.0237 0.0477 
        D632  4 0.1777 0.0358 0.0584 0.0660 0.1631 0.3513 0.0233 0.1244 
        D646  4 0.0604 0.0465 0.3008 0.1519 0.1139 0.2266 0.0322 0.0677 
        D647  4 0.0834 0.0816 0.4680 0.0878 0.0384 0.1573 0.0173 0.0661 
        D648  4 0.4561 0.3617 0.0196 0.0366 0.0305 0.0279 0.0446 0.0231 
        D649  4 0.2483 0.0373 0.2583 0.0957 0.2252 0.0835 0.0278 0.0238 
        D650  4 0.1811 0.0856 0.2175 0.1336 0.0696 0.1580 0.1203 0.0343 
        D708  4 0.3879 0.0752 0.0490 0.1353 0.0923 0.0680 0.1590 0.0334 
        D709  4 0.0422 0.6928 0.0339 0.0838 0.0804 0.0214 0.0264 0.0191 
        D738  4 0.0329 0.0507 0.1194 0.0786 0.0547 0.1345 0.5067 0.0225 
        D739  4 0.1109 0.2415 0.0376 0.1401 0.0696 0.3184 0.0453 0.0366 
        D740  4 0.1080 0.0635 0.0251 0.2592 0.2415 0.0598 0.1877 0.0552 
        D741  4 0.0557 0.0489 0.2148 0.3019 0.0446 0.1821 0.0178 0.1342 
        D742  4 0.1049 0.0746 0.0586 0.1704 0.0491 0.0872 0.1562 0.2990 
        D743  4 0.4519 0.0209 0.3298 0.0545 0.0202 0.0472 0.0278 0.0478 
        D744  4 0.7848 0.0317 0.0298 0.0404 0.0258 0.0376 0.0199 0.0300 
        D745  4 0.0426 0.0953 0.0434 0.1273 0.0471 0.5852 0.0262 0.0329 
        D814  4 0.1049 0.0744 0.0498 0.3436 0.0257 0.1335 0.0311 0.2371 
        D815  4 0.3360 0.2243 0.1660 0.0672 0.1027 0.0343 0.0369 0.0325 
        D828  4 0.0586 0.7258 0.0147 0.0405 0.0327 0.0258 0.0446 0.0573 
        D845  4 0.0514 0.0184 0.0399 0.0589 0.0319 0.0197 0.1404 0.6394 
        D846  4 0.4515 0.0377 0.1066 0.1276 0.0363 0.1327 0.0145 0.0930 
        D847  4 0.0670 0.1333 0.0966 0.1572 0.0506 0.3047 0.1249 0.0656 
        D848  4 0.0716 0.0249 0.0218 0.0537 0.0422 0.5831 0.0384 0.1644 
        D849  4 0.0697 0.1842 0.0473 0.2395 0.1389 0.2635 0.0233 0.0336 
        D850  4 0.0432 0.0266 0.1374 0.2093 0.0400 0.3858 0.0810 0.0768 
        D856  4 0.0537 0.3249 0.0588 0.2384 0.1745 0.0681 0.0500 0.0317 
        D857  4 0.0369 0.2347 0.0121 0.0495 0.5024 0.0540 0.0339 0.0764 
        D859  4 0.6814 0.0514 0.0634 0.0673 0.0292 0.0311 0.0308 0.0454 
        D860  4 0.0922 0.0281 0.1060 0.0695 0.0247 0.0340 0.5198 0.1257 
        D883  4 0.0863 0.0803 0.2189 0.1001 0.2127 0.1791 0.0844 0.0382 
        D884  4 0.1254 0.1270 0.1104 0.1519 0.1872 0.1873 0.0852 0.0254 
        D885  4 0.1762 0.0323 0.1952 0.3165 0.0691 0.0658 0.0438 0.1011 
        D886  4 0.0778 0.2469 0.1702 0.0856 0.1118 0.2259 0.0306 0.0512 
        D887  4 0.1893 0.1527 0.1181 0.1369 0.0752 0.0686 0.0844 0.1749 
        D889  4 0.1013 0.3343 0.0477 0.2746 0.0297 0.0339 0.0515 0.1270 
        D890  4 0.1351 0.1676 0.0500 0.1320 0.2971 0.0912 0.0796 0.0474 
        D891  4 0.0154 0.0141 0.0226 0.0623 0.0236 0.0154 0.0732 0.7734 
        D899  4 0.1216 0.0843 0.0433 0.0819 0.0390 0.0444 0.1183 0.4672 
        D900  4 0.1340 0.2290 0.1146 0.1712 0.0670 0.1183 0.0816 0.0844 
        D970  4 0.4239 0.0385 0.1599 0.1382 0.0629 0.0707 0.0519 0.0540 
        D971  4 0.1887 0.0644 0.1098 0.1291 0.0647 0.0326 0.0478 0.3629 
        D979  4 0.3810 0.0367 0.4038 0.0518 0.0322 0.0338 0.0320 0.0286 
        D093  5 0.0293 0.0471 0.0481 0.0312 0.0332 0.0278 0.7578 0.0256 
        D154  5 0.0675 0.1483 0.0386 0.3190 0.0875 0.0407 0.0555 0.2429 
        D168  5 0.0507 0.1019 0.0871 0.2126 0.1613 0.1311 0.0209 0.2343 
        D189  5 0.0363 0.2000 0.0463 0.0662 0.0306 0.0453 0.4897 0.0855 
        D190  5 0.0835 0.0432 0.0410 0.0630 0.0930 0.0230 0.6144 0.0389 
     D237220  5 0.1563 0.0769 0.0388 0.1785 0.0954 0.2311 0.1929 0.0301 
     D237221  5 0.0956 0.0549 0.0889 0.1187 0.1160 0.0425 0.3386 0.1447 
     D237274  5 0.1396 0.0560 0.5542 0.0868 0.0477 0.0454 0.0175 0.0527 
     D237275  5 0.0206 0.2382 0.0202 0.0606 0.0421 0.0215 0.0260 0.5709 
     D237276  5 0.0567 0.1843 0.1124 0.1086 0.2377 0.0961 0.1634 0.0409 
     D237277  5 0.0943 0.0416 0.0371 0.0492 0.1059 0.0202 0.5857 0.0660 
     D237278  5 0.0863 0.0957 0.0508 0.1115 0.1148 0.0779 0.2195 0.2435 
     D237279  5 0.0856 0.0403 0.0457 0.4431 0.1986 0.1314 0.0271 0.0282 
     D237280  5 0.0331 0.0248 0.0543 0.0414 0.7662 0.0285 0.0369 0.0148 
     D237281  5 0.0342 0.0282 0.0519 0.0552 0.0246 0.0178 0.0590 0.7290 
     D237351  5 0.0187 0.0240 0.0210 0.0278 0.8263 0.0231 0.0418 0.0175 
     D237352  5 0.2565 0.0655 0.0889 0.0918 0.0610 0.3313 0.0609 0.0440 
     D237353  5 0.0448 0.0235 0.0235 0.0335 0.2335 0.0141 0.6007 0.0263 
     D237359  5 0.1312 0.0983 0.0633 0.2045 0.0924 0.2155 0.1313 0.0634 
     D237361  5 0.0205 0.0335 0.0276 0.0317 0.0577 0.0180 0.7896 0.0215 
     D237362  5 0.0603 0.0603 0.1458 0.1347 0.3744 0.0614 0.1024 0.0608 
     D237363  5 0.0250 0.0502 0.0460 0.6351 0.0748 0.0473 0.0409 0.0807 
     D237364  5 0.2128 0.1331 0.1150 0.1855 0.0458 0.1336 0.0208 0.1533 
     D237376  5 0.0818 0.7149 0.0156 0.0314 0.0176 0.0200 0.0760 0.0426 
     D237377  5 0.0606 0.0248 0.0988 0.1491 0.4596 0.0366 0.1390 0.0316 
     D237378  5 0.1322 0.1172 0.0251 0.0671 0.0463 0.0486 0.4783 0.0852 
     D237379  5 0.3511 0.1600 0.0341 0.0854 0.0213 0.0531 0.2607 0.0343 
     D237380  5 0.0853 0.2649 0.0301 0.0616 0.4423 0.0396 0.0575 0.0188 
     D237381  5 0.1237 0.0991 0.0549 0.1264 0.2686 0.2125 0.0536 0.0611 
     D237391  5 0.0244 0.0195 0.0269 0.0263 0.0254 0.0248 0.8308 0.0217 
     D237392  5 0.0664 0.1389 0.3651 0.0886 0.0728 0.0652 0.0298 0.1732 
     D237393  5 0.0404 0.0500 0.2941 0.0824 0.2269 0.0483 0.1999 0.0579 
     D237394  5 0.0321 0.0186 0.0290 0.0321 0.0874 0.0222 0.7635 0.0151 
     D237395  5 0.0234 0.2770 0.0402 0.0896 0.1002 0.0762 0.3149 0.0783 
     D237396  5 0.0520 0.0193 0.3120 0.1689 0.0643 0.1021 0.2141 0.0673 
     D244016  5 0.2087 0.0847 0.0374 0.2474 0.1481 0.0285 0.1838 0.0615 
     D244018  5 0.0451 0.0331 0.1101 0.1459 0.0489 0.0794 0.2583 0.2791 
     D244019  5 0.0992 0.1422 0.1080 0.2901 0.1603 0.0295 0.0485 0.1222 
        D279  5 0.2160 0.0451 0.0560 0.2516 0.1246 0.0424 0.1193 0.1450 
        D280  5 0.0362 0.0894 0.1285 0.2461 0.1506 0.0963 0.1587 0.0941 
        D281  5 0.0445 0.0827 0.0347 0.1335 0.0242 0.0204 0.1402 0.5199 
        D283  5 0.0509 0.0287 0.2071 0.1314 0.1407 0.0301 0.3419 0.0691 
        D284  5 0.0504 0.3542 0.0609 0.1505 0.0571 0.2395 0.0405 0.0468 
        D285  5 0.0720 0.0770 0.0890 0.1037 0.0577 0.0396 0.5221 0.0390 
        D286  5 0.1567 0.2297 0.0959 0.1067 0.0561 0.0825 0.2335 0.0388 
        D287  5 0.0834 0.6598 0.0160 0.0421 0.0363 0.0423 0.0960 0.0240 
        D288  5 0.0271 0.0404 0.2665 0.2363 0.2593 0.0362 0.0484 0.0857 
        D308  5 0.0225 0.0291 0.0922 0.0396 0.7310 0.0278 0.0330 0.0247 
        D309  5 0.7751 0.0243 0.0364 0.0624 0.0240 0.0411 0.0220 0.0147 
        D310  5 0.0234 0.0489 0.0215 0.1956 0.0360 0.0171 0.6401 0.0174 
        D311  5 0.2087 0.1597 0.1639 0.1870 0.0922 0.0464 0.1078 0.0343 
        D312  5 0.2092 0.2024 0.1114 0.1141 0.0905 0.0983 0.1317 0.0425 
        D313  5 0.0152 0.0218 0.0164 0.0354 0.5393 0.3273 0.0320 0.0127 
        D314  5 0.1352 0.1613 0.0399 0.2255 0.2021 0.0668 0.0703 0.0989 
        D315  5 0.0501 0.1221 0.1781 0.1042 0.1682 0.0773 0.2514 0.0485 
        D317  5 0.0203 0.0519 0.0515 0.0406 0.0282 0.0304 0.7547 0.0223 
        D318  5 0.1409 0.1423 0.0883 0.2001 0.0620 0.2012 0.0783 0.0870 
        D319  5 0.0260 0.0475 0.0283 0.0500 0.0716 0.0191 0.7329 0.0246 
        D320  5 0.0803 0.0691 0.0339 0.0628 0.0792 0.0446 0.6081 0.0219 
        D321  5 0.0186 0.0174 0.0463 0.0429 0.7384 0.0197 0.0753 0.0414 
        D336  5 0.0488 0.2833 0.0317 0.0603 0.0230 0.0223 0.5118 0.0189 
        D337  5 0.0304 0.0254 0.0379 0.0403 0.0161 0.0149 0.8056 0.0293 
        D338  5 0.1075 0.0760 0.2140 0.1651 0.0582 0.0530 0.2345 0.0915 
        D339  5 0.0252 0.0641 0.0555 0.1312 0.0922 0.0357 0.5411 0.0549 
        D347  5 0.0666 0.5077 0.1306 0.0991 0.0270 0.0312 0.0463 0.0915 
        D348  5 0.1258 0.0537 0.0378 0.0730 0.0267 0.0260 0.6265 0.0305 
        D349  5 0.0167 0.0160 0.0139 0.0142 0.8869 0.0106 0.0269 0.0149 
        D350  5 0.8201 0.0191 0.0253 0.0423 0.0235 0.0244 0.0226 0.0226 
        D355  5 0.0728 0.1329 0.1229 0.3686 0.0336 0.0199 0.0308 0.2185 
        D356  5 0.0491 0.1369 0.2305 0.0951 0.0545 0.1404 0.2613 0.0323 
        D357  5 0.0478 0.4839 0.0559 0.1947 0.0711 0.0481 0.0533 0.0451 
        D358  5 0.1237 0.1033 0.0487 0.1318 0.0517 0.0729 0.4160 0.0519 
        D359  5 0.1149 0.0260 0.2505 0.1470 0.0615 0.0290 0.3492 0.0218 
        D360  5 0.0426 0.1215 0.1149 0.0559 0.0476 0.1408 0.4497 0.0270 
        D361  5 0.0159 0.0222 0.0246 0.0243 0.8523 0.0209 0.0204 0.0194 
        D366  5 0.0244 0.0268 0.6156 0.0580 0.0226 0.0406 0.0255 0.1864 
        D367  5 0.1461 0.1237 0.0288 0.1643 0.0903 0.0333 0.3922 0.0214 
        D368  5 0.0410 0.0504 0.0853 0.1851 0.4681 0.0370 0.1049 0.0281 
        D380  5 0.4801 0.0434 0.0557 0.1810 0.0704 0.0805 0.0411 0.0478 
        D381  5 0.0722 0.0262 0.0723 0.2191 0.0550 0.0232 0.4905 0.0414 
        D400  5 0.1737 0.2010 0.0998 0.1409 0.0416 0.0448 0.1836 0.1145 
        D411  5 0.0282 0.1472 0.0234 0.0454 0.0480 0.6679 0.0164 0.0236 
        D412  5 0.0450 0.1249 0.0926 0.3476 0.1089 0.0763 0.0715 0.1332 
        D413  5 0.0838 0.0413 0.1055 0.0898 0.0394 0.0891 0.0304 0.5209 
        D414  5 0.7232 0.0678 0.0245 0.0494 0.0224 0.0198 0.0192 0.0736 
        D420  5 0.0237 0.2622 0.0312 0.1459 0.0544 0.3434 0.0706 0.0685 
        D431  5 0.1131 0.3304 0.0198 0.1439 0.2317 0.0480 0.0449 0.0682 
        D432  5 0.0426 0.0480 0.0855 0.1147 0.0553 0.0772 0.5101 0.0667 
        D433  5 0.0383 0.0693 0.0703 0.0748 0.2229 0.0206 0.4421 0.0618 
        D434  5 0.0606 0.0859 0.1427 0.1495 0.1637 0.0543 0.3036 0.0397 
        D440  5 0.7985 0.0348 0.0247 0.0542 0.0269 0.0211 0.0233 0.0165 
        D447  5 0.1166 0.0725 0.2593 0.2346 0.0242 0.2033 0.0263 0.0631 
        D448  5 0.0496 0.3285 0.0788 0.1279 0.0500 0.0272 0.2788 0.0593 
        D459  5 0.0757 0.0322 0.0940 0.0675 0.0190 0.0294 0.0371 0.6450 
        D460  5 0.0208 0.0150 0.0388 0.0252 0.8281 0.0180 0.0346 0.0196 
        D461  5 0.8006 0.0180 0.0704 0.0286 0.0280 0.0186 0.0195 0.0163 
        D468  5 0.0404 0.2274 0.1913 0.1380 0.1772 0.0644 0.1204 0.0409 
        D469  5 0.0812 0.0523 0.4881 0.0790 0.1262 0.0644 0.0819 0.0269 
        D470  5 0.0999 0.2135 0.0818 0.1773 0.1163 0.2123 0.0639 0.0351 
        D471  5 0.0435 0.2378 0.0712 0.0716 0.0415 0.0177 0.4629 0.0537 
        D472  5 0.0237 0.0157 0.6687 0.0509 0.0281 0.0263 0.0295 0.1570 
        D479  5 0.1485 0.0932 0.0363 0.0725 0.0360 0.0281 0.0189 0.5664 
        D485  5 0.1289 0.6597 0.0272 0.0508 0.0207 0.0477 0.0325 0.0324 
        D486  5 0.0438 0.4923 0.1032 0.1030 0.0779 0.0987 0.0483 0.0329 
        D487  5 0.2237 0.0790 0.0383 0.1345 0.0588 0.0490 0.2403 0.1763 
        D555  5 0.0212 0.0426 0.0277 0.0297 0.0233 0.0196 0.7768 0.0591 
        D556  5 0.2573 0.0829 0.0470 0.1037 0.3152 0.0468 0.0798 0.0672 
        D557  5 0.0560 0.0348 0.0372 0.0410 0.1069 0.0183 0.6683 0.0375 
        D564  5 0.3308 0.0722 0.0446 0.0915 0.1600 0.0515 0.2192 0.0302 
        D594  5 0.0610 0.2280 0.2115 0.2775 0.0643 0.0378 0.0440 0.0758 
        D595  5 0.0816 0.1029 0.2132 0.1094 0.0700 0.0588 0.2660 0.0981 
        D596  5 0.0218 0.0506 0.0350 0.0306 0.0663 0.0236 0.7462 0.0260 
        D597  5 0.1299 0.0319 0.1144 0.0888 0.0624 0.0376 0.2934 0.2416 
        D598  5 0.0797 0.0806 0.0884 0.0737 0.0753 0.1420 0.4105 0.0498 
        D617  5 0.0283 0.1239 0.0325 0.1098 0.0781 0.4904 0.0160 0.1210 
        D618  5 0.0841 0.0367 0.0600 0.0722 0.0982 0.0349 0.5428 0.0711 
        D619  5 0.0374 0.1645 0.1627 0.0974 0.3753 0.0235 0.0860 0.0533 
        D620  5 0.0231 0.0169 0.0646 0.0246 0.0305 0.0243 0.0401 0.7759 
        D628  5 0.4789 0.1912 0.0355 0.0665 0.0336 0.0818 0.0818 0.0305 
        D714  5 0.2978 0.1351 0.0235 0.1179 0.0639 0.0414 0.1995 0.1209 
        D715  5 0.0499 0.0255 0.0722 0.0522 0.0777 0.0227 0.6322 0.0677 
        D716  5 0.1083 0.4397 0.0733 0.1524 0.0296 0.0530 0.0431 0.1006 
        D717  5 0.1246 0.0584 0.2819 0.1148 0.0886 0.1040 0.1904 0.0374 
        D718  5 0.0205 0.7593 0.0257 0.0684 0.0256 0.0367 0.0411 0.0227 
        D769  5 0.0548 0.1513 0.0401 0.0888 0.0351 0.5238 0.0288 0.0774 
        D770  5 0.2310 0.1835 0.0637 0.1476 0.0516 0.0364 0.1108 0.1755 
        D771  5 0.0467 0.2950 0.0465 0.1449 0.0723 0.1072 0.0729 0.2145 
        D772  5 0.5941 0.0603 0.0344 0.0531 0.0911 0.0495 0.0882 0.0293 
        D782  5 0.0311 0.0510 0.0507 0.4153 0.1353 0.0607 0.0585 0.1974 
        D783  5 0.4094 0.0609 0.0246 0.1285 0.0445 0.0429 0.1141 0.1751 
        D784  5 0.4098 0.0289 0.2167 0.0941 0.0523 0.0530 0.1068 0.0384 
        D785  5 0.1203 0.0458 0.0297 0.0549 0.3534 0.0340 0.3392 0.0227 
        D786  5 0.1158 0.1937 0.1419 0.0648 0.0700 0.3497 0.0194 0.0448 
        D821  5 0.0372 0.0184 0.0132 0.0184 0.0245 0.0117 0.8611 0.0156 
        D822  5 0.1446 0.1325 0.2398 0.2158 0.0776 0.0267 0.0909 0.0721 
        D826  5 0.0704 0.0785 0.0607 0.1022 0.1273 0.0287 0.3657 0.1666 
        D827  5 0.0855 0.0706 0.3016 0.2587 0.0260 0.1497 0.0373 0.0705 
        D851  5 0.1085 0.1018 0.0723 0.3650 0.0769 0.0775 0.1490 0.0491 
        D852  5 0.4341 0.0322 0.0293 0.0925 0.1083 0.0312 0.1681 0.1043 
        D853  5 0.0586 0.2313 0.0909 0.1218 0.0812 0.0682 0.2824 0.0656 
        D854  5 0.0721 0.3760 0.0775 0.1765 0.0896 0.0512 0.0209 0.1363 
        D861  5 0.0672 0.1121 0.0753 0.2880 0.0962 0.0700 0.1383 0.1529 
        D862  5 0.0675 0.1179 0.2749 0.1561 0.1456 0.0510 0.1563 0.0308 
        D865  5 0.0583 0.0826 0.0340 0.0662 0.1532 0.0427 0.5090 0.0541 
        D868  5 0.0420 0.0278 0.6666 0.0397 0.0414 0.0499 0.0973 0.0353 
        D869  5 0.0145 0.0688 0.0581 0.0466 0.1024 0.6485 0.0323 0.0289 
        D870  5 0.0295 0.0621 0.0477 0.3941 0.0273 0.3680 0.0171 0.0541 
        D907  5 0.0277 0.0948 0.0396 0.1126 0.0844 0.0597 0.5524 0.0287 
        D908  5 0.1955 0.0576 0.0300 0.0777 0.1951 0.0264 0.1826 0.2351 
        D910  5 0.0750 0.1245 0.0981 0.1151 0.0602 0.0309 0.2798 0.2165 
        D911  5 0.0383 0.0724 0.0974 0.3539 0.0231 0.0255 0.0542 0.3353 
        D934  5 0.3636 0.0931 0.0360 0.1674 0.1034 0.0334 0.0409 0.1623 
        D946  5 0.3873 0.1189 0.0220 0.1104 0.1981 0.0342 0.0422 0.0868 
        D947  5 0.3115 0.1679 0.1325 0.1470 0.0920 0.0597 0.0471 0.0423 
