        D174  1 0.1586 0.4824 0.3590 
        D199  1 0.4865 0.3810 0.1324 
        D203  1 0.5006 0.1505 0.3489 
        D204  1 0.8906 0.0427 0.0666 
     D237366  1 0.2320 0.1579 0.6101 
     D237367  1 0.5692 0.0829 0.3480 
     D237368  1 0.3099 0.1328 0.5573 
     D244101  1 0.9028 0.0591 0.0381 
     D244102  1 0.1976 0.3760 0.4264 
     D244103  1 0.5146 0.0773 0.4081 
     D244104  1 0.5729 0.3286 0.0985 
     D244105  1 0.1107 0.0505 0.8387 
     D244106  1 0.1356 0.7463 0.1181 
     D244107  1 0.4893 0.0406 0.4701 
     D244108  1 0.1954 0.5024 0.3022 
     D244113  1 0.0727 0.8045 0.1228 
     D244114  1 0.3140 0.3518 0.3342 
     D244115  1 0.1716 0.5306 0.2979 
     D267365  1 0.2404 0.6423 0.1173 
        D404  1 0.1245 0.7016 0.1739 
        D405  1 0.2343 0.4883 0.2774 
        D406  1 0.0778 0.0447 0.8776 
        D407  1 0.7751 0.0482 0.1766 
        D408  1 0.0715 0.8706 0.0579 
        D409  1 0.5091 0.1186 0.3723 
        D410  1 0.0886 0.0470 0.8645 
        D421  1 0.8968 0.0558 0.0475 
        D422  1 0.1375 0.0329 0.8296 
        D423  1 0.1913 0.0288 0.7798 
        D424  1 0.6241 0.0763 0.2996 
        D425  1 0.4397 0.4182 0.1421 
        D426  1 0.5115 0.1342 0.3543 
        D427  1 0.6729 0.2468 0.0802 
        D428  1 0.5011 0.2252 0.2737 
        D429  1 0.3048 0.4918 0.2034 
        D430  1 0.3015 0.4762 0.2223 
        D491  1 0.1084 0.8245 0.0671 
        D492  1 0.4655 0.2309 0.3036 
        D537  1 0.7575 0.0574 0.1851 
        D538  1 0.2255 0.2094 0.5651 
        D539  1 0.0707 0.6855 0.2438 
        D540  1 0.3671 0.2625 0.3704 
        D541  1 0.8702 0.0465 0.0833 
        D551  1 0.3921 0.2547 0.3532 
        D552  1 0.2252 0.3623 0.4125 
        D553  1 0.8441 0.0693 0.0866 
        D615  1 0.3425 0.2613 0.3963 
        D616  1 0.3981 0.2247 0.3771 
        D621  1 0.0998 0.2069 0.6933 
        D622  1 0.1133 0.0816 0.8051 
        D623  1 0.2967 0.5735 0.1298 
        D624  1 0.0950 0.7643 0.1407 
        D625  1 0.6408 0.1312 0.2281 
        D626  1 0.1305 0.5912 0.2782 
        D627  1 0.5235 0.1385 0.3380 
        D690  1 0.5669 0.1993 0.2337 
        D691  1 0.1692 0.0602 0.7706 
        D710  1 0.5621 0.2809 0.1569 
        D711  1 0.6900 0.1266 0.1834 
        D712  1 0.0640 0.8367 0.0992 
        D713  1 0.3145 0.3947 0.2908 
        D746  1 0.1105 0.0451 0.8444 
        D747  1 0.8735 0.0649 0.0616 
        D748  1 0.4186 0.0784 0.5030 
        D749  1 0.0857 0.1723 0.7421 
        D750  1 0.2257 0.6012 0.1731 
        D763  1 0.6133 0.1998 0.1869 
        D764  1 0.3917 0.3104 0.2980 
        D765  1 0.0526 0.1812 0.7662 
        D766  1 0.3611 0.0879 0.5510 
        D767  1 0.4024 0.0995 0.4981 
        D768  1 0.8832 0.0365 0.0803 
        D811  1 0.0889 0.7022 0.2089 
        D816  1 0.6503 0.2308 0.1189 
        D825  1 0.1419 0.5044 0.3537 
        D866  1 0.1121 0.7740 0.1138 
        D867  1 0.0874 0.0520 0.8606 
        D871  1 0.5349 0.1045 0.3606 
        D872  1 0.4531 0.0999 0.4470 
        D873  1 0.0279 0.0280 0.9441 
        D874  1 0.5307 0.4090 0.0602 
        D875  1 0.4103 0.0417 0.5479 
        D876  1 0.4564 0.2638 0.2798 
        D877  1 0.2251 0.6498 0.1251 
        D892  1 0.3277 0.2257 0.4466 
        D893  1 0.6086 0.1232 0.2683 
        D894  1 0.4955 0.2647 0.2398 
        D915  1 0.5328 0.1186 0.3486 
        D916  1 0.7704 0.0811 0.1486 
        D917  1 0.4050 0.4916 0.1034 
        D925  1 0.0820 0.1275 0.7905 
        D926  1 0.4743 0.2714 0.2543 
        D927  1 0.6611 0.2265 0.1124 
        D928  1 0.1614 0.7724 0.0662 
        D929  1 0.2232 0.3169 0.4598 
        D936  1 0.6992 0.2046 0.0963 
        D938  1 0.0602 0.0433 0.8964 
        D956  1 0.0571 0.8010 0.1418 
        D957  1 0.2996 0.1073 0.5931 
        D958  1 0.4345 0.1588 0.4067 
        D959  1 0.7948 0.0366 0.1686 
        D960  1 0.0513 0.0588 0.8899 
        D989  1 0.0999 0.8416 0.0585 
        D990  1 0.0454 0.1341 0.8205 
        D023  2 0.3302 0.0372 0.6326 
        D130  2 0.0967 0.0268 0.8766 
        D131  2 0.6932 0.1163 0.1904 
        D163  2 0.1279 0.0741 0.7980 
        D164  2 0.3008 0.0324 0.6668 
        D165  2 0.2349 0.0441 0.7209 
        D166  2 0.1860 0.2156 0.5984 
        D167  2 0.3704 0.3737 0.2559 
        D192  2 0.3839 0.3273 0.2888 
        D193  2 0.0800 0.6581 0.2619 
        D206  2 0.6349 0.0815 0.2836 
        D207  2 0.6021 0.2180 0.1799 
        D208  2 0.0794 0.8340 0.0865 
        D209  2 0.4331 0.1871 0.3797 
        D210  2 0.2322 0.6698 0.0980 
     D229599  2 0.3201 0.4515 0.2285 
     D229600  2 0.1915 0.0682 0.7403 
     D237227  2 0.0889 0.7584 0.1527 
     D237228  2 0.0738 0.4768 0.4494 
     D237258  2 0.2358 0.4284 0.3358 
     D237310  2 0.0544 0.1385 0.8071 
     D237311  2 0.0910 0.1114 0.7976 
     D237312  2 0.1024 0.1836 0.7139 
     D237313  2 0.2693 0.3885 0.3422 
     D237322  2 0.1253 0.6383 0.2364 
     D237323  2 0.0548 0.2583 0.6869 
     D237324  2 0.3234 0.0668 0.6098 
     D237325  2 0.1550 0.1731 0.6719 
     D237326  2 0.3270 0.1197 0.5533 
     D237327  2 0.4326 0.3458 0.2217 
     D237337  2 0.0866 0.1035 0.8099 
     D237338  2 0.2192 0.3202 0.4606 
     D237339  2 0.8741 0.0644 0.0614 
     D237340  2 0.1335 0.4422 0.4243 
     D237389  2 0.0763 0.0620 0.8618 
     D237390  2 0.1758 0.2888 0.5355 
     D244017  2 0.0897 0.7238 0.1864 
     D244112  2 0.2160 0.1974 0.5866 
     D244118  2 0.1363 0.0895 0.7742 
     D244119  2 0.1275 0.7915 0.0810 
     D244120  2 0.0799 0.6614 0.2588 
     D244122  2 0.3012 0.3478 0.3511 
        D291  2 0.2360 0.4974 0.2666 
        D292  2 0.2903 0.5757 0.1340 
        D293  2 0.9586 0.0204 0.0210 
        D322  2 0.8893 0.0429 0.0678 
        D323  2 0.5361 0.2839 0.1801 
        D324  2 0.5313 0.2827 0.1860 
        D325  2 0.9418 0.0263 0.0319 
        D326  2 0.8843 0.0732 0.0424 
        D340  2 0.9131 0.0325 0.0544 
        D341  2 0.7472 0.1191 0.1337 
        D342  2 0.2218 0.1478 0.6304 
        D343  2 0.9573 0.0201 0.0226 
        D344  2 0.6279 0.1128 0.2593 
        D345  2 0.4004 0.2290 0.3706 
        D346  2 0.2014 0.7121 0.0865 
        D351  2 0.7763 0.0737 0.1500 
        D352  2 0.5506 0.2429 0.2065 
        D353  2 0.8426 0.0785 0.0789 
        D354  2 0.3735 0.3865 0.2400 
        D362  2 0.6038 0.1923 0.2039 
        D363  2 0.5766 0.3126 0.1108 
        D364  2 0.5442 0.2204 0.2354 
        D365  2 0.9472 0.0307 0.0221 
        D369  2 0.4994 0.3388 0.1618 
        D374  2 0.0461 0.8331 0.1208 
        D375  2 0.4275 0.2029 0.3697 
        D376  2 0.0434 0.8081 0.1485 
        D377  2 0.1891 0.4085 0.4025 
        D378  2 0.8708 0.0614 0.0678 
        D379  2 0.8117 0.0896 0.0987 
        D384  2 0.8621 0.0831 0.0548 
        D385  2 0.8555 0.0818 0.0627 
        D386  2 0.7986 0.0722 0.1292 
        D391  2 0.9345 0.0342 0.0313 
        D392  2 0.6703 0.1312 0.1985 
        D393  2 0.8380 0.0777 0.0843 
        D394  2 0.2938 0.1453 0.5609 
        D395  2 0.8088 0.0952 0.0961 
        D401  2 0.0635 0.0905 0.8461 
        D402  2 0.8622 0.0692 0.0685 
        D403  2 0.4050 0.0860 0.5090 
        D415  2 0.7595 0.0345 0.2061 
        D435  2 0.8638 0.0424 0.0938 
        D436  2 0.6643 0.1689 0.1668 
        D438  2 0.8790 0.0557 0.0653 
        D439  2 0.7515 0.0711 0.1774 
        D449  2 0.7543 0.0509 0.1948 
        D450  2 0.2210 0.5355 0.2435 
        D456  2 0.8896 0.0424 0.0680 
        D462  2 0.9413 0.0272 0.0315 
        D463  2 0.8977 0.0594 0.0429 
        D464  2 0.7754 0.1269 0.0977 
        D465  2 0.8601 0.0503 0.0896 
        D473  2 0.1116 0.6442 0.2442 
        D474  2 0.5509 0.3212 0.1279 
        D476  2 0.4055 0.0435 0.5511 
        D477  2 0.5148 0.3577 0.1276 
        D478  2 0.2507 0.3660 0.3832 
        D480  2 0.7673 0.1811 0.0517 
        D481  2 0.4567 0.3039 0.2394 
        D482  2 0.0904 0.7146 0.1949 
        D483  2 0.4320 0.3552 0.2128 
        D484  2 0.4156 0.3644 0.2200 
        D510  2 0.0525 0.8890 0.0585 
        D511  2 0.8624 0.0602 0.0773 
        D512  2 0.1941 0.0583 0.7476 
        D513  2 0.7598 0.1285 0.1117 
        D635  2 0.6058 0.0836 0.3107 
        D636  2 0.0705 0.0467 0.8827 
        D637  2 0.4341 0.3719 0.1939 
        D658  2 0.3567 0.4105 0.2328 
        D659  2 0.8215 0.1037 0.0748 
        D677  2 0.4757 0.1254 0.3989 
        D678  2 0.2442 0.2762 0.4796 
        D679  2 0.7386 0.1578 0.1036 
        D719  2 0.4790 0.4775 0.0435 
        D720  2 0.7429 0.1447 0.1124 
        D721  2 0.4339 0.0656 0.5005 
        D722  2 0.0745 0.7898 0.1357 
        D734  2 0.2972 0.6585 0.0443 
        D735  2 0.5434 0.1822 0.2743 
        D736  2 0.1770 0.7172 0.1058 
        D737  2 0.1820 0.4668 0.3512 
        D807  2 0.2635 0.6075 0.1290 
        D808  2 0.3148 0.0952 0.5900 
        D817  2 0.4651 0.3570 0.1779 
        D818  2 0.7068 0.1204 0.1728 
        D819  2 0.4418 0.2272 0.3310 
        D820  2 0.9123 0.0493 0.0384 
        D895  2 0.6405 0.1250 0.2345 
        D896  2 0.0493 0.0671 0.8836 
        D897  2 0.3921 0.1852 0.4227 
        D898  2 0.1256 0.5502 0.3242 
        D918  2 0.2876 0.2064 0.5060 
        D919  2 0.8115 0.0879 0.1005 
        D920  2 0.0398 0.0497 0.9104 
        D923  2 0.8367 0.0693 0.0941 
        D930  2 0.5967 0.2393 0.1640 
        D931  2 0.6450 0.2259 0.1291 
        D968  2 0.8890 0.0626 0.0484 
        D969  2 0.5921 0.2924 0.1155 
        D977  2 0.7745 0.0782 0.1473 
        D978  2 0.3075 0.4494 0.2431 
        D211  3 0.1667 0.0854 0.7479 
     D229639  3 0.0628 0.8800 0.0572 
     D237212  3 0.5170 0.2527 0.2303 
     D237213  3 0.3483 0.1168 0.5349 
     D237214  3 0.2041 0.0571 0.7388 
     D237215  3 0.0841 0.8124 0.1035 
     D237216  3 0.2491 0.1132 0.6376 
     D237217  3 0.2426 0.0546 0.7028 
     D237218  3 0.5111 0.2689 0.2200 
     D237219  3 0.0614 0.4974 0.4412 
     D237382  3 0.3272 0.1906 0.4822 
     D244127  3 0.1197 0.0897 0.7906 
     D244129  3 0.4803 0.1571 0.3626 
     D244133  3 0.2037 0.5600 0.2363 
     D244134  3 0.0703 0.8306 0.0991 
     D244135  3 0.2796 0.0555 0.6649 
     D244136  3 0.3115 0.5209 0.1676 
        D416  3 0.4534 0.1867 0.3599 
        D417  3 0.6567 0.0629 0.2803 
        D419  3 0.2552 0.4122 0.3326 
        D565  3 0.0820 0.8715 0.0464 
        D566  3 0.0942 0.8437 0.0621 
        D567  3 0.6483 0.1015 0.2503 
        D568  3 0.5379 0.0771 0.3849 
        D569  3 0.5779 0.1443 0.2779 
        D573  3 0.7977 0.1349 0.0675 
        D574  3 0.0929 0.7600 0.1471 
        D575  3 0.2646 0.4404 0.2950 
        D576  3 0.0963 0.7029 0.2008 
        D577  3 0.5806 0.1754 0.2440 
        D578  3 0.0584 0.0339 0.9077 
        D579  3 0.4537 0.4154 0.1309 
        D660  3 0.2590 0.2223 0.5187 
        D661  3 0.2696 0.4179 0.3125 
        D663  3 0.4074 0.4883 0.1044 
        D664  3 0.0945 0.3275 0.5781 
        D665  3 0.1590 0.0664 0.7745 
        D666  3 0.1393 0.5010 0.3596 
        D009  4 0.2669 0.0900 0.6431 
        D057  4 0.4214 0.1980 0.3806 
        D109  4 0.1008 0.1123 0.7868 
     D237222  4 0.0678 0.1298 0.8024 
     D237223  4 0.2546 0.1292 0.6162 
     D237224  4 0.5193 0.3356 0.1451 
     D237225  4 0.4028 0.1291 0.4681 
     D237299  4 0.1595 0.1346 0.7059 
     D237300  4 0.0462 0.8996 0.0542 
     D237306  4 0.2607 0.5140 0.2253 
     D237307  4 0.3738 0.4448 0.1814 
     D237308  4 0.4823 0.2692 0.2485 
     D237309  4 0.3189 0.1487 0.5324 
     D237317  4 0.2463 0.5789 0.1748 
     D237318  4 0.1101 0.8330 0.0569 
     D237319  4 0.1955 0.1689 0.6357 
     D237320  4 0.3396 0.1768 0.4836 
     D237321  4 0.1017 0.7727 0.1256 
     D237397  4 0.2562 0.3964 0.3474 
     D237398  4 0.5016 0.3276 0.1708 
     D237399  4 0.2389 0.5406 0.2205 
     D244001  4 0.1029 0.0584 0.8388 
        D289  4 0.5008 0.3757 0.1234 
        D290  4 0.2612 0.3067 0.4321 
        D294  4 0.4192 0.2576 0.3232 
        D295  4 0.3938 0.2433 0.3629 
        D301  4 0.0425 0.1353 0.8222 
        D302  4 0.7673 0.0867 0.1460 
        D303  4 0.1076 0.7461 0.1463 
        D304  4 0.1391 0.6516 0.2093 
        D305  4 0.3432 0.1117 0.5452 
        D306  4 0.1874 0.3643 0.4482 
        D307  4 0.0404 0.1313 0.8283 
        D327  4 0.7086 0.1783 0.1131 
        D328  4 0.1267 0.6921 0.1812 
        D329  4 0.3100 0.2449 0.4451 
        D330  4 0.6014 0.0463 0.3523 
        D331  4 0.2063 0.4820 0.3117 
        D333  4 0.2587 0.4025 0.3388 
        D334  4 0.2084 0.5700 0.2215 
        D335  4 0.8248 0.0779 0.0973 
        D370  4 0.1075 0.5150 0.3775 
        D371  4 0.1776 0.7589 0.0635 
        D372  4 0.0446 0.8103 0.1451 
        D373  4 0.1319 0.0892 0.7789 
        D455  4 0.0837 0.0726 0.8437 
        D490  4 0.0363 0.0405 0.9232 
        D497  4 0.0454 0.0679 0.8867 
        D498  4 0.1204 0.5457 0.3338 
        D499  4 0.2869 0.5664 0.1466 
        D514  4 0.5667 0.1440 0.2893 
        D515  4 0.2012 0.0721 0.7267 
        D516  4 0.3134 0.2490 0.4375 
        D517  4 0.0661 0.0874 0.8465 
        D518  4 0.3998 0.2151 0.3851 
        D519  4 0.2742 0.0857 0.6401 
        D560  4 0.2852 0.0776 0.6372 
        D561  4 0.5834 0.0287 0.3880 
        D562  4 0.3278 0.2543 0.4179 
        D563  4 0.7171 0.1018 0.1811 
        D572  4 0.6830 0.1021 0.2149 
        D629  4 0.4940 0.1727 0.3333 
        D630  4 0.3135 0.2894 0.3971 
        D631  4 0.4734 0.3005 0.2261 
        D632  4 0.2933 0.0710 0.6358 
        D646  4 0.5710 0.0566 0.3724 
        D647  4 0.5786 0.0516 0.3698 
        D648  4 0.1598 0.5568 0.2834 
        D649  4 0.4897 0.0916 0.4186 
        D650  4 0.3663 0.3567 0.2770 
        D708  4 0.1391 0.6845 0.1764 
        D709  4 0.1691 0.4084 0.4225 
        D738  4 0.2435 0.4553 0.3012 
        D739  4 0.1710 0.1779 0.6510 
        D740  4 0.1308 0.4691 0.4000 
        D741  4 0.7451 0.0350 0.2198 
        D742  4 0.4301 0.3956 0.1744 
        D743  4 0.8182 0.1085 0.0733 
        D744  4 0.8140 0.0747 0.1113 
        D745  4 0.1425 0.0608 0.7967 
        D814  4 0.4599 0.1669 0.3732 
        D815  4 0.5529 0.2041 0.2431 
        D828  4 0.0564 0.7061 0.2376 
        D845  4 0.1195 0.8425 0.0380 
        D846  4 0.6576 0.0748 0.2676 
        D847  4 0.3077 0.2941 0.3982 
        D848  4 0.1239 0.1354 0.7407 
        D849  4 0.1217 0.0531 0.8252 
        D850  4 0.6266 0.1747 0.1987 
        D856  4 0.2020 0.1181 0.6799 
        D857  4 0.0261 0.0669 0.9070 
        D859  4 0.4301 0.3918 0.1781 
        D860  4 0.3051 0.6236 0.0713 
        D883  4 0.2925 0.3805 0.3270 
        D884  4 0.2536 0.2397 0.5067 
        D885  4 0.7139 0.1150 0.1711 
        D886  4 0.2948 0.0929 0.6124 
        D887  4 0.3176 0.4377 0.2447 
        D889  4 0.1132 0.7684 0.1185 
        D890  4 0.1771 0.5447 0.2783 
        D891  4 0.0645 0.9050 0.0305 
        D899  4 0.2716 0.6537 0.0747 
        D900  4 0.4802 0.2420 0.2778 
        D970  4 0.5059 0.2750 0.2190 
        D971  4 0.8194 0.0647 0.1159 
        D979  4 0.8260 0.0972 0.0768 
        D093  5 0.0886 0.8025 0.1089 
        D154  5 0.4002 0.4064 0.1934 
        D168  5 0.4514 0.1509 0.3977 
        D189  5 0.1252 0.7725 0.1023 
        D190  5 0.1044 0.8417 0.0539 
     D237220  5 0.1566 0.3062 0.5373 
     D237221  5 0.2143 0.6715 0.1142 
     D237274  5 0.8412 0.0587 0.1001 
     D237275  5 0.3381 0.3268 0.3351 
     D237276  5 0.2088 0.3185 0.4727 
     D237277  5 0.0761 0.8666 0.0573 
     D237278  5 0.2869 0.4005 0.3126 
     D237279  5 0.3584 0.0571 0.5846 
     D237280  5 0.1805 0.2180 0.6015 
     D237281  5 0.6718 0.2386 0.0896 
     D237351  5 0.0950 0.2070 0.6981 
     D237352  5 0.4351 0.1156 0.4493 
     D237353  5 0.0422 0.9142 0.0436 
     D237359  5 0.2000 0.3649 0.4350 
     D237361  5 0.0579 0.8678 0.0743 
     D237362  5 0.3656 0.4711 0.1633 
     D237363  5 0.3973 0.2009 0.4018 
     D237364  5 0.4777 0.0824 0.4399 
     D237376  5 0.0653 0.8252 0.1094 
     D237377  5 0.5087 0.1930 0.2984 
     D237378  5 0.0505 0.8715 0.0779 
     D237379  5 0.1524 0.6804 0.1672 
     D237380  5 0.0587 0.1113 0.8299 
     D237381  5 0.1678 0.1855 0.6467 
     D237391  5 0.0974 0.8282 0.0745 
     D237392  5 0.7860 0.0761 0.1379 
     D237393  5 0.3820 0.4251 0.1929 
     D237394  5 0.0917 0.8498 0.0585 
     D237395  5 0.0833 0.6403 0.2764 
     D237396  5 0.7392 0.1288 0.1321 
     D244016  5 0.3387 0.5768 0.0845 
     D244018  5 0.4999 0.3476 0.1525 
     D244019  5 0.6214 0.2416 0.1370 
        D279  5 0.3410 0.4153 0.2437 
        D280  5 0.1127 0.7241 0.1632 
        D281  5 0.3724 0.5267 0.1009 
        D283  5 0.2234 0.7115 0.0651 
        D284  5 0.1710 0.1475 0.6815 
        D285  5 0.1127 0.7866 0.1007 
        D286  5 0.2274 0.5027 0.2699 
        D287  5 0.0497 0.7232 0.2271 
        D288  5 0.1588 0.7637 0.0775 
        D308  5 0.1336 0.0695 0.7969 
        D309  5 0.8489 0.0389 0.1122 
        D310  5 0.0416 0.9007 0.0577 
        D311  5 0.3290 0.4475 0.2235 
        D312  5 0.2200 0.6015 0.1785 
        D313  5 0.0292 0.0400 0.9307 
        D314  5 0.1846 0.3998 0.4156 
        D315  5 0.1905 0.6200 0.1896 
        D317  5 0.0680 0.8813 0.0507 
        D318  5 0.5384 0.2077 0.2539 
        D319  5 0.0730 0.8451 0.0819 
        D320  5 0.0559 0.8527 0.0914 
        D321  5 0.1050 0.2619 0.6331 
        D336  5 0.1150 0.7664 0.1186 
        D337  5 0.0599 0.9063 0.0338 
        D338  5 0.3772 0.2958 0.3270 
        D339  5 0.0691 0.8043 0.1265 
        D347  5 0.3465 0.4817 0.1718 
        D348  5 0.0890 0.8455 0.0656 
        D349  5 0.0746 0.1288 0.7966 
        D350  5 0.8136 0.0777 0.1087 
        D355  5 0.7876 0.1346 0.0777 
        D356  5 0.1815 0.6092 0.2093 
        D357  5 0.1335 0.5836 0.2829 
        D358  5 0.2353 0.5520 0.2127 
        D359  5 0.3992 0.5249 0.0759 
        D360  5 0.1215 0.7202 0.1582 
        D361  5 0.0529 0.0661 0.8810 
        D366  5 0.9135 0.0393 0.0472 
        D367  5 0.0615 0.8072 0.1314 
        D368  5 0.1552 0.5191 0.3257 
        D380  5 0.7332 0.0976 0.1692 
        D381  5 0.1832 0.7135 0.1033 
        D400  5 0.1967 0.6540 0.1494 
        D411  5 0.0437 0.0382 0.9181 
        D412  5 0.1898 0.3639 0.4463 
        D413  5 0.7672 0.0817 0.1511 
        D414  5 0.6332 0.1805 0.1863 
        D420  5 0.1056 0.4908 0.4036 
        D431  5 0.0490 0.7274 0.2236 
        D432  5 0.1136 0.6628 0.2236 
        D433  5 0.0846 0.8400 0.0754 
        D434  5 0.1913 0.6510 0.1576 
        D440  5 0.7743 0.0522 0.1735 
        D447  5 0.8189 0.0447 0.1364 
        D448  5 0.0768 0.8580 0.0652 
        D459  5 0.7683 0.1930 0.0388 
        D460  5 0.1622 0.1371 0.7007 
        D461  5 0.8571 0.0830 0.0599 
        D468  5 0.4088 0.3685 0.2227 
        D469  5 0.4768 0.2464 0.2768 
        D470  5 0.1479 0.2456 0.6065 
        D471  5 0.1279 0.8152 0.0570 
        D472  5 0.8991 0.0592 0.0417 
        D479  5 0.7094 0.1222 0.1683 
        D485  5 0.1815 0.4696 0.3488 
        D486  5 0.3752 0.2372 0.3876 
        D487  5 0.0948 0.7907 0.1145 
        D555  5 0.0957 0.8460 0.0582 
        D556  5 0.0735 0.8115 0.1150 
        D557  5 0.0793 0.8812 0.0395 
        D564  5 0.1572 0.5976 0.2451 
        D594  5 0.5882 0.1929 0.2188 
        D595  5 0.2599 0.6153 0.1249 
        D596  5 0.0483 0.9015 0.0502 
        D597  5 0.4364 0.4842 0.0793 
        D598  5 0.1840 0.5558 0.2602 
        D617  5 0.1095 0.0787 0.8118 
        D618  5 0.1260 0.7750 0.0990 
        D619  5 0.3178 0.3177 0.3645 
        D620  5 0.8399 0.0902 0.0699 
        D628  5 0.3248 0.2215 0.4537 
        D714  5 0.0809 0.8674 0.0517 
        D715  5 0.1424 0.8006 0.0570 
        D716  5 0.3074 0.5096 0.1831 
        D717  5 0.5246 0.2943 0.1811 
        D718  5 0.0874 0.3605 0.5521 
        D769  5 0.1222 0.0729 0.8049 
        D770  5 0.3333 0.5338 0.1328 
        D771  5 0.1929 0.4585 0.3486 
        D772  5 0.1804 0.6974 0.1223 
        D782  5 0.5004 0.1208 0.3788 
        D783  5 0.4989 0.3619 0.1392 
        D784  5 0.6635 0.2118 0.1247 
        D785  5 0.1129 0.7694 0.1178 
        D786  5 0.3580 0.0476 0.5943 
        D821  5 0.0349 0.9374 0.0277 
        D822  5 0.6714 0.2239 0.1046 
        D826  5 0.1820 0.7278 0.0902 
        D827  5 0.8102 0.0740 0.1158 
        D851  5 0.3305 0.3505 0.3190 
        D852  5 0.1072 0.7047 0.1880 
        D853  5 0.1597 0.6737 0.1666 
        D854  5 0.4328 0.2431 0.3240 
        D861  5 0.2177 0.5011 0.2812 
        D862  5 0.4516 0.4155 0.1328 
        D865  5 0.0754 0.8486 0.0760 
        D868  5 0.5682 0.2241 0.2077 
        D869  5 0.0890 0.0607 0.8503 
        D870  5 0.5681 0.0383 0.3936 
        D907  5 0.0475 0.7849 0.1677 
        D908  5 0.0540 0.8511 0.0950 
        D910  5 0.1452 0.7893 0.0655 
        D911  5 0.7013 0.2331 0.0657 
        D934  5 0.2184 0.6491 0.1325 
        D946  5 0.0756 0.6581 0.2663 
        D947  5 0.2962 0.4184 0.2855 
        D948  5 0.0895 0.2042 0.7063 
        D949  5 0.0939 0.1401 0.7660 
        D950  5 0.6856 0.2519 0.0625 
        D951  5 0.7134 0.0935 0.1931 
        D952  5 0.5457 0.3199 0.1344 
        D953  5 0.0832 0.8228 0.0941 
        D954  5 0.4315 0.4531 0.1154 
        D961  5 0.0895 0.5482 0.3623 
        D962  5 0.1002 0.8097 0.0901 
        D963  5 0.4965 0.4116 0.0919 
        D964  5 0.1426 0.4021 0.4553 
        D965  5 0.4135 0.2397 0.3468 
        D966  5 0.2535 0.6650 0.0816 
        D967  5 0.1336 0.6551 0.2113 
        D991  5 0.1920 0.2874 0.5206 
        D502  6 0.2644 0.0941 0.6416 
        D503  6 0.1313 0.3326 0.5361 
        D504  6 0.6410 0.2142 0.1448 
        D505  6 0.3070 0.4899 0.2030 
        D506  6 0.0558 0.8714 0.0728 
        D507  6 0.3760 0.2792 0.3448 
        D508  6 0.4052 0.3455 0.2493 
        D529  6 0.2063 0.4395 0.3543 
        D530  6 0.1009 0.4593 0.4398 
        D531  6 0.4173 0.3471 0.2356 
        D532  6 0.4746 0.3669 0.1585 
        D534  6 0.1492 0.0616 0.7891 
        D535  6 0.3398 0.4957 0.1645 
        D536  6 0.3993 0.0889 0.5118 
        D554  6 0.1609 0.5176 0.3215 
        D587  6 0.1782 0.7093 0.1125 
        D588  6 0.4593 0.4266 0.1141 
        D589  6 0.1847 0.5241 0.2912 
        D590  6 0.7133 0.1120 0.1747 
        D591  6 0.2128 0.6247 0.1624 
        D592  6 0.0855 0.1577 0.7568 
        D593  6 0.1018 0.5649 0.3333 
        D682  6 0.0748 0.8307 0.0944 
        D683  6 0.4178 0.4060 0.1762 
        D684  6 0.3273 0.0777 0.5950 
        D685  6 0.0999 0.4984 0.4016 
        D686  6 0.1385 0.6236 0.2378 
        D724  6 0.3785 0.1448 0.4767 
        D725  6 0.2636 0.5229 0.2134 
        D726  6 0.0706 0.8547 0.0747 
        D727  6 0.7249 0.1500 0.1251 
        D728  6 0.1553 0.6785 0.1662 
        D729  6 0.6679 0.0375 0.2946 
        D730  6 0.2699 0.1532 0.5768 
        D731  6 0.0376 0.9255 0.0368 
        D732  6 0.6234 0.1957 0.1809 
        D733  6 0.2251 0.3422 0.4327 
     D237251  7 0.0933 0.7729 0.1338 
     D237252  7 0.1027 0.0930 0.8043 
     D237253  7 0.1673 0.6569 0.1758 
     D237254  7 0.0930 0.0408 0.8662 
     D237255  7 0.1471 0.7221 0.1308 
     D237256  7 0.5950 0.2707 0.1344 
     D237257  7 0.2418 0.1168 0.6414 
     D237282  7 0.7797 0.0463 0.1740 
     D237283  7 0.0367 0.0574 0.9059 
     D237284  7 0.1120 0.0503 0.8377 
     D237285  7 0.2090 0.5215 0.2695 
     D237286  7 0.5211 0.3502 0.1287 
     D237287  7 0.6727 0.1743 0.1530 
     D244006  7 0.0910 0.0361 0.8729 
     D244007  7 0.7938 0.0772 0.1290 
     D244008  7 0.0497 0.1097 0.8406 
     D244009  7 0.1645 0.1842 0.6513 
     D244010  7 0.1852 0.1560 0.6588 
     D244011  7 0.1610 0.5439 0.2951 
     D244012  7 0.4273 0.1520 0.4208 
     D244013  7 0.2725 0.5706 0.1568 
     D244014  7 0.1943 0.2939 0.5118 
     D244015  7 0.4634 0.0577 0.4790 
     D244125  7 0.2397 0.6721 0.0883 
     D244126  7 0.0401 0.0285 0.9314 
     D244130  7 0.2247 0.2095 0.5658 
     D244131  7 0.3470 0.4189 0.2340 
     D244132  7 0.3433 0.5052 0.1514 
        D520  7 0.1121 0.3156 0.5724 
        D521  7 0.4275 0.2043 0.3682 
        D522  7 0.2941 0.1374 0.5685 
        D523  7 0.1536 0.6910 0.1554 
        D524  7 0.1571 0.6425 0.2005 
        D525  7 0.1121 0.2635 0.6244 
        D526  7 0.1010 0.0422 0.8568 
        D527  7 0.2576 0.4593 0.2831 
        D528  7 0.2194 0.0282 0.7524 
        D558  7 0.6847 0.0630 0.2523 
        D559  7 0.6746 0.0789 0.2465 
        D640  7 0.1569 0.7097 0.1335 
        D641  7 0.0681 0.7401 0.1918 
        D642  7 0.1933 0.1151 0.6916 
        D644  7 0.1548 0.5097 0.3355 
        D645  7 0.2372 0.4314 0.3314 
        D662  7 0.2649 0.1659 0.5692 
        D687  7 0.2654 0.5179 0.2167 
        D688  7 0.6157 0.0878 0.2966 
        D689  7 0.1280 0.7405 0.1316 
        D700  7 0.2821 0.0314 0.6865 
        D797  7 0.1769 0.5945 0.2286 
        D798  7 0.2243 0.0787 0.6970 
        D799  7 0.1034 0.5285 0.3681 
        D800  7 0.5572 0.0968 0.3460 
        D132  8 0.0740 0.0636 0.8625 
        D133  8 0.4785 0.1061 0.4155 
        D200  8 0.1404 0.3706 0.4889 
        D500  8 0.0453 0.0436 0.9111 
        D614  8 0.1537 0.5682 0.2781 
        D723  8 0.5700 0.1059 0.3241 
        D888  8 0.0950 0.8225 0.0825 
        D901  8 0.0743 0.1178 0.8078 
        D902  8 0.1629 0.6186 0.2185 
        D903  8 0.7494 0.1631 0.0875 
        D904  8 0.4682 0.1713 0.3605 
        D905  8 0.0372 0.9281 0.0347 
        D906  8 0.5944 0.1712 0.2345 
        D937  8 0.0542 0.8494 0.0964 
        D943  8 0.2863 0.1511 0.5626 
        D972  8 0.3851 0.0715 0.5434 
        D973  8 0.5929 0.0786 0.3285 
        D974  8 0.2952 0.2700 0.4348 
        D975  8 0.1932 0.3863 0.4205 
        D976  8 0.1592 0.4195 0.4213 
        D201  9 0.2380 0.2777 0.4844 
        D202  9 0.0970 0.3889 0.5142 
     D237259  9 0.7297 0.0454 0.2248 
     D237260  9 0.1041 0.2683 0.6276 
     D237262  9 0.0423 0.0687 0.8890 
     D237263  9 0.1518 0.1628 0.6854 
     D237264  9 0.2945 0.2624 0.4430 
     D237265  9 0.0858 0.6912 0.2230 
     D237266  9 0.4869 0.1181 0.3950 
     D237267  9 0.1491 0.3328 0.5180 
     D237268  9 0.1349 0.1669 0.6982 
     D237289  9 0.1479 0.6198 0.2323 
     D237290  9 0.1587 0.5553 0.2860 
     D237291  9 0.2100 0.5044 0.2856 
     D237292  9 0.2952 0.1222 0.5826 
     D237293  9 0.1690 0.2816 0.5494 
     D237294  9 0.0334 0.1565 0.8100 
     D237295  9 0.2907 0.3240 0.3853 
     D237296  9 0.1397 0.4722 0.3881 
     D237297  9 0.1811 0.6786 0.1403 
     D237298  9 0.5020 0.1711 0.3269 
     D237341  9 0.3443 0.3941 0.2616 
     D237342  9 0.0881 0.1249 0.7870 
     D237343  9 0.2279 0.1238 0.6483 
     D237344  9 0.1609 0.6125 0.2266 
     D237345  9 0.0572 0.0314 0.9114 
     D237346  9 0.1186 0.6302 0.2511 
     D237347  9 0.1168 0.7699 0.1133 
     D237348  9 0.2325 0.2842 0.4833 
     D237349  9 0.7692 0.0491 0.1817 
     D244109  9 0.5594 0.0577 0.3828 
     D244110  9 0.4347 0.2140 0.3513 
     D244111  9 0.4169 0.2101 0.3729 
     D244128  9 0.0494 0.0483 0.9023 
     D244137  9 0.7676 0.0745 0.1578 
     D244138  9 0.1559 0.5226 0.3216 
        D580  9 0.1774 0.0634 0.7592 
        D581  9 0.1974 0.3514 0.4512 
        D582  9 0.0446 0.0502 0.9052 
        D583  9 0.2154 0.1943 0.5903 
        D584  9 0.0950 0.4420 0.4630 
        D585  9 0.0940 0.1752 0.7309 
        D586  9 0.0489 0.9095 0.0416 
        D651  9 0.6681 0.2139 0.1180 
        D652  9 0.5738 0.0413 0.3849 
        D653  9 0.7480 0.1575 0.0945 
        D654  9 0.7889 0.0475 0.1636 
        D655  9 0.1011 0.8153 0.0836 
        D656  9 0.1178 0.0461 0.8360 
        D657  9 0.3069 0.1425 0.5506 
        D667  9 0.0586 0.8676 0.0737 
        D668  9 0.1241 0.3333 0.5425 
        D669  9 0.1933 0.4626 0.3440 
        D670  9 0.8009 0.0803 0.1188 
        D671  9 0.4461 0.2788 0.2751 
        D672  9 0.0723 0.0828 0.8449 
        D673  9 0.1053 0.4555 0.4391 
        D692  9 0.3063 0.0595 0.6342 
        D693  9 0.1825 0.4043 0.4132 
        D694  9 0.0611 0.0916 0.8473 
        D695  9 0.2104 0.2480 0.5416 
        D696  9 0.0522 0.8859 0.0619 
        D697  9 0.2199 0.6053 0.1747 
        D698  9 0.2347 0.5150 0.2503 
        D699  9 0.0529 0.7006 0.2465 
        D787  9 0.5384 0.0972 0.3644 
        D788  9 0.1216 0.5115 0.3669 
        D789  9 0.1163 0.2523 0.6315 
        D790  9 0.4761 0.2373 0.2866 
        D791  9 0.1144 0.6737 0.2119 
        D792  9 0.6803 0.1082 0.2115 
        D793  9 0.1978 0.7282 0.0741 
        D794  9 0.4720 0.3565 0.1715 
        D795  9 0.0293 0.1655 0.8051 
        D796  9 0.1069 0.6095 0.2837 
        D142 10 0.2935 0.5084 0.1981 
        D143 10 0.7130 0.1300 0.1570 
        D144 10 0.2866 0.3735 0.3399 
        D145 10 0.1523 0.7279 0.1198 
        D146 10 0.1275 0.0971 0.7754 
        D147 10 0.3942 0.0906 0.5152 
        D148 10 0.5768 0.1379 0.2853 
        D149 10 0.4672 0.2875 0.2453 
        D151 10 0.3987 0.1939 0.4074 
        D152 10 0.3986 0.3470 0.2544 
        D153 10 0.4211 0.3072 0.2718 
        D156 10 0.7642 0.1121 0.1237 
        D157 10 0.0888 0.5603 0.3508 
        D158 10 0.0630 0.5266 0.4104 
        D159 10 0.8202 0.0970 0.0828 
        D160 10 0.0293 0.9365 0.0342 
        D161 10 0.5094 0.2601 0.2305 
        D162 10 0.6477 0.2509 0.1014 
        D169 10 0.1409 0.0915 0.7677 
        D170 10 0.0979 0.1062 0.7958 
        D171 10 0.2817 0.3498 0.3685 
        D172 10 0.4265 0.1658 0.4077 
        D173 10 0.9019 0.0305 0.0676 
        D181 10 0.2526 0.6452 0.1022 
        D182 10 0.4262 0.2285 0.3453 
        D183 10 0.0652 0.7998 0.1350 
        D184 10 0.0691 0.0302 0.9007 
        D185 10 0.5321 0.2032 0.2647 
        D186 10 0.0392 0.0630 0.8978 
        D194 10 0.1589 0.1109 0.7301 
        D195 10 0.2695 0.5928 0.1377 
        D196 10 0.5985 0.3265 0.0750 
        D197 10 0.0860 0.1020 0.8120 
        D198 10 0.3833 0.2644 0.3524 
     D237226 10 0.2712 0.4604 0.2684 
     D237232 10 0.0977 0.7943 0.1080 
     D237233 10 0.1162 0.6598 0.2239 
     D237234 10 0.1700 0.6230 0.2070 
     D237354 10 0.0872 0.8644 0.0484 
     D237355 10 0.0909 0.8471 0.0620 
     D237356 10 0.3424 0.3905 0.2671 
     D237357 10 0.4758 0.1197 0.4046 
     D237358 10 0.5822 0.0799 0.3379 
     D237369 10 0.1890 0.0362 0.7748 
     D237370 10 0.1440 0.7228 0.1332 
     D237371 10 0.4275 0.1913 0.3812 
     D237372 10 0.3336 0.0936 0.5727 
     D237373 10 0.1034 0.7388 0.1578 
     D237374 10 0.0483 0.9126 0.0391 
     D237375 10 0.6648 0.1205 0.2147 
     D237400 10 0.3153 0.4481 0.2365 
     D244002 10 0.4258 0.0398 0.5344 
     D244003 10 0.0350 0.8822 0.0828 
     D244004 10 0.0258 0.9108 0.0634 
     D244005 10 0.1502 0.5669 0.2829 
     D244020 10 0.3022 0.5225 0.1752 
     D244021 10 0.2639 0.1163 0.6198 
     D244116 10 0.1912 0.1288 0.6801 
     D244117 10 0.1121 0.7911 0.0969 
     D244121 10 0.0679 0.7109 0.2212 
     D244123 10 0.0977 0.7434 0.1589 
     D244124 10 0.1423 0.2064 0.6512 
        D332 10 0.7678 0.1075 0.1247 
        D570 10 0.1513 0.7271 0.1216 
        D602 10 0.8651 0.0478 0.0871 
        D603 10 0.1978 0.3846 0.4176 
        D604 10 0.7629 0.1431 0.0940 
        D605 10 0.5258 0.1954 0.2788 
        D606 10 0.0741 0.2492 0.6767 
        D607 10 0.8653 0.0525 0.0822 
        D608 10 0.9140 0.0344 0.0516 
        D609 10 0.1595 0.6630 0.1774 
        D610 10 0.2661 0.5953 0.1386 
        D611 10 0.0311 0.9241 0.0448 
        D613 10 0.4762 0.3860 0.1378 
        D633 10 0.7270 0.0749 0.1981 
        D634 10 0.1874 0.5235 0.2891 
        D638 10 0.2579 0.5551 0.1870 
        D681 10 0.1669 0.3604 0.4727 
        D754 10 0.0435 0.2694 0.6871 
        D755 10 0.0558 0.8496 0.0946 
        D756 10 0.0796 0.6622 0.2583 
        D757 10 0.2792 0.3862 0.3346 
        D758 10 0.2277 0.3337 0.4386 
        D759 10 0.1173 0.8006 0.0821 
        D760 10 0.3016 0.5659 0.1325 
        D761 10 0.0347 0.9166 0.0487 
        D762 10 0.7643 0.0979 0.1377 
        D775 10 0.0353 0.8899 0.0748 
        D776 10 0.1062 0.8141 0.0796 
        D777 10 0.0756 0.7823 0.1421 
        D778 10 0.1558 0.4872 0.3569 
        D779 10 0.1101 0.5069 0.3830 
        D780 10 0.3289 0.5038 0.1674 
        D781 10 0.7455 0.0863 0.1682 
        D858 10 0.0551 0.0471 0.8978 
        D933 10 0.3671 0.5247 0.1082 
        D038 11 0.1582 0.6249 0.2168 
        D063 11 0.1498 0.6380 0.2121 
        D155 11 0.1536 0.7367 0.1097 
        D175 11 0.0959 0.3269 0.5772 
        D176 11 0.1558 0.4967 0.3475 
        D205 11 0.0871 0.5355 0.3774 
     D237229 11 0.5082 0.0912 0.4007 
     D237230 11 0.8772 0.0319 0.0909 
     D237231 11 0.8531 0.0597 0.0873 
     D237269 11 0.5551 0.2527 0.1923 
     D237270 11 0.1411 0.0803 0.7785 
     D237271 11 0.2264 0.4443 0.3294 
     D237272 11 0.6720 0.0615 0.2664 
     D237273 11 0.0766 0.6950 0.2284 
     D237301 11 0.7170 0.1824 0.1006 
     D237302 11 0.2147 0.1798 0.6055 
     D237303 11 0.3303 0.0440 0.6257 
     D237304 11 0.3962 0.1958 0.4080 
     D237305 11 0.0698 0.1409 0.7893 
     D237314 11 0.1357 0.6572 0.2071 
     D237315 11 0.1173 0.0953 0.7874 
     D237316 11 0.7253 0.1436 0.1310 
     D237328 11 0.4772 0.1704 0.3524 
     D237329 11 0.2730 0.3137 0.4132 
     D237330 11 0.0793 0.8207 0.1000 
     D237331 11 0.1217 0.7668 0.1115 
     D237332 11 0.3356 0.3670 0.2973 
     D237333 11 0.0953 0.8536 0.0510 
     D237334 11 0.7042 0.1460 0.1498 
     D237335 11 0.2909 0.3540 0.3551 
     D237336 11 0.0933 0.6931 0.2136 
     D237350 11 0.3308 0.5013 0.1679 
     D237383 11 0.0936 0.3796 0.5267 
     D237384 11 0.3877 0.2161 0.3962 
     D237385 11 0.3465 0.2604 0.3930 
     D237386 11 0.7004 0.1668 0.1327 
     D237387 11 0.5614 0.1210 0.3176 
     D237388 11 0.1998 0.6780 0.1222 
        D239 11 0.1700 0.7061 0.1238 
        D240 11 0.1393 0.5638 0.2970 
        D241 11 0.3510 0.1545 0.4945 
        D242 11 0.6131 0.1835 0.2035 
        D243 11 0.0932 0.7338 0.1731 
        D244 11 0.0427 0.8036 0.1537 
        D245 11 0.2519 0.0799 0.6682 
        D246 11 0.2176 0.3731 0.4093 
        D247 11 0.3090 0.2626 0.4284 
        D248 11 0.7484 0.1416 0.1101 
        D249 11 0.1216 0.3071 0.5712 
        D250 11 0.6753 0.2586 0.0660 
        D251 11 0.1490 0.5799 0.2711 
        D252 11 0.4005 0.1879 0.4116 
        D253 11 0.0772 0.6722 0.2506 
        D254 11 0.3486 0.0465 0.6049 
        D255 11 0.3960 0.3300 0.2740 
        D256 11 0.1956 0.5646 0.2398 
        D257 11 0.1238 0.1302 0.7460 
        D258 11 0.1594 0.1151 0.7255 
        D259 11 0.1128 0.0707 0.8165 
        D260 11 0.1884 0.2792 0.5325 
        D261 11 0.2979 0.4666 0.2355 
        D262 11 0.1940 0.2289 0.5770 
        D263 11 0.2062 0.5405 0.2533 
        D264 11 0.2454 0.0838 0.6708 
        D265 11 0.3748 0.2381 0.3871 
        D266 11 0.4216 0.4706 0.1077 
        D267 11 0.2066 0.4943 0.2991 
        D268 11 0.1913 0.7307 0.0780 
        D269 11 0.6322 0.2618 0.1060 
        D270 11 0.4948 0.2020 0.3032 
        D271 11 0.1492 0.3112 0.5396 
        D272 11 0.3842 0.3957 0.2201 
        D273 11 0.0592 0.0349 0.9059 
        D274 11 0.2495 0.4407 0.3098 
        D275 11 0.4230 0.3101 0.2670 
        D276 11 0.3061 0.6071 0.0868 
        D277 11 0.4760 0.3396 0.1843 
        D278 11 0.1068 0.3534 0.5397 
        D282 11 0.0839 0.1181 0.7980 
        D296 11 0.2878 0.5814 0.1308 
        D297 11 0.3223 0.4111 0.2665 
        D298 11 0.3518 0.4981 0.1500 
        D299 11 0.1804 0.5959 0.2237 
        D300 11 0.2113 0.5430 0.2457 
        D382 11 0.3463 0.4854 0.1683 
        D383 11 0.0649 0.5117 0.4234 
        D387 11 0.1383 0.6021 0.2596 
        D388 11 0.8228 0.1056 0.0716 
        D389 11 0.3637 0.4523 0.1840 
        D390 11 0.6955 0.2243 0.0802 
        D396 11 0.6141 0.2516 0.1343 
        D397 11 0.0970 0.0910 0.8119 
        D398 11 0.1014 0.6113 0.2873 
        D399 11 0.7099 0.0764 0.2137 
        D437 11 0.1147 0.1228 0.7626 
        D441 11 0.1331 0.8053 0.0616 
        D442 11 0.2645 0.3594 0.3761 
        D443 11 0.0605 0.8863 0.0532 
        D444 11 0.6242 0.2015 0.1743 
        D445 11 0.4725 0.1020 0.4254 
        D446 11 0.3711 0.1254 0.5035 
        D451 11 0.3539 0.3712 0.2749 
        D452 11 0.4967 0.2833 0.2200 
        D453 11 0.8091 0.0928 0.0981 
        D454 11 0.1685 0.0847 0.7468 
        D457 11 0.1396 0.3964 0.4640 
        D458 11 0.3348 0.5162 0.1490 
        D466 11 0.4742 0.1250 0.4008 
        D467 11 0.1207 0.6482 0.2311 
        D475 11 0.0714 0.1007 0.8279 
        D488 11 0.7041 0.1574 0.1385 
        D489 11 0.2274 0.1744 0.5981 
        D493 11 0.5381 0.1136 0.3483 
        D494 11 0.6364 0.1868 0.1768 
        D495 11 0.1718 0.1552 0.6730 
        D496 11 0.1416 0.7968 0.0617 
        D674 11 0.1440 0.7183 0.1377 
        D675 11 0.1928 0.7575 0.0497 
        D676 11 0.1684 0.2401 0.5915 
        D680 11 0.0406 0.8078 0.1517 
        D701 11 0.2892 0.2243 0.4864 
        D702 11 0.2900 0.0781 0.6319 
        D703 11 0.3512 0.3362 0.3126 
        D704 11 0.2456 0.4172 0.3372 
        D705 11 0.6049 0.0342 0.3610 
        D706 11 0.0932 0.3569 0.5499 
        D707 11 0.4416 0.2098 0.3486 
        D751 11 0.3542 0.3139 0.3319 
        D752 11 0.1588 0.6384 0.2028 
        D753 11 0.7957 0.0771 0.1272 
        D773 11 0.0385 0.0279 0.9336 
        D774 11 0.5527 0.2178 0.2295 
        D801 11 0.2879 0.5937 0.1184 
        D802 11 0.4971 0.1615 0.3414 
        D803 11 0.0822 0.7570 0.1608 
        D804 11 0.4205 0.2474 0.3320 
        D805 11 0.2604 0.3482 0.3913 
        D806 11 0.0774 0.0492 0.8735 
        D809 11 0.2359 0.5831 0.1810 
        D810 11 0.1960 0.7407 0.0633 
        D812 11 0.3679 0.1462 0.4859 
        D813 11 0.2009 0.5730 0.2260 
        D823 11 0.2579 0.4234 0.3187 
        D824 11 0.1949 0.5399 0.2651 
        D829 11 0.7318 0.1593 0.1089 
        D830 11 0.5063 0.0909 0.4028 
        D831 11 0.1949 0.4436 0.3615 
        D832 11 0.2042 0.3548 0.4410 
        D833 11 0.3743 0.4868 0.1389 
        D834 11 0.4857 0.3326 0.1817 
        D835 11 0.0891 0.2208 0.6901 
        D855 11 0.2996 0.4066 0.2938 
        D863 11 0.0550 0.8897 0.0554 
        D864 11 0.1589 0.5943 0.2468 
        D878 11 0.1600 0.7141 0.1259 
        D879 11 0.1773 0.0934 0.7293 
        D880 11 0.6898 0.2580 0.0522 
        D881 11 0.0488 0.8887 0.0626 
        D882 11 0.4213 0.3916 0.1871 
        D909 11 0.5381 0.2966 0.1652 
        D921 11 0.2331 0.5633 0.2037 
        D924 11 0.3061 0.6072 0.0867 
        D935 11 0.6925 0.1262 0.1813 
        D940 11 0.0574 0.8775 0.0651 
        D941 11 0.2928 0.5794 0.1278 
        D942 11 0.0890 0.0426 0.8684 
        D980 11 0.6420 0.1340 0.2241 
        D981 11 0.1328 0.1003 0.7669 
        D982 11 0.7740 0.0993 0.1267 
        D983 11 0.2503 0.6474 0.1023 
        D984 11 0.5019 0.3582 0.1399 
        D992 11 0.1573 0.0810 0.7617 
        D993 11 0.2895 0.5394 0.1711 
        D994 11 0.1863 0.3916 0.4221 
        D995 11 0.1515 0.2119 0.6367 
        H354 11 0.4242 0.0639 0.5119 
        D005 12 0.3935 0.0661 0.5404 
        D035 12 0.1303 0.6421 0.2276 
        D067 12 0.3659 0.4632 0.1709 
        D134 12 0.1508 0.5250 0.3242 
        D135 12 0.2279 0.3579 0.4143 
        D136 12 0.7927 0.0566 0.1507 
        D137 12 0.7031 0.0994 0.1975 
        D138 12 0.2484 0.4575 0.2940 
        D139 12 0.6496 0.2500 0.1004 
        D140 12 0.3132 0.4177 0.2691 
        D141 12 0.0455 0.0352 0.9194 
        D150 12 0.0711 0.1486 0.7803 
        D177 12 0.4579 0.3481 0.1940 
        D178 12 0.9105 0.0317 0.0578 
        D179 12 0.6732 0.0796 0.2473 
        D180 12 0.7180 0.0674 0.2146 
        D187 12 0.0999 0.6625 0.2377 
        D188 12 0.0409 0.0381 0.9210 
        D191 12 0.0488 0.0899 0.8614 
        D418 12 0.0815 0.0509 0.8675 
        D601 12 0.1984 0.0734 0.7282 
        D836 12 0.0938 0.0820 0.8243 
        D837 12 0.4073 0.3308 0.2619 
        D838 12 0.0824 0.8636 0.0539 
        D839 12 0.5570 0.2275 0.2155 
        D840 12 0.3963 0.5043 0.0994 
        D841 12 0.1698 0.5344 0.2958 
        D842 12 0.0300 0.0368 0.9332 
        D843 12 0.2024 0.5764 0.2212 
        D844 12 0.1376 0.1083 0.7541 
        D912 12 0.5346 0.3884 0.0770 
        D913 12 0.6386 0.2571 0.1043 
