        D174  1 0.3258 0.0406 0.0178 0.0361 0.0229 0.1178 0.1079 0.0640 0.0837 0.0544 0.0687 0.0602 
        D199  1 0.1000 0.1290 0.0302 0.1332 0.1307 0.1309 0.0240 0.0849 0.0223 0.0978 0.0371 0.0799 
        D203  1 0.0523 0.1252 0.0357 0.1705 0.0842 0.1280 0.0793 0.0790 0.1275 0.0574 0.0179 0.0429 
        D204  1 0.0246 0.0361 0.0992 0.3955 0.0202 0.2761 0.0194 0.0360 0.0238 0.0267 0.0246 0.0178 
     D237366  1 0.0480 0.0428 0.0665 0.0308 0.0362 0.1176 0.1105 0.0618 0.0181 0.0446 0.0193 0.4038 
     D237367  1 0.0293 0.0469 0.0323 0.0687 0.0199 0.3692 0.0570 0.0844 0.0429 0.0470 0.0837 0.1187 
     D237368  1 0.1115 0.0651 0.0500 0.2000 0.0208 0.0292 0.0267 0.0812 0.0386 0.0264 0.0277 0.3228 
     D244101  1 0.0186 0.0474 0.4512 0.0632 0.1144 0.1166 0.0204 0.0604 0.0277 0.0325 0.0270 0.0205 
     D244102  1 0.0316 0.0352 0.0500 0.0689 0.0714 0.0510 0.0648 0.0798 0.1456 0.2862 0.0568 0.0586 
     D244103  1 0.0411 0.0309 0.0289 0.0707 0.0271 0.1365 0.0945 0.1426 0.0280 0.0702 0.0685 0.2611 
     D244104  1 0.0463 0.0247 0.0243 0.6189 0.0282 0.0318 0.0230 0.0258 0.0175 0.0144 0.1121 0.0332 
     D244105  1 0.0154 0.0185 0.0186 0.0227 0.0343 0.1795 0.4286 0.1012 0.0512 0.0226 0.0249 0.0827 
     D244106  1 0.4432 0.0682 0.0187 0.0779 0.0483 0.0391 0.1165 0.0466 0.0325 0.0606 0.0249 0.0235 
     D244107  1 0.0156 0.0842 0.0555 0.0272 0.0261 0.0370 0.0243 0.0929 0.1257 0.0198 0.0290 0.4627 
     D244108  1 0.2863 0.0271 0.0257 0.0210 0.0348 0.2212 0.0360 0.0465 0.2034 0.0505 0.0269 0.0206 
     D244113  1 0.2100 0.0363 0.0555 0.0141 0.0166 0.0298 0.0153 0.0435 0.0267 0.4028 0.1151 0.0342 
     D244114  1 0.0646 0.0427 0.0359 0.0316 0.0876 0.1837 0.2140 0.1652 0.0468 0.0584 0.0333 0.0362 
     D244115  1 0.1670 0.0229 0.0261 0.1893 0.0265 0.0444 0.0558 0.1084 0.2142 0.0459 0.0414 0.0582 
     D267365  1 0.1364 0.0280 0.0329 0.2317 0.1436 0.1422 0.0263 0.0747 0.0331 0.0394 0.0377 0.0740 
        D404  1 0.1479 0.0340 0.0654 0.0270 0.0162 0.0412 0.0277 0.0281 0.0471 0.5103 0.0382 0.0169 
        D405  1 0.0280 0.0423 0.0339 0.1086 0.0302 0.0432 0.0298 0.0388 0.0420 0.5304 0.0441 0.0285 
        D406  1 0.0441 0.0184 0.0371 0.0274 0.0235 0.2762 0.0303 0.0382 0.0690 0.0168 0.0139 0.4051 
        D407  1 0.0218 0.0681 0.0164 0.3329 0.0175 0.2199 0.0232 0.0580 0.0157 0.0263 0.0689 0.1314 
        D408  1 0.2285 0.0179 0.0380 0.0892 0.1352 0.0210 0.0210 0.0670 0.0577 0.0724 0.2245 0.0277 
        D409  1 0.0411 0.0530 0.0395 0.1028 0.0347 0.0376 0.0328 0.2403 0.0551 0.0535 0.0396 0.2700 
        D410  1 0.0218 0.0129 0.0284 0.0322 0.0146 0.0616 0.0183 0.0356 0.7121 0.0203 0.0204 0.0218 
        D421  1 0.0154 0.0314 0.0111 0.7925 0.0139 0.0618 0.0119 0.0172 0.0093 0.0088 0.0161 0.0107 
        D422  1 0.0166 0.0222 0.0178 0.0604 0.0205 0.0245 0.0399 0.0522 0.0206 0.0165 0.0191 0.6896 
        D423  1 0.0187 0.0415 0.0182 0.0493 0.0194 0.0935 0.0502 0.0513 0.5710 0.0254 0.0149 0.0465 
        D424  1 0.0336 0.0182 0.0227 0.5507 0.0145 0.1106 0.0494 0.0796 0.0208 0.0254 0.0269 0.0475 
        D425  1 0.0468 0.0191 0.0193 0.0729 0.0335 0.5163 0.0236 0.0757 0.0667 0.0674 0.0379 0.0207 
        D426  1 0.0301 0.0234 0.0207 0.0561 0.1256 0.0280 0.0228 0.2953 0.0154 0.0164 0.0825 0.2838 
        D427  1 0.0608 0.2926 0.0126 0.4877 0.0228 0.0164 0.0175 0.0200 0.0136 0.0099 0.0249 0.0211 
        D428  1 0.1203 0.0360 0.0573 0.1173 0.0331 0.2432 0.0185 0.1028 0.0486 0.0830 0.0558 0.0840 
        D429  1 0.0693 0.0236 0.0262 0.5207 0.0281 0.0217 0.1112 0.0516 0.0256 0.0849 0.0149 0.0222 
        D430  1 0.1362 0.0602 0.0241 0.1306 0.0629 0.0519 0.1383 0.1378 0.0384 0.1257 0.0546 0.0392 
        D491  1 0.4950 0.0118 0.0258 0.1746 0.0372 0.0206 0.0232 0.0498 0.0276 0.0358 0.0778 0.0206 
        D492  1 0.0901 0.0328 0.0527 0.2615 0.0225 0.1153 0.0528 0.1290 0.0416 0.1071 0.0227 0.0719 
        D537  1 0.0201 0.0197 0.0256 0.0534 0.0130 0.6902 0.0133 0.0374 0.0256 0.0272 0.0408 0.0338 
        D538  1 0.0960 0.0904 0.0561 0.0728 0.0315 0.0423 0.0459 0.1431 0.1186 0.1554 0.0305 0.1176 
        D539  1 0.1092 0.0368 0.0355 0.0333 0.2188 0.0472 0.2315 0.0708 0.0375 0.0757 0.0573 0.0465 
        D540  1 0.0219 0.0218 0.0280 0.1995 0.0454 0.0547 0.0401 0.1469 0.0481 0.0390 0.2918 0.0628 
        D541  1 0.0122 0.0162 0.0152 0.8385 0.0159 0.0240 0.0121 0.0146 0.0134 0.0093 0.0140 0.0146 
        D551  1 0.0313 0.1349 0.0213 0.0322 0.1200 0.1407 0.1222 0.2318 0.0206 0.0242 0.0485 0.0723 
        D552  1 0.2125 0.0340 0.0766 0.1209 0.0401 0.0554 0.0907 0.1150 0.0903 0.0212 0.0801 0.0631 
        D553  1 0.0162 0.0111 0.0148 0.8145 0.0182 0.0353 0.0160 0.0167 0.0141 0.0090 0.0190 0.0151 
        D615  1 0.0485 0.0444 0.0220 0.5105 0.0329 0.0293 0.0464 0.0684 0.0799 0.0692 0.0258 0.0227 
        D616  1 0.0516 0.0548 0.0230 0.3872 0.0538 0.0454 0.0463 0.1019 0.1106 0.0210 0.0406 0.0639 
        D621  1 0.0966 0.0230 0.3060 0.0166 0.0238 0.0599 0.0312 0.0488 0.0940 0.0522 0.0714 0.1765 
        D622  1 0.0396 0.0199 0.0582 0.0166 0.0263 0.1676 0.0817 0.0777 0.1503 0.0197 0.0525 0.2900 
        D623  1 0.2051 0.1246 0.1603 0.0199 0.0560 0.0627 0.0185 0.0461 0.0787 0.1753 0.0313 0.0215 
        D624  1 0.6727 0.0145 0.0119 0.0375 0.0281 0.0270 0.0322 0.0718 0.0229 0.0226 0.0326 0.0261 
        D625  1 0.0523 0.0196 0.0486 0.4521 0.0238 0.1427 0.0454 0.0570 0.0598 0.0201 0.0310 0.0476 
        D626  1 0.2551 0.0330 0.0217 0.0485 0.0453 0.1249 0.0671 0.0636 0.0826 0.0387 0.1310 0.0885 
        D627  1 0.0314 0.0256 0.0232 0.1266 0.1541 0.0272 0.0679 0.2647 0.0179 0.0173 0.0270 0.2171 
        D690  1 0.0314 0.0102 0.0226 0.7556 0.0116 0.0302 0.0204 0.0151 0.0397 0.0131 0.0223 0.0277 
        D691  1 0.0334 0.0214 0.0240 0.0263 0.0296 0.2500 0.1139 0.0273 0.0614 0.0121 0.0252 0.3754 
        D710  1 0.1142 0.0322 0.1230 0.2267 0.0349 0.0449 0.0201 0.1066 0.0565 0.0386 0.0800 0.1224 
        D711  1 0.0254 0.0218 0.0503 0.6777 0.0197 0.0489 0.0220 0.0265 0.0267 0.0376 0.0104 0.0331 
        D712  1 0.4241 0.0389 0.0440 0.0317 0.0765 0.0343 0.0327 0.0594 0.0282 0.0791 0.0707 0.0802 
        D713  1 0.0838 0.0159 0.0534 0.0235 0.0192 0.5092 0.0280 0.0522 0.0318 0.1157 0.0376 0.0297 
        D746  1 0.0299 0.0337 0.0293 0.0620 0.0210 0.0784 0.0439 0.0352 0.0532 0.0112 0.0549 0.5474 
        D747  1 0.0145 0.0203 0.0311 0.8067 0.0195 0.0281 0.0138 0.0162 0.0139 0.0124 0.0118 0.0118 
        D748  1 0.0287 0.0134 0.0481 0.0488 0.0222 0.3862 0.1605 0.0388 0.0711 0.0192 0.0352 0.1278 
        D749  1 0.1111 0.0328 0.1081 0.0241 0.0273 0.0329 0.0896 0.2602 0.0531 0.0750 0.0196 0.1662 
        D750  1 0.3911 0.0196 0.0431 0.2643 0.0210 0.0386 0.0334 0.0349 0.0691 0.0287 0.0248 0.0314 
        D763  1 0.0210 0.0806 0.1608 0.0522 0.1389 0.0823 0.0790 0.0895 0.0242 0.0308 0.1506 0.0902 
        D764  1 0.1460 0.0142 0.0156 0.5566 0.0196 0.0322 0.0202 0.0318 0.0733 0.0144 0.0349 0.0411 
        D765  1 0.0993 0.0150 0.0147 0.0258 0.0310 0.0426 0.0657 0.0839 0.4916 0.0567 0.0208 0.0531 
        D766  1 0.0373 0.0209 0.0818 0.0264 0.0146 0.3007 0.0601 0.0458 0.2249 0.0265 0.1061 0.0548 
        D767  1 0.0275 0.0692 0.1512 0.0628 0.0290 0.1832 0.0673 0.0628 0.0742 0.1626 0.0268 0.0834 
        D768  1 0.0168 0.0228 0.0153 0.5795 0.0205 0.1757 0.0309 0.0388 0.0288 0.0140 0.0238 0.0331 
        D811  1 0.0696 0.0137 0.0141 0.0190 0.0241 0.0698 0.0266 0.0368 0.1119 0.2669 0.3273 0.0201 
        D816  1 0.0246 0.0180 0.0249 0.7201 0.0186 0.0611 0.0236 0.0294 0.0191 0.0262 0.0147 0.0197 
        D825  1 0.1300 0.0147 0.0208 0.0616 0.0194 0.0760 0.0348 0.1027 0.3091 0.1417 0.0622 0.0271 
        D866  1 0.1632 0.0919 0.0191 0.0749 0.2553 0.0248 0.0559 0.0933 0.0877 0.0565 0.0559 0.0216 
        D867  1 0.0213 0.0417 0.1183 0.0174 0.0190 0.0356 0.0364 0.0479 0.0269 0.0409 0.0368 0.5577 
        D871  1 0.0490 0.0215 0.0407 0.1058 0.0484 0.0407 0.0509 0.2748 0.0230 0.0452 0.0461 0.2539 
        D872  1 0.0352 0.0373 0.0351 0.0416 0.0225 0.5126 0.0187 0.0471 0.1170 0.0766 0.0221 0.0341 
        D873  1 0.0135 0.0299 0.0514 0.0110 0.0097 0.0089 0.0208 0.0218 0.6548 0.1198 0.0187 0.0397 
        D874  1 0.0642 0.0201 0.6285 0.0379 0.0257 0.0627 0.0262 0.0293 0.0184 0.0430 0.0283 0.0156 
        D875  1 0.0241 0.0152 0.0252 0.0235 0.0221 0.1086 0.0646 0.2684 0.0865 0.0281 0.0289 0.3047 
        D876  1 0.0992 0.0220 0.0647 0.2188 0.0613 0.2249 0.0565 0.0990 0.0378 0.0267 0.0485 0.0407 
        D877  1 0.0808 0.0219 0.0586 0.0214 0.0164 0.0727 0.0195 0.0405 0.0240 0.5953 0.0371 0.0118 
        D892  1 0.1133 0.0146 0.0227 0.0320 0.0172 0.5628 0.0827 0.0306 0.0317 0.0243 0.0135 0.0544 
        D893  1 0.0189 0.0329 0.0391 0.2878 0.0665 0.2435 0.0759 0.0721 0.0397 0.0188 0.0485 0.0561 
        D894  1 0.0217 0.0188 0.0258 0.7512 0.0196 0.0142 0.0484 0.0332 0.0142 0.0191 0.0126 0.0211 
        D915  1 0.0460 0.0278 0.0238 0.0878 0.0313 0.4375 0.0660 0.0583 0.1163 0.0237 0.0287 0.0528 
        D916  1 0.0130 0.0094 0.0141 0.8660 0.0098 0.0139 0.0155 0.0115 0.0140 0.0089 0.0105 0.0132 
        D917  1 0.1895 0.0513 0.1480 0.1276 0.1152 0.0473 0.0194 0.1225 0.0277 0.0785 0.0308 0.0424 
        D925  1 0.0858 0.0185 0.0164 0.2191 0.0361 0.0546 0.0218 0.0525 0.3805 0.0373 0.0348 0.0425 
        D926  1 0.0437 0.0218 0.0546 0.2755 0.0429 0.1124 0.0996 0.1708 0.0495 0.0441 0.0305 0.0546 
        D927  1 0.0569 0.1671 0.0411 0.1465 0.1223 0.1539 0.0438 0.1209 0.0312 0.0316 0.0283 0.0563 
        D928  1 0.6585 0.0144 0.0195 0.1044 0.0179 0.0378 0.0123 0.0283 0.0304 0.0426 0.0220 0.0121 
        D929  1 0.0423 0.0165 0.3303 0.0355 0.0257 0.0521 0.0717 0.0483 0.0338 0.2329 0.0296 0.0813 
        D936  1 0.0236 0.0397 0.1505 0.3921 0.0877 0.0841 0.0478 0.0610 0.0372 0.0268 0.0278 0.0217 
        D938  1 0.0290 0.0169 0.0649 0.0172 0.0206 0.1490 0.0460 0.0350 0.0878 0.0189 0.0841 0.4304 
        D956  1 0.4552 0.0337 0.0316 0.0746 0.0259 0.0163 0.0752 0.0628 0.0550 0.1105 0.0392 0.0199 
        D957  1 0.0322 0.0276 0.0427 0.0399 0.0235 0.2548 0.0263 0.0621 0.3677 0.0709 0.0161 0.0361 
        D958  1 0.0896 0.0183 0.0534 0.0379 0.0165 0.4584 0.0255 0.0457 0.1609 0.0278 0.0305 0.0354 
        D959  1 0.0225 0.0549 0.0117 0.2579 0.0141 0.2759 0.0215 0.0601 0.0173 0.0292 0.0477 0.1872 
        D960  1 0.0449 0.0233 0.0320 0.0254 0.0225 0.0569 0.0694 0.0812 0.0953 0.0980 0.0125 0.4388 
        D989  1 0.4833 0.0807 0.0292 0.0570 0.0792 0.0328 0.0351 0.0590 0.0185 0.0406 0.0507 0.0338 
        D990  1 0.0514 0.0253 0.0212 0.0154 0.1453 0.0250 0.0371 0.0853 0.5060 0.0136 0.0186 0.0558 
        D023  2 0.0155 0.0163 0.0185 0.0797 0.0119 0.0132 0.0125 0.0216 0.0152 0.0101 0.0205 0.7650 
        D130  2 0.0160 0.0353 0.0192 0.0452 0.0193 0.1913 0.0535 0.0395 0.0193 0.0682 0.0189 0.4746 
        D131  2 0.0385 0.0306 0.0459 0.1310 0.0859 0.1024 0.0588 0.2024 0.0876 0.0228 0.1639 0.0301 
        D163  2 0.0489 0.0145 0.0455 0.0550 0.0365 0.0652 0.0250 0.0480 0.0472 0.0160 0.0282 0.5701 
        D164  2 0.0120 0.5046 0.0218 0.0117 0.0138 0.0242 0.0174 0.0197 0.3030 0.0184 0.0247 0.0287 
        D165  2 0.0178 0.0291 0.0350 0.0700 0.0212 0.0141 0.0153 0.0331 0.0222 0.0116 0.0232 0.7073 
        D166  2 0.0212 0.0411 0.0707 0.0310 0.0349 0.1226 0.1061 0.1231 0.0454 0.2772 0.0765 0.0503 
        D167  2 0.0349 0.7383 0.0115 0.0152 0.0199 0.0141 0.0128 0.0193 0.0148 0.0926 0.0140 0.0126 
        D192  2 0.0201 0.8171 0.0193 0.0123 0.0201 0.0090 0.0159 0.0155 0.0133 0.0274 0.0165 0.0135 
        D193  2 0.0394 0.0263 0.0314 0.0172 0.0348 0.0357 0.0812 0.0414 0.0242 0.6321 0.0148 0.0216 
        D206  2 0.0203 0.2604 0.0231 0.0334 0.0244 0.1450 0.0581 0.0578 0.0194 0.0241 0.2814 0.0525 
        D207  2 0.0229 0.4323 0.0212 0.0401 0.0802 0.0607 0.0364 0.0874 0.0270 0.1381 0.0311 0.0227 
        D208  2 0.0813 0.0527 0.0336 0.0511 0.2459 0.0491 0.0658 0.0635 0.0360 0.0431 0.2415 0.0364 
        D209  2 0.0245 0.4098 0.0964 0.0374 0.0234 0.0318 0.0218 0.1533 0.0450 0.0327 0.0738 0.0501 
        D210  2 0.4452 0.0651 0.0387 0.0653 0.1284 0.0439 0.0627 0.0495 0.0280 0.0246 0.0276 0.0209 
     D229599  2 0.0486 0.0409 0.1474 0.1966 0.1321 0.0627 0.0475 0.1066 0.0568 0.0392 0.0342 0.0873 
     D229600  2 0.0203 0.3093 0.0190 0.0236 0.0248 0.0860 0.0587 0.0586 0.0413 0.0538 0.0224 0.2822 
     D237227  2 0.3137 0.0531 0.0195 0.0721 0.0844 0.0268 0.0274 0.0525 0.2376 0.0199 0.0467 0.0464 
     D237228  2 0.0970 0.0384 0.0128 0.0127 0.0579 0.0170 0.0315 0.0478 0.5988 0.0515 0.0194 0.0152 
     D237258  2 0.0597 0.1386 0.0403 0.1194 0.0999 0.0509 0.0338 0.1236 0.0815 0.0713 0.0753 0.1057 
     D237310  2 0.0318 0.0333 0.0277 0.0112 0.0212 0.0202 0.0704 0.0375 0.6125 0.0882 0.0193 0.0268 
     D237311  2 0.0207 0.1197 0.0163 0.0110 0.0237 0.0253 0.0458 0.0276 0.6253 0.0404 0.0195 0.0247 
     D237312  2 0.0372 0.0186 0.0489 0.0182 0.0236 0.0587 0.1875 0.0565 0.3181 0.1376 0.0323 0.0627 
     D237313  2 0.0751 0.0256 0.0491 0.0716 0.0613 0.1048 0.1006 0.1505 0.0959 0.0307 0.1992 0.0356 
     D237322  2 0.0783 0.0380 0.0898 0.0233 0.2149 0.0408 0.0826 0.1591 0.1353 0.0604 0.0470 0.0304 
     D237323  2 0.1103 0.0191 0.0249 0.0152 0.0480 0.0225 0.0498 0.0331 0.5764 0.0329 0.0176 0.0502 
     D237324  2 0.0183 0.1886 0.0406 0.0455 0.0800 0.0594 0.0329 0.2817 0.0505 0.0201 0.0250 0.1575 
     D237325  2 0.0508 0.0584 0.0459 0.0152 0.0307 0.1205 0.1241 0.0765 0.3516 0.0515 0.0269 0.0478 
     D237326  2 0.0532 0.0282 0.0401 0.0280 0.0261 0.0959 0.0201 0.0394 0.5961 0.0189 0.0152 0.0386 
     D237327  2 0.0393 0.0661 0.0945 0.0678 0.2082 0.0546 0.0830 0.2215 0.0307 0.0304 0.0267 0.0772 
     D237337  2 0.0212 0.0129 0.0160 0.0131 0.0185 0.0337 0.0337 0.0236 0.7763 0.0173 0.0164 0.0172 
     D237338  2 0.0970 0.0730 0.0799 0.0285 0.0678 0.1230 0.1129 0.0798 0.1795 0.0267 0.0373 0.0945 
     D237339  2 0.0160 0.1492 0.4619 0.0195 0.0465 0.0896 0.0253 0.0689 0.0269 0.0530 0.0245 0.0188 
     D237340  2 0.1018 0.1287 0.0324 0.0151 0.0518 0.0554 0.0601 0.0418 0.3690 0.0841 0.0218 0.0381 
     D237389  2 0.0174 0.0630 0.0289 0.0192 0.0141 0.0269 0.0558 0.0324 0.5128 0.1754 0.0228 0.0312 
     D237390  2 0.0445 0.0203 0.0386 0.0156 0.0457 0.1808 0.1209 0.0360 0.3584 0.0705 0.0338 0.0348 
     D244017  2 0.1630 0.2585 0.0194 0.0256 0.0365 0.0306 0.0198 0.0929 0.0349 0.2519 0.0186 0.0484 
     D244112  2 0.0212 0.7386 0.0155 0.0258 0.0187 0.0097 0.0357 0.0239 0.0199 0.0449 0.0153 0.0308 
     D244118  2 0.0292 0.5884 0.0290 0.0109 0.0240 0.0164 0.0171 0.0319 0.0309 0.0371 0.0105 0.1744 
     D244119  2 0.5590 0.2406 0.0113 0.0196 0.0174 0.0290 0.0156 0.0232 0.0253 0.0219 0.0216 0.0156 
     D244120  2 0.0338 0.2699 0.0476 0.0128 0.0523 0.0135 0.0909 0.0319 0.0268 0.3812 0.0192 0.0200 
     D244122  2 0.0263 0.5721 0.0284 0.0245 0.0198 0.0224 0.0548 0.0362 0.0160 0.1007 0.0591 0.0398 
        D291  2 0.0187 0.0445 0.0203 0.0631 0.4353 0.0415 0.0278 0.1060 0.0313 0.0403 0.0644 0.1066 
        D292  2 0.0643 0.1457 0.0401 0.2655 0.1738 0.0503 0.0245 0.0733 0.0669 0.0503 0.0254 0.0198 
        D293  2 0.0176 0.4597 0.1274 0.0514 0.0573 0.1400 0.0206 0.0671 0.0144 0.0141 0.0148 0.0155 
        D322  2 0.0181 0.3626 0.2424 0.0860 0.0354 0.0509 0.0263 0.0631 0.0425 0.0230 0.0175 0.0321 
        D323  2 0.0280 0.0593 0.0492 0.0202 0.0265 0.1019 0.0333 0.0663 0.0317 0.1021 0.4524 0.0289 
        D324  2 0.0529 0.0276 0.0270 0.0664 0.2810 0.1357 0.0475 0.1156 0.0848 0.0186 0.0712 0.0718 
        D325  2 0.0121 0.6793 0.0354 0.0373 0.0550 0.0389 0.0427 0.0329 0.0177 0.0136 0.0176 0.0176 
        D326  2 0.0298 0.0129 0.0138 0.7125 0.0256 0.0868 0.0210 0.0379 0.0148 0.0145 0.0174 0.0130 
        D340  2 0.0203 0.7639 0.0251 0.0263 0.0292 0.0222 0.0206 0.0250 0.0171 0.0129 0.0204 0.0169 
        D341  2 0.0306 0.3820 0.0244 0.0173 0.0321 0.0917 0.2530 0.0451 0.0359 0.0217 0.0485 0.0177 
        D342  2 0.0151 0.5250 0.0181 0.0229 0.0273 0.0205 0.0682 0.0691 0.0531 0.0453 0.0493 0.0860 
        D343  2 0.0115 0.8353 0.0182 0.0175 0.0196 0.0167 0.0213 0.0160 0.0092 0.0086 0.0109 0.0153 
        D344  2 0.0197 0.0521 0.3225 0.0957 0.0236 0.0385 0.0454 0.0884 0.0452 0.2287 0.0220 0.0182 
        D345  2 0.0349 0.0430 0.2996 0.0914 0.0419 0.0498 0.0195 0.1220 0.1201 0.0296 0.0809 0.0672 
        D346  2 0.2569 0.0381 0.0390 0.0666 0.0393 0.0289 0.0409 0.0498 0.0344 0.0310 0.3524 0.0227 
        D351  2 0.0229 0.0326 0.0906 0.1489 0.1397 0.1951 0.0518 0.1251 0.0581 0.0324 0.0530 0.0498 
        D352  2 0.0473 0.0308 0.6125 0.0184 0.0338 0.0260 0.0209 0.0757 0.0456 0.0424 0.0255 0.0211 
        D353  2 0.0185 0.0220 0.0820 0.1426 0.0195 0.0366 0.0325 0.5556 0.0165 0.0262 0.0334 0.0147 
        D354  2 0.0384 0.0141 0.6201 0.0661 0.0153 0.0240 0.0235 0.0457 0.0399 0.0544 0.0400 0.0186 
        D362  2 0.0176 0.0214 0.0201 0.7158 0.0194 0.0427 0.0172 0.0294 0.0253 0.0344 0.0230 0.0337 
        D363  2 0.0176 0.0174 0.0175 0.7767 0.0195 0.0256 0.0124 0.0177 0.0234 0.0198 0.0287 0.0238 
        D364  2 0.0317 0.0202 0.2939 0.3966 0.0142 0.0227 0.0365 0.0538 0.0310 0.0491 0.0332 0.0172 
        D365  2 0.0254 0.7607 0.0371 0.0131 0.0166 0.0527 0.0179 0.0187 0.0168 0.0124 0.0168 0.0119 
        D369  2 0.1114 0.0960 0.0265 0.2129 0.0826 0.0434 0.0339 0.0582 0.1338 0.0264 0.1451 0.0299 
        D374  2 0.0743 0.0130 0.0144 0.0144 0.0145 0.0159 0.0155 0.0199 0.0139 0.7714 0.0208 0.0119 
        D375  2 0.0150 0.0155 0.6857 0.0244 0.0117 0.0203 0.0406 0.0420 0.0193 0.0720 0.0343 0.0193 
        D376  2 0.1798 0.0317 0.0707 0.0231 0.0232 0.0154 0.0611 0.0388 0.0343 0.4743 0.0294 0.0182 
        D377  2 0.0331 0.0348 0.0357 0.0137 0.0350 0.0449 0.0535 0.0422 0.1324 0.0499 0.4964 0.0285 
        D378  2 0.0276 0.2162 0.2015 0.0927 0.0357 0.0629 0.0506 0.1171 0.0257 0.0133 0.0498 0.1069 
        D379  2 0.0276 0.0195 0.0463 0.2476 0.0273 0.2087 0.0829 0.1286 0.0272 0.0349 0.1294 0.0202 
        D384  2 0.0539 0.0192 0.0176 0.4767 0.0308 0.2206 0.0288 0.0426 0.0325 0.0152 0.0452 0.0168 
        D385  2 0.0343 0.5827 0.1617 0.0199 0.0198 0.0189 0.0289 0.0287 0.0240 0.0297 0.0375 0.0140 
        D386  2 0.0183 0.0734 0.3942 0.0444 0.0216 0.1237 0.0423 0.1260 0.0242 0.0351 0.0437 0.0530 
        D391  2 0.0158 0.5785 0.1622 0.0160 0.0201 0.0600 0.0232 0.0302 0.0246 0.0178 0.0337 0.0180 
        D392  2 0.0489 0.4372 0.0278 0.0489 0.0331 0.0531 0.0268 0.0524 0.1683 0.0269 0.0371 0.0394 
        D393  2 0.0172 0.0523 0.2619 0.1871 0.1019 0.0486 0.0607 0.0533 0.0438 0.0148 0.1122 0.0463 
        D394  2 0.0412 0.0793 0.1650 0.0722 0.0448 0.0694 0.0668 0.0946 0.1508 0.0537 0.0232 0.1390 
        D395  2 0.0252 0.2769 0.3713 0.0156 0.0405 0.0463 0.0313 0.0765 0.0226 0.0447 0.0226 0.0263 
        D401  2 0.0274 0.0242 0.0102 0.0162 0.0227 0.0281 0.0126 0.0173 0.7534 0.0238 0.0493 0.0148 
        D402  2 0.0178 0.6027 0.0951 0.0205 0.0609 0.0175 0.0298 0.0282 0.0296 0.0226 0.0599 0.0154 
        D403  2 0.0236 0.0308 0.0586 0.2006 0.0225 0.0941 0.1591 0.2482 0.0210 0.0538 0.0325 0.0554 
        D415  2 0.0163 0.0238 0.0294 0.3311 0.0153 0.1316 0.0893 0.1401 0.1395 0.0207 0.0254 0.0374 
        D435  2 0.0164 0.1182 0.0515 0.5966 0.0353 0.0352 0.0334 0.0372 0.0241 0.0152 0.0177 0.0192 
        D436  2 0.0335 0.0206 0.1777 0.0280 0.0200 0.5187 0.0474 0.0389 0.0250 0.0530 0.0156 0.0216 
        D438  2 0.0226 0.7890 0.0166 0.0117 0.0164 0.0173 0.0187 0.0199 0.0136 0.0161 0.0411 0.0172 
        D439  2 0.0149 0.0541 0.5585 0.0389 0.0248 0.0361 0.0301 0.0938 0.0324 0.0202 0.0444 0.0516 
        D449  2 0.0245 0.5742 0.0229 0.0632 0.0147 0.0677 0.0280 0.0837 0.0173 0.0238 0.0374 0.0427 
        D450  2 0.0923 0.0198 0.1770 0.1335 0.0510 0.0684 0.1024 0.1483 0.0382 0.0495 0.0682 0.0514 
        D456  2 0.0199 0.0122 0.0275 0.6821 0.0212 0.1043 0.0194 0.0515 0.0130 0.0141 0.0193 0.0155 
        D462  2 0.0127 0.6436 0.1185 0.0319 0.0224 0.0455 0.0200 0.0264 0.0162 0.0156 0.0217 0.0255 
        D463  2 0.0391 0.0111 0.0360 0.5459 0.0184 0.1598 0.0269 0.0743 0.0245 0.0225 0.0256 0.0159 
        D464  2 0.0365 0.0644 0.2188 0.0474 0.0190 0.0506 0.0317 0.3529 0.0256 0.1024 0.0322 0.0185 
        D465  2 0.0219 0.3622 0.0278 0.1092 0.0300 0.1129 0.0300 0.0561 0.1116 0.0257 0.0873 0.0254 
        D473  2 0.4076 0.0404 0.0907 0.0230 0.0395 0.0361 0.0407 0.0570 0.1143 0.0343 0.0558 0.0606 
        D474  2 0.0226 0.0269 0.0236 0.7146 0.0501 0.0179 0.0245 0.0309 0.0300 0.0106 0.0250 0.0234 
        D476  2 0.0147 0.0393 0.4806 0.0190 0.0301 0.0248 0.0206 0.0270 0.0178 0.0147 0.0133 0.2980 
        D477  2 0.0442 0.0214 0.2291 0.2464 0.0754 0.0334 0.0351 0.0694 0.0828 0.0269 0.1128 0.0230 
        D478  2 0.0773 0.0570 0.1046 0.0389 0.0524 0.0469 0.0252 0.1153 0.0391 0.0866 0.0286 0.3279 
        D480  2 0.1000 0.0537 0.2026 0.1194 0.0697 0.0869 0.0892 0.1125 0.0212 0.0283 0.0945 0.0219 
        D481  2 0.0730 0.0491 0.1523 0.3108 0.0319 0.0315 0.0242 0.0765 0.0690 0.0311 0.0424 0.1082 
        D482  2 0.0815 0.0312 0.2797 0.0210 0.1536 0.0285 0.0773 0.1003 0.0555 0.0569 0.0690 0.0456 
        D483  2 0.0768 0.7356 0.0139 0.0149 0.0227 0.0170 0.0163 0.0227 0.0195 0.0222 0.0158 0.0225 
        D484  2 0.0241 0.0193 0.7360 0.0116 0.0263 0.0153 0.0189 0.0213 0.0173 0.0760 0.0205 0.0134 
        D510  2 0.2816 0.0212 0.0252 0.0212 0.1689 0.0407 0.0449 0.0366 0.0292 0.2829 0.0307 0.0168 
        D511  2 0.0194 0.0380 0.6263 0.0664 0.0298 0.0380 0.0222 0.0400 0.0277 0.0160 0.0404 0.0359 
        D512  2 0.0141 0.0962 0.0238 0.0210 0.0304 0.0195 0.0497 0.0378 0.5910 0.0450 0.0330 0.0386 
        D513  2 0.0587 0.3333 0.0257 0.0289 0.0584 0.1635 0.0393 0.0598 0.0633 0.0283 0.1150 0.0259 
        D635  2 0.0252 0.0381 0.0220 0.3430 0.0259 0.0232 0.0186 0.0629 0.0275 0.0168 0.0459 0.3509 
        D636  2 0.0188 0.0173 0.0169 0.0321 0.0117 0.0173 0.0126 0.0254 0.0313 0.0124 0.0639 0.7402 
        D637  2 0.0535 0.1137 0.2671 0.0266 0.0377 0.0299 0.1791 0.0715 0.0517 0.0532 0.0947 0.0214 
        D658  2 0.0910 0.3481 0.1562 0.0229 0.0272 0.0304 0.1050 0.0366 0.0844 0.0629 0.0173 0.0181 
        D659  2 0.0300 0.0297 0.0762 0.4564 0.0643 0.1302 0.0316 0.0442 0.0148 0.0242 0.0265 0.0721 
        D677  2 0.0205 0.0430 0.0244 0.0521 0.0533 0.2219 0.2738 0.0638 0.0636 0.0504 0.0779 0.0553 
        D678  2 0.0135 0.5472 0.0246 0.0222 0.0222 0.0212 0.0282 0.0636 0.0306 0.1475 0.0520 0.0271 
        D679  2 0.0390 0.0410 0.0589 0.1246 0.0589 0.1439 0.0365 0.0947 0.0284 0.0162 0.3224 0.0354 
        D719  2 0.2987 0.1150 0.0390 0.0792 0.1020 0.1377 0.0178 0.0567 0.0684 0.0242 0.0479 0.0133 
        D720  2 0.0715 0.0264 0.0202 0.2049 0.0239 0.4791 0.0210 0.0460 0.0285 0.0192 0.0389 0.0204 
        D721  2 0.0405 0.0581 0.0304 0.0408 0.0275 0.0424 0.0273 0.0406 0.0179 0.0122 0.0337 0.6286 
        D722  2 0.0746 0.0356 0.0241 0.0160 0.0351 0.0305 0.0179 0.0438 0.0340 0.6274 0.0432 0.0177 
        D734  2 0.0834 0.0535 0.6080 0.0161 0.0340 0.0417 0.0240 0.0456 0.0165 0.0217 0.0436 0.0120 
        D735  2 0.0791 0.0543 0.0806 0.1053 0.0290 0.1049 0.0398 0.1398 0.0801 0.0245 0.2206 0.0420 
        D736  2 0.2080 0.0510 0.0586 0.0681 0.2902 0.0486 0.0528 0.0768 0.0446 0.0283 0.0386 0.0345 
        D737  2 0.0421 0.5368 0.0793 0.0169 0.0692 0.0297 0.0302 0.0480 0.0425 0.0477 0.0232 0.0343 
        D807  2 0.1319 0.0445 0.0975 0.1682 0.1134 0.0639 0.0859 0.0571 0.0857 0.0429 0.0744 0.0347 
        D808  2 0.0280 0.0821 0.0642 0.0544 0.0562 0.0757 0.1183 0.1235 0.2649 0.0460 0.0344 0.0522 
        D817  2 0.0186 0.0167 0.0460 0.0672 0.0351 0.1018 0.0252 0.0656 0.0375 0.0346 0.5277 0.0240 
        D818  2 0.0228 0.1430 0.0350 0.0663 0.0938 0.0623 0.2241 0.1532 0.0209 0.0261 0.0376 0.1147 
        D819  2 0.0235 0.0209 0.0242 0.0840 0.0288 0.0405 0.0205 0.0533 0.1402 0.0274 0.5033 0.0335 
        D820  2 0.0186 0.0296 0.0751 0.1045 0.0342 0.6209 0.0242 0.0333 0.0151 0.0143 0.0136 0.0167 
        D895  2 0.0379 0.0451 0.0489 0.1525 0.0260 0.1760 0.0250 0.1406 0.0355 0.0358 0.1617 0.1150 
        D896  2 0.0185 0.0104 0.0136 0.0114 0.0132 0.0215 0.0173 0.0132 0.8377 0.0161 0.0133 0.0139 
        D897  2 0.0223 0.4793 0.0508 0.0259 0.0355 0.0271 0.0978 0.0675 0.0568 0.0374 0.0719 0.0278 
        D898  2 0.0444 0.0324 0.0545 0.0551 0.0954 0.0240 0.0709 0.1145 0.2738 0.0937 0.1084 0.0330 
        D918  2 0.0648 0.0527 0.0780 0.0214 0.0498 0.0745 0.2748 0.0882 0.1238 0.0298 0.0671 0.0749 
        D919  2 0.0251 0.0819 0.3311 0.0833 0.0920 0.0916 0.0273 0.1067 0.0193 0.0619 0.0206 0.0591 
        D920  2 0.0789 0.0367 0.0405 0.0397 0.0292 0.0417 0.1237 0.0512 0.0452 0.0472 0.0223 0.4436 
        D923  2 0.0224 0.0430 0.1174 0.4181 0.0246 0.1461 0.0238 0.0696 0.0221 0.0383 0.0416 0.0332 
        D930  2 0.0860 0.0363 0.0970 0.0823 0.0394 0.1497 0.0879 0.1575 0.0646 0.0443 0.1323 0.0227 
        D931  2 0.0291 0.0861 0.2568 0.3120 0.0361 0.0426 0.0373 0.0579 0.0444 0.0294 0.0458 0.0226 
        D968  2 0.0163 0.6510 0.0317 0.0221 0.1001 0.0419 0.0138 0.0336 0.0220 0.0273 0.0266 0.0135 
        D969  2 0.0412 0.1118 0.0533 0.3428 0.1131 0.0378 0.0510 0.1053 0.0397 0.0302 0.0389 0.0348 
        D977  2 0.0203 0.6385 0.0332 0.0293 0.0247 0.0235 0.0825 0.0444 0.0173 0.0278 0.0385 0.0200 
        D978  2 0.0354 0.0849 0.0267 0.0211 0.1507 0.0291 0.1865 0.1588 0.0193 0.0810 0.1819 0.0246 
        D211  3 0.0243 0.0136 0.0212 0.0561 0.0417 0.0220 0.3875 0.0304 0.0137 0.0144 0.0679 0.3074 
     D229639  3 0.0938 0.0406 0.0235 0.0981 0.4529 0.0460 0.0380 0.0512 0.0508 0.0410 0.0423 0.0217 
     D237212  3 0.0232 0.0461 0.2522 0.1190 0.1508 0.0355 0.0902 0.0617 0.0502 0.0286 0.0866 0.0561 
     D237213  3 0.0150 0.0200 0.0744 0.0204 0.0366 0.0686 0.1327 0.0603 0.1441 0.0394 0.3283 0.0603 
     D237214  3 0.0267 0.0109 0.0161 0.0126 0.0114 0.0387 0.0203 0.0356 0.0160 0.0143 0.0129 0.7844 
     D237215  3 0.0672 0.3283 0.0163 0.0134 0.1437 0.0399 0.0156 0.0399 0.0351 0.2431 0.0398 0.0176 
     D237216  3 0.0251 0.0238 0.0299 0.0318 0.0272 0.0344 0.0832 0.5653 0.0269 0.0254 0.0717 0.0552 
     D237217  3 0.0166 0.0200 0.0240 0.0511 0.0687 0.0884 0.3094 0.2100 0.0392 0.0186 0.0264 0.1277 
     D237218  3 0.0439 0.0339 0.1074 0.0377 0.1413 0.0499 0.4122 0.0835 0.0201 0.0123 0.0327 0.0250 
     D237219  3 0.0849 0.0277 0.0136 0.0201 0.1057 0.0836 0.1416 0.0527 0.0970 0.0218 0.3103 0.0409 
     D237382  3 0.1149 0.0368 0.0322 0.0355 0.0297 0.2405 0.0958 0.0695 0.1417 0.1233 0.0427 0.0373 
     D244127  3 0.0195 0.0615 0.0289 0.0155 0.0691 0.0521 0.0662 0.0620 0.4766 0.0400 0.0726 0.0361 
     D244129  3 0.0471 0.0580 0.0956 0.0920 0.0800 0.0696 0.0732 0.1151 0.1843 0.0299 0.0630 0.0922 
     D244133  3 0.0588 0.0591 0.0118 0.0379 0.0258 0.0328 0.0279 0.0438 0.0250 0.0394 0.6116 0.0262 
     D244134  3 0.1748 0.0269 0.0202 0.0200 0.3832 0.0374 0.0343 0.0390 0.0432 0.0176 0.1737 0.0296 
     D244135  3 0.0158 0.0526 0.0207 0.0501 0.0200 0.0384 0.0487 0.0433 0.0246 0.0161 0.0630 0.6068 
     D244136  3 0.1092 0.0486 0.0300 0.0938 0.0555 0.1197 0.0358 0.0765 0.0307 0.0645 0.2919 0.0437 
        D416  3 0.0319 0.1240 0.0501 0.0934 0.0344 0.0268 0.0920 0.1534 0.0538 0.0248 0.2538 0.0615 
        D417  3 0.0305 0.0176 0.0219 0.2678 0.0179 0.1156 0.3462 0.0757 0.0303 0.0362 0.0211 0.0192 
        D419  3 0.0551 0.0563 0.0300 0.0634 0.1595 0.1032 0.1653 0.0812 0.0716 0.0268 0.1529 0.0347 
        D565  3 0.6421 0.0157 0.0194 0.0429 0.0491 0.0507 0.0152 0.0314 0.0213 0.0214 0.0733 0.0177 
        D566  3 0.1759 0.0404 0.0180 0.1066 0.2551 0.0381 0.0238 0.0710 0.0633 0.0629 0.1206 0.0243 
        D567  3 0.0206 0.0384 0.0763 0.4514 0.0242 0.0678 0.0502 0.0637 0.0595 0.0412 0.0524 0.0542 
        D568  3 0.0198 0.1277 0.1088 0.0574 0.0605 0.1435 0.2282 0.0902 0.0425 0.0328 0.0339 0.0549 
        D569  3 0.0363 0.0685 0.4513 0.0207 0.0358 0.0317 0.0337 0.0743 0.0194 0.1060 0.0396 0.0828 
        D573  3 0.0223 0.1334 0.0379 0.2170 0.3705 0.0401 0.0205 0.0670 0.0268 0.0189 0.0240 0.0216 
        D574  3 0.2472 0.0391 0.0384 0.0379 0.0821 0.0293 0.0457 0.0965 0.0773 0.1172 0.1435 0.0458 
        D575  3 0.0295 0.0261 0.0152 0.0264 0.0228 0.0388 0.0194 0.0195 0.0263 0.0104 0.7307 0.0349 
        D576  3 0.0255 0.3753 0.0218 0.0096 0.0745 0.0124 0.0186 0.0357 0.0145 0.2294 0.1411 0.0416 
        D577  3 0.0294 0.0173 0.0396 0.3278 0.0408 0.1236 0.0724 0.0722 0.0181 0.0550 0.1304 0.0734 
        D578  3 0.0148 0.0216 0.0139 0.0122 0.0171 0.0306 0.0277 0.0292 0.0308 0.0187 0.0218 0.7616 
        D579  3 0.1037 0.0441 0.1224 0.1764 0.1248 0.0515 0.0989 0.0677 0.0427 0.0279 0.1012 0.0386 
        D660  3 0.0171 0.5033 0.0421 0.0154 0.0215 0.0284 0.0455 0.0662 0.0428 0.0350 0.1349 0.0479 
        D661  3 0.0172 0.0912 0.0431 0.0190 0.1146 0.0299 0.4896 0.0939 0.0205 0.0211 0.0286 0.0313 
        D663  3 0.0152 0.0723 0.0344 0.0513 0.4562 0.0384 0.0248 0.1156 0.0195 0.0850 0.0510 0.0362 
        D664  3 0.0461 0.1330 0.0221 0.0145 0.0332 0.0530 0.1346 0.0649 0.0912 0.0564 0.2681 0.0828 
        D665  3 0.0116 0.0327 0.1024 0.0148 0.0383 0.0307 0.0705 0.1403 0.1023 0.0998 0.2252 0.1315 
        D666  3 0.0580 0.0200 0.0250 0.0296 0.0302 0.0634 0.0519 0.0474 0.1494 0.0156 0.4824 0.0269 
        D009  4 0.0301 0.0203 0.1144 0.1354 0.0216 0.0432 0.2178 0.1411 0.0640 0.0596 0.0281 0.1244 
        D057  4 0.0241 0.0920 0.2728 0.0225 0.0782 0.1559 0.0404 0.0522 0.0160 0.0286 0.0110 0.2063 
        D109  4 0.0465 0.0190 0.0300 0.0555 0.0238 0.0297 0.0531 0.1551 0.3745 0.0417 0.1137 0.0575 
     D237222  4 0.1179 0.0280 0.0239 0.0253 0.0308 0.0752 0.0414 0.0713 0.0251 0.1179 0.0179 0.4252 
     D237223  4 0.0821 0.0378 0.0449 0.0191 0.0590 0.1373 0.3537 0.0922 0.0630 0.0444 0.0219 0.0447 
     D237224  4 0.0319 0.1400 0.1608 0.1339 0.1470 0.0485 0.0377 0.0836 0.0338 0.0411 0.0953 0.0463 
     D237225  4 0.0537 0.0313 0.0807 0.0529 0.0415 0.1800 0.1224 0.2388 0.0492 0.0390 0.0511 0.0592 
     D237299  4 0.0472 0.0207 0.0198 0.0169 0.0625 0.0208 0.5085 0.1118 0.0633 0.0429 0.0230 0.0628 
     D237300  4 0.0300 0.0429 0.0226 0.0175 0.5517 0.0221 0.0778 0.0585 0.0198 0.0267 0.1105 0.0198 
     D237306  4 0.2677 0.0233 0.0389 0.0544 0.0298 0.0903 0.1394 0.0542 0.1072 0.1519 0.0207 0.0222 
     D237307  4 0.1447 0.0386 0.0141 0.1586 0.0486 0.1851 0.0598 0.0742 0.0291 0.0769 0.1322 0.0380 
     D237308  4 0.0651 0.3452 0.0919 0.0190 0.0398 0.1695 0.0271 0.0708 0.0617 0.0301 0.0365 0.0432 
     D237309  4 0.0230 0.0415 0.0953 0.1682 0.0497 0.0778 0.1132 0.1761 0.0486 0.0694 0.0415 0.0958 
     D237317  4 0.2541 0.0269 0.0344 0.0925 0.0552 0.0898 0.0254 0.2253 0.0399 0.0522 0.0401 0.0640 
     D237318  4 0.0234 0.0506 0.0137 0.0337 0.6735 0.0258 0.0291 0.0383 0.0221 0.0303 0.0430 0.0165 
     D237319  4 0.0387 0.0409 0.0230 0.0268 0.0544 0.1795 0.2465 0.1011 0.0966 0.0780 0.0466 0.0677 
     D237320  4 0.0247 0.0486 0.0270 0.0378 0.0733 0.0530 0.5196 0.0544 0.0634 0.0233 0.0245 0.0503 
     D237321  4 0.0476 0.0854 0.0348 0.0840 0.4087 0.0282 0.0427 0.0585 0.0603 0.0476 0.0656 0.0367 
     D237397  4 0.1037 0.0737 0.0166 0.0263 0.1215 0.1246 0.2667 0.0719 0.0487 0.0667 0.0354 0.0441 
     D237398  4 0.0187 0.0270 0.0544 0.0609 0.5152 0.0447 0.0984 0.0759 0.0223 0.0203 0.0310 0.0313 
     D237399  4 0.1721 0.0323 0.0440 0.0428 0.2639 0.1160 0.0917 0.0551 0.0536 0.0361 0.0248 0.0675 
     D244001  4 0.0253 0.1075 0.0479 0.0342 0.0311 0.0813 0.0781 0.0831 0.0212 0.1676 0.0223 0.3005 
        D289  4 0.1877 0.0626 0.2460 0.0556 0.0913 0.0535 0.0717 0.0759 0.0326 0.0292 0.0335 0.0605 
        D290  4 0.0306 0.0342 0.0535 0.0577 0.0968 0.1495 0.0696 0.0937 0.0414 0.3057 0.0170 0.0503 
        D294  4 0.0320 0.0284 0.2373 0.0909 0.0421 0.0752 0.1220 0.1710 0.0198 0.0856 0.0308 0.0649 
        D295  4 0.0374 0.0247 0.0521 0.0775 0.0418 0.2934 0.1843 0.0479 0.1084 0.0394 0.0719 0.0212 
        D301  4 0.0651 0.0364 0.0242 0.0144 0.1039 0.0418 0.0752 0.0615 0.0366 0.1355 0.0538 0.3516 
        D302  4 0.0160 0.0160 0.5878 0.0514 0.0219 0.1000 0.0310 0.0461 0.0141 0.0518 0.0282 0.0357 
        D303  4 0.4115 0.0537 0.0990 0.0407 0.0293 0.0258 0.0486 0.0472 0.0855 0.0621 0.0634 0.0332 
        D304  4 0.0641 0.0289 0.0376 0.0737 0.2251 0.1163 0.0489 0.1248 0.0205 0.1784 0.0436 0.0382 
        D305  4 0.0114 0.0827 0.2573 0.0213 0.0395 0.0436 0.0375 0.3663 0.0252 0.0555 0.0224 0.0373 
        D306  4 0.0315 0.0241 0.0403 0.0413 0.0339 0.0960 0.0486 0.2174 0.0409 0.3531 0.0144 0.0586 
        D307  4 0.0794 0.0216 0.0348 0.0197 0.0556 0.0338 0.0299 0.0439 0.0326 0.0298 0.0473 0.5716 
        D327  4 0.0679 0.0309 0.0327 0.3869 0.0475 0.1718 0.0435 0.0726 0.0209 0.0385 0.0587 0.0281 
        D328  4 0.1080 0.0236 0.2300 0.0199 0.0326 0.0616 0.0835 0.0470 0.0630 0.2311 0.0796 0.0201 
        D329  4 0.0433 0.1158 0.1780 0.0806 0.0747 0.0955 0.0823 0.1416 0.0562 0.0507 0.0288 0.0525 
        D330  4 0.0192 0.0631 0.0937 0.1155 0.0176 0.1553 0.1010 0.1000 0.1587 0.0713 0.0341 0.0707 
        D331  4 0.0710 0.0289 0.0300 0.1164 0.1987 0.1164 0.0487 0.0924 0.0535 0.1486 0.0514 0.0441 
        D333  4 0.0711 0.0736 0.1541 0.0695 0.0646 0.0795 0.1617 0.0612 0.0741 0.1088 0.0389 0.0428 
        D334  4 0.4410 0.0164 0.0476 0.0418 0.0437 0.1069 0.0715 0.0568 0.0200 0.0301 0.0507 0.0736 
        D335  4 0.0232 0.0216 0.1448 0.0314 0.0213 0.6025 0.0133 0.0310 0.0228 0.0493 0.0230 0.0158 
        D370  4 0.0362 0.0332 0.0324 0.0327 0.0262 0.0531 0.0232 0.0418 0.1182 0.5086 0.0707 0.0238 
        D371  4 0.4385 0.0324 0.0215 0.1544 0.0240 0.0523 0.0187 0.0578 0.0216 0.0720 0.0891 0.0178 
        D372  4 0.0286 0.0451 0.0168 0.0121 0.5017 0.0173 0.0367 0.1036 0.0269 0.1621 0.0308 0.0182 
        D373  4 0.0214 0.0739 0.0389 0.0544 0.0841 0.0208 0.0337 0.0577 0.0167 0.0234 0.0594 0.5156 
        D455  4 0.0272 0.0330 0.0737 0.0340 0.0518 0.0455 0.0281 0.0344 0.0203 0.0250 0.0182 0.6087 
        D490  4 0.0260 0.0118 0.0285 0.0283 0.0152 0.0306 0.1027 0.0319 0.0291 0.0201 0.0231 0.6527 
        D497  4 0.0205 0.0181 0.0583 0.0157 0.0248 0.0251 0.1736 0.0584 0.0369 0.0313 0.0493 0.4880 
        D498  4 0.0839 0.0253 0.0246 0.0486 0.1232 0.0915 0.0478 0.0772 0.1280 0.2561 0.0622 0.0315 
        D499  4 0.0976 0.1265 0.0918 0.0306 0.0604 0.0165 0.1428 0.0840 0.0753 0.0403 0.2175 0.0166 
        D514  4 0.0160 0.0240 0.1287 0.2604 0.0555 0.0729 0.0513 0.0953 0.0469 0.1259 0.0708 0.0521 
        D515  4 0.0234 0.0191 0.0361 0.0222 0.0196 0.1304 0.5269 0.0422 0.0393 0.0745 0.0266 0.0396 
        D516  4 0.0445 0.0485 0.0171 0.0407 0.0587 0.2330 0.1271 0.0560 0.0977 0.0370 0.2063 0.0334 
        D517  4 0.0199 0.0340 0.0305 0.0512 0.0718 0.0833 0.1056 0.1486 0.0375 0.0213 0.0175 0.3788 
        D518  4 0.0469 0.0325 0.2618 0.0151 0.0218 0.2886 0.0397 0.0603 0.0179 0.0724 0.0159 0.1272 
        D519  4 0.0210 0.0214 0.0188 0.0255 0.0316 0.0338 0.7227 0.0255 0.0287 0.0126 0.0205 0.0379 
        D560  4 0.0135 0.0321 0.0244 0.0576 0.0318 0.0356 0.7033 0.0263 0.0192 0.0202 0.0170 0.0190 
        D561  4 0.0151 0.0581 0.0606 0.0507 0.0244 0.0886 0.0300 0.2130 0.0561 0.0368 0.0242 0.3425 
        D562  4 0.0421 0.0433 0.0928 0.0328 0.0645 0.0652 0.0647 0.1405 0.0437 0.1026 0.0334 0.2746 
        D563  4 0.0198 0.2789 0.1516 0.0250 0.0591 0.0314 0.0860 0.1103 0.0535 0.0312 0.0832 0.0700 
        D572  4 0.0253 0.0283 0.5514 0.0369 0.0225 0.0765 0.0397 0.0522 0.0225 0.0450 0.0189 0.0810 
        D629  4 0.0178 0.0218 0.0489 0.1975 0.0456 0.0305 0.0624 0.0539 0.0215 0.0201 0.2787 0.2014 
        D630  4 0.0430 0.0244 0.0719 0.0439 0.0632 0.1558 0.2327 0.0702 0.0296 0.1261 0.0277 0.1116 
        D631  4 0.0215 0.0673 0.4649 0.0144 0.0488 0.1203 0.0910 0.0501 0.0283 0.0348 0.0264 0.0322 
        D632  4 0.0173 0.1513 0.2375 0.0698 0.0152 0.0264 0.0277 0.0593 0.0540 0.0374 0.0588 0.2454 
        D646  4 0.0244 0.0507 0.0355 0.0390 0.0435 0.2084 0.3157 0.0864 0.0994 0.0291 0.0187 0.0492 
        D647  4 0.0140 0.0409 0.0649 0.1367 0.0421 0.3417 0.0988 0.0676 0.0632 0.0566 0.0203 0.0531 
        D648  4 0.0399 0.0226 0.1765 0.0153 0.0140 0.0322 0.0500 0.0290 0.0179 0.5271 0.0569 0.0185 
        D649  4 0.0201 0.0150 0.2115 0.2212 0.0282 0.0507 0.0489 0.0587 0.2158 0.0256 0.0672 0.0372 
        D650  4 0.0607 0.0237 0.0648 0.0664 0.0655 0.2040 0.1761 0.0783 0.0751 0.0344 0.0708 0.0805 
        D708  4 0.1129 0.0271 0.1602 0.0309 0.0642 0.0624 0.1166 0.1278 0.0317 0.0567 0.1672 0.0424 
        D709  4 0.0283 0.0257 0.0613 0.0180 0.0276 0.1192 0.0324 0.0695 0.2559 0.2895 0.0553 0.0174 
        D738  4 0.3380 0.0181 0.0184 0.0324 0.0386 0.2690 0.0780 0.0393 0.0846 0.0320 0.0180 0.0335 
        D739  4 0.0282 0.0234 0.0469 0.0214 0.0521 0.0867 0.1698 0.1225 0.0357 0.1473 0.0463 0.2197 
        D740  4 0.1820 0.0473 0.0947 0.0235 0.0767 0.0258 0.1275 0.2001 0.1040 0.0188 0.0577 0.0419 
        D741  4 0.0120 0.0626 0.0221 0.0357 0.0297 0.1865 0.4965 0.0456 0.0360 0.0247 0.0276 0.0209 
        D742  4 0.0774 0.1568 0.0771 0.0381 0.1262 0.0398 0.2228 0.0906 0.0500 0.0306 0.0361 0.0545 
        D743  4 0.0223 0.0491 0.4110 0.1867 0.0464 0.0902 0.0359 0.0447 0.0170 0.0190 0.0409 0.0369 
        D744  4 0.0158 0.0287 0.7741 0.0182 0.0180 0.0198 0.0242 0.0249 0.0206 0.0134 0.0240 0.0184 
        D745  4 0.0225 0.0166 0.0231 0.0217 0.0219 0.0259 0.7381 0.0183 0.0294 0.0174 0.0272 0.0378 
        D814  4 0.0235 0.2266 0.0652 0.0200 0.0589 0.0612 0.2086 0.1354 0.0134 0.0791 0.0291 0.0790 
        D815  4 0.0263 0.0296 0.3313 0.0691 0.0429 0.1740 0.0240 0.0556 0.0601 0.1103 0.0509 0.0262 
        D828  4 0.0371 0.0306 0.0571 0.0123 0.0321 0.0243 0.0492 0.0355 0.0269 0.6345 0.0326 0.0279 
        D845  4 0.0305 0.0229 0.0198 0.0157 0.7915 0.0233 0.0190 0.0177 0.0141 0.0133 0.0221 0.0101 
        D846  4 0.0122 0.1290 0.1895 0.0383 0.0536 0.2287 0.0372 0.0837 0.0170 0.0428 0.0512 0.1169 
        D847  4 0.0957 0.0412 0.0629 0.1139 0.0762 0.0533 0.1598 0.0759 0.0502 0.0326 0.0279 0.2105 
        D848  4 0.0204 0.0555 0.0311 0.0202 0.1894 0.0190 0.0182 0.0384 0.0187 0.0264 0.0194 0.5432 
        D849  4 0.0203 0.0337 0.0325 0.0179 0.0242 0.1924 0.3331 0.0741 0.0475 0.0517 0.0657 0.1068 
        D850  4 0.0503 0.0318 0.0320 0.0338 0.1498 0.2934 0.0353 0.1380 0.0341 0.0165 0.0413 0.1439 
        D856  4 0.0439 0.0246 0.0497 0.0397 0.0412 0.0893 0.1008 0.2158 0.2169 0.0804 0.0602 0.0376 
        D857  4 0.0283 0.0803 0.0173 0.0102 0.0136 0.0177 0.0321 0.0296 0.4922 0.2350 0.0134 0.0303 
        D859  4 0.0231 0.0337 0.4051 0.0530 0.0737 0.0906 0.1319 0.0728 0.0232 0.0485 0.0192 0.0253 
        D860  4 0.3689 0.0590 0.0764 0.0548 0.1657 0.0724 0.0204 0.0660 0.0250 0.0297 0.0240 0.0377 
        D883  4 0.0505 0.0279 0.0673 0.1930 0.0658 0.0953 0.0685 0.0641 0.0692 0.0980 0.0902 0.1103 
        D884  4 0.0382 0.0131 0.0425 0.0213 0.0209 0.2125 0.4421 0.0344 0.0678 0.0471 0.0421 0.0180 
        D885  4 0.0268 0.0573 0.0315 0.0562 0.0882 0.1244 0.3389 0.1210 0.0345 0.0127 0.0803 0.0281 
        D886  4 0.0273 0.0530 0.0473 0.1786 0.0315 0.0811 0.0949 0.0515 0.1739 0.1252 0.0201 0.1156 
        D887  4 0.0362 0.0748 0.0869 0.2779 0.1177 0.0230 0.1064 0.0927 0.0520 0.0736 0.0270 0.0319 
        D889  4 0.0161 0.0125 0.0494 0.0278 0.5390 0.0777 0.0371 0.0498 0.0142 0.1299 0.0281 0.0184 
        D890  4 0.0407 0.0482 0.0598 0.0320 0.0250 0.0277 0.0237 0.0605 0.0589 0.1012 0.4730 0.0493 
        D891  4 0.0111 0.0135 0.0132 0.0129 0.8508 0.0117 0.0124 0.0201 0.0107 0.0087 0.0235 0.0115 
        D899  4 0.0657 0.2743 0.0909 0.0325 0.1619 0.0508 0.0369 0.0707 0.0304 0.0899 0.0613 0.0347 
        D900  4 0.0603 0.0653 0.1265 0.1578 0.0547 0.0620 0.0617 0.1242 0.0681 0.0816 0.0435 0.0941 
        D970  4 0.0490 0.0515 0.2615 0.1019 0.0998 0.0539 0.0580 0.1269 0.0456 0.0333 0.0450 0.0734 
        D971  4 0.0470 0.3083 0.1308 0.0303 0.0234 0.1527 0.0158 0.1098 0.0604 0.0586 0.0340 0.0290 
        D979  4 0.0186 0.0147 0.0547 0.0260 0.0207 0.7166 0.0197 0.0304 0.0183 0.0376 0.0265 0.0162 
        D093  5 0.5954 0.0216 0.0247 0.0548 0.0441 0.0262 0.0751 0.0427 0.0212 0.0489 0.0264 0.0187 
        D154  5 0.0332 0.0780 0.0276 0.0227 0.0803 0.0244 0.2581 0.0875 0.0269 0.0792 0.2666 0.0154 
        D168  5 0.0133 0.1645 0.0309 0.0447 0.0722 0.0525 0.1650 0.0873 0.0379 0.0327 0.2403 0.0587 
