        D174  1 0.0800 0.6782 0.1981 0.0437 
        D199  1 0.4257 0.2810 0.0627 0.2306 
        D203  1 0.3633 0.1332 0.2474 0.2561 
        D204  1 0.8968 0.0358 0.0320 0.0355 
     D237366  1 0.1999 0.1339 0.5103 0.1559 
     D237367  1 0.5135 0.0710 0.3369 0.0786 
     D237368  1 0.2985 0.0872 0.4889 0.1254 
     D244101  1 0.7571 0.0371 0.0418 0.1640 
     D244102  1 0.1853 0.3563 0.3295 0.1290 
     D244103  1 0.1834 0.0916 0.6632 0.0618 
     D244104  1 0.6950 0.1586 0.0636 0.0828 
     D244105  1 0.1456 0.0421 0.7571 0.0552 
     D244106  1 0.0824 0.6401 0.0750 0.2024 
     D244107  1 0.2384 0.0290 0.6485 0.0841 
     D244108  1 0.1709 0.5940 0.1617 0.0733 
     D244113  1 0.0299 0.8890 0.0374 0.0437 
     D244114  1 0.2336 0.2348 0.1520 0.3795 
     D244115  1 0.2639 0.5022 0.1664 0.0675 
     D267365  1 0.4528 0.3567 0.0979 0.0925 
        D404  1 0.0538 0.8566 0.0460 0.0436 
        D405  1 0.1585 0.6177 0.1028 0.1209 
        D406  1 0.1120 0.0452 0.8210 0.0219 
        D407  1 0.6577 0.0570 0.2019 0.0835 
        D408  1 0.0703 0.7541 0.0480 0.1275 
        D409  1 0.1618 0.1108 0.6582 0.0692 
        D410  1 0.1322 0.0570 0.7917 0.0191 
        D421  1 0.8842 0.0373 0.0326 0.0458 
        D422  1 0.0549 0.0191 0.8877 0.0383 
        D423  1 0.0952 0.0258 0.8464 0.0326 
        D424  1 0.7347 0.0626 0.1702 0.0326 
        D425  1 0.5747 0.2983 0.0729 0.0542 
        D426  1 0.1242 0.0463 0.6169 0.2127 
        D427  1 0.1516 0.1439 0.0377 0.6668 
        D428  1 0.4646 0.3102 0.1518 0.0734 
        D429  1 0.3930 0.4274 0.0949 0.0848 
        D430  1 0.2054 0.3258 0.1591 0.3097 
        D491  1 0.1295 0.8024 0.0370 0.0312 
        D492  1 0.4481 0.3135 0.1669 0.0715 
        D537  1 0.7535 0.1014 0.1120 0.0331 
        D538  1 0.1890 0.2969 0.3932 0.1209 
        D539  1 0.0858 0.4084 0.2011 0.3047 
        D540  1 0.3837 0.2119 0.2990 0.1054 
        D541  1 0.8932 0.0299 0.0449 0.0320 
        D551  1 0.1390 0.0567 0.0932 0.7111 
        D552  1 0.3536 0.2511 0.3004 0.0948 
        D553  1 0.8877 0.0396 0.0450 0.0276 
        D615  1 0.4313 0.1695 0.2259 0.1733 
        D616  1 0.3571 0.1246 0.3565 0.1618 
        D621  1 0.0731 0.2770 0.5936 0.0563 
        D622  1 0.0809 0.0617 0.8160 0.0415 
        D623  1 0.1127 0.6036 0.0557 0.2280 
        D624  1 0.0438 0.8656 0.0559 0.0347 
        D625  1 0.7076 0.1149 0.1476 0.0299 
        D626  1 0.1173 0.6036 0.1927 0.0864 
        D627  1 0.2289 0.0642 0.5813 0.1256 
        D690  1 0.7738 0.1029 0.1044 0.0190 
        D691  1 0.1430 0.0464 0.7726 0.0379 
        D710  1 0.5886 0.2324 0.1107 0.0683 
        D711  1 0.8259 0.0744 0.0633 0.0364 
        D712  1 0.0489 0.7649 0.0903 0.0959 
        D713  1 0.2416 0.6074 0.1129 0.0381 
        D746  1 0.1089 0.0296 0.8276 0.0339 
        D747  1 0.9211 0.0310 0.0206 0.0273 
        D748  1 0.4729 0.0864 0.3977 0.0430 
        D749  1 0.0743 0.2198 0.5633 0.1425 
        D750  1 0.2507 0.6257 0.0767 0.0470 
        D763  1 0.4434 0.0733 0.1088 0.3745 
        D764  1 0.4827 0.2802 0.2104 0.0267 
        D765  1 0.0671 0.1596 0.7226 0.0507 
        D766  1 0.3787 0.1304 0.4545 0.0365 
        D767  1 0.3533 0.1982 0.3062 0.1422 
        D768  1 0.8720 0.0227 0.0719 0.0335 
        D811  1 0.0440 0.8307 0.0765 0.0487 
        D816  1 0.8474 0.0804 0.0424 0.0298 
        D825  1 0.1684 0.5892 0.2065 0.0359 
        D866  1 0.0816 0.3613 0.0839 0.4731 
        D867  1 0.0440 0.0492 0.8593 0.0475 
        D871  1 0.1830 0.1389 0.6160 0.0621 
        D872  1 0.5476 0.1688 0.2285 0.0551 
        D873  1 0.0188 0.0265 0.9353 0.0195 
        D874  1 0.5287 0.3537 0.0342 0.0835 
        D875  1 0.1093 0.0479 0.8151 0.0277 
        D876  1 0.6366 0.2081 0.1011 0.0542 
        D877  1 0.0918 0.8431 0.0330 0.0322 
        D892  1 0.4328 0.2986 0.2365 0.0321 
        D893  1 0.6883 0.0462 0.1743 0.0913 
        D894  1 0.6110 0.1932 0.1311 0.0647 
        D915  1 0.6043 0.1132 0.2384 0.0441 
        D916  1 0.8930 0.0366 0.0433 0.0271 
        D917  1 0.3349 0.4444 0.0740 0.1467 
        D925  1 0.1727 0.1140 0.6713 0.0420 
        D926  1 0.6425 0.1784 0.1195 0.0596 
        D927  1 0.5119 0.1029 0.0789 0.3063 
        D928  1 0.1121 0.8348 0.0334 0.0197 
        D929  1 0.1852 0.4571 0.2759 0.0818 
        D936  1 0.7292 0.0896 0.0511 0.1301 
        D938  1 0.0555 0.0415 0.8787 0.0243 
        D956  1 0.0475 0.8094 0.0681 0.0750 
        D957  1 0.3928 0.1686 0.3849 0.0537 
        D958  1 0.4949 0.2195 0.2615 0.0241 
        D959  1 0.6881 0.0349 0.2145 0.0626 
        D960  1 0.0393 0.0514 0.8841 0.0252 
        D989  1 0.1095 0.6149 0.0449 0.2307 
        D990  1 0.0263 0.0401 0.8566 0.0769 
        D023  2 0.2688 0.0285 0.6633 0.0395 
        D130  2 0.0900 0.0291 0.8489 0.0320 
        D131  2 0.6063 0.0736 0.1762 0.1439 
        D163  2 0.1004 0.0389 0.8226 0.0382 
        D164  2 0.0376 0.0215 0.4913 0.4495 
        D165  2 0.1591 0.0262 0.7490 0.0657 
        D166  2 0.2074 0.2403 0.3986 0.1537 
        D167  2 0.0314 0.0584 0.0254 0.8848 
        D192  2 0.0187 0.0318 0.0176 0.9320 
        D193  2 0.0579 0.7240 0.1297 0.0884 
        D206  2 0.3211 0.1011 0.2793 0.2986 
        D207  2 0.1476 0.0767 0.0630 0.7127 
        D208  2 0.0946 0.4389 0.0709 0.3957 
        D209  2 0.1974 0.0834 0.1450 0.5742 
        D210  2 0.1437 0.3815 0.0632 0.4116 
     D229599  2 0.3933 0.2306 0.1836 0.1924 
     D229600  2 0.0515 0.0449 0.5707 0.3329 
     D237227  2 0.1156 0.4918 0.2264 0.1662 
     D237228  2 0.0643 0.3915 0.3751 0.1691 
     D237258  2 0.1715 0.2252 0.2208 0.3825 
     D237310  2 0.0355 0.1310 0.7570 0.0766 
     D237311  2 0.0322 0.0689 0.6972 0.2016 
     D237312  2 0.0591 0.3219 0.5514 0.0675 
     D237313  2 0.3316 0.3231 0.2460 0.0993 
     D237322  2 0.1188 0.2145 0.1677 0.4989 
     D237323  2 0.0317 0.1583 0.7574 0.0526 
     D237324  2 0.1590 0.0355 0.4566 0.3488 
     D237325  2 0.0845 0.2207 0.5845 0.1102 
     D237326  2 0.2248 0.0831 0.6477 0.0445 
     D237327  2 0.2102 0.0635 0.1084 0.6179 
     D237337  2 0.0522 0.0789 0.8438 0.0252 
     D237338  2 0.1417 0.1623 0.4860 0.2100 
     D237339  2 0.6155 0.0553 0.0538 0.2754 
     D237340  2 0.0411 0.3118 0.3675 0.2796 
     D237389  2 0.0504 0.0964 0.7702 0.0830 
     D237390  2 0.1342 0.2853 0.4986 0.0820 
     D244017  2 0.0917 0.4922 0.0940 0.3221 
     D244112  2 0.0234 0.0451 0.1092 0.8223 
     D244118  2 0.0302 0.0411 0.2949 0.6339 
     D244119  2 0.0361 0.5169 0.0426 0.4044 
     D244120  2 0.0270 0.3042 0.0722 0.5966 
     D244122  2 0.0503 0.1328 0.0898 0.7272 
        D291  2 0.1515 0.0860 0.1455 0.6169 
        D292  2 0.3069 0.1663 0.0650 0.4617 
        D293  2 0.5724 0.0208 0.0218 0.3850 
        D322  2 0.5913 0.0321 0.0601 0.3164 
        D323  2 0.3244 0.3219 0.0967 0.2570 
        D324  2 0.3992 0.1185 0.2388 0.2434 
        D325  2 0.2212 0.0167 0.0419 0.7201 
        D326  2 0.9004 0.0390 0.0250 0.0356 
        D340  2 0.0424 0.0184 0.0251 0.9142 
        D341  2 0.0533 0.0450 0.0466 0.8551 
        D342  2 0.0589 0.0494 0.1734 0.7183 
        D343  2 0.0428 0.0120 0.0171 0.9281 
        D344  2 0.6232 0.1493 0.1270 0.1006 
        D345  2 0.6062 0.1012 0.1904 0.1022 
        D346  2 0.1248 0.6526 0.0585 0.1641 
        D351  2 0.6687 0.0466 0.1614 0.1233 
        D352  2 0.2714 0.2872 0.2129 0.2285 
        D353  2 0.8548 0.0491 0.0274 0.0688 
        D354  2 0.3868 0.4381 0.1274 0.0477 
        D362  2 0.7279 0.1126 0.1027 0.0568 
        D363  2 0.7545 0.1428 0.0613 0.0414 
        D364  2 0.6495 0.1908 0.1074 0.0523 
        D365  2 0.0685 0.0259 0.0209 0.8847 
        D369  2 0.4108 0.2074 0.1377 0.2441 
        D374  2 0.0216 0.9244 0.0314 0.0227 
        D375  2 0.3569 0.3383 0.2386 0.0661 
        D376  2 0.0269 0.8863 0.0410 0.0458 
        D377  2 0.1107 0.4542 0.2780 0.1570 
        D378  2 0.6983 0.0343 0.0590 0.2084 
        D379  2 0.8451 0.0656 0.0506 0.0387 
        D384  2 0.8912 0.0580 0.0216 0.0292 
        D385  2 0.0475 0.0606 0.0295 0.8625 
        D386  2 0.7423 0.0535 0.1002 0.1041 
        D391  2 0.1128 0.0241 0.0275 0.8356 
        D392  2 0.1045 0.0603 0.0992 0.7360 
        D393  2 0.6448 0.0425 0.0778 0.2349 
        D394  2 0.3022 0.1235 0.4376 0.1367 
        D395  2 0.1991 0.0708 0.0743 0.6558 
        D401  2 0.0390 0.0808 0.8351 0.0451 
        D402  2 0.0434 0.0269 0.0235 0.9062 
        D403  2 0.6152 0.0703 0.2485 0.0659 
        D415  2 0.7943 0.0291 0.1460 0.0306 
        D435  2 0.7640 0.0216 0.0660 0.1484 
        D436  2 0.5238 0.2798 0.1230 0.0735 
        D438  2 0.0310 0.0367 0.0292 0.9031 
        D439  2 0.5428 0.0541 0.2325 0.1706 
        D449  2 0.2141 0.0322 0.0930 0.6607 
        D450  2 0.2376 0.5301 0.1520 0.0803 
        D456  2 0.9282 0.0248 0.0272 0.0198 
        D462  2 0.1424 0.0218 0.0253 0.8106 
        D463  2 0.9188 0.0346 0.0281 0.0185 
        D464  2 0.6813 0.1700 0.0552 0.0935 
        D465  2 0.5548 0.0521 0.1271 0.2660 
        D473  2 0.0680 0.7071 0.1456 0.0794 
        D474  2 0.6440 0.0766 0.0934 0.1860 
        D476  2 0.1619 0.0311 0.6047 0.2023 
        D477  2 0.6318 0.1798 0.0801 0.1084 
        D478  2 0.1887 0.4359 0.2801 0.0953 
        D480  2 0.6637 0.0909 0.0368 0.2085 
        D481  2 0.5190 0.1751 0.1863 0.1196 
        D482  2 0.1241 0.3355 0.1854 0.3551 
        D483  2 0.0283 0.0663 0.0322 0.8732 
        D484  2 0.1770 0.3893 0.1230 0.3107 
        D510  2 0.0330 0.8655 0.0337 0.0678 
        D511  2 0.7315 0.0488 0.0714 0.1482 
        D512  2 0.0975 0.0480 0.7048 0.1497 
        D513  2 0.2463 0.0955 0.1174 0.5408 
        D635  2 0.7313 0.0421 0.1792 0.0474 
        D636  2 0.0461 0.0364 0.8893 0.0282 
        D637  2 0.1788 0.2751 0.1152 0.4309 
        D658  2 0.0514 0.2113 0.0750 0.6623 
        D659  2 0.8568 0.0510 0.0450 0.0471 
        D677  2 0.4007 0.0834 0.3058 0.2101 
        D678  2 0.0501 0.0829 0.0944 0.7726 
        D679  2 0.6292 0.1026 0.0514 0.2168 
        D719  2 0.3991 0.3547 0.0293 0.2169 
        D720  2 0.7443 0.1383 0.0590 0.0585 
        D721  2 0.3132 0.0623 0.4532 0.1713 
        D722  2 0.0397 0.8253 0.0596 0.0754 
        D734  2 0.1849 0.4872 0.0281 0.2997 
        D735  2 0.5337 0.1548 0.1334 0.1782 
        D736  2 0.1931 0.4588 0.1171 0.2310 
        D737  2 0.0811 0.1141 0.0945 0.7104 
        D807  2 0.3284 0.4070 0.0962 0.1684 
        D808  2 0.2576 0.0731 0.4564 0.2130 
        D817  2 0.5319 0.3135 0.0948 0.0598 
        D818  2 0.2852 0.0615 0.1945 0.4588 
        D819  2 0.5073 0.1393 0.2722 0.0812 
        D820  2 0.9037 0.0356 0.0224 0.0383 
        D895  2 0.6804 0.0911 0.1484 0.0801 
        D896  2 0.0353 0.0655 0.8767 0.0225 
        D897  2 0.0749 0.0577 0.0730 0.7944 
        D898  2 0.2130 0.3673 0.2586 0.1610 
        D918  2 0.1387 0.1474 0.4783 0.2357 
        D919  2 0.5816 0.0544 0.0878 0.2762 
        D920  2 0.0406 0.0539 0.8661 0.0394 
        D923  2 0.8750 0.0537 0.0367 0.0346 
        D930  2 0.4347 0.3424 0.1150 0.1079 
        D931  2 0.6254 0.1377 0.0582 0.1787 
        D968  2 0.0506 0.0198 0.0223 0.9074 
        D969  2 0.5149 0.0615 0.0570 0.3667 
        D977  2 0.1540 0.0402 0.0914 0.7144 
        D978  2 0.1147 0.1454 0.0572 0.6826 
        D211  3 0.1589 0.0772 0.6749 0.0890 
     D229639  3 0.0969 0.1830 0.0537 0.6664 
     D237212  3 0.3032 0.1018 0.2000 0.3951 
     D237213  3 0.3053 0.0957 0.4573 0.1417 
     D237214  3 0.0962 0.0544 0.8119 0.0375 
     D237215  3 0.0244 0.1457 0.0330 0.7969 
     D237216  3 0.2163 0.1247 0.4142 0.2447 
     D237217  3 0.2612 0.0298 0.6360 0.0730 
     D237218  3 0.2744 0.0514 0.1037 0.5705 
     D237219  3 0.0800 0.2266 0.5067 0.1868 
     D237382  3 0.2402 0.4104 0.2424 0.1070 
     D244127  3 0.0759 0.0607 0.6850 0.1784 
     D244129  3 0.3964 0.1058 0.3305 0.1674 
     D244133  3 0.1167 0.4628 0.1936 0.2269 
     D244134  3 0.1070 0.3031 0.1683 0.4216 
     D244135  3 0.0794 0.0363 0.8017 0.0827 
     D244136  3 0.2386 0.5598 0.0930 0.1085 
        D416  3 0.3214 0.0764 0.2045 0.3978 
        D417  3 0.7702 0.0605 0.1267 0.0427 
        D419  3 0.2957 0.1560 0.2698 0.2785 
        D565  3 0.0735 0.8434 0.0343 0.0489 
        D566  3 0.0932 0.4222 0.0646 0.4200 
        D567  3 0.7379 0.0737 0.1484 0.0400 
        D568  3 0.4320 0.0479 0.2731 0.2470 
        D569  3 0.2837 0.1451 0.1754 0.3959 
        D573  3 0.2314 0.0311 0.0405 0.6970 
        D574  3 0.0787 0.7067 0.1274 0.0872 
        D575  3 0.2348 0.3698 0.2150 0.1804 
        D576  3 0.0147 0.0935 0.0410 0.8508 
        D577  3 0.6381 0.1587 0.1449 0.0583 
        D578  3 0.0272 0.0210 0.9064 0.0454 
        D579  3 0.3504 0.2728 0.1122 0.2645 
        D660  3 0.0619 0.0688 0.2354 0.6340 
        D661  3 0.0919 0.0403 0.0778 0.7900 
        D663  3 0.0992 0.0531 0.0498 0.7978 
        D664  3 0.0334 0.3217 0.4156 0.2293 
        D665  3 0.0823 0.0617 0.6956 0.1604 
        D666  3 0.2039 0.3645 0.3176 0.1141 
        D009  4 0.3137 0.0846 0.5320 0.0696 
        D057  4 0.2098 0.0568 0.2405 0.4929 
        D109  4 0.0982 0.1381 0.7191 0.0446 
     D237222  4 0.0674 0.1560 0.7135 0.0632 
     D237223  4 0.1163 0.1602 0.5516 0.1719 
     D237224  4 0.3629 0.0786 0.0603 0.4983 
     D237225  4 0.4142 0.1111 0.3670 0.1077 
     D237299  4 0.0541 0.0711 0.7938 0.0810 
     D237300  4 0.0302 0.1078 0.0328 0.8292 
     D237306  4 0.1696 0.6413 0.1296 0.0595 
     D237307  4 0.2777 0.4821 0.0969 0.1433 
     D237308  4 0.1115 0.1519 0.1243 0.6122 
     D237309  4 0.4156 0.0735 0.3810 0.1299 
     D237317  4 0.2236 0.6227 0.1011 0.0525 
     D237318  4 0.0303 0.0398 0.0288 0.9011 
     D237319  4 0.2152 0.1688 0.4744 0.1416 
     D237320  4 0.1790 0.0765 0.4734 0.2711 
     D237321  4 0.0847 0.1248 0.0759 0.7146 
     D237397  4 0.1135 0.3149 0.2289 0.3427 
     D237398  4 0.2026 0.0367 0.1021 0.6586 
     D237399  4 0.3103 0.2876 0.1961 0.2061 
     D244001  4 0.0952 0.0753 0.6873 0.1422 
        D289  4 0.3617 0.2744 0.0982 0.2657 
        D290  4 0.3366 0.2899 0.1584 0.2152 
        D294  4 0.4038 0.2006 0.1384 0.2572 
        D295  4 0.5744 0.1756 0.1731 0.0769 
        D301  4 0.0349 0.0833 0.7449 0.1370 
        D302  4 0.7918 0.0816 0.0753 0.0513 
        D303  4 0.0700 0.7845 0.0605 0.0851 
        D304  4 0.2386 0.4246 0.0741 0.2628 
        D305  4 0.2895 0.0360 0.2337 0.4408 
        D306  4 0.3164 0.4618 0.1418 0.0800 
        D307  4 0.0304 0.0860 0.8001 0.0835 
        D327  4 0.6307 0.1973 0.0668 0.1052 
        D328  4 0.0804 0.7686 0.0870 0.0640 
        D329  4 0.2827 0.1119 0.1455 0.4599 
        D330  4 0.5572 0.0556 0.3340 0.0532 
        D331  4 0.2266 0.3209 0.2118 0.2407 
        D333  4 0.1645 0.4069 0.1731 0.2555 
        D334  4 0.1645 0.6702 0.1107 0.0546 
        D335  4 0.7429 0.1106 0.0589 0.0876 
        D370  4 0.0887 0.6680 0.1698 0.0735 
        D371  4 0.0971 0.8223 0.0274 0.0531 
        D372  4 0.0333 0.0878 0.0471 0.8318 
        D373  4 0.0571 0.0460 0.6866 0.2103 
        D455  4 0.0681 0.0397 0.7938 0.0984 
        D490  4 0.0346 0.0438 0.8983 0.0233 
        D497  4 0.0366 0.0484 0.8710 0.0439 
        D498  4 0.1219 0.4773 0.2133 0.1875 
        D499  4 0.1184 0.2792 0.0833 0.5191 
        D514  4 0.6700 0.1136 0.1349 0.0815 
        D515  4 0.1742 0.0982 0.6563 0.0713 
        D516  4 0.2654 0.2529 0.2865 0.1952 
        D517  4 0.1032 0.0362 0.7319 0.1288 
        D518  4 0.2893 0.2600 0.2965 0.1541 
        D519  4 0.1314 0.0389 0.6643 0.1655 
        D560  4 0.2221 0.0441 0.5222 0.2116 
        D561  4 0.2161 0.0255 0.7190 0.0395 
        D562  4 0.2086 0.1942 0.3403 0.2569 
        D563  4 0.1602 0.0407 0.0950 0.7041 
        D572  4 0.5446 0.1682 0.1632 0.1240 
        D629  4 0.4995 0.1045 0.3054 0.0906 
        D630  4 0.2899 0.2124 0.3219 0.1758 
        D631  4 0.2485 0.1128 0.0980 0.5407 
        D632  4 0.1407 0.0600 0.5718 0.2275 
        D646  4 0.4709 0.0549 0.3546 0.1196 
        D647  4 0.7142 0.0342 0.1778 0.0738 
        D648  4 0.0467 0.8186 0.0663 0.0685 
        D649  4 0.6446 0.0728 0.2358 0.0468 
        D650  4 0.3241 0.3011 0.2692 0.1055 
        D708  4 0.1082 0.6924 0.0991 0.1003 
        D709  4 0.2111 0.5032 0.1737 0.1120 
        D738  4 0.1882 0.5142 0.2303 0.0673 
        D739  4 0.1101 0.1504 0.5922 0.1473 
        D740  4 0.0770 0.2154 0.2949 0.4127 
        D741  4 0.3926 0.0461 0.3364 0.2248 
        D742  4 0.1436 0.1434 0.1136 0.5995 
        D743  4 0.7634 0.0679 0.0492 0.1195 
        D744  4 0.6319 0.0632 0.0915 0.2134 
        D745  4 0.0889 0.0426 0.8018 0.0666 
        D814  4 0.1411 0.0512 0.1078 0.6999 
        D815  4 0.5856 0.2314 0.0807 0.1023 
        D828  4 0.0326 0.6888 0.0718 0.2067 
        D845  4 0.0589 0.0563 0.0224 0.8624 
        D846  4 0.4962 0.0391 0.1429 0.3217 
        D847  4 0.2941 0.1884 0.3153 0.2023 
        D848  4 0.0400 0.0336 0.5979 0.3285 
        D849  4 0.1284 0.0649 0.7152 0.0915 
        D850  4 0.3561 0.1347 0.3303 0.1789 
        D856  4 0.1769 0.1947 0.5471 0.0813 
        D857  4 0.0208 0.0712 0.8433 0.0647 
        D859  4 0.3910 0.2239 0.0985 0.2866 
        D860  4 0.2644 0.4125 0.0409 0.2823 
        D883  4 0.3423 0.3553 0.2376 0.0648 
        D884  4 0.2073 0.3416 0.3911 0.0600 
        D885  4 0.3099 0.0544 0.1628 0.4729 
        D886  4 0.2834 0.0849 0.5330 0.0987 
        D887  4 0.2600 0.1652 0.1447 0.4302 
        D889  4 0.2151 0.2292 0.0693 0.4864 
        D890  4 0.1329 0.6142 0.1591 0.0939 
        D891  4 0.0281 0.0216 0.0189 0.9314 
        D899  4 0.1123 0.2503 0.0431 0.5943 
        D900  4 0.4715 0.1881 0.2026 0.1379 
        D970  4 0.5014 0.1375 0.1269 0.2342 
        D971  4 0.1831 0.1115 0.1191 0.5864 
        D979  4 0.7724 0.1224 0.0303 0.0749 
        D093  5 0.0731 0.7489 0.0723 0.1057 
        D154  5 0.0986 0.2143 0.0828 0.6043 
        D168  5 0.1871 0.0649 0.2878 0.4602 
        D189  5 0.0728 0.5449 0.0707 0.3116 
        D190  5 0.0498 0.8366 0.0276 0.0859 
     D237220  5 0.1174 0.1095 0.6010 0.1721 
     D237221  5 0.1644 0.4388 0.0956 0.3012 
     D237274  5 0.8783 0.0406 0.0435 0.0376 
     D237275  5 0.0276 0.0649 0.0538 0.8537 
     D237276  5 0.2204 0.4576 0.2162 0.1058 
     D237277  5 0.0768 0.6165 0.0358 0.2709 
     D237278  5 0.0771 0.2557 0.1799 0.4872 
     D237279  5 0.1794 0.0374 0.7333 0.0499 
     D237280  5 0.3700 0.1983 0.3580 0.0737 
     D237281  5 0.0651 0.0352 0.0408 0.8589 
     D237351  5 0.0617 0.1744 0.6692 0.0947 
     D237352  5 0.3588 0.1583 0.3774 0.1055 
     D237353  5 0.0451 0.8436 0.0253 0.0860 
     D237359  5 0.1647 0.1154 0.4196 0.3003 
     D237361  5 0.0427 0.8895 0.0287 0.0391 
     D237362  5 0.2712 0.4879 0.1004 0.1406 
     D237363  5 0.1331 0.1854 0.2810 0.4005 
     D237364  5 0.2599 0.0480 0.2917 0.4004 
     D237376  5 0.0274 0.8686 0.0412 0.0628 
     D237377  5 0.5529 0.1429 0.2293 0.0749 
     D237378  5 0.0362 0.7458 0.0506 0.1674 
     D237379  5 0.0857 0.6823 0.1054 0.1266 
     D237380  5 0.0670 0.2580 0.6453 0.0297 
     D237381  5 0.1469 0.1777 0.5663 0.1090 
     D237391  5 0.1161 0.7141 0.0718 0.0980 
     D237392  5 0.6864 0.1014 0.0865 0.1257 
     D237393  5 0.5542 0.2508 0.0988 0.0962 
     D237394  5 0.0528 0.8822 0.0348 0.0301 
     D237395  5 0.0643 0.5459 0.1955 0.1943 
     D237396  5 0.6950 0.0799 0.1182 0.1068 
     D244016  5 0.1607 0.4981 0.0816 0.2596 
     D244018  5 0.1259 0.1843 0.1202 0.5695 
     D244019  5 0.3785 0.2950 0.0813 0.2451 
        D279  5 0.1001 0.0870 0.1081 0.7048 
        D280  5 0.2359 0.3331 0.1525 0.2785 
        D281  5 0.0520 0.0950 0.0336 0.8194 
        D283  5 0.3184 0.5015 0.0487 0.1314 
        D284  5 0.1302 0.1294 0.5907 0.1497 
        D285  5 0.1801 0.5558 0.0939 0.1702 
        D286  5 0.2500 0.4607 0.1549 0.1344 
        D287  5 0.0297 0.8198 0.0877 0.0629 
        D288  5 0.3589 0.3112 0.0619 0.2679 
        D308  5 0.1585 0.0456 0.7702 0.0257 
        D309  5 0.8836 0.0388 0.0539 0.0237 
        D310  5 0.0371 0.8975 0.0256 0.0398 
        D311  5 0.2093 0.5997 0.0740 0.1170 
        D312  5 0.2134 0.6312 0.0888 0.0665 
        D313  5 0.0200 0.0344 0.9291 0.0165 
        D314  5 0.0846 0.2472 0.2224 0.4458 
        D315  5 0.2755 0.5110 0.1166 0.0969 
        D317  5 0.0593 0.8730 0.0317 0.0360 
        D318  5 0.3599 0.1915 0.2428 0.2059 
        D319  5 0.0436 0.8491 0.0500 0.0572 
        D320  5 0.0721 0.8050 0.0641 0.0588 
        D321  5 0.1391 0.1049 0.6739 0.0821 
        D336  5 0.0449 0.9008 0.0291 0.0252 
        D337  5 0.0367 0.8932 0.0222 0.0479 
        D338  5 0.2324 0.1969 0.2838 0.2870 
        D339  5 0.0558 0.8009 0.0423 0.1010 
        D347  5 0.3610 0.4133 0.0612 0.1645 
        D348  5 0.0574 0.8615 0.0256 0.0555 
        D349  5 0.0750 0.1056 0.7683 0.0511 
        D350  5 0.7501 0.0588 0.0871 0.1040 
        D355  5 0.2510 0.0677 0.0403 0.6410 
        D356  5 0.3061 0.4919 0.1362 0.0658 
        D357  5 0.1612 0.5064 0.1626 0.1698 
        D358  5 0.2240 0.5350 0.1341 0.1069 
        D359  5 0.3982 0.5137 0.0491 0.0391 
        D360  5 0.1937 0.6033 0.1475 0.0555 
        D361  5 0.0599 0.0535 0.8562 0.0304 
        D366  5 0.7377 0.0393 0.0534 0.1695 
        D367  5 0.0382 0.8194 0.0878 0.0546 
        D368  5 0.1570 0.4546 0.3115 0.0768 
        D380  5 0.6094 0.0783 0.1717 0.1407 
        D381  5 0.1432 0.6533 0.0769 0.1266 
        D400  5 0.1194 0.4986 0.0613 0.3208 
        D411  5 0.0291 0.0309 0.9030 0.0370 
        D412  5 0.2167 0.2615 0.2126 0.3092 
        D413  5 0.1035 0.0488 0.0910 0.7567 
        D414  5 0.2675 0.0862 0.0735 0.5728 
        D420  5 0.0778 0.2238 0.4855 0.2128 
        D431  5 0.0518 0.4904 0.1446 0.3131 
        D432  5 0.1661 0.4891 0.1249 0.2199 
        D433  5 0.0909 0.6874 0.0596 0.1622 
        D434  5 0.1918 0.6202 0.0975 0.0905 
        D440  5 0.7648 0.0652 0.0942 0.0758 
        D447  5 0.7237 0.0444 0.1559 0.0759 
        D448  5 0.0534 0.8520 0.0299 0.0647 
        D459  5 0.2014 0.0474 0.0304 0.7208 
        D460  5 0.1733 0.0824 0.7037 0.0407 
        D461  5 0.8692 0.0611 0.0328 0.0370 
        D468  5 0.2305 0.5632 0.1134 0.0929 
        D469  5 0.5790 0.1733 0.1775 0.0702 
        D470  5 0.1493 0.3925 0.3727 0.0855 
        D471  5 0.0813 0.7541 0.0303 0.1343 
        D472  5 0.7594 0.0275 0.0273 0.1858 
        D479  5 0.0508 0.0665 0.0423 0.8404 
        D485  5 0.1418 0.5682 0.1533 0.1367 
        D486  5 0.1929 0.4595 0.2768 0.0708 
        D487  5 0.0496 0.2504 0.0873 0.6127 
        D555  5 0.0498 0.8363 0.0445 0.0694 
        D556  5 0.1112 0.4922 0.0927 0.3039 
        D557  5 0.0864 0.8072 0.0287 0.0777 
        D564  5 0.1648 0.5818 0.1834 0.0699 
        D594  5 0.4079 0.3466 0.1235 0.1220 
        D595  5 0.2572 0.4826 0.0985 0.1617 
        D596  5 0.0356 0.8828 0.0306 0.0510 
        D597  5 0.2928 0.2986 0.0402 0.3684 
        D598  5 0.1791 0.5400 0.1513 0.1296 
        D617  5 0.0417 0.0450 0.7512 0.1621 
        D618  5 0.1506 0.5079 0.0833 0.2582 
        D619  5 0.3629 0.3120 0.2676 0.0575 
        D620  5 0.0490 0.0254 0.0277 0.8978 
        D628  5 0.2641 0.3473 0.2259 0.1627 
        D714  5 0.0435 0.5624 0.0700 0.3241 
        D715  5 0.1363 0.6524 0.0423 0.1689 
        D716  5 0.1864 0.4439 0.0766 0.2931 
        D717  5 0.5688 0.1979 0.1504 0.0829 
        D718  5 0.0529 0.4420 0.3789 0.1262 
        D769  5 0.0590 0.0568 0.7234 0.1608 
        D770  5 0.1156 0.3368 0.0701 0.4775 
        D771  5 0.1357 0.2553 0.1494 0.4596 
        D772  5 0.1383 0.6638 0.0820 0.1159 
        D782  5 0.2004 0.0679 0.4516 0.2800 
        D783  5 0.0846 0.1740 0.0761 0.6653 
        D784  5 0.6790 0.1201 0.0876 0.1133 
        D785  5 0.0598 0.8350 0.0601 0.0451 
        D786  5 0.3522 0.0672 0.5168 0.0639 
        D821  5 0.0331 0.9157 0.0191 0.0322 
        D822  5 0.5613 0.2539 0.0704 0.1144 
        D826  5 0.1066 0.3992 0.0576 0.4367 
        D827  5 0.6624 0.1041 0.1104 0.1231 
        D851  5 0.3220 0.2825 0.2148 0.1807 
        D852  5 0.0769 0.2382 0.0998 0.5850 
        D853  5 0.1647 0.5465 0.1011 0.1877 
        D854  5 0.3248 0.1370 0.2090 0.3292 
        D861  5 0.1809 0.3373 0.1798 0.3019 
        D862  5 0.3107 0.5802 0.0634 0.0457 
        D865  5 0.0383 0.8024 0.0619 0.0975 
        D868  5 0.7592 0.0894 0.0799 0.0715 
        D869  5 0.0528 0.0797 0.8310 0.0365 
        D870  5 0.1688 0.0424 0.7290 0.0597 
        D907  5 0.0425 0.8097 0.0837 0.0640 
        D908  5 0.0531 0.2449 0.0699 0.6321 
        D910  5 0.1017 0.5178 0.0485 0.3320 
        D911  5 0.1387 0.0632 0.0375 0.7606 
        D934  5 0.1081 0.2233 0.0706 0.5981 
        D946  5 0.0630 0.3300 0.1463 0.4607 
        D947  5 0.3775 0.1946 0.2048 0.2231 
        D948  5 0.1739 0.1611 0.6196 0.0455 
        D949  5 0.1146 0.1209 0.7283 0.0362 
        D950  5 0.1502 0.0446 0.0383 0.7669 
        D951  5 0.7497 0.1313 0.0893 0.0297 
        D952  5 0.6738 0.1744 0.0614 0.0904 
        D953  5 0.1567 0.6933 0.0626 0.0875 
        D954  5 0.4453 0.4261 0.0730 0.0556 
        D961  5 0.0588 0.7109 0.1244 0.1058 
        D962  5 0.0801 0.8661 0.0344 0.0194 
        D963  5 0.4558 0.3569 0.0647 0.1227 
        D964  5 0.1142 0.2293 0.4047 0.2518 
        D965  5 0.1920 0.3375 0.2020 0.2685 
        D966  5 0.2804 0.3963 0.0562 0.2671 
        D967  5 0.1292 0.3151 0.1670 0.3887 
        D991  5 0.2330 0.3788 0.3105 0.0777 
        D502  6 0.0964 0.0922 0.3760 0.4353 
        D503  6 0.0592 0.0775 0.3236 0.5397 
        D504  6 0.5776 0.1445 0.1351 0.1428 
        D505  6 0.1839 0.4221 0.1288 0.2653 
        D506  6 0.0450 0.8965 0.0301 0.0284 
        D507  6 0.1716 0.1245 0.2386 0.4652 
        D508  6 0.4482 0.1672 0.1365 0.2482 
        D529  6 0.2603 0.2464 0.3557 0.1377 
        D530  6 0.0434 0.7361 0.1369 0.0836 
        D531  6 0.4188 0.2566 0.1523 0.1723 
        D532  6 0.2675 0.5785 0.0699 0.0841 
        D534  6 0.0992 0.0398 0.8057 0.0552 
        D535  6 0.2702 0.5814 0.0917 0.0567 
        D536  6 0.0386 0.0422 0.1628 0.7563 
        D554  6 0.0842 0.7140 0.1362 0.0655 
        D587  6 0.1458 0.6832 0.0708 0.1002 
        D588  6 0.4131 0.4038 0.0939 0.0892 
        D589  6 0.0714 0.1588 0.1834 0.5865 
        D590  6 0.1057 0.0662 0.0761 0.7520 
        D591  6 0.1515 0.2551 0.2136 0.3799 
        D592  6 0.0886 0.0749 0.7347 0.1018 
        D593  6 0.0310 0.8387 0.0609 0.0694 
        D682  6 0.0423 0.8488 0.0541 0.0548 
        D683  6 0.5650 0.2688 0.1221 0.0441 
        D684  6 0.1098 0.0240 0.4695 0.3967 
        D685  6 0.0696 0.1834 0.3347 0.4123 
        D686  6 0.0605 0.8466 0.0567 0.0362 
        D724  6 0.4300 0.0980 0.2793 0.1926 
        D725  6 0.1028 0.4893 0.1278 0.2801 
        D726  6 0.0479 0.8524 0.0514 0.0483 
        D727  6 0.4565 0.1331 0.1136 0.2968 
        D728  6 0.0525 0.8364 0.0610 0.0501 
        D729  6 0.4304 0.0347 0.4096 0.1253 
        D730  6 0.2180 0.1152 0.4001 0.2667 
        D731  6 0.0251 0.6373 0.0282 0.3093 
        D732  6 0.5796 0.1628 0.1217 0.1360 
        D733  6 0.2478 0.3211 0.2669 0.1642 
     D237251  7 0.0784 0.1847 0.0779 0.6590 
     D237252  7 0.0818 0.0734 0.4843 0.3605 
     D237253  7 0.0909 0.2648 0.0880 0.5563 
     D237254  7 0.0370 0.0241 0.8914 0.0474 
     D237255  7 0.0550 0.0943 0.0438 0.8070 
     D237256  7 0.1951 0.1096 0.0514 0.6439 
     D237257  7 0.1386 0.0740 0.6426 0.1448 
     D237282  7 0.7574 0.0310 0.1335 0.0781 
     D237283  7 0.0239 0.0337 0.8815 0.0610 
     D237284  7 0.0818 0.0369 0.8364 0.0450 
     D237285  7 0.0968 0.5876 0.1039 0.2116 
     D237286  7 0.3520 0.3020 0.1396 0.2064 
     D237287  7 0.2155 0.1032 0.1211 0.5602 
     D244006  7 0.0607 0.0286 0.8784 0.0323 
     D244007  7 0.4005 0.0954 0.1222 0.3820 
     D244008  7 0.0410 0.0893 0.8368 0.0330 
     D244009  7 0.1868 0.1550 0.5954 0.0629 
     D244010  7 0.1044 0.1176 0.5830 0.1950 
     D244011  7 0.1024 0.3526 0.2069 0.3381 
     D244012  7 0.1765 0.1256 0.2459 0.4519 
     D244013  7 0.2161 0.1814 0.0785 0.5240 
     D244014  7 0.1290 0.1035 0.3877 0.3798 
     D244015  7 0.2058 0.0579 0.6347 0.1016 
     D244125  7 0.2268 0.3167 0.0758 0.3807 
     D244126  7 0.0338 0.0227 0.9080 0.0355 
     D244130  7 0.1454 0.2035 0.4913 0.1599 
     D244131  7 0.4139 0.3037 0.1771 0.1052 
     D244132  7 0.3604 0.5135 0.0643 0.0618 
        D520  7 0.1009 0.4358 0.4028 0.0606 
        D521  7 0.3268 0.1971 0.2999 0.1762 
        D522  7 0.2972 0.0969 0.5152 0.0907 
        D523  7 0.0538 0.0878 0.0596 0.7989 
        D524  7 0.1269 0.2802 0.1835 0.4095 
        D525  7 0.0661 0.0463 0.6094 0.2782 
        D526  7 0.0701 0.0263 0.8473 0.0563 
        D527  7 0.4040 0.1586 0.2287 0.2087 
        D528  7 0.2947 0.0231 0.6414 0.0408 
        D558  7 0.5668 0.0624 0.1882 0.1826 
        D559  7 0.5696 0.0378 0.1477 0.2450 
        D640  7 0.1675 0.4633 0.1106 0.2586 
        D641  7 0.0482 0.4082 0.1887 0.3548 
        D642  7 0.1185 0.1060 0.5513 0.2242 
        D644  7 0.1371 0.3972 0.3108 0.1549 
        D645  7 0.1467 0.2068 0.2204 0.4260 
        D662  7 0.2983 0.1510 0.5206 0.0302 
        D687  7 0.2375 0.1606 0.1326 0.4693 
        D688  7 0.4968 0.0602 0.2559 0.1872 
        D689  7 0.2508 0.4377 0.0822 0.2292 
        D700  7 0.3230 0.0247 0.5908 0.0615 
        D797  7 0.3042 0.2897 0.1608 0.2453 
        D798  7 0.1391 0.0639 0.7493 0.0477 
        D799  7 0.0862 0.0614 0.2091 0.6433 
        D800  7 0.6656 0.0408 0.1262 0.1674 
        D132  8 0.0433 0.0486 0.8779 0.0302 
        D133  8 0.0272 0.0229 0.0658 0.8841 
        D200  8 0.2047 0.3007 0.1439 0.3507 
        D500  8 0.0471 0.0393 0.8910 0.0226 
        D614  8 0.1545 0.5584 0.2090 0.0781 
        D723  8 0.5100 0.0866 0.2804 0.1231 
        D888  8 0.0651 0.0474 0.0495 0.8380 
        D901  8 0.0501 0.1451 0.6761 0.1287 
        D902  8 0.0455 0.8021 0.0860 0.0665 
        D903  8 0.6065 0.2149 0.0520 0.1266 
        D904  8 0.4474 0.1521 0.2444 0.1561 
        D905  8 0.0276 0.1477 0.0310 0.7937 
        D906  8 0.1442 0.0600 0.1367 0.6591 
        D937  8 0.0233 0.8811 0.0422 0.0534 
        D943  8 0.2047 0.0750 0.5225 0.1978 
        D972  8 0.4034 0.0849 0.4233 0.0884 
        D973  8 0.7635 0.0730 0.1283 0.0352 
        D974  8 0.2170 0.3433 0.2674 0.1722 
        D975  8 0.1966 0.4139 0.1625 0.2270 
        D976  8 0.1000 0.3145 0.3090 0.2764 
        D201  9 0.1625 0.0725 0.1405 0.6246 
        D202  9 0.0435 0.2460 0.1991 0.5114 
     D237259  9 0.4318 0.0449 0.3705 0.1528 
     D237260  9 0.0461 0.0744 0.2740 0.6054 
     D237262  9 0.0481 0.0377 0.8786 0.0356 
     D237263  9 0.1101 0.0452 0.6501 0.1946 
     D237264  9 0.1698 0.2060 0.4160 0.2082 
     D237265  9 0.0307 0.0709 0.0916 0.8069 
     D237266  9 0.0815 0.0345 0.2793 0.6047 
     D237267  9 0.1134 0.4960 0.2681 0.1225 
     D237268  9 0.1552 0.1611 0.6108 0.0730 
     D237289  9 0.0522 0.3444 0.0952 0.5082 
     D237290  9 0.0330 0.0321 0.0505 0.8844 
     D237291  9 0.0463 0.0955 0.1076 0.7506 
     D237292  9 0.0461 0.0428 0.2893 0.6218 
     D237293  9 0.1713 0.3918 0.3088 0.1281 
     D237294  9 0.0387 0.1213 0.5877 0.2523 
     D237295  9 0.3304 0.2886 0.3259 0.0552 
     D237296  9 0.1303 0.2573 0.3092 0.3033 
     D237297  9 0.0731 0.7236 0.0849 0.1184 
     D237298  9 0.3970 0.0952 0.2513 0.2566 
     D237341  9 0.2079 0.1212 0.1818 0.4891 
     D237342  9 0.0678 0.1393 0.6888 0.1041 
     D237343  9 0.1224 0.0682 0.4194 0.3900 
     D237344  9 0.0766 0.5567 0.1416 0.2251 
     D237345  9 0.0519 0.0242 0.8624 0.0616 
     D237346  9 0.0549 0.2081 0.1417 0.5953 
     D237347  9 0.1268 0.5232 0.0865 0.2635 
     D237348  9 0.1462 0.3074 0.3244 0.2220 
     D237349  9 0.4937 0.0325 0.2043 0.2695 
     D244109  9 0.1643 0.0225 0.2189 0.5944 
     D244110  9 0.0942 0.0516 0.1501 0.7042 
     D244111  9 0.2237 0.1672 0.1990 0.4101 
     D244128  9 0.0559 0.0581 0.8191 0.0669 
     D244137  9 0.7273 0.0612 0.1443 0.0672 
     D244138  9 0.0879 0.2237 0.2357 0.4526 
        D580  9 0.0896 0.0993 0.7823 0.0288 
        D581  9 0.0404 0.0344 0.0686 0.8566 
        D582  9 0.0277 0.0356 0.9125 0.0243 
        D583  9 0.0331 0.0390 0.1131 0.8148 
        D584  9 0.0531 0.6391 0.2468 0.0610 
        D585  9 0.0673 0.0402 0.6747 0.2179 
        D586  9 0.0464 0.0874 0.0467 0.8195 
        D651  9 0.5447 0.2059 0.1017 0.1477 
        D652  9 0.4232 0.0362 0.4256 0.1150 
        D653  9 0.3665 0.1032 0.0978 0.4325 
        D654  9 0.3398 0.0558 0.2363 0.3682 
        D655  9 0.1332 0.3899 0.0919 0.3851 
        D656  9 0.0656 0.0632 0.8201 0.0511 
        D657  9 0.1692 0.1800 0.4213 0.2294 
        D667  9 0.0636 0.6348 0.0607 0.2409 
        D668  9 0.0939 0.1955 0.4346 0.2761 
        D669  9 0.0847 0.0951 0.1620 0.6582 
        D670  9 0.7365 0.0964 0.0896 0.0774 
        D671  9 0.0881 0.0824 0.1430 0.6865 
        D672  9 0.0597 0.0516 0.7713 0.1175 
        D673  9 0.1486 0.3803 0.2668 0.2044 
        D692  9 0.0715 0.0554 0.5980 0.2752 
        D693  9 0.1358 0.4432 0.2746 0.1464 
        D694  9 0.0408 0.0611 0.8368 0.0613 
        D695  9 0.3045 0.1422 0.4526 0.1007 
        D696  9 0.0228 0.9329 0.0224 0.0219 
        D697  9 0.1603 0.5119 0.0885 0.2392 
        D698  9 0.0554 0.3644 0.0992 0.4810 
        D699  9 0.0302 0.7292 0.1186 0.1220 
        D787  9 0.4712 0.0430 0.3251 0.1607 
        D788  9 0.0717 0.7988 0.0908 0.0386 
        D789  9 0.0463 0.4035 0.3453 0.2049 
        D790  9 0.3015 0.1181 0.2950 0.2854 
        D791  9 0.0400 0.2223 0.1061 0.6316 
        D792  9 0.5066 0.0572 0.1844 0.2519 
        D793  9 0.2195 0.5755 0.0609 0.1441 
        D794  9 0.3097 0.4189 0.1049 0.1664 
        D795  9 0.0336 0.1491 0.7243 0.0929 
        D796  9 0.0640 0.2059 0.1467 0.5834 
        D142 10 0.1692 0.6060 0.0778 0.1471 
        D143 10 0.0677 0.1161 0.0601 0.7561 
        D144 10 0.2027 0.3720 0.3008 0.1245 
        D145 10 0.0505 0.0578 0.0506 0.8411 
        D146 10 0.0888 0.1454 0.7146 0.0512 
        D147 10 0.2840 0.1351 0.4103 0.1706 
        D148 10 0.2033 0.1801 0.5336 0.0830 
        D149 10 0.1018 0.0462 0.0709 0.7810 
        D151 10 0.0802 0.0886 0.6551 0.1761 
        D152 10 0.0236 0.0239 0.0313 0.9212 
        D153 10 0.5017 0.3315 0.1191 0.0477 
        D156 10 0.7515 0.0766 0.0519 0.1200 
        D157 10 0.0599 0.6834 0.1593 0.0973 
        D158 10 0.0384 0.3743 0.2350 0.3522 
        D159 10 0.0509 0.0366 0.0258 0.8867 
        D160 10 0.0188 0.2304 0.0346 0.7162 
        D161 10 0.3804 0.2385 0.1677 0.2133 
        D162 10 0.5353 0.1964 0.0443 0.2240 
        D169 10 0.0587 0.0385 0.8394 0.0634 
        D170 10 0.1032 0.1238 0.7095 0.0634 
        D171 10 0.1157 0.6703 0.1379 0.0761 
        D172 10 0.3249 0.1894 0.2523 0.2333 
        D173 10 0.1060 0.0196 0.0677 0.8066 
        D181 10 0.1691 0.5673 0.0704 0.1932 
        D182 10 0.1732 0.0550 0.1767 0.5951 
        D183 10 0.0672 0.8037 0.0784 0.0508 
        D184 10 0.0704 0.0216 0.8874 0.0206 
        D185 10 0.5070 0.1872 0.2163 0.0896 
        D186 10 0.0339 0.0310 0.8652 0.0698 
        D194 10 0.1900 0.1351 0.6034 0.0716 
        D195 10 0.2350 0.2826 0.0598 0.4225 
        D196 10 0.4868 0.1646 0.0364 0.3122 
        D197 10 0.0376 0.0732 0.6709 0.2183 
        D198 10 0.3015 0.3005 0.3495 0.0485 
     D237226 10 0.0809 0.0500 0.2713 0.5978 
     D237232 10 0.0647 0.3869 0.1521 0.3963 
     D237233 10 0.0512 0.1868 0.1094 0.6526 
     D237234 10 0.1483 0.5157 0.1314 0.2047 
     D237354 10 0.0281 0.0303 0.0294 0.9122 
     D237355 10 0.0458 0.0951 0.0806 0.7786 
     D237356 10 0.2269 0.5624 0.1633 0.0474 
     D237357 10 0.1317 0.1108 0.3034 0.4541 
     D237358 10 0.4276 0.0653 0.3434 0.1636 
     D237369 10 0.1068 0.0355 0.7893 0.0684 
     D237370 10 0.0390 0.7965 0.0521 0.1124 
     D237371 10 0.5408 0.1096 0.2572 0.0924 
     D237372 10 0.1108 0.0441 0.4105 0.4347 
     D237373 10 0.0641 0.4721 0.0725 0.3913 
     D237374 10 0.0386 0.1951 0.0430 0.7233 
     D237375 10 0.3067 0.1172 0.2052 0.3709 
     D237400 10 0.0272 0.0321 0.0238 0.9168 
     D244002 10 0.1605 0.0415 0.7227 0.0753 
     D244003 10 0.0219 0.3035 0.0648 0.6098 
     D244004 10 0.0181 0.9087 0.0378 0.0354 
     D244005 10 0.0582 0.0435 0.3020 0.5962 
     D244020 10 0.2341 0.4994 0.1341 0.1325 
     D244021 10 0.1171 0.0854 0.5331 0.2644 
     D244116 10 0.2137 0.1536 0.4955 0.1372 
     D244117 10 0.0652 0.3656 0.0822 0.4870 
     D244121 10 0.0462 0.5950 0.1221 0.2367 
     D244123 10 0.0996 0.4702 0.1266 0.3036 
     D244124 10 0.0393 0.1630 0.4452 0.3525 
        D332 10 0.7371 0.1119 0.0773 0.0736 
        D570 10 0.1138 0.7851 0.0506 0.0505 
        D602 10 0.8443 0.0511 0.0427 0.0619 
        D603 10 0.0887 0.4080 0.2134 0.2898 
        D604 10 0.4981 0.1114 0.0541 0.3363 
        D605 10 0.5652 0.1006 0.1938 0.1404 
        D606 10 0.0444 0.2545 0.6522 0.0489 
        D607 10 0.8775 0.0441 0.0381 0.0403 
        D608 10 0.0603 0.0229 0.0211 0.8957 
        D609 10 0.2139 0.6761 0.0743 0.0357 
        D610 10 0.2601 0.3548 0.1870 0.1980 
        D611 10 0.0207 0.9354 0.0245 0.0194 
        D613 10 0.5459 0.2569 0.0699 0.1273 
        D633 10 0.7483 0.0384 0.0937 0.1196 
        D634 10 0.0814 0.6558 0.1464 0.1164 
        D638 10 0.0309 0.0426 0.0342 0.8924 
        D681 10 0.0781 0.5459 0.2556 0.1204 
        D754 10 0.0364 0.3694 0.5012 0.0931 
        D755 10 0.0218 0.3267 0.0529 0.5986 
        D756 10 0.0578 0.6359 0.1495 0.1568 
        D757 10 0.2094 0.1042 0.2579 0.4284 
        D758 10 0.2297 0.3045 0.2629 0.2029 
        D759 10 0.0584 0.2793 0.0584 0.6039 
        D760 10 0.1355 0.3566 0.1253 0.3826 
        D761 10 0.0217 0.0393 0.0245 0.9144 
        D762 10 0.7237 0.0982 0.0856 0.0925 
        D775 10 0.0298 0.7028 0.0725 0.1949 
        D776 10 0.0279 0.0945 0.0525 0.8252 
        D777 10 0.0670 0.3944 0.1963 0.3423 
        D778 10 0.0378 0.0370 0.1858 0.7395 
        D779 10 0.0683 0.4830 0.2728 0.1759 
        D780 10 0.1791 0.1476 0.0774 0.5960 
        D781 10 0.6502 0.0981 0.0937 0.1580 
        D858 10 0.0294 0.0227 0.8825 0.0653 
        D933 10 0.3714 0.2706 0.0958 0.2622 
        D038 11 0.1766 0.1303 0.1708 0.5223 
        D063 11 0.0851 0.3604 0.1024 0.4521 
        D155 11 0.1317 0.3728 0.1188 0.3767 
        D175 11 0.0511 0.5813 0.2978 0.0698 
        D176 11 0.0336 0.1953 0.0667 0.7044 
        D205 11 0.0496 0.7396 0.1769 0.0338 
     D237229 11 0.3503 0.0417 0.2789 0.3292 
     D237230 11 0.6876 0.0328 0.1797 0.0999 
     D237231 11 0.8328 0.0596 0.0429 0.0647 
     D237269 11 0.3958 0.1003 0.1344 0.3695 
     D237270 11 0.1222 0.0350 0.7661 0.0768 
     D237271 11 0.2023 0.5918 0.1248 0.0811 
     D237272 11 0.5681 0.0426 0.2708 0.1184 
     D237273 11 0.0760 0.6618 0.0594 0.2028 
     D237301 11 0.7297 0.1490 0.0450 0.0763 
     D237302 11 0.1408 0.0884 0.5001 0.2706 
     D237303 11 0.1715 0.0319 0.6198 0.1768 
     D237304 11 0.4214 0.1786 0.2432 0.1567 
     D237305 11 0.0531 0.1304 0.6945 0.1220 
     D237314 11 0.1514 0.4006 0.1726 0.2753 
     D237315 11 0.1356 0.0766 0.6828 0.1050 
     D237316 11 0.8176 0.1148 0.0378 0.0299 
     D237328 11 0.3839 0.2513 0.3271 0.0377 
     D237329 11 0.1449 0.1201 0.2795 0.4555 
     D237330 11 0.0547 0.6959 0.0599 0.1895 
     D237331 11 0.1909 0.3915 0.1081 0.3094 
     D237332 11 0.4903 0.2792 0.1372 0.0933 
     D237333 11 0.0497 0.2607 0.0335 0.6561 
     D237334 11 0.7767 0.1097 0.0596 0.0541 
     D237335 11 0.3834 0.3556 0.1969 0.0641 
     D237336 11 0.1064 0.1503 0.1726 0.5707 
     D237350 11 0.1596 0.6481 0.0652 0.1271 
     D237383 11 0.0587 0.1974 0.4263 0.3176 
     D237384 11 0.5928 0.0862 0.2392 0.0817 
     D237385 11 0.3044 0.1968 0.2411 0.2577 
     D237386 11 0.6076 0.1762 0.0920 0.1242 
     D237387 11 0.6962 0.1159 0.1431 0.0449 
     D237388 11 0.0912 0.8127 0.0424 0.0538 
        D239 11 0.1561 0.4451 0.0823 0.3165 
        D240 11 0.0306 0.0441 0.0870 0.8384 
        D241 11 0.3907 0.0470 0.4015 0.1608 
        D242 11 0.5506 0.0936 0.1357 0.2201 
        D243 11 0.1122 0.4978 0.1464 0.2437 
        D244 11 0.0734 0.6940 0.1608 0.0718 
