        D174  1 0.6841 0.1939 0.0803 0.0417 
        D199  1 0.2946 0.0684 0.3466 0.2904 
        D203  1 0.0921 0.2841 0.3308 0.2931 
        D204  1 0.0321 0.0312 0.9036 0.0331 
     D237366  1 0.1054 0.4885 0.2055 0.2006 
     D237367  1 0.0843 0.3589 0.4784 0.0784 
     D237368  1 0.0923 0.5342 0.2496 0.1239 
     D244101  1 0.0380 0.0262 0.7265 0.2092 
     D244102  1 0.3462 0.2908 0.2049 0.1581 
     D244103  1 0.1005 0.2240 0.6237 0.0518 
     D244104  1 0.1584 0.0682 0.7049 0.0686 
     D244105  1 0.0284 0.7549 0.1595 0.0573 
     D244106  1 0.6811 0.0580 0.0829 0.1780 
     D244107  1 0.0185 0.5444 0.3354 0.1017 
     D244108  1 0.5622 0.2393 0.1275 0.0711 
     D244113  1 0.9088 0.0314 0.0274 0.0323 
     D244114  1 0.2676 0.1049 0.2183 0.4092 
     D244115  1 0.5185 0.2078 0.2179 0.0557 
     D267365  1 0.4164 0.0767 0.4170 0.0899 
        D404  1 0.8506 0.0507 0.0394 0.0593 
        D405  1 0.5341 0.1079 0.2045 0.1536 
        D406  1 0.0368 0.8722 0.0678 0.0231 
        D407  1 0.0388 0.1489 0.7532 0.0591 
        D408  1 0.7997 0.0416 0.0834 0.0752 
        D409  1 0.0470 0.1444 0.7312 0.0774 
        D410  1 0.0455 0.8620 0.0771 0.0154 
        D421  1 0.0426 0.0336 0.8807 0.0430 
        D422  1 0.0163 0.8494 0.0859 0.0484 
        D423  1 0.0207 0.8932 0.0560 0.0301 
        D424  1 0.0463 0.0958 0.8380 0.0199 
        D425  1 0.3175 0.0643 0.5731 0.0450 
        D426  1 0.0402 0.1337 0.6634 0.1628 
        D427  1 0.1617 0.0422 0.1747 0.6214 
        D428  1 0.2820 0.1491 0.4884 0.0806 
        D429  1 0.3984 0.0845 0.4470 0.0702 
        D430  1 0.4013 0.1015 0.2465 0.2506 
        D491  1 0.8210 0.0276 0.1282 0.0232 
        D492  1 0.3182 0.1700 0.4410 0.0708 
        D537  1 0.0723 0.1174 0.7762 0.0340 
        D538  1 0.2425 0.3770 0.2081 0.1724 
        D539  1 0.4138 0.2482 0.0805 0.2574 
        D540  1 0.1594 0.2482 0.5003 0.0921 
        D541  1 0.0251 0.0383 0.9038 0.0328 
        D551  1 0.0759 0.0772 0.2053 0.6416 
        D552  1 0.2143 0.3719 0.3303 0.0835 
        D553  1 0.0272 0.0351 0.9154 0.0224 
        D615  1 0.1358 0.2804 0.3986 0.1852 
        D616  1 0.1044 0.2659 0.4103 0.2193 
        D621  1 0.1809 0.6882 0.0624 0.0684 
        D622  1 0.0609 0.8267 0.0709 0.0415 
        D623  1 0.6617 0.0415 0.0930 0.2038 
        D624  1 0.8738 0.0528 0.0483 0.0251 
        D625  1 0.1270 0.1390 0.7057 0.0282 
        D626  1 0.5167 0.2837 0.1255 0.0741 
        D627  1 0.0535 0.1440 0.6303 0.1721 
        D690  1 0.1176 0.1012 0.7648 0.0165 
        D691  1 0.0412 0.8200 0.0970 0.0418 
        D710  1 0.2510 0.0915 0.5571 0.1004 
        D711  1 0.0763 0.0852 0.7940 0.0446 
        D712  1 0.7808 0.0741 0.0665 0.0786 
        D713  1 0.6361 0.1030 0.2166 0.0443 
        D746  1 0.0224 0.8773 0.0730 0.0272 
        D747  1 0.0325 0.0298 0.9027 0.0350 
        D748  1 0.1089 0.4336 0.4137 0.0437 
        D749  1 0.2004 0.5604 0.0628 0.1765 
        D750  1 0.7100 0.0838 0.1769 0.0294 
        D763  1 0.0919 0.1556 0.3482 0.4043 
        D764  1 0.2931 0.1602 0.5175 0.0292 
        D765  1 0.1352 0.7799 0.0472 0.0377 
        D766  1 0.1205 0.5718 0.2729 0.0348 
        D767  1 0.1223 0.3964 0.3191 0.1623 
        D768  1 0.0229 0.0526 0.8867 0.0377 
        D811  1 0.8292 0.0848 0.0436 0.0423 
        D816  1 0.0851 0.0351 0.8544 0.0254 
        D825  1 0.5926 0.1923 0.1863 0.0288 
        D866  1 0.4179 0.0794 0.0870 0.4158 
        D867  1 0.0495 0.8481 0.0435 0.0589 
        D871  1 0.0578 0.1220 0.7596 0.0606 
        D872  1 0.1036 0.3568 0.4670 0.0726 
        D873  1 0.0238 0.9431 0.0160 0.0171 
        D874  1 0.4020 0.0360 0.4589 0.1031 
        D875  1 0.0475 0.2684 0.6476 0.0365 
        D876  1 0.2336 0.1273 0.5848 0.0544 
        D877  1 0.8338 0.0276 0.1008 0.0378 
        D892  1 0.2936 0.2687 0.4033 0.0345 
        D893  1 0.0574 0.1708 0.6589 0.1128 
        D894  1 0.1575 0.0854 0.6919 0.0651 
        D915  1 0.0974 0.3261 0.5273 0.0492 
        D916  1 0.0310 0.0573 0.8878 0.0240 
        D917  1 0.4615 0.0549 0.3550 0.1286 
        D925  1 0.0850 0.7802 0.1014 0.0334 
        D926  1 0.1815 0.1409 0.6198 0.0578 
        D927  1 0.0976 0.0611 0.4611 0.3802 
        D928  1 0.8712 0.0269 0.0838 0.0180 
        D929  1 0.4342 0.2710 0.1907 0.1041 
        D936  1 0.0617 0.0481 0.7382 0.1520 
        D938  1 0.0415 0.8914 0.0412 0.0260 
        D956  1 0.8182 0.0623 0.0618 0.0577 
        D957  1 0.0908 0.5273 0.3286 0.0533 
        D958  1 0.2007 0.3357 0.4332 0.0304 
        D959  1 0.0364 0.1816 0.7338 0.0482 
        D960  1 0.0447 0.8931 0.0364 0.0259 
        D989  1 0.7113 0.0412 0.0875 0.1600 
        D990  1 0.0417 0.8868 0.0201 0.0515 
        D023  2 0.0252 0.5427 0.3994 0.0327 
        D130  2 0.0249 0.8770 0.0674 0.0306 
        D131  2 0.0597 0.1180 0.6969 0.1254 
        D163  2 0.0372 0.8328 0.0962 0.0338 
        D164  2 0.0163 0.4819 0.0215 0.4803 
        D165  2 0.0268 0.6935 0.2151 0.0645 
        D166  2 0.1687 0.3938 0.2056 0.2320 
        D167  2 0.0596 0.0204 0.0255 0.8946 
        D192  2 0.0273 0.0166 0.0152 0.9409 
        D193  2 0.7341 0.1163 0.0608 0.0889 
        D206  2 0.0889 0.1956 0.4635 0.2520 
        D207  2 0.0646 0.0643 0.1396 0.7316 
        D208  2 0.5514 0.0662 0.0662 0.3162 
        D209  2 0.0770 0.0780 0.2425 0.6025 
        D210  2 0.4472 0.0600 0.1158 0.3769 
     D229599  2 0.1947 0.1462 0.4488 0.2103 
     D229600  2 0.0439 0.4814 0.0565 0.4183 
     D237227  2 0.6185 0.1738 0.1014 0.1063 
     D237228  2 0.4003 0.4314 0.0505 0.1179 
     D237258  2 0.2794 0.2293 0.1626 0.3287 
     D237310  2 0.1161 0.7626 0.0255 0.0958 
     D237311  2 0.0704 0.7070 0.0335 0.1891 
     D237312  2 0.2662 0.6266 0.0577 0.0495 
     D237313  2 0.3005 0.2969 0.3220 0.0806 
     D237322  2 0.2418 0.1435 0.0899 0.5248 
     D237323  2 0.1930 0.7218 0.0322 0.0530 
     D237324  2 0.0240 0.3778 0.1321 0.4660 
     D237325  2 0.1790 0.6621 0.0779 0.0810 
     D237326  2 0.0977 0.6985 0.1625 0.0412 
     D237327  2 0.0707 0.0541 0.2126 0.6626 
     D237337  2 0.0688 0.8408 0.0667 0.0237 
     D237338  2 0.2162 0.4723 0.1267 0.1848 
     D237339  2 0.0543 0.0427 0.4155 0.4876 
     D237340  2 0.3522 0.3326 0.0388 0.2764 
     D237389  2 0.0680 0.8301 0.0351 0.0667 
     D237390  2 0.2762 0.5518 0.1217 0.0503 
     D244017  2 0.5875 0.0580 0.0778 0.2768 
     D244112  2 0.0274 0.1057 0.0254 0.8415 
     D244118  2 0.0337 0.2526 0.0255 0.6882 
     D244119  2 0.6307 0.0374 0.0283 0.3036 
     D244120  2 0.3231 0.0606 0.0307 0.5857 
     D244122  2 0.1132 0.0732 0.0424 0.7713 
        D291  2 0.0898 0.1107 0.1846 0.6149 
        D292  2 0.1656 0.0562 0.2541 0.5242 
        D293  2 0.0147 0.0172 0.3215 0.6466 
        D322  2 0.0267 0.0712 0.3679 0.5341 
        D323  2 0.2596 0.0804 0.3678 0.2921 
        D324  2 0.1268 0.1780 0.4747 0.2204 
        D325  2 0.0167 0.0294 0.1086 0.8452 
        D326  2 0.0376 0.0213 0.9037 0.0374 
        D340  2 0.0204 0.0202 0.0325 0.9269 
        D341  2 0.0332 0.0468 0.0424 0.8777 
        D342  2 0.0382 0.2021 0.0459 0.7138 
        D343  2 0.0116 0.0129 0.0287 0.9468 
        D344  2 0.1494 0.1121 0.6361 0.1024 
        D345  2 0.0893 0.2508 0.5752 0.0846 
        D346  2 0.7649 0.0357 0.0926 0.1068 
        D351  2 0.0422 0.1373 0.6624 0.1581 
        D352  2 0.3174 0.1329 0.2993 0.2505 
        D353  2 0.0470 0.0378 0.8315 0.0836 
        D354  2 0.3729 0.1525 0.4235 0.0511 
        D362  2 0.0832 0.0747 0.7945 0.0476 
        D363  2 0.1315 0.0525 0.7770 0.0389 
        D364  2 0.1647 0.1114 0.6669 0.0570 
        D365  2 0.0221 0.0152 0.0480 0.9147 
        D369  2 0.2235 0.1653 0.4061 0.2050 
        D374  2 0.9398 0.0221 0.0191 0.0191 
        D375  2 0.2354 0.2357 0.4603 0.0685 
        D376  2 0.9005 0.0428 0.0233 0.0334 
        D377  2 0.4645 0.2956 0.1152 0.1247 
        D378  2 0.0368 0.0463 0.5966 0.3203 
        D379  2 0.0478 0.0466 0.8603 0.0452 
        D384  2 0.0465 0.0211 0.9076 0.0247 
        D385  2 0.0445 0.0195 0.0266 0.9094 
        D386  2 0.0447 0.1029 0.7266 0.1258 
        D391  2 0.0200 0.0292 0.0739 0.8768 
        D392  2 0.0807 0.0967 0.0820 0.7407 
        D393  2 0.0315 0.0826 0.6374 0.2485 
        D394  2 0.1184 0.4447 0.2583 0.1787 
        D395  2 0.0645 0.0420 0.1801 0.7134 
        D401  2 0.0751 0.8716 0.0267 0.0266 
        D402  2 0.0196 0.0200 0.0336 0.9267 
        D403  2 0.0577 0.2296 0.6214 0.0914 
        D415  2 0.0233 0.0769 0.8712 0.0286 
        D435  2 0.0214 0.0955 0.6435 0.2396 
        D436  2 0.2709 0.1023 0.5320 0.0947 
        D438  2 0.0321 0.0203 0.0247 0.9229 
        D439  2 0.0471 0.1185 0.6090 0.2253 
        D449  2 0.0338 0.0530 0.3465 0.5668 
        D450  2 0.4730 0.1461 0.2984 0.0826 
        D456  2 0.0226 0.0285 0.9277 0.0212 
        D462  2 0.0169 0.0208 0.0770 0.8853 
        D463  2 0.0239 0.0220 0.9389 0.0152 
        D464  2 0.1429 0.0567 0.6266 0.1739 
        D465  2 0.0590 0.1298 0.4995 0.3117 
        D473  2 0.7203 0.1620 0.0548 0.0629 
        D474  2 0.0933 0.0724 0.6550 0.1793 
        D476  2 0.0270 0.5416 0.1774 0.2540 
        D477  2 0.1983 0.0782 0.6350 0.0885 
        D478  2 0.4025 0.2193 0.2739 0.1043 
        D480  2 0.1201 0.0494 0.5185 0.3119 
        D481  2 0.1932 0.1461 0.5260 0.1347 
        D482  2 0.4491 0.1597 0.0822 0.3090 
        D483  2 0.0701 0.0244 0.0280 0.8774 
        D484  2 0.3499 0.0944 0.1375 0.4182 
        D510  2 0.8462 0.0342 0.0326 0.0870 
        D511  2 0.0459 0.0633 0.6831 0.2077 
        D512  2 0.0431 0.6488 0.1375 0.1706 
        D513  2 0.1019 0.1058 0.2784 0.5140 
        D635  2 0.0529 0.1651 0.7368 0.0451 
        D636  2 0.0285 0.9018 0.0475 0.0222 
        D637  2 0.2326 0.1531 0.1298 0.4845 
        D658  2 0.2245 0.0799 0.0492 0.6465 
        D659  2 0.0504 0.0488 0.8403 0.0605 
        D677  2 0.0825 0.3277 0.4030 0.1867 
        D678  2 0.0714 0.0644 0.0542 0.8099 
        D679  2 0.0884 0.0603 0.6754 0.1759 
        D719  2 0.4560 0.0359 0.3160 0.1920 
        D720  2 0.1370 0.0725 0.7315 0.0589 
        D721  2 0.0716 0.3946 0.3237 0.2101 
        D722  2 0.8537 0.0538 0.0383 0.0542 
        D734  2 0.5430 0.0246 0.1390 0.2934 
        D735  2 0.1282 0.1188 0.5880 0.1650 
        D736  2 0.5649 0.0710 0.1750 0.1890 
        D737  2 0.1022 0.0927 0.0648 0.7403 
        D807  2 0.4382 0.1168 0.2851 0.1599 
        D808  2 0.0630 0.4362 0.2396 0.2611 
        D817  2 0.2852 0.1087 0.5596 0.0465 
        D818  2 0.0501 0.1314 0.2128 0.6057 
        D819  2 0.1682 0.2183 0.5389 0.0746 
        D820  2 0.0355 0.0311 0.8694 0.0640 
        D895  2 0.0657 0.1527 0.7337 0.0479 
        D896  2 0.0534 0.9040 0.0221 0.0204 
        D897  2 0.0560 0.0790 0.0577 0.8074 
        D898  2 0.3221 0.2478 0.2899 0.1402 
        D918  2 0.1170 0.4775 0.1089 0.2966 
        D919  2 0.0522 0.0584 0.5542 0.3351 
        D920  2 0.0439 0.9005 0.0278 0.0278 
        D923  2 0.0479 0.0288 0.8869 0.0364 
        D930  2 0.3548 0.1322 0.4047 0.1082 
        D931  2 0.1420 0.0677 0.5960 0.1942 
        D968  2 0.0183 0.0219 0.0338 0.9260 
        D969  2 0.0931 0.0706 0.5583 0.2780 
        D977  2 0.0269 0.0767 0.1114 0.7850 
        D978  2 0.1117 0.0444 0.1236 0.7203 
        D211  3 0.0555 0.7346 0.1186 0.0912 
     D229639  3 0.2077 0.0534 0.0775 0.6614 
     D237212  3 0.0983 0.1736 0.3303 0.3978 
     D237213  3 0.0944 0.5178 0.2635 0.1243 
     D237214  3 0.0706 0.6262 0.2595 0.0437 
     D237215  3 0.2025 0.0265 0.0224 0.7486 
     D237216  3 0.0804 0.3587 0.2912 0.2697 
     D237217  3 0.0232 0.7705 0.1386 0.0677 
     D237218  3 0.0562 0.1265 0.2812 0.5362 
     D237219  3 0.2300 0.6341 0.0548 0.0811 
     D237382  3 0.3331 0.3001 0.2421 0.1247 
     D244127  3 0.0496 0.7787 0.0502 0.1216 
     D244129  3 0.1106 0.3708 0.3398 0.1788 
     D244133  3 0.4441 0.1793 0.1947 0.1819 
     D244134  3 0.4266 0.1870 0.0812 0.3052 
     D244135  3 0.0313 0.7208 0.1427 0.1051 
     D244136  3 0.5028 0.0894 0.2904 0.1174 
        D416  3 0.0817 0.2224 0.3763 0.3197 
        D417  3 0.0518 0.1345 0.7770 0.0367 
        D419  3 0.1866 0.3626 0.2302 0.2206 
        D565  3 0.8477 0.0334 0.0795 0.0394 
        D566  3 0.5776 0.0482 0.0925 0.2817 
        D567  3 0.0592 0.1521 0.7424 0.0462 
        D568  3 0.0357 0.3098 0.4154 0.2391 
        D569  3 0.0988 0.1370 0.2213 0.5430 
        D573  3 0.0267 0.0348 0.2941 0.6444 
        D574  3 0.7038 0.1204 0.0982 0.0775 
        D575  3 0.3464 0.2699 0.2026 0.1810 
        D576  3 0.0675 0.0336 0.0155 0.8834 
        D577  3 0.1009 0.1319 0.6986 0.0687 
        D578  3 0.0223 0.8954 0.0407 0.0416 
        D579  3 0.2996 0.1346 0.3585 0.2073 
        D660  3 0.0805 0.2167 0.0612 0.6417 
        D661  3 0.0388 0.0811 0.0830 0.7971 
        D663  3 0.0502 0.0418 0.1005 0.8075 
        D664  3 0.3586 0.4222 0.0430 0.1762 
        D665  3 0.0547 0.6122 0.0960 0.2371 
        D666  3 0.3943 0.3727 0.1598 0.0732 
        D009  4 0.0632 0.5515 0.3138 0.0716 
        D057  4 0.0479 0.2395 0.1204 0.5922 
        D109  4 0.1074 0.7750 0.0812 0.0363 
     D237222  4 0.1219 0.7583 0.0581 0.0616 
     D237223  4 0.1921 0.5910 0.0662 0.1508 
     D237224  4 0.0882 0.0634 0.3684 0.4801 
     D237225  4 0.1139 0.3849 0.3709 0.1303 
     D237299  4 0.0973 0.5744 0.1096 0.2188 
     D237300  4 0.0941 0.0384 0.0314 0.8361 
     D237306  4 0.6912 0.1613 0.0979 0.0495 
     D237307  4 0.3696 0.1159 0.4057 0.1088 
     D237308  4 0.1439 0.1653 0.1014 0.5894 
     D237309  4 0.0651 0.3459 0.4747 0.1143 
     D237317  4 0.6339 0.0973 0.2100 0.0587 
     D237318  4 0.0396 0.0198 0.0492 0.8914 
     D237319  4 0.1409 0.5300 0.2047 0.1245 
     D237320  4 0.0849 0.5000 0.1472 0.2678 
     D237321  4 0.1356 0.0781 0.1154 0.6709 
     D237397  4 0.3265 0.3028 0.0967 0.2740 
     D237398  4 0.0278 0.0638 0.2485 0.6599 
     D237399  4 0.2941 0.1886 0.2767 0.2406 
     D244001  4 0.0550 0.6653 0.0963 0.1833 
        D289  4 0.3034 0.0885 0.3122 0.2959 
        D290  4 0.1412 0.1253 0.3657 0.3679 
        D294  4 0.1639 0.0683 0.4850 0.2827 
        D295  4 0.1700 0.2886 0.4469 0.0945 
        D301  4 0.0760 0.7882 0.0279 0.1079 
        D302  4 0.0691 0.0609 0.8315 0.0385 
        D303  4 0.8364 0.0488 0.0504 0.0644 
        D304  4 0.2292 0.0729 0.3352 0.3626 
        D305  4 0.0345 0.1788 0.1928 0.5939 
        D306  4 0.2986 0.1483 0.3624 0.1907 
        D307  4 0.0813 0.8264 0.0274 0.0649 
        D327  4 0.1687 0.0744 0.6513 0.1057 
        D328  4 0.7230 0.1144 0.0888 0.0739 
        D329  4 0.1025 0.1165 0.2801 0.5009 
        D330  4 0.0399 0.3660 0.5228 0.0713 
        D331  4 0.2911 0.2076 0.2515 0.2498 
        D333  4 0.3459 0.2063 0.1691 0.2787 
        D334  4 0.6832 0.0965 0.1707 0.0496 
        D335  4 0.1090 0.0479 0.7237 0.1194 
        D370  4 0.6403 0.1977 0.0910 0.0711 
        D371  4 0.8243 0.0257 0.1114 0.0386 
        D372  4 0.1240 0.0344 0.0305 0.8111 
        D373  4 0.0450 0.6667 0.0571 0.2312 
        D455  4 0.0392 0.7857 0.0612 0.1138 
        D490  4 0.0247 0.9234 0.0308 0.0210 
        D497  4 0.0348 0.8911 0.0373 0.0368 
        D498  4 0.3722 0.2903 0.1360 0.2014 
        D499  4 0.2988 0.0747 0.1137 0.5128 
        D514  4 0.0691 0.0911 0.7621 0.0777 
        D515  4 0.0788 0.7448 0.0928 0.0836 
        D516  4 0.2151 0.4237 0.2148 0.1464 
        D517  4 0.0312 0.7597 0.0724 0.1367 
        D518  4 0.2391 0.3310 0.2036 0.2264 
        D519  4 0.0405 0.7201 0.0875 0.1520 
        D560  4 0.0339 0.5509 0.1689 0.2463 
        D561  4 0.0185 0.2358 0.6736 0.0720 
        D562  4 0.2361 0.2586 0.2079 0.2974 
        D563  4 0.0452 0.1070 0.1858 0.6620 
        D572  4 0.1517 0.1280 0.5412 0.1791 
        D629  4 0.1044 0.2065 0.6016 0.0875 
        D630  4 0.2570 0.2702 0.3205 0.1524 
        D631  4 0.1270 0.1030 0.1849 0.5851 
        D632  4 0.0545 0.6055 0.1292 0.2107 
        D646  4 0.0398 0.4554 0.3864 0.1184 
        D647  4 0.0341 0.2713 0.5516 0.1430 
        D648  4 0.8180 0.0615 0.0454 0.0750 
        D649  4 0.0526 0.3150 0.5774 0.0549 
        D650  4 0.3056 0.2782 0.3087 0.1075 
        D708  4 0.6445 0.1212 0.1280 0.1062 
        D709  4 0.3248 0.2756 0.2412 0.1584 
        D738  4 0.5204 0.2903 0.1380 0.0514 
        D739  4 0.1463 0.5580 0.1397 0.1561 
        D740  4 0.2023 0.2687 0.1079 0.4211 
        D741  4 0.0358 0.3936 0.2863 0.2843 
        D742  4 0.1522 0.1221 0.0886 0.6370 
        D743  4 0.0728 0.0521 0.7519 0.1233 
        D744  4 0.0564 0.0877 0.5577 0.2982 
        D745  4 0.0476 0.8199 0.0626 0.0699 
        D814  4 0.0468 0.0926 0.1294 0.7312 
        D815  4 0.2007 0.1348 0.5114 0.1532 
        D828  4 0.6373 0.0979 0.0320 0.2329 
        D845  4 0.0903 0.0234 0.0453 0.8409 
        D846  4 0.0455 0.1285 0.4477 0.3783 
        D847  4 0.1644 0.3178 0.3004 0.2174 
        D848  4 0.0342 0.5203 0.0451 0.4004 
        D849  4 0.0392 0.8096 0.0841 0.0672 
        D850  4 0.1689 0.1707 0.5077 0.1527 
        D856  4 0.1602 0.5047 0.2457 0.0894 
        D857  4 0.0505 0.8885 0.0187 0.0423 
        D859  4 0.1936 0.1160 0.3746 0.3159 
        D860  4 0.4919 0.0343 0.1830 0.2908 
        D883  4 0.2652 0.3133 0.3491 0.0725 
        D884  4 0.3152 0.5150 0.1190 0.0508 
        D885  4 0.0668 0.1445 0.3468 0.4419 
        D886  4 0.0696 0.5663 0.2311 0.1330 
        D887  4 0.1783 0.1396 0.2153 0.4669 
        D889  4 0.1349 0.0490 0.2622 0.5539 
        D890  4 0.5997 0.1579 0.1407 0.1017 
        D891  4 0.0184 0.0199 0.0300 0.9316 
        D899  4 0.2120 0.0422 0.0862 0.6597 
        D900  4 0.1497 0.2191 0.4988 0.1325 
        D970  4 0.1674 0.1257 0.4646 0.2423 
        D971  4 0.1038 0.0936 0.1683 0.6343 
        D979  4 0.0982 0.0397 0.7818 0.0804 
        D093  5 0.7965 0.0611 0.0676 0.0748 
        D154  5 0.1824 0.1110 0.0871 0.6195 
        D168  5 0.0679 0.2956 0.1886 0.4479 
        D189  5 0.5905 0.0596 0.0725 0.2775 
        D190  5 0.8550 0.0406 0.0479 0.0565 
     D237220  5 0.1250 0.5405 0.1453 0.1892 
     D237221  5 0.4543 0.0956 0.1798 0.2703 
     D237274  5 0.0435 0.0521 0.8712 0.0332 
     D237275  5 0.0751 0.0512 0.0331 0.8405 
     D237276  5 0.3911 0.3570 0.1647 0.0872 
     D237277  5 0.6927 0.0548 0.0674 0.1850 
     D237278  5 0.2419 0.1297 0.0911 0.5373 
     D237279  5 0.0360 0.5128 0.4073 0.0440 
     D237280  5 0.1440 0.5045 0.2996 0.0520 
     D237281  5 0.0331 0.0299 0.1049 0.8321 
     D237351  5 0.1163 0.7921 0.0377 0.0539 
     D237352  5 0.1354 0.3983 0.3321 0.1343 
     D237353  5 0.8828 0.0359 0.0395 0.0417 
     D237359  5 0.1357 0.3394 0.2037 0.3211 
     D237361  5 0.9221 0.0225 0.0263 0.0292 
     D237362  5 0.4167 0.1290 0.3464 0.1079 
     D237363  5 0.1798 0.1992 0.2705 0.3505 
     D237364  5 0.0511 0.2049 0.3167 0.4273 
     D237376  5 0.8783 0.0362 0.0253 0.0603 
     D237377  5 0.1312 0.2574 0.5587 0.0527 
     D237378  5 0.7761 0.0522 0.0323 0.1395 
     D237379  5 0.7286 0.0843 0.0829 0.1042 
     D237380  5 0.1799 0.7198 0.0721 0.0283 
     D237381  5 0.1383 0.6244 0.1119 0.1254 
     D237391  5 0.7414 0.0648 0.1100 0.0838 
     D237392  5 0.0800 0.1158 0.6793 0.1249 
     D237393  5 0.2799 0.1370 0.4783 0.1048 
     D237394  5 0.9037 0.0259 0.0514 0.0191 
     D237395  5 0.6039 0.1992 0.0618 0.1350 
     D237396  5 0.0998 0.1081 0.7066 0.0855 
     D244016  5 0.4754 0.0663 0.2385 0.2198 
     D244018  5 0.2465 0.1368 0.1416 0.4751 
     D244019  5 0.2401 0.0735 0.4611 0.2252 
        D279  5 0.1032 0.1247 0.1017 0.6704 
        D280  5 0.3519 0.1191 0.2870 0.2421 
        D281  5 0.0816 0.0249 0.0844 0.8091 
        D283  5 0.5565 0.0549 0.2919 0.0967 
        D284  5 0.0996 0.5852 0.1521 0.1631 
        D285  5 0.6048 0.0795 0.1835 0.1323 
        D286  5 0.5182 0.1376 0.2006 0.1436 
        D287  5 0.8089 0.0899 0.0280 0.0732 
        D288  5 0.3388 0.0673 0.3437 0.2502 
        D308  5 0.0424 0.8265 0.1078 0.0233 
        D309  5 0.0507 0.0625 0.8206 0.0662 
        D310  5 0.8993 0.0255 0.0333 0.0418 
        D311  5 0.5452 0.1006 0.2443 0.1100 
        D312  5 0.5563 0.1109 0.2181 0.1147 
        D313  5 0.0304 0.9322 0.0202 0.0172 
        D314  5 0.3024 0.2804 0.0790 0.3381 
        D315  5 0.4636 0.1376 0.3128 0.0860 
        D317  5 0.8820 0.0305 0.0569 0.0305 
        D318  5 0.1863 0.2063 0.4081 0.1993 
        D319  5 0.8654 0.0517 0.0322 0.0506 
        D320  5 0.8371 0.0681 0.0505 0.0442 
        D321  5 0.0890 0.7223 0.1123 0.0764 
        D336  5 0.8908 0.0274 0.0573 0.0245 
        D337  5 0.9078 0.0155 0.0286 0.0481 
        D338  5 0.2058 0.2341 0.2882 0.2719 
        D339  5 0.6892 0.0885 0.0587 0.1636 
        D347  5 0.3150 0.0486 0.4447 0.1917 
        D348  5 0.8598 0.0281 0.0484 0.0637 
        D349  5 0.0916 0.8373 0.0372 0.0338 
        D350  5 0.0775 0.0727 0.6424 0.2074 
        D355  5 0.0545 0.0439 0.3707 0.5308 
        D356  5 0.4830 0.1387 0.3161 0.0622 
        D357  5 0.4464 0.1725 0.1849 0.1962 
        D358  5 0.5727 0.1335 0.2115 0.0822 
        D359  5 0.5619 0.0451 0.3494 0.0436 
        D360  5 0.6152 0.1487 0.1872 0.0489 
        D361  5 0.0400 0.8939 0.0362 0.0299 
        D366  5 0.0417 0.0587 0.6976 0.2020 
        D367  5 0.8444 0.0704 0.0374 0.0478 
        D368  5 0.4335 0.3317 0.1721 0.0627 
        D380  5 0.0727 0.1390 0.6644 0.1239 
        D381  5 0.6992 0.0687 0.1211 0.1110 
        D400  5 0.3956 0.0892 0.1204 0.3948 
        D411  5 0.0287 0.9119 0.0266 0.0329 
        D412  5 0.2082 0.1541 0.1904 0.4473 
        D413  5 0.0419 0.0500 0.1012 0.8069 
        D414  5 0.0946 0.0625 0.2090 0.6339 
        D420  5 0.1978 0.3736 0.1510 0.2776 
        D431  5 0.4756 0.1978 0.0358 0.2908 
        D432  5 0.6022 0.1199 0.1003 0.1775 
        D433  5 0.7123 0.0725 0.0830 0.1323 
        D434  5 0.6198 0.1123 0.1785 0.0894 
        D440  5 0.0573 0.0893 0.6722 0.1812 
        D447  5 0.0525 0.1104 0.7574 0.0797 
        D448  5 0.8692 0.0237 0.0561 0.0509 
        D459  5 0.0396 0.0304 0.1740 0.7559 
        D460  5 0.0774 0.7669 0.1216 0.0340 
        D461  5 0.0595 0.0324 0.8439 0.0641 
        D468  5 0.5392 0.1193 0.2745 0.0670 
        D469  5 0.1913 0.2131 0.5037 0.0919 
        D470  5 0.3253 0.4546 0.1176 0.1025 
        D471  5 0.7758 0.0325 0.0897 0.1019 
        D472  5 0.0243 0.0293 0.7463 0.2001 
        D479  5 0.0550 0.0327 0.0497 0.8626 
        D485  5 0.5221 0.1506 0.1438 0.1835 
        D486  5 0.4087 0.2942 0.2245 0.0726 
        D487  5 0.3152 0.0629 0.0392 0.5827 
        D555  5 0.8621 0.0233 0.0453 0.0693 
        D556  5 0.5110 0.1023 0.1165 0.2702 
        D557  5 0.8581 0.0281 0.0588 0.0551 
        D564  5 0.5651 0.1639 0.1853 0.0856 
        D594  5 0.3058 0.1119 0.4452 0.1371 
        D595  5 0.5212 0.0926 0.2400 0.1462 
        D596  5 0.8895 0.0245 0.0392 0.0469 
        D597  5 0.3394 0.0485 0.2164 0.3956 
        D598  5 0.5556 0.1925 0.1483 0.1036 
        D617  5 0.0398 0.7624 0.0391 0.1587 
        D618  5 0.6168 0.0827 0.1221 0.1784 
        D619  5 0.2603 0.2773 0.3866 0.0758 
        D620  5 0.0296 0.0296 0.0482 0.8927 
        D628  5 0.3746 0.2285 0.2285 0.1684 
        D714  5 0.6248 0.0578 0.0445 0.2730 
        D715  5 0.7018 0.0419 0.1419 0.1144 
        D716  5 0.3591 0.0738 0.2634 0.3036 
        D717  5 0.2190 0.1518 0.5106 0.1186 
        D718  5 0.4331 0.3784 0.0463 0.1422 
        D769  5 0.0610 0.6643 0.0792 0.1954 
        D770  5 0.4343 0.0645 0.0883 0.4129 
        D771  5 0.2576 0.1691 0.1268 0.4465 
        D772  5 0.6644 0.0849 0.1519 0.0987 
        D782  5 0.0584 0.3258 0.4148 0.2009 
        D783  5 0.2223 0.0620 0.1120 0.6037 
        D784  5 0.1044 0.0805 0.7084 0.1068 
        D785  5 0.8448 0.0618 0.0655 0.0278 
        D786  5 0.0473 0.5916 0.2629 0.0981 
        D821  5 0.9139 0.0261 0.0290 0.0310 
        D822  5 0.2327 0.0696 0.5852 0.1125 
        D826  5 0.4386 0.0599 0.0993 0.4022 
        D827  5 0.0947 0.0813 0.6881 0.1358 
        D851  5 0.2861 0.1871 0.3864 0.1404 
        D852  5 0.2840 0.1474 0.0638 0.5048 
        D853  5 0.5874 0.1268 0.1235 0.1623 
        D854  5 0.1205 0.1674 0.3658 0.3463 
        D861  5 0.3029 0.1887 0.1532 0.3552 
        D862  5 0.5535 0.0679 0.3312 0.0474 
        D865  5 0.8252 0.0559 0.0419 0.0771 
        D868  5 0.1421 0.1483 0.6440 0.0656 
        D869  5 0.0602 0.8548 0.0486 0.0364 
        D870  5 0.0334 0.1476 0.7374 0.0816 
        D907  5 0.7970 0.0927 0.0606 0.0497 
        D908  5 0.3548 0.0810 0.0427 0.5215 
        D910  5 0.6608 0.0406 0.0815 0.2170 
        D911  5 0.0491 0.0317 0.2690 0.6502 
        D934  5 0.2821 0.0669 0.1725 0.4784 
        D946  5 0.3122 0.1965 0.0701 0.4212 
        D947  5 0.1780 0.1604 0.4092 0.2523 
        D948  5 0.1290 0.7831 0.0586 0.0293 
        D949  5 0.0991 0.8194 0.0548 0.0267 
        D950  5 0.0728 0.0251 0.2277 0.6744 
        D951  5 0.1048 0.0703 0.7816 0.0433 
        D952  5 0.1662 0.0689 0.6694 0.0954 
        D953  5 0.7567 0.0659 0.1043 0.0730 
        D954  5 0.3202 0.0622 0.5688 0.0488 
        D961  5 0.7015 0.1516 0.0553 0.0916 
        D962  5 0.8774 0.0316 0.0716 0.0194 
        D963  5 0.4278 0.0564 0.3765 0.1393 
        D964  5 0.2597 0.3166 0.1508 0.2729 
        D965  5 0.3654 0.1374 0.2092 0.2880 
        D966  5 0.4409 0.0471 0.2536 0.2584 
        D967  5 0.3087 0.2041 0.0979 0.3893 
        D991  5 0.3003 0.3911 0.2113 0.0973 
        D502  6 0.0778 0.3029 0.1743 0.4450 
        D503  6 0.0688 0.3050 0.0542 0.5721 
        D504  6 0.1660 0.1462 0.5405 0.1474 
        D505  6 0.5044 0.0956 0.1826 0.2175 
        D506  6 0.9255 0.0277 0.0259 0.0209 
        D507  6 0.1184 0.2238 0.1589 0.4989 
        D508  6 0.1435 0.0737 0.5368 0.2460 
        D529  6 0.2777 0.3062 0.2640 0.1521 
        D530  6 0.6800 0.1655 0.0495 0.1050 
        D531  6 0.2946 0.1694 0.3871 0.1489 
        D532  6 0.5186 0.0822 0.3067 0.0926 
        D534  6 0.0338 0.7841 0.1136 0.0685 
        D535  6 0.5317 0.0904 0.3163 0.0615 
        D536  6 0.0317 0.1264 0.0447 0.7972 
        D554  6 0.7442 0.1175 0.0708 0.0675 
        D587  6 0.7736 0.0536 0.1125 0.0603 
        D588  6 0.3824 0.0838 0.4497 0.0842 
        D589  6 0.1209 0.0895 0.0736 0.7160 
        D590  6 0.0548 0.0660 0.1043 0.7749 
        D591  6 0.2377 0.1812 0.2675 0.3137 
        D592  6 0.0790 0.7867 0.0678 0.0665 
        D593  6 0.7266 0.1108 0.0312 0.1313 
        D682  6 0.8599 0.0443 0.0532 0.0426 
        D683  6 0.2350 0.1205 0.5900 0.0545 
        D684  6 0.0218 0.2929 0.1461 0.5392 
        D685  6 0.1598 0.2027 0.0914 0.5461 
        D686  6 0.8345 0.0479 0.0820 0.0356 
        D724  6 0.0722 0.2020 0.5170 0.2089 
        D725  6 0.4069 0.1418 0.1153 0.3359 
        D726  6 0.8653 0.0397 0.0607 0.0342 
        D727  6 0.1251 0.0981 0.4436 0.3332 
        D728  6 0.8586 0.0596 0.0488 0.0330 
        D729  6 0.0299 0.3829 0.4386 0.1485 
        D730  6 0.0754 0.3573 0.2435 0.3237 
        D731  6 0.7262 0.0322 0.0210 0.2206 
        D732  6 0.1397 0.1042 0.6122 0.1439 
        D733  6 0.3057 0.2835 0.1911 0.2197 
     D237251  7 0.1976 0.1079 0.0659 0.6287 
     D237252  7 0.0550 0.5537 0.0687 0.3226 
     D237253  7 0.3041 0.0821 0.1385 0.4754 
     D237254  7 0.0220 0.8530 0.0622 0.0628 
     D237255  7 0.1234 0.0495 0.0529 0.7742 
     D237256  7 0.0871 0.0436 0.2002 0.6691 
     D237257  7 0.0829 0.5668 0.2163 0.1340 
     D237282  7 0.0266 0.1489 0.7375 0.0870 
     D237283  7 0.0274 0.9017 0.0245 0.0463 
     D237284  7 0.0269 0.8494 0.0814 0.0423 
     D237285  7 0.5186 0.1087 0.1283 0.2445 
     D237286  7 0.2494 0.1123 0.4422 0.1961 
     D237287  7 0.0953 0.1190 0.3389 0.4468 
     D244006  7 0.0262 0.8593 0.0603 0.0542 
     D244007  7 0.0721 0.0992 0.3676 0.4611 
     D244008  7 0.0700 0.8626 0.0355 0.0318 
     D244009  7 0.1153 0.6895 0.1356 0.0596 
     D244010  7 0.1074 0.5552 0.1033 0.2340 
     D244011  7 0.3410 0.1971 0.0911 0.3709 
     D244012  7 0.0840 0.2313 0.2138 0.4710 
     D244013  7 0.2104 0.1121 0.1212 0.5563 
     D244014  7 0.1275 0.3228 0.1532 0.3965 
     D244015  7 0.0682 0.4874 0.3048 0.1397 
     D244125  7 0.3996 0.0735 0.2313 0.2955 
     D244126  7 0.0169 0.9242 0.0276 0.0313 
     D244130  7 0.1844 0.4515 0.1803 0.1839 
     D244131  7 0.3064 0.2144 0.3338 0.1454 
     D244132  7 0.5372 0.0852 0.3302 0.0475 
        D520  7 0.3859 0.3742 0.1685 0.0714 
        D521  7 0.1600 0.3284 0.3158 0.1959 
        D522  7 0.0900 0.5930 0.2220 0.0950 
        D523  7 0.1126 0.0707 0.0628 0.7538 
        D524  7 0.2716 0.1973 0.1255 0.4055 
        D525  7 0.0567 0.4888 0.0723 0.3822 
        D526  7 0.0245 0.8131 0.1053 0.0571 
        D527  7 0.1563 0.2111 0.4120 0.2206 
        D528  7 0.0201 0.4386 0.4898 0.0516 
        D558  7 0.0527 0.1957 0.4361 0.3156 
        D559  7 0.0321 0.1536 0.4734 0.3410 
        D640  7 0.5007 0.1137 0.1710 0.2146 
        D641  7 0.4458 0.2357 0.0547 0.2638 
        D642  7 0.1057 0.5068 0.1195 0.2680 
        D644  7 0.3780 0.3558 0.1230 0.1433 
        D645  7 0.2259 0.2736 0.1506 0.3499 
        D662  7 0.1213 0.6262 0.2282 0.0242 
        D687  7 0.1521 0.1393 0.1918 0.5168 
        D688  7 0.0445 0.2170 0.4923 0.2461 
        D689  7 0.3809 0.1482 0.2557 0.2152 
        D700  7 0.0185 0.3932 0.5237 0.0646 
        D797  7 0.2857 0.1873 0.2462 0.2808 
        D798  7 0.0532 0.7958 0.1072 0.0438 
        D799  7 0.0678 0.2100 0.0999 0.6223 
        D800  7 0.0387 0.0957 0.7093 0.1563 
        D132  8 0.0447 0.8800 0.0492 0.0261 
        D133  8 0.0190 0.0500 0.0179 0.9130 
        D200  8 0.1553 0.1161 0.2530 0.4756 
        D500  8 0.0291 0.9204 0.0311 0.0194 
        D614  8 0.5624 0.2181 0.1354 0.0840 
        D723  8 0.0751 0.4318 0.3760 0.1171 
        D888  8 0.0659 0.0323 0.0575 0.8443 
        D901  8 0.1191 0.6796 0.0376 0.1637 
        D902  8 0.7924 0.0827 0.0529 0.0719 
        D903  8 0.1907 0.0354 0.6614 0.1125 
        D904  8 0.1505 0.2215 0.4670 0.1610 
        D905  8 0.2255 0.0291 0.0244 0.7211 
        D906  8 0.0514 0.0958 0.1654 0.6875 
        D937  8 0.8726 0.0422 0.0185 0.0668 
        D943  8 0.0667 0.4363 0.2167 0.2803 
        D972  8 0.0775 0.5386 0.3103 0.0736 
        D973  8 0.0799 0.2468 0.6261 0.0472 
        D974  8 0.3213 0.2709 0.2288 0.1789 
        D975  8 0.2497 0.1363 0.2262 0.3879 
        D976  8 0.3314 0.2761 0.1011 0.2914 
        D201  9 0.0910 0.1299 0.1923 0.5868 
        D202  9 0.1869 0.2090 0.0639 0.5401 
     D237259  9 0.0340 0.2308 0.6422 0.0931 
     D237260  9 0.0804 0.2733 0.0264 0.6200 
     D237262  9 0.0301 0.8949 0.0440 0.0310 
     D237263  9 0.0514 0.5745 0.1109 0.2632 
     D237264  9 0.2334 0.4289 0.1432 0.1945 
     D237265  9 0.0754 0.0756 0.0389 0.8102 
     D237266  9 0.0367 0.2404 0.0750 0.6479 
     D237267  9 0.4114 0.2612 0.2076 0.1198 
     D237268  9 0.1141 0.6483 0.1713 0.0662 
     D237289  9 0.3921 0.1054 0.0464 0.4561 
     D237290  9 0.0370 0.0500 0.0386 0.8743 
     D237291  9 0.0902 0.0911 0.0524 0.7663 
     D237292  9 0.0473 0.3024 0.0568 0.5935 
     D237293  9 0.2902 0.4187 0.1531 0.1380 
     D237294  9 0.0836 0.6433 0.0362 0.2369 
     D237295  9 0.2964 0.3191 0.3415 0.0430 
     D237296  9 0.2256 0.3341 0.1475 0.2928 
     D237297  9 0.7135 0.0817 0.0878 0.1170 
     D237298  9 0.0999 0.2932 0.2980 0.3089 
     D237341  9 0.1004 0.1785 0.1904 0.5307 
     D237342  9 0.0941 0.7395 0.0601 0.1063 
     D237343  9 0.0525 0.4402 0.1047 0.4027 
     D237344  9 0.6246 0.0886 0.0914 0.1954 
     D237345  9 0.0205 0.8721 0.0425 0.0649 
     D237346  9 0.1951 0.1341 0.0430 0.6277 
     D237347  9 0.5013 0.1184 0.1122 0.2681 
     D237348  9 0.2164 0.3436 0.1750 0.2649 
     D237349  9 0.0380 0.2265 0.4039 0.3316 
     D244109  9 0.0216 0.1558 0.1813 0.6412 
     D244110  9 0.0385 0.1095 0.1025 0.7495 
     D244111  9 0.1391 0.1957 0.2744 0.3908 
     D244128  9 0.0390 0.8431 0.0366 0.0812 
     D244137  9 0.0701 0.1607 0.6716 0.0976 
     D244138  9 0.1701 0.1542 0.0848 0.5909 
        D580  9 0.1113 0.5595 0.2830 0.0462 
        D581  9 0.0367 0.0665 0.0294 0.8673 
        D582  9 0.0277 0.9209 0.0244 0.0270 
        D583  9 0.0328 0.1108 0.0275 0.8290 
        D584  9 0.6047 0.2662 0.0484 0.0807 
        D585  9 0.0456 0.6516 0.0658 0.2370 
        D586  9 0.1153 0.0489 0.0515 0.7843 
        D651  9 0.2096 0.1389 0.4647 0.1868 
        D652  9 0.0317 0.4929 0.3284 0.1470 
        D653  9 0.0769 0.0872 0.3845 0.4514 
        D654  9 0.0553 0.1691 0.3547 0.4209 
        D655  9 0.3934 0.0831 0.1796 0.3439 
        D656  9 0.0462 0.7833 0.0884 0.0821 
        D657  9 0.1294 0.3923 0.1687 0.3096 
        D667  9 0.6582 0.0798 0.0779 0.1842 
        D668  9 0.1749 0.5691 0.0783 0.1777 
        D669  9 0.0961 0.1435 0.0979 0.6625 
        D670  9 0.0851 0.1028 0.7578 0.0543 
        D671  9 0.0832 0.0872 0.0686 0.7610 
        D672  9 0.0464 0.8010 0.0454 0.1072 
        D673  9 0.4103 0.3039 0.1416 0.1442 
        D692  9 0.0380 0.6003 0.0857 0.2759 
        D693  9 0.3663 0.2866 0.2014 0.1458 
        D694  9 0.0605 0.8024 0.0425 0.0945 
        D695  9 0.1167 0.5132 0.2754 0.0946 
        D696  9 0.9397 0.0177 0.0221 0.0205 
        D697  9 0.5425 0.1169 0.1500 0.1906 
        D698  9 0.3677 0.0951 0.0491 0.4882 
        D699  9 0.6985 0.1466 0.0353 0.1195 
        D787  9 0.0460 0.3223 0.4785 0.1532 
        D788  9 0.6732 0.1906 0.0912 0.0450 
        D789  9 0.3555 0.3585 0.0586 0.2275 
        D790  9 0.1366 0.3146 0.2588 0.2900 
        D791  9 0.2248 0.1111 0.0518 0.6122 
        D792  9 0.0592 0.2113 0.4028 0.3267 
        D793  9 0.6111 0.0645 0.2087 0.1156 
        D794  9 0.4210 0.1028 0.3351 0.1410 
        D795  9 0.1366 0.7594 0.0338 0.0703 
        D796  9 0.1713 0.1751 0.0920 0.5615 
        D142 10 0.5164 0.0871 0.2070 0.1896 
        D143 10 0.1070 0.0470 0.0501 0.7959 
        D144 10 0.3670 0.2735 0.2432 0.1163 
        D145 10 0.0532 0.0635 0.0595 0.8238 
        D146 10 0.1322 0.6993 0.1090 0.0595 
        D147 10 0.1347 0.4071 0.2466 0.2116 
        D148 10 0.0577 0.0975 0.7725 0.0723 
        D149 10 0.0422 0.0741 0.1114 0.7723 
        D151 10 0.0984 0.1868 0.4917 0.2231 
        D152 10 0.0234 0.0272 0.0209 0.9285 
        D153 10 0.2898 0.1188 0.5343 0.0571 
        D156 10 0.0714 0.0610 0.6561 0.2114 
        D157 10 0.6715 0.1699 0.0772 0.0814 
        D158 10 0.4036 0.1902 0.0491 0.3571 
        D159 10 0.0237 0.0308 0.0385 0.9070 
        D160 10 0.3779 0.0369 0.0193 0.5659 
        D161 10 0.2744 0.1464 0.4047 0.1745 
        D162 10 0.2034 0.0467 0.4542 0.2958 
        D169 10 0.0394 0.7757 0.0937 0.0912 
        D170 10 0.1227 0.7242 0.0924 0.0607 
        D171 10 0.6706 0.1275 0.1336 0.0683 
        D172 10 0.1711 0.2475 0.2879 0.2935 
        D173 10 0.0160 0.0391 0.0723 0.8727 
        D181 10 0.6061 0.0823 0.1671 0.1445 
        D182 10 0.0862 0.2354 0.2119 0.4665 
        D183 10 0.8263 0.0595 0.0718 0.0424 
        D184 10 0.0185 0.8658 0.0913 0.0244 
        D185 10 0.1425 0.1874 0.5726 0.0975 
        D186 10 0.0355 0.8542 0.0279 0.0824 
        D194 10 0.1053 0.7065 0.1257 0.0625 
        D195 10 0.2938 0.0624 0.1836 0.4601 
        D196 10 0.1392 0.0419 0.3234 0.4954 
        D197 10 0.0659 0.7133 0.0320 0.1888 
        D198 10 0.2689 0.1865 0.4984 0.0462 
     D237226 10 0.0526 0.2048 0.1236 0.6189 
     D237232 10 0.3988 0.1289 0.1029 0.3694 
     D237233 10 0.2599 0.1228 0.0430 0.5743 
     D237234 10 0.5282 0.1100 0.1407 0.2211 
     D237354 10 0.0353 0.0202 0.0377 0.9068 
     D237355 10 0.1657 0.0744 0.0736 0.6863 
     D237356 10 0.4777 0.1408 0.3414 0.0401 
     D237357 10 0.0797 0.2857 0.1289 0.5056 
     D237358 10 0.0635 0.2957 0.4813 0.1595 
     D237369 10 0.0220 0.8569 0.0633 0.0578 
     D237370 10 0.7886 0.0553 0.0417 0.1143 
     D237371 10 0.0944 0.1871 0.6287 0.0898 
     D237372 10 0.0461 0.3167 0.1505 0.4867 
     D237373 10 0.4597 0.0698 0.0990 0.3716 
     D237374 10 0.2516 0.0316 0.0404 0.6764 
     D237375 10 0.1301 0.1554 0.3090 0.4055 
     D237400 10 0.0254 0.0198 0.0232 0.9316 
     D244002 10 0.0334 0.4235 0.4349 0.1082 
     D244003 10 0.4752 0.0892 0.0193 0.4162 
     D244004 10 0.9267 0.0424 0.0142 0.0167 
     D244005 10 0.0682 0.2026 0.0976 0.6317 
     D244020 10 0.4882 0.1065 0.2913 0.1140 
     D244021 10 0.0689 0.5460 0.0576 0.3275 
     D244116 10 0.1325 0.5795 0.1448 0.1432 
     D244117 10 0.5169 0.0788 0.0551 0.3492 
     D244121 10 0.7187 0.1167 0.0354 0.1292 
     D244123 10 0.5092 0.0945 0.0767 0.3197 
     D244124 10 0.1639 0.4166 0.0447 0.3749 
        D332 10 0.0934 0.0545 0.7828 0.0692 
        D570 10 0.7974 0.0590 0.1011 0.0425 
        D602 10 0.0459 0.0656 0.7635 0.1250 
        D603 10 0.4083 0.1983 0.0882 0.3052 
        D604 10 0.1187 0.0525 0.3927 0.4360 
        D605 10 0.0865 0.2208 0.5238 0.1689 
        D606 10 0.2258 0.6458 0.0829 0.0455 
        D607 10 0.0277 0.0582 0.8554 0.0587 
        D608 10 0.0201 0.0205 0.0475 0.9119 
        D609 10 0.6987 0.0913 0.1744 0.0356 
        D610 10 0.3626 0.0948 0.3736 0.1691 
        D611 10 0.9447 0.0207 0.0177 0.0169 
        D613 10 0.2817 0.0844 0.4747 0.1592 
        D633 10 0.0387 0.1267 0.6244 0.2102 
        D634 10 0.6666 0.1188 0.1122 0.1024 
        D638 10 0.0434 0.0307 0.0292 0.8968 
        D681 10 0.4512 0.3100 0.0950 0.1438 
        D754 10 0.3199 0.5642 0.0353 0.0806 
        D755 10 0.4696 0.0482 0.0192 0.4630 
        D756 10 0.6331 0.1900 0.0578 0.1190 
        D757 10 0.1226 0.2737 0.2127 0.3910 
        D758 10 0.2627 0.3291 0.2187 0.1896 
        D759 10 0.4897 0.0605 0.0540 0.3958 
        D760 10 0.4078 0.0892 0.1558 0.3473 
        D761 10 0.0517 0.0285 0.0183 0.9015 
        D762 10 0.0837 0.0800 0.7614 0.0750 
        D775 10 0.7817 0.0674 0.0218 0.1292 
        D776 10 0.0847 0.0454 0.0368 0.8332 
        D777 10 0.5376 0.2211 0.0668 0.1745 
        D778 10 0.0535 0.2451 0.0452 0.6562 
        D779 10 0.4935 0.3276 0.0462 0.1326 
        D780 10 0.1587 0.0832 0.1643 0.5939 
        D781 10 0.0850 0.0847 0.5480 0.2823 
        D858 10 0.0167 0.9090 0.0243 0.0500 
        D933 10 0.2073 0.0498 0.5532 0.1898 
        D038 11 0.1460 0.1861 0.1645 0.5033 
        D063 11 0.3190 0.0968 0.0714 0.5128 
        D155 11 0.5023 0.0905 0.1232 0.2840 
        D175 11 0.5276 0.3380 0.0546 0.0798 
        D176 11 0.1767 0.0757 0.0419 0.7057 
        D205 11 0.7094 0.2177 0.0465 0.0264 
     D237229 11 0.0404 0.1961 0.3513 0.4122 
     D237230 11 0.0326 0.1701 0.6931 0.1042 
     D237231 11 0.0444 0.0647 0.7917 0.0993 
     D237269 11 0.1088 0.1371 0.3018 0.4524 
     D237270 11 0.0350 0.7988 0.0897 0.0766 
     D237271 11 0.5077 0.1756 0.1919 0.1247 
     D237272 11 0.0410 0.3220 0.5077 0.1293 
     D237273 11 0.5763 0.0694 0.1084 0.2459 
     D237301 11 0.1755 0.0534 0.7001 0.0710 
     D237302 11 0.0938 0.5502 0.1247 0.2313 
     D237303 11 0.0414 0.5865 0.2241 0.1480 
     D237304 11 0.1937 0.2783 0.3517 0.1762 
     D237305 11 0.0938 0.7421 0.0561 0.1080 
     D237314 11 0.4483 0.2274 0.1096 0.2147 
     D237315 11 0.0538 0.7100 0.1322 0.1040 
     D237316 11 0.1237 0.0541 0.7871 0.0350 
     D237328 11 0.3074 0.2425 0.4163 0.0338 
     D237329 11 0.1135 0.2892 0.1153 0.4819 
     D237330 11 0.7231 0.0667 0.0416 0.1686 
     D237331 11 0.4789 0.0803 0.2284 0.2124 
     D237332 11 0.2751 0.1429 0.4351 0.1470 
     D237333 11 0.3830 0.0382 0.0659 0.5129 
     D237334 11 0.0781 0.0479 0.8222 0.0518 
     D237335 11 0.3314 0.3133 0.2754 0.0799 
     D237336 11 0.1708 0.1489 0.0915 0.5888 
     D237350 11 0.6568 0.0627 0.1196 0.1609 
     D237383 11 0.1846 0.4618 0.0566 0.2970 
     D237384 11 0.0875 0.2685 0.5446 0.0993 
     D237385 11 0.2379 0.2741 0.2550 0.2329 
     D237386 11 0.1951 0.1143 0.5285 0.1621 
     D237387 11 0.0903 0.2325 0.6280 0.0492 
     D237388 11 0.7971 0.0450 0.1059 0.0520 
        D239 11 0.4443 0.0731 0.1908 0.2918 
        D240 11 0.0622 0.0610 0.0312 0.8456 
        D241 11 0.0456 0.1952 0.5742 0.1851 
        D242 11 0.1122 0.1191 0.4620 0.3067 
        D243 11 0.4961 0.1638 0.1475 0.1927 
        D244 11 0.7419 0.1488 0.0570 0.0523 
