        D174  1 0.0808 0.0936 0.0158 0.0848 0.0537 0.0860 0.0358 0.0912 0.0271 0.0676 0.3635 
        D199  1 0.0203 0.0270 0.0272 0.1627 0.1412 0.0956 0.1213 0.0282 0.1533 0.1063 0.1171 
        D203  1 0.0854 0.1110 0.0396 0.0862 0.2062 0.0554 0.1495 0.0199 0.1141 0.0831 0.0496 
        D204  1 0.0209 0.0296 0.0937 0.0311 0.6738 0.0186 0.0373 0.0246 0.0202 0.0303 0.0198 
     D237366  1 0.1918 0.0227 0.0635 0.0702 0.0434 0.3869 0.0379 0.0215 0.0493 0.0501 0.0628 
     D237367  1 0.0676 0.0592 0.0441 0.1271 0.1663 0.1721 0.0867 0.1225 0.0265 0.0871 0.0407 
     D237368  1 0.0260 0.0473 0.0547 0.0885 0.1424 0.3492 0.0798 0.0330 0.0247 0.0358 0.1186 
     D244101  1 0.0209 0.0235 0.4549 0.0816 0.1242 0.0155 0.0736 0.0285 0.1227 0.0338 0.0207 
     D244102  1 0.0597 0.1505 0.0660 0.0804 0.0682 0.0618 0.0398 0.0705 0.0503 0.3169 0.0360 
     D244103  1 0.2396 0.0392 0.0384 0.1196 0.1379 0.1622 0.0404 0.0891 0.0260 0.0666 0.0409 
     D244104  1 0.0211 0.0306 0.0267 0.0310 0.5897 0.0454 0.0343 0.1018 0.0376 0.0168 0.0650 
     D244105  1 0.2551 0.1048 0.0244 0.2414 0.0283 0.1930 0.0233 0.0313 0.0373 0.0412 0.0199 
     D244106  1 0.1472 0.0276 0.0224 0.0506 0.0627 0.0225 0.0594 0.0226 0.0310 0.0612 0.4929 
     D244107  1 0.0304 0.1735 0.0688 0.1377 0.0461 0.3595 0.0849 0.0397 0.0244 0.0194 0.0156 
     D244108  1 0.0356 0.3002 0.0346 0.0550 0.0408 0.0315 0.0341 0.0305 0.0444 0.0924 0.3010 
     D244113  1 0.0179 0.0341 0.0715 0.0515 0.0220 0.0354 0.0426 0.1042 0.0223 0.3289 0.2696 
     D244114  1 0.2971 0.0395 0.0312 0.2250 0.0419 0.0359 0.0372 0.0295 0.1148 0.0684 0.0795 
     D244115  1 0.0606 0.2163 0.0228 0.1552 0.1337 0.0623 0.0286 0.0465 0.0345 0.0459 0.1936 
     D267365  1 0.0276 0.0391 0.0388 0.0889 0.2792 0.0911 0.0316 0.0380 0.1899 0.0564 0.1194 
        D404  1 0.0425 0.0459 0.0757 0.0361 0.0283 0.0174 0.0433 0.0347 0.0249 0.4532 0.1981 
        D405  1 0.0356 0.0635 0.0432 0.0425 0.0858 0.0317 0.0544 0.0488 0.0432 0.5181 0.0332 
        D406  1 0.0259 0.1419 0.0429 0.0405 0.0588 0.5581 0.0201 0.0165 0.0207 0.0284 0.0462 
        D407  1 0.0325 0.0209 0.0216 0.0762 0.3525 0.1682 0.1436 0.1030 0.0174 0.0302 0.0339 
        D408  1 0.0255 0.0439 0.0358 0.0498 0.0671 0.0209 0.0186 0.2595 0.1428 0.0605 0.2758 
        D409  1 0.2101 0.0423 0.0334 0.1828 0.1672 0.1414 0.0440 0.0474 0.0485 0.0407 0.0422 
        D410  1 0.0258 0.7262 0.0349 0.0330 0.0557 0.0217 0.0123 0.0240 0.0158 0.0278 0.0228 
        D421  1 0.0123 0.0111 0.0113 0.0200 0.8166 0.0165 0.0467 0.0204 0.0139 0.0103 0.0209 
        D422  1 0.0503 0.0272 0.0194 0.0377 0.0505 0.7141 0.0282 0.0173 0.0223 0.0193 0.0137 
        D423  1 0.0350 0.6437 0.0175 0.0655 0.0484 0.0519 0.0563 0.0166 0.0180 0.0266 0.0206 
        D424  1 0.0430 0.0266 0.0245 0.1191 0.5742 0.0705 0.0205 0.0319 0.0193 0.0324 0.0379 
        D425  1 0.0307 0.1102 0.0301 0.1757 0.2225 0.0446 0.0265 0.0520 0.0788 0.1504 0.0785 
        D426  1 0.1786 0.0150 0.0203 0.2595 0.0971 0.1641 0.0369 0.0671 0.1178 0.0171 0.0265 
        D427  1 0.0184 0.0157 0.0157 0.0261 0.3585 0.0273 0.3384 0.0342 0.0219 0.0126 0.1311 
        D428  1 0.0205 0.1014 0.0782 0.1384 0.1576 0.0916 0.0465 0.0554 0.0373 0.1147 0.1583 
        D429  1 0.1622 0.0312 0.0309 0.0659 0.3865 0.0292 0.0288 0.0177 0.0372 0.0973 0.1130 
        D430  1 0.2060 0.0379 0.0253 0.1556 0.0748 0.0429 0.0629 0.0546 0.0688 0.1347 0.1363 
        D491  1 0.0362 0.0381 0.0368 0.0489 0.0902 0.0262 0.0122 0.0887 0.0306 0.0502 0.5419 
        D492  1 0.0506 0.0541 0.0569 0.1598 0.2506 0.0885 0.0534 0.0305 0.0285 0.1169 0.1102 
        D537  1 0.0449 0.0730 0.0794 0.0955 0.3268 0.1070 0.0467 0.0907 0.0159 0.0882 0.0319 
        D538  1 0.0488 0.1395 0.0508 0.1429 0.0542 0.1079 0.0809 0.0274 0.0321 0.2027 0.1130 
        D539  1 0.2389 0.0562 0.0498 0.0899 0.0398 0.0475 0.0389 0.0689 0.1710 0.0862 0.1131 
        D540  1 0.0517 0.0456 0.0262 0.1298 0.2211 0.0673 0.0263 0.3059 0.0535 0.0483 0.0244 
        D541  1 0.0170 0.0184 0.0207 0.0166 0.8245 0.0192 0.0187 0.0186 0.0194 0.0131 0.0139 
        D551  1 0.2522 0.0235 0.0232 0.2594 0.0284 0.0833 0.1157 0.0417 0.1131 0.0311 0.0284 
        D552  1 0.0681 0.1518 0.0761 0.0994 0.1518 0.0777 0.0288 0.0857 0.0457 0.0208 0.1941 
        D553  1 0.0146 0.0126 0.0169 0.0163 0.8315 0.0200 0.0151 0.0258 0.0191 0.0115 0.0166 
        D615  1 0.0784 0.1052 0.0235 0.0812 0.3850 0.0338 0.0595 0.0376 0.0487 0.0919 0.0552 
        D616  1 0.0732 0.1028 0.0235 0.1569 0.2725 0.0686 0.1215 0.0451 0.0550 0.0217 0.0592 
        D621  1 0.0424 0.1404 0.2926 0.0480 0.0140 0.2107 0.0279 0.0733 0.0277 0.0516 0.0714 
        D622  1 0.0898 0.1468 0.0470 0.0687 0.0312 0.4245 0.0281 0.0607 0.0328 0.0253 0.0451 
        D623  1 0.0185 0.0790 0.1701 0.0556 0.0245 0.0247 0.1322 0.0298 0.0449 0.1683 0.2523 
        D624  1 0.0258 0.0200 0.0154 0.0786 0.0445 0.0301 0.0176 0.0347 0.0261 0.0272 0.6800 
        D625  1 0.0558 0.0573 0.0593 0.0604 0.5459 0.0626 0.0205 0.0297 0.0247 0.0238 0.0601 
        D626  1 0.0695 0.1037 0.0262 0.0725 0.0570 0.1026 0.0342 0.1526 0.0488 0.0464 0.2865 
        D627  1 0.2223 0.0171 0.0217 0.2070 0.1651 0.1102 0.0301 0.0294 0.1480 0.0174 0.0315 
        D690  1 0.0172 0.0607 0.0269 0.0226 0.7186 0.0404 0.0122 0.0247 0.0170 0.0164 0.0432 
        D691  1 0.0982 0.0983 0.0262 0.0412 0.0553 0.5490 0.0187 0.0240 0.0334 0.0149 0.0406 
        D710  1 0.0264 0.0654 0.1541 0.1261 0.1790 0.1191 0.0483 0.0787 0.0391 0.0402 0.1236 
        D711  1 0.0319 0.0310 0.0474 0.0353 0.6811 0.0395 0.0232 0.0132 0.0207 0.0477 0.0291 
        D712  1 0.0324 0.0335 0.0374 0.0581 0.0361 0.0693 0.0335 0.0592 0.0847 0.0700 0.4858 
        D713  1 0.0498 0.0658 0.1188 0.1108 0.1212 0.0816 0.0268 0.0524 0.0283 0.2336 0.1108 
        D746  1 0.0413 0.0618 0.0276 0.0378 0.0750 0.6206 0.0341 0.0429 0.0204 0.0125 0.0259 
        D747  1 0.0158 0.0170 0.0293 0.0198 0.8072 0.0155 0.0280 0.0146 0.0232 0.0131 0.0164 
        D748  1 0.2595 0.1231 0.0615 0.0592 0.1394 0.2020 0.0171 0.0483 0.0252 0.0231 0.0416 
        D749  1 0.0770 0.0740 0.0608 0.2180 0.0275 0.2570 0.0496 0.0209 0.0345 0.0841 0.0967 
        D750  1 0.0397 0.0826 0.0475 0.0350 0.1507 0.0401 0.0212 0.0276 0.0259 0.0258 0.5037 
        D763  1 0.0732 0.0318 0.1567 0.1341 0.0516 0.0820 0.1210 0.1489 0.1425 0.0349 0.0234 
        D764  1 0.0258 0.0880 0.0184 0.0459 0.5091 0.0475 0.0153 0.0324 0.0203 0.0168 0.1805 
        D765  1 0.0679 0.5102 0.0161 0.0720 0.0318 0.0581 0.0188 0.0232 0.0325 0.0553 0.1141 
        D766  1 0.0542 0.3773 0.1282 0.0717 0.0419 0.0914 0.0301 0.1122 0.0182 0.0419 0.0330 
        D767  1 0.0773 0.0946 0.1684 0.0815 0.0734 0.0927 0.0665 0.0256 0.0298 0.2588 0.0313 
        D768  1 0.0217 0.0268 0.0176 0.0292 0.7847 0.0243 0.0233 0.0215 0.0222 0.0148 0.0140 
        D811  1 0.0252 0.1146 0.0208 0.0519 0.0220 0.0187 0.0152 0.3248 0.0244 0.3004 0.0819 
        D816  1 0.0210 0.0238 0.0192 0.0269 0.7890 0.0229 0.0164 0.0155 0.0224 0.0223 0.0205 
        D825  1 0.0496 0.3414 0.0230 0.0901 0.0809 0.0302 0.0166 0.0614 0.0234 0.1452 0.1381 
        D866  1 0.0630 0.0604 0.0178 0.0926 0.0598 0.0242 0.0869 0.0807 0.3206 0.0402 0.1539 
        D867  1 0.0382 0.0282 0.0910 0.0561 0.0186 0.5723 0.0598 0.0402 0.0214 0.0511 0.0231 
        D871  1 0.2994 0.0272 0.0387 0.1412 0.1529 0.1194 0.0226 0.0468 0.0645 0.0373 0.0500 
        D872  1 0.0255 0.2707 0.0494 0.0835 0.1309 0.0631 0.0568 0.0256 0.0274 0.2159 0.0513 
        D873  1 0.0199 0.6582 0.0543 0.0257 0.0103 0.0356 0.0282 0.0171 0.0108 0.1260 0.0141 
        D874  1 0.0303 0.0182 0.6741 0.0379 0.0501 0.0163 0.0161 0.0336 0.0312 0.0333 0.0588 
        D875  1 0.3443 0.0787 0.0256 0.1620 0.0897 0.1692 0.0165 0.0326 0.0297 0.0311 0.0205 
        D876  1 0.0366 0.0733 0.0968 0.0722 0.3793 0.0538 0.0228 0.0459 0.0597 0.0343 0.1251 
        D877  1 0.0242 0.0238 0.0842 0.0536 0.0322 0.0130 0.0226 0.0329 0.0180 0.5989 0.0966 
        D892  1 0.1712 0.0667 0.0406 0.0668 0.1605 0.1988 0.0180 0.0161 0.0238 0.0495 0.1879 
        D893  1 0.0367 0.0471 0.0434 0.0637 0.5593 0.0562 0.0314 0.0572 0.0689 0.0211 0.0150 
        D894  1 0.1095 0.0243 0.0260 0.0522 0.6272 0.0282 0.0228 0.0182 0.0306 0.0245 0.0366 
        D915  1 0.1080 0.1946 0.0304 0.0732 0.3140 0.0859 0.0317 0.0391 0.0413 0.0319 0.0500 
        D916  1 0.0194 0.0170 0.0180 0.0158 0.8512 0.0147 0.0122 0.0123 0.0121 0.0102 0.0171 
        D917  1 0.0210 0.0296 0.1435 0.1454 0.1007 0.0507 0.0532 0.0466 0.1421 0.0781 0.1891 
        D925  1 0.0193 0.4094 0.0170 0.0462 0.2561 0.0447 0.0242 0.0330 0.0343 0.0318 0.0841 
        D926  1 0.0958 0.0532 0.0770 0.1977 0.3368 0.0645 0.0179 0.0296 0.0357 0.0381 0.0537 
        D927  1 0.0522 0.0250 0.0366 0.1470 0.1991 0.0923 0.1915 0.0324 0.1101 0.0538 0.0598 
        D928  1 0.0112 0.0356 0.0238 0.0254 0.0997 0.0124 0.0170 0.0218 0.0163 0.0348 0.7021 
        D929  1 0.0693 0.0396 0.3546 0.0516 0.0290 0.0759 0.0230 0.0332 0.0264 0.2479 0.0494 
        D936  1 0.0520 0.0400 0.1601 0.0810 0.4211 0.0277 0.0407 0.0291 0.0936 0.0285 0.0262 
        D938  1 0.0358 0.1439 0.0540 0.0306 0.0215 0.5529 0.0177 0.0723 0.0225 0.0231 0.0258 
        D956  1 0.0865 0.0493 0.0267 0.0554 0.0424 0.0198 0.0279 0.0331 0.0242 0.1197 0.5150 
        D957  1 0.0287 0.5306 0.0361 0.0576 0.0654 0.0443 0.0411 0.0175 0.0348 0.1061 0.0378 
        D958  1 0.0333 0.3562 0.0779 0.0699 0.1174 0.0783 0.0255 0.0401 0.0178 0.0627 0.1210 
        D959  1 0.0312 0.0206 0.0191 0.1025 0.3353 0.2211 0.1349 0.0632 0.0160 0.0295 0.0267 
        D960  1 0.0613 0.0931 0.0422 0.0803 0.0359 0.4817 0.0244 0.0125 0.0170 0.1054 0.0462 
        D989  1 0.0340 0.0249 0.0258 0.0799 0.0434 0.0408 0.0663 0.0439 0.0782 0.0384 0.5243 
        D990  1 0.0272 0.5101 0.0212 0.0925 0.0179 0.0423 0.0314 0.0191 0.1718 0.0131 0.0535 
        D023  2 0.0118 0.0167 0.0172 0.0206 0.0388 0.8162 0.0194 0.0176 0.0130 0.0124 0.0164 
        D130  2 0.0598 0.0379 0.0198 0.0408 0.0806 0.5484 0.0491 0.0219 0.0158 0.1068 0.0189 
        D131  2 0.0644 0.0881 0.0465 0.1581 0.2077 0.0354 0.0372 0.2021 0.0839 0.0269 0.0497 
        D163  2 0.0299 0.0391 0.0446 0.0592 0.0702 0.6020 0.0149 0.0183 0.0520 0.0162 0.0536 
        D164  2 0.0156 0.3313 0.0185 0.0221 0.0113 0.0324 0.5035 0.0223 0.0123 0.0186 0.0120 
        D165  2 0.0149 0.0185 0.0270 0.0260 0.0370 0.7527 0.0301 0.0313 0.0311 0.0126 0.0186 
        D166  2 0.1089 0.0603 0.0733 0.1744 0.0324 0.0539 0.0427 0.0574 0.0375 0.3398 0.0194 
        D167  2 0.0153 0.0169 0.0160 0.0204 0.0164 0.0164 0.7117 0.0129 0.0243 0.1190 0.0306 
        D192  2 0.0155 0.0154 0.0162 0.0165 0.0106 0.0137 0.8141 0.0203 0.0278 0.0299 0.0199 
        D193  2 0.0890 0.0275 0.0365 0.0681 0.0278 0.0210 0.0249 0.0184 0.0433 0.5778 0.0656 
        D206  2 0.0548 0.0247 0.0270 0.0695 0.0841 0.0531 0.2456 0.3582 0.0225 0.0380 0.0224 
        D207  2 0.0547 0.0265 0.0191 0.0738 0.0319 0.0287 0.5140 0.0246 0.0591 0.1457 0.0220 
        D208  2 0.0457 0.0331 0.0357 0.0661 0.0465 0.0316 0.0533 0.2918 0.2171 0.0548 0.1243 
        D209  2 0.0343 0.0419 0.1393 0.1639 0.0312 0.0410 0.3703 0.0838 0.0314 0.0360 0.0268 
        D210  2 0.0770 0.0288 0.0359 0.0525 0.0497 0.0260 0.0672 0.0279 0.1372 0.0334 0.4644 
     D229599  2 0.0474 0.0629 0.1408 0.1464 0.1674 0.0852 0.0471 0.0268 0.1702 0.0450 0.0609 
     D229600  2 0.0486 0.0437 0.0266 0.0711 0.0263 0.3388 0.3039 0.0197 0.0326 0.0695 0.0193 
     D237227  2 0.0261 0.2034 0.0225 0.0828 0.0488 0.0596 0.0518 0.0435 0.1322 0.0231 0.3063 
     D237228  2 0.0366 0.5642 0.0152 0.0572 0.0139 0.0193 0.0395 0.0231 0.0537 0.0455 0.1319 
     D237258  2 0.0369 0.0889 0.0480 0.1166 0.0523 0.1229 0.1664 0.1011 0.1155 0.0808 0.0707 
     D237310  2 0.1199 0.5442 0.0257 0.0482 0.0134 0.0230 0.0450 0.0268 0.0263 0.0909 0.0365 
     D237311  2 0.0451 0.6024 0.0177 0.0394 0.0124 0.0254 0.1419 0.0211 0.0265 0.0434 0.0246 
     D237312  2 0.2348 0.2359 0.0645 0.0700 0.0254 0.0724 0.0252 0.0456 0.0237 0.1550 0.0475 
     D237313  2 0.0904 0.1435 0.0787 0.1522 0.1042 0.0413 0.0272 0.1770 0.0796 0.0422 0.0636 
     D237322  2 0.0927 0.1498 0.0953 0.1546 0.0275 0.0339 0.0359 0.0539 0.1803 0.0915 0.0845 
     D237323  2 0.0378 0.5471 0.0277 0.0375 0.0146 0.0467 0.0266 0.0181 0.0518 0.0473 0.1448 
     D237324  2 0.0364 0.0419 0.0314 0.3468 0.0556 0.1656 0.1857 0.0253 0.0691 0.0272 0.0150 
     D237325  2 0.1417 0.3662 0.0442 0.0737 0.0239 0.0856 0.0605 0.0283 0.0309 0.0603 0.0847 
     D237326  2 0.0245 0.6629 0.0425 0.0399 0.0437 0.0429 0.0319 0.0164 0.0271 0.0240 0.0443 
     D237327  2 0.1010 0.0272 0.1099 0.1436 0.0436 0.0884 0.0811 0.0293 0.3030 0.0340 0.0388 
     D237337  2 0.0377 0.7658 0.0200 0.0235 0.0172 0.0222 0.0175 0.0231 0.0207 0.0231 0.0292 
     D237338  2 0.1172 0.1786 0.0866 0.1314 0.0370 0.1175 0.0806 0.0362 0.0822 0.0300 0.1028 
     D237339  2 0.0248 0.0266 0.5785 0.0704 0.0252 0.0212 0.1202 0.0308 0.0457 0.0408 0.0157 
     D237340  2 0.0507 0.3790 0.0351 0.0613 0.0165 0.0581 0.1392 0.0276 0.0367 0.0790 0.1169 
     D237389  2 0.0687 0.4998 0.0258 0.0419 0.0195 0.0323 0.0873 0.0256 0.0216 0.1579 0.0197 
     D237390  2 0.1433 0.4193 0.0346 0.0575 0.0254 0.0624 0.0245 0.0381 0.0461 0.0957 0.0531 
     D244017  2 0.0172 0.0401 0.0196 0.0886 0.0235 0.0510 0.2650 0.0179 0.0465 0.2698 0.1607 
     D244112  2 0.0336 0.0223 0.0155 0.0260 0.0171 0.0299 0.7388 0.0145 0.0164 0.0643 0.0216 
     D244118  2 0.0153 0.0494 0.0290 0.0365 0.0130 0.1830 0.5605 0.0103 0.0259 0.0510 0.0262 
     D244119  2 0.0171 0.0288 0.0104 0.0215 0.0210 0.0129 0.2440 0.0202 0.0257 0.0266 0.5719 
     D244120  2 0.1277 0.0341 0.0477 0.0429 0.0139 0.0226 0.3163 0.0193 0.0784 0.2565 0.0407 
     D244122  2 0.0447 0.0292 0.0294 0.0443 0.0288 0.0394 0.5205 0.0927 0.0244 0.1152 0.0315 
        D291  2 0.0303 0.0339 0.0206 0.0927 0.0772 0.0497 0.0326 0.0870 0.4928 0.0677 0.0156 
        D292  2 0.0281 0.0725 0.0386 0.0820 0.1790 0.0312 0.1906 0.0277 0.2320 0.0605 0.0575 
        D293  2 0.0247 0.0160 0.1199 0.0835 0.1056 0.0165 0.5175 0.0225 0.0625 0.0155 0.0157 
        D322  2 0.0315 0.0523 0.1692 0.0790 0.0916 0.0323 0.4376 0.0192 0.0429 0.0238 0.0205 
        D323  2 0.0325 0.0352 0.0457 0.0599 0.0219 0.0236 0.0871 0.5368 0.0401 0.0918 0.0252 
        D324  2 0.0642 0.1039 0.0301 0.1271 0.1411 0.0783 0.0364 0.0834 0.2672 0.0255 0.0429 
        D325  2 0.0472 0.0188 0.0356 0.0336 0.0432 0.0227 0.7060 0.0192 0.0462 0.0147 0.0128 
        D326  2 0.0185 0.0135 0.0191 0.0195 0.8081 0.0145 0.0164 0.0270 0.0251 0.0158 0.0226 
        D340  2 0.0246 0.0177 0.0280 0.0211 0.0229 0.0164 0.7808 0.0189 0.0321 0.0153 0.0221 
        D341  2 0.2727 0.0486 0.0294 0.0398 0.0275 0.0201 0.4110 0.0490 0.0480 0.0254 0.0284 
        D342  2 0.1203 0.0945 0.0218 0.0853 0.0245 0.0905 0.4003 0.0527 0.0297 0.0637 0.0167 
        D343  2 0.0200 0.0115 0.0171 0.0207 0.0206 0.0139 0.8487 0.0101 0.0169 0.0091 0.0115 
        D344  2 0.0423 0.0449 0.4507 0.0663 0.0932 0.0165 0.0536 0.0250 0.0236 0.1632 0.0207 
        D345  2 0.0253 0.1900 0.2577 0.1375 0.0705 0.0650 0.0453 0.0778 0.0639 0.0345 0.0326 
        D346  2 0.0479 0.0360 0.0447 0.0389 0.0567 0.0284 0.0481 0.3159 0.0409 0.0287 0.3137 
        D351  2 0.0687 0.1024 0.0788 0.1254 0.2205 0.0601 0.0416 0.0728 0.1456 0.0583 0.0259 
        D352  2 0.0193 0.0500 0.6315 0.0697 0.0204 0.0222 0.0394 0.0278 0.0366 0.0331 0.0500 
        D353  2 0.0316 0.0173 0.0896 0.5822 0.1243 0.0200 0.0234 0.0343 0.0249 0.0369 0.0154 
        D354  2 0.0244 0.0406 0.6829 0.0340 0.0492 0.0147 0.0163 0.0334 0.0217 0.0416 0.0412 
        D362  2 0.0169 0.0344 0.0299 0.0519 0.6245 0.0774 0.0335 0.0332 0.0285 0.0455 0.0243 
        D363  2 0.0120 0.0318 0.0294 0.0489 0.6882 0.0361 0.0237 0.0425 0.0289 0.0277 0.0308 
        D364  2 0.0339 0.0463 0.3695 0.0634 0.3016 0.0220 0.0278 0.0420 0.0222 0.0453 0.0261 
        D365  2 0.0152 0.0186 0.0379 0.0189 0.0203 0.0131 0.8103 0.0161 0.0188 0.0123 0.0185 
        D369  2 0.0397 0.1199 0.0194 0.0617 0.1717 0.0540 0.0879 0.1642 0.1138 0.0333 0.1345 
        D374  2 0.0143 0.0242 0.0148 0.0214 0.0160 0.0111 0.0144 0.0257 0.0167 0.7123 0.1291 
        D375  2 0.0272 0.0188 0.7419 0.0387 0.0191 0.0179 0.0145 0.0439 0.0127 0.0446 0.0206 
        D376  2 0.0452 0.0349 0.0774 0.0605 0.0215 0.0168 0.0274 0.0300 0.0323 0.4268 0.2274 
        D377  2 0.0498 0.1003 0.0266 0.0488 0.0201 0.0276 0.0329 0.5590 0.0311 0.0600 0.0440 
        D378  2 0.0367 0.0322 0.2296 0.1122 0.1089 0.0936 0.2166 0.0807 0.0432 0.0195 0.0270 
        D379  2 0.0752 0.0268 0.0517 0.0923 0.4886 0.0236 0.0251 0.1312 0.0258 0.0303 0.0294 
        D384  2 0.0200 0.0255 0.0183 0.0229 0.7705 0.0125 0.0178 0.0323 0.0224 0.0187 0.0393 
        D385  2 0.0251 0.0257 0.1478 0.0320 0.0206 0.0144 0.6115 0.0385 0.0213 0.0254 0.0377 
        D386  2 0.0369 0.0268 0.4424 0.1138 0.0907 0.0722 0.0738 0.0577 0.0277 0.0356 0.0225 
        D391  2 0.0232 0.0269 0.1408 0.0263 0.0244 0.0179 0.6348 0.0418 0.0292 0.0166 0.0183 
        D392  2 0.0252 0.1610 0.0233 0.0539 0.0646 0.0388 0.4754 0.0328 0.0332 0.0417 0.0500 
        D393  2 0.0727 0.0457 0.2639 0.0517 0.1390 0.0453 0.0603 0.1778 0.1068 0.0154 0.0215 
        D394  2 0.0776 0.1460 0.1715 0.1377 0.0681 0.1402 0.0735 0.0219 0.0515 0.0725 0.0394 
        D395  2 0.0375 0.0264 0.3747 0.0851 0.0149 0.0277 0.3066 0.0253 0.0327 0.0439 0.0253 
        D401  2 0.0143 0.7412 0.0112 0.0336 0.0192 0.0151 0.0244 0.0638 0.0195 0.0289 0.0289 
        D402  2 0.0347 0.0285 0.0790 0.0272 0.0168 0.0138 0.6456 0.0605 0.0521 0.0242 0.0176 
        D403  2 0.1018 0.0236 0.0948 0.3585 0.1800 0.0492 0.0321 0.0549 0.0227 0.0599 0.0225 
        D415  2 0.0845 0.1373 0.0366 0.1013 0.4988 0.0355 0.0238 0.0260 0.0158 0.0266 0.0137 
        D435  2 0.0432 0.0413 0.0680 0.0394 0.4974 0.0247 0.1774 0.0283 0.0463 0.0188 0.0151 
        D436  2 0.0962 0.0412 0.3382 0.0998 0.1077 0.0399 0.0311 0.0256 0.0373 0.1233 0.0597 
        D438  2 0.0220 0.0135 0.0175 0.0229 0.0134 0.0156 0.8042 0.0358 0.0155 0.0167 0.0229 
        D439  2 0.0232 0.0383 0.5926 0.0762 0.0525 0.0429 0.0586 0.0474 0.0337 0.0195 0.0151 
        D449  2 0.0695 0.0214 0.0259 0.0903 0.1189 0.0563 0.5055 0.0352 0.0216 0.0309 0.0244 
        D450  2 0.1018 0.0344 0.2022 0.1558 0.1220 0.0627 0.0231 0.0567 0.0675 0.0670 0.1068 
        D456  2 0.0212 0.0185 0.0218 0.0321 0.8004 0.0153 0.0127 0.0205 0.0213 0.0148 0.0215 
        D462  2 0.0199 0.0157 0.1100 0.0257 0.0427 0.0236 0.6831 0.0219 0.0276 0.0182 0.0116 
        D463  2 0.0203 0.0213 0.0306 0.0439 0.7388 0.0158 0.0118 0.0414 0.0154 0.0201 0.0406 
        D464  2 0.0420 0.0267 0.2466 0.3191 0.0562 0.0197 0.0728 0.0487 0.0217 0.1049 0.0416 
        D465  2 0.0311 0.1118 0.0285 0.0591 0.1349 0.0276 0.4734 0.0599 0.0241 0.0298 0.0199 
        D473  2 0.0389 0.1502 0.0856 0.0597 0.0224 0.0603 0.0385 0.0596 0.0386 0.0332 0.4129 
        D474  2 0.0275 0.0470 0.0299 0.0497 0.5232 0.0447 0.0512 0.0366 0.1380 0.0147 0.0375 
        D476  2 0.0186 0.0185 0.4996 0.0396 0.0253 0.2758 0.0432 0.0151 0.0341 0.0155 0.0146 
        D477  2 0.0441 0.0896 0.2617 0.0796 0.2076 0.0214 0.0253 0.1339 0.0725 0.0233 0.0409 
        D478  2 0.0307 0.0411 0.0831 0.1667 0.0386 0.3221 0.0559 0.0350 0.0543 0.0892 0.0833 
        D480  2 0.1118 0.0236 0.2393 0.1173 0.1080 0.0233 0.0662 0.1288 0.0652 0.0276 0.0888 
        D481  2 0.0276 0.0582 0.2029 0.0992 0.2547 0.0963 0.0581 0.0395 0.0591 0.0409 0.0636 
        D482  2 0.0565 0.0682 0.2877 0.1171 0.0226 0.0488 0.0243 0.0678 0.1611 0.0664 0.0795 
        D483  2 0.0151 0.0209 0.0160 0.0251 0.0164 0.0232 0.7391 0.0160 0.0268 0.0285 0.0728 
        D484  2 0.0178 0.0175 0.7757 0.0239 0.0117 0.0152 0.0204 0.0296 0.0280 0.0361 0.0241 
        D510  2 0.0410 0.0316 0.0303 0.0382 0.0245 0.0209 0.0212 0.0307 0.1570 0.2308 0.3738 
        D511  2 0.0231 0.0259 0.6604 0.0438 0.0406 0.0282 0.0524 0.0471 0.0411 0.0172 0.0203 
        D512  2 0.0639 0.5178 0.0266 0.0535 0.0235 0.0337 0.1239 0.0448 0.0304 0.0675 0.0145 
        D513  2 0.0478 0.0423 0.0219 0.0612 0.0540 0.0291 0.4681 0.1170 0.0702 0.0356 0.0530 
        D635  2 0.0232 0.0284 0.0201 0.0800 0.2009 0.4975 0.0370 0.0473 0.0261 0.0176 0.0219 
        D636  2 0.0142 0.0388 0.0179 0.0280 0.0280 0.7576 0.0186 0.0503 0.0123 0.0141 0.0202 
        D637  2 0.1521 0.0622 0.2611 0.1083 0.0276 0.0226 0.1022 0.1046 0.0449 0.0585 0.0560 
        D658  2 0.0911 0.0730 0.1994 0.0566 0.0232 0.0237 0.3477 0.0195 0.0246 0.0474 0.0938 
        D659  2 0.0475 0.0173 0.0733 0.0743 0.4843 0.0947 0.0365 0.0375 0.0787 0.0236 0.0325 
        D677  2 0.2078 0.0782 0.0378 0.0943 0.1293 0.0840 0.0631 0.1481 0.0556 0.0789 0.0227 
        D678  2 0.0307 0.0357 0.0237 0.0822 0.0188 0.0298 0.5277 0.0622 0.0233 0.1510 0.0148 
        D679  2 0.0603 0.0304 0.0554 0.0868 0.2064 0.0388 0.0368 0.3529 0.0739 0.0200 0.0382 
        D719  2 0.0193 0.0704 0.0435 0.0540 0.1268 0.0154 0.1660 0.0426 0.1239 0.0272 0.3110 
        D720  2 0.0265 0.0338 0.0204 0.0335 0.6326 0.0254 0.0385 0.0600 0.0310 0.0322 0.0661 
        D721  2 0.0361 0.0194 0.0350 0.0387 0.0403 0.6844 0.0528 0.0265 0.0226 0.0129 0.0313 
        D722  2 0.0151 0.0406 0.0239 0.0494 0.0190 0.0187 0.0413 0.0607 0.0274 0.5981 0.1058 
        D734  2 0.0367 0.0153 0.6336 0.0359 0.0169 0.0137 0.0395 0.0311 0.0344 0.0254 0.1173 
        D735  2 0.0704 0.0894 0.0973 0.0918 0.1289 0.0389 0.0557 0.2729 0.0425 0.0318 0.0803 
        D736  2 0.0655 0.0608 0.0434 0.0959 0.0571 0.0552 0.0609 0.0375 0.2803 0.0324 0.2111 
        D737  2 0.0406 0.0475 0.1048 0.0652 0.0182 0.0563 0.4394 0.0211 0.1125 0.0489 0.0455 
        D807  2 0.0826 0.1011 0.0956 0.0655 0.1408 0.0379 0.0428 0.0700 0.1597 0.0544 0.1497 
        D808  2 0.0950 0.2258 0.0643 0.1683 0.0900 0.0636 0.0937 0.0324 0.0699 0.0660 0.0309 
        D817  2 0.0245 0.0395 0.0458 0.0429 0.1061 0.0274 0.0176 0.5998 0.0386 0.0359 0.0220 
        D818  2 0.2035 0.0227 0.0302 0.2238 0.0646 0.1011 0.1582 0.0313 0.1003 0.0343 0.0300 
        D819  2 0.0211 0.1441 0.0223 0.0637 0.1063 0.0373 0.0257 0.4899 0.0307 0.0337 0.0251 
        D820  2 0.0470 0.0236 0.1387 0.0482 0.5472 0.0279 0.0410 0.0174 0.0607 0.0243 0.0240 
        D895  2 0.0420 0.0519 0.0619 0.1881 0.1800 0.1496 0.0442 0.1576 0.0389 0.0455 0.0402 
        D896  2 0.0155 0.8313 0.0149 0.0220 0.0145 0.0146 0.0119 0.0129 0.0150 0.0218 0.0258 
        D897  2 0.1713 0.0490 0.0486 0.0819 0.0250 0.0280 0.4022 0.0731 0.0453 0.0465 0.0289 
        D898  2 0.0744 0.2632 0.0501 0.1538 0.0457 0.0389 0.0278 0.0990 0.1289 0.0842 0.0340 
        D918  2 0.2490 0.1346 0.0707 0.1580 0.0260 0.0820 0.0458 0.0721 0.0558 0.0489 0.0571 
        D919  2 0.0245 0.0203 0.4088 0.1134 0.0866 0.0440 0.1008 0.0214 0.0955 0.0653 0.0194 
        D920  2 0.0894 0.0538 0.0494 0.0440 0.0420 0.4863 0.0352 0.0263 0.0294 0.0599 0.0843 
        D923  2 0.0220 0.0213 0.1044 0.0634 0.6027 0.0315 0.0383 0.0407 0.0205 0.0336 0.0216 
        D930  2 0.1513 0.0722 0.1274 0.1371 0.1528 0.0273 0.0528 0.0968 0.0481 0.0520 0.0823 
        D931  2 0.0446 0.0353 0.2558 0.0831 0.2382 0.0413 0.1067 0.0643 0.0469 0.0439 0.0400 
        D968  2 0.0132 0.0212 0.0214 0.0263 0.0220 0.0148 0.7282 0.0278 0.0772 0.0337 0.0143 
        D969  2 0.0538 0.0494 0.0547 0.1205 0.1892 0.0344 0.1489 0.0591 0.1858 0.0494 0.0546 
        D977  2 0.1218 0.0184 0.0342 0.0603 0.0355 0.0232 0.5799 0.0455 0.0270 0.0300 0.0240 
        D978  2 0.2300 0.0209 0.0266 0.0901 0.0252 0.0221 0.0675 0.2394 0.1745 0.0689 0.0348 
        D211  3 0.2318 0.0272 0.0280 0.0413 0.0646 0.3570 0.0189 0.1300 0.0395 0.0352 0.0266 
     D229639  3 0.0424 0.0413 0.0235 0.0775 0.0681 0.0287 0.0512 0.0401 0.4795 0.0544 0.0934 
     D237212  3 0.1142 0.0573 0.2114 0.0748 0.0703 0.0562 0.0515 0.1026 0.2028 0.0350 0.0239 
     D237213  3 0.1119 0.1542 0.0723 0.0587 0.0298 0.0493 0.0262 0.4005 0.0358 0.0459 0.0154 
     D237214  3 0.0251 0.0165 0.0187 0.0487 0.0210 0.7821 0.0188 0.0136 0.0144 0.0149 0.0263 
     D237215  3 0.0163 0.0356 0.0172 0.0453 0.0172 0.0179 0.3377 0.0464 0.1371 0.2524 0.0770 
     D237216  3 0.1464 0.0392 0.0348 0.4659 0.0390 0.0700 0.0308 0.0722 0.0474 0.0283 0.0260 
     D237217  3 0.1743 0.0716 0.0296 0.3638 0.0691 0.1258 0.0271 0.0399 0.0603 0.0222 0.0165 
     D237218  3 0.4093 0.0200 0.1190 0.0628 0.0397 0.0248 0.0417 0.0480 0.1710 0.0182 0.0454 
     D237219  3 0.0930 0.1614 0.0171 0.0931 0.0233 0.0493 0.0245 0.3324 0.1121 0.0247 0.0690 
     D237382  3 0.1589 0.1564 0.0371 0.0879 0.0607 0.0375 0.0446 0.0425 0.0365 0.2169 0.1209 
     D244127  3 0.0551 0.4831 0.0356 0.0943 0.0194 0.0355 0.0549 0.0750 0.0910 0.0369 0.0192 
     D244129  3 0.0783 0.2361 0.0717 0.1336 0.0628 0.1139 0.0655 0.0772 0.0636 0.0514 0.0459 
     D244133  3 0.0321 0.0271 0.0120 0.0511 0.0524 0.0402 0.0615 0.5937 0.0265 0.0377 0.0657 
     D244134  3 0.0422 0.0791 0.0248 0.0470 0.0256 0.0408 0.0271 0.1907 0.3325 0.0213 0.1688 
     D244135  3 0.0460 0.0263 0.0217 0.0465 0.0459 0.6083 0.0629 0.0743 0.0306 0.0225 0.0150 
     D244136  3 0.0494 0.0377 0.0296 0.0785 0.1319 0.0470 0.0646 0.2946 0.0536 0.0647 0.1485 
        D416  3 0.1353 0.0576 0.0359 0.1721 0.0748 0.0796 0.1067 0.2415 0.0448 0.0226 0.0292 
        D417  3 0.2227 0.0411 0.0299 0.0494 0.4930 0.0277 0.0168 0.0260 0.0171 0.0459 0.0304 
        D419  3 0.1142 0.1202 0.0314 0.1119 0.0727 0.0435 0.0465 0.1983 0.1843 0.0296 0.0473 
        D565  3 0.0146 0.0258 0.0220 0.0289 0.0523 0.0248 0.0168 0.0818 0.0605 0.0250 0.6475 
        D566  3 0.0337 0.0713 0.0194 0.0701 0.0711 0.0291 0.0516 0.1222 0.2583 0.0776 0.1957 
        D567  3 0.0393 0.0663 0.0729 0.0742 0.4694 0.0668 0.0396 0.0785 0.0259 0.0410 0.0262 
        D568  3 0.1466 0.0850 0.1621 0.1132 0.1255 0.0916 0.1029 0.0453 0.0703 0.0392 0.0183 
        D569  3 0.0464 0.0231 0.4519 0.0775 0.0222 0.0797 0.0833 0.0542 0.0449 0.0781 0.0386 
        D573  3 0.0183 0.0270 0.0402 0.0791 0.1914 0.0207 0.1390 0.0296 0.4004 0.0227 0.0315 
        D574  3 0.0671 0.0547 0.0400 0.0972 0.0445 0.0544 0.0507 0.1376 0.0922 0.1295 0.2321 
        D575  3 0.0192 0.0522 0.0204 0.0301 0.0225 0.0359 0.0264 0.7248 0.0236 0.0124 0.0324 
        D576  3 0.0272 0.0178 0.0212 0.0563 0.0099 0.0315 0.4221 0.1636 0.0834 0.1344 0.0327 
        D577  3 0.0787 0.0240 0.0435 0.0683 0.3962 0.0772 0.0204 0.1605 0.0358 0.0697 0.0257 
        D578  3 0.0267 0.0303 0.0149 0.0408 0.0157 0.7624 0.0342 0.0206 0.0170 0.0180 0.0195 
        D579  3 0.0851 0.0478 0.1300 0.0918 0.1255 0.0514 0.0598 0.1205 0.1407 0.0338 0.1135 
        D660  3 0.0741 0.0566 0.0428 0.0640 0.0177 0.0394 0.4468 0.1545 0.0397 0.0463 0.0181 
        D661  3 0.4439 0.0236 0.0766 0.0987 0.0213 0.0432 0.0984 0.0245 0.1232 0.0267 0.0200 
        D663  3 0.0293 0.0179 0.0317 0.1239 0.0583 0.0352 0.0707 0.0580 0.4657 0.0874 0.0218 
        D664  3 0.1115 0.1072 0.0230 0.0792 0.0177 0.0842 0.1054 0.3485 0.0340 0.0454 0.0439 
        D665  3 0.0770 0.0920 0.0684 0.1528 0.0194 0.1221 0.0371 0.2370 0.0482 0.1315 0.0145 
        D666  3 0.0572 0.1331 0.0294 0.0500 0.0503 0.0327 0.0221 0.5124 0.0393 0.0139 0.0597 
        D009  4 0.2407 0.0771 0.1071 0.1207 0.1225 0.1369 0.0233 0.0334 0.0370 0.0629 0.0384 
        D057  4 0.0360 0.0152 0.3749 0.0536 0.0309 0.2109 0.0874 0.0120 0.1206 0.0321 0.0264 
        D109  4 0.0603 0.4075 0.0366 0.1245 0.0438 0.0625 0.0204 0.1199 0.0259 0.0480 0.0505 
     D237222  4 0.0423 0.0358 0.0383 0.0861 0.0319 0.4341 0.0344 0.0177 0.0405 0.1193 0.1198 
     D237223  4 0.3397 0.1150 0.0533 0.1249 0.0248 0.0703 0.0432 0.0258 0.0595 0.0462 0.0973 
     D237224  4 0.0385 0.0337 0.1667 0.0961 0.1176 0.0548 0.1579 0.0991 0.1679 0.0393 0.0284 
     D237225  4 0.2046 0.0442 0.0727 0.2491 0.0702 0.0873 0.0372 0.0447 0.0751 0.0591 0.0557 
     D237299  4 0.6230 0.0412 0.0214 0.0721 0.0237 0.0318 0.0178 0.0242 0.0689 0.0363 0.0397 
     D237300  4 0.0812 0.0201 0.0228 0.0592 0.0212 0.0261 0.0465 0.1397 0.5181 0.0266 0.0387 
     D237306  4 0.1425 0.1012 0.0388 0.0652 0.0646 0.0307 0.0260 0.0206 0.0363 0.1306 0.3434 
     D237307  4 0.0844 0.0417 0.0208 0.0826 0.2389 0.0366 0.0488 0.1589 0.0640 0.0748 0.1484 
     D237308  4 0.0298 0.0923 0.1701 0.0722 0.0284 0.0568 0.3553 0.0425 0.0470 0.0404 0.0652 
     D237309  4 0.0959 0.0632 0.1050 0.2221 0.1278 0.1166 0.0417 0.0341 0.0650 0.1044 0.0243 
     D237317  4 0.0284 0.0539 0.0364 0.2650 0.1295 0.0740 0.0268 0.0363 0.0773 0.0680 0.2043 
     D237318  4 0.0287 0.0173 0.0151 0.0353 0.0341 0.0166 0.0536 0.0482 0.7001 0.0279 0.0231 
     D237319  4 0.2207 0.1263 0.0315 0.1591 0.0457 0.1002 0.0418 0.0555 0.0524 0.1258 0.0410 
     D237320  4 0.5188 0.0695 0.0285 0.0481 0.0432 0.0697 0.0429 0.0323 0.0963 0.0229 0.0276 
     D237321  4 0.0403 0.0475 0.0263 0.0616 0.0829 0.0425 0.0810 0.0636 0.4656 0.0409 0.0478 
     D237397  4 0.2875 0.0515 0.0242 0.0754 0.0444 0.0517 0.0654 0.0382 0.1491 0.0795 0.1331 
     D237398  4 0.1269 0.0185 0.0617 0.1188 0.0492 0.0265 0.0396 0.0573 0.4580 0.0216 0.0218 
     D237399  4 0.1068 0.0546 0.0517 0.0698 0.0632 0.0727 0.0374 0.0258 0.2935 0.0414 0.1830 
     D244001  4 0.0417 0.0299 0.0559 0.0835 0.0241 0.3319 0.1289 0.0243 0.0228 0.2308 0.0261 
        D289  4 0.0720 0.0356 0.2607 0.0660 0.0724 0.0603 0.0667 0.0323 0.1198 0.0269 0.1871 
        D290  4 0.0548 0.0328 0.0410 0.0949 0.0613 0.0359 0.0287 0.0141 0.2143 0.3875 0.0347 
        D294  4 0.1949 0.0176 0.2690 0.1352 0.0799 0.0478 0.0290 0.0270 0.0667 0.0912 0.0416 
        D295  4 0.1822 0.1816 0.0725 0.0847 0.1288 0.0361 0.0228 0.1029 0.0554 0.0698 0.0632 
        D301  4 0.0569 0.0454 0.0242 0.0571 0.0171 0.3907 0.0475 0.0498 0.0863 0.1592 0.0658 
        D302  4 0.0270 0.0176 0.6807 0.0469 0.0476 0.0428 0.0153 0.0365 0.0193 0.0507 0.0157 
        D303  4 0.0627 0.1089 0.0815 0.0668 0.0322 0.0367 0.0621 0.0588 0.0467 0.0581 0.3856 
        D304  4 0.0531 0.0273 0.0373 0.1021 0.0537 0.0398 0.0232 0.0575 0.3042 0.2350 0.0667 
        D305  4 0.0273 0.0273 0.3057 0.3489 0.0188 0.0357 0.0872 0.0351 0.0454 0.0567 0.0120 
        D306  4 0.0397 0.0392 0.0325 0.2289 0.0406 0.0558 0.0282 0.0176 0.0831 0.3867 0.0477 
        D307  4 0.0318 0.0346 0.0429 0.0420 0.0206 0.5933 0.0265 0.0429 0.0501 0.0273 0.0880 
        D327  4 0.0610 0.0237 0.0370 0.0618 0.5200 0.0263 0.0471 0.0642 0.0411 0.0522 0.0655 
        D328  4 0.0623 0.0921 0.2602 0.0587 0.0237 0.0238 0.0265 0.0815 0.0441 0.2064 0.1206 
        D329  4 0.0916 0.0653 0.2610 0.1468 0.0421 0.0514 0.1102 0.0297 0.0987 0.0610 0.0423 
        D330  4 0.1034 0.1853 0.0828 0.1196 0.2245 0.0613 0.0656 0.0349 0.0202 0.0822 0.0201 
        D331  4 0.0441 0.0647 0.0336 0.0868 0.1143 0.0502 0.0324 0.0641 0.1903 0.2464 0.0730 
        D333  4 0.1256 0.0794 0.1789 0.0747 0.0588 0.0445 0.0672 0.0518 0.0892 0.1706 0.0594 
        D334  4 0.0906 0.0283 0.0602 0.0641 0.0741 0.0888 0.0181 0.0538 0.0514 0.0364 0.4342 
        D335  4 0.0180 0.0363 0.4616 0.0655 0.0877 0.0352 0.0574 0.0353 0.0310 0.1355 0.0366 
        D370  4 0.0210 0.1427 0.0453 0.0456 0.0306 0.0261 0.0272 0.0623 0.0311 0.5372 0.0309 
        D371  4 0.0223 0.0243 0.0241 0.0486 0.1471 0.0145 0.0387 0.0775 0.0336 0.0616 0.5076 
        D372  4 0.0409 0.0249 0.0175 0.0771 0.0127 0.0137 0.0338 0.0405 0.5392 0.1708 0.0289 
        D373  4 0.0350 0.0161 0.0601 0.0556 0.0423 0.5293 0.0738 0.0633 0.0764 0.0257 0.0223 
        D455  4 0.0237 0.0294 0.0894 0.0332 0.0360 0.6163 0.0286 0.0174 0.0706 0.0292 0.0262 
        D490  4 0.1010 0.0264 0.0214 0.0273 0.0230 0.7030 0.0124 0.0240 0.0145 0.0241 0.0230 
        D497  4 0.1182 0.0443 0.0611 0.0593 0.0186 0.5416 0.0171 0.0484 0.0363 0.0317 0.0234 
        D498  4 0.0435 0.1268 0.0240 0.0877 0.0506 0.0388 0.0405 0.0658 0.1261 0.3130 0.0831 
        D499  4 0.1229 0.0781 0.0967 0.1062 0.0249 0.0163 0.1171 0.2540 0.0564 0.0454 0.0819 
        D514  4 0.0582 0.0596 0.1362 0.0987 0.2402 0.0455 0.0291 0.1033 0.0638 0.1511 0.0140 
        D515  4 0.5261 0.0669 0.0435 0.0642 0.0416 0.0610 0.0303 0.0305 0.0226 0.0790 0.0344 
        D516  4 0.0957 0.1544 0.0208 0.1000 0.0806 0.0447 0.0617 0.2764 0.0665 0.0580 0.0411 
        D517  4 0.0541 0.0538 0.0312 0.1736 0.0497 0.4601 0.0314 0.0213 0.0705 0.0298 0.0247 
        D518  4 0.0334 0.0190 0.4851 0.0648 0.0235 0.1515 0.0386 0.0202 0.0273 0.0873 0.0495 
        D519  4 0.7454 0.0264 0.0188 0.0260 0.0324 0.0371 0.0194 0.0163 0.0413 0.0146 0.0223 
        D560  4 0.6833 0.0219 0.0324 0.0418 0.0638 0.0245 0.0384 0.0180 0.0306 0.0300 0.0153 
        D561  4 0.0802 0.0667 0.0776 0.2242 0.1501 0.2032 0.0770 0.0287 0.0355 0.0398 0.0170 
        D562  4 0.0667 0.0526 0.1207 0.1354 0.0499 0.2164 0.0587 0.0383 0.0921 0.1253 0.0439 
        D563  4 0.0896 0.0583 0.1472 0.0848 0.0271 0.0601 0.3440 0.0788 0.0489 0.0391 0.0221 
        D572  4 0.0410 0.0193 0.6451 0.0394 0.0454 0.0578 0.0294 0.0195 0.0218 0.0521 0.0292 
        D629  4 0.0479 0.0256 0.0438 0.0633 0.1374 0.2123 0.0217 0.3640 0.0490 0.0171 0.0180 
        D630  4 0.2136 0.0394 0.0836 0.0838 0.0622 0.1453 0.0342 0.0285 0.0913 0.1597 0.0584 
        D631  4 0.0778 0.0225 0.6097 0.0525 0.0215 0.0318 0.0698 0.0205 0.0454 0.0262 0.0223 
        D632  4 0.0249 0.0829 0.2099 0.0651 0.0474 0.2799 0.1520 0.0697 0.0175 0.0310 0.0197 
        D646  4 0.3827 0.1212 0.0480 0.1078 0.0800 0.0551 0.0555 0.0249 0.0674 0.0333 0.0242 
        D647  4 0.0930 0.1008 0.0609 0.0898 0.3029 0.0953 0.0539 0.0226 0.0618 0.1017 0.0172 
        D648  4 0.0514 0.0211 0.2644 0.0329 0.0188 0.0213 0.0242 0.0603 0.0163 0.4484 0.0410 
        D649  4 0.0555 0.2453 0.2002 0.0538 0.2050 0.0529 0.0217 0.0867 0.0318 0.0253 0.0219 
        D650  4 0.2413 0.0653 0.0749 0.0811 0.1458 0.0851 0.0285 0.0931 0.0639 0.0424 0.0786 
        D708  4 0.1434 0.0335 0.2114 0.1102 0.0368 0.0419 0.0238 0.1295 0.0833 0.0557 0.1306 
        D709  4 0.0228 0.2608 0.0394 0.0728 0.0233 0.0186 0.0280 0.0688 0.0684 0.3612 0.0359 
        D738  4 0.0766 0.1143 0.0284 0.0576 0.0758 0.0666 0.0176 0.0233 0.0538 0.0439 0.4422 
        D739  4 0.2021 0.0427 0.0363 0.1283 0.0264 0.2263 0.0275 0.0467 0.0559 0.1765 0.0314 
        D740  4 0.2214 0.1249 0.0644 0.1415 0.0289 0.0399 0.0572 0.0515 0.0866 0.0243 0.1593 
        D741  4 0.4495 0.0590 0.0252 0.1309 0.0829 0.0402 0.0669 0.0454 0.0469 0.0378 0.0154 
        D742  4 0.2347 0.0481 0.0688 0.0910 0.0373 0.0615 0.1583 0.0406 0.1513 0.0392 0.0693 
        D743  4 0.0432 0.0199 0.3921 0.0428 0.2905 0.0350 0.0489 0.0383 0.0432 0.0220 0.0242 
        D744  4 0.0263 0.0211 0.7789 0.0265 0.0210 0.0219 0.0290 0.0226 0.0214 0.0136 0.0177 
        D745  4 0.7343 0.0345 0.0221 0.0264 0.0218 0.0461 0.0138 0.0381 0.0270 0.0154 0.0205 
        D814  4 0.2728 0.0155 0.0674 0.2181 0.0211 0.0851 0.1462 0.0270 0.0439 0.0810 0.0219 
        D815  4 0.0229 0.0990 0.3330 0.0631 0.0691 0.0306 0.0344 0.0436 0.0662 0.2105 0.0276 
        D828  4 0.0510 0.0260 0.0591 0.0488 0.0137 0.0269 0.0469 0.0368 0.0408 0.5949 0.0552 
        D845  4 0.0201 0.0175 0.0234 0.0215 0.0196 0.0111 0.0277 0.0282 0.7913 0.0135 0.0260 
        D846  4 0.0325 0.0231 0.2973 0.1102 0.0986 0.1200 0.1411 0.0534 0.0555 0.0564 0.0117 
        D847  4 0.2057 0.0513 0.0579 0.0909 0.0919 0.1774 0.0495 0.0266 0.1082 0.0443 0.0962 
        D848  4 0.0169 0.0190 0.0376 0.0391 0.0177 0.5413 0.0577 0.0189 0.2025 0.0304 0.0189 
        D849  4 0.3125 0.0916 0.0490 0.1195 0.0299 0.1397 0.0371 0.0678 0.0329 0.1010 0.0192 
        D850  4 0.0556 0.0464 0.0511 0.1722 0.0901 0.2320 0.0396 0.0484 0.1807 0.0203 0.0636 
        D856  4 0.0952 0.2212 0.0651 0.2022 0.0497 0.0447 0.0280 0.0709 0.0366 0.1391 0.0474 
        D857  4 0.0263 0.5048 0.0198 0.0405 0.0092 0.0286 0.0600 0.0136 0.0173 0.2505 0.0294 
        D859  4 0.1412 0.0321 0.4278 0.0645 0.0681 0.0308 0.0324 0.0203 0.1121 0.0456 0.0252 
        D860  4 0.0217 0.0225 0.0857 0.0519 0.0693 0.0406 0.0790 0.0241 0.2033 0.0329 0.3690 
        D883  4 0.0605 0.1014 0.0762 0.0923 0.1639 0.1527 0.0301 0.0937 0.0582 0.1102 0.0609 
        D884  4 0.4088 0.1286 0.0528 0.0754 0.0437 0.0402 0.0197 0.0739 0.0316 0.0720 0.0534 
        D885  4 0.4221 0.0310 0.0393 0.0983 0.0657 0.0348 0.0584 0.0797 0.1270 0.0178 0.0257 
        D886  4 0.0788 0.1518 0.0575 0.0661 0.1406 0.1457 0.0515 0.0280 0.0511 0.2048 0.0243 
        D887  4 0.1799 0.0532 0.0913 0.1037 0.1295 0.0464 0.0883 0.0310 0.1487 0.0773 0.0507 
        D889  4 0.0501 0.0160 0.0441 0.0470 0.0338 0.0192 0.0127 0.0221 0.5991 0.1400 0.0159 
        D890  4 0.0257 0.0742 0.0580 0.0661 0.0360 0.0642 0.0489 0.4241 0.0337 0.1181 0.0512 
        D891  4 0.0165 0.0113 0.0131 0.0162 0.0154 0.0126 0.0137 0.0220 0.8590 0.0097 0.0106 
        D899  4 0.0409 0.0327 0.0847 0.0705 0.0302 0.0397 0.3455 0.0492 0.1660 0.0700 0.0706 
        D900  4 0.1069 0.0585 0.1254 0.1386 0.1106 0.0800 0.0753 0.0393 0.0836 0.1024 0.0793 
        D970  4 0.0726 0.0449 0.3403 0.0756 0.1221 0.0530 0.0567 0.0577 0.1039 0.0285 0.0448 
        D971  4 0.0196 0.0735 0.1649 0.0766 0.0661 0.0390 0.3829 0.0411 0.0251 0.0615 0.0498 
        D979  4 0.0245 0.0305 0.2944 0.0598 0.2471 0.0263 0.0503 0.0707 0.0319 0.1283 0.0362 
        D093  5 0.0730 0.0320 0.0217 0.0488 0.0481 0.0242 0.0244 0.0318 0.0530 0.0437 0.5995 
        D154  5 0.2496 0.0280 0.0308 0.1156 0.0235 0.0164 0.0716 0.2735 0.0959 0.0595 0.0353 
        D168  5 0.1255 0.0538 0.0253 0.0922 0.0412 0.0742 0.1621 0.2768 0.0868 0.0464 0.0158 
        D189  5 0.0883 0.0270 0.0293 0.0647 0.0399 0.0232 0.0294 0.0260 0.1429 0.1950 0.3342 
        D190  5 0.0455 0.0417 0.0457 0.0309 0.0253 0.0170 0.0195 0.2004 0.0279 0.0465 0.4997 
     D237220  5 0.2463 0.1086 0.0465 0.0877 0.0254 0.1113 0.0212 0.0194 0.1557 0.0455 0.1324 
     D237221  5 0.0687 0.0686 0.0569 0.0598 0.0605 0.0299 0.0851 0.1712 0.1890 0.0325 0.1780 
     D237274  5 0.0315 0.0967 0.2397 0.0786 0.2699 0.0335 0.0747 0.0343 0.0353 0.0882 0.0177 
     D237275  5 0.0362 0.0537 0.0146 0.0875 0.0188 0.0187 0.3618 0.0606 0.1076 0.2147 0.0257 
     D237276  5 0.2923 0.1125 0.0423 0.0677 0.0615 0.0485 0.0304 0.0745 0.0333 0.0945 0.1422 
     D237277  5 0.0435 0.0484 0.0546 0.0282 0.0196 0.0173 0.0477 0.2628 0.1077 0.0274 0.3428 
     D237278  5 0.0743 0.0754 0.0782 0.1033 0.0657 0.0573 0.2603 0.0279 0.0331 0.0469 0.1776 
     D237279  5 0.0330 0.2438 0.0950 0.1945 0.0516 0.1517 0.0282 0.1342 0.0280 0.0166 0.0233 
     D237280  5 0.0463 0.2412 0.0564 0.1210 0.0818 0.1194 0.0271 0.1693 0.0256 0.0554 0.0563 
     D237281  5 0.0269 0.0234 0.0309 0.0776 0.0556 0.0172 0.2064 0.0223 0.4747 0.0369 0.0281 
     D237351  5 0.0886 0.4813 0.0236 0.0288 0.0176 0.0268 0.0180 0.2193 0.0272 0.0176 0.0514 
     D237352  5 0.0281 0.0329 0.1666 0.0574 0.0393 0.2930 0.0598 0.1601 0.0344 0.0721 0.0563 
     D237353  5 0.0168 0.0501 0.0379 0.0248 0.0186 0.0125 0.0209 0.2587 0.0566 0.0377 0.4654 
     D237359  5 0.3480 0.0444 0.0347 0.0804 0.0364 0.0889 0.0274 0.0406 0.1920 0.0522 0.0550 
     D237361  5 0.0213 0.0588 0.0202 0.0307 0.0199 0.0207 0.0213 0.0384 0.0370 0.0368 0.6950 
     D237362  5 0.0253 0.0178 0.0198 0.0279 0.0259 0.0180 0.0228 0.7788 0.0235 0.0152 0.0250 
     D237363  5 0.0530 0.0335 0.0269 0.4105 0.0315 0.0298 0.1154 0.1432 0.0588 0.0494 0.0480 
     D237364  5 0.4576 0.0452 0.0870 0.0768 0.0442 0.0606 0.0747 0.0439 0.0490 0.0457 0.0154 
     D237376  5 0.0423 0.0280 0.0545 0.0249 0.0137 0.0175 0.0265 0.0392 0.0219 0.6616 0.0700 
     D237377  5 0.0178 0.3086 0.0464 0.0947 0.0700 0.0375 0.0332 0.2301 0.0244 0.0197 0.1177 
     D237378  5 0.0712 0.0310 0.0734 0.0712 0.0255 0.0350 0.0618 0.0771 0.0753 0.1449 0.3337 
     D237379  5 0.1296 0.0288 0.1668 0.1275 0.0350 0.0417 0.0355 0.0531 0.0542 0.0977 0.2301 
     D237380  5 0.0334 0.3340 0.0778 0.0499 0.0167 0.0305 0.0193 0.0125 0.0150 0.3742 0.0368 
     D237381  5 0.0344 0.2125 0.1046 0.1013 0.0374 0.1708 0.0625 0.0337 0.0549 0.1332 0.0547 
     D237391  5 0.0421 0.0258 0.0254 0.0325 0.0283 0.0218 0.0187 0.0454 0.0506 0.0149 0.6945 
     D237392  5 0.0278 0.0937 0.0811 0.0871 0.1897 0.0420 0.2091 0.0988 0.0341 0.1135 0.0232 
     D237393  5 0.0291 0.1110 0.0465 0.0858 0.3393 0.0481 0.0487 0.0315 0.0620 0.0796 0.1184 
