        D174  1 0.5241 0.1856 0.0854 0.1429 0.0620 
        D199  1 0.2593 0.0686 0.3326 0.0778 0.2617 
        D203  1 0.0865 0.1654 0.3537 0.1785 0.2160 
        D204  1 0.0193 0.0242 0.9131 0.0193 0.0242 
     D237366  1 0.0688 0.1871 0.1346 0.4883 0.1212 
     D237367  1 0.0480 0.2488 0.3643 0.2104 0.1285 
     D237368  1 0.0518 0.0507 0.1911 0.6293 0.0771 
     D244101  1 0.0323 0.0587 0.7037 0.0299 0.1753 
     D244102  1 0.1733 0.3998 0.1649 0.1797 0.0824 
     D244103  1 0.0626 0.5753 0.1146 0.1384 0.1092 
     D244104  1 0.1672 0.0261 0.6976 0.0616 0.0474 
     D244105  1 0.0221 0.2092 0.1274 0.5992 0.0419 
     D244106  1 0.5834 0.1546 0.0693 0.0298 0.1629 
     D244107  1 0.0172 0.0383 0.1328 0.6890 0.1226 
     D244108  1 0.4614 0.0886 0.1206 0.2641 0.0654 
     D244113  1 0.6373 0.2607 0.0259 0.0387 0.0372 
     D244114  1 0.1355 0.3814 0.1650 0.0497 0.2684 
     D244115  1 0.3896 0.1740 0.2121 0.1773 0.0470 
     D267365  1 0.3419 0.0721 0.4564 0.0773 0.0523 
        D404  1 0.4945 0.3901 0.0285 0.0311 0.0559 
        D405  1 0.2056 0.3831 0.1580 0.1046 0.1487 
        D406  1 0.0228 0.0256 0.0502 0.8879 0.0135 
        D407  1 0.0382 0.0887 0.3843 0.1656 0.3233 
        D408  1 0.7867 0.0888 0.0410 0.0343 0.0492 
        D409  1 0.0557 0.7577 0.0650 0.0537 0.0679 
        D410  1 0.0253 0.0382 0.0535 0.8701 0.0128 
        D421  1 0.0458 0.0237 0.7596 0.0276 0.1433 
        D422  1 0.0103 0.0162 0.0276 0.9178 0.0282 
        D423  1 0.0125 0.0206 0.0414 0.8706 0.0548 
        D424  1 0.0384 0.0489 0.8106 0.0795 0.0226 
        D425  1 0.2240 0.1003 0.5481 0.0674 0.0602 
        D426  1 0.0541 0.4610 0.0469 0.0833 0.3547 
        D427  1 0.2270 0.0210 0.1137 0.0425 0.5959 
        D428  1 0.2203 0.1020 0.3476 0.2303 0.0999 
        D429  1 0.2760 0.1103 0.4977 0.0513 0.0647 
        D430  1 0.1924 0.4229 0.1440 0.0504 0.1903 
        D491  1 0.8362 0.0336 0.0890 0.0259 0.0153 
        D492  1 0.1724 0.1160 0.4353 0.1860 0.0903 
        D537  1 0.0416 0.0671 0.6926 0.1399 0.0587 
        D538  1 0.1132 0.4260 0.1251 0.2486 0.0872 
        D539  1 0.3859 0.1808 0.0631 0.2078 0.1624 
        D540  1 0.1596 0.3393 0.2373 0.1624 0.1015 
        D541  1 0.0164 0.0269 0.8713 0.0406 0.0447 
        D551  1 0.0706 0.1125 0.0617 0.0581 0.6972 
        D552  1 0.2684 0.0532 0.2477 0.3865 0.0443 
        D553  1 0.0291 0.0127 0.9216 0.0184 0.0181 
        D615  1 0.1172 0.1492 0.4357 0.1852 0.1126 
        D616  1 0.1225 0.1199 0.2299 0.2405 0.2871 
        D621  1 0.0688 0.0448 0.0355 0.8220 0.0289 
        D622  1 0.0456 0.0431 0.0410 0.8472 0.0231 
        D623  1 0.4921 0.1902 0.0935 0.0502 0.1740 
        D624  1 0.8558 0.0351 0.0309 0.0596 0.0186 
        D625  1 0.0562 0.0807 0.7638 0.0789 0.0204 
        D626  1 0.5514 0.0967 0.0798 0.2269 0.0452 
        D627  1 0.0746 0.5889 0.1501 0.0513 0.1351 
        D690  1 0.0608 0.0187 0.8297 0.0796 0.0113 
        D691  1 0.0322 0.0384 0.0861 0.8164 0.0268 
        D710  1 0.2311 0.1058 0.4517 0.1458 0.0656 
        D711  1 0.0260 0.0305 0.8856 0.0376 0.0202 
        D712  1 0.7826 0.0594 0.0493 0.0663 0.0425 
        D713  1 0.2734 0.2538 0.2801 0.1457 0.0469 
        D746  1 0.0229 0.0182 0.0476 0.8912 0.0201 
        D747  1 0.0213 0.0104 0.9180 0.0242 0.0260 
        D748  1 0.0546 0.1665 0.4143 0.3341 0.0306 
        D749  1 0.1074 0.0881 0.0284 0.6915 0.0846 
        D750  1 0.5627 0.0445 0.2710 0.1017 0.0202 
        D763  1 0.0773 0.1478 0.3580 0.1247 0.2923 
        D764  1 0.2579 0.0397 0.5132 0.1747 0.0144 
        D765  1 0.1280 0.0895 0.0484 0.7075 0.0267 
        D766  1 0.0531 0.0682 0.2392 0.6060 0.0336 
        D767  1 0.0528 0.3786 0.2829 0.1902 0.0954 
        D768  1 0.0149 0.0277 0.9063 0.0250 0.0262 
        D811  1 0.4329 0.4577 0.0257 0.0490 0.0347 
        D816  1 0.0417 0.0177 0.9001 0.0255 0.0150 
        D825  1 0.3698 0.2154 0.1862 0.2005 0.0281 
        D866  1 0.4653 0.0994 0.0504 0.0672 0.3178 
        D867  1 0.0271 0.0531 0.0254 0.8498 0.0446 
        D871  1 0.0451 0.8165 0.0563 0.0220 0.0600 
        D872  1 0.0492 0.1775 0.4711 0.2497 0.0525 
        D873  1 0.0136 0.0178 0.0105 0.9461 0.0119 
        D874  1 0.1772 0.1334 0.6308 0.0199 0.0387 
        D875  1 0.0192 0.8773 0.0276 0.0581 0.0178 
        D876  1 0.1033 0.0611 0.7274 0.0831 0.0251 
        D877  1 0.3497 0.5159 0.0747 0.0202 0.0395 
        D892  1 0.1549 0.1895 0.4966 0.1340 0.0250 
        D893  1 0.0658 0.0577 0.7210 0.1089 0.0465 
        D894  1 0.1262 0.1380 0.6214 0.0588 0.0555 
        D915  1 0.0691 0.0641 0.6404 0.1971 0.0293 
        D916  1 0.0202 0.0167 0.9180 0.0257 0.0194 
        D917  1 0.5141 0.0780 0.2406 0.0515 0.1157 
        D925  1 0.0676 0.0218 0.0611 0.8294 0.0201 
        D926  1 0.1322 0.1232 0.6058 0.0958 0.0430 
        D927  1 0.0938 0.0893 0.4901 0.0427 0.2841 
        D928  1 0.8492 0.0303 0.0758 0.0219 0.0228 
        D929  1 0.1213 0.5894 0.1350 0.1181 0.0362 
        D936  1 0.0546 0.0443 0.7953 0.0276 0.0783 
        D938  1 0.0229 0.0198 0.0262 0.9182 0.0130 
        D956  1 0.6638 0.2095 0.0332 0.0369 0.0565 
        D957  1 0.0542 0.1017 0.3277 0.4808 0.0357 
        D958  1 0.0830 0.0723 0.5659 0.2573 0.0214 
        D959  1 0.0251 0.0746 0.3660 0.1971 0.3372 
        D960  1 0.0252 0.0205 0.0251 0.9095 0.0196 
        D989  1 0.7768 0.0513 0.0568 0.0324 0.0828 
        D990  1 0.0516 0.0163 0.0167 0.8827 0.0326 
        D023  2 0.0197 0.0202 0.1106 0.8271 0.0224 
        D130  2 0.0143 0.0641 0.0740 0.8134 0.0342 
        D131  2 0.0396 0.3073 0.5224 0.0458 0.0849 
        D163  2 0.0348 0.0176 0.0705 0.8607 0.0164 
        D164  2 0.0096 0.0148 0.0145 0.5805 0.3806 
        D165  2 0.0208 0.0215 0.0491 0.8849 0.0237 
        D166  2 0.0219 0.7807 0.0709 0.0697 0.0568 
        D167  2 0.0423 0.0379 0.0146 0.0203 0.8849 
        D192  2 0.0216 0.0145 0.0108 0.0194 0.9337 
        D193  2 0.4877 0.3399 0.0445 0.0660 0.0619 
        D206  2 0.0592 0.1899 0.1815 0.1433 0.4262 
        D207  2 0.0335 0.2302 0.0575 0.0256 0.6532 
        D208  2 0.6468 0.0675 0.0490 0.0529 0.1838 
        D209  2 0.0512 0.1403 0.1649 0.1645 0.4791 
        D210  2 0.5153 0.0327 0.1194 0.0485 0.2841 
     D229599  2 0.1952 0.1662 0.3479 0.1678 0.1230 
     D229600  2 0.0184 0.0588 0.0317 0.5549 0.3361 
     D237227  2 0.7224 0.0516 0.0362 0.1273 0.0625 
     D237228  2 0.3440 0.1108 0.0215 0.4052 0.1184 
     D237258  2 0.1826 0.1244 0.0977 0.3186 0.2767 
     D237310  2 0.0676 0.4184 0.0190 0.4176 0.0773 
     D237311  2 0.0444 0.1003 0.0188 0.7060 0.1305 
     D237312  2 0.0937 0.6240 0.0437 0.2059 0.0328 
     D237313  2 0.2324 0.1484 0.3553 0.2011 0.0628 
     D237322  2 0.2126 0.4637 0.0579 0.0858 0.1801 
     D237323  2 0.1516 0.0996 0.0170 0.6937 0.0381 
     D237324  2 0.0225 0.0821 0.0958 0.3908 0.4088 
     D237325  2 0.1463 0.1675 0.0669 0.5590 0.0603 
     D237326  2 0.0574 0.0327 0.0763 0.7910 0.0427 
     D237327  2 0.1389 0.1180 0.1892 0.0808 0.4730 
     D237337  2 0.0786 0.1376 0.0398 0.7201 0.0239 
     D237338  2 0.2097 0.1806 0.1196 0.3848 0.1053 
     D237339  2 0.0372 0.1352 0.4454 0.0296 0.3526 
     D237340  2 0.2377 0.1148 0.0273 0.4284 0.1918 
     D237389  2 0.0329 0.2418 0.0317 0.5860 0.1077 
     D237390  2 0.1441 0.4791 0.0635 0.2674 0.0459 
     D244017  2 0.5019 0.1776 0.0383 0.0552 0.2270 
     D244112  2 0.0304 0.0840 0.0145 0.0800 0.7911 
     D244118  2 0.0180 0.0234 0.0175 0.5452 0.3959 
     D244119  2 0.6828 0.0218 0.0211 0.0363 0.2379 
     D244120  2 0.1717 0.3210 0.0146 0.0387 0.4540 
     D244122  2 0.0598 0.0829 0.0376 0.0780 0.7418 
        D291  2 0.1428 0.2192 0.1126 0.0932 0.4323 
        D292  2 0.2330 0.0612 0.3011 0.0509 0.3538 
        D293  2 0.0117 0.0297 0.3418 0.0105 0.6063 
        D322  2 0.0265 0.0449 0.4994 0.0396 0.3897 
        D323  2 0.1236 0.3727 0.2088 0.0667 0.2282 
        D324  2 0.2086 0.1147 0.2769 0.1806 0.2191 
        D325  2 0.0096 0.0257 0.0518 0.0149 0.8979 
        D326  2 0.0286 0.0234 0.9169 0.0100 0.0211 
        D340  2 0.0165 0.0111 0.0155 0.0165 0.9404 
        D341  2 0.0287 0.0345 0.0369 0.0364 0.8635 
        D342  2 0.0333 0.1522 0.0388 0.2074 0.5682 
        D343  2 0.0070 0.0098 0.0173 0.0091 0.9568 
        D344  2 0.0462 0.3869 0.4272 0.0447 0.0950 
        D345  2 0.0843 0.0679 0.4791 0.3216 0.0471 
        D346  2 0.7464 0.0647 0.0605 0.0402 0.0883 
        D351  2 0.0279 0.2426 0.5613 0.0664 0.1018 
        D352  2 0.1845 0.4499 0.1602 0.0635 0.1421 
        D353  2 0.0202 0.1742 0.7373 0.0178 0.0505 
        D354  2 0.2257 0.2046 0.4494 0.0874 0.0328 
        D362  2 0.0703 0.0256 0.7842 0.0794 0.0405 
        D363  2 0.1153 0.0244 0.7860 0.0480 0.0262 
        D364  2 0.0929 0.1015 0.6799 0.0838 0.0419 
        D365  2 0.0166 0.0127 0.0277 0.0119 0.9311 
        D369  2 0.2483 0.0854 0.2771 0.1060 0.2833 
        D374  2 0.7467 0.1792 0.0211 0.0299 0.0231 
        D375  2 0.0809 0.5423 0.2374 0.0981 0.0413 
        D376  2 0.7530 0.1406 0.0225 0.0382 0.0457 
        D377  2 0.2434 0.4371 0.0582 0.1703 0.0910 
        D378  2 0.0251 0.0433 0.7275 0.0511 0.1530 
        D379  2 0.0290 0.0407 0.8824 0.0242 0.0237 
        D384  2 0.0408 0.0175 0.9085 0.0148 0.0184 
        D385  2 0.0374 0.0350 0.0219 0.0193 0.8864 
        D386  2 0.0196 0.1232 0.7141 0.0769 0.0662 
        D391  2 0.0172 0.0271 0.0834 0.0190 0.8534 
        D392  2 0.0557 0.0522 0.0713 0.0969 0.7239 
        D393  2 0.0207 0.0373 0.7966 0.0529 0.0925 
        D394  2 0.0970 0.1996 0.2446 0.3532 0.1056 
        D395  2 0.0337 0.2717 0.1214 0.0433 0.5298 
        D401  2 0.0442 0.0565 0.0182 0.8385 0.0426 
        D402  2 0.0139 0.0247 0.0285 0.0143 0.9186 
        D403  2 0.0275 0.1818 0.5878 0.1371 0.0658 
        D415  2 0.0139 0.0828 0.8338 0.0417 0.0277 
        D435  2 0.0188 0.0272 0.6227 0.0803 0.2510 
        D436  2 0.0946 0.3017 0.4759 0.0577 0.0701 
        D438  2 0.0198 0.0152 0.0172 0.0147 0.9332 
        D439  2 0.0298 0.2125 0.4922 0.0956 0.1700 
        D449  2 0.0217 0.0651 0.1147 0.0449 0.7536 
        D450  2 0.3054 0.3643 0.2139 0.0689 0.0475 
        D456  2 0.0144 0.0207 0.9323 0.0199 0.0126 
        D462  2 0.0141 0.0185 0.0725 0.0202 0.8748 
        D463  2 0.0221 0.0143 0.9331 0.0131 0.0175 
        D464  2 0.0492 0.3114 0.5143 0.0264 0.0986 
        D465  2 0.0275 0.1306 0.2362 0.0557 0.5500 
        D473  2 0.6196 0.1220 0.0443 0.1692 0.0450 
        D474  2 0.1470 0.0205 0.5923 0.0886 0.1516 
        D476  2 0.0182 0.0660 0.1641 0.6190 0.1327 
        D477  2 0.1315 0.0648 0.7234 0.0455 0.0348 
        D478  2 0.2471 0.3143 0.1494 0.2066 0.0827 
        D480  2 0.1030 0.0494 0.6823 0.0207 0.1446 
        D481  2 0.2024 0.0877 0.4773 0.1523 0.0803 
        D482  2 0.4243 0.2765 0.0570 0.1411 0.1011 
        D483  2 0.0691 0.0196 0.0191 0.0311 0.8611 
        D484  2 0.1250 0.5776 0.1088 0.0543 0.1343 
        D510  2 0.8372 0.0608 0.0241 0.0402 0.0378 
        D511  2 0.0267 0.0560 0.7471 0.0603 0.1098 
        D512  2 0.0219 0.3379 0.0378 0.3873 0.2151 
        D513  2 0.0614 0.0812 0.1185 0.0439 0.6950 
        D635  2 0.0501 0.0462 0.5655 0.2672 0.0709 
        D636  2 0.0163 0.0156 0.0238 0.9314 0.0128 
        D637  2 0.1851 0.3585 0.0935 0.0726 0.2903 
        D658  2 0.1623 0.1713 0.0410 0.0871 0.5383 
        D659  2 0.0449 0.0322 0.7962 0.0557 0.0710 
        D677  2 0.0401 0.1965 0.3460 0.2121 0.2052 
        D678  2 0.0257 0.1015 0.0246 0.0639 0.7843 
        D679  2 0.0869 0.0629 0.6706 0.0373 0.1423 
        D719  2 0.5420 0.0240 0.2473 0.0232 0.1636 
        D720  2 0.1317 0.0581 0.6748 0.0582 0.0772 
        D721  2 0.0428 0.0320 0.1239 0.7165 0.0848 
        D722  2 0.6763 0.1544 0.0258 0.0782 0.0653 
        D734  2 0.6540 0.0900 0.1174 0.0138 0.1248 
        D735  2 0.1112 0.1459 0.5367 0.1215 0.0847 
        D736  2 0.6153 0.0362 0.1019 0.1060 0.1406 
        D737  2 0.1187 0.0983 0.0540 0.1871 0.5418 
        D807  2 0.4154 0.0789 0.3380 0.0768 0.0909 
        D808  2 0.0460 0.4090 0.2292 0.1712 0.1446 
        D817  2 0.1911 0.2033 0.4843 0.0639 0.0575 
        D818  2 0.0329 0.2914 0.1746 0.0666 0.4344 
        D819  2 0.1170 0.3840 0.2784 0.1604 0.0603 
        D820  2 0.0199 0.0190 0.9121 0.0116 0.0375 
        D895  2 0.0506 0.0547 0.5436 0.2736 0.0776 
        D896  2 0.0424 0.0534 0.0152 0.8711 0.0179 
        D897  2 0.0478 0.1877 0.0415 0.0515 0.6714 
        D898  2 0.2296 0.4697 0.1242 0.0923 0.0842 
        D918  2 0.0947 0.4108 0.0823 0.2132 0.1991 
        D919  2 0.0261 0.1652 0.5305 0.0462 0.2320 
        D920  2 0.0338 0.0449 0.0206 0.8791 0.0216 
        D923  2 0.0239 0.0530 0.8730 0.0231 0.0270 
        D930  2 0.1694 0.3239 0.3769 0.0639 0.0660 
        D931  2 0.0849 0.1077 0.5845 0.0539 0.1690 
        D968  2 0.0155 0.0176 0.0243 0.0125 0.9300 
        D969  2 0.0905 0.0572 0.5347 0.0411 0.2766 
        D977  2 0.0182 0.0667 0.0473 0.0290 0.8388 
        D978  2 0.0764 0.4681 0.0650 0.0278 0.3627 
        D211  3 0.0587 0.2964 0.1128 0.4554 0.0767 
     D229639  3 0.3643 0.0542 0.0788 0.0540 0.4487 
     D237212  3 0.1006 0.2072 0.3028 0.1123 0.2771 
     D237213  3 0.0261 0.3967 0.2177 0.2863 0.0733 
     D237214  3 0.0371 0.2113 0.0625 0.6383 0.0508 
     D237215  3 0.2850 0.0552 0.0128 0.0361 0.6109 
     D237216  3 0.0508 0.3841 0.1164 0.2076 0.2411 
     D237217  3 0.0271 0.1894 0.1796 0.5335 0.0705 
     D237218  3 0.1038 0.1369 0.3275 0.1149 0.3169 
     D237219  3 0.3048 0.1049 0.0579 0.4467 0.0858 
     D237382  3 0.0696 0.6321 0.1656 0.0753 0.0574 
     D244127  3 0.0286 0.1017 0.0497 0.6443 0.1756 
     D244129  3 0.0811 0.2818 0.2581 0.2550 0.1241 
     D244133  3 0.2734 0.2293 0.0632 0.1566 0.2775 
     D244134  3 0.6570 0.0377 0.0369 0.1171 0.1514 
     D244135  3 0.0269 0.0650 0.0702 0.7520 0.0859 
     D244136  3 0.3978 0.1231 0.1662 0.1073 0.2055 
        D416  3 0.0514 0.1513 0.2342 0.1812 0.3820 
        D417  3 0.0274 0.0874 0.8331 0.0378 0.0143 
        D419  3 0.2288 0.1005 0.1865 0.2925 0.1918 
        D565  3 0.8998 0.0205 0.0396 0.0221 0.0180 
        D566  3 0.6374 0.0527 0.0380 0.0334 0.2384 
        D567  3 0.0287 0.0432 0.7895 0.1044 0.0341 
        D568  3 0.0293 0.1319 0.3497 0.2584 0.2306 
        D569  3 0.0558 0.3150 0.1680 0.1427 0.3184 
        D573  3 0.0445 0.0367 0.1723 0.0294 0.7171 
        D574  3 0.6759 0.1565 0.0484 0.0553 0.0640 
        D575  3 0.3768 0.0792 0.1163 0.2907 0.1370 
        D576  3 0.0854 0.0908 0.0079 0.0323 0.7837 
        D577  3 0.0730 0.1520 0.6459 0.0835 0.0456 
        D578  3 0.0200 0.0768 0.0187 0.8556 0.0289 
        D579  3 0.3165 0.0677 0.3439 0.0879 0.1840 
        D660  3 0.0407 0.2281 0.0274 0.1413 0.5624 
        D661  3 0.0819 0.1448 0.0766 0.0703 0.6264 
        D663  3 0.0984 0.1512 0.0807 0.0279 0.6418 
        D664  3 0.2121 0.2431 0.0218 0.3412 0.1818 
        D665  3 0.0127 0.7861 0.0211 0.1268 0.0532 
        D666  3 0.3478 0.1523 0.1347 0.3018 0.0634 
        D009  4 0.0337 0.2190 0.3299 0.3769 0.0405 
        D057  4 0.0708 0.0364 0.2403 0.3334 0.3191 
        D109  4 0.0618 0.3249 0.0611 0.5208 0.0313 
     D237222  4 0.0914 0.0615 0.0549 0.7505 0.0417 
     D237223  4 0.1296 0.2288 0.0617 0.4148 0.1651 
     D237224  4 0.1279 0.1159 0.3959 0.0866 0.2737 
     D237225  4 0.0412 0.2584 0.3572 0.2458 0.0975 
     D237299  4 0.0328 0.8464 0.0165 0.0481 0.0562 
     D237300  4 0.2901 0.0445 0.0180 0.0232 0.6243 
     D237306  4 0.5076 0.1522 0.1387 0.1246 0.0768 
     D237307  4 0.3466 0.1385 0.2991 0.0782 0.1376 
     D237308  4 0.1096 0.0409 0.0749 0.3102 0.4644 
     D237309  4 0.0570 0.1870 0.3774 0.2872 0.0914 
     D237317  4 0.5914 0.0891 0.1623 0.1175 0.0396 
     D237318  4 0.1687 0.0403 0.0250 0.0192 0.7468 
     D237319  4 0.0891 0.3538 0.1333 0.3098 0.1140 
     D237320  4 0.0799 0.1554 0.1479 0.3505 0.2662 
     D237321  4 0.2965 0.0864 0.0522 0.0611 0.5037 
     D237397  4 0.2710 0.1083 0.0888 0.2457 0.2861 
     D237398  4 0.0948 0.1450 0.1653 0.0360 0.5589 
     D237399  4 0.3193 0.1716 0.2592 0.1243 0.1257 
     D244001  4 0.0357 0.0675 0.0501 0.7489 0.0978 
        D289  4 0.3265 0.0749 0.3538 0.0591 0.1856 
        D290  4 0.0311 0.7118 0.1525 0.0512 0.0535 
        D294  4 0.0677 0.3733 0.4109 0.0506 0.0976 
        D295  4 0.0984 0.2437 0.4830 0.1152 0.0598 
        D301  4 0.0584 0.0472 0.0241 0.8210 0.0493 
        D302  4 0.0191 0.1208 0.8020 0.0364 0.0217 
        D303  4 0.6670 0.0902 0.0755 0.0952 0.0722 
        D304  4 0.1832 0.5638 0.1102 0.0379 0.1049 
        D305  4 0.0185 0.4093 0.1223 0.1038 0.3461 
        D306  4 0.0565 0.7874 0.0894 0.0433 0.0234 
        D307  4 0.0608 0.0316 0.0237 0.8622 0.0217 
        D327  4 0.1268 0.1227 0.6337 0.0400 0.0768 
        D328  4 0.4518 0.3234 0.0890 0.0680 0.0678 
        D329  4 0.0772 0.1509 0.3765 0.1870 0.2082 
        D330  4 0.0227 0.2231 0.5215 0.1547 0.0779 
        D331  4 0.2554 0.3313 0.1846 0.1164 0.1123 
        D333  4 0.2119 0.1810 0.1782 0.2562 0.1727 
        D334  4 0.6309 0.0878 0.1827 0.0634 0.0352 
        D335  4 0.0434 0.0862 0.7618 0.0494 0.0592 
        D370  4 0.3454 0.2642 0.0849 0.2393 0.0663 
        D371  4 0.7928 0.0284 0.0999 0.0286 0.0502 
        D372  4 0.2087 0.3152 0.0159 0.0204 0.4397 
        D373  4 0.0450 0.0335 0.0290 0.7942 0.0983 
        D455  4 0.0306 0.0435 0.0502 0.8371 0.0386 
        D490  4 0.0229 0.0351 0.0236 0.9041 0.0143 
        D497  4 0.0286 0.0582 0.0316 0.8597 0.0218 
        D498  4 0.2405 0.4105 0.0779 0.1542 0.1170 
        D499  4 0.2603 0.2924 0.0638 0.0343 0.3492 
        D514  4 0.0327 0.4101 0.4459 0.0524 0.0589 
        D515  4 0.0297 0.6070 0.0837 0.2036 0.0760 
        D516  4 0.1505 0.1407 0.1732 0.3077 0.2278 
        D517  4 0.0475 0.0404 0.0487 0.7813 0.0821 
        D518  4 0.1413 0.0996 0.2564 0.3529 0.1497 
        D519  4 0.0491 0.2778 0.0971 0.3628 0.2132 
        D560  4 0.0257 0.4160 0.1528 0.1591 0.2463 
        D561  4 0.0180 0.6116 0.1618 0.1078 0.1008 
        D562  4 0.1473 0.4104 0.1436 0.1630 0.1356 
        D563  4 0.0247 0.1694 0.1240 0.0826 0.5993 
        D572  4 0.0529 0.2387 0.5232 0.0957 0.0894 
        D629  4 0.0691 0.1261 0.5182 0.2246 0.0621 
        D630  4 0.0979 0.3829 0.2689 0.1464 0.1038 
        D631  4 0.1294 0.1632 0.2640 0.0898 0.3536 
        D632  4 0.0310 0.0337 0.0614 0.7901 0.0839 
        D646  4 0.0332 0.0829 0.3495 0.3253 0.2091 
        D647  4 0.0176 0.1075 0.6646 0.1402 0.0700 
        D648  4 0.2362 0.6364 0.0448 0.0386 0.0439 
        D649  4 0.0301 0.0479 0.6635 0.2301 0.0283 
        D650  4 0.2096 0.2183 0.3400 0.1603 0.0718 
        D708  4 0.5329 0.2455 0.0891 0.0759 0.0566 
        D709  4 0.0631 0.7688 0.0542 0.0793 0.0346 
        D738  4 0.5209 0.0667 0.1253 0.2563 0.0309 
        D739  4 0.0528 0.5775 0.0634 0.2441 0.0623 
        D740  4 0.2547 0.2692 0.0568 0.1792 0.2402 
        D741  4 0.0231 0.2980 0.2036 0.1201 0.3552 
        D742  4 0.2480 0.1125 0.0842 0.0721 0.4831 
        D743  4 0.0417 0.0539 0.8159 0.0280 0.0605 
        D744  4 0.0398 0.1687 0.5465 0.0654 0.1795 
        D745  4 0.0298 0.4113 0.0610 0.4034 0.0944 
        D814  4 0.0246 0.2243 0.0448 0.0573 0.6491 
        D815  4 0.0780 0.2757 0.5283 0.0553 0.0626 
        D828  4 0.2761 0.5460 0.0157 0.0391 0.1230 
        D845  4 0.3712 0.0289 0.0336 0.0176 0.5487 
        D846  4 0.0200 0.1738 0.5141 0.0987 0.1933 
        D847  4 0.1682 0.2606 0.2831 0.1655 0.1226 
        D848  4 0.0469 0.0295 0.0260 0.7735 0.1240 
        D849  4 0.0240 0.4720 0.0556 0.3701 0.0784 
        D850  4 0.1493 0.1252 0.3032 0.2015 0.2208 
        D856  4 0.0497 0.6805 0.1218 0.1226 0.0253 
        D857  4 0.0316 0.0557 0.0143 0.8589 0.0395 
        D859  4 0.0897 0.2583 0.4232 0.0541 0.1747 
        D860  4 0.6294 0.0349 0.1543 0.0327 0.1486 
        D883  4 0.2024 0.1357 0.3359 0.2718 0.0541 
        D884  4 0.1601 0.3569 0.1394 0.2681 0.0754 
        D885  4 0.0538 0.2403 0.1743 0.0979 0.4338 
        D886  4 0.0360 0.2532 0.2658 0.3638 0.0812 
        D887  4 0.1621 0.2151 0.2491 0.1178 0.2559 
        D889  4 0.1655 0.5805 0.0815 0.0175 0.1550 
        D890  4 0.3347 0.2616 0.1198 0.2157 0.0682 
        D891  4 0.2572 0.0275 0.0144 0.0120 0.6889 
        D899  4 0.2953 0.0778 0.0767 0.0293 0.5210 
        D900  4 0.1177 0.2912 0.3706 0.1239 0.0966 
        D970  4 0.1351 0.0980 0.5533 0.0976 0.1160 
        D971  4 0.0712 0.1271 0.1560 0.1161 0.5296 
        D979  4 0.0441 0.0867 0.7954 0.0212 0.0527 
        D093  5 0.8180 0.0617 0.0487 0.0323 0.0394 
        D154  5 0.0859 0.2693 0.0379 0.0301 0.5768 
        D168  5 0.0401 0.1797 0.0702 0.2337 0.4763 
        D189  5 0.5017 0.1892 0.0719 0.0442 0.1930 
        D190  5 0.8362 0.0411 0.0405 0.0367 0.0456 
     D237220  5 0.1690 0.2391 0.1073 0.4149 0.0698 
     D237221  5 0.5565 0.0914 0.1327 0.0559 0.1636 
     D237274  5 0.0210 0.0618 0.8462 0.0281 0.0430 
     D237275  5 0.0421 0.1583 0.0189 0.0365 0.7441 
     D237276  5 0.1903 0.2698 0.1983 0.2484 0.0931 
     D237277  5 0.7262 0.0654 0.0499 0.0273 0.1313 
     D237278  5 0.3023 0.1221 0.0563 0.1816 0.3377 
     D237279  5 0.0257 0.1062 0.0646 0.6742 0.1294 
     D237280  5 0.0904 0.0854 0.2103 0.5799 0.0339 
     D237281  5 0.0421 0.0308 0.0404 0.0217 0.8649 
     D237351  5 0.1408 0.0741 0.0202 0.7226 0.0422 
     D237352  5 0.0719 0.0779 0.1894 0.5466 0.1142 
     D237353  5 0.9206 0.0205 0.0183 0.0199 0.0207 
     D237359  5 0.1494 0.3475 0.1534 0.1868 0.1629 
     D237361  5 0.9047 0.0232 0.0242 0.0267 0.0211 
     D237362  5 0.3510 0.1741 0.2200 0.0874 0.1673 
     D237363  5 0.1349 0.3495 0.0319 0.0479 0.4358 
     D237364  5 0.0305 0.3708 0.1627 0.1163 0.3197 
     D237376  5 0.3535 0.5590 0.0143 0.0225 0.0507 
     D237377  5 0.1555 0.0613 0.3309 0.3860 0.0663 
     D237378  5 0.7396 0.1210 0.0256 0.0424 0.0714 
     D237379  5 0.4735 0.3660 0.0516 0.0490 0.0599 
     D237380  5 0.0611 0.0643 0.0493 0.8105 0.0148 
     D237381  5 0.0996 0.0733 0.0648 0.6962 0.0661 
     D237391  5 0.8168 0.0360 0.0682 0.0363 0.0426 
     D237392  5 0.0393 0.1128 0.5537 0.0692 0.2250 
     D237393  5 0.2799 0.0541 0.4383 0.1434 0.0843 
     D237394  5 0.9136 0.0187 0.0230 0.0289 0.0158 
     D237395  5 0.3661 0.3454 0.0452 0.1258 0.1175 
     D237396  5 0.1961 0.0213 0.5506 0.1111 0.1210 
     D244016  5 0.4563 0.2247 0.0847 0.0483 0.1860 
     D244018  5 0.2688 0.0416 0.0455 0.1460 0.4981 
     D244019  5 0.1477 0.2854 0.2861 0.0433 0.2375 
        D279  5 0.1395 0.1842 0.0641 0.0783 0.5339 
        D280  5 0.4926 0.1198 0.1738 0.0795 0.1343 
        D281  5 0.1871 0.1044 0.0286 0.0198 0.6601 
        D283  5 0.6858 0.0252 0.1758 0.0377 0.0755 
        D284  5 0.0557 0.5401 0.0880 0.1998 0.1164 
        D285  5 0.6878 0.0983 0.1210 0.0390 0.0540 
        D286  5 0.2558 0.4209 0.1912 0.0866 0.0455 
        D287  5 0.3259 0.5582 0.0232 0.0528 0.0399 
        D288  5 0.3902 0.0980 0.2669 0.0722 0.1727 
        D308  5 0.0234 0.0382 0.0686 0.8466 0.0232 
        D309  5 0.0183 0.0811 0.8179 0.0499 0.0328 
        D310  5 0.8997 0.0487 0.0145 0.0135 0.0236 
        D311  5 0.3031 0.4011 0.1328 0.0454 0.1176 
        D312  5 0.3661 0.2294 0.2536 0.0828 0.0682 
        D313  5 0.0240 0.0165 0.0107 0.9357 0.0131 
        D314  5 0.1654 0.4135 0.0498 0.1221 0.2492 
        D315  5 0.4551 0.1299 0.2330 0.1109 0.0711 
        D317  5 0.8797 0.0325 0.0433 0.0221 0.0224 
        D318  5 0.1637 0.2952 0.2247 0.0949 0.2215 
        D319  5 0.8333 0.0534 0.0371 0.0300 0.0462 
        D320  5 0.8354 0.0644 0.0447 0.0354 0.0201 
        D321  5 0.1642 0.0219 0.0491 0.7170 0.0478 
        D336  5 0.6281 0.2731 0.0428 0.0305 0.0255 
        D337  5 0.9047 0.0120 0.0215 0.0152 0.0466 
        D338  5 0.2650 0.2288 0.2138 0.1170 0.1754 
        D339  5 0.7518 0.0643 0.0355 0.0609 0.0875 
        D347  5 0.1682 0.3721 0.2603 0.0375 0.1618 
        D348  5 0.8290 0.0636 0.0400 0.0206 0.0468 
        D349  5 0.0920 0.0280 0.0267 0.8339 0.0194 
        D350  5 0.0312 0.1377 0.7163 0.0310 0.0839 
        D355  5 0.0354 0.1776 0.1307 0.0191 0.6372 
        D356  5 0.4375 0.1330 0.2630 0.1217 0.0447 
        D357  5 0.2366 0.4702 0.0975 0.0797 0.1159 
        D358  5 0.5398 0.1159 0.1422 0.1222 0.0799 
        D359  5 0.5758 0.0332 0.3447 0.0274 0.0189 
        D360  5 0.6535 0.1196 0.1180 0.0839 0.0250 
        D361  5 0.0257 0.0253 0.0195 0.9073 0.0223 
        D366  5 0.0315 0.0454 0.3995 0.0506 0.4729 
        D367  5 0.6425 0.2334 0.0204 0.0599 0.0438 
        D368  5 0.4361 0.1942 0.1006 0.2039 0.0653 
        D380  5 0.0591 0.1327 0.5675 0.1163 0.1245 
        D381  5 0.7546 0.0422 0.0609 0.0558 0.0865 
        D400  5 0.3665 0.2284 0.1441 0.0688 0.1922 
        D411  5 0.0164 0.1066 0.0189 0.8045 0.0535 
        D412  5 0.1421 0.2239 0.1146 0.2001 0.3193 
        D413  5 0.0337 0.0557 0.0691 0.0568 0.7846 
        D414  5 0.0424 0.2883 0.1744 0.0365 0.4584 
        D420  5 0.1512 0.5163 0.0347 0.1842 0.1137 
        D431  5 0.2182 0.5027 0.0214 0.1012 0.1565 
        D432  5 0.6079 0.0432 0.0918 0.1628 0.0944 
        D433  5 0.7665 0.0484 0.0434 0.0628 0.0788 
        D434  5 0.6222 0.0652 0.1372 0.1189 0.0565 
        D440  5 0.0191 0.1880 0.7034 0.0505 0.0389 
        D447  5 0.0303 0.1294 0.5599 0.0856 0.1948 
        D448  5 0.5950 0.2233 0.0796 0.0274 0.0747 
        D459  5 0.0659 0.0339 0.0889 0.0174 0.7939 
        D460  5 0.0999 0.0230 0.0795 0.7604 0.0372 
        D461  5 0.0290 0.0636 0.8625 0.0174 0.0275 
        D468  5 0.2708 0.3649 0.1418 0.0824 0.1402 
        D469  5 0.1374 0.1119 0.5873 0.1024 0.0611 
        D470  5 0.1096 0.5177 0.0984 0.1795 0.0948 
        D471  5 0.5788 0.1963 0.0808 0.0238 0.1203 
        D472  5 0.0300 0.0187 0.7884 0.0187 0.1441 
        D479  5 0.0367 0.0720 0.0349 0.0376 0.8188 
        D485  5 0.1209 0.6880 0.0703 0.0520 0.0688 
        D486  5 0.1596 0.5003 0.1163 0.1251 0.0988 
        D487  5 0.4656 0.1316 0.0430 0.0498 0.3100 
        D555  5 0.8495 0.0394 0.0210 0.0216 0.0684 
        D556  5 0.3752 0.2852 0.1093 0.1112 0.1192 
        D557  5 0.8754 0.0318 0.0427 0.0176 0.0325 
        D564  5 0.4793 0.1981 0.1291 0.1416 0.0518 
        D594  5 0.1410 0.2418 0.2873 0.0832 0.2467 
        D595  5 0.4937 0.1072 0.1736 0.0741 0.1514 
        D596  5 0.8884 0.0374 0.0224 0.0270 0.0247 
        D597  5 0.3968 0.0377 0.2194 0.0449 0.3012 
        D598  5 0.4424 0.0764 0.1449 0.2557 0.0806 
        D617  5 0.0239 0.0989 0.0181 0.6185 0.2406 
        D618  5 0.6807 0.0540 0.0850 0.0579 0.1224 
        D619  5 0.2327 0.0756 0.2584 0.3298 0.1035 
        D620  5 0.0297 0.0177 0.0433 0.0229 0.8864 
        D628  5 0.1085 0.2690 0.2539 0.2988 0.0698 
        D714  5 0.5513 0.1669 0.0340 0.0382 0.2096 
        D715  5 0.8159 0.0340 0.0718 0.0309 0.0473 
        D716  5 0.1302 0.5105 0.0949 0.0324 0.2320 
        D717  5 0.1917 0.0776 0.5164 0.1638 0.0506 
        D718  5 0.0660 0.8118 0.0158 0.0485 0.0579 
        D769  5 0.0277 0.1395 0.0332 0.6081 0.1915 
        D770  5 0.2064 0.2456 0.0625 0.0459 0.4397 
        D771  5 0.1188 0.2981 0.0896 0.1367 0.3568 
        D772  5 0.4766 0.2062 0.1573 0.0855 0.0744 
        D782  5 0.0603 0.1055 0.0590 0.4114 0.3639 
        D783  5 0.1631 0.2370 0.0820 0.0440 0.4739 
        D784  5 0.1234 0.0500 0.7109 0.0592 0.0565 
        D785  5 0.7020 0.1154 0.0547 0.0926 0.0352 
        D786  5 0.0227 0.1014 0.2069 0.5719 0.0970 
        D821  5 0.9406 0.0175 0.0154 0.0122 0.0143 
        D822  5 0.1709 0.1415 0.5263 0.0346 0.1267 
        D826  5 0.5078 0.1250 0.0753 0.0598 0.2321 
        D827  5 0.0551 0.2039 0.5375 0.0475 0.1560 
        D851  5 0.2858 0.2376 0.1750 0.1278 0.1737 
        D852  5 0.4429 0.0742 0.0571 0.1650 0.2608 
        D853  5 0.3733 0.3332 0.1344 0.0700 0.0892 
        D854  5 0.0423 0.4981 0.1233 0.0559 0.2803 
        D861  5 0.2241 0.2520 0.0923 0.0938 0.3378 
        D862  5 0.4231 0.1716 0.2989 0.0507 0.0556 
        D865  5 0.8386 0.0467 0.0222 0.0413 0.0511 
        D868  5 0.0918 0.0490 0.7476 0.0621 0.0494 
        D869  5 0.0436 0.0477 0.0347 0.8252 0.0487 
        D870  5 0.0151 0.7878 0.0571 0.0457 0.0943 
        D907  5 0.7965 0.0698 0.0270 0.0636 0.0432 
        D908  5 0.5475 0.0489 0.0323 0.0717 0.2997 
        D910  5 0.5936 0.0850 0.0510 0.0281 0.2423 
        D911  5 0.0596 0.1555 0.0661 0.0169 0.7019 
        D934  5 0.1789 0.2775 0.1131 0.0413 0.3891 
        D946  5 0.1428 0.5361 0.0329 0.0792 0.2090 
        D947  5 0.0840 0.4406 0.3263 0.0672 0.0818 
        D948  5 0.1227 0.0178 0.0461 0.7919 0.0215 
        D949  5 0.0856 0.0264 0.0316 0.8421 0.0142 
        D950  5 0.0589 0.0889 0.0620 0.0192 0.7709 
        D951  5 0.0257 0.3013 0.5417 0.0545 0.0768 
        D952  5 0.1649 0.0622 0.6393 0.0631 0.0705 
        D953  5 0.7306 0.0632 0.1113 0.0598 0.0351 
        D954  5 0.4822 0.0490 0.3975 0.0302 0.0412 
        D961  5 0.1401 0.6938 0.0344 0.0565 0.0752 
        D962  5 0.6419 0.1706 0.1338 0.0315 0.0222 
        D963  5 0.3159 0.1149 0.4553 0.0347 0.0791 
        D964  5 0.1536 0.5116 0.0746 0.1238 0.1365 
        D965  5 0.1250 0.5144 0.1187 0.0903 0.1516 
        D966  5 0.4897 0.0719 0.2325 0.0493 0.1565 
        D967  5 0.4224 0.0878 0.0719 0.1796 0.2384 
        D991  5 0.1796 0.1999 0.2459 0.3170 0.0575 
        D502  6 0.0107 0.8016 0.0260 0.0424 0.1192 
        D503  6 0.1169 0.1199 0.0348 0.2765 0.4520 
        D504  6 0.1409 0.0855 0.5814 0.1120 0.0802 
        D505  6 0.4645 0.1533 0.1245 0.1097 0.1480 
        D506  6 0.8884 0.0433 0.0287 0.0201 0.0194 
        D507  6 0.0855 0.2573 0.1478 0.2138 0.2956 
        D508  6 0.0492 0.5477 0.2840 0.0390 0.0801 
        D529  6 0.2409 0.2319 0.1422 0.2968 0.0882 
        D530  6 0.1520 0.6215 0.0251 0.1171 0.0844 
        D531  6 0.1457 0.3460 0.3205 0.0726 0.1153 
        D532  6 0.2973 0.2780 0.2249 0.0528 0.1470 
        D534  6 0.0254 0.0438 0.0441 0.8494 0.0373 
        D535  6 0.3955 0.1168 0.2845 0.1422 0.0609 
        D536  6 0.0166 0.0882 0.0240 0.0839 0.7873 
        D554  6 0.2812 0.4862 0.0513 0.1225 0.0588 
        D587  6 0.7053 0.0724 0.1068 0.0513 0.0643 
        D588  6 0.4925 0.0833 0.1918 0.0564 0.1760 
        D589  6 0.2377 0.2208 0.0432 0.0823 0.4160 
        D590  6 0.0240 0.0427 0.0337 0.0584 0.8412 
        D591  6 0.2869 0.2165 0.0811 0.2053 0.2101 
        D592  6 0.0438 0.0214 0.0421 0.8611 0.0316 
        D593  6 0.1489 0.7097 0.0176 0.0506 0.0731 
        D682  6 0.9055 0.0311 0.0171 0.0256 0.0207 
        D683  6 0.2685 0.0847 0.5531 0.0483 0.0454 
        D684  6 0.0250 0.1795 0.0700 0.3881 0.3374 
        D685  6 0.0786 0.7292 0.0163 0.0754 0.1004 
        D686  6 0.4220 0.4318 0.0409 0.0502 0.0551 
        D724  6 0.0385 0.4279 0.3125 0.1149 0.1062 
        D725  6 0.1832 0.4228 0.0694 0.0734 0.2512 
        D726  6 0.8640 0.0432 0.0257 0.0446 0.0225 
        D727  6 0.0588 0.1093 0.1897 0.0786 0.5636 
        D728  6 0.5857 0.2151 0.0581 0.0747 0.0664 
        D729  6 0.0124 0.0736 0.1933 0.3274 0.3933 
        D730  6 0.0490 0.3334 0.2033 0.2174 0.1969 
        D731  6 0.8187 0.0241 0.0140 0.0145 0.1287 
        D732  6 0.0648 0.2227 0.5267 0.0866 0.0992 
        D733  6 0.1171 0.3243 0.2252 0.2449 0.0885 
     D237251  7 0.1699 0.3318 0.0505 0.0752 0.3725 
     D237252  7 0.0279 0.3171 0.0715 0.3273 0.2561 
     D237253  7 0.2938 0.2407 0.0757 0.0502 0.3396 
     D237254  7 0.0226 0.0501 0.0275 0.8773 0.0225 
     D237255  7 0.2216 0.1410 0.0328 0.0242 0.5804 
     D237256  7 0.0538 0.3776 0.0941 0.0250 0.4494 
     D237257  7 0.0229 0.7374 0.0390 0.0845 0.1163 
     D237282  7 0.0181 0.0577 0.6919 0.1307 0.1015 
     D237283  7 0.0290 0.1629 0.0120 0.7690 0.0271 
     D237284  7 0.0165 0.0493 0.0424 0.8649 0.0269 
     D237285  7 0.1630 0.4792 0.0694 0.0583 0.2301 
     D237286  7 0.2994 0.2329 0.2485 0.0797 0.1394 
     D237287  7 0.0888 0.1870 0.1347 0.0628 0.5268 
     D244006  7 0.0181 0.0416 0.0326 0.8805 0.0272 
     D244007  7 0.0390 0.1098 0.1855 0.0557 0.6101 
     D244008  7 0.0466 0.2350 0.0188 0.6664 0.0331 
     D244009  7 0.0985 0.1594 0.2160 0.4916 0.0344 
     D244010  7 0.0337 0.7228 0.0557 0.1157 0.0721 
     D244011  7 0.2762 0.4312 0.0674 0.0973 0.1279 
     D244012  7 0.0420 0.5223 0.1061 0.0740 0.2556 
     D244013  7 0.3286 0.0897 0.2609 0.0634 0.2574 
     D244014  7 0.0836 0.2243 0.0787 0.3817 0.2316 
     D244015  7 0.0305 0.3320 0.1416 0.3160 0.1799 
     D244125  7 0.5448 0.0556 0.1675 0.0528 0.1794 
     D244126  7 0.0123 0.2079 0.0174 0.7438 0.0185 
     D244130  7 0.0823 0.4230 0.0745 0.2809 0.1394 
     D244131  7 0.3089 0.0728 0.4144 0.1378 0.0661 
     D244132  7 0.3279 0.1396 0.4098 0.0875 0.0352 
        D520  7 0.1005 0.7462 0.0276 0.0990 0.0266 
        D521  7 0.0592 0.5379 0.2403 0.0852 0.0773 
        D522  7 0.0583 0.0312 0.1268 0.7533 0.0304 
        D523  7 0.2358 0.1034 0.0451 0.0442 0.5715 
        D524  7 0.2985 0.1434 0.0959 0.1619 0.3003 
        D525  7 0.0857 0.0461 0.0474 0.6441 0.1768 
        D526  7 0.0174 0.0457 0.0346 0.8784 0.0240 
        D527  7 0.1460 0.1850 0.4332 0.1447 0.0911 
        D528  7 0.0131 0.5895 0.1060 0.0201 0.2713 
        D558  7 0.0237 0.0990 0.5408 0.2193 0.1172 
        D559  7 0.0212 0.1631 0.5093 0.1472 0.1592 
        D640  7 0.5258 0.0759 0.1357 0.1173 0.1454 
        D641  7 0.4997 0.1659 0.0295 0.1846 0.1204 
        D642  7 0.0556 0.0845 0.0588 0.6059 0.1952 
        D644  7 0.2978 0.1567 0.0866 0.3502 0.1087 
        D645  7 0.1916 0.1998 0.1155 0.1308 0.3623 
        D662  7 0.1142 0.0292 0.1251 0.7101 0.0214 
        D687  7 0.1725 0.3480 0.2231 0.0935 0.1629 
        D688  7 0.0301 0.2220 0.4000 0.1314 0.2165 
        D689  7 0.3906 0.1502 0.1858 0.1442 0.1292 
        D700  7 0.0118 0.5295 0.1288 0.0226 0.3074 
        D797  7 0.2876 0.2454 0.2574 0.0955 0.1141 
        D798  7 0.0451 0.1918 0.0721 0.6621 0.0289 
        D799  7 0.1025 0.3008 0.0714 0.2470 0.2783 
        D800  7 0.0220 0.1084 0.6655 0.0970 0.1071 
        D132  8 0.0376 0.0365 0.0421 0.8526 0.0312 
        D133  8 0.0189 0.0350 0.0211 0.0305 0.8945 
        D200  8 0.0184 0.8980 0.0269 0.0207 0.0360 
        D500  8 0.0143 0.0243 0.0230 0.9227 0.0157 
        D614  8 0.3913 0.2591 0.1387 0.1648 0.0461 
        D723  8 0.0498 0.1588 0.3882 0.2212 0.1820 
        D888  8 0.3400 0.0851 0.0484 0.0300 0.4965 
        D901  8 0.0305 0.7906 0.0170 0.0643 0.0975 
        D902  8 0.6611 0.1514 0.0629 0.0753 0.0492 
        D903  8 0.0885 0.1833 0.6123 0.0402 0.0757 
        D904  8 0.0723 0.1646 0.5125 0.1845 0.0661 
        D905  8 0.4637 0.0717 0.0149 0.0139 0.4359 
        D906  8 0.0621 0.1692 0.0933 0.1068 0.5686 
        D937  8 0.8158 0.1211 0.0120 0.0181 0.0330 
        D943  8 0.0430 0.4346 0.1363 0.2476 0.1385 
        D972  8 0.0389 0.2579 0.2877 0.2852 0.1303 
        D973  8 0.0418 0.0626 0.7520 0.1138 0.0298 
        D974  8 0.1211 0.4098 0.1272 0.1558 0.1861 
        D975  8 0.0722 0.7572 0.0621 0.0469 0.0617 
        D976  8 0.1944 0.4847 0.0408 0.1085 0.1715 
        D201  9 0.0544 0.2673 0.1349 0.1100 0.4334 
        D202  9 0.0291 0.7892 0.0239 0.0380 0.1198 
     D237259  9 0.0182 0.2935 0.1674 0.1958 0.3251 
     D237260  9 0.0782 0.3610 0.0213 0.1653 0.3742 
     D237262  9 0.0236 0.0248 0.0241 0.9144 0.0130 
     D237263  9 0.0421 0.1531 0.1036 0.4842 0.2170 
     D237264  9 0.1972 0.2434 0.0977 0.2769 0.1847 
     D237265  9 0.2098 0.2059 0.0237 0.0615 0.4992 
     D237266  9 0.0288 0.0179 0.0436 0.3775 0.5321 
     D237267  9 0.0781 0.7873 0.0299 0.0427 0.0620 
     D237268  9 0.0625 0.4671 0.0998 0.3338 0.0368 
     D237289  9 0.2637 0.2295 0.0232 0.0861 0.3975 
     D237290  9 0.0679 0.0686 0.0263 0.0506 0.7865 
     D237291  9 0.1419 0.1219 0.0318 0.0643 0.6400 
     D237292  9 0.0313 0.3161 0.0191 0.0983 0.5352 
     D237293  9 0.1011 0.4554 0.1171 0.2431 0.0834 
     D237294  9 0.0532 0.5318 0.0183 0.2813 0.1154 
     D237295  9 0.1728 0.2347 0.3002 0.2595 0.0327 
     D237296  9 0.1308 0.5473 0.0464 0.1059 0.1697 
     D237297  9 0.3737 0.4532 0.0509 0.0473 0.0749 
     D237298  9 0.0848 0.1856 0.3977 0.1642 0.1676 
     D237341  9 0.1235 0.2242 0.1732 0.1735 0.3057 
     D237342  9 0.0483 0.5416 0.0367 0.2933 0.0802 
     D237343  9 0.0522 0.1413 0.0620 0.5413 0.2031 
     D237344  9 0.3672 0.2385 0.0635 0.1112 0.2196 
     D237345  9 0.0121 0.1448 0.0346 0.7444 0.0642 
     D237346  9 0.2182 0.0998 0.0320 0.2476 0.4024 
     D237347  9 0.7203 0.0650 0.0749 0.0596 0.0802 
     D237348  9 0.1124 0.2473 0.0981 0.3311 0.2110 
     D237349  9 0.0216 0.0355 0.2565 0.1808 0.5057 
     D244109  9 0.0161 0.0889 0.0836 0.1221 0.6893 
     D244110  9 0.0330 0.1070 0.0446 0.0789 0.7366 
     D244111  9 0.0735 0.4500 0.1587 0.0709 0.2468 
     D244128  9 0.0218 0.5752 0.0379 0.2877 0.0775 
     D244137  9 0.0476 0.0377 0.7323 0.1113 0.0711 
     D244138  9 0.1142 0.3440 0.0411 0.1019 0.3988 
        D580  9 0.0287 0.7661 0.0469 0.1348 0.0235 
        D581  9 0.0340 0.1661 0.0246 0.0543 0.7211 
        D582  9 0.0184 0.4676 0.0176 0.4788 0.0176 
        D583  9 0.0234 0.0698 0.0234 0.1672 0.7162 
        D584  9 0.2396 0.4719 0.0261 0.1549 0.1075 
        D585  9 0.0381 0.3931 0.0337 0.3766 0.1584 
        D586  9 0.4473 0.0239 0.0229 0.0353 0.4705 
        D651  9 0.2585 0.0621 0.4078 0.1262 0.1455 
        D652  9 0.0254 0.0474 0.2490 0.5357 0.1425 
        D653  9 0.1463 0.1774 0.2421 0.0638 0.3704 
        D654  9 0.0379 0.0470 0.3488 0.2680 0.2982 
        D655  9 0.3994 0.1952 0.0880 0.0920 0.2254 
        D656  9 0.0214 0.0653 0.0277 0.8356 0.0500 
        D657  9 0.0565 0.3811 0.1165 0.2781 0.1678 
        D667  9 0.5498 0.1222 0.0339 0.0809 0.2132 
        D668  9 0.1613 0.1339 0.0416 0.5602 0.1029 
        D669  9 0.1390 0.4013 0.0630 0.0827 0.3140 
        D670  9 0.0594 0.1170 0.5768 0.0858 0.1610 
        D671  9 0.0566 0.1472 0.0591 0.0665 0.6706 
        D672  9 0.0324 0.4099 0.0286 0.4310 0.0982 
        D673  9 0.2455 0.2955 0.1285 0.2652 0.0652 
        D692  9 0.0278 0.2297 0.0472 0.2243 0.4711 
        D693  9 0.2418 0.3196 0.1020 0.2185 0.1180 
        D694  9 0.0314 0.4344 0.0230 0.4672 0.0441 
        D695  9 0.1064 0.0901 0.1576 0.5988 0.0472 
        D696  9 0.8552 0.0796 0.0221 0.0211 0.0220 
        D697  9 0.5685 0.0588 0.0772 0.1402 0.1553 
        D698  9 0.2714 0.1718 0.0407 0.0997 0.4164 
        D699  9 0.4567 0.3228 0.0239 0.0955 0.1011 
        D787  9 0.0538 0.0537 0.3043 0.3560 0.2321 
        D788  9 0.3005 0.5329 0.0536 0.0764 0.0365 
        D789  9 0.0649 0.6825 0.0258 0.1114 0.1155 
        D790  9 0.2097 0.0487 0.1419 0.2872 0.3125 
        D791  9 0.1812 0.4264 0.0331 0.0530 0.3063 
        D792  9 0.1033 0.0237 0.2945 0.3533 0.2253 
        D793  9 0.7764 0.0223 0.0789 0.0580 0.0644 
        D794  9 0.3407 0.0738 0.2588 0.1431 0.1836 
        D795  9 0.1041 0.4589 0.0215 0.3727 0.0428 
        D796  9 0.1787 0.4197 0.0362 0.0600 0.3055 
        D142 10 0.2071 0.5157 0.1143 0.0460 0.1171 
        D143 10 0.0509 0.0560 0.0374 0.0658 0.7900 
        D144 10 0.2808 0.2458 0.1466 0.2257 0.1011 
        D145 10 0.2148 0.1432 0.0734 0.0552 0.5135 
        D146 10 0.0444 0.5277 0.0471 0.3324 0.0484 
        D147 10 0.0288 0.8319 0.0367 0.0445 0.0580 
        D148 10 0.0601 0.8042 0.0569 0.0202 0.0587 
        D149 10 0.0615 0.0742 0.0531 0.0627 0.7485 
        D151 10 0.0898 0.7130 0.0254 0.0402 0.1316 
        D152 10 0.0265 0.0611 0.0183 0.0266 0.8675 
        D153 10 0.1260 0.2437 0.5191 0.0757 0.0355 
        D156 10 0.0258 0.2073 0.6763 0.0318 0.0588 
        D157 10 0.3700 0.2989 0.0541 0.2245 0.0525 
        D158 10 0.0772 0.7291 0.0188 0.0322 0.1426 
        D159 10 0.0291 0.0220 0.0332 0.0307 0.8850 
        D160 10 0.6515 0.0193 0.0117 0.0154 0.3021 
        D161 10 0.2081 0.1529 0.3277 0.1548 0.1565 
        D162 10 0.0963 0.1358 0.6166 0.0353 0.1161 
        D169 10 0.0359 0.0315 0.0363 0.8541 0.0422 
        D170 10 0.0784 0.1095 0.0804 0.6974 0.0343 
        D171 10 0.1688 0.6487 0.0691 0.0644 0.0491 
        D172 10 0.0718 0.4143 0.2594 0.1119 0.1426 
