        D174  1 0.4822 0.1104 0.4074 
        D199  1 0.3607 0.5505 0.0888 
        D203  1 0.1726 0.5096 0.3178 
        D204  1 0.0535 0.8821 0.0644 
     D237366  1 0.1479 0.2887 0.5635 
     D237367  1 0.0793 0.5248 0.3959 
     D237368  1 0.0840 0.3199 0.5961 
     D244101  1 0.0676 0.8940 0.0384 
     D244102  1 0.3560 0.1991 0.4449 
     D244103  1 0.0935 0.2650 0.6415 
     D244104  1 0.2539 0.6161 0.1299 
     D244105  1 0.0383 0.0925 0.8692 
     D244106  1 0.7794 0.1069 0.1137 
     D244107  1 0.0267 0.3960 0.5773 
     D244108  1 0.5104 0.1458 0.3438 
     D244113  1 0.7942 0.0743 0.1314 
     D244114  1 0.3413 0.3790 0.2797 
     D244115  1 0.5075 0.1508 0.3416 
     D267365  1 0.6194 0.2735 0.1070 
        D404  1 0.7800 0.0939 0.1260 
        D405  1 0.5341 0.2619 0.2040 
        D406  1 0.0310 0.0641 0.9049 
        D407  1 0.0420 0.7984 0.1596 
        D408  1 0.8929 0.0468 0.0604 
        D409  1 0.1425 0.1453 0.7123 
        D410  1 0.0392 0.0526 0.9081 
        D421  1 0.0642 0.9024 0.0335 
        D422  1 0.0231 0.1039 0.8730 
        D423  1 0.0232 0.1546 0.8223 
        D424  1 0.0510 0.5441 0.4049 
        D425  1 0.4139 0.4475 0.1386 
        D426  1 0.1265 0.1902 0.6833 
        D427  1 0.1660 0.7624 0.0716 
        D428  1 0.2468 0.4802 0.2730 
        D429  1 0.5057 0.3023 0.1919 
        D430  1 0.5119 0.2784 0.2098 
        D491  1 0.8600 0.0726 0.0674 
        D492  1 0.2050 0.5226 0.2724 
        D537  1 0.0507 0.7237 0.2256 
        D538  1 0.2275 0.2202 0.5523 
        D539  1 0.6305 0.0942 0.2753 
        D540  1 0.2565 0.3737 0.3698 
        D541  1 0.0520 0.8374 0.1106 
        D551  1 0.1983 0.5025 0.2992 
        D552  1 0.3037 0.1975 0.4988 
        D553  1 0.0715 0.8160 0.1126 
        D615  1 0.2610 0.3641 0.3748 
        D616  1 0.1720 0.4252 0.4029 
        D621  1 0.1604 0.0751 0.7645 
        D622  1 0.0612 0.0681 0.8707 
        D623  1 0.6200 0.2753 0.1047 
        D624  1 0.7778 0.0879 0.1343 
        D625  1 0.1272 0.5116 0.3612 
        D626  1 0.6110 0.1182 0.2708 
        D627  1 0.1281 0.2704 0.6015 
        D690  1 0.1852 0.4850 0.3298 
        D691  1 0.0454 0.1281 0.8264 
        D710  1 0.2596 0.5770 0.1634 
        D711  1 0.1318 0.6429 0.2253 
        D712  1 0.8274 0.0656 0.1070 
        D713  1 0.3609 0.3397 0.2994 
        D746  1 0.0341 0.0953 0.8706 
        D747  1 0.0552 0.8835 0.0613 
        D748  1 0.0940 0.2983 0.6077 
        D749  1 0.1866 0.1284 0.6850 
        D750  1 0.6134 0.2018 0.1848 
        D763  1 0.1702 0.6559 0.1739 
        D764  1 0.3008 0.3194 0.3798 
        D765  1 0.1340 0.0399 0.8261 
        D766  1 0.0692 0.2513 0.6795 
        D767  1 0.1490 0.4228 0.4282 
        D768  1 0.0246 0.8765 0.0989 
        D811  1 0.7411 0.0696 0.1893 
        D816  1 0.2192 0.6270 0.1538 
        D825  1 0.4929 0.1063 0.4008 
        D866  1 0.7727 0.1141 0.1132 
        D867  1 0.0448 0.0736 0.8816 
        D871  1 0.1262 0.1799 0.6939 
        D872  1 0.1146 0.4055 0.4799 
        D873  1 0.0242 0.0177 0.9580 
        D874  1 0.4125 0.5296 0.0579 
        D875  1 0.0570 0.0845 0.8586 
        D876  1 0.2673 0.3936 0.3391 
        D877  1 0.7242 0.1678 0.1080 
        D892  1 0.2356 0.2464 0.5181 
        D893  1 0.1212 0.5757 0.3031 
        D894  1 0.2752 0.4463 0.2784 
        D915  1 0.1281 0.4374 0.4345 
        D916  1 0.0754 0.7479 0.1767 
        D917  1 0.4868 0.4238 0.0894 
        D925  1 0.0907 0.0773 0.8321 
        D926  1 0.2583 0.4143 0.3275 
        D927  1 0.2429 0.6632 0.0939 
        D928  1 0.7999 0.1219 0.0783 
        D929  1 0.4194 0.1964 0.3842 
        D936  1 0.2487 0.6564 0.0949 
        D938  1 0.0339 0.0477 0.9185 
        D956  1 0.8356 0.0496 0.1148 
        D957  1 0.1102 0.2559 0.6339 
        D958  1 0.1434 0.3022 0.5543 
        D959  1 0.0285 0.8219 0.1497 
        D960  1 0.0433 0.0479 0.9088 
        D989  1 0.8098 0.1345 0.0557 
        D990  1 0.0916 0.0328 0.8756 
        D023  2 0.0331 0.3884 0.5785 
        D130  2 0.0267 0.0969 0.8764 
        D131  2 0.1184 0.6024 0.2792 
        D163  2 0.0533 0.0853 0.8614 
        D164  2 0.0317 0.4043 0.5640 
        D165  2 0.0257 0.3372 0.6371 
        D166  2 0.2474 0.1667 0.5860 
        D167  2 0.3282 0.5623 0.1095 
        D192  2 0.2425 0.6302 0.1273 
        D193  2 0.7063 0.0656 0.2281 
        D206  2 0.0796 0.6039 0.3164 
        D207  2 0.2080 0.6732 0.1188 
        D208  2 0.8161 0.0954 0.0885 
        D209  2 0.1280 0.6116 0.2604 
        D210  2 0.6900 0.2235 0.0866 
     D229599  2 0.4613 0.2781 0.2606 
     D229600  2 0.0719 0.3438 0.5843 
     D237227  2 0.7726 0.0741 0.1534 
     D237228  2 0.4289 0.0708 0.5002 
     D237258  2 0.3699 0.3271 0.3030 
     D237310  2 0.1373 0.0465 0.8162 
     D237311  2 0.1276 0.1230 0.7494 
     D237312  2 0.1897 0.1007 0.7095 
     D237313  2 0.3802 0.2219 0.3979 
     D237322  2 0.7093 0.1108 0.1799 
     D237323  2 0.2702 0.0391 0.6907 
     D237324  2 0.0622 0.3900 0.5479 
     D237325  2 0.1988 0.1260 0.6752 
     D237326  2 0.0866 0.2194 0.6940 
     D237327  2 0.3172 0.4868 0.1960 
     D237337  2 0.0775 0.0409 0.8816 
     D237338  2 0.2875 0.1608 0.5517 
     D237339  2 0.0547 0.8960 0.0493 
     D237340  2 0.4836 0.1241 0.3923 
     D237389  2 0.0736 0.0850 0.8414 
     D237390  2 0.2789 0.1348 0.5862 
     D244017  2 0.8173 0.0861 0.0965 
     D244112  2 0.2132 0.3747 0.4120 
     D244118  2 0.1197 0.3199 0.5604 
     D244119  2 0.8034 0.1234 0.0732 
     D244120  2 0.7637 0.0846 0.1517 
     D244122  2 0.3599 0.4344 0.2057 
        D291  2 0.4460 0.2801 0.2739 
        D292  2 0.5281 0.3693 0.1025 
        D293  2 0.0185 0.9649 0.0166 
        D322  2 0.0382 0.9132 0.0485 
        D323  2 0.2766 0.5674 0.1560 
        D324  2 0.2649 0.4652 0.2699 
        D325  2 0.0201 0.9497 0.0303 
        D326  2 0.0638 0.8984 0.0377 
        D340  2 0.0300 0.9230 0.0470 
        D341  2 0.0803 0.8350 0.0847 
        D342  2 0.1233 0.3826 0.4941 
        D343  2 0.0159 0.9653 0.0189 
        D344  2 0.1314 0.6067 0.2619 
        D345  2 0.1997 0.4306 0.3697 
        D346  2 0.7441 0.1746 0.0813 
        D351  2 0.0988 0.7220 0.1792 
        D352  2 0.2931 0.4535 0.2534 
        D353  2 0.0633 0.8436 0.0931 
        D354  2 0.3640 0.3358 0.3001 
        D362  2 0.1796 0.5901 0.2303 
        D363  2 0.2868 0.5774 0.1358 
        D364  2 0.2053 0.5585 0.2362 
        D365  2 0.0280 0.9547 0.0173 
        D369  2 0.3377 0.4800 0.1823 
        D374  2 0.8967 0.0379 0.0654 
        D375  2 0.1981 0.4144 0.3875 
        D376  2 0.8318 0.0501 0.1181 
        D377  2 0.3653 0.1450 0.4898 
        D378  2 0.0409 0.8932 0.0659 
        D379  2 0.0909 0.7747 0.1344 
        D384  2 0.0818 0.8497 0.0685 
        D385  2 0.0706 0.8945 0.0348 
        D386  2 0.0562 0.8080 0.1357 
        D391  2 0.0329 0.9429 0.0242 
        D392  2 0.1026 0.7425 0.1549 
        D393  2 0.0716 0.8517 0.0767 
        D394  2 0.1629 0.3132 0.5239 
        D395  2 0.0797 0.8330 0.0872 
        D401  2 0.0737 0.0416 0.8846 
        D402  2 0.0652 0.8693 0.0656 
        D403  2 0.0579 0.4870 0.4551 
        D415  2 0.0310 0.6907 0.2783 
        D435  2 0.0380 0.8890 0.0730 
        D436  2 0.1821 0.5924 0.2255 
        D438  2 0.0451 0.9100 0.0450 
        D439  2 0.0570 0.7615 0.1815 
        D449  2 0.0494 0.8074 0.1431 
        D450  2 0.5589 0.1660 0.2751 
        D456  2 0.0407 0.8705 0.0888 
        D462  2 0.0209 0.9505 0.0286 
        D463  2 0.0464 0.9028 0.0508 
        D464  2 0.1208 0.7812 0.0980 
        D465  2 0.0385 0.8667 0.0948 
        D473  2 0.6458 0.0947 0.2595 
        D474  2 0.2765 0.6020 0.1215 
        D476  2 0.0393 0.4051 0.5556 
        D477  2 0.4005 0.4456 0.1539 
        D478  2 0.3852 0.2551 0.3597 
        D480  2 0.1919 0.7521 0.0561 
        D481  2 0.3427 0.4208 0.2365 
        D482  2 0.7393 0.0897 0.1710 
        D483  2 0.2368 0.6412 0.1221 
        D484  2 0.4211 0.4074 0.1715 
        D510  2 0.8947 0.0546 0.0506 
        D511  2 0.0587 0.8732 0.0681 
        D512  2 0.0635 0.2315 0.7050 
        D513  2 0.1270 0.7804 0.0927 
        D635  2 0.0608 0.6524 0.2869 
        D636  2 0.0442 0.0609 0.8949 
        D637  2 0.3861 0.4327 0.1813 
        D658  2 0.4522 0.3686 0.1792 
        D659  2 0.0889 0.8128 0.0983 
        D677  2 0.1406 0.4471 0.4123 
        D678  2 0.3019 0.4555 0.2426 
        D679  2 0.1594 0.7540 0.0866 
        D719  2 0.5291 0.4242 0.0467 
        D720  2 0.1622 0.7088 0.1290 
        D721  2 0.0553 0.4865 0.4582 
        D722  2 0.8184 0.0707 0.1109 
        D734  2 0.6769 0.2881 0.0350 
        D735  2 0.1698 0.5616 0.2686 
        D736  2 0.6900 0.2004 0.1097 
        D737  2 0.4875 0.2583 0.2542 
        D807  2 0.5936 0.2741 0.1323 
        D808  2 0.1133 0.2789 0.6078 
        D817  2 0.3814 0.4178 0.2008 
        D818  2 0.0851 0.6997 0.2152 
        D819  2 0.2101 0.3818 0.4081 
        D820  2 0.0516 0.9055 0.0429 
        D895  2 0.0924 0.6468 0.2608 
        D896  2 0.0558 0.0435 0.9007 
        D897  2 0.2104 0.5172 0.2724 
        D898  2 0.6240 0.1090 0.2670 
        D918  2 0.1689 0.2612 0.5700 
        D919  2 0.0826 0.8387 0.0788 
        D920  2 0.0387 0.0411 0.9202 
        D923  2 0.0822 0.8104 0.1074 
        D930  2 0.2785 0.4612 0.2603 
        D931  2 0.2356 0.6563 0.1081 
        D968  2 0.0398 0.9294 0.0308 
        D969  2 0.2381 0.6939 0.0679 
        D977  2 0.0715 0.8109 0.1177 
        D978  2 0.4472 0.3596 0.1931 
        D211  3 0.0806 0.2039 0.7156 
     D229639  3 0.8581 0.0818 0.0601 
     D237212  3 0.2713 0.5025 0.2262 
     D237213  3 0.1086 0.3311 0.5603 
     D237214  3 0.0550 0.1275 0.8175 
     D237215  3 0.8456 0.1034 0.0510 
     D237216  3 0.0898 0.2902 0.6200 
     D237217  3 0.0388 0.2109 0.7503 
     D237218  3 0.2434 0.5594 0.1973 
     D237219  3 0.5090 0.0532 0.4378 
     D237382  3 0.2216 0.2290 0.5494 
     D244127  3 0.0820 0.1415 0.7764 
     D244129  3 0.1588 0.4808 0.3604 
     D244133  3 0.5486 0.2020 0.2494 
     D244134  3 0.8054 0.0681 0.1265 
     D244135  3 0.0442 0.2762 0.6796 
     D244136  3 0.5524 0.3140 0.1336 
        D416  3 0.1665 0.4786 0.3548 
        D417  3 0.0483 0.6318 0.3198 
        D419  3 0.3557 0.2908 0.3534 
        D565  3 0.8594 0.0751 0.0655 
        D566  3 0.8789 0.0783 0.0429 
        D567  3 0.0999 0.6531 0.2470 
        D568  3 0.0648 0.4696 0.4656 
        D569  3 0.1225 0.6653 0.2122 
        D573  3 0.1160 0.7963 0.0876 
        D574  3 0.7713 0.0726 0.1561 
        D575  3 0.4378 0.2850 0.2772 
        D576  3 0.7847 0.1169 0.0984 
        D577  3 0.1758 0.5846 0.2396 
        D578  3 0.0286 0.0407 0.9306 
        D579  3 0.4553 0.4041 0.1406 
        D660  3 0.2248 0.3562 0.4190 
        D661  3 0.3779 0.3608 0.2613 
        D663  3 0.4260 0.4533 0.1207 
        D664  3 0.3940 0.0825 0.5235 
        D665  3 0.0739 0.1615 0.7646 
        D666  3 0.4629 0.1512 0.3859 
        D009  4 0.0874 0.2383 0.6743 
        D057  4 0.1940 0.5193 0.2866 
        D109  4 0.0922 0.0745 0.8333 
     D237222  4 0.0998 0.1043 0.7959 
     D237223  4 0.1467 0.2596 0.5937 
     D237224  4 0.3485 0.5223 0.1292 
     D237225  4 0.1268 0.3866 0.4866 
     D237299  4 0.1032 0.0510 0.8458 
     D237300  4 0.9042 0.0405 0.0553 
     D237306  4 0.5309 0.2072 0.2620 
     D237307  4 0.4426 0.3714 0.1859 
     D237308  4 0.2621 0.5344 0.2035 
     D237309  4 0.1119 0.2869 0.6012 
     D237317  4 0.5955 0.2231 0.1814 
     D237318  4 0.8396 0.1119 0.0485 
     D237319  4 0.2201 0.1955 0.5844 
     D237320  4 0.1572 0.3006 0.5422 
     D237321  4 0.7771 0.0961 0.1268 
     D237397  4 0.3880 0.2824 0.3296 
     D237398  4 0.2981 0.5134 0.1885 
     D237399  4 0.5488 0.2202 0.2311 
     D244001  4 0.0746 0.1594 0.7661 
        D289  4 0.3387 0.5413 0.1200 
        D290  4 0.4263 0.2548 0.3189 
        D294  4 0.2461 0.4845 0.2694 
        D295  4 0.2434 0.3502 0.4064 
        D301  4 0.1270 0.0422 0.8308 
        D302  4 0.0840 0.7948 0.1213 
        D303  4 0.7354 0.1093 0.1553 
        D304  4 0.7213 0.1566 0.1222 
        D305  4 0.0651 0.5220 0.4129 
        D306  4 0.5547 0.1602 0.2851 
        D307  4 0.1279 0.0409 0.8311 
        D327  4 0.2005 0.6966 0.1030 
        D328  4 0.7076 0.1204 0.1720 
        D329  4 0.2703 0.3863 0.3434 
        D330  4 0.0379 0.5185 0.4436 
        D331  4 0.4633 0.2437 0.2931 
        D333  4 0.4111 0.2902 0.2987 
        D334  4 0.5963 0.1674 0.2363 
        D335  4 0.0756 0.8561 0.0683 
        D370  4 0.5780 0.1076 0.3145 
        D371  4 0.7648 0.1848 0.0504 
        D372  4 0.8850 0.0354 0.0796 
        D373  4 0.0799 0.1724 0.7476 
        D455  4 0.0614 0.1088 0.8298 
        D490  4 0.0308 0.0309 0.9384 
        D497  4 0.0570 0.0581 0.8849 
        D498  4 0.5814 0.1475 0.2712 
        D499  4 0.5919 0.2593 0.1488 
        D514  4 0.1761 0.5609 0.2630 
        D515  4 0.0665 0.1985 0.7350 
        D516  4 0.2184 0.3328 0.4489 
        D517  4 0.0677 0.1149 0.8174 
        D518  4 0.1729 0.4352 0.3918 
        D519  4 0.0638 0.2380 0.6982 
        D560  4 0.0805 0.2452 0.6744 
        D561  4 0.0229 0.2754 0.7018 
        D562  4 0.2787 0.3666 0.3547 
        D563  4 0.0666 0.7878 0.1457 
        D572  4 0.1280 0.6721 0.2000 
        D629  4 0.1549 0.4701 0.3750 
        D630  4 0.3113 0.3393 0.3494 
        D631  4 0.2830 0.5337 0.1833 
        D632  4 0.0645 0.3372 0.5983 
        D646  4 0.0469 0.5547 0.3984 
        D647  4 0.0510 0.6062 0.3428 
        D648  4 0.6147 0.1712 0.2141 
        D649  4 0.0949 0.4143 0.4908 
        D650  4 0.3328 0.3165 0.3507 
        D708  4 0.7228 0.0969 0.1803 
        D709  4 0.5722 0.1411 0.2867 
        D738  4 0.4463 0.1979 0.3558 
        D739  4 0.1986 0.1729 0.6285 
        D740  4 0.4833 0.1244 0.3924 
        D741  4 0.0366 0.6817 0.2817 
        D742  4 0.4017 0.4874 0.1108 
        D743  4 0.1404 0.7719 0.0876 
        D744  4 0.0965 0.7978 0.1057 
        D745  4 0.0535 0.1460 0.8005 
        D814  4 0.1109 0.6676 0.2215 
        D815  4 0.2863 0.5236 0.1901 
        D828  4 0.7931 0.0510 0.1559 
        D845  4 0.7918 0.1718 0.0364 
        D846  4 0.0690 0.6966 0.2344 
        D847  4 0.3249 0.2555 0.4195 
        D848  4 0.1068 0.1577 0.7355 
        D849  4 0.0462 0.1278 0.8260 
        D850  4 0.1583 0.5416 0.3002 
        D856  4 0.1714 0.1695 0.6591 
        D857  4 0.0569 0.0287 0.9144 
        D859  4 0.3979 0.4284 0.1737 
        D860  4 0.5910 0.3487 0.0604 
        D883  4 0.3786 0.2573 0.3641 
        D884  4 0.1882 0.2435 0.5683 
        D885  4 0.1081 0.7014 0.1905 
        D886  4 0.0979 0.2857 0.6164 
        D887  4 0.4394 0.3484 0.2122 
        D889  4 0.8272 0.0916 0.0812 
        D890  4 0.5410 0.1444 0.3147 
        D891  4 0.8737 0.0971 0.0292 
        D899  4 0.6191 0.3162 0.0647 
        D900  4 0.2739 0.4497 0.2763 
        D970  4 0.2747 0.5374 0.1879 
        D971  4 0.0576 0.8317 0.1107 
        D979  4 0.0953 0.8508 0.0539 
        D093  5 0.7973 0.0931 0.1096 
        D154  5 0.4025 0.3763 0.2211 
        D168  5 0.1201 0.5511 0.3288 
        D189  5 0.8028 0.0907 0.1065 
        D190  5 0.8587 0.0825 0.0587 
     D237220  5 0.3041 0.1543 0.5415 
     D237221  5 0.6897 0.1966 0.1137 
     D237274  5 0.0621 0.8167 0.1212 
     D237275  5 0.3955 0.3939 0.2106 
     D237276  5 0.3206 0.2100 0.4695 
     D237277  5 0.8286 0.0993 0.0721 
     D237278  5 0.4792 0.2580 0.2628 
     D237279  5 0.0470 0.2062 0.7467 
     D237280  5 0.1904 0.1699 0.6396 
     D237281  5 0.2173 0.6795 0.1032 
     D237351  5 0.1554 0.0621 0.7825 
     D237352  5 0.0900 0.5137 0.3963 
     D237353  5 0.9202 0.0401 0.0396 
     D237359  5 0.3337 0.1907 0.4756 
     D237361  5 0.8753 0.0630 0.0616 
     D237362  5 0.4171 0.4017 0.1812 
     D237363  5 0.2376 0.3651 0.3973 
     D237364  5 0.1115 0.5082 0.3803 
     D237376  5 0.8440 0.0564 0.0997 
     D237377  5 0.1517 0.5871 0.2612 
     D237378  5 0.8550 0.0598 0.0851 
     D237379  5 0.7178 0.1404 0.1418 
     D237380  5 0.1250 0.0451 0.8299 
     D237381  5 0.1732 0.2039 0.6229 
     D237391  5 0.8060 0.0960 0.0981 
     D237392  5 0.0713 0.7759 0.1528 
     D237393  5 0.4176 0.4046 0.1778 
     D237394  5 0.8436 0.0771 0.0793 
     D237395  5 0.6237 0.0929 0.2834 
     D237396  5 0.1041 0.7659 0.1300 
     D244016  5 0.6840 0.2248 0.0912 
     D244018  5 0.3069 0.5450 0.1481 
     D244019  5 0.2941 0.5946 0.1113 
        D279  5 0.3808 0.4001 0.2191 
        D280  5 0.6761 0.1630 0.1609 
        D281  5 0.5794 0.3332 0.0874 
        D283  5 0.6558 0.2757 0.0686 
        D284  5 0.1038 0.1390 0.7571 
        D285  5 0.7924 0.1055 0.1021 
        D286  5 0.5651 0.1912 0.2437 
        D287  5 0.7805 0.0385 0.1810 
        D288  5 0.6928 0.2215 0.0857 
        D308  5 0.0432 0.0871 0.8697 
        D309  5 0.0367 0.8952 0.0681 
        D310  5 0.9003 0.0591 0.0406 
        D311  5 0.5444 0.2921 0.1635 
        D312  5 0.5652 0.2413 0.1935 
        D313  5 0.0290 0.0223 0.9486 
        D314  5 0.4134 0.2409 0.3458 
        D315  5 0.6012 0.1959 0.2030 
        D317  5 0.8807 0.0734 0.0459 
        D318  5 0.2347 0.5197 0.2456 
        D319  5 0.8359 0.0698 0.0942 
        D320  5 0.8639 0.0505 0.0856 
        D321  5 0.1864 0.0800 0.7336 
        D336  5 0.8458 0.0718 0.0824 
        D337  5 0.9174 0.0580 0.0246 
        D338  5 0.3138 0.3282 0.3580 
        D339  5 0.8106 0.0858 0.1036 
        D347  5 0.5116 0.4016 0.0867 
        D348  5 0.8511 0.1014 0.0475 
        D349  5 0.1193 0.0469 0.8338 
        D350  5 0.0700 0.8420 0.0880 
        D355  5 0.1575 0.7728 0.0697 
        D356  5 0.5938 0.1520 0.2543 
        D357  5 0.6177 0.1392 0.2431 
        D358  5 0.5398 0.2937 0.1665 
        D359  5 0.6063 0.3054 0.0882 
        D360  5 0.6764 0.0954 0.2281 
        D361  5 0.0476 0.0454 0.9070 
        D366  5 0.0384 0.9239 0.0377 
        D367  5 0.7595 0.0641 0.1764 
        D368  5 0.4889 0.1191 0.3921 
        D380  5 0.0685 0.8042 0.1273 
        D381  5 0.6901 0.2199 0.0900 
        D400  5 0.6478 0.2157 0.1365 
        D411  5 0.0287 0.0393 0.9320 
        D412  5 0.4071 0.3193 0.2736 
        D413  5 0.0781 0.7979 0.1240 
        D414  5 0.1739 0.6797 0.1464 
        D420  5 0.4632 0.0853 0.4514 
        D431  5 0.7705 0.0434 0.1861 
        D432  5 0.6740 0.1566 0.1693 
        D433  5 0.8494 0.0848 0.0658 
        D434  5 0.6391 0.1890 0.1719 
        D440  5 0.0511 0.8070 0.1419 
        D447  5 0.0512 0.8027 0.1462 
        D448  5 0.8489 0.0923 0.0588 
        D459  5 0.1779 0.7801 0.0421 
        D460  5 0.1108 0.1268 0.7624 
        D461  5 0.0826 0.8550 0.0624 
        D468  5 0.3558 0.4216 0.2226 
        D469  5 0.2609 0.4330 0.3061 
        D470  5 0.2163 0.2060 0.5778 
        D471  5 0.8409 0.1100 0.0491 
        D472  5 0.0545 0.9032 0.0423 
        D479  5 0.0889 0.8150 0.0961 
        D485  5 0.5438 0.1967 0.2595 
        D486  5 0.2488 0.3433 0.4080 
        D487  5 0.8203 0.0927 0.0870 
        D555  5 0.8726 0.0783 0.0491 
        D556  5 0.7951 0.0734 0.1315 
        D557  5 0.8564 0.1023 0.0413 
        D564  5 0.6228 0.1187 0.2585 
        D594  5 0.1954 0.6618 0.1428 
        D595  5 0.6603 0.2183 0.1214 
        D596  5 0.9052 0.0379 0.0569 
        D597  5 0.4429 0.4781 0.0790 
        D598  5 0.5153 0.2327 0.2520 
        D617  5 0.0763 0.1100 0.8137 
        D618  5 0.7507 0.1341 0.1152 
        D619  5 0.3176 0.3247 0.3577 
        D620  5 0.0743 0.8682 0.0575 
        D628  5 0.2772 0.3039 0.4188 
        D714  5 0.8849 0.0599 0.0553 
        D715  5 0.7929 0.1520 0.0551 
        D716  5 0.5471 0.3422 0.1107 
        D717  5 0.3143 0.4544 0.2313 
        D718  5 0.4122 0.0655 0.5224 
        D769  5 0.0765 0.1112 0.8123 
        D770  5 0.4792 0.3960 0.1248 
        D771  5 0.4643 0.2546 0.2811 
        D772  5 0.6882 0.1918 0.1200 
        D782  5 0.1120 0.4002 0.4878 
        D783  5 0.3469 0.5365 0.1166 
        D784  5 0.1855 0.6852 0.1293 
        D785  5 0.7353 0.0903 0.1744 
        D786  5 0.0556 0.3622 0.5822 
        D821  5 0.9493 0.0261 0.0246 
        D822  5 0.2163 0.6913 0.0924 
        D826  5 0.7152 0.2033 0.0815 
        D827  5 0.0629 0.8363 0.1008 
        D851  5 0.3456 0.3448 0.3095 
        D852  5 0.7298 0.1190 0.1512 
        D853  5 0.6858 0.1413 0.1729 
        D854  5 0.2486 0.4305 0.3209 
        D861  5 0.4578 0.2945 0.2478 
        D862  5 0.4507 0.4139 0.1354 
        D865  5 0.8833 0.0477 0.0690 
        D868  5 0.2642 0.5178 0.2180 
        D869  5 0.0517 0.1023 0.8460 
        D870  5 0.0444 0.2057 0.7499 
        D907  5 0.8290 0.0624 0.1085 
        D908  5 0.8589 0.0625 0.0786 
        D910  5 0.7445 0.1964 0.0591 
        D911  5 0.2559 0.6881 0.0560 
        D934  5 0.6144 0.2499 0.1357 
        D946  5 0.7195 0.0783 0.2022 
        D947  5 0.4052 0.2606 0.3342 
        D948  5 0.1624 0.0696 0.7680 
        D949  5 0.1040 0.0567 0.8393 
        D950  5 0.2460 0.6966 0.0575 
        D951  5 0.1240 0.7105 0.1655 
        D952  5 0.3388 0.5465 0.1148 
        D953  5 0.8619 0.0607 0.0774 
        D954  5 0.5204 0.3254 0.1542 
        D961  5 0.5989 0.0993 0.3018 
        D962  5 0.8139 0.0929 0.0933 
        D963  5 0.4870 0.4148 0.0983 
        D964  5 0.3976 0.1290 0.4734 
        D965  5 0.2781 0.4526 0.2693 
        D966  5 0.5989 0.3290 0.0721 
        D967  5 0.6516 0.1460 0.2023 
        D991  5 0.3265 0.1811 0.4924 
        D502  6 0.1035 0.3678 0.5287 
        D503  6 0.3085 0.1495 0.5419 
        D504  6 0.2404 0.5485 0.2110 
        D505  6 0.4778 0.3425 0.1797 
        D506  6 0.8940 0.0480 0.0580 
        D507  6 0.2677 0.3937 0.3386 
        D508  6 0.3891 0.3951 0.2158 
        D529  6 0.4275 0.2064 0.3661 
        D530  6 0.5134 0.1065 0.3801 
        D531  6 0.3471 0.4214 0.2315 
        D532  6 0.4002 0.4734 0.1264 
        D534  6 0.0484 0.1281 0.8235 
        D535  6 0.4526 0.3575 0.1899 
        D536  6 0.0616 0.6330 0.3053 
        D554  6 0.5617 0.1299 0.3084 
        D587  6 0.7077 0.1877 0.1047 
        D588  6 0.3734 0.5354 0.0913 
        D589  6 0.5228 0.2506 0.2266 
        D590  6 0.1112 0.7924 0.0964 
        D591  6 0.6358 0.1632 0.2010 
        D592  6 0.1093 0.0687 0.8220 
        D593  6 0.6197 0.1058 0.2745 
        D682  6 0.8280 0.0660 0.1060 
        D683  6 0.4200 0.3188 0.2612 
        D684  6 0.0858 0.3098 0.6044 
        D685  6 0.5406 0.1008 0.3586 
        D686  6 0.7271 0.1323 0.1406 
        D724  6 0.1858 0.3671 0.4471 
        D725  6 0.5015 0.2971 0.2014 
        D726  6 0.8458 0.0666 0.0876 
        D727  6 0.0837 0.8425 0.0738 
        D728  6 0.6802 0.1248 0.1950 
        D729  6 0.0255 0.6808 0.2936 
        D730  6 0.1562 0.2560 0.5879 
        D731  6 0.9053 0.0523 0.0424 
        D732  6 0.2258 0.5829 0.1914 
        D733  6 0.3670 0.2154 0.4176 
     D237251  7 0.7733 0.0890 0.1377 
     D237252  7 0.0999 0.1238 0.7763 
     D237253  7 0.6788 0.1637 0.1574 
     D237254  7 0.0323 0.0658 0.9019 
     D237255  7 0.7602 0.1550 0.0849 
     D237256  7 0.2589 0.6233 0.1178 
     D237257  7 0.1418 0.2110 0.6471 
     D237282  7 0.0490 0.7827 0.1683 
     D237283  7 0.0510 0.0316 0.9174 
     D237284  7 0.0389 0.0986 0.8626 
     D237285  7 0.5473 0.2516 0.2011 
     D237286  7 0.4009 0.4314 0.1677 
     D237287  7 0.1713 0.6253 0.2033 
     D244006  7 0.0259 0.0796 0.8945 
     D244007  7 0.0720 0.8031 0.1248 
     D244008  7 0.0715 0.0453 0.8832 
     D244009  7 0.1443 0.1142 0.7415 
     D244010  7 0.1637 0.1420 0.6944 
     D244011  7 0.6622 0.1459 0.1920 
     D244012  7 0.1911 0.4156 0.3933 
     D244013  7 0.5678 0.3080 0.1243 
     D244014  7 0.3084 0.2386 0.4530 
     D244015  7 0.0498 0.3215 0.6287 
     D244125  7 0.7290 0.1985 0.0725 
     D244126  7 0.0209 0.0306 0.9485 
     D244130  7 0.2576 0.2325 0.5099 
     D244131  7 0.4169 0.3313 0.2518 
     D244132  7 0.5840 0.2741 0.1419 
        D520  7 0.3468 0.0863 0.5669 
        D521  7 0.2116 0.3455 0.4429 
        D522  7 0.0987 0.2962 0.6051 
        D523  7 0.6889 0.1906 0.1205 
        D524  7 0.6127 0.1700 0.2173 
        D525  7 0.2325 0.1061 0.6614 
        D526  7 0.0341 0.0918 0.8741 
        D527  7 0.4242 0.2646 0.3112 
        D528  7 0.0226 0.3000 0.6773 
        D558  7 0.0575 0.7429 0.1996 
        D559  7 0.0884 0.6471 0.2645 
        D640  7 0.7001 0.1833 0.1165 
        D641  7 0.7591 0.0711 0.1698 
        D642  7 0.1361 0.2358 0.6282 
        D644  7 0.4658 0.1550 0.3791 
        D645  7 0.3996 0.2517 0.3487 
        D662  7 0.1574 0.1564 0.6861 
        D687  7 0.5157 0.2490 0.2353 
        D688  7 0.0896 0.6332 0.2773 
        D689  7 0.7142 0.1290 0.1568 
        D700  7 0.0226 0.3486 0.6288 
        D797  7 0.5611 0.2238 0.2150 
        D798  7 0.0766 0.1237 0.7997 
        D799  7 0.5135 0.1097 0.3768 
        D800  7 0.0746 0.6171 0.3083 
        D132  8 0.0455 0.0605 0.8940 
        D133  8 0.0777 0.6929 0.2295 
        D200  8 0.5687 0.1281 0.3032 
        D500  8 0.0346 0.0394 0.9260 
        D614  8 0.5874 0.1150 0.2976 
        D723  8 0.0982 0.5776 0.3242 
        D888  8 0.8343 0.0892 0.0765 
        D901  8 0.1328 0.0631 0.8041 
        D902  8 0.6951 0.1036 0.2013 
        D903  8 0.1915 0.7092 0.0992 
        D904  8 0.2054 0.4749 0.3197 
        D905  8 0.9419 0.0272 0.0310 
        D906  8 0.1224 0.6782 0.1994 
        D937  8 0.8569 0.0342 0.1089 
        D943  8 0.1418 0.2574 0.6008 
        D972  8 0.0706 0.4157 0.5137 
        D973  8 0.0729 0.5832 0.3439 
        D974  8 0.3320 0.3428 0.3252 
        D975  8 0.5714 0.1280 0.3006 
        D976  8 0.4525 0.1676 0.3798 
        D201  9 0.2885 0.3431 0.3683 
        D202  9 0.5031 0.1042 0.3928 
     D237259  9 0.0374 0.7208 0.2419 
     D237260  9 0.3312 0.1179 0.5509 
     D237262  9 0.0499 0.0378 0.9123 
     D237263  9 0.1479 0.1787 0.6735 
     D237264  9 0.2589 0.3087 0.4324 
     D237265  9 0.6990 0.0800 0.2210 
     D237266  9 0.0846 0.6332 0.2821 
     D237267  9 0.4988 0.1432 0.3579 
     D237268  9 0.1719 0.1320 0.6961 
     D237289  9 0.6037 0.1914 0.2049 
     D237290  9 0.5029 0.2132 0.2839 
     D237291  9 0.5059 0.2827 0.2113 
     D237292  9 0.0893 0.3899 0.5207 
     D237293  9 0.3344 0.1286 0.5370 
     D237294  9 0.2201 0.0423 0.7376 
     D237295  9 0.3201 0.2255 0.4545 
     D237296  9 0.4652 0.1005 0.4343 
     D237297  9 0.6847 0.1827 0.1327 
     D237298  9 0.1803 0.5000 0.3197 
     D237341  9 0.3797 0.3774 0.2429 
     D237342  9 0.1313 0.1148 0.7539 
     D237343  9 0.1184 0.2503 0.6312 
     D237344  9 0.6625 0.1518 0.1857 
     D237345  9 0.0337 0.0589 0.9074 
     D237346  9 0.6065 0.1568 0.2367 
     D237347  9 0.7833 0.1187 0.0980 
     D237348  9 0.2572 0.2634 0.4794 
     D237349  9 0.0333 0.8154 0.1513 
     D244109  9 0.0506 0.6454 0.3040 
     D244110  9 0.1796 0.4833 0.3371 
     D244111  9 0.2699 0.4294 0.3006 
     D244128  9 0.0480 0.0687 0.8832 
     D244137  9 0.0833 0.7354 0.1813 
     D244138  9 0.5217 0.1896 0.2887 
        D580  9 0.0550 0.0530 0.8920 
        D581  9 0.3688 0.2994 0.3318 
        D582  9 0.0334 0.0315 0.9350 
        D583  9 0.2440 0.3598 0.3962 
        D584  9 0.4782 0.0881 0.4336 
        D585  9 0.1393 0.1024 0.7582 
        D586  9 0.9029 0.0457 0.0514 
        D651  9 0.2034 0.6561 0.1405 
        D652  9 0.0473 0.5863 0.3664 
        D653  9 0.1936 0.7125 0.0939 
        D654  9 0.0440 0.7746 0.1814 
        D655  9 0.7964 0.0966 0.1070 
        D656  9 0.0465 0.1720 0.7815 
        D657  9 0.1676 0.3040 0.5285 
        D667  9 0.8435 0.0667 0.0898 
        D668  9 0.3428 0.1020 0.5552 
        D669  9 0.4443 0.2221 0.3336 
        D670  9 0.0697 0.7848 0.1455 
        D671  9 0.2621 0.4804 0.2575 
        D672  9 0.0746 0.0738 0.8516 
        D673  9 0.4911 0.0872 0.4217 
        D692  9 0.0553 0.3331 0.6116 
        D693  9 0.4189 0.2020 0.3791 
        D694  9 0.0605 0.0577 0.8818 
        D695  9 0.2081 0.1853 0.6066 
        D696  9 0.9165 0.0362 0.0472 
        D697  9 0.5746 0.2565 0.1689 
        D698  9 0.5280 0.2650 0.2070 
        D699  9 0.6980 0.0513 0.2507 
        D787  9 0.0897 0.5373 0.3730 
        D788  9 0.5387 0.1016 0.3598 
        D789  9 0.3086 0.0910 0.6004 
        D790  9 0.2161 0.4580 0.3259 
        D791  9 0.7166 0.1220 0.1614 
        D792  9 0.0794 0.7604 0.1601 
        D793  9 0.6966 0.2226 0.0807 
        D794  9 0.3384 0.5195 0.1421 
        D795  9 0.1798 0.0288 0.7914 
        D796  9 0.5880 0.1154 0.2966 
        D142 10 0.5614 0.2879 0.1507 
        D143 10 0.1162 0.7680 0.1158 
        D144 10 0.3976 0.2223 0.3801 
        D145 10 0.7105 0.1382 0.1514 
        D146 10 0.0712 0.1028 0.8259 
        D147 10 0.1262 0.3355 0.5383 
        D148 10 0.1924 0.1809 0.6267 
        D149 10 0.2023 0.6325 0.1652 
        D151 10 0.1700 0.0921 0.7379 
        D152 10 0.2911 0.5613 0.1476 
        D153 10 0.3298 0.3459 0.3243 
        D156 10 0.1050 0.8213 0.0737 
        D157 10 0.5932 0.0805 0.3264 
        D158 10 0.5792 0.0531 0.3677 
        D159 10 0.0597 0.8761 0.0642 
        D160 10 0.9449 0.0243 0.0308 
        D161 10 0.2742 0.4891 0.2367 
        D162 10 0.3205 0.5936 0.0859 
        D169 10 0.0729 0.1084 0.8188 
        D170 10 0.0982 0.1129 0.7889 
        D171 10 0.3933 0.2410 0.3657 
        D172 10 0.2200 0.3942 0.3858 
        D173 10 0.0260 0.9104 0.0636 
        D181 10 0.6751 0.2387 0.0862 
        D182 10 0.2001 0.4752 0.3247 
        D183 10 0.7651 0.0520 0.1829 
        D184 10 0.0232 0.0527 0.9241 
        D185 10 0.2066 0.4632 0.3302 
        D186 10 0.0480 0.0388 0.9132 
        D194 10 0.1082 0.1752 0.7166 
        D195 10 0.5793 0.3218 0.0989 
        D196 10 0.2963 0.6506 0.0531 
        D197 10 0.0803 0.1018 0.8179 
        D198 10 0.2613 0.2704 0.4683 
     D237226 10 0.4014 0.2258 0.3727 
     D237232 10 0.7890 0.0827 0.1283 
     D237233 10 0.6636 0.1433 0.1931 
     D237234 10 0.6352 0.1869 0.1779 
     D237354 10 0.8408 0.1115 0.0478 
     D237355 10 0.8271 0.0934 0.0795 
     D237356 10 0.3537 0.2910 0.3552 
     D237357 10 0.0885 0.5789 0.3325 
     D237358 10 0.0487 0.7039 0.2474 
     D237369 10 0.0309 0.1537 0.8154 
     D237370 10 0.7042 0.1532 0.1426 
     D237371 10 0.1723 0.3495 0.4782 
     D237372 10 0.0725 0.3489 0.5786 
     D237373 10 0.7956 0.0694 0.1350 
     D237374 10 0.9190 0.0409 0.0401 
     D237375 10 0.1091 0.6701 0.2207 
     D237400 10 0.3744 0.5327 0.0929 
     D244002 10 0.0409 0.2118 0.7474 
     D244003 10 0.9116 0.0282 0.0602 
     D244004 10 0.9129 0.0186 0.0685 
     D244005 10 0.4608 0.1468 0.3924 
     D244020 10 0.5683 0.2470 0.1847 
     D244021 10 0.0964 0.2632 0.6404 
     D244116 10 0.1285 0.2616 0.6100 
     D244117 10 0.7885 0.1053 0.1062 
     D244121 10 0.7199 0.0881 0.1920 
     D244123 10 0.7466 0.1070 0.1465 
     D244124 10 0.2575 0.1700 0.5725 
        D332 10 0.1076 0.7790 0.1134 
        D570 10 0.7714 0.1237 0.1048 
        D602 10 0.0518 0.8765 0.0717 
        D603 10 0.4818 0.1534 0.3649 
        D604 10 0.1191 0.8130 0.0678 
        D605 10 0.1953 0.5138 0.2909 
        D606 10 0.2045 0.0861 0.7094 
        D607 10 0.0444 0.8870 0.0686 
        D608 10 0.0333 0.9350 0.0317 
        D609 10 0.6856 0.1329 0.1815 
        D610 10 0.5724 0.2542 0.1734 
        D611 10 0.9314 0.0296 0.0390 
        D613 10 0.3901 0.4989 0.1110 
        D633 10 0.0576 0.7829 0.1596 
        D634 10 0.4767 0.1976 0.3257 
        D638 10 0.4978 0.3877 0.1145 
        D681 10 0.3961 0.1475 0.4565 
        D754 10 0.3201 0.0356 0.6443 
        D755 10 0.8915 0.0418 0.0667 
        D756 10 0.6804 0.0737 0.2459 
        D757 10 0.3480 0.3227 0.3293 
        D758 10 0.3503 0.2081 0.4416 
        D759 10 0.7739 0.1281 0.0980 
        D760 10 0.5584 0.2663 0.1753 
        D761 10 0.9361 0.0346 0.0293 
        D762 10 0.1046 0.7450 0.1504 
        D775 10 0.8895 0.0324 0.0782 
        D776 10 0.7842 0.1158 0.1000 
        D777 10 0.8139 0.0543 0.1318 
        D778 10 0.4257 0.1509 0.4234 
        D779 10 0.5392 0.1073 0.3535 
        D780 10 0.5495 0.3050 0.1455 
        D781 10 0.0935 0.7996 0.1070 
        D858 10 0.0357 0.0368 0.9275 
        D933 10 0.5117 0.3847 0.1036 
        D038 11 0.6556 0.1278 0.2166 
        D063 11 0.6590 0.1759 0.1651 
        D155 11 0.7257 0.1621 0.1122 
        D175 11 0.3742 0.0831 0.5427 
        D176 11 0.5297 0.2147 0.2556 
        D205 11 0.5287 0.0653 0.4060 
     D237229 11 0.0671 0.5842 0.3487 
     D237230 11 0.0334 0.8175 0.1491 
     D237231 11 0.0569 0.8509 0.0922 
     D237269 11 0.2144 0.6264 0.1593 
     D237270 11 0.0584 0.0968 0.8448 
     D237271 11 0.5180 0.2207 0.2613 
     D237272 11 0.0522 0.6580 0.2898 
     D237273 11 0.7485 0.0933 0.1582 
     D237301 11 0.2000 0.7064 0.0936 
     D237302 11 0.1660 0.2750 0.5590 
     D237303 11 0.0340 0.2829 0.6831 
     D237304 11 0.2381 0.3597 0.4022 
     D237305 11 0.1500 0.0748 0.7751 
     D237314 11 0.7020 0.1111 0.1869 
     D237315 11 0.0912 0.1319 0.7769 
     D237316 11 0.1419 0.7585 0.0995 
     D237328 11 0.1309 0.3666 0.5025 
     D237329 11 0.2894 0.3399 0.3708 
     D237330 11 0.8511 0.0698 0.0791 
     D237331 11 0.7711 0.1325 0.0964 
     D237332 11 0.3833 0.3698 0.2470 
     D237333 11 0.8503 0.1175 0.0322 
     D237334 11 0.1650 0.6849 0.1501 
     D237335 11 0.3559 0.2788 0.3653 
     D237336 11 0.6802 0.1039 0.2160 
     D237350 11 0.5145 0.3618 0.1237 
     D237383 11 0.4160 0.0896 0.4943 
     D237384 11 0.2470 0.3202 0.4327 
     D237385 11 0.2879 0.3381 0.3740 
     D237386 11 0.2003 0.6420 0.1578 
     D237387 11 0.1317 0.4440 0.4243 
     D237388 11 0.7258 0.1653 0.1089 
        D239 11 0.7241 0.1548 0.1210 
        D240 11 0.5682 0.1980 0.2338 
        D241 11 0.1157 0.4301 0.4542 
        D242 11 0.2122 0.6118 0.1759 
        D243 11 0.6918 0.0851 0.2231 
        D244 11 0.7737 0.0544 0.1719 
        D245 11 0.0797 0.1991 0.7212 
        D246 11 0.4396 0.1441 0.4163 
        D247 11 0.2563 0.3738 0.3699 
        D248 11 0.1641 0.7566 0.0793 
        D249 11 0.3298 0.1100 0.5602 
        D250 11 0.2752 0.6639 0.0609 
        D251 11 0.6207 0.1272 0.2521 
        D252 11 0.2294 0.3487 0.4219 
        D253 11 0.7528 0.0753 0.1719 
        D254 11 0.0332 0.3540 0.6128 
        D255 11 0.5107 0.3028 0.1865 
        D256 11 0.5685 0.1609 0.2706 
        D257 11 0.1065 0.0881 0.8054 
        D258 11 0.0870 0.1140 0.7990 
        D259 11 0.0546 0.0841 0.8613 
        D260 11 0.3415 0.3228 0.3357 
        D261 11 0.4799 0.3137 0.2064 
        D262 11 0.2041 0.1870 0.6089 
        D263 11 0.4770 0.1828 0.3401 
        D264 11 0.0888 0.2572 0.6540 
        D265 11 0.2508 0.3634 0.3858 
        D266 11 0.4509 0.4540 0.0951 
        D267 11 0.5128 0.1685 0.3187 
        D268 11 0.7356 0.1945 0.0699 
        D269 11 0.2973 0.5370 0.1657 
        D270 11 0.1941 0.4322 0.3736 
        D271 11 0.3866 0.1792 0.4341 
        D272 11 0.3726 0.4324 0.1950 
        D273 11 0.0301 0.0562 0.9137 
        D274 11 0.4183 0.2383 0.3434 
        D275 11 0.3203 0.4054 0.2744 
        D276 11 0.5883 0.3118 0.1000 
        D277 11 0.3239 0.4918 0.1843 
        D278 11 0.5358 0.1330 0.3313 
        D282 11 0.0838 0.0753 0.8409 
        D296 11 0.5771 0.2966 0.1263 
        D297 11 0.4294 0.2752 0.2953 
        D298 11 0.4712 0.4068 0.1220 
        D299 11 0.6615 0.1963 0.1422 
        D300 11 0.5900 0.2307 0.1793 
        D382 11 0.5010 0.2689 0.2301 
        D383 11 0.4865 0.0707 0.4428 
        D387 11 0.6660 0.1556 0.1784 
        D388 11 0.0925 0.8417 0.0659 
        D389 11 0.5208 0.3475 0.1317 
        D390 11 0.2476 0.6778 0.0745 
        D396 11 0.1998 0.7172 0.0831 
        D397 11 0.1066 0.0947 0.7987 
        D398 11 0.5659 0.1007 0.3334 
        D399 11 0.0819 0.7343 0.1838 
        D437 11 0.1041 0.1854 0.7104 
        D441 11 0.7669 0.1669 0.0662 
        D442 11 0.4074 0.2911 0.3015 
        D443 11 0.9222 0.0433 0.0345 
        D444 11 0.2059 0.6404 0.1538 
        D445 11 0.1080 0.4312 0.4608 
        D446 11 0.0704 0.4732 0.4564 
        D451 11 0.3485 0.3153 0.3362 
        D452 11 0.2682 0.5382 0.1936 
        D453 11 0.0953 0.7651 0.1395 
        D454 11 0.0992 0.1716 0.7291 
        D457 11 0.4271 0.1296 0.4433 
        D458 11 0.5315 0.2959 0.1725 
        D466 11 0.1002 0.6112 0.2886 
        D467 11 0.7433 0.1180 0.1386 
        D475 11 0.0704 0.0637 0.8660 
        D488 11 0.1473 0.7198 0.1329 
        D489 11 0.1432 0.2299 0.6269 
        D493 11 0.1553 0.1647 0.6800 
        D494 11 0.1951 0.6235 0.1814 
        D495 11 0.1240 0.2266 0.6494 
        D496 11 0.7665 0.1934 0.0401 
        D674 11 0.7090 0.1267 0.1643 
        D675 11 0.7216 0.2278 0.0506 
        D676 11 0.2613 0.1288 0.6100 
        D680 11 0.8138 0.0428 0.1434 
        D701 11 0.2649 0.2632 0.4718 
        D702 11 0.0709 0.2908 0.6383 
        D703 11 0.3155 0.4214 0.2631 
        D704 11 0.4652 0.2583 0.2765 
        D705 11 0.0298 0.5830 0.3872 
        D706 11 0.3834 0.1822 0.4344 
        D707 11 0.1936 0.4185 0.3879 
        D751 11 0.3373 0.3334 0.3292 
        D752 11 0.6867 0.1566 0.1567 
        D753 11 0.0659 0.7977 0.1364 
        D773 11 0.0210 0.0318 0.9472 
        D774 11 0.2271 0.5633 0.2097 
        D801 11 0.5332 0.3422 0.1246 
        D802 11 0.1181 0.5555 0.3263 
        D803 11 0.8091 0.0717 0.1191 
        D804 11 0.2351 0.4395 0.3254 
        D805 11 0.3898 0.2385 0.3717 
        D806 11 0.0412 0.0701 0.8887 
        D809 11 0.5691 0.2954 0.1355 
        D810 11 0.8170 0.1231 0.0599 
        D812 11 0.1719 0.2656 0.5625 
        D813 11 0.5939 0.2025 0.2035 
        D823 11 0.5322 0.2766 0.1911 
        D824 11 0.5415 0.3043 0.1542 
        D829 11 0.1208 0.8009 0.0783 
        D830 11 0.0765 0.4040 0.5194 
        D831 11 0.4451 0.2297 0.3252 
        D832 11 0.3478 0.3077 0.3446 
        D833 11 0.5187 0.3468 0.1344 
        D834 11 0.4099 0.4367 0.1534 
        D835 11 0.1884 0.0727 0.7389 
        D855 11 0.4422 0.2741 0.2838 
        D863 11 0.8991 0.0593 0.0416 
        D864 11 0.6507 0.1717 0.1776 
        D878 11 0.7038 0.1662 0.1300 
        D879 11 0.0887 0.1242 0.7871 
        D880 11 0.2983 0.6599 0.0419 
        D881 11 0.9100 0.0352 0.0548 
        D882 11 0.3102 0.5804 0.1094 
        D909 11 0.2912 0.5397 0.1691 
        D921 11 0.5956 0.2129 0.1914 
        D924 11 0.5587 0.3709 0.0704 
        D935 11 0.1685 0.5901 0.2413 
        D940 11 0.8651 0.0792 0.0557 
        D941 11 0.5566 0.2734 0.1701 
        D942 11 0.0314 0.0535 0.9151 
        D980 11 0.1567 0.5856 0.2578 
        D981 11 0.1112 0.1476 0.7412 
        D982 11 0.0830 0.8262 0.0908 
        D983 11 0.6473 0.2350 0.1177 
        D984 11 0.3431 0.5464 0.1105 
        D992 11 0.0649 0.1531 0.7820 
        D993 11 0.5276 0.2641 0.2084 
        D994 11 0.5434 0.1272 0.3294 
        D995 11 0.2137 0.0889 0.6974 
        H354 11 0.0531 0.4053 0.5416 
        D005 12 0.0830 0.3978 0.5192 
        D035 12 0.6780 0.1272 0.1948 
        D067 12 0.4467 0.4092 0.1441 
        D134 12 0.5367 0.1732 0.2901 
        D135 12 0.3011 0.3562 0.3427 
        D136 12 0.0495 0.7473 0.2032 
        D137 12 0.0912 0.6947 0.2140 
        D138 12 0.4550 0.3336 0.2113 
        D139 12 0.2479 0.6622 0.0899 
        D140 12 0.4216 0.2597 0.3187 
        D141 12 0.0241 0.0345 0.9414 
        D150 12 0.1321 0.0917 0.7762 
        D177 12 0.3593 0.4292 0.2114 
        D178 12 0.0338 0.9082 0.0581 
        D179 12 0.0691 0.6805 0.2503 
        D180 12 0.0518 0.7154 0.2329 
        D187 12 0.6877 0.1266 0.1858 
        D188 12 0.0376 0.0406 0.9218 
        D191 12 0.0718 0.0454 0.8828 
        D418 12 0.0456 0.0783 0.8761 
        D601 12 0.0586 0.2263 0.7151 
        D836 12 0.0612 0.0757 0.8631 
        D837 12 0.3355 0.4004 0.2640 
        D838 12 0.8729 0.0821 0.0450 
        D839 12 0.1612 0.6994 0.1394 
        D840 12 0.4248 0.4525 0.1228 
        D841 12 0.5166 0.1159 0.3675 
        D842 12 0.0297 0.0233 0.9470 
        D843 12 0.5400 0.2900 0.1700 
        D844 12 0.1146 0.2281 0.6573 
        D912 12 0.4532 0.4609 0.0859 
        D913 12 0.1560 0.7752 0.0688 
