        D174  1 0.0815 0.0517 0.0560 0.4070 0.0934 0.0349 0.1189 0.0432 0.0252 0.0720 0.0162 
        D199  1 0.0373 0.0925 0.1119 0.1241 0.0278 0.1543 0.0378 0.1614 0.1031 0.1213 0.0286 
        D203  1 0.0179 0.0453 0.1499 0.0445 0.1065 0.1248 0.1148 0.1844 0.0743 0.1059 0.0318 
        D204  1 0.0217 0.0174 0.0318 0.0196 0.0280 0.0272 0.0221 0.6933 0.0200 0.0217 0.0971 
     D237366  1 0.0200 0.3517 0.0475 0.0483 0.0208 0.0354 0.2506 0.0344 0.0392 0.0752 0.0769 
     D237367  1 0.0949 0.2109 0.1023 0.0400 0.0460 0.0716 0.0875 0.1754 0.0204 0.1171 0.0340 
     D237368  1 0.0255 0.3511 0.0520 0.0922 0.0559 0.0706 0.0246 0.2014 0.0257 0.0716 0.0294 
     D244101  1 0.0271 0.0188 0.0309 0.0164 0.0307 0.0824 0.0359 0.1325 0.1313 0.0715 0.4225 
     D244102  1 0.0680 0.0658 0.3046 0.0375 0.1254 0.0405 0.0652 0.0675 0.0711 0.0828 0.0716 
     D244103  1 0.0737 0.1592 0.0377 0.0430 0.0353 0.0343 0.2806 0.1096 0.0191 0.1740 0.0335 
     D244104  1 0.1281 0.0367 0.0142 0.0689 0.0226 0.0305 0.0255 0.5670 0.0371 0.0433 0.0261 
     D244105  1 0.0288 0.1397 0.0348 0.0128 0.0706 0.0177 0.4677 0.0263 0.0294 0.1516 0.0206 
     D244106  1 0.0240 0.0202 0.0658 0.4409 0.0284 0.0792 0.1488 0.0612 0.0570 0.0549 0.0196 
     D244107  1 0.0318 0.4124 0.0224 0.0139 0.1449 0.0810 0.0438 0.0400 0.0214 0.1335 0.0548 
     D244108  1 0.0261 0.0215 0.0665 0.2211 0.4384 0.0327 0.0378 0.0337 0.0467 0.0520 0.0234 
     D244113  1 0.1294 0.0291 0.2058 0.4082 0.0315 0.0387 0.0181 0.0157 0.0152 0.0507 0.0578 
     D244114  1 0.0237 0.0237 0.0550 0.0499 0.0406 0.0276 0.4622 0.0440 0.0805 0.1579 0.0349 
     D244115  1 0.0492 0.0513 0.0361 0.1927 0.2397 0.0229 0.0400 0.1638 0.0286 0.1482 0.0274 
     D267365  1 0.0358 0.0997 0.0547 0.1557 0.0361 0.0268 0.0311 0.2968 0.1601 0.0677 0.0354 
        D404  1 0.0352 0.0172 0.4612 0.2109 0.0457 0.0322 0.0307 0.0270 0.0192 0.0385 0.0822 
        D405  1 0.0631 0.0308 0.4201 0.0595 0.0866 0.0698 0.0506 0.0716 0.0320 0.0667 0.0492 
        D406  1 0.0139 0.4532 0.0329 0.0462 0.2395 0.0166 0.0285 0.0721 0.0190 0.0305 0.0476 
        D407  1 0.0697 0.1632 0.0218 0.0261 0.0171 0.0961 0.0592 0.4312 0.0165 0.0804 0.0188 
        D408  1 0.2692 0.0242 0.0531 0.2976 0.0437 0.0162 0.0285 0.0548 0.1218 0.0620 0.0290 
        D409  1 0.0476 0.0996 0.0550 0.0324 0.0396 0.0453 0.2426 0.1451 0.0402 0.2188 0.0338 
        D410  1 0.0201 0.0195 0.0242 0.0190 0.7762 0.0095 0.0187 0.0445 0.0122 0.0301 0.0258 
        D421  1 0.0165 0.0155 0.0086 0.0192 0.0080 0.0334 0.0165 0.8407 0.0159 0.0165 0.0092 
        D422  1 0.0205 0.6969 0.0126 0.0130 0.0263 0.0226 0.0629 0.0688 0.0228 0.0364 0.0172 
        D423  1 0.0167 0.0643 0.0255 0.0168 0.6350 0.0522 0.0603 0.0518 0.0140 0.0476 0.0158 
        D424  1 0.0336 0.0574 0.0209 0.0454 0.0178 0.0188 0.0773 0.5976 0.0137 0.0947 0.0228 
        D425  1 0.0405 0.0223 0.1379 0.0848 0.1021 0.0252 0.0785 0.2856 0.0493 0.1458 0.0279 
        D426  1 0.0677 0.1100 0.0168 0.0250 0.0141 0.0247 0.2676 0.0928 0.1057 0.2573 0.0186 
        D427  1 0.0326 0.0255 0.0131 0.1234 0.0116 0.3416 0.0192 0.3762 0.0244 0.0194 0.0131 
        D428  1 0.0615 0.1001 0.1001 0.1463 0.1111 0.0406 0.0334 0.1884 0.0331 0.1071 0.0782 
        D429  1 0.0256 0.0285 0.0674 0.1742 0.0371 0.0318 0.1279 0.3601 0.0409 0.0785 0.0279 
        D430  1 0.0410 0.0382 0.1892 0.1095 0.0337 0.0576 0.1806 0.0799 0.0979 0.1509 0.0216 
        D491  1 0.0844 0.0269 0.0305 0.5914 0.0426 0.0129 0.0210 0.0800 0.0388 0.0464 0.0251 
        D492  1 0.0300 0.1005 0.0663 0.1207 0.0737 0.0596 0.0832 0.2191 0.0265 0.1787 0.0416 
        D537  1 0.0702 0.0887 0.0455 0.0307 0.0954 0.0394 0.0874 0.3805 0.0157 0.0676 0.0789 
        D538  1 0.0281 0.1063 0.3281 0.0743 0.1139 0.0719 0.0385 0.0495 0.0253 0.1313 0.0327 
        D539  1 0.0674 0.0456 0.0847 0.1007 0.0420 0.0453 0.1986 0.0298 0.2568 0.0808 0.0483 
        D540  1 0.3576 0.0594 0.0456 0.0276 0.0437 0.0231 0.0478 0.1829 0.0348 0.1567 0.0207 
        D541  1 0.0150 0.0145 0.0127 0.0119 0.0159 0.0180 0.0121 0.8535 0.0164 0.0153 0.0146 
        D551  1 0.0412 0.0564 0.0236 0.0348 0.0239 0.0724 0.3145 0.0439 0.1128 0.2517 0.0248 
        D552  1 0.0685 0.0830 0.0213 0.1765 0.2416 0.0342 0.0638 0.1177 0.0447 0.0951 0.0537 
        D553  1 0.0207 0.0137 0.0093 0.0159 0.0130 0.0118 0.0146 0.8573 0.0131 0.0179 0.0127 
        D615  1 0.0427 0.0295 0.0906 0.0541 0.1006 0.0538 0.0500 0.4331 0.0504 0.0736 0.0216 
        D616  1 0.0425 0.0693 0.0346 0.0515 0.1063 0.0943 0.0665 0.3044 0.0473 0.1631 0.0202 
        D621  1 0.0610 0.1551 0.0382 0.0770 0.3101 0.0274 0.0317 0.0136 0.0256 0.0411 0.2192 
        D622  1 0.0576 0.2996 0.0219 0.0370 0.2596 0.0253 0.1155 0.0322 0.0296 0.0683 0.0535 
        D623  1 0.0300 0.0220 0.1763 0.2263 0.0593 0.1466 0.0198 0.0200 0.0583 0.0597 0.1815 
        D624  1 0.0408 0.0322 0.0326 0.6552 0.0186 0.0169 0.0367 0.0496 0.0375 0.0678 0.0122 
        D625  1 0.0377 0.0465 0.0248 0.0522 0.0584 0.0145 0.0485 0.5854 0.0236 0.0580 0.0504 
        D626  1 0.1739 0.1321 0.0583 0.1996 0.0812 0.0351 0.1205 0.0438 0.0473 0.0827 0.0255 
        D627  1 0.0281 0.1130 0.0279 0.0312 0.0128 0.0236 0.2214 0.1186 0.1277 0.2774 0.0183 
        D690  1 0.0205 0.0355 0.0145 0.0455 0.0391 0.0095 0.0200 0.7609 0.0109 0.0188 0.0248 
        D691  1 0.0286 0.4208 0.0163 0.0411 0.0952 0.0181 0.2281 0.0609 0.0326 0.0340 0.0243 
        D710  1 0.0664 0.1336 0.0714 0.1285 0.0715 0.0396 0.0244 0.1838 0.0378 0.1252 0.1178 
        D711  1 0.0113 0.0348 0.0493 0.0228 0.0319 0.0205 0.0227 0.7308 0.0186 0.0276 0.0298 
        D712  1 0.0874 0.0872 0.0521 0.5040 0.0323 0.0385 0.0245 0.0267 0.0589 0.0448 0.0435 
        D713  1 0.0465 0.0661 0.1365 0.1545 0.0689 0.0221 0.0904 0.1111 0.0247 0.1271 0.1522 
        D746  1 0.0488 0.5376 0.0155 0.0274 0.1209 0.0341 0.0545 0.0737 0.0185 0.0453 0.0236 
        D747  1 0.0117 0.0115 0.0146 0.0180 0.0128 0.0221 0.0162 0.8384 0.0192 0.0137 0.0219 
        D748  1 0.0509 0.1116 0.0295 0.0339 0.1208 0.0139 0.3635 0.1533 0.0224 0.0461 0.0542 
        D749  1 0.0193 0.1744 0.0679 0.0876 0.1011 0.0422 0.1242 0.0243 0.0288 0.2742 0.0561 
        D750  1 0.0300 0.0284 0.0209 0.5415 0.0666 0.0205 0.0424 0.1469 0.0216 0.0421 0.0391 
        D763  1 0.1569 0.0850 0.0342 0.0184 0.0306 0.0772 0.0834 0.0583 0.1835 0.1117 0.1606 
        D764  1 0.0372 0.0536 0.0198 0.1797 0.0748 0.0158 0.0308 0.5152 0.0244 0.0346 0.0141 
        D765  1 0.0223 0.0675 0.0569 0.1081 0.5351 0.0157 0.0581 0.0229 0.0295 0.0706 0.0134 
        D766  1 0.1065 0.0526 0.0249 0.0311 0.5168 0.0197 0.0559 0.0463 0.0157 0.0638 0.0668 
        D767  1 0.0226 0.0664 0.3285 0.0245 0.0802 0.0642 0.0786 0.0779 0.0253 0.0777 0.1540 
        D768  1 0.0181 0.0192 0.0115 0.0123 0.0199 0.0165 0.0288 0.8217 0.0185 0.0211 0.0126 
        D811  1 0.3418 0.0151 0.3178 0.0470 0.1448 0.0144 0.0242 0.0163 0.0193 0.0457 0.0137 
        D816  1 0.0125 0.0192 0.0182 0.0243 0.0207 0.0137 0.0156 0.8199 0.0169 0.0220 0.0170 
        D825  1 0.0501 0.0248 0.1373 0.1177 0.4170 0.0151 0.0368 0.0802 0.0292 0.0722 0.0195 
        D866  1 0.0547 0.0282 0.0506 0.0985 0.0724 0.0920 0.0407 0.0615 0.4068 0.0799 0.0146 
        D867  1 0.0339 0.5922 0.0311 0.0219 0.0426 0.0563 0.0315 0.0172 0.0212 0.0569 0.0952 
        D871  1 0.0455 0.1083 0.0594 0.0422 0.0199 0.0182 0.2942 0.1228 0.0347 0.2230 0.0317 
        D872  1 0.0258 0.0527 0.2762 0.0400 0.2563 0.0420 0.0288 0.1509 0.0273 0.0612 0.0387 
        D873  1 0.0176 0.0375 0.0669 0.0145 0.7377 0.0225 0.0148 0.0088 0.0091 0.0219 0.0486 
        D874  1 0.0314 0.0146 0.0327 0.0779 0.0176 0.0193 0.0291 0.0639 0.0240 0.0311 0.6583 
        D875  1 0.0254 0.1295 0.0453 0.0200 0.0855 0.0137 0.3689 0.1004 0.0198 0.1644 0.0270 
        D876  1 0.0397 0.0457 0.0438 0.0999 0.0795 0.0196 0.0311 0.3808 0.0618 0.0995 0.0986 
        D877  1 0.0410 0.0136 0.5923 0.1445 0.0268 0.0213 0.0213 0.0280 0.0161 0.0406 0.0543 
        D892  1 0.0146 0.0745 0.0614 0.1530 0.0746 0.0168 0.2434 0.2348 0.0221 0.0637 0.0409 
        D893  1 0.0436 0.0634 0.0202 0.0158 0.0359 0.0233 0.0513 0.5395 0.0697 0.0882 0.0492 
        D894  1 0.0204 0.0262 0.0322 0.0269 0.0225 0.0220 0.0727 0.6760 0.0270 0.0513 0.0228 
        D915  1 0.0258 0.0591 0.0226 0.0562 0.1997 0.0341 0.1227 0.3638 0.0362 0.0572 0.0225 
        D916  1 0.0095 0.0120 0.0095 0.0165 0.0148 0.0101 0.0134 0.8763 0.0107 0.0126 0.0145 
        D917  1 0.0541 0.0692 0.0765 0.2318 0.0251 0.0480 0.0275 0.1274 0.1140 0.1215 0.1046 
        D925  1 0.0375 0.0493 0.0425 0.0649 0.4728 0.0211 0.0152 0.2080 0.0364 0.0375 0.0149 
        D926  1 0.0299 0.0534 0.0418 0.0621 0.0438 0.0181 0.1047 0.3540 0.0411 0.1866 0.0644 
        D927  1 0.0360 0.0662 0.0785 0.0458 0.0231 0.2101 0.0474 0.2224 0.1211 0.1092 0.0403 
        D928  1 0.0162 0.0104 0.0368 0.7523 0.0357 0.0162 0.0117 0.0723 0.0128 0.0202 0.0155 
        D929  1 0.0306 0.0940 0.3136 0.0549 0.0287 0.0172 0.0387 0.0269 0.0259 0.0411 0.3285 
        D936  1 0.0268 0.0208 0.0407 0.0262 0.0365 0.0400 0.0587 0.4683 0.0966 0.0591 0.1263 
        D938  1 0.0721 0.4429 0.0187 0.0256 0.2593 0.0137 0.0543 0.0230 0.0163 0.0301 0.0441 
        D956  1 0.0394 0.0258 0.1129 0.5125 0.0405 0.0317 0.0789 0.0468 0.0319 0.0584 0.0213 
        D957  1 0.0173 0.0401 0.1049 0.0329 0.5833 0.0252 0.0239 0.0564 0.0218 0.0474 0.0467 
        D958  1 0.0339 0.0586 0.0460 0.1081 0.4505 0.0242 0.0419 0.1092 0.0148 0.0546 0.0581 
        D959  1 0.0499 0.2185 0.0190 0.0276 0.0219 0.0616 0.1123 0.3614 0.0124 0.1044 0.0110 
        D960  1 0.0143 0.4007 0.0739 0.0580 0.2343 0.0190 0.0574 0.0310 0.0188 0.0471 0.0455 
        D989  1 0.0383 0.0352 0.0340 0.5495 0.0190 0.0666 0.0446 0.0410 0.0814 0.0638 0.0266 
        D990  1 0.0230 0.0833 0.0157 0.0424 0.5245 0.0356 0.0199 0.0168 0.1446 0.0675 0.0267 
        D023  2 0.0129 0.8386 0.0099 0.0123 0.0124 0.0129 0.0116 0.0416 0.0143 0.0187 0.0147 
        D130  2 0.0192 0.5235 0.1040 0.0151 0.0524 0.0461 0.0831 0.0807 0.0175 0.0338 0.0246 
        D131  2 0.1496 0.0299 0.0419 0.0305 0.0813 0.0388 0.0774 0.1963 0.0868 0.2204 0.0471 
        D163  2 0.0222 0.5802 0.0185 0.0328 0.0482 0.0148 0.0780 0.0722 0.0364 0.0479 0.0488 
        D164  2 0.0186 0.0184 0.0119 0.0104 0.3547 0.5230 0.0127 0.0091 0.0121 0.0145 0.0145 
        D165  2 0.0221 0.7792 0.0111 0.0166 0.0144 0.0273 0.0156 0.0445 0.0223 0.0281 0.0188 
        D166  2 0.0461 0.0472 0.4880 0.0146 0.0501 0.0324 0.1474 0.0286 0.0293 0.0643 0.0519 
        D167  2 0.0126 0.0115 0.0803 0.0286 0.0146 0.7760 0.0156 0.0149 0.0170 0.0181 0.0108 
        D192  2 0.0157 0.0114 0.0190 0.0204 0.0142 0.8482 0.0119 0.0091 0.0212 0.0114 0.0174 
        D193  2 0.0158 0.0216 0.4419 0.1296 0.0367 0.0224 0.1869 0.0184 0.0401 0.0544 0.0322 
        D206  2 0.3323 0.0632 0.0369 0.0158 0.0256 0.2459 0.0853 0.0385 0.0230 0.1094 0.0241 
        D207  2 0.0277 0.0209 0.1274 0.0184 0.0211 0.5359 0.0573 0.0288 0.0549 0.0861 0.0216 
        D208  2 0.2686 0.0516 0.0653 0.1015 0.0271 0.0587 0.0435 0.0467 0.2309 0.0668 0.0394 
        D209  2 0.0755 0.0436 0.0434 0.0259 0.0450 0.3548 0.0276 0.0287 0.0262 0.1946 0.1349 
        D210  2 0.0260 0.0252 0.0250 0.3875 0.0270 0.0875 0.0886 0.0581 0.1628 0.0749 0.0373 
     D229599  2 0.0391 0.0974 0.0631 0.0501 0.0585 0.0387 0.0422 0.1576 0.1866 0.1268 0.1399 
     D229600  2 0.0248 0.2712 0.0668 0.0191 0.0750 0.3268 0.0672 0.0282 0.0235 0.0699 0.0276 
     D237227  2 0.0413 0.0526 0.0336 0.3695 0.1843 0.0588 0.0274 0.0420 0.1168 0.0538 0.0199 
     D237228  2 0.0199 0.0177 0.0437 0.1108 0.5733 0.0435 0.0324 0.0137 0.0627 0.0686 0.0137 
     D237258  2 0.1009 0.0957 0.0905 0.0540 0.0555 0.1672 0.0525 0.0603 0.1253 0.1513 0.0467 
     D237310  2 0.0270 0.0204 0.1345 0.0332 0.5773 0.0359 0.0735 0.0119 0.0224 0.0335 0.0306 
     D237311  2 0.0176 0.0266 0.0509 0.0290 0.5719 0.1484 0.0640 0.0122 0.0252 0.0372 0.0170 
     D237312  2 0.0541 0.0528 0.1974 0.0353 0.2470 0.0219 0.2570 0.0214 0.0208 0.0494 0.0430 
     D237313  2 0.1985 0.0296 0.0398 0.0609 0.1448 0.0196 0.0928 0.0967 0.0781 0.1751 0.0640 
     D237322  2 0.0529 0.0296 0.1432 0.0599 0.1052 0.0339 0.0798 0.0238 0.2087 0.1756 0.0874 
     D237323  2 0.0174 0.0539 0.1016 0.1422 0.4933 0.0179 0.0352 0.0148 0.0532 0.0417 0.0288 
     D237324  2 0.0273 0.1481 0.0350 0.0152 0.0676 0.2436 0.0470 0.0601 0.0789 0.2349 0.0422 
     D237325  2 0.0232 0.0605 0.0654 0.0626 0.3783 0.0499 0.1847 0.0187 0.0319 0.0778 0.0471 
     D237326  2 0.0141 0.0372 0.0227 0.0492 0.6939 0.0265 0.0307 0.0346 0.0218 0.0388 0.0305 
     D237327  2 0.0402 0.0714 0.0480 0.0338 0.0255 0.0924 0.0726 0.0674 0.2745 0.1631 0.1111 
     D237337  2 0.0201 0.0199 0.0234 0.0228 0.7856 0.0141 0.0432 0.0155 0.0197 0.0184 0.0172 
     D237338  2 0.0404 0.1060 0.0340 0.1145 0.1654 0.0618 0.1427 0.0330 0.0944 0.1132 0.0944 
     D237339  2 0.0265 0.0151 0.0466 0.0139 0.0219 0.1204 0.0404 0.0225 0.0407 0.0723 0.5797 
     D237340  2 0.0234 0.0520 0.0850 0.1300 0.3016 0.1637 0.0968 0.0172 0.0450 0.0486 0.0368 
     D237389  2 0.0276 0.0291 0.1467 0.0199 0.4789 0.0863 0.1124 0.0182 0.0179 0.0384 0.0244 
     D237390  2 0.0316 0.0530 0.0870 0.0603 0.2937 0.0233 0.2818 0.0247 0.0531 0.0518 0.0397 
     D244017  2 0.0192 0.0421 0.3570 0.1271 0.0238 0.2693 0.0158 0.0215 0.0378 0.0710 0.0154 
     D244112  2 0.0119 0.0273 0.0527 0.0181 0.0171 0.7811 0.0230 0.0160 0.0151 0.0236 0.0141 
     D244118  2 0.0099 0.1851 0.0353 0.0223 0.0319 0.6106 0.0162 0.0107 0.0267 0.0233 0.0280 
     D244119  2 0.0198 0.0134 0.0274 0.5478 0.0290 0.2663 0.0141 0.0229 0.0290 0.0211 0.0094 
     D244120  2 0.0189 0.0208 0.2556 0.0343 0.0213 0.3310 0.1215 0.0131 0.0936 0.0416 0.0484 
     D244122  2 0.0651 0.0417 0.0814 0.0393 0.0223 0.5952 0.0481 0.0215 0.0223 0.0338 0.0293 
        D291  2 0.0968 0.0957 0.0698 0.0156 0.0238 0.0321 0.0254 0.0529 0.4491 0.1228 0.0160 
        D292  2 0.0251 0.0250 0.0821 0.0545 0.0824 0.1710 0.0340 0.2065 0.2234 0.0649 0.0312 
        D293  2 0.0199 0.0139 0.0242 0.0158 0.0167 0.5553 0.0432 0.0860 0.0544 0.0698 0.1007 
        D322  2 0.0184 0.0251 0.0403 0.0209 0.0428 0.5165 0.0266 0.0863 0.0294 0.0614 0.1324 
        D323  2 0.5656 0.0238 0.0841 0.0267 0.0277 0.0625 0.0289 0.0181 0.0267 0.0736 0.0622 
        D324  2 0.0832 0.0539 0.0224 0.0418 0.1124 0.0393 0.0783 0.1198 0.3318 0.0967 0.0204 
        D325  2 0.0125 0.0167 0.0148 0.0118 0.0166 0.7237 0.0590 0.0306 0.0419 0.0433 0.0290 
        D326  2 0.0166 0.0124 0.0140 0.0258 0.0111 0.0118 0.0175 0.8313 0.0208 0.0244 0.0143 
        D340  2 0.0149 0.0163 0.0116 0.0177 0.0180 0.8079 0.0196 0.0218 0.0291 0.0217 0.0215 
        D341  2 0.0607 0.0190 0.0231 0.0303 0.0468 0.4366 0.2402 0.0329 0.0382 0.0408 0.0313 
        D342  2 0.0529 0.0848 0.0560 0.0182 0.0568 0.5096 0.0621 0.0274 0.0364 0.0782 0.0177 
        D343  2 0.0099 0.0115 0.0079 0.0101 0.0097 0.8710 0.0199 0.0149 0.0178 0.0146 0.0126 
        D344  2 0.0266 0.0163 0.1876 0.0201 0.0580 0.0503 0.0776 0.0863 0.0244 0.0980 0.3547 
        D345  2 0.0700 0.0744 0.0323 0.0276 0.2928 0.0486 0.0244 0.0947 0.0458 0.1438 0.1457 
        D346  2 0.4119 0.0216 0.0261 0.2475 0.0322 0.0477 0.0391 0.0499 0.0421 0.0486 0.0334 
        D351  2 0.0574 0.0696 0.0831 0.0247 0.0486 0.0361 0.0818 0.2352 0.1518 0.1452 0.0663 
        D352  2 0.0297 0.0259 0.0404 0.0496 0.0453 0.0405 0.0251 0.0163 0.0322 0.0561 0.6389 
        D353  2 0.0367 0.0188 0.0355 0.0136 0.0187 0.0200 0.0275 0.2183 0.0236 0.4720 0.1152 
        D354  2 0.0372 0.0133 0.0334 0.0394 0.0520 0.0138 0.0256 0.0385 0.0211 0.0449 0.6807 
        D362  2 0.0298 0.0854 0.0331 0.0279 0.0324 0.0229 0.0157 0.6697 0.0231 0.0400 0.0200 
        D363  2 0.0527 0.0476 0.0249 0.0389 0.0231 0.0259 0.0116 0.6980 0.0204 0.0376 0.0194 
        D364  2 0.0427 0.0229 0.0385 0.0375 0.0712 0.0219 0.0353 0.3150 0.0187 0.0810 0.3153 
        D365  2 0.0152 0.0102 0.0118 0.0243 0.0157 0.8376 0.0140 0.0165 0.0154 0.0181 0.0213 
        D369  2 0.1269 0.0375 0.0317 0.1224 0.1046 0.1061 0.0537 0.1885 0.1253 0.0852 0.0180 
        D374  2 0.0219 0.0118 0.4529 0.3441 0.0500 0.0138 0.0163 0.0148 0.0204 0.0344 0.0197 
        D375  2 0.0309 0.0186 0.0345 0.0138 0.0208 0.0142 0.0293 0.0163 0.0120 0.0423 0.7672 
        D376  2 0.0279 0.0144 0.2899 0.4067 0.0458 0.0290 0.0314 0.0158 0.0213 0.0609 0.0569 
        D377  2 0.5200 0.0306 0.0531 0.0477 0.1027 0.0302 0.0720 0.0176 0.0333 0.0580 0.0348 
        D378  2 0.0846 0.0944 0.0149 0.0244 0.0275 0.2319 0.0370 0.1112 0.0518 0.0991 0.2233 
        D379  2 0.1521 0.0220 0.0294 0.0255 0.0319 0.0205 0.0963 0.4263 0.0305 0.1239 0.0416 
        D384  2 0.0311 0.0119 0.0142 0.0414 0.0308 0.0136 0.0278 0.7674 0.0171 0.0292 0.0155 
        D385  2 0.0317 0.0152 0.0211 0.0376 0.0213 0.6463 0.0181 0.0161 0.0222 0.0347 0.1357 
        D386  2 0.0636 0.0584 0.0390 0.0191 0.0318 0.0697 0.0328 0.0924 0.0267 0.1140 0.4526 
        D391  2 0.0340 0.0185 0.0211 0.0154 0.0242 0.6861 0.0238 0.0216 0.0184 0.0280 0.1090 
        D392  2 0.0330 0.0379 0.0432 0.0482 0.1788 0.4892 0.0202 0.0634 0.0271 0.0374 0.0216 
        D393  2 0.1491 0.0464 0.0227 0.0200 0.0398 0.0680 0.0494 0.2119 0.1464 0.0633 0.1830 
        D394  2 0.0207 0.1392 0.0865 0.0408 0.1567 0.0786 0.0739 0.0861 0.0462 0.1126 0.1587 
        D395  2 0.0258 0.0275 0.0335 0.0223 0.0187 0.2934 0.0383 0.0131 0.0326 0.0511 0.4437 
        D401  2 0.0588 0.0124 0.0248 0.0255 0.7621 0.0277 0.0191 0.0161 0.0207 0.0224 0.0102 
        D402  2 0.0655 0.0139 0.0254 0.0149 0.0259 0.6787 0.0293 0.0174 0.0425 0.0256 0.0609 
        D403  2 0.0388 0.0468 0.0912 0.0229 0.0263 0.0255 0.1312 0.1740 0.0246 0.3331 0.0856 
        D415  2 0.0226 0.0327 0.0248 0.0140 0.1188 0.0219 0.0845 0.4920 0.0151 0.1509 0.0228 
        D435  2 0.0217 0.0220 0.0183 0.0143 0.0396 0.1634 0.0412 0.5404 0.0461 0.0441 0.0490 
        D436  2 0.0209 0.0245 0.1055 0.0425 0.0348 0.0272 0.1938 0.0756 0.0205 0.0796 0.3750 
        D438  2 0.0334 0.0152 0.0116 0.0191 0.0119 0.8364 0.0156 0.0093 0.0165 0.0173 0.0138 
        D439  2 0.0621 0.0749 0.0214 0.0133 0.0317 0.0559 0.0229 0.0524 0.0276 0.1003 0.5376 
        D449  2 0.0370 0.0381 0.0189 0.0276 0.0250 0.4571 0.1373 0.0633 0.0174 0.1519 0.0264 
        D450  2 0.0683 0.0531 0.0556 0.1230 0.0363 0.0183 0.0756 0.1257 0.0847 0.1338 0.2256 
        D456  2 0.0308 0.0182 0.0150 0.0187 0.0117 0.0103 0.0213 0.8057 0.0205 0.0306 0.0169 
        D462  2 0.0181 0.0210 0.0191 0.0140 0.0107 0.7381 0.0155 0.0356 0.0201 0.0208 0.0870 
        D463  2 0.0298 0.0130 0.0163 0.0325 0.0226 0.0105 0.0266 0.7658 0.0156 0.0428 0.0245 
        D464  2 0.0379 0.0181 0.1032 0.0393 0.0190 0.0715 0.0422 0.0535 0.0197 0.2812 0.3144 
        D465  2 0.0676 0.0304 0.0386 0.0206 0.0872 0.4934 0.0589 0.1087 0.0242 0.0530 0.0175 
        D473  2 0.0705 0.0566 0.0412 0.4004 0.1143 0.0465 0.0485 0.0223 0.0436 0.0492 0.1070 
        D474  2 0.0321 0.0386 0.0155 0.0349 0.0405 0.0420 0.0331 0.5455 0.1478 0.0435 0.0265 
        D476  2 0.0139 0.2998 0.0115 0.0119 0.0150 0.0233 0.0179 0.0184 0.0342 0.0321 0.5221 
        D477  2 0.1242 0.0211 0.0243 0.0471 0.1273 0.0240 0.0358 0.2469 0.0790 0.0688 0.2016 
        D478  2 0.0296 0.3465 0.1067 0.0797 0.0254 0.0582 0.0383 0.0288 0.0439 0.1690 0.0738 
        D480  2 0.1221 0.0210 0.0315 0.0746 0.0231 0.0789 0.0824 0.1476 0.0766 0.0810 0.2612 
        D481  2 0.0395 0.0959 0.0699 0.0794 0.0646 0.0407 0.0203 0.2707 0.0431 0.0933 0.1825 
        D482  2 0.0765 0.0489 0.0699 0.0617 0.0606 0.0235 0.0668 0.0172 0.2130 0.0862 0.2756 
        D483  2 0.0141 0.0227 0.0216 0.0651 0.0221 0.7828 0.0098 0.0127 0.0199 0.0161 0.0131 
        D484  2 0.0294 0.0198 0.0471 0.0182 0.0159 0.0255 0.0176 0.0096 0.0253 0.0263 0.7653 
        D510  2 0.0306 0.0197 0.1577 0.4715 0.0297 0.0264 0.0626 0.0230 0.1088 0.0441 0.0260 
        D511  2 0.0499 0.0388 0.0248 0.0152 0.0263 0.0461 0.0242 0.0639 0.0407 0.0331 0.6369 
        D512  2 0.0483 0.0344 0.0884 0.0134 0.4874 0.1438 0.0421 0.0201 0.0246 0.0701 0.0273 
        D513  2 0.0970 0.0263 0.0323 0.0584 0.0390 0.4496 0.0758 0.0474 0.0714 0.0795 0.0232 
        D635  2 0.0337 0.4933 0.0166 0.0225 0.0249 0.0327 0.0241 0.2364 0.0239 0.0713 0.0206 
        D636  2 0.0502 0.7705 0.0145 0.0192 0.0420 0.0203 0.0117 0.0231 0.0101 0.0224 0.0159 
        D637  2 0.0924 0.0245 0.0629 0.0540 0.0484 0.1267 0.2031 0.0306 0.0410 0.1014 0.2148 
        D658  2 0.0195 0.0195 0.0546 0.0885 0.0751 0.3906 0.0438 0.0215 0.0367 0.0609 0.1892 
        D659  2 0.0232 0.0763 0.0205 0.0369 0.0158 0.0214 0.0964 0.5407 0.0633 0.0610 0.0445 
        D677  2 0.1221 0.0823 0.0647 0.0151 0.0590 0.0473 0.3318 0.0957 0.0469 0.1085 0.0266 
        D678  2 0.0564 0.0303 0.1156 0.0162 0.0365 0.5753 0.0361 0.0180 0.0251 0.0631 0.0274 
        D679  2 0.3638 0.0356 0.0210 0.0448 0.0261 0.0407 0.0654 0.2015 0.0745 0.0794 0.0471 
        D719  2 0.0303 0.0143 0.0219 0.3582 0.0668 0.1665 0.0232 0.0982 0.1266 0.0554 0.0387 
        D720  2 0.0506 0.0321 0.0239 0.0988 0.0486 0.0367 0.0377 0.5894 0.0362 0.0279 0.0181 
        D721  2 0.0308 0.7064 0.0095 0.0333 0.0161 0.0504 0.0226 0.0385 0.0235 0.0410 0.0279 
        D722  2 0.0741 0.0202 0.3669 0.2267 0.1116 0.0373 0.0292 0.0189 0.0344 0.0566 0.0241 
        D734  2 0.0283 0.0126 0.0219 0.1319 0.0143 0.0405 0.0458 0.0172 0.0427 0.0287 0.6161 
        D735  2 0.2684 0.0422 0.0332 0.0699 0.0756 0.0694 0.0365 0.1837 0.0495 0.1064 0.0653 
        D736  2 0.0393 0.0464 0.0181 0.2291 0.0585 0.0415 0.0866 0.0569 0.3000 0.0807 0.0429 
        D737  2 0.0196 0.0335 0.0467 0.0412 0.0473 0.5049 0.0285 0.0113 0.0902 0.0671 0.1096 
        D807  2 0.0714 0.0446 0.0614 0.1443 0.0866 0.0437 0.1048 0.1586 0.1317 0.0862 0.0666 
        D808  2 0.0291 0.0417 0.1319 0.0338 0.2540 0.1041 0.0840 0.0649 0.0670 0.1487 0.0408 
        D817  2 0.6459 0.0207 0.0358 0.0178 0.0280 0.0158 0.0295 0.0847 0.0259 0.0580 0.0379 
        D818  2 0.0437 0.1037 0.0397 0.0230 0.0162 0.1489 0.2042 0.0605 0.1056 0.2208 0.0338 
        D819  2 0.4979 0.0363 0.0461 0.0305 0.1234 0.0288 0.0220 0.0918 0.0292 0.0710 0.0229 
        D820  2 0.0152 0.0178 0.0209 0.0279 0.0176 0.0387 0.0793 0.5592 0.0552 0.0546 0.1135 
        D895  2 0.1531 0.1672 0.0351 0.0464 0.0775 0.0470 0.0494 0.2051 0.0301 0.1343 0.0547 
        D896  2 0.0139 0.0124 0.0215 0.0252 0.8494 0.0102 0.0154 0.0125 0.0135 0.0142 0.0118 
        D897  2 0.0620 0.0224 0.0565 0.0249 0.0368 0.4663 0.1081 0.0229 0.0544 0.1080 0.0376 
        D898  2 0.1167 0.0367 0.1674 0.0326 0.2317 0.0319 0.0708 0.0368 0.1082 0.1240 0.0431 
        D918  2 0.0725 0.0691 0.0587 0.0576 0.1303 0.0470 0.2408 0.0240 0.0642 0.1477 0.0881 
        D919  2 0.0205 0.0529 0.0650 0.0219 0.0208 0.0785 0.0490 0.1238 0.0687 0.1367 0.3623 
        D920  2 0.0222 0.5249 0.0736 0.0823 0.0624 0.0343 0.0579 0.0347 0.0294 0.0399 0.0385 
        D923  2 0.0369 0.0262 0.0297 0.0237 0.0202 0.0324 0.0275 0.6484 0.0207 0.0464 0.0878 
        D930  2 0.1407 0.0226 0.0476 0.0921 0.1327 0.0339 0.0742 0.1455 0.0535 0.1328 0.1244 
        D931  2 0.0633 0.0343 0.0497 0.0363 0.0358 0.1140 0.0426 0.2573 0.0468 0.0645 0.2552 
        D968  2 0.0272 0.0107 0.0268 0.0137 0.0165 0.7558 0.0184 0.0190 0.0565 0.0330 0.0225 
        D969  2 0.0432 0.0266 0.0414 0.0543 0.0390 0.1461 0.0549 0.2249 0.1889 0.1435 0.0372 
        D977  2 0.0309 0.0227 0.0261 0.0248 0.0177 0.7085 0.0509 0.0214 0.0263 0.0389 0.0318 
        D978  2 0.3157 0.0235 0.1023 0.0326 0.0136 0.0957 0.0866 0.0313 0.1676 0.1110 0.0201 
        D211  3 0.1384 0.4896 0.0305 0.0227 0.0143 0.0148 0.1312 0.0531 0.0294 0.0382 0.0377 
     D229639  3 0.0327 0.0261 0.0602 0.0680 0.0451 0.0412 0.0489 0.0666 0.5439 0.0439 0.0235 
     D237212  3 0.1206 0.0686 0.0435 0.0210 0.0481 0.0493 0.1349 0.0711 0.1873 0.0767 0.1791 
     D237213  3 0.4229 0.0546 0.0536 0.0159 0.1261 0.0257 0.1085 0.0272 0.0372 0.0728 0.0555 
     D237214  3 0.0125 0.8155 0.0178 0.0223 0.0164 0.0096 0.0340 0.0195 0.0115 0.0244 0.0165 
     D237215  3 0.0608 0.0185 0.1982 0.0648 0.0336 0.4102 0.0170 0.0158 0.1200 0.0441 0.0170 
     D237216  3 0.0910 0.1118 0.0344 0.0248 0.0302 0.0278 0.0859 0.0352 0.0363 0.4838 0.0390 
     D237217  3 0.0480 0.1990 0.0254 0.0148 0.0367 0.0272 0.3005 0.0593 0.0541 0.2145 0.0206 
     D237218  3 0.0486 0.0289 0.0171 0.0587 0.0281 0.0386 0.1765 0.0479 0.2654 0.0878 0.2024 
     D237219  3 0.2475 0.0552 0.0282 0.0551 0.1507 0.0225 0.1553 0.0241 0.1461 0.0993 0.0161 
     D237382  3 0.0464 0.0343 0.3686 0.0936 0.1160 0.0430 0.0819 0.0787 0.0315 0.0768 0.0293 
     D244127  3 0.0680 0.0398 0.0505 0.0191 0.4704 0.0984 0.0575 0.0210 0.0636 0.0786 0.0331 
     D244129  3 0.1002 0.1020 0.0787 0.0302 0.1806 0.0731 0.0955 0.0856 0.0621 0.1284 0.0637 
     D244133  3 0.6432 0.0391 0.0334 0.0444 0.0229 0.0565 0.0319 0.0432 0.0281 0.0462 0.0111 
     D244134  3 0.1349 0.0315 0.0164 0.1237 0.0563 0.0233 0.0226 0.0240 0.5004 0.0486 0.0183 
     D244135  3 0.0694 0.6740 0.0233 0.0149 0.0161 0.0512 0.0393 0.0323 0.0197 0.0409 0.0188 
     D244136  3 0.3617 0.0510 0.0518 0.1030 0.0358 0.0611 0.0578 0.1222 0.0492 0.0855 0.0209 
        D416  3 0.2454 0.0683 0.0279 0.0277 0.0500 0.1185 0.1221 0.0691 0.0656 0.1634 0.0420 
        D417  3 0.0211 0.0209 0.0337 0.0306 0.0334 0.0152 0.2491 0.4808 0.0191 0.0655 0.0306 
        D419  3 0.1743 0.0455 0.0303 0.0428 0.0953 0.0506 0.1365 0.0756 0.1813 0.1380 0.0299 
        D565  3 0.0630 0.0191 0.0186 0.7205 0.0228 0.0121 0.0170 0.0442 0.0388 0.0277 0.0161 
        D566  3 0.1084 0.0307 0.0565 0.1899 0.0598 0.0459 0.0347 0.0645 0.3113 0.0808 0.0175 
        D567  3 0.0548 0.0638 0.0378 0.0195 0.0671 0.0384 0.0460 0.5158 0.0226 0.0731 0.0611 
        D568  3 0.0519 0.0949 0.0425 0.0125 0.0643 0.1042 0.2135 0.0759 0.0795 0.1468 0.1140 
        D569  3 0.0401 0.0994 0.0753 0.0398 0.0179 0.0789 0.0443 0.0170 0.0356 0.0666 0.4852 
        D573  3 0.0237 0.0167 0.0259 0.0224 0.0292 0.1324 0.0565 0.1630 0.4071 0.0892 0.0341 
        D574  3 0.0915 0.0503 0.1162 0.3370 0.0678 0.0317 0.0617 0.0270 0.0843 0.0953 0.0374 
        D575  3 0.7290 0.0408 0.0124 0.0296 0.0381 0.0275 0.0173 0.0226 0.0256 0.0404 0.0167 
        D576  3 0.1705 0.0369 0.1139 0.0260 0.0131 0.4823 0.0255 0.0077 0.0660 0.0363 0.0218 
        D577  3 0.2109 0.0849 0.0655 0.0268 0.0255 0.0214 0.0419 0.3782 0.0318 0.0681 0.0450 
        D578  3 0.0166 0.7970 0.0298 0.0171 0.0244 0.0243 0.0278 0.0115 0.0167 0.0227 0.0119 
        D579  3 0.1150 0.0413 0.0337 0.1407 0.0462 0.0613 0.0930 0.1409 0.1447 0.0738 0.1093 
        D660  3 0.1583 0.0552 0.0544 0.0168 0.0437 0.4758 0.0397 0.0153 0.0331 0.0683 0.0392 
        D661  3 0.0380 0.0409 0.0298 0.0175 0.0245 0.1324 0.2985 0.0261 0.1941 0.1145 0.0838 
        D663  3 0.0538 0.0335 0.0702 0.0216 0.0156 0.0762 0.0337 0.0605 0.4527 0.1527 0.0297 
        D664  3 0.3336 0.1081 0.0527 0.0503 0.0547 0.1343 0.1159 0.0178 0.0279 0.0830 0.0217 
        D665  3 0.2327 0.1453 0.2415 0.0135 0.0444 0.0277 0.0392 0.0159 0.0396 0.1256 0.0744 
        D666  3 0.5322 0.0292 0.0175 0.0447 0.1523 0.0185 0.0552 0.0387 0.0360 0.0552 0.0203 
        D009  4 0.0287 0.2043 0.0710 0.0359 0.0770 0.0220 0.1283 0.1059 0.0346 0.1647 0.1277 
        D057  4 0.0099 0.1978 0.0354 0.0262 0.0196 0.0934 0.0311 0.0289 0.0689 0.0325 0.4563 
        D109  4 0.1293 0.0543 0.0538 0.0426 0.4092 0.0193 0.0507 0.0445 0.0273 0.1388 0.0302 
     D237222  4 0.0157 0.4742 0.1260 0.1451 0.0308 0.0307 0.0317 0.0263 0.0281 0.0565 0.0348 
     D237223  4 0.0219 0.0471 0.0356 0.0708 0.0521 0.0381 0.5353 0.0230 0.0513 0.0858 0.0389 
     D237224  4 0.0918 0.0507 0.0466 0.0250 0.0370 0.1320 0.0400 0.1354 0.2050 0.0880 0.1485 
     D237225  4 0.0427 0.0976 0.0448 0.0348 0.0370 0.0350 0.2526 0.0634 0.0778 0.2442 0.0701 
     D237299  4 0.0264 0.0315 0.1099 0.0303 0.0342 0.0211 0.5177 0.0213 0.0669 0.1175 0.0233 
     D237300  4 0.1688 0.0205 0.0248 0.0285 0.0213 0.0346 0.0500 0.0211 0.5556 0.0458 0.0290 
     D237306  4 0.0196 0.0211 0.0874 0.3431 0.0756 0.0210 0.2610 0.0487 0.0301 0.0569 0.0354 
     D237307  4 0.1404 0.0503 0.0780 0.1647 0.0365 0.0504 0.0620 0.2420 0.0656 0.0904 0.0197 
     D237308  4 0.0434 0.0417 0.0370 0.0633 0.1049 0.3580 0.0380 0.0260 0.0381 0.0563 0.1933 
     D237309  4 0.0473 0.1201 0.0868 0.0230 0.0611 0.0357 0.1764 0.1016 0.0533 0.1932 0.1015 
     D237317  4 0.0600 0.0794 0.0592 0.2249 0.0461 0.0252 0.0365 0.1247 0.0717 0.2421 0.0303 
     D237318  4 0.0683 0.0179 0.0342 0.0200 0.0206 0.0477 0.0316 0.0384 0.6518 0.0563 0.0132 
     D237319  4 0.0450 0.0640 0.2070 0.0324 0.0946 0.0376 0.2486 0.0384 0.0488 0.1560 0.0277 
     D237320  4 0.0247 0.0541 0.0251 0.0223 0.0432 0.0425 0.6175 0.0299 0.0666 0.0537 0.0205 
     D237321  4 0.0606 0.0396 0.0326 0.0405 0.0346 0.0873 0.0387 0.0667 0.5253 0.0536 0.0205 
     D237397  4 0.0341 0.0405 0.0792 0.1258 0.0529 0.0651 0.3684 0.0344 0.0936 0.0746 0.0313 
     D237398  4 0.0488 0.0288 0.0293 0.0125 0.0178 0.0308 0.1324 0.0591 0.5266 0.0570 0.0570 
     D237399  4 0.0256 0.0743 0.0525 0.1577 0.0393 0.0342 0.1575 0.0692 0.2798 0.0691 0.0408 
     D244001  4 0.0218 0.2851 0.1370 0.0358 0.0432 0.1220 0.1222 0.0259 0.0242 0.1249 0.0579 
        D289  4 0.0279 0.0642 0.0225 0.2503 0.0287 0.0669 0.0878 0.0613 0.1010 0.0661 0.2232 
        D290  4 0.0129 0.0261 0.6944 0.0198 0.0220 0.0188 0.0319 0.0373 0.0570 0.0426 0.0371 
        D294  4 0.0388 0.0456 0.0833 0.0368 0.0202 0.0261 0.1398 0.0959 0.0395 0.1641 0.3099 
        D295  4 0.0637 0.0375 0.0821 0.0437 0.1330 0.0293 0.2460 0.1750 0.0512 0.0722 0.0663 
        D301  4 0.0463 0.3947 0.1150 0.0460 0.0971 0.0403 0.0668 0.0194 0.1067 0.0442 0.0235 
        D302  4 0.0223 0.0246 0.0363 0.0137 0.0106 0.0107 0.0262 0.0485 0.0151 0.0395 0.7526 
        D303  4 0.0469 0.0280 0.0489 0.4823 0.0986 0.0632 0.0444 0.0325 0.0405 0.0494 0.0652 
        D304  4 0.0402 0.0438 0.4416 0.0616 0.0181 0.0226 0.0361 0.0670 0.1586 0.0886 0.0219 
        D305  4 0.0287 0.0327 0.0476 0.0105 0.0293 0.0835 0.0431 0.0138 0.0514 0.3464 0.3131 
        D306  4 0.0136 0.0355 0.6737 0.0260 0.0240 0.0149 0.0297 0.0365 0.0257 0.1002 0.0204 
        D307  4 0.0306 0.6486 0.0271 0.0657 0.0349 0.0232 0.0252 0.0188 0.0541 0.0321 0.0398 
        D327  4 0.0712 0.0259 0.0529 0.0637 0.0219 0.0461 0.0693 0.4844 0.0422 0.0893 0.0330 
        D328  4 0.0697 0.0234 0.1219 0.1499 0.0725 0.0254 0.0705 0.0191 0.0439 0.0729 0.3309 
        D329  4 0.0234 0.0365 0.1089 0.0326 0.0784 0.0950 0.0595 0.0567 0.0796 0.1503 0.2791 
        D330  4 0.0321 0.0714 0.0786 0.0147 0.1485 0.0585 0.2037 0.1587 0.0162 0.1342 0.0835 
        D331  4 0.0523 0.0377 0.3466 0.0465 0.0488 0.0317 0.0335 0.1136 0.1736 0.0932 0.0226 
        D333  4 0.0502 0.0419 0.1723 0.0869 0.0745 0.0613 0.1371 0.0505 0.0643 0.0978 0.1632 
        D334  4 0.0369 0.0811 0.0396 0.5300 0.0209 0.0162 0.0445 0.0761 0.0414 0.0630 0.0503 
        D335  4 0.0351 0.0258 0.0831 0.0375 0.0359 0.0364 0.0275 0.0921 0.0306 0.0454 0.5507 
        D370  4 0.0679 0.0242 0.3880 0.0604 0.2788 0.0310 0.0208 0.0241 0.0256 0.0420 0.0372 
        D371  4 0.0575 0.0136 0.0370 0.5909 0.0243 0.0318 0.0249 0.1370 0.0178 0.0476 0.0175 
        D372  4 0.0226 0.0158 0.1271 0.0235 0.0320 0.0478 0.0297 0.0117 0.5879 0.0882 0.0138 
        D373  4 0.0510 0.5885 0.0213 0.0191 0.0204 0.0583 0.0217 0.0368 0.0828 0.0429 0.0573 
        D455  4 0.0239 0.6483 0.0423 0.0252 0.0261 0.0311 0.0160 0.0306 0.0480 0.0260 0.0825 
        D490  4 0.0178 0.7506 0.0227 0.0233 0.0205 0.0096 0.0634 0.0212 0.0151 0.0280 0.0277 
        D497  4 0.0537 0.5904 0.0371 0.0214 0.0437 0.0167 0.0679 0.0150 0.0317 0.0585 0.0638 
        D498  4 0.0490 0.0285 0.4838 0.0600 0.0959 0.0273 0.0385 0.0401 0.0898 0.0644 0.0226 
        D499  4 0.1817 0.0139 0.0577 0.0987 0.0811 0.1517 0.1047 0.0210 0.0748 0.1050 0.1097 
        D514  4 0.0940 0.0389 0.2277 0.0154 0.0605 0.0269 0.0784 0.2128 0.0374 0.0991 0.1088 
        D515  4 0.0233 0.0266 0.0458 0.0226 0.0364 0.0182 0.7154 0.0245 0.0163 0.0361 0.0347 
        D516  4 0.2720 0.0476 0.0629 0.0393 0.1264 0.0679 0.1591 0.0641 0.0640 0.0762 0.0206 
        D517  4 0.0185 0.4823 0.0241 0.0257 0.0445 0.0375 0.0606 0.0495 0.0691 0.1561 0.0323 
        D518  4 0.0149 0.1118 0.0454 0.0628 0.0255 0.0407 0.0352 0.0209 0.0169 0.0362 0.5896 
        D519  4 0.0169 0.0181 0.0136 0.0163 0.0202 0.0185 0.7965 0.0199 0.0287 0.0393 0.0119 
        D560  4 0.0171 0.0173 0.0246 0.0121 0.0166 0.0293 0.7215 0.0543 0.0316 0.0483 0.0272 
        D561  4 0.0239 0.1852 0.0523 0.0142 0.0412 0.0598 0.1431 0.0994 0.0267 0.2917 0.0627 
        D562  4 0.0333 0.2803 0.1506 0.0712 0.0380 0.0619 0.0479 0.0438 0.0504 0.1281 0.0944 
        D563  4 0.0817 0.0648 0.0389 0.0183 0.0416 0.3565 0.0577 0.0246 0.0604 0.1131 0.1423 
        D572  4 0.0178 0.0566 0.0312 0.0305 0.0184 0.0219 0.0349 0.0372 0.0219 0.0401 0.6896 
        D629  4 0.3841 0.2291 0.0168 0.0162 0.0182 0.0200 0.0461 0.1428 0.0376 0.0435 0.0456 
        D630  4 0.0351 0.1479 0.1062 0.0497 0.0203 0.0236 0.3035 0.0649 0.0775 0.0907 0.0805 
        D631  4 0.0186 0.0190 0.0368 0.0239 0.0159 0.0509 0.0480 0.0161 0.0337 0.0350 0.7021 
        D632  4 0.0564 0.2122 0.0279 0.0186 0.1795 0.1543 0.0309 0.0502 0.0204 0.0629 0.1867 
        D646  4 0.0159 0.0263 0.0271 0.0219 0.0563 0.0375 0.6093 0.0463 0.0427 0.0830 0.0336 
        D647  4 0.0242 0.0600 0.1077 0.0144 0.0834 0.0526 0.1520 0.3345 0.0518 0.0672 0.0522 
        D648  4 0.0731 0.0202 0.3115 0.0597 0.0197 0.0252 0.0433 0.0178 0.0135 0.0349 0.3813 
        D649  4 0.0751 0.0506 0.0233 0.0206 0.2797 0.0158 0.0406 0.2581 0.0247 0.0608 0.1507 
        D650  4 0.1037 0.0772 0.0518 0.0839 0.0638 0.0221 0.2082 0.1520 0.0694 0.0947 0.0733 
        D708  4 0.1486 0.0393 0.0617 0.1373 0.0409 0.0216 0.1335 0.0361 0.0569 0.0974 0.2267 
        D709  4 0.0657 0.0175 0.5979 0.0265 0.1005 0.0209 0.0298 0.0211 0.0246 0.0666 0.0289 
        D738  4 0.0237 0.0495 0.0416 0.4545 0.0815 0.0153 0.1636 0.0599 0.0514 0.0339 0.0250 
        D739  4 0.0419 0.2792 0.2075 0.0331 0.0395 0.0219 0.1213 0.0238 0.0486 0.1201 0.0631 
        D740  4 0.0528 0.0616 0.0420 0.1221 0.1280 0.0569 0.0911 0.0235 0.1167 0.2256 0.0797 
        D741  4 0.0247 0.0216 0.0302 0.0126 0.0298 0.0357 0.6831 0.0403 0.0246 0.0792 0.0181 
        D742  4 0.0434 0.0691 0.0331 0.1050 0.0407 0.2071 0.1731 0.0401 0.1123 0.1036 0.0725 
        D743  4 0.0370 0.0271 0.0215 0.0207 0.0176 0.0445 0.0363 0.2838 0.0326 0.0470 0.4319 
        D744  4 0.0245 0.0222 0.0175 0.0166 0.0158 0.0273 0.0305 0.0210 0.0223 0.0317 0.7706 
        D745  4 0.0382 0.0449 0.0176 0.0156 0.0296 0.0131 0.7477 0.0177 0.0229 0.0304 0.0223 
        D814  4 0.0281 0.0662 0.0515 0.0183 0.0121 0.1118 0.2821 0.0219 0.0555 0.3002 0.0523 
        D815  4 0.0364 0.0265 0.2900 0.0272 0.0759 0.0310 0.0363 0.1064 0.0334 0.0538 0.2831 
        D828  4 0.0369 0.0220 0.6142 0.0432 0.0274 0.0358 0.0710 0.0114 0.0408 0.0426 0.0547 
        D845  4 0.0198 0.0124 0.0105 0.0323 0.0135 0.0181 0.0164 0.0161 0.8257 0.0161 0.0191 
        D846  4 0.0495 0.1553 0.0717 0.0104 0.0191 0.1237 0.0343 0.0726 0.0459 0.1046 0.3128 
        D847  4 0.0322 0.2582 0.1051 0.0871 0.0349 0.0426 0.1088 0.0968 0.0826 0.0985 0.0533 
        D848  4 0.0168 0.5918 0.0268 0.0176 0.0203 0.0530 0.0131 0.0154 0.1747 0.0330 0.0374 
        D849  4 0.0854 0.2292 0.0878 0.0224 0.0420 0.0310 0.2683 0.0306 0.0268 0.1257 0.0507 
        D850  4 0.0420 0.2180 0.0141 0.0606 0.0361 0.0309 0.1294 0.0851 0.1753 0.1737 0.0346 
        D856  4 0.0502 0.0374 0.2846 0.0379 0.2183 0.0197 0.0888 0.0459 0.0278 0.1506 0.0388 
        D857  4 0.0159 0.0342 0.1986 0.0284 0.5435 0.0720 0.0286 0.0108 0.0169 0.0297 0.0214 
        D859  4 0.0223 0.0308 0.0405 0.0236 0.0221 0.0256 0.1517 0.0581 0.0843 0.0822 0.4588 
        D860  4 0.0249 0.0327 0.0266 0.3847 0.0259 0.0761 0.0230 0.0763 0.1757 0.0659 0.0881 
        D883  4 0.1280 0.1580 0.0968 0.0693 0.0684 0.0265 0.0818 0.1653 0.0474 0.0886 0.0700 
        D884  4 0.0433 0.0289 0.0647 0.0293 0.0752 0.0125 0.6160 0.0208 0.0237 0.0478 0.0379 
        D885  4 0.0976 0.0460 0.0161 0.0234 0.0402 0.0543 0.2369 0.0919 0.1870 0.1656 0.0408 
        D886  4 0.0251 0.1128 0.3698 0.0221 0.1292 0.0377 0.0542 0.1197 0.0310 0.0609 0.0376 
        D887  4 0.0296 0.0347 0.0796 0.0421 0.0584 0.1030 0.1053 0.1306 0.2075 0.1149 0.0943 
        D889  4 0.0170 0.0157 0.2673 0.0174 0.0113 0.0105 0.0582 0.0295 0.4898 0.0407 0.0425 
        D890  4 0.4633 0.0543 0.0827 0.0658 0.0987 0.0463 0.0229 0.0240 0.0287 0.0585 0.0547 
        D891  4 0.0304 0.0104 0.0106 0.0094 0.0092 0.0112 0.0167 0.0122 0.8609 0.0186 0.0104 
        D899  4 0.0502 0.0278 0.0664 0.0783 0.0325 0.3711 0.0416 0.0206 0.1497 0.0664 0.0953 
        D900  4 0.0439 0.0921 0.1877 0.0618 0.0553 0.0609 0.0726 0.0955 0.0493 0.1515 0.1295 
        D970  4 0.0549 0.0593 0.0417 0.0444 0.0344 0.0456 0.0327 0.1005 0.0821 0.1398 0.3645 
        D971  4 0.0384 0.0293 0.0779 0.0517 0.0898 0.3745 0.0151 0.0498 0.0248 0.0733 0.1754 
        D979  4 0.0820 0.0315 0.0870 0.0328 0.0271 0.0419 0.0386 0.1865 0.0408 0.0873 0.3446 
        D093  5 0.0419 0.0245 0.0401 0.5954 0.0250 0.0236 0.0745 0.0453 0.0644 0.0351 0.0303 
        D154  5 0.3486 0.0137 0.0517 0.0271 0.0238 0.0657 0.2322 0.0244 0.0581 0.1250 0.0297 
        D168  5 0.3070 0.0672 0.0597 0.0135 0.0339 0.1327 0.1304 0.0373 0.0788 0.1190 0.0205 
        D189  5 0.0218 0.0211 0.2230 0.2923 0.0268 0.0224 0.0764 0.0292 0.1711 0.0841 0.0317 
        D190  5 0.1572 0.0149 0.0348 0.5754 0.0428 0.0184 0.0335 0.0183 0.0309 0.0342 0.0396 
     D237220  5 0.0201 0.1494 0.0699 0.1150 0.0978 0.0173 0.1146 0.0249 0.2121 0.0941 0.0849 
     D237221  5 0.1139 0.0339 0.0348 0.2227 0.0459 0.0945 0.0478 0.0555 0.2272 0.0703 0.0536 
     D237274  5 0.0295 0.0232 0.0849 0.0167 0.0849 0.0653 0.0832 0.3395 0.0204 0.0965 0.1560 
     D237275  5 0.0484 0.0190 0.2495 0.0248 0.0380 0.3913 0.0339 0.0161 0.0947 0.0700 0.0144 
     D237276  5 0.0660 0.0434 0.0736 0.1307 0.1144 0.0297 0.3315 0.0596 0.0355 0.0810 0.0346 
     D237277  5 0.1591 0.0136 0.0212 0.3892 0.0470 0.0446 0.0333 0.0237 0.1964 0.0385 0.0334 
     D237278  5 0.0207 0.0531 0.0624 0.2012 0.0864 0.2685 0.0531 0.0638 0.0301 0.0754 0.0853 
     D237279  5 0.1338 0.1224 0.0217 0.0197 0.2937 0.0354 0.0282 0.0493 0.0386 0.1974 0.0596 
     D237280  5 0.1134 0.1178 0.0621 0.0633 0.3473 0.0195 0.0278 0.0622 0.0252 0.1159 0.0455 
     D237281  5 0.0172 0.0126 0.0279 0.0251 0.0204 0.1583 0.1085 0.0448 0.4757 0.0854 0.0241 
     D237351  5 0.2147 0.0204 0.0169 0.0401 0.5543 0.0166 0.0452 0.0148 0.0313 0.0278 0.0180 
     D237352  5 0.1547 0.2839 0.0690 0.0478 0.0521 0.0537 0.0333 0.0403 0.0247 0.0630 0.1774 
     D237353  5 0.2079 0.0130 0.0280 0.4768 0.0681 0.0211 0.0149 0.0170 0.0899 0.0325 0.0309 
     D237359  5 0.0422 0.1126 0.0655 0.0599 0.0402 0.0198 0.1570 0.0352 0.2803 0.1345 0.0528 
     D237361  5 0.0266 0.0147 0.0301 0.7389 0.0532 0.0196 0.0189 0.0192 0.0385 0.0252 0.0151 
     D237362  5 0.7740 0.0138 0.0159 0.0239 0.0214 0.0190 0.0355 0.0265 0.0243 0.0292 0.0165 
     D237363  5 0.1225 0.0281 0.0552 0.0358 0.0337 0.0915 0.0854 0.0249 0.0359 0.4697 0.0174 
     D237364  5 0.0536 0.0802 0.0802 0.0144 0.0474 0.0929 0.2920 0.0555 0.0607 0.1128 0.1104 
     D237376  5 0.0770 0.0162 0.4614 0.1088 0.0312 0.0290 0.0723 0.0109 0.0338 0.0481 0.1112 
     D237377  5 0.2075 0.0394 0.0206 0.0838 0.2883 0.0416 0.0243 0.0740 0.0381 0.1297 0.0528 
     D237378  5 0.0773 0.0324 0.0885 0.3925 0.0235 0.0728 0.0687 0.0234 0.0660 0.0787 0.0762 
     D237379  5 0.0448 0.0451 0.1062 0.2091 0.0227 0.0375 0.0975 0.0309 0.0512 0.0757 0.2792 
     D237380  5 0.0152 0.0294 0.1780 0.0468 0.5399 0.0148 0.0326 0.0173 0.0145 0.0550 0.0564 
     D237381  5 0.0347 0.1362 0.1162 0.0592 0.3089 0.0665 0.0387 0.0335 0.0398 0.0823 0.0839 
     D237391  5 0.0328 0.0171 0.0137 0.6859 0.0265 0.0146 0.0413 0.0227 0.0952 0.0250 0.0251 
     D237392  5 0.0781 0.0326 0.0760 0.0218 0.0954 0.2240 0.0728 0.1931 0.0364 0.1171 0.0528 
     D237393  5 0.0263 0.0502 0.0657 0.1389 0.0953 0.0450 0.0309 0.3853 0.0508 0.0693 0.0423 
