        D174  1 0.1683 0.0911 0.0536 0.6870 
        D199  1 0.0806 0.4011 0.2743 0.2440 
        D203  1 0.1916 0.3872 0.2818 0.1394 
        D204  1 0.0385 0.8797 0.0415 0.0403 
     D237366  1 0.4902 0.1920 0.1690 0.1488 
     D237367  1 0.3580 0.4050 0.1145 0.1226 
     D237368  1 0.4938 0.3016 0.0979 0.1066 
     D244101  1 0.0453 0.6970 0.2056 0.0520 
     D244102  1 0.2645 0.2318 0.1536 0.3501 
     D244103  1 0.5818 0.2149 0.0788 0.1245 
     D244104  1 0.0697 0.7183 0.0862 0.1258 
     D244105  1 0.7437 0.1471 0.0623 0.0469 
     D244106  1 0.0782 0.0950 0.2074 0.6194 
     D244107  1 0.6591 0.1963 0.1060 0.0386 
     D244108  1 0.1338 0.1757 0.0796 0.6109 
     D244113  1 0.0446 0.0354 0.0405 0.8795 
     D244114  1 0.1329 0.2063 0.3667 0.2941 
     D244115  1 0.2042 0.1805 0.0576 0.5577 
     D267365  1 0.0868 0.5036 0.0972 0.3124 
        D404  1 0.0561 0.0578 0.0546 0.8314 
        D405  1 0.1189 0.2123 0.1280 0.5408 
        D406  1 0.7759 0.1191 0.0403 0.0647 
        D407  1 0.2993 0.5145 0.1113 0.0750 
        D408  1 0.0610 0.0987 0.1393 0.7010 
        D409  1 0.5825 0.1721 0.1098 0.1357 
        D410  1 0.7488 0.1511 0.0295 0.0706 
        D421  1 0.0544 0.8173 0.0745 0.0538 
        D422  1 0.8650 0.0638 0.0412 0.0301 
        D423  1 0.8335 0.0963 0.0351 0.0351 
        D424  1 0.1887 0.6974 0.0332 0.0806 
        D425  1 0.0772 0.5321 0.0648 0.3259 
        D426  1 0.5384 0.1382 0.2716 0.0518 
        D427  1 0.0702 0.2184 0.5763 0.1352 
        D428  1 0.1637 0.4430 0.0933 0.2999 
        D429  1 0.0913 0.4275 0.0850 0.3962 
        D430  1 0.1471 0.2045 0.2986 0.3499 
        D491  1 0.0545 0.1638 0.0408 0.7409 
        D492  1 0.1886 0.3786 0.0944 0.3385 
        D537  1 0.1196 0.7379 0.0430 0.0996 
        D538  1 0.4010 0.1727 0.1520 0.2742 
        D539  1 0.1964 0.0968 0.3252 0.3817 
        D540  1 0.3060 0.4073 0.1081 0.1786 
        D541  1 0.0527 0.8703 0.0419 0.0351 
        D551  1 0.1514 0.1063 0.6670 0.0752 
        D552  1 0.3250 0.3589 0.0996 0.2165 
        D553  1 0.0377 0.8976 0.0316 0.0331 
        D615  1 0.2048 0.4852 0.1694 0.1406 
        D616  1 0.2650 0.3883 0.2134 0.1333 
        D621  1 0.5869 0.0962 0.0593 0.2576 
        D622  1 0.7488 0.0996 0.0617 0.0899 
        D623  1 0.0587 0.1069 0.2042 0.6301 
        D624  1 0.0656 0.0801 0.0505 0.8038 
        D625  1 0.1214 0.7305 0.0328 0.1153 
        D626  1 0.1983 0.1446 0.0976 0.5595 
        D627  1 0.4948 0.2217 0.2158 0.0677 
        D690  1 0.1013 0.7724 0.0258 0.1004 
        D691  1 0.7282 0.1545 0.0544 0.0629 
        D710  1 0.1507 0.5499 0.0865 0.2129 
        D711  1 0.0951 0.7795 0.0453 0.0801 
        D712  1 0.1014 0.0865 0.0804 0.7317 
        D713  1 0.1086 0.2503 0.0448 0.5962 
        D746  1 0.7982 0.1152 0.0451 0.0416 
        D747  1 0.0337 0.8900 0.0385 0.0378 
        D748  1 0.3777 0.4358 0.0581 0.1284 
        D749  1 0.5435 0.0708 0.1475 0.2382 
        D750  1 0.0862 0.2802 0.0548 0.5789 
        D763  1 0.1412 0.4069 0.3749 0.0769 
        D764  1 0.1886 0.5637 0.0394 0.2083 
        D765  1 0.6720 0.0915 0.0490 0.1874 
        D766  1 0.4407 0.3683 0.0416 0.1495 
        D767  1 0.2678 0.3635 0.1623 0.2064 
        D768  1 0.0528 0.8783 0.0390 0.0299 
        D811  1 0.0821 0.0601 0.0487 0.8091 
        D816  1 0.0437 0.8464 0.0340 0.0758 
        D825  1 0.1697 0.1529 0.0440 0.6334 
        D866  1 0.0933 0.0966 0.4766 0.3336 
        D867  1 0.8139 0.0577 0.0616 0.0668 
        D871  1 0.5599 0.2032 0.1027 0.1342 
        D872  1 0.2054 0.5423 0.0788 0.1735 
        D873  1 0.9091 0.0228 0.0258 0.0423 
        D874  1 0.0414 0.5303 0.0985 0.3298 
        D875  1 0.7480 0.1175 0.0536 0.0809 
        D876  1 0.1000 0.6901 0.0570 0.1528 
        D877  1 0.0371 0.1030 0.0466 0.8132 
        D892  1 0.1873 0.4244 0.0461 0.3422 
        D893  1 0.1476 0.6761 0.1039 0.0724 
        D894  1 0.1149 0.6428 0.0903 0.1519 
        D915  1 0.2079 0.5957 0.0633 0.1331 
        D916  1 0.0457 0.8926 0.0259 0.0358 
        D917  1 0.0809 0.4169 0.1371 0.3651 
        D925  1 0.6408 0.2031 0.0477 0.1085 
        D926  1 0.1368 0.5968 0.0686 0.1978 
        D927  1 0.0823 0.4468 0.3617 0.1093 
        D928  1 0.0356 0.1386 0.0325 0.7934 
        D929  1 0.2155 0.2148 0.0894 0.4803 
        D936  1 0.0535 0.7237 0.1513 0.0715 
        D938  1 0.8347 0.0865 0.0313 0.0476 
        D956  1 0.0931 0.0596 0.0784 0.7689 
        D957  1 0.3301 0.4258 0.0676 0.1765 
        D958  1 0.2484 0.4958 0.0446 0.2111 
        D959  1 0.3541 0.4879 0.1003 0.0577 
        D960  1 0.8234 0.0583 0.0368 0.0815 
        D989  1 0.0579 0.1466 0.2088 0.5867 
        D990  1 0.7884 0.0385 0.1057 0.0675 
        D023  2 0.6806 0.2469 0.0401 0.0323 
        D130  2 0.7958 0.1075 0.0488 0.0479 
        D131  2 0.1746 0.5808 0.1543 0.0903 
        D163  2 0.7546 0.1335 0.0496 0.0622 
        D164  2 0.4414 0.0481 0.4800 0.0305 
        D165  2 0.7442 0.1492 0.0730 0.0336 
        D166  2 0.3558 0.1816 0.2265 0.2361 
        D167  2 0.0341 0.0315 0.8370 0.0974 
        D192  2 0.0309 0.0236 0.9058 0.0398 
        D193  2 0.1236 0.0732 0.1181 0.6851 
        D206  2 0.2905 0.3025 0.3071 0.0999 
        D207  2 0.0629 0.1340 0.7257 0.0774 
        D208  2 0.0825 0.1040 0.3832 0.4303 
        D209  2 0.1493 0.1984 0.5631 0.0891 
        D210  2 0.0818 0.1813 0.3816 0.3553 
     D229599  2 0.1577 0.4704 0.2010 0.1709 
     D229600  2 0.4816 0.0677 0.3789 0.0719 
     D237227  2 0.1788 0.1021 0.1442 0.5750 
     D237228  2 0.3541 0.0465 0.1292 0.4702 
     D237258  2 0.2391 0.1635 0.3594 0.2380 
     D237310  2 0.6449 0.0369 0.1028 0.2155 
     D237311  2 0.5744 0.0462 0.2567 0.1227 
     D237312  2 0.4580 0.0768 0.0702 0.3949 
     D237313  2 0.2428 0.4354 0.1105 0.2113 
     D237322  2 0.1668 0.1376 0.4490 0.2467 
     D237323  2 0.5722 0.0472 0.0769 0.3038 
     D237324  2 0.4655 0.1557 0.3389 0.0399 
     D237325  2 0.5083 0.1050 0.1079 0.2787 
     D237326  2 0.5855 0.2096 0.0606 0.1443 
     D237327  2 0.0969 0.2087 0.6099 0.0845 
     D237337  2 0.7341 0.0733 0.0439 0.1487 
     D237338  2 0.3906 0.1457 0.1991 0.2646 
     D237339  2 0.0703 0.4896 0.3818 0.0583 
     D237340  2 0.2298 0.0588 0.2782 0.4331 
     D237389  2 0.7271 0.0544 0.0934 0.1251 
     D237390  2 0.3634 0.1332 0.0780 0.4254 
     D244017  2 0.0918 0.0755 0.3281 0.5045 
     D244112  2 0.1111 0.0333 0.7956 0.0600 
     D244118  2 0.2839 0.0367 0.6323 0.0471 
     D244119  2 0.0442 0.0466 0.3462 0.5630 
     D244120  2 0.0779 0.0364 0.5934 0.2923 
     D244122  2 0.0833 0.0658 0.6764 0.1745 
        D291  2 0.1751 0.1922 0.5323 0.1005 
        D292  2 0.0648 0.3116 0.4714 0.1522 
        D293  2 0.0283 0.4128 0.5323 0.0266 
        D322  2 0.0813 0.4674 0.4164 0.0349 
        D323  2 0.1322 0.3242 0.2732 0.2704 
        D324  2 0.2414 0.3780 0.2599 0.1207 
        D325  2 0.0467 0.1283 0.8049 0.0201 
        D326  2 0.0306 0.8788 0.0417 0.0489 
        D340  2 0.0368 0.0525 0.8837 0.0270 
        D341  2 0.0668 0.0682 0.8090 0.0560 
        D342  2 0.1964 0.0544 0.6893 0.0599 
        D343  2 0.0234 0.0407 0.9194 0.0165 
        D344  2 0.1459 0.5629 0.1105 0.1806 
        D345  2 0.2559 0.5839 0.0899 0.0703 
        D346  2 0.0688 0.1370 0.1715 0.6227 
        D351  2 0.1540 0.6317 0.1578 0.0565 
        D352  2 0.2039 0.2576 0.2697 0.2688 
        D353  2 0.0481 0.7821 0.1109 0.0589 
        D354  2 0.1469 0.5035 0.0601 0.2895 
        D362  2 0.1116 0.7354 0.0503 0.1027 
        D363  2 0.0668 0.7441 0.0534 0.1358 
        D364  2 0.1099 0.7039 0.0608 0.1254 
        D365  2 0.0272 0.0677 0.8724 0.0327 
        D369  2 0.1277 0.3814 0.2614 0.2294 
        D374  2 0.0252 0.0283 0.0314 0.9151 
        D375  2 0.2690 0.3952 0.0790 0.2567 
        D376  2 0.0489 0.0404 0.0609 0.8498 
        D377  2 0.2641 0.1244 0.1474 0.4641 
        D378  2 0.0713 0.6542 0.2303 0.0442 
        D379  2 0.0508 0.8365 0.0512 0.0616 
        D384  2 0.0334 0.8764 0.0326 0.0576 
        D385  2 0.0396 0.0480 0.8460 0.0665 
        D386  2 0.0882 0.7426 0.1124 0.0569 
        D391  2 0.0329 0.1419 0.7856 0.0395 
        D392  2 0.1161 0.1399 0.6479 0.0961 
        D393  2 0.0722 0.7151 0.1706 0.0421 
        D394  2 0.3735 0.3120 0.1629 0.1516 
        D395  2 0.0730 0.1681 0.6866 0.0723 
        D401  2 0.7776 0.0481 0.0449 0.1293 
        D402  2 0.0325 0.0625 0.8686 0.0365 
        D403  2 0.2441 0.6024 0.0698 0.0836 
        D415  2 0.1726 0.7351 0.0460 0.0462 
        D435  2 0.0909 0.6135 0.2602 0.0355 
        D436  2 0.1100 0.5091 0.1026 0.2783 
        D438  2 0.0337 0.0348 0.8851 0.0464 
        D439  2 0.2100 0.5439 0.1955 0.0506 
        D449  2 0.1255 0.1797 0.6497 0.0450 
        D450  2 0.1679 0.3338 0.0816 0.4167 
        D456  2 0.0384 0.9019 0.0277 0.0320 
        D462  2 0.0422 0.1105 0.8165 0.0308 
        D463  2 0.0293 0.8976 0.0223 0.0509 
        D464  2 0.0802 0.5423 0.1853 0.1922 
        D465  2 0.1746 0.3675 0.3852 0.0727 
        D473  2 0.1382 0.0823 0.0976 0.6820 
        D474  2 0.0933 0.6326 0.1980 0.0761 
        D476  2 0.5541 0.2183 0.1825 0.0452 
        D477  2 0.0748 0.7075 0.0860 0.1317 
        D478  2 0.3030 0.2067 0.1205 0.3698 
        D480  2 0.0463 0.6164 0.2181 0.1191 
        D481  2 0.2135 0.4889 0.1391 0.1586 
        D482  2 0.1666 0.1273 0.3522 0.3539 
        D483  2 0.0445 0.0440 0.8293 0.0822 
        D484  2 0.1407 0.1778 0.3418 0.3397 
        D510  2 0.0423 0.0597 0.0994 0.7986 
        D511  2 0.0880 0.6932 0.1676 0.0512 
        D512  2 0.6774 0.0737 0.1816 0.0673 
        D513  2 0.1122 0.2125 0.5598 0.1156 
        D635  2 0.2737 0.6163 0.0630 0.0471 
        D636  2 0.8644 0.0613 0.0303 0.0440 
        D637  2 0.1270 0.1733 0.4316 0.2681 
        D658  2 0.0882 0.0796 0.5939 0.2383 
        D659  2 0.0768 0.8055 0.0613 0.0565 
        D677  2 0.2409 0.4549 0.2076 0.0967 
        D678  2 0.0956 0.0612 0.7412 0.1020 
        D679  2 0.0807 0.6313 0.1693 0.1188 
        D719  2 0.0400 0.3816 0.2450 0.3333 
        D720  2 0.0801 0.7182 0.0784 0.1233 
        D721  2 0.5414 0.2274 0.1577 0.0735 
        D722  2 0.0585 0.0557 0.0697 0.8162 
        D734  2 0.0415 0.1979 0.3445 0.4161 
        D735  2 0.1630 0.5273 0.1617 0.1479 
        D736  2 0.1045 0.2381 0.2546 0.4029 
        D737  2 0.0806 0.0804 0.7063 0.1326 
        D807  2 0.1018 0.3726 0.1840 0.3415 
        D808  2 0.3921 0.2505 0.2817 0.0757 
        D817  2 0.1131 0.5945 0.0759 0.2164 
        D818  2 0.1850 0.2468 0.4963 0.0719 
        D819  2 0.3029 0.4296 0.0924 0.1750 
        D820  2 0.0334 0.8677 0.0590 0.0400 
        D895  2 0.1995 0.6269 0.0910 0.0826 
        D896  2 0.8018 0.0427 0.0342 0.1213 
        D897  2 0.1058 0.0709 0.7560 0.0673 
        D898  2 0.2970 0.2109 0.1691 0.3231 
        D918  2 0.3890 0.1652 0.2828 0.1629 
        D919  2 0.0936 0.5571 0.2863 0.0631 
        D920  2 0.8174 0.0518 0.0563 0.0745 
        D923  2 0.0530 0.8399 0.0481 0.0590 
        D930  2 0.1351 0.4649 0.1143 0.2857 
        D931  2 0.0745 0.5881 0.1909 0.1465 
        D968  2 0.0321 0.0650 0.8720 0.0310 
        D969  2 0.0615 0.5163 0.3382 0.0840 
        D977  2 0.0608 0.1068 0.7797 0.0527 
        D978  2 0.1042 0.1390 0.5856 0.1712 
        D211  3 0.6699 0.1662 0.0922 0.0717 
     D229639  3 0.0625 0.1156 0.6590 0.1629 
     D237212  3 0.2169 0.3692 0.3164 0.0975 
     D237213  3 0.4615 0.3064 0.1206 0.1115 
     D237214  3 0.7832 0.0891 0.0385 0.0892 
     D237215  3 0.0449 0.0297 0.6855 0.2399 
     D237216  3 0.5057 0.1784 0.2350 0.0809 
     D237217  3 0.6027 0.2558 0.1046 0.0369 
     D237218  3 0.1097 0.3241 0.5034 0.0627 
     D237219  3 0.4229 0.0914 0.1789 0.3068 
     D237382  3 0.2219 0.2479 0.1173 0.4129 
     D244127  3 0.6801 0.0828 0.1583 0.0788 
     D244129  3 0.3225 0.3599 0.1972 0.1204 
     D244133  3 0.1884 0.1383 0.2309 0.4424 
     D244134  3 0.1657 0.1166 0.4152 0.3025 
     D244135  3 0.7548 0.1069 0.0958 0.0425 
     D244136  3 0.1284 0.2629 0.1465 0.4623 
        D416  3 0.2496 0.2686 0.3899 0.0919 
        D417  3 0.1174 0.7587 0.0435 0.0804 
        D419  3 0.2269 0.3066 0.2778 0.1887 
        D565  3 0.0476 0.1219 0.0438 0.7866 
        D566  3 0.0816 0.0986 0.3581 0.4618 
        D567  3 0.1549 0.7108 0.0587 0.0756 
        D568  3 0.2387 0.4794 0.2241 0.0578 
        D569  3 0.2221 0.2392 0.3973 0.1414 
        D573  3 0.0497 0.2558 0.6513 0.0431 
        D574  3 0.1566 0.0877 0.1164 0.6393 
        D575  3 0.3017 0.2087 0.1823 0.3073 
        D576  3 0.0589 0.0207 0.7692 0.1512 
        D577  3 0.1444 0.6736 0.0593 0.1227 
        D578  3 0.8789 0.0359 0.0497 0.0355 
        D579  3 0.1310 0.4064 0.2100 0.2526 
        D660  3 0.2295 0.0641 0.6158 0.0906 
        D661  3 0.0719 0.0934 0.7945 0.0402 
        D663  3 0.0590 0.1030 0.7720 0.0660 
        D664  3 0.3567 0.0494 0.1994 0.3945 
        D665  3 0.6491 0.0698 0.2084 0.0727 
        D666  3 0.2949 0.2032 0.1204 0.3815 
        D009  4 0.4405 0.3849 0.0818 0.0929 
        D057  4 0.2310 0.1930 0.5002 0.0759 
        D109  4 0.6782 0.1088 0.0538 0.1592 
     D237222  4 0.6083 0.0896 0.0724 0.2297 
     D237223  4 0.4782 0.1114 0.1853 0.2251 
     D237224  4 0.0980 0.3673 0.4466 0.0881 
     D237225  4 0.3622 0.3883 0.1229 0.1266 
     D237299  4 0.6696 0.0565 0.1589 0.1150 
     D237300  4 0.0528 0.0408 0.8056 0.1008 
     D237306  4 0.1205 0.1461 0.0649 0.6684 
     D237307  4 0.1102 0.3450 0.1468 0.3980 
     D237308  4 0.1251 0.1493 0.5499 0.1758 
     D237309  4 0.3652 0.4265 0.1166 0.0916 
     D237317  4 0.1154 0.2936 0.0624 0.5285 
     D237318  4 0.0361 0.0513 0.8606 0.0520 
     D237319  4 0.3964 0.2271 0.1890 0.1875 
     D237320  4 0.3606 0.1909 0.3530 0.0955 
     D237321  4 0.0943 0.1019 0.6957 0.1081 
     D237397  4 0.2185 0.1436 0.3142 0.3238 
     D237398  4 0.1019 0.2100 0.6416 0.0465 
     D237399  4 0.1501 0.3122 0.2250 0.3128 
     D244001  4 0.6720 0.1026 0.1204 0.1049 
        D289  4 0.1131 0.3385 0.2850 0.2634 
        D290  4 0.1488 0.3190 0.2279 0.3044 
        D294  4 0.1248 0.4168 0.2458 0.2126 
        D295  4 0.1605 0.5559 0.0852 0.1984 
        D301  4 0.6905 0.0545 0.1416 0.1134 
        D302  4 0.0572 0.8074 0.0464 0.0891 
        D303  4 0.0828 0.0833 0.1051 0.7287 
        D304  4 0.0857 0.2611 0.2540 0.3992 
        D305  4 0.2986 0.2293 0.4190 0.0531 
        D306  4 0.1838 0.2516 0.1103 0.4543 
        D307  4 0.7398 0.0413 0.0794 0.1395 
        D327  4 0.0876 0.6332 0.1100 0.1692 
        D328  4 0.0950 0.1006 0.0653 0.7391 
        D329  4 0.1522 0.2673 0.4334 0.1472 
        D330  4 0.4053 0.4678 0.0604 0.0666 
        D331  4 0.1939 0.2461 0.2490 0.3110 
        D333  4 0.1758 0.2217 0.2383 0.3642 
        D334  4 0.1093 0.2063 0.0691 0.6153 
        D335  4 0.0677 0.7232 0.0951 0.1140 
        D370  4 0.1797 0.1213 0.0772 0.6218 
        D371  4 0.0402 0.1514 0.0653 0.7432 
        D372  4 0.0591 0.0330 0.8009 0.1071 
        D373  4 0.6986 0.0772 0.1723 0.0519 
        D455  4 0.7355 0.0913 0.1022 0.0710 
        D490  4 0.8615 0.0482 0.0322 0.0581 
        D497  4 0.8135 0.0635 0.0640 0.0590 
        D498  4 0.2075 0.1510 0.1916 0.4499 
        D499  4 0.0979 0.1044 0.5534 0.2443 
        D514  4 0.1346 0.6722 0.0757 0.1174 
        D515  4 0.6182 0.1376 0.1055 0.1387 
        D516  4 0.2982 0.2616 0.1913 0.2489 
        D517  4 0.6853 0.1187 0.1378 0.0583 
        D518  4 0.2727 0.2851 0.1828 0.2594 
        D519  4 0.5952 0.1354 0.2051 0.0644 
        D560  4 0.4236 0.2255 0.2918 0.0591 
        D561  4 0.6656 0.2263 0.0671 0.0410 
        D562  4 0.3537 0.1916 0.2316 0.2231 
        D563  4 0.1536 0.1685 0.6210 0.0569 
        D572  4 0.1583 0.5328 0.1414 0.1674 
        D629  4 0.2735 0.5296 0.0993 0.0976 
        D630  4 0.2486 0.3233 0.1737 0.2544 
        D631  4 0.1168 0.2205 0.5238 0.1389 
        D632  4 0.5461 0.1922 0.1954 0.0663 
        D646  4 0.3359 0.4414 0.1442 0.0786 
        D647  4 0.1757 0.6708 0.1123 0.0411 
        D648  4 0.0660 0.0563 0.0583 0.8194 
        D649  4 0.2038 0.6804 0.0515 0.0643 
        D650  4 0.2421 0.3624 0.1146 0.2809 
        D708  4 0.1382 0.1501 0.1328 0.5789 
        D709  4 0.1712 0.2484 0.1178 0.4625 
        D738  4 0.1677 0.1979 0.0563 0.5782 
        D739  4 0.4913 0.1441 0.1592 0.2054 
        D740  4 0.3152 0.1035 0.3567 0.2247 
        D741  4 0.3304 0.3548 0.2599 0.0549 
        D742  4 0.1039 0.1156 0.6212 0.1593 
        D743  4 0.0537 0.7715 0.1086 0.0661 
        D744  4 0.1171 0.5693 0.2485 0.0652 
        D745  4 0.7282 0.0896 0.1102 0.0720 
        D814  4 0.1640 0.1004 0.6691 0.0665 
        D815  4 0.1016 0.5795 0.1130 0.2060 
        D828  4 0.0820 0.0420 0.2085 0.6675 
        D845  4 0.0307 0.0739 0.8178 0.0777 
        D846  4 0.1646 0.4783 0.3066 0.0504 
        D847  4 0.3295 0.2769 0.2264 0.1672 
        D848  4 0.5969 0.0555 0.2974 0.0501 
        D849  4 0.7163 0.1211 0.0876 0.0750 
        D850  4 0.2771 0.3689 0.2122 0.1417 
        D856  4 0.5021 0.1977 0.1049 0.1953 
        D857  4 0.7830 0.0301 0.0944 0.0925 
        D859  4 0.0922 0.4405 0.3133 0.1541 
        D860  4 0.0605 0.2975 0.2542 0.3878 
        D883  4 0.2300 0.3922 0.0741 0.3038 
        D884  4 0.3093 0.2071 0.0739 0.4096 
        D885  4 0.2014 0.3142 0.4171 0.0672 
        D886  4 0.4076 0.3521 0.1139 0.1264 
        D887  4 0.1612 0.2475 0.4462 0.1450 
        D889  4 0.0634 0.2127 0.5263 0.1976 
        D890  4 0.1789 0.1584 0.1322 0.5304 
        D891  4 0.0268 0.0373 0.9087 0.0272 
        D899  4 0.0546 0.1020 0.6260 0.2174 
        D900  4 0.2432 0.4018 0.1716 0.1835 
        D970  4 0.1387 0.4862 0.2381 0.1370 
        D971  4 0.1029 0.2387 0.5019 0.1566 
        D979  4 0.0466 0.7919 0.0664 0.0952 
        D093  5 0.0663 0.0984 0.1014 0.7339 
        D154  5 0.1007 0.1014 0.6031 0.1948 
        D168  5 0.2719 0.1805 0.4635 0.0841 
        D189  5 0.0730 0.0747 0.2817 0.5707 
        D190  5 0.0450 0.0891 0.0870 0.7789 
     D237220  5 0.4730 0.1611 0.1877 0.1782 
     D237221  5 0.1019 0.2206 0.3116 0.3659 
     D237274  5 0.0679 0.8357 0.0485 0.0479 
     D237275  5 0.0700 0.0401 0.7859 0.1040 
     D237276  5 0.2185 0.2213 0.1083 0.4519 
     D237277  5 0.0554 0.1007 0.2468 0.5971 
     D237278  5 0.1958 0.0862 0.4243 0.2936 
     D237279  5 0.7807 0.1163 0.0585 0.0445 
     D237280  5 0.4448 0.3431 0.0548 0.1573 
     D237281  5 0.0476 0.1030 0.8099 0.0395 
     D237351  5 0.6617 0.0721 0.0814 0.1847 
     D237352  5 0.3973 0.3044 0.1326 0.1657 
     D237353  5 0.0533 0.0649 0.0702 0.8116 
     D237359  5 0.3626 0.2052 0.2989 0.1334 
     D237361  5 0.0418 0.0566 0.0442 0.8574 
     D237362  5 0.1315 0.3259 0.1548 0.3878 
     D237363  5 0.2617 0.1190 0.4368 0.1825 
     D237364  5 0.2758 0.2498 0.3997 0.0747 
     D237376  5 0.0501 0.0326 0.0805 0.8368 
     D237377  5 0.2753 0.5038 0.0768 0.1441 
     D237378  5 0.0498 0.0493 0.1717 0.7292 
     D237379  5 0.1127 0.0888 0.1290 0.6694 
     D237380  5 0.5397 0.1114 0.0338 0.3152 
     D237381  5 0.5361 0.1455 0.1036 0.2148 
     D237391  5 0.0767 0.1415 0.1070 0.6748 
     D237392  5 0.1042 0.6189 0.1740 0.1030 
     D237393  5 0.1158 0.5454 0.1001 0.2387 
     D237394  5 0.0599 0.0787 0.0348 0.8266 
     D237395  5 0.1896 0.0781 0.1639 0.5685 
     D237396  5 0.1261 0.6606 0.1185 0.0947 
     D244016  5 0.1204 0.1740 0.2261 0.4795 
     D244018  5 0.1053 0.1093 0.5693 0.2161 
     D244019  5 0.0957 0.4435 0.2256 0.2352 
        D279  5 0.1363 0.1343 0.6078 0.1216 
        D280  5 0.1677 0.2911 0.2555 0.2858 
        D281  5 0.0595 0.0655 0.7518 0.1233 
        D283  5 0.0610 0.4055 0.1498 0.3838 
        D284  5 0.5387 0.1453 0.1837 0.1323 
        D285  5 0.0962 0.2120 0.1410 0.5508 
        D286  5 0.1362 0.2114 0.1424 0.5100 
        D287  5 0.0946 0.0401 0.0615 0.8038 
        D288  5 0.0852 0.4085 0.2668 0.2396 
        D308  5 0.7456 0.1565 0.0426 0.0553 
        D309  5 0.0820 0.8069 0.0543 0.0567 
        D310  5 0.0358 0.0488 0.0555 0.8600 
        D311  5 0.0971 0.2364 0.1243 0.5422 
        D312  5 0.1167 0.2801 0.1124 0.4908 
        D313  5 0.8972 0.0261 0.0275 0.0491 
        D314  5 0.2199 0.0826 0.4087 0.2888 
        D315  5 0.1314 0.2972 0.0925 0.4788 
        D317  5 0.0487 0.0873 0.0434 0.8205 
        D318  5 0.2699 0.2711 0.2691 0.1898 
        D319  5 0.0518 0.0503 0.0762 0.8217 
        D320  5 0.0846 0.1008 0.0684 0.7462 
        D321  5 0.6782 0.1192 0.0939 0.1087 
        D336  5 0.0323 0.0559 0.0366 0.8752 
        D337  5 0.0269 0.0670 0.0731 0.8331 
        D338  5 0.2399 0.2582 0.2855 0.2164 
        D339  5 0.0971 0.0918 0.1631 0.6480 
        D347  5 0.0768 0.4117 0.1563 0.3553 
        D348  5 0.0384 0.0920 0.0620 0.8076 
        D349  5 0.7567 0.0745 0.0572 0.1117 
        D350  5 0.0922 0.6583 0.1658 0.0837 
        D355  5 0.0548 0.3049 0.5647 0.0756 
        D356  5 0.1415 0.3223 0.0860 0.4502 
        D357  5 0.2275 0.1725 0.1594 0.4405 
        D358  5 0.1456 0.2298 0.1101 0.5145 
        D359  5 0.0555 0.4802 0.0394 0.4250 
        D360  5 0.1330 0.2152 0.0543 0.5975 
        D361  5 0.8340 0.0577 0.0445 0.0638 
        D366  5 0.0851 0.5900 0.2668 0.0582 
        D367  5 0.0935 0.0520 0.0752 0.7792 
        D368  5 0.3630 0.1948 0.0855 0.3568 
        D380  5 0.1951 0.5950 0.1312 0.0787 
        D381  5 0.0903 0.2075 0.1532 0.5491 
        D400  5 0.0794 0.1772 0.3259 0.4175 
        D411  5 0.8702 0.0331 0.0562 0.0404 
        D412  5 0.2257 0.2038 0.3257 0.2448 
        D413  5 0.0996 0.1444 0.7014 0.0546 
        D414  5 0.0875 0.2325 0.5762 0.1038 
        D420  5 0.4676 0.0968 0.2245 0.2111 
        D431  5 0.1965 0.0530 0.3383 0.4122 
        D432  5 0.1230 0.1432 0.1826 0.5512 
        D433  5 0.0797 0.1243 0.1643 0.6317 
        D434  5 0.1218 0.2357 0.0852 0.5573 
        D440  5 0.1359 0.6690 0.1217 0.0735 
        D447  5 0.1865 0.6377 0.1132 0.0627 
        D448  5 0.0369 0.0916 0.0809 0.7906 
        D459  5 0.0437 0.2132 0.6860 0.0571 
        D460  5 0.6904 0.1609 0.0552 0.0935 
        D461  5 0.0383 0.8444 0.0470 0.0704 
        D468  5 0.1684 0.2210 0.1019 0.5086 
        D469  5 0.1939 0.5674 0.0912 0.1474 
        D470  5 0.3809 0.1688 0.0967 0.3535 
        D471  5 0.0347 0.0973 0.1212 0.7469 
        D472  5 0.0341 0.7488 0.1778 0.0393 
        D479  5 0.0631 0.0856 0.7479 0.1033 
        D485  5 0.1650 0.1516 0.1723 0.5110 
        D486  5 0.3015 0.1838 0.0716 0.4431 
        D487  5 0.0787 0.0724 0.5481 0.3008 
        D555  5 0.0420 0.0621 0.0834 0.8125 
        D556  5 0.1287 0.1811 0.3027 0.3875 
        D557  5 0.0361 0.0893 0.1038 0.7707 
        D564  5 0.1745 0.1732 0.1092 0.5430 
        D594  5 0.1275 0.3763 0.1298 0.3664 
        D595  5 0.1064 0.2657 0.1680 0.4599 
        D596  5 0.0454 0.0539 0.0606 0.8400 
        D597  5 0.0626 0.2935 0.3707 0.2732 
        D598  5 0.1590 0.2096 0.1365 0.4948 
        D617  5 0.6770 0.0522 0.2175 0.0534 
        D618  5 0.0856 0.1905 0.2261 0.4978 
        D619  5 0.2733 0.3329 0.0742 0.3196 
        D620  5 0.0387 0.0778 0.8459 0.0377 
        D628  5 0.2277 0.2803 0.1590 0.3330 
        D714  5 0.0708 0.0500 0.2927 0.5865 
        D715  5 0.0486 0.1943 0.1826 0.5745 
        D716  5 0.0927 0.2228 0.2387 0.4458 
        D717  5 0.1214 0.5778 0.1154 0.1854 
        D718  5 0.2818 0.0552 0.1473 0.5157 
        D769  5 0.6719 0.0677 0.1695 0.0909 
        D770  5 0.0757 0.0996 0.4671 0.3577 
        D771  5 0.1739 0.1264 0.4658 0.2339 
        D772  5 0.0992 0.2404 0.1137 0.5467 
        D782  5 0.5169 0.1212 0.2862 0.0757 
        D783  5 0.0824 0.1122 0.5835 0.2218 
        D784  5 0.0992 0.6901 0.1111 0.0996 
        D785  5 0.1059 0.0855 0.0641 0.7445 
        D786  5 0.5190 0.3160 0.0842 0.0808 
        D821  5 0.0312 0.0384 0.0481 0.8824 
        D822  5 0.0917 0.5604 0.1233 0.2247 
        D826  5 0.0677 0.1176 0.4331 0.3816 
        D827  5 0.1201 0.6189 0.1293 0.1317 
        D851  5 0.2687 0.2821 0.2091 0.2400 
        D852  5 0.1078 0.1004 0.5249 0.2669 
        D853  5 0.1239 0.1686 0.1647 0.5428 
        D854  5 0.2037 0.2893 0.3820 0.1250 
        D861  5 0.1662 0.1656 0.3593 0.3089 
        D862  5 0.0948 0.3267 0.0612 0.5173 
        D865  5 0.0817 0.0619 0.1197 0.7367 
        D868  5 0.0895 0.7287 0.0764 0.1053 
        D869  5 0.8066 0.0628 0.0510 0.0796 
        D870  5 0.6788 0.1640 0.0900 0.0672 
        D907  5 0.0873 0.0640 0.0844 0.7643 
        D908  5 0.0817 0.0638 0.5777 0.2768 
        D910  5 0.0524 0.1398 0.3170 0.4908 
        D911  5 0.0488 0.2406 0.6511 0.0594 
        D934  5 0.0903 0.1417 0.5424 0.2256 
        D946  5 0.1698 0.0675 0.4916 0.2711 
        D947  5 0.1853 0.4654 0.1836 0.1656 
        D948  5 0.6360 0.1488 0.0501 0.1652 
        D949  5 0.7018 0.1132 0.0501 0.1350 
        D950  5 0.0545 0.1972 0.6721 0.0761 
        D951  5 0.1222 0.6524 0.0602 0.1652 
        D952  5 0.0799 0.6758 0.0864 0.1578 
        D953  5 0.0806 0.1548 0.0996 0.6649 
        D954  5 0.0906 0.5227 0.0609 0.3258 
        D961  5 0.1442 0.0675 0.1267 0.6616 
        D962  5 0.0555 0.1238 0.0382 0.7825 
        D963  5 0.0624 0.4551 0.1302 0.3523 
        D964  5 0.3590 0.1279 0.2835 0.2297 
        D965  5 0.2182 0.1894 0.2371 0.3552 
        D966  5 0.0627 0.2987 0.2412 0.3973 
        D967  5 0.1746 0.1291 0.3728 0.3235 
        D991  5 0.2949 0.2656 0.0936 0.3459 
        D502  6 0.4490 0.0943 0.3441 0.1127 
        D503  6 0.2719 0.0613 0.5780 0.0887 
        D504  6 0.1566 0.5234 0.1624 0.1576 
        D505  6 0.1727 0.2114 0.2393 0.3766 
        D506  6 0.0555 0.0772 0.0333 0.8340 
        D507  6 0.2463 0.1854 0.4267 0.1416 
        D508  6 0.1386 0.4836 0.2157 0.1620 
        D529  6 0.3537 0.2365 0.1544 0.2554 
        D530  6 0.1641 0.0588 0.0921 0.6851 
        D531  6 0.1560 0.3762 0.1656 0.3022 
        D532  6 0.0984 0.3047 0.0845 0.5125 
        D534  6 0.7462 0.1179 0.0745 0.0614 
        D535  6 0.1201 0.2724 0.0847 0.5228 
        D536  6 0.1671 0.0459 0.7320 0.0550 
        D554  6 0.1500 0.0857 0.0689 0.6955 
        D587  6 0.0675 0.1386 0.0891 0.7048 
        D588  6 0.1205 0.3527 0.1091 0.4177 
        D589  6 0.1326 0.1007 0.5726 0.1942 
        D590  6 0.0986 0.0926 0.7374 0.0714 
        D591  6 0.2434 0.1834 0.3654 0.2079 
        D592  6 0.6737 0.1118 0.0993 0.1152 
        D593  6 0.1003 0.0354 0.0799 0.7843 
        D682  6 0.0646 0.0608 0.0606 0.8140 
        D683  6 0.1233 0.6007 0.0578 0.2181 
        D684  6 0.4512 0.1138 0.3913 0.0437 
        D685  6 0.3538 0.0451 0.4014 0.1997 
        D686  6 0.0775 0.0717 0.0532 0.7976 
        D724  6 0.2613 0.3947 0.2254 0.1185 
        D725  6 0.1571 0.1064 0.3317 0.4048 
        D726  6 0.0512 0.0756 0.0519 0.8214 
        D727  6 0.1321 0.2907 0.3962 0.1810 
        D728  6 0.1018 0.0838 0.0549 0.7595 
        D729  6 0.4814 0.3012 0.1656 0.0517 
        D730  6 0.3135 0.2551 0.3214 0.1100 
        D731  6 0.0359 0.0365 0.2879 0.6397 
        D732  6 0.1432 0.5808 0.1304 0.1455 
        D733  6 0.2992 0.2653 0.1665 0.2689 
     D237251  7 0.0889 0.1023 0.6306 0.1783 
     D237252  7 0.4922 0.0965 0.3238 0.0874 
     D237253  7 0.1189 0.1060 0.5108 0.2643 
     D237254  7 0.8600 0.0509 0.0536 0.0354 
     D237255  7 0.0536 0.0787 0.7638 0.1039 
     D237256  7 0.0719 0.1890 0.5944 0.1447 
     D237257  7 0.6265 0.1058 0.1674 0.1003 
     D237282  7 0.1294 0.6914 0.1234 0.0557 
     D237283  7 0.8441 0.0342 0.0697 0.0520 
     D237284  7 0.8138 0.0897 0.0532 0.0432 
     D237285  7 0.1257 0.1149 0.2171 0.5423 
     D237286  7 0.1502 0.3658 0.1984 0.2856 
     D237287  7 0.1545 0.2321 0.5115 0.1018 
     D244006  7 0.8531 0.0621 0.0397 0.0452 
     D244007  7 0.1549 0.2567 0.4972 0.0912 
     D244008  7 0.8009 0.0449 0.0569 0.0973 
     D244009  7 0.4865 0.2455 0.0692 0.1988 
     D244010  7 0.5732 0.0976 0.2095 0.1198 
     D244011  7 0.1808 0.1162 0.3563 0.3467 
     D244012  7 0.2828 0.1616 0.4489 0.1067 
     D244013  7 0.0875 0.2401 0.4630 0.2094 
     D244014  7 0.3507 0.1223 0.3933 0.1336 
     D244015  7 0.6012 0.1905 0.1136 0.0947 
     D244125  7 0.0903 0.2996 0.3216 0.2885 
     D244126  7 0.8836 0.0401 0.0477 0.0286 
     D244130  7 0.4085 0.1723 0.1737 0.2454 
     D244131  7 0.2008 0.4263 0.1225 0.2505 
     D244132  7 0.0754 0.4323 0.0616 0.4307 
        D520  7 0.4302 0.0887 0.0679 0.4133 
        D521  7 0.2663 0.3002 0.1701 0.2633 
        D522  7 0.5306 0.2823 0.0771 0.1099 
        D523  7 0.0750 0.0845 0.7373 0.1032 
        D524  7 0.1749 0.1746 0.4001 0.2504 
        D525  7 0.5375 0.0771 0.3193 0.0660 
        D526  7 0.8344 0.0826 0.0498 0.0331 
        D527  7 0.1796 0.4741 0.1988 0.1475 
        D528  7 0.8709 0.0412 0.0490 0.0389 
        D558  7 0.2058 0.5282 0.1942 0.0718 
        D559  7 0.1662 0.5452 0.2465 0.0421 
        D640  7 0.1003 0.2644 0.2939 0.3414 
        D641  7 0.2157 0.0593 0.2840 0.4410 
        D642  7 0.5539 0.1105 0.2078 0.1278 
        D644  7 0.2742 0.1639 0.1846 0.3773 
        D645  7 0.1968 0.1553 0.3942 0.2538 
        D662  7 0.4878 0.3016 0.0347 0.1759 
        D687  7 0.1407 0.2612 0.4218 0.1762 
        D688  7 0.2580 0.5093 0.1702 0.0625 
        D689  7 0.1593 0.3063 0.2321 0.3024 
        D700  7 0.8181 0.0715 0.0801 0.0303 
        D797  7 0.1539 0.3248 0.2511 0.2702 
        D798  7 0.6923 0.1680 0.0510 0.0887 
        D799  7 0.2507 0.1263 0.5526 0.0704 
        D800  7 0.1506 0.6130 0.1773 0.0591 
        D132  8 0.8135 0.0750 0.0495 0.0621 
        D133  8 0.0986 0.0332 0.8329 0.0353 
        D200  8 0.1580 0.1629 0.3995 0.2796 
        D500  8 0.8625 0.0561 0.0276 0.0538 
        D614  8 0.1580 0.1585 0.0935 0.5900 
        D723  8 0.2942 0.4532 0.1493 0.1033 
        D888  8 0.0574 0.0926 0.7708 0.0792 
        D901  8 0.5729 0.0541 0.1858 0.1871 
        D902  8 0.0815 0.0658 0.0787 0.7740 
        D903  8 0.0662 0.6617 0.0969 0.1752 
        D904  8 0.2405 0.4731 0.1340 0.1524 
        D905  8 0.0456 0.0317 0.7080 0.2147 
        D906  8 0.1654 0.1333 0.6393 0.0619 
        D937  8 0.0475 0.0296 0.0582 0.8647 
        D943  8 0.4736 0.2004 0.2225 0.1035 
        D972  8 0.3891 0.3457 0.1270 0.1382 
        D973  8 0.1285 0.7435 0.0443 0.0836 
        D974  8 0.2563 0.2086 0.1851 0.3500 
        D975  8 0.1647 0.1748 0.2516 0.4089 
        D976  8 0.2989 0.0835 0.2809 0.3368 
        D201  9 0.1797 0.1537 0.5583 0.1083 
        D202  9 0.2203 0.0639 0.4178 0.2980 
     D237259  9 0.4588 0.3413 0.1502 0.0498 
     D237260  9 0.2824 0.0418 0.5875 0.0884 
     D237262  9 0.8477 0.0582 0.0440 0.0500 
     D237263  9 0.4849 0.1474 0.2988 0.0689 
     D237264  9 0.3660 0.1415 0.2209 0.2716 
     D237265  9 0.1186 0.0459 0.7345 0.1010 
     D237266  9 0.2341 0.1112 0.6096 0.0451 
     D237267  9 0.3345 0.0840 0.1223 0.4592 
     D237268  9 0.6065 0.1414 0.0907 0.1614 
     D237289  9 0.1378 0.0515 0.4688 0.3420 
     D237290  9 0.0651 0.0459 0.8506 0.0384 
     D237291  9 0.1219 0.0638 0.7201 0.0941 
     D237292  9 0.2824 0.0581 0.5913 0.0681 
     D237293  9 0.3321 0.1532 0.1338 0.3809 
     D237294  9 0.4910 0.0500 0.3065 0.1525 
     D237295  9 0.2964 0.3844 0.0616 0.2576 
     D237296  9 0.3546 0.1342 0.2855 0.2257 
     D237297  9 0.0882 0.0802 0.1141 0.7174 
     D237298  9 0.2189 0.3814 0.2853 0.1144 
     D237341  9 0.1866 0.2412 0.4794 0.0927 
     D237342  9 0.6371 0.0835 0.1146 0.1649 
     D237343  9 0.4303 0.1192 0.3646 0.0859 
     D237344  9 0.1120 0.0924 0.1907 0.6049 
     D237345  9 0.8217 0.0638 0.0741 0.0404 
     D237346  9 0.2045 0.0654 0.4977 0.2324 
     D237347  9 0.1227 0.1235 0.2745 0.4792 
     D237348  9 0.3508 0.1689 0.2226 0.2577 
     D237349  9 0.2122 0.3484 0.3873 0.0521 
     D244109  9 0.2060 0.1451 0.6218 0.0271 
     D244110  9 0.1245 0.0964 0.7247 0.0545 
     D244111  9 0.2066 0.2237 0.3706 0.1991 
     D244128  9 0.7673 0.0664 0.0844 0.0820 
     D244137  9 0.1727 0.6234 0.1117 0.0922 
     D244138  9 0.1730 0.0858 0.4862 0.2550 
        D580  9 0.7475 0.0793 0.0514 0.1219 
        D581  9 0.0675 0.0440 0.8485 0.0401 
        D582  9 0.8738 0.0346 0.0501 0.0415 
        D583  9 0.1203 0.0431 0.7885 0.0481 
        D584  9 0.2467 0.0491 0.0926 0.6117 
        D585  9 0.6115 0.0702 0.2662 0.0521 
        D586  9 0.0537 0.0651 0.7656 0.1156 
        D651  9 0.1174 0.5233 0.1920 0.1673 
        D652  9 0.4285 0.3622 0.1647 0.0446 
        D653  9 0.1252 0.3710 0.3974 0.1065 
        D654  9 0.1986 0.3944 0.3319 0.0750 
        D655  9 0.1204 0.1893 0.3412 0.3491 
        D656  9 0.7990 0.0602 0.0581 0.0827 
        D657  9 0.4297 0.1516 0.2347 0.1840 
        D667  9 0.1057 0.1054 0.2303 0.5585 
        D668  9 0.4534 0.1036 0.2438 0.1993 
        D669  9 0.1523 0.1053 0.6467 0.0957 
        D670  9 0.1571 0.5996 0.1218 0.1216 
        D671  9 0.1066 0.0825 0.7294 0.0814 
        D672  9 0.7024 0.0778 0.1409 0.0789 
        D673  9 0.2632 0.1826 0.1815 0.3727 
        D692  9 0.5848 0.0671 0.2825 0.0656 
        D693  9 0.3110 0.1884 0.1172 0.3833 
        D694  9 0.7724 0.0509 0.0880 0.0887 
        D695  9 0.4643 0.3218 0.1125 0.1014 
        D696  9 0.0309 0.0348 0.0356 0.8988 
        D697  9 0.1449 0.1795 0.2392 0.4364 
        D698  9 0.1234 0.0614 0.4172 0.3981 
        D699  9 0.1226 0.0421 0.1265 0.7088 
        D787  9 0.3168 0.4446 0.1802 0.0584 
        D788  9 0.1486 0.0800 0.0571 0.7143 
        D789  9 0.3322 0.0598 0.2001 0.4078 
        D790  9 0.3382 0.1995 0.3381 0.1243 
        D791  9 0.0989 0.0521 0.5965 0.2525 
        D792  9 0.2408 0.4009 0.2986 0.0597 
        D793  9 0.0941 0.2754 0.1492 0.4813 
        D794  9 0.1353 0.3888 0.1778 0.2981 
        D795  9 0.6320 0.0397 0.1049 0.2233 
        D796  9 0.1714 0.0804 0.5564 0.1918 
        D142 10 0.1031 0.2050 0.1604 0.5315 
        D143 10 0.0816 0.0790 0.7151 0.1243 
        D144 10 0.2712 0.2678 0.1448 0.3161 
        D145 10 0.0700 0.0841 0.7873 0.0586 
        D146 10 0.6697 0.0894 0.0573 0.1836 
        D147 10 0.4642 0.1885 0.1997 0.1475 
        D148 10 0.4495 0.2277 0.1324 0.1905 
        D149 10 0.0772 0.1068 0.7600 0.0560 
        D151 10 0.5647 0.0907 0.2309 0.1137 
        D152 10 0.0429 0.0321 0.8865 0.0385 
        D153 10 0.1136 0.5001 0.0608 0.3256 
        D156 10 0.0769 0.6732 0.1533 0.0966 
        D157 10 0.1654 0.0874 0.0961 0.6511 
        D158 10 0.2113 0.0520 0.3694 0.3673 
        D159 10 0.0483 0.0644 0.8372 0.0501 
        D160 10 0.0423 0.0296 0.6515 0.2766 
        D161 10 0.1689 0.3973 0.1999 0.2339 
        D162 10 0.0607 0.5200 0.2415 0.1778 
        D169 10 0.7934 0.0799 0.0828 0.0439 
        D170 10 0.6574 0.1119 0.0598 0.1709 
        D171 10 0.1723 0.1418 0.0816 0.6043 
        D172 10 0.2110 0.3263 0.2834 0.1793 
        D173 10 0.0777 0.1205 0.7731 0.0288 
        D181 10 0.0850 0.1880 0.1729 0.5541 
        D182 10 0.2272 0.1605 0.5415 0.0708 
        D183 10 0.0712 0.0878 0.0508 0.7902 
        D184 10 0.8149 0.1227 0.0280 0.0345 
        D185 10 0.2207 0.5156 0.1118 0.1519 
        D186 10 0.7763 0.0437 0.1249 0.0551 
        D194 10 0.5320 0.2128 0.1070 0.1481 
        D195 10 0.0902 0.2168 0.4289 0.2641 
        D196 10 0.0521 0.4439 0.3679 0.1362 
        D197 10 0.6600 0.0442 0.1998 0.0960 
        D198 10 0.3469 0.3429 0.0653 0.2450 
     D237226 10 0.2274 0.1201 0.5998 0.0527 
     D237232 10 0.1290 0.0774 0.4181 0.3754 
     D237233 10 0.0946 0.0670 0.6677 0.1708 
     D237234 10 0.1296 0.1570 0.2031 0.5102 
     D237354 10 0.0346 0.0459 0.8852 0.0343 
     D237355 10 0.0826 0.0725 0.7361 0.1088 
     D237356 10 0.2008 0.3020 0.0464 0.4508 
     D237357 10 0.2857 0.1129 0.4680 0.1334 
     D237358 10 0.4387 0.3103 0.1681 0.0828 
     D237369 10 0.7521 0.1082 0.0938 0.0460 
     D237370 10 0.0880 0.0580 0.1304 0.7236 
     D237371 10 0.2903 0.5297 0.0884 0.0916 
     D237372 10 0.4441 0.0857 0.4078 0.0624 
     D237373 10 0.0962 0.0859 0.3693 0.4486 
     D237374 10 0.0499 0.0591 0.6850 0.2060 
     D237375 10 0.2540 0.2309 0.3742 0.1410 
     D237400 10 0.0287 0.0347 0.8936 0.0429 
     D244002 10 0.6775 0.1400 0.1167 0.0658 
     D244003 10 0.0648 0.0286 0.5199 0.3867 
     D244004 10 0.0562 0.0213 0.0359 0.8865 
     D244005 10 0.2935 0.0744 0.5688 0.0633 
     D244020 10 0.1420 0.2955 0.1326 0.4300 
     D244021 10 0.4310 0.0933 0.3204 0.1553 
     D244116 10 0.5136 0.1669 0.1264 0.1931 
     D244117 10 0.0744 0.0747 0.4129 0.4380 
     D244121 10 0.1245 0.0503 0.2236 0.6016 
     D244123 10 0.1229 0.0921 0.3160 0.4690 
     D244124 10 0.3904 0.0516 0.3481 0.2099 
        D332 10 0.0890 0.6895 0.0816 0.1399 
        D570 10 0.0799 0.1236 0.0660 0.7305 
        D602 10 0.0697 0.7521 0.0941 0.0841 
        D603 10 0.1869 0.0763 0.2805 0.4563 
        D604 10 0.0716 0.3917 0.3901 0.1466 
        D605 10 0.1260 0.6112 0.1695 0.0933 
        D606 10 0.5641 0.0750 0.0539 0.3071 
        D607 10 0.0636 0.8277 0.0554 0.0533 
        D608 10 0.0343 0.0784 0.8561 0.0312 
        D609 10 0.0967 0.2246 0.0407 0.6379 
        D610 10 0.1955 0.2255 0.2244 0.3545 
        D611 10 0.0296 0.0455 0.0317 0.8932 
        D613 10 0.0831 0.5457 0.1274 0.2438 
        D633 10 0.1285 0.6686 0.1511 0.0518 
        D634 10 0.1961 0.1100 0.1302 0.5637 
        D638 10 0.0398 0.0421 0.8542 0.0639 
        D681 10 0.2210 0.1077 0.1342 0.5371 
        D754 10 0.4124 0.0408 0.1262 0.4207 
        D755 10 0.0457 0.0302 0.4774 0.4467 
        D756 10 0.1538 0.0632 0.1336 0.6494 
        D757 10 0.2226 0.2537 0.4275 0.0962 
        D758 10 0.2480 0.2527 0.2311 0.2682 
        D759 10 0.0785 0.0722 0.5285 0.3209 
        D760 10 0.1407 0.1463 0.3622 0.3508 
        D761 10 0.0325 0.0271 0.8905 0.0498 
        D762 10 0.1135 0.6982 0.0891 0.0992 
        D775 10 0.0822 0.0406 0.2361 0.6411 
        D776 10 0.0740 0.0376 0.7862 0.1022 
        D777 10 0.2024 0.0816 0.2842 0.4319 
        D778 10 0.1872 0.0497 0.7087 0.0543 
        D779 10 0.2215 0.0801 0.1513 0.5471 
        D780 10 0.0762 0.1940 0.5495 0.1803 
        D781 10 0.1184 0.5175 0.2197 0.1444 
        D858 10 0.8346 0.0385 0.0960 0.0309 
        D933 10 0.1072 0.3701 0.2994 0.2232 
        D038 11 0.1733 0.1746 0.4962 0.1560 
        D063 11 0.0883 0.1066 0.4241 0.3811 
        D155 11 0.1019 0.1815 0.3396 0.3770 
        D175 11 0.2820 0.0549 0.0916 0.5714 
        D176 11 0.0739 0.0422 0.6794 0.2046 
        D205 11 0.1693 0.0616 0.0391 0.7300 
     D237229 11 0.2952 0.2859 0.3631 0.0558 
     D237230 11 0.2559 0.5343 0.1544 0.0555 
     D237231 11 0.0534 0.7940 0.0906 0.0620 
     D237269 11 0.2044 0.3066 0.3795 0.1096 
     D237270 11 0.6524 0.1785 0.1099 0.0592 
     D237271 11 0.1299 0.1979 0.0910 0.5812 
     D237272 11 0.2487 0.5447 0.1374 0.0692 
     D237273 11 0.0762 0.0846 0.1616 0.6777 
     D237301 11 0.0562 0.7220 0.0659 0.1560 
     D237302 11 0.4866 0.1858 0.2191 0.1085 
     D237303 11 0.6155 0.1533 0.1860 0.0453 
     D237304 11 0.2091 0.3943 0.1762 0.2204 
     D237305 11 0.6336 0.0775 0.1311 0.1578 
     D237314 11 0.1819 0.1532 0.2422 0.4227 
     D237315 11 0.6852 0.1407 0.0971 0.0771 
     D237316 11 0.0542 0.7993 0.0403 0.1062 
     D237328 11 0.3158 0.3263 0.0543 0.3036 
     D237329 11 0.3035 0.1123 0.4600 0.1242 
     D237330 11 0.0687 0.0694 0.1695 0.6924 
     D237331 11 0.1256 0.2193 0.2483 0.4067 
     D237332 11 0.1117 0.4526 0.1216 0.3141 
     D237333 11 0.0521 0.0677 0.5514 0.3288 
     D237334 11 0.0690 0.7568 0.0654 0.1087 
     D237335 11 0.1798 0.3869 0.0739 0.3593 
     D237336 11 0.1562 0.1430 0.5171 0.1838 
     D237350 11 0.0653 0.1490 0.1212 0.6645 
     D237383 11 0.3618 0.0703 0.3745 0.1934 
     D237384 11 0.2487 0.5816 0.0875 0.0822 
     D237385 11 0.2519 0.2966 0.2377 0.2138 
     D237386 11 0.1301 0.5555 0.1508 0.1637 
     D237387 11 0.1355 0.6727 0.0460 0.1459 
     D237388 11 0.0520 0.1064 0.0627 0.7788 
        D239 11 0.0980 0.2086 0.2764 0.4171 
        D240 11 0.0966 0.0485 0.7935 0.0615 
        D241 11 0.5263 0.1975 0.1845 0.0916 
        D242 11 0.1278 0.4819 0.2342 0.1561 
        D243 11 0.1727 0.1565 0.2057 0.4651 
        D244 11 0.1600 0.1099 0.0598 0.6704 
