        D174  1 0.7645 0.0597 0.1758 
        D199  1 0.5084 0.3735 0.1181 
        D203  1 0.4080 0.3454 0.2466 
        D204  1 0.6757 0.1572 0.1672 
     D237366  1 0.2395 0.2423 0.5183 
     D237367  1 0.1833 0.1198 0.6969 
     D237368  1 0.2617 0.1758 0.5624 
     D244101  1 0.2882 0.6050 0.1067 
     D244102  1 0.4552 0.2539 0.2909 
     D244103  1 0.2103 0.0760 0.7137 
     D244104  1 0.6088 0.1760 0.2152 
     D244105  1 0.0558 0.0746 0.8696 
     D244106  1 0.5656 0.3268 0.1076 
     D244107  1 0.0514 0.0853 0.8633 
     D244108  1 0.7858 0.0827 0.1315 
     D244113  1 0.8157 0.1278 0.0564 
     D244114  1 0.2373 0.5333 0.2294 
     D244115  1 0.5519 0.1024 0.3457 
     D267365  1 0.7417 0.1243 0.1341 
        D404  1 0.7471 0.1507 0.1022 
        D405  1 0.5927 0.2145 0.1929 
        D406  1 0.1631 0.0407 0.7961 
        D407  1 0.1516 0.0937 0.7548 
        D408  1 0.6479 0.2280 0.1242 
        D409  1 0.1054 0.0874 0.8071 
        D410  1 0.1217 0.0295 0.8489 
        D421  1 0.5284 0.1546 0.3170 
        D422  1 0.0288 0.0375 0.9337 
        D423  1 0.0418 0.0305 0.9277 
        D424  1 0.2690 0.0427 0.6883 
        D425  1 0.7690 0.1023 0.1286 
        D426  1 0.0598 0.1866 0.7537 
        D427  1 0.1907 0.7137 0.0956 
        D428  1 0.5790 0.1127 0.3083 
        D429  1 0.6348 0.1493 0.2159 
        D430  1 0.2713 0.4572 0.2715 
        D491  1 0.8762 0.0566 0.0672 
        D492  1 0.5004 0.1197 0.3800 
        D537  1 0.5927 0.0610 0.3463 
        D538  1 0.4010 0.1967 0.4023 
        D539  1 0.4616 0.3606 0.1778 
        D540  1 0.4235 0.1228 0.4538 
        D541  1 0.5268 0.1346 0.3385 
        D551  1 0.0935 0.6744 0.2321 
        D552  1 0.5520 0.1258 0.3223 
        D553  1 0.4702 0.0910 0.4388 
        D615  1 0.4814 0.2123 0.3064 
        D616  1 0.3143 0.2281 0.4576 
        D621  1 0.3234 0.0925 0.5841 
        D622  1 0.1112 0.0714 0.8174 
        D623  1 0.5441 0.3971 0.0589 
        D624  1 0.8204 0.0772 0.1024 
        D625  1 0.7187 0.0524 0.2289 
        D626  1 0.5345 0.1502 0.3152 
        D627  1 0.0824 0.1233 0.7943 
        D690  1 0.6574 0.0411 0.3015 
        D691  1 0.1514 0.0737 0.7749 
        D710  1 0.5545 0.1824 0.2630 
        D711  1 0.5832 0.1084 0.3084 
        D712  1 0.7924 0.1180 0.0895 
        D713  1 0.8376 0.0493 0.1131 
        D746  1 0.0750 0.0508 0.8743 
        D747  1 0.5964 0.1634 0.2402 
        D748  1 0.3786 0.0664 0.5550 
        D749  1 0.1850 0.2139 0.6011 
        D750  1 0.8146 0.0678 0.1176 
        D763  1 0.1491 0.6155 0.2354 
        D764  1 0.6844 0.0451 0.2705 
        D765  1 0.2877 0.0644 0.6479 
        D766  1 0.3830 0.0622 0.5548 
        D767  1 0.3970 0.2749 0.3281 
        D768  1 0.3377 0.0815 0.5808 
        D811  1 0.6685 0.1277 0.2038 
        D816  1 0.7218 0.0766 0.2016 
        D825  1 0.6838 0.0636 0.2526 
        D866  1 0.3594 0.5124 0.1282 
        D867  1 0.0656 0.0599 0.8745 
        D871  1 0.1331 0.0721 0.7948 
        D872  1 0.7028 0.0794 0.2178 
        D873  1 0.0371 0.0326 0.9304 
        D874  1 0.7820 0.1705 0.0476 
        D875  1 0.0533 0.0417 0.9050 
        D876  1 0.8035 0.0731 0.1235 
        D877  1 0.9050 0.0559 0.0391 
        D892  1 0.7028 0.0596 0.2375 
        D893  1 0.3047 0.2363 0.4590 
        D894  1 0.4607 0.1525 0.3868 
        D915  1 0.5071 0.0825 0.4104 
        D916  1 0.5976 0.0731 0.3293 
        D917  1 0.7453 0.1506 0.1041 
        D925  1 0.2658 0.0573 0.6769 
        D926  1 0.5116 0.1066 0.3818 
        D927  1 0.2789 0.5833 0.1379 
        D928  1 0.9364 0.0316 0.0320 
        D929  1 0.5947 0.1605 0.2448 
        D936  1 0.4208 0.4223 0.1569 
        D938  1 0.0695 0.0412 0.8892 
        D956  1 0.6706 0.1701 0.1593 
        D957  1 0.5375 0.0936 0.3689 
        D958  1 0.7792 0.0492 0.1716 
        D959  1 0.1214 0.0706 0.8081 
        D960  1 0.1330 0.0510 0.8160 
        D989  1 0.5799 0.3432 0.0769 
        D990  1 0.0548 0.1321 0.8131 
        D023  2 0.0864 0.0534 0.8602 
        D130  2 0.0944 0.0593 0.8463 
        D131  2 0.2187 0.2013 0.5800 
        D163  2 0.0762 0.0430 0.8807 
        D164  2 0.0364 0.4700 0.4935 
        D165  2 0.0459 0.0763 0.8777 
        D166  2 0.2603 0.3045 0.4352 
        D167  2 0.0603 0.9008 0.0389 
        D192  2 0.0322 0.9374 0.0304 
        D193  2 0.6397 0.1586 0.2017 
        D206  2 0.2293 0.2371 0.5336 
        D207  2 0.1461 0.7507 0.1032 
        D208  2 0.3434 0.5640 0.0926 
        D209  2 0.0842 0.7081 0.2077 
        D210  2 0.4604 0.4511 0.0885 
     D229599  2 0.3727 0.3342 0.2931 
     D229600  2 0.0735 0.4615 0.4650 
     D237227  2 0.3720 0.2869 0.3411 
     D237228  2 0.2545 0.2622 0.4833 
     D237258  2 0.3049 0.4067 0.2884 
     D237310  2 0.1061 0.1739 0.7200 
     D237311  2 0.0836 0.3353 0.5810 
     D237312  2 0.3124 0.0980 0.5896 
     D237313  2 0.6089 0.1177 0.2734 
     D237322  2 0.1861 0.6478 0.1660 
     D237323  2 0.2335 0.1378 0.6287 
     D237324  2 0.0575 0.3718 0.5708 
     D237325  2 0.3169 0.1377 0.5455 
     D237326  2 0.3570 0.0768 0.5661 
     D237327  2 0.1156 0.7522 0.1322 
     D237337  2 0.1687 0.0497 0.7816 
     D237338  2 0.2152 0.2710 0.5137 
     D237339  2 0.2072 0.6614 0.1315 
     D237340  2 0.2822 0.4770 0.2408 
     D237389  2 0.1031 0.1141 0.7828 
     D237390  2 0.4797 0.1220 0.3984 
     D244017  2 0.3376 0.5451 0.1173 
     D244112  2 0.0388 0.8324 0.1288 
     D244118  2 0.0552 0.7024 0.2424 
     D244119  2 0.4113 0.5304 0.0583 
     D244120  2 0.1034 0.8069 0.0898 
     D244122  2 0.1300 0.7843 0.0857 
        D291  2 0.1275 0.5916 0.2809 
        D292  2 0.2828 0.6200 0.0972 
        D293  2 0.0736 0.8757 0.0507 
        D322  2 0.1402 0.7168 0.1430 
        D323  2 0.4456 0.3732 0.1811 
        D324  2 0.2961 0.3612 0.3428 
        D325  2 0.0324 0.8672 0.1004 
        D326  2 0.7411 0.1405 0.1183 
        D340  2 0.0349 0.9154 0.0497 
        D341  2 0.0619 0.8665 0.0715 
        D342  2 0.0636 0.6476 0.2888 
        D343  2 0.0200 0.9475 0.0325 
        D344  2 0.5197 0.2058 0.2744 
        D345  2 0.3955 0.1772 0.4273 
        D346  2 0.6186 0.2815 0.0999 
        D351  2 0.2226 0.3631 0.4142 
        D352  2 0.3528 0.3823 0.2649 
        D353  2 0.3480 0.3162 0.3359 
        D354  2 0.7527 0.0874 0.1599 
        D362  2 0.6126 0.0847 0.3027 
        D363  2 0.7202 0.0888 0.1909 
        D364  2 0.6817 0.1019 0.2163 
        D365  2 0.0380 0.9294 0.0325 
        D369  2 0.3910 0.3768 0.2323 
        D374  2 0.9019 0.0482 0.0499 
        D375  2 0.4698 0.1744 0.3558 
        D376  2 0.7831 0.1124 0.1045 
        D377  2 0.4283 0.1922 0.3795 
        D378  2 0.1797 0.6185 0.2017 
        D379  2 0.7760 0.0801 0.1439 
        D384  2 0.8207 0.0534 0.1259 
        D385  2 0.0472 0.9103 0.0425 
        D386  2 0.2976 0.3685 0.3339 
        D391  2 0.0457 0.9162 0.0381 
        D392  2 0.1523 0.7361 0.1116 
        D393  2 0.2328 0.5567 0.2105 
        D394  2 0.2347 0.2814 0.4839 
        D395  2 0.0797 0.7998 0.1205 
        D401  2 0.0682 0.0589 0.8729 
        D402  2 0.0357 0.9271 0.0373 
        D403  2 0.3344 0.1402 0.5254 
        D415  2 0.1682 0.0595 0.7723 
        D435  2 0.1207 0.5480 0.3313 
        D436  2 0.6426 0.1550 0.2025 
        D438  2 0.0412 0.9070 0.0518 
        D439  2 0.1767 0.3907 0.4326 
        D449  2 0.0789 0.5990 0.3221 
        D450  2 0.6983 0.1000 0.2017 
        D456  2 0.5042 0.0591 0.4367 
        D462  2 0.0408 0.9130 0.0463 
        D463  2 0.8176 0.0514 0.1310 
        D464  2 0.3744 0.4629 0.1627 
        D465  2 0.1243 0.4485 0.4272 
        D473  2 0.5873 0.1855 0.2273 
        D474  2 0.3362 0.3894 0.2745 
        D476  2 0.0739 0.2825 0.6435 
        D477  2 0.5458 0.2527 0.2015 
        D478  2 0.4736 0.1585 0.3680 
        D480  2 0.3844 0.5439 0.0717 
        D481  2 0.4355 0.3088 0.2556 
        D482  2 0.1854 0.6131 0.2016 
        D483  2 0.0790 0.8824 0.0387 
        D484  2 0.2687 0.5845 0.1468 
        D510  2 0.7567 0.1811 0.0623 
        D511  2 0.2136 0.6187 0.1677 
        D512  2 0.0488 0.1803 0.7709 
        D513  2 0.1952 0.5434 0.2614 
        D635  2 0.2243 0.0794 0.6963 
        D636  2 0.0504 0.0381 0.9115 
        D637  2 0.1921 0.6434 0.1646 
        D658  2 0.1715 0.7511 0.0774 
        D659  2 0.4604 0.1662 0.3734 
        D677  2 0.2806 0.2628 0.4566 
        D678  2 0.0598 0.8365 0.1037 
        D679  2 0.4961 0.3422 0.1617 
        D719  2 0.6547 0.3021 0.0432 
        D720  2 0.7784 0.0825 0.1391 
        D721  2 0.1057 0.2310 0.6632 
        D722  2 0.7957 0.1122 0.0921 
        D734  2 0.3387 0.6103 0.0511 
        D735  2 0.4880 0.2746 0.2373 
        D736  2 0.5396 0.3014 0.1590 
        D737  2 0.0911 0.8311 0.0778 
        D807  2 0.6568 0.2310 0.1122 
        D808  2 0.1443 0.3823 0.4734 
        D817  2 0.7254 0.0919 0.1827 
        D818  2 0.0891 0.6225 0.2884 
        D819  2 0.2743 0.1928 0.5329 
        D820  2 0.6317 0.2622 0.1061 
        D895  2 0.2896 0.1356 0.5748 
        D896  2 0.1106 0.0413 0.8481 
        D897  2 0.0803 0.7965 0.1232 
        D898  2 0.3473 0.2683 0.3844 
        D918  2 0.1899 0.3518 0.4584 
        D919  2 0.2025 0.6149 0.1827 
        D920  2 0.0883 0.0572 0.8545 
        D923  2 0.6181 0.1702 0.2116 
        D930  2 0.7034 0.1456 0.1509 
        D931  2 0.3948 0.4390 0.1661 
        D968  2 0.0448 0.9200 0.0352 
        D969  2 0.2233 0.6512 0.1254 
        D977  2 0.0533 0.7638 0.1828 
        D978  2 0.1700 0.7072 0.1228 
        D211  3 0.1396 0.1053 0.7551 
     D229639  3 0.1723 0.7490 0.0788 
     D237212  3 0.1250 0.5756 0.2994 
     D237213  3 0.2145 0.1579 0.6276 
     D237214  3 0.0869 0.0496 0.8635 
     D237215  3 0.1138 0.8443 0.0419 
     D237216  3 0.0906 0.2198 0.6897 
     D237217  3 0.0781 0.1004 0.8214 
     D237218  3 0.1527 0.6447 0.2026 
     D237219  3 0.1837 0.2450 0.5713 
     D237382  3 0.5845 0.1590 0.2565 
     D244127  3 0.0654 0.2031 0.7315 
     D244129  3 0.2864 0.2802 0.4334 
     D244133  3 0.3494 0.2677 0.3829 
     D244134  3 0.3524 0.4670 0.1806 
     D244135  3 0.0535 0.0965 0.8500 
     D244136  3 0.6458 0.1576 0.1967 
        D416  3 0.1029 0.5013 0.3958 
        D417  3 0.5666 0.0858 0.3476 
        D419  3 0.2504 0.3618 0.3879 
        D565  3 0.9020 0.0515 0.0465 
        D566  3 0.4183 0.4647 0.1171 
        D567  3 0.4526 0.1092 0.4382 
        D568  3 0.1632 0.3781 0.4587 
        D569  3 0.1428 0.6064 0.2508 
        D573  3 0.0595 0.8276 0.1130 
        D574  3 0.5983 0.1651 0.2365 
        D575  3 0.4091 0.2020 0.3890 
        D576  3 0.0503 0.8986 0.0511 
        D577  3 0.6959 0.0843 0.2198 
        D578  3 0.0346 0.0425 0.9229 
        D579  3 0.4637 0.3428 0.1935 
        D660  3 0.0468 0.6733 0.2798 
        D661  3 0.0565 0.8348 0.1087 
        D663  3 0.0863 0.8438 0.0699 
        D664  3 0.2105 0.3187 0.4709 
        D665  3 0.0578 0.2565 0.6857 
        D666  3 0.3122 0.2118 0.4761 
        D009  4 0.1581 0.1209 0.7210 
        D057  4 0.0881 0.7233 0.1886 
        D109  4 0.1555 0.0760 0.7686 
     D237222  4 0.3278 0.0908 0.5814 
     D237223  4 0.2625 0.2119 0.5256 
     D237224  4 0.1456 0.7391 0.1153 
     D237225  4 0.1982 0.1553 0.6465 
     D237299  4 0.0787 0.1317 0.7896 
     D237300  4 0.0842 0.8518 0.0640 
     D237306  4 0.7700 0.0930 0.1370 
     D237307  4 0.6368 0.1426 0.2206 
     D237308  4 0.1886 0.7018 0.1096 
     D237309  4 0.2096 0.1605 0.6299 
     D237317  4 0.8343 0.0715 0.0942 
     D237318  4 0.0631 0.8934 0.0435 
     D237319  4 0.2735 0.2090 0.5175 
     D237320  4 0.1316 0.3402 0.5283 
     D237321  4 0.1358 0.7342 0.1300 
     D237397  4 0.3833 0.3489 0.2678 
     D237398  4 0.0656 0.7898 0.1446 
     D237399  4 0.4365 0.3334 0.2301 
     D244001  4 0.1018 0.1594 0.7388 
        D289  4 0.4266 0.4357 0.1376 
        D290  4 0.4326 0.3783 0.1891 
        D294  4 0.2686 0.5077 0.2237 
        D295  4 0.5132 0.1712 0.3156 
        D301  4 0.1048 0.2061 0.6890 
        D302  4 0.5841 0.1905 0.2254 
        D303  4 0.6189 0.2348 0.1463 
        D304  4 0.5702 0.3165 0.1133 
        D305  4 0.0646 0.5957 0.3396 
        D306  4 0.6256 0.1719 0.2026 
        D307  4 0.1099 0.1219 0.7682 
        D327  4 0.6282 0.1856 0.1862 
        D328  4 0.7040 0.1684 0.1276 
        D329  4 0.1491 0.6680 0.1829 
        D330  4 0.2537 0.1033 0.6429 
        D331  4 0.4974 0.3040 0.1986 
        D333  4 0.4670 0.3204 0.2126 
        D334  4 0.7857 0.0844 0.1300 
        D335  4 0.7322 0.1902 0.0776 
        D370  4 0.6757 0.1225 0.2018 
        D371  4 0.8749 0.0619 0.0633 
        D372  4 0.0712 0.8775 0.0514 
        D373  4 0.0470 0.2173 0.7356 
        D455  4 0.0722 0.1561 0.7717 
        D490  4 0.0601 0.0367 0.9032 
        D497  4 0.0554 0.0858 0.8588 
        D498  4 0.4610 0.2852 0.2538 
        D499  4 0.1457 0.7346 0.1198 
        D514  4 0.3495 0.2035 0.4469 
        D515  4 0.1938 0.0984 0.7079 
        D516  4 0.4261 0.1915 0.3824 
        D517  4 0.0589 0.1486 0.7925 
        D518  4 0.5176 0.2692 0.2132 
        D519  4 0.0816 0.1606 0.7578 
        D560  4 0.1302 0.2967 0.5731 
        D561  4 0.0593 0.0801 0.8606 
        D562  4 0.2797 0.3894 0.3308 
        D563  4 0.0591 0.7904 0.1505 
        D572  4 0.4431 0.3107 0.2462 
        D629  4 0.2948 0.1533 0.5519 
        D630  4 0.4336 0.2195 0.3469 
        D631  4 0.1412 0.7533 0.1054 
        D632  4 0.0973 0.2987 0.6040 
        D646  4 0.1897 0.1684 0.6419 
        D647  4 0.3213 0.2680 0.4107 
        D648  4 0.6332 0.2326 0.1342 
        D649  4 0.3135 0.1071 0.5794 
        D650  4 0.5835 0.1368 0.2797 
        D708  4 0.6127 0.2148 0.1725 
        D709  4 0.6902 0.1411 0.1687 
        D738  4 0.7495 0.0799 0.1707 
        D739  4 0.2225 0.2395 0.5380 
        D740  4 0.1235 0.5162 0.3603 
        D741  4 0.1008 0.3353 0.5638 
        D742  4 0.1176 0.7433 0.1391 
        D743  4 0.4514 0.3903 0.1583 
        D744  4 0.1816 0.6226 0.1958 
        D745  4 0.0654 0.0898 0.8447 
        D814  4 0.0737 0.6910 0.2354 
        D815  4 0.5851 0.2546 0.1603 
        D828  4 0.3509 0.5187 0.1304 
        D845  4 0.0768 0.8833 0.0399 
        D846  4 0.0982 0.5735 0.3284 
        D847  4 0.2525 0.3068 0.4407 
        D848  4 0.0390 0.3562 0.6047 
        D849  4 0.1176 0.1069 0.7755 
        D850  4 0.3207 0.1928 0.4865 
        D856  4 0.2531 0.1919 0.5550 
        D857  4 0.0567 0.1109 0.8324 
        D859  4 0.3247 0.5128 0.1625 
        D860  4 0.5803 0.3548 0.0649 
        D883  4 0.5179 0.1218 0.3603 
        D884  4 0.5115 0.1098 0.3787 
        D885  4 0.0986 0.4995 0.4018 
        D886  4 0.3652 0.1832 0.4516 
        D887  4 0.1653 0.6460 0.1887 
        D889  4 0.2495 0.6529 0.0975 
        D890  4 0.5821 0.1857 0.2322 
        D891  4 0.0353 0.9229 0.0418 
        D899  4 0.2015 0.7290 0.0695 
        D900  4 0.3578 0.2584 0.3838 
        D970  4 0.3326 0.4208 0.2466 
        D971  4 0.2808 0.5976 0.1216 
        D979  4 0.7269 0.1934 0.0797 
        D093  5 0.6912 0.1840 0.1248 
        D154  5 0.1747 0.6566 0.1688 
        D168  5 0.0885 0.4652 0.4464 
        D189  5 0.4999 0.4019 0.0982 
        D190  5 0.7956 0.1435 0.0609 
     D237220  5 0.1869 0.3150 0.4981 
     D237221  5 0.5253 0.3460 0.1287 
     D237274  5 0.6783 0.1077 0.2140 
     D237275  5 0.0667 0.8480 0.0853 
     D237276  5 0.6633 0.1213 0.2154 
     D237277  5 0.5019 0.4124 0.0856 
     D237278  5 0.1922 0.6303 0.1775 
     D237279  5 0.0526 0.0569 0.8905 
     D237280  5 0.3251 0.0932 0.5817 
     D237281  5 0.0580 0.8854 0.0565 
     D237351  5 0.1924 0.1121 0.6955 
     D237352  5 0.4335 0.1329 0.4336 
     D237353  5 0.7968 0.1462 0.0571 
     D237359  5 0.1408 0.4265 0.4327 
     D237361  5 0.8460 0.0851 0.0690 
     D237362  5 0.5209 0.2369 0.2422 
     D237363  5 0.2119 0.3040 0.4841 
     D237364  5 0.0887 0.5529 0.3585 
     D237376  5 0.5914 0.3175 0.0911 
     D237377  5 0.3815 0.1227 0.4957 
     D237378  5 0.3758 0.5143 0.1099 
     D237379  5 0.4642 0.3493 0.1865 
     D237380  5 0.4153 0.0495 0.5352 
     D237381  5 0.2707 0.1500 0.5793 
     D237391  5 0.7447 0.1523 0.1030 
     D237392  5 0.4874 0.2424 0.2702 
     D237393  5 0.7174 0.1135 0.1691 
     D237394  5 0.8787 0.0579 0.0634 
     D237395  5 0.4134 0.2670 0.3196 
     D237396  5 0.4624 0.1939 0.3436 
     D244016  5 0.4615 0.3837 0.1548 
     D244018  5 0.1757 0.5499 0.2744 
     D244019  5 0.5709 0.2724 0.1567 
        D279  5 0.0949 0.7537 0.1514 
        D280  5 0.4638 0.3191 0.2170 
        D281  5 0.0900 0.8615 0.0486 
        D283  5 0.8028 0.1222 0.0750 
        D284  5 0.1553 0.1970 0.6476 
        D285  5 0.6751 0.2168 0.1081 
        D286  5 0.5878 0.2227 0.1896 
        D287  5 0.5954 0.2347 0.1700 
        D288  5 0.6404 0.2449 0.1147 
        D308  5 0.1283 0.0431 0.8287 
        D309  5 0.4168 0.2299 0.3534 
        D310  5 0.8103 0.1116 0.0782 
        D311  5 0.7031 0.1669 0.1299 
        D312  5 0.7094 0.1526 0.1379 
        D313  5 0.0418 0.0277 0.9304 
        D314  5 0.1505 0.5616 0.2879 
        D315  5 0.5996 0.1643 0.2360 
        D317  5 0.8760 0.0650 0.0590 
        D318  5 0.2148 0.3340 0.4512 
        D319  5 0.8079 0.1277 0.0644 
        D320  5 0.7856 0.1094 0.1049 
        D321  5 0.1563 0.0859 0.7577 
        D336  5 0.8894 0.0589 0.0517 
        D337  5 0.8240 0.1380 0.0380 
        D338  5 0.3749 0.3037 0.3214 
        D339  5 0.6756 0.1982 0.1262 
        D347  5 0.6923 0.2155 0.0922 
        D348  5 0.8803 0.0816 0.0381 
        D349  5 0.1166 0.0644 0.8191 
        D350  5 0.2983 0.4815 0.2202 
        D355  5 0.1294 0.7714 0.0992 
        D356  5 0.7484 0.0853 0.1663 
        D357  5 0.5444 0.2110 0.2447 
        D358  5 0.6893 0.1470 0.1638 
        D359  5 0.9017 0.0435 0.0548 
        D360  5 0.7858 0.0710 0.1433 
        D361  5 0.0771 0.0456 0.8773 
        D366  5 0.2150 0.4444 0.3406 
        D367  5 0.6761 0.1458 0.1781 
        D368  5 0.5266 0.0911 0.3823 
        D380  5 0.3167 0.2948 0.3886 
        D381  5 0.7355 0.1501 0.1144 
        D400  5 0.4762 0.4416 0.0822 
        D411  5 0.0277 0.0562 0.9161 
        D412  5 0.3993 0.3510 0.2497 
        D413  5 0.0686 0.8144 0.1169 
        D414  5 0.1033 0.7956 0.1011 
        D420  5 0.1472 0.2851 0.5677 
        D431  5 0.2216 0.5132 0.2652 
        D432  5 0.4454 0.3414 0.2133 
        D433  5 0.6605 0.2607 0.0788 
        D434  5 0.8244 0.0723 0.1033 
        D440  5 0.2894 0.3892 0.3213 
        D447  5 0.2226 0.2407 0.5367 
        D448  5 0.8019 0.1455 0.0526 
        D459  5 0.0875 0.8577 0.0548 
        D460  5 0.1379 0.0579 0.8042 
        D461  5 0.5307 0.2732 0.1961 
        D468  5 0.4870 0.1413 0.3718 
        D469  5 0.5043 0.1427 0.3530 
        D470  5 0.4386 0.1240 0.4374 
        D471  5 0.7305 0.2230 0.0465 
        D472  5 0.4172 0.4590 0.1239 
        D479  5 0.0699 0.8784 0.0517 
        D485  5 0.4872 0.3102 0.2026 
        D486  5 0.3660 0.1030 0.5310 
        D487  5 0.1439 0.7520 0.1040 
        D555  5 0.7511 0.1920 0.0569 
        D556  5 0.4351 0.4144 0.1506 
        D557  5 0.7851 0.1721 0.0427 
        D564  5 0.5290 0.2096 0.2614 
        D594  5 0.5701 0.1717 0.2582 
        D595  5 0.5972 0.2269 0.1759 
        D596  5 0.8205 0.1240 0.0556 
        D597  5 0.4958 0.4281 0.0761 
        D598  5 0.5714 0.2220 0.2066 
        D617  5 0.0594 0.1894 0.7511 
        D618  5 0.6321 0.2692 0.0986 
        D619  5 0.5742 0.0910 0.3348 
        D620  5 0.0643 0.8794 0.0563 
        D628  5 0.4667 0.3338 0.1995 
        D714  5 0.2555 0.6442 0.1003 
        D715  5 0.6751 0.2589 0.0661 
        D716  5 0.5285 0.3542 0.1174 
        D717  5 0.6257 0.1844 0.1898 
        D718  5 0.2795 0.2500 0.4705 
        D769  5 0.0936 0.1821 0.7244 
        D770  5 0.2160 0.6627 0.1213 
        D771  5 0.1952 0.6173 0.1875 
        D772  5 0.7125 0.1889 0.0986 
        D782  5 0.0793 0.2051 0.7156 
        D783  5 0.1918 0.7059 0.1022 
        D784  5 0.5910 0.2372 0.1718 
        D785  5 0.8113 0.0784 0.1103 
        D786  5 0.2634 0.1236 0.6130 
        D821  5 0.8706 0.0949 0.0346 
        D822  5 0.7732 0.1169 0.1099 
        D826  5 0.2958 0.6054 0.0988 
        D827  5 0.4921 0.2151 0.2928 
        D851  5 0.3763 0.2433 0.3804 
        D852  5 0.1578 0.6955 0.1467 
        D853  5 0.5666 0.2793 0.1541 
        D854  5 0.1610 0.4585 0.3805 
        D861  5 0.2953 0.3893 0.3155 
        D862  5 0.8689 0.0485 0.0826 
        D865  5 0.6803 0.2240 0.0957 
        D868  5 0.6237 0.1562 0.2201 
        D869  5 0.0529 0.0404 0.9067 
        D870  5 0.0600 0.0661 0.8739 
        D907  5 0.6612 0.1332 0.2056 
        D908  5 0.1452 0.7844 0.0704 
        D910  5 0.5753 0.3580 0.0666 
        D911  5 0.1308 0.7981 0.0711 
        D934  5 0.1243 0.7339 0.1418 
        D946  5 0.1767 0.6478 0.1755 
        D947  5 0.3606 0.3556 0.2838 
        D948  5 0.1868 0.0607 0.7525 
        D949  5 0.1543 0.0573 0.7884 
        D950  5 0.1024 0.8290 0.0686 
        D951  5 0.6229 0.0875 0.2895 
        D952  5 0.8019 0.1035 0.0946 
        D953  5 0.7640 0.1392 0.0968 
        D954  5 0.8302 0.0743 0.0955 
        D961  5 0.4919 0.3186 0.1896 
        D962  5 0.8500 0.0736 0.0763 
        D963  5 0.6537 0.2585 0.0878 
        D964  5 0.1790 0.4023 0.4187 
        D965  5 0.3840 0.4042 0.2118 
        D966  5 0.4312 0.4577 0.1112 
        D967  5 0.3300 0.4455 0.2245 
        D991  5 0.5453 0.1462 0.3085 
        D502  6 0.0771 0.4274 0.4956 
        D503  6 0.0638 0.5232 0.4130 
        D504  6 0.4739 0.2647 0.2614 
        D505  6 0.3833 0.3964 0.2203 
        D506  6 0.8658 0.0436 0.0905 
        D507  6 0.1270 0.5497 0.3233 
        D508  6 0.3216 0.4504 0.2280 
        D529  6 0.3260 0.2349 0.4392 
        D530  6 0.5646 0.1922 0.2432 
        D531  6 0.3983 0.3327 0.2691 
        D532  6 0.7616 0.1232 0.1151 
        D534  6 0.0836 0.0968 0.8196 
        D535  6 0.6975 0.1168 0.1857 
        D536  6 0.0460 0.7167 0.2373 
        D554  6 0.5744 0.1421 0.2835 
        D587  6 0.7843 0.1230 0.0928 
        D588  6 0.6676 0.1142 0.2181 
        D589  6 0.1466 0.6565 0.1969 
        D590  6 0.0676 0.7605 0.1719 
        D591  6 0.2411 0.4174 0.3416 
        D592  6 0.1259 0.1356 0.7385 
        D593  6 0.5675 0.2518 0.1808 
        D682  6 0.7041 0.1409 0.1550 
        D683  6 0.7473 0.0749 0.1778 
        D684  6 0.0429 0.4097 0.5475 
        D685  6 0.0990 0.4917 0.4093 
        D686  6 0.8208 0.0749 0.1043 
        D724  6 0.2102 0.3622 0.4276 
        D725  6 0.4047 0.3806 0.2148 
        D726  6 0.8444 0.0716 0.0840 
        D727  6 0.2250 0.4741 0.3008 
        D728  6 0.7404 0.0948 0.1648 
        D729  6 0.0652 0.1228 0.8119 
        D730  6 0.2333 0.3551 0.4117 
        D731  6 0.3750 0.5666 0.0584 
        D732  6 0.4349 0.3164 0.2487 
        D733  6 0.3857 0.3484 0.2659 
     D237251  7 0.2325 0.6701 0.0973 
     D237252  7 0.0840 0.3696 0.5464 
     D237253  7 0.2312 0.6430 0.1258 
     D237254  7 0.0404 0.0564 0.9031 
     D237255  7 0.1141 0.8231 0.0629 
     D237256  7 0.1443 0.7523 0.1035 
     D237257  7 0.0841 0.2115 0.7044 
     D237282  7 0.3117 0.2840 0.4043 
     D237283  7 0.0479 0.0779 0.8742 
     D237284  7 0.0544 0.0680 0.8776 
     D237285  7 0.5351 0.2998 0.1651 
     D237286  7 0.3739 0.3762 0.2499 
     D237287  7 0.1841 0.5043 0.3116 
     D244006  7 0.0433 0.0514 0.9053 
     D244007  7 0.1495 0.5408 0.3096 
     D244008  7 0.1062 0.0545 0.8393 
     D244009  7 0.3437 0.0950 0.5612 
     D244010  7 0.1072 0.2364 0.6564 
     D244011  7 0.1922 0.6138 0.1940 
     D244012  7 0.1041 0.5054 0.3905 
     D244013  7 0.2640 0.6241 0.1119 
     D244014  7 0.0849 0.5626 0.3525 
     D244015  7 0.0755 0.1287 0.7957 
     D244125  7 0.4113 0.4687 0.1200 
     D244126  7 0.0319 0.0526 0.9155 
     D244130  7 0.2637 0.2455 0.4908 
     D244131  7 0.5440 0.2098 0.2462 
     D244132  7 0.8308 0.0846 0.0847 
        D520  7 0.3115 0.0897 0.5988 
        D521  7 0.3518 0.3159 0.3324 
        D522  7 0.2999 0.1131 0.5869 
        D523  7 0.1228 0.7961 0.0812 
        D524  7 0.3289 0.5207 0.1505 
        D525  7 0.0596 0.3304 0.6100 
        D526  7 0.0479 0.0510 0.9011 
        D527  7 0.2487 0.3636 0.3877 
        D528  7 0.0367 0.0408 0.9225 
        D558  7 0.1978 0.5183 0.2839 
        D559  7 0.1101 0.5683 0.3215 
        D640  7 0.4041 0.4320 0.1639 
        D641  7 0.1710 0.5175 0.3115 
        D642  7 0.1597 0.2682 0.5721 
        D644  7 0.4995 0.2286 0.2719 
        D645  7 0.2134 0.5088 0.2778 
        D662  7 0.4164 0.0460 0.5376 
        D687  7 0.2003 0.6019 0.1977 
        D688  7 0.2349 0.2775 0.4876 
        D689  7 0.4471 0.3040 0.2489 
        D700  7 0.0326 0.0577 0.9096 
        D797  7 0.3969 0.3669 0.2362 
        D798  7 0.1057 0.0810 0.8133 
        D799  7 0.0839 0.6882 0.2279 
        D800  7 0.1441 0.4086 0.4473 
        D132  8 0.0625 0.0539 0.8836 
        D133  8 0.0333 0.8808 0.0859 
        D200  8 0.2579 0.5810 0.1611 
        D500  8 0.0633 0.0381 0.8986 
        D614  8 0.6398 0.1347 0.2254 
        D723  8 0.2574 0.2073 0.5353 
        D888  8 0.0709 0.8745 0.0546 
        D901  8 0.0915 0.2127 0.6958 
        D902  8 0.7471 0.1307 0.1221 
        D903  8 0.7189 0.1715 0.1096 
        D904  8 0.4262 0.2758 0.2980 
        D905  8 0.0921 0.8734 0.0345 
        D906  8 0.0826 0.6995 0.2180 
        D937  8 0.7508 0.1751 0.0742 
        D943  8 0.1088 0.3377 0.5534 
        D972  8 0.1903 0.1536 0.6561 
        D973  8 0.5903 0.0743 0.3354 
        D974  8 0.4492 0.2452 0.3056 
        D975  8 0.4146 0.4100 0.1755 
        D976  8 0.1828 0.4407 0.3765 
        D201  9 0.0866 0.6806 0.2328 
        D202  9 0.1380 0.6223 0.2397 
     D237259  9 0.0834 0.1449 0.7717 
     D237260  9 0.0498 0.6905 0.2597 
     D237262  9 0.0707 0.0507 0.8786 
     D237263  9 0.1065 0.3162 0.5773 
     D237264  9 0.1992 0.2752 0.5256 
     D237265  9 0.0716 0.7718 0.1567 
     D237266  9 0.0720 0.5733 0.3547 
     D237267  9 0.3312 0.1315 0.5373 
     D237268  9 0.2337 0.1318 0.6345 
     D237289  9 0.1867 0.6556 0.1578 
     D237290  9 0.0465 0.8526 0.1010 
     D237291  9 0.1201 0.7564 0.1235 
     D237292  9 0.0464 0.5577 0.3959 
     D237293  9 0.4267 0.1437 0.4296 
     D237294  9 0.1018 0.3862 0.5121 
     D237295  9 0.5539 0.0879 0.3582 
     D237296  9 0.3032 0.3177 0.3791 
     D237297  9 0.5529 0.3046 0.1425 
     D237298  9 0.3037 0.4457 0.2506 
     D237341  9 0.2234 0.5580 0.2186 
     D237342  9 0.1483 0.1905 0.6612 
     D237343  9 0.1061 0.5033 0.3905 
     D237344  9 0.4326 0.3577 0.2098 
     D237345  9 0.0437 0.1006 0.8557 
     D237346  9 0.2247 0.6218 0.1535 
     D237347  9 0.4502 0.4097 0.1401 
     D237348  9 0.3284 0.2877 0.3839 
     D237349  9 0.0884 0.4016 0.5100 
     D244109  9 0.0401 0.6609 0.2990 
     D244110  9 0.0822 0.7161 0.2017 
     D244111  9 0.1847 0.5366 0.2788 
     D244128  9 0.0617 0.1300 0.8083 
     D244137  9 0.3576 0.2508 0.3915 
     D244138  9 0.1586 0.5859 0.2555 
        D580  9 0.1481 0.0562 0.7957 
        D581  9 0.0365 0.8902 0.0733 
        D582  9 0.0508 0.0485 0.9007 
        D583  9 0.0300 0.8727 0.0973 
        D584  9 0.3638 0.1560 0.4802 
        D585  9 0.0626 0.2898 0.6475 
        D586  9 0.0886 0.8306 0.0808 
        D651  9 0.6361 0.1900 0.1739 
        D652  9 0.0868 0.2343 0.6789 
        D653  9 0.2025 0.6118 0.1856 
        D654  9 0.1726 0.5492 0.2782 
        D655  9 0.4226 0.4084 0.1690 
        D656  9 0.0678 0.0722 0.8599 
        D657  9 0.1613 0.3753 0.4634 
        D667  9 0.5699 0.2978 0.1323 
        D668  9 0.1952 0.3604 0.4444 
        D669  9 0.0853 0.7586 0.1561 
        D670  9 0.4622 0.1386 0.3992 
        D671  9 0.0731 0.7822 0.1447 
        D672  9 0.0782 0.1534 0.7685 
        D673  9 0.3812 0.3080 0.3108 
        D692  9 0.0520 0.1714 0.7766 
        D693  9 0.4494 0.1757 0.3749 
        D694  9 0.0750 0.1328 0.7921 
        D695  9 0.2919 0.1551 0.5530 
        D696  9 0.8983 0.0634 0.0383 
        D697  9 0.6081 0.2436 0.1482 
        D698  9 0.3285 0.5340 0.1374 
        D699  9 0.4723 0.2985 0.2291 
        D787  9 0.1609 0.2438 0.5953 
        D788  9 0.6597 0.0894 0.2510 
        D789  9 0.2318 0.3175 0.4507 
        D790  9 0.2042 0.3260 0.4698 
        D791  9 0.1067 0.7845 0.1088 
        D792  9 0.1704 0.4157 0.4139 
        D793  9 0.7110 0.1712 0.1178 
        D794  9 0.6112 0.2107 0.1781 
        D795  9 0.1128 0.1723 0.7149 
        D796  9 0.1661 0.5925 0.2414 
        D142 10 0.7156 0.1897 0.0947 
        D143 10 0.1325 0.7946 0.0729 
        D144 10 0.4213 0.1948 0.3839 
        D145 10 0.0547 0.8636 0.0817 
        D146 10 0.1485 0.0994 0.7521 
        D147 10 0.1701 0.2769 0.5531 
        D148 10 0.1869 0.1439 0.6692 
        D149 10 0.0683 0.8203 0.1114 
        D151 10 0.0796 0.1933 0.7271 
        D152 10 0.0273 0.9257 0.0471 
        D153 10 0.8045 0.0708 0.1247 
        D156 10 0.3768 0.4811 0.1421 
        D157 10 0.5605 0.1964 0.2431 
        D158 10 0.1698 0.5451 0.2851 
        D159 10 0.0565 0.9050 0.0384 
        D160 10 0.1412 0.8069 0.0519 
        D161 10 0.4584 0.2572 0.2844 
        D162 10 0.3887 0.5350 0.0763 
        D169 10 0.0601 0.1021 0.8378 
        D170 10 0.1416 0.0842 0.7742 
        D171 10 0.5950 0.1726 0.2324 
        D172 10 0.2582 0.4811 0.2607 
        D173 10 0.0374 0.8792 0.0834 
        D181 10 0.4949 0.3768 0.1283 
        D182 10 0.0867 0.5464 0.3668 
        D183 10 0.8038 0.0737 0.1225 
        D184 10 0.0489 0.0266 0.9246 
        D185 10 0.3573 0.2077 0.4351 
        D186 10 0.0489 0.0873 0.8639 
        D194 10 0.2891 0.1122 0.5987 
        D195 10 0.2115 0.6649 0.1236 
        D196 10 0.3674 0.5477 0.0849 
        D197 10 0.0700 0.2074 0.7227 
        D198 10 0.4742 0.0653 0.4605 
     D237226 10 0.0814 0.6158 0.3028 
     D237232 10 0.2610 0.5256 0.2134 
     D237233 10 0.1627 0.7142 0.1231 
     D237234 10 0.4463 0.3814 0.1724 
     D237354 10 0.0487 0.9109 0.0405 
     D237355 10 0.1138 0.7598 0.1264 
     D237356 10 0.7811 0.0492 0.1697 
     D237357 10 0.1073 0.4742 0.4185 
     D237358 10 0.1689 0.1719 0.6591 
     D237369 10 0.0525 0.0830 0.8646 
     D237370 10 0.6722 0.2128 0.1150 
     D237371 10 0.2679 0.1569 0.5752 
     D237372 10 0.0611 0.3220 0.6169 
     D237373 10 0.2535 0.6189 0.1276 
     D237374 10 0.1353 0.8051 0.0597 
     D237375 10 0.2331 0.4060 0.3610 
     D237400 10 0.0395 0.9283 0.0322 
     D244002 10 0.0617 0.1131 0.8252 
     D244003 10 0.1138 0.8205 0.0657 
     D244004 10 0.8031 0.1057 0.0912 
     D244005 10 0.0751 0.5852 0.3398 
     D244020 10 0.5766 0.2274 0.1960 
     D244021 10 0.1151 0.3087 0.5762 
     D244116 10 0.2300 0.2205 0.5495 
     D244117 10 0.3478 0.5505 0.1016 
     D244121 10 0.5144 0.3371 0.1485 
     D244123 10 0.3182 0.5523 0.1295 
     D244124 10 0.1500 0.5247 0.3253 
        D332 10 0.6736 0.1564 0.1700 
        D570 10 0.7812 0.1361 0.0827 
        D602 10 0.4080 0.3301 0.2619 
        D603 10 0.3189 0.4721 0.2090 
        D604 10 0.2046 0.6677 0.1277 
        D605 10 0.5337 0.2683 0.1980 
        D606 10 0.3588 0.0521 0.5891 
        D607 10 0.5701 0.1814 0.2484 
        D608 10 0.0408 0.9210 0.0381 
        D609 10 0.8068 0.0683 0.1250 
        D610 10 0.4009 0.2582 0.3408 
        D611 10 0.8949 0.0705 0.0347 
        D613 10 0.5743 0.2961 0.1296 
        D633 10 0.2582 0.4821 0.2597 
        D634 10 0.4648 0.2283 0.3069 
        D638 10 0.0491 0.9124 0.0385 
        D681 10 0.4062 0.2695 0.3244 
        D754 10 0.2076 0.2165 0.5759 
        D755 10 0.1896 0.7668 0.0436 
        D756 10 0.4091 0.3398 0.2510 
        D757 10 0.2497 0.4601 0.2902 
        D758 10 0.3280 0.3101 0.3619 
        D759 10 0.1826 0.7588 0.0586 
        D760 10 0.3090 0.5288 0.1622 
        D761 10 0.0487 0.9182 0.0331 
        D762 10 0.5732 0.1941 0.2327 
        D775 10 0.4136 0.4740 0.1125 
        D776 10 0.0939 0.8260 0.0801 
        D777 10 0.2987 0.4273 0.2741 
        D778 10 0.0562 0.6789 0.2649 
        D779 10 0.2792 0.3531 0.3677 
        D780 10 0.1085 0.8099 0.0816 
        D781 10 0.2897 0.4922 0.2180 
        D858 10 0.0278 0.1083 0.8640 
        D933 10 0.4482 0.3278 0.2240 
        D038 11 0.1354 0.6765 0.1881 
        D063 11 0.2343 0.6707 0.0950 
        D155 11 0.3045 0.5126 0.1828 
        D175 11 0.3736 0.1770 0.4494 
        D176 11 0.1084 0.7969 0.0947 
        D205 11 0.7531 0.0567 0.1902 
     D237229 11 0.0800 0.4932 0.4267 
     D237230 11 0.1395 0.1773 0.6832 
     D237231 11 0.6582 0.2287 0.1132 
     D237269 11 0.1690 0.5931 0.2380 
     D237270 11 0.1792 0.1457 0.6751 
     D237271 11 0.6678 0.1772 0.1550 
     D237272 11 0.2375 0.1740 0.5884 
     D237273 11 0.5474 0.3741 0.0785 
     D237301 11 0.7235 0.1576 0.1189 
     D237302 11 0.1228 0.3066 0.5706 
     D237303 11 0.0710 0.1847 0.7443 
     D237304 11 0.4053 0.3353 0.2595 
     D237305 11 0.1672 0.1850 0.6477 
     D237314 11 0.3099 0.5040 0.1860 
     D237315 11 0.1185 0.1697 0.7118 
     D237316 11 0.8403 0.0661 0.0936 
     D237328 11 0.5557 0.0499 0.3944 
     D237329 11 0.1769 0.4054 0.4177 
     D237330 11 0.5316 0.3974 0.0709 
     D237331 11 0.2870 0.4936 0.2193 
     D237332 11 0.6380 0.1414 0.2206 
     D237333 11 0.1540 0.7878 0.0582 
     D237334 11 0.6322 0.1409 0.2269 
     D237335 11 0.6742 0.1018 0.2240 
     D237336 11 0.1334 0.6770 0.1895 
     D237350 11 0.7157 0.2043 0.0801 
     D237383 11 0.1316 0.4505 0.4179 
     D237384 11 0.3827 0.1665 0.4508 
     D237385 11 0.2926 0.3893 0.3180 
     D237386 11 0.5903 0.2791 0.1306 
     D237387 11 0.5613 0.0925 0.3462 
     D237388 11 0.7404 0.1620 0.0976 
        D239 11 0.4166 0.4327 0.1507 
        D240 11 0.0460 0.8076 0.1464 
        D241 11 0.1303 0.2195 0.6502 
        D242 11 0.2582 0.5056 0.2363 
        D243 11 0.5362 0.2423 0.2215 
        D244 11 0.7957 0.0856 0.1186 
        D245 11 0.0635 0.3064 0.6300 
        D246 11 0.6564 0.1403 0.2033 
        D247 11 0.1629 0.4663 0.3708 
        D248 11 0.6690 0.2207 0.1103 
        D249 11 0.3745 0.1126 0.5129 
        D250 11 0.7012 0.2242 0.0746 
        D251 11 0.6912 0.1334 0.1754 
        D252 11 0.5660 0.0718 0.3622 
        D253 11 0.3162 0.4154 0.2683 
        D254 11 0.0590 0.1052 0.8359 
        D255 11 0.8045 0.0936 0.1019 
        D256 11 0.3892 0.3611 0.2497 
        D257 11 0.1015 0.1244 0.7740 
        D258 11 0.1628 0.0662 0.7709 
        D259 11 0.0582 0.1034 0.8384 
        D260 11 0.2893 0.4157 0.2950 
        D261 11 0.5470 0.2981 0.1548 
        D262 11 0.0720 0.4219 0.5061 
        D263 11 0.7894 0.0639 0.1467 
        D264 11 0.2698 0.1279 0.6023 
        D265 11 0.1965 0.3826 0.4209 
        D266 11 0.4612 0.4308 0.1080 
        D267 11 0.6342 0.1147 0.2511 
        D268 11 0.7968 0.1281 0.0751 
        D269 11 0.7946 0.0502 0.1552 
        D270 11 0.4536 0.1417 0.4047 
        D271 11 0.2757 0.3214 0.4028 
        D272 11 0.2196 0.6204 0.1600 
        D273 11 0.0483 0.0506 0.9010 
        D274 11 0.5484 0.1712 0.2804 
        D275 11 0.6777 0.1586 0.1638 
        D276 11 0.8873 0.0543 0.0584 
        D277 11 0.6530 0.1459 0.2011 
        D278 11 0.3914 0.3887 0.2199 
        D282 11 0.1458 0.0495 0.8047 
        D296 11 0.6153 0.2700 0.1147 
        D297 11 0.7471 0.0656 0.1874 
        D298 11 0.5028 0.3699 0.1273 
        D299 11 0.7256 0.2103 0.0640 
        D300 11 0.1059 0.7714 0.1227 
        D382 11 0.8274 0.0414 0.1312 
        D383 11 0.6768 0.0732 0.2500 
        D387 11 0.2516 0.5490 0.1993 
        D388 11 0.5466 0.2042 0.2492 
        D389 11 0.6538 0.2786 0.0676 
        D390 11 0.7362 0.1558 0.1080 
        D396 11 0.2083 0.6587 0.1330 
        D397 11 0.1653 0.0875 0.7472 
        D398 11 0.3827 0.2654 0.3519 
        D399 11 0.2578 0.3542 0.3880 
        D437 11 0.0606 0.5301 0.4093 
        D441 11 0.7279 0.1897 0.0823 
        D442 11 0.2190 0.6096 0.1714 
        D443 11 0.3963 0.5389 0.0648 
        D444 11 0.5855 0.2496 0.1648 
        D445 11 0.5088 0.0659 0.4253 
        D446 11 0.1037 0.2859 0.6104 
        D451 11 0.5061 0.1067 0.3872 
        D452 11 0.1950 0.6689 0.1362 
        D453 11 0.7463 0.0996 0.1541 
        D454 11 0.0834 0.2778 0.6388 
        D457 11 0.3270 0.2542 0.4188 
        D458 11 0.7477 0.1092 0.1431 
        D466 11 0.0691 0.7883 0.1427 
        D467 11 0.6429 0.2470 0.1101 
        D475 11 0.0719 0.0622 0.8658 
        D488 11 0.2622 0.5170 0.2208 
        D489 11 0.2081 0.2316 0.5603 
        D493 11 0.1801 0.1005 0.7194 
        D494 11 0.5920 0.2283 0.1797 
        D495 11 0.0501 0.5625 0.3874 
        D496 11 0.0896 0.8727 0.0378 
        D674 11 0.0684 0.8457 0.0859 
        D675 11 0.0926 0.8526 0.0548 
        D676 11 0.6362 0.0997 0.2641 
        D680 11 0.2125 0.5760 0.2115 
        D701 11 0.0870 0.6531 0.2599 
        D702 11 0.1118 0.1770 0.7112 
        D703 11 0.2171 0.5213 0.2615 
        D704 11 0.4272 0.2716 0.3011 
        D705 11 0.0889 0.0784 0.8327 
        D706 11 0.0581 0.7242 0.2177 
        D707 11 0.4742 0.1090 0.4168 
        D751 11 0.5968 0.0952 0.3079 
        D752 11 0.2023 0.6642 0.1335 
        D753 11 0.3345 0.2152 0.4503 
        D773 11 0.0336 0.0344 0.9320 
        D774 11 0.2695 0.5598 0.1707 
        D801 11 0.3998 0.4315 0.1688 
        D802 11 0.1685 0.1361 0.6953 
        D803 11 0.3979 0.4587 0.1433 
        D804 11 0.1705 0.4101 0.4194 
        D805 11 0.2725 0.2277 0.4998 
        D806 11 0.0562 0.0796 0.8642 
        D809 11 0.6573 0.2041 0.1386 
        D810 11 0.6938 0.2291 0.0771 
        D812 11 0.3774 0.1265 0.4960 
        D813 11 0.1042 0.7265 0.1694 
        D823 11 0.6699 0.2097 0.1204 
        D824 11 0.4387 0.4598 0.1015 
        D829 11 0.4866 0.3510 0.1624 
        D830 11 0.3018 0.0728 0.6254 
        D831 11 0.0756 0.6970 0.2274 
        D832 11 0.1244 0.5646 0.3111 
        D833 11 0.8256 0.1123 0.0621 
        D834 11 0.8362 0.0662 0.0976 
        D835 11 0.1979 0.0978 0.7044 
        D855 11 0.6779 0.1279 0.1942 
        D863 11 0.0461 0.9167 0.0372 
        D864 11 0.5358 0.2176 0.2466 
        D878 11 0.7251 0.1662 0.1088 
        D879 11 0.1399 0.0844 0.7756 
        D880 11 0.3277 0.6053 0.0670 
        D881 11 0.6582 0.2260 0.1158 
        D882 11 0.1503 0.7324 0.1172 
        D909 11 0.5647 0.2750 0.1602 
        D921 11 0.7440 0.1640 0.0921 
        D924 11 0.1858 0.7330 0.0812 
        D935 11 0.7421 0.0779 0.1800 
        D940 11 0.0695 0.8725 0.0579 
        D941 11 0.5008 0.3143 0.1848 
        D942 11 0.1195 0.0419 0.8386 
        D980 11 0.3482 0.3273 0.3246 
        D981 11 0.2555 0.0909 0.6536 
        D982 11 0.1636 0.7782 0.0582 
        D983 11 0.8443 0.0841 0.0716 
        D984 11 0.6199 0.2665 0.1136 
        D992 11 0.1487 0.1770 0.6743 
        D993 11 0.8354 0.0508 0.1137 
        D994 11 0.2996 0.4985 0.2019 
        D995 11 0.2106 0.0473 0.7421 
        H354 11 0.2109 0.0850 0.7041 
        D005 12 0.0685 0.3573 0.5743 
        D035 12 0.1959 0.4458 0.3583 
        D067 12 0.5670 0.2399 0.1932 
        D134 12 0.1802 0.6056 0.2142 
        D135 12 0.2646 0.3292 0.4062 
        D136 12 0.4421 0.0833 0.4746 
        D137 12 0.1584 0.5368 0.3048 
        D138 12 0.3114 0.4752 0.2134 
        D139 12 0.3460 0.5058 0.1483 
        D140 12 0.3148 0.2065 0.4787 
        D141 12 0.0404 0.0378 0.9218 
        D150 12 0.1384 0.1546 0.7070 
        D177 12 0.0886 0.7812 0.1302 
        D178 12 0.5983 0.2095 0.1922 
        D179 12 0.2827 0.2777 0.4397 
        D180 12 0.3149 0.1707 0.5144 
        D187 12 0.1797 0.5822 0.2381 
        D188 12 0.0389 0.0454 0.9157 
        D191 12 0.0660 0.1448 0.7892 
        D418 12 0.0605 0.1068 0.8327 
        D601 12 0.1231 0.0688 0.8082 
        D836 12 0.0643 0.0894 0.8463 
        D837 12 0.3738 0.3678 0.2584 
        D838 12 0.3271 0.5915 0.0813 
        D839 12 0.0634 0.8037 0.1329 
        D840 12 0.2732 0.5655 0.1613 
        D841 12 0.2341 0.2643 0.5016 
        D842 12 0.0325 0.0600 0.9075 
        D843 12 0.5676 0.2664 0.1660 
        D844 12 0.0515 0.5453 0.4032 
        D912 12 0.7083 0.2194 0.0722 
        D913 12 0.0471 0.9113 0.0416 
