        D174  1 0.0298 0.0461 0.0719 0.0564 0.3785 0.0311 0.0713 0.0159 0.1194 0.0405 0.1124 0.0267 
        D199  1 0.2357 0.0672 0.0269 0.0696 0.0878 0.1557 0.1051 0.0374 0.0246 0.1112 0.0417 0.0371 
        D203  1 0.0890 0.0542 0.0661 0.1477 0.0370 0.1170 0.0676 0.0296 0.1067 0.2010 0.0172 0.0669 
        D204  1 0.0257 0.0143 0.0173 0.0406 0.0155 0.0221 0.0283 0.0679 0.0156 0.7088 0.0255 0.0185 
     D237366  1 0.0361 0.4187 0.0159 0.0466 0.0525 0.0447 0.0735 0.0679 0.1088 0.0399 0.0307 0.0646 
     D237367  1 0.0167 0.1442 0.0394 0.1280 0.0340 0.0639 0.1088 0.0292 0.0420 0.1620 0.1619 0.0701 
     D237368  1 0.0404 0.3444 0.0476 0.0329 0.0932 0.0654 0.0541 0.0544 0.0328 0.1802 0.0335 0.0210 
     D244101  1 0.2369 0.0141 0.0220 0.0311 0.0156 0.0371 0.0447 0.4145 0.0198 0.1150 0.0286 0.0206 
     D244102  1 0.0356 0.0548 0.1024 0.3208 0.0291 0.0293 0.0662 0.0485 0.0574 0.0507 0.0519 0.1533 
     D244103  1 0.0227 0.0870 0.0257 0.0515 0.0288 0.0294 0.0903 0.0266 0.1256 0.0856 0.4045 0.0223 
     D244104  1 0.0444 0.0316 0.0296 0.0133 0.0625 0.0272 0.0362 0.0302 0.0264 0.5881 0.0825 0.0278 
     D244105  1 0.0231 0.0782 0.0753 0.0452 0.0140 0.0192 0.1795 0.0182 0.3129 0.0337 0.0236 0.1771 
     D244106  1 0.0313 0.0190 0.0218 0.0495 0.5083 0.0485 0.0506 0.0189 0.1259 0.0674 0.0251 0.0336 
     D244107  1 0.0421 0.3508 0.1840 0.0159 0.0127 0.0747 0.0768 0.0931 0.0256 0.0386 0.0697 0.0161 
     D244108  1 0.0858 0.0164 0.3572 0.0848 0.2218 0.0260 0.0594 0.0262 0.0353 0.0346 0.0237 0.0288 
     D244113  1 0.0152 0.0252 0.0219 0.2283 0.3515 0.0444 0.0412 0.0711 0.0161 0.0117 0.1459 0.0275 
     D244114  1 0.0855 0.0256 0.0233 0.0446 0.0497 0.0267 0.1856 0.0242 0.2717 0.0418 0.0406 0.1807 
     D244115  1 0.0293 0.0449 0.1692 0.0378 0.1703 0.0200 0.1575 0.0279 0.0638 0.1775 0.0502 0.0516 
     D267365  1 0.1429 0.0819 0.0280 0.0510 0.1228 0.0253 0.0771 0.0271 0.0278 0.2333 0.0551 0.1279 
        D404  1 0.0302 0.0160 0.0451 0.3676 0.2318 0.0483 0.0510 0.0808 0.0399 0.0200 0.0540 0.0154 
        D405  1 0.0362 0.0268 0.0673 0.3557 0.0405 0.0645 0.0790 0.0363 0.0421 0.0994 0.0668 0.0854 
        D406  1 0.0176 0.5362 0.1451 0.0333 0.0460 0.0159 0.0259 0.0438 0.0259 0.0572 0.0192 0.0338 
        D407  1 0.0172 0.1017 0.0167 0.0159 0.0215 0.0765 0.0390 0.0145 0.0209 0.4454 0.2161 0.0146 
        D408  1 0.0578 0.0168 0.0371 0.0356 0.2929 0.0165 0.0508 0.0283 0.0200 0.0555 0.3059 0.0828 
        D409  1 0.0363 0.0417 0.0422 0.0376 0.0391 0.0499 0.0984 0.0271 0.0530 0.0710 0.4532 0.0505 
        D410  1 0.0197 0.0169 0.7440 0.0286 0.0176 0.0110 0.0299 0.0301 0.0197 0.0476 0.0202 0.0149 
        D421  1 0.0224 0.0113 0.0071 0.0096 0.0164 0.0257 0.0128 0.0089 0.0110 0.8400 0.0241 0.0107 
        D422  1 0.0209 0.6689 0.0270 0.0126 0.0122 0.0275 0.0401 0.0158 0.0587 0.0639 0.0348 0.0176 
        D423  1 0.0219 0.0492 0.6444 0.0265 0.0136 0.0486 0.0519 0.0182 0.0300 0.0601 0.0177 0.0179 
        D424  1 0.0125 0.0415 0.0179 0.0231 0.0337 0.0124 0.0929 0.0202 0.0399 0.6324 0.0362 0.0374 
        D425  1 0.1479 0.0307 0.0674 0.1911 0.0513 0.0178 0.1362 0.0213 0.0339 0.1957 0.0473 0.0595 
        D426  1 0.0577 0.0600 0.0113 0.0078 0.0171 0.0188 0.0582 0.0122 0.0634 0.0559 0.6103 0.0272 
        D427  1 0.0280 0.0288 0.0120 0.0097 0.1269 0.3344 0.0247 0.0131 0.0151 0.3715 0.0230 0.0129 
        D428  1 0.0526 0.0681 0.0573 0.1218 0.1333 0.0325 0.1166 0.0600 0.0189 0.2008 0.1001 0.0379 
        D429  1 0.0258 0.0212 0.0222 0.0466 0.1278 0.0209 0.0639 0.0189 0.1036 0.4305 0.0227 0.0960 
        D430  1 0.0563 0.0301 0.0253 0.0825 0.1200 0.0462 0.1824 0.0182 0.2457 0.0691 0.0658 0.0584 
        D491  1 0.0325 0.0194 0.0356 0.0349 0.5728 0.0138 0.0285 0.0212 0.0276 0.0747 0.1108 0.0282 
        D492  1 0.0255 0.0857 0.0370 0.0628 0.1112 0.0359 0.1733 0.0486 0.0531 0.2996 0.0359 0.0314 
        D537  1 0.0203 0.0778 0.0589 0.0886 0.0267 0.0354 0.0674 0.0530 0.0264 0.3725 0.1363 0.0368 
        D538  1 0.0258 0.1008 0.1343 0.2268 0.0724 0.0666 0.1133 0.0566 0.0828 0.0610 0.0328 0.0268 
        D539  1 0.1157 0.0310 0.0468 0.0511 0.1037 0.0308 0.0821 0.0377 0.2241 0.0287 0.0396 0.2087 
        D540  1 0.0588 0.0585 0.0555 0.0369 0.0204 0.0186 0.0984 0.0244 0.0451 0.1984 0.3267 0.0583 
        D541  1 0.0245 0.0124 0.0137 0.0121 0.0106 0.0174 0.0171 0.0162 0.0106 0.8416 0.0125 0.0115 
        D551  1 0.0650 0.0497 0.0193 0.0212 0.0258 0.0679 0.2447 0.0193 0.1778 0.0477 0.1246 0.1370 
        D552  1 0.0557 0.0504 0.1895 0.0169 0.1459 0.0246 0.0928 0.0838 0.0763 0.1581 0.0655 0.0406 
        D553  1 0.0197 0.0182 0.0131 0.0094 0.0131 0.0107 0.0167 0.0125 0.0130 0.8336 0.0219 0.0181 
        D615  1 0.0348 0.0278 0.0849 0.0668 0.0459 0.0463 0.0672 0.0258 0.0910 0.4348 0.0326 0.0420 
        D616  1 0.1513 0.0550 0.0815 0.0203 0.0342 0.0668 0.0780 0.0226 0.0683 0.3267 0.0595 0.0357 
        D621  1 0.0183 0.1584 0.2536 0.0269 0.0638 0.0226 0.0406 0.2913 0.0320 0.0124 0.0524 0.0276 
        D622  1 0.0256 0.3209 0.1935 0.0311 0.0351 0.0203 0.0745 0.0471 0.0861 0.0369 0.0676 0.0614 
        D623  1 0.0757 0.0243 0.0783 0.1725 0.1885 0.1262 0.0519 0.1919 0.0148 0.0172 0.0319 0.0269 
        D624  1 0.0332 0.0316 0.0200 0.0252 0.6799 0.0145 0.0613 0.0104 0.0460 0.0291 0.0303 0.0184 
        D625  1 0.0270 0.0438 0.0531 0.0297 0.0525 0.0134 0.0695 0.0491 0.0479 0.5362 0.0560 0.0219 
        D626  1 0.0360 0.0925 0.0789 0.0613 0.2255 0.0222 0.1066 0.0152 0.0564 0.0389 0.1178 0.1486 
        D627  1 0.1555 0.0766 0.0154 0.0165 0.0374 0.0191 0.2003 0.0198 0.0815 0.1137 0.2314 0.0327 
        D690  1 0.0132 0.0235 0.0407 0.0174 0.0317 0.0085 0.0174 0.0223 0.0180 0.7734 0.0195 0.0144 
        D691  1 0.0357 0.5162 0.0892 0.0208 0.0337 0.0137 0.0282 0.0237 0.1413 0.0576 0.0237 0.0162 
        D710  1 0.0670 0.1147 0.0711 0.0391 0.1109 0.0350 0.0878 0.1366 0.0262 0.1830 0.0969 0.0317 
        D711  1 0.0259 0.0229 0.0186 0.0526 0.0240 0.0148 0.0276 0.0361 0.0189 0.7304 0.0132 0.0151 
        D712  1 0.0498 0.0654 0.0351 0.0521 0.5117 0.0361 0.0462 0.0304 0.0280 0.0271 0.0762 0.0419 
        D713  1 0.0273 0.0676 0.0569 0.1721 0.1256 0.0211 0.1418 0.1056 0.0584 0.0945 0.0888 0.0402 
        D746  1 0.0132 0.6001 0.0751 0.0125 0.0283 0.0296 0.0233 0.0256 0.0373 0.0823 0.0426 0.0302 
        D747  1 0.0306 0.0130 0.0094 0.0115 0.0130 0.0138 0.0121 0.0251 0.0117 0.8329 0.0110 0.0160 
        D748  1 0.0326 0.1495 0.0823 0.0282 0.0296 0.0131 0.0521 0.0454 0.2738 0.1746 0.0904 0.0283 
        D749  1 0.0632 0.1813 0.0804 0.0278 0.0526 0.0309 0.2610 0.0921 0.1250 0.0237 0.0176 0.0444 
        D750  1 0.0186 0.0268 0.0530 0.0172 0.5701 0.0146 0.0387 0.0407 0.0381 0.1358 0.0269 0.0195 
        D763  1 0.0705 0.0663 0.0282 0.0309 0.0192 0.0835 0.0900 0.1547 0.0913 0.0535 0.1738 0.1380 
        D764  1 0.0209 0.0390 0.0438 0.0150 0.2132 0.0165 0.0365 0.0199 0.0271 0.5177 0.0375 0.0130 
        D765  1 0.0312 0.0400 0.5795 0.0445 0.0773 0.0123 0.0603 0.0186 0.0699 0.0212 0.0201 0.0251 
        D766  1 0.0223 0.0525 0.4784 0.0252 0.0231 0.0203 0.0385 0.1100 0.0387 0.0502 0.1166 0.0242 
        D767  1 0.0301 0.0725 0.0476 0.4123 0.0234 0.0492 0.0640 0.0893 0.0468 0.0563 0.0242 0.0842 
        D768  1 0.0159 0.0290 0.0154 0.0134 0.0108 0.0151 0.0215 0.0118 0.0168 0.8101 0.0168 0.0233 
        D811  1 0.0273 0.0132 0.1250 0.3029 0.0634 0.0107 0.0411 0.0172 0.0298 0.0157 0.3260 0.0278 
        D816  1 0.0164 0.0200 0.0167 0.0137 0.0179 0.0124 0.0210 0.0129 0.0136 0.8165 0.0120 0.0268 
        D825  1 0.0259 0.0225 0.3443 0.1213 0.1621 0.0134 0.0818 0.0189 0.0496 0.0598 0.0683 0.0319 
        D866  1 0.4115 0.0247 0.0580 0.0360 0.0990 0.0751 0.0698 0.0135 0.0550 0.0516 0.0496 0.0563 
        D867  1 0.0164 0.5977 0.0293 0.0253 0.0205 0.0444 0.0419 0.1053 0.0277 0.0191 0.0466 0.0257 
        D871  1 0.0309 0.0268 0.0212 0.0522 0.0435 0.0147 0.0530 0.0294 0.0488 0.0442 0.6088 0.0265 
        D872  1 0.0173 0.0456 0.1634 0.4462 0.0329 0.0287 0.0530 0.0334 0.0186 0.1115 0.0214 0.0279 
        D873  1 0.0106 0.0351 0.7453 0.0452 0.0138 0.0219 0.0237 0.0456 0.0214 0.0096 0.0123 0.0154 
        D874  1 0.0340 0.0125 0.0130 0.0295 0.0936 0.0205 0.0356 0.5847 0.0287 0.0632 0.0485 0.0361 
        D875  1 0.0164 0.0571 0.0840 0.0365 0.0164 0.0123 0.0992 0.0244 0.1141 0.0373 0.4808 0.0215 
        D876  1 0.0321 0.0610 0.0606 0.0410 0.0872 0.0220 0.0827 0.1141 0.0320 0.3358 0.0564 0.0751 
        D877  1 0.0195 0.0103 0.0212 0.6168 0.1115 0.0214 0.0426 0.0528 0.0195 0.0222 0.0445 0.0177 
        D892  1 0.0195 0.1147 0.0317 0.1025 0.1715 0.0126 0.0617 0.0279 0.1354 0.2341 0.0246 0.0639 
        D893  1 0.0385 0.0471 0.0289 0.0234 0.0133 0.0259 0.0698 0.0233 0.0413 0.5751 0.0287 0.0848 
        D894  1 0.0211 0.0193 0.0135 0.0206 0.0257 0.0178 0.0478 0.0220 0.0718 0.6894 0.0195 0.0317 
        D915  1 0.0433 0.0586 0.1410 0.0389 0.0329 0.0212 0.0478 0.0195 0.1266 0.3880 0.0390 0.0432 
        D916  1 0.0113 0.0105 0.0116 0.0081 0.0131 0.0101 0.0120 0.0143 0.0141 0.8766 0.0090 0.0093 
        D917  1 0.4501 0.0333 0.0188 0.0421 0.1111 0.0373 0.0698 0.1116 0.0242 0.0567 0.0265 0.0185 
        D925  1 0.0334 0.0318 0.4744 0.0303 0.0708 0.0181 0.0334 0.0137 0.0229 0.2077 0.0308 0.0328 
        D926  1 0.0292 0.0458 0.0395 0.0483 0.0470 0.0179 0.1805 0.0430 0.0589 0.3534 0.0393 0.0972 
        D927  1 0.0821 0.0656 0.0233 0.0634 0.0395 0.2124 0.1167 0.0282 0.0375 0.1789 0.0328 0.1197 
        D928  1 0.0113 0.0107 0.0269 0.0331 0.7663 0.0129 0.0172 0.0149 0.0107 0.0652 0.0151 0.0157 
        D929  1 0.0165 0.0736 0.0273 0.3892 0.0417 0.0189 0.0529 0.2087 0.0587 0.0230 0.0272 0.0621 
        D936  1 0.0949 0.0164 0.0329 0.0340 0.0182 0.0283 0.0500 0.1238 0.0336 0.3791 0.0246 0.1642 
        D938  1 0.0119 0.4721 0.2003 0.0180 0.0270 0.0112 0.0365 0.0744 0.0385 0.0229 0.0572 0.0301 
        D956  1 0.0166 0.0171 0.0322 0.0453 0.5755 0.0267 0.0489 0.0299 0.1046 0.0463 0.0277 0.0292 
        D957  1 0.0230 0.0295 0.4414 0.1893 0.0345 0.0247 0.0693 0.0446 0.0230 0.0707 0.0172 0.0330 
        D958  1 0.0156 0.0616 0.2912 0.0873 0.1287 0.0207 0.0612 0.0856 0.0310 0.1405 0.0476 0.0291 
        D959  1 0.0146 0.1098 0.0138 0.0156 0.0191 0.0572 0.0370 0.0118 0.0248 0.4411 0.2439 0.0113 
        D960  1 0.0193 0.4433 0.1675 0.0543 0.0587 0.0234 0.0455 0.0461 0.0662 0.0335 0.0156 0.0264 
        D989  1 0.1114 0.0383 0.0158 0.0321 0.4972 0.0615 0.0535 0.0216 0.0454 0.0347 0.0382 0.0504 
        D990  1 0.0834 0.0283 0.5807 0.0188 0.0431 0.0304 0.0392 0.0176 0.0506 0.0150 0.0120 0.0809 
        D023  2 0.0125 0.8425 0.0145 0.0087 0.0106 0.0125 0.0146 0.0160 0.0088 0.0326 0.0159 0.0107 
        D130  2 0.0110 0.5455 0.0391 0.1302 0.0177 0.0330 0.0331 0.0145 0.0484 0.0802 0.0249 0.0223 
        D131  2 0.1014 0.0301 0.0470 0.0298 0.0362 0.0192 0.1721 0.0474 0.0553 0.1972 0.2213 0.0430 
        D163  2 0.0381 0.5857 0.0469 0.0210 0.0295 0.0139 0.0493 0.0329 0.0280 0.0890 0.0211 0.0447 
        D164  2 0.0087 0.0207 0.3489 0.0114 0.0095 0.5142 0.0168 0.0159 0.0116 0.0108 0.0192 0.0122 
        D165  2 0.0212 0.7862 0.0194 0.0105 0.0144 0.0227 0.0234 0.0234 0.0187 0.0212 0.0243 0.0146 
        D166  2 0.0183 0.0476 0.0307 0.3937 0.0146 0.0336 0.0948 0.0477 0.1161 0.0235 0.0685 0.1108 
        D167  2 0.0162 0.0117 0.0125 0.0529 0.0325 0.7906 0.0184 0.0112 0.0140 0.0114 0.0122 0.0165 
        D192  2 0.0143 0.0110 0.0124 0.0118 0.0147 0.8543 0.0137 0.0186 0.0140 0.0076 0.0115 0.0161 
        D193  2 0.0380 0.0189 0.0376 0.3804 0.1124 0.0257 0.0804 0.0254 0.1590 0.0207 0.0212 0.0804 
        D206  2 0.0288 0.0435 0.0315 0.0322 0.0194 0.2459 0.0616 0.0251 0.0395 0.0393 0.3764 0.0568 
        D207  2 0.0324 0.0227 0.0186 0.1168 0.0218 0.5235 0.0769 0.0161 0.0588 0.0242 0.0366 0.0517 
        D208  2 0.1527 0.0356 0.0382 0.0575 0.1085 0.0532 0.0877 0.0292 0.0498 0.0331 0.0586 0.2959 
        D209  2 0.0385 0.0313 0.0472 0.0284 0.0202 0.3971 0.1418 0.1296 0.0232 0.0269 0.0496 0.0662 
        D210  2 0.2447 0.0209 0.0202 0.0205 0.3889 0.0446 0.0331 0.0363 0.0769 0.0612 0.0294 0.0234 
     D229599  2 0.0807 0.0996 0.0444 0.0480 0.0347 0.0284 0.1443 0.0858 0.0418 0.1076 0.0355 0.2494 
     D229600  2 0.0296 0.3054 0.0504 0.0587 0.0183 0.3626 0.0394 0.0272 0.0400 0.0222 0.0279 0.0182 
     D237227  2 0.0475 0.0518 0.2072 0.0223 0.2458 0.0479 0.0670 0.0193 0.0172 0.0587 0.0316 0.1838 
     D237228  2 0.0527 0.0186 0.5499 0.0304 0.0978 0.0562 0.0679 0.0141 0.0402 0.0132 0.0211 0.0379 
     D237258  2 0.1326 0.1290 0.0444 0.0700 0.0476 0.1544 0.1301 0.0585 0.0523 0.0546 0.0728 0.0538 
     D237310  2 0.0151 0.0297 0.5317 0.1089 0.0323 0.0489 0.0507 0.0276 0.0914 0.0098 0.0333 0.0206 
     D237311  2 0.0176 0.0308 0.5314 0.0593 0.0228 0.1741 0.0300 0.0145 0.0702 0.0119 0.0190 0.0184 
     D237312  2 0.0208 0.0510 0.1862 0.1673 0.0375 0.0178 0.0478 0.0524 0.3288 0.0173 0.0381 0.0350 
     D237313  2 0.0894 0.0332 0.1239 0.0581 0.0439 0.0163 0.1437 0.0599 0.0552 0.0683 0.1153 0.1929 
     D237322  2 0.0427 0.0310 0.0653 0.1281 0.0553 0.0342 0.2188 0.0732 0.0792 0.0223 0.0380 0.2116 
     D237323  2 0.0304 0.0548 0.5189 0.0703 0.1385 0.0301 0.0227 0.0211 0.0521 0.0133 0.0187 0.0291 
     D237324  2 0.0752 0.2070 0.0580 0.0243 0.0129 0.1956 0.1943 0.0307 0.0311 0.0821 0.0223 0.0664 
     D237325  2 0.0355 0.0716 0.3422 0.0781 0.0443 0.0592 0.0717 0.0382 0.1454 0.0215 0.0295 0.0627 
     D237326  2 0.0383 0.0425 0.6265 0.0261 0.0536 0.0323 0.0454 0.0338 0.0278 0.0455 0.0147 0.0135 
     D237327  2 0.3808 0.0665 0.0203 0.0462 0.0243 0.0487 0.1202 0.0651 0.0727 0.0457 0.0214 0.0882 
     D237337  2 0.0214 0.0185 0.7647 0.0288 0.0202 0.0160 0.0326 0.0114 0.0350 0.0139 0.0192 0.0184 
     D237338  2 0.0383 0.0965 0.1264 0.0366 0.0911 0.0608 0.0979 0.0520 0.1085 0.0344 0.0491 0.2084 
     D237339  2 0.0975 0.0178 0.0187 0.0472 0.0130 0.1094 0.0718 0.5230 0.0252 0.0224 0.0298 0.0244 
     D237340  2 0.0262 0.0472 0.2966 0.1056 0.1005 0.1785 0.0510 0.0328 0.0801 0.0135 0.0245 0.0433 
     D237389  2 0.0173 0.0294 0.4823 0.0852 0.0240 0.1211 0.0512 0.0297 0.0927 0.0158 0.0281 0.0232 
     D237390  2 0.0382 0.0393 0.2736 0.1393 0.0479 0.0217 0.0673 0.0327 0.2217 0.0187 0.0270 0.0726 
     D244017  2 0.0431 0.0398 0.0332 0.2405 0.1498 0.2721 0.0851 0.0117 0.0181 0.0200 0.0169 0.0699 
     D244112  2 0.0124 0.0183 0.0162 0.0208 0.0181 0.8038 0.0211 0.0115 0.0315 0.0155 0.0107 0.0200 
     D244118  2 0.0246 0.1514 0.0469 0.0238 0.0175 0.6515 0.0170 0.0240 0.0135 0.0080 0.0071 0.0147 
     D244119  2 0.0193 0.0122 0.0205 0.0171 0.5770 0.2650 0.0182 0.0096 0.0132 0.0159 0.0183 0.0137 
     D244120  2 0.0793 0.0176 0.0212 0.0973 0.0370 0.4119 0.0401 0.0406 0.1896 0.0101 0.0227 0.0327 
     D244122  2 0.0218 0.0376 0.0228 0.0467 0.0342 0.6474 0.0297 0.0281 0.0497 0.0188 0.0354 0.0277 
        D291  2 0.3822 0.0946 0.0250 0.0455 0.0143 0.0434 0.1274 0.0152 0.0406 0.0612 0.0603 0.0904 
        D292  2 0.3158 0.0182 0.0524 0.0673 0.0311 0.1234 0.0543 0.0325 0.0225 0.1200 0.0166 0.1459 
        D293  2 0.2197 0.0132 0.0127 0.0188 0.0115 0.4085 0.0327 0.1463 0.0240 0.0847 0.0170 0.0110 
        D322  2 0.0514 0.0275 0.0406 0.0261 0.0139 0.3199 0.0645 0.2883 0.0289 0.1016 0.0229 0.0145 
        D323  2 0.0299 0.0219 0.0339 0.1172 0.0227 0.0752 0.0913 0.0357 0.0263 0.0245 0.4452 0.0761 
        D324  2 0.3681 0.0651 0.0788 0.0240 0.0341 0.0201 0.0800 0.0320 0.0531 0.1071 0.1169 0.0206 
        D325  2 0.1030 0.0169 0.0177 0.0128 0.0113 0.6725 0.0348 0.0264 0.0339 0.0383 0.0109 0.0215 
        D326  2 0.0222 0.0104 0.0126 0.0140 0.0213 0.0127 0.0254 0.0134 0.0163 0.8100 0.0245 0.0171 
        D340  2 0.0229 0.0150 0.0180 0.0105 0.0178 0.7986 0.0167 0.0254 0.0144 0.0278 0.0176 0.0153 
        D341  2 0.0577 0.0160 0.0427 0.0388 0.0264 0.4306 0.0567 0.0259 0.1890 0.0310 0.0395 0.0457 
        D342  2 0.0235 0.0736 0.0666 0.0528 0.0126 0.4201 0.0975 0.0248 0.1141 0.0196 0.0448 0.0500 
        D343  2 0.0200 0.0114 0.0085 0.0079 0.0081 0.8632 0.0110 0.0126 0.0150 0.0154 0.0095 0.0175 
        D344  2 0.0226 0.0125 0.0378 0.1167 0.0158 0.0275 0.0839 0.4906 0.0500 0.0744 0.0269 0.0413 
        D345  2 0.0426 0.0488 0.2809 0.0196 0.0292 0.0231 0.1344 0.2554 0.0174 0.0465 0.0310 0.0710 
        D346  2 0.0443 0.0169 0.0268 0.0164 0.2668 0.0613 0.0356 0.0389 0.0511 0.0387 0.3771 0.0260 
        D351  2 0.1503 0.0465 0.0461 0.0798 0.0212 0.0280 0.1900 0.0590 0.0730 0.1807 0.0430 0.0824 
        D352  2 0.0551 0.0189 0.0295 0.0254 0.0328 0.0193 0.0753 0.6659 0.0153 0.0120 0.0250 0.0256 
        D353  2 0.0318 0.0167 0.0162 0.0291 0.0115 0.0237 0.5138 0.0597 0.0392 0.1512 0.0361 0.0712 
        D354  2 0.0132 0.0114 0.0228 0.0240 0.0289 0.0109 0.0276 0.7617 0.0195 0.0337 0.0190 0.0275 
        D362  2 0.0513 0.0782 0.0352 0.0452 0.0257 0.0263 0.0463 0.0239 0.0167 0.5923 0.0333 0.0256 
        D363  2 0.0456 0.0413 0.0332 0.0242 0.0320 0.0188 0.0330 0.0250 0.0121 0.6775 0.0312 0.0260 
        D364  2 0.0219 0.0198 0.0423 0.0364 0.0302 0.0237 0.0675 0.4232 0.0205 0.2322 0.0250 0.0573 
        D365  2 0.0192 0.0108 0.0131 0.0136 0.0211 0.8005 0.0172 0.0350 0.0166 0.0193 0.0181 0.0155 
        D369  2 0.2640 0.0401 0.0983 0.0219 0.1136 0.0619 0.0648 0.0185 0.0373 0.1708 0.0778 0.0310 
        D374  2 0.0184 0.0091 0.0293 0.3744 0.4147 0.0161 0.0277 0.0189 0.0175 0.0148 0.0303 0.0288 
        D375  2 0.0098 0.0171 0.0137 0.0320 0.0131 0.0110 0.0413 0.7747 0.0266 0.0172 0.0239 0.0197 
        D376  2 0.0215 0.0115 0.0552 0.1690 0.4793 0.0315 0.0488 0.0599 0.0363 0.0175 0.0296 0.0400 
        D377  2 0.0259 0.0259 0.1308 0.0528 0.0400 0.0395 0.0756 0.0353 0.0608 0.0149 0.4331 0.0654 
        D378  2 0.0657 0.1049 0.0204 0.0175 0.0228 0.1619 0.1156 0.2775 0.0348 0.0861 0.0657 0.0270 
        D379  2 0.0358 0.0175 0.0270 0.0341 0.0289 0.0175 0.0845 0.0447 0.0425 0.4618 0.1610 0.0447 
        D384  2 0.0164 0.0109 0.0253 0.0135 0.0375 0.0149 0.0204 0.0125 0.0165 0.7831 0.0272 0.0218 
        D385  2 0.0114 0.0110 0.0181 0.0184 0.0315 0.6233 0.0294 0.1466 0.0235 0.0214 0.0266 0.0387 
        D386  2 0.0167 0.0616 0.0273 0.0359 0.0167 0.0544 0.1013 0.4837 0.0323 0.0529 0.0567 0.0605 
        D391  2 0.0265 0.0160 0.0213 0.0256 0.0146 0.6285 0.0340 0.1227 0.0248 0.0207 0.0387 0.0265 
        D392  2 0.0379 0.0352 0.1035 0.0388 0.0467 0.4884 0.0471 0.0271 0.0275 0.0864 0.0395 0.0220 
        D393  2 0.1169 0.0363 0.0353 0.0134 0.0168 0.0496 0.0530 0.3384 0.0410 0.1595 0.0960 0.0437 
        D394  2 0.0822 0.1129 0.1246 0.0681 0.0378 0.0715 0.1264 0.1549 0.0797 0.0724 0.0238 0.0459 
        D395  2 0.0168 0.0242 0.0148 0.0369 0.0181 0.2752 0.0607 0.4169 0.0247 0.0141 0.0332 0.0644 
        D401  2 0.0207 0.0113 0.7589 0.0174 0.0232 0.0240 0.0196 0.0089 0.0200 0.0168 0.0642 0.0150 
        D402  2 0.0464 0.0141 0.0249 0.0154 0.0142 0.6547 0.0244 0.0982 0.0277 0.0163 0.0444 0.0194 
        D403  2 0.0265 0.0628 0.0227 0.0881 0.0203 0.0230 0.2666 0.1449 0.0978 0.1550 0.0437 0.0485 
        D415  2 0.0177 0.0260 0.0844 0.0261 0.0117 0.0185 0.1146 0.0243 0.0567 0.5590 0.0357 0.0253 
        D435  2 0.0431 0.0178 0.0289 0.0128 0.0128 0.1109 0.0467 0.0458 0.0344 0.5883 0.0175 0.0408 
        D436  2 0.0423 0.0307 0.0260 0.1759 0.0429 0.0239 0.1002 0.2697 0.1014 0.0824 0.0431 0.0615 
        D438  2 0.0110 0.0125 0.0112 0.0108 0.0236 0.8230 0.0153 0.0154 0.0151 0.0116 0.0368 0.0136 
        D439  2 0.0242 0.0277 0.0284 0.0153 0.0128 0.0242 0.0653 0.6681 0.0207 0.0315 0.0338 0.0479 
        D449  2 0.0389 0.0266 0.0222 0.0150 0.0225 0.4679 0.0921 0.0280 0.0927 0.0814 0.0914 0.0214 
        D450  2 0.0554 0.0458 0.0295 0.0431 0.1050 0.0200 0.1630 0.1333 0.1361 0.0860 0.0992 0.0836 
        D456  2 0.0286 0.0123 0.0109 0.0129 0.0116 0.0089 0.0183 0.0196 0.0201 0.8220 0.0197 0.0150 
        D462  2 0.0319 0.0200 0.0095 0.0218 0.0110 0.6719 0.0215 0.1121 0.0157 0.0420 0.0199 0.0227 
        D463  2 0.0156 0.0108 0.0157 0.0228 0.0280 0.0092 0.0327 0.0245 0.0142 0.7724 0.0346 0.0194 
        D464  2 0.0184 0.0147 0.0169 0.0803 0.0285 0.0722 0.3536 0.2054 0.0337 0.0613 0.0654 0.0495 
        D465  2 0.0262 0.0282 0.1087 0.0330 0.0196 0.3989 0.0422 0.0243 0.0310 0.1628 0.0959 0.0290 
        D473  2 0.0433 0.0455 0.0875 0.0372 0.4477 0.0282 0.0503 0.0773 0.0390 0.0216 0.0846 0.0378 
        D474  2 0.2163 0.0356 0.0281 0.0108 0.0272 0.0295 0.0385 0.0279 0.0244 0.4745 0.0249 0.0622 
        D476  2 0.0270 0.3042 0.0113 0.0159 0.0102 0.0248 0.0279 0.5089 0.0142 0.0143 0.0141 0.0272 
        D477  2 0.0581 0.0131 0.0886 0.0181 0.0323 0.0168 0.0638 0.2950 0.0314 0.1957 0.0934 0.0939 
        D478  2 0.0943 0.3189 0.0252 0.0983 0.0525 0.0663 0.1355 0.0682 0.0284 0.0296 0.0519 0.0309 
        D480  2 0.0702 0.0196 0.0218 0.0351 0.0974 0.0520 0.0677 0.2987 0.0924 0.1159 0.0871 0.0420 
        D481  2 0.0682 0.1030 0.0668 0.0364 0.0733 0.0477 0.1031 0.1623 0.0211 0.2332 0.0382 0.0468 
        D482  2 0.0264 0.0254 0.0358 0.0502 0.0428 0.0203 0.0875 0.1123 0.0371 0.0164 0.0320 0.5138 
        D483  2 0.0233 0.0207 0.0175 0.0157 0.0556 0.7919 0.0157 0.0102 0.0103 0.0117 0.0124 0.0150 
        D484  2 0.0192 0.0146 0.0140 0.0316 0.0160 0.0180 0.0238 0.8030 0.0195 0.0082 0.0157 0.0164 
        D510  2 0.1597 0.0151 0.0323 0.0926 0.4562 0.0200 0.0458 0.0280 0.0378 0.0180 0.0301 0.0644 
        D511  2 0.0398 0.0389 0.0262 0.0244 0.0154 0.0389 0.0375 0.6267 0.0200 0.0465 0.0391 0.0467 
        D512  2 0.0277 0.0253 0.4703 0.0530 0.0128 0.1643 0.0460 0.0251 0.0557 0.0231 0.0606 0.0359 
        D513  2 0.0645 0.0327 0.0480 0.0295 0.0587 0.3824 0.0789 0.0213 0.0354 0.0338 0.1676 0.0472 
        D635  2 0.0308 0.5303 0.0208 0.0142 0.0196 0.0281 0.0765 0.0216 0.0168 0.1812 0.0428 0.0172 
        D636  2 0.0105 0.7675 0.0551 0.0105 0.0135 0.0137 0.0219 0.0152 0.0120 0.0201 0.0442 0.0157 
        D637  2 0.0366 0.0218 0.0413 0.0560 0.0519 0.0985 0.0994 0.2277 0.2259 0.0222 0.0509 0.0678 
        D658  2 0.0246 0.0173 0.0453 0.0635 0.0752 0.3897 0.0483 0.1861 0.0729 0.0216 0.0188 0.0366 
        D659  2 0.0761 0.0658 0.0182 0.0181 0.0285 0.0206 0.0539 0.0495 0.0329 0.5399 0.0589 0.0375 
        D677  2 0.0838 0.0764 0.0604 0.1046 0.0141 0.0445 0.0864 0.0241 0.2067 0.0925 0.1174 0.0890 
        D678  2 0.0178 0.0241 0.0359 0.0594 0.0138 0.6209 0.0624 0.0178 0.0349 0.0185 0.0412 0.0533 
        D679  2 0.1052 0.0281 0.0373 0.0268 0.0359 0.0383 0.1343 0.0577 0.0566 0.1301 0.2757 0.0739 
        D719  2 0.1687 0.0125 0.0595 0.0295 0.3067 0.1192 0.0651 0.0345 0.0184 0.1123 0.0351 0.0386 
        D720  2 0.0438 0.0199 0.0263 0.0230 0.0562 0.0154 0.0307 0.0152 0.0192 0.6478 0.0841 0.0185 
        D721  2 0.0211 0.7142 0.0158 0.0104 0.0241 0.0365 0.0253 0.0265 0.0236 0.0351 0.0322 0.0351 
        D722  2 0.0606 0.0198 0.0944 0.3357 0.2129 0.0524 0.0720 0.0198 0.0184 0.0148 0.0693 0.0300 
        D734  2 0.0469 0.0118 0.0141 0.0197 0.1889 0.0467 0.0415 0.4685 0.0233 0.0202 0.0511 0.0674 
        D735  2 0.0234 0.0319 0.0847 0.0319 0.0984 0.0331 0.1010 0.0931 0.0500 0.1445 0.2792 0.0289 
        D736  2 0.4146 0.0354 0.0354 0.0141 0.1804 0.0384 0.0550 0.0495 0.0560 0.0440 0.0376 0.0396 
        D737  2 0.0407 0.0411 0.0507 0.0395 0.0284 0.5567 0.0437 0.0556 0.0248 0.0135 0.0162 0.0892 
        D807  2 0.3029 0.0304 0.0645 0.0351 0.1031 0.0315 0.0719 0.0830 0.0873 0.0874 0.0542 0.0488 
        D808  2 0.0568 0.0502 0.1931 0.0809 0.0301 0.0544 0.1395 0.0641 0.1510 0.0969 0.0348 0.0483 
        D817  2 0.0719 0.0243 0.0430 0.0982 0.0192 0.0154 0.0467 0.0501 0.0297 0.1350 0.4123 0.0543 
        D818  2 0.1025 0.1263 0.0153 0.0311 0.0249 0.1537 0.1497 0.0272 0.2002 0.0512 0.0554 0.0625 
        D819  2 0.0288 0.0383 0.1357 0.0321 0.0282 0.0172 0.0615 0.0243 0.0276 0.0944 0.4689 0.0429 
        D820  2 0.1135 0.0216 0.0130 0.0424 0.0159 0.0234 0.0493 0.0887 0.0361 0.5535 0.0208 0.0219 
        D895  2 0.0346 0.1087 0.0767 0.0356 0.0338 0.0396 0.1332 0.0381 0.0272 0.2234 0.1507 0.0983 
        D896  2 0.0146 0.0125 0.8170 0.0279 0.0265 0.0119 0.0148 0.0110 0.0206 0.0126 0.0184 0.0122 
        D897  2 0.0354 0.0226 0.0390 0.0395 0.0262 0.3622 0.1100 0.0403 0.1780 0.0229 0.0627 0.0612 
        D898  2 0.0532 0.0253 0.1978 0.1051 0.0272 0.0193 0.1827 0.0410 0.0613 0.0359 0.0906 0.1608 
        D918  2 0.0501 0.0785 0.1233 0.0643 0.0536 0.0512 0.0935 0.0505 0.2845 0.0207 0.0632 0.0668 
        D919  2 0.0930 0.0271 0.0151 0.0876 0.0180 0.0536 0.0802 0.4623 0.0263 0.0832 0.0181 0.0356 
        D920  2 0.0266 0.5226 0.0394 0.0541 0.0872 0.0305 0.0413 0.0335 0.0881 0.0335 0.0168 0.0261 
        D923  2 0.0169 0.0246 0.0169 0.0399 0.0253 0.0274 0.0676 0.1532 0.0298 0.5068 0.0594 0.0321 
        D930  2 0.0388 0.0208 0.0550 0.0445 0.0732 0.0366 0.1295 0.1377 0.0887 0.1229 0.1928 0.0595 
        D931  2 0.0410 0.0240 0.0305 0.0391 0.0296 0.1006 0.0583 0.2784 0.0320 0.2481 0.0544 0.0641 
        D968  2 0.0896 0.0113 0.0158 0.0265 0.0130 0.7007 0.0324 0.0288 0.0138 0.0198 0.0264 0.0218 
        D969  2 0.1330 0.0335 0.0381 0.0427 0.0443 0.1215 0.1314 0.0435 0.0545 0.1733 0.0337 0.1506 
        D977  2 0.0287 0.0197 0.0157 0.0186 0.0199 0.6601 0.0652 0.0250 0.0485 0.0278 0.0301 0.0406 
        D978  2 0.0518 0.0207 0.0123 0.0768 0.0274 0.0827 0.1457 0.0264 0.1758 0.0189 0.2424 0.1191 
        D211  3 0.0294 0.3476 0.0172 0.0275 0.0194 0.0125 0.0505 0.0325 0.2925 0.0429 0.0494 0.0785 
     D229639  3 0.5346 0.0172 0.0339 0.0473 0.0418 0.0274 0.0509 0.0156 0.0274 0.0373 0.0269 0.1396 
     D237212  3 0.1588 0.0463 0.0357 0.0307 0.0198 0.0410 0.0728 0.2390 0.1228 0.0571 0.0617 0.1142 
     D237213  3 0.0336 0.0508 0.1543 0.0433 0.0124 0.0239 0.0780 0.0731 0.1929 0.0190 0.2643 0.0544 
     D237214  3 0.0116 0.8408 0.0119 0.0151 0.0178 0.0104 0.0202 0.0113 0.0195 0.0141 0.0174 0.0100 
     D237215  3 0.0582 0.0160 0.0354 0.1932 0.0622 0.4371 0.0464 0.0130 0.0174 0.0107 0.0329 0.0776 
     D237216  3 0.0291 0.0485 0.0258 0.0228 0.0195 0.0206 0.4432 0.0246 0.0532 0.0333 0.0721 0.2074 
     D237217  3 0.0769 0.1486 0.0688 0.0231 0.0133 0.0218 0.2546 0.0268 0.2164 0.0579 0.0218 0.0700 
     D237218  3 0.1157 0.0272 0.0176 0.0180 0.0593 0.0299 0.0639 0.1422 0.1538 0.0462 0.0359 0.2903 
     D237219  3 0.0288 0.0545 0.1246 0.0276 0.0422 0.0172 0.0716 0.0119 0.0900 0.0266 0.1027 0.4026 
     D237382  3 0.0261 0.0265 0.0929 0.3558 0.0844 0.0360 0.0755 0.0294 0.1035 0.0737 0.0498 0.0462 
     D244127  3 0.0688 0.0430 0.4862 0.0274 0.0128 0.0722 0.0707 0.0280 0.0627 0.0140 0.0419 0.0723 
     D244129  3 0.0758 0.0816 0.1799 0.0513 0.0340 0.0498 0.1166 0.0984 0.1265 0.0734 0.0593 0.0534 
     D244133  3 0.0299 0.0378 0.0337 0.0295 0.0769 0.0698 0.0514 0.0115 0.0277 0.0532 0.5466 0.0320 
     D244134  3 0.1951 0.0388 0.1265 0.0230 0.1883 0.0251 0.0440 0.0214 0.0297 0.0197 0.0757 0.2128 
     D244135  3 0.0205 0.6963 0.0167 0.0166 0.0131 0.0459 0.0370 0.0193 0.0366 0.0272 0.0409 0.0298 
     D244136  3 0.0525 0.0392 0.0381 0.0472 0.1073 0.0685 0.0958 0.0195 0.0384 0.1163 0.3253 0.0519 
        D416  3 0.0252 0.0583 0.0777 0.0154 0.0200 0.0847 0.1652 0.0388 0.1223 0.0714 0.2019 0.1191 
        D417  3 0.0134 0.0197 0.0296 0.0384 0.0217 0.0141 0.0375 0.0264 0.1803 0.5352 0.0352 0.0486 
        D419  3 0.0892 0.0387 0.0674 0.0253 0.0402 0.0362 0.0803 0.0282 0.1047 0.0672 0.0387 0.3838 
        D565  3 0.0599 0.0156 0.0203 0.0158 0.7161 0.0134 0.0235 0.0153 0.0146 0.0426 0.0458 0.0172 
        D566  3 0.2973 0.0229 0.0479 0.0387 0.2110 0.0475 0.0501 0.0173 0.0270 0.0489 0.1367 0.0547 
        D567  3 0.0232 0.0607 0.0789 0.0261 0.0209 0.0337 0.0692 0.0809 0.0391 0.4563 0.0490 0.0619 
        D568  3 0.0721 0.0616 0.0716 0.0451 0.0132 0.0989 0.1233 0.1490 0.1391 0.0694 0.0350 0.1218 
        D569  3 0.0764 0.0415 0.0220 0.0614 0.0331 0.0734 0.0723 0.5001 0.0351 0.0177 0.0346 0.0322 
        D573  3 0.6585 0.0115 0.0260 0.0180 0.0182 0.0376 0.0390 0.0243 0.0162 0.1101 0.0180 0.0226 
        D574  3 0.0655 0.0402 0.0541 0.0589 0.2976 0.0411 0.0893 0.0373 0.0623 0.0346 0.1734 0.0456 
        D575  3 0.0263 0.0466 0.1349 0.0108 0.0287 0.0197 0.0434 0.0199 0.0256 0.0334 0.5740 0.0367 
        D576  3 0.0287 0.0388 0.0125 0.0724 0.0279 0.5610 0.0377 0.0146 0.0346 0.0078 0.1210 0.0430 
        D577  3 0.0182 0.0736 0.0248 0.0560 0.0253 0.0217 0.0559 0.0384 0.0605 0.3871 0.1684 0.0700 
        D578  3 0.0149 0.8244 0.0191 0.0189 0.0159 0.0177 0.0174 0.0111 0.0179 0.0113 0.0172 0.0143 
        D579  3 0.1138 0.0381 0.0435 0.0231 0.1544 0.0453 0.0681 0.1251 0.0738 0.1331 0.0798 0.1019 
        D660  3 0.0200 0.0392 0.0503 0.0378 0.0144 0.5136 0.0757 0.0216 0.0441 0.0131 0.0754 0.0948 
        D661  3 0.0245 0.0278 0.0182 0.0159 0.0145 0.0941 0.0789 0.0578 0.3033 0.0187 0.0326 0.3135 
        D663  3 0.4669 0.0299 0.0182 0.0580 0.0174 0.0579 0.1420 0.0372 0.0260 0.0354 0.0534 0.0578 
        D664  3 0.0316 0.1017 0.0753 0.0361 0.0340 0.1280 0.1065 0.0179 0.1383 0.0187 0.2091 0.1027 
        D665  3 0.0434 0.1052 0.0520 0.1537 0.0103 0.0218 0.1761 0.0750 0.0669 0.0155 0.2234 0.0568 
        D666  3 0.0252 0.0349 0.2252 0.0218 0.0480 0.0190 0.0708 0.0226 0.0447 0.0468 0.2701 0.1708 
        D009  4 0.0200 0.1247 0.0737 0.0801 0.0271 0.0191 0.1033 0.0882 0.0971 0.1063 0.0307 0.2296 
        D057  4 0.1147 0.2596 0.0131 0.0614 0.0269 0.1118 0.0397 0.2013 0.0235 0.0304 0.0102 0.1074 
        D109  4 0.0158 0.0534 0.4131 0.0224 0.0370 0.0140 0.1508 0.0270 0.0605 0.0365 0.0840 0.0856 
     D237222  4 0.0533 0.4786 0.0238 0.1391 0.1101 0.0269 0.0387 0.0283 0.0391 0.0249 0.0153 0.0218 
     D237223  4 0.0497 0.0416 0.0526 0.0405 0.0742 0.0352 0.0690 0.0533 0.4977 0.0229 0.0296 0.0337 
     D237224  4 0.0963 0.0353 0.0324 0.0345 0.0212 0.1208 0.0977 0.1168 0.0284 0.0821 0.0398 0.2946 
     D237225  4 0.0598 0.0803 0.0411 0.0725 0.0372 0.0250 0.2773 0.0722 0.0977 0.0572 0.0472 0.1326 
     D237299  4 0.0440 0.0149 0.0308 0.0457 0.0361 0.0148 0.0713 0.0191 0.5643 0.0182 0.1107 0.0301 
     D237300  4 0.3566 0.0202 0.0268 0.0181 0.0286 0.0466 0.0541 0.0218 0.0747 0.0211 0.1198 0.2115 
     D237306  4 0.0462 0.0270 0.0598 0.0758 0.3820 0.0198 0.0411 0.0506 0.1916 0.0675 0.0189 0.0196 
     D237307  4 0.0708 0.0370 0.0315 0.0794 0.1457 0.0358 0.0867 0.0147 0.0442 0.2219 0.1369 0.0954 
     D237308  4 0.0619 0.0339 0.0802 0.0540 0.0465 0.3752 0.0704 0.1343 0.0234 0.0228 0.0345 0.0631 
     D237309  4 0.0438 0.1016 0.0424 0.0729 0.0193 0.0312 0.2248 0.0840 0.0815 0.1134 0.0417 0.1434 
     D237317  4 0.1033 0.1027 0.0412 0.0911 0.2438 0.0234 0.1508 0.0357 0.0349 0.0720 0.0528 0.0482 
     D237318  4 0.7830 0.0094 0.0145 0.0161 0.0174 0.0245 0.0298 0.0109 0.0262 0.0276 0.0259 0.0146 
     D237319  4 0.0507 0.0739 0.0964 0.1751 0.0348 0.0407 0.1232 0.0211 0.1701 0.0357 0.0518 0.1264 
     D237320  4 0.0862 0.0381 0.0327 0.0148 0.0152 0.0398 0.0427 0.0175 0.6272 0.0339 0.0186 0.0333 
     D237321  4 0.1713 0.0343 0.0374 0.0302 0.0390 0.0682 0.0715 0.0207 0.0565 0.0458 0.0659 0.3592 
     D237397  4 0.1150 0.0604 0.0383 0.0851 0.0900 0.0557 0.0695 0.0178 0.2991 0.0369 0.0374 0.0949 
     D237398  4 0.4169 0.0243 0.0181 0.0236 0.0144 0.0245 0.0709 0.0798 0.1739 0.0408 0.0612 0.0516 
     D237399  4 0.2456 0.0944 0.0398 0.0810 0.1217 0.0261 0.0755 0.0300 0.1180 0.0499 0.0292 0.0888 
     D244001  4 0.0257 0.3134 0.0334 0.1497 0.0258 0.1212 0.0984 0.0473 0.0536 0.0313 0.0199 0.0803 
        D289  4 0.2109 0.0500 0.0253 0.0212 0.1607 0.0458 0.0680 0.2301 0.0616 0.0522 0.0290 0.0452 
        D290  4 0.0378 0.0238 0.0150 0.7554 0.0163 0.0153 0.0214 0.0226 0.0275 0.0364 0.0121 0.0165 
        D294  4 0.0245 0.0456 0.0141 0.0984 0.0303 0.0220 0.1630 0.2143 0.0882 0.0909 0.0575 0.1512 
        D295  4 0.0398 0.0264 0.1246 0.1530 0.0334 0.0227 0.0900 0.0563 0.1184 0.1300 0.0484 0.1569 
        D301  4 0.0450 0.3942 0.0730 0.1240 0.0434 0.0342 0.0423 0.0158 0.0534 0.0125 0.0286 0.1337 
        D302  4 0.0152 0.0238 0.0140 0.0702 0.0126 0.0123 0.0367 0.7075 0.0257 0.0284 0.0234 0.0302 
        D303  4 0.0238 0.0250 0.0894 0.0376 0.4567 0.0588 0.0575 0.0655 0.0413 0.0405 0.0529 0.0510 
        D304  4 0.0854 0.0311 0.0137 0.5289 0.0605 0.0144 0.0711 0.0221 0.0322 0.0468 0.0449 0.0489 
        D305  4 0.0365 0.0305 0.0263 0.0552 0.0111 0.0906 0.3102 0.2019 0.0389 0.0173 0.0158 0.1657 
        D306  4 0.0210 0.0348 0.0230 0.7102 0.0226 0.0170 0.0454 0.0192 0.0326 0.0389 0.0169 0.0185 
        D307  4 0.0227 0.6316 0.0255 0.0267 0.0742 0.0178 0.0291 0.0329 0.0217 0.0146 0.0238 0.0795 
        D327  4 0.0307 0.0177 0.0150 0.0561 0.0678 0.0324 0.0788 0.0230 0.0416 0.5128 0.0746 0.0495 
        D328  4 0.0331 0.0274 0.0472 0.1282 0.1010 0.0250 0.0798 0.2950 0.0606 0.0167 0.0682 0.1176 
        D329  4 0.0860 0.0407 0.0628 0.0742 0.0346 0.0765 0.1383 0.1758 0.0561 0.0673 0.0188 0.1688 
        D330  4 0.0323 0.0467 0.1011 0.1009 0.0123 0.0493 0.1273 0.1030 0.1420 0.1869 0.0527 0.0455 
        D331  4 0.0911 0.0297 0.0364 0.4352 0.0475 0.0223 0.0835 0.0217 0.0511 0.0821 0.0300 0.0693 
        D333  4 0.0819 0.0506 0.0623 0.1576 0.0714 0.0528 0.1000 0.1353 0.0993 0.0565 0.0322 0.1000 
        D334  4 0.0306 0.0696 0.0249 0.0446 0.5015 0.0152 0.0428 0.0543 0.0516 0.0529 0.0602 0.0519 
        D335  4 0.0426 0.0341 0.0249 0.2896 0.0173 0.0467 0.0664 0.3341 0.0145 0.0541 0.0490 0.0265 
        D370  4 0.0259 0.0247 0.2437 0.3768 0.0628 0.0273 0.0666 0.0307 0.0167 0.0264 0.0419 0.0565 
        D371  4 0.0304 0.0108 0.0174 0.0219 0.6160 0.0230 0.0239 0.0199 0.0208 0.1370 0.0552 0.0237 
        D372  4 0.1228 0.0130 0.0220 0.2192 0.0326 0.0555 0.1604 0.0200 0.0447 0.0107 0.0451 0.2542 
        D373  4 0.0348 0.5488 0.0193 0.0221 0.0148 0.0617 0.0419 0.0296 0.0152 0.0337 0.0298 0.1483 
        D455  4 0.0301 0.6437 0.0219 0.0478 0.0171 0.0255 0.0268 0.0550 0.0173 0.0364 0.0131 0.0653 
        D490  4 0.0135 0.7020 0.0183 0.0234 0.0194 0.0097 0.0232 0.0185 0.0737 0.0210 0.0166 0.0607 
        D497  4 0.0366 0.5690 0.0315 0.0309 0.0167 0.0162 0.0602 0.0489 0.0838 0.0109 0.0286 0.0667 
        D498  4 0.0545 0.0260 0.0865 0.5894 0.0358 0.0195 0.0428 0.0149 0.0287 0.0314 0.0300 0.0405 
        D499  4 0.0561 0.0122 0.0441 0.0340 0.0938 0.0995 0.1152 0.1067 0.1695 0.0274 0.1847 0.0568 
        D514  4 0.0316 0.0364 0.0372 0.1605 0.0137 0.0228 0.1309 0.0994 0.0429 0.2151 0.1234 0.0861 
        D515  4 0.0130 0.0270 0.0183 0.0556 0.0200 0.0178 0.0222 0.0292 0.7290 0.0306 0.0224 0.0149 
        D516  4 0.1106 0.0429 0.1365 0.0871 0.0385 0.0496 0.0877 0.0174 0.1095 0.0654 0.1447 0.1101 
        D517  4 0.0251 0.4487 0.0318 0.0281 0.0130 0.0241 0.0880 0.0252 0.0485 0.0417 0.0105 0.2152 
        D518  4 0.0273 0.1876 0.0260 0.1439 0.0760 0.0478 0.0620 0.2875 0.0371 0.0220 0.0263 0.0566 
        D519  4 0.0320 0.0197 0.0171 0.0110 0.0138 0.0155 0.0181 0.0114 0.8114 0.0183 0.0121 0.0196 
        D560  4 0.0195 0.0174 0.0166 0.0277 0.0107 0.0267 0.0223 0.0207 0.6914 0.0717 0.0169 0.0585 
        D561  4 0.0476 0.1121 0.0504 0.0663 0.0137 0.0519 0.2153 0.0885 0.0434 0.0929 0.1923 0.0257 
        D562  4 0.0694 0.2654 0.0319 0.1334 0.0279 0.0432 0.1169 0.0834 0.0924 0.0376 0.0334 0.0651 
        D563  4 0.0602 0.0438 0.0382 0.0306 0.0157 0.3168 0.1039 0.1748 0.0721 0.0209 0.0689 0.0542 
        D572  4 0.0280 0.0906 0.0165 0.0704 0.0247 0.0265 0.0490 0.5404 0.0277 0.0524 0.0213 0.0525 
        D629  4 0.0440 0.2104 0.0267 0.0165 0.0152 0.0192 0.0667 0.0651 0.0424 0.1362 0.3115 0.0461 
        D630  4 0.0718 0.1474 0.0282 0.1493 0.0395 0.0256 0.0910 0.0583 0.2272 0.0456 0.0300 0.0861 
        D631  4 0.0482 0.0352 0.0194 0.0614 0.0234 0.0953 0.0657 0.4060 0.0453 0.0231 0.0255 0.1517 
        D632  4 0.0117 0.2172 0.0730 0.0181 0.0174 0.1797 0.0399 0.2812 0.0250 0.0466 0.0558 0.0343 
        D646  4 0.1151 0.0340 0.1108 0.0334 0.0174 0.0385 0.0741 0.0281 0.3812 0.0902 0.0351 0.0421 
        D647  4 0.0520 0.0492 0.0551 0.1657 0.0146 0.0459 0.0665 0.0565 0.0963 0.3213 0.0246 0.0524 
        D648  4 0.0118 0.0213 0.0152 0.3310 0.0714 0.0267 0.0394 0.2698 0.0603 0.0150 0.0943 0.0438 
        D649  4 0.0292 0.0404 0.2213 0.0204 0.0170 0.0162 0.0685 0.2754 0.0417 0.1710 0.0484 0.0504 
        D650  4 0.0638 0.0975 0.0596 0.0573 0.0683 0.0198 0.0783 0.0691 0.2024 0.1094 0.1066 0.0679 
        D708  4 0.0553 0.0249 0.0365 0.0486 0.1310 0.0231 0.0995 0.1335 0.0848 0.0289 0.1700 0.1637 
        D709  4 0.0150 0.0126 0.1012 0.6865 0.0201 0.0148 0.0336 0.0206 0.0186 0.0169 0.0389 0.0212 
        D738  4 0.0940 0.0689 0.0884 0.0562 0.4003 0.0127 0.0468 0.0191 0.0942 0.0624 0.0231 0.0339 
        D739  4 0.0386 0.2680 0.0311 0.1701 0.0268 0.0249 0.1106 0.0388 0.0935 0.0253 0.0353 0.1370 
        D740  4 0.0779 0.0311 0.0969 0.0174 0.0895 0.0412 0.1640 0.0666 0.0928 0.0154 0.0412 0.2660 
        D741  4 0.1457 0.0196 0.0182 0.0196 0.0101 0.0292 0.0744 0.0164 0.5717 0.0555 0.0231 0.0164 
        D742  4 0.1754 0.0512 0.0326 0.0254 0.0609 0.1431 0.1006 0.0528 0.2030 0.0326 0.0346 0.0878 
        D743  4 0.0374 0.0287 0.0144 0.0202 0.0176 0.0320 0.0458 0.2957 0.0267 0.3484 0.0563 0.0768 
        D744  4 0.0162 0.0223 0.0175 0.0131 0.0192 0.0240 0.0216 0.7850 0.0240 0.0160 0.0255 0.0156 
        D745  4 0.0156 0.0246 0.0156 0.0130 0.0177 0.0105 0.0239 0.0172 0.8073 0.0168 0.0191 0.0187 
        D814  4 0.0380 0.0578 0.0096 0.0415 0.0178 0.1098 0.2316 0.0578 0.2233 0.0212 0.0256 0.1659 
        D815  4 0.0358 0.0223 0.0604 0.3525 0.0203 0.0203 0.0605 0.2347 0.0196 0.0638 0.0389 0.0710 
        D828  4 0.0344 0.0257 0.0284 0.4159 0.0757 0.0535 0.0804 0.0450 0.0954 0.0101 0.0417 0.0938 
        D845  4 0.7505 0.0130 0.0141 0.0118 0.0189 0.0215 0.0192 0.0173 0.0193 0.0159 0.0172 0.0814 
        D846  4 0.0314 0.1140 0.0183 0.1337 0.0094 0.1292 0.1013 0.1521 0.0287 0.0630 0.0489 0.1700 
        D847  4 0.0673 0.2039 0.0306 0.0730 0.0771 0.0322 0.1228 0.0378 0.1280 0.0958 0.0332 0.0983 
        D848  4 0.1133 0.6173 0.0162 0.0242 0.0146 0.0466 0.0369 0.0235 0.0124 0.0142 0.0117 0.0690 
        D849  4 0.0253 0.1553 0.0650 0.1355 0.0170 0.0259 0.0906 0.0385 0.2700 0.0224 0.0475 0.1071 
        D850  4 0.3501 0.1402 0.0274 0.0157 0.0479 0.0255 0.1184 0.0544 0.0550 0.0626 0.0839 0.0189 
        D856  4 0.0360 0.0270 0.1491 0.1423 0.0352 0.0177 0.2752 0.0441 0.0960 0.0390 0.0659 0.0726 
        D857  4 0.0112 0.0373 0.5650 0.1502 0.0284 0.0748 0.0287 0.0158 0.0308 0.0085 0.0131 0.0361 
        D859  4 0.0927 0.0266 0.0212 0.0504 0.0196 0.0321 0.0791 0.3047 0.0934 0.0536 0.0226 0.2039 
        D860  4 0.4651 0.0216 0.0241 0.0281 0.2066 0.0485 0.0393 0.0608 0.0155 0.0441 0.0206 0.0257 
        D883  4 0.0618 0.1355 0.0781 0.0931 0.0550 0.0247 0.0876 0.0612 0.0725 0.1681 0.0783 0.0841 
        D884  4 0.0365 0.0166 0.0497 0.0675 0.0324 0.0123 0.0542 0.0294 0.5876 0.0214 0.0381 0.0541 
        D885  4 0.0394 0.0206 0.0274 0.0117 0.0172 0.0314 0.0685 0.0248 0.1311 0.0684 0.0608 0.4987 
        D886  4 0.0241 0.1028 0.0741 0.4113 0.0214 0.0385 0.0524 0.0453 0.0585 0.1163 0.0197 0.0355 
        D887  4 0.0589 0.0393 0.0446 0.0522 0.0397 0.0696 0.1258 0.0781 0.2121 0.0985 0.0233 0.1579 
        D889  4 0.2150 0.0190 0.0144 0.3079 0.0138 0.0095 0.0933 0.0329 0.0450 0.0218 0.0370 0.1904 
        D890  4 0.0211 0.0627 0.0937 0.0856 0.0800 0.0536 0.0608 0.0392 0.0292 0.0283 0.3803 0.0655 
        D891  4 0.8771 0.0083 0.0098 0.0080 0.0087 0.0113 0.0110 0.0106 0.0141 0.0115 0.0144 0.0152 
        D899  4 0.2025 0.0278 0.0285 0.0657 0.0567 0.2944 0.0797 0.0795 0.0404 0.0269 0.0438 0.0543 
        D900  4 0.0676 0.0850 0.0437 0.1928 0.0422 0.0559 0.1498 0.1075 0.0576 0.0943 0.0479 0.0556 
        D970  4 0.0655 0.0804 0.0328 0.0379 0.0330 0.0391 0.0933 0.2036 0.0248 0.1358 0.0364 0.2174 
        D971  4 0.0388 0.0253 0.0549 0.1419 0.0472 0.3479 0.0745 0.1567 0.0162 0.0355 0.0430 0.0180 
        D979  4 0.0601 0.0400 0.0189 0.2827 0.0240 0.0276 0.0790 0.1580 0.0232 0.1360 0.0944 0.0562 
        D093  5 0.0294 0.0172 0.0229 0.0257 0.6462 0.0173 0.0333 0.0160 0.0437 0.0312 0.0249 0.0922 
        D154  5 0.0942 0.0109 0.0204 0.0535 0.0304 0.0830 0.0980 0.0300 0.2756 0.0186 0.2331 0.0523 
        D168  5 0.0592 0.0499 0.0573 0.0533 0.0131 0.1274 0.1107 0.0335 0.1173 0.0437 0.1527 0.1820 
