        D174  1 0.0801 0.0447 0.1309 0.0545 0.0334 0.0155 0.0224 0.0561 0.0748 0.3305 0.1283 0.0287 
        D199  1 0.0442 0.1217 0.1189 0.1311 0.1253 0.0309 0.1370 0.1153 0.0350 0.0710 0.0272 0.0423 
        D203  1 0.0203 0.1930 0.0608 0.0523 0.1132 0.0327 0.0869 0.0645 0.1079 0.0517 0.1790 0.0377 
        D204  1 0.0240 0.6286 0.0237 0.0325 0.0306 0.1123 0.0189 0.0228 0.0227 0.0161 0.0454 0.0223 
     D237366  1 0.0289 0.0413 0.2732 0.0431 0.0348 0.0758 0.0349 0.0571 0.2795 0.0472 0.0370 0.0472 
     D237367  1 0.0907 0.1927 0.2051 0.0347 0.0539 0.0401 0.0182 0.0986 0.0888 0.0326 0.1028 0.0420 
     D237368  1 0.0242 0.1536 0.1412 0.0370 0.0730 0.0467 0.0222 0.0611 0.0337 0.0757 0.0475 0.2842 
     D244101  1 0.0323 0.1106 0.0444 0.0385 0.0527 0.4423 0.1217 0.0599 0.0278 0.0173 0.0328 0.0197 
     D244102  1 0.0634 0.0587 0.0720 0.2003 0.0316 0.0527 0.0546 0.0794 0.0682 0.0262 0.2173 0.0755 
     D244103  1 0.0763 0.0857 0.2310 0.0692 0.0292 0.0288 0.0322 0.1641 0.1758 0.0354 0.0379 0.0344 
     D244104  1 0.1063 0.5570 0.0372 0.0140 0.0317 0.0257 0.0306 0.0302 0.0213 0.0372 0.0130 0.0957 
     D244105  1 0.0375 0.0229 0.1231 0.0216 0.0183 0.0173 0.0268 0.0914 0.4878 0.0160 0.0821 0.0551 
     D244106  1 0.0187 0.0694 0.0312 0.0560 0.0616 0.0210 0.0366 0.0639 0.0783 0.5085 0.0402 0.0144 
     D244107  1 0.0310 0.0274 0.2522 0.0185 0.0701 0.0704 0.0289 0.0901 0.0333 0.0156 0.0271 0.3356 
     D244108  1 0.0309 0.0391 0.0313 0.1083 0.0297 0.0251 0.0394 0.0450 0.0435 0.2819 0.1770 0.1488 
     D244113  1 0.0921 0.0155 0.0403 0.3492 0.0326 0.0550 0.0180 0.0497 0.0196 0.2675 0.0291 0.0312 
     D244114  1 0.0375 0.0317 0.0670 0.0473 0.0342 0.0311 0.0868 0.2136 0.2930 0.0707 0.0690 0.0181 
     D244115  1 0.0417 0.1381 0.0544 0.0360 0.0188 0.0302 0.0252 0.1641 0.0505 0.1838 0.1384 0.1187 
     D267365  1 0.0499 0.2578 0.0742 0.0420 0.0230 0.0419 0.1762 0.0889 0.0473 0.1285 0.0399 0.0303 
        D404  1 0.0327 0.0209 0.0277 0.4926 0.0332 0.0751 0.0170 0.0320 0.0227 0.1241 0.1042 0.0179 
        D405  1 0.0491 0.0825 0.0415 0.5307 0.0477 0.0386 0.0277 0.0548 0.0283 0.0232 0.0495 0.0262 
        D406  1 0.0157 0.0524 0.2067 0.0229 0.0188 0.0320 0.0195 0.0373 0.1396 0.0352 0.1204 0.2996 
        D407  1 0.0439 0.4660 0.2951 0.0217 0.0398 0.0150 0.0147 0.0301 0.0231 0.0209 0.0156 0.0142 
        D408  1 0.1893 0.0782 0.0411 0.0496 0.0144 0.0389 0.1403 0.0531 0.0245 0.2886 0.0566 0.0254 
        D409  1 0.0430 0.0679 0.2329 0.0429 0.0328 0.0319 0.0613 0.2481 0.1253 0.0333 0.0467 0.0339 
        D410  1 0.0388 0.0612 0.0536 0.0240 0.0106 0.0265 0.0129 0.0391 0.0397 0.0231 0.1808 0.4897 
        D421  1 0.0199 0.8239 0.0403 0.0082 0.0238 0.0116 0.0145 0.0124 0.0100 0.0156 0.0106 0.0092 
        D422  1 0.0165 0.0659 0.4004 0.0186 0.0237 0.0144 0.0283 0.0418 0.0938 0.0107 0.0192 0.2667 
        D423  1 0.0177 0.0897 0.1034 0.0270 0.0356 0.0143 0.0133 0.0448 0.0466 0.0168 0.1076 0.4833 
        D424  1 0.0389 0.5441 0.0916 0.0193 0.0179 0.0231 0.0161 0.0819 0.0855 0.0302 0.0319 0.0194 
        D425  1 0.0590 0.2310 0.0730 0.1447 0.0182 0.0262 0.0465 0.1202 0.0805 0.0610 0.1038 0.0358 
        D426  1 0.0661 0.0486 0.2570 0.0156 0.0204 0.0164 0.1555 0.2421 0.1155 0.0246 0.0143 0.0239 
        D427  1 0.0295 0.3476 0.0231 0.0095 0.3229 0.0136 0.0189 0.0222 0.0154 0.1652 0.0135 0.0186 
        D428  1 0.0538 0.2068 0.1203 0.1566 0.0255 0.0535 0.0294 0.1046 0.0335 0.1139 0.0540 0.0480 
        D429  1 0.0183 0.3999 0.0351 0.0789 0.0292 0.0287 0.0367 0.0671 0.1535 0.0954 0.0359 0.0214 
        D430  1 0.0514 0.0658 0.0734 0.0776 0.0476 0.0237 0.0769 0.1732 0.1158 0.1087 0.1631 0.0226 
        D491  1 0.0817 0.0910 0.0325 0.0468 0.0135 0.0293 0.0290 0.0374 0.0306 0.5283 0.0229 0.0571 
        D492  1 0.0274 0.2299 0.1406 0.1647 0.0339 0.0470 0.0204 0.1152 0.0586 0.0732 0.0345 0.0546 
        D537  1 0.0690 0.3374 0.1811 0.0681 0.0241 0.0414 0.0149 0.0533 0.0859 0.0223 0.0480 0.0545 
        D538  1 0.0244 0.0500 0.0721 0.1356 0.0653 0.0473 0.0270 0.0925 0.0431 0.0780 0.2520 0.1128 
        D539  1 0.0799 0.0227 0.0486 0.0627 0.0288 0.0388 0.2100 0.0856 0.2203 0.0876 0.0582 0.0569 
        D540  1 0.3539 0.1733 0.0887 0.0336 0.0181 0.0237 0.0435 0.1109 0.0776 0.0186 0.0271 0.0311 
        D541  1 0.0148 0.8300 0.0174 0.0112 0.0194 0.0163 0.0156 0.0197 0.0131 0.0113 0.0149 0.0164 
        D551  1 0.0336 0.0455 0.1422 0.0266 0.1171 0.0210 0.1459 0.1490 0.2471 0.0281 0.0236 0.0203 
        D552  1 0.0911 0.0861 0.0719 0.0173 0.0250 0.0506 0.0400 0.0760 0.0586 0.1269 0.0283 0.3284 
        D553  1 0.0242 0.8246 0.0178 0.0082 0.0095 0.0166 0.0167 0.0230 0.0179 0.0129 0.0104 0.0180 
        D615  1 0.0377 0.4205 0.0461 0.0630 0.0511 0.0191 0.0483 0.0894 0.0421 0.0438 0.0437 0.0951 
        D616  1 0.0443 0.2889 0.0840 0.0206 0.0934 0.0214 0.0584 0.1387 0.0529 0.0438 0.0690 0.0847 
        D621  1 0.0383 0.0121 0.0832 0.0495 0.0170 0.1517 0.0191 0.0301 0.0416 0.0705 0.0300 0.4568 
        D622  1 0.0459 0.0255 0.1533 0.0169 0.0233 0.0404 0.0217 0.0584 0.1311 0.0320 0.0834 0.3682 
        D623  1 0.0242 0.0206 0.0324 0.1844 0.1538 0.1255 0.0428 0.0541 0.0202 0.1905 0.1298 0.0217 
        D624  1 0.0260 0.0312 0.0362 0.0190 0.0116 0.0093 0.0181 0.0420 0.0309 0.7338 0.0252 0.0168 
        D625  1 0.0245 0.4953 0.0688 0.0221 0.0143 0.0479 0.0204 0.0608 0.0323 0.0511 0.0979 0.0645 
        D626  1 0.1418 0.0421 0.0831 0.0420 0.0287 0.0199 0.0388 0.0656 0.1036 0.2238 0.0621 0.1486 
        D627  1 0.0247 0.0843 0.2050 0.0127 0.0173 0.0207 0.1635 0.2771 0.1248 0.0271 0.0288 0.0140 
        D690  1 0.0170 0.7220 0.0338 0.0137 0.0094 0.0236 0.0139 0.0226 0.0157 0.0410 0.0256 0.0617 
        D691  1 0.0291 0.0614 0.2950 0.0116 0.0209 0.0268 0.0336 0.0367 0.2180 0.0405 0.1335 0.0930 
        D710  1 0.0676 0.1482 0.0977 0.0418 0.0302 0.1307 0.0329 0.1124 0.0330 0.1006 0.0368 0.1680 
        D711  1 0.0110 0.7268 0.0295 0.0260 0.0190 0.0388 0.0206 0.0336 0.0175 0.0201 0.0338 0.0233 
        D712  1 0.0784 0.0311 0.0744 0.0909 0.0426 0.0436 0.0692 0.0393 0.0330 0.4011 0.0478 0.0487 
        D713  1 0.0464 0.0831 0.1057 0.2881 0.0178 0.0734 0.0257 0.0971 0.0806 0.0785 0.0710 0.0326 
        D746  1 0.0291 0.0637 0.2779 0.0109 0.0315 0.0246 0.0137 0.0289 0.1005 0.0213 0.0245 0.3733 
        D747  1 0.0111 0.8256 0.0156 0.0132 0.0181 0.0240 0.0203 0.0153 0.0139 0.0149 0.0155 0.0127 
        D748  1 0.0381 0.0929 0.2086 0.0186 0.0163 0.0579 0.0249 0.0498 0.2286 0.0263 0.1878 0.0503 
        D749  1 0.0266 0.0231 0.0996 0.1062 0.0343 0.0483 0.0221 0.1512 0.0883 0.0856 0.0281 0.2868 
        D750  1 0.0252 0.1451 0.0475 0.0256 0.0196 0.0315 0.0200 0.0361 0.0277 0.5115 0.0493 0.0609 
        D763  1 0.1225 0.0484 0.1111 0.0268 0.0809 0.1595 0.1373 0.1268 0.0734 0.0166 0.0223 0.0743 
        D764  1 0.0391 0.4807 0.0555 0.0153 0.0168 0.0132 0.0162 0.0485 0.0207 0.1817 0.0460 0.0663 
        D765  1 0.0574 0.0255 0.0731 0.0632 0.0150 0.0163 0.0277 0.1062 0.0967 0.1153 0.1949 0.2087 
        D766  1 0.0843 0.0484 0.1203 0.0353 0.0240 0.0911 0.0188 0.0614 0.0863 0.0323 0.1063 0.2916 
        D767  1 0.0311 0.0691 0.0630 0.1655 0.0598 0.1487 0.0228 0.0549 0.0743 0.0303 0.2380 0.0426 
        D768  1 0.0243 0.7776 0.0252 0.0138 0.0174 0.0128 0.0148 0.0319 0.0351 0.0120 0.0167 0.0184 
        D811  1 0.2662 0.0174 0.0248 0.3236 0.0141 0.0171 0.0223 0.0431 0.0260 0.0667 0.1397 0.0390 
        D816  1 0.0135 0.7975 0.0236 0.0216 0.0128 0.0166 0.0182 0.0215 0.0205 0.0177 0.0145 0.0221 
        D825  1 0.0679 0.0796 0.0436 0.2108 0.0145 0.0195 0.0228 0.1145 0.0416 0.1065 0.1446 0.1341 
        D866  1 0.0647 0.0542 0.0447 0.0449 0.0888 0.0186 0.2837 0.0917 0.0355 0.1541 0.0602 0.0590 
        D867  1 0.0352 0.0201 0.4126 0.0630 0.0458 0.0769 0.0195 0.0410 0.0911 0.0193 0.0354 0.1402 
        D871  1 0.0468 0.0494 0.2701 0.0258 0.0166 0.0258 0.0716 0.2312 0.1684 0.0436 0.0333 0.0173 
        D872  1 0.0217 0.1003 0.0423 0.1275 0.0411 0.0348 0.0182 0.0511 0.0334 0.0309 0.3297 0.1688 
        D873  1 0.0140 0.0081 0.0232 0.1091 0.0210 0.0337 0.0098 0.0152 0.0124 0.0121 0.0325 0.7089 
        D874  1 0.0274 0.0468 0.0266 0.0328 0.0161 0.6835 0.0292 0.0245 0.0242 0.0531 0.0225 0.0132 
        D875  1 0.0208 0.0280 0.3225 0.0214 0.0127 0.0181 0.0357 0.2420 0.1719 0.0164 0.0779 0.0326 
        D876  1 0.0666 0.2961 0.0661 0.0299 0.0217 0.0778 0.0503 0.1158 0.0574 0.0794 0.0557 0.0832 
        D877  1 0.0347 0.0235 0.0236 0.6335 0.0168 0.0545 0.0169 0.0448 0.0376 0.0583 0.0417 0.0141 
        D892  1 0.0199 0.1627 0.1414 0.0409 0.0156 0.0323 0.0209 0.0801 0.1621 0.1348 0.1574 0.0317 
        D893  1 0.0466 0.5063 0.0726 0.0188 0.0340 0.0448 0.0410 0.0847 0.0580 0.0130 0.0453 0.0348 
        D894  1 0.0226 0.6214 0.0510 0.0204 0.0226 0.0312 0.0265 0.0740 0.0541 0.0261 0.0275 0.0225 
        D915  1 0.0461 0.3270 0.0836 0.0272 0.0241 0.0227 0.0354 0.0496 0.1098 0.0376 0.1332 0.1036 
        D916  1 0.0110 0.8598 0.0145 0.0079 0.0109 0.0153 0.0102 0.0159 0.0105 0.0128 0.0134 0.0179 
        D917  1 0.0404 0.0862 0.0894 0.0919 0.0391 0.1297 0.1187 0.1295 0.0317 0.1800 0.0241 0.0392 
        D925  1 0.0282 0.1414 0.0311 0.0276 0.0191 0.0132 0.0264 0.0322 0.0227 0.0491 0.0207 0.5883 
        D926  1 0.0327 0.3129 0.0652 0.0367 0.0233 0.0547 0.0313 0.1789 0.1281 0.0444 0.0648 0.0270 
        D927  1 0.0464 0.1680 0.0872 0.0326 0.2031 0.0352 0.0988 0.1341 0.0566 0.0465 0.0604 0.0311 
        D928  1 0.0132 0.0824 0.0149 0.0279 0.0141 0.0186 0.0155 0.0214 0.0112 0.7383 0.0225 0.0200 
        D929  1 0.0386 0.0326 0.0593 0.1453 0.0171 0.3503 0.0180 0.0527 0.0601 0.0411 0.1573 0.0275 
        D936  1 0.0301 0.4401 0.0339 0.0314 0.0392 0.1404 0.0975 0.0611 0.0464 0.0209 0.0249 0.0341 
        D938  1 0.0455 0.0194 0.2287 0.0205 0.0115 0.0339 0.0156 0.0287 0.1051 0.0229 0.0591 0.4093 
        D956  1 0.0404 0.0357 0.0322 0.0726 0.0291 0.0245 0.0264 0.0628 0.0353 0.5403 0.0662 0.0346 
        D957  1 0.0165 0.0539 0.0400 0.0884 0.0267 0.0427 0.0213 0.0527 0.0373 0.0297 0.4312 0.1595 
        D958  1 0.0345 0.1091 0.0522 0.0325 0.0206 0.0622 0.0188 0.0532 0.0475 0.0945 0.2418 0.2330 
        D959  1 0.0306 0.4369 0.3249 0.0229 0.0370 0.0109 0.0129 0.0393 0.0349 0.0190 0.0146 0.0159 
        D960  1 0.0159 0.0355 0.1943 0.0975 0.0222 0.0422 0.0197 0.0418 0.1683 0.0339 0.0489 0.2797 
        D989  1 0.0587 0.0348 0.0539 0.0349 0.0596 0.0239 0.0597 0.0671 0.0270 0.5167 0.0469 0.0168 
        D990  1 0.0170 0.0148 0.0307 0.0138 0.0332 0.0248 0.1547 0.0501 0.0210 0.0736 0.0726 0.4937 
        D023  2 0.0188 0.0342 0.4185 0.0087 0.0162 0.0165 0.0115 0.0180 0.0137 0.0135 0.0116 0.4190 
        D130  2 0.0187 0.1006 0.2841 0.0678 0.0453 0.0196 0.0160 0.0412 0.1654 0.0133 0.0682 0.1597 
        D131  2 0.1554 0.1317 0.0795 0.0207 0.0281 0.0436 0.0820 0.1801 0.0566 0.0319 0.1550 0.0354 
        D163  2 0.0240 0.0628 0.3762 0.0181 0.0133 0.0445 0.0326 0.0562 0.0992 0.0435 0.0290 0.2005 
        D164  2 0.0134 0.0085 0.0182 0.0136 0.4530 0.0122 0.0114 0.0135 0.0147 0.0094 0.0108 0.4213 
        D165  2 0.0274 0.0327 0.4032 0.0106 0.0310 0.0203 0.0207 0.0317 0.0258 0.0148 0.0126 0.3692 
        D166  2 0.0525 0.0293 0.0578 0.1499 0.0351 0.0682 0.0443 0.1798 0.0823 0.0185 0.2532 0.0292 
        D167  2 0.0129 0.0133 0.0156 0.0851 0.7496 0.0123 0.0175 0.0213 0.0109 0.0291 0.0186 0.0138 
        D192  2 0.0143 0.0090 0.0125 0.0218 0.8315 0.0171 0.0253 0.0171 0.0122 0.0161 0.0108 0.0123 
        D193  2 0.0228 0.0159 0.0228 0.6693 0.0152 0.0218 0.0271 0.0349 0.0871 0.0288 0.0442 0.0101 
        D206  2 0.3251 0.0502 0.1100 0.0433 0.1788 0.0219 0.0280 0.0752 0.0933 0.0173 0.0214 0.0356 
        D207  2 0.0267 0.0339 0.0479 0.1145 0.5072 0.0196 0.0439 0.0795 0.0442 0.0158 0.0531 0.0138 
        D208  2 0.2776 0.0385 0.0503 0.0411 0.0574 0.0312 0.1931 0.0682 0.0517 0.1076 0.0404 0.0427 
        D209  2 0.0822 0.0288 0.0659 0.0393 0.3423 0.1121 0.0322 0.1415 0.0495 0.0201 0.0287 0.0573 
        D210  2 0.0198 0.0543 0.0380 0.0309 0.0794 0.0304 0.1891 0.0453 0.0489 0.4115 0.0232 0.0293 
     D229599  2 0.0376 0.1252 0.0939 0.0492 0.0318 0.1542 0.1284 0.1402 0.0612 0.0416 0.0713 0.0655 
     D229600  2 0.0228 0.0214 0.1751 0.0615 0.3178 0.0233 0.0191 0.0746 0.1178 0.0205 0.0578 0.0884 
     D237227  2 0.0495 0.0513 0.0456 0.0250 0.0447 0.0220 0.0801 0.0888 0.0322 0.3462 0.1466 0.0681 
     D237228  2 0.0197 0.0129 0.0270 0.0529 0.0305 0.0159 0.0451 0.0731 0.0273 0.0983 0.4276 0.1697 
     D237258  2 0.1005 0.0548 0.1604 0.0920 0.1364 0.0432 0.0847 0.1120 0.0401 0.0543 0.0699 0.0517 
     D237310  2 0.0227 0.0105 0.0308 0.0499 0.0389 0.0219 0.0198 0.0436 0.0285 0.0298 0.6039 0.0998 
     D237311  2 0.0164 0.0091 0.0170 0.0186 0.1228 0.0119 0.0148 0.0214 0.0269 0.0158 0.6148 0.1106 
     D237312  2 0.0275 0.0178 0.0360 0.0967 0.0183 0.0345 0.0161 0.0416 0.0686 0.0301 0.5440 0.0688 
     D237313  2 0.2211 0.0891 0.0704 0.0346 0.0176 0.0501 0.0584 0.1181 0.1079 0.0574 0.0418 0.1335 
     D237322  2 0.0615 0.0182 0.0454 0.0369 0.0376 0.0760 0.1483 0.1629 0.0635 0.0540 0.2389 0.0568 
     D237323  2 0.0136 0.0126 0.0307 0.0225 0.0197 0.0161 0.0280 0.0198 0.0225 0.0852 0.6254 0.1038 
     D237324  2 0.0283 0.0446 0.1060 0.0248 0.1954 0.0353 0.0857 0.2683 0.0771 0.0123 0.0416 0.0807 
     D237325  2 0.0232 0.0173 0.0588 0.0428 0.0388 0.0372 0.0181 0.0399 0.1337 0.0391 0.4803 0.0707 
     D237326  2 0.0135 0.0293 0.0408 0.0231 0.0273 0.0372 0.0264 0.0386 0.0240 0.0519 0.4674 0.2205 
     D237327  2 0.0315 0.0442 0.0917 0.0295 0.0538 0.1046 0.3057 0.1392 0.0880 0.0385 0.0484 0.0249 
     D237337  2 0.0164 0.0142 0.0230 0.0180 0.0109 0.0172 0.0143 0.0230 0.0258 0.0222 0.6265 0.1884 
     D237338  2 0.0441 0.0236 0.1001 0.0238 0.0517 0.0652 0.0717 0.0627 0.1347 0.0785 0.2941 0.0496 
     D237339  2 0.0313 0.0199 0.0277 0.0543 0.1278 0.5585 0.0369 0.0538 0.0336 0.0172 0.0235 0.0154 
     D237340  2 0.0164 0.0119 0.0326 0.0554 0.1346 0.0199 0.0211 0.0377 0.0394 0.0607 0.4988 0.0714 
     D237389  2 0.0195 0.0155 0.0351 0.1332 0.0638 0.0190 0.0153 0.0313 0.0386 0.0166 0.4917 0.1203 
     D237390  2 0.0217 0.0136 0.0249 0.0440 0.0151 0.0210 0.0224 0.0280 0.1021 0.0225 0.6394 0.0452 
     D244017  2 0.0203 0.0221 0.0508 0.1931 0.3081 0.0180 0.0303 0.0642 0.0233 0.1923 0.0559 0.0214 
     D244112  2 0.0130 0.0189 0.0177 0.0309 0.7719 0.0134 0.0171 0.0285 0.0192 0.0212 0.0263 0.0218 
     D244118  2 0.0131 0.0099 0.0588 0.0358 0.5965 0.0244 0.0285 0.0306 0.0358 0.0192 0.0352 0.1123 
     D244119  2 0.0169 0.0142 0.0157 0.0215 0.2548 0.0103 0.0197 0.0149 0.0135 0.5850 0.0210 0.0125 
     D244120  2 0.0237 0.0115 0.0327 0.2862 0.2670 0.0518 0.0784 0.0474 0.0492 0.0379 0.0952 0.0191 
     D244122  2 0.0502 0.0234 0.0283 0.0775 0.6029 0.0237 0.0234 0.0354 0.0402 0.0277 0.0254 0.0418 
        D291  2 0.0900 0.0570 0.1092 0.0302 0.0300 0.0160 0.4504 0.1046 0.0353 0.0129 0.0400 0.0243 
        D292  2 0.0284 0.1882 0.0339 0.0439 0.1855 0.0446 0.1973 0.0653 0.0259 0.0605 0.0484 0.0779 
        D293  2 0.0201 0.0801 0.0256 0.0166 0.5365 0.1465 0.0514 0.0508 0.0261 0.0174 0.0170 0.0119 
        D322  2 0.0238 0.0669 0.0583 0.0201 0.4348 0.1837 0.0288 0.0493 0.0238 0.0136 0.0492 0.0477 
        D323  2 0.5591 0.0183 0.0460 0.0732 0.0556 0.0435 0.0207 0.0463 0.0504 0.0277 0.0415 0.0178 
        D324  2 0.0716 0.0918 0.1123 0.0175 0.0266 0.0226 0.2789 0.1331 0.0508 0.0399 0.0952 0.0597 
        D325  2 0.0166 0.0352 0.0300 0.0119 0.7044 0.0248 0.0520 0.0304 0.0478 0.0098 0.0213 0.0158 
        D326  2 0.0248 0.7873 0.0209 0.0110 0.0150 0.0155 0.0220 0.0270 0.0224 0.0293 0.0149 0.0099 
        D340  2 0.0151 0.0214 0.0175 0.0121 0.7933 0.0212 0.0275 0.0199 0.0185 0.0204 0.0141 0.0189 
        D341  2 0.0415 0.0267 0.0346 0.0252 0.4131 0.0280 0.0445 0.0376 0.2270 0.0390 0.0275 0.0554 
        D342  2 0.0448 0.0206 0.0500 0.0369 0.4904 0.0173 0.0323 0.0688 0.0508 0.0158 0.0379 0.1344 
        D343  2 0.0091 0.0164 0.0129 0.0090 0.8663 0.0155 0.0136 0.0139 0.0158 0.0095 0.0111 0.0069 
        D344  2 0.0318 0.0872 0.0303 0.1814 0.0319 0.3595 0.0212 0.1195 0.0494 0.0167 0.0488 0.0223 
        D345  2 0.0719 0.0486 0.0477 0.0297 0.0382 0.1775 0.0362 0.1124 0.0246 0.0286 0.0279 0.3566 
        D346  2 0.3290 0.0447 0.0435 0.0309 0.0506 0.0344 0.0398 0.0403 0.0384 0.2907 0.0291 0.0287 
        D351  2 0.0585 0.1378 0.1413 0.0260 0.0367 0.0774 0.1283 0.1160 0.0872 0.0171 0.1464 0.0274 
        D352  2 0.0284 0.0127 0.0441 0.0314 0.0273 0.6019 0.0285 0.0618 0.0238 0.0488 0.0695 0.0218 
        D353  2 0.0455 0.1491 0.0554 0.0282 0.0201 0.1029 0.0187 0.4896 0.0385 0.0130 0.0229 0.0159 
        D354  2 0.0566 0.0515 0.0236 0.0452 0.0124 0.6146 0.0181 0.0529 0.0233 0.0380 0.0227 0.0410 
        D362  2 0.0252 0.6763 0.0512 0.0327 0.0248 0.0173 0.0217 0.0299 0.0239 0.0201 0.0219 0.0551 
        D363  2 0.0425 0.6887 0.0420 0.0217 0.0188 0.0265 0.0202 0.0341 0.0184 0.0293 0.0162 0.0415 
        D364  2 0.0527 0.3247 0.0299 0.0425 0.0181 0.3117 0.0184 0.0664 0.0338 0.0307 0.0186 0.0525 
        D365  2 0.0165 0.0174 0.0131 0.0109 0.8175 0.0263 0.0138 0.0166 0.0152 0.0243 0.0170 0.0115 
        D369  2 0.1735 0.1479 0.0620 0.0280 0.0856 0.0220 0.1172 0.0646 0.0343 0.1306 0.0940 0.0403 
        D374  2 0.0185 0.0128 0.0122 0.7953 0.0103 0.0157 0.0132 0.0225 0.0171 0.0606 0.0109 0.0109 
        D375  2 0.0442 0.0184 0.0243 0.0466 0.0126 0.7155 0.0107 0.0396 0.0293 0.0168 0.0265 0.0154 
        D376  2 0.0237 0.0222 0.0214 0.4843 0.0337 0.0557 0.0241 0.0401 0.0452 0.1943 0.0284 0.0269 
        D377  2 0.4656 0.0135 0.0402 0.0649 0.0292 0.0333 0.0328 0.0507 0.0503 0.0395 0.1320 0.0480 
        D378  2 0.0784 0.0670 0.1057 0.0136 0.2272 0.2118 0.0388 0.0989 0.0473 0.0267 0.0224 0.0622 
        D379  2 0.1813 0.4446 0.0274 0.0353 0.0173 0.0380 0.0273 0.0807 0.0800 0.0227 0.0246 0.0208 
        D384  2 0.0269 0.7819 0.0161 0.0165 0.0139 0.0147 0.0199 0.0191 0.0200 0.0388 0.0153 0.0169 
        D385  2 0.0373 0.0202 0.0213 0.0297 0.6318 0.1193 0.0166 0.0241 0.0196 0.0365 0.0303 0.0133 
        D386  2 0.0570 0.0444 0.0821 0.0297 0.0621 0.3951 0.0257 0.1237 0.0416 0.0174 0.0268 0.0945 
        D391  2 0.0295 0.0231 0.0259 0.0143 0.6474 0.1335 0.0192 0.0240 0.0211 0.0167 0.0262 0.0190 
        D392  2 0.0416 0.0629 0.0317 0.0241 0.4908 0.0237 0.0253 0.0466 0.0235 0.0368 0.1198 0.0732 
        D393  2 0.1519 0.1293 0.0480 0.0123 0.0602 0.2621 0.1395 0.0540 0.0442 0.0173 0.0315 0.0497 
        D394  2 0.0256 0.0699 0.1226 0.0590 0.0711 0.1839 0.0438 0.1036 0.0624 0.0311 0.1235 0.1035 
        D395  2 0.0221 0.0149 0.0311 0.0329 0.2825 0.3600 0.0291 0.0767 0.0288 0.0252 0.0800 0.0167 
        D401  2 0.0608 0.0196 0.0213 0.0418 0.0317 0.0096 0.0199 0.0412 0.0163 0.0302 0.4367 0.2708 
        D402  2 0.0617 0.0133 0.0217 0.0213 0.6504 0.0651 0.0632 0.0253 0.0187 0.0164 0.0196 0.0231 
        D403  2 0.0386 0.1772 0.0804 0.0708 0.0260 0.0703 0.0247 0.2435 0.1706 0.0168 0.0337 0.0473 
        D415  2 0.0224 0.4655 0.0814 0.0213 0.0216 0.0252 0.0179 0.1122 0.0753 0.0116 0.0981 0.0474 
        D435  2 0.0217 0.5103 0.0315 0.0132 0.1520 0.0515 0.0491 0.0487 0.0494 0.0159 0.0146 0.0421 
        D436  2 0.0218 0.0862 0.0649 0.1072 0.0262 0.2686 0.0240 0.0636 0.2065 0.0403 0.0736 0.0171 
        D438  2 0.0314 0.0104 0.0179 0.0124 0.8104 0.0114 0.0175 0.0200 0.0195 0.0221 0.0119 0.0151 
        D439  2 0.0601 0.0304 0.0533 0.0185 0.0390 0.5688 0.0262 0.0834 0.0264 0.0144 0.0263 0.0534 
        D449  2 0.0393 0.0679 0.0811 0.0225 0.4757 0.0219 0.0219 0.1275 0.0727 0.0221 0.0159 0.0315 
        D450  2 0.0525 0.0951 0.0953 0.0466 0.0248 0.1698 0.0611 0.1839 0.0780 0.0999 0.0532 0.0399 
        D456  2 0.0273 0.7444 0.0432 0.0137 0.0112 0.0237 0.0229 0.0436 0.0219 0.0182 0.0141 0.0159 
        D462  2 0.0217 0.0306 0.0256 0.0172 0.6944 0.1038 0.0231 0.0237 0.0203 0.0109 0.0164 0.0122 
        D463  2 0.0438 0.7312 0.0295 0.0205 0.0095 0.0277 0.0146 0.0361 0.0213 0.0292 0.0222 0.0143 
        D464  2 0.0378 0.0533 0.0606 0.0878 0.0618 0.2744 0.0146 0.2827 0.0396 0.0243 0.0500 0.0132 
        D465  2 0.0672 0.1788 0.0354 0.0238 0.3732 0.0203 0.0249 0.0430 0.0323 0.0207 0.1571 0.0232 
        D473  2 0.0461 0.0191 0.0681 0.0287 0.0340 0.0637 0.0362 0.0469 0.0275 0.4465 0.1309 0.0522 
        D474  2 0.0379 0.5273 0.0474 0.0132 0.0324 0.0401 0.1083 0.0476 0.0214 0.0365 0.0173 0.0707 
        D476  2 0.0213 0.0199 0.1289 0.0132 0.0379 0.5139 0.0336 0.0394 0.0560 0.0136 0.0277 0.0945 
        D477  2 0.1439 0.1750 0.0409 0.0233 0.0217 0.2499 0.0665 0.0797 0.0340 0.0393 0.0531 0.0727 
        D478  2 0.0404 0.0266 0.3097 0.0742 0.0528 0.0647 0.0397 0.1625 0.0463 0.0778 0.0731 0.0320 
        D480  2 0.1208 0.0855 0.0457 0.0287 0.0796 0.2479 0.0797 0.0925 0.0748 0.0933 0.0296 0.0218 
        D481  2 0.0392 0.2404 0.0981 0.0324 0.0512 0.1677 0.0459 0.0915 0.0236 0.0694 0.0429 0.0979 
        D482  2 0.0857 0.0200 0.0712 0.0570 0.0243 0.2559 0.0956 0.0862 0.0759 0.0826 0.0755 0.0701 
        D483  2 0.0146 0.0144 0.0152 0.0204 0.7552 0.0150 0.0214 0.0173 0.0172 0.0764 0.0154 0.0175 
        D484  2 0.0197 0.0108 0.0216 0.0532 0.0178 0.7498 0.0237 0.0230 0.0137 0.0206 0.0343 0.0119 
        D510  2 0.0381 0.0166 0.0272 0.3858 0.0190 0.0248 0.1575 0.0352 0.0437 0.2108 0.0243 0.0170 
        D511  2 0.0483 0.0419 0.0363 0.0131 0.0428 0.6418 0.0308 0.0393 0.0243 0.0189 0.0315 0.0312 
        D512  2 0.0368 0.0182 0.0271 0.0252 0.1153 0.0213 0.0222 0.0416 0.0285 0.0124 0.5593 0.0921 
        D513  2 0.0948 0.0561 0.0742 0.0404 0.3966 0.0231 0.0700 0.0627 0.0651 0.0582 0.0313 0.0274 
        D635  2 0.0372 0.1801 0.3079 0.0142 0.0338 0.0257 0.0223 0.0793 0.0230 0.0174 0.0185 0.2407 
        D636  2 0.0362 0.0179 0.3206 0.0094 0.0148 0.0135 0.0092 0.0190 0.0108 0.0129 0.0109 0.5249 
        D637  2 0.1002 0.0223 0.0313 0.0516 0.1179 0.2428 0.0383 0.0799 0.1320 0.0548 0.0964 0.0325 
        D658  2 0.0227 0.0196 0.0192 0.0550 0.3618 0.1422 0.0296 0.0431 0.0476 0.0883 0.1497 0.0213 
        D659  2 0.0281 0.4739 0.1116 0.0286 0.0212 0.0538 0.0728 0.0630 0.0705 0.0255 0.0145 0.0365 
        D677  2 0.1250 0.1137 0.0854 0.0470 0.0385 0.0270 0.0392 0.0630 0.3396 0.0180 0.0715 0.0322 
        D678  2 0.0595 0.0136 0.0376 0.1032 0.5504 0.0261 0.0211 0.0656 0.0378 0.0134 0.0264 0.0451 
        D679  2 0.3634 0.1537 0.0623 0.0203 0.0263 0.0485 0.0726 0.0821 0.0581 0.0355 0.0381 0.0392 
        D719  2 0.0416 0.1152 0.0214 0.0255 0.1341 0.0398 0.0960 0.0449 0.0204 0.3816 0.0510 0.0285 
        D720  2 0.0448 0.5836 0.0429 0.0279 0.0345 0.0205 0.0296 0.0380 0.0312 0.0819 0.0285 0.0365 
        D721  2 0.0227 0.0285 0.3959 0.0113 0.0432 0.0239 0.0229 0.0396 0.0207 0.0259 0.0149 0.3504 
        D722  2 0.0496 0.0133 0.0255 0.6803 0.0256 0.0174 0.0280 0.0364 0.0242 0.0585 0.0259 0.0153 
        D734  2 0.0251 0.0164 0.0224 0.0201 0.0613 0.6163 0.0272 0.0321 0.0266 0.1252 0.0158 0.0116 
        D735  2 0.2096 0.0937 0.0911 0.0232 0.0565 0.0799 0.0344 0.1175 0.0293 0.0523 0.0479 0.1647 
        D736  2 0.0451 0.0501 0.0532 0.0315 0.0486 0.0408 0.2933 0.0658 0.0708 0.2260 0.0464 0.0285 
        D737  2 0.0230 0.0142 0.0283 0.0496 0.5132 0.1091 0.0590 0.0457 0.0370 0.0294 0.0665 0.0250 
        D807  2 0.0746 0.1186 0.0514 0.0454 0.0487 0.0930 0.1258 0.0683 0.0790 0.1465 0.0947 0.0539 
        D808  2 0.0312 0.0586 0.0524 0.0303 0.0685 0.0544 0.0408 0.1247 0.0625 0.0209 0.3972 0.0584 
        D817  2 0.6232 0.0643 0.0440 0.0295 0.0151 0.0281 0.0295 0.0431 0.0345 0.0184 0.0480 0.0224 
        D818  2 0.0398 0.0439 0.1429 0.0211 0.1456 0.0257 0.0765 0.1856 0.1862 0.0214 0.0966 0.0146 
        D819  2 0.4960 0.0631 0.0541 0.0294 0.0196 0.0242 0.0248 0.0573 0.0205 0.0200 0.1473 0.0438 
        D820  2 0.0196 0.4249 0.0604 0.0227 0.0358 0.1297 0.0642 0.0517 0.1254 0.0202 0.0317 0.0137 
        D895  2 0.1520 0.1836 0.1568 0.0481 0.0496 0.0416 0.0344 0.1187 0.0506 0.0309 0.0191 0.1146 
        D896  2 0.0123 0.0121 0.0164 0.0173 0.0094 0.0105 0.0133 0.0123 0.0147 0.0203 0.6115 0.2498 
        D897  2 0.0644 0.0261 0.0390 0.0394 0.4580 0.0501 0.0396 0.0834 0.0884 0.0209 0.0508 0.0400 
        D898  2 0.1259 0.0472 0.0504 0.0635 0.0203 0.0588 0.0696 0.1358 0.0585 0.0314 0.2672 0.0715 
        D918  2 0.0696 0.0264 0.0943 0.0259 0.0424 0.0685 0.0493 0.0674 0.3369 0.0485 0.1263 0.0445 
        D919  2 0.0282 0.0775 0.0754 0.0512 0.0576 0.3744 0.0919 0.1225 0.0429 0.0194 0.0345 0.0244 
        D920  2 0.0164 0.0297 0.2104 0.0459 0.0352 0.0355 0.0219 0.0423 0.1742 0.0593 0.0661 0.2632 
        D923  2 0.0399 0.4790 0.0539 0.0398 0.0318 0.1230 0.0253 0.1087 0.0338 0.0187 0.0273 0.0187 
        D930  2 0.0827 0.1236 0.0723 0.0677 0.0314 0.1166 0.0481 0.1589 0.0779 0.0816 0.0457 0.0936 
        D931  2 0.0444 0.2327 0.0444 0.0454 0.1217 0.2809 0.0362 0.0547 0.0333 0.0315 0.0472 0.0277 
        D968  2 0.0263 0.0204 0.0216 0.0236 0.6981 0.0198 0.0893 0.0293 0.0185 0.0146 0.0283 0.0102 
        D969  2 0.0570 0.2152 0.0439 0.0410 0.1757 0.0534 0.1268 0.1139 0.0439 0.0524 0.0446 0.0323 
        D977  2 0.0297 0.0250 0.0310 0.0262 0.6798 0.0287 0.0247 0.0376 0.0590 0.0173 0.0233 0.0178 
        D978  2 0.2642 0.0202 0.0731 0.0405 0.0738 0.0292 0.1301 0.1199 0.0954 0.0293 0.1079 0.0165 
        D211  3 0.1069 0.0602 0.2032 0.0180 0.0145 0.0435 0.0329 0.0559 0.3352 0.0189 0.0307 0.0801 
     D229639  3 0.0305 0.0652 0.0331 0.0442 0.0394 0.0245 0.5293 0.0453 0.0340 0.0686 0.0262 0.0598 
     D237212  3 0.0949 0.0548 0.0656 0.0235 0.0547 0.2336 0.1903 0.0635 0.0960 0.0197 0.0519 0.0515 
     D237213  3 0.4167 0.0194 0.0572 0.0286 0.0205 0.0611 0.0301 0.0500 0.0954 0.0143 0.1441 0.0627 
     D237214  3 0.0172 0.0218 0.6765 0.0129 0.0136 0.0177 0.0112 0.0357 0.1274 0.0186 0.0298 0.0176 
     D237215  3 0.0372 0.0136 0.0223 0.2569 0.3640 0.0147 0.1183 0.0438 0.0191 0.0523 0.0329 0.0248 
     D237216  3 0.0916 0.0424 0.1243 0.0258 0.0265 0.0297 0.0277 0.3915 0.1469 0.0185 0.0374 0.0376 
     D237217  3 0.0365 0.0627 0.1248 0.0147 0.0194 0.0187 0.0736 0.1691 0.2873 0.0132 0.0328 0.1471 
     D237218  3 0.0516 0.0414 0.0591 0.0142 0.0423 0.1479 0.2007 0.0688 0.2694 0.0478 0.0241 0.0327 
     D237219  3 0.3034 0.0237 0.0547 0.0235 0.0220 0.0130 0.0919 0.0694 0.1478 0.0714 0.0932 0.0860 
     D237382  3 0.0369 0.0470 0.0571 0.1329 0.0321 0.0233 0.0214 0.0526 0.0600 0.0729 0.4333 0.0303 
     D244127  3 0.0826 0.0146 0.0526 0.0372 0.0679 0.0252 0.0720 0.0772 0.0638 0.0151 0.3186 0.1731 
     D244129  3 0.0680 0.0626 0.0954 0.0233 0.0539 0.0930 0.0550 0.1156 0.0699 0.0387 0.2365 0.0880 
     D244133  3 0.5662 0.0391 0.0529 0.0270 0.0646 0.0105 0.0284 0.0411 0.0505 0.0656 0.0297 0.0242 
     D244134  3 0.1553 0.0206 0.0320 0.0151 0.0245 0.0196 0.3480 0.0384 0.0332 0.1745 0.0318 0.1071 
     D244135  3 0.0588 0.0488 0.4054 0.0210 0.0598 0.0191 0.0213 0.0569 0.0707 0.0174 0.0190 0.2017 
     D244136  3 0.2760 0.1129 0.0842 0.0671 0.0655 0.0289 0.0541 0.0694 0.0485 0.1149 0.0358 0.0428 
        D416  3 0.2450 0.0711 0.0802 0.0194 0.1208 0.0364 0.0454 0.1396 0.0671 0.0286 0.0410 0.1056 
        D417  3 0.0240 0.4889 0.0344 0.0368 0.0149 0.0213 0.0184 0.0477 0.2000 0.0240 0.0672 0.0225 
        D419  3 0.1385 0.0767 0.0503 0.0247 0.0441 0.0277 0.1456 0.1049 0.2052 0.0571 0.0590 0.0661 
        D565  3 0.0547 0.0457 0.0234 0.0189 0.0134 0.0184 0.0534 0.0255 0.0212 0.6832 0.0173 0.0249 
        D566  3 0.0793 0.0739 0.0507 0.0814 0.0463 0.0186 0.3007 0.0551 0.0237 0.1974 0.0332 0.0398 
        D567  3 0.0570 0.4600 0.0379 0.0400 0.0328 0.0482 0.0254 0.0446 0.0607 0.0165 0.0373 0.1396 
        D568  3 0.0495 0.0532 0.0703 0.0382 0.1006 0.0963 0.0735 0.1029 0.2507 0.0130 0.0552 0.0967 
        D569  3 0.0354 0.0153 0.0812 0.0850 0.0565 0.4668 0.0391 0.0873 0.0428 0.0337 0.0238 0.0332 
        D573  3 0.0267 0.1224 0.0525 0.0207 0.1156 0.0317 0.4748 0.0634 0.0217 0.0258 0.0263 0.0183 
        D574  3 0.0972 0.0370 0.0555 0.1093 0.0399 0.0350 0.0980 0.1263 0.0349 0.2657 0.0577 0.0433 
        D575  3 0.4800 0.0220 0.0423 0.0136 0.0234 0.0178 0.0207 0.0415 0.0246 0.0337 0.0125 0.2679 
        D576  3 0.1250 0.0083 0.0286 0.1847 0.4472 0.0165 0.0576 0.0407 0.0244 0.0225 0.0334 0.0111 
        D577  3 0.1022 0.4087 0.0999 0.0496 0.0185 0.0465 0.0290 0.0613 0.0740 0.0252 0.0281 0.0569 
        D578  3 0.0156 0.0126 0.5951 0.0179 0.0301 0.0125 0.0144 0.0524 0.1475 0.0158 0.0578 0.0283 
        D579  3 0.0859 0.1107 0.0579 0.0291 0.0534 0.1211 0.1813 0.0640 0.0868 0.1233 0.0318 0.0548 
        D660  3 0.1459 0.0158 0.0466 0.0323 0.4850 0.0325 0.0259 0.0640 0.0431 0.0154 0.0538 0.0396 
        D661  3 0.0313 0.0183 0.0441 0.0243 0.0865 0.0715 0.1406 0.1418 0.3674 0.0155 0.0241 0.0347 
        D663  3 0.0406 0.0528 0.0560 0.0883 0.0534 0.0264 0.4871 0.1035 0.0291 0.0137 0.0290 0.0200 
        D664  3 0.2415 0.0152 0.1101 0.0435 0.1361 0.0218 0.0305 0.1116 0.0988 0.0426 0.0818 0.0665 
        D665  3 0.1911 0.0137 0.1172 0.0662 0.0286 0.0942 0.0273 0.1734 0.0695 0.0111 0.1626 0.0450 
        D666  3 0.5051 0.0379 0.0569 0.0161 0.0181 0.0228 0.0304 0.0527 0.0595 0.0541 0.0588 0.0876 
        D009  4 0.0299 0.1009 0.1110 0.0522 0.0201 0.1052 0.0281 0.1095 0.2526 0.0340 0.0675 0.0891 
        D057  4 0.0125 0.0240 0.0957 0.0250 0.1434 0.3554 0.0592 0.0354 0.1367 0.0224 0.0244 0.0659 
        D109  4 0.1089 0.0446 0.0937 0.0395 0.0219 0.0298 0.0233 0.1366 0.0651 0.0507 0.0999 0.2860 
     D237222  4 0.0211 0.0378 0.1972 0.1618 0.0302 0.0332 0.0391 0.0534 0.1005 0.0897 0.0592 0.1769 
     D237223  4 0.0173 0.0244 0.0690 0.0544 0.0378 0.0282 0.0510 0.0728 0.3530 0.0792 0.1665 0.0465 
     D237224  4 0.1046 0.0870 0.0825 0.0392 0.1401 0.1781 0.0915 0.0969 0.0441 0.0242 0.0499 0.0618 
     D237225  4 0.0708 0.0688 0.1376 0.0427 0.0266 0.0764 0.0450 0.1552 0.2227 0.0453 0.0478 0.0612 
     D237299  4 0.0284 0.0123 0.0599 0.0372 0.0195 0.0186 0.0917 0.2098 0.3324 0.0457 0.1195 0.0252 
     D237300  4 0.1118 0.0178 0.0220 0.0241 0.0366 0.0238 0.6175 0.0370 0.0372 0.0247 0.0198 0.0276 
     D237306  4 0.0212 0.0407 0.0337 0.1814 0.0190 0.0328 0.0333 0.0467 0.1099 0.2386 0.2122 0.0305 
     D237307  4 0.1455 0.2470 0.0521 0.0869 0.0367 0.0153 0.0617 0.0660 0.0816 0.1306 0.0457 0.0307 
     D237308  4 0.0384 0.0228 0.0429 0.0467 0.3470 0.1516 0.0380 0.0564 0.0501 0.0593 0.0319 0.1149 
     D237309  4 0.0500 0.1230 0.1133 0.0555 0.0335 0.0846 0.0478 0.1723 0.1620 0.0227 0.0730 0.0623 
     D237317  4 0.0515 0.1292 0.0779 0.0833 0.0223 0.0303 0.0408 0.1125 0.0451 0.3364 0.0342 0.0366 
     D237318  4 0.0390 0.0291 0.0239 0.0289 0.0312 0.0149 0.7205 0.0312 0.0251 0.0184 0.0257 0.0122 
     D237319  4 0.0489 0.0334 0.0814 0.0714 0.0381 0.0211 0.0436 0.1437 0.2710 0.0288 0.1817 0.0368 
     D237320  4 0.0285 0.0246 0.0568 0.0154 0.0452 0.0194 0.0628 0.0473 0.5069 0.0232 0.1466 0.0233 
     D237321  4 0.0564 0.0598 0.0433 0.0383 0.0759 0.0235 0.4602 0.0664 0.0423 0.0495 0.0426 0.0419 
     D237397  4 0.0407 0.0367 0.0498 0.0865 0.0443 0.0176 0.1426 0.0694 0.3470 0.0803 0.0499 0.0352 
     D237398  4 0.0395 0.0349 0.0434 0.0146 0.0258 0.0549 0.5972 0.0648 0.0699 0.0126 0.0286 0.0136 
     D237399  4 0.0346 0.0536 0.0973 0.0323 0.0257 0.0382 0.2124 0.0639 0.1244 0.1308 0.1621 0.0247 
     D244001  4 0.0238 0.0236 0.1530 0.2045 0.0778 0.0370 0.0256 0.0503 0.2423 0.0179 0.0214 0.1228 
        D289  4 0.0335 0.0656 0.0893 0.0283 0.0539 0.2681 0.1095 0.0532 0.0854 0.1539 0.0331 0.0261 
        D290  4 0.0162 0.0569 0.0520 0.1689 0.0281 0.0314 0.0747 0.1079 0.0325 0.0181 0.3950 0.0183 
        D294  4 0.0395 0.0667 0.1036 0.0579 0.0219 0.2661 0.0408 0.1486 0.1525 0.0315 0.0499 0.0212 
        D295  4 0.0987 0.1053 0.0533 0.0402 0.0228 0.0526 0.0443 0.0624 0.2233 0.0360 0.2118 0.0494 
        D301  4 0.0554 0.0159 0.1485 0.1124 0.0304 0.0221 0.0699 0.0434 0.1565 0.0422 0.0482 0.2550 
        D302  4 0.0336 0.0320 0.0414 0.0420 0.0140 0.6811 0.0215 0.0518 0.0340 0.0147 0.0162 0.0178 
        D303  4 0.0428 0.0429 0.0347 0.0625 0.0545 0.0839 0.0247 0.0446 0.0446 0.4538 0.0513 0.0596 
        D304  4 0.0580 0.0520 0.0789 0.1394 0.0212 0.0248 0.1900 0.1675 0.0422 0.0643 0.1399 0.0216 
        D305  4 0.0347 0.0155 0.1048 0.0687 0.1047 0.2403 0.0509 0.2542 0.0433 0.0113 0.0290 0.0427 
        D306  4 0.0156 0.0524 0.0514 0.2030 0.0164 0.0333 0.0251 0.2016 0.0366 0.0247 0.3122 0.0278 
        D307  4 0.0439 0.0162 0.2705 0.0277 0.0205 0.0430 0.0418 0.0323 0.1173 0.0559 0.0319 0.2991 
        D327  4 0.0971 0.4207 0.0686 0.0452 0.0347 0.0382 0.0395 0.0825 0.0589 0.0609 0.0375 0.0161 
        D328  4 0.0742 0.0186 0.0352 0.2628 0.0202 0.2108 0.0257 0.0451 0.0555 0.0870 0.1344 0.0304 
        D329  4 0.0279 0.0489 0.0478 0.0487 0.0871 0.2202 0.0763 0.1452 0.1263 0.0434 0.0642 0.0643 
        D330  4 0.0402 0.1233 0.0825 0.0501 0.0531 0.0531 0.0189 0.1308 0.1265 0.0141 0.2463 0.0612 
        D331  4 0.0615 0.0965 0.0483 0.1510 0.0291 0.0239 0.1463 0.1288 0.0345 0.0503 0.1935 0.0363 
        D333  4 0.0401 0.0614 0.0499 0.1704 0.0591 0.1264 0.0652 0.0685 0.1684 0.0617 0.0529 0.0760 
        D334  4 0.0461 0.0723 0.0849 0.0287 0.0177 0.0556 0.0384 0.0726 0.0768 0.3899 0.0905 0.0265 
        D335  4 0.0442 0.0806 0.0512 0.2074 0.0431 0.3502 0.0296 0.0540 0.0348 0.0209 0.0594 0.0248 
        D370  4 0.0583 0.0331 0.0347 0.5629 0.0347 0.0343 0.0256 0.0536 0.0243 0.0345 0.0470 0.0571 
        D371  4 0.0517 0.1826 0.0231 0.0882 0.0251 0.0236 0.0239 0.0365 0.0212 0.4869 0.0193 0.0178 
        D372  4 0.0330 0.0122 0.0196 0.0942 0.0517 0.0140 0.5530 0.0916 0.0280 0.0228 0.0607 0.0191 
        D373  4 0.0506 0.0329 0.2482 0.0283 0.0532 0.0431 0.0561 0.0440 0.0997 0.0177 0.0139 0.3125 
        D455  4 0.0176 0.0335 0.2624 0.0264 0.0364 0.0999 0.0457 0.0361 0.1339 0.0222 0.0656 0.2203 
        D490  4 0.0231 0.0243 0.3133 0.0233 0.0106 0.0277 0.0154 0.0320 0.2848 0.0239 0.0333 0.1882 
        D497  4 0.0525 0.0140 0.2335 0.0213 0.0180 0.0580 0.0239 0.0597 0.2442 0.0170 0.0605 0.1974 
        D498  4 0.0543 0.0407 0.0393 0.2107 0.0298 0.0237 0.0911 0.0902 0.0297 0.0649 0.2869 0.0387 
        D499  4 0.1967 0.0176 0.0341 0.0460 0.1503 0.1035 0.0572 0.1111 0.0530 0.0994 0.1020 0.0292 
        D514  4 0.0948 0.2207 0.0546 0.1227 0.0262 0.1223 0.0450 0.1147 0.0558 0.0138 0.0969 0.0324 
        D515  4 0.0237 0.0280 0.0518 0.0574 0.0212 0.0307 0.0173 0.0522 0.4708 0.0258 0.2028 0.0183 
        D516  4 0.2439 0.0746 0.0632 0.0557 0.0511 0.0179 0.0601 0.0724 0.1449 0.0317 0.0954 0.0890 
        D517  4 0.0264 0.0487 0.2677 0.0324 0.0304 0.0310 0.0642 0.1340 0.1787 0.0190 0.0578 0.1096 
        D518  4 0.0189 0.0224 0.0844 0.1172 0.0360 0.3347 0.0204 0.0489 0.1812 0.0540 0.0191 0.0628 
        D519  4 0.0181 0.0201 0.0501 0.0119 0.0190 0.0176 0.0388 0.0261 0.6592 0.0183 0.1075 0.0133 
        D560  4 0.0190 0.0524 0.0308 0.0262 0.0307 0.0309 0.0386 0.0399 0.6473 0.0114 0.0539 0.0190 
        D561  4 0.0266 0.0643 0.2395 0.0203 0.0413 0.0592 0.0394 0.2322 0.1020 0.0125 0.1421 0.0208 
        D562  4 0.0470 0.0423 0.1820 0.0841 0.0415 0.1212 0.0660 0.1693 0.0758 0.0413 0.0946 0.0349 
        D563  4 0.0920 0.0219 0.0551 0.0286 0.3031 0.1163 0.0525 0.1258 0.0613 0.0155 0.0832 0.0447 
        D572  4 0.0302 0.0559 0.0618 0.0376 0.0347 0.5951 0.0176 0.0482 0.0484 0.0206 0.0297 0.0202 
        D629  4 0.3218 0.1150 0.1650 0.0190 0.0190 0.0633 0.0427 0.0738 0.0637 0.0160 0.0209 0.0797 
        D630  4 0.0325 0.0559 0.1068 0.0752 0.0226 0.0696 0.0594 0.0902 0.2655 0.0471 0.1523 0.0229 
        D631  4 0.0223 0.0184 0.0218 0.0239 0.1023 0.5754 0.0365 0.0391 0.0868 0.0192 0.0379 0.0164 
        D632  4 0.0556 0.0309 0.1135 0.0266 0.1663 0.1391 0.0131 0.0463 0.0419 0.0159 0.0218 0.3290 
        D646  4 0.0290 0.0870 0.0649 0.0380 0.0375 0.0342 0.0350 0.0632 0.4431 0.0181 0.1247 0.0253 
        D647  4 0.0230 0.2095 0.0592 0.0665 0.0527 0.0525 0.0378 0.0670 0.1468 0.0141 0.2385 0.0323 
        D648  4 0.0565 0.0165 0.0245 0.5143 0.0207 0.2080 0.0134 0.0251 0.0336 0.0372 0.0342 0.0160 
        D649  4 0.0798 0.1861 0.0522 0.0192 0.0189 0.1977 0.0322 0.0691 0.0653 0.0211 0.0955 0.1628 
        D650  4 0.0917 0.1154 0.0901 0.0356 0.0231 0.0723 0.0611 0.0822 0.2181 0.0782 0.0849 0.0473 
        D708  4 0.1424 0.0257 0.0681 0.0707 0.0235 0.1885 0.0595 0.1537 0.1088 0.0964 0.0282 0.0346 
        D709  4 0.0618 0.0180 0.0265 0.1299 0.0229 0.0347 0.0220 0.0694 0.0326 0.0236 0.5162 0.0424 
        D738  4 0.0245 0.0565 0.0687 0.0722 0.0118 0.0196 0.0409 0.0286 0.1333 0.3444 0.1616 0.0380 
        D739  4 0.0514 0.0261 0.1917 0.1267 0.0247 0.0560 0.0338 0.1239 0.2067 0.0248 0.0903 0.0438 
        D740  4 0.0560 0.0215 0.0782 0.0235 0.0446 0.0737 0.0674 0.1535 0.0990 0.1520 0.0547 0.1758 
        D741  4 0.0333 0.0596 0.0522 0.0226 0.0552 0.0209 0.0331 0.0625 0.4878 0.0124 0.1466 0.0137 
        D742  4 0.0419 0.0372 0.0755 0.0378 0.1852 0.0751 0.1032 0.1027 0.1337 0.0858 0.0873 0.0345 
        D743  4 0.0386 0.3090 0.0380 0.0190 0.0404 0.3913 0.0380 0.0319 0.0346 0.0176 0.0242 0.0174 
        D744  4 0.0183 0.0190 0.0244 0.0122 0.0244 0.7824 0.0186 0.0230 0.0244 0.0143 0.0223 0.0167 
        D745  4 0.0312 0.0166 0.0543 0.0143 0.0168 0.0218 0.0240 0.0308 0.6444 0.0165 0.1074 0.0219 
        D814  4 0.0456 0.0266 0.1026 0.0753 0.1671 0.0496 0.0487 0.1796 0.2426 0.0210 0.0191 0.0223 
        D815  4 0.0502 0.0643 0.0458 0.1320 0.0289 0.3439 0.0343 0.0599 0.0362 0.0217 0.1237 0.0593 
        D828  4 0.0394 0.0101 0.0253 0.5521 0.0449 0.0556 0.0424 0.0521 0.0431 0.0533 0.0601 0.0216 
        D845  4 0.0228 0.0136 0.0152 0.0123 0.0204 0.0216 0.8079 0.0146 0.0195 0.0235 0.0169 0.0118 
        D846  4 0.0585 0.0711 0.1185 0.0546 0.1299 0.2570 0.0447 0.1182 0.0707 0.0104 0.0392 0.0273 
        D847  4 0.0260 0.0779 0.1446 0.0208 0.0403 0.0581 0.0775 0.0878 0.1560 0.0691 0.2021 0.0397 
        D848  4 0.0176 0.0223 0.2615 0.0287 0.0615 0.0401 0.1739 0.0558 0.0410 0.0176 0.0312 0.2490 
        D849  4 0.0582 0.0334 0.1090 0.0546 0.0239 0.0427 0.0203 0.1044 0.3434 0.0166 0.1368 0.0567 
        D850  4 0.0411 0.0486 0.2922 0.0220 0.0319 0.0279 0.1977 0.1350 0.0799 0.0447 0.0468 0.0321 
        D856  4 0.0679 0.0323 0.0711 0.0708 0.0193 0.0414 0.0315 0.2400 0.0723 0.0266 0.2834 0.0434 
        D857  4 0.0161 0.0088 0.0294 0.2567 0.0744 0.0172 0.0152 0.0246 0.0265 0.0273 0.1109 0.3928 
        D859  4 0.0219 0.0603 0.0426 0.0581 0.0277 0.4076 0.0823 0.0685 0.1537 0.0215 0.0357 0.0202 
        D860  4 0.0308 0.0668 0.0445 0.0307 0.0619 0.0790 0.1979 0.0494 0.0254 0.3588 0.0290 0.0258 
        D883  4 0.1006 0.1722 0.1134 0.1112 0.0203 0.0576 0.0562 0.0663 0.1242 0.0470 0.0549 0.0763 
        D884  4 0.0454 0.0290 0.0465 0.0539 0.0117 0.0357 0.0229 0.0341 0.4039 0.0355 0.2582 0.0232 
        D885  4 0.1002 0.0819 0.0704 0.0143 0.0463 0.0482 0.1203 0.1633 0.2423 0.0257 0.0487 0.0383 
        D886  4 0.0348 0.1022 0.0658 0.1382 0.0410 0.0553 0.0318 0.0639 0.0724 0.0190 0.3100 0.0656 
        D887  4 0.0307 0.1142 0.0646 0.0765 0.0887 0.1113 0.1331 0.1354 0.0835 0.0512 0.0480 0.0627 
        D889  4 0.0252 0.0237 0.0314 0.0747 0.0102 0.0432 0.5996 0.0592 0.0405 0.0119 0.0649 0.0156 
        D890  4 0.3836 0.0214 0.0520 0.1170 0.0600 0.0505 0.0292 0.0628 0.0350 0.0513 0.0535 0.0837 
        D891  4 0.0184 0.0107 0.0117 0.0089 0.0108 0.0094 0.8747 0.0136 0.0125 0.0085 0.0118 0.0088 
        D899  4 0.0453 0.0283 0.0469 0.0606 0.3271 0.0912 0.1647 0.0649 0.0382 0.0666 0.0448 0.0215 
        D900  4 0.0461 0.0855 0.1266 0.0575 0.0619 0.0898 0.0427 0.1407 0.0810 0.0472 0.1913 0.0297 
        D970  4 0.0801 0.0958 0.0891 0.0217 0.0462 0.2978 0.0728 0.1044 0.0618 0.0390 0.0605 0.0310 
        D971  4 0.0372 0.0293 0.0606 0.0496 0.3613 0.1405 0.0254 0.0747 0.0209 0.0546 0.1001 0.0458 
        D979  4 0.0652 0.1642 0.0497 0.1630 0.0383 0.2483 0.0348 0.0918 0.0523 0.0333 0.0378 0.0214 
        D093  5 0.0247 0.0392 0.0277 0.0414 0.0224 0.0177 0.0364 0.0363 0.0584 0.6404 0.0309 0.0245 
        D154  5 0.2948 0.0218 0.0408 0.0698 0.0711 0.0299 0.0887 0.0698 0.2266 0.0241 0.0381 0.0244 
        D168  5 0.2957 0.0421 0.0760 0.0408 0.1312 0.0262 0.0844 0.1039 0.0807 0.0122 0.0540 0.0528 
