        D174  1 0.5351 0.1069 0.1264 0.1023 0.0412 0.0879 
        D199  1 0.1846 0.3412 0.0606 0.1423 0.2136 0.0577 
        D203  1 0.0796 0.2579 0.1364 0.1357 0.2375 0.1529 
        D204  1 0.0240 0.8076 0.0280 0.0313 0.0456 0.0635 
     D237366  1 0.0731 0.0965 0.3353 0.1429 0.0927 0.2596 
     D237367  1 0.0507 0.3899 0.1793 0.1960 0.0585 0.1256 
     D237368  1 0.0982 0.1577 0.4996 0.1175 0.0838 0.0431 
     D244101  1 0.0343 0.4171 0.0327 0.1651 0.1714 0.1793 
     D244102  1 0.1027 0.1391 0.1705 0.1432 0.0816 0.3628 
     D244103  1 0.0678 0.1952 0.1883 0.3853 0.0467 0.1166 
     D244104  1 0.1308 0.6754 0.0499 0.0523 0.0643 0.0273 
     D244105  1 0.0279 0.0997 0.3850 0.2718 0.0315 0.1842 
     D244106  1 0.5976 0.0697 0.0420 0.1103 0.1033 0.0771 
     D244107  1 0.0236 0.1005 0.6114 0.1512 0.0705 0.0429 
     D244108  1 0.4348 0.1319 0.1973 0.0949 0.0660 0.0752 
     D244113  1 0.5831 0.0318 0.0468 0.0859 0.0426 0.2099 
     D244114  1 0.1187 0.0774 0.0556 0.3848 0.0879 0.2756 
     D244115  1 0.3311 0.1873 0.1623 0.2016 0.0539 0.0639 
     D267365  1 0.2557 0.4754 0.0512 0.0914 0.0652 0.0612 
        D404  1 0.4836 0.0386 0.0436 0.0821 0.0453 0.3067 
        D405  1 0.1727 0.1342 0.0765 0.1260 0.1229 0.3677 
        D406  1 0.0406 0.0870 0.7797 0.0356 0.0187 0.0383 
        D407  1 0.0421 0.5213 0.1081 0.2182 0.0807 0.0297 
        D408  1 0.7051 0.0621 0.0321 0.0689 0.0692 0.0626 
        D409  1 0.0842 0.1173 0.1479 0.5228 0.0571 0.0707 
        D410  1 0.0456 0.1046 0.7420 0.0538 0.0172 0.0368 
        D421  1 0.0403 0.8486 0.0194 0.0281 0.0485 0.0150 
        D422  1 0.0189 0.0770 0.7816 0.0669 0.0329 0.0227 
        D423  1 0.0244 0.0560 0.7842 0.0616 0.0465 0.0272 
        D424  1 0.0562 0.5987 0.0683 0.2212 0.0218 0.0339 
        D425  1 0.2367 0.3983 0.0605 0.1754 0.0544 0.0748 
        D426  1 0.0417 0.0513 0.0992 0.6930 0.0931 0.0217 
        D427  1 0.2410 0.2121 0.0273 0.0379 0.4616 0.0201 
        D428  1 0.2029 0.3628 0.1295 0.1701 0.0525 0.0823 
        D429  1 0.2623 0.3833 0.0548 0.1086 0.0568 0.1343 
        D430  1 0.2064 0.1277 0.0482 0.2975 0.1306 0.1896 
        D491  1 0.7894 0.0859 0.0271 0.0470 0.0197 0.0310 
        D492  1 0.1870 0.2926 0.1637 0.2077 0.0575 0.0914 
        D537  1 0.0407 0.7202 0.0677 0.0928 0.0212 0.0574 
        D538  1 0.1541 0.0759 0.2707 0.2544 0.1013 0.1437 
        D539  1 0.2816 0.0844 0.1464 0.1600 0.1201 0.2075 
        D540  1 0.0943 0.3004 0.1079 0.3754 0.0601 0.0619 
        D541  1 0.0218 0.8740 0.0278 0.0322 0.0269 0.0173 
        D551  1 0.0549 0.0788 0.0542 0.5253 0.2281 0.0586 
        D552  1 0.2131 0.3117 0.2795 0.0991 0.0471 0.0495 
        D553  1 0.0226 0.8931 0.0198 0.0224 0.0233 0.0187 
        D615  1 0.1338 0.3689 0.1440 0.1462 0.1402 0.0669 
        D616  1 0.0964 0.3400 0.1744 0.2222 0.1354 0.0317 
        D621  1 0.1185 0.0388 0.6206 0.0621 0.0338 0.1262 
        D622  1 0.0524 0.0570 0.7299 0.0659 0.0318 0.0631 
        D623  1 0.3610 0.0449 0.0489 0.1049 0.1794 0.2610 
        D624  1 0.7870 0.0451 0.0403 0.0794 0.0259 0.0224 
        D625  1 0.0682 0.7239 0.0587 0.0716 0.0224 0.0551 
        D626  1 0.4227 0.1269 0.1850 0.0859 0.0625 0.1170 
        D627  1 0.0655 0.1077 0.0971 0.6051 0.0772 0.0474 
        D690  1 0.0777 0.7932 0.0602 0.0226 0.0140 0.0323 
        D691  1 0.0500 0.0945 0.7116 0.0534 0.0370 0.0533 
        D710  1 0.2381 0.3282 0.1041 0.1744 0.0569 0.0982 
        D711  1 0.0401 0.7319 0.0731 0.0488 0.0342 0.0718 
        D712  1 0.6836 0.0525 0.0602 0.0677 0.0616 0.0745 
        D713  1 0.2437 0.2342 0.0884 0.1672 0.0249 0.2416 
        D746  1 0.0312 0.0898 0.7898 0.0343 0.0299 0.0249 
        D747  1 0.0251 0.8663 0.0247 0.0281 0.0313 0.0245 
        D748  1 0.0557 0.3744 0.2616 0.0909 0.0310 0.1864 
        D749  1 0.1207 0.0330 0.4458 0.2223 0.0692 0.1090 
        D750  1 0.5762 0.1971 0.0819 0.0679 0.0259 0.0509 
        D763  1 0.0428 0.2421 0.0882 0.1877 0.2200 0.2192 
        D764  1 0.2250 0.5862 0.0862 0.0605 0.0217 0.0203 
        D765  1 0.1865 0.0620 0.5369 0.1377 0.0288 0.0481 
        D766  1 0.0597 0.2066 0.5112 0.0929 0.0293 0.1003 
        D767  1 0.0432 0.1180 0.1485 0.0893 0.0890 0.5121 
        D768  1 0.0189 0.8495 0.0327 0.0488 0.0282 0.0219 
        D811  1 0.4710 0.0498 0.0797 0.1732 0.0347 0.1916 
        D816  1 0.0413 0.8465 0.0252 0.0402 0.0193 0.0275 
        D825  1 0.3930 0.1896 0.1455 0.1647 0.0228 0.0843 
        D866  1 0.3296 0.0628 0.0492 0.1014 0.4203 0.0367 
        D867  1 0.0410 0.0372 0.6898 0.0950 0.0481 0.0889 
        D871  1 0.0984 0.0761 0.0530 0.6541 0.0352 0.0831 
        D872  1 0.0580 0.4245 0.2102 0.1073 0.0676 0.1324 
        D873  1 0.0197 0.0134 0.8908 0.0248 0.0186 0.0327 
        D874  1 0.1881 0.2323 0.0254 0.0951 0.0489 0.4101 
        D875  1 0.0268 0.0537 0.1919 0.6575 0.0204 0.0498 
        D876  1 0.1039 0.6629 0.0671 0.0721 0.0247 0.0694 
        D877  1 0.2996 0.0671 0.0257 0.2235 0.0409 0.3433 
        D892  1 0.1645 0.3609 0.1390 0.1043 0.0278 0.2036 
        D893  1 0.0337 0.6159 0.0871 0.1108 0.0684 0.0840 
        D894  1 0.1072 0.6067 0.0570 0.1189 0.0507 0.0595 
        D915  1 0.0659 0.5763 0.1644 0.0916 0.0421 0.0597 
        D916  1 0.0229 0.8912 0.0250 0.0278 0.0170 0.0162 
        D917  1 0.3380 0.2055 0.0473 0.2079 0.1019 0.0994 
        D925  1 0.0838 0.2103 0.6062 0.0478 0.0260 0.0260 
        D926  1 0.0964 0.5011 0.0771 0.2110 0.0299 0.0847 
        D927  1 0.0758 0.3858 0.0509 0.1341 0.2867 0.0667 
        D928  1 0.7865 0.1070 0.0243 0.0328 0.0208 0.0286 
        D929  1 0.0654 0.0385 0.0711 0.0559 0.0263 0.7428 
        D936  1 0.0545 0.5907 0.0315 0.0915 0.0891 0.1427 
        D938  1 0.0366 0.0460 0.8228 0.0357 0.0211 0.0379 
        D956  1 0.6913 0.0415 0.0426 0.1026 0.0520 0.0699 
        D957  1 0.0597 0.2952 0.3806 0.0967 0.0397 0.1282 
        D958  1 0.1277 0.4513 0.2238 0.0965 0.0269 0.0738 
        D959  1 0.0365 0.4787 0.1222 0.2852 0.0555 0.0219 
        D960  1 0.0401 0.0341 0.8075 0.0453 0.0290 0.0440 
        D989  1 0.6377 0.0772 0.0292 0.0606 0.1297 0.0656 
        D990  1 0.0691 0.0210 0.7518 0.0829 0.0523 0.0229 
        D023  2 0.0270 0.1638 0.6753 0.0829 0.0280 0.0230 
        D130  2 0.0224 0.1138 0.7023 0.0660 0.0379 0.0577 
        D131  2 0.0560 0.3788 0.0643 0.3302 0.0782 0.0925 
        D163  2 0.0489 0.1121 0.6947 0.0783 0.0217 0.0443 
        D164  2 0.0147 0.0232 0.4590 0.0268 0.4574 0.0190 
        D165  2 0.0267 0.0884 0.7296 0.0796 0.0511 0.0246 
        D166  2 0.0392 0.0603 0.1040 0.2503 0.0646 0.4816 
        D167  2 0.0378 0.0202 0.0246 0.0344 0.8540 0.0290 
        D192  2 0.0272 0.0133 0.0194 0.0231 0.8888 0.0282 
        D193  2 0.2425 0.0365 0.0718 0.1527 0.0611 0.4354 
        D206  2 0.0452 0.2641 0.1252 0.2610 0.2229 0.0816 
        D207  2 0.0332 0.0542 0.0278 0.1541 0.6504 0.0804 
        D208  2 0.3217 0.0735 0.0606 0.1047 0.3322 0.1073 
        D209  2 0.0475 0.0752 0.0569 0.3686 0.3282 0.1236 
        D210  2 0.5168 0.1032 0.0354 0.0733 0.2203 0.0510 
     D229599  2 0.1172 0.2492 0.0873 0.1969 0.1061 0.2432 
     D229600  2 0.0253 0.0553 0.4438 0.0949 0.3196 0.0611 
     D237227  2 0.5164 0.0639 0.1817 0.1109 0.0865 0.0406 
     D237228  2 0.3084 0.0277 0.3622 0.1703 0.0860 0.0454 
     D237258  2 0.1612 0.1147 0.1830 0.1764 0.2501 0.1146 
     D237310  2 0.0922 0.0229 0.5634 0.1310 0.0681 0.1224 
     D237311  2 0.0405 0.0243 0.5713 0.0834 0.2094 0.0712 
     D237312  2 0.1005 0.0402 0.2794 0.1354 0.0389 0.4056 
     D237313  2 0.1594 0.3011 0.1846 0.1797 0.0506 0.1247 
     D237322  2 0.1276 0.0538 0.0843 0.3160 0.1834 0.2349 
     D237323  2 0.1701 0.0242 0.6350 0.0452 0.0394 0.0861 
     D237324  2 0.0287 0.0522 0.2648 0.3583 0.2506 0.0453 
     D237325  2 0.0989 0.0528 0.4681 0.1036 0.0621 0.2144 
     D237326  2 0.0943 0.0955 0.6462 0.0815 0.0472 0.0353 
     D237327  2 0.0959 0.0631 0.0780 0.2906 0.3423 0.1300 
     D237337  2 0.0631 0.0472 0.7159 0.0858 0.0245 0.0635 
     D237338  2 0.1425 0.0775 0.3076 0.1358 0.1229 0.2137 
     D237339  2 0.0326 0.1261 0.0377 0.1966 0.2683 0.3388 
     D237340  2 0.2159 0.0376 0.2596 0.0946 0.2239 0.1684 
     D237389  2 0.0491 0.0336 0.5935 0.1122 0.0933 0.1183 
     D237390  2 0.1016 0.0845 0.2743 0.1121 0.0538 0.3736 
     D244017  2 0.3520 0.0405 0.0484 0.1370 0.3379 0.0841 
     D244112  2 0.0342 0.0204 0.0526 0.0491 0.8002 0.0436 
     D244118  2 0.0298 0.0204 0.3262 0.0441 0.5355 0.0440 
     D244119  2 0.5846 0.0309 0.0315 0.0409 0.2921 0.0200 
     D244120  2 0.1051 0.0197 0.0438 0.0777 0.4516 0.3020 
     D244122  2 0.0576 0.0356 0.0587 0.0633 0.6991 0.0858 
        D291  2 0.0596 0.1108 0.0710 0.2597 0.4209 0.0779 
        D292  2 0.1283 0.2344 0.0548 0.0739 0.4375 0.0711 
        D293  2 0.0216 0.1906 0.0185 0.1499 0.5722 0.0473 
        D322  2 0.0295 0.2009 0.0512 0.1614 0.4915 0.0655 
        D323  2 0.0899 0.1734 0.0623 0.2521 0.1536 0.2686 
        D324  2 0.1187 0.2963 0.1179 0.2349 0.1820 0.0503 
        D325  2 0.0162 0.0681 0.0211 0.0984 0.7565 0.0396 
        D326  2 0.0343 0.8734 0.0175 0.0312 0.0240 0.0195 
        D340  2 0.0231 0.0322 0.0221 0.0451 0.8580 0.0196 
        D341  2 0.0533 0.0549 0.0432 0.0555 0.6943 0.0988 
        D342  2 0.0336 0.0311 0.1144 0.1442 0.6216 0.0551 
        D343  2 0.0120 0.0268 0.0133 0.0344 0.8930 0.0205 
        D344  2 0.0509 0.1750 0.0431 0.2648 0.0529 0.4134 
        D345  2 0.0684 0.3508 0.2486 0.1734 0.0667 0.0921 
        D346  2 0.6883 0.0738 0.0348 0.0682 0.0816 0.0533 
        D351  2 0.0424 0.4564 0.0746 0.2131 0.1040 0.1096 
        D352  2 0.0961 0.0620 0.0462 0.3092 0.0736 0.4128 
        D353  2 0.0289 0.2325 0.0235 0.5901 0.0469 0.0781 
        D354  2 0.1172 0.2023 0.0648 0.1806 0.0265 0.4085 
        D362  2 0.0522 0.7324 0.0704 0.0629 0.0508 0.0313 
        D363  2 0.0716 0.7848 0.0381 0.0495 0.0325 0.0234 
        D364  2 0.0912 0.4203 0.0644 0.1444 0.0324 0.2473 
        D365  2 0.0231 0.0514 0.0171 0.0403 0.8457 0.0223 
        D369  2 0.2207 0.3289 0.0830 0.1049 0.2227 0.0398 
        D374  2 0.6527 0.0257 0.0367 0.0715 0.0358 0.1776 
        D375  2 0.0677 0.0701 0.0574 0.2070 0.0242 0.5737 
        D376  2 0.6384 0.0257 0.0393 0.0720 0.0480 0.1767 
        D377  2 0.1990 0.0691 0.1880 0.1964 0.1235 0.2240 
        D378  2 0.0357 0.3631 0.0656 0.1725 0.2676 0.0956 
        D379  2 0.0429 0.7345 0.0312 0.1014 0.0293 0.0607 
        D384  2 0.0469 0.8579 0.0163 0.0431 0.0194 0.0165 
        D385  2 0.0523 0.0325 0.0219 0.0652 0.7290 0.0992 
        D386  2 0.0347 0.3823 0.0613 0.1803 0.0807 0.2608 
        D391  2 0.0280 0.0700 0.0256 0.0498 0.7696 0.0570 
        D392  2 0.0876 0.1104 0.0725 0.0600 0.6310 0.0385 
        D393  2 0.0410 0.5280 0.0503 0.0957 0.1797 0.1053 
        D394  2 0.0777 0.1191 0.3320 0.1411 0.1042 0.2259 
        D395  2 0.0369 0.0424 0.0284 0.2869 0.2716 0.3338 
        D401  2 0.0699 0.0337 0.7461 0.0820 0.0362 0.0321 
        D402  2 0.0262 0.0307 0.0205 0.0330 0.8517 0.0378 
        D403  2 0.0330 0.2922 0.0675 0.4291 0.0479 0.1302 
        D415  2 0.0212 0.5720 0.0766 0.2515 0.0241 0.0546 
        D435  2 0.0222 0.6303 0.0376 0.0643 0.1940 0.0515 
        D436  2 0.0835 0.1575 0.0457 0.1251 0.0461 0.5421 
        D438  2 0.0339 0.0242 0.0201 0.0321 0.8699 0.0199 
        D439  2 0.0286 0.1657 0.0797 0.3538 0.0946 0.2776 
        D449  2 0.0380 0.1314 0.0461 0.3185 0.4369 0.0291 
        D450  2 0.2373 0.2213 0.0683 0.2247 0.0455 0.2029 
        D456  2 0.0281 0.8700 0.0179 0.0311 0.0221 0.0308 
        D462  2 0.0201 0.0845 0.0237 0.0398 0.7772 0.0547 
        D463  2 0.0363 0.8534 0.0195 0.0392 0.0165 0.0351 
        D464  2 0.0591 0.1343 0.0291 0.4546 0.0717 0.2512 
        D465  2 0.0430 0.2717 0.0661 0.1886 0.3912 0.0393 
        D473  2 0.6228 0.0347 0.1105 0.0679 0.0475 0.1167 
        D474  2 0.0989 0.6335 0.0641 0.0574 0.1171 0.0291 
        D476  2 0.0289 0.0759 0.4280 0.1190 0.1221 0.2261 
        D477  2 0.1239 0.5400 0.0484 0.1094 0.0489 0.1294 
        D478  2 0.1948 0.0908 0.1468 0.3123 0.0988 0.1565 
        D480  2 0.1350 0.3964 0.0368 0.1496 0.1630 0.1192 
        D481  2 0.1689 0.3640 0.1348 0.1221 0.0780 0.1322 
        D482  2 0.2050 0.0441 0.0790 0.1397 0.0931 0.4390 
        D483  2 0.0668 0.0290 0.0373 0.0436 0.7964 0.0270 
        D484  2 0.0633 0.0296 0.0290 0.1393 0.0678 0.6709 
        D510  2 0.6903 0.0398 0.0302 0.0639 0.0753 0.1006 
        D511  2 0.0411 0.3082 0.0694 0.1592 0.1253 0.2968 
        D512  2 0.0256 0.0375 0.4464 0.2369 0.1647 0.0887 
        D513  2 0.1007 0.1342 0.0491 0.1748 0.4965 0.0446 
        D635  2 0.0490 0.5646 0.1697 0.1428 0.0492 0.0248 
        D636  2 0.0282 0.0476 0.8480 0.0361 0.0210 0.0191 
        D637  2 0.0959 0.0494 0.0472 0.1153 0.2342 0.4580 
        D658  2 0.1127 0.0370 0.0573 0.0954 0.4656 0.2320 
        D659  2 0.0452 0.7246 0.0538 0.0873 0.0395 0.0497 
        D677  2 0.0393 0.3894 0.1529 0.1142 0.0996 0.2047 
        D678  2 0.0316 0.0325 0.0501 0.2216 0.5853 0.0789 
        D679  2 0.0807 0.5549 0.0457 0.1579 0.0992 0.0615 
        D719  2 0.4811 0.2163 0.0270 0.0566 0.1927 0.0263 
        D720  2 0.0769 0.7647 0.0419 0.0456 0.0421 0.0288 
        D721  2 0.0519 0.1277 0.5539 0.1313 0.0877 0.0476 
        D722  2 0.5334 0.0426 0.0726 0.1370 0.0615 0.1529 
        D734  2 0.3745 0.0735 0.0198 0.0730 0.1547 0.3044 
        D735  2 0.1161 0.4271 0.1008 0.1840 0.0979 0.0741 
        D736  2 0.4651 0.1502 0.0673 0.1010 0.1719 0.0446 
        D737  2 0.0635 0.0380 0.0892 0.0628 0.5143 0.2323 
        D807  2 0.3096 0.2726 0.0694 0.0766 0.1514 0.1203 
        D808  2 0.0456 0.1347 0.2434 0.2171 0.2076 0.1516 
        D817  2 0.1005 0.5658 0.0483 0.1376 0.0341 0.1137 
        D818  2 0.0421 0.1116 0.0630 0.2799 0.3236 0.1798 
        D819  2 0.0935 0.3735 0.1662 0.2298 0.0552 0.0818 
        D820  2 0.0316 0.7441 0.0183 0.0763 0.0577 0.0721 
        D895  2 0.0575 0.5334 0.1255 0.1821 0.0451 0.0563 
        D896  2 0.0645 0.0244 0.8106 0.0347 0.0259 0.0399 
        D897  2 0.0367 0.0381 0.0607 0.1438 0.6450 0.0757 
        D898  2 0.1418 0.0981 0.1120 0.2986 0.0906 0.2588 
        D918  2 0.0914 0.0602 0.1910 0.2298 0.1517 0.2758 
        D919  2 0.0327 0.2545 0.0351 0.2752 0.1912 0.2113 
        D920  2 0.0584 0.0388 0.7478 0.0485 0.0383 0.0682 
        D923  2 0.0289 0.7516 0.0267 0.0755 0.0461 0.0712 
        D930  2 0.1756 0.3345 0.0671 0.2007 0.0584 0.1638 
        D931  2 0.0839 0.4331 0.0527 0.0996 0.1468 0.1840 
        D968  2 0.0169 0.0274 0.0147 0.0322 0.8800 0.0289 
        D969  2 0.1011 0.3575 0.0394 0.1434 0.3019 0.0567 
        D977  2 0.0260 0.0575 0.0348 0.1392 0.6626 0.0797 
        D978  2 0.0693 0.0619 0.0362 0.2940 0.3698 0.1689 
        D211  3 0.0520 0.1348 0.3767 0.1376 0.0584 0.2405 
     D229639  3 0.2725 0.0861 0.0499 0.0886 0.4421 0.0609 
     D237212  3 0.0692 0.1608 0.1078 0.1550 0.2800 0.2271 
     D237213  3 0.0359 0.1511 0.2535 0.2189 0.0659 0.2747 
     D237214  3 0.0505 0.0700 0.4981 0.3010 0.0347 0.0457 
     D237215  3 0.1334 0.0248 0.0307 0.0711 0.6931 0.0468 
     D237216  3 0.0365 0.0634 0.0997 0.6627 0.0369 0.1009 
     D237217  3 0.0234 0.1387 0.3271 0.3728 0.0674 0.0706 
     D237218  3 0.1234 0.1785 0.0711 0.1611 0.1822 0.2837 
     D237219  3 0.2046 0.0573 0.4077 0.1446 0.0826 0.1032 
     D237382  3 0.1344 0.1583 0.1449 0.1862 0.0786 0.2976 
     D244127  3 0.0345 0.0389 0.5869 0.1406 0.1308 0.0684 
     D244129  3 0.0842 0.1713 0.2369 0.2243 0.1490 0.1342 
     D244133  3 0.2506 0.1273 0.1471 0.2519 0.1783 0.0447 
     D244134  3 0.5301 0.0712 0.1270 0.0718 0.1513 0.0487 
     D244135  3 0.0286 0.0903 0.6290 0.1205 0.0769 0.0548 
     D244136  3 0.3311 0.2648 0.0661 0.1608 0.1149 0.0623 
        D416  3 0.0595 0.1914 0.1259 0.2797 0.2283 0.1152 
        D417  3 0.0393 0.6594 0.0609 0.0844 0.0218 0.1342 
        D419  3 0.1382 0.1770 0.2212 0.1750 0.1920 0.0966 
        D565  3 0.8167 0.0739 0.0219 0.0374 0.0282 0.0219 
        D566  3 0.4511 0.0656 0.0501 0.0962 0.3006 0.0364 
        D567  3 0.0426 0.6487 0.1393 0.0663 0.0471 0.0559 
        D568  3 0.0297 0.2901 0.1949 0.1271 0.1715 0.1866 
        D569  3 0.0656 0.0474 0.0778 0.2890 0.1231 0.3971 
        D573  3 0.0375 0.1417 0.0342 0.1436 0.6112 0.0317 
        D574  3 0.5611 0.0628 0.0804 0.1460 0.0744 0.0752 
        D575  3 0.2652 0.1686 0.2412 0.1631 0.1019 0.0599 
        D576  3 0.0583 0.0124 0.0372 0.0682 0.7632 0.0606 
        D577  3 0.0678 0.5972 0.0771 0.0967 0.0469 0.1144 
        D578  3 0.0234 0.0276 0.7518 0.1213 0.0444 0.0315 
        D579  3 0.2980 0.2515 0.0767 0.1267 0.1662 0.0808 
        D660  3 0.0370 0.0345 0.1533 0.2022 0.4651 0.1080 
        D661  3 0.0421 0.0498 0.0590 0.1615 0.5115 0.1760 
        D663  3 0.0569 0.0559 0.0307 0.1926 0.5859 0.0781 
        D664  3 0.1532 0.0333 0.3212 0.1877 0.1924 0.1122 
        D665  3 0.0247 0.0317 0.2607 0.3629 0.0607 0.2594 
        D666  3 0.2615 0.1708 0.2491 0.1476 0.0644 0.1066 
        D009  4 0.0435 0.1904 0.2861 0.1623 0.0304 0.2874 
        D057  4 0.0406 0.0704 0.2278 0.0528 0.2841 0.3242 
        D109  4 0.0928 0.0800 0.5272 0.1983 0.0324 0.0693 
     D237222  4 0.1304 0.0588 0.5965 0.0836 0.0508 0.0799 
     D237223  4 0.1215 0.0698 0.2816 0.2163 0.1130 0.1979 
     D237224  4 0.0672 0.2694 0.0535 0.1173 0.3036 0.1890 
     D237225  4 0.0861 0.1626 0.1223 0.3514 0.0515 0.2260 
     D237299  4 0.0750 0.0265 0.1725 0.4138 0.0561 0.2561 
     D237300  4 0.1380 0.0339 0.0384 0.1231 0.5937 0.0730 
     D237306  4 0.4483 0.1177 0.1026 0.1016 0.0465 0.1834 
     D237307  4 0.2674 0.4111 0.0510 0.1412 0.0736 0.0556 
     D237308  4 0.1078 0.0981 0.1272 0.1089 0.4037 0.1543 
     D237309  4 0.0527 0.1908 0.1669 0.3426 0.0694 0.1777 
     D237317  4 0.4200 0.1889 0.0632 0.2245 0.0448 0.0586 
     D237318  4 0.0792 0.0312 0.0177 0.0824 0.7614 0.0280 
     D237319  4 0.0679 0.1261 0.2472 0.2371 0.0897 0.2320 
     D237320  4 0.0658 0.1182 0.2683 0.1092 0.2411 0.1974 
     D237321  4 0.1166 0.0805 0.0763 0.1035 0.5585 0.0646 
     D237397  4 0.2606 0.1103 0.1553 0.1143 0.1936 0.1659 
     D237398  4 0.0551 0.1390 0.0436 0.2470 0.4418 0.0736 
     D237399  4 0.2455 0.1861 0.0973 0.1054 0.1604 0.2054 
     D244001  4 0.0416 0.0499 0.5116 0.1245 0.0859 0.1864 
        D289  4 0.2832 0.1692 0.0647 0.1324 0.1617 0.1889 
        D290  4 0.0367 0.1093 0.0630 0.2574 0.0689 0.4647 
        D294  4 0.0644 0.1326 0.0373 0.3071 0.0513 0.4073 
        D295  4 0.0732 0.3976 0.0851 0.0867 0.0528 0.3045 
        D301  4 0.0684 0.0307 0.6707 0.0571 0.0844 0.0888 
        D302  4 0.0305 0.3811 0.0396 0.1152 0.0281 0.4055 
        D303  4 0.6476 0.0529 0.0724 0.0659 0.0585 0.1027 
        D304  4 0.1483 0.1308 0.0451 0.2945 0.0873 0.2940 
        D305  4 0.0205 0.0434 0.0460 0.4782 0.0832 0.3287 
        D306  4 0.0478 0.0655 0.0475 0.5032 0.0354 0.3006 
        D307  4 0.0778 0.0274 0.7416 0.0403 0.0437 0.0692 
        D327  4 0.1054 0.5913 0.0423 0.1002 0.0704 0.0903 
        D328  4 0.2503 0.0347 0.0640 0.0860 0.0347 0.5303 
        D329  4 0.0804 0.1064 0.1058 0.2228 0.1739 0.3106 
        D330  4 0.0295 0.3076 0.1778 0.1810 0.0675 0.2365 
        D331  4 0.1795 0.2569 0.1085 0.1742 0.1299 0.1510 
        D333  4 0.1641 0.1068 0.1266 0.1096 0.1131 0.3798 
        D334  4 0.5253 0.1636 0.0727 0.1025 0.0351 0.1009 
        D335  4 0.0556 0.5181 0.0378 0.1063 0.0552 0.2269 
        D370  4 0.2054 0.0799 0.1880 0.1584 0.0588 0.3095 
        D371  4 0.7185 0.1337 0.0247 0.0471 0.0433 0.0326 
        D372  4 0.0661 0.0241 0.0286 0.2738 0.5403 0.0671 
        D373  4 0.0337 0.0474 0.6500 0.0968 0.1093 0.0629 
        D455  4 0.0396 0.0487 0.6906 0.0422 0.0492 0.1297 
        D490  4 0.0326 0.0380 0.7966 0.0297 0.0168 0.0864 
        D497  4 0.0441 0.0272 0.6781 0.0707 0.0372 0.1427 
        D498  4 0.2317 0.0985 0.1622 0.1793 0.1256 0.2026 
        D499  4 0.2065 0.0502 0.0415 0.2086 0.3339 0.1593 
        D514  4 0.0350 0.3602 0.0622 0.1962 0.0472 0.2992 
        D515  4 0.0447 0.0817 0.2296 0.2116 0.0489 0.3835 
        D516  4 0.1175 0.2765 0.2172 0.1669 0.1181 0.1038 
        D517  4 0.0331 0.0869 0.5342 0.1830 0.0884 0.0743 
        D518  4 0.1070 0.0953 0.2184 0.0899 0.0784 0.4110 
        D519  4 0.0466 0.0726 0.2865 0.1483 0.1500 0.2961 
        D560  4 0.0284 0.1418 0.1479 0.1738 0.1357 0.3725 
        D561  4 0.0196 0.1368 0.2097 0.5061 0.0517 0.0761 
        D562  4 0.1022 0.0873 0.1795 0.2185 0.1238 0.2887 
        D563  4 0.0361 0.0586 0.0729 0.1946 0.4657 0.1722 
        D572  4 0.0434 0.1339 0.0648 0.0872 0.0540 0.6167 
        D629  4 0.0536 0.4912 0.1813 0.1302 0.0456 0.0980 
        D630  4 0.0768 0.1462 0.1050 0.1387 0.0555 0.4779 
        D631  4 0.0512 0.0842 0.0537 0.0916 0.2200 0.4993 
        D632  4 0.0371 0.0781 0.5631 0.0770 0.1343 0.1104 
        D646  4 0.0417 0.2672 0.2116 0.1997 0.1014 0.1783 
        D647  4 0.0210 0.5107 0.1142 0.0709 0.0771 0.2061 
        D648  4 0.1596 0.0265 0.0322 0.0420 0.0350 0.7047 
        D649  4 0.0294 0.5421 0.2038 0.0782 0.0267 0.1198 
        D650  4 0.1757 0.3126 0.1524 0.1219 0.0523 0.1851 
        D708  4 0.3374 0.0876 0.0573 0.1418 0.0465 0.3294 
        D709  4 0.0793 0.0799 0.0897 0.2663 0.0428 0.4420 
        D738  4 0.4743 0.1597 0.1767 0.0683 0.0330 0.0880 
        D739  4 0.0516 0.0498 0.2078 0.1749 0.0484 0.4676 
        D740  4 0.2262 0.0524 0.1777 0.3170 0.0988 0.1279 
        D741  4 0.0278 0.1760 0.1101 0.2752 0.1955 0.2154 
        D742  4 0.1445 0.0752 0.0740 0.1265 0.4454 0.1344 
        D743  4 0.0431 0.6029 0.0365 0.0919 0.0629 0.1627 
        D744  4 0.0468 0.1825 0.0639 0.1622 0.1239 0.4207 
        D745  4 0.0384 0.0582 0.3809 0.1391 0.0520 0.3314 
        D814  4 0.0274 0.0539 0.0567 0.4447 0.2585 0.1588 
        D815  4 0.0631 0.2479 0.0624 0.1133 0.0553 0.4580 
        D828  4 0.2075 0.0256 0.0469 0.1189 0.1246 0.4765 
        D845  4 0.1585 0.0455 0.0206 0.0457 0.6875 0.0422 
        D846  4 0.0212 0.2286 0.0725 0.1925 0.2091 0.2760 
        D847  4 0.1461 0.1707 0.1540 0.1595 0.1196 0.2501 
        D848  4 0.0421 0.0270 0.5759 0.0761 0.2260 0.0529 
        D849  4 0.0346 0.0708 0.3102 0.1862 0.0499 0.3483 
        D850  4 0.1202 0.3021 0.1332 0.2604 0.1277 0.0563 
        D856  4 0.0734 0.0944 0.2120 0.2851 0.0587 0.2764 
        D857  4 0.0413 0.0144 0.7581 0.0420 0.0623 0.0819 
        D859  4 0.0479 0.0989 0.0318 0.1100 0.0859 0.6254 
        D860  4 0.4845 0.1498 0.0402 0.1029 0.1596 0.0630 
        D883  4 0.1420 0.3400 0.1943 0.0928 0.0491 0.1819 
        D884  4 0.1078 0.1264 0.1872 0.0949 0.0339 0.4499 
        D885  4 0.0510 0.1696 0.0623 0.4712 0.1157 0.1302 
        D886  4 0.0420 0.2390 0.2973 0.0867 0.0825 0.2525 
        D887  4 0.1148 0.1331 0.0907 0.1901 0.2432 0.2281 
        D889  4 0.0466 0.0679 0.0272 0.2518 0.1888 0.4178 
        D890  4 0.2399 0.1001 0.1770 0.1281 0.0973 0.2576 
        D891  4 0.0897 0.0225 0.0157 0.0567 0.7951 0.0203 
        D899  4 0.1399 0.0512 0.0420 0.0761 0.5789 0.1119 
        D900  4 0.1026 0.2094 0.1067 0.2348 0.1098 0.2367 
        D970  4 0.0907 0.1947 0.0875 0.1911 0.1112 0.3248 
        D971  4 0.0747 0.1567 0.0712 0.1811 0.4131 0.1032 
        D979  4 0.0530 0.5923 0.0258 0.0812 0.0446 0.2031 
        D093  5 0.7438 0.0556 0.0356 0.0425 0.0377 0.0848 
        D154  5 0.1068 0.0461 0.0409 0.3489 0.2689 0.1884 
        D168  5 0.0340 0.1264 0.1837 0.3058 0.2664 0.0836 
        D189  5 0.4326 0.0598 0.0402 0.1086 0.1649 0.1939 
        D190  5 0.7465 0.0517 0.0304 0.0482 0.0501 0.0731 
     D237220  5 0.1907 0.0513 0.2445 0.1614 0.0485 0.3037 
     D237221  5 0.4355 0.1231 0.0640 0.0832 0.1898 0.1043 
     D237274  5 0.0274 0.6191 0.0432 0.1358 0.0556 0.1188 
     D237275  5 0.0498 0.0225 0.0356 0.1175 0.7145 0.0602 
     D237276  5 0.2123 0.1697 0.1667 0.1080 0.0611 0.2822 
     D237277  5 0.7179 0.0471 0.0352 0.0569 0.0824 0.0605 
     D237278  5 0.2320 0.0561 0.1479 0.1749 0.2952 0.0939 
     D237279  5 0.0310 0.0705 0.4808 0.3414 0.0341 0.0423 
     D237280  5 0.1121 0.1945 0.4456 0.1394 0.0299 0.0786 
     D237281  5 0.0476 0.0625 0.0221 0.1283 0.7054 0.0341 
     D237351  5 0.1290 0.0508 0.6516 0.0724 0.0353 0.0609 
     D237352  5 0.0953 0.1601 0.3940 0.1287 0.0718 0.1501 
     D237353  5 0.8543 0.0358 0.0237 0.0275 0.0256 0.0332 
     D237359  5 0.1422 0.0991 0.1620 0.1840 0.0826 0.3300 
     D237361  5 0.8541 0.0269 0.0291 0.0372 0.0237 0.0291 
     D237362  5 0.2319 0.3396 0.0957 0.1578 0.0791 0.0960 
     D237363  5 0.0765 0.0423 0.0391 0.6963 0.1110 0.0347 
     D237364  5 0.0250 0.1092 0.0967 0.2136 0.1669 0.3886 
     D237376  5 0.3165 0.0214 0.0300 0.0831 0.0511 0.4979 
     D237377  5 0.1328 0.3403 0.2743 0.1479 0.0611 0.0435 
     D237378  5 0.5205 0.0319 0.0374 0.0690 0.1041 0.2370 
     D237379  5 0.3557 0.0485 0.0482 0.1374 0.0573 0.3529 
     D237380  5 0.0778 0.0410 0.5935 0.0753 0.0184 0.1939 
     D237381  5 0.1027 0.0707 0.4944 0.1257 0.0712 0.1353 
     D237391  5 0.8165 0.0561 0.0279 0.0380 0.0259 0.0356 
     D237392  5 0.0402 0.4661 0.0592 0.1716 0.1754 0.0875 
     D237393  5 0.2639 0.3694 0.1290 0.0933 0.0924 0.0520 
     D237394  5 0.8474 0.0412 0.0324 0.0289 0.0160 0.0342 
     D237395  5 0.4057 0.0574 0.1030 0.1448 0.1320 0.1571 
     D237396  5 0.1771 0.4710 0.0939 0.1439 0.0820 0.0321 
     D244016  5 0.3591 0.0683 0.0398 0.3338 0.0809 0.1180 
     D244018  5 0.2415 0.1072 0.0946 0.1584 0.3584 0.0400 
     D244019  5 0.0935 0.2429 0.0430 0.3734 0.1419 0.1054 
        D279  5 0.1488 0.0517 0.0704 0.2798 0.2399 0.2094 
        D280  5 0.3411 0.1144 0.0829 0.2740 0.1368 0.0508 
        D281  5 0.1139 0.0365 0.0239 0.2088 0.5467 0.0702 
        D283  5 0.5688 0.1829 0.0356 0.0930 0.0755 0.0442 
        D284  5 0.0709 0.0989 0.2915 0.2696 0.0947 0.1745 
        D285  5 0.5655 0.1122 0.0416 0.1165 0.0593 0.1048 
        D286  5 0.2118 0.1169 0.0771 0.1233 0.0577 0.4131 
        D287  5 0.2914 0.0257 0.0684 0.0987 0.0344 0.4814 
        D288  5 0.2206 0.2446 0.0421 0.2501 0.1880 0.0546 
        D308  5 0.0439 0.1373 0.6928 0.0672 0.0282 0.0306 
        D309  5 0.0351 0.2979 0.0671 0.1553 0.0226 0.4220 
        D310  5 0.6830 0.0269 0.0153 0.2159 0.0239 0.0351 
        D311  5 0.1608 0.1645 0.0428 0.2074 0.0466 0.3779 
        D312  5 0.3208 0.1564 0.0873 0.1273 0.0764 0.2318 
        D313  5 0.0390 0.0206 0.8753 0.0297 0.0155 0.0199 
        D314  5 0.1128 0.0498 0.1162 0.2288 0.1613 0.3312 
        D315  5 0.3383 0.2749 0.0979 0.1256 0.0891 0.0743 
        D317  5 0.7636 0.0763 0.0318 0.0522 0.0333 0.0427 
        D318  5 0.1124 0.1760 0.1214 0.2782 0.1442 0.1678 
        D319  5 0.7870 0.0356 0.0345 0.0550 0.0359 0.0520 
        D320  5 0.6985 0.0540 0.0573 0.0519 0.0368 0.1014 
        D321  5 0.1429 0.1016 0.5846 0.0665 0.0732 0.0313 
        D336  5 0.6034 0.0438 0.0281 0.0974 0.0255 0.2018 
        D337  5 0.8388 0.0378 0.0144 0.0367 0.0351 0.0372 
        D338  5 0.1745 0.2226 0.1021 0.2269 0.1215 0.1524 
        D339  5 0.6495 0.0647 0.0519 0.1032 0.0642 0.0665 
        D347  5 0.0875 0.2107 0.0401 0.2167 0.1505 0.2945 
        D348  5 0.6922 0.0374 0.0238 0.0796 0.0306 0.1364 
        D349  5 0.1120 0.0366 0.7431 0.0470 0.0297 0.0315 
        D350  5 0.0420 0.1955 0.0316 0.1074 0.0477 0.5757 
        D355  5 0.0400 0.1126 0.0233 0.3598 0.3138 0.1505 
        D356  5 0.3386 0.3191 0.0910 0.1106 0.0446 0.0962 
        D357  5 0.1685 0.0762 0.0752 0.3427 0.0881 0.2493 
        D358  5 0.4609 0.1088 0.0894 0.1587 0.0725 0.1097 
        D359  5 0.4281 0.3710 0.0248 0.0954 0.0241 0.0566 
        D360  5 0.5466 0.1776 0.0940 0.0915 0.0339 0.0564 
        D361  5 0.0471 0.0519 0.8000 0.0485 0.0268 0.0258 
        D366  5 0.0389 0.5044 0.0381 0.1539 0.2380 0.0269 
        D367  5 0.5623 0.0333 0.0489 0.1432 0.0265 0.1858 
        D368  5 0.3248 0.1557 0.1773 0.2281 0.0531 0.0611 
        D380  5 0.0735 0.2849 0.0924 0.2878 0.0883 0.1730 
        D381  5 0.5022 0.1091 0.0381 0.2449 0.0494 0.0563 
        D400  5 0.2477 0.0999 0.0548 0.1181 0.1492 0.3302 
        D411  5 0.0229 0.0269 0.7851 0.0725 0.0381 0.0546 
        D412  5 0.0945 0.1025 0.1165 0.4088 0.1601 0.1177 
        D413  5 0.0462 0.1039 0.0515 0.1210 0.6282 0.0492 
        D414  5 0.0299 0.0727 0.0294 0.1245 0.1258 0.6177 
        D420  5 0.1093 0.0575 0.2180 0.3597 0.1168 0.1387 
        D431  5 0.1503 0.0331 0.0907 0.2058 0.1716 0.3484 
        D432  5 0.5055 0.0905 0.1303 0.1001 0.1015 0.0720 
        D433  5 0.6411 0.0779 0.0489 0.0740 0.0914 0.0667 
        D434  5 0.5324 0.1154 0.0921 0.1235 0.0562 0.0804 
        D440  5 0.0323 0.1903 0.0419 0.1490 0.0220 0.5644 
        D447  5 0.0344 0.2755 0.0891 0.3925 0.0678 0.1407 
        D448  5 0.4588 0.0904 0.0287 0.1076 0.0698 0.2447 
        D459  5 0.0489 0.0890 0.0208 0.1017 0.6754 0.0642 
        D460  5 0.1225 0.1373 0.6130 0.0604 0.0351 0.0316 
        D461  5 0.0426 0.3585 0.0260 0.0841 0.0300 0.4588 
        D468  5 0.2632 0.2551 0.0936 0.2265 0.0698 0.0919 
        D469  5 0.1329 0.5259 0.0874 0.1014 0.0468 0.1057 
        D470  5 0.0949 0.1232 0.1382 0.1641 0.0516 0.4279 
        D471  5 0.5315 0.0874 0.0248 0.0838 0.0810 0.1916 
        D472  5 0.0308 0.6967 0.0215 0.0490 0.1765 0.0255 
        D479  5 0.0305 0.0508 0.0301 0.0895 0.6422 0.1569 
        D485  5 0.0933 0.0551 0.0467 0.1338 0.0601 0.6111 
        D486  5 0.1513 0.1709 0.2074 0.2602 0.0559 0.1544 
        D487  5 0.2695 0.0457 0.0493 0.1148 0.3028 0.2178 
        D555  5 0.8157 0.0322 0.0264 0.0308 0.0576 0.0373 
        D556  5 0.2526 0.0821 0.0755 0.1499 0.1712 0.2687 
        D557  5 0.7738 0.0542 0.0301 0.0457 0.0569 0.0393 
        D564  5 0.4280 0.0746 0.0943 0.1376 0.0433 0.2222 
        D594  5 0.1029 0.1618 0.0857 0.3816 0.1041 0.1639 
        D595  5 0.3731 0.2094 0.0808 0.1485 0.1138 0.0744 
        D596  5 0.8458 0.0257 0.0311 0.0265 0.0403 0.0307 
        D597  5 0.3449 0.1562 0.0457 0.1036 0.2787 0.0709 
        D598  5 0.4615 0.1264 0.1389 0.1027 0.0625 0.1079 
        D617  5 0.0259 0.0390 0.5484 0.1514 0.1655 0.0698 
        D618  5 0.5733 0.1003 0.0613 0.0695 0.1094 0.0862 
        D619  5 0.1505 0.2327 0.2838 0.1871 0.0711 0.0748 
        D620  5 0.0416 0.0667 0.0302 0.0312 0.7982 0.0322 
        D628  5 0.0918 0.0974 0.1080 0.1400 0.0553 0.5075 
        D714  5 0.3175 0.0274 0.0438 0.1357 0.1983 0.2773 
        D715  5 0.7165 0.1147 0.0251 0.0466 0.0627 0.0344 
        D716  5 0.0820 0.0879 0.0417 0.2477 0.1308 0.4100 
        D717  5 0.2129 0.3934 0.1173 0.1109 0.0693 0.0961 
        D718  5 0.1455 0.0235 0.0792 0.3234 0.0686 0.3597 
        D769  5 0.0425 0.0507 0.4649 0.1543 0.1068 0.1808 
        D770  5 0.1442 0.0639 0.0418 0.2195 0.2448 0.2859 
        D771  5 0.1251 0.0773 0.1120 0.1880 0.2514 0.2462 
        D772  5 0.2774 0.0988 0.0593 0.0799 0.0531 0.4314 
        D782  5 0.0434 0.0488 0.2230 0.4949 0.1584 0.0315 
        D783  5 0.1614 0.0441 0.0444 0.2116 0.2885 0.2501 
        D784  5 0.1271 0.5211 0.0486 0.1120 0.0565 0.1347 
        D785  5 0.6651 0.0664 0.0855 0.0500 0.0288 0.1043 
        D786  5 0.0298 0.1845 0.4349 0.1044 0.0648 0.1817 
        D821  5 0.8932 0.0195 0.0153 0.0185 0.0175 0.0361 
        D822  5 0.1484 0.3577 0.0404 0.2534 0.0972 0.1029 
        D826  5 0.3741 0.0872 0.0457 0.1498 0.2211 0.1222 
        D827  5 0.0537 0.3334 0.0491 0.3203 0.1010 0.1424 
        D851  5 0.1578 0.1796 0.0984 0.3577 0.1145 0.0919 
        D852  5 0.2291 0.0441 0.0721 0.1111 0.2299 0.3137 
        D853  5 0.3419 0.1075 0.0776 0.1392 0.0961 0.2377 
        D854  5 0.0319 0.1528 0.0586 0.3045 0.1835 0.2687 
        D861  5 0.1871 0.1004 0.1070 0.3458 0.1410 0.1187 
        D862  5 0.3289 0.3082 0.0501 0.1398 0.0474 0.1256 
        D865  5 0.7433 0.0393 0.0556 0.0528 0.0688 0.0402 
        D868  5 0.1077 0.6506 0.0400 0.0626 0.0490 0.0900 
        D869  5 0.0599 0.0709 0.7410 0.0636 0.0382 0.0263 
        D870  5 0.0185 0.0643 0.1175 0.7202 0.0479 0.0316 
        D907  5 0.6688 0.0373 0.0749 0.1111 0.0416 0.0662 
        D908  5 0.2845 0.0347 0.0702 0.0709 0.3658 0.1740 
        D910  5 0.3839 0.1090 0.0362 0.1049 0.2549 0.1111 
        D911  5 0.0663 0.0744 0.0258 0.3522 0.3929 0.0884 
        D934  5 0.0941 0.0957 0.0394 0.2106 0.2374 0.3228 
        D946  5 0.0704 0.0263 0.0628 0.1548 0.1777 0.5079 
        D947  5 0.0768 0.1828 0.0625 0.1911 0.0742 0.4126 
        D948  5 0.1794 0.0728 0.6590 0.0337 0.0316 0.0236 
        D949  5 0.0966 0.0703 0.7185 0.0503 0.0269 0.0374 
        D950  5 0.0631 0.0945 0.0282 0.2892 0.4363 0.0887 
        D951  5 0.0437 0.3698 0.0550 0.3806 0.0508 0.1002 
        D952  5 0.0954 0.6712 0.0397 0.0695 0.0541 0.0701 
        D953  5 0.5896 0.1422 0.0577 0.0943 0.0510 0.0652 
        D954  5 0.2826 0.5058 0.0382 0.1090 0.0367 0.0277 
        D961  5 0.1474 0.0286 0.0533 0.1813 0.0528 0.5365 
        D962  5 0.5110 0.0726 0.0360 0.0507 0.0174 0.3124 
        D963  5 0.2640 0.3139 0.0408 0.1119 0.0633 0.2061 
        D964  5 0.0978 0.0660 0.1531 0.2315 0.1207 0.3310 
        D965  5 0.0717 0.0696 0.0653 0.1639 0.0982 0.5314 
        D966  5 0.2291 0.2159 0.0531 0.1573 0.1639 0.1807 
        D967  5 0.3211 0.0654 0.1379 0.1389 0.2866 0.0499 
        D991  5 0.1037 0.1125 0.1766 0.0866 0.0387 0.4819 
        D502  6 0.0180 0.0340 0.0969 0.4522 0.1382 0.2607 
        D503  6 0.1035 0.0401 0.2244 0.2359 0.3451 0.0510 
        D504  6 0.1379 0.4013 0.0909 0.1542 0.0744 0.1412 
        D505  6 0.3424 0.1174 0.0955 0.1732 0.1437 0.1278 
        D506  6 0.8536 0.0449 0.0231 0.0361 0.0171 0.0252 
        D507  6 0.0681 0.0792 0.1197 0.2283 0.1509 0.3538 
        D508  6 0.0426 0.1938 0.0436 0.2563 0.1006 0.3632 
        D529  6 0.1530 0.1428 0.1722 0.2798 0.0749 0.1773 
        D530  6 0.2076 0.0341 0.1138 0.1757 0.0659 0.4029 
        D531  6 0.1320 0.2436 0.0806 0.1767 0.0948 0.2723 
        D532  6 0.2383 0.1976 0.0462 0.2650 0.0978 0.1551 
        D534  6 0.0265 0.0733 0.7153 0.0811 0.0459 0.0578 
        D535  6 0.4141 0.1734 0.1200 0.1755 0.0388 0.0783 
        D536  6 0.0254 0.0327 0.0902 0.1767 0.6135 0.0615 
        D554  6 0.2858 0.0609 0.1273 0.1693 0.0505 0.3063 
        D587  6 0.6622 0.1055 0.0467 0.0806 0.0490 0.0560 
        D588  6 0.3878 0.1738 0.0676 0.2863 0.0476 0.0368 
        D589  6 0.1289 0.0557 0.0703 0.3735 0.2937 0.0778 
        D590  6 0.0536 0.0434 0.0790 0.1498 0.6277 0.0465 
        D591  6 0.2238 0.0947 0.1227 0.3472 0.1659 0.0458 
        D592  6 0.0697 0.0588 0.7371 0.0658 0.0370 0.0316 
        D593  6 0.1929 0.0231 0.0588 0.1333 0.0479 0.5440 
        D682  6 0.8188 0.0385 0.0339 0.0484 0.0261 0.0342 
        D683  6 0.2225 0.5403 0.0473 0.1032 0.0326 0.0541 
        D684  6 0.0293 0.0492 0.2648 0.3310 0.2250 0.1006 
        D685  6 0.0453 0.0197 0.0549 0.7257 0.0743 0.0801 
        D686  6 0.3032 0.0518 0.0435 0.3445 0.0476 0.2093 
        D724  6 0.0292 0.1667 0.1009 0.1904 0.1005 0.4122 
        D725  6 0.1386 0.0682 0.0812 0.1863 0.2143 0.3113 
        D726  6 0.8286 0.0376 0.0310 0.0391 0.0218 0.0419 
        D727  6 0.0953 0.1686 0.0629 0.2852 0.3342 0.0538 
        D728  6 0.5828 0.0675 0.0653 0.1287 0.0322 0.1235 
        D729  6 0.0236 0.2002 0.3641 0.2320 0.1614 0.0187 
        D730  6 0.0428 0.1375 0.1698 0.1679 0.1745 0.3075 
        D731  6 0.7345 0.0200 0.0215 0.0345 0.1567 0.0328 
        D732  6 0.0439 0.2883 0.0741 0.1372 0.0761 0.3805 
        D733  6 0.0754 0.0711 0.0952 0.1148 0.0573 0.5863 
     D237251  7 0.0656 0.0504 0.0456 0.1132 0.3273 0.3979 
     D237252  7 0.0375 0.0574 0.2979 0.1545 0.2258 0.2267 
     D237253  7 0.2414 0.0623 0.0406 0.2508 0.2208 0.1842 
     D237254  7 0.0293 0.0360 0.7205 0.1401 0.0434 0.0307 
     D237255  7 0.0630 0.0408 0.0255 0.1106 0.6662 0.0939 
     D237256  7 0.0521 0.0523 0.0283 0.3569 0.2814 0.2290 
     D237257  7 0.0469 0.0603 0.1974 0.4228 0.0981 0.1745 
     D237282  7 0.0267 0.4659 0.1417 0.1213 0.1435 0.1009 
     D237283  7 0.0329 0.0197 0.6088 0.2643 0.0355 0.0389 
     D237284  7 0.0333 0.0737 0.7435 0.0632 0.0401 0.0463 
     D237285  7 0.1652 0.0622 0.0619 0.1842 0.1775 0.3490 
     D237286  7 0.2190 0.2121 0.0745 0.2623 0.1091 0.1231 
     D237287  7 0.0784 0.1613 0.0726 0.2335 0.3581 0.0961 
     D244006  7 0.0233 0.0337 0.7850 0.0686 0.0499 0.0395 
     D244007  7 0.0504 0.1777 0.0802 0.2214 0.4300 0.0404 
     D244008  7 0.0794 0.0336 0.5244 0.2774 0.0379 0.0474 
     D244009  7 0.0965 0.1292 0.3676 0.1081 0.0355 0.2631 
     D244010  7 0.0571 0.0540 0.2341 0.3437 0.1031 0.2081 
     D244011  7 0.2212 0.0383 0.1100 0.2103 0.1005 0.3197 
     D244012  7 0.0471 0.0952 0.1074 0.2673 0.2646 0.2183 
     D244013  7 0.1308 0.0905 0.0698 0.0855 0.3880 0.2353 
     D244014  7 0.0707 0.0629 0.2482 0.2435 0.1550 0.2197 
     D244015  7 0.0403 0.1153 0.3024 0.4017 0.0804 0.0599 
     D244125  7 0.4012 0.2069 0.0477 0.1116 0.1656 0.0670 
     D244126  7 0.0174 0.0242 0.6633 0.1741 0.0222 0.0989 
     D244130  7 0.0533 0.0460 0.1927 0.4541 0.1009 0.1530 
     D244131  7 0.2988 0.1935 0.1697 0.1547 0.0998 0.0836 
     D244132  7 0.2293 0.2172 0.0554 0.1091 0.0329 0.3560 
        D520  7 0.1169 0.0600 0.1940 0.4477 0.0308 0.1507 
        D521  7 0.0562 0.1321 0.1333 0.1475 0.1117 0.4191 
        D522  7 0.1054 0.1526 0.5124 0.0995 0.0578 0.0724 
        D523  7 0.0923 0.0503 0.0474 0.1835 0.5188 0.1077 
        D524  7 0.1925 0.0972 0.1336 0.1204 0.2580 0.1983 
        D525  7 0.0526 0.0492 0.5032 0.1254 0.2109 0.0588 
        D526  7 0.0216 0.0694 0.7622 0.0840 0.0353 0.0276 
        D527  7 0.1103 0.2636 0.1016 0.1350 0.0502 0.3393 
        D528  7 0.0158 0.0183 0.0222 0.9129 0.0117 0.0192 
        D558  7 0.0328 0.1172 0.1510 0.1107 0.0934 0.4949 
        D559  7 0.0184 0.1150 0.0715 0.1494 0.0744 0.5714 
        D640  7 0.2315 0.1378 0.0615 0.1747 0.1221 0.2723 
        D641  7 0.3401 0.0301 0.1912 0.1300 0.1648 0.1438 
        D642  7 0.0659 0.0505 0.5477 0.1296 0.1387 0.0675 
        D644  7 0.2252 0.0950 0.2296 0.1390 0.1040 0.2072 
        D645  7 0.1794 0.1291 0.1138 0.1313 0.1712 0.2752 
        D662  7 0.1268 0.2165 0.5275 0.0689 0.0230 0.0373 
        D687  7 0.1206 0.1032 0.0595 0.3607 0.1038 0.2523 
        D688  7 0.0279 0.2836 0.1157 0.2045 0.1068 0.2616 
        D689  7 0.2591 0.2428 0.1038 0.1310 0.1577 0.1055 
        D700  7 0.0139 0.0168 0.0152 0.9246 0.0147 0.0148 
        D797  7 0.1623 0.2060 0.0910 0.1925 0.1135 0.2347 
        D798  7 0.0537 0.0680 0.4921 0.2508 0.0366 0.0988 
        D799  7 0.0491 0.0475 0.1586 0.2563 0.3071 0.1814 
        D800  7 0.0332 0.4559 0.0625 0.2507 0.0654 0.1323 
        D132  8 0.0455 0.0534 0.7754 0.0306 0.0278 0.0672 
        D133  8 0.0223 0.0212 0.0476 0.0507 0.8224 0.0358 
        D200  8 0.0229 0.0285 0.0310 0.2123 0.0535 0.6518 
        D500  8 0.0339 0.0442 0.8356 0.0274 0.0202 0.0387 
        D614  8 0.3371 0.0845 0.1337 0.1237 0.0453 0.2757 
        D723  8 0.0480 0.3813 0.1851 0.1153 0.1407 0.1296 
        D888  8 0.0589 0.0482 0.0337 0.1366 0.6344 0.0881 
        D901  8 0.0816 0.0249 0.1915 0.2305 0.0682 0.4033 
        D902  8 0.6393 0.0367 0.0498 0.1149 0.0414 0.1179 
        D903  8 0.1082 0.4754 0.0370 0.1642 0.0637 0.1514 
        D904  8 0.0865 0.2667 0.1178 0.1230 0.0636 0.3424 
        D905  8 0.2351 0.0219 0.0299 0.0963 0.5258 0.0910 
        D906  8 0.0369 0.0699 0.0633 0.3014 0.4359 0.0926 
        D937  8 0.8060 0.0207 0.0302 0.0440 0.0366 0.0624 
        D943  8 0.0605 0.0833 0.2223 0.2923 0.0991 0.2426 
        D972  8 0.0398 0.2353 0.2102 0.1527 0.1132 0.2489 
        D973  8 0.0437 0.6952 0.0824 0.0639 0.0451 0.0697 
        D974  8 0.1152 0.1753 0.1359 0.1915 0.1570 0.2252 
        D975  8 0.0704 0.0447 0.0471 0.2433 0.0809 0.5136 
        D976  8 0.2299 0.0326 0.0885 0.3776 0.0824 0.1889 
        D201  9 0.0571 0.0847 0.0730 0.2588 0.1788 0.3476 
        D202  9 0.0520 0.0296 0.0734 0.2432 0.1152 0.4866 
     D237259  9 0.0242 0.0677 0.0579 0.7448 0.0658 0.0396 
     D237260  9 0.0742 0.0238 0.1513 0.2536 0.3566 0.1406 
     D237262  9 0.0394 0.0364 0.8000 0.0718 0.0292 0.0232 
