        D174  1 0.1297 0.0335 0.1212 0.5062 0.0823 0.0358 0.0913 
        D199  1 0.1367 0.0507 0.0468 0.1820 0.2788 0.2565 0.0484 
        D203  1 0.1539 0.0668 0.1058 0.0706 0.2754 0.2186 0.1089 
        D204  1 0.0435 0.0720 0.0275 0.0228 0.7798 0.0330 0.0214 
     D237366  1 0.1806 0.1915 0.1274 0.0671 0.0894 0.0638 0.2801 
     D237367  1 0.1776 0.0687 0.1421 0.0457 0.4310 0.0526 0.0824 
     D237368  1 0.0724 0.0433 0.0466 0.1292 0.1823 0.0610 0.4652 
     D244101  1 0.0646 0.4019 0.0324 0.0240 0.2647 0.1762 0.0361 
     D244102  1 0.2392 0.1910 0.1784 0.0694 0.1195 0.0597 0.1428 
     D244103  1 0.3346 0.0539 0.2517 0.0498 0.1794 0.0391 0.0914 
     D244104  1 0.0332 0.0312 0.0722 0.1364 0.6348 0.0444 0.0479 
     D244105  1 0.2442 0.0439 0.1803 0.0242 0.1885 0.0273 0.2917 
     D244106  1 0.0855 0.0348 0.1071 0.5790 0.0686 0.0920 0.0329 
     D244107  1 0.1170 0.0850 0.0534 0.0196 0.0664 0.0677 0.5909 
     D244108  1 0.0649 0.0568 0.0712 0.4864 0.1272 0.0425 0.1509 
     D244113  1 0.0855 0.1631 0.1361 0.5215 0.0221 0.0329 0.0388 
     D244114  1 0.3225 0.1044 0.1746 0.1265 0.1067 0.1089 0.0564 
     D244115  1 0.1165 0.0444 0.0774 0.3971 0.1576 0.0315 0.1755 
     D267365  1 0.0852 0.0658 0.0511 0.3015 0.3812 0.0589 0.0563 
        D404  1 0.1396 0.1782 0.1977 0.3759 0.0331 0.0410 0.0345 
        D405  1 0.1773 0.1645 0.2139 0.1197 0.1373 0.0975 0.0899 
        D406  1 0.0313 0.0379 0.0303 0.0399 0.0656 0.0185 0.7766 
        D407  1 0.0760 0.0192 0.0903 0.0318 0.6707 0.0609 0.0512 
        D408  1 0.0776 0.0403 0.1870 0.5382 0.0564 0.0659 0.0346 
        D409  1 0.5612 0.0462 0.1423 0.0653 0.0977 0.0321 0.0551 
        D410  1 0.0448 0.0299 0.0266 0.0329 0.0925 0.0146 0.7587 
        D421  1 0.0143 0.0122 0.0189 0.0235 0.8930 0.0260 0.0121 
        D422  1 0.0459 0.0191 0.0497 0.0180 0.0750 0.0299 0.7624 
        D423  1 0.0404 0.0219 0.0307 0.0213 0.1072 0.0408 0.7377 
        D424  1 0.0920 0.0255 0.0373 0.0411 0.7314 0.0194 0.0533 
        D425  1 0.1476 0.0491 0.0615 0.1535 0.5112 0.0351 0.0421 
        D426  1 0.4861 0.0219 0.2168 0.0330 0.0760 0.1299 0.0364 
        D427  1 0.0275 0.0209 0.0447 0.1869 0.2449 0.4472 0.0279 
        D428  1 0.1285 0.0818 0.0699 0.2209 0.3826 0.0413 0.0750 
        D429  1 0.0779 0.0450 0.0853 0.2498 0.4540 0.0457 0.0422 
        D430  1 0.3991 0.0359 0.1708 0.1596 0.0909 0.1010 0.0427 
        D491  1 0.0391 0.0252 0.0412 0.7667 0.0815 0.0193 0.0270 
        D492  1 0.1645 0.0839 0.0863 0.1471 0.3583 0.0444 0.1156 
        D537  1 0.0616 0.0670 0.0613 0.0336 0.6815 0.0223 0.0729 
        D538  1 0.3436 0.0562 0.1484 0.1324 0.0886 0.0454 0.1854 
        D539  1 0.1042 0.1258 0.2389 0.2311 0.0461 0.1122 0.1417 
        D540  1 0.2237 0.0353 0.2440 0.0633 0.3105 0.0464 0.0767 
        D541  1 0.0235 0.0207 0.0192 0.0202 0.8591 0.0261 0.0312 
        D551  1 0.2274 0.0346 0.1984 0.0474 0.0880 0.3503 0.0539 
        D552  1 0.0601 0.0687 0.0954 0.2298 0.1974 0.0380 0.3105 
        D553  1 0.0218 0.0250 0.0281 0.0261 0.8622 0.0164 0.0203 
        D615  1 0.1070 0.0284 0.1120 0.0818 0.4576 0.0829 0.1302 
        D616  1 0.1110 0.0264 0.0873 0.0907 0.3660 0.1368 0.1818 
        D621  1 0.0273 0.1727 0.0462 0.0794 0.0249 0.0290 0.6205 
        D622  1 0.0475 0.0518 0.0572 0.0497 0.0570 0.0251 0.7117 
        D623  1 0.0927 0.3195 0.0582 0.3405 0.0405 0.1093 0.0393 
        D624  1 0.0388 0.0146 0.0356 0.8212 0.0330 0.0221 0.0347 
        D625  1 0.0878 0.0569 0.0511 0.0902 0.6210 0.0184 0.0747 
        D626  1 0.0717 0.0449 0.2262 0.3894 0.1125 0.0443 0.1110 
        D627  1 0.5143 0.0258 0.1891 0.0446 0.1085 0.0787 0.0391 
        D690  1 0.0286 0.0276 0.0310 0.0553 0.7808 0.0128 0.0639 
        D691  1 0.0439 0.0329 0.0796 0.0503 0.0906 0.0284 0.6743 
        D710  1 0.1637 0.1296 0.0549 0.2109 0.2755 0.0502 0.1151 
        D711  1 0.0560 0.0581 0.0332 0.0411 0.7278 0.0284 0.0553 
        D712  1 0.0524 0.0660 0.0786 0.6403 0.0450 0.0565 0.0612 
        D713  1 0.1232 0.2656 0.1156 0.1935 0.1833 0.0267 0.0920 
        D746  1 0.0223 0.0292 0.0288 0.0256 0.0726 0.0241 0.7974 
        D747  1 0.0176 0.0296 0.0159 0.0229 0.8741 0.0237 0.0161 
        D748  1 0.1182 0.0685 0.1587 0.0572 0.3406 0.0234 0.2334 
        D749  1 0.1406 0.1085 0.0580 0.1302 0.0372 0.0492 0.4764 
        D750  1 0.0409 0.0392 0.0401 0.6409 0.1287 0.0260 0.0842 
        D763  1 0.1446 0.2809 0.1759 0.0330 0.1240 0.1557 0.0858 
        D764  1 0.0479 0.0186 0.0300 0.2093 0.5665 0.0215 0.1062 
        D765  1 0.1241 0.0325 0.0845 0.2268 0.0723 0.0212 0.4385 
        D766  1 0.0693 0.0952 0.0966 0.0577 0.1930 0.0230 0.4653 
        D767  1 0.1604 0.3389 0.1405 0.0363 0.1309 0.0594 0.1336 
        D768  1 0.0235 0.0185 0.0223 0.0171 0.8790 0.0231 0.0166 
        D811  1 0.2216 0.0448 0.4029 0.1921 0.0483 0.0267 0.0637 
        D816  1 0.0283 0.0285 0.0197 0.0301 0.8502 0.0191 0.0241 
        D825  1 0.2128 0.0383 0.1261 0.2716 0.1646 0.0199 0.1669 
        D866  1 0.0881 0.0250 0.1149 0.2867 0.0769 0.3460 0.0625 
        D867  1 0.0587 0.1090 0.0420 0.0286 0.0363 0.0320 0.6934 
        D871  1 0.5617 0.0384 0.1948 0.0608 0.0907 0.0280 0.0256 
        D872  1 0.1770 0.0499 0.1136 0.0579 0.3914 0.0423 0.1680 
        D873  1 0.0253 0.0296 0.0382 0.0146 0.0099 0.0152 0.8672 
        D874  1 0.0388 0.7152 0.0408 0.0924 0.0650 0.0285 0.0194 
        D875  1 0.6129 0.0255 0.1887 0.0302 0.0505 0.0186 0.0736 
        D876  1 0.0769 0.1064 0.0531 0.1269 0.5271 0.0279 0.0816 
        D877  1 0.2179 0.1531 0.1797 0.3477 0.0512 0.0289 0.0216 
        D892  1 0.1890 0.0657 0.1089 0.1815 0.3439 0.0188 0.0922 
        D893  1 0.0800 0.0963 0.0697 0.0262 0.6249 0.0441 0.0589 
        D894  1 0.1082 0.0418 0.1019 0.0733 0.5890 0.0364 0.0494 
        D915  1 0.0688 0.0380 0.0691 0.0582 0.6112 0.0361 0.1186 
        D916  1 0.0230 0.0152 0.0214 0.0228 0.8796 0.0160 0.0220 
        D917  1 0.1621 0.1328 0.0528 0.3687 0.1300 0.1082 0.0454 
        D925  1 0.0339 0.0206 0.0466 0.1053 0.1418 0.0280 0.6238 
        D926  1 0.1323 0.1084 0.0595 0.1419 0.4534 0.0297 0.0749 
        D927  1 0.1540 0.0744 0.0527 0.0724 0.3473 0.2599 0.0392 
        D928  1 0.0220 0.0248 0.0249 0.8131 0.0752 0.0185 0.0216 
        D929  1 0.1740 0.5248 0.1363 0.0578 0.0368 0.0237 0.0467 
        D936  1 0.0623 0.2355 0.0401 0.0340 0.5314 0.0622 0.0345 
        D938  1 0.0247 0.0355 0.0451 0.0266 0.0366 0.0168 0.8146 
        D956  1 0.1017 0.0366 0.1193 0.6437 0.0349 0.0276 0.0362 
        D957  1 0.1148 0.0789 0.0649 0.0572 0.2310 0.0323 0.4208 
        D958  1 0.0675 0.0806 0.0761 0.1667 0.3093 0.0258 0.2741 
        D959  1 0.1018 0.0175 0.0584 0.0334 0.6762 0.0431 0.0696 
        D960  1 0.0302 0.0391 0.0411 0.0429 0.0286 0.0190 0.7992 
        D989  1 0.0586 0.0312 0.0443 0.6851 0.0683 0.0874 0.0250 
        D990  1 0.0453 0.0318 0.0466 0.0641 0.0219 0.0633 0.7269 
        D023  2 0.0532 0.0264 0.0277 0.0250 0.1079 0.0273 0.7325 
        D130  2 0.0890 0.0315 0.0894 0.0171 0.0960 0.0317 0.6452 
        D131  2 0.2473 0.0772 0.1398 0.0529 0.3484 0.0779 0.0566 
        D163  2 0.0492 0.0432 0.0282 0.0547 0.1035 0.0218 0.6994 
        D164  2 0.0190 0.0178 0.0203 0.0114 0.0162 0.4147 0.5007 
        D165  2 0.0490 0.0289 0.0338 0.0260 0.0549 0.0364 0.7709 
        D166  2 0.4209 0.1437 0.2721 0.0242 0.0460 0.0329 0.0603 
        D167  2 0.0402 0.0211 0.0483 0.0500 0.0205 0.7987 0.0212 
        D192  2 0.0202 0.0317 0.0221 0.0247 0.0139 0.8675 0.0198 
        D193  2 0.1164 0.2216 0.2351 0.2470 0.0422 0.0622 0.0754 
        D206  2 0.1250 0.0546 0.2459 0.0311 0.2789 0.1555 0.1089 
        D207  2 0.2007 0.0294 0.0586 0.0297 0.0539 0.6003 0.0273 
        D208  2 0.0937 0.1029 0.2183 0.2740 0.0550 0.2114 0.0447 
        D209  2 0.2025 0.2449 0.0707 0.0385 0.0664 0.2418 0.1352 
        D210  2 0.0378 0.0460 0.0483 0.5705 0.0840 0.1757 0.0376 
     D229599  2 0.1630 0.2864 0.0597 0.0867 0.1973 0.0734 0.1335 
     D229600  2 0.0792 0.0322 0.0542 0.0255 0.0416 0.2335 0.5338 
     D237227  2 0.0808 0.0394 0.0467 0.5406 0.0620 0.0731 0.1574 
     D237228  2 0.1112 0.0247 0.0705 0.3466 0.0193 0.0907 0.3370 
     D237258  2 0.1498 0.1038 0.1520 0.1009 0.0917 0.2481 0.1537 
     D237310  2 0.2429 0.0505 0.2009 0.0571 0.0188 0.0504 0.3794 
     D237311  2 0.1110 0.0346 0.0749 0.0464 0.0198 0.1589 0.5544 
     D237312  2 0.2398 0.1119 0.3297 0.0665 0.0405 0.0219 0.1896 
     D237313  2 0.1284 0.1132 0.1922 0.1177 0.2501 0.0400 0.1583 
     D237322  2 0.2808 0.1864 0.1596 0.1045 0.0428 0.1595 0.0664 
     D237323  2 0.1053 0.0495 0.0755 0.1540 0.0220 0.0398 0.5538 
     D237324  2 0.1732 0.0608 0.0394 0.0227 0.0774 0.2650 0.3613 
     D237325  2 0.1284 0.1295 0.1198 0.1076 0.0590 0.0533 0.4025 
     D237326  2 0.0532 0.0383 0.0260 0.1004 0.0902 0.0358 0.6561 
     D237327  2 0.1874 0.1596 0.0709 0.0605 0.0939 0.3603 0.0675 
     D237337  2 0.0736 0.0367 0.0779 0.0742 0.0406 0.0218 0.6752 
     D237338  2 0.1281 0.1889 0.1159 0.1313 0.0669 0.0849 0.2839 
     D237339  2 0.0629 0.6730 0.0307 0.0209 0.0502 0.1316 0.0307 
     D237340  2 0.0996 0.0810 0.0728 0.2181 0.0248 0.1647 0.3391 
     D237389  2 0.1752 0.0449 0.1532 0.0332 0.0287 0.0634 0.5014 
     D237390  2 0.2294 0.1284 0.1793 0.1190 0.0682 0.0319 0.2437 
     D244017  2 0.2537 0.0371 0.1089 0.3419 0.0325 0.1818 0.0440 
     D244112  2 0.0530 0.0259 0.0863 0.0294 0.0214 0.7312 0.0529 
     D244118  2 0.0328 0.0405 0.0249 0.0242 0.0165 0.4062 0.4549 
     D244119  2 0.0324 0.0155 0.0226 0.6839 0.0217 0.1996 0.0243 
     D244120  2 0.1121 0.1234 0.1700 0.0789 0.0159 0.4632 0.0364 
     D244122  2 0.0857 0.0576 0.1176 0.0618 0.0327 0.5831 0.0615 
        D291  2 0.3211 0.0369 0.1501 0.0350 0.0822 0.3304 0.0443 
        D292  2 0.0878 0.0721 0.0434 0.1202 0.2874 0.3286 0.0604 
        D293  2 0.0547 0.1015 0.0177 0.0179 0.1982 0.5957 0.0143 
        D322  2 0.0985 0.1468 0.0401 0.0227 0.2523 0.3896 0.0500 
        D323  2 0.1763 0.1652 0.3563 0.0620 0.1062 0.0888 0.0451 
        D324  2 0.2058 0.0370 0.1145 0.0951 0.2082 0.2249 0.1144 
        D325  2 0.0355 0.0255 0.0212 0.0140 0.0419 0.8434 0.0186 
        D326  2 0.0315 0.0210 0.0208 0.0290 0.8577 0.0250 0.0151 
        D340  2 0.0200 0.0212 0.0196 0.0228 0.0254 0.8733 0.0176 
        D341  2 0.0493 0.0505 0.1152 0.0475 0.0700 0.6254 0.0422 
        D342  2 0.1410 0.0294 0.2093 0.0236 0.0358 0.4393 0.1217 
        D343  2 0.0177 0.0167 0.0139 0.0102 0.0258 0.9046 0.0111 
        D344  2 0.1380 0.4956 0.1062 0.0308 0.1480 0.0373 0.0441 
        D345  2 0.1063 0.2198 0.0599 0.0545 0.2401 0.0657 0.2537 
        D346  2 0.0701 0.0491 0.2009 0.5032 0.0551 0.0899 0.0317 
        D351  2 0.3310 0.0904 0.0663 0.0318 0.3412 0.0821 0.0573 
        D352  2 0.0815 0.7206 0.0354 0.0750 0.0257 0.0315 0.0303 
        D353  2 0.2931 0.1718 0.0701 0.0257 0.3690 0.0465 0.0238 
        D354  2 0.0386 0.7045 0.0477 0.0602 0.0804 0.0191 0.0495 
        D362  2 0.0359 0.0252 0.0283 0.0378 0.7987 0.0291 0.0451 
        D363  2 0.0371 0.0244 0.0281 0.0451 0.8066 0.0246 0.0341 
        D364  2 0.0547 0.3626 0.0446 0.0510 0.3925 0.0255 0.0691 
        D365  2 0.0206 0.0391 0.0195 0.0236 0.0360 0.8452 0.0160 
        D369  2 0.1069 0.0273 0.1114 0.1766 0.2817 0.2231 0.0730 
        D374  2 0.0435 0.0880 0.1515 0.6239 0.0366 0.0218 0.0348 
        D375  2 0.0393 0.8284 0.0449 0.0194 0.0280 0.0150 0.0249 
        D376  2 0.0475 0.1292 0.1184 0.5885 0.0278 0.0361 0.0525 
        D377  2 0.1737 0.0992 0.4082 0.0922 0.0439 0.0630 0.1198 
        D378  2 0.1200 0.2675 0.0725 0.0337 0.2380 0.1969 0.0713 
        D379  2 0.0433 0.0754 0.0799 0.0419 0.7055 0.0237 0.0303 
        D384  2 0.0218 0.0165 0.0229 0.0479 0.8524 0.0207 0.0179 
        D385  2 0.0357 0.1601 0.0477 0.0369 0.0278 0.6687 0.0231 
        D386  2 0.1081 0.5203 0.0576 0.0279 0.1706 0.0446 0.0709 
        D391  2 0.0398 0.1473 0.0341 0.0199 0.0470 0.6931 0.0188 
        D392  2 0.0855 0.0314 0.0492 0.0595 0.0995 0.5704 0.1045 
        D393  2 0.0727 0.2187 0.1269 0.0296 0.3497 0.1410 0.0614 
        D394  2 0.1627 0.2578 0.0687 0.0593 0.1172 0.0640 0.2704 
        D395  2 0.0924 0.6303 0.0435 0.0313 0.0236 0.1524 0.0265 
        D401  2 0.0680 0.0198 0.0636 0.0614 0.0314 0.0360 0.7199 
        D402  2 0.0308 0.0499 0.0373 0.0201 0.0215 0.8190 0.0214 
        D403  2 0.2075 0.1511 0.1287 0.0264 0.3658 0.0393 0.0813 
        D415  2 0.1379 0.0360 0.0442 0.0186 0.6731 0.0285 0.0618 
        D435  2 0.0312 0.0549 0.0308 0.0226 0.6398 0.1749 0.0457 
        D436  2 0.1211 0.5202 0.0621 0.0710 0.1529 0.0365 0.0363 
        D438  2 0.0234 0.0197 0.0307 0.0293 0.0192 0.8573 0.0203 
        D439  2 0.1200 0.6245 0.0518 0.0222 0.0716 0.0492 0.0609 
        D449  2 0.1848 0.0195 0.0912 0.0347 0.1774 0.4587 0.0338 
        D450  2 0.2034 0.3055 0.1340 0.1743 0.0941 0.0312 0.0576 
        D456  2 0.0310 0.0194 0.0229 0.0249 0.8708 0.0161 0.0149 
        D462  2 0.0342 0.1158 0.0206 0.0138 0.0678 0.7265 0.0212 
        D463  2 0.0214 0.0268 0.0255 0.0443 0.8502 0.0128 0.0189 
        D464  2 0.2226 0.4698 0.0694 0.0446 0.1290 0.0454 0.0192 
        D465  2 0.1192 0.0299 0.0795 0.0301 0.3026 0.3938 0.0450 
        D473  2 0.0686 0.1280 0.0607 0.5467 0.0328 0.0468 0.1164 
        D474  2 0.0365 0.0407 0.0481 0.0681 0.6284 0.1177 0.0606 
        D476  2 0.0438 0.5205 0.0189 0.0152 0.0274 0.0442 0.3300 
        D477  2 0.0662 0.3008 0.1113 0.0804 0.3443 0.0400 0.0569 
        D478  2 0.4326 0.1215 0.0706 0.1393 0.0630 0.0643 0.1085 
        D480  2 0.0684 0.2652 0.1591 0.1075 0.2618 0.1135 0.0245 
        D481  2 0.1123 0.2056 0.0502 0.1372 0.2797 0.0718 0.1432 
        D482  2 0.0993 0.5158 0.1038 0.1506 0.0286 0.0446 0.0572 
        D483  2 0.0315 0.0247 0.0259 0.0901 0.0268 0.7649 0.0361 
        D484  2 0.0361 0.8374 0.0411 0.0216 0.0178 0.0282 0.0178 
        D510  2 0.0438 0.0630 0.0630 0.7264 0.0361 0.0462 0.0214 
        D511  2 0.0521 0.6424 0.0707 0.0275 0.1196 0.0567 0.0309 
        D512  2 0.1860 0.0439 0.1571 0.0189 0.0333 0.1391 0.4216 
        D513  2 0.0889 0.0365 0.0850 0.0717 0.1619 0.5074 0.0486 
        D635  2 0.1514 0.0287 0.0401 0.0434 0.4293 0.0371 0.2700 
        D636  2 0.0336 0.0186 0.0245 0.0213 0.0300 0.0150 0.8570 
        D637  2 0.1130 0.3580 0.1756 0.0971 0.0433 0.1672 0.0459 
        D658  2 0.0474 0.3376 0.0582 0.1163 0.0308 0.3313 0.0784 
        D659  2 0.0442 0.0586 0.0354 0.0467 0.7203 0.0488 0.0461 
        D677  2 0.1039 0.0707 0.2250 0.0247 0.4110 0.0710 0.0937 
        D678  2 0.1471 0.0420 0.0977 0.0259 0.0361 0.5513 0.0999 
        D679  2 0.0935 0.0889 0.2640 0.0716 0.3658 0.0792 0.0371 
        D719  2 0.0411 0.0508 0.0220 0.3991 0.2273 0.2311 0.0285 
        D720  2 0.0445 0.0280 0.0345 0.0838 0.7347 0.0402 0.0343 
        D721  2 0.0895 0.0590 0.0504 0.0617 0.1035 0.0674 0.5686 
        D722  2 0.0935 0.1001 0.1416 0.4573 0.0377 0.0909 0.0789 
        D734  2 0.0310 0.6845 0.0318 0.1498 0.0260 0.0589 0.0178 
        D735  2 0.1485 0.1061 0.2075 0.0951 0.2665 0.0717 0.1046 
        D736  2 0.0573 0.0624 0.0562 0.4748 0.0836 0.1733 0.0925 
        D737  2 0.0630 0.3016 0.0424 0.0497 0.0276 0.3841 0.1315 
        D807  2 0.0751 0.1265 0.1038 0.3005 0.2224 0.1108 0.0608 
        D808  2 0.3027 0.0960 0.1144 0.0418 0.1158 0.1310 0.1982 
        D817  2 0.1206 0.1164 0.3072 0.0494 0.3386 0.0295 0.0382 
        D818  2 0.3589 0.0551 0.1255 0.0270 0.0825 0.3085 0.0425 
        D819  2 0.2165 0.0507 0.2758 0.0398 0.2261 0.0482 0.1429 
        D820  2 0.0369 0.1150 0.0234 0.0253 0.7248 0.0570 0.0177 
        D895  2 0.1206 0.0716 0.0723 0.0543 0.4815 0.0366 0.1631 
        D896  2 0.0553 0.0221 0.0460 0.0501 0.0233 0.0208 0.7824 
        D897  2 0.1202 0.0523 0.2257 0.0375 0.0518 0.4724 0.0401 
        D898  2 0.3600 0.1039 0.2125 0.0791 0.0738 0.0720 0.0987 
        D918  2 0.2631 0.1165 0.2401 0.0930 0.0532 0.0985 0.1356 
        D919  2 0.1664 0.4190 0.0442 0.0306 0.1660 0.1445 0.0292 
        D920  2 0.0441 0.0367 0.0672 0.0577 0.0310 0.0251 0.7384 
        D923  2 0.0773 0.1319 0.0321 0.0331 0.6631 0.0362 0.0264 
        D930  2 0.1512 0.1810 0.1899 0.1618 0.1957 0.0571 0.0633 
        D931  2 0.0930 0.3066 0.0653 0.0575 0.3191 0.1181 0.0404 
        D968  2 0.0242 0.0285 0.0178 0.0155 0.0251 0.8739 0.0150 
        D969  2 0.1380 0.0642 0.0582 0.0919 0.3096 0.2946 0.0435 
        D977  2 0.0816 0.0383 0.0877 0.0264 0.0653 0.6741 0.0267 
        D978  2 0.2887 0.0429 0.3503 0.0419 0.0441 0.2090 0.0231 
        D211  3 0.1634 0.0621 0.4798 0.0354 0.0896 0.0262 0.1435 
     D229639  3 0.0597 0.0407 0.0902 0.1899 0.1030 0.4746 0.0418 
     D237212  3 0.1172 0.2888 0.2331 0.0419 0.0982 0.1465 0.0743 
     D237213  3 0.1801 0.1209 0.4377 0.0238 0.0607 0.0421 0.1348 
     D237214  3 0.5790 0.0300 0.0526 0.0417 0.0468 0.0228 0.2270 
     D237215  3 0.0417 0.0282 0.0552 0.1281 0.0187 0.6930 0.0352 
     D237216  3 0.4817 0.0716 0.2494 0.0333 0.0755 0.0357 0.0529 
     D237217  3 0.2252 0.0322 0.2203 0.0210 0.2216 0.0709 0.2087 
     D237218  3 0.0901 0.3514 0.2109 0.0833 0.0909 0.1213 0.0521 
     D237219  3 0.1089 0.0373 0.3234 0.1659 0.0561 0.0492 0.2591 
     D237382  3 0.3328 0.0578 0.2575 0.1196 0.1180 0.0508 0.0634 
     D244127  3 0.1203 0.0665 0.1106 0.0311 0.0368 0.1386 0.4961 
     D244129  3 0.2845 0.0904 0.1253 0.0651 0.1509 0.0822 0.2016 
     D244133  3 0.1700 0.0195 0.3904 0.1317 0.1031 0.1213 0.0639 
     D244134  3 0.0496 0.0391 0.1526 0.4651 0.0449 0.1520 0.0967 
     D244135  3 0.1422 0.0545 0.1294 0.0248 0.0634 0.0751 0.5106 
     D244136  3 0.1123 0.0297 0.2332 0.2313 0.2497 0.0915 0.0523 
        D416  3 0.1862 0.0650 0.2649 0.0367 0.1761 0.1503 0.1209 
        D417  3 0.0406 0.0491 0.0688 0.0390 0.7509 0.0182 0.0333 
        D419  3 0.0908 0.0741 0.2380 0.1026 0.1826 0.1314 0.1806 
        D565  3 0.0220 0.0183 0.0259 0.8510 0.0412 0.0201 0.0216 
        D566  3 0.0733 0.0264 0.0960 0.3831 0.0770 0.3047 0.0394 
        D567  3 0.0450 0.0603 0.0597 0.0262 0.6645 0.0341 0.1102 
        D568  3 0.0968 0.2302 0.1088 0.0209 0.2308 0.1105 0.2020 
        D569  3 0.1187 0.6244 0.0658 0.0439 0.0265 0.0812 0.0395 
        D573  3 0.0553 0.0323 0.0274 0.0360 0.1678 0.6508 0.0305 
        D574  3 0.1805 0.0573 0.1444 0.4313 0.0584 0.0619 0.0662 
        D575  3 0.0746 0.0426 0.4301 0.1627 0.0865 0.0580 0.1455 
        D576  3 0.0920 0.0254 0.0941 0.0338 0.0116 0.7209 0.0222 
        D577  3 0.0785 0.0568 0.2197 0.0541 0.4969 0.0385 0.0554 
        D578  3 0.4424 0.0198 0.0576 0.0190 0.0241 0.0378 0.3994 
        D579  3 0.0693 0.1208 0.1491 0.2406 0.2043 0.1345 0.0815 
        D660  3 0.2141 0.1088 0.1635 0.0243 0.0283 0.3540 0.1071 
        D661  3 0.0761 0.1294 0.1898 0.0294 0.0446 0.4807 0.0499 
        D663  3 0.1305 0.0429 0.0590 0.0268 0.0452 0.6721 0.0234 
        D664  3 0.1698 0.0454 0.3815 0.0802 0.0232 0.1213 0.1785 
        D665  3 0.5145 0.1029 0.2057 0.0160 0.0205 0.0494 0.0911 
        D666  3 0.0881 0.0637 0.4366 0.1563 0.1012 0.0349 0.1192 
        D009  4 0.1216 0.2376 0.1795 0.0458 0.1233 0.0223 0.2700 
        D057  4 0.0311 0.5635 0.0207 0.0387 0.0435 0.1211 0.1814 
        D109  4 0.1633 0.0456 0.1478 0.0905 0.0511 0.0212 0.4805 
     D237222  4 0.0981 0.0664 0.1121 0.1458 0.0520 0.0424 0.4833 
     D237223  4 0.1606 0.1167 0.1921 0.1477 0.0806 0.0930 0.2093 
     D237224  4 0.1003 0.3152 0.0736 0.0535 0.1752 0.2181 0.0641 
     D237225  4 0.2268 0.1608 0.1889 0.0597 0.1949 0.0442 0.1248 
     D237299  4 0.4385 0.0318 0.3876 0.0491 0.0199 0.0354 0.0377 
     D237300  4 0.0623 0.0481 0.2562 0.0696 0.0241 0.5049 0.0349 
     D237306  4 0.0584 0.0973 0.0941 0.5262 0.0817 0.0433 0.0990 
     D237307  4 0.0834 0.0292 0.1954 0.1768 0.4172 0.0607 0.0373 
     D237308  4 0.0620 0.2806 0.0382 0.1065 0.0611 0.2866 0.1650 
     D237309  4 0.1961 0.1170 0.1101 0.0349 0.2500 0.0617 0.2303 
     D237317  4 0.1092 0.0515 0.0690 0.4803 0.1690 0.0503 0.0707 
     D237318  4 0.0487 0.0207 0.0713 0.0271 0.0281 0.7834 0.0207 
     D237319  4 0.2879 0.0717 0.2204 0.0605 0.1302 0.0560 0.1733 
     D237320  4 0.1417 0.0536 0.2452 0.0437 0.1233 0.1793 0.2132 
     D237321  4 0.0881 0.0443 0.1025 0.0775 0.0664 0.5516 0.0695 
     D237397  4 0.0842 0.0518 0.1759 0.2608 0.0842 0.1832 0.1600 
     D237398  4 0.1867 0.0624 0.1493 0.0294 0.0963 0.4421 0.0339 
     D237399  4 0.1740 0.0914 0.1026 0.2849 0.1601 0.1161 0.0708 
     D244001  4 0.0833 0.0782 0.0854 0.0399 0.0656 0.0953 0.5522 
        D289  4 0.0997 0.3000 0.0586 0.2956 0.0971 0.1041 0.0450 
        D290  4 0.5291 0.0472 0.2474 0.0272 0.0736 0.0429 0.0326 
        D294  4 0.2332 0.3384 0.1784 0.0525 0.1009 0.0643 0.0322 
        D295  4 0.1099 0.1307 0.1795 0.0628 0.4043 0.0465 0.0664 
        D301  4 0.0426 0.0527 0.0793 0.0601 0.0237 0.0612 0.6804 
        D302  4 0.0443 0.7145 0.0410 0.0204 0.1329 0.0152 0.0317 
        D303  4 0.0480 0.1304 0.0718 0.5977 0.0437 0.0464 0.0620 
        D304  4 0.4458 0.0569 0.1936 0.0912 0.1092 0.0716 0.0317 
        D305  4 0.1801 0.6154 0.0453 0.0156 0.0236 0.0666 0.0533 
        D306  4 0.6428 0.0282 0.1728 0.0465 0.0513 0.0255 0.0329 
        D307  4 0.0284 0.0669 0.0526 0.0789 0.0251 0.0284 0.7197 
        D327  4 0.0857 0.0557 0.0808 0.0790 0.6105 0.0544 0.0339 
        D328  4 0.0696 0.5713 0.0844 0.1737 0.0255 0.0257 0.0499 
        D329  4 0.1328 0.3533 0.1014 0.0527 0.0927 0.1599 0.1072 
        D330  4 0.2690 0.1032 0.0898 0.0213 0.3262 0.0501 0.1405 
        D331  4 0.2344 0.0637 0.1891 0.1184 0.2099 0.0977 0.0867 
        D333  4 0.0819 0.3605 0.1455 0.1232 0.1008 0.0867 0.1014 
        D334  4 0.0749 0.0627 0.0859 0.6213 0.0853 0.0291 0.0408 
        D335  4 0.0575 0.5965 0.0350 0.0404 0.2014 0.0326 0.0366 
        D370  4 0.1038 0.1877 0.2023 0.1126 0.0782 0.0498 0.2656 
        D371  4 0.0436 0.0316 0.0447 0.6867 0.1356 0.0327 0.0250 
        D372  4 0.2452 0.0412 0.1658 0.0418 0.0189 0.4646 0.0226 
        D373  4 0.0546 0.0966 0.0520 0.0377 0.0469 0.0893 0.6229 
        D455  4 0.0559 0.1428 0.0300 0.0418 0.0471 0.0419 0.6407 
        D490  4 0.0362 0.0490 0.0846 0.0236 0.0320 0.0156 0.7590 
        D497  4 0.0613 0.1016 0.0777 0.0302 0.0208 0.0363 0.6721 
        D498  4 0.3052 0.0541 0.2428 0.1302 0.0885 0.0717 0.1075 
        D499  4 0.1557 0.1893 0.1870 0.1629 0.0366 0.2212 0.0473 
        D514  4 0.2482 0.1389 0.1332 0.0218 0.3536 0.0461 0.0582 
        D515  4 0.2876 0.0627 0.3331 0.0406 0.0694 0.0436 0.1628 
        D516  4 0.1194 0.0502 0.3092 0.0878 0.2076 0.0722 0.1537 
        D517  4 0.1375 0.0640 0.0618 0.0319 0.1048 0.0855 0.5145 
        D518  4 0.0290 0.6666 0.0355 0.0506 0.0400 0.0266 0.1517 
        D519  4 0.1931 0.0359 0.3465 0.0419 0.0721 0.0770 0.2333 
        D560  4 0.1468 0.0877 0.3308 0.0238 0.1569 0.0974 0.1566 
        D561  4 0.5411 0.0836 0.0867 0.0166 0.1024 0.0481 0.1216 
        D562  4 0.3718 0.2167 0.1304 0.0758 0.0541 0.0744 0.0767 
        D563  4 0.1369 0.2646 0.1094 0.0264 0.0438 0.3392 0.0796 
        D572  4 0.0529 0.7836 0.0358 0.0272 0.0517 0.0217 0.0270 
        D629  4 0.1085 0.1001 0.3698 0.0384 0.2049 0.0441 0.1343 
        D630  4 0.2616 0.1757 0.1964 0.0665 0.1586 0.0632 0.0779 
        D631  4 0.0331 0.8081 0.0315 0.0281 0.0270 0.0493 0.0229 
        D632  4 0.0409 0.1137 0.0391 0.0226 0.0566 0.0976 0.6295 
        D646  4 0.1063 0.1091 0.1160 0.0415 0.3101 0.0817 0.2352 
        D647  4 0.1182 0.1227 0.0640 0.0220 0.5038 0.0681 0.1012 
        D648  4 0.0665 0.6138 0.1699 0.0715 0.0196 0.0246 0.0341 
        D649  4 0.0490 0.1767 0.0686 0.0313 0.4157 0.0230 0.2357 
        D650  4 0.1149 0.1884 0.1794 0.1296 0.2111 0.0473 0.1293 
        D708  4 0.1070 0.3137 0.1387 0.2915 0.0522 0.0321 0.0647 
        D709  4 0.4879 0.0869 0.2154 0.0545 0.0455 0.0291 0.0808 
        D738  4 0.0464 0.0498 0.0493 0.5919 0.1008 0.0247 0.1370 
        D739  4 0.2589 0.1653 0.2968 0.0518 0.0411 0.0480 0.1381 
        D740  4 0.1865 0.1246 0.2403 0.2170 0.0336 0.0857 0.1124 
        D741  4 0.2829 0.0584 0.2077 0.0223 0.1690 0.1593 0.1005 
        D742  4 0.0913 0.1587 0.1357 0.1252 0.0532 0.3790 0.0569 
        D743  4 0.0496 0.4269 0.0451 0.0364 0.3661 0.0522 0.0237 
        D744  4 0.0777 0.7290 0.0474 0.0223 0.0569 0.0402 0.0264 
        D745  4 0.1668 0.0503 0.4267 0.0310 0.0438 0.0269 0.2545 
        D814  4 0.2169 0.1352 0.2518 0.0303 0.0676 0.2591 0.0391 
        D815  4 0.1514 0.4096 0.1251 0.0518 0.1787 0.0342 0.0492 
        D828  4 0.2475 0.1979 0.2830 0.1376 0.0189 0.0763 0.0388 
        D845  4 0.0338 0.0403 0.0380 0.0849 0.0361 0.7507 0.0162 
        D846  4 0.1294 0.4622 0.0866 0.0165 0.1386 0.1175 0.0491 
        D847  4 0.3091 0.1019 0.1568 0.1336 0.1447 0.0832 0.0707 
        D848  4 0.0533 0.0583 0.0351 0.0321 0.0209 0.2018 0.5984 
        D849  4 0.2309 0.0919 0.4137 0.0279 0.0674 0.0345 0.1337 
        D850  4 0.2572 0.0787 0.0838 0.1126 0.2063 0.1594 0.1020 
        D856  4 0.4906 0.0736 0.1810 0.0534 0.0660 0.0328 0.1026 
        D857  4 0.0527 0.0404 0.0831 0.0358 0.0138 0.0377 0.7366 
        D859  4 0.0454 0.7021 0.0735 0.0276 0.0770 0.0451 0.0293 
        D860  4 0.0516 0.0926 0.0254 0.5499 0.1015 0.1487 0.0302 
        D883  4 0.0839 0.1171 0.1554 0.1113 0.3006 0.0550 0.1768 
        D884  4 0.1301 0.1915 0.2518 0.0996 0.1378 0.0302 0.1589 
        D885  4 0.1213 0.1295 0.3912 0.0372 0.1157 0.1508 0.0542 
        D886  4 0.2291 0.0771 0.1560 0.0415 0.2029 0.0630 0.2305 
        D887  4 0.1430 0.2073 0.1239 0.0869 0.1313 0.2142 0.0934 
        D889  4 0.4846 0.0982 0.1689 0.0321 0.0511 0.1444 0.0206 
        D890  4 0.0987 0.2045 0.3110 0.1164 0.0558 0.0544 0.1593 
        D891  4 0.0355 0.0202 0.0638 0.0177 0.0201 0.8278 0.0149 
        D899  4 0.0621 0.1271 0.0675 0.1101 0.0485 0.5575 0.0271 
        D900  4 0.3406 0.1432 0.1048 0.0903 0.1699 0.0772 0.0742 
        D970  4 0.1005 0.4649 0.0709 0.0643 0.1723 0.0652 0.0619 
        D971  4 0.1347 0.2165 0.0409 0.0932 0.0921 0.3644 0.0582 
        D979  4 0.0613 0.4012 0.0711 0.0467 0.3650 0.0330 0.0217 
        D093  5 0.0352 0.0367 0.0556 0.7551 0.0461 0.0385 0.0327 
        D154  5 0.1660 0.0770 0.3563 0.0737 0.0378 0.2491 0.0401 
        D168  5 0.1593 0.0590 0.3381 0.0237 0.1132 0.1984 0.1082 
        D189  5 0.1460 0.0647 0.1666 0.3888 0.0625 0.1402 0.0311 
        D190  5 0.0292 0.0691 0.0691 0.7304 0.0442 0.0276 0.0304 
     D237220  5 0.2242 0.1991 0.1592 0.1594 0.0462 0.0465 0.1653 
     D237221  5 0.0932 0.1144 0.1483 0.3230 0.0894 0.1746 0.0571 
     D237274  5 0.0954 0.1283 0.0541 0.0259 0.6058 0.0373 0.0532 
     D237275  5 0.1238 0.0261 0.0940 0.0327 0.0233 0.6729 0.0273 
     D237276  5 0.1089 0.0772 0.2543 0.2379 0.1516 0.0425 0.1275 
     D237277  5 0.0501 0.0620 0.1459 0.5775 0.0330 0.0918 0.0397 
     D237278  5 0.0954 0.1021 0.0742 0.2607 0.0560 0.2647 0.1470 
     D237279  5 0.2101 0.0624 0.1118 0.0302 0.0509 0.0434 0.4912 
     D237280  5 0.0629 0.0730 0.1326 0.0898 0.1612 0.0236 0.4568 
     D237281  5 0.0541 0.0286 0.0261 0.0299 0.0425 0.7992 0.0196 
     D237351  5 0.0433 0.0347 0.2825 0.0956 0.0296 0.0244 0.4900 
     D237352  5 0.0815 0.2395 0.1204 0.0628 0.1277 0.0541 0.3140 
     D237353  5 0.0230 0.0370 0.0726 0.7922 0.0211 0.0257 0.0284 
     D237359  5 0.2608 0.1633 0.2729 0.0931 0.0599 0.0579 0.0921 
     D237361  5 0.0390 0.0251 0.0320 0.8294 0.0281 0.0243 0.0221 
     D237362  5 0.0967 0.0650 0.4341 0.1263 0.1693 0.0575 0.0512 
     D237363  5 0.5023 0.0373 0.1367 0.0762 0.0593 0.1367 0.0514 
     D237364  5 0.1268 0.2187 0.2919 0.0179 0.1178 0.1380 0.0888 
     D237376  5 0.1462 0.2796 0.2725 0.1967 0.0202 0.0517 0.0330 
     D237377  5 0.0961 0.0673 0.1656 0.1307 0.1879 0.0455 0.3069 
     D237378  5 0.0518 0.1596 0.1166 0.5312 0.0295 0.0732 0.0382 
     D237379  5 0.1266 0.4025 0.1119 0.2414 0.0377 0.0450 0.0349 
     D237380  5 0.0388 0.1124 0.1073 0.0552 0.0296 0.0160 0.6408 
     D237381  5 0.0883 0.1153 0.0610 0.0774 0.0618 0.0678 0.5285 
     D237391  5 0.0295 0.0311 0.0473 0.7764 0.0437 0.0346 0.0374 
     D237392  5 0.1134 0.0753 0.1038 0.0343 0.4259 0.1745 0.0728 
     D237393  5 0.0598 0.0527 0.0435 0.2609 0.4080 0.0712 0.1039 
     D237394  5 0.0215 0.0301 0.0481 0.8308 0.0313 0.0147 0.0234 
     D237395  5 0.1638 0.0347 0.3483 0.2401 0.0477 0.0846 0.0807 
     D237396  5 0.0785 0.0587 0.0325 0.2354 0.3578 0.0843 0.1527 
     D244016  5 0.1668 0.1917 0.2716 0.2170 0.0336 0.0865 0.0329 
     D244018  5 0.0620 0.0555 0.0712 0.2594 0.1062 0.3621 0.0835 
     D244019  5 0.2375 0.0763 0.3445 0.0730 0.1335 0.1079 0.0272 
        D279  5 0.0989 0.1909 0.3528 0.0874 0.0502 0.1646 0.0552 
        D280  5 0.2395 0.0382 0.1378 0.2436 0.1513 0.1315 0.0582 
        D281  5 0.1185 0.0493 0.0737 0.0879 0.0375 0.6134 0.0196 
        D283  5 0.0672 0.0413 0.0554 0.5326 0.1858 0.0890 0.0287 
        D284  5 0.3602 0.0519 0.3133 0.0369 0.0757 0.0576 0.1043 
        D285  5 0.1202 0.0971 0.0818 0.4878 0.1135 0.0597 0.0399 
        D286  5 0.1664 0.2056 0.2288 0.1934 0.1106 0.0481 0.0471 
        D287  5 0.2148 0.2027 0.2868 0.1903 0.0236 0.0321 0.0497 
        D288  5 0.1702 0.0383 0.2097 0.1198 0.2339 0.1956 0.0326 
        D308  5 0.0489 0.0237 0.0557 0.0506 0.0931 0.0265 0.7015 
        D309  5 0.0476 0.8042 0.0261 0.0218 0.0409 0.0158 0.0435 
        D310  5 0.1092 0.0278 0.0323 0.7733 0.0237 0.0180 0.0158 
        D311  5 0.1802 0.1971 0.2688 0.1175 0.1676 0.0326 0.0361 
        D312  5 0.1221 0.2300 0.1810 0.2196 0.1124 0.0523 0.0827 
        D313  5 0.0253 0.0118 0.0232 0.0402 0.0164 0.0137 0.8693 
        D314  5 0.1172 0.1227 0.5116 0.0671 0.0366 0.0894 0.0553 
        D315  5 0.1155 0.0658 0.1039 0.3154 0.2587 0.0496 0.0909 
        D317  5 0.0320 0.0221 0.0343 0.8067 0.0636 0.0203 0.0211 
        D318  5 0.3247 0.1676 0.1282 0.0935 0.1269 0.0980 0.0611 
        D319  5 0.0470 0.0200 0.0357 0.8151 0.0329 0.0240 0.0254 
        D320  5 0.0522 0.0721 0.0601 0.7173 0.0392 0.0261 0.0330 
        D321  5 0.0513 0.0240 0.1101 0.1131 0.0762 0.0662 0.5591 
        D336  5 0.0961 0.0759 0.0660 0.7011 0.0260 0.0162 0.0186 
        D337  5 0.0302 0.0306 0.0246 0.8294 0.0315 0.0395 0.0142 
        D338  5 0.1433 0.1030 0.2115 0.1958 0.1981 0.0927 0.0557 
        D339  5 0.0622 0.0279 0.0685 0.6684 0.0494 0.0700 0.0536 
        D347  5 0.2571 0.1321 0.1493 0.0884 0.2207 0.1222 0.0301 
        D348  5 0.0524 0.1055 0.0273 0.7324 0.0324 0.0269 0.0231 
        D349  5 0.0335 0.0346 0.0980 0.0700 0.0357 0.0298 0.6984 
        D350  5 0.0295 0.8346 0.0376 0.0255 0.0256 0.0253 0.0219 
        D355  5 0.2168 0.1132 0.0644 0.0347 0.1177 0.4314 0.0218 
        D356  5 0.1323 0.0792 0.1004 0.3085 0.2457 0.0359 0.0980 
        D357  5 0.4027 0.1074 0.1694 0.1057 0.0722 0.0892 0.0532 
        D358  5 0.0946 0.1828 0.0693 0.4288 0.0531 0.0484 0.1231 
        D359  5 0.0705 0.1140 0.0397 0.5065 0.2160 0.0264 0.0269 
        D360  5 0.1458 0.0424 0.0788 0.5272 0.1187 0.0230 0.0641 
        D361  5 0.0324 0.0195 0.0451 0.0414 0.0452 0.0250 0.7914 
        D366  5 0.0324 0.0275 0.0365 0.0249 0.6512 0.1857 0.0417 
        D367  5 0.1223 0.1616 0.0838 0.5177 0.0332 0.0229 0.0584 
        D368  5 0.1489 0.0713 0.2391 0.2591 0.0978 0.0298 0.1541 
        D380  5 0.1243 0.4068 0.1877 0.0459 0.1128 0.0471 0.0755 
        D381  5 0.0697 0.0866 0.0314 0.6553 0.0614 0.0642 0.0314 
        D400  5 0.1574 0.2344 0.1262 0.2235 0.0819 0.1307 0.0459 
        D411  5 0.1381 0.0315 0.1132 0.0164 0.0281 0.0315 0.6410 
        D412  5 0.3242 0.0733 0.0688 0.1371 0.1209 0.1117 0.1640 
        D413  5 0.0797 0.0623 0.0875 0.0309 0.0989 0.6077 0.0330 
        D414  5 0.0575 0.6780 0.0933 0.0229 0.0337 0.0914 0.0232 
        D420  5 0.4958 0.0322 0.2337 0.0414 0.0355 0.0858 0.0757 
        D431  5 0.1249 0.1966 0.4671 0.0616 0.0218 0.0654 0.0625 
        D432  5 0.0826 0.0637 0.0418 0.5168 0.0829 0.0686 0.1436 
        D433  5 0.0581 0.0430 0.0664 0.6535 0.0852 0.0488 0.0450 
        D434  5 0.0849 0.0538 0.0551 0.5685 0.0942 0.0615 0.0820 
        D440  5 0.0331 0.8369 0.0323 0.0264 0.0216 0.0174 0.0323 
        D447  5 0.3729 0.1229 0.0561 0.0278 0.2640 0.0726 0.0836 
        D448  5 0.1558 0.0823 0.1473 0.4643 0.0776 0.0480 0.0247 
        D459  5 0.0416 0.0617 0.0320 0.0284 0.0744 0.7412 0.0207 
        D460  5 0.0453 0.0368 0.0652 0.0873 0.0767 0.0379 0.6509 
        D461  5 0.0265 0.7984 0.0345 0.0231 0.0782 0.0182 0.0211 
        D468  5 0.1550 0.0351 0.4413 0.1068 0.1597 0.0376 0.0645 
        D469  5 0.0988 0.0950 0.1657 0.0819 0.4344 0.0385 0.0857 
        D470  5 0.1240 0.1160 0.4989 0.0719 0.0854 0.0304 0.0733 
        D471  5 0.0730 0.0968 0.1639 0.4917 0.0726 0.0843 0.0176 
        D472  5 0.0291 0.0268 0.0240 0.0253 0.6997 0.1748 0.0203 
        D479  5 0.0713 0.2168 0.0684 0.0236 0.0361 0.5410 0.0427 
        D485  5 0.2500 0.3620 0.2307 0.0489 0.0293 0.0442 0.0349 
        D486  5 0.2692 0.0481 0.4043 0.0669 0.1085 0.0328 0.0703 
        D487  5 0.1040 0.3230 0.1060 0.2023 0.0434 0.1622 0.0592 
        D555  5 0.0371 0.0214 0.0298 0.7982 0.0314 0.0571 0.0250 
        D556  5 0.0785 0.2430 0.3966 0.0886 0.0458 0.0711 0.0762 
        D557  5 0.0333 0.0578 0.0375 0.7739 0.0342 0.0379 0.0254 
        D564  5 0.0804 0.4360 0.0495 0.2165 0.0457 0.0274 0.1444 
        D594  5 0.2353 0.1434 0.0963 0.0952 0.2335 0.1148 0.0815 
        D595  5 0.0958 0.0792 0.1124 0.3516 0.1815 0.1097 0.0696 
        D596  5 0.0266 0.0279 0.0419 0.7963 0.0307 0.0449 0.0317 
        D597  5 0.0464 0.1172 0.0598 0.3031 0.1113 0.3281 0.0341 
        D598  5 0.0678 0.1170 0.0886 0.4377 0.1035 0.0576 0.1280 
        D617  5 0.1341 0.0322 0.1706 0.0211 0.0452 0.1208 0.4760 
        D618  5 0.0439 0.1136 0.0774 0.5686 0.0736 0.0718 0.0510 
        D619  5 0.1034 0.0677 0.0644 0.1533 0.2251 0.0676 0.3185 
        D620  5 0.0246 0.0263 0.0314 0.0398 0.0634 0.7910 0.0235 
        D628  5 0.0719 0.6303 0.0914 0.0691 0.0377 0.0331 0.0666 
        D714  5 0.0891 0.3618 0.2065 0.1257 0.0223 0.1657 0.0288 
        D715  5 0.0338 0.0376 0.0867 0.6819 0.0605 0.0727 0.0268 
        D716  5 0.3193 0.1781 0.1915 0.0610 0.1071 0.1183 0.0247 
        D717  5 0.1137 0.1275 0.1136 0.2227 0.2643 0.0588 0.0995 
        D718  5 0.3898 0.0361 0.3460 0.0881 0.0280 0.0328 0.0791 
        D769  5 0.1929 0.0861 0.1554 0.0341 0.0465 0.0903 0.3947 
        D770  5 0.0926 0.3101 0.2565 0.0816 0.0431 0.1751 0.0410 
        D771  5 0.2550 0.0917 0.1710 0.0905 0.0665 0.2510 0.0742 
        D772  5 0.0462 0.5456 0.2186 0.0896 0.0265 0.0312 0.0423 
        D782  5 0.2324 0.0296 0.0997 0.0475 0.0460 0.2674 0.2774 
        D783  5 0.1189 0.3940 0.1062 0.1154 0.0239 0.2129 0.0287 
        D784  5 0.0879 0.3344 0.0693 0.1224 0.2805 0.0477 0.0578 
        D785  5 0.0368 0.1173 0.2190 0.5029 0.0319 0.0223 0.0699 
        D786  5 0.1130 0.1291 0.1004 0.0262 0.1840 0.0527 0.3946 
        D821  5 0.0217 0.0319 0.0408 0.8526 0.0209 0.0183 0.0139 
        D822  5 0.2383 0.1263 0.1190 0.1336 0.2403 0.1040 0.0384 
        D826  5 0.0878 0.0987 0.1447 0.3813 0.0788 0.1737 0.0349 
        D827  5 0.2502 0.1108 0.1302 0.0499 0.3339 0.0849 0.0401 
        D851  5 0.2953 0.0920 0.1348 0.1974 0.0907 0.0630 0.1268 
        D852  5 0.0389 0.5302 0.0594 0.1570 0.0288 0.1153 0.0705 
        D853  5 0.2087 0.0676 0.2172 0.2915 0.0906 0.0739 0.0504 
        D854  5 0.2581 0.0913 0.3414 0.0214 0.1104 0.1341 0.0433 
        D861  5 0.1877 0.0884 0.1802 0.1824 0.0723 0.1829 0.1062 
        D862  5 0.1404 0.0793 0.2470 0.1963 0.2635 0.0384 0.0352 
        D865  5 0.0578 0.0601 0.0758 0.6530 0.0335 0.0734 0.0465 
        D868  5 0.0435 0.0424 0.0478 0.0768 0.7197 0.0381 0.0319 
        D869  5 0.0701 0.0140 0.2085 0.0303 0.0490 0.0354 0.5927 
        D870  5 0.7005 0.0270 0.0882 0.0172 0.0594 0.0486 0.0591 
        D907  5 0.0962 0.0300 0.0467 0.7047 0.0344 0.0309 0.0571 
        D908  5 0.0479 0.2879 0.0706 0.2336 0.0359 0.2048 0.1193 
        D910  5 0.0847 0.0829 0.1190 0.3455 0.0912 0.2505 0.0261 
        D911  5 0.2289 0.0667 0.0419 0.0378 0.0821 0.5251 0.0174 
        D934  5 0.1054 0.2706 0.4061 0.0335 0.0372 0.1168 0.0302 
        D946  5 0.0817 0.5348 0.1708 0.0509 0.0212 0.0799 0.0607 
        D947  5 0.1834 0.2754 0.2511 0.0382 0.1535 0.0505 0.0479 
        D948  5 0.0247 0.0231 0.0484 0.1462 0.0495 0.0231 0.6849 
        D949  5 0.0310 0.0237 0.1146 0.0848 0.0608 0.0189 0.6664 
        D950  5 0.1494 0.0685 0.0486 0.0578 0.0926 0.5660 0.0171 
        D951  5 0.4016 0.0715 0.0724 0.0322 0.3153 0.0396 0.0674 
        D952  5 0.0646 0.0548 0.0498 0.1026 0.6465 0.0537 0.0280 
        D953  5 0.0647 0.0479 0.0643 0.6460 0.0874 0.0391 0.0506 
        D954  5 0.0813 0.0474 0.0771 0.3229 0.3979 0.0314 0.0421 
        D961  5 0.1917 0.2409 0.3860 0.0773 0.0274 0.0334 0.0434 
        D962  5 0.0508 0.4460 0.0707 0.3480 0.0453 0.0151 0.0242 
        D963  5 0.0733 0.2064 0.1065 0.2428 0.2883 0.0490 0.0337 
        D964  5 0.2790 0.1807 0.3123 0.0519 0.0457 0.0628 0.0676 
        D965  5 0.2002 0.4535 0.1122 0.0589 0.0489 0.0775 0.0489 
        D966  5 0.0803 0.2275 0.1404 0.2115 0.1565 0.1388 0.0450 
        D967  5 0.1327 0.0639 0.0901 0.2561 0.0438 0.2840 0.1295 
        D991  5 0.0840 0.4659 0.0990 0.1007 0.0723 0.0264 0.1517 
        D502  6 0.3678 0.0475 0.4594 0.0130 0.0203 0.0578 0.0342 
        D503  6 0.1019 0.0375 0.2540 0.0867 0.0300 0.2962 0.1937 
        D504  6 0.1054 0.2089 0.1032 0.1250 0.2652 0.0694 0.1229 
        D505  6 0.1486 0.1237 0.1663 0.2744 0.0931 0.1161 0.0778 
        D506  6 0.0402 0.0165 0.0394 0.8350 0.0330 0.0166 0.0193 
        D507  6 0.0784 0.5270 0.1146 0.0452 0.0550 0.0831 0.0968 
        D508  6 0.3747 0.1731 0.1421 0.0325 0.1505 0.0868 0.0405 
        D529  6 0.3058 0.0692 0.1696 0.1405 0.1364 0.0681 0.1105 
        D530  6 0.2408 0.1135 0.4040 0.0844 0.0303 0.0608 0.0662 
        D531  6 0.2125 0.1068 0.2092 0.0813 0.2698 0.0652 0.0551 
        D532  6 0.2539 0.0846 0.1399 0.1575 0.2170 0.0961 0.0510 
        D534  6 0.0553 0.0569 0.0381 0.0317 0.0547 0.0320 0.7314 
        D535  6 0.1776 0.0853 0.0867 0.3087 0.1772 0.0418 0.1226 
        D536  6 0.1289 0.0355 0.1022 0.0206 0.0381 0.6188 0.0559 
        D554  6 0.1945 0.1817 0.3062 0.1520 0.0477 0.0358 0.0820 
        D587  6 0.0537 0.0365 0.0414 0.7067 0.0805 0.0417 0.0395 
        D588  6 0.1822 0.0455 0.0602 0.4402 0.1414 0.0510 0.0796 
        D589  6 0.1850 0.0549 0.1374 0.1576 0.0488 0.3489 0.0674 
        D590  6 0.0746 0.0327 0.0337 0.0542 0.0724 0.6808 0.0517 
        D591  6 0.2307 0.0411 0.3624 0.1245 0.0446 0.1119 0.0849 
        D592  6 0.0491 0.0220 0.0258 0.0502 0.0552 0.0368 0.7610 
        D593  6 0.2110 0.1685 0.4448 0.0857 0.0199 0.0396 0.0305 
        D682  6 0.0392 0.0286 0.0318 0.8246 0.0270 0.0215 0.0272 
        D683  6 0.0974 0.0363 0.0757 0.2936 0.4267 0.0241 0.0462 
        D684  6 0.4006 0.0671 0.1139 0.0208 0.0466 0.1927 0.1584 
        D685  6 0.5794 0.0397 0.1896 0.0320 0.0202 0.1001 0.0390 
        D686  6 0.2920 0.0646 0.1850 0.2855 0.0773 0.0407 0.0549 
        D724  6 0.2584 0.1664 0.1832 0.0239 0.1652 0.0860 0.1169 
        D725  6 0.1751 0.1952 0.3253 0.0690 0.0365 0.1437 0.0552 
        D726  6 0.0312 0.0357 0.0503 0.7938 0.0412 0.0203 0.0275 
        D727  6 0.0988 0.0254 0.0441 0.0759 0.2498 0.4602 0.0459 
        D728  6 0.0857 0.1020 0.3138 0.3456 0.0598 0.0308 0.0622 
        D729  6 0.0895 0.0172 0.0326 0.0241 0.3051 0.2264 0.3050 
        D730  6 0.1545 0.2567 0.1885 0.0292 0.1491 0.0726 0.1495 
        D731  6 0.0204 0.0170 0.0280 0.7928 0.0146 0.1107 0.0164 
        D732  6 0.0764 0.5221 0.1270 0.0271 0.1528 0.0497 0.0448 
        D733  6 0.0961 0.5556 0.1056 0.0486 0.0498 0.0350 0.1094 
     D237251  7 0.1167 0.3124 0.2468 0.0436 0.0428 0.1952 0.0425 
     D237252  7 0.1740 0.0812 0.3594 0.0221 0.0468 0.1026 0.2139 
     D237253  7 0.3283 0.0497 0.1468 0.1567 0.0807 0.1988 0.0390 
     D237254  7 0.4028 0.0194 0.0427 0.0252 0.0305 0.0443 0.4351 
     D237255  7 0.0672 0.0381 0.0866 0.0409 0.0346 0.7124 0.0201 
     D237256  7 0.3394 0.1179 0.1564 0.0559 0.0682 0.2426 0.0196 
     D237257  7 0.5479 0.0504 0.2054 0.0226 0.0528 0.0512 0.0697 
