        D174  1 0.1193 0.0193 0.0197 0.4806 0.0591 0.0364 0.0932 0.0831 0.0893 
        D199  1 0.0320 0.0289 0.0847 0.1734 0.2008 0.2066 0.1054 0.0460 0.1223 
        D203  1 0.1363 0.0373 0.0956 0.0542 0.3128 0.1624 0.0599 0.0183 0.1232 
        D204  1 0.0278 0.0502 0.0165 0.0160 0.7915 0.0339 0.0183 0.0151 0.0308 
     D237366  1 0.0760 0.1056 0.0515 0.0641 0.0548 0.0553 0.4819 0.0199 0.0909 
     D237367  1 0.0616 0.0405 0.0233 0.0316 0.3193 0.0916 0.2540 0.0858 0.0922 
     D237368  1 0.0703 0.0445 0.0346 0.0923 0.1700 0.0827 0.3712 0.0368 0.0976 
     D244101  1 0.0345 0.4354 0.1088 0.0196 0.2040 0.0565 0.0200 0.0264 0.0948 
     D244102  1 0.1929 0.1521 0.1136 0.0574 0.0786 0.0620 0.1330 0.0811 0.1293 
     D244103  1 0.0620 0.0420 0.0263 0.0514 0.2590 0.0351 0.1961 0.0885 0.2395 
     D244104  1 0.0161 0.0173 0.0332 0.0578 0.5998 0.0294 0.0376 0.1841 0.0248 
     D244105  1 0.2578 0.0260 0.0563 0.0149 0.0627 0.0269 0.2853 0.0377 0.2322 
     D244106  1 0.0456 0.0190 0.0688 0.6473 0.0649 0.0650 0.0177 0.0170 0.0547 
     D244107  1 0.1187 0.0465 0.0230 0.0130 0.0610 0.1628 0.4039 0.0840 0.0870 
     D244108  1 0.3948 0.0315 0.0386 0.3056 0.0765 0.0462 0.0253 0.0383 0.0431 
     D244113  1 0.0311 0.1431 0.0195 0.5434 0.0142 0.0521 0.0344 0.1059 0.0563 
     D244114  1 0.0886 0.0439 0.1649 0.1081 0.0696 0.0463 0.0682 0.0268 0.3837 
     D244115  1 0.2111 0.0317 0.0381 0.2535 0.1637 0.0265 0.0462 0.0530 0.1761 
     D267365  1 0.0314 0.0371 0.1335 0.1959 0.3487 0.0319 0.1058 0.0506 0.0651 
        D404  1 0.1030 0.1848 0.0258 0.4848 0.0279 0.0480 0.0184 0.0366 0.0709 
        D405  1 0.1288 0.1176 0.0679 0.1082 0.1411 0.1394 0.0648 0.0920 0.1403 
        D406  1 0.4214 0.0306 0.0160 0.0308 0.0515 0.0146 0.3867 0.0145 0.0338 
        D407  1 0.0176 0.0154 0.0151 0.0279 0.5157 0.1022 0.1981 0.0512 0.0568 
        D408  1 0.0269 0.0371 0.0866 0.4045 0.0508 0.0178 0.0278 0.2765 0.0720 
        D409  1 0.0383 0.0261 0.0316 0.0341 0.2499 0.0337 0.1120 0.0308 0.4435 
        D410  1 0.7782 0.0242 0.0130 0.0237 0.0663 0.0096 0.0200 0.0389 0.0259 
        D421  1 0.0074 0.0089 0.0123 0.0154 0.8823 0.0255 0.0184 0.0176 0.0121 
        D422  1 0.1117 0.0115 0.0282 0.0119 0.0754 0.0177 0.6854 0.0205 0.0376 
        D423  1 0.6856 0.0163 0.0125 0.0156 0.0663 0.0650 0.0814 0.0221 0.0352 
        D424  1 0.0257 0.0187 0.0130 0.0362 0.6554 0.0172 0.1166 0.0388 0.0785 
        D425  1 0.0859 0.0317 0.0407 0.1274 0.4003 0.0202 0.0611 0.0518 0.1809 
        D426  1 0.0095 0.0127 0.0823 0.0236 0.2155 0.0289 0.1230 0.0705 0.4340 
        D427  1 0.0113 0.0112 0.0261 0.1550 0.2490 0.4356 0.0428 0.0445 0.0245 
        D428  1 0.0567 0.1068 0.0345 0.2021 0.3020 0.0495 0.1080 0.0722 0.0683 
        D429  1 0.0348 0.0251 0.0754 0.2296 0.4442 0.0368 0.0539 0.0293 0.0709 
        D430  1 0.0773 0.0310 0.1774 0.1215 0.0745 0.0717 0.0494 0.0472 0.3501 
        D491  1 0.0259 0.0215 0.0403 0.6600 0.0608 0.0114 0.0194 0.1195 0.0412 
        D492  1 0.1192 0.0583 0.0247 0.1781 0.2516 0.0802 0.1485 0.0247 0.1146 
        D537  1 0.0829 0.0761 0.0146 0.0254 0.5820 0.0308 0.0682 0.0551 0.0649 
        D538  1 0.2136 0.0606 0.0366 0.1284 0.0704 0.1026 0.1152 0.0264 0.2463 
        D539  1 0.1209 0.0785 0.3846 0.1173 0.0286 0.0411 0.0468 0.0750 0.1071 
        D540  1 0.0435 0.0161 0.0543 0.0384 0.1909 0.0278 0.0824 0.3273 0.2193 
        D541  1 0.0145 0.0103 0.0151 0.0106 0.8947 0.0124 0.0113 0.0159 0.0152 
        D551  1 0.0301 0.0222 0.2107 0.0410 0.1037 0.1778 0.1259 0.0494 0.2392 
        D552  1 0.1617 0.0459 0.0750 0.1893 0.1468 0.0293 0.0744 0.2102 0.0675 
        D553  1 0.0104 0.0128 0.0139 0.0142 0.8618 0.0114 0.0193 0.0407 0.0155 
        D615  1 0.1108 0.0259 0.0636 0.0683 0.4405 0.0739 0.0402 0.0854 0.0915 
        D616  1 0.1738 0.0182 0.0548 0.0682 0.3040 0.1165 0.0928 0.0500 0.1217 
        D621  1 0.2942 0.3197 0.0352 0.0640 0.0178 0.0234 0.1311 0.0776 0.0371 
        D622  1 0.3752 0.0350 0.0368 0.0378 0.0394 0.0170 0.3215 0.0588 0.0784 
        D623  1 0.0843 0.3238 0.0260 0.2878 0.0212 0.1500 0.0206 0.0300 0.0563 
        D624  1 0.0184 0.0109 0.0228 0.7529 0.0475 0.0127 0.0276 0.0681 0.0392 
        D625  1 0.0585 0.0376 0.0258 0.0863 0.6145 0.0187 0.0581 0.0354 0.0651 
        D626  1 0.0613 0.0329 0.0460 0.2236 0.0671 0.0310 0.1393 0.3475 0.0514 
        D627  1 0.0212 0.0206 0.1733 0.0258 0.1988 0.0202 0.1535 0.0191 0.3674 
        D690  1 0.0258 0.0162 0.0113 0.0619 0.7716 0.0101 0.0537 0.0253 0.0241 
        D691  1 0.3897 0.0127 0.0207 0.0329 0.0723 0.0146 0.4023 0.0252 0.0296 
        D710  1 0.0460 0.0982 0.0363 0.1474 0.2554 0.0432 0.1620 0.0983 0.1132 
        D711  1 0.0356 0.0362 0.0200 0.0329 0.7669 0.0202 0.0455 0.0110 0.0317 
        D712  1 0.0330 0.0491 0.0728 0.5596 0.0287 0.0431 0.0855 0.0828 0.0454 
        D713  1 0.1055 0.2602 0.0258 0.1815 0.1582 0.0240 0.0648 0.0443 0.1359 
        D746  1 0.2621 0.0148 0.0156 0.0208 0.0788 0.0288 0.5088 0.0481 0.0220 
        D747  1 0.0118 0.0204 0.0185 0.0093 0.8874 0.0177 0.0122 0.0122 0.0106 
        D748  1 0.2984 0.0603 0.0245 0.0303 0.3096 0.0148 0.1426 0.0372 0.0822 
        D749  1 0.2693 0.0845 0.0424 0.1192 0.0264 0.0437 0.1742 0.0198 0.2205 
        D750  1 0.0520 0.0416 0.0186 0.6737 0.0885 0.0183 0.0366 0.0321 0.0387 
        D763  1 0.0300 0.1902 0.2216 0.0180 0.0887 0.0869 0.0810 0.1711 0.1124 
        D764  1 0.0522 0.0133 0.0173 0.2205 0.5305 0.0172 0.0510 0.0547 0.0434 
        D765  1 0.6231 0.0150 0.0274 0.1021 0.0341 0.0183 0.0749 0.0390 0.0661 
        D766  1 0.4339 0.1186 0.0156 0.0409 0.1156 0.0225 0.0629 0.1392 0.0508 
        D767  1 0.1875 0.2921 0.0391 0.0296 0.0912 0.0968 0.1446 0.0237 0.0955 
        D768  1 0.0129 0.0098 0.0128 0.0110 0.8931 0.0132 0.0178 0.0127 0.0166 
        D811  1 0.1511 0.0266 0.0282 0.1263 0.0206 0.0208 0.0262 0.4612 0.1389 
        D816  1 0.0161 0.0170 0.0125 0.0238 0.8620 0.0123 0.0230 0.0146 0.0187 
        D825  1 0.2961 0.0290 0.0262 0.2303 0.1162 0.0173 0.0491 0.1037 0.1321 
        D866  1 0.0694 0.0140 0.3968 0.1901 0.0381 0.1133 0.0280 0.0768 0.0736 
        D867  1 0.0647 0.0742 0.0161 0.0181 0.0188 0.0465 0.6863 0.0277 0.0476 
        D871  1 0.0236 0.0238 0.0447 0.0421 0.2898 0.0182 0.0950 0.0393 0.4236 
        D872  1 0.3369 0.0472 0.0314 0.0436 0.2878 0.0568 0.0907 0.0322 0.0734 
        D873  1 0.8320 0.0321 0.0087 0.0148 0.0082 0.0199 0.0231 0.0402 0.0211 
        D874  1 0.0163 0.7139 0.0377 0.0788 0.0674 0.0138 0.0147 0.0311 0.0264 
        D875  1 0.1100 0.0173 0.0197 0.0167 0.2282 0.0162 0.1198 0.0193 0.4529 
        D876  1 0.0713 0.0898 0.0521 0.0955 0.4852 0.0199 0.0572 0.0571 0.0720 
        D877  1 0.0500 0.2168 0.0196 0.3842 0.0376 0.0432 0.0152 0.0524 0.1809 
        D892  1 0.1544 0.0361 0.0352 0.2033 0.3019 0.0189 0.1471 0.0153 0.0878 
        D893  1 0.0343 0.0359 0.0581 0.0159 0.6270 0.0308 0.0659 0.0536 0.0785 
        D894  1 0.0288 0.0202 0.0489 0.0721 0.6285 0.0264 0.0537 0.0317 0.0897 
        D915  1 0.1661 0.0220 0.0323 0.0342 0.5555 0.0264 0.0673 0.0442 0.0520 
        D916  1 0.0183 0.0108 0.0100 0.0157 0.8934 0.0109 0.0129 0.0121 0.0157 
        D917  1 0.0258 0.1415 0.0748 0.2868 0.1201 0.0704 0.0706 0.0652 0.1447 
        D925  1 0.3381 0.0141 0.0257 0.0989 0.1552 0.0182 0.0477 0.2811 0.0211 
        D926  1 0.0571 0.0693 0.0442 0.0787 0.4662 0.0217 0.0601 0.0289 0.1736 
        D927  1 0.0262 0.0376 0.1395 0.0504 0.2283 0.2646 0.0955 0.0307 0.1270 
        D928  1 0.0227 0.0152 0.0117 0.8313 0.0592 0.0148 0.0101 0.0171 0.0179 
        D929  1 0.0337 0.6100 0.0275 0.0495 0.0329 0.0196 0.1321 0.0224 0.0723 
        D936  1 0.0421 0.1261 0.1181 0.0373 0.5335 0.0398 0.0225 0.0240 0.0566 
        D938  1 0.4044 0.0444 0.0227 0.0194 0.0279 0.0162 0.3987 0.0475 0.0189 
        D956  1 0.0605 0.0332 0.0340 0.6864 0.0259 0.0297 0.0195 0.0410 0.0699 
        D957  1 0.6695 0.0455 0.0229 0.0285 0.1115 0.0289 0.0357 0.0132 0.0442 
        D958  1 0.4782 0.0661 0.0178 0.0937 0.1777 0.0198 0.0536 0.0351 0.0581 
        D959  1 0.0283 0.0136 0.0120 0.0253 0.5326 0.0823 0.2150 0.0306 0.0602 
        D960  1 0.4901 0.0315 0.0146 0.0359 0.0245 0.0173 0.3223 0.0125 0.0514 
        D989  1 0.0242 0.0193 0.0920 0.5833 0.0389 0.0908 0.0472 0.0428 0.0615 
        D990  1 0.5316 0.0143 0.1269 0.0629 0.0148 0.0298 0.0521 0.1276 0.0399 
        D023  2 0.0100 0.0144 0.0106 0.0123 0.0293 0.0161 0.8744 0.0203 0.0126 
        D130  2 0.3304 0.0209 0.0169 0.0136 0.0875 0.0356 0.4374 0.0184 0.0392 
        D131  2 0.0646 0.0392 0.0849 0.0331 0.2542 0.0437 0.0322 0.1768 0.2712 
        D163  2 0.1048 0.0270 0.0341 0.0452 0.0984 0.0114 0.5959 0.0316 0.0517 
        D164  2 0.2950 0.0128 0.0095 0.0086 0.0097 0.5482 0.0155 0.0886 0.0123 
        D165  2 0.0120 0.0186 0.0215 0.0160 0.0205 0.0179 0.8435 0.0316 0.0184 
        D166  2 0.1350 0.1547 0.0706 0.0273 0.0468 0.0530 0.1069 0.0513 0.3544 
        D167  2 0.0156 0.0149 0.0153 0.0285 0.0117 0.8715 0.0111 0.0100 0.0214 
        D192  2 0.0130 0.0150 0.0173 0.0174 0.0068 0.8881 0.0114 0.0134 0.0176 
        D193  2 0.2638 0.1512 0.0708 0.2447 0.0234 0.0409 0.0354 0.0200 0.1497 
        D206  2 0.0284 0.0339 0.0339 0.0228 0.0836 0.3416 0.0923 0.2377 0.1258 
        D207  2 0.0248 0.0205 0.0425 0.0212 0.0341 0.7055 0.0238 0.0184 0.1091 
        D208  2 0.0339 0.0433 0.2215 0.1673 0.0403 0.0737 0.0613 0.2795 0.0793 
        D209  2 0.0378 0.1000 0.0430 0.0269 0.0318 0.4867 0.1088 0.0556 0.1094 
        D210  2 0.0286 0.0279 0.2270 0.4735 0.0585 0.0850 0.0241 0.0327 0.0427 
     D229599  2 0.0533 0.1438 0.2047 0.0715 0.1576 0.0395 0.1719 0.0574 0.1002 
     D229600  2 0.2563 0.0194 0.0228 0.0197 0.0288 0.3019 0.2650 0.0174 0.0686 
     D237227  2 0.1015 0.0199 0.0972 0.4813 0.0435 0.0462 0.0969 0.0508 0.0627 
     D237228  2 0.6011 0.0170 0.0482 0.1481 0.0134 0.0400 0.0171 0.0269 0.0882 
     D237258  2 0.1079 0.0800 0.1066 0.0686 0.0609 0.1887 0.1726 0.1055 0.1091 
     D237310  2 0.7730 0.0266 0.0210 0.0231 0.0105 0.0314 0.0195 0.0157 0.0791 
     D237311  2 0.7555 0.0167 0.0147 0.0183 0.0097 0.1175 0.0217 0.0201 0.0259 
     D237312  2 0.5964 0.0948 0.0225 0.0336 0.0171 0.0177 0.0745 0.0334 0.1100 
     D237313  2 0.0847 0.0558 0.0881 0.0616 0.1668 0.0171 0.0385 0.3704 0.1172 
     D237322  2 0.0834 0.1216 0.4300 0.0757 0.0174 0.0499 0.0399 0.0732 0.1090 
     D237323  2 0.7043 0.0216 0.0468 0.0934 0.0125 0.0151 0.0464 0.0198 0.0401 
     D237324  2 0.1130 0.0347 0.0972 0.0163 0.0780 0.2162 0.2015 0.0266 0.2165 
     D237325  2 0.6507 0.0479 0.0195 0.0465 0.0213 0.0413 0.0744 0.0220 0.0763 
     D237326  2 0.7706 0.0306 0.0195 0.0444 0.0429 0.0278 0.0212 0.0172 0.0258 
     D237327  2 0.0328 0.0723 0.3345 0.0315 0.0525 0.1273 0.1534 0.0320 0.1637 
     D237337  2 0.8200 0.0180 0.0155 0.0280 0.0170 0.0135 0.0230 0.0421 0.0230 
     D237338  2 0.2887 0.0996 0.0841 0.1057 0.0578 0.0717 0.1523 0.0405 0.0997 
     D237339  2 0.0283 0.5568 0.0257 0.0190 0.0435 0.2042 0.0212 0.0307 0.0706 
     D237340  2 0.5690 0.0441 0.0294 0.0975 0.0152 0.1218 0.0466 0.0217 0.0547 
     D237389  2 0.7499 0.0294 0.0171 0.0193 0.0131 0.0731 0.0331 0.0266 0.0384 
     D237390  2 0.6433 0.0639 0.0301 0.0435 0.0331 0.0158 0.0635 0.0363 0.0706 
     D244017  2 0.0422 0.0180 0.0548 0.2286 0.0259 0.4218 0.0746 0.0203 0.1139 
     D244112  2 0.0204 0.0135 0.0170 0.0167 0.0101 0.8625 0.0223 0.0126 0.0248 
     D244118  2 0.1101 0.0298 0.0192 0.0197 0.0097 0.6155 0.1609 0.0107 0.0244 
     D244119  2 0.0298 0.0096 0.0189 0.6015 0.0159 0.2769 0.0144 0.0142 0.0189 
     D244120  2 0.0992 0.0912 0.1420 0.0502 0.0136 0.4621 0.0263 0.0261 0.0893 
     D244122  2 0.0233 0.0326 0.0290 0.0329 0.0277 0.7127 0.0395 0.0552 0.0471 
        D291  2 0.0258 0.0180 0.3628 0.0165 0.0626 0.0482 0.1980 0.1399 0.1282 
        D292  2 0.0510 0.0284 0.2529 0.0631 0.2231 0.2342 0.0310 0.0535 0.0629 
        D293  2 0.0123 0.0706 0.0405 0.0137 0.1206 0.6665 0.0130 0.0149 0.0480 
        D322  2 0.0499 0.1345 0.0209 0.0182 0.1148 0.5472 0.0286 0.0269 0.0590 
        D323  2 0.0377 0.0778 0.0332 0.0287 0.0463 0.1130 0.0379 0.4802 0.1452 
        D324  2 0.1363 0.0228 0.2487 0.0494 0.1544 0.0476 0.1001 0.0926 0.1480 
        D325  2 0.0141 0.0191 0.0334 0.0087 0.0401 0.8211 0.0282 0.0131 0.0222 
        D326  2 0.0100 0.0130 0.0181 0.0224 0.8637 0.0150 0.0121 0.0192 0.0265 
        D340  2 0.0169 0.0155 0.0157 0.0124 0.0196 0.8825 0.0121 0.0117 0.0136 
        D341  2 0.0564 0.0379 0.0603 0.0280 0.0399 0.6293 0.0303 0.0705 0.0474 
        D342  2 0.0583 0.0166 0.1042 0.0175 0.0183 0.5535 0.0915 0.0688 0.0712 
        D343  2 0.0094 0.0111 0.0127 0.0077 0.0143 0.9143 0.0097 0.0079 0.0129 
        D344  2 0.0620 0.4757 0.0239 0.0215 0.1584 0.0328 0.0162 0.0244 0.1851 
        D345  2 0.1316 0.1472 0.0709 0.0335 0.0997 0.0427 0.0661 0.3326 0.0757 
        D346  2 0.0416 0.0419 0.0433 0.3023 0.0500 0.0641 0.0297 0.3662 0.0609 
        D351  2 0.0655 0.0741 0.1284 0.0216 0.2099 0.0516 0.1053 0.0705 0.2731 
        D352  2 0.0267 0.7621 0.0179 0.0420 0.0162 0.0227 0.0239 0.0251 0.0633 
        D353  2 0.0160 0.1099 0.0528 0.0133 0.2279 0.0282 0.0227 0.0230 0.5063 
        D354  2 0.0451 0.6848 0.0251 0.0492 0.0544 0.0113 0.0207 0.0538 0.0557 
        D362  2 0.0323 0.0171 0.0186 0.0298 0.6776 0.0315 0.1245 0.0412 0.0274 
        D363  2 0.0230 0.0167 0.0205 0.0366 0.7171 0.0176 0.0662 0.0786 0.0236 
        D364  2 0.0588 0.3121 0.0289 0.0386 0.3475 0.0227 0.0303 0.0883 0.0728 
        D365  2 0.0111 0.0179 0.0143 0.0147 0.0188 0.8890 0.0094 0.0117 0.0131 
        D369  2 0.0972 0.0177 0.0752 0.1345 0.2359 0.1138 0.0432 0.1772 0.1053 
        D374  2 0.0908 0.0368 0.0196 0.7046 0.0151 0.0176 0.0129 0.0255 0.0771 
        D375  2 0.0199 0.8545 0.0091 0.0164 0.0134 0.0105 0.0136 0.0199 0.0427 
        D376  2 0.0899 0.0644 0.0281 0.6724 0.0180 0.0215 0.0192 0.0277 0.0588 
        D377  2 0.1264 0.0612 0.0394 0.0377 0.0265 0.0496 0.0467 0.5141 0.0983 
        D378  2 0.0229 0.2187 0.0806 0.0248 0.1312 0.2450 0.1046 0.0836 0.0884 
        D379  2 0.0244 0.0361 0.0246 0.0206 0.7466 0.0198 0.0229 0.0722 0.0328 
        D384  2 0.0128 0.0112 0.0148 0.0311 0.8648 0.0122 0.0118 0.0279 0.0135 
        D385  2 0.0205 0.1240 0.0176 0.0290 0.0162 0.7296 0.0152 0.0271 0.0208 
        D386  2 0.0213 0.5178 0.0306 0.0178 0.0862 0.0842 0.0591 0.0707 0.1123 
        D391  2 0.0223 0.0734 0.0217 0.0150 0.0215 0.7768 0.0156 0.0240 0.0296 
        D392  2 0.0742 0.0226 0.0277 0.0440 0.0613 0.6368 0.0373 0.0404 0.0556 
        D393  2 0.0399 0.1756 0.1891 0.0185 0.2042 0.0749 0.0527 0.1885 0.0568 
        D394  2 0.1918 0.1658 0.0622 0.0526 0.0923 0.0857 0.1817 0.0287 0.1392 
        D395  2 0.0201 0.5408 0.0316 0.0183 0.0132 0.2882 0.0313 0.0130 0.0434 
        D401  2 0.7726 0.0110 0.0143 0.0323 0.0141 0.0293 0.0145 0.0698 0.0419 
        D402  2 0.0174 0.0549 0.0408 0.0139 0.0130 0.7844 0.0112 0.0447 0.0197 
        D403  2 0.0353 0.1058 0.0721 0.0208 0.2424 0.0333 0.0903 0.0379 0.3621 
        D415  2 0.1025 0.0228 0.0182 0.0165 0.6542 0.0256 0.0315 0.0205 0.1083 
        D435  2 0.0323 0.0434 0.0558 0.0169 0.5748 0.1811 0.0344 0.0252 0.0361 
        D436  2 0.0620 0.5085 0.0244 0.0637 0.1411 0.0286 0.0332 0.0212 0.1174 
        D438  2 0.0105 0.0121 0.0145 0.0152 0.0088 0.8921 0.0110 0.0211 0.0147 
        D439  2 0.0292 0.5323 0.0247 0.0164 0.0758 0.0579 0.0975 0.0619 0.1043 
        D449  2 0.0196 0.0175 0.0539 0.0272 0.1076 0.5567 0.0812 0.0304 0.1059 
        D450  2 0.0345 0.2293 0.0830 0.1533 0.1183 0.0223 0.0768 0.0787 0.2038 
        D456  2 0.0135 0.0121 0.0174 0.0158 0.8665 0.0112 0.0160 0.0270 0.0206 
        D462  2 0.0096 0.0780 0.0189 0.0103 0.0311 0.8042 0.0183 0.0122 0.0175 
        D463  2 0.0163 0.0195 0.0144 0.0255 0.8589 0.0123 0.0109 0.0267 0.0156 
        D464  2 0.0212 0.3262 0.0401 0.0364 0.0833 0.1008 0.0251 0.0282 0.3387 
        D465  2 0.1056 0.0217 0.0241 0.0199 0.1769 0.5302 0.0329 0.0480 0.0407 
        D473  2 0.0828 0.1377 0.0587 0.4481 0.0208 0.0417 0.0573 0.0828 0.0700 
        D474  2 0.0370 0.0269 0.1482 0.0440 0.4562 0.0606 0.0904 0.0945 0.0423 
        D476  2 0.0370 0.4521 0.0230 0.0131 0.0252 0.0475 0.3580 0.0143 0.0297 
        D477  2 0.0670 0.1829 0.0968 0.0421 0.2751 0.0240 0.0194 0.2121 0.0806 
        D478  2 0.0472 0.0666 0.0338 0.1250 0.0378 0.0508 0.4221 0.0380 0.1787 
        D480  2 0.0285 0.2374 0.1798 0.0999 0.1632 0.0868 0.0229 0.0948 0.0867 
        D481  2 0.0507 0.1573 0.0563 0.0909 0.2796 0.0737 0.1525 0.0624 0.0765 
        D482  2 0.0589 0.3051 0.2564 0.0488 0.0208 0.0207 0.0411 0.1074 0.1408 
        D483  2 0.0212 0.0129 0.0180 0.0487 0.0140 0.8344 0.0218 0.0110 0.0178 
        D484  2 0.0117 0.8752 0.0169 0.0173 0.0079 0.0147 0.0161 0.0171 0.0230 
        D510  2 0.0370 0.0395 0.0845 0.6900 0.0246 0.0228 0.0204 0.0223 0.0587 
        D511  2 0.0217 0.6474 0.0435 0.0147 0.0690 0.0678 0.0427 0.0485 0.0446 
        D512  2 0.5749 0.0240 0.0288 0.0125 0.0166 0.1883 0.0376 0.0477 0.0697 
        D513  2 0.0399 0.0252 0.0596 0.0458 0.0731 0.5782 0.0357 0.0785 0.0640 
        D635  2 0.0262 0.0153 0.0241 0.0267 0.1427 0.0392 0.5982 0.0812 0.0465 
        D636  2 0.0201 0.0135 0.0114 0.0163 0.0244 0.0188 0.8056 0.0737 0.0162 
        D637  2 0.0761 0.3645 0.0529 0.0691 0.0276 0.1307 0.0322 0.1343 0.1127 
        D658  2 0.0848 0.2246 0.0350 0.0916 0.0188 0.4639 0.0204 0.0186 0.0422 
        D659  2 0.0160 0.0296 0.0626 0.0324 0.7034 0.0203 0.0497 0.0301 0.0558 
        D677  2 0.1330 0.0603 0.0962 0.0224 0.2362 0.0642 0.1693 0.1107 0.1076 
        D678  2 0.0386 0.0253 0.0377 0.0162 0.0121 0.6525 0.0514 0.0498 0.1164 
        D679  2 0.0296 0.0452 0.0897 0.0391 0.2519 0.0413 0.0382 0.3639 0.1012 
        D719  2 0.0332 0.0362 0.0888 0.4401 0.1627 0.1498 0.0119 0.0366 0.0405 
        D720  2 0.0413 0.0164 0.0232 0.0707 0.7002 0.0382 0.0247 0.0533 0.0319 
        D721  2 0.0152 0.0239 0.0232 0.0267 0.0365 0.0500 0.7740 0.0281 0.0223 
        D722  2 0.2089 0.0557 0.0394 0.4209 0.0211 0.0682 0.0218 0.0633 0.1008 
        D734  2 0.0143 0.6388 0.0393 0.1777 0.0222 0.0510 0.0103 0.0203 0.0260 
        D735  2 0.0514 0.0482 0.0742 0.0553 0.1543 0.0617 0.0292 0.4149 0.1108 
        D736  2 0.0740 0.0440 0.2702 0.3193 0.0573 0.0510 0.0499 0.0517 0.0826 
        D737  2 0.0633 0.1492 0.1046 0.0354 0.0167 0.5025 0.0649 0.0178 0.0458 
        D807  2 0.1087 0.1029 0.1025 0.2250 0.1540 0.0548 0.0564 0.1177 0.0781 
        D808  2 0.3522 0.0426 0.0559 0.0288 0.0810 0.1097 0.0452 0.0361 0.2485 
        D817  2 0.0252 0.0534 0.0194 0.0214 0.1350 0.0170 0.0329 0.6336 0.0621 
        D818  2 0.0306 0.0437 0.1888 0.0225 0.0662 0.2197 0.1950 0.0314 0.2021 
        D819  2 0.0733 0.0182 0.0261 0.0272 0.1032 0.0243 0.0857 0.4938 0.1481 
        D820  2 0.0182 0.0538 0.0316 0.0222 0.7625 0.0441 0.0166 0.0117 0.0394 
        D895  2 0.0267 0.0516 0.0432 0.0408 0.3256 0.0399 0.1340 0.2019 0.1364 
        D896  2 0.8966 0.0104 0.0100 0.0168 0.0110 0.0137 0.0134 0.0156 0.0124 
        D897  2 0.0586 0.0327 0.0883 0.0234 0.0254 0.5929 0.0235 0.0666 0.0885 
        D898  2 0.1908 0.0605 0.1412 0.0479 0.0565 0.0343 0.0512 0.1820 0.2356 
        D918  2 0.2915 0.0925 0.0847 0.0472 0.0383 0.0786 0.0986 0.0625 0.2062 
        D919  2 0.0228 0.4257 0.0599 0.0239 0.1484 0.1076 0.0691 0.0171 0.1256 
        D920  2 0.1754 0.0390 0.0222 0.0599 0.0348 0.0319 0.5648 0.0253 0.0466 
        D923  2 0.0216 0.1047 0.0232 0.0235 0.6459 0.0249 0.0427 0.0355 0.0779 
        D930  2 0.0673 0.1624 0.0582 0.0947 0.1699 0.0328 0.0226 0.1841 0.2079 
        D931  2 0.0378 0.3193 0.0493 0.0412 0.2403 0.1405 0.0484 0.0491 0.0741 
        D968  2 0.0179 0.0219 0.0347 0.0139 0.0209 0.8329 0.0161 0.0194 0.0225 
        D969  2 0.0281 0.0331 0.3019 0.0554 0.1865 0.2068 0.0388 0.0357 0.1137 
        D977  2 0.0138 0.0269 0.0302 0.0168 0.0189 0.7811 0.0249 0.0254 0.0618 
        D978  2 0.0204 0.0223 0.3025 0.0257 0.0264 0.1092 0.0319 0.2725 0.1891 
        D211  3 0.0235 0.0360 0.0303 0.0206 0.0515 0.0190 0.6481 0.0702 0.1009 
     D229639  3 0.0223 0.0198 0.5878 0.0804 0.0618 0.0405 0.0290 0.0874 0.0709 
     D237212  3 0.0615 0.2426 0.1758 0.0226 0.0815 0.0665 0.0925 0.1471 0.1099 
     D237213  3 0.1773 0.0951 0.0400 0.0150 0.0377 0.0277 0.0885 0.4334 0.0852 
     D237214  3 0.0162 0.0129 0.0108 0.0207 0.0264 0.0132 0.8520 0.0102 0.0376 
     D237215  3 0.0521 0.0150 0.0790 0.1073 0.0123 0.6436 0.0187 0.0417 0.0303 
     D237216  3 0.0354 0.0343 0.1495 0.0307 0.0431 0.0364 0.1745 0.0915 0.4046 
     D237217  3 0.1543 0.0212 0.0658 0.0169 0.1440 0.0394 0.3199 0.0674 0.1711 
     D237218  3 0.0226 0.1224 0.5328 0.0379 0.0543 0.0404 0.0355 0.0512 0.1029 
     D237219  3 0.1450 0.0146 0.1228 0.0539 0.0298 0.0196 0.0744 0.4572 0.0828 
     D237382  3 0.2897 0.0397 0.0541 0.1133 0.1366 0.0837 0.0606 0.0458 0.1766 
     D244127  3 0.5757 0.0261 0.0506 0.0226 0.0148 0.0842 0.0484 0.0972 0.0804 
     D244129  3 0.2356 0.0782 0.0765 0.0462 0.1133 0.0762 0.1193 0.0875 0.1672 
     D244133  3 0.0252 0.0102 0.0262 0.0671 0.0571 0.0939 0.0397 0.6213 0.0593 
     D244134  3 0.0455 0.0194 0.3983 0.1012 0.0227 0.0190 0.0283 0.3337 0.0319 
     D244135  3 0.0178 0.0240 0.0178 0.0157 0.0348 0.0433 0.7651 0.0397 0.0418 
     D244136  3 0.0382 0.0295 0.0571 0.1375 0.1293 0.0750 0.0557 0.3830 0.0947 
        D416  3 0.0445 0.0361 0.0982 0.0308 0.0654 0.1653 0.0984 0.3349 0.1263 
        D417  3 0.0573 0.0357 0.0329 0.0210 0.7573 0.0149 0.0191 0.0191 0.0426 
        D419  3 0.1202 0.0268 0.2039 0.0475 0.1260 0.0696 0.0593 0.2476 0.0991 
        D565  3 0.0132 0.0139 0.0267 0.8119 0.0301 0.0116 0.0165 0.0545 0.0217 
        D566  3 0.0501 0.0190 0.2118 0.3120 0.0505 0.0465 0.0233 0.1977 0.0890 
        D567  3 0.0674 0.0548 0.0286 0.0266 0.5235 0.0373 0.0891 0.1082 0.0646 
        D568  3 0.1179 0.1782 0.1073 0.0174 0.1669 0.1101 0.1034 0.0608 0.1378 
        D569  3 0.0264 0.5765 0.0291 0.0498 0.0157 0.0700 0.0991 0.0309 0.1026 
        D573  3 0.0188 0.0335 0.3272 0.0247 0.1683 0.2496 0.0311 0.0287 0.1181 
        D574  3 0.0900 0.0351 0.1029 0.3493 0.0433 0.0456 0.0534 0.1444 0.1362 
        D575  3 0.0134 0.0136 0.0158 0.0194 0.0153 0.0179 0.0199 0.8694 0.0153 
        D576  3 0.0201 0.0261 0.0520 0.0328 0.0078 0.6549 0.0354 0.1078 0.0630 
        D577  3 0.0228 0.0567 0.0508 0.0287 0.5035 0.0277 0.0943 0.1513 0.0643 
        D578  3 0.0256 0.0093 0.0118 0.0129 0.0130 0.0177 0.8601 0.0137 0.0359 
        D579  3 0.0450 0.0929 0.1643 0.1883 0.1447 0.0776 0.0537 0.1528 0.0806 
        D660  3 0.0504 0.0281 0.0450 0.0152 0.0161 0.5348 0.0691 0.1347 0.1067 
        D661  3 0.0447 0.0565 0.4269 0.0206 0.0295 0.2407 0.0558 0.0407 0.0846 
        D663  3 0.0154 0.0415 0.5233 0.0193 0.0505 0.0693 0.0456 0.0469 0.1882 
        D664  3 0.1073 0.0306 0.0465 0.0751 0.0188 0.1385 0.1425 0.3008 0.1399 
        D665  3 0.0761 0.0795 0.0530 0.0117 0.0158 0.0306 0.2177 0.2162 0.2993 
        D666  3 0.0722 0.0166 0.0315 0.0364 0.0461 0.0194 0.0323 0.7055 0.0400 
        D009  4 0.1273 0.1447 0.0590 0.0377 0.1245 0.0341 0.2879 0.0479 0.1369 
        D057  4 0.0315 0.3803 0.1249 0.0259 0.0449 0.1384 0.1953 0.0127 0.0461 
        D109  4 0.3082 0.0308 0.0334 0.0512 0.0440 0.0187 0.0854 0.2133 0.2151 
     D237222  4 0.0878 0.0374 0.0296 0.1487 0.0346 0.0334 0.5626 0.0163 0.0496 
     D237223  4 0.3693 0.0705 0.0546 0.1104 0.0333 0.0823 0.0864 0.0286 0.1644 
     D237224  4 0.0266 0.1662 0.2597 0.0284 0.1211 0.1395 0.0536 0.1220 0.0828 
     D237225  4 0.0708 0.0635 0.1015 0.0531 0.1570 0.0320 0.1711 0.0971 0.2538 
     D237299  4 0.2388 0.0242 0.1720 0.0230 0.0325 0.0184 0.0324 0.0254 0.4333 
     D237300  4 0.0201 0.0168 0.6738 0.0282 0.0153 0.0270 0.0160 0.1714 0.0314 
     D237306  4 0.1730 0.0397 0.0272 0.5761 0.0619 0.0219 0.0231 0.0133 0.0638 
     D237307  4 0.0360 0.0139 0.0948 0.1577 0.3550 0.0657 0.0659 0.1402 0.0707 
     D237308  4 0.0807 0.2115 0.0328 0.0780 0.0317 0.4263 0.0437 0.0509 0.0445 
     D237309  4 0.0946 0.1166 0.0660 0.0328 0.1745 0.0636 0.2329 0.0772 0.1417 
     D237317  4 0.0334 0.0402 0.0501 0.4054 0.1455 0.0410 0.0896 0.0987 0.0962 
     D237318  4 0.0167 0.0145 0.7174 0.0217 0.0306 0.0584 0.0201 0.0457 0.0750 
     D237319  4 0.3626 0.0327 0.0852 0.0322 0.0724 0.0407 0.1127 0.0325 0.2290 
     D237320  4 0.3672 0.0305 0.1188 0.0306 0.0639 0.0800 0.1322 0.0235 0.1533 
     D237321  4 0.0453 0.0220 0.4613 0.0406 0.0567 0.1002 0.0482 0.1493 0.0763 
     D237397  4 0.1519 0.0296 0.2119 0.2344 0.0548 0.0844 0.0685 0.0448 0.1197 
     D237398  4 0.0280 0.0478 0.6339 0.0155 0.0638 0.0372 0.0288 0.0480 0.0968 
     D237399  4 0.0779 0.0424 0.3489 0.1736 0.0731 0.0421 0.1480 0.0311 0.0629 
     D244001  4 0.1450 0.0903 0.0529 0.0356 0.0321 0.1628 0.3880 0.0228 0.0707 
        D289  4 0.0453 0.1945 0.1142 0.3047 0.0737 0.0882 0.0798 0.0269 0.0728 
        D290  4 0.1229 0.0623 0.3044 0.0301 0.0855 0.0351 0.0647 0.0234 0.2716 
        D294  4 0.0279 0.2324 0.1330 0.0432 0.1199 0.0397 0.1569 0.0414 0.2056 
        D295  4 0.1301 0.0926 0.0657 0.0468 0.3065 0.0226 0.0527 0.1764 0.1065 
        D301  4 0.2659 0.0259 0.1294 0.0321 0.0188 0.0401 0.3895 0.0548 0.0435 
        D302  4 0.0147 0.8197 0.0175 0.0122 0.0513 0.0105 0.0252 0.0195 0.0295 
        D303  4 0.0797 0.0746 0.0440 0.5848 0.0319 0.0461 0.0357 0.0518 0.0514 
        D304  4 0.0334 0.0272 0.4827 0.0644 0.0870 0.0331 0.0502 0.0449 0.1772 
        D305  4 0.0283 0.4288 0.0447 0.0107 0.0227 0.0887 0.0477 0.0258 0.3026 
        D306  4 0.0741 0.0361 0.1129 0.0672 0.0540 0.0197 0.0674 0.0206 0.5480 
        D307  4 0.0484 0.0371 0.0460 0.0632 0.0158 0.0236 0.7112 0.0273 0.0274 
        D327  4 0.0202 0.0297 0.0429 0.0624 0.5900 0.0446 0.0303 0.0618 0.1183 
        D328  4 0.0677 0.5821 0.0257 0.1619 0.0183 0.0262 0.0320 0.0318 0.0542 
        D329  4 0.0665 0.1882 0.1643 0.0396 0.0733 0.1726 0.1155 0.0302 0.1497 
        D330  4 0.1754 0.0865 0.0176 0.0227 0.2608 0.0787 0.1415 0.0470 0.1698 
        D331  4 0.0749 0.0400 0.3409 0.0639 0.1544 0.0368 0.0572 0.0899 0.1420 
        D333  4 0.0855 0.2477 0.1395 0.1143 0.0793 0.0855 0.0795 0.0664 0.1024 
        D334  4 0.0297 0.0441 0.0735 0.6193 0.0683 0.0155 0.0752 0.0354 0.0390 
        D335  4 0.0333 0.6303 0.0235 0.0289 0.1211 0.0475 0.0335 0.0428 0.0392 
        D370  4 0.3923 0.0983 0.0417 0.1366 0.0448 0.0567 0.0347 0.0959 0.0989 
        D371  4 0.0225 0.0155 0.0222 0.7235 0.0864 0.0284 0.0136 0.0484 0.0394 
        D372  4 0.0296 0.0161 0.7713 0.0187 0.0092 0.0379 0.0142 0.0451 0.0579 
        D373  4 0.0202 0.0416 0.0627 0.0167 0.0256 0.0714 0.6765 0.0543 0.0309 
        D455  4 0.0400 0.0563 0.0416 0.0258 0.0276 0.0269 0.7415 0.0174 0.0230 
        D490  4 0.0756 0.0245 0.0181 0.0174 0.0209 0.0091 0.8002 0.0152 0.0190 
        D497  4 0.1146 0.0541 0.0252 0.0151 0.0115 0.0141 0.6883 0.0408 0.0365 
        D498  4 0.2203 0.0446 0.2488 0.0929 0.0519 0.0508 0.0495 0.0938 0.1474 
        D499  4 0.0757 0.1376 0.1213 0.1178 0.0205 0.1760 0.0131 0.1412 0.1967 
        D514  4 0.0561 0.1215 0.0486 0.0157 0.3008 0.0287 0.0885 0.1069 0.2331 
        D515  4 0.4501 0.0602 0.0196 0.0285 0.0397 0.0275 0.0938 0.0266 0.2540 
        D516  4 0.1608 0.0209 0.0662 0.0478 0.0999 0.0574 0.0738 0.3644 0.1088 
        D517  4 0.0426 0.0228 0.0664 0.0201 0.0598 0.0542 0.6389 0.0210 0.0741 
        D518  4 0.0555 0.5876 0.0325 0.0660 0.0385 0.0441 0.1105 0.0117 0.0536 
        D519  4 0.4193 0.0218 0.0866 0.0240 0.0543 0.0383 0.0958 0.0329 0.2270 
        D560  4 0.3311 0.0405 0.1613 0.0171 0.0717 0.0486 0.0475 0.0192 0.2631 
        D561  4 0.0691 0.0504 0.0135 0.0163 0.2258 0.0560 0.2011 0.0155 0.3523 
        D562  4 0.0409 0.1164 0.0719 0.0645 0.0423 0.0624 0.4059 0.0242 0.1714 
        D563  4 0.0583 0.1618 0.0670 0.0189 0.0262 0.4125 0.0765 0.0776 0.1012 
        D572  4 0.0228 0.6938 0.0234 0.0350 0.0452 0.0343 0.0801 0.0181 0.0472 
        D629  4 0.0241 0.0615 0.0548 0.0200 0.1513 0.0231 0.3113 0.3034 0.0507 
        D630  4 0.0844 0.1337 0.1070 0.0715 0.0960 0.0333 0.3031 0.0313 0.1398 
        D631  4 0.0204 0.7007 0.0488 0.0181 0.0237 0.1013 0.0269 0.0143 0.0457 
        D632  4 0.2289 0.2458 0.0176 0.0159 0.0460 0.1501 0.1696 0.0802 0.0459 
        D646  4 0.4085 0.0281 0.0537 0.0295 0.2112 0.0467 0.0475 0.0205 0.1545 
        D647  4 0.2558 0.0608 0.0484 0.0136 0.4027 0.0438 0.0794 0.0163 0.0790 
        D648  4 0.0227 0.7108 0.0162 0.0707 0.0124 0.0264 0.0247 0.0484 0.0678 
        D649  4 0.1856 0.2452 0.0321 0.0183 0.2777 0.0179 0.0423 0.1272 0.0536 
        D650  4 0.1061 0.1244 0.1150 0.0938 0.2407 0.0335 0.0868 0.0980 0.1018 
        D708  4 0.0452 0.2341 0.1226 0.1814 0.0458 0.0298 0.0479 0.1358 0.1574 
        D709  4 0.3341 0.0752 0.0579 0.0350 0.0427 0.0431 0.0287 0.1107 0.2725 
        D738  4 0.1830 0.0313 0.0542 0.5146 0.0885 0.0145 0.0511 0.0202 0.0426 
        D739  4 0.0651 0.1062 0.0837 0.0393 0.0230 0.0288 0.4699 0.0368 0.1472 
        D740  4 0.1227 0.0633 0.2316 0.1460 0.0262 0.0678 0.0752 0.1093 0.1581 
        D741  4 0.2290 0.0331 0.0430 0.0184 0.2148 0.0995 0.0535 0.0269 0.2818 
        D742  4 0.0420 0.0884 0.1446 0.1037 0.0391 0.3274 0.0975 0.0345 0.1228 
        D743  4 0.0193 0.2879 0.0507 0.0237 0.4784 0.0447 0.0261 0.0277 0.0415 
        D744  4 0.0188 0.8013 0.0220 0.0135 0.0280 0.0359 0.0226 0.0308 0.0271 
        D745  4 0.4170 0.0293 0.0396 0.0243 0.0309 0.0185 0.1849 0.0378 0.2177 
        D814  4 0.0151 0.0714 0.1326 0.0289 0.0339 0.2390 0.1502 0.0269 0.3020 
        D815  4 0.0842 0.4857 0.0578 0.0309 0.1294 0.0333 0.0345 0.0521 0.0920 
        D828  4 0.1037 0.2166 0.1079 0.1301 0.0145 0.1128 0.0474 0.0642 0.2028 
        D845  4 0.0109 0.0267 0.8115 0.0348 0.0157 0.0275 0.0174 0.0285 0.0270 
        D846  4 0.0184 0.3073 0.0552 0.0096 0.0983 0.1519 0.2222 0.0320 0.1050 
        D847  4 0.0441 0.0418 0.2023 0.0843 0.0892 0.0488 0.3484 0.0312 0.1100 
        D848  4 0.0163 0.0314 0.1092 0.0180 0.0142 0.0581 0.7097 0.0169 0.0262 
        D849  4 0.1338 0.0587 0.0451 0.0197 0.0422 0.0444 0.3828 0.1193 0.1539 
        D850  4 0.0573 0.0536 0.1341 0.0726 0.1350 0.0456 0.2651 0.0604 0.1764 
        D856  4 0.2398 0.0474 0.0464 0.0437 0.0569 0.0262 0.0477 0.0652 0.4267 
        D857  4 0.7401 0.0336 0.0222 0.0244 0.0078 0.0787 0.0365 0.0165 0.0401 
        D859  4 0.0283 0.5108 0.1668 0.0221 0.1011 0.0302 0.0403 0.0301 0.0702 
        D860  4 0.0248 0.0723 0.1290 0.4544 0.1005 0.1095 0.0333 0.0267 0.0495 
        D883  4 0.1009 0.1028 0.0757 0.0839 0.2252 0.0297 0.1903 0.1162 0.0752 
        D884  4 0.3502 0.1047 0.0283 0.1072 0.0999 0.0207 0.0481 0.0704 0.1706 
        D885  4 0.0475 0.0450 0.3397 0.0216 0.1408 0.0598 0.0544 0.0821 0.2091 
        D886  4 0.2924 0.0830 0.0498 0.0236 0.1474 0.0816 0.2099 0.0340 0.0782 
        D887  4 0.0525 0.1294 0.3641 0.0347 0.0835 0.1154 0.0616 0.0305 0.1283 
        D889  4 0.0218 0.0394 0.7394 0.0139 0.0279 0.0103 0.0179 0.0227 0.1068 
        D890  4 0.0586 0.1315 0.0358 0.0828 0.0280 0.0655 0.0671 0.4411 0.0897 
        D891  4 0.0107 0.0089 0.9056 0.0094 0.0088 0.0132 0.0102 0.0189 0.0145 
        D899  4 0.0259 0.0803 0.1898 0.1021 0.0255 0.4471 0.0303 0.0406 0.0583 
        D900  4 0.0787 0.1192 0.0865 0.0731 0.1329 0.1029 0.1650 0.0553 0.1864 
        D970  4 0.0337 0.2984 0.1187 0.0552 0.1497 0.0598 0.1150 0.0577 0.1118 
        D971  4 0.0528 0.2314 0.0201 0.0541 0.0402 0.4599 0.0326 0.0569 0.0520 
        D979  4 0.0279 0.3816 0.0301 0.0352 0.3344 0.0336 0.0264 0.0653 0.0656 
        D093  5 0.0322 0.0231 0.0814 0.7020 0.0369 0.0219 0.0257 0.0327 0.0441 
        D154  5 0.0430 0.0352 0.1340 0.0329 0.0263 0.1356 0.0170 0.3364 0.2396 
        D168  5 0.0395 0.0342 0.1153 0.0156 0.0570 0.1907 0.1187 0.2929 0.1359 
        D189  5 0.0519 0.0313 0.2585 0.3829 0.0448 0.0248 0.0239 0.0329 0.1491 
        D190  5 0.0275 0.0452 0.0401 0.6362 0.0299 0.0229 0.0152 0.1468 0.0363 
     D237220  5 0.0941 0.0821 0.3833 0.0806 0.0274 0.0203 0.2010 0.0234 0.0877 
     D237221  5 0.0458 0.0491 0.2330 0.2047 0.0802 0.0925 0.0346 0.1834 0.0767 
     D237274  5 0.1181 0.1768 0.0215 0.0199 0.4719 0.0571 0.0335 0.0300 0.0713 
     D237275  5 0.0634 0.0143 0.0954 0.0272 0.0179 0.6320 0.0185 0.0530 0.0783 
     D237276  5 0.2075 0.0607 0.0695 0.1691 0.1396 0.0334 0.0486 0.1418 0.1298 
     D237277  5 0.0366 0.0620 0.1640 0.3508 0.0257 0.0653 0.0142 0.2420 0.0394 
     D237278  5 0.0630 0.0685 0.0510 0.2145 0.0769 0.3536 0.0581 0.0314 0.0830 
     D237279  5 0.2454 0.0580 0.0267 0.0164 0.0464 0.0223 0.0936 0.3083 0.1831 
     D237280  5 0.1638 0.0421 0.0410 0.0441 0.0683 0.0177 0.1097 0.4779 0.0353 
     D237281  5 0.0220 0.0219 0.3846 0.0259 0.0624 0.3140 0.0173 0.0168 0.1352 
     D237351  5 0.2424 0.0185 0.0227 0.0282 0.0145 0.0131 0.0165 0.6225 0.0217 
     D237352  5 0.0501 0.2356 0.0273 0.0506 0.0576 0.0595 0.3007 0.1687 0.0499 
     D237353  5 0.0346 0.0332 0.0517 0.4682 0.0120 0.0182 0.0110 0.3532 0.0180 
     D237359  5 0.0240 0.0347 0.5992 0.0303 0.0282 0.0182 0.1449 0.0392 0.0813 
     D237361  5 0.0254 0.0208 0.0272 0.7929 0.0132 0.0194 0.0143 0.0631 0.0238 
     D237362  5 0.0144 0.0181 0.0282 0.0308 0.0354 0.0161 0.0194 0.8101 0.0273 
     D237363  5 0.0504 0.0170 0.0563 0.0507 0.0465 0.1361 0.0348 0.1054 0.5028 
     D237364  5 0.1016 0.1435 0.1508 0.0164 0.0967 0.1415 0.1100 0.0584 0.1812 
     D237376  5 0.0963 0.4213 0.0479 0.2099 0.0133 0.0474 0.0220 0.0439 0.0980 
     D237377  5 0.1184 0.0343 0.0286 0.0608 0.0524 0.0277 0.0412 0.5744 0.0622 
     D237378  5 0.0300 0.1071 0.0902 0.5022 0.0206 0.0710 0.0431 0.0559 0.0797 
     D237379  5 0.0441 0.2772 0.0686 0.2878 0.0346 0.0400 0.0527 0.0293 0.1657 
     D237380  5 0.6951 0.1024 0.0227 0.0577 0.0230 0.0157 0.0245 0.0182 0.0407 
     D237381  5 0.3899 0.0933 0.0413 0.0867 0.0417 0.0588 0.1584 0.0453 0.0846 
     D237391  5 0.0273 0.0240 0.1000 0.7029 0.0216 0.0136 0.0237 0.0539 0.0331 
     D237392  5 0.1526 0.0819 0.0243 0.0234 0.2950 0.2343 0.0288 0.0641 0.0957 
     D237393  5 0.0748 0.0380 0.0364 0.2544 0.3417 0.0571 0.0615 0.0803 0.0558 
     D237394  5 0.0212 0.0161 0.0167 0.7266 0.0232 0.0092 0.0193 0.1490 0.0186 
     D237395  5 0.0871 0.0223 0.1767 0.2196 0.0261 0.0510 0.0568 0.2297 0.1306 
     D237396  5 0.0558 0.0459 0.0783 0.1807 0.2433 0.0939 0.1489 0.0613 0.0919 
     D244016  5 0.0224 0.0958 0.0371 0.0920 0.0151 0.0304 0.0174 0.5621 0.1277 
     D244018  5 0.0442 0.0227 0.1342 0.2463 0.0667 0.2972 0.0851 0.0414 0.0623 
     D244019  5 0.0263 0.0400 0.0503 0.0234 0.0516 0.0725 0.0210 0.6105 0.1045 
        D279  5 0.0229 0.0597 0.6432 0.0339 0.0226 0.0386 0.0307 0.0694 0.0790 
        D280  5 0.0541 0.0231 0.1682 0.1515 0.0814 0.0488 0.1377 0.1773 0.1581 
        D281  5 0.0218 0.0271 0.4599 0.0809 0.0394 0.1463 0.0120 0.0563 0.1563 
        D283  5 0.0362 0.0341 0.0934 0.3955 0.1068 0.0305 0.0306 0.1937 0.0793 
        D284  5 0.1609 0.0412 0.1278 0.0257 0.0704 0.0511 0.2251 0.1230 0.1749 
        D285  5 0.0363 0.0508 0.3378 0.3144 0.0656 0.0212 0.0329 0.0511 0.0900 
        D286  5 0.0653 0.2017 0.1109 0.2184 0.0857 0.0262 0.0683 0.0688 0.1548 
        D287  5 0.1625 0.3090 0.0474 0.1461 0.0150 0.0222 0.0589 0.0953 0.1435 
        D288  5 0.0368 0.0204 0.0886 0.0450 0.1378 0.0258 0.0355 0.5269 0.0831 
        D308  5 0.5847 0.0196 0.0236 0.0273 0.0583 0.0188 0.0158 0.2135 0.0385 
        D309  5 0.0193 0.8609 0.0119 0.0179 0.0169 0.0121 0.0227 0.0150 0.0233 
        D310  5 0.0179 0.0175 0.0670 0.7229 0.0155 0.0086 0.0144 0.0196 0.1165 
        D311  5 0.0483 0.1108 0.0552 0.0950 0.1185 0.0354 0.0409 0.2674 0.2285 
        D312  5 0.0380 0.1849 0.0520 0.1634 0.1009 0.0449 0.1104 0.1825 0.1231 
        D313  5 0.6398 0.0099 0.0139 0.0270 0.0178 0.0112 0.2114 0.0443 0.0247 
        D314  5 0.0825 0.0764 0.1686 0.0656 0.0260 0.0686 0.0570 0.2757 0.1795 
        D315  5 0.0690 0.0472 0.0577 0.2617 0.2343 0.0583 0.0834 0.0898 0.0987 
        D317  5 0.0191 0.0120 0.0260 0.7891 0.0417 0.0160 0.0236 0.0370 0.0353 
        D318  5 0.0483 0.1380 0.0453 0.0567 0.0717 0.1110 0.2428 0.0788 0.2074 
        D319  5 0.0558 0.0134 0.0307 0.7764 0.0229 0.0212 0.0162 0.0299 0.0335 
        D320  5 0.0419 0.0627 0.0743 0.6494 0.0274 0.0138 0.0380 0.0487 0.0439 
        D321  5 0.2417 0.0140 0.0830 0.0313 0.0573 0.0092 0.0223 0.5098 0.0314 
        D336  5 0.0319 0.0613 0.0208 0.7411 0.0181 0.0143 0.0210 0.0132 0.0783 
        D337  5 0.0176 0.0307 0.0416 0.7920 0.0235 0.0236 0.0111 0.0398 0.0200 
        D338  5 0.0541 0.0485 0.2693 0.1387 0.1629 0.0451 0.0601 0.0367 0.1846 
        D339  5 0.0548 0.0170 0.1164 0.5444 0.0453 0.0415 0.0223 0.0609 0.0972 
        D347  5 0.0991 0.0854 0.1103 0.0774 0.1463 0.1505 0.0508 0.0271 0.2532 
        D348  5 0.0162 0.0922 0.0195 0.7636 0.0280 0.0182 0.0190 0.0135 0.0297 
        D349  5 0.3561 0.0127 0.0179 0.0180 0.0119 0.0121 0.0108 0.5475 0.0130 
        D350  5 0.0190 0.8644 0.0200 0.0152 0.0135 0.0186 0.0124 0.0190 0.0180 
        D355  5 0.0775 0.0536 0.3806 0.0288 0.0949 0.1108 0.0196 0.0381 0.1962 
        D356  5 0.0658 0.0457 0.0888 0.2297 0.2258 0.0253 0.1707 0.0633 0.0849 
        D357  5 0.2308 0.0509 0.1268 0.1264 0.0491 0.0402 0.0353 0.0520 0.2886 
        D358  5 0.0981 0.1432 0.0730 0.3803 0.0259 0.0477 0.0581 0.0400 0.1338 
        D359  5 0.0492 0.0767 0.0478 0.4892 0.1730 0.0191 0.0141 0.0574 0.0734 
        D360  5 0.0560 0.0359 0.0781 0.4222 0.1116 0.0197 0.1520 0.0625 0.0619 
        D361  5 0.5490 0.0136 0.0178 0.0224 0.0253 0.0179 0.0165 0.3149 0.0227 
        D366  5 0.0250 0.0144 0.0198 0.0194 0.4195 0.4183 0.0288 0.0218 0.0330 
        D367  5 0.0654 0.0925 0.0696 0.5355 0.0175 0.0145 0.0297 0.0366 0.1388 
        D368  5 0.1586 0.0387 0.0588 0.1296 0.0613 0.0184 0.0206 0.3921 0.1219 
        D380  5 0.0524 0.4811 0.0470 0.0229 0.0317 0.0357 0.0511 0.1774 0.1007 
        D381  5 0.0543 0.0565 0.1147 0.5737 0.0374 0.0252 0.0210 0.0267 0.0905 
        D400  5 0.0435 0.1218 0.2348 0.1926 0.0767 0.0765 0.0432 0.0449 0.1659 
        D411  5 0.1167 0.0253 0.0169 0.0108 0.0192 0.0273 0.6621 0.0580 0.0639 
        D412  5 0.0797 0.0517 0.1244 0.1357 0.0686 0.1117 0.1376 0.0315 0.2592 
        D413  5 0.0197 0.0378 0.0380 0.0224 0.0969 0.5601 0.0813 0.0925 0.0513 
        D414  5 0.0284 0.7103 0.0664 0.0148 0.0246 0.0631 0.0197 0.0211 0.0516 
        D420  5 0.0409 0.0194 0.2283 0.0255 0.0179 0.0184 0.4092 0.1212 0.1193 
        D431  5 0.1147 0.2333 0.1464 0.0262 0.0143 0.0386 0.0410 0.2824 0.1031 
        D432  5 0.0762 0.0334 0.0891 0.5203 0.0518 0.0670 0.0733 0.0298 0.0591 
        D433  5 0.0685 0.0254 0.1777 0.3770 0.0676 0.0382 0.0204 0.1736 0.0516 
        D434  5 0.1194 0.0438 0.0525 0.5035 0.0714 0.0169 0.0385 0.0798 0.0743 
        D440  5 0.0219 0.8653 0.0152 0.0174 0.0119 0.0129 0.0131 0.0175 0.0248 
        D447  5 0.1020 0.1108 0.0261 0.0253 0.2141 0.0730 0.1836 0.0190 0.2460 
        D448  5 0.0291 0.0478 0.0860 0.5201 0.0562 0.0394 0.0201 0.0424 0.1589 
        D459  5 0.0383 0.0517 0.3783 0.0306 0.0825 0.2980 0.0237 0.0150 0.0819 
        D460  5 0.3382 0.0172 0.0175 0.0425 0.0518 0.0190 0.0179 0.4693 0.0267 
        D461  5 0.0106 0.8281 0.0160 0.0155 0.0456 0.0142 0.0182 0.0366 0.0152 
        D468  5 0.0368 0.0231 0.0185 0.0548 0.0548 0.0387 0.0439 0.6073 0.1221 
        D469  5 0.0498 0.0586 0.0527 0.0647 0.4859 0.0236 0.0615 0.1431 0.0602 
        D470  5 0.0448 0.0937 0.0453 0.1031 0.0622 0.0315 0.2142 0.1796 0.2257 
        D471  5 0.0348 0.0596 0.1377 0.4859 0.0555 0.0288 0.0164 0.0797 0.1017 
        D472  5 0.0204 0.0154 0.0914 0.0185 0.6694 0.0968 0.0239 0.0222 0.0420 
        D479  5 0.0259 0.0983 0.0239 0.0214 0.0238 0.6936 0.0287 0.0443 0.0401 
        D485  5 0.1257 0.4622 0.0356 0.0522 0.0288 0.0586 0.0671 0.0519 0.1179 
        D486  5 0.0885 0.0469 0.0223 0.0760 0.0607 0.0376 0.1252 0.3116 0.2313 
        D487  5 0.0325 0.0978 0.4320 0.1766 0.0284 0.1032 0.0396 0.0278 0.0622 
        D555  5 0.0286 0.0183 0.0485 0.7511 0.0195 0.0706 0.0155 0.0266 0.0213 
        D556  5 0.0282 0.1714 0.1688 0.0478 0.0328 0.0222 0.0240 0.4579 0.0469 
