        D174  1 0.0666 0.2466 0.1154 0.2226 0.0541 0.1132 0.0902 0.0912 
        D199  1 0.0349 0.1281 0.1022 0.0547 0.1964 0.1409 0.2386 0.1041 
        D203  1 0.1221 0.0800 0.0963 0.0935 0.2309 0.0933 0.2190 0.0651 
        D204  1 0.0728 0.0368 0.0264 0.0276 0.0396 0.0341 0.7427 0.0200 
     D237366  1 0.1966 0.0750 0.4712 0.0255 0.0514 0.0848 0.0534 0.0420 
     D237367  1 0.0618 0.0692 0.3139 0.0541 0.0835 0.1349 0.2481 0.0344 
     D237368  1 0.0471 0.0454 0.2999 0.1177 0.1387 0.1069 0.1888 0.0554 
     D244101  1 0.2164 0.0544 0.0253 0.0339 0.1073 0.1135 0.3868 0.0624 
     D244102  1 0.0990 0.3754 0.0913 0.1196 0.0668 0.1181 0.0712 0.0585 
     D244103  1 0.0906 0.0943 0.2865 0.0460 0.0379 0.2582 0.1474 0.0391 
     D244104  1 0.0339 0.0228 0.0537 0.0776 0.0403 0.0550 0.6423 0.0745 
     D244105  1 0.1533 0.0453 0.3966 0.0799 0.0288 0.2160 0.0394 0.0407 
     D244106  1 0.1040 0.1709 0.0430 0.0993 0.1282 0.1150 0.1061 0.2335 
     D244107  1 0.0495 0.0290 0.3639 0.1910 0.1257 0.1664 0.0543 0.0201 
     D244108  1 0.0300 0.1212 0.0248 0.5605 0.0438 0.0670 0.0509 0.1018 
     D244113  1 0.0377 0.7081 0.0252 0.0618 0.0384 0.0506 0.0227 0.0553 
     D244114  1 0.2644 0.0756 0.0910 0.0471 0.0546 0.3107 0.0654 0.0913 
     D244115  1 0.0619 0.0979 0.0683 0.3399 0.0340 0.1706 0.1273 0.1000 
     D267365  1 0.0456 0.0673 0.0846 0.0426 0.0357 0.0730 0.4443 0.2068 
        D404  1 0.0504 0.7345 0.0206 0.0711 0.0357 0.0387 0.0229 0.0261 
        D405  1 0.0560 0.6093 0.0353 0.0582 0.0821 0.0693 0.0636 0.0262 
        D406  1 0.0430 0.0398 0.6048 0.0969 0.0227 0.0404 0.1145 0.0379 
        D407  1 0.0211 0.0340 0.2987 0.0253 0.1056 0.1091 0.3788 0.0273 
        D408  1 0.0359 0.2189 0.0358 0.1162 0.0252 0.0708 0.0671 0.4301 
        D409  1 0.0772 0.0647 0.1949 0.0463 0.0453 0.4535 0.0694 0.0487 
        D410  1 0.0323 0.0291 0.0304 0.7702 0.0145 0.0378 0.0683 0.0176 
        D421  1 0.0133 0.0142 0.0454 0.0151 0.0495 0.0261 0.8061 0.0303 
        D422  1 0.0275 0.0159 0.7867 0.0230 0.0309 0.0618 0.0339 0.0203 
        D423  1 0.0305 0.0290 0.1148 0.6015 0.0783 0.0780 0.0516 0.0162 
        D424  1 0.0355 0.0313 0.1282 0.0305 0.0252 0.2063 0.5178 0.0251 
        D425  1 0.0340 0.1791 0.0433 0.1217 0.0274 0.2073 0.3166 0.0707 
        D426  1 0.0314 0.0245 0.1875 0.0163 0.0289 0.5857 0.0356 0.0900 
        D427  1 0.0175 0.0160 0.0260 0.0390 0.4319 0.0367 0.3387 0.0942 
        D428  1 0.0545 0.1818 0.1073 0.1263 0.0588 0.1535 0.2610 0.0568 
        D429  1 0.1703 0.1320 0.0662 0.0600 0.0413 0.0950 0.3670 0.0681 
        D430  1 0.1462 0.1620 0.0730 0.0623 0.1007 0.2347 0.0890 0.1321 
        D491  1 0.0381 0.1304 0.0273 0.2593 0.0183 0.0726 0.1632 0.2908 
        D492  1 0.0712 0.1571 0.1581 0.0615 0.0933 0.1973 0.2188 0.0426 
        D537  1 0.0529 0.1198 0.1094 0.0576 0.0316 0.0882 0.5187 0.0217 
        D538  1 0.0875 0.1801 0.0838 0.2158 0.1195 0.1945 0.0689 0.0499 
        D539  1 0.1559 0.1524 0.0954 0.1055 0.0552 0.1022 0.0535 0.2800 
        D540  1 0.0445 0.0701 0.0839 0.0766 0.0392 0.3287 0.2664 0.0905 
        D541  1 0.0194 0.0157 0.0254 0.0201 0.0262 0.0223 0.8526 0.0181 
        D551  1 0.1193 0.0404 0.1447 0.0256 0.1134 0.3839 0.0486 0.1242 
        D552  1 0.0740 0.0353 0.0964 0.3101 0.0455 0.0938 0.2059 0.1390 
        D553  1 0.0201 0.0118 0.0249 0.0189 0.0180 0.0247 0.8554 0.0262 
        D615  1 0.0514 0.0626 0.0669 0.1996 0.0998 0.0858 0.3479 0.0859 
        D616  1 0.0476 0.0312 0.0962 0.1411 0.1656 0.1642 0.2613 0.0928 
        D621  1 0.1330 0.1544 0.2510 0.2833 0.0304 0.0548 0.0253 0.0678 
        D622  1 0.0718 0.0384 0.5376 0.1220 0.0290 0.0997 0.0401 0.0614 
        D623  1 0.0878 0.4241 0.0297 0.0882 0.1760 0.0696 0.0346 0.0899 
        D624  1 0.0440 0.0834 0.0704 0.1981 0.0269 0.1609 0.1226 0.2937 
        D625  1 0.0646 0.0267 0.0597 0.0628 0.0193 0.0501 0.6920 0.0247 
        D626  1 0.0657 0.0942 0.1576 0.2895 0.0457 0.0887 0.0768 0.1818 
        D627  1 0.0584 0.0232 0.1443 0.0211 0.0302 0.4992 0.0814 0.1422 
        D690  1 0.0300 0.0206 0.0435 0.0856 0.0139 0.0271 0.7598 0.0195 
        D691  1 0.0896 0.0223 0.6560 0.0525 0.0248 0.0319 0.0865 0.0364 
        D710  1 0.0914 0.0772 0.0963 0.1386 0.0676 0.1689 0.2924 0.0676 
        D711  1 0.0838 0.0301 0.0491 0.0377 0.0322 0.0499 0.6977 0.0195 
        D712  1 0.0560 0.1853 0.0702 0.1120 0.0542 0.0734 0.0475 0.4013 
        D713  1 0.0873 0.4712 0.0684 0.0578 0.0189 0.1019 0.1638 0.0307 
        D746  1 0.0338 0.0184 0.7102 0.0460 0.0384 0.0279 0.0988 0.0265 
        D747  1 0.0252 0.0144 0.0203 0.0158 0.0259 0.0225 0.8552 0.0208 
        D748  1 0.2240 0.0349 0.3251 0.0682 0.0210 0.0575 0.2400 0.0292 
        D749  1 0.0921 0.1478 0.2407 0.1304 0.0679 0.2463 0.0328 0.0420 
        D750  1 0.0632 0.0919 0.0656 0.3124 0.0315 0.0715 0.2199 0.1440 
        D763  1 0.2053 0.0555 0.1867 0.0400 0.1316 0.1613 0.1019 0.1175 
        D764  1 0.0233 0.0308 0.0548 0.1976 0.0203 0.0654 0.5392 0.0686 
        D765  1 0.0402 0.0390 0.0680 0.6502 0.0211 0.0945 0.0355 0.0516 
        D766  1 0.0846 0.0772 0.1821 0.3862 0.0367 0.0989 0.1003 0.0340 
        D767  1 0.2198 0.2266 0.1505 0.0848 0.1009 0.0864 0.1035 0.0275 
        D768  1 0.0247 0.0137 0.0332 0.0209 0.0239 0.0391 0.8292 0.0154 
        D811  1 0.0302 0.5365 0.0266 0.2238 0.0222 0.0625 0.0255 0.0728 
        D816  1 0.0258 0.0198 0.0275 0.0262 0.0200 0.0285 0.8282 0.0239 
        D825  1 0.0362 0.1858 0.0381 0.4903 0.0208 0.1041 0.0843 0.0405 
        D866  1 0.0517 0.0529 0.0359 0.1254 0.1514 0.1018 0.0666 0.4143 
        D867  1 0.0588 0.0648 0.6698 0.0347 0.0557 0.0673 0.0238 0.0250 
        D871  1 0.1229 0.0537 0.1607 0.0356 0.0250 0.4796 0.0738 0.0486 
        D872  1 0.0844 0.1215 0.0742 0.2164 0.0662 0.0936 0.3088 0.0349 
        D873  1 0.0318 0.1099 0.0316 0.7464 0.0278 0.0293 0.0108 0.0125 
        D874  1 0.3634 0.1801 0.0232 0.0302 0.0427 0.0818 0.2029 0.0757 
        D875  1 0.0540 0.0390 0.2532 0.0692 0.0189 0.5048 0.0370 0.0240 
        D876  1 0.0758 0.0454 0.0554 0.0700 0.0237 0.0704 0.5752 0.0840 
        D877  1 0.0431 0.7849 0.0158 0.0313 0.0239 0.0452 0.0340 0.0218 
        D892  1 0.1585 0.0862 0.2113 0.0778 0.0224 0.0908 0.3110 0.0420 
        D893  1 0.0978 0.0265 0.1114 0.0454 0.0406 0.1154 0.5113 0.0517 
        D894  1 0.1165 0.0384 0.0540 0.0493 0.0351 0.1006 0.5734 0.0326 
        D915  1 0.0724 0.0364 0.1057 0.1394 0.0326 0.0764 0.4919 0.0452 
        D916  1 0.0231 0.0109 0.0189 0.0260 0.0147 0.0278 0.8612 0.0174 
        D917  1 0.0587 0.1215 0.0550 0.0689 0.0909 0.1707 0.2679 0.1664 
        D925  1 0.0208 0.0366 0.0322 0.5652 0.0257 0.0321 0.2402 0.0472 
        D926  1 0.1143 0.0561 0.0938 0.0672 0.0284 0.1674 0.4317 0.0411 
        D927  1 0.0723 0.0394 0.0812 0.0329 0.2737 0.1162 0.2983 0.0860 
        D928  1 0.0258 0.2475 0.0175 0.2527 0.0268 0.0497 0.1834 0.1966 
        D929  1 0.3027 0.3399 0.1052 0.0492 0.0270 0.0745 0.0585 0.0429 
        D936  1 0.1507 0.0455 0.0434 0.0357 0.0752 0.0782 0.5239 0.0474 
        D938  1 0.0499 0.0356 0.6858 0.0953 0.0202 0.0400 0.0374 0.0359 
        D956  1 0.0758 0.3191 0.0410 0.2106 0.0525 0.1042 0.0548 0.1419 
        D957  1 0.0751 0.1327 0.0709 0.3933 0.0521 0.0703 0.1678 0.0377 
        D958  1 0.0893 0.0825 0.0813 0.3639 0.0248 0.0872 0.2195 0.0514 
        D959  1 0.0178 0.0405 0.3499 0.0225 0.0633 0.1901 0.2956 0.0202 
        D960  1 0.0493 0.1424 0.5412 0.1037 0.0252 0.0639 0.0416 0.0328 
        D989  1 0.0403 0.1104 0.0446 0.0741 0.1126 0.1147 0.0771 0.4262 
        D990  1 0.0392 0.0151 0.0546 0.6275 0.0382 0.0455 0.0188 0.1610 
        D023  2 0.0181 0.0143 0.7087 0.0310 0.0250 0.0571 0.1275 0.0183 
        D130  2 0.0482 0.0638 0.6602 0.0237 0.0502 0.0414 0.0932 0.0193 
        D131  2 0.0910 0.0393 0.0528 0.0813 0.0668 0.3255 0.2441 0.0993 
        D163  2 0.0331 0.0253 0.6354 0.0672 0.0207 0.0729 0.0750 0.0704 
        D164  2 0.0194 0.0191 0.0268 0.3509 0.5337 0.0206 0.0172 0.0124 
        D165  2 0.0299 0.0126 0.7249 0.0348 0.0357 0.0587 0.0760 0.0273 
        D166  2 0.1727 0.2891 0.1030 0.0600 0.0679 0.2206 0.0504 0.0362 
        D167  2 0.0149 0.0401 0.0150 0.0198 0.8472 0.0231 0.0178 0.0222 
        D192  2 0.0193 0.0268 0.0160 0.0171 0.8627 0.0178 0.0129 0.0274 
        D193  2 0.1102 0.6593 0.0378 0.0320 0.0245 0.0732 0.0228 0.0402 
        D206  2 0.0435 0.0875 0.1995 0.0434 0.3094 0.1737 0.1146 0.0284 
        D207  2 0.0450 0.0824 0.0295 0.0222 0.6446 0.1048 0.0338 0.0377 
        D208  2 0.0749 0.0861 0.0542 0.1242 0.0905 0.0910 0.0584 0.4208 
        D209  2 0.0964 0.0723 0.0556 0.0697 0.4418 0.1896 0.0435 0.0311 
        D210  2 0.0843 0.0468 0.0386 0.0749 0.1433 0.0542 0.0714 0.4865 
     D229599  2 0.1676 0.0694 0.1223 0.0681 0.0663 0.1660 0.2240 0.1163 
     D229600  2 0.0460 0.0479 0.3884 0.0378 0.3192 0.0883 0.0406 0.0316 
     D237227  2 0.0362 0.0431 0.0560 0.2703 0.0520 0.0684 0.0765 0.3975 
     D237228  2 0.0376 0.0809 0.0289 0.6137 0.0510 0.0865 0.0134 0.0880 
     D237258  2 0.0473 0.1048 0.1648 0.0750 0.2464 0.1589 0.1027 0.1001 
     D237310  2 0.0832 0.1523 0.0316 0.5101 0.0722 0.0955 0.0164 0.0388 
     D237311  2 0.0400 0.0650 0.0510 0.5334 0.1898 0.0678 0.0207 0.0324 
     D237312  2 0.1590 0.2822 0.1164 0.2475 0.0337 0.0968 0.0332 0.0312 
     D237313  2 0.1146 0.0521 0.0680 0.2204 0.0328 0.1792 0.1988 0.1339 
     D237322  2 0.1558 0.0626 0.0554 0.1581 0.0690 0.1986 0.0400 0.2605 
     D237323  2 0.0540 0.0600 0.0663 0.5853 0.0429 0.0530 0.0220 0.1166 
     D237324  2 0.0746 0.0242 0.2245 0.0288 0.2823 0.2619 0.0524 0.0513 
     D237325  2 0.1345 0.1122 0.2037 0.2582 0.0874 0.1042 0.0362 0.0637 
     D237326  2 0.0427 0.0459 0.0558 0.6230 0.0538 0.0544 0.0800 0.0444 
     D237327  2 0.2042 0.0331 0.1087 0.0376 0.1874 0.1782 0.0607 0.1900 
     D237337  2 0.0437 0.0410 0.0349 0.7620 0.0198 0.0379 0.0334 0.0274 
     D237338  2 0.1731 0.0488 0.1888 0.1890 0.0906 0.1108 0.0603 0.1386 
     D237339  2 0.3447 0.0833 0.0336 0.0324 0.2917 0.1140 0.0727 0.0276 
     D237340  2 0.0628 0.1761 0.0855 0.3254 0.1774 0.0631 0.0252 0.0846 
     D237389  2 0.0625 0.1889 0.0644 0.4611 0.1207 0.0603 0.0236 0.0185 
     D237390  2 0.1338 0.1958 0.1204 0.2933 0.0310 0.0941 0.0507 0.0809 
     D244017  2 0.0214 0.2232 0.0411 0.0598 0.4385 0.0853 0.0300 0.1006 
     D244112  2 0.0313 0.0313 0.0357 0.0228 0.8166 0.0288 0.0163 0.0171 
     D244118  2 0.0258 0.0352 0.1675 0.0451 0.6530 0.0311 0.0141 0.0281 
     D244119  2 0.0213 0.0544 0.0255 0.1657 0.3917 0.0374 0.0378 0.2661 
     D244120  2 0.0920 0.2846 0.0296 0.0483 0.4291 0.0532 0.0169 0.0463 
     D244122  2 0.0466 0.1050 0.0571 0.0334 0.6518 0.0470 0.0280 0.0311 
        D291  2 0.0514 0.0406 0.1095 0.0455 0.0912 0.2464 0.1111 0.3042 
        D292  2 0.0503 0.0509 0.0276 0.1026 0.3270 0.0535 0.2029 0.1853 
        D293  2 0.1021 0.0152 0.0174 0.0157 0.6381 0.0543 0.1305 0.0266 
        D322  2 0.1290 0.0187 0.0268 0.0384 0.6001 0.0627 0.0966 0.0278 
        D323  2 0.0863 0.2615 0.0534 0.0653 0.1741 0.2266 0.0684 0.0644 
        D324  2 0.0560 0.0290 0.0849 0.0817 0.0578 0.1811 0.2209 0.2888 
        D325  2 0.0439 0.0143 0.0247 0.0147 0.8038 0.0377 0.0367 0.0243 
        D326  2 0.0182 0.0161 0.0156 0.0147 0.0184 0.0316 0.8516 0.0337 
        D340  2 0.0205 0.0173 0.0225 0.0208 0.8394 0.0239 0.0218 0.0338 
        D341  2 0.1929 0.0379 0.0467 0.0618 0.4982 0.0509 0.0352 0.0763 
        D342  2 0.0395 0.0409 0.1181 0.0907 0.5493 0.0982 0.0257 0.0376 
        D343  2 0.0217 0.0095 0.0149 0.0100 0.8962 0.0169 0.0170 0.0137 
        D344  2 0.2160 0.2694 0.0310 0.0496 0.0771 0.1644 0.1703 0.0221 
        D345  2 0.1338 0.0338 0.0645 0.3544 0.0467 0.1387 0.1498 0.0782 
        D346  2 0.0576 0.1351 0.0408 0.1196 0.1070 0.1231 0.0938 0.3231 
        D351  2 0.1195 0.0359 0.0892 0.0622 0.0860 0.2293 0.2937 0.0843 
        D352  2 0.2995 0.1968 0.0381 0.0727 0.1119 0.1847 0.0423 0.0542 
        D353  2 0.0765 0.0319 0.0228 0.0195 0.0298 0.6470 0.1481 0.0243 
        D354  2 0.3218 0.2068 0.0246 0.1088 0.0218 0.1057 0.1614 0.0492 
        D362  2 0.0207 0.0350 0.0736 0.0509 0.0330 0.0518 0.7102 0.0248 
        D363  2 0.0171 0.0267 0.0441 0.0263 0.0293 0.0484 0.7746 0.0335 
        D364  2 0.1746 0.1042 0.0328 0.1123 0.0354 0.1250 0.3891 0.0266 
        D365  2 0.0216 0.0166 0.0148 0.0165 0.8642 0.0196 0.0254 0.0214 
        D369  2 0.0334 0.0459 0.0501 0.1690 0.1984 0.1060 0.2375 0.1597 
        D374  2 0.0174 0.8526 0.0154 0.0250 0.0151 0.0232 0.0194 0.0320 
        D375  2 0.3679 0.3121 0.0370 0.0495 0.0309 0.1245 0.0606 0.0173 
        D376  2 0.0623 0.6366 0.0246 0.0802 0.0468 0.0610 0.0252 0.0632 
        D377  2 0.0844 0.2420 0.0732 0.2617 0.0820 0.1237 0.0389 0.0941 
        D378  2 0.1747 0.0218 0.0828 0.0392 0.3354 0.1121 0.1903 0.0437 
        D379  2 0.0822 0.0488 0.0329 0.0403 0.0269 0.0686 0.6616 0.0388 
        D384  2 0.0190 0.0191 0.0145 0.0215 0.0153 0.0247 0.8503 0.0357 
        D385  2 0.0725 0.0618 0.0213 0.0311 0.7279 0.0340 0.0221 0.0292 
        D386  2 0.2486 0.0788 0.0963 0.0484 0.1364 0.1414 0.2233 0.0268 
        D391  2 0.0725 0.0217 0.0204 0.0273 0.7708 0.0287 0.0309 0.0277 
        D392  2 0.0296 0.0426 0.0407 0.1218 0.5861 0.0589 0.0725 0.0479 
        D393  2 0.1944 0.0177 0.0618 0.0534 0.1207 0.0638 0.3850 0.1032 
        D394  2 0.1647 0.1041 0.1794 0.1605 0.1434 0.1248 0.0767 0.0463 
        D395  2 0.2281 0.0774 0.0330 0.0264 0.4765 0.1091 0.0239 0.0255 
        D401  2 0.0170 0.0455 0.0200 0.7834 0.0408 0.0385 0.0283 0.0265 
        D402  2 0.0527 0.0239 0.0159 0.0268 0.7896 0.0329 0.0233 0.0349 
        D403  2 0.1188 0.0823 0.1284 0.0421 0.0378 0.2933 0.2738 0.0235 
        D415  2 0.0620 0.0240 0.0498 0.0630 0.0342 0.2586 0.4932 0.0151 
        D435  2 0.0833 0.0186 0.0671 0.0362 0.2709 0.0558 0.4345 0.0337 
        D436  2 0.3125 0.2173 0.0637 0.0450 0.0517 0.0924 0.1887 0.0287 
        D438  2 0.0214 0.0234 0.0232 0.0167 0.8548 0.0196 0.0135 0.0275 
        D439  2 0.2994 0.0398 0.0866 0.0973 0.1345 0.1873 0.1232 0.0319 
        D449  2 0.0311 0.0286 0.0646 0.0301 0.6084 0.1413 0.0744 0.0215 
        D450  2 0.2103 0.1060 0.0739 0.0740 0.0294 0.1800 0.2294 0.0970 
        D456  2 0.0291 0.0144 0.0282 0.0216 0.0155 0.0372 0.8269 0.0271 
        D462  2 0.0707 0.0198 0.0217 0.0129 0.7830 0.0282 0.0413 0.0225 
        D463  2 0.0293 0.0310 0.0203 0.0211 0.0121 0.0238 0.8380 0.0245 
        D464  2 0.1848 0.1634 0.0244 0.0314 0.0762 0.4109 0.0845 0.0244 
        D465  2 0.0409 0.0450 0.0617 0.0550 0.5254 0.0845 0.1574 0.0301 
        D473  2 0.0882 0.1609 0.0915 0.2710 0.0517 0.0835 0.0389 0.2142 
        D474  2 0.0365 0.0161 0.0602 0.0567 0.0771 0.0493 0.5683 0.1359 
        D476  2 0.2415 0.0419 0.3961 0.0269 0.1301 0.0724 0.0623 0.0288 
        D477  2 0.1732 0.0542 0.0339 0.1174 0.0325 0.0883 0.3963 0.1043 
        D478  2 0.0806 0.1582 0.2620 0.0588 0.1066 0.2008 0.0683 0.0647 
        D480  2 0.2666 0.0380 0.0340 0.0400 0.0952 0.0716 0.2987 0.1559 
        D481  2 0.1231 0.0587 0.0841 0.1082 0.0996 0.1170 0.3235 0.0857 
        D482  2 0.1976 0.1176 0.0587 0.0996 0.0505 0.1219 0.0303 0.3238 
        D483  2 0.0193 0.0323 0.0238 0.0296 0.8044 0.0282 0.0199 0.0427 
        D484  2 0.3833 0.3473 0.0306 0.0309 0.0822 0.0738 0.0165 0.0352 
        D510  2 0.0374 0.4824 0.0322 0.0594 0.0327 0.0546 0.0310 0.2702 
        D511  2 0.3257 0.0403 0.0655 0.0400 0.2019 0.1020 0.1802 0.0443 
        D512  2 0.0606 0.0898 0.0620 0.3214 0.2432 0.1684 0.0309 0.0236 
        D513  2 0.0406 0.0580 0.0619 0.0450 0.4763 0.1066 0.1063 0.1053 
        D635  2 0.0230 0.0151 0.3557 0.0425 0.0511 0.1380 0.3408 0.0337 
        D636  2 0.0181 0.0222 0.7514 0.0892 0.0251 0.0376 0.0384 0.0180 
        D637  2 0.3143 0.1340 0.0462 0.0936 0.1735 0.1338 0.0352 0.0693 
        D658  2 0.1685 0.1421 0.0276 0.0929 0.4417 0.0559 0.0317 0.0397 
        D659  2 0.0647 0.0299 0.1248 0.0254 0.0366 0.1050 0.5602 0.0535 
        D677  2 0.1674 0.0912 0.2592 0.0742 0.0547 0.1223 0.1805 0.0505 
        D678  2 0.0389 0.0934 0.0454 0.0418 0.6158 0.1234 0.0215 0.0197 
        D679  2 0.0714 0.0401 0.0656 0.0601 0.0515 0.1669 0.4166 0.1277 
        D719  2 0.0374 0.0507 0.0182 0.1023 0.1379 0.0646 0.1882 0.4007 
        D720  2 0.0268 0.0292 0.0332 0.0452 0.0286 0.0361 0.7328 0.0681 
        D721  2 0.0377 0.0196 0.6366 0.0368 0.0643 0.0754 0.0888 0.0407 
        D722  2 0.0231 0.7449 0.0189 0.0441 0.0492 0.0426 0.0241 0.0531 
        D734  2 0.3395 0.0881 0.0235 0.0283 0.1418 0.0845 0.0426 0.2517 
        D735  2 0.1330 0.0424 0.0555 0.1837 0.0816 0.1284 0.2934 0.0820 
        D736  2 0.0575 0.0534 0.0566 0.0729 0.0574 0.1002 0.0830 0.5191 
        D737  2 0.1137 0.0726 0.0630 0.0555 0.5356 0.0648 0.0249 0.0699 
        D807  2 0.1387 0.0838 0.0569 0.1783 0.0668 0.0820 0.2289 0.1647 
        D808  2 0.1753 0.0724 0.0953 0.1705 0.1629 0.1665 0.1025 0.0546 
        D817  2 0.0820 0.1295 0.0573 0.1089 0.0346 0.1470 0.3507 0.0902 
        D818  2 0.1580 0.0399 0.1820 0.0234 0.2375 0.2297 0.0789 0.0506 
        D819  2 0.0504 0.0844 0.0836 0.2847 0.0518 0.1861 0.2016 0.0573 
        D820  2 0.1296 0.0239 0.0309 0.0205 0.0480 0.0417 0.6748 0.0305 
        D895  2 0.0550 0.0709 0.2018 0.1064 0.0532 0.2082 0.2521 0.0524 
        D896  2 0.0237 0.0358 0.0244 0.8294 0.0189 0.0268 0.0216 0.0193 
        D897  2 0.0920 0.0423 0.0528 0.0579 0.5841 0.1035 0.0270 0.0405 
        D898  2 0.1354 0.0938 0.0449 0.2770 0.0465 0.2019 0.0642 0.1363 
        D918  2 0.1989 0.0651 0.2019 0.1394 0.0851 0.1635 0.0386 0.1074 
        D919  2 0.2339 0.0737 0.0578 0.0281 0.1875 0.1610 0.2210 0.0369 
        D920  2 0.0616 0.0715 0.6231 0.0800 0.0377 0.0544 0.0368 0.0348 
        D923  2 0.0781 0.0427 0.0417 0.0259 0.0450 0.0676 0.6742 0.0247 
        D930  2 0.1583 0.0931 0.0290 0.1233 0.0450 0.1765 0.3026 0.0723 
        D931  2 0.1765 0.0699 0.0391 0.0458 0.1735 0.0970 0.3538 0.0445 
        D968  2 0.0191 0.0200 0.0159 0.0174 0.8337 0.0214 0.0306 0.0419 
        D969  2 0.0834 0.0422 0.0431 0.0461 0.2478 0.1014 0.2880 0.1481 
        D977  2 0.0561 0.0320 0.0405 0.0205 0.7033 0.0823 0.0319 0.0335 
        D978  2 0.2325 0.0704 0.0361 0.0354 0.1890 0.2160 0.0461 0.1746 
        D211  3 0.1500 0.0204 0.6071 0.0355 0.0186 0.0596 0.0684 0.0404 
     D229639  3 0.0476 0.0553 0.0311 0.0750 0.0943 0.0685 0.0838 0.5444 
     D237212  3 0.2738 0.0438 0.1199 0.0653 0.1116 0.1548 0.1084 0.1223 
     D237213  3 0.2132 0.0663 0.1597 0.2492 0.0488 0.1625 0.0589 0.0414 
     D237214  3 0.0197 0.0269 0.7783 0.0187 0.0170 0.0893 0.0337 0.0165 
     D237215  3 0.0283 0.1992 0.0206 0.0664 0.4849 0.0429 0.0214 0.1362 
     D237216  3 0.0981 0.0370 0.0923 0.0579 0.0367 0.5925 0.0473 0.0382 
     D237217  3 0.1200 0.0192 0.3561 0.0726 0.0498 0.2275 0.1084 0.0463 
     D237218  3 0.4647 0.0225 0.0457 0.0286 0.0539 0.0690 0.0693 0.2462 
     D237219  3 0.0808 0.0356 0.1131 0.3209 0.0289 0.0759 0.0310 0.3137 
     D237382  3 0.1517 0.2358 0.0513 0.2073 0.0739 0.1415 0.0990 0.0396 
     D244127  3 0.0648 0.0472 0.0781 0.4817 0.1033 0.1477 0.0294 0.0477 
     D244129  3 0.1212 0.0553 0.1133 0.1798 0.1050 0.1932 0.1262 0.1059 
     D244133  3 0.0315 0.1067 0.1411 0.1138 0.1717 0.1724 0.0929 0.1698 
     D244134  3 0.0308 0.0171 0.0229 0.0736 0.0253 0.0288 0.0288 0.7727 
     D244135  3 0.0297 0.0228 0.7468 0.0241 0.0511 0.0520 0.0448 0.0287 
     D244136  3 0.0341 0.1534 0.1119 0.0879 0.0892 0.1543 0.1734 0.1958 
        D416  3 0.1142 0.0390 0.1072 0.1436 0.1670 0.2613 0.0929 0.0747 
        D417  3 0.1750 0.0499 0.0649 0.0386 0.0229 0.0672 0.5555 0.0259 
        D419  3 0.0849 0.0443 0.1191 0.1788 0.0857 0.1175 0.1229 0.2468 
        D565  3 0.0196 0.0527 0.0240 0.1057 0.0231 0.0420 0.1021 0.6308 
        D566  3 0.0267 0.0978 0.0315 0.1028 0.0725 0.0774 0.0881 0.5031 
        D567  3 0.0628 0.0480 0.1113 0.0997 0.0572 0.0694 0.5223 0.0293 
        D568  3 0.2236 0.0456 0.1913 0.0951 0.1483 0.0904 0.1766 0.0291 
        D569  3 0.2788 0.1749 0.1060 0.0432 0.1550 0.1740 0.0321 0.0359 
        D573  3 0.0505 0.0251 0.0318 0.0462 0.3850 0.0994 0.2165 0.1455 
        D574  3 0.0492 0.2121 0.0625 0.1306 0.0554 0.1293 0.0463 0.3146 
        D575  3 0.0426 0.0406 0.1465 0.3216 0.0653 0.1010 0.0530 0.2295 
        D576  3 0.0328 0.1383 0.0428 0.0228 0.6095 0.0700 0.0107 0.0731 
        D577  3 0.0741 0.0738 0.1303 0.0355 0.0252 0.0816 0.5242 0.0553 
        D578  3 0.0257 0.0151 0.8137 0.0203 0.0329 0.0542 0.0211 0.0170 
        D579  3 0.1334 0.0456 0.0789 0.0712 0.1027 0.1098 0.1913 0.2670 
        D660  3 0.0484 0.0478 0.0814 0.0615 0.5632 0.1375 0.0203 0.0398 
        D661  3 0.4258 0.0280 0.0916 0.0256 0.1510 0.1041 0.0362 0.1375 
        D663  3 0.0484 0.0869 0.0418 0.0226 0.1314 0.3130 0.0763 0.2797 
        D664  3 0.0735 0.1133 0.2233 0.1810 0.1394 0.1512 0.0255 0.0928 
        D665  3 0.1422 0.0590 0.2053 0.1243 0.0703 0.3446 0.0236 0.0307 
        D666  3 0.0511 0.0493 0.0645 0.4608 0.0355 0.0790 0.0733 0.1865 
        D009  4 0.3807 0.0536 0.2035 0.1041 0.0281 0.0901 0.1126 0.0273 
        D057  4 0.3805 0.0425 0.2734 0.0181 0.1373 0.0393 0.0543 0.0545 
        D109  4 0.0425 0.0589 0.0709 0.6199 0.0266 0.1034 0.0460 0.0317 
     D237222  4 0.0490 0.1646 0.4848 0.0975 0.0456 0.0527 0.0601 0.0457 
     D237223  4 0.2338 0.1151 0.2188 0.1110 0.0865 0.1180 0.0344 0.0824 
     D237224  4 0.1543 0.0491 0.0629 0.0567 0.2231 0.1570 0.1611 0.1359 
     D237225  4 0.2664 0.0533 0.1712 0.0633 0.0480 0.2384 0.0990 0.0605 
     D237299  4 0.3213 0.0833 0.1242 0.0597 0.0292 0.2468 0.0205 0.1150 
     D237300  4 0.0673 0.0327 0.0341 0.0608 0.0609 0.0883 0.0216 0.6343 
     D237306  4 0.1393 0.3142 0.0646 0.1815 0.0376 0.0816 0.1049 0.0763 
     D237307  4 0.0541 0.1249 0.0772 0.0633 0.0573 0.1245 0.3467 0.1519 
     D237308  4 0.0966 0.0844 0.0591 0.1306 0.4247 0.0783 0.0549 0.0714 
     D237309  4 0.1870 0.0617 0.1861 0.0669 0.0562 0.2551 0.1492 0.0377 
     D237317  4 0.0379 0.0844 0.0684 0.1169 0.0334 0.2003 0.2675 0.1910 
     D237318  4 0.0456 0.0399 0.0265 0.0360 0.1041 0.1445 0.0451 0.5584 
     D237319  4 0.1457 0.1604 0.2231 0.1015 0.0782 0.1566 0.0606 0.0739 
     D237320  4 0.3115 0.0339 0.3256 0.0666 0.0775 0.0721 0.0518 0.0610 
     D237321  4 0.0656 0.0453 0.0684 0.0513 0.1151 0.0735 0.0563 0.5245 
     D237397  4 0.2278 0.0981 0.1822 0.0950 0.0955 0.0859 0.0536 0.1617 
     D237398  4 0.1658 0.0280 0.0672 0.0229 0.0709 0.1714 0.1006 0.3732 
     D237399  4 0.1628 0.0423 0.1069 0.0548 0.0512 0.0740 0.0933 0.4148 
     D244001  4 0.0786 0.1147 0.4899 0.0331 0.1326 0.0938 0.0284 0.0289 
        D289  4 0.2341 0.0658 0.0993 0.0527 0.1089 0.1080 0.1425 0.1888 
        D290  4 0.3655 0.2738 0.0417 0.0293 0.0504 0.1204 0.0689 0.0500 
        D294  4 0.3916 0.0897 0.0750 0.0297 0.0391 0.2037 0.1243 0.0470 
        D295  4 0.2218 0.1028 0.0750 0.1719 0.0399 0.0878 0.2345 0.0663 
        D301  4 0.0507 0.1280 0.5170 0.0570 0.0451 0.0431 0.0245 0.1346 
        D302  4 0.3723 0.1086 0.0665 0.0253 0.0241 0.1020 0.2736 0.0276 
        D303  4 0.1061 0.2002 0.0441 0.2457 0.0796 0.0699 0.0572 0.1973 
        D304  4 0.2335 0.1958 0.0548 0.0310 0.0389 0.1252 0.0921 0.2287 
        D305  4 0.2529 0.0873 0.0624 0.0442 0.1395 0.3630 0.0280 0.0226 
        D306  4 0.1937 0.3220 0.0476 0.0428 0.0272 0.2931 0.0462 0.0273 
        D307  4 0.0482 0.0377 0.6644 0.0457 0.0263 0.0366 0.0216 0.1194 
        D327  4 0.0564 0.0869 0.0605 0.0352 0.0659 0.1056 0.5213 0.0683 
        D328  4 0.1972 0.5432 0.0329 0.0757 0.0297 0.0485 0.0237 0.0492 
        D329  4 0.3135 0.0621 0.0932 0.1087 0.1347 0.1389 0.0884 0.0605 
        D330  4 0.1163 0.0691 0.1540 0.1220 0.1007 0.1951 0.2253 0.0176 
        D331  4 0.0759 0.1680 0.0639 0.0996 0.0584 0.1246 0.1944 0.2153 
        D333  4 0.3219 0.1960 0.0763 0.1008 0.0928 0.0713 0.0670 0.0740 
        D334  4 0.1473 0.0711 0.1375 0.0783 0.0324 0.1080 0.1620 0.2633 
        D335  4 0.2261 0.1875 0.0353 0.0360 0.0595 0.0667 0.3614 0.0275 
        D370  4 0.0415 0.5817 0.0341 0.1767 0.0484 0.0462 0.0384 0.0330 
        D371  4 0.0284 0.3087 0.0241 0.0735 0.0595 0.0801 0.2090 0.2166 
        D372  4 0.0916 0.0718 0.0214 0.0424 0.0671 0.1579 0.0150 0.5329 
        D373  4 0.0529 0.0319 0.6108 0.0304 0.0808 0.0729 0.0418 0.0785 
        D455  4 0.0968 0.0303 0.6740 0.0358 0.0389 0.0421 0.0346 0.0475 
        D490  4 0.1042 0.0256 0.7565 0.0297 0.0128 0.0297 0.0254 0.0162 
        D497  4 0.1147 0.0328 0.6614 0.0457 0.0229 0.0644 0.0181 0.0400 
        D498  4 0.0702 0.2468 0.0586 0.1870 0.0613 0.1154 0.0702 0.1904 
        D499  4 0.1491 0.1063 0.0276 0.1137 0.2101 0.1541 0.0316 0.2076 
        D514  4 0.1860 0.1765 0.0778 0.0543 0.0465 0.1628 0.2603 0.0359 
        D515  4 0.3433 0.1326 0.2735 0.0474 0.0373 0.0987 0.0454 0.0219 
        D516  4 0.0824 0.0806 0.1212 0.2764 0.0909 0.1215 0.1399 0.0872 
        D517  4 0.0730 0.0255 0.5557 0.0580 0.0506 0.1273 0.0671 0.0429 
        D518  4 0.3185 0.1880 0.2075 0.0298 0.0702 0.0734 0.0683 0.0443 
        D519  4 0.4038 0.0310 0.3312 0.0387 0.0410 0.0690 0.0415 0.0436 
        D560  4 0.3942 0.0718 0.2358 0.0259 0.0494 0.0887 0.0883 0.0458 
        D561  4 0.0873 0.0335 0.2531 0.0374 0.0975 0.3808 0.0916 0.0188 
        D562  4 0.1648 0.1461 0.2045 0.0560 0.0834 0.1887 0.0753 0.0812 
        D563  4 0.1704 0.0502 0.0631 0.0494 0.4259 0.1568 0.0390 0.0453 
        D572  4 0.4350 0.1644 0.1296 0.0282 0.0591 0.0674 0.0887 0.0276 
        D629  4 0.0812 0.0362 0.3300 0.0584 0.0285 0.1035 0.2987 0.0636 
        D630  4 0.2440 0.1529 0.2583 0.0241 0.0431 0.1029 0.1066 0.0681 
        D631  4 0.5983 0.0530 0.0562 0.0271 0.1347 0.0500 0.0422 0.0386 
        D632  4 0.1276 0.0635 0.3501 0.1024 0.1797 0.0807 0.0729 0.0231 
        D646  4 0.2832 0.0538 0.1908 0.1117 0.0721 0.1279 0.1215 0.0391 
        D647  4 0.1766 0.0845 0.1219 0.0503 0.0588 0.0726 0.4070 0.0280 
        D648  4 0.1642 0.6928 0.0243 0.0220 0.0264 0.0318 0.0194 0.0191 
        D649  4 0.1544 0.0404 0.0732 0.2044 0.0297 0.0751 0.3892 0.0337 
        D650  4 0.1984 0.0958 0.1405 0.0952 0.0350 0.0858 0.2540 0.0953 
        D708  4 0.2398 0.2212 0.0601 0.0729 0.0357 0.1836 0.0667 0.1201 
        D709  4 0.1471 0.3598 0.0256 0.1822 0.0433 0.1626 0.0373 0.0420 
        D738  4 0.1230 0.1090 0.1383 0.2518 0.0246 0.0617 0.1325 0.1591 
        D739  4 0.2171 0.1457 0.3408 0.0558 0.0367 0.1240 0.0396 0.0403 
        D740  4 0.1494 0.0361 0.0577 0.2759 0.0618 0.2201 0.0313 0.1677 
        D741  4 0.2725 0.0472 0.1579 0.0539 0.0944 0.2527 0.1015 0.0199 
        D742  4 0.2424 0.0521 0.1016 0.0614 0.2435 0.1150 0.0394 0.1446 
        D743  4 0.2228 0.0419 0.0380 0.0186 0.0614 0.0567 0.5153 0.0453 
        D744  4 0.4699 0.0437 0.0495 0.0283 0.1571 0.1137 0.1071 0.0307 
        D745  4 0.3936 0.0361 0.3882 0.0389 0.0200 0.0697 0.0282 0.0254 
        D814  4 0.1398 0.0673 0.1561 0.0183 0.2305 0.3050 0.0337 0.0493 
        D815  4 0.2516 0.2703 0.0401 0.0896 0.0571 0.0816 0.1655 0.0442 
        D828  4 0.0773 0.6594 0.0300 0.0423 0.0760 0.0645 0.0166 0.0339 
        D845  4 0.0274 0.0165 0.0143 0.0183 0.0334 0.0235 0.0290 0.8376 
        D846  4 0.2014 0.0664 0.1997 0.0239 0.1741 0.1570 0.1512 0.0264 
        D847  4 0.1938 0.0476 0.2329 0.0663 0.0724 0.1607 0.0919 0.1344 
        D848  4 0.0482 0.0356 0.5372 0.0274 0.1251 0.0848 0.0261 0.1156 
        D849  4 0.2428 0.0710 0.3337 0.1002 0.0393 0.1404 0.0514 0.0212 
        D850  4 0.0501 0.0350 0.2534 0.0548 0.0681 0.2113 0.1974 0.1300 
        D856  4 0.1292 0.1281 0.0733 0.2207 0.0367 0.3113 0.0606 0.0402 
        D857  4 0.0319 0.1544 0.0490 0.6091 0.0866 0.0353 0.0107 0.0230 
        D859  4 0.4900 0.1191 0.0495 0.0315 0.0511 0.1309 0.0848 0.0431 
        D860  4 0.0524 0.0593 0.0320 0.0580 0.1247 0.0579 0.1488 0.4669 
        D883  4 0.1160 0.1450 0.2343 0.1472 0.0294 0.0869 0.1637 0.0774 
        D884  4 0.3366 0.1455 0.1489 0.1796 0.0207 0.0707 0.0610 0.0370 
        D885  4 0.2760 0.0242 0.0800 0.0454 0.0953 0.2526 0.1146 0.1119 
        D886  4 0.1607 0.1413 0.1943 0.1395 0.0947 0.0748 0.1596 0.0351 
        D887  4 0.2097 0.1046 0.0677 0.0908 0.1404 0.1526 0.1066 0.1277 
        D889  4 0.3224 0.1389 0.0197 0.0183 0.0188 0.1004 0.0516 0.3299 
        D890  4 0.0710 0.3408 0.0793 0.2069 0.0804 0.1044 0.0569 0.0603 
        D891  4 0.0279 0.0132 0.0176 0.0221 0.0386 0.0378 0.0214 0.8216 
        D899  4 0.0842 0.0824 0.0370 0.0433 0.4212 0.0861 0.0351 0.2108 
        D900  4 0.1734 0.1154 0.1101 0.0852 0.1317 0.2201 0.1112 0.0529 
        D970  4 0.2654 0.0508 0.0903 0.0552 0.0826 0.1269 0.2160 0.1127 
        D971  4 0.0645 0.0771 0.0398 0.0933 0.4431 0.1034 0.1412 0.0376 
        D979  4 0.1285 0.1365 0.0331 0.0223 0.0451 0.0758 0.5200 0.0388 
        D093  5 0.1111 0.1324 0.0537 0.0908 0.0395 0.0634 0.0678 0.4413 
        D154  5 0.2005 0.1645 0.0358 0.0590 0.1552 0.2333 0.0338 0.1178 
        D168  5 0.0712 0.0648 0.2096 0.0750 0.2941 0.1754 0.0654 0.0445 
        D189  5 0.1168 0.2930 0.0336 0.0651 0.0435 0.0805 0.0514 0.3160 
        D190  5 0.0665 0.2481 0.0240 0.1823 0.0427 0.0567 0.0476 0.3321 
     D237220  5 0.2472 0.0427 0.1628 0.1513 0.0291 0.1165 0.0360 0.2144 
     D237221  5 0.0781 0.0469 0.0352 0.0770 0.0895 0.0615 0.0728 0.5389 
     D237274  5 0.1248 0.1017 0.0355 0.0629 0.0797 0.1263 0.4452 0.0240 
     D237275  5 0.0382 0.1250 0.0281 0.0569 0.5757 0.0972 0.0220 0.0569 
     D237276  5 0.2393 0.1344 0.0836 0.2644 0.0344 0.0825 0.0938 0.0675 
     D237277  5 0.0404 0.0689 0.0210 0.0686 0.0410 0.0357 0.0272 0.6972 
     D237278  5 0.1112 0.0766 0.0591 0.1595 0.3289 0.1414 0.0566 0.0667 
     D237279  5 0.0631 0.0255 0.1623 0.1862 0.0426 0.4204 0.0590 0.0410 
     D237280  5 0.0492 0.0321 0.1052 0.5775 0.0239 0.0882 0.0859 0.0380 
     D237281  5 0.0485 0.0353 0.0230 0.0297 0.4734 0.1288 0.0801 0.1813 
     D237351  5 0.0431 0.0298 0.0300 0.7833 0.0189 0.0351 0.0174 0.0423 
     D237352  5 0.1226 0.1319 0.3717 0.0609 0.0928 0.0755 0.0995 0.0450 
     D237353  5 0.0281 0.0971 0.0180 0.1856 0.0222 0.0401 0.0316 0.5773 
     D237359  5 0.3158 0.0360 0.1228 0.0659 0.0298 0.1338 0.0412 0.2547 
     D237361  5 0.0262 0.1369 0.0219 0.1913 0.0240 0.0525 0.0345 0.5127 
     D237362  5 0.0697 0.1352 0.0813 0.1463 0.0659 0.1762 0.1728 0.1526 
     D237363  5 0.0298 0.0798 0.0311 0.0594 0.1269 0.5944 0.0324 0.0461 
     D237364  5 0.4652 0.0537 0.1275 0.0301 0.1091 0.1092 0.0716 0.0335 
     D237376  5 0.0521 0.8145 0.0164 0.0249 0.0236 0.0226 0.0159 0.0299 
     D237377  5 0.0389 0.0298 0.0460 0.4149 0.0635 0.1377 0.1558 0.1135 
     D237378  5 0.0875 0.3880 0.0504 0.0639 0.0720 0.0688 0.0303 0.2391 
     D237379  5 0.2127 0.3335 0.0553 0.0417 0.0479 0.1478 0.0422 0.1191 
     D237380  5 0.0764 0.3228 0.0356 0.4606 0.0180 0.0399 0.0241 0.0226 
     D237381  5 0.1111 0.1186 0.2132 0.2793 0.0721 0.0928 0.0614 0.0516 
     D237391  5 0.0442 0.0292 0.0300 0.0713 0.0198 0.0400 0.0398 0.7258 
     D237392  5 0.0645 0.1333 0.0496 0.0752 0.2286 0.1367 0.2861 0.0260 
     D237393  5 0.0370 0.0822 0.0467 0.2631 0.0612 0.0661 0.3664 0.0772 
     D237394  5 0.0297 0.0868 0.0348 0.1456 0.0188 0.0486 0.0726 0.5631 
     D237395  5 0.1648 0.1550 0.0723 0.1528 0.0575 0.1028 0.0419 0.2529 
     D237396  5 0.0438 0.0174 0.0939 0.0943 0.0813 0.1346 0.4024 0.1322 
     D244016  5 0.0909 0.1529 0.0281 0.0774 0.0610 0.2423 0.0580 0.2894 
     D244018  5 0.0514 0.0377 0.0942 0.0867 0.2754 0.1103 0.0735 0.2709 
     D244019  5 0.0687 0.1331 0.0321 0.0866 0.1321 0.2927 0.1301 0.1246 
        D279  5 0.3238 0.0312 0.0528 0.0689 0.0635 0.1325 0.0372 0.2903 
        D280  5 0.0591 0.0428 0.0763 0.1641 0.0582 0.2133 0.1016 0.2845 
        D281  5 0.1067 0.0637 0.0265 0.0240 0.2223 0.1791 0.0361 0.3414 
        D283  5 0.0449 0.0356 0.0355 0.1300 0.0400 0.1208 0.1884 0.4048 
        D284  5 0.1259 0.0957 0.3038 0.0790 0.0606 0.1996 0.0739 0.0615 
        D285  5 0.1114 0.0713 0.0315 0.0581 0.0217 0.0879 0.0720 0.5461 
        D286  5 0.2712 0.1869 0.0821 0.0742 0.0409 0.1021 0.0983 0.1443 
        D287  5 0.1075 0.6333 0.0492 0.0567 0.0299 0.0524 0.0181 0.0529 
        D288  5 0.0401 0.0324 0.0398 0.1160 0.0563 0.1884 0.2419 0.2851 
        D308  5 0.0321 0.0302 0.0247 0.7341 0.0302 0.0488 0.0671 0.0328 
        D309  5 0.5209 0.0472 0.0554 0.0363 0.0321 0.1559 0.1288 0.0234 
        D310  5 0.0427 0.1195 0.0197 0.1489 0.0188 0.3377 0.0332 0.2795 
        D311  5 0.1155 0.4129 0.0480 0.0516 0.0363 0.1742 0.0895 0.0719 
        D312  5 0.1186 0.2646 0.1188 0.0722 0.0613 0.1226 0.1322 0.1097 
        D313  5 0.0205 0.0159 0.3430 0.5438 0.0148 0.0240 0.0181 0.0199 
        D314  5 0.2674 0.1319 0.0694 0.1050 0.0927 0.1550 0.0379 0.1407 
        D315  5 0.0656 0.1201 0.0679 0.1938 0.0720 0.1363 0.2636 0.0807 
        D317  5 0.0330 0.2552 0.0533 0.1018 0.0290 0.0628 0.1024 0.3624 
        D318  5 0.1082 0.0813 0.1824 0.0529 0.1411 0.2759 0.0936 0.0646 
        D319  5 0.0533 0.0991 0.0197 0.3935 0.0335 0.0850 0.0401 0.2759 
        D320  5 0.0699 0.1435 0.0479 0.1260 0.0249 0.0625 0.0481 0.4772 
        D321  5 0.0246 0.0216 0.0308 0.6211 0.0140 0.0451 0.0628 0.1799 
        D336  5 0.0465 0.5715 0.0282 0.0860 0.0266 0.0709 0.0410 0.1293 
        D337  5 0.0289 0.1425 0.0150 0.1019 0.0367 0.0462 0.0396 0.5892 
        D338  5 0.2850 0.0417 0.0532 0.0678 0.0458 0.1224 0.2259 0.1581 
        D339  5 0.0634 0.1308 0.0337 0.1874 0.0539 0.1578 0.0720 0.3010 
        D347  5 0.0602 0.5639 0.0301 0.0327 0.0962 0.0880 0.0911 0.0377 
        D348  5 0.0675 0.4049 0.0214 0.0892 0.0362 0.1238 0.0423 0.2147 
        D349  5 0.0197 0.0206 0.0148 0.8492 0.0187 0.0220 0.0191 0.0359 
        D350  5 0.7591 0.0364 0.0239 0.0307 0.0354 0.0502 0.0435 0.0208 
        D355  5 0.2052 0.0971 0.0242 0.0326 0.1493 0.2884 0.1437 0.0595 
        D356  5 0.0587 0.1143 0.1384 0.1032 0.0399 0.1020 0.2515 0.1922 
        D357  5 0.0999 0.3430 0.0443 0.0976 0.0484 0.2167 0.0814 0.0686 
        D358  5 0.1024 0.1553 0.0725 0.1601 0.0596 0.1371 0.0898 0.2232 
        D359  5 0.0607 0.0562 0.0205 0.1504 0.0227 0.1090 0.3874 0.1931 
        D360  5 0.0516 0.1092 0.1890 0.1030 0.0283 0.0808 0.1667 0.2715 
        D361  5 0.0195 0.0220 0.0224 0.8348 0.0229 0.0221 0.0348 0.0214 
        D366  5 0.0295 0.0356 0.0536 0.0277 0.3587 0.0615 0.3952 0.0384 
        D367  5 0.1356 0.2827 0.0357 0.2276 0.0276 0.1540 0.0314 0.1054 
        D368  5 0.0659 0.0687 0.0372 0.4602 0.0285 0.1581 0.1000 0.0812 
        D380  5 0.2628 0.0415 0.0960 0.0734 0.0600 0.2462 0.1606 0.0596 
        D381  5 0.0533 0.0592 0.0234 0.1362 0.0348 0.2405 0.1221 0.3306 
        D400  5 0.2038 0.2474 0.0462 0.0586 0.1112 0.1101 0.0881 0.1346 
        D411  5 0.0394 0.0564 0.7023 0.0434 0.0444 0.0761 0.0213 0.0167 
        D412  5 0.0742 0.1876 0.0709 0.1288 0.1317 0.2625 0.0882 0.0561 
        D413  5 0.0477 0.0244 0.0847 0.0291 0.5526 0.1186 0.0908 0.0522 
        D414  5 0.4941 0.1404 0.0337 0.0262 0.1449 0.0803 0.0372 0.0432 
        D420  5 0.0638 0.0727 0.2487 0.0605 0.0466 0.2010 0.0341 0.2727 
        D431  5 0.2056 0.1736 0.0611 0.1874 0.0681 0.1520 0.0220 0.1302 
        D432  5 0.0771 0.0837 0.1126 0.1813 0.0916 0.1145 0.0883 0.2508 
        D433  5 0.0408 0.1499 0.0248 0.2704 0.0553 0.0713 0.0764 0.3110 
        D434  5 0.0542 0.1433 0.0491 0.2629 0.0280 0.1186 0.0917 0.2522 
        D440  5 0.6660 0.0482 0.0198 0.0440 0.0282 0.1143 0.0601 0.0194 
        D447  5 0.1162 0.0672 0.1662 0.0351 0.1205 0.3247 0.1443 0.0258 
        D448  5 0.0440 0.6938 0.0242 0.0546 0.0279 0.0505 0.0519 0.0531 
        D459  5 0.1000 0.0410 0.0308 0.0261 0.3568 0.1095 0.1180 0.2178 
        D460  5 0.0206 0.0201 0.0247 0.7747 0.0246 0.0269 0.0682 0.0402 
        D461  5 0.5196 0.0602 0.0288 0.0359 0.0225 0.0639 0.2348 0.0344 
        D468  5 0.0527 0.2630 0.0663 0.1226 0.0654 0.2034 0.1710 0.0556 
        D469  5 0.0965 0.0610 0.0959 0.1040 0.0322 0.1028 0.4444 0.0632 
        D470  5 0.1532 0.3394 0.2094 0.0497 0.0260 0.1351 0.0550 0.0322 
        D471  5 0.1122 0.4342 0.0197 0.0610 0.0416 0.0801 0.0712 0.1800 
        D472  5 0.0261 0.0186 0.0227 0.0226 0.0966 0.0586 0.6884 0.0664 
        D479  5 0.0517 0.1861 0.0242 0.0242 0.6135 0.0463 0.0312 0.0228 
        D485  5 0.1568 0.5264 0.0570 0.0451 0.0717 0.0835 0.0324 0.0270 
        D486  5 0.0722 0.3452 0.1349 0.0967 0.0564 0.1718 0.0873 0.0357 
        D487  5 0.2085 0.0864 0.0460 0.0610 0.1091 0.1000 0.0303 0.3586 
        D555  5 0.0297 0.1726 0.0323 0.1349 0.1033 0.0463 0.0352 0.4458 
        D556  5 0.1965 0.0988 0.0521 0.1689 0.0458 0.1050 0.0431 0.2898 
        D557  5 0.0392 0.1743 0.0250 0.2479 0.0658 0.0640 0.0556 0.3281 
        D564  5 0.2019 0.1590 0.0575 0.2544 0.0496 0.1405 0.0701 0.0671 
        D594  5 0.0441 0.4020 0.0375 0.0579 0.0989 0.2292 0.1014 0.0290 
        D595  5 0.0829 0.1015 0.0606 0.1140 0.1330 0.1262 0.1855 0.1962 
        D596  5 0.0223 0.2030 0.0319 0.1698 0.0769 0.0468 0.0517 0.3976 
        D597  5 0.0713 0.0559 0.0307 0.0469 0.1945 0.0595 0.1028 0.4383 
        D598  5 0.1059 0.1443 0.1360 0.1361 0.0846 0.0899 0.1230 0.1803 
        D617  5 0.0395 0.0719 0.5455 0.0479 0.1597 0.0872 0.0222 0.0261 
        D618  5 0.0666 0.0578 0.0311 0.0778 0.0362 0.0435 0.0562 0.6309 
        D619  5 0.0307 0.2091 0.0208 0.3705 0.0727 0.1028 0.1536 0.0398 
        D620  5 0.0424 0.0234 0.0334 0.0321 0.6976 0.0294 0.0759 0.0658 
        D628  5 0.3081 0.2854 0.0849 0.0618 0.0595 0.0980 0.0577 0.0446 
        D714  5 0.1256 0.2818 0.0336 0.0453 0.0419 0.1018 0.0259 0.3441 
        D715  5 0.0340 0.0444 0.0207 0.0510 0.0355 0.0451 0.0855 0.6838 
        D716  5 0.0536 0.6449 0.0381 0.0192 0.0478 0.1071 0.0480 0.0413 
        D717  5 0.1114 0.0453 0.1007 0.1300 0.0392 0.0746 0.2739 0.2249 
        D718  5 0.0742 0.5919 0.0559 0.0449 0.0369 0.1367 0.0199 0.0395 
        D769  5 0.0563 0.1734 0.4664 0.0322 0.0984 0.1149 0.0303 0.0281 
        D770  5 0.2175 0.2562 0.0394 0.0388 0.1897 0.1174 0.0530 0.0880 
        D771  5 0.1057 0.1696 0.1031 0.0817 0.2271 0.1825 0.0528 0.0775 
        D772  5 0.2124 0.2726 0.0800 0.0671 0.0347 0.0746 0.0675 0.1913 
        D782  5 0.0357 0.0395 0.0971 0.1225 0.1003 0.4269 0.0428 0.1351 
        D783  5 0.1786 0.1538 0.0296 0.0448 0.3459 0.1205 0.0257 0.1010 
        D784  5 0.1838 0.0319 0.0517 0.0450 0.0349 0.1090 0.3451 0.1986 
        D785  5 0.0692 0.1983 0.0460 0.2690 0.0252 0.0619 0.0533 0.2769 
        D786  5 0.1073 0.1556 0.3327 0.0664 0.0744 0.0702 0.1709 0.0225 
        D821  5 0.0292 0.0951 0.0127 0.0817 0.0173 0.0277 0.0188 0.7175 
        D822  5 0.1030 0.1265 0.0325 0.1089 0.0732 0.2007 0.2607 0.0944 
        D826  5 0.1169 0.0693 0.0445 0.1343 0.1251 0.1187 0.0719 0.3194 
        D827  5 0.1179 0.1118 0.1005 0.0353 0.0902 0.3223 0.1905 0.0314 
        D851  5 0.1046 0.0750 0.0730 0.1282 0.0661 0.3148 0.1232 0.1152 
        D852  5 0.2725 0.0734 0.0442 0.1429 0.0928 0.0819 0.0343 0.2581 
        D853  5 0.1626 0.1004 0.0551 0.0971 0.0551 0.1029 0.0792 0.3476 
        D854  5 0.1257 0.1736 0.0750 0.0814 0.1287 0.2901 0.0787 0.0468 
        D861  5 0.1516 0.1051 0.0636 0.1225 0.1416 0.2582 0.0592 0.0982 
        D862  5 0.0569 0.2715 0.0607 0.1108 0.0317 0.1182 0.2779 0.0724 
        D865  5 0.0315 0.1325 0.0433 0.3269 0.0863 0.0824 0.0365 0.2606 
        D868  5 0.1045 0.0307 0.0441 0.0527 0.0315 0.0552 0.5916 0.0898 
        D869  5 0.0220 0.0548 0.6901 0.0515 0.0426 0.0683 0.0408 0.0300 
        D870  5 0.0282 0.0266 0.2171 0.0228 0.0702 0.5657 0.0468 0.0226 
        D907  5 0.0582 0.1502 0.0957 0.2536 0.0484 0.1934 0.0524 0.1482 
        D908  5 0.1123 0.1037 0.0218 0.1405 0.1296 0.0524 0.0293 0.4104 
        D910  5 0.0489 0.2590 0.0370 0.0799 0.1312 0.0899 0.0751 0.2791 
        D911  5 0.1618 0.0748 0.0225 0.0356 0.1111 0.2833 0.1007 0.2102 
        D934  5 0.1895 0.1727 0.0402 0.0489 0.1422 0.1819 0.0519 0.1727 
        D946  5 0.3309 0.1507 0.0390 0.1882 0.0798 0.1160 0.0251 0.0703 
        D947  5 0.3241 0.1030 0.0704 0.0587 0.0387 0.1303 0.1238 0.1511 
