        D174  1 0.0221 0.1373 0.0814 0.0740 0.0271 0.1345 0.0767 0.4469 
        D199  1 0.0344 0.0973 0.0420 0.2619 0.2194 0.1105 0.0957 0.1387 
        D203  1 0.0388 0.1529 0.0325 0.2699 0.1962 0.1097 0.1258 0.0741 
        D204  1 0.0661 0.0334 0.0241 0.7831 0.0269 0.0315 0.0178 0.0171 
     D237366  1 0.1109 0.0676 0.0152 0.0447 0.0433 0.1440 0.5000 0.0743 
     D237367  1 0.0575 0.1058 0.0582 0.3335 0.0330 0.1516 0.2297 0.0307 
     D237368  1 0.0455 0.0356 0.0476 0.1425 0.0348 0.0686 0.5190 0.1063 
     D244101  1 0.4288 0.0359 0.0229 0.1732 0.1818 0.1076 0.0267 0.0231 
     D244102  1 0.1064 0.4319 0.1113 0.0670 0.0551 0.0821 0.0997 0.0465 
     D244103  1 0.0322 0.0500 0.0586 0.1460 0.0237 0.5398 0.1049 0.0447 
     D244104  1 0.0277 0.0166 0.1883 0.5413 0.0425 0.0329 0.0494 0.1013 
     D244105  1 0.0346 0.0716 0.0590 0.0720 0.0201 0.3746 0.3491 0.0189 
     D244106  1 0.0256 0.1326 0.0220 0.0701 0.0734 0.1019 0.0335 0.5408 
     D244107  1 0.0672 0.0205 0.1686 0.0971 0.0503 0.1629 0.4198 0.0135 
     D244108  1 0.0329 0.1842 0.1227 0.1164 0.0442 0.0646 0.0755 0.3595 
     D244113  1 0.0954 0.2744 0.0753 0.0210 0.0321 0.0492 0.0332 0.4194 
     D244114  1 0.0755 0.1010 0.0373 0.0888 0.0762 0.4748 0.0584 0.0881 
     D244115  1 0.0324 0.0766 0.1192 0.1894 0.0241 0.1382 0.0894 0.3308 
     D267365  1 0.0503 0.0692 0.0591 0.3444 0.0546 0.0790 0.0956 0.2478 
        D404  1 0.0819 0.5505 0.0324 0.0265 0.0260 0.0524 0.0172 0.2132 
        D405  1 0.0571 0.5421 0.0555 0.1040 0.0613 0.0687 0.0467 0.0645 
        D406  1 0.0293 0.0221 0.0199 0.0403 0.0166 0.0270 0.8080 0.0369 
        D407  1 0.0133 0.0240 0.0187 0.6019 0.0454 0.1565 0.1198 0.0204 
        D408  1 0.0318 0.0729 0.1632 0.0484 0.0547 0.0711 0.0233 0.5347 
        D409  1 0.0321 0.0499 0.0425 0.0652 0.0294 0.7054 0.0396 0.0358 
        D410  1 0.0345 0.0447 0.5810 0.0926 0.0130 0.0410 0.1616 0.0314 
        D421  1 0.0120 0.0094 0.0152 0.8710 0.0201 0.0336 0.0152 0.0237 
        D422  1 0.0139 0.0125 0.0210 0.0641 0.0199 0.0686 0.7848 0.0152 
        D423  1 0.0159 0.0575 0.3971 0.1137 0.0431 0.0890 0.2645 0.0192 
        D424  1 0.0263 0.0273 0.0288 0.6048 0.0138 0.1815 0.0797 0.0378 
        D425  1 0.0272 0.0831 0.0523 0.5998 0.0193 0.0717 0.0260 0.1207 
        D426  1 0.0177 0.0117 0.0361 0.0425 0.0731 0.7626 0.0312 0.0251 
        D427  1 0.0171 0.0150 0.0388 0.2108 0.4478 0.0239 0.0331 0.2135 
        D428  1 0.0668 0.0982 0.0795 0.3377 0.0365 0.0953 0.1110 0.1750 
        D429  1 0.0341 0.1497 0.0255 0.3712 0.0409 0.1002 0.0572 0.2212 
        D430  1 0.0304 0.2835 0.0348 0.1010 0.0986 0.2696 0.0501 0.1319 
        D491  1 0.0211 0.0340 0.0773 0.0727 0.0168 0.0381 0.0195 0.7204 
        D492  1 0.0551 0.1400 0.0375 0.2960 0.0406 0.1874 0.1170 0.1263 
        D537  1 0.0601 0.0393 0.0384 0.6798 0.0154 0.0851 0.0589 0.0231 
        D538  1 0.0493 0.3408 0.0518 0.0694 0.0507 0.1376 0.1896 0.1108 
        D539  1 0.1572 0.1590 0.1255 0.0497 0.1082 0.0987 0.1175 0.1842 
        D540  1 0.0258 0.0610 0.2449 0.2730 0.0356 0.2389 0.0697 0.0510 
        D541  1 0.0170 0.0120 0.0205 0.8889 0.0156 0.0148 0.0170 0.0142 
        D551  1 0.0217 0.0233 0.0229 0.0626 0.1956 0.5641 0.0723 0.0375 
        D552  1 0.0761 0.0210 0.2696 0.1380 0.0393 0.0817 0.1840 0.1903 
        D553  1 0.0216 0.0091 0.0333 0.8551 0.0148 0.0196 0.0190 0.0276 
        D615  1 0.0230 0.1066 0.1336 0.4475 0.0669 0.0636 0.0682 0.0906 
        D616  1 0.0227 0.0378 0.0753 0.2800 0.1150 0.2059 0.1979 0.0655 
        D621  1 0.2967 0.0526 0.1155 0.0209 0.0241 0.0459 0.3595 0.0848 
        D622  1 0.0646 0.0293 0.1116 0.0464 0.0181 0.1360 0.5445 0.0495 
        D623  1 0.2073 0.2246 0.0369 0.0321 0.1254 0.0612 0.0301 0.2823 
        D624  1 0.0116 0.0222 0.0260 0.0574 0.0154 0.0302 0.0239 0.8132 
        D625  1 0.0368 0.0465 0.0480 0.6416 0.0173 0.0732 0.0521 0.0844 
        D626  1 0.0330 0.0547 0.2801 0.0786 0.0436 0.0751 0.1149 0.3200 
        D627  1 0.0222 0.0252 0.0206 0.0557 0.0453 0.7417 0.0510 0.0382 
        D690  1 0.0235 0.0168 0.0823 0.7449 0.0104 0.0248 0.0490 0.0482 
        D691  1 0.0218 0.0232 0.0259 0.0775 0.0211 0.0439 0.7537 0.0330 
        D710  1 0.1583 0.0489 0.0993 0.2441 0.0336 0.1315 0.1231 0.1612 
        D711  1 0.0307 0.0556 0.0185 0.7763 0.0174 0.0368 0.0334 0.0312 
        D712  1 0.0489 0.0798 0.0799 0.0373 0.0554 0.0306 0.0829 0.5853 
        D713  1 0.2063 0.2113 0.0352 0.1774 0.0191 0.1083 0.0814 0.1611 
        D746  1 0.0283 0.0143 0.0449 0.0579 0.0189 0.0312 0.7758 0.0286 
        D747  1 0.0219 0.0176 0.0134 0.8733 0.0234 0.0161 0.0148 0.0194 
        D748  1 0.0906 0.0512 0.0604 0.3368 0.0199 0.1355 0.2571 0.0485 
        D749  1 0.0752 0.0612 0.0418 0.0284 0.0390 0.1744 0.4607 0.1193 
        D750  1 0.0324 0.0397 0.0550 0.1553 0.0209 0.0418 0.0603 0.5946 
        D763  1 0.2413 0.0515 0.1552 0.0904 0.1504 0.1947 0.0904 0.0261 
        D764  1 0.0191 0.0225 0.0838 0.5026 0.0165 0.0337 0.0995 0.2224 
        D765  1 0.0196 0.1129 0.2758 0.0739 0.0174 0.0644 0.2386 0.1974 
        D766  1 0.1180 0.0582 0.3217 0.1443 0.0187 0.0844 0.2234 0.0312 
        D767  1 0.2376 0.3247 0.0348 0.1071 0.0411 0.0736 0.1483 0.0329 
        D768  1 0.0192 0.0170 0.0159 0.8669 0.0161 0.0316 0.0197 0.0135 
        D811  1 0.0211 0.5174 0.2274 0.0279 0.0159 0.0608 0.0175 0.1118 
        D816  1 0.0189 0.0198 0.0145 0.8708 0.0120 0.0158 0.0214 0.0269 
        D825  1 0.0249 0.2556 0.1840 0.1336 0.0138 0.1071 0.0518 0.2291 
        D866  1 0.0231 0.0897 0.1030 0.0654 0.2894 0.0998 0.0453 0.2843 
        D867  1 0.0801 0.0317 0.0300 0.0218 0.0273 0.0564 0.7312 0.0216 
        D871  1 0.0290 0.0406 0.0360 0.0457 0.0180 0.7618 0.0252 0.0436 
        D872  1 0.0417 0.2887 0.0402 0.3442 0.0350 0.0514 0.1623 0.0364 
        D873  1 0.0336 0.1359 0.5626 0.0085 0.0143 0.0245 0.2072 0.0133 
        D874  1 0.7428 0.0376 0.0196 0.0597 0.0219 0.0314 0.0138 0.0732 
        D875  1 0.0194 0.0328 0.0220 0.0314 0.0105 0.8190 0.0414 0.0234 
        D876  1 0.1293 0.0416 0.0634 0.4584 0.0216 0.0623 0.1038 0.1197 
        D877  1 0.0459 0.7247 0.0200 0.0314 0.0220 0.0364 0.0159 0.1036 
        D892  1 0.0499 0.1273 0.0240 0.3208 0.0183 0.1299 0.1710 0.1588 
        D893  1 0.0980 0.0349 0.0955 0.5664 0.0383 0.0718 0.0710 0.0241 
        D894  1 0.0349 0.0730 0.0376 0.5635 0.0317 0.1275 0.0484 0.0833 
        D915  1 0.0258 0.0334 0.0816 0.6264 0.0229 0.0865 0.0690 0.0544 
        D916  1 0.0146 0.0153 0.0162 0.8872 0.0139 0.0159 0.0186 0.0182 
        D917  1 0.1293 0.0623 0.0420 0.1453 0.0787 0.1152 0.0367 0.3907 
        D925  1 0.0182 0.0273 0.5982 0.1492 0.0143 0.0235 0.1158 0.0536 
        D926  1 0.0652 0.0546 0.0277 0.3829 0.0238 0.2644 0.0785 0.1030 
        D927  1 0.0679 0.0640 0.0298 0.3294 0.2676 0.1044 0.0855 0.0514 
        D928  1 0.0157 0.0357 0.0187 0.0597 0.0170 0.0203 0.0160 0.8169 
        D929  1 0.4072 0.3469 0.0276 0.0299 0.0151 0.0514 0.0762 0.0457 
        D936  1 0.2598 0.0362 0.0380 0.4568 0.0641 0.0728 0.0321 0.0401 
        D938  1 0.0345 0.0238 0.0729 0.0276 0.0151 0.0377 0.7652 0.0231 
        D956  1 0.0312 0.1459 0.0654 0.0316 0.0228 0.0535 0.0246 0.6250 
        D957  1 0.0649 0.2950 0.0782 0.1941 0.0327 0.0560 0.2308 0.0482 
        D958  1 0.0891 0.1002 0.1075 0.3118 0.0187 0.0667 0.2005 0.1055 
        D959  1 0.0102 0.0184 0.0150 0.6009 0.0237 0.2037 0.1137 0.0145 
        D960  1 0.0269 0.1210 0.0208 0.0359 0.0144 0.0364 0.7139 0.0307 
        D989  1 0.0350 0.0421 0.0343 0.0524 0.0768 0.0565 0.0363 0.6666 
        D990  1 0.0359 0.0196 0.5277 0.0201 0.0655 0.0423 0.1599 0.1290 
        D023  2 0.0148 0.0108 0.0261 0.0400 0.0150 0.0259 0.8494 0.0180 
        D130  2 0.0216 0.0807 0.0142 0.0746 0.0226 0.0356 0.7349 0.0157 
        D131  2 0.0609 0.0604 0.1321 0.2652 0.0622 0.3321 0.0347 0.0523 
        D163  2 0.0322 0.0208 0.0391 0.1210 0.0163 0.0690 0.6518 0.0499 
        D164  2 0.0161 0.0169 0.3121 0.0117 0.4907 0.0208 0.1212 0.0104 
        D165  2 0.0205 0.0146 0.0303 0.0281 0.0234 0.0246 0.8419 0.0166 
        D166  2 0.0786 0.6383 0.0383 0.0298 0.0359 0.1036 0.0606 0.0151 
        D167  2 0.0139 0.1245 0.0164 0.0146 0.7591 0.0213 0.0178 0.0323 
        D192  2 0.0236 0.0194 0.0144 0.0118 0.8747 0.0165 0.0201 0.0194 
        D193  2 0.0533 0.6860 0.0252 0.0184 0.0313 0.0700 0.0340 0.0818 
        D206  2 0.0593 0.0331 0.1293 0.2084 0.1367 0.2763 0.1323 0.0244 
        D207  2 0.0235 0.1358 0.0174 0.0442 0.6252 0.1036 0.0309 0.0194 
        D208  2 0.0725 0.0565 0.3023 0.0486 0.1442 0.0705 0.0389 0.2664 
        D209  2 0.2605 0.0420 0.1052 0.0469 0.2076 0.1881 0.1204 0.0293 
        D210  2 0.0365 0.0325 0.0302 0.0801 0.1601 0.0439 0.0272 0.5896 
     D229599  2 0.1982 0.0842 0.0761 0.2057 0.0672 0.1603 0.1458 0.0624 
     D229600  2 0.0214 0.0692 0.0163 0.0350 0.2241 0.0588 0.5496 0.0257 
     D237227  2 0.0288 0.0418 0.0856 0.0458 0.0684 0.0604 0.0881 0.5811 
     D237228  2 0.0177 0.1546 0.2648 0.0169 0.0736 0.1293 0.0931 0.2501 
     D237258  2 0.0762 0.1026 0.1321 0.0883 0.1479 0.1229 0.2490 0.0808 
     D237310  2 0.0454 0.5052 0.1484 0.0157 0.0357 0.0836 0.1244 0.0417 
     D237311  2 0.0202 0.1684 0.2654 0.0193 0.1688 0.1042 0.2228 0.0309 
     D237312  2 0.0653 0.5092 0.0930 0.0315 0.0199 0.1312 0.1027 0.0470 
     D237313  2 0.0897 0.0507 0.3351 0.2120 0.0278 0.1402 0.0559 0.0886 
     D237322  2 0.2149 0.2092 0.1226 0.0451 0.1110 0.1096 0.0649 0.1228 
     D237323  2 0.0318 0.2397 0.1741 0.0193 0.0307 0.0495 0.2685 0.1864 
     D237324  2 0.0558 0.0363 0.0311 0.0686 0.2453 0.1464 0.3956 0.0208 
     D237325  2 0.1067 0.2175 0.0800 0.0484 0.0397 0.1330 0.2770 0.0976 
     D237326  2 0.0368 0.0974 0.2608 0.1348 0.0472 0.0913 0.2274 0.1042 
     D237327  2 0.1466 0.0475 0.0323 0.0974 0.3129 0.1867 0.0877 0.0888 
     D237337  2 0.0267 0.0920 0.5125 0.0569 0.0186 0.0901 0.1332 0.0701 
     D237338  2 0.1601 0.0549 0.0909 0.0649 0.0862 0.1752 0.2385 0.1294 
     D237339  2 0.6102 0.0409 0.0330 0.0548 0.1401 0.0769 0.0270 0.0172 
     D237340  2 0.0485 0.1932 0.0826 0.0213 0.1769 0.0806 0.2405 0.1565 
     D237389  2 0.0284 0.4254 0.2114 0.0245 0.0485 0.1044 0.1397 0.0176 
     D237390  2 0.0661 0.3610 0.1304 0.0459 0.0230 0.1548 0.1470 0.0717 
     D244017  2 0.0243 0.4211 0.0229 0.0270 0.1907 0.0640 0.0587 0.1912 
     D244112  2 0.0139 0.1214 0.0239 0.0132 0.7348 0.0362 0.0365 0.0201 
     D244118  2 0.0358 0.0343 0.0197 0.0127 0.3954 0.0231 0.4510 0.0280 
     D244119  2 0.0142 0.0262 0.0221 0.0202 0.2768 0.0200 0.0244 0.5961 
     D244120  2 0.0557 0.4288 0.0198 0.0134 0.3554 0.0575 0.0330 0.0362 
     D244122  2 0.0372 0.1072 0.0800 0.0347 0.5675 0.0449 0.0936 0.0349 
        D291  2 0.0425 0.0769 0.1340 0.0836 0.2892 0.2058 0.1400 0.0281 
        D292  2 0.0461 0.0863 0.0713 0.2386 0.3804 0.0518 0.0327 0.0929 
        D293  2 0.1190 0.0158 0.0137 0.1834 0.5758 0.0594 0.0133 0.0196 
        D322  2 0.1603 0.0321 0.0322 0.1838 0.4027 0.1012 0.0594 0.0282 
        D323  2 0.1654 0.1183 0.2917 0.0808 0.0830 0.1731 0.0498 0.0378 
        D324  2 0.0354 0.0476 0.0957 0.1605 0.1534 0.2409 0.1777 0.0888 
        D325  2 0.0281 0.0128 0.0140 0.0434 0.8095 0.0646 0.0171 0.0104 
        D326  2 0.0175 0.0134 0.0118 0.8735 0.0222 0.0208 0.0109 0.0299 
        D340  2 0.0190 0.0123 0.0149 0.0215 0.8760 0.0243 0.0131 0.0190 
        D341  2 0.0493 0.0371 0.0737 0.0649 0.6065 0.0817 0.0380 0.0487 
        D342  2 0.0256 0.0994 0.1598 0.0207 0.3632 0.1613 0.1466 0.0234 
        D343  2 0.0150 0.0088 0.0088 0.0182 0.9107 0.0173 0.0127 0.0086 
        D344  2 0.3370 0.2533 0.0275 0.1689 0.0345 0.1267 0.0288 0.0234 
        D345  2 0.2284 0.0236 0.4103 0.1291 0.0250 0.0620 0.0789 0.0428 
        D346  2 0.0495 0.0453 0.1840 0.0585 0.0608 0.0873 0.0293 0.4854 
        D351  2 0.1063 0.0822 0.0733 0.2742 0.0903 0.2708 0.0735 0.0293 
        D352  2 0.6821 0.0361 0.0377 0.0237 0.0388 0.0926 0.0235 0.0655 
        D353  2 0.1737 0.0365 0.0321 0.3173 0.0305 0.3683 0.0243 0.0172 
        D354  2 0.6751 0.0513 0.0648 0.0777 0.0134 0.0408 0.0254 0.0516 
        D362  2 0.0199 0.0423 0.0343 0.7749 0.0187 0.0447 0.0418 0.0235 
        D363  2 0.0184 0.0279 0.0638 0.7497 0.0229 0.0349 0.0327 0.0498 
        D364  2 0.3163 0.0556 0.0962 0.3691 0.0208 0.0681 0.0295 0.0446 
        D365  2 0.0298 0.0148 0.0134 0.0344 0.8549 0.0235 0.0103 0.0188 
        D369  2 0.0254 0.0435 0.1670 0.1958 0.1967 0.1007 0.0588 0.2123 
        D374  2 0.0259 0.6189 0.0255 0.0178 0.0171 0.0273 0.0136 0.2539 
        D375  2 0.7525 0.0632 0.0269 0.0204 0.0138 0.0834 0.0229 0.0169 
        D376  2 0.0638 0.4520 0.0466 0.0169 0.0299 0.0479 0.0236 0.3192 
        D377  2 0.0570 0.1180 0.4446 0.0341 0.0631 0.1602 0.0622 0.0609 
        D378  2 0.3180 0.0169 0.0789 0.1766 0.1741 0.1204 0.0827 0.0324 
        D379  2 0.0740 0.0230 0.0491 0.7467 0.0182 0.0439 0.0245 0.0206 
        D384  2 0.0137 0.0134 0.0235 0.8796 0.0149 0.0156 0.0114 0.0279 
        D385  2 0.1165 0.0385 0.0349 0.0262 0.6990 0.0333 0.0141 0.0375 
        D386  2 0.5926 0.0278 0.0531 0.1214 0.0362 0.0851 0.0666 0.0172 
        D391  2 0.1137 0.0220 0.0334 0.0356 0.7275 0.0321 0.0183 0.0176 
        D392  2 0.0258 0.0396 0.0566 0.0736 0.6284 0.0545 0.0615 0.0600 
        D393  2 0.3066 0.0195 0.1495 0.2459 0.1180 0.0815 0.0504 0.0286 
        D394  2 0.1991 0.1250 0.0715 0.0960 0.0514 0.1190 0.2890 0.0490 
        D395  2 0.5302 0.0490 0.0209 0.0210 0.1885 0.1391 0.0238 0.0275 
        D401  2 0.0110 0.0976 0.6465 0.0248 0.0251 0.0574 0.0950 0.0425 
        D402  2 0.0450 0.0202 0.0401 0.0191 0.8255 0.0210 0.0133 0.0158 
        D403  2 0.1430 0.0818 0.0334 0.3427 0.0345 0.2093 0.1321 0.0231 
        D415  2 0.0358 0.0391 0.0330 0.5572 0.0172 0.2660 0.0374 0.0144 
        D435  2 0.0604 0.0165 0.0411 0.5680 0.1819 0.0651 0.0478 0.0191 
        D436  2 0.4506 0.0832 0.0173 0.2202 0.0263 0.0996 0.0360 0.0667 
        D438  2 0.0142 0.0110 0.0175 0.0146 0.8793 0.0275 0.0178 0.0182 
        D439  2 0.6559 0.0155 0.0716 0.0551 0.0279 0.1238 0.0347 0.0156 
        D449  2 0.0211 0.0214 0.0515 0.1968 0.2970 0.3359 0.0521 0.0241 
        D450  2 0.2922 0.0901 0.0758 0.1069 0.0270 0.1898 0.0538 0.1644 
        D456  2 0.0165 0.0131 0.0175 0.8679 0.0139 0.0294 0.0208 0.0209 
        D462  2 0.1425 0.0168 0.0143 0.0403 0.7248 0.0227 0.0219 0.0166 
        D463  2 0.0239 0.0182 0.0152 0.8659 0.0107 0.0213 0.0157 0.0292 
        D464  2 0.4569 0.1050 0.0264 0.0859 0.0364 0.2296 0.0243 0.0355 
        D465  2 0.0221 0.0711 0.0459 0.2720 0.3283 0.1814 0.0504 0.0290 
        D473  2 0.0957 0.0645 0.0805 0.0244 0.0369 0.0613 0.0837 0.5529 
        D474  2 0.0393 0.0171 0.0953 0.5606 0.0960 0.0511 0.0667 0.0740 
        D476  2 0.4855 0.0143 0.0176 0.0227 0.0532 0.0390 0.3512 0.0164 
        D477  2 0.3329 0.0328 0.2394 0.1928 0.0365 0.0679 0.0303 0.0674 
        D478  2 0.1029 0.1092 0.0328 0.0600 0.0405 0.2206 0.2872 0.1468 
        D480  2 0.2855 0.0444 0.0646 0.2664 0.1087 0.0943 0.0280 0.1082 
        D481  2 0.2278 0.0442 0.0861 0.2655 0.0415 0.0850 0.1348 0.1151 
        D482  2 0.5011 0.0722 0.1143 0.0218 0.0530 0.0753 0.0538 0.1085 
        D483  2 0.0215 0.0254 0.0188 0.0181 0.7769 0.0235 0.0359 0.0800 
        D484  2 0.8043 0.0734 0.0173 0.0089 0.0197 0.0391 0.0163 0.0211 
        D510  2 0.0376 0.2298 0.0377 0.0312 0.0512 0.0472 0.0249 0.5404 
        D511  2 0.7419 0.0211 0.0369 0.0601 0.0453 0.0378 0.0397 0.0172 
        D512  2 0.0437 0.2749 0.1896 0.0342 0.1162 0.1942 0.1327 0.0145 
        D513  2 0.0268 0.0494 0.0609 0.0951 0.5339 0.1434 0.0342 0.0564 
        D635  2 0.0242 0.0190 0.0657 0.2615 0.0275 0.1059 0.4653 0.0308 
        D636  2 0.0152 0.0130 0.1037 0.0221 0.0132 0.0208 0.7956 0.0165 
        D637  2 0.3228 0.1149 0.1071 0.0327 0.1398 0.1555 0.0444 0.0827 
        D658  2 0.2568 0.0731 0.0308 0.0300 0.4047 0.0599 0.0482 0.0965 
        D659  2 0.0464 0.0174 0.0293 0.6821 0.0374 0.0831 0.0659 0.0383 
        D677  2 0.0631 0.0995 0.1025 0.3647 0.0660 0.1185 0.1629 0.0228 
        D678  2 0.0425 0.1893 0.0646 0.0249 0.4944 0.1209 0.0463 0.0169 
        D679  2 0.0803 0.0311 0.1926 0.4124 0.0745 0.1228 0.0312 0.0552 
        D719  2 0.0484 0.0245 0.0521 0.1874 0.2162 0.0408 0.0153 0.4153 
        D720  2 0.0183 0.0216 0.0472 0.7374 0.0262 0.0486 0.0296 0.0711 
        D721  2 0.0348 0.0147 0.0329 0.0431 0.0356 0.0544 0.7386 0.0459 
        D722  2 0.0264 0.5560 0.0540 0.0243 0.0590 0.0473 0.0438 0.1891 
        D734  2 0.6779 0.0218 0.0176 0.0213 0.0521 0.0289 0.0136 0.1669 
        D735  2 0.1017 0.0448 0.3955 0.1998 0.0491 0.0945 0.0343 0.0802 
        D736  2 0.0629 0.0282 0.0500 0.0731 0.1572 0.1117 0.0744 0.4424 
        D737  2 0.2317 0.0692 0.0348 0.0191 0.4254 0.0456 0.1262 0.0480 
        D807  2 0.1095 0.0772 0.1533 0.1666 0.0800 0.0737 0.0577 0.2819 
        D808  2 0.0747 0.1819 0.0670 0.1093 0.1305 0.2413 0.1537 0.0417 
        D817  2 0.1290 0.0516 0.4021 0.2586 0.0194 0.0733 0.0309 0.0352 
        D818  2 0.0546 0.0559 0.0224 0.0611 0.3262 0.3383 0.1059 0.0355 
        D819  2 0.0318 0.0727 0.5550 0.0994 0.0250 0.1230 0.0604 0.0326 
        D820  2 0.0970 0.0170 0.0126 0.7398 0.0349 0.0559 0.0179 0.0249 
        D895  2 0.0754 0.0351 0.1954 0.3916 0.0240 0.1356 0.1027 0.0403 
        D896  2 0.0230 0.1665 0.4817 0.0217 0.0171 0.0481 0.1904 0.0514 
        D897  2 0.0507 0.1082 0.1179 0.0337 0.4434 0.1748 0.0401 0.0311 
        D898  2 0.0771 0.2795 0.2561 0.0517 0.0501 0.1848 0.0417 0.0590 
        D918  2 0.1473 0.1212 0.1034 0.0546 0.0859 0.2275 0.1761 0.0839 
        D919  2 0.4603 0.0592 0.0229 0.1354 0.1017 0.1510 0.0399 0.0297 
        D920  2 0.0355 0.0544 0.0406 0.0266 0.0243 0.0305 0.7352 0.0529 
        D923  2 0.1021 0.0311 0.0254 0.7206 0.0241 0.0506 0.0243 0.0218 
        D930  2 0.1863 0.0804 0.1264 0.1865 0.0451 0.2103 0.0347 0.1302 
        D931  2 0.3475 0.0504 0.0533 0.2784 0.0967 0.0730 0.0481 0.0526 
        D968  2 0.0170 0.0165 0.0161 0.0198 0.8877 0.0186 0.0113 0.0130 
        D969  2 0.0675 0.0683 0.0558 0.2938 0.2884 0.1028 0.0418 0.0817 
        D977  2 0.0425 0.0342 0.0276 0.0327 0.6632 0.1481 0.0328 0.0189 
        D978  2 0.0449 0.1880 0.0968 0.0527 0.2514 0.2854 0.0277 0.0532 
        D211  3 0.0541 0.0632 0.1613 0.0799 0.0213 0.1247 0.4596 0.0360 
     D229639  3 0.0363 0.0699 0.1063 0.0913 0.4367 0.0498 0.0320 0.1778 
     D237212  3 0.3220 0.0499 0.1616 0.0764 0.1155 0.1416 0.0932 0.0397 
     D237213  3 0.0863 0.1044 0.4990 0.0420 0.0248 0.1548 0.0711 0.0175 
     D237214  3 0.0164 0.0246 0.0155 0.0255 0.0101 0.0936 0.7870 0.0272 
     D237215  3 0.0192 0.1485 0.0407 0.0169 0.6805 0.0219 0.0172 0.0552 
     D237216  3 0.0626 0.0365 0.1287 0.0471 0.0341 0.5676 0.0924 0.0311 
     D237217  3 0.0351 0.0305 0.1421 0.1927 0.0492 0.2525 0.2807 0.0174 
     D237218  3 0.4386 0.0242 0.0603 0.0834 0.0711 0.1788 0.0582 0.0855 
     D237219  3 0.0298 0.0312 0.6193 0.0433 0.0345 0.0703 0.0756 0.0959 
     D237382  3 0.0292 0.5510 0.0513 0.0849 0.0398 0.1056 0.0506 0.0875 
     D244127  3 0.0386 0.0971 0.4541 0.0321 0.1012 0.1020 0.1500 0.0249 
     D244129  3 0.0887 0.0891 0.1527 0.1285 0.0951 0.2125 0.1713 0.0621 
     D244133  3 0.0141 0.0712 0.4733 0.0955 0.0935 0.0858 0.0708 0.0959 
     D244134  3 0.0301 0.0276 0.4432 0.0456 0.0733 0.0354 0.0452 0.2996 
     D244135  3 0.0372 0.0195 0.0678 0.0399 0.0382 0.0911 0.6885 0.0176 
     D244136  3 0.0299 0.0877 0.1871 0.2069 0.1009 0.1695 0.0508 0.1672 
        D416  3 0.0529 0.0273 0.3211 0.1234 0.1009 0.2440 0.0903 0.0403 
        D417  3 0.0333 0.0343 0.0288 0.7675 0.0165 0.0645 0.0306 0.0245 
        D419  3 0.0692 0.0399 0.2730 0.1916 0.1025 0.1219 0.1133 0.0886 
        D565  3 0.0162 0.0179 0.0371 0.0383 0.0155 0.0261 0.0173 0.8315 
        D566  3 0.0195 0.0696 0.1058 0.0695 0.2921 0.0776 0.0338 0.3321 
        D567  3 0.0568 0.0432 0.1213 0.5612 0.0380 0.0487 0.1047 0.0261 
        D568  3 0.2168 0.0498 0.0744 0.2123 0.1046 0.1249 0.1952 0.0221 
        D569  3 0.6008 0.0698 0.0374 0.0246 0.0549 0.1032 0.0649 0.0445 
        D573  3 0.0325 0.0184 0.0399 0.1141 0.6880 0.0496 0.0193 0.0382 
        D574  3 0.0379 0.1522 0.1211 0.0464 0.0508 0.1762 0.0572 0.3583 
        D575  3 0.0179 0.0146 0.8129 0.0283 0.0218 0.0359 0.0377 0.0310 
        D576  3 0.0214 0.1054 0.0465 0.0088 0.7223 0.0336 0.0331 0.0288 
        D577  3 0.0745 0.0760 0.0934 0.4801 0.0318 0.0993 0.1023 0.0427 
        D578  3 0.0130 0.0282 0.0179 0.0135 0.0234 0.0536 0.8360 0.0144 
        D579  3 0.1448 0.0407 0.1280 0.1613 0.1293 0.1093 0.0757 0.2109 
        D660  3 0.1044 0.0759 0.1961 0.0297 0.2943 0.2049 0.0760 0.0186 
        D661  3 0.1273 0.0367 0.0359 0.0349 0.4363 0.2092 0.0970 0.0228 
        D663  3 0.0361 0.0602 0.0243 0.0373 0.7018 0.0955 0.0269 0.0177 
        D664  3 0.0371 0.0751 0.3980 0.0191 0.0876 0.1422 0.1793 0.0616 
        D665  3 0.0846 0.3073 0.3121 0.0212 0.0324 0.1416 0.0881 0.0126 
        D666  3 0.0323 0.0231 0.7443 0.0373 0.0178 0.0536 0.0291 0.0624 
        D009  4 0.1983 0.0933 0.0736 0.1563 0.0248 0.1936 0.2198 0.0404 
        D057  4 0.5445 0.0227 0.0113 0.0257 0.1202 0.0198 0.2252 0.0306 
        D109  4 0.0432 0.0656 0.5740 0.0377 0.0198 0.1124 0.1000 0.0473 
     D237222  4 0.0283 0.1660 0.0281 0.0437 0.0297 0.0343 0.5660 0.1039 
     D237223  4 0.0695 0.1189 0.0733 0.0586 0.0746 0.2791 0.1939 0.1321 
     D237224  4 0.2988 0.0506 0.1138 0.1398 0.2163 0.0812 0.0683 0.0313 
     D237225  4 0.1242 0.0715 0.0815 0.2034 0.0319 0.3116 0.1143 0.0616 
     D237299  4 0.0231 0.2243 0.0280 0.0216 0.0258 0.5760 0.0505 0.0507 
     D237300  4 0.0357 0.0362 0.1663 0.0172 0.5974 0.0705 0.0255 0.0513 
     D237306  4 0.0436 0.1908 0.0242 0.0964 0.0261 0.0995 0.0478 0.4716 
     D237307  4 0.0169 0.0902 0.0791 0.4678 0.0460 0.0892 0.0356 0.1751 
     D237308  4 0.2613 0.0364 0.0777 0.0474 0.3252 0.0558 0.1186 0.0775 
     D237309  4 0.0992 0.1093 0.0778 0.1765 0.0536 0.2214 0.2322 0.0301 
     D237317  4 0.0381 0.0534 0.0547 0.2388 0.0358 0.0849 0.0510 0.4433 
     D237318  4 0.0139 0.0255 0.0312 0.0249 0.8398 0.0308 0.0123 0.0217 
     D237319  4 0.0463 0.3091 0.0484 0.0899 0.0475 0.2235 0.1983 0.0371 
     D237320  4 0.0454 0.0559 0.0680 0.0814 0.1367 0.2865 0.2807 0.0453 
     D237321  4 0.0315 0.0576 0.1117 0.0592 0.5368 0.0828 0.0535 0.0670 
     D237397  4 0.0379 0.0713 0.0739 0.0775 0.1703 0.1831 0.1222 0.2638 
     D237398  4 0.0658 0.0669 0.0283 0.0881 0.4110 0.2576 0.0542 0.0281 
     D237399  4 0.0528 0.1205 0.0329 0.1373 0.1064 0.1458 0.1122 0.2920 
     D244001  4 0.0763 0.0958 0.0249 0.0393 0.0478 0.1043 0.5791 0.0324 
        D289  4 0.3305 0.0298 0.0338 0.0785 0.0672 0.0703 0.0488 0.3412 
        D290  4 0.0255 0.7748 0.0154 0.0624 0.0363 0.0283 0.0263 0.0310 
        D294  4 0.3688 0.1311 0.0269 0.0702 0.0341 0.2654 0.0620 0.0416 
        D295  4 0.1032 0.1583 0.1672 0.3826 0.0270 0.0775 0.0420 0.0422 
        D301  4 0.0369 0.1344 0.0394 0.0264 0.0420 0.0455 0.6333 0.0421 
        D302  4 0.7723 0.0584 0.0176 0.0576 0.0107 0.0310 0.0390 0.0134 
        D303  4 0.1130 0.0661 0.0509 0.0389 0.0403 0.0475 0.0481 0.5953 
        D304  4 0.0462 0.5216 0.0351 0.0873 0.0445 0.1105 0.0465 0.1084 
        D305  4 0.6313 0.0324 0.0438 0.0281 0.0638 0.1341 0.0536 0.0128 
        D306  4 0.0186 0.7958 0.0188 0.0373 0.0148 0.0525 0.0349 0.0274 
        D307  4 0.0579 0.0241 0.0402 0.0173 0.0274 0.0263 0.7491 0.0576 
        D327  4 0.0493 0.0472 0.0327 0.5502 0.0456 0.1603 0.0390 0.0758 
        D328  4 0.4938 0.1849 0.0603 0.0236 0.0232 0.0590 0.0405 0.1147 
        D329  4 0.3722 0.0843 0.0567 0.0688 0.1209 0.1216 0.1334 0.0421 
        D330  4 0.0494 0.1260 0.0641 0.3714 0.0287 0.2164 0.1269 0.0170 
        D331  4 0.0398 0.3567 0.0895 0.1759 0.0640 0.0904 0.0821 0.1016 
        D333  4 0.3041 0.1773 0.0959 0.0725 0.0748 0.0847 0.0954 0.0952 
        D334  4 0.0733 0.0435 0.0260 0.0504 0.0183 0.0480 0.0669 0.6736 
        D335  4 0.4941 0.0697 0.0257 0.2689 0.0331 0.0480 0.0319 0.0287 
        D370  4 0.0559 0.6376 0.1205 0.0393 0.0274 0.0455 0.0345 0.0394 
        D371  4 0.0238 0.0406 0.0340 0.1257 0.0242 0.0464 0.0208 0.6845 
        D372  4 0.0235 0.2423 0.0573 0.0171 0.4547 0.1035 0.0255 0.0761 
        D373  4 0.0825 0.0170 0.0525 0.0392 0.0633 0.0532 0.6681 0.0241 
        D455  4 0.1024 0.0269 0.0208 0.0308 0.0350 0.0305 0.7239 0.0296 
        D490  4 0.0405 0.0337 0.0225 0.0248 0.0113 0.0395 0.8007 0.0272 
        D497  4 0.0721 0.0410 0.0614 0.0184 0.0185 0.0519 0.7143 0.0224 
        D498  4 0.0271 0.5591 0.0786 0.0623 0.0479 0.0853 0.0447 0.0949 
        D499  4 0.1510 0.0829 0.1646 0.0269 0.2350 0.1766 0.0249 0.1381 
        D514  4 0.1062 0.2999 0.0836 0.2807 0.0377 0.1308 0.0434 0.0176 
        D515  4 0.0420 0.2548 0.0400 0.0550 0.0285 0.3628 0.1845 0.0325 
        D516  4 0.0320 0.0746 0.4623 0.1597 0.0547 0.0917 0.0752 0.0498 
        D517  4 0.0348 0.0233 0.0355 0.0605 0.0623 0.0890 0.6701 0.0245 
        D518  4 0.6272 0.0293 0.0140 0.0412 0.0275 0.0280 0.1789 0.0538 
        D519  4 0.0288 0.0545 0.0497 0.0843 0.0490 0.4228 0.2815 0.0292 
        D560  4 0.0866 0.1092 0.0266 0.1272 0.0591 0.4143 0.1588 0.0182 
        D561  4 0.0518 0.0523 0.0195 0.0949 0.0455 0.5442 0.1763 0.0155 
        D562  4 0.1811 0.1992 0.0402 0.0592 0.0626 0.1581 0.2295 0.0701 
        D563  4 0.2253 0.0640 0.0583 0.0320 0.3191 0.1971 0.0862 0.0179 
        D572  4 0.7716 0.0409 0.0143 0.0439 0.0185 0.0409 0.0424 0.0275 
        D629  4 0.1213 0.0204 0.3346 0.1684 0.0275 0.0979 0.2056 0.0242 
        D630  4 0.1113 0.2803 0.0233 0.1250 0.0463 0.1328 0.2039 0.0772 
        D631  4 0.8316 0.0297 0.0157 0.0173 0.0385 0.0248 0.0272 0.0153 
        D632  4 0.2005 0.0256 0.0832 0.0466 0.0910 0.0378 0.4948 0.0205 
        D646  4 0.0581 0.0389 0.0818 0.3318 0.0582 0.2742 0.1209 0.0361 
        D647  4 0.0866 0.1429 0.0287 0.4350 0.0540 0.0782 0.1576 0.0170 
        D648  4 0.5191 0.3097 0.0243 0.0203 0.0190 0.0359 0.0246 0.0471 
        D649  4 0.2067 0.0323 0.2892 0.2673 0.0225 0.0458 0.1107 0.0254 
        D650  4 0.1663 0.0746 0.0754 0.2054 0.0366 0.1960 0.1184 0.1271 
        D708  4 0.3854 0.0786 0.0942 0.0453 0.0295 0.1494 0.0504 0.1673 
        D709  4 0.0308 0.7535 0.0580 0.0387 0.0160 0.0511 0.0204 0.0315 
        D738  4 0.0293 0.0693 0.0351 0.1185 0.0203 0.0621 0.0918 0.5736 
        D739  4 0.1136 0.3060 0.0503 0.0388 0.0356 0.1700 0.2435 0.0422 
        D740  4 0.0945 0.0523 0.2112 0.0240 0.0514 0.3264 0.0847 0.1554 
        D741  4 0.0389 0.0508 0.0392 0.1838 0.0992 0.5112 0.0553 0.0216 
        D742  4 0.1488 0.0540 0.0538 0.0425 0.2927 0.1729 0.0743 0.1610 
        D743  4 0.5294 0.0225 0.0234 0.2696 0.0428 0.0575 0.0307 0.0242 
        D744  4 0.7918 0.0224 0.0222 0.0253 0.0257 0.0692 0.0270 0.0164 
        D745  4 0.0467 0.0705 0.0631 0.0409 0.0226 0.4636 0.2674 0.0252 
        D814  4 0.0878 0.0671 0.0215 0.0712 0.1453 0.4815 0.1021 0.0234 
        D815  4 0.3635 0.3070 0.0639 0.1177 0.0338 0.0493 0.0378 0.0270 
        D828  4 0.0523 0.7588 0.0247 0.0133 0.0318 0.0470 0.0228 0.0493 
        D845  4 0.0375 0.0180 0.0489 0.0335 0.6548 0.0492 0.0219 0.1363 
        D846  4 0.4890 0.0474 0.0353 0.1330 0.0850 0.0849 0.1124 0.0130 
        D847  4 0.0841 0.1059 0.0503 0.1299 0.0863 0.1843 0.2060 0.1532 
        D848  4 0.0403 0.0262 0.0205 0.0150 0.1220 0.0310 0.7214 0.0237 
        D849  4 0.0630 0.2538 0.1434 0.0487 0.0304 0.2184 0.2209 0.0214 
        D850  4 0.0530 0.0189 0.0485 0.1833 0.1062 0.2443 0.2476 0.0981 
        D856  4 0.0730 0.3563 0.0748 0.0522 0.0277 0.2812 0.0929 0.0420 
        D857  4 0.0252 0.2949 0.3434 0.0119 0.0376 0.0356 0.2252 0.0262 
        D859  4 0.6219 0.0499 0.0249 0.0816 0.0569 0.0969 0.0378 0.0301 
        D860  4 0.0946 0.0280 0.0231 0.1069 0.1231 0.0351 0.0285 0.5608 
        D883  4 0.0884 0.1045 0.1677 0.2461 0.0323 0.0686 0.1967 0.0959 
        D884  4 0.1187 0.1631 0.1160 0.1306 0.0211 0.2547 0.0972 0.0985 
        D885  4 0.0783 0.0222 0.0883 0.0870 0.0683 0.5859 0.0377 0.0323 
        D886  4 0.0576 0.3235 0.0531 0.1529 0.0356 0.0456 0.3034 0.0283 
        D887  4 0.1952 0.1493 0.0651 0.1138 0.1808 0.1624 0.0655 0.0681 
        D889  4 0.0810 0.5010 0.0328 0.0525 0.1344 0.1237 0.0226 0.0520 
        D890  4 0.1389 0.1532 0.3647 0.0420 0.0455 0.0782 0.1007 0.0768 
        D891  4 0.0133 0.0127 0.0249 0.0148 0.8663 0.0335 0.0150 0.0195 
        D899  4 0.1177 0.0761 0.0425 0.0369 0.5641 0.0521 0.0282 0.0824 
        D900  4 0.1348 0.1798 0.0520 0.1583 0.0735 0.2316 0.0804 0.0896 
        D970  4 0.5320 0.0340 0.0520 0.1257 0.0623 0.0717 0.0569 0.0653 
        D971  4 0.1774 0.0791 0.0735 0.0836 0.4022 0.0724 0.0367 0.0752 
        D979  4 0.3697 0.0425 0.0275 0.4151 0.0267 0.0585 0.0262 0.0338 
        D093  5 0.0245 0.0503 0.0297 0.0385 0.0372 0.0339 0.0290 0.7568 
        D154  5 0.0729 0.1259 0.1946 0.0324 0.2468 0.2566 0.0241 0.0467 
        D168  5 0.0571 0.0665 0.2889 0.0750 0.1784 0.1795 0.1327 0.0219 
        D189  5 0.0251 0.2608 0.0270 0.0498 0.1120 0.0730 0.0333 0.4189 
        D190  5 0.0535 0.0430 0.1418 0.0295 0.0288 0.0303 0.0205 0.6526 
     D237220  5 0.1739 0.0848 0.0922 0.0370 0.0395 0.1707 0.2101 0.1919 
     D237221  5 0.1167 0.0461 0.1475 0.0715 0.1315 0.0738 0.0409 0.3720 
     D237274  5 0.1111 0.0716 0.0374 0.5850 0.0425 0.1078 0.0277 0.0166 
     D237275  5 0.0168 0.1832 0.0404 0.0172 0.6458 0.0488 0.0197 0.0281 
     D237276  5 0.0673 0.2148 0.1670 0.1611 0.0296 0.1033 0.0826 0.1742 
     D237277  5 0.0942 0.0327 0.1620 0.0399 0.0736 0.0635 0.0194 0.5147 
     D237278  5 0.0862 0.0629 0.0528 0.0522 0.2299 0.1108 0.1131 0.2920 
     D237279  5 0.0805 0.0261 0.3786 0.0413 0.0257 0.2330 0.1927 0.0221 
     D237280  5 0.0482 0.0411 0.6161 0.1191 0.0162 0.0369 0.0844 0.0379 
     D237281  5 0.0243 0.0195 0.0198 0.0358 0.7915 0.0673 0.0153 0.0265 
     D237351  5 0.0194 0.0173 0.8664 0.0147 0.0147 0.0192 0.0186 0.0297 
     D237352  5 0.2141 0.0557 0.0838 0.0983 0.0368 0.0767 0.3777 0.0569 
     D237353  5 0.0435 0.0266 0.2579 0.0197 0.0236 0.0220 0.0153 0.5913 
     D237359  5 0.1570 0.0956 0.1182 0.0517 0.0583 0.2869 0.1293 0.1031 
     D237361  5 0.0166 0.0238 0.0409 0.0300 0.0196 0.0246 0.0160 0.8284 
     D237362  5 0.0516 0.0271 0.5766 0.0898 0.0495 0.1074 0.0313 0.0666 
     D237363  5 0.0194 0.0661 0.1044 0.0389 0.1058 0.5887 0.0380 0.0388 
     D237364  5 0.2175 0.1002 0.0452 0.0816 0.1222 0.2968 0.1193 0.0172 
     D237376  5 0.0694 0.7758 0.0174 0.0128 0.0298 0.0290 0.0170 0.0488 
     D237377  5 0.0421 0.0208 0.6103 0.1081 0.0285 0.0621 0.0362 0.0918 
     D237378  5 0.1459 0.1135 0.0473 0.0231 0.0694 0.0586 0.0304 0.5119 
     D237379  5 0.3087 0.1055 0.0225 0.0299 0.0284 0.1581 0.0411 0.3058 
     D237380  5 0.0867 0.4324 0.1782 0.0386 0.0143 0.0517 0.1585 0.0395 
     D237381  5 0.1119 0.1472 0.1261 0.0523 0.0604 0.0858 0.3397 0.0765 
     D237391  5 0.0267 0.0164 0.0254 0.0231 0.0170 0.0288 0.0185 0.8441 
     D237392  5 0.0618 0.1358 0.0646 0.3670 0.1652 0.1302 0.0480 0.0273 
     D237393  5 0.0453 0.0631 0.1419 0.3808 0.0510 0.0345 0.0539 0.2295 
     D237394  5 0.0295 0.0153 0.0863 0.0182 0.0126 0.0174 0.0190 0.8017 
     D237395  5 0.0286 0.2337 0.1394 0.0376 0.0835 0.1375 0.0728 0.2669 
     D237396  5 0.0668 0.0165 0.0918 0.3073 0.1011 0.0869 0.1507 0.1790 
     D244016  5 0.1649 0.0418 0.3842 0.0236 0.0626 0.1418 0.0229 0.1582 
     D244018  5 0.0417 0.0253 0.0479 0.0833 0.3519 0.0965 0.0686 0.2849 
     D244019  5 0.0826 0.0604 0.4023 0.1148 0.0713 0.1983 0.0244 0.0460 
        D279  5 0.1904 0.0372 0.1275 0.0490 0.1198 0.3388 0.0431 0.0941 
        D280  5 0.0329 0.0746 0.1697 0.1268 0.0665 0.1564 0.0802 0.2929 
        D281  5 0.0281 0.0875 0.0260 0.0270 0.6148 0.1109 0.0169 0.0888 
        D283  5 0.0363 0.0156 0.1190 0.2000 0.0331 0.0391 0.0253 0.5316 
        D284  5 0.0488 0.2533 0.0867 0.0747 0.0433 0.2252 0.2345 0.0335 
        D285  5 0.0865 0.0671 0.0515 0.0682 0.0373 0.1369 0.0276 0.5250 
        D286  5 0.1405 0.2759 0.0534 0.1076 0.0350 0.1090 0.0770 0.2016 
        D287  5 0.1118 0.6421 0.0469 0.0170 0.0165 0.0528 0.0337 0.0792 
        D288  5 0.0254 0.0480 0.4393 0.2105 0.0848 0.0919 0.0277 0.0723 
        D308  5 0.0273 0.0295 0.6123 0.1306 0.0225 0.0436 0.1005 0.0337 
        D309  5 0.8441 0.0194 0.0202 0.0269 0.0123 0.0240 0.0326 0.0205 
        D310  5 0.0158 0.0472 0.0367 0.0214 0.0167 0.0837 0.0131 0.7654 
        D311  5 0.1927 0.1884 0.0983 0.1363 0.0215 0.2233 0.0431 0.0964 
        D312  5 0.2253 0.1451 0.1347 0.1000 0.0411 0.0916 0.0955 0.1667 
        D313  5 0.0109 0.0208 0.3487 0.0154 0.0128 0.0226 0.5333 0.0355 
        D314  5 0.1053 0.1446 0.1989 0.0326 0.0736 0.3096 0.0552 0.0802 
        D315  5 0.0593 0.1100 0.1173 0.2374 0.0534 0.0825 0.0914 0.2487 
        D317  5 0.0205 0.0701 0.0264 0.0701 0.0201 0.0250 0.0206 0.7472 
        D318  5 0.1647 0.0926 0.0613 0.1043 0.0754 0.3472 0.0923 0.0621 
        D319  5 0.0140 0.0354 0.0272 0.0282 0.0265 0.0346 0.0156 0.8185 
        D320  5 0.0652 0.0480 0.0471 0.0274 0.0203 0.0379 0.0303 0.7238 
        D321  5 0.0146 0.0173 0.7615 0.0526 0.0481 0.0218 0.0315 0.0526 
        D336  5 0.0299 0.3197 0.0149 0.0276 0.0184 0.0333 0.0220 0.5342 
        D337  5 0.0241 0.0189 0.0216 0.0257 0.0307 0.0157 0.0118 0.8516 
        D338  5 0.1060 0.0567 0.0465 0.1894 0.0819 0.2204 0.0484 0.2506 
        D339  5 0.0280 0.0573 0.0680 0.0425 0.0522 0.0979 0.0278 0.6262 
        D347  5 0.0266 0.6828 0.0158 0.0930 0.0531 0.0703 0.0230 0.0353 
        D348  5 0.0715 0.0410 0.0145 0.0258 0.0162 0.0334 0.0186 0.7791 
        D349  5 0.0118 0.0153 0.9031 0.0119 0.0117 0.0146 0.0120 0.0195 
        D350  5 0.8638 0.0242 0.0177 0.0218 0.0144 0.0249 0.0158 0.0175 
        D355  5 0.0528 0.1022 0.0327 0.0979 0.3863 0.2852 0.0198 0.0230 
        D356  5 0.0653 0.1008 0.0466 0.2219 0.0311 0.0825 0.1578 0.2941 
        D357  5 0.0431 0.5374 0.0408 0.0605 0.0399 0.1539 0.0397 0.0847 
        D358  5 0.1618 0.0661 0.0484 0.0420 0.0486 0.0860 0.1105 0.4367 
        D359  5 0.0580 0.0227 0.0467 0.2136 0.0180 0.0545 0.0154 0.5710 
        D360  5 0.0405 0.0826 0.0453 0.1158 0.0218 0.0792 0.1314 0.4835 
        D361  5 0.0139 0.0170 0.8453 0.0246 0.0157 0.0260 0.0388 0.0187 
        D366  5 0.0193 0.0225 0.0175 0.6120 0.1742 0.0875 0.0451 0.0220 
        D367  5 0.0892 0.1685 0.0664 0.0254 0.0216 0.1543 0.0419 0.4326 
        D368  5 0.0292 0.0289 0.5973 0.0607 0.0197 0.1162 0.0279 0.1201 
        D380  5 0.5608 0.0220 0.1348 0.0371 0.0342 0.1203 0.0569 0.0340 
        D381  5 0.0589 0.0219 0.0306 0.0534 0.0472 0.0947 0.0193 0.6741 
        D400  5 0.1759 0.2237 0.0381 0.0982 0.0999 0.1093 0.0429 0.2120 
        D411  5 0.0202 0.1088 0.0441 0.0193 0.0206 0.0652 0.7117 0.0101 
        D412  5 0.0526 0.2289 0.0634 0.0796 0.0942 0.2138 0.1765 0.0910 
        D413  5 0.0656 0.0253 0.0656 0.0649 0.6085 0.0856 0.0604 0.0242 
        D414  5 0.6694 0.0639 0.0250 0.0245 0.0866 0.0872 0.0224 0.0210 
        D420  5 0.0172 0.2209 0.0550 0.0256 0.0766 0.2266 0.3273 0.0508 
        D431  5 0.1250 0.2502 0.3327 0.0161 0.0554 0.1425 0.0442 0.0340 
        D432  5 0.0528 0.0529 0.0484 0.0611 0.0799 0.0674 0.1199 0.5176 
        D433  5 0.0370 0.1332 0.1951 0.0772 0.0512 0.0396 0.0238 0.4429 
        D434  5 0.0333 0.0688 0.0878 0.1125 0.0343 0.0479 0.0472 0.5683 
        D440  5 0.8443 0.0268 0.0233 0.0184 0.0144 0.0321 0.0152 0.0254 
        D447  5 0.0837 0.0541 0.0172 0.2701 0.0369 0.3861 0.1236 0.0282 
        D448  5 0.0399 0.4659 0.0337 0.0588 0.0450 0.0613 0.0198 0.2756 
        D459  5 0.0646 0.0227 0.0165 0.0823 0.7011 0.0705 0.0166 0.0258 
        D460  5 0.0190 0.0116 0.8134 0.0462 0.0162 0.0215 0.0320 0.0401 
        D461  5 0.8376 0.0175 0.0265 0.0414 0.0126 0.0237 0.0183 0.0225 
        D468  5 0.0260 0.1157 0.4245 0.1186 0.0384 0.1642 0.0400 0.0727 
        D469  5 0.0724 0.0629 0.1843 0.4449 0.0254 0.0790 0.0539 0.0772 
        D470  5 0.0890 0.3136 0.1162 0.0805 0.0328 0.1657 0.1464 0.0558 
        D471  5 0.0459 0.3011 0.0377 0.0534 0.0554 0.0599 0.0165 0.4300 
        D472  5 0.0195 0.0157 0.0202 0.6967 0.1886 0.0216 0.0166 0.0210 
        D479  5 0.1719 0.0762 0.0499 0.0327 0.5674 0.0411 0.0371 0.0237 
        D485  5 0.1731 0.6361 0.0244 0.0243 0.0281 0.0616 0.0266 0.0256 
        D486  5 0.0419 0.3221 0.1412 0.1000 0.0290 0.2149 0.1008 0.0500 
        D487  5 0.2186 0.0832 0.0484 0.0399 0.2032 0.1061 0.0515 0.2491 
        D555  5 0.0250 0.0551 0.0223 0.0276 0.0548 0.0254 0.0210 0.7687 
        D556  5 0.2408 0.0601 0.4378 0.0397 0.0524 0.0593 0.0347 0.0751 
        D557  5 0.0515 0.0315 0.1049 0.0352 0.0362 0.0207 0.0161 0.7039 
        D564  5 0.3515 0.0637 0.0933 0.0509 0.0253 0.1070 0.0778 0.2306 
        D594  5 0.0544 0.3439 0.0431 0.1989 0.0779 0.1912 0.0447 0.0459 
        D595  5 0.0767 0.1038 0.0828 0.2002 0.1002 0.1373 0.0489 0.2501 
        D596  5 0.0269 0.0470 0.0435 0.0315 0.0436 0.0271 0.0247 0.7556 
        D597  5 0.1400 0.0363 0.0758 0.1071 0.2728 0.0788 0.0303 0.2588 
        D598  5 0.1315 0.0722 0.0537 0.0761 0.0529 0.0699 0.1305 0.4132 
        D617  5 0.0223 0.0872 0.0910 0.0310 0.0937 0.1033 0.5555 0.0160 
        D618  5 0.0983 0.0342 0.1175 0.0746 0.0737 0.0591 0.0342 0.5083 
        D619  5 0.0256 0.3238 0.2151 0.1995 0.0450 0.0643 0.0580 0.0688 
        D620  5 0.0240 0.0151 0.0360 0.0441 0.8053 0.0236 0.0216 0.0304 
        D628  5 0.5785 0.1206 0.0237 0.0288 0.0247 0.0545 0.1085 0.0607 
        D714  5 0.3266 0.1006 0.1232 0.0197 0.1340 0.0983 0.0275 0.1702 
        D715  5 0.0512 0.0170 0.0954 0.0652 0.0641 0.0368 0.0193 0.6511 
        D716  5 0.0709 0.5946 0.0237 0.0516 0.0691 0.1276 0.0320 0.0305 
        D717  5 0.1358 0.0533 0.1029 0.2534 0.0495 0.0791 0.1159 0.2100 
        D718  5 0.0153 0.7974 0.0261 0.0258 0.0236 0.0551 0.0272 0.0295 
        D769  5 0.0425 0.1872 0.0240 0.0356 0.0515 0.1177 0.5186 0.0228 
        D770  5 0.3197 0.1112 0.0728 0.0380 0.1648 0.1880 0.0368 0.0687 
        D771  5 0.0571 0.2987 0.0683 0.0458 0.2323 0.1123 0.1048 0.0807 
        D772  5 0.6289 0.0370 0.1020 0.0310 0.0283 0.0360 0.0389 0.0979 
        D782  5 0.0230 0.0498 0.2497 0.0401 0.2387 0.2524 0.1071 0.0391 
        D783  5 0.4108 0.0499 0.0661 0.0221 0.1754 0.1186 0.0351 0.1222 
        D784  5 0.4780 0.0264 0.0834 0.1666 0.0353 0.0776 0.0373 0.0955 
        D785  5 0.0992 0.0435 0.4292 0.0328 0.0197 0.0390 0.0341 0.3024 
        D786  5 0.0905 0.2152 0.0278 0.1365 0.0383 0.0517 0.4239 0.0160 
        D821  5 0.0300 0.0165 0.0243 0.0154 0.0114 0.0142 0.0091 0.8791 
        D822  5 0.1360 0.1061 0.1225 0.2419 0.0691 0.1795 0.0290 0.1159 
        D826  5 0.0904 0.0585 0.1122 0.0508 0.1807 0.1053 0.0332 0.3688 
        D827  5 0.0684 0.0412 0.0277 0.2788 0.0674 0.4326 0.0524 0.0315 
        D851  5 0.0725 0.0829 0.1061 0.0658 0.0534 0.3496 0.1125 0.1572 
        D852  5 0.5226 0.0292 0.1017 0.0222 0.0904 0.0474 0.0311 0.1554 
        D853  5 0.0489 0.2588 0.0975 0.0825 0.0596 0.1303 0.0501 0.2722 
        D854  5 0.0623 0.3048 0.1060 0.0756 0.1020 0.2886 0.0462 0.0146 
        D861  5 0.0701 0.0877 0.0764 0.0801 0.0967 0.3947 0.0612 0.1333 
        D862  5 0.0549 0.1399 0.1588 0.2653 0.0259 0.1203 0.0407 0.1941 
        D865  5 0.0462 0.0652 0.1878 0.0230 0.0503 0.0363 0.0388 0.5524 
        D868  5 0.0336 0.0264 0.0332 0.7279 0.0298 0.0363 0.0327 0.0800 
        D869  5 0.0171 0.0258 0.2114 0.0378 0.0225 0.0546 0.6044 0.0264 
        D870  5 0.0207 0.0486 0.0536 0.0499 0.0492 0.6589 0.1065 0.0127 
        D907  5 0.0241 0.0906 0.0342 0.0295 0.0329 0.0738 0.0472 0.6676 
        D908  5 0.2710 0.0658 0.1581 0.0231 0.2197 0.0499 0.0388 0.1737 
        D910  5 0.0658 0.1421 0.1051 0.0989 0.2142 0.0846 0.0321 0.2572 
        D911  5 0.0309 0.0479 0.0182 0.0645 0.5125 0.2619 0.0171 0.0468 
        D934  5 0.3755 0.0518 0.2107 0.0356 0.1138 0.1597 0.0283 0.0246 
        D946  5 0.3446 0.1698 0.1982 0.0227 0.0566 0.1263 0.0442 0.0376 
        D947  5 0.3168 0.1595 0.1415 0.1151 0.0474 0.1377 0.0419 0.0403 
