        D174  1 0.0834 0.0712 0.5774 0.0952 0.0199 0.0296 0.0251 0.0982 
        D199  1 0.0783 0.2582 0.1911 0.0356 0.1065 0.2032 0.0446 0.0826 
        D203  1 0.1077 0.2147 0.0689 0.1755 0.0970 0.2002 0.0447 0.0913 
        D204  1 0.0199 0.7528 0.0228 0.0370 0.0182 0.0445 0.0762 0.0285 
     D237366  1 0.5730 0.0527 0.0585 0.0209 0.0636 0.0483 0.0865 0.0965 
     D237367  1 0.2169 0.3930 0.0365 0.0509 0.0321 0.0803 0.0506 0.1396 
     D237368  1 0.3749 0.1636 0.1014 0.0925 0.0351 0.1266 0.0432 0.0627 
     D244101  1 0.0221 0.2389 0.0244 0.0280 0.0877 0.1243 0.4040 0.0706 
     D244102  1 0.1090 0.0914 0.0664 0.2347 0.1104 0.0711 0.2053 0.1119 
     D244103  1 0.1546 0.1915 0.0520 0.0372 0.0477 0.0479 0.0608 0.4083 
     D244104  1 0.0393 0.6869 0.0877 0.0496 0.0479 0.0420 0.0188 0.0278 
     D244105  1 0.4654 0.0678 0.0191 0.1336 0.0773 0.0252 0.0268 0.1849 
     D244106  1 0.0364 0.0591 0.5980 0.0345 0.0686 0.0895 0.0313 0.0825 
     D244107  1 0.3327 0.0887 0.0189 0.1849 0.0222 0.1463 0.0713 0.1351 
     D244108  1 0.0377 0.0769 0.3095 0.4107 0.0375 0.0300 0.0511 0.0466 
     D244113  1 0.0233 0.0181 0.5138 0.0333 0.0236 0.0610 0.2803 0.0465 
     D244114  1 0.1158 0.0855 0.1032 0.0625 0.1288 0.0694 0.0612 0.3736 
     D244115  1 0.0527 0.1753 0.2328 0.2926 0.0577 0.0228 0.0411 0.1250 
     D267365  1 0.0859 0.3295 0.2435 0.0438 0.1710 0.0306 0.0399 0.0559 
        D404  1 0.0284 0.0220 0.4602 0.0818 0.0237 0.0512 0.2401 0.0926 
        D405  1 0.0541 0.1200 0.1297 0.1877 0.0434 0.1347 0.2101 0.1203 
        D406  1 0.7092 0.0712 0.0393 0.0734 0.0188 0.0193 0.0360 0.0329 
        D407  1 0.0950 0.6235 0.0330 0.0169 0.0208 0.1091 0.0193 0.0824 
        D408  1 0.0278 0.0580 0.4580 0.0883 0.1811 0.0264 0.0573 0.1031 
        D409  1 0.0463 0.0970 0.0474 0.0557 0.0816 0.0433 0.0311 0.5976 
        D410  1 0.0214 0.0514 0.0215 0.8295 0.0141 0.0109 0.0245 0.0267 
        D421  1 0.0144 0.8822 0.0267 0.0092 0.0149 0.0232 0.0099 0.0195 
        D422  1 0.7312 0.0977 0.0162 0.0301 0.0222 0.0270 0.0142 0.0614 
        D423  1 0.0486 0.0750 0.0163 0.7113 0.0123 0.0769 0.0221 0.0375 
        D424  1 0.0904 0.6206 0.0478 0.0190 0.0179 0.0207 0.0238 0.1599 
        D425  1 0.0448 0.4218 0.1614 0.1056 0.0477 0.0339 0.0386 0.1463 
        D426  1 0.0475 0.1226 0.0247 0.0172 0.1284 0.0300 0.0150 0.6146 
        D427  1 0.0386 0.2471 0.1786 0.0250 0.0291 0.4362 0.0129 0.0325 
        D428  1 0.0821 0.3254 0.1990 0.0827 0.0384 0.0733 0.0925 0.1067 
        D429  1 0.0553 0.3606 0.2625 0.0489 0.0757 0.0522 0.0349 0.1099 
        D430  1 0.0572 0.0985 0.1295 0.0519 0.1658 0.0811 0.0335 0.3826 
        D491  1 0.0270 0.1107 0.6697 0.0482 0.0530 0.0180 0.0295 0.0441 
        D492  1 0.1313 0.2513 0.1957 0.0592 0.0361 0.0995 0.0783 0.1486 
        D537  1 0.0964 0.6266 0.0338 0.0499 0.0150 0.0343 0.0770 0.0668 
        D538  1 0.1350 0.0618 0.1022 0.2596 0.0408 0.0951 0.0748 0.2307 
        D539  1 0.1100 0.0469 0.1498 0.0687 0.4088 0.0460 0.1003 0.0694 
        D540  1 0.1099 0.3152 0.0546 0.0799 0.1039 0.0358 0.0264 0.2743 
        D541  1 0.0219 0.8768 0.0150 0.0166 0.0187 0.0200 0.0133 0.0177 
        D551  1 0.1149 0.1396 0.0414 0.0211 0.1536 0.2041 0.0300 0.2953 
        D552  1 0.1588 0.1760 0.2255 0.1647 0.1072 0.0363 0.0582 0.0732 
        D553  1 0.0161 0.8853 0.0132 0.0165 0.0231 0.0128 0.0134 0.0194 
        D615  1 0.0727 0.3351 0.0815 0.1717 0.1212 0.0889 0.0284 0.1005 
        D616  1 0.1093 0.2987 0.0711 0.1513 0.0712 0.1192 0.0231 0.1561 
        D621  1 0.2835 0.0229 0.0801 0.1623 0.0273 0.0300 0.3622 0.0318 
        D622  1 0.5118 0.0538 0.0479 0.1578 0.0436 0.0258 0.0523 0.1071 
        D623  1 0.0198 0.0271 0.2679 0.0925 0.0325 0.1282 0.3899 0.0420 
        D624  1 0.0392 0.0415 0.8139 0.0200 0.0322 0.0168 0.0129 0.0235 
        D625  1 0.0560 0.6199 0.0921 0.0687 0.0246 0.0190 0.0442 0.0754 
        D626  1 0.1898 0.1071 0.2619 0.1811 0.0904 0.0431 0.0431 0.0836 
        D627  1 0.0523 0.0684 0.0337 0.0151 0.2032 0.0261 0.0148 0.5863 
        D690  1 0.0327 0.7720 0.0570 0.0568 0.0186 0.0114 0.0224 0.0290 
        D691  1 0.6870 0.0759 0.0330 0.0818 0.0290 0.0218 0.0203 0.0513 
        D710  1 0.1061 0.3127 0.1314 0.1395 0.0499 0.0536 0.0902 0.1165 
        D711  1 0.0500 0.7372 0.0361 0.0362 0.0223 0.0325 0.0532 0.0325 
        D712  1 0.0795 0.0381 0.5801 0.0505 0.0868 0.0437 0.0591 0.0621 
        D713  1 0.0603 0.1436 0.1907 0.0959 0.0266 0.0301 0.3522 0.1006 
        D746  1 0.7589 0.0648 0.0256 0.0417 0.0272 0.0289 0.0164 0.0365 
        D747  1 0.0194 0.8780 0.0150 0.0165 0.0167 0.0215 0.0217 0.0113 
        D748  1 0.3022 0.3421 0.0356 0.1074 0.0370 0.0239 0.0531 0.0987 
        D749  1 0.2952 0.0304 0.1355 0.1433 0.0418 0.0619 0.1594 0.1326 
        D750  1 0.0276 0.1517 0.6047 0.0774 0.0344 0.0215 0.0365 0.0462 
        D763  1 0.1094 0.1201 0.0246 0.0297 0.2758 0.1020 0.1765 0.1620 
        D764  1 0.0545 0.5035 0.2339 0.0864 0.0322 0.0172 0.0179 0.0544 
        D765  1 0.0824 0.0318 0.0922 0.6907 0.0334 0.0157 0.0153 0.0384 
        D766  1 0.1527 0.1250 0.0361 0.3922 0.0241 0.0282 0.1534 0.0882 
        D767  1 0.1620 0.1004 0.0432 0.1813 0.0395 0.1135 0.2530 0.1071 
        D768  1 0.0183 0.8827 0.0118 0.0173 0.0168 0.0192 0.0127 0.0212 
        D811  1 0.0241 0.0347 0.1829 0.3914 0.0409 0.0232 0.0765 0.2262 
        D816  1 0.0179 0.8582 0.0240 0.0243 0.0205 0.0167 0.0161 0.0222 
        D825  1 0.0413 0.1114 0.1270 0.5341 0.0381 0.0176 0.0315 0.0990 
        D866  1 0.0230 0.0440 0.1937 0.0876 0.4662 0.1000 0.0244 0.0611 
        D867  1 0.6971 0.0252 0.0262 0.0373 0.0201 0.0483 0.0986 0.0472 
        D871  1 0.0248 0.0747 0.0538 0.0207 0.0904 0.0230 0.0283 0.6842 
        D872  1 0.1311 0.2468 0.0468 0.3455 0.0284 0.0726 0.0476 0.0813 
        D873  1 0.0239 0.0081 0.0205 0.8456 0.0122 0.0254 0.0429 0.0214 
        D874  1 0.0210 0.0783 0.0807 0.0261 0.0337 0.0206 0.6977 0.0420 
        D875  1 0.0573 0.0513 0.0182 0.0791 0.0457 0.0141 0.0252 0.7091 
        D876  1 0.1239 0.4372 0.1072 0.0633 0.0979 0.0250 0.0797 0.0658 
        D877  1 0.0160 0.0543 0.3353 0.0513 0.0200 0.0428 0.3545 0.1259 
        D892  1 0.2012 0.3678 0.1470 0.0683 0.0290 0.0162 0.0565 0.1140 
        D893  1 0.0994 0.6006 0.0189 0.0541 0.0787 0.0439 0.0357 0.0688 
        D894  1 0.0460 0.5907 0.0632 0.0421 0.0622 0.0431 0.0287 0.1241 
        D915  1 0.0736 0.5234 0.0430 0.1834 0.0503 0.0304 0.0208 0.0751 
        D916  1 0.0226 0.8780 0.0212 0.0226 0.0136 0.0136 0.0134 0.0149 
        D917  1 0.0517 0.1551 0.3631 0.0354 0.0861 0.0767 0.1136 0.1184 
        D925  1 0.0611 0.1807 0.1000 0.5420 0.0396 0.0217 0.0202 0.0347 
        D926  1 0.0751 0.5134 0.0568 0.0726 0.0567 0.0248 0.0613 0.1393 
        D927  1 0.0660 0.3381 0.0539 0.0255 0.1093 0.2676 0.0449 0.0946 
        D928  1 0.0113 0.0591 0.8030 0.0464 0.0168 0.0166 0.0216 0.0252 
        D929  1 0.1241 0.0233 0.0481 0.0419 0.0359 0.0215 0.6388 0.0665 
        D936  1 0.0266 0.6018 0.0275 0.0405 0.1056 0.0481 0.0935 0.0565 
        D938  1 0.7103 0.0391 0.0279 0.0889 0.0247 0.0174 0.0575 0.0341 
        D956  1 0.0273 0.0318 0.6979 0.0669 0.0350 0.0368 0.0305 0.0738 
        D957  1 0.0872 0.1050 0.0416 0.5975 0.0209 0.0369 0.0680 0.0429 
        D958  1 0.1371 0.2075 0.1053 0.3217 0.0253 0.0313 0.1003 0.0715 
        D959  1 0.0855 0.6988 0.0208 0.0166 0.0110 0.0659 0.0149 0.0865 
        D960  1 0.6110 0.0248 0.0702 0.1506 0.0229 0.0220 0.0707 0.0279 
        D989  1 0.0389 0.0435 0.6131 0.0283 0.1091 0.0739 0.0332 0.0599 
        D990  1 0.0716 0.0160 0.0540 0.6659 0.1000 0.0337 0.0170 0.0418 
        D023  2 0.7475 0.1001 0.0231 0.0234 0.0161 0.0262 0.0179 0.0457 
        D130  2 0.7326 0.0677 0.0152 0.0443 0.0211 0.0386 0.0198 0.0606 
        D131  2 0.0531 0.2029 0.0361 0.0850 0.1440 0.0696 0.0438 0.3655 
        D163  2 0.6227 0.1011 0.0500 0.0683 0.0411 0.0185 0.0281 0.0701 
        D164  2 0.0271 0.0110 0.0123 0.3543 0.0133 0.5424 0.0200 0.0195 
        D165  2 0.7420 0.0662 0.0256 0.0323 0.0271 0.0290 0.0290 0.0486 
        D166  2 0.1440 0.0499 0.0241 0.1120 0.0690 0.0586 0.1261 0.4162 
        D167  2 0.0147 0.0173 0.0406 0.0204 0.0181 0.8485 0.0128 0.0275 
        D192  2 0.0138 0.0111 0.0189 0.0156 0.0236 0.8819 0.0215 0.0138 
        D193  2 0.0471 0.0388 0.3198 0.1112 0.0741 0.0488 0.2489 0.1113 
        D206  2 0.1426 0.2137 0.0298 0.0360 0.0397 0.3258 0.0573 0.1552 
        D207  2 0.0292 0.0484 0.0270 0.0312 0.0601 0.5896 0.0365 0.1780 
        D208  2 0.0806 0.0607 0.2088 0.0885 0.3105 0.1060 0.0731 0.0717 
        D209  2 0.0652 0.0500 0.0315 0.0787 0.0459 0.4438 0.1371 0.1478 
        D210  2 0.0433 0.0728 0.4418 0.0279 0.2341 0.0980 0.0382 0.0440 
     D229599  2 0.1255 0.1803 0.0623 0.1315 0.2083 0.0395 0.1492 0.1034 
     D229600  2 0.4064 0.0254 0.0237 0.0528 0.0239 0.3816 0.0263 0.0598 
     D237227  2 0.0641 0.0484 0.3921 0.2491 0.1354 0.0411 0.0201 0.0496 
     D237228  2 0.0163 0.0135 0.1280 0.6670 0.0576 0.0361 0.0226 0.0589 
     D237258  2 0.1478 0.0711 0.0900 0.1210 0.1007 0.2615 0.0927 0.1153 
     D237310  2 0.0324 0.0140 0.0316 0.6627 0.0314 0.0471 0.0519 0.1290 
     D237311  2 0.0329 0.0142 0.0318 0.7074 0.0254 0.1284 0.0234 0.0365 
     D237312  2 0.0781 0.0254 0.0524 0.4338 0.0229 0.0251 0.2152 0.1472 
     D237313  2 0.0792 0.1990 0.1188 0.2056 0.1486 0.0371 0.0803 0.1313 
     D237322  2 0.0469 0.0308 0.0556 0.1987 0.3913 0.0440 0.1188 0.1139 
     D237323  2 0.0749 0.0151 0.1192 0.6389 0.0527 0.0258 0.0304 0.0429 
     D237324  2 0.2752 0.0794 0.0159 0.0559 0.1206 0.2579 0.0201 0.1751 
     D237325  2 0.1863 0.0337 0.0677 0.4544 0.0346 0.0524 0.0871 0.0838 
     D237326  2 0.0382 0.0601 0.0622 0.7141 0.0243 0.0348 0.0339 0.0323 
     D237327  2 0.1631 0.0680 0.0458 0.0337 0.3320 0.1580 0.0702 0.1292 
     D237337  2 0.0261 0.0213 0.0277 0.8429 0.0184 0.0148 0.0203 0.0286 
     D237338  2 0.1801 0.0538 0.1138 0.2311 0.0985 0.0855 0.1069 0.1303 
     D237339  2 0.0299 0.0466 0.0214 0.0301 0.0399 0.2394 0.5333 0.0595 
     D237340  2 0.0896 0.0203 0.1396 0.3894 0.0392 0.1651 0.0965 0.0603 
     D237389  2 0.0500 0.0208 0.0300 0.6657 0.0169 0.0834 0.0453 0.0879 
     D237390  2 0.0911 0.0414 0.0863 0.5466 0.0476 0.0167 0.0852 0.0851 
     D244017  2 0.0440 0.0323 0.3022 0.0765 0.0471 0.3405 0.0323 0.1252 
     D244112  2 0.0307 0.0165 0.0236 0.0222 0.0145 0.8581 0.0148 0.0197 
     D244118  2 0.1967 0.0107 0.0252 0.0579 0.0250 0.6216 0.0401 0.0228 
     D244119  2 0.0158 0.0183 0.6456 0.0429 0.0179 0.2300 0.0122 0.0171 
     D244120  2 0.0389 0.0154 0.0975 0.0558 0.0757 0.5063 0.1430 0.0676 
     D244122  2 0.0625 0.0348 0.0349 0.0314 0.0261 0.7352 0.0400 0.0351 
        D291  2 0.0975 0.0665 0.0201 0.0412 0.5220 0.0577 0.0174 0.1775 
        D292  2 0.0283 0.1929 0.0765 0.1506 0.1872 0.2714 0.0481 0.0450 
        D293  2 0.0133 0.0850 0.0183 0.0165 0.0490 0.7284 0.0355 0.0540 
        D322  2 0.0359 0.1026 0.0250 0.0701 0.0429 0.5654 0.0762 0.0819 
        D323  2 0.0532 0.1043 0.0692 0.0794 0.0821 0.2042 0.1865 0.2211 
        D324  2 0.0795 0.1650 0.0593 0.0890 0.3592 0.0426 0.0208 0.1845 
        D325  2 0.0202 0.0455 0.0130 0.0123 0.0343 0.8131 0.0196 0.0420 
        D326  2 0.0136 0.8704 0.0214 0.0148 0.0266 0.0140 0.0168 0.0224 
        D340  2 0.0163 0.0214 0.0191 0.0142 0.0215 0.8643 0.0198 0.0234 
        D341  2 0.0483 0.0426 0.0328 0.0525 0.0870 0.6504 0.0334 0.0531 
        D342  2 0.0736 0.0248 0.0220 0.1051 0.0583 0.6369 0.0240 0.0553 
        D343  2 0.0128 0.0184 0.0090 0.0094 0.0138 0.9117 0.0128 0.0119 
        D344  2 0.0277 0.0753 0.0237 0.0674 0.0271 0.0625 0.6176 0.0987 
        D345  2 0.0832 0.1557 0.0539 0.3515 0.0830 0.0457 0.1392 0.0878 
        D346  2 0.0390 0.0697 0.4902 0.0397 0.1027 0.0835 0.0607 0.1145 
        D351  2 0.0726 0.2280 0.0301 0.1341 0.1544 0.0605 0.0512 0.2691 
        D352  2 0.0235 0.0248 0.0458 0.0372 0.0287 0.0273 0.7251 0.0876 
        D353  2 0.0327 0.2885 0.0194 0.0200 0.0416 0.0463 0.1287 0.4227 
        D354  2 0.0280 0.0450 0.0471 0.0452 0.0240 0.0158 0.7674 0.0275 
        D362  2 0.0460 0.7551 0.0296 0.0569 0.0220 0.0335 0.0201 0.0368 
        D363  2 0.0289 0.7801 0.0386 0.0546 0.0240 0.0241 0.0199 0.0299 
        D364  2 0.0409 0.3650 0.0538 0.1057 0.0343 0.0265 0.3198 0.0539 
        D365  2 0.0118 0.0201 0.0186 0.0145 0.0187 0.8762 0.0237 0.0164 
        D369  2 0.0583 0.1982 0.1808 0.1741 0.0830 0.1869 0.0195 0.0991 
        D374  2 0.0158 0.0199 0.6823 0.0728 0.0170 0.0250 0.1112 0.0561 
        D375  2 0.0201 0.0155 0.0187 0.0252 0.0139 0.0159 0.8513 0.0395 
        D376  2 0.0242 0.0133 0.6766 0.0690 0.0270 0.0280 0.1228 0.0389 
        D377  2 0.0542 0.0354 0.0840 0.3408 0.0917 0.0644 0.1265 0.2030 
        D378  2 0.1189 0.1559 0.0368 0.0398 0.0992 0.3073 0.1365 0.1056 
        D379  2 0.0320 0.7827 0.0357 0.0334 0.0227 0.0220 0.0296 0.0419 
        D384  2 0.0122 0.8578 0.0464 0.0175 0.0215 0.0152 0.0129 0.0167 
        D385  2 0.0132 0.0197 0.0397 0.0258 0.0212 0.6851 0.1636 0.0317 
        D386  2 0.0758 0.1142 0.0202 0.0291 0.0345 0.0734 0.5525 0.1003 
        D391  2 0.0193 0.0297 0.0173 0.0229 0.0233 0.7952 0.0617 0.0305 
        D392  2 0.0375 0.0692 0.0636 0.1341 0.0328 0.5717 0.0250 0.0661 
        D393  2 0.0499 0.2869 0.0313 0.0547 0.3088 0.0936 0.1167 0.0580 
        D394  2 0.1733 0.0824 0.0487 0.2644 0.0552 0.1224 0.1352 0.1183 
        D395  2 0.0214 0.0186 0.0193 0.0196 0.0348 0.2342 0.5956 0.0564 
        D401  2 0.0159 0.0184 0.0313 0.8437 0.0182 0.0299 0.0113 0.0313 
        D402  2 0.0163 0.0193 0.0206 0.0289 0.0513 0.7813 0.0506 0.0317 
        D403  2 0.2518 0.2749 0.0255 0.0415 0.0500 0.0354 0.1384 0.1826 
        D415  2 0.0475 0.5344 0.0156 0.1144 0.0204 0.0320 0.0280 0.2077 
        D435  2 0.0281 0.5670 0.0164 0.0474 0.0616 0.2023 0.0376 0.0395 
        D436  2 0.0447 0.1260 0.0692 0.0412 0.0250 0.0258 0.5928 0.0753 
        D438  2 0.0148 0.0144 0.0248 0.0116 0.0191 0.8785 0.0151 0.0217 
        D439  2 0.0566 0.0637 0.0198 0.0844 0.0479 0.0685 0.5238 0.1352 
        D449  2 0.0307 0.1418 0.0245 0.0221 0.0195 0.6623 0.0247 0.0744 
        D450  2 0.0680 0.1308 0.2007 0.0491 0.0962 0.0252 0.1842 0.2459 
        D456  2 0.0184 0.8461 0.0212 0.0129 0.0252 0.0114 0.0149 0.0499 
        D462  2 0.0195 0.0367 0.0155 0.0158 0.0213 0.8223 0.0447 0.0242 
        D463  2 0.0123 0.8625 0.0320 0.0208 0.0147 0.0137 0.0236 0.0204 
        D464  2 0.0184 0.0823 0.0372 0.0304 0.0288 0.0890 0.4462 0.2675 
        D465  2 0.0334 0.2145 0.0224 0.1078 0.0295 0.4730 0.0287 0.0907 
        D473  2 0.0616 0.0250 0.4684 0.1390 0.0591 0.0503 0.1344 0.0622 
        D474  2 0.0377 0.5906 0.0469 0.0468 0.1562 0.0543 0.0335 0.0340 
        D476  2 0.4214 0.0302 0.0143 0.0198 0.0309 0.0676 0.3872 0.0287 
        D477  2 0.0268 0.3066 0.0504 0.1364 0.1799 0.0312 0.1879 0.0808 
        D478  2 0.1713 0.0559 0.2198 0.0590 0.0557 0.0996 0.1045 0.2340 
        D480  2 0.0315 0.2113 0.1312 0.0351 0.2154 0.1196 0.1625 0.0933 
        D481  2 0.1016 0.2659 0.1124 0.1161 0.0715 0.1023 0.1276 0.1026 
        D482  2 0.0638 0.0259 0.0859 0.1060 0.2676 0.0312 0.3170 0.1027 
        D483  2 0.0253 0.0162 0.0742 0.0237 0.0270 0.7993 0.0151 0.0193 
        D484  2 0.0127 0.0104 0.0173 0.0154 0.0197 0.0142 0.8936 0.0167 
        D510  2 0.0243 0.0240 0.7117 0.0334 0.0874 0.0252 0.0467 0.0475 
        D511  2 0.0587 0.1156 0.0228 0.0430 0.0667 0.0888 0.5421 0.0623 
        D512  2 0.0486 0.0224 0.0163 0.5452 0.0267 0.1407 0.0427 0.1574 
        D513  2 0.0448 0.1063 0.0728 0.0378 0.0637 0.5675 0.0282 0.0788 
        D635  2 0.2609 0.3855 0.0386 0.0480 0.0434 0.0568 0.0199 0.1470 
        D636  2 0.7462 0.0448 0.0353 0.0739 0.0177 0.0323 0.0141 0.0358 
        D637  2 0.0445 0.0301 0.0917 0.1327 0.0767 0.2001 0.3208 0.1033 
        D658  2 0.0271 0.0213 0.0980 0.0718 0.0311 0.4287 0.2953 0.0267 
        D659  2 0.0503 0.7439 0.0314 0.0183 0.0382 0.0295 0.0422 0.0461 
        D677  2 0.2757 0.2988 0.0268 0.1176 0.0689 0.0810 0.0491 0.0822 
        D678  2 0.0372 0.0266 0.0203 0.0484 0.0241 0.6859 0.0417 0.1158 
        D679  2 0.0534 0.4479 0.0476 0.0354 0.1691 0.0691 0.0543 0.1232 
        D719  2 0.0161 0.1212 0.4420 0.0709 0.1344 0.1514 0.0320 0.0320 
        D720  2 0.0330 0.7256 0.0719 0.0369 0.0320 0.0305 0.0196 0.0506 
        D721  2 0.6226 0.1054 0.0337 0.0226 0.0431 0.0646 0.0390 0.0689 
        D722  2 0.0254 0.0287 0.5088 0.1243 0.0377 0.0698 0.1328 0.0725 
        D734  2 0.0144 0.0279 0.2430 0.0180 0.0500 0.0716 0.5141 0.0610 
        D735  2 0.0663 0.2364 0.0807 0.1383 0.1467 0.0654 0.0823 0.1839 
        D736  2 0.0478 0.0561 0.3829 0.0455 0.2778 0.0746 0.0529 0.0623 
        D737  2 0.0573 0.0193 0.0401 0.0817 0.0995 0.4950 0.1749 0.0322 
        D807  2 0.0601 0.1837 0.2446 0.1430 0.1283 0.0813 0.0908 0.0681 
        D808  2 0.0761 0.0640 0.0337 0.3130 0.0728 0.1148 0.0383 0.2874 
        D817  2 0.0583 0.4031 0.0588 0.1070 0.0600 0.0320 0.1276 0.1532 
        D818  2 0.1185 0.0680 0.0233 0.0244 0.2004 0.2670 0.0501 0.2482 
        D819  2 0.0563 0.2285 0.0307 0.3263 0.0447 0.0469 0.0342 0.2324 
        D820  2 0.0245 0.6949 0.0331 0.0319 0.0275 0.0758 0.0538 0.0585 
        D895  2 0.1288 0.4696 0.0474 0.0658 0.0370 0.0554 0.0572 0.1388 
        D896  2 0.0159 0.0152 0.0247 0.8858 0.0114 0.0134 0.0181 0.0155 
        D897  2 0.0328 0.0282 0.0262 0.0653 0.0592 0.6641 0.0377 0.0865 
        D898  2 0.0370 0.0573 0.0478 0.4040 0.1333 0.0394 0.0599 0.2213 
        D918  2 0.2185 0.0452 0.0580 0.2383 0.1066 0.0990 0.1103 0.1241 
        D919  2 0.0429 0.1646 0.0258 0.0336 0.0663 0.1561 0.4055 0.1053 
        D920  2 0.7407 0.0289 0.0713 0.0367 0.0224 0.0323 0.0394 0.0282 
        D923  2 0.0240 0.7121 0.0219 0.0307 0.0319 0.0371 0.0820 0.0604 
        D930  2 0.0324 0.1878 0.1286 0.1061 0.1074 0.0546 0.1492 0.2339 
        D931  2 0.0376 0.2669 0.0496 0.0723 0.0565 0.1620 0.2624 0.0926 
        D968  2 0.0146 0.0220 0.0165 0.0195 0.0412 0.8351 0.0225 0.0285 
        D969  2 0.0468 0.2378 0.0729 0.0617 0.2132 0.2373 0.0397 0.0906 
        D977  2 0.0250 0.0301 0.0180 0.0205 0.0341 0.7663 0.0320 0.0740 
        D978  2 0.0318 0.0290 0.0300 0.0178 0.5439 0.1006 0.0335 0.2135 
        D211  3 0.7294 0.0547 0.0226 0.0310 0.0484 0.0229 0.0295 0.0613 
     D229639  3 0.0363 0.0952 0.1083 0.0643 0.5302 0.0902 0.0279 0.0477 
     D237212  3 0.0939 0.0789 0.0233 0.0883 0.3171 0.0813 0.1855 0.1316 
     D237213  3 0.1540 0.0659 0.0248 0.3322 0.0829 0.0408 0.1433 0.1561 
     D237214  3 0.6094 0.0363 0.0326 0.0228 0.0152 0.0262 0.0216 0.2361 
     D237215  3 0.0177 0.0156 0.1144 0.0663 0.1151 0.5952 0.0340 0.0417 
     D237216  3 0.1638 0.0716 0.0298 0.0471 0.1647 0.0400 0.0512 0.4319 
     D237217  3 0.5255 0.1271 0.0147 0.1074 0.0657 0.0450 0.0194 0.0953 
     D237218  3 0.1010 0.0671 0.0365 0.0234 0.5677 0.0462 0.0899 0.0681 
     D237219  3 0.1782 0.0497 0.0778 0.3536 0.1935 0.0280 0.0209 0.0982 
     D237382  3 0.0706 0.0927 0.1308 0.2748 0.0570 0.0702 0.0778 0.2263 
     D244127  3 0.0588 0.0238 0.0260 0.6286 0.0857 0.0801 0.0324 0.0646 
     D244129  3 0.1295 0.1183 0.0416 0.2627 0.1191 0.0935 0.0756 0.1597 
     D244133  3 0.1043 0.1004 0.1687 0.0704 0.0770 0.1916 0.0180 0.2697 
     D244134  3 0.0410 0.0348 0.1911 0.0866 0.5591 0.0327 0.0218 0.0329 
     D244135  3 0.7104 0.0480 0.0195 0.0219 0.0261 0.0737 0.0302 0.0703 
     D244136  3 0.0663 0.2399 0.2469 0.0508 0.0993 0.1060 0.0386 0.1523 
        D416  3 0.0874 0.1902 0.0363 0.1440 0.1078 0.1948 0.0477 0.1918 
        D417  3 0.0797 0.6975 0.0309 0.0432 0.0274 0.0182 0.0376 0.0656 
        D419  3 0.1688 0.1545 0.0673 0.1741 0.2195 0.0955 0.0400 0.0803 
        D565  3 0.0178 0.0400 0.7881 0.0204 0.0820 0.0157 0.0131 0.0228 
        D566  3 0.0272 0.0821 0.3310 0.0739 0.2913 0.0729 0.0271 0.0946 
        D567  3 0.1022 0.6210 0.0225 0.0846 0.0294 0.0528 0.0460 0.0415 
        D568  3 0.2846 0.1638 0.0200 0.1033 0.0733 0.1562 0.1391 0.0598 
        D569  3 0.0611 0.0194 0.0444 0.0288 0.0441 0.1222 0.5663 0.1136 
        D573  3 0.0237 0.1699 0.0298 0.0344 0.2467 0.3825 0.0321 0.0810 
        D574  3 0.0580 0.0412 0.4275 0.0644 0.1457 0.0422 0.0332 0.1878 
        D575  3 0.1654 0.1372 0.1211 0.1870 0.1597 0.0825 0.0369 0.1102 
        D576  3 0.0458 0.0092 0.0404 0.0205 0.0682 0.6829 0.0349 0.0980 
        D577  3 0.1447 0.5383 0.0510 0.0343 0.0497 0.0294 0.0439 0.1088 
        D578  3 0.7767 0.0185 0.0156 0.0266 0.0160 0.0357 0.0154 0.0955 
        D579  3 0.0719 0.1451 0.2025 0.0653 0.2511 0.0832 0.0950 0.0859 
        D660  3 0.0567 0.0211 0.0200 0.0688 0.0369 0.6405 0.0396 0.1163 
        D661  3 0.1085 0.0375 0.0211 0.0296 0.3907 0.2556 0.0605 0.0966 
        D663  3 0.0338 0.0738 0.0235 0.0233 0.4635 0.1154 0.0646 0.2021 
        D664  3 0.2114 0.0231 0.0849 0.2136 0.0628 0.2226 0.0395 0.1421 
        D665  3 0.1838 0.0188 0.0145 0.1110 0.0413 0.0662 0.0992 0.4652 
        D666  3 0.0802 0.1029 0.0940 0.4346 0.1135 0.0360 0.0461 0.0928 
        D009  4 0.3295 0.1251 0.0404 0.1223 0.0778 0.0281 0.1485 0.1284 
        D057  4 0.3299 0.0321 0.0377 0.0172 0.0762 0.1987 0.2765 0.0316 
        D109  4 0.0729 0.0423 0.0578 0.5653 0.0334 0.0220 0.0360 0.1703 
     D237222  4 0.6058 0.0396 0.1417 0.0500 0.0276 0.0501 0.0475 0.0376 
     D237223  4 0.2561 0.0447 0.1424 0.1368 0.0649 0.0966 0.0949 0.1637 
     D237224  4 0.0684 0.1606 0.0386 0.0626 0.2409 0.1858 0.1720 0.0710 
     D237225  4 0.2123 0.1615 0.0674 0.0767 0.1371 0.0480 0.0793 0.2177 
     D237299  4 0.0636 0.0155 0.0317 0.0854 0.1642 0.0371 0.0228 0.5796 
     D237300  4 0.0288 0.0213 0.0425 0.0252 0.7594 0.0574 0.0261 0.0393 
     D237306  4 0.0416 0.0571 0.5585 0.1353 0.0272 0.0352 0.0706 0.0747 
     D237307  4 0.0840 0.4016 0.1891 0.0420 0.1038 0.0628 0.0260 0.0906 
     D237308  4 0.0641 0.0435 0.0764 0.1204 0.0531 0.4146 0.1818 0.0460 
     D237309  4 0.2146 0.1855 0.0358 0.0899 0.0894 0.0704 0.1204 0.1940 
     D237317  4 0.0587 0.1849 0.5041 0.0529 0.0557 0.0295 0.0436 0.0706 
     D237318  4 0.0276 0.0321 0.0327 0.0286 0.7153 0.0899 0.0171 0.0565 
     D237319  4 0.3340 0.0747 0.0498 0.1422 0.1016 0.0670 0.0390 0.1917 
     D237320  4 0.3016 0.0779 0.0433 0.1629 0.1664 0.1014 0.0357 0.1109 
     D237321  4 0.0425 0.0613 0.0590 0.0500 0.5846 0.0941 0.0309 0.0777 
     D237397  4 0.1336 0.0686 0.2345 0.1123 0.1861 0.1342 0.0361 0.0946 
     D237398  4 0.0351 0.0772 0.0155 0.0215 0.7006 0.0358 0.0343 0.0801 
     D237399  4 0.1416 0.0827 0.1942 0.0751 0.3556 0.0450 0.0379 0.0680 
     D244001  4 0.5751 0.0357 0.0325 0.0322 0.0548 0.1030 0.1016 0.0650 
        D289  4 0.0868 0.0830 0.2964 0.0404 0.1285 0.0966 0.1784 0.0899 
        D290  4 0.0977 0.1307 0.0396 0.1105 0.2034 0.0588 0.0654 0.2939 
        D294  4 0.0791 0.1425 0.0517 0.0250 0.1067 0.0615 0.2277 0.3058 
        D295  4 0.0851 0.3153 0.0517 0.2652 0.0759 0.0357 0.0971 0.0741 
        D301  4 0.6261 0.0208 0.0573 0.0492 0.1227 0.0315 0.0555 0.0370 
        D302  4 0.0396 0.0961 0.0142 0.0151 0.0214 0.0172 0.7599 0.0364 
        D303  4 0.0340 0.0350 0.5951 0.1035 0.0368 0.0629 0.0884 0.0444 
        D304  4 0.0824 0.0863 0.0903 0.0320 0.4359 0.0443 0.0340 0.1949 
        D305  4 0.0491 0.0278 0.0127 0.0362 0.0744 0.0675 0.5069 0.2254 
        D306  4 0.0895 0.0705 0.0662 0.1065 0.0622 0.0276 0.0650 0.5126 
        D307  4 0.7422 0.0182 0.0533 0.0292 0.0629 0.0195 0.0527 0.0220 
        D327  4 0.0410 0.5932 0.0828 0.0326 0.0499 0.0712 0.0403 0.0890 
        D328  4 0.0288 0.0215 0.1072 0.0816 0.0309 0.0250 0.6646 0.0405 
        D329  4 0.1182 0.0830 0.0567 0.0755 0.1092 0.2259 0.2241 0.1075 
        D330  4 0.0876 0.2176 0.0241 0.3011 0.0198 0.0825 0.1047 0.1626 
        D331  4 0.0949 0.1627 0.0895 0.0969 0.3144 0.0499 0.0519 0.1397 
        D333  4 0.1179 0.0720 0.1258 0.1261 0.0922 0.1386 0.2545 0.0729 
        D334  4 0.1005 0.0775 0.5508 0.0344 0.0743 0.0220 0.0610 0.0795 
        D335  4 0.0308 0.1586 0.0436 0.0395 0.0307 0.0548 0.5948 0.0473 
        D370  4 0.0492 0.0348 0.1184 0.4401 0.0332 0.0470 0.1969 0.0804 
        D371  4 0.0140 0.1168 0.7476 0.0245 0.0227 0.0283 0.0227 0.0235 
        D372  4 0.0158 0.0137 0.0221 0.0364 0.7706 0.0508 0.0186 0.0721 
        D373  4 0.6509 0.0368 0.0239 0.0227 0.0899 0.0706 0.0450 0.0602 
        D455  4 0.7567 0.0345 0.0233 0.0220 0.0457 0.0345 0.0571 0.0262 
        D490  4 0.8609 0.0191 0.0199 0.0204 0.0202 0.0110 0.0257 0.0227 
        D497  4 0.7662 0.0223 0.0272 0.0329 0.0361 0.0250 0.0526 0.0377 
        D498  4 0.0570 0.0748 0.0913 0.2920 0.2169 0.0566 0.0456 0.1659 
        D499  4 0.0235 0.0236 0.1393 0.1107 0.1568 0.2163 0.1007 0.2292 
        D514  4 0.0602 0.3235 0.0230 0.0731 0.0495 0.0356 0.1549 0.2801 
        D515  4 0.2717 0.0509 0.0410 0.1498 0.0263 0.0475 0.0871 0.3257 
        D516  4 0.1264 0.1943 0.0841 0.3053 0.0698 0.1071 0.0289 0.0842 
        D517  4 0.6268 0.0716 0.0201 0.0596 0.0929 0.0486 0.0280 0.0523 
        D518  4 0.2412 0.0314 0.0840 0.0168 0.0274 0.0526 0.5167 0.0299 
        D519  4 0.3778 0.0769 0.0346 0.1272 0.0957 0.0836 0.0288 0.1754 
        D560  4 0.2940 0.1109 0.0198 0.0536 0.1653 0.1020 0.0574 0.1971 
        D561  4 0.1271 0.0959 0.0202 0.0656 0.0297 0.0681 0.0718 0.5217 
        D562  4 0.2689 0.0521 0.0796 0.0603 0.1149 0.0823 0.1324 0.2094 
        D563  4 0.0537 0.0379 0.0178 0.0477 0.0890 0.3877 0.1989 0.1673 
        D572  4 0.0807 0.0677 0.0320 0.0263 0.0204 0.0476 0.6778 0.0475 
        D629  4 0.3305 0.2917 0.0303 0.0385 0.0924 0.0268 0.0609 0.1290 
        D630  4 0.3183 0.1120 0.0645 0.0541 0.1221 0.0535 0.1395 0.1360 
        D631  4 0.0795 0.0248 0.0347 0.0289 0.0724 0.1762 0.5334 0.0501 
        D632  4 0.3127 0.0589 0.0236 0.0822 0.0248 0.1746 0.2691 0.0541 
        D646  4 0.1517 0.2402 0.0426 0.2720 0.0424 0.0848 0.0409 0.1255 
        D647  4 0.1597 0.4535 0.0172 0.0897 0.0534 0.0733 0.0771 0.0761 
        D648  4 0.0187 0.0174 0.0539 0.0204 0.0142 0.0252 0.7972 0.0530 
        D649  4 0.0952 0.2855 0.0267 0.2584 0.0563 0.0239 0.1917 0.0623 
        D650  4 0.1615 0.2099 0.1119 0.0906 0.1255 0.0412 0.1231 0.1364 
        D708  4 0.0687 0.0507 0.2390 0.0442 0.1728 0.0394 0.1987 0.1865 
        D709  4 0.0373 0.0337 0.0457 0.4810 0.0620 0.0456 0.1076 0.1872 
        D738  4 0.0701 0.0949 0.5711 0.1226 0.0367 0.0214 0.0386 0.0446 
        D739  4 0.5011 0.0349 0.0328 0.0636 0.0952 0.0352 0.0828 0.1544 
        D740  4 0.0623 0.0270 0.1229 0.1605 0.3114 0.0661 0.0453 0.2045 
        D741  4 0.1074 0.1740 0.0197 0.1437 0.0404 0.1864 0.0423 0.2861 
        D742  4 0.0853 0.0327 0.1305 0.0548 0.1641 0.3411 0.0733 0.1183 
        D743  4 0.0403 0.5152 0.0282 0.0190 0.0489 0.0584 0.2379 0.0521 
        D744  4 0.0300 0.0328 0.0229 0.0329 0.0319 0.0526 0.7361 0.0608 
        D745  4 0.4947 0.0351 0.0248 0.1343 0.0521 0.0325 0.0324 0.1941 
        D814  4 0.1545 0.0762 0.0292 0.0208 0.0833 0.3600 0.1132 0.1628 
        D815  4 0.0394 0.1546 0.0345 0.1512 0.0690 0.0456 0.4240 0.0816 
        D828  4 0.0530 0.0152 0.1719 0.0712 0.0987 0.1308 0.3314 0.1277 
        D845  4 0.0184 0.0188 0.0333 0.0167 0.8351 0.0372 0.0212 0.0193 
        D846  4 0.2008 0.1247 0.0123 0.0311 0.0500 0.1728 0.3097 0.0985 
        D847  4 0.3581 0.0938 0.0662 0.0638 0.1790 0.0594 0.0452 0.1344 
        D848  4 0.5983 0.0184 0.0185 0.0216 0.1685 0.0779 0.0572 0.0396 
        D849  4 0.5084 0.0475 0.0324 0.1174 0.0385 0.0384 0.0684 0.1490 
        D850  4 0.2121 0.1797 0.0988 0.0452 0.1536 0.0662 0.0746 0.1698 
        D856  4 0.0773 0.0474 0.0412 0.3672 0.0429 0.0322 0.0485 0.3432 
        D857  4 0.0400 0.0101 0.0287 0.7332 0.0223 0.0787 0.0518 0.0351 
        D859  4 0.0489 0.0971 0.0324 0.0449 0.0986 0.0497 0.5757 0.0526 
        D860  4 0.0332 0.0850 0.4379 0.0324 0.1811 0.1026 0.0827 0.0451 
        D883  4 0.2634 0.1992 0.1019 0.1429 0.0795 0.0400 0.0941 0.0789 
        D884  4 0.1382 0.1025 0.1172 0.3221 0.0417 0.0317 0.1237 0.1229 
        D885  4 0.0876 0.1461 0.0303 0.0507 0.2755 0.0981 0.0692 0.2424 
        D886  4 0.3053 0.1243 0.0287 0.2765 0.0457 0.0797 0.0860 0.0538 
        D887  4 0.0485 0.1062 0.0581 0.0820 0.2978 0.1326 0.1556 0.1193 
        D889  4 0.0252 0.0469 0.0192 0.0204 0.7290 0.0148 0.0494 0.0951 
        D890  4 0.0997 0.0566 0.1685 0.1659 0.0681 0.1054 0.2139 0.1220 
        D891  4 0.0115 0.0150 0.0097 0.0115 0.9044 0.0221 0.0094 0.0164 
        D899  4 0.0430 0.0313 0.1120 0.0433 0.1604 0.4722 0.0779 0.0599 
        D900  4 0.1268 0.1472 0.0898 0.1165 0.0702 0.1178 0.1336 0.1981 
        D970  4 0.1093 0.1549 0.0711 0.0639 0.1423 0.0891 0.2642 0.1052 
        D971  4 0.0400 0.0639 0.0714 0.0757 0.0220 0.4637 0.1631 0.1002 
        D979  4 0.0363 0.3549 0.0409 0.0300 0.0394 0.0492 0.3585 0.0907 
        D093  5 0.0446 0.0516 0.6743 0.0538 0.0765 0.0354 0.0256 0.0382 
        D154  5 0.0411 0.0444 0.0631 0.0600 0.1417 0.2423 0.0614 0.3460 
        D168  5 0.1419 0.0907 0.0191 0.0860 0.1175 0.3320 0.0448 0.1679 
        D189  5 0.0534 0.0455 0.4045 0.0574 0.1918 0.0682 0.0747 0.1045 
        D190  5 0.0220 0.0268 0.7222 0.0395 0.0676 0.0295 0.0547 0.0377 
     D237220  5 0.2167 0.0273 0.1095 0.1130 0.3367 0.0274 0.0712 0.0983 
     D237221  5 0.0478 0.0632 0.2765 0.0767 0.3227 0.0902 0.0494 0.0735 
     D237274  5 0.0441 0.4617 0.0217 0.1219 0.0230 0.0505 0.1989 0.0780 
     D237275  5 0.0251 0.0203 0.0325 0.0817 0.0906 0.6312 0.0241 0.0947 
     D237276  5 0.1703 0.1300 0.1735 0.2387 0.0663 0.0462 0.0809 0.0940 
     D237277  5 0.0168 0.0267 0.5069 0.0324 0.2589 0.0574 0.0514 0.0495 
     D237278  5 0.0762 0.0560 0.2107 0.0909 0.0442 0.3274 0.0853 0.1093 
     D237279  5 0.1037 0.0378 0.0194 0.2185 0.0356 0.0472 0.0780 0.4598 
     D237280  5 0.1818 0.1394 0.0640 0.4104 0.0576 0.0260 0.0465 0.0743 
     D237281  5 0.0203 0.0563 0.0344 0.0319 0.2678 0.4692 0.0253 0.0947 
     D237351  5 0.0336 0.0330 0.0590 0.7163 0.0628 0.0289 0.0273 0.0391 
     D237352  5 0.3654 0.0969 0.0720 0.0507 0.0340 0.0753 0.2337 0.0721 
     D237353  5 0.0148 0.0228 0.6248 0.0904 0.1606 0.0171 0.0442 0.0254 
     D237359  5 0.2057 0.0578 0.0441 0.0500 0.4399 0.0284 0.0533 0.1209 
     D237361  5 0.0167 0.0272 0.7796 0.0409 0.0614 0.0207 0.0215 0.0319 
     D237362  5 0.0627 0.2283 0.1484 0.0992 0.1442 0.0638 0.0544 0.1990 
     D237363  5 0.0400 0.0447 0.0585 0.0779 0.0539 0.1482 0.0244 0.5525 
     D237364  5 0.1924 0.1034 0.0183 0.0614 0.1319 0.1310 0.1733 0.1883 
     D237376  5 0.0198 0.0130 0.1780 0.0320 0.0329 0.0395 0.6267 0.0581 
     D237377  5 0.0409 0.1636 0.1108 0.3881 0.0603 0.0526 0.0529 0.1307 
     D237378  5 0.0570 0.0218 0.4808 0.0445 0.0988 0.0839 0.1533 0.0600 
     D237379  5 0.0571 0.0407 0.2641 0.0383 0.0566 0.0389 0.3678 0.1364 
     D237380  5 0.0499 0.0272 0.0553 0.5374 0.0204 0.0221 0.2362 0.0515 
     D237381  5 0.2161 0.0482 0.0987 0.3171 0.0532 0.0785 0.1213 0.0668 
     D237391  5 0.0275 0.0283 0.6626 0.0326 0.1812 0.0172 0.0204 0.0302 
     D237392  5 0.0491 0.3151 0.0319 0.0987 0.0289 0.2502 0.1232 0.1028 
     D237393  5 0.0591 0.3246 0.2406 0.1734 0.0629 0.0626 0.0407 0.0361 
     D237394  5 0.0192 0.0300 0.8045 0.0303 0.0644 0.0114 0.0220 0.0182 
     D237395  5 0.0871 0.0422 0.2421 0.1043 0.2390 0.0774 0.0402 0.1676 
     D237396  5 0.0795 0.3826 0.1749 0.0824 0.0876 0.0763 0.0374 0.0793 
     D244016  5 0.0281 0.0205 0.2065 0.0426 0.1509 0.0771 0.1817 0.2925 
     D244018  5 0.0853 0.0947 0.2038 0.0559 0.1297 0.3190 0.0278 0.0840 
     D244019  5 0.0283 0.1441 0.0595 0.0950 0.1896 0.0944 0.0734 0.3157 
        D279  5 0.0401 0.0355 0.0351 0.0320 0.6468 0.0559 0.0593 0.0953 
        D280  5 0.1068 0.1098 0.1825 0.0974 0.2494 0.0614 0.0309 0.1619 
        D281  5 0.0204 0.0227 0.0907 0.0224 0.4542 0.2122 0.0363 0.1411 
        D283  5 0.0294 0.1246 0.4945 0.0620 0.1420 0.0444 0.0336 0.0696 
        D284  5 0.3598 0.0629 0.0339 0.0787 0.0886 0.0688 0.0522 0.2552 
        D285  5 0.0236 0.0678 0.2531 0.0623 0.4059 0.0216 0.0608 0.1048 
        D286  5 0.1311 0.0970 0.1713 0.0876 0.1649 0.0432 0.1832 0.1216 
        D287  5 0.0485 0.0203 0.1844 0.0692 0.0613 0.0387 0.4396 0.1381 
        D288  5 0.0330 0.2038 0.1209 0.0868 0.3429 0.0393 0.0210 0.1523 
        D308  5 0.0252 0.0611 0.0297 0.7683 0.0306 0.0217 0.0279 0.0355 
        D309  5 0.0367 0.0304 0.0193 0.0187 0.0129 0.0157 0.8386 0.0277 
        D310  5 0.0156 0.0167 0.7427 0.0312 0.0491 0.0194 0.0222 0.1030 
        D311  5 0.0721 0.1565 0.1288 0.0641 0.0703 0.0458 0.1940 0.2684 
        D312  5 0.1059 0.1147 0.2132 0.0513 0.0810 0.0585 0.2244 0.1509 
        D313  5 0.3695 0.0159 0.0221 0.5382 0.0136 0.0137 0.0096 0.0173 
        D314  5 0.1162 0.0330 0.0773 0.1075 0.2327 0.1091 0.1232 0.2010 
        D315  5 0.0784 0.2145 0.2904 0.1161 0.0683 0.0714 0.0499 0.1110 
        D317  5 0.0209 0.0378 0.8261 0.0241 0.0303 0.0163 0.0173 0.0273 
        D318  5 0.1245 0.1204 0.0619 0.0623 0.0746 0.1316 0.1351 0.2895 
        D319  5 0.0183 0.0253 0.8010 0.0586 0.0352 0.0184 0.0153 0.0280 
        D320  5 0.0429 0.0340 0.5677 0.0795 0.1408 0.0240 0.0600 0.0510 
        D321  5 0.0213 0.0843 0.0705 0.6099 0.1385 0.0155 0.0229 0.0371 
        D336  5 0.0228 0.0306 0.6805 0.0486 0.0265 0.0171 0.0975 0.0764 
        D337  5 0.0115 0.0242 0.8023 0.0178 0.0749 0.0207 0.0277 0.0209 
        D338  5 0.1020 0.1903 0.1594 0.0498 0.2335 0.0592 0.0631 0.1427 
        D339  5 0.0358 0.0426 0.5846 0.0865 0.1106 0.0580 0.0224 0.0596 
        D347  5 0.0459 0.1414 0.1345 0.0943 0.0558 0.1626 0.1796 0.1860 
        D348  5 0.0196 0.0199 0.7685 0.0217 0.0194 0.0223 0.0900 0.0385 
        D349  5 0.0154 0.0161 0.0414 0.8374 0.0270 0.0196 0.0212 0.0218 
        D350  5 0.0148 0.0196 0.0178 0.0235 0.0284 0.0204 0.8502 0.0252 
        D355  5 0.0212 0.1158 0.0377 0.0559 0.2462 0.1807 0.0771 0.2655 
        D356  5 0.1262 0.2121 0.3004 0.0625 0.1247 0.0264 0.0513 0.0965 
        D357  5 0.0397 0.0523 0.1554 0.1480 0.1292 0.0547 0.1273 0.2934 
        D358  5 0.0527 0.0430 0.3828 0.1010 0.0722 0.0555 0.2028 0.0901 
        D359  5 0.0235 0.1538 0.5883 0.0447 0.0569 0.0182 0.0535 0.0610 
        D360  5 0.1442 0.1151 0.4336 0.0531 0.0975 0.0225 0.0332 0.1008 
        D361  5 0.0175 0.0254 0.0273 0.8558 0.0147 0.0195 0.0154 0.0245 
        D366  5 0.0209 0.5483 0.0232 0.0232 0.0209 0.3070 0.0201 0.0363 
        D367  5 0.0455 0.0256 0.4547 0.1491 0.0662 0.0214 0.1104 0.1271 
        D368  5 0.0356 0.0935 0.1786 0.3312 0.0775 0.0274 0.0429 0.2133 
        D380  5 0.0690 0.0590 0.0410 0.0428 0.0766 0.0486 0.4826 0.1805 
        D381  5 0.0272 0.0538 0.6068 0.0376 0.1012 0.0288 0.0514 0.0931 
        D400  5 0.0643 0.0716 0.2415 0.0453 0.1810 0.1369 0.1685 0.0909 
        D411  5 0.7196 0.0217 0.0139 0.0516 0.0200 0.0371 0.0302 0.1058 
        D412  5 0.1199 0.0779 0.1070 0.1543 0.0821 0.1792 0.0574 0.2223 
        D413  5 0.0794 0.0822 0.0268 0.0219 0.0460 0.5836 0.0484 0.1116 
        D414  5 0.0256 0.0279 0.0143 0.0268 0.0806 0.0641 0.7062 0.0545 
        D420  5 0.2452 0.0278 0.0316 0.0738 0.3897 0.0259 0.0221 0.1839 
        D431  5 0.0542 0.0154 0.0692 0.1445 0.2271 0.0539 0.2191 0.2167 
        D432  5 0.0683 0.0688 0.4916 0.0946 0.0876 0.0882 0.0466 0.0542 
        D433  5 0.0241 0.0708 0.4431 0.2050 0.1283 0.0428 0.0289 0.0570 
        D434  5 0.0425 0.0686 0.5694 0.1025 0.0857 0.0284 0.0342 0.0686 
        D440  5 0.0206 0.0186 0.0194 0.0227 0.0202 0.0167 0.8546 0.0274 
        D447  5 0.1014 0.2873 0.0292 0.0479 0.0247 0.1064 0.1297 0.2734 
        D448  5 0.0301 0.0852 0.5020 0.0598 0.0642 0.0529 0.0818 0.1241 
        D459  5 0.0212 0.0849 0.0394 0.0330 0.2918 0.4139 0.0442 0.0715 
        D460  5 0.0211 0.0651 0.0574 0.7482 0.0328 0.0196 0.0209 0.0349 
        D461  5 0.0248 0.0803 0.0237 0.0178 0.0269 0.0194 0.7774 0.0298 
        D468  5 0.0693 0.2033 0.1427 0.1360 0.0352 0.0502 0.0420 0.3213 
        D469  5 0.0811 0.5065 0.0707 0.0781 0.0592 0.0359 0.0748 0.0938 
        D470  5 0.3868 0.0838 0.0912 0.0483 0.0419 0.0505 0.1352 0.1623 
        D471  5 0.0212 0.0719 0.5444 0.0355 0.1210 0.0382 0.0853 0.0825 
        D472  5 0.0234 0.6615 0.0234 0.0264 0.1247 0.0882 0.0204 0.0321 
        D479  5 0.0268 0.0354 0.0242 0.0230 0.0220 0.6864 0.1403 0.0418 
        D485  5 0.0670 0.0283 0.0735 0.0510 0.0357 0.0696 0.5817 0.0931 
        D486  5 0.1555 0.1183 0.0734 0.1180 0.0274 0.0665 0.0589 0.3820 
        D487  5 0.0527 0.0364 0.1510 0.0504 0.3965 0.0919 0.1463 0.0749 
        D555  5 0.0216 0.0290 0.7564 0.0281 0.0536 0.0722 0.0235 0.0156 
        D556  5 0.0422 0.0346 0.0888 0.0749 0.4426 0.0371 0.1657 0.1140 
        D557  5 0.0179 0.0347 0.7121 0.0630 0.0597 0.0398 0.0418 0.0310 
        D564  5 0.0433 0.0501 0.2300 0.2124 0.0383 0.0476 0.2827 0.0957 
        D594  5 0.0403 0.1780 0.0943 0.1293 0.0335 0.1407 0.1319 0.2520 
        D595  5 0.0514 0.1543 0.3268 0.0822 0.1025 0.0996 0.0621 0.1212 
        D596  5 0.0223 0.0238 0.7651 0.0441 0.0443 0.0487 0.0186 0.0330 
        D597  5 0.0266 0.0868 0.2413 0.0318 0.2850 0.1989 0.0821 0.0473 
        D598  5 0.1149 0.0673 0.4399 0.0921 0.0716 0.0518 0.0990 0.0634 
        D617  5 0.5170 0.0274 0.0202 0.0499 0.0367 0.2233 0.0235 0.1019 
        D618  5 0.0327 0.0537 0.3838 0.0621 0.3357 0.0437 0.0514 0.0368 
        D619  5 0.0206 0.1593 0.1393 0.4929 0.0342 0.0517 0.0503 0.0517 
        D620  5 0.0279 0.0747 0.0343 0.0268 0.0538 0.7425 0.0223 0.0178 
        D628  5 0.0297 0.0187 0.0429 0.0442 0.0222 0.0229 0.7855 0.0339 
        D714  5 0.0275 0.0164 0.0968 0.0383 0.2215 0.0543 0.4420 0.1031 
        D715  5 0.0252 0.0598 0.5838 0.0294 0.1948 0.0313 0.0378 0.0380 
        D716  5 0.0709 0.1123 0.0821 0.0324 0.0812 0.1026 0.2084 0.3100 
        D717  5 0.0940 0.2319 0.1534 0.0959 0.2116 0.0339 0.0807 0.0986 
        D718  5 0.0938 0.0219 0.0900 0.1367 0.0573 0.0690 0.1044 0.4269 
        D769  5 0.5440 0.0317 0.0318 0.0332 0.0410 0.1193 0.0811 0.1178 
        D770  5 0.0360 0.0360 0.0811 0.0334 0.0671 0.2160 0.4306 0.0996 
        D771  5 0.1133 0.0501 0.0974 0.0915 0.1552 0.2725 0.0946 0.1254 
        D772  5 0.0524 0.0412 0.0867 0.0262 0.0718 0.0290 0.6181 0.0746 
        D782  5 0.0592 0.0538 0.0331 0.1517 0.1914 0.1362 0.0296 0.3450 
        D783  5 0.0277 0.0177 0.0949 0.0336 0.0981 0.1900 0.4180 0.1199 
        D784  5 0.0591 0.1972 0.1031 0.0471 0.2667 0.0362 0.1789 0.1117 
        D785  5 0.0430 0.0424 0.5046 0.1243 0.0775 0.0265 0.1276 0.0540 
        D786  5 0.3793 0.1499 0.0235 0.1154 0.0294 0.0819 0.1576 0.0630 
        D821  5 0.0092 0.0126 0.8118 0.0211 0.0797 0.0124 0.0346 0.0187 
        D822  5 0.0284 0.1706 0.1426 0.1460 0.0924 0.1071 0.1226 0.1904 
        D826  5 0.0323 0.0630 0.2472 0.0749 0.3016 0.1329 0.0626 0.0855 
        D827  5 0.0772 0.3022 0.0517 0.0408 0.0374 0.1002 0.1018 0.2888 
        D851  5 0.0639 0.0810 0.1606 0.1063 0.0978 0.0519 0.0843 0.3541 
        D852  5 0.0424 0.0253 0.1008 0.1079 0.3316 0.0474 0.3089 0.0357 
        D853  5 0.0562 0.0658 0.1858 0.0947 0.3670 0.0414 0.0426 0.1465 
        D854  5 0.0571 0.1256 0.0211 0.1545 0.1644 0.1045 0.0834 0.2894 
        D861  5 0.0885 0.0770 0.1357 0.1350 0.1306 0.1196 0.0483 0.2653 
        D862  5 0.0484 0.2776 0.3079 0.0840 0.0410 0.0362 0.0911 0.1137 
        D865  5 0.0260 0.0244 0.5880 0.1313 0.0680 0.0630 0.0436 0.0556 
        D868  5 0.0585 0.6105 0.0900 0.0479 0.0949 0.0274 0.0284 0.0423 
        D869  5 0.7129 0.0533 0.0371 0.0380 0.0199 0.0431 0.0139 0.0818 
        D870  5 0.0527 0.0516 0.0120 0.0254 0.0410 0.0568 0.0264 0.7341 
        D907  5 0.0397 0.0366 0.6498 0.1069 0.0360 0.0334 0.0284 0.0693 
        D908  5 0.0229 0.0203 0.1128 0.1689 0.3861 0.0869 0.1575 0.0446 
        D910  5 0.0329 0.0884 0.3002 0.0584 0.1913 0.1642 0.0749 0.0897 
        D911  5 0.0207 0.0753 0.0344 0.0410 0.5097 0.0993 0.0368 0.1828 
        D934  5 0.0372 0.0478 0.0342 0.0478 0.2921 0.1236 0.2018 0.2156 
        D946  5 0.0505 0.0205 0.0474 0.1890 0.1455 0.0545 0.4102 0.0825 
        D947  5 0.0693 0.1243 0.0323 0.0506 0.2859 0.0373 0.1913 0.2091 
