        D174  1 0.5249 0.0739 0.0226 0.0375 0.0222 0.0724 0.1104 0.0736 0.0625 
        D199  1 0.1507 0.1117 0.1054 0.1821 0.0336 0.0407 0.0340 0.1293 0.2126 
        D203  1 0.0477 0.1053 0.0692 0.2110 0.0425 0.0781 0.1521 0.0912 0.2029 
        D204  1 0.0221 0.0415 0.0129 0.0488 0.0824 0.0289 0.0217 0.0334 0.7084 
     D237366  1 0.0480 0.1009 0.0442 0.0467 0.1156 0.1155 0.4009 0.0836 0.0446 
     D237367  1 0.0344 0.1213 0.0228 0.0674 0.0491 0.0864 0.1461 0.1515 0.3209 
     D237368  1 0.0903 0.0803 0.0247 0.1061 0.0358 0.3400 0.0923 0.0863 0.1441 
     D244101  1 0.0243 0.0997 0.0652 0.0938 0.4393 0.0219 0.0211 0.1017 0.1329 
     D244102  1 0.0760 0.1141 0.0802 0.0509 0.1445 0.1132 0.2055 0.1387 0.0771 
     D244103  1 0.0520 0.2380 0.0267 0.0423 0.0448 0.0618 0.1906 0.1682 0.1755 
     D244104  1 0.0583 0.0287 0.0526 0.0380 0.0219 0.0333 0.0185 0.0400 0.7087 
     D244105  1 0.0162 0.1491 0.0330 0.0183 0.0198 0.1208 0.3991 0.1749 0.0689 
     D244106  1 0.4952 0.0821 0.0839 0.0595 0.0248 0.0282 0.0881 0.0691 0.0691 
     D244107  1 0.0133 0.1097 0.0245 0.0901 0.0646 0.4148 0.0696 0.1352 0.0781 
     D244108  1 0.4167 0.0721 0.0439 0.0373 0.0340 0.2212 0.0477 0.0738 0.0533 
     D244113  1 0.5887 0.0625 0.0294 0.0442 0.1321 0.0339 0.0366 0.0536 0.0189 
     D244114  1 0.1040 0.2544 0.1192 0.0384 0.0382 0.0268 0.1304 0.2263 0.0624 
     D244115  1 0.1830 0.1392 0.0586 0.0243 0.0293 0.1739 0.0549 0.1594 0.1774 
     D267365  1 0.1854 0.0765 0.1739 0.0280 0.0522 0.0498 0.0416 0.0794 0.3132 
        D404  1 0.5221 0.0617 0.0196 0.0500 0.1426 0.0386 0.0905 0.0544 0.0203 
        D405  1 0.1421 0.1689 0.0479 0.1151 0.1076 0.0691 0.1169 0.1205 0.1119 
        D406  1 0.0261 0.0295 0.0182 0.0189 0.0351 0.5821 0.2228 0.0220 0.0452 
        D407  1 0.0402 0.0842 0.0157 0.1111 0.0142 0.0432 0.0703 0.0948 0.5264 
        D408  1 0.4654 0.0640 0.1939 0.0164 0.0428 0.0424 0.0323 0.0770 0.0659 
        D409  1 0.0326 0.2998 0.0328 0.0525 0.0273 0.0349 0.0469 0.3320 0.1411 
        D410  1 0.0321 0.0428 0.0134 0.0105 0.0292 0.7695 0.0238 0.0290 0.0497 
        D421  1 0.0129 0.0179 0.0108 0.0290 0.0095 0.0105 0.0134 0.0233 0.8727 
        D422  1 0.0120 0.0405 0.0220 0.0201 0.0132 0.5134 0.2272 0.0550 0.0967 
        D423  1 0.0145 0.0536 0.0134 0.0687 0.0136 0.7108 0.0420 0.0278 0.0555 
        D424  1 0.0507 0.1374 0.0145 0.0159 0.0149 0.0239 0.0533 0.0826 0.6067 
        D425  1 0.1585 0.1393 0.0370 0.0313 0.0429 0.0393 0.0532 0.1401 0.3584 
        D426  1 0.0259 0.3547 0.0831 0.0275 0.0185 0.0205 0.0362 0.3198 0.1137 
        D427  1 0.0915 0.0315 0.0242 0.4348 0.0111 0.0160 0.0215 0.0303 0.3391 
        D428  1 0.2430 0.1294 0.0336 0.0435 0.0762 0.0736 0.0404 0.1112 0.2492 
        D429  1 0.2257 0.0940 0.0415 0.0318 0.0332 0.0329 0.0946 0.0827 0.3638 
        D430  1 0.1028 0.1993 0.1322 0.0626 0.0249 0.0354 0.1576 0.1986 0.0865 
        D491  1 0.6634 0.0407 0.0381 0.0124 0.0250 0.0288 0.0246 0.0385 0.1286 
        D492  1 0.1632 0.1858 0.0338 0.0612 0.0466 0.0623 0.0670 0.1474 0.2327 
        D537  1 0.0413 0.0717 0.0132 0.0350 0.0672 0.0571 0.0528 0.0694 0.5923 
        D538  1 0.0782 0.1785 0.0417 0.0944 0.0517 0.1805 0.1506 0.1732 0.0511 
        D539  1 0.1226 0.0756 0.3658 0.0438 0.0505 0.0655 0.1662 0.0824 0.0275 
        D540  1 0.0573 0.2161 0.0637 0.0277 0.0198 0.0620 0.0589 0.2196 0.2749 
        D541  1 0.0106 0.0175 0.0162 0.0168 0.0135 0.0152 0.0127 0.0169 0.8806 
        D551  1 0.0372 0.3057 0.1137 0.1071 0.0229 0.0319 0.0624 0.2302 0.0889 
        D552  1 0.1726 0.0699 0.0933 0.0315 0.0447 0.2797 0.0726 0.0805 0.1552 
        D553  1 0.0146 0.0179 0.0176 0.0105 0.0113 0.0139 0.0107 0.0252 0.8783 
        D615  1 0.0579 0.1092 0.0825 0.0749 0.0185 0.0907 0.0713 0.0896 0.4053 
        D616  1 0.0403 0.1682 0.0541 0.1104 0.0172 0.1150 0.0589 0.1391 0.2969 
        D621  1 0.0712 0.0435 0.0344 0.0214 0.2155 0.4696 0.0889 0.0389 0.0166 
        D622  1 0.0355 0.0607 0.0429 0.0171 0.0303 0.4854 0.2234 0.0686 0.0361 
        D623  1 0.3179 0.0497 0.0397 0.1667 0.2739 0.0445 0.0163 0.0681 0.0231 
        D624  1 0.6848 0.0827 0.0308 0.0167 0.0086 0.0207 0.0440 0.0715 0.0401 
        D625  1 0.0553 0.0608 0.0233 0.0155 0.0466 0.0533 0.0522 0.0640 0.6291 
        D626  1 0.2908 0.0968 0.0731 0.0317 0.0256 0.1228 0.1475 0.1014 0.1104 
        D627  1 0.0249 0.2542 0.1182 0.0294 0.0202 0.0190 0.0793 0.3369 0.1178 
        D690  1 0.0375 0.0170 0.0109 0.0095 0.0202 0.0508 0.0176 0.0205 0.8160 
        D691  1 0.0336 0.0309 0.0307 0.0226 0.0225 0.3926 0.3572 0.0333 0.0767 
        D710  1 0.1308 0.1173 0.0450 0.0507 0.0908 0.1260 0.0383 0.1221 0.2791 
        D711  1 0.0289 0.0542 0.0175 0.0204 0.0412 0.0273 0.0319 0.0499 0.7288 
        D712  1 0.5590 0.0627 0.0966 0.0379 0.0489 0.0516 0.0503 0.0629 0.0301 
        D713  1 0.2991 0.0970 0.0297 0.0226 0.1940 0.0591 0.0604 0.1042 0.1340 
        D746  1 0.0181 0.0212 0.0173 0.0238 0.0165 0.5608 0.2605 0.0218 0.0600 
        D747  1 0.0133 0.0205 0.0153 0.0210 0.0266 0.0141 0.0108 0.0185 0.8598 
        D748  1 0.0333 0.0550 0.0308 0.0178 0.0491 0.1399 0.3707 0.0533 0.2501 
        D749  1 0.0936 0.2031 0.0379 0.0380 0.0675 0.2564 0.1185 0.1640 0.0210 
        D750  1 0.5433 0.0464 0.0331 0.0214 0.0387 0.0812 0.0299 0.0409 0.1651 
        D763  1 0.0237 0.1575 0.2147 0.0939 0.1707 0.0517 0.0618 0.1335 0.0925 
        D764  1 0.1253 0.0346 0.0282 0.0128 0.0148 0.0967 0.0276 0.0437 0.6161 
        D765  1 0.1237 0.0826 0.0512 0.0173 0.0184 0.4906 0.1053 0.0734 0.0375 
        D766  1 0.0515 0.0730 0.0174 0.0260 0.0954 0.4754 0.0903 0.0645 0.1065 
        D767  1 0.0271 0.0939 0.0252 0.0914 0.2772 0.0921 0.2156 0.1102 0.0673 
        D768  1 0.0126 0.0266 0.0145 0.0182 0.0149 0.0196 0.0171 0.0406 0.8359 
        D811  1 0.3481 0.1203 0.0446 0.0231 0.0399 0.1332 0.1169 0.1402 0.0335 
        D816  1 0.0231 0.0242 0.0123 0.0119 0.0173 0.0155 0.0184 0.0224 0.8549 
        D825  1 0.2913 0.0966 0.0280 0.0152 0.0246 0.2305 0.0719 0.1294 0.1125 
        D866  1 0.1157 0.0890 0.4211 0.1094 0.0204 0.0528 0.0496 0.0862 0.0559 
        D867  1 0.0291 0.0567 0.0218 0.0423 0.1249 0.4172 0.2305 0.0580 0.0196 
        D871  1 0.0533 0.2831 0.0338 0.0304 0.0299 0.0226 0.0516 0.3480 0.1473 
        D872  1 0.0504 0.1271 0.0265 0.0707 0.0603 0.2792 0.0956 0.1085 0.1818 
        D873  1 0.0148 0.0161 0.0090 0.0158 0.0223 0.8803 0.0173 0.0154 0.0091 
        D874  1 0.1021 0.0422 0.0280 0.0214 0.6749 0.0135 0.0224 0.0456 0.0499 
        D875  1 0.0217 0.3028 0.0181 0.0171 0.0230 0.0627 0.1387 0.3231 0.0929 
        D876  1 0.0795 0.0854 0.1222 0.0245 0.1115 0.0697 0.0590 0.0938 0.3544 
        D877  1 0.4230 0.1161 0.0218 0.0293 0.1850 0.0209 0.0503 0.1118 0.0418 
        D892  1 0.2011 0.0805 0.0252 0.0178 0.0428 0.0648 0.2409 0.0782 0.2486 
        D893  1 0.0180 0.0764 0.0640 0.0384 0.0491 0.0431 0.0607 0.0812 0.5691 
        D894  1 0.0385 0.0763 0.0309 0.0210 0.0204 0.0297 0.0728 0.0626 0.6478 
        D915  1 0.0547 0.0614 0.0267 0.0203 0.0200 0.0982 0.0692 0.0732 0.5762 
        D916  1 0.0129 0.0151 0.0124 0.0100 0.0104 0.0139 0.0154 0.0142 0.8956 
        D917  1 0.2961 0.1227 0.0671 0.0883 0.1013 0.0339 0.0257 0.1255 0.1394 
        D925  1 0.0782 0.0247 0.0308 0.0230 0.0147 0.5934 0.0219 0.0386 0.1747 
        D926  1 0.0716 0.1910 0.0346 0.0219 0.0615 0.0433 0.0517 0.1550 0.3693 
        D927  1 0.0431 0.1208 0.0847 0.2623 0.0411 0.0310 0.0603 0.1210 0.2356 
        D928  1 0.8315 0.0184 0.0125 0.0171 0.0226 0.0223 0.0107 0.0159 0.0489 
        D929  1 0.0538 0.0450 0.0271 0.0188 0.5268 0.0309 0.2054 0.0616 0.0308 
        D936  1 0.0313 0.0700 0.0934 0.0608 0.2044 0.0288 0.0343 0.0652 0.4119 
        D938  1 0.0204 0.0188 0.0175 0.0159 0.0386 0.5850 0.2579 0.0235 0.0224 
        D956  1 0.5849 0.0690 0.0481 0.0259 0.0323 0.0419 0.0979 0.0642 0.0357 
        D957  1 0.0432 0.0760 0.0251 0.0448 0.0775 0.4624 0.1021 0.0768 0.0919 
        D958  1 0.1164 0.0760 0.0287 0.0324 0.0938 0.3378 0.0864 0.0652 0.1632 
        D959  1 0.0305 0.1003 0.0117 0.0948 0.0099 0.0285 0.0714 0.1087 0.5441 
        D960  1 0.0447 0.0339 0.0145 0.0190 0.0270 0.5978 0.2135 0.0268 0.0229 
        D989  1 0.5334 0.0860 0.1076 0.0944 0.0239 0.0193 0.0292 0.0662 0.0399 
        D990  1 0.0280 0.0496 0.1224 0.0277 0.0144 0.6877 0.0187 0.0368 0.0147 
        D023  2 0.0150 0.0362 0.0133 0.0226 0.0180 0.5323 0.1676 0.0377 0.1572 
        D130  2 0.0128 0.0339 0.0128 0.0386 0.0221 0.3977 0.3656 0.0384 0.0781 
        D131  2 0.0316 0.2315 0.0798 0.0369 0.0481 0.0498 0.0604 0.2431 0.2188 
        D163  2 0.0329 0.0669 0.0432 0.0129 0.0268 0.4653 0.1946 0.0525 0.1049 
        D164  2 0.0114 0.0175 0.0107 0.4933 0.0148 0.4111 0.0127 0.0169 0.0115 
        D165  2 0.0167 0.0402 0.0328 0.0316 0.0256 0.5243 0.2028 0.0512 0.0747 
        D166  2 0.0201 0.1988 0.0423 0.0509 0.1116 0.0562 0.3064 0.1842 0.0295 
        D167  2 0.0303 0.0145 0.0174 0.8642 0.0129 0.0114 0.0191 0.0162 0.0140 
        D192  2 0.0180 0.0139 0.0190 0.8806 0.0207 0.0119 0.0115 0.0169 0.0076 
        D193  2 0.3687 0.1483 0.0448 0.0347 0.1005 0.0402 0.1469 0.0978 0.0181 
        D206  2 0.0324 0.1885 0.0483 0.2540 0.0376 0.0513 0.0669 0.1712 0.1498 
        D207  2 0.0191 0.0770 0.0373 0.6898 0.0204 0.0155 0.0344 0.0817 0.0248 
        D208  2 0.1381 0.0783 0.3779 0.0996 0.0504 0.0360 0.0735 0.0845 0.0617 
        D209  2 0.0253 0.1565 0.0278 0.3559 0.1127 0.0458 0.0242 0.2177 0.0342 
        D210  2 0.3837 0.0481 0.2417 0.1220 0.0280 0.0222 0.0395 0.0521 0.0627 
     D229599  2 0.0569 0.1190 0.2119 0.0439 0.1697 0.0596 0.0404 0.1621 0.1364 
     D229600  2 0.0177 0.0601 0.0231 0.3554 0.0272 0.2233 0.1956 0.0670 0.0305 
     D237227  2 0.2893 0.0970 0.1647 0.0520 0.0180 0.2304 0.0301 0.0724 0.0462 
     D237228  2 0.1769 0.1078 0.0753 0.0554 0.0201 0.4069 0.0399 0.1000 0.0176 
     D237258  2 0.0658 0.1454 0.1370 0.1935 0.0615 0.1181 0.0567 0.1453 0.0767 
     D237310  2 0.0418 0.0793 0.0255 0.0660 0.0365 0.4768 0.1461 0.1154 0.0125 
     D237311  2 0.0401 0.0710 0.0222 0.1782 0.0177 0.4826 0.1096 0.0639 0.0146 
     D237312  2 0.0467 0.0775 0.0229 0.0241 0.0856 0.1742 0.4535 0.0948 0.0206 
     D237313  2 0.0768 0.1763 0.1196 0.0328 0.0700 0.1612 0.0583 0.1810 0.1240 
     D237322  2 0.0760 0.2068 0.1975 0.0418 0.1035 0.0469 0.0762 0.2237 0.0276 
     D237323  2 0.1213 0.0492 0.0606 0.0379 0.0330 0.5519 0.0739 0.0569 0.0153 
     D237324  2 0.0139 0.2204 0.0580 0.1982 0.0328 0.1381 0.0994 0.1947 0.0446 
     D237325  2 0.0995 0.1028 0.0406 0.0599 0.0630 0.2756 0.2268 0.1003 0.0314 
     D237326  2 0.0699 0.0445 0.0278 0.0386 0.0314 0.6536 0.0456 0.0402 0.0483 
     D237327  2 0.0312 0.2096 0.1703 0.1657 0.0773 0.0337 0.0823 0.1791 0.0510 
     D237337  2 0.0466 0.0552 0.0284 0.0153 0.0224 0.6750 0.0661 0.0580 0.0330 
     D237338  2 0.0843 0.1500 0.1194 0.0714 0.1196 0.1431 0.1300 0.1310 0.0512 
     D237339  2 0.0174 0.0726 0.0286 0.1677 0.5691 0.0200 0.0222 0.0740 0.0284 
     D237340  2 0.1648 0.0688 0.0535 0.1967 0.0486 0.2235 0.1333 0.0902 0.0207 
     D237389  2 0.0219 0.0735 0.0175 0.1092 0.0418 0.4561 0.1753 0.0800 0.0248 
     D237390  2 0.0840 0.0812 0.0503 0.0250 0.0712 0.1856 0.3823 0.0809 0.0395 
     D244017  2 0.2183 0.0981 0.0348 0.4220 0.0206 0.0363 0.0346 0.1170 0.0185 
     D244112  2 0.0144 0.0187 0.0124 0.8341 0.0132 0.0208 0.0431 0.0295 0.0137 
     D244118  2 0.0228 0.0239 0.0201 0.6405 0.0259 0.1764 0.0527 0.0265 0.0111 
     D244119  2 0.5861 0.0244 0.0263 0.2736 0.0108 0.0275 0.0110 0.0227 0.0178 
     D244120  2 0.0717 0.0513 0.0758 0.4419 0.0874 0.0232 0.1664 0.0689 0.0133 
     D244122  2 0.0404 0.0411 0.0261 0.6868 0.0284 0.0351 0.0649 0.0463 0.0308 
        D291  2 0.0149 0.1654 0.4407 0.0621 0.0186 0.0316 0.0472 0.1747 0.0448 
        D292  2 0.0593 0.0664 0.2118 0.2779 0.0516 0.0517 0.0274 0.0778 0.1762 
        D293  2 0.0149 0.0512 0.0191 0.6797 0.0642 0.0103 0.0164 0.0544 0.0899 
        D322  2 0.0140 0.0789 0.0358 0.5555 0.0784 0.0445 0.0294 0.0837 0.0798 
        D323  2 0.0621 0.2441 0.0737 0.1634 0.1175 0.0380 0.0479 0.1992 0.0541 
        D324  2 0.0454 0.1313 0.3136 0.0397 0.0256 0.0911 0.0634 0.1409 0.1488 
        D325  2 0.0092 0.0331 0.0302 0.7938 0.0200 0.0120 0.0150 0.0467 0.0399 
        D326  2 0.0182 0.0201 0.0259 0.0130 0.0130 0.0113 0.0126 0.0237 0.8622 
        D340  2 0.0160 0.0138 0.0303 0.8533 0.0207 0.0176 0.0130 0.0167 0.0186 
        D341  2 0.0292 0.0536 0.0619 0.5559 0.0326 0.0296 0.1468 0.0450 0.0452 
        D342  2 0.0175 0.1105 0.0648 0.4985 0.0207 0.0866 0.0537 0.1237 0.0239 
        D343  2 0.0072 0.0141 0.0120 0.9087 0.0137 0.0078 0.0101 0.0132 0.0132 
        D344  2 0.0308 0.1134 0.0239 0.0388 0.4901 0.0347 0.0610 0.1250 0.0825 
        D345  2 0.0350 0.1310 0.0789 0.0380 0.1595 0.2460 0.0226 0.1507 0.1384 
        D346  2 0.5302 0.0663 0.0807 0.0727 0.0467 0.0251 0.0352 0.0755 0.0677 
        D351  2 0.0194 0.1504 0.1354 0.0487 0.0906 0.0539 0.0637 0.1936 0.2444 
        D352  2 0.0563 0.0673 0.0198 0.0287 0.7147 0.0256 0.0214 0.0420 0.0243 
        D353  2 0.0155 0.3360 0.0332 0.0207 0.0682 0.0159 0.0171 0.3525 0.1409 
        D354  2 0.0388 0.0370 0.0204 0.0112 0.7779 0.0269 0.0139 0.0380 0.0360 
        D362  2 0.0292 0.0380 0.0184 0.0197 0.0180 0.0469 0.0271 0.0423 0.7605 
        D363  2 0.0384 0.0404 0.0202 0.0183 0.0215 0.0275 0.0174 0.0460 0.7702 
        D364  2 0.0454 0.0924 0.0212 0.0216 0.3627 0.0631 0.0250 0.0779 0.2907 
        D365  2 0.0176 0.0134 0.0162 0.8827 0.0160 0.0108 0.0110 0.0159 0.0166 
        D369  2 0.1384 0.1133 0.1036 0.2015 0.0216 0.0653 0.0451 0.1193 0.1919 
        D374  2 0.8465 0.0261 0.0173 0.0117 0.0190 0.0188 0.0183 0.0268 0.0156 
        D375  2 0.0161 0.0349 0.0104 0.0132 0.8416 0.0141 0.0244 0.0321 0.0132 
        D376  2 0.7576 0.0432 0.0208 0.0172 0.0540 0.0322 0.0272 0.0366 0.0111 
        D377  2 0.1071 0.1624 0.1171 0.0661 0.1077 0.1448 0.1086 0.1487 0.0375 
        D378  2 0.0183 0.1285 0.0630 0.2894 0.1568 0.0373 0.0315 0.1311 0.1443 
        D379  2 0.0271 0.0698 0.0307 0.0189 0.0338 0.0246 0.0431 0.0958 0.6562 
        D384  2 0.0275 0.0171 0.0240 0.0139 0.0132 0.0175 0.0129 0.0182 0.8556 
        D385  2 0.0322 0.0267 0.0177 0.6806 0.1592 0.0134 0.0185 0.0314 0.0204 
        D386  2 0.0174 0.1099 0.0285 0.0561 0.4927 0.0528 0.0313 0.1353 0.0761 
        D391  2 0.0171 0.0298 0.0203 0.7721 0.0703 0.0149 0.0162 0.0329 0.0263 
        D392  2 0.0323 0.0554 0.0310 0.6172 0.0207 0.0725 0.0325 0.0539 0.0844 
        D393  2 0.0244 0.0687 0.1620 0.0973 0.1808 0.0466 0.0528 0.0919 0.2757 
        D394  2 0.0405 0.1497 0.0429 0.0810 0.1604 0.1957 0.0985 0.1404 0.0910 
        D395  2 0.0243 0.0856 0.0300 0.2660 0.4737 0.0144 0.0229 0.0681 0.0150 
        D401  2 0.0504 0.0468 0.0215 0.0254 0.0109 0.7575 0.0260 0.0430 0.0183 
        D402  2 0.0128 0.0245 0.0477 0.7791 0.0512 0.0233 0.0180 0.0273 0.0162 
        D403  2 0.0181 0.2657 0.0299 0.0273 0.0965 0.0311 0.1257 0.2258 0.1798 
        D415  2 0.0158 0.1858 0.0169 0.0216 0.0229 0.0779 0.0363 0.1967 0.4262 
        D435  2 0.0125 0.0456 0.0393 0.1917 0.0450 0.0345 0.0297 0.0476 0.5539 
        D436  2 0.0550 0.0557 0.0197 0.0213 0.5858 0.0239 0.0791 0.0747 0.0847 
        D438  2 0.0277 0.0178 0.0161 0.8663 0.0134 0.0124 0.0125 0.0182 0.0157 
        D439  2 0.0170 0.0754 0.0307 0.0604 0.5766 0.0551 0.0208 0.0973 0.0666 
        D449  2 0.0219 0.1089 0.0230 0.4803 0.0179 0.0255 0.0259 0.1515 0.1451 
        D450  2 0.1194 0.1270 0.0638 0.0186 0.2626 0.0482 0.0700 0.1462 0.1441 
        D456  2 0.0187 0.0336 0.0224 0.0120 0.0128 0.0128 0.0187 0.0408 0.8282 
        D462  2 0.0110 0.0248 0.0174 0.7944 0.0714 0.0123 0.0182 0.0256 0.0249 
        D463  2 0.0310 0.0251 0.0143 0.0101 0.0227 0.0141 0.0200 0.0235 0.8393 
        D464  2 0.0347 0.2259 0.0240 0.0685 0.2838 0.0171 0.0280 0.2816 0.0365 
        D465  2 0.0258 0.0616 0.0223 0.5894 0.0264 0.0604 0.0310 0.0498 0.1333 
        D473  2 0.4238 0.0648 0.0589 0.0420 0.1671 0.1175 0.0416 0.0593 0.0250 
        D474  2 0.0327 0.0445 0.1330 0.0428 0.0254 0.0375 0.0334 0.0401 0.6105 
        D476  2 0.0137 0.0430 0.0168 0.0581 0.5310 0.1536 0.1281 0.0370 0.0187 
        D477  2 0.0471 0.0854 0.1291 0.0256 0.2966 0.0771 0.0306 0.0760 0.2325 
        D478  2 0.1132 0.2520 0.0430 0.0836 0.1055 0.0770 0.0515 0.2100 0.0642 
        D480  2 0.0760 0.1370 0.1067 0.0857 0.1855 0.0272 0.0643 0.1448 0.1728 
        D481  2 0.0836 0.1221 0.0583 0.0785 0.1350 0.0929 0.0254 0.1232 0.2810 
        D482  2 0.0523 0.1182 0.3131 0.0257 0.2773 0.0496 0.0401 0.1067 0.0171 
        D483  2 0.0483 0.0210 0.0221 0.8347 0.0126 0.0176 0.0119 0.0178 0.0139 
        D484  2 0.0240 0.0191 0.0168 0.0231 0.8417 0.0146 0.0262 0.0249 0.0096 
        D510  2 0.6967 0.0439 0.0740 0.0232 0.0280 0.0202 0.0387 0.0515 0.0238 
        D511  2 0.0169 0.0501 0.0405 0.0865 0.6213 0.0359 0.0323 0.0581 0.0584 
        D512  2 0.0178 0.1174 0.0316 0.1782 0.0319 0.3971 0.0771 0.1220 0.0269 
        D513  2 0.0641 0.0858 0.0898 0.4931 0.0240 0.0298 0.0330 0.0784 0.1021 
        D635  2 0.0251 0.0914 0.0293 0.0359 0.0223 0.1739 0.0740 0.1160 0.4322 
        D636  2 0.0165 0.0193 0.0129 0.0165 0.0139 0.6480 0.1795 0.0341 0.0593 
        D637  2 0.0602 0.1218 0.0584 0.1261 0.3010 0.0284 0.1607 0.1162 0.0271 
        D658  2 0.0883 0.0514 0.0316 0.4249 0.2507 0.0343 0.0569 0.0433 0.0185 
        D659  2 0.0375 0.0554 0.0622 0.0323 0.0480 0.0367 0.0375 0.0631 0.6273 
        D677  2 0.0198 0.1182 0.0647 0.0538 0.0404 0.0421 0.3484 0.0869 0.2257 
        D678  2 0.0186 0.1336 0.0310 0.5903 0.0215 0.0346 0.0255 0.1226 0.0223 
        D679  2 0.0379 0.1069 0.1249 0.0542 0.0568 0.0436 0.0505 0.1471 0.3781 
        D719  2 0.3111 0.0515 0.1234 0.2401 0.0389 0.0270 0.0159 0.0486 0.1434 
        D720  2 0.0783 0.0348 0.0353 0.0313 0.0200 0.0253 0.0160 0.0419 0.7171 
        D721  2 0.0251 0.0690 0.0386 0.0657 0.0402 0.4469 0.1398 0.0574 0.1174 
        D722  2 0.6431 0.0816 0.0313 0.0532 0.0332 0.0508 0.0253 0.0602 0.0214 
        D734  2 0.0885 0.0325 0.0392 0.0598 0.7031 0.0099 0.0174 0.0345 0.0152 
        D735  2 0.0735 0.1529 0.1018 0.0763 0.0728 0.1268 0.0463 0.1832 0.1665 
        D736  2 0.2561 0.0709 0.3485 0.0538 0.0640 0.0524 0.0381 0.0545 0.0618 
        D737  2 0.0343 0.0562 0.0904 0.5068 0.1527 0.0446 0.0443 0.0542 0.0165 
        D807  2 0.1688 0.0777 0.1148 0.0665 0.1051 0.0782 0.0892 0.0870 0.2127 
        D808  2 0.0224 0.1865 0.0639 0.1256 0.0542 0.1356 0.1600 0.1910 0.0608 
        D817  2 0.0637 0.1348 0.0672 0.0262 0.1196 0.0517 0.0481 0.1424 0.3461 
        D818  2 0.0230 0.2566 0.0774 0.1466 0.0363 0.0207 0.1299 0.2457 0.0638 
        D819  2 0.0436 0.2078 0.0737 0.0469 0.0329 0.1709 0.0575 0.2076 0.1592 
        D820  2 0.0272 0.0530 0.0254 0.0588 0.1204 0.0156 0.0259 0.0507 0.6231 
        D895  2 0.0394 0.1259 0.0455 0.0568 0.0418 0.1055 0.0391 0.1435 0.4025 
        D896  2 0.0351 0.0226 0.0165 0.0109 0.0169 0.8139 0.0452 0.0215 0.0173 
        D897  2 0.0180 0.1497 0.0673 0.4900 0.0359 0.0339 0.0680 0.1134 0.0239 
        D898  2 0.0491 0.1830 0.1348 0.0360 0.0564 0.1375 0.0784 0.2724 0.0523 
        D918  2 0.0460 0.1702 0.0590 0.0563 0.1026 0.0875 0.3060 0.1413 0.0310 
        D919  2 0.0243 0.1080 0.0620 0.1295 0.3997 0.0275 0.0305 0.1044 0.1142 
        D920  2 0.0405 0.0375 0.0261 0.0366 0.0292 0.3585 0.4099 0.0399 0.0219 
        D923  2 0.0237 0.0818 0.0224 0.0349 0.1473 0.0255 0.0266 0.0629 0.5750 
        D930  2 0.1007 0.1402 0.0707 0.0416 0.1790 0.0542 0.0454 0.1519 0.2162 
        D931  2 0.0446 0.0918 0.0531 0.1284 0.2652 0.0340 0.0466 0.0934 0.2430 
        D968  2 0.0125 0.0187 0.0278 0.8470 0.0261 0.0126 0.0122 0.0223 0.0207 
        D969  2 0.0382 0.1393 0.1459 0.2079 0.0342 0.0340 0.0373 0.1862 0.1770 
        D977  2 0.0245 0.0728 0.0276 0.7065 0.0301 0.0189 0.0370 0.0476 0.0350 
        D978  2 0.0256 0.2105 0.2557 0.1049 0.0287 0.0169 0.1336 0.1966 0.0275 
        D211  3 0.0236 0.0869 0.0396 0.0187 0.0361 0.0711 0.5640 0.0780 0.0820 
     D229639  3 0.0750 0.0827 0.5110 0.0588 0.0237 0.0398 0.0383 0.0874 0.0834 
     D237212  3 0.0209 0.0934 0.2186 0.0770 0.2587 0.0508 0.1044 0.0998 0.0764 
     D237213  3 0.0168 0.1250 0.0589 0.0353 0.1141 0.1718 0.2925 0.1286 0.0569 
     D237214  3 0.0403 0.1844 0.0112 0.0195 0.0259 0.2367 0.2032 0.2167 0.0621 
     D237215  3 0.1188 0.0635 0.1081 0.5720 0.0162 0.0358 0.0187 0.0508 0.0161 
     D237216  3 0.0241 0.4173 0.0381 0.0208 0.0254 0.0362 0.0634 0.3445 0.0300 
     D237217  3 0.0156 0.1965 0.0596 0.0279 0.0210 0.0978 0.2677 0.2428 0.0713 
     D237218  3 0.0475 0.1045 0.4028 0.0406 0.1378 0.0236 0.1103 0.0813 0.0516 
     D237219  3 0.0589 0.1014 0.2755 0.0238 0.0188 0.2164 0.1635 0.1003 0.0413 
     D237382  3 0.1017 0.1382 0.0281 0.0550 0.0479 0.0961 0.3211 0.1348 0.0772 
     D244127  3 0.0221 0.1126 0.0674 0.0966 0.0397 0.4596 0.0859 0.0958 0.0202 
     D244129  3 0.0397 0.1524 0.0862 0.0814 0.0546 0.1815 0.1328 0.1532 0.1182 
     D244133  3 0.1079 0.1816 0.0950 0.1826 0.0131 0.0538 0.0792 0.1839 0.1030 
     D244134  3 0.1167 0.0326 0.6299 0.0254 0.0153 0.0815 0.0298 0.0430 0.0257 
     D244135  3 0.0180 0.0964 0.0254 0.0777 0.0355 0.3254 0.2728 0.0691 0.0798 
     D244136  3 0.2404 0.1365 0.0929 0.0944 0.0252 0.0426 0.0488 0.1246 0.1946 
        D416  3 0.0234 0.2219 0.1107 0.1013 0.0453 0.0768 0.0805 0.1837 0.1563 
        D417  3 0.0277 0.0614 0.0204 0.0119 0.0231 0.0290 0.1408 0.0421 0.6437 
        D419  3 0.0478 0.1464 0.2496 0.0571 0.0371 0.1057 0.1340 0.1357 0.0867 
        D565  3 0.8141 0.0231 0.0486 0.0126 0.0168 0.0165 0.0128 0.0209 0.0347 
        D566  3 0.2948 0.0754 0.3091 0.0547 0.0197 0.0505 0.0253 0.0784 0.0922 
        D567  3 0.0264 0.0776 0.0270 0.0569 0.0569 0.1473 0.0779 0.0844 0.4456 
        D568  3 0.0176 0.1242 0.0643 0.1049 0.1530 0.1134 0.1853 0.1394 0.0978 
        D569  3 0.0370 0.1074 0.0408 0.1025 0.5207 0.0355 0.0410 0.0950 0.0201 
        D573  3 0.0167 0.0962 0.2600 0.3295 0.0298 0.0216 0.0204 0.1126 0.1130 
        D574  3 0.4170 0.1169 0.1232 0.0394 0.0345 0.0646 0.0617 0.1044 0.0384 
        D575  3 0.1212 0.1137 0.1586 0.0423 0.0299 0.2155 0.0726 0.1107 0.1356 
        D576  3 0.0350 0.0526 0.0772 0.6827 0.0288 0.0165 0.0432 0.0550 0.0092 
        D577  3 0.0339 0.0937 0.0486 0.0333 0.0489 0.0472 0.1136 0.0981 0.4827 
        D578  3 0.0147 0.1005 0.0162 0.0410 0.0124 0.4003 0.3081 0.0931 0.0138 
        D579  3 0.1644 0.0797 0.2145 0.0582 0.1058 0.0627 0.0819 0.0921 0.1407 
        D660  3 0.0168 0.1214 0.0451 0.5564 0.0332 0.0657 0.0384 0.0979 0.0251 
        D661  3 0.0188 0.1258 0.3277 0.1552 0.0627 0.0303 0.1306 0.1140 0.0349 
        D663  3 0.0214 0.1318 0.4242 0.0816 0.0559 0.0190 0.0298 0.1708 0.0655 
        D664  3 0.0814 0.1871 0.0669 0.1468 0.0324 0.1315 0.1752 0.1586 0.0201 
        D665  3 0.0131 0.2612 0.0408 0.0324 0.0765 0.0782 0.1233 0.3588 0.0158 
        D666  3 0.0888 0.1334 0.1566 0.0268 0.0424 0.2340 0.1036 0.1070 0.1076 
        D009  4 0.0372 0.1544 0.0382 0.0221 0.1341 0.1456 0.1922 0.1780 0.0982 
        D057  4 0.0232 0.0527 0.0521 0.1792 0.3838 0.1058 0.1365 0.0424 0.0244 
        D109  4 0.0716 0.1536 0.0351 0.0196 0.0275 0.4205 0.0692 0.1506 0.0521 
     D237222  4 0.1349 0.0638 0.0189 0.0483 0.0507 0.2610 0.3310 0.0547 0.0366 
     D237223  4 0.1063 0.0976 0.0558 0.0688 0.0534 0.0922 0.3978 0.0947 0.0335 
     D237224  4 0.0244 0.0906 0.2293 0.1650 0.1886 0.0450 0.0348 0.1053 0.1170 
     D237225  4 0.0395 0.2319 0.0642 0.0256 0.0447 0.0526 0.1409 0.2992 0.1014 
     D237299  4 0.0287 0.1356 0.0639 0.0209 0.0241 0.0286 0.4876 0.1873 0.0232 
     D237300  4 0.0342 0.0409 0.7662 0.0282 0.0224 0.0220 0.0313 0.0396 0.0151 
     D237306  4 0.5697 0.0523 0.0267 0.0224 0.0467 0.0642 0.0933 0.0600 0.0647 
     D237307  4 0.1676 0.1076 0.0775 0.0434 0.0188 0.0376 0.0849 0.1171 0.3455 
     D237308  4 0.0815 0.0479 0.0422 0.4280 0.1818 0.0949 0.0321 0.0503 0.0414 
     D237309  4 0.0299 0.2316 0.0424 0.0435 0.0760 0.0807 0.1339 0.1781 0.1840 
     D237317  4 0.2756 0.1711 0.0546 0.0190 0.0365 0.0509 0.0427 0.1904 0.1591 
     D237318  4 0.0220 0.0666 0.7115 0.0557 0.0168 0.0150 0.0262 0.0550 0.0311 
     D237319  4 0.0315 0.1720 0.0568 0.0395 0.0287 0.0984 0.3390 0.1889 0.0453 
     D237320  4 0.0236 0.0745 0.1170 0.0760 0.0221 0.0793 0.4381 0.0960 0.0734 
     D237321  4 0.0302 0.0736 0.6450 0.0628 0.0209 0.0389 0.0281 0.0542 0.0464 
     D237397  4 0.2109 0.0743 0.1394 0.0988 0.0220 0.0604 0.2491 0.0920 0.0533 
     D237398  4 0.0160 0.1099 0.5464 0.0413 0.0392 0.0183 0.0722 0.0939 0.0627 
     D237399  4 0.1320 0.0705 0.3251 0.0470 0.0619 0.0487 0.1355 0.0837 0.0955 
     D244001  4 0.0376 0.1299 0.0216 0.0951 0.0653 0.2013 0.3068 0.1009 0.0416 
        D289  4 0.1989 0.0948 0.1083 0.0836 0.2776 0.0378 0.0546 0.0708 0.0737 
        D290  4 0.0262 0.1824 0.0531 0.0421 0.0412 0.0257 0.4279 0.1554 0.0460 
        D294  4 0.0342 0.2228 0.0610 0.0333 0.2183 0.0197 0.1017 0.2266 0.0825 
        D295  4 0.0439 0.0753 0.0521 0.0294 0.0639 0.1007 0.3344 0.0791 0.2212 
        D301  4 0.0427 0.0527 0.1222 0.0382 0.0290 0.3454 0.3056 0.0459 0.0184 
        D302  4 0.0132 0.0312 0.0195 0.0103 0.8127 0.0155 0.0248 0.0239 0.0489 
        D303  4 0.5121 0.0511 0.0635 0.0626 0.0972 0.0880 0.0403 0.0518 0.0333 
        D304  4 0.0620 0.1960 0.2044 0.0372 0.0273 0.0208 0.2024 0.1666 0.0832 
        D305  4 0.0126 0.3263 0.0254 0.0630 0.2900 0.0294 0.0292 0.1997 0.0243 
        D306  4 0.0461 0.2778 0.0226 0.0180 0.0274 0.0256 0.2256 0.3279 0.0291 
        D307  4 0.0566 0.0367 0.0653 0.0307 0.0431 0.4786 0.2384 0.0322 0.0184 
        D327  4 0.0847 0.1023 0.0466 0.0532 0.0387 0.0249 0.0373 0.0884 0.5238 
        D328  4 0.1828 0.0511 0.0444 0.0258 0.5365 0.0368 0.0607 0.0392 0.0226 
        D329  4 0.0385 0.1725 0.0800 0.1028 0.2132 0.0812 0.0627 0.1893 0.0597 
        D330  4 0.0224 0.1351 0.0128 0.0845 0.0820 0.1291 0.1675 0.1455 0.2210 
        D331  4 0.0738 0.1217 0.2106 0.0414 0.0334 0.0739 0.1532 0.1319 0.1601 
        D333  4 0.1134 0.1224 0.0928 0.0731 0.2110 0.0656 0.1736 0.0965 0.0516 
        D334  4 0.4757 0.0757 0.0758 0.0206 0.0575 0.0407 0.0732 0.0708 0.1100 
        D335  4 0.0413 0.0584 0.0213 0.0381 0.5940 0.0365 0.0269 0.0646 0.1187 
        D370  4 0.2404 0.1494 0.0401 0.0503 0.0928 0.2188 0.0578 0.1078 0.0426 
        D371  4 0.7461 0.0285 0.0238 0.0296 0.0207 0.0140 0.0145 0.0217 0.1010 
        D372  4 0.0288 0.1782 0.5387 0.0322 0.0167 0.0164 0.0348 0.1447 0.0095 
        D373  4 0.0194 0.0624 0.0829 0.0857 0.0628 0.3854 0.1983 0.0638 0.0392 
        D455  4 0.0232 0.0442 0.0542 0.0328 0.0668 0.4474 0.2643 0.0352 0.0320 
        D490  4 0.0215 0.0214 0.0149 0.0101 0.0304 0.3612 0.4915 0.0311 0.0178 
        D497  4 0.0211 0.0529 0.0273 0.0169 0.0589 0.3158 0.4337 0.0593 0.0143 
        D498  4 0.1034 0.1602 0.1340 0.0467 0.0382 0.1274 0.1791 0.1527 0.0582 
        D499  4 0.0806 0.1826 0.1623 0.1529 0.1281 0.0399 0.0672 0.1667 0.0196 
        D514  4 0.0177 0.1847 0.0413 0.0308 0.1499 0.0456 0.0971 0.1828 0.2500 
        D515  4 0.0245 0.0538 0.0207 0.0253 0.0475 0.0333 0.7044 0.0571 0.0335 
        D516  4 0.0771 0.1145 0.0660 0.0879 0.0209 0.1522 0.2005 0.1262 0.1547 
        D517  4 0.0181 0.1447 0.0722 0.0350 0.0335 0.1889 0.2396 0.1849 0.0831 
        D518  4 0.0584 0.0500 0.0177 0.0387 0.5823 0.0733 0.1117 0.0414 0.0266 
        D519  4 0.0223 0.0570 0.0584 0.0310 0.0147 0.0480 0.6594 0.0541 0.0551 
        D560  4 0.0153 0.0930 0.0561 0.0463 0.0421 0.0278 0.5889 0.0676 0.0628 
        D561  4 0.0136 0.2651 0.0149 0.0500 0.0701 0.0802 0.0763 0.3187 0.1111 
        D562  4 0.0546 0.1659 0.0784 0.0918 0.1411 0.0850 0.1437 0.1923 0.0472 
        D563  4 0.0197 0.1299 0.0495 0.3987 0.1546 0.0494 0.0492 0.1257 0.0233 
        D572  4 0.0256 0.0381 0.0166 0.0171 0.7611 0.0282 0.0490 0.0325 0.0318 
        D629  4 0.0264 0.0987 0.0855 0.0237 0.0745 0.0735 0.1335 0.0992 0.3850 
        D630  4 0.0500 0.1011 0.0849 0.0316 0.1130 0.0342 0.3807 0.1164 0.0881 
        D631  4 0.0188 0.0597 0.0254 0.0978 0.6655 0.0177 0.0446 0.0530 0.0176 
        D632  4 0.0176 0.0589 0.0216 0.1451 0.1836 0.3729 0.1176 0.0304 0.0522 
        D646  4 0.0461 0.1259 0.0403 0.0675 0.0435 0.0988 0.2224 0.1150 0.2405 
        D647  4 0.0158 0.0881 0.0378 0.0618 0.0763 0.0992 0.2164 0.0953 0.3093 
        D648  4 0.0677 0.0361 0.0165 0.0160 0.7057 0.0217 0.0946 0.0261 0.0157 
        D649  4 0.0216 0.0730 0.0296 0.0206 0.2086 0.2309 0.0811 0.0739 0.2606 
        D650  4 0.0969 0.1130 0.0878 0.0304 0.1445 0.0704 0.1817 0.1028 0.1725 
        D708  4 0.1995 0.1244 0.1191 0.0247 0.2266 0.0422 0.0634 0.1597 0.0403 
        D709  4 0.0491 0.1893 0.0499 0.0450 0.0849 0.1094 0.2187 0.2218 0.0320 
        D738  4 0.5344 0.0417 0.0333 0.0150 0.0302 0.1194 0.0827 0.0556 0.0877 
        D739  4 0.0328 0.1662 0.0650 0.0263 0.0777 0.0854 0.3786 0.1418 0.0261 
        D740  4 0.0773 0.2330 0.1472 0.0453 0.0545 0.1248 0.0534 0.2391 0.0253 
        D741  4 0.0179 0.1594 0.0291 0.0998 0.0278 0.0339 0.3494 0.1494 0.1333 
        D742  4 0.0742 0.1003 0.1606 0.2899 0.0874 0.0375 0.0841 0.1222 0.0439 
        D743  4 0.0214 0.0608 0.0280 0.0510 0.3960 0.0185 0.0361 0.0583 0.3300 
        D744  4 0.0154 0.0302 0.0237 0.0287 0.8042 0.0215 0.0248 0.0293 0.0221 
        D745  4 0.0217 0.0590 0.0289 0.0183 0.0236 0.0375 0.7415 0.0465 0.0229 
        D814  4 0.0185 0.2424 0.0558 0.1988 0.0627 0.0238 0.1073 0.2416 0.0493 
        D815  4 0.0354 0.0973 0.0447 0.0334 0.4728 0.0793 0.0608 0.0724 0.1039 
        D828  4 0.1632 0.0926 0.0781 0.0964 0.1495 0.0314 0.2576 0.1173 0.0138 
        D845  4 0.0215 0.0218 0.8430 0.0256 0.0207 0.0122 0.0138 0.0223 0.0192 
        D846  4 0.0114 0.1308 0.0378 0.1351 0.3699 0.0282 0.0645 0.1301 0.0921 
        D847  4 0.0643 0.1382 0.1406 0.0553 0.0664 0.0660 0.2297 0.1441 0.0953 
        D848  4 0.0184 0.0732 0.1621 0.0775 0.0359 0.3971 0.1430 0.0736 0.0192 
        D849  4 0.0233 0.1043 0.0254 0.0281 0.0575 0.1209 0.4683 0.1264 0.0459 
        D850  4 0.0690 0.1959 0.1121 0.0536 0.0735 0.0732 0.0689 0.1713 0.1827 
        D856  4 0.0336 0.2835 0.0359 0.0244 0.0296 0.1075 0.1822 0.2666 0.0367 
        D857  4 0.0405 0.0456 0.0234 0.0919 0.0259 0.6631 0.0498 0.0504 0.0093 
        D859  4 0.0213 0.0619 0.0709 0.0463 0.6256 0.0214 0.0529 0.0540 0.0458 
        D860  4 0.4174 0.0565 0.1525 0.1054 0.0745 0.0297 0.0190 0.0643 0.0808 
        D883  4 0.1040 0.1051 0.0730 0.0350 0.0732 0.1239 0.2020 0.0940 0.1898 
        D884  4 0.1091 0.0699 0.0288 0.0174 0.1003 0.0861 0.4534 0.0734 0.0616 
        D885  4 0.0240 0.1971 0.2395 0.0589 0.0578 0.0423 0.0681 0.2024 0.1099 
        D886  4 0.0255 0.1048 0.0362 0.0604 0.0678 0.1838 0.2610 0.1137 0.1467 
        D887  4 0.0368 0.1148 0.2818 0.1237 0.1253 0.0566 0.0798 0.1033 0.0779 
        D889  4 0.0193 0.1044 0.5264 0.0136 0.0678 0.0140 0.1289 0.0945 0.0309 
        D890  4 0.1544 0.1469 0.0659 0.0699 0.1347 0.1424 0.0500 0.1746 0.0613 
        D891  4 0.0094 0.0144 0.9056 0.0132 0.0097 0.0074 0.0134 0.0136 0.0134 
        D899  4 0.0693 0.0711 0.1482 0.4630 0.0668 0.0255 0.0383 0.0921 0.0257 
        D900  4 0.0663 0.1965 0.0573 0.0802 0.1239 0.0564 0.0776 0.2374 0.1044 
        D970  4 0.0408 0.1232 0.0902 0.0632 0.3424 0.0446 0.0491 0.1311 0.1154 
        D971  4 0.0762 0.0606 0.0221 0.4530 0.1495 0.0537 0.0277 0.0744 0.0828 
        D979  4 0.0444 0.0777 0.0292 0.0382 0.3997 0.0225 0.0247 0.0699 0.2938 
        D093  5 0.5614 0.0433 0.1417 0.0300 0.0266 0.0305 0.0662 0.0504 0.0499 
        D154  5 0.0548 0.2518 0.1143 0.1101 0.0342 0.0263 0.1803 0.2041 0.0242 
        D168  5 0.0189 0.1671 0.1454 0.2047 0.0329 0.0711 0.1079 0.1770 0.0751 
        D189  5 0.2953 0.0904 0.1887 0.0467 0.0333 0.0243 0.1887 0.0997 0.0329 
        D190  5 0.6878 0.0394 0.0721 0.0245 0.0503 0.0284 0.0301 0.0355 0.0319 
     D237220  5 0.0628 0.1479 0.2293 0.0213 0.0703 0.1203 0.1754 0.1429 0.0299 
     D237221  5 0.2004 0.0863 0.2970 0.1023 0.0685 0.0575 0.0491 0.0693 0.0697 
     D237274  5 0.0206 0.0945 0.0223 0.0736 0.2079 0.0508 0.0338 0.1124 0.3841 
     D237275  5 0.0408 0.1004 0.0722 0.5551 0.0204 0.0330 0.0446 0.1188 0.0146 
     D237276  5 0.1537 0.0850 0.0476 0.0315 0.0440 0.1047 0.3580 0.0689 0.1067 
     D237277  5 0.3506 0.0384 0.3805 0.0565 0.0633 0.0241 0.0239 0.0387 0.0240 
     D237278  5 0.1560 0.1331 0.0386 0.3245 0.0755 0.1041 0.0392 0.0824 0.0466 
     D237279  5 0.0232 0.1916 0.0319 0.0226 0.0712 0.3471 0.0354 0.2299 0.0472 
     D237280  5 0.0663 0.1049 0.0405 0.0189 0.0371 0.4801 0.0351 0.0971 0.1198 
     D237281  5 0.0284 0.1040 0.2538 0.4034 0.0232 0.0157 0.0251 0.0991 0.0472 
     D237351  5 0.0555 0.0540 0.0484 0.0236 0.0227 0.6291 0.0561 0.0726 0.0379 
     D237352  5 0.0708 0.0820 0.0282 0.0867 0.2200 0.1963 0.1527 0.0888 0.0745 
     D237353  5 0.6547 0.0244 0.1693 0.0162 0.0362 0.0399 0.0142 0.0231 0.0219 
     D237359  5 0.0391 0.1402 0.3516 0.0233 0.0476 0.0484 0.1965 0.1144 0.0389 
     D237361  5 0.7600 0.0346 0.0685 0.0198 0.0170 0.0320 0.0156 0.0259 0.0266 
     D237362  5 0.1329 0.1282 0.1580 0.0500 0.0574 0.0542 0.0724 0.1533 0.1936 
     D237363  5 0.0397 0.3747 0.0353 0.0614 0.0156 0.0203 0.0313 0.3957 0.0259 
     D237364  5 0.0141 0.1198 0.0808 0.0785 0.1563 0.0439 0.2789 0.1687 0.0591 
     D237376  5 0.2608 0.0529 0.0474 0.0361 0.3104 0.0194 0.2220 0.0372 0.0137 
     D237377  5 0.0745 0.1428 0.0650 0.0608 0.0348 0.2779 0.0205 0.1638 0.1600 
     D237378  5 0.4272 0.0731 0.1311 0.0721 0.0907 0.0330 0.0796 0.0714 0.0219 
     D237379  5 0.1994 0.0993 0.0621 0.0449 0.3523 0.0252 0.0796 0.1086 0.0286 
     D237380  5 0.0793 0.0501 0.0176 0.0135 0.0888 0.6283 0.0431 0.0519 0.0273 
     D237381  5 0.0878 0.0743 0.0445 0.0664 0.1040 0.3859 0.1092 0.0903 0.0377 
     D237391  5 0.5479 0.0333 0.2440 0.0155 0.0341 0.0260 0.0216 0.0347 0.0428 
     D237392  5 0.0299 0.1024 0.0290 0.2719 0.0923 0.0694 0.0339 0.1228 0.2483 
     D237393  5 0.1741 0.0665 0.0635 0.0635 0.0377 0.1280 0.0348 0.0783 0.3538 
     D237394  5 0.8030 0.0246 0.0407 0.0098 0.0285 0.0290 0.0159 0.0247 0.0239 
     D237395  5 0.1918 0.1085 0.1955 0.0568 0.0282 0.0555 0.1835 0.1368 0.0433 
     D237396  5 0.1163 0.0937 0.0851 0.0601 0.0419 0.1138 0.0327 0.1006 0.3557 
     D244016  5 0.2009 0.1813 0.1330 0.0701 0.1833 0.0317 0.0244 0.1478 0.0274 
     D244018  5 0.1793 0.1050 0.1409 0.2847 0.0251 0.0593 0.0383 0.0884 0.0789 
     D244019  5 0.0583 0.2415 0.1034 0.1208 0.0732 0.0359 0.0350 0.2552 0.0766 
        D279  5 0.0367 0.1121 0.4649 0.0422 0.0659 0.0296 0.0920 0.1212 0.0355 
        D280  5 0.1267 0.2314 0.1777 0.0513 0.0236 0.0555 0.0698 0.1742 0.0897 
        D281  5 0.0991 0.1403 0.3435 0.1313 0.0283 0.0164 0.0627 0.1542 0.0242 
        D283  5 0.4359 0.0762 0.1537 0.0314 0.0290 0.0322 0.0205 0.0927 0.1285 
        D284  5 0.0281 0.1753 0.0711 0.0368 0.0350 0.0814 0.3728 0.1510 0.0484 
        D285  5 0.2520 0.0829 0.3347 0.0208 0.0501 0.0372 0.0609 0.0931 0.0682 
        D286  5 0.1378 0.1094 0.1219 0.0264 0.1342 0.0537 0.2304 0.1084 0.0779 
        D287  5 0.2598 0.0876 0.0613 0.0235 0.1917 0.0494 0.1965 0.1135 0.0166 
        D288  5 0.1045 0.1882 0.2883 0.0393 0.0222 0.0308 0.0299 0.1355 0.1613 
        D308  5 0.0296 0.0367 0.0260 0.0174 0.0230 0.6989 0.0248 0.0406 0.1029 
        D309  5 0.0199 0.0239 0.0131 0.0127 0.8349 0.0239 0.0201 0.0269 0.0246 
        D310  5 0.6054 0.1455 0.0562 0.0093 0.0149 0.0183 0.0218 0.1101 0.0186 
        D311  5 0.1569 0.1621 0.0669 0.0376 0.1404 0.0280 0.1115 0.1885 0.1081 
        D312  5 0.1828 0.0950 0.0814 0.0471 0.2353 0.0524 0.0815 0.1146 0.1100 
        D313  5 0.0249 0.0188 0.0120 0.0118 0.0083 0.7688 0.1172 0.0212 0.0170 
        D314  5 0.0615 0.1380 0.1969 0.0557 0.0748 0.0571 0.2399 0.1446 0.0314 
        D315  5 0.2260 0.1215 0.0485 0.0546 0.0429 0.0941 0.0736 0.1048 0.2340 
        D317  5 0.8095 0.0322 0.0269 0.0165 0.0120 0.0158 0.0218 0.0248 0.0405 
        D318  5 0.0513 0.2094 0.0437 0.1108 0.1301 0.0446 0.0821 0.2157 0.1123 
        D319  5 0.7212 0.0376 0.0659 0.0163 0.0157 0.0494 0.0338 0.0372 0.0228 
        D320  5 0.5722 0.0451 0.1533 0.0167 0.0696 0.0341 0.0380 0.0406 0.0304 
        D321  5 0.0564 0.0465 0.1235 0.0108 0.0173 0.5855 0.0177 0.0428 0.0995 
        D336  5 0.6969 0.0843 0.0159 0.0159 0.0725 0.0162 0.0333 0.0469 0.0181 
        D337  5 0.7554 0.0206 0.0967 0.0242 0.0289 0.0119 0.0132 0.0249 0.0242 
        D338  5 0.0813 0.1447 0.1203 0.0474 0.0557 0.0530 0.1727 0.1129 0.2119 
        D339  5 0.4987 0.1118 0.1177 0.0346 0.0201 0.0392 0.0471 0.0993 0.0315 
        D347  5 0.1004 0.2029 0.0537 0.1080 0.0830 0.0335 0.0825 0.2185 0.1174 
        D348  5 0.7186 0.0347 0.0451 0.0193 0.0946 0.0136 0.0131 0.0382 0.0229 
        D349  5 0.0365 0.0211 0.0285 0.0206 0.0204 0.7966 0.0191 0.0272 0.0301 
        D350  5 0.0180 0.0176 0.0199 0.0178 0.8515 0.0112 0.0256 0.0205 0.0180 
        D355  5 0.0356 0.2446 0.1243 0.1100 0.0778 0.0233 0.0595 0.2499 0.0751 
        D356  5 0.2656 0.0937 0.1011 0.0259 0.0673 0.0792 0.0707 0.0761 0.2204 
        D357  5 0.1100 0.2023 0.0782 0.0336 0.0606 0.0652 0.1192 0.2792 0.0517 
        D358  5 0.3114 0.1051 0.0891 0.0438 0.1712 0.0862 0.0431 0.1022 0.0480 
        D359  5 0.4602 0.0602 0.0754 0.0146 0.0957 0.0217 0.0169 0.0663 0.1890 
        D360  5 0.4208 0.0893 0.0911 0.0196 0.0349 0.0604 0.0740 0.0786 0.1313 
        D361  5 0.0332 0.0299 0.0176 0.0184 0.0153 0.7669 0.0250 0.0368 0.0568 
        D366  5 0.0217 0.0450 0.0223 0.3913 0.0187 0.0224 0.0187 0.0405 0.4194 
        D367  5 0.4335 0.1403 0.0547 0.0146 0.0922 0.0435 0.0685 0.1319 0.0207 
        D368  5 0.1570 0.1515 0.0872 0.0195 0.0404 0.1822 0.0507 0.1586 0.1529 
        D380  5 0.0293 0.1282 0.0469 0.0441 0.4356 0.0458 0.0448 0.1725 0.0530 
        D381  5 0.4825 0.0945 0.1207 0.0273 0.0515 0.0309 0.0198 0.1164 0.0565 
        D400  5 0.1989 0.1288 0.1563 0.0752 0.0843 0.0275 0.1404 0.1345 0.0541 
        D411  5 0.0135 0.0630 0.0178 0.0284 0.0242 0.3625 0.4089 0.0603 0.0215 
        D412  5 0.0857 0.2429 0.0618 0.0957 0.0381 0.0850 0.0607 0.2634 0.0667 
        D413  5 0.0306 0.0608 0.0388 0.5606 0.0537 0.0287 0.0476 0.0744 0.1048 
        D414  5 0.0153 0.0633 0.0550 0.0651 0.6461 0.0169 0.0531 0.0611 0.0241 
        D420  5 0.0349 0.2091 0.2950 0.0226 0.0195 0.0496 0.1791 0.1669 0.0233 
        D431  5 0.0519 0.1320 0.2159 0.0367 0.1531 0.0595 0.2014 0.1325 0.0171 
        D432  5 0.3882 0.1119 0.1042 0.0535 0.0392 0.0993 0.0450 0.0980 0.0609 
        D433  5 0.4712 0.0594 0.1779 0.0433 0.0264 0.0637 0.0378 0.0594 0.0609 
        D434  5 0.5196 0.0788 0.0747 0.0222 0.0392 0.0461 0.0441 0.1064 0.0690 
        D440  5 0.0221 0.0288 0.0146 0.0136 0.8197 0.0194 0.0231 0.0423 0.0164 
        D447  5 0.0293 0.2247 0.0259 0.0771 0.1037 0.0518 0.0852 0.2037 0.1987 
        D448  5 0.5416 0.0875 0.0628 0.0295 0.0366 0.0160 0.0902 0.0946 0.0409 
        D459  5 0.0299 0.0908 0.2106 0.3889 0.0610 0.0175 0.0332 0.0962 0.0719 
        D460  5 0.0512 0.0310 0.0338 0.0221 0.0331 0.6815 0.0132 0.0273 0.1069 
        D461  5 0.0145 0.0305 0.0172 0.0115 0.8186 0.0170 0.0152 0.0238 0.0517 
        D468  5 0.1434 0.2266 0.0537 0.0555 0.0334 0.0628 0.1046 0.1386 0.1815 
        D469  5 0.0575 0.0848 0.0532 0.0227 0.0640 0.0617 0.0878 0.0841 0.4843 
        D470  5 0.0895 0.0982 0.0304 0.0280 0.0673 0.0318 0.4779 0.1235 0.0535 
        D471  5 0.4706 0.0820 0.0887 0.0449 0.0661 0.0204 0.0912 0.0772 0.0589 
        D472  5 0.0187 0.0421 0.0684 0.1233 0.0150 0.0147 0.0196 0.0422 0.6560 
        D479  5 0.0276 0.0427 0.0207 0.6791 0.1125 0.0217 0.0185 0.0513 0.0259 
        D485  5 0.0756 0.1065 0.0355 0.0573 0.3808 0.0245 0.1851 0.1047 0.0299 
        D486  5 0.1119 0.1643 0.0311 0.0687 0.0316 0.0785 0.2499 0.1779 0.0861 
        D487  5 0.1193 0.0870 0.3983 0.0715 0.1128 0.0333 0.0470 0.1034 0.0273 
        D555  5 0.7434 0.0334 0.0449 0.0647 0.0242 0.0268 0.0138 0.0263 0.0224 
        D556  5 0.0533 0.0597 0.4562 0.0197 0.1931 0.0482 0.0573 0.0742 0.0383 
