        D174  1 0.0924 0.1196 0.0766 0.6374 0.0389 0.0352 
        D199  1 0.3147 0.0776 0.0635 0.2085 0.2933 0.0424 
        D203  1 0.2746 0.2005 0.1400 0.0870 0.2169 0.0810 
        D204  1 0.8297 0.0306 0.0277 0.0199 0.0331 0.0589 
     D237366  1 0.1119 0.2674 0.2795 0.0784 0.0814 0.1814 
     D237367  1 0.4911 0.1860 0.1535 0.0434 0.0547 0.0714 
     D237368  1 0.1283 0.0587 0.5787 0.1160 0.0853 0.0330 
     D244101  1 0.4569 0.0521 0.0341 0.0282 0.2044 0.2243 
     D244102  1 0.1264 0.2377 0.1748 0.0982 0.0717 0.2911 
     D244103  1 0.2830 0.5068 0.0768 0.0531 0.0414 0.0389 
     D244104  1 0.6356 0.0314 0.0782 0.1611 0.0662 0.0274 
     D244105  1 0.2194 0.1798 0.4828 0.0186 0.0301 0.0691 
     D244106  1 0.0512 0.0944 0.0227 0.6968 0.0959 0.0391 
     D244107  1 0.1686 0.0357 0.6447 0.0170 0.0811 0.0529 
     D244108  1 0.1534 0.0610 0.2260 0.4629 0.0397 0.0570 
     D244113  1 0.0244 0.0905 0.0483 0.6904 0.0329 0.1135 
     D244114  1 0.1273 0.3723 0.0489 0.1299 0.1496 0.1719 
     D244115  1 0.1653 0.0929 0.2038 0.4671 0.0384 0.0325 
     D267365  1 0.3937 0.0614 0.0638 0.3360 0.0707 0.0745 
        D404  1 0.0309 0.1672 0.0370 0.5488 0.0464 0.1697 
        D405  1 0.1355 0.2243 0.0916 0.1670 0.1074 0.2743 
        D406  1 0.0530 0.0275 0.8410 0.0324 0.0173 0.0288 
        D407  1 0.7815 0.0633 0.0686 0.0282 0.0426 0.0158 
        D408  1 0.0527 0.1009 0.0358 0.7148 0.0542 0.0416 
        D409  1 0.2228 0.5801 0.0542 0.0543 0.0502 0.0384 
        D410  1 0.0770 0.0301 0.8106 0.0323 0.0144 0.0356 
        D421  1 0.9159 0.0147 0.0175 0.0234 0.0186 0.0099 
        D422  1 0.0771 0.0294 0.8414 0.0158 0.0208 0.0155 
        D423  1 0.0898 0.0279 0.8227 0.0174 0.0263 0.0159 
        D424  1 0.8113 0.0420 0.0758 0.0362 0.0154 0.0193 
        D425  1 0.5869 0.0547 0.0360 0.2194 0.0390 0.0639 
        D426  1 0.2330 0.5030 0.0588 0.0384 0.1474 0.0194 
        D427  1 0.1573 0.0313 0.0384 0.1915 0.5612 0.0202 
        D428  1 0.4855 0.0587 0.1090 0.2110 0.0564 0.0795 
        D429  1 0.3824 0.0682 0.0642 0.3700 0.0480 0.0674 
        D430  1 0.1025 0.4738 0.0463 0.1832 0.1470 0.0472 
        D491  1 0.0676 0.0324 0.0216 0.8409 0.0191 0.0184 
        D492  1 0.3071 0.1283 0.1837 0.2619 0.0440 0.0751 
        D537  1 0.8502 0.0242 0.0454 0.0231 0.0199 0.0373 
        D538  1 0.0854 0.3778 0.2230 0.1464 0.0798 0.0876 
        D539  1 0.0573 0.1571 0.1552 0.2699 0.1419 0.2185 
        D540  1 0.4286 0.2706 0.1013 0.1067 0.0564 0.0364 
        D541  1 0.8945 0.0177 0.0257 0.0197 0.0264 0.0159 
        D551  1 0.1701 0.2072 0.0387 0.0425 0.4988 0.0426 
        D552  1 0.2555 0.0550 0.3356 0.2433 0.0464 0.0642 
        D553  1 0.9058 0.0255 0.0157 0.0189 0.0147 0.0194 
        D615  1 0.3870 0.1640 0.1854 0.1159 0.1103 0.0374 
        D616  1 0.2849 0.1188 0.2847 0.0996 0.1833 0.0288 
        D621  1 0.0260 0.0331 0.6907 0.0806 0.0239 0.1457 
        D622  1 0.0557 0.0505 0.7440 0.0463 0.0256 0.0779 
        D623  1 0.0382 0.0534 0.0416 0.4087 0.1574 0.3006 
        D624  1 0.0219 0.0261 0.0149 0.8968 0.0267 0.0136 
        D625  1 0.6718 0.0859 0.0905 0.0908 0.0198 0.0411 
        D626  1 0.1290 0.0898 0.1832 0.4632 0.0471 0.0877 
        D627  1 0.1698 0.6739 0.0208 0.0483 0.0645 0.0228 
        D690  1 0.7784 0.0268 0.0864 0.0718 0.0136 0.0229 
        D691  1 0.1281 0.0692 0.7028 0.0360 0.0259 0.0379 
        D710  1 0.3657 0.0744 0.1434 0.2581 0.0524 0.1060 
        D711  1 0.7208 0.0696 0.0758 0.0535 0.0287 0.0516 
        D712  1 0.0464 0.0759 0.0658 0.7086 0.0447 0.0585 
        D713  1 0.2027 0.1827 0.0925 0.2097 0.0225 0.2899 
        D746  1 0.0453 0.0242 0.8677 0.0216 0.0213 0.0198 
        D747  1 0.8665 0.0201 0.0224 0.0273 0.0371 0.0266 
        D748  1 0.4013 0.1867 0.2358 0.0506 0.0223 0.1033 
        D749  1 0.0278 0.0829 0.6042 0.1330 0.0426 0.1094 
        D750  1 0.1411 0.0270 0.0671 0.7024 0.0291 0.0334 
        D763  1 0.2502 0.1184 0.0813 0.0349 0.2167 0.2986 
        D764  1 0.4854 0.0448 0.1613 0.2746 0.0173 0.0166 
        D765  1 0.0554 0.1459 0.5352 0.2128 0.0244 0.0262 
        D766  1 0.2661 0.0580 0.5160 0.0414 0.0203 0.0981 
        D767  1 0.1366 0.2475 0.1374 0.0295 0.0606 0.3883 
        D768  1 0.9144 0.0158 0.0205 0.0133 0.0206 0.0154 
        D811  1 0.0635 0.3509 0.0819 0.4000 0.0285 0.0753 
        D816  1 0.8704 0.0204 0.0228 0.0441 0.0146 0.0278 
        D825  1 0.2275 0.2041 0.1587 0.3433 0.0244 0.0420 
        D866  1 0.0430 0.0908 0.0576 0.3782 0.3992 0.0312 
        D867  1 0.0303 0.0489 0.7942 0.0280 0.0279 0.0707 
        D871  1 0.1845 0.6848 0.0220 0.0454 0.0280 0.0353 
        D872  1 0.5058 0.1451 0.2006 0.0445 0.0449 0.0592 
        D873  1 0.0087 0.0142 0.9359 0.0131 0.0111 0.0170 
        D874  1 0.0969 0.0499 0.0185 0.1569 0.0273 0.6505 
        D875  1 0.1344 0.7584 0.0562 0.0183 0.0124 0.0203 
        D876  1 0.5936 0.0750 0.0897 0.1161 0.0264 0.0992 
        D877  1 0.0664 0.2435 0.0232 0.4346 0.0313 0.2011 
        D892  1 0.4094 0.1992 0.1240 0.1585 0.0173 0.0917 
        D893  1 0.6509 0.0751 0.0706 0.0252 0.0554 0.1229 
        D894  1 0.5569 0.1486 0.0615 0.1381 0.0578 0.0372 
        D915  1 0.6718 0.0697 0.1323 0.0649 0.0339 0.0273 
        D916  1 0.8909 0.0168 0.0290 0.0343 0.0139 0.0152 
        D917  1 0.1583 0.0869 0.0538 0.4963 0.1042 0.1004 
        D925  1 0.1136 0.0274 0.7359 0.0798 0.0228 0.0206 
        D926  1 0.5227 0.0904 0.1045 0.1653 0.0317 0.0854 
        D927  1 0.3919 0.1136 0.0270 0.0784 0.3106 0.0785 
        D928  1 0.0759 0.0237 0.0217 0.8435 0.0158 0.0195 
        D929  1 0.0369 0.1780 0.0359 0.0605 0.0176 0.6712 
        D936  1 0.5230 0.0300 0.0311 0.0486 0.0785 0.2887 
        D938  1 0.0323 0.0227 0.8790 0.0238 0.0142 0.0280 
        D956  1 0.0309 0.1233 0.0301 0.7378 0.0384 0.0396 
        D957  1 0.3139 0.0907 0.4064 0.0557 0.0385 0.0947 
        D958  1 0.4618 0.0686 0.2757 0.1085 0.0237 0.0616 
        D959  1 0.8361 0.0561 0.0504 0.0211 0.0253 0.0110 
        D960  1 0.0228 0.0160 0.8865 0.0325 0.0142 0.0279 
        D989  1 0.0525 0.0597 0.0281 0.6748 0.1377 0.0471 
        D990  1 0.0134 0.0292 0.8338 0.0429 0.0549 0.0257 
        D023  2 0.0810 0.0174 0.8394 0.0221 0.0219 0.0181 
        D130  2 0.1221 0.1065 0.6948 0.0162 0.0244 0.0360 
        D131  2 0.4371 0.2865 0.0511 0.0509 0.1078 0.0665 
        D163  2 0.1043 0.0399 0.7571 0.0527 0.0155 0.0306 
        D164  2 0.0167 0.0125 0.4925 0.0126 0.4490 0.0167 
        D165  2 0.0402 0.0282 0.8490 0.0262 0.0322 0.0242 
        D166  2 0.0578 0.6128 0.0560 0.0165 0.0592 0.1978 
        D167  2 0.0137 0.0359 0.0197 0.0520 0.8605 0.0183 
        D192  2 0.0108 0.0150 0.0153 0.0183 0.9164 0.0242 
        D193  2 0.0359 0.2209 0.0509 0.3871 0.0469 0.2583 
        D206  2 0.4981 0.0927 0.1085 0.0357 0.1690 0.0960 
        D207  2 0.0656 0.1768 0.0219 0.0244 0.6792 0.0320 
        D208  2 0.0515 0.0895 0.0598 0.3674 0.2682 0.1636 
        D209  2 0.1003 0.0833 0.1203 0.0372 0.4113 0.2476 
        D210  2 0.0691 0.0405 0.0393 0.5699 0.2437 0.0374 
     D229599  2 0.1981 0.0724 0.1515 0.1191 0.0657 0.3932 
     D229600  2 0.0386 0.1055 0.5053 0.0212 0.3000 0.0294 
     D237227  2 0.0431 0.0494 0.2092 0.5689 0.0817 0.0477 
     D237228  2 0.0211 0.0796 0.4140 0.3808 0.0777 0.0269 
     D237258  2 0.1152 0.1451 0.2280 0.1139 0.2725 0.1253 
     D237310  2 0.0172 0.3960 0.4362 0.0411 0.0450 0.0645 
     D237311  2 0.0241 0.0961 0.6567 0.0456 0.1550 0.0225 
     D237312  2 0.0414 0.5197 0.2166 0.0778 0.0287 0.1157 
     D237313  2 0.3255 0.1047 0.1812 0.1685 0.0417 0.1784 
     D237322  2 0.0397 0.3174 0.0583 0.1023 0.1884 0.2938 
     D237323  2 0.0215 0.1136 0.6225 0.1542 0.0449 0.0433 
     D237324  2 0.0713 0.0729 0.4342 0.0222 0.3556 0.0438 
     D237325  2 0.0525 0.1758 0.4436 0.0977 0.0579 0.1725 
     D237326  2 0.0886 0.0326 0.7185 0.0900 0.0423 0.0279 
     D237327  2 0.0777 0.1155 0.0677 0.1022 0.4600 0.1769 
     D237337  2 0.0401 0.0761 0.7623 0.0665 0.0243 0.0307 
     D237338  2 0.0875 0.1061 0.2781 0.1668 0.0979 0.2636 
     D237339  2 0.1064 0.0457 0.0289 0.0271 0.2073 0.5845 
     D237340  2 0.0351 0.1109 0.3471 0.2313 0.1757 0.0999 
     D237389  2 0.0280 0.1824 0.6267 0.0319 0.0733 0.0578 
     D237390  2 0.1021 0.2998 0.2561 0.1271 0.0317 0.1831 
     D244017  2 0.0349 0.1894 0.0511 0.3868 0.2772 0.0606 
     D244112  2 0.0161 0.0530 0.0511 0.0289 0.8223 0.0286 
     D244118  2 0.0163 0.0257 0.4135 0.0219 0.4882 0.0343 
     D244119  2 0.0173 0.0238 0.0290 0.6799 0.2374 0.0126 
     D244120  2 0.0143 0.1810 0.0532 0.1397 0.4512 0.1606 
     D244122  2 0.0289 0.0678 0.0689 0.0665 0.7178 0.0501 
        D291  2 0.0796 0.3203 0.0473 0.0319 0.4750 0.0459 
        D292  2 0.2182 0.0440 0.0576 0.2209 0.3622 0.0971 
        D293  2 0.1267 0.0293 0.0118 0.0137 0.7869 0.0316 
        D322  2 0.1996 0.0384 0.0485 0.0248 0.5904 0.0983 
        D323  2 0.2119 0.2205 0.0625 0.0864 0.1391 0.2796 
        D324  2 0.2799 0.1858 0.1203 0.1196 0.2605 0.0340 
        D325  2 0.0564 0.0234 0.0155 0.0103 0.8736 0.0207 
        D326  2 0.9173 0.0148 0.0104 0.0236 0.0168 0.0171 
        D340  2 0.0231 0.0145 0.0155 0.0165 0.9107 0.0197 
        D341  2 0.0446 0.0572 0.0272 0.0369 0.7669 0.0672 
        D342  2 0.0298 0.1273 0.1496 0.0271 0.6275 0.0387 
        D343  2 0.0213 0.0107 0.0104 0.0082 0.9362 0.0132 
        D344  2 0.3202 0.0993 0.0410 0.0273 0.0507 0.4616 
        D345  2 0.3517 0.0476 0.3020 0.0604 0.0660 0.1723 
        D346  2 0.0773 0.0748 0.0359 0.6832 0.0884 0.0403 
        D351  2 0.3631 0.3492 0.0607 0.0328 0.1086 0.0856 
        D352  2 0.0426 0.0690 0.0465 0.0765 0.0424 0.7230 
        D353  2 0.5989 0.1121 0.0247 0.0233 0.0403 0.2006 
        D354  2 0.1469 0.0458 0.0716 0.0897 0.0216 0.6244 
        D362  2 0.7790 0.0299 0.0675 0.0737 0.0264 0.0236 
        D363  2 0.7995 0.0295 0.0417 0.0824 0.0238 0.0231 
        D364  2 0.4880 0.0345 0.0700 0.0904 0.0252 0.2918 
        D365  2 0.0310 0.0135 0.0127 0.0187 0.9057 0.0185 
        D369  2 0.2401 0.0868 0.1390 0.2376 0.2681 0.0285 
        D374  2 0.0204 0.0535 0.0244 0.8159 0.0186 0.0672 
        D375  2 0.0416 0.0405 0.0252 0.0205 0.0147 0.8574 
        D376  2 0.0179 0.0400 0.0414 0.7905 0.0176 0.0926 
        D377  2 0.1003 0.2370 0.2107 0.1568 0.1135 0.1816 
        D378  2 0.2534 0.0629 0.0620 0.0360 0.3337 0.2521 
        D379  2 0.8331 0.0400 0.0199 0.0349 0.0203 0.0518 
        D384  2 0.8902 0.0177 0.0194 0.0413 0.0147 0.0168 
        D385  2 0.0243 0.0209 0.0261 0.0478 0.7365 0.1444 
        D386  2 0.3169 0.0817 0.0645 0.0268 0.0522 0.4578 
        D391  2 0.0415 0.0267 0.0225 0.0201 0.8128 0.0764 
        D392  2 0.0712 0.0468 0.0538 0.0660 0.7355 0.0268 
        D393  2 0.4202 0.0681 0.0632 0.0288 0.2041 0.2156 
        D394  2 0.1065 0.1636 0.3055 0.0720 0.1004 0.2519 
        D395  2 0.0272 0.0572 0.0198 0.0234 0.1550 0.7174 
        D401  2 0.0220 0.0534 0.8372 0.0414 0.0307 0.0152 
        D402  2 0.0140 0.0213 0.0158 0.0168 0.9002 0.0319 
        D403  2 0.5584 0.1702 0.0766 0.0280 0.0414 0.1254 
        D415  2 0.7569 0.1091 0.0537 0.0182 0.0223 0.0398 
        D435  2 0.6547 0.0324 0.0515 0.0209 0.1937 0.0469 
        D436  2 0.2565 0.1053 0.0280 0.0584 0.0286 0.5232 
        D438  2 0.0221 0.0141 0.0185 0.0194 0.9095 0.0163 
        D439  2 0.1466 0.0625 0.0731 0.0236 0.0690 0.6251 
        D449  2 0.3216 0.0643 0.0297 0.0311 0.5325 0.0208 
        D450  2 0.1255 0.2441 0.0725 0.2486 0.0319 0.2774 
        D456  2 0.8995 0.0420 0.0130 0.0154 0.0137 0.0164 
        D462  2 0.0426 0.0288 0.0169 0.0136 0.8311 0.0670 
        D463  2 0.9058 0.0189 0.0153 0.0277 0.0122 0.0201 
        D464  2 0.1686 0.2034 0.0242 0.0397 0.0509 0.5131 
        D465  2 0.3993 0.0943 0.0678 0.0393 0.3686 0.0306 
        D473  2 0.0423 0.0666 0.1213 0.6003 0.0360 0.1335 
        D474  2 0.5632 0.0297 0.1045 0.1137 0.1426 0.0463 
        D476  2 0.0430 0.0424 0.3887 0.0196 0.0621 0.4442 
        D477  2 0.4091 0.0715 0.0727 0.1106 0.0481 0.2880 
        D478  2 0.0850 0.3093 0.1455 0.2598 0.0712 0.1293 
        D480  2 0.2820 0.0901 0.0337 0.1514 0.2048 0.2380 
        D481  2 0.3202 0.0710 0.1452 0.1711 0.0650 0.2275 
        D482  2 0.0313 0.0825 0.0637 0.1195 0.0607 0.6423 
        D483  2 0.0194 0.0198 0.0327 0.0492 0.8579 0.0209 
        D484  2 0.0128 0.0367 0.0162 0.0263 0.0213 0.8867 
        D510  2 0.0277 0.0388 0.0264 0.8014 0.0463 0.0595 
        D511  2 0.1403 0.0448 0.0486 0.0266 0.0744 0.6653 
        D512  2 0.0407 0.2265 0.5295 0.0210 0.1331 0.0492 
        D513  2 0.1895 0.0608 0.0481 0.0622 0.6119 0.0275 
        D635  2 0.4179 0.0716 0.3716 0.0650 0.0511 0.0229 
        D636  2 0.0311 0.0186 0.8992 0.0212 0.0147 0.0151 
        D637  2 0.0428 0.1446 0.0419 0.0874 0.2182 0.4651 
        D658  2 0.0278 0.0561 0.0929 0.1479 0.3635 0.3118 
        D659  2 0.8297 0.0186 0.0405 0.0312 0.0394 0.0406 
        D677  2 0.5191 0.1499 0.1164 0.0301 0.0928 0.0916 
        D678  2 0.0335 0.1025 0.0624 0.0239 0.7233 0.0543 
        D679  2 0.6059 0.0758 0.0539 0.0822 0.1065 0.0757 
        D719  2 0.1699 0.0245 0.0301 0.4734 0.2582 0.0440 
        D720  2 0.7839 0.0350 0.0426 0.0801 0.0379 0.0205 
        D721  2 0.0952 0.0378 0.6727 0.0560 0.0628 0.0755 
        D722  2 0.0320 0.0768 0.0874 0.6295 0.0842 0.0900 
        D734  2 0.0291 0.0356 0.0141 0.2473 0.0956 0.5784 
        D735  2 0.3324 0.1636 0.1706 0.1317 0.1077 0.0940 
        D736  2 0.0849 0.0461 0.0844 0.5476 0.1658 0.0712 
        D737  2 0.0260 0.0373 0.0857 0.0471 0.4521 0.3517 
        D807  2 0.2014 0.1034 0.0852 0.3722 0.1106 0.1272 
        D808  2 0.1151 0.3299 0.2254 0.0372 0.2082 0.0843 
        D817  2 0.5690 0.1235 0.0465 0.0723 0.0350 0.1538 
        D818  2 0.0911 0.3705 0.0369 0.0338 0.4098 0.0580 
        D819  2 0.3373 0.2549 0.2198 0.0730 0.0548 0.0602 
        D820  2 0.7745 0.0363 0.0188 0.0373 0.0502 0.0829 
        D895  2 0.7000 0.0408 0.1130 0.0443 0.0401 0.0618 
        D896  2 0.0187 0.0536 0.8423 0.0411 0.0187 0.0256 
        D897  2 0.0442 0.1480 0.0520 0.0380 0.6321 0.0857 
        D898  2 0.0850 0.4470 0.0995 0.1272 0.0757 0.1656 
        D918  2 0.0639 0.3860 0.1273 0.0836 0.1309 0.2083 
        D919  2 0.2631 0.0829 0.0318 0.0338 0.1644 0.4240 
        D920  2 0.0276 0.0582 0.7993 0.0454 0.0325 0.0370 
        D923  2 0.8006 0.0543 0.0204 0.0284 0.0230 0.0733 
        D930  2 0.3188 0.2168 0.0568 0.1855 0.0544 0.1678 
        D931  2 0.3441 0.0655 0.0733 0.0760 0.1493 0.2918 
        D968  2 0.0234 0.0193 0.0136 0.0133 0.9143 0.0161 
        D969  2 0.3182 0.0945 0.0466 0.0861 0.3889 0.0658 
        D977  2 0.0626 0.0856 0.0199 0.0234 0.7652 0.0433 
        D978  2 0.0386 0.5574 0.0272 0.0334 0.2807 0.0628 
        D211  3 0.0965 0.4977 0.2284 0.0410 0.0342 0.1021 
     D229639  3 0.0823 0.0629 0.0507 0.2571 0.5032 0.0438 
     D237212  3 0.1002 0.1883 0.1157 0.0450 0.2172 0.3336 
     D237213  3 0.1208 0.3264 0.2459 0.0396 0.0584 0.2088 
     D237214  3 0.1061 0.4098 0.3877 0.0448 0.0292 0.0225 
     D237215  3 0.0145 0.0475 0.0262 0.1513 0.7277 0.0327 
     D237216  3 0.1100 0.4834 0.1425 0.0322 0.0520 0.1798 
     D237217  3 0.2500 0.2151 0.3712 0.0185 0.1011 0.0441 
     D237218  3 0.0758 0.1712 0.0587 0.0692 0.1362 0.4888 
     D237219  3 0.0887 0.1054 0.4811 0.1581 0.0837 0.0830 
     D237382  3 0.1102 0.5765 0.0709 0.1099 0.0480 0.0846 
     D244127  3 0.0311 0.0994 0.6227 0.0297 0.1589 0.0581 
     D244129  3 0.1832 0.3040 0.2195 0.0744 0.1124 0.1065 
     D244133  3 0.1845 0.2042 0.1438 0.2218 0.2248 0.0209 
     D244134  3 0.0576 0.0419 0.1410 0.5161 0.1977 0.0457 
     D244135  3 0.0756 0.1963 0.5647 0.0280 0.0852 0.0502 
     D244136  3 0.3091 0.0956 0.0891 0.3368 0.1304 0.0391 
        D416  3 0.3137 0.1846 0.1720 0.0453 0.2185 0.0660 
        D417  3 0.8088 0.0610 0.0353 0.0306 0.0196 0.0448 
        D419  3 0.2084 0.1153 0.2874 0.0918 0.1954 0.1018 
        D565  3 0.0370 0.0214 0.0172 0.8899 0.0203 0.0142 
        D566  3 0.0563 0.0531 0.0430 0.5816 0.2437 0.0223 
        D567  3 0.6399 0.0316 0.2070 0.0268 0.0364 0.0583 
        D568  3 0.3428 0.0563 0.1912 0.0213 0.1294 0.2589 
        D569  3 0.0314 0.1362 0.0830 0.0515 0.0929 0.6049 
        D573  3 0.1396 0.0488 0.0294 0.0286 0.7265 0.0271 
        D574  3 0.0461 0.1647 0.0756 0.6123 0.0603 0.0409 
        D575  3 0.2623 0.0963 0.2540 0.2110 0.1122 0.0642 
        D576  3 0.0093 0.0847 0.0205 0.0367 0.8199 0.0289 
        D577  3 0.6187 0.1421 0.0790 0.0588 0.0377 0.0636 
        D578  3 0.0252 0.3639 0.5371 0.0158 0.0414 0.0166 
        D579  3 0.2254 0.0892 0.1034 0.2585 0.1774 0.1461 
        D660  3 0.0333 0.2117 0.1365 0.0257 0.4643 0.1284 
        D661  3 0.0367 0.1088 0.0520 0.0227 0.5721 0.2076 
        D663  3 0.0557 0.1148 0.0255 0.0323 0.7207 0.0511 
        D664  3 0.0362 0.2442 0.3509 0.1135 0.1717 0.0836 
        D665  3 0.0244 0.6906 0.1350 0.0140 0.0484 0.0876 
        D666  3 0.2027 0.1133 0.3196 0.2012 0.0546 0.1087 
        D009  4 0.1309 0.1779 0.2477 0.0406 0.0258 0.3771 
        D057  4 0.0359 0.0221 0.1784 0.0347 0.1338 0.5951 
        D109  4 0.0551 0.1991 0.5806 0.0849 0.0273 0.0530 
     D237222  4 0.0579 0.1666 0.5452 0.1218 0.0432 0.0653 
     D237223  4 0.0948 0.2920 0.2354 0.1188 0.1365 0.1226 
     D237224  4 0.2106 0.0649 0.0612 0.0503 0.2618 0.3512 
     D237225  4 0.1821 0.2982 0.1942 0.0696 0.0436 0.2124 
     D237299  4 0.0265 0.8585 0.0273 0.0288 0.0178 0.0412 
     D237300  4 0.0175 0.0558 0.0226 0.0666 0.7773 0.0602 
     D237306  4 0.0923 0.0985 0.0796 0.6308 0.0309 0.0679 
     D237307  4 0.4881 0.1192 0.0549 0.2218 0.0792 0.0368 
     D237308  4 0.0700 0.0354 0.2257 0.1025 0.3412 0.2252 
     D237309  4 0.3134 0.1231 0.2504 0.0465 0.0694 0.1972 
     D237317  4 0.1324 0.0424 0.0476 0.6933 0.0417 0.0426 
     D237318  4 0.0204 0.0515 0.0136 0.0246 0.8730 0.0169 
     D237319  4 0.1976 0.3477 0.1997 0.0688 0.0786 0.1077 
     D237320  4 0.1620 0.2093 0.2165 0.0536 0.2678 0.0908 
     D237321  4 0.0691 0.0807 0.0824 0.0953 0.6134 0.0591 
     D237397  4 0.0944 0.1265 0.1884 0.3182 0.1885 0.0840 
     D237398  4 0.1488 0.2369 0.0383 0.0267 0.4892 0.0602 
     D237399  4 0.1625 0.1849 0.0819 0.3334 0.1318 0.1054 
     D244001  4 0.0932 0.0525 0.6017 0.0436 0.0919 0.1171 
        D289  4 0.0953 0.0771 0.0463 0.3488 0.1554 0.2771 
        D290  4 0.0712 0.7354 0.0332 0.0307 0.0401 0.0894 
        D294  4 0.1394 0.3466 0.0289 0.0412 0.0545 0.3895 
        D295  4 0.4613 0.1381 0.0936 0.0715 0.0361 0.1994 
        D301  4 0.0325 0.0458 0.7380 0.0508 0.0618 0.0710 
        D302  4 0.2031 0.0550 0.0336 0.0214 0.0154 0.6715 
        D303  4 0.0404 0.0481 0.0762 0.6627 0.0575 0.1151 
        D304  4 0.1016 0.6005 0.0377 0.0968 0.0857 0.0777 
        D305  4 0.0337 0.0944 0.0444 0.0130 0.1082 0.7063 
        D306  4 0.0437 0.7967 0.0329 0.0472 0.0205 0.0591 
        D307  4 0.0182 0.0317 0.8104 0.0521 0.0274 0.0602 
        D327  4 0.7016 0.0821 0.0266 0.0843 0.0444 0.0609 
        D328  4 0.0328 0.0530 0.0385 0.1794 0.0258 0.6704 
        D329  4 0.0842 0.1053 0.1108 0.0452 0.1883 0.4663 
        D330  4 0.4734 0.2165 0.1366 0.0201 0.0442 0.1093 
        D331  4 0.2224 0.3309 0.0897 0.1429 0.1019 0.1122 
        D333  4 0.1157 0.0921 0.1222 0.1558 0.1200 0.3943 
        D334  4 0.0807 0.1526 0.0560 0.5930 0.0307 0.0870 
        D335  4 0.3610 0.0492 0.0357 0.0518 0.0407 0.4617 
        D370  4 0.0702 0.0987 0.3140 0.2543 0.0436 0.2192 
        D371  4 0.0921 0.0260 0.0349 0.7944 0.0262 0.0263 
        D372  4 0.0182 0.2779 0.0238 0.0443 0.5740 0.0617 
        D373  4 0.0384 0.0309 0.6834 0.0225 0.0906 0.1342 
        D455  4 0.0349 0.0405 0.7170 0.0256 0.0349 0.1471 
        D490  4 0.0258 0.0576 0.8253 0.0214 0.0153 0.0547 
        D497  4 0.0247 0.0607 0.7310 0.0390 0.0270 0.1176 
        D498  4 0.1089 0.4174 0.1363 0.1707 0.0869 0.0798 
        D499  4 0.0328 0.1620 0.0620 0.1958 0.3479 0.1995 
        D514  4 0.4366 0.2500 0.0456 0.0245 0.0485 0.1947 
        D515  4 0.0740 0.6645 0.1168 0.0337 0.0268 0.0842 
        D516  4 0.3507 0.1288 0.2297 0.1065 0.1239 0.0604 
        D517  4 0.0934 0.0387 0.6734 0.0286 0.0900 0.0759 
        D518  4 0.0472 0.0299 0.1413 0.0670 0.0502 0.6643 
        D519  4 0.1025 0.4395 0.2247 0.0476 0.1010 0.0847 
        D560  4 0.1702 0.4186 0.0940 0.0261 0.1143 0.1769 
        D561  4 0.2122 0.5095 0.1279 0.0192 0.0680 0.0632 
        D562  4 0.0543 0.4228 0.0991 0.0851 0.0757 0.2630 
        D563  4 0.0606 0.1004 0.0962 0.0234 0.4159 0.3036 
        D572  4 0.0786 0.0584 0.0302 0.0276 0.0341 0.7712 
        D629  4 0.4682 0.1455 0.1503 0.0430 0.0520 0.1409 
        D630  4 0.1467 0.3259 0.0877 0.0957 0.0736 0.2704 
        D631  4 0.0257 0.0339 0.0287 0.0244 0.0850 0.8023 
        D632  4 0.0631 0.0383 0.6937 0.0257 0.0936 0.0855 
        D646  4 0.4449 0.1067 0.2320 0.0455 0.0817 0.0892 
        D647  4 0.6293 0.0859 0.0835 0.0167 0.0684 0.1162 
        D648  4 0.0181 0.0945 0.0293 0.0651 0.0238 0.7692 
        D649  4 0.4222 0.0569 0.2629 0.0318 0.0291 0.1971 
        D650  4 0.2667 0.2148 0.1198 0.1687 0.0490 0.1810 
        D708  4 0.0610 0.1558 0.0529 0.3027 0.0341 0.3935 
        D709  4 0.0810 0.5808 0.0748 0.0686 0.0387 0.1561 
        D738  4 0.1257 0.0668 0.1297 0.6078 0.0288 0.0411 
        D739  4 0.0451 0.4504 0.1638 0.0365 0.0550 0.2491 
        D740  4 0.0319 0.2378 0.2318 0.1569 0.1231 0.2185 
        D741  4 0.2162 0.3783 0.0792 0.0214 0.2032 0.1017 
        D742  4 0.0429 0.1441 0.0533 0.1155 0.4458 0.1983 
        D743  4 0.4794 0.0392 0.0255 0.0383 0.0511 0.3664 
        D744  4 0.0637 0.0732 0.0303 0.0260 0.0588 0.7481 
        D745  4 0.0536 0.5202 0.2696 0.0276 0.0440 0.0851 
        D814  4 0.1229 0.1936 0.0483 0.0297 0.3699 0.2356 
        D815  4 0.2447 0.1036 0.0456 0.0387 0.0419 0.5255 
        D828  4 0.0185 0.3428 0.0329 0.2254 0.0905 0.2899 
        D845  4 0.0276 0.0238 0.0176 0.0866 0.7968 0.0477 
        D846  4 0.2403 0.0819 0.0518 0.0130 0.1079 0.5051 
        D847  4 0.1405 0.4622 0.0974 0.1054 0.0822 0.1123 
        D848  4 0.0215 0.0375 0.6515 0.0349 0.1964 0.0582 
        D849  4 0.0619 0.5033 0.1981 0.0229 0.0321 0.1818 
        D850  4 0.3471 0.1589 0.1103 0.1366 0.2037 0.0433 
        D856  4 0.0794 0.6232 0.1472 0.0398 0.0322 0.0782 
        D857  4 0.0140 0.0552 0.8059 0.0402 0.0470 0.0376 
        D859  4 0.0701 0.0555 0.0264 0.0259 0.0379 0.7844 
        D860  4 0.0774 0.0246 0.0333 0.5951 0.1852 0.0844 
        D883  4 0.3461 0.0823 0.2024 0.1525 0.0482 0.1685 
        D884  4 0.1581 0.2613 0.1698 0.1298 0.0281 0.2528 
        D885  4 0.1770 0.1677 0.0780 0.0467 0.1513 0.3793 
        D886  4 0.2270 0.2877 0.2709 0.0320 0.0556 0.1269 
        D887  4 0.1242 0.1895 0.0775 0.0922 0.2408 0.2758 
        D889  4 0.0688 0.5387 0.0178 0.0456 0.1842 0.1448 
        D890  4 0.1004 0.1343 0.1689 0.2404 0.0769 0.2792 
        D891  4 0.0124 0.0149 0.0114 0.0168 0.9295 0.0151 
        D899  4 0.0312 0.0599 0.0344 0.1335 0.6043 0.1367 
        D900  4 0.2100 0.3240 0.0729 0.0952 0.0816 0.2162 
        D970  4 0.1432 0.0906 0.0644 0.0800 0.0764 0.5454 
        D971  4 0.1071 0.1094 0.0667 0.0974 0.4889 0.1305 
        D979  4 0.4831 0.0312 0.0183 0.0429 0.0250 0.3995 
        D093  5 0.0458 0.0516 0.0318 0.7791 0.0418 0.0500 
        D154  5 0.0428 0.2959 0.0313 0.0745 0.4605 0.0949 
        D168  5 0.1292 0.2232 0.2035 0.0310 0.2982 0.1150 
        D189  5 0.0659 0.1929 0.0315 0.5214 0.1401 0.0483 
        D190  5 0.0479 0.0323 0.0241 0.7807 0.0365 0.0785 
     D237220  5 0.0360 0.3904 0.1949 0.0942 0.0347 0.2497 
     D237221  5 0.0840 0.1069 0.0656 0.3895 0.2046 0.1493 
     D237274  5 0.7795 0.0369 0.0328 0.0256 0.0363 0.0890 
     D237275  5 0.0171 0.1871 0.0302 0.0311 0.7139 0.0207 
     D237276  5 0.2180 0.1934 0.1633 0.2347 0.0544 0.1360 
     D237277  5 0.0414 0.0410 0.0319 0.6677 0.1140 0.1040 
     D237278  5 0.0469 0.1179 0.1717 0.2819 0.2717 0.1099 
     D237279  5 0.0497 0.1016 0.6770 0.0204 0.1048 0.0464 
     D237280  5 0.1916 0.0531 0.5718 0.0668 0.0210 0.0957 
     D237281  5 0.0528 0.0303 0.0165 0.0302 0.8447 0.0255 
     D237351  5 0.0284 0.0555 0.7295 0.1055 0.0345 0.0466 
     D237352  5 0.1620 0.0947 0.3763 0.0964 0.0675 0.2031 
     D237353  5 0.0206 0.0198 0.0258 0.8546 0.0269 0.0524 
     D237359  5 0.0626 0.4555 0.0901 0.0725 0.0565 0.2628 
     D237361  5 0.0214 0.0273 0.0282 0.8798 0.0227 0.0206 
     D237362  5 0.3650 0.1129 0.0930 0.2141 0.0977 0.1173 
     D237363  5 0.1179 0.3971 0.0487 0.0983 0.2973 0.0407 
     D237364  5 0.1230 0.2214 0.0799 0.0209 0.1544 0.4004 
     D237376  5 0.0193 0.2613 0.0328 0.3170 0.0419 0.3277 
     D237377  5 0.2191 0.0396 0.5044 0.1203 0.0461 0.0705 
     D237378  5 0.0276 0.0535 0.0426 0.4941 0.0712 0.3111 
     D237379  5 0.0307 0.1655 0.0307 0.2997 0.0351 0.4382 
     D237380  5 0.0427 0.0298 0.7465 0.0710 0.0138 0.0964 
     D237381  5 0.0722 0.0727 0.5809 0.1010 0.0759 0.0973 
     D237391  5 0.0341 0.0274 0.0265 0.8553 0.0288 0.0280 
     D237392  5 0.5817 0.0674 0.0805 0.0312 0.1766 0.0627 
     D237393  5 0.3599 0.0446 0.1328 0.3427 0.0716 0.0484 
     D237394  5 0.0295 0.0171 0.0247 0.8923 0.0127 0.0237 
     D237395  5 0.0523 0.3186 0.1103 0.3560 0.1145 0.0484 
     D237396  5 0.3618 0.0416 0.2326 0.2289 0.0908 0.0442 
     D244016  5 0.0509 0.2089 0.0481 0.3499 0.1525 0.1897 
     D244018  5 0.1127 0.0421 0.1008 0.2771 0.3946 0.0727 
     D244019  5 0.2550 0.2951 0.0495 0.1018 0.1594 0.1392 
        D279  5 0.0511 0.1776 0.0608 0.0838 0.1722 0.4546 
        D280  5 0.1148 0.1679 0.0788 0.4476 0.1463 0.0447 
        D281  5 0.0278 0.1239 0.0160 0.0884 0.7116 0.0323 
        D283  5 0.1432 0.0209 0.0282 0.7285 0.0468 0.0325 
        D284  5 0.0760 0.6279 0.1230 0.0394 0.0704 0.0633 
        D285  5 0.0819 0.1331 0.0326 0.5835 0.0484 0.1206 
        D286  5 0.1101 0.2661 0.0605 0.2268 0.0399 0.2966 
        D287  5 0.0202 0.2421 0.0493 0.2079 0.0255 0.4549 
        D288  5 0.2869 0.0976 0.0449 0.3223 0.1997 0.0487 
        D308  5 0.0806 0.0345 0.7965 0.0442 0.0224 0.0217 
        D309  5 0.0894 0.0410 0.0403 0.0228 0.0176 0.7889 
        D310  5 0.0203 0.0621 0.0134 0.8618 0.0162 0.0262 
        D311  5 0.2662 0.1926 0.0279 0.1459 0.0377 0.3297 
        D312  5 0.1329 0.1673 0.0800 0.3406 0.0694 0.2098 
        D313  5 0.0124 0.0172 0.9179 0.0290 0.0115 0.0120 
        D314  5 0.0428 0.2180 0.1005 0.1039 0.1262 0.4086 
        D315  5 0.2122 0.1120 0.0982 0.4368 0.0699 0.0708 
        D317  5 0.0322 0.0228 0.0175 0.8887 0.0177 0.0210 
        D318  5 0.1379 0.3789 0.0829 0.1052 0.1250 0.1700 
        D319  5 0.0218 0.0334 0.0224 0.8719 0.0235 0.0270 
        D320  5 0.0233 0.0640 0.0410 0.7498 0.0266 0.0952 
        D321  5 0.0848 0.0363 0.6811 0.1112 0.0649 0.0217 
        D336  5 0.0313 0.1302 0.0278 0.6749 0.0215 0.1143 
        D337  5 0.0302 0.0214 0.0122 0.8743 0.0348 0.0271 
        D338  5 0.1344 0.3506 0.0624 0.1945 0.0930 0.1651 
        D339  5 0.0436 0.0634 0.0562 0.7247 0.0713 0.0407 
        D347  5 0.2548 0.2767 0.0331 0.1469 0.1335 0.1550 
        D348  5 0.0267 0.0236 0.0135 0.8461 0.0246 0.0654 
        D349  5 0.0226 0.0252 0.8376 0.0549 0.0262 0.0334 
        D350  5 0.0353 0.0270 0.0160 0.0178 0.0175 0.8865 
        D355  5 0.0790 0.1335 0.0259 0.0600 0.6024 0.0992 
        D356  5 0.2271 0.1017 0.0916 0.4670 0.0368 0.0757 
        D357  5 0.0592 0.4486 0.0765 0.2161 0.0861 0.1136 
        D358  5 0.0673 0.0737 0.1537 0.5001 0.0489 0.1562 
        D359  5 0.1708 0.0218 0.0202 0.7110 0.0191 0.0571 
        D360  5 0.1065 0.1217 0.0894 0.6104 0.0262 0.0457 
        D361  5 0.0303 0.0264 0.8720 0.0334 0.0190 0.0189 
        D366  5 0.7207 0.0339 0.0342 0.0213 0.1631 0.0267 
        D367  5 0.0256 0.1169 0.0615 0.5627 0.0281 0.2052 
        D368  5 0.1228 0.1964 0.1562 0.3914 0.0496 0.0836 
        D380  5 0.1539 0.1475 0.1661 0.0411 0.0788 0.4126 
        D381  5 0.0437 0.0311 0.0417 0.7571 0.0543 0.0722 
        D400  5 0.0829 0.1376 0.0368 0.2694 0.1379 0.3354 
        D411  5 0.0252 0.1605 0.7359 0.0150 0.0338 0.0295 
        D412  5 0.1104 0.1864 0.1728 0.1940 0.2191 0.1171 
        D413  5 0.0903 0.0857 0.0430 0.0354 0.7049 0.0405 
        D414  5 0.0289 0.0618 0.0216 0.0262 0.1014 0.7601 
        D420  5 0.0323 0.6657 0.1179 0.0512 0.0973 0.0357 
        D431  5 0.0163 0.3253 0.0876 0.0701 0.0878 0.4129 
        D432  5 0.0566 0.0343 0.1494 0.5999 0.0998 0.0600 
        D433  5 0.0666 0.0430 0.0511 0.7008 0.0782 0.0603 
        D434  5 0.0894 0.0396 0.0434 0.7726 0.0268 0.0283 
        D440  5 0.0372 0.0313 0.0194 0.0242 0.0152 0.8727 
        D447  5 0.5286 0.1861 0.0799 0.0393 0.0688 0.0973 
        D448  5 0.0799 0.1099 0.0214 0.6153 0.0492 0.1243 
        D459  5 0.0703 0.0433 0.0182 0.0447 0.7577 0.0659 
        D460  5 0.0635 0.0208 0.7610 0.1029 0.0293 0.0225 
        D461  5 0.1074 0.0303 0.0171 0.0274 0.0142 0.8035 
        D468  5 0.3005 0.3024 0.0919 0.1975 0.0581 0.0497 
        D469  5 0.4570 0.1567 0.1041 0.1147 0.0485 0.1191 
        D470  5 0.1169 0.3689 0.1052 0.1041 0.0411 0.2637 
        D471  5 0.0720 0.0994 0.0154 0.6867 0.0666 0.0598 
        D472  5 0.7030 0.0244 0.0182 0.0385 0.1989 0.0170 
        D479  5 0.0356 0.0468 0.0298 0.0297 0.6532 0.2049 
        D485  5 0.0474 0.3316 0.0353 0.0550 0.0378 0.4930 
        D486  5 0.1812 0.4879 0.1458 0.0805 0.0372 0.0674 
        D487  5 0.0334 0.0693 0.0477 0.2349 0.1589 0.4558 
        D555  5 0.0243 0.0204 0.0193 0.8512 0.0626 0.0221 
        D556  5 0.0416 0.1585 0.0915 0.1910 0.1029 0.4145 
        D557  5 0.0348 0.0226 0.0201 0.8314 0.0413 0.0498 
        D564  5 0.0504 0.0595 0.1311 0.3726 0.0343 0.3520 
        D594  5 0.2771 0.2091 0.0813 0.1792 0.1181 0.1352 
        D595  5 0.1832 0.0850 0.0813 0.4473 0.0957 0.1074 
        D596  5 0.0215 0.0234 0.0244 0.8769 0.0347 0.0191 
        D597  5 0.1391 0.0387 0.0330 0.3184 0.3747 0.0960 
        D598  5 0.0766 0.0662 0.2050 0.4501 0.0627 0.1395 
        D617  5 0.0375 0.1586 0.5620 0.0210 0.1778 0.0431 
        D618  5 0.0966 0.0408 0.0650 0.5792 0.1004 0.1180 
        D619  5 0.1668 0.0352 0.3879 0.2960 0.0619 0.0522 
        D620  5 0.0393 0.0202 0.0264 0.0264 0.8660 0.0217 
        D628  5 0.0425 0.0658 0.1069 0.0684 0.0406 0.6759 
        D714  5 0.0213 0.1100 0.0355 0.2581 0.1867 0.3884 
        D715  5 0.0854 0.0212 0.0226 0.7693 0.0617 0.0397 
        D716  5 0.1388 0.3472 0.0247 0.0976 0.1460 0.2457 
        D717  5 0.3177 0.1324 0.1390 0.2190 0.0632 0.1286 
        D718  5 0.0255 0.6574 0.0871 0.1005 0.0450 0.0845 
        D769  5 0.0850 0.2183 0.4338 0.0366 0.1174 0.1089 
        D770  5 0.0545 0.1452 0.0484 0.1127 0.1625 0.4767 
        D771  5 0.0648 0.2546 0.1075 0.0980 0.2691 0.2061 
        D772  5 0.0476 0.0717 0.0420 0.1817 0.0348 0.6222 
        D782  5 0.0556 0.1110 0.3825 0.0394 0.3900 0.0214 
        D783  5 0.0335 0.1027 0.0324 0.1036 0.3111 0.4167 
        D784  5 0.2743 0.1294 0.0654 0.1171 0.0806 0.3332 
        D785  5 0.0504 0.0366 0.0575 0.6916 0.0263 0.1376 
        D786  5 0.2002 0.1285 0.4441 0.0264 0.0708 0.1300 
        D821  5 0.0165 0.0166 0.0134 0.9155 0.0142 0.0237 
        D822  5 0.3454 0.2240 0.0504 0.1764 0.0935 0.1102 
        D826  5 0.0769 0.0852 0.0433 0.4215 0.2436 0.1294 
        D827  5 0.5484 0.1812 0.0366 0.0373 0.0838 0.1128 
        D851  5 0.1197 0.2203 0.1561 0.2709 0.0910 0.1420 
        D852  5 0.0252 0.0295 0.0810 0.1642 0.1011 0.5989 
        D853  5 0.0865 0.3164 0.0543 0.3885 0.0853 0.0689 
        D854  5 0.1684 0.3986 0.0522 0.0287 0.2166 0.1354 
        D861  5 0.1192 0.2288 0.1256 0.1750 0.2222 0.1292 
        D862  5 0.3083 0.1582 0.0400 0.3716 0.0375 0.0843 
        D865  5 0.0262 0.0580 0.0513 0.7417 0.0817 0.0411 
        D868  5 0.7214 0.0531 0.0399 0.1041 0.0404 0.0411 
        D869  5 0.0549 0.0765 0.7819 0.0261 0.0448 0.0158 
        D870  5 0.2158 0.6383 0.0468 0.0179 0.0552 0.0260 
        D907  5 0.0318 0.0732 0.0614 0.7704 0.0254 0.0378 
        D908  5 0.0261 0.0310 0.0768 0.1854 0.2299 0.4508 
        D910  5 0.0935 0.0600 0.0356 0.4257 0.2448 0.1404 
        D911  5 0.0534 0.1442 0.0152 0.0588 0.6697 0.0587 
        D934  5 0.0524 0.1050 0.0408 0.0503 0.1812 0.5703 
        D946  5 0.0193 0.0933 0.0564 0.0418 0.0642 0.7250 
        D947  5 0.1449 0.3284 0.0566 0.0440 0.0891 0.3370 
        D948  5 0.0518 0.0173 0.7850 0.1019 0.0242 0.0198 
        D949  5 0.0548 0.0244 0.8124 0.0616 0.0185 0.0282 
        D950  5 0.0537 0.0606 0.0253 0.0805 0.7188 0.0612 
        D951  5 0.4201 0.2503 0.1406 0.0473 0.0505 0.0911 
        D952  5 0.6640 0.0472 0.0360 0.1474 0.0449 0.0605 
        D953  5 0.0766 0.0368 0.0490 0.7617 0.0300 0.0459 
        D954  5 0.4758 0.0517 0.0579 0.3307 0.0384 0.0456 
        D961  5 0.0321 0.3842 0.0633 0.1368 0.0509 0.3327 
        D962  5 0.0546 0.0694 0.0287 0.4951 0.0155 0.3366 
        D963  5 0.3398 0.0952 0.0304 0.2700 0.0619 0.2027 
        D964  5 0.0435 0.4567 0.1030 0.0660 0.0871 0.2436 
        D965  5 0.0443 0.1412 0.0406 0.0550 0.0767 0.6422 
        D966  5 0.1445 0.0417 0.0487 0.2323 0.1406 0.3922 
        D967  5 0.0407 0.1116 0.1690 0.2588 0.3584 0.0614 
        D991  5 0.0806 0.0948 0.1566 0.0977 0.0303 0.5400 
        D502  6 0.0216 0.7125 0.0671 0.0105 0.1058 0.0826 
        D503  6 0.0374 0.1839 0.2648 0.0775 0.3898 0.0465 
        D504  6 0.3161 0.1246 0.1412 0.1470 0.0826 0.1887 
        D505  6 0.0862 0.1025 0.1165 0.3800 0.1455 0.1692 
        D506  6 0.0222 0.0321 0.0186 0.8970 0.0161 0.0140 
        D507  6 0.0438 0.0925 0.0681 0.0416 0.0712 0.6828 
        D508  6 0.1824 0.3837 0.0521 0.0363 0.1072 0.2383 
        D529  6 0.1365 0.3993 0.1694 0.1414 0.0648 0.0887 
        D530  6 0.0320 0.4631 0.1429 0.1477 0.0572 0.1570 
        D531  6 0.2691 0.3108 0.0552 0.1401 0.0752 0.1496 
        D532  6 0.2244 0.2345 0.0404 0.3060 0.0790 0.1156 
        D534  6 0.0595 0.0390 0.7931 0.0220 0.0385 0.0478 
        D535  6 0.1777 0.0832 0.1195 0.5186 0.0430 0.0580 
        D536  6 0.0347 0.1386 0.1047 0.0249 0.6653 0.0317 
        D554  6 0.0537 0.2968 0.1601 0.2342 0.0372 0.2179 
        D587  6 0.0815 0.0344 0.0459 0.7554 0.0454 0.0375 
        D588  6 0.1701 0.0911 0.1233 0.5073 0.0624 0.0459 
        D589  6 0.0414 0.2739 0.1004 0.1429 0.3448 0.0967 
        D590  6 0.0671 0.0447 0.0699 0.0622 0.7269 0.0293 
        D591  6 0.1119 0.2541 0.1413 0.2172 0.2271 0.0484 
        D592  6 0.0564 0.0359 0.8054 0.0476 0.0327 0.0220 
        D593  6 0.0170 0.5218 0.0541 0.1152 0.0538 0.2381 
        D682  6 0.0247 0.0308 0.0331 0.8695 0.0218 0.0202 
        D683  6 0.3946 0.1076 0.0489 0.3791 0.0316 0.0383 
        D684  6 0.0395 0.3839 0.2367 0.0188 0.2529 0.0682 
        D685  6 0.0207 0.6208 0.0536 0.0497 0.2044 0.0508 
        D686  6 0.0506 0.2575 0.0548 0.4926 0.0388 0.1057 
        D724  6 0.2068 0.2697 0.1244 0.0247 0.1150 0.2594 
        D725  6 0.0752 0.2450 0.0728 0.1108 0.1630 0.3332 
        D726  6 0.0264 0.0336 0.0275 0.8483 0.0173 0.0468 
        D727  6 0.2604 0.0794 0.0725 0.1218 0.4398 0.0262 
        D728  6 0.0625 0.1830 0.0716 0.5188 0.0387 0.1254 
        D729  6 0.2888 0.0396 0.4133 0.0248 0.2186 0.0149 
        D730  6 0.1415 0.1892 0.1638 0.0344 0.1069 0.3642 
        D731  6 0.0112 0.0229 0.0143 0.7825 0.1490 0.0200 
        D732  6 0.2563 0.0912 0.0394 0.0273 0.0414 0.5444 
        D733  6 0.0415 0.0634 0.0854 0.0458 0.0327 0.7313 
     D237251  7 0.0463 0.1608 0.0363 0.0636 0.2696 0.4234 
     D237252  7 0.0594 0.3293 0.2782 0.0274 0.1744 0.1313 
     D237253  7 0.0855 0.3620 0.0390 0.1822 0.2184 0.1130 
     D237254  7 0.0335 0.3304 0.5558 0.0221 0.0426 0.0157 
     D237255  7 0.0279 0.0659 0.0191 0.0570 0.7696 0.0605 
     D237256  7 0.0773 0.3498 0.0279 0.0497 0.3487 0.1465 
     D237257  7 0.0541 0.7183 0.0920 0.0221 0.0604 0.0531 
     D237282  7 0.5679 0.0499 0.1649 0.0189 0.1219 0.0765 
     D237283  7 0.0136 0.2445 0.6514 0.0244 0.0403 0.0258 
     D237284  7 0.0693 0.1902 0.6400 0.0273 0.0407 0.0325 
     D237285  7 0.0546 0.4804 0.0449 0.1371 0.1275 0.1554 
     D237286  7 0.1457 0.1842 0.0885 0.2316 0.1577 0.1923 
     D237287  7 0.1655 0.1391 0.0627 0.0512 0.4656 0.1158 
     D244006  7 0.0329 0.1913 0.7004 0.0197 0.0233 0.0323 
     D244007  7 0.2304 0.0884 0.0573 0.0434 0.5441 0.0364 
     D244008  7 0.0224 0.3216 0.5454 0.0598 0.0294 0.0213 
     D244009  7 0.1117 0.1212 0.3138 0.0774 0.0278 0.3481 
     D244010  7 0.0261 0.7813 0.0702 0.0241 0.0559 0.0425 
     D244011  7 0.0269 0.2677 0.0781 0.1855 0.0634 0.3785 
     D244012  7 0.0521 0.5547 0.0762 0.0294 0.1965 0.0910 
     D244013  7 0.0598 0.0571 0.0492 0.1292 0.2543 0.4504 
     D244014  7 0.0510 0.1094 0.2811 0.0426 0.1054 0.4106 
     D244015  7 0.1896 0.1872 0.4163 0.0282 0.1044 0.0742 
     D244125  7 0.1256 0.0670 0.0541 0.3788 0.2434 0.1311 
     D244126  7 0.0196 0.2664 0.6063 0.0108 0.0196 0.0772 
     D244130  7 0.0529 0.1583 0.4361 0.0750 0.0745 0.2031 
     D244131  7 0.1391 0.0689 0.1946 0.3960 0.0826 0.1188 
     D244132  7 0.1207 0.0335 0.0555 0.1454 0.0216 0.6233 
        D520  7 0.0387 0.7340 0.0888 0.0830 0.0281 0.0274 
        D521  7 0.1099 0.4802 0.0854 0.0468 0.0725 0.2053 
        D522  7 0.0884 0.0299 0.6364 0.0858 0.0463 0.1132 
        D523  7 0.0352 0.0909 0.0435 0.1007 0.5977 0.1320 
        D524  7 0.0691 0.1327 0.1223 0.1773 0.2675 0.2311 
        D525  7 0.0331 0.0904 0.5487 0.0451 0.2196 0.0631 
        D526  7 0.0690 0.2044 0.6331 0.0160 0.0606 0.0169 
        D527  7 0.1761 0.1069 0.1095 0.0659 0.0426 0.4990 
        D528  7 0.0170 0.9248 0.0193 0.0137 0.0099 0.0153 
        D558  7 0.0544 0.0377 0.0702 0.0223 0.0443 0.7711 
        D559  7 0.0253 0.0235 0.0210 0.0116 0.0275 0.8910 
        D640  7 0.0832 0.0555 0.0498 0.2044 0.0844 0.5228 
        D641  7 0.0233 0.1553 0.2159 0.2157 0.1465 0.2433 
        D642  7 0.0577 0.0754 0.6216 0.0647 0.1254 0.0553 
        D644  7 0.0952 0.1860 0.2218 0.2323 0.1002 0.1643 
        D645  7 0.1186 0.2284 0.1163 0.1494 0.1550 0.2323 
        D662  7 0.1351 0.0263 0.6714 0.1226 0.0174 0.0272 
        D687  7 0.0553 0.2095 0.0615 0.0872 0.0890 0.4975 
        D688  7 0.2570 0.1829 0.1169 0.0348 0.0916 0.3167 
        D689  7 0.2024 0.1718 0.1139 0.2203 0.1727 0.1189 
        D700  7 0.0201 0.9052 0.0236 0.0138 0.0153 0.0220 
        D797  7 0.1817 0.1246 0.0880 0.1288 0.0858 0.3912 
        D798  7 0.0588 0.1212 0.6656 0.0399 0.0267 0.0878 
        D799  7 0.0348 0.1636 0.1639 0.0377 0.2433 0.3567 
        D800  7 0.5691 0.1332 0.1066 0.0263 0.0806 0.0841 
        D132  8 0.0425 0.0549 0.8028 0.0355 0.0190 0.0453 
        D133  8 0.0155 0.0574 0.0270 0.0207 0.8564 0.0231 
        D200  8 0.0316 0.7719 0.0175 0.0162 0.0415 0.1212 
        D500  8 0.0285 0.0347 0.8656 0.0270 0.0174 0.0267 
        D614  8 0.0746 0.3001 0.1093 0.3366 0.0407 0.1387 
        D723  8 0.4808 0.1016 0.1773 0.0388 0.1164 0.0850 
        D888  8 0.0418 0.0620 0.0261 0.0344 0.7334 0.1023 
        D901  8 0.0177 0.8299 0.0324 0.0338 0.0332 0.0530 
        D902  8 0.0245 0.0685 0.0348 0.7533 0.0336 0.0853 
        D903  8 0.3693 0.1528 0.0318 0.1133 0.0500 0.2828 
        D904  8 0.1880 0.1400 0.0974 0.0561 0.0481 0.4704 
        D905  8 0.0159 0.0786 0.0210 0.1915 0.5676 0.1255 
        D906  8 0.0914 0.1100 0.0685 0.0368 0.4482 0.2451 
        D937  8 0.0126 0.0371 0.0176 0.8813 0.0230 0.0284 
        D943  8 0.0466 0.5593 0.1582 0.0369 0.0720 0.1270 
        D972  8 0.3761 0.2178 0.2093 0.0366 0.0806 0.0796 
        D973  8 0.7265 0.0632 0.0905 0.0396 0.0252 0.0549 
        D974  8 0.1904 0.3953 0.1149 0.1012 0.1099 0.0883 
        D975  8 0.0287 0.7501 0.0224 0.0395 0.0572 0.1021 
        D976  8 0.0306 0.5348 0.0802 0.1330 0.0613 0.1601 
        D201  9 0.0875 0.1821 0.0698 0.0421 0.2538 0.3647 
        D202  9 0.0186 0.6282 0.0366 0.0325 0.0626 0.2216 
     D237259  9 0.0822 0.2914 0.3205 0.0188 0.2018 0.0853 
     D237260  9 0.0173 0.3931 0.1046 0.0662 0.2824 0.1365 
     D237262  9 0.0238 0.0635 0.8430 0.0268 0.0232 0.0197 
