        D174  1 0.0885 0.0414 0.7186 0.0988 0.0527 
        D199  1 0.1354 0.2457 0.2154 0.0656 0.3380 
        D203  1 0.1348 0.2568 0.0766 0.1766 0.3552 
        D204  1 0.0385 0.0268 0.0250 0.0269 0.8828 
     D237366  1 0.2496 0.1094 0.1128 0.3963 0.1319 
     D237367  1 0.2854 0.0698 0.0687 0.2385 0.3376 
     D237368  1 0.1408 0.0635 0.0805 0.4928 0.2225 
     D244101  1 0.1658 0.1897 0.0384 0.0244 0.5817 
     D244102  1 0.1712 0.1282 0.2555 0.2377 0.2073 
     D244103  1 0.5039 0.0470 0.1074 0.1459 0.1958 
     D244104  1 0.0566 0.0627 0.1131 0.0731 0.6946 
     D244105  1 0.3478 0.0386 0.0237 0.4972 0.0927 
     D244106  1 0.1382 0.2687 0.4843 0.0457 0.0631 
     D244107  1 0.1885 0.0580 0.0210 0.6028 0.1296 
     D244108  1 0.0726 0.0577 0.5550 0.1963 0.1185 
     D244113  1 0.0343 0.0289 0.8913 0.0251 0.0204 
     D244114  1 0.4931 0.1042 0.2228 0.0577 0.1223 
     D244115  1 0.2393 0.0391 0.3655 0.1963 0.1598 
     D267365  1 0.0856 0.0707 0.3021 0.0721 0.4695 
        D404  1 0.0465 0.0348 0.8612 0.0332 0.0244 
        D405  1 0.1299 0.0929 0.5448 0.0889 0.1434 
        D406  1 0.0282 0.0181 0.0395 0.8529 0.0612 
        D407  1 0.3551 0.0630 0.0519 0.2004 0.3296 
        D408  1 0.0888 0.1015 0.7042 0.0401 0.0654 
        D409  1 0.6634 0.0403 0.0916 0.0647 0.1400 
        D410  1 0.0391 0.0116 0.0455 0.8260 0.0778 
        D421  1 0.0530 0.0447 0.0351 0.0222 0.8450 
        D422  1 0.0701 0.0221 0.0149 0.8530 0.0399 
        D423  1 0.0415 0.0251 0.0173 0.8700 0.0462 
        D424  1 0.3063 0.0190 0.0559 0.0691 0.5497 
        D425  1 0.1934 0.0456 0.2449 0.0591 0.4571 
        D426  1 0.7851 0.0775 0.0388 0.0487 0.0499 
        D427  1 0.0617 0.5958 0.1117 0.0353 0.1954 
        D428  1 0.1814 0.0484 0.2967 0.1549 0.3187 
        D429  1 0.1465 0.0603 0.2933 0.0742 0.4256 
        D430  1 0.3620 0.2113 0.2143 0.0898 0.1225 
        D491  1 0.0506 0.0207 0.7503 0.0412 0.1372 
        D492  1 0.2682 0.0441 0.2578 0.1760 0.2539 
        D537  1 0.1489 0.0233 0.1065 0.1275 0.5939 
        D538  1 0.3604 0.0864 0.1500 0.2630 0.1403 
        D539  1 0.1268 0.2233 0.3894 0.1917 0.0688 
        D540  1 0.4086 0.0604 0.1041 0.1375 0.2895 
        D541  1 0.0364 0.0210 0.0172 0.0313 0.8941 
        D551  1 0.5993 0.2407 0.0533 0.0563 0.0504 
        D552  1 0.1045 0.0727 0.1426 0.3454 0.3348 
        D553  1 0.0499 0.0212 0.0302 0.0172 0.8816 
        D615  1 0.1254 0.1258 0.0898 0.2067 0.4523 
        D616  1 0.2162 0.1136 0.0918 0.2951 0.2832 
        D621  1 0.0613 0.0376 0.1618 0.7086 0.0307 
        D622  1 0.0761 0.0331 0.0486 0.7912 0.0510 
        D623  1 0.0848 0.2200 0.5821 0.0414 0.0716 
        D624  1 0.0554 0.0268 0.8441 0.0321 0.0416 
        D625  1 0.0564 0.0151 0.0718 0.0724 0.7843 
        D626  1 0.1044 0.0619 0.4897 0.2280 0.1160 
        D627  1 0.7510 0.0709 0.0339 0.0374 0.1069 
        D690  1 0.0323 0.0139 0.0584 0.0957 0.7998 
        D691  1 0.0667 0.0281 0.0467 0.7819 0.0766 
        D710  1 0.1533 0.0478 0.2118 0.1065 0.4806 
        D711  1 0.0741 0.0296 0.0495 0.0732 0.7736 
        D712  1 0.0705 0.0677 0.7404 0.0626 0.0588 
        D713  1 0.0973 0.0183 0.7069 0.0689 0.1086 
        D746  1 0.0365 0.0241 0.0271 0.8514 0.0609 
        D747  1 0.0269 0.0241 0.0289 0.0270 0.8932 
        D748  1 0.1510 0.0290 0.0986 0.3460 0.3755 
        D749  1 0.2285 0.0461 0.1537 0.5381 0.0335 
        D750  1 0.0505 0.0341 0.5749 0.1014 0.2392 
        D763  1 0.2511 0.2786 0.0585 0.1026 0.3092 
        D764  1 0.0721 0.0259 0.1764 0.1529 0.5727 
        D765  1 0.1295 0.0295 0.1130 0.6675 0.0606 
        D766  1 0.1204 0.0233 0.0947 0.5659 0.1958 
        D767  1 0.2026 0.0939 0.1173 0.2513 0.3349 
        D768  1 0.0731 0.0291 0.0205 0.0361 0.8412 
        D811  1 0.0892 0.0405 0.7873 0.0523 0.0307 
        D816  1 0.0436 0.0175 0.0544 0.0294 0.8552 
        D825  1 0.1438 0.0220 0.5301 0.1788 0.1252 
        D866  1 0.1109 0.5150 0.2334 0.0717 0.0691 
        D867  1 0.0702 0.0322 0.0371 0.8274 0.0331 
        D871  1 0.7256 0.0296 0.0683 0.0410 0.1355 
        D872  1 0.0869 0.0482 0.0821 0.2530 0.5297 
        D873  1 0.0181 0.0140 0.0226 0.9331 0.0122 
        D874  1 0.0962 0.0715 0.2833 0.0252 0.5238 
        D875  1 0.7530 0.0201 0.0339 0.1186 0.0744 
        D876  1 0.0720 0.0295 0.1092 0.0613 0.7280 
        D877  1 0.1089 0.0372 0.7591 0.0294 0.0654 
        D892  1 0.1347 0.0287 0.2737 0.1964 0.3665 
        D893  1 0.1275 0.0757 0.0409 0.1110 0.6448 
        D894  1 0.1632 0.0447 0.0837 0.0834 0.6250 
        D915  1 0.1282 0.0337 0.1011 0.2072 0.5299 
        D916  1 0.0344 0.0174 0.0264 0.0313 0.8905 
        D917  1 0.1885 0.0890 0.3460 0.0428 0.3337 
        D925  1 0.0264 0.0253 0.0892 0.7496 0.1096 
        D926  1 0.3155 0.0281 0.1185 0.0848 0.4530 
        D927  1 0.1508 0.2961 0.0746 0.0434 0.4351 
        D928  1 0.0336 0.0172 0.8061 0.0303 0.1127 
        D929  1 0.2025 0.0516 0.4201 0.1471 0.1786 
        D936  1 0.0804 0.0975 0.0603 0.0310 0.7308 
        D938  1 0.0356 0.0138 0.0319 0.8811 0.0376 
        D956  1 0.1064 0.0680 0.7232 0.0525 0.0499 
        D957  1 0.0802 0.0333 0.1055 0.4347 0.3464 
        D958  1 0.0833 0.0236 0.1750 0.2624 0.4557 
        D959  1 0.4590 0.0342 0.0349 0.1929 0.2790 
        D960  1 0.0331 0.0199 0.0579 0.8576 0.0314 
        D989  1 0.0704 0.2049 0.5945 0.0412 0.0890 
        D990  1 0.0624 0.0679 0.0287 0.8211 0.0199 
        D023  2 0.0817 0.0224 0.0233 0.6784 0.1943 
        D130  2 0.0629 0.0263 0.0275 0.8029 0.0804 
        D131  2 0.3834 0.0980 0.0465 0.0650 0.4071 
        D163  2 0.0719 0.0268 0.0343 0.7871 0.0799 
        D164  2 0.0343 0.4157 0.0147 0.5154 0.0197 
        D165  2 0.0636 0.0279 0.0192 0.7434 0.1459 
        D166  2 0.4968 0.0954 0.1124 0.1725 0.1229 
        D167  2 0.0371 0.8843 0.0390 0.0218 0.0178 
        D192  2 0.0197 0.9207 0.0234 0.0207 0.0155 
        D193  2 0.2101 0.0643 0.6037 0.0837 0.0382 
        D206  2 0.3783 0.2308 0.0702 0.1358 0.1848 
        D207  2 0.2101 0.6472 0.0374 0.0371 0.0682 
        D208  2 0.1075 0.3958 0.3442 0.0702 0.0823 
        D209  2 0.4422 0.2933 0.0521 0.0905 0.1218 
        D210  2 0.0937 0.3703 0.3586 0.0516 0.1258 
     D229599  2 0.2367 0.1503 0.1139 0.1295 0.3696 
     D229600  2 0.0956 0.2570 0.0356 0.5760 0.0358 
     D237227  2 0.1165 0.1092 0.4469 0.2401 0.0872 
     D237228  2 0.1765 0.0931 0.3161 0.3899 0.0244 
     D237258  2 0.1819 0.2684 0.1929 0.2445 0.1123 
     D237310  2 0.1626 0.0738 0.1135 0.6307 0.0194 
     D237311  2 0.0573 0.1676 0.0584 0.6958 0.0209 
     D237312  2 0.1717 0.0500 0.3296 0.4084 0.0403 
     D237313  2 0.1978 0.0592 0.1997 0.1874 0.3558 
     D237322  2 0.3955 0.3006 0.1203 0.0993 0.0843 
     D237323  2 0.0578 0.0440 0.1718 0.7062 0.0201 
     D237324  2 0.4313 0.1259 0.0234 0.3455 0.0739 
     D237325  2 0.1770 0.0692 0.1974 0.4835 0.0729 
     D237326  2 0.0609 0.0355 0.0752 0.6932 0.1353 
     D237327  2 0.2772 0.4647 0.0364 0.0762 0.1455 
     D237337  2 0.0584 0.0252 0.0828 0.7764 0.0572 
     D237338  2 0.1798 0.1638 0.1608 0.3829 0.1126 
     D237339  2 0.2312 0.3020 0.0467 0.0341 0.3859 
     D237340  2 0.0750 0.2687 0.3128 0.3118 0.0317 
     D237389  2 0.1230 0.0628 0.0907 0.6902 0.0333 
     D237390  2 0.1286 0.0558 0.3521 0.3811 0.0824 
     D244017  2 0.1605 0.3555 0.3657 0.0648 0.0535 
     D244112  2 0.0682 0.8120 0.0300 0.0689 0.0209 
     D244118  2 0.0357 0.5124 0.0188 0.4152 0.0179 
     D244119  2 0.0444 0.4635 0.4151 0.0405 0.0364 
     D244120  2 0.0941 0.6545 0.1770 0.0526 0.0218 
     D244122  2 0.0766 0.6947 0.1033 0.0832 0.0423 
        D291  2 0.3117 0.4317 0.0537 0.0879 0.1150 
        D292  2 0.1085 0.4106 0.0899 0.0541 0.3369 
        D293  2 0.1148 0.5634 0.0169 0.0124 0.2925 
        D322  2 0.0932 0.3706 0.0242 0.0381 0.4739 
        D323  2 0.3135 0.1948 0.1867 0.0831 0.2219 
        D324  2 0.2082 0.2052 0.1069 0.1769 0.3028 
        D325  2 0.0914 0.8170 0.0116 0.0231 0.0569 
        D326  2 0.0318 0.0304 0.0335 0.0158 0.8885 
        D340  2 0.0282 0.9157 0.0156 0.0163 0.0241 
        D341  2 0.0542 0.8189 0.0335 0.0431 0.0502 
        D342  2 0.1700 0.5687 0.0335 0.1926 0.0352 
        D343  2 0.0183 0.9435 0.0087 0.0113 0.0183 
        D344  2 0.3662 0.0637 0.0933 0.0636 0.4133 
        D345  2 0.1707 0.0567 0.0490 0.1924 0.5310 
        D346  2 0.0787 0.1363 0.6396 0.0464 0.0989 
        D351  2 0.2251 0.1145 0.0308 0.0733 0.5563 
        D352  2 0.3956 0.1682 0.1804 0.0833 0.1724 
        D353  2 0.5808 0.0406 0.0239 0.0170 0.3376 
        D354  2 0.1878 0.0331 0.3001 0.0954 0.3837 
        D362  2 0.0629 0.0312 0.0524 0.0865 0.7670 
        D363  2 0.0529 0.0306 0.0836 0.0416 0.7913 
        D364  2 0.1591 0.0302 0.1060 0.0826 0.6222 
        D365  2 0.0272 0.8988 0.0179 0.0137 0.0424 
        D369  2 0.1240 0.2755 0.1531 0.0995 0.3478 
        D374  2 0.0250 0.0148 0.9262 0.0187 0.0153 
        D375  2 0.4517 0.0501 0.1426 0.0857 0.2699 
        D376  2 0.0616 0.0540 0.8125 0.0459 0.0260 
        D377  2 0.2138 0.1171 0.3976 0.2008 0.0707 
        D378  2 0.0999 0.1796 0.0326 0.0608 0.6270 
        D379  2 0.1066 0.0282 0.0438 0.0297 0.7917 
        D384  2 0.0308 0.0199 0.0341 0.0171 0.8981 
        D385  2 0.0518 0.8615 0.0441 0.0193 0.0234 
        D386  2 0.1983 0.0789 0.0364 0.0762 0.6102 
        D391  2 0.0407 0.8347 0.0225 0.0226 0.0795 
        D392  2 0.0593 0.6929 0.0539 0.0887 0.1052 
        D393  2 0.0685 0.1209 0.0211 0.0465 0.7430 
        D394  2 0.2172 0.0776 0.0925 0.3941 0.2186 
        D395  2 0.3127 0.5371 0.0378 0.0239 0.0885 
        D401  2 0.0379 0.0265 0.0688 0.8440 0.0228 
        D402  2 0.0394 0.8862 0.0172 0.0206 0.0366 
        D403  2 0.4489 0.0410 0.0385 0.1086 0.3630 
        D415  2 0.3011 0.0227 0.0221 0.0810 0.5731 
        D435  2 0.0863 0.1813 0.0195 0.0821 0.6308 
        D436  2 0.2199 0.0693 0.2819 0.0705 0.3583 
        D438  2 0.0241 0.9158 0.0250 0.0182 0.0169 
        D439  2 0.3347 0.1088 0.0304 0.0790 0.4471 
        D449  2 0.4041 0.3973 0.0308 0.0476 0.1201 
        D450  2 0.2670 0.0529 0.3171 0.0810 0.2820 
        D456  2 0.0674 0.0195 0.0184 0.0178 0.8768 
        D462  2 0.0326 0.8507 0.0155 0.0202 0.0810 
        D463  2 0.0253 0.0143 0.0254 0.0185 0.9164 
        D464  2 0.5907 0.0592 0.0814 0.0236 0.2450 
        D465  2 0.2145 0.3457 0.0400 0.1138 0.2860 
        D473  2 0.0568 0.0630 0.7068 0.1206 0.0528 
        D474  2 0.0655 0.1412 0.0483 0.0794 0.6656 
        D476  2 0.1313 0.1936 0.0223 0.4995 0.1533 
        D477  2 0.1118 0.0383 0.0931 0.0618 0.6951 
        D478  2 0.3531 0.0868 0.2411 0.1421 0.1769 
        D480  2 0.0903 0.1646 0.0755 0.0335 0.6362 
        D481  2 0.1245 0.0694 0.1250 0.1344 0.5468 
        D482  2 0.2549 0.2479 0.2659 0.1543 0.0771 
        D483  2 0.0233 0.8829 0.0395 0.0292 0.0251 
        D484  2 0.2942 0.2536 0.2901 0.0646 0.0976 
        D510  2 0.0320 0.0589 0.8605 0.0236 0.0250 
        D511  2 0.1093 0.1072 0.0368 0.0475 0.6992 
        D512  2 0.2065 0.1119 0.0362 0.6037 0.0417 
        D513  2 0.1644 0.6075 0.0735 0.0641 0.0905 
        D635  2 0.1527 0.0343 0.0225 0.2211 0.5695 
        D636  2 0.0309 0.0184 0.0342 0.8852 0.0313 
        D637  2 0.1795 0.4341 0.1928 0.0940 0.0996 
        D658  2 0.0847 0.6802 0.1432 0.0616 0.0303 
        D659  2 0.1459 0.0494 0.0496 0.0747 0.6805 
        D677  2 0.1998 0.1236 0.0625 0.2723 0.3419 
        D678  2 0.2972 0.5137 0.0671 0.0922 0.0298 
        D679  2 0.1353 0.1006 0.0824 0.0505 0.6311 
        D719  2 0.0431 0.2961 0.2877 0.0288 0.3443 
        D720  2 0.0926 0.0502 0.0956 0.0694 0.6922 
        D721  2 0.1431 0.0970 0.0494 0.5715 0.1389 
        D722  2 0.0671 0.0427 0.8280 0.0365 0.0258 
        D734  2 0.1186 0.2980 0.4265 0.0255 0.1315 
        D735  2 0.1701 0.0899 0.0933 0.1042 0.5425 
        D736  2 0.0953 0.2354 0.3801 0.0769 0.2123 
        D737  2 0.0945 0.6450 0.0869 0.1108 0.0627 
        D807  2 0.0801 0.1706 0.3170 0.0916 0.3406 
        D808  2 0.2399 0.2207 0.0426 0.2853 0.2116 
        D817  2 0.1494 0.0390 0.1741 0.0818 0.5557 
        D818  2 0.3341 0.4851 0.0323 0.0521 0.0965 
        D819  2 0.2190 0.0696 0.1246 0.2022 0.3846 
        D820  2 0.0546 0.0331 0.0253 0.0173 0.8698 
        D895  2 0.2363 0.0402 0.0623 0.1704 0.4908 
        D896  2 0.0211 0.0199 0.0508 0.8822 0.0260 
        D897  2 0.2435 0.6162 0.0506 0.0471 0.0425 
        D898  2 0.4171 0.0916 0.1432 0.1843 0.1637 
        D918  2 0.2981 0.2253 0.1152 0.2536 0.1078 
        D919  2 0.2035 0.2391 0.0323 0.0318 0.4933 
        D920  2 0.0432 0.0278 0.0451 0.8492 0.0347 
        D923  2 0.0646 0.0321 0.0431 0.0367 0.8235 
        D930  2 0.1920 0.0762 0.2326 0.0765 0.4229 
        D931  2 0.1167 0.1467 0.1040 0.0424 0.5902 
        D968  2 0.0209 0.9212 0.0149 0.0128 0.0302 
        D969  2 0.1221 0.2235 0.0422 0.0408 0.5714 
        D977  2 0.1597 0.7450 0.0306 0.0311 0.0336 
        D978  2 0.4181 0.4208 0.0562 0.0346 0.0704 
        D211  3 0.2570 0.0475 0.0488 0.4970 0.1496 
     D229639  3 0.0817 0.6676 0.1141 0.0506 0.0860 
     D237212  3 0.2064 0.2569 0.0767 0.1655 0.2945 
     D237213  3 0.2730 0.0709 0.0630 0.3679 0.2251 
     D237214  3 0.3664 0.0246 0.0554 0.4987 0.0548 
     D237215  3 0.0315 0.8293 0.0931 0.0265 0.0196 
     D237216  3 0.8187 0.0377 0.0306 0.0690 0.0441 
     D237217  3 0.4323 0.0588 0.0224 0.3377 0.1489 
     D237218  3 0.2647 0.3410 0.0453 0.0841 0.2649 
     D237219  3 0.1589 0.0962 0.1569 0.5290 0.0590 
     D237382  3 0.2769 0.0831 0.2812 0.1575 0.2012 
     D244127  3 0.1130 0.0941 0.0360 0.7140 0.0430 
     D244129  3 0.2124 0.1494 0.0780 0.2648 0.2954 
     D244133  3 0.2446 0.2091 0.2849 0.1601 0.1013 
     D244134  3 0.0853 0.4009 0.2561 0.1858 0.0719 
     D244135  3 0.1758 0.0572 0.0323 0.6603 0.0745 
     D244136  3 0.1681 0.1199 0.4292 0.0929 0.1898 
        D416  3 0.2977 0.2065 0.0560 0.2131 0.2266 
        D417  3 0.1201 0.0252 0.0445 0.0910 0.7192 
        D419  3 0.2092 0.1609 0.1572 0.2604 0.2123 
        D565  3 0.0266 0.0391 0.8307 0.0337 0.0699 
        D566  3 0.0890 0.4338 0.3526 0.0456 0.0791 
        D567  3 0.0547 0.0299 0.0314 0.1077 0.7763 
        D568  3 0.1705 0.1498 0.0292 0.2596 0.3910 
        D569  3 0.4137 0.2555 0.0953 0.1125 0.1230 
        D573  3 0.0948 0.6925 0.0193 0.0324 0.1609 
        D574  3 0.1333 0.0759 0.6246 0.0999 0.0663 
        D575  3 0.1386 0.1319 0.3084 0.2704 0.1507 
        D576  3 0.0498 0.8532 0.0555 0.0309 0.0105 
        D577  3 0.1027 0.0306 0.0782 0.0744 0.7141 
        D578  3 0.1945 0.0380 0.0171 0.7324 0.0180 
        D579  3 0.1309 0.2020 0.2183 0.1015 0.3473 
        D660  3 0.2760 0.4715 0.0485 0.1615 0.0425 
        D661  3 0.2057 0.6386 0.0265 0.0650 0.0642 
        D663  3 0.1430 0.7468 0.0344 0.0232 0.0525 
        D664  3 0.2132 0.1549 0.2897 0.3168 0.0254 
        D665  3 0.6104 0.0635 0.0293 0.2657 0.0311 
        D666  3 0.1540 0.0701 0.3190 0.3087 0.1481 
        D009  4 0.3405 0.0323 0.0463 0.3664 0.2146 
        D057  4 0.0731 0.4118 0.0604 0.2953 0.1594 
        D109  4 0.2227 0.0365 0.0967 0.5955 0.0485 
     D237222  4 0.0949 0.0445 0.1581 0.6463 0.0562 
     D237223  4 0.2479 0.1221 0.1700 0.4070 0.0530 
     D237224  4 0.1353 0.3768 0.0574 0.0558 0.3746 
     D237225  4 0.4898 0.0426 0.0498 0.2046 0.2132 
     D237299  4 0.6611 0.0872 0.0540 0.1649 0.0328 
     D237300  4 0.0879 0.8055 0.0489 0.0339 0.0239 
     D237306  4 0.0854 0.0426 0.6962 0.1075 0.0683 
     D237307  4 0.1685 0.1009 0.3439 0.0710 0.3157 
     D237308  4 0.1182 0.4538 0.1465 0.1825 0.0990 
     D237309  4 0.3774 0.0724 0.0357 0.2306 0.2839 
     D237317  4 0.1618 0.0368 0.5124 0.0684 0.2205 
     D237318  4 0.0553 0.8767 0.0265 0.0147 0.0268 
     D237319  4 0.3318 0.1070 0.1016 0.3119 0.1476 
     D237320  4 0.1699 0.2741 0.0634 0.3657 0.1268 
     D237321  4 0.0924 0.7072 0.0654 0.0637 0.0714 
     D237397  4 0.1746 0.2118 0.3603 0.1828 0.0706 
     D237398  4 0.2161 0.5629 0.0256 0.0483 0.1471 
     D237399  4 0.1296 0.2573 0.2007 0.1427 0.2697 
     D244001  4 0.1837 0.0677 0.0637 0.6308 0.0541 
        D289  4 0.1475 0.1969 0.2743 0.0584 0.3229 
        D290  4 0.5064 0.1143 0.0937 0.0655 0.2201 
        D294  4 0.4756 0.0667 0.1259 0.0520 0.2798 
        D295  4 0.1512 0.0671 0.1225 0.1730 0.4862 
        D301  4 0.0480 0.0901 0.0849 0.7513 0.0257 
        D302  4 0.1238 0.0242 0.0389 0.0406 0.7725 
        D303  4 0.0650 0.0527 0.7772 0.0585 0.0465 
        D304  4 0.4377 0.1647 0.1624 0.0403 0.1948 
        D305  4 0.7368 0.1084 0.0287 0.0565 0.0696 
        D306  4 0.7125 0.0254 0.0892 0.0454 0.1274 
        D307  4 0.0314 0.0369 0.0767 0.8324 0.0226 
        D327  4 0.1855 0.0650 0.1299 0.0455 0.5740 
        D328  4 0.1000 0.0531 0.7065 0.0652 0.0752 
        D329  4 0.3319 0.1913 0.1102 0.1277 0.2389 
        D330  4 0.2373 0.0446 0.0344 0.2297 0.4540 
        D331  4 0.1832 0.2043 0.1843 0.1602 0.2680 
        D333  4 0.1455 0.1503 0.3649 0.1797 0.1595 
        D334  4 0.1035 0.0397 0.5779 0.0680 0.2109 
        D335  4 0.1128 0.0495 0.0698 0.0371 0.7307 
        D370  4 0.1292 0.0557 0.5135 0.2272 0.0744 
        D371  4 0.0469 0.0311 0.8325 0.0210 0.0684 
        D372  4 0.2657 0.6248 0.0506 0.0356 0.0233 
        D373  4 0.0922 0.1050 0.0424 0.7138 0.0466 
        D455  4 0.0470 0.0525 0.0316 0.8065 0.0624 
        D490  4 0.0321 0.0160 0.0314 0.8917 0.0287 
        D497  4 0.0762 0.0341 0.0350 0.8249 0.0299 
        D498  4 0.1985 0.1837 0.3229 0.1848 0.1100 
        D499  4 0.1924 0.5330 0.1694 0.0411 0.0642 
        D514  4 0.2769 0.0378 0.0562 0.0818 0.5473 
        D515  4 0.3129 0.0446 0.0869 0.4766 0.0791 
        D516  4 0.1698 0.1229 0.1921 0.3399 0.1752 
        D517  4 0.1969 0.0623 0.0284 0.6390 0.0734 
        D518  4 0.1655 0.0980 0.2590 0.2663 0.2112 
        D519  4 0.2898 0.1180 0.0374 0.4877 0.0672 
        D560  4 0.3989 0.1707 0.0368 0.2652 0.1283 
        D561  4 0.5829 0.0530 0.0239 0.1281 0.2121 
        D562  4 0.3281 0.1544 0.1908 0.1659 0.1608 
        D563  4 0.2626 0.5046 0.0286 0.0831 0.1211 
        D572  4 0.2313 0.0828 0.1441 0.1026 0.4392 
        D629  4 0.1741 0.0474 0.1061 0.2132 0.4591 
        D630  4 0.2667 0.1276 0.1973 0.1333 0.2752 
        D631  4 0.1922 0.4532 0.1042 0.0758 0.1746 
        D632  4 0.0745 0.1387 0.0421 0.6582 0.0865 
        D646  4 0.2921 0.0677 0.0499 0.3286 0.2618 
        D647  4 0.0997 0.0713 0.0240 0.1671 0.6380 
        D648  4 0.0764 0.0421 0.8005 0.0372 0.0438 
        D649  4 0.0856 0.0249 0.0307 0.2383 0.6206 
        D650  4 0.1606 0.0743 0.2573 0.1552 0.3526 
        D708  4 0.1518 0.0617 0.6252 0.0650 0.0962 
        D709  4 0.4499 0.0525 0.2151 0.1072 0.1753 
        D738  4 0.0709 0.0312 0.6127 0.1853 0.1000 
        D739  4 0.3587 0.0738 0.1520 0.3179 0.0975 
        D740  4 0.4388 0.1502 0.1393 0.2156 0.0561 
        D741  4 0.4342 0.1990 0.0345 0.1784 0.1539 
        D742  4 0.1480 0.5781 0.1170 0.0654 0.0915 
        D743  4 0.0880 0.0696 0.0516 0.0262 0.7646 
        D744  4 0.2040 0.1828 0.0556 0.0630 0.4947 
        D745  4 0.2667 0.0370 0.0341 0.6119 0.0503 
        D814  4 0.6313 0.2390 0.0278 0.0487 0.0531 
        D815  4 0.1315 0.0703 0.1398 0.0743 0.5841 
        D828  4 0.1414 0.1792 0.5914 0.0644 0.0236 
        D845  4 0.0321 0.8722 0.0397 0.0158 0.0401 
        D846  4 0.2546 0.2273 0.0225 0.1054 0.3902 
        D847  4 0.2578 0.1494 0.1308 0.1737 0.2883 
        D848  4 0.0798 0.2174 0.0311 0.6443 0.0275 
        D849  4 0.3871 0.0476 0.0428 0.4602 0.0624 
        D850  4 0.3075 0.1494 0.1166 0.1562 0.2702 
        D856  4 0.4735 0.0500 0.1112 0.2452 0.1201 
        D857  4 0.0502 0.0478 0.0725 0.8152 0.0143 
        D859  4 0.2570 0.2350 0.1421 0.0634 0.3025 
        D860  4 0.0685 0.3152 0.3092 0.0391 0.2680 
        D883  4 0.1278 0.0463 0.2537 0.2448 0.3274 
        D884  4 0.1587 0.0373 0.4166 0.2725 0.1148 
        D885  4 0.5414 0.2114 0.0320 0.0918 0.1234 
        D886  4 0.1597 0.0724 0.0608 0.3626 0.3445 
        D887  4 0.1975 0.3760 0.1210 0.1044 0.2011 
        D889  4 0.4806 0.2891 0.0494 0.0235 0.1574 
        D890  4 0.1237 0.0709 0.5227 0.1815 0.1012 
        D891  4 0.0269 0.9260 0.0134 0.0141 0.0197 
        D899  4 0.0910 0.6275 0.1756 0.0422 0.0637 
        D900  4 0.3180 0.1085 0.1233 0.1075 0.3427 
        D970  4 0.1995 0.1601 0.1017 0.1030 0.4357 
        D971  4 0.1611 0.4866 0.0747 0.0857 0.1919 
        D979  4 0.0935 0.0570 0.0754 0.0260 0.7480 
        D093  5 0.0973 0.0780 0.6987 0.0640 0.0620 
        D154  5 0.3788 0.4230 0.1186 0.0399 0.0397 
        D168  5 0.3435 0.2800 0.0469 0.2226 0.1070 
        D189  5 0.1403 0.2431 0.4995 0.0567 0.0605 
        D190  5 0.0392 0.0701 0.8120 0.0361 0.0426 
     D237220  5 0.3267 0.1140 0.1355 0.3025 0.1213 
     D237221  5 0.1234 0.3123 0.3254 0.0725 0.1664 
     D237274  5 0.0998 0.0397 0.0312 0.0420 0.7873 
     D237275  5 0.1036 0.8016 0.0393 0.0355 0.0200 
     D237276  5 0.1741 0.0660 0.3181 0.2645 0.1772 
     D237277  5 0.0742 0.2997 0.5160 0.0427 0.0673 
     D237278  5 0.1802 0.3950 0.2286 0.1378 0.0585 
     D237279  5 0.3520 0.0273 0.0354 0.5125 0.0727 
     D237280  5 0.1466 0.0242 0.1070 0.5026 0.2196 
     D237281  5 0.0770 0.8374 0.0261 0.0188 0.0407 
     D237351  5 0.0507 0.0353 0.1123 0.7671 0.0346 
     D237352  5 0.1530 0.0656 0.1172 0.4600 0.2042 
     D237353  5 0.0275 0.0468 0.8639 0.0297 0.0322 
     D237359  5 0.3940 0.1817 0.1026 0.1925 0.1293 
     D237361  5 0.0356 0.0303 0.8762 0.0308 0.0272 
     D237362  5 0.1443 0.0898 0.4155 0.0952 0.2553 
     D237363  5 0.6827 0.1450 0.0865 0.0473 0.0386 
     D237364  5 0.3656 0.2298 0.0348 0.1666 0.2032 
     D237376  5 0.0587 0.0786 0.8100 0.0336 0.0191 
     D237377  5 0.1390 0.0572 0.1069 0.2755 0.4215 
     D237378  5 0.0640 0.1140 0.7594 0.0371 0.0254 
     D237379  5 0.1936 0.0747 0.6258 0.0491 0.0568 
     D237380  5 0.0922 0.0212 0.1855 0.6473 0.0538 
     D237381  5 0.1018 0.0827 0.1198 0.5878 0.1078 
     D237391  5 0.0775 0.0903 0.6404 0.0680 0.1238 
     D237392  5 0.1811 0.1436 0.0851 0.1234 0.4668 
     D237393  5 0.0718 0.0686 0.1856 0.1051 0.5689 
     D237394  5 0.0259 0.0225 0.8539 0.0329 0.0648 
     D237395  5 0.2191 0.1490 0.4428 0.1441 0.0450 
     D237396  5 0.1057 0.0729 0.0697 0.0976 0.6541 
     D244016  5 0.3394 0.1734 0.3164 0.0487 0.1220 
     D244018  5 0.1645 0.4847 0.1909 0.1057 0.0542 
     D244019  5 0.3237 0.1674 0.1256 0.0460 0.3373 
        D279  5 0.3773 0.3550 0.1099 0.0947 0.0630 
        D280  5 0.2949 0.1822 0.1690 0.1014 0.2525 
        D281  5 0.1260 0.7560 0.0694 0.0205 0.0281 
        D283  5 0.1116 0.1206 0.3803 0.0476 0.3399 
        D284  5 0.3748 0.1019 0.0700 0.3536 0.0997 
        D285  5 0.1878 0.1094 0.4598 0.0743 0.1688 
        D286  5 0.1881 0.1215 0.3773 0.1036 0.2095 
        D287  5 0.1030 0.0393 0.7428 0.0897 0.0252 
        D288  5 0.2219 0.2403 0.1304 0.0382 0.3692 
        D308  5 0.0552 0.0233 0.0350 0.7831 0.1034 
        D309  5 0.1961 0.0195 0.0302 0.0406 0.7136 
        D310  5 0.1999 0.0257 0.7323 0.0174 0.0246 
        D311  5 0.2439 0.0735 0.5010 0.0599 0.1218 
        D312  5 0.1190 0.0693 0.5318 0.0909 0.1890 
        D313  5 0.0202 0.0112 0.0299 0.9248 0.0139 
        D314  5 0.3267 0.1851 0.2866 0.1463 0.0553 
        D315  5 0.1421 0.0755 0.3595 0.1203 0.3027 
        D317  5 0.0262 0.0297 0.8704 0.0263 0.0473 
        D318  5 0.3683 0.1424 0.1391 0.1283 0.2220 
        D319  5 0.0356 0.0349 0.8640 0.0354 0.0302 
        D320  5 0.0672 0.0413 0.7473 0.0716 0.0726 
        D321  5 0.0580 0.0771 0.0937 0.6953 0.0758 
        D336  5 0.0616 0.0260 0.8573 0.0180 0.0370 
        D337  5 0.0309 0.0422 0.8876 0.0160 0.0233 
        D338  5 0.3353 0.1958 0.1024 0.1173 0.2492 
        D339  5 0.1482 0.0661 0.6667 0.0722 0.0467 
        D347  5 0.2849 0.1230 0.2041 0.0457 0.3422 
        D348  5 0.0663 0.0199 0.8427 0.0216 0.0495 
        D349  5 0.0326 0.0328 0.0764 0.8249 0.0334 
        D350  5 0.1780 0.0610 0.0481 0.0636 0.6493 
        D355  5 0.4160 0.3730 0.0406 0.0273 0.1431 
        D356  5 0.1061 0.0510 0.3858 0.1058 0.3512 
        D357  5 0.4076 0.1073 0.2633 0.1171 0.1049 
        D358  5 0.1425 0.0732 0.5158 0.0998 0.1686 
        D359  5 0.1010 0.0280 0.3831 0.0271 0.4609 
        D360  5 0.1006 0.0430 0.5382 0.1120 0.2062 
        D361  5 0.0389 0.0224 0.0444 0.8599 0.0345 
        D366  5 0.1907 0.2363 0.0353 0.0707 0.4670 
        D367  5 0.1450 0.0277 0.7363 0.0604 0.0306 
        D368  5 0.2379 0.0590 0.3250 0.2384 0.1397 
        D380  5 0.2187 0.0786 0.0596 0.0931 0.5500 
        D381  5 0.2368 0.0690 0.5483 0.0477 0.0981 
        D400  5 0.1738 0.2256 0.4364 0.0521 0.1121 
        D411  5 0.0955 0.0331 0.0262 0.8191 0.0262 
        D412  5 0.4577 0.1287 0.1273 0.1631 0.1232 
        D413  5 0.1002 0.7371 0.0330 0.0494 0.0804 
        D414  5 0.3036 0.3909 0.0776 0.0477 0.1803 
        D420  5 0.3935 0.1589 0.1084 0.2856 0.0536 
        D431  5 0.2724 0.2458 0.2927 0.1562 0.0329 
        D432  5 0.1301 0.1405 0.4407 0.1894 0.0994 
        D433  5 0.0560 0.1421 0.6781 0.0514 0.0724 
        D434  5 0.1341 0.0717 0.4650 0.1255 0.2037 
        D440  5 0.3240 0.0377 0.0417 0.0629 0.5337 
        D447  5 0.3995 0.0445 0.0341 0.1211 0.4009 
        D448  5 0.0967 0.0543 0.7581 0.0262 0.0648 
        D459  5 0.0925 0.7492 0.0323 0.0271 0.0990 
        D460  5 0.0407 0.0377 0.0795 0.7551 0.0869 
        D461  5 0.0852 0.0219 0.0401 0.0230 0.8297 
        D468  5 0.2152 0.0600 0.4569 0.1052 0.1626 
        D469  5 0.0875 0.0406 0.1157 0.1151 0.6412 
        D470  5 0.2748 0.0497 0.3629 0.2242 0.0884 
        D471  5 0.0717 0.1137 0.7243 0.0241 0.0662 
        D472  5 0.0389 0.1369 0.0225 0.0215 0.7802 
        D479  5 0.0890 0.7497 0.0734 0.0420 0.0458 
        D485  5 0.2353 0.0869 0.4582 0.1132 0.1064 
        D486  5 0.2957 0.0424 0.3538 0.1845 0.1236 
        D487  5 0.1561 0.5805 0.1744 0.0428 0.0462 
        D555  5 0.0259 0.0699 0.8414 0.0293 0.0335 
        D556  5 0.1347 0.2343 0.3651 0.1038 0.1621 
        D557  5 0.0308 0.0618 0.8046 0.0219 0.0810 
        D564  5 0.1695 0.0806 0.4162 0.1614 0.1724 
        D594  5 0.4644 0.0756 0.1514 0.0853 0.2233 
        D595  5 0.1367 0.1416 0.4438 0.0755 0.2025 
        D596  5 0.0298 0.0431 0.8574 0.0402 0.0295 
        D597  5 0.0947 0.3955 0.2638 0.0494 0.1966 
        D598  5 0.1071 0.0715 0.4720 0.2053 0.1441 
        D617  5 0.1612 0.1285 0.0326 0.6425 0.0352 
        D618  5 0.0921 0.2208 0.4989 0.0596 0.1286 
        D619  5 0.1991 0.0551 0.1830 0.3036 0.2592 
        D620  5 0.0254 0.8772 0.0260 0.0267 0.0447 
        D628  5 0.2554 0.0704 0.2598 0.2289 0.1855 
        D714  5 0.1477 0.2837 0.4737 0.0587 0.0361 
        D715  5 0.0568 0.1556 0.5609 0.0396 0.1871 
        D716  5 0.2905 0.2077 0.3146 0.0442 0.1431 
        D717  5 0.0975 0.0700 0.1449 0.1254 0.5622 
        D718  5 0.4014 0.0799 0.2949 0.2033 0.0204 
        D769  5 0.2381 0.1078 0.0541 0.5560 0.0440 
        D770  5 0.1984 0.3510 0.3203 0.0553 0.0750 
        D771  5 0.2270 0.3377 0.1864 0.1591 0.0898 
        D772  5 0.0831 0.0558 0.6377 0.0640 0.1595 
        D782  5 0.3951 0.1828 0.0458 0.2991 0.0772 
        D783  5 0.2278 0.4935 0.1726 0.0466 0.0595 
        D784  5 0.1130 0.0805 0.0748 0.0646 0.6671 
        D785  5 0.0541 0.0295 0.7898 0.0704 0.0562 
        D786  5 0.1169 0.0549 0.0411 0.5683 0.2188 
        D821  5 0.0231 0.0296 0.9016 0.0184 0.0273 
        D822  5 0.2063 0.0779 0.1469 0.0484 0.5205 
        D826  5 0.1557 0.3429 0.3617 0.0527 0.0870 
        D827  5 0.3743 0.0965 0.0811 0.0601 0.3880 
        D851  5 0.3846 0.0823 0.1524 0.1231 0.2576 
        D852  5 0.1163 0.4108 0.2532 0.1452 0.0746 
        D853  5 0.1986 0.1692 0.3717 0.0911 0.1695 
        D854  5 0.4359 0.2212 0.0735 0.1040 0.1654 
        D861  5 0.4039 0.1334 0.2641 0.1272 0.0714 
        D862  5 0.1115 0.0352 0.5298 0.0518 0.2717 
        D865  5 0.0621 0.1017 0.7376 0.0580 0.0406 
        D868  5 0.0771 0.0454 0.0670 0.0561 0.7544 
        D869  5 0.0744 0.0298 0.0600 0.7957 0.0400 
        D870  5 0.8032 0.0371 0.0215 0.0375 0.1007 
        D907  5 0.1305 0.0310 0.7280 0.0733 0.0371 
        D908  5 0.0787 0.5458 0.2446 0.0908 0.0401 
        D910  5 0.0876 0.3103 0.4878 0.0261 0.0883 
        D911  5 0.3927 0.4859 0.0389 0.0187 0.0639 
        D934  5 0.2771 0.4024 0.1733 0.0556 0.0917 
        D946  5 0.2536 0.3766 0.2026 0.1151 0.0521 
        D947  5 0.2912 0.1203 0.0995 0.1165 0.3724 
        D948  5 0.0280 0.0262 0.0855 0.7840 0.0764 
        D949  5 0.0367 0.0241 0.0828 0.8061 0.0504 
        D950  5 0.2640 0.5500 0.0513 0.0357 0.0990 
        D951  5 0.3365 0.0313 0.0838 0.0673 0.4811 
        D952  5 0.0755 0.0647 0.1014 0.0440 0.7144 
        D953  5 0.0788 0.0936 0.5489 0.0716 0.2070 
        D954  5 0.0812 0.0370 0.2475 0.0397 0.5946 
        D961  5 0.2274 0.0790 0.5332 0.1209 0.0395 
        D962  5 0.0667 0.0217 0.8174 0.0252 0.0690 
        D963  5 0.1059 0.1011 0.3444 0.0354 0.4133 
        D964  5 0.3136 0.2099 0.1552 0.2258 0.0954 
        D965  5 0.2533 0.2110 0.2674 0.0957 0.1725 
        D966  5 0.1730 0.1746 0.3870 0.0555 0.2099 
        D967  5 0.1419 0.3625 0.1887 0.1878 0.1190 
        D991  5 0.1452 0.0444 0.3339 0.2801 0.1964 
        D502  6 0.6330 0.1320 0.0361 0.1611 0.0379 
        D503  6 0.2891 0.3654 0.0495 0.2567 0.0392 
        D504  6 0.1766 0.1044 0.1234 0.1124 0.4832 
        D505  6 0.2238 0.1315 0.3876 0.1147 0.1424 
        D506  6 0.0602 0.0233 0.8581 0.0252 0.0332 
        D507  6 0.3710 0.2686 0.0890 0.1620 0.1094 
        D508  6 0.3477 0.1208 0.0770 0.0612 0.3932 
        D529  6 0.3141 0.0966 0.1918 0.2461 0.1514 
        D530  6 0.1194 0.0561 0.6277 0.1635 0.0334 
        D531  6 0.2243 0.1052 0.2276 0.1137 0.3291 
        D532  6 0.2717 0.0845 0.3940 0.0566 0.1932 
        D534  6 0.0644 0.0445 0.0304 0.7858 0.0749 
        D535  6 0.1655 0.0391 0.4615 0.1488 0.1851 
        D536  6 0.2522 0.5659 0.0350 0.1206 0.0263 
        D554  6 0.1399 0.0468 0.6486 0.1113 0.0535 
        D587  6 0.0700 0.0818 0.6879 0.0425 0.1179 
        D588  6 0.2827 0.0484 0.3895 0.0602 0.2191 
        D589  6 0.4365 0.2772 0.1451 0.0845 0.0567 
        D590  6 0.2009 0.6057 0.0489 0.1041 0.0404 
        D591  6 0.3640 0.2656 0.1222 0.1345 0.1136 
        D592  6 0.0486 0.0490 0.0480 0.8112 0.0433 
        D593  6 0.0850 0.0524 0.7797 0.0567 0.0261 
        D682  6 0.0545 0.0518 0.8117 0.0412 0.0408 
        D683  6 0.1186 0.0370 0.1401 0.0534 0.6510 
        D684  6 0.4562 0.2236 0.0199 0.2410 0.0593 
        D685  6 0.8301 0.0598 0.0419 0.0469 0.0214 
        D686  6 0.2019 0.0233 0.6999 0.0360 0.0389 
        D724  6 0.3195 0.1141 0.0441 0.1708 0.3515 
        D725  6 0.1975 0.2386 0.3941 0.0766 0.0932 
        D726  6 0.0367 0.0281 0.8502 0.0307 0.0543 
        D727  6 0.3111 0.3188 0.1057 0.1006 0.1638 
        D728  6 0.0634 0.0251 0.8172 0.0567 0.0375 
        D729  6 0.2676 0.0912 0.0272 0.4661 0.1478 
        D730  6 0.2581 0.1833 0.0599 0.2582 0.2405 
        D731  6 0.0367 0.2847 0.6333 0.0271 0.0182 
        D732  6 0.1911 0.0897 0.1257 0.0954 0.4981 
        D733  6 0.2139 0.0926 0.2298 0.2368 0.2269 
     D237251  7 0.1545 0.6006 0.1056 0.0712 0.0681 
     D237252  7 0.2928 0.1866 0.0432 0.4029 0.0745 
     D237253  7 0.3015 0.4235 0.1501 0.0412 0.0837 
     D237254  7 0.2264 0.0405 0.0192 0.6848 0.0291 
     D237255  7 0.0946 0.7880 0.0481 0.0327 0.0367 
     D237256  7 0.3517 0.4795 0.0651 0.0253 0.0784 
     D237257  7 0.6101 0.0826 0.0565 0.1908 0.0599 
     D237282  7 0.0808 0.0649 0.0272 0.1133 0.7140 
     D237283  7 0.3257 0.0389 0.0300 0.5867 0.0187 
     D237284  7 0.1227 0.0281 0.0249 0.7573 0.0670 
     D237285  7 0.2549 0.1824 0.4289 0.0645 0.0693 
     D237286  7 0.2276 0.1887 0.2446 0.0824 0.2569 
     D237287  7 0.2047 0.5381 0.0588 0.0609 0.1376 
     D244006  7 0.0999 0.0260 0.0222 0.8212 0.0306 
     D244007  7 0.2653 0.4371 0.0503 0.0761 0.1713 
     D244008  7 0.2914 0.0324 0.0650 0.5879 0.0233 
     D244009  7 0.1508 0.0379 0.1324 0.5127 0.1663 
     D244010  7 0.5139 0.1088 0.0733 0.2392 0.0648 
     D244011  7 0.3122 0.1780 0.3014 0.1281 0.0803 
     D244012  7 0.4253 0.2624 0.0618 0.1329 0.1176 
     D244013  7 0.1075 0.4610 0.1401 0.0914 0.2000 
     D244014  7 0.2929 0.1888 0.0792 0.3527 0.0864 
     D244015  7 0.4398 0.0602 0.0487 0.3121 0.1393 
     D244125  7 0.1155 0.2776 0.2713 0.0658 0.2698 
     D244126  7 0.2281 0.0227 0.0163 0.7084 0.0244 
     D244130  7 0.4241 0.1178 0.0899 0.2822 0.0860 
     D244131  7 0.1344 0.0941 0.2164 0.1614 0.3938 
     D244132  7 0.1017 0.0507 0.3885 0.0738 0.3853 
        D520  7 0.5509 0.0317 0.1631 0.2059 0.0485 
        D521  7 0.2536 0.1438 0.1410 0.1861 0.2755 
        D522  7 0.0959 0.0581 0.0544 0.6408 0.1507 
        D523  7 0.1846 0.6530 0.0750 0.0394 0.0480 
        D524  7 0.1260 0.4017 0.2034 0.1592 0.1096 
        D525  7 0.1525 0.2393 0.0373 0.5151 0.0558 
        D526  7 0.1599 0.0332 0.0204 0.7317 0.0548 
        D527  7 0.2849 0.0923 0.0986 0.1392 0.3850 
        D528  7 0.9430 0.0099 0.0140 0.0201 0.0131 
        D558  7 0.1492 0.1161 0.0549 0.2105 0.4694 
        D559  7 0.2927 0.1214 0.0247 0.1369 0.4242 
        D640  7 0.2011 0.1755 0.3423 0.0990 0.1821 
        D641  7 0.1698 0.2261 0.3173 0.2455 0.0413 
        D642  7 0.1288 0.1132 0.0755 0.6026 0.0799 
        D644  7 0.1250 0.1122 0.3722 0.2790 0.1115 
        D645  7 0.2140 0.2830 0.2101 0.1857 0.1072 
        D662  7 0.0567 0.0241 0.1055 0.6373 0.1764 
        D687  7 0.5034 0.1776 0.0711 0.0716 0.1762 
        D688  7 0.2475 0.1319 0.0449 0.1543 0.4213 
        D689  7 0.1567 0.1666 0.2541 0.1462 0.2764 
        D700  7 0.9465 0.0123 0.0128 0.0134 0.0151 
        D797  7 0.2553 0.1308 0.2500 0.1024 0.2616 
        D798  7 0.1708 0.0312 0.0489 0.6464 0.1027 
        D799  7 0.2882 0.4312 0.0381 0.1612 0.0812 
        D800  7 0.2734 0.0477 0.0323 0.1256 0.5211 
        D132  8 0.0490 0.0221 0.0460 0.8484 0.0345 
        D133  8 0.0508 0.8530 0.0181 0.0578 0.0204 
        D200  8 0.6228 0.1500 0.0574 0.0573 0.1125 
        D500  8 0.0348 0.0201 0.0335 0.8787 0.0328 
        D614  8 0.1649 0.0581 0.4864 0.1528 0.1378 
        D723  8 0.1591 0.0991 0.0780 0.3027 0.3612 
        D888  8 0.0674 0.8161 0.0283 0.0291 0.0591 
        D901  8 0.4557 0.0922 0.0881 0.3285 0.0354 
        D902  8 0.0807 0.0464 0.7900 0.0435 0.0394 
        D903  8 0.1789 0.0614 0.1304 0.0339 0.5954 
        D904  8 0.1729 0.0777 0.1303 0.1419 0.4772 
        D905  8 0.0783 0.7712 0.1140 0.0191 0.0173 
        D906  8 0.2959 0.4867 0.0280 0.0668 0.1226 
        D937  8 0.0632 0.0506 0.8454 0.0218 0.0191 
        D943  8 0.4880 0.1156 0.0408 0.2250 0.1307 
        D972  8 0.2327 0.0761 0.1043 0.3728 0.2142 
        D973  8 0.0923 0.0387 0.0694 0.1490 0.6507 
        D974  8 0.2119 0.1445 0.2457 0.2256 0.1723 
        D975  8 0.5084 0.1638 0.1442 0.0573 0.1264 
        D976  8 0.4678 0.1413 0.2225 0.1330 0.0354 
        D201  9 0.4468 0.2118 0.0813 0.1166 0.1435 
        D202  9 0.5195 0.1958 0.1228 0.1167 0.0451 
     D237259  9 0.6670 0.0493 0.0213 0.1054 0.1570 
     D237260  9 0.2338 0.5048 0.0659 0.1729 0.0226 
     D237262  9 0.0660 0.0191 0.0236 0.8605 0.0308 
     D237263  9 0.1674 0.1512 0.0313 0.5349 0.1153 
     D237264  9 0.2423 0.1549 0.1871 0.2967 0.1189 
     D237265  9 0.2441 0.6028 0.0666 0.0554 0.0310 
     D237266  9 0.0646 0.4928 0.0301 0.3557 0.0568 
     D237267  9 0.7525 0.0420 0.1051 0.0722 0.0282 
     D237268  9 0.2038 0.0484 0.1236 0.4731 0.1511 
     D237289  9 0.1158 0.4429 0.3160 0.0987 0.0267 
     D237290  9 0.0675 0.8321 0.0214 0.0499 0.0291 
     D237291  9 0.2133 0.6367 0.0515 0.0619 0.0365 
     D237292  9 0.4108 0.4022 0.0430 0.1206 0.0234 
     D237293  9 0.3108 0.0850 0.2116 0.2428 0.1498 
     D237294  9 0.3084 0.1881 0.0694 0.4034 0.0307 
     D237295  9 0.1353 0.0307 0.2012 0.2534 0.3794 
     D237296  9 0.4300 0.1987 0.0956 0.1781 0.0976 
     D237297  9 0.1211 0.0923 0.6635 0.0569 0.0662 
     D237298  9 0.2009 0.1914 0.0646 0.2000 0.3430 
     D237341  9 0.2969 0.3656 0.0622 0.1115 0.1639 
     D237342  9 0.2716 0.0858 0.0861 0.5088 0.0477 
     D237343  9 0.1751 0.3173 0.0531 0.3743 0.0802 
     D237344  9 0.1495 0.1897 0.4702 0.1190 0.0716 
     D237345  9 0.0631 0.0516 0.0197 0.8210 0.0446 
     D237346  9 0.1329 0.5300 0.1399 0.1527 0.0445 
     D237347  9 0.1407 0.2166 0.4181 0.0869 0.1377 
     D237348  9 0.1315 0.1738 0.1756 0.3902 0.1289 
     D237349  9 0.1313 0.3191 0.0300 0.2607 0.2589 
     D244109  9 0.2200 0.5578 0.0151 0.1188 0.0882 
     D244110  9 0.1091 0.7512 0.0187 0.0712 0.0498 
     D244111  9 0.3165 0.2443 0.1077 0.1256 0.2059 
     D244128  9 0.3341 0.0503 0.0394 0.5400 0.0362 
     D244137  9 0.0968 0.0625 0.0542 0.1588 0.6277 
     D244138  9 0.3545 0.2692 0.1649 0.1622 0.0490 
        D580  9 0.5041 0.0218 0.0983 0.2976 0.0782 
        D581  9 0.1592 0.7226 0.0287 0.0625 0.0270 
        D582  9 0.1120 0.0225 0.0312 0.8095 0.0247 
        D583  9 0.0518 0.7815 0.0244 0.1177 0.0246 
        D584  9 0.1955 0.0406 0.4757 0.2534 0.0347 
        D585  9 0.3194 0.2013 0.0323 0.4015 0.0455 
        D586  9 0.0946 0.7535 0.0665 0.0427 0.0427 
        D651  9 0.1081 0.1613 0.1307 0.1125 0.4874 
        D652  9 0.1094 0.0691 0.0260 0.5789 0.2166 
        D653  9 0.2148 0.4478 0.0585 0.0432 0.2357 
        D654  9 0.1709 0.2826 0.0396 0.2048 0.3021 
        D655  9 0.2192 0.3176 0.2400 0.0596 0.1636 
        D656  9 0.1546 0.0328 0.0481 0.7287 0.0358 
        D657  9 0.3366 0.1368 0.1363 0.2879 0.1024 
        D667  9 0.1377 0.2307 0.4766 0.0726 0.0824 
        D668  9 0.1612 0.1745 0.1259 0.4855 0.0529 
        D669  9 0.3795 0.3931 0.0689 0.0893 0.0693 
        D670  9 0.3697 0.0448 0.0764 0.0768 0.4323 
        D671  9 0.2117 0.6336 0.0577 0.0514 0.0456 
        D672  9 0.2247 0.0946 0.0434 0.5847 0.0526 
        D673  9 0.3477 0.1012 0.2288 0.2142 0.1081 
        D692  9 0.2964 0.2157 0.0391 0.3993 0.0495 
        D693  9 0.2088 0.1039 0.3056 0.2525 0.1292 
        D694  9 0.3066 0.0398 0.0672 0.5537 0.0327 
        D695  9 0.1244 0.0458 0.0505 0.5140 0.2653 
        D696  9 0.0263 0.0267 0.9108 0.0170 0.0193 
        D697  9 0.1541 0.2200 0.3594 0.1582 0.1083 
        D698  9 0.1333 0.4151 0.3165 0.0894 0.0456 
        D699  9 0.1344 0.0962 0.6507 0.0931 0.0255 
        D787  9 0.0951 0.1265 0.0369 0.3300 0.4116 
        D788  9 0.1465 0.0248 0.6704 0.0885 0.0698 
        D789  9 0.3944 0.1532 0.2272 0.1906 0.0346 
        D790  9 0.1247 0.2711 0.1072 0.3343 0.1627 
        D791  9 0.1719 0.5563 0.1563 0.0808 0.0346 
        D792  9 0.1067 0.2066 0.0550 0.2638 0.3679 
        D793  9 0.0591 0.1027 0.5606 0.0564 0.2212 
        D794  9 0.1106 0.1509 0.3437 0.1219 0.2730 
        D795  9 0.2565 0.0470 0.1001 0.5766 0.0198 
        D796  9 0.2457 0.5095 0.1149 0.0737 0.0563 
        D142 10 0.1883 0.1689 0.4464 0.0541 0.1423 
        D143 10 0.0436 0.7418 0.1108 0.0640 0.0398 
        D144 10 0.1887 0.1029 0.2945 0.2073 0.2066 
        D145 10 0.2105 0.6421 0.0446 0.0412 0.0617 
        D146 10 0.2829 0.0406 0.1491 0.4808 0.0467 
        D147 10 0.7713 0.0540 0.0507 0.0534 0.0706 
        D148 10 0.6439 0.0476 0.1114 0.0303 0.1668 
        D149 10 0.2033 0.6278 0.0407 0.0571 0.0712 
        D151 10 0.7332 0.1023 0.0723 0.0438 0.0484 
        D152 10 0.0478 0.8924 0.0180 0.0260 0.0157 
        D153 10 0.1280 0.0404 0.2282 0.0985 0.5049 
        D156 10 0.2042 0.0831 0.0558 0.0588 0.5980 
        D157 10 0.1171 0.0684 0.5809 0.1720 0.0617 
        D158 10 0.4315 0.2479 0.1949 0.0865 0.0392 
        D159 10 0.0364 0.8688 0.0306 0.0292 0.0350 
        D160 10 0.0590 0.7101 0.1837 0.0335 0.0137 
        D161 10 0.1690 0.1403 0.2565 0.1398 0.2943 
        D162 10 0.1430 0.1483 0.1641 0.0360 0.5086 
        D169 10 0.0752 0.0567 0.0308 0.7952 0.0420 
        D170 10 0.0793 0.0453 0.1332 0.6546 0.0876 
        D171 10 0.1590 0.0384 0.6357 0.0801 0.0868 
        D172 10 0.3256 0.1363 0.1164 0.1645 0.2570 
