        D174  1 0.1379 0.0229 0.0700 0.5770 0.0728 0.0669 0.0251 0.0274 
        D199  1 0.0409 0.0492 0.2845 0.1772 0.0435 0.1615 0.1444 0.0987 
        D203  1 0.2167 0.0592 0.2013 0.0568 0.0895 0.1196 0.1471 0.1097 
        D204  1 0.0194 0.0798 0.7944 0.0172 0.0190 0.0213 0.0343 0.0146 
     D237366  1 0.4880 0.1206 0.0596 0.0391 0.1120 0.0913 0.0466 0.0428 
     D237367  1 0.1947 0.0515 0.4041 0.0320 0.0741 0.1175 0.0928 0.0334 
     D237368  1 0.0447 0.0512 0.0832 0.0827 0.5270 0.1114 0.0722 0.0277 
     D244101  1 0.0217 0.4977 0.1729 0.0171 0.0237 0.1108 0.0737 0.0824 
     D244102  1 0.2460 0.1588 0.1004 0.0854 0.1167 0.1237 0.0766 0.0924 
     D244103  1 0.3121 0.0533 0.1567 0.0396 0.0604 0.2745 0.0347 0.0687 
     D244104  1 0.0216 0.0240 0.6895 0.0756 0.0689 0.0334 0.0411 0.0459 
     D244105  1 0.5261 0.0201 0.1097 0.0151 0.0861 0.1788 0.0255 0.0387 
     D244106  1 0.0842 0.0253 0.0545 0.5902 0.0288 0.0583 0.0813 0.0774 
     D244107  1 0.0336 0.0628 0.0704 0.0145 0.5149 0.1374 0.1378 0.0286 
     D244108  1 0.0476 0.0531 0.0937 0.4379 0.2127 0.0707 0.0453 0.0391 
     D244113  1 0.0441 0.1227 0.0148 0.6662 0.0323 0.0533 0.0352 0.0314 
     D244114  1 0.2639 0.0496 0.0624 0.0942 0.0355 0.2798 0.0698 0.1447 
     D244115  1 0.0629 0.0253 0.1835 0.2216 0.2552 0.1722 0.0260 0.0531 
     D267365  1 0.0342 0.0422 0.3346 0.1880 0.0458 0.1044 0.0289 0.2220 
        D404  1 0.1400 0.1680 0.0236 0.5299 0.0263 0.0490 0.0454 0.0178 
        D405  1 0.1384 0.1360 0.1352 0.1865 0.0588 0.1454 0.1422 0.0574 
        D406  1 0.1040 0.0389 0.0482 0.0293 0.7081 0.0367 0.0177 0.0171 
        D407  1 0.0572 0.0145 0.6554 0.0292 0.0366 0.0805 0.1115 0.0151 
        D408  1 0.0375 0.0383 0.0540 0.5327 0.0297 0.0615 0.0167 0.2295 
        D409  1 0.1432 0.0402 0.0800 0.0410 0.0407 0.4185 0.0580 0.1783 
        D410  1 0.0264 0.0309 0.0747 0.0293 0.7794 0.0323 0.0129 0.0141 
        D421  1 0.0105 0.0080 0.9006 0.0206 0.0087 0.0239 0.0166 0.0111 
        D422  1 0.1510 0.0118 0.0674 0.0122 0.6504 0.0513 0.0300 0.0259 
        D423  1 0.0516 0.0145 0.0758 0.0178 0.7206 0.0506 0.0568 0.0124 
        D424  1 0.0554 0.0181 0.6770 0.0417 0.0239 0.1465 0.0199 0.0175 
        D425  1 0.0555 0.0329 0.5316 0.1342 0.0317 0.1558 0.0263 0.0321 
        D426  1 0.0492 0.0167 0.0730 0.0197 0.0245 0.5321 0.0324 0.2524 
        D427  1 0.0173 0.0109 0.2823 0.1409 0.0256 0.0347 0.4589 0.0293 
        D428  1 0.0435 0.0909 0.3754 0.2061 0.0731 0.1057 0.0671 0.0382 
        D429  1 0.1276 0.0279 0.3783 0.2296 0.0389 0.0938 0.0448 0.0590 
        D430  1 0.3083 0.0244 0.0849 0.1382 0.0362 0.2098 0.0789 0.1194 
        D491  1 0.0224 0.0293 0.0865 0.7213 0.0283 0.0534 0.0115 0.0473 
        D492  1 0.0766 0.0651 0.2366 0.1849 0.1085 0.2127 0.0820 0.0336 
        D537  1 0.0354 0.0685 0.7115 0.0203 0.0623 0.0568 0.0300 0.0152 
        D538  1 0.1843 0.0531 0.0535 0.1048 0.3114 0.1999 0.0633 0.0298 
        D539  1 0.1802 0.1084 0.0351 0.1552 0.0766 0.0764 0.0386 0.3296 
        D540  1 0.0910 0.0316 0.2920 0.0585 0.0573 0.3512 0.0368 0.0816 
        D541  1 0.0128 0.0135 0.8905 0.0101 0.0207 0.0191 0.0177 0.0155 
        D551  1 0.0658 0.0239 0.0552 0.0387 0.0293 0.3154 0.3144 0.1573 
        D552  1 0.0385 0.0394 0.1682 0.1956 0.3493 0.1015 0.0308 0.0767 
        D553  1 0.0108 0.0134 0.8984 0.0122 0.0149 0.0210 0.0097 0.0197 
        D615  1 0.0933 0.0228 0.3833 0.0639 0.1437 0.1211 0.0742 0.0976 
        D616  1 0.0521 0.0211 0.2588 0.0578 0.1974 0.1816 0.1675 0.0637 
        D621  1 0.0384 0.2217 0.0140 0.0661 0.5815 0.0317 0.0204 0.0263 
        D622  1 0.1063 0.0514 0.0279 0.0292 0.6827 0.0445 0.0242 0.0338 
        D623  1 0.0479 0.3189 0.0282 0.2947 0.0437 0.0678 0.1511 0.0476 
        D624  1 0.0300 0.0136 0.0329 0.7780 0.0305 0.0668 0.0139 0.0343 
        D625  1 0.0651 0.0554 0.5761 0.0689 0.0996 0.0911 0.0210 0.0228 
        D626  1 0.1807 0.0302 0.1165 0.2972 0.1403 0.0897 0.0373 0.1082 
        D627  1 0.1091 0.0198 0.0794 0.0260 0.0178 0.4765 0.0235 0.2480 
        D690  1 0.0202 0.0167 0.8407 0.0390 0.0416 0.0154 0.0105 0.0160 
        D691  1 0.3390 0.0224 0.0991 0.0404 0.4114 0.0389 0.0235 0.0252 
        D710  1 0.0264 0.1260 0.2436 0.1550 0.2058 0.1506 0.0452 0.0475 
        D711  1 0.0595 0.0367 0.7511 0.0352 0.0455 0.0307 0.0217 0.0196 
        D712  1 0.0613 0.0531 0.0280 0.5966 0.0487 0.0661 0.0312 0.1149 
        D713  1 0.0662 0.3204 0.1481 0.2467 0.0568 0.1249 0.0169 0.0199 
        D746  1 0.1524 0.0179 0.0518 0.0169 0.6911 0.0294 0.0242 0.0162 
        D747  1 0.0137 0.0169 0.8881 0.0145 0.0136 0.0169 0.0210 0.0153 
        D748  1 0.2836 0.0670 0.3239 0.0331 0.1592 0.0841 0.0182 0.0309 
        D749  1 0.0652 0.0963 0.0226 0.0882 0.4315 0.1916 0.0687 0.0359 
        D750  1 0.0319 0.0389 0.1645 0.5751 0.0946 0.0431 0.0202 0.0318 
        D763  1 0.0690 0.2256 0.1148 0.0213 0.0622 0.1318 0.0954 0.2799 
        D764  1 0.0230 0.0130 0.5473 0.1866 0.1161 0.0642 0.0182 0.0317 
        D765  1 0.1590 0.0176 0.0471 0.2087 0.3875 0.1052 0.0215 0.0534 
        D766  1 0.0624 0.1188 0.1535 0.0511 0.5050 0.0691 0.0235 0.0166 
        D767  1 0.3219 0.2311 0.0962 0.0375 0.0934 0.0934 0.0981 0.0284 
        D768  1 0.0194 0.0110 0.8872 0.0101 0.0165 0.0285 0.0132 0.0142 
        D811  1 0.1709 0.0527 0.0396 0.3841 0.0990 0.1668 0.0229 0.0640 
        D816  1 0.0165 0.0184 0.8509 0.0276 0.0212 0.0317 0.0182 0.0156 
        D825  1 0.0960 0.0330 0.1695 0.2941 0.2017 0.1447 0.0205 0.0407 
        D866  1 0.0516 0.0154 0.0411 0.1658 0.0609 0.1042 0.1360 0.4251 
        D867  1 0.2194 0.1000 0.0227 0.0225 0.4159 0.1412 0.0570 0.0212 
        D871  1 0.2126 0.0349 0.0824 0.0497 0.0225 0.3941 0.0237 0.1802 
        D872  1 0.0986 0.0495 0.3505 0.0555 0.2859 0.0769 0.0598 0.0233 
        D873  1 0.0125 0.0189 0.0060 0.0143 0.9141 0.0131 0.0132 0.0078 
        D874  1 0.0204 0.7449 0.0551 0.0850 0.0119 0.0321 0.0170 0.0335 
        D875  1 0.2171 0.0309 0.0567 0.0175 0.0689 0.5085 0.0141 0.0863 
        D876  1 0.0379 0.1149 0.5063 0.0845 0.0726 0.0859 0.0194 0.0786 
        D877  1 0.1531 0.2040 0.0329 0.4416 0.0200 0.0959 0.0308 0.0217 
        D892  1 0.2380 0.0541 0.3805 0.1415 0.0672 0.0807 0.0156 0.0224 
        D893  1 0.0596 0.0560 0.6106 0.0140 0.0433 0.1050 0.0346 0.0770 
        D894  1 0.0894 0.0213 0.5680 0.0505 0.0594 0.1244 0.0364 0.0506 
        D915  1 0.0805 0.0221 0.5581 0.0674 0.1097 0.1002 0.0261 0.0360 
        D916  1 0.0162 0.0142 0.8668 0.0162 0.0442 0.0198 0.0103 0.0121 
        D917  1 0.0202 0.1297 0.1313 0.3092 0.0574 0.2012 0.0549 0.0962 
        D925  1 0.0163 0.0134 0.1783 0.0630 0.6471 0.0328 0.0189 0.0302 
        D926  1 0.0978 0.0663 0.4458 0.0595 0.0609 0.2124 0.0207 0.0366 
        D927  1 0.0796 0.0456 0.3396 0.0491 0.0302 0.1136 0.2152 0.1271 
        D928  1 0.0157 0.0198 0.0600 0.8312 0.0227 0.0214 0.0136 0.0155 
        D929  1 0.2812 0.5181 0.0274 0.0465 0.0249 0.0532 0.0201 0.0286 
        D936  1 0.0361 0.1596 0.5257 0.0286 0.0307 0.0785 0.0418 0.0989 
        D938  1 0.0790 0.0393 0.0216 0.0154 0.8002 0.0173 0.0118 0.0154 
        D956  1 0.1262 0.0304 0.0284 0.6611 0.0309 0.0518 0.0335 0.0376 
        D957  1 0.0584 0.0812 0.2007 0.0556 0.4590 0.0727 0.0468 0.0255 
        D958  1 0.0497 0.0808 0.2444 0.1275 0.3750 0.0750 0.0223 0.0254 
        D959  1 0.0341 0.0095 0.6723 0.0231 0.0317 0.1199 0.0949 0.0146 
        D960  1 0.0753 0.0314 0.0223 0.0398 0.7568 0.0380 0.0173 0.0192 
        D989  1 0.0431 0.0298 0.0560 0.5255 0.0230 0.0890 0.1134 0.1203 
        D990  1 0.0134 0.0172 0.0145 0.0391 0.7878 0.0292 0.0296 0.0692 
        D023  2 0.0350 0.0187 0.0714 0.0197 0.7181 0.0848 0.0300 0.0221 
        D130  2 0.3607 0.0314 0.0804 0.0153 0.3610 0.0777 0.0540 0.0196 
        D131  2 0.0789 0.0530 0.3110 0.0332 0.0393 0.3257 0.0403 0.1186 
        D163  2 0.1641 0.0306 0.0847 0.0341 0.5976 0.0494 0.0152 0.0243 
        D164  2 0.0120 0.0143 0.0112 0.0091 0.4257 0.0137 0.5023 0.0116 
        D165  2 0.0565 0.0252 0.0521 0.0144 0.7375 0.0578 0.0312 0.0253 
        D166  2 0.4178 0.1393 0.0557 0.0291 0.0451 0.2038 0.0390 0.0703 
        D167  2 0.0176 0.0122 0.0124 0.0207 0.0115 0.0196 0.8877 0.0183 
        D192  2 0.0112 0.0159 0.0095 0.0137 0.0112 0.0111 0.9097 0.0178 
        D193  2 0.2123 0.1089 0.0247 0.3755 0.0322 0.1667 0.0376 0.0420 
        D206  2 0.0929 0.0408 0.1834 0.0266 0.0608 0.1844 0.3834 0.0277 
        D207  2 0.0885 0.0225 0.0318 0.0217 0.0147 0.0860 0.6662 0.0686 
        D208  2 0.0890 0.0673 0.0580 0.1614 0.0414 0.1017 0.1018 0.3793 
        D209  2 0.0178 0.1324 0.0419 0.0254 0.0514 0.1803 0.5263 0.0246 
        D210  2 0.0460 0.0343 0.0766 0.3916 0.0222 0.0562 0.1459 0.2271 
     D229599  2 0.0429 0.1845 0.1959 0.0569 0.0632 0.1430 0.0487 0.2650 
     D229600  2 0.1467 0.0237 0.0271 0.0212 0.2221 0.0695 0.4600 0.0296 
     D237227  2 0.0250 0.0244 0.0562 0.3387 0.2569 0.0883 0.0559 0.1547 
     D237228  2 0.0380 0.0305 0.0180 0.2005 0.4230 0.1616 0.0608 0.0677 
     D237258  2 0.0649 0.1097 0.0634 0.0762 0.1229 0.1630 0.2447 0.1552 
     D237310  2 0.2391 0.0561 0.0130 0.0437 0.3850 0.1039 0.1120 0.0471 
     D237311  2 0.1519 0.0214 0.0197 0.0511 0.4114 0.0785 0.2365 0.0295 
     D237312  2 0.5317 0.1085 0.0308 0.0653 0.1107 0.1053 0.0217 0.0259 
     D237313  2 0.0684 0.0804 0.2165 0.1215 0.1696 0.1622 0.0250 0.1564 
     D237322  2 0.1258 0.0879 0.0314 0.0779 0.0490 0.2140 0.0410 0.3730 
     D237323  2 0.1197 0.0271 0.0155 0.1379 0.5209 0.0650 0.0338 0.0801 
     D237324  2 0.0772 0.0337 0.0396 0.0149 0.2005 0.3545 0.2075 0.0721 
     D237325  2 0.2501 0.0954 0.0394 0.0949 0.2829 0.1149 0.0800 0.0423 
     D237326  2 0.0245 0.0359 0.0679 0.0864 0.6797 0.0551 0.0325 0.0180 
     D237327  2 0.1070 0.1050 0.0433 0.0369 0.0299 0.1878 0.1878 0.3023 
     D237337  2 0.0783 0.0289 0.0342 0.0532 0.6888 0.0719 0.0181 0.0265 
     D237338  2 0.1747 0.1129 0.0488 0.1164 0.2226 0.1394 0.0785 0.1066 
     D237339  2 0.0278 0.7172 0.0463 0.0180 0.0180 0.0597 0.0786 0.0344 
     D237340  2 0.1441 0.0679 0.0271 0.2216 0.1510 0.1111 0.2413 0.0359 
     D237389  2 0.2314 0.0411 0.0245 0.0332 0.3871 0.0928 0.1709 0.0190 
     D237390  2 0.4397 0.0787 0.0672 0.1051 0.1043 0.1075 0.0328 0.0646 
     D244017  2 0.0646 0.0253 0.0238 0.2354 0.0312 0.1210 0.4315 0.0673 
     D244112  2 0.0284 0.0116 0.0102 0.0150 0.0161 0.0136 0.8930 0.0121 
     D244118  2 0.0290 0.0316 0.0103 0.0203 0.1793 0.0311 0.6825 0.0159 
     D244119  2 0.0133 0.0091 0.0178 0.6025 0.0241 0.0236 0.2809 0.0287 
     D244120  2 0.1325 0.0916 0.0111 0.0503 0.0161 0.0516 0.5558 0.0910 
     D244122  2 0.0452 0.0233 0.0208 0.0420 0.0251 0.0474 0.7691 0.0272 
        D291  2 0.0445 0.0164 0.0438 0.0145 0.0270 0.1594 0.0488 0.6457 
        D292  2 0.0296 0.0499 0.1654 0.0526 0.0628 0.0625 0.2891 0.2882 
        D293  2 0.0191 0.1453 0.1434 0.0152 0.0110 0.0711 0.5627 0.0322 
        D322  2 0.0264 0.1732 0.1087 0.0176 0.0461 0.0851 0.5035 0.0395 
        D323  2 0.0896 0.1878 0.0803 0.0647 0.0368 0.3051 0.1666 0.0691 
        D324  2 0.0472 0.0290 0.1871 0.0430 0.1042 0.1724 0.0312 0.3861 
        D325  2 0.0161 0.0200 0.0342 0.0114 0.0104 0.0217 0.8542 0.0320 
        D326  2 0.0138 0.0111 0.8942 0.0195 0.0108 0.0226 0.0121 0.0160 
        D340  2 0.0092 0.0189 0.0201 0.0144 0.0138 0.0153 0.8846 0.0235 
        D341  2 0.1250 0.0289 0.0390 0.0278 0.0214 0.0425 0.6497 0.0656 
        D342  2 0.0363 0.0169 0.0269 0.0212 0.0894 0.0637 0.7149 0.0306 
        D343  2 0.0098 0.0125 0.0154 0.0074 0.0074 0.0116 0.9217 0.0141 
        D344  2 0.1033 0.5235 0.1251 0.0292 0.0305 0.1167 0.0485 0.0233 
        D345  2 0.0205 0.2084 0.1283 0.0423 0.3548 0.1132 0.0501 0.0824 
        D346  2 0.0399 0.0515 0.0668 0.5428 0.0290 0.0918 0.0650 0.1131 
        D351  2 0.1322 0.0970 0.3431 0.0201 0.0415 0.1877 0.0399 0.1386 
        D352  2 0.0265 0.7063 0.0159 0.0556 0.0270 0.1146 0.0312 0.0230 
        D353  2 0.0345 0.0860 0.2973 0.0186 0.0140 0.4924 0.0267 0.0306 
        D354  2 0.0152 0.7948 0.0533 0.0443 0.0171 0.0439 0.0138 0.0177 
        D362  2 0.0247 0.0231 0.7875 0.0302 0.0439 0.0389 0.0323 0.0194 
        D363  2 0.0183 0.0294 0.7347 0.0600 0.0559 0.0331 0.0277 0.0409 
        D364  2 0.0238 0.4202 0.3093 0.0586 0.0436 0.0913 0.0243 0.0291 
        D365  2 0.0086 0.0223 0.0261 0.0124 0.0069 0.0147 0.8957 0.0133 
        D369  2 0.0483 0.0277 0.2955 0.1353 0.0817 0.1405 0.1522 0.1187 
        D374  2 0.0227 0.0269 0.0128 0.8252 0.0197 0.0611 0.0142 0.0174 
        D375  2 0.0264 0.8794 0.0148 0.0165 0.0147 0.0254 0.0116 0.0111 
        D376  2 0.0290 0.0553 0.0112 0.7906 0.0243 0.0492 0.0187 0.0218 
        D377  2 0.1545 0.1083 0.0512 0.1208 0.1668 0.1905 0.0798 0.1280 
        D378  2 0.0254 0.2402 0.1952 0.0263 0.0534 0.1700 0.2050 0.0845 
        D379  2 0.0413 0.0343 0.7404 0.0211 0.0150 0.1051 0.0177 0.0251 
        D384  2 0.0105 0.0146 0.8734 0.0239 0.0150 0.0310 0.0133 0.0183 
        D385  2 0.0184 0.1277 0.0152 0.0344 0.0155 0.0310 0.7421 0.0157 
        D386  2 0.0334 0.5511 0.1173 0.0177 0.0621 0.1270 0.0598 0.0315 
        D391  2 0.0169 0.1086 0.0199 0.0148 0.0149 0.0236 0.7682 0.0332 
        D392  2 0.0291 0.0276 0.0669 0.0437 0.0763 0.0707 0.6560 0.0297 
        D393  2 0.0338 0.2302 0.2637 0.0187 0.0351 0.0736 0.0841 0.2608 
        D394  2 0.0961 0.1800 0.0869 0.0521 0.2810 0.1562 0.0879 0.0599 
        D395  2 0.0271 0.5987 0.0177 0.0179 0.0127 0.0815 0.2134 0.0310 
        D401  2 0.0322 0.0144 0.0280 0.0571 0.7638 0.0411 0.0406 0.0229 
        D402  2 0.0186 0.0570 0.0172 0.0161 0.0151 0.0224 0.8068 0.0470 
        D403  2 0.2735 0.1485 0.2086 0.0208 0.0417 0.2484 0.0263 0.0322 
        D415  2 0.0427 0.0290 0.6128 0.0180 0.0544 0.2005 0.0252 0.0174 
        D435  2 0.0274 0.0413 0.6575 0.0115 0.0343 0.0387 0.1444 0.0448 
        D436  2 0.1048 0.5393 0.1720 0.0527 0.0195 0.0692 0.0248 0.0176 
        D438  2 0.0114 0.0104 0.0129 0.0178 0.0117 0.0176 0.9050 0.0133 
        D439  2 0.0231 0.6242 0.0740 0.0173 0.0453 0.1380 0.0486 0.0296 
        D449  2 0.0258 0.0165 0.1201 0.0175 0.0223 0.0633 0.7154 0.0192 
        D450  2 0.0907 0.2454 0.1118 0.1683 0.0551 0.1735 0.0223 0.1330 
        D456  2 0.0189 0.0186 0.8710 0.0178 0.0130 0.0274 0.0100 0.0232 
        D462  2 0.0147 0.0981 0.0282 0.0095 0.0143 0.0234 0.7966 0.0152 
        D463  2 0.0139 0.0227 0.8647 0.0290 0.0122 0.0334 0.0095 0.0147 
        D464  2 0.0465 0.3908 0.0665 0.0521 0.0204 0.2972 0.0986 0.0280 
        D465  2 0.0407 0.0274 0.2294 0.0251 0.0347 0.1157 0.5053 0.0216 
        D473  2 0.0458 0.1132 0.0221 0.5477 0.1113 0.0558 0.0399 0.0643 
        D474  2 0.0248 0.0283 0.4959 0.0347 0.0981 0.0744 0.0531 0.1907 
        D476  2 0.1118 0.5493 0.0183 0.0093 0.1528 0.0631 0.0741 0.0213 
        D477  2 0.0337 0.2707 0.3141 0.0353 0.0639 0.0812 0.0245 0.1766 
        D478  2 0.1013 0.1321 0.0504 0.1540 0.0779 0.3521 0.0651 0.0671 
        D480  2 0.0580 0.2797 0.1809 0.0727 0.0220 0.1223 0.0975 0.1670 
        D481  2 0.0327 0.1767 0.2724 0.0811 0.1641 0.1194 0.0751 0.0785 
        D482  2 0.1010 0.3054 0.0235 0.0662 0.0712 0.1229 0.0224 0.2874 
        D483  2 0.0117 0.0177 0.0128 0.0484 0.0159 0.0179 0.8608 0.0147 
        D484  2 0.0224 0.8925 0.0084 0.0240 0.0088 0.0135 0.0127 0.0176 
        D510  2 0.0409 0.0311 0.0244 0.7059 0.0153 0.0463 0.0246 0.1115 
        D511  2 0.0248 0.6572 0.0879 0.0191 0.0368 0.0586 0.0484 0.0672 
        D512  2 0.1380 0.0381 0.0324 0.0151 0.3764 0.1515 0.2145 0.0340 
        D513  2 0.0413 0.0236 0.1166 0.0605 0.0283 0.1001 0.5568 0.0727 
        D635  2 0.0314 0.0235 0.3881 0.0239 0.3213 0.1322 0.0426 0.0371 
        D636  2 0.0307 0.0114 0.0258 0.0149 0.8599 0.0249 0.0180 0.0144 
        D637  2 0.2534 0.2762 0.0293 0.0806 0.0316 0.1194 0.1439 0.0655 
        D658  2 0.0634 0.1902 0.0151 0.1038 0.0278 0.0669 0.5018 0.0311 
        D659  2 0.0268 0.0395 0.7531 0.0264 0.0232 0.0431 0.0312 0.0567 
        D677  2 0.3961 0.0428 0.2914 0.0205 0.0455 0.0663 0.0776 0.0598 
        D678  2 0.0358 0.0190 0.0174 0.0154 0.0251 0.0669 0.7982 0.0222 
        D679  2 0.0361 0.0674 0.4463 0.0424 0.0350 0.1214 0.0744 0.1770 
        D719  2 0.0141 0.0454 0.1591 0.3748 0.0345 0.0553 0.1999 0.1169 
        D720  2 0.0230 0.0146 0.7569 0.0737 0.0292 0.0404 0.0303 0.0319 
        D721  2 0.0278 0.0298 0.0910 0.0335 0.5949 0.1145 0.0680 0.0405 
        D722  2 0.0276 0.0403 0.0283 0.6458 0.0399 0.1322 0.0569 0.0290 
        D734  2 0.0162 0.6424 0.0185 0.1243 0.0120 0.0481 0.0846 0.0538 
        D735  2 0.0507 0.0970 0.2441 0.0800 0.1629 0.1484 0.0523 0.1647 
        D736  2 0.0261 0.0509 0.0799 0.2848 0.0667 0.0696 0.0765 0.3454 
        D737  2 0.0314 0.1711 0.0180 0.0336 0.0611 0.0413 0.5735 0.0700 
        D807  2 0.1000 0.1057 0.2323 0.2137 0.0552 0.0731 0.0645 0.1555 
        D808  2 0.1689 0.0689 0.1001 0.0251 0.1604 0.2605 0.1087 0.1074 
        D817  2 0.0534 0.1362 0.4774 0.0546 0.0438 0.1409 0.0288 0.0650 
        D818  2 0.3764 0.0442 0.0685 0.0247 0.0243 0.2093 0.1607 0.0919 
        D819  2 0.0831 0.0488 0.3003 0.0384 0.1966 0.2301 0.0311 0.0716 
        D820  2 0.0374 0.1105 0.6799 0.0239 0.0129 0.0700 0.0373 0.0280 
        D895  2 0.0367 0.0464 0.5708 0.0367 0.0996 0.1082 0.0551 0.0466 
        D896  2 0.0580 0.0211 0.0177 0.0500 0.7933 0.0272 0.0143 0.0185 
        D897  2 0.0488 0.0375 0.0270 0.0286 0.0324 0.0956 0.6861 0.0440 
        D898  2 0.1226 0.0681 0.0564 0.0798 0.0954 0.2698 0.0462 0.2617 
        D918  2 0.4668 0.1021 0.0344 0.0425 0.0834 0.1372 0.0686 0.0651 
        D919  2 0.0442 0.4502 0.1411 0.0201 0.0317 0.1439 0.0963 0.0723 
        D920  2 0.3597 0.0339 0.0287 0.0539 0.4465 0.0326 0.0265 0.0181 
        D923  2 0.0217 0.0994 0.7159 0.0204 0.0154 0.0734 0.0221 0.0316 
        D930  2 0.0676 0.1845 0.2057 0.1424 0.0855 0.1925 0.0416 0.0801 
        D931  2 0.0467 0.3032 0.2719 0.0393 0.0391 0.1014 0.1256 0.0727 
        D968  2 0.0156 0.0280 0.0271 0.0158 0.0129 0.0324 0.8314 0.0367 
        D969  2 0.0368 0.0393 0.2235 0.0548 0.0292 0.1392 0.2429 0.2342 
        D977  2 0.0529 0.0325 0.0242 0.0136 0.0201 0.0406 0.7919 0.0242 
        D978  2 0.1670 0.0272 0.0261 0.0311 0.0160 0.1542 0.1057 0.4728 
        D211  3 0.5575 0.0559 0.0725 0.0199 0.1185 0.1072 0.0273 0.0413 
     D229639  3 0.0333 0.0263 0.0770 0.0881 0.0365 0.0475 0.0507 0.6406 
     D237212  3 0.1151 0.2263 0.0882 0.0165 0.0524 0.1040 0.0698 0.3279 
     D237213  3 0.2794 0.1555 0.0656 0.0285 0.1619 0.1827 0.0479 0.0784 
     D237214  3 0.2189 0.0241 0.0452 0.0476 0.1925 0.4248 0.0311 0.0157 
     D237215  3 0.0246 0.0224 0.0133 0.1033 0.0219 0.0492 0.6377 0.1276 
     D237216  3 0.0958 0.0444 0.0415 0.0242 0.0394 0.6459 0.0352 0.0736 
     D237217  3 0.3860 0.0237 0.0959 0.0124 0.1202 0.2755 0.0270 0.0592 
     D237218  3 0.1533 0.1579 0.0497 0.0440 0.0310 0.0698 0.0426 0.4517 
     D237219  3 0.1765 0.0195 0.0503 0.0842 0.2491 0.1153 0.0331 0.2722 
     D237382  3 0.4159 0.0562 0.1005 0.1448 0.0790 0.1032 0.0533 0.0470 
     D244127  3 0.1175 0.0355 0.0304 0.0310 0.4239 0.1468 0.1268 0.0882 
     D244129  3 0.1446 0.0990 0.1235 0.0441 0.2065 0.1847 0.0767 0.1208 
     D244133  3 0.0968 0.0140 0.0961 0.1678 0.0577 0.2474 0.2371 0.0829 
     D244134  3 0.0257 0.0173 0.0346 0.1765 0.0959 0.0524 0.0293 0.5684 
     D244135  3 0.3043 0.0357 0.0535 0.0173 0.3307 0.1080 0.1213 0.0292 
     D244136  3 0.0566 0.0264 0.2402 0.2419 0.0578 0.1473 0.1178 0.1120 
        D416  3 0.0766 0.0463 0.1889 0.0314 0.1117 0.1699 0.2760 0.0992 
        D417  3 0.2154 0.0260 0.6152 0.0290 0.0191 0.0511 0.0172 0.0270 
        D419  3 0.1225 0.0405 0.1618 0.0598 0.1366 0.1502 0.0971 0.2315 
        D565  3 0.0125 0.0130 0.0452 0.8136 0.0302 0.0208 0.0130 0.0517 
        D566  3 0.0268 0.0131 0.0510 0.3585 0.0508 0.0816 0.0436 0.3747 
        D567  3 0.0477 0.0497 0.6324 0.0208 0.1071 0.0738 0.0439 0.0246 
        D568  3 0.2125 0.1572 0.2033 0.0179 0.1295 0.1163 0.1205 0.0429 
        D569  3 0.0399 0.6439 0.0173 0.0468 0.0335 0.1098 0.0707 0.0381 
        D573  3 0.0299 0.0294 0.2164 0.0209 0.0262 0.1290 0.1769 0.3712 
        D574  3 0.0791 0.0365 0.0339 0.4640 0.0737 0.1364 0.0547 0.1216 
        D575  3 0.0680 0.0346 0.1544 0.1396 0.2524 0.1179 0.0738 0.1592 
        D576  3 0.0433 0.0312 0.0081 0.0390 0.0107 0.0615 0.7492 0.0569 
        D577  3 0.0880 0.0517 0.5520 0.0477 0.0558 0.1126 0.0294 0.0627 
        D578  3 0.3328 0.0146 0.0131 0.0136 0.2833 0.2813 0.0464 0.0149 
        D579  3 0.0628 0.1173 0.1533 0.1673 0.0633 0.0909 0.0775 0.2676 
        D660  3 0.0361 0.0309 0.0160 0.0156 0.0506 0.0917 0.7231 0.0359 
        D661  3 0.1482 0.0822 0.0417 0.0164 0.0285 0.1245 0.2665 0.2919 
        D663  3 0.0391 0.0502 0.0709 0.0215 0.0154 0.1866 0.1028 0.5135 
        D664  3 0.1643 0.0346 0.0194 0.1135 0.1925 0.1856 0.2293 0.0609 
        D665  3 0.3047 0.1040 0.0145 0.0113 0.0942 0.3735 0.0384 0.0595 
        D666  3 0.1009 0.0363 0.1377 0.1346 0.2372 0.1508 0.0382 0.1643 
        D009  4 0.3131 0.1373 0.0984 0.0435 0.1661 0.1641 0.0280 0.0494 
        D057  4 0.1271 0.4827 0.0245 0.0213 0.0935 0.0387 0.1655 0.0467 
        D109  4 0.0852 0.0296 0.0485 0.0644 0.5409 0.1764 0.0228 0.0322 
     D237222  4 0.2673 0.0445 0.0336 0.1433 0.3803 0.0667 0.0355 0.0288 
     D237223  4 0.3992 0.0742 0.0462 0.1123 0.1123 0.1380 0.0625 0.0553 
     D237224  4 0.0408 0.2127 0.1675 0.0233 0.0437 0.1213 0.1930 0.1977 
     D237225  4 0.2902 0.0675 0.1136 0.0414 0.0760 0.2857 0.0280 0.0975 
     D237299  4 0.5489 0.0261 0.0137 0.0359 0.0235 0.1654 0.0238 0.1627 
     D237300  4 0.0226 0.0207 0.0150 0.0204 0.0186 0.0302 0.0304 0.8420 
     D237306  4 0.1288 0.0642 0.0658 0.5608 0.0573 0.0674 0.0264 0.0293 
     D237307  4 0.1060 0.0202 0.3548 0.1924 0.0351 0.0978 0.0645 0.1292 
     D237308  4 0.0305 0.2079 0.0489 0.0733 0.0966 0.0517 0.4500 0.0410 
     D237309  4 0.1798 0.0892 0.1962 0.0317 0.0859 0.2880 0.0727 0.0564 
     D237317  4 0.0364 0.0336 0.1298 0.4314 0.0570 0.2130 0.0285 0.0702 
     D237318  4 0.0302 0.0122 0.0284 0.0222 0.0154 0.0428 0.0336 0.8152 
     D237319  4 0.4787 0.0283 0.0686 0.0415 0.0953 0.1759 0.0507 0.0609 
     D237320  4 0.4699 0.0274 0.0775 0.0264 0.0903 0.0874 0.0836 0.1376 
     D237321  4 0.0397 0.0170 0.0462 0.0308 0.0318 0.0450 0.0701 0.7194 
     D237397  4 0.2799 0.0335 0.0774 0.2274 0.0847 0.0749 0.1014 0.1206 
     D237398  4 0.0538 0.0368 0.0558 0.0131 0.0196 0.0758 0.0254 0.7197 
     D237399  4 0.2471 0.0423 0.0803 0.1443 0.0367 0.0690 0.0428 0.3377 
     D244001  4 0.3240 0.0697 0.0350 0.0304 0.1699 0.1438 0.2027 0.0245 
        D289  4 0.0623 0.3077 0.0772 0.2154 0.0411 0.0955 0.0870 0.1136 
        D290  4 0.4496 0.0499 0.0649 0.0206 0.0272 0.1493 0.0397 0.1988 
        D294  4 0.1567 0.2902 0.0938 0.0352 0.0187 0.2272 0.0502 0.1281 
        D295  4 0.3094 0.0675 0.3913 0.0570 0.0370 0.0616 0.0221 0.0542 
        D301  4 0.2543 0.0263 0.0225 0.0425 0.4403 0.0485 0.0536 0.1120 
        D302  4 0.0266 0.8089 0.0522 0.0103 0.0213 0.0504 0.0128 0.0175 
        D303  4 0.0424 0.0907 0.0306 0.5961 0.0734 0.0428 0.0710 0.0531 
        D304  4 0.2271 0.0381 0.0674 0.0638 0.0227 0.1855 0.0351 0.3603 
        D305  4 0.0345 0.3447 0.0237 0.0164 0.0331 0.4096 0.0922 0.0457 
        D306  4 0.2976 0.0379 0.0451 0.0657 0.0338 0.4486 0.0211 0.0503 
        D307  4 0.1129 0.0695 0.0153 0.0449 0.6317 0.0531 0.0268 0.0459 
        D327  4 0.0556 0.0460 0.6173 0.0697 0.0241 0.0892 0.0358 0.0622 
        D328  4 0.0838 0.5743 0.0239 0.1774 0.0331 0.0525 0.0292 0.0258 
        D329  4 0.1129 0.2684 0.0692 0.0366 0.0925 0.1319 0.1799 0.1087 
        D330  4 0.1975 0.1168 0.3106 0.0201 0.0777 0.1883 0.0748 0.0142 
        D331  4 0.1728 0.0453 0.1558 0.0738 0.0756 0.1194 0.0404 0.3170 
        D333  4 0.2197 0.2127 0.0555 0.1383 0.0879 0.0900 0.0826 0.1132 
        D334  4 0.0965 0.0608 0.0986 0.5403 0.0418 0.0756 0.0230 0.0635 
        D335  4 0.0287 0.7009 0.1227 0.0274 0.0253 0.0397 0.0335 0.0219 
        D370  4 0.0734 0.1094 0.0422 0.2448 0.2565 0.1805 0.0622 0.0311 
        D371  4 0.0151 0.0274 0.0770 0.7686 0.0179 0.0339 0.0359 0.0242 
        D372  4 0.0430 0.0151 0.0088 0.0223 0.0114 0.0948 0.0461 0.7586 
        D373  4 0.0644 0.0684 0.0440 0.0169 0.5335 0.0859 0.1001 0.0868 
        D455  4 0.2162 0.1120 0.0335 0.0203 0.4818 0.0466 0.0436 0.0460 
        D490  4 0.5144 0.0237 0.0194 0.0176 0.3800 0.0218 0.0099 0.0132 
        D497  4 0.4475 0.0555 0.0151 0.0198 0.3606 0.0568 0.0230 0.0217 
        D498  4 0.2147 0.0417 0.0725 0.1249 0.0792 0.1369 0.0659 0.2641 
        D499  4 0.0695 0.1663 0.0290 0.1510 0.0353 0.1964 0.1711 0.1814 
        D514  4 0.1531 0.1294 0.3277 0.0282 0.0466 0.1888 0.0423 0.0839 
        D515  4 0.7358 0.0365 0.0342 0.0254 0.0572 0.0710 0.0216 0.0183 
        D516  4 0.1454 0.0278 0.2461 0.0750 0.1659 0.1753 0.0944 0.0701 
        D517  4 0.2782 0.0304 0.0864 0.0224 0.1873 0.2566 0.0623 0.0764 
        D518  4 0.0889 0.6625 0.0252 0.0562 0.0735 0.0364 0.0422 0.0151 
        D519  4 0.6760 0.0255 0.0313 0.0232 0.0740 0.0835 0.0310 0.0554 
        D560  4 0.6469 0.0407 0.0685 0.0144 0.0336 0.0798 0.0540 0.0621 
        D561  4 0.1513 0.0723 0.1061 0.0157 0.0666 0.4914 0.0485 0.0482 
        D562  4 0.1774 0.1849 0.0474 0.0803 0.0743 0.2779 0.0913 0.0664 
        D563  4 0.0453 0.1759 0.0292 0.0159 0.0863 0.1517 0.4128 0.0828 
        D572  4 0.0577 0.7430 0.0524 0.0285 0.0274 0.0446 0.0270 0.0194 
        D629  4 0.1354 0.1016 0.3408 0.0231 0.1297 0.1394 0.0235 0.1065 
        D630  4 0.5291 0.0963 0.0824 0.0464 0.0266 0.1177 0.0291 0.0723 
        D631  4 0.0474 0.6838 0.0210 0.0191 0.0213 0.0439 0.1175 0.0461 
        D632  4 0.0494 0.1746 0.0385 0.0217 0.4584 0.0578 0.1806 0.0189 
        D646  4 0.3040 0.0355 0.2637 0.0490 0.0896 0.1469 0.0767 0.0345 
        D647  4 0.2200 0.0677 0.4561 0.0154 0.0666 0.0878 0.0556 0.0309 
        D648  4 0.0869 0.6807 0.0121 0.1220 0.0164 0.0424 0.0257 0.0138 
        D649  4 0.0571 0.1803 0.3829 0.0232 0.2420 0.0541 0.0183 0.0421 
        D650  4 0.1787 0.1718 0.2329 0.0867 0.0869 0.0882 0.0329 0.1220 
        D708  4 0.0996 0.2584 0.0433 0.2395 0.0449 0.1419 0.0293 0.1432 
        D709  4 0.2787 0.1030 0.0404 0.0601 0.1307 0.2855 0.0361 0.0653 
        D738  4 0.1210 0.0286 0.0838 0.5702 0.0818 0.0608 0.0183 0.0357 
        D739  4 0.5366 0.0821 0.0233 0.0388 0.0818 0.1597 0.0302 0.0477 
        D740  4 0.0712 0.0654 0.0242 0.1016 0.1855 0.2453 0.0780 0.2288 
        D741  4 0.5459 0.0415 0.1121 0.0215 0.0293 0.1544 0.0691 0.0262 
        D742  4 0.1003 0.0877 0.0341 0.0827 0.0442 0.1442 0.3861 0.1207 
        D743  4 0.0276 0.4357 0.3507 0.0235 0.0209 0.0487 0.0388 0.0541 
        D744  4 0.0239 0.8043 0.0253 0.0148 0.0196 0.0376 0.0372 0.0373 
        D745  4 0.7173 0.0253 0.0237 0.0196 0.0792 0.0798 0.0154 0.0397 
        D814  4 0.1110 0.0900 0.0515 0.0211 0.0252 0.1711 0.4763 0.0537 
        D815  4 0.1000 0.4685 0.1345 0.0413 0.0616 0.0897 0.0349 0.0696 
        D828  4 0.2790 0.1752 0.0119 0.2183 0.0298 0.0697 0.1013 0.1148 
        D845  4 0.0121 0.0205 0.0174 0.0288 0.0106 0.0177 0.0288 0.8640 
        D846  4 0.0672 0.4037 0.1782 0.0099 0.0321 0.1134 0.1582 0.0372 
        D847  4 0.3947 0.0592 0.0971 0.0680 0.0758 0.0856 0.0616 0.1580 
        D848  4 0.0392 0.0411 0.0162 0.0221 0.5357 0.1063 0.0926 0.1469 
        D849  4 0.6120 0.0520 0.0331 0.0169 0.0903 0.1477 0.0266 0.0213 
        D850  4 0.0653 0.0733 0.2202 0.0833 0.0601 0.2980 0.0501 0.1495 
        D856  4 0.3287 0.0589 0.0720 0.0397 0.1016 0.3222 0.0250 0.0519 
        D857  4 0.0765 0.0348 0.0091 0.0501 0.6566 0.0416 0.1134 0.0179 
        D859  4 0.0852 0.5958 0.0868 0.0246 0.0169 0.0617 0.0418 0.0873 
        D860  4 0.0193 0.0737 0.1024 0.4486 0.0418 0.0579 0.0788 0.1776 
        D883  4 0.2556 0.0778 0.2349 0.1081 0.1139 0.0865 0.0520 0.0712 
        D884  4 0.5220 0.0770 0.0800 0.1077 0.0690 0.0953 0.0208 0.0284 
        D885  4 0.0898 0.0815 0.1394 0.0288 0.0703 0.2544 0.0770 0.2588 
        D886  4 0.3416 0.0794 0.1524 0.0373 0.1632 0.1078 0.0721 0.0462 
        D887  4 0.0951 0.1475 0.0991 0.0570 0.0629 0.1196 0.1604 0.2585 
        D889  4 0.1448 0.0504 0.0237 0.0161 0.0100 0.0516 0.0098 0.6936 
        D890  4 0.0804 0.1643 0.0568 0.2103 0.1858 0.1430 0.0861 0.0733 
        D891  4 0.0090 0.0097 0.0119 0.0089 0.0079 0.0155 0.0099 0.9273 
        D899  4 0.0386 0.1021 0.0225 0.0923 0.0246 0.0686 0.4955 0.1558 
        D900  4 0.2188 0.1621 0.1253 0.0783 0.0563 0.1676 0.1038 0.0877 
        D970  4 0.0533 0.3866 0.1531 0.0470 0.0608 0.1242 0.0568 0.1181 
        D971  4 0.0366 0.1810 0.0638 0.0744 0.0769 0.0680 0.4738 0.0255 
        D979  4 0.0308 0.4870 0.2876 0.0336 0.0145 0.0818 0.0300 0.0346 
        D093  5 0.0734 0.0217 0.0447 0.6804 0.0280 0.0379 0.0280 0.0860 
        D154  5 0.2844 0.0500 0.0389 0.0477 0.0234 0.2199 0.1743 0.1614 
        D168  5 0.0966 0.0434 0.0784 0.0217 0.1018 0.1736 0.3548 0.1297 
        D189  5 0.2355 0.0391 0.0326 0.3617 0.0182 0.0736 0.0318 0.2075 
        D190  5 0.0280 0.0584 0.0263 0.7742 0.0281 0.0248 0.0237 0.0364 
     D237220  5 0.3394 0.0830 0.0275 0.0768 0.1016 0.0914 0.0226 0.2578 
     D237221  5 0.0600 0.0737 0.0645 0.2376 0.0518 0.0887 0.1052 0.3185 
     D237274  5 0.0445 0.2314 0.5010 0.0191 0.0389 0.0982 0.0506 0.0163 
     D237275  5 0.0737 0.0237 0.0209 0.0363 0.0276 0.0890 0.6417 0.0870 
     D237276  5 0.3898 0.0508 0.1333 0.1806 0.1041 0.0584 0.0376 0.0454 
     D237277  5 0.0254 0.0641 0.0256 0.4376 0.0347 0.0461 0.0726 0.2937 
     D237278  5 0.0533 0.0840 0.0375 0.1875 0.1490 0.0889 0.3599 0.0400 
     D237279  5 0.0403 0.0639 0.0601 0.0245 0.3521 0.3777 0.0245 0.0569 
     D237280  5 0.0262 0.0442 0.0983 0.0473 0.6493 0.0739 0.0173 0.0434 
     D237281  5 0.0368 0.0327 0.0822 0.0303 0.0225 0.1242 0.2671 0.4043 
     D237351  5 0.0419 0.0211 0.0263 0.0610 0.7463 0.0466 0.0208 0.0358 
     D237352  5 0.0971 0.3409 0.0786 0.0672 0.2068 0.0887 0.0917 0.0290 
     D237353  5 0.0176 0.0365 0.0211 0.7503 0.0355 0.0328 0.0159 0.0902 
     D237359  5 0.3509 0.0665 0.0333 0.0579 0.0427 0.1008 0.0281 0.3197 
     D237361  5 0.0230 0.0191 0.0221 0.7904 0.0330 0.0331 0.0138 0.0655 
     D237362  5 0.0762 0.0711 0.2555 0.1444 0.0734 0.1573 0.0683 0.1539 
     D237363  5 0.0647 0.0163 0.0457 0.0459 0.0212 0.6447 0.1013 0.0601 
     D237364  5 0.3185 0.1382 0.1083 0.0126 0.0539 0.1306 0.1408 0.0971 
     D237376  5 0.2218 0.3008 0.0128 0.3052 0.0186 0.0600 0.0451 0.0357 
     D237377  5 0.0189 0.0450 0.1784 0.1118 0.3852 0.1423 0.0531 0.0653 
     D237378  5 0.0863 0.1152 0.0215 0.4678 0.0237 0.0910 0.0863 0.1082 
     D237379  5 0.0873 0.3695 0.0264 0.2623 0.0234 0.1303 0.0417 0.0591 
     D237380  5 0.0464 0.0994 0.0219 0.0849 0.6584 0.0591 0.0128 0.0171 
     D237381  5 0.1017 0.1289 0.0307 0.0585 0.4668 0.0727 0.0990 0.0417 
     D237391  5 0.0286 0.0258 0.0300 0.6363 0.0304 0.0296 0.0168 0.2027 
     D237392  5 0.0341 0.0914 0.4162 0.0327 0.0586 0.1029 0.2338 0.0303 
     D237393  5 0.0331 0.0391 0.3514 0.2280 0.1548 0.0736 0.0636 0.0564 
     D237394  5 0.0174 0.0242 0.0235 0.8578 0.0221 0.0214 0.0109 0.0227 
     D237395  5 0.2262 0.0242 0.0379 0.2785 0.0769 0.1019 0.0714 0.1829 
     D237396  5 0.0191 0.0410 0.2969 0.1437 0.2042 0.1318 0.0620 0.1013 
     D244016  5 0.0321 0.2355 0.0246 0.2043 0.0263 0.2726 0.0751 0.1295 
     D244018  5 0.0361 0.0380 0.0879 0.2000 0.0762 0.1058 0.3464 0.1096 
     D244019  5 0.0626 0.1289 0.0995 0.0711 0.0326 0.3163 0.1334 0.1557 
        D279  5 0.0920 0.0628 0.0269 0.0489 0.0312 0.1016 0.0578 0.5789 
        D280  5 0.0703 0.0294 0.0889 0.1475 0.0792 0.2253 0.0861 0.2733 
        D281  5 0.0800 0.0258 0.0178 0.0728 0.0124 0.0989 0.0624 0.6300 
        D283  5 0.0298 0.0484 0.1285 0.4977 0.0294 0.0973 0.0402 0.1288 
        D284  5 0.5003 0.0459 0.0570 0.0342 0.0644 0.1459 0.0484 0.1039 
        D285  5 0.0479 0.0594 0.0500 0.2941 0.0342 0.0610 0.0230 0.4304 
        D286  5 0.3501 0.1363 0.0761 0.1420 0.0336 0.1352 0.0228 0.1040 
        D287  5 0.2775 0.2744 0.0205 0.2117 0.0382 0.0923 0.0423 0.0431 
        D288  5 0.0410 0.0232 0.1995 0.0916 0.0251 0.2457 0.0443 0.3297 
        D308  5 0.0237 0.0236 0.0575 0.0292 0.7869 0.0379 0.0195 0.0217 
        D309  5 0.0175 0.8339 0.0234 0.0191 0.0341 0.0402 0.0181 0.0137 
        D310  5 0.0221 0.0131 0.0192 0.6884 0.0103 0.1838 0.0128 0.0502 
        D311  5 0.1697 0.1859 0.1493 0.1497 0.0329 0.2040 0.0332 0.0752 
        D312  5 0.0753 0.3108 0.0798 0.1925 0.0724 0.1162 0.0433 0.1096 
        D313  5 0.0294 0.0089 0.0085 0.0217 0.8919 0.0170 0.0097 0.0129 
        D314  5 0.2472 0.0867 0.0317 0.0817 0.0662 0.1625 0.1005 0.2235 
        D315  5 0.0719 0.0460 0.2678 0.2560 0.0998 0.1368 0.0649 0.0569 
        D317  5 0.0303 0.0124 0.0469 0.8117 0.0177 0.0268 0.0137 0.0404 
        D318  5 0.1287 0.1562 0.1123 0.0587 0.0644 0.2410 0.1667 0.0720 
        D319  5 0.0231 0.0148 0.0215 0.8324 0.0249 0.0201 0.0161 0.0471 
        D320  5 0.0360 0.0530 0.0256 0.6381 0.0299 0.0563 0.0170 0.1441 
        D321  5 0.0184 0.0176 0.0739 0.0720 0.6154 0.0544 0.0115 0.1368 
        D336  5 0.0705 0.0832 0.0202 0.6971 0.0160 0.0727 0.0180 0.0224 
        D337  5 0.0142 0.0267 0.0236 0.8078 0.0114 0.0254 0.0221 0.0688 
        D338  5 0.1989 0.0562 0.1487 0.1586 0.0650 0.1270 0.0545 0.1911 
        D339  5 0.0289 0.0183 0.0360 0.6121 0.0479 0.1006 0.0393 0.1168 
        D347  5 0.1561 0.1271 0.1305 0.1177 0.0246 0.2047 0.1555 0.0839 
        D348  5 0.0113 0.0890 0.0174 0.7569 0.0210 0.0634 0.0194 0.0214 
        D349  5 0.0144 0.0202 0.0208 0.0443 0.8236 0.0227 0.0198 0.0342 
        D350  5 0.0226 0.8738 0.0167 0.0159 0.0190 0.0178 0.0211 0.0131 
        D355  5 0.0858 0.0838 0.1015 0.0342 0.0206 0.2454 0.1023 0.3264 
        D356  5 0.0772 0.0521 0.2408 0.2688 0.0842 0.1242 0.0294 0.1232 
        D357  5 0.1996 0.1005 0.0481 0.1330 0.0581 0.2811 0.0554 0.1243 
        D358  5 0.0392 0.1763 0.0398 0.3282 0.1344 0.1278 0.0740 0.0802 
        D359  5 0.0248 0.0786 0.1728 0.5316 0.0294 0.0808 0.0207 0.0615 
        D360  5 0.0846 0.0377 0.1164 0.4478 0.0663 0.0846 0.0244 0.1384 
        D361  5 0.0182 0.0140 0.0224 0.0252 0.8705 0.0178 0.0217 0.0102 
        D366  5 0.0159 0.0206 0.4375 0.0195 0.0231 0.0599 0.4046 0.0190 
        D367  5 0.0747 0.1011 0.0197 0.5412 0.0438 0.1369 0.0146 0.0680 
        D368  5 0.0558 0.0422 0.1124 0.2406 0.2810 0.1569 0.0290 0.0821 
        D380  5 0.0382 0.5193 0.0338 0.0274 0.0890 0.1337 0.0555 0.1032 
        D381  5 0.0168 0.0549 0.0362 0.5215 0.0528 0.1676 0.0293 0.1208 
        D400  5 0.1852 0.1174 0.0651 0.2003 0.0259 0.1059 0.0793 0.2209 
        D411  5 0.3851 0.0231 0.0211 0.0113 0.4164 0.0799 0.0481 0.0151 
        D412  5 0.0702 0.0426 0.0635 0.1108 0.1518 0.3060 0.1780 0.0772 
        D413  5 0.0506 0.0567 0.0808 0.0274 0.0240 0.0801 0.6410 0.0395 
        D414  5 0.0499 0.7354 0.0205 0.0157 0.0176 0.0467 0.0563 0.0580 
        D420  5 0.2565 0.0238 0.0183 0.0326 0.0641 0.1501 0.0183 0.4363 
        D431  5 0.1823 0.1750 0.0168 0.0514 0.0756 0.1629 0.0989 0.2369 
        D432  5 0.0392 0.0405 0.0555 0.3938 0.1286 0.1485 0.0812 0.1126 
        D433  5 0.0296 0.0235 0.0581 0.5946 0.0522 0.0482 0.0385 0.1554 
        D434  5 0.0546 0.0441 0.0697 0.5771 0.0480 0.1073 0.0259 0.0732 
        D440  5 0.0321 0.8581 0.0164 0.0184 0.0214 0.0206 0.0161 0.0170 
        D447  5 0.0745 0.1448 0.2512 0.0313 0.0514 0.2947 0.1175 0.0346 
        D448  5 0.1177 0.0645 0.0534 0.5456 0.0201 0.1163 0.0369 0.0455 
        D459  5 0.0346 0.0922 0.0874 0.0260 0.0154 0.1105 0.2877 0.3461 
        D460  5 0.0159 0.0270 0.0807 0.0603 0.7374 0.0279 0.0194 0.0313 
        D461  5 0.0209 0.8583 0.0440 0.0145 0.0136 0.0183 0.0114 0.0191 
        D468  5 0.1314 0.0482 0.2008 0.1918 0.0605 0.2325 0.0884 0.0464 
        D469  5 0.1043 0.0702 0.4805 0.0760 0.0729 0.0962 0.0337 0.0662 
        D470  5 0.5188 0.0890 0.0466 0.0975 0.0476 0.1331 0.0353 0.0321 
        D471  5 0.1163 0.0633 0.0696 0.5142 0.0125 0.0644 0.0378 0.1219 
        D472  5 0.0166 0.0167 0.7415 0.0167 0.0158 0.0353 0.0980 0.0594 
        D479  5 0.0243 0.1098 0.0253 0.0243 0.0231 0.0358 0.7386 0.0188 
        D485  5 0.2677 0.4148 0.0236 0.0841 0.0222 0.1064 0.0472 0.0338 
        D486  5 0.3225 0.0691 0.0987 0.1076 0.0864 0.2322 0.0576 0.0259 
        D487  5 0.0635 0.1331 0.0241 0.1325 0.0332 0.1236 0.0981 0.3920 
        D555  5 0.0169 0.0150 0.0201 0.7912 0.0220 0.0243 0.0661 0.0446 
        D556  5 0.0419 0.1878 0.0311 0.0509 0.0909 0.0746 0.0283 0.4947 
        D557  5 0.0151 0.0475 0.0285 0.7509 0.0403 0.0299 0.0420 0.0459 
        D564  5 0.0367 0.3596 0.0403 0.2473 0.1091 0.1243 0.0435 0.0392 
        D594  5 0.0584 0.1344 0.1302 0.1460 0.0471 0.3071 0.1483 0.0285 
        D595  5 0.0559 0.0597 0.1713 0.2663 0.0857 0.1345 0.1092 0.1174 
        D596  5 0.0167 0.0195 0.0181 0.8258 0.0275 0.0333 0.0303 0.0288 
        D597  5 0.0225 0.0994 0.0810 0.2289 0.0275 0.0610 0.1920 0.2877 
        D598  5 0.0678 0.0993 0.0745 0.3393 0.1568 0.1074 0.0676 0.0874 
        D617  5 0.2220 0.0277 0.0267 0.0134 0.2450 0.1240 0.3069 0.0343 
        D618  5 0.0498 0.0722 0.0559 0.3667 0.0521 0.0574 0.0570 0.2888 
        D619  5 0.0282 0.0351 0.1585 0.1290 0.3720 0.1814 0.0610 0.0349 
        D620  5 0.0233 0.0179 0.0600 0.0279 0.0171 0.0214 0.7832 0.0490 
        D628  5 0.0537 0.7244 0.0167 0.0494 0.0368 0.0607 0.0279 0.0305 
        D714  5 0.0483 0.3525 0.0175 0.1189 0.0236 0.1123 0.0314 0.2954 
        D715  5 0.0220 0.0405 0.0835 0.5039 0.0242 0.0447 0.0379 0.2432 
        D716  5 0.2278 0.1597 0.0751 0.1115 0.0193 0.2084 0.1191 0.0792 
        D717  5 0.0585 0.1084 0.2064 0.1415 0.1185 0.1228 0.0333 0.2105 
        D718  5 0.5454 0.0303 0.0182 0.1003 0.0316 0.1932 0.0288 0.0521 
        D769  5 0.3977 0.0514 0.0306 0.0245 0.1403 0.1638 0.1559 0.0358 
        D770  5 0.0516 0.3765 0.0353 0.0694 0.0201 0.1121 0.2477 0.0873 
        D771  5 0.1671 0.0614 0.0463 0.0704 0.0783 0.1548 0.2655 0.1562 
        D772  5 0.0337 0.6839 0.0210 0.0924 0.0285 0.0465 0.0157 0.0783 
        D782  5 0.0430 0.0248 0.0556 0.0287 0.1643 0.4276 0.0730 0.1830 
        D783  5 0.0383 0.3917 0.0148 0.0924 0.0223 0.1407 0.1792 0.1206 
        D784  5 0.0378 0.3015 0.1820 0.0841 0.0372 0.0993 0.0294 0.2287 
        D785  5 0.0310 0.1410 0.0293 0.5817 0.0939 0.0493 0.0215 0.0524 
        D786  5 0.1074 0.1643 0.1363 0.0244 0.3558 0.1031 0.0849 0.0239 
        D821  5 0.0103 0.0365 0.0097 0.8156 0.0127 0.0166 0.0125 0.0861 
        D822  5 0.0524 0.2216 0.1572 0.1519 0.0311 0.2368 0.0831 0.0659 
        D826  5 0.0510 0.0501 0.0611 0.2180 0.0361 0.0776 0.0902 0.4158 
        D827  5 0.1235 0.1066 0.3048 0.0360 0.0176 0.3060 0.0664 0.0390 
        D851  5 0.0597 0.0679 0.0881 0.1125 0.1567 0.3620 0.0606 0.0926 
        D852  5 0.0345 0.3007 0.0204 0.1062 0.0450 0.0542 0.0663 0.3726 
        D853  5 0.1785 0.0454 0.0625 0.2251 0.0487 0.1354 0.0360 0.2684 
        D854  5 0.2825 0.0765 0.1087 0.0175 0.0338 0.2464 0.0883 0.1464 
        D861  5 0.1271 0.0513 0.0638 0.1359 0.0845 0.2743 0.1416 0.1214 
        D862  5 0.0730 0.0845 0.2366 0.3389 0.0327 0.1594 0.0266 0.0483 
        D865  5 0.0332 0.0425 0.0274 0.5952 0.0777 0.0653 0.0733 0.0854 
        D868  5 0.0839 0.0216 0.6820 0.0472 0.0206 0.0398 0.0182 0.0866 
        D869  5 0.2262 0.0126 0.0424 0.0382 0.5482 0.0604 0.0541 0.0178 
        D870  5 0.0759 0.0237 0.0387 0.0140 0.0421 0.6561 0.0687 0.0808 
        D907  5 0.0541 0.0167 0.0258 0.6127 0.0913 0.1065 0.0300 0.0628 
        D908  5 0.0283 0.1565 0.0223 0.1131 0.0594 0.0485 0.1455 0.4265 
        D910  5 0.0661 0.0583 0.0767 0.3262 0.0224 0.1130 0.1213 0.2159 
        D911  5 0.0697 0.0357 0.0733 0.0311 0.0104 0.2140 0.0268 0.5391 
        D934  5 0.0506 0.3036 0.0365 0.0356 0.0215 0.1404 0.1361 0.2756 
        D946  5 0.1106 0.4223 0.0158 0.0357 0.0631 0.1191 0.0668 0.1666 
        D947  5 0.1382 0.2258 0.1135 0.0260 0.0398 0.1258 0.0263 0.3046 
