        D174  1 0.6315 0.0882 0.0383 0.0354 0.0888 0.1178 
        D199  1 0.2047 0.0632 0.0634 0.2794 0.3110 0.0784 
        D203  1 0.0983 0.1329 0.0825 0.2368 0.3260 0.1235 
        D204  1 0.0265 0.0309 0.0943 0.0319 0.7850 0.0314 
     D237366  1 0.0883 0.3174 0.2450 0.0621 0.1202 0.1671 
     D237367  1 0.0324 0.1127 0.0780 0.0473 0.4896 0.2400 
     D237368  1 0.1283 0.5409 0.0424 0.0689 0.1449 0.0747 
     D244101  1 0.0228 0.0340 0.2694 0.1871 0.4334 0.0533 
     D244102  1 0.1134 0.1899 0.3236 0.0868 0.1107 0.1756 
     D244103  1 0.0605 0.0879 0.0715 0.0449 0.1937 0.5416 
     D244104  1 0.1500 0.0544 0.0278 0.0582 0.6825 0.0271 
     D244105  1 0.0227 0.4093 0.0581 0.0318 0.2340 0.2440 
     D244106  1 0.6929 0.0348 0.0398 0.0793 0.0527 0.1006 
     D244107  1 0.0197 0.6125 0.0585 0.0816 0.1292 0.0985 
     D244108  1 0.4781 0.2179 0.0681 0.0391 0.1473 0.0495 
     D244113  1 0.6378 0.0407 0.1943 0.0399 0.0236 0.0637 
     D244114  1 0.1450 0.0593 0.2138 0.1236 0.1226 0.3357 
     D244115  1 0.4856 0.2291 0.0484 0.0251 0.1396 0.0723 
     D267365  1 0.3438 0.0611 0.0718 0.0657 0.3850 0.0726 
        D404  1 0.5323 0.0341 0.2692 0.0306 0.0308 0.1030 
        D405  1 0.1967 0.1098 0.2970 0.1084 0.1642 0.1240 
        D406  1 0.0301 0.8270 0.0386 0.0172 0.0639 0.0233 
        D407  1 0.0343 0.0664 0.0187 0.0619 0.6680 0.1506 
        D408  1 0.7035 0.0327 0.0493 0.0734 0.0549 0.0862 
        D409  1 0.0626 0.0486 0.0466 0.0519 0.1021 0.6883 
        D410  1 0.0347 0.7999 0.0345 0.0128 0.0857 0.0323 
        D421  1 0.0248 0.0121 0.0113 0.0186 0.9176 0.0155 
        D422  1 0.0153 0.8549 0.0169 0.0271 0.0442 0.0416 
        D423  1 0.0188 0.8258 0.0160 0.0305 0.0730 0.0360 
        D424  1 0.0584 0.0712 0.0240 0.0170 0.7361 0.0933 
        D425  1 0.2039 0.0418 0.0441 0.0293 0.6232 0.0577 
        D426  1 0.0347 0.0460 0.0267 0.1712 0.0872 0.6342 
        D427  1 0.2348 0.0304 0.0206 0.4992 0.1796 0.0354 
        D428  1 0.2364 0.0981 0.1011 0.0544 0.4151 0.0950 
        D429  1 0.3388 0.0599 0.0849 0.0506 0.3670 0.0987 
        D430  1 0.2262 0.0564 0.0514 0.1274 0.1070 0.4317 
        D491  1 0.8327 0.0206 0.0307 0.0174 0.0651 0.0336 
        D492  1 0.2313 0.1878 0.1018 0.0578 0.3171 0.1043 
        D537  1 0.0284 0.0677 0.0625 0.0178 0.7710 0.0525 
        D538  1 0.1651 0.2760 0.0878 0.0633 0.0617 0.3461 
        D539  1 0.2765 0.1321 0.2203 0.1767 0.0628 0.1316 
        D540  1 0.0857 0.0825 0.0468 0.0450 0.3739 0.3661 
        D541  1 0.0208 0.0252 0.0154 0.0215 0.8981 0.0190 
        D551  1 0.0583 0.0719 0.0618 0.4687 0.1400 0.1993 
        D552  1 0.2751 0.3363 0.0649 0.0497 0.2148 0.0594 
        D553  1 0.0205 0.0228 0.0175 0.0222 0.8915 0.0256 
        D615  1 0.1223 0.1763 0.0440 0.1276 0.3893 0.1406 
        D616  1 0.1009 0.2686 0.0282 0.1704 0.2629 0.1690 
        D621  1 0.0747 0.6448 0.1993 0.0241 0.0263 0.0307 
        D622  1 0.0467 0.7594 0.0635 0.0246 0.0509 0.0549 
        D623  1 0.3327 0.0529 0.3629 0.1564 0.0429 0.0521 
        D624  1 0.8705 0.0209 0.0222 0.0199 0.0422 0.0243 
        D625  1 0.0937 0.1051 0.0463 0.0235 0.6228 0.1085 
        D626  1 0.4561 0.1930 0.0612 0.0552 0.1629 0.0716 
        D627  1 0.0445 0.0227 0.0210 0.0584 0.0879 0.7654 
        D690  1 0.0921 0.0938 0.0329 0.0136 0.7369 0.0308 
        D691  1 0.0431 0.7512 0.0350 0.0262 0.0998 0.0446 
        D710  1 0.2513 0.1389 0.1051 0.0507 0.3360 0.1180 
        D711  1 0.0540 0.0626 0.0831 0.0239 0.7240 0.0525 
        D712  1 0.7554 0.0508 0.0537 0.0414 0.0467 0.0521 
        D713  1 0.2296 0.1162 0.3090 0.0192 0.2128 0.1131 
        D746  1 0.0247 0.8445 0.0250 0.0200 0.0540 0.0319 
        D747  1 0.0272 0.0234 0.0244 0.0289 0.8754 0.0207 
        D748  1 0.0511 0.3081 0.0976 0.0234 0.3759 0.1439 
        D749  1 0.1075 0.6145 0.1095 0.0598 0.0354 0.0733 
        D750  1 0.6790 0.0994 0.0398 0.0240 0.1220 0.0359 
        D763  1 0.0344 0.0864 0.3228 0.2353 0.1886 0.1325 
        D764  1 0.2905 0.1568 0.0171 0.0242 0.4455 0.0658 
        D765  1 0.1725 0.5904 0.0279 0.0217 0.0590 0.1284 
        D766  1 0.0595 0.5388 0.0899 0.0198 0.2432 0.0488 
        D767  1 0.0388 0.1353 0.4657 0.0698 0.1591 0.1312 
        D768  1 0.0135 0.0234 0.0152 0.0207 0.9092 0.0181 
        D811  1 0.4724 0.0875 0.1112 0.0328 0.0564 0.2397 
        D816  1 0.0426 0.0219 0.0257 0.0150 0.8731 0.0216 
        D825  1 0.4418 0.1468 0.0484 0.0187 0.1625 0.1817 
        D866  1 0.3986 0.0535 0.0335 0.3761 0.0487 0.0896 
        D867  1 0.0280 0.7911 0.0750 0.0324 0.0323 0.0412 
        D871  1 0.0401 0.0225 0.0335 0.0195 0.0553 0.8292 
        D872  1 0.0444 0.2371 0.1329 0.0326 0.4795 0.0736 
        D873  1 0.0172 0.9169 0.0241 0.0152 0.0096 0.0170 
        D874  1 0.1346 0.0217 0.6336 0.0376 0.1310 0.0416 
        D875  1 0.0286 0.0668 0.0281 0.0145 0.0464 0.8156 
        D876  1 0.1162 0.0809 0.1006 0.0274 0.6099 0.0652 
        D877  1 0.3821 0.0289 0.3221 0.0310 0.0639 0.1720 
        D892  1 0.2070 0.1306 0.0882 0.0199 0.4256 0.1288 
        D893  1 0.0284 0.0611 0.0911 0.0618 0.6731 0.0845 
        D894  1 0.1199 0.0782 0.0433 0.0491 0.5242 0.1852 
        D915  1 0.0726 0.1144 0.0317 0.0310 0.6900 0.0603 
        D916  1 0.0251 0.0371 0.0140 0.0175 0.8796 0.0268 
        D917  1 0.3945 0.0408 0.1291 0.1385 0.1789 0.1182 
        D925  1 0.0892 0.7066 0.0197 0.0360 0.1146 0.0339 
        D926  1 0.1513 0.0662 0.0711 0.0259 0.5588 0.1266 
        D927  1 0.0746 0.0535 0.0698 0.3213 0.3615 0.1194 
        D928  1 0.8425 0.0191 0.0232 0.0201 0.0708 0.0243 
        D929  1 0.0772 0.0466 0.6453 0.0238 0.0513 0.1558 
        D936  1 0.0401 0.0319 0.2175 0.0877 0.5804 0.0424 
        D938  1 0.0199 0.8720 0.0400 0.0127 0.0349 0.0204 
        D956  1 0.7705 0.0392 0.0423 0.0319 0.0307 0.0855 
        D957  1 0.0527 0.4262 0.1448 0.0368 0.2609 0.0786 
        D958  1 0.1338 0.2820 0.1021 0.0191 0.4053 0.0576 
        D959  1 0.0272 0.0688 0.0158 0.0425 0.6758 0.1700 
        D960  1 0.0406 0.8505 0.0320 0.0179 0.0284 0.0307 
        D989  1 0.6556 0.0301 0.0465 0.1338 0.0874 0.0466 
        D990  1 0.0521 0.8099 0.0225 0.0425 0.0174 0.0556 
        D023  2 0.0245 0.8014 0.0190 0.0200 0.0997 0.0354 
        D130  2 0.0198 0.7136 0.0398 0.0301 0.1039 0.0928 
        D131  2 0.0494 0.0500 0.0659 0.0770 0.3957 0.3619 
        D163  2 0.0353 0.7925 0.0328 0.0196 0.0824 0.0373 
        D164  2 0.0128 0.5167 0.0175 0.4234 0.0178 0.0118 
        D165  2 0.0286 0.8295 0.0230 0.0362 0.0361 0.0465 
        D166  2 0.0265 0.0623 0.3217 0.0539 0.0621 0.4735 
        D167  2 0.0393 0.0237 0.0246 0.8641 0.0188 0.0295 
        D192  2 0.0200 0.0215 0.0235 0.9045 0.0134 0.0170 
        D193  2 0.4491 0.0693 0.2719 0.0509 0.0370 0.1217 
        D206  2 0.0419 0.1012 0.0832 0.1743 0.4202 0.1791 
        D207  2 0.0230 0.0231 0.0325 0.7715 0.0497 0.1002 
        D208  2 0.3653 0.0601 0.1269 0.2981 0.0744 0.0752 
        D209  2 0.0457 0.1219 0.3118 0.2863 0.0900 0.1443 
        D210  2 0.5123 0.0360 0.0410 0.2987 0.0736 0.0384 
     D229599  2 0.1378 0.1364 0.2501 0.0827 0.2782 0.1148 
     D229600  2 0.0272 0.5503 0.0409 0.2552 0.0383 0.0880 
     D237227  2 0.6030 0.2052 0.0322 0.0583 0.0399 0.0615 
     D237228  2 0.3671 0.4336 0.0273 0.0875 0.0226 0.0618 
     D237258  2 0.1201 0.2763 0.1162 0.2291 0.1045 0.1537 
     D237310  2 0.0516 0.4790 0.0928 0.0440 0.0166 0.3160 
     D237311  2 0.0459 0.6738 0.0332 0.1540 0.0242 0.0689 
     D237312  2 0.0814 0.2404 0.2263 0.0251 0.0458 0.3810 
     D237313  2 0.1260 0.1619 0.1292 0.0460 0.4277 0.1092 
     D237322  2 0.1182 0.0590 0.2853 0.1933 0.0619 0.2824 
     D237323  2 0.1768 0.6377 0.0489 0.0328 0.0167 0.0871 
     D237324  2 0.0225 0.4754 0.0391 0.2952 0.0644 0.1035 
     D237325  2 0.0985 0.4974 0.1557 0.0520 0.0669 0.1294 
     D237326  2 0.0765 0.7205 0.0395 0.0304 0.0955 0.0376 
     D237327  2 0.0621 0.0641 0.1267 0.4629 0.1154 0.1688 
     D237337  2 0.0752 0.7074 0.0450 0.0172 0.0529 0.1024 
     D237338  2 0.1635 0.3098 0.2089 0.1041 0.0729 0.1409 
     D237339  2 0.0301 0.0320 0.6071 0.1977 0.0693 0.0638 
     D237340  2 0.2534 0.3284 0.0996 0.1919 0.0348 0.0920 
     D237389  2 0.0475 0.6272 0.0837 0.0679 0.0290 0.1448 
     D237390  2 0.1606 0.3109 0.2087 0.0395 0.1073 0.1730 
     D244017  2 0.4077 0.0511 0.0613 0.2929 0.0419 0.1450 
     D244112  2 0.0318 0.0556 0.0358 0.7896 0.0180 0.0691 
     D244118  2 0.0283 0.4606 0.0425 0.4336 0.0140 0.0210 
     D244119  2 0.6632 0.0287 0.0168 0.2386 0.0254 0.0273 
     D244120  2 0.1163 0.0313 0.2014 0.5049 0.0177 0.1283 
     D244122  2 0.0738 0.0710 0.0765 0.6827 0.0402 0.0558 
        D291  2 0.0536 0.0587 0.0470 0.4167 0.1185 0.3054 
        D292  2 0.1228 0.0462 0.0795 0.4436 0.2636 0.0443 
        D293  2 0.0195 0.0148 0.0544 0.6742 0.1868 0.0504 
        D322  2 0.0275 0.0537 0.1231 0.5170 0.2078 0.0709 
        D323  2 0.0925 0.0489 0.2712 0.1205 0.2496 0.2174 
        D324  2 0.1279 0.1683 0.0398 0.2101 0.2432 0.2107 
        D325  2 0.0122 0.0142 0.0201 0.8675 0.0483 0.0378 
        D326  2 0.0309 0.0103 0.0167 0.0241 0.8945 0.0234 
        D340  2 0.0188 0.0228 0.0175 0.8927 0.0238 0.0243 
        D341  2 0.0472 0.0381 0.0608 0.7407 0.0484 0.0647 
        D342  2 0.0331 0.1591 0.0398 0.6247 0.0243 0.1189 
        D343  2 0.0096 0.0119 0.0136 0.9306 0.0207 0.0136 
        D344  2 0.0342 0.0385 0.5147 0.0388 0.2791 0.0948 
        D345  2 0.0665 0.2820 0.1646 0.0678 0.3407 0.0784 
        D346  2 0.6548 0.0387 0.0602 0.0839 0.0749 0.0874 
        D351  2 0.0327 0.0669 0.1134 0.0969 0.3772 0.3129 
        D352  2 0.0631 0.0458 0.6588 0.0596 0.0391 0.1336 
        D353  2 0.0239 0.0251 0.1659 0.0593 0.5368 0.1889 
        D354  2 0.0896 0.0647 0.6244 0.0146 0.1509 0.0558 
        D362  2 0.0519 0.0722 0.0314 0.0366 0.7670 0.0408 
        D363  2 0.0983 0.0457 0.0265 0.0387 0.7459 0.0449 
        D364  2 0.0696 0.0595 0.3143 0.0306 0.4818 0.0441 
        D365  2 0.0203 0.0146 0.0250 0.8839 0.0383 0.0179 
        D369  2 0.2320 0.0939 0.0349 0.2859 0.2570 0.0963 
        D374  2 0.7973 0.0259 0.1130 0.0184 0.0209 0.0245 
        D375  2 0.0233 0.0312 0.8183 0.0130 0.0486 0.0656 
        D376  2 0.7760 0.0378 0.1148 0.0247 0.0158 0.0309 
        D377  2 0.1685 0.1823 0.1918 0.0884 0.0771 0.2918 
        D378  2 0.0335 0.0649 0.1813 0.3001 0.3158 0.1044 
        D379  2 0.0311 0.0263 0.0530 0.0197 0.8319 0.0380 
        D384  2 0.0312 0.0174 0.0171 0.0199 0.9007 0.0136 
        D385  2 0.0406 0.0209 0.1371 0.7376 0.0278 0.0360 
        D386  2 0.0181 0.0465 0.4313 0.0626 0.3542 0.0872 
        D391  2 0.0182 0.0198 0.0858 0.7815 0.0590 0.0356 
        D392  2 0.0692 0.0860 0.0272 0.6821 0.0866 0.0488 
        D393  2 0.0307 0.0639 0.1582 0.1690 0.5008 0.0774 
        D394  2 0.0793 0.3155 0.2445 0.0849 0.1132 0.1626 
        D395  2 0.0272 0.0248 0.5908 0.2210 0.0291 0.1072 
        D401  2 0.0706 0.7976 0.0200 0.0293 0.0248 0.0578 
        D402  2 0.0209 0.0243 0.0468 0.8598 0.0225 0.0258 
        D403  2 0.0333 0.0859 0.1955 0.0439 0.4037 0.2377 
        D415  2 0.0233 0.0638 0.0394 0.0240 0.7525 0.0969 
        D435  2 0.0205 0.0569 0.0596 0.2354 0.5886 0.0390 
        D436  2 0.0672 0.0315 0.5172 0.0364 0.2753 0.0724 
        D438  2 0.0261 0.0149 0.0153 0.9008 0.0234 0.0195 
        D439  2 0.0356 0.1022 0.4540 0.0924 0.1503 0.1655 
        D449  2 0.0318 0.0390 0.0218 0.5633 0.2022 0.1418 
        D450  2 0.2454 0.0568 0.2676 0.0378 0.1131 0.2793 
        D456  2 0.0207 0.0148 0.0152 0.0146 0.9003 0.0345 
        D462  2 0.0160 0.0151 0.0769 0.8290 0.0352 0.0278 
        D463  2 0.0305 0.0145 0.0222 0.0134 0.8975 0.0218 
        D464  2 0.0510 0.0289 0.4706 0.0668 0.1930 0.1897 
        D465  2 0.0320 0.0629 0.0396 0.3411 0.3455 0.1789 
        D473  2 0.4957 0.1300 0.2028 0.0498 0.0385 0.0833 
        D474  2 0.0781 0.0784 0.0389 0.1609 0.5960 0.0478 
        D476  2 0.0177 0.4259 0.3697 0.0901 0.0485 0.0482 
        D477  2 0.1161 0.0699 0.2877 0.0399 0.3716 0.1147 
        D478  2 0.2199 0.1495 0.1650 0.0584 0.0779 0.3292 
        D480  2 0.1294 0.0364 0.2214 0.1690 0.3462 0.0976 
        D481  2 0.1750 0.1456 0.2178 0.0638 0.2835 0.1143 
        D482  2 0.1307 0.0696 0.5895 0.0903 0.0364 0.0835 
        D483  2 0.0659 0.0321 0.0241 0.8385 0.0193 0.0201 
        D484  2 0.0269 0.0181 0.8861 0.0257 0.0144 0.0288 
        D510  2 0.7843 0.0233 0.0598 0.0580 0.0257 0.0490 
        D511  2 0.0225 0.0576 0.5676 0.0956 0.1916 0.0650 
        D512  2 0.0225 0.5116 0.0462 0.1077 0.0378 0.2742 
        D513  2 0.0744 0.0500 0.0395 0.5487 0.1542 0.1332 
        D635  2 0.0619 0.3105 0.0257 0.0354 0.4370 0.1294 
        D636  2 0.0236 0.8828 0.0168 0.0175 0.0310 0.0284 
        D637  2 0.0869 0.0444 0.4686 0.2211 0.0454 0.1337 
        D658  2 0.1201 0.0933 0.3132 0.3959 0.0329 0.0446 
        D659  2 0.0428 0.0427 0.0408 0.0358 0.8031 0.0348 
        D677  2 0.0226 0.1227 0.0979 0.0913 0.5697 0.0958 
        D678  2 0.0295 0.0889 0.0992 0.6223 0.0357 0.1245 
        D679  2 0.0697 0.0396 0.0814 0.0862 0.6212 0.1019 
        D719  2 0.4425 0.0283 0.0542 0.2426 0.2044 0.0280 
        D720  2 0.0895 0.0464 0.0209 0.0383 0.7622 0.0427 
        D721  2 0.0498 0.7057 0.0499 0.0590 0.0688 0.0668 
        D722  2 0.6400 0.0769 0.1147 0.0772 0.0322 0.0589 
        D734  2 0.2533 0.0160 0.5342 0.1172 0.0363 0.0430 
        D735  2 0.1282 0.1420 0.0779 0.0890 0.3575 0.2053 
        D736  2 0.5484 0.0828 0.0655 0.1545 0.0874 0.0614 
        D737  2 0.0611 0.0995 0.3239 0.4500 0.0290 0.0365 
        D807  2 0.3423 0.0787 0.1309 0.1459 0.2226 0.0795 
        D808  2 0.0514 0.2417 0.0946 0.1783 0.1059 0.3281 
        D817  2 0.0824 0.0374 0.1365 0.0271 0.6147 0.1019 
        D818  2 0.0297 0.0435 0.0989 0.3705 0.1010 0.3564 
        D819  2 0.0857 0.1748 0.0689 0.0439 0.3055 0.3212 
        D820  2 0.0280 0.0208 0.0838 0.0458 0.7844 0.0372 
        D895  2 0.0448 0.1456 0.0857 0.0386 0.5913 0.0940 
        D896  2 0.0526 0.8478 0.0254 0.0175 0.0269 0.0298 
        D897  2 0.0336 0.0483 0.0759 0.6712 0.0360 0.1350 
        D898  2 0.1601 0.1076 0.1419 0.0681 0.0975 0.4248 
        D918  2 0.0701 0.1727 0.2178 0.1403 0.0499 0.3493 
        D919  2 0.0283 0.0289 0.4087 0.1848 0.2338 0.1155 
        D920  2 0.0524 0.7937 0.0465 0.0250 0.0314 0.0511 
        D923  2 0.0342 0.0211 0.0888 0.0354 0.7555 0.0649 
        D930  2 0.1748 0.0672 0.2066 0.0557 0.2609 0.2348 
        D931  2 0.0710 0.0612 0.2717 0.1537 0.3596 0.0828 
        D968  2 0.0140 0.0147 0.0186 0.9036 0.0320 0.0172 
        D969  2 0.0808 0.0455 0.0677 0.3852 0.3156 0.1053 
        D977  2 0.0253 0.0254 0.0442 0.7603 0.0549 0.0899 
        D978  2 0.0321 0.0184 0.0714 0.2735 0.0445 0.5600 
        D211  3 0.0339 0.1913 0.0972 0.0468 0.1247 0.5062 
     D229639  3 0.1626 0.0502 0.0402 0.6095 0.1004 0.0371 
     D237212  3 0.0483 0.0921 0.3056 0.2033 0.1379 0.2129 
     D237213  3 0.0319 0.1929 0.2118 0.0554 0.1559 0.3521 
     D237214  3 0.0578 0.3360 0.0273 0.0244 0.0626 0.4918 
     D237215  3 0.1164 0.0282 0.0376 0.7614 0.0184 0.0381 
     D237216  3 0.0432 0.0643 0.1082 0.0446 0.0892 0.6504 
     D237217  3 0.0229 0.2838 0.0407 0.0814 0.3413 0.2298 
     D237218  3 0.0649 0.0626 0.3300 0.1524 0.1365 0.2536 
     D237219  3 0.2176 0.4049 0.0687 0.0857 0.0934 0.1296 
     D237382  3 0.1448 0.1076 0.1372 0.0497 0.1535 0.4072 
     D244127  3 0.0342 0.6113 0.0624 0.1309 0.0407 0.1205 
     D244129  3 0.0691 0.2310 0.1146 0.1425 0.1938 0.2491 
     D244133  3 0.2478 0.1099 0.0268 0.1915 0.1640 0.2601 
     D244134  3 0.4635 0.1453 0.0434 0.2402 0.0589 0.0487 
     D244135  3 0.0233 0.5953 0.0427 0.0657 0.1002 0.1728 
     D244136  3 0.3432 0.0662 0.0466 0.1179 0.3034 0.1227 
        D416  3 0.0518 0.1311 0.0917 0.2033 0.2766 0.2454 
        D417  3 0.0296 0.0514 0.0524 0.0217 0.7685 0.0764 
        D419  3 0.1272 0.2146 0.0921 0.1907 0.2568 0.1187 
        D565  3 0.8775 0.0215 0.0152 0.0259 0.0359 0.0239 
        D566  3 0.4954 0.0428 0.0263 0.3281 0.0581 0.0493 
        D567  3 0.0301 0.1115 0.0588 0.0327 0.7186 0.0483 
        D568  3 0.0246 0.2081 0.2173 0.1415 0.3240 0.0845 
        D569  3 0.0425 0.0680 0.6369 0.0745 0.0317 0.1464 
        D573  3 0.0273 0.0293 0.0326 0.7286 0.1392 0.0430 
        D574  3 0.6096 0.0587 0.0438 0.0612 0.0393 0.1874 
        D575  3 0.2523 0.2021 0.0529 0.1070 0.2306 0.1551 
        D576  3 0.0375 0.0212 0.0310 0.8299 0.0100 0.0704 
        D577  3 0.0621 0.0659 0.0732 0.0355 0.6099 0.1535 
        D578  3 0.0177 0.5248 0.0227 0.0246 0.0215 0.3888 
        D579  3 0.2676 0.1050 0.1431 0.1622 0.2285 0.0937 
        D660  3 0.0244 0.1289 0.1349 0.4145 0.0280 0.2692 
        D661  3 0.0235 0.0561 0.1547 0.5680 0.0513 0.1464 
        D663  3 0.0316 0.0205 0.0461 0.7225 0.0616 0.1177 
        D664  3 0.1609 0.2863 0.0759 0.2087 0.0352 0.2330 
        D665  3 0.0136 0.1243 0.1348 0.0445 0.0232 0.6595 
        D666  3 0.2490 0.2692 0.0886 0.0461 0.2006 0.1465 
        D009  4 0.0426 0.2493 0.2979 0.0193 0.1518 0.2390 
        D057  4 0.0319 0.2309 0.4946 0.1674 0.0501 0.0251 
        D109  4 0.0881 0.5100 0.0444 0.0273 0.0596 0.2707 
     D237222  4 0.1344 0.5848 0.0627 0.0426 0.0542 0.1214 
     D237223  4 0.1356 0.3020 0.1350 0.1219 0.0845 0.2210 
     D237224  4 0.0632 0.0501 0.3185 0.2810 0.2004 0.0867 
     D237225  4 0.0594 0.1620 0.1758 0.0434 0.2626 0.2969 
     D237299  4 0.0411 0.0390 0.0534 0.0341 0.0171 0.8154 
     D237300  4 0.0628 0.0304 0.0412 0.8038 0.0227 0.0391 
     D237306  4 0.6392 0.0841 0.0672 0.0339 0.1141 0.0615 
     D237307  4 0.2758 0.0450 0.0484 0.0692 0.4238 0.1378 
     D237308  4 0.0780 0.1852 0.2571 0.3699 0.0721 0.0377 
     D237309  4 0.0425 0.2354 0.1758 0.0615 0.3021 0.1828 
     D237317  4 0.5612 0.0528 0.0553 0.0369 0.2269 0.0669 
     D237318  4 0.0234 0.0161 0.0225 0.8726 0.0233 0.0421 
     D237319  4 0.0554 0.2220 0.1037 0.0551 0.2130 0.3508 
     D237320  4 0.0618 0.2827 0.0750 0.2502 0.1760 0.1543 
     D237321  4 0.0820 0.0647 0.0505 0.6817 0.0668 0.0543 
     D237397  4 0.2956 0.1632 0.0983 0.2249 0.0999 0.1181 
     D237398  4 0.0331 0.0422 0.0649 0.5349 0.1071 0.2177 
     D237399  4 0.2885 0.1028 0.1189 0.1365 0.1739 0.1794 
     D244001  4 0.0374 0.5716 0.1505 0.0850 0.0879 0.0675 
        D289  4 0.3327 0.0481 0.2692 0.1592 0.0980 0.0929 
        D290  4 0.0352 0.0496 0.2797 0.0646 0.1478 0.4230 
        D294  4 0.0689 0.0306 0.4509 0.0494 0.0903 0.3099 
        D295  4 0.0763 0.0735 0.1575 0.0312 0.5528 0.1087 
        D301  4 0.0556 0.7435 0.0676 0.0647 0.0290 0.0396 
        D302  4 0.0184 0.0373 0.7353 0.0148 0.1440 0.0501 
        D303  4 0.6502 0.0536 0.1440 0.0626 0.0404 0.0491 
        D304  4 0.1097 0.0359 0.1926 0.1283 0.1386 0.3949 
        D305  4 0.0151 0.0666 0.6497 0.1091 0.0427 0.1169 
        D306  4 0.0618 0.0509 0.1658 0.0312 0.1023 0.5879 
        D307  4 0.0632 0.7699 0.0667 0.0371 0.0221 0.0410 
        D327  4 0.0735 0.0280 0.0545 0.0529 0.7064 0.0847 
        D328  4 0.1780 0.0539 0.6200 0.0345 0.0416 0.0720 
        D329  4 0.0551 0.1357 0.4588 0.1414 0.1099 0.0991 
        D330  4 0.0243 0.1277 0.1289 0.0422 0.4353 0.2415 
        D331  4 0.1509 0.1098 0.1220 0.1017 0.2342 0.2814 
        D333  4 0.1706 0.1251 0.4239 0.1033 0.0822 0.0950 
        D334  4 0.5790 0.0621 0.1028 0.0348 0.0903 0.1310 
        D335  4 0.0315 0.0297 0.4770 0.0382 0.3891 0.0346 
        D370  4 0.2629 0.2524 0.2633 0.0506 0.0804 0.0903 
        D371  4 0.7940 0.0213 0.0377 0.0321 0.0795 0.0354 
        D372  4 0.0517 0.0269 0.0862 0.5759 0.0191 0.2402 
        D373  4 0.0321 0.6805 0.1097 0.0960 0.0383 0.0434 
        D455  4 0.0333 0.7450 0.0840 0.0554 0.0415 0.0407 
        D490  4 0.0279 0.8177 0.0622 0.0155 0.0312 0.0454 
        D497  4 0.0359 0.7525 0.0806 0.0362 0.0272 0.0676 
        D498  4 0.2141 0.1291 0.1232 0.1105 0.1247 0.2985 
        D499  4 0.1801 0.0455 0.1743 0.3073 0.0316 0.2612 
        D514  4 0.0295 0.0589 0.2310 0.0450 0.3982 0.2374 
        D515  4 0.0546 0.2061 0.1622 0.0430 0.0907 0.4435 
        D516  4 0.1204 0.2311 0.0663 0.1450 0.3113 0.1259 
        D517  4 0.0274 0.6364 0.0502 0.0841 0.1077 0.0942 
        D518  4 0.0571 0.1972 0.6165 0.0346 0.0541 0.0405 
        D519  4 0.0436 0.2694 0.0886 0.0931 0.1326 0.3727 
        D560  4 0.0261 0.1334 0.2248 0.1364 0.1429 0.3365 
        D561  4 0.0185 0.0965 0.0720 0.0523 0.1076 0.6532 
        D562  4 0.1083 0.1262 0.2043 0.0941 0.0668 0.4002 
        D563  4 0.0236 0.1183 0.2367 0.4194 0.0608 0.1412 
        D572  4 0.0286 0.0350 0.7733 0.0312 0.0747 0.0571 
        D629  4 0.0525 0.1739 0.1204 0.0529 0.3952 0.2052 
        D630  4 0.0903 0.0869 0.2477 0.0741 0.2066 0.2944 
        D631  4 0.0281 0.0342 0.7883 0.0821 0.0311 0.0362 
        D632  4 0.0251 0.6457 0.1413 0.0954 0.0605 0.0321 
        D646  4 0.0411 0.2952 0.0755 0.0754 0.4412 0.0716 
        D647  4 0.0185 0.1178 0.1012 0.0513 0.6218 0.0893 
        D648  4 0.0929 0.0271 0.7765 0.0226 0.0264 0.0545 
        D649  4 0.0285 0.2658 0.1894 0.0216 0.4213 0.0734 
        D650  4 0.1357 0.1142 0.2035 0.0512 0.2926 0.2027 
        D708  4 0.3500 0.0545 0.3666 0.0381 0.0551 0.1357 
        D709  4 0.0831 0.1049 0.2839 0.0506 0.1029 0.3746 
        D738  4 0.6197 0.1526 0.0496 0.0251 0.1114 0.0415 
        D739  4 0.0415 0.1553 0.2959 0.0449 0.0518 0.4107 
        D740  4 0.1915 0.1681 0.1447 0.0857 0.0364 0.3736 
        D741  4 0.0308 0.0977 0.1044 0.1975 0.2974 0.2723 
        D742  4 0.1127 0.0507 0.1597 0.4753 0.0459 0.1558 
        D743  4 0.0329 0.0265 0.3302 0.0525 0.5065 0.0514 
        D744  4 0.0299 0.0450 0.7097 0.0592 0.0718 0.0845 
        D745  4 0.0357 0.2684 0.1122 0.0388 0.0601 0.4849 
        D814  4 0.0272 0.0594 0.1605 0.4111 0.1067 0.2352 
        D815  4 0.0389 0.0563 0.5677 0.0388 0.2273 0.0709 
        D828  4 0.2506 0.0404 0.3923 0.0996 0.0206 0.1964 
        D845  4 0.1055 0.0161 0.0334 0.7876 0.0312 0.0261 
        D846  4 0.0165 0.0567 0.4602 0.1216 0.2415 0.1034 
        D847  4 0.1324 0.1069 0.1082 0.1077 0.1432 0.4016 
        D848  4 0.0324 0.6722 0.0583 0.1647 0.0181 0.0543 
        D849  4 0.0275 0.2282 0.1385 0.0358 0.0815 0.4886 
        D850  4 0.1060 0.1558 0.0622 0.1878 0.2828 0.2054 
        D856  4 0.0549 0.0979 0.1326 0.0324 0.0841 0.5981 
        D857  4 0.0409 0.8044 0.0492 0.0444 0.0147 0.0462 
        D859  4 0.0438 0.0343 0.6976 0.0608 0.1126 0.0509 
        D860  4 0.4992 0.0456 0.0645 0.2417 0.1122 0.0368 
        D883  4 0.1472 0.1840 0.1804 0.0606 0.3305 0.0973 
        D884  4 0.1520 0.1899 0.2545 0.0393 0.2119 0.1523 
        D885  4 0.0458 0.0688 0.2130 0.1069 0.2056 0.3599 
        D886  4 0.0363 0.2577 0.1826 0.0778 0.2290 0.2167 
        D887  4 0.0938 0.0693 0.2574 0.2702 0.1381 0.1713 
        D889  4 0.0335 0.0223 0.2847 0.2169 0.0853 0.3573 
        D890  4 0.2341 0.1716 0.2844 0.0764 0.1052 0.1284 
        D891  4 0.0218 0.0118 0.0157 0.9104 0.0187 0.0215 
        D899  4 0.1227 0.0320 0.1505 0.5850 0.0469 0.0629 
        D900  4 0.1143 0.0917 0.1905 0.0775 0.2027 0.3234 
        D970  4 0.0802 0.0733 0.4393 0.0902 0.1836 0.1334 
        D971  4 0.0630 0.0731 0.1789 0.4509 0.1155 0.1186 
        D979  4 0.0340 0.0182 0.3576 0.0361 0.5010 0.0531 
        D093  5 0.7733 0.0377 0.0505 0.0424 0.0479 0.0482 
        D154  5 0.0979 0.0336 0.1369 0.3829 0.0501 0.2986 
        D168  5 0.0287 0.1475 0.1046 0.2735 0.1878 0.2579 
        D189  5 0.4862 0.0422 0.0957 0.1365 0.0532 0.1862 
        D190  5 0.7996 0.0323 0.0665 0.0364 0.0326 0.0325 
     D237220  5 0.1239 0.2051 0.2480 0.0391 0.0498 0.3342 
     D237221  5 0.4149 0.0648 0.1270 0.1942 0.1083 0.0908 
     D237274  5 0.0200 0.0426 0.0968 0.0343 0.7737 0.0327 
     D237275  5 0.0354 0.0383 0.0405 0.7121 0.0243 0.1493 
     D237276  5 0.2738 0.1766 0.1249 0.0557 0.2241 0.1449 
     D237277  5 0.5950 0.0423 0.1128 0.1528 0.0384 0.0588 
     D237278  5 0.2974 0.1665 0.0918 0.2860 0.0488 0.1095 
     D237279  5 0.0302 0.4975 0.0679 0.0576 0.0497 0.2970 
     D237280  5 0.0923 0.4184 0.1004 0.0253 0.2738 0.0898 
     D237281  5 0.0294 0.0188 0.0199 0.8529 0.0426 0.0364 
     D237351  5 0.1066 0.7012 0.0404 0.0255 0.0498 0.0765 
     D237352  5 0.0702 0.3847 0.2450 0.0681 0.1697 0.0623 
     D237353  5 0.8605 0.0260 0.0429 0.0231 0.0263 0.0212 
     D237359  5 0.0726 0.0992 0.2135 0.0708 0.0693 0.4746 
     D237361  5 0.8876 0.0232 0.0194 0.0171 0.0262 0.0265 
     D237362  5 0.2338 0.0676 0.0966 0.0915 0.3717 0.1387 
     D237363  5 0.1056 0.0469 0.0447 0.1460 0.0792 0.5776 
     D237364  5 0.0242 0.1135 0.3115 0.1559 0.1483 0.2465 
     D237376  5 0.3024 0.0308 0.4419 0.0648 0.0198 0.1402 
     D237377  5 0.1413 0.3714 0.0562 0.0528 0.3168 0.0614 
     D237378  5 0.5262 0.0373 0.2317 0.1164 0.0341 0.0544 
     D237379  5 0.3135 0.0324 0.4125 0.0344 0.0383 0.1689 
     D237380  5 0.0693 0.7017 0.1363 0.0149 0.0441 0.0335 
     D237381  5 0.0922 0.6198 0.1097 0.0480 0.0813 0.0490 
     D237391  5 0.8106 0.0317 0.0336 0.0350 0.0392 0.0500 
     D237392  5 0.0411 0.0816 0.0827 0.1116 0.6120 0.0711 
     D237393  5 0.3637 0.1161 0.0540 0.0735 0.3456 0.0473 
     D237394  5 0.8867 0.0267 0.0220 0.0139 0.0279 0.0228 
     D237395  5 0.4106 0.0927 0.0523 0.0882 0.0459 0.3103 
     D237396  5 0.2347 0.2061 0.0395 0.1012 0.3324 0.0861 
     D244016  5 0.3081 0.0380 0.1967 0.1269 0.0586 0.2718 
     D244018  5 0.2573 0.1263 0.0547 0.3609 0.1122 0.0886 
     D244019  5 0.0834 0.0396 0.1511 0.1199 0.3728 0.2332 
        D279  5 0.1022 0.0619 0.3114 0.1567 0.0781 0.2896 
        D280  5 0.3417 0.0732 0.0363 0.1905 0.1199 0.2383 
        D281  5 0.0966 0.0222 0.0426 0.6428 0.0302 0.1656 
        D283  5 0.5456 0.0372 0.0323 0.0855 0.2577 0.0418 
        D284  5 0.0343 0.1417 0.0796 0.0604 0.0644 0.6196 
        D285  5 0.5100 0.0503 0.1280 0.0563 0.0892 0.1662 
        D286  5 0.2432 0.0755 0.2806 0.0616 0.1299 0.2092 
        D287  5 0.2763 0.0537 0.4451 0.0378 0.0267 0.1604 
        D288  5 0.2469 0.0293 0.0356 0.2340 0.3621 0.0922 
        D308  5 0.0393 0.7604 0.0274 0.0243 0.1014 0.0471 
        D309  5 0.0265 0.0536 0.7978 0.0166 0.0570 0.0485 
        D310  5 0.8525 0.0165 0.0232 0.0212 0.0293 0.0573 
        D311  5 0.1650 0.0371 0.3299 0.0551 0.2665 0.1464 
        D312  5 0.2989 0.0866 0.2669 0.0573 0.1410 0.1493 
        D313  5 0.0323 0.9113 0.0128 0.0099 0.0151 0.0186 
        D314  5 0.1315 0.1052 0.2558 0.1285 0.0508 0.3282 
        D315  5 0.5062 0.0841 0.0654 0.0633 0.1838 0.0971 
        D317  5 0.8640 0.0177 0.0209 0.0217 0.0515 0.0242 
        D318  5 0.0981 0.0725 0.1819 0.1198 0.1298 0.3979 
        D319  5 0.8592 0.0205 0.0240 0.0294 0.0330 0.0339 
        D320  5 0.7329 0.0392 0.0852 0.0327 0.0378 0.0722 
        D321  5 0.1429 0.6161 0.0258 0.0692 0.0970 0.0490 
        D336  5 0.6522 0.0219 0.1717 0.0246 0.0455 0.0840 
        D337  5 0.8788 0.0142 0.0270 0.0381 0.0228 0.0192 
        D338  5 0.1646 0.0600 0.1075 0.0845 0.1790 0.4045 
        D339  5 0.7261 0.0480 0.0392 0.0723 0.0492 0.0652 
        D347  5 0.0968 0.0353 0.2868 0.1268 0.2893 0.1649 
        D348  5 0.7671 0.0217 0.1141 0.0275 0.0374 0.0322 
        D349  5 0.0709 0.8009 0.0350 0.0249 0.0332 0.0351 
        D350  5 0.0189 0.0169 0.8941 0.0214 0.0245 0.0241 
        D355  5 0.0470 0.0230 0.1107 0.3857 0.2209 0.2127 
        D356  5 0.3783 0.1147 0.0848 0.0474 0.2768 0.0980 
        D357  5 0.2274 0.0737 0.1808 0.0809 0.0747 0.3625 
        D358  5 0.5136 0.1079 0.1888 0.0590 0.0569 0.0738 
        D359  5 0.5144 0.0328 0.0663 0.0267 0.3270 0.0328 
        D360  5 0.6157 0.0724 0.0512 0.0311 0.1273 0.1024 
        D361  5 0.0333 0.8551 0.0226 0.0284 0.0344 0.0263 
        D366  5 0.0244 0.0347 0.0241 0.1909 0.6665 0.0594 
        D367  5 0.6533 0.0483 0.1420 0.0228 0.0305 0.1031 
        D368  5 0.3681 0.1731 0.0782 0.0393 0.1467 0.1946 
        D380  5 0.0503 0.1260 0.4283 0.0640 0.1471 0.1843 
        D381  5 0.6815 0.0478 0.0684 0.0506 0.0716 0.0802 
        D400  5 0.2422 0.0522 0.3075 0.1858 0.1252 0.0870 
        D411  5 0.0161 0.7025 0.0416 0.0266 0.0271 0.1861 
        D412  5 0.1672 0.1754 0.1124 0.2280 0.1161 0.2009 
        D413  5 0.0318 0.0438 0.0476 0.6614 0.0901 0.1253 
        D414  5 0.0254 0.0229 0.7219 0.1005 0.0425 0.0867 
        D420  5 0.0670 0.1019 0.0350 0.0917 0.0309 0.6736 
        D431  5 0.0816 0.0834 0.3982 0.1264 0.0222 0.2882 
        D432  5 0.5330 0.1818 0.0625 0.0926 0.0859 0.0443 
        D433  5 0.7085 0.0404 0.0497 0.0894 0.0668 0.0452 
        D434  5 0.6106 0.0765 0.0585 0.0419 0.1620 0.0504 
        D440  5 0.0279 0.0329 0.8563 0.0158 0.0302 0.0370 
        D447  5 0.0357 0.1238 0.1031 0.0674 0.4640 0.2060 
        D448  5 0.5633 0.0274 0.1656 0.0749 0.1068 0.0619 
        D459  5 0.0282 0.0183 0.0543 0.7514 0.1050 0.0429 
        D460  5 0.0893 0.7273 0.0267 0.0269 0.0992 0.0307 
        D461  5 0.0330 0.0203 0.8161 0.0203 0.0821 0.0281 
        D468  5 0.2314 0.0595 0.0476 0.0490 0.2677 0.3448 
        D469  5 0.1065 0.1059 0.1073 0.0429 0.5176 0.1198 
        D470  5 0.1256 0.1118 0.2554 0.0491 0.1376 0.3204 
        D471  5 0.6500 0.0164 0.1231 0.0649 0.0795 0.0660 
        D472  5 0.0212 0.0187 0.0197 0.1783 0.7391 0.0230 
        D479  5 0.0283 0.0399 0.1778 0.6555 0.0490 0.0494 
        D485  5 0.0716 0.0361 0.6351 0.0505 0.0430 0.1637 
        D486  5 0.1200 0.1205 0.1055 0.0428 0.1883 0.4229 
        D487  5 0.2917 0.0563 0.2959 0.2480 0.0358 0.0723 
        D555  5 0.8436 0.0241 0.0280 0.0541 0.0294 0.0208 
        D556  5 0.1789 0.0778 0.4485 0.1151 0.0527 0.1270 
        D557  5 0.8163 0.0279 0.0533 0.0393 0.0396 0.0236 
        D564  5 0.4595 0.1179 0.2646 0.0274 0.0519 0.0786 
        D594  5 0.1406 0.1058 0.1872 0.1019 0.3172 0.1473 
        D595  5 0.4435 0.0860 0.0884 0.1027 0.1824 0.0971 
        D596  5 0.8649 0.0240 0.0236 0.0354 0.0249 0.0272 
        D597  5 0.2907 0.0425 0.1009 0.3971 0.1186 0.0503 
        D598  5 0.3852 0.2128 0.1622 0.0773 0.1009 0.0615 
        D617  5 0.0209 0.4859 0.0588 0.1805 0.0512 0.2026 
        D618  5 0.5824 0.0645 0.1114 0.0853 0.0922 0.0642 
        D619  5 0.2119 0.3816 0.0600 0.0691 0.2418 0.0356 
        D620  5 0.0375 0.0284 0.0246 0.8457 0.0418 0.0220 
        D628  5 0.0569 0.1193 0.7022 0.0278 0.0347 0.0591 
        D714  5 0.2630 0.0315 0.3836 0.1980 0.0219 0.1020 
        D715  5 0.7446 0.0300 0.0330 0.0621 0.0986 0.0318 
        D716  5 0.0998 0.0300 0.3054 0.1806 0.1556 0.2286 
        D717  5 0.1987 0.1484 0.1526 0.0687 0.3119 0.1197 
        D718  5 0.1471 0.0693 0.1457 0.0604 0.0308 0.5465 
        D769  5 0.0367 0.4498 0.1286 0.1316 0.0687 0.1846 
        D770  5 0.1109 0.0435 0.4021 0.2529 0.0424 0.1482 
        D771  5 0.1265 0.1356 0.1827 0.2783 0.0496 0.2272 
        D772  5 0.1462 0.0498 0.6656 0.0369 0.0389 0.0625 
        D782  5 0.0598 0.2935 0.0334 0.2969 0.0672 0.2492 
        D783  5 0.1024 0.0293 0.4333 0.2968 0.0339 0.1044 
        D784  5 0.1320 0.0486 0.2875 0.0632 0.3394 0.1293 
        D785  5 0.6544 0.0844 0.1317 0.0253 0.0552 0.0490 
        D786  5 0.0307 0.4784 0.1659 0.0460 0.1878 0.0911 
        D821  5 0.9040 0.0151 0.0216 0.0143 0.0189 0.0260 
        D822  5 0.1670 0.0443 0.1251 0.0781 0.4078 0.1777 
        D826  5 0.4437 0.0470 0.1243 0.2034 0.0828 0.0987 
        D827  5 0.0493 0.0423 0.1024 0.0835 0.5705 0.1519 
        D851  5 0.2815 0.1281 0.1324 0.0808 0.0896 0.2875 
        D852  5 0.1805 0.0986 0.5067 0.1349 0.0313 0.0480 
        D853  5 0.3588 0.0743 0.1056 0.0754 0.1070 0.2790 
        D854  5 0.0281 0.0602 0.1468 0.1514 0.1878 0.4257 
        D861  5 0.2284 0.1032 0.1215 0.1905 0.0997 0.2568 
        D862  5 0.3174 0.0401 0.1041 0.0343 0.3487 0.1555 
        D865  5 0.7557 0.0468 0.0469 0.0735 0.0345 0.0426 
        D868  5 0.0958 0.0396 0.0443 0.0498 0.7088 0.0617 
        D869  5 0.0499 0.7498 0.0199 0.0352 0.0594 0.0857 
        D870  5 0.0178 0.0360 0.0290 0.0357 0.0737 0.8078 
        D907  5 0.7721 0.0424 0.0456 0.0324 0.0277 0.0798 
        D908  5 0.2059 0.0878 0.2901 0.3459 0.0259 0.0444 
        D910  5 0.4174 0.0305 0.0941 0.2704 0.1298 0.0578 
        D911  5 0.0488 0.0200 0.0658 0.5277 0.1617 0.1761 
        D934  5 0.0657 0.0314 0.4870 0.1958 0.0550 0.1650 
        D946  5 0.0550 0.0604 0.6040 0.1256 0.0250 0.1301 
        D947  5 0.0463 0.0522 0.3731 0.0707 0.1594 0.2983 
        D948  5 0.1612 0.7334 0.0196 0.0248 0.0345 0.0264 
        D949  5 0.0896 0.7633 0.0296 0.0216 0.0700 0.0258 
        D950  5 0.0754 0.0254 0.0618 0.5561 0.1567 0.1245 
        D951  5 0.0499 0.0943 0.1718 0.0391 0.3656 0.2794 
        D952  5 0.0945 0.0304 0.0430 0.0442 0.7536 0.0342 
        D953  5 0.7051 0.0571 0.0473 0.0427 0.1063 0.0415 
        D954  5 0.3538 0.0493 0.0506 0.0295 0.4193 0.0976 
        D961  5 0.1298 0.0511 0.4989 0.0606 0.0353 0.2243 
        D962  5 0.4071 0.0354 0.4417 0.0163 0.0405 0.0591 
        D963  5 0.2895 0.0382 0.2494 0.0645 0.2411 0.1173 
        D964  5 0.0693 0.0939 0.2917 0.0925 0.0478 0.4047 
        D965  5 0.0688 0.0581 0.5887 0.0933 0.0554 0.1357 
        D966  5 0.2502 0.0437 0.2722 0.1573 0.2224 0.0542 
        D967  5 0.3417 0.1363 0.0633 0.2817 0.0469 0.1301 
        D991  5 0.1167 0.1617 0.5254 0.0303 0.0723 0.0936 
        D502  6 0.0119 0.0860 0.1720 0.0921 0.0261 0.6120 
        D503  6 0.0681 0.2456 0.0440 0.4019 0.0306 0.2098 
        D504  6 0.1219 0.1188 0.1909 0.0923 0.3622 0.1139 
        D505  6 0.3560 0.0790 0.1601 0.1476 0.0999 0.1574 
        D506  6 0.8822 0.0237 0.0172 0.0140 0.0240 0.0389 
        D507  6 0.0385 0.0885 0.6202 0.0823 0.0425 0.1281 
        D508  6 0.0426 0.0522 0.2332 0.1037 0.2077 0.3605 
        D529  6 0.1538 0.1719 0.0908 0.0769 0.1706 0.3360 
        D530  6 0.1583 0.1575 0.2968 0.0721 0.0297 0.2857 
        D531  6 0.1345 0.0719 0.1912 0.0751 0.2766 0.2506 
        D532  6 0.2426 0.0505 0.1438 0.0685 0.3238 0.1709 
        D534  6 0.0249 0.7830 0.0534 0.0321 0.0512 0.0553 
        D535  6 0.4844 0.1416 0.0761 0.0360 0.1794 0.0826 
        D536  6 0.0211 0.1034 0.0590 0.6299 0.0360 0.1506 
        D554  6 0.2850 0.1137 0.2652 0.0470 0.0465 0.2425 
        D587  6 0.7343 0.0446 0.0438 0.0520 0.0745 0.0508 
        D588  6 0.5486 0.0789 0.0424 0.0547 0.1585 0.1169 
        D589  6 0.1577 0.0904 0.0984 0.2782 0.0484 0.3270 
        D590  6 0.0422 0.1081 0.0384 0.6891 0.0652 0.0570 
        D591  6 0.1799 0.1331 0.0663 0.2184 0.0887 0.3134 
        D592  6 0.0459 0.8295 0.0224 0.0263 0.0413 0.0346 
        D593  6 0.1486 0.0425 0.4550 0.0435 0.0218 0.2885 
        D682  6 0.8713 0.0224 0.0289 0.0218 0.0238 0.0319 
        D683  6 0.2791 0.0550 0.0391 0.0343 0.4016 0.1909 
        D684  6 0.0224 0.1994 0.0447 0.1470 0.0473 0.5392 
        D685  6 0.0322 0.0405 0.1083 0.0975 0.0181 0.7035 
        D686  6 0.5144 0.0739 0.1499 0.0386 0.0651 0.1581 
        D724  6 0.0287 0.1149 0.2669 0.1038 0.1773 0.3084 
        D725  6 0.0927 0.0652 0.4194 0.1735 0.0534 0.1958 
        D726  6 0.8103 0.0399 0.0494 0.0242 0.0320 0.0441 
        D727  6 0.1089 0.0490 0.0342 0.4661 0.2672 0.0746 
        D728  6 0.5678 0.0587 0.1150 0.0304 0.0739 0.1543 
        D729  6 0.0267 0.4117 0.0163 0.1568 0.2915 0.0970 
        D730  6 0.0405 0.1839 0.2799 0.1306 0.1555 0.2097 
        D731  6 0.7534 0.0204 0.0195 0.1663 0.0181 0.0222 
        D732  6 0.0373 0.0470 0.5143 0.0492 0.2479 0.1043 
        D733  6 0.0651 0.1142 0.6793 0.0398 0.0439 0.0578 
     D237251  7 0.0686 0.0508 0.3529 0.3679 0.0519 0.1079 
     D237252  7 0.0337 0.2512 0.1692 0.1649 0.0629 0.3181 
     D237253  7 0.1783 0.0482 0.0986 0.3072 0.0837 0.2839 
     D237254  7 0.0244 0.5512 0.0179 0.0429 0.0315 0.3321 
     D237255  7 0.0545 0.0209 0.0360 0.7851 0.0283 0.0752 
     D237256  7 0.0441 0.0229 0.1632 0.3702 0.0749 0.3247 
     D237257  7 0.0242 0.0806 0.0423 0.0548 0.0411 0.7569 
     D237282  7 0.0208 0.1376 0.1035 0.0882 0.5958 0.0541 
     D237283  7 0.0316 0.4941 0.0296 0.0362 0.0168 0.3917 
     D237284  7 0.0272 0.6538 0.0431 0.0408 0.0590 0.1761 
     D237285  7 0.1739 0.0441 0.2729 0.1402 0.0590 0.3099 
     D237286  7 0.2220 0.0855 0.2015 0.1134 0.1297 0.2480 
     D237287  7 0.0628 0.0510 0.0894 0.4282 0.1648 0.2038 
     D244006  7 0.0209 0.7265 0.0341 0.0279 0.0261 0.1646 
     D244007  7 0.0672 0.0545 0.0549 0.4506 0.1848 0.1881 
     D244008  7 0.0583 0.4029 0.0241 0.0312 0.0300 0.4535 
     D244009  7 0.0768 0.3138 0.3260 0.0215 0.1009 0.1610 
     D244010  7 0.0282 0.0592 0.0473 0.0546 0.0268 0.7839 
     D244011  7 0.1892 0.0837 0.3812 0.0704 0.0282 0.2473 
     D244012  7 0.0269 0.0634 0.1336 0.1135 0.0650 0.5976 
     D244013  7 0.1362 0.0627 0.3295 0.3144 0.0926 0.0646 
     D244014  7 0.0543 0.3076 0.3248 0.1114 0.0534 0.1485 
     D244015  7 0.0451 0.2773 0.0536 0.0785 0.1800 0.3655 
     D244125  7 0.3871 0.0670 0.1130 0.1683 0.1572 0.1074 
     D244126  7 0.0140 0.4699 0.0718 0.0187 0.0245 0.4011 
     D244130  7 0.0774 0.4441 0.1478 0.0900 0.0604 0.1804 
     D244131  7 0.3585 0.2170 0.1261 0.0772 0.1253 0.0959 
     D244132  7 0.1387 0.0523 0.5832 0.0268 0.1557 0.0433 
        D520  7 0.0839 0.1098 0.0422 0.0241 0.0465 0.6935 
        D521  7 0.0679 0.1077 0.2967 0.0796 0.1850 0.2631 
        D522  7 0.0808 0.6339 0.1131 0.0420 0.0881 0.0421 
        D523  7 0.0696 0.0586 0.1001 0.6111 0.0418 0.1188 
        D524  7 0.1902 0.0890 0.2193 0.3038 0.0777 0.1201 
        D525  7 0.0424 0.5515 0.0537 0.2288 0.0335 0.0901 
        D526  7 0.0213 0.5732 0.0240 0.0348 0.0764 0.2703 
        D527  7 0.0930 0.1011 0.3680 0.0448 0.1904 0.2027 
        D528  7 0.0129 0.0168 0.0146 0.0094 0.0202 0.9260 
        D558  7 0.0194 0.0696 0.8033 0.0394 0.0328 0.0354 
        D559  7 0.0159 0.0515 0.8050 0.0306 0.0489 0.0480 
        D640  7 0.2070 0.0583 0.4379 0.1042 0.1192 0.0734 
        D641  7 0.2475 0.1862 0.1894 0.1543 0.0264 0.1963 
        D642  7 0.0613 0.5988 0.0614 0.1249 0.0574 0.0961 
        D644  7 0.2625 0.2290 0.1922 0.0935 0.0934 0.1294 
        D645  7 0.1574 0.0950 0.1656 0.1893 0.1814 0.2113 
        D662  7 0.0954 0.6315 0.0322 0.0188 0.1863 0.0357 
        D687  7 0.0983 0.0576 0.3762 0.0679 0.0713 0.3286 
        D688  7 0.0304 0.1408 0.2645 0.1034 0.2933 0.1676 
        D689  7 0.3181 0.0864 0.0834 0.1132 0.2348 0.1641 
        D700  7 0.0179 0.0194 0.0206 0.0149 0.0213 0.9059 
        D797  7 0.1434 0.1080 0.2569 0.1087 0.2027 0.1803 
        D798  7 0.0457 0.6123 0.0778 0.0243 0.0778 0.1620 
        D799  7 0.0304 0.1663 0.2921 0.2667 0.0430 0.2016 
        D800  7 0.0324 0.1031 0.1124 0.0631 0.5196 0.1695 
        D132  8 0.0416 0.7567 0.0522 0.0197 0.0520 0.0778 
        D133  8 0.0159 0.0371 0.0267 0.8565 0.0177 0.0460 
        D200  8 0.0220 0.0386 0.3068 0.0642 0.0428 0.5256 
        D500  8 0.0298 0.8618 0.0304 0.0149 0.0347 0.0283 
        D614  8 0.4161 0.0975 0.1895 0.0337 0.0830 0.1803 
        D723  8 0.0354 0.1902 0.0724 0.1018 0.5211 0.0791 
        D888  8 0.0441 0.0299 0.0659 0.7384 0.0396 0.0820 
        D901  8 0.0475 0.0582 0.1211 0.0274 0.0157 0.7301 
        D902  8 0.6273 0.0542 0.1709 0.0354 0.0295 0.0827 
        D903  8 0.0828 0.0338 0.2760 0.0463 0.4482 0.1130 
        D904  8 0.0686 0.0968 0.4342 0.0442 0.2103 0.1459 
        D905  8 0.1706 0.0218 0.0956 0.6196 0.0187 0.0736 
        D906  8 0.0399 0.0674 0.1290 0.5091 0.0813 0.1733 
        D937  8 0.8499 0.0246 0.0490 0.0231 0.0144 0.0390 
        D943  8 0.0427 0.1385 0.1479 0.0750 0.0656 0.5303 
        D972  8 0.0410 0.2220 0.0708 0.0708 0.4238 0.1717 
        D973  8 0.0449 0.0961 0.0478 0.0301 0.7219 0.0593 
        D974  8 0.0973 0.1257 0.1578 0.0985 0.2114 0.3092 
        D975  8 0.0799 0.0319 0.2489 0.0775 0.0446 0.5173 
        D976  8 0.1568 0.0992 0.1940 0.0728 0.0289 0.4483 
        D201  9 0.0448 0.0960 0.3667 0.2139 0.0707 0.2079 
        D202  9 0.0395 0.0578 0.3079 0.0744 0.0254 0.4949 
     D237259  9 0.0264 0.1305 0.0945 0.0753 0.1080 0.5654 
     D237260  9 0.0513 0.1301 0.1114 0.3481 0.0220 0.3370 
     D237262  9 0.0293 0.8383 0.0186 0.0164 0.0259 0.0714 
