        D174  1 0.1602 0.1763 0.1106 0.0557 0.4972 
        D199  1 0.0904 0.0821 0.3363 0.2658 0.2255 
        D203  1 0.1651 0.1928 0.2637 0.2774 0.1010 
        D204  1 0.0589 0.0346 0.8370 0.0447 0.0247 
     D237366  1 0.2366 0.3917 0.1303 0.1306 0.1109 
     D237367  1 0.1898 0.2065 0.4421 0.0979 0.0637 
     D237368  1 0.0659 0.5083 0.2131 0.0924 0.1203 
     D244101  1 0.1005 0.0378 0.6072 0.2177 0.0367 
     D244102  1 0.4094 0.2081 0.1610 0.1045 0.1169 
     D244103  1 0.4077 0.1304 0.3121 0.0804 0.0694 
     D244104  1 0.0303 0.0732 0.6582 0.0614 0.1768 
     D244105  1 0.1434 0.5785 0.1928 0.0493 0.0360 
     D244106  1 0.1169 0.0490 0.0720 0.1395 0.6227 
     D244107  1 0.0637 0.6180 0.1745 0.1150 0.0288 
     D244108  1 0.0967 0.2287 0.1538 0.0687 0.4520 
     D244113  1 0.3176 0.0512 0.0419 0.0454 0.5440 
     D244114  1 0.3133 0.1072 0.1358 0.2858 0.1579 
     D244115  1 0.1279 0.1701 0.2121 0.0469 0.4431 
     D267365  1 0.0822 0.0900 0.3790 0.0751 0.3736 
        D404  1 0.4137 0.0530 0.0529 0.0631 0.4172 
        D405  1 0.4768 0.0968 0.1376 0.1465 0.1423 
        D406  1 0.0397 0.7825 0.0953 0.0280 0.0545 
        D407  1 0.0534 0.1613 0.5747 0.1576 0.0530 
        D408  1 0.1124 0.0441 0.0926 0.0779 0.6731 
        D409  1 0.5596 0.0765 0.2152 0.0703 0.0783 
        D410  1 0.0441 0.7927 0.0968 0.0184 0.0479 
        D421  1 0.0189 0.0410 0.8139 0.0677 0.0586 
        D422  1 0.0263 0.8376 0.0631 0.0518 0.0212 
        D423  1 0.0319 0.8329 0.0694 0.0445 0.0213 
        D424  1 0.0565 0.0905 0.7711 0.0313 0.0506 
        D425  1 0.1346 0.0714 0.4430 0.0539 0.2971 
        D426  1 0.3428 0.1121 0.1931 0.2965 0.0555 
        D427  1 0.0272 0.0464 0.1853 0.4997 0.2414 
        D428  1 0.0935 0.1763 0.4600 0.0752 0.1950 
        D429  1 0.1107 0.0732 0.3764 0.0894 0.3502 
        D430  1 0.3818 0.0773 0.1529 0.1691 0.2188 
        D491  1 0.0434 0.0365 0.1112 0.0228 0.7860 
        D492  1 0.1426 0.1964 0.3567 0.0991 0.2052 
        D537  1 0.0697 0.1283 0.7236 0.0364 0.0421 
        D538  1 0.4106 0.2446 0.1145 0.1004 0.1299 
        D539  1 0.1452 0.1987 0.0918 0.1951 0.3692 
        D540  1 0.2026 0.1677 0.4182 0.0795 0.1320 
        D541  1 0.0292 0.0404 0.8689 0.0347 0.0267 
        D551  1 0.0728 0.1049 0.1023 0.6448 0.0752 
        D552  1 0.0423 0.2978 0.3184 0.0555 0.2861 
        D553  1 0.0270 0.0268 0.8769 0.0251 0.0442 
        D615  1 0.1300 0.2110 0.4241 0.1209 0.1140 
        D616  1 0.0693 0.2815 0.3274 0.2036 0.1182 
        D621  1 0.0730 0.6993 0.0499 0.0444 0.1333 
        D622  1 0.0689 0.7489 0.0841 0.0343 0.0638 
        D623  1 0.2651 0.0653 0.0894 0.2021 0.3781 
        D624  1 0.0353 0.0594 0.0463 0.0307 0.8283 
        D625  1 0.0572 0.0935 0.7362 0.0318 0.0813 
        D626  1 0.0898 0.2033 0.1329 0.0628 0.5113 
        D627  1 0.3796 0.0921 0.2725 0.1581 0.0978 
        D690  1 0.0340 0.0700 0.8130 0.0171 0.0659 
        D691  1 0.0384 0.7539 0.1239 0.0362 0.0476 
        D710  1 0.1344 0.1241 0.4524 0.0784 0.2107 
        D711  1 0.0602 0.0764 0.7709 0.0387 0.0539 
        D712  1 0.0808 0.0694 0.0585 0.0551 0.7362 
        D713  1 0.3135 0.1378 0.2395 0.0372 0.2719 
        D746  1 0.0313 0.7925 0.0973 0.0409 0.0381 
        D747  1 0.0223 0.0346 0.8684 0.0413 0.0334 
        D748  1 0.1205 0.3095 0.4535 0.0395 0.0769 
        D749  1 0.1141 0.5818 0.0509 0.0989 0.1543 
        D750  1 0.0588 0.0939 0.1832 0.0375 0.6265 
        D763  1 0.1728 0.1178 0.3423 0.3072 0.0599 
        D764  1 0.0441 0.1579 0.5198 0.0293 0.2489 
        D765  1 0.0915 0.6484 0.0598 0.0318 0.1686 
        D766  1 0.0816 0.5660 0.2391 0.0344 0.0788 
        D767  1 0.4209 0.1860 0.2149 0.1181 0.0601 
        D768  1 0.0257 0.0364 0.8847 0.0280 0.0253 
        D811  1 0.4103 0.0951 0.0566 0.0335 0.4045 
        D816  1 0.0332 0.0381 0.8448 0.0237 0.0602 
        D825  1 0.2143 0.2173 0.1931 0.0362 0.3391 
        D866  1 0.0924 0.0789 0.0785 0.3039 0.4462 
        D867  1 0.1020 0.7523 0.0512 0.0488 0.0457 
        D871  1 0.6140 0.0591 0.2066 0.0522 0.0682 
        D872  1 0.1450 0.2342 0.4961 0.0490 0.0757 
        D873  1 0.0507 0.8799 0.0159 0.0272 0.0263 
        D874  1 0.2930 0.0300 0.3688 0.0641 0.2441 
        D875  1 0.6420 0.1261 0.1587 0.0364 0.0368 
        D876  1 0.0686 0.0883 0.6686 0.0364 0.1382 
        D877  1 0.5802 0.0314 0.0735 0.0526 0.2623 
        D892  1 0.1918 0.1772 0.4109 0.0332 0.1869 
        D893  1 0.0813 0.0958 0.7001 0.0820 0.0408 
        D894  1 0.1281 0.0955 0.5891 0.0616 0.1257 
        D915  1 0.0671 0.1996 0.5691 0.0519 0.1123 
        D916  1 0.0233 0.0479 0.8680 0.0269 0.0339 
        D917  1 0.1327 0.0660 0.2026 0.1586 0.4400 
        D925  1 0.0357 0.6663 0.1615 0.0304 0.1061 
        D926  1 0.1085 0.0908 0.5823 0.0716 0.1467 
        D927  1 0.0854 0.0589 0.4300 0.3356 0.0901 
        D928  1 0.0406 0.0270 0.0997 0.0236 0.8091 
        D929  1 0.6676 0.1059 0.0905 0.0400 0.0960 
        D936  1 0.0895 0.0478 0.6771 0.1173 0.0683 
        D938  1 0.0319 0.8518 0.0548 0.0249 0.0367 
        D956  1 0.2032 0.0489 0.0465 0.0471 0.6542 
        D957  1 0.1536 0.4026 0.3207 0.0483 0.0748 
        D958  1 0.0853 0.2681 0.4853 0.0269 0.1344 
        D959  1 0.0386 0.2014 0.5726 0.1512 0.0362 
        D960  1 0.0503 0.8261 0.0426 0.0321 0.0489 
        D989  1 0.0604 0.0442 0.0753 0.1097 0.7104 
        D990  1 0.0259 0.8083 0.0255 0.0554 0.0849 
        D023  2 0.0333 0.6731 0.2292 0.0306 0.0338 
        D130  2 0.0841 0.7294 0.1222 0.0413 0.0229 
        D131  2 0.1747 0.0700 0.5860 0.1031 0.0662 
        D163  2 0.0360 0.7672 0.1086 0.0304 0.0578 
        D164  2 0.0208 0.4908 0.0271 0.4444 0.0168 
        D165  2 0.0335 0.7690 0.1139 0.0519 0.0318 
        D166  2 0.7790 0.0704 0.0660 0.0501 0.0344 
        D167  2 0.0572 0.0298 0.0266 0.8312 0.0552 
        D192  2 0.0289 0.0245 0.0175 0.8985 0.0306 
        D193  2 0.4487 0.0829 0.0364 0.0738 0.3581 
        D206  2 0.1139 0.1602 0.3819 0.2956 0.0483 
        D207  2 0.2228 0.0446 0.0793 0.6140 0.0394 
        D208  2 0.0791 0.0757 0.0879 0.2101 0.5472 
        D209  2 0.1310 0.1423 0.1106 0.5564 0.0597 
        D210  2 0.0395 0.0526 0.0879 0.2454 0.5746 
     D229599  2 0.2497 0.1689 0.2896 0.1254 0.1664 
     D229600  2 0.0764 0.5008 0.0545 0.3336 0.0348 
     D237227  2 0.0472 0.1581 0.0639 0.0746 0.6562 
     D237228  2 0.1383 0.3506 0.0287 0.1171 0.3652 
     D237258  2 0.1481 0.2509 0.1478 0.2678 0.1854 
     D237310  2 0.4087 0.4310 0.0263 0.0649 0.0690 
     D237311  2 0.1335 0.6013 0.0289 0.1837 0.0526 
     D237312  2 0.5167 0.2927 0.0468 0.0443 0.0995 
     D237313  2 0.0962 0.1950 0.3797 0.0712 0.2579 
     D237322  2 0.3795 0.1217 0.0831 0.2171 0.1985 
     D237323  2 0.1312 0.6285 0.0329 0.0381 0.1693 
     D237324  2 0.0682 0.4040 0.1392 0.3571 0.0315 
     D237325  2 0.1733 0.5219 0.0787 0.0852 0.1409 
     D237326  2 0.0549 0.6648 0.1218 0.0542 0.1043 
     D237327  2 0.1033 0.0855 0.1537 0.4870 0.1704 
     D237337  2 0.1122 0.7038 0.0619 0.0292 0.0930 
     D237338  2 0.1564 0.3798 0.1144 0.1479 0.2015 
     D237339  2 0.2268 0.0512 0.2521 0.4335 0.0364 
     D237340  2 0.1656 0.3576 0.0349 0.1934 0.2485 
     D237389  2 0.2721 0.5775 0.0347 0.0759 0.0398 
     D237390  2 0.4107 0.3217 0.0724 0.0598 0.1354 
     D244017  2 0.2644 0.0594 0.0510 0.2239 0.4012 
     D244112  2 0.0858 0.0732 0.0242 0.7769 0.0399 
     D244118  2 0.0472 0.4302 0.0210 0.4648 0.0369 
     D244119  2 0.0346 0.0396 0.0337 0.2651 0.6270 
     D244120  2 0.3615 0.0554 0.0245 0.4328 0.1258 
     D244122  2 0.0953 0.0905 0.0533 0.6920 0.0688 
        D291  2 0.2120 0.1135 0.1236 0.4563 0.0945 
        D292  2 0.0739 0.0804 0.2452 0.4015 0.1990 
        D293  2 0.0527 0.0186 0.2400 0.6604 0.0282 
        D322  2 0.0863 0.0587 0.3016 0.5208 0.0325 
        D323  2 0.3509 0.0803 0.2463 0.2071 0.1155 
        D324  2 0.0995 0.1902 0.3271 0.2192 0.1641 
        D325  2 0.0255 0.0281 0.0767 0.8530 0.0166 
        D326  2 0.0265 0.0198 0.8823 0.0253 0.0460 
        D340  2 0.0205 0.0283 0.0390 0.8851 0.0270 
        D341  2 0.0552 0.0671 0.0619 0.7508 0.0651 
        D342  2 0.1145 0.1885 0.0415 0.6159 0.0395 
        D343  2 0.0162 0.0145 0.0368 0.9181 0.0144 
        D344  2 0.4306 0.0649 0.3677 0.0817 0.0551 
        D345  2 0.1088 0.2691 0.4422 0.0689 0.1109 
        D346  2 0.0741 0.0486 0.1100 0.1029 0.6644 
        D351  2 0.2690 0.0868 0.4897 0.1073 0.0471 
        D352  2 0.5260 0.0662 0.1078 0.1345 0.1655 
        D353  2 0.2384 0.0376 0.5867 0.0789 0.0584 
        D354  2 0.2939 0.1096 0.3582 0.0441 0.1942 
        D362  2 0.0532 0.1117 0.7197 0.0498 0.0656 
        D363  2 0.0448 0.0675 0.7254 0.0425 0.1197 
        D364  2 0.1751 0.1004 0.5723 0.0518 0.1004 
        D365  2 0.0226 0.0193 0.0526 0.8795 0.0260 
        D369  2 0.0755 0.1261 0.2989 0.2377 0.2618 
        D374  2 0.2536 0.0431 0.0290 0.0400 0.6343 
        D375  2 0.6412 0.0737 0.1765 0.0474 0.0612 
        D376  2 0.2059 0.0586 0.0265 0.0550 0.6541 
        D377  2 0.3933 0.1810 0.1213 0.1115 0.1928 
        D378  2 0.0726 0.0736 0.5373 0.2717 0.0448 
        D379  2 0.0710 0.0407 0.8026 0.0338 0.0518 
        D384  2 0.0270 0.0215 0.8634 0.0247 0.0635 
        D385  2 0.0795 0.0308 0.0384 0.7913 0.0600 
        D386  2 0.2107 0.0760 0.5959 0.0818 0.0355 
        D391  2 0.0467 0.0267 0.0900 0.8119 0.0248 
        D392  2 0.0728 0.0969 0.0974 0.6337 0.0992 
        D393  2 0.0460 0.0795 0.6493 0.1840 0.0411 
        D394  2 0.2273 0.3797 0.1710 0.1354 0.0865 
        D395  2 0.3355 0.0406 0.0861 0.4944 0.0435 
        D401  2 0.0567 0.7867 0.0331 0.0436 0.0799 
        D402  2 0.0442 0.0279 0.0471 0.8517 0.0291 
        D403  2 0.1527 0.1587 0.5858 0.0571 0.0457 
        D415  2 0.0516 0.0957 0.7925 0.0363 0.0240 
        D435  2 0.0379 0.0848 0.5504 0.2960 0.0310 
        D436  2 0.4121 0.0701 0.3286 0.0764 0.1128 
        D438  2 0.0267 0.0271 0.0296 0.8864 0.0302 
        D439  2 0.2559 0.1278 0.3597 0.2136 0.0429 
        D449  2 0.0521 0.0617 0.1862 0.6669 0.0332 
        D450  2 0.4019 0.0826 0.2080 0.0481 0.2594 
        D456  2 0.0279 0.0231 0.8928 0.0268 0.0294 
        D462  2 0.0408 0.0262 0.0739 0.8369 0.0222 
        D463  2 0.0300 0.0229 0.8798 0.0175 0.0498 
        D464  2 0.5050 0.0395 0.3011 0.0839 0.0706 
        D465  2 0.1035 0.1113 0.2891 0.4469 0.0492 
        D473  2 0.1265 0.1396 0.0629 0.0598 0.6112 
        D474  2 0.0354 0.0934 0.5649 0.1640 0.1423 
        D476  2 0.1365 0.4914 0.1310 0.2038 0.0374 
        D477  2 0.1035 0.0721 0.6323 0.0589 0.1332 
        D478  2 0.4342 0.1551 0.1249 0.0798 0.2060 
        D480  2 0.0944 0.0418 0.5086 0.2029 0.1524 
        D481  2 0.1316 0.1494 0.4057 0.1169 0.1963 
        D482  2 0.2893 0.1399 0.0793 0.1291 0.3623 
        D483  2 0.0336 0.0355 0.0319 0.8052 0.0938 
        D484  2 0.6278 0.0631 0.0655 0.1542 0.0893 
        D510  2 0.0800 0.0388 0.0372 0.0734 0.7706 
        D511  2 0.1477 0.0777 0.5501 0.1785 0.0461 
        D512  2 0.2612 0.4475 0.0532 0.2070 0.0311 
        D513  2 0.0714 0.0697 0.1938 0.5633 0.1019 
        D635  2 0.0534 0.2733 0.5575 0.0558 0.0601 
        D636  2 0.0275 0.8538 0.0610 0.0239 0.0339 
        D637  2 0.3030 0.0759 0.0899 0.3441 0.1871 
        D658  2 0.1652 0.0848 0.0478 0.5324 0.1698 
        D659  2 0.0408 0.0728 0.7595 0.0654 0.0615 
        D677  2 0.1501 0.2208 0.4131 0.1581 0.0580 
        D678  2 0.1430 0.0961 0.0362 0.6850 0.0397 
        D679  2 0.0754 0.0582 0.6728 0.1061 0.0874 
        D719  2 0.0344 0.0365 0.2053 0.1845 0.5394 
        D720  2 0.0510 0.0555 0.7205 0.0596 0.1135 
        D721  2 0.0484 0.5909 0.1655 0.1354 0.0599 
        D722  2 0.2581 0.0844 0.0474 0.0886 0.5215 
        D734  2 0.1537 0.0241 0.1194 0.1742 0.5286 
        D735  2 0.1264 0.1144 0.5423 0.0979 0.1189 
        D736  2 0.0457 0.0929 0.1027 0.1600 0.5987 
        D737  2 0.1013 0.1543 0.0519 0.6031 0.0894 
        D807  2 0.1082 0.1008 0.2666 0.1233 0.4012 
        D808  2 0.3404 0.2452 0.1698 0.1913 0.0533 
        D817  2 0.1568 0.0672 0.5719 0.0405 0.1637 
        D818  2 0.2411 0.0870 0.1746 0.4496 0.0478 
        D819  2 0.2707 0.1771 0.3916 0.0666 0.0940 
        D820  2 0.0701 0.0250 0.7740 0.0837 0.0472 
        D895  2 0.0640 0.1937 0.6121 0.0661 0.0640 
        D896  2 0.0777 0.8007 0.0280 0.0234 0.0701 
        D897  2 0.0884 0.0699 0.0496 0.7542 0.0379 
        D898  2 0.4971 0.1210 0.1172 0.0954 0.1694 
        D918  2 0.2866 0.3050 0.0933 0.1745 0.1406 
        D919  2 0.2499 0.0502 0.3604 0.2988 0.0407 
        D920  2 0.0740 0.7924 0.0340 0.0399 0.0597 
        D923  2 0.0890 0.0341 0.7976 0.0399 0.0394 
        D930  2 0.2956 0.0764 0.3391 0.0914 0.1974 
        D931  2 0.1389 0.0618 0.5563 0.1501 0.0929 
        D968  2 0.0326 0.0199 0.0337 0.8933 0.0205 
        D969  2 0.0961 0.0626 0.3796 0.3083 0.1534 
        D977  2 0.0667 0.0434 0.0866 0.7696 0.0336 
        D978  2 0.3544 0.0353 0.0908 0.4091 0.1104 
        D211  3 0.2369 0.4297 0.1830 0.0713 0.0791 
     D229639  3 0.0667 0.0527 0.0996 0.4283 0.3528 
     D237212  3 0.1985 0.1620 0.2581 0.2955 0.0858 
     D237213  3 0.3815 0.2733 0.2057 0.0944 0.0452 
     D237214  3 0.2410 0.5427 0.1090 0.0379 0.0694 
     D237215  3 0.0829 0.0420 0.0246 0.6319 0.2185 
     D237216  3 0.2974 0.2704 0.2037 0.1553 0.0732 
     D237217  3 0.1071 0.5221 0.2429 0.0916 0.0363 
     D237218  3 0.1201 0.1166 0.2985 0.3267 0.1381 
     D237219  3 0.0920 0.4428 0.0673 0.0790 0.3189 
     D237382  3 0.4940 0.1152 0.1842 0.0645 0.1421 
     D244127  3 0.0912 0.6237 0.0492 0.1792 0.0567 
     D244129  3 0.2452 0.2438 0.2668 0.1534 0.0908 
     D244133  3 0.1518 0.1460 0.1774 0.2025 0.3222 
     D244134  3 0.0473 0.1369 0.0642 0.1352 0.6164 
     D244135  3 0.1073 0.6588 0.1059 0.0877 0.0402 
     D244136  3 0.1378 0.0920 0.2546 0.1288 0.3868 
        D416  3 0.1386 0.1796 0.2717 0.3181 0.0920 
        D417  3 0.0803 0.0807 0.7562 0.0411 0.0417 
        D419  3 0.0746 0.2586 0.2404 0.1861 0.2403 
        D565  3 0.0232 0.0307 0.0680 0.0247 0.8534 
        D566  3 0.0640 0.0560 0.0906 0.2903 0.4992 
        D567  3 0.0562 0.1348 0.7134 0.0468 0.0489 
        D568  3 0.0981 0.3092 0.3846 0.1739 0.0342 
        D569  3 0.4179 0.1021 0.1038 0.3024 0.0738 
        D573  3 0.0471 0.0453 0.1803 0.6793 0.0479 
        D574  3 0.2327 0.0824 0.0686 0.0792 0.5371 
        D575  3 0.0958 0.2485 0.2145 0.1355 0.3056 
        D576  3 0.1162 0.0399 0.0160 0.7467 0.0812 
        D577  3 0.1616 0.0809 0.6123 0.0684 0.0767 
        D578  3 0.0961 0.8072 0.0286 0.0414 0.0267 
        D579  3 0.0675 0.1039 0.3043 0.1875 0.3368 
        D660  3 0.2130 0.1412 0.0491 0.5455 0.0512 
        D661  3 0.1015 0.0776 0.0662 0.7116 0.0431 
        D663  3 0.1433 0.0360 0.0959 0.6600 0.0648 
        D664  3 0.2534 0.3587 0.0414 0.1628 0.1837 
        D665  3 0.6529 0.1908 0.0351 0.0957 0.0255 
        D666  3 0.1287 0.2035 0.2099 0.0755 0.3825 
        D009  4 0.2404 0.4045 0.2310 0.0667 0.0575 
        D057  4 0.0883 0.2898 0.1277 0.4120 0.0822 
        D109  4 0.2215 0.5366 0.0778 0.0489 0.1152 
     D237222  4 0.0985 0.6329 0.0687 0.0580 0.1419 
     D237223  4 0.1937 0.4127 0.0850 0.1656 0.1430 
     D237224  4 0.1546 0.0755 0.3418 0.3212 0.1069 
     D237225  4 0.2452 0.2705 0.2705 0.1132 0.1005 
     D237299  4 0.6722 0.1196 0.0485 0.0835 0.0761 
     D237300  4 0.0503 0.0505 0.0403 0.7006 0.1583 
     D237306  4 0.1828 0.1280 0.0969 0.0565 0.5358 
     D237307  4 0.1014 0.0700 0.4313 0.0976 0.2997 
     D237308  4 0.0753 0.1703 0.0952 0.5164 0.1428 
     D237309  4 0.2220 0.2943 0.3236 0.1032 0.0569 
     D237317  4 0.0763 0.0966 0.1806 0.0545 0.5919 
     D237318  4 0.0405 0.0278 0.0350 0.8105 0.0862 
     D237319  4 0.2732 0.3154 0.2008 0.1151 0.0955 
     D237320  4 0.1071 0.3871 0.1329 0.2945 0.0783 
     D237321  4 0.0867 0.0810 0.0964 0.5545 0.1814 
     D237397  4 0.0806 0.2292 0.0903 0.3230 0.2770 
     D237398  4 0.1401 0.0667 0.1775 0.5509 0.0648 
     D237399  4 0.1503 0.1182 0.2134 0.1455 0.3725 
     D244001  4 0.0824 0.6359 0.0820 0.1460 0.0537 
        D289  4 0.1213 0.0814 0.2523 0.2033 0.3417 
        D290  4 0.6605 0.0837 0.1066 0.0938 0.0554 
        D294  4 0.4275 0.0749 0.2512 0.1441 0.1023 
        D295  4 0.2022 0.1433 0.4697 0.0683 0.1165 
        D301  4 0.0801 0.7208 0.0398 0.0739 0.0853 
        D302  4 0.2933 0.0506 0.5805 0.0389 0.0366 
        D303  4 0.0782 0.0766 0.0627 0.0847 0.6977 
        D304  4 0.4845 0.0620 0.1426 0.1214 0.1895 
        D305  4 0.3817 0.1013 0.1250 0.3627 0.0294 
        D306  4 0.7786 0.0628 0.0659 0.0304 0.0623 
        D307  4 0.0476 0.7495 0.0311 0.0478 0.1240 
        D327  4 0.1145 0.0491 0.6207 0.1004 0.1153 
        D328  4 0.4400 0.0869 0.0728 0.0678 0.3325 
        D329  4 0.1484 0.1928 0.2206 0.3221 0.1161 
        D330  4 0.3037 0.2416 0.3427 0.0777 0.0343 
        D331  4 0.2882 0.1527 0.2292 0.1251 0.2047 
        D333  4 0.2124 0.2161 0.1689 0.1949 0.2077 
        D334  4 0.0968 0.0717 0.1743 0.0365 0.6208 
        D335  4 0.1799 0.0580 0.6011 0.0903 0.0707 
        D370  4 0.3547 0.2583 0.0985 0.0573 0.2313 
        D371  4 0.0447 0.0292 0.1501 0.0539 0.7221 
        D372  4 0.2504 0.0447 0.0272 0.5375 0.1401 
        D373  4 0.0494 0.6608 0.0680 0.1579 0.0639 
        D455  4 0.0662 0.7463 0.0765 0.0621 0.0489 
        D490  4 0.0530 0.8387 0.0371 0.0255 0.0456 
        D497  4 0.0819 0.7787 0.0385 0.0419 0.0590 
        D498  4 0.3590 0.1810 0.1078 0.1070 0.2452 
        D499  4 0.2673 0.0580 0.0773 0.3470 0.2505 
        D514  4 0.4484 0.0633 0.3877 0.0637 0.0371 
        D515  4 0.4502 0.3292 0.0877 0.0761 0.0567 
        D516  4 0.1087 0.3273 0.2176 0.1741 0.1722 
        D517  4 0.0667 0.6489 0.1093 0.1257 0.0493 
        D518  4 0.1822 0.3184 0.1717 0.1541 0.1737 
        D519  4 0.1626 0.4602 0.1068 0.2054 0.0650 
        D560  4 0.2527 0.2501 0.2074 0.2472 0.0426 
        D561  4 0.4665 0.1585 0.2511 0.0999 0.0241 
        D562  4 0.4622 0.1674 0.1085 0.1376 0.1242 
        D563  4 0.2205 0.0955 0.1196 0.5255 0.0389 
        D572  4 0.4266 0.0924 0.3030 0.1064 0.0715 
        D629  4 0.1290 0.1834 0.5544 0.0591 0.0741 
        D630  4 0.3991 0.1543 0.2120 0.1120 0.1225 
        D631  4 0.2098 0.0928 0.1596 0.4275 0.1103 
        D632  4 0.0767 0.6197 0.1013 0.1532 0.0491 
        D646  4 0.0858 0.3845 0.2702 0.1963 0.0633 
        D647  4 0.1294 0.1830 0.5306 0.1276 0.0294 
        D648  4 0.6989 0.0440 0.0412 0.0432 0.1727 
        D649  4 0.0694 0.2495 0.5910 0.0438 0.0462 
        D650  4 0.1952 0.1781 0.3294 0.0854 0.2120 
        D708  4 0.2477 0.1030 0.1198 0.0697 0.4598 
        D709  4 0.7491 0.0617 0.0643 0.0468 0.0781 
        D738  4 0.0685 0.2498 0.1359 0.0515 0.4942 
        D739  4 0.5211 0.2568 0.0694 0.0902 0.0625 
        D740  4 0.2201 0.1779 0.0658 0.2533 0.2829 
        D741  4 0.2366 0.2035 0.2070 0.3169 0.0360 
        D742  4 0.1409 0.0814 0.0900 0.4761 0.2117 
        D743  4 0.0963 0.0364 0.7105 0.1016 0.0551 
        D744  4 0.2729 0.0662 0.3678 0.2334 0.0598 
        D745  4 0.2385 0.5530 0.0705 0.0897 0.0482 
        D814  4 0.2539 0.0794 0.0889 0.5328 0.0450 
        D815  4 0.3906 0.0824 0.3719 0.0714 0.0837 
        D828  4 0.5788 0.0547 0.0277 0.1339 0.2049 
        D845  4 0.0264 0.0275 0.0497 0.6868 0.2096 
        D846  4 0.2147 0.0974 0.4118 0.2517 0.0245 
        D847  4 0.2483 0.1722 0.2327 0.1401 0.2067 
        D848  4 0.0432 0.6101 0.0350 0.2563 0.0554 
        D849  4 0.3943 0.3888 0.0984 0.0782 0.0404 
        D850  4 0.1038 0.1653 0.3797 0.1982 0.1530 
        D856  4 0.5763 0.1786 0.1179 0.0527 0.0745 
        D857  4 0.1095 0.7630 0.0199 0.0588 0.0488 
        D859  4 0.3905 0.0708 0.2212 0.2109 0.1066 
        D860  4 0.0503 0.0418 0.1529 0.1747 0.5803 
        D883  4 0.1245 0.3126 0.3221 0.0697 0.1711 
        D884  4 0.2781 0.3044 0.1595 0.0641 0.1939 
        D885  4 0.1982 0.1135 0.2184 0.3891 0.0809 
        D886  4 0.2304 0.3533 0.2734 0.0974 0.0455 
        D887  4 0.2800 0.1234 0.1717 0.2742 0.1507 
        D889  4 0.5753 0.0317 0.0788 0.1985 0.1158 
        D890  4 0.3403 0.1731 0.1477 0.0851 0.2538 
        D891  4 0.0274 0.0216 0.0315 0.8031 0.1164 
        D899  4 0.0993 0.0484 0.0565 0.5737 0.2220 
        D900  4 0.2971 0.1279 0.2779 0.1348 0.1624 
        D970  4 0.1787 0.1057 0.4041 0.1528 0.1587 
        D971  4 0.1461 0.1096 0.1702 0.4964 0.0777 
        D979  4 0.1507 0.0347 0.6957 0.0624 0.0565 
        D093  5 0.0599 0.0559 0.0595 0.0470 0.7777 
        D154  5 0.2701 0.0586 0.0645 0.4795 0.1274 
        D168  5 0.1497 0.2356 0.1463 0.4229 0.0455 
        D189  5 0.1959 0.0554 0.0823 0.1899 0.4765 
        D190  5 0.0583 0.0316 0.0486 0.0422 0.8193 
     D237220  5 0.2472 0.3656 0.0979 0.0921 0.1971 
     D237221  5 0.0933 0.0762 0.1555 0.1734 0.5016 
     D237274  5 0.1327 0.0585 0.7121 0.0646 0.0321 
     D237275  5 0.1660 0.0404 0.0299 0.7142 0.0495 
     D237276  5 0.2292 0.2334 0.1891 0.0810 0.2672 
     D237277  5 0.0522 0.0403 0.0542 0.0906 0.7627 
     D237278  5 0.1501 0.1539 0.0740 0.3312 0.2908 
     D237279  5 0.1071 0.6902 0.1002 0.0567 0.0459 
     D237280  5 0.0795 0.4376 0.3162 0.0381 0.1286 
     D237281  5 0.0414 0.0263 0.0587 0.8296 0.0439 
     D237351  5 0.0741 0.6496 0.0513 0.0603 0.1646 
     D237352  5 0.1481 0.4278 0.2490 0.0891 0.0859 
     D237353  5 0.0364 0.0309 0.0293 0.0314 0.8720 
     D237359  5 0.3041 0.2562 0.1243 0.1606 0.1547 
     D237361  5 0.0397 0.0397 0.0347 0.0304 0.8555 
     D237362  5 0.0991 0.0923 0.4149 0.1207 0.2730 
     D237363  5 0.3226 0.0913 0.1119 0.3501 0.1241 
     D237364  5 0.3829 0.1329 0.1653 0.2847 0.0342 
     D237376  5 0.5948 0.0376 0.0255 0.0720 0.2700 
     D237377  5 0.0695 0.3073 0.3932 0.0428 0.1871 
     D237378  5 0.1325 0.0352 0.0327 0.0936 0.7061 
     D237379  5 0.3776 0.0686 0.0610 0.0656 0.4272 
     D237380  5 0.1396 0.6782 0.0505 0.0257 0.1060 
     D237381  5 0.1247 0.5848 0.0725 0.0830 0.1350 
     D237391  5 0.0361 0.0521 0.0687 0.0391 0.8040 
     D237392  5 0.1242 0.0880 0.5522 0.1831 0.0524 
     D237393  5 0.0632 0.1486 0.3788 0.0995 0.3099 
     D237394  5 0.0293 0.0326 0.0382 0.0195 0.8804 
     D237395  5 0.2207 0.1456 0.0717 0.1308 0.4312 
     D237396  5 0.0405 0.1501 0.5309 0.1059 0.1726 
     D244016  5 0.2332 0.0534 0.1282 0.1241 0.4610 
     D244018  5 0.0458 0.1102 0.1122 0.4272 0.3047 
     D244019  5 0.2565 0.0573 0.3713 0.1874 0.1274 
        D279  5 0.1686 0.1001 0.0817 0.4803 0.1693 
        D280  5 0.1327 0.1072 0.1369 0.1439 0.4793 
        D281  5 0.1092 0.0279 0.0541 0.6793 0.1295 
        D283  5 0.0365 0.0540 0.1404 0.0718 0.6973 
        D284  5 0.3332 0.3403 0.1291 0.1181 0.0793 
        D285  5 0.1241 0.0550 0.1124 0.0677 0.6408 
        D286  5 0.3837 0.0984 0.1765 0.0790 0.2623 
        D287  5 0.5295 0.0852 0.0327 0.0496 0.3030 
        D288  5 0.1052 0.0716 0.3071 0.2028 0.3133 
        D308  5 0.0437 0.7331 0.1310 0.0322 0.0600 
        D309  5 0.2842 0.0847 0.5209 0.0747 0.0356 
        D310  5 0.0726 0.0282 0.0287 0.0327 0.8378 
        D311  5 0.4022 0.0647 0.2121 0.0866 0.2344 
        D312  5 0.2142 0.0897 0.2310 0.0963 0.3689 
        D313  5 0.0246 0.8980 0.0204 0.0170 0.0400 
        D314  5 0.3384 0.1374 0.0680 0.2664 0.1898 
        D315  5 0.1396 0.1167 0.2796 0.0844 0.3797 
        D317  5 0.0396 0.0334 0.0542 0.0349 0.8379 
        D318  5 0.3685 0.1137 0.1786 0.1944 0.1448 
        D319  5 0.0451 0.0449 0.0372 0.0417 0.8311 
        D320  5 0.0854 0.0504 0.0489 0.0323 0.7830 
        D321  5 0.0429 0.5962 0.1363 0.0671 0.1575 
        D336  5 0.2915 0.0366 0.0476 0.0317 0.5925 
        D337  5 0.0288 0.0218 0.0299 0.0487 0.8708 
        D338  5 0.1865 0.1330 0.2402 0.1612 0.2791 
        D339  5 0.0587 0.0572 0.0579 0.0837 0.7425 
        D347  5 0.4629 0.0527 0.1856 0.1592 0.1397 
        D348  5 0.0803 0.0298 0.0503 0.0572 0.7823 
        D349  5 0.0496 0.7659 0.0469 0.0366 0.1010 
        D350  5 0.3664 0.0567 0.3790 0.1499 0.0480 
        D355  5 0.1533 0.0416 0.1350 0.5895 0.0806 
        D356  5 0.1239 0.1176 0.2730 0.0558 0.4297 
        D357  5 0.5042 0.0922 0.0932 0.1167 0.1937 
        D358  5 0.1212 0.1269 0.1240 0.0830 0.5448 
        D359  5 0.0636 0.0370 0.3009 0.0295 0.5691 
        D360  5 0.0975 0.0989 0.1932 0.0391 0.5712 
        D361  5 0.0306 0.8400 0.0501 0.0261 0.0532 
        D366  5 0.0372 0.0680 0.5538 0.3015 0.0395 
        D367  5 0.2470 0.0822 0.0439 0.0400 0.5869 
        D368  5 0.1587 0.2345 0.1528 0.0550 0.3990 
        D380  5 0.1922 0.1661 0.4428 0.1118 0.0871 
        D381  5 0.0821 0.0503 0.0743 0.0918 0.7016 
        D400  5 0.2412 0.0750 0.1224 0.2309 0.3306 
        D411  5 0.1258 0.7584 0.0321 0.0601 0.0237 
        D412  5 0.2120 0.1909 0.1323 0.2939 0.1709 
        D413  5 0.0845 0.0643 0.1434 0.6580 0.0498 
        D414  5 0.3826 0.0496 0.1441 0.3694 0.0543 
        D420  5 0.3970 0.2418 0.0645 0.1671 0.1296 
        D431  5 0.5347 0.1256 0.0350 0.1637 0.1410 
        D432  5 0.0495 0.1186 0.0901 0.1030 0.6388 
        D433  5 0.0633 0.0553 0.0731 0.0869 0.7214 
        D434  5 0.0686 0.1248 0.1104 0.0542 0.6419 
        D440  5 0.4288 0.0845 0.3632 0.0902 0.0333 
        D447  5 0.2309 0.1271 0.4048 0.1766 0.0605 
        D448  5 0.2649 0.0355 0.0687 0.0717 0.5593 
        D459  5 0.0422 0.0327 0.0778 0.7922 0.0551 
        D460  5 0.0363 0.6589 0.1436 0.0408 0.1204 
        D461  5 0.2401 0.0430 0.6099 0.0599 0.0471 
        D468  5 0.2561 0.0915 0.2995 0.0729 0.2799 
        D469  5 0.1048 0.1339 0.5428 0.0701 0.1484 
        D470  5 0.3992 0.2155 0.1419 0.0820 0.1614 
        D471  5 0.1862 0.0323 0.0990 0.1054 0.5771 
        D472  5 0.0297 0.0301 0.7053 0.1918 0.0431 
        D479  5 0.1303 0.0514 0.0593 0.7179 0.0411 
        D485  5 0.6512 0.0634 0.0774 0.0984 0.1096 
        D486  5 0.3910 0.1681 0.2243 0.0752 0.1415 
        D487  5 0.1505 0.0608 0.0584 0.3485 0.3818 
        D555  5 0.0464 0.0365 0.0356 0.0756 0.8059 
        D556  5 0.2622 0.1227 0.1198 0.1541 0.3411 
        D557  5 0.0419 0.0331 0.0532 0.0422 0.8295 
        D564  5 0.2523 0.1394 0.1213 0.0713 0.4157 
        D594  5 0.3652 0.0968 0.1872 0.1985 0.1523 
        D595  5 0.1268 0.0945 0.1990 0.1277 0.4520 
        D596  5 0.0390 0.0375 0.0358 0.0525 0.8351 
        D597  5 0.0615 0.0598 0.1550 0.3590 0.3646 
        D598  5 0.0840 0.1982 0.1466 0.0913 0.4800 
        D617  5 0.1013 0.6138 0.0462 0.2077 0.0311 
        D618  5 0.0539 0.0621 0.0869 0.0925 0.7046 
        D619  5 0.1290 0.3388 0.2083 0.0814 0.2426 
        D620  5 0.0235 0.0351 0.0631 0.8385 0.0398 
        D628  5 0.3505 0.2152 0.2083 0.0894 0.1367 
        D714  5 0.2302 0.0594 0.0389 0.1942 0.4774 
        D715  5 0.0338 0.0304 0.1288 0.0609 0.7461 
        D716  5 0.6021 0.0457 0.0912 0.1627 0.0983 
        D717  5 0.0815 0.1349 0.4997 0.0762 0.2077 
        D718  5 0.7397 0.0904 0.0315 0.0455 0.0929 
        D769  5 0.1665 0.5766 0.0505 0.1629 0.0435 
        D770  5 0.2881 0.0636 0.0836 0.3504 0.2143 
        D771  5 0.2819 0.1420 0.0876 0.3411 0.1473 
        D772  5 0.2687 0.0892 0.1573 0.0786 0.4062 
        D782  5 0.0789 0.4068 0.1073 0.3311 0.0759 
        D783  5 0.2290 0.0519 0.0589 0.4865 0.1737 
        D784  5 0.0878 0.0586 0.6323 0.0666 0.1547 
        D785  5 0.1021 0.0769 0.0655 0.0401 0.7155 
        D786  5 0.1603 0.4870 0.2432 0.0773 0.0322 
        D821  5 0.0292 0.0150 0.0252 0.0210 0.9096 
        D822  5 0.2002 0.0608 0.4357 0.1238 0.1795 
        D826  5 0.0863 0.0572 0.1041 0.2478 0.5046 
        D827  5 0.2321 0.0599 0.5120 0.1218 0.0741 
        D851  5 0.2364 0.1628 0.1972 0.1278 0.2759 
        D852  5 0.1035 0.1414 0.0639 0.2979 0.3932 
        D853  5 0.2736 0.0860 0.1192 0.1209 0.4004 
        D854  5 0.4191 0.0980 0.1964 0.2387 0.0479 
        D861  5 0.1547 0.1477 0.1189 0.3209 0.2577 
        D862  5 0.2039 0.0708 0.3400 0.0561 0.3292 
        D865  5 0.0587 0.0603 0.0382 0.0715 0.7713 
        D868  5 0.0604 0.0648 0.7035 0.0632 0.1080 
        D869  5 0.0562 0.7536 0.0820 0.0474 0.0607 
        D870  5 0.5818 0.0922 0.2178 0.0822 0.0259 
        D907  5 0.0964 0.0971 0.0514 0.0456 0.7094 
        D908  5 0.0853 0.0905 0.0505 0.2901 0.4835 
        D910  5 0.0856 0.0515 0.1045 0.2793 0.4792 
        D911  5 0.1091 0.0316 0.0801 0.6911 0.0881 
        D934  5 0.2833 0.0534 0.1421 0.3547 0.1664 
        D946  5 0.5067 0.1072 0.0354 0.2350 0.1156 
        D947  5 0.4281 0.0914 0.2817 0.1052 0.0935 
        D948  5 0.0236 0.6621 0.0826 0.0296 0.2020 
        D949  5 0.0358 0.7270 0.0835 0.0276 0.1261 
        D950  5 0.0687 0.0391 0.0852 0.7043 0.1028 
        D951  5 0.4085 0.0719 0.4342 0.0457 0.0396 
        D952  5 0.0764 0.0591 0.6041 0.0753 0.1850 
        D953  5 0.0669 0.0633 0.1041 0.0422 0.7235 
        D954  5 0.0532 0.0392 0.4804 0.0375 0.3897 
        D961  5 0.6669 0.0651 0.0387 0.0595 0.1700 
        D962  5 0.2436 0.0432 0.1109 0.0263 0.5761 
        D963  5 0.1154 0.0569 0.4594 0.0832 0.2851 
        D964  5 0.4856 0.1640 0.0882 0.1544 0.1078 
        D965  5 0.5953 0.0918 0.1081 0.1191 0.0857 
        D966  5 0.1149 0.0584 0.2132 0.1576 0.4560 
        D967  5 0.1119 0.1849 0.0800 0.2674 0.3558 
        D991  5 0.2378 0.3472 0.1833 0.0765 0.1551 
        D502  6 0.7270 0.0696 0.0404 0.1423 0.0206 
        D503  6 0.1018 0.2534 0.0525 0.4813 0.1110 
        D504  6 0.1226 0.1377 0.4796 0.1098 0.1503 
        D505  6 0.1984 0.1038 0.1640 0.1880 0.3459 
        D506  6 0.0496 0.0273 0.0434 0.0227 0.8570 
        D507  6 0.2791 0.1704 0.1422 0.3211 0.0872 
        D508  6 0.5374 0.0641 0.2145 0.1320 0.0520 
        D529  6 0.2133 0.2577 0.1680 0.1176 0.2433 
        D530  6 0.5889 0.1420 0.0382 0.0842 0.1467 
        D531  6 0.2875 0.1077 0.3174 0.1201 0.1674 
        D532  6 0.3059 0.0792 0.2593 0.1219 0.2336 
        D534  6 0.0666 0.7616 0.0781 0.0573 0.0364 
        D535  6 0.1552 0.1514 0.2291 0.0681 0.3961 
        D536  6 0.0885 0.0966 0.0447 0.7426 0.0276 
        D554  6 0.4443 0.1666 0.0902 0.0708 0.2282 
        D587  6 0.0645 0.0592 0.1069 0.0661 0.7033 
        D588  6 0.1063 0.1009 0.2235 0.0802 0.4891 
        D589  6 0.1624 0.0804 0.0784 0.4628 0.2159 
        D590  6 0.0484 0.0743 0.0653 0.7600 0.0520 
        D591  6 0.1723 0.1306 0.1633 0.2000 0.3338 
        D592  6 0.0344 0.7617 0.0710 0.0555 0.0774 
        D593  6 0.6990 0.0489 0.0326 0.0551 0.1645 
        D682  6 0.0480 0.0424 0.0424 0.0319 0.8354 
        D683  6 0.0708 0.0652 0.4898 0.0454 0.3288 
        D684  6 0.1381 0.3261 0.1021 0.3972 0.0365 
        D685  6 0.6358 0.1016 0.0308 0.1534 0.0785 
        D686  6 0.4638 0.0609 0.0600 0.0526 0.3628 
        D724  6 0.4465 0.1484 0.2247 0.1446 0.0357 
        D725  6 0.4256 0.1078 0.0714 0.2492 0.1460 
        D726  6 0.0525 0.0384 0.0468 0.0217 0.8405 
        D727  6 0.0808 0.1032 0.2213 0.4996 0.0951 
        D728  6 0.2190 0.0704 0.0990 0.0452 0.5663 
        D729  6 0.0484 0.4309 0.2308 0.2600 0.0299 
        D730  6 0.3003 0.2508 0.2183 0.1788 0.0518 
        D731  6 0.0365 0.0226 0.0224 0.1195 0.7990 
        D732  6 0.2931 0.1008 0.4488 0.0989 0.0585 
        D733  6 0.3888 0.2235 0.1636 0.1060 0.1181 
     D237251  7 0.3332 0.0779 0.0766 0.4098 0.1026 
     D237252  7 0.2635 0.3465 0.0892 0.2532 0.0476 
     D237253  7 0.2863 0.0629 0.0848 0.2590 0.3071 
     D237254  7 0.0862 0.7820 0.0503 0.0500 0.0315 
     D237255  7 0.1343 0.0378 0.0473 0.6752 0.1055 
     D237256  7 0.5119 0.0269 0.1050 0.3000 0.0562 
     D237257  7 0.6579 0.1312 0.0723 0.0993 0.0393 
     D237282  7 0.0986 0.1534 0.5826 0.1358 0.0296 
     D237283  7 0.1445 0.7158 0.0234 0.0622 0.0540 
     D237284  7 0.0444 0.7891 0.0869 0.0454 0.0342 
     D237285  7 0.5790 0.0579 0.0603 0.1694 0.1333 
     D237286  7 0.2477 0.1015 0.2537 0.1428 0.2543 
     D237287  7 0.1660 0.0929 0.2030 0.4523 0.0859 
     D244006  7 0.0765 0.7988 0.0441 0.0481 0.0324 
     D244007  7 0.0944 0.0885 0.2205 0.5312 0.0654 
     D244008  7 0.1668 0.6354 0.0472 0.0431 0.1075 
     D244009  7 0.1348 0.5035 0.1665 0.0486 0.1466 
     D244010  7 0.5938 0.1801 0.0698 0.0923 0.0640 
     D244011  7 0.4127 0.1154 0.0764 0.1559 0.2395 
     D244012  7 0.4787 0.1022 0.1414 0.2293 0.0485 
     D244013  7 0.1281 0.0987 0.1553 0.3351 0.2828 
     D244014  7 0.2018 0.3204 0.1032 0.2793 0.0953 
     D244015  7 0.2490 0.3568 0.1918 0.1522 0.0502 
     D244125  7 0.0822 0.0688 0.1939 0.1856 0.4695 
     D244126  7 0.1669 0.7497 0.0319 0.0322 0.0194 
     D244130  7 0.4934 0.2475 0.0654 0.1161 0.0777 
     D244131  7 0.0800 0.1762 0.2777 0.1033 0.3627 
     D244132  7 0.1978 0.0823 0.3123 0.0450 0.3626 
        D520  7 0.5648 0.1844 0.0830 0.0420 0.1258 
        D521  7 0.4576 0.1579 0.1801 0.1258 0.0785 
        D522  7 0.0486 0.5771 0.1954 0.0664 0.1125 
        D523  7 0.1106 0.0625 0.0471 0.6406 0.1393 
        D524  7 0.1365 0.1688 0.1047 0.3108 0.2792 
        D525  7 0.0638 0.5515 0.0569 0.2430 0.0848 
        D526  7 0.0609 0.7863 0.0817 0.0464 0.0246 
        D527  7 0.2087 0.1597 0.3358 0.1259 0.1699 
        D528  7 0.8196 0.1065 0.0326 0.0188 0.0224 
        D558  7 0.2647 0.1576 0.3427 0.1971 0.0379 
        D559  7 0.3016 0.1295 0.2897 0.2488 0.0305 
        D640  7 0.1019 0.0854 0.1579 0.1428 0.5119 
        D641  7 0.2132 0.1853 0.0404 0.1373 0.4239 
        D642  7 0.1021 0.5606 0.0709 0.1893 0.0771 
        D644  7 0.1595 0.3169 0.1100 0.1419 0.2717 
        D645  7 0.1536 0.1799 0.1428 0.2864 0.2372 
        D662  7 0.0374 0.6236 0.1696 0.0242 0.1452 
        D687  7 0.3647 0.0884 0.1517 0.1998 0.1954 
        D688  7 0.2535 0.1854 0.3230 0.2012 0.0369 
        D689  7 0.1122 0.1133 0.2936 0.1349 0.3461 
        D700  7 0.8024 0.1000 0.0428 0.0279 0.0269 
        D797  7 0.2226 0.1096 0.2585 0.1665 0.2428 
        D798  7 0.2022 0.5879 0.0967 0.0411 0.0720 
        D799  7 0.2512 0.2142 0.0757 0.4010 0.0579 
        D800  7 0.1227 0.1287 0.5672 0.1322 0.0492 
        D132  8 0.0510 0.7908 0.0628 0.0334 0.0620 
        D133  8 0.0453 0.0668 0.0260 0.8369 0.0250 
        D200  8 0.8509 0.0299 0.0298 0.0656 0.0239 
        D500  8 0.0325 0.8687 0.0423 0.0219 0.0346 
        D614  8 0.2300 0.1627 0.1156 0.0572 0.4346 
        D723  8 0.0953 0.2951 0.3925 0.1576 0.0594 
        D888  8 0.0991 0.0460 0.0790 0.5956 0.1803 
        D901  8 0.6306 0.1806 0.0320 0.0847 0.0722 
        D902  8 0.1352 0.0764 0.0425 0.0586 0.6873 
        D903  8 0.1914 0.0399 0.5814 0.0725 0.1149 
        D904  8 0.2173 0.1682 0.4171 0.0930 0.1044 
        D905  8 0.0939 0.0311 0.0266 0.4887 0.3596 
        D906  8 0.1699 0.0937 0.1200 0.5486 0.0678 
        D937  8 0.0954 0.0324 0.0192 0.0429 0.8100 
        D943  8 0.3359 0.2809 0.1492 0.1606 0.0735 
        D972  8 0.1929 0.3370 0.2795 0.1271 0.0636 
        D973  8 0.0721 0.1676 0.6566 0.0475 0.0561 
        D974  8 0.3386 0.1995 0.2101 0.1343 0.1176 
        D975  8 0.6759 0.0616 0.0593 0.1122 0.0911 
        D976  8 0.4784 0.1552 0.0526 0.1399 0.1739 
        D201  9 0.1913 0.1408 0.1229 0.4876 0.0575 
        D202  9 0.7395 0.0630 0.0260 0.1202 0.0512 
     D237259  9 0.3212 0.2145 0.2369 0.1916 0.0358 
     D237260  9 0.3258 0.2055 0.0280 0.3386 0.1021 
     D237262  9 0.0584 0.8268 0.0354 0.0277 0.0517 
     D237263  9 0.1095 0.5759 0.0889 0.1795 0.0462 
     D237264  9 0.2247 0.2804 0.1029 0.1833 0.2087 
     D237265  9 0.1290 0.0892 0.0447 0.6183 0.1187 
     D237266  9 0.0284 0.3473 0.0740 0.5099 0.0404 
     D237267  9 0.7396 0.0779 0.0605 0.0566 0.0655 
     D237268  9 0.3769 0.3795 0.1247 0.0518 0.0671 
     D237289  9 0.1723 0.1181 0.0402 0.4200 0.2494 
     D237290  9 0.0591 0.0559 0.0361 0.8104 0.0385 
     D237291  9 0.0985 0.0819 0.0542 0.6861 0.0793 
     D237292  9 0.2142 0.1654 0.0439 0.5346 0.0419 
     D237293  9 0.3486 0.2351 0.1624 0.0980 0.1559 
     D237294  9 0.3755 0.3838 0.0316 0.1430 0.0661 
     D237295  9 0.2032 0.2175 0.3565 0.0395 0.1834 
     D237296  9 0.4864 0.1696 0.0922 0.1387 0.1130 
     D237297  9 0.5159 0.0674 0.0540 0.0694 0.2933 
     D237298  9 0.1603 0.2016 0.3751 0.1672 0.0959 
     D237341  9 0.2367 0.1599 0.1413 0.3749 0.0873 
     D237342  9 0.4695 0.3506 0.0404 0.0740 0.0655 
     D237343  9 0.1557 0.4434 0.0702 0.2588 0.0719 
     D237344  9 0.2486 0.1405 0.0912 0.1720 0.3477 
     D237345  9 0.1569 0.7175 0.0423 0.0628 0.0204 
     D237346  9 0.1144 0.2227 0.0567 0.4273 0.1788 
     D237347  9 0.0701 0.0576 0.0671 0.1003 0.7049 
     D237348  9 0.2302 0.3119 0.1221 0.2002 0.1356 
     D237349  9 0.0419 0.2612 0.2639 0.3936 0.0394 
     D244109  9 0.0762 0.1243 0.1046 0.6745 0.0204 
     D244110  9 0.0803 0.0714 0.0662 0.7446 0.0375 
     D244111  9 0.3855 0.0945 0.1626 0.2728 0.0846 
     D244128  9 0.5171 0.3542 0.0302 0.0639 0.0345 
     D244137  9 0.0666 0.1956 0.5136 0.1353 0.0889 
     D244138  9 0.2997 0.1317 0.0444 0.4126 0.1117 
        D580  9 0.5885 0.2197 0.1178 0.0352 0.0388 
        D581  9 0.1160 0.0551 0.0336 0.7596 0.0357 
        D582  9 0.3347 0.5701 0.0340 0.0303 0.0309 
        D583  9 0.0500 0.1330 0.0326 0.7503 0.0341 
        D584  9 0.3485 0.2406 0.0385 0.0974 0.2751 
        D585  9 0.2850 0.3903 0.0638 0.2110 0.0499 
        D586  9 0.0352 0.0520 0.0571 0.5198 0.3359 
        D651  9 0.0455 0.1039 0.5425 0.1424 0.1657 
        D652  9 0.0771 0.4865 0.1944 0.1992 0.0428 
        D653  9 0.1401 0.0587 0.2798 0.3718 0.1496 
        D654  9 0.0881 0.2323 0.3185 0.3219 0.0391 
        D655  9 0.1265 0.0984 0.1793 0.2628 0.3330 
        D656  9 0.1230 0.7273 0.0636 0.0531 0.0330 
        D657  9 0.4360 0.2491 0.0908 0.1543 0.0699 
        D667  9 0.1191 0.0828 0.1234 0.1577 0.5170 
        D668  9 0.1265 0.5098 0.0801 0.1127 0.1709 
        D669  9 0.3242 0.0911 0.0915 0.3870 0.1062 
        D670  9 0.0886 0.1033 0.6586 0.0762 0.0733 
        D671  9 0.1634 0.0876 0.0763 0.6054 0.0673 
        D672  9 0.2917 0.5021 0.0491 0.1019 0.0551 
        D673  9 0.2539 0.2411 0.1710 0.0642 0.2698 
        D692  9 0.1924 0.3149 0.0819 0.3731 0.0377 
        D693  9 0.2420 0.2105 0.1894 0.1258 0.2322 
        D694  9 0.3728 0.4587 0.0398 0.0806 0.0481 
        D695  9 0.0747 0.5031 0.2819 0.0620 0.0784 
        D696  9 0.0906 0.0268 0.0301 0.0321 0.8203 
        D697  9 0.0623 0.1253 0.1035 0.1412 0.5677 
        D698  9 0.1860 0.1091 0.0516 0.3723 0.2811 
        D699  9 0.3013 0.0955 0.0440 0.1091 0.4500 
        D787  9 0.0431 0.3390 0.3854 0.1811 0.0514 
        D788  9 0.5094 0.0923 0.0724 0.0403 0.2856 
        D789  9 0.6213 0.1406 0.0450 0.0991 0.0939 
        D790  9 0.0599 0.3189 0.1956 0.2862 0.1394 
        D791  9 0.5053 0.0597 0.0286 0.2990 0.1075 
        D792  9 0.0330 0.3048 0.3336 0.2376 0.0910 
        D793  9 0.0303 0.0551 0.1770 0.0604 0.6772 
        D794  9 0.0837 0.1126 0.3114 0.1850 0.3073 
        D795  9 0.3622 0.4201 0.0296 0.0683 0.1199 
        D796  9 0.2846 0.1076 0.0775 0.3904 0.1399 
        D142 10 0.5667 0.0532 0.1261 0.1036 0.1505 
        D143 10 0.0714 0.0656 0.0626 0.7188 0.0816 
        D144 10 0.2414 0.2227 0.1832 0.0938 0.2589 
        D145 10 0.1317 0.0616 0.0573 0.6023 0.1471 
        D146 10 0.4770 0.3459 0.0725 0.0465 0.0582 
        D147 10 0.7867 0.0617 0.0613 0.0557 0.0346 
        D148 10 0.6085 0.0393 0.1977 0.0760 0.0785 
        D149 10 0.0417 0.0583 0.0808 0.7561 0.0630 
        D151 10 0.5260 0.0852 0.0896 0.1875 0.1118 
        D152 10 0.0605 0.0327 0.0251 0.8520 0.0296 
        D153 10 0.3223 0.0917 0.4170 0.0455 0.1236 
        D156 10 0.4275 0.0529 0.3915 0.0880 0.0401 
        D157 10 0.3400 0.2198 0.0769 0.0625 0.3008 
        D158 10 0.6459 0.0757 0.0354 0.1068 0.1361 
        D159 10 0.0306 0.0364 0.0595 0.8262 0.0472 
        D160 10 0.0241 0.0413 0.0198 0.2660 0.6488 
        D161 10 0.1070 0.1363 0.4497 0.1445 0.1624 
        D162 10 0.2670 0.0406 0.3677 0.2158 0.1089 
        D169 10 0.0458 0.7378 0.0654 0.0948 0.0563 
        D170 10 0.1638 0.6066 0.0896 0.0468 0.0932 
        D171 10 0.6544 0.0785 0.0922 0.0475 0.1274 
        D172 10 0.4597 0.1371 0.1795 0.1556 0.0680 
