        D174  1 0.1168 0.0132 0.0252 0.0885 0.0720 0.0878 0.3525 0.0883 0.0443 0.0817 0.0298 
        D199  1 0.0320 0.0320 0.1355 0.1277 0.0971 0.0936 0.1223 0.0366 0.1446 0.0266 0.1519 
        D203  1 0.1003 0.0315 0.1335 0.0766 0.0952 0.0545 0.0519 0.0185 0.2414 0.0825 0.1141 
        D204  1 0.0182 0.0597 0.0284 0.0274 0.0290 0.0139 0.0136 0.0208 0.7411 0.0276 0.0204 
     D237366  1 0.1655 0.0972 0.0258 0.0815 0.0403 0.4229 0.0468 0.0233 0.0380 0.0199 0.0390 
     D237367  1 0.0677 0.0358 0.0619 0.1116 0.0727 0.1734 0.0375 0.1111 0.2629 0.0452 0.0202 
     D237368  1 0.0313 0.0411 0.0607 0.0927 0.0327 0.3778 0.1141 0.0275 0.1479 0.0484 0.0257 
     D244101  1 0.0195 0.4391 0.0991 0.0637 0.0327 0.0174 0.0146 0.0210 0.1365 0.0320 0.1244 
     D244102  1 0.0590 0.0466 0.0371 0.0839 0.3626 0.0535 0.0341 0.0660 0.0721 0.1252 0.0598 
     D244103  1 0.1815 0.0525 0.0342 0.1562 0.0573 0.1467 0.0422 0.1728 0.0884 0.0499 0.0181 
     D244104  1 0.0225 0.0214 0.0275 0.0395 0.0114 0.0376 0.0618 0.1210 0.6019 0.0237 0.0318 
     D244105  1 0.4020 0.0197 0.0186 0.1563 0.0404 0.1786 0.0124 0.0266 0.0347 0.0797 0.0310 
     D244106  1 0.1480 0.0195 0.0592 0.0623 0.0641 0.0209 0.4691 0.0215 0.0783 0.0248 0.0323 
     D244107  1 0.0576 0.0564 0.0777 0.1016 0.0175 0.4088 0.0144 0.0409 0.0327 0.1676 0.0247 
     D244108  1 0.0310 0.0251 0.0336 0.0539 0.1165 0.0250 0.2058 0.0239 0.0416 0.4043 0.0394 
     D244113  1 0.0132 0.0694 0.0376 0.0527 0.3892 0.0272 0.2286 0.1234 0.0137 0.0251 0.0198 
     D244114  1 0.3673 0.0499 0.0300 0.1642 0.0644 0.0342 0.0717 0.0306 0.0512 0.0337 0.1029 
     D244115  1 0.0539 0.0218 0.0179 0.1416 0.0489 0.0573 0.2312 0.0548 0.1253 0.2127 0.0346 
     D267365  1 0.0342 0.0325 0.0261 0.0817 0.0465 0.0797 0.1623 0.0394 0.2680 0.0268 0.2026 
        D404  1 0.0321 0.0756 0.0271 0.0299 0.6094 0.0142 0.0940 0.0455 0.0155 0.0363 0.0204 
        D405  1 0.0371 0.0354 0.0359 0.0559 0.5516 0.0266 0.0342 0.0433 0.0991 0.0522 0.0287 
        D406  1 0.0393 0.0329 0.0198 0.0297 0.0293 0.5526 0.0454 0.0125 0.0561 0.1656 0.0168 
        D407  1 0.0254 0.0121 0.0669 0.0339 0.0183 0.1408 0.0213 0.1299 0.5224 0.0131 0.0160 
        D408  1 0.0209 0.0317 0.0138 0.0408 0.0736 0.0223 0.2672 0.3268 0.0458 0.0460 0.1112 
        D409  1 0.1168 0.0622 0.0380 0.2321 0.0594 0.1259 0.0386 0.0960 0.0614 0.1309 0.0388 
        D410  1 0.0163 0.0243 0.0085 0.0303 0.0228 0.0164 0.0199 0.0174 0.0444 0.7864 0.0133 
        D421  1 0.0090 0.0093 0.0203 0.0131 0.0077 0.0174 0.0234 0.0186 0.8586 0.0083 0.0145 
        D422  1 0.1144 0.0139 0.0158 0.0232 0.0153 0.7028 0.0131 0.0214 0.0384 0.0231 0.0186 
        D423  1 0.0357 0.0142 0.0534 0.0423 0.0338 0.0651 0.0159 0.0150 0.0771 0.6331 0.0143 
        D424  1 0.0410 0.0182 0.0179 0.1043 0.0317 0.0776 0.0305 0.0332 0.6139 0.0153 0.0166 
        D425  1 0.0419 0.0218 0.0193 0.1476 0.1312 0.0334 0.0737 0.0414 0.3306 0.0784 0.0806 
        D426  1 0.1040 0.0215 0.0189 0.2674 0.0266 0.1690 0.0189 0.1801 0.0415 0.0473 0.1047 
        D427  1 0.0197 0.0117 0.3686 0.0216 0.0097 0.0214 0.2050 0.0465 0.2667 0.0153 0.0136 
        D428  1 0.0216 0.0650 0.0488 0.0832 0.1062 0.0679 0.1503 0.0615 0.2518 0.1075 0.0363 
        D429  1 0.1275 0.0296 0.0273 0.0598 0.0884 0.0301 0.1478 0.0173 0.3993 0.0300 0.0430 
        D430  1 0.1714 0.0226 0.0448 0.1543 0.1316 0.0386 0.1251 0.0498 0.0749 0.0352 0.1517 
        D491  1 0.0175 0.0243 0.0100 0.0333 0.0378 0.0255 0.6057 0.0883 0.0855 0.0350 0.0371 
        D492  1 0.0530 0.0385 0.0515 0.1226 0.1400 0.1007 0.1396 0.0276 0.2636 0.0329 0.0299 
        D537  1 0.0419 0.0615 0.0356 0.0609 0.0444 0.0934 0.0280 0.0785 0.4775 0.0653 0.0129 
        D538  1 0.0454 0.0444 0.0828 0.1257 0.2739 0.0922 0.0912 0.0254 0.0498 0.1401 0.0292 
        D539  1 0.2318 0.0488 0.0368 0.0750 0.0821 0.0357 0.1384 0.0621 0.0284 0.0652 0.1956 
        D540  1 0.0421 0.0158 0.0203 0.1338 0.0421 0.0708 0.0195 0.3872 0.1640 0.0562 0.0483 
        D541  1 0.0105 0.0131 0.0147 0.0174 0.0100 0.0155 0.0115 0.0136 0.8625 0.0173 0.0140 
        D551  1 0.3477 0.0224 0.0638 0.2223 0.0208 0.0630 0.0303 0.0652 0.0360 0.0263 0.1022 
        D552  1 0.0502 0.0707 0.0293 0.1062 0.0156 0.0774 0.2213 0.0726 0.1155 0.2043 0.0369 
        D553  1 0.0118 0.0115 0.0110 0.0152 0.0073 0.0186 0.0113 0.0164 0.8666 0.0169 0.0133 
        D615  1 0.0690 0.0219 0.0562 0.0817 0.0675 0.0373 0.0578 0.0334 0.4221 0.1152 0.0380 
        D616  1 0.0610 0.0196 0.1051 0.1219 0.0266 0.0862 0.0563 0.0368 0.3042 0.1123 0.0699 
        D621  1 0.0474 0.2665 0.0230 0.0450 0.0395 0.1640 0.0803 0.0491 0.0146 0.2484 0.0223 
        D622  1 0.0902 0.0370 0.0205 0.0738 0.0170 0.3849 0.0405 0.0608 0.0308 0.2075 0.0371 
        D623  1 0.0162 0.2001 0.1425 0.0602 0.1905 0.0211 0.1992 0.0227 0.0191 0.0723 0.0562 
        D624  1 0.0199 0.0081 0.0108 0.0495 0.0257 0.0487 0.7434 0.0279 0.0268 0.0168 0.0225 
        D625  1 0.0373 0.0420 0.0161 0.0585 0.0196 0.0474 0.0735 0.0328 0.5812 0.0643 0.0273 
        D626  1 0.0835 0.0197 0.0279 0.0645 0.0562 0.0924 0.3254 0.1354 0.0464 0.0983 0.0503 
        D627  1 0.1138 0.0277 0.0182 0.3663 0.0173 0.1188 0.0351 0.0525 0.0865 0.0185 0.1453 
        D690  1 0.0178 0.0207 0.0108 0.0236 0.0104 0.0363 0.0418 0.0142 0.7710 0.0431 0.0103 
        D691  1 0.1258 0.0238 0.0151 0.0286 0.0118 0.5769 0.0341 0.0207 0.0648 0.0741 0.0242 
        D710  1 0.0198 0.1268 0.0430 0.1114 0.0426 0.1407 0.1153 0.0804 0.2085 0.0607 0.0508 
        D711  1 0.0304 0.0338 0.0202 0.0231 0.0307 0.0427 0.0244 0.0091 0.7447 0.0196 0.0213 
        D712  1 0.0301 0.0434 0.0394 0.0516 0.0786 0.0675 0.4670 0.0832 0.0278 0.0286 0.0830 
        D713  1 0.0696 0.1154 0.0166 0.0891 0.2129 0.0723 0.1308 0.0660 0.1471 0.0575 0.0228 
        D746  1 0.0406 0.0293 0.0392 0.0343 0.0136 0.6119 0.0261 0.0325 0.0549 0.0980 0.0196 
        D747  1 0.0096 0.0210 0.0171 0.0153 0.0113 0.0124 0.0125 0.0129 0.8572 0.0113 0.0195 
        D748  1 0.3120 0.0462 0.0142 0.0501 0.0212 0.1361 0.0330 0.0570 0.1779 0.1291 0.0233 
        D749  1 0.1116 0.0823 0.0375 0.2077 0.0733 0.2260 0.1124 0.0174 0.0238 0.0800 0.0280 
        D750  1 0.0287 0.0459 0.0168 0.0408 0.0199 0.0414 0.5743 0.0221 0.1179 0.0718 0.0203 
        D763  1 0.0872 0.2004 0.1055 0.1055 0.0298 0.0837 0.0169 0.1551 0.0545 0.0328 0.1285 
        D764  1 0.0231 0.0144 0.0137 0.0430 0.0139 0.0552 0.2720 0.0243 0.4033 0.1181 0.0191 
        D765  1 0.0439 0.0118 0.0120 0.0690 0.0481 0.0475 0.0864 0.0218 0.0249 0.6110 0.0235 
        D766  1 0.0616 0.0781 0.0208 0.0489 0.0392 0.1025 0.0311 0.0841 0.0423 0.4766 0.0148 
        D767  1 0.0733 0.1475 0.0719 0.0801 0.3062 0.0719 0.0324 0.0227 0.0765 0.0802 0.0375 
        D768  1 0.0167 0.0098 0.0156 0.0200 0.0116 0.0213 0.0117 0.0116 0.8532 0.0150 0.0135 
        D811  1 0.0249 0.0187 0.0140 0.0388 0.3229 0.0127 0.0555 0.3848 0.0147 0.0942 0.0187 
        D816  1 0.0134 0.0156 0.0099 0.0180 0.0173 0.0158 0.0198 0.0110 0.8479 0.0148 0.0165 
        D825  1 0.0363 0.0173 0.0143 0.0665 0.1530 0.0379 0.1409 0.0713 0.0791 0.3612 0.0222 
        D866  1 0.0612 0.0165 0.0770 0.0814 0.0541 0.0288 0.1762 0.0588 0.0431 0.0567 0.3463 
        D867  1 0.0271 0.1004 0.0448 0.0402 0.0280 0.6646 0.0153 0.0296 0.0167 0.0192 0.0141 
        D871  1 0.1412 0.0523 0.0121 0.2596 0.0590 0.0818 0.0645 0.1520 0.0575 0.0769 0.0431 
        D872  1 0.0298 0.0389 0.0483 0.0721 0.2371 0.0764 0.0474 0.0204 0.1340 0.2742 0.0215 
        D873  1 0.0158 0.0437 0.0162 0.0239 0.0771 0.0245 0.0123 0.0127 0.0080 0.7566 0.0092 
        D874  1 0.0249 0.7331 0.0154 0.0345 0.0327 0.0127 0.0460 0.0281 0.0316 0.0141 0.0270 
        D875  1 0.1469 0.0460 0.0117 0.1876 0.0385 0.1849 0.0200 0.0965 0.0291 0.2171 0.0216 
        D876  1 0.0296 0.1089 0.0255 0.0951 0.0309 0.0605 0.1309 0.0385 0.3777 0.0652 0.0371 
        D877  1 0.0176 0.0509 0.0179 0.0345 0.7305 0.0098 0.0567 0.0228 0.0242 0.0165 0.0185 
        D892  1 0.1530 0.0334 0.0165 0.0775 0.0545 0.1703 0.1219 0.0186 0.2737 0.0571 0.0235 
        D893  1 0.0365 0.0400 0.0243 0.0571 0.0167 0.0588 0.0160 0.0535 0.6175 0.0351 0.0444 
        D894  1 0.1117 0.0259 0.0174 0.0577 0.0215 0.0449 0.0697 0.0205 0.5825 0.0174 0.0306 
        D915  1 0.1450 0.0237 0.0205 0.0404 0.0224 0.0552 0.0412 0.0334 0.4562 0.1242 0.0379 
        D916  1 0.0230 0.0123 0.0089 0.0116 0.0097 0.0141 0.0165 0.0107 0.8662 0.0165 0.0104 
        D917  1 0.0250 0.1329 0.0579 0.1196 0.0763 0.0619 0.2398 0.0316 0.0767 0.0221 0.1562 
        D925  1 0.0168 0.0123 0.0209 0.0393 0.0336 0.0500 0.0668 0.0367 0.2205 0.4637 0.0394 
        D926  1 0.0874 0.0528 0.0173 0.1746 0.0380 0.0533 0.0531 0.0404 0.4073 0.0425 0.0331 
        D927  1 0.0492 0.0405 0.2529 0.1330 0.0422 0.0830 0.0661 0.0303 0.1777 0.0192 0.1058 
        D928  1 0.0082 0.0135 0.0163 0.0162 0.0356 0.0115 0.7720 0.0149 0.0669 0.0310 0.0138 
        D929  1 0.0726 0.3404 0.0173 0.0460 0.3149 0.0687 0.0383 0.0334 0.0255 0.0249 0.0180 
        D936  1 0.0481 0.1470 0.0360 0.0526 0.0248 0.0228 0.0248 0.0273 0.4780 0.0313 0.1072 
        D938  1 0.0410 0.0482 0.0118 0.0331 0.0169 0.5321 0.0235 0.0464 0.0256 0.2041 0.0172 
        D956  1 0.0848 0.0353 0.0264 0.0549 0.1105 0.0172 0.5446 0.0294 0.0377 0.0353 0.0240 
        D957  1 0.0248 0.0331 0.0265 0.0399 0.1280 0.0460 0.0258 0.0163 0.0551 0.5798 0.0247 
        D958  1 0.0290 0.0682 0.0196 0.0557 0.0492 0.0841 0.1259 0.0349 0.0953 0.4173 0.0210 
        D959  1 0.0494 0.0099 0.0541 0.0509 0.0252 0.1751 0.0180 0.1112 0.4822 0.0135 0.0105 
        D960  1 0.0584 0.0310 0.0166 0.0477 0.0939 0.4836 0.0511 0.0097 0.0268 0.1651 0.0160 
        D989  1 0.0354 0.0222 0.0784 0.0641 0.0374 0.0387 0.5521 0.0405 0.0410 0.0178 0.0725 
        D990  1 0.0424 0.0189 0.0338 0.0712 0.0108 0.0513 0.0423 0.0143 0.0124 0.5803 0.1223 
        D023  2 0.0104 0.0126 0.0145 0.0154 0.0088 0.8590 0.0132 0.0150 0.0262 0.0132 0.0117 
        D130  2 0.0551 0.0160 0.0373 0.0344 0.0932 0.5653 0.0154 0.0200 0.0994 0.0508 0.0132 
        D131  2 0.0598 0.0555 0.0380 0.2136 0.0325 0.0369 0.0324 0.1672 0.1950 0.0817 0.0875 
        D163  2 0.0957 0.0375 0.0102 0.0394 0.0124 0.6009 0.0380 0.0208 0.0493 0.0588 0.0369 
        D164  2 0.0125 0.0140 0.5231 0.0186 0.0133 0.0249 0.0088 0.0188 0.0092 0.3464 0.0106 
        D165  2 0.0139 0.0226 0.0174 0.0183 0.0094 0.8229 0.0162 0.0206 0.0241 0.0141 0.0205 
        D166  2 0.1338 0.0659 0.0325 0.1542 0.3567 0.0501 0.0161 0.0731 0.0298 0.0525 0.0354 
        D167  2 0.0113 0.0121 0.7909 0.0164 0.0769 0.0111 0.0256 0.0107 0.0132 0.0136 0.0181 
        D192  2 0.0121 0.0155 0.8526 0.0151 0.0273 0.0117 0.0136 0.0125 0.0082 0.0121 0.0193 
        D193  2 0.0685 0.0329 0.0191 0.0720 0.6471 0.0192 0.0566 0.0178 0.0172 0.0208 0.0288 
        D206  2 0.0584 0.0280 0.2153 0.0842 0.0281 0.0605 0.0164 0.4156 0.0537 0.0199 0.0199 
        D207  2 0.0449 0.0173 0.5758 0.0718 0.1249 0.0193 0.0191 0.0321 0.0265 0.0205 0.0480 
        D208  2 0.0523 0.0284 0.0619 0.0663 0.0536 0.0364 0.1312 0.2945 0.0359 0.0301 0.2095 
        D209  2 0.0345 0.1149 0.4076 0.1855 0.0346 0.0455 0.0222 0.0612 0.0231 0.0478 0.0229 
        D210  2 0.0642 0.0301 0.0660 0.0530 0.0240 0.0225 0.4788 0.0287 0.0622 0.0226 0.1477 
     D229599  2 0.0420 0.1510 0.0380 0.1795 0.0378 0.0931 0.0546 0.0296 0.1426 0.0442 0.1876 
     D229600  2 0.0543 0.0197 0.3286 0.0653 0.0530 0.3442 0.0215 0.0170 0.0251 0.0489 0.0224 
     D237227  2 0.0213 0.0212 0.0460 0.0619 0.0254 0.0580 0.3765 0.0423 0.0473 0.1812 0.1190 
     D237228  2 0.0439 0.0132 0.0401 0.0486 0.0559 0.0144 0.1042 0.0182 0.0101 0.5810 0.0704 
     D237258  2 0.0364 0.0629 0.1847 0.1012 0.0618 0.1517 0.0828 0.1108 0.0549 0.0676 0.0852 
     D237310  2 0.0837 0.0288 0.0316 0.0298 0.1267 0.0190 0.0319 0.0201 0.0097 0.6023 0.0163 
     D237311  2 0.0439 0.0135 0.1344 0.0268 0.0582 0.0209 0.0195 0.0237 0.0118 0.6255 0.0219 
     D237312  2 0.2275 0.0514 0.0211 0.0587 0.2070 0.0612 0.0278 0.0366 0.0168 0.2775 0.0144 
     D237313  2 0.0785 0.0443 0.0191 0.1375 0.0339 0.0405 0.0598 0.2516 0.1111 0.1494 0.0742 
     D237322  2 0.0804 0.0892 0.0255 0.2286 0.0876 0.0274 0.0634 0.0566 0.0244 0.0952 0.2217 
     D237323  2 0.0373 0.0179 0.0259 0.0397 0.0707 0.0340 0.1106 0.0185 0.0110 0.5824 0.0520 
     D237324  2 0.0427 0.0435 0.1905 0.3428 0.0209 0.1606 0.0129 0.0224 0.0533 0.0483 0.0619 
     D237325  2 0.1943 0.0447 0.0421 0.0630 0.0611 0.0573 0.0623 0.0245 0.0165 0.4044 0.0297 
     D237326  2 0.0215 0.0263 0.0242 0.0254 0.0262 0.0394 0.0402 0.0121 0.0338 0.7265 0.0244 
     D237327  2 0.0686 0.1141 0.0707 0.1387 0.0322 0.0814 0.0359 0.0323 0.0453 0.0235 0.3573 
     D237337  2 0.0335 0.0134 0.0113 0.0218 0.0255 0.0172 0.0159 0.0170 0.0131 0.8195 0.0117 
     D237338  2 0.1363 0.0916 0.0514 0.1167 0.0350 0.1339 0.0786 0.0465 0.0409 0.1788 0.0901 
     D237339  2 0.0217 0.6175 0.1367 0.0488 0.0382 0.0161 0.0138 0.0217 0.0238 0.0223 0.0394 
     D237340  2 0.0579 0.0260 0.1353 0.0641 0.0964 0.0376 0.0811 0.0208 0.0126 0.4402 0.0280 
     D237389  2 0.0981 0.0222 0.0740 0.0385 0.1537 0.0265 0.0118 0.0221 0.0168 0.5199 0.0164 
     D237390  2 0.1732 0.0287 0.0171 0.0585 0.1361 0.0545 0.0428 0.0442 0.0257 0.3739 0.0453 
     D244017  2 0.0148 0.0154 0.3082 0.0662 0.2737 0.0480 0.1683 0.0184 0.0155 0.0298 0.0417 
     D244112  2 0.0371 0.0138 0.7813 0.0208 0.0448 0.0276 0.0151 0.0139 0.0167 0.0148 0.0143 
     D244118  2 0.0175 0.0213 0.6055 0.0214 0.0350 0.2032 0.0214 0.0083 0.0103 0.0326 0.0233 
     D244119  2 0.0126 0.0101 0.2604 0.0248 0.0185 0.0146 0.5866 0.0177 0.0133 0.0246 0.0168 
     D244120  2 0.1332 0.0384 0.2848 0.0385 0.3245 0.0213 0.0264 0.0162 0.0113 0.0310 0.0745 
     D244122  2 0.0588 0.0236 0.6073 0.0495 0.0914 0.0319 0.0276 0.0519 0.0215 0.0150 0.0216 
        D291  2 0.0246 0.0134 0.0366 0.1086 0.0502 0.0502 0.0138 0.0901 0.0710 0.0258 0.5156 
        D292  2 0.0192 0.0299 0.1639 0.0621 0.0468 0.0208 0.0472 0.0283 0.2128 0.0666 0.3025 
        D293  2 0.0178 0.1132 0.5685 0.0760 0.0129 0.0126 0.0161 0.0151 0.0926 0.0134 0.0617 
        D322  2 0.0254 0.2042 0.4574 0.0651 0.0234 0.0249 0.0161 0.0193 0.0877 0.0304 0.0462 
        D323  2 0.0349 0.0489 0.0668 0.0663 0.1023 0.0201 0.0202 0.5663 0.0199 0.0239 0.0304 
        D324  2 0.0656 0.0282 0.0325 0.1259 0.0214 0.0976 0.0452 0.0678 0.1032 0.1280 0.2847 
        D325  2 0.0334 0.0291 0.7883 0.0268 0.0116 0.0137 0.0102 0.0152 0.0307 0.0116 0.0295 
        D326  2 0.0165 0.0158 0.0137 0.0201 0.0127 0.0140 0.0290 0.0180 0.8282 0.0101 0.0218 
        D340  2 0.0194 0.0229 0.8292 0.0139 0.0089 0.0146 0.0176 0.0132 0.0204 0.0180 0.0219 
        D341  2 0.2136 0.0290 0.4607 0.0402 0.0292 0.0203 0.0295 0.0457 0.0418 0.0393 0.0507 
        D342  2 0.1413 0.0248 0.4521 0.0940 0.0477 0.0678 0.0146 0.0410 0.0228 0.0598 0.0341 
        D343  2 0.0111 0.0105 0.8986 0.0102 0.0075 0.0094 0.0085 0.0085 0.0150 0.0083 0.0125 
        D344  2 0.0502 0.3690 0.0422 0.1680 0.1629 0.0141 0.0160 0.0282 0.0887 0.0393 0.0216 
        D345  2 0.0213 0.2868 0.0396 0.1577 0.0200 0.0611 0.0325 0.0514 0.0614 0.2328 0.0351 
        D346  2 0.0476 0.0364 0.0412 0.0412 0.0288 0.0243 0.3071 0.3717 0.0365 0.0280 0.0371 
        D351  2 0.0642 0.0779 0.0400 0.1930 0.0413 0.0548 0.0239 0.0509 0.1879 0.0772 0.1888 
        D352  2 0.0171 0.6848 0.0258 0.0758 0.0330 0.0212 0.0365 0.0245 0.0153 0.0278 0.0382 
        D353  2 0.0288 0.0602 0.0230 0.6513 0.0220 0.0129 0.0136 0.0430 0.1073 0.0132 0.0246 
        D354  2 0.0237 0.7027 0.0109 0.0509 0.0309 0.0140 0.0343 0.0300 0.0429 0.0443 0.0155 
        D362  2 0.0160 0.0175 0.0241 0.0341 0.0387 0.0671 0.0216 0.0277 0.7044 0.0254 0.0232 
        D363  2 0.0112 0.0193 0.0206 0.0218 0.0238 0.0379 0.0396 0.0419 0.7326 0.0265 0.0248 
        D364  2 0.0468 0.3077 0.0249 0.0966 0.0339 0.0188 0.0346 0.0408 0.3289 0.0491 0.0179 
        D365  2 0.0106 0.0243 0.8589 0.0123 0.0098 0.0096 0.0230 0.0137 0.0156 0.0111 0.0111 
        D369  2 0.0387 0.0212 0.1236 0.0960 0.0240 0.0332 0.1399 0.1266 0.1321 0.1363 0.1284 
        D374  2 0.0163 0.0145 0.0109 0.0233 0.6710 0.0081 0.1828 0.0213 0.0158 0.0219 0.0141 
        D375  2 0.0274 0.7917 0.0103 0.0445 0.0368 0.0158 0.0111 0.0232 0.0140 0.0161 0.0089 
        D376  2 0.0470 0.0540 0.0215 0.0703 0.3909 0.0128 0.3196 0.0225 0.0164 0.0260 0.0190 
        D377  2 0.0569 0.0345 0.0285 0.0557 0.0567 0.0332 0.0325 0.5326 0.0166 0.1245 0.0282 
        D378  2 0.0370 0.2047 0.2573 0.1453 0.0134 0.1017 0.0215 0.0601 0.0994 0.0186 0.0408 
        D379  2 0.0544 0.0379 0.0161 0.0850 0.0242 0.0182 0.0212 0.1335 0.5652 0.0210 0.0232 
        D384  2 0.0118 0.0147 0.0138 0.0273 0.0104 0.0104 0.0364 0.0230 0.8212 0.0144 0.0166 
        D385  2 0.0293 0.1291 0.6664 0.0325 0.0183 0.0131 0.0306 0.0278 0.0163 0.0172 0.0195 
        D386  2 0.0402 0.4563 0.0881 0.0980 0.0359 0.0707 0.0199 0.0610 0.0822 0.0244 0.0233 
        D391  2 0.0199 0.0944 0.7359 0.0174 0.0158 0.0150 0.0147 0.0248 0.0211 0.0202 0.0208 
        D392  2 0.0232 0.0289 0.5537 0.0552 0.0399 0.0420 0.0476 0.0354 0.0449 0.1051 0.0239 
        D393  2 0.0621 0.2205 0.0813 0.0656 0.0128 0.0387 0.0235 0.1178 0.2164 0.0393 0.1220 
        D394  2 0.0660 0.1650 0.0650 0.1575 0.0772 0.1440 0.0352 0.0226 0.0759 0.1415 0.0501 
        D395  2 0.0304 0.4006 0.3100 0.0952 0.0343 0.0312 0.0194 0.0222 0.0128 0.0167 0.0273 
        D401  2 0.0241 0.0091 0.0253 0.0227 0.0245 0.0132 0.0182 0.0448 0.0148 0.7851 0.0182 
        D402  2 0.0214 0.0594 0.7132 0.0234 0.0203 0.0130 0.0140 0.0445 0.0192 0.0254 0.0460 
        D403  2 0.1069 0.0771 0.0242 0.3637 0.0576 0.0511 0.0224 0.0499 0.2074 0.0184 0.0214 
        D415  2 0.0549 0.0245 0.0204 0.1135 0.0236 0.0340 0.0144 0.0273 0.5788 0.0960 0.0126 
        D435  2 0.0346 0.0376 0.1138 0.0317 0.0148 0.0291 0.0143 0.0193 0.6342 0.0309 0.0396 
        D436  2 0.1720 0.3519 0.0248 0.0714 0.0945 0.0358 0.0427 0.0201 0.1258 0.0376 0.0235 
        D438  2 0.0141 0.0131 0.8469 0.0178 0.0137 0.0131 0.0169 0.0307 0.0103 0.0102 0.0134 
        D439  2 0.0257 0.6278 0.0449 0.1018 0.0151 0.0400 0.0133 0.0337 0.0347 0.0402 0.0227 
        D449  2 0.1688 0.0188 0.4180 0.1107 0.0202 0.0556 0.0272 0.0517 0.0808 0.0233 0.0249 
        D450  2 0.1033 0.2110 0.0170 0.1683 0.0459 0.0511 0.1361 0.0475 0.1022 0.0480 0.0696 
        D456  2 0.0239 0.0228 0.0091 0.0301 0.0114 0.0162 0.0168 0.0220 0.8045 0.0152 0.0280 
        D462  2 0.0179 0.0932 0.7478 0.0251 0.0120 0.0196 0.0103 0.0139 0.0300 0.0133 0.0168 
        D463  2 0.0160 0.0234 0.0104 0.0296 0.0156 0.0117 0.0297 0.0206 0.8116 0.0146 0.0167 
        D464  2 0.0408 0.2890 0.0970 0.2878 0.0873 0.0199 0.0282 0.0603 0.0441 0.0238 0.0217 
        D465  2 0.0311 0.0187 0.4901 0.0555 0.0271 0.0296 0.0205 0.0472 0.1524 0.1059 0.0220 
        D473  2 0.0343 0.0839 0.0364 0.0654 0.0470 0.0714 0.4442 0.0519 0.0180 0.1052 0.0423 
        D474  2 0.0252 0.0189 0.0438 0.0403 0.0094 0.0580 0.0498 0.0284 0.5491 0.0309 0.1461 
        D476  2 0.0238 0.4674 0.0626 0.0330 0.0118 0.3174 0.0099 0.0127 0.0172 0.0164 0.0280 
        D477  2 0.0367 0.2835 0.0193 0.0782 0.0223 0.0249 0.0462 0.1001 0.1866 0.1253 0.0769 
        D478  2 0.0517 0.0838 0.0501 0.1757 0.1025 0.3135 0.0790 0.0285 0.0296 0.0318 0.0538 
        D480  2 0.0926 0.2480 0.0733 0.0786 0.0249 0.0193 0.0883 0.0980 0.1669 0.0232 0.0867 
        D481  2 0.0217 0.1905 0.0682 0.0956 0.0351 0.1146 0.0749 0.0346 0.2482 0.0725 0.0441 
        D482  2 0.0621 0.2702 0.0226 0.0930 0.0717 0.0407 0.0887 0.0881 0.0154 0.0667 0.1807 
        D483  2 0.0129 0.0136 0.7940 0.0228 0.0227 0.0155 0.0611 0.0128 0.0120 0.0146 0.0179 
        D484  2 0.0185 0.8118 0.0132 0.0219 0.0412 0.0154 0.0203 0.0198 0.0083 0.0139 0.0156 
        D510  2 0.0436 0.0266 0.0200 0.0418 0.2409 0.0204 0.3988 0.0261 0.0213 0.0290 0.1314 
        D511  2 0.0191 0.6445 0.0631 0.0411 0.0204 0.0361 0.0210 0.0455 0.0526 0.0238 0.0328 
        D512  2 0.0543 0.0220 0.1423 0.0509 0.0706 0.0271 0.0092 0.0435 0.0201 0.5323 0.0277 
        D513  2 0.0519 0.0215 0.4351 0.0992 0.0357 0.0279 0.0491 0.0979 0.0585 0.0396 0.0835 
        D635  2 0.0170 0.0186 0.0299 0.0588 0.0112 0.5812 0.0222 0.0366 0.1819 0.0192 0.0233 
        D636  2 0.0114 0.0156 0.0185 0.0199 0.0116 0.7974 0.0172 0.0397 0.0232 0.0357 0.0098 
        D637  2 0.1716 0.2385 0.1445 0.1037 0.0485 0.0222 0.0656 0.0799 0.0259 0.0457 0.0538 
        D658  2 0.0593 0.1921 0.3906 0.0519 0.0627 0.0195 0.0987 0.0186 0.0209 0.0540 0.0316 
        D659  2 0.0692 0.0357 0.0223 0.0696 0.0158 0.0507 0.0267 0.0378 0.6048 0.0144 0.0529 
        D677  2 0.2851 0.0275 0.0495 0.0763 0.0610 0.0850 0.0152 0.1475 0.1270 0.0697 0.0563 
        D678  2 0.0324 0.0254 0.5616 0.0975 0.1107 0.0289 0.0136 0.0532 0.0135 0.0357 0.0274 
        D679  2 0.0617 0.0423 0.0289 0.0974 0.0239 0.0353 0.0445 0.3767 0.1662 0.0336 0.0895 
        D719  2 0.0153 0.0484 0.1586 0.0488 0.0237 0.0130 0.3532 0.0342 0.1164 0.0702 0.1182 
        D720  2 0.0172 0.0143 0.0257 0.0352 0.0233 0.0232 0.0711 0.0431 0.6945 0.0277 0.0246 
        D721  2 0.0196 0.0265 0.0379 0.0208 0.0093 0.7743 0.0277 0.0229 0.0274 0.0158 0.0179 
        D722  2 0.0184 0.0263 0.0415 0.0493 0.5753 0.0157 0.1046 0.0513 0.0154 0.0696 0.0328 
        D734  2 0.0275 0.6946 0.0456 0.0186 0.0176 0.0112 0.1148 0.0212 0.0143 0.0107 0.0240 
        D735  2 0.0373 0.1060 0.0553 0.1486 0.0280 0.0404 0.0824 0.2334 0.1446 0.0850 0.0391 
        D736  2 0.0938 0.0456 0.0514 0.0689 0.0177 0.0489 0.3208 0.0336 0.0483 0.0567 0.2143 
        D737  2 0.0275 0.0891 0.5429 0.0598 0.0474 0.0620 0.0400 0.0165 0.0135 0.0378 0.0636 
        D807  2 0.1007 0.0875 0.0402 0.0876 0.0525 0.0465 0.1448 0.0613 0.1133 0.0976 0.1680 
        D808  2 0.0916 0.0671 0.0996 0.1393 0.0715 0.0539 0.0270 0.0289 0.0573 0.2735 0.0905 
        D817  2 0.0223 0.0394 0.0146 0.0464 0.0404 0.0167 0.0158 0.6532 0.0798 0.0397 0.0317 
        D818  2 0.2205 0.0276 0.1494 0.2075 0.0318 0.1321 0.0243 0.0369 0.0364 0.0175 0.1160 
        D819  2 0.0167 0.0204 0.0213 0.0768 0.0337 0.0346 0.0227 0.5291 0.0822 0.1341 0.0284 
        D820  2 0.0419 0.1223 0.0345 0.0364 0.0131 0.0188 0.0195 0.0161 0.6466 0.0158 0.0351 
        D895  2 0.0492 0.0474 0.0342 0.1874 0.0337 0.1154 0.0386 0.1920 0.2229 0.0489 0.0304 
        D896  2 0.0203 0.0103 0.0117 0.0140 0.0243 0.0113 0.0166 0.0115 0.0114 0.8568 0.0118 
        D897  2 0.1598 0.0537 0.4590 0.1006 0.0358 0.0180 0.0182 0.0536 0.0259 0.0379 0.0376 
        D898  2 0.0464 0.0540 0.0280 0.1636 0.1206 0.0285 0.0328 0.1142 0.0316 0.2556 0.1246 
        D918  2 0.2468 0.0797 0.0432 0.1561 0.0362 0.0791 0.0616 0.0815 0.0247 0.1508 0.0402 
        D919  2 0.0231 0.4357 0.0849 0.1012 0.0495 0.0497 0.0238 0.0201 0.0957 0.0202 0.0962 
        D920  2 0.0933 0.0385 0.0239 0.0559 0.0494 0.5498 0.0628 0.0165 0.0307 0.0571 0.0223 
        D923  2 0.0375 0.1199 0.0322 0.0684 0.0337 0.0322 0.0196 0.0269 0.5808 0.0248 0.0240 
        D930  2 0.0972 0.1252 0.0367 0.1409 0.0485 0.0267 0.1106 0.1183 0.1656 0.0903 0.0401 
        D931  2 0.0347 0.2904 0.1279 0.0707 0.0420 0.0352 0.0357 0.0504 0.2097 0.0393 0.0638 
        D968  2 0.0149 0.0195 0.7582 0.0247 0.0217 0.0097 0.0134 0.0219 0.0193 0.0180 0.0787 
        D969  2 0.0646 0.0366 0.2021 0.1273 0.0349 0.0341 0.0642 0.0409 0.1826 0.0530 0.1597 
        D977  2 0.0508 0.0226 0.7388 0.0386 0.0248 0.0158 0.0214 0.0265 0.0244 0.0141 0.0222 
        D978  2 0.1463 0.0285 0.0894 0.1492 0.0631 0.0228 0.0306 0.2067 0.0266 0.0193 0.2174 
        D211  3 0.3245 0.0216 0.0131 0.0615 0.0152 0.3461 0.0189 0.1041 0.0556 0.0118 0.0276 
     D229639  3 0.0342 0.0182 0.0361 0.0504 0.0456 0.0247 0.0689 0.0390 0.0700 0.0293 0.5835 
     D237212  3 0.0965 0.2808 0.0383 0.0679 0.0257 0.0592 0.0202 0.1007 0.0631 0.0518 0.1960 
     D237213  3 0.1535 0.0621 0.0264 0.0906 0.0488 0.0558 0.0145 0.3510 0.0323 0.1353 0.0297 
     D237214  3 0.0169 0.0150 0.0116 0.0235 0.0158 0.8390 0.0209 0.0177 0.0163 0.0133 0.0102 
     D237215  3 0.0132 0.0131 0.3947 0.0349 0.2610 0.0160 0.0632 0.0346 0.0120 0.0305 0.1268 
     D237216  3 0.1393 0.0362 0.0233 0.5075 0.0245 0.0669 0.0229 0.0671 0.0569 0.0219 0.0335 
     D237217  3 0.2928 0.0159 0.0223 0.2945 0.0189 0.1072 0.0147 0.0410 0.0577 0.0623 0.0727 
     D237218  3 0.3917 0.1257 0.0339 0.0676 0.0152 0.0254 0.0480 0.0426 0.0399 0.0183 0.1917 
     D237219  3 0.1567 0.0126 0.0191 0.0968 0.0220 0.0482 0.0678 0.3047 0.0279 0.1441 0.1002 
     D237382  3 0.1390 0.0260 0.0344 0.0826 0.3111 0.0357 0.0698 0.0378 0.0824 0.1489 0.0325 
     D244127  3 0.0572 0.0239 0.0663 0.0917 0.0529 0.0421 0.0173 0.0744 0.0205 0.4798 0.0741 
     D244129  3 0.0969 0.0821 0.0674 0.1128 0.0468 0.1019 0.0411 0.0760 0.0719 0.2130 0.0901 
     D244133  3 0.0395 0.0093 0.0616 0.0470 0.0387 0.0317 0.0686 0.6130 0.0383 0.0245 0.0277 
     D244134  3 0.0327 0.0208 0.0224 0.0492 0.0190 0.0348 0.1517 0.1805 0.0202 0.0873 0.3816 
     D244135  3 0.0485 0.0193 0.0527 0.0423 0.0185 0.6786 0.0116 0.0678 0.0268 0.0174 0.0165 
     D244136  3 0.0352 0.0223 0.0650 0.0853 0.0537 0.0433 0.1079 0.3854 0.1048 0.0339 0.0631 
        D416  3 0.1580 0.0302 0.1037 0.1452 0.0232 0.0814 0.0272 0.2472 0.0748 0.0651 0.0440 
        D417  3 0.1261 0.0202 0.0141 0.0360 0.0402 0.0154 0.0238 0.0301 0.6454 0.0301 0.0187 
        D419  3 0.1549 0.0287 0.0487 0.1478 0.0220 0.0390 0.0471 0.1727 0.0908 0.0950 0.1532 
        D565  3 0.0143 0.0140 0.0117 0.0319 0.0169 0.0220 0.7555 0.0515 0.0265 0.0159 0.0397 
        D566  3 0.0217 0.0173 0.0522 0.0702 0.0784 0.0357 0.1686 0.1299 0.0490 0.0435 0.3335 
        D567  3 0.0544 0.0619 0.0348 0.0690 0.0345 0.0468 0.0197 0.0463 0.5226 0.0895 0.0206 
        D568  3 0.2204 0.1042 0.0986 0.1274 0.0399 0.1052 0.0162 0.0468 0.0911 0.0872 0.0628 
        D569  3 0.0429 0.5172 0.0588 0.0826 0.0862 0.0781 0.0326 0.0345 0.0166 0.0173 0.0332 
        D573  3 0.0220 0.0293 0.1772 0.0604 0.0152 0.0151 0.0202 0.0216 0.1413 0.0316 0.4662 
        D574  3 0.0544 0.0383 0.0461 0.1061 0.1409 0.0406 0.2604 0.1382 0.0349 0.0622 0.0779 
        D575  3 0.0204 0.0141 0.0194 0.0322 0.0112 0.0391 0.0278 0.7075 0.0169 0.0878 0.0237 
        D576  3 0.0234 0.0162 0.5206 0.0293 0.1345 0.0305 0.0257 0.1385 0.0068 0.0116 0.0629 
        D577  3 0.0607 0.0364 0.0156 0.0827 0.0450 0.0658 0.0283 0.1440 0.4687 0.0230 0.0299 
        D578  3 0.0186 0.0121 0.0231 0.0247 0.0204 0.8260 0.0111 0.0187 0.0141 0.0186 0.0126 
        D579  3 0.0775 0.1147 0.0654 0.0660 0.0311 0.0432 0.1537 0.1018 0.1393 0.0548 0.1525 
        D660  3 0.0690 0.0462 0.4600 0.0716 0.0418 0.0424 0.0138 0.1611 0.0154 0.0443 0.0343 
        D661  3 0.3456 0.0683 0.1795 0.0985 0.0196 0.0487 0.0174 0.0276 0.0228 0.0186 0.1532 
        D663  3 0.0283 0.0247 0.0513 0.1034 0.0763 0.0257 0.0172 0.0551 0.0331 0.0152 0.5697 
        D664  3 0.1509 0.0202 0.1201 0.1042 0.0376 0.0914 0.0399 0.3164 0.0155 0.0726 0.0311 
        D665  3 0.0753 0.0703 0.0242 0.1967 0.1458 0.1051 0.0115 0.2543 0.0127 0.0755 0.0287 
        D666  3 0.0559 0.0206 0.0182 0.0419 0.0169 0.0283 0.0418 0.5499 0.0428 0.1546 0.0291 
        D009  4 0.2720 0.1081 0.0162 0.1650 0.0525 0.1237 0.0316 0.0353 0.1038 0.0625 0.0293 
        D057  4 0.0358 0.4296 0.1189 0.0463 0.0268 0.1874 0.0252 0.0096 0.0328 0.0205 0.0670 
        D109  4 0.0537 0.0299 0.0170 0.1272 0.0342 0.0428 0.0464 0.0850 0.0322 0.5062 0.0254 
     D237222  4 0.0474 0.0268 0.0393 0.0648 0.1618 0.4755 0.0861 0.0148 0.0249 0.0332 0.0255 
     D237223  4 0.5240 0.0366 0.0358 0.0710 0.0371 0.0380 0.0779 0.0255 0.0179 0.0794 0.0568 
     D237224  4 0.0347 0.1802 0.2034 0.0984 0.0321 0.0592 0.0271 0.0812 0.0757 0.0282 0.1798 
     D237225  4 0.2417 0.0833 0.0259 0.2385 0.0511 0.0988 0.0499 0.0512 0.0698 0.0378 0.0520 
     D237299  4 0.5186 0.0218 0.0180 0.1410 0.0527 0.0297 0.0318 0.0300 0.0160 0.0854 0.0550 
     D237300  4 0.0571 0.0197 0.0370 0.0378 0.0283 0.0213 0.0309 0.1695 0.0156 0.0230 0.5598 
     D237306  4 0.2416 0.0389 0.0172 0.0493 0.1090 0.0223 0.3197 0.0194 0.0801 0.0684 0.0343 
     D237307  4 0.0536 0.0162 0.0346 0.0744 0.0626 0.0318 0.1358 0.1356 0.3775 0.0242 0.0537 
     D237308  4 0.0325 0.1594 0.4057 0.0605 0.0369 0.0417 0.0776 0.0384 0.0280 0.0957 0.0237 
     D237309  4 0.1102 0.1077 0.0434 0.2585 0.0848 0.1138 0.0195 0.0312 0.1120 0.0364 0.0827 
     D237317  4 0.0288 0.0306 0.0219 0.2145 0.0596 0.0795 0.3208 0.0440 0.0981 0.0332 0.0690 
     D237318  4 0.0223 0.0154 0.0411 0.0373 0.0217 0.0135 0.0158 0.0456 0.0291 0.0131 0.7450 
     D237319  4 0.2522 0.0198 0.0385 0.1471 0.1324 0.0818 0.0445 0.0686 0.0455 0.1136 0.0561 
     D237320  4 0.6657 0.0182 0.0367 0.0259 0.0172 0.0428 0.0181 0.0219 0.0262 0.0646 0.0628 
     D237321  4 0.0367 0.0216 0.0830 0.0764 0.0412 0.0350 0.0421 0.0749 0.0580 0.0535 0.4776 
     D237397  4 0.4216 0.0246 0.0418 0.0454 0.0604 0.0589 0.1055 0.0394 0.0357 0.0511 0.1157 
     D237398  4 0.0860 0.0462 0.0320 0.0511 0.0192 0.0252 0.0135 0.0459 0.0570 0.0170 0.6069 
     D237399  4 0.1138 0.0409 0.0311 0.0620 0.0543 0.0793 0.1658 0.0245 0.0549 0.0457 0.3277 
     D244001  4 0.1014 0.0485 0.0982 0.0885 0.1956 0.3401 0.0198 0.0272 0.0316 0.0243 0.0248 
        D289  4 0.1002 0.2513 0.0593 0.0778 0.0239 0.0614 0.2215 0.0322 0.0473 0.0296 0.0957 
        D290  4 0.1074 0.0251 0.0214 0.0468 0.5199 0.0195 0.0215 0.0163 0.0485 0.0244 0.1492 
        D294  4 0.1533 0.2704 0.0266 0.1739 0.0917 0.0393 0.0393 0.0425 0.0801 0.0204 0.0625 
        D295  4 0.2397 0.0471 0.0246 0.0819 0.0655 0.0366 0.0365 0.0820 0.2236 0.1143 0.0481 
        D301  4 0.0845 0.0173 0.0418 0.0471 0.1309 0.3790 0.0448 0.0455 0.0174 0.0928 0.0990 
        D302  4 0.0212 0.7756 0.0110 0.0319 0.0371 0.0199 0.0105 0.0183 0.0432 0.0130 0.0182 
        D303  4 0.0613 0.0670 0.0404 0.0447 0.0479 0.0240 0.5076 0.0424 0.0342 0.0955 0.0350 
        D304  4 0.0714 0.0276 0.0245 0.1036 0.2679 0.0420 0.0615 0.0688 0.0658 0.0183 0.2487 
        D305  4 0.0348 0.2659 0.0833 0.3876 0.0496 0.0413 0.0101 0.0229 0.0195 0.0368 0.0482 
        D306  4 0.0921 0.0236 0.0192 0.1687 0.5080 0.0317 0.0287 0.0154 0.0336 0.0311 0.0477 
        D307  4 0.0326 0.0482 0.0220 0.0366 0.0247 0.6455 0.0749 0.0314 0.0140 0.0303 0.0399 
        D327  4 0.0514 0.0330 0.0440 0.0861 0.0483 0.0280 0.0570 0.0824 0.5059 0.0226 0.0414 
        D328  4 0.0755 0.3400 0.0255 0.0679 0.1868 0.0209 0.0974 0.0685 0.0206 0.0727 0.0242 
        D329  4 0.0689 0.2777 0.0851 0.1797 0.0531 0.0515 0.0490 0.0197 0.0524 0.0677 0.0953 
        D330  4 0.1706 0.0643 0.0424 0.1417 0.0750 0.0607 0.0147 0.0372 0.2166 0.1597 0.0171 
        D331  4 0.0401 0.0277 0.0234 0.0904 0.2607 0.0336 0.0633 0.0709 0.1337 0.0460 0.2101 
        D333  4 0.1490 0.2198 0.0606 0.0685 0.1439 0.0326 0.0834 0.0568 0.0597 0.0590 0.0666 
        D334  4 0.0531 0.0559 0.0151 0.0469 0.0324 0.0755 0.5747 0.0416 0.0455 0.0191 0.0402 
        D335  4 0.0137 0.5160 0.0412 0.0664 0.1054 0.0247 0.0300 0.0332 0.1127 0.0304 0.0262 
        D370  4 0.0210 0.0325 0.0254 0.0619 0.5704 0.0202 0.0315 0.0490 0.0332 0.1321 0.0228 
        D371  4 0.0204 0.0172 0.0253 0.0400 0.0426 0.0143 0.6563 0.0445 0.1084 0.0144 0.0167 
        D372  4 0.0389 0.0120 0.0438 0.0895 0.1453 0.0114 0.0172 0.0332 0.0103 0.0207 0.5777 
        D373  4 0.0326 0.0494 0.0729 0.0459 0.0168 0.5807 0.0192 0.0610 0.0440 0.0212 0.0564 
        D455  4 0.0297 0.1021 0.0317 0.0240 0.0242 0.6507 0.0240 0.0165 0.0316 0.0206 0.0449 
        D490  4 0.1109 0.0234 0.0100 0.0237 0.0191 0.7242 0.0197 0.0159 0.0195 0.0183 0.0153 
        D497  4 0.1297 0.0681 0.0147 0.0437 0.0259 0.5610 0.0261 0.0488 0.0126 0.0391 0.0304 
        D498  4 0.0345 0.0234 0.0320 0.0617 0.3960 0.0254 0.0688 0.0553 0.0495 0.1103 0.1432 
        D499  4 0.1094 0.1180 0.1716 0.1144 0.0475 0.0163 0.1033 0.1623 0.0171 0.0650 0.0753 
        D514  4 0.0479 0.1273 0.0244 0.0989 0.1780 0.0481 0.0143 0.1285 0.2213 0.0488 0.0624 
        D515  4 0.6785 0.0314 0.0180 0.0408 0.0589 0.0332 0.0191 0.0234 0.0342 0.0441 0.0183 
        D516  4 0.1414 0.0199 0.0399 0.0804 0.0578 0.0545 0.0361 0.2942 0.0702 0.1431 0.0625 
        D517  4 0.0783 0.0272 0.0229 0.1532 0.0160 0.5137 0.0155 0.0152 0.0566 0.0335 0.0680 
        D518  4 0.0286 0.5381 0.0301 0.0498 0.0539 0.1424 0.0740 0.0191 0.0213 0.0222 0.0204 
        D519  4 0.8126 0.0136 0.0157 0.0215 0.0121 0.0191 0.0157 0.0127 0.0196 0.0268 0.0306 
        D560  4 0.7321 0.0233 0.0272 0.0296 0.0309 0.0166 0.0118 0.0174 0.0612 0.0195 0.0303 
        D561  4 0.0690 0.0750 0.0596 0.2450 0.0422 0.2563 0.0153 0.0368 0.0671 0.1015 0.0323 
        D562  4 0.0881 0.1238 0.0547 0.1586 0.1324 0.2342 0.0535 0.0331 0.0384 0.0293 0.0539 
        D563  4 0.0584 0.1254 0.4219 0.0930 0.0357 0.0667 0.0179 0.0594 0.0194 0.0387 0.0636 
        D572  4 0.0489 0.6043 0.0392 0.0441 0.0479 0.0743 0.0217 0.0222 0.0548 0.0209 0.0218 
        D629  4 0.0650 0.0469 0.0202 0.0576 0.0166 0.1678 0.0171 0.4143 0.1294 0.0256 0.0396 
        D630  4 0.2259 0.0729 0.0351 0.1013 0.1489 0.1567 0.0455 0.0300 0.0646 0.0274 0.0917 
        D631  4 0.0406 0.7033 0.0687 0.0325 0.0278 0.0265 0.0167 0.0171 0.0195 0.0175 0.0297 
        D632  4 0.0232 0.2452 0.1476 0.0693 0.0238 0.2388 0.0154 0.0449 0.0520 0.1260 0.0138 
        D646  4 0.5911 0.0283 0.0250 0.0570 0.0316 0.0306 0.0174 0.0197 0.0637 0.1005 0.0352 
        D647  4 0.1431 0.0486 0.0565 0.0542 0.0952 0.0832 0.0123 0.0187 0.3457 0.0835 0.0590 
        D648  4 0.0572 0.3290 0.0200 0.0385 0.3885 0.0171 0.0373 0.0649 0.0152 0.0196 0.0127 
        D649  4 0.0406 0.1909 0.0141 0.0560 0.0266 0.0434 0.0193 0.0681 0.1875 0.3273 0.0262 
        D650  4 0.2200 0.0987 0.0201 0.0912 0.0405 0.0723 0.0865 0.0903 0.1414 0.0652 0.0737 
        D708  4 0.1229 0.2109 0.0206 0.1350 0.0603 0.0455 0.1442 0.1376 0.0298 0.0419 0.0512 
        D709  4 0.0569 0.0362 0.0177 0.1068 0.4083 0.0129 0.0222 0.0656 0.0173 0.2159 0.0402 
        D738  4 0.1489 0.0222 0.0161 0.0405 0.0431 0.0552 0.4257 0.0218 0.0578 0.1166 0.0522 
        D739  4 0.2441 0.0514 0.0272 0.0953 0.1590 0.2508 0.0270 0.0364 0.0252 0.0445 0.0391 
        D740  4 0.1614 0.0750 0.0446 0.2252 0.0279 0.0572 0.1312 0.0602 0.0213 0.0956 0.1002 
        D741  4 0.6456 0.0208 0.0482 0.0516 0.0222 0.0177 0.0121 0.0254 0.0707 0.0495 0.0361 
        D742  4 0.2297 0.0673 0.1869 0.1123 0.0293 0.0604 0.0974 0.0356 0.0262 0.0319 0.1230 
        D743  4 0.0262 0.3603 0.0350 0.0440 0.0165 0.0253 0.0186 0.0428 0.3836 0.0120 0.0356 
        D744  4 0.0263 0.8164 0.0289 0.0204 0.0175 0.0156 0.0140 0.0179 0.0134 0.0147 0.0149 
        D745  4 0.8001 0.0177 0.0120 0.0236 0.0123 0.0290 0.0171 0.0293 0.0136 0.0230 0.0223 
        D814  4 0.4447 0.0530 0.1178 0.1487 0.0592 0.0586 0.0164 0.0257 0.0250 0.0101 0.0409 
        D815  4 0.0249 0.3595 0.0279 0.0664 0.2113 0.0230 0.0274 0.0354 0.0896 0.0827 0.0519 
        D828  4 0.0479 0.0374 0.0351 0.0622 0.6682 0.0166 0.0328 0.0325 0.0099 0.0195 0.0378 
        D845  4 0.0262 0.0214 0.0191 0.0217 0.0111 0.0117 0.0250 0.0229 0.0175 0.0142 0.8091 
        D846  4 0.0362 0.2821 0.1379 0.1393 0.0528 0.1290 0.0097 0.0624 0.0881 0.0193 0.0432 
        D847  4 0.1489 0.0746 0.0476 0.0966 0.0516 0.2054 0.1063 0.0289 0.0732 0.0329 0.1340 
        D848  4 0.0152 0.0268 0.0580 0.0330 0.0224 0.6201 0.0203 0.0168 0.0154 0.0161 0.1559 
        D849  4 0.3970 0.0314 0.0282 0.0860 0.0816 0.2139 0.0172 0.0545 0.0265 0.0394 0.0242 
        D850  4 0.1131 0.0328 0.0339 0.1748 0.0166 0.2192 0.0614 0.0519 0.0760 0.0378 0.1826 
        D856  4 0.0886 0.0581 0.0259 0.2446 0.1247 0.0376 0.0321 0.0556 0.0429 0.2482 0.0418 
        D857  4 0.0247 0.0124 0.0710 0.0451 0.2069 0.0254 0.0234 0.0127 0.0085 0.5528 0.0172 
        D859  4 0.1933 0.4510 0.0305 0.0714 0.0443 0.0209 0.0172 0.0241 0.0550 0.0178 0.0745 
        D860  4 0.0152 0.0837 0.0720 0.0671 0.0315 0.0269 0.4630 0.0165 0.0601 0.0213 0.1426 
        D883  4 0.0931 0.0623 0.0248 0.0722 0.1081 0.1310 0.0612 0.1242 0.1763 0.0855 0.0613 
        D884  4 0.5880 0.0366 0.0113 0.0517 0.0434 0.0323 0.0261 0.0543 0.0385 0.0948 0.0230 
        D885  4 0.4211 0.0334 0.0524 0.0826 0.0134 0.0466 0.0213 0.1115 0.0720 0.0228 0.1228 
        D886  4 0.0809 0.0473 0.0544 0.0848 0.2423 0.0945 0.0280 0.0268 0.1411 0.1587 0.0412 
        D887  4 0.1869 0.0855 0.0755 0.1012 0.0634 0.0397 0.0495 0.0290 0.1155 0.0528 0.2009 
        D889  4 0.0749 0.0458 0.0096 0.0600 0.1333 0.0177 0.0153 0.0212 0.0375 0.0103 0.5744 
        D890  4 0.0236 0.0532 0.0551 0.0501 0.1031 0.0539 0.0460 0.5087 0.0223 0.0616 0.0222 
        D891  4 0.0111 0.0104 0.0102 0.0101 0.0081 0.0094 0.0077 0.0178 0.0110 0.0089 0.8954 
        D899  4 0.0322 0.0835 0.3176 0.0658 0.0777 0.0279 0.0741 0.0479 0.0250 0.0232 0.2250 
        D900  4 0.0795 0.1164 0.0685 0.1754 0.1262 0.1043 0.0608 0.0450 0.0847 0.0649 0.0743 
        D970  4 0.0535 0.3240 0.0491 0.1150 0.0257 0.0706 0.0564 0.0606 0.1207 0.0335 0.0909 
        D971  4 0.0176 0.1628 0.4214 0.0790 0.0745 0.0344 0.0577 0.0362 0.0365 0.0595 0.0202 
        D979  4 0.0260 0.3270 0.0364 0.0764 0.0910 0.0326 0.0319 0.0760 0.2446 0.0228 0.0353 
        D093  5 0.0497 0.0194 0.0167 0.0262 0.0318 0.0172 0.7096 0.0298 0.0324 0.0198 0.0474 
        D154  5 0.2289 0.0240 0.0864 0.1044 0.0515 0.0155 0.0297 0.3512 0.0156 0.0227 0.0701 
        D168  5 0.1700 0.0251 0.1348 0.0844 0.0404 0.0439 0.0127 0.3308 0.0444 0.0361 0.0774 
        D189  5 0.0587 0.0229 0.0214 0.0785 0.2803 0.0234 0.1980 0.0265 0.0397 0.0281 0.2225 
        D190  5 0.0330 0.0405 0.0192 0.0281 0.0379 0.0127 0.5329 0.2040 0.0261 0.0351 0.0305 
     D237220  5 0.2044 0.0770 0.0198 0.0894 0.0493 0.1271 0.1337 0.0183 0.0203 0.1010 0.1596 
     D237221  5 0.0684 0.0623 0.0859 0.0759 0.0338 0.0241 0.2127 0.1545 0.0531 0.0531 0.1761 
     D237274  5 0.0605 0.1950 0.0546 0.0898 0.0829 0.0308 0.0127 0.0222 0.2976 0.1307 0.0232 
     D237275  5 0.0312 0.0157 0.4188 0.0774 0.2078 0.0160 0.0252 0.0503 0.0149 0.0449 0.0979 
     D237276  5 0.2984 0.0372 0.0294 0.0798 0.1043 0.0424 0.1251 0.0702 0.0839 0.0969 0.0324 
     D237277  5 0.0403 0.0493 0.0387 0.0424 0.0277 0.0157 0.4148 0.2032 0.0154 0.0357 0.1169 
     D237278  5 0.0477 0.0729 0.2901 0.1077 0.0507 0.0493 0.1816 0.0238 0.0788 0.0686 0.0287 
     D237279  5 0.0346 0.0985 0.0188 0.1721 0.0137 0.1110 0.0186 0.1286 0.0423 0.3173 0.0445 
     D237280  5 0.0366 0.0579 0.0206 0.1145 0.0372 0.0941 0.0629 0.1302 0.0795 0.3382 0.0281 
     D237281  5 0.0418 0.0290 0.1854 0.0752 0.0232 0.0120 0.0211 0.0151 0.0405 0.0204 0.5363 
     D237351  5 0.0746 0.0142 0.0139 0.0330 0.0141 0.0195 0.0521 0.2056 0.0125 0.5424 0.0182 
     D237352  5 0.0210 0.1988 0.0615 0.0843 0.0585 0.2903 0.0436 0.1510 0.0429 0.0245 0.0238 
     D237353  5 0.0144 0.0339 0.0161 0.0344 0.0254 0.0130 0.5053 0.2364 0.0131 0.0675 0.0404 
     D237359  5 0.3091 0.0425 0.0208 0.0802 0.0317 0.1163 0.0582 0.0433 0.0359 0.0379 0.2242 
     D237361  5 0.0139 0.0174 0.0149 0.0258 0.0306 0.0149 0.7723 0.0392 0.0163 0.0297 0.0250 
     D237362  5 0.0217 0.0159 0.0149 0.0241 0.0109 0.0120 0.0173 0.8205 0.0229 0.0194 0.0204 
     D237363  5 0.0465 0.0154 0.0810 0.4886 0.0458 0.0218 0.0290 0.1596 0.0232 0.0282 0.0609 
     D237364  5 0.3661 0.0790 0.0813 0.1166 0.0502 0.0572 0.0136 0.0580 0.0643 0.0491 0.0647 
     D237376  5 0.0391 0.0570 0.0247 0.0251 0.7093 0.0105 0.0350 0.0469 0.0100 0.0204 0.0220 
     D237377  5 0.0192 0.0450 0.0377 0.1425 0.0152 0.0393 0.1461 0.1526 0.0816 0.2903 0.0306 
     D237378  5 0.0728 0.0742 0.0721 0.0776 0.1282 0.0308 0.3550 0.0673 0.0182 0.0246 0.0793 
     D237379  5 0.1413 0.2325 0.0375 0.1086 0.1022 0.0389 0.2037 0.0401 0.0283 0.0271 0.0398 
     D237380  5 0.0248 0.0596 0.0138 0.0455 0.2689 0.0264 0.0362 0.0127 0.0210 0.4783 0.0128 
     D237381  5 0.0423 0.0839 0.0633 0.0984 0.1318 0.1675 0.0510 0.0366 0.0273 0.2547 0.0432 
     D237391  5 0.0275 0.0190 0.0107 0.0234 0.0102 0.0151 0.7781 0.0322 0.0251 0.0219 0.0369 
     D237392  5 0.0288 0.0740 0.2311 0.0806 0.0972 0.0336 0.0228 0.0766 0.2064 0.1164 0.0325 
     D237393  5 0.0263 0.0338 0.0505 0.0620 0.0638 0.0484 0.1506 0.0278 0.3968 0.0949 0.0450 
