        D174  1 0.7581 0.0904 0.1515 
        D199  1 0.5710 0.2996 0.1294 
        D203  1 0.4020 0.3922 0.2058 
        D204  1 0.7657 0.1023 0.1320 
     D237366  1 0.2102 0.2337 0.5561 
     D237367  1 0.1931 0.1258 0.6810 
     D237368  1 0.2297 0.1386 0.6317 
     D244101  1 0.3383 0.5209 0.1407 
     D244102  1 0.5256 0.2266 0.2478 
     D244103  1 0.1777 0.0667 0.7557 
     D244104  1 0.6050 0.1902 0.2048 
     D244105  1 0.0499 0.0774 0.8727 
     D244106  1 0.5397 0.3604 0.0999 
     D244107  1 0.0380 0.0731 0.8889 
     D244108  1 0.7548 0.1080 0.1372 
     D244113  1 0.8254 0.1146 0.0600 
     D244114  1 0.2758 0.4405 0.2837 
     D244115  1 0.6008 0.0822 0.3170 
     D267365  1 0.7988 0.1157 0.0855 
        D404  1 0.7764 0.1377 0.0859 
        D405  1 0.6098 0.2143 0.1760 
        D406  1 0.1525 0.0325 0.8149 
        D407  1 0.1437 0.0895 0.7667 
        D408  1 0.6015 0.2723 0.1262 
        D409  1 0.0588 0.0652 0.8760 
        D410  1 0.0881 0.0161 0.8957 
        D421  1 0.4969 0.1987 0.3044 
        D422  1 0.0194 0.0244 0.9562 
        D423  1 0.0344 0.0218 0.9438 
        D424  1 0.2565 0.0237 0.7198 
        D425  1 0.8200 0.0821 0.0979 
        D426  1 0.0415 0.1256 0.8329 
        D427  1 0.1289 0.8018 0.0694 
        D428  1 0.6162 0.0830 0.3007 
        D429  1 0.7251 0.1094 0.1655 
        D430  1 0.2547 0.4951 0.2502 
        D491  1 0.8768 0.0448 0.0784 
        D492  1 0.5471 0.0638 0.3891 
        D537  1 0.6317 0.0479 0.3204 
        D538  1 0.4068 0.1836 0.4096 
        D539  1 0.4239 0.4050 0.1711 
        D540  1 0.3346 0.1154 0.5501 
        D541  1 0.6486 0.0972 0.2542 
        D551  1 0.0695 0.6190 0.3115 
        D552  1 0.5474 0.1245 0.3281 
        D553  1 0.5263 0.0638 0.4100 
        D615  1 0.5204 0.2145 0.2651 
        D616  1 0.3016 0.2503 0.4481 
        D621  1 0.2916 0.0662 0.6422 
        D622  1 0.1234 0.0620 0.8146 
        D623  1 0.5682 0.3696 0.0622 
        D624  1 0.8000 0.0815 0.1185 
        D625  1 0.8237 0.0355 0.1408 
        D626  1 0.5474 0.1745 0.2781 
        D627  1 0.0719 0.1202 0.8079 
        D690  1 0.7348 0.0260 0.2392 
        D691  1 0.1692 0.0724 0.7584 
        D710  1 0.5701 0.1473 0.2826 
        D711  1 0.7157 0.0708 0.2135 
        D712  1 0.7710 0.1384 0.0906 
        D713  1 0.8427 0.0423 0.1151 
        D746  1 0.0642 0.0539 0.8819 
        D747  1 0.6472 0.1564 0.1964 
        D748  1 0.4249 0.0728 0.5023 
        D749  1 0.1591 0.1782 0.6627 
        D750  1 0.8498 0.0537 0.0966 
        D763  1 0.1505 0.5538 0.2958 
        D764  1 0.7815 0.0301 0.1884 
        D765  1 0.2470 0.0639 0.6891 
        D766  1 0.4425 0.0383 0.5191 
        D767  1 0.4893 0.2272 0.2835 
        D768  1 0.3776 0.0780 0.5444 
        D811  1 0.6286 0.1559 0.2155 
        D816  1 0.8195 0.0399 0.1406 
        D825  1 0.6567 0.0563 0.2870 
        D866  1 0.2396 0.6752 0.0853 
        D867  1 0.0399 0.0493 0.9109 
        D871  1 0.0987 0.0378 0.8635 
        D872  1 0.7310 0.0777 0.1913 
        D873  1 0.0259 0.0145 0.9595 
        D874  1 0.8400 0.1154 0.0446 
        D875  1 0.0356 0.0248 0.9396 
        D876  1 0.8499 0.0552 0.0949 
        D877  1 0.9276 0.0370 0.0354 
        D892  1 0.7501 0.0548 0.1950 
        D893  1 0.3799 0.1878 0.4323 
        D894  1 0.5137 0.1496 0.3367 
        D915  1 0.5827 0.0752 0.3421 
        D916  1 0.7377 0.0501 0.2122 
        D917  1 0.8276 0.1028 0.0696 
        D925  1 0.2969 0.0430 0.6602 
        D926  1 0.6208 0.0535 0.3257 
        D927  1 0.3204 0.5650 0.1146 
        D928  1 0.9510 0.0253 0.0237 
        D929  1 0.6162 0.1346 0.2492 
        D936  1 0.5217 0.3395 0.1388 
        D938  1 0.0663 0.0326 0.9011 
        D956  1 0.6565 0.2225 0.1211 
        D957  1 0.6089 0.0717 0.3194 
        D958  1 0.8404 0.0291 0.1305 
        D959  1 0.0782 0.0601 0.8617 
        D960  1 0.1196 0.0401 0.8403 
        D989  1 0.5339 0.4036 0.0625 
        D990  1 0.0386 0.0955 0.8658 
        D023  2 0.0661 0.0339 0.9000 
        D130  2 0.0827 0.0377 0.8796 
        D131  2 0.2311 0.1906 0.5783 
        D163  2 0.0435 0.0328 0.9237 
        D164  2 0.0352 0.5166 0.4482 
        D165  2 0.0339 0.0464 0.9196 
        D166  2 0.2175 0.3417 0.4408 
        D167  2 0.0309 0.9468 0.0223 
        D192  2 0.0194 0.9590 0.0216 
        D193  2 0.6371 0.1724 0.1905 
        D206  2 0.1834 0.2490 0.5676 
        D207  2 0.0939 0.7858 0.1203 
        D208  2 0.3426 0.5694 0.0879 
        D209  2 0.0672 0.5617 0.3712 
        D210  2 0.4132 0.5275 0.0593 
     D229599  2 0.3622 0.3202 0.3175 
     D229600  2 0.0591 0.4584 0.4825 
     D237227  2 0.3562 0.3079 0.3358 
     D237228  2 0.2443 0.2697 0.4860 
     D237258  2 0.2802 0.4447 0.2751 
     D237310  2 0.0768 0.1977 0.7255 
     D237311  2 0.0797 0.3575 0.5628 
     D237312  2 0.3329 0.1269 0.5403 
     D237313  2 0.6396 0.1137 0.2467 
     D237322  2 0.1462 0.6561 0.1977 
     D237323  2 0.2519 0.1625 0.5856 
     D237324  2 0.0500 0.3137 0.6363 
     D237325  2 0.3223 0.1800 0.4977 
     D237326  2 0.4159 0.0684 0.5157 
     D237327  2 0.1242 0.7342 0.1416 
     D237337  2 0.2474 0.0520 0.7006 
     D237338  2 0.2059 0.3191 0.4750 
     D237339  2 0.2137 0.6318 0.1545 
     D237340  2 0.2210 0.5417 0.2373 
     D237389  2 0.0950 0.1365 0.7685 
     D237390  2 0.4361 0.1672 0.3966 
     D244017  2 0.2938 0.5946 0.1117 
     D244112  2 0.0272 0.8998 0.0730 
     D244118  2 0.0396 0.7441 0.2163 
     D244119  2 0.2967 0.6571 0.0462 
     D244120  2 0.0835 0.8438 0.0728 
     D244122  2 0.0792 0.8430 0.0778 
        D291  2 0.0825 0.6360 0.2815 
        D292  2 0.2978 0.6335 0.0687 
        D293  2 0.0912 0.8746 0.0342 
        D322  2 0.2248 0.6455 0.1298 
        D323  2 0.4339 0.3512 0.2149 
        D324  2 0.3016 0.3746 0.3238 
        D325  2 0.0184 0.8953 0.0863 
        D326  2 0.8058 0.0968 0.0973 
        D340  2 0.0233 0.9451 0.0316 
        D341  2 0.0295 0.9297 0.0408 
        D342  2 0.0429 0.6827 0.2744 
        D343  2 0.0138 0.9667 0.0195 
        D344  2 0.5346 0.1596 0.3058 
        D345  2 0.4215 0.1186 0.4599 
        D346  2 0.5470 0.3381 0.1149 
        D351  2 0.2394 0.3697 0.3909 
        D352  2 0.4245 0.2680 0.3076 
        D353  2 0.3551 0.1707 0.4742 
        D354  2 0.7780 0.0574 0.1646 
        D362  2 0.6329 0.0589 0.3082 
        D363  2 0.7103 0.0754 0.2144 
        D364  2 0.6612 0.0823 0.2565 
        D365  2 0.0307 0.9503 0.0189 
        D369  2 0.3262 0.4393 0.2344 
        D374  2 0.8845 0.0549 0.0606 
        D375  2 0.4653 0.1150 0.4197 
        D376  2 0.7597 0.1415 0.0988 
        D377  2 0.3836 0.2693 0.3471 
        D378  2 0.2433 0.5478 0.2089 
        D379  2 0.8148 0.0400 0.1453 
        D384  2 0.8947 0.0271 0.0782 
        D385  2 0.0308 0.9356 0.0335 
        D386  2 0.4400 0.2407 0.3193 
        D391  2 0.0404 0.9333 0.0263 
        D392  2 0.0949 0.8351 0.0700 
        D393  2 0.3310 0.4719 0.1971 
        D394  2 0.2807 0.2198 0.4995 
        D395  2 0.0816 0.8005 0.1178 
        D401  2 0.0460 0.0561 0.8979 
        D402  2 0.0272 0.9472 0.0256 
        D403  2 0.3715 0.0826 0.5459 
        D415  2 0.2121 0.0430 0.7448 
        D435  2 0.1228 0.5154 0.3619 
        D436  2 0.6541 0.1618 0.1841 
        D438  2 0.0246 0.9404 0.0350 
        D439  2 0.1618 0.3113 0.5269 
        D449  2 0.0520 0.5760 0.3720 
        D450  2 0.7453 0.0837 0.1709 
        D456  2 0.5861 0.0406 0.3734 
        D462  2 0.0315 0.9407 0.0278 
        D463  2 0.8593 0.0268 0.1139 
        D464  2 0.4588 0.2554 0.2857 
        D465  2 0.1057 0.4656 0.4286 
        D473  2 0.6590 0.1865 0.1545 
        D474  2 0.3931 0.3806 0.2263 
        D476  2 0.0822 0.2434 0.6744 
        D477  2 0.6082 0.1846 0.2072 
        D478  2 0.4210 0.1663 0.4127 
        D480  2 0.4835 0.4614 0.0551 
        D481  2 0.5188 0.2308 0.2504 
        D482  2 0.1849 0.6202 0.1949 
        D483  2 0.0360 0.9386 0.0254 
        D484  2 0.2768 0.5518 0.1714 
        D510  2 0.7688 0.1800 0.0512 
        D511  2 0.3287 0.4729 0.1984 
        D512  2 0.0336 0.1931 0.7733 
        D513  2 0.1441 0.6754 0.1804 
        D635  2 0.2703 0.0609 0.6688 
        D636  2 0.0350 0.0276 0.9374 
        D637  2 0.1438 0.7426 0.1137 
        D658  2 0.1366 0.7962 0.0673 
        D659  2 0.4476 0.1551 0.3973 
        D677  2 0.2803 0.3410 0.3788 
        D678  2 0.0522 0.7966 0.1512 
        D679  2 0.4709 0.3491 0.1800 
        D719  2 0.6977 0.2686 0.0337 
        D720  2 0.8115 0.0817 0.1068 
        D721  2 0.1087 0.2105 0.6808 
        D722  2 0.8175 0.0999 0.0826 
        D734  2 0.4749 0.4743 0.0508 
        D735  2 0.5252 0.2264 0.2484 
        D736  2 0.5449 0.3135 0.1416 
        D737  2 0.0670 0.8459 0.0871 
        D807  2 0.6702 0.2355 0.0942 
        D808  2 0.1353 0.4334 0.4313 
        D817  2 0.7215 0.0895 0.1889 
        D818  2 0.0620 0.7136 0.2244 
        D819  2 0.2431 0.1815 0.5754 
        D820  2 0.7807 0.1494 0.0699 
        D895  2 0.2661 0.1055 0.6284 
        D896  2 0.1261 0.0362 0.8377 
        D897  2 0.0497 0.8082 0.1421 
        D898  2 0.3182 0.2504 0.4314 
        D918  2 0.1473 0.5068 0.3458 
        D919  2 0.2353 0.5416 0.2231 
        D920  2 0.0829 0.0577 0.8593 
        D923  2 0.6990 0.1132 0.1878 
        D930  2 0.7823 0.0986 0.1190 
        D931  2 0.4444 0.4036 0.1520 
        D968  2 0.0230 0.9451 0.0319 
        D969  2 0.2814 0.6197 0.0989 
        D977  2 0.0364 0.8232 0.1404 
        D978  2 0.1153 0.7498 0.1349 
        D211  3 0.1205 0.1181 0.7615 
     D229639  3 0.1374 0.8027 0.0599 
     D237212  3 0.1489 0.5746 0.2765 
     D237213  3 0.1912 0.1624 0.6463 
     D237214  3 0.0730 0.0312 0.8958 
     D237215  3 0.0598 0.9163 0.0239 
     D237216  3 0.0696 0.1124 0.8180 
     D237217  3 0.1018 0.0786 0.8195 
     D237218  3 0.1983 0.6479 0.1539 
     D237219  3 0.1340 0.3289 0.5371 
     D237382  3 0.6280 0.1457 0.2263 
     D244127  3 0.0482 0.2199 0.7319 
     D244129  3 0.2915 0.2832 0.4253 
     D244133  3 0.2880 0.2838 0.4282 
     D244134  3 0.2325 0.5971 0.1704 
     D244135  3 0.0549 0.1070 0.8381 
     D244136  3 0.6299 0.1820 0.1881 
        D416  3 0.0756 0.4701 0.4542 
        D417  3 0.6958 0.0494 0.2548 
        D419  3 0.2264 0.4517 0.3219 
        D565  3 0.9139 0.0475 0.0386 
        D566  3 0.3200 0.5756 0.1043 
        D567  3 0.4980 0.0881 0.4139 
        D568  3 0.1748 0.3604 0.4648 
        D569  3 0.2035 0.4773 0.3193 
        D573  3 0.0440 0.8998 0.0562 
        D574  3 0.5778 0.1997 0.2225 
        D575  3 0.3513 0.1935 0.4552 
        D576  3 0.0271 0.9379 0.0350 
        D577  3 0.7273 0.0660 0.2068 
        D578  3 0.0227 0.0344 0.9429 
        D579  3 0.5835 0.2831 0.1335 
        D660  3 0.0388 0.6776 0.2835 
        D661  3 0.0422 0.8419 0.1159 
        D663  3 0.0523 0.8888 0.0589 
        D664  3 0.1692 0.4243 0.4065 
        D665  3 0.0366 0.1425 0.8209 
        D666  3 0.2898 0.2351 0.4751 
        D009  4 0.1787 0.0641 0.7572 
        D057  4 0.1328 0.6911 0.1761 
        D109  4 0.1340 0.0579 0.8080 
     D237222  4 0.3241 0.0954 0.5806 
     D237223  4 0.2388 0.2209 0.5403 
     D237224  4 0.1704 0.6850 0.1447 
     D237225  4 0.2037 0.1329 0.6634 
     D237299  4 0.0417 0.2045 0.7537 
     D237300  4 0.0532 0.8923 0.0545 
     D237306  4 0.7622 0.0997 0.1380 
     D237307  4 0.6874 0.1482 0.1644 
     D237308  4 0.1638 0.6834 0.1528 
     D237309  4 0.1637 0.1182 0.7181 
     D237317  4 0.7707 0.0650 0.1643 
     D237318  4 0.0367 0.9305 0.0328 
     D237319  4 0.2686 0.2093 0.5221 
     D237320  4 0.1202 0.4527 0.4271 
     D237321  4 0.0834 0.8094 0.1071 
     D237397  4 0.3735 0.4228 0.2037 
     D237398  4 0.0649 0.8088 0.1262 
     D237399  4 0.4419 0.3821 0.1760 
     D244001  4 0.0858 0.1082 0.8060 
        D289  4 0.5279 0.3551 0.1170 
        D290  4 0.4342 0.3373 0.2286 
        D294  4 0.4104 0.3280 0.2616 
        D295  4 0.5906 0.1684 0.2410 
        D301  4 0.0865 0.2309 0.6825 
        D302  4 0.6952 0.0826 0.2222 
        D303  4 0.6626 0.2106 0.1268 
        D304  4 0.5720 0.3205 0.1075 
        D305  4 0.0445 0.3245 0.6310 
        D306  4 0.5784 0.1209 0.3007 
        D307  4 0.0884 0.1500 0.7616 
        D327  4 0.7157 0.1415 0.1428 
        D328  4 0.6909 0.1644 0.1447 
        D329  4 0.1999 0.5164 0.2836 
        D330  4 0.1989 0.0770 0.7241 
        D331  4 0.4462 0.3399 0.2140 
        D333  4 0.4658 0.3211 0.2131 
        D334  4 0.8592 0.0788 0.0620 
        D335  4 0.7916 0.1275 0.0809 
        D370  4 0.6582 0.0946 0.2472 
        D371  4 0.8789 0.0672 0.0539 
        D372  4 0.0404 0.8905 0.0691 
        D373  4 0.0355 0.2004 0.7642 
        D455  4 0.0790 0.1749 0.7461 
        D490  4 0.0660 0.0304 0.9036 
        D497  4 0.0404 0.0519 0.9076 
        D498  4 0.4445 0.3333 0.2222 
        D499  4 0.1034 0.8088 0.0878 
        D514  4 0.3311 0.1645 0.5044 
        D515  4 0.1979 0.1647 0.6374 
        D516  4 0.4280 0.2260 0.3460 
        D517  4 0.0403 0.1236 0.8361 
        D518  4 0.6225 0.1893 0.1882 
        D519  4 0.0777 0.2664 0.6559 
        D560  4 0.1345 0.3501 0.5153 
        D561  4 0.0595 0.0701 0.8705 
        D562  4 0.2873 0.3788 0.3339 
        D563  4 0.0471 0.7738 0.1791 
        D572  4 0.5686 0.2105 0.2209 
        D629  4 0.3825 0.1219 0.4956 
        D630  4 0.4305 0.2569 0.3126 
        D631  4 0.2021 0.6999 0.0980 
        D632  4 0.1001 0.2388 0.6611 
        D646  4 0.1844 0.1959 0.6198 
        D647  4 0.3886 0.2261 0.3853 
        D648  4 0.6783 0.2106 0.1110 
        D649  4 0.4322 0.0797 0.4881 
        D650  4 0.6336 0.1545 0.2119 
        D708  4 0.6109 0.1981 0.1910 
        D709  4 0.5907 0.1760 0.2333 
        D738  4 0.8064 0.0624 0.1312 
        D739  4 0.2117 0.2227 0.5656 
        D740  4 0.1256 0.4524 0.4220 
        D741  4 0.0871 0.4642 0.4488 
        D742  4 0.1072 0.7832 0.1096 
        D743  4 0.6195 0.2520 0.1285 
        D744  4 0.2907 0.4913 0.2180 
        D745  4 0.0890 0.1576 0.7534 
        D814  4 0.0503 0.6439 0.3058 
        D815  4 0.6732 0.1660 0.1608 
        D828  4 0.3106 0.5466 0.1428 
        D845  4 0.0511 0.9213 0.0276 
        D846  4 0.1154 0.4926 0.3920 
        D847  4 0.2890 0.3563 0.3547 
        D848  4 0.0311 0.3689 0.6000 
        D849  4 0.1192 0.1042 0.7766 
        D850  4 0.3304 0.2551 0.4145 
        D856  4 0.2271 0.1611 0.6118 
        D857  4 0.0365 0.1070 0.8565 
        D859  4 0.3717 0.4664 0.1619 
        D860  4 0.6556 0.2999 0.0445 
        D883  4 0.5830 0.1060 0.3111 
        D884  4 0.5405 0.1244 0.3351 
        D885  4 0.0916 0.5018 0.4066 
        D886  4 0.4402 0.1597 0.4001 
        D887  4 0.2070 0.6035 0.1895 
        D889  4 0.2480 0.6568 0.0952 
        D890  4 0.5403 0.1984 0.2613 
        D891  4 0.0175 0.9639 0.0186 
        D899  4 0.2039 0.7495 0.0466 
        D900  4 0.3773 0.2317 0.3910 
        D970  4 0.4144 0.3365 0.2491 
        D971  4 0.2672 0.6100 0.1227 
        D979  4 0.8342 0.0974 0.0685 
        D093  5 0.7088 0.1842 0.1070 
        D154  5 0.1006 0.7778 0.1216 
        D168  5 0.0702 0.5025 0.4272 
        D189  5 0.4519 0.4780 0.0701 
        D190  5 0.7703 0.1803 0.0494 
     D237220  5 0.1958 0.3108 0.4934 
     D237221  5 0.4911 0.4002 0.1087 
     D237274  5 0.7081 0.0552 0.2367 
     D237275  5 0.0338 0.8962 0.0700 
     D237276  5 0.6341 0.1552 0.2107 
     D237277  5 0.5084 0.4242 0.0673 
     D237278  5 0.1485 0.6747 0.1768 
     D237279  5 0.0433 0.0274 0.9294 
     D237280  5 0.3399 0.0622 0.5979 
     D237281  5 0.0307 0.9076 0.0617 
     D237351  5 0.1960 0.1079 0.6961 
     D237352  5 0.4605 0.1089 0.4306 
     D237353  5 0.7898 0.1541 0.0561 
     D237359  5 0.1541 0.4744 0.3714 
     D237361  5 0.8488 0.0840 0.0672 
     D237362  5 0.5154 0.2172 0.2675 
     D237363  5 0.1203 0.2753 0.6044 
     D237364  5 0.0914 0.4984 0.4102 
     D237376  5 0.6032 0.3157 0.0811 
     D237377  5 0.4888 0.0852 0.4260 
     D237378  5 0.3445 0.5652 0.0904 
     D237379  5 0.4639 0.3600 0.1762 
     D237380  5 0.4565 0.0374 0.5061 
     D237381  5 0.2546 0.1331 0.6123 
     D237391  5 0.7501 0.1847 0.0652 
     D237392  5 0.5371 0.2128 0.2501 
     D237393  5 0.6916 0.1233 0.1851 
     D237394  5 0.8933 0.0404 0.0664 
     D237395  5 0.3682 0.3249 0.3070 
     D237396  5 0.5350 0.1406 0.3244 
     D244016  5 0.5143 0.3048 0.1809 
     D244018  5 0.1328 0.6342 0.2330 
     D244019  5 0.5301 0.2949 0.1750 
        D279  5 0.0816 0.7466 0.1719 
        D280  5 0.4696 0.3170 0.2134 
        D281  5 0.0773 0.8777 0.0450 
        D283  5 0.7563 0.1684 0.0753 
        D284  5 0.1254 0.2353 0.6393 
        D285  5 0.7079 0.1768 0.1152 
        D286  5 0.5847 0.2588 0.1565 
        D287  5 0.5585 0.2325 0.2090 
        D288  5 0.5246 0.3316 0.1438 
        D308  5 0.1488 0.0266 0.8246 
        D309  5 0.5504 0.0975 0.3521 
        D310  5 0.7099 0.1320 0.1581 
        D311  5 0.7121 0.1677 0.1202 
        D312  5 0.7713 0.1081 0.1207 
        D313  5 0.0293 0.0160 0.9547 
        D314  5 0.1252 0.5884 0.2864 
        D315  5 0.6745 0.1545 0.1710 
        D317  5 0.8766 0.0690 0.0544 
        D318  5 0.2231 0.3276 0.4493 
        D319  5 0.7913 0.1555 0.0532 
        D320  5 0.8079 0.1127 0.0794 
        D321  5 0.1423 0.0731 0.7846 
        D336  5 0.9162 0.0411 0.0427 
        D337  5 0.8179 0.1549 0.0272 
        D338  5 0.4289 0.2911 0.2800 
        D339  5 0.6434 0.2318 0.1248 
        D347  5 0.7026 0.2027 0.0947 
        D348  5 0.9018 0.0724 0.0258 
        D349  5 0.1112 0.0577 0.8310 
        D350  5 0.4487 0.2745 0.2768 
        D355  5 0.1289 0.7434 0.1278 
        D356  5 0.7609 0.0745 0.1646 
        D357  5 0.4752 0.2481 0.2767 
        D358  5 0.7456 0.1176 0.1368 
        D359  5 0.9271 0.0306 0.0423 
        D360  5 0.8081 0.0558 0.1361 
        D361  5 0.0628 0.0377 0.8995 
        D366  5 0.2065 0.4191 0.3744 
        D367  5 0.6121 0.1713 0.2166 
        D368  5 0.5685 0.0902 0.3414 
        D380  5 0.3933 0.1807 0.4260 
        D381  5 0.7463 0.1549 0.0987 
        D400  5 0.5112 0.4251 0.0636 
        D411  5 0.0203 0.0321 0.9476 
        D412  5 0.3422 0.3440 0.3138 
        D413  5 0.0460 0.8489 0.1051 
        D414  5 0.1209 0.7573 0.1218 
        D420  5 0.0979 0.3163 0.5859 
        D431  5 0.1257 0.6373 0.2370 
        D432  5 0.4705 0.3260 0.2035 
        D433  5 0.6498 0.2846 0.0657 
        D434  5 0.8079 0.0961 0.0960 
        D440  5 0.4395 0.1951 0.3654 
        D447  5 0.1474 0.1524 0.7002 
        D448  5 0.7783 0.1725 0.0493 
        D459  5 0.0635 0.9011 0.0354 
        D460  5 0.1343 0.0524 0.8133 
        D461  5 0.6695 0.1412 0.1893 
        D468  5 0.4866 0.1606 0.3528 
        D469  5 0.6324 0.1040 0.2636 
        D470  5 0.4563 0.1329 0.4108 
        D471  5 0.7338 0.2118 0.0543 
        D472  5 0.4055 0.4705 0.1239 
        D479  5 0.0555 0.8954 0.0492 
        D485  5 0.5104 0.2938 0.1958 
        D486  5 0.4080 0.0997 0.4923 
        D487  5 0.1250 0.7990 0.0760 
        D555  5 0.7428 0.2056 0.0515 
        D556  5 0.3789 0.4713 0.1498 
        D557  5 0.7969 0.1605 0.0426 
        D564  5 0.5354 0.2113 0.2532 
        D594  5 0.5169 0.1461 0.3370 
        D595  5 0.5768 0.2506 0.1726 
        D596  5 0.8088 0.1328 0.0584 
        D597  5 0.5554 0.3803 0.0644 
        D598  5 0.6495 0.1742 0.1763 
        D617  5 0.0385 0.2139 0.7476 
        D618  5 0.5821 0.3393 0.0786 
        D619  5 0.6493 0.0630 0.2877 
        D620  5 0.0557 0.9134 0.0309 
        D628  5 0.5603 0.2106 0.2291 
        D714  5 0.1891 0.7097 0.1012 
        D715  5 0.7085 0.2492 0.0423 
        D716  5 0.5313 0.3252 0.1435 
        D717  5 0.7549 0.1156 0.1294 
        D718  5 0.2222 0.2904 0.4874 
        D769  5 0.0599 0.1791 0.7610 
        D770  5 0.1564 0.7112 0.1324 
        D771  5 0.1877 0.5742 0.2381 
        D772  5 0.6884 0.1993 0.1123 
        D782  5 0.0733 0.1619 0.7648 
        D783  5 0.1669 0.7388 0.0943 
        D784  5 0.6889 0.1757 0.1354 
        D785  5 0.7919 0.0655 0.1426 
        D786  5 0.2294 0.1108 0.6598 
        D821  5 0.8467 0.1217 0.0316 
        D822  5 0.7633 0.1281 0.1086 
        D826  5 0.2442 0.6711 0.0846 
        D827  5 0.4486 0.2025 0.3489 
        D851  5 0.4177 0.2257 0.3565 
        D852  5 0.1744 0.7085 0.1171 
        D853  5 0.5676 0.2905 0.1418 
        D854  5 0.1517 0.4554 0.3929 
        D861  5 0.2774 0.3958 0.3268 
        D862  5 0.8535 0.0492 0.0972 
        D865  5 0.6672 0.2394 0.0934 
        D868  5 0.6821 0.1438 0.1741 
        D869  5 0.0432 0.0419 0.9150 
        D870  5 0.0316 0.0328 0.9356 
        D907  5 0.6079 0.1340 0.2581 
        D908  5 0.1446 0.8026 0.0528 
        D910  5 0.5204 0.4198 0.0598 
        D911  5 0.0775 0.8523 0.0702 
        D934  5 0.1048 0.7653 0.1299 
        D946  5 0.1274 0.7083 0.1643 
        D947  5 0.3977 0.3087 0.2936 
        D948  5 0.2092 0.0508 0.7400 
        D949  5 0.1794 0.0405 0.7800 
        D950  5 0.0693 0.8607 0.0700 
        D951  5 0.6282 0.0475 0.3243 
        D952  5 0.7907 0.1091 0.1003 
        D953  5 0.7566 0.1575 0.0859 
        D954  5 0.8321 0.0569 0.1110 
        D961  5 0.4730 0.3420 0.1850 
        D962  5 0.8940 0.0512 0.0548 
        D963  5 0.6811 0.2248 0.0941 
        D964  5 0.1688 0.4446 0.3866 
        D965  5 0.4055 0.3973 0.1972 
        D966  5 0.4471 0.4460 0.1069 
        D967  5 0.2934 0.5202 0.1864 
        D991  5 0.5880 0.1310 0.2810 
        D502  6 0.0427 0.3773 0.5800 
        D503  6 0.0516 0.5658 0.3826 
        D504  6 0.5232 0.2236 0.2532 
        D505  6 0.4157 0.3890 0.1953 
        D506  6 0.8594 0.0607 0.0799 
        D507  6 0.1409 0.4869 0.3722 
        D508  6 0.3505 0.3783 0.2712 
        D529  6 0.3340 0.1964 0.4697 
        D530  6 0.4416 0.2207 0.3377 
        D531  6 0.4466 0.3247 0.2287 
        D532  6 0.7230 0.1182 0.1587 
        D534  6 0.0683 0.0825 0.8492 
        D535  6 0.7115 0.0739 0.2146 
        D536  6 0.0287 0.7244 0.2469 
        D554  6 0.5810 0.1375 0.2815 
        D587  6 0.8272 0.1003 0.0725 
        D588  6 0.6330 0.1308 0.2362 
        D589  6 0.1036 0.6882 0.2082 
        D590  6 0.0588 0.7686 0.1726 
        D591  6 0.2312 0.3980 0.3709 
        D592  6 0.1183 0.1382 0.7434 
        D593  6 0.4965 0.2869 0.2166 
        D682  6 0.7690 0.1168 0.1142 
        D683  6 0.8036 0.0589 0.1375 
        D684  6 0.0317 0.4015 0.5668 
        D685  6 0.0545 0.2963 0.6492 
        D686  6 0.7508 0.0720 0.1772 
        D724  6 0.1937 0.2921 0.5143 
        D725  6 0.3826 0.3956 0.2218 
        D726  6 0.8707 0.0557 0.0736 
        D727  6 0.2116 0.4225 0.3659 
        D728  6 0.7369 0.0967 0.1664 
        D729  6 0.0625 0.1154 0.8221 
        D730  6 0.2196 0.3622 0.4182 
        D731  6 0.2748 0.6864 0.0388 
        D732  6 0.4997 0.2551 0.2452 
        D733  6 0.4081 0.2909 0.3010 
     D237251  7 0.1479 0.7648 0.0873 
     D237252  7 0.0781 0.3864 0.5355 
     D237253  7 0.1676 0.6837 0.1487 
     D237254  7 0.0260 0.0461 0.9280 
     D237255  7 0.0920 0.8502 0.0578 
     D237256  7 0.1078 0.7909 0.1013 
     D237257  7 0.0802 0.2379 0.6819 
     D237282  7 0.3642 0.2339 0.4019 
     D237283  7 0.0270 0.0522 0.9208 
     D237284  7 0.0365 0.0582 0.9053 
     D237285  7 0.5186 0.3049 0.1765 
     D237286  7 0.3747 0.3647 0.2606 
     D237287  7 0.1437 0.6053 0.2510 
     D244006  7 0.0296 0.0438 0.9266 
     D244007  7 0.1608 0.5494 0.2899 
     D244008  7 0.0721 0.0324 0.8956 
     D244009  7 0.4079 0.0962 0.4959 
     D244010  7 0.0758 0.2560 0.6682 
     D244011  7 0.2002 0.6178 0.1820 
     D244012  7 0.0890 0.5238 0.3872 
     D244013  7 0.2394 0.6799 0.0806 
     D244014  7 0.0769 0.4535 0.4696 
     D244015  7 0.0637 0.1181 0.8181 
     D244125  7 0.4299 0.4651 0.1050 
     D244126  7 0.0206 0.0343 0.9451 
     D244130  7 0.1735 0.2099 0.6166 
     D244131  7 0.6050 0.1689 0.2261 
     D244132  7 0.8555 0.0728 0.0717 
        D520  7 0.2339 0.0685 0.6976 
        D521  7 0.3602 0.3077 0.3321 
        D522  7 0.2805 0.0996 0.6199 
        D523  7 0.0874 0.8277 0.0849 
        D524  7 0.3318 0.5167 0.1515 
        D525  7 0.0466 0.3673 0.5861 
        D526  7 0.0410 0.0310 0.9280 
        D527  7 0.3230 0.2979 0.3791 
        D528  7 0.0193 0.0138 0.9669 
        D558  7 0.2361 0.3494 0.4145 
        D559  7 0.1695 0.4110 0.4195 
        D640  7 0.4113 0.4248 0.1639 
        D641  7 0.1314 0.6045 0.2640 
        D642  7 0.1495 0.2390 0.6115 
        D644  7 0.5233 0.2197 0.2571 
        D645  7 0.1709 0.5968 0.2323 
        D662  7 0.4880 0.0304 0.4816 
        D687  7 0.2484 0.5091 0.2425 
        D688  7 0.2118 0.2424 0.5458 
        D689  7 0.3514 0.4018 0.2468 
        D700  7 0.0181 0.0191 0.9628 
        D797  7 0.4083 0.3216 0.2702 
        D798  7 0.0801 0.0786 0.8414 
        D799  7 0.0662 0.6913 0.2424 
        D800  7 0.1598 0.2899 0.5503 
        D132  8 0.0694 0.0402 0.8904 
        D133  8 0.0214 0.9155 0.0631 
        D200  8 0.2508 0.5362 0.2130 
        D500  8 0.0514 0.0265 0.9221 
        D614  8 0.6774 0.1307 0.1919 
        D723  8 0.2950 0.2639 0.4411 
        D888  8 0.0437 0.9141 0.0422 
        D901  8 0.0755 0.3114 0.6131 
        D902  8 0.7951 0.1123 0.0927 
        D903  8 0.7870 0.1431 0.0699 
        D904  8 0.5284 0.2012 0.2704 
        D905  8 0.0553 0.9161 0.0286 
        D906  8 0.0537 0.7365 0.2097 
        D937  8 0.7380 0.1790 0.0830 
        D943  8 0.0976 0.2850 0.6173 
        D972  8 0.2041 0.1825 0.6134 
        D973  8 0.6930 0.0481 0.2590 
        D974  8 0.4396 0.2432 0.3172 
        D975  8 0.3945 0.3814 0.2241 
        D976  8 0.1678 0.4298 0.4024 
        D201  9 0.1286 0.5682 0.3031 
        D202  9 0.1212 0.5843 0.2944 
     D237259  9 0.0678 0.0948 0.8375 
     D237260  9 0.0303 0.7447 0.2250 
     D237262  9 0.0469 0.0442 0.9088 
     D237263  9 0.0696 0.3763 0.5541 
     D237264  9 0.1919 0.3770 0.4311 
     D237265  9 0.0403 0.8253 0.1344 
     D237266  9 0.0563 0.6637 0.2800 
     D237267  9 0.2653 0.0785 0.6562 
     D237268  9 0.2258 0.1251 0.6491 
     D237289  9 0.1234 0.7617 0.1149 
     D237290  9 0.0278 0.9102 0.0620 
     D237291  9 0.0810 0.7901 0.1288 
     D237292  9 0.0271 0.6098 0.3631 
     D237293  9 0.3731 0.1736 0.4533 
     D237294  9 0.1072 0.3865 0.5063 
     D237295  9 0.5951 0.0974 0.3074 
     D237296  9 0.2341 0.4223 0.3436 
     D237297  9 0.5056 0.3345 0.1599 
     D237298  9 0.3244 0.4313 0.2443 
     D237341  9 0.1954 0.5991 0.2055 
     D237342  9 0.1129 0.1831 0.7040 
     D237343  9 0.0749 0.5337 0.3914 
     D237344  9 0.3536 0.4227 0.2237 
     D237345  9 0.0318 0.0765 0.8917 
     D237346  9 0.1316 0.7289 0.1395 
     D237347  9 0.4599 0.4301 0.1100 
     D237348  9 0.3385 0.2905 0.3710 
     D237349  9 0.0750 0.3750 0.5500 
     D244109  9 0.0312 0.5930 0.3758 
     D244110  9 0.0518 0.7817 0.1665 
     D244111  9 0.1884 0.5177 0.2939 
     D244128  9 0.0481 0.1489 0.8030 
     D244137  9 0.4734 0.1568 0.3698 
     D244138  9 0.1203 0.5826 0.2971 
        D580  9 0.1017 0.0345 0.8638 
        D581  9 0.0283 0.8726 0.0992 
        D582  9 0.0378 0.0507 0.9115 
        D583  9 0.0268 0.8884 0.0848 
        D584  9 0.2785 0.1563 0.5651 
        D585  9 0.0483 0.3127 0.6391 
        D586  9 0.0428 0.9195 0.0377 
        D651  9 0.6272 0.2154 0.1575 
        D652  9 0.1348 0.1513 0.7139 
        D653  9 0.1647 0.6263 0.2090 
        D654  9 0.1450 0.4347 0.4202 
        D655  9 0.3156 0.5336 0.1508 
        D656  9 0.0603 0.0449 0.8947 
        D657  9 0.1824 0.3093 0.5084 
        D667  9 0.4028 0.4624 0.1349 
        D668  9 0.1316 0.4488 0.4196 
        D669  9 0.0715 0.7324 0.1960 
        D670  9 0.3449 0.1199 0.5351 
        D671  9 0.0685 0.7838 0.1477 
        D672  9 0.0647 0.1894 0.7459 
        D673  9 0.3114 0.3058 0.3828 
        D692  9 0.0441 0.2252 0.7307 
        D693  9 0.4366 0.1883 0.3751 
        D694  9 0.0474 0.1013 0.8513 
        D695  9 0.2853 0.1343 0.5804 
        D696  9 0.8816 0.0898 0.0286 
        D697  9 0.5255 0.3129 0.1616 
        D698  9 0.2022 0.6612 0.1366 
        D699  9 0.3600 0.3545 0.2855 
        D787  9 0.1881 0.2390 0.5729 
        D788  9 0.5685 0.0798 0.3517 
        D789  9 0.1688 0.3663 0.4649 
        D790  9 0.2030 0.3421 0.4548 
        D791  9 0.0642 0.8483 0.0875 
        D792  9 0.1785 0.3950 0.4265 
        D793  9 0.7015 0.2113 0.0872 
        D794  9 0.5906 0.2393 0.1702 
        D795  9 0.0751 0.1365 0.7884 
        D796  9 0.0856 0.6906 0.2237 
        D142 10 0.7346 0.1798 0.0856 
        D143 10 0.0803 0.8477 0.0719 
        D144 10 0.5034 0.1880 0.3087 
        D145 10 0.0565 0.8772 0.0663 
        D146 10 0.1370 0.0900 0.7730 
        D147 10 0.1308 0.2060 0.6632 
        D148 10 0.1673 0.0926 0.7402 
        D149 10 0.0441 0.8245 0.1314 
        D151 10 0.0642 0.1586 0.7772 
        D152 10 0.0179 0.9578 0.0243 
        D153 10 0.8405 0.0529 0.1066 
        D156 10 0.5003 0.3206 0.1791 
        D157 10 0.5540 0.1869 0.2591 
        D158 10 0.1214 0.6138 0.2648 
        D159 10 0.0345 0.9382 0.0273 
        D160 10 0.0658 0.8775 0.0566 
        D161 10 0.4415 0.2898 0.2687 
        D162 10 0.5230 0.4052 0.0718 
        D169 10 0.0494 0.0807 0.8699 
        D170 10 0.1252 0.1204 0.7544 
        D171 10 0.5144 0.1881 0.2975 
        D172 10 0.3176 0.4074 0.2750 
        D173 10 0.0273 0.9240 0.0487 
        D181 10 0.4730 0.3688 0.1582 
        D182 10 0.0739 0.5440 0.3821 
        D183 10 0.8324 0.0688 0.0988 
        D184 10 0.0363 0.0164 0.9474 
        D185 10 0.3940 0.1958 0.4103 
        D186 10 0.0410 0.1008 0.8582 
        D194 10 0.3570 0.0918 0.5512 
        D195 10 0.2949 0.5716 0.1335 
        D196 10 0.4547 0.5005 0.0448 
        D197 10 0.0534 0.2476 0.6990 
        D198 10 0.4864 0.0542 0.4593 
     D237226 10 0.0515 0.7389 0.2095 
     D237232 10 0.2121 0.6257 0.1621 
     D237233 10 0.1099 0.7781 0.1120 
     D237234 10 0.5100 0.3497 0.1403 
     D237354 10 0.0289 0.9452 0.0260 
     D237355 10 0.0572 0.8633 0.0794 
     D237356 10 0.8190 0.0327 0.1483 
     D237357 10 0.0816 0.4199 0.4985 
     D237358 10 0.1622 0.1173 0.7205 
     D237369 10 0.0323 0.0974 0.8703 
     D237370 10 0.6305 0.2757 0.0938 
     D237371 10 0.2237 0.1431 0.6331 
     D237372 10 0.0405 0.3047 0.6548 
     D237373 10 0.1716 0.7080 0.1204 
     D237374 10 0.0762 0.8812 0.0427 
     D237375 10 0.1705 0.4502 0.3793 
     D237400 10 0.0244 0.9517 0.0239 
     D244002 10 0.0506 0.0843 0.8651 
     D244003 10 0.0650 0.8782 0.0568 
     D244004 10 0.7579 0.1474 0.0947 
     D244005 10 0.0565 0.6804 0.2631 
     D244020 10 0.6205 0.1918 0.1878 
     D244021 10 0.1229 0.4680 0.4091 
     D244116 10 0.2303 0.1780 0.5917 
     D244117 10 0.2648 0.6267 0.1085 
     D244121 10 0.4781 0.3882 0.1337 
     D244123 10 0.3049 0.5590 0.1360 
     D244124 10 0.1090 0.5283 0.3627 
        D332 10 0.6817 0.1580 0.1603 
        D570 10 0.8034 0.1092 0.0874 
        D602 10 0.5453 0.1630 0.2917 
        D603 10 0.2723 0.5392 0.1884 
        D604 10 0.3492 0.4409 0.2099 
        D605 10 0.5143 0.2976 0.1881 
        D606 10 0.3403 0.0741 0.5856 
        D607 10 0.5378 0.1265 0.3358 
        D608 10 0.0329 0.9337 0.0333 
        D609 10 0.8532 0.0409 0.1059 
        D610 10 0.3692 0.2242 0.4066 
        D611 10 0.8829 0.0779 0.0392 
        D613 10 0.6562 0.2243 0.1195 
        D633 10 0.3542 0.3532 0.2926 
        D634 10 0.4483 0.2522 0.2995 
        D638 10 0.0288 0.9336 0.0376 
        D681 10 0.3917 0.2769 0.3314 
        D754 10 0.1848 0.2737 0.5415 
        D755 10 0.1151 0.8514 0.0335 
        D756 10 0.3552 0.3817 0.2632 
        D757 10 0.2469 0.4862 0.2668 
        D758 10 0.3529 0.2940 0.3530 
        D759 10 0.1175 0.7964 0.0860 
        D760 10 0.3313 0.5065 0.1622 
        D761 10 0.0243 0.9563 0.0193 
        D762 10 0.6766 0.1211 0.2023 
        D775 10 0.3394 0.5587 0.1020 
        D776 10 0.0363 0.9139 0.0498 
        D777 10 0.2528 0.4790 0.2682 
        D778 10 0.0395 0.7775 0.1830 
        D779 10 0.2547 0.4151 0.3302 
        D780 10 0.1372 0.7965 0.0663 
        D781 10 0.4742 0.2937 0.2321 
        D858 10 0.0159 0.0816 0.9025 
        D933 10 0.4135 0.2902 0.2963 
        D038 11 0.1020 0.7055 0.1925 
        D063 11 0.2841 0.6424 0.0736 
        D155 11 0.2758 0.5524 0.1718 
        D175 11 0.3924 0.1901 0.4175 
        D176 11 0.0658 0.8603 0.0740 
        D205 11 0.7339 0.0517 0.2144 
     D237229 11 0.0742 0.4132 0.5125 
     D237230 11 0.1138 0.1916 0.6946 
     D237231 11 0.7795 0.1322 0.0883 
     D237269 11 0.1779 0.6117 0.2104 
     D237270 11 0.1250 0.1447 0.7303 
     D237271 11 0.6317 0.1984 0.1699 
     D237272 11 0.2721 0.1632 0.5646 
     D237273 11 0.5411 0.3557 0.1032 
     D237301 11 0.7925 0.1168 0.0907 
     D237302 11 0.1892 0.2882 0.5226 
     D237303 11 0.0520 0.1734 0.7746 
     D237304 11 0.5066 0.2452 0.2482 
     D237305 11 0.1274 0.1738 0.6988 
     D237314 11 0.2520 0.5136 0.2344 
     D237315 11 0.0986 0.1992 0.7022 
     D237316 11 0.8810 0.0366 0.0824 
     D237328 11 0.5982 0.0513 0.3505 
     D237329 11 0.1495 0.4531 0.3973 
     D237330 11 0.5207 0.4306 0.0487 
     D237331 11 0.2255 0.5294 0.2451 
     D237332 11 0.6470 0.1335 0.2195 
     D237333 11 0.1187 0.8316 0.0497 
     D237334 11 0.6878 0.1104 0.2018 
     D237335 11 0.6965 0.1014 0.2020 
     D237336 11 0.1095 0.6980 0.1925 
     D237350 11 0.7178 0.1936 0.0886 
     D237383 11 0.1147 0.5094 0.3759 
     D237384 11 0.3879 0.1409 0.4712 
     D237385 11 0.3739 0.3923 0.2339 
     D237386 11 0.7076 0.1706 0.1219 
     D237387 11 0.5639 0.0890 0.3470 
     D237388 11 0.7552 0.1473 0.0976 
        D239 11 0.3586 0.4986 0.1428 
        D240 11 0.0245 0.8235 0.1519 
        D241 11 0.0763 0.1210 0.8027 
        D242 11 0.2661 0.4567 0.2771 
        D243 11 0.5675 0.2809 0.1517 
        D244 11 0.8105 0.0659 0.1236 
        D245 11 0.0597 0.2646 0.6757 
        D246 11 0.6848 0.1258 0.1895 
        D247 11 0.1526 0.4304 0.4170 
        D248 11 0.7049 0.2179 0.0772 
        D249 11 0.2965 0.1392 0.5643 
        D250 11 0.7387 0.2025 0.0588 
        D251 11 0.6933 0.1306 0.1761 
        D252 11 0.6294 0.0611 0.3095 
        D253 11 0.2767 0.5042 0.2191 
        D254 11 0.0422 0.1663 0.7915 
        D255 11 0.8042 0.0697 0.1261 
        D256 11 0.3608 0.4312 0.2079 
        D257 11 0.0761 0.1128 0.8112 
        D258 11 0.1665 0.0459 0.7875 
        D259 11 0.0421 0.1430 0.8149 
        D260 11 0.3205 0.2889 0.3906 
        D261 11 0.6186 0.2528 0.1286 
        D262 11 0.0534 0.4025 0.5440 
        D263 11 0.7719 0.0554 0.1728 
        D264 11 0.2657 0.1734 0.5609 
        D265 11 0.1506 0.4546 0.3949 
        D266 11 0.5223 0.3438 0.1339 
        D267 11 0.6785 0.1105 0.2110 
        D268 11 0.8485 0.1008 0.0507 
        D269 11 0.8771 0.0273 0.0956 
        D270 11 0.4342 0.1631 0.4027 
        D271 11 0.2420 0.3006 0.4574 
        D272 11 0.2493 0.5686 0.1821 
        D273 11 0.0355 0.0228 0.9417 
        D274 11 0.5550 0.1434 0.3016 
        D275 11 0.7109 0.1282 0.1610 
        D276 11 0.9120 0.0437 0.0442 
        D277 11 0.7165 0.1381 0.1454 
        D278 11 0.4047 0.3901 0.2052 
        D282 11 0.1420 0.0404 0.8176 
        D296 11 0.6334 0.2680 0.0986 
        D297 11 0.7759 0.0601 0.1639 
        D298 11 0.4894 0.3878 0.1228 
        D299 11 0.7978 0.1509 0.0513 
        D300 11 0.0889 0.8172 0.0939 
        D382 11 0.8816 0.0270 0.0914 
        D383 11 0.6581 0.0771 0.2647 
        D387 11 0.2141 0.6087 0.1773 
        D388 11 0.6179 0.1648 0.2173 
        D389 11 0.7295 0.2108 0.0597 
        D390 11 0.7419 0.1640 0.0941 
        D396 11 0.2104 0.6529 0.1367 
        D397 11 0.1456 0.0990 0.7553 
        D398 11 0.3260 0.2926 0.3814 
        D399 11 0.3078 0.2773 0.4149 
        D437 11 0.0515 0.3387 0.6098 
        D441 11 0.7022 0.2240 0.0738 
        D442 11 0.2285 0.5670 0.2045 
        D443 11 0.3147 0.6240 0.0612 
        D444 11 0.6378 0.1947 0.1675 
        D445 11 0.5401 0.0640 0.3959 
        D446 11 0.0530 0.1254 0.8216 
        D451 11 0.5644 0.0996 0.3359 
        D452 11 0.1828 0.6782 0.1390 
        D453 11 0.7786 0.0868 0.1346 
        D454 11 0.0446 0.2427 0.7127 
        D457 11 0.3700 0.2627 0.3673 
        D458 11 0.7626 0.1044 0.1329 
        D466 11 0.0403 0.8675 0.0922 
        D467 11 0.6173 0.2642 0.1185 
        D475 11 0.0489 0.0453 0.9057 
        D488 11 0.2612 0.5015 0.2373 
        D489 11 0.1717 0.2961 0.5322 
        D493 11 0.1509 0.0864 0.7627 
        D494 11 0.6311 0.2178 0.1512 
        D495 11 0.0424 0.6062 0.3514 
        D496 11 0.0639 0.9102 0.0258 
        D674 11 0.0402 0.8942 0.0656 
        D675 11 0.0800 0.8787 0.0413 
        D676 11 0.6358 0.1207 0.2435 
        D680 11 0.1826 0.5755 0.2419 
        D701 11 0.0903 0.6099 0.2998 
        D702 11 0.1030 0.1161 0.7809 
        D703 11 0.2213 0.5322 0.2465 
        D704 11 0.4163 0.2680 0.3157 
        D705 11 0.0733 0.0617 0.8651 
        D706 11 0.0521 0.6947 0.2532 
        D707 11 0.5299 0.1204 0.3497 
        D751 11 0.6171 0.0857 0.2972 
        D752 11 0.2206 0.6421 0.1373 
        D753 11 0.3073 0.2548 0.4379 
        D773 11 0.0240 0.0243 0.9516 
        D774 11 0.2672 0.5345 0.1983 
        D801 11 0.4959 0.3197 0.1843 
        D802 11 0.1460 0.1135 0.7404 
        D803 11 0.3092 0.5330 0.1578 
        D804 11 0.1694 0.3700 0.4606 
        D805 11 0.3389 0.2222 0.4390 
        D806 11 0.0544 0.0544 0.8912 
        D809 11 0.6960 0.1842 0.1198 
        D810 11 0.7108 0.2034 0.0858 
        D812 11 0.4541 0.1068 0.4390 
        D813 11 0.1068 0.7480 0.1452 
        D823 11 0.6459 0.2091 0.1450 
        D824 11 0.3782 0.4912 0.1307 
        D829 11 0.5424 0.2590 0.1985 
        D830 11 0.2667 0.0493 0.6840 
        D831 11 0.0805 0.6637 0.2558 
        D832 11 0.1024 0.4691 0.4285 
        D833 11 0.8426 0.0946 0.0628 
        D834 11 0.8580 0.0628 0.0791 
        D835 11 0.2539 0.1345 0.6116 
        D855 11 0.6843 0.1046 0.2111 
        D863 11 0.0245 0.9469 0.0286 
        D864 11 0.4953 0.2210 0.2837 
        D878 11 0.7444 0.1573 0.0983 
        D879 11 0.1323 0.0676 0.8001 
        D880 11 0.3720 0.5662 0.0617 
        D881 11 0.6054 0.2675 0.1270 
        D882 11 0.0979 0.7767 0.1254 
        D909 11 0.6041 0.2646 0.1313 
        D921 11 0.7509 0.1613 0.0877 
        D924 11 0.1638 0.7706 0.0656 
        D935 11 0.8144 0.0494 0.1363 
        D940 11 0.0372 0.9015 0.0613 
        D941 11 0.4103 0.3787 0.2110 
        D942 11 0.1139 0.0283 0.8578 
        D980 11 0.4069 0.2511 0.3420 
        D981 11 0.2218 0.1035 0.6748 
        D982 11 0.1160 0.8390 0.0451 
        D983 11 0.8754 0.0721 0.0525 
        D984 11 0.6069 0.2765 0.1166 
        D992 11 0.1710 0.1857 0.6433 
        D993 11 0.8236 0.0423 0.1341 
        D994 11 0.2871 0.4644 0.2485 
        D995 11 0.1683 0.0281 0.8036 
        H354 11 0.2724 0.0563 0.6713 
        D005 12 0.0549 0.3334 0.6117 
        D035 12 0.1801 0.3983 0.4216 
        D067 12 0.5856 0.2080 0.2063 
        D134 12 0.1354 0.6482 0.2164 
        D135 12 0.2701 0.1681 0.5619 
        D136 12 0.4182 0.0640 0.5178 
        D137 12 0.1241 0.5641 0.3119 
        D138 12 0.3344 0.4601 0.2055 
        D139 12 0.3767 0.4876 0.1357 
        D140 12 0.2683 0.1926 0.5391 
        D141 12 0.0329 0.0194 0.9477 
        D150 12 0.1096 0.1123 0.7780 
        D177 12 0.0544 0.8296 0.1160 
        D178 12 0.7138 0.1090 0.1772 
        D179 12 0.2457 0.2168 0.5374 
        D180 12 0.2532 0.1866 0.5602 
        D187 12 0.1380 0.6086 0.2534 
        D188 12 0.0222 0.0329 0.9449 
        D191 12 0.0593 0.1862 0.7545 
        D418 12 0.0632 0.1303 0.8065 
        D601 12 0.1158 0.0876 0.7966 
        D836 12 0.0416 0.0700 0.8883 
        D837 12 0.3868 0.3696 0.2435 
        D838 12 0.3034 0.6232 0.0734 
        D839 12 0.0512 0.8117 0.1371 
        D840 12 0.2786 0.5651 0.1564 
        D841 12 0.1955 0.2065 0.5980 
        D842 12 0.0174 0.0458 0.9367 
        D843 12 0.5948 0.2350 0.1702 
        D844 12 0.0435 0.4246 0.5319 
        D912 12 0.7289 0.1975 0.0736 
        D913 12 0.0281 0.9473 0.0246 
