        D174  1 0.1271 0.4503 0.1023 0.1438 0.1096 0.0372 0.0297 
        D199  1 0.1077 0.2002 0.2771 0.0993 0.0510 0.2168 0.0480 
        D203  1 0.1433 0.0835 0.2366 0.1394 0.1196 0.2200 0.0576 
        D204  1 0.0399 0.0213 0.8009 0.0201 0.0304 0.0251 0.0623 
     D237366  1 0.0837 0.0582 0.0689 0.5863 0.0259 0.0542 0.1228 
     D237367  1 0.1556 0.0403 0.4215 0.2214 0.0552 0.0421 0.0639 
     D237368  1 0.0813 0.1487 0.1323 0.4525 0.0941 0.0568 0.0344 
     D244101  1 0.0575 0.0290 0.3146 0.0351 0.0426 0.2205 0.3007 
     D244102  1 0.1884 0.0636 0.0921 0.1264 0.2152 0.0665 0.2479 
     D244103  1 0.3662 0.0531 0.2294 0.2068 0.0456 0.0444 0.0545 
     D244104  1 0.0329 0.1427 0.6182 0.0554 0.0855 0.0410 0.0242 
     D244105  1 0.1796 0.0202 0.0887 0.4849 0.1538 0.0279 0.0449 
     D244106  1 0.1331 0.6023 0.0711 0.0413 0.0423 0.0764 0.0335 
     D244107  1 0.0729 0.0203 0.1273 0.3645 0.2562 0.0963 0.0625 
     D244108  1 0.0840 0.3081 0.1021 0.0548 0.3633 0.0374 0.0503 
     D244113  1 0.1051 0.5369 0.0237 0.0426 0.0614 0.0441 0.1862 
     D244114  1 0.3149 0.1180 0.1365 0.1523 0.0817 0.1011 0.0954 
     D244115  1 0.1422 0.2822 0.1576 0.0886 0.2569 0.0323 0.0402 
     D267365  1 0.0734 0.2873 0.3987 0.0826 0.0461 0.0619 0.0500 
        D404  1 0.1966 0.3519 0.0344 0.0296 0.1033 0.0440 0.2403 
        D405  1 0.2363 0.0949 0.1422 0.0767 0.1687 0.1026 0.1787 
        D406  1 0.0255 0.0454 0.0799 0.6639 0.1336 0.0184 0.0333 
        D407  1 0.0749 0.0274 0.6224 0.1819 0.0240 0.0523 0.0172 
        D408  1 0.1028 0.5955 0.0569 0.0367 0.1031 0.0544 0.0506 
        D409  1 0.6342 0.0529 0.1036 0.0630 0.0721 0.0377 0.0365 
        D410  1 0.0451 0.0275 0.0575 0.0377 0.7899 0.0123 0.0300 
        D421  1 0.0133 0.0242 0.8963 0.0140 0.0174 0.0213 0.0137 
        D422  1 0.0414 0.0166 0.0700 0.7929 0.0326 0.0315 0.0150 
        D423  1 0.0501 0.0175 0.1094 0.1013 0.6472 0.0516 0.0227 
        D424  1 0.0854 0.0488 0.6894 0.1029 0.0269 0.0201 0.0265 
        D425  1 0.1006 0.0966 0.5843 0.0442 0.0950 0.0380 0.0414 
        D426  1 0.5138 0.0385 0.1229 0.1403 0.0279 0.1316 0.0250 
        D427  1 0.0299 0.2616 0.2127 0.0350 0.0285 0.4140 0.0184 
        D428  1 0.0853 0.1482 0.4154 0.0998 0.1189 0.0339 0.0986 
        D429  1 0.1316 0.2621 0.3523 0.0905 0.0499 0.0622 0.0514 
        D430  1 0.4474 0.1673 0.0959 0.0907 0.0468 0.1117 0.0403 
        D491  1 0.0435 0.7616 0.0802 0.0307 0.0439 0.0186 0.0214 
        D492  1 0.1495 0.1359 0.3119 0.1929 0.0788 0.0582 0.0729 
        D537  1 0.0462 0.0286 0.6863 0.0822 0.0525 0.0190 0.0853 
        D538  1 0.3478 0.1230 0.0730 0.1312 0.2102 0.0536 0.0612 
        D539  1 0.1258 0.2689 0.0513 0.1356 0.1177 0.1238 0.1769 
        D540  1 0.2220 0.0786 0.3161 0.1507 0.1573 0.0419 0.0334 
        D541  1 0.0211 0.0178 0.8703 0.0256 0.0203 0.0264 0.0184 
        D551  1 0.2162 0.0475 0.1148 0.2425 0.0351 0.3066 0.0371 
        D552  1 0.0458 0.2652 0.1770 0.1599 0.2494 0.0396 0.0632 
        D553  1 0.0213 0.0202 0.8824 0.0206 0.0222 0.0157 0.0175 
        D615  1 0.1348 0.0818 0.3600 0.0903 0.2116 0.0881 0.0335 
        D616  1 0.1190 0.0934 0.2854 0.1546 0.1592 0.1598 0.0287 
        D621  1 0.0390 0.1064 0.0260 0.3115 0.2204 0.0260 0.2708 
        D622  1 0.0575 0.0530 0.0543 0.5682 0.1875 0.0230 0.0565 
        D623  1 0.0759 0.2866 0.0367 0.0290 0.0836 0.1208 0.3675 
        D624  1 0.0486 0.7692 0.0561 0.0580 0.0320 0.0212 0.0149 
        D625  1 0.0735 0.0714 0.6555 0.0781 0.0630 0.0194 0.0392 
        D626  1 0.0664 0.3460 0.0856 0.1595 0.2560 0.0399 0.0466 
        D627  1 0.5653 0.0541 0.1366 0.1113 0.0275 0.0737 0.0314 
        D690  1 0.0270 0.0543 0.7767 0.0424 0.0624 0.0149 0.0223 
        D691  1 0.0426 0.0430 0.0857 0.6947 0.0795 0.0265 0.0279 
        D710  1 0.0934 0.2196 0.2897 0.1220 0.1550 0.0372 0.0831 
        D711  1 0.0611 0.0402 0.7076 0.0707 0.0442 0.0281 0.0480 
        D712  1 0.0541 0.6627 0.0424 0.0775 0.0536 0.0462 0.0635 
        D713  1 0.1215 0.1266 0.2154 0.0944 0.0681 0.0219 0.3521 
        D746  1 0.0302 0.0285 0.0778 0.7442 0.0664 0.0264 0.0264 
        D747  1 0.0180 0.0254 0.8656 0.0164 0.0191 0.0322 0.0233 
        D748  1 0.0852 0.0417 0.3374 0.3263 0.1101 0.0220 0.0772 
        D749  1 0.1364 0.1047 0.0342 0.4093 0.1480 0.0474 0.1201 
        D750  1 0.0415 0.6438 0.1284 0.0584 0.0723 0.0184 0.0372 
        D763  1 0.1186 0.0346 0.1525 0.1637 0.0678 0.1757 0.2871 
        D764  1 0.0460 0.2507 0.5144 0.0693 0.0810 0.0212 0.0174 
        D765  1 0.0879 0.1701 0.0474 0.1475 0.5051 0.0185 0.0234 
        D766  1 0.0541 0.0544 0.1611 0.1910 0.3793 0.0239 0.1363 
        D767  1 0.1604 0.0414 0.1296 0.1798 0.1142 0.0655 0.3090 
        D768  1 0.0215 0.0125 0.8798 0.0273 0.0243 0.0184 0.0162 
        D811  1 0.2585 0.1917 0.0580 0.0407 0.3473 0.0331 0.0707 
        D816  1 0.0272 0.0331 0.8426 0.0225 0.0353 0.0172 0.0221 
        D825  1 0.1437 0.1907 0.1602 0.0474 0.4037 0.0204 0.0339 
        D866  1 0.1252 0.3271 0.0602 0.0425 0.1248 0.2966 0.0236 
        D867  1 0.0444 0.0330 0.0302 0.7422 0.0358 0.0284 0.0861 
        D871  1 0.7377 0.0524 0.0868 0.0409 0.0275 0.0228 0.0318 
        D872  1 0.1505 0.0505 0.3586 0.1171 0.2249 0.0420 0.0563 
        D873  1 0.0393 0.0186 0.0103 0.0237 0.8433 0.0151 0.0497 
        D874  1 0.0396 0.1078 0.1015 0.0200 0.0248 0.0289 0.6775 
        D875  1 0.7109 0.0230 0.0689 0.0811 0.0765 0.0166 0.0230 
        D876  1 0.0634 0.1373 0.4637 0.1080 0.0886 0.0329 0.1061 
        D877  1 0.3050 0.2664 0.0697 0.0201 0.0577 0.0392 0.2418 
        D892  1 0.1245 0.1622 0.3766 0.1877 0.0693 0.0176 0.0621 
        D893  1 0.0567 0.0245 0.6122 0.1165 0.0589 0.0477 0.0835 
        D894  1 0.1586 0.0873 0.5270 0.0944 0.0479 0.0507 0.0342 
        D915  1 0.0519 0.0580 0.5866 0.0986 0.1407 0.0348 0.0294 
        D916  1 0.0242 0.0237 0.8650 0.0293 0.0253 0.0189 0.0136 
        D917  1 0.1479 0.3790 0.1247 0.0615 0.0398 0.0800 0.1671 
        D925  1 0.0346 0.0908 0.1968 0.0492 0.5831 0.0229 0.0227 
        D926  1 0.1339 0.0780 0.4993 0.1054 0.0852 0.0330 0.0652 
        D927  1 0.0951 0.0770 0.3682 0.1048 0.0414 0.2650 0.0486 
        D928  1 0.0254 0.7775 0.0929 0.0158 0.0503 0.0167 0.0214 
        D929  1 0.1382 0.0571 0.0373 0.1125 0.0331 0.0192 0.6026 
        D936  1 0.0697 0.0386 0.5412 0.0362 0.0647 0.0819 0.1677 
        D938  1 0.0316 0.0358 0.0351 0.6647 0.1511 0.0181 0.0635 
        D956  1 0.1228 0.6744 0.0300 0.0306 0.0710 0.0315 0.0397 
        D957  1 0.1140 0.0476 0.1989 0.1404 0.3935 0.0356 0.0700 
        D958  1 0.0717 0.1356 0.3461 0.1204 0.2207 0.0227 0.0828 
        D959  1 0.0460 0.0227 0.6623 0.1951 0.0226 0.0368 0.0145 
        D960  1 0.0629 0.0735 0.0320 0.6054 0.1620 0.0230 0.0411 
        D989  1 0.0521 0.6643 0.0591 0.0600 0.0348 0.0974 0.0324 
        D990  1 0.0529 0.0844 0.0221 0.0659 0.6901 0.0551 0.0295 
        D023  2 0.0305 0.0215 0.0854 0.8043 0.0191 0.0193 0.0199 
        D130  2 0.0729 0.0181 0.0974 0.7137 0.0405 0.0312 0.0262 
        D131  2 0.2701 0.0501 0.3470 0.0640 0.1222 0.0727 0.0739 
        D163  2 0.0391 0.0563 0.1164 0.6821 0.0517 0.0209 0.0336 
        D164  2 0.0202 0.0133 0.0183 0.0390 0.3970 0.4907 0.0215 
        D165  2 0.0314 0.0214 0.0602 0.8115 0.0302 0.0263 0.0191 
        D166  2 0.5317 0.0247 0.0557 0.1243 0.0952 0.0390 0.1295 
        D167  2 0.0418 0.0385 0.0218 0.0198 0.0311 0.8284 0.0186 
        D192  2 0.0221 0.0303 0.0138 0.0270 0.0227 0.8586 0.0255 
        D193  2 0.2175 0.2674 0.0504 0.0675 0.1468 0.0520 0.1984 
        D206  2 0.1140 0.0337 0.2586 0.1868 0.0797 0.2327 0.0945 
        D207  2 0.1504 0.0241 0.0457 0.0376 0.0326 0.6834 0.0263 
        D208  2 0.0928 0.2557 0.0690 0.0870 0.1648 0.2056 0.1251 
        D209  2 0.1704 0.0395 0.0540 0.1516 0.1493 0.2233 0.2120 
        D210  2 0.0485 0.5784 0.0683 0.0433 0.0349 0.1821 0.0445 
     D229599  2 0.1355 0.1073 0.2052 0.1191 0.1536 0.0725 0.2068 
     D229600  2 0.0730 0.0264 0.0391 0.5153 0.0590 0.2537 0.0335 
     D237227  2 0.0744 0.5003 0.0585 0.0611 0.2131 0.0604 0.0322 
     D237228  2 0.1196 0.1671 0.0183 0.0269 0.5831 0.0620 0.0230 
     D237258  2 0.1615 0.0951 0.0963 0.2130 0.1551 0.1947 0.0843 
     D237310  2 0.2534 0.0482 0.0189 0.0389 0.5487 0.0452 0.0467 
     D237311  2 0.1013 0.0405 0.0214 0.0667 0.5834 0.1493 0.0373 
     D237312  2 0.3006 0.0592 0.0434 0.1676 0.2871 0.0253 0.1167 
     D237313  2 0.1275 0.1134 0.2399 0.0725 0.2889 0.0340 0.1238 
     D237322  2 0.2638 0.1412 0.0431 0.0833 0.1297 0.1463 0.1926 
     D237323  2 0.1371 0.1736 0.0241 0.0768 0.5149 0.0392 0.0343 
     D237324  2 0.1320 0.0291 0.0985 0.3831 0.0685 0.2457 0.0430 
     D237325  2 0.1210 0.0792 0.0499 0.2385 0.3313 0.0477 0.1324 
     D237326  2 0.0423 0.0809 0.1154 0.0885 0.5891 0.0373 0.0465 
     D237327  2 0.1681 0.0710 0.0942 0.1977 0.0387 0.3295 0.1007 
     D237337  2 0.0578 0.0446 0.0418 0.0327 0.7711 0.0203 0.0316 
     D237338  2 0.1066 0.1304 0.0773 0.2238 0.2310 0.0791 0.1519 
     D237339  2 0.0577 0.0235 0.0565 0.0294 0.0391 0.1797 0.6141 
     D237340  2 0.1122 0.1849 0.0286 0.1127 0.3243 0.1596 0.0777 
     D237389  2 0.1651 0.0293 0.0329 0.0574 0.6155 0.0564 0.0434 
     D237390  2 0.1671 0.0848 0.0626 0.1581 0.3720 0.0270 0.1283 
     D244017  2 0.2180 0.3166 0.0412 0.0571 0.0768 0.2520 0.0383 
     D244112  2 0.0571 0.0319 0.0198 0.0630 0.0445 0.7594 0.0243 
     D244118  2 0.0275 0.0341 0.0164 0.3133 0.1088 0.4550 0.0448 
     D244119  2 0.0268 0.6590 0.0258 0.0231 0.0335 0.2182 0.0136 
     D244120  2 0.1715 0.0951 0.0143 0.0632 0.0599 0.5115 0.0845 
     D244122  2 0.0879 0.0477 0.0353 0.1028 0.0496 0.6156 0.0611 
        D291  2 0.3168 0.0264 0.0897 0.1456 0.0901 0.3027 0.0286 
        D292  2 0.0749 0.1074 0.2103 0.0369 0.1473 0.3724 0.0508 
        D293  2 0.0331 0.0179 0.1289 0.0166 0.0174 0.7315 0.0545 
        D322  2 0.0695 0.0240 0.1621 0.0566 0.0629 0.5179 0.1071 
        D323  2 0.1910 0.0621 0.1239 0.0725 0.1791 0.1270 0.2445 
        D324  2 0.1312 0.1025 0.2757 0.1682 0.1132 0.1795 0.0296 
        D325  2 0.0269 0.0137 0.0448 0.0200 0.0216 0.8529 0.0201 
        D326  2 0.0223 0.0257 0.8804 0.0184 0.0158 0.0197 0.0177 
        D340  2 0.0211 0.0251 0.0252 0.0179 0.0205 0.8669 0.0233 
        D341  2 0.0564 0.0471 0.0594 0.0510 0.0780 0.6653 0.0428 
        D342  2 0.1321 0.0286 0.0360 0.2115 0.1070 0.4572 0.0275 
        D343  2 0.0137 0.0105 0.0208 0.0127 0.0115 0.9135 0.0174 
        D344  2 0.2056 0.0302 0.1390 0.0281 0.0603 0.0458 0.4909 
        D345  2 0.0521 0.0565 0.1501 0.0711 0.4792 0.0459 0.1451 
        D346  2 0.0805 0.5926 0.0757 0.0454 0.0761 0.0708 0.0588 
        D351  2 0.2344 0.0344 0.3172 0.1013 0.1002 0.1188 0.0937 
        D352  2 0.0955 0.0491 0.0265 0.0307 0.0680 0.0330 0.6971 
        D353  2 0.2546 0.0221 0.3632 0.0392 0.0433 0.0407 0.2368 
        D354  2 0.0415 0.0607 0.0584 0.0248 0.0809 0.0157 0.7180 
        D362  2 0.0301 0.0344 0.7677 0.0700 0.0476 0.0296 0.0207 
        D363  2 0.0366 0.0581 0.7679 0.0366 0.0486 0.0285 0.0237 
        D364  2 0.0801 0.0559 0.3459 0.0350 0.1415 0.0291 0.3126 
        D365  2 0.0209 0.0239 0.0437 0.0128 0.0196 0.8496 0.0295 
        D369  2 0.0922 0.1896 0.2330 0.0651 0.1933 0.2021 0.0247 
        D374  2 0.1075 0.6414 0.0207 0.0205 0.1179 0.0227 0.0692 
        D375  2 0.0434 0.0191 0.0211 0.0282 0.0300 0.0146 0.8437 
        D376  2 0.0846 0.6263 0.0198 0.0242 0.1123 0.0343 0.0985 
        D377  2 0.1642 0.0931 0.0458 0.0879 0.4025 0.0721 0.1343 
        D378  2 0.0713 0.0380 0.1937 0.1426 0.0608 0.2421 0.2516 
        D379  2 0.0363 0.0411 0.7573 0.0377 0.0331 0.0273 0.0673 
        D384  2 0.0158 0.0369 0.8778 0.0148 0.0217 0.0176 0.0154 
        D385  2 0.0344 0.0508 0.0328 0.0207 0.0333 0.6681 0.1598 
        D386  2 0.0794 0.0260 0.1410 0.0807 0.0457 0.0653 0.5619 
        D391  2 0.0300 0.0213 0.0416 0.0222 0.0433 0.7448 0.0968 
        D392  2 0.0713 0.0667 0.0683 0.0438 0.1468 0.5807 0.0224 
        D393  2 0.0702 0.0361 0.3548 0.0939 0.1011 0.1552 0.1888 
        D394  2 0.1372 0.0539 0.0918 0.2592 0.2310 0.0647 0.1622 
        D395  2 0.0822 0.0231 0.0238 0.0302 0.0244 0.1632 0.6531 
        D401  2 0.0510 0.0379 0.0225 0.0168 0.8333 0.0242 0.0143 
        D402  2 0.0319 0.0162 0.0206 0.0189 0.0367 0.8249 0.0508 
        D403  2 0.1920 0.0364 0.3171 0.2123 0.0564 0.0454 0.1403 
        D415  2 0.0999 0.0182 0.6804 0.0571 0.0923 0.0239 0.0281 
        D435  2 0.0448 0.0188 0.5951 0.0472 0.0561 0.1971 0.0409 
        D436  2 0.0810 0.0440 0.1544 0.0453 0.0392 0.0308 0.6052 
        D438  2 0.0192 0.0278 0.0197 0.0176 0.0176 0.8752 0.0229 
        D439  2 0.0817 0.0253 0.0823 0.0858 0.1236 0.0656 0.5357 
        D449  2 0.1331 0.0276 0.2132 0.1044 0.0403 0.4617 0.0195 
        D450  2 0.2446 0.2117 0.1150 0.0818 0.0723 0.0341 0.2406 
        D456  2 0.0238 0.0274 0.8695 0.0210 0.0168 0.0169 0.0246 
        D462  2 0.0259 0.0142 0.0447 0.0258 0.0188 0.7720 0.0985 
        D463  2 0.0237 0.0331 0.8670 0.0175 0.0192 0.0129 0.0266 
        D464  2 0.2734 0.0377 0.0860 0.0249 0.0359 0.0503 0.4917 
        D465  2 0.1165 0.0283 0.3334 0.0504 0.1014 0.3399 0.0301 
        D473  2 0.0613 0.5386 0.0370 0.0843 0.1030 0.0393 0.1364 
        D474  2 0.0353 0.0853 0.5915 0.0734 0.0741 0.1132 0.0272 
        D476  2 0.0335 0.0177 0.0389 0.3763 0.0291 0.0612 0.4434 
        D477  2 0.0723 0.0850 0.2700 0.0417 0.2083 0.0433 0.2794 
        D478  2 0.2573 0.1734 0.0690 0.2931 0.0507 0.0608 0.0957 
        D480  2 0.0899 0.1691 0.2460 0.0501 0.0519 0.1440 0.2490 
        D481  2 0.0916 0.1462 0.2667 0.1197 0.1546 0.0605 0.1606 
        D482  2 0.0835 0.1176 0.0275 0.0593 0.1165 0.0525 0.5431 
        D483  2 0.0304 0.0924 0.0219 0.0318 0.0360 0.7677 0.0199 
        D484  2 0.0341 0.0251 0.0144 0.0205 0.0239 0.0243 0.8577 
        D510  2 0.0606 0.6882 0.0312 0.0337 0.0570 0.0565 0.0728 
        D511  2 0.0495 0.0260 0.1022 0.0598 0.0447 0.0729 0.6449 
        D512  2 0.2412 0.0192 0.0442 0.0487 0.4937 0.1080 0.0451 
        D513  2 0.0763 0.0681 0.1622 0.0622 0.0514 0.5464 0.0334 
        D635  2 0.0643 0.0382 0.3926 0.3870 0.0581 0.0391 0.0206 
        D636  2 0.0275 0.0263 0.0385 0.8065 0.0657 0.0191 0.0163 
        D637  2 0.1291 0.0879 0.0383 0.0569 0.1165 0.2305 0.3408 
        D658  2 0.0758 0.1357 0.0328 0.0366 0.0789 0.3243 0.3158 
        D659  2 0.0358 0.0517 0.6893 0.1044 0.0335 0.0410 0.0442 
        D677  2 0.1012 0.0311 0.3762 0.2136 0.1000 0.0882 0.0898 
        D678  2 0.1852 0.0216 0.0277 0.0893 0.1118 0.5185 0.0460 
        D679  2 0.0876 0.0779 0.5270 0.0608 0.0778 0.0940 0.0749 
        D719  2 0.0366 0.4361 0.1710 0.0202 0.0554 0.2293 0.0513 
        D720  2 0.0335 0.0659 0.7655 0.0285 0.0512 0.0362 0.0192 
        D721  2 0.0378 0.0428 0.1049 0.6952 0.0277 0.0436 0.0480 
        D722  2 0.1244 0.4431 0.0457 0.0350 0.1976 0.0746 0.0795 
        D734  2 0.0327 0.2493 0.0245 0.0208 0.0196 0.0700 0.5830 
        D735  2 0.1471 0.1298 0.2732 0.0692 0.2366 0.0675 0.0765 
        D736  2 0.0582 0.4889 0.0857 0.0986 0.0717 0.1367 0.0602 
        D737  2 0.0606 0.0720 0.0266 0.1164 0.1000 0.3849 0.2395 
        D807  2 0.0799 0.2705 0.1811 0.0792 0.1691 0.1143 0.1059 
        D808  2 0.3039 0.0447 0.1119 0.0930 0.2486 0.1456 0.0523 
        D817  2 0.0948 0.0693 0.4138 0.0430 0.2042 0.0273 0.1477 
        D818  2 0.1844 0.0306 0.0875 0.1946 0.0333 0.4080 0.0616 
        D819  2 0.1735 0.0448 0.2217 0.0630 0.4167 0.0332 0.0471 
        D820  2 0.0446 0.0308 0.7535 0.0254 0.0195 0.0559 0.0703 
        D895  2 0.0756 0.0469 0.4020 0.1920 0.1576 0.0409 0.0850 
        D896  2 0.0661 0.0369 0.0216 0.0282 0.8124 0.0161 0.0187 
        D897  2 0.1288 0.0324 0.0503 0.0625 0.0965 0.5697 0.0598 
        D898  2 0.2968 0.0645 0.0728 0.0491 0.3997 0.0563 0.0607 
        D918  2 0.2203 0.0772 0.0597 0.2493 0.1325 0.1226 0.1385 
        D919  2 0.1185 0.0283 0.1618 0.0697 0.0429 0.1385 0.4403 
        D920  2 0.0427 0.0887 0.0343 0.7067 0.0526 0.0319 0.0432 
        D923  2 0.0628 0.0312 0.7314 0.0329 0.0278 0.0350 0.0789 
        D930  2 0.2254 0.1454 0.2539 0.0406 0.0968 0.0534 0.1845 
        D931  2 0.0854 0.0614 0.3477 0.0578 0.0735 0.1201 0.2541 
        D968  2 0.0202 0.0154 0.0248 0.0170 0.0161 0.8862 0.0202 
        D969  2 0.1127 0.0949 0.2369 0.0585 0.1041 0.3417 0.0511 
        D977  2 0.0687 0.0315 0.0351 0.0356 0.0253 0.7638 0.0400 
        D978  2 0.4864 0.0653 0.0369 0.0589 0.0489 0.2498 0.0539 
        D211  3 0.0995 0.0290 0.0674 0.6319 0.0830 0.0293 0.0599 
     D229639  3 0.0632 0.2758 0.0743 0.0420 0.0766 0.4258 0.0423 
     D237212  3 0.1580 0.0429 0.0999 0.1421 0.1198 0.1530 0.2843 
     D237213  3 0.1536 0.0235 0.0753 0.1303 0.4382 0.0448 0.1343 
     D237214  3 0.0588 0.0309 0.0365 0.8189 0.0185 0.0166 0.0198 
     D237215  3 0.0844 0.1161 0.0228 0.0224 0.0580 0.6646 0.0316 
     D237216  3 0.3345 0.0592 0.1089 0.2008 0.1082 0.0408 0.1477 
     D237217  3 0.1460 0.0258 0.1378 0.4465 0.1545 0.0577 0.0316 
     D237218  3 0.1301 0.1199 0.1024 0.1160 0.0502 0.1294 0.3520 
     D237219  3 0.1002 0.1240 0.0520 0.1685 0.4651 0.0448 0.0453 
     D237382  3 0.3725 0.1056 0.1397 0.0790 0.1837 0.0457 0.0738 
     D244127  3 0.0760 0.0260 0.0293 0.0645 0.6729 0.0863 0.0450 
     D244129  3 0.1880 0.0672 0.1481 0.1760 0.2236 0.1189 0.0782 
     D244133  3 0.2004 0.1868 0.1237 0.1502 0.1798 0.1385 0.0206 
     D244134  3 0.0409 0.5041 0.0443 0.0538 0.2237 0.1012 0.0319 
     D244135  3 0.0364 0.0178 0.0404 0.8026 0.0335 0.0397 0.0296 
     D244136  3 0.1321 0.2588 0.2603 0.1036 0.1012 0.1093 0.0348 
        D416  3 0.1385 0.0512 0.1774 0.1459 0.2603 0.1690 0.0577 
        D417  3 0.0696 0.0407 0.7027 0.0653 0.0391 0.0201 0.0626 
        D419  3 0.1150 0.0956 0.1275 0.1553 0.3031 0.1365 0.0670 
        D565  3 0.0234 0.8373 0.0493 0.0251 0.0264 0.0223 0.0162 
        D566  3 0.0772 0.3787 0.0818 0.0410 0.1001 0.2930 0.0281 
        D567  3 0.0496 0.0335 0.5494 0.1389 0.1331 0.0392 0.0563 
        D568  3 0.0734 0.0261 0.1983 0.2285 0.1158 0.1409 0.2170 
        D569  3 0.1022 0.0361 0.0331 0.0802 0.0468 0.0614 0.6402 
        D573  3 0.0501 0.0322 0.1358 0.0262 0.0395 0.6853 0.0309 
        D574  3 0.1996 0.4929 0.0467 0.0722 0.1047 0.0512 0.0327 
        D575  3 0.0539 0.1706 0.1009 0.1359 0.4384 0.0563 0.0439 
        D576  3 0.1007 0.0341 0.0101 0.0525 0.0329 0.7327 0.0369 
        D577  3 0.0986 0.0552 0.5158 0.1745 0.0520 0.0325 0.0714 
        D578  3 0.0694 0.0204 0.0217 0.8164 0.0317 0.0245 0.0158 
        D579  3 0.0828 0.2675 0.2207 0.0846 0.0917 0.1416 0.1112 
        D660  3 0.1984 0.0236 0.0272 0.1095 0.2013 0.3710 0.0689 
        D661  3 0.0995 0.0278 0.0416 0.1212 0.0414 0.5499 0.1186 
        D663  3 0.1325 0.0307 0.0495 0.0332 0.0266 0.6728 0.0546 
        D664  3 0.1307 0.1000 0.0281 0.3064 0.2733 0.1149 0.0465 
        D665  3 0.4661 0.0159 0.0222 0.1331 0.1889 0.0426 0.1311 
        D666  3 0.0611 0.1199 0.1036 0.0816 0.5472 0.0328 0.0538 
        D009  4 0.1598 0.0441 0.1218 0.2207 0.1647 0.0238 0.2651 
        D057  4 0.0382 0.0395 0.0425 0.2459 0.0244 0.1789 0.4306 
        D109  4 0.1622 0.0610 0.0539 0.0971 0.5534 0.0227 0.0496 
     D237222  4 0.0657 0.1470 0.0443 0.5967 0.0471 0.0389 0.0602 
     D237223  4 0.1242 0.1559 0.0713 0.2762 0.1532 0.0880 0.1312 
     D237224  4 0.0965 0.0495 0.1441 0.0619 0.0979 0.2762 0.2739 
     D237225  4 0.2419 0.0689 0.1857 0.2104 0.1035 0.0435 0.1460 
     D237299  4 0.7426 0.0462 0.0208 0.0649 0.0566 0.0356 0.0333 
     D237300  4 0.0894 0.0745 0.0274 0.0342 0.0925 0.6449 0.0371 
     D237306  4 0.1235 0.4715 0.1220 0.0618 0.1042 0.0341 0.0828 
     D237307  4 0.1347 0.2369 0.4156 0.0660 0.0626 0.0525 0.0318 
     D237308  4 0.0494 0.1105 0.0586 0.1073 0.1236 0.3060 0.2445 
     D237309  4 0.1690 0.0385 0.2326 0.2603 0.1170 0.0574 0.1252 
     D237317  4 0.0767 0.4273 0.2269 0.1092 0.0818 0.0354 0.0426 
     D237318  4 0.0517 0.0277 0.0282 0.0200 0.0335 0.8236 0.0154 
     D237319  4 0.2797 0.0591 0.1149 0.2751 0.1518 0.0557 0.0636 
     D237320  4 0.1172 0.0481 0.1142 0.3790 0.1033 0.1922 0.0458 
     D237321  4 0.0977 0.0835 0.0683 0.0761 0.0731 0.5584 0.0430 
     D237397  4 0.1104 0.2262 0.0960 0.2181 0.1000 0.1853 0.0640 
     D237398  4 0.1997 0.0368 0.1122 0.0974 0.0387 0.4578 0.0574 
     D237399  4 0.1220 0.3080 0.1569 0.1884 0.0615 0.1010 0.0623 
     D244001  4 0.0942 0.0386 0.0496 0.5971 0.0572 0.0668 0.0965 
        D289  4 0.0696 0.3036 0.1057 0.0854 0.0380 0.1311 0.2667 
        D290  4 0.6247 0.0401 0.0914 0.0728 0.0485 0.0493 0.0731 
        D294  4 0.2402 0.0615 0.1191 0.1634 0.0286 0.0542 0.3331 
        D295  4 0.1128 0.0582 0.3386 0.0850 0.2239 0.0395 0.1420 
        D301  4 0.0620 0.0810 0.0273 0.5920 0.1091 0.0664 0.0622 
        D302  4 0.0477 0.0186 0.1091 0.0450 0.0212 0.0180 0.7404 
        D303  4 0.0700 0.5647 0.0501 0.0462 0.1189 0.0507 0.0995 
        D304  4 0.5173 0.1160 0.1084 0.0699 0.0344 0.0814 0.0725 
        D305  4 0.1503 0.0179 0.0361 0.0814 0.0521 0.1501 0.5122 
        D306  4 0.7436 0.0462 0.0621 0.0479 0.0387 0.0274 0.0341 
        D307  4 0.0241 0.0928 0.0181 0.7072 0.0582 0.0325 0.0672 
        D327  4 0.0781 0.0838 0.6528 0.0435 0.0300 0.0586 0.0533 
        D328  4 0.0649 0.1435 0.0335 0.0414 0.0817 0.0298 0.6053 
        D329  4 0.1496 0.0575 0.0649 0.1798 0.1259 0.1445 0.2778 
        D330  4 0.1382 0.0229 0.3205 0.1707 0.1932 0.0484 0.1061 
        D331  4 0.3023 0.1434 0.1836 0.0834 0.1431 0.0738 0.0703 
        D333  4 0.0977 0.1206 0.0843 0.1238 0.1349 0.0890 0.3497 
        D334  4 0.0687 0.5688 0.0950 0.1199 0.0275 0.0256 0.0945 
        D335  4 0.0445 0.0346 0.3059 0.0322 0.0329 0.0370 0.5128 
        D370  4 0.1282 0.1016 0.0610 0.0551 0.4861 0.0382 0.1298 
        D371  4 0.0316 0.7074 0.1169 0.0237 0.0554 0.0293 0.0357 
        D372  4 0.2989 0.0989 0.0184 0.0325 0.0416 0.4775 0.0322 
        D373  4 0.0423 0.0350 0.0457 0.6500 0.0480 0.0967 0.0824 
        D455  4 0.0410 0.0312 0.0386 0.7199 0.0410 0.0377 0.0906 
        D490  4 0.0232 0.0234 0.0245 0.8323 0.0333 0.0119 0.0514 
        D497  4 0.0471 0.0220 0.0255 0.7127 0.0696 0.0250 0.0981 
        D498  4 0.3213 0.1424 0.0825 0.0682 0.2708 0.0691 0.0457 
        D499  4 0.1613 0.1828 0.0329 0.0346 0.1384 0.3026 0.1474 
        D514  4 0.3125 0.0259 0.3297 0.0877 0.0938 0.0418 0.1086 
        D515  4 0.2647 0.0440 0.0935 0.4162 0.0814 0.0357 0.0644 
        D516  4 0.0921 0.0779 0.2225 0.0995 0.3754 0.0832 0.0494 
        D517  4 0.0742 0.0296 0.0579 0.6635 0.0783 0.0588 0.0377 
        D518  4 0.0217 0.0624 0.0362 0.1841 0.0259 0.0255 0.6442 
        D519  4 0.1325 0.0437 0.1104 0.5226 0.0723 0.0776 0.0409 
        D560  4 0.2160 0.0276 0.1586 0.3211 0.0567 0.0951 0.1250 
        D561  4 0.4720 0.0215 0.1687 0.1253 0.0719 0.0578 0.0828 
        D562  4 0.2664 0.0749 0.0638 0.2640 0.0743 0.0862 0.1705 
        D563  4 0.1572 0.0254 0.0473 0.0895 0.0835 0.3542 0.2429 
        D572  4 0.0361 0.0319 0.0559 0.0582 0.0199 0.0263 0.7716 
        D629  4 0.0849 0.0349 0.2835 0.3530 0.1077 0.0380 0.0979 
        D630  4 0.1893 0.0993 0.1463 0.3003 0.0448 0.0530 0.1671 
        D631  4 0.0372 0.0248 0.0229 0.0454 0.0269 0.0796 0.7631 
        D632  4 0.0508 0.0282 0.0617 0.4244 0.1394 0.1104 0.1852 
        D646  4 0.1122 0.0283 0.3037 0.2151 0.1858 0.0961 0.0587 
        D647  4 0.0808 0.0190 0.5303 0.1333 0.0811 0.0709 0.0847 
        D648  4 0.0867 0.0588 0.0198 0.0408 0.0273 0.0227 0.7439 
        D649  4 0.0553 0.0266 0.3121 0.0854 0.2953 0.0286 0.1967 
        D650  4 0.1316 0.1370 0.2291 0.1564 0.1096 0.0436 0.1927 
        D708  4 0.1161 0.2844 0.0496 0.0579 0.0694 0.0378 0.3848 
        D709  4 0.4716 0.0618 0.0557 0.0285 0.2550 0.0326 0.0947 
        D738  4 0.0553 0.5260 0.1240 0.1170 0.1113 0.0289 0.0375 
        D739  4 0.2270 0.0462 0.0404 0.3799 0.0862 0.0400 0.1802 
        D740  4 0.2003 0.2095 0.0274 0.0783 0.3175 0.0720 0.0949 
        D741  4 0.1889 0.0211 0.2639 0.1717 0.0850 0.2229 0.0465 
        D742  4 0.1174 0.1176 0.0504 0.0960 0.0580 0.4164 0.1442 
        D743  4 0.0543 0.0420 0.4344 0.0465 0.0306 0.0615 0.3307 
        D744  4 0.0418 0.0243 0.0465 0.0355 0.0334 0.0392 0.7793 
        D745  4 0.1648 0.0340 0.0551 0.5445 0.0963 0.0345 0.0709 
        D814  4 0.2137 0.0320 0.0740 0.2731 0.0249 0.2404 0.1419 
        D815  4 0.1370 0.0451 0.1989 0.0483 0.1064 0.0471 0.4171 
        D828  4 0.3220 0.1452 0.0203 0.0640 0.0833 0.0969 0.2683 
        D845  4 0.0300 0.1326 0.0364 0.0230 0.0293 0.7080 0.0407 
        D846  4 0.1113 0.0151 0.1336 0.1202 0.0442 0.1153 0.4603 
        D847  4 0.2000 0.1398 0.1148 0.3164 0.0642 0.0861 0.0788 
        D848  4 0.0408 0.0376 0.0183 0.6648 0.0277 0.1582 0.0526 
        D849  4 0.1815 0.0286 0.0688 0.3804 0.1872 0.0427 0.1107 
        D850  4 0.1013 0.1059 0.2382 0.2806 0.0617 0.1459 0.0665 
        D856  4 0.4264 0.0568 0.0611 0.0620 0.2810 0.0320 0.0806 
        D857  4 0.1292 0.0324 0.0135 0.0810 0.6354 0.0483 0.0603 
        D859  4 0.0833 0.0329 0.0860 0.0415 0.0252 0.0648 0.6662 
        D860  4 0.0368 0.5409 0.1116 0.0368 0.0490 0.1487 0.0762 
        D883  4 0.0823 0.0938 0.2342 0.2532 0.1776 0.0508 0.1081 
        D884  4 0.1374 0.1009 0.1601 0.1661 0.2286 0.0282 0.1787 
        D885  4 0.1978 0.0424 0.1842 0.1198 0.1028 0.1457 0.2075 
        D886  4 0.1844 0.0343 0.1512 0.2812 0.1838 0.0595 0.1056 
        D887  4 0.1705 0.0923 0.1125 0.0858 0.1146 0.2041 0.2202 
        D889  4 0.5066 0.0540 0.0703 0.0404 0.0344 0.1849 0.1095 
        D890  4 0.1537 0.1362 0.0700 0.1173 0.2606 0.0563 0.2060 
        D891  4 0.0433 0.0182 0.0210 0.0198 0.0315 0.8485 0.0177 
        D899  4 0.0589 0.1242 0.0486 0.0460 0.0444 0.5737 0.1042 
        D900  4 0.2558 0.0837 0.1639 0.1425 0.1040 0.0746 0.1756 
        D970  4 0.1135 0.0659 0.1407 0.0921 0.0760 0.0691 0.4426 
        D971  4 0.1219 0.0776 0.0996 0.0370 0.0792 0.3714 0.2133 
        D979  4 0.0549 0.0408 0.4681 0.0306 0.0274 0.0432 0.3350 
        D093  5 0.0520 0.7676 0.0469 0.0324 0.0332 0.0306 0.0373 
        D154  5 0.2467 0.0696 0.0456 0.0430 0.1091 0.3940 0.0920 
        D168  5 0.1452 0.0258 0.1084 0.2027 0.1885 0.2515 0.0779 
        D189  5 0.1548 0.4875 0.0646 0.0440 0.0386 0.1466 0.0639 
        D190  5 0.0290 0.6839 0.0470 0.0253 0.0778 0.0442 0.0928 
     D237220  5 0.2111 0.1405 0.0391 0.2202 0.1354 0.0409 0.2128 
     D237221  5 0.0999 0.3739 0.0972 0.0542 0.1198 0.1505 0.1045 
     D237274  5 0.0934 0.0213 0.5859 0.0479 0.0872 0.0451 0.1191 
     D237275  5 0.1988 0.0309 0.0229 0.0321 0.0581 0.6322 0.0250 
     D237276  5 0.1546 0.1953 0.1703 0.1223 0.2092 0.0364 0.1120 
     D237277  5 0.0496 0.6247 0.0383 0.0260 0.0912 0.0912 0.0790 
     D237278  5 0.1258 0.2963 0.0428 0.0696 0.1471 0.2293 0.0891 
     D237279  5 0.2425 0.0350 0.1119 0.1575 0.3392 0.0372 0.0766 
     D237280  5 0.0646 0.0773 0.1114 0.0854 0.5874 0.0192 0.0546 
     D237281  5 0.0292 0.0263 0.0477 0.0185 0.0237 0.8317 0.0230 
     D237351  5 0.0352 0.0718 0.0326 0.0251 0.7796 0.0203 0.0355 
     D237352  5 0.0872 0.0677 0.1270 0.3659 0.0750 0.0569 0.2202 
     D237353  5 0.0294 0.7569 0.0189 0.0191 0.1117 0.0244 0.0396 
     D237359  5 0.2489 0.0907 0.0688 0.2385 0.0859 0.0750 0.1923 
     D237361  5 0.0262 0.8440 0.0286 0.0181 0.0355 0.0215 0.0262 
     D237362  5 0.0934 0.1499 0.2432 0.0814 0.2864 0.0622 0.0836 
     D237363  5 0.4190 0.0963 0.0671 0.0626 0.1565 0.1680 0.0304 
     D237364  5 0.2222 0.0213 0.1126 0.1573 0.0661 0.1488 0.2716 
     D237376  5 0.1919 0.1728 0.0172 0.0285 0.0421 0.0423 0.5052 
     D237377  5 0.0827 0.1351 0.1763 0.0400 0.4695 0.0320 0.0643 
     D237378  5 0.0793 0.4747 0.0255 0.0633 0.0408 0.0762 0.2402 
     D237379  5 0.1809 0.2446 0.0355 0.0765 0.0295 0.0337 0.3994 
     D237380  5 0.0856 0.0983 0.0368 0.0548 0.5400 0.0176 0.1668 
     D237381  5 0.0894 0.0827 0.0551 0.2583 0.3447 0.0615 0.1085 
     D237391  5 0.0246 0.8363 0.0354 0.0304 0.0274 0.0236 0.0224 
     D237392  5 0.0879 0.0289 0.4482 0.0590 0.1131 0.1752 0.0878 
     D237393  5 0.0656 0.2985 0.2944 0.0606 0.1790 0.0671 0.0348 
     D237394  5 0.0212 0.8244 0.0312 0.0232 0.0547 0.0137 0.0316 
     D237395  5 0.2313 0.3670 0.0480 0.1081 0.1300 0.0810 0.0346 
     D237396  5 0.0648 0.1793 0.3980 0.1205 0.0922 0.0965 0.0486 
     D244016  5 0.1726 0.2783 0.0410 0.0409 0.1440 0.0838 0.2394 
     D244018  5 0.0572 0.2696 0.1325 0.0840 0.0725 0.3251 0.0590 
     D244019  5 0.2335 0.0799 0.1682 0.0487 0.2056 0.1173 0.1468 
        D279  5 0.1643 0.1442 0.0570 0.0737 0.1334 0.1776 0.2499 
        D280  5 0.1695 0.2452 0.1297 0.1645 0.1433 0.1180 0.0298 
        D281  5 0.1399 0.0947 0.0377 0.0238 0.0234 0.6444 0.0361 
        D283  5 0.0572 0.4835 0.2165 0.0411 0.0900 0.0644 0.0474 
        D284  5 0.3715 0.0489 0.0659 0.3067 0.0920 0.0602 0.0548 
        D285  5 0.1123 0.5344 0.0947 0.0436 0.0747 0.0451 0.0952 
        D286  5 0.2072 0.2344 0.1064 0.1112 0.0622 0.0477 0.2308 
        D287  5 0.2670 0.1825 0.0234 0.0638 0.0745 0.0287 0.3601 
        D288  5 0.1066 0.1105 0.3208 0.0560 0.2283 0.1463 0.0316 
        D308  5 0.0465 0.0453 0.1073 0.0408 0.7137 0.0238 0.0226 
        D309  5 0.0379 0.0204 0.0488 0.0393 0.0258 0.0186 0.8093 
        D310  5 0.0787 0.7910 0.0217 0.0170 0.0429 0.0216 0.0270 
        D311  5 0.1671 0.1185 0.2144 0.0627 0.0761 0.0417 0.3196 
        D312  5 0.1409 0.1965 0.1194 0.1407 0.0920 0.0596 0.2510 
        D313  5 0.0243 0.0341 0.0212 0.3499 0.5422 0.0144 0.0139 
        D314  5 0.2675 0.0768 0.0400 0.1107 0.2309 0.0918 0.1824 
        D315  5 0.1059 0.3413 0.1805 0.0947 0.1697 0.0552 0.0528 
        D317  5 0.0395 0.7840 0.0634 0.0321 0.0347 0.0225 0.0237 
        D318  5 0.2370 0.0889 0.1142 0.2050 0.0962 0.1170 0.1417 
        D319  5 0.0334 0.7682 0.0346 0.0207 0.0885 0.0284 0.0263 
        D320  5 0.0625 0.6396 0.0379 0.0422 0.0932 0.0258 0.0988 
        D321  5 0.0261 0.1130 0.0735 0.0278 0.6860 0.0491 0.0245 
        D336  5 0.1410 0.6249 0.0353 0.0299 0.0420 0.0176 0.1093 
        D337  5 0.0219 0.8474 0.0329 0.0144 0.0193 0.0339 0.0303 
        D338  5 0.2641 0.2145 0.1519 0.0992 0.0654 0.0992 0.1057 
        D339  5 0.0720 0.6613 0.0467 0.0489 0.0669 0.0673 0.0370 
        D347  5 0.3297 0.0707 0.2035 0.0541 0.0904 0.1442 0.1076 
        D348  5 0.0399 0.7099 0.0318 0.0255 0.0369 0.0261 0.1298 
        D349  5 0.0187 0.0352 0.0192 0.0196 0.8686 0.0186 0.0202 
        D350  5 0.0264 0.0226 0.0240 0.0212 0.0223 0.0209 0.8626 
        D355  5 0.1927 0.0310 0.1242 0.0260 0.0525 0.4989 0.0749 
        D356  5 0.1115 0.3215 0.2620 0.1345 0.0646 0.0393 0.0666 
        D357  5 0.4508 0.0946 0.0647 0.0797 0.1622 0.0733 0.0747 
        D358  5 0.1121 0.3792 0.0725 0.0900 0.0836 0.0466 0.2161 
        D359  5 0.0470 0.4477 0.2688 0.0284 0.0914 0.0253 0.0914 
        D360  5 0.0866 0.4969 0.1401 0.1573 0.0529 0.0251 0.0411 
        D361  5 0.0237 0.0301 0.0249 0.0201 0.8603 0.0215 0.0193 
        D366  5 0.0369 0.0273 0.6779 0.0407 0.0292 0.1638 0.0242 
        D367  5 0.1254 0.4773 0.0319 0.0443 0.1536 0.0230 0.1445 
        D368  5 0.1243 0.1930 0.0821 0.0411 0.4763 0.0308 0.0523 
        D380  5 0.1410 0.0426 0.0970 0.1061 0.1160 0.0576 0.4396 
        D381  5 0.0938 0.5564 0.0851 0.0382 0.0832 0.0560 0.0873 
        D400  5 0.1490 0.2525 0.1015 0.0729 0.0602 0.1393 0.2246 
        D411  5 0.1173 0.0171 0.0258 0.7138 0.0565 0.0351 0.0345 
        D412  5 0.2214 0.1200 0.0923 0.1433 0.1758 0.1831 0.0641 
        D413  5 0.0823 0.0353 0.0955 0.0901 0.0350 0.5938 0.0679 
        D414  5 0.0520 0.0229 0.0268 0.0258 0.0241 0.0830 0.7654 
        D420  5 0.4047 0.0677 0.0336 0.2873 0.0900 0.0816 0.0351 
        D431  5 0.2330 0.0550 0.0200 0.0741 0.3402 0.0822 0.1956 
        D432  5 0.0757 0.4748 0.0884 0.1334 0.0952 0.0732 0.0593 
        D433  5 0.0417 0.5533 0.0731 0.0286 0.1997 0.0622 0.0414 
        D434  5 0.0845 0.4354 0.1468 0.0631 0.1740 0.0413 0.0549 
        D440  5 0.0347 0.0275 0.0226 0.0218 0.0260 0.0162 0.8512 
        D447  5 0.1792 0.0354 0.3059 0.2548 0.0579 0.0693 0.0975 
        D448  5 0.1879 0.4173 0.1035 0.0430 0.0474 0.0763 0.1247 
        D459  5 0.0479 0.0304 0.0733 0.0240 0.0255 0.7384 0.0605 
        D460  5 0.0200 0.0603 0.0461 0.0252 0.7985 0.0288 0.0211 
        D461  5 0.0299 0.0221 0.0736 0.0229 0.0298 0.0174 0.8042 
        D468  5 0.2571 0.0913 0.2544 0.0623 0.2371 0.0493 0.0484 
        D469  5 0.1016 0.0796 0.4838 0.0846 0.1356 0.0340 0.0808 
        D470  5 0.1562 0.0875 0.0980 0.3248 0.0924 0.0398 0.2013 
        D471  5 0.1099 0.5937 0.0883 0.0286 0.0384 0.0691 0.0720 
        D472  5 0.0292 0.0328 0.6903 0.0318 0.0198 0.1713 0.0249 
        D479  5 0.0615 0.0279 0.0446 0.0369 0.0508 0.5633 0.2151 
        D485  5 0.2377 0.0500 0.0428 0.0741 0.0630 0.0436 0.4888 
        D486  5 0.3806 0.0690 0.1333 0.1665 0.1442 0.0367 0.0698 
        D487  5 0.1299 0.2845 0.0421 0.0650 0.0848 0.1750 0.2187 
        D555  5 0.0321 0.8159 0.0301 0.0228 0.0258 0.0490 0.0243 
        D556  5 0.1316 0.1188 0.0445 0.0816 0.2766 0.0906 0.2563 
        D557  5 0.0252 0.7530 0.0385 0.0206 0.0730 0.0389 0.0509 
        D564  5 0.0710 0.3105 0.0429 0.0614 0.2312 0.0264 0.2566 
        D594  5 0.3112 0.0719 0.2311 0.0605 0.1554 0.0876 0.0824 
        D595  5 0.1279 0.3471 0.1839 0.0744 0.0913 0.1096 0.0658 
        D596  5 0.0258 0.8262 0.0242 0.0214 0.0425 0.0392 0.0206 
        D597  5 0.0491 0.3095 0.1360 0.0411 0.0615 0.2926 0.1103 
        D598  5 0.0781 0.3532 0.0900 0.2137 0.0858 0.0462 0.1331 
        D617  5 0.1021 0.0208 0.0311 0.5996 0.0861 0.1254 0.0349 
        D618  5 0.0570 0.5730 0.0730 0.0402 0.0883 0.0723 0.0962 
        D619  5 0.0912 0.1193 0.1502 0.0305 0.5046 0.0650 0.0392 
        D620  5 0.0198 0.0334 0.0635 0.0295 0.0354 0.7941 0.0244 
        D628  5 0.0728 0.0608 0.0309 0.0831 0.0495 0.0294 0.6735 
        D714  5 0.1193 0.1450 0.0215 0.0387 0.0722 0.1574 0.4459 
        D715  5 0.0394 0.6969 0.0752 0.0273 0.0673 0.0565 0.0375 
        D716  5 0.2892 0.0664 0.1231 0.0682 0.0434 0.1752 0.2345 
        D717  5 0.0945 0.2153 0.3059 0.1288 0.1193 0.0503 0.0857 
        D718  5 0.6147 0.0816 0.0239 0.0955 0.0678 0.0407 0.0759 
        D769  5 0.1459 0.0290 0.0402 0.5703 0.0445 0.0925 0.0777 
        D770  5 0.1612 0.0821 0.0518 0.0489 0.0703 0.1855 0.4003 
        D771  5 0.2378 0.0828 0.0574 0.1410 0.1333 0.2435 0.1042 
        D772  5 0.0598 0.1023 0.0439 0.0494 0.0498 0.0331 0.6618 
        D782  5 0.2454 0.0563 0.0996 0.0831 0.2600 0.2178 0.0378 
        D783  5 0.1012 0.1156 0.0249 0.0352 0.0458 0.1943 0.4830 
        D784  5 0.0973 0.1259 0.3013 0.0621 0.0654 0.0456 0.3022 
        D785  5 0.0496 0.5140 0.0452 0.0397 0.2027 0.0217 0.1270 
        D786  5 0.1026 0.0269 0.1942 0.3873 0.0981 0.0498 0.1411 
        D821  5 0.0166 0.8800 0.0154 0.0120 0.0291 0.0147 0.0321 
        D822  5 0.2130 0.1100 0.2889 0.0413 0.1194 0.0741 0.1533 
        D826  5 0.1230 0.3887 0.0656 0.0370 0.1196 0.1731 0.0931 
        D827  5 0.1472 0.0435 0.3900 0.1327 0.0377 0.1090 0.1399 
        D851  5 0.2716 0.1793 0.1099 0.1039 0.1449 0.0886 0.1017 
        D852  5 0.0473 0.1531 0.0291 0.0403 0.1660 0.1115 0.4527 
        D853  5 0.2711 0.2872 0.1052 0.0933 0.1019 0.0776 0.0636 
        D854  5 0.3379 0.0241 0.1202 0.0749 0.1811 0.1598 0.1020 
        D861  5 0.2386 0.1580 0.0797 0.0881 0.1629 0.1919 0.0808 
        D862  5 0.1226 0.2146 0.3586 0.0484 0.1164 0.0311 0.1083 
        D865  5 0.0500 0.5998 0.0334 0.0335 0.1737 0.0638 0.0459 
        D868  5 0.0546 0.0813 0.6729 0.0602 0.0539 0.0376 0.0394 
        D869  5 0.0661 0.0352 0.0523 0.7005 0.1048 0.0265 0.0146 
        D870  5 0.6753 0.0170 0.0790 0.1125 0.0343 0.0511 0.0307 
        D907  5 0.0818 0.6679 0.0358 0.0680 0.0836 0.0306 0.0324 
        D908  5 0.0630 0.1670 0.0282 0.0379 0.2348 0.2017 0.2673 
        D910  5 0.0695 0.3222 0.1192 0.0374 0.0843 0.2432 0.1242 
        D911  5 0.2231 0.0519 0.1019 0.0273 0.0403 0.5140 0.0416 
        D934  5 0.1994 0.0497 0.0508 0.0431 0.1083 0.1523 0.3964 
        D946  5 0.1327 0.0471 0.0227 0.0494 0.2409 0.0951 0.4122 
        D947  5 0.2183 0.0542 0.1179 0.1060 0.1085 0.0766 0.3186 
        D948  5 0.0151 0.0957 0.0425 0.0178 0.7959 0.0186 0.0143 
        D949  5 0.0209 0.0668 0.0392 0.0190 0.8142 0.0189 0.0211 
        D950  5 0.1442 0.0594 0.1086 0.0300 0.0523 0.5598 0.0457 
        D951  5 0.3654 0.0241 0.3363 0.0595 0.0911 0.0416 0.0819 
        D952  5 0.0534 0.0853 0.6383 0.0448 0.0723 0.0502 0.0557 
        D953  5 0.0630 0.5793 0.1380 0.0387 0.0879 0.0428 0.0503 
        D954  5 0.0766 0.2366 0.4029 0.0245 0.1822 0.0371 0.0402 
        D961  5 0.3380 0.0819 0.0253 0.0600 0.0685 0.0410 0.3853 
        D962  5 0.0614 0.3461 0.0566 0.0410 0.0542 0.0136 0.4271 
        D963  5 0.0766 0.3261 0.2813 0.0415 0.0400 0.0447 0.1899 
        D964  5 0.2272 0.0619 0.0449 0.2131 0.1201 0.1003 0.2324 
        D965  5 0.1079 0.0525 0.0436 0.0815 0.0631 0.0612 0.5901 
        D966  5 0.0800 0.2292 0.1460 0.0575 0.0593 0.1085 0.3194 
        D967  5 0.0870 0.2435 0.0405 0.0676 0.3384 0.1901 0.0329 
        D991  5 0.0764 0.0712 0.0651 0.1842 0.1024 0.0332 0.4676 
        D502  6 0.6071 0.0148 0.0213 0.1275 0.0734 0.0734 0.0825 
        D503  6 0.1885 0.0868 0.0355 0.2300 0.1528 0.2678 0.0386 
        D504  6 0.1216 0.1413 0.3135 0.1080 0.0986 0.0690 0.1480 
        D505  6 0.1337 0.2910 0.0838 0.1655 0.0854 0.0934 0.1472 
        D506  6 0.0380 0.8474 0.0290 0.0244 0.0313 0.0142 0.0157 
        D507  6 0.0910 0.0412 0.0458 0.0617 0.0866 0.0707 0.6030 
        D508  6 0.3802 0.0356 0.1810 0.0743 0.0920 0.1116 0.1254 
        D529  6 0.1981 0.0994 0.0893 0.4467 0.0722 0.0460 0.0483 
        D530  6 0.3851 0.0708 0.0251 0.1273 0.1673 0.0534 0.1709 
        D531  6 0.2561 0.0971 0.2624 0.0981 0.0795 0.0664 0.1403 
        D532  6 0.2630 0.1432 0.2619 0.0625 0.0903 0.0785 0.1006 
        D534  6 0.0945 0.0300 0.0576 0.5304 0.1897 0.0376 0.0602 
        D535  6 0.1069 0.2988 0.2081 0.0824 0.2088 0.0379 0.0571 
        D536  6 0.1298 0.0212 0.0320 0.1891 0.0439 0.5494 0.0346 
        D554  6 0.2856 0.1521 0.0493 0.1489 0.0904 0.0404 0.2333 
        D587  6 0.0468 0.7020 0.0899 0.0415 0.0337 0.0454 0.0406 
        D588  6 0.1306 0.3684 0.1893 0.0688 0.1480 0.0547 0.0403 
        D589  6 0.2870 0.1616 0.0524 0.0836 0.0934 0.2666 0.0553 
        D590  6 0.0692 0.0364 0.0669 0.0610 0.0573 0.6799 0.0293 
        D591  6 0.2103 0.2147 0.0731 0.1615 0.1477 0.1301 0.0626 
        D592  6 0.0542 0.0894 0.0612 0.5754 0.1422 0.0436 0.0340 
        D593  6 0.3755 0.0714 0.0214 0.0761 0.0829 0.0558 0.3169 
        D682  6 0.0416 0.8095 0.0271 0.0307 0.0424 0.0252 0.0236 
        D683  6 0.0968 0.3103 0.4092 0.0806 0.0325 0.0291 0.0414 
        D684  6 0.2963 0.0224 0.0461 0.3163 0.0884 0.1862 0.0443 
        D685  6 0.6345 0.0308 0.0243 0.0792 0.0802 0.1023 0.0487 
        D686  6 0.3694 0.2564 0.0639 0.0397 0.1697 0.0413 0.0595 
        D724  6 0.3034 0.0240 0.1667 0.1177 0.1456 0.0748 0.1678 
        D725  6 0.2410 0.0680 0.0612 0.1112 0.0667 0.1564 0.2956 
        D726  6 0.0424 0.8031 0.0339 0.0265 0.0397 0.0183 0.0362 
        D727  6 0.1162 0.0786 0.2941 0.0598 0.0583 0.3659 0.0271 
        D728  6 0.1287 0.4447 0.0603 0.0377 0.1542 0.0281 0.1463 
        D729  6 0.1226 0.0234 0.3726 0.0720 0.2234 0.1714 0.0146 
        D730  6 0.2134 0.0332 0.1262 0.1193 0.1781 0.1078 0.2221 
        D731  6 0.0274 0.7800 0.0177 0.0173 0.0310 0.1098 0.0168 
        D732  6 0.0854 0.0259 0.1768 0.0841 0.0541 0.0500 0.5237 
        D733  6 0.0912 0.0415 0.0436 0.1396 0.0702 0.0335 0.5804 
     D237251  7 0.1422 0.0464 0.0523 0.0737 0.1633 0.2994 0.2227 
     D237252  7 0.2144 0.0294 0.0370 0.2291 0.2192 0.1791 0.0918 
     D237253  7 0.3135 0.1894 0.0677 0.0726 0.0698 0.2219 0.0651 
     D237254  7 0.0321 0.0176 0.0194 0.8762 0.0175 0.0211 0.0160 
     D237255  7 0.1152 0.0419 0.0278 0.0415 0.0259 0.7075 0.0401 
     D237256  7 0.3564 0.0473 0.0692 0.0269 0.0395 0.3274 0.1334 
     D237257  7 0.4878 0.0239 0.0392 0.1808 0.1378 0.0652 0.0653 
