        D174  1 0.3759 0.0953 0.0768 0.0347 0.0803 0.1058 0.0788 0.0174 0.0523 0.0227 0.0600 
        D199  1 0.1114 0.1547 0.1160 0.1428 0.1012 0.0219 0.0283 0.0287 0.1252 0.1457 0.0241 
        D203  1 0.0472 0.1012 0.0538 0.1154 0.0836 0.1461 0.0156 0.0572 0.1970 0.0992 0.0837 
        D204  1 0.0195 0.0342 0.0216 0.0342 0.0463 0.0176 0.0210 0.0877 0.6726 0.0172 0.0281 
     D237366  1 0.0533 0.0612 0.4678 0.0403 0.0480 0.1356 0.0197 0.0657 0.0441 0.0418 0.0226 
     D237367  1 0.0318 0.1243 0.1792 0.0664 0.1019 0.0816 0.0918 0.0317 0.2248 0.0260 0.0404 
     D237368  1 0.1204 0.0680 0.3908 0.0565 0.0356 0.0225 0.0282 0.0540 0.1383 0.0234 0.0623 
     D244101  1 0.0195 0.0949 0.0204 0.0554 0.0392 0.0222 0.0290 0.4768 0.0910 0.1163 0.0354 
     D244102  1 0.0358 0.0726 0.0587 0.0377 0.3670 0.0690 0.0700 0.0725 0.0590 0.0554 0.1025 
     D244103  1 0.0353 0.1435 0.2911 0.0352 0.0638 0.1297 0.0670 0.0320 0.1460 0.0249 0.0314 
     D244104  1 0.0693 0.0356 0.0392 0.0287 0.0127 0.0216 0.0990 0.0243 0.6183 0.0281 0.0231 
     D244105  1 0.0138 0.2213 0.0879 0.0235 0.0198 0.4367 0.0261 0.0159 0.0346 0.0512 0.0693 
     D244106  1 0.5215 0.0582 0.0185 0.0638 0.0609 0.1121 0.0243 0.0205 0.0567 0.0393 0.0241 
     D244107  1 0.0127 0.0670 0.4547 0.0704 0.0144 0.0204 0.0360 0.0611 0.0479 0.0222 0.1932 
     D244108  1 0.2377 0.0750 0.0224 0.0276 0.0858 0.0298 0.0289 0.0221 0.0321 0.0370 0.4016 
     D244113  1 0.2777 0.0386 0.0290 0.0362 0.3681 0.0149 0.1267 0.0548 0.0143 0.0163 0.0234 
     D244114  1 0.0563 0.2451 0.0358 0.0419 0.0579 0.3303 0.0275 0.0309 0.0561 0.0881 0.0302 
     D244115  1 0.2344 0.1659 0.0489 0.0186 0.0438 0.0799 0.0561 0.0224 0.1425 0.0276 0.1601 
     D267365  1 0.1723 0.0698 0.1146 0.0277 0.0469 0.0285 0.0385 0.0420 0.2463 0.1839 0.0294 
        D404  1 0.1451 0.0341 0.0165 0.0300 0.5651 0.0257 0.0369 0.0569 0.0231 0.0214 0.0453 
        D405  1 0.0322 0.0732 0.0333 0.0518 0.5318 0.0361 0.0518 0.0342 0.0771 0.0336 0.0448 
        D406  1 0.0387 0.0358 0.6219 0.0179 0.0218 0.0339 0.0163 0.0316 0.0562 0.0213 0.1047 
        D407  1 0.0224 0.0579 0.1277 0.0925 0.0223 0.0255 0.0626 0.0146 0.5400 0.0146 0.0201 
        D408  1 0.3054 0.0496 0.0201 0.0134 0.0576 0.0186 0.2509 0.0294 0.0593 0.1517 0.0439 
        D409  1 0.0310 0.2369 0.3006 0.0502 0.0326 0.0503 0.0359 0.0302 0.1548 0.0337 0.0439 
        D410  1 0.0169 0.0279 0.0169 0.0110 0.0241 0.0178 0.0188 0.0249 0.0521 0.0143 0.7752 
        D421  1 0.0187 0.0153 0.0141 0.0262 0.0084 0.0100 0.0136 0.0108 0.8614 0.0129 0.0088 
        D422  1 0.0127 0.0356 0.7325 0.0243 0.0137 0.0348 0.0150 0.0158 0.0664 0.0197 0.0296 
        D423  1 0.0163 0.0280 0.0311 0.0519 0.0333 0.0579 0.0157 0.0143 0.0703 0.0135 0.6678 
        D424  1 0.0388 0.1193 0.0480 0.0212 0.0237 0.0562 0.0276 0.0203 0.6088 0.0171 0.0192 
        D425  1 0.0899 0.1679 0.0341 0.0228 0.1607 0.0347 0.0367 0.0242 0.2794 0.0618 0.0879 
        D426  1 0.0227 0.2211 0.3256 0.0241 0.0173 0.0387 0.0625 0.0163 0.1281 0.1285 0.0150 
        D427  1 0.1786 0.0241 0.0281 0.3523 0.0097 0.0186 0.0259 0.0131 0.3151 0.0208 0.0137 
        D428  1 0.1257 0.1553 0.0765 0.0334 0.1266 0.0232 0.0555 0.0627 0.2353 0.0321 0.0738 
        D429  1 0.1006 0.0723 0.0249 0.0242 0.0802 0.1190 0.0212 0.0303 0.4493 0.0444 0.0338 
        D430  1 0.1259 0.1891 0.0422 0.0464 0.1216 0.1770 0.0481 0.0237 0.0661 0.1138 0.0461 
        D491  1 0.6254 0.0370 0.0169 0.0102 0.0279 0.0198 0.0664 0.0291 0.1043 0.0321 0.0309 
        D492  1 0.0925 0.1430 0.1150 0.0437 0.1169 0.0620 0.0279 0.0418 0.2880 0.0241 0.0451 
        D537  1 0.0195 0.0727 0.0858 0.0280 0.0801 0.0381 0.0704 0.0524 0.4884 0.0134 0.0513 
        D538  1 0.0930 0.1397 0.0882 0.0875 0.1794 0.0354 0.0274 0.0606 0.0448 0.0309 0.2133 
        D539  1 0.1011 0.0916 0.0366 0.0397 0.0664 0.2502 0.0743 0.0393 0.0248 0.2256 0.0502 
        D540  1 0.0190 0.1534 0.0589 0.0176 0.0504 0.0318 0.3549 0.0255 0.1776 0.0541 0.0567 
        D541  1 0.0118 0.0137 0.0153 0.0126 0.0134 0.0096 0.0129 0.0155 0.8637 0.0155 0.0160 
        D551  1 0.0323 0.2604 0.0521 0.1473 0.0352 0.2047 0.0296 0.0182 0.0782 0.1184 0.0237 
        D552  1 0.1697 0.1184 0.0840 0.0292 0.0197 0.0697 0.0847 0.0691 0.1260 0.0354 0.1944 
        D553  1 0.0164 0.0161 0.0131 0.0109 0.0099 0.0138 0.0244 0.0130 0.8554 0.0162 0.0108 
        D615  1 0.0598 0.0925 0.0392 0.0412 0.0547 0.0731 0.0369 0.0203 0.4312 0.0520 0.0992 
        D616  1 0.0485 0.1918 0.0850 0.0731 0.0229 0.0803 0.0459 0.0235 0.2453 0.0536 0.1299 
        D621  1 0.0667 0.0575 0.2152 0.0265 0.0385 0.0315 0.0638 0.2427 0.0117 0.0226 0.2234 
        D622  1 0.0402 0.0729 0.4292 0.0185 0.0239 0.0910 0.0529 0.0567 0.0320 0.0247 0.1581 
        D623  1 0.2007 0.0507 0.0256 0.1532 0.2350 0.0129 0.0297 0.1635 0.0194 0.0511 0.0582 
        D624  1 0.7488 0.0514 0.0245 0.0103 0.0294 0.0270 0.0295 0.0098 0.0262 0.0224 0.0208 
        D625  1 0.0607 0.0578 0.0526 0.0144 0.0308 0.0404 0.0262 0.0603 0.5542 0.0239 0.0788 
        D626  1 0.2557 0.0648 0.0900 0.0299 0.0501 0.1217 0.1597 0.0226 0.0468 0.0547 0.1039 
        D627  1 0.0296 0.2793 0.2255 0.0192 0.0159 0.0855 0.0218 0.0216 0.1401 0.1457 0.0158 
        D690  1 0.0399 0.0195 0.0291 0.0081 0.0123 0.0168 0.0186 0.0230 0.7748 0.0128 0.0451 
        D691  1 0.0376 0.0329 0.5894 0.0176 0.0151 0.1092 0.0226 0.0243 0.0586 0.0278 0.0649 
        D710  1 0.1141 0.0899 0.1237 0.0327 0.0448 0.0203 0.0685 0.1664 0.2304 0.0319 0.0774 
        D711  1 0.0255 0.0390 0.0317 0.0206 0.0365 0.0261 0.0102 0.0408 0.7192 0.0223 0.0281 
        D712  1 0.4537 0.0585 0.0866 0.0363 0.0646 0.0289 0.0767 0.0453 0.0284 0.0881 0.0330 
        D713  1 0.1073 0.1001 0.0962 0.0186 0.2424 0.0656 0.0628 0.0930 0.1484 0.0209 0.0447 
        D746  1 0.0268 0.0309 0.6677 0.0287 0.0113 0.0366 0.0370 0.0211 0.0702 0.0170 0.0526 
        D747  1 0.0161 0.0152 0.0127 0.0160 0.0139 0.0106 0.0113 0.0255 0.8515 0.0156 0.0117 
        D748  1 0.0281 0.0496 0.2055 0.0165 0.0181 0.2773 0.0458 0.0602 0.1974 0.0229 0.0786 
        D749  1 0.0800 0.2331 0.2544 0.0341 0.0714 0.1217 0.0211 0.0528 0.0239 0.0294 0.0783 
        D750  1 0.5136 0.0325 0.0300 0.0207 0.0240 0.0372 0.0267 0.0390 0.1566 0.0205 0.0991 
        D763  1 0.0196 0.1302 0.0897 0.0834 0.0279 0.0691 0.1581 0.1821 0.0519 0.1530 0.0350 
        D764  1 0.1831 0.0378 0.0559 0.0154 0.0146 0.0210 0.0308 0.0168 0.5334 0.0200 0.0712 
        D765  1 0.0854 0.0530 0.0461 0.0141 0.0392 0.0607 0.0162 0.0140 0.0233 0.0226 0.6255 
        D766  1 0.0247 0.0629 0.0845 0.0202 0.0311 0.0614 0.0779 0.0944 0.0527 0.0178 0.4725 
        D767  1 0.0285 0.0773 0.0964 0.0868 0.2502 0.0793 0.0211 0.1844 0.0674 0.0330 0.0756 
        D768  1 0.0108 0.0262 0.0251 0.0142 0.0179 0.0252 0.0179 0.0125 0.8204 0.0128 0.0172 
        D811  1 0.0668 0.0455 0.0165 0.0144 0.2974 0.0222 0.3792 0.0142 0.0170 0.0211 0.1057 
        D816  1 0.0239 0.0303 0.0277 0.0115 0.0269 0.0241 0.0153 0.0143 0.7901 0.0155 0.0203 
        D825  1 0.1107 0.0644 0.0164 0.0124 0.1698 0.0398 0.0556 0.0194 0.0746 0.0222 0.4146 
        D866  1 0.1576 0.0893 0.0245 0.1045 0.0369 0.0524 0.0732 0.0141 0.0424 0.3376 0.0675 
        D867  1 0.0216 0.0427 0.6288 0.0481 0.0519 0.0343 0.0318 0.0770 0.0171 0.0183 0.0286 
        D871  1 0.0437 0.2438 0.2590 0.0200 0.0429 0.0708 0.0342 0.0367 0.1658 0.0608 0.0225 
        D872  1 0.0377 0.0530 0.0744 0.0455 0.2370 0.0262 0.0205 0.0413 0.1667 0.0281 0.2695 
        D873  1 0.0120 0.0231 0.0298 0.0230 0.0817 0.0163 0.0164 0.0363 0.0088 0.0082 0.7443 
        D874  1 0.0544 0.0268 0.0115 0.0185 0.0314 0.0242 0.0353 0.7011 0.0571 0.0259 0.0138 
        D875  1 0.0205 0.2210 0.3670 0.0129 0.0345 0.0944 0.0222 0.0216 0.1205 0.0239 0.0615 
        D876  1 0.0817 0.0950 0.0844 0.0223 0.0296 0.0460 0.0439 0.1051 0.3760 0.0506 0.0655 
        D877  1 0.0605 0.0382 0.0106 0.0169 0.7217 0.0199 0.0283 0.0414 0.0232 0.0155 0.0240 
        D892  1 0.1436 0.0771 0.1173 0.0176 0.0831 0.1763 0.0175 0.0377 0.2608 0.0197 0.0493 
        D893  1 0.0186 0.0772 0.0737 0.0250 0.0246 0.0665 0.0463 0.0564 0.5140 0.0571 0.0405 
        D894  1 0.0330 0.0492 0.0307 0.0225 0.0236 0.0692 0.0163 0.0223 0.6861 0.0271 0.0200 
        D915  1 0.0445 0.0561 0.0449 0.0240 0.0283 0.1581 0.0373 0.0283 0.4049 0.0321 0.1415 
        D916  1 0.0181 0.0134 0.0139 0.0106 0.0082 0.0147 0.0106 0.0136 0.8712 0.0110 0.0148 
        D917  1 0.2344 0.1294 0.0387 0.0527 0.0681 0.0179 0.0412 0.1516 0.0997 0.1326 0.0336 
        D925  1 0.0552 0.0485 0.0542 0.0198 0.0456 0.0217 0.0313 0.0177 0.2134 0.0252 0.4673 
        D926  1 0.0739 0.1720 0.0530 0.0184 0.0426 0.1069 0.0287 0.0681 0.3491 0.0446 0.0428 
        D927  1 0.0693 0.1678 0.0762 0.2169 0.0469 0.0447 0.0292 0.0457 0.1698 0.1093 0.0241 
        D928  1 0.7562 0.0193 0.0112 0.0121 0.0345 0.0092 0.0172 0.0199 0.0728 0.0141 0.0335 
        D929  1 0.0415 0.0514 0.0534 0.0160 0.3206 0.0773 0.0283 0.3381 0.0250 0.0221 0.0263 
        D936  1 0.0254 0.0785 0.0211 0.0376 0.0303 0.0481 0.0237 0.1951 0.4065 0.1009 0.0329 
        D938  1 0.0255 0.0243 0.5794 0.0143 0.0172 0.0392 0.0692 0.0538 0.0235 0.0158 0.1378 
        D956  1 0.5062 0.0846 0.0166 0.0350 0.1154 0.0635 0.0391 0.0254 0.0469 0.0221 0.0453 
        D957  1 0.0298 0.0445 0.0467 0.0265 0.1125 0.0275 0.0143 0.0560 0.0541 0.0232 0.5649 
        D958  1 0.1084 0.0573 0.0970 0.0184 0.0464 0.0294 0.0370 0.0803 0.1291 0.0161 0.3806 
        D959  1 0.0251 0.0725 0.1518 0.0686 0.0255 0.0335 0.0380 0.0115 0.5368 0.0130 0.0237 
        D960  1 0.0344 0.0498 0.5279 0.0154 0.0981 0.0632 0.0128 0.0377 0.0242 0.0200 0.1163 
        D989  1 0.5463 0.0515 0.0397 0.0805 0.0377 0.0481 0.0327 0.0218 0.0334 0.0913 0.0170 
        D990  1 0.0648 0.0667 0.0343 0.0293 0.0152 0.0296 0.0141 0.0198 0.0110 0.1304 0.5848 
        D023  2 0.0135 0.0177 0.8584 0.0144 0.0089 0.0103 0.0125 0.0128 0.0284 0.0113 0.0117 
        D130  2 0.0148 0.0346 0.5984 0.0403 0.0961 0.0502 0.0217 0.0218 0.0748 0.0148 0.0324 
        D131  2 0.0336 0.2242 0.0404 0.0281 0.0295 0.0716 0.1866 0.0484 0.2076 0.0709 0.0592 
        D163  2 0.0516 0.0558 0.6141 0.0130 0.0194 0.0318 0.0159 0.0389 0.0825 0.0373 0.0396 
        D164  2 0.0074 0.0181 0.0229 0.5234 0.0147 0.0128 0.0240 0.0181 0.0110 0.0116 0.3360 
        D165  2 0.0153 0.0178 0.8188 0.0168 0.0096 0.0160 0.0200 0.0217 0.0236 0.0223 0.0181 
        D166  2 0.0137 0.1537 0.0626 0.0273 0.3657 0.1270 0.0588 0.0706 0.0344 0.0356 0.0507 
        D167  2 0.0262 0.0128 0.0131 0.7921 0.0785 0.0105 0.0138 0.0102 0.0122 0.0171 0.0135 
        D192  2 0.0139 0.0130 0.0109 0.8616 0.0179 0.0097 0.0133 0.0179 0.0088 0.0218 0.0112 
        D193  2 0.0378 0.0835 0.0172 0.0212 0.6245 0.0852 0.0187 0.0319 0.0144 0.0417 0.0238 
        D206  2 0.0150 0.0599 0.0640 0.3099 0.0375 0.0564 0.3556 0.0171 0.0397 0.0232 0.0219 
        D207  2 0.0206 0.0919 0.0245 0.5449 0.1169 0.0484 0.0254 0.0200 0.0343 0.0548 0.0184 
        D208  2 0.1247 0.0629 0.0309 0.0704 0.0505 0.0638 0.2605 0.0391 0.0367 0.2266 0.0340 
        D209  2 0.0214 0.1487 0.0613 0.4064 0.0334 0.0282 0.0579 0.1435 0.0321 0.0254 0.0418 
        D210  2 0.5087 0.0665 0.0248 0.0741 0.0247 0.0505 0.0214 0.0316 0.0619 0.1061 0.0297 
     D229599  2 0.0416 0.1166 0.1166 0.0323 0.0649 0.0613 0.0284 0.1381 0.1444 0.2091 0.0468 
     D229600  2 0.0184 0.0613 0.3495 0.3441 0.0544 0.0375 0.0258 0.0219 0.0260 0.0297 0.0313 
     D237227  2 0.3499 0.0668 0.0500 0.0474 0.0205 0.0246 0.0489 0.0248 0.0499 0.1200 0.1974 
     D237228  2 0.1235 0.0766 0.0145 0.0362 0.0415 0.0368 0.0264 0.0159 0.0112 0.0627 0.5548 
     D237258  2 0.0573 0.1213 0.1690 0.1750 0.0693 0.0445 0.0800 0.0473 0.0616 0.1157 0.0593 
     D237310  2 0.0349 0.0530 0.0274 0.0352 0.0936 0.0620 0.0329 0.0215 0.0122 0.0327 0.5943 
     D237311  2 0.0222 0.0368 0.0262 0.1498 0.0458 0.0639 0.0241 0.0153 0.0125 0.0295 0.5739 
     D237312  2 0.0337 0.0451 0.0637 0.0208 0.1630 0.2972 0.0493 0.0619 0.0189 0.0199 0.2263 
     D237313  2 0.0530 0.1709 0.0343 0.0229 0.0457 0.0758 0.2612 0.0546 0.0740 0.0712 0.1365 
     D237322  2 0.0794 0.1450 0.0273 0.0273 0.0548 0.1237 0.0444 0.0931 0.0216 0.2436 0.1397 
     D237323  2 0.1159 0.0442 0.0585 0.0246 0.0449 0.0349 0.0207 0.0270 0.0150 0.0507 0.5637 
     D237324  2 0.0140 0.2881 0.2245 0.1544 0.0227 0.0372 0.0247 0.0388 0.0528 0.1076 0.0352 
     D237325  2 0.0627 0.0709 0.0734 0.0582 0.0653 0.2063 0.0290 0.0499 0.0186 0.0322 0.3334 
     D237326  2 0.0408 0.0424 0.0398 0.0268 0.0224 0.0283 0.0155 0.0434 0.0339 0.0232 0.6835 
     D237327  2 0.0410 0.1565 0.0973 0.0657 0.0380 0.0869 0.0284 0.1258 0.0617 0.2689 0.0299 
     D237337  2 0.0313 0.0215 0.0185 0.0124 0.0326 0.0330 0.0190 0.0153 0.0126 0.0144 0.7894 
     D237338  2 0.1009 0.0972 0.1446 0.0510 0.0283 0.1429 0.0518 0.0821 0.0348 0.0956 0.1710 
     D237339  2 0.0152 0.0605 0.0165 0.0730 0.0448 0.0204 0.0213 0.6732 0.0235 0.0332 0.0185 
     D237340  2 0.1220 0.0583 0.0626 0.1678 0.1036 0.0710 0.0255 0.0255 0.0168 0.0354 0.3115 
     D237389  2 0.0178 0.0425 0.0329 0.0867 0.1216 0.0784 0.0267 0.0293 0.0151 0.0151 0.5339 
     D237390  2 0.0532 0.0623 0.0446 0.0191 0.1312 0.2282 0.0427 0.0410 0.0232 0.0511 0.3033 
     D244017  2 0.1693 0.0677 0.0512 0.3075 0.2498 0.0170 0.0157 0.0177 0.0180 0.0509 0.0353 
     D244112  2 0.0161 0.0201 0.0249 0.8131 0.0265 0.0275 0.0117 0.0119 0.0146 0.0157 0.0180 
     D244118  2 0.0190 0.0217 0.1978 0.6285 0.0314 0.0121 0.0098 0.0248 0.0104 0.0206 0.0239 
     D244119  2 0.5571 0.0205 0.0138 0.2901 0.0203 0.0183 0.0140 0.0104 0.0176 0.0170 0.0209 
     D244120  2 0.0337 0.0540 0.0233 0.3543 0.2187 0.1151 0.0188 0.0530 0.0132 0.0870 0.0289 
     D244122  2 0.0360 0.0277 0.0328 0.6367 0.0788 0.0417 0.0581 0.0293 0.0201 0.0199 0.0189 
        D291  2 0.0135 0.1090 0.0754 0.0340 0.0389 0.0280 0.1025 0.0235 0.0642 0.4858 0.0253 
        D292  2 0.0660 0.0822 0.0260 0.1572 0.0562 0.0264 0.0222 0.0374 0.1509 0.2846 0.0910 
        D293  2 0.0194 0.1043 0.0138 0.3988 0.0143 0.0254 0.0170 0.2658 0.0835 0.0439 0.0138 
        D322  2 0.0177 0.0608 0.0266 0.3314 0.0221 0.0264 0.0195 0.3449 0.0765 0.0310 0.0431 
        D323  2 0.0227 0.0608 0.0251 0.0854 0.1094 0.0277 0.5453 0.0508 0.0211 0.0236 0.0281 
        D324  2 0.0553 0.1533 0.1066 0.0293 0.0301 0.0660 0.0802 0.0242 0.1078 0.2403 0.1070 
        D325  2 0.0110 0.0468 0.0199 0.7348 0.0116 0.0394 0.0169 0.0239 0.0399 0.0432 0.0125 
        D326  2 0.0308 0.0385 0.0126 0.0111 0.0123 0.0148 0.0194 0.0168 0.8078 0.0238 0.0121 
        D340  2 0.0192 0.0207 0.0155 0.8137 0.0128 0.0178 0.0143 0.0267 0.0220 0.0190 0.0183 
        D341  2 0.0324 0.0392 0.0205 0.4504 0.0285 0.2533 0.0438 0.0299 0.0337 0.0333 0.0350 
        D342  2 0.0150 0.0801 0.0768 0.5339 0.0395 0.0788 0.0463 0.0213 0.0227 0.0311 0.0543 
        D343  2 0.0090 0.0135 0.0110 0.8790 0.0095 0.0160 0.0093 0.0158 0.0153 0.0130 0.0084 
        D344  2 0.0154 0.1244 0.0143 0.0336 0.2118 0.0533 0.0320 0.3416 0.0935 0.0300 0.0500 
        D345  2 0.0284 0.1238 0.0766 0.0332 0.0244 0.0233 0.0649 0.2539 0.0618 0.0503 0.2594 
        D346  2 0.3411 0.0448 0.0269 0.0367 0.0229 0.0424 0.3336 0.0337 0.0465 0.0403 0.0310 
        D351  2 0.0231 0.1733 0.0617 0.0362 0.0522 0.0716 0.0494 0.1317 0.1893 0.1461 0.0654 
        D352  2 0.0395 0.0653 0.0215 0.0244 0.0401 0.0230 0.0257 0.6737 0.0165 0.0295 0.0407 
        D353  2 0.0114 0.6232 0.0148 0.0213 0.0334 0.0360 0.0226 0.0611 0.1385 0.0243 0.0133 
        D354  2 0.0330 0.0397 0.0127 0.0128 0.0298 0.0207 0.0321 0.7204 0.0444 0.0171 0.0374 
        D362  2 0.0240 0.0535 0.0817 0.0300 0.0414 0.0194 0.0311 0.0240 0.6381 0.0222 0.0345 
        D363  2 0.0383 0.0396 0.0344 0.0213 0.0328 0.0133 0.0384 0.0213 0.7011 0.0323 0.0271 
        D364  2 0.0301 0.0810 0.0217 0.0233 0.0386 0.0356 0.0362 0.4079 0.2520 0.0213 0.0522 
        D365  2 0.0259 0.0134 0.0098 0.8283 0.0117 0.0137 0.0124 0.0320 0.0252 0.0138 0.0139 
        D369  2 0.1568 0.0888 0.0354 0.0934 0.0277 0.0416 0.1508 0.0217 0.1409 0.1212 0.1218 
        D374  2 0.1094 0.0320 0.0109 0.0140 0.7207 0.0136 0.0232 0.0174 0.0157 0.0127 0.0304 
        D375  2 0.0127 0.0287 0.0163 0.0144 0.0455 0.0360 0.0339 0.7709 0.0153 0.0105 0.0157 
        D376  2 0.2442 0.0665 0.0147 0.0340 0.4259 0.0583 0.0241 0.0513 0.0166 0.0241 0.0402 
        D377  2 0.0277 0.0461 0.0280 0.0443 0.0550 0.0501 0.5878 0.0253 0.0179 0.0409 0.0769 
        D378  2 0.0304 0.0987 0.0998 0.2014 0.0126 0.0401 0.0606 0.2826 0.1044 0.0390 0.0302 
        D379  2 0.0253 0.0850 0.0223 0.0182 0.0357 0.0720 0.1068 0.0412 0.5498 0.0217 0.0219 
        D384  2 0.0451 0.0221 0.0104 0.0117 0.0180 0.0187 0.0295 0.0131 0.7952 0.0184 0.0177 
        D385  2 0.0350 0.0316 0.0108 0.6544 0.0265 0.0286 0.0362 0.1203 0.0192 0.0207 0.0169 
        D386  2 0.0175 0.1131 0.0693 0.0854 0.0285 0.0326 0.0531 0.4838 0.0657 0.0220 0.0290 
        D391  2 0.0141 0.0252 0.0154 0.6609 0.0166 0.0264 0.0322 0.1516 0.0203 0.0186 0.0186 
        D392  2 0.0453 0.0661 0.0463 0.5153 0.0354 0.0231 0.0309 0.0306 0.0604 0.0337 0.1129 
        D393  2 0.0182 0.0603 0.0360 0.0543 0.0150 0.0642 0.1103 0.3532 0.1150 0.1364 0.0371 
        D394  2 0.0356 0.1339 0.1252 0.0694 0.0741 0.0676 0.0232 0.2057 0.0696 0.0549 0.1408 
        D395  2 0.0191 0.0668 0.0289 0.2960 0.0433 0.0338 0.0209 0.4193 0.0131 0.0365 0.0223 
        D401  2 0.0202 0.0207 0.0145 0.0225 0.0247 0.0148 0.0603 0.0090 0.0173 0.0187 0.7774 
        D402  2 0.0151 0.0306 0.0145 0.6770 0.0233 0.0296 0.0462 0.0611 0.0197 0.0624 0.0204 
        D403  2 0.0212 0.3564 0.0471 0.0275 0.0672 0.1187 0.0439 0.1000 0.1771 0.0229 0.0180 
        D415  2 0.0126 0.1452 0.0392 0.0241 0.0222 0.0652 0.0248 0.0265 0.5211 0.0162 0.1029 
        D435  2 0.0155 0.0547 0.0250 0.1316 0.0164 0.0493 0.0264 0.0531 0.5376 0.0434 0.0470 
        D436  2 0.0418 0.0941 0.0270 0.0273 0.1911 0.1238 0.0201 0.2949 0.1225 0.0274 0.0300 
        D438  2 0.0172 0.0184 0.0184 0.8409 0.0163 0.0163 0.0258 0.0129 0.0107 0.0124 0.0108 
        D439  2 0.0159 0.0670 0.0376 0.0340 0.0148 0.0276 0.0320 0.6786 0.0390 0.0235 0.0300 
        D449  2 0.0270 0.0879 0.0505 0.5539 0.0228 0.0437 0.0246 0.0202 0.1102 0.0207 0.0386 
        D450  2 0.1416 0.1477 0.0480 0.0209 0.0663 0.1117 0.0767 0.1627 0.1344 0.0550 0.0349 
        D456  2 0.0201 0.0282 0.0183 0.0084 0.0129 0.0216 0.0227 0.0265 0.8115 0.0176 0.0124 
        D462  2 0.0136 0.0208 0.0229 0.6841 0.0154 0.0157 0.0199 0.1454 0.0330 0.0165 0.0128 
        D463  2 0.0285 0.0323 0.0130 0.0113 0.0201 0.0207 0.0303 0.0294 0.7842 0.0132 0.0171 
        D464  2 0.0366 0.3379 0.0151 0.0766 0.1338 0.0412 0.0414 0.2294 0.0492 0.0163 0.0225 
        D465  2 0.0199 0.0628 0.0319 0.4605 0.0282 0.0372 0.0511 0.0222 0.1513 0.0230 0.1119 
        D473  2 0.4531 0.0610 0.0617 0.0485 0.0280 0.0377 0.0629 0.0775 0.0183 0.0301 0.1211 
        D474  2 0.0457 0.0509 0.0463 0.0421 0.0120 0.0338 0.0354 0.0346 0.4943 0.1571 0.0479 
        D476  2 0.0112 0.0249 0.3079 0.0443 0.0125 0.0161 0.0138 0.5110 0.0146 0.0297 0.0141 
        D477  2 0.0504 0.0657 0.0171 0.0186 0.0235 0.0333 0.1350 0.2452 0.2031 0.0924 0.1157 
        D478  2 0.0951 0.1932 0.3279 0.0438 0.0842 0.0321 0.0345 0.0754 0.0358 0.0470 0.0310 
        D480  2 0.1299 0.0735 0.0191 0.0585 0.0351 0.0909 0.0897 0.3101 0.1162 0.0504 0.0267 
        D481  2 0.0913 0.1179 0.0981 0.0421 0.0361 0.0230 0.0347 0.2228 0.2271 0.0410 0.0659 
        D482  2 0.0718 0.1386 0.0408 0.0281 0.0673 0.0764 0.0774 0.2127 0.0169 0.2191 0.0508 
        D483  2 0.0747 0.0136 0.0235 0.7784 0.0185 0.0126 0.0143 0.0146 0.0126 0.0212 0.0160 
        D484  2 0.0180 0.0228 0.0144 0.0186 0.0427 0.0216 0.0214 0.7927 0.0085 0.0238 0.0155 
        D510  2 0.3577 0.0463 0.0173 0.0243 0.2584 0.0354 0.0369 0.0269 0.0195 0.1468 0.0305 
        D511  2 0.0167 0.0381 0.0308 0.0466 0.0156 0.0197 0.0402 0.6922 0.0396 0.0353 0.0251 
        D512  2 0.0138 0.0529 0.0349 0.1229 0.0550 0.0501 0.0697 0.0238 0.0204 0.0316 0.5249 
        D513  2 0.0511 0.0857 0.0289 0.4834 0.0393 0.0415 0.0835 0.0194 0.0538 0.0759 0.0375 
        D635  2 0.0292 0.0610 0.5493 0.0287 0.0148 0.0198 0.0354 0.0220 0.1872 0.0279 0.0247 
        D636  2 0.0159 0.0209 0.7958 0.0123 0.0116 0.0145 0.0497 0.0160 0.0211 0.0110 0.0311 
        D637  2 0.0543 0.0979 0.0263 0.0935 0.0494 0.1725 0.1124 0.2893 0.0229 0.0418 0.0396 
        D658  2 0.0910 0.0399 0.0189 0.4096 0.0757 0.0921 0.0192 0.1521 0.0206 0.0243 0.0564 
        D659  2 0.0262 0.0402 0.0635 0.0205 0.0206 0.0363 0.0212 0.0498 0.6620 0.0424 0.0172 
        D677  2 0.0170 0.0692 0.0741 0.0417 0.0612 0.3467 0.1136 0.0207 0.1505 0.0435 0.0618 
        D678  2 0.0124 0.0763 0.0263 0.6262 0.0878 0.0307 0.0504 0.0222 0.0163 0.0196 0.0317 
        D679  2 0.0458 0.1182 0.0332 0.0340 0.0192 0.0560 0.3029 0.0529 0.2119 0.0947 0.0313 
        D719  2 0.4004 0.0576 0.0169 0.1243 0.0259 0.0209 0.0344 0.0492 0.1206 0.0955 0.0544 
        D720  2 0.0768 0.0433 0.0291 0.0342 0.0345 0.0231 0.0458 0.0214 0.6195 0.0247 0.0476 
        D721  2 0.0317 0.0348 0.7473 0.0403 0.0105 0.0202 0.0226 0.0254 0.0299 0.0173 0.0199 
        D722  2 0.0939 0.0513 0.0176 0.0365 0.6149 0.0140 0.0558 0.0179 0.0142 0.0355 0.0485 
        D734  2 0.1607 0.0382 0.0122 0.0391 0.0204 0.0252 0.0257 0.6265 0.0145 0.0258 0.0118 
        D735  2 0.0737 0.1184 0.0370 0.0562 0.0332 0.0457 0.2213 0.0986 0.1697 0.0358 0.1103 
        D736  2 0.2443 0.0844 0.0378 0.0602 0.0218 0.0742 0.0368 0.0408 0.0629 0.2904 0.0464 
        D737  2 0.0386 0.0553 0.0508 0.5372 0.0474 0.0265 0.0248 0.1007 0.0140 0.0687 0.0359 
        D807  2 0.1826 0.0796 0.0347 0.0326 0.0477 0.0946 0.0740 0.1009 0.1228 0.1538 0.0767 
        D808  2 0.0270 0.1481 0.0710 0.0916 0.0701 0.1198 0.0307 0.0946 0.0598 0.0731 0.2141 
        D817  2 0.0176 0.0466 0.0213 0.0135 0.0447 0.0213 0.6332 0.0422 0.0958 0.0289 0.0349 
        D818  2 0.0247 0.2571 0.1290 0.1356 0.0254 0.1786 0.0392 0.0330 0.0472 0.1135 0.0166 
        D819  2 0.0233 0.0631 0.0328 0.0171 0.0314 0.0221 0.5580 0.0204 0.0689 0.0303 0.1325 
        D820  2 0.0257 0.0467 0.0247 0.0361 0.0291 0.0480 0.0148 0.1518 0.5659 0.0390 0.0181 
        D895  2 0.0367 0.1511 0.1309 0.0512 0.0372 0.0355 0.1282 0.0515 0.2981 0.0295 0.0502 
        D896  2 0.0205 0.0164 0.0154 0.0091 0.0328 0.0182 0.0139 0.0124 0.0112 0.0110 0.8390 
        D897  2 0.0180 0.0727 0.0211 0.5047 0.0363 0.1170 0.0662 0.0414 0.0235 0.0456 0.0534 
        D898  2 0.0406 0.1633 0.0299 0.0201 0.0969 0.0704 0.1172 0.0427 0.0334 0.1410 0.2447 
        D918  2 0.0536 0.1646 0.0797 0.0382 0.0373 0.2836 0.0624 0.1035 0.0219 0.0441 0.1112 
        D919  2 0.0226 0.0943 0.0469 0.0725 0.0883 0.0212 0.0189 0.4229 0.1082 0.0834 0.0208 
        D920  2 0.0756 0.0466 0.5275 0.0419 0.0515 0.1029 0.0211 0.0359 0.0291 0.0244 0.0434 
        D923  2 0.0233 0.0549 0.0235 0.0344 0.0435 0.0213 0.0311 0.1445 0.5842 0.0197 0.0195 
        D930  2 0.0855 0.1212 0.0239 0.0391 0.0486 0.1068 0.1133 0.1454 0.1640 0.0451 0.1071 
        D931  2 0.0373 0.0733 0.0360 0.1153 0.0362 0.0322 0.0608 0.2950 0.2252 0.0549 0.0336 
        D968  2 0.0126 0.0272 0.0133 0.7250 0.0279 0.0122 0.0268 0.0342 0.0226 0.0826 0.0155 
        D969  2 0.0620 0.1573 0.0323 0.1766 0.0380 0.0435 0.0347 0.0383 0.1793 0.1906 0.0473 
        D977  2 0.0189 0.0591 0.0285 0.6941 0.0200 0.0606 0.0302 0.0297 0.0233 0.0194 0.0162 
        D978  2 0.0338 0.0910 0.0165 0.1269 0.0742 0.1511 0.2427 0.0267 0.0297 0.1919 0.0157 
        D211  3 0.0232 0.0548 0.2649 0.0161 0.0164 0.3795 0.1103 0.0265 0.0527 0.0383 0.0172 
     D229639  3 0.0702 0.0531 0.0223 0.0367 0.0454 0.0378 0.0301 0.0226 0.0663 0.5781 0.0375 
     D237212  3 0.0196 0.0803 0.0416 0.0558 0.0322 0.0937 0.0960 0.2807 0.0532 0.1994 0.0476 
     D237213  3 0.0149 0.0595 0.0443 0.0250 0.0434 0.1518 0.4179 0.0793 0.0304 0.0264 0.1072 
     D237214  3 0.0208 0.0239 0.8501 0.0115 0.0144 0.0146 0.0106 0.0156 0.0143 0.0109 0.0133 
     D237215  3 0.0510 0.0440 0.0167 0.4564 0.1961 0.0154 0.0422 0.0140 0.0135 0.1215 0.0292 
     D237216  3 0.0224 0.5220 0.0546 0.0246 0.0311 0.1393 0.0780 0.0311 0.0429 0.0241 0.0299 
     D237217  3 0.0121 0.3103 0.1131 0.0254 0.0143 0.2911 0.0241 0.0216 0.0626 0.0602 0.0654 
     D237218  3 0.0459 0.0705 0.0198 0.0325 0.0145 0.4119 0.0331 0.1305 0.0395 0.1773 0.0246 
     D237219  3 0.0633 0.1144 0.0483 0.0193 0.0204 0.1754 0.3017 0.0137 0.0254 0.1167 0.1014 
     D237382  3 0.1217 0.0893 0.0301 0.0378 0.2387 0.1195 0.0415 0.0311 0.0732 0.0379 0.1793 
     D244127  3 0.0160 0.0892 0.0305 0.0618 0.0328 0.0659 0.0895 0.0279 0.0183 0.0744 0.4937 
     D244129  3 0.0423 0.1273 0.1160 0.0460 0.0378 0.1051 0.0889 0.1138 0.0690 0.0655 0.1883 
     D244133  3 0.0623 0.0489 0.0447 0.0837 0.0318 0.0316 0.5895 0.0090 0.0472 0.0263 0.0250 
     D244134  3 0.2083 0.0518 0.0367 0.0234 0.0164 0.0291 0.1388 0.0232 0.0214 0.3846 0.0663 
     D244135  3 0.0155 0.0453 0.6788 0.0397 0.0187 0.0531 0.0578 0.0209 0.0323 0.0179 0.0201 
     D244136  3 0.1196 0.0936 0.0534 0.0656 0.0544 0.0364 0.3246 0.0294 0.1219 0.0650 0.0361 
        D416  3 0.0329 0.1845 0.0629 0.1256 0.0221 0.1040 0.2156 0.0462 0.0982 0.0445 0.0636 
        D417  3 0.0232 0.0474 0.0219 0.0146 0.0455 0.2177 0.0175 0.0230 0.5327 0.0161 0.0404 
        D419  3 0.0466 0.1271 0.0432 0.0476 0.0213 0.1497 0.1821 0.0380 0.0707 0.1837 0.0900 
        D565  3 0.7335 0.0229 0.0216 0.0134 0.0204 0.0129 0.0482 0.0166 0.0492 0.0440 0.0173 
        D566  3 0.2069 0.0563 0.0313 0.0442 0.0507 0.0290 0.0927 0.0193 0.0619 0.3593 0.0485 
        D567  3 0.0242 0.0697 0.0573 0.0373 0.0346 0.0551 0.0665 0.0768 0.4786 0.0314 0.0686 
        D568  3 0.0160 0.1211 0.0932 0.1217 0.0395 0.1842 0.0496 0.1354 0.0823 0.0673 0.0898 
        D569  3 0.0344 0.0905 0.0745 0.0627 0.0812 0.0387 0.0395 0.4985 0.0171 0.0412 0.0217 
        D573  3 0.0283 0.0740 0.0194 0.1313 0.0164 0.0200 0.0278 0.0318 0.1543 0.4690 0.0277 
        D574  3 0.2959 0.1365 0.0534 0.0482 0.1106 0.0486 0.1043 0.0315 0.0324 0.0753 0.0633 
        D575  3 0.0430 0.0308 0.0260 0.0275 0.0143 0.0190 0.6695 0.0159 0.0238 0.0256 0.1045 
        D576  3 0.0205 0.0367 0.0341 0.5222 0.0867 0.0239 0.1659 0.0174 0.0077 0.0726 0.0123 
        D577  3 0.0321 0.0688 0.0757 0.0237 0.0560 0.0711 0.1191 0.0506 0.4545 0.0238 0.0246 
        D578  3 0.0113 0.0223 0.8336 0.0243 0.0135 0.0208 0.0133 0.0135 0.0128 0.0157 0.0191 
        D579  3 0.1389 0.0939 0.0397 0.0488 0.0299 0.0731 0.0872 0.1348 0.1514 0.1494 0.0529 
        D660  3 0.0143 0.0668 0.0466 0.5455 0.0327 0.0469 0.1178 0.0392 0.0157 0.0278 0.0468 
        D661  3 0.0177 0.1086 0.0395 0.1208 0.0230 0.4278 0.0261 0.0735 0.0242 0.1183 0.0205 
        D663  3 0.0166 0.1053 0.0356 0.0597 0.0642 0.0268 0.0462 0.0273 0.0443 0.5555 0.0185 
        D664  3 0.0481 0.0945 0.0823 0.0990 0.0345 0.1267 0.3478 0.0244 0.0148 0.0383 0.0895 
        D665  3 0.0110 0.2031 0.0785 0.0234 0.1274 0.0591 0.2859 0.0849 0.0146 0.0367 0.0756 
        D666  3 0.0519 0.0530 0.0311 0.0176 0.0164 0.0483 0.5021 0.0276 0.0418 0.0359 0.1744 
        D009  4 0.0277 0.1364 0.0947 0.0233 0.0610 0.2987 0.0283 0.0929 0.1438 0.0301 0.0632 
        D057  4 0.0267 0.0357 0.2082 0.0796 0.0345 0.0410 0.0116 0.4532 0.0196 0.0760 0.0141 
        D109  4 0.0432 0.1382 0.0456 0.0148 0.0398 0.0619 0.1252 0.0245 0.0331 0.0227 0.4509 
     D237222  4 0.1026 0.0558 0.5013 0.0372 0.1192 0.0416 0.0162 0.0279 0.0278 0.0325 0.0379 
     D237223  4 0.0773 0.1301 0.0616 0.0389 0.0547 0.4290 0.0202 0.0488 0.0240 0.0530 0.0623 
     D237224  4 0.0261 0.0841 0.0502 0.1562 0.0386 0.0430 0.0923 0.2121 0.0926 0.1760 0.0288 
     D237225  4 0.0535 0.2543 0.0687 0.0300 0.0556 0.2134 0.0398 0.0723 0.1015 0.0573 0.0534 
     D237299  4 0.0356 0.1426 0.0627 0.0181 0.0419 0.5107 0.0223 0.0212 0.0226 0.0720 0.0504 
     D237300  4 0.0253 0.0506 0.0202 0.0325 0.0170 0.0658 0.1294 0.0194 0.0165 0.6042 0.0192 
     D237306  4 0.3868 0.0535 0.0242 0.0178 0.1271 0.1675 0.0186 0.0273 0.0757 0.0252 0.0763 
     D237307  4 0.1289 0.0786 0.0418 0.0444 0.0882 0.0641 0.1825 0.0166 0.2681 0.0526 0.0342 
     D237308  4 0.0814 0.0574 0.0552 0.4280 0.0397 0.0332 0.0378 0.1279 0.0286 0.0317 0.0789 
     D237309  4 0.0243 0.2056 0.1057 0.0518 0.0760 0.1641 0.0343 0.0999 0.1197 0.0602 0.0584 
     D237317  4 0.3368 0.2015 0.0460 0.0224 0.1033 0.0324 0.0462 0.0296 0.0884 0.0547 0.0387 
     D237318  4 0.0207 0.0327 0.0170 0.0425 0.0246 0.0224 0.0430 0.0141 0.0284 0.7389 0.0156 
     D237319  4 0.0398 0.1679 0.0881 0.0409 0.1205 0.2409 0.0717 0.0299 0.0427 0.0544 0.1033 
     D237320  4 0.0248 0.0560 0.0667 0.0482 0.0205 0.5726 0.0204 0.0229 0.0336 0.0874 0.0467 
     D237321  4 0.0420 0.0737 0.0435 0.0818 0.0323 0.0410 0.0601 0.0238 0.0697 0.4972 0.0350 
     D237397  4 0.0927 0.0775 0.0443 0.0673 0.0921 0.3549 0.0388 0.0238 0.0379 0.1279 0.0428 
     D237398  4 0.0163 0.0847 0.0234 0.0240 0.0257 0.0839 0.0457 0.0449 0.0440 0.5881 0.0193 
     D237399  4 0.1891 0.0630 0.0659 0.0298 0.0558 0.1417 0.0210 0.0432 0.0683 0.2692 0.0532 
     D244001  4 0.0227 0.0819 0.3158 0.1597 0.1957 0.0728 0.0184 0.0592 0.0247 0.0284 0.0207 
        D289  4 0.2407 0.0768 0.0502 0.0489 0.0228 0.0841 0.0232 0.2847 0.0516 0.0792 0.0379 
        D290  4 0.0222 0.0624 0.0325 0.0238 0.5574 0.0374 0.0131 0.0315 0.0570 0.1242 0.0385 
        D294  4 0.0315 0.1513 0.0563 0.0246 0.0959 0.1407 0.0278 0.3159 0.0965 0.0425 0.0171 
        D295  4 0.0386 0.0630 0.0223 0.0238 0.0713 0.2418 0.0813 0.0648 0.2164 0.0454 0.1313 
        D301  4 0.0421 0.0509 0.4104 0.0402 0.1407 0.0618 0.0511 0.0238 0.0198 0.1154 0.0439 
        D302  4 0.0124 0.0300 0.0239 0.0110 0.0544 0.0271 0.0244 0.7508 0.0351 0.0159 0.0151 
        D303  4 0.4670 0.0525 0.0271 0.0567 0.0482 0.0456 0.0582 0.0780 0.0393 0.0403 0.0873 
        D304  4 0.0785 0.1127 0.0314 0.0248 0.3033 0.0415 0.0456 0.0301 0.0660 0.2439 0.0222 
        D305  4 0.0099 0.3591 0.0312 0.0878 0.0691 0.0381 0.0273 0.2882 0.0213 0.0381 0.0299 
        D306  4 0.0292 0.1391 0.0379 0.0195 0.5782 0.0401 0.0144 0.0233 0.0392 0.0477 0.0314 
        D307  4 0.0544 0.0377 0.6604 0.0276 0.0219 0.0284 0.0398 0.0360 0.0144 0.0439 0.0355 
        D327  4 0.0535 0.0838 0.0267 0.0389 0.0547 0.0516 0.0718 0.0425 0.5142 0.0386 0.0238 
        D328  4 0.1077 0.0755 0.0181 0.0230 0.2337 0.0947 0.1039 0.2178 0.0225 0.0322 0.0709 
        D329  4 0.0478 0.1231 0.0684 0.1115 0.0403 0.0821 0.0210 0.3007 0.0636 0.0672 0.0743 
        D330  4 0.0144 0.1029 0.0594 0.0517 0.0826 0.1333 0.0325 0.0940 0.1964 0.0194 0.2133 
        D331  4 0.0806 0.1090 0.0328 0.0284 0.2419 0.0436 0.0732 0.0321 0.1044 0.1882 0.0658 
        D333  4 0.0543 0.0856 0.0380 0.0517 0.2100 0.1571 0.0492 0.1831 0.0563 0.0675 0.0472 
        D334  4 0.5582 0.0701 0.0648 0.0177 0.0393 0.0452 0.0423 0.0476 0.0587 0.0350 0.0211 
        D335  4 0.0289 0.0415 0.0287 0.0340 0.2654 0.0183 0.0473 0.3664 0.1093 0.0229 0.0372 
        D370  4 0.0304 0.0410 0.0300 0.0359 0.5337 0.0173 0.0669 0.0362 0.0222 0.0288 0.1575 
        D371  4 0.5712 0.0515 0.0124 0.0276 0.0493 0.0197 0.0786 0.0193 0.1298 0.0215 0.0190 
        D372  4 0.0227 0.0738 0.0140 0.0355 0.0857 0.0260 0.0293 0.0174 0.0117 0.6406 0.0433 
        D373  4 0.0199 0.0467 0.6084 0.0776 0.0188 0.0249 0.0503 0.0398 0.0309 0.0658 0.0169 
        D455  4 0.0211 0.0251 0.6723 0.0271 0.0264 0.0224 0.0136 0.0996 0.0273 0.0409 0.0240 
        D490  4 0.0202 0.0263 0.6880 0.0097 0.0210 0.1298 0.0228 0.0187 0.0241 0.0163 0.0233 
        D497  4 0.0191 0.0663 0.5482 0.0150 0.0332 0.1521 0.0488 0.0413 0.0152 0.0273 0.0338 
        D498  4 0.0610 0.0737 0.0225 0.0301 0.3968 0.0413 0.0546 0.0232 0.0532 0.1345 0.1092 
        D499  4 0.1101 0.1318 0.0163 0.1241 0.0358 0.1066 0.2064 0.1228 0.0226 0.0541 0.0694 
        D514  4 0.0146 0.1322 0.0402 0.0226 0.1824 0.0436 0.0780 0.1093 0.2828 0.0458 0.0485 
        D515  4 0.0248 0.0416 0.0305 0.0179 0.0671 0.6672 0.0207 0.0375 0.0372 0.0201 0.0352 
        D516  4 0.0411 0.0719 0.0445 0.0516 0.0532 0.1342 0.2823 0.0183 0.0913 0.0740 0.1376 
        D517  4 0.0184 0.1405 0.4577 0.0493 0.0224 0.1049 0.0137 0.0257 0.0583 0.0733 0.0358 
        D518  4 0.0690 0.0473 0.1686 0.0520 0.1063 0.0349 0.0175 0.4442 0.0252 0.0176 0.0175 
        D519  4 0.0160 0.0165 0.0215 0.0189 0.0102 0.8235 0.0155 0.0134 0.0231 0.0253 0.0162 
        D560  4 0.0111 0.0382 0.0219 0.0284 0.0245 0.7207 0.0181 0.0334 0.0554 0.0312 0.0170 
        D561  4 0.0151 0.1917 0.3858 0.0535 0.0354 0.0367 0.0192 0.0807 0.1028 0.0333 0.0457 
        D562  4 0.0545 0.1297 0.2682 0.0639 0.0835 0.0822 0.0410 0.1260 0.0470 0.0669 0.0372 
        D563  4 0.0179 0.0954 0.0641 0.3867 0.0275 0.0768 0.0829 0.1232 0.0184 0.0530 0.0542 
        D572  4 0.0229 0.0340 0.0694 0.0244 0.0545 0.0415 0.0177 0.6444 0.0470 0.0221 0.0220 
        D629  4 0.0151 0.0573 0.1861 0.0174 0.0160 0.0467 0.3645 0.0618 0.1595 0.0530 0.0227 
        D630  4 0.0457 0.0782 0.1417 0.0299 0.1199 0.2970 0.0310 0.0734 0.0765 0.0800 0.0266 
        D631  4 0.0174 0.0342 0.0242 0.0503 0.0332 0.0708 0.0151 0.6897 0.0202 0.0300 0.0148 
        D632  4 0.0141 0.0515 0.2735 0.1677 0.0276 0.0317 0.0616 0.2302 0.0432 0.0155 0.0834 
        D646  4 0.0212 0.0956 0.0284 0.0363 0.0412 0.4428 0.0168 0.0459 0.1069 0.0472 0.1178 
        D647  4 0.0121 0.0746 0.0703 0.0582 0.1211 0.1423 0.0172 0.0636 0.3105 0.0570 0.0730 
        D648  4 0.0405 0.0294 0.0157 0.0272 0.4831 0.0448 0.0962 0.2135 0.0166 0.0142 0.0187 
        D649  4 0.0234 0.0666 0.0619 0.0168 0.0221 0.0447 0.0729 0.1982 0.1972 0.0350 0.2611 
        D650  4 0.0856 0.0918 0.0916 0.0231 0.0566 0.2505 0.0854 0.0753 0.1224 0.0621 0.0557 
        D708  4 0.1721 0.1549 0.0313 0.0217 0.0629 0.1022 0.1517 0.1821 0.0314 0.0542 0.0355 
        D709  4 0.0242 0.0765 0.0146 0.0232 0.5547 0.0278 0.0509 0.0388 0.0186 0.0309 0.1399 
        D738  4 0.4422 0.0669 0.0475 0.0177 0.0790 0.1061 0.0200 0.0212 0.0658 0.0435 0.0900 
        D739  4 0.0282 0.1003 0.2343 0.0256 0.1667 0.2582 0.0402 0.0492 0.0270 0.0380 0.0322 
        D740  4 0.1312 0.2019 0.0404 0.0463 0.0189 0.1677 0.0519 0.0775 0.0239 0.0866 0.1536 
        D741  4 0.0124 0.1050 0.0291 0.0371 0.0246 0.5900 0.0325 0.0237 0.0650 0.0342 0.0463 
        D742  4 0.1104 0.0932 0.0470 0.1768 0.0296 0.2382 0.0383 0.0779 0.0360 0.1142 0.0384 
        D743  4 0.0217 0.0396 0.0345 0.0319 0.0245 0.0335 0.0376 0.4383 0.2919 0.0323 0.0141 
        D744  4 0.0170 0.0226 0.0154 0.0191 0.0135 0.0239 0.0167 0.8189 0.0156 0.0194 0.0180 
        D745  4 0.0169 0.0324 0.0253 0.0123 0.0156 0.7927 0.0279 0.0197 0.0179 0.0172 0.0221 
        D814  4 0.0169 0.2393 0.0568 0.2114 0.0589 0.2682 0.0282 0.0424 0.0258 0.0399 0.0121 
        D815  4 0.0264 0.0510 0.0250 0.0214 0.1956 0.0311 0.0427 0.4300 0.0719 0.0475 0.0574 
        D828  4 0.0463 0.0442 0.0193 0.0439 0.6220 0.0585 0.0356 0.0482 0.0104 0.0409 0.0306 
        D845  4 0.0292 0.0201 0.0118 0.0218 0.0132 0.0191 0.0211 0.0194 0.0177 0.8148 0.0116 
        D846  4 0.0115 0.0867 0.1613 0.1351 0.0658 0.0304 0.0462 0.3278 0.0742 0.0420 0.0190 
        D847  4 0.1028 0.1111 0.1862 0.0506 0.0406 0.1693 0.0299 0.0704 0.0755 0.1155 0.0481 
        D848  4 0.0190 0.0244 0.6402 0.0457 0.0252 0.0133 0.0200 0.0254 0.0152 0.1553 0.0164 
        D849  4 0.0191 0.0979 0.1007 0.0306 0.0670 0.4544 0.0616 0.0458 0.0357 0.0262 0.0611 
        D850  4 0.0708 0.1768 0.2640 0.0339 0.0201 0.0390 0.0454 0.0600 0.1088 0.1430 0.0383 
        D856  4 0.0427 0.2507 0.0548 0.0241 0.1290 0.0982 0.0592 0.0663 0.0423 0.0409 0.1919 
        D857  4 0.0212 0.0298 0.0328 0.0894 0.1815 0.0284 0.0149 0.0173 0.0070 0.0150 0.5628 
        D859  4 0.0235 0.0748 0.0272 0.0296 0.0637 0.1964 0.0201 0.3809 0.0680 0.0943 0.0216 
        D860  4 0.4620 0.0502 0.0363 0.0631 0.0314 0.0187 0.0239 0.0857 0.0602 0.1437 0.0248 
        D883  4 0.0545 0.1020 0.1173 0.0247 0.1042 0.0996 0.1004 0.0587 0.1713 0.0720 0.0952 
        D884  4 0.0393 0.0555 0.0230 0.0135 0.0758 0.5772 0.0502 0.0357 0.0337 0.0208 0.0753 
        D885  4 0.0235 0.1289 0.0288 0.0535 0.0153 0.3961 0.1174 0.0272 0.0881 0.0945 0.0267 
        D886  4 0.0227 0.0613 0.1452 0.0558 0.2512 0.0758 0.0262 0.0639 0.1093 0.0411 0.1476 
        D887  4 0.0448 0.1152 0.0420 0.0874 0.0642 0.1622 0.0397 0.1052 0.0927 0.1787 0.0677 
        D889  4 0.0141 0.0642 0.0144 0.0122 0.1591 0.0428 0.0323 0.0431 0.0306 0.5767 0.0105 
        D890  4 0.0495 0.0557 0.0601 0.0433 0.1071 0.0228 0.4932 0.0466 0.0263 0.0326 0.0628 
        D891  4 0.0088 0.0127 0.0080 0.0098 0.0092 0.0124 0.0196 0.0109 0.0108 0.8876 0.0102 
        D899  4 0.0774 0.0751 0.0317 0.3368 0.0678 0.0287 0.0533 0.1112 0.0274 0.1603 0.0304 
        D900  4 0.0580 0.1477 0.0830 0.0847 0.1397 0.0819 0.0320 0.1180 0.0921 0.0732 0.0895 
        D970  4 0.0408 0.1013 0.0530 0.0446 0.0291 0.0590 0.0490 0.4133 0.0986 0.0760 0.0353 
        D971  4 0.0470 0.0714 0.0243 0.3867 0.0843 0.0190 0.0395 0.1764 0.0425 0.0225 0.0864 
        D979  4 0.0308 0.0761 0.0295 0.0377 0.2094 0.0250 0.0742 0.2495 0.2018 0.0433 0.0226 
        D093  5 0.6731 0.0378 0.0194 0.0181 0.0373 0.0614 0.0270 0.0223 0.0371 0.0402 0.0261 
        D154  5 0.0270 0.1417 0.0128 0.0704 0.0588 0.2094 0.3118 0.0248 0.0233 0.0990 0.0210 
        D168  5 0.0137 0.1082 0.0599 0.1347 0.0357 0.1369 0.3127 0.0329 0.0439 0.0784 0.0429 
        D189  5 0.2837 0.0706 0.0209 0.0218 0.2187 0.0948 0.0233 0.0344 0.0370 0.1684 0.0265 
        D190  5 0.5525 0.0322 0.0127 0.0224 0.0501 0.0520 0.1529 0.0413 0.0239 0.0235 0.0366 
     D237220  5 0.1063 0.1353 0.0987 0.0204 0.0367 0.2172 0.0189 0.0553 0.0202 0.1702 0.1209 
     D237221  5 0.2203 0.0574 0.0272 0.0817 0.0334 0.0628 0.1380 0.0716 0.0495 0.1889 0.0691 
     D237274  5 0.0122 0.0873 0.0207 0.0558 0.0733 0.0359 0.0246 0.2666 0.3003 0.0224 0.1009 
     D237275  5 0.0226 0.0710 0.0259 0.4242 0.2070 0.0303 0.0424 0.0145 0.0184 0.0953 0.0484 
     D237276  5 0.1076 0.0645 0.0341 0.0347 0.1014 0.3804 0.0568 0.0312 0.0619 0.0313 0.0961 
     D237277  5 0.3820 0.0399 0.0165 0.0671 0.0264 0.0496 0.1816 0.0619 0.0257 0.1055 0.0437 
     D237278  5 0.1671 0.0843 0.0559 0.2869 0.0393 0.0607 0.0213 0.0784 0.0897 0.0302 0.0863 
     D237279  5 0.0179 0.1629 0.0947 0.0217 0.0138 0.0277 0.2058 0.0689 0.0522 0.0238 0.3107 
     D237280  5 0.0478 0.1154 0.1014 0.0174 0.0370 0.0424 0.1089 0.0437 0.0855 0.0196 0.3809 
     D237281  5 0.0250 0.0810 0.0142 0.1618 0.0295 0.0290 0.0261 0.0298 0.0500 0.5323 0.0212 
     D237351  5 0.0422 0.0225 0.0170 0.0177 0.0166 0.0595 0.2076 0.0207 0.0216 0.0195 0.5551 
     D237352  5 0.0451 0.0541 0.2804 0.0599 0.0946 0.0214 0.1657 0.1672 0.0511 0.0287 0.0316 
     D237353  5 0.5265 0.0304 0.0114 0.0156 0.0278 0.0169 0.2090 0.0299 0.0127 0.0636 0.0561 
     D237359  5 0.0497 0.1496 0.0667 0.0230 0.0353 0.2761 0.0494 0.0442 0.0273 0.2403 0.0384 
     D237361  5 0.7615 0.0243 0.0165 0.0180 0.0291 0.0165 0.0355 0.0178 0.0203 0.0259 0.0345 
     D237362  5 0.0218 0.0255 0.0144 0.0148 0.0180 0.0236 0.7898 0.0184 0.0320 0.0222 0.0194 
     D237363  5 0.0408 0.5019 0.0270 0.0832 0.0428 0.0334 0.1502 0.0159 0.0253 0.0459 0.0335 
     D237364  5 0.0131 0.0817 0.0610 0.0823 0.0595 0.4617 0.0409 0.0581 0.0545 0.0541 0.0332 
     D237376  5 0.0424 0.0268 0.0139 0.0196 0.6587 0.0363 0.1060 0.0356 0.0111 0.0332 0.0165 
     D237377  5 0.1296 0.1011 0.0298 0.0416 0.0176 0.0218 0.1852 0.0445 0.0823 0.0356 0.3109 
     D237378  5 0.3357 0.0736 0.0268 0.0624 0.1402 0.0853 0.1028 0.0642 0.0189 0.0649 0.0252 
     D237379  5 0.2566 0.1097 0.0403 0.0406 0.1029 0.1165 0.0786 0.1598 0.0233 0.0505 0.0213 
     D237380  5 0.0328 0.0356 0.0262 0.0139 0.2614 0.0407 0.0153 0.0536 0.0191 0.0107 0.4906 
     D237381  5 0.0558 0.0792 0.1623 0.0586 0.1360 0.0338 0.0290 0.0874 0.0274 0.0575 0.2729 
     D237391  5 0.7719 0.0260 0.0155 0.0119 0.0119 0.0316 0.0330 0.0218 0.0189 0.0359 0.0216 
     D237392  5 0.0268 0.1008 0.0488 0.2024 0.1135 0.0336 0.0730 0.0825 0.1680 0.0372 0.1135 
     D237393  5 0.1483 0.0699 0.0514 0.0444 0.0674 0.0288 0.0222 0.0496 0.3534 0.0555 0.1091 
