        D174  1 0.0449 0.0981 0.1547 0.7023 
        D199  1 0.2713 0.3635 0.0800 0.2853 
        D203  1 0.2682 0.3524 0.2383 0.1410 
        D204  1 0.0316 0.9008 0.0317 0.0359 
     D237366  1 0.1795 0.1623 0.5143 0.1440 
     D237367  1 0.1020 0.3963 0.4017 0.1000 
     D237368  1 0.1132 0.3140 0.4770 0.0958 
     D244101  1 0.1930 0.7215 0.0404 0.0451 
     D244102  1 0.1667 0.2385 0.2782 0.3167 
     D244103  1 0.0949 0.2879 0.5208 0.0963 
     D244104  1 0.0677 0.7527 0.0649 0.1147 
     D244105  1 0.0754 0.2538 0.6308 0.0400 
     D244106  1 0.2172 0.0770 0.0594 0.6464 
     D244107  1 0.0939 0.2394 0.6376 0.0291 
     D244108  1 0.0647 0.1628 0.1588 0.6137 
     D244113  1 0.0343 0.0331 0.0391 0.8935 
     D244114  1 0.3639 0.2141 0.1535 0.2685 
     D244115  1 0.0661 0.2163 0.1764 0.5412 
     D267365  1 0.1021 0.4520 0.1015 0.3444 
        D404  1 0.0482 0.0426 0.0518 0.8574 
        D405  1 0.1797 0.1747 0.1235 0.5220 
        D406  1 0.0246 0.1044 0.8233 0.0477 
        D407  1 0.1447 0.5345 0.2544 0.0663 
        D408  1 0.1477 0.0743 0.0713 0.7067 
        D409  1 0.1554 0.2441 0.5168 0.0837 
        D410  1 0.0212 0.1214 0.8043 0.0531 
        D421  1 0.0614 0.8510 0.0425 0.0451 
        D422  1 0.0454 0.0807 0.8513 0.0226 
        D423  1 0.0417 0.0675 0.8625 0.0284 
        D424  1 0.0258 0.7795 0.1199 0.0747 
        D425  1 0.0673 0.4946 0.0896 0.3485 
        D426  1 0.3192 0.1636 0.4712 0.0459 
        D427  1 0.5976 0.1710 0.0553 0.1761 
        D428  1 0.0974 0.4710 0.1504 0.2813 
        D429  1 0.0927 0.4287 0.1021 0.3765 
        D430  1 0.2882 0.2076 0.1649 0.3393 
        D491  1 0.0326 0.1205 0.0387 0.8082 
        D492  1 0.0723 0.3909 0.1986 0.3381 
        D537  1 0.0388 0.7707 0.1133 0.0772 
        D538  1 0.1567 0.1850 0.4003 0.2580 
        D539  1 0.2965 0.1065 0.2058 0.3913 
        D540  1 0.1186 0.3911 0.3274 0.1628 
        D541  1 0.0327 0.8975 0.0466 0.0231 
        D551  1 0.6932 0.1184 0.1183 0.0702 
        D552  1 0.0841 0.4279 0.2739 0.2141 
        D553  1 0.0285 0.8928 0.0434 0.0353 
        D615  1 0.1385 0.5015 0.2131 0.1469 
        D616  1 0.2313 0.3205 0.3137 0.1345 
        D621  1 0.0663 0.0891 0.5958 0.2489 
        D622  1 0.0546 0.1090 0.7589 0.0775 
        D623  1 0.2184 0.1033 0.0572 0.6210 
        D624  1 0.0495 0.0568 0.0683 0.8254 
        D625  1 0.0356 0.7203 0.1418 0.1023 
        D626  1 0.0867 0.1282 0.2028 0.5823 
        D627  1 0.2358 0.2646 0.4288 0.0708 
        D690  1 0.0208 0.8533 0.0586 0.0674 
        D691  1 0.0507 0.1392 0.7544 0.0557 
        D710  1 0.0722 0.5794 0.1144 0.2340 
        D711  1 0.0453 0.8041 0.0739 0.0767 
        D712  1 0.0685 0.0638 0.0703 0.7974 
        D713  1 0.0467 0.2139 0.1346 0.6048 
        D746  1 0.0486 0.1274 0.7868 0.0372 
        D747  1 0.0344 0.9074 0.0281 0.0301 
        D748  1 0.0454 0.4905 0.3714 0.0928 
        D749  1 0.1394 0.0717 0.5556 0.2333 
        D750  1 0.0462 0.2465 0.0947 0.6126 
        D763  1 0.3935 0.4159 0.1249 0.0656 
        D764  1 0.0332 0.5954 0.1662 0.2052 
        D765  1 0.0470 0.0910 0.6867 0.1753 
        D766  1 0.0443 0.3789 0.4751 0.1016 
        D767  1 0.1485 0.3586 0.3044 0.1884 
        D768  1 0.0396 0.8809 0.0488 0.0306 
        D811  1 0.0551 0.0417 0.0969 0.8063 
        D816  1 0.0309 0.8562 0.0339 0.0791 
        D825  1 0.0391 0.1938 0.2172 0.5499 
        D866  1 0.4483 0.1001 0.0840 0.3675 
        D867  1 0.0497 0.0616 0.8227 0.0660 
        D871  1 0.1539 0.2625 0.4975 0.0861 
        D872  1 0.0580 0.5555 0.2277 0.1588 
        D873  1 0.0248 0.0198 0.9234 0.0321 
        D874  1 0.0997 0.5723 0.0354 0.2927 
        D875  1 0.0787 0.1686 0.7052 0.0476 
        D876  1 0.0429 0.7130 0.0920 0.1521 
        D877  1 0.0537 0.0741 0.0378 0.8344 
        D892  1 0.0312 0.3950 0.2130 0.3608 
        D893  1 0.1000 0.6966 0.1456 0.0577 
        D894  1 0.0719 0.6896 0.1113 0.1272 
        D915  1 0.0451 0.5779 0.2303 0.1467 
        D916  1 0.0239 0.9114 0.0358 0.0289 
        D917  1 0.1301 0.3256 0.0773 0.4670 
        D925  1 0.0424 0.1440 0.7005 0.1130 
        D926  1 0.0659 0.5728 0.1239 0.2374 
        D927  1 0.3516 0.4666 0.0772 0.1045 
        D928  1 0.0238 0.1273 0.0344 0.8145 
        D929  1 0.0838 0.1709 0.2300 0.5153 
        D936  1 0.1189 0.7569 0.0551 0.0691 
        D938  1 0.0333 0.0705 0.8481 0.0482 
        D956  1 0.0673 0.0511 0.0798 0.8018 
        D957  1 0.0626 0.4705 0.3171 0.1498 
        D958  1 0.0390 0.5692 0.2236 0.1683 
        D959  1 0.1088 0.5685 0.2758 0.0470 
        D960  1 0.0362 0.0567 0.8389 0.0682 
        D989  1 0.1679 0.1113 0.0601 0.6607 
        D990  1 0.0837 0.0350 0.8214 0.0599 
        D023  2 0.0406 0.3182 0.6031 0.0381 
        D130  2 0.0535 0.1030 0.8093 0.0343 
        D131  2 0.1446 0.5891 0.1891 0.0772 
        D163  2 0.0409 0.1411 0.7612 0.0568 
        D164  2 0.4576 0.0371 0.4794 0.0259 
        D165  2 0.0626 0.1652 0.7425 0.0298 
        D166  2 0.1779 0.2005 0.4364 0.1852 
        D167  2 0.8553 0.0304 0.0330 0.0814 
        D192  2 0.9147 0.0218 0.0268 0.0367 
        D193  2 0.1090 0.0466 0.1183 0.7261 
        D206  2 0.2970 0.3725 0.2313 0.0992 
        D207  2 0.7178 0.1263 0.0828 0.0732 
        D208  2 0.3100 0.0836 0.0877 0.5186 
        D209  2 0.5775 0.1938 0.1277 0.1011 
        D210  2 0.3804 0.1386 0.0683 0.4127 
     D229599  2 0.1926 0.4708 0.1659 0.1706 
     D229600  2 0.4257 0.0639 0.4591 0.0513 
     D237227  2 0.1114 0.0865 0.2095 0.5925 
     D237228  2 0.1521 0.0398 0.3350 0.4731 
     D237258  2 0.3723 0.1627 0.2252 0.2397 
     D237310  2 0.1059 0.0291 0.6899 0.1751 
     D237311  2 0.2157 0.0430 0.6273 0.1140 
     D237312  2 0.0610 0.0617 0.4970 0.3803 
     D237313  2 0.0984 0.4222 0.2399 0.2394 
     D237322  2 0.4486 0.1075 0.1673 0.2766 
     D237323  2 0.0619 0.0351 0.6608 0.2422 
     D237324  2 0.3707 0.1722 0.4233 0.0338 
     D237325  2 0.1111 0.0932 0.5371 0.2586 
     D237326  2 0.0610 0.2352 0.5603 0.1436 
     D237327  2 0.6218 0.1895 0.0935 0.0953 
     D237337  2 0.0398 0.0616 0.7977 0.1009 
     D237338  2 0.1635 0.1602 0.4363 0.2400 
     D237339  2 0.3395 0.5421 0.0550 0.0633 
     D237340  2 0.2598 0.0467 0.2752 0.4183 
     D237389  2 0.0990 0.0508 0.7330 0.1172 
     D237390  2 0.0619 0.1454 0.4194 0.3733 
     D244017  2 0.2650 0.0581 0.0800 0.5969 
     D244112  2 0.8099 0.0265 0.1155 0.0481 
     D244118  2 0.6263 0.0377 0.2862 0.0499 
     D244119  2 0.3400 0.0330 0.0378 0.5891 
     D244120  2 0.6000 0.0311 0.0705 0.2983 
     D244122  2 0.7362 0.0625 0.0828 0.1185 
        D291  2 0.5882 0.1337 0.1810 0.0970 
        D292  2 0.4565 0.3141 0.0616 0.1678 
        D293  2 0.4667 0.4834 0.0275 0.0223 
        D322  2 0.3189 0.5633 0.0720 0.0458 
        D323  2 0.2608 0.3827 0.1203 0.2361 
        D324  2 0.2755 0.3824 0.2215 0.1206 
        D325  2 0.7969 0.1417 0.0428 0.0186 
        D326  2 0.0402 0.8841 0.0280 0.0477 
        D340  2 0.9045 0.0377 0.0304 0.0274 
        D341  2 0.8427 0.0598 0.0491 0.0483 
        D342  2 0.6823 0.0538 0.2034 0.0605 
        D343  2 0.9246 0.0393 0.0211 0.0150 
        D344  2 0.1079 0.6349 0.1142 0.1429 
        D345  2 0.0963 0.6285 0.1948 0.0804 
        D346  2 0.1694 0.1187 0.0764 0.6354 
        D351  2 0.1140 0.6330 0.1999 0.0532 
        D352  2 0.2138 0.2977 0.2043 0.2842 
        D353  2 0.0934 0.8067 0.0509 0.0491 
        D354  2 0.0496 0.5168 0.1143 0.3193 
        D362  2 0.0452 0.7511 0.0983 0.1054 
        D363  2 0.0490 0.7228 0.0744 0.1538 
        D364  2 0.0452 0.7151 0.1012 0.1386 
        D365  2 0.8823 0.0658 0.0233 0.0285 
        D369  2 0.2683 0.3594 0.1443 0.2280 
        D374  2 0.0329 0.0253 0.0277 0.9141 
        D375  2 0.0677 0.4430 0.2360 0.2533 
        D376  2 0.0623 0.0357 0.0433 0.8586 
        D377  2 0.1559 0.1303 0.2813 0.4325 
        D378  2 0.1887 0.6890 0.0840 0.0383 
        D379  2 0.0407 0.8390 0.0455 0.0748 
        D384  2 0.0275 0.8836 0.0284 0.0605 
        D385  2 0.8551 0.0514 0.0351 0.0584 
        D386  2 0.1034 0.7346 0.1010 0.0609 
        D391  2 0.8201 0.1158 0.0302 0.0339 
        D392  2 0.6480 0.1379 0.1289 0.0852 
        D393  2 0.2102 0.6929 0.0658 0.0312 
        D394  2 0.1539 0.3075 0.4001 0.1386 
        D395  2 0.6201 0.2072 0.0959 0.0768 
        D401  2 0.0391 0.0281 0.8380 0.0948 
        D402  2 0.8950 0.0495 0.0253 0.0302 
        D403  2 0.0794 0.5649 0.2705 0.0852 
        D415  2 0.0348 0.8082 0.1231 0.0339 
        D435  2 0.1889 0.7096 0.0737 0.0278 
        D436  2 0.0843 0.4939 0.1339 0.2879 
        D438  2 0.8978 0.0282 0.0352 0.0389 
        D439  2 0.1716 0.6050 0.1738 0.0496 
        D449  2 0.6535 0.2109 0.0868 0.0488 
        D450  2 0.0696 0.2890 0.1812 0.4603 
        D456  2 0.0229 0.9238 0.0261 0.0272 
        D462  2 0.8162 0.1260 0.0302 0.0277 
        D463  2 0.0235 0.9096 0.0253 0.0416 
        D464  2 0.1620 0.6208 0.0699 0.1474 
        D465  2 0.4155 0.3710 0.1516 0.0619 
        D473  2 0.0809 0.0657 0.1373 0.7161 
        D474  2 0.1939 0.6475 0.0782 0.0804 
        D476  2 0.1862 0.2404 0.5403 0.0331 
        D477  2 0.0876 0.7136 0.0685 0.1302 
        D478  2 0.1069 0.2140 0.2537 0.4255 
        D480  2 0.2037 0.6289 0.0526 0.1147 
        D481  2 0.1284 0.5357 0.1584 0.1774 
        D482  2 0.2823 0.1221 0.1914 0.4042 
        D483  2 0.8369 0.0398 0.0387 0.0846 
        D484  2 0.3192 0.1793 0.1354 0.3661 
        D510  2 0.0815 0.0438 0.0414 0.8333 
        D511  2 0.1169 0.7700 0.0675 0.0456 
        D512  2 0.2092 0.0628 0.6820 0.0459 
        D513  2 0.5722 0.1773 0.1305 0.1199 
        D635  2 0.0567 0.6795 0.2238 0.0400 
        D636  2 0.0236 0.0557 0.8805 0.0402 
        D637  2 0.4277 0.1670 0.1228 0.2825 
        D658  2 0.5876 0.0731 0.0940 0.2453 
        D659  2 0.0735 0.8238 0.0529 0.0498 
        D677  2 0.2290 0.4174 0.2684 0.0852 
        D678  2 0.7716 0.0510 0.0852 0.0921 
        D679  2 0.1627 0.6713 0.0646 0.1014 
        D719  2 0.1830 0.3913 0.0376 0.3881 
        D720  2 0.0728 0.7369 0.0761 0.1141 
        D721  2 0.1587 0.2823 0.4933 0.0657 
        D722  2 0.0667 0.0428 0.0624 0.8281 
        D734  2 0.2503 0.1644 0.0313 0.5539 
        D735  2 0.1377 0.6247 0.1291 0.1085 
        D736  2 0.2617 0.2023 0.0998 0.4362 
        D737  2 0.6730 0.0751 0.1075 0.1445 
        D807  2 0.1398 0.3125 0.0857 0.4619 
        D808  2 0.2341 0.2964 0.3965 0.0730 
        D817  2 0.0612 0.6017 0.0869 0.2503 
        D818  2 0.4930 0.2626 0.1780 0.0663 
        D819  2 0.0915 0.4853 0.2851 0.1381 
        D820  2 0.0540 0.8811 0.0312 0.0337 
        D895  2 0.0864 0.6992 0.1494 0.0650 
        D896  2 0.0271 0.0321 0.8461 0.0948 
        D897  2 0.7891 0.0645 0.0775 0.0690 
        D898  2 0.1787 0.1983 0.2991 0.3239 
        D918  2 0.2842 0.1517 0.4256 0.1385 
        D919  2 0.2830 0.5795 0.0905 0.0471 
        D920  2 0.0520 0.0472 0.8456 0.0552 
        D923  2 0.0404 0.8701 0.0454 0.0442 
        D930  2 0.1060 0.4583 0.1223 0.3134 
        D931  2 0.1808 0.6099 0.0716 0.1377 
        D968  2 0.8912 0.0575 0.0281 0.0233 
        D969  2 0.3302 0.5144 0.0717 0.0836 
        D977  2 0.7664 0.1179 0.0747 0.0410 
        D978  2 0.7068 0.1006 0.1001 0.0925 
        D211  3 0.0878 0.1193 0.7224 0.0705 
     D229639  3 0.6783 0.1009 0.0548 0.1660 
     D237212  3 0.3635 0.3407 0.2011 0.0947 
     D237213  3 0.1167 0.3121 0.4698 0.1014 
     D237214  3 0.0606 0.0986 0.7543 0.0865 
     D237215  3 0.7157 0.0260 0.0349 0.2233 
     D237216  3 0.3041 0.1593 0.4451 0.0915 
     D237217  3 0.1060 0.2065 0.6544 0.0331 
     D237218  3 0.4983 0.3272 0.1123 0.0623 
     D237219  3 0.1377 0.0787 0.4914 0.2922 
     D237382  3 0.1162 0.2396 0.2556 0.3886 
     D244127  3 0.1965 0.0661 0.6648 0.0725 
     D244129  3 0.1622 0.4080 0.3100 0.1198 
     D244133  3 0.2491 0.1243 0.2254 0.4012 
     D244134  3 0.3649 0.1233 0.1534 0.3584 
     D244135  3 0.0850 0.0855 0.7889 0.0407 
     D244136  3 0.1537 0.2679 0.0913 0.4871 
        D416  3 0.3812 0.3467 0.1926 0.0796 
        D417  3 0.0438 0.7806 0.1169 0.0586 
        D419  3 0.2394 0.2614 0.2593 0.2399 
        D565  3 0.0454 0.0951 0.0413 0.8182 
        D566  3 0.4052 0.0915 0.0757 0.4276 
        D567  3 0.0479 0.7507 0.1239 0.0774 
        D568  3 0.2265 0.4689 0.2558 0.0487 
        D569  3 0.4189 0.2252 0.2107 0.1452 
        D573  3 0.6518 0.2665 0.0420 0.0396 
        D574  3 0.1066 0.0756 0.1344 0.6834 
        D575  3 0.1744 0.2342 0.2775 0.3138 
        D576  3 0.8333 0.0148 0.0463 0.1056 
        D577  3 0.0631 0.6919 0.1362 0.1087 
        D578  3 0.0490 0.0300 0.8879 0.0331 
        D579  3 0.2293 0.3851 0.1126 0.2730 
        D660  3 0.5544 0.0620 0.2948 0.0888 
        D661  3 0.7724 0.0951 0.0969 0.0356 
        D663  3 0.8008 0.0881 0.0507 0.0604 
        D664  3 0.2014 0.0427 0.3795 0.3764 
        D665  3 0.2126 0.0667 0.6650 0.0556 
        D666  3 0.0920 0.2141 0.2836 0.4103 
        D009  4 0.0787 0.3526 0.4852 0.0835 
        D057  4 0.4745 0.1755 0.2565 0.0935 
        D109  4 0.0468 0.0960 0.7468 0.1103 
     D237222  4 0.0673 0.0751 0.6431 0.2146 
     D237223  4 0.1434 0.1168 0.5319 0.2078 
     D237224  4 0.3939 0.4175 0.0837 0.1049 
     D237225  4 0.1497 0.3564 0.3831 0.1108 
     D237299  4 0.1892 0.0557 0.6720 0.0832 
     D237300  4 0.8340 0.0373 0.0461 0.0826 
     D237306  4 0.0542 0.1105 0.1112 0.7242 
     D237307  4 0.1602 0.3310 0.1292 0.3796 
     D237308  4 0.5545 0.1351 0.1289 0.1814 
     D237309  4 0.1237 0.5001 0.2939 0.0822 
     D237317  4 0.0655 0.2129 0.1358 0.5858 
     D237318  4 0.8924 0.0334 0.0290 0.0452 
     D237319  4 0.1444 0.2046 0.4952 0.1559 
     D237320  4 0.3204 0.1857 0.3901 0.1038 
     D237321  4 0.7002 0.1025 0.0913 0.1060 
     D237397  4 0.3150 0.1033 0.2353 0.3464 
     D237398  4 0.6681 0.1840 0.1071 0.0408 
     D237399  4 0.2239 0.3003 0.1685 0.3074 
     D244001  4 0.2178 0.1076 0.5779 0.0967 
        D289  4 0.2295 0.3313 0.0900 0.3492 
        D290  4 0.2946 0.2199 0.1670 0.3186 
        D294  4 0.2351 0.4249 0.1313 0.2088 
        D295  4 0.0975 0.5332 0.1789 0.1904 
        D301  4 0.1350 0.0501 0.7062 0.1087 
        D302  4 0.0481 0.8211 0.0587 0.0721 
        D303  4 0.0829 0.0798 0.0749 0.7624 
        D304  4 0.2853 0.1856 0.1275 0.4016 
        D305  4 0.5308 0.2212 0.1844 0.0636 
        D306  4 0.1090 0.1940 0.1718 0.5252 
        D307  4 0.0676 0.0309 0.7869 0.1146 
        D327  4 0.0979 0.6818 0.0756 0.1448 
        D328  4 0.0636 0.0729 0.0985 0.7650 
        D329  4 0.4078 0.2954 0.1462 0.1507 
        D330  4 0.0668 0.5804 0.2975 0.0553 
        D331  4 0.2123 0.2584 0.2031 0.3261 
        D333  4 0.2412 0.2334 0.1873 0.3382 
        D334  4 0.0486 0.1586 0.1113 0.6815 
        D335  4 0.0785 0.7757 0.0580 0.0877 
        D370  4 0.0768 0.1406 0.2079 0.5747 
        D371  4 0.0706 0.1161 0.0388 0.7745 
        D372  4 0.8579 0.0252 0.0529 0.0640 
        D373  4 0.2201 0.0643 0.6655 0.0501 
        D455  4 0.0842 0.0754 0.7856 0.0548 
        D490  4 0.0283 0.0462 0.8826 0.0429 
        D497  4 0.0573 0.0564 0.8346 0.0517 
        D498  4 0.2025 0.1361 0.2364 0.4249 
        D499  4 0.4899 0.1020 0.1084 0.2997 
        D514  4 0.0866 0.6946 0.1388 0.0800 
        D515  4 0.0849 0.1431 0.6488 0.1231 
        D516  4 0.1995 0.2587 0.3011 0.2407 
        D517  4 0.1381 0.1592 0.6596 0.0431 
        D518  4 0.1707 0.2894 0.2852 0.2548 
        D519  4 0.2083 0.1252 0.6002 0.0662 
        D560  4 0.2925 0.1960 0.4555 0.0559 
        D561  4 0.1121 0.2846 0.5742 0.0290 
        D562  4 0.2449 0.1582 0.3311 0.2658 
        D563  4 0.6188 0.1949 0.1350 0.0514 
        D572  4 0.1193 0.5534 0.1560 0.1713 
        D629  4 0.0909 0.5039 0.2836 0.1217 
        D630  4 0.1531 0.3091 0.2363 0.3015 
        D631  4 0.4572 0.2457 0.1180 0.1791 
        D632  4 0.1963 0.1999 0.5495 0.0543 
        D646  4 0.1490 0.4218 0.3514 0.0778 
        D647  4 0.0981 0.6865 0.1730 0.0424 
        D648  4 0.0606 0.0493 0.0690 0.8212 
        D649  4 0.0489 0.7568 0.1443 0.0501 
        D650  4 0.1174 0.3233 0.2688 0.2906 
        D708  4 0.1192 0.1530 0.1218 0.6060 
        D709  4 0.0991 0.1911 0.2177 0.4921 
        D738  4 0.0562 0.1470 0.1685 0.6283 
        D739  4 0.1680 0.1238 0.5252 0.1830 
        D740  4 0.4142 0.0749 0.3049 0.2060 
        D741  4 0.2626 0.3409 0.3411 0.0554 
        D742  4 0.5659 0.1049 0.1260 0.2033 
        D743  4 0.1083 0.7692 0.0529 0.0696 
        D744  4 0.2120 0.6162 0.1086 0.0632 
        D745  4 0.0845 0.0754 0.7863 0.0538 
        D814  4 0.6919 0.1108 0.1326 0.0647 
        D815  4 0.1052 0.6118 0.0982 0.1848 
        D828  4 0.1978 0.0419 0.0891 0.6712 
        D845  4 0.8402 0.0617 0.0294 0.0687 
        D846  4 0.3531 0.4353 0.1660 0.0457 
        D847  4 0.2110 0.3019 0.3029 0.1842 
        D848  4 0.3365 0.0421 0.5742 0.0473 
        D849  4 0.0931 0.1231 0.7195 0.0643 
        D850  4 0.2385 0.3695 0.2519 0.1402 
        D856  4 0.0830 0.1712 0.5724 0.1734 
        D857  4 0.0665 0.0225 0.8210 0.0900 
        D859  4 0.2691 0.4600 0.1085 0.1624 
        D860  4 0.2692 0.2538 0.0549 0.4220 
        D883  4 0.0843 0.3874 0.2638 0.2645 
        D884  4 0.0671 0.1845 0.3614 0.3870 
        D885  4 0.4877 0.2591 0.1892 0.0640 
        D886  4 0.1130 0.3314 0.4533 0.1023 
        D887  4 0.4313 0.2651 0.1336 0.1700 
        D889  4 0.5924 0.1765 0.0622 0.1689 
        D890  4 0.1024 0.1492 0.1747 0.5737 
        D891  4 0.9209 0.0312 0.0232 0.0246 
        D899  4 0.5940 0.0929 0.0546 0.2585 
        D900  4 0.1481 0.4476 0.1994 0.2049 
        D970  4 0.2066 0.5126 0.1286 0.1522 
        D971  4 0.5162 0.2412 0.1079 0.1347 
        D979  4 0.0769 0.7976 0.0388 0.0867 
        D093  5 0.0916 0.0791 0.0619 0.7674 
        D154  5 0.6373 0.0917 0.0959 0.1751 
        D168  5 0.4908 0.1740 0.2645 0.0707 
        D189  5 0.2366 0.0751 0.0711 0.6172 
        D190  5 0.0668 0.0851 0.0395 0.8086 
     D237220  5 0.1853 0.1556 0.4892 0.1699 
     D237221  5 0.2939 0.1754 0.1093 0.4214 
     D237274  5 0.0530 0.8587 0.0430 0.0453 
     D237275  5 0.8334 0.0350 0.0583 0.0733 
     D237276  5 0.1034 0.1898 0.2342 0.4727 
     D237277  5 0.2135 0.0824 0.0589 0.6451 
     D237278  5 0.4539 0.0773 0.1919 0.2768 
     D237279  5 0.0722 0.1651 0.7253 0.0374 
     D237280  5 0.0682 0.4279 0.3642 0.1397 
     D237281  5 0.8399 0.0823 0.0368 0.0410 
     D237351  5 0.0758 0.0621 0.6954 0.1667 
     D237352  5 0.1137 0.3548 0.3930 0.1386 
     D237353  5 0.0563 0.0497 0.0388 0.8552 
     D237359  5 0.3028 0.1728 0.3874 0.1371 
     D237361  5 0.0408 0.0468 0.0507 0.8618 
     D237362  5 0.1541 0.3283 0.1446 0.3729 
     D237363  5 0.4249 0.1221 0.2569 0.1962 
     D237364  5 0.4423 0.2479 0.2418 0.0680 
     D237376  5 0.0898 0.0336 0.0492 0.8274 
     D237377  5 0.0840 0.5067 0.2844 0.1250 
     D237378  5 0.1554 0.0369 0.0512 0.7565 
     D237379  5 0.1108 0.0585 0.1063 0.7245 
     D237380  5 0.0385 0.1087 0.6115 0.2413 
     D237381  5 0.1199 0.1418 0.5367 0.2015 
     D237391  5 0.0951 0.1079 0.0803 0.7167 
     D237392  5 0.1462 0.6370 0.1131 0.1037 
     D237393  5 0.1116 0.5019 0.1154 0.2711 
     D237394  5 0.0288 0.0619 0.0450 0.8642 
     D237395  5 0.2151 0.0790 0.1820 0.5239 
     D237396  5 0.1007 0.6690 0.1381 0.0921 
     D244016  5 0.2827 0.2009 0.1244 0.3920 
     D244018  5 0.5316 0.1112 0.1186 0.2386 
     D244019  5 0.2663 0.4267 0.0903 0.2167 
        D279  5 0.6846 0.0999 0.1161 0.0995 
        D280  5 0.2330 0.2999 0.1653 0.3018 
        D281  5 0.7932 0.0550 0.0402 0.1117 
        D283  5 0.1000 0.3289 0.0526 0.5186 
        D284  5 0.1803 0.1499 0.5565 0.1132 
        D285  5 0.1375 0.1938 0.0889 0.5798 
        D286  5 0.1114 0.2317 0.1576 0.4992 
        D287  5 0.0729 0.0443 0.1061 0.7766 
        D288  5 0.2457 0.3750 0.0814 0.2980 
        D308  5 0.0378 0.1325 0.7790 0.0507 
        D309  5 0.0372 0.8178 0.1020 0.0431 
        D310  5 0.0415 0.0362 0.0332 0.8891 
        D311  5 0.1200 0.2405 0.0922 0.5473 
        D312  5 0.1128 0.2187 0.1158 0.5528 
        D313  5 0.0246 0.0248 0.9097 0.0410 
        D314  5 0.4180 0.0719 0.2137 0.2964 
        D315  5 0.0924 0.2659 0.1253 0.5164 
        D317  5 0.0392 0.0752 0.0464 0.8392 
        D318  5 0.2063 0.3052 0.2544 0.2342 
        D319  5 0.0549 0.0485 0.0431 0.8535 
        D320  5 0.0617 0.0729 0.0801 0.7854 
        D321  5 0.0881 0.1310 0.6859 0.0950 
        D336  5 0.0308 0.0380 0.0302 0.9009 
        D337  5 0.0628 0.0425 0.0238 0.8709 
        D338  5 0.2601 0.2373 0.2652 0.2374 
        D339  5 0.1492 0.0744 0.0706 0.7058 
        D347  5 0.1939 0.3362 0.0609 0.4090 
        D348  5 0.0438 0.0559 0.0301 0.8702 
        D349  5 0.0507 0.0547 0.7780 0.1166 
        D350  5 0.1341 0.7063 0.0906 0.0690 
        D355  5 0.6901 0.1934 0.0529 0.0635 
        D356  5 0.0626 0.3372 0.1401 0.4601 
        D357  5 0.2148 0.1429 0.1804 0.4619 
        D358  5 0.0902 0.1848 0.1598 0.5652 
        D359  5 0.0392 0.3911 0.0454 0.5242 
        D360  5 0.0589 0.2034 0.1239 0.6138 
        D361  5 0.0402 0.0614 0.8417 0.0567 
        D366  5 0.2703 0.5919 0.0866 0.0512 
        D367  5 0.0467 0.0451 0.0747 0.8335 
        D368  5 0.0851 0.1733 0.3269 0.4147 
        D380  5 0.1353 0.5955 0.2008 0.0685 
        D381  5 0.1320 0.1108 0.0691 0.6880 
        D400  5 0.2670 0.1437 0.0862 0.5031 
        D411  5 0.0468 0.0345 0.8859 0.0327 
        D412  5 0.3603 0.1966 0.1884 0.2548 
        D413  5 0.7481 0.1114 0.0862 0.0544 
        D414  5 0.5620 0.2370 0.0868 0.1142 
        D420  5 0.2597 0.0916 0.4494 0.1993 
        D431  5 0.3159 0.0550 0.2231 0.4060 
        D432  5 0.1537 0.1037 0.1238 0.6187 
        D433  5 0.1587 0.1037 0.0596 0.6780 
        D434  5 0.0715 0.2239 0.0982 0.6064 
        D440  5 0.0948 0.7197 0.1242 0.0613 
        D447  5 0.1025 0.6680 0.1622 0.0673 
        D448  5 0.0717 0.0751 0.0330 0.8203 
        D459  5 0.7659 0.1514 0.0358 0.0470 
        D460  5 0.0477 0.1647 0.6730 0.1146 
        D461  5 0.0386 0.8751 0.0386 0.0478 
        D468  5 0.0985 0.2513 0.1675 0.4827 
        D469  5 0.0743 0.5908 0.1750 0.1599 
        D470  5 0.0864 0.1245 0.4221 0.3669 
        D471  5 0.1235 0.1080 0.0356 0.7329 
        D472  5 0.1555 0.7745 0.0344 0.0355 
        D479  5 0.7953 0.0629 0.0585 0.0833 
        D485  5 0.1673 0.1511 0.1355 0.5462 
        D486  5 0.0807 0.1854 0.3232 0.4107 
        D487  5 0.5439 0.0739 0.0659 0.3163 
        D555  5 0.0681 0.0542 0.0420 0.8357 
        D556  5 0.3015 0.1618 0.1221 0.4146 
        D557  5 0.0682 0.0891 0.0306 0.8122 
        D564  5 0.0824 0.2193 0.1759 0.5224 
        D594  5 0.1415 0.3195 0.1231 0.4159 
        D595  5 0.1648 0.2753 0.1186 0.4413 
        D596  5 0.0514 0.0404 0.0383 0.8699 
        D597  5 0.4055 0.2200 0.0604 0.3141 
        D598  5 0.1220 0.2039 0.1607 0.5134 
        D617  5 0.2099 0.0415 0.7027 0.0459 
        D618  5 0.2374 0.1552 0.0827 0.5247 
        D619  5 0.0842 0.3352 0.2496 0.3309 
        D620  5 0.8701 0.0581 0.0329 0.0389 
        D628  5 0.1451 0.3195 0.2183 0.3171 
        D714  5 0.2892 0.0522 0.0698 0.5888 
        D715  5 0.1553 0.1509 0.0430 0.6507 
        D716  5 0.2953 0.1772 0.0817 0.4457 
        D717  5 0.1008 0.5848 0.1455 0.1689 
        D718  5 0.1277 0.0343 0.4114 0.4267 
        D769  5 0.1878 0.0655 0.6677 0.0790 
        D770  5 0.4287 0.0987 0.0885 0.3841 
        D771  5 0.4340 0.1397 0.1768 0.2495 
        D772  5 0.1147 0.1761 0.0969 0.6124 
        D782  5 0.2812 0.1813 0.4619 0.0756 
        D783  5 0.5390 0.1338 0.0900 0.2372 
        D784  5 0.0933 0.7369 0.0726 0.0971 
        D785  5 0.0505 0.0914 0.0909 0.7672 
        D786  5 0.0957 0.3371 0.5020 0.0652 
        D821  5 0.0314 0.0406 0.0198 0.9082 
        D822  5 0.1234 0.5573 0.0840 0.2353 
        D826  5 0.3993 0.1080 0.0665 0.4262 
        D827  5 0.1178 0.6716 0.0884 0.1222 
        D851  5 0.1800 0.3221 0.2737 0.2242 
        D852  5 0.4458 0.0938 0.1347 0.3257 
        D853  5 0.1913 0.1597 0.1019 0.5471 
        D854  5 0.3900 0.3227 0.1845 0.1028 
        D861  5 0.3710 0.1505 0.1851 0.2934 
        D862  5 0.0558 0.3316 0.0831 0.5295 
        D865  5 0.0854 0.0538 0.0595 0.8012 
        D868  5 0.0659 0.7156 0.0951 0.1233 
        D869  5 0.0453 0.0681 0.8049 0.0817 
        D870  5 0.1494 0.2314 0.5778 0.0415 
        D907  5 0.0619 0.0593 0.1108 0.7680 
        D908  5 0.5071 0.0550 0.0702 0.3676 
        D910  5 0.2817 0.1081 0.0530 0.5572 
        D911  5 0.7656 0.1347 0.0363 0.0634 
        D934  5 0.5195 0.1641 0.1012 0.2152 
        D946  5 0.4387 0.0879 0.1788 0.2946 
        D947  5 0.2480 0.4381 0.1585 0.1555 
        D948  5 0.0351 0.1138 0.6889 0.1622 
        D949  5 0.0462 0.0734 0.7403 0.1401 
        D950  5 0.8166 0.0884 0.0397 0.0553 
        D951  5 0.0478 0.6633 0.1422 0.1467 
        D952  5 0.0911 0.6870 0.0722 0.1498 
        D953  5 0.0877 0.1934 0.0689 0.6500 
        D954  5 0.0521 0.5226 0.0806 0.3447 
        D961  5 0.1305 0.0670 0.1549 0.6476 
        D962  5 0.0312 0.1214 0.0495 0.7980 
        D963  5 0.1388 0.4464 0.0638 0.3510 
        D964  5 0.2650 0.1489 0.3717 0.2143 
        D965  5 0.2285 0.2510 0.1597 0.3608 
        D966  5 0.2449 0.2256 0.0605 0.4690 
        D967  5 0.3579 0.1202 0.1914 0.3304 
        D991  5 0.0919 0.2517 0.3421 0.3143 
        D502  6 0.4216 0.0912 0.4226 0.0645 
        D503  6 0.5003 0.0602 0.3501 0.0895 
        D504  6 0.1547 0.5916 0.1209 0.1328 
        D505  6 0.2584 0.1574 0.1520 0.4323 
        D506  6 0.0269 0.0342 0.0367 0.9021 
        D507  6 0.4403 0.1962 0.2556 0.1079 
        D508  6 0.2554 0.4758 0.1296 0.1392 
        D529  6 0.1465 0.2264 0.3580 0.2692 
        D530  6 0.1037 0.0542 0.1741 0.6681 
        D531  6 0.1578 0.3811 0.1762 0.2850 
        D532  6 0.1108 0.2987 0.0780 0.5125 
        D534  6 0.0589 0.1194 0.7761 0.0456 
        D535  6 0.0576 0.2547 0.1099 0.5779 
        D536  6 0.7995 0.0407 0.1168 0.0430 
        D554  6 0.0753 0.0708 0.1465 0.7074 
        D587  6 0.0702 0.1434 0.0686 0.7178 
        D588  6 0.0992 0.3064 0.1152 0.4792 
        D589  6 0.5938 0.0700 0.1512 0.1850 
        D590  6 0.7802 0.0803 0.0733 0.0662 
        D591  6 0.3803 0.1913 0.2676 0.1608 
        D592  6 0.0660 0.1078 0.7392 0.0870 
        D593  6 0.1255 0.0432 0.0997 0.7316 
        D682  6 0.0608 0.0584 0.0695 0.8113 
        D683  6 0.0623 0.5924 0.1212 0.2241 
        D684  6 0.4337 0.1130 0.4184 0.0349 
        D685  6 0.4691 0.0444 0.3425 0.1439 
        D686  6 0.0560 0.0627 0.0631 0.8182 
        D724  6 0.2199 0.4231 0.2772 0.0799 
        D725  6 0.3185 0.1139 0.1369 0.4307 
        D726  6 0.0382 0.0729 0.0490 0.8399 
        D727  6 0.4099 0.2914 0.1313 0.1674 
        D728  6 0.0562 0.0810 0.0903 0.7725 
        D729  6 0.1852 0.3227 0.4435 0.0485 
        D730  6 0.2929 0.2705 0.3317 0.1049 
        D731  6 0.2454 0.0276 0.0329 0.6941 
        D732  6 0.1365 0.5564 0.1374 0.1697 
        D733  6 0.1640 0.3025 0.2569 0.2767 
     D237251  7 0.6203 0.0920 0.1018 0.1860 
     D237252  7 0.3736 0.0979 0.4525 0.0760 
     D237253  7 0.4955 0.1169 0.1155 0.2720 
     D237254  7 0.0619 0.0396 0.8693 0.0292 
     D237255  7 0.7797 0.0634 0.0510 0.1058 
     D237256  7 0.6477 0.1589 0.0747 0.1187 
     D237257  7 0.1380 0.1117 0.6625 0.0878 
     D237282  7 0.0998 0.7504 0.1110 0.0388 
     D237283  7 0.0775 0.0270 0.8538 0.0417 
     D237284  7 0.0625 0.0976 0.7950 0.0449 
     D237285  7 0.2632 0.0946 0.1227 0.5195 
     D237286  7 0.2143 0.3384 0.1489 0.2984 
     D237287  7 0.5139 0.2345 0.1662 0.0854 
     D244006  7 0.0342 0.0558 0.8784 0.0316 
     D244007  7 0.4399 0.3053 0.1549 0.0999 
     D244008  7 0.0513 0.0374 0.8155 0.0958 
     D244009  7 0.0711 0.2163 0.5388 0.1738 
     D244010  7 0.1741 0.0917 0.6441 0.0900 
     D244011  7 0.2933 0.1073 0.2228 0.3766 
     D244012  7 0.4623 0.1581 0.2918 0.0877 
     D244013  7 0.3761 0.2196 0.1011 0.3033 
     D244014  7 0.3979 0.1319 0.3445 0.1256 
     D244015  7 0.1201 0.2236 0.5904 0.0659 
     D244125  7 0.3379 0.2746 0.0749 0.3126 
     D244126  7 0.0394 0.0506 0.8868 0.0232 
     D244130  7 0.1724 0.1863 0.4555 0.1858 
     D244131  7 0.1006 0.4074 0.2121 0.2799 
     D244132  7 0.0527 0.3944 0.0747 0.4782 
        D520  7 0.0815 0.0920 0.4935 0.3330 
        D521  7 0.1827 0.2832 0.2981 0.2360 
        D522  7 0.0850 0.2888 0.5213 0.1049 
        D523  7 0.7755 0.0701 0.0696 0.0848 
        D524  7 0.4358 0.1210 0.1717 0.2715 
        D525  7 0.3162 0.0732 0.5451 0.0655 
        D526  7 0.0588 0.0809 0.8338 0.0265 
        D527  7 0.2047 0.4683 0.1909 0.1361 
        D528  7 0.0423 0.0727 0.8547 0.0303 
        D558  7 0.1956 0.5722 0.1637 0.0685 
        D559  7 0.2196 0.5864 0.1562 0.0378 
        D640  7 0.2296 0.2218 0.1045 0.4441 
        D641  7 0.2410 0.0447 0.2313 0.4831 
        D642  7 0.2244 0.1264 0.5383 0.1109 
        D644  7 0.1652 0.1428 0.3027 0.3894 
        D645  7 0.4008 0.1578 0.1966 0.2448 
        D662  7 0.0307 0.3145 0.4806 0.1741 
        D687  7 0.4492 0.2644 0.1527 0.1337 
        D688  7 0.1844 0.5486 0.2125 0.0544 
        D689  7 0.2624 0.2852 0.1442 0.3082 
        D700  7 0.0592 0.1190 0.7922 0.0295 
        D797  7 0.2480 0.3209 0.1753 0.2558 
        D798  7 0.0399 0.1544 0.7378 0.0680 
        D799  7 0.5688 0.1100 0.2550 0.0662 
        D800  7 0.1624 0.6695 0.1266 0.0415 
        D132  8 0.0369 0.0594 0.8466 0.0571 
        D133  8 0.8578 0.0340 0.0757 0.0325 
        D200  8 0.4446 0.1369 0.1792 0.2392 
        D500  8 0.0277 0.0554 0.8743 0.0426 
        D614  8 0.0779 0.1340 0.1963 0.5919 
        D723  8 0.1649 0.4539 0.2817 0.0995 
        D888  8 0.7988 0.0904 0.0528 0.0580 
        D901  8 0.2168 0.0446 0.6053 0.1333 
        D902  8 0.0555 0.0560 0.0805 0.8080 
        D903  8 0.1079 0.6579 0.0564 0.1778 
        D904  8 0.1341 0.4971 0.2277 0.1410 
        D905  8 0.7309 0.0279 0.0359 0.2053 
        D906  8 0.6379 0.1577 0.1468 0.0575 
        D937  8 0.0446 0.0246 0.0373 0.8934 
        D943  8 0.1966 0.1997 0.5211 0.0827 
        D972  8 0.1191 0.3751 0.3990 0.1068 
        D973  8 0.0365 0.7314 0.1545 0.0775 
        D974  8 0.2122 0.2296 0.2321 0.3260 
        D975  8 0.2596 0.1219 0.1786 0.4399 
        D976  8 0.2445 0.0858 0.3542 0.3154 
        D201  9 0.5610 0.1750 0.1531 0.1109 
        D202  9 0.5247 0.0581 0.2097 0.2075 
     D237259  9 0.1664 0.3934 0.4010 0.0392 
     D237260  9 0.5416 0.0375 0.3313 0.0895 
     D237262  9 0.0273 0.0462 0.8802 0.0464 
     D237263  9 0.2742 0.1287 0.5304 0.0667 
     D237264  9 0.2007 0.1417 0.3348 0.3228 
     D237265  9 0.7685 0.0396 0.1248 0.0670 
     D237266  9 0.6227 0.1105 0.2265 0.0404 
     D237267  9 0.1381 0.0824 0.3711 0.4085 
     D237268  9 0.0794 0.1340 0.6648 0.1218 
     D237289  9 0.4836 0.0461 0.1187 0.3515 
     D237290  9 0.8694 0.0347 0.0605 0.0354 
     D237291  9 0.7496 0.0539 0.1103 0.0862 
     D237292  9 0.5904 0.0522 0.2957 0.0616 
     D237293  9 0.1707 0.1819 0.3171 0.3303 
     D237294  9 0.2547 0.0457 0.5785 0.1210 
     D237295  9 0.0531 0.4027 0.2635 0.2808 
     D237296  9 0.3077 0.1223 0.3439 0.2262 
     D237297  9 0.0971 0.0936 0.0868 0.7225 
     D237298  9 0.2806 0.3723 0.2418 0.1054 
     D237341  9 0.5246 0.2147 0.1648 0.0960 
     D237342  9 0.0958 0.0741 0.6923 0.1378 
     D237343  9 0.3502 0.1392 0.4385 0.0720 
     D237344  9 0.1918 0.0778 0.1259 0.6044 
     D237345  9 0.0755 0.0572 0.8355 0.0319 
     D237346  9 0.5436 0.0655 0.1633 0.2276 
     D237347  9 0.2076 0.1134 0.0986 0.5804 
     D237348  9 0.2455 0.1414 0.3294 0.2837 
     D237349  9 0.3325 0.4239 0.2085 0.0351 
     D244109  9 0.6721 0.1323 0.1707 0.0249 
     D244110  9 0.7351 0.0983 0.1148 0.0518 
     D244111  9 0.3663 0.2405 0.2267 0.1665 
     D244128  9 0.0709 0.0549 0.8106 0.0636 
     D244137  9 0.0826 0.6945 0.1364 0.0865 
     D244138  9 0.5337 0.0707 0.1647 0.2309 
        D580  9 0.0489 0.1023 0.7315 0.1173 
        D581  9 0.8727 0.0347 0.0599 0.0326 
        D582  9 0.0348 0.0315 0.8889 0.0447 
        D583  9 0.7860 0.0359 0.1334 0.0447 
        D584  9 0.1049 0.0515 0.2919 0.5516 
        D585  9 0.2175 0.0561 0.6746 0.0518 
        D586  9 0.7959 0.0588 0.0459 0.0994 
        D651  9 0.1642 0.5312 0.1160 0.1886 
        D652  9 0.1483 0.3876 0.4262 0.0379 
        D653  9 0.4765 0.3275 0.1087 0.0873 
        D654  9 0.3521 0.4254 0.1684 0.0541 
        D655  9 0.3607 0.1707 0.1100 0.3587 
        D656  9 0.0533 0.0662 0.8236 0.0569 
        D657  9 0.2551 0.1601 0.4041 0.1807 
        D667  9 0.2336 0.0764 0.1054 0.5847 
        D668  9 0.2282 0.0962 0.4766 0.1990 
        D669  9 0.6469 0.0964 0.1712 0.0855 
        D670  9 0.0799 0.7197 0.1076 0.0928 
        D671  9 0.6927 0.0928 0.1303 0.0842 
        D672  9 0.1300 0.0728 0.7326 0.0646 
        D673  9 0.1632 0.1730 0.3031 0.3607 
        D692  9 0.3281 0.0744 0.5397 0.0578 
        D693  9 0.1615 0.1687 0.3229 0.3469 
        D694  9 0.0879 0.0339 0.8031 0.0750 
        D695  9 0.0949 0.3592 0.4384 0.1075 
        D696  9 0.0385 0.0315 0.0313 0.8986 
        D697  9 0.2313 0.1620 0.1296 0.4771 
        D698  9 0.4432 0.0558 0.1034 0.3976 
        D699  9 0.1578 0.0509 0.1480 0.6433 
        D787  9 0.1762 0.4813 0.2808 0.0617 
        D788  9 0.0572 0.0773 0.1546 0.7109 
        D789  9 0.2248 0.0515 0.3250 0.3988 
        D790  9 0.3242 0.2735 0.2865 0.1158 
        D791  9 0.5675 0.0581 0.1001 0.2742 
        D792  9 0.2616 0.4531 0.2271 0.0581 
        D793  9 0.1423 0.2447 0.0933 0.5197 
        D794  9 0.1919 0.2935 0.1331 0.3814 
        D795  9 0.0797 0.0344 0.7185 0.1674 
        D796  9 0.6198 0.0578 0.1751 0.1473 
        D142 10 0.1894 0.2073 0.0989 0.5044 
        D143 10 0.7431 0.0742 0.0648 0.1179 
        D144 10 0.1139 0.2232 0.2977 0.3652 
        D145 10 0.8095 0.0650 0.0687 0.0568 
        D146 10 0.0644 0.1006 0.6727 0.1623 
        D147 10 0.1596 0.2056 0.5003 0.1345 
        D148 10 0.1786 0.2831 0.4141 0.1242 
        D149 10 0.7735 0.0866 0.0855 0.0543 
        D151 10 0.2925 0.1208 0.4799 0.1069 
        D152 10 0.9106 0.0269 0.0340 0.0285 
        D153 10 0.0627 0.5460 0.1015 0.2898 
        D156 10 0.1325 0.7413 0.0606 0.0656 
        D157 10 0.0874 0.0798 0.1727 0.6600 
        D158 10 0.3747 0.0417 0.2170 0.3665 
        D159 10 0.8642 0.0511 0.0364 0.0482 
        D160 10 0.6092 0.0316 0.0495 0.3098 
        D161 10 0.1796 0.4286 0.1598 0.2321 
        D162 10 0.1915 0.5895 0.0428 0.1762 
        D169 10 0.0941 0.0697 0.7906 0.0456 
        D170 10 0.0627 0.1200 0.6682 0.1490 
        D171 10 0.0784 0.1302 0.1643 0.6271 
        D172 10 0.2409 0.3801 0.2233 0.1557 
        D173 10 0.7948 0.1181 0.0647 0.0224 
        D181 10 0.1655 0.1576 0.0941 0.5828 
        D182 10 0.5308 0.1878 0.2120 0.0694 
        D183 10 0.0536 0.0686 0.0794 0.7984 
        D184 10 0.0199 0.0930 0.8597 0.0273 
        D185 10 0.0996 0.5133 0.2352 0.1519 
        D186 10 0.1031 0.0433 0.8114 0.0422 
        D194 10 0.0940 0.2045 0.5601 0.1414 
        D195 10 0.4271 0.2401 0.0820 0.2508 
        D196 10 0.3426 0.4331 0.0451 0.1793 
        D197 10 0.2097 0.0332 0.6686 0.0886 
        D198 10 0.0705 0.3620 0.3305 0.2370 
     D237226 10 0.6227 0.1079 0.2173 0.0521 
     D237232 10 0.3672 0.0771 0.1339 0.4217 
     D237233 10 0.6376 0.0509 0.1061 0.2055 
     D237234 10 0.2091 0.1619 0.1380 0.4910 
     D237354 10 0.9015 0.0374 0.0265 0.0345 
     D237355 10 0.7260 0.0699 0.0745 0.1295 
     D237356 10 0.0494 0.3196 0.1756 0.4554 
     D237357 10 0.5329 0.0919 0.2619 0.1133 
     D237358 10 0.1699 0.3249 0.4134 0.0919 
     D237369 10 0.0909 0.0853 0.7857 0.0381 
     D237370 10 0.1382 0.0535 0.0684 0.7399 
     D237371 10 0.0810 0.6078 0.2351 0.0762 
     D237372 10 0.4770 0.1160 0.3513 0.0558 
     D237373 10 0.4236 0.0710 0.1067 0.3987 
     D237374 10 0.7442 0.0445 0.0537 0.1576 
     D237375 10 0.3832 0.2390 0.2267 0.1511 
     D237400 10 0.8883 0.0320 0.0299 0.0498 
     D244002 10 0.1024 0.2035 0.6399 0.0541 
     D244003 10 0.3925 0.0283 0.0752 0.5040 
     D244004 10 0.0322 0.0181 0.0403 0.9094 
     D244005 10 0.5925 0.0684 0.2788 0.0603 
     D244020 10 0.1341 0.3302 0.1466 0.3891 
     D244021 10 0.3305 0.0891 0.4756 0.1049 
     D244116 10 0.1495 0.1810 0.4929 0.1765 
     D244117 10 0.3213 0.0810 0.0838 0.5139 
     D244121 10 0.1567 0.0466 0.0914 0.7052 
     D244123 10 0.2889 0.0831 0.1103 0.5177 
     D244124 10 0.3194 0.0457 0.4197 0.2151 
        D332 10 0.0714 0.7467 0.0750 0.1070 
        D570 10 0.0574 0.1085 0.0507 0.7834 
        D602 10 0.0677 0.8086 0.0622 0.0615 
        D603 10 0.2712 0.0906 0.2245 0.4137 
        D604 10 0.3469 0.4568 0.0698 0.1265 
        D605 10 0.1501 0.6069 0.1467 0.0963 
        D606 10 0.0485 0.0491 0.5751 0.3273 
        D607 10 0.0512 0.8616 0.0514 0.0358 
        D608 10 0.8942 0.0557 0.0234 0.0267 
        D609 10 0.0576 0.2388 0.1073 0.5963 
        D610 10 0.1751 0.2453 0.1542 0.4253 
        D611 10 0.0213 0.0246 0.0230 0.9311 
        D613 10 0.1446 0.5691 0.0743 0.2120 
        D633 10 0.1155 0.7502 0.0907 0.0436 
        D634 10 0.1389 0.1119 0.1808 0.5685 
        D638 10 0.8556 0.0408 0.0427 0.0609 
        D681 10 0.1467 0.1009 0.2676 0.4848 
        D754 10 0.1124 0.0347 0.4568 0.3961 
        D755 10 0.4705 0.0260 0.0564 0.4471 
        D756 10 0.1215 0.0584 0.1702 0.6498 
        D757 10 0.3769 0.2202 0.2820 0.1209 
        D758 10 0.1895 0.2814 0.2795 0.2496 
        D759 10 0.4343 0.0819 0.0882 0.3956 
        D760 10 0.3590 0.1593 0.1446 0.3371 
        D761 10 0.8684 0.0279 0.0357 0.0681 
        D762 10 0.0798 0.7166 0.1091 0.0945 
        D775 10 0.1758 0.0380 0.0817 0.7045 
        D776 10 0.8174 0.0377 0.0551 0.0898 
        D777 10 0.2433 0.0491 0.2017 0.5059 
        D778 10 0.7327 0.0397 0.1813 0.0463 
        D779 10 0.1252 0.0647 0.2469 0.5631 
        D780 10 0.5034 0.1790 0.0872 0.2304 
        D781 10 0.1773 0.5749 0.1206 0.1271 
        D858 10 0.0661 0.0399 0.8650 0.0290 
        D933 10 0.3333 0.3539 0.1198 0.1930 
        D038 11 0.4765 0.1857 0.2089 0.1290 
        D063 11 0.4119 0.0831 0.1068 0.3982 
        D155 11 0.3149 0.1588 0.1152 0.4111 
        D175 11 0.0835 0.0495 0.3435 0.5234 
        D176 11 0.6776 0.0403 0.0740 0.2080 
        D205 11 0.0377 0.0494 0.1927 0.7202 
     D237229 11 0.3666 0.3238 0.2648 0.0448 
     D237230 11 0.1622 0.5991 0.1921 0.0466 
     D237231 11 0.0789 0.8052 0.0492 0.0666 
     D237269 11 0.3830 0.3145 0.1651 0.1373 
     D237270 11 0.0937 0.1757 0.6780 0.0526 
     D237271 11 0.0990 0.2024 0.1418 0.5568 
     D237272 11 0.1539 0.5208 0.2689 0.0564 
     D237273 11 0.2318 0.0823 0.0625 0.6235 
     D237301 11 0.0705 0.7068 0.0558 0.1669 
     D237302 11 0.2311 0.1721 0.4872 0.1096 
     D237303 11 0.1710 0.1862 0.6008 0.0420 
     D237304 11 0.1724 0.3747 0.2490 0.2039 
     D237305 11 0.1256 0.0745 0.6752 0.1247 
     D237314 11 0.1585 0.1475 0.1941 0.4999 
     D237315 11 0.1146 0.1639 0.6459 0.0757 
     D237316 11 0.0408 0.8254 0.0438 0.0900 
     D237328 11 0.0409 0.3653 0.3109 0.2829 
     D237329 11 0.3976 0.1384 0.3144 0.1496 
     D237330 11 0.1796 0.0580 0.0544 0.7080 
     D237331 11 0.2001 0.2137 0.1370 0.4492 
     D237332 11 0.1148 0.4209 0.1562 0.3081 
     D237333 11 0.4783 0.0544 0.0444 0.4228 
     D237334 11 0.0615 0.7860 0.0533 0.0993 
     D237335 11 0.0850 0.3289 0.2025 0.3836 
     D237336 11 0.5638 0.1077 0.1709 0.1577 
     D237350 11 0.1386 0.1236 0.0636 0.6741 
     D237383 11 0.3286 0.0610 0.3910 0.2193 
     D237384 11 0.0891 0.6298 0.2116 0.0694 
     D237385 11 0.2240 0.3077 0.2572 0.2112 
     D237386 11 0.1153 0.5693 0.1094 0.2060 
     D237387 11 0.0569 0.6466 0.1839 0.1127 
     D237388 11 0.0616 0.0990 0.0519 0.7875 
        D239 11 0.2558 0.2108 0.0925 0.4408 
        D240 11 0.8041 0.0449 0.0895 0.0616 
        D241 11 0.2019 0.1960 0.5283 0.0738 
        D242 11 0.2222 0.5336 0.1282 0.1159 
        D243 11 0.1981 0.1245 0.1538 0.5236 
        D244 11 0.0540 0.0758 0.1338 0.7364 
