        D174  1 0.1265 0.0459 0.0890 0.0222 0.0384 0.5056 0.1023 0.0701 
        D199  1 0.0398 0.1558 0.2726 0.0494 0.1396 0.1902 0.0660 0.0865 
        D203  1 0.1632 0.2084 0.2558 0.0528 0.0617 0.0784 0.0939 0.0857 
        D204  1 0.0298 0.0333 0.7816 0.0680 0.0182 0.0256 0.0251 0.0184 
     D237366  1 0.0227 0.0557 0.0689 0.1048 0.0542 0.0631 0.0845 0.5462 
     D237367  1 0.0671 0.0821 0.3695 0.0538 0.0311 0.0423 0.1144 0.2398 
     D237368  1 0.0594 0.1013 0.1396 0.0338 0.0301 0.0970 0.0621 0.4767 
     D244101  1 0.0373 0.0979 0.1942 0.4949 0.0742 0.0276 0.0528 0.0211 
     D244102  1 0.2097 0.0511 0.0835 0.1552 0.1020 0.1398 0.1355 0.1231 
     D244103  1 0.0507 0.0400 0.1956 0.0553 0.0383 0.0585 0.3971 0.1645 
     D244104  1 0.0424 0.0418 0.6503 0.0302 0.0933 0.0671 0.0286 0.0462 
     D244105  1 0.2042 0.0377 0.1023 0.0261 0.0447 0.0225 0.1662 0.3963 
     D244106  1 0.0515 0.1329 0.0757 0.0256 0.0841 0.4932 0.1075 0.0294 
     D244107  1 0.1971 0.1692 0.0803 0.0821 0.0253 0.0187 0.0965 0.3307 
     D244108  1 0.4440 0.0428 0.0706 0.0447 0.0408 0.2809 0.0400 0.0363 
     D244113  1 0.0353 0.0389 0.0201 0.0973 0.0360 0.6602 0.0856 0.0267 
     D244114  1 0.0841 0.0825 0.1167 0.0854 0.1138 0.1589 0.2847 0.0740 
     D244115  1 0.3311 0.0331 0.1471 0.0363 0.0539 0.2304 0.0993 0.0689 
     D267365  1 0.0477 0.0330 0.3923 0.0394 0.1847 0.1614 0.0628 0.0789 
        D404  1 0.0580 0.0404 0.0317 0.1298 0.0221 0.6009 0.0929 0.0242 
        D405  1 0.1278 0.1130 0.1162 0.0930 0.0381 0.2961 0.1547 0.0610 
        D406  1 0.1009 0.0175 0.0776 0.0466 0.0285 0.0362 0.0239 0.6688 
        D407  1 0.0236 0.1152 0.5801 0.0193 0.0247 0.0311 0.0566 0.1493 
        D408  1 0.1211 0.0226 0.0628 0.0382 0.2723 0.3669 0.0898 0.0262 
        D409  1 0.0516 0.0390 0.1007 0.0287 0.0423 0.0431 0.6421 0.0524 
        D410  1 0.8235 0.0115 0.0493 0.0274 0.0162 0.0237 0.0229 0.0254 
        D421  1 0.0114 0.0291 0.8894 0.0100 0.0141 0.0162 0.0150 0.0148 
        D422  1 0.0228 0.0337 0.0790 0.0154 0.0325 0.0153 0.0415 0.7598 
        D423  1 0.7135 0.0584 0.0832 0.0184 0.0151 0.0196 0.0323 0.0594 
        D424  1 0.0295 0.0243 0.7044 0.0198 0.0207 0.0492 0.0746 0.0776 
        D425  1 0.0984 0.0274 0.5399 0.0317 0.0593 0.1146 0.0932 0.0354 
        D426  1 0.0204 0.0485 0.0913 0.0209 0.1453 0.0203 0.5831 0.0702 
        D427  1 0.0394 0.4472 0.2604 0.0136 0.0577 0.1078 0.0288 0.0451 
        D428  1 0.1008 0.0470 0.3515 0.0914 0.0440 0.1828 0.0795 0.1030 
        D429  1 0.0708 0.0478 0.2919 0.0386 0.0577 0.3390 0.0839 0.0702 
        D430  1 0.0656 0.0920 0.0846 0.0396 0.1362 0.2132 0.3141 0.0546 
        D491  1 0.0828 0.0151 0.0714 0.0376 0.1752 0.5363 0.0537 0.0281 
        D492  1 0.0905 0.0739 0.2821 0.0649 0.0324 0.2271 0.0932 0.1359 
        D537  1 0.0521 0.0295 0.6925 0.0730 0.0138 0.0504 0.0359 0.0528 
        D538  1 0.2154 0.0951 0.0633 0.0541 0.0460 0.1634 0.2227 0.1401 
        D539  1 0.1075 0.0613 0.0515 0.1092 0.2696 0.1890 0.1260 0.0859 
        D540  1 0.0783 0.0434 0.2605 0.0307 0.1149 0.0742 0.3045 0.0935 
        D541  1 0.0246 0.0330 0.8423 0.0164 0.0193 0.0163 0.0241 0.0239 
        D551  1 0.0260 0.3666 0.0937 0.0322 0.1668 0.0444 0.1865 0.0839 
        D552  1 0.2054 0.0398 0.1467 0.0878 0.1532 0.1253 0.0586 0.1831 
        D553  1 0.0145 0.0129 0.8641 0.0178 0.0303 0.0171 0.0242 0.0191 
        D615  1 0.1684 0.1008 0.3516 0.0245 0.0998 0.0806 0.1090 0.0653 
        D616  1 0.2105 0.1460 0.2651 0.0210 0.0514 0.0617 0.1360 0.1082 
        D621  1 0.1703 0.0293 0.0209 0.3563 0.0433 0.0674 0.0448 0.2676 
        D622  1 0.1648 0.0278 0.0647 0.0659 0.0443 0.0456 0.0901 0.4969 
        D623  1 0.1028 0.1251 0.0287 0.2673 0.0506 0.3492 0.0526 0.0237 
        D624  1 0.0742 0.0181 0.0831 0.0142 0.0704 0.6495 0.0332 0.0572 
        D625  1 0.0773 0.0218 0.6344 0.0514 0.0320 0.0688 0.0586 0.0556 
        D626  1 0.2128 0.0514 0.0918 0.0379 0.1091 0.2711 0.0715 0.1544 
        D627  1 0.0209 0.0359 0.0958 0.0276 0.1893 0.0246 0.5443 0.0617 
        D690  1 0.0853 0.0132 0.7307 0.0261 0.0181 0.0428 0.0286 0.0552 
        D691  1 0.0697 0.0220 0.1108 0.0311 0.0369 0.0362 0.0300 0.6633 
        D710  1 0.1295 0.0667 0.2391 0.1245 0.0702 0.1277 0.1120 0.1305 
        D711  1 0.0487 0.0270 0.7051 0.0466 0.0192 0.0536 0.0385 0.0613 
        D712  1 0.0624 0.0435 0.0396 0.0606 0.2361 0.4257 0.0585 0.0736 
        D713  1 0.0713 0.0289 0.1882 0.2284 0.0296 0.2806 0.1028 0.0702 
        D746  1 0.0521 0.0378 0.0741 0.0218 0.0256 0.0222 0.0226 0.7438 
        D747  1 0.0238 0.0252 0.8486 0.0321 0.0199 0.0165 0.0165 0.0174 
        D748  1 0.1499 0.0228 0.3714 0.0670 0.0324 0.0426 0.1017 0.2123 
        D749  1 0.1832 0.0634 0.0293 0.1277 0.0217 0.1473 0.1124 0.3150 
        D750  1 0.1881 0.0263 0.1410 0.0359 0.0497 0.4864 0.0333 0.0393 
        D763  1 0.0389 0.1209 0.1042 0.2639 0.2478 0.0311 0.0945 0.0986 
        D764  1 0.1561 0.0176 0.4721 0.0179 0.0550 0.1442 0.0609 0.0761 
        D765  1 0.6528 0.0180 0.0363 0.0161 0.0512 0.0891 0.0585 0.0780 
        D766  1 0.4319 0.0334 0.1364 0.1580 0.0251 0.0458 0.0481 0.1213 
        D767  1 0.1065 0.1229 0.1035 0.2661 0.0274 0.0912 0.1171 0.1654 
        D768  1 0.0234 0.0196 0.8487 0.0170 0.0190 0.0141 0.0270 0.0312 
        D811  1 0.3190 0.0303 0.0328 0.0294 0.0370 0.2668 0.2614 0.0232 
        D816  1 0.0224 0.0166 0.8294 0.0215 0.0170 0.0440 0.0257 0.0232 
        D825  1 0.4623 0.0198 0.0897 0.0287 0.0366 0.2017 0.1203 0.0409 
        D866  1 0.1004 0.1251 0.0511 0.0196 0.4317 0.1590 0.0848 0.0282 
        D867  1 0.0385 0.0485 0.0260 0.0986 0.0182 0.0311 0.0412 0.6978 
        D871  1 0.0244 0.0225 0.0743 0.0371 0.0462 0.0461 0.7152 0.0342 
        D872  1 0.2737 0.0669 0.3097 0.0458 0.0232 0.0852 0.1047 0.0907 
        D873  1 0.8131 0.0287 0.0108 0.0274 0.0096 0.0471 0.0270 0.0364 
        D874  1 0.0264 0.0245 0.0886 0.6679 0.0455 0.0813 0.0499 0.0159 
        D875  1 0.0524 0.0140 0.0657 0.0264 0.0210 0.0244 0.7427 0.0535 
        D876  1 0.0644 0.0217 0.4560 0.1189 0.0831 0.0850 0.0608 0.1102 
        D877  1 0.0434 0.0343 0.0469 0.1394 0.0223 0.5109 0.1879 0.0149 
        D892  1 0.0575 0.0186 0.4504 0.0478 0.0232 0.1626 0.0764 0.1633 
        D893  1 0.0623 0.0428 0.5773 0.0681 0.0667 0.0258 0.0751 0.0818 
        D894  1 0.0506 0.0407 0.5247 0.0368 0.0524 0.0751 0.1480 0.0718 
        D915  1 0.1563 0.0290 0.5590 0.0229 0.0426 0.0506 0.0528 0.0868 
        D916  1 0.0308 0.0186 0.8401 0.0173 0.0157 0.0170 0.0167 0.0439 
        D917  1 0.0499 0.0824 0.1491 0.1361 0.0999 0.3102 0.1095 0.0631 
        D925  1 0.5482 0.0209 0.1820 0.0207 0.0424 0.0949 0.0259 0.0651 
        D926  1 0.1021 0.0251 0.4774 0.0797 0.0449 0.0894 0.1035 0.0780 
        D927  1 0.0345 0.2430 0.3253 0.0510 0.0962 0.0659 0.0873 0.0968 
        D928  1 0.0954 0.0198 0.0817 0.0228 0.0455 0.6931 0.0254 0.0163 
        D929  1 0.0499 0.0213 0.0381 0.5675 0.0388 0.1156 0.0761 0.0927 
        D936  1 0.0644 0.0539 0.4705 0.2087 0.0749 0.0320 0.0630 0.0326 
        D938  1 0.1082 0.0197 0.0351 0.0567 0.0317 0.0281 0.0321 0.6884 
        D956  1 0.0865 0.0542 0.0313 0.0323 0.0641 0.6097 0.0925 0.0293 
        D957  1 0.5595 0.0283 0.1358 0.0704 0.0253 0.0608 0.0491 0.0708 
        D958  1 0.3242 0.0287 0.2330 0.0790 0.0403 0.1442 0.0662 0.0843 
        D959  1 0.0217 0.0973 0.6247 0.0153 0.0138 0.0287 0.0672 0.1313 
        D960  1 0.1292 0.0209 0.0234 0.0450 0.0202 0.1381 0.0345 0.5886 
        D989  1 0.0337 0.0912 0.0713 0.0338 0.2066 0.4702 0.0480 0.0450 
        D990  1 0.6526 0.0376 0.0203 0.0200 0.1196 0.0386 0.0425 0.0689 
        D023  2 0.0189 0.0213 0.0714 0.0163 0.0127 0.0177 0.0256 0.8161 
        D130  2 0.0300 0.0556 0.1074 0.0211 0.0156 0.0298 0.0597 0.6807 
        D131  2 0.1016 0.0451 0.2811 0.0523 0.1497 0.0387 0.2986 0.0328 
        D163  2 0.0493 0.0200 0.1559 0.0366 0.0429 0.0419 0.0358 0.6176 
        D164  2 0.3442 0.5440 0.0151 0.0212 0.0136 0.0147 0.0197 0.0275 
        D165  2 0.0245 0.0276 0.0468 0.0215 0.0221 0.0170 0.0273 0.8131 
        D166  2 0.0729 0.0449 0.0542 0.1022 0.0300 0.0806 0.5319 0.0833 
        D167  2 0.0183 0.8496 0.0171 0.0145 0.0182 0.0472 0.0221 0.0129 
        D192  2 0.0162 0.8799 0.0088 0.0178 0.0230 0.0221 0.0159 0.0162 
        D193  2 0.0970 0.0358 0.0257 0.1071 0.0524 0.5404 0.1001 0.0414 
        D206  2 0.0435 0.4127 0.1710 0.0482 0.0344 0.0409 0.1512 0.0981 
        D207  2 0.0284 0.6494 0.0375 0.0228 0.0500 0.0355 0.1452 0.0312 
        D208  2 0.0938 0.0854 0.0628 0.0604 0.3672 0.1863 0.0762 0.0679 
        D209  2 0.0652 0.5290 0.0419 0.1545 0.0305 0.0301 0.0839 0.0650 
        D210  2 0.0334 0.1315 0.0776 0.0448 0.3281 0.3141 0.0357 0.0349 
     D229599  2 0.1156 0.0532 0.1813 0.1864 0.1380 0.0653 0.1184 0.1418 
     D229600  2 0.0503 0.3758 0.0347 0.0277 0.0264 0.0281 0.0610 0.3960 
     D237227  2 0.2647 0.0413 0.0494 0.0307 0.1893 0.2950 0.0618 0.0677 
     D237228  2 0.6706 0.0511 0.0172 0.0199 0.0480 0.1184 0.0540 0.0209 
     D237258  2 0.1396 0.2317 0.0746 0.0838 0.1162 0.1044 0.1249 0.1248 
     D237310  2 0.5842 0.0632 0.0123 0.0291 0.0278 0.0670 0.1836 0.0328 
     D237311  2 0.6924 0.1350 0.0146 0.0229 0.0201 0.0305 0.0470 0.0375 
     D237312  2 0.3632 0.0318 0.0290 0.1167 0.0228 0.1421 0.1665 0.1278 
     D237313  2 0.2398 0.0326 0.2160 0.1151 0.1224 0.0750 0.1489 0.0502 
     D237322  2 0.1884 0.0442 0.0288 0.1125 0.3524 0.0931 0.1283 0.0522 
     D237323  2 0.6168 0.0281 0.0194 0.0396 0.0685 0.1133 0.0522 0.0622 
     D237324  2 0.0639 0.2870 0.0812 0.0565 0.0874 0.0293 0.1083 0.2863 
     D237325  2 0.4619 0.0703 0.0360 0.0889 0.0357 0.0924 0.0916 0.1232 
     D237326  2 0.6951 0.0378 0.0677 0.0383 0.0330 0.0475 0.0408 0.0397 
     D237327  2 0.0401 0.1569 0.0822 0.1510 0.3340 0.0399 0.0920 0.1040 
     D237337  2 0.8411 0.0156 0.0226 0.0201 0.0194 0.0247 0.0321 0.0245 
     D237338  2 0.2823 0.0816 0.0590 0.1141 0.1175 0.0918 0.0873 0.1664 
     D237339  2 0.0385 0.1580 0.0404 0.6197 0.0336 0.0274 0.0597 0.0227 
     D237340  2 0.4259 0.1583 0.0243 0.0648 0.0502 0.1543 0.0553 0.0670 
     D237389  2 0.6237 0.1003 0.0235 0.0285 0.0202 0.0747 0.0908 0.0384 
     D237390  2 0.5164 0.0274 0.0531 0.0743 0.0531 0.0951 0.1049 0.0757 
     D244017  2 0.0642 0.3493 0.0254 0.0244 0.0544 0.3163 0.1116 0.0544 
     D244112  2 0.0215 0.8470 0.0146 0.0146 0.0133 0.0239 0.0265 0.0385 
     D244118  2 0.0394 0.6143 0.0127 0.0381 0.0188 0.0290 0.0192 0.2285 
     D244119  2 0.0580 0.3042 0.0229 0.0115 0.0968 0.4654 0.0215 0.0197 
     D244120  2 0.0582 0.4662 0.0157 0.1091 0.0478 0.1520 0.1084 0.0426 
     D244122  2 0.0334 0.7194 0.0293 0.0275 0.0253 0.0629 0.0459 0.0563 
        D291  2 0.0306 0.0712 0.0616 0.0300 0.5154 0.0328 0.1348 0.1238 
        D292  2 0.1289 0.3194 0.2229 0.0538 0.1495 0.0521 0.0416 0.0318 
        D293  2 0.0183 0.6578 0.1371 0.0789 0.0333 0.0188 0.0397 0.0160 
        D322  2 0.0673 0.5561 0.1114 0.1019 0.0555 0.0200 0.0510 0.0369 
        D323  2 0.1136 0.1943 0.0812 0.1572 0.0815 0.0987 0.2222 0.0514 
        D324  2 0.0954 0.0442 0.1680 0.0294 0.4447 0.0377 0.0901 0.0904 
        D325  2 0.0198 0.8232 0.0341 0.0246 0.0345 0.0126 0.0325 0.0188 
        D326  2 0.0144 0.0174 0.8598 0.0141 0.0315 0.0249 0.0249 0.0130 
        D340  2 0.0191 0.8684 0.0178 0.0207 0.0234 0.0168 0.0205 0.0133 
        D341  2 0.0539 0.6401 0.0457 0.0498 0.0888 0.0325 0.0491 0.0401 
        D342  2 0.0567 0.6831 0.0204 0.0190 0.0444 0.0328 0.0579 0.0858 
        D343  2 0.0106 0.9180 0.0167 0.0133 0.0128 0.0085 0.0096 0.0104 
        D344  2 0.0663 0.0534 0.1248 0.4999 0.0183 0.0668 0.1445 0.0260 
        D345  2 0.2737 0.0397 0.1504 0.2136 0.1267 0.0342 0.0697 0.0920 
        D346  2 0.0764 0.0975 0.0648 0.0515 0.2368 0.3594 0.0763 0.0373 
        D351  2 0.1368 0.0572 0.2835 0.0813 0.1675 0.0246 0.1792 0.0700 
        D352  2 0.0545 0.0302 0.0244 0.7146 0.0286 0.0441 0.0809 0.0229 
        D353  2 0.0314 0.0390 0.3145 0.2446 0.0392 0.0206 0.2874 0.0233 
        D354  2 0.0511 0.0172 0.0511 0.7374 0.0303 0.0403 0.0538 0.0189 
        D362  2 0.0476 0.0373 0.7059 0.0208 0.0292 0.0282 0.0386 0.0923 
        D363  2 0.0524 0.0264 0.7166 0.0249 0.0434 0.0550 0.0380 0.0433 
        D364  2 0.1320 0.0275 0.2487 0.4052 0.0233 0.0636 0.0688 0.0310 
        D365  2 0.0141 0.8794 0.0241 0.0235 0.0175 0.0150 0.0149 0.0114 
        D369  2 0.2436 0.1487 0.2160 0.0202 0.1355 0.1130 0.0770 0.0460 
        D374  2 0.0335 0.0181 0.0166 0.0227 0.0232 0.8476 0.0251 0.0134 
        D375  2 0.0188 0.0160 0.0157 0.8453 0.0152 0.0239 0.0459 0.0191 
        D376  2 0.0564 0.0295 0.0138 0.0569 0.0226 0.7717 0.0297 0.0192 
        D377  2 0.2945 0.0915 0.0456 0.0828 0.1032 0.1080 0.2039 0.0706 
        D378  2 0.0320 0.2768 0.1413 0.2258 0.1209 0.0272 0.0664 0.1097 
        D379  2 0.0261 0.0212 0.7886 0.0421 0.0280 0.0365 0.0329 0.0246 
        D384  2 0.0158 0.0162 0.8649 0.0130 0.0271 0.0307 0.0183 0.0140 
        D385  2 0.0250 0.7248 0.0198 0.1203 0.0220 0.0439 0.0285 0.0156 
        D386  2 0.0381 0.0743 0.1093 0.5702 0.0339 0.0299 0.0778 0.0666 
        D391  2 0.0256 0.7506 0.0295 0.1107 0.0207 0.0173 0.0260 0.0197 
        D392  2 0.1321 0.5644 0.0637 0.0264 0.0485 0.0446 0.0678 0.0526 
        D393  2 0.0568 0.0788 0.2392 0.2086 0.2947 0.0183 0.0468 0.0568 
        D394  2 0.2014 0.0953 0.0856 0.1594 0.0424 0.0647 0.1063 0.2449 
        D395  2 0.0269 0.2993 0.0204 0.4712 0.0289 0.0287 0.0978 0.0269 
        D401  2 0.8566 0.0248 0.0169 0.0116 0.0167 0.0365 0.0244 0.0127 
        D402  2 0.0342 0.7556 0.0183 0.0622 0.0619 0.0185 0.0287 0.0205 
        D403  2 0.0491 0.0529 0.2971 0.2195 0.0389 0.0495 0.1619 0.1312 
        D415  2 0.0904 0.0321 0.6103 0.0289 0.0179 0.0209 0.1565 0.0430 
        D435  2 0.0463 0.2221 0.5357 0.0593 0.0533 0.0168 0.0277 0.0389 
        D436  2 0.0523 0.0414 0.1771 0.4895 0.0243 0.1008 0.0713 0.0433 
        D438  2 0.0128 0.8772 0.0141 0.0142 0.0201 0.0255 0.0199 0.0162 
        D439  2 0.0607 0.0566 0.0660 0.5972 0.0426 0.0169 0.0916 0.0684 
        D449  2 0.0242 0.7104 0.0937 0.0232 0.0184 0.0264 0.0679 0.0358 
        D450  2 0.0463 0.0208 0.1060 0.2411 0.0820 0.1574 0.2794 0.0670 
        D456  2 0.0153 0.0131 0.8497 0.0175 0.0328 0.0183 0.0336 0.0197 
        D462  2 0.0186 0.7857 0.0280 0.0887 0.0200 0.0131 0.0217 0.0241 
        D463  2 0.0198 0.0120 0.8636 0.0246 0.0174 0.0283 0.0207 0.0135 
        D464  2 0.0360 0.0843 0.0657 0.4430 0.0238 0.0725 0.2542 0.0204 
        D465  2 0.0791 0.5459 0.2019 0.0247 0.0260 0.0239 0.0673 0.0311 
        D473  2 0.1871 0.0504 0.0296 0.1306 0.0918 0.3760 0.0722 0.0622 
        D474  2 0.0680 0.0637 0.4507 0.0355 0.1999 0.0460 0.0414 0.0949 
        D476  2 0.0225 0.0376 0.0228 0.5056 0.0264 0.0157 0.0300 0.3394 
        D477  2 0.1522 0.0236 0.2719 0.2551 0.1462 0.0436 0.0814 0.0261 
        D478  2 0.0610 0.0745 0.0537 0.0880 0.0693 0.1536 0.2245 0.2755 
        D480  2 0.0457 0.0926 0.2176 0.2442 0.2355 0.0770 0.0568 0.0306 
        D481  2 0.0946 0.0914 0.2093 0.1904 0.0735 0.0791 0.0924 0.1693 
        D482  2 0.1085 0.0376 0.0253 0.3937 0.2224 0.0802 0.0778 0.0544 
        D483  2 0.0310 0.8021 0.0166 0.0187 0.0343 0.0536 0.0217 0.0219 
        D484  2 0.0236 0.0210 0.0123 0.8528 0.0205 0.0295 0.0253 0.0151 
        D510  2 0.0340 0.0255 0.0264 0.0351 0.1584 0.6663 0.0350 0.0191 
        D511  2 0.0355 0.0789 0.0931 0.6506 0.0461 0.0221 0.0391 0.0345 
        D512  2 0.5435 0.1597 0.0246 0.0355 0.0256 0.0334 0.1369 0.0408 
        D513  2 0.0501 0.5498 0.1098 0.0271 0.1058 0.0535 0.0694 0.0344 
        D635  2 0.0432 0.0378 0.2624 0.0192 0.0346 0.0266 0.0698 0.5064 
        D636  2 0.0352 0.0189 0.0342 0.0184 0.0183 0.0197 0.0227 0.8325 
        D637  2 0.1271 0.1819 0.0393 0.2878 0.1008 0.0948 0.1275 0.0409 
        D658  2 0.0894 0.4227 0.0238 0.2404 0.0291 0.1208 0.0420 0.0318 
        D659  2 0.0221 0.0301 0.7055 0.0482 0.0596 0.0350 0.0363 0.0632 
        D677  2 0.1021 0.0775 0.4147 0.0579 0.0664 0.0268 0.0981 0.1565 
        D678  2 0.0308 0.7051 0.0253 0.0278 0.0164 0.0394 0.1194 0.0358 
        D679  2 0.0356 0.0468 0.5063 0.0533 0.1550 0.0480 0.1103 0.0447 
        D719  2 0.0950 0.1802 0.1410 0.0474 0.2519 0.2324 0.0364 0.0156 
        D720  2 0.0461 0.0325 0.7173 0.0220 0.0436 0.0782 0.0324 0.0279 
        D721  2 0.0266 0.0583 0.0559 0.0519 0.0410 0.0314 0.0312 0.7037 
        D722  2 0.0841 0.0545 0.0298 0.0377 0.0460 0.6658 0.0596 0.0226 
        D734  2 0.0152 0.0578 0.0195 0.6736 0.0771 0.0961 0.0449 0.0159 
        D735  2 0.1304 0.0568 0.2170 0.0799 0.2449 0.0668 0.1472 0.0570 
        D736  2 0.0668 0.0588 0.0739 0.0505 0.4516 0.2088 0.0508 0.0387 
        D737  2 0.0789 0.5049 0.0194 0.1767 0.0710 0.0570 0.0345 0.0576 
        D807  2 0.1805 0.0749 0.1767 0.1047 0.1624 0.1746 0.0621 0.0640 
        D808  2 0.3328 0.1164 0.0860 0.0617 0.0765 0.0439 0.1950 0.0876 
        D817  2 0.1116 0.0295 0.4112 0.1085 0.0928 0.0611 0.1399 0.0455 
        D818  2 0.0291 0.2565 0.1045 0.0465 0.1322 0.0319 0.2348 0.1644 
        D819  2 0.3673 0.0450 0.1610 0.0341 0.0604 0.0534 0.2160 0.0628 
        D820  2 0.0188 0.0471 0.7514 0.0833 0.0304 0.0173 0.0326 0.0191 
        D895  2 0.0705 0.0502 0.5102 0.0698 0.0558 0.0435 0.0888 0.1112 
        D896  2 0.8890 0.0137 0.0163 0.0163 0.0113 0.0215 0.0175 0.0145 
        D897  2 0.0656 0.6686 0.0309 0.0444 0.0556 0.0418 0.0533 0.0398 
        D898  2 0.3042 0.0435 0.0477 0.0593 0.1321 0.0670 0.3038 0.0424 
        D918  2 0.1958 0.0793 0.0605 0.1151 0.1197 0.0616 0.1905 0.1775 
        D919  2 0.0332 0.1040 0.1621 0.4403 0.0522 0.0323 0.1175 0.0584 
        D920  2 0.0600 0.0319 0.0291 0.0477 0.0272 0.0813 0.0408 0.6822 
        D923  2 0.0188 0.0327 0.6834 0.1159 0.0308 0.0338 0.0597 0.0248 
        D930  2 0.0962 0.0453 0.2306 0.1741 0.0831 0.1110 0.2234 0.0363 
        D931  2 0.0652 0.2051 0.2292 0.2752 0.0631 0.0538 0.0627 0.0458 
        D968  2 0.0251 0.8139 0.0275 0.0255 0.0509 0.0172 0.0264 0.0135 
        D969  2 0.0788 0.2562 0.1966 0.0548 0.2072 0.0595 0.1060 0.0409 
        D977  2 0.0210 0.7724 0.0293 0.0395 0.0325 0.0230 0.0530 0.0294 
        D978  2 0.0191 0.1204 0.0271 0.0274 0.4232 0.0441 0.3117 0.0271 
        D211  3 0.0195 0.0208 0.0554 0.0383 0.0582 0.0218 0.1204 0.6656 
     D229639  3 0.0638 0.1107 0.0781 0.0352 0.5128 0.1112 0.0548 0.0333 
     D237212  3 0.0892 0.0803 0.0905 0.2441 0.2355 0.0265 0.1293 0.1045 
     D237213  3 0.2922 0.0432 0.0609 0.1210 0.0910 0.0328 0.1960 0.1628 
     D237214  3 0.0181 0.0157 0.0306 0.0165 0.0122 0.0336 0.0706 0.8028 
     D237215  3 0.0511 0.5735 0.0227 0.0266 0.1045 0.1306 0.0687 0.0223 
     D237216  3 0.0607 0.0473 0.0730 0.0696 0.1005 0.0381 0.3948 0.2159 
     D237217  3 0.1032 0.0522 0.1570 0.0329 0.0657 0.0177 0.1240 0.4473 
     D237218  3 0.0296 0.0463 0.0569 0.2355 0.4660 0.0328 0.0862 0.0468 
     D237219  3 0.3434 0.0263 0.0551 0.0215 0.2635 0.0665 0.0978 0.1258 
     D237382  3 0.1954 0.0520 0.1335 0.0529 0.0444 0.2158 0.2428 0.0632 
     D244127  3 0.6328 0.0743 0.0239 0.0495 0.0593 0.0289 0.0753 0.0561 
     D244129  3 0.2442 0.0785 0.1190 0.0893 0.1151 0.0511 0.1660 0.1368 
     D244133  3 0.0755 0.2348 0.1106 0.0146 0.1035 0.1535 0.2138 0.0936 
     D244134  3 0.0536 0.0320 0.0284 0.0159 0.7393 0.0723 0.0286 0.0300 
     D244135  3 0.0261 0.0674 0.0423 0.0253 0.0216 0.0192 0.0716 0.7265 
     D244136  3 0.0650 0.1207 0.2283 0.0278 0.1542 0.1916 0.1387 0.0737 
        D416  3 0.1102 0.2598 0.1506 0.0514 0.1112 0.0324 0.1746 0.1097 
        D417  3 0.0576 0.0219 0.7270 0.0312 0.0289 0.0456 0.0429 0.0449 
        D419  3 0.2641 0.1037 0.1327 0.0501 0.2171 0.0584 0.0668 0.1071 
        D565  3 0.0318 0.0157 0.0609 0.0177 0.2570 0.5750 0.0223 0.0194 
        D566  3 0.0844 0.0788 0.0774 0.0238 0.3812 0.2721 0.0528 0.0294 
        D567  3 0.1134 0.0512 0.5192 0.0825 0.0247 0.0348 0.0383 0.1360 
        D568  3 0.1036 0.1270 0.2146 0.2342 0.0458 0.0217 0.0660 0.1872 
        D569  3 0.0413 0.1064 0.0238 0.5101 0.0540 0.0696 0.0855 0.1093 
        D573  3 0.0507 0.3732 0.1803 0.0368 0.2322 0.0288 0.0684 0.0296 
        D574  3 0.0836 0.0555 0.0431 0.0359 0.2666 0.2684 0.1861 0.0608 
        D575  3 0.1411 0.0604 0.0938 0.0591 0.3215 0.0958 0.0685 0.1599 
        D576  3 0.0191 0.6568 0.0091 0.0252 0.0867 0.0636 0.0995 0.0400 
        D577  3 0.0275 0.0348 0.4808 0.0583 0.0673 0.0552 0.1192 0.1569 
        D578  3 0.0242 0.0261 0.0179 0.0146 0.0174 0.0200 0.0533 0.8265 
        D579  3 0.0667 0.0784 0.1556 0.1216 0.3247 0.1294 0.0669 0.0567 
        D660  3 0.0736 0.5806 0.0188 0.0556 0.0315 0.0248 0.1440 0.0711 
        D661  3 0.0288 0.3480 0.0346 0.1083 0.2754 0.0216 0.0778 0.1054 
        D663  3 0.0218 0.1323 0.1003 0.0673 0.4203 0.0440 0.1749 0.0390 
        D664  3 0.1520 0.2036 0.0266 0.0389 0.0708 0.1164 0.2036 0.1880 
        D665  3 0.1108 0.0472 0.0175 0.0978 0.0337 0.0457 0.4847 0.1628 
        D666  3 0.4207 0.0310 0.0816 0.0366 0.1746 0.0652 0.0960 0.0942 
        D009  4 0.1520 0.0262 0.1032 0.2062 0.0458 0.0651 0.1650 0.2364 
        D057  4 0.0163 0.0736 0.0464 0.5117 0.0555 0.0308 0.0200 0.2457 
        D109  4 0.5498 0.0219 0.0404 0.0403 0.0242 0.0626 0.1709 0.0899 
     D237222  4 0.0366 0.0302 0.0340 0.0426 0.0316 0.1868 0.0506 0.5877 
     D237223  4 0.2005 0.0923 0.0632 0.0881 0.0603 0.1664 0.1310 0.1981 
     D237224  4 0.0555 0.1568 0.1331 0.2841 0.1949 0.0356 0.0780 0.0621 
     D237225  4 0.0694 0.0495 0.2210 0.1145 0.1127 0.0550 0.2062 0.1717 
     D237299  4 0.0564 0.0346 0.0183 0.0245 0.0991 0.0352 0.6711 0.0608 
     D237300  4 0.0316 0.0537 0.0202 0.0343 0.7535 0.0333 0.0477 0.0256 
     D237306  4 0.1365 0.0271 0.0833 0.0426 0.0289 0.5771 0.0664 0.0381 
     D237307  4 0.0493 0.0628 0.3932 0.0235 0.1083 0.1940 0.0882 0.0809 
     D237308  4 0.1144 0.3976 0.0490 0.2414 0.0418 0.0714 0.0402 0.0443 
     D237309  4 0.1272 0.1043 0.2142 0.1141 0.0675 0.0540 0.1233 0.1955 
     D237317  4 0.0684 0.0277 0.2507 0.0453 0.0856 0.3790 0.0702 0.0730 
     D237318  4 0.0268 0.0968 0.0401 0.0209 0.7236 0.0330 0.0383 0.0206 
     D237319  4 0.1635 0.0742 0.1324 0.0426 0.0686 0.0839 0.2049 0.2299 
     D237320  4 0.1879 0.1230 0.1030 0.0377 0.1256 0.0381 0.1062 0.2784 
     D237321  4 0.0472 0.1100 0.0680 0.0279 0.5827 0.0535 0.0708 0.0400 
     D237397  4 0.1297 0.1226 0.0699 0.0386 0.1462 0.2824 0.0855 0.1251 
     D237398  4 0.0247 0.0451 0.0671 0.0387 0.6452 0.0187 0.1193 0.0412 
     D237399  4 0.0865 0.0357 0.1401 0.0445 0.4196 0.0971 0.0662 0.1101 
     D244001  4 0.0487 0.1839 0.0415 0.1070 0.0318 0.0822 0.0403 0.4647 
        D289  4 0.0510 0.1056 0.0925 0.2876 0.1291 0.1864 0.0576 0.0901 
        D290  4 0.0723 0.0440 0.0961 0.0605 0.1111 0.1698 0.3587 0.0874 
        D294  4 0.0291 0.0441 0.1148 0.3520 0.1077 0.0764 0.1888 0.0872 
        D295  4 0.2703 0.0319 0.3142 0.1006 0.0559 0.0649 0.0871 0.0751 
        D301  4 0.0836 0.0468 0.0240 0.0351 0.1040 0.0714 0.0496 0.5854 
        D302  4 0.0198 0.0159 0.0951 0.7580 0.0200 0.0221 0.0393 0.0299 
        D303  4 0.1777 0.0766 0.0415 0.1091 0.0823 0.4198 0.0636 0.0293 
        D304  4 0.0361 0.0303 0.0824 0.0411 0.3169 0.1524 0.2927 0.0480 
        D305  4 0.0416 0.1269 0.0259 0.5427 0.0450 0.0163 0.1580 0.0436 
        D306  4 0.0674 0.0256 0.0544 0.0279 0.0298 0.2070 0.5342 0.0536 
        D307  4 0.0446 0.0235 0.0160 0.0577 0.0666 0.0576 0.0248 0.7091 
        D327  4 0.0308 0.0586 0.6247 0.0403 0.0583 0.0808 0.0700 0.0365 
        D328  4 0.1044 0.0309 0.0286 0.4923 0.0326 0.1964 0.0816 0.0332 
        D329  4 0.0895 0.1368 0.0672 0.3809 0.0715 0.0558 0.0819 0.1164 
        D330  4 0.2515 0.0717 0.2808 0.0830 0.0159 0.0391 0.1316 0.1263 
        D331  4 0.1150 0.0494 0.1772 0.0552 0.2667 0.1165 0.1477 0.0724 
        D333  4 0.1082 0.0946 0.0731 0.2925 0.1144 0.1684 0.0564 0.0924 
        D334  4 0.0449 0.0260 0.0804 0.0753 0.1417 0.4385 0.0721 0.1212 
        D335  4 0.0417 0.0356 0.2467 0.5245 0.0251 0.0591 0.0445 0.0228 
        D370  4 0.3292 0.0557 0.0484 0.0856 0.0370 0.3374 0.0651 0.0416 
        D371  4 0.0519 0.0299 0.1026 0.0291 0.0805 0.6587 0.0333 0.0140 
        D372  4 0.0458 0.0646 0.0148 0.0210 0.6804 0.0450 0.1061 0.0224 
        D373  4 0.0245 0.0810 0.0404 0.0671 0.0739 0.0235 0.0408 0.6489 
        D455  4 0.0285 0.0292 0.0310 0.0889 0.0392 0.0275 0.0246 0.7311 
        D490  4 0.0166 0.0116 0.0210 0.0332 0.0150 0.0267 0.0248 0.8512 
        D497  4 0.0420 0.0189 0.0200 0.0673 0.0506 0.0271 0.0426 0.7315 
        D498  4 0.2134 0.0539 0.0698 0.0344 0.1684 0.1832 0.2203 0.0565 
        D499  4 0.1060 0.2282 0.0223 0.1283 0.2045 0.0996 0.1902 0.0210 
        D514  4 0.0867 0.0337 0.3206 0.1196 0.0443 0.0597 0.2752 0.0602 
        D515  4 0.1288 0.0774 0.0919 0.0800 0.0296 0.0748 0.2531 0.2643 
        D516  4 0.2829 0.0988 0.2161 0.0277 0.0867 0.0968 0.0832 0.1079 
        D517  4 0.0731 0.0697 0.0748 0.0353 0.0531 0.0251 0.0374 0.6315 
        D518  4 0.0256 0.0373 0.0266 0.6212 0.0297 0.0675 0.0189 0.1733 
        D519  4 0.1288 0.0749 0.0999 0.0288 0.1155 0.0261 0.1982 0.3277 
        D560  4 0.0703 0.1293 0.1319 0.0799 0.0852 0.0318 0.2925 0.1791 
        D561  4 0.0745 0.0612 0.1199 0.0653 0.0238 0.0259 0.4829 0.1465 
        D562  4 0.0650 0.0737 0.0592 0.1565 0.0609 0.0860 0.2105 0.2882 
        D563  4 0.0652 0.4349 0.0362 0.1881 0.0609 0.0262 0.1147 0.0739 
        D572  4 0.0180 0.0246 0.0461 0.7630 0.0254 0.0347 0.0370 0.0511 
        D629  4 0.0410 0.0271 0.2397 0.0890 0.1178 0.0295 0.0858 0.3701 
        D630  4 0.0484 0.0358 0.1332 0.1356 0.1223 0.0907 0.1325 0.3015 
        D631  4 0.0198 0.0546 0.0262 0.7577 0.0395 0.0247 0.0314 0.0460 
        D632  4 0.0798 0.1795 0.0432 0.2854 0.0235 0.0211 0.0498 0.3177 
        D646  4 0.2365 0.0996 0.3517 0.0509 0.0375 0.0459 0.0967 0.0811 
        D647  4 0.1055 0.0728 0.5139 0.0761 0.0379 0.0347 0.0542 0.1049 
        D648  4 0.0202 0.0291 0.0164 0.5413 0.0138 0.2492 0.1038 0.0260 
        D649  4 0.3054 0.0211 0.2793 0.1893 0.0431 0.0230 0.0609 0.0780 
        D650  4 0.0890 0.0347 0.2607 0.1514 0.1229 0.0919 0.1151 0.1343 
        D708  4 0.0528 0.0304 0.0522 0.2672 0.1289 0.2152 0.2021 0.0510 
        D709  4 0.3119 0.0330 0.0374 0.0627 0.0448 0.1767 0.3124 0.0211 
        D738  4 0.2007 0.0198 0.1160 0.0333 0.0453 0.4829 0.0318 0.0702 
        D739  4 0.0682 0.0308 0.0389 0.1220 0.0705 0.0978 0.1745 0.3973 
        D740  4 0.2218 0.0747 0.0251 0.0740 0.1668 0.1151 0.2532 0.0692 
        D741  4 0.1675 0.1487 0.2416 0.0443 0.0445 0.0296 0.2381 0.0858 
        D742  4 0.0732 0.3171 0.0461 0.0934 0.1685 0.0804 0.1182 0.1030 
        D743  4 0.0198 0.0546 0.4217 0.3554 0.0325 0.0252 0.0606 0.0303 
        D744  4 0.0244 0.0359 0.0261 0.7930 0.0368 0.0180 0.0417 0.0241 
        D745  4 0.1237 0.0500 0.0579 0.0485 0.0594 0.0275 0.2653 0.3677 
        D814  4 0.0210 0.4471 0.0595 0.0837 0.0507 0.0414 0.1780 0.1187 
        D815  4 0.1236 0.0375 0.1537 0.4491 0.0396 0.0745 0.0913 0.0307 
        D828  4 0.0564 0.0863 0.0158 0.1691 0.0641 0.3438 0.2212 0.0432 
        D845  4 0.0147 0.0337 0.0168 0.0237 0.8617 0.0209 0.0173 0.0112 
        D846  4 0.0252 0.1375 0.1225 0.4171 0.0392 0.0197 0.0719 0.1669 
        D847  4 0.0575 0.0504 0.1263 0.0638 0.1796 0.0819 0.1444 0.2961 
        D848  4 0.0253 0.0791 0.0145 0.0585 0.1305 0.0229 0.0261 0.6432 
        D849  4 0.0815 0.0463 0.0742 0.0767 0.0306 0.0451 0.2017 0.4439 
        D850  4 0.0414 0.0585 0.1987 0.0671 0.1743 0.0740 0.1369 0.2491 
        D856  4 0.2751 0.0273 0.0409 0.0600 0.0404 0.0748 0.4160 0.0654 
        D857  4 0.6884 0.0794 0.0114 0.0392 0.0162 0.0708 0.0491 0.0455 
        D859  4 0.0397 0.0561 0.0916 0.6017 0.0583 0.0428 0.0717 0.0380 
        D860  4 0.0401 0.1086 0.0913 0.0807 0.2766 0.3148 0.0455 0.0424 
        D883  4 0.1766 0.0368 0.2137 0.0926 0.0781 0.1169 0.0533 0.2320 
        D884  4 0.3091 0.0262 0.1137 0.1160 0.0388 0.1515 0.1260 0.1186 
        D885  4 0.0768 0.0889 0.1554 0.0744 0.2007 0.0285 0.2956 0.0798 
        D886  4 0.2064 0.0801 0.1650 0.0669 0.0437 0.0888 0.0876 0.2615 
        D887  4 0.0943 0.1530 0.1007 0.1909 0.1794 0.0642 0.1557 0.0618 
        D889  4 0.0191 0.0157 0.0503 0.0705 0.5748 0.0609 0.1890 0.0197 
        D890  4 0.1968 0.0983 0.0516 0.1684 0.0744 0.2077 0.1201 0.0827 
        D891  4 0.0128 0.0140 0.0146 0.0120 0.9099 0.0101 0.0151 0.0116 
        D899  4 0.0468 0.4949 0.0324 0.0829 0.1923 0.0601 0.0556 0.0350 
        D900  4 0.0935 0.1086 0.1548 0.1648 0.0598 0.0956 0.2064 0.1165 
        D970  4 0.0547 0.0677 0.1213 0.4339 0.1210 0.0496 0.0641 0.0876 
        D971  4 0.1013 0.3933 0.0786 0.1985 0.0232 0.0777 0.0905 0.0369 
        D979  4 0.0253 0.0371 0.3831 0.3791 0.0319 0.0510 0.0559 0.0365 
        D093  5 0.0647 0.0374 0.0523 0.0363 0.1345 0.6029 0.0357 0.0362 
        D154  5 0.0679 0.1840 0.0379 0.0513 0.2029 0.0670 0.3578 0.0312 
        D168  5 0.0808 0.2776 0.0926 0.0519 0.0916 0.0323 0.1977 0.1756 
        D189  5 0.0451 0.0542 0.0465 0.0490 0.1952 0.4847 0.0889 0.0364 
        D190  5 0.1004 0.0306 0.0438 0.0740 0.1311 0.5715 0.0305 0.0181 
     D237220  5 0.1442 0.0220 0.0344 0.1312 0.2647 0.0775 0.1372 0.1887 
     D237221  5 0.0834 0.0882 0.0600 0.0628 0.4742 0.1410 0.0544 0.0359 
     D237274  5 0.1033 0.0593 0.5381 0.1338 0.0272 0.0321 0.0793 0.0269 
     D237275  5 0.0804 0.5831 0.0196 0.0198 0.0691 0.0548 0.1440 0.0292 
     D237276  5 0.2075 0.0517 0.1555 0.0701 0.0599 0.2386 0.1205 0.0961 
     D237277  5 0.0489 0.0583 0.0248 0.0588 0.5265 0.2144 0.0496 0.0187 
     D237278  5 0.0999 0.3770 0.0542 0.0969 0.0439 0.1511 0.0962 0.0807 
     D237279  5 0.3339 0.0268 0.0418 0.0866 0.1134 0.0229 0.2707 0.1039 
     D237280  5 0.3423 0.0331 0.1457 0.0769 0.0498 0.0755 0.0676 0.2091 
     D237281  5 0.0478 0.4758 0.0749 0.0314 0.2486 0.0391 0.0646 0.0179 
     D237351  5 0.7377 0.0251 0.0228 0.0302 0.0524 0.0483 0.0457 0.0378 
     D237352  5 0.0567 0.0716 0.0830 0.2492 0.0512 0.0646 0.0714 0.3523 
     D237353  5 0.1033 0.0224 0.0229 0.0372 0.3637 0.4068 0.0267 0.0170 
     D237359  5 0.0559 0.0278 0.0379 0.0893 0.3913 0.0515 0.1895 0.1567 
     D237361  5 0.0944 0.0250 0.0324 0.0248 0.2307 0.5383 0.0346 0.0199 
     D237362  5 0.1097 0.0590 0.2404 0.0615 0.1808 0.1300 0.1621 0.0565 
     D237363  5 0.0847 0.1544 0.0495 0.0238 0.0782 0.0520 0.5068 0.0507 
     D237364  5 0.0973 0.1433 0.1021 0.1623 0.0879 0.0211 0.2472 0.1388 
     D237376  5 0.0380 0.0461 0.0167 0.2464 0.0372 0.4378 0.1558 0.0221 
     D237377  5 0.4708 0.0664 0.1525 0.0482 0.0717 0.0755 0.0730 0.0419 
     D237378  5 0.0511 0.0790 0.0239 0.1299 0.0985 0.5020 0.0708 0.0449 
     D237379  5 0.0459 0.0484 0.0322 0.2986 0.0740 0.2419 0.2046 0.0545 
     D237380  5 0.5512 0.0197 0.0295 0.1234 0.0198 0.1787 0.0464 0.0313 
     D237381  5 0.2783 0.0771 0.0518 0.1374 0.0386 0.1032 0.0700 0.2436 
     D237391  5 0.0465 0.0209 0.0363 0.0267 0.3997 0.4093 0.0319 0.0288 
     D237392  5 0.0777 0.2670 0.3416 0.0806 0.0342 0.0674 0.0898 0.0417 
     D237393  5 0.1784 0.0683 0.3383 0.0449 0.0699 0.1808 0.0424 0.0770 
     D237394  5 0.0702 0.0110 0.0317 0.0351 0.2474 0.5498 0.0279 0.0269 
     D237395  5 0.0960 0.0817 0.0415 0.0267 0.2514 0.2361 0.1733 0.0933 
     D237396  5 0.1081 0.0864 0.2859 0.0583 0.1477 0.1211 0.0648 0.1276 
     D244016  5 0.0448 0.0417 0.0228 0.1673 0.3653 0.1318 0.1992 0.0272 
     D244018  5 0.0923 0.3325 0.0815 0.0342 0.1413 0.2078 0.0516 0.0586 
     D244019  5 0.0854 0.1031 0.1398 0.0778 0.2089 0.0756 0.2800 0.0293 
        D279  5 0.0603 0.0756 0.0393 0.1022 0.4405 0.0554 0.1772 0.0496 
        D280  5 0.0834 0.0629 0.0991 0.0268 0.3554 0.1106 0.1501 0.1117 
        D281  5 0.0233 0.1918 0.0257 0.0370 0.4658 0.1169 0.1200 0.0195 
        D283  5 0.0830 0.0359 0.1485 0.0414 0.3418 0.2642 0.0573 0.0280 
        D284  5 0.0694 0.0602 0.0611 0.0385 0.0907 0.0596 0.3491 0.2714 
        D285  5 0.0557 0.0197 0.0505 0.0648 0.5175 0.1908 0.0745 0.0265 
        D286  5 0.0943 0.0336 0.1167 0.1877 0.1241 0.1999 0.1440 0.0998 
        D287  5 0.0731 0.0312 0.0198 0.2211 0.0546 0.3543 0.1988 0.0471 
        D288  5 0.0548 0.0353 0.2709 0.0233 0.4438 0.0436 0.0870 0.0415 
        D308  5 0.7635 0.0176 0.0808 0.0232 0.0252 0.0263 0.0374 0.0260 
        D309  5 0.0208 0.0132 0.0265 0.8260 0.0143 0.0249 0.0441 0.0301 
        D310  5 0.0820 0.0147 0.0259 0.0236 0.1002 0.6535 0.0830 0.0173 
        D311  5 0.0588 0.0487 0.1628 0.1511 0.0632 0.2412 0.2324 0.0418 
        D312  5 0.0585 0.0548 0.1233 0.2041 0.1178 0.1897 0.1445 0.1073 
        D313  5 0.5322 0.0147 0.0140 0.0126 0.0123 0.0294 0.0226 0.3622 
        D314  5 0.1268 0.1288 0.0354 0.1107 0.1281 0.0857 0.2923 0.0923 
        D315  5 0.1274 0.0683 0.2070 0.0518 0.0632 0.2503 0.1333 0.0987 
        D317  5 0.0531 0.0217 0.0608 0.0153 0.0781 0.7141 0.0273 0.0296 
        D318  5 0.0700 0.1278 0.1128 0.1468 0.0681 0.0753 0.2409 0.1583 
        D319  5 0.1623 0.0224 0.0310 0.0151 0.0673 0.6409 0.0428 0.0182 
        D320  5 0.0996 0.0190 0.0349 0.0684 0.2772 0.4107 0.0544 0.0359 
        D321  5 0.6244 0.0147 0.0714 0.0232 0.1680 0.0390 0.0301 0.0292 
        D336  5 0.0560 0.0238 0.0241 0.0726 0.0365 0.6746 0.0887 0.0237 
        D337  5 0.0491 0.0224 0.0269 0.0267 0.2042 0.6258 0.0315 0.0133 
        D338  5 0.0774 0.0672 0.1696 0.0792 0.1859 0.1165 0.2229 0.0812 
        D339  5 0.1266 0.0526 0.0462 0.0186 0.1296 0.5063 0.0868 0.0333 
        D347  5 0.0613 0.1431 0.1706 0.0838 0.0550 0.2411 0.2087 0.0363 
        D348  5 0.0622 0.0293 0.0259 0.1090 0.0381 0.6759 0.0394 0.0204 
        D349  5 0.8286 0.0177 0.0186 0.0259 0.0313 0.0358 0.0225 0.0196 
        D350  5 0.0153 0.0280 0.0162 0.8564 0.0213 0.0182 0.0261 0.0186 
        D355  5 0.0658 0.1324 0.2004 0.0827 0.2169 0.0410 0.2360 0.0248 
        D356  5 0.0756 0.0312 0.2114 0.0700 0.1503 0.2024 0.0768 0.1822 
        D357  5 0.1326 0.0580 0.0471 0.0525 0.0882 0.2557 0.3181 0.0479 
        D358  5 0.1308 0.0604 0.0516 0.1682 0.1003 0.3193 0.0918 0.0777 
        D359  5 0.1005 0.0184 0.2732 0.1014 0.0706 0.3609 0.0539 0.0210 
        D360  5 0.0563 0.0246 0.1208 0.0394 0.2474 0.2906 0.0869 0.1340 
        D361  5 0.8557 0.0203 0.0267 0.0163 0.0168 0.0240 0.0198 0.0204 
        D366  5 0.0256 0.4158 0.4326 0.0209 0.0229 0.0253 0.0309 0.0259 
        D367  5 0.1842 0.0208 0.0245 0.1037 0.0397 0.4738 0.1218 0.0315 
        D368  5 0.3608 0.0245 0.0806 0.0516 0.0984 0.1258 0.2206 0.0377 
        D380  5 0.0848 0.0429 0.0568 0.4283 0.1052 0.0329 0.1879 0.0612 
        D381  5 0.1278 0.0411 0.0624 0.0625 0.1383 0.4569 0.0860 0.0249 
        D400  5 0.0456 0.0908 0.1046 0.1681 0.1155 0.3181 0.1065 0.0509 
        D411  5 0.0494 0.0469 0.0225 0.0283 0.0171 0.0153 0.1481 0.6724 
        D412  5 0.1260 0.1758 0.0816 0.0500 0.0622 0.1770 0.1940 0.1333 
        D413  5 0.0216 0.5732 0.0761 0.0728 0.0653 0.0276 0.0981 0.0651 
        D414  5 0.0312 0.0901 0.0235 0.6807 0.0430 0.0291 0.0783 0.0241 
        D420  5 0.0506 0.0241 0.0278 0.0239 0.3683 0.0414 0.1992 0.2648 
        D431  5 0.1543 0.0537 0.0203 0.1842 0.1605 0.0656 0.3128 0.0487 
        D432  5 0.1342 0.0614 0.0678 0.0561 0.1099 0.4454 0.0428 0.0823 
        D433  5 0.2242 0.0484 0.0764 0.0323 0.1588 0.3862 0.0502 0.0236 
        D434  5 0.1780 0.0338 0.1029 0.0518 0.1677 0.3578 0.0638 0.0442 
        D440  5 0.0312 0.0180 0.0208 0.8332 0.0189 0.0237 0.0354 0.0188 
        D447  5 0.0684 0.1213 0.3348 0.0898 0.0220 0.0438 0.1819 0.1380 
        D448  5 0.0428 0.0504 0.0597 0.0476 0.0542 0.6123 0.1036 0.0294 
        D459  5 0.0369 0.4236 0.1174 0.0834 0.2171 0.0363 0.0608 0.0245 
        D460  5 0.7629 0.0247 0.0608 0.0251 0.0428 0.0371 0.0225 0.0242 
        D461  5 0.0172 0.0149 0.0469 0.8260 0.0257 0.0147 0.0307 0.0237 
        D468  5 0.1670 0.0723 0.1867 0.0386 0.0429 0.1643 0.2761 0.0521 
        D469  5 0.1166 0.0368 0.4182 0.0723 0.0701 0.0701 0.1028 0.1130 
        D470  5 0.0431 0.0519 0.0937 0.1034 0.0407 0.1852 0.1711 0.3109 
        D471  5 0.0530 0.0553 0.0794 0.0606 0.1172 0.5350 0.0817 0.0177 
        D472  5 0.0235 0.1099 0.6857 0.0211 0.0911 0.0196 0.0234 0.0256 
        D479  5 0.0294 0.6907 0.0304 0.0941 0.0195 0.0514 0.0515 0.0330 
        D485  5 0.0586 0.0627 0.0378 0.3551 0.0319 0.2087 0.1880 0.0573 
        D486  5 0.0873 0.0538 0.1257 0.0595 0.0277 0.1731 0.3597 0.1132 
        D487  5 0.1132 0.1244 0.0353 0.1678 0.2507 0.1786 0.0841 0.0460 
        D555  5 0.0572 0.0826 0.0318 0.0166 0.1749 0.5826 0.0350 0.0194 
        D556  5 0.0756 0.0299 0.0371 0.2039 0.4612 0.0595 0.0900 0.0428 
        D557  5 0.1082 0.0484 0.0397 0.0524 0.1396 0.5591 0.0293 0.0234 
        D564  5 0.2070 0.0539 0.0447 0.3294 0.0416 0.1645 0.1003 0.0586 
        D594  5 0.0984 0.1532 0.1628 0.0616 0.0347 0.2028 0.2417 0.0448 
        D595  5 0.1082 0.1214 0.1862 0.0742 0.0918 0.2503 0.1116 0.0564 
        D596  5 0.0791 0.0513 0.0270 0.0177 0.1638 0.6067 0.0272 0.0272 
        D597  5 0.0393 0.1379 0.0822 0.0909 0.4082 0.1753 0.0366 0.0296 
        D598  5 0.1026 0.0571 0.0901 0.1360 0.0764 0.3862 0.0468 0.1048 
        D617  5 0.0559 0.2161 0.0276 0.0266 0.0257 0.0297 0.0987 0.5197 
        D618  5 0.0810 0.0460 0.0409 0.0555 0.5057 0.2088 0.0353 0.0267 
        D619  5 0.4738 0.0399 0.1557 0.0433 0.0283 0.1896 0.0441 0.0254 
        D620  5 0.0385 0.7303 0.0756 0.0271 0.0450 0.0343 0.0214 0.0278 
        D628  5 0.0550 0.0313 0.0212 0.7044 0.0227 0.0775 0.0395 0.0484 
        D714  5 0.0491 0.0427 0.0191 0.3256 0.3303 0.1130 0.0941 0.0261 
        D715  5 0.0449 0.0361 0.0479 0.0366 0.4959 0.2824 0.0333 0.0229 
        D716  5 0.0336 0.1245 0.0937 0.1359 0.0708 0.2184 0.2637 0.0594 
        D717  5 0.1189 0.0324 0.2022 0.1245 0.2613 0.1012 0.0696 0.0899 
        D718  5 0.0685 0.0335 0.0278 0.0352 0.0354 0.2623 0.4827 0.0546 
        D769  5 0.0366 0.1421 0.0402 0.0500 0.0253 0.0782 0.1168 0.5109 
        D770  5 0.0682 0.2540 0.0371 0.2447 0.0701 0.1171 0.1772 0.0315 
        D771  5 0.0744 0.2364 0.0534 0.0978 0.1061 0.1271 0.1724 0.1325 
        D772  5 0.0333 0.0221 0.0336 0.6124 0.1293 0.0743 0.0483 0.0469 
        D782  5 0.2612 0.0716 0.0437 0.0415 0.3236 0.0524 0.1628 0.0432 
        D783  5 0.0493 0.2059 0.0164 0.3892 0.1009 0.1075 0.1061 0.0247 
        D784  5 0.0408 0.0240 0.1551 0.2654 0.3508 0.0474 0.0765 0.0399 
        D785  5 0.1685 0.0241 0.0340 0.1348 0.2004 0.3453 0.0583 0.0346 
        D786  5 0.0672 0.0768 0.1738 0.1299 0.0251 0.0654 0.0793 0.3823 
        D821  5 0.0334 0.0128 0.0149 0.0324 0.3715 0.4995 0.0240 0.0115 
        D822  5 0.1440 0.0747 0.2198 0.1317 0.0852 0.1263 0.1887 0.0297 
        D826  5 0.1045 0.1290 0.0678 0.0692 0.2935 0.1997 0.0978 0.0386 
        D827  5 0.0425 0.1125 0.3930 0.0789 0.0336 0.0466 0.2227 0.0702 
        D851  5 0.1438 0.0574 0.0746 0.0826 0.1271 0.1335 0.2939 0.0871 
        D852  5 0.1272 0.0560 0.0234 0.4397 0.2083 0.0876 0.0337 0.0242 
        D853  5 0.1195 0.0424 0.0664 0.0499 0.3260 0.1685 0.1642 0.0631 
        D854  5 0.1141 0.1113 0.0957 0.0598 0.1039 0.0494 0.4063 0.0594 
        D861  5 0.1592 0.1732 0.0720 0.0529 0.1105 0.1417 0.2330 0.0576 
        D862  5 0.0720 0.0290 0.2881 0.0817 0.0659 0.2933 0.1220 0.0481 
        D865  5 0.1538 0.0657 0.0326 0.0468 0.1633 0.4484 0.0569 0.0324 
        D868  5 0.0426 0.0277 0.6919 0.0336 0.0702 0.0539 0.0405 0.0397 
        D869  5 0.0389 0.0481 0.0518 0.0132 0.0258 0.0353 0.0785 0.7084 
        D870  5 0.0224 0.0532 0.0661 0.0235 0.0292 0.0288 0.6841 0.0926 
        D907  5 0.1300 0.0327 0.0505 0.0258 0.0480 0.5984 0.0662 0.0485 
        D908  5 0.1361 0.1547 0.0235 0.2049 0.3053 0.1161 0.0337 0.0258 
        D910  5 0.0915 0.1379 0.0992 0.0555 0.2129 0.2760 0.0969 0.0302 
        D911  5 0.0319 0.0824 0.1486 0.0543 0.4264 0.0463 0.1898 0.0203 
        D934  5 0.0473 0.1017 0.0371 0.2429 0.2240 0.0359 0.2818 0.0293 
        D946  5 0.1836 0.0567 0.0215 0.4190 0.0986 0.0496 0.1302 0.0409 
        D947  5 0.0447 0.0271 0.0901 0.2289 0.3241 0.0331 0.2076 0.0446 
