        D174  1 0.1580 0.2252 0.1125 0.4525 0.0517 
        D199  1 0.0792 0.0896 0.3824 0.2196 0.2292 
        D203  1 0.1888 0.1749 0.2911 0.0798 0.2653 
        D204  1 0.0299 0.0383 0.8774 0.0181 0.0362 
     D237366  1 0.4162 0.2283 0.1232 0.0855 0.1468 
     D237367  1 0.1815 0.1527 0.5435 0.0415 0.0808 
     D237368  1 0.5945 0.0522 0.1917 0.0802 0.0814 
     D244101  1 0.0346 0.0776 0.6179 0.0328 0.2371 
     D244102  1 0.2086 0.4120 0.1605 0.1248 0.0941 
     D244103  1 0.1933 0.5285 0.1752 0.0469 0.0561 
     D244104  1 0.0537 0.0269 0.6876 0.1918 0.0401 
     D244105  1 0.5709 0.2163 0.1553 0.0184 0.0391 
     D244106  1 0.0387 0.1439 0.0720 0.5933 0.1521 
     D244107  1 0.7510 0.0473 0.0975 0.0186 0.0856 
     D244108  1 0.2368 0.0947 0.1817 0.4335 0.0534 
     D244113  1 0.0435 0.3254 0.0332 0.5415 0.0564 
     D244114  1 0.0687 0.4418 0.1300 0.1357 0.2237 
     D244115  1 0.1981 0.1256 0.2028 0.4455 0.0280 
     D267365  1 0.0604 0.0688 0.4386 0.3862 0.0460 
        D404  1 0.0425 0.4170 0.0491 0.4188 0.0726 
        D405  1 0.0989 0.4399 0.1406 0.1739 0.1467 
        D406  1 0.8778 0.0263 0.0615 0.0191 0.0153 
        D407  1 0.1310 0.0517 0.6770 0.0303 0.1101 
        D408  1 0.0226 0.0771 0.0445 0.8201 0.0357 
        D409  1 0.1928 0.6463 0.0580 0.0645 0.0384 
        D410  1 0.8668 0.0298 0.0656 0.0238 0.0140 
        D421  1 0.0167 0.0170 0.9037 0.0328 0.0298 
        D422  1 0.9097 0.0204 0.0343 0.0129 0.0227 
        D423  1 0.8738 0.0168 0.0613 0.0144 0.0338 
        D424  1 0.0765 0.0621 0.8092 0.0287 0.0235 
        D425  1 0.0488 0.1328 0.5382 0.2386 0.0416 
        D426  1 0.1932 0.4927 0.0642 0.0614 0.1886 
        D427  1 0.0428 0.0194 0.1481 0.2912 0.4985 
        D428  1 0.1275 0.0864 0.5399 0.1677 0.0785 
        D429  1 0.0595 0.1076 0.4676 0.2960 0.0693 
        D430  1 0.0617 0.4477 0.1276 0.1981 0.1648 
        D491  1 0.0255 0.0372 0.0937 0.8259 0.0178 
        D492  1 0.1697 0.1153 0.4260 0.2044 0.0846 
        D537  1 0.0810 0.0442 0.8269 0.0240 0.0239 
        D538  1 0.2728 0.4514 0.0846 0.1044 0.0869 
        D539  1 0.1634 0.1833 0.0693 0.4116 0.1723 
        D540  1 0.1384 0.2807 0.3837 0.1149 0.0823 
        D541  1 0.0264 0.0165 0.9133 0.0187 0.0251 
        D551  1 0.0625 0.1515 0.0715 0.0637 0.6508 
        D552  1 0.3295 0.0467 0.2923 0.2786 0.0528 
        D553  1 0.0214 0.0175 0.9121 0.0328 0.0162 
        D615  1 0.1755 0.1333 0.4729 0.1115 0.1068 
        D616  1 0.2860 0.0843 0.2763 0.1083 0.2451 
        D621  1 0.7476 0.0567 0.0408 0.1236 0.0313 
        D622  1 0.8247 0.0544 0.0474 0.0449 0.0286 
        D623  1 0.0622 0.2369 0.0705 0.3785 0.2519 
        D624  1 0.0366 0.0426 0.0366 0.8660 0.0182 
        D625  1 0.0768 0.0777 0.7650 0.0620 0.0184 
        D626  1 0.1957 0.0898 0.0920 0.5663 0.0562 
        D627  1 0.1210 0.5548 0.1565 0.0591 0.1087 
        D690  1 0.0649 0.0199 0.8508 0.0524 0.0119 
        D691  1 0.7865 0.0353 0.1064 0.0341 0.0376 
        D710  1 0.1358 0.1399 0.4065 0.2545 0.0633 
        D711  1 0.0806 0.0656 0.7802 0.0445 0.0292 
        D712  1 0.0549 0.0609 0.0534 0.7869 0.0440 
        D713  1 0.1457 0.3144 0.2746 0.2187 0.0466 
        D746  1 0.8796 0.0187 0.0611 0.0223 0.0182 
        D747  1 0.0177 0.0138 0.9255 0.0205 0.0225 
        D748  1 0.2578 0.1236 0.5452 0.0443 0.0291 
        D749  1 0.6743 0.1068 0.0336 0.1029 0.0824 
        D750  1 0.0875 0.0552 0.2176 0.6151 0.0245 
        D763  1 0.1134 0.1791 0.3695 0.0651 0.2729 
        D764  1 0.1627 0.0310 0.5454 0.2436 0.0173 
        D765  1 0.7254 0.0759 0.0419 0.1239 0.0328 
        D766  1 0.5512 0.0691 0.3037 0.0488 0.0272 
        D767  1 0.1917 0.4221 0.1908 0.0412 0.1541 
        D768  1 0.0188 0.0158 0.9331 0.0159 0.0164 
        D811  1 0.0687 0.4340 0.0384 0.4326 0.0263 
        D816  1 0.0232 0.0303 0.8696 0.0576 0.0194 
        D825  1 0.1924 0.2301 0.1998 0.3478 0.0300 
        D866  1 0.0652 0.0729 0.0518 0.5330 0.2771 
        D867  1 0.8570 0.0385 0.0319 0.0286 0.0440 
        D871  1 0.1426 0.7335 0.0505 0.0513 0.0221 
        D872  1 0.1998 0.1771 0.5360 0.0449 0.0422 
        D873  1 0.9434 0.0216 0.0096 0.0119 0.0135 
        D874  1 0.0219 0.2372 0.4427 0.2257 0.0725 
        D875  1 0.2276 0.6949 0.0346 0.0258 0.0171 
        D876  1 0.0837 0.0739 0.7211 0.1001 0.0212 
        D877  1 0.0314 0.5194 0.1075 0.2926 0.0490 
        D892  1 0.1935 0.2000 0.4504 0.1343 0.0219 
        D893  1 0.1002 0.0658 0.7341 0.0476 0.0523 
        D894  1 0.0859 0.1439 0.5722 0.1395 0.0585 
        D915  1 0.1847 0.0585 0.6590 0.0675 0.0303 
        D916  1 0.0234 0.0177 0.9203 0.0235 0.0150 
        D917  1 0.0435 0.1307 0.2217 0.4752 0.1290 
        D925  1 0.7773 0.0236 0.1025 0.0773 0.0193 
        D926  1 0.0884 0.1380 0.6324 0.1079 0.0333 
        D927  1 0.0449 0.0654 0.5123 0.0764 0.3011 
        D928  1 0.0315 0.0544 0.1473 0.7486 0.0182 
        D929  1 0.1045 0.6377 0.1066 0.1205 0.0307 
        D936  1 0.0404 0.0890 0.7024 0.0605 0.1077 
        D938  1 0.9025 0.0199 0.0342 0.0254 0.0179 
        D956  1 0.0366 0.1526 0.0276 0.7304 0.0528 
        D957  1 0.4603 0.1445 0.3051 0.0527 0.0373 
        D958  1 0.2102 0.0873 0.5637 0.1171 0.0217 
        D959  1 0.1570 0.0457 0.6688 0.0312 0.0973 
        D960  1 0.9028 0.0309 0.0213 0.0222 0.0228 
        D989  1 0.0336 0.0568 0.0734 0.7607 0.0754 
        D990  1 0.8831 0.0149 0.0154 0.0541 0.0325 
        D023  2 0.7844 0.0207 0.1398 0.0261 0.0291 
        D130  2 0.8038 0.0569 0.0831 0.0152 0.0410 
        D131  2 0.0621 0.2566 0.5221 0.0710 0.0881 
        D163  2 0.8256 0.0361 0.0788 0.0415 0.0180 
        D164  2 0.4971 0.0148 0.0139 0.0124 0.4618 
        D165  2 0.8522 0.0238 0.0633 0.0285 0.0322 
        D166  2 0.0542 0.8138 0.0567 0.0300 0.0453 
        D167  2 0.0190 0.0380 0.0139 0.0430 0.8861 
        D192  2 0.0158 0.0187 0.0141 0.0207 0.9307 
        D193  2 0.0715 0.5433 0.0343 0.2793 0.0715 
        D206  2 0.1402 0.1595 0.2912 0.0380 0.3710 
        D207  2 0.0275 0.1836 0.0579 0.0379 0.6931 
        D208  2 0.0586 0.0735 0.0559 0.6187 0.1932 
        D209  2 0.1134 0.1277 0.0904 0.0488 0.6197 
        D210  2 0.0439 0.0429 0.0964 0.6009 0.2159 
     D229599  2 0.1911 0.2044 0.2687 0.1958 0.1399 
     D229600  2 0.5511 0.0521 0.0423 0.0221 0.3324 
     D237227  2 0.1585 0.0375 0.0474 0.7117 0.0449 
     D237228  2 0.4019 0.0998 0.0298 0.3751 0.0934 
     D237258  2 0.2864 0.1009 0.1299 0.1909 0.2919 
     D237310  2 0.5666 0.2743 0.0171 0.0537 0.0884 
     D237311  2 0.6799 0.1051 0.0164 0.0376 0.1610 
     D237312  2 0.2640 0.5440 0.0473 0.0961 0.0485 
     D237313  2 0.2044 0.1288 0.3748 0.2337 0.0584 
     D237322  2 0.0865 0.4054 0.0552 0.2202 0.2327 
     D237323  2 0.7617 0.0659 0.0147 0.1311 0.0266 
     D237324  2 0.3557 0.0683 0.0615 0.0287 0.4857 
     D237325  2 0.5531 0.1751 0.0790 0.1042 0.0886 
     D237326  2 0.7303 0.0330 0.1416 0.0613 0.0337 
     D237327  2 0.0724 0.1099 0.1238 0.1809 0.5130 
     D237337  2 0.8220 0.0527 0.0377 0.0652 0.0224 
     D237338  2 0.4122 0.1244 0.0823 0.2478 0.1332 
     D237339  2 0.0300 0.1909 0.2197 0.0283 0.5312 
     D237340  2 0.3772 0.1642 0.0300 0.2150 0.2136 
     D237389  2 0.6577 0.1700 0.0246 0.0380 0.1096 
     D237390  2 0.3183 0.3867 0.1046 0.1377 0.0526 
     D244017  2 0.0660 0.1868 0.0374 0.4569 0.2529 
     D244112  2 0.0626 0.0505 0.0165 0.0231 0.8473 
     D244118  2 0.3564 0.0267 0.0151 0.0252 0.5765 
     D244119  2 0.0407 0.0278 0.0211 0.6622 0.2483 
     D244120  2 0.0388 0.2366 0.0174 0.1317 0.5755 
     D244122  2 0.0853 0.0610 0.0364 0.0584 0.7589 
        D291  2 0.1200 0.2315 0.0934 0.1788 0.3763 
        D292  2 0.0549 0.0694 0.2699 0.2270 0.3788 
        D293  2 0.0111 0.0304 0.2034 0.0148 0.7403 
        D322  2 0.0412 0.0706 0.3283 0.0212 0.5387 
        D323  2 0.0583 0.2972 0.2681 0.1598 0.2166 
        D324  2 0.1888 0.1276 0.3074 0.2105 0.1657 
        D325  2 0.0127 0.0201 0.0598 0.0101 0.8972 
        D326  2 0.0140 0.0174 0.9331 0.0234 0.0120 
        D340  2 0.0194 0.0119 0.0215 0.0156 0.9316 
        D341  2 0.0284 0.0506 0.0485 0.0444 0.8281 
        D342  2 0.1308 0.0870 0.0268 0.0261 0.7292 
        D343  2 0.0096 0.0128 0.0175 0.0083 0.9517 
        D344  2 0.0643 0.4795 0.3073 0.0378 0.1111 
        D345  2 0.2999 0.0836 0.4495 0.1024 0.0645 
        D346  2 0.0362 0.0738 0.0691 0.7102 0.1107 
        D351  2 0.0847 0.3035 0.4616 0.0428 0.1074 
        D352  2 0.0885 0.4869 0.0912 0.1437 0.1897 
        D353  2 0.0219 0.2311 0.6488 0.0298 0.0685 
        D354  2 0.1459 0.2614 0.3680 0.1762 0.0485 
        D362  2 0.0595 0.0244 0.8435 0.0482 0.0245 
        D363  2 0.0435 0.0251 0.8273 0.0784 0.0257 
        D364  2 0.1002 0.1539 0.6207 0.0748 0.0504 
        D365  2 0.0118 0.0150 0.0340 0.0161 0.9231 
        D369  2 0.1063 0.0783 0.2795 0.2987 0.2371 
        D374  2 0.0422 0.3474 0.0259 0.5497 0.0348 
        D375  2 0.0641 0.7179 0.1224 0.0379 0.0577 
        D376  2 0.0586 0.2821 0.0194 0.5717 0.0682 
        D377  2 0.1948 0.4048 0.0982 0.1842 0.1179 
        D378  2 0.0417 0.0763 0.5392 0.0324 0.3104 
        D379  2 0.0246 0.0347 0.8938 0.0247 0.0222 
        D384  2 0.0168 0.0171 0.8941 0.0522 0.0198 
        D385  2 0.0183 0.0438 0.0211 0.0364 0.8804 
        D386  2 0.0853 0.1404 0.6303 0.0265 0.1174 
        D391  2 0.0193 0.0260 0.0551 0.0186 0.8810 
        D392  2 0.0706 0.0560 0.0884 0.0606 0.7244 
        D393  2 0.0488 0.0541 0.6866 0.0230 0.1875 
        D394  2 0.3902 0.2127 0.1657 0.0780 0.1534 
        D395  2 0.0289 0.2498 0.0519 0.0315 0.6379 
        D401  2 0.8417 0.0351 0.0262 0.0557 0.0414 
        D402  2 0.0171 0.0238 0.0236 0.0179 0.9175 
        D403  2 0.1210 0.2388 0.5384 0.0257 0.0761 
        D415  2 0.0655 0.0904 0.8016 0.0157 0.0268 
        D435  2 0.0570 0.0319 0.6941 0.0172 0.1998 
        D436  2 0.0569 0.4015 0.3986 0.0782 0.0649 
        D438  2 0.0172 0.0177 0.0166 0.0207 0.9278 
        D439  2 0.1465 0.2598 0.2459 0.0337 0.3140 
        D449  2 0.0474 0.0642 0.1215 0.0240 0.7429 
        D450  2 0.0815 0.3417 0.2318 0.3071 0.0379 
        D456  2 0.0152 0.0234 0.9284 0.0203 0.0128 
        D462  2 0.0163 0.0204 0.0411 0.0159 0.9063 
        D463  2 0.0157 0.0181 0.9290 0.0250 0.0122 
        D464  2 0.0214 0.4627 0.3715 0.0476 0.0968 
        D465  2 0.0847 0.0905 0.3305 0.0290 0.4654 
        D473  2 0.1537 0.1208 0.0530 0.6280 0.0445 
        D474  2 0.0907 0.0292 0.5738 0.1830 0.1234 
        D476  2 0.6247 0.0675 0.0856 0.0240 0.1981 
        D477  2 0.0513 0.0918 0.6268 0.1786 0.0515 
        D478  2 0.1980 0.3891 0.1158 0.2027 0.0944 
        D480  2 0.0297 0.0657 0.5979 0.1360 0.1707 
        D481  2 0.1789 0.1057 0.4074 0.1942 0.1138 
        D482  2 0.1116 0.2862 0.0550 0.4215 0.1256 
        D483  2 0.0297 0.0177 0.0167 0.0746 0.8614 
        D484  2 0.0539 0.5445 0.0585 0.1084 0.2346 
        D510  2 0.0283 0.0979 0.0263 0.7972 0.0503 
        D511  2 0.0762 0.1204 0.5692 0.0409 0.1932 
        D512  2 0.5199 0.2089 0.0361 0.0211 0.2140 
        D513  2 0.0557 0.0734 0.2300 0.0767 0.5642 
        D635  2 0.2273 0.0354 0.6411 0.0478 0.0484 
        D636  2 0.9121 0.0155 0.0336 0.0231 0.0157 
        D637  2 0.0706 0.2942 0.0722 0.1506 0.4124 
        D658  2 0.0676 0.1177 0.0319 0.1409 0.6419 
        D659  2 0.0420 0.0296 0.8435 0.0459 0.0390 
        D677  2 0.1771 0.1734 0.4630 0.0371 0.1493 
        D678  2 0.0380 0.1044 0.0284 0.0372 0.7919 
        D679  2 0.0337 0.0659 0.7351 0.0733 0.0920 
        D719  2 0.0285 0.0337 0.2996 0.5054 0.1327 
        D720  2 0.0493 0.0316 0.8099 0.0660 0.0431 
        D721  2 0.6274 0.0502 0.1354 0.0635 0.1235 
        D722  2 0.0906 0.3150 0.0442 0.4747 0.0755 
        D734  2 0.0200 0.1172 0.0817 0.5646 0.2165 
        D735  2 0.0994 0.1239 0.5474 0.1307 0.0986 
        D736  2 0.0801 0.0372 0.1136 0.6417 0.1274 
        D737  2 0.1362 0.0869 0.0337 0.1004 0.6428 
        D807  2 0.0762 0.0727 0.3188 0.4007 0.1315 
        D808  2 0.2227 0.3704 0.1279 0.0458 0.2332 
        D817  2 0.0613 0.1497 0.5806 0.1674 0.0410 
        D818  2 0.0495 0.2678 0.1612 0.0415 0.4800 
        D819  2 0.1981 0.2546 0.3583 0.1149 0.0742 
        D820  2 0.0176 0.0265 0.8770 0.0229 0.0560 
        D895  2 0.1476 0.0658 0.7055 0.0459 0.0353 
        D896  2 0.8741 0.0366 0.0208 0.0459 0.0226 
        D897  2 0.0417 0.0898 0.0465 0.0323 0.7896 
        D898  2 0.1057 0.5206 0.0689 0.2202 0.0846 
        D918  2 0.2045 0.3440 0.0878 0.1250 0.2388 
        D919  2 0.0354 0.2334 0.3434 0.0341 0.3537 
        D920  2 0.8817 0.0361 0.0219 0.0327 0.0276 
        D923  2 0.0287 0.0562 0.8556 0.0237 0.0358 
        D930  2 0.0727 0.3207 0.3956 0.1454 0.0655 
        D931  2 0.0487 0.1178 0.5894 0.0703 0.1739 
        D968  2 0.0120 0.0159 0.0232 0.0131 0.9358 
        D969  2 0.0333 0.0720 0.4518 0.1211 0.3218 
        D977  2 0.0201 0.0471 0.0426 0.0246 0.8657 
        D978  2 0.0302 0.4168 0.0641 0.1268 0.3622 
        D211  3 0.5079 0.2538 0.1308 0.0476 0.0599 
     D229639  3 0.0405 0.0431 0.0532 0.5366 0.3265 
     D237212  3 0.1290 0.1833 0.2419 0.1268 0.3189 
     D237213  3 0.3287 0.3260 0.2181 0.0433 0.0839 
     D237214  3 0.5650 0.2896 0.0648 0.0515 0.0291 
     D237215  3 0.0314 0.0668 0.0156 0.2632 0.6230 
     D237216  3 0.1741 0.4900 0.1134 0.0758 0.1468 
     D237217  3 0.5279 0.1326 0.2343 0.0179 0.0873 
     D237218  3 0.0863 0.1789 0.2452 0.1369 0.3528 
     D237219  3 0.4564 0.0723 0.0606 0.3468 0.0638 
     D237382  3 0.1039 0.5389 0.1780 0.1181 0.0611 
     D244127  3 0.6923 0.0910 0.0420 0.0352 0.1394 
     D244129  3 0.2689 0.2726 0.2368 0.0953 0.1264 
     D244133  3 0.1263 0.1468 0.1076 0.4846 0.1347 
     D244134  3 0.1089 0.0350 0.0545 0.6952 0.1064 
     D244135  3 0.7483 0.0552 0.0795 0.0256 0.0914 
     D244136  3 0.0811 0.1327 0.2223 0.4625 0.1014 
        D416  3 0.1519 0.1761 0.2609 0.0694 0.3418 
        D417  3 0.0405 0.0794 0.8174 0.0257 0.0370 
        D419  3 0.2631 0.0823 0.2338 0.2509 0.1700 
        D565  3 0.0273 0.0210 0.0557 0.8774 0.0187 
        D566  3 0.0287 0.0422 0.0578 0.7046 0.1668 
        D567  3 0.1232 0.0329 0.7779 0.0353 0.0307 
        D568  3 0.2707 0.1131 0.3893 0.0281 0.1987 
        D569  3 0.1046 0.4308 0.0806 0.0584 0.3256 
        D573  3 0.0322 0.0346 0.1565 0.0541 0.7227 
        D574  3 0.0777 0.1591 0.0425 0.6672 0.0536 
        D575  3 0.2645 0.0773 0.1779 0.3953 0.0850 
        D576  3 0.0272 0.0991 0.0100 0.1364 0.7273 
        D577  3 0.0903 0.1289 0.6546 0.0683 0.0579 
        D578  3 0.8156 0.1112 0.0159 0.0176 0.0397 
        D579  3 0.0980 0.0777 0.3473 0.3040 0.1731 
        D660  3 0.1342 0.1526 0.0269 0.0384 0.6478 
        D661  3 0.0538 0.1326 0.0397 0.0671 0.7069 
        D663  3 0.0243 0.2162 0.0700 0.0886 0.6009 
        D664  3 0.3358 0.2086 0.0378 0.2269 0.1909 
        D665  3 0.2117 0.6448 0.0255 0.0202 0.0978 
        D666  3 0.2101 0.1017 0.1627 0.4735 0.0520 
        D009  4 0.4192 0.2790 0.2027 0.0404 0.0588 
        D057  4 0.3300 0.0551 0.0983 0.0648 0.4518 
        D109  4 0.5545 0.2396 0.0701 0.0932 0.0425 
     D237222  4 0.7213 0.1022 0.0483 0.0801 0.0480 
     D237223  4 0.3657 0.2422 0.1028 0.1095 0.1798 
     D237224  4 0.0752 0.1273 0.3135 0.1313 0.3527 
     D237225  4 0.2462 0.3103 0.2783 0.0740 0.0913 
     D237299  4 0.1425 0.7652 0.0198 0.0368 0.0356 
     D237300  4 0.0317 0.0655 0.0229 0.3610 0.5189 
     D237306  4 0.1504 0.2226 0.1513 0.4192 0.0565 
     D237307  4 0.0747 0.1252 0.4555 0.2706 0.0740 
     D237308  4 0.1771 0.0599 0.0825 0.1156 0.5650 
     D237309  4 0.3019 0.1808 0.3434 0.0498 0.1241 
     D237317  4 0.0767 0.0719 0.1748 0.6410 0.0356 
     D237318  4 0.0166 0.0678 0.0241 0.2358 0.6558 
     D237319  4 0.2921 0.4156 0.1595 0.0571 0.0757 
     D237320  4 0.3576 0.1505 0.1436 0.0756 0.2727 
     D237321  4 0.0779 0.0811 0.0570 0.3251 0.4588 
     D237397  4 0.2323 0.1248 0.1042 0.2283 0.3103 
     D237398  4 0.0532 0.1516 0.1702 0.1037 0.5213 
     D237399  4 0.1161 0.1578 0.2206 0.3809 0.1245 
     D244001  4 0.6754 0.0749 0.0709 0.0237 0.1552 
        D289  4 0.0771 0.1187 0.2302 0.3640 0.2099 
        D290  4 0.0510 0.7391 0.0959 0.0451 0.0689 
        D294  4 0.0428 0.5017 0.2213 0.0633 0.1708 
        D295  4 0.1077 0.1759 0.5713 0.0855 0.0597 
        D301  4 0.8173 0.0508 0.0312 0.0511 0.0496 
        D302  4 0.0487 0.2260 0.6603 0.0245 0.0405 
        D303  4 0.0815 0.0849 0.0629 0.6956 0.0751 
        D304  4 0.0354 0.5525 0.1100 0.2126 0.0895 
        D305  4 0.0741 0.5109 0.0778 0.0179 0.3193 
        D306  4 0.0416 0.8333 0.0533 0.0424 0.0294 
        D307  4 0.8507 0.0278 0.0207 0.0705 0.0303 
        D327  4 0.0482 0.1249 0.6394 0.1181 0.0694 
        D328  4 0.1180 0.3545 0.0875 0.3808 0.0592 
        D329  4 0.1439 0.2018 0.1833 0.0976 0.3734 
        D330  4 0.2045 0.2436 0.4252 0.0210 0.1057 
        D331  4 0.1291 0.2692 0.2212 0.2690 0.1116 
        D333  4 0.1757 0.2066 0.1776 0.2125 0.2276 
        D334  4 0.0892 0.1264 0.2275 0.5182 0.0387 
        D335  4 0.0426 0.1010 0.7293 0.0374 0.0897 
        D370  4 0.2782 0.3637 0.0751 0.2080 0.0751 
        D371  4 0.0226 0.0469 0.1568 0.7422 0.0315 
        D372  4 0.0227 0.2781 0.0176 0.1885 0.4931 
        D373  4 0.7817 0.0395 0.0353 0.0433 0.1002 
        D455  4 0.8363 0.0334 0.0464 0.0366 0.0473 
        D490  4 0.9027 0.0336 0.0235 0.0258 0.0144 
        D497  4 0.8454 0.0639 0.0222 0.0383 0.0301 
        D498  4 0.1739 0.3597 0.1024 0.2349 0.1291 
        D499  4 0.0409 0.2698 0.0433 0.2416 0.4045 
        D514  4 0.0606 0.4503 0.4068 0.0285 0.0538 
        D515  4 0.2909 0.5343 0.0850 0.0408 0.0489 
        D516  4 0.3567 0.1212 0.2586 0.1250 0.1386 
        D517  4 0.7609 0.0499 0.0724 0.0385 0.0782 
        D518  4 0.3175 0.1794 0.1827 0.1250 0.1954 
        D519  4 0.4329 0.2503 0.1343 0.0440 0.1385 
        D560  4 0.2041 0.4272 0.1202 0.0282 0.2202 
        D561  4 0.2106 0.5834 0.1172 0.0146 0.0742 
        D562  4 0.1561 0.5050 0.0726 0.0994 0.1668 
        D563  4 0.1035 0.2042 0.0817 0.0258 0.5848 
        D572  4 0.1214 0.4137 0.2850 0.0538 0.1261 
        D629  4 0.2160 0.1155 0.5556 0.0705 0.0425 
        D630  4 0.1522 0.3790 0.2613 0.1162 0.0912 
        D631  4 0.0634 0.2032 0.1111 0.0896 0.5327 
        D632  4 0.6940 0.0639 0.0629 0.0338 0.1455 
        D646  4 0.3296 0.1359 0.3443 0.0349 0.1553 
        D647  4 0.1382 0.1175 0.6464 0.0187 0.0792 
        D648  4 0.0370 0.7044 0.0335 0.1770 0.0481 
        D649  4 0.2404 0.0770 0.6231 0.0277 0.0318 
        D650  4 0.1729 0.2136 0.3921 0.1605 0.0610 
        D708  4 0.0774 0.3210 0.0982 0.4374 0.0661 
        D709  4 0.0562 0.7797 0.0565 0.0751 0.0325 
        D738  4 0.2551 0.0667 0.2349 0.4095 0.0338 
        D739  4 0.2692 0.5524 0.0527 0.0552 0.0704 
        D740  4 0.2031 0.2336 0.0401 0.2639 0.2593 
        D741  4 0.1235 0.2680 0.2377 0.0236 0.3471 
        D742  4 0.0676 0.1404 0.0778 0.2388 0.4753 
        D743  4 0.0365 0.0758 0.7659 0.0373 0.0845 
        D744  4 0.0660 0.2705 0.3453 0.0429 0.2753 
        D745  4 0.5091 0.3319 0.0563 0.0391 0.0635 
        D814  4 0.0678 0.2225 0.0679 0.0252 0.6165 
        D815  4 0.0533 0.3598 0.4325 0.0700 0.0845 
        D828  4 0.0447 0.5529 0.0209 0.2156 0.1660 
        D845  4 0.0171 0.0215 0.0246 0.4157 0.5211 
        D846  4 0.1125 0.1992 0.3087 0.0244 0.3552 
        D847  4 0.1658 0.2630 0.2334 0.1977 0.1401 
        D848  4 0.7350 0.0353 0.0210 0.0580 0.1507 
        D849  4 0.4329 0.3865 0.0817 0.0224 0.0766 
        D850  4 0.2106 0.1131 0.3805 0.1375 0.1583 
        D856  4 0.1503 0.7068 0.0598 0.0461 0.0370 
        D857  4 0.8388 0.0635 0.0115 0.0278 0.0584 
        D859  4 0.0774 0.3316 0.2664 0.1043 0.2204 
        D860  4 0.0380 0.0419 0.1731 0.5876 0.1594 
        D883  4 0.2582 0.1213 0.3769 0.1946 0.0489 
        D884  4 0.2766 0.2926 0.1867 0.1813 0.0628 
        D885  4 0.1176 0.2570 0.1976 0.0548 0.3731 
        D886  4 0.3732 0.2292 0.2442 0.0396 0.1138 
        D887  4 0.0979 0.2588 0.1827 0.1702 0.2904 
        D889  4 0.0213 0.6194 0.0605 0.1835 0.1153 
        D890  4 0.1879 0.3151 0.1294 0.2648 0.1028 
        D891  4 0.0135 0.0179 0.0172 0.2898 0.6617 
        D899  4 0.0478 0.0698 0.0821 0.2726 0.5277 
        D900  4 0.1229 0.3332 0.2982 0.1101 0.1356 
        D970  4 0.1417 0.1834 0.3041 0.1828 0.1879 
        D971  4 0.0648 0.1032 0.1625 0.0610 0.6085 
        D979  4 0.0207 0.1120 0.7775 0.0355 0.0543 
        D093  5 0.0452 0.0673 0.0561 0.7856 0.0458 
        D154  5 0.0376 0.2777 0.0478 0.1228 0.5140 
        D168  5 0.2460 0.1349 0.1251 0.0430 0.4509 
        D189  5 0.0429 0.2730 0.0630 0.4531 0.1679 
        D190  5 0.0287 0.0604 0.0431 0.8252 0.0426 
     D237220  5 0.3880 0.2721 0.0820 0.1700 0.0879 
     D237221  5 0.0593 0.0925 0.1243 0.5595 0.1644 
     D237274  5 0.0314 0.0887 0.8056 0.0232 0.0511 
     D237275  5 0.0216 0.1038 0.0198 0.0324 0.8224 
     D237276  5 0.2427 0.2342 0.2438 0.2118 0.0675 
     D237277  5 0.0265 0.0424 0.0402 0.8176 0.0733 
     D237278  5 0.1395 0.1184 0.0464 0.2833 0.4123 
     D237279  5 0.7544 0.0698 0.0579 0.0294 0.0885 
     D237280  5 0.5529 0.0713 0.2453 0.0978 0.0326 
     D237281  5 0.0213 0.0250 0.0501 0.0488 0.8548 
     D237351  5 0.6831 0.0563 0.0603 0.1569 0.0433 
     D237352  5 0.4501 0.0913 0.2671 0.0682 0.1232 
     D237353  5 0.0201 0.0284 0.0235 0.9081 0.0200 
     D237359  5 0.1968 0.3474 0.1363 0.1566 0.1629 
     D237361  5 0.0254 0.0290 0.0270 0.9037 0.0149 
     D237362  5 0.0720 0.1135 0.3975 0.3292 0.0878 
     D237363  5 0.0807 0.3688 0.0790 0.1484 0.3231 
     D237364  5 0.1212 0.3601 0.1585 0.0311 0.3292 
     D237376  5 0.0228 0.5451 0.0198 0.3358 0.0764 
     D237377  5 0.3329 0.0442 0.3600 0.2098 0.0531 
     D237378  5 0.0368 0.1158 0.0244 0.7179 0.1050 
     D237379  5 0.0464 0.4151 0.0488 0.4134 0.0763 
     D237380  5 0.7556 0.1367 0.0426 0.0419 0.0233 
     D237381  5 0.6746 0.0811 0.0727 0.0793 0.0923 
     D237391  5 0.0246 0.0312 0.0612 0.8630 0.0200 
     D237392  5 0.0691 0.1087 0.6193 0.0395 0.1633 
     D237393  5 0.1488 0.0501 0.4202 0.3019 0.0789 
     D237394  5 0.0220 0.0199 0.0406 0.9035 0.0140 
     D237395  5 0.1190 0.2427 0.0579 0.4584 0.1220 
     D237396  5 0.1129 0.0381 0.5867 0.1808 0.0814 
     D244016  5 0.0419 0.2269 0.0888 0.5369 0.1055 
     D244018  5 0.1416 0.0534 0.1108 0.2833 0.4109 
     D244019  5 0.0445 0.2500 0.3363 0.1748 0.1943 
        D279  5 0.1026 0.2159 0.0517 0.1776 0.4522 
        D280  5 0.0971 0.1186 0.0991 0.5720 0.1133 
        D281  5 0.0186 0.1378 0.0403 0.1769 0.6264 
        D283  5 0.0296 0.0461 0.1939 0.6806 0.0497 
        D284  5 0.2802 0.4096 0.1274 0.0585 0.1244 
        D285  5 0.0451 0.1245 0.0968 0.6898 0.0439 
        D286  5 0.0750 0.4256 0.1655 0.2793 0.0546 
        D287  5 0.0677 0.5014 0.0242 0.3613 0.0453 
        D288  5 0.0335 0.0819 0.2921 0.4786 0.1139 
        D308  5 0.8071 0.0250 0.1017 0.0469 0.0192 
        D309  5 0.0400 0.2406 0.6270 0.0167 0.0758 
        D310  5 0.0167 0.1038 0.0212 0.8348 0.0236 
        D311  5 0.0504 0.4141 0.2165 0.2237 0.0953 
        D312  5 0.0906 0.2589 0.2021 0.3708 0.0776 
        D313  5 0.9360 0.0134 0.0120 0.0241 0.0146 
        D314  5 0.1324 0.3746 0.0472 0.1549 0.2909 
        D315  5 0.1179 0.1331 0.2172 0.4644 0.0673 
        D317  5 0.0269 0.0424 0.0419 0.8641 0.0247 
        D318  5 0.1178 0.3288 0.2010 0.1331 0.2193 
        D319  5 0.0361 0.0509 0.0363 0.8367 0.0400 
        D320  5 0.0331 0.0751 0.0358 0.8303 0.0256 
        D321  5 0.6842 0.0200 0.0760 0.1829 0.0368 
        D336  5 0.0264 0.3077 0.0448 0.5910 0.0302 
        D337  5 0.0126 0.0305 0.0292 0.8809 0.0468 
        D338  5 0.1359 0.2544 0.2276 0.2327 0.1495 
        D339  5 0.0643 0.0733 0.0570 0.7124 0.0930 
        D347  5 0.0400 0.4186 0.2560 0.0929 0.1926 
        D348  5 0.0252 0.1433 0.0353 0.7385 0.0577 
        D349  5 0.8037 0.0370 0.0286 0.1034 0.0272 
        D350  5 0.0390 0.3275 0.4272 0.0290 0.1773 
        D355  5 0.0227 0.1757 0.1799 0.1016 0.5201 
        D356  5 0.1105 0.1137 0.3216 0.4159 0.0383 
        D357  5 0.0898 0.5139 0.0682 0.1990 0.1291 
        D358  5 0.1241 0.1424 0.1473 0.5144 0.0717 
        D359  5 0.0426 0.0701 0.3607 0.5006 0.0262 
        D360  5 0.0854 0.0962 0.1882 0.6000 0.0302 
        D361  5 0.8742 0.0277 0.0239 0.0525 0.0217 
        D366  5 0.0496 0.0302 0.6171 0.0250 0.2782 
        D367  5 0.0728 0.2861 0.0292 0.5786 0.0333 
        D368  5 0.2127 0.1832 0.1275 0.4244 0.0521 
        D380  5 0.1150 0.1855 0.4733 0.0744 0.1518 
        D381  5 0.0593 0.0721 0.0710 0.6990 0.0987 
        D400  5 0.0546 0.2410 0.1282 0.3063 0.2700 
        D411  5 0.8370 0.0858 0.0228 0.0140 0.0405 
        D412  5 0.1912 0.2611 0.0878 0.1278 0.3320 
        D413  5 0.0503 0.0864 0.0697 0.0399 0.7538 
        D414  5 0.0336 0.3587 0.1058 0.0382 0.4637 
        D420  5 0.2174 0.4135 0.0436 0.2095 0.1160 
        D431  5 0.0819 0.4565 0.0268 0.2434 0.1915 
        D432  5 0.1564 0.0423 0.0795 0.6197 0.1021 
        D433  5 0.0512 0.0567 0.0559 0.7647 0.0715 
        D434  5 0.0932 0.0677 0.1323 0.6612 0.0456 
        D440  5 0.0448 0.3738 0.4377 0.0215 0.1222 
        D447  5 0.1316 0.2110 0.4633 0.0331 0.1610 
        D448  5 0.0193 0.2720 0.0755 0.5621 0.0710 
        D459  5 0.0234 0.0369 0.1101 0.0646 0.7651 
        D460  5 0.7687 0.0203 0.0830 0.1068 0.0212 
        D461  5 0.0272 0.1919 0.6816 0.0442 0.0550 
        D468  5 0.0918 0.2850 0.2694 0.2813 0.0725 
        D469  5 0.1179 0.0953 0.6065 0.1287 0.0516 
        D470  5 0.1866 0.4803 0.1410 0.1036 0.0885 
        D471  5 0.0223 0.2328 0.1128 0.5341 0.0979 
        D472  5 0.0175 0.0237 0.8120 0.0333 0.1136 
        D479  5 0.0273 0.0835 0.0371 0.0233 0.8287 
        D485  5 0.0756 0.6318 0.0698 0.1151 0.1077 
        D486  5 0.1465 0.4426 0.2034 0.1336 0.0739 
        D487  5 0.0553 0.0995 0.0424 0.4312 0.3716 
        D555  5 0.0331 0.0343 0.0319 0.8403 0.0603 
        D556  5 0.0760 0.2252 0.0910 0.4885 0.1194 
        D557  5 0.0218 0.0310 0.0398 0.8806 0.0268 
        D564  5 0.1579 0.2279 0.0901 0.4394 0.0847 
        D594  5 0.0972 0.3213 0.2657 0.1347 0.1811 
        D595  5 0.0830 0.0967 0.2132 0.4894 0.1177 
        D596  5 0.0278 0.0277 0.0329 0.8885 0.0231 
        D597  5 0.0437 0.0523 0.2048 0.3933 0.3060 
        D598  5 0.2147 0.0953 0.1597 0.4359 0.0943 
        D617  5 0.6062 0.1107 0.0343 0.0203 0.2285 
        D618  5 0.0714 0.0689 0.1093 0.6547 0.0957 
        D619  5 0.4281 0.1126 0.2151 0.1715 0.0728 
        D620  5 0.0278 0.0156 0.0487 0.0321 0.8757 
        D628  5 0.2270 0.3780 0.1694 0.1066 0.1190 
        D714  5 0.0451 0.1670 0.0313 0.6090 0.1476 
        D715  5 0.0197 0.0345 0.0850 0.7972 0.0637 
        D716  5 0.0367 0.5556 0.1276 0.0899 0.1903 
        D717  5 0.1209 0.0564 0.5523 0.2181 0.0523 
        D718  5 0.0623 0.7749 0.0237 0.0844 0.0547 
        D769  5 0.6152 0.1477 0.0406 0.0286 0.1679 
        D770  5 0.0491 0.2368 0.0571 0.2007 0.4562 
        D771  5 0.1331 0.2723 0.0725 0.1285 0.3935 
        D772  5 0.0781 0.1943 0.1450 0.5133 0.0693 
        D782  5 0.4946 0.0765 0.0606 0.0726 0.2957 
        D783  5 0.0392 0.2212 0.0592 0.1588 0.5215 
        D784  5 0.0548 0.0726 0.6879 0.1206 0.0641 
        D785  5 0.0761 0.0762 0.0639 0.7574 0.0264 
        D786  5 0.4964 0.1599 0.2295 0.0184 0.0958 
        D821  5 0.0138 0.0177 0.0149 0.9396 0.0140 
        D822  5 0.0636 0.1917 0.4984 0.1318 0.1145 
        D826  5 0.0472 0.0924 0.0877 0.5684 0.2043 
        D827  5 0.0461 0.2651 0.5105 0.0427 0.1357 
        D851  5 0.1337 0.2871 0.1728 0.2624 0.1440 
        D852  5 0.1421 0.1051 0.0389 0.4277 0.2861 
        D853  5 0.0744 0.2590 0.1306 0.4457 0.0903 
        D854  5 0.0838 0.4978 0.1460 0.0414 0.2310 
        D861  5 0.1169 0.2352 0.1023 0.2179 0.3277 
        D862  5 0.0711 0.2100 0.3787 0.2983 0.0420 
        D865  5 0.0430 0.0541 0.0304 0.8234 0.0490 
        D868  5 0.0319 0.0357 0.7961 0.0942 0.0422 
        D869  5 0.8348 0.0448 0.0500 0.0390 0.0315 
        D870  5 0.2270 0.6556 0.0544 0.0233 0.0397 
        D907  5 0.1022 0.1219 0.0348 0.6989 0.0423 
        D908  5 0.0607 0.0535 0.0288 0.5613 0.2957 
        D910  5 0.0293 0.1071 0.0941 0.5445 0.2250 
        D911  5 0.0179 0.1439 0.1333 0.1370 0.5680 
        D934  5 0.0455 0.2805 0.0917 0.2129 0.3695 
        D946  5 0.0696 0.4942 0.0304 0.1155 0.2903 
        D947  5 0.0766 0.4445 0.2665 0.1078 0.1046 
        D948  5 0.7176 0.0213 0.0448 0.1972 0.0191 
        D949  5 0.7564 0.0239 0.0508 0.1523 0.0166 
        D950  5 0.0277 0.0970 0.1129 0.1543 0.6080 
        D951  5 0.0667 0.3117 0.5454 0.0307 0.0455 
        D952  5 0.0404 0.0494 0.7002 0.1420 0.0680 
        D953  5 0.0468 0.0486 0.1321 0.7350 0.0375 
        D954  5 0.0609 0.0596 0.4926 0.3539 0.0330 
        D961  5 0.0672 0.6858 0.0345 0.1549 0.0575 
        D962  5 0.0446 0.2587 0.1129 0.5613 0.0224 
        D963  5 0.0322 0.1298 0.4918 0.2634 0.0828 
        D964  5 0.1576 0.4685 0.0620 0.1480 0.1639 
        D965  5 0.0688 0.5986 0.0888 0.0870 0.1568 
        D966  5 0.0480 0.1031 0.2044 0.5092 0.1352 
        D967  5 0.1652 0.0794 0.0572 0.4535 0.2448 
        D991  5 0.3528 0.2352 0.2060 0.1269 0.0792 
        D502  6 0.0815 0.6534 0.0326 0.0173 0.2152 
        D503  6 0.2411 0.1206 0.0292 0.1353 0.4738 
        D504  6 0.1076 0.1159 0.5406 0.1377 0.0982 
        D505  6 0.1227 0.1646 0.1185 0.4283 0.1659 
        D506  6 0.0243 0.0374 0.0284 0.8911 0.0188 
        D507  6 0.1995 0.2735 0.0773 0.0729 0.3768 
        D508  6 0.0514 0.5528 0.2344 0.0580 0.1034 
        D529  6 0.2711 0.2267 0.2090 0.2085 0.0848 
        D530  6 0.1618 0.5448 0.0342 0.1565 0.1027 
        D531  6 0.0799 0.3823 0.2761 0.1571 0.1046 
        D532  6 0.0506 0.3241 0.2905 0.2289 0.1060 
        D534  6 0.8289 0.0494 0.0482 0.0208 0.0526 
        D535  6 0.1244 0.1235 0.2367 0.4725 0.0429 
        D536  6 0.0764 0.0653 0.0204 0.0198 0.8181 
        D554  6 0.1511 0.4082 0.0951 0.2757 0.0699 
        D587  6 0.0492 0.0587 0.1308 0.6988 0.0625 
        D588  6 0.1057 0.1095 0.2443 0.4543 0.0863 
        D589  6 0.1073 0.2088 0.0464 0.2116 0.4259 
        D590  6 0.0695 0.0414 0.0481 0.0349 0.8062 
        D591  6 0.0948 0.1780 0.0946 0.5172 0.1155 
        D592  6 0.8536 0.0268 0.0469 0.0424 0.0302 
        D593  6 0.0588 0.6909 0.0235 0.1559 0.0709 
        D682  6 0.0487 0.0546 0.0341 0.8307 0.0319 
        D683  6 0.0473 0.0642 0.6045 0.2584 0.0255 
        D684  6 0.3172 0.2129 0.0609 0.0315 0.3775 
        D685  6 0.0686 0.6734 0.0188 0.1016 0.1376 
        D686  6 0.0638 0.5753 0.0475 0.2576 0.0559 
        D724  6 0.1193 0.4619 0.2301 0.0439 0.1447 
        D725  6 0.0999 0.3959 0.0732 0.1607 0.2702 
        D726  6 0.0308 0.0343 0.0301 0.8792 0.0256 
        D727  6 0.0948 0.0966 0.3202 0.1024 0.3860 
        D728  6 0.0691 0.2153 0.0930 0.5755 0.0472 
        D729  6 0.4893 0.0336 0.2522 0.0191 0.2059 
        D730  6 0.1862 0.3410 0.1734 0.0457 0.2538 
        D731  6 0.0177 0.0280 0.0139 0.8634 0.0770 
        D732  6 0.0944 0.2361 0.5101 0.0654 0.0939 
        D733  6 0.1845 0.3392 0.1510 0.1699 0.1554 
     D237251  7 0.0598 0.3148 0.0668 0.1494 0.4092 
     D237252  7 0.3097 0.2857 0.0544 0.0386 0.3116 
     D237253  7 0.0523 0.3037 0.0734 0.2857 0.2849 
     D237254  7 0.8085 0.1110 0.0255 0.0195 0.0354 
     D237255  7 0.0355 0.1373 0.0458 0.1874 0.5941 
     D237256  7 0.0193 0.4992 0.0819 0.0473 0.3523 
     D237257  7 0.1641 0.6624 0.0546 0.0326 0.0862 
     D237282  7 0.1236 0.0936 0.6169 0.0230 0.1429 
     D237283  7 0.7836 0.1378 0.0148 0.0327 0.0311 
     D237284  7 0.8254 0.0578 0.0559 0.0263 0.0346 
     D237285  7 0.0580 0.5173 0.0590 0.1336 0.2321 
     D237286  7 0.0758 0.2107 0.2353 0.3271 0.1511 
     D237287  7 0.0758 0.1730 0.1417 0.0903 0.5192 
     D244006  7 0.8453 0.0656 0.0337 0.0183 0.0372 
     D244007  7 0.0655 0.0853 0.1987 0.0554 0.5951 
     D244008  7 0.7369 0.1579 0.0241 0.0490 0.0322 
     D244009  7 0.5275 0.1619 0.1671 0.0963 0.0472 
     D244010  7 0.1961 0.6137 0.0434 0.0462 0.1006 
     D244011  7 0.1072 0.4094 0.0391 0.2817 0.1626 
     D244012  7 0.1072 0.4049 0.0912 0.0574 0.3393 
     D244013  7 0.0590 0.1135 0.1313 0.3129 0.3834 
     D244014  7 0.3838 0.1883 0.0551 0.1022 0.2707 
     D244015  7 0.3736 0.2924 0.1522 0.0266 0.1553 
     D244125  7 0.0542 0.0615 0.1698 0.5725 0.1420 
     D244126  7 0.7742 0.1676 0.0209 0.0128 0.0245 
     D244130  7 0.3222 0.4148 0.0490 0.0637 0.1504 
     D244131  7 0.2049 0.0907 0.2844 0.3320 0.0880 
     D244132  7 0.0896 0.2051 0.3206 0.3365 0.0481 
        D520  7 0.1554 0.6048 0.0490 0.1558 0.0350 
        D521  7 0.1417 0.4970 0.1626 0.0675 0.1312 
        D522  7 0.6430 0.0376 0.1720 0.0925 0.0549 
        D523  7 0.0462 0.1274 0.0508 0.2102 0.5654 
        D524  7 0.1691 0.1415 0.1159 0.3046 0.2689 
        D525  7 0.6240 0.0559 0.0363 0.0774 0.2063 
        D526  7 0.8363 0.0691 0.0483 0.0200 0.0262 
        D527  7 0.1531 0.2394 0.3100 0.1965 0.1009 
        D528  7 0.0314 0.9267 0.0171 0.0138 0.0110 
        D558  7 0.2099 0.2581 0.2539 0.0248 0.2533 
        D559  7 0.1340 0.3274 0.2121 0.0253 0.3011 
        D640  7 0.0914 0.1238 0.1294 0.5073 0.1480 
        D641  7 0.1426 0.1396 0.0294 0.5457 0.1427 
        D642  7 0.6048 0.0901 0.0526 0.0577 0.1948 
        D644  7 0.3158 0.1763 0.1182 0.2733 0.1164 
        D645  7 0.1577 0.2047 0.1586 0.2243 0.2548 
        D662  7 0.6641 0.0276 0.1820 0.1076 0.0188 
        D687  7 0.0645 0.4246 0.1573 0.1847 0.1689 
        D688  7 0.1703 0.2155 0.3838 0.0334 0.1971 
        D689  7 0.0797 0.1150 0.2427 0.4826 0.0800 
        D700  7 0.0214 0.9141 0.0341 0.0131 0.0173 
        D797  7 0.0915 0.2745 0.2115 0.2831 0.1394 
        D798  7 0.6726 0.1714 0.0638 0.0523 0.0400 
        D799  7 0.1879 0.2824 0.0451 0.0691 0.4155 
        D800  7 0.1065 0.1091 0.6034 0.0289 0.1520 
        D132  8 0.8569 0.0439 0.0406 0.0374 0.0212 
        D133  8 0.0384 0.0305 0.0182 0.0188 0.8942 
        D200  8 0.0244 0.8658 0.0314 0.0327 0.0458 
        D500  8 0.9157 0.0278 0.0228 0.0195 0.0142 
        D614  8 0.1536 0.2233 0.1429 0.4315 0.0486 
        D723  8 0.2276 0.0861 0.5004 0.0401 0.1458 
        D888  8 0.0339 0.0731 0.0498 0.3190 0.5241 
        D901  8 0.1420 0.7153 0.0211 0.0634 0.0582 
        D902  8 0.0706 0.1736 0.0386 0.6578 0.0594 
        D903  8 0.0357 0.1622 0.6537 0.0959 0.0525 
        D904  8 0.1780 0.2648 0.3772 0.0776 0.1024 
        D905  8 0.0158 0.0795 0.0151 0.5090 0.3806 
        D906  8 0.0799 0.1352 0.0849 0.0857 0.6143 
        D937  8 0.0343 0.1262 0.0157 0.7738 0.0499 
        D943  8 0.2585 0.4563 0.0921 0.0401 0.1530 
        D972  8 0.2927 0.1923 0.3504 0.0337 0.1309 
        D973  8 0.0931 0.0577 0.7912 0.0299 0.0281 
        D974  8 0.1461 0.3315 0.2487 0.0918 0.1819 
        D975  8 0.0433 0.7074 0.0543 0.1124 0.0826 
        D976  8 0.1351 0.4830 0.0449 0.1707 0.1663 
        D201  9 0.0933 0.2467 0.1027 0.0627 0.4947 
        D202  9 0.0405 0.7408 0.0232 0.0361 0.1594 
     D237259  9 0.2335 0.2852 0.2143 0.0284 0.2385 
     D237260  9 0.1376 0.2588 0.0180 0.0753 0.5103 
     D237262  9 0.9118 0.0240 0.0237 0.0225 0.0180 
     D237263  9 0.4788 0.1556 0.0755 0.0519 0.2381 
     D237264  9 0.3257 0.2000 0.1118 0.1999 0.1626 
     D237265  9 0.0823 0.1984 0.0242 0.2011 0.4940 
     D237266  9 0.3293 0.0258 0.0550 0.0387 0.5512 
     D237267  9 0.0661 0.7828 0.0316 0.0767 0.0428 
     D237268  9 0.3735 0.3805 0.1290 0.0666 0.0504 
     D237289  9 0.0671 0.1541 0.0351 0.3179 0.4257 
     D237290  9 0.0551 0.0755 0.0301 0.0664 0.7729 
     D237291  9 0.0554 0.1154 0.0267 0.0843 0.7182 
     D237292  9 0.1164 0.2726 0.0319 0.0284 0.5507 
     D237293  9 0.2417 0.3439 0.1794 0.1466 0.0884 
     D237294  9 0.2611 0.5067 0.0216 0.0542 0.1564 
     D237295  9 0.2171 0.1992 0.3709 0.1804 0.0323 
     D237296  9 0.1290 0.5035 0.0813 0.1246 0.1616 
     D237297  9 0.0633 0.4458 0.0534 0.3612 0.0763 
     D237298  9 0.1751 0.2028 0.3483 0.0970 0.1768 
     D237341  9 0.1055 0.2432 0.1197 0.1428 0.3888 
     D237342  9 0.3812 0.4649 0.0316 0.0378 0.0845 
     D237343  9 0.3720 0.1527 0.0439 0.0566 0.3748 
     D237344  9 0.1142 0.1981 0.0656 0.4413 0.1808 
     D237345  9 0.7468 0.1428 0.0381 0.0151 0.0572 
     D237346  9 0.1617 0.0921 0.0347 0.2249 0.4867 
     D237347  9 0.0747 0.0660 0.0431 0.6983 0.1179 
     D237348  9 0.3740 0.2055 0.1172 0.1050 0.1983 
     D237349  9 0.2405 0.0372 0.2935 0.0243 0.4045 
     D244109  9 0.0750 0.0749 0.0584 0.0171 0.7745 
     D244110  9 0.0742 0.0679 0.0456 0.0332 0.7791 
     D244111  9 0.1159 0.3958 0.1381 0.0702 0.2801 
     D244128  9 0.3829 0.4943 0.0254 0.0254 0.0720 
     D244137  9 0.1563 0.0425 0.6532 0.0550 0.0929 
     D244138  9 0.1416 0.3279 0.0274 0.1026 0.4004 
        D580  9 0.2654 0.6514 0.0379 0.0267 0.0187 
        D581  9 0.0554 0.1416 0.0209 0.0400 0.7421 
        D582  9 0.6140 0.3204 0.0209 0.0226 0.0222 
        D583  9 0.0952 0.0445 0.0168 0.0250 0.8185 
        D584  9 0.1862 0.4322 0.0338 0.2550 0.0928 
        D585  9 0.4212 0.3172 0.0403 0.0501 0.1711 
        D586  9 0.0407 0.0235 0.0293 0.5160 0.3905 
        D651  9 0.0940 0.0480 0.5449 0.2168 0.0964 
        D652  9 0.5170 0.0580 0.2097 0.0264 0.1890 
        D653  9 0.0644 0.1653 0.2472 0.1546 0.3685 
        D654  9 0.2276 0.0806 0.2769 0.0406 0.3743 
        D655  9 0.0608 0.1381 0.1254 0.4846 0.1911 
        D656  9 0.7998 0.0665 0.0611 0.0229 0.0498 
        D657  9 0.2809 0.4149 0.0705 0.0487 0.1850 
        D667  9 0.0440 0.0986 0.0791 0.6647 0.1136 
        D668  9 0.4866 0.1360 0.0644 0.1885 0.1245 
        D669  9 0.0777 0.3696 0.0486 0.1335 0.3705 
        D670  9 0.0796 0.1212 0.7036 0.0557 0.0399 
        D671  9 0.0550 0.1315 0.0398 0.0674 0.7063 
        D672  9 0.4274 0.3484 0.0627 0.0309 0.1306 
        D673  9 0.2202 0.3318 0.1344 0.2498 0.0638 
        D692  9 0.3315 0.1670 0.0423 0.0277 0.4315 
        D693  9 0.2479 0.2362 0.1530 0.2528 0.1102 
        D694  9 0.4798 0.4042 0.0210 0.0377 0.0573 
        D695  9 0.5213 0.0735 0.2408 0.1043 0.0601 
        D696  9 0.0180 0.1466 0.0253 0.7885 0.0216 
        D697  9 0.1265 0.0500 0.0863 0.6184 0.1188 
        D698  9 0.0858 0.1921 0.0434 0.2696 0.4091 
        D699  9 0.1012 0.3097 0.0351 0.4624 0.0916 
        D787  9 0.3399 0.0525 0.3824 0.0451 0.1802 
        D788  9 0.0757 0.4932 0.0756 0.3165 0.0391 
        D789  9 0.1625 0.5957 0.0298 0.0860 0.1260 
        D790  9 0.3597 0.0604 0.1447 0.1936 0.2415 
        D791  9 0.0538 0.3740 0.0211 0.1261 0.4250 
        D792  9 0.2897 0.0369 0.3438 0.1007 0.2290 
        D793  9 0.0396 0.0279 0.1440 0.7493 0.0392 
        D794  9 0.1039 0.0706 0.3283 0.3343 0.1628 
        D795  9 0.4845 0.3590 0.0169 0.0961 0.0435 
        D796  9 0.0714 0.3264 0.0559 0.2331 0.3132 
        D142 10 0.0374 0.5288 0.1189 0.1836 0.1313 
        D143 10 0.0426 0.0436 0.0465 0.0410 0.8263 
        D144 10 0.2476 0.2144 0.1429 0.2820 0.1131 
        D145 10 0.0536 0.1659 0.0423 0.1616 0.5765 
        D146 10 0.3979 0.4421 0.0569 0.0569 0.0462 
        D147 10 0.0560 0.8019 0.0531 0.0183 0.0707 
        D148 10 0.1266 0.6994 0.0707 0.0664 0.0369 
        D149 10 0.0395 0.0610 0.0698 0.0457 0.7840 
        D151 10 0.1783 0.6632 0.0236 0.0669 0.0679 
        D152 10 0.0204 0.0405 0.0153 0.0220 0.9018 
        D153 10 0.0601 0.2534 0.5462 0.1005 0.0398 
        D156 10 0.0432 0.3357 0.4873 0.0349 0.0990 
        D157 10 0.2266 0.3097 0.0586 0.3269 0.0781 
        D158 10 0.0445 0.7014 0.0186 0.1230 0.1126 
        D159 10 0.0209 0.0264 0.0313 0.0251 0.8963 
        D160 10 0.0257 0.0215 0.0137 0.7235 0.2156 
        D161 10 0.1140 0.1338 0.4337 0.1636 0.1549 
        D162 10 0.0364 0.2622 0.3473 0.0957 0.2585 
        D169 10 0.8398 0.0362 0.0391 0.0436 0.0413 
        D170 10 0.7141 0.1240 0.0582 0.0642 0.0395 
        D171 10 0.0707 0.6763 0.0767 0.1189 0.0574 
        D172 10 0.1177 0.5027 0.1305 0.0437 0.2054 
