        D174  1 0.0582 0.7732 0.1686 
        D199  1 0.3490 0.5256 0.1254 
        D203  1 0.4082 0.3788 0.2130 
        D204  1 0.1388 0.7045 0.1567 
     D237366  1 0.2535 0.2477 0.4988 
     D237367  1 0.1358 0.1795 0.6846 
     D237368  1 0.1385 0.2506 0.6109 
     D244101  1 0.5165 0.3613 0.1222 
     D244102  1 0.2396 0.4883 0.2720 
     D244103  1 0.0693 0.1858 0.7449 
     D244104  1 0.1946 0.5767 0.2287 
     D244105  1 0.0604 0.0638 0.8759 
     D244106  1 0.3127 0.5972 0.0901 
     D244107  1 0.0722 0.0318 0.8959 
     D244108  1 0.0879 0.7634 0.1487 
     D244113  1 0.0943 0.8396 0.0661 
     D244114  1 0.5215 0.2641 0.2144 
     D244115  1 0.0911 0.5415 0.3675 
     D267365  1 0.1319 0.7673 0.1008 
        D404  1 0.1314 0.7914 0.0771 
        D405  1 0.2432 0.6016 0.1552 
        D406  1 0.0335 0.1434 0.8231 
        D407  1 0.1001 0.1306 0.7693 
        D408  1 0.2600 0.6263 0.1137 
        D409  1 0.1023 0.1106 0.7871 
        D410  1 0.0257 0.0906 0.8836 
        D421  1 0.1913 0.4715 0.3372 
        D422  1 0.0377 0.0270 0.9353 
        D423  1 0.0274 0.0299 0.9427 
        D424  1 0.0269 0.2452 0.7279 
        D425  1 0.0914 0.7989 0.1098 
        D426  1 0.1794 0.0442 0.7764 
        D427  1 0.7415 0.1648 0.0936 
        D428  1 0.1274 0.5447 0.3280 
        D429  1 0.1046 0.7066 0.1889 
        D430  1 0.4822 0.3245 0.1934 
        D491  1 0.0428 0.8836 0.0736 
        D492  1 0.1163 0.5577 0.3260 
        D537  1 0.0506 0.5768 0.3726 
        D538  1 0.2296 0.4253 0.3451 
        D539  1 0.3781 0.4124 0.2096 
        D540  1 0.0879 0.3619 0.5502 
        D541  1 0.1191 0.5730 0.3080 
        D551  1 0.6651 0.0871 0.2478 
        D552  1 0.1015 0.5179 0.3805 
        D553  1 0.0720 0.4824 0.4456 
        D615  1 0.2273 0.4822 0.2906 
        D616  1 0.2744 0.2858 0.4398 
        D621  1 0.0774 0.2731 0.6495 
        D622  1 0.0565 0.1040 0.8395 
        D623  1 0.3921 0.5412 0.0667 
        D624  1 0.0566 0.8583 0.0851 
        D625  1 0.0540 0.7291 0.2169 
        D626  1 0.1800 0.5381 0.2820 
        D627  1 0.1425 0.0768 0.7808 
        D690  1 0.0362 0.6710 0.2928 
        D691  1 0.0638 0.1276 0.8086 
        D710  1 0.1988 0.5643 0.2369 
        D711  1 0.1047 0.6418 0.2535 
        D712  1 0.1049 0.7995 0.0956 
        D713  1 0.0388 0.8446 0.1167 
        D746  1 0.0513 0.0577 0.8910 
        D747  1 0.1874 0.6081 0.2046 
        D748  1 0.0728 0.3746 0.5526 
        D749  1 0.1806 0.1969 0.6225 
        D750  1 0.0697 0.7979 0.1324 
        D763  1 0.5770 0.1677 0.2553 
        D764  1 0.0380 0.7389 0.2230 
        D765  1 0.0529 0.2659 0.6812 
        D766  1 0.0399 0.3744 0.5857 
        D767  1 0.3042 0.4141 0.2816 
        D768  1 0.0870 0.3130 0.6001 
        D811  1 0.1366 0.6485 0.2150 
        D816  1 0.0504 0.7380 0.2116 
        D825  1 0.0637 0.6822 0.2542 
        D866  1 0.6839 0.2275 0.0886 
        D867  1 0.0422 0.0544 0.9034 
        D871  1 0.1095 0.1592 0.7313 
        D872  1 0.0950 0.6802 0.2248 
        D873  1 0.0234 0.0277 0.9489 
        D874  1 0.1178 0.8532 0.0290 
        D875  1 0.0410 0.0688 0.8902 
        D876  1 0.0556 0.8181 0.1264 
        D877  1 0.0519 0.9164 0.0317 
        D892  1 0.0482 0.7408 0.2110 
        D893  1 0.1964 0.3453 0.4583 
        D894  1 0.1331 0.5372 0.3297 
        D915  1 0.0630 0.5033 0.4338 
        D916  1 0.0713 0.6443 0.2844 
        D917  1 0.1628 0.7571 0.0801 
        D925  1 0.0398 0.2013 0.7589 
        D926  1 0.0967 0.5330 0.3703 
        D927  1 0.5640 0.3093 0.1267 
        D928  1 0.0276 0.9471 0.0253 
        D929  1 0.1452 0.6661 0.1887 
        D936  1 0.3900 0.4534 0.1566 
        D938  1 0.0302 0.0511 0.9187 
        D956  1 0.1635 0.7063 0.1301 
        D957  1 0.0850 0.5720 0.3430 
        D958  1 0.0293 0.8091 0.1616 
        D959  1 0.0550 0.0870 0.8580 
        D960  1 0.0330 0.1010 0.8659 
        D989  1 0.3330 0.5954 0.0716 
        D990  1 0.0954 0.0448 0.8598 
        D023  2 0.0451 0.0854 0.8695 
        D130  2 0.0545 0.0611 0.8843 
        D131  2 0.2140 0.2150 0.5710 
        D163  2 0.0375 0.0678 0.8947 
        D164  2 0.4424 0.0286 0.5289 
        D165  2 0.0697 0.0406 0.8897 
        D166  2 0.3651 0.2516 0.3833 
        D167  2 0.9361 0.0336 0.0303 
        D192  2 0.9485 0.0265 0.0250 
        D193  2 0.1367 0.6519 0.2114 
        D206  2 0.1900 0.2075 0.6025 
        D207  2 0.7970 0.1074 0.0956 
        D208  2 0.6311 0.2985 0.0704 
        D209  2 0.6300 0.0869 0.2831 
        D210  2 0.4381 0.4887 0.0732 
     D229599  2 0.3956 0.3214 0.2830 
     D229600  2 0.4393 0.0668 0.4939 
     D237227  2 0.3010 0.3758 0.3232 
     D237228  2 0.2332 0.2450 0.5218 
     D237258  2 0.4241 0.3082 0.2677 
     D237310  2 0.1797 0.1181 0.7023 
     D237311  2 0.3590 0.0773 0.5638 
     D237312  2 0.0996 0.3426 0.5578 
     D237313  2 0.1030 0.5589 0.3381 
     D237322  2 0.6189 0.2213 0.1598 
     D237323  2 0.1641 0.2242 0.6118 
     D237324  2 0.3843 0.0439 0.5719 
     D237325  2 0.1381 0.3422 0.5197 
     D237326  2 0.0713 0.3033 0.6254 
     D237327  2 0.7223 0.1412 0.1366 
     D237337  2 0.0490 0.1875 0.7635 
     D237338  2 0.2929 0.2215 0.4856 
     D237339  2 0.6661 0.2091 0.1248 
     D237340  2 0.4856 0.2824 0.2320 
     D237389  2 0.1216 0.1122 0.7662 
     D237390  2 0.0983 0.4597 0.4420 
     D244017  2 0.5534 0.3391 0.1075 
     D244112  2 0.8703 0.0299 0.0998 
     D244118  2 0.7353 0.0383 0.2264 
     D244119  2 0.5774 0.3659 0.0566 
     D244120  2 0.8405 0.0979 0.0616 
     D244122  2 0.8197 0.1101 0.0702 
        D291  2 0.7138 0.0863 0.1999 
        D292  2 0.6350 0.2846 0.0804 
        D293  2 0.9105 0.0589 0.0306 
        D322  2 0.7574 0.1501 0.0924 
        D323  2 0.3491 0.4557 0.1952 
        D324  2 0.3962 0.2618 0.3420 
        D325  2 0.9140 0.0229 0.0631 
        D326  2 0.1329 0.7062 0.1609 
        D340  2 0.9370 0.0238 0.0392 
        D341  2 0.8966 0.0467 0.0568 
        D342  2 0.6506 0.0546 0.2948 
        D343  2 0.9617 0.0168 0.0215 
        D344  2 0.1650 0.5334 0.3016 
        D345  2 0.1146 0.3822 0.5032 
        D346  2 0.2910 0.5967 0.1123 
        D351  2 0.4071 0.2491 0.3438 
        D352  2 0.3226 0.4092 0.2682 
        D353  2 0.1753 0.4179 0.4068 
        D354  2 0.0637 0.7072 0.2291 
        D362  2 0.0809 0.5899 0.3292 
        D363  2 0.0886 0.7117 0.1997 
        D364  2 0.0650 0.6732 0.2618 
        D365  2 0.9433 0.0305 0.0262 
        D369  2 0.4377 0.3307 0.2315 
        D374  2 0.0484 0.8996 0.0520 
        D375  2 0.1194 0.4978 0.3828 
        D376  2 0.0943 0.8274 0.0784 
        D377  2 0.1934 0.4141 0.3925 
        D378  2 0.6255 0.2090 0.1655 
        D379  2 0.0516 0.7454 0.2030 
        D384  2 0.0473 0.8255 0.1272 
        D385  2 0.9225 0.0417 0.0359 
        D386  2 0.2407 0.4792 0.2802 
        D391  2 0.9219 0.0466 0.0315 
        D392  2 0.8090 0.1074 0.0836 
        D393  2 0.5261 0.2501 0.2237 
        D394  2 0.2716 0.2377 0.4907 
        D395  2 0.8169 0.0789 0.1042 
        D401  2 0.0483 0.0578 0.8939 
        D402  2 0.9395 0.0319 0.0286 
        D403  2 0.0789 0.3620 0.5590 
        D415  2 0.0429 0.1619 0.7953 
        D435  2 0.5416 0.1037 0.3547 
        D436  2 0.1146 0.7376 0.1478 
        D438  2 0.9192 0.0342 0.0467 
        D439  2 0.3518 0.1830 0.4651 
        D449  2 0.5898 0.0684 0.3419 
        D450  2 0.0858 0.7217 0.1924 
        D456  2 0.0403 0.5139 0.4458 
        D462  2 0.9307 0.0335 0.0357 
        D463  2 0.0338 0.8060 0.1602 
        D464  2 0.2975 0.5231 0.1793 
        D465  2 0.4925 0.0936 0.4140 
        D473  2 0.1400 0.7014 0.1585 
        D474  2 0.4242 0.3329 0.2430 
        D476  2 0.3266 0.0575 0.6159 
        D477  2 0.2381 0.5709 0.1910 
        D478  2 0.1605 0.4778 0.3617 
        D480  2 0.4799 0.4636 0.0564 
        D481  2 0.2588 0.4549 0.2863 
        D482  2 0.5538 0.2786 0.1677 
        D483  2 0.9193 0.0501 0.0305 
        D484  2 0.6314 0.2494 0.1192 
        D510  2 0.1944 0.7394 0.0662 
        D511  2 0.5378 0.2615 0.2007 
        D512  2 0.2344 0.0382 0.7274 
        D513  2 0.6133 0.1497 0.2369 
        D635  2 0.0745 0.2277 0.6978 
        D636  2 0.0264 0.0437 0.9299 
        D637  2 0.6792 0.1939 0.1269 
        D658  2 0.7703 0.1621 0.0676 
        D659  2 0.1578 0.4531 0.3891 
        D677  2 0.2445 0.2371 0.5184 
        D678  2 0.8284 0.0485 0.1231 
        D679  2 0.3286 0.4550 0.2165 
        D719  2 0.3035 0.6579 0.0386 
        D720  2 0.0874 0.7766 0.1360 
        D721  2 0.2211 0.1024 0.6765 
        D722  2 0.0959 0.8081 0.0960 
        D734  2 0.5011 0.4583 0.0406 
        D735  2 0.2354 0.5333 0.2313 
        D736  2 0.2712 0.5672 0.1615 
        D737  2 0.8152 0.1015 0.0833 
        D807  2 0.2340 0.6507 0.1153 
        D808  2 0.4828 0.1394 0.3778 
        D817  2 0.0797 0.6866 0.2337 
        D818  2 0.6964 0.0806 0.2230 
        D819  2 0.1817 0.2666 0.5518 
        D820  2 0.2621 0.6409 0.0969 
        D895  2 0.1104 0.2874 0.6022 
        D896  2 0.0360 0.0879 0.8761 
        D897  2 0.8053 0.0599 0.1347 
        D898  2 0.2743 0.3508 0.3749 
        D918  2 0.4056 0.1560 0.4384 
        D919  2 0.6293 0.2171 0.1536 
        D920  2 0.0720 0.0752 0.8527 
        D923  2 0.1596 0.6655 0.1749 
        D930  2 0.1094 0.7676 0.1230 
        D931  2 0.4303 0.4411 0.1285 
        D968  2 0.9471 0.0246 0.0284 
        D969  2 0.6491 0.2282 0.1227 
        D977  2 0.8152 0.0391 0.1456 
        D978  2 0.7391 0.1503 0.1107 
        D211  3 0.1123 0.1241 0.7636 
     D229639  3 0.7817 0.1486 0.0697 
     D237212  3 0.6291 0.1385 0.2324 
     D237213  3 0.1697 0.2232 0.6071 
     D237214  3 0.0407 0.0913 0.8680 
     D237215  3 0.8734 0.0946 0.0320 
     D237216  3 0.2008 0.0685 0.7307 
     D237217  3 0.0816 0.0756 0.8429 
     D237218  3 0.6273 0.1861 0.1865 
     D237219  3 0.2231 0.1724 0.6045 
     D237382  3 0.1525 0.6419 0.2055 
     D244127  3 0.2240 0.0493 0.7267 
     D244129  3 0.2945 0.2876 0.4179 
     D244133  3 0.2642 0.3085 0.4274 
     D244134  3 0.4618 0.3328 0.2054 
     D244135  3 0.1171 0.0631 0.8198 
     D244136  3 0.1921 0.6010 0.2069 
        D416  3 0.4439 0.1100 0.4461 
        D417  3 0.0555 0.6387 0.3058 
        D419  3 0.3246 0.2571 0.4183 
        D565  3 0.0464 0.9074 0.0462 
        D566  3 0.5205 0.3583 0.1213 
        D567  3 0.0793 0.4060 0.5148 
        D568  3 0.2963 0.1658 0.5379 
        D569  3 0.5854 0.1670 0.2476 
        D573  3 0.8658 0.0560 0.0782 
        D574  3 0.1773 0.5881 0.2345 
        D575  3 0.1766 0.3377 0.4857 
        D576  3 0.9091 0.0399 0.0510 
        D577  3 0.1002 0.6533 0.2465 
        D578  3 0.0500 0.0265 0.9234 
        D579  3 0.3029 0.5188 0.1782 
        D660  3 0.6720 0.0542 0.2739 
        D661  3 0.8579 0.0540 0.0880 
        D663  3 0.8634 0.0634 0.0732 
        D664  3 0.3035 0.2042 0.4924 
        D665  3 0.2015 0.0507 0.7479 
        D666  3 0.1548 0.3409 0.5043 
        D009  4 0.0870 0.1968 0.7163 
        D057  4 0.7375 0.0956 0.1669 
        D109  4 0.0691 0.1580 0.7730 
     D237222  4 0.1047 0.2801 0.6153 
     D237223  4 0.2221 0.2289 0.5489 
     D237224  4 0.7205 0.1672 0.1124 
     D237225  4 0.1239 0.2221 0.6540 
     D237299  4 0.2035 0.0647 0.7319 
     D237300  4 0.8492 0.0771 0.0738 
     D237306  4 0.0787 0.7642 0.1570 
     D237307  4 0.1354 0.6805 0.1841 
     D237308  4 0.6618 0.2031 0.1350 
     D237309  4 0.1208 0.1659 0.7133 
     D237317  4 0.0495 0.8192 0.1313 
     D237318  4 0.9215 0.0430 0.0355 
     D237319  4 0.1963 0.2677 0.5360 
     D237320  4 0.3981 0.1218 0.4801 
     D237321  4 0.7900 0.1043 0.1057 
     D237397  4 0.3531 0.3945 0.2524 
     D237398  4 0.8265 0.0641 0.1094 
     D237399  4 0.3897 0.4301 0.1802 
     D244001  4 0.1114 0.0894 0.7991 
        D289  4 0.3551 0.5089 0.1360 
        D290  4 0.4954 0.3816 0.1230 
        D294  4 0.4340 0.3752 0.1908 
        D295  4 0.1514 0.5632 0.2854 
        D301  4 0.1940 0.0773 0.7287 
        D302  4 0.1361 0.6562 0.2078 
        D303  4 0.1647 0.7016 0.1337 
        D304  4 0.4501 0.4758 0.0741 
        D305  4 0.3812 0.0519 0.5670 
        D306  4 0.2170 0.5975 0.1855 
        D307  4 0.1361 0.0742 0.7897 
        D327  4 0.1721 0.6600 0.1678 
        D328  4 0.1463 0.7302 0.1235 
        D329  4 0.5880 0.2101 0.2019 
        D330  4 0.1011 0.2184 0.6805 
        D331  4 0.3467 0.4513 0.2021 
        D333  4 0.2730 0.4727 0.2544 
        D334  4 0.0822 0.7898 0.1280 
        D335  4 0.1663 0.7313 0.1024 
        D370  4 0.0831 0.6828 0.2341 
        D371  4 0.0767 0.8675 0.0557 
        D372  4 0.8571 0.0657 0.0772 
        D373  4 0.2177 0.0400 0.7424 
        D455  4 0.2074 0.0679 0.7247 
        D490  4 0.0355 0.0432 0.9213 
        D497  4 0.0716 0.0466 0.8818 
        D498  4 0.3242 0.4440 0.2318 
        D499  4 0.7753 0.1272 0.0975 
        D514  4 0.2064 0.3460 0.4477 
        D515  4 0.1447 0.1714 0.6839 
        D516  4 0.1770 0.4551 0.3679 
        D517  4 0.1359 0.0400 0.8241 
        D518  4 0.2540 0.5262 0.2199 
        D519  4 0.2166 0.0783 0.7051 
        D560  4 0.2938 0.1112 0.5950 
        D561  4 0.1041 0.0521 0.8438 
        D562  4 0.4005 0.2806 0.3188 
        D563  4 0.8292 0.0497 0.1211 
        D572  4 0.2950 0.4691 0.2358 
        D629  4 0.1447 0.2935 0.5618 
        D630  4 0.2602 0.4216 0.3182 
        D631  4 0.7296 0.1791 0.0913 
        D632  4 0.2548 0.0931 0.6521 
        D646  4 0.1244 0.1835 0.6921 
        D647  4 0.2184 0.3265 0.4551 
        D648  4 0.1723 0.7152 0.1124 
        D649  4 0.0944 0.3536 0.5520 
        D650  4 0.1380 0.6340 0.2280 
        D708  4 0.1722 0.6503 0.1774 
        D709  4 0.2049 0.6413 0.1538 
        D738  4 0.0617 0.7694 0.1690 
        D739  4 0.2366 0.2059 0.5575 
        D740  4 0.4587 0.1784 0.3629 
        D741  4 0.3536 0.0939 0.5525 
        D742  4 0.7610 0.1449 0.0941 
        D743  4 0.3100 0.5569 0.1331 
        D744  4 0.5940 0.2281 0.1779 
        D745  4 0.1089 0.0474 0.8437 
        D814  4 0.6245 0.0686 0.3069 
        D815  4 0.1995 0.6597 0.1409 
        D828  4 0.4824 0.4046 0.1130 
        D845  4 0.8978 0.0623 0.0399 
        D846  4 0.5682 0.1080 0.3238 
        D847  4 0.3627 0.2986 0.3387 
        D848  4 0.4315 0.0316 0.5369 
        D849  4 0.0757 0.0825 0.8418 
        D850  4 0.2274 0.2957 0.4769 
        D856  4 0.1875 0.2482 0.5643 
        D857  4 0.0803 0.0615 0.8582 
        D859  4 0.4681 0.3691 0.1629 
        D860  4 0.3395 0.6163 0.0442 
        D883  4 0.1009 0.5423 0.3568 
        D884  4 0.0964 0.5172 0.3864 
        D885  4 0.5154 0.1013 0.3834 
        D886  4 0.2173 0.3479 0.4348 
        D887  4 0.6405 0.2170 0.1426 
        D889  4 0.7542 0.2010 0.0448 
        D890  4 0.1803 0.5692 0.2505 
        D891  4 0.9535 0.0218 0.0247 
        D899  4 0.7614 0.1895 0.0491 
        D900  4 0.2615 0.4240 0.3145 
        D970  4 0.3825 0.3851 0.2324 
        D971  4 0.6364 0.2617 0.1018 
        D979  4 0.1726 0.7684 0.0590 
        D093  5 0.1737 0.7223 0.1040 
        D154  5 0.6904 0.1442 0.1654 
        D168  5 0.4427 0.0773 0.4800 
        D189  5 0.4048 0.5103 0.0849 
        D190  5 0.1063 0.8405 0.0532 
     D237220  5 0.3384 0.2130 0.4487 
     D237221  5 0.3487 0.5365 0.1148 
     D237274  5 0.0886 0.6495 0.2619 
     D237275  5 0.8851 0.0527 0.0622 
     D237276  5 0.1160 0.6290 0.2551 
     D237277  5 0.3839 0.5420 0.0741 
     D237278  5 0.6918 0.1774 0.1308 
     D237279  5 0.0428 0.0444 0.9129 
     D237280  5 0.0603 0.2922 0.6475 
     D237281  5 0.9207 0.0330 0.0463 
     D237351  5 0.0905 0.1305 0.7791 
     D237352  5 0.1163 0.4437 0.4400 
     D237353  5 0.1001 0.8503 0.0496 
     D237359  5 0.4369 0.1749 0.3882 
     D237361  5 0.0982 0.8365 0.0652 
     D237362  5 0.1887 0.4982 0.3130 
     D237363  5 0.3240 0.1427 0.5333 
     D237364  5 0.5098 0.1136 0.3766 
     D237376  5 0.2882 0.6265 0.0853 
     D237377  5 0.0884 0.4115 0.5002 
     D237378  5 0.4785 0.4447 0.0768 
     D237379  5 0.3140 0.5324 0.1535 
     D237380  5 0.0405 0.3602 0.5992 
     D237381  5 0.1350 0.2258 0.6392 
     D237391  5 0.1709 0.7322 0.0969 
     D237392  5 0.2459 0.4614 0.2927 
     D237393  5 0.1573 0.6426 0.2001 
     D237394  5 0.0468 0.8820 0.0713 
     D237395  5 0.2755 0.4057 0.3188 
     D237396  5 0.1461 0.4964 0.3575 
     D244016  5 0.3088 0.5181 0.1730 
     D244018  5 0.6110 0.1605 0.2285 
     D244019  5 0.2668 0.5492 0.1840 
        D279  5 0.6958 0.1061 0.1981 
        D280  5 0.3527 0.4516 0.1957 
        D281  5 0.8786 0.0832 0.0381 
        D283  5 0.1486 0.7769 0.0745 
        D284  5 0.1730 0.1335 0.6935 
        D285  5 0.2721 0.6188 0.1091 
        D286  5 0.2245 0.5690 0.2065 
        D287  5 0.2019 0.6404 0.1577 
        D288  5 0.3076 0.5353 0.1571 
        D308  5 0.0283 0.1017 0.8700 
        D309  5 0.1941 0.4858 0.3201 
        D310  5 0.0980 0.8349 0.0671 
        D311  5 0.1632 0.7302 0.1066 
        D312  5 0.1062 0.7774 0.1164 
        D313  5 0.0241 0.0343 0.9416 
        D314  5 0.5146 0.1729 0.3125 
        D315  5 0.1701 0.6321 0.1978 
        D317  5 0.0616 0.8853 0.0531 
        D318  5 0.3733 0.2518 0.3749 
        D319  5 0.1295 0.8118 0.0587 
        D320  5 0.1168 0.7948 0.0884 
        D321  5 0.0793 0.1126 0.8080 
        D336  5 0.0539 0.9082 0.0380 
        D337  5 0.1134 0.8591 0.0275 
        D338  5 0.3074 0.4208 0.2717 
        D339  5 0.1810 0.6586 0.1604 
        D347  5 0.2174 0.6701 0.1125 
        D348  5 0.0736 0.8905 0.0359 
        D349  5 0.0522 0.0920 0.8559 
        D350  5 0.4239 0.4040 0.1721 
        D355  5 0.8175 0.1181 0.0645 
        D356  5 0.0949 0.7435 0.1615 
        D357  5 0.2204 0.5484 0.2312 
        D358  5 0.1215 0.7551 0.1234 
        D359  5 0.0432 0.8853 0.0715 
        D360  5 0.0911 0.7809 0.1280 
        D361  5 0.0375 0.0463 0.9161 
        D366  5 0.4650 0.1813 0.3537 
        D367  5 0.1570 0.6980 0.1450 
        D368  5 0.0809 0.5769 0.3422 
        D380  5 0.2503 0.3573 0.3924 
        D381  5 0.1468 0.7425 0.1107 
        D400  5 0.4055 0.5165 0.0779 
        D411  5 0.0383 0.0223 0.9394 
        D412  5 0.3562 0.3702 0.2736 
        D413  5 0.8273 0.0638 0.1088 
        D414  5 0.7964 0.1084 0.0952 
        D420  5 0.3848 0.1591 0.4561 
        D431  5 0.5488 0.2121 0.2391 
        D432  5 0.3320 0.4979 0.1701 
        D433  5 0.2741 0.6409 0.0850 
        D434  5 0.0729 0.8032 0.1239 
        D440  5 0.3327 0.4001 0.2672 
        D447  5 0.2083 0.1662 0.6255 
        D448  5 0.1419 0.8076 0.0505 
        D459  5 0.8803 0.0853 0.0345 
        D460  5 0.0506 0.1096 0.8398 
        D461  5 0.2742 0.5567 0.1691 
        D468  5 0.1340 0.4178 0.4482 
        D469  5 0.1478 0.5544 0.2978 
        D470  5 0.0993 0.3836 0.5171 
        D471  5 0.2120 0.7489 0.0391 
        D472  5 0.5242 0.3524 0.1234 
        D479  5 0.8911 0.0615 0.0473 
        D485  5 0.3215 0.4984 0.1800 
        D486  5 0.0850 0.4180 0.4971 
        D487  5 0.7692 0.1427 0.0881 
        D555  5 0.1803 0.7748 0.0449 
        D556  5 0.4256 0.4144 0.1600 
        D557  5 0.1615 0.7903 0.0482 
        D564  5 0.1671 0.6150 0.2179 
        D594  5 0.1743 0.5401 0.2856 
        D595  5 0.2434 0.5935 0.1631 
        D596  5 0.1066 0.8345 0.0589 
        D597  5 0.3849 0.5426 0.0725 
        D598  5 0.1848 0.6586 0.1566 
        D617  5 0.1517 0.0435 0.8048 
        D618  5 0.2805 0.6251 0.0944 
        D619  5 0.0826 0.5269 0.3905 
        D620  5 0.9086 0.0497 0.0416 
        D628  5 0.2596 0.5215 0.2189 
        D714  5 0.6627 0.2461 0.0912 
        D715  5 0.2414 0.7052 0.0534 
        D716  5 0.3274 0.5528 0.1197 
        D717  5 0.1668 0.6693 0.1639 
        D718  5 0.2833 0.2589 0.4577 
        D769  5 0.1821 0.0673 0.7506 
        D770  5 0.6445 0.2371 0.1184 
        D771  5 0.5996 0.2171 0.1832 
        D772  5 0.1942 0.6944 0.1114 
        D782  5 0.1966 0.0776 0.7258 
        D783  5 0.7084 0.2012 0.0904 
        D784  5 0.2189 0.6169 0.1642 
        D785  5 0.0557 0.8254 0.1189 
        D786  5 0.1198 0.2292 0.6510 
        D821  5 0.0838 0.8775 0.0387 
        D822  5 0.1181 0.7655 0.1164 
        D826  5 0.5970 0.3039 0.0991 
        D827  5 0.1962 0.4530 0.3509 
        D851  5 0.1896 0.4681 0.3423 
        D852  5 0.7407 0.1598 0.0995 
        D853  5 0.2814 0.5422 0.1764 
        D854  5 0.4570 0.1579 0.3851 
        D861  5 0.3913 0.3020 0.3067 
        D862  5 0.0504 0.8499 0.0997 
        D865  5 0.2459 0.6527 0.1013 
        D868  5 0.1446 0.6352 0.2202 
        D869  5 0.0395 0.0471 0.9134 
        D870  5 0.0793 0.0443 0.8764 
        D907  5 0.1489 0.6747 0.1764 
        D908  5 0.7249 0.2020 0.0731 
        D910  5 0.3546 0.5843 0.0611 
        D911  5 0.8616 0.0895 0.0489 
        D934  5 0.7371 0.1376 0.1252 
        D946  5 0.6573 0.1678 0.1749 
        D947  5 0.3275 0.3990 0.2735 
        D948  5 0.0510 0.1360 0.8130 
        D949  5 0.0472 0.1219 0.8309 
        D950  5 0.8732 0.0751 0.0518 
        D951  5 0.0797 0.6443 0.2760 
        D952  5 0.1189 0.7515 0.1296 
        D953  5 0.1194 0.7898 0.0908 
        D954  5 0.0522 0.8222 0.1256 
        D961  5 0.2691 0.5570 0.1739 
        D962  5 0.0600 0.8743 0.0657 
        D963  5 0.2268 0.6825 0.0907 
        D964  5 0.4616 0.1827 0.3557 
        D965  5 0.3787 0.4417 0.1797 
        D966  5 0.4098 0.5028 0.0874 
        D967  5 0.5023 0.2853 0.2124 
        D991  5 0.1261 0.5395 0.3344 
        D502  6 0.4370 0.0908 0.4722 
        D503  6 0.5715 0.0677 0.3608 
        D504  6 0.2277 0.5408 0.2314 
        D505  6 0.3791 0.4434 0.1774 
        D506  6 0.0576 0.8596 0.0828 
        D507  6 0.5306 0.1568 0.3126 
        D508  6 0.4924 0.3031 0.2044 
        D529  6 0.2386 0.3549 0.4065 
        D530  6 0.2233 0.5460 0.2307 
        D531  6 0.3686 0.4111 0.2203 
        D532  6 0.1064 0.7611 0.1324 
        D534  6 0.1139 0.0744 0.8117 
        D535  6 0.1123 0.6704 0.2173 
        D536  6 0.7534 0.0344 0.2122 
        D554  6 0.1230 0.5989 0.2782 
        D587  6 0.0997 0.8200 0.0802 
        D588  6 0.1280 0.6583 0.2137 
        D589  6 0.6750 0.1296 0.1954 
        D590  6 0.8171 0.0552 0.1278 
        D591  6 0.4067 0.2478 0.3455 
        D592  6 0.1079 0.1119 0.7801 
        D593  6 0.2746 0.5730 0.1525 
        D682  6 0.1288 0.7673 0.1040 
        D683  6 0.0713 0.7432 0.1855 
        D684  6 0.4294 0.0408 0.5299 
        D685  6 0.4791 0.1017 0.4192 
        D686  6 0.0517 0.8249 0.1234 
        D724  6 0.4144 0.2001 0.3855 
        D725  6 0.4588 0.3704 0.1707 
        D726  6 0.0463 0.8896 0.0641 
        D727  6 0.5615 0.1741 0.2644 
        D728  6 0.0901 0.7501 0.1598 
        D729  6 0.1219 0.0569 0.8212 
        D730  6 0.3534 0.2125 0.4341 
        D731  6 0.6278 0.3260 0.0463 
        D732  6 0.2763 0.4752 0.2485 
        D733  6 0.2976 0.4201 0.2823 
     D237251  7 0.6947 0.1982 0.1072 
     D237252  7 0.3459 0.0834 0.5706 
     D237253  7 0.6473 0.2193 0.1334 
     D237254  7 0.0400 0.0340 0.9260 
     D237255  7 0.8595 0.0801 0.0604 
     D237256  7 0.8081 0.1105 0.0814 
     D237257  7 0.2421 0.0904 0.6675 
     D237282  7 0.2449 0.3054 0.4498 
     D237283  7 0.0686 0.0325 0.8989 
     D237284  7 0.0542 0.0473 0.8984 
     D237285  7 0.3091 0.5366 0.1543 
     D237286  7 0.3925 0.3992 0.2083 
     D237287  7 0.6372 0.1247 0.2381 
     D244006  7 0.0537 0.0395 0.9067 
     D244007  7 0.5727 0.1446 0.2827 
     D244008  7 0.0499 0.0748 0.8753 
     D244009  7 0.0965 0.3132 0.5903 
     D244010  7 0.3243 0.1079 0.5678 
     D244011  7 0.6485 0.2159 0.1355 
     D244012  7 0.5452 0.0821 0.3727 
     D244013  7 0.6955 0.2345 0.0700 
     D244014  7 0.5609 0.0768 0.3622 
     D244015  7 0.1314 0.0848 0.7838 
     D244125  7 0.4590 0.4270 0.1139 
     D244126  7 0.0376 0.0251 0.9374 
     D244130  7 0.2460 0.2843 0.4697 
     D244131  7 0.2056 0.5739 0.2204 
     D244132  7 0.0674 0.8438 0.0888 
        D520  7 0.0764 0.3147 0.6089 
        D521  7 0.3123 0.3696 0.3181 
        D522  7 0.1189 0.2468 0.6342 
        D523  7 0.8137 0.0932 0.0931 
        D524  7 0.4892 0.3352 0.1756 
        D525  7 0.3989 0.0548 0.5462 
        D526  7 0.0488 0.0446 0.9066 
        D527  7 0.3318 0.2918 0.3764 
        D528  7 0.0211 0.0273 0.9516 
        D558  7 0.4523 0.2284 0.3193 
        D559  7 0.4688 0.1509 0.3803 
        D640  7 0.3654 0.4663 0.1683 
        D641  7 0.5695 0.1926 0.2379 
        D642  7 0.2632 0.1255 0.6112 
        D644  7 0.2335 0.5052 0.2613 
        D645  7 0.4839 0.2396 0.2765 
        D662  7 0.0397 0.3612 0.5991 
        D687  7 0.5357 0.2466 0.2177 
        D688  7 0.3095 0.2167 0.4737 
        D689  7 0.2821 0.3999 0.3179 
        D700  7 0.0255 0.0298 0.9448 
        D797  7 0.3125 0.4332 0.2544 
        D798  7 0.0704 0.0827 0.8469 
        D799  7 0.6610 0.0816 0.2575 
        D800  7 0.3484 0.1986 0.4530 
        D132  8 0.0476 0.0562 0.8962 
        D133  8 0.8920 0.0275 0.0805 
        D200  8 0.6919 0.2155 0.0925 
        D500  8 0.0285 0.0449 0.9266 
        D614  8 0.1394 0.6755 0.1851 
        D723  8 0.2096 0.2597 0.5307 
        D888  8 0.9129 0.0441 0.0431 
        D901  8 0.2825 0.0793 0.6382 
        D902  8 0.1029 0.8028 0.0943 
        D903  8 0.1670 0.7535 0.0796 
        D904  8 0.2328 0.4685 0.2987 
        D905  8 0.8844 0.0816 0.0340 
        D906  8 0.7028 0.0744 0.2227 
        D937  8 0.1407 0.7989 0.0604 
        D943  8 0.3900 0.1311 0.4790 
        D972  8 0.1302 0.1819 0.6879 
        D973  8 0.0805 0.5905 0.3290 
        D974  8 0.2458 0.4307 0.3236 
        D975  8 0.5131 0.3674 0.1196 
        D976  8 0.3933 0.2312 0.3755 
        D201  9 0.6057 0.1289 0.2654 
        D202  9 0.6125 0.1501 0.2373 
     D237259  9 0.1363 0.0805 0.7831 
     D237260  9 0.6994 0.0400 0.2606 
     D237262  9 0.0450 0.0595 0.8954 
     D237263  9 0.4050 0.0763 0.5187 
     D237264  9 0.3321 0.1993 0.4686 
     D237265  9 0.8011 0.0529 0.1460 
     D237266  9 0.6569 0.0464 0.2967 
     D237267  9 0.1366 0.3553 0.5081 
     D237268  9 0.1397 0.2094 0.6509 
     D237289  9 0.6838 0.1651 0.1511 
     D237290  9 0.8907 0.0404 0.0689 
     D237291  9 0.7720 0.0910 0.1370 
     D237292  9 0.5657 0.0373 0.3971 
     D237293  9 0.1573 0.3806 0.4622 
     D237294  9 0.2932 0.1186 0.5881 
     D237295  9 0.0873 0.5985 0.3141 
     D237296  9 0.3275 0.2424 0.4301 
     D237297  9 0.2660 0.6134 0.1205 
     D237298  9 0.4433 0.2909 0.2657 
     D237341  9 0.6005 0.1580 0.2416 
     D237342  9 0.1954 0.1352 0.6695 
     D237343  9 0.4780 0.0965 0.4256 
     D237344  9 0.3982 0.4081 0.1937 
     D237345  9 0.0886 0.0352 0.8762 
     D237346  9 0.6624 0.1817 0.1559 
     D237347  9 0.4135 0.5038 0.0828 
     D237348  9 0.3108 0.3408 0.3484 
     D237349  9 0.4130 0.0647 0.5223 
     D244109  9 0.6797 0.0327 0.2876 
     D244110  9 0.7453 0.0715 0.1832 
     D244111  9 0.5832 0.1740 0.2429 
     D244128  9 0.1518 0.0513 0.7969 
     D244137  9 0.2844 0.3928 0.3228 
     D244138  9 0.5919 0.1567 0.2514 
        D580  9 0.0483 0.1431 0.8086 
        D581  9 0.8822 0.0393 0.0784 
        D582  9 0.0462 0.0386 0.9152 
        D583  9 0.8654 0.0342 0.1004 
        D584  9 0.1651 0.3740 0.4609 
        D585  9 0.3263 0.0614 0.6123 
        D586  9 0.8748 0.0719 0.0533 
        D651  9 0.2174 0.5718 0.2108 
        D652  9 0.2219 0.0841 0.6940 
        D653  9 0.6228 0.2058 0.1714 
        D654  9 0.5360 0.1386 0.3254 
        D655  9 0.4339 0.3761 0.1900 
        D656  9 0.0609 0.0663 0.8728 
        D657  9 0.3921 0.1810 0.4268 
        D667  9 0.3483 0.4792 0.1726 
        D668  9 0.3163 0.1745 0.5091 
        D669  9 0.7271 0.0870 0.1859 
        D670  9 0.0936 0.3641 0.5423 
        D671  9 0.7633 0.0841 0.1526 
        D672  9 0.1463 0.0652 0.7886 
        D673  9 0.2273 0.3866 0.3861 
        D692  9 0.1867 0.0462 0.7671 
        D693  9 0.1807 0.3990 0.4203 
        D694  9 0.1170 0.0652 0.8178 
        D695  9 0.1296 0.2322 0.6381 
        D696  9 0.0610 0.9102 0.0288 
        D697  9 0.2745 0.5488 0.1766 
        D698  9 0.5839 0.2861 0.1300 
        D699  9 0.2863 0.4552 0.2586 
        D787  9 0.2106 0.1303 0.6591 
        D788  9 0.0689 0.6388 0.2923 
        D789  9 0.3447 0.2321 0.4231 
        D790  9 0.3211 0.1915 0.4874 
        D791  9 0.8201 0.0924 0.0875 
        D792  9 0.4319 0.1516 0.4164 
        D793  9 0.1787 0.7142 0.1071 
        D794  9 0.2353 0.5872 0.1775 
        D795  9 0.1451 0.1147 0.7403 
        D796  9 0.6092 0.1290 0.2618 
        D142 10 0.1952 0.7195 0.0853 
        D143 10 0.8319 0.1025 0.0656 
        D144 10 0.1890 0.5072 0.3038 
        D145 10 0.8824 0.0513 0.0663 
        D146 10 0.0769 0.1700 0.7531 
        D147 10 0.2317 0.1892 0.5791 
        D148 10 0.1464 0.2387 0.6148 
        D149 10 0.8034 0.0667 0.1298 
        D151 10 0.2183 0.1082 0.6735 
        D152 10 0.9426 0.0245 0.0329 
        D153 10 0.0647 0.8130 0.1223 
        D156 10 0.3821 0.4489 0.1690 
        D157 10 0.1713 0.5926 0.2361 
        D158 10 0.5676 0.1958 0.2366 
        D159 10 0.9193 0.0436 0.0371 
        D160 10 0.8263 0.1316 0.0421 
        D161 10 0.2982 0.4285 0.2733 
        D162 10 0.4647 0.4687 0.0666 
        D169 10 0.0933 0.0510 0.8558 
        D170 10 0.0995 0.1247 0.7758 
        D171 10 0.1752 0.5868 0.2380 
        D172 10 0.4040 0.3216 0.2744 
        D173 10 0.9028 0.0318 0.0653 
        D181 10 0.3421 0.5321 0.1258 
        D182 10 0.5305 0.0816 0.3880 
        D183 10 0.0699 0.8232 0.1069 
        D184 10 0.0223 0.0335 0.9443 
        D185 10 0.1728 0.3999 0.4273 
        D186 10 0.0777 0.0397 0.8826 
        D194 10 0.0974 0.2767 0.6258 
        D195 10 0.6505 0.2420 0.1075 
        D196 10 0.6007 0.3423 0.0569 
        D197 10 0.2174 0.0576 0.7250 
        D198 10 0.0661 0.4909 0.4430 
     D237226 10 0.6643 0.0639 0.2718 
     D237232 10 0.5839 0.2532 0.1629 
     D237233 10 0.7425 0.1593 0.0982 
     D237234 10 0.3909 0.4717 0.1374 
     D237354 10 0.9374 0.0349 0.0277 
     D237355 10 0.8037 0.1058 0.0904 
     D237356 10 0.0370 0.8050 0.1580 
     D237357 10 0.5328 0.0937 0.3736 
     D237358 10 0.1479 0.1409 0.7113 
     D237369 10 0.0739 0.0324 0.8936 
     D237370 10 0.2237 0.6846 0.0917 
     D237371 10 0.1434 0.2554 0.6012 
     D237372 10 0.3485 0.0445 0.6070 
     D237373 10 0.5778 0.2986 0.1236 
     D237374 10 0.8646 0.0924 0.0430 
     D237375 10 0.4936 0.1688 0.3376 
     D237400 10 0.9411 0.0308 0.0280 
     D244002 10 0.0986 0.0699 0.8315 
     D244003 10 0.8103 0.1428 0.0470 
     D244004 10 0.0803 0.8446 0.0751 
     D244005 10 0.6721 0.0577 0.2702 
     D244020 10 0.2028 0.5798 0.2174 
     D244021 10 0.3428 0.1162 0.5410 
     D244116 10 0.2022 0.2445 0.5532 
     D244117 10 0.5309 0.3658 0.1033 
     D244121 10 0.3283 0.5254 0.1463 
     D244123 10 0.5725 0.3120 0.1155 
     D244124 10 0.5130 0.1396 0.3473 
        D332 10 0.1214 0.7163 0.1623 
        D570 10 0.1095 0.8008 0.0897 
        D602 10 0.3155 0.4757 0.2087 
        D603 10 0.4959 0.3233 0.1807 
        D604 10 0.6332 0.2652 0.1016 
        D605 10 0.3199 0.4748 0.2053 
        D606 10 0.0835 0.3149 0.6016 
        D607 10 0.1410 0.5490 0.3100 
        D608 10 0.9297 0.0365 0.0339 
        D609 10 0.0538 0.8379 0.1082 
        D610 10 0.2985 0.3729 0.3286 
        D611 10 0.0525 0.9145 0.0331 
        D613 10 0.2874 0.6196 0.0930 
        D633 10 0.4603 0.3075 0.2322 
        D634 10 0.2158 0.5162 0.2680 
        D638 10 0.9251 0.0420 0.0329 
        D681 10 0.2089 0.4227 0.3685 
        D754 10 0.2088 0.2547 0.5365 
        D755 10 0.7546 0.1968 0.0486 
        D756 10 0.3161 0.4340 0.2499 
        D757 10 0.4817 0.2117 0.3066 
        D758 10 0.2225 0.3968 0.3807 
        D759 10 0.6806 0.2355 0.0840 
        D760 10 0.4990 0.3466 0.1545 
        D761 10 0.9399 0.0331 0.0270 
        D762 10 0.1591 0.6202 0.2206 
        D775 10 0.4021 0.4819 0.1161 
        D776 10 0.8828 0.0534 0.0639 
        D777 10 0.3870 0.3521 0.2609 
        D778 10 0.7246 0.0424 0.2331 
        D779 10 0.3237 0.3059 0.3705 
        D780 10 0.7946 0.1383 0.0671 
        D781 10 0.4984 0.3644 0.1372 
        D858 10 0.0847 0.0238 0.8915 
        D933 10 0.3428 0.3761 0.2810 
        D038 11 0.6573 0.1410 0.2016 
        D063 11 0.6036 0.3202 0.0762 
        D155 11 0.4570 0.3643 0.1787 
        D175 11 0.2184 0.3778 0.4039 
        D176 11 0.7794 0.1244 0.0962 
        D205 11 0.0529 0.7011 0.2460 
     D237229 11 0.5244 0.0621 0.4134 
     D237230 11 0.1479 0.1024 0.7498 
     D237231 11 0.2252 0.6798 0.0950 
     D237269 11 0.6596 0.1654 0.1750 
     D237270 11 0.1328 0.1054 0.7618 
     D237271 11 0.1897 0.6850 0.1253 
     D237272 11 0.1860 0.1657 0.6482 
     D237273 11 0.3616 0.5589 0.0795 
     D237301 11 0.1351 0.7540 0.1109 
     D237302 11 0.3223 0.1462 0.5315 
     D237303 11 0.1484 0.0600 0.7915 
     D237304 11 0.3020 0.5052 0.1928 
     D237305 11 0.1380 0.1386 0.7235 
     D237314 11 0.4223 0.3722 0.2055 
     D237315 11 0.1754 0.1156 0.7091 
     D237316 11 0.0590 0.8127 0.1283 
     D237328 11 0.0504 0.5145 0.4351 
     D237329 11 0.4380 0.1513 0.4107 
     D237330 11 0.3690 0.5641 0.0669 
     D237331 11 0.4450 0.3502 0.2048 
     D237332 11 0.1821 0.5603 0.2577 
     D237333 11 0.7968 0.1632 0.0401 
     D237334 11 0.1304 0.6180 0.2516 
     D237335 11 0.0957 0.6699 0.2345 
     D237336 11 0.6809 0.1394 0.1797 
     D237350 11 0.2047 0.7140 0.0813 
     D237383 11 0.4637 0.1579 0.3784 
     D237384 11 0.1713 0.3343 0.4944 
     D237385 11 0.3432 0.3748 0.2821 
     D237386 11 0.2653 0.6008 0.1339 
     D237387 11 0.1012 0.5103 0.3885 
     D237388 11 0.1374 0.7858 0.0767 
        D239 11 0.4392 0.4321 0.1287 
        D240 11 0.8344 0.0404 0.1252 
        D241 11 0.1706 0.0935 0.7358 
        D242 11 0.5213 0.2530 0.2256 
        D243 11 0.2678 0.5474 0.1848 
        D244 11 0.0840 0.7946 0.1214 
        D245 11 0.2822 0.0687 0.6491 
        D246 11 0.1199 0.7223 0.1577 
        D247 11 0.4313 0.1628 0.4058 
        D248 11 0.2146 0.7021 0.0832 
        D249 11 0.1120 0.3400 0.5480 
        D250 11 0.2251 0.7105 0.0643 
        D251 11 0.1105 0.7338 0.1557 
        D252 11 0.0566 0.5878 0.3556 
        D253 11 0.4755 0.3248 0.1997 
        D254 11 0.1595 0.0537 0.7868 
        D255 11 0.0964 0.8336 0.0700 
        D256 11 0.4006 0.3719 0.2276 
        D257 11 0.0966 0.0666 0.8368 
        D258 11 0.0556 0.1235 0.8209 
        D259 11 0.1358 0.0585 0.8058 
        D260 11 0.3353 0.3707 0.2940 
        D261 11 0.2630 0.6093 0.1277 
        D262 11 0.3763 0.0737 0.5501 
        D263 11 0.0676 0.7516 0.1807 
        D264 11 0.1356 0.2289 0.6356 
        D265 11 0.4556 0.1463 0.3981 
        D266 11 0.4072 0.4763 0.1165 
        D267 11 0.1350 0.6516 0.2135 
        D268 11 0.1310 0.7982 0.0709 
        D269 11 0.0384 0.8503 0.1113 
        D270 11 0.1398 0.4200 0.4402 
        D271 11 0.3365 0.2957 0.3678 
        D272 11 0.5902 0.2722 0.1376 
        D273 11 0.0371 0.0482 0.9148 
        D274 11 0.1565 0.5592 0.2843 
        D275 11 0.1593 0.6823 0.1584 
        D276 11 0.0443 0.8923 0.0634 
        D277 11 0.1550 0.6634 0.1816 
        D278 11 0.3948 0.4430 0.1622 
        D282 11 0.0513 0.1233 0.8254 
        D296 11 0.2618 0.6110 0.1272 
        D297 11 0.0813 0.7544 0.1643 
        D298 11 0.4001 0.4959 0.1040 
        D299 11 0.1762 0.7595 0.0643 
        D300 11 0.7253 0.1412 0.1335 
        D382 11 0.0294 0.8548 0.1158 
        D383 11 0.0700 0.6080 0.3221 
        D387 11 0.6159 0.2222 0.1619 
        D388 11 0.1779 0.5396 0.2825 
        D389 11 0.2155 0.7315 0.0531 
        D390 11 0.2091 0.6570 0.1339 
        D396 11 0.6615 0.2119 0.1265 
        D397 11 0.0962 0.1439 0.7599 
        D398 11 0.2126 0.3953 0.3921 
        D399 11 0.3355 0.2940 0.3705 
        D437 11 0.3607 0.0502 0.5891 
        D441 11 0.2041 0.7305 0.0653 
        D442 11 0.6470 0.1978 0.1552 
        D443 11 0.5870 0.3435 0.0696 
        D444 11 0.2161 0.6078 0.1762 
        D445 11 0.0641 0.4016 0.5343 
        D446 11 0.2241 0.0747 0.7012 
        D451 11 0.1156 0.5103 0.3741 
        D452 11 0.6476 0.1983 0.1540 
        D453 11 0.1116 0.7301 0.1583 
        D454 11 0.2745 0.0785 0.6470 
        D457 11 0.2267 0.3781 0.3952 
        D458 11 0.0905 0.7601 0.1493 
        D466 11 0.8303 0.0557 0.1140 
        D467 11 0.1949 0.6960 0.1092 
        D475 11 0.0611 0.0621 0.8768 
        D488 11 0.5731 0.2323 0.1946 
        D489 11 0.2430 0.1881 0.5689 
        D493 11 0.1231 0.2088 0.6681 
        D494 11 0.2302 0.5869 0.1829 
        D495 11 0.5890 0.0500 0.3610 
        D496 11 0.8914 0.0776 0.0310 
        D674 11 0.8406 0.0647 0.0947 
        D675 11 0.8727 0.0851 0.0423 
        D676 11 0.0841 0.6844 0.2315 
        D680 11 0.5096 0.2441 0.2462 
        D701 11 0.6436 0.1070 0.2494 
        D702 11 0.1701 0.1211 0.7089 
        D703 11 0.5889 0.1952 0.2158 
        D704 11 0.2955 0.4418 0.2626 
        D705 11 0.0614 0.0607 0.8779 
        D706 11 0.7257 0.0655 0.2088 
        D707 11 0.1237 0.4121 0.4643 
        D751 11 0.0660 0.5921 0.3420 
        D752 11 0.6081 0.2723 0.1196 
        D753 11 0.2509 0.2883 0.4608 
        D773 11 0.0219 0.0216 0.9565 
        D774 11 0.5287 0.2849 0.1864 
        D801 11 0.3925 0.4235 0.1840 
        D802 11 0.1184 0.1233 0.7583 
        D803 11 0.5043 0.3489 0.1468 
        D804 11 0.3979 0.1985 0.4036 
        D805 11 0.1921 0.3237 0.4842 
        D806 11 0.0634 0.0549 0.8818 
        D809 11 0.1568 0.7155 0.1277 
        D810 11 0.2509 0.6793 0.0697 
        D812 11 0.1243 0.4069 0.4688 
        D813 11 0.7356 0.0914 0.1730 
        D823 11 0.1880 0.6816 0.1305 
        D824 11 0.4850 0.4194 0.0955 
        D829 11 0.3201 0.5147 0.1652 
        D830 11 0.0609 0.2879 0.6513 
        D831 11 0.6459 0.0954 0.2587 
        D832 11 0.5402 0.1497 0.3101 
        D833 11 0.1312 0.7796 0.0891 
        D834 11 0.0657 0.8210 0.1133 
        D835 11 0.0930 0.2164 0.6906 
        D855 11 0.1311 0.6831 0.1858 
        D863 11 0.9312 0.0375 0.0313 
        D864 11 0.2283 0.5604 0.2114 
        D878 11 0.1448 0.7572 0.0981 
        D879 11 0.0870 0.1326 0.7805 
        D880 11 0.6237 0.3203 0.0560 
        D881 11 0.1994 0.6801 0.1204 
        D882 11 0.7612 0.1410 0.0978 
        D909 11 0.2755 0.5728 0.1517 
        D921 11 0.1477 0.7570 0.0952 
        D924 11 0.7869 0.1497 0.0634 
        D935 11 0.0661 0.7989 0.1350 
        D940 11 0.9102 0.0435 0.0463 
        D941 11 0.3434 0.4712 0.1854 
        D942 11 0.0402 0.1036 0.8562 
        D980 11 0.3350 0.3449 0.3201 
        D981 11 0.1042 0.2400 0.6558 
        D982 11 0.8255 0.1293 0.0452 
        D983 11 0.0684 0.8705 0.0612 
        D984 11 0.2756 0.6186 0.1059 
        D992 11 0.1500 0.1169 0.7331 
        D993 11 0.0439 0.8271 0.1290 
        D994 11 0.5029 0.3349 0.1622 
        D995 11 0.0418 0.2500 0.7082 
        H354 11 0.0753 0.1488 0.7759 
        D005 12 0.4284 0.0992 0.4724 
        D035 12 0.4184 0.2036 0.3780 
        D067 12 0.1795 0.6200 0.2005 
        D134 12 0.6374 0.1725 0.1901 
        D135 12 0.3084 0.2378 0.4537 
        D136 12 0.0653 0.3816 0.5531 
        D137 12 0.5154 0.1677 0.3169 
        D138 12 0.3722 0.3977 0.2301 
        D139 12 0.5405 0.3353 0.1242 
        D140 12 0.2288 0.3090 0.4622 
        D141 12 0.0253 0.0274 0.9473 
        D150 12 0.1715 0.1220 0.7065 
        D177 12 0.8102 0.0745 0.1154 
        D178 12 0.1874 0.6546 0.1579 
        D179 12 0.2391 0.2371 0.5238 
        D180 12 0.1576 0.2292 0.6132 
        D187 12 0.6045 0.1624 0.2331 
        D188 12 0.0321 0.0327 0.9353 
        D191 12 0.1226 0.0481 0.8293 
        D418 12 0.1049 0.0564 0.8388 
        D601 12 0.0741 0.1198 0.8061 
        D836 12 0.0590 0.0506 0.8904 
        D837 12 0.4001 0.3885 0.2115 
        D838 12 0.4935 0.4303 0.0762 
        D839 12 0.8291 0.0467 0.1242 
        D840 12 0.5912 0.2902 0.1186 
        D841 12 0.2515 0.2317 0.5167 
        D842 12 0.0448 0.0274 0.9278 
        D843 12 0.2863 0.5650 0.1486 
        D844 12 0.4625 0.0465 0.4910 
        D912 12 0.2048 0.7266 0.0686 
        D913 12 0.9315 0.0399 0.0286 
