        D174  1 0.0927 0.0799 0.1216 0.0478 0.2127 0.0265 0.0444 0.3745 
        D199  1 0.0580 0.2227 0.1024 0.1284 0.1022 0.0444 0.1726 0.1693 
        D203  1 0.0650 0.2711 0.0997 0.0922 0.1268 0.0593 0.1856 0.1003 
        D204  1 0.0264 0.7482 0.0188 0.0227 0.0277 0.0919 0.0399 0.0243 
     D237366  1 0.0218 0.0700 0.5047 0.1039 0.0559 0.1262 0.0646 0.0528 
     D237367  1 0.0433 0.4099 0.2132 0.0399 0.0929 0.0665 0.0951 0.0391 
     D237368  1 0.0714 0.1452 0.3663 0.0363 0.0470 0.0467 0.1350 0.1520 
     D244101  1 0.0211 0.2170 0.0320 0.1587 0.0319 0.4180 0.0966 0.0246 
     D244102  1 0.1173 0.0731 0.1074 0.0929 0.3626 0.1396 0.0578 0.0493 
     D244103  1 0.0650 0.1831 0.3075 0.1936 0.0854 0.0519 0.0569 0.0565 
     D244104  1 0.1703 0.5443 0.0368 0.0361 0.0160 0.0255 0.0449 0.1260 
     D244105  1 0.1337 0.1285 0.5309 0.0474 0.0660 0.0323 0.0381 0.0230 
     D244106  1 0.0258 0.0726 0.0371 0.0766 0.1057 0.0281 0.0894 0.5648 
     D244107  1 0.2320 0.0854 0.3333 0.0440 0.0278 0.1111 0.1487 0.0178 
     D244108  1 0.2079 0.0959 0.0460 0.0329 0.1544 0.0349 0.0381 0.3899 
     D244113  1 0.0555 0.0229 0.0392 0.0399 0.2879 0.1211 0.0465 0.3870 
     D244114  1 0.0484 0.1305 0.1712 0.2286 0.1118 0.0834 0.1025 0.1236 
     D244115  1 0.1733 0.1921 0.0770 0.0569 0.1070 0.0427 0.0388 0.3121 
     D267365  1 0.0495 0.3162 0.1086 0.1813 0.0683 0.0426 0.0329 0.2006 
        D404  1 0.0502 0.0296 0.0243 0.0325 0.5603 0.0685 0.0377 0.1969 
        D405  1 0.0866 0.1175 0.0442 0.0550 0.4736 0.0763 0.0821 0.0648 
        D406  1 0.0275 0.0816 0.6947 0.0242 0.0455 0.0566 0.0221 0.0477 
        D407  1 0.0180 0.6734 0.1003 0.0293 0.0275 0.0205 0.1016 0.0295 
        D408  1 0.1051 0.0673 0.0381 0.1993 0.0904 0.0375 0.0225 0.4399 
        D409  1 0.0622 0.0845 0.1727 0.4672 0.0725 0.0334 0.0523 0.0553 
        D410  1 0.6667 0.1140 0.0447 0.0200 0.0623 0.0389 0.0164 0.0370 
        D421  1 0.0137 0.8808 0.0168 0.0175 0.0111 0.0125 0.0224 0.0252 
        D422  1 0.0261 0.0475 0.8127 0.0313 0.0179 0.0182 0.0319 0.0145 
        D423  1 0.5344 0.1380 0.1147 0.0233 0.0743 0.0235 0.0701 0.0217 
        D424  1 0.0256 0.6819 0.1439 0.0209 0.0369 0.0235 0.0278 0.0395 
        D425  1 0.0698 0.5743 0.0380 0.0372 0.1093 0.0335 0.0261 0.1118 
        D426  1 0.0304 0.0790 0.2117 0.5635 0.0218 0.0264 0.0416 0.0255 
        D427  1 0.0376 0.2114 0.0321 0.0258 0.0210 0.0183 0.4249 0.2289 
        D428  1 0.0800 0.3834 0.0800 0.0494 0.0999 0.0832 0.0598 0.1643 
        D429  1 0.0330 0.4223 0.0628 0.0740 0.0926 0.0436 0.0552 0.2166 
        D430  1 0.0342 0.1070 0.0767 0.2480 0.2735 0.0376 0.0705 0.1525 
        D491  1 0.0657 0.0624 0.0303 0.0505 0.0390 0.0258 0.0169 0.7093 
        D492  1 0.0403 0.3651 0.1722 0.0420 0.1282 0.0568 0.0910 0.1045 
        D537  1 0.0359 0.7112 0.0773 0.0184 0.0378 0.0588 0.0295 0.0310 
        D538  1 0.0982 0.0685 0.1215 0.0513 0.4000 0.0617 0.0964 0.1023 
        D539  1 0.1431 0.0423 0.0883 0.2773 0.1006 0.1081 0.0662 0.1741 
        D540  1 0.2111 0.3094 0.1315 0.1013 0.1001 0.0356 0.0535 0.0575 
        D541  1 0.0290 0.8559 0.0217 0.0217 0.0159 0.0187 0.0193 0.0178 
        D551  1 0.0314 0.0885 0.1341 0.2535 0.0379 0.0334 0.3768 0.0445 
        D552  1 0.3856 0.1318 0.0985 0.0602 0.0198 0.0768 0.0525 0.1747 
        D553  1 0.0368 0.8346 0.0264 0.0227 0.0131 0.0252 0.0143 0.0269 
        D615  1 0.1718 0.3968 0.0586 0.0809 0.1024 0.0265 0.0761 0.0868 
        D616  1 0.1012 0.3327 0.1324 0.1084 0.0462 0.0205 0.1707 0.0879 
        D621  1 0.1488 0.0245 0.2332 0.0358 0.0803 0.3408 0.0389 0.0976 
        D622  1 0.1435 0.0661 0.5337 0.0524 0.0282 0.0922 0.0350 0.0489 
        D623  1 0.0325 0.0263 0.0335 0.0463 0.2742 0.1927 0.1121 0.2825 
        D624  1 0.0240 0.0434 0.0306 0.0271 0.0260 0.0143 0.0172 0.8176 
        D625  1 0.0458 0.6309 0.0738 0.0439 0.0463 0.0483 0.0219 0.0891 
        D626  1 0.2952 0.0854 0.1001 0.0431 0.0573 0.0377 0.0547 0.3264 
        D627  1 0.0212 0.0892 0.1612 0.6272 0.0247 0.0201 0.0231 0.0332 
        D690  1 0.0733 0.7467 0.0476 0.0222 0.0166 0.0239 0.0146 0.0552 
        D691  1 0.0467 0.0977 0.6752 0.0444 0.0270 0.0411 0.0264 0.0416 
        D710  1 0.1337 0.1987 0.1089 0.0567 0.0773 0.1295 0.0582 0.2370 
        D711  1 0.0279 0.7257 0.0536 0.0327 0.0477 0.0402 0.0328 0.0394 
        D712  1 0.0817 0.0332 0.0810 0.0861 0.0755 0.0503 0.0420 0.5501 
        D713  1 0.0478 0.2189 0.1300 0.0336 0.2179 0.1663 0.0286 0.1568 
        D746  1 0.0467 0.0896 0.6940 0.0336 0.0180 0.0331 0.0484 0.0367 
        D747  1 0.0140 0.8563 0.0167 0.0235 0.0167 0.0266 0.0294 0.0169 
        D748  1 0.0751 0.3184 0.3553 0.0708 0.0431 0.0786 0.0193 0.0393 
        D749  1 0.0887 0.0333 0.3885 0.0609 0.0894 0.1074 0.1015 0.1304 
        D750  1 0.0597 0.1435 0.0443 0.0380 0.0477 0.0349 0.0270 0.6050 
        D763  1 0.1034 0.1126 0.1133 0.1986 0.0622 0.2344 0.1505 0.0252 
        D764  1 0.0925 0.4999 0.0780 0.0344 0.0262 0.0166 0.0255 0.2269 
        D765  1 0.3773 0.0549 0.1634 0.0472 0.1024 0.0253 0.0251 0.2045 
        D766  1 0.2939 0.2174 0.1498 0.0287 0.0754 0.1445 0.0395 0.0508 
        D767  1 0.0704 0.0863 0.0911 0.0333 0.3085 0.2498 0.1183 0.0423 
        D768  1 0.0218 0.8441 0.0356 0.0204 0.0160 0.0182 0.0247 0.0192 
        D811  1 0.1097 0.0396 0.0278 0.0324 0.6340 0.0203 0.0193 0.1169 
        D816  1 0.0211 0.8268 0.0250 0.0201 0.0253 0.0250 0.0212 0.0355 
        D825  1 0.2109 0.1356 0.0581 0.0404 0.2970 0.0279 0.0224 0.2077 
        D866  1 0.1007 0.0436 0.0324 0.3087 0.0784 0.0214 0.1280 0.2868 
        D867  1 0.0272 0.0224 0.7130 0.0228 0.0465 0.0848 0.0484 0.0350 
        D871  1 0.0265 0.0666 0.1565 0.5835 0.0661 0.0346 0.0214 0.0448 
        D872  1 0.0787 0.3010 0.0876 0.0306 0.3331 0.0483 0.0717 0.0489 
        D873  1 0.6895 0.0112 0.0290 0.0130 0.1630 0.0495 0.0283 0.0165 
        D874  1 0.0239 0.0688 0.0199 0.0510 0.0376 0.6515 0.0289 0.1184 
        D875  1 0.0798 0.0653 0.3154 0.3775 0.0886 0.0302 0.0199 0.0231 
        D876  1 0.0922 0.4545 0.0942 0.0655 0.0402 0.1096 0.0271 0.1166 
        D877  1 0.0226 0.0243 0.0175 0.0244 0.7776 0.0474 0.0248 0.0614 
        D892  1 0.0351 0.3356 0.2531 0.0334 0.1014 0.0522 0.0248 0.1644 
        D893  1 0.0687 0.5352 0.1315 0.0813 0.0278 0.0833 0.0479 0.0242 
        D894  1 0.0569 0.5779 0.0721 0.0742 0.0529 0.0343 0.0490 0.0827 
        D915  1 0.1242 0.5643 0.1164 0.0372 0.0440 0.0277 0.0369 0.0493 
        D916  1 0.0247 0.8643 0.0218 0.0160 0.0148 0.0180 0.0156 0.0249 
        D917  1 0.0577 0.1381 0.0597 0.1184 0.0860 0.1276 0.0747 0.3378 
        D925  1 0.6325 0.1361 0.0436 0.0334 0.0336 0.0222 0.0229 0.0758 
        D926  1 0.0459 0.4776 0.0808 0.0514 0.0779 0.0905 0.0436 0.1322 
        D927  1 0.0441 0.2356 0.1093 0.1130 0.0858 0.0769 0.2600 0.0752 
        D928  1 0.0257 0.0855 0.0128 0.0184 0.0410 0.0184 0.0180 0.7802 
        D929  1 0.0370 0.0346 0.0732 0.0334 0.2455 0.4806 0.0240 0.0718 
        D936  1 0.0403 0.4844 0.0333 0.0991 0.0440 0.1867 0.0651 0.0472 
        D938  1 0.0994 0.0479 0.6677 0.0266 0.0350 0.0646 0.0235 0.0352 
        D956  1 0.0837 0.0432 0.0290 0.0462 0.1862 0.0310 0.0388 0.5420 
        D957  1 0.1707 0.1875 0.1167 0.0359 0.3059 0.0831 0.0416 0.0586 
        D958  1 0.1050 0.3235 0.1157 0.0366 0.1271 0.0915 0.0343 0.1663 
        D959  1 0.0171 0.7208 0.1146 0.0238 0.0239 0.0147 0.0618 0.0233 
        D960  1 0.0518 0.0367 0.6359 0.0284 0.0923 0.0617 0.0308 0.0623 
        D989  1 0.0302 0.0393 0.0540 0.0715 0.0530 0.0344 0.0834 0.6341 
        D990  1 0.6181 0.0207 0.0358 0.0892 0.0428 0.0367 0.0373 0.1195 
        D023  2 0.0259 0.0407 0.8399 0.0207 0.0145 0.0165 0.0223 0.0195 
        D130  2 0.0191 0.0893 0.6883 0.0267 0.0889 0.0269 0.0449 0.0159 
        D131  2 0.1091 0.2538 0.0616 0.3209 0.0771 0.0741 0.0555 0.0480 
        D163  2 0.0459 0.1250 0.6690 0.0317 0.0213 0.0340 0.0196 0.0535 
        D164  2 0.3372 0.0176 0.0240 0.0140 0.0279 0.0190 0.5476 0.0127 
        D165  2 0.0250 0.0303 0.8204 0.0270 0.0175 0.0241 0.0298 0.0259 
        D166  2 0.0466 0.0513 0.0691 0.0843 0.6237 0.0661 0.0398 0.0190 
        D167  2 0.0186 0.0137 0.0176 0.0234 0.0677 0.0129 0.8089 0.0372 
        D192  2 0.0169 0.0107 0.0152 0.0217 0.0235 0.0225 0.8681 0.0212 
        D193  2 0.0432 0.0405 0.0493 0.0639 0.5563 0.0887 0.0434 0.1147 
        D206  2 0.0704 0.2112 0.1201 0.0461 0.0418 0.0601 0.4236 0.0267 
        D207  2 0.0187 0.0476 0.0489 0.0623 0.2397 0.0244 0.5339 0.0246 
        D208  2 0.2440 0.0484 0.0540 0.1609 0.0755 0.0860 0.1005 0.2307 
        D209  2 0.0558 0.0433 0.0964 0.0402 0.0544 0.1643 0.5128 0.0327 
        D210  2 0.0404 0.0712 0.0326 0.1471 0.0295 0.0361 0.0996 0.5434 
     D229599  2 0.0954 0.1605 0.1602 0.1701 0.0692 0.2167 0.0565 0.0714 
     D229600  2 0.0276 0.0387 0.4121 0.0372 0.0861 0.0275 0.3454 0.0255 
     D237227  2 0.0894 0.0508 0.0509 0.1031 0.0655 0.0301 0.0648 0.5452 
     D237228  2 0.2393 0.0222 0.0298 0.0719 0.2448 0.0191 0.0732 0.2998 
     D237258  2 0.0816 0.0695 0.2319 0.1185 0.1154 0.0598 0.2321 0.0913 
     D237310  2 0.1906 0.0137 0.0335 0.0619 0.5696 0.0266 0.0568 0.0473 
     D237311  2 0.2926 0.0204 0.0935 0.0373 0.3474 0.0198 0.1469 0.0421 
     D237312  2 0.1872 0.0317 0.1158 0.0463 0.4884 0.0600 0.0289 0.0417 
     D237313  2 0.3189 0.2331 0.0602 0.0895 0.0610 0.1099 0.0400 0.0874 
     D237322  2 0.1358 0.0318 0.0535 0.3236 0.1343 0.1658 0.0687 0.0864 
     D237323  2 0.2634 0.0197 0.0850 0.0723 0.2937 0.0368 0.0357 0.1934 
     D237324  2 0.0316 0.0678 0.2984 0.1559 0.0481 0.0578 0.3144 0.0259 
     D237325  2 0.1465 0.0604 0.2235 0.0455 0.2365 0.0986 0.0922 0.0968 
     D237326  2 0.3439 0.1255 0.1132 0.0485 0.1477 0.0570 0.0530 0.1112 
     D237327  2 0.0505 0.0777 0.1331 0.3673 0.0540 0.1023 0.1493 0.0657 
     D237337  2 0.5500 0.0359 0.0622 0.0384 0.1779 0.0360 0.0229 0.0769 
     D237338  2 0.1197 0.0611 0.2252 0.1144 0.0682 0.1946 0.0887 0.1281 
     D237339  2 0.0270 0.0538 0.0258 0.0581 0.0651 0.6054 0.1413 0.0235 
     D237340  2 0.1455 0.0297 0.1213 0.0503 0.2897 0.0492 0.1546 0.1598 
     D237389  2 0.2974 0.0262 0.0513 0.0286 0.4713 0.0254 0.0779 0.0218 
     D237390  2 0.1863 0.0590 0.1455 0.0535 0.3738 0.0721 0.0266 0.0833 
     D244017  2 0.0248 0.0242 0.0593 0.0444 0.3946 0.0216 0.1914 0.2397 
     D244112  2 0.0278 0.0170 0.0276 0.0273 0.0547 0.0156 0.8079 0.0222 
     D244118  2 0.0281 0.0142 0.2141 0.0253 0.0327 0.0486 0.6079 0.0290 
     D244119  2 0.0275 0.0252 0.0196 0.0235 0.0342 0.0141 0.2325 0.6236 
     D244120  2 0.0302 0.0156 0.0270 0.1637 0.3283 0.0659 0.3122 0.0570 
     D244122  2 0.0592 0.0271 0.0431 0.0311 0.0751 0.0393 0.6798 0.0454 
        D291  2 0.0643 0.0605 0.0842 0.6026 0.0761 0.0268 0.0647 0.0209 
        D292  2 0.1028 0.1696 0.0339 0.1305 0.0662 0.0668 0.2966 0.1336 
        D293  2 0.0187 0.1348 0.0202 0.0601 0.0213 0.1079 0.6147 0.0225 
        D322  2 0.0390 0.1580 0.0458 0.0584 0.0373 0.1424 0.4884 0.0307 
        D323  2 0.1247 0.1032 0.0546 0.0883 0.2128 0.1781 0.1797 0.0585 
        D324  2 0.0785 0.1465 0.1014 0.4912 0.0458 0.0274 0.0459 0.0634 
        D325  2 0.0194 0.0474 0.0253 0.0488 0.0163 0.0283 0.8012 0.0134 
        D326  2 0.0164 0.8611 0.0165 0.0249 0.0159 0.0192 0.0156 0.0303 
        D340  2 0.0174 0.0286 0.0146 0.0274 0.0151 0.0275 0.8460 0.0235 
        D341  2 0.0844 0.0564 0.0332 0.0766 0.0345 0.0590 0.6101 0.0458 
        D342  2 0.0764 0.0244 0.0816 0.0431 0.0421 0.0223 0.6898 0.0202 
        D343  2 0.0105 0.0216 0.0124 0.0166 0.0097 0.0186 0.9009 0.0096 
        D344  2 0.0388 0.1122 0.0297 0.0394 0.1909 0.4992 0.0643 0.0256 
        D345  2 0.4655 0.1199 0.0624 0.0378 0.0275 0.1981 0.0535 0.0353 
        D346  2 0.1017 0.0633 0.0384 0.0854 0.0736 0.0505 0.0879 0.4991 
        D351  2 0.0848 0.2505 0.1166 0.2564 0.1001 0.1106 0.0550 0.0260 
        D352  2 0.0408 0.0214 0.0365 0.0384 0.0515 0.7237 0.0347 0.0530 
        D353  2 0.0490 0.4395 0.0454 0.0350 0.0439 0.2651 0.0978 0.0243 
        D354  2 0.0463 0.0611 0.0242 0.0231 0.0350 0.7404 0.0185 0.0514 
        D362  2 0.0564 0.6807 0.0922 0.0225 0.0587 0.0229 0.0314 0.0351 
        D363  2 0.0619 0.6723 0.0665 0.0358 0.0382 0.0313 0.0366 0.0575 
        D364  2 0.0916 0.3190 0.0323 0.0245 0.0395 0.3903 0.0444 0.0584 
        D365  2 0.0135 0.0286 0.0145 0.0158 0.0157 0.0274 0.8611 0.0233 
        D369  2 0.1475 0.1921 0.0550 0.1553 0.0830 0.0310 0.1302 0.2060 
        D374  2 0.0360 0.0220 0.0183 0.0246 0.4972 0.0435 0.0269 0.3314 
        D375  2 0.0246 0.0273 0.0310 0.0210 0.0589 0.7998 0.0176 0.0198 
        D376  2 0.0457 0.0181 0.0273 0.0302 0.2808 0.0895 0.0514 0.4570 
        D377  2 0.3159 0.0436 0.0849 0.0995 0.2129 0.0912 0.0779 0.0741 
        D378  2 0.0624 0.1354 0.0987 0.0933 0.0213 0.2953 0.2600 0.0336 
        D379  2 0.0425 0.7459 0.0284 0.0297 0.0351 0.0576 0.0275 0.0333 
        D384  2 0.0260 0.8395 0.0155 0.0208 0.0154 0.0178 0.0183 0.0468 
        D385  2 0.0239 0.0238 0.0229 0.0180 0.0332 0.1294 0.7080 0.0409 
        D386  2 0.0468 0.1299 0.0726 0.0318 0.0234 0.5995 0.0731 0.0228 
        D391  2 0.0238 0.0357 0.0195 0.0320 0.0290 0.1236 0.7150 0.0214 
        D392  2 0.0671 0.0576 0.0549 0.0447 0.0778 0.0319 0.6021 0.0639 
        D393  2 0.1269 0.1831 0.0477 0.2082 0.0244 0.2859 0.0944 0.0294 
        D394  2 0.1444 0.0965 0.1912 0.0736 0.1294 0.1930 0.1129 0.0591 
        D395  2 0.0204 0.0243 0.0331 0.0387 0.0558 0.5292 0.2687 0.0298 
        D401  2 0.5697 0.0319 0.0271 0.0327 0.2344 0.0141 0.0304 0.0597 
        D402  2 0.0428 0.0208 0.0178 0.0767 0.0311 0.0609 0.7299 0.0200 
        D403  2 0.0634 0.4185 0.1098 0.0707 0.0584 0.1833 0.0691 0.0268 
        D415  2 0.0519 0.7013 0.0843 0.0352 0.0345 0.0339 0.0396 0.0192 
        D435  2 0.0463 0.5986 0.0303 0.0546 0.0191 0.0551 0.1773 0.0188 
        D436  2 0.0317 0.2054 0.0560 0.0270 0.0626 0.5285 0.0329 0.0559 
        D438  2 0.0157 0.0143 0.0167 0.0174 0.0169 0.0192 0.8757 0.0240 
        D439  2 0.1128 0.0521 0.0518 0.0346 0.0220 0.6553 0.0553 0.0162 
        D449  2 0.0241 0.0869 0.0398 0.0324 0.0201 0.0253 0.7459 0.0255 
        D450  2 0.0848 0.0982 0.1118 0.1802 0.0934 0.2682 0.0295 0.1339 
        D456  2 0.0208 0.8497 0.0254 0.0268 0.0153 0.0243 0.0158 0.0219 
        D462  2 0.0165 0.0294 0.0253 0.0256 0.0171 0.1204 0.7515 0.0142 
        D463  2 0.0214 0.8438 0.0173 0.0180 0.0206 0.0269 0.0139 0.0382 
        D464  2 0.0283 0.0964 0.0342 0.0317 0.1301 0.4746 0.1654 0.0392 
        D465  2 0.0420 0.2311 0.0493 0.0472 0.0962 0.0272 0.4715 0.0356 
        D473  2 0.1065 0.0322 0.0763 0.0802 0.0799 0.1366 0.0500 0.4382 
        D474  2 0.1105 0.4238 0.0745 0.1617 0.0262 0.0400 0.0809 0.0825 
        D476  2 0.0156 0.0184 0.3458 0.0267 0.0216 0.5111 0.0438 0.0170 
        D477  2 0.1988 0.2040 0.0334 0.1460 0.0378 0.2839 0.0294 0.0666 
        D478  2 0.0264 0.0530 0.4018 0.0660 0.1645 0.0974 0.0651 0.1257 
        D480  2 0.0502 0.1787 0.0290 0.1736 0.0345 0.2851 0.1209 0.1280 
        D481  2 0.1283 0.1822 0.1376 0.0731 0.0601 0.2002 0.0842 0.1344 
        D482  2 0.1241 0.0257 0.0715 0.1175 0.0939 0.4295 0.0351 0.1027 
        D483  2 0.0191 0.0190 0.0271 0.0268 0.0262 0.0174 0.7849 0.0796 
        D484  2 0.0200 0.0125 0.0210 0.0261 0.0415 0.8349 0.0224 0.0215 
        D510  2 0.0363 0.0365 0.0282 0.1232 0.1248 0.0370 0.0358 0.5782 
        D511  2 0.0476 0.0750 0.0433 0.0638 0.0254 0.6478 0.0717 0.0255 
        D512  2 0.1520 0.0368 0.0638 0.0617 0.4452 0.0399 0.1805 0.0202 
        D513  2 0.0505 0.1418 0.0457 0.1153 0.0448 0.0334 0.5061 0.0624 
        D635  2 0.0691 0.2224 0.5293 0.0417 0.0308 0.0249 0.0466 0.0352 
        D636  2 0.0898 0.0288 0.7883 0.0158 0.0189 0.0185 0.0206 0.0194 
        D637  2 0.1442 0.0426 0.0469 0.0894 0.1047 0.3142 0.1883 0.0697 
        D658  2 0.0524 0.0261 0.0304 0.0328 0.1020 0.2478 0.3936 0.1149 
        D659  2 0.0317 0.7379 0.0472 0.0468 0.0221 0.0466 0.0329 0.0348 
        D677  2 0.1066 0.4085 0.1463 0.0770 0.0775 0.0609 0.0930 0.0302 
        D678  2 0.0366 0.0216 0.0396 0.0349 0.1640 0.0280 0.6555 0.0199 
        D679  2 0.1371 0.4671 0.0460 0.1081 0.0353 0.0761 0.0655 0.0648 
        D719  2 0.0435 0.1521 0.0184 0.0715 0.0359 0.0430 0.1577 0.4780 
        D720  2 0.0441 0.7222 0.0370 0.0360 0.0317 0.0247 0.0321 0.0722 
        D721  2 0.0309 0.0455 0.7072 0.0400 0.0155 0.0526 0.0652 0.0431 
        D722  2 0.0683 0.0332 0.0300 0.0422 0.4832 0.0458 0.0604 0.2368 
        D734  2 0.0184 0.0238 0.0181 0.0573 0.0396 0.5220 0.0765 0.2441 
        D735  2 0.3411 0.1866 0.0550 0.1409 0.0423 0.0929 0.0827 0.0585 
        D736  2 0.0547 0.0840 0.0849 0.2766 0.0332 0.0586 0.0885 0.3195 
        D737  2 0.0426 0.0232 0.0582 0.0635 0.0520 0.1980 0.5081 0.0546 
        D807  2 0.1521 0.1661 0.0546 0.1223 0.0859 0.0859 0.0765 0.2566 
        D808  2 0.1274 0.1014 0.1168 0.1722 0.2252 0.0592 0.1549 0.0430 
        D817  2 0.2680 0.3263 0.0515 0.0466 0.1144 0.1151 0.0318 0.0465 
        D818  2 0.0267 0.0740 0.2618 0.2526 0.0583 0.0669 0.2196 0.0401 
        D819  2 0.3294 0.1799 0.0917 0.0727 0.1750 0.0422 0.0569 0.0521 
        D820  2 0.0153 0.7335 0.0259 0.0348 0.0213 0.0947 0.0415 0.0331 
        D895  2 0.1878 0.4642 0.0983 0.0358 0.0368 0.0713 0.0677 0.0381 
        D896  2 0.5233 0.0245 0.0295 0.0190 0.3132 0.0211 0.0195 0.0498 
        D897  2 0.0715 0.0336 0.0325 0.0619 0.0449 0.0379 0.6898 0.0279 
        D898  2 0.3031 0.0482 0.0618 0.1850 0.2473 0.0570 0.0394 0.0582 
        D918  2 0.1578 0.0539 0.1540 0.1440 0.1393 0.1456 0.1172 0.0881 
        D919  2 0.0323 0.1246 0.0788 0.1045 0.0543 0.4641 0.1096 0.0317 
        D920  2 0.0599 0.0331 0.6600 0.0334 0.0557 0.0564 0.0355 0.0660 
        D923  2 0.0386 0.6434 0.0411 0.0378 0.0398 0.1266 0.0441 0.0286 
        D930  2 0.1478 0.1678 0.0475 0.1339 0.0854 0.2121 0.0689 0.1366 
        D931  2 0.0451 0.2511 0.0510 0.0704 0.0794 0.2730 0.1697 0.0603 
        D968  2 0.0243 0.0297 0.0134 0.0555 0.0330 0.0338 0.7932 0.0173 
        D969  2 0.0701 0.2275 0.0471 0.1844 0.0636 0.0701 0.2385 0.0987 
        D977  2 0.0252 0.0313 0.0339 0.0366 0.0257 0.0393 0.7855 0.0225 
        D978  2 0.0679 0.0260 0.0383 0.5448 0.1044 0.0394 0.1392 0.0401 
        D211  3 0.1609 0.0614 0.5214 0.0614 0.0343 0.0931 0.0372 0.0303 
     D229639  3 0.1248 0.0922 0.0378 0.4521 0.0525 0.0296 0.0668 0.1442 
     D237212  3 0.1262 0.0724 0.0973 0.3161 0.0513 0.2144 0.0876 0.0347 
     D237213  3 0.4896 0.0553 0.0999 0.0738 0.1092 0.1125 0.0401 0.0195 
     D237214  3 0.0155 0.0287 0.8442 0.0177 0.0292 0.0149 0.0218 0.0281 
     D237215  3 0.0492 0.0197 0.0222 0.0886 0.2803 0.0234 0.4039 0.1128 
     D237216  3 0.2142 0.0886 0.1917 0.1879 0.0979 0.0984 0.0856 0.0356 
     D237217  3 0.2510 0.1629 0.3282 0.0988 0.0369 0.0324 0.0639 0.0259 
     D237218  3 0.0571 0.0624 0.0447 0.3491 0.0208 0.3449 0.0587 0.0624 
     D237219  3 0.5345 0.0463 0.0898 0.0986 0.0529 0.0279 0.0404 0.1095 
     D237382  3 0.0841 0.1000 0.0580 0.0682 0.4811 0.0487 0.0572 0.1028 
     D244127  3 0.4621 0.0323 0.0791 0.0932 0.1563 0.0578 0.0917 0.0274 
     D244129  3 0.1801 0.1320 0.1670 0.1039 0.1334 0.0893 0.1236 0.0708 
     D244133  3 0.2185 0.1497 0.0751 0.0665 0.1578 0.0162 0.1855 0.1308 
     D244134  3 0.3770 0.0374 0.0332 0.2135 0.0236 0.0310 0.0421 0.2421 
     D244135  3 0.0391 0.0397 0.7594 0.0272 0.0249 0.0312 0.0601 0.0183 
     D244136  3 0.1140 0.2660 0.0937 0.1069 0.1127 0.0318 0.1009 0.1739 
        D416  3 0.3562 0.0894 0.1095 0.0697 0.0404 0.0498 0.2442 0.0409 
        D417  3 0.0320 0.7600 0.0439 0.0329 0.0386 0.0356 0.0230 0.0339 
        D419  3 0.3171 0.1451 0.0782 0.1299 0.0430 0.0628 0.1156 0.1082 
        D565  3 0.0356 0.0484 0.0182 0.0334 0.0201 0.0169 0.0139 0.8134 
        D566  3 0.0718 0.0768 0.0419 0.3444 0.0976 0.0234 0.0696 0.2745 
        D567  3 0.1195 0.5876 0.0649 0.0256 0.0413 0.0719 0.0577 0.0316 
        D568  3 0.1115 0.2025 0.1222 0.0581 0.0477 0.2402 0.1899 0.0280 
        D569  3 0.0529 0.0238 0.0848 0.0567 0.0887 0.5340 0.1056 0.0534 
        D573  3 0.0382 0.1702 0.0322 0.4440 0.0264 0.0440 0.2065 0.0384 
        D574  3 0.0733 0.0396 0.0741 0.2027 0.1760 0.0489 0.0712 0.3141 
        D575  3 0.6993 0.0537 0.0373 0.0457 0.0239 0.0304 0.0555 0.0542 
        D576  3 0.0270 0.0083 0.0440 0.0789 0.2894 0.0214 0.4919 0.0393 
        D577  3 0.0853 0.4704 0.1513 0.0696 0.0608 0.0695 0.0353 0.0579 
        D578  3 0.0248 0.0181 0.8392 0.0257 0.0311 0.0153 0.0284 0.0174 
        D579  3 0.0990 0.1892 0.0681 0.1983 0.0385 0.1434 0.0899 0.1737 
        D660  3 0.0946 0.0230 0.0546 0.0332 0.0784 0.0675 0.6267 0.0220 
        D661  3 0.0498 0.0368 0.0864 0.3468 0.0364 0.1149 0.3002 0.0287 
        D663  3 0.0217 0.0890 0.0440 0.5816 0.0720 0.0592 0.1080 0.0244 
        D664  3 0.2854 0.0290 0.1658 0.0621 0.1107 0.0441 0.2105 0.0923 
        D665  3 0.2062 0.0223 0.1076 0.0797 0.4412 0.0852 0.0432 0.0146 
        D666  3 0.6615 0.0614 0.0469 0.0633 0.0282 0.0366 0.0267 0.0753 
        D009  4 0.1327 0.1906 0.1915 0.0670 0.1155 0.2311 0.0333 0.0383 
        D057  4 0.0181 0.0322 0.2205 0.0498 0.0197 0.5119 0.1125 0.0353 
        D109  4 0.5761 0.0486 0.0920 0.0389 0.1140 0.0376 0.0338 0.0589 
     D237222  4 0.0440 0.0418 0.5169 0.0436 0.1254 0.0467 0.0445 0.1372 
     D237223  4 0.1417 0.0882 0.1985 0.1104 0.1272 0.0993 0.0910 0.1438 
     D237224  4 0.0915 0.1115 0.0665 0.1241 0.0566 0.3023 0.2014 0.0462 
     D237225  4 0.1048 0.2610 0.1393 0.1509 0.0723 0.1467 0.0530 0.0721 
     D237299  4 0.0554 0.0201 0.0734 0.5741 0.1693 0.0277 0.0472 0.0327 
     D237300  4 0.1416 0.0225 0.0320 0.6360 0.0285 0.0369 0.0582 0.0444 
     D237306  4 0.0512 0.0926 0.0616 0.0384 0.1672 0.0577 0.0381 0.4931 
     D237307  4 0.0665 0.4187 0.0506 0.1071 0.0594 0.0279 0.0772 0.1926 
     D237308  4 0.0685 0.0576 0.0753 0.0449 0.0503 0.2071 0.4067 0.0896 
     D237309  4 0.0909 0.2266 0.2700 0.0614 0.1227 0.1198 0.0739 0.0346 
     D237317  4 0.0731 0.1751 0.0704 0.0635 0.0560 0.0584 0.0372 0.4664 
     D237318  4 0.0308 0.0350 0.0205 0.7864 0.0328 0.0139 0.0543 0.0263 
     D237319  4 0.0686 0.1363 0.1930 0.0979 0.3060 0.0571 0.0860 0.0551 
     D237320  4 0.1149 0.1298 0.3040 0.1695 0.0473 0.0323 0.1570 0.0450 
     D237321  4 0.1092 0.0605 0.0646 0.5112 0.0510 0.0367 0.0977 0.0692 
     D237397  4 0.0889 0.0903 0.1048 0.1928 0.0622 0.0500 0.1722 0.2387 
     D237398  4 0.0281 0.0503 0.0354 0.7796 0.0256 0.0330 0.0283 0.0196 
     D237399  4 0.0406 0.0887 0.1401 0.3833 0.0755 0.0588 0.0457 0.1673 
     D244001  4 0.0322 0.0547 0.4583 0.0375 0.1033 0.0974 0.1821 0.0346 
        D289  4 0.0400 0.0699 0.0581 0.0993 0.0362 0.3070 0.1058 0.2838 
        D290  4 0.0282 0.0752 0.0602 0.1394 0.5837 0.0479 0.0353 0.0301 
        D294  4 0.0335 0.1112 0.1362 0.2030 0.1001 0.3102 0.0609 0.0450 
        D295  4 0.2140 0.3945 0.0491 0.0546 0.1014 0.0988 0.0388 0.0488 
        D301  4 0.0640 0.0291 0.5056 0.0854 0.1335 0.0557 0.0558 0.0710 
        D302  4 0.0229 0.0920 0.0619 0.0337 0.0448 0.7014 0.0204 0.0229 
        D303  4 0.0769 0.0379 0.0359 0.0438 0.0683 0.0975 0.0695 0.5702 
        D304  4 0.0410 0.1045 0.0692 0.2649 0.3201 0.0475 0.0516 0.1011 
        D305  4 0.0518 0.0282 0.0436 0.0550 0.1045 0.5773 0.1246 0.0151 
        D306  4 0.0310 0.0408 0.0530 0.0330 0.7648 0.0234 0.0251 0.0290 
        D307  4 0.0402 0.0187 0.6726 0.0410 0.0292 0.0841 0.0288 0.0853 
        D327  4 0.0315 0.6368 0.0537 0.0601 0.0369 0.0470 0.0641 0.0700 
        D328  4 0.0765 0.0281 0.0428 0.0397 0.1600 0.4823 0.0311 0.1395 
        D329  4 0.0776 0.0779 0.0976 0.1106 0.0811 0.3211 0.1861 0.0480 
        D330  4 0.1555 0.2814 0.1817 0.0243 0.1483 0.0995 0.0837 0.0257 
        D331  4 0.0823 0.1234 0.0783 0.1969 0.3118 0.0514 0.0535 0.1025 
        D333  4 0.1212 0.0758 0.0580 0.1065 0.1094 0.2892 0.1227 0.1171 
        D334  4 0.0371 0.0787 0.0962 0.0702 0.0496 0.1004 0.0275 0.5404 
        D335  4 0.0280 0.1980 0.0477 0.0321 0.0698 0.5455 0.0433 0.0358 
        D370  4 0.1682 0.0467 0.0252 0.0287 0.5352 0.0809 0.0531 0.0620 
        D371  4 0.0285 0.1502 0.0202 0.0199 0.0482 0.0235 0.0458 0.6637 
        D372  4 0.0458 0.0138 0.0214 0.6994 0.1010 0.0237 0.0571 0.0377 
        D373  4 0.0494 0.0341 0.6127 0.0774 0.0244 0.0754 0.0999 0.0266 
        D455  4 0.0288 0.0377 0.6594 0.0494 0.0332 0.1227 0.0410 0.0277 
        D490  4 0.0355 0.0270 0.7943 0.0213 0.0310 0.0507 0.0150 0.0252 
        D497  4 0.0833 0.0201 0.6785 0.0319 0.0418 0.0946 0.0229 0.0269 
        D498  4 0.0830 0.0708 0.0666 0.1329 0.4390 0.0310 0.0426 0.1341 
        D499  4 0.0852 0.0267 0.0324 0.2281 0.1380 0.1412 0.2206 0.1278 
        D514  4 0.0605 0.3128 0.0696 0.1275 0.2706 0.1032 0.0361 0.0195 
        D515  4 0.1033 0.0637 0.2998 0.1242 0.2183 0.0668 0.0791 0.0447 
        D516  4 0.3726 0.2277 0.0766 0.0446 0.0855 0.0353 0.0913 0.0663 
        D517  4 0.0631 0.0708 0.6545 0.0528 0.0263 0.0461 0.0553 0.0312 
        D518  4 0.0153 0.0413 0.1464 0.0215 0.0368 0.6373 0.0402 0.0611 
        D519  4 0.1225 0.0798 0.3556 0.2415 0.0283 0.0308 0.1040 0.0375 
        D560  4 0.0738 0.1267 0.1704 0.2613 0.0511 0.0888 0.2074 0.0204 
        D561  4 0.0358 0.1140 0.3671 0.2085 0.0801 0.1015 0.0765 0.0164 
        D562  4 0.0506 0.0525 0.2380 0.1135 0.1597 0.2035 0.1001 0.0822 
        D563  4 0.0510 0.0336 0.0822 0.1009 0.0756 0.2253 0.3998 0.0316 
        D572  4 0.0175 0.0408 0.0547 0.0217 0.0352 0.7694 0.0313 0.0294 
        D629  4 0.1833 0.2087 0.2723 0.1129 0.0331 0.1168 0.0411 0.0318 
        D630  4 0.0328 0.1288 0.2476 0.1437 0.1870 0.1319 0.0484 0.0798 
        D631  4 0.0181 0.0228 0.0281 0.0318 0.0288 0.7633 0.0839 0.0232 
        D632  4 0.1361 0.0598 0.2920 0.0324 0.0391 0.2315 0.1860 0.0231 
        D646  4 0.1238 0.3957 0.1594 0.0531 0.0406 0.0537 0.1214 0.0525 
        D647  4 0.0547 0.4644 0.1327 0.0521 0.0894 0.1178 0.0713 0.0175 
        D648  4 0.0227 0.0224 0.0226 0.0196 0.3320 0.5028 0.0256 0.0523 
        D649  4 0.2542 0.3407 0.0642 0.0501 0.0375 0.2048 0.0214 0.0272 
        D650  4 0.0952 0.2025 0.1357 0.1608 0.0766 0.1509 0.0410 0.1374 
        D708  4 0.1002 0.0549 0.0475 0.1629 0.0829 0.2885 0.0381 0.2249 
        D709  4 0.0780 0.0390 0.0211 0.0291 0.7318 0.0436 0.0270 0.0304 
        D738  4 0.0600 0.1199 0.0754 0.0415 0.0450 0.0382 0.0172 0.6028 
        D739  4 0.0884 0.0463 0.3409 0.0722 0.2248 0.1436 0.0368 0.0470 
        D740  4 0.2802 0.0240 0.0724 0.2332 0.0498 0.1046 0.0793 0.1564 
        D741  4 0.1154 0.2656 0.1795 0.1266 0.0707 0.0493 0.1711 0.0219 
        D742  4 0.0614 0.0434 0.1171 0.1321 0.0593 0.1339 0.3070 0.1459 
        D743  4 0.0272 0.3290 0.0389 0.0644 0.0331 0.4079 0.0639 0.0356 
        D744  4 0.0330 0.0311 0.0443 0.0467 0.0269 0.7220 0.0704 0.0257 
        D745  4 0.1411 0.0422 0.4817 0.1600 0.0405 0.0479 0.0591 0.0276 
        D814  4 0.0280 0.0602 0.1007 0.0896 0.0870 0.1124 0.4889 0.0331 
        D815  4 0.0871 0.1441 0.0324 0.0547 0.2428 0.3525 0.0478 0.0388 
        D828  4 0.0379 0.0152 0.0278 0.0509 0.6765 0.0665 0.0628 0.0624 
        D845  4 0.0347 0.0274 0.0194 0.7652 0.0179 0.0324 0.0422 0.0608 
        D846  4 0.0295 0.1194 0.1382 0.0464 0.0504 0.4528 0.1502 0.0131 
        D847  4 0.0591 0.1007 0.3472 0.1761 0.0732 0.0812 0.0729 0.0896 
        D848  4 0.0214 0.0160 0.5970 0.1466 0.0328 0.0584 0.0974 0.0304 
        D849  4 0.2274 0.0664 0.2833 0.0423 0.2066 0.0959 0.0527 0.0254 
        D850  4 0.0410 0.1696 0.3020 0.2772 0.0340 0.0531 0.0448 0.0783 
        D856  4 0.1662 0.0590 0.1026 0.1368 0.3799 0.0577 0.0368 0.0611 
        D857  4 0.3736 0.0116 0.0506 0.0210 0.3577 0.0344 0.1136 0.0375 
        D859  4 0.0391 0.0734 0.0341 0.0637 0.0592 0.6484 0.0454 0.0368 
        D860  4 0.0317 0.0753 0.0408 0.1062 0.0323 0.0807 0.0926 0.5402 
        D883  4 0.1943 0.2602 0.1470 0.0832 0.0806 0.0914 0.0470 0.0963 
        D884  4 0.2138 0.1533 0.1319 0.0553 0.1785 0.1106 0.0358 0.1209 
        D885  4 0.0833 0.1432 0.0998 0.2968 0.0301 0.1516 0.1558 0.0393 
        D886  4 0.1035 0.1916 0.1838 0.0497 0.2520 0.1025 0.0823 0.0345 
        D887  4 0.0961 0.1111 0.0685 0.2159 0.0917 0.1790 0.1646 0.0731 
        D889  4 0.0200 0.0317 0.0249 0.7014 0.1366 0.0514 0.0145 0.0196 
        D890  4 0.2442 0.0595 0.0848 0.0613 0.1698 0.1881 0.0976 0.0947 
        D891  4 0.0218 0.0164 0.0134 0.8939 0.0130 0.0129 0.0150 0.0135 
        D899  4 0.0464 0.0379 0.0406 0.1666 0.0908 0.1148 0.3792 0.1238 
        D900  4 0.0618 0.1417 0.1398 0.0997 0.2038 0.1783 0.0926 0.0823 
        D970  4 0.0505 0.0976 0.0663 0.0743 0.0373 0.5478 0.0695 0.0567 
        D971  4 0.0616 0.0654 0.0603 0.0344 0.0862 0.1811 0.4284 0.0826 
        D979  4 0.0274 0.3764 0.0344 0.0491 0.0588 0.3736 0.0337 0.0466 
        D093  5 0.0267 0.0481 0.0235 0.0471 0.0390 0.0265 0.0272 0.7619 
        D154  5 0.1226 0.0401 0.0359 0.3218 0.1411 0.0554 0.2302 0.0528 
        D168  5 0.1816 0.0854 0.0983 0.1064 0.0757 0.0488 0.3794 0.0243 
        D189  5 0.0326 0.0522 0.0297 0.2969 0.1662 0.0358 0.0350 0.3517 
        D190  5 0.0974 0.0408 0.0227 0.0494 0.0373 0.0760 0.0426 0.6338 
     D237220  5 0.1286 0.0345 0.2092 0.2197 0.0772 0.1950 0.0275 0.1083 
     D237221  5 0.1097 0.0747 0.0486 0.2424 0.0455 0.0956 0.1339 0.2494 
     D237274  5 0.0467 0.5715 0.0420 0.0228 0.1038 0.1311 0.0569 0.0250 
     D237275  5 0.0539 0.0177 0.0235 0.1135 0.2956 0.0210 0.4464 0.0285 
     D237276  5 0.2075 0.1609 0.0765 0.0580 0.1378 0.0868 0.0703 0.2023 
     D237277  5 0.0947 0.0347 0.0225 0.1456 0.0354 0.1012 0.0914 0.4745 
     D237278  5 0.0843 0.0532 0.0634 0.0656 0.0740 0.0934 0.3441 0.2219 
     D237279  5 0.3031 0.0556 0.2465 0.1816 0.0537 0.0902 0.0399 0.0295 
     D237280  5 0.6776 0.0844 0.0405 0.0236 0.0408 0.0477 0.0324 0.0529 
     D237281  5 0.0291 0.0647 0.0301 0.5110 0.0324 0.0370 0.2567 0.0389 
     D237351  5 0.8336 0.0203 0.0218 0.0248 0.0200 0.0213 0.0221 0.0361 
     D237352  5 0.0802 0.0913 0.2989 0.0453 0.0881 0.2354 0.0999 0.0610 
     D237353  5 0.2004 0.0257 0.0141 0.0519 0.0303 0.0420 0.0238 0.6119 
     D237359  5 0.0985 0.0515 0.1541 0.3702 0.0654 0.1596 0.0383 0.0624 
     D237361  5 0.0365 0.0251 0.0227 0.0340 0.0293 0.0215 0.0200 0.8110 
     D237362  5 0.4031 0.2093 0.0447 0.0723 0.0666 0.0650 0.0531 0.0858 
     D237363  5 0.1049 0.0767 0.0889 0.2317 0.1498 0.0436 0.2282 0.0762 
     D237364  5 0.0720 0.0942 0.1329 0.1802 0.1250 0.2164 0.1594 0.0199 
     D237376  5 0.0221 0.0128 0.0191 0.0310 0.7153 0.0982 0.0313 0.0701 
     D237377  5 0.5204 0.1054 0.0517 0.0428 0.0318 0.0493 0.0540 0.1446 
     D237378  5 0.0400 0.0342 0.0392 0.0793 0.1020 0.1472 0.0895 0.4686 
     D237379  5 0.0267 0.0402 0.0686 0.0835 0.1678 0.2704 0.0486 0.2943 
     D237380  5 0.2727 0.0357 0.0394 0.0222 0.3715 0.1590 0.0287 0.0708 
     D237381  5 0.1309 0.0576 0.2329 0.0651 0.1604 0.1552 0.0896 0.1083 
     D237391  5 0.0303 0.0269 0.0227 0.0940 0.0187 0.0288 0.0196 0.7589 
     D237392  5 0.0561 0.3905 0.0558 0.0449 0.1774 0.0501 0.1927 0.0326 
     D237393  5 0.2180 0.3344 0.0422 0.0479 0.0598 0.0433 0.0667 0.1876 
     D237394  5 0.0748 0.0239 0.0208 0.0238 0.0219 0.0336 0.0162 0.7851 
     D237395  5 0.1350 0.0354 0.0604 0.2764 0.1770 0.0331 0.0810 0.2017 
     D237396  5 0.0741 0.2464 0.1681 0.0987 0.0237 0.0632 0.0975 0.2282 
     D244016  5 0.2216 0.0274 0.0454 0.1565 0.1075 0.2208 0.0564 0.1645 
     D244018  5 0.0464 0.0988 0.0750 0.0949 0.0290 0.0434 0.3445 0.2679 
     D244019  5 0.2107 0.1243 0.0320 0.1449 0.1812 0.0884 0.1516 0.0668 
        D279  5 0.1374 0.0364 0.0286 0.4617 0.0401 0.1264 0.1045 0.0650 
        D280  5 0.2287 0.0968 0.1112 0.2128 0.0910 0.0270 0.0575 0.1749 
        D281  5 0.0238 0.0326 0.0220 0.6779 0.0595 0.0316 0.0791 0.0735 
        D283  5 0.1430 0.2018 0.0355 0.0736 0.0270 0.0433 0.0388 0.4369 
        D284  5 0.0794 0.0870 0.2333 0.2099 0.2466 0.0514 0.0581 0.0343 
        D285  5 0.0520 0.0695 0.0382 0.3448 0.0542 0.0614 0.0271 0.3528 
        D286  5 0.0691 0.1050 0.0863 0.1047 0.2045 0.1876 0.0401 0.2027 
        D287  5 0.0483 0.0189 0.0394 0.0305 0.6506 0.0777 0.0318 0.1028 
        D288  5 0.3655 0.2321 0.0479 0.1697 0.0337 0.0249 0.0422 0.0841 
        D308  5 0.7054 0.1053 0.0291 0.0314 0.0379 0.0302 0.0306 0.0300 
        D309  5 0.0319 0.0260 0.0431 0.0216 0.0276 0.8015 0.0211 0.0272 
        D310  5 0.0548 0.0222 0.0222 0.0410 0.0526 0.0205 0.0215 0.7653 
        D311  5 0.0986 0.1992 0.0464 0.0713 0.2558 0.1794 0.0468 0.1025 
        D312  5 0.0932 0.1192 0.1048 0.1034 0.1593 0.1877 0.0560 0.1765 
        D313  5 0.4692 0.0171 0.3927 0.0182 0.0235 0.0139 0.0171 0.0482 
        D314  5 0.2114 0.0369 0.0726 0.1726 0.1441 0.1194 0.1413 0.1017 
        D315  5 0.1539 0.1905 0.0928 0.0644 0.1140 0.0593 0.0808 0.2442 
        D317  5 0.0187 0.0670 0.0272 0.0255 0.0444 0.0182 0.0182 0.7809 
        D318  5 0.0668 0.1134 0.2555 0.1068 0.1141 0.1460 0.1294 0.0680 
        D319  5 0.0414 0.0335 0.0173 0.0381 0.0298 0.0192 0.0196 0.8012 
        D320  5 0.0703 0.0361 0.0295 0.0857 0.0550 0.0795 0.0223 0.6215 
        D321  5 0.7333 0.0533 0.0269 0.0966 0.0166 0.0196 0.0134 0.0402 
        D336  5 0.0222 0.0313 0.0251 0.0274 0.4012 0.0385 0.0156 0.4386 
        D337  5 0.0253 0.0252 0.0151 0.0522 0.0268 0.0288 0.0190 0.8076 
        D338  5 0.0713 0.1456 0.0853 0.2541 0.0464 0.1031 0.0847 0.2094 
        D339  5 0.0823 0.0436 0.0276 0.0933 0.0505 0.0241 0.0631 0.6154 
        D347  5 0.0218 0.1088 0.0296 0.0469 0.6342 0.0488 0.0599 0.0499 
        D348  5 0.0160 0.0323 0.0251 0.0261 0.0517 0.0896 0.0252 0.7341 
        D349  5 0.8731 0.0135 0.0117 0.0221 0.0171 0.0178 0.0159 0.0287 
        D350  5 0.0256 0.0204 0.0196 0.0256 0.0256 0.8357 0.0259 0.0216 
        D355  5 0.0454 0.1126 0.0224 0.5398 0.0799 0.0689 0.1078 0.0232 
        D356  5 0.0569 0.1968 0.1542 0.1036 0.1117 0.0725 0.0342 0.2701 
        D357  5 0.0820 0.0664 0.0493 0.1238 0.5045 0.0612 0.0415 0.0713 
        D358  5 0.0515 0.0409 0.1169 0.0753 0.0827 0.1430 0.0594 0.4303 
        D359  5 0.0594 0.1784 0.0227 0.0487 0.0322 0.0928 0.0196 0.5464 
        D360  5 0.0531 0.0763 0.1817 0.1125 0.0947 0.0373 0.0238 0.4205 
        D361  5 0.8464 0.0293 0.0222 0.0180 0.0242 0.0161 0.0213 0.0224 
        D366  5 0.0214 0.5506 0.0294 0.0264 0.0342 0.0194 0.2942 0.0245 
        D367  5 0.0792 0.0263 0.0476 0.0717 0.1324 0.1233 0.0247 0.4947 
        D368  5 0.5734 0.0714 0.0379 0.0629 0.0493 0.0435 0.0310 0.1305 
        D380  5 0.1471 0.0504 0.0872 0.1069 0.0274 0.4682 0.0730 0.0398 
        D381  5 0.0404 0.0641 0.0330 0.1120 0.0297 0.0681 0.0397 0.6131 
        D400  5 0.0495 0.0993 0.0468 0.1264 0.1724 0.1580 0.1039 0.2438 
        D411  5 0.0454 0.0264 0.6844 0.0357 0.1297 0.0242 0.0384 0.0157 
        D412  5 0.1279 0.0793 0.1103 0.0889 0.2068 0.0610 0.2253 0.1005 
        D413  5 0.0575 0.0737 0.0889 0.0534 0.0352 0.0735 0.5854 0.0323 
        D414  5 0.0279 0.0291 0.0222 0.0960 0.0765 0.6281 0.0981 0.0219 
        D420  5 0.0440 0.0241 0.2352 0.4560 0.1667 0.0211 0.0189 0.0340 
        D431  5 0.3267 0.0201 0.0671 0.1545 0.1983 0.1186 0.0679 0.0469 
        D432  5 0.0621 0.0609 0.1000 0.0788 0.0560 0.0515 0.1116 0.4789 
        D433  5 0.1801 0.0704 0.0194 0.0898 0.0846 0.0308 0.0337 0.4912 
        D434  5 0.1594 0.0976 0.0435 0.0705 0.0782 0.0362 0.0304 0.4841 
        D440  5 0.0359 0.0255 0.0216 0.0206 0.0295 0.8210 0.0194 0.0266 
        D447  5 0.0262 0.3104 0.2443 0.0693 0.1067 0.1041 0.1007 0.0384 
        D448  5 0.0412 0.0875 0.0288 0.0451 0.3939 0.0463 0.0461 0.3111 
        D459  5 0.0237 0.0927 0.0271 0.4170 0.0443 0.0842 0.2649 0.0461 
        D460  5 0.8183 0.0386 0.0164 0.0235 0.0166 0.0192 0.0199 0.0475 
        D461  5 0.0278 0.0580 0.0189 0.0210 0.0212 0.8104 0.0182 0.0243 
        D468  5 0.2549 0.1806 0.0605 0.0404 0.2446 0.0384 0.0672 0.1134 
        D469  5 0.1995 0.3978 0.0738 0.0606 0.0566 0.0928 0.0368 0.0821 
        D470  5 0.1465 0.1025 0.2063 0.0517 0.2434 0.1100 0.0593 0.0804 
        D471  5 0.0396 0.0679 0.0195 0.1478 0.2087 0.0569 0.0409 0.4188 
        D472  5 0.0284 0.7084 0.0225 0.0724 0.0199 0.0219 0.0982 0.0283 
        D479  5 0.0282 0.0332 0.0251 0.0173 0.0926 0.1027 0.6752 0.0258 
        D485  5 0.0345 0.0332 0.0574 0.0431 0.5935 0.1703 0.0384 0.0296 
        D486  5 0.0898 0.1311 0.1235 0.0572 0.4408 0.0438 0.0537 0.0602 
        D487  5 0.0459 0.0340 0.0389 0.2061 0.0775 0.2207 0.1183 0.2585 
        D555  5 0.0211 0.0259 0.0213 0.0360 0.0512 0.0210 0.0452 0.7782 
        D556  5 0.3766 0.0380 0.0352 0.2391 0.0466 0.1674 0.0291 0.0681 
        D557  5 0.0830 0.0286 0.0177 0.0243 0.0354 0.0532 0.0302 0.7276 
        D564  5 0.1366 0.0356 0.0726 0.0344 0.0739 0.3377 0.0507 0.2584 
        D594  5 0.0583 0.1973 0.0509 0.0564 0.3949 0.0606 0.1131 0.0685 
        D595  5 0.0732 0.2053 0.0518 0.0918 0.0976 0.0707 0.1242 0.2852 
        D596  5 0.0303 0.0201 0.0178 0.0295 0.0578 0.0203 0.0340 0.7902 
        D597  5 0.0772 0.1051 0.0261 0.1729 0.0274 0.0990 0.2309 0.2613 
        D598  5 0.0803 0.0904 0.1165 0.0650 0.0677 0.1153 0.0630 0.4018 
        D617  5 0.0626 0.0424 0.4501 0.0526 0.1226 0.0298 0.2219 0.0180 
        D618  5 0.1082 0.0585 0.0338 0.1662 0.0361 0.0906 0.0709 0.4357 
        D619  5 0.2590 0.1805 0.0232 0.0552 0.2865 0.0357 0.0690 0.0909 
        D620  5 0.0417 0.0723 0.0222 0.0525 0.0167 0.0321 0.7264 0.0360 
        D628  5 0.0251 0.0347 0.0778 0.0317 0.1351 0.5853 0.0522 0.0580 
        D714  5 0.0637 0.0223 0.0392 0.3721 0.1175 0.2502 0.0342 0.1008 
        D715  5 0.0843 0.0512 0.0220 0.0764 0.0254 0.0435 0.0401 0.6570 
        D716  5 0.0290 0.0694 0.0466 0.0723 0.5927 0.0802 0.0647 0.0452 
        D717  5 0.1084 0.2098 0.0809 0.1910 0.0608 0.1206 0.0344 0.1942 
        D718  5 0.0277 0.0332 0.0367 0.0669 0.7513 0.0189 0.0219 0.0435 
        D769  5 0.0390 0.0389 0.5073 0.0457 0.1667 0.0603 0.1090 0.0331 
        D770  5 0.0502 0.0507 0.0325 0.0827 0.1456 0.2425 0.3095 0.0864 
        D771  5 0.0735 0.0488 0.1246 0.1299 0.2466 0.0604 0.2424 0.0738 
        D772  5 0.0957 0.0360 0.0478 0.0657 0.0650 0.5722 0.0306 0.0872 
        D782  5 0.2061 0.0524 0.0740 0.4475 0.0633 0.0315 0.0825 0.0426 
        D783  5 0.0515 0.0175 0.0360 0.0974 0.0809 0.3889 0.2079 0.1200 
        D784  5 0.0816 0.1556 0.0631 0.2094 0.0272 0.3429 0.0317 0.0886 
        D785  5 0.3026 0.0355 0.0287 0.0463 0.0542 0.1258 0.0296 0.3774 
        D786  5 0.0464 0.1629 0.2774 0.0464 0.2269 0.1309 0.0884 0.0207 
        D821  5 0.0246 0.0131 0.0113 0.0482 0.0200 0.0361 0.0146 0.8321 
        D822  5 0.0843 0.2290 0.0372 0.1186 0.1510 0.1377 0.0973 0.1450 
        D826  5 0.1224 0.0575 0.0246 0.2307 0.0706 0.0530 0.1108 0.3303 
        D827  5 0.0318 0.4053 0.1193 0.0598 0.0767 0.1356 0.1266 0.0449 
        D851  5 0.1533 0.0681 0.1679 0.1290 0.1075 0.1187 0.0753 0.1803 
        D852  5 0.1194 0.0225 0.0309 0.1946 0.0309 0.4094 0.0625 0.1297 
        D853  5 0.0829 0.0751 0.0588 0.3117 0.1405 0.0535 0.0420 0.2355 
        D854  5 0.0877 0.1090 0.0572 0.2119 0.3464 0.0787 0.0911 0.0181 
        D861  5 0.0870 0.0847 0.0657 0.1789 0.1161 0.0681 0.2467 0.1528 
        D862  5 0.1430 0.2924 0.0611 0.0598 0.1306 0.0698 0.0276 0.2158 
        D865  5 0.1596 0.0358 0.0345 0.0563 0.1068 0.0459 0.0662 0.4950 
        D868  5 0.0496 0.6762 0.0364 0.0608 0.0281 0.0391 0.0269 0.0829 
        D869  5 0.0952 0.0499 0.6701 0.0266 0.0601 0.0175 0.0444 0.0362 
        D870  5 0.0357 0.0658 0.2849 0.3738 0.0934 0.0359 0.0935 0.0170 
        D907  5 0.0710 0.0376 0.0440 0.0377 0.0853 0.0286 0.0517 0.6441 
        D908  5 0.1685 0.0237 0.0230 0.1493 0.0642 0.2052 0.1617 0.2043 
        D910  5 0.0810 0.1072 0.0329 0.1381 0.1712 0.0613 0.1254 0.2828 
        D911  5 0.0269 0.0575 0.0189 0.7661 0.0271 0.0384 0.0377 0.0274 
        D934  5 0.1184 0.0392 0.0373 0.2219 0.0822 0.3173 0.1464 0.0373 
        D946  5 0.2338 0.0207 0.0373 0.0963 0.1060 0.3748 0.0898 0.0413 
        D947  5 0.1363 0.0901 0.0668 0.3242 0.0861 0.2260 0.0361 0.0345 
