        D174  1 0.3738 0.0202 0.0535 0.1122 0.0449 0.0794 0.0798 0.0696 0.0583 0.0819 0.0262 
        D199  1 0.1048 0.0394 0.1274 0.0391 0.1384 0.0504 0.0972 0.0353 0.1233 0.0822 0.1626 
        D203  1 0.0557 0.0404 0.1908 0.1353 0.0891 0.0275 0.0786 0.1001 0.1003 0.0530 0.1292 
        D204  1 0.0223 0.0909 0.6500 0.0256 0.0326 0.0327 0.0326 0.0377 0.0340 0.0184 0.0232 
     D237366  1 0.0600 0.0912 0.0491 0.1507 0.0352 0.0334 0.0532 0.0237 0.0678 0.3941 0.0417 
     D237367  1 0.0446 0.0441 0.1421 0.0672 0.0946 0.1150 0.1000 0.0598 0.1137 0.1953 0.0237 
     D237368  1 0.1006 0.0534 0.2209 0.0314 0.0678 0.0313 0.0391 0.0499 0.0713 0.3066 0.0280 
     D244101  1 0.0206 0.4291 0.1249 0.0455 0.0651 0.0418 0.0308 0.0353 0.0521 0.0199 0.1347 
     D244102  1 0.0391 0.0674 0.0622 0.0645 0.0518 0.0702 0.2804 0.1321 0.0901 0.0767 0.0654 
     D244103  1 0.0468 0.0355 0.2257 0.1362 0.0356 0.1526 0.0732 0.0437 0.1331 0.0940 0.0236 
     D244104  1 0.0791 0.0292 0.5567 0.0310 0.0396 0.1003 0.0150 0.0335 0.0334 0.0396 0.0426 
     D244105  1 0.0166 0.0278 0.0246 0.4040 0.0285 0.0578 0.0305 0.0844 0.1676 0.1200 0.0382 
     D244106  1 0.4372 0.0207 0.0814 0.1455 0.0643 0.0349 0.0716 0.0270 0.0601 0.0220 0.0354 
     D244107  1 0.0166 0.0739 0.0532 0.0356 0.0693 0.0624 0.0219 0.1546 0.0934 0.3834 0.0358 
     D244108  1 0.2578 0.0321 0.0386 0.0413 0.0393 0.0368 0.0833 0.3593 0.0518 0.0229 0.0368 
     D244113  1 0.2828 0.0606 0.0174 0.0162 0.0456 0.1293 0.3160 0.0297 0.0495 0.0306 0.0225 
     D244114  1 0.0704 0.0415 0.0444 0.3603 0.0373 0.0519 0.0517 0.0368 0.1693 0.0325 0.1039 
     D244115  1 0.2287 0.0318 0.1666 0.0507 0.0289 0.0587 0.0493 0.1448 0.1464 0.0564 0.0376 
     D267365  1 0.1342 0.0477 0.2434 0.0364 0.0290 0.0514 0.0557 0.0394 0.0850 0.1009 0.1769 
        D404  1 0.1452 0.0578 0.0276 0.0391 0.0358 0.0508 0.5118 0.0526 0.0384 0.0199 0.0209 
        D405  1 0.0374 0.0460 0.1047 0.0398 0.0563 0.0518 0.4776 0.0582 0.0578 0.0304 0.0399 
        D406  1 0.0611 0.0528 0.0722 0.0317 0.0238 0.0233 0.0300 0.1890 0.0495 0.4444 0.0224 
        D407  1 0.0304 0.0202 0.5282 0.0306 0.0973 0.0594 0.0282 0.0207 0.0739 0.0907 0.0205 
        D408  1 0.3249 0.0397 0.0896 0.0219 0.0199 0.1831 0.0649 0.0616 0.0506 0.0245 0.1193 
        D409  1 0.0363 0.0390 0.2465 0.0942 0.0541 0.1816 0.0458 0.0619 0.1556 0.0452 0.0399 
        D410  1 0.0244 0.0270 0.0541 0.0227 0.0152 0.0281 0.0247 0.7274 0.0380 0.0223 0.0161 
        D421  1 0.0250 0.0146 0.8132 0.0157 0.0345 0.0184 0.0116 0.0118 0.0218 0.0157 0.0176 
        D422  1 0.0160 0.0179 0.1051 0.0571 0.0315 0.0258 0.0203 0.0384 0.0447 0.6083 0.0348 
        D423  1 0.0224 0.0202 0.0606 0.0467 0.0705 0.0220 0.0326 0.5835 0.0566 0.0626 0.0223 
        D424  1 0.0381 0.0265 0.5666 0.0530 0.0251 0.0412 0.0255 0.0229 0.1183 0.0662 0.0166 
        D425  1 0.0725 0.0297 0.1629 0.0631 0.0292 0.0744 0.1503 0.1342 0.1711 0.0286 0.0840 
        D426  1 0.0296 0.0208 0.2119 0.0722 0.0289 0.1968 0.0192 0.0204 0.2267 0.0566 0.1168 
        D427  1 0.1742 0.0175 0.3298 0.0196 0.3147 0.0334 0.0136 0.0184 0.0267 0.0269 0.0251 
        D428  1 0.1578 0.0703 0.2107 0.0279 0.0410 0.0631 0.1172 0.1095 0.1071 0.0596 0.0359 
        D429  1 0.0968 0.0370 0.4103 0.1568 0.0325 0.0304 0.0901 0.0272 0.0617 0.0220 0.0354 
        D430  1 0.1387 0.0298 0.0730 0.1454 0.0702 0.0723 0.1492 0.0324 0.1667 0.0431 0.0791 
        D491  1 0.5388 0.0383 0.1134 0.0269 0.0133 0.0761 0.0414 0.0398 0.0489 0.0245 0.0386 
        D492  1 0.0961 0.0518 0.2574 0.0591 0.0636 0.0455 0.1092 0.0568 0.1559 0.0787 0.0260 
        D537  1 0.0311 0.0625 0.3841 0.0780 0.0443 0.1078 0.0728 0.0799 0.0589 0.0609 0.0196 
        D538  1 0.0899 0.0666 0.0750 0.0464 0.0748 0.0434 0.2113 0.1357 0.1190 0.1049 0.0329 
        D539  1 0.1136 0.0504 0.0314 0.2372 0.0475 0.0589 0.0812 0.0505 0.0781 0.0438 0.2073 
        D540  1 0.0282 0.0273 0.2267 0.0435 0.0253 0.2895 0.0510 0.0570 0.1327 0.0534 0.0656 
        D541  1 0.0133 0.0197 0.8173 0.0157 0.0214 0.0178 0.0153 0.0223 0.0192 0.0174 0.0206 
        D551  1 0.0409 0.0222 0.0667 0.2439 0.1014 0.0810 0.0323 0.0227 0.2284 0.0556 0.1049 
        D552  1 0.1717 0.0843 0.1328 0.0698 0.0346 0.0709 0.0192 0.2149 0.1046 0.0581 0.0392 
        D553  1 0.0200 0.0202 0.8111 0.0160 0.0139 0.0195 0.0119 0.0213 0.0210 0.0209 0.0242 
        D615  1 0.0564 0.0228 0.4236 0.0571 0.0548 0.0380 0.0841 0.0919 0.0931 0.0325 0.0457 
        D616  1 0.0461 0.0230 0.3360 0.0718 0.0932 0.0555 0.0256 0.1053 0.1117 0.0646 0.0673 
        D621  1 0.0939 0.2487 0.0184 0.0441 0.0276 0.0669 0.0535 0.2247 0.0539 0.1440 0.0242 
        D622  1 0.0464 0.0604 0.0356 0.1295 0.0304 0.0729 0.0332 0.1692 0.0938 0.2949 0.0338 
        D623  1 0.2083 0.1705 0.0233 0.0186 0.1250 0.0322 0.2114 0.0781 0.0610 0.0228 0.0486 
        D624  1 0.6697 0.0152 0.0411 0.0320 0.0167 0.0294 0.0256 0.0223 0.0759 0.0376 0.0346 
        D625  1 0.0585 0.0621 0.5442 0.0516 0.0194 0.0365 0.0254 0.0596 0.0694 0.0472 0.0262 
        D626  1 0.2548 0.0272 0.0463 0.0759 0.0409 0.1718 0.0617 0.1180 0.0591 0.1019 0.0421 
        D627  1 0.0396 0.0317 0.2150 0.0810 0.0265 0.0944 0.0251 0.0226 0.2263 0.0762 0.1617 
        D690  1 0.0496 0.0322 0.6876 0.0202 0.0113 0.0227 0.0187 0.0723 0.0309 0.0384 0.0160 
        D691  1 0.0597 0.0318 0.0564 0.1917 0.0207 0.0330 0.0165 0.0647 0.0396 0.4504 0.0356 
        D710  1 0.1278 0.1393 0.1968 0.0224 0.0415 0.0935 0.0494 0.0681 0.1152 0.1067 0.0392 
        D711  1 0.0304 0.0440 0.6834 0.0276 0.0272 0.0159 0.0408 0.0316 0.0367 0.0365 0.0259 
        D712  1 0.4582 0.0452 0.0336 0.0308 0.0396 0.0662 0.0636 0.0461 0.0488 0.0918 0.0760 
        D713  1 0.1019 0.0887 0.1021 0.0997 0.0226 0.0857 0.2186 0.0719 0.1199 0.0638 0.0248 
        D746  1 0.0345 0.0371 0.1035 0.0531 0.0443 0.0511 0.0163 0.0975 0.0410 0.5030 0.0187 
        D747  1 0.0191 0.0393 0.7830 0.0209 0.0267 0.0169 0.0170 0.0156 0.0192 0.0164 0.0258 
        D748  1 0.0368 0.0662 0.1458 0.3071 0.0191 0.0575 0.0333 0.0926 0.0720 0.1388 0.0308 
        D749  1 0.0652 0.0662 0.0330 0.1163 0.0444 0.0401 0.0841 0.0816 0.2475 0.1848 0.0368 
        D750  1 0.5082 0.0519 0.1307 0.0520 0.0232 0.0334 0.0268 0.0661 0.0509 0.0338 0.0229 
        D763  1 0.0256 0.1693 0.0563 0.0972 0.1002 0.1617 0.0342 0.0375 0.1128 0.0740 0.1313 
        D764  1 0.1858 0.0206 0.5109 0.0260 0.0182 0.0361 0.0196 0.0806 0.0425 0.0387 0.0211 
        D765  1 0.0936 0.0128 0.0280 0.0629 0.0164 0.0324 0.0530 0.5279 0.0762 0.0596 0.0373 
        D766  1 0.0373 0.0913 0.0533 0.0609 0.0266 0.1086 0.0343 0.4667 0.0431 0.0578 0.0200 
        D767  1 0.0319 0.1580 0.0738 0.0693 0.0750 0.0393 0.2457 0.1012 0.0879 0.0849 0.0329 
        D768  1 0.0160 0.0208 0.7692 0.0280 0.0225 0.0238 0.0172 0.0233 0.0309 0.0305 0.0179 
        D811  1 0.0643 0.0173 0.0229 0.0249 0.0195 0.2961 0.3211 0.1416 0.0455 0.0205 0.0262 
        D816  1 0.0264 0.0266 0.7463 0.0266 0.0187 0.0207 0.0263 0.0276 0.0347 0.0238 0.0222 
        D825  1 0.1280 0.0249 0.0793 0.0493 0.0181 0.0703 0.1675 0.3209 0.0816 0.0338 0.0262 
        D866  1 0.1597 0.0216 0.0600 0.0545 0.0739 0.0661 0.0430 0.0620 0.0778 0.0287 0.3527 
        D867  1 0.0259 0.0945 0.0243 0.0441 0.0574 0.0525 0.0446 0.0352 0.0660 0.5298 0.0256 
        D871  1 0.0532 0.0401 0.2725 0.1084 0.0224 0.2079 0.0402 0.0307 0.1600 0.0249 0.0397 
        D872  1 0.0468 0.0499 0.1264 0.0271 0.0565 0.0412 0.1835 0.3151 0.0676 0.0571 0.0289 
        D873  1 0.0143 0.0505 0.0117 0.0206 0.0361 0.0248 0.1084 0.6430 0.0349 0.0437 0.0120 
        D874  1 0.0956 0.5882 0.0547 0.0310 0.0223 0.0424 0.0564 0.0234 0.0379 0.0165 0.0316 
        D875  1 0.0277 0.0296 0.1963 0.1572 0.0159 0.1796 0.0403 0.1062 0.1725 0.0488 0.0259 
        D876  1 0.1248 0.1064 0.3266 0.0386 0.0253 0.0537 0.0334 0.0855 0.0881 0.0583 0.0592 
        D877  1 0.0694 0.0620 0.0262 0.0234 0.0204 0.0385 0.6655 0.0271 0.0341 0.0134 0.0200 
        D892  1 0.1731 0.0454 0.1646 0.2490 0.0197 0.0299 0.0569 0.0664 0.0558 0.1135 0.0258 
        D893  1 0.0204 0.0556 0.5113 0.0709 0.0325 0.0438 0.0226 0.0473 0.0697 0.0485 0.0776 
        D894  1 0.0299 0.0271 0.6387 0.0879 0.0212 0.0290 0.0301 0.0225 0.0555 0.0264 0.0317 
        D915  1 0.0514 0.0325 0.2836 0.1643 0.0356 0.0487 0.0315 0.1945 0.0644 0.0559 0.0376 
        D916  1 0.0166 0.0167 0.8352 0.0202 0.0139 0.0137 0.0111 0.0244 0.0192 0.0155 0.0137 
        D917  1 0.1629 0.1398 0.1192 0.0312 0.0424 0.0476 0.0828 0.0302 0.1296 0.0578 0.1567 
        D925  1 0.0883 0.0208 0.1855 0.0222 0.0217 0.0417 0.0429 0.4218 0.0557 0.0645 0.0349 
        D926  1 0.0510 0.0721 0.3723 0.0868 0.0244 0.0514 0.0430 0.0371 0.1639 0.0578 0.0400 
        D927  1 0.0623 0.0590 0.1762 0.0573 0.2139 0.0439 0.0469 0.0319 0.1077 0.0919 0.1091 
        D928  1 0.6707 0.0236 0.0993 0.0145 0.0202 0.0239 0.0478 0.0419 0.0251 0.0123 0.0207 
        D929  1 0.0548 0.2677 0.0305 0.0530 0.0213 0.0497 0.2828 0.0429 0.0619 0.1046 0.0307 
        D936  1 0.0239 0.2063 0.3655 0.0744 0.0430 0.0342 0.0356 0.0367 0.0670 0.0246 0.0889 
        D938  1 0.0328 0.0759 0.0314 0.0485 0.0205 0.0652 0.0252 0.2307 0.0474 0.4022 0.0202 
        D956  1 0.4495 0.0281 0.0741 0.0745 0.0313 0.0488 0.1309 0.0459 0.0617 0.0219 0.0334 
        D957  1 0.0351 0.0458 0.0598 0.0359 0.0398 0.0238 0.1057 0.5299 0.0609 0.0363 0.0269 
        D958  1 0.1473 0.0741 0.1146 0.0379 0.0258 0.0486 0.0415 0.3906 0.0626 0.0392 0.0177 
        D959  1 0.0251 0.0153 0.4801 0.0404 0.0825 0.0747 0.0350 0.0201 0.0981 0.1146 0.0142 
        D960  1 0.0483 0.0510 0.0383 0.0946 0.0246 0.0203 0.0839 0.1399 0.0921 0.3874 0.0196 
        D989  1 0.5386 0.0280 0.0438 0.0403 0.0704 0.0516 0.0307 0.0233 0.0562 0.0410 0.0761 
        D990  1 0.0683 0.0257 0.0181 0.0236 0.0310 0.0255 0.0197 0.4325 0.1173 0.0678 0.1705 
        D023  2 0.0148 0.0200 0.0459 0.0161 0.0220 0.0205 0.0117 0.0176 0.0229 0.7926 0.0160 
        D130  2 0.0182 0.0282 0.1101 0.0724 0.0595 0.0280 0.1138 0.0542 0.0410 0.4582 0.0162 
        D131  2 0.0534 0.0618 0.1860 0.0711 0.0352 0.1619 0.0307 0.0787 0.2243 0.0328 0.0641 
        D163  2 0.0451 0.0482 0.0846 0.0555 0.0147 0.0338 0.0191 0.0496 0.0694 0.5451 0.0350 
        D164  2 0.0129 0.0190 0.0133 0.0203 0.4939 0.0296 0.0178 0.3310 0.0211 0.0260 0.0151 
        D165  2 0.0202 0.0276 0.0348 0.0207 0.0342 0.0260 0.0127 0.0226 0.0302 0.7417 0.0293 
        D166  2 0.0203 0.0626 0.0340 0.1324 0.0488 0.1246 0.3019 0.0571 0.1217 0.0486 0.0481 
        D167  2 0.0320 0.0146 0.0156 0.0173 0.6935 0.0176 0.1257 0.0177 0.0254 0.0182 0.0223 
        D192  2 0.0258 0.0248 0.0121 0.0171 0.7831 0.0227 0.0296 0.0173 0.0190 0.0171 0.0313 
        D193  2 0.0551 0.0388 0.0231 0.1284 0.0260 0.0261 0.5331 0.0428 0.0604 0.0243 0.0420 
        D206  2 0.0226 0.0236 0.0637 0.0837 0.2635 0.3259 0.0374 0.0303 0.0707 0.0481 0.0306 
        D207  2 0.0247 0.0236 0.0352 0.0582 0.4752 0.0463 0.1164 0.0313 0.0982 0.0260 0.0649 
        D208  2 0.1252 0.0491 0.0447 0.0685 0.0724 0.1808 0.0531 0.0410 0.0822 0.0489 0.2340 
        D209  2 0.0285 0.1323 0.0316 0.0399 0.3703 0.1057 0.0466 0.0463 0.1254 0.0441 0.0294 
        D210  2 0.4527 0.0392 0.0680 0.0721 0.0710 0.0253 0.0279 0.0283 0.0592 0.0254 0.1308 
     D229599  2 0.0555 0.1296 0.1372 0.0382 0.0397 0.0537 0.0511 0.0515 0.1485 0.0961 0.1989 
     D229600  2 0.0249 0.0255 0.0361 0.0554 0.3315 0.0353 0.0763 0.0410 0.0716 0.2762 0.0260 
     D237227  2 0.3385 0.0244 0.0545 0.0311 0.0601 0.0392 0.0294 0.1825 0.0712 0.0645 0.1047 
     D237228  2 0.1545 0.0182 0.0181 0.0425 0.0521 0.0309 0.0617 0.4315 0.0965 0.0234 0.0705 
     D237258  2 0.0575 0.0615 0.0645 0.0328 0.1520 0.1002 0.0826 0.0803 0.1194 0.1322 0.1168 
     D237310  2 0.0445 0.0346 0.0143 0.0785 0.0558 0.0468 0.1525 0.4739 0.0493 0.0249 0.0249 
     D237311  2 0.0309 0.0178 0.0139 0.0672 0.1643 0.0329 0.0579 0.4947 0.0440 0.0433 0.0330 
     D237312  2 0.0458 0.0556 0.0278 0.1732 0.0270 0.0538 0.2240 0.2351 0.0640 0.0699 0.0237 
     D237313  2 0.0678 0.0660 0.0840 0.1066 0.0261 0.1610 0.0364 0.1818 0.1365 0.0490 0.0848 
     D237322  2 0.0804 0.1213 0.0266 0.0705 0.0347 0.0557 0.0698 0.1014 0.2562 0.0408 0.1427 
     D237323  2 0.1686 0.0330 0.0188 0.0411 0.0321 0.0241 0.0757 0.4334 0.0412 0.0678 0.0641 
     D237324  2 0.0188 0.0532 0.0753 0.0447 0.2191 0.0453 0.0294 0.0558 0.2326 0.1407 0.0853 
     D237325  2 0.0697 0.0652 0.0241 0.1881 0.0589 0.0457 0.0694 0.3129 0.0594 0.0698 0.0368 
     D237326  2 0.0500 0.0459 0.0385 0.0379 0.0368 0.0224 0.0217 0.6375 0.0398 0.0392 0.0305 
     D237327  2 0.0395 0.1121 0.0415 0.0850 0.0698 0.0505 0.0347 0.0325 0.1515 0.0723 0.3106 
     D237337  2 0.0345 0.0236 0.0198 0.0442 0.0167 0.0321 0.0262 0.7222 0.0321 0.0243 0.0243 
     D237338  2 0.1142 0.0938 0.0491 0.1484 0.0709 0.0553 0.0321 0.1599 0.1022 0.0865 0.0876 
     D237339  2 0.0179 0.5142 0.0249 0.0388 0.1219 0.0356 0.0599 0.0262 0.0774 0.0209 0.0623 
     D237340  2 0.1189 0.0288 0.0194 0.0779 0.1623 0.0335 0.0829 0.3364 0.0586 0.0413 0.0399 
     D237389  2 0.0210 0.0274 0.0209 0.0936 0.0844 0.0382 0.1746 0.4512 0.0362 0.0325 0.0199 
     D237390  2 0.0602 0.0358 0.0214 0.1993 0.0259 0.0605 0.0882 0.3512 0.0542 0.0444 0.0590 
     D244017  2 0.1542 0.0212 0.0264 0.0224 0.2486 0.0367 0.2635 0.0383 0.0869 0.0509 0.0509 
     D244112  2 0.0237 0.0181 0.0226 0.0320 0.7209 0.0210 0.0538 0.0178 0.0323 0.0349 0.0229 
     D244118  2 0.0346 0.0328 0.0134 0.0206 0.5174 0.0150 0.0536 0.0466 0.0317 0.2083 0.0259 
     D244119  2 0.5640 0.0133 0.0196 0.0166 0.2438 0.0215 0.0253 0.0266 0.0261 0.0168 0.0265 
     D244120  2 0.0381 0.0432 0.0143 0.1184 0.2394 0.0330 0.3053 0.0313 0.0436 0.0224 0.1109 
     D244122  2 0.0339 0.0334 0.0309 0.0565 0.5315 0.0558 0.1043 0.0254 0.0411 0.0545 0.0325 
        D291  2 0.0184 0.0210 0.0691 0.0289 0.0396 0.0696 0.0420 0.0350 0.1007 0.0719 0.5041 
        D292  2 0.0614 0.0430 0.1479 0.0331 0.1690 0.0324 0.0519 0.0686 0.0698 0.0300 0.2930 
        D293  2 0.0174 0.2036 0.1110 0.0410 0.3857 0.0247 0.0192 0.0184 0.0880 0.0192 0.0717 
        D322  2 0.0233 0.2440 0.0986 0.0316 0.3603 0.0280 0.0276 0.0472 0.0696 0.0299 0.0398 
        D323  2 0.0300 0.0530 0.0295 0.0324 0.1073 0.4598 0.1081 0.0415 0.0767 0.0302 0.0314 
        D324  2 0.0694 0.0372 0.1211 0.0696 0.0337 0.0767 0.0221 0.1175 0.0979 0.0588 0.2960 
        D325  2 0.0128 0.0437 0.0429 0.0431 0.6763 0.0276 0.0137 0.0177 0.0407 0.0251 0.0564 
        D326  2 0.0324 0.0173 0.7942 0.0190 0.0166 0.0223 0.0159 0.0162 0.0252 0.0154 0.0254 
        D340  2 0.0264 0.0309 0.0263 0.0227 0.7629 0.0215 0.0136 0.0211 0.0266 0.0163 0.0317 
        D341  2 0.0361 0.0453 0.0238 0.2525 0.3807 0.0505 0.0359 0.0565 0.0445 0.0217 0.0526 
        D342  2 0.0202 0.0253 0.0272 0.0934 0.4621 0.0639 0.0477 0.0655 0.0672 0.0934 0.0342 
        D343  2 0.0115 0.0219 0.0194 0.0202 0.8380 0.0127 0.0113 0.0115 0.0187 0.0141 0.0207 
        D344  2 0.0232 0.2943 0.0950 0.0848 0.0513 0.0539 0.1787 0.0510 0.1187 0.0183 0.0308 
        D345  2 0.0272 0.2111 0.0587 0.0214 0.0575 0.0639 0.0282 0.2970 0.1285 0.0564 0.0500 
        D346  2 0.3292 0.0388 0.0576 0.0397 0.0535 0.2969 0.0318 0.0409 0.0445 0.0276 0.0396 
        D351  2 0.0264 0.0939 0.1732 0.0807 0.0461 0.0654 0.0397 0.0826 0.1581 0.0549 0.1790 
        D352  2 0.0470 0.5523 0.0247 0.0352 0.0381 0.0483 0.0454 0.0548 0.0881 0.0241 0.0420 
        D353  2 0.0149 0.0799 0.1039 0.0388 0.0288 0.0715 0.0254 0.0219 0.5683 0.0204 0.0262 
        D354  2 0.0393 0.5735 0.0782 0.0280 0.0159 0.0544 0.0456 0.0643 0.0644 0.0195 0.0170 
        D362  2 0.0268 0.0276 0.6081 0.0200 0.0297 0.0330 0.0433 0.0384 0.0469 0.0946 0.0317 
        D363  2 0.0266 0.0309 0.6755 0.0166 0.0232 0.0379 0.0311 0.0364 0.0377 0.0534 0.0307 
        D364  2 0.0311 0.2890 0.3039 0.0364 0.0270 0.0562 0.0518 0.0574 0.0989 0.0223 0.0261 
        D365  2 0.0308 0.0413 0.0245 0.0191 0.7854 0.0177 0.0147 0.0169 0.0194 0.0136 0.0167 
        D369  2 0.1476 0.0282 0.1728 0.0411 0.0893 0.1547 0.0261 0.0905 0.0772 0.0477 0.1247 
        D374  2 0.1218 0.0189 0.0222 0.0192 0.0196 0.0319 0.6395 0.0485 0.0434 0.0135 0.0216 
        D375  2 0.0209 0.6186 0.0238 0.0410 0.0161 0.0754 0.0703 0.0260 0.0719 0.0219 0.0140 
        D376  2 0.2188 0.0675 0.0266 0.0530 0.0444 0.0417 0.3782 0.0448 0.0781 0.0184 0.0283 
        D377  2 0.0423 0.0343 0.0216 0.0644 0.0481 0.4526 0.0486 0.1506 0.0629 0.0335 0.0410 
        D378  2 0.0278 0.2528 0.0827 0.0407 0.1733 0.1094 0.0156 0.0322 0.1021 0.1194 0.0439 
        D379  2 0.0347 0.0501 0.4057 0.0806 0.0301 0.1460 0.0360 0.0353 0.1202 0.0244 0.0369 
        D384  2 0.0559 0.0180 0.7157 0.0227 0.0231 0.0329 0.0170 0.0356 0.0396 0.0146 0.0248 
        D385  2 0.0389 0.1304 0.0224 0.0313 0.6094 0.0387 0.0367 0.0210 0.0350 0.0159 0.0203 
        D386  2 0.0245 0.4182 0.0553 0.0357 0.0860 0.0913 0.0378 0.0497 0.1070 0.0689 0.0254 
        D391  2 0.0214 0.1532 0.0274 0.0301 0.5856 0.0444 0.0214 0.0348 0.0348 0.0207 0.0264 
        D392  2 0.0514 0.0291 0.0695 0.0219 0.4685 0.0345 0.0387 0.1548 0.0577 0.0376 0.0363 
        D393  2 0.0249 0.3644 0.1181 0.0654 0.0555 0.1078 0.0173 0.0406 0.0505 0.0532 0.1022 
        D394  2 0.0366 0.1695 0.0785 0.0952 0.0949 0.0377 0.0697 0.1509 0.1143 0.1088 0.0439 
        D395  2 0.0315 0.3314 0.0187 0.0386 0.3271 0.0405 0.0507 0.0267 0.0717 0.0339 0.0292 
        D401  2 0.0368 0.0126 0.0220 0.0225 0.0401 0.0761 0.0438 0.6801 0.0289 0.0150 0.0220 
        D402  2 0.0189 0.1153 0.0217 0.0297 0.5770 0.0668 0.0302 0.0300 0.0303 0.0188 0.0614 
        D403  2 0.0228 0.0902 0.1683 0.1030 0.0341 0.0601 0.0710 0.0248 0.3275 0.0566 0.0418 
        D415  2 0.0170 0.0384 0.4646 0.0827 0.0270 0.0408 0.0263 0.1418 0.1069 0.0345 0.0199 
        D435  2 0.0166 0.0781 0.5035 0.0617 0.1575 0.0259 0.0177 0.0342 0.0374 0.0200 0.0474 
        D436  2 0.0498 0.2575 0.0938 0.2047 0.0342 0.0409 0.1345 0.0445 0.0786 0.0313 0.0302 
        D438  2 0.0253 0.0161 0.0129 0.0212 0.8018 0.0372 0.0160 0.0149 0.0189 0.0187 0.0171 
        D439  2 0.0149 0.5023 0.0452 0.0295 0.0644 0.0634 0.0201 0.0528 0.1183 0.0478 0.0414 
        D449  2 0.0297 0.0217 0.1344 0.1116 0.4469 0.0887 0.0213 0.0250 0.0708 0.0275 0.0224 
        D450  2 0.0981 0.1606 0.1167 0.1108 0.0247 0.1051 0.0535 0.0405 0.1724 0.0550 0.0627 
        D456  2 0.0228 0.0275 0.7777 0.0184 0.0149 0.0259 0.0161 0.0154 0.0364 0.0210 0.0240 
        D462  2 0.0148 0.1534 0.0464 0.0188 0.6083 0.0273 0.0173 0.0181 0.0405 0.0271 0.0279 
        D463  2 0.0358 0.0358 0.7156 0.0264 0.0144 0.0325 0.0259 0.0263 0.0491 0.0175 0.0205 
        D464  2 0.0420 0.2358 0.0395 0.0379 0.0935 0.0728 0.1049 0.0288 0.3026 0.0201 0.0222 
        D465  2 0.0249 0.0287 0.1326 0.0287 0.4709 0.0714 0.0368 0.1053 0.0493 0.0266 0.0248 
        D473  2 0.4297 0.0839 0.0242 0.0341 0.0391 0.0639 0.0412 0.1269 0.0522 0.0695 0.0352 
        D474  2 0.0418 0.0431 0.5102 0.0389 0.0402 0.0277 0.0144 0.0496 0.0354 0.0485 0.1502 
        D476  2 0.0148 0.4987 0.0252 0.0214 0.0400 0.0225 0.0167 0.0173 0.0264 0.2838 0.0330 
        D477  2 0.0516 0.2828 0.1980 0.0463 0.0247 0.1116 0.0227 0.1064 0.0613 0.0216 0.0730 
        D478  2 0.0788 0.0770 0.0407 0.0392 0.0615 0.0616 0.0866 0.0380 0.1201 0.3457 0.0509 
        D480  2 0.1227 0.2784 0.1062 0.1022 0.0589 0.0980 0.0382 0.0254 0.0854 0.0234 0.0613 
        D481  2 0.0739 0.1750 0.2565 0.0282 0.0626 0.0541 0.0426 0.0662 0.0880 0.0992 0.0536 
        D482  2 0.0754 0.2543 0.0231 0.0609 0.0328 0.1091 0.0556 0.0716 0.1159 0.0518 0.1496 
        D483  2 0.0954 0.0212 0.0167 0.0179 0.7032 0.0176 0.0263 0.0199 0.0263 0.0282 0.0273 
        D484  2 0.0254 0.7059 0.0127 0.0240 0.0280 0.0240 0.0833 0.0173 0.0307 0.0191 0.0296 
        D510  2 0.3281 0.0351 0.0270 0.0594 0.0288 0.0404 0.1941 0.0369 0.0729 0.0206 0.1565 
        D511  2 0.0241 0.6458 0.0548 0.0281 0.0380 0.0547 0.0189 0.0257 0.0366 0.0369 0.0363 
        D512  2 0.0161 0.0294 0.0224 0.0532 0.1966 0.0474 0.1073 0.3964 0.0557 0.0402 0.0352 
        D513  2 0.0645 0.0267 0.0497 0.0546 0.4441 0.1194 0.0369 0.0512 0.0630 0.0256 0.0643 
        D635  2 0.0285 0.0254 0.1829 0.0179 0.0512 0.0501 0.0192 0.0322 0.0742 0.4935 0.0250 
        D636  2 0.0233 0.0186 0.0311 0.0142 0.0208 0.0592 0.0153 0.0426 0.0269 0.7342 0.0138 
        D637  2 0.0753 0.2335 0.0276 0.1295 0.1246 0.1137 0.0647 0.0628 0.0807 0.0333 0.0544 
        D658  2 0.1078 0.1577 0.0270 0.0657 0.3925 0.0253 0.0683 0.0495 0.0568 0.0259 0.0236 
        D659  2 0.0332 0.0581 0.5298 0.0663 0.0269 0.0470 0.0273 0.0179 0.0691 0.0527 0.0717 
        D677  2 0.0222 0.0376 0.0961 0.3038 0.0506 0.1103 0.0690 0.0753 0.0720 0.0881 0.0749 
        D678  2 0.0184 0.0261 0.0193 0.0438 0.5387 0.0657 0.1215 0.0301 0.0729 0.0325 0.0311 
        D679  2 0.0454 0.0731 0.1643 0.0606 0.0398 0.3046 0.0241 0.0463 0.1047 0.0418 0.0951 
        D719  2 0.3384 0.0606 0.1142 0.0254 0.1221 0.0429 0.0286 0.0959 0.0494 0.0153 0.1073 
        D720  2 0.0876 0.0237 0.5899 0.0273 0.0435 0.0496 0.0262 0.0548 0.0436 0.0264 0.0274 
        D721  2 0.0351 0.0334 0.0383 0.0316 0.0729 0.0392 0.0146 0.0209 0.0482 0.6393 0.0265 
        D722  2 0.0940 0.0266 0.0203 0.0231 0.0428 0.0731 0.5134 0.0866 0.0614 0.0187 0.0401 
        D734  2 0.1499 0.5552 0.0245 0.0456 0.0535 0.0390 0.0277 0.0174 0.0348 0.0162 0.0363 
        D735  2 0.0776 0.1087 0.1276 0.0400 0.0673 0.2303 0.0305 0.1152 0.1160 0.0435 0.0433 
        D736  2 0.2647 0.0528 0.0542 0.0810 0.0536 0.0462 0.0294 0.0593 0.0655 0.0464 0.2469 
        D737  2 0.0430 0.1119 0.0175 0.0361 0.4609 0.0301 0.0581 0.0463 0.0496 0.0497 0.0968 
        D807  2 0.1366 0.0935 0.1261 0.1195 0.0473 0.0713 0.0591 0.0809 0.0691 0.0534 0.1432 
        D808  2 0.0348 0.0808 0.0722 0.0686 0.0919 0.0617 0.0647 0.2284 0.1502 0.0615 0.0851 
        D817  2 0.0228 0.0414 0.1087 0.0304 0.0250 0.5043 0.0615 0.0626 0.0735 0.0327 0.0371 
        D818  2 0.0357 0.0427 0.0541 0.1220 0.1762 0.0521 0.0302 0.0212 0.1816 0.1704 0.1138 
        D819  2 0.0338 0.0245 0.1103 0.0268 0.0287 0.4133 0.0425 0.1607 0.0810 0.0445 0.0339 
        D820  2 0.0248 0.1658 0.4750 0.0933 0.0423 0.0258 0.0246 0.0220 0.0522 0.0234 0.0509 
        D895  2 0.0433 0.0544 0.2488 0.0513 0.0487 0.1650 0.0415 0.0673 0.1570 0.0889 0.0337 
        D896  2 0.0285 0.0183 0.0151 0.0263 0.0173 0.0217 0.0321 0.7774 0.0209 0.0232 0.0193 
        D897  2 0.0269 0.0547 0.0284 0.1448 0.3853 0.0824 0.0400 0.0557 0.0971 0.0356 0.0491 
        D898  2 0.0348 0.0516 0.0456 0.0653 0.0316 0.1381 0.0772 0.2375 0.1476 0.0387 0.1319 
        D918  2 0.0650 0.0975 0.0294 0.1901 0.0596 0.0677 0.0540 0.1498 0.1430 0.0864 0.0575 
        D919  2 0.0286 0.3882 0.0996 0.0346 0.0518 0.0377 0.0727 0.0247 0.1276 0.0378 0.0967 
        D920  2 0.0908 0.0437 0.0320 0.0804 0.0322 0.0282 0.0737 0.0409 0.0635 0.4817 0.0330 
        D923  2 0.0263 0.1122 0.5533 0.0328 0.0392 0.0548 0.0403 0.0353 0.0531 0.0255 0.0273 
        D930  2 0.0777 0.1171 0.1665 0.1114 0.0357 0.1503 0.0495 0.0932 0.1199 0.0251 0.0537 
        D931  2 0.0457 0.2733 0.2046 0.0440 0.1254 0.0620 0.0482 0.0519 0.0592 0.0403 0.0455 
        D968  2 0.0166 0.0314 0.0277 0.0229 0.6343 0.0423 0.0279 0.0245 0.0369 0.0156 0.1200 
        D969  2 0.0569 0.0706 0.2018 0.0582 0.1665 0.0480 0.0385 0.0441 0.1052 0.0337 0.1765 
        D977  2 0.0247 0.0282 0.0286 0.0659 0.6548 0.0401 0.0296 0.0192 0.0467 0.0307 0.0316 
        D978  2 0.0359 0.0362 0.0263 0.1266 0.0758 0.2881 0.0750 0.0222 0.1141 0.0285 0.1712 
        D211  3 0.0250 0.0382 0.0790 0.1723 0.0183 0.0750 0.0186 0.0196 0.0520 0.4662 0.0358 
     D229639  3 0.0832 0.0295 0.0550 0.0613 0.0566 0.0445 0.0501 0.0351 0.0571 0.0325 0.4951 
     D237212  3 0.0253 0.2560 0.0796 0.1039 0.0527 0.0900 0.0337 0.0585 0.0705 0.0711 0.1587 
     D237213  3 0.0181 0.0807 0.0257 0.1465 0.0322 0.3345 0.0433 0.1421 0.0682 0.0702 0.0384 
     D237214  3 0.0255 0.0156 0.0200 0.0270 0.0148 0.0336 0.0183 0.0192 0.0307 0.7812 0.0142 
     D237215  3 0.0711 0.0182 0.0175 0.0218 0.3699 0.0442 0.2256 0.0388 0.0420 0.0222 0.1287 
     D237216  3 0.0266 0.0406 0.0422 0.1157 0.0304 0.0918 0.0316 0.0414 0.4728 0.0735 0.0332 
     D237217  3 0.0208 0.0293 0.0676 0.2096 0.0259 0.0471 0.0208 0.0508 0.2885 0.1707 0.0688 
     D237218  3 0.0644 0.1903 0.0440 0.2949 0.0327 0.0486 0.0189 0.0219 0.0764 0.0311 0.1768 
     D237219  3 0.0862 0.0173 0.0313 0.1561 0.0310 0.2567 0.0268 0.1322 0.1032 0.0556 0.1037 
     D237382  3 0.0877 0.0400 0.0713 0.1128 0.0476 0.0639 0.2606 0.1538 0.0812 0.0393 0.0418 
     D244127  3 0.0200 0.0382 0.0194 0.0822 0.0871 0.0710 0.0504 0.4043 0.0760 0.0493 0.1020 
     D244129  3 0.0443 0.0967 0.0798 0.0961 0.0680 0.0855 0.0446 0.1836 0.1275 0.0944 0.0794 
     D244133  3 0.0826 0.0128 0.0472 0.0342 0.0761 0.5486 0.0446 0.0321 0.0564 0.0309 0.0344 
     D244134  3 0.2030 0.0246 0.0255 0.0425 0.0309 0.1374 0.0196 0.0950 0.0512 0.0364 0.3340 
     D244135  3 0.0205 0.0237 0.0406 0.0454 0.0588 0.0593 0.0201 0.0219 0.0387 0.6454 0.0256 
     D244136  3 0.1234 0.0317 0.1471 0.0465 0.0837 0.2661 0.0658 0.0486 0.0749 0.0457 0.0665 
        D416  3 0.0369 0.0476 0.0885 0.0932 0.1488 0.2565 0.0255 0.0710 0.1029 0.0764 0.0528 
        D417  3 0.0288 0.0300 0.4725 0.2332 0.0172 0.0364 0.0389 0.0349 0.0670 0.0216 0.0195 
        D419  3 0.0539 0.0334 0.0809 0.1717 0.0608 0.1546 0.0283 0.1081 0.0969 0.0378 0.1736 
        D565  3 0.6762 0.0234 0.0491 0.0190 0.0232 0.0450 0.0241 0.0354 0.0270 0.0247 0.0528 
        D566  3 0.1941 0.0252 0.0807 0.0274 0.0516 0.1008 0.0694 0.0742 0.0641 0.0321 0.2803 
        D567  3 0.0238 0.0874 0.4781 0.0419 0.0440 0.0579 0.0368 0.0804 0.0653 0.0588 0.0257 
        D568  3 0.0197 0.1276 0.0780 0.2160 0.1074 0.0525 0.0444 0.0820 0.1209 0.0774 0.0742 
        D569  3 0.0416 0.3964 0.0242 0.0442 0.0810 0.0453 0.0955 0.0281 0.0947 0.0998 0.0492 
        D573  3 0.0259 0.0355 0.1511 0.0729 0.0821 0.0323 0.0213 0.0348 0.0797 0.0224 0.4420 
        D574  3 0.2335 0.0367 0.0415 0.0602 0.0526 0.1230 0.1244 0.0665 0.0962 0.0525 0.1127 
        D575  3 0.0450 0.0254 0.0295 0.0350 0.0395 0.5402 0.0187 0.1425 0.0366 0.0572 0.0305 
        D576  3 0.0298 0.0228 0.0104 0.0208 0.4167 0.1260 0.1523 0.0154 0.0694 0.0457 0.0907 
        D577  3 0.0287 0.0430 0.4512 0.0626 0.0225 0.1180 0.0583 0.0295 0.0665 0.0828 0.0369 
        D578  3 0.0175 0.0157 0.0167 0.0320 0.0261 0.0314 0.0227 0.0245 0.0338 0.7608 0.0187 
        D579  3 0.1228 0.1261 0.1415 0.1034 0.0653 0.0992 0.0303 0.0641 0.0763 0.0466 0.1244 
        D660  3 0.0194 0.0362 0.0187 0.0522 0.4878 0.1627 0.0369 0.0486 0.0657 0.0428 0.0291 
        D661  3 0.0247 0.0782 0.0253 0.4110 0.1007 0.0454 0.0258 0.0267 0.0626 0.0407 0.1592 
        D663  3 0.0235 0.0333 0.0556 0.0296 0.0651 0.0683 0.0708 0.0232 0.0953 0.0414 0.4939 
        D664  3 0.0437 0.0234 0.0216 0.1521 0.1325 0.2725 0.0420 0.0813 0.0875 0.0968 0.0467 
        D665  3 0.0152 0.0806 0.0153 0.0629 0.0360 0.2107 0.1230 0.0611 0.1959 0.1548 0.0445 
        D666  3 0.0586 0.0292 0.0408 0.0658 0.0263 0.4343 0.0186 0.2122 0.0422 0.0322 0.0398 
        D009  4 0.0366 0.1088 0.1200 0.1688 0.0291 0.0469 0.0701 0.0581 0.1874 0.1380 0.0361 
        D057  4 0.0299 0.3645 0.0285 0.0495 0.1083 0.0163 0.0390 0.0185 0.0492 0.2039 0.0924 
        D109  4 0.0531 0.0337 0.0552 0.0626 0.0210 0.1098 0.0354 0.4005 0.1464 0.0541 0.0280 
     D237222  4 0.1149 0.0352 0.0311 0.0330 0.0279 0.0205 0.1162 0.0323 0.0530 0.4967 0.0390 
     D237223  4 0.1068 0.0443 0.0271 0.4627 0.0464 0.0276 0.0480 0.0554 0.0827 0.0526 0.0464 
     D237224  4 0.0353 0.1945 0.0867 0.0451 0.1465 0.0948 0.0356 0.0440 0.0990 0.0528 0.1657 
     D237225  4 0.0423 0.0781 0.0591 0.1838 0.0354 0.0658 0.0480 0.0474 0.2956 0.0943 0.0502 
     D237299  4 0.0550 0.0270 0.0373 0.4357 0.0233 0.0725 0.0593 0.0532 0.1466 0.0237 0.0664 
     D237300  4 0.0389 0.0277 0.0216 0.0676 0.0471 0.1232 0.0280 0.0333 0.0508 0.0229 0.5389 
     D237306  4 0.2826 0.0389 0.0678 0.2569 0.0249 0.0295 0.1164 0.0669 0.0594 0.0250 0.0317 
     D237307  4 0.1357 0.0211 0.2715 0.0576 0.0540 0.1542 0.0857 0.0364 0.0686 0.0431 0.0722 
     D237308  4 0.0842 0.1600 0.0320 0.0482 0.3302 0.0535 0.0487 0.0824 0.0719 0.0457 0.0433 
     D237309  4 0.0266 0.0967 0.0966 0.0979 0.0599 0.0568 0.0821 0.0732 0.2124 0.1232 0.0746 
     D237317  4 0.2077 0.0369 0.1073 0.0332 0.0347 0.0533 0.0698 0.0601 0.2392 0.0823 0.0755 
     D237318  4 0.0223 0.0163 0.0416 0.0317 0.0509 0.0437 0.0304 0.0189 0.0408 0.0186 0.6849 
     D237319  4 0.0487 0.0363 0.0382 0.2520 0.0513 0.0751 0.1170 0.1073 0.1250 0.0855 0.0635 
     D237320  4 0.0261 0.0263 0.0383 0.5911 0.0603 0.0314 0.0229 0.0365 0.0404 0.0609 0.0658 
     D237321  4 0.0540 0.0272 0.0680 0.0465 0.0897 0.0661 0.0428 0.0544 0.0768 0.0423 0.4323 
     D237397  4 0.0973 0.0258 0.0360 0.3994 0.0749 0.0552 0.0669 0.0436 0.0586 0.0456 0.0968 
     D237398  4 0.0219 0.0763 0.0575 0.0914 0.0328 0.0619 0.0291 0.0214 0.0719 0.0371 0.4987 
     D237399  4 0.1834 0.0566 0.0497 0.1114 0.0344 0.0358 0.0484 0.0519 0.0642 0.1125 0.2516 
     D244001  4 0.0272 0.0536 0.0285 0.0984 0.1284 0.0335 0.1886 0.0314 0.1059 0.2767 0.0277 
        D289  4 0.1994 0.2514 0.0716 0.0895 0.0552 0.0350 0.0265 0.0297 0.0779 0.0670 0.0966 
        D290  4 0.0286 0.0461 0.0692 0.0473 0.0309 0.0321 0.4818 0.0349 0.0857 0.0423 0.1012 
        D294  4 0.0468 0.2850 0.0887 0.1238 0.0287 0.0666 0.0783 0.0225 0.1500 0.0553 0.0542 
        D295  4 0.0449 0.0778 0.1118 0.2373 0.0320 0.1085 0.0632 0.1652 0.0729 0.0360 0.0504 
        D301  4 0.0551 0.0244 0.0184 0.0821 0.0472 0.0544 0.1650 0.0655 0.0506 0.3473 0.0901 
        D302  4 0.0152 0.6906 0.0451 0.0281 0.0168 0.0346 0.0621 0.0159 0.0406 0.0295 0.0215 
        D303  4 0.3852 0.0813 0.0447 0.0592 0.0607 0.0739 0.0660 0.1197 0.0482 0.0321 0.0290 
        D304  4 0.0704 0.0380 0.0640 0.0398 0.0284 0.0670 0.2630 0.0219 0.1284 0.0470 0.2321 
        D305  4 0.0125 0.3071 0.0185 0.0384 0.0888 0.0517 0.0589 0.0386 0.3082 0.0311 0.0462 
        D306  4 0.0283 0.0383 0.0499 0.0334 0.0241 0.0313 0.4905 0.0429 0.1638 0.0593 0.0383 
        D307  4 0.0919 0.0523 0.0173 0.0282 0.0276 0.0424 0.0297 0.0348 0.0412 0.5762 0.0584 
        D327  4 0.0616 0.0388 0.4823 0.0656 0.0475 0.0953 0.0495 0.0255 0.0650 0.0318 0.0371 
        D328  4 0.1035 0.2335 0.0227 0.0947 0.0329 0.0865 0.2142 0.0753 0.0762 0.0249 0.0355 
        D329  4 0.0500 0.2311 0.0451 0.0690 0.1135 0.0469 0.0697 0.0718 0.1389 0.0565 0.1076 
        D330  4 0.0190 0.0837 0.1684 0.1526 0.0554 0.0559 0.0811 0.1780 0.1011 0.0799 0.0248 
        D331  4 0.0680 0.0367 0.0947 0.0433 0.0373 0.0515 0.2320 0.0741 0.1120 0.0575 0.1927 
        D333  4 0.0604 0.1740 0.0598 0.1988 0.0689 0.0504 0.1402 0.0625 0.0777 0.0428 0.0646 
        D334  4 0.5057 0.0667 0.0552 0.0532 0.0262 0.0473 0.0384 0.0268 0.0514 0.0830 0.0460 
        D335  4 0.0381 0.4029 0.0713 0.0259 0.0435 0.0521 0.1764 0.0445 0.0708 0.0431 0.0314 
        D370  4 0.0386 0.0463 0.0381 0.0264 0.0415 0.0668 0.4584 0.1680 0.0531 0.0322 0.0307 
        D371  4 0.4535 0.0299 0.1930 0.0318 0.0419 0.0546 0.0670 0.0388 0.0442 0.0158 0.0295 
        D372  4 0.0277 0.0186 0.0131 0.0380 0.0456 0.0406 0.1497 0.0266 0.1506 0.0187 0.4705 
        D373  4 0.0187 0.0498 0.0532 0.0291 0.1044 0.0648 0.0255 0.0218 0.0507 0.4974 0.0846 
        D455  4 0.0254 0.1012 0.0307 0.0251 0.0341 0.0211 0.0249 0.0262 0.0376 0.6190 0.0547 
        D490  4 0.0267 0.0221 0.0278 0.0898 0.0144 0.0218 0.0266 0.0201 0.0269 0.7037 0.0201 
        D497  4 0.0230 0.0582 0.0148 0.0955 0.0201 0.0421 0.0410 0.0470 0.0707 0.5469 0.0407 
        D498  4 0.0743 0.0257 0.0502 0.0436 0.0337 0.0565 0.3439 0.1315 0.0883 0.0350 0.1172 
        D499  4 0.0908 0.1156 0.0261 0.1342 0.1153 0.2156 0.0448 0.0682 0.1204 0.0176 0.0514 
        D514  4 0.0172 0.1224 0.2617 0.0470 0.0281 0.1161 0.1502 0.0539 0.1022 0.0456 0.0558 
        D515  4 0.0285 0.0368 0.0388 0.6238 0.0250 0.0329 0.0686 0.0483 0.0454 0.0339 0.0180 
        D516  4 0.0429 0.0256 0.0715 0.1610 0.0607 0.2279 0.0623 0.1485 0.0809 0.0502 0.0683 
        D517  4 0.0219 0.0327 0.0595 0.0838 0.0327 0.0323 0.0262 0.0451 0.1532 0.4287 0.0839 
        D518  4 0.0769 0.3915 0.0275 0.0735 0.0383 0.0219 0.1082 0.0275 0.0592 0.1478 0.0277 
        D519  4 0.0241 0.0214 0.0258 0.7494 0.0264 0.0209 0.0139 0.0230 0.0199 0.0290 0.0461 
        D560  4 0.0134 0.0415 0.0647 0.6637 0.0361 0.0265 0.0241 0.0243 0.0435 0.0211 0.0411 
        D561  4 0.0177 0.0844 0.1689 0.0584 0.0623 0.1085 0.0376 0.0656 0.2399 0.1241 0.0324 
        D562  4 0.0494 0.0983 0.0463 0.0687 0.0570 0.0488 0.1101 0.0402 0.1207 0.2728 0.0877 
        D563  4 0.0195 0.1509 0.0298 0.0786 0.3264 0.0893 0.0384 0.0522 0.0934 0.0575 0.0641 
        D572  4 0.0263 0.5772 0.0541 0.0481 0.0358 0.0285 0.0640 0.0244 0.0464 0.0700 0.0252 
        D629  4 0.0226 0.0633 0.1921 0.0501 0.0267 0.2709 0.0214 0.0297 0.0537 0.2223 0.0471 
        D630  4 0.0524 0.0973 0.0688 0.2035 0.0280 0.0367 0.1436 0.0296 0.0904 0.1662 0.0835 
        D631  4 0.0213 0.5900 0.0212 0.0986 0.0568 0.0257 0.0381 0.0214 0.0553 0.0330 0.0387 
        D632  4 0.0218 0.2295 0.0635 0.0386 0.1783 0.0700 0.0348 0.0999 0.0541 0.1915 0.0180 
        D646  4 0.0241 0.0426 0.0824 0.5102 0.0442 0.0392 0.0314 0.0894 0.0679 0.0269 0.0416 
        D647  4 0.0168 0.0928 0.2308 0.1666 0.0553 0.0296 0.0888 0.0960 0.0827 0.0718 0.0690 
        D648  4 0.0464 0.1797 0.0191 0.0475 0.0269 0.0917 0.4971 0.0222 0.0340 0.0197 0.0155 
        D649  4 0.0217 0.2265 0.1782 0.0511 0.0226 0.0762 0.0250 0.2543 0.0656 0.0457 0.0331 
        D650  4 0.0923 0.0885 0.1279 0.1962 0.0298 0.0961 0.0531 0.0740 0.0760 0.0992 0.0669 
        D708  4 0.1164 0.1920 0.0338 0.1210 0.0257 0.1868 0.0644 0.0430 0.1138 0.0324 0.0707 
        D709  4 0.0231 0.0412 0.0266 0.0309 0.0321 0.0587 0.4126 0.2470 0.0776 0.0174 0.0328 
        D738  4 0.4015 0.0289 0.0571 0.1607 0.0169 0.0257 0.0500 0.1058 0.0504 0.0527 0.0502 
        D739  4 0.0380 0.0532 0.0277 0.1152 0.0325 0.0456 0.1804 0.0414 0.1078 0.3122 0.0459 
        D740  4 0.1484 0.0687 0.0258 0.1471 0.0524 0.0687 0.0315 0.1288 0.1978 0.0521 0.0788 
        D741  4 0.0154 0.0282 0.0768 0.5679 0.0506 0.0467 0.0256 0.0286 0.0886 0.0235 0.0478 
        D742  4 0.0840 0.0834 0.0352 0.2216 0.1717 0.0431 0.0414 0.0344 0.1055 0.0765 0.1032 
        D743  4 0.0236 0.3805 0.2803 0.0430 0.0491 0.0553 0.0229 0.0197 0.0487 0.0331 0.0437 
        D744  4 0.0208 0.7617 0.0226 0.0291 0.0252 0.0280 0.0160 0.0214 0.0338 0.0225 0.0190 
        D745  4 0.0237 0.0276 0.0227 0.7410 0.0137 0.0331 0.0225 0.0237 0.0299 0.0387 0.0235 
        D814  4 0.0235 0.0583 0.0320 0.3210 0.1572 0.0501 0.0704 0.0133 0.1618 0.0711 0.0413 
        D815  4 0.0320 0.3538 0.0668 0.0368 0.0340 0.0519 0.1557 0.1201 0.0665 0.0322 0.0503 
        D828  4 0.0493 0.0483 0.0142 0.0524 0.0341 0.0482 0.5946 0.0271 0.0663 0.0242 0.0413 
        D845  4 0.0415 0.0302 0.0179 0.0295 0.0283 0.0311 0.0146 0.0173 0.0218 0.0156 0.7522 
        D846  4 0.0122 0.2071 0.0949 0.0401 0.1629 0.0641 0.0728 0.0232 0.1082 0.1393 0.0753 
        D847  4 0.1042 0.0610 0.0892 0.0962 0.0518 0.0473 0.0435 0.0396 0.0747 0.2824 0.1099 
        D848  4 0.0225 0.0331 0.0192 0.0154 0.0570 0.0248 0.0375 0.0202 0.0449 0.5286 0.1968 
        D849  4 0.0238 0.0484 0.0330 0.2689 0.0387 0.0670 0.0996 0.0581 0.1135 0.2174 0.0316 
        D850  4 0.0844 0.0508 0.0863 0.0857 0.0396 0.0799 0.0198 0.0462 0.1470 0.1750 0.1853 
        D856  4 0.0436 0.0590 0.0534 0.0941 0.0275 0.0970 0.1268 0.2140 0.2037 0.0439 0.0371 
        D857  4 0.0283 0.0223 0.0119 0.0455 0.0965 0.0187 0.2040 0.4724 0.0481 0.0341 0.0182 
        D859  4 0.0236 0.3501 0.0583 0.2027 0.0311 0.0332 0.0566 0.0332 0.0633 0.0304 0.1175 
        D860  4 0.3566 0.1002 0.0724 0.0226 0.0761 0.0259 0.0311 0.0406 0.0601 0.0368 0.1777 
        D883  4 0.0582 0.0734 0.1637 0.0972 0.0272 0.1011 0.1066 0.0989 0.0713 0.1405 0.0619 
        D884  4 0.0403 0.0366 0.0285 0.5963 0.0175 0.0554 0.0711 0.0654 0.0371 0.0241 0.0277 
        D885  4 0.0331 0.0428 0.0814 0.3547 0.0841 0.1058 0.0183 0.0330 0.1160 0.0390 0.0919 
        D886  4 0.0305 0.0630 0.1491 0.0570 0.0445 0.0287 0.2180 0.1370 0.0675 0.1581 0.0467 
        D887  4 0.0487 0.0877 0.1162 0.1632 0.0945 0.0415 0.0654 0.0533 0.1437 0.0444 0.1413 
        D889  4 0.0212 0.0603 0.0294 0.0506 0.0150 0.0363 0.1597 0.0183 0.0470 0.0204 0.5418 
        D890  4 0.0630 0.0512 0.0301 0.0289 0.0680 0.4444 0.1001 0.0827 0.0555 0.0472 0.0287 
        D891  4 0.0116 0.0149 0.0154 0.0146 0.0158 0.0204 0.0136 0.0128 0.0167 0.0115 0.8528 
        D899  4 0.0760 0.1122 0.0383 0.0463 0.2847 0.0541 0.0885 0.0326 0.0673 0.0380 0.1621 
        D900  4 0.0555 0.1045 0.1051 0.0500 0.0770 0.0723 0.1096 0.0525 0.1761 0.1227 0.0749 
        D970  4 0.0439 0.3197 0.1099 0.0469 0.0502 0.0599 0.0329 0.0424 0.1195 0.0690 0.1058 
        D971  4 0.0612 0.1831 0.0478 0.0197 0.3289 0.0432 0.0851 0.0801 0.0927 0.0318 0.0264 
        D979  4 0.0449 0.2897 0.1445 0.0371 0.0408 0.1166 0.1324 0.0353 0.0794 0.0356 0.0439 
        D093  5 0.6159 0.0303 0.0398 0.0723 0.0300 0.0403 0.0395 0.0321 0.0334 0.0261 0.0404 
        D154  5 0.0342 0.0364 0.0273 0.2003 0.0807 0.2946 0.0791 0.0287 0.1111 0.0159 0.0917 
        D168  5 0.0160 0.0326 0.0491 0.1631 0.1525 0.2201 0.0595 0.0534 0.0987 0.0753 0.0796 
        D189  5 0.2718 0.0300 0.0393 0.0891 0.0254 0.0301 0.2133 0.0245 0.0547 0.0262 0.1956 
        D190  5 0.4689 0.0487 0.0286 0.0524 0.0351 0.1692 0.0579 0.0547 0.0286 0.0171 0.0389 
     D237220  5 0.1341 0.0602 0.0276 0.1474 0.0207 0.0331 0.0435 0.0975 0.1300 0.1706 0.1354 
     D237221  5 0.1990 0.0650 0.0550 0.0687 0.1009 0.1244 0.0379 0.0836 0.0718 0.0347 0.1590 
     D237274  5 0.0168 0.1987 0.2105 0.0399 0.0828 0.0556 0.0803 0.1401 0.1255 0.0231 0.0268 
     D237275  5 0.0351 0.0200 0.0219 0.0319 0.3480 0.0665 0.2082 0.0492 0.0722 0.0235 0.1234 
     D237276  5 0.1283 0.0411 0.0510 0.3260 0.0329 0.0783 0.0955 0.1148 0.0600 0.0405 0.0316 
     D237277  5 0.3820 0.0529 0.0238 0.0463 0.0510 0.2050 0.0316 0.0583 0.0448 0.0174 0.0870 
     D237278  5 0.1875 0.0724 0.0936 0.0467 0.2672 0.0406 0.0517 0.0657 0.0787 0.0630 0.0330 
     D237279  5 0.0232 0.0832 0.0583 0.0414 0.0306 0.1379 0.0185 0.2658 0.2104 0.0998 0.0310 
     D237280  5 0.0632 0.0529 0.0582 0.0430 0.0260 0.1300 0.0492 0.3560 0.1064 0.0866 0.0285 
     D237281  5 0.0224 0.0352 0.0557 0.0943 0.0922 0.0366 0.0280 0.0226 0.0729 0.0171 0.5232 
     D237351  5 0.0553 0.0216 0.0169 0.0674 0.0185 0.1934 0.0169 0.5303 0.0321 0.0246 0.0232 
     D237352  5 0.0474 0.1584 0.0367 0.0291 0.0727 0.1457 0.0985 0.0418 0.0606 0.2807 0.0284 
     D237353  5 0.4602 0.0379 0.0195 0.0234 0.0196 0.2148 0.0400 0.0885 0.0316 0.0132 0.0513 
     D237359  5 0.0697 0.0502 0.0431 0.2302 0.0283 0.0644 0.0468 0.0348 0.1234 0.1223 0.1869 
     D237361  5 0.7071 0.0193 0.0238 0.0191 0.0278 0.0396 0.0391 0.0482 0.0293 0.0173 0.0294 
     D237362  5 0.0371 0.0298 0.0444 0.0395 0.0271 0.6388 0.0277 0.0519 0.0418 0.0270 0.0349 
     D237363  5 0.0441 0.0224 0.0382 0.0454 0.0634 0.1767 0.0534 0.0399 0.4188 0.0246 0.0731 
     D237364  5 0.0143 0.0800 0.0698 0.3685 0.0749 0.0623 0.0599 0.0493 0.0907 0.0667 0.0636 
     D237376  5 0.0576 0.0464 0.0167 0.0549 0.0320 0.0402 0.6460 0.0214 0.0355 0.0155 0.0338 
     D237377  5 0.1144 0.0572 0.0735 0.0237 0.0453 0.2106 0.0223 0.2808 0.1065 0.0334 0.0322 
     D237378  5 0.3185 0.0683 0.0342 0.0717 0.0634 0.0890 0.1378 0.0252 0.0673 0.0339 0.0906 
     D237379  5 0.2256 0.1561 0.0409 0.1151 0.0419 0.0650 0.1266 0.0267 0.1091 0.0445 0.0486 
     D237380  5 0.0355 0.0716 0.0218 0.0349 0.0169 0.0247 0.2946 0.4032 0.0526 0.0242 0.0201 
     D237381  5 0.0554 0.1007 0.0360 0.0405 0.0631 0.0446 0.1157 0.2186 0.0966 0.1634 0.0655 
     D237391  5 0.7285 0.0238 0.0286 0.0385 0.0208 0.0378 0.0163 0.0209 0.0265 0.0187 0.0397 
     D237392  5 0.0278 0.0854 0.1681 0.0519 0.2044 0.0927 0.0977 0.1245 0.0838 0.0254 0.0383 
     D237393  5 0.1323 0.0456 0.3225 0.0343 0.0490 0.0364 0.0869 0.1233 0.0518 0.0629 0.0549 
