        D174  1 0.0872 0.7152 0.1975 
        D199  1 0.4381 0.3032 0.2587 
        D203  1 0.3983 0.3208 0.2809 
        D204  1 0.2992 0.2460 0.4548 
     D237366  1 0.1775 0.1355 0.6869 
     D237367  1 0.1401 0.1275 0.7324 
     D237368  1 0.1763 0.2415 0.5822 
     D244101  1 0.6561 0.1314 0.2125 
     D244102  1 0.2564 0.4429 0.3007 
     D244103  1 0.1079 0.1474 0.7447 
     D244104  1 0.2024 0.3765 0.4211 
     D244105  1 0.0764 0.0921 0.8315 
     D244106  1 0.2073 0.6566 0.1361 
     D244107  1 0.1513 0.1297 0.7190 
     D244108  1 0.0972 0.8023 0.1006 
     D244113  1 0.1285 0.7879 0.0835 
     D244114  1 0.3685 0.2775 0.3539 
     D244115  1 0.0934 0.6838 0.2228 
     D267365  1 0.1954 0.5335 0.2711 
        D404  1 0.1371 0.7675 0.0954 
        D405  1 0.2443 0.5317 0.2240 
        D406  1 0.0622 0.1966 0.7412 
        D407  1 0.1188 0.0944 0.7868 
        D408  1 0.1978 0.6832 0.1190 
        D409  1 0.1315 0.1486 0.7199 
        D410  1 0.0479 0.7644 0.1877 
        D421  1 0.1613 0.1906 0.6482 
        D422  1 0.0552 0.0462 0.8986 
        D423  1 0.0975 0.4697 0.4328 
        D424  1 0.0528 0.1035 0.8437 
        D425  1 0.1380 0.5729 0.2890 
        D426  1 0.1944 0.0839 0.7217 
        D427  1 0.5369 0.2593 0.2038 
        D428  1 0.1595 0.4516 0.3889 
        D429  1 0.1600 0.4903 0.3497 
        D430  1 0.3671 0.3124 0.3205 
        D491  1 0.0724 0.8124 0.1153 
        D492  1 0.1459 0.3453 0.5088 
        D537  1 0.1014 0.2486 0.6500 
        D538  1 0.2222 0.4929 0.2849 
        D539  1 0.2957 0.5095 0.1948 
        D540  1 0.1287 0.2857 0.5856 
        D541  1 0.1648 0.2213 0.6139 
        D551  1 0.4602 0.0962 0.4436 
        D552  1 0.1286 0.5627 0.3087 
        D553  1 0.1079 0.1431 0.7490 
        D615  1 0.2404 0.4421 0.3175 
        D616  1 0.2256 0.3373 0.4371 
        D621  1 0.1120 0.4739 0.4142 
        D622  1 0.0912 0.1900 0.7189 
        D623  1 0.4063 0.5089 0.0848 
        D624  1 0.0796 0.7853 0.1351 
        D625  1 0.1016 0.4274 0.4710 
        D626  1 0.1284 0.6016 0.2699 
        D627  1 0.1695 0.0747 0.7558 
        D690  1 0.0672 0.5116 0.4212 
        D691  1 0.0848 0.1452 0.7700 
        D710  1 0.2388 0.4074 0.3539 
        D711  1 0.1681 0.3593 0.4726 
        D712  1 0.1304 0.7341 0.1355 
        D713  1 0.0906 0.6794 0.2301 
        D746  1 0.0826 0.0870 0.8304 
        D747  1 0.2498 0.2678 0.4823 
        D748  1 0.0971 0.2298 0.6732 
        D749  1 0.1643 0.3595 0.4762 
        D750  1 0.0817 0.7714 0.1468 
        D763  1 0.5464 0.1184 0.3352 
        D764  1 0.0630 0.6306 0.3064 
        D765  1 0.0659 0.7049 0.2291 
        D766  1 0.0875 0.4034 0.5091 
        D767  1 0.3548 0.2543 0.3909 
        D768  1 0.0932 0.0958 0.8111 
        D811  1 0.0950 0.7926 0.1124 
        D816  1 0.1118 0.4258 0.4624 
        D825  1 0.0656 0.7831 0.1513 
        D866  1 0.3566 0.5209 0.1225 
        D867  1 0.0956 0.0818 0.8226 
        D871  1 0.1318 0.1309 0.7372 
        D872  1 0.1625 0.4887 0.3488 
        D873  1 0.0799 0.7985 0.1216 
        D874  1 0.3704 0.4822 0.1474 
        D875  1 0.0804 0.1011 0.8185 
        D876  1 0.1208 0.4565 0.4227 
        D877  1 0.1474 0.7404 0.1123 
        D892  1 0.0790 0.4681 0.4529 
        D893  1 0.2258 0.1649 0.6093 
        D894  1 0.1629 0.2778 0.5593 
        D915  1 0.1122 0.3542 0.5336 
        D916  1 0.1046 0.3076 0.5878 
        D917  1 0.3000 0.5069 0.1932 
        D925  1 0.0619 0.7740 0.1641 
        D926  1 0.1324 0.4013 0.4663 
        D927  1 0.5771 0.1618 0.2611 
        D928  1 0.0533 0.8850 0.0617 
        D929  1 0.2169 0.4126 0.3705 
        D936  1 0.4705 0.2538 0.2756 
        D938  1 0.0599 0.1332 0.8069 
        D956  1 0.0933 0.8089 0.0978 
        D957  1 0.1423 0.5767 0.2810 
        D958  1 0.0842 0.6373 0.2785 
        D959  1 0.0857 0.0658 0.8485 
        D960  1 0.0743 0.3075 0.6182 
        D989  1 0.2911 0.5612 0.1478 
        D990  1 0.1755 0.6450 0.1796 
        D023  2 0.0902 0.0806 0.8292 
        D130  2 0.0836 0.0813 0.8351 
        D131  2 0.2347 0.1587 0.6066 
        D163  2 0.0651 0.1137 0.8211 
        D164  2 0.5580 0.3260 0.1160 
        D165  2 0.1347 0.0671 0.7982 
        D166  2 0.3286 0.2100 0.4614 
        D167  2 0.8391 0.1063 0.0546 
        D192  2 0.8911 0.0653 0.0436 
        D193  2 0.1732 0.6617 0.1651 
        D206  2 0.2192 0.1256 0.6552 
        D207  2 0.7433 0.0988 0.1578 
        D208  2 0.4471 0.4257 0.1272 
        D209  2 0.6252 0.1246 0.2502 
        D210  2 0.3614 0.4941 0.1445 
     D229599  2 0.3119 0.3073 0.3808 
     D229600  2 0.4803 0.1017 0.4180 
     D237227  2 0.2072 0.6719 0.1208 
     D237228  2 0.1539 0.7669 0.0792 
     D237258  2 0.4135 0.3112 0.2753 
     D237310  2 0.1826 0.6829 0.1345 
     D237311  2 0.3101 0.5157 0.1742 
     D237312  2 0.1196 0.5852 0.2952 
     D237313  2 0.1302 0.5764 0.2934 
     D237322  2 0.5001 0.3206 0.1793 
     D237323  2 0.1030 0.7903 0.1067 
     D237324  2 0.4808 0.0737 0.4455 
     D237325  2 0.1684 0.5461 0.2854 
     D237326  2 0.1093 0.7157 0.1750 
     D237327  2 0.6742 0.0960 0.2299 
     D237337  2 0.0639 0.7651 0.1709 
     D237338  2 0.2811 0.3737 0.3452 
     D237339  2 0.7338 0.1022 0.1640 
     D237340  2 0.3221 0.5397 0.1382 
     D237389  2 0.1883 0.5894 0.2223 
     D237390  2 0.1175 0.5791 0.3034 
     D244017  2 0.4374 0.4251 0.1375 
     D244112  2 0.7634 0.0874 0.1492 
     D244118  2 0.7282 0.0902 0.1815 
     D244119  2 0.3465 0.5922 0.0613 
     D244120  2 0.6729 0.2339 0.0932 
     D244122  2 0.7059 0.1607 0.1334 
        D291  2 0.6195 0.1161 0.2644 
        D292  2 0.5776 0.3160 0.1064 
        D293  2 0.8681 0.0523 0.0796 
        D322  2 0.7602 0.0756 0.1642 
        D323  2 0.4137 0.2860 0.3003 
        D324  2 0.3786 0.2533 0.3681 
        D325  2 0.8349 0.0367 0.1284 
        D326  2 0.1782 0.1969 0.6250 
        D340  2 0.8722 0.0536 0.0743 
        D341  2 0.7856 0.1056 0.1089 
        D342  2 0.6485 0.1064 0.2452 
        D343  2 0.9143 0.0306 0.0551 
        D344  2 0.2368 0.3625 0.4006 
        D345  2 0.2010 0.3480 0.4510 
        D346  2 0.2316 0.5869 0.1815 
        D351  2 0.4114 0.1352 0.4533 
        D352  2 0.4278 0.3426 0.2296 
        D353  2 0.1807 0.0852 0.7342 
        D354  2 0.1102 0.6121 0.2777 
        D362  2 0.1255 0.3501 0.5244 
        D363  2 0.1298 0.4678 0.4024 
        D364  2 0.1248 0.4685 0.4067 
        D365  2 0.8875 0.0529 0.0596 
        D369  2 0.3280 0.4335 0.2385 
        D374  2 0.0686 0.8756 0.0558 
        D375  2 0.1972 0.3045 0.4983 
        D376  2 0.0957 0.8299 0.0744 
        D377  2 0.2015 0.5397 0.2588 
        D378  2 0.6392 0.0817 0.2791 
        D379  2 0.1230 0.2029 0.6741 
        D384  2 0.1052 0.3367 0.5580 
        D385  2 0.8337 0.0896 0.0767 
        D386  2 0.3981 0.1211 0.4808 
        D391  2 0.8749 0.0499 0.0751 
        D392  2 0.6735 0.2052 0.1212 
        D393  2 0.5986 0.1178 0.2836 
        D394  2 0.3309 0.2656 0.4036 
        D395  2 0.7764 0.0854 0.1382 
        D401  2 0.1089 0.7685 0.1226 
        D402  2 0.8881 0.0559 0.0560 
        D403  2 0.1522 0.1444 0.7034 
        D415  2 0.0903 0.0922 0.8175 
        D435  2 0.4925 0.0958 0.4117 
        D436  2 0.2055 0.3599 0.4346 
        D438  2 0.8471 0.0643 0.0886 
        D439  2 0.4091 0.1053 0.4856 
        D449  2 0.4467 0.0882 0.4651 
        D450  2 0.1440 0.5548 0.3012 
        D456  2 0.0758 0.0964 0.8278 
        D462  2 0.8784 0.0448 0.0768 
        D463  2 0.0792 0.1806 0.7401 
        D464  2 0.4322 0.2058 0.3620 
        D465  2 0.4603 0.1316 0.4081 
        D473  2 0.1620 0.7090 0.1290 
        D474  2 0.3424 0.2854 0.3722 
        D476  2 0.3616 0.0669 0.5715 
        D477  2 0.2978 0.4584 0.2438 
        D478  2 0.2262 0.3199 0.4539 
        D480  2 0.6410 0.2067 0.1523 
        D481  2 0.3156 0.3228 0.3616 
        D482  2 0.4317 0.3685 0.1997 
        D483  2 0.8160 0.1257 0.0583 
        D484  2 0.6196 0.2085 0.1719 
        D510  2 0.1353 0.7729 0.0919 
        D511  2 0.6242 0.1163 0.2595 
        D512  2 0.3831 0.3299 0.2870 
        D513  2 0.5518 0.1785 0.2698 
        D635  2 0.1445 0.1217 0.7338 
        D636  2 0.0629 0.0801 0.8570 
        D637  2 0.5867 0.2631 0.1502 
        D658  2 0.6365 0.2742 0.0893 
        D659  2 0.1409 0.1579 0.7012 
        D677  2 0.2556 0.1649 0.5794 
        D678  2 0.7310 0.1187 0.1503 
        D679  2 0.3335 0.2150 0.4516 
        D719  2 0.3386 0.5820 0.0794 
        D720  2 0.1604 0.4353 0.4043 
        D721  2 0.2279 0.1088 0.6633 
        D722  2 0.1137 0.8037 0.0826 
        D734  2 0.5874 0.3135 0.0990 
        D735  2 0.3462 0.3424 0.3114 
        D736  2 0.2502 0.5785 0.1713 
        D737  2 0.7532 0.1453 0.1015 
        D807  2 0.2798 0.5640 0.1562 
        D808  2 0.4556 0.1926 0.3519 
        D817  2 0.1493 0.4537 0.3970 
        D818  2 0.5712 0.0838 0.3450 
        D819  2 0.2031 0.3471 0.4498 
        D820  2 0.4084 0.1982 0.3934 
        D895  2 0.1162 0.1731 0.7106 
        D896  2 0.0579 0.8488 0.0933 
        D897  2 0.7323 0.1051 0.1626 
        D898  2 0.2408 0.4419 0.3173 
        D918  2 0.3555 0.2957 0.3488 
        D919  2 0.6268 0.0957 0.2776 
        D920  2 0.1003 0.1533 0.7464 
        D923  2 0.2172 0.2251 0.5578 
        D930  2 0.1938 0.5503 0.2559 
        D931  2 0.4916 0.2520 0.2565 
        D968  2 0.8843 0.0548 0.0609 
        D969  2 0.5987 0.1808 0.2205 
        D977  2 0.6994 0.0756 0.2250 
        D978  2 0.6615 0.1347 0.2039 
        D211  3 0.1110 0.0759 0.8130 
     D229639  3 0.6088 0.2882 0.1030 
     D237212  3 0.5570 0.1440 0.2990 
     D237213  3 0.2566 0.2215 0.5219 
     D237214  3 0.0760 0.1019 0.8221 
     D237215  3 0.7441 0.2043 0.0517 
     D237216  3 0.2407 0.1197 0.6396 
     D237217  3 0.1122 0.0778 0.8100 
     D237218  3 0.6470 0.1069 0.2460 
     D237219  3 0.1924 0.4766 0.3310 
     D237382  3 0.1858 0.5846 0.2296 
     D244127  3 0.3836 0.3640 0.2524 
     D244129  3 0.3579 0.2670 0.3751 
     D244133  3 0.1891 0.3926 0.4184 
     D244134  3 0.3037 0.5556 0.1407 
     D244135  3 0.1246 0.0631 0.8123 
     D244136  3 0.1901 0.4433 0.3666 
        D416  3 0.3669 0.1460 0.4870 
        D417  3 0.0853 0.1873 0.7274 
        D419  3 0.3119 0.3305 0.3576 
        D565  3 0.0722 0.8322 0.0956 
        D566  3 0.3848 0.5022 0.1130 
        D567  3 0.1429 0.2484 0.6087 
        D568  3 0.2971 0.1227 0.5802 
        D569  3 0.6359 0.1155 0.2486 
        D573  3 0.7750 0.0880 0.1370 
        D574  3 0.1557 0.6370 0.2073 
        D575  3 0.1894 0.3973 0.4133 
        D576  3 0.8314 0.0990 0.0696 
        D577  3 0.1424 0.1988 0.6588 
        D578  3 0.0849 0.0620 0.8531 
        D579  3 0.3354 0.4005 0.2642 
        D660  3 0.6799 0.1014 0.2188 
        D661  3 0.7520 0.0760 0.1720 
        D663  3 0.7522 0.0807 0.1671 
        D664  3 0.2829 0.4091 0.3080 
        D665  3 0.3929 0.0871 0.5200 
        D666  3 0.1465 0.5503 0.3031 
        D009  4 0.1432 0.1551 0.7017 
        D057  4 0.6896 0.0759 0.2346 
        D109  4 0.1101 0.4944 0.3955 
     D237222  4 0.1327 0.3197 0.5476 
     D237223  4 0.2278 0.3259 0.4464 
     D237224  4 0.6279 0.1445 0.2276 
     D237225  4 0.1822 0.1809 0.6369 
     D237299  4 0.2199 0.2103 0.5698 
     D237300  4 0.6938 0.1841 0.1221 
     D237306  4 0.1016 0.7703 0.1281 
     D237307  4 0.1494 0.5031 0.3475 
     D237308  4 0.6000 0.2566 0.1434 
     D237309  4 0.1829 0.1489 0.6682 
     D237317  4 0.1064 0.6463 0.2473 
     D237318  4 0.8383 0.0822 0.0795 
     D237319  4 0.2187 0.2753 0.5060 
     D237320  4 0.3549 0.1852 0.4599 
     D237321  4 0.6383 0.1742 0.1876 
     D237397  4 0.3097 0.4276 0.2627 
     D237398  4 0.7069 0.0696 0.2235 
     D237399  4 0.3428 0.3602 0.2970 
     D244001  4 0.1669 0.1242 0.7089 
        D289  4 0.4780 0.3144 0.2076 
        D290  4 0.5046 0.2011 0.2943 
        D294  4 0.3971 0.1695 0.4334 
        D295  4 0.1799 0.4193 0.4008 
        D301  4 0.2183 0.1968 0.5848 
        D302  4 0.3168 0.1767 0.5065 
        D303  4 0.1457 0.7455 0.1088 
        D304  4 0.4946 0.2599 0.2455 
        D305  4 0.5646 0.0737 0.3616 
        D306  4 0.2682 0.3461 0.3857 
        D307  4 0.1840 0.2260 0.5900 
        D327  4 0.1967 0.2651 0.5381 
        D328  4 0.1847 0.6508 0.1645 
        D329  4 0.5599 0.1904 0.2497 
        D330  4 0.1388 0.1519 0.7093 
        D331  4 0.3174 0.4501 0.2325 
        D333  4 0.3437 0.4154 0.2409 
        D334  4 0.1380 0.5945 0.2675 
        D335  4 0.4736 0.2567 0.2696 
        D370  4 0.1259 0.7323 0.1418 
        D371  4 0.0966 0.7893 0.1140 
        D372  4 0.7732 0.1327 0.0941 
        D373  4 0.2652 0.0779 0.6569 
        D455  4 0.2192 0.0927 0.6881 
        D490  4 0.0613 0.0776 0.8612 
        D497  4 0.1063 0.0872 0.8065 
        D498  4 0.2911 0.5259 0.1830 
        D499  4 0.5983 0.2927 0.1090 
        D514  4 0.2637 0.1500 0.5863 
        D515  4 0.1322 0.1979 0.6699 
        D516  4 0.1830 0.4636 0.3534 
        D517  4 0.1903 0.0868 0.7229 
        D518  4 0.3235 0.2743 0.4022 
        D519  4 0.1964 0.1201 0.6834 
        D560  4 0.2284 0.1022 0.6694 
        D561  4 0.1427 0.0650 0.7923 
        D562  4 0.3900 0.2392 0.3708 
        D563  4 0.7443 0.0830 0.1727 
        D572  4 0.3735 0.1735 0.4531 
        D629  4 0.1484 0.1254 0.7262 
        D630  4 0.2609 0.2203 0.5188 
        D631  4 0.7331 0.1115 0.1554 
        D632  4 0.3339 0.1460 0.5201 
        D646  4 0.1881 0.1915 0.6204 
        D647  4 0.2644 0.1347 0.6009 
        D648  4 0.2679 0.5416 0.1906 
        D649  4 0.1472 0.3236 0.5292 
        D650  4 0.2059 0.4525 0.3416 
        D708  4 0.1829 0.5738 0.2433 
        D709  4 0.2454 0.5471 0.2075 
        D738  4 0.0847 0.7500 0.1652 
        D739  4 0.2668 0.1821 0.5511 
        D740  4 0.3972 0.3467 0.2561 
        D741  4 0.3566 0.1036 0.5398 
        D742  4 0.6748 0.1696 0.1555 
        D743  4 0.3990 0.1881 0.4129 
        D744  4 0.6479 0.1129 0.2392 
        D745  4 0.1227 0.1135 0.7638 
        D814  4 0.4941 0.0658 0.4401 
        D815  4 0.3385 0.3974 0.2641 
        D828  4 0.3826 0.5002 0.1172 
        D845  4 0.8177 0.1022 0.0800 
        D846  4 0.5262 0.0662 0.4075 
        D847  4 0.3256 0.2073 0.4671 
        D848  4 0.4415 0.0634 0.4951 
        D849  4 0.1480 0.1088 0.7432 
        D850  4 0.2718 0.2030 0.5251 
        D856  4 0.1959 0.4024 0.4017 
        D857  4 0.1653 0.6677 0.1670 
        D859  4 0.4670 0.2277 0.3053 
        D860  4 0.4119 0.4638 0.1243 
        D883  4 0.1453 0.3869 0.4678 
        D884  4 0.1039 0.5697 0.3264 
        D885  4 0.4383 0.1069 0.4548 
        D886  4 0.2734 0.2561 0.4705 
        D887  4 0.5276 0.2447 0.2277 
        D889  4 0.7146 0.1071 0.1783 
        D890  4 0.1994 0.5463 0.2543 
        D891  4 0.8904 0.0492 0.0604 
        D899  4 0.7139 0.1963 0.0898 
        D900  4 0.2919 0.2480 0.4601 
        D970  4 0.4187 0.2432 0.3381 
        D971  4 0.6478 0.2201 0.1321 
        D979  4 0.3959 0.2509 0.3533 
        D093  5 0.1257 0.7265 0.1477 
        D154  5 0.5594 0.2338 0.2068 
        D168  5 0.4622 0.1062 0.4315 
        D189  5 0.3696 0.4914 0.1390 
        D190  5 0.1295 0.7812 0.0893 
     D237220  5 0.3567 0.2615 0.3819 
     D237221  5 0.3415 0.4890 0.1695 
     D237274  5 0.1782 0.3162 0.5055 
     D237275  5 0.8145 0.1110 0.0744 
     D237276  5 0.1331 0.6176 0.2493 
     D237277  5 0.2636 0.6475 0.0889 
     D237278  5 0.4957 0.3359 0.1685 
     D237279  5 0.1741 0.2435 0.5824 
     D237280  5 0.1161 0.4403 0.4436 
     D237281  5 0.8349 0.0790 0.0861 
     D237351  5 0.0904 0.7648 0.1448 
     D237352  5 0.2095 0.2224 0.5680 
     D237353  5 0.0965 0.8430 0.0605 
     D237359  5 0.3506 0.1533 0.4961 
     D237361  5 0.0785 0.8582 0.0632 
     D237362  5 0.1992 0.4350 0.3658 
     D237363  5 0.3343 0.2106 0.4552 
     D237364  5 0.4887 0.1038 0.4075 
     D237376  5 0.2335 0.6772 0.0893 
     D237377  5 0.1443 0.6087 0.2470 
     D237378  5 0.3405 0.5371 0.1224 
     D237379  5 0.3006 0.4739 0.2256 
     D237380  5 0.0514 0.8100 0.1386 
     D237381  5 0.1843 0.4095 0.4062 
     D237391  5 0.1316 0.7557 0.1126 
     D237392  5 0.3223 0.2744 0.4033 
     D237393  5 0.1911 0.5613 0.2477 
     D237394  5 0.0689 0.8373 0.0939 
     D237395  5 0.2009 0.5853 0.2137 
     D237396  5 0.2910 0.3305 0.3785 
     D244016  5 0.3893 0.3931 0.2176 
     D244018  5 0.5029 0.2695 0.2276 
     D244019  5 0.4058 0.3225 0.2717 
        D279  5 0.6417 0.1724 0.1859 
        D280  5 0.3010 0.4082 0.2908 
        D281  5 0.7987 0.1146 0.0867 
        D283  5 0.1650 0.6462 0.1888 
        D284  5 0.2062 0.2032 0.5906 
        D285  5 0.2471 0.5563 0.1965 
        D286  5 0.2485 0.4491 0.3024 
        D287  5 0.1673 0.6748 0.1579 
        D288  5 0.3373 0.3483 0.3144 
        D308  5 0.0613 0.7593 0.1794 
        D309  5 0.4432 0.1371 0.4197 
        D310  5 0.0902 0.8150 0.0948 
        D311  5 0.2083 0.4816 0.3100 
        D312  5 0.1832 0.6017 0.2151 
        D313  5 0.0482 0.5063 0.4455 
        D314  5 0.4136 0.3190 0.2674 
        D315  5 0.1720 0.5534 0.2746 
        D317  5 0.0863 0.8003 0.1135 
        D318  5 0.3632 0.1633 0.4734 
        D319  5 0.0832 0.8624 0.0544 
        D320  5 0.1375 0.7599 0.1025 
        D321  5 0.1081 0.7453 0.1466 
        D336  5 0.0967 0.7936 0.1097 
        D337  5 0.1397 0.8028 0.0575 
        D338  5 0.3105 0.3655 0.3241 
        D339  5 0.1487 0.7362 0.1151 
        D347  5 0.3774 0.3792 0.2435 
        D348  5 0.1178 0.8103 0.0719 
        D349  5 0.0562 0.8399 0.1039 
        D350  5 0.6625 0.1098 0.2277 
        D355  5 0.7302 0.1230 0.1468 
        D356  5 0.1188 0.5915 0.2897 
        D357  5 0.2534 0.5094 0.2372 
        D358  5 0.1798 0.6592 0.1610 
        D359  5 0.0759 0.8026 0.1215 
        D360  5 0.1178 0.6077 0.2745 
        D361  5 0.0602 0.8082 0.1315 
        D366  5 0.4170 0.1186 0.4644 
        D367  5 0.1234 0.7813 0.0953 
        D368  5 0.0918 0.7292 0.1790 
        D380  5 0.4042 0.1885 0.4072 
        D381  5 0.1863 0.7011 0.1126 
        D400  5 0.4455 0.4029 0.1516 
        D411  5 0.0955 0.0836 0.8209 
        D412  5 0.4216 0.3333 0.2451 
        D413  5 0.7162 0.0733 0.2105 
        D414  5 0.7624 0.1032 0.1344 
        D420  5 0.3371 0.1965 0.4664 
        D431  5 0.3520 0.4394 0.2086 
        D432  5 0.2394 0.6158 0.1448 
        D433  5 0.1580 0.7491 0.0929 
        D434  5 0.1326 0.7152 0.1522 
        D440  5 0.5551 0.1363 0.3086 
        D447  5 0.2459 0.1052 0.6489 
        D448  5 0.1959 0.6949 0.1092 
        D459  5 0.8324 0.0840 0.0836 
        D460  5 0.0618 0.8243 0.1139 
        D461  5 0.4744 0.1892 0.3364 
        D468  5 0.1442 0.4781 0.3777 
        D469  5 0.1578 0.3675 0.4746 
        D470  5 0.1245 0.2547 0.6208 
        D471  5 0.2341 0.6861 0.0798 
        D472  5 0.4832 0.1143 0.4026 
        D479  5 0.8134 0.0992 0.0874 
        D485  5 0.3421 0.3992 0.2588 
        D486  5 0.1430 0.3417 0.5153 
        D487  5 0.5699 0.3189 0.1112 
        D555  5 0.1432 0.7815 0.0753 
        D556  5 0.3844 0.4422 0.1735 
        D557  5 0.1622 0.7717 0.0661 
        D564  5 0.1787 0.6250 0.1963 
        D594  5 0.2692 0.3610 0.3698 
        D595  5 0.2311 0.5381 0.2308 
        D596  5 0.0917 0.8418 0.0665 
        D597  5 0.4920 0.3728 0.1352 
        D598  5 0.1976 0.6053 0.1971 
        D617  5 0.2356 0.0935 0.6709 
        D618  5 0.2419 0.6410 0.1170 
        D619  5 0.1062 0.7787 0.1151 
        D620  5 0.8370 0.0849 0.0781 
        D628  5 0.3231 0.4173 0.2596 
        D714  5 0.5487 0.3425 0.1087 
        D715  5 0.2313 0.6592 0.1095 
        D716  5 0.4793 0.2267 0.2940 
        D717  5 0.2775 0.4158 0.3068 
        D718  5 0.2167 0.4953 0.2879 
        D769  5 0.1841 0.1177 0.6982 
        D770  5 0.5577 0.2891 0.1532 
        D771  5 0.4906 0.2815 0.2279 
        D772  5 0.2522 0.5229 0.2249 
        D782  5 0.3921 0.2488 0.3592 
        D783  5 0.6926 0.2005 0.1069 
        D784  5 0.3905 0.2754 0.3341 
        D785  5 0.0838 0.7883 0.1279 
        D786  5 0.2187 0.1334 0.6479 
        D821  5 0.0780 0.8680 0.0540 
        D822  5 0.3072 0.4770 0.2158 
        D826  5 0.4397 0.4477 0.1126 
        D827  5 0.1806 0.1475 0.6719 
        D851  5 0.3085 0.3897 0.3018 
        D852  5 0.5957 0.2954 0.1089 
        D853  5 0.2521 0.5853 0.1626 
        D854  5 0.4364 0.1769 0.3867 
        D861  5 0.3271 0.4079 0.2650 
        D862  5 0.1350 0.6146 0.2503 
        D865  5 0.1546 0.7632 0.0822 
        D868  5 0.2062 0.3630 0.4308 
        D869  5 0.0716 0.0973 0.8310 
        D870  5 0.1246 0.0610 0.8144 
        D907  5 0.1075 0.7713 0.1212 
        D908  5 0.5318 0.3999 0.0683 
        D910  5 0.3636 0.5188 0.1177 
        D911  5 0.7575 0.1068 0.1356 
        D934  5 0.6319 0.1966 0.1715 
        D946  5 0.5237 0.2977 0.1786 
        D947  5 0.3616 0.2239 0.4145 
        D948  5 0.0502 0.8589 0.0909 
        D949  5 0.0543 0.8269 0.1188 
        D950  5 0.7604 0.1093 0.1303 
        D951  5 0.1895 0.2977 0.5129 
        D952  5 0.2234 0.4384 0.3382 
        D953  5 0.1202 0.7554 0.1244 
        D954  5 0.1348 0.6893 0.1759 
        D961  5 0.2085 0.6390 0.1525 
        D962  5 0.0953 0.7699 0.1347 
        D963  5 0.3127 0.4583 0.2290 
        D964  5 0.3675 0.2504 0.3820 
        D965  5 0.4761 0.2332 0.2906 
        D966  5 0.3889 0.4006 0.2106 
        D967  5 0.4139 0.4497 0.1364 
        D991  5 0.2208 0.4186 0.3606 
        D502  6 0.4922 0.0931 0.4147 
        D503  6 0.4324 0.1862 0.3814 
        D504  6 0.3147 0.3320 0.3533 
        D505  6 0.3324 0.3696 0.2981 
        D506  6 0.0539 0.8470 0.0991 
        D507  6 0.5782 0.1690 0.2528 
        D508  6 0.4938 0.1949 0.3112 
        D529  6 0.1871 0.2651 0.5478 
        D530  6 0.2235 0.5941 0.1824 
        D531  6 0.3179 0.3517 0.3304 
        D532  6 0.2104 0.5150 0.2746 
        D534  6 0.1799 0.1405 0.6795 
        D535  6 0.1356 0.6441 0.2203 
        D536  6 0.6881 0.0825 0.2294 
        D554  6 0.1429 0.6172 0.2400 
        D587  6 0.1394 0.7413 0.1194 
        D588  6 0.1743 0.6053 0.2205 
        D589  6 0.5963 0.2256 0.1781 
        D590  6 0.7354 0.1078 0.1568 
        D591  6 0.3721 0.2512 0.3767 
        D592  6 0.1525 0.2941 0.5534 
        D593  6 0.2705 0.5979 0.1316 
        D682  6 0.1033 0.7729 0.1238 
        D683  6 0.1241 0.4900 0.3860 
        D684  6 0.4940 0.0646 0.4414 
        D685  6 0.4627 0.1771 0.3602 
        D686  6 0.1016 0.7831 0.1153 
        D724  6 0.3958 0.1528 0.4514 
        D725  6 0.4756 0.2629 0.2615 
        D726  6 0.0899 0.8025 0.1076 
        D727  6 0.4582 0.1931 0.3487 
        D728  6 0.0921 0.7660 0.1419 
        D729  6 0.2740 0.1976 0.5284 
        D730  6 0.3931 0.1930 0.4138 
        D731  6 0.3081 0.6346 0.0573 
        D732  6 0.3405 0.1942 0.4654 
        D733  6 0.3340 0.3143 0.3517 
     D237251  7 0.6336 0.2071 0.1593 
     D237252  7 0.4153 0.1874 0.3973 
     D237253  7 0.5125 0.2646 0.2229 
     D237254  7 0.0722 0.0505 0.8772 
     D237255  7 0.7631 0.1237 0.1132 
     D237256  7 0.6760 0.1153 0.2087 
     D237257  7 0.2020 0.1242 0.6738 
     D237282  7 0.3110 0.1594 0.5296 
     D237283  7 0.1723 0.2127 0.6150 
     D237284  7 0.0704 0.0794 0.8502 
     D237285  7 0.3911 0.3803 0.2286 
     D237286  7 0.3605 0.3854 0.2541 
     D237287  7 0.4935 0.1715 0.3350 
     D244006  7 0.1065 0.0684 0.8250 
     D244007  7 0.5529 0.1227 0.3244 
     D244008  7 0.1073 0.2856 0.6071 
     D244009  7 0.1231 0.4085 0.4684 
     D244010  7 0.3006 0.1487 0.5507 
     D244011  7 0.5316 0.3247 0.1438 
     D244012  7 0.5499 0.1439 0.3062 
     D244013  7 0.6363 0.2576 0.1061 
     D244014  7 0.5582 0.1738 0.2681 
     D244015  7 0.1578 0.1291 0.7130 
     D244125  7 0.4165 0.4395 0.1440 
     D244126  7 0.1261 0.0914 0.7825 
     D244130  7 0.2881 0.5116 0.2003 
     D244131  7 0.2688 0.4984 0.2328 
     D244132  7 0.1215 0.7260 0.1524 
        D520  7 0.1290 0.4579 0.4131 
        D521  7 0.3588 0.3721 0.2691 
        D522  7 0.1772 0.2955 0.5272 
        D523  7 0.7188 0.1381 0.1431 
        D524  7 0.4592 0.3534 0.1874 
        D525  7 0.4274 0.1351 0.4375 
        D526  7 0.0880 0.0677 0.8444 
        D527  7 0.2875 0.2462 0.4663 
        D528  7 0.1061 0.0582 0.8358 
        D558  7 0.6212 0.1017 0.2771 
        D559  7 0.5945 0.1008 0.3047 
        D640  7 0.3424 0.4858 0.1719 
        D641  7 0.4540 0.3978 0.1482 
        D642  7 0.3400 0.2241 0.4359 
        D644  7 0.2461 0.4507 0.3032 
        D645  7 0.3538 0.3436 0.3025 
        D662  7 0.0531 0.8189 0.1280 
        D687  7 0.5325 0.2175 0.2501 
        D688  7 0.3106 0.1071 0.5822 
        D689  7 0.2949 0.3885 0.3166 
        D700  7 0.1393 0.0564 0.8043 
        D797  7 0.3009 0.3798 0.3194 
        D798  7 0.1266 0.5574 0.3160 
        D799  7 0.6629 0.1472 0.1900 
        D800  7 0.2998 0.1581 0.5422 
        D132  8 0.0783 0.1060 0.8157 
        D133  8 0.8032 0.0534 0.1434 
        D200  8 0.6388 0.1600 0.2012 
        D500  8 0.0591 0.1088 0.8321 
        D614  8 0.1654 0.6138 0.2208 
        D723  8 0.2267 0.2825 0.4908 
        D888  8 0.8330 0.0871 0.0799 
        D901  8 0.2555 0.2565 0.4880 
        D902  8 0.1305 0.7539 0.1156 
        D903  8 0.3550 0.3638 0.2812 
        D904  8 0.3265 0.2431 0.4304 
        D905  8 0.7624 0.1771 0.0606 
        D906  8 0.6335 0.0817 0.2848 
        D937  8 0.0939 0.8554 0.0507 
        D943  8 0.3632 0.1006 0.5362 
        D972  8 0.1690 0.2089 0.6221 
        D973  8 0.1230 0.3904 0.4867 
        D974  8 0.2909 0.4237 0.2853 
        D975  8 0.5173 0.2200 0.2627 
        D976  8 0.3834 0.2965 0.3201 
        D201  9 0.5111 0.1155 0.3734 
        D202  9 0.6168 0.2300 0.1532 
     D237259  9 0.3577 0.0991 0.5432 
     D237260  9 0.6475 0.1317 0.2208 
     D237262  9 0.1156 0.1938 0.6906 
     D237263  9 0.4599 0.1791 0.3610 
     D237264  9 0.2985 0.3656 0.3359 
     D237265  9 0.7120 0.1250 0.1629 
     D237266  9 0.5916 0.2690 0.1394 
     D237267  9 0.1754 0.2719 0.5527 
     D237268  9 0.1552 0.1956 0.6492 
     D237289  9 0.5381 0.3256 0.1363 
     D237290  9 0.8161 0.0842 0.0997 
     D237291  9 0.6536 0.1835 0.1630 
     D237292  9 0.5401 0.0896 0.3703 
     D237293  9 0.1863 0.5420 0.2717 
     D237294  9 0.3122 0.2827 0.4051 
     D237295  9 0.1228 0.3553 0.5220 
     D237296  9 0.2862 0.2816 0.4322 
     D237297  9 0.2390 0.6199 0.1412 
     D237298  9 0.4980 0.1949 0.3072 
     D237341  9 0.6081 0.1828 0.2091 
     D237342  9 0.2753 0.3168 0.4079 
     D237343  9 0.5357 0.2120 0.2523 
     D237344  9 0.4009 0.3965 0.2026 
     D237345  9 0.1657 0.0666 0.7677 
     D237346  9 0.5158 0.3563 0.1279 
     D237347  9 0.3546 0.5260 0.1194 
     D237348  9 0.3666 0.3388 0.2946 
     D237349  9 0.5416 0.2011 0.2574 
     D244109  9 0.6431 0.0554 0.3015 
     D244110  9 0.6845 0.0872 0.2283 
     D244111  9 0.5674 0.2213 0.2114 
     D244128  9 0.2579 0.1178 0.6243 
     D244137  9 0.3413 0.3035 0.3553 
     D244138  9 0.6078 0.2553 0.1369 
        D580  9 0.1085 0.2601 0.6315 
        D581  9 0.8468 0.0688 0.0844 
        D582  9 0.0968 0.1162 0.7870 
        D583  9 0.7931 0.0922 0.1147 
        D584  9 0.1399 0.6749 0.1852 
        D585  9 0.3635 0.0809 0.5556 
        D586  9 0.7439 0.1610 0.0951 
        D651  9 0.2530 0.4415 0.3055 
        D652  9 0.4017 0.2978 0.3006 
        D653  9 0.6722 0.1490 0.1788 
        D654  9 0.5185 0.1507 0.3307 
        D655  9 0.3586 0.4302 0.2112 
        D656  9 0.0991 0.1201 0.7807 
        D657  9 0.4705 0.1928 0.3367 
        D667  9 0.2473 0.5719 0.1808 
        D668  9 0.2873 0.5181 0.1946 
        D669  9 0.6730 0.1134 0.2136 
        D670  9 0.1095 0.1645 0.7261 
        D671  9 0.6852 0.1220 0.1928 
        D672  9 0.1836 0.1296 0.6868 
        D673  9 0.1927 0.5151 0.2922 
        D692  9 0.2452 0.0909 0.6639 
        D693  9 0.1969 0.4234 0.3797 
        D694  9 0.2257 0.2050 0.5693 
        D695  9 0.1503 0.4079 0.4418 
        D696  9 0.1004 0.8369 0.0628 
        D697  9 0.2464 0.5350 0.2186 
        D698  9 0.4628 0.4093 0.1279 
        D699  9 0.1834 0.6838 0.1328 
        D787  9 0.3135 0.3676 0.3190 
        D788  9 0.1037 0.7037 0.1926 
        D789  9 0.3363 0.3536 0.3101 
        D790  9 0.2884 0.4922 0.2194 
        D791  9 0.7330 0.1518 0.1152 
        D792  9 0.3772 0.1137 0.5092 
        D793  9 0.1520 0.6758 0.1723 
        D794  9 0.2717 0.3891 0.3393 
        D795  9 0.1930 0.4425 0.3645 
        D796  9 0.4960 0.2646 0.2394 
        D142 10 0.3199 0.4884 0.1917 
        D143 10 0.7282 0.1722 0.0997 
        D144 10 0.2220 0.3703 0.4077 
        D145 10 0.7971 0.0809 0.1220 
        D146 10 0.1016 0.2034 0.6950 
        D147 10 0.2677 0.2059 0.5264 
        D148 10 0.1919 0.1963 0.6118 
        D149 10 0.6749 0.1026 0.2225 
        D151 10 0.3348 0.2259 0.4393 
        D152 10 0.8762 0.0517 0.0721 
        D153 10 0.1357 0.5816 0.2827 
        D156 10 0.6190 0.1663 0.2146 
        D157 10 0.1354 0.7146 0.1500 
        D158 10 0.4103 0.3681 0.2216 
        D159 10 0.8428 0.0825 0.0746 
        D160 10 0.5471 0.3866 0.0663 
        D161 10 0.2711 0.2478 0.4811 
        D162 10 0.6349 0.2246 0.1405 
        D169 10 0.1791 0.1182 0.7026 
        D170 10 0.1273 0.1700 0.7027 
        D171 10 0.2039 0.4005 0.3956 
        D172 10 0.3993 0.2781 0.3225 
        D173 10 0.8128 0.0468 0.1405 
        D181 10 0.3546 0.4581 0.1873 
        D182 10 0.4143 0.1158 0.4699 
        D183 10 0.0893 0.7527 0.1581 
        D184 10 0.0477 0.0654 0.8869 
        D185 10 0.2134 0.1911 0.5956 
        D186 10 0.1120 0.0672 0.8208 
        D194 10 0.1531 0.2908 0.5561 
        D195 10 0.5740 0.3041 0.1219 
        D196 10 0.6836 0.1895 0.1269 
        D197 10 0.2911 0.1508 0.5581 
        D198 10 0.0810 0.3172 0.6017 
     D237226 10 0.6682 0.1388 0.1930 
     D237232 10 0.4370 0.4209 0.1421 
     D237233 10 0.6112 0.2698 0.1190 
     D237234 10 0.3767 0.4295 0.1939 
     D237354 10 0.8807 0.0619 0.0574 
     D237355 10 0.6713 0.1664 0.1623 
     D237356 10 0.0630 0.4831 0.4538 
     D237357 10 0.5852 0.1771 0.2377 
     D237358 10 0.2680 0.1388 0.5932 
     D237369 10 0.0963 0.0859 0.8177 
     D237370 10 0.2307 0.6249 0.1444 
     D237371 10 0.1342 0.2078 0.6580 
     D237372 10 0.3449 0.0840 0.5711 
     D237373 10 0.5047 0.3727 0.1226 
     D237374 10 0.7207 0.1888 0.0905 
     D237375 10 0.4277 0.1850 0.3874 
     D237400 10 0.8805 0.0599 0.0596 
     D244002 10 0.1787 0.0821 0.7393 
     D244003 10 0.4791 0.4636 0.0572 
     D244004 10 0.0430 0.9136 0.0435 
     D244005 10 0.5269 0.0934 0.3798 
     D244020 10 0.2087 0.5015 0.2898 
     D244021 10 0.3251 0.2033 0.4716 
     D244116 10 0.2373 0.2722 0.4905 
     D244117 10 0.3162 0.5927 0.0911 
     D244121 10 0.2178 0.6648 0.1173 
     D244123 10 0.4273 0.3906 0.1821 
     D244124 10 0.4376 0.2391 0.3233 
        D332 10 0.2466 0.3474 0.4060 
        D570 10 0.1679 0.6708 0.1613 
        D602 10 0.5364 0.1724 0.2912 
        D603 10 0.3554 0.4998 0.1449 
        D604 10 0.7011 0.1566 0.1423 
        D605 10 0.3722 0.3280 0.2998 
        D606 10 0.0808 0.3810 0.5382 
        D607 10 0.1902 0.1311 0.6787 
        D608 10 0.8674 0.0482 0.0844 
        D609 10 0.0762 0.7727 0.1511 
        D610 10 0.2969 0.2523 0.4508 
        D611 10 0.0566 0.8910 0.0524 
        D613 10 0.3970 0.3516 0.2514 
        D633 10 0.5593 0.1511 0.2896 
        D634 10 0.2394 0.4144 0.3462 
        D638 10 0.8226 0.1032 0.0742 
        D681 10 0.2371 0.3444 0.4185 
        D754 10 0.1855 0.4358 0.3786 
        D755 10 0.4647 0.4853 0.0500 
        D756 10 0.2196 0.5667 0.2138 
        D757 10 0.4544 0.2417 0.3039 
        D758 10 0.2577 0.2910 0.4513 
        D759 10 0.4648 0.4428 0.0925 
        D760 10 0.5132 0.2827 0.2041 
        D761 10 0.8627 0.0832 0.0541 
        D762 10 0.3100 0.2376 0.4524 
        D775 10 0.1626 0.7780 0.0594 
        D776 10 0.7526 0.1215 0.1259 
        D777 10 0.2571 0.5642 0.1787 
        D778 10 0.6603 0.2329 0.1068 
        D779 10 0.2740 0.4592 0.2668 
        D780 10 0.7452 0.1445 0.1103 
        D781 10 0.6842 0.1418 0.1740 
        D858 10 0.3218 0.3996 0.2786 
        D933 10 0.3856 0.2257 0.3887 
        D038 11 0.5390 0.2891 0.1719 
        D063 11 0.6227 0.2225 0.1547 
        D155 11 0.3804 0.4083 0.2114 
        D175 11 0.1631 0.4793 0.3576 
        D176 11 0.6149 0.2499 0.1352 
        D205 11 0.0605 0.7888 0.1507 
     D237229 11 0.5000 0.0898 0.4102 
     D237230 11 0.1987 0.1217 0.6797 
     D237231 11 0.3897 0.1768 0.4336 
     D237269 11 0.6487 0.1407 0.2106 
     D237270 11 0.2095 0.3641 0.4264 
     D237271 11 0.2619 0.5164 0.2216 
     D237272 11 0.2332 0.2829 0.4839 
     D237273 11 0.4251 0.4451 0.1298 
     D237301 11 0.2662 0.4649 0.2689 
     D237302 11 0.3200 0.1586 0.5215 
     D237303 11 0.2362 0.1163 0.6475 
     D237304 11 0.3767 0.4010 0.2223 
     D237305 11 0.1988 0.3535 0.4477 
     D237314 11 0.3177 0.5125 0.1698 
     D237315 11 0.2207 0.1541 0.6253 
     D237316 11 0.1884 0.4868 0.3248 
     D237328 11 0.0834 0.3134 0.6033 
     D237329 11 0.4011 0.4280 0.1709 
     D237330 11 0.3105 0.6145 0.0750 
     D237331 11 0.4128 0.2905 0.2966 
     D237332 11 0.2200 0.3195 0.4605 
     D237333 11 0.6697 0.2487 0.0816 
     D237334 11 0.1667 0.2819 0.5514 
     D237335 11 0.1434 0.6484 0.2081 
     D237336 11 0.5538 0.1936 0.2525 
     D237350 11 0.3323 0.5244 0.1434 
     D237383 11 0.4257 0.2014 0.3729 
     D237384 11 0.1903 0.3112 0.4985 
     D237385 11 0.3710 0.2978 0.3312 
     D237386 11 0.3474 0.4402 0.2124 
     D237387 11 0.1463 0.1918 0.6619 
     D237388 11 0.1424 0.7339 0.1238 
        D239 11 0.3830 0.3469 0.2701 
        D240 11 0.7379 0.1058 0.1563 
        D241 11 0.2669 0.0821 0.6511 
        D242 11 0.4958 0.2198 0.2844 
        D243 11 0.2281 0.5156 0.2563 
        D244 11 0.0837 0.8095 0.1068 
        D245 11 0.2918 0.1037 0.6046 
        D246 11 0.1608 0.5678 0.2714 
        D247 11 0.3795 0.2026 0.4179 
        D248 11 0.3588 0.3476 0.2936 
        D249 11 0.1248 0.4530 0.4222 
        D250 11 0.4371 0.4242 0.1387 
        D251 11 0.1253 0.7071 0.1676 
        D252 11 0.0978 0.4129 0.4893 
        D253 11 0.3752 0.3519 0.2730 
        D254 11 0.1905 0.0731 0.7364 
        D255 11 0.1764 0.5743 0.2493 
        D256 11 0.2913 0.2974 0.4113 
        D257 11 0.1404 0.6537 0.2059 
        D258 11 0.0853 0.7517 0.1630 
        D259 11 0.1686 0.1198 0.7117 
        D260 11 0.3249 0.3171 0.3580 
        D261 11 0.3625 0.2794 0.3581 
        D262 11 0.3867 0.1478 0.4655 
        D263 11 0.1058 0.6893 0.2048 
        D264 11 0.1509 0.1763 0.6728 
        D265 11 0.3869 0.1825 0.4306 
        D266 11 0.4193 0.3948 0.1859 
        D267 11 0.1816 0.5362 0.2822 
        D268 11 0.1918 0.6686 0.1396 
        D269 11 0.0959 0.5429 0.3613 
        D270 11 0.1466 0.3155 0.5378 
        D271 11 0.3087 0.3426 0.3486 
        D272 11 0.5638 0.1912 0.2450 
        D273 11 0.1264 0.5584 0.3152 
        D274 11 0.1927 0.6066 0.2006 
        D275 11 0.2275 0.4840 0.2885 
        D276 11 0.0984 0.7142 0.1874 
        D277 11 0.2026 0.4678 0.3296 
        D278 11 0.3709 0.4257 0.2034 
        D282 11 0.0759 0.1749 0.7491 
        D296 11 0.3388 0.3331 0.3280 
        D297 11 0.1254 0.5715 0.3031 
        D298 11 0.4080 0.3105 0.2816 
        D299 11 0.2411 0.6437 0.1152 
        D300 11 0.6484 0.1684 0.1832 
        D382 11 0.0634 0.7057 0.2309 
        D383 11 0.0761 0.7866 0.1373 
        D387 11 0.5027 0.3590 0.1383 
        D388 11 0.1839 0.1537 0.6625 
        D389 11 0.3984 0.4287 0.1729 
        D390 11 0.3629 0.3001 0.3370 
        D396 11 0.5124 0.1523 0.3353 
        D397 11 0.1199 0.1093 0.7707 
        D398 11 0.1970 0.5466 0.2564 
        D399 11 0.4414 0.1260 0.4327 
        D437 11 0.5544 0.0969 0.3487 
        D441 11 0.2333 0.6620 0.1047 
        D442 11 0.5639 0.2506 0.1855 
        D443 11 0.4858 0.4306 0.0836 
        D444 11 0.3703 0.2973 0.3324 
        D445 11 0.1025 0.1973 0.7002 
        D446 11 0.3373 0.1053 0.5574 
        D451 11 0.1216 0.2782 0.6002 
        D452 11 0.6889 0.1341 0.1770 
        D453 11 0.1896 0.2829 0.5275 
        D454 11 0.3207 0.1240 0.5553 
        D457 11 0.2379 0.4062 0.3559 
        D458 11 0.1522 0.5642 0.2836 
        D466 11 0.6961 0.0956 0.2083 
        D467 11 0.2038 0.7043 0.0919 
        D475 11 0.0917 0.1174 0.7910 
        D488 11 0.5422 0.1516 0.3062 
        D489 11 0.2346 0.2053 0.5601 
        D493 11 0.1496 0.1890 0.6614 
        D494 11 0.2862 0.3762 0.3376 
        D495 11 0.5263 0.1026 0.3712 
        D496 11 0.8193 0.1094 0.0713 
        D674 11 0.7235 0.1726 0.1039 
        D675 11 0.8204 0.1055 0.0742 
        D676 11 0.1297 0.6054 0.2649 
        D680 11 0.3565 0.4667 0.1767 
        D701 11 0.6030 0.1089 0.2881 
        D702 11 0.1998 0.1258 0.6743 
        D703 11 0.5596 0.2296 0.2108 
        D704 11 0.2784 0.4307 0.2909 
        D705 11 0.0870 0.0886 0.8244 
        D706 11 0.6684 0.1024 0.2292 
        D707 11 0.1251 0.2658 0.6091 
        D751 11 0.1091 0.3996 0.4913 
        D752 11 0.5311 0.2248 0.2441 
        D753 11 0.2472 0.2110 0.5418 
        D773 11 0.0643 0.1973 0.7384 
        D774 11 0.5738 0.1655 0.2608 
        D801 11 0.3340 0.5171 0.1488 
        D802 11 0.1330 0.1569 0.7101 
        D803 11 0.4887 0.2703 0.2410 
        D804 11 0.3070 0.1667 0.5263 
        D805 11 0.1852 0.3082 0.5066 
        D806 11 0.1668 0.5690 0.2642 
        D809 11 0.2336 0.5406 0.2258 
        D810 11 0.3366 0.4914 0.1719 
        D812 11 0.1557 0.2534 0.5909 
        D813 11 0.7280 0.1068 0.1652 
        D823 11 0.2856 0.4264 0.2880 
        D824 11 0.3540 0.5037 0.1423 
        D829 11 0.4764 0.1632 0.3604 
        D830 11 0.0910 0.2668 0.6423 
        D831 11 0.6165 0.1103 0.2732 
        D832 11 0.4520 0.2850 0.2631 
        D833 11 0.2694 0.4933 0.2373 
        D834 11 0.1455 0.6881 0.1665 
        D835 11 0.1149 0.2181 0.6669 
        D855 11 0.1768 0.5516 0.2717 
        D863 11 0.8415 0.0974 0.0611 
        D864 11 0.2357 0.5120 0.2523 
        D878 11 0.1691 0.6376 0.1932 
        D879 11 0.1153 0.2764 0.6083 
        D880 11 0.7125 0.1531 0.1344 
        D881 11 0.1024 0.8289 0.0687 
        D882 11 0.5741 0.1694 0.2565 
        D909 11 0.2796 0.3549 0.3656 
        D921 11 0.2837 0.4578 0.2585 
        D924 11 0.6809 0.1606 0.1586 
        D935 11 0.1416 0.5232 0.3352 
        D940 11 0.7776 0.1042 0.1183 
        D941 11 0.3261 0.4120 0.2620 
        D942 11 0.0898 0.6680 0.2422 
        D980 11 0.3364 0.1950 0.4686 
        D981 11 0.1133 0.1373 0.7494 
        D982 11 0.7499 0.1631 0.0870 
        D983 11 0.1436 0.6367 0.2197 
        D984 11 0.4361 0.3507 0.2132 
        D992 11 0.2158 0.2267 0.5575 
        D993 11 0.0919 0.5905 0.3175 
        D994 11 0.4835 0.2441 0.2724 
        D995 11 0.0835 0.4443 0.4722 
        H354 11 0.1565 0.5177 0.3258 
        D005 12 0.3727 0.0849 0.5424 
        D035 12 0.3262 0.2336 0.4401 
        D067 12 0.2526 0.3472 0.4002 
        D134 12 0.5171 0.2305 0.2524 
        D135 12 0.3624 0.2645 0.3731 
        D136 12 0.0936 0.1489 0.7575 
        D137 12 0.4617 0.1581 0.3802 
        D138 12 0.3526 0.3679 0.2795 
        D139 12 0.5929 0.1976 0.2095 
        D140 12 0.1915 0.2528 0.5557 
        D141 12 0.0618 0.0736 0.8647 
        D150 12 0.1902 0.6977 0.1121 
        D177 12 0.6851 0.1701 0.1448 
        D178 12 0.2910 0.1303 0.5787 
        D179 12 0.1805 0.2071 0.6124 
        D180 12 0.1438 0.0971 0.7591 
        D187 12 0.4672 0.3110 0.2218 
        D188 12 0.0704 0.0589 0.8707 
        D191 12 0.1674 0.1410 0.6916 
        D418 12 0.1212 0.0731 0.8057 
        D601 12 0.0932 0.1037 0.8030 
        D836 12 0.1132 0.0843 0.8025 
        D837 12 0.4051 0.3632 0.2318 
        D838 12 0.3397 0.5320 0.1283 
        D839 12 0.7194 0.0833 0.1973 
        D840 12 0.5700 0.1839 0.2461 
        D841 12 0.1914 0.3349 0.4737 
        D842 12 0.1310 0.4692 0.3998 
        D843 12 0.2949 0.4443 0.2608 
        D844 12 0.3862 0.0652 0.5486 
        D912 12 0.3089 0.4582 0.2329 
        D913 12 0.8442 0.0719 0.0839 
