        D174  1 0.7916 0.0508 0.1143 0.0432 
        D199  1 0.2914 0.3226 0.0830 0.3029 
        D203  1 0.1274 0.3764 0.2129 0.2833 
        D204  1 0.0390 0.8893 0.0373 0.0344 
     D237366  1 0.1390 0.2580 0.4686 0.1343 
     D237367  1 0.1007 0.3553 0.4566 0.0874 
     D237368  1 0.0961 0.2526 0.5410 0.1103 
     D244101  1 0.0364 0.7841 0.0306 0.1489 
     D244102  1 0.3643 0.2303 0.2375 0.1679 
     D244103  1 0.1113 0.3786 0.4300 0.0801 
     D244104  1 0.1523 0.7005 0.0768 0.0705 
     D244105  1 0.0293 0.1679 0.7504 0.0524 
     D244106  1 0.5786 0.0874 0.0788 0.2552 
     D244107  1 0.0246 0.2225 0.6827 0.0701 
     D244108  1 0.6184 0.1223 0.1893 0.0700 
     D244113  1 0.9147 0.0250 0.0315 0.0288 
     D244114  1 0.3118 0.2435 0.1222 0.3225 
     D244115  1 0.5274 0.2055 0.2106 0.0565 
     D267365  1 0.3993 0.4425 0.0774 0.0808 
        D404  1 0.8517 0.0481 0.0419 0.0583 
        D405  1 0.5583 0.1733 0.1204 0.1480 
        D406  1 0.0548 0.0782 0.8451 0.0219 
        D407  1 0.0685 0.4196 0.3727 0.1392 
        D408  1 0.7618 0.0746 0.0521 0.1115 
        D409  1 0.0716 0.4289 0.3993 0.1002 
        D410  1 0.0465 0.0922 0.8404 0.0209 
        D421  1 0.0717 0.7847 0.0679 0.0757 
        D422  1 0.0165 0.0778 0.8779 0.0278 
        D423  1 0.0232 0.0476 0.9026 0.0266 
        D424  1 0.0643 0.7918 0.1180 0.0260 
        D425  1 0.4503 0.4217 0.0779 0.0500 
        D426  1 0.0408 0.2938 0.3980 0.2674 
        D427  1 0.1665 0.1546 0.0451 0.6338 
        D428  1 0.3363 0.3794 0.1946 0.0897 
        D429  1 0.3840 0.4720 0.0751 0.0689 
        D430  1 0.3321 0.1972 0.1729 0.2978 
        D491  1 0.8348 0.1102 0.0332 0.0218 
        D492  1 0.4242 0.3204 0.1819 0.0735 
        D537  1 0.0944 0.6936 0.1798 0.0322 
        D538  1 0.2639 0.2210 0.3732 0.1418 
        D539  1 0.3691 0.0725 0.2336 0.3249 
        D540  1 0.2126 0.4662 0.2135 0.1077 
        D541  1 0.0271 0.8832 0.0565 0.0332 
        D551  1 0.0530 0.1217 0.1311 0.6943 
        D552  1 0.2492 0.3165 0.3423 0.0920 
        D553  1 0.0287 0.9102 0.0361 0.0249 
        D615  1 0.1655 0.4246 0.2490 0.1609 
        D616  1 0.1033 0.2814 0.3536 0.2617 
        D621  1 0.2016 0.0781 0.6667 0.0536 
        D622  1 0.0570 0.0794 0.8212 0.0423 
        D623  1 0.5890 0.1141 0.0578 0.2390 
        D624  1 0.8706 0.0404 0.0481 0.0409 
        D625  1 0.1356 0.7117 0.1211 0.0316 
        D626  1 0.5522 0.1052 0.2446 0.0980 
        D627  1 0.0547 0.4377 0.3344 0.1732 
        D690  1 0.1270 0.7569 0.1017 0.0143 
        D691  1 0.0455 0.1227 0.7955 0.0362 
        D710  1 0.2144 0.6142 0.1027 0.0686 
        D711  1 0.0865 0.7894 0.0713 0.0528 
        D712  1 0.8103 0.0513 0.0728 0.0656 
        D713  1 0.6767 0.1716 0.1126 0.0392 
        D746  1 0.0336 0.1119 0.8168 0.0377 
        D747  1 0.0439 0.8797 0.0369 0.0395 
        D748  1 0.1356 0.4343 0.3940 0.0361 
        D749  1 0.1850 0.0784 0.5958 0.1408 
        D750  1 0.6352 0.2493 0.0804 0.0351 
        D763  1 0.0674 0.4019 0.1267 0.4040 
        D764  1 0.3023 0.4930 0.1745 0.0301 
        D765  1 0.1632 0.0648 0.7455 0.0265 
        D766  1 0.1036 0.3432 0.5168 0.0365 
        D767  1 0.1569 0.4175 0.2947 0.1308 
        D768  1 0.0246 0.9015 0.0426 0.0312 
        D811  1 0.8429 0.0369 0.0781 0.0421 
        D816  1 0.1128 0.8324 0.0305 0.0243 
        D825  1 0.6186 0.1585 0.1863 0.0366 
        D866  1 0.3427 0.0938 0.0828 0.4807 
        D867  1 0.0533 0.0537 0.8484 0.0446 
        D871  1 0.0868 0.4403 0.3569 0.1160 
        D872  1 0.1414 0.5347 0.2667 0.0573 
        D873  1 0.0250 0.0174 0.9399 0.0177 
        D874  1 0.2990 0.5920 0.0303 0.0787 
        D875  1 0.0364 0.3582 0.5417 0.0637 
        D876  1 0.1815 0.6620 0.1052 0.0513 
        D877  1 0.8532 0.0822 0.0239 0.0407 
        D892  1 0.3492 0.4110 0.2026 0.0372 
        D893  1 0.0791 0.5986 0.2126 0.1098 
        D894  1 0.1063 0.7227 0.0956 0.0754 
        D915  1 0.1393 0.5992 0.2168 0.0447 
        D916  1 0.0399 0.8778 0.0579 0.0244 
        D917  1 0.4382 0.3684 0.0712 0.1222 
        D925  1 0.1221 0.1234 0.7205 0.0340 
        D926  1 0.2084 0.5997 0.1384 0.0535 
        D927  1 0.0944 0.4401 0.0912 0.3744 
        D928  1 0.8563 0.0913 0.0315 0.0209 
        D929  1 0.4739 0.2642 0.1856 0.0763 
        D936  1 0.0779 0.7245 0.0476 0.1500 
        D938  1 0.0388 0.0585 0.8818 0.0209 
        D956  1 0.7965 0.0662 0.0602 0.0770 
        D957  1 0.1452 0.3808 0.4200 0.0540 
        D958  1 0.2182 0.4891 0.2635 0.0291 
        D959  1 0.0555 0.4579 0.3730 0.1137 
        D960  1 0.0528 0.0356 0.8849 0.0268 
        D989  1 0.6665 0.0854 0.0465 0.2015 
        D990  1 0.0409 0.0256 0.8565 0.0770 
        D023  2 0.0264 0.2524 0.6843 0.0369 
        D130  2 0.0291 0.0697 0.8625 0.0387 
        D131  2 0.0656 0.7062 0.1151 0.1131 
        D163  2 0.0328 0.1126 0.8228 0.0319 
        D164  2 0.0166 0.0357 0.4923 0.4554 
        D165  2 0.0241 0.1613 0.7698 0.0448 
        D166  2 0.1875 0.2501 0.3476 0.2148 
        D167  2 0.0650 0.0251 0.0243 0.8857 
        D192  2 0.0265 0.0205 0.0198 0.9332 
        D193  2 0.7362 0.0570 0.1067 0.1000 
        D206  2 0.0806 0.2910 0.3130 0.3154 
        D207  2 0.0639 0.1530 0.0711 0.7119 
        D208  2 0.5316 0.0680 0.0713 0.3291 
        D209  2 0.0709 0.1593 0.1528 0.6169 
        D210  2 0.4183 0.1278 0.0634 0.3905 
     D229599  2 0.1588 0.5051 0.1671 0.1691 
     D229600  2 0.0471 0.0556 0.5074 0.3899 
     D237227  2 0.6184 0.0685 0.1875 0.1255 
     D237228  2 0.4335 0.0438 0.4112 0.1115 
     D237258  2 0.2423 0.1301 0.2335 0.3941 
     D237310  2 0.1528 0.0306 0.7165 0.1000 
     D237311  2 0.0726 0.0365 0.6748 0.2162 
     D237312  2 0.3450 0.0697 0.5282 0.0571 
     D237313  2 0.2941 0.3860 0.2280 0.0920 
     D237322  2 0.2204 0.1130 0.1496 0.5169 
     D237323  2 0.1970 0.0412 0.6906 0.0712 
     D237324  2 0.0251 0.1267 0.5052 0.3431 
     D237325  2 0.2382 0.0867 0.5747 0.1003 
     D237326  2 0.1149 0.1722 0.6696 0.0432 
     D237327  2 0.0952 0.1924 0.1184 0.5940 
     D237337  2 0.0884 0.0578 0.8190 0.0348 
     D237338  2 0.2024 0.1405 0.4546 0.2024 
     D237339  2 0.0431 0.5894 0.0519 0.3156 
     D237340  2 0.4003 0.0463 0.2513 0.3020 
     D237389  2 0.0875 0.0466 0.7890 0.0768 
     D237390  2 0.3588 0.1412 0.4424 0.0576 
     D244017  2 0.5208 0.0779 0.0679 0.3335 
     D244112  2 0.0430 0.0230 0.0873 0.8467 
     D244118  2 0.0351 0.0330 0.3166 0.6152 
     D244119  2 0.5509 0.0349 0.0342 0.3800 
     D244120  2 0.2724 0.0354 0.0608 0.6315 
     D244122  2 0.1271 0.0508 0.0773 0.7448 
        D291  2 0.1047 0.1350 0.1926 0.5677 
        D292  2 0.1481 0.2992 0.0520 0.5007 
        D293  2 0.0196 0.4846 0.0232 0.4726 
        D322  2 0.0364 0.5807 0.0588 0.3242 
        D323  2 0.2436 0.3493 0.1217 0.2855 
        D324  2 0.1382 0.3900 0.2587 0.2131 
        D325  2 0.0175 0.0797 0.0406 0.8622 
        D326  2 0.0423 0.9088 0.0219 0.0271 
        D340  2 0.0216 0.0290 0.0300 0.9194 
        D341  2 0.0397 0.0408 0.0533 0.8662 
        D342  2 0.0465 0.0579 0.2070 0.6886 
        D343  2 0.0117 0.0264 0.0153 0.9467 
        D344  2 0.1101 0.6924 0.1121 0.0854 
        D345  2 0.0922 0.5889 0.2380 0.0808 
        D346  2 0.7002 0.1053 0.0457 0.1488 
        D351  2 0.0418 0.7080 0.1384 0.1117 
        D352  2 0.2118 0.3756 0.1790 0.2335 
        D353  2 0.0447 0.8542 0.0386 0.0624 
        D354  2 0.2854 0.5647 0.1015 0.0484 
        D362  2 0.1141 0.6883 0.1381 0.0595 
        D363  2 0.1617 0.7109 0.0842 0.0432 
        D364  2 0.1122 0.7629 0.0890 0.0359 
        D365  2 0.0196 0.0475 0.0155 0.9174 
        D369  2 0.2160 0.3602 0.1495 0.2743 
        D374  2 0.9282 0.0216 0.0228 0.0273 
        D375  2 0.1712 0.5620 0.1963 0.0705 
        D376  2 0.8632 0.0301 0.0357 0.0710 
        D377  2 0.4377 0.1313 0.2934 0.1376 
        D378  2 0.0280 0.7782 0.0599 0.1339 
        D379  2 0.0545 0.8484 0.0585 0.0385 
        D384  2 0.0648 0.8853 0.0242 0.0257 
        D385  2 0.0458 0.0321 0.0293 0.8928 
        D386  2 0.0464 0.7978 0.0772 0.0786 
        D391  2 0.0251 0.0767 0.0283 0.8699 
        D392  2 0.0776 0.1080 0.0828 0.7316 
        D393  2 0.0327 0.7272 0.0737 0.1663 
        D394  2 0.1181 0.3415 0.3860 0.1545 
        D395  2 0.0538 0.1917 0.0526 0.7018 
        D401  2 0.0706 0.0272 0.8580 0.0441 
        D402  2 0.0256 0.0395 0.0222 0.9128 
        D403  2 0.0831 0.5564 0.2640 0.0965 
        D415  2 0.0291 0.8539 0.0877 0.0293 
        D435  2 0.0232 0.6505 0.0910 0.2354 
        D436  2 0.2290 0.5582 0.1274 0.0855 
        D438  2 0.0356 0.0231 0.0259 0.9153 
        D439  2 0.0323 0.6740 0.1349 0.1589 
        D449  2 0.0333 0.2497 0.0622 0.6548 
        D450  2 0.4757 0.3268 0.1248 0.0727 
        D456  2 0.0214 0.9243 0.0326 0.0216 
        D462  2 0.0194 0.1123 0.0260 0.8424 
        D463  2 0.0346 0.9294 0.0208 0.0151 
        D464  2 0.1169 0.7074 0.0485 0.1272 
        D465  2 0.0617 0.3928 0.2163 0.3291 
        D473  2 0.7424 0.0621 0.1277 0.0678 
        D474  2 0.0939 0.5848 0.1102 0.2110 
        D476  2 0.0221 0.2434 0.5345 0.2000 
        D477  2 0.1436 0.6861 0.0786 0.0916 
        D478  2 0.4222 0.2803 0.2161 0.0815 
        D480  2 0.1115 0.6027 0.0376 0.2482 
        D481  2 0.1637 0.5748 0.1497 0.1118 
        D482  2 0.3452 0.1420 0.1739 0.3388 
        D483  2 0.0636 0.0247 0.0328 0.8788 
        D484  2 0.3097 0.2280 0.1199 0.3424 
        D510  2 0.8631 0.0414 0.0341 0.0614 
        D511  2 0.0366 0.7795 0.0446 0.1393 
        D512  2 0.0476 0.0646 0.7250 0.1628 
        D513  2 0.0964 0.2046 0.1558 0.5431 
        D635  2 0.0490 0.6360 0.2685 0.0466 
        D636  2 0.0357 0.0515 0.8901 0.0227 
        D637  2 0.2339 0.1774 0.1143 0.4744 
        D658  2 0.2019 0.0524 0.0820 0.6637 
        D659  2 0.0466 0.8270 0.0643 0.0622 
        D677  2 0.0783 0.3659 0.3362 0.2196 
        D678  2 0.0619 0.0391 0.0716 0.8274 
        D679  2 0.1004 0.6579 0.0583 0.1835 
        D719  2 0.3797 0.3551 0.0374 0.2278 
        D720  2 0.1859 0.6631 0.0861 0.0649 
        D721  2 0.0562 0.2439 0.5599 0.1400 
        D722  2 0.8587 0.0343 0.0416 0.0654 
        D734  2 0.4326 0.2514 0.0266 0.2893 
        D735  2 0.1545 0.5676 0.1107 0.1673 
        D736  2 0.4689 0.1789 0.1071 0.2452 
        D737  2 0.0894 0.0603 0.1117 0.7386 
        D807  2 0.4375 0.3049 0.0850 0.1726 
        D808  2 0.0572 0.3396 0.3786 0.2247 
        D817  2 0.2906 0.5644 0.0994 0.0456 
        D818  2 0.0614 0.2472 0.1301 0.5613 
        D819  2 0.1648 0.4719 0.2636 0.0997 
        D820  2 0.0443 0.8757 0.0275 0.0526 
        D895  2 0.0629 0.6301 0.2302 0.0769 
        D896  2 0.0640 0.0256 0.8856 0.0248 
        D897  2 0.0529 0.0839 0.0904 0.7728 
        D898  2 0.3001 0.2890 0.2405 0.1703 
        D918  2 0.1288 0.1675 0.4113 0.2924 
        D919  2 0.0347 0.6493 0.0566 0.2594 
        D920  2 0.0544 0.0335 0.8794 0.0327 
        D923  2 0.0431 0.8762 0.0428 0.0378 
        D930  2 0.2615 0.5302 0.1240 0.0844 
        D931  2 0.1465 0.5819 0.0812 0.1904 
        D968  2 0.0221 0.0416 0.0177 0.9186 
        D969  2 0.0742 0.5560 0.0697 0.3000 
        D977  2 0.0348 0.0710 0.0785 0.8157 
        D978  2 0.1033 0.1694 0.0552 0.6721 
        D211  3 0.0668 0.1543 0.6927 0.0862 
     D229639  3 0.1575 0.0741 0.0642 0.7042 
     D237212  3 0.0928 0.3813 0.1864 0.3394 
     D237213  3 0.0979 0.3640 0.4283 0.1098 
     D237214  3 0.0804 0.1231 0.7577 0.0389 
     D237215  3 0.1875 0.0229 0.0312 0.7584 
     D237216  3 0.0832 0.1826 0.4353 0.2989 
     D237217  3 0.0307 0.2274 0.6358 0.1061 
     D237218  3 0.0613 0.3445 0.1082 0.4859 
     D237219  3 0.2873 0.0617 0.5302 0.1208 
     D237382  3 0.4181 0.2567 0.2285 0.0966 
     D244127  3 0.0487 0.0577 0.7688 0.1249 
     D244129  3 0.1004 0.4360 0.2980 0.1656 
     D244133  3 0.4319 0.1196 0.2011 0.2474 
     D244134  3 0.3065 0.0923 0.2007 0.4004 
     D244135  3 0.0432 0.1040 0.7546 0.0982 
     D244136  3 0.5612 0.2122 0.1063 0.1202 
        D416  3 0.0729 0.3452 0.2299 0.3521 
        D417  3 0.0471 0.7913 0.1248 0.0367 
        D419  3 0.2044 0.2543 0.2856 0.2556 
        D565  3 0.8615 0.0711 0.0319 0.0356 
        D566  3 0.4430 0.0807 0.0794 0.3970 
        D567  3 0.0595 0.7659 0.1313 0.0432 
        D568  3 0.0336 0.4217 0.3025 0.2422 
        D569  3 0.1176 0.2950 0.2063 0.3810 
        D573  3 0.0326 0.2761 0.0536 0.6378 
        D574  3 0.7196 0.0867 0.1095 0.0843 
        D575  3 0.3738 0.1856 0.2916 0.1490 
        D576  3 0.0837 0.0165 0.0459 0.8539 
        D577  3 0.1204 0.6862 0.1336 0.0598 
        D578  3 0.0201 0.0327 0.9062 0.0409 
        D579  3 0.2757 0.3790 0.1091 0.2362 
        D660  3 0.0684 0.0639 0.2435 0.6243 
        D661  3 0.0350 0.1020 0.0697 0.7933 
        D663  3 0.0606 0.0936 0.0367 0.8091 
        D664  3 0.4238 0.0375 0.3695 0.1692 
        D665  3 0.0523 0.0855 0.6546 0.2076 
        D666  3 0.4586 0.1852 0.2779 0.0783 
        D009  4 0.0596 0.3853 0.4879 0.0673 
        D057  4 0.0537 0.1557 0.2585 0.5321 
        D109  4 0.1116 0.0720 0.7814 0.0349 
     D237222  4 0.1599 0.0614 0.7091 0.0696 
     D237223  4 0.1956 0.1184 0.5479 0.1381 
     D237224  4 0.0666 0.4087 0.0639 0.4608 
     D237225  4 0.1108 0.3508 0.4112 0.1272 
     D237299  4 0.0639 0.1289 0.6381 0.1691 
     D237300  4 0.0793 0.0281 0.0395 0.8532 
     D237306  4 0.6920 0.1272 0.1210 0.0598 
     D237307  4 0.4716 0.2741 0.1133 0.1410 
     D237308  4 0.1316 0.1044 0.1481 0.6159 
     D237309  4 0.0753 0.4833 0.3324 0.1090 
     D237317  4 0.6873 0.1760 0.0758 0.0609 
     D237318  4 0.0444 0.0324 0.0352 0.8880 
     D237319  4 0.1304 0.1951 0.5230 0.1515 
     D237320  4 0.0987 0.2147 0.3658 0.3208 
     D237321  4 0.1100 0.0898 0.0947 0.7056 
     D237397  4 0.3117 0.1233 0.2388 0.3262 
     D237398  4 0.0277 0.2241 0.0973 0.6508 
     D237399  4 0.2802 0.3329 0.1558 0.2312 
     D244001  4 0.0794 0.0891 0.7062 0.1252 
        D289  4 0.2622 0.4438 0.0753 0.2187 
        D290  4 0.2871 0.2610 0.1638 0.2881 
        D294  4 0.1800 0.4662 0.0881 0.2656 
        D295  4 0.1798 0.5534 0.1828 0.0840 
        D301  4 0.0742 0.0327 0.7562 0.1369 
        D302  4 0.0595 0.8554 0.0446 0.0406 
        D303  4 0.7568 0.0827 0.0841 0.0764 
        D304  4 0.4109 0.1964 0.0839 0.3089 
        D305  4 0.0351 0.2849 0.2173 0.4628 
        D306  4 0.4650 0.2747 0.1518 0.1086 
        D307  4 0.0869 0.0315 0.8110 0.0706 
        D327  4 0.1521 0.6759 0.0709 0.1010 
        D328  4 0.7414 0.1072 0.0848 0.0666 
        D329  4 0.1180 0.2428 0.1701 0.4691 
        D330  4 0.0562 0.6105 0.2663 0.0670 
        D331  4 0.3037 0.2265 0.2163 0.2535 
        D333  4 0.3811 0.1662 0.2009 0.2517 
        D334  4 0.7057 0.1622 0.0857 0.0464 
        D335  4 0.1133 0.7416 0.0651 0.0799 
        D370  4 0.6009 0.1156 0.2078 0.0757 
        D371  4 0.8359 0.0843 0.0341 0.0457 
        D372  4 0.0584 0.0324 0.0394 0.8698 
        D373  4 0.0460 0.0529 0.7481 0.1530 
        D455  4 0.0434 0.0567 0.8393 0.0606 
        D490  4 0.0391 0.0265 0.9108 0.0236 
        D497  4 0.0531 0.0433 0.8693 0.0344 
        D498  4 0.4598 0.1056 0.2407 0.1938 
        D499  4 0.2531 0.1497 0.0653 0.5319 
        D514  4 0.0814 0.7246 0.1143 0.0797 
        D515  4 0.1209 0.2045 0.5895 0.0851 
        D516  4 0.2547 0.2281 0.3332 0.1840 
        D517  4 0.0408 0.0683 0.7566 0.1343 
        D518  4 0.2232 0.2817 0.3064 0.1887 
        D519  4 0.0473 0.1934 0.5665 0.1928 
        D560  4 0.0516 0.2441 0.4394 0.2649 
        D561  4 0.0229 0.4690 0.4401 0.0680 
        D562  4 0.2376 0.2685 0.2678 0.2261 
        D563  4 0.0388 0.2229 0.1169 0.6214 
        D572  4 0.1082 0.6728 0.1100 0.1090 
        D629  4 0.1193 0.5519 0.2480 0.0807 
        D630  4 0.2281 0.4199 0.2106 0.1415 
        D631  4 0.1338 0.2507 0.1179 0.4977 
        D632  4 0.0556 0.1416 0.5866 0.2162 
        D646  4 0.0610 0.4184 0.3768 0.1438 
        D647  4 0.0427 0.6260 0.2241 0.1072 
        D648  4 0.7740 0.0900 0.0638 0.0722 
        D649  4 0.0507 0.6420 0.2645 0.0427 
        D650  4 0.3121 0.3153 0.2463 0.1263 
        D708  4 0.6298 0.1533 0.0995 0.1174 
        D709  4 0.4580 0.2108 0.2177 0.1135 
        D738  4 0.5779 0.1519 0.2250 0.0452 
        D739  4 0.1705 0.1568 0.5162 0.1565 
        D740  4 0.2046 0.1011 0.3085 0.3858 
        D741  4 0.0428 0.3684 0.3495 0.2393 
        D742  4 0.1606 0.1115 0.0878 0.6401 
        D743  4 0.0604 0.7905 0.0446 0.1045 
        D744  4 0.0458 0.7226 0.0687 0.1628 
        D745  4 0.0716 0.1319 0.7288 0.0678 
        D814  4 0.0440 0.1400 0.1260 0.6900 
        D815  4 0.1659 0.6509 0.0890 0.0943 
        D828  4 0.6567 0.0338 0.0747 0.2348 
        D845  4 0.0786 0.0390 0.0261 0.8563 
        D846  4 0.0387 0.4159 0.1772 0.3682 
        D847  4 0.1936 0.3180 0.2784 0.2100 
        D848  4 0.0351 0.0348 0.6702 0.2598 
        D849  4 0.0567 0.1179 0.7306 0.0948 
        D850  4 0.1948 0.3439 0.2808 0.1804 
        D856  4 0.1447 0.2713 0.5022 0.0818 
        D857  4 0.0684 0.0188 0.8577 0.0551 
        D859  4 0.1311 0.5063 0.0879 0.2747 
        D860  4 0.4169 0.2273 0.0445 0.3113 
        D883  4 0.3193 0.3106 0.2826 0.0874 
        D884  4 0.3663 0.2040 0.3708 0.0589 
        D885  4 0.0685 0.2731 0.2201 0.4383 
        D886  4 0.0971 0.2926 0.4960 0.1143 
        D887  4 0.1727 0.2402 0.1445 0.4425 
        D889  4 0.1525 0.1904 0.0503 0.6068 
        D890  4 0.6305 0.1331 0.1318 0.1046 
        D891  4 0.0199 0.0241 0.0171 0.9389 
        D899  4 0.2398 0.0963 0.0486 0.6153 
        D900  4 0.1758 0.4595 0.1966 0.1681 
        D970  4 0.1478 0.5116 0.1383 0.2023 
        D971  4 0.1097 0.2060 0.1033 0.5810 
        D979  4 0.1182 0.7472 0.0406 0.0939 
        D093  5 0.7339 0.0783 0.0779 0.1100 
        D154  5 0.1767 0.0889 0.0922 0.6423 
        D168  5 0.0701 0.1706 0.2910 0.4683 
        D189  5 0.5725 0.0748 0.0644 0.2884 
        D190  5 0.8043 0.0740 0.0425 0.0791 
     D237220  5 0.1438 0.1416 0.5165 0.1981 
     D237221  5 0.4485 0.1865 0.0686 0.2963 
     D237274  5 0.0343 0.8897 0.0475 0.0285 
     D237275  5 0.0607 0.0284 0.0470 0.8639 
     D237276  5 0.4907 0.1718 0.2447 0.0928 
     D237277  5 0.6056 0.0909 0.0532 0.2503 
     D237278  5 0.2099 0.0724 0.1549 0.5629 
     D237279  5 0.0302 0.2185 0.6955 0.0559 
     D237280  5 0.1354 0.2923 0.4991 0.0731 
     D237281  5 0.0359 0.0806 0.0295 0.8541 
     D237351  5 0.1665 0.0560 0.7147 0.0628 
     D237352  5 0.1570 0.2715 0.4527 0.1189 
     D237353  5 0.8794 0.0437 0.0345 0.0424 
     D237359  5 0.1175 0.1909 0.3761 0.3155 
     D237361  5 0.8918 0.0379 0.0290 0.0413 
     D237362  5 0.4413 0.2856 0.1179 0.1553 
     D237363  5 0.1517 0.1831 0.2904 0.3748 
     D237364  5 0.0505 0.2887 0.2258 0.4351 
     D237376  5 0.8286 0.0280 0.0379 0.1055 
     D237377  5 0.1330 0.5246 0.2715 0.0709 
     D237378  5 0.7696 0.0395 0.0523 0.1387 
     D237379  5 0.6774 0.0849 0.1051 0.1326 
     D237380  5 0.1800 0.0844 0.7050 0.0306 
     D237381  5 0.1746 0.1263 0.6045 0.0946 
     D237391  5 0.7269 0.1238 0.0730 0.0763 
     D237392  5 0.0891 0.6594 0.1174 0.1341 
     D237393  5 0.2994 0.4746 0.1243 0.1018 
     D237394  5 0.8772 0.0645 0.0322 0.0261 
     D237395  5 0.5635 0.0743 0.2036 0.1585 
     D237396  5 0.1052 0.6677 0.1375 0.0896 
     D244016  5 0.4529 0.2077 0.0833 0.2561 
     D244018  5 0.2119 0.0782 0.1686 0.5412 
     D244019  5 0.2131 0.4633 0.0733 0.2503 
        D279  5 0.1028 0.1157 0.1653 0.6161 
        D280  5 0.4027 0.2813 0.1234 0.1927 
        D281  5 0.1077 0.0692 0.0365 0.7865 
        D283  5 0.5878 0.2396 0.0583 0.1143 
        D284  5 0.1164 0.1381 0.5600 0.1855 
        D285  5 0.5673 0.1945 0.0850 0.1532 
        D286  5 0.4830 0.2408 0.1277 0.1485 
        D287  5 0.8003 0.0377 0.1031 0.0590 
        D288  5 0.4012 0.2263 0.0821 0.2904 
        D308  5 0.0458 0.1197 0.8107 0.0238 
        D309  5 0.0321 0.8782 0.0575 0.0323 
        D310  5 0.8939 0.0278 0.0263 0.0520 
        D311  5 0.5177 0.2775 0.0765 0.1283 
        D312  5 0.5847 0.2097 0.1076 0.0980 
        D313  5 0.0256 0.0167 0.9386 0.0192 
        D314  5 0.2562 0.0714 0.2453 0.4271 
        D315  5 0.4980 0.2886 0.1283 0.0850 
        D317  5 0.8722 0.0473 0.0337 0.0467 
        D318  5 0.2031 0.3709 0.2244 0.2017 
        D319  5 0.8558 0.0318 0.0407 0.0717 
        D320  5 0.8061 0.0736 0.0669 0.0533 
        D321  5 0.0685 0.1082 0.7406 0.0827 
        D336  5 0.8836 0.0499 0.0384 0.0282 
        D337  5 0.9102 0.0232 0.0178 0.0487 
        D338  5 0.1874 0.2628 0.2662 0.2837 
        D339  5 0.7169 0.0494 0.0694 0.1643 
        D347  5 0.3366 0.3977 0.0603 0.2054 
        D348  5 0.8619 0.0615 0.0260 0.0506 
        D349  5 0.1193 0.0441 0.7887 0.0479 
        D350  5 0.0569 0.8075 0.0524 0.0832 
        D355  5 0.0762 0.3892 0.0405 0.4940 
        D356  5 0.5176 0.2909 0.1222 0.0692 
        D357  5 0.4919 0.1772 0.1631 0.1677 
        D358  5 0.5497 0.2237 0.1232 0.1034 
        D359  5 0.5104 0.4009 0.0549 0.0338 
        D360  5 0.6382 0.1811 0.1254 0.0553 
        D361  5 0.0380 0.0402 0.8952 0.0265 
        D366  5 0.0496 0.5603 0.1180 0.2721 
        D367  5 0.7779 0.0473 0.0849 0.0899 
        D368  5 0.3915 0.1669 0.3529 0.0887 
        D380  5 0.0776 0.6761 0.1444 0.1019 
        D381  5 0.6422 0.1356 0.0818 0.1403 
        D400  5 0.4308 0.1542 0.0715 0.3435 
        D411  5 0.0259 0.0303 0.9117 0.0322 
        D412  5 0.2109 0.1683 0.2223 0.3985 
        D413  5 0.0554 0.1075 0.0642 0.7730 
        D414  5 0.0747 0.3146 0.0727 0.5380 
        D420  5 0.2255 0.1020 0.4273 0.2453 
        D431  5 0.4406 0.0414 0.1518 0.3663 
        D432  5 0.6213 0.0918 0.1380 0.1489 
        D433  5 0.7021 0.0805 0.0603 0.1571 
        D434  5 0.7128 0.1247 0.0987 0.0638 
        D440  5 0.0551 0.7839 0.0867 0.0742 
        D447  5 0.0447 0.7546 0.1382 0.0626 
        D448  5 0.8148 0.0707 0.0294 0.0852 
        D459  5 0.0528 0.1240 0.0242 0.7990 
        D460  5 0.0738 0.1542 0.7313 0.0408 
        D461  5 0.0615 0.8780 0.0276 0.0330 
        D468  5 0.5930 0.1977 0.1311 0.0782 
        D469  5 0.1908 0.5571 0.1841 0.0680 
        D470  5 0.3664 0.1371 0.3901 0.1063 
        D471  5 0.7407 0.0785 0.0291 0.1517 
        D472  5 0.0287 0.7975 0.0310 0.1429 
        D479  5 0.0725 0.0653 0.0361 0.8261 
        D485  5 0.5439 0.1635 0.1271 0.1655 
        D486  5 0.4945 0.1661 0.2783 0.0611 
        D487  5 0.2802 0.0655 0.0691 0.5852 
        D555  5 0.8614 0.0389 0.0308 0.0689 
        D556  5 0.4959 0.0983 0.1008 0.3050 
        D557  5 0.8389 0.0728 0.0282 0.0601 
        D564  5 0.4752 0.2608 0.1755 0.0885 
        D594  5 0.3615 0.3983 0.1334 0.1067 
        D595  5 0.4403 0.2953 0.1125 0.1520 
        D596  5 0.8895 0.0312 0.0332 0.0461 
        D597  5 0.3601 0.2426 0.0509 0.3464 
        D598  5 0.4826 0.1602 0.2158 0.1414 
        D617  5 0.0448 0.0423 0.7140 0.1989 
        D618  5 0.5342 0.1499 0.0822 0.2337 
        D619  5 0.2561 0.3884 0.2914 0.0640 
        D620  5 0.0281 0.0606 0.0224 0.8888 
        D628  5 0.2768 0.3134 0.2426 0.1672 
        D714  5 0.6010 0.0503 0.0574 0.2914 
        D715  5 0.6038 0.1804 0.0409 0.1750 
        D716  5 0.4198 0.2157 0.0736 0.2910 
        D717  5 0.2159 0.5260 0.1559 0.1022 
        D718  5 0.4338 0.0336 0.3791 0.1535 
        D769  5 0.0586 0.0646 0.6915 0.1853 
        D770  5 0.3591 0.0888 0.0635 0.4887 
        D771  5 0.2210 0.0988 0.1755 0.5047 
        D772  5 0.6271 0.1774 0.0770 0.1185 
        D782  5 0.0526 0.1945 0.5020 0.2509 
        D783  5 0.1846 0.1332 0.0725 0.6097 
        D784  5 0.1131 0.7308 0.0640 0.0920 
        D785  5 0.8230 0.0672 0.0672 0.0426 
        D786  5 0.0639 0.2673 0.6066 0.0622 
        D821  5 0.9156 0.0323 0.0197 0.0324 
        D822  5 0.2500 0.5645 0.0812 0.1043 
        D826  5 0.3960 0.1013 0.0713 0.4314 
        D827  5 0.1071 0.7146 0.0879 0.0904 
        D851  5 0.2351 0.3876 0.2190 0.1583 
        D852  5 0.2558 0.0899 0.1151 0.5392 
        D853  5 0.5386 0.1767 0.1262 0.1584 
        D854  5 0.1012 0.3305 0.1611 0.4072 
        D861  5 0.2645 0.1621 0.1844 0.3890 
        D862  5 0.5577 0.3197 0.0741 0.0485 
        D865  5 0.8115 0.0412 0.0488 0.0985 
        D868  5 0.1100 0.7295 0.0862 0.0744 
        D869  5 0.0526 0.0457 0.8585 0.0432 
        D870  5 0.0269 0.4032 0.4522 0.1177 
        D907  5 0.7832 0.0565 0.0930 0.0673 
        D908  5 0.3471 0.0464 0.0728 0.5337 
        D910  5 0.5364 0.0951 0.0444 0.3241 
        D911  5 0.0607 0.2608 0.0422 0.6363 
        D934  5 0.2275 0.1622 0.0635 0.5468 
        D946  5 0.2670 0.0709 0.1555 0.5066 
        D947  5 0.1600 0.5177 0.1315 0.1909 
        D948  5 0.1366 0.0697 0.7546 0.0391 
        D949  5 0.1041 0.0574 0.8032 0.0353 
        D950  5 0.0619 0.2124 0.0350 0.6907 
        D951  5 0.1617 0.6729 0.1154 0.0500 
        D952  5 0.2106 0.6414 0.0655 0.0825 
        D953  5 0.7107 0.1303 0.0779 0.0811 
        D954  5 0.3360 0.5401 0.0675 0.0564 
        D961  5 0.6483 0.0591 0.1386 0.1540 
        D962  5 0.8031 0.1277 0.0403 0.0289 
        D963  5 0.4067 0.4140 0.0514 0.1279 
        D964  5 0.2092 0.1774 0.3182 0.2952 
        D965  5 0.3535 0.2736 0.1221 0.2509 
        D966  5 0.4475 0.2528 0.0685 0.2312 
        D967  5 0.3057 0.1322 0.2028 0.3593 
        D991  5 0.3242 0.2242 0.3643 0.0873 
        D502  6 0.0765 0.1337 0.3589 0.4310 
        D503  6 0.0642 0.0646 0.3382 0.5330 
        D504  6 0.1619 0.5654 0.1307 0.1420 
        D505  6 0.3795 0.2126 0.1534 0.2545 
        D506  6 0.9082 0.0359 0.0305 0.0255 
        D507  6 0.0957 0.1470 0.2905 0.4669 
        D508  6 0.1037 0.5466 0.1014 0.2484 
        D529  6 0.2760 0.2030 0.3668 0.1543 
        D530  6 0.7152 0.0434 0.1404 0.1011 
        D531  6 0.3024 0.3991 0.1493 0.1492 
        D532  6 0.5584 0.2735 0.0723 0.0959 
        D534  6 0.0328 0.1005 0.8134 0.0533 
        D535  6 0.6282 0.2119 0.1089 0.0510 
        D536  6 0.0370 0.0459 0.1136 0.8035 
        D554  6 0.7277 0.0746 0.1310 0.0667 
        D587  6 0.7743 0.1076 0.0539 0.0642 
        D588  6 0.4719 0.3519 0.0870 0.0892 
        D589  6 0.1727 0.0761 0.1477 0.6036 
        D590  6 0.0672 0.0579 0.1042 0.7707 
        D591  6 0.2226 0.2096 0.2165 0.3513 
        D592  6 0.0655 0.0627 0.7985 0.0734 
        D593  6 0.8001 0.0344 0.0853 0.0802 
        D682  6 0.8337 0.0501 0.0612 0.0550 
        D683  6 0.2440 0.5881 0.1145 0.0534 
        D684  6 0.0259 0.1245 0.4272 0.4224 
        D685  6 0.1505 0.0614 0.3135 0.4747 
        D686  6 0.8347 0.0724 0.0467 0.0462 
        D724  6 0.0685 0.5183 0.2159 0.1973 
        D725  6 0.4663 0.0970 0.1405 0.2962 
        D726  6 0.8689 0.0586 0.0410 0.0314 
        D727  6 0.1701 0.2984 0.1476 0.3839 
        D728  6 0.8119 0.0697 0.0754 0.0430 
        D729  6 0.0394 0.2550 0.5542 0.1513 
        D730  6 0.0788 0.2281 0.3845 0.3087 
        D731  6 0.6490 0.0250 0.0297 0.2962 
        D732  6 0.1441 0.6000 0.1236 0.1323 
        D733  6 0.2431 0.3092 0.2572 0.1906 
     D237251  7 0.1729 0.0641 0.0818 0.6812 
     D237252  7 0.0590 0.0965 0.4865 0.3580 
     D237253  7 0.2111 0.1207 0.1142 0.5540 
     D237254  7 0.0269 0.0621 0.8685 0.0425 
     D237255  7 0.0903 0.0700 0.0469 0.7928 
     D237256  7 0.0984 0.1891 0.0555 0.6570 
     D237257  7 0.0968 0.1772 0.5756 0.1504 
     D237282  7 0.0354 0.7714 0.1058 0.0873 
     D237283  7 0.0366 0.0253 0.8900 0.0482 
     D237284  7 0.0348 0.0868 0.8316 0.0467 
     D237285  7 0.5471 0.1175 0.1222 0.2132 
     D237286  7 0.2786 0.4159 0.1288 0.1766 
     D237287  7 0.0894 0.2367 0.1171 0.5568 
     D244006  7 0.0266 0.0572 0.8793 0.0369 
     D244007  7 0.0753 0.2764 0.1794 0.4689 
     D244008  7 0.0878 0.0387 0.8329 0.0406 
     D244009  7 0.1540 0.1831 0.5946 0.0683 
     D244010  7 0.1269 0.1684 0.5020 0.2027 
     D244011  7 0.3287 0.1189 0.1913 0.3611 
     D244012  7 0.0945 0.2673 0.2658 0.3724 
     D244013  7 0.2110 0.1936 0.0862 0.5093 
     D244014  7 0.0977 0.0962 0.4299 0.3763 
     D244015  7 0.0672 0.3106 0.5079 0.1143 
     D244125  7 0.3427 0.2347 0.0727 0.3499 
     D244126  7 0.0183 0.0320 0.9228 0.0269 
     D244130  7 0.1779 0.1798 0.4435 0.1988 
     D244131  7 0.2791 0.4153 0.1913 0.1143 
     D244132  7 0.4557 0.4043 0.0735 0.0665 
        D520  7 0.3548 0.1086 0.4706 0.0661 
        D521  7 0.2335 0.3020 0.2816 0.1829 
        D522  7 0.0787 0.2940 0.5590 0.0683 
        D523  7 0.0812 0.0711 0.0701 0.7776 
        D524  7 0.2718 0.1331 0.1552 0.4399 
        D525  7 0.0532 0.0641 0.5882 0.2945 
        D526  7 0.0263 0.0772 0.8550 0.0415 
        D527  7 0.1204 0.5008 0.1892 0.1895 
        D528  7 0.0239 0.2913 0.6674 0.0175 
        D558  7 0.0583 0.5903 0.1715 0.1798 
        D559  7 0.0288 0.6151 0.1376 0.2185 
        D640  7 0.4275 0.1931 0.1155 0.2639 
        D641  7 0.4526 0.0499 0.2513 0.2462 
        D642  7 0.0900 0.0970 0.6036 0.2093 
        D644  7 0.4692 0.1215 0.2565 0.1528 
        D645  7 0.2303 0.1678 0.1921 0.4098 
        D662  7 0.1879 0.2397 0.5403 0.0321 
        D687  7 0.1265 0.2747 0.1546 0.4442 
        D688  7 0.0634 0.5510 0.2264 0.1592 
        D689  7 0.4359 0.2181 0.1242 0.2218 
        D700  7 0.0208 0.3239 0.6280 0.0273 
        D797  7 0.2866 0.2751 0.1908 0.2476 
        D798  7 0.0589 0.1765 0.7220 0.0426 
        D799  7 0.0622 0.0965 0.1890 0.6523 
        D800  7 0.0465 0.6673 0.1140 0.1722 
        D132  8 0.0523 0.0604 0.8511 0.0362 
        D133  8 0.0237 0.0240 0.0747 0.8776 
        D200  8 0.2488 0.1856 0.1277 0.4379 
        D500  8 0.0453 0.0304 0.9081 0.0162 
        D614  8 0.6253 0.1314 0.1736 0.0697 
        D723  8 0.0984 0.4568 0.2990 0.1457 
        D888  8 0.0560 0.0850 0.0358 0.8232 
        D901  8 0.1777 0.0689 0.5571 0.1964 
        D902  8 0.7800 0.0606 0.0966 0.0628 
        D903  8 0.1855 0.6610 0.0505 0.1030 
        D904  8 0.1423 0.5149 0.2108 0.1320 
        D905  8 0.1688 0.0215 0.0353 0.7744 
        D906  8 0.0568 0.1873 0.1212 0.6347 
        D937  8 0.8975 0.0175 0.0430 0.0420 
        D943  8 0.0817 0.2248 0.4631 0.2304 
        D972  8 0.1242 0.3214 0.4634 0.0910 
        D973  8 0.1046 0.6665 0.1944 0.0345 
        D974  8 0.3537 0.1778 0.2830 0.1854 
        D975  8 0.3951 0.1659 0.1337 0.3053 
        D976  8 0.2857 0.0952 0.3357 0.2834 
        D201  9 0.0896 0.1842 0.1547 0.5714 
        D202  9 0.1734 0.0516 0.2050 0.5700 
     D237259  9 0.0314 0.4889 0.3654 0.1143 
     D237260  9 0.0779 0.0315 0.2922 0.5984 
     D237262  9 0.0315 0.0399 0.8941 0.0345 
     D237263  9 0.0552 0.1386 0.5167 0.2896 
     D237264  9 0.2517 0.1651 0.3685 0.2147 
     D237265  9 0.0682 0.0314 0.1174 0.7830 
     D237266  9 0.0421 0.0686 0.2652 0.6242 
     D237267  9 0.4286 0.1074 0.3350 0.1289 
     D237268  9 0.1729 0.1550 0.5951 0.0770 
     D237289  9 0.3541 0.0392 0.0968 0.5099 
     D237290  9 0.0366 0.0318 0.0630 0.8686 
     D237291  9 0.0834 0.0510 0.0933 0.7722 
     D237292  9 0.0486 0.0391 0.3213 0.5910 
     D237293  9 0.3299 0.1781 0.3566 0.1354 
     D237294  9 0.0995 0.0323 0.5990 0.2692 
     D237295  9 0.3186 0.3862 0.2406 0.0545 
     D237296  9 0.2709 0.1434 0.2777 0.3081 
     D237297  9 0.6689 0.1176 0.0776 0.1359 
     D237298  9 0.0856 0.3723 0.2399 0.3022 
     D237341  9 0.1185 0.2230 0.1434 0.5151 
     D237342  9 0.1293 0.0935 0.6710 0.1062 
     D237343  9 0.0521 0.1245 0.4656 0.3578 
     D237344  9 0.6568 0.0621 0.1081 0.1729 
     D237345  9 0.0213 0.0733 0.8459 0.0595 
     D237346  9 0.2438 0.0541 0.1407 0.5614 
     D237347  9 0.5281 0.1310 0.0901 0.2508 
     D237348  9 0.2727 0.1327 0.3836 0.2111 
     D237349  9 0.0302 0.4172 0.2584 0.2942 
     D244109  9 0.0206 0.1475 0.1863 0.6456 
     D244110  9 0.0444 0.0927 0.1264 0.7365 
     D244111  9 0.1528 0.2842 0.2291 0.3340 
     D244128  9 0.0463 0.0633 0.8064 0.0841 
     D244137  9 0.0775 0.6860 0.1721 0.0644 
     D244138  9 0.2498 0.0802 0.1939 0.4762 
        D580  9 0.1149 0.1924 0.6524 0.0402 
        D581  9 0.0331 0.0267 0.0612 0.8790 
        D582  9 0.0335 0.0354 0.9027 0.0283 
        D583  9 0.0331 0.0326 0.1215 0.8128 
        D584  9 0.5795 0.0451 0.2839 0.0915 
        D585  9 0.0322 0.0614 0.6477 0.2587 
        D586  9 0.0891 0.0406 0.0439 0.8264 
        D651  9 0.2468 0.4676 0.1305 0.1550 
        D652  9 0.0371 0.3981 0.4618 0.1030 
        D653  9 0.0961 0.4374 0.0900 0.3765 
        D654  9 0.0517 0.3925 0.1793 0.3765 
        D655  9 0.4343 0.1429 0.0768 0.3461 
        D656  9 0.0576 0.0707 0.8280 0.0437 
        D657  9 0.1510 0.1817 0.4250 0.2423 
        D667  9 0.6553 0.0750 0.0671 0.2026 
        D668  9 0.1691 0.0730 0.5251 0.2328 
        D669  9 0.0925 0.0912 0.1649 0.6514 
        D670  9 0.0921 0.6999 0.1172 0.0908 
        D671  9 0.0807 0.0729 0.1125 0.7340 
        D672  9 0.0619 0.0748 0.7191 0.1442 
        D673  9 0.3443 0.1599 0.3046 0.1912 
        D692  9 0.0511 0.0558 0.6347 0.2583 
        D693  9 0.4189 0.1704 0.2684 0.1423 
        D694  9 0.0770 0.0485 0.7732 0.1013 
        D695  9 0.1018 0.2596 0.5566 0.0820 
        D696  9 0.9312 0.0261 0.0179 0.0248 
        D697  9 0.5679 0.1135 0.1244 0.1941 
        D698  9 0.3926 0.0447 0.1056 0.4572 
        D699  9 0.7030 0.0338 0.1196 0.1437 
        D787  9 0.0550 0.4406 0.3340 0.1704 
        D788  9 0.7376 0.0784 0.1303 0.0537 
        D789  9 0.4123 0.0628 0.3336 0.1913 
        D790  9 0.1309 0.2526 0.3521 0.2644 
        D791  9 0.1920 0.0608 0.0922 0.6550 
        D792  9 0.0654 0.4353 0.2495 0.2498 
        D793  9 0.6638 0.1785 0.0662 0.0914 
        D794  9 0.4458 0.2998 0.0979 0.1565 
        D795  9 0.1257 0.0322 0.7490 0.0931 
        D796  9 0.1950 0.0677 0.1377 0.5997 
        D142 10 0.5935 0.1925 0.0705 0.1435 
        D143 10 0.1194 0.0579 0.0546 0.7681 
        D144 10 0.3739 0.2470 0.2626 0.1165 
        D145 10 0.0525 0.0678 0.0783 0.8013 
        D146 10 0.1450 0.1258 0.6707 0.0584 
        D147 10 0.1116 0.3108 0.4494 0.1282 
        D148 10 0.1040 0.4792 0.2900 0.1268 
        D149 10 0.0405 0.0898 0.0667 0.8031 
        D151 10 0.0786 0.2881 0.4184 0.2149 
        D152 10 0.0236 0.0241 0.0260 0.9263 
        D153 10 0.3356 0.4903 0.1179 0.0562 
        D156 10 0.0624 0.7712 0.0425 0.1240 
        D157 10 0.6307 0.0762 0.2060 0.0872 
        D158 10 0.3538 0.0634 0.1959 0.3869 
        D159 10 0.0364 0.0401 0.0278 0.8958 
        D160 10 0.2555 0.0200 0.0499 0.6746 
        D161 10 0.2819 0.3769 0.1705 0.1707 
        D162 10 0.1231 0.6171 0.0317 0.2281 
        D169 10 0.0352 0.0508 0.8383 0.0757 
        D170 10 0.1267 0.1160 0.6899 0.0674 
        D171 10 0.6260 0.1607 0.1471 0.0662 
        D172 10 0.1194 0.4529 0.1792 0.2485 
        D173 10 0.0194 0.0689 0.0545 0.8571 
        D181 10 0.5810 0.2156 0.0607 0.1426 
        D182 10 0.0560 0.2101 0.1939 0.5401 
        D183 10 0.8332 0.0630 0.0599 0.0439 
        D184 10 0.0236 0.0808 0.8769 0.0187 
        D185 10 0.1445 0.5978 0.1657 0.0921 
        D186 10 0.0350 0.0441 0.8146 0.1063 
        D194 10 0.1692 0.1868 0.5448 0.0992 
        D195 10 0.3191 0.2098 0.0665 0.4045 
        D196 10 0.1323 0.5024 0.0415 0.3238 
        D197 10 0.0698 0.0309 0.7187 0.1806 
        D198 10 0.3231 0.3448 0.2809 0.0512 
     D237226 10 0.0518 0.0962 0.2758 0.5763 
     D237232 10 0.4175 0.0636 0.1465 0.3724 
     D237233 10 0.1773 0.0472 0.0852 0.6904 
     D237234 10 0.4542 0.1863 0.1305 0.2290 
     D237354 10 0.0270 0.0320 0.0204 0.9206 
     D237355 10 0.1153 0.0569 0.0885 0.7393 
     D237356 10 0.5959 0.2004 0.1718 0.0320 
     D237357 10 0.0963 0.1080 0.3749 0.4208 
     D237358 10 0.0793 0.3236 0.4659 0.1312 
     D237369 10 0.0285 0.1334 0.7687 0.0693 
     D237370 10 0.8122 0.0329 0.0552 0.0997 
     D237371 10 0.0750 0.6869 0.1660 0.0721 
     D237372 10 0.0508 0.0940 0.4370 0.4183 
     D237373 10 0.4262 0.0926 0.0575 0.4237 
     D237374 10 0.1443 0.0415 0.0313 0.7829 
     D237375 10 0.1205 0.3184 0.2332 0.3279 
     D237400 10 0.0253 0.0317 0.0285 0.9145 
     D244002 10 0.0389 0.3167 0.5465 0.0979 
     D244003 10 0.3524 0.0189 0.0839 0.5448 
     D244004 10 0.9235 0.0162 0.0353 0.0249 
     D244005 10 0.0482 0.0672 0.3041 0.5805 
     D244020 10 0.4485 0.3012 0.1203 0.1300 
     D244021 10 0.0951 0.1318 0.4448 0.3283 
     D244116 10 0.1579 0.1681 0.5329 0.1410 
     D244117 10 0.4208 0.0661 0.0750 0.4381 
     D244121 10 0.6326 0.0477 0.1324 0.1874 
     D244123 10 0.4999 0.0848 0.0886 0.3267 
     D244124 10 0.1592 0.0426 0.3871 0.4111 
        D332 10 0.0971 0.7889 0.0545 0.0595 
        D570 10 0.7606 0.1293 0.0569 0.0532 
        D602 10 0.0517 0.8404 0.0462 0.0616 
        D603 10 0.4256 0.1100 0.1855 0.2789 
        D604 10 0.1317 0.4414 0.0801 0.3469 
        D605 10 0.1090 0.5695 0.1647 0.1568 
        D606 10 0.2520 0.0422 0.6611 0.0447 
        D607 10 0.0321 0.8906 0.0384 0.0389 
        D608 10 0.0203 0.0567 0.0190 0.9041 
        D609 10 0.6694 0.1918 0.0969 0.0419 
        D610 10 0.4754 0.2389 0.1297 0.1559 
        D611 10 0.9331 0.0264 0.0184 0.0222 
        D613 10 0.3015 0.5012 0.0659 0.1314 
        D633 10 0.0390 0.7528 0.0811 0.1272 
        D634 10 0.6414 0.0960 0.1442 0.1184 
        D638 10 0.0470 0.0283 0.0341 0.8905 
        D681 10 0.4650 0.1248 0.2573 0.1528 
        D754 10 0.3853 0.0475 0.4439 0.1234 
        D755 10 0.3369 0.0224 0.0413 0.5994 
        D756 10 0.6691 0.0531 0.1599 0.1180 
        D757 10 0.0875 0.1779 0.2966 0.4379 
        D758 10 0.2481 0.2483 0.2531 0.2504 
        D759 10 0.3282 0.0588 0.1065 0.5065 
        D760 10 0.4108 0.1457 0.1181 0.3254 
        D761 10 0.0611 0.0211 0.0219 0.8959 
        D762 10 0.0889 0.7395 0.0904 0.0812 
        D775 10 0.6883 0.0279 0.0937 0.1901 
        D776 10 0.0733 0.0326 0.0365 0.8577 
        D777 10 0.4263 0.0589 0.2200 0.2948 
        D778 10 0.0429 0.0379 0.2543 0.6649 
        D779 10 0.4982 0.0735 0.2615 0.1668 
        D780 10 0.1491 0.2305 0.0791 0.5413 
        D781 10 0.1034 0.6450 0.0894 0.1622 
        D858 10 0.0207 0.0287 0.8984 0.0523 
        D933 10 0.3002 0.3245 0.1192 0.2562 
        D038 11 0.1126 0.1780 0.1996 0.5098 
        D063 11 0.3585 0.0867 0.0843 0.4705 
        D155 11 0.4116 0.1511 0.1155 0.3218 
        D175 11 0.5772 0.0647 0.2797 0.0784 
        D176 11 0.1577 0.0349 0.0641 0.7433 
        D205 11 0.7741 0.0444 0.1580 0.0235 
     D237229 11 0.0443 0.2914 0.2374 0.4269 
     D237230 11 0.0396 0.5543 0.2670 0.1391 
     D237231 11 0.0549 0.8233 0.0473 0.0744 
     D237269 11 0.1158 0.4000 0.1446 0.3396 
     D237270 11 0.0504 0.1515 0.7193 0.0787 
     D237271 11 0.5291 0.2555 0.1092 0.1061 
     D237272 11 0.0597 0.4532 0.3631 0.1240 
     D237273 11 0.5366 0.0844 0.0830 0.2960 
     D237301 11 0.1393 0.7392 0.0551 0.0664 
     D237302 11 0.0898 0.1401 0.5507 0.2194 
     D237303 11 0.0292 0.1805 0.6057 0.1846 
     D237304 11 0.1678 0.4134 0.2516 0.1672 
     D237305 11 0.1103 0.0510 0.7163 0.1223 
     D237314 11 0.4087 0.1417 0.2104 0.2392 
     D237315 11 0.0672 0.1637 0.6229 0.1462 
     D237316 11 0.1108 0.8121 0.0451 0.0320 
     D237328 11 0.3053 0.3471 0.3080 0.0395 
     D237329 11 0.1421 0.1073 0.3621 0.3885 
     D237330 11 0.6415 0.0631 0.0591 0.2363 
     D237331 11 0.4245 0.2433 0.1013 0.2309 
     D237332 11 0.3312 0.3924 0.1565 0.1199 
     D237333 11 0.3240 0.0709 0.0306 0.5745 
     D237334 11 0.0971 0.7633 0.0700 0.0696 
     D237335 11 0.3869 0.3120 0.2265 0.0747 
     D237336 11 0.1516 0.1380 0.1606 0.5498 
     D237350 11 0.6350 0.1519 0.0647 0.1484 
     D237383 11 0.1943 0.0668 0.3785 0.3604 
     D237384 11 0.0800 0.6006 0.2443 0.0750 
     D237385 11 0.1997 0.2826 0.2725 0.2453 
     D237386 11 0.2094 0.5666 0.0950 0.1290 
     D237387 11 0.1423 0.5902 0.2160 0.0515 
     D237388 11 0.7702 0.1324 0.0397 0.0576 
        D239 11 0.4086 0.2080 0.0940 0.2894 
        D240 11 0.0433 0.0325 0.0739 0.8503 
        D241 11 0.0455 0.3799 0.4749 0.0997 
        D242 11 0.1060 0.6126 0.1017 0.1797 
        D243 11 0.5285 0.1243 0.1538 0.1934 
        D244 11 0.7423 0.0702 0.1366 0.0509 
