        D174  1 0.7567 0.0803 0.1630 
        D199  1 0.3842 0.4607 0.1551 
        D203  1 0.3370 0.4015 0.2616 
        D204  1 0.3949 0.2776 0.3274 
     D237366  1 0.1655 0.2304 0.6041 
     D237367  1 0.1649 0.1410 0.6941 
     D237368  1 0.2682 0.1699 0.5620 
     D244101  1 0.1898 0.6369 0.1734 
     D244102  1 0.4906 0.2413 0.2681 
     D244103  1 0.1767 0.0821 0.7412 
     D244104  1 0.4953 0.2002 0.3045 
     D244105  1 0.0759 0.0631 0.8610 
     D244106  1 0.6099 0.2369 0.1532 
     D244107  1 0.0953 0.1344 0.7702 
     D244108  1 0.8070 0.0931 0.0998 
     D244113  1 0.8099 0.1175 0.0726 
     D244114  1 0.2747 0.3329 0.3924 
     D244115  1 0.6567 0.0853 0.2580 
     D267365  1 0.6445 0.1855 0.1700 
        D404  1 0.7479 0.1447 0.1074 
        D405  1 0.5467 0.2408 0.2126 
        D406  1 0.2248 0.0539 0.7213 
        D407  1 0.1344 0.0811 0.7845 
        D408  1 0.6973 0.1906 0.1121 
        D409  1 0.1064 0.1135 0.7801 
        D410  1 0.5902 0.0305 0.3792 
        D421  1 0.3489 0.1779 0.4732 
        D422  1 0.0355 0.0480 0.9165 
        D423  1 0.3042 0.0694 0.6264 
        D424  1 0.1777 0.0490 0.7733 
        D425  1 0.7063 0.1133 0.1803 
        D426  1 0.0689 0.1627 0.7684 
        D427  1 0.2284 0.6545 0.1171 
        D428  1 0.5322 0.1413 0.3265 
        D429  1 0.5073 0.1556 0.3371 
        D430  1 0.2977 0.3264 0.3759 
        D491  1 0.8456 0.0616 0.0928 
        D492  1 0.3672 0.1265 0.5063 
        D537  1 0.4104 0.0644 0.5252 
        D538  1 0.4299 0.2053 0.3648 
        D539  1 0.4990 0.2938 0.2072 
        D540  1 0.3480 0.1084 0.5436 
        D541  1 0.3551 0.1452 0.4997 
        D551  1 0.0861 0.3926 0.5213 
        D552  1 0.6328 0.1254 0.2418 
        D553  1 0.3100 0.0915 0.5985 
        D615  1 0.4875 0.2055 0.3071 
        D616  1 0.3226 0.2000 0.4774 
        D621  1 0.4713 0.0945 0.4343 
        D622  1 0.1879 0.1049 0.7072 
        D623  1 0.4445 0.4946 0.0610 
        D624  1 0.8224 0.0685 0.1091 
        D625  1 0.5334 0.0823 0.3844 
        D626  1 0.6017 0.1439 0.2544 
        D627  1 0.0730 0.1330 0.7939 
        D690  1 0.6272 0.0545 0.3183 
        D691  1 0.1625 0.0839 0.7536 
        D710  1 0.4767 0.2482 0.2752 
        D711  1 0.4270 0.1419 0.4311 
        D712  1 0.7581 0.1497 0.0922 
        D713  1 0.7634 0.0632 0.1734 
        D746  1 0.0861 0.0717 0.8422 
        D747  1 0.3848 0.2405 0.3747 
        D748  1 0.3128 0.0782 0.6090 
        D749  1 0.3146 0.1332 0.5521 
        D750  1 0.8256 0.0634 0.1110 
        D763  1 0.1024 0.6098 0.2878 
        D764  1 0.7050 0.0525 0.2425 
        D765  1 0.6005 0.0632 0.3363 
        D766  1 0.4875 0.0606 0.4519 
        D767  1 0.2729 0.3466 0.3805 
        D768  1 0.2065 0.1045 0.6891 
        D811  1 0.7807 0.0885 0.1307 
        D816  1 0.5741 0.0895 0.3364 
        D825  1 0.7456 0.0687 0.1856 
        D866  1 0.3833 0.5056 0.1112 
        D867  1 0.0770 0.0794 0.8436 
        D871  1 0.1166 0.0898 0.7936 
        D872  1 0.5521 0.1527 0.2952 
        D873  1 0.4938 0.0488 0.4574 
        D874  1 0.6130 0.2761 0.1109 
        D875  1 0.0683 0.0477 0.8840 
        D876  1 0.7082 0.0975 0.1943 
        D877  1 0.8082 0.0981 0.0937 
        D892  1 0.6132 0.0705 0.3164 
        D893  1 0.2560 0.2673 0.4767 
        D894  1 0.3647 0.1453 0.4900 
        D915  1 0.5004 0.0959 0.4036 
        D916  1 0.4418 0.0921 0.4661 
        D917  1 0.5783 0.2893 0.1324 
        D925  1 0.6960 0.0499 0.2541 
        D926  1 0.4736 0.1051 0.4213 
        D927  1 0.1827 0.6091 0.2081 
        D928  1 0.9212 0.0353 0.0435 
        D929  1 0.4504 0.2160 0.3336 
        D936  1 0.3357 0.4584 0.2059 
        D938  1 0.1100 0.0447 0.8452 
        D956  1 0.7723 0.1184 0.1093 
        D957  1 0.5717 0.1189 0.3093 
        D958  1 0.7342 0.0540 0.2118 
        D959  1 0.0912 0.0661 0.8426 
        D960  1 0.2470 0.0605 0.6925 
        D989  1 0.5177 0.3826 0.0997 
        D990  1 0.3740 0.1750 0.4510 
        D023  2 0.0972 0.0655 0.8373 
        D130  2 0.0872 0.0651 0.8477 
        D131  2 0.2061 0.2294 0.5645 
        D163  2 0.0934 0.0547 0.8519 
        D164  2 0.2241 0.4930 0.2829 
        D165  2 0.0731 0.0837 0.8432 
        D166  2 0.2132 0.3024 0.4844 
        D167  2 0.0792 0.8772 0.0436 
        D192  2 0.0460 0.9147 0.0393 
        D193  2 0.6173 0.1802 0.2025 
        D206  2 0.1700 0.1995 0.6305 
        D207  2 0.0890 0.7414 0.1696 
        D208  2 0.3560 0.5509 0.0931 
        D209  2 0.1026 0.5816 0.3158 
        D210  2 0.4984 0.4068 0.0947 
     D229599  2 0.3353 0.3925 0.2722 
     D229600  2 0.0946 0.4469 0.4585 
     D237227  2 0.5845 0.2419 0.1736 
     D237228  2 0.6007 0.1852 0.2141 
     D237258  2 0.3556 0.3812 0.2632 
     D237310  2 0.4348 0.1897 0.3755 
     D237311  2 0.3407 0.3155 0.3438 
     D237312  2 0.4717 0.1090 0.4193 
     D237313  2 0.7016 0.0989 0.1995 
     D237322  2 0.2268 0.5437 0.2295 
     D237323  2 0.5872 0.1316 0.2813 
     D237324  2 0.0626 0.3752 0.5622 
     D237325  2 0.4747 0.1468 0.3785 
     D237326  2 0.6653 0.0853 0.2494 
     D237327  2 0.0733 0.7131 0.2136 
     D237337  2 0.6328 0.0532 0.3139 
     D237338  2 0.3079 0.3026 0.3896 
     D237339  2 0.1138 0.7234 0.1628 
     D237340  2 0.4423 0.3960 0.1617 
     D237389  2 0.3742 0.1675 0.4583 
     D237390  2 0.5497 0.1365 0.3137 
     D244017  2 0.3014 0.5692 0.1294 
     D244112  2 0.0552 0.7607 0.1841 
     D244118  2 0.0671 0.7443 0.1886 
     D244119  2 0.4780 0.4656 0.0565 
     D244120  2 0.1829 0.7009 0.1161 
     D244122  2 0.1277 0.7437 0.1285 
        D291  2 0.0875 0.6538 0.2587 
        D292  2 0.2529 0.6553 0.0918 
        D293  2 0.0487 0.8835 0.0678 
        D322  2 0.0718 0.7740 0.1542 
        D323  2 0.3182 0.4161 0.2657 
        D324  2 0.2696 0.3984 0.3320 
        D325  2 0.0306 0.8313 0.1381 
        D326  2 0.3968 0.2439 0.3593 
        D340  2 0.0442 0.8849 0.0709 
        D341  2 0.0737 0.8430 0.0833 
        D342  2 0.0801 0.5731 0.3468 
        D343  2 0.0201 0.9284 0.0515 
        D344  2 0.4360 0.1673 0.3968 
        D345  2 0.4438 0.1954 0.3609 
        D346  2 0.6054 0.2745 0.1201 
        D351  2 0.1486 0.4676 0.3838 
        D352  2 0.2749 0.4632 0.2619 
        D353  2 0.1546 0.1612 0.6843 
        D354  2 0.7112 0.0798 0.2091 
        D362  2 0.5053 0.1375 0.3572 
        D363  2 0.6171 0.1330 0.2499 
        D364  2 0.6018 0.0959 0.3023 
        D365  2 0.0373 0.9185 0.0442 
        D369  2 0.4110 0.3660 0.2230 
        D374  2 0.8864 0.0547 0.0589 
        D375  2 0.3922 0.1652 0.4426 
        D376  2 0.7941 0.1069 0.0990 
        D377  2 0.5509 0.1866 0.2625 
        D378  2 0.1091 0.6276 0.2633 
        D379  2 0.4120 0.1104 0.4776 
        D384  2 0.5217 0.1061 0.3722 
        D385  2 0.0676 0.8817 0.0506 
        D386  2 0.2082 0.3355 0.4563 
        D391  2 0.0411 0.9070 0.0519 
        D392  2 0.1534 0.7470 0.0996 
        D393  2 0.1563 0.5763 0.2674 
        D394  2 0.2486 0.2883 0.4631 
        D395  2 0.0710 0.7624 0.1666 
        D401  2 0.5357 0.0813 0.3830 
        D402  2 0.0479 0.9115 0.0406 
        D403  2 0.2285 0.1050 0.6665 
        D415  2 0.1543 0.0640 0.7817 
        D435  2 0.1115 0.5067 0.3819 
        D436  2 0.4789 0.1831 0.3380 
        D438  2 0.0575 0.8708 0.0717 
        D439  2 0.1307 0.4526 0.4167 
        D449  2 0.0682 0.4013 0.5305 
        D450  2 0.6355 0.1124 0.2521 
        D456  2 0.2902 0.0746 0.6352 
        D462  2 0.0336 0.9125 0.0539 
        D463  2 0.3784 0.0796 0.5420 
        D464  2 0.2431 0.3598 0.3971 
        D465  2 0.1211 0.4694 0.4095 
        D473  2 0.7124 0.1642 0.1234 
        D474  2 0.3476 0.3812 0.2712 
        D476  2 0.0562 0.3624 0.5815 
        D477  2 0.5437 0.2499 0.2063 
        D478  2 0.3858 0.2136 0.4006 
        D480  2 0.2484 0.6117 0.1398 
        D481  2 0.3490 0.3620 0.2890 
        D482  2 0.2774 0.5119 0.2106 
        D483  2 0.0805 0.8662 0.0533 
        D484  2 0.1916 0.6315 0.1769 
        D510  2 0.7701 0.1625 0.0675 
        D511  2 0.1389 0.6383 0.2228 
        D512  2 0.1954 0.2784 0.5262 
        D513  2 0.1663 0.5891 0.2446 
        D635  2 0.1936 0.0991 0.7074 
        D636  2 0.0896 0.0521 0.8583 
        D637  2 0.2487 0.5856 0.1657 
        D658  2 0.2263 0.6914 0.0822 
        D659  2 0.2815 0.1745 0.5440 
        D677  2 0.2029 0.2507 0.5464 
        D678  2 0.0752 0.7172 0.2076 
        D679  2 0.3089 0.3631 0.3280 
        D719  2 0.5546 0.3855 0.0599 
        D720  2 0.6194 0.1407 0.2399 
        D721  2 0.0978 0.2118 0.6904 
        D722  2 0.8321 0.0980 0.0699 
        D734  2 0.2889 0.6484 0.0627 
        D735  2 0.4119 0.3025 0.2856 
        D736  2 0.6020 0.2498 0.1482 
        D737  2 0.1114 0.7788 0.1098 
        D807  2 0.5632 0.3081 0.1287 
        D808  2 0.1707 0.4501 0.3792 
        D817  2 0.6469 0.0987 0.2544 
        D818  2 0.0803 0.5513 0.3684 
        D819  2 0.3394 0.1888 0.4718 
        D820  2 0.3352 0.3817 0.2831 
        D895  2 0.2267 0.1120 0.6613 
        D896  2 0.6088 0.0509 0.3403 
        D897  2 0.0814 0.7057 0.2128 
        D898  2 0.4051 0.2734 0.3215 
        D918  2 0.2428 0.3145 0.4427 
        D919  2 0.1021 0.6611 0.2368 
        D920  2 0.1162 0.0847 0.7991 
        D923  2 0.3961 0.2373 0.3666 
        D930  2 0.6274 0.1789 0.1937 
        D931  2 0.3456 0.4751 0.1792 
        D968  2 0.0353 0.9221 0.0426 
        D969  2 0.1591 0.6705 0.1704 
        D977  2 0.0597 0.6770 0.2633 
        D978  2 0.1242 0.6556 0.2201 
        D211  3 0.1037 0.1011 0.7953 
     D229639  3 0.2280 0.6675 0.1044 
     D237212  3 0.1455 0.5593 0.2952 
     D237213  3 0.2419 0.1979 0.5603 
     D237214  3 0.0924 0.0615 0.8461 
     D237215  3 0.1563 0.7986 0.0451 
     D237216  3 0.1010 0.1797 0.7193 
     D237217  3 0.0931 0.1006 0.8063 
     D237218  3 0.1202 0.6293 0.2505 
     D237219  3 0.3622 0.2512 0.3866 
     D237382  3 0.5473 0.1678 0.2849 
     D244127  3 0.2396 0.3036 0.4568 
     D244129  3 0.2889 0.3586 0.3525 
     D244133  3 0.3896 0.2036 0.4068 
     D244134  3 0.4536 0.4152 0.1312 
     D244135  3 0.0580 0.1228 0.8192 
     D244136  3 0.5532 0.1872 0.2597 
        D416  3 0.1314 0.4084 0.4602 
        D417  3 0.2956 0.0772 0.6273 
        D419  3 0.3256 0.3160 0.3584 
        D565  3 0.8983 0.0568 0.0449 
        D566  3 0.4784 0.4072 0.1144 
        D567  3 0.3522 0.1221 0.5256 
        D568  3 0.1511 0.3447 0.5042 
        D569  3 0.1036 0.6359 0.2605 
        D573  3 0.0659 0.8212 0.1129 
        D574  3 0.6496 0.1569 0.1935 
        D575  3 0.4606 0.1697 0.3697 
        D576  3 0.0701 0.8662 0.0636 
        D577  3 0.3795 0.1357 0.4848 
        D578  3 0.0399 0.0567 0.9034 
        D579  3 0.4865 0.3027 0.2107 
        D660  3 0.0716 0.5902 0.3382 
        D661  3 0.0637 0.7546 0.1817 
        D663  3 0.0720 0.8129 0.1151 
        D664  3 0.3294 0.2931 0.3776 
        D665  3 0.0637 0.2583 0.6780 
        D666  3 0.5302 0.1689 0.3009 
        D009  4 0.1448 0.1012 0.7541 
        D057  4 0.0751 0.7237 0.2013 
        D109  4 0.3692 0.0748 0.5561 
     D237222  4 0.3027 0.1349 0.5624 
     D237223  4 0.2823 0.2180 0.4997 
     D237224  4 0.1265 0.7114 0.1621 
     D237225  4 0.1576 0.1508 0.6916 
     D237299  4 0.1272 0.1500 0.7227 
     D237300  4 0.1271 0.7908 0.0821 
     D237306  4 0.7549 0.0955 0.1496 
     D237307  4 0.5797 0.1624 0.2579 
     D237308  4 0.2127 0.6613 0.1259 
     D237309  4 0.1465 0.1325 0.7210 
     D237317  4 0.7769 0.0700 0.1531 
     D237318  4 0.0529 0.8853 0.0618 
     D237319  4 0.2867 0.1700 0.5433 
     D237320  4 0.1580 0.3685 0.4735 
     D237321  4 0.1334 0.7387 0.1279 
     D237397  4 0.4167 0.3213 0.2620 
     D237398  4 0.0730 0.7021 0.2249 
     D237399  4 0.3984 0.3821 0.2194 
     D244001  4 0.0917 0.1267 0.7816 
        D289  4 0.3427 0.4851 0.1722 
        D290  4 0.1970 0.4439 0.3591 
        D294  4 0.2081 0.3574 0.4345 
        D295  4 0.4816 0.1986 0.3198 
        D301  4 0.1529 0.2349 0.6122 
        D302  4 0.3455 0.2107 0.4437 
        D303  4 0.6707 0.2043 0.1251 
        D304  4 0.2865 0.4427 0.2707 
        D305  4 0.0570 0.4478 0.4952 
        D306  4 0.3719 0.2180 0.4102 
        D307  4 0.1818 0.1891 0.6290 
        D327  4 0.4424 0.1964 0.3613 
        D328  4 0.6745 0.1788 0.1467 
        D329  4 0.1491 0.5039 0.3470 
        D330  4 0.1803 0.1110 0.7087 
        D331  4 0.4201 0.3599 0.2200 
        D333  4 0.4291 0.3059 0.2649 
        D334  4 0.6685 0.1254 0.2061 
        D335  4 0.4206 0.3949 0.1845 
        D370  4 0.7482 0.1112 0.1406 
        D371  4 0.8249 0.0785 0.0965 
        D372  4 0.0913 0.7980 0.1107 
        D373  4 0.0539 0.2639 0.6822 
        D455  4 0.0840 0.2445 0.6715 
        D490  4 0.0651 0.0446 0.8903 
        D497  4 0.0695 0.0816 0.8489 
        D498  4 0.4874 0.3102 0.2025 
        D499  4 0.2160 0.6778 0.1062 
        D514  4 0.2204 0.2413 0.5383 
        D515  4 0.1977 0.1006 0.7017 
        D516  4 0.5021 0.1758 0.3221 
        D517  4 0.0684 0.1512 0.7805 
        D518  4 0.3562 0.3258 0.3180 
        D519  4 0.1000 0.1632 0.7367 
        D560  4 0.0976 0.2139 0.6885 
        D561  4 0.0576 0.0965 0.8459 
        D562  4 0.2066 0.4677 0.3257 
        D563  4 0.0562 0.7478 0.1961 
        D572  4 0.2457 0.3844 0.3699 
        D629  4 0.2283 0.1801 0.5916 
        D630  4 0.2732 0.2800 0.4469 
        D631  4 0.1080 0.7623 0.1297 
        D632  4 0.1488 0.2809 0.5703 
        D646  4 0.1879 0.1448 0.6673 
        D647  4 0.1978 0.2822 0.5200 
        D648  4 0.5857 0.2463 0.1680 
        D649  4 0.3861 0.1154 0.4985 
        D650  4 0.5413 0.1766 0.2821 
        D708  4 0.6017 0.1887 0.2097 
        D709  4 0.5143 0.2361 0.2497 
        D738  4 0.7783 0.0710 0.1507 
        D739  4 0.1757 0.2359 0.5884 
        D740  4 0.2517 0.3856 0.3627 
        D741  4 0.1041 0.2960 0.5999 
        D742  4 0.1260 0.7398 0.1341 
        D743  4 0.2979 0.4223 0.2798 
        D744  4 0.1245 0.6310 0.2444 
        D745  4 0.0935 0.0890 0.8176 
        D814  4 0.0623 0.4173 0.5205 
        D815  4 0.4883 0.3073 0.2045 
        D828  4 0.4086 0.4434 0.1480 
        D845  4 0.0701 0.8829 0.0470 
        D846  4 0.0646 0.5429 0.3925 
        D847  4 0.2246 0.3385 0.4369 
        D848  4 0.0514 0.4395 0.5091 
        D849  4 0.1018 0.1042 0.7940 
        D850  4 0.2598 0.2425 0.4976 
        D856  4 0.3602 0.1698 0.4700 
        D857  4 0.4155 0.1378 0.4467 
        D859  4 0.2504 0.5093 0.2403 
        D860  4 0.4664 0.4561 0.0775 
        D883  4 0.4722 0.1317 0.3961 
        D884  4 0.5859 0.0875 0.3265 
        D885  4 0.1081 0.4291 0.4628 
        D886  4 0.2718 0.2517 0.4765 
        D887  4 0.2143 0.5553 0.2304 
        D889  4 0.1284 0.6798 0.1918 
        D890  4 0.5775 0.1943 0.2282 
        D891  4 0.0368 0.9240 0.0392 
        D899  4 0.1760 0.7404 0.0836 
        D900  4 0.2701 0.2773 0.4526 
        D970  4 0.2605 0.4618 0.2778 
        D971  4 0.2384 0.6497 0.1120 
        D979  4 0.4270 0.3712 0.2018 
        D093  5 0.7334 0.1374 0.1292 
        D154  5 0.2213 0.5264 0.2522 
        D168  5 0.1053 0.4175 0.4771 
        D189  5 0.4355 0.4374 0.1271 
        D190  5 0.8080 0.1378 0.0541 
     D237220  5 0.2130 0.3377 0.4493 
     D237221  5 0.4940 0.3779 0.1281 
     D237274  5 0.4982 0.1225 0.3794 
     D237275  5 0.0804 0.8297 0.0900 
     D237276  5 0.6246 0.1251 0.2502 
     D237277  5 0.5703 0.3506 0.0791 
     D237278  5 0.2749 0.5369 0.1881 
     D237279  5 0.1761 0.0783 0.7456 
     D237280  5 0.4623 0.0815 0.4563 
     D237281  5 0.0589 0.8556 0.0855 
     D237351  5 0.6120 0.0859 0.3021 
     D237352  5 0.3089 0.1755 0.5156 
     D237353  5 0.8405 0.1033 0.0562 
     D237359  5 0.1533 0.3757 0.4710 
     D237361  5 0.8705 0.0781 0.0514 
     D237362  5 0.5527 0.2159 0.2314 
     D237363  5 0.1908 0.3009 0.5083 
     D237364  5 0.0962 0.4408 0.4630 
     D237376  5 0.6439 0.2500 0.1061 
     D237377  5 0.6206 0.1023 0.2771 
     D237378  5 0.4853 0.4096 0.1052 
     D237379  5 0.4932 0.3225 0.1843 
     D237380  5 0.7461 0.0426 0.2113 
     D237381  5 0.3648 0.1992 0.4360 
     D237391  5 0.7499 0.1417 0.1084 
     D237392  5 0.3922 0.2902 0.3176 
     D237393  5 0.6423 0.1684 0.1893 
     D237394  5 0.8796 0.0527 0.0677 
     D237395  5 0.5322 0.1920 0.2757 
     D237396  5 0.4572 0.2034 0.3394 
     D244016  5 0.4502 0.3987 0.1511 
     D244018  5 0.2239 0.5199 0.2562 
     D244019  5 0.4191 0.3369 0.2440 
        D279  5 0.1223 0.6097 0.2680 
        D280  5 0.3805 0.3387 0.2808 
        D281  5 0.0830 0.8282 0.0888 
        D283  5 0.7328 0.1575 0.1097 
        D284  5 0.1631 0.1575 0.6794 
        D285  5 0.6013 0.2558 0.1429 
        D286  5 0.4947 0.2744 0.2310 
        D287  5 0.6497 0.1662 0.1842 
        D288  5 0.4606 0.3501 0.1894 
        D308  5 0.6342 0.0505 0.3154 
        D309  5 0.2178 0.2793 0.5029 
        D310  5 0.7880 0.0953 0.1167 
        D311  5 0.5973 0.1910 0.2117 
        D312  5 0.6782 0.1490 0.1728 
        D313  5 0.3024 0.0328 0.6649 
        D314  5 0.2779 0.4022 0.3198 
        D315  5 0.6092 0.1738 0.2170 
        D317  5 0.8511 0.0734 0.0755 
        D318  5 0.1827 0.3715 0.4458 
        D319  5 0.8319 0.1057 0.0623 
        D320  5 0.7231 0.1597 0.1172 
        D321  5 0.6139 0.1028 0.2833 
        D336  5 0.7948 0.0904 0.1148 
        D337  5 0.8242 0.1302 0.0455 
        D338  5 0.3582 0.2921 0.3497 
        D339  5 0.6920 0.1623 0.1457 
        D347  5 0.4279 0.3622 0.2099 
        D348  5 0.8399 0.1030 0.0571 
        D349  5 0.6613 0.0520 0.2867 
        D350  5 0.1479 0.4989 0.3532 
        D355  5 0.1039 0.7365 0.1596 
        D356  5 0.6881 0.1075 0.2045 
        D357  5 0.5175 0.2356 0.2468 
        D358  5 0.6977 0.1551 0.1472 
        D359  5 0.8621 0.0634 0.0745 
        D360  5 0.7016 0.1095 0.1889 
        D361  5 0.5776 0.0555 0.3669 
        D366  5 0.1625 0.3950 0.4425 
        D367  5 0.7195 0.1272 0.1534 
        D368  5 0.7414 0.0841 0.1745 
        D380  5 0.2608 0.2896 0.4496 
        D381  5 0.7189 0.1631 0.1180 
        D400  5 0.4031 0.4571 0.1398 
        D411  5 0.0500 0.0584 0.8916 
        D412  5 0.3067 0.3826 0.3106 
        D413  5 0.0662 0.7653 0.1685 
        D414  5 0.0830 0.7754 0.1416 
        D420  5 0.1682 0.3293 0.5024 
        D431  5 0.3649 0.3865 0.2487 
        D432  5 0.5451 0.2775 0.1774 
        D433  5 0.7018 0.2259 0.0724 
        D434  5 0.7731 0.1047 0.1221 
        D440  5 0.1570 0.3774 0.4656 
        D447  5 0.1275 0.1980 0.6745 
        D448  5 0.6990 0.2021 0.0989 
        D459  5 0.0709 0.8662 0.0629 
        D460  5 0.6542 0.0586 0.2871 
        D461  5 0.3001 0.3346 0.3653 
        D468  5 0.5127 0.1116 0.3757 
        D469  5 0.4380 0.1644 0.3976 
        D470  5 0.3114 0.1312 0.5574 
        D471  5 0.6705 0.2480 0.0815 
        D472  5 0.1879 0.6068 0.2053 
        D479  5 0.0777 0.8551 0.0672 
        D485  5 0.4205 0.3207 0.2589 
        D486  5 0.3756 0.1195 0.5049 
        D487  5 0.2420 0.6566 0.1014 
        D555  5 0.7214 0.2136 0.0650 
        D556  5 0.4667 0.4038 0.1294 
        D557  5 0.7499 0.1918 0.0583 
        D564  5 0.6296 0.2136 0.1568 
        D594  5 0.3833 0.2496 0.3671 
        D595  5 0.5404 0.2540 0.2056 
        D596  5 0.7964 0.1387 0.0649 
        D597  5 0.3837 0.5175 0.0988 
        D598  5 0.6376 0.1759 0.1865 
        D617  5 0.0679 0.1837 0.7484 
        D618  5 0.6262 0.2772 0.0966 
        D619  5 0.7579 0.0902 0.1519 
        D620  5 0.0717 0.8551 0.0732 
        D628  5 0.4580 0.2472 0.2948 
        D714  5 0.2871 0.6047 0.1082 
        D715  5 0.6740 0.2486 0.0773 
        D716  5 0.3352 0.4367 0.2281 
        D717  5 0.4932 0.2706 0.2362 
        D718  5 0.3476 0.1983 0.4541 
        D769  5 0.0914 0.1950 0.7136 
        D770  5 0.2843 0.5267 0.1890 
        D771  5 0.2316 0.4798 0.2885 
        D772  5 0.5893 0.2662 0.1445 
        D782  5 0.1769 0.2693 0.5538 
        D783  5 0.1688 0.7232 0.1081 
        D784  5 0.4154 0.3617 0.2229 
        D785  5 0.8312 0.0721 0.0968 
        D786  5 0.1627 0.1869 0.6503 
        D821  5 0.8816 0.0749 0.0435 
        D822  5 0.5617 0.2462 0.1922 
        D826  5 0.3740 0.5117 0.1143 
        D827  5 0.2392 0.2272 0.5337 
        D851  5 0.4386 0.2289 0.3325 
        D852  5 0.2357 0.6551 0.1092 
        D853  5 0.5390 0.2754 0.1856 
        D854  5 0.1845 0.4131 0.4024 
        D861  5 0.3713 0.2732 0.3555 
        D862  5 0.7385 0.0838 0.1778 
        D865  5 0.7440 0.1781 0.0779 
        D868  5 0.4980 0.2012 0.3008 
        D869  5 0.0873 0.0454 0.8673 
        D870  5 0.0495 0.0872 0.8633 
        D907  5 0.6903 0.1047 0.2050 
        D908  5 0.2602 0.6759 0.0639 
        D910  5 0.5560 0.3478 0.0962 
        D911  5 0.0871 0.8046 0.1083 
        D934  5 0.2005 0.6320 0.1675 
        D946  5 0.2701 0.5619 0.1679 
        D947  5 0.2889 0.3639 0.3472 
        D948  5 0.7023 0.0564 0.2414 
        D949  5 0.6574 0.0484 0.2942 
        D950  5 0.0739 0.8513 0.0748 
        D951  5 0.4349 0.1127 0.4524 
        D952  5 0.5522 0.2188 0.2291 
        D953  5 0.7884 0.1322 0.0794 
        D954  5 0.7795 0.0946 0.1259 
        D961  5 0.5957 0.1788 0.2254 
        D962  5 0.7954 0.0958 0.1088 
        D963  5 0.5077 0.3427 0.1497 
        D964  5 0.2439 0.3524 0.4037 
        D965  5 0.2708 0.4921 0.2371 
        D966  5 0.4443 0.4183 0.1374 
        D967  5 0.3864 0.4725 0.1411 
        D991  5 0.4318 0.1831 0.3851 
        D502  6 0.0882 0.3576 0.5542 
        D503  6 0.1141 0.4258 0.4602 
        D504  6 0.4076 0.2782 0.3143 
        D505  6 0.3957 0.3471 0.2571 
        D506  6 0.8734 0.0540 0.0726 
        D507  6 0.1478 0.5421 0.3101 
        D508  6 0.2284 0.4706 0.3010 
        D529  6 0.2922 0.1683 0.5395 
        D530  6 0.5913 0.1749 0.2338 
        D531  6 0.3222 0.3293 0.3485 
        D532  6 0.6049 0.1729 0.2223 
        D534  6 0.1238 0.1517 0.7245 
        D535  6 0.6373 0.1444 0.2183 
        D536  6 0.0635 0.6388 0.2977 
        D554  6 0.6181 0.1110 0.2709 
        D587  6 0.7710 0.1332 0.0958 
        D588  6 0.6290 0.1356 0.2354 
        D589  6 0.1764 0.5374 0.2862 
        D590  6 0.0775 0.7054 0.2171 
        D591  6 0.2796 0.3527 0.3677 
        D592  6 0.2177 0.1565 0.6257 
        D593  6 0.5548 0.2369 0.2083 
        D682  6 0.8033 0.0946 0.1021 
        D683  6 0.6003 0.1063 0.2934 
        D684  6 0.0596 0.3895 0.5509 
        D685  6 0.1291 0.3854 0.4855 
        D686  6 0.7839 0.0946 0.1215 
        D724  6 0.1686 0.3613 0.4701 
        D725  6 0.2939 0.4718 0.2343 
        D726  6 0.8528 0.0633 0.0839 
        D727  6 0.1570 0.4587 0.3843 
        D728  6 0.7943 0.0863 0.1194 
        D729  6 0.1524 0.1741 0.6735 
        D730  6 0.2033 0.3809 0.4158 
        D731  6 0.4779 0.4653 0.0568 
        D732  6 0.2934 0.3242 0.3823 
        D733  6 0.3525 0.3358 0.3117 
     D237251  7 0.1898 0.7014 0.1088 
     D237252  7 0.1378 0.3149 0.5474 
     D237253  7 0.2185 0.5860 0.1955 
     D237254  7 0.0408 0.0625 0.8967 
     D237255  7 0.1077 0.8044 0.0879 
     D237256  7 0.1046 0.7170 0.1785 
     D237257  7 0.1115 0.1923 0.6962 
     D237282  7 0.2272 0.3020 0.4708 
     D237283  7 0.0905 0.1050 0.8045 
     D237284  7 0.0688 0.0753 0.8558 
     D237285  7 0.3764 0.3627 0.2608 
     D237286  7 0.4131 0.3807 0.2062 
     D237287  7 0.1795 0.5293 0.2912 
     D244006  7 0.0569 0.0955 0.8476 
     D244007  7 0.1159 0.5328 0.3514 
     D244008  7 0.1739 0.0765 0.7496 
     D244009  7 0.4199 0.1001 0.4800 
     D244010  7 0.1238 0.2337 0.6425 
     D244011  7 0.2174 0.5921 0.1905 
     D244012  7 0.1260 0.4671 0.4068 
     D244013  7 0.1979 0.7097 0.0924 
     D244014  7 0.1131 0.5540 0.3328 
     D244015  7 0.0997 0.1304 0.7700 
     D244125  7 0.4406 0.4629 0.0964 
     D244126  7 0.0438 0.0707 0.8855 
     D244130  7 0.3874 0.2772 0.3354 
     D244131  7 0.4688 0.2625 0.2687 
     D244132  7 0.8221 0.0870 0.0909 
        D520  7 0.3877 0.0977 0.5145 
        D521  7 0.3378 0.3452 0.3171 
        D522  7 0.3442 0.1349 0.5209 
        D523  7 0.1303 0.7238 0.1458 
        D524  7 0.3525 0.4510 0.1966 
        D525  7 0.0986 0.4062 0.4952 
        D526  7 0.0618 0.0676 0.8706 
        D527  7 0.2696 0.3313 0.3991 
        D528  7 0.0377 0.0264 0.9359 
        D558  7 0.1169 0.5594 0.3236 
        D559  7 0.0817 0.5894 0.3289 
        D640  7 0.4905 0.3468 0.1627 
        D641  7 0.2747 0.5506 0.1746 
        D642  7 0.1827 0.3331 0.4842 
        D644  7 0.4597 0.2410 0.2993 
        D645  7 0.2978 0.3909 0.3113 
        D662  7 0.7477 0.0401 0.2123 
        D687  7 0.2249 0.4987 0.2764 
        D688  7 0.1157 0.2968 0.5874 
        D689  7 0.4681 0.3225 0.2094 
        D700  7 0.0363 0.0335 0.9302 
        D797  7 0.4241 0.2771 0.2987 
        D798  7 0.4557 0.0931 0.4512 
        D799  7 0.1076 0.7170 0.1754 
        D800  7 0.1480 0.2379 0.6141 
        D132  8 0.0831 0.0709 0.8460 
        D133  8 0.0392 0.8306 0.1301 
        D200  8 0.1455 0.5151 0.3395 
        D500  8 0.0927 0.0394 0.8679 
        D614  8 0.6406 0.1414 0.2179 
        D723  8 0.2738 0.2404 0.4858 
        D888  8 0.0671 0.8692 0.0637 
        D901  8 0.1556 0.1712 0.6731 
        D902  8 0.7685 0.1297 0.1018 
        D903  8 0.4952 0.2887 0.2161 
        D904  8 0.2902 0.3436 0.3662 
        D905  8 0.1013 0.8434 0.0553 
        D906  8 0.0743 0.6707 0.2551 
        D937  8 0.7774 0.1501 0.0725 
        D943  8 0.0929 0.3298 0.5772 
        D972  8 0.2042 0.1621 0.6337 
        D973  8 0.5036 0.0974 0.3990 
        D974  8 0.4057 0.2521 0.3422 
        D975  8 0.2328 0.4449 0.3223 
        D976  8 0.2393 0.3746 0.3861 
        D201  9 0.1123 0.4547 0.4330 
        D202  9 0.1969 0.5400 0.2631 
     D237259  9 0.0983 0.1889 0.7127 
     D237260  9 0.0973 0.5896 0.3132 
     D237262  9 0.1242 0.0927 0.7831 
     D237263  9 0.1336 0.3784 0.4880 
     D237264  9 0.2724 0.3065 0.4211 
     D237265  9 0.1037 0.6919 0.2044 
     D237266  9 0.1867 0.6055 0.2078 
     D237267  9 0.2637 0.1199 0.6164 
     D237268  9 0.2102 0.1514 0.6384 
     D237289  9 0.2769 0.5481 0.1751 
     D237290  9 0.0625 0.8459 0.0916 
     D237291  9 0.1331 0.6692 0.1977 
     D237292  9 0.0662 0.4224 0.5115 
     D237293  9 0.5354 0.1370 0.3276 
     D237294  9 0.1962 0.2497 0.5541 
     D237295  9 0.4898 0.1047 0.4055 
     D237296  9 0.3269 0.2983 0.3748 
     D237297  9 0.5976 0.2754 0.1270 
     D237298  9 0.2139 0.4594 0.3267 
     D237341  9 0.1932 0.6180 0.1888 
     D237342  9 0.2163 0.2363 0.5474 
     D237343  9 0.1483 0.5305 0.3212 
     D237344  9 0.3740 0.4398 0.1862 
     D237345  9 0.0496 0.1520 0.7985 
     D237346  9 0.3297 0.5523 0.1181 
     D237347  9 0.4153 0.4703 0.1144 
     D237348  9 0.3136 0.3736 0.3128 
     D237349  9 0.1676 0.4933 0.3391 
     D244109  9 0.0398 0.6266 0.3336 
     D244110  9 0.0798 0.6912 0.2290 
     D244111  9 0.1995 0.5498 0.2507 
     D244128  9 0.0918 0.1856 0.7225 
     D244137  9 0.2805 0.3249 0.3946 
     D244138  9 0.1895 0.5884 0.2221 
        D580  9 0.2141 0.0714 0.7145 
        D581  9 0.0507 0.8471 0.1022 
        D582  9 0.0823 0.0662 0.8516 
        D583  9 0.0544 0.8088 0.1368 
        D584  9 0.5539 0.1181 0.3280 
        D585  9 0.0764 0.3150 0.6085 
        D586  9 0.0885 0.8421 0.0694 
        D651  9 0.5328 0.2445 0.2227 
        D652  9 0.2133 0.3198 0.4669 
        D653  9 0.1564 0.6592 0.1844 
        D654  9 0.1285 0.5653 0.3062 
        D655  9 0.4333 0.4087 0.1579 
        D656  9 0.0838 0.0664 0.8498 
        D657  9 0.1698 0.4082 0.4220 
        D667  9 0.5549 0.3042 0.1409 
        D668  9 0.4260 0.3044 0.2696 
        D669  9 0.1070 0.6463 0.2466 
        D670  9 0.2663 0.1055 0.6282 
        D671  9 0.0903 0.6896 0.2201 
        D672  9 0.1149 0.1662 0.7189 
        D673  9 0.5176 0.2187 0.2636 
        D692  9 0.0814 0.1987 0.7199 
        D693  9 0.4608 0.1865 0.3527 
        D694  9 0.1308 0.1599 0.7094 
        D695  9 0.4543 0.1449 0.4008 
        D696  9 0.8594 0.0910 0.0496 
        D697  9 0.5679 0.2615 0.1706 
        D698  9 0.3690 0.5078 0.1232 
        D699  9 0.6112 0.2086 0.1802 
        D787  9 0.3598 0.2846 0.3556 
        D788  9 0.6846 0.0768 0.2386 
        D789  9 0.2852 0.2515 0.4633 
        D790  9 0.4584 0.2921 0.2495 
        D791  9 0.1522 0.7346 0.1132 
        D792  9 0.1596 0.4291 0.4112 
        D793  9 0.7079 0.1695 0.1226 
        D794  9 0.4816 0.2780 0.2404 
        D795  9 0.2640 0.1667 0.5693 
        D796  9 0.2468 0.5346 0.2186 
        D142 10 0.5370 0.2955 0.1675 
        D143 10 0.1331 0.7815 0.0854 
        D144 10 0.4295 0.2121 0.3584 
        D145 10 0.0700 0.8159 0.1141 
        D146 10 0.2187 0.1003 0.6810 
        D147 10 0.1817 0.1901 0.6282 
        D148 10 0.1952 0.1412 0.6636 
        D149 10 0.0719 0.6675 0.2606 
        D151 10 0.1421 0.2551 0.6028 
        D152 10 0.0416 0.9097 0.0487 
        D153 10 0.6877 0.1167 0.1956 
        D156 10 0.2380 0.5335 0.2285 
        D157 10 0.6628 0.1530 0.1842 
        D158 10 0.2503 0.3855 0.3642 
        D159 10 0.0561 0.9002 0.0437 
        D160 10 0.2510 0.6868 0.0622 
        D161 10 0.3195 0.3009 0.3796 
        D162 10 0.2577 0.6051 0.1372 
        D169 10 0.0951 0.1522 0.7527 
        D170 10 0.1457 0.1225 0.7318 
        D171 10 0.4652 0.1897 0.3451 
        D172 10 0.2569 0.4007 0.3424 
        D173 10 0.0383 0.8396 0.1222 
        D181 10 0.4576 0.3956 0.1468 
        D182 10 0.0940 0.4281 0.4780 
        D183 10 0.8143 0.0702 0.1155 
        D184 10 0.0630 0.0356 0.9014 
        D185 10 0.2826 0.2302 0.4872 
        D186 10 0.0511 0.0777 0.8712 
        D194 10 0.3176 0.1147 0.5677 
        D195 10 0.2917 0.6002 0.1081 
        D196 10 0.1965 0.7230 0.0805 
        D197 10 0.1272 0.2279 0.6449 
        D198 10 0.4472 0.0877 0.4651 
     D237226 10 0.1194 0.6783 0.2023 
     D237232 10 0.3454 0.4949 0.1597 
     D237233 10 0.2390 0.5914 0.1696 
     D237234 10 0.4841 0.3466 0.1694 
     D237354 10 0.0471 0.9079 0.0450 
     D237355 10 0.1270 0.7510 0.1220 
     D237356 10 0.6789 0.0647 0.2564 
     D237357 10 0.1256 0.4705 0.4039 
     D237358 10 0.1622 0.1824 0.6553 
     D237369 10 0.0564 0.0794 0.8642 
     D237370 10 0.6337 0.2467 0.1197 
     D237371 10 0.2855 0.1797 0.5348 
     D237372 10 0.0711 0.2973 0.6316 
     D237373 10 0.3089 0.5301 0.1609 
     D237374 10 0.1424 0.7720 0.0856 
     D237375 10 0.1476 0.4653 0.3871 
     D237400 10 0.0482 0.8989 0.0529 
     D244002 10 0.0560 0.0986 0.8454 
     D244003 10 0.2562 0.6884 0.0554 
     D244004 10 0.8806 0.0743 0.0450 
     D244005 10 0.0834 0.6030 0.3136 
     D244020 10 0.5571 0.2303 0.2126 
     D244021 10 0.1589 0.2636 0.5776 
     D244116 10 0.2308 0.2373 0.5319 
     D244117 10 0.4554 0.4667 0.0780 
     D244121 10 0.6270 0.2543 0.1187 
     D244123 10 0.3345 0.4933 0.1721 
     D244124 10 0.1738 0.5189 0.3074 
        D332 10 0.5085 0.1961 0.2954 
        D570 10 0.6745 0.1907 0.1348 
        D602 10 0.2175 0.3895 0.3930 
        D603 10 0.3775 0.4461 0.1765 
        D604 10 0.1644 0.6656 0.1700 
        D605 10 0.3973 0.4027 0.2000 
        D606 10 0.4236 0.0846 0.4918 
        D607 10 0.3051 0.2175 0.4774 
        D608 10 0.0373 0.9033 0.0595 
        D609 10 0.8225 0.0590 0.1185 
        D610 10 0.2684 0.2861 0.4455 
        D611 10 0.8746 0.0807 0.0447 
        D613 10 0.4786 0.3282 0.1931 
        D633 10 0.1810 0.5927 0.2262 
        D634 10 0.5113 0.1945 0.2942 
        D638 10 0.0713 0.8684 0.0604 
        D681 10 0.3901 0.2288 0.3811 
        D754 10 0.3093 0.1653 0.5254 
        D755 10 0.3518 0.6006 0.0476 
        D756 10 0.4568 0.2613 0.2820 
        D757 10 0.2166 0.4977 0.2857 
        D758 10 0.3370 0.2254 0.4377 
        D759 10 0.2897 0.6286 0.0817 
        D760 10 0.3070 0.5355 0.1575 
        D761 10 0.0510 0.9103 0.0387 
        D762 10 0.3611 0.2884 0.3505 
        D775 10 0.6525 0.2814 0.0661 
        D776 10 0.0713 0.8271 0.1015 
        D777 10 0.4278 0.3464 0.2258 
        D778 10 0.1693 0.6662 0.1646 
        D779 10 0.3715 0.2971 0.3314 
        D780 10 0.1085 0.7957 0.0958 
        D781 10 0.1563 0.5762 0.2676 
        D858 10 0.2424 0.2128 0.5448 
        D933 10 0.2999 0.3465 0.3536 
        D038 11 0.2119 0.6371 0.1510 
        D063 11 0.2074 0.6625 0.1301 
        D155 11 0.3959 0.4235 0.1806 
        D175 11 0.3986 0.1212 0.4801 
        D176 11 0.1930 0.6350 0.1720 
        D205 11 0.7474 0.0654 0.1872 
     D237229 11 0.0741 0.4894 0.4365 
     D237230 11 0.1291 0.1524 0.7185 
     D237231 11 0.3126 0.3737 0.3137 
     D237269 11 0.1445 0.6271 0.2284 
     D237270 11 0.3311 0.1793 0.4896 
     D237271 11 0.5299 0.2658 0.2043 
     D237272 11 0.2541 0.2375 0.5084 
     D237273 11 0.4489 0.4093 0.1418 
     D237301 11 0.5389 0.2643 0.1969 
     D237302 11 0.1705 0.3389 0.4907 
     D237303 11 0.1049 0.2024 0.6927 
     D237304 11 0.3724 0.3450 0.2826 
     D237305 11 0.2452 0.1476 0.6072 
     D237314 11 0.4314 0.4008 0.1679 
     D237315 11 0.1459 0.1433 0.7107 
     D237316 11 0.6414 0.1227 0.2360 
     D237328 11 0.4822 0.0652 0.4526 
     D237329 11 0.3596 0.4027 0.2377 
     D237330 11 0.5323 0.3934 0.0743 
     D237331 11 0.2651 0.4933 0.2416 
     D237332 11 0.4482 0.1921 0.3598 
     D237333 11 0.2022 0.7339 0.0638 
     D237334 11 0.4085 0.1629 0.4287 
     D237335 11 0.6654 0.1242 0.2104 
     D237336 11 0.1608 0.6251 0.2141 
     D237350 11 0.5308 0.3468 0.1223 
     D237383 11 0.1569 0.4352 0.4079 
     D237384 11 0.3829 0.2136 0.4036 
     D237385 11 0.3054 0.3954 0.2992 
     D237386 11 0.4882 0.3381 0.1737 
     D237387 11 0.3217 0.1268 0.5515 
     D237388 11 0.7282 0.1526 0.1192 
        D239 11 0.3576 0.4279 0.2145 
        D240 11 0.0639 0.7753 0.1608 
        D241 11 0.0772 0.1646 0.7582 
        D242 11 0.2310 0.5213 0.2477 
        D243 11 0.5873 0.1949 0.2178 
        D244 11 0.8256 0.0827 0.0917 
        D245 11 0.0845 0.2579 0.6577 
        D246 11 0.6185 0.1569 0.2245 
        D247 11 0.1724 0.3385 0.4891 
        D248 11 0.4273 0.3659 0.2068 
        D249 11 0.3690 0.1199 0.5112 
        D250 11 0.4882 0.4133 0.0985 
        D251 11 0.7113 0.1096 0.1791 
        D252 11 0.4788 0.0853 0.4358 
        D253 11 0.3057 0.4439 0.2505 
        D254 11 0.0689 0.1386 0.7925 
        D255 11 0.6608 0.1304 0.2088 
        D256 11 0.3465 0.3307 0.3229 
        D257 11 0.4617 0.1184 0.4199 
        D258 11 0.6406 0.0664 0.2930 
        D259 11 0.0956 0.1590 0.7454 
        D260 11 0.2594 0.2785 0.4622 
        D261 11 0.4010 0.3320 0.2670 
        D262 11 0.1050 0.3020 0.5930 
        D263 11 0.7549 0.0807 0.1645 
        D264 11 0.1862 0.1187 0.6950 
        D265 11 0.1949 0.3381 0.4670 
        D266 11 0.4031 0.4341 0.1628 
        D267 11 0.5610 0.1602 0.2787 
        D268 11 0.7278 0.1741 0.0980 
        D269 11 0.6609 0.0685 0.2706 
        D270 11 0.4016 0.1478 0.4506 
        D271 11 0.2935 0.3220 0.3845 
        D272 11 0.1782 0.6151 0.2068 
        D273 11 0.3899 0.0742 0.5359 
        D274 11 0.6057 0.1936 0.2007 
        D275 11 0.5713 0.1966 0.2320 
        D276 11 0.8195 0.0772 0.1032 
        D277 11 0.5657 0.1781 0.2561 
        D278 11 0.3648 0.3659 0.2693 
        D282 11 0.1723 0.0503 0.7774 
        D296 11 0.4924 0.3014 0.2063 
        D297 11 0.6736 0.0898 0.2367 
        D298 11 0.3331 0.4855 0.1814 
        D299 11 0.6116 0.2771 0.1112 
        D300 11 0.1782 0.6335 0.1883 
        D382 11 0.8207 0.0578 0.1214 
        D383 11 0.7899 0.0686 0.1415 
        D387 11 0.2999 0.4974 0.2026 
        D388 11 0.3251 0.2229 0.4520 
        D389 11 0.4820 0.3527 0.1652 
        D390 11 0.4163 0.3137 0.2700 
        D396 11 0.1559 0.5874 0.2567 
        D397 11 0.1119 0.0936 0.7945 
        D398 11 0.5035 0.2518 0.2447 
        D399 11 0.1683 0.3771 0.4546 
        D437 11 0.0797 0.3248 0.5955 
        D441 11 0.6693 0.2263 0.1044 
        D442 11 0.2112 0.5805 0.2083 
        D443 11 0.4051 0.5203 0.0747 
        D444 11 0.4289 0.3091 0.2620 
        D445 11 0.3586 0.0841 0.5573 
        D446 11 0.0817 0.2633 0.6550 
        D451 11 0.4229 0.1171 0.4601 
        D452 11 0.1540 0.7052 0.1408 
        D453 11 0.4798 0.1837 0.3365 
        D454 11 0.0953 0.2483 0.6563 
        D457 11 0.3766 0.2171 0.4063 
        D458 11 0.6379 0.1715 0.1906 
        D466 11 0.0837 0.7242 0.1921 
        D467 11 0.6759 0.2150 0.1091 
        D475 11 0.1068 0.0754 0.8179 
        D488 11 0.1590 0.5933 0.2477 
        D489 11 0.2122 0.1873 0.6004 
        D493 11 0.1416 0.1048 0.7537 
        D494 11 0.5183 0.2395 0.2422 
        D495 11 0.0732 0.5039 0.4229 
        D496 11 0.0876 0.8421 0.0702 
        D674 11 0.1028 0.7980 0.0993 
        D675 11 0.0875 0.8562 0.0563 
        D676 11 0.6378 0.1067 0.2556 
        D680 11 0.3551 0.4473 0.1977 
        D701 11 0.0850 0.5312 0.3838 
        D702 11 0.1238 0.1804 0.6957 
        D703 11 0.2026 0.5839 0.2134 
        D704 11 0.4118 0.2949 0.2933 
        D705 11 0.0993 0.0626 0.8381 
        D706 11 0.0687 0.6964 0.2349 
        D707 11 0.3589 0.1324 0.5087 
        D751 11 0.5237 0.0934 0.3829 
        D752 11 0.2119 0.6085 0.1796 
        D753 11 0.2273 0.2370 0.5357 
        D773 11 0.1235 0.0422 0.8343 
        D774 11 0.1874 0.5859 0.2267 
        D801 11 0.4449 0.3438 0.2113 
        D802 11 0.1932 0.1328 0.6740 
        D803 11 0.2891 0.4919 0.2190 
        D804 11 0.1589 0.3211 0.5200 
        D805 11 0.3126 0.1629 0.5246 
        D806 11 0.3878 0.1044 0.5078 
        D809 11 0.5814 0.2078 0.2107 
        D810 11 0.5281 0.3288 0.1431 
        D812 11 0.3431 0.1339 0.5230 
        D813 11 0.1122 0.7588 0.1290 
        D823 11 0.5030 0.2515 0.2455 
        D824 11 0.4845 0.3356 0.1799 
        D829 11 0.2581 0.4185 0.3234 
        D830 11 0.2737 0.0737 0.6526 
        D831 11 0.0932 0.6128 0.2940 
        D832 11 0.1883 0.3296 0.4820 
        D833 11 0.5909 0.2558 0.1533 
        D834 11 0.7835 0.1161 0.1004 
        D835 11 0.2631 0.1030 0.6339 
        D855 11 0.6478 0.1215 0.2307 
        D863 11 0.0615 0.8890 0.0496 
        D864 11 0.4801 0.2472 0.2727 
        D878 11 0.6913 0.1570 0.1517 
        D879 11 0.2440 0.1078 0.6482 
        D880 11 0.1573 0.7582 0.0845 
        D881 11 0.7530 0.1748 0.0722 
        D882 11 0.1704 0.5910 0.2386 
        D909 11 0.4012 0.3107 0.2881 
        D921 11 0.5634 0.2808 0.1558 
        D924 11 0.1562 0.7342 0.1095 
        D935 11 0.6492 0.1092 0.2417 
        D940 11 0.0789 0.8220 0.0991 
        D941 11 0.4161 0.3851 0.1989 
        D942 11 0.5350 0.0540 0.4109 
        D980 11 0.2416 0.3526 0.4057 
        D981 11 0.1822 0.1509 0.6669 
        D982 11 0.1573 0.7686 0.0741 
        D983 11 0.7237 0.1229 0.1534 
        D984 11 0.3990 0.4450 0.1560 
        D992 11 0.2028 0.1821 0.6151 
        D993 11 0.7544 0.0800 0.1656 
        D994 11 0.2228 0.4329 0.3443 
        D995 11 0.3737 0.0560 0.5703 
        H354 11 0.4875 0.1206 0.3919 
        D005 12 0.0692 0.3786 0.5522 
        D035 12 0.2490 0.3640 0.3871 
        D067 12 0.4704 0.2385 0.2912 
        D134 12 0.1780 0.5549 0.2671 
        D135 12 0.2519 0.3199 0.4282 
        D136 12 0.2557 0.0810 0.6633 
        D137 12 0.1961 0.4372 0.3667 
        D138 12 0.3895 0.3243 0.2862 
        D139 12 0.2083 0.6225 0.1692 
        D140 12 0.3159 0.1956 0.4885 
        D141 12 0.0588 0.0410 0.9002 
        D150 12 0.5353 0.1582 0.3065 
        D177 12 0.1187 0.7291 0.1522 
        D178 12 0.2421 0.2918 0.4661 
        D179 12 0.2274 0.1823 0.5903 
        D180 12 0.1885 0.1749 0.6366 
        D187 12 0.2681 0.4700 0.2620 
        D188 12 0.0475 0.0548 0.8978 
        D191 12 0.0979 0.1595 0.7426 
        D418 12 0.0606 0.1422 0.7972 
        D601 12 0.1161 0.1025 0.7814 
        D836 12 0.0799 0.0873 0.8327 
        D837 12 0.3396 0.4380 0.2224 
        D838 12 0.4914 0.4201 0.0885 
        D839 12 0.0697 0.7270 0.2033 
        D840 12 0.2012 0.6282 0.1706 
        D841 12 0.3453 0.1856 0.4691 
        D842 12 0.2666 0.1110 0.6224 
        D843 12 0.4818 0.2846 0.2337 
        D844 12 0.0614 0.2685 0.6701 
        D912 12 0.5476 0.3155 0.1368 
        D913 12 0.0531 0.8959 0.0510 
