        D174  1 0.0332 0.4139 0.0864 0.0810 0.0244 0.0819 0.0684 0.0214 0.1174 0.0721 
        D199  1 0.1794 0.1192 0.0513 0.0466 0.1092 0.0924 0.1395 0.0332 0.1998 0.0296 
        D203  1 0.1383 0.0611 0.0690 0.1368 0.0841 0.0711 0.2786 0.0390 0.0500 0.0720 
        D204  1 0.0294 0.0189 0.0270 0.0204 0.0175 0.0249 0.7105 0.1001 0.0262 0.0251 
     D237366  1 0.0421 0.0450 0.0418 0.4194 0.0385 0.0838 0.0474 0.0845 0.1523 0.0453 
     D237367  1 0.0762 0.0386 0.0651 0.1321 0.0294 0.1538 0.1412 0.0479 0.2686 0.0471 
     D237368  1 0.0907 0.1022 0.0396 0.0890 0.0265 0.0733 0.1535 0.0411 0.2747 0.1094 
     D244101  1 0.0686 0.0187 0.0250 0.0243 0.0977 0.0603 0.2072 0.4537 0.0258 0.0186 
     D244102  1 0.0430 0.0322 0.3465 0.1595 0.0664 0.0875 0.0649 0.0656 0.0378 0.0967 
     D244103  1 0.0238 0.0376 0.0547 0.0698 0.0291 0.0937 0.0832 0.0421 0.5224 0.0435 
     D244104  1 0.0287 0.0765 0.0163 0.0276 0.0412 0.0342 0.5690 0.0264 0.0850 0.0951 
     D244105  1 0.0220 0.0141 0.0281 0.5095 0.0386 0.1326 0.0369 0.0242 0.1263 0.0676 
     D244106  1 0.0599 0.5270 0.0937 0.0492 0.0475 0.0692 0.0613 0.0270 0.0444 0.0209 
     D244107  1 0.0524 0.0158 0.0187 0.0320 0.0221 0.0744 0.0310 0.0540 0.5338 0.1658 
     D244108  1 0.0274 0.3529 0.0754 0.0762 0.0451 0.0752 0.0725 0.0310 0.0314 0.2130 
     D244113  1 0.0418 0.3772 0.2859 0.0234 0.0220 0.0513 0.0167 0.1053 0.0371 0.0393 
     D244114  1 0.0455 0.0753 0.0753 0.1415 0.1501 0.2172 0.0702 0.0390 0.1454 0.0405 
     D244115  1 0.0336 0.2251 0.0656 0.0644 0.0415 0.1774 0.1677 0.0339 0.0505 0.1404 
     D267365  1 0.0329 0.1656 0.0494 0.0478 0.1347 0.0659 0.3649 0.0384 0.0677 0.0326 
        D404  1 0.0354 0.1828 0.4938 0.0348 0.0231 0.0368 0.0225 0.0948 0.0320 0.0440 
        D405  1 0.0717 0.0392 0.5366 0.0321 0.0401 0.0665 0.0747 0.0498 0.0383 0.0509 
        D406  1 0.0183 0.0373 0.0156 0.5441 0.0164 0.0425 0.0643 0.0237 0.0459 0.1918 
        D407  1 0.0457 0.0253 0.0230 0.0191 0.0151 0.0446 0.0718 0.0180 0.7229 0.0146 
        D408  1 0.0175 0.3710 0.1238 0.0224 0.1648 0.0560 0.0577 0.0395 0.0823 0.0651 
        D409  1 0.0437 0.0387 0.0354 0.0297 0.0503 0.1290 0.0943 0.0397 0.4896 0.0496 
        D410  1 0.0129 0.0258 0.0257 0.0304 0.0148 0.0404 0.0706 0.0375 0.0360 0.7058 
        D421  1 0.0448 0.0236 0.0108 0.0133 0.0180 0.0290 0.7165 0.0123 0.1192 0.0126 
        D422  1 0.0249 0.0130 0.0183 0.0789 0.0239 0.0254 0.0280 0.0143 0.6794 0.0939 
        D423  1 0.0554 0.0178 0.0256 0.0711 0.0190 0.0563 0.0424 0.0186 0.1192 0.5747 
        D424  1 0.0199 0.0429 0.0259 0.0726 0.0182 0.1772 0.5225 0.0233 0.0738 0.0236 
        D425  1 0.0238 0.1054 0.0850 0.0394 0.0463 0.1321 0.3108 0.0337 0.1576 0.0662 
        D426  1 0.0173 0.0265 0.0185 0.0140 0.1154 0.0544 0.0178 0.0147 0.7059 0.0155 
        D427  1 0.3586 0.1685 0.0136 0.0171 0.0254 0.0343 0.3064 0.0148 0.0432 0.0181 
        D428  1 0.0398 0.1947 0.1012 0.0317 0.0335 0.1272 0.1387 0.0737 0.2042 0.0553 
        D429  1 0.0344 0.1450 0.0751 0.1009 0.0525 0.1036 0.3841 0.0328 0.0423 0.0292 
        D430  1 0.0679 0.1248 0.2031 0.0753 0.1324 0.1482 0.0566 0.0233 0.1392 0.0292 
        D491  1 0.0132 0.6298 0.0441 0.0237 0.0360 0.0441 0.0747 0.0238 0.0607 0.0501 
        D492  1 0.0609 0.0937 0.1122 0.0689 0.0254 0.1548 0.2274 0.0484 0.1686 0.0397 
        D537  1 0.0332 0.0306 0.0578 0.0622 0.0184 0.0776 0.3118 0.0646 0.2887 0.0550 
        D538  1 0.0792 0.1061 0.2550 0.1009 0.0311 0.1538 0.0526 0.0449 0.0788 0.0977 
        D539  1 0.0411 0.1077 0.0684 0.2482 0.2681 0.1011 0.0374 0.0446 0.0284 0.0550 
        D540  1 0.0261 0.0344 0.0527 0.0279 0.0586 0.2391 0.1846 0.0276 0.2639 0.0849 
        D541  1 0.0184 0.0113 0.0141 0.0121 0.0192 0.0201 0.8480 0.0147 0.0226 0.0196 
        D551  1 0.0991 0.0303 0.0306 0.0299 0.1340 0.2156 0.0320 0.0192 0.3880 0.0212 
        D552  1 0.0297 0.1527 0.0158 0.1042 0.0501 0.0987 0.1670 0.0586 0.0325 0.2906 
        D553  1 0.0107 0.0129 0.0099 0.0180 0.0167 0.0197 0.8679 0.0132 0.0149 0.0160 
        D615  1 0.0640 0.0551 0.1009 0.0478 0.0504 0.0854 0.4261 0.0226 0.0409 0.1068 
        D616  1 0.1039 0.0546 0.0384 0.0505 0.0710 0.1498 0.2495 0.0224 0.1370 0.1229 
        D621  1 0.0235 0.0706 0.0578 0.1979 0.0203 0.0381 0.0142 0.2749 0.0664 0.2363 
        D622  1 0.0299 0.0301 0.0208 0.3733 0.0371 0.0786 0.0363 0.0519 0.1094 0.2326 
        D623  1 0.1550 0.2551 0.2019 0.0236 0.0425 0.0392 0.0259 0.1943 0.0300 0.0324 
        D624  1 0.0147 0.7547 0.0192 0.0264 0.0272 0.0603 0.0358 0.0115 0.0290 0.0212 
        D625  1 0.0152 0.0561 0.0308 0.0545 0.0264 0.0703 0.5772 0.0480 0.0645 0.0569 
        D626  1 0.0308 0.2440 0.0429 0.1665 0.0589 0.0905 0.0529 0.0284 0.0702 0.2149 
        D627  1 0.0245 0.0277 0.0259 0.0777 0.1552 0.2333 0.0999 0.0192 0.3195 0.0171 
        D690  1 0.0118 0.0531 0.0178 0.0203 0.0136 0.0287 0.6698 0.0300 0.0798 0.0752 
        D691  1 0.0182 0.0446 0.0148 0.5093 0.0337 0.0302 0.0509 0.0218 0.1336 0.1428 
        D710  1 0.0378 0.1256 0.0480 0.0309 0.0354 0.0858 0.1474 0.1117 0.2905 0.0870 
        D711  1 0.0235 0.0323 0.0405 0.0371 0.0200 0.0372 0.6924 0.0431 0.0452 0.0287 
        D712  1 0.0367 0.5209 0.0641 0.0673 0.0680 0.0646 0.0303 0.0438 0.0577 0.0465 
        D713  1 0.0269 0.1158 0.1839 0.0696 0.0230 0.1236 0.0692 0.1480 0.1806 0.0594 
        D746  1 0.0355 0.0237 0.0173 0.3746 0.0190 0.0370 0.0726 0.0272 0.2032 0.1899 
        D747  1 0.0241 0.0155 0.0129 0.0140 0.0200 0.0162 0.8261 0.0262 0.0318 0.0132 
        D748  1 0.0191 0.0327 0.0312 0.3348 0.0304 0.0489 0.1432 0.0557 0.2226 0.0814 
        D749  1 0.0433 0.0942 0.0644 0.2250 0.0410 0.2075 0.0320 0.0744 0.0902 0.1279 
        D750  1 0.0234 0.5371 0.0354 0.0315 0.0250 0.0391 0.1285 0.0453 0.0660 0.0689 
        D763  1 0.1028 0.0198 0.0476 0.0493 0.1899 0.1079 0.0594 0.1974 0.1805 0.0453 
        D764  1 0.0188 0.1681 0.0211 0.0221 0.0214 0.0528 0.4806 0.0154 0.1257 0.0739 
        D765  1 0.0159 0.1410 0.0427 0.1218 0.0289 0.1235 0.0316 0.0139 0.0455 0.4353 
        D766  1 0.0248 0.0307 0.0386 0.1682 0.0175 0.0808 0.0500 0.1158 0.1408 0.3328 
        D767  1 0.0955 0.0284 0.1979 0.2041 0.0363 0.0632 0.1194 0.1524 0.0326 0.0702 
        D768  1 0.0223 0.0125 0.0132 0.0260 0.0170 0.0273 0.7980 0.0183 0.0392 0.0263 
        D811  1 0.0167 0.0905 0.6205 0.0219 0.0276 0.0396 0.0234 0.0249 0.0525 0.0825 
        D816  1 0.0169 0.0224 0.0163 0.0164 0.0158 0.0276 0.8248 0.0205 0.0238 0.0155 
        D825  1 0.0189 0.1705 0.1953 0.0479 0.0312 0.1185 0.0916 0.0253 0.0549 0.2458 
        D866  1 0.0950 0.1532 0.0620 0.0296 0.4115 0.0652 0.0721 0.0167 0.0299 0.0649 
        D867  1 0.0347 0.0206 0.0294 0.0836 0.0174 0.0520 0.0189 0.0895 0.5390 0.1150 
        D871  1 0.0244 0.0475 0.0371 0.0468 0.0402 0.1633 0.0552 0.0289 0.5368 0.0197 
        D872  1 0.0497 0.0353 0.1845 0.1046 0.0201 0.0829 0.2537 0.0464 0.0466 0.1762 
        D873  1 0.0277 0.0152 0.0843 0.0218 0.0106 0.0243 0.0093 0.0456 0.0228 0.7385 
        D874  1 0.0170 0.0812 0.0480 0.0274 0.0320 0.0308 0.0611 0.6599 0.0255 0.0172 
        D875  1 0.0139 0.0186 0.0309 0.0504 0.0208 0.1222 0.0287 0.0183 0.6464 0.0498 
        D876  1 0.0198 0.0874 0.0285 0.1019 0.0430 0.0895 0.4553 0.0921 0.0298 0.0527 
        D877  1 0.0195 0.0787 0.7112 0.0175 0.0184 0.0412 0.0264 0.0455 0.0235 0.0180 
        D892  1 0.0165 0.1108 0.0477 0.2554 0.0274 0.0631 0.2477 0.0346 0.1471 0.0496 
        D893  1 0.0284 0.0164 0.0237 0.0725 0.0515 0.0924 0.5671 0.0456 0.0566 0.0457 
        D894  1 0.0295 0.0381 0.0402 0.0379 0.0253 0.0698 0.6420 0.0272 0.0645 0.0256 
        D915  1 0.0274 0.0317 0.0233 0.0974 0.0351 0.0748 0.4088 0.0229 0.1224 0.1561 
        D916  1 0.0113 0.0207 0.0111 0.0139 0.0145 0.0197 0.8394 0.0143 0.0328 0.0224 
        D917  1 0.0542 0.3019 0.0578 0.0317 0.0753 0.1017 0.1121 0.0980 0.1337 0.0337 
        D925  1 0.0185 0.0660 0.0329 0.0331 0.0314 0.0304 0.1898 0.0150 0.0246 0.5583 
        D926  1 0.0251 0.0500 0.0267 0.0815 0.0517 0.1551 0.4326 0.0777 0.0573 0.0421 
        D927  1 0.2262 0.0526 0.0456 0.0502 0.0718 0.1213 0.2819 0.0283 0.0958 0.0264 
        D928  1 0.0172 0.7625 0.0332 0.0119 0.0147 0.0293 0.0615 0.0205 0.0210 0.0281 
        D929  1 0.0178 0.0419 0.2063 0.2321 0.0229 0.0686 0.0366 0.3143 0.0293 0.0301 
        D936  1 0.0419 0.0303 0.0266 0.0281 0.0905 0.0524 0.5397 0.1130 0.0453 0.0321 
        D938  1 0.0193 0.0246 0.0201 0.4194 0.0203 0.0346 0.0213 0.0663 0.1439 0.2303 
        D956  1 0.0368 0.4692 0.1893 0.0435 0.0279 0.0769 0.0404 0.0301 0.0285 0.0573 
        D957  1 0.0459 0.0479 0.1225 0.1652 0.0278 0.0591 0.1481 0.0542 0.0291 0.3001 
        D958  1 0.0221 0.0939 0.0648 0.1608 0.0203 0.0914 0.1723 0.0864 0.0478 0.2401 
        D959  1 0.0325 0.0171 0.0206 0.0151 0.0117 0.0196 0.0507 0.0117 0.8087 0.0123 
        D960  1 0.0262 0.0450 0.0534 0.4659 0.0155 0.0811 0.0288 0.0478 0.0576 0.1785 
        D989  1 0.0811 0.5476 0.0498 0.0395 0.0848 0.0537 0.0424 0.0268 0.0470 0.0275 
        D990  1 0.0310 0.0617 0.0187 0.0558 0.1253 0.0668 0.0231 0.0282 0.0235 0.5660 
        D023  2 0.0190 0.0161 0.0127 0.0208 0.0136 0.0240 0.0668 0.0137 0.7162 0.0970 
        D130  2 0.0481 0.0137 0.0758 0.4388 0.0176 0.0399 0.0756 0.0247 0.1418 0.1241 
        D131  2 0.0402 0.0398 0.0484 0.0643 0.0931 0.2491 0.2788 0.0647 0.0512 0.0704 
        D163  2 0.0121 0.0487 0.0158 0.1052 0.0389 0.0527 0.0422 0.0261 0.5423 0.1159 
        D164  2 0.5009 0.0094 0.0147 0.0180 0.0133 0.0192 0.0120 0.0184 0.0200 0.3740 
        D165  2 0.0296 0.0139 0.0118 0.0352 0.0216 0.0313 0.0468 0.0216 0.6761 0.1121 
        D166  2 0.0398 0.0158 0.4982 0.0899 0.0398 0.0958 0.0377 0.0653 0.0808 0.0369 
        D167  2 0.7784 0.0275 0.0845 0.0125 0.0198 0.0215 0.0158 0.0113 0.0159 0.0128 
        D192  2 0.8476 0.0180 0.0189 0.0157 0.0233 0.0200 0.0123 0.0193 0.0109 0.0140 
        D193  2 0.0257 0.1259 0.3921 0.1501 0.0488 0.0957 0.0319 0.0672 0.0264 0.0361 
        D206  2 0.3092 0.0203 0.0383 0.0512 0.0410 0.1311 0.0586 0.0349 0.2753 0.0402 
        D207  2 0.5506 0.0201 0.1333 0.0249 0.0464 0.0759 0.0310 0.0232 0.0755 0.0191 
        D208  2 0.0746 0.1423 0.0774 0.0938 0.2882 0.0839 0.0593 0.0397 0.0255 0.1153 
        D209  2 0.3774 0.0266 0.0470 0.0237 0.0384 0.1727 0.0323 0.1081 0.1253 0.0487 
        D210  2 0.0845 0.4196 0.0225 0.0520 0.1771 0.0625 0.0638 0.0360 0.0564 0.0256 
     D229599  2 0.0361 0.0545 0.0396 0.0548 0.1918 0.1185 0.1804 0.1549 0.1025 0.0669 
     D229600  2 0.3328 0.0179 0.0697 0.1871 0.0300 0.0551 0.0273 0.0268 0.1693 0.0839 
     D237227  2 0.0502 0.4381 0.0458 0.0355 0.1193 0.0779 0.0535 0.0266 0.0412 0.1118 
     D237228  2 0.0693 0.1883 0.0935 0.0459 0.0693 0.1115 0.0196 0.0175 0.0224 0.3628 
     D237258  2 0.1848 0.0615 0.1226 0.0502 0.1197 0.1180 0.0635 0.0558 0.1560 0.0678 
     D237310  2 0.0516 0.0490 0.3194 0.0936 0.0225 0.0618 0.0124 0.0361 0.0416 0.3120 
     D237311  2 0.1787 0.0295 0.1340 0.1119 0.0309 0.0558 0.0148 0.0164 0.0374 0.3905 
     D237312  2 0.0232 0.0408 0.2901 0.2080 0.0221 0.0541 0.0238 0.0660 0.0677 0.2044 
     D237313  2 0.0230 0.0813 0.0415 0.1072 0.1013 0.1871 0.1648 0.0606 0.0414 0.1918 
     D237322  2 0.0466 0.0719 0.1311 0.0993 0.2114 0.2233 0.0315 0.0797 0.0264 0.0788 
     D237323  2 0.0366 0.1404 0.1284 0.1457 0.0540 0.0470 0.0214 0.0291 0.0274 0.3701 
     D237324  2 0.1981 0.0175 0.0208 0.0905 0.0784 0.3180 0.0660 0.0385 0.1038 0.0683 
     D237325  2 0.0816 0.0577 0.0752 0.3044 0.0378 0.0729 0.0266 0.0525 0.0588 0.2326 
     D237326  2 0.0475 0.0642 0.0332 0.0695 0.0308 0.0887 0.0698 0.0501 0.0541 0.4921 
     D237327  2 0.1130 0.0406 0.0331 0.0958 0.2889 0.1779 0.0596 0.0706 0.0965 0.0240 
     D237337  2 0.0157 0.0428 0.0398 0.0769 0.0247 0.0554 0.0336 0.0237 0.0246 0.6629 
     D237338  2 0.0536 0.0815 0.0382 0.2655 0.0752 0.1323 0.0460 0.0919 0.0903 0.1256 
     D237339  2 0.1061 0.0166 0.0300 0.0245 0.0365 0.0934 0.0477 0.5952 0.0280 0.0219 
     D237340  2 0.1704 0.1380 0.0751 0.2057 0.0367 0.0661 0.0195 0.0383 0.0405 0.2098 
     D237389  2 0.1053 0.0213 0.3031 0.0782 0.0170 0.0417 0.0200 0.0300 0.0498 0.3336 
     D237390  2 0.0195 0.0530 0.1370 0.3113 0.0505 0.0469 0.0308 0.0507 0.0634 0.2369 
     D244017  2 0.2980 0.2094 0.2465 0.0208 0.0294 0.0771 0.0296 0.0165 0.0435 0.0291 
     D244112  2 0.7824 0.0217 0.0485 0.0402 0.0151 0.0240 0.0171 0.0159 0.0152 0.0200 
     D244118  2 0.6401 0.0276 0.0243 0.0976 0.0238 0.0295 0.0138 0.0258 0.0390 0.0784 
     D244119  2 0.2483 0.5879 0.0254 0.0183 0.0205 0.0316 0.0189 0.0134 0.0166 0.0192 
     D244120  2 0.3435 0.0426 0.3246 0.0474 0.0765 0.0412 0.0148 0.0622 0.0232 0.0240 
     D244122  2 0.6039 0.0382 0.1060 0.0563 0.0275 0.0433 0.0295 0.0354 0.0235 0.0364 
        D291  2 0.0551 0.0165 0.0766 0.0547 0.4481 0.1367 0.0619 0.0170 0.0921 0.0414 
        D292  2 0.1733 0.0584 0.0566 0.0207 0.1870 0.0582 0.3124 0.0322 0.0266 0.0746 
        D293  2 0.5148 0.0192 0.0161 0.0165 0.0475 0.0602 0.1462 0.1262 0.0382 0.0152 
        D322  2 0.4511 0.0176 0.0272 0.0227 0.0333 0.0655 0.1162 0.1437 0.0812 0.0416 
        D323  2 0.1675 0.0474 0.2017 0.0445 0.0746 0.1416 0.0654 0.1157 0.0778 0.0637 
        D324  2 0.0490 0.0532 0.0298 0.0527 0.3019 0.1086 0.1330 0.0249 0.1798 0.0670 
        D325  2 0.7529 0.0109 0.0131 0.0180 0.0438 0.0421 0.0365 0.0259 0.0412 0.0155 
        D326  2 0.0138 0.0250 0.0140 0.0142 0.0246 0.0235 0.8339 0.0197 0.0188 0.0125 
        D340  2 0.8231 0.0193 0.0152 0.0147 0.0287 0.0212 0.0188 0.0211 0.0216 0.0163 
        D341  2 0.5068 0.0332 0.0345 0.1073 0.0619 0.0728 0.0403 0.0515 0.0383 0.0534 
        D342  2 0.5189 0.0172 0.0544 0.0513 0.0351 0.0990 0.0266 0.0209 0.0554 0.1212 
        D343  2 0.8767 0.0103 0.0084 0.0126 0.0150 0.0178 0.0170 0.0151 0.0163 0.0107 
        D344  2 0.0451 0.0187 0.1545 0.0455 0.0238 0.0895 0.1073 0.4559 0.0274 0.0322 
        D345  2 0.0279 0.0352 0.0227 0.0264 0.0390 0.1466 0.0981 0.1843 0.0490 0.3707 
        D346  2 0.0699 0.4295 0.0715 0.0250 0.0544 0.0641 0.0574 0.0420 0.1416 0.0445 
        D351  2 0.0392 0.0247 0.0531 0.0641 0.1496 0.1449 0.2684 0.0830 0.1078 0.0650 
        D352  2 0.0277 0.0525 0.0443 0.0197 0.0342 0.0868 0.0187 0.6232 0.0510 0.0419 
        D353  2 0.0220 0.0144 0.0256 0.0273 0.0254 0.5265 0.1906 0.1147 0.0354 0.0183 
        D354  2 0.0124 0.0419 0.0273 0.0256 0.0161 0.0397 0.0591 0.7207 0.0193 0.0379 
        D362  2 0.0280 0.0279 0.0350 0.0208 0.0239 0.0412 0.5775 0.0258 0.1806 0.0392 
        D363  2 0.0196 0.0424 0.0257 0.0172 0.0201 0.0371 0.6665 0.0216 0.1221 0.0278 
        D364  2 0.0248 0.0428 0.0279 0.0274 0.0232 0.0745 0.3381 0.3527 0.0299 0.0587 
        D365  2 0.8465 0.0206 0.0143 0.0103 0.0139 0.0171 0.0178 0.0296 0.0192 0.0106 
        D369  2 0.0914 0.1547 0.0473 0.0326 0.1379 0.0791 0.2313 0.0215 0.0965 0.1076 
        D374  2 0.0146 0.3421 0.4928 0.0169 0.0221 0.0369 0.0167 0.0191 0.0185 0.0203 
        D375  2 0.0124 0.0139 0.0370 0.0232 0.0137 0.0268 0.0191 0.8145 0.0220 0.0174 
        D376  2 0.0259 0.4524 0.2464 0.0306 0.0312 0.0677 0.0185 0.0671 0.0189 0.0413 
        D377  2 0.0616 0.0551 0.1649 0.0713 0.0705 0.1060 0.0264 0.0735 0.0788 0.2919 
        D378  2 0.2110 0.0196 0.0155 0.0449 0.0521 0.0950 0.1375 0.2394 0.1377 0.0471 
        D379  2 0.0244 0.0349 0.0315 0.0536 0.0338 0.0951 0.5693 0.0795 0.0412 0.0365 
        D384  2 0.0180 0.0366 0.0139 0.0184 0.0146 0.0243 0.8133 0.0226 0.0184 0.0200 
        D385  2 0.6645 0.0385 0.0321 0.0168 0.0208 0.0318 0.0165 0.1348 0.0205 0.0237 
        D386  2 0.0714 0.0185 0.0391 0.0427 0.0253 0.0854 0.0843 0.5371 0.0580 0.0382 
        D391  2 0.6904 0.0173 0.0196 0.0231 0.0227 0.0307 0.0336 0.1195 0.0203 0.0227 
        D392  2 0.5369 0.0431 0.0464 0.0392 0.0283 0.0515 0.0862 0.0271 0.0364 0.1049 
        D393  2 0.0846 0.0208 0.0208 0.0514 0.1538 0.0603 0.2741 0.2418 0.0437 0.0488 
        D394  2 0.0865 0.0497 0.0615 0.0889 0.0469 0.1600 0.1087 0.1285 0.1336 0.1355 
        D395  2 0.2687 0.0267 0.0492 0.0227 0.0290 0.0846 0.0137 0.4381 0.0518 0.0154 
        D401  2 0.0342 0.0356 0.0979 0.0328 0.0239 0.0421 0.0170 0.0115 0.0447 0.6603 
        D402  2 0.7188 0.0230 0.0310 0.0200 0.0509 0.0240 0.0249 0.0667 0.0173 0.0235 
        D403  2 0.0315 0.0192 0.0404 0.1430 0.0283 0.3606 0.1745 0.0921 0.0666 0.0439 
        D415  2 0.0261 0.0144 0.0206 0.0470 0.0199 0.1431 0.5620 0.0355 0.0658 0.0657 
        D435  2 0.2003 0.0178 0.0166 0.0366 0.0584 0.0734 0.4311 0.0561 0.0651 0.0447 
        D436  2 0.0272 0.0486 0.0627 0.1213 0.0291 0.0750 0.0868 0.4233 0.0991 0.0269 
        D438  2 0.8479 0.0228 0.0160 0.0154 0.0146 0.0196 0.0105 0.0156 0.0255 0.0123 
        D439  2 0.0497 0.0142 0.0187 0.0270 0.0316 0.1102 0.0572 0.5648 0.0545 0.0722 
        D449  2 0.3541 0.0237 0.0185 0.0125 0.0214 0.0816 0.0410 0.0245 0.4018 0.0208 
        D450  2 0.0235 0.1329 0.0912 0.0561 0.0632 0.1618 0.1423 0.1961 0.0911 0.0417 
        D456  2 0.0097 0.0178 0.0140 0.0199 0.0182 0.0373 0.8255 0.0226 0.0213 0.0136 
        D462  2 0.7141 0.0113 0.0171 0.0179 0.0220 0.0297 0.0435 0.1036 0.0267 0.0141 
        D463  2 0.0131 0.0411 0.0167 0.0167 0.0144 0.0366 0.7869 0.0358 0.0214 0.0173 
        D464  2 0.0736 0.0308 0.1307 0.0267 0.0221 0.3076 0.0788 0.2776 0.0299 0.0222 
        D465  2 0.4598 0.0230 0.0680 0.0235 0.0276 0.0712 0.0957 0.0255 0.1664 0.0394 
        D473  2 0.0464 0.4020 0.0674 0.0540 0.0405 0.0657 0.0274 0.0987 0.0827 0.1151 
        D474  2 0.0408 0.0456 0.0189 0.0215 0.1258 0.0430 0.5447 0.0266 0.0981 0.0350 
        D476  2 0.0491 0.0150 0.0136 0.2605 0.0316 0.0383 0.0325 0.4510 0.0578 0.0505 
        D477  2 0.0218 0.0472 0.0282 0.0243 0.0944 0.0870 0.2828 0.2994 0.0289 0.0860 
        D478  2 0.0565 0.0757 0.0814 0.0580 0.0461 0.1164 0.0370 0.0595 0.4384 0.0310 
        D480  2 0.0625 0.0924 0.0345 0.0649 0.0875 0.0962 0.2358 0.2603 0.0418 0.0242 
        D481  2 0.0560 0.0957 0.0461 0.0295 0.0503 0.1181 0.2304 0.1707 0.1122 0.0909 
        D482  2 0.0300 0.0755 0.0817 0.0673 0.2188 0.1110 0.0227 0.2740 0.0271 0.0919 
        D483  2 0.7762 0.0713 0.0165 0.0183 0.0211 0.0218 0.0156 0.0151 0.0233 0.0207 
        D484  2 0.0226 0.0236 0.0580 0.0150 0.0177 0.0245 0.0097 0.7973 0.0168 0.0146 
        D510  2 0.0234 0.5729 0.1134 0.0521 0.1014 0.0376 0.0197 0.0287 0.0253 0.0254 
        D511  2 0.0640 0.0198 0.0217 0.0288 0.0399 0.0499 0.0904 0.6077 0.0434 0.0344 
        D512  2 0.1962 0.0125 0.2752 0.0511 0.0304 0.0674 0.0199 0.0294 0.0748 0.2430 
        D513  2 0.4524 0.0521 0.0426 0.0327 0.0770 0.1090 0.0411 0.0282 0.1268 0.0381 
        D635  2 0.0237 0.0186 0.0140 0.0178 0.0198 0.0443 0.1838 0.0180 0.6182 0.0419 
        D636  2 0.0206 0.0148 0.0154 0.0766 0.0146 0.0312 0.0304 0.0132 0.5859 0.1974 
        D637  2 0.1833 0.0644 0.0694 0.1055 0.0590 0.1029 0.0261 0.2860 0.0330 0.0703 
        D658  2 0.4015 0.0803 0.0664 0.0704 0.0255 0.0534 0.0249 0.2083 0.0179 0.0514 
        D659  2 0.0228 0.0415 0.0216 0.0352 0.0731 0.0583 0.3833 0.0671 0.2727 0.0244 
        D677  2 0.0530 0.0222 0.0658 0.3245 0.0681 0.1116 0.1249 0.0352 0.1220 0.0728 
        D678  2 0.5625 0.0158 0.1669 0.0182 0.0322 0.0729 0.0229 0.0264 0.0484 0.0340 
        D679  2 0.0495 0.0502 0.0331 0.0481 0.1430 0.1593 0.2371 0.0777 0.1263 0.0757 
        D719  2 0.1271 0.3987 0.0291 0.0173 0.0806 0.0692 0.1826 0.0409 0.0201 0.0345 
        D720  2 0.0321 0.0717 0.0245 0.0317 0.0285 0.0651 0.6412 0.0231 0.0490 0.0330 
        D721  2 0.0520 0.0269 0.0121 0.0245 0.0249 0.0352 0.0440 0.0297 0.6718 0.0789 
        D722  2 0.0497 0.2573 0.4316 0.0247 0.0364 0.0772 0.0196 0.0276 0.0295 0.0464 
        D734  2 0.0652 0.0970 0.0383 0.0184 0.0389 0.0409 0.0234 0.6455 0.0197 0.0128 
        D735  2 0.0595 0.0777 0.0455 0.0430 0.0637 0.1476 0.2265 0.1061 0.0529 0.1775 
        D736  2 0.0544 0.2400 0.0295 0.0493 0.2827 0.0796 0.0667 0.0421 0.1139 0.0417 
        D737  2 0.5333 0.0348 0.0463 0.0493 0.0706 0.0668 0.0195 0.1085 0.0260 0.0449 
        D807  2 0.0515 0.1860 0.0757 0.0615 0.1179 0.0803 0.1814 0.1008 0.0516 0.0932 
        D808  2 0.0875 0.0296 0.1229 0.1415 0.0883 0.1701 0.1342 0.0544 0.0377 0.1338 
        D817  2 0.0331 0.0442 0.1427 0.0453 0.0603 0.1257 0.2074 0.0998 0.1124 0.1291 
        D818  2 0.1994 0.0256 0.0328 0.1153 0.1373 0.2080 0.0755 0.0425 0.1440 0.0198 
        D819  2 0.0389 0.0309 0.1359 0.0373 0.0600 0.1331 0.1518 0.0398 0.1106 0.2618 
        D820  2 0.0332 0.0203 0.0173 0.0367 0.0235 0.0433 0.6376 0.1053 0.0689 0.0140 
        D895  2 0.0451 0.0420 0.0303 0.0276 0.0318 0.0963 0.1253 0.0703 0.3962 0.1351 
        D896  2 0.0234 0.0393 0.1005 0.0427 0.0191 0.0309 0.0273 0.0190 0.0282 0.6694 
        D897  2 0.5244 0.0216 0.0569 0.0584 0.0480 0.0972 0.0320 0.0608 0.0467 0.0538 
        D898  2 0.0367 0.0465 0.1657 0.0707 0.0816 0.2246 0.0598 0.0727 0.0544 0.1872 
        D918  2 0.0672 0.0609 0.0514 0.2347 0.0768 0.2243 0.0338 0.1026 0.0572 0.0912 
        D919  2 0.0805 0.0254 0.0622 0.0298 0.1056 0.1204 0.1393 0.3171 0.0972 0.0225 
        D920  2 0.0295 0.0464 0.0340 0.6376 0.0197 0.0368 0.0244 0.0305 0.0331 0.1081 
        D923  2 0.0296 0.0220 0.0348 0.0294 0.0257 0.0654 0.5915 0.1111 0.0632 0.0272 
        D930  2 0.0540 0.0985 0.0799 0.0456 0.0557 0.1724 0.1869 0.1622 0.0514 0.0935 
        D931  2 0.0923 0.0455 0.0648 0.0347 0.0518 0.0653 0.2754 0.2776 0.0636 0.0290 
        D968  2 0.7199 0.0179 0.0247 0.0164 0.0895 0.0414 0.0278 0.0214 0.0206 0.0204 
        D969  2 0.1839 0.0509 0.0412 0.0282 0.1575 0.1200 0.2821 0.0346 0.0436 0.0580 
        D977  2 0.7058 0.0181 0.0289 0.0335 0.0314 0.0623 0.0245 0.0291 0.0465 0.0199 
        D978  2 0.1226 0.0388 0.1601 0.0901 0.2942 0.1585 0.0433 0.0300 0.0374 0.0250 
        D211  3 0.0169 0.0186 0.0216 0.6130 0.0453 0.0695 0.0592 0.0319 0.0515 0.0725 
     D229639  3 0.0467 0.0828 0.0437 0.0324 0.5600 0.0441 0.0711 0.0247 0.0425 0.0520 
     D237212  3 0.0647 0.0208 0.0520 0.0754 0.2337 0.0921 0.0826 0.2366 0.0851 0.0570 
     D237213  3 0.0368 0.0160 0.1149 0.1387 0.0617 0.1154 0.0397 0.1122 0.0647 0.3000 
     D237214  3 0.0139 0.0223 0.0156 0.0967 0.0116 0.0289 0.0184 0.0173 0.7517 0.0237 
     D237215  3 0.4015 0.0924 0.2555 0.0209 0.0944 0.0465 0.0170 0.0171 0.0172 0.0375 
     D237216  3 0.0303 0.0268 0.0352 0.0648 0.0514 0.5580 0.0457 0.0408 0.0833 0.0637 
     D237217  3 0.0298 0.0176 0.0142 0.4074 0.0619 0.2354 0.0740 0.0260 0.0580 0.0757 
     D237218  3 0.0426 0.0451 0.0173 0.2047 0.3094 0.0986 0.0695 0.1493 0.0293 0.0342 
     D237219  3 0.0238 0.0683 0.0383 0.1924 0.1286 0.1174 0.0291 0.0158 0.0494 0.3369 
     D237382  3 0.0468 0.0875 0.3189 0.1716 0.0343 0.0965 0.0850 0.0295 0.0370 0.0929 
     D244127  3 0.0840 0.0211 0.0639 0.1101 0.0873 0.1035 0.0226 0.0348 0.0371 0.4357 
     D244129  3 0.0802 0.0507 0.0772 0.0908 0.0991 0.1274 0.1017 0.0942 0.1212 0.1575 
     D244133  3 0.1361 0.1209 0.1839 0.0392 0.0466 0.0934 0.0608 0.0130 0.2197 0.0864 
     D244134  3 0.0350 0.1883 0.0168 0.0377 0.3981 0.0610 0.0354 0.0204 0.0275 0.1797 
     D244135  3 0.0962 0.0161 0.0281 0.1499 0.0273 0.0671 0.0410 0.0316 0.4825 0.0601 
     D244136  3 0.0861 0.1446 0.1168 0.0540 0.0716 0.1064 0.1414 0.0289 0.1945 0.0558 
        D416  3 0.1482 0.0263 0.0522 0.0518 0.0727 0.1644 0.0666 0.0532 0.1631 0.2015 
        D417  3 0.0184 0.0343 0.0284 0.2143 0.0233 0.0637 0.5274 0.0332 0.0266 0.0303 
        D419  3 0.0470 0.0506 0.0327 0.1814 0.1697 0.1313 0.1225 0.0377 0.0436 0.1836 
        D565  3 0.0134 0.7967 0.0182 0.0139 0.0354 0.0219 0.0346 0.0176 0.0272 0.0209 
        D566  3 0.0468 0.2043 0.0813 0.0205 0.3483 0.0572 0.0671 0.0239 0.1080 0.0427 
        D567  3 0.0412 0.0201 0.0372 0.0591 0.0295 0.0637 0.5125 0.0756 0.0561 0.1049 
        D568  3 0.0891 0.0166 0.0232 0.3029 0.0757 0.1096 0.1095 0.1168 0.0658 0.0909 
        D569  3 0.0780 0.0436 0.0869 0.0444 0.0450 0.0708 0.0185 0.4809 0.0932 0.0386 
        D573  3 0.1569 0.0289 0.0257 0.0269 0.3917 0.0739 0.1869 0.0377 0.0463 0.0250 
        D574  3 0.0367 0.3393 0.1367 0.0458 0.0645 0.1339 0.0403 0.0450 0.0872 0.0706 
        D575  3 0.0459 0.0522 0.0374 0.0247 0.0698 0.0677 0.0279 0.0276 0.2282 0.4187 
        D576  3 0.4877 0.0272 0.2353 0.0299 0.0787 0.0507 0.0082 0.0213 0.0429 0.0181 
        D577  3 0.0230 0.0294 0.0689 0.0926 0.0350 0.1036 0.4603 0.0531 0.0826 0.0515 
        D578  3 0.0238 0.0184 0.0169 0.1622 0.0151 0.0508 0.0146 0.0144 0.6310 0.0528 
        D579  3 0.0566 0.1498 0.0381 0.0686 0.1769 0.0829 0.1675 0.1191 0.0821 0.0583 
        D660  3 0.5415 0.0177 0.0870 0.0324 0.0381 0.0875 0.0146 0.0461 0.0541 0.0812 
        D661  3 0.1356 0.0183 0.0269 0.2257 0.2218 0.1693 0.0433 0.0872 0.0425 0.0295 
        D663  3 0.0571 0.0178 0.0820 0.0278 0.5158 0.1089 0.0504 0.0523 0.0690 0.0188 
        D664  3 0.1683 0.0577 0.1097 0.0795 0.0468 0.1584 0.0202 0.0330 0.0981 0.2283 
        D665  3 0.0302 0.0133 0.3633 0.1398 0.0315 0.1331 0.0169 0.0688 0.1187 0.0843 
        D666  3 0.0238 0.0803 0.0522 0.0743 0.0745 0.0713 0.0581 0.0349 0.0475 0.4832 
        D009  4 0.0226 0.0321 0.0584 0.2837 0.0418 0.1751 0.1137 0.0943 0.0858 0.0925 
        D057  4 0.0895 0.0281 0.0221 0.3528 0.0643 0.0440 0.0466 0.2910 0.0247 0.0369 
        D109  4 0.0214 0.0482 0.0761 0.0476 0.0320 0.1655 0.0458 0.0312 0.0527 0.4794 
     D237222  4 0.0333 0.1265 0.0787 0.4580 0.0284 0.0602 0.0433 0.0339 0.0592 0.0785 
     D237223  4 0.0548 0.0958 0.0540 0.3653 0.0707 0.1023 0.0284 0.0474 0.0939 0.0875 
     D237224  4 0.1364 0.0313 0.0358 0.0369 0.1912 0.0995 0.1574 0.2021 0.0381 0.0712 
     D237225  4 0.0305 0.0465 0.0319 0.1595 0.0713 0.3069 0.0728 0.0704 0.1520 0.0582 
     D237299  4 0.0293 0.0477 0.1299 0.3100 0.0870 0.2277 0.0174 0.0259 0.0805 0.0446 
     D237300  4 0.0415 0.0335 0.0337 0.0419 0.7126 0.0371 0.0174 0.0207 0.0214 0.0402 
     D237306  4 0.0263 0.4264 0.1112 0.1201 0.0375 0.0638 0.0586 0.0517 0.0552 0.0492 
     D237307  4 0.0544 0.1893 0.0751 0.0840 0.0796 0.1257 0.2509 0.0218 0.0634 0.0559 
     D237308  4 0.4006 0.0698 0.0355 0.0677 0.0479 0.0688 0.0353 0.1449 0.0513 0.0781 
     D237309  4 0.0348 0.0241 0.0560 0.1884 0.0547 0.2255 0.1272 0.0962 0.1233 0.0698 
     D237317  4 0.0262 0.3546 0.0448 0.0377 0.0761 0.1821 0.1225 0.0341 0.0632 0.0588 
     D237318  4 0.0490 0.0264 0.0337 0.0224 0.7500 0.0287 0.0301 0.0139 0.0274 0.0185 
     D237319  4 0.0367 0.0382 0.1263 0.3592 0.0593 0.1509 0.0521 0.0326 0.0715 0.0732 
     D237320  4 0.0776 0.0258 0.0262 0.3924 0.1373 0.0661 0.0550 0.0297 0.1048 0.0852 
     D237321  4 0.0981 0.0434 0.0459 0.0402 0.5340 0.0583 0.0680 0.0290 0.0346 0.0485 
     D237397  4 0.0767 0.1750 0.0456 0.2727 0.1645 0.0711 0.0431 0.0226 0.0745 0.0542 
     D237398  4 0.0338 0.0171 0.0298 0.0553 0.6200 0.0503 0.0672 0.0442 0.0651 0.0172 
     D237399  4 0.0349 0.1630 0.0405 0.1855 0.2410 0.0833 0.0942 0.0398 0.0709 0.0470 
     D244001  4 0.0809 0.0283 0.0554 0.4578 0.0306 0.0790 0.0246 0.0518 0.1058 0.0857 
        D289  4 0.0729 0.2273 0.0265 0.0623 0.0861 0.0807 0.0757 0.2638 0.0696 0.0352 
        D290  4 0.0291 0.0255 0.4499 0.1975 0.0808 0.0696 0.0538 0.0417 0.0320 0.0201 
        D294  4 0.0299 0.0333 0.1030 0.1161 0.0601 0.2234 0.1107 0.2110 0.0922 0.0204 
        D295  4 0.0231 0.0455 0.0597 0.2869 0.0544 0.0758 0.1781 0.0731 0.0474 0.1558 
        D301  4 0.0357 0.0379 0.0708 0.5082 0.0802 0.0507 0.0178 0.0233 0.0417 0.1339 
        D302  4 0.0150 0.0126 0.0336 0.0356 0.0183 0.0387 0.0604 0.7297 0.0354 0.0207 
        D303  4 0.0637 0.4382 0.0837 0.0499 0.0305 0.0725 0.0426 0.1091 0.0305 0.0792 
        D304  4 0.0239 0.0743 0.2391 0.1234 0.2067 0.1622 0.0799 0.0313 0.0352 0.0240 
        D305  4 0.0721 0.0140 0.0455 0.0319 0.0481 0.3354 0.0189 0.3559 0.0374 0.0409 
        D306  4 0.0188 0.0287 0.4795 0.1556 0.0289 0.1411 0.0415 0.0239 0.0521 0.0298 
        D307  4 0.0238 0.0538 0.0319 0.5187 0.0556 0.0588 0.0236 0.0372 0.0564 0.1402 
        D327  4 0.0594 0.0741 0.0520 0.0490 0.0470 0.0741 0.4887 0.0449 0.0869 0.0237 
        D328  4 0.0253 0.1013 0.1681 0.0793 0.0296 0.0457 0.0197 0.4435 0.0186 0.0688 
        D329  4 0.1011 0.0464 0.0508 0.1388 0.0872 0.1833 0.1110 0.1863 0.0420 0.0529 
        D330  4 0.0599 0.0160 0.0767 0.1128 0.0162 0.1280 0.2223 0.0927 0.1803 0.0952 
        D331  4 0.0368 0.0819 0.2304 0.1004 0.1665 0.0948 0.1649 0.0271 0.0368 0.0604 
        D333  4 0.0667 0.0974 0.1107 0.1973 0.0792 0.1110 0.0543 0.1612 0.0358 0.0864 
        D334  4 0.0197 0.4416 0.0382 0.1545 0.0452 0.0759 0.0783 0.0590 0.0571 0.0305 
        D335  4 0.0430 0.0265 0.0958 0.0346 0.0275 0.0583 0.1720 0.4668 0.0491 0.0263 
        D370  4 0.0434 0.0563 0.4744 0.0478 0.0280 0.0642 0.0346 0.0563 0.0301 0.1648 
        D371  4 0.0311 0.6334 0.0614 0.0153 0.0284 0.0516 0.1095 0.0219 0.0281 0.0194 
        D372  4 0.0487 0.0253 0.1365 0.0303 0.5491 0.1361 0.0159 0.0173 0.0149 0.0260 
        D373  4 0.0752 0.0199 0.0345 0.2160 0.0957 0.0899 0.0440 0.0597 0.2595 0.1055 
        D455  4 0.0278 0.0233 0.0308 0.5673 0.0475 0.0376 0.0409 0.0742 0.0379 0.1127 
        D490  4 0.0103 0.0219 0.0215 0.6918 0.0150 0.0279 0.0233 0.0234 0.0398 0.1252 
        D497  4 0.0186 0.0220 0.0262 0.6328 0.0346 0.0426 0.0148 0.0440 0.0534 0.1109 
        D498  4 0.0341 0.0660 0.3808 0.0943 0.1356 0.0749 0.0676 0.0261 0.0318 0.0890 
        D499  4 0.1592 0.0886 0.1425 0.0564 0.1180 0.1505 0.0389 0.1606 0.0364 0.0490 
        D514  4 0.0239 0.0149 0.2426 0.0513 0.0562 0.1127 0.1987 0.1265 0.1264 0.0468 
        D515  4 0.0319 0.0280 0.0819 0.5598 0.0308 0.0766 0.0386 0.0413 0.0623 0.0488 
        D516  4 0.0825 0.0470 0.0690 0.1588 0.0865 0.1108 0.0971 0.0244 0.1104 0.2135 
        D517  4 0.0293 0.0206 0.0189 0.3854 0.0593 0.1546 0.0497 0.0323 0.1229 0.1270 
        D518  4 0.0392 0.0535 0.0369 0.3098 0.0227 0.0467 0.0331 0.3739 0.0318 0.0525 
        D519  4 0.0334 0.0219 0.0136 0.6256 0.0931 0.0530 0.0337 0.0201 0.0603 0.0453 
        D560  4 0.0496 0.0164 0.0239 0.6222 0.0726 0.0566 0.0605 0.0353 0.0274 0.0354 
        D561  4 0.0465 0.0179 0.0448 0.0592 0.0404 0.1660 0.0883 0.0501 0.4341 0.0527 
        D562  4 0.0665 0.0543 0.1340 0.1442 0.0755 0.1817 0.0671 0.1192 0.1053 0.0522 
        D563  4 0.3831 0.0180 0.0616 0.0390 0.0679 0.1204 0.0245 0.1801 0.0669 0.0386 
        D572  4 0.0312 0.0247 0.0419 0.0655 0.0236 0.0404 0.0458 0.6702 0.0380 0.0186 
        D629  4 0.0248 0.0234 0.0332 0.0936 0.0689 0.0793 0.2095 0.0961 0.2883 0.0828 
        D630  4 0.0312 0.0474 0.1003 0.3325 0.0753 0.1204 0.0935 0.0703 0.0967 0.0324 
        D631  4 0.0787 0.0196 0.0287 0.1462 0.0353 0.0471 0.0362 0.5653 0.0214 0.0217 
        D632  4 0.1498 0.0172 0.0310 0.1600 0.0208 0.0706 0.0637 0.2219 0.0871 0.1779 
        D646  4 0.0607 0.0388 0.0228 0.2787 0.0507 0.1069 0.0856 0.0507 0.1953 0.1099 
        D647  4 0.0478 0.0125 0.0468 0.2836 0.0517 0.0651 0.3290 0.0682 0.0342 0.0612 
        D648  4 0.0330 0.0434 0.4105 0.0415 0.0153 0.0311 0.0145 0.3732 0.0169 0.0204 
        D649  4 0.0177 0.0214 0.0347 0.0658 0.0325 0.0677 0.2850 0.2315 0.0292 0.2146 
        D650  4 0.0320 0.0908 0.0614 0.1936 0.0746 0.0959 0.2087 0.1025 0.0621 0.0785 
        D708  4 0.0308 0.1900 0.0874 0.1026 0.0788 0.1514 0.0492 0.2074 0.0481 0.0542 
        D709  4 0.0264 0.0292 0.5175 0.0490 0.0293 0.0899 0.0215 0.0488 0.0295 0.1590 
        D738  4 0.0176 0.4636 0.0302 0.1719 0.0399 0.0451 0.0695 0.0261 0.0679 0.0683 
        D739  4 0.0286 0.0268 0.1406 0.4354 0.0593 0.1075 0.0298 0.0469 0.0851 0.0400 
        D740  4 0.0584 0.1279 0.0315 0.0703 0.1412 0.2216 0.0229 0.0735 0.0376 0.2152 
        D741  4 0.0784 0.0167 0.0318 0.3377 0.0706 0.1559 0.0920 0.0393 0.1246 0.0530 
        D742  4 0.2605 0.0934 0.0630 0.0861 0.1175 0.1531 0.0510 0.0865 0.0441 0.0448 
        D743  4 0.0411 0.0260 0.0290 0.0346 0.0474 0.0501 0.2898 0.4132 0.0478 0.0209 
        D744  4 0.0340 0.0165 0.0167 0.0223 0.0217 0.0295 0.0263 0.7858 0.0283 0.0189 
        D745  4 0.0197 0.0198 0.0217 0.7024 0.0405 0.0412 0.0240 0.0258 0.0466 0.0581 
        D814  4 0.1779 0.0202 0.0528 0.0845 0.0552 0.2305 0.0257 0.0676 0.2683 0.0172 
        D815  4 0.0359 0.0308 0.1623 0.0375 0.0573 0.0788 0.1025 0.3980 0.0338 0.0631 
        D828  4 0.0433 0.0520 0.6823 0.0417 0.0462 0.0370 0.0135 0.0426 0.0188 0.0226 
        D845  4 0.0278 0.0391 0.0128 0.0139 0.8038 0.0222 0.0215 0.0233 0.0169 0.0188 
        D846  4 0.1388 0.0109 0.0432 0.0741 0.0682 0.1336 0.0992 0.2722 0.1312 0.0286 
        D847  4 0.0593 0.0809 0.0632 0.2363 0.0942 0.1190 0.1315 0.0436 0.1273 0.0448 
        D848  4 0.0778 0.0219 0.0243 0.1597 0.2337 0.0881 0.0208 0.0505 0.2297 0.0934 
        D849  4 0.0340 0.0222 0.0846 0.5158 0.0269 0.1003 0.0283 0.0384 0.0741 0.0753 
        D850  4 0.0243 0.0499 0.0211 0.0403 0.1226 0.1192 0.0823 0.0337 0.4729 0.0338 
        D856  4 0.0309 0.0449 0.1943 0.1285 0.0440 0.2407 0.0676 0.0535 0.0442 0.1514 
        D857  4 0.0943 0.0275 0.1546 0.0335 0.0189 0.0471 0.0090 0.0287 0.0243 0.5623 
        D859  4 0.0276 0.0207 0.0503 0.0934 0.1016 0.0613 0.0802 0.5072 0.0319 0.0259 
        D860  4 0.0704 0.4635 0.0243 0.0215 0.1398 0.0499 0.0931 0.0810 0.0330 0.0234 
        D883  4 0.0305 0.0717 0.0737 0.1794 0.0599 0.0968 0.1488 0.0677 0.1179 0.1535 
        D884  4 0.0167 0.0632 0.0712 0.4428 0.0317 0.0613 0.0399 0.0620 0.0752 0.1361 
        D885  4 0.0897 0.0319 0.0303 0.0542 0.2559 0.2258 0.0784 0.0674 0.1314 0.0350 
        D886  4 0.0553 0.0278 0.1627 0.2680 0.0374 0.0569 0.1817 0.0513 0.0321 0.1267 
        D887  4 0.0957 0.0481 0.0898 0.0474 0.2020 0.1322 0.1298 0.1308 0.0563 0.0679 
        D889  4 0.0113 0.0191 0.1394 0.0666 0.5732 0.0719 0.0296 0.0493 0.0251 0.0144 
        D890  4 0.0859 0.0733 0.2022 0.0411 0.0472 0.1082 0.0441 0.1318 0.0852 0.1810 
        D891  4 0.0130 0.0118 0.0103 0.0123 0.8885 0.0145 0.0131 0.0120 0.0127 0.0118 
        D899  4 0.4027 0.0766 0.0942 0.0326 0.1366 0.0790 0.0337 0.0830 0.0369 0.0248 
        D900  4 0.0709 0.0621 0.1292 0.0951 0.0679 0.1379 0.0922 0.1130 0.1911 0.0408 
        D970  4 0.0515 0.0453 0.0332 0.0730 0.0869 0.1355 0.1775 0.3183 0.0386 0.0402 
        D971  4 0.4120 0.0673 0.0622 0.0397 0.0244 0.0635 0.0670 0.1418 0.0349 0.0873 
        D979  4 0.0404 0.0369 0.0818 0.0302 0.0321 0.0626 0.3480 0.3002 0.0448 0.0231 
        D093  5 0.0235 0.6402 0.0369 0.0711 0.0603 0.0400 0.0482 0.0252 0.0241 0.0306 
        D154  5 0.1599 0.0421 0.1537 0.0740 0.1648 0.2404 0.0254 0.0442 0.0439 0.0517 
        D168  5 0.1875 0.0170 0.1068 0.0720 0.1297 0.1334 0.0525 0.0353 0.1684 0.0975 
        D189  5 0.0323 0.3159 0.1491 0.0993 0.2009 0.0679 0.0406 0.0401 0.0316 0.0222 
        D190  5 0.0277 0.6065 0.0433 0.0491 0.0456 0.0392 0.0315 0.0759 0.0206 0.0607 
     D237220  5 0.0233 0.0918 0.0445 0.3334 0.1856 0.0887 0.0246 0.0476 0.0490 0.1114 
     D237221  5 0.1145 0.2322 0.0388 0.0668 0.1684 0.0759 0.1064 0.0706 0.0288 0.0975 
     D237274  5 0.0552 0.0163 0.0727 0.0293 0.0206 0.0799 0.3516 0.2386 0.0921 0.0437 
     D237275  5 0.3757 0.0301 0.2816 0.0375 0.0894 0.0776 0.0195 0.0160 0.0205 0.0521 
     D237276  5 0.0325 0.1162 0.0889 0.3104 0.0402 0.0932 0.0672 0.0528 0.0545 0.1443 
     D237277  5 0.0587 0.4360 0.0375 0.0358 0.1706 0.0611 0.0304 0.0698 0.0251 0.0750 
     D237278  5 0.2836 0.2349 0.0517 0.0475 0.0360 0.1015 0.0547 0.0695 0.0518 0.0687 
     D237279  5 0.0337 0.0221 0.0268 0.0408 0.0375 0.1957 0.0403 0.0909 0.2836 0.2285 
     D237280  5 0.0205 0.0513 0.0238 0.0496 0.0260 0.0824 0.0615 0.0417 0.1071 0.5361 
     D237281  5 0.1822 0.0245 0.0253 0.0297 0.5180 0.0668 0.0650 0.0258 0.0447 0.0180 
     D237351  5 0.0202 0.0475 0.0220 0.0539 0.0313 0.0290 0.0144 0.0182 0.0288 0.7347 
     D237352  5 0.0718 0.0524 0.0836 0.1490 0.0263 0.0962 0.0507 0.1727 0.2088 0.0886 
     D237353  5 0.0180 0.6438 0.0398 0.0174 0.0517 0.0298 0.0235 0.0433 0.0167 0.1162 
     D237359  5 0.0236 0.0540 0.0482 0.2644 0.2622 0.1419 0.0428 0.0517 0.0603 0.0508 
     D237361  5 0.0190 0.7899 0.0332 0.0153 0.0246 0.0233 0.0175 0.0202 0.0227 0.0341 
     D237362  5 0.0533 0.0890 0.0990 0.0605 0.0952 0.1208 0.1018 0.0583 0.1122 0.2099 
     D237363  5 0.0844 0.0511 0.0683 0.0291 0.0658 0.5096 0.0322 0.0179 0.0904 0.0511 
     D237364  5 0.1176 0.0171 0.0693 0.2523 0.0878 0.1552 0.0800 0.1212 0.0523 0.0473 
     D237376  5 0.0211 0.0354 0.7807 0.0220 0.0237 0.0275 0.0116 0.0482 0.0147 0.0152 
     D237377  5 0.0540 0.1042 0.0287 0.0271 0.0376 0.1188 0.1320 0.0503 0.0605 0.3868 
     D237378  5 0.0757 0.3034 0.1730 0.1014 0.1081 0.0697 0.0303 0.0879 0.0243 0.0261 
     D237379  5 0.0361 0.2475 0.1573 0.0714 0.0424 0.1133 0.0309 0.2336 0.0438 0.0238 
     D237380  5 0.0167 0.0674 0.1907 0.1462 0.0157 0.1006 0.0223 0.0766 0.0193 0.3444 
     D237381  5 0.0766 0.0751 0.0971 0.1454 0.0431 0.1281 0.0535 0.1100 0.0773 0.1938 
     D237391  5 0.0167 0.7298 0.0135 0.0398 0.0516 0.0268 0.0349 0.0236 0.0297 0.0337 
     D237392  5 0.2180 0.0263 0.1400 0.0369 0.0399 0.0925 0.1862 0.0853 0.1221 0.0529 
     D237393  5 0.0479 0.1827 0.0462 0.0342 0.0406 0.0657 0.3225 0.0394 0.0484 0.1723 
     D237394  5 0.0125 0.7525 0.0212 0.0207 0.0239 0.0372 0.0232 0.0352 0.0274 0.0461 
     D237395  5 0.0650 0.2409 0.1610 0.1118 0.1249 0.1106 0.0289 0.0240 0.0618 0.0711 
     D237396  5 0.0615 0.1346 0.0147 0.0265 0.0757 0.0889 0.2921 0.0484 0.1997 0.0579 
     D244016  5 0.0376 0.1768 0.0995 0.0236 0.0715 0.1514 0.0259 0.2615 0.0874 0.0647 
     D244018  5 0.2815 0.2105 0.0306 0.0398 0.1230 0.1159 0.0421 0.0251 0.0894 0.0422 
     D244019  5 0.0996 0.0551 0.1296 0.0301 0.1132 0.2304 0.0936 0.0733 0.0716 0.1035 
        D279  5 0.0482 0.0625 0.0305 0.0673 0.4791 0.1390 0.0385 0.0544 0.0319 0.0486 
        D280  5 0.0384 0.1550 0.0619 0.0623 0.1845 0.1848 0.0915 0.0273 0.1105 0.0837 
        D281  5 0.0785 0.0696 0.0693 0.0389 0.5476 0.0873 0.0252 0.0365 0.0294 0.0176 
        D283  5 0.0271 0.4468 0.0207 0.0364 0.1263 0.0934 0.0940 0.0367 0.0673 0.0512 
        D284  5 0.0431 0.0292 0.1638 0.1737 0.0721 0.1717 0.0371 0.0430 0.2163 0.0499 
        D285  5 0.0193 0.3052 0.0385 0.0652 0.2455 0.0986 0.0721 0.0639 0.0470 0.0448 
        D286  5 0.0260 0.1348 0.1232 0.2327 0.0820 0.1044 0.0996 0.1102 0.0434 0.0437 
        D287  5 0.0211 0.0667 0.5812 0.0853 0.0273 0.0537 0.0163 0.0843 0.0265 0.0376 
        D288  5 0.0349 0.0684 0.0375 0.0360 0.2711 0.1749 0.1891 0.0225 0.0520 0.1136 
        D308  5 0.0272 0.0279 0.0274 0.0373 0.0249 0.0436 0.0704 0.0244 0.0380 0.6789 
        D309  5 0.0147 0.0165 0.0210 0.0252 0.0141 0.0402 0.0345 0.7805 0.0313 0.0221 
        D310  5 0.0112 0.6550 0.0308 0.0212 0.0487 0.1561 0.0167 0.0162 0.0202 0.0239 
        D311  5 0.0474 0.0929 0.2023 0.1085 0.0694 0.1581 0.1151 0.0944 0.0680 0.0438 
        D312  5 0.0465 0.1123 0.2122 0.0446 0.0467 0.0798 0.1094 0.1603 0.1445 0.0437 
        D313  5 0.0134 0.0378 0.0168 0.2283 0.0149 0.0321 0.0189 0.0122 0.0485 0.5770 
        D314  5 0.0857 0.0577 0.1452 0.1401 0.1555 0.1672 0.0319 0.0582 0.0572 0.1013 
        D315  5 0.0481 0.1878 0.0917 0.0552 0.0421 0.0795 0.2794 0.0449 0.0672 0.1040 
        D317  5 0.0171 0.7117 0.0543 0.0323 0.0341 0.0258 0.0592 0.0130 0.0307 0.0217 
        D318  5 0.0736 0.0541 0.0848 0.0459 0.0401 0.1260 0.0644 0.1186 0.3443 0.0482 
        D319  5 0.0182 0.7755 0.0235 0.0363 0.0294 0.0238 0.0235 0.0192 0.0186 0.0322 
        D320  5 0.0159 0.5794 0.0491 0.0515 0.0849 0.0517 0.0348 0.0554 0.0258 0.0515 
        D321  5 0.0096 0.0426 0.0136 0.0197 0.1380 0.0290 0.0502 0.0204 0.0386 0.6384 
        D336  5 0.0156 0.5106 0.2384 0.0472 0.0257 0.0662 0.0244 0.0316 0.0228 0.0176 
        D337  5 0.0235 0.7703 0.0272 0.0170 0.0428 0.0329 0.0279 0.0253 0.0178 0.0154 
        D338  5 0.0449 0.1535 0.0363 0.1642 0.1158 0.1574 0.2137 0.0481 0.0273 0.0390 
        D339  5 0.0429 0.5169 0.0421 0.0396 0.1054 0.1003 0.0481 0.0217 0.0277 0.0552 
        D347  5 0.0744 0.0303 0.4949 0.0288 0.0536 0.0873 0.0978 0.0525 0.0591 0.0213 
        D348  5 0.0242 0.6862 0.0406 0.0163 0.0201 0.0369 0.0284 0.1071 0.0227 0.0176 
