        D174  1 0.0762 0.6965 0.0531 0.1742 
        D199  1 0.4168 0.2440 0.2714 0.0677 
        D203  1 0.3527 0.1116 0.3072 0.2285 
        D204  1 0.8747 0.0408 0.0461 0.0385 
     D237366  1 0.1914 0.1428 0.1564 0.5094 
     D237367  1 0.3385 0.0872 0.0807 0.4936 
     D237368  1 0.2887 0.0885 0.1328 0.4900 
     D244101  1 0.6972 0.0517 0.2134 0.0378 
     D244102  1 0.2092 0.3960 0.1520 0.2428 
     D244103  1 0.2961 0.1141 0.0994 0.4904 
     D244104  1 0.6554 0.1515 0.1109 0.0822 
     D244105  1 0.1626 0.0322 0.0551 0.7501 
     D244106  1 0.0759 0.6535 0.2032 0.0674 
     D244107  1 0.2222 0.0275 0.0810 0.6693 
     D244108  1 0.1448 0.6069 0.0760 0.1724 
     D244113  1 0.0294 0.9043 0.0349 0.0314 
     D244114  1 0.2604 0.2632 0.3589 0.1175 
     D244115  1 0.1974 0.5554 0.0672 0.1801 
     D267365  1 0.4786 0.3557 0.0871 0.0786 
        D404  1 0.0548 0.8446 0.0455 0.0551 
        D405  1 0.1767 0.5279 0.1570 0.1385 
        D406  1 0.0761 0.0562 0.0259 0.8418 
        D407  1 0.5506 0.0637 0.0902 0.2955 
        D408  1 0.0793 0.7486 0.1156 0.0565 
        D409  1 0.2759 0.0938 0.1424 0.4879 
        D410  1 0.1098 0.0625 0.0185 0.8091 
        D421  1 0.8318 0.0508 0.0700 0.0474 
        D422  1 0.0570 0.0230 0.0359 0.8841 
        D423  1 0.0758 0.0266 0.0325 0.8651 
        D424  1 0.7849 0.0570 0.0259 0.1321 
        D425  1 0.5252 0.3509 0.0490 0.0749 
        D426  1 0.2783 0.0514 0.2933 0.3770 
        D427  1 0.1705 0.1411 0.6381 0.0503 
        D428  1 0.4052 0.3217 0.1021 0.1710 
        D429  1 0.4225 0.3980 0.0955 0.0840 
        D430  1 0.2172 0.3811 0.2767 0.1250 
        D491  1 0.1491 0.7786 0.0296 0.0426 
        D492  1 0.3367 0.3767 0.0887 0.1979 
        D537  1 0.7113 0.1104 0.0386 0.1397 
        D538  1 0.1893 0.2309 0.1478 0.4321 
        D539  1 0.0787 0.4087 0.2992 0.2135 
        D540  1 0.5089 0.1745 0.0914 0.2251 
        D541  1 0.8784 0.0302 0.0383 0.0531 
        D551  1 0.1681 0.0742 0.6680 0.0897 
        D552  1 0.3812 0.2188 0.0944 0.3056 
        D553  1 0.8993 0.0379 0.0277 0.0352 
        D615  1 0.4241 0.1401 0.1696 0.2662 
        D616  1 0.3764 0.1036 0.2348 0.2852 
        D621  1 0.0533 0.2603 0.0556 0.6307 
        D622  1 0.0694 0.0623 0.0479 0.8204 
        D623  1 0.1091 0.5899 0.2481 0.0529 
        D624  1 0.0790 0.8052 0.0500 0.0658 
        D625  1 0.6913 0.1342 0.0331 0.1414 
        D626  1 0.1207 0.5297 0.1098 0.2398 
        D627  1 0.3733 0.0580 0.2050 0.3636 
        D690  1 0.7642 0.1129 0.0220 0.1009 
        D691  1 0.0862 0.0520 0.0425 0.8193 
        D710  1 0.5806 0.2291 0.0898 0.1005 
        D711  1 0.7759 0.0661 0.0591 0.0989 
        D712  1 0.0695 0.7706 0.0805 0.0794 
        D713  1 0.2411 0.6061 0.0407 0.1121 
        D746  1 0.0721 0.0335 0.0444 0.8500 
        D747  1 0.8904 0.0367 0.0479 0.0249 
        D748  1 0.3850 0.1060 0.0439 0.4651 
        D749  1 0.0761 0.1935 0.1940 0.5364 
        D750  1 0.2323 0.6451 0.0403 0.0823 
        D763  1 0.4188 0.0747 0.3734 0.1332 
        D764  1 0.6067 0.1796 0.0310 0.1827 
        D765  1 0.0798 0.1712 0.0455 0.7035 
        D766  1 0.2533 0.1408 0.0382 0.5677 
        D767  1 0.3132 0.1628 0.1667 0.3573 
        D768  1 0.8878 0.0251 0.0411 0.0460 
        D811  1 0.0436 0.8249 0.0424 0.0891 
        D816  1 0.8033 0.1113 0.0333 0.0521 
        D825  1 0.1515 0.6344 0.0320 0.1822 
        D866  1 0.1176 0.3599 0.4336 0.0890 
        D867  1 0.0580 0.0542 0.0532 0.8346 
        D871  1 0.3407 0.0981 0.1316 0.4297 
        D872  1 0.4957 0.1564 0.0718 0.2760 
        D873  1 0.0198 0.0278 0.0225 0.9299 
        D874  1 0.4645 0.4135 0.0822 0.0398 
        D875  1 0.1956 0.0498 0.0554 0.6991 
        D876  1 0.6725 0.1694 0.0440 0.1142 
        D877  1 0.0875 0.8368 0.0428 0.0329 
        D892  1 0.3006 0.3782 0.0375 0.2837 
        D893  1 0.6474 0.0616 0.0949 0.1961 
        D894  1 0.7126 0.1071 0.0691 0.1112 
        D915  1 0.5341 0.1292 0.0461 0.2906 
        D916  1 0.8826 0.0352 0.0300 0.0522 
        D917  1 0.4153 0.3775 0.1421 0.0650 
        D925  1 0.1619 0.1033 0.0400 0.6948 
        D926  1 0.6351 0.1796 0.0611 0.1242 
        D927  1 0.4468 0.1041 0.3850 0.0640 
        D928  1 0.1158 0.8164 0.0297 0.0381 
        D929  1 0.1752 0.5126 0.0696 0.2427 
        D936  1 0.6863 0.0923 0.1590 0.0625 
        D938  1 0.0548 0.0444 0.0243 0.8765 
        D956  1 0.0490 0.8164 0.0686 0.0660 
        D957  1 0.3770 0.1561 0.0563 0.4106 
        D958  1 0.4203 0.2152 0.0378 0.3268 
        D959  1 0.5783 0.0446 0.0792 0.2978 
        D960  1 0.0483 0.0565 0.0287 0.8665 
        D989  1 0.1056 0.6309 0.2090 0.0545 
        D990  1 0.0282 0.0507 0.0893 0.8318 
        D023  2 0.4117 0.0328 0.0334 0.5221 
        D130  2 0.0702 0.0303 0.0414 0.8581 
        D131  2 0.6435 0.0875 0.1314 0.1376 
        D163  2 0.1140 0.0410 0.0414 0.8036 
        D164  2 0.0318 0.0233 0.4704 0.4745 
        D165  2 0.2303 0.0283 0.0499 0.6915 
        D166  2 0.2229 0.2131 0.1921 0.3719 
        D167  2 0.0226 0.0734 0.8772 0.0267 
        D192  2 0.0210 0.0268 0.9294 0.0228 
        D193  2 0.0754 0.6876 0.1023 0.1346 
        D206  2 0.3040 0.0939 0.3296 0.2725 
        D207  2 0.1227 0.0759 0.7503 0.0511 
        D208  2 0.0973 0.4956 0.3368 0.0704 
        D209  2 0.1567 0.0678 0.6750 0.1006 
        D210  2 0.1524 0.3819 0.3970 0.0687 
     D229599  2 0.4825 0.1714 0.2032 0.1429 
     D229600  2 0.0670 0.0608 0.4476 0.4246 
     D237227  2 0.1093 0.5512 0.1417 0.1979 
     D237228  2 0.0436 0.4821 0.1542 0.3201 
     D237258  2 0.1551 0.1960 0.4333 0.2156 
     D237310  2 0.0377 0.1879 0.1100 0.6644 
     D237311  2 0.0429 0.0861 0.2100 0.6610 
     D237312  2 0.0745 0.3516 0.0501 0.5239 
     D237313  2 0.3932 0.2704 0.1074 0.2290 
     D237322  2 0.0783 0.2963 0.4479 0.1775 
     D237323  2 0.0458 0.2384 0.0672 0.6487 
     D237324  2 0.1518 0.0284 0.4609 0.3589 
     D237325  2 0.0683 0.2492 0.1104 0.5721 
     D237326  2 0.2047 0.1206 0.0478 0.6269 
     D237327  2 0.2087 0.0817 0.5961 0.1135 
     D237337  2 0.0594 0.0970 0.0318 0.8117 
     D237338  2 0.1224 0.2398 0.1838 0.4540 
     D237339  2 0.5655 0.0646 0.3189 0.0510 
     D237340  2 0.0402 0.4185 0.2667 0.2747 
     D237389  2 0.0459 0.1106 0.0828 0.7607 
     D237390  2 0.1127 0.3596 0.0627 0.4650 
     D244017  2 0.0686 0.5399 0.3194 0.0722 
     D244112  2 0.0307 0.0532 0.8024 0.1137 
     D244118  2 0.0307 0.0362 0.6960 0.2372 
     D244119  2 0.0349 0.5752 0.3483 0.0416 
     D244120  2 0.0327 0.3227 0.5626 0.0819 
     D244122  2 0.0573 0.1436 0.6974 0.1017 
        D291  2 0.2086 0.0824 0.5446 0.1644 
        D292  2 0.2755 0.1429 0.5116 0.0700 
        D293  2 0.4527 0.0274 0.4931 0.0269 
        D322  2 0.5289 0.0318 0.3808 0.0585 
        D323  2 0.3040 0.2971 0.2873 0.1117 
        D324  2 0.4602 0.1393 0.2164 0.1842 
        D325  2 0.1003 0.0179 0.8454 0.0364 
        D326  2 0.8973 0.0465 0.0308 0.0254 
        D340  2 0.0339 0.0237 0.9132 0.0292 
        D341  2 0.0515 0.0474 0.8475 0.0536 
        D342  2 0.0555 0.0642 0.6610 0.2192 
        D343  2 0.0278 0.0139 0.9408 0.0175 
        D344  2 0.6367 0.1296 0.1115 0.1221 
        D345  2 0.6687 0.0780 0.0695 0.1838 
        D346  2 0.1355 0.6466 0.1560 0.0619 
        D351  2 0.6924 0.0548 0.1051 0.1477 
        D352  2 0.2935 0.2758 0.2348 0.1958 
        D353  2 0.8567 0.0441 0.0552 0.0440 
        D354  2 0.5171 0.3107 0.0586 0.1136 
        D362  2 0.7635 0.0896 0.0508 0.0961 
        D363  2 0.7654 0.1314 0.0421 0.0611 
        D364  2 0.7347 0.1221 0.0593 0.0839 
        D365  2 0.0725 0.0267 0.8832 0.0176 
        D369  2 0.3869 0.2267 0.2471 0.1393 
        D374  2 0.0256 0.9261 0.0228 0.0255 
        D375  2 0.5001 0.2183 0.0774 0.2042 
        D376  2 0.0331 0.8649 0.0583 0.0437 
        D377  2 0.1225 0.5035 0.1082 0.2658 
        D378  2 0.6970 0.0379 0.2019 0.0632 
        D379  2 0.8429 0.0620 0.0425 0.0525 
        D384  2 0.8753 0.0572 0.0329 0.0346 
        D385  2 0.0445 0.0577 0.8619 0.0359 
        D386  2 0.7613 0.0487 0.0800 0.1100 
        D391  2 0.0958 0.0255 0.8451 0.0335 
        D392  2 0.1156 0.0821 0.6983 0.1040 
        D393  2 0.6589 0.0444 0.2220 0.0748 
        D394  2 0.2800 0.1255 0.1498 0.4448 
        D395  2 0.1780 0.0711 0.6725 0.0785 
        D401  2 0.0288 0.1016 0.0416 0.8280 
        D402  2 0.0435 0.0329 0.8978 0.0259 
        D403  2 0.6225 0.0667 0.0814 0.2294 
        D415  2 0.7951 0.0336 0.0311 0.1402 
        D435  2 0.6270 0.0277 0.2456 0.0997 
        D436  2 0.4608 0.3136 0.0967 0.1289 
        D438  2 0.0309 0.0399 0.9037 0.0255 
        D439  2 0.5882 0.0428 0.1780 0.1910 
        D449  2 0.2017 0.0441 0.6715 0.0827 
        D450  2 0.3367 0.4386 0.0759 0.1488 
        D456  2 0.9191 0.0287 0.0233 0.0288 
        D462  2 0.1098 0.0230 0.8352 0.0320 
        D463  2 0.9099 0.0419 0.0215 0.0267 
        D464  2 0.6601 0.1550 0.1248 0.0600 
        D465  2 0.4099 0.0644 0.3397 0.1860 
        D473  2 0.0589 0.7264 0.0793 0.1354 
        D474  2 0.6826 0.0706 0.1643 0.0826 
        D476  2 0.1690 0.0369 0.2278 0.5663 
        D477  2 0.6839 0.1522 0.0873 0.0766 
        D478  2 0.2590 0.3918 0.1024 0.2468 
        D480  2 0.5720 0.1140 0.2677 0.0463 
        D481  2 0.5144 0.1688 0.1560 0.1608 
        D482  2 0.1073 0.3640 0.3428 0.1859 
        D483  2 0.0351 0.0894 0.8439 0.0316 
        D484  2 0.1592 0.3553 0.3522 0.1333 
        D510  2 0.0411 0.8501 0.0686 0.0403 
        D511  2 0.6998 0.0517 0.1965 0.0520 
        D512  2 0.0918 0.0547 0.2001 0.6534 
        D513  2 0.2161 0.1422 0.5081 0.1336 
        D635  2 0.7481 0.0399 0.0517 0.1604 
        D636  2 0.0549 0.0328 0.0273 0.8849 
        D637  2 0.1670 0.2569 0.4452 0.1308 
        D658  2 0.0558 0.2500 0.6201 0.0741 
        D659  2 0.8187 0.0588 0.0632 0.0593 
        D677  2 0.3438 0.1032 0.2321 0.3209 
        D678  2 0.0507 0.0759 0.8010 0.0724 
        D679  2 0.6369 0.1236 0.1740 0.0655 
        D719  2 0.3687 0.3610 0.2317 0.0385 
        D720  2 0.6958 0.1525 0.0677 0.0840 
        D721  2 0.3162 0.0598 0.1644 0.4596 
        D722  2 0.0533 0.8262 0.0662 0.0542 
        D734  2 0.1832 0.4886 0.2903 0.0380 
        D735  2 0.5484 0.1650 0.1345 0.1521 
        D736  2 0.1953 0.4563 0.2565 0.0919 
        D737  2 0.0714 0.1069 0.7304 0.0913 
        D807  2 0.2932 0.4504 0.1679 0.0885 
        D808  2 0.2591 0.0518 0.2281 0.4610 
        D817  2 0.5651 0.2617 0.0619 0.1113 
        D818  2 0.2919 0.0761 0.4574 0.1745 
        D819  2 0.5045 0.1545 0.0787 0.2623 
        D820  2 0.8725 0.0415 0.0570 0.0290 
        D895  2 0.6607 0.0705 0.0706 0.1981 
        D896  2 0.0403 0.0901 0.0268 0.8428 
        D897  2 0.0658 0.0668 0.7835 0.0839 
        D898  2 0.3313 0.2819 0.1378 0.2490 
        D918  2 0.1245 0.1499 0.2503 0.4753 
        D919  2 0.5966 0.0549 0.2741 0.0744 
        D920  2 0.0467 0.0541 0.0436 0.8556 
        D923  2 0.8432 0.0600 0.0509 0.0459 
        D930  2 0.4841 0.2858 0.1092 0.1208 
        D931  2 0.5506 0.1362 0.2397 0.0735 
        D968  2 0.0410 0.0227 0.9106 0.0258 
        D969  2 0.4815 0.0856 0.3794 0.0535 
        D977  2 0.1008 0.0437 0.7473 0.1081 
        D978  2 0.1367 0.1238 0.6687 0.0708 
        D211  3 0.1709 0.0706 0.0671 0.6914 
     D229639  3 0.0838 0.1670 0.6959 0.0533 
     D237212  3 0.3579 0.0916 0.3604 0.1902 
     D237213  3 0.3046 0.1170 0.1019 0.4765 
     D237214  3 0.1465 0.0796 0.0394 0.7345 
     D237215  3 0.0245 0.1750 0.7704 0.0301 
     D237216  3 0.2172 0.0755 0.3087 0.3986 
     D237217  3 0.2363 0.0324 0.0861 0.6452 
     D237218  3 0.3064 0.0713 0.5059 0.1164 
     D237219  3 0.0614 0.2283 0.1407 0.5696 
     D237382  3 0.2322 0.3748 0.0946 0.2984 
     D244127  3 0.0672 0.0624 0.1552 0.7153 
     D244129  3 0.3863 0.1110 0.1575 0.3452 
     D244133  3 0.1237 0.5010 0.1879 0.1874 
     D244134  3 0.1302 0.3289 0.3527 0.1882 
     D244135  3 0.1309 0.0402 0.1076 0.7213 
     D244136  3 0.2443 0.5129 0.1320 0.1107 
        D416  3 0.3281 0.0759 0.3628 0.2331 
        D417  3 0.7438 0.0738 0.0473 0.1351 
        D419  3 0.2565 0.1859 0.2611 0.2965 
        D565  3 0.0755 0.8555 0.0357 0.0332 
        D566  3 0.1139 0.4810 0.3501 0.0550 
        D567  3 0.7209 0.0579 0.0520 0.1692 
        D568  3 0.3843 0.0499 0.2627 0.3031 
        D569  3 0.2827 0.1334 0.3905 0.1935 
        D573  3 0.1948 0.0322 0.7363 0.0366 
        D574  3 0.1062 0.6643 0.1039 0.1256 
        D575  3 0.2180 0.3533 0.1448 0.2839 
        D576  3 0.0190 0.1138 0.8196 0.0476 
        D577  3 0.7124 0.1113 0.0571 0.1192 
        D578  3 0.0338 0.0242 0.0415 0.9005 
        D579  3 0.3822 0.2734 0.2219 0.1225 
        D660  3 0.0831 0.0819 0.5826 0.2524 
        D661  3 0.0863 0.0346 0.7965 0.0826 
        D663  3 0.1150 0.0638 0.7791 0.0421 
        D664  3 0.0520 0.3756 0.1687 0.4038 
        D665  3 0.0764 0.0659 0.1780 0.6798 
        D666  3 0.2123 0.3745 0.0917 0.3215 
        D009  4 0.2874 0.0774 0.0806 0.5547 
        D057  4 0.1654 0.0631 0.5349 0.2366 
        D109  4 0.0917 0.1136 0.0543 0.7404 
     D237222  4 0.0766 0.2066 0.0894 0.6274 
     D237223  4 0.0966 0.1899 0.1610 0.5526 
     D237224  4 0.3982 0.1098 0.4141 0.0779 
     D237225  4 0.3892 0.0991 0.1089 0.4029 
     D237299  4 0.0593 0.0797 0.1360 0.7250 
     D237300  4 0.0398 0.0755 0.8212 0.0635 
     D237306  4 0.1406 0.6753 0.0658 0.1183 
     D237307  4 0.2923 0.4467 0.1401 0.1208 
     D237308  4 0.1112 0.1527 0.6207 0.1154 
     D237309  4 0.5012 0.0761 0.1221 0.3006 
     D237317  4 0.3240 0.5202 0.0585 0.0973 
     D237318  4 0.0474 0.0436 0.8800 0.0290 
     D237319  4 0.1838 0.1538 0.1524 0.5100 
     D237320  4 0.1632 0.0809 0.2825 0.4734 
     D237321  4 0.1043 0.0877 0.7313 0.0767 
     D237397  4 0.1200 0.3014 0.2930 0.2857 
     D237398  4 0.2568 0.0316 0.6371 0.0746 
     D237399  4 0.2555 0.3348 0.2416 0.1681 
     D244001  4 0.0974 0.0760 0.1666 0.6600 
        D289  4 0.3803 0.3007 0.2239 0.0951 
        D290  4 0.2988 0.2477 0.2772 0.1763 
        D294  4 0.4213 0.2086 0.2608 0.1093 
        D295  4 0.4383 0.2369 0.0862 0.2386 
        D301  4 0.0389 0.0855 0.1306 0.7449 
        D302  4 0.8214 0.0783 0.0453 0.0551 
        D303  4 0.0641 0.7580 0.1070 0.0709 
        D304  4 0.3096 0.3192 0.2898 0.0814 
        D305  4 0.3978 0.0502 0.3827 0.1693 
        D306  4 0.2818 0.4250 0.1174 0.1758 
        D307  4 0.0302 0.0990 0.0758 0.7950 
        D327  4 0.7058 0.1275 0.0939 0.0729 
        D328  4 0.1054 0.7297 0.0793 0.0856 
        D329  4 0.2369 0.1418 0.4723 0.1491 
        D330  4 0.5312 0.0528 0.0615 0.3545 
        D331  4 0.2435 0.3035 0.2364 0.2166 
        D333  4 0.1800 0.3199 0.2661 0.2340 
        D334  4 0.1503 0.7065 0.0509 0.0924 
        D335  4 0.7415 0.1226 0.0857 0.0502 
        D370  4 0.1294 0.5915 0.0773 0.2018 
        D371  4 0.1333 0.7765 0.0565 0.0337 
        D372  4 0.0331 0.1315 0.7855 0.0499 
        D373  4 0.0651 0.0531 0.2129 0.6688 
        D455  4 0.0729 0.0522 0.0968 0.7781 
        D490  4 0.0323 0.0458 0.0308 0.8911 
        D497  4 0.0496 0.0486 0.0382 0.8636 
        D498  4 0.1295 0.4742 0.1732 0.2230 
        D499  4 0.1378 0.2606 0.5161 0.0854 
        D514  4 0.7589 0.0776 0.0660 0.0975 
        D515  4 0.1291 0.1152 0.0637 0.6920 
        D516  4 0.2547 0.2344 0.1659 0.3450 
        D517  4 0.0949 0.0390 0.1492 0.7170 
        D518  4 0.2528 0.2592 0.1954 0.2927 
        D519  4 0.1238 0.0638 0.1334 0.6791 
        D560  4 0.1817 0.0541 0.2429 0.5212 
        D561  4 0.3256 0.0277 0.0690 0.5778 
        D562  4 0.2232 0.2506 0.1971 0.3292 
        D563  4 0.1786 0.0482 0.6597 0.1136 
        D572  4 0.5404 0.1876 0.1069 0.1651 
        D629  4 0.5793 0.0958 0.0783 0.2466 
        D630  4 0.3112 0.2607 0.1656 0.2625 
        D631  4 0.2214 0.1395 0.5270 0.1121 
        D632  4 0.1418 0.0557 0.2045 0.5980 
        D646  4 0.3982 0.0615 0.1171 0.4231 
        D647  4 0.5968 0.0507 0.1031 0.2494 
        D648  4 0.0578 0.8065 0.0702 0.0655 
        D649  4 0.6075 0.0624 0.0512 0.2789 
        D650  4 0.2902 0.3087 0.1319 0.2692 
        D708  4 0.1530 0.6135 0.1269 0.1066 
        D709  4 0.2349 0.4362 0.1051 0.2237 
        D738  4 0.1415 0.6234 0.0493 0.1858 
        D739  4 0.1307 0.1765 0.1460 0.5468 
        D740  4 0.1227 0.1769 0.3912 0.3091 
        D741  4 0.3779 0.0436 0.2109 0.3677 
        D742  4 0.1247 0.1963 0.5586 0.1205 
        D743  4 0.7800 0.0694 0.1048 0.0458 
        D744  4 0.6327 0.0587 0.2135 0.0951 
        D745  4 0.0742 0.0499 0.0616 0.8143 
        D814  4 0.1477 0.0552 0.6669 0.1302 
        D815  4 0.5384 0.2187 0.1176 0.1253 
        D828  4 0.0397 0.6720 0.2038 0.0845 
        D845  4 0.0543 0.0691 0.8406 0.0361 
        D846  4 0.4492 0.0425 0.3607 0.1476 
        D847  4 0.2776 0.1967 0.1945 0.3313 
        D848  4 0.0441 0.0413 0.3722 0.5424 
        D849  4 0.1079 0.0538 0.0679 0.7704 
        D850  4 0.3816 0.1588 0.1890 0.2706 
        D856  4 0.2301 0.1484 0.0803 0.5413 
        D857  4 0.0215 0.0811 0.0583 0.8390 
        D859  4 0.4231 0.1724 0.3144 0.0900 
        D860  4 0.2503 0.4470 0.2603 0.0424 
        D883  4 0.3204 0.2794 0.0910 0.3092 
        D884  4 0.1611 0.3465 0.0531 0.4392 
        D885  4 0.3045 0.0704 0.4420 0.1831 
        D886  4 0.2841 0.1035 0.0975 0.5149 
        D887  4 0.2484 0.1723 0.4378 0.1415 
        D889  4 0.2495 0.1641 0.5306 0.0557 
        D890  4 0.1232 0.5965 0.1085 0.1719 
        D891  4 0.0341 0.0218 0.9206 0.0234 
        D899  4 0.1187 0.2534 0.5814 0.0465 
        D900  4 0.4142 0.2221 0.1649 0.1987 
        D970  4 0.4932 0.1505 0.2104 0.1459 
        D971  4 0.1924 0.1206 0.5893 0.0977 
        D979  4 0.7625 0.1050 0.0846 0.0479 
        D093  5 0.0791 0.7486 0.1002 0.0721 
        D154  5 0.0870 0.1965 0.5985 0.1180 
        D168  5 0.1697 0.0690 0.4973 0.2640 
        D189  5 0.0800 0.5766 0.2730 0.0704 
        D190  5 0.0623 0.8472 0.0609 0.0297 
     D237220  5 0.1238 0.1806 0.1595 0.5362 
     D237221  5 0.1833 0.4645 0.2477 0.1045 
     D237274  5 0.8802 0.0338 0.0348 0.0512 
     D237275  5 0.0379 0.0730 0.8160 0.0731 
     D237276  5 0.1506 0.5038 0.0803 0.2652 
     D237277  5 0.0812 0.6648 0.1925 0.0615 
     D237278  5 0.0765 0.2672 0.4920 0.1643 
     D237279  5 0.2746 0.0471 0.0599 0.6185 
     D237280  5 0.2932 0.1539 0.0668 0.4860 
     D237281  5 0.0747 0.0342 0.8645 0.0266 
     D237351  5 0.0545 0.1634 0.0837 0.6984 
     D237352  5 0.2665 0.1765 0.1171 0.4399 
     D237353  5 0.0435 0.8638 0.0594 0.0333 
     D237359  5 0.1629 0.1624 0.2959 0.3787 
     D237361  5 0.0402 0.8892 0.0289 0.0417 
     D237362  5 0.3272 0.3755 0.1618 0.1354 
     D237363  5 0.2116 0.1612 0.3645 0.2628 
     D237364  5 0.2665 0.0498 0.4408 0.2429 
     D237376  5 0.0340 0.8476 0.0682 0.0502 
     D237377  5 0.5472 0.1384 0.0707 0.2438 
     D237378  5 0.0356 0.7531 0.1646 0.0468 
     D237379  5 0.0884 0.6714 0.1323 0.1079 
     D237380  5 0.0941 0.2603 0.0291 0.6165 
     D237381  5 0.1523 0.1617 0.1158 0.5702 
     D237391  5 0.1047 0.7483 0.0806 0.0663 
     D237392  5 0.6575 0.1029 0.1345 0.1051 
     D237393  5 0.4985 0.2588 0.1206 0.1221 
     D237394  5 0.0564 0.8734 0.0257 0.0445 
     D237395  5 0.0610 0.6049 0.1617 0.1724 
     D237396  5 0.7449 0.0704 0.0933 0.0914 
     D244016  5 0.2400 0.4625 0.2091 0.0883 
     D244018  5 0.0993 0.2331 0.5209 0.1468 
     D244019  5 0.4293 0.2731 0.2188 0.0788 
        D279  5 0.1001 0.0975 0.6727 0.1298 
        D280  5 0.3227 0.3097 0.2445 0.1231 
        D281  5 0.0747 0.0824 0.8048 0.0380 
        D283  5 0.3831 0.4730 0.0951 0.0488 
        D284  5 0.1331 0.1586 0.1557 0.5526 
        D285  5 0.1810 0.5774 0.1533 0.0883 
        D286  5 0.2148 0.5353 0.1165 0.1334 
        D287  5 0.0443 0.7808 0.0644 0.1104 
        D288  5 0.4699 0.2655 0.2058 0.0588 
        D308  5 0.1153 0.0541 0.0293 0.8014 
        D309  5 0.8656 0.0500 0.0386 0.0458 
        D310  5 0.0474 0.8556 0.0620 0.0349 
        D311  5 0.1990 0.5624 0.1459 0.0927 
        D312  5 0.2572 0.5201 0.0941 0.1286 
        D313  5 0.0215 0.0338 0.0204 0.9243 
        D314  5 0.0704 0.2824 0.3779 0.2693 
        D315  5 0.2984 0.5024 0.0895 0.1098 
        D317  5 0.0544 0.8548 0.0476 0.0432 
        D318  5 0.3498 0.2018 0.2210 0.2274 
        D319  5 0.0446 0.8453 0.0615 0.0486 
        D320  5 0.0753 0.8039 0.0566 0.0642 
        D321  5 0.1303 0.1080 0.0909 0.6708 
        D336  5 0.0617 0.8799 0.0269 0.0314 
        D337  5 0.0446 0.8698 0.0655 0.0201 
        D338  5 0.2608 0.1881 0.2761 0.2751 
        D339  5 0.0719 0.6330 0.2083 0.0868 
        D347  5 0.3914 0.3440 0.2020 0.0626 
        D348  5 0.0858 0.8119 0.0653 0.0370 
        D349  5 0.0548 0.1026 0.0485 0.7941 
        D350  5 0.7000 0.0842 0.1258 0.0900 
        D355  5 0.3983 0.0645 0.4886 0.0486 
        D356  5 0.2482 0.5518 0.0556 0.1445 
        D357  5 0.1994 0.4772 0.1528 0.1706 
        D358  5 0.2654 0.5317 0.1012 0.1017 
        D359  5 0.4336 0.4833 0.0392 0.0439 
        D360  5 0.1428 0.6740 0.0563 0.1269 
        D361  5 0.0542 0.0525 0.0353 0.8580 
        D366  5 0.5735 0.0448 0.2930 0.0887 
        D367  5 0.0514 0.7915 0.0643 0.0928 
        D368  5 0.1838 0.3698 0.0778 0.3686 
        D380  5 0.6917 0.0716 0.1080 0.1287 
        D381  5 0.1851 0.5816 0.1543 0.0790 
        D400  5 0.1469 0.4368 0.3561 0.0602 
        D411  5 0.0308 0.0287 0.0392 0.9012 
        D412  5 0.2243 0.1779 0.3967 0.2011 
        D413  5 0.1169 0.0602 0.7412 0.0817 
        D414  5 0.2228 0.0949 0.6040 0.0783 
        D420  5 0.1275 0.2244 0.2695 0.3786 
        D431  5 0.0551 0.3769 0.3479 0.2201 
        D432  5 0.1126 0.5645 0.1904 0.1325 
        D433  5 0.0842 0.6778 0.1700 0.0680 
        D434  5 0.1953 0.6227 0.0679 0.1142 
        D440  5 0.7191 0.0747 0.0880 0.1182 
        D447  5 0.7190 0.0586 0.0875 0.1349 
        D448  5 0.0811 0.8022 0.0783 0.0384 
        D459  5 0.1638 0.0519 0.7418 0.0424 
        D460  5 0.1963 0.0944 0.0483 0.6610 
        D461  5 0.8709 0.0568 0.0413 0.0310 
        D468  5 0.2728 0.4971 0.0857 0.1443 
        D469  5 0.5336 0.1748 0.0862 0.2054 
        D470  5 0.1433 0.3389 0.1056 0.4123 
        D471  5 0.1009 0.7455 0.1218 0.0318 
        D472  5 0.7119 0.0380 0.2155 0.0346 
        D479  5 0.0589 0.0784 0.8072 0.0555 
        D485  5 0.1128 0.5768 0.1658 0.1447 
        D486  5 0.1789 0.4776 0.0594 0.2840 
        D487  5 0.0612 0.3046 0.5681 0.0660 
        D555  5 0.0372 0.8648 0.0709 0.0271 
        D556  5 0.1588 0.4565 0.2609 0.1238 
        D557  5 0.0904 0.8147 0.0663 0.0286 
        D564  5 0.1946 0.4992 0.1104 0.1958 
        D594  5 0.4014 0.3496 0.1375 0.1114 
        D595  5 0.2844 0.4511 0.1638 0.1006 
        D596  5 0.0378 0.8762 0.0517 0.0343 
        D597  5 0.2749 0.3039 0.3673 0.0538 
        D598  5 0.1557 0.5117 0.1460 0.1866 
        D617  5 0.0483 0.0440 0.2056 0.7021 
        D618  5 0.1311 0.5973 0.2004 0.0711 
        D619  5 0.3719 0.3235 0.0713 0.2333 
        D620  5 0.0623 0.0357 0.8648 0.0372 
        D628  5 0.2381 0.3677 0.1644 0.2297 
        D714  5 0.0598 0.5689 0.2996 0.0717 
        D715  5 0.1809 0.6169 0.1468 0.0554 
        D716  5 0.2271 0.3912 0.3006 0.0811 
        D717  5 0.4385 0.2603 0.1068 0.1945 
        D718  5 0.0571 0.4550 0.1179 0.3700 
        D769  5 0.0550 0.0646 0.1451 0.7353 
        D770  5 0.1043 0.3194 0.4984 0.0779 
        D771  5 0.1262 0.2664 0.4464 0.1610 
        D772  5 0.1624 0.6242 0.1245 0.0889 
        D782  5 0.2665 0.0698 0.2710 0.3927 
        D783  5 0.0918 0.2180 0.6177 0.0726 
        D784  5 0.6732 0.1374 0.1094 0.0801 
        D785  5 0.0639 0.8305 0.0316 0.0739 
        D786  5 0.2887 0.0622 0.0914 0.5577 
        D821  5 0.0285 0.9132 0.0380 0.0203 
        D822  5 0.5793 0.2592 0.0952 0.0663 
        D826  5 0.1215 0.3888 0.4212 0.0685 
        D827  5 0.6980 0.0985 0.1089 0.0945 
        D851  5 0.4443 0.2409 0.1448 0.1699 
        D852  5 0.0971 0.2325 0.5332 0.1372 
        D853  5 0.1845 0.5563 0.1417 0.1175 
        D854  5 0.3639 0.1198 0.3158 0.2005 
        D861  5 0.1955 0.2572 0.3618 0.1856 
        D862  5 0.3115 0.5630 0.0562 0.0692 
        D865  5 0.0533 0.7641 0.1103 0.0723 
        D868  5 0.6727 0.1399 0.0823 0.1052 
        D869  5 0.0583 0.0787 0.0519 0.8111 
        D870  5 0.2855 0.0427 0.1324 0.5394 
        D907  5 0.0629 0.7520 0.0725 0.1126 
        D908  5 0.0500 0.2861 0.5922 0.0718 
        D910  5 0.1141 0.5464 0.2893 0.0502 
        D911  5 0.2933 0.0583 0.6097 0.0386 
        D934  5 0.1572 0.2083 0.5496 0.0850 
        D946  5 0.0843 0.2956 0.4482 0.1719 
        D947  5 0.4786 0.1480 0.1855 0.1879 
        D948  5 0.0780 0.1381 0.0518 0.7321 
        D949  5 0.0803 0.1115 0.0490 0.7592 
        D950  5 0.2415 0.0668 0.6567 0.0351 
        D951  5 0.7448 0.1335 0.0453 0.0763 
        D952  5 0.6746 0.1633 0.0944 0.0677 
        D953  5 0.1308 0.7213 0.0777 0.0702 
        D954  5 0.5108 0.3540 0.0589 0.0763 
        D961  5 0.0705 0.6892 0.1113 0.1290 
        D962  5 0.1003 0.8162 0.0282 0.0553 
        D963  5 0.3952 0.4085 0.1403 0.0560 
        D964  5 0.1227 0.2398 0.2667 0.3709 
        D965  5 0.2429 0.3579 0.2456 0.1537 
        D966  5 0.2814 0.3890 0.2630 0.0666 
        D967  5 0.1671 0.3079 0.3331 0.1919 
        D991  5 0.1959 0.3524 0.0965 0.3553 
        D502  6 0.1514 0.0802 0.3673 0.4010 
        D503  6 0.0587 0.0710 0.5681 0.3021 
        D504  6 0.4741 0.1963 0.1705 0.1591 
        D505  6 0.2142 0.4052 0.2291 0.1516 
        D506  6 0.0496 0.8932 0.0263 0.0309 
        D507  6 0.1588 0.1078 0.5241 0.2093 
        D508  6 0.5405 0.1349 0.2235 0.1011 
        D529  6 0.2243 0.2531 0.1676 0.3550 
        D530  6 0.0594 0.6666 0.1061 0.1680 
        D531  6 0.4030 0.2565 0.1736 0.1669 
        D532  6 0.2554 0.5846 0.0964 0.0637 
        D534  6 0.1247 0.0505 0.0719 0.7530 
        D535  6 0.2669 0.5782 0.0541 0.1009 
        D536  6 0.0555 0.0460 0.7651 0.1334 
        D554  6 0.0749 0.7062 0.0710 0.1480 
        D587  6 0.1308 0.7358 0.0754 0.0580 
        D588  6 0.4699 0.3680 0.0887 0.0735 
        D589  6 0.0844 0.1564 0.6379 0.1213 
        D590  6 0.0786 0.0623 0.7897 0.0695 
        D591  6 0.2409 0.2595 0.2884 0.2112 
        D592  6 0.0947 0.1005 0.1032 0.7016 
        D593  6 0.0395 0.7876 0.0886 0.0843 
        D682  6 0.0625 0.8199 0.0557 0.0620 
        D683  6 0.5971 0.2407 0.0515 0.1106 
        D684  6 0.1179 0.0378 0.4099 0.4344 
        D685  6 0.0699 0.2081 0.4126 0.3094 
        D686  6 0.0738 0.8329 0.0492 0.0442 
        D724  6 0.4737 0.0827 0.2104 0.2332 
        D725  6 0.0883 0.4736 0.2912 0.1469 
        D726  6 0.0459 0.8619 0.0361 0.0561 
        D727  6 0.3442 0.1574 0.3898 0.1086 
        D728  6 0.0754 0.7785 0.0510 0.0951 
        D729  6 0.3724 0.0426 0.1419 0.4431 
        D730  6 0.2455 0.0861 0.3139 0.3545 
        D731  6 0.0310 0.6546 0.2794 0.0351 
        D732  6 0.5656 0.1717 0.1376 0.1251 
        D733  6 0.2215 0.2718 0.1814 0.3252 
     D237251  7 0.1013 0.1660 0.6447 0.0881 
     D237252  7 0.0947 0.0537 0.3216 0.5300 
     D237253  7 0.1239 0.2658 0.5088 0.1015 
     D237254  7 0.0576 0.0307 0.0519 0.8598 
     D237255  7 0.0685 0.0919 0.7918 0.0478 
     D237256  7 0.1934 0.1076 0.6443 0.0548 
     D237257  7 0.2091 0.0899 0.1372 0.5639 
     D237282  7 0.7252 0.0472 0.1056 0.1221 
     D237283  7 0.0235 0.0360 0.0779 0.8625 
     D237284  7 0.0923 0.0355 0.0551 0.8171 
     D237285  7 0.1022 0.5660 0.2184 0.1134 
     D237286  7 0.3954 0.2664 0.1926 0.1456 
     D237287  7 0.2712 0.0883 0.5139 0.1266 
     D244006  7 0.0479 0.0352 0.0425 0.8743 
     D244007  7 0.3405 0.0844 0.4258 0.1493 
     D244008  7 0.0420 0.0759 0.0435 0.8386 
     D244009  7 0.1478 0.1418 0.0571 0.6532 
     D244010  7 0.1498 0.0984 0.1644 0.5874 
     D244011  7 0.1109 0.3560 0.3145 0.2186 
     D244012  7 0.2294 0.0946 0.3954 0.2806 
     D244013  7 0.2327 0.2611 0.4156 0.0907 
     D244014  7 0.1301 0.1093 0.4314 0.3292 
     D244015  7 0.2086 0.0656 0.0989 0.6268 
     D244125  7 0.2471 0.3281 0.3440 0.0809 
     D244126  7 0.0342 0.0241 0.0304 0.9114 
     D244130  7 0.2080 0.1953 0.1831 0.4135 
     D244131  7 0.3754 0.2902 0.1270 0.2074 
     D244132  7 0.4033 0.4580 0.0662 0.0725 
        D520  7 0.1403 0.3491 0.0697 0.4409 
        D521  7 0.3190 0.2287 0.1509 0.3014 
        D522  7 0.2555 0.0984 0.1015 0.5446 
        D523  7 0.0657 0.0868 0.7903 0.0573 
        D524  7 0.1401 0.2692 0.4231 0.1676 
        D525  7 0.0671 0.0567 0.3367 0.5394 
        D526  7 0.0967 0.0279 0.0516 0.8238 
        D527  7 0.4317 0.1592 0.1923 0.2167 
        D528  7 0.5704 0.0253 0.0232 0.3812 
        D558  7 0.5188 0.0678 0.1914 0.2220 
        D559  7 0.5852 0.0350 0.2188 0.1609 
        D640  7 0.2249 0.3900 0.2740 0.1111 
        D641  7 0.0551 0.4255 0.2602 0.2592 
        D642  7 0.0897 0.1142 0.2738 0.5224 
        D644  7 0.1588 0.3736 0.1763 0.2913 
        D645  7 0.1604 0.2238 0.3785 0.2372 
        D662  7 0.2995 0.1890 0.0334 0.4781 
        D687  7 0.2184 0.1485 0.4544 0.1787 
        D688  7 0.5413 0.0611 0.1847 0.2129 
        D689  7 0.3267 0.3178 0.2044 0.1511 
        D700  7 0.5949 0.0242 0.0273 0.3535 
        D797  7 0.2618 0.2706 0.2622 0.2054 
        D798  7 0.1483 0.0709 0.0484 0.7324 
        D799  7 0.1306 0.0593 0.6148 0.1953 
        D800  7 0.6467 0.0508 0.1856 0.1169 
        D132  8 0.0611 0.0552 0.0379 0.8459 
        D133  8 0.0295 0.0252 0.8671 0.0782 
        D200  8 0.2161 0.2590 0.3678 0.1571 
        D500  8 0.0401 0.0421 0.0261 0.8916 
        D614  8 0.1137 0.6281 0.0770 0.1813 
        D723  8 0.4052 0.0980 0.1467 0.3502 
        D888  8 0.0809 0.0598 0.8109 0.0484 
        D901  8 0.0452 0.1837 0.1400 0.6310 
        D902  8 0.0637 0.7668 0.0748 0.0948 
        D903  8 0.6028 0.2532 0.0936 0.0504 
        D904  8 0.5156 0.1418 0.1363 0.2063 
        D905  8 0.0263 0.1833 0.7578 0.0326 
        D906  8 0.1826 0.0512 0.6433 0.1229 
        D937  8 0.0222 0.8579 0.0721 0.0479 
        D943  8 0.2081 0.0892 0.2066 0.4961 
        D972  8 0.2687 0.0972 0.1117 0.5225 
        D973  8 0.6820 0.0803 0.0482 0.1895 
        D974  8 0.1797 0.3790 0.1730 0.2683 
        D975  8 0.1772 0.3978 0.2730 0.1520 
        D976  8 0.0909 0.3256 0.2926 0.2909 
        D201  9 0.1860 0.0746 0.6384 0.1011 
        D202  9 0.0720 0.2039 0.4821 0.2420 
     D237259  9 0.5588 0.0405 0.1210 0.2796 
     D237260  9 0.0440 0.0899 0.6059 0.2602 
     D237262  9 0.0564 0.0460 0.0432 0.8545 
     D237263  9 0.1381 0.0601 0.2781 0.5238 
     D237264  9 0.1681 0.2475 0.1936 0.3908 
     D237265  9 0.0447 0.0757 0.7919 0.0877 
     D237266  9 0.0984 0.0432 0.6107 0.2478 
     D237267  9 0.1159 0.4783 0.1064 0.2995 
     D237268  9 0.1547 0.1502 0.0843 0.6109 
     D237289  9 0.0422 0.4290 0.4299 0.0988 
     D237290  9 0.0374 0.0334 0.8747 0.0545 
     D237291  9 0.0619 0.0855 0.7539 0.0987 
     D237292  9 0.0511 0.0463 0.5693 0.3333 
     D237293  9 0.1658 0.3645 0.1076 0.3621 
     D237294  9 0.0327 0.1383 0.2575 0.5715 
     D237295  9 0.3629 0.2945 0.0480 0.2947 
     D237296  9 0.1843 0.2004 0.2666 0.3487 
     D237297  9 0.0799 0.7224 0.1131 0.0846 
     D237298  9 0.3024 0.1148 0.2881 0.2947 
     D237341  9 0.2880 0.0951 0.4496 0.1674 
     D237342  9 0.1045 0.1242 0.0976 0.6737 
     D237343  9 0.1425 0.0735 0.3867 0.3973 
     D237344  9 0.0823 0.5995 0.2129 0.1052 
     D237345  9 0.0590 0.0309 0.0640 0.8461 
     D237346  9 0.0747 0.1793 0.6105 0.1354 
     D237347  9 0.1470 0.5246 0.2327 0.0958 
     D237348  9 0.1432 0.2787 0.2147 0.3634 
     D237349  9 0.3613 0.0383 0.3463 0.2541 
     D244109  9 0.1814 0.0199 0.6148 0.1838 
     D244110  9 0.1043 0.0404 0.7272 0.1281 
     D244111  9 0.2868 0.1626 0.3565 0.1941 
     D244128  9 0.0718 0.0660 0.0704 0.7919 
     D244137  9 0.6490 0.1039 0.0779 0.1692 
     D244138  9 0.1015 0.1983 0.5298 0.1704 
        D580  9 0.0993 0.1018 0.0450 0.7539 
        D581  9 0.0387 0.0373 0.8460 0.0781 
        D582  9 0.0317 0.0348 0.0246 0.9089 
        D583  9 0.0370 0.0473 0.8232 0.0924 
        D584  9 0.0475 0.5919 0.0678 0.2929 
        D585  9 0.0806 0.0462 0.2422 0.6310 
        D586  9 0.0531 0.0894 0.8088 0.0487 
        D651  9 0.5048 0.1950 0.1701 0.1301 
        D652  9 0.3365 0.0436 0.1562 0.4637 
        D653  9 0.3952 0.1101 0.3885 0.1062 
        D654  9 0.3691 0.0588 0.3528 0.2193 
        D655  9 0.2058 0.3227 0.3684 0.1031 
        D656  9 0.0854 0.0689 0.0719 0.7738 
        D657  9 0.1291 0.1818 0.2339 0.4551 
        D667  9 0.0883 0.5583 0.2540 0.0995 
        D668  9 0.0984 0.1777 0.2470 0.4768 
        D669  9 0.0954 0.0816 0.6706 0.1525 
        D670  9 0.7120 0.0995 0.0866 0.1020 
        D671  9 0.0829 0.0778 0.7320 0.1073 
        D672  9 0.0696 0.0628 0.1159 0.7517 
        D673  9 0.1578 0.3466 0.1690 0.3266 
        D692  9 0.0692 0.0511 0.2277 0.6520 
        D693  9 0.1860 0.3973 0.1406 0.2761 
        D694  9 0.0368 0.0764 0.0581 0.8287 
        D695  9 0.2958 0.1043 0.0964 0.5035 
        D696  9 0.0283 0.9152 0.0318 0.0247 
        D697  9 0.1839 0.5016 0.2003 0.1142 
        D698  9 0.0672 0.4048 0.4178 0.1102 
        D699  9 0.0468 0.6958 0.1370 0.1205 
        D787  9 0.4572 0.0463 0.1849 0.3117 
        D788  9 0.0872 0.7353 0.0394 0.1380 
        D789  9 0.0652 0.3678 0.1856 0.3814 
        D790  9 0.2378 0.1621 0.2893 0.3108 
        D791  9 0.0588 0.2308 0.5943 0.1161 
        D792  9 0.4315 0.0626 0.3064 0.1995 
        D793  9 0.2655 0.5224 0.1386 0.0735 
        D794  9 0.2859 0.4685 0.1499 0.0956 
        D795  9 0.0352 0.1519 0.0981 0.7148 
        D796  9 0.0889 0.1714 0.5647 0.1750 
        D142 10 0.2107 0.5058 0.2012 0.0822 
        D143 10 0.0482 0.1267 0.7615 0.0636 
        D144 10 0.2611 0.3283 0.1430 0.2676 
        D145 10 0.0776 0.0552 0.8100 0.0572 
        D146 10 0.1126 0.1319 0.0544 0.7011 
        D147 10 0.2623 0.1288 0.1850 0.4239 
        D148 10 0.3664 0.1421 0.1547 0.3369 
        D149 10 0.0962 0.0416 0.7971 0.0650 
        D151 10 0.1502 0.0980 0.2825 0.4693 
        D152 10 0.0284 0.0250 0.9139 0.0326 
        D153 10 0.4992 0.3305 0.0501 0.1203 
        D156 10 0.6670 0.0969 0.1590 0.0771 
        D157 10 0.0830 0.6709 0.0705 0.1756 
        D158 10 0.0569 0.3465 0.3522 0.2444 
        D159 10 0.0404 0.0487 0.8753 0.0356 
        D160 10 0.0238 0.2703 0.6593 0.0466 
        D161 10 0.3994 0.2585 0.1626 0.1795 
        D162 10 0.5307 0.1806 0.2446 0.0441 
        D169 10 0.0815 0.0502 0.0844 0.7839 
        D170 10 0.1064 0.1385 0.0643 0.6908 
        D171 10 0.1200 0.6791 0.0736 0.1273 
        D172 10 0.3443 0.1586 0.2598 0.2372 
        D173 10 0.0930 0.0233 0.8309 0.0528 
        D181 10 0.1922 0.5780 0.1506 0.0791 
        D182 10 0.1804 0.0741 0.4926 0.2529 
        D183 10 0.0552 0.8319 0.0460 0.0669 
        D184 10 0.0837 0.0242 0.0180 0.8741 
        D185 10 0.5180 0.1453 0.0934 0.2433 
        D186 10 0.0427 0.0449 0.0920 0.8204 
        D194 10 0.1746 0.1372 0.0957 0.5925 
        D195 10 0.2388 0.2680 0.4073 0.0859 
        D196 10 0.4488 0.1530 0.3452 0.0530 
        D197 10 0.0336 0.0818 0.1976 0.6870 
        D198 10 0.4245 0.2387 0.0501 0.2867 
     D237226 10 0.1193 0.0427 0.6209 0.2171 
     D237232 10 0.0766 0.4232 0.3804 0.1199 
     D237233 10 0.0594 0.1770 0.6619 0.1017 
     D237234 10 0.1432 0.5150 0.2110 0.1308 
     D237354 10 0.0363 0.0352 0.8993 0.0291 
     D237355 10 0.0854 0.1173 0.7033 0.0940 
     D237356 10 0.2823 0.5130 0.0410 0.1637 
     D237357 10 0.1189 0.1373 0.5105 0.2334 
     D237358 10 0.4770 0.0775 0.1619 0.2837 
     D237369 10 0.0979 0.0305 0.0555 0.8161 
     D237370 10 0.0475 0.7832 0.1059 0.0633 
     D237371 10 0.5850 0.0852 0.0869 0.2429 
     D237372 10 0.1199 0.0509 0.4492 0.3800 
     D237373 10 0.1054 0.4248 0.3905 0.0793 
     D237374 10 0.0483 0.1893 0.7199 0.0424 
     D237375 10 0.3085 0.1326 0.3439 0.2151 
     D237400 10 0.0316 0.0382 0.9056 0.0246 
     D244002 10 0.1989 0.0382 0.0992 0.6637 
     D244003 10 0.0197 0.3689 0.5474 0.0639 
     D244004 10 0.0187 0.9247 0.0204 0.0362 
     D244005 10 0.1026 0.0497 0.6216 0.2262 
     D244020 10 0.2603 0.4882 0.1251 0.1265 
     D244021 10 0.0885 0.1104 0.2769 0.5242 
     D244116 10 0.1610 0.1757 0.1231 0.5401 
     D244117 10 0.0712 0.4579 0.4113 0.0595 
     D244121 10 0.0464 0.6543 0.2035 0.0958 
     D244123 10 0.1147 0.4870 0.2852 0.1131 
     D244124 10 0.0539 0.1815 0.3828 0.3817 
        D332 10 0.7202 0.1339 0.0701 0.0758 
        D570 10 0.0787 0.8334 0.0421 0.0458 
        D602 10 0.7775 0.0710 0.0857 0.0658 
        D603 10 0.0966 0.4102 0.2821 0.2111 
        D604 10 0.3926 0.1448 0.4072 0.0554 
        D605 10 0.5411 0.0958 0.1926 0.1705 
        D606 10 0.0594 0.2810 0.0407 0.6189 
        D607 10 0.8671 0.0489 0.0427 0.0414 
        D608 10 0.0648 0.0239 0.8897 0.0216 
        D609 10 0.2014 0.6776 0.0369 0.0841 
        D610 10 0.3348 0.3625 0.1738 0.1289 
        D611 10 0.0287 0.9260 0.0220 0.0233 
        D613 10 0.4714 0.3025 0.1480 0.0781 
        D633 10 0.7384 0.0468 0.1323 0.0826 
        D634 10 0.1243 0.5823 0.1309 0.1625 
        D638 10 0.0371 0.0537 0.8811 0.0281 
        D681 10 0.1090 0.4642 0.1334 0.2934 
        D754 10 0.0357 0.3740 0.0876 0.5027 
        D755 10 0.0225 0.4056 0.5258 0.0461 
        D756 10 0.0613 0.6280 0.1134 0.1974 
        D757 10 0.2306 0.1090 0.4332 0.2272 
        D758 10 0.2011 0.2535 0.2511 0.2944 
        D759 10 0.0660 0.3134 0.5381 0.0825 
        D760 10 0.1715 0.3500 0.3362 0.1423 
        D761 10 0.0302 0.0589 0.8831 0.0279 
        D762 10 0.7108 0.1020 0.0904 0.0968 
        D775 10 0.0326 0.6829 0.1987 0.0859 
        D776 10 0.0376 0.1055 0.8015 0.0554 
        D777 10 0.0714 0.4719 0.2375 0.2193 
        D778 10 0.0447 0.0463 0.7237 0.1852 
        D779 10 0.0596 0.4912 0.1504 0.2988 
        D780 10 0.1770 0.1770 0.5593 0.0867 
        D781 10 0.6142 0.1116 0.1599 0.1143 
        D858 10 0.0331 0.0244 0.0761 0.8664 
        D933 10 0.4502 0.2121 0.2497 0.0880 
        D038 11 0.2104 0.1152 0.5104 0.1640 
        D063 11 0.0996 0.3072 0.4793 0.1139 
        D155 11 0.1740 0.3833 0.3320 0.1107 
        D175 11 0.0560 0.5145 0.0785 0.3510 
        D176 11 0.0410 0.1989 0.6834 0.0767 
        D205 11 0.0512 0.7218 0.0323 0.1947 
     D237229 11 0.3233 0.0491 0.3556 0.2720 
     D237230 11 0.5119 0.0472 0.1617 0.2791 
     D237231 11 0.7979 0.0611 0.0872 0.0538 
     D237269 11 0.3847 0.1055 0.3582 0.1517 
     D237270 11 0.1443 0.0398 0.0943 0.7216 
     D237271 11 0.1672 0.6177 0.0774 0.1377 
     D237272 11 0.5241 0.0548 0.1306 0.2905 
     D237273 11 0.0783 0.6397 0.2172 0.0647 
     D237301 11 0.7203 0.1478 0.0711 0.0609 
     D237302 11 0.1467 0.0949 0.2119 0.5465 
     D237303 11 0.1899 0.0332 0.1803 0.5965 
     D237304 11 0.3494 0.2145 0.1688 0.2673 
     D237305 11 0.0609 0.1279 0.1352 0.6759 
     D237314 11 0.1674 0.3895 0.2198 0.2233 
     D237315 11 0.1522 0.0786 0.1176 0.6516 
     D237316 11 0.7752 0.1433 0.0373 0.0442 
     D237328 11 0.3582 0.2823 0.0394 0.3200 
     D237329 11 0.1162 0.1423 0.4229 0.3186 
     D237330 11 0.0536 0.6916 0.1957 0.0591 
     D237331 11 0.2415 0.3727 0.2794 0.1064 
     D237332 11 0.4488 0.2859 0.1009 0.1645 
     D237333 11 0.0685 0.3426 0.5463 0.0425 
     D237334 11 0.7394 0.1192 0.0745 0.0670 
     D237335 11 0.2867 0.3878 0.0695 0.2560 
     D237336 11 0.0981 0.1526 0.5461 0.2032 
     D237350 11 0.1407 0.6591 0.1289 0.0713 
     D237383 11 0.0676 0.2096 0.3137 0.4091 
     D237384 11 0.6036 0.0891 0.0723 0.2350 
     D237385 11 0.2750 0.2154 0.2391 0.2705 
     D237386 11 0.5684 0.1734 0.1431 0.1152 
     D237387 11 0.6137 0.1411 0.0534 0.1917 
     D237388 11 0.1161 0.7826 0.0581 0.0432 
        D239 11 0.2159 0.3967 0.2901 0.0972 
        D240 11 0.0380 0.0541 0.8231 0.0849 
        D241 11 0.6468 0.0399 0.1075 0.2058 
        D242 11 0.5344 0.1206 0.1972 0.1478 
        D243 11 0.1466 0.4967 0.1809 0.1758 
        D244 11 0.0807 0.7430 0.0514 0.1249 
