        D174  1 0.1103 0.3709 0.5188 
        D199  1 0.5561 0.0893 0.3545 
        D203  1 0.3905 0.4357 0.1737 
        D204  1 0.8854 0.0766 0.0381 
     D237366  1 0.1929 0.6798 0.1273 
     D237367  1 0.5244 0.3988 0.0768 
     D237368  1 0.2326 0.6838 0.0836 
     D244101  1 0.9242 0.0313 0.0444 
     D244102  1 0.1970 0.3866 0.4165 
     D244103  1 0.4266 0.4972 0.0762 
     D244104  1 0.5929 0.1316 0.2755 
     D244105  1 0.0817 0.8885 0.0299 
     D244106  1 0.0831 0.0992 0.8177 
     D244107  1 0.3393 0.6355 0.0251 
     D244108  1 0.1169 0.3970 0.4860 
     D244113  1 0.0558 0.0915 0.8527 
     D244114  1 0.4220 0.3094 0.2686 
     D244115  1 0.1750 0.2403 0.5847 
     D267365  1 0.2311 0.1274 0.6415 
        D404  1 0.0711 0.1044 0.8245 
        D405  1 0.1893 0.2416 0.5691 
        D406  1 0.0309 0.9466 0.0225 
        D407  1 0.8885 0.0835 0.0279 
        D408  1 0.0394 0.0359 0.9247 
        D409  1 0.3952 0.5401 0.0647 
        D410  1 0.0373 0.9371 0.0255 
        D421  1 0.9351 0.0268 0.0381 
        D422  1 0.0709 0.9079 0.0212 
        D423  1 0.1086 0.8753 0.0162 
        D424  1 0.7228 0.2196 0.0575 
        D425  1 0.4695 0.1185 0.4120 
        D426  1 0.5077 0.4254 0.0669 
        D427  1 0.8062 0.0483 0.1455 
        D428  1 0.4596 0.3007 0.2397 
        D429  1 0.3499 0.1826 0.4674 
        D430  1 0.2876 0.1423 0.5702 
        D491  1 0.0715 0.0571 0.8714 
        D492  1 0.5207 0.2782 0.2011 
        D537  1 0.7213 0.2292 0.0495 
        D538  1 0.1814 0.5261 0.2925 
        D539  1 0.0748 0.2973 0.6279 
        D540  1 0.4928 0.2367 0.2705 
        D541  1 0.8636 0.0961 0.0403 
        D551  1 0.5754 0.2712 0.1534 
        D552  1 0.1706 0.5130 0.3164 
        D553  1 0.9178 0.0444 0.0378 
        D615  1 0.2996 0.4344 0.2660 
        D616  1 0.4793 0.3350 0.1857 
        D621  1 0.0439 0.8587 0.0974 
        D622  1 0.0492 0.9006 0.0501 
        D623  1 0.2034 0.0728 0.7238 
        D624  1 0.1166 0.0795 0.8039 
        D625  1 0.5834 0.2972 0.1195 
        D626  1 0.1095 0.3130 0.5776 
        D627  1 0.5697 0.3407 0.0896 
        D690  1 0.4466 0.3777 0.1757 
        D691  1 0.0617 0.9036 0.0346 
        D710  1 0.5445 0.1509 0.3045 
        D711  1 0.5875 0.2669 0.1456 
        D712  1 0.0353 0.0757 0.8889 
        D713  1 0.3278 0.3409 0.3313 
        D746  1 0.0469 0.9262 0.0270 
        D747  1 0.8880 0.0553 0.0567 
        D748  1 0.2383 0.7091 0.0526 
        D749  1 0.0843 0.7900 0.1257 
        D750  1 0.1564 0.2258 0.6178 
        D763  1 0.6677 0.1637 0.1686 
        D764  1 0.3408 0.3279 0.3313 
        D765  1 0.0278 0.8461 0.1261 
        D766  1 0.2019 0.7348 0.0633 
        D767  1 0.3231 0.5152 0.1617 
        D768  1 0.8955 0.0769 0.0276 
        D811  1 0.0577 0.1191 0.8232 
        D816  1 0.6776 0.1310 0.1914 
        D825  1 0.1146 0.3732 0.5123 
        D866  1 0.1191 0.0966 0.7843 
        D867  1 0.0503 0.9229 0.0268 
        D871  1 0.4571 0.4727 0.0702 
        D872  1 0.2953 0.5897 0.1150 
        D873  1 0.0154 0.9641 0.0204 
        D874  1 0.4145 0.0632 0.5223 
        D875  1 0.3110 0.6588 0.0302 
        D876  1 0.3367 0.3685 0.2948 
        D877  1 0.1293 0.0451 0.8255 
        D892  1 0.2097 0.6243 0.1660 
        D893  1 0.5545 0.3435 0.1020 
        D894  1 0.4761 0.2360 0.2879 
        D915  1 0.4534 0.4735 0.0731 
        D916  1 0.7588 0.1706 0.0706 
        D917  1 0.4131 0.0747 0.5122 
        D925  1 0.0594 0.8649 0.0757 
        D926  1 0.5889 0.1663 0.2448 
        D927  1 0.7012 0.0862 0.2126 
        D928  1 0.0900 0.0381 0.8718 
        D929  1 0.1341 0.4435 0.4224 
        D936  1 0.6477 0.1293 0.2230 
        D938  1 0.0251 0.9487 0.0262 
        D956  1 0.0334 0.1053 0.8613 
        D957  1 0.1666 0.7241 0.1092 
        D958  1 0.2549 0.6006 0.1445 
        D959  1 0.8562 0.1209 0.0228 
        D960  1 0.0267 0.9393 0.0339 
        D989  1 0.1226 0.0360 0.8414 
        D990  1 0.0212 0.9109 0.0679 
        D023  2 0.3532 0.6220 0.0247 
        D130  2 0.0660 0.9092 0.0249 
        D131  2 0.7850 0.1419 0.0731 
        D163  2 0.0629 0.8987 0.0384 
        D164  2 0.2543 0.7238 0.0218 
        D165  2 0.2238 0.7520 0.0242 
        D166  2 0.1673 0.5379 0.2947 
        D167  2 0.4806 0.1689 0.3505 
        D192  2 0.5450 0.1859 0.2692 
        D193  2 0.0729 0.2109 0.7162 
        D206  2 0.6351 0.2682 0.0967 
        D207  2 0.6796 0.1105 0.2099 
        D208  2 0.0721 0.0804 0.8475 
        D209  2 0.5333 0.3504 0.1163 
        D210  2 0.2320 0.1060 0.6620 
     D229599  2 0.3267 0.2124 0.4609 
     D229600  2 0.1919 0.7601 0.0480 
     D237227  2 0.1037 0.1532 0.7431 
     D237228  2 0.0925 0.4201 0.4874 
     D237258  2 0.2769 0.2761 0.4470 
     D237310  2 0.0443 0.7928 0.1629 
     D237311  2 0.0911 0.8393 0.0696 
     D237312  2 0.0684 0.7324 0.1991 
     D237313  2 0.2646 0.3981 0.3373 
     D237322  2 0.1253 0.1642 0.7105 
     D237323  2 0.0262 0.7539 0.2199 
     D237324  2 0.3715 0.5762 0.0523 
     D237325  2 0.0799 0.7753 0.1448 
     D237326  2 0.2207 0.7033 0.0760 
     D237327  2 0.5276 0.1455 0.3269 
     D237337  2 0.0596 0.8733 0.0671 
     D237338  2 0.1242 0.6417 0.2341 
     D237339  2 0.8545 0.0602 0.0853 
     D237340  2 0.0961 0.5213 0.3826 
     D237389  2 0.0773 0.8611 0.0616 
     D237390  2 0.0871 0.7006 0.2123 
     D244017  2 0.0767 0.0855 0.8379 
     D244112  2 0.3290 0.4658 0.2053 
     D244118  2 0.1251 0.7937 0.0812 
     D244119  2 0.1098 0.0701 0.8202 
     D244120  2 0.0638 0.1933 0.7429 
     D244122  2 0.3123 0.2937 0.3941 
        D291  2 0.3101 0.1913 0.4986 
        D292  2 0.3517 0.1101 0.5382 
        D293  2 0.9743 0.0110 0.0147 
        D322  2 0.9196 0.0457 0.0346 
        D323  2 0.5827 0.1210 0.2962 
        D324  2 0.5060 0.2241 0.2699 
        D325  2 0.9671 0.0185 0.0144 
        D326  2 0.9315 0.0243 0.0442 
        D340  2 0.9420 0.0321 0.0259 
        D341  2 0.8019 0.1149 0.0831 
        D342  2 0.2946 0.5443 0.1611 
        D343  2 0.9762 0.0110 0.0127 
        D344  2 0.5783 0.2500 0.1718 
        D345  2 0.3924 0.3901 0.2176 
        D346  2 0.1712 0.0683 0.7605 
        D351  2 0.7830 0.1485 0.0684 
        D352  2 0.4796 0.2099 0.3106 
        D353  2 0.9133 0.0331 0.0536 
        D354  2 0.2982 0.2871 0.4147 
        D362  2 0.6273 0.1836 0.1891 
        D363  2 0.6468 0.0846 0.2686 
        D364  2 0.4670 0.2654 0.2676 
        D365  2 0.9686 0.0132 0.0182 
        D369  2 0.5093 0.1625 0.3282 
        D374  2 0.0347 0.0646 0.9007 
        D375  2 0.3460 0.3646 0.2895 
        D376  2 0.0277 0.1213 0.8510 
        D377  2 0.1458 0.4190 0.4352 
        D378  2 0.9044 0.0658 0.0298 
        D379  2 0.8049 0.1229 0.0722 
        D384  2 0.8782 0.0476 0.0742 
        D385  2 0.8838 0.0369 0.0793 
        D386  2 0.8061 0.1330 0.0609 
        D391  2 0.9531 0.0235 0.0234 
        D392  2 0.7472 0.1440 0.1088 
        D393  2 0.8248 0.1063 0.0688 
        D394  2 0.2069 0.6717 0.1214 
        D395  2 0.8358 0.0740 0.0902 
        D401  2 0.0451 0.8934 0.0616 
        D402  2 0.9024 0.0495 0.0481 
        D403  2 0.5460 0.3656 0.0883 
        D415  2 0.7994 0.1772 0.0234 
        D435  2 0.8702 0.0997 0.0300 
        D436  2 0.5613 0.2510 0.1877 
        D438  2 0.9477 0.0193 0.0330 
        D439  2 0.6628 0.2611 0.0762 
        D449  2 0.8239 0.1308 0.0453 
        D450  2 0.2048 0.2376 0.5576 
        D456  2 0.9183 0.0493 0.0324 
        D462  2 0.9664 0.0179 0.0157 
        D463  2 0.9285 0.0308 0.0407 
        D464  2 0.8524 0.0379 0.1097 
        D465  2 0.8854 0.0756 0.0390 
        D473  2 0.0842 0.2423 0.6735 
        D474  2 0.6206 0.1313 0.2480 
        D476  2 0.2117 0.7601 0.0282 
        D477  2 0.4933 0.1448 0.3619 
        D478  2 0.2557 0.2710 0.4732 
        D480  2 0.7818 0.0426 0.1757 
        D481  2 0.4145 0.2553 0.3301 
        D482  2 0.0881 0.1765 0.7354 
        D483  2 0.5534 0.1615 0.2852 
        D484  2 0.2958 0.1759 0.5282 
        D510  2 0.0384 0.0422 0.9194 
        D511  2 0.8270 0.0990 0.0740 
        D512  2 0.3024 0.6305 0.0671 
        D513  2 0.7971 0.0961 0.1069 
        D635  2 0.7790 0.1595 0.0615 
        D636  2 0.0342 0.9431 0.0227 
        D637  2 0.4484 0.2046 0.3470 
        D658  2 0.2576 0.2450 0.4974 
        D659  2 0.7984 0.1241 0.0775 
        D677  2 0.4376 0.4389 0.1236 
        D678  2 0.4405 0.3017 0.2579 
        D679  2 0.7994 0.0658 0.1348 
        D719  2 0.4367 0.0396 0.5237 
        D720  2 0.7427 0.1043 0.1530 
        D721  2 0.4032 0.5608 0.0360 
        D722  2 0.0711 0.0876 0.8412 
        D734  2 0.2838 0.0270 0.6892 
        D735  2 0.5867 0.2284 0.1849 
        D736  2 0.2082 0.1105 0.6813 
        D737  2 0.1682 0.3545 0.4773 
        D807  2 0.2325 0.1458 0.6217 
        D808  2 0.3474 0.5354 0.1172 
        D817  2 0.4583 0.1548 0.3869 
        D818  2 0.8279 0.0980 0.0742 
        D819  2 0.4450 0.2888 0.2662 
        D820  2 0.9243 0.0384 0.0373 
        D895  2 0.5828 0.3160 0.1011 
        D896  2 0.0243 0.9355 0.0402 
        D897  2 0.5114 0.2745 0.2141 
        D898  2 0.1091 0.2211 0.6698 
        D918  2 0.2600 0.5285 0.2114 
        D919  2 0.8697 0.0728 0.0575 
        D920  2 0.0251 0.9437 0.0311 
        D923  2 0.8281 0.1012 0.0707 
        D930  2 0.5148 0.1971 0.2881 
        D931  2 0.6200 0.1168 0.2632 
        D968  2 0.9399 0.0195 0.0406 
        D969  2 0.6609 0.0802 0.2588 
        D977  2 0.8475 0.1069 0.0455 
        D978  2 0.3752 0.1278 0.4970 
        D211  3 0.1504 0.7984 0.0512 
     D229639  3 0.1043 0.0524 0.8433 
     D237212  3 0.5186 0.2291 0.2523 
     D237213  3 0.3006 0.5975 0.1019 
     D237214  3 0.2681 0.6781 0.0538 
     D237215  3 0.0686 0.0660 0.8654 
     D237216  3 0.5952 0.3219 0.0829 
     D237217  3 0.2772 0.6935 0.0293 
     D237218  3 0.4918 0.2776 0.2306 
     D237219  3 0.0450 0.5944 0.3606 
     D237382  3 0.2059 0.5350 0.2591 
     D244127  3 0.1090 0.8321 0.0589 
     D244129  3 0.4627 0.3767 0.1606 
     D244133  3 0.2272 0.1952 0.5776 
     D244134  3 0.0707 0.1465 0.7828 
     D244135  3 0.2052 0.7536 0.0412 
     D244136  3 0.3642 0.1155 0.5204 
        D416  3 0.5304 0.3156 0.1540 
        D417  3 0.6353 0.3089 0.0558 
        D419  3 0.2380 0.4908 0.2712 
        D565  3 0.0797 0.0337 0.8866 
        D566  3 0.0875 0.0392 0.8732 
        D567  3 0.5629 0.3548 0.0823 
        D568  3 0.3680 0.5803 0.0517 
        D569  3 0.5941 0.2549 0.1510 
        D573  3 0.8631 0.0563 0.0806 
        D574  3 0.0753 0.1217 0.8030 
        D575  3 0.3035 0.3208 0.3757 
        D576  3 0.1247 0.1174 0.7579 
        D577  3 0.5631 0.2846 0.1523 
        D578  3 0.0701 0.9012 0.0287 
        D579  3 0.4628 0.1530 0.3843 
        D660  3 0.3409 0.4264 0.2326 
        D661  3 0.3313 0.3067 0.3620 
        D663  3 0.5152 0.0688 0.4160 
        D664  3 0.0862 0.6014 0.3124 
        D665  3 0.1828 0.7348 0.0824 
        D666  3 0.1686 0.4213 0.4101 
        D009  4 0.2288 0.6934 0.0778 
        D057  4 0.3618 0.4876 0.1506 
        D109  4 0.0846 0.8183 0.0971 
     D237222  4 0.0454 0.8721 0.0824 
     D237223  4 0.2043 0.6948 0.1009 
     D237224  4 0.5815 0.1023 0.3163 
     D237225  4 0.3234 0.5666 0.1100 
     D237299  4 0.1180 0.7705 0.1115 
     D237300  4 0.0452 0.0442 0.9107 
     D237306  4 0.2131 0.3223 0.4646 
     D237307  4 0.3568 0.1474 0.4958 
     D237308  4 0.5005 0.2835 0.2160 
     D237309  4 0.3216 0.5680 0.1103 
     D237317  4 0.2553 0.1205 0.6242 
     D237318  4 0.1678 0.0256 0.8066 
     D237319  4 0.1870 0.6200 0.1930 
     D237320  4 0.2967 0.5906 0.1127 
     D237321  4 0.1145 0.1165 0.7691 
     D237397  4 0.2444 0.4114 0.3443 
     D237398  4 0.5887 0.1322 0.2791 
     D237399  4 0.1865 0.2412 0.5722 
     D244001  4 0.0836 0.8662 0.0502 
        D289  4 0.4643 0.1418 0.3940 
        D290  4 0.2206 0.1868 0.5926 
        D294  4 0.4975 0.2736 0.2288 
        D295  4 0.3240 0.4421 0.2338 
        D301  4 0.0229 0.8929 0.0843 
        D302  4 0.7773 0.1379 0.0848 
        D303  4 0.0691 0.1763 0.7545 
        D304  4 0.1022 0.0604 0.8374 
        D305  4 0.6304 0.3303 0.0393 
        D306  4 0.0995 0.1008 0.7997 
        D307  4 0.0275 0.9116 0.0609 
        D327  4 0.7196 0.1015 0.1789 
        D328  4 0.0870 0.1878 0.7252 
        D329  4 0.3176 0.4457 0.2367 
        D330  4 0.4886 0.4745 0.0369 
        D331  4 0.1689 0.2545 0.5766 
        D333  4 0.1793 0.3842 0.4365 
        D334  4 0.1672 0.2038 0.6290 
        D335  4 0.8400 0.0816 0.0783 
        D370  4 0.0782 0.3579 0.5639 
        D371  4 0.1831 0.0539 0.7630 
        D372  4 0.0569 0.0817 0.8613 
        D373  4 0.0987 0.8447 0.0565 
        D455  4 0.0393 0.9120 0.0487 
        D490  4 0.0170 0.9606 0.0224 
        D497  4 0.0294 0.9157 0.0548 
        D498  4 0.1169 0.2705 0.6125 
        D499  4 0.2720 0.1232 0.6048 
        D514  4 0.5510 0.2356 0.2134 
        D515  4 0.1495 0.7958 0.0547 
        D516  4 0.3450 0.4520 0.2030 
        D517  4 0.0435 0.9125 0.0440 
        D518  4 0.2896 0.5221 0.1883 
        D519  4 0.2055 0.7450 0.0495 
        D560  4 0.2014 0.7377 0.0609 
        D561  4 0.5100 0.4648 0.0252 
        D562  4 0.3744 0.3399 0.2857 
        D563  4 0.7646 0.1625 0.0729 
        D572  4 0.5817 0.2820 0.1363 
        D629  4 0.5226 0.3204 0.1570 
        D630  4 0.2797 0.4142 0.3061 
        D631  4 0.4485 0.2445 0.3071 
        D632  4 0.1629 0.7899 0.0472 
        D646  4 0.4694 0.4913 0.0393 
        D647  4 0.5106 0.4471 0.0423 
        D648  4 0.1091 0.2514 0.6395 
        D649  4 0.3952 0.5325 0.0723 
        D650  4 0.3014 0.3488 0.3497 
        D708  4 0.1283 0.1682 0.7035 
        D709  4 0.1113 0.1778 0.7108 
        D738  4 0.1777 0.4666 0.3557 
        D739  4 0.1566 0.6392 0.2043 
        D740  4 0.1494 0.3712 0.4794 
        D741  4 0.7267 0.2409 0.0324 
        D742  4 0.4906 0.1575 0.3519 
        D743  4 0.7728 0.0829 0.1442 
        D744  4 0.8199 0.0979 0.0821 
        D745  4 0.0856 0.8761 0.0382 
        D814  4 0.5949 0.2863 0.1189 
        D815  4 0.4314 0.2445 0.3241 
        D828  4 0.0351 0.1381 0.8268 
        D845  4 0.2032 0.0303 0.7665 
        D846  4 0.7468 0.1910 0.0621 
        D847  4 0.2893 0.3548 0.3560 
        D848  4 0.1274 0.7953 0.0773 
        D849  4 0.1025 0.8562 0.0412 
        D850  4 0.5833 0.2831 0.1336 
        D856  4 0.1708 0.6557 0.1735 
        D857  4 0.0205 0.9450 0.0345 
        D859  4 0.3882 0.1888 0.4230 
        D860  4 0.2932 0.0603 0.6465 
        D883  4 0.2189 0.4492 0.3319 
        D884  4 0.1608 0.7196 0.1196 
        D885  4 0.7718 0.1423 0.0859 
        D886  4 0.1998 0.7066 0.0936 
        D887  4 0.3302 0.2256 0.4441 
        D889  4 0.0690 0.0441 0.8869 
        D890  4 0.1288 0.2803 0.5909 
        D891  4 0.1093 0.0265 0.8642 
        D899  4 0.2723 0.0644 0.6633 
        D900  4 0.4533 0.2145 0.3322 
        D970  4 0.4478 0.2279 0.3243 
        D971  4 0.8789 0.0723 0.0488 
        D979  4 0.7992 0.0764 0.1244 
        D093  5 0.0627 0.0983 0.8390 
        D154  5 0.4756 0.1346 0.3898 
        D168  5 0.5291 0.3565 0.1144 
        D189  5 0.0953 0.0727 0.8320 
        D190  5 0.0792 0.0689 0.8520 
     D237220  5 0.1301 0.5726 0.2973 
     D237221  5 0.2116 0.1307 0.6578 
     D237274  5 0.8012 0.1373 0.0615 
     D237275  5 0.4037 0.1896 0.4067 
     D237276  5 0.1446 0.5865 0.2689 
     D237277  5 0.0690 0.0562 0.8748 
     D237278  5 0.2299 0.3011 0.4689 
     D237279  5 0.4097 0.5468 0.0435 
     D237280  5 0.1415 0.6784 0.1801 
     D237281  5 0.7826 0.0643 0.1532 
     D237351  5 0.0647 0.8316 0.1037 
     D237352  5 0.3518 0.5400 0.1082 
     D237353  5 0.0244 0.0419 0.9337 
     D237359  5 0.2002 0.4459 0.3539 
     D237361  5 0.0332 0.0429 0.9239 
     D237362  5 0.4219 0.1397 0.4384 
     D237363  5 0.5563 0.1829 0.2607 
     D237364  5 0.5402 0.3642 0.0956 
     D237376  5 0.0417 0.0766 0.8817 
     D237377  5 0.6318 0.2397 0.1285 
     D237378  5 0.0462 0.0969 0.8569 
     D237379  5 0.1174 0.1326 0.7499 
     D237380  5 0.0398 0.8893 0.0709 
     D237381  5 0.1173 0.7509 0.1318 
     D237391  5 0.0626 0.0892 0.8482 
     D237392  5 0.7843 0.1355 0.0802 
     D237393  5 0.3153 0.2609 0.4238 
     D237394  5 0.0853 0.0639 0.8508 
     D237395  5 0.0681 0.2392 0.6927 
     D237396  5 0.8278 0.0840 0.0883 
     D244016  5 0.3006 0.0634 0.6360 
     D244018  5 0.5694 0.1676 0.2630 
     D244019  5 0.5929 0.0919 0.3153 
        D279  5 0.3686 0.2616 0.3698 
        D280  5 0.2001 0.1177 0.6822 
        D281  5 0.3447 0.0541 0.6011 
        D283  5 0.2901 0.0656 0.6443 
        D284  5 0.1924 0.6539 0.1537 
        D285  5 0.0931 0.1026 0.8043 
        D286  5 0.1699 0.2453 0.5848 
        D287  5 0.0307 0.1372 0.8321 
        D288  5 0.2340 0.0520 0.7140 
        D308  5 0.0815 0.8909 0.0276 
        D309  5 0.8824 0.0881 0.0294 
        D310  5 0.0436 0.0243 0.9321 
        D311  5 0.3370 0.1607 0.5024 
        D312  5 0.1713 0.1683 0.6604 
        D313  5 0.0178 0.9619 0.0202 
        D314  5 0.1872 0.4577 0.3551 
        D315  5 0.1695 0.1960 0.6345 
        D317  5 0.0691 0.0575 0.8734 
        D318  5 0.5397 0.2150 0.2453 
        D319  5 0.0446 0.0707 0.8847 
        D320  5 0.0522 0.0865 0.8613 
        D321  5 0.1108 0.7511 0.1382 
        D336  5 0.0493 0.0411 0.9096 
        D337  5 0.0338 0.0154 0.9508 
        D338  5 0.3415 0.3210 0.3375 
        D339  5 0.0760 0.1102 0.8137 
        D347  5 0.3345 0.0971 0.5684 
        D348  5 0.0829 0.0502 0.8668 
        D349  5 0.0388 0.8707 0.0905 
        D350  5 0.7789 0.1536 0.0675 
        D355  5 0.8936 0.0299 0.0766 
        D356  5 0.1241 0.2526 0.6233 
        D357  5 0.1412 0.1953 0.6634 
        D358  5 0.2729 0.1739 0.5532 
        D359  5 0.3535 0.0745 0.5720 
        D360  5 0.0938 0.1973 0.7089 
        D361  5 0.0248 0.9353 0.0399 
        D366  5 0.9474 0.0270 0.0256 
        D367  5 0.0591 0.1202 0.8206 
        D368  5 0.1389 0.3452 0.5159 
        D380  5 0.7827 0.1419 0.0754 
        D381  5 0.1952 0.0740 0.7308 
        D400  5 0.1546 0.1392 0.7062 
        D411  5 0.0400 0.9358 0.0242 
        D412  5 0.2727 0.2749 0.4524 
        D413  5 0.8752 0.0600 0.0648 
        D414  5 0.5980 0.1775 0.2245 
        D420  5 0.1156 0.2738 0.6106 
        D431  5 0.0282 0.1621 0.8097 
        D432  5 0.1283 0.2403 0.6314 
        D433  5 0.0655 0.0691 0.8653 
        D434  5 0.1743 0.1814 0.6443 
        D440  5 0.7768 0.1782 0.0450 
        D447  5 0.8123 0.1413 0.0463 
        D448  5 0.0626 0.0389 0.8985 
        D459  5 0.8307 0.0314 0.1379 
        D460  5 0.1445 0.7768 0.0787 
        D461  5 0.8268 0.0931 0.0801 
        D468  5 0.4455 0.1617 0.3928 
        D469  5 0.4518 0.3135 0.2347 
        D470  5 0.1665 0.6335 0.2000 
        D471  5 0.1010 0.0338 0.8651 
        D472  5 0.9233 0.0321 0.0446 
        D479  5 0.7743 0.1238 0.1019 
        D485  5 0.1748 0.2545 0.5707 
        D486  5 0.3853 0.3672 0.2475 
        D487  5 0.0731 0.1239 0.8031 
        D555  5 0.0720 0.0426 0.8854 
        D556  5 0.0622 0.1074 0.8304 
        D557  5 0.0900 0.0390 0.8710 
        D564  5 0.0898 0.2112 0.6990 
        D594  5 0.6227 0.1142 0.2631 
        D595  5 0.2402 0.1255 0.6343 
        D596  5 0.0366 0.0379 0.9255 
        D597  5 0.4703 0.0753 0.4544 
        D598  5 0.1886 0.3424 0.4689 
        D617  5 0.0955 0.8384 0.0660 
        D618  5 0.1077 0.1010 0.7912 
        D619  5 0.3470 0.3678 0.2852 
        D620  5 0.8924 0.0554 0.0523 
        D628  5 0.2333 0.5093 0.2574 
        D714  5 0.0483 0.0431 0.9086 
        D715  5 0.1458 0.0447 0.8095 
        D716  5 0.3173 0.0942 0.5885 
        D717  5 0.3994 0.2348 0.3658 
        D718  5 0.0584 0.4897 0.4518 
        D769  5 0.0603 0.8980 0.0417 
        D770  5 0.4164 0.1034 0.4801 
        D771  5 0.2696 0.2719 0.4585 
        D772  5 0.1654 0.1353 0.6993 
        D782  5 0.6050 0.3060 0.0891 
        D783  5 0.4869 0.1375 0.3756 
        D784  5 0.6660 0.1181 0.2159 
        D785  5 0.0574 0.1462 0.7964 
        D786  5 0.2436 0.7114 0.0450 
        D821  5 0.0209 0.0181 0.9609 
        D822  5 0.6452 0.0764 0.2785 
        D826  5 0.2029 0.0921 0.7049 
        D827  5 0.8899 0.0598 0.0504 
        D851  5 0.4103 0.2232 0.3665 
        D852  5 0.1005 0.2015 0.6980 
        D853  5 0.1149 0.1391 0.7461 
        D854  5 0.5065 0.2265 0.2670 
        D861  5 0.3239 0.1928 0.4833 
        D862  5 0.4326 0.1032 0.4641 
        D865  5 0.0391 0.0568 0.9041 
        D868  5 0.5029 0.2992 0.1978 
        D869  5 0.0824 0.8694 0.0482 
        D870  5 0.4822 0.4878 0.0300 
        D907  5 0.0541 0.1691 0.7767 
        D908  5 0.0502 0.1070 0.8428 
        D910  5 0.1608 0.0480 0.7913 
        D911  5 0.8194 0.0307 0.1498 
        D934  5 0.2795 0.1208 0.5997 
        D946  5 0.0387 0.1675 0.7938 
        D947  5 0.2928 0.2990 0.4082 
        D948  5 0.0561 0.8335 0.1104 
        D949  5 0.0353 0.9078 0.0569 
        D950  5 0.8364 0.0335 0.1301 
        D951  5 0.8106 0.0626 0.1267 
        D952  5 0.5148 0.1286 0.3566 
        D953  5 0.0830 0.0925 0.8245 
        D954  5 0.4062 0.0834 0.5104 
        D961  5 0.0775 0.2751 0.6474 
        D962  5 0.0668 0.0720 0.8612 
        D963  5 0.3862 0.0883 0.5255 
        D964  5 0.1483 0.3593 0.4924 
        D965  5 0.3927 0.2852 0.3221 
        D966  5 0.3103 0.0736 0.6161 
        D967  5 0.1184 0.1692 0.7124 
        D991  5 0.1271 0.5857 0.2872 
        D502  6 0.4194 0.4764 0.1042 
        D503  6 0.1301 0.6440 0.2259 
        D504  6 0.5862 0.1897 0.2241 
        D505  6 0.3254 0.1509 0.5236 
        D506  6 0.0492 0.0508 0.9000 
        D507  6 0.3892 0.3393 0.2715 
        D508  6 0.4690 0.1690 0.3620 
        D529  6 0.2651 0.3205 0.4145 
        D530  6 0.0889 0.3547 0.5564 
        D531  6 0.4694 0.1913 0.3393 
        D532  6 0.4799 0.0864 0.4337 
        D534  6 0.0878 0.8712 0.0410 
        D535  6 0.3355 0.1584 0.5061 
        D536  6 0.6533 0.2946 0.0521 
        D554  6 0.1532 0.2862 0.5606 
        D587  6 0.1708 0.1073 0.7219 
        D588  6 0.6275 0.0651 0.3073 
        D589  6 0.2371 0.2076 0.5553 
        D590  6 0.8342 0.1007 0.0652 
        D591  6 0.1958 0.1824 0.6217 
        D592  6 0.0851 0.8358 0.0791 
        D593  6 0.1006 0.2363 0.6630 
        D682  6 0.0357 0.0923 0.8720 
        D683  6 0.4125 0.1844 0.4031 
        D684  6 0.3968 0.5462 0.0571 
        D685  6 0.1156 0.2342 0.6502 
        D686  6 0.1195 0.1363 0.7442 
        D724  6 0.4160 0.3965 0.1875 
        D725  6 0.2423 0.2050 0.5528 
        D726  6 0.0416 0.0959 0.8625 
        D727  6 0.8659 0.0519 0.0822 
        D728  6 0.1354 0.1646 0.7000 
        D729  6 0.7433 0.2284 0.0283 
        D730  6 0.2563 0.5402 0.2035 
        D731  6 0.0361 0.0294 0.9345 
        D732  6 0.5511 0.1873 0.2616 
        D733  6 0.1720 0.4883 0.3397 
     D237251  7 0.0650 0.1106 0.8244 
     D237252  7 0.1153 0.7768 0.1079 
     D237253  7 0.1937 0.1059 0.7005 
     D237254  7 0.1157 0.8587 0.0257 
     D237255  7 0.1533 0.0821 0.7647 
     D237256  7 0.7074 0.0689 0.2237 
     D237257  7 0.3554 0.5229 0.1217 
     D237282  7 0.7680 0.1907 0.0412 
     D237283  7 0.0338 0.9305 0.0357 
     D237284  7 0.0921 0.8777 0.0302 
     D237285  7 0.1866 0.1893 0.6241 
     D237286  7 0.4882 0.1378 0.3739 
     D237287  7 0.6913 0.1436 0.1651 
     D244006  7 0.0833 0.8918 0.0249 
     D244007  7 0.8278 0.0993 0.0729 
     D244008  7 0.0459 0.8736 0.0805 
     D244009  7 0.0582 0.8677 0.0741 
     D244010  7 0.2107 0.5836 0.2057 
     D244011  7 0.1462 0.2334 0.6204 
     D244012  7 0.3789 0.4252 0.1959 
     D244013  7 0.2522 0.1943 0.5535 
     D244014  7 0.2236 0.4687 0.3077 
     D244015  7 0.3861 0.5607 0.0532 
     D244125  7 0.2639 0.0707 0.6654 
     D244126  7 0.0308 0.9488 0.0204 
     D244130  7 0.2035 0.5179 0.2786 
     D244131  7 0.3160 0.2650 0.4190 
     D244132  7 0.2671 0.1644 0.5685 
        D520  7 0.1361 0.4092 0.4547 
        D521  7 0.3360 0.4477 0.2163 
        D522  7 0.1856 0.7275 0.0869 
        D523  7 0.1667 0.1115 0.7218 
        D524  7 0.1186 0.2493 0.6322 
        D525  7 0.0898 0.7191 0.1911 
        D526  7 0.1121 0.8659 0.0220 
        D527  7 0.2338 0.3392 0.4270 
        D528  7 0.9181 0.0589 0.0229 
        D558  7 0.6201 0.2972 0.0827 
        D559  7 0.5972 0.3223 0.0805 
        D640  7 0.1764 0.1145 0.7091 
        D641  7 0.0649 0.1989 0.7363 
        D642  7 0.1772 0.7193 0.1035 
        D644  7 0.1512 0.3824 0.4664 
        D645  7 0.2277 0.3968 0.3754 
        D662  7 0.1746 0.7384 0.0870 
        D687  7 0.2032 0.2625 0.5342 
        D688  7 0.5775 0.3419 0.0805 
        D689  7 0.1346 0.1048 0.7606 
        D700  7 0.9630 0.0187 0.0183 
        D797  7 0.1814 0.2353 0.5833 
        D798  7 0.1327 0.8124 0.0549 
        D799  7 0.1122 0.3145 0.5734 
        D800  7 0.6255 0.3160 0.0585 
        D132  8 0.0432 0.9234 0.0333 
        D133  8 0.6382 0.3012 0.0607 
        D200  8 0.0941 0.1724 0.7334 
        D500  8 0.0237 0.9469 0.0294 
        D614  8 0.0895 0.2547 0.6558 
        D723  8 0.5368 0.3904 0.0728 
        D888  8 0.0901 0.0693 0.8405 
        D901  8 0.0596 0.7787 0.1617 
        D902  8 0.0951 0.1772 0.7277 
        D903  8 0.7298 0.0693 0.2009 
        D904  8 0.4390 0.3530 0.2080 
        D905  8 0.0270 0.0290 0.9440 
        D906  8 0.7079 0.1831 0.1090 
        D937  8 0.0295 0.0806 0.8899 
        D943  8 0.3447 0.4893 0.1660 
        D972  8 0.2774 0.6607 0.0619 
        D973  8 0.5504 0.3856 0.0640 
        D974  8 0.2898 0.3678 0.3423 
        D975  8 0.1276 0.1777 0.6947 
        D976  8 0.1528 0.3131 0.5341 
        D201  9 0.3054 0.4435 0.2511 
        D202  9 0.0870 0.3564 0.5566 
     D237259  9 0.8761 0.0953 0.0286 
     D237260  9 0.1221 0.5457 0.3323 
     D237262  9 0.0257 0.9291 0.0452 
     D237263  9 0.1667 0.6771 0.1562 
     D237264  9 0.2866 0.4761 0.2373 
     D237265  9 0.0851 0.2108 0.7041 
     D237266  9 0.5808 0.3502 0.0690 
     D237267  9 0.1457 0.1644 0.6900 
     D237268  9 0.1302 0.7061 0.1636 
     D237289  9 0.1580 0.2283 0.6137 
     D237290  9 0.2119 0.2646 0.5235 
     D237291  9 0.3023 0.1952 0.5025 
     D237292  9 0.3843 0.5213 0.0944 
     D237293  9 0.1458 0.5053 0.3489 
     D237294  9 0.0282 0.8008 0.1710 
     D237295  9 0.2643 0.3830 0.3528 
     D237296  9 0.1351 0.3194 0.5456 
     D237297  9 0.0932 0.1456 0.7612 
     D237298  9 0.3671 0.4324 0.2005 
     D237341  9 0.3572 0.2363 0.4064 
     D237342  9 0.0762 0.8138 0.1100 
     D237343  9 0.2378 0.6110 0.1512 
     D237344  9 0.1232 0.1842 0.6926 
     D237345  9 0.0388 0.9411 0.0201 
     D237346  9 0.1213 0.2571 0.6216 
     D237347  9 0.1091 0.0721 0.8188 
     D237348  9 0.2290 0.4530 0.3180 
     D237349  9 0.8110 0.1641 0.0249 
     D244109  9 0.6956 0.2614 0.0430 
     D244110  9 0.5281 0.2589 0.2129 
     D244111  9 0.4410 0.2677 0.2913 
     D244128  9 0.0560 0.8943 0.0497 
     D244137  9 0.7434 0.2024 0.0542 
     D244138  9 0.2064 0.2707 0.5229 
        D580  9 0.1162 0.8362 0.0476 
        D581  9 0.2681 0.3952 0.3367 
        D582  9 0.0264 0.9379 0.0357 
        D583  9 0.2142 0.5746 0.2112 
        D584  9 0.1029 0.3711 0.5260 
        D585  9 0.1302 0.7291 0.1407 
        D586  9 0.0676 0.0401 0.8923 
        D651  9 0.6447 0.1451 0.2102 
        D652  9 0.5176 0.4515 0.0309 
        D653  9 0.7675 0.0586 0.1740 
        D654  9 0.7270 0.2336 0.0394 
        D655  9 0.1191 0.0656 0.8153 
        D656  9 0.1089 0.8493 0.0418 
        D657  9 0.2418 0.5830 0.1752 
        D667  9 0.0682 0.0421 0.8897 
        D668  9 0.1056 0.5695 0.3249 
        D669  9 0.2138 0.3181 0.4681 
        D670  9 0.8570 0.0935 0.0495 
        D671  9 0.4211 0.3247 0.2542 
        D672  9 0.0572 0.8930 0.0498 
        D673  9 0.0950 0.4384 0.4666 
        D692  9 0.3370 0.6182 0.0448 
        D693  9 0.2043 0.3405 0.4552 
        D694  9 0.0625 0.8523 0.0852 
        D695  9 0.1701 0.6199 0.2100 
        D696  9 0.0367 0.0332 0.9301 
        D697  9 0.2420 0.1333 0.6247 
        D698  9 0.2341 0.1909 0.5750 
        D699  9 0.0453 0.1888 0.7660 
        D787  9 0.5905 0.3296 0.0799 
        D788  9 0.1097 0.2673 0.6230 
        D789  9 0.1237 0.4602 0.4161 
        D790  9 0.5196 0.3058 0.1746 
        D791  9 0.0900 0.1461 0.7639 
        D792  9 0.6345 0.2971 0.0684 
        D793  9 0.2247 0.0725 0.7028 
        D794  9 0.4984 0.1701 0.3315 
        D795  9 0.0282 0.7620 0.2098 
        D796  9 0.1136 0.1421 0.7443 
        D142 10 0.2532 0.1143 0.6325 
        D143 10 0.7567 0.1377 0.1057 
        D144 10 0.2365 0.3325 0.4311 
        D145 10 0.1528 0.1743 0.6729 
        D146 10 0.0913 0.8357 0.0730 
        D147 10 0.4524 0.4225 0.1250 
        D148 10 0.4490 0.4186 0.1323 
        D149 10 0.6063 0.2205 0.1731 
        D151 10 0.3487 0.5199 0.1314 
        D152 10 0.5535 0.1433 0.3031 
        D153 10 0.3137 0.3194 0.3670 
        D156 10 0.7233 0.1524 0.1243 
        D157 10 0.0699 0.3779 0.5522 
        D158 10 0.0677 0.2561 0.6762 
        D159 10 0.9054 0.0516 0.0430 
        D160 10 0.0211 0.0250 0.9539 
        D161 10 0.5297 0.2234 0.2469 
        D162 10 0.5690 0.0980 0.3329 
        D169 10 0.1084 0.8277 0.0639 
        D170 10 0.0603 0.8425 0.0972 
        D171 10 0.2225 0.3902 0.3873 
        D172 10 0.2630 0.5806 0.1564 
        D173 10 0.9430 0.0417 0.0153 
        D181 10 0.1953 0.0809 0.7239 
        D182 10 0.4584 0.3792 0.1624 
        D183 10 0.0600 0.1456 0.7944 
        D184 10 0.0420 0.9410 0.0170 
        D185 10 0.5423 0.2722 0.1855 
        D186 10 0.0358 0.9283 0.0359 
        D194 10 0.1628 0.7274 0.1098 
        D195 10 0.2793 0.1251 0.5956 
        D196 10 0.6046 0.0666 0.3288 
        D197 10 0.0547 0.8759 0.0694 
        D198 10 0.4451 0.3021 0.2528 
     D237226 10 0.3318 0.2896 0.3786 
     D237232 10 0.0959 0.1012 0.8029 
     D237233 10 0.1415 0.2754 0.5830 
     D237234 10 0.1157 0.1767 0.7076 
     D237354 10 0.1624 0.0369 0.8007 
     D237355 10 0.0932 0.0563 0.8505 
     D237356 10 0.3469 0.2957 0.3575 
     D237357 10 0.4891 0.3804 0.1305 
     D237358 10 0.6938 0.2635 0.0427 
     D237369 10 0.1081 0.8706 0.0213 
     D237370 10 0.1159 0.1131 0.7711 
     D237371 10 0.4491 0.3770 0.1739 
     D237372 10 0.3920 0.5460 0.0620 
     D237373 10 0.0732 0.0636 0.8632 
     D237374 10 0.0425 0.0317 0.9258 
     D237375 10 0.6624 0.2091 0.1285 
     D237400 10 0.4482 0.1939 0.3580 
     D244002 10 0.3124 0.6521 0.0355 
     D244003 10 0.0219 0.0915 0.8867 
     D244004 10 0.0207 0.0456 0.9336 
     D244005 10 0.2178 0.3798 0.4024 
     D244020 10 0.2479 0.1773 0.5748 
     D244021 10 0.2258 0.7011 0.0731 
     D244116 10 0.1885 0.7275 0.0839 
     D244117 10 0.0822 0.1127 0.8051 
     D244121 10 0.0756 0.2585 0.6659 
     D244123 10 0.1042 0.1192 0.7767 
     D244124 10 0.1032 0.7336 0.1633 
        D332 10 0.7535 0.1295 0.1169 
        D570 10 0.1052 0.1113 0.7836 
        D602 10 0.8458 0.1025 0.0517 
        D603 10 0.1893 0.3019 0.5088 
        D604 10 0.7594 0.0661 0.1745 
        D605 10 0.4514 0.3121 0.2365 
        D606 10 0.0555 0.7645 0.1800 
        D607 10 0.9067 0.0566 0.0366 
        D608 10 0.9541 0.0223 0.0236 
        D609 10 0.1201 0.2046 0.6753 
        D610 10 0.3555 0.1013 0.5432 
        D611 10 0.0214 0.0317 0.9469 
        D613 10 0.4993 0.1284 0.3723 
        D633 10 0.6904 0.2296 0.0800 
        D634 10 0.1855 0.2750 0.5395 
        D638 10 0.2899 0.2025 0.5076 
        D681 10 0.1022 0.5477 0.3500 
        D754 10 0.0347 0.6900 0.2753 
        D755 10 0.0456 0.0927 0.8617 
        D756 10 0.0718 0.2420 0.6861 
        D757 10 0.3009 0.3416 0.3575 
        D758 10 0.2109 0.4676 0.3215 
        D759 10 0.1164 0.0783 0.8053 
        D760 10 0.2735 0.1400 0.5866 
        D761 10 0.0375 0.0308 0.9318 
        D762 10 0.8330 0.1015 0.0656 
        D775 10 0.0295 0.1012 0.8694 
        D776 10 0.1382 0.0556 0.8062 
        D777 10 0.0504 0.1530 0.7966 
        D778 10 0.1901 0.4186 0.3913 
        D779 10 0.0774 0.4865 0.4361 
        D780 10 0.2769 0.1808 0.5423 
        D781 10 0.7838 0.1347 0.0815 
        D858 10 0.0372 0.9274 0.0353 
        D933 10 0.4601 0.0696 0.4703 
        D038 11 0.1598 0.2411 0.5991 
        D063 11 0.1394 0.2078 0.6528 
        D155 11 0.1556 0.0803 0.7641 
        D175 11 0.0650 0.4842 0.4508 
        D176 11 0.1444 0.3020 0.5536 
        D205 11 0.0582 0.4261 0.5158 
     D237229 11 0.6309 0.3135 0.0555 
     D237230 11 0.8711 0.1083 0.0205 
     D237231 11 0.8282 0.1049 0.0669 
     D237269 11 0.5859 0.1848 0.2293 
     D237270 11 0.1199 0.8267 0.0534 
     D237271 11 0.1218 0.2809 0.5973 
     D237272 11 0.6892 0.2611 0.0497 
     D237273 11 0.0495 0.1299 0.8206 
     D237301 11 0.6809 0.1269 0.1923 
     D237302 11 0.1424 0.7335 0.1241 
     D237303 11 0.3499 0.6203 0.0299 
     D237304 11 0.2644 0.4740 0.2616 
     D237305 11 0.0588 0.8468 0.0945 
     D237314 11 0.1229 0.2411 0.6360 
     D237315 11 0.1164 0.7944 0.0891 
     D237316 11 0.6563 0.1461 0.1976 
     D237328 11 0.4572 0.3923 0.1505 
     D237329 11 0.3585 0.3673 0.2742 
     D237330 11 0.0483 0.0883 0.8633 
     D237331 11 0.1438 0.1045 0.7517 
     D237332 11 0.2787 0.3373 0.3840 
     D237333 11 0.1188 0.0424 0.8388 
     D237334 11 0.7083 0.1491 0.1426 
     D237335 11 0.1886 0.4854 0.3260 
     D237336 11 0.0745 0.1518 0.7736 
     D237350 11 0.2503 0.1418 0.6078 
     D237383 11 0.0889 0.5139 0.3972 
     D237384 11 0.3598 0.4372 0.2029 
     D237385 11 0.3643 0.3973 0.2384 
     D237386 11 0.6712 0.1188 0.2101 
     D237387 11 0.4330 0.4525 0.1145 
     D237388 11 0.1400 0.0789 0.7812 
        D239 11 0.1428 0.1053 0.7519 
        D240 11 0.2390 0.2122 0.5488 
        D241 11 0.9049 0.0313 0.0637 
        D242 11 0.5651 0.2255 0.2094 
        D243 11 0.0758 0.1655 0.7586 
        D244 11 0.0388 0.2296 0.7317 
        D245 11 0.1656 0.7720 0.0624 
        D246 11 0.1534 0.3394 0.5072 
        D247 11 0.4186 0.4037 0.1777 
        D248 11 0.7676 0.0710 0.1614 
        D249 11 0.1130 0.5454 0.3416 
        D250 11 0.6554 0.0548 0.2898 
        D251 11 0.1023 0.2607 0.6371 
        D252 11 0.3977 0.3380 0.2643 
        D253 11 0.0725 0.1750 0.7525 
        D254 11 0.3555 0.6167 0.0279 
        D255 11 0.3049 0.0852 0.6100 
        D256 11 0.1960 0.1920 0.6119 
        D257 11 0.0775 0.8545 0.0680 
        D258 11 0.1168 0.8293 0.0539 
        D259 11 0.0868 0.8690 0.0442 
        D260 11 0.2813 0.4571 0.2616 
        D261 11 0.2879 0.1900 0.5221 
        D262 11 0.1848 0.5864 0.2288 
        D263 11 0.1521 0.3781 0.4698 
        D264 11 0.1964 0.7334 0.0702 
        D265 11 0.4181 0.3559 0.2260 
        D266 11 0.4516 0.0914 0.4570 
        D267 11 0.1566 0.3575 0.4859 
        D268 11 0.1539 0.0652 0.7809 
        D269 11 0.5602 0.1463 0.2936 
        D270 11 0.4538 0.4027 0.1434 
        D271 11 0.1522 0.3871 0.4607 
        D272 11 0.3609 0.2131 0.4261 
        D273 11 0.0283 0.9505 0.0212 
        D274 11 0.2276 0.3112 0.4612 
        D275 11 0.3618 0.2852 0.3530 
        D276 11 0.2837 0.0895 0.6268 
        D277 11 0.4976 0.1738 0.3286 
        D278 11 0.1125 0.4211 0.4664 
        D282 11 0.0529 0.8761 0.0710 
        D296 11 0.2922 0.1274 0.5804 
        D297 11 0.2347 0.2945 0.4708 
        D298 11 0.3296 0.1238 0.5466 
        D299 11 0.1045 0.1506 0.7449 
        D300 11 0.2494 0.1852 0.5654 
        D382 11 0.2840 0.2740 0.4420 
        D383 11 0.0514 0.4650 0.4836 
        D387 11 0.1477 0.1355 0.7168 
        D388 11 0.8693 0.0433 0.0874 
        D389 11 0.2380 0.1391 0.6229 
        D390 11 0.6440 0.0914 0.2645 
        D396 11 0.7148 0.0944 0.1908 
        D397 11 0.0496 0.8823 0.0680 
        D398 11 0.0909 0.3923 0.5167 
        D399 11 0.7232 0.1997 0.0771 
        D437 11 0.2622 0.6653 0.0724 
        D441 11 0.1175 0.0674 0.8151 
        D442 11 0.2224 0.3032 0.4744 
        D443 11 0.0450 0.0311 0.9239 
        D444 11 0.5500 0.1775 0.2725 
        D445 11 0.3195 0.5996 0.0810 
        D446 11 0.6518 0.2979 0.0503 
        D451 11 0.3973 0.2275 0.3752 
        D452 11 0.4756 0.2328 0.2916 
        D453 11 0.8154 0.1099 0.0747 
        D454 11 0.2273 0.6249 0.1478 
        D457 11 0.0908 0.5172 0.3920 
        D458 11 0.2795 0.1449 0.5756 
        D466 11 0.5837 0.3192 0.0971 
        D467 11 0.1039 0.1748 0.7213 
        D475 11 0.0560 0.8920 0.0520 
        D488 11 0.7715 0.0758 0.1527 
        D489 11 0.2125 0.6498 0.1376 
        D493 11 0.4383 0.4831 0.0786 
        D494 11 0.6325 0.1630 0.2045 
        D495 11 0.2009 0.6932 0.1059 
        D496 11 0.1633 0.0340 0.8027 
        D674 11 0.1535 0.1423 0.7042 
        D675 11 0.2704 0.0322 0.6973 
        D676 11 0.1013 0.6579 0.2408 
        D680 11 0.0408 0.1747 0.7845 
        D701 11 0.3008 0.4387 0.2605 
        D702 11 0.3157 0.6234 0.0609 
        D703 11 0.3931 0.2887 0.3181 
        D704 11 0.2538 0.2629 0.4833 
        D705 11 0.4359 0.5422 0.0219 
        D706 11 0.1010 0.5976 0.3014 
        D707 11 0.3780 0.4686 0.1534 
        D751 11 0.3398 0.3487 0.3115 
        D752 11 0.1787 0.2207 0.6006 
        D753 11 0.7518 0.1905 0.0576 
        D773 11 0.0278 0.9525 0.0197 
        D774 11 0.5910 0.1652 0.2438 
        D801 11 0.3866 0.0535 0.5599 
        D802 11 0.7756 0.1223 0.1022 
        D803 11 0.0775 0.0589 0.8636 
        D804 11 0.4871 0.2874 0.2255 
        D805 11 0.3484 0.2845 0.3670 
        D806 11 0.0357 0.9361 0.0281 
        D809 11 0.2568 0.1696 0.5736 
        D810 11 0.1247 0.0463 0.8290 
        D812 11 0.2852 0.5189 0.1959 
        D813 11 0.1814 0.1761 0.6425 
        D823 11 0.2283 0.2027 0.5691 
        D824 11 0.2398 0.2238 0.5364 
        D829 11 0.8021 0.0578 0.1402 
        D830 11 0.4240 0.5275 0.0485 
        D831 11 0.2196 0.3949 0.3855 
        D832 11 0.3390 0.3352 0.3259 
        D833 11 0.3057 0.1192 0.5751 
        D834 11 0.3607 0.1905 0.4489 
        D835 11 0.0835 0.7349 0.1816 
        D855 11 0.2572 0.2224 0.5204 
        D863 11 0.0537 0.0380 0.9083 
        D864 11 0.1077 0.1736 0.7187 
        D878 11 0.1606 0.1407 0.6987 
        D879 11 0.0924 0.8326 0.0750 
        D880 11 0.7156 0.0359 0.2485 
        D881 11 0.0303 0.0728 0.8969 
        D882 11 0.5680 0.1456 0.2864 
        D909 11 0.5908 0.1413 0.2679 
        D921 11 0.1341 0.1678 0.6981 
        D924 11 0.3398 0.0600 0.6002 
        D935 11 0.6204 0.2459 0.1337 
        D940 11 0.0613 0.0320 0.9067 
        D941 11 0.2510 0.1106 0.6384 
        D942 11 0.0542 0.9119 0.0338 
        D980 11 0.6048 0.2411 0.1541 
        D981 11 0.1238 0.7571 0.1191 
        D982 11 0.8124 0.1036 0.0840 
        D983 11 0.2214 0.1526 0.6260 
        D984 11 0.4545 0.1602 0.3852 
        D992 11 0.0827 0.8697 0.0477 
        D993 11 0.2953 0.1144 0.5903 
        D994 11 0.1404 0.2740 0.5856 
        D995 11 0.1657 0.5055 0.3288 
        H354 11 0.3355 0.6165 0.0480 
        D005 12 0.5486 0.3869 0.0645 
        D035 12 0.1911 0.1502 0.6586 
        D067 12 0.3819 0.1400 0.4781 
        D134 12 0.1454 0.2415 0.6131 
        D135 12 0.5871 0.1236 0.2893 
        D136 12 0.8008 0.1608 0.0384 
        D137 12 0.7939 0.1113 0.0948 
        D138 12 0.2566 0.2899 0.4535 
        D139 12 0.6261 0.0936 0.2803 
        D140 12 0.3849 0.1619 0.4532 
        D141 12 0.0218 0.9590 0.0191 
        D150 12 0.0612 0.8311 0.1077 
        D177 12 0.5254 0.1415 0.3331 
        D178 12 0.9079 0.0625 0.0296 
        D179 12 0.7804 0.1492 0.0704 
        D180 12 0.7587 0.1979 0.0434 
        D187 12 0.1184 0.2091 0.6726 
        D188 12 0.0285 0.9478 0.0237 
        D191 12 0.0292 0.9234 0.0474 
        D418 12 0.0423 0.9251 0.0326 
        D601 12 0.2581 0.6941 0.0478 
        D836 12 0.1010 0.8370 0.0619 
        D837 12 0.4099 0.2931 0.2970 
        D838 12 0.0891 0.0374 0.8735 
        D839 12 0.6597 0.1617 0.1786 
        D840 12 0.4415 0.1096 0.4489 
        D841 12 0.1654 0.2527 0.5819 
        D842 12 0.0154 0.9674 0.0172 
        D843 12 0.2202 0.1864 0.5934 
        D844 12 0.2489 0.6740 0.0771 
        D912 12 0.4173 0.0899 0.4928 
        D913 12 0.8308 0.0527 0.1166 
