        D174  1 0.0915 0.0935 0.0830 0.0780 0.0315 0.0535 0.0851 0.3551 0.0229 0.0931 0.0130 
        D199  1 0.1490 0.0202 0.0970 0.0309 0.1910 0.1336 0.0975 0.1117 0.1107 0.0261 0.0323 
        D203  1 0.0830 0.1207 0.0581 0.0184 0.1177 0.1917 0.0951 0.0563 0.1105 0.1123 0.0362 
        D204  1 0.0245 0.0185 0.0137 0.0198 0.0269 0.6948 0.0442 0.0155 0.0175 0.0269 0.0977 
     D237366  1 0.0633 0.1454 0.4629 0.0210 0.0374 0.0577 0.0394 0.0401 0.0456 0.0134 0.0738 
     D237367  1 0.1075 0.0753 0.2130 0.1109 0.0756 0.1908 0.0860 0.0306 0.0178 0.0565 0.0362 
     D237368  1 0.0750 0.0201 0.4214 0.0247 0.0749 0.1319 0.0337 0.0980 0.0253 0.0393 0.0558 
     D244101  1 0.0536 0.0180 0.0185 0.0225 0.0473 0.0917 0.0344 0.0194 0.0948 0.0217 0.5781 
     D244102  1 0.0867 0.0449 0.0510 0.0606 0.0344 0.0676 0.3598 0.0296 0.0709 0.1421 0.0525 
     D244103  1 0.1459 0.1701 0.2494 0.1049 0.0338 0.1062 0.0546 0.0442 0.0220 0.0332 0.0358 
     D244104  1 0.0373 0.0240 0.0340 0.1059 0.0372 0.5823 0.0124 0.0734 0.0424 0.0243 0.0268 
     D244105  1 0.1927 0.3253 0.1959 0.0290 0.0204 0.0257 0.0325 0.0152 0.0332 0.1132 0.0170 
     D244106  1 0.0655 0.1008 0.0229 0.0225 0.0716 0.0664 0.0567 0.4982 0.0443 0.0310 0.0201 
     D244107  1 0.1086 0.0318 0.3944 0.0252 0.0940 0.0355 0.0153 0.0136 0.0228 0.1620 0.0967 
     D244108  1 0.0453 0.0214 0.0271 0.0317 0.0323 0.0417 0.1005 0.3024 0.0327 0.3331 0.0317 
     D244113  1 0.0695 0.0135 0.0289 0.1219 0.0335 0.0135 0.3229 0.2841 0.0182 0.0271 0.0668 
     D244114  1 0.2312 0.3141 0.0293 0.0230 0.0352 0.0402 0.0566 0.0624 0.1204 0.0460 0.0415 
     D244115  1 0.1379 0.0516 0.0448 0.0317 0.0274 0.2076 0.0372 0.1827 0.0288 0.2241 0.0262 
     D267365  1 0.0724 0.0277 0.0947 0.0354 0.0237 0.3252 0.0473 0.1371 0.1730 0.0307 0.0327 
        D404  1 0.0392 0.0286 0.0154 0.0283 0.0272 0.0226 0.5432 0.1708 0.0188 0.0395 0.0664 
        D405  1 0.0506 0.0339 0.0261 0.0475 0.0539 0.0730 0.5573 0.0310 0.0330 0.0546 0.0390 
        D406  1 0.0302 0.0208 0.6519 0.0175 0.0117 0.0492 0.0330 0.0508 0.0144 0.0910 0.0296 
        D407  1 0.0695 0.0206 0.1578 0.0764 0.1480 0.4304 0.0210 0.0252 0.0149 0.0180 0.0183 
        D408  1 0.0696 0.0213 0.0212 0.2661 0.0149 0.0459 0.0510 0.3128 0.1120 0.0544 0.0308 
        D409  1 0.2404 0.0965 0.2870 0.0528 0.0435 0.0994 0.0334 0.0325 0.0391 0.0471 0.0284 
        D410  1 0.0231 0.0195 0.0160 0.0163 0.0086 0.0614 0.0224 0.0142 0.0110 0.7853 0.0220 
        D421  1 0.0145 0.0107 0.0124 0.0214 0.0398 0.8467 0.0078 0.0175 0.0119 0.0081 0.0092 
        D422  1 0.0358 0.0316 0.7512 0.0179 0.0206 0.0561 0.0130 0.0113 0.0204 0.0247 0.0175 
        D423  1 0.0371 0.0370 0.0508 0.0115 0.0639 0.0554 0.0236 0.0154 0.0128 0.6799 0.0126 
        D424  1 0.1272 0.0309 0.0858 0.0318 0.0158 0.5918 0.0256 0.0328 0.0146 0.0193 0.0245 
        D425  1 0.1548 0.0394 0.0262 0.0536 0.0189 0.3258 0.1364 0.0821 0.0450 0.0891 0.0286 
        D426  1 0.2619 0.1059 0.2742 0.1032 0.0284 0.0351 0.0141 0.0233 0.1219 0.0129 0.0191 
        D427  1 0.0257 0.0167 0.0247 0.0305 0.3652 0.3265 0.0089 0.1521 0.0238 0.0143 0.0117 
        D428  1 0.1347 0.0193 0.0753 0.0604 0.0480 0.1905 0.1375 0.1589 0.0342 0.0693 0.0719 
        D429  1 0.0691 0.1150 0.0345 0.0189 0.0223 0.4370 0.0998 0.1095 0.0406 0.0268 0.0264 
        D430  1 0.1944 0.1409 0.0426 0.0533 0.0623 0.0870 0.1299 0.1028 0.1208 0.0403 0.0257 
        D491  1 0.0440 0.0216 0.0200 0.0742 0.0096 0.0769 0.0336 0.6302 0.0345 0.0292 0.0262 
        D492  1 0.1936 0.0623 0.1192 0.0302 0.0522 0.2399 0.0913 0.0934 0.0200 0.0394 0.0585 
        D537  1 0.0561 0.0505 0.0808 0.0825 0.0298 0.4657 0.0581 0.0281 0.0137 0.0574 0.0774 
        D538  1 0.1539 0.0426 0.1103 0.0276 0.0627 0.0553 0.2382 0.0724 0.0336 0.1467 0.0568 
        D539  1 0.0790 0.2111 0.0333 0.0618 0.0315 0.0256 0.0823 0.0995 0.2823 0.0549 0.0387 
        D540  1 0.1282 0.0398 0.0505 0.3808 0.0190 0.2180 0.0341 0.0186 0.0409 0.0486 0.0215 
        D541  1 0.0186 0.0113 0.0141 0.0150 0.0160 0.8530 0.0104 0.0130 0.0165 0.0173 0.0149 
        D551  1 0.2137 0.2592 0.0671 0.0380 0.1765 0.0329 0.0246 0.0326 0.1172 0.0183 0.0201 
        D552  1 0.0955 0.0694 0.0732 0.0915 0.0269 0.1280 0.0186 0.2193 0.0426 0.1498 0.0852 
        D553  1 0.0169 0.0113 0.0122 0.0184 0.0095 0.8767 0.0080 0.0126 0.0112 0.0115 0.0117 
        D615  1 0.0938 0.0587 0.0372 0.0385 0.0593 0.3946 0.0636 0.0489 0.0715 0.1103 0.0237 
        D616  1 0.1372 0.0896 0.0753 0.0428 0.1084 0.2823 0.0222 0.0527 0.0488 0.1203 0.0204 
        D621  1 0.0366 0.0271 0.2399 0.0424 0.0181 0.0125 0.0397 0.0795 0.0188 0.1647 0.3208 
        D622  1 0.0565 0.1080 0.4717 0.0638 0.0159 0.0264 0.0248 0.0404 0.0203 0.1270 0.0451 
        D623  1 0.0645 0.0144 0.0233 0.0264 0.1278 0.0219 0.1774 0.2223 0.0614 0.0732 0.1874 
        D624  1 0.0607 0.0276 0.0369 0.0290 0.0127 0.0334 0.0239 0.7233 0.0257 0.0152 0.0115 
        D625  1 0.0835 0.0406 0.0601 0.0351 0.0146 0.5613 0.0256 0.0686 0.0218 0.0484 0.0405 
        D626  1 0.0611 0.0861 0.1157 0.2606 0.0272 0.0460 0.0597 0.1888 0.0422 0.0917 0.0208 
        D627  1 0.2982 0.1289 0.2146 0.0315 0.0204 0.1020 0.0148 0.0297 0.1274 0.0155 0.0170 
        D690  1 0.0215 0.0166 0.0279 0.0205 0.0106 0.7643 0.0147 0.0414 0.0125 0.0472 0.0229 
        D691  1 0.0264 0.1153 0.6163 0.0217 0.0161 0.0523 0.0181 0.0406 0.0214 0.0498 0.0220 
        D710  1 0.1075 0.0181 0.1194 0.0553 0.0377 0.2274 0.0406 0.1232 0.0358 0.0756 0.1594 
        D711  1 0.0267 0.0200 0.0304 0.0121 0.0179 0.7688 0.0361 0.0242 0.0130 0.0239 0.0270 
        D712  1 0.0605 0.0254 0.0760 0.0680 0.0303 0.0243 0.0811 0.4793 0.0750 0.0288 0.0513 
        D713  1 0.1393 0.0510 0.0807 0.0543 0.0185 0.1014 0.2229 0.1119 0.0213 0.0758 0.1229 
        D746  1 0.0242 0.0426 0.6969 0.0363 0.0282 0.0651 0.0095 0.0213 0.0154 0.0350 0.0255 
        D747  1 0.0135 0.0127 0.0150 0.0101 0.0256 0.8446 0.0110 0.0143 0.0196 0.0141 0.0195 
        D748  1 0.0589 0.3236 0.1709 0.0479 0.0153 0.1671 0.0253 0.0302 0.0200 0.0828 0.0580 
        D749  1 0.2218 0.1228 0.2606 0.0196 0.0283 0.0235 0.0658 0.0919 0.0186 0.0796 0.0674 
        D750  1 0.0338 0.0275 0.0358 0.0240 0.0202 0.1380 0.0219 0.5537 0.0192 0.0874 0.0385 
        D763  1 0.1144 0.0728 0.0753 0.1550 0.0856 0.0462 0.0299 0.0194 0.2062 0.0293 0.1659 
        D764  1 0.0485 0.0194 0.0440 0.0385 0.0144 0.4991 0.0141 0.2037 0.0144 0.0885 0.0153 
        D765  1 0.0659 0.0387 0.0393 0.0189 0.0131 0.0191 0.0401 0.0715 0.0239 0.6572 0.0124 
        D766  1 0.0436 0.0558 0.0877 0.0995 0.0243 0.0433 0.0334 0.0276 0.0165 0.4487 0.1195 
        D767  1 0.0682 0.0857 0.0890 0.0195 0.0634 0.0665 0.3313 0.0235 0.0236 0.0907 0.1387 
        D768  1 0.0244 0.0214 0.0279 0.0152 0.0161 0.8276 0.0121 0.0124 0.0154 0.0142 0.0133 
        D811  1 0.0418 0.0187 0.0141 0.3237 0.0128 0.0179 0.3487 0.0594 0.0223 0.1253 0.0154 
        D816  1 0.0161 0.0153 0.0172 0.0098 0.0113 0.8496 0.0160 0.0179 0.0185 0.0128 0.0155 
        D825  1 0.1180 0.0462 0.0261 0.0536 0.0130 0.0768 0.1635 0.1110 0.0174 0.3544 0.0200 
        D866  1 0.1073 0.0560 0.0199 0.0644 0.0739 0.0418 0.0409 0.1616 0.3598 0.0604 0.0138 
        D867  1 0.0475 0.0298 0.6268 0.0282 0.0424 0.0176 0.0348 0.0199 0.0183 0.0365 0.0982 
        D871  1 0.2432 0.1587 0.2333 0.0951 0.0156 0.0819 0.0385 0.0448 0.0336 0.0216 0.0337 
        D872  1 0.0678 0.0274 0.1036 0.0268 0.0455 0.1186 0.2554 0.0376 0.0224 0.2541 0.0409 
        D873  1 0.0273 0.0172 0.0243 0.0140 0.0220 0.0085 0.0639 0.0123 0.0084 0.7710 0.0312 
        D874  1 0.0408 0.0186 0.0140 0.0278 0.0166 0.0472 0.0372 0.0627 0.0237 0.0160 0.6954 
        D875  1 0.2221 0.1852 0.3663 0.0538 0.0104 0.0401 0.0194 0.0176 0.0175 0.0516 0.0160 
        D876  1 0.1015 0.0378 0.0925 0.0506 0.0183 0.3481 0.0419 0.0951 0.0730 0.0457 0.0956 
        D877  1 0.0395 0.0173 0.0108 0.0277 0.0169 0.0160 0.7255 0.0638 0.0158 0.0271 0.0397 
        D892  1 0.0629 0.1665 0.2152 0.0183 0.0171 0.2058 0.0659 0.1457 0.0177 0.0423 0.0426 
        D893  1 0.0624 0.0493 0.0471 0.0455 0.0234 0.5899 0.0202 0.0160 0.0586 0.0373 0.0502 
        D894  1 0.0618 0.1051 0.0259 0.0195 0.0201 0.6429 0.0216 0.0439 0.0215 0.0192 0.0185 
        D915  1 0.0581 0.1116 0.0444 0.0354 0.0217 0.4812 0.0239 0.0337 0.0259 0.1422 0.0219 
        D916  1 0.0132 0.0149 0.0122 0.0105 0.0074 0.8848 0.0089 0.0145 0.0096 0.0118 0.0121 
        D917  1 0.1801 0.0202 0.0522 0.0465 0.0535 0.1141 0.0596 0.1823 0.1287 0.0306 0.1322 
        D925  1 0.0504 0.0168 0.0569 0.0520 0.0211 0.2310 0.0327 0.0617 0.0299 0.4325 0.0149 
        D926  1 0.1572 0.0972 0.0470 0.0251 0.0174 0.4404 0.0364 0.0504 0.0310 0.0398 0.0582 
        D927  1 0.1273 0.0529 0.0779 0.0306 0.2065 0.1792 0.0610 0.0551 0.1515 0.0228 0.0353 
        D928  1 0.0202 0.0094 0.0100 0.0140 0.0150 0.0661 0.0419 0.7598 0.0113 0.0353 0.0170 
        D929  1 0.0480 0.0425 0.0704 0.0333 0.0144 0.0265 0.2925 0.0519 0.0237 0.0266 0.3702 
        D936  1 0.0682 0.0577 0.0226 0.0247 0.0382 0.4475 0.0278 0.0281 0.1080 0.0343 0.1429 
        D938  1 0.0333 0.0332 0.6284 0.0568 0.0136 0.0200 0.0206 0.0235 0.0160 0.0939 0.0606 
        D956  1 0.0508 0.0991 0.0200 0.0394 0.0250 0.0393 0.0883 0.5392 0.0236 0.0490 0.0263 
        D957  1 0.0334 0.0210 0.0502 0.0126 0.0244 0.0631 0.1207 0.0274 0.0194 0.5827 0.0452 
        D958  1 0.0559 0.0229 0.0898 0.0425 0.0201 0.1394 0.0789 0.1098 0.0176 0.3411 0.0819 
        D959  1 0.1231 0.0271 0.1942 0.0513 0.1074 0.4216 0.0187 0.0166 0.0123 0.0161 0.0115 
        D960  1 0.0485 0.0537 0.5234 0.0108 0.0161 0.0304 0.0711 0.0449 0.0200 0.1384 0.0426 
        D989  1 0.0621 0.0317 0.0355 0.0402 0.0868 0.0348 0.0313 0.5514 0.0841 0.0186 0.0234 
        D990  1 0.0595 0.0466 0.0481 0.0204 0.0299 0.0156 0.0155 0.0637 0.1276 0.5574 0.0157 
        D023  2 0.0176 0.0096 0.8382 0.0203 0.0150 0.0382 0.0085 0.0133 0.0112 0.0140 0.0140 
        D130  2 0.0332 0.0449 0.6213 0.0177 0.0319 0.0671 0.0985 0.0128 0.0168 0.0327 0.0232 
        D131  2 0.2090 0.0667 0.0356 0.1975 0.0271 0.1771 0.0236 0.0350 0.0931 0.0749 0.0603 
        D163  2 0.0587 0.0256 0.6403 0.0233 0.0141 0.0596 0.0157 0.0429 0.0354 0.0430 0.0414 
        D164  2 0.0136 0.0117 0.0244 0.0154 0.5268 0.0077 0.0139 0.0087 0.0094 0.3524 0.0161 
        D165  2 0.0238 0.0146 0.8003 0.0250 0.0187 0.0307 0.0097 0.0139 0.0237 0.0181 0.0214 
        D166  2 0.1102 0.1055 0.0478 0.0725 0.0364 0.0250 0.4329 0.0142 0.0567 0.0553 0.0434 
        D167  2 0.0153 0.0108 0.0159 0.0104 0.7928 0.0110 0.0677 0.0277 0.0190 0.0176 0.0116 
        D192  2 0.0124 0.0116 0.0104 0.0132 0.8575 0.0084 0.0187 0.0164 0.0214 0.0100 0.0201 
        D193  2 0.0574 0.0680 0.0147 0.0175 0.0201 0.0212 0.6321 0.0641 0.0252 0.0534 0.0263 
        D206  2 0.1083 0.0572 0.0577 0.2803 0.3223 0.0466 0.0324 0.0158 0.0225 0.0298 0.0270 
        D207  2 0.0789 0.0394 0.0262 0.0247 0.5323 0.0285 0.1438 0.0184 0.0709 0.0211 0.0158 
        D208  2 0.0818 0.0635 0.0307 0.2463 0.0501 0.0405 0.0491 0.1177 0.2527 0.0311 0.0364 
        D209  2 0.1770 0.0254 0.0409 0.0495 0.4093 0.0194 0.0295 0.0176 0.0285 0.0472 0.1557 
        D210  2 0.0469 0.0607 0.0238 0.0227 0.0603 0.0631 0.0206 0.5026 0.1465 0.0215 0.0313 
     D229599  2 0.1204 0.0413 0.1157 0.0324 0.0301 0.1330 0.0650 0.0398 0.2318 0.0576 0.1328 
     D229600  2 0.0702 0.0498 0.3631 0.0235 0.3123 0.0223 0.0483 0.0134 0.0206 0.0519 0.0246 
     D237227  2 0.0626 0.0217 0.0453 0.0379 0.0411 0.0509 0.0240 0.3533 0.1189 0.2237 0.0206 
     D237228  2 0.0648 0.0268 0.0154 0.0163 0.0362 0.0146 0.0305 0.1017 0.0510 0.6283 0.0144 
     D237258  2 0.1366 0.0457 0.1465 0.1185 0.1435 0.0549 0.0737 0.0618 0.0919 0.0770 0.0498 
     D237310  2 0.0306 0.0631 0.0208 0.0192 0.0306 0.0112 0.0865 0.0272 0.0175 0.6634 0.0299 
     D237311  2 0.0305 0.0333 0.0367 0.0167 0.1233 0.0107 0.0416 0.0259 0.0189 0.6480 0.0145 
     D237312  2 0.0645 0.2052 0.0547 0.0457 0.0155 0.0213 0.1880 0.0343 0.0153 0.3044 0.0509 
     D237313  2 0.1464 0.0829 0.0330 0.2501 0.0203 0.0837 0.0331 0.0705 0.0772 0.1387 0.0640 
     D237322  2 0.1894 0.0761 0.0243 0.0499 0.0314 0.0266 0.0890 0.0678 0.2955 0.0833 0.0667 
     D237323  2 0.0336 0.0351 0.0494 0.0163 0.0229 0.0117 0.0598 0.1098 0.0454 0.5932 0.0228 
     D237324  2 0.3217 0.0268 0.2436 0.0192 0.1468 0.0484 0.0216 0.0139 0.0919 0.0342 0.0319 
     D237325  2 0.0735 0.1441 0.0700 0.0208 0.0550 0.0180 0.0871 0.0539 0.0265 0.4012 0.0498 
     D237326  2 0.0364 0.0189 0.0301 0.0136 0.0227 0.0375 0.0179 0.0393 0.0230 0.7322 0.0283 
     D237327  2 0.1668 0.0874 0.0747 0.0331 0.0951 0.0515 0.0368 0.0469 0.3003 0.0224 0.0849 
     D237337  2 0.0213 0.0321 0.0185 0.0179 0.0102 0.0145 0.0215 0.0237 0.0151 0.8106 0.0144 
     D237338  2 0.1106 0.1113 0.1215 0.0468 0.0591 0.0340 0.0335 0.1022 0.1019 0.1815 0.0977 
     D237339  2 0.0551 0.0265 0.0189 0.0324 0.1131 0.0198 0.0368 0.0152 0.0455 0.0188 0.6180 
     D237340  2 0.0491 0.0379 0.0447 0.0153 0.1475 0.0140 0.0880 0.0860 0.0254 0.4721 0.0199 
     D237389  2 0.0309 0.0631 0.0248 0.0212 0.0718 0.0158 0.1156 0.0170 0.0129 0.6025 0.0242 
     D237390  2 0.0566 0.1331 0.0538 0.0351 0.0171 0.0211 0.1391 0.0413 0.0504 0.4198 0.0324 
     D244017  2 0.0646 0.0147 0.0470 0.0136 0.2931 0.0212 0.2871 0.1665 0.0391 0.0325 0.0207 
     D244112  2 0.0172 0.0318 0.0218 0.0122 0.8096 0.0138 0.0341 0.0171 0.0165 0.0127 0.0132 
     D244118  2 0.0331 0.0153 0.2040 0.0094 0.5818 0.0113 0.0268 0.0220 0.0318 0.0352 0.0294 
     D244119  2 0.0248 0.0121 0.0151 0.0167 0.2599 0.0152 0.0234 0.5677 0.0203 0.0333 0.0115 
     D244120  2 0.0466 0.0718 0.0219 0.0190 0.3778 0.0136 0.2205 0.0464 0.1020 0.0306 0.0498 
     D244122  2 0.0352 0.0512 0.0425 0.0532 0.6262 0.0204 0.0768 0.0338 0.0201 0.0166 0.0239 
        D291  2 0.1239 0.0246 0.0605 0.1355 0.0372 0.0615 0.0453 0.0135 0.4605 0.0215 0.0160 
        D292  2 0.0465 0.0199 0.0155 0.0210 0.1807 0.2177 0.0612 0.0486 0.2944 0.0602 0.0344 
        D293  2 0.0720 0.0264 0.0138 0.0191 0.5122 0.0846 0.0130 0.0163 0.0529 0.0140 0.1757 
        D322  2 0.0740 0.0246 0.0289 0.0207 0.4084 0.0937 0.0317 0.0178 0.0329 0.0532 0.2142 
        D323  2 0.0607 0.0302 0.0233 0.5673 0.0818 0.0204 0.0825 0.0216 0.0257 0.0321 0.0544 
        D324  2 0.1539 0.0555 0.1089 0.0727 0.0316 0.0984 0.0222 0.0469 0.2818 0.1005 0.0278 
        D325  2 0.0295 0.0470 0.0198 0.0159 0.7469 0.0289 0.0111 0.0111 0.0455 0.0150 0.0293 
        D326  2 0.0170 0.0136 0.0105 0.0180 0.0093 0.8626 0.0113 0.0168 0.0161 0.0104 0.0145 
        D340  2 0.0194 0.0173 0.0143 0.0154 0.8183 0.0227 0.0105 0.0196 0.0253 0.0151 0.0221 
        D341  2 0.0246 0.2560 0.0151 0.0629 0.4571 0.0266 0.0196 0.0370 0.0387 0.0357 0.0267 
        D342  2 0.0701 0.1244 0.0770 0.0464 0.4582 0.0210 0.0476 0.0163 0.0438 0.0775 0.0177 
        D343  2 0.0156 0.0179 0.0100 0.0093 0.8771 0.0157 0.0076 0.0093 0.0140 0.0091 0.0145 
        D344  2 0.0746 0.0387 0.0173 0.0216 0.0319 0.0746 0.1727 0.0144 0.0235 0.0538 0.4768 
        D345  2 0.1029 0.0249 0.0680 0.0745 0.0324 0.0507 0.0192 0.0253 0.0455 0.2333 0.3234 
        D346  2 0.0602 0.0357 0.0241 0.4010 0.0484 0.0392 0.0189 0.2777 0.0372 0.0284 0.0291 
        D351  2 0.1989 0.0748 0.0507 0.0616 0.0321 0.2051 0.0415 0.0213 0.1395 0.0816 0.0928 
        D352  2 0.0611 0.0188 0.0196 0.0240 0.0263 0.0159 0.0386 0.0442 0.0243 0.0408 0.6865 
        D353  2 0.5951 0.0336 0.0156 0.0338 0.0172 0.1309 0.0216 0.0140 0.0197 0.0150 0.1036 
        D354  2 0.0345 0.0173 0.0132 0.0324 0.0105 0.0284 0.0224 0.0280 0.0133 0.0288 0.7712 
        D362  2 0.0295 0.0114 0.0264 0.0206 0.0218 0.7659 0.0274 0.0178 0.0249 0.0339 0.0204 
        D363  2 0.0293 0.0140 0.0235 0.0382 0.0194 0.7609 0.0157 0.0225 0.0280 0.0270 0.0214 
        D364  2 0.0743 0.0371 0.0187 0.0323 0.0165 0.2646 0.0297 0.0272 0.0206 0.0492 0.4299 
        D365  2 0.0161 0.0115 0.0084 0.0125 0.8407 0.0208 0.0112 0.0193 0.0126 0.0181 0.0289 
        D369  2 0.0742 0.0328 0.0357 0.1555 0.1115 0.1653 0.0212 0.1222 0.1193 0.1370 0.0253 
        D374  2 0.0288 0.0151 0.0109 0.0247 0.0125 0.0143 0.6521 0.1678 0.0159 0.0419 0.0161 
        D375  2 0.0340 0.0203 0.0144 0.0268 0.0115 0.0113 0.0257 0.0134 0.0099 0.0131 0.8196 
        D376  2 0.0641 0.0486 0.0177 0.0221 0.0217 0.0174 0.3376 0.3156 0.0220 0.0618 0.0712 
        D377  2 0.0761 0.0640 0.0296 0.4788 0.0306 0.0183 0.0562 0.0378 0.0331 0.1460 0.0296 
        D378  2 0.0994 0.0432 0.0799 0.0909 0.2217 0.1000 0.0143 0.0227 0.0391 0.0247 0.2640 
        D379  2 0.0950 0.0663 0.0157 0.1185 0.0187 0.5410 0.0297 0.0216 0.0212 0.0235 0.0489 
        D384  2 0.0173 0.0165 0.0107 0.0259 0.0101 0.8276 0.0138 0.0319 0.0186 0.0146 0.0130 
        D385  2 0.0264 0.0242 0.0147 0.0287 0.6488 0.0166 0.0264 0.0403 0.0185 0.0163 0.1389 
        D386  2 0.0825 0.0306 0.0588 0.0548 0.0705 0.0354 0.0309 0.0183 0.0219 0.0203 0.5761 
        D391  2 0.0238 0.0219 0.0140 0.0315 0.6834 0.0222 0.0158 0.0147 0.0186 0.0187 0.1354 
        D392  2 0.0408 0.0177 0.0402 0.0333 0.5241 0.0665 0.0331 0.0466 0.0233 0.1473 0.0272 
        D393  2 0.0409 0.0671 0.0371 0.1252 0.0618 0.1317 0.0131 0.0198 0.1349 0.0365 0.3318 
        D394  2 0.1512 0.0732 0.1398 0.0189 0.0722 0.0844 0.0632 0.0436 0.0501 0.1447 0.1586 
        D395  2 0.0734 0.0354 0.0232 0.0226 0.2396 0.0139 0.0320 0.0205 0.0336 0.0192 0.4866 
        D401  2 0.0180 0.0099 0.0126 0.0378 0.0212 0.0130 0.0206 0.0189 0.0164 0.8227 0.0089 
        D402  2 0.0263 0.0166 0.0141 0.0438 0.6996 0.0185 0.0182 0.0161 0.0504 0.0246 0.0717 
        D403  2 0.3123 0.1159 0.0593 0.0444 0.0265 0.1525 0.0891 0.0207 0.0300 0.0174 0.1319 
        D415  2 0.1324 0.0627 0.0452 0.0197 0.0237 0.4907 0.0186 0.0121 0.0150 0.1479 0.0319 
        D435  2 0.0434 0.0411 0.0238 0.0163 0.1666 0.5350 0.0107 0.0146 0.0589 0.0388 0.0509 
        D436  2 0.0877 0.1144 0.0371 0.0218 0.0219 0.0902 0.1365 0.0425 0.0225 0.0342 0.3912 
        D438  2 0.0130 0.0164 0.0134 0.0277 0.8552 0.0097 0.0130 0.0171 0.0137 0.0095 0.0112 
        D439  2 0.0598 0.0190 0.0374 0.0535 0.0329 0.0404 0.0134 0.0117 0.0170 0.0208 0.6940 
        D449  2 0.1068 0.0656 0.0326 0.0314 0.5851 0.0678 0.0196 0.0279 0.0235 0.0190 0.0207 
        D450  2 0.1768 0.0951 0.0538 0.0948 0.0174 0.1200 0.0527 0.1075 0.0630 0.0297 0.1889 
        D456  2 0.0199 0.0169 0.0151 0.0217 0.0091 0.8400 0.0109 0.0155 0.0167 0.0129 0.0215 
        D462  2 0.0222 0.0178 0.0186 0.0171 0.7033 0.0323 0.0149 0.0154 0.0186 0.0140 0.1257 
        D463  2 0.0227 0.0129 0.0111 0.0192 0.0084 0.8208 0.0182 0.0337 0.0135 0.0166 0.0228 
        D464  2 0.2751 0.0437 0.0157 0.0404 0.0532 0.0531 0.0921 0.0208 0.0198 0.0269 0.3594 
        D465  2 0.0530 0.0311 0.0313 0.0498 0.4615 0.1599 0.0265 0.0181 0.0221 0.1254 0.0214 
        D473  2 0.0468 0.0346 0.0646 0.0573 0.0460 0.0192 0.0404 0.4464 0.0380 0.1270 0.0798 
        D474  2 0.0404 0.0324 0.0435 0.0331 0.0398 0.4884 0.0128 0.0426 0.1981 0.0373 0.0316 
        D476  2 0.0205 0.0154 0.2774 0.0133 0.0319 0.0177 0.0133 0.0089 0.0182 0.0119 0.5713 
        D477  2 0.0649 0.0357 0.0171 0.1195 0.0203 0.2261 0.0161 0.0408 0.1030 0.1297 0.2268 
        D478  2 0.2178 0.0299 0.3144 0.0336 0.0564 0.0370 0.0822 0.0760 0.0420 0.0346 0.0761 
        D480  2 0.0704 0.0692 0.0168 0.1181 0.0624 0.1394 0.0307 0.0997 0.0794 0.0211 0.2929 
        D481  2 0.0971 0.0213 0.1122 0.0407 0.0549 0.2708 0.0326 0.0881 0.0514 0.0484 0.1824 
        D482  2 0.1201 0.0568 0.0534 0.0776 0.0239 0.0191 0.0611 0.0784 0.2256 0.0490 0.2348 
        D483  2 0.0205 0.0105 0.0189 0.0118 0.7951 0.0117 0.0178 0.0524 0.0245 0.0220 0.0148 
        D484  2 0.0256 0.0202 0.0144 0.0209 0.0237 0.0093 0.0646 0.0205 0.0221 0.0140 0.7648 
        D510  2 0.0662 0.0373 0.0163 0.0312 0.0210 0.0197 0.2479 0.3693 0.1268 0.0370 0.0272 
        D511  2 0.0388 0.0221 0.0309 0.0455 0.0561 0.0342 0.0174 0.0164 0.0343 0.0187 0.6857 
        D512  2 0.0523 0.0381 0.0210 0.0416 0.1325 0.0175 0.0638 0.0114 0.0287 0.5766 0.0165 
        D513  2 0.0831 0.0447 0.0326 0.1025 0.4705 0.0525 0.0258 0.0591 0.0521 0.0555 0.0215 
        D635  2 0.0610 0.0174 0.5364 0.0406 0.0291 0.2134 0.0122 0.0223 0.0236 0.0243 0.0197 
        D636  2 0.0179 0.0121 0.8005 0.0548 0.0137 0.0217 0.0115 0.0162 0.0102 0.0257 0.0158 
        D637  2 0.0969 0.1798 0.0235 0.1131 0.0903 0.0209 0.0610 0.0680 0.0434 0.0579 0.2453 
        D658  2 0.0415 0.0581 0.0179 0.0203 0.3877 0.0244 0.0649 0.0990 0.0301 0.0616 0.1946 
        D659  2 0.0522 0.0470 0.0947 0.0306 0.0276 0.5503 0.0197 0.0368 0.0631 0.0154 0.0626 
        D677  2 0.0779 0.3413 0.0623 0.1150 0.0470 0.1216 0.0707 0.0166 0.0518 0.0650 0.0309 
        D678  2 0.0875 0.0262 0.0247 0.0450 0.6115 0.0144 0.1058 0.0112 0.0239 0.0267 0.0231 
        D679  2 0.1132 0.0528 0.0282 0.3306 0.0367 0.2110 0.0205 0.0448 0.0828 0.0226 0.0568 
        D719  2 0.0494 0.0167 0.0128 0.0294 0.1243 0.1364 0.0250 0.4052 0.0783 0.0824 0.0401 
        D720  2 0.0448 0.0245 0.0235 0.0479 0.0232 0.6878 0.0217 0.0618 0.0183 0.0280 0.0186 
        D721  2 0.0343 0.0251 0.7165 0.0305 0.0552 0.0326 0.0103 0.0282 0.0217 0.0183 0.0270 
        D722  2 0.0602 0.0140 0.0215 0.0444 0.0455 0.0155 0.5374 0.1033 0.0386 0.0971 0.0223 
        D734  2 0.0345 0.0216 0.0139 0.0287 0.0368 0.0194 0.0187 0.1872 0.0243 0.0134 0.6015 
        D735  2 0.1083 0.0380 0.0381 0.3360 0.0428 0.1663 0.0215 0.0640 0.0364 0.0580 0.0906 
        D736  2 0.0692 0.0540 0.0478 0.0291 0.0478 0.0431 0.0215 0.2438 0.3377 0.0582 0.0477 
        D737  2 0.0465 0.0250 0.0478 0.0179 0.4949 0.0141 0.0521 0.0343 0.0737 0.0466 0.1471 
        D807  2 0.0734 0.0900 0.0313 0.0778 0.0464 0.1469 0.0487 0.1598 0.1530 0.0981 0.0747 
        D808  2 0.1544 0.1164 0.0640 0.0272 0.0722 0.0661 0.0683 0.0291 0.0810 0.2522 0.0690 
        D817  2 0.0437 0.0170 0.0188 0.6786 0.0123 0.0828 0.0397 0.0174 0.0275 0.0258 0.0363 
        D818  2 0.2150 0.2310 0.1181 0.0391 0.1299 0.0464 0.0290 0.0219 0.1238 0.0185 0.0273 
        D819  2 0.0778 0.0204 0.0292 0.5161 0.0218 0.0784 0.0316 0.0222 0.0355 0.1431 0.0239 
        D820  2 0.0458 0.0344 0.0215 0.0176 0.0279 0.6215 0.0186 0.0246 0.0267 0.0123 0.1490 
        D895  2 0.1588 0.0394 0.1540 0.1455 0.0634 0.2272 0.0294 0.0372 0.0352 0.0400 0.0700 
        D896  2 0.0143 0.0136 0.0115 0.0107 0.0091 0.0087 0.0157 0.0181 0.0101 0.8781 0.0102 
        D897  2 0.1076 0.1743 0.0212 0.0714 0.4019 0.0252 0.0351 0.0266 0.0506 0.0526 0.0334 
        D898  2 0.1614 0.0549 0.0270 0.1083 0.0284 0.0417 0.1157 0.0443 0.1098 0.2648 0.0437 
        D918  2 0.1061 0.3057 0.0674 0.0674 0.0425 0.0238 0.0485 0.0547 0.0552 0.1501 0.0786 
        D919  2 0.1317 0.0257 0.0371 0.0205 0.0700 0.0982 0.0624 0.0196 0.0804 0.0201 0.4344 
        D920  2 0.0569 0.0863 0.5234 0.0258 0.0321 0.0343 0.0529 0.0897 0.0195 0.0424 0.0367 
        D923  2 0.0789 0.0266 0.0250 0.0317 0.0268 0.5636 0.0321 0.0204 0.0261 0.0239 0.1449 
        D930  2 0.1470 0.0921 0.0310 0.1829 0.0369 0.1394 0.0533 0.0845 0.0413 0.0646 0.1271 
        D931  2 0.0658 0.0353 0.0281 0.0387 0.1385 0.2531 0.0404 0.0370 0.0495 0.0348 0.2789 
        D968  2 0.0240 0.0131 0.0140 0.0195 0.7465 0.0157 0.0223 0.0122 0.0939 0.0174 0.0213 
        D969  2 0.1417 0.0510 0.0311 0.0333 0.1645 0.1798 0.0410 0.0639 0.1824 0.0594 0.0519 
        D977  2 0.0662 0.1008 0.0276 0.0347 0.6344 0.0255 0.0209 0.0164 0.0312 0.0169 0.0255 
        D978  2 0.0989 0.1403 0.0214 0.3271 0.0773 0.0184 0.0607 0.0250 0.1932 0.0150 0.0229 
        D211  3 0.0405 0.4501 0.2433 0.1046 0.0149 0.0482 0.0183 0.0195 0.0265 0.0135 0.0205 
     D229639  3 0.0414 0.0306 0.0227 0.0290 0.0501 0.0553 0.0524 0.0650 0.5993 0.0319 0.0224 
     D237212  3 0.0855 0.1389 0.0520 0.1156 0.0563 0.0544 0.0278 0.0247 0.2054 0.0660 0.1733 
     D237213  3 0.0699 0.1473 0.0484 0.4078 0.0233 0.0271 0.0324 0.0119 0.0322 0.1271 0.0726 
     D237214  3 0.0447 0.0163 0.8318 0.0106 0.0102 0.0190 0.0142 0.0172 0.0098 0.0155 0.0107 
     D237215  3 0.0393 0.0168 0.0166 0.0437 0.4268 0.0152 0.2201 0.0582 0.1207 0.0259 0.0167 
     D237216  3 0.5036 0.1371 0.0673 0.0735 0.0294 0.0324 0.0257 0.0236 0.0402 0.0342 0.0329 
     D237217  3 0.2101 0.3762 0.1338 0.0275 0.0219 0.0470 0.0191 0.0125 0.0835 0.0424 0.0258 
     D237218  3 0.0527 0.4066 0.0202 0.0378 0.0382 0.0389 0.0159 0.0464 0.1673 0.0176 0.1584 
     D237219  3 0.0875 0.1616 0.0566 0.2711 0.0213 0.0232 0.0268 0.0678 0.1302 0.1422 0.0118 
     D237382  3 0.1209 0.0810 0.0356 0.0416 0.0333 0.0656 0.2984 0.0906 0.0246 0.1776 0.0308 
     D244127  3 0.0682 0.0624 0.0370 0.0637 0.0557 0.0172 0.0324 0.0192 0.0797 0.5281 0.0365 
     D244129  3 0.1447 0.0981 0.1002 0.0677 0.0544 0.0693 0.0585 0.0374 0.0810 0.2168 0.0720 
     D244133  3 0.0497 0.0297 0.0369 0.6349 0.0634 0.0470 0.0236 0.0513 0.0256 0.0270 0.0109 
     D244134  3 0.0466 0.0380 0.0303 0.1102 0.0236 0.0215 0.0181 0.1858 0.4429 0.0601 0.0229 
     D244135  3 0.0339 0.0625 0.6668 0.0602 0.0474 0.0404 0.0174 0.0145 0.0170 0.0185 0.0213 
     D244136  3 0.0646 0.0375 0.0556 0.4186 0.0625 0.1092 0.0536 0.0919 0.0461 0.0299 0.0305 
        D416  3 0.1728 0.1192 0.0585 0.2437 0.1360 0.0571 0.0207 0.0304 0.0635 0.0513 0.0469 
        D417  3 0.0421 0.1825 0.0235 0.0182 0.0160 0.5979 0.0348 0.0182 0.0163 0.0304 0.0201 
        D419  3 0.0869 0.2391 0.0394 0.1345 0.0480 0.0848 0.0243 0.0499 0.1587 0.1037 0.0306 
        D565  3 0.0212 0.0140 0.0185 0.0417 0.0139 0.0368 0.0199 0.7758 0.0268 0.0159 0.0155 
        D566  3 0.0930 0.0198 0.0297 0.0836 0.0483 0.0652 0.0507 0.1912 0.3420 0.0601 0.0163 
        D567  3 0.0536 0.0473 0.0600 0.0478 0.0385 0.5370 0.0367 0.0214 0.0188 0.0778 0.0611 
        D568  3 0.1153 0.1626 0.0948 0.0423 0.0853 0.0696 0.0377 0.0160 0.0987 0.0721 0.2058 
        D569  3 0.0968 0.0517 0.0628 0.0384 0.0564 0.0221 0.0958 0.0327 0.0387 0.0203 0.4844 
        D573  3 0.0622 0.0192 0.0163 0.0195 0.1897 0.1222 0.0136 0.0233 0.4797 0.0250 0.0292 
        D574  3 0.1112 0.0444 0.0591 0.0991 0.0442 0.0384 0.1121 0.3010 0.0768 0.0698 0.0440 
        D575  3 0.0215 0.0147 0.0259 0.8173 0.0192 0.0141 0.0090 0.0260 0.0192 0.0202 0.0128 
        D576  3 0.0530 0.0176 0.0340 0.1344 0.5024 0.0073 0.1265 0.0262 0.0695 0.0133 0.0158 
        D577  3 0.0540 0.0689 0.0796 0.1911 0.0182 0.4103 0.0614 0.0285 0.0260 0.0199 0.0421 
        D578  3 0.0380 0.0160 0.8146 0.0147 0.0174 0.0145 0.0201 0.0134 0.0127 0.0256 0.0130 
        D579  3 0.0796 0.0870 0.0425 0.0897 0.0469 0.1711 0.0292 0.1569 0.1298 0.0450 0.1222 
        D660  3 0.0695 0.0634 0.0356 0.1183 0.5319 0.0147 0.0429 0.0131 0.0300 0.0460 0.0345 
        D661  3 0.0844 0.3554 0.0547 0.0289 0.1125 0.0229 0.0180 0.0192 0.2114 0.0182 0.0744 
        D663  3 0.1289 0.0261 0.0315 0.0401 0.0716 0.0461 0.0664 0.0146 0.5276 0.0169 0.0301 
        D664  3 0.0983 0.1524 0.0839 0.3096 0.1266 0.0138 0.0463 0.0438 0.0293 0.0728 0.0231 
        D665  3 0.1779 0.1070 0.0886 0.2531 0.0288 0.0129 0.1221 0.0120 0.0372 0.0868 0.0736 
        D666  3 0.0391 0.0452 0.0219 0.5965 0.0151 0.0308 0.0164 0.0453 0.0301 0.1395 0.0200 
        D009  4 0.0959 0.2653 0.1399 0.0324 0.0210 0.1157 0.0523 0.0287 0.0283 0.0803 0.1402 
        D057  4 0.0415 0.0550 0.2151 0.0093 0.1071 0.0311 0.0300 0.0247 0.0928 0.0137 0.3796 
        D109  4 0.1261 0.0712 0.0552 0.1314 0.0167 0.0293 0.0302 0.0402 0.0238 0.4452 0.0307 
     D237222  4 0.0610 0.0474 0.4879 0.0155 0.0239 0.0290 0.1417 0.1109 0.0289 0.0213 0.0326 
     D237223  4 0.1193 0.3831 0.0661 0.0240 0.0472 0.0270 0.0559 0.1002 0.0614 0.0648 0.0511 
     D237224  4 0.0886 0.0473 0.0473 0.0652 0.1507 0.0924 0.0329 0.0264 0.2049 0.0353 0.2090 
     D237225  4 0.2201 0.2032 0.1201 0.0562 0.0343 0.0687 0.0481 0.0465 0.0574 0.0517 0.0939 
     D237299  4 0.1039 0.5642 0.0599 0.0231 0.0207 0.0135 0.0546 0.0336 0.0601 0.0470 0.0195 
     D237300  4 0.0316 0.0414 0.0224 0.1005 0.0296 0.0180 0.0201 0.0210 0.6811 0.0164 0.0181 
     D237306  4 0.0524 0.1205 0.0245 0.0129 0.0227 0.0731 0.1224 0.4104 0.0325 0.0870 0.0416 
     D237307  4 0.0884 0.0841 0.0299 0.1558 0.0518 0.2659 0.0738 0.1494 0.0481 0.0326 0.0201 
     D237308  4 0.0795 0.0259 0.0481 0.0413 0.3761 0.0222 0.0521 0.0619 0.0449 0.0674 0.1807 
     D237309  4 0.2198 0.0909 0.1257 0.0432 0.0436 0.1447 0.0885 0.0210 0.0595 0.0684 0.0946 
     D237317  4 0.1884 0.0336 0.0878 0.0618 0.0161 0.1173 0.0689 0.2796 0.0678 0.0374 0.0414 
     D237318  4 0.0347 0.0169 0.0138 0.0410 0.0405 0.0336 0.0296 0.0224 0.7396 0.0156 0.0125 
     D237319  4 0.1522 0.2304 0.0934 0.0434 0.0353 0.0348 0.1535 0.0332 0.0446 0.1555 0.0238 
     D237320  4 0.0425 0.6080 0.0548 0.0265 0.0443 0.0348 0.0145 0.0171 0.0663 0.0698 0.0214 
     D237321  4 0.0494 0.0365 0.0442 0.0789 0.0745 0.0621 0.0337 0.0400 0.5198 0.0413 0.0196 
     D237397  4 0.0768 0.3904 0.0387 0.0368 0.0640 0.0362 0.0732 0.1045 0.1099 0.0483 0.0212 
     D237398  4 0.0631 0.0901 0.0249 0.0466 0.0364 0.0471 0.0212 0.0123 0.5795 0.0166 0.0622 
     D237399  4 0.0785 0.0801 0.0902 0.0287 0.0252 0.0612 0.0431 0.1861 0.2952 0.0686 0.0430 
     D244001  4 0.0654 0.0691 0.4308 0.0198 0.0991 0.0296 0.1642 0.0261 0.0290 0.0242 0.0427 
        D289  4 0.0909 0.0875 0.0407 0.0222 0.0461 0.0648 0.0251 0.2303 0.0780 0.0307 0.2837 
        D290  4 0.0668 0.0683 0.0266 0.0137 0.0220 0.0523 0.5567 0.0197 0.1007 0.0240 0.0493 
        D294  4 0.1780 0.1630 0.0491 0.0394 0.0202 0.0688 0.0960 0.0261 0.0709 0.0155 0.2731 
        D295  4 0.0877 0.2030 0.0278 0.0812 0.0198 0.1474 0.0961 0.0419 0.0442 0.1886 0.0622 
        D301  4 0.0446 0.0582 0.4422 0.0410 0.0333 0.0157 0.1529 0.0404 0.1082 0.0399 0.0234 
        D302  4 0.0335 0.0225 0.0297 0.0301 0.0120 0.0383 0.0375 0.0124 0.0172 0.0105 0.7561 
        D303  4 0.0427 0.0464 0.0230 0.0353 0.0524 0.0359 0.0515 0.5408 0.0268 0.0907 0.0546 
        D304  4 0.0954 0.0345 0.0293 0.0575 0.0192 0.0834 0.3571 0.0601 0.2186 0.0185 0.0263 
        D305  4 0.3689 0.0472 0.0264 0.0252 0.0640 0.0161 0.0613 0.0087 0.0502 0.0171 0.3148 
        D306  4 0.1418 0.0502 0.0369 0.0125 0.0140 0.0357 0.6034 0.0277 0.0224 0.0251 0.0303 
        D307  4 0.0276 0.0327 0.6343 0.0370 0.0216 0.0142 0.0283 0.0964 0.0446 0.0253 0.0381 
        D327  4 0.0789 0.0477 0.0347 0.0693 0.0411 0.5483 0.0473 0.0516 0.0311 0.0155 0.0346 
        D328  4 0.0728 0.0870 0.0247 0.0514 0.0240 0.0222 0.2524 0.1211 0.0337 0.0851 0.2256 
        D329  4 0.1129 0.0741 0.0576 0.0225 0.1260 0.0405 0.0738 0.0485 0.0904 0.0603 0.2932 
        D330  4 0.1510 0.1009 0.0830 0.0390 0.0586 0.1697 0.0982 0.0148 0.0149 0.1949 0.0751 
        D331  4 0.0902 0.0416 0.0396 0.0639 0.0230 0.1132 0.2410 0.0609 0.2347 0.0626 0.0292 
        D333  4 0.0803 0.1968 0.0337 0.0408 0.0661 0.0581 0.1740 0.0633 0.0826 0.0627 0.1416 
        D334  4 0.0429 0.0576 0.0495 0.0518 0.0121 0.0587 0.0438 0.5665 0.0368 0.0206 0.0599 
        D335  4 0.0529 0.0172 0.0283 0.0538 0.0405 0.1004 0.1402 0.0242 0.0255 0.0387 0.4783 
        D370  4 0.0475 0.0200 0.0313 0.0395 0.0397 0.0232 0.5230 0.0372 0.0286 0.1782 0.0318 
        D371  4 0.0438 0.0193 0.0151 0.0657 0.0330 0.1223 0.0491 0.5829 0.0151 0.0295 0.0241 
        D372  4 0.0668 0.0247 0.0137 0.0229 0.0447 0.0096 0.1149 0.0204 0.6452 0.0226 0.0144 
        D373  4 0.0475 0.0257 0.5939 0.0546 0.0663 0.0386 0.0182 0.0159 0.0829 0.0176 0.0387 
        D455  4 0.0210 0.0217 0.6759 0.0185 0.0301 0.0302 0.0319 0.0248 0.0470 0.0205 0.0783 
        D490  4 0.0194 0.1671 0.6695 0.0181 0.0098 0.0226 0.0241 0.0213 0.0141 0.0180 0.0161 
        D497  4 0.0526 0.2172 0.4924 0.0531 0.0138 0.0117 0.0322 0.0202 0.0262 0.0246 0.0560 
        D498  4 0.0671 0.0301 0.0292 0.0337 0.0237 0.0389 0.4291 0.0607 0.1404 0.1268 0.0202 
        D499  4 0.1266 0.1002 0.0157 0.1835 0.1458 0.0203 0.0384 0.1247 0.0666 0.0726 0.1055 
        D514  4 0.1041 0.0581 0.0414 0.1084 0.0283 0.2431 0.1817 0.0145 0.0507 0.0597 0.1098 
        D515  4 0.0550 0.6257 0.0461 0.0242 0.0201 0.0292 0.0805 0.0234 0.0186 0.0466 0.0305 
        D516  4 0.0871 0.1441 0.0471 0.2320 0.0673 0.0797 0.0925 0.0455 0.0598 0.1266 0.0181 
        D517  4 0.1384 0.0474 0.5182 0.0172 0.0434 0.0463 0.0240 0.0165 0.0702 0.0476 0.0308 
        D518  4 0.0295 0.0357 0.1583 0.0149 0.0228 0.0251 0.0775 0.0675 0.0177 0.0157 0.5353 
        D519  4 0.0251 0.8111 0.0243 0.0140 0.0167 0.0188 0.0110 0.0148 0.0248 0.0241 0.0151 
        D560  4 0.0246 0.7627 0.0180 0.0138 0.0245 0.0470 0.0280 0.0107 0.0290 0.0173 0.0243 
        D561  4 0.2809 0.0473 0.3386 0.0279 0.0403 0.0728 0.0287 0.0122 0.0250 0.0448 0.0814 
        D562  4 0.1633 0.0725 0.2104 0.0390 0.0548 0.0419 0.1346 0.0484 0.0510 0.0357 0.1483 
        D563  4 0.0940 0.0654 0.0550 0.0697 0.3570 0.0210 0.0392 0.0199 0.0629 0.0465 0.1694 
        D572  4 0.0365 0.0430 0.0579 0.0159 0.0161 0.0541 0.0474 0.0215 0.0153 0.0149 0.6774 
        D629  4 0.0532 0.0673 0.1782 0.4122 0.0212 0.1160 0.0149 0.0166 0.0536 0.0228 0.0439 
        D630  4 0.1183 0.1986 0.1524 0.0302 0.0244 0.0692 0.1671 0.0431 0.0927 0.0309 0.0733 
        D631  4 0.0426 0.0785 0.0260 0.0198 0.0485 0.0182 0.0342 0.0224 0.0377 0.0170 0.6550 
        D632  4 0.0682 0.0282 0.3290 0.0516 0.1438 0.0351 0.0187 0.0195 0.0151 0.0785 0.2124 
        D646  4 0.1140 0.4120 0.0368 0.0143 0.0354 0.1024 0.0355 0.0240 0.0519 0.1333 0.0404 
        D647  4 0.0803 0.1325 0.0867 0.0177 0.0448 0.3391 0.1052 0.0124 0.0623 0.0682 0.0506 
        D648  4 0.0402 0.0344 0.0192 0.0574 0.0215 0.0182 0.4905 0.0438 0.0130 0.0159 0.2458 
        D649  4 0.0543 0.0454 0.0561 0.0821 0.0173 0.1801 0.0208 0.0147 0.0275 0.3277 0.1740 
        D650  4 0.0740 0.2844 0.0660 0.0862 0.0221 0.1315 0.0450 0.0804 0.0589 0.0567 0.0949 
        D708  4 0.1494 0.0967 0.0428 0.1390 0.0262 0.0332 0.0561 0.1361 0.0712 0.0287 0.2206 
        D709  4 0.0829 0.0190 0.0141 0.0466 0.0217 0.0163 0.5372 0.0206 0.0247 0.1796 0.0372 
        D738  4 0.0531 0.0879 0.0475 0.0223 0.0122 0.0546 0.0562 0.5189 0.0395 0.0844 0.0234 
        D739  4 0.1087 0.2449 0.2019 0.0460 0.0211 0.0231 0.2023 0.0293 0.0419 0.0332 0.0476 
        D740  4 0.2141 0.1995 0.0354 0.0681 0.0440 0.0217 0.0191 0.1226 0.0958 0.1090 0.0707 
        D741  4 0.0825 0.6472 0.0224 0.0287 0.0390 0.0563 0.0225 0.0125 0.0272 0.0413 0.0204 
        D742  4 0.1094 0.3199 0.0487 0.0306 0.1618 0.0283 0.0254 0.0976 0.0991 0.0330 0.0462 
        D743  4 0.0297 0.0366 0.0252 0.0360 0.0407 0.3057 0.0181 0.0181 0.0310 0.0117 0.4472 
        D744  4 0.0216 0.0295 0.0125 0.0220 0.0247 0.0186 0.0128 0.0148 0.0195 0.0156 0.8085 
        D745  4 0.0245 0.8056 0.0325 0.0302 0.0118 0.0145 0.0131 0.0130 0.0177 0.0218 0.0153 
        D814  4 0.1285 0.3763 0.0607 0.0222 0.1965 0.0183 0.0700 0.0154 0.0509 0.0103 0.0510 
        D815  4 0.0584 0.0297 0.0270 0.0499 0.0228 0.0720 0.2871 0.0218 0.0440 0.0612 0.3262 
        D828  4 0.0651 0.0412 0.0232 0.0382 0.0429 0.0108 0.6265 0.0517 0.0329 0.0257 0.0417 
        D845  4 0.0202 0.0218 0.0099 0.0205 0.0186 0.0145 0.0102 0.0320 0.8163 0.0127 0.0233 
        D846  4 0.0995 0.0286 0.1201 0.0367 0.1291 0.0823 0.0579 0.0092 0.0464 0.0199 0.3702 
        D847  4 0.1059 0.2326 0.1761 0.0363 0.0430 0.0774 0.0474 0.0717 0.1080 0.0364 0.0654 
        D848  4 0.0348 0.0150 0.6148 0.0164 0.0522 0.0157 0.0265 0.0154 0.1663 0.0137 0.0292 
        D849  4 0.0849 0.4514 0.1284 0.0637 0.0328 0.0261 0.0993 0.0202 0.0226 0.0339 0.0368 
        D850  4 0.2098 0.0489 0.2359 0.0691 0.0296 0.0725 0.0181 0.0631 0.1638 0.0326 0.0566 
        D856  4 0.2791 0.0880 0.0409 0.0594 0.0186 0.0394 0.1191 0.0414 0.0355 0.2235 0.0551 
        D857  4 0.0323 0.0295 0.0351 0.0124 0.0597 0.0080 0.1739 0.0251 0.0186 0.5865 0.0188 
        D859  4 0.0562 0.1779 0.0198 0.0188 0.0264 0.0555 0.0677 0.0184 0.0828 0.0198 0.4566 
        D860  4 0.0795 0.0205 0.0302 0.0216 0.0714 0.0733 0.0256 0.4146 0.1523 0.0214 0.0898 
        D883  4 0.0838 0.1056 0.1434 0.1037 0.0295 0.1642 0.0997 0.0617 0.0565 0.1020 0.0500 
        D884  4 0.0501 0.5842 0.0215 0.0579 0.0130 0.0263 0.0712 0.0352 0.0255 0.0797 0.0355 
        D885  4 0.1014 0.4818 0.0309 0.0760 0.0520 0.0756 0.0118 0.0234 0.0866 0.0231 0.0373 
        D886  4 0.0564 0.0749 0.1462 0.0237 0.0407 0.1282 0.2617 0.0178 0.0397 0.1627 0.0483 
        D887  4 0.1312 0.1615 0.0375 0.0323 0.0821 0.0977 0.0707 0.0327 0.2067 0.0689 0.0787 
        D889  4 0.0671 0.0554 0.0147 0.0287 0.0108 0.0275 0.1815 0.0139 0.5554 0.0111 0.0340 
        D890  4 0.0740 0.0272 0.0665 0.4381 0.0560 0.0240 0.1077 0.0612 0.0337 0.0645 0.0471 
        D891  4 0.0110 0.0115 0.0091 0.0161 0.0101 0.0101 0.0074 0.0087 0.8991 0.0082 0.0088 
        D899  4 0.0603 0.0305 0.0294 0.0448 0.3824 0.0288 0.0595 0.0729 0.1634 0.0385 0.0896 
        D900  4 0.1605 0.0735 0.0950 0.0410 0.0799 0.1044 0.1096 0.0538 0.0512 0.0535 0.1776 
        D970  4 0.1447 0.0547 0.0524 0.0585 0.0471 0.1024 0.0286 0.0455 0.0821 0.0368 0.3472 
        D971  4 0.0744 0.0156 0.0301 0.0528 0.3855 0.0367 0.0932 0.0508 0.0193 0.0692 0.1724 
        D979  4 0.0586 0.0340 0.0287 0.0801 0.0315 0.2336 0.1039 0.0312 0.0276 0.0248 0.3461 
        D093  5 0.0407 0.0715 0.0220 0.0237 0.0183 0.0338 0.0373 0.6637 0.0487 0.0214 0.0190 
        D154  5 0.1361 0.2848 0.0136 0.2702 0.0525 0.0188 0.0533 0.0307 0.0946 0.0200 0.0254 
        D168  5 0.0873 0.1723 0.0475 0.2716 0.1698 0.0446 0.0542 0.0118 0.0805 0.0321 0.0285 
        D189  5 0.0837 0.0803 0.0150 0.0226 0.0258 0.0312 0.2582 0.2631 0.1735 0.0221 0.0244 
        D190  5 0.0199 0.0337 0.0139 0.1317 0.0189 0.0238 0.0333 0.6313 0.0247 0.0319 0.0371 
     D237220  5 0.0870 0.2588 0.1155 0.0177 0.0177 0.0187 0.0509 0.0988 0.1413 0.1130 0.0806 
     D237221  5 0.0680 0.0740 0.0257 0.1476 0.0981 0.0557 0.0326 0.1998 0.1676 0.0642 0.0670 
     D237274  5 0.0886 0.0253 0.0287 0.0282 0.0574 0.2794 0.0738 0.0125 0.0235 0.1206 0.2621 
     D237275  5 0.0913 0.0328 0.0161 0.0464 0.4242 0.0146 0.2043 0.0285 0.0804 0.0479 0.0137 
     D237276  5 0.0587 0.3138 0.0391 0.0795 0.0298 0.0618 0.1047 0.1365 0.0288 0.1004 0.0468 
     D237277  5 0.0435 0.0339 0.0142 0.1697 0.0473 0.0195 0.0238 0.4761 0.0914 0.0304 0.0502 
     D237278  5 0.0853 0.0645 0.0397 0.0319 0.2978 0.0583 0.0545 0.1636 0.0309 0.0923 0.0813 
     D237279  5 0.2214 0.0254 0.0942 0.1550 0.0202 0.0400 0.0165 0.0184 0.0334 0.2906 0.0848 
     D237280  5 0.1415 0.0479 0.1067 0.1943 0.0203 0.0744 0.0287 0.0614 0.0249 0.2426 0.0572 
     D237281  5 0.0752 0.0258 0.0127 0.0170 0.2067 0.0311 0.0193 0.0200 0.5501 0.0179 0.0243 
     D237351  5 0.0293 0.0767 0.0205 0.2486 0.0137 0.0149 0.0140 0.0465 0.0178 0.5011 0.0171 
     D237352  5 0.0572 0.0276 0.3126 0.1347 0.0753 0.0434 0.0737 0.0413 0.0265 0.0282 0.1795 
     D237353  5 0.0293 0.0156 0.0130 0.1628 0.0135 0.0128 0.0263 0.5961 0.0425 0.0550 0.0331 
     D237359  5 0.0807 0.4090 0.0815 0.0414 0.0191 0.0323 0.0362 0.0458 0.1724 0.0359 0.0456 
     D237361  5 0.0317 0.0192 0.0121 0.0350 0.0146 0.0204 0.0268 0.7582 0.0204 0.0480 0.0137 
     D237362  5 0.0279 0.0200 0.0155 0.7849 0.0233 0.0243 0.0118 0.0287 0.0236 0.0212 0.0187 
     D237363  5 0.5018 0.0424 0.0265 0.1346 0.0900 0.0261 0.0455 0.0326 0.0429 0.0354 0.0222 
     D237364  5 0.0786 0.4702 0.0489 0.0445 0.0639 0.0533 0.0529 0.0105 0.0649 0.0471 0.0653 
     D237376  5 0.0244 0.0348 0.0111 0.0270 0.0255 0.0101 0.7161 0.0537 0.0351 0.0228 0.0394 
     D237377  5 0.1227 0.0240 0.0337 0.2234 0.0483 0.0612 0.0185 0.0912 0.0220 0.3161 0.0389 
     D237378  5 0.0707 0.0793 0.0348 0.0486 0.0570 0.0259 0.1596 0.3656 0.0816 0.0248 0.0521 
     D237379  5 0.1036 0.1182 0.0362 0.0363 0.0362 0.0299 0.0990 0.2721 0.0357 0.0246 0.2080 
     D237380  5 0.0452 0.0251 0.0257 0.0133 0.0156 0.0151 0.2637 0.0339 0.0142 0.4699 0.0783 
     D237381  5 0.1218 0.0298 0.1758 0.0300 0.0490 0.0290 0.1284 0.0537 0.0441 0.2340 0.1045 
     D237391  5 0.0226 0.0336 0.0157 0.0304 0.0128 0.0241 0.0101 0.7711 0.0404 0.0209 0.0184 
     D237392  5 0.0972 0.0348 0.0486 0.0828 0.2093 0.1916 0.0932 0.0211 0.0363 0.1100 0.0751 
     D237393  5 0.0495 0.0252 0.0550 0.0271 0.0363 0.3967 0.0849 0.1625 0.0480 0.0780 0.0367 
