        D174  1 0.0884 0.0343 0.1176 0.0195 0.0490 0.0731 0.0177 0.0936 0.4393 0.0675 
        D199  1 0.0305 0.1655 0.0246 0.1301 0.1837 0.0989 0.0335 0.0771 0.1720 0.0841 
        D203  1 0.0215 0.1243 0.1630 0.0997 0.2572 0.0694 0.0384 0.0690 0.0557 0.1019 
        D204  1 0.0230 0.0413 0.0324 0.0149 0.6951 0.0167 0.0888 0.0272 0.0226 0.0380 
     D237366  1 0.0240 0.0367 0.0220 0.0451 0.0476 0.5025 0.0935 0.1277 0.0524 0.0486 
     D237367  1 0.1012 0.0951 0.0412 0.0238 0.3125 0.1797 0.0409 0.0860 0.0354 0.0843 
     D237368  1 0.0297 0.0983 0.0571 0.0279 0.1677 0.3683 0.0490 0.0530 0.1005 0.0486 
     D244101  1 0.0234 0.0724 0.0318 0.0813 0.1141 0.0182 0.5349 0.0778 0.0193 0.0269 
     D244102  1 0.0741 0.0368 0.1053 0.0711 0.0739 0.0822 0.0682 0.0837 0.0393 0.3655 
     D244103  1 0.0941 0.0382 0.0456 0.0253 0.1231 0.1209 0.0376 0.4081 0.0482 0.0589 
     D244104  1 0.1102 0.0414 0.0282 0.0243 0.6125 0.0351 0.0274 0.0274 0.0775 0.0160 
     D244105  1 0.0413 0.0268 0.1401 0.0366 0.0692 0.3440 0.0260 0.2503 0.0159 0.0498 
     D244106  1 0.0237 0.0783 0.0287 0.0510 0.0803 0.0199 0.0221 0.0858 0.5181 0.0920 
     D244107  1 0.0416 0.1290 0.1789 0.0254 0.0465 0.3657 0.0643 0.1103 0.0167 0.0216 
     D244108  1 0.0283 0.0305 0.3368 0.0347 0.0749 0.0296 0.0335 0.0510 0.2917 0.0889 
     D244113  1 0.1181 0.0397 0.0327 0.0189 0.0158 0.0301 0.0680 0.0374 0.3911 0.2482 
     D244114  1 0.0275 0.0474 0.0467 0.1293 0.0411 0.0562 0.0434 0.4586 0.0864 0.0633 
     D244115  1 0.0637 0.0209 0.2941 0.0426 0.1330 0.0450 0.0236 0.1213 0.2102 0.0455 
     D267365  1 0.0425 0.0285 0.0423 0.1870 0.2740 0.0908 0.0339 0.0490 0.2108 0.0414 
        D404  1 0.0416 0.0293 0.0342 0.0158 0.0215 0.0150 0.0608 0.0368 0.1602 0.5848 
        D405  1 0.0673 0.0733 0.0722 0.0366 0.1045 0.0337 0.0466 0.0559 0.0519 0.4579 
        D406  1 0.0170 0.0198 0.0828 0.0195 0.0830 0.6274 0.0506 0.0319 0.0445 0.0235 
        D407  1 0.0546 0.1365 0.0165 0.0184 0.5035 0.1376 0.0175 0.0587 0.0272 0.0295 
        D408  1 0.2239 0.0185 0.0425 0.1245 0.0511 0.0222 0.0330 0.0604 0.3602 0.0636 
        D409  1 0.0419 0.0445 0.0594 0.0288 0.0689 0.0503 0.0272 0.6085 0.0375 0.0331 
        D410  1 0.0248 0.0113 0.7689 0.0139 0.0584 0.0186 0.0321 0.0247 0.0246 0.0227 
        D421  1 0.0137 0.0296 0.0104 0.0138 0.8759 0.0119 0.0084 0.0120 0.0158 0.0084 
        D422  1 0.0188 0.0266 0.0227 0.0275 0.0447 0.7551 0.0157 0.0566 0.0160 0.0163 
        D423  1 0.0161 0.0659 0.6919 0.0153 0.0730 0.0455 0.0198 0.0341 0.0177 0.0206 
        D424  1 0.0321 0.0174 0.0254 0.0164 0.5825 0.1041 0.0254 0.1233 0.0391 0.0343 
        D425  1 0.0435 0.0264 0.1118 0.0485 0.3681 0.0276 0.0278 0.1179 0.1181 0.1102 
        D426  1 0.0737 0.0321 0.0163 0.1058 0.0410 0.0506 0.0177 0.6221 0.0274 0.0132 
        D427  1 0.0317 0.3892 0.0146 0.0255 0.2936 0.0319 0.0143 0.0312 0.1557 0.0123 
        D428  1 0.0521 0.0555 0.0846 0.0436 0.2674 0.0790 0.0732 0.0868 0.1607 0.0972 
        D429  1 0.0245 0.0329 0.0422 0.0595 0.3312 0.0378 0.0404 0.1167 0.2266 0.0883 
        D430  1 0.0551 0.0608 0.0450 0.1026 0.0780 0.0421 0.0203 0.2334 0.1071 0.2557 
        D491  1 0.0491 0.0131 0.0317 0.0277 0.0508 0.0210 0.0196 0.0328 0.7156 0.0386 
        D492  1 0.0331 0.0689 0.0650 0.0266 0.2570 0.0950 0.0495 0.1311 0.1440 0.1297 
        D537  1 0.0796 0.0259 0.0637 0.0148 0.5407 0.0720 0.0745 0.0622 0.0329 0.0339 
        D538  1 0.0290 0.0912 0.0993 0.0281 0.0515 0.1067 0.0390 0.1258 0.0635 0.3660 
        D539  1 0.0728 0.0365 0.0593 0.4291 0.0319 0.0506 0.0506 0.0760 0.1175 0.0756 
        D540  1 0.3512 0.0280 0.0444 0.0482 0.2382 0.0552 0.0207 0.1335 0.0319 0.0488 
        D541  1 0.0154 0.0159 0.0153 0.0165 0.8611 0.0179 0.0159 0.0183 0.0113 0.0126 
        D551  1 0.0385 0.1555 0.0216 0.1303 0.0442 0.0659 0.0255 0.4609 0.0302 0.0274 
        D552  1 0.1019 0.0392 0.1549 0.0478 0.1400 0.0907 0.0823 0.1112 0.2102 0.0218 
        D553  1 0.0243 0.0117 0.0133 0.0176 0.8554 0.0152 0.0158 0.0234 0.0145 0.0088 
        D615  1 0.0539 0.0654 0.1099 0.0498 0.4416 0.0357 0.0225 0.0692 0.0547 0.0973 
        D616  1 0.0732 0.1238 0.1435 0.0549 0.2354 0.0811 0.0208 0.1572 0.0713 0.0389 
        D621  1 0.0601 0.0271 0.1869 0.0272 0.0157 0.1965 0.3304 0.0435 0.0754 0.0371 
        D622  1 0.0724 0.0199 0.1777 0.0281 0.0554 0.4300 0.0619 0.0958 0.0366 0.0220 
        D623  1 0.0293 0.1528 0.0550 0.0533 0.0218 0.0223 0.2018 0.0534 0.2401 0.1704 
        D624  1 0.0246 0.0132 0.0194 0.0159 0.0335 0.0345 0.0089 0.0334 0.7948 0.0219 
        D625  1 0.0396 0.0174 0.0681 0.0186 0.5875 0.0501 0.0514 0.0721 0.0628 0.0324 
        D626  1 0.1891 0.0358 0.1351 0.0548 0.0675 0.1479 0.0251 0.0645 0.2301 0.0502 
        D627  1 0.0406 0.0224 0.0186 0.1094 0.0752 0.0624 0.0180 0.5931 0.0361 0.0243 
        D690  1 0.0179 0.0104 0.0439 0.0122 0.7649 0.0391 0.0285 0.0208 0.0450 0.0175 
        D691  1 0.0219 0.0204 0.1045 0.0334 0.0674 0.6360 0.0235 0.0435 0.0347 0.0146 
        D710  1 0.0707 0.0432 0.0799 0.0365 0.2157 0.1380 0.1254 0.1107 0.1288 0.0512 
        D711  1 0.0124 0.0230 0.0291 0.0176 0.7363 0.0354 0.0392 0.0330 0.0271 0.0470 
        D712  1 0.0658 0.0424 0.0343 0.0705 0.0235 0.0844 0.0394 0.0415 0.5402 0.0580 
        D713  1 0.0781 0.0245 0.0679 0.0305 0.1518 0.0794 0.1388 0.1477 0.1470 0.1342 
        D746  1 0.0445 0.0299 0.0531 0.0202 0.0851 0.6561 0.0338 0.0351 0.0270 0.0153 
        D747  1 0.0140 0.0269 0.0158 0.0190 0.8403 0.0137 0.0309 0.0124 0.0143 0.0126 
        D748  1 0.0532 0.0222 0.1155 0.0273 0.2598 0.2598 0.0616 0.1422 0.0247 0.0337 
        D749  1 0.0352 0.0531 0.1120 0.0401 0.0220 0.2525 0.0654 0.2173 0.1280 0.0745 
        D750  1 0.0240 0.0181 0.0979 0.0262 0.1157 0.0338 0.0404 0.0404 0.5839 0.0196 
        D763  1 0.1420 0.0962 0.0282 0.2424 0.0608 0.0746 0.2056 0.1034 0.0180 0.0289 
        D764  1 0.0301 0.0171 0.0814 0.0203 0.5177 0.0610 0.0133 0.0388 0.1935 0.0267 
        D765  1 0.0234 0.0176 0.6057 0.0307 0.0311 0.0694 0.0123 0.0509 0.1100 0.0489 
        D766  1 0.1321 0.0279 0.3383 0.0159 0.1054 0.1111 0.1343 0.0643 0.0361 0.0345 
        D767  1 0.0253 0.0667 0.0737 0.0272 0.0881 0.1203 0.2043 0.0690 0.0352 0.2901 
        D768  1 0.0234 0.0196 0.0213 0.0172 0.8276 0.0295 0.0150 0.0202 0.0134 0.0128 
        D811  1 0.3180 0.0180 0.0824 0.0217 0.0205 0.0157 0.0157 0.0374 0.0565 0.4141 
        D816  1 0.0136 0.0143 0.0160 0.0178 0.8400 0.0218 0.0189 0.0207 0.0166 0.0203 
        D825  1 0.0586 0.0184 0.3004 0.0273 0.1052 0.0295 0.0224 0.0896 0.1490 0.1997 
        D866  1 0.0812 0.0965 0.0809 0.3766 0.0527 0.0254 0.0156 0.0616 0.1591 0.0502 
        D867  1 0.0433 0.0486 0.0317 0.0194 0.0204 0.6734 0.0750 0.0341 0.0292 0.0248 
        D871  1 0.0631 0.0199 0.0165 0.0306 0.0621 0.0256 0.0262 0.6666 0.0462 0.0432 
        D872  1 0.0265 0.0411 0.2058 0.0262 0.1909 0.0701 0.0611 0.0400 0.0399 0.2985 
        D873  1 0.0215 0.0225 0.7487 0.0087 0.0101 0.0359 0.0391 0.0293 0.0159 0.0683 
        D874  1 0.0263 0.0193 0.0198 0.0334 0.0361 0.0143 0.7054 0.0377 0.0808 0.0269 
        D875  1 0.0348 0.0109 0.0485 0.0144 0.0328 0.0394 0.0263 0.7388 0.0226 0.0315 
        D876  1 0.0422 0.0187 0.0547 0.0499 0.4180 0.0764 0.1101 0.0843 0.1089 0.0368 
        D877  1 0.0272 0.0182 0.0211 0.0170 0.0224 0.0101 0.0548 0.0270 0.0645 0.7378 
        D892  1 0.0172 0.0153 0.0596 0.0268 0.2507 0.2172 0.0407 0.1452 0.1492 0.0782 
        D893  1 0.0549 0.0284 0.0385 0.0620 0.6322 0.0488 0.0449 0.0541 0.0165 0.0197 
        D894  1 0.0215 0.0272 0.0328 0.0309 0.5873 0.0520 0.0275 0.1313 0.0515 0.0380 
        D915  1 0.0426 0.0265 0.1638 0.0220 0.5015 0.0723 0.0249 0.0670 0.0527 0.0268 
        D916  1 0.0121 0.0115 0.0202 0.0119 0.8742 0.0153 0.0107 0.0153 0.0194 0.0094 
        D917  1 0.0454 0.0668 0.0283 0.0863 0.0975 0.0428 0.1038 0.0901 0.3795 0.0595 
        D925  1 0.0386 0.0201 0.4522 0.0428 0.2007 0.0641 0.0185 0.0359 0.0960 0.0311 
        D926  1 0.0419 0.0275 0.0889 0.0495 0.4140 0.0643 0.0824 0.1295 0.0576 0.0444 
        D927  1 0.0400 0.2418 0.0235 0.1396 0.2112 0.0969 0.0402 0.0889 0.0537 0.0644 
        D928  1 0.0156 0.0133 0.0255 0.0119 0.0720 0.0114 0.0151 0.0165 0.7860 0.0327 
        D929  1 0.0365 0.0186 0.0280 0.0225 0.0261 0.0869 0.3804 0.0505 0.0407 0.3098 
        D936  1 0.0292 0.0459 0.0329 0.1359 0.4734 0.0221 0.1573 0.0431 0.0342 0.0260 
        D938  1 0.0620 0.0157 0.1092 0.0183 0.0234 0.5945 0.0744 0.0527 0.0306 0.0192 
        D956  1 0.0418 0.0342 0.0489 0.0298 0.0339 0.0208 0.0221 0.0887 0.5151 0.1649 
        D957  1 0.0159 0.0311 0.5091 0.0245 0.1080 0.0502 0.0664 0.0344 0.0411 0.1191 
        D958  1 0.0418 0.0236 0.3142 0.0224 0.1608 0.0725 0.1085 0.0568 0.1190 0.0805 
        D959  1 0.0453 0.1281 0.0172 0.0135 0.5177 0.1379 0.0119 0.0790 0.0295 0.0199 
        D960  1 0.0121 0.0216 0.1365 0.0205 0.0292 0.5549 0.0399 0.0486 0.0593 0.0774 
        D989  1 0.0412 0.0634 0.0305 0.0979 0.0387 0.0486 0.0270 0.0669 0.5435 0.0423 
        D990  1 0.0284 0.0323 0.6359 0.1304 0.0181 0.0329 0.0182 0.0495 0.0380 0.0163 
        D023  2 0.0184 0.0155 0.0146 0.0127 0.0285 0.8579 0.0125 0.0173 0.0120 0.0107 
        D130  2 0.0219 0.0458 0.0242 0.0155 0.0919 0.5928 0.0274 0.0431 0.0135 0.1239 
        D131  2 0.1703 0.0283 0.0810 0.0695 0.1541 0.0314 0.0632 0.3226 0.0380 0.0415 
        D163  2 0.0185 0.0144 0.0495 0.0332 0.0826 0.6666 0.0335 0.0526 0.0306 0.0184 
        D164  2 0.0206 0.5349 0.3428 0.0107 0.0117 0.0239 0.0166 0.0148 0.0105 0.0137 
        D165  2 0.0191 0.0255 0.0213 0.0237 0.0316 0.8081 0.0176 0.0246 0.0172 0.0113 
        D166  2 0.0713 0.0393 0.0459 0.0462 0.0356 0.0528 0.0640 0.1365 0.0160 0.4925 
        D167  2 0.0150 0.7778 0.0144 0.0192 0.0141 0.0146 0.0101 0.0185 0.0340 0.0824 
        D192  2 0.0164 0.8528 0.0155 0.0206 0.0095 0.0139 0.0225 0.0110 0.0192 0.0187 
        D193  2 0.0216 0.0252 0.0615 0.0427 0.0212 0.0273 0.0399 0.1066 0.1382 0.5159 
        D206  2 0.3224 0.2907 0.0211 0.0294 0.0879 0.0714 0.0274 0.0948 0.0192 0.0357 
        D207  2 0.0290 0.5011 0.0292 0.0690 0.0335 0.0276 0.0166 0.0941 0.0184 0.1816 
        D208  2 0.2759 0.0731 0.0407 0.2414 0.0447 0.0359 0.0444 0.0486 0.1446 0.0508 
        D209  2 0.0662 0.4018 0.0558 0.0300 0.0304 0.0599 0.1537 0.1393 0.0257 0.0372 
        D210  2 0.0233 0.0903 0.0305 0.2306 0.0656 0.0282 0.0403 0.0477 0.4189 0.0247 
     D229599  2 0.0308 0.0405 0.0642 0.2189 0.1615 0.1396 0.1401 0.1103 0.0549 0.0391 
     D229600  2 0.0224 0.3642 0.0502 0.0268 0.0270 0.3544 0.0216 0.0529 0.0197 0.0609 
     D237227  2 0.0503 0.0607 0.2028 0.1215 0.0440 0.0618 0.0222 0.0406 0.3608 0.0353 
     D237228  2 0.0238 0.0389 0.6402 0.0586 0.0114 0.0167 0.0160 0.0504 0.1013 0.0427 
     D237258  2 0.1345 0.1446 0.0642 0.1320 0.0568 0.1541 0.0544 0.0976 0.0657 0.0960 
     D237310  2 0.0294 0.0446 0.5614 0.0212 0.0105 0.0214 0.0270 0.0561 0.0276 0.2008 
     D237311  2 0.0206 0.1227 0.6773 0.0240 0.0113 0.0351 0.0151 0.0326 0.0220 0.0393 
     D237312  2 0.0523 0.0234 0.3489 0.0221 0.0215 0.0782 0.0460 0.1377 0.0429 0.2270 
     D237313  2 0.2316 0.0235 0.1242 0.0798 0.1415 0.0522 0.0789 0.1464 0.0868 0.0352 
     D237322  2 0.0543 0.0363 0.0723 0.5112 0.0232 0.0304 0.0790 0.0733 0.0557 0.0644 
     D237323  2 0.0194 0.0205 0.5878 0.0597 0.0149 0.0484 0.0305 0.0373 0.1040 0.0775 
     D237324  2 0.0411 0.2604 0.0677 0.1089 0.0584 0.2260 0.0558 0.1360 0.0171 0.0288 
     D237325  2 0.0310 0.0534 0.4803 0.0327 0.0222 0.1067 0.0459 0.1106 0.0433 0.0739 
     D237326  2 0.0155 0.0344 0.7113 0.0167 0.0430 0.0394 0.0338 0.0359 0.0502 0.0199 
     D237327  2 0.0324 0.1243 0.0297 0.3332 0.0586 0.0856 0.1054 0.1366 0.0480 0.0461 
     D237337  2 0.0203 0.0157 0.8250 0.0138 0.0170 0.0215 0.0166 0.0270 0.0238 0.0192 
     D237338  2 0.0561 0.0727 0.2355 0.1034 0.0420 0.1746 0.0984 0.1025 0.0823 0.0326 
     D237339  2 0.0273 0.0709 0.0269 0.0354 0.0240 0.0187 0.6673 0.0670 0.0193 0.0433 
     D237340  2 0.0240 0.1468 0.4516 0.0489 0.0145 0.0491 0.0395 0.0513 0.0971 0.0772 
     D237389  2 0.0306 0.0892 0.5536 0.0205 0.0177 0.0279 0.0276 0.0531 0.0243 0.1555 
     D237390  2 0.0300 0.0213 0.5174 0.0447 0.0294 0.0551 0.0363 0.1049 0.0459 0.1149 
     D244017  2 0.0185 0.2194 0.0372 0.0405 0.0226 0.0462 0.0148 0.0578 0.1846 0.3584 
     D244112  2 0.0174 0.8010 0.0153 0.0126 0.0155 0.0246 0.0122 0.0211 0.0161 0.0643 
     D244118  2 0.0124 0.5554 0.0566 0.0230 0.0126 0.2423 0.0258 0.0180 0.0235 0.0306 
     D244119  2 0.0171 0.2516 0.0339 0.0191 0.0169 0.0150 0.0097 0.0194 0.5932 0.0242 
     D244120  2 0.0207 0.3166 0.0354 0.0784 0.0133 0.0187 0.0518 0.0663 0.0441 0.3548 
     D244122  2 0.0644 0.6370 0.0299 0.0222 0.0225 0.0436 0.0279 0.0303 0.0310 0.0912 
        D291  2 0.1419 0.0595 0.0268 0.3959 0.0728 0.0920 0.0165 0.1227 0.0195 0.0525 
        D292  2 0.0253 0.1788 0.0769 0.2638 0.2140 0.0233 0.0370 0.0470 0.0594 0.0744 
        D293  2 0.0168 0.5471 0.0139 0.0413 0.0900 0.0132 0.1660 0.0716 0.0208 0.0192 
        D322  2 0.0260 0.4478 0.0529 0.0276 0.1108 0.0312 0.2018 0.0562 0.0194 0.0264 
        D323  2 0.5317 0.0959 0.0420 0.0335 0.0299 0.0236 0.0590 0.0581 0.0291 0.0972 
        D324  2 0.1067 0.0363 0.1086 0.2639 0.1194 0.0786 0.0322 0.1825 0.0450 0.0268 
        D325  2 0.0185 0.7735 0.0186 0.0475 0.0321 0.0178 0.0251 0.0393 0.0131 0.0143 
        D326  2 0.0189 0.0119 0.0139 0.0227 0.8482 0.0129 0.0131 0.0183 0.0275 0.0126 
        D340  2 0.0167 0.8417 0.0159 0.0273 0.0197 0.0144 0.0234 0.0151 0.0151 0.0106 
        D341  2 0.0609 0.5619 0.0681 0.0498 0.0430 0.0335 0.0486 0.0596 0.0373 0.0373 
        D342  2 0.0507 0.5769 0.0737 0.0424 0.0155 0.0794 0.0207 0.0798 0.0162 0.0446 
        D343  2 0.0091 0.8913 0.0089 0.0177 0.0159 0.0095 0.0129 0.0177 0.0086 0.0084 
        D344  2 0.0439 0.0437 0.0327 0.0249 0.0950 0.0242 0.3943 0.1050 0.0230 0.2132 
        D345  2 0.0958 0.0493 0.2116 0.0498 0.0990 0.0848 0.2605 0.0875 0.0342 0.0276 
        D346  2 0.3178 0.0637 0.0392 0.0467 0.0444 0.0316 0.0328 0.0491 0.3447 0.0301 
        D351  2 0.0516 0.0420 0.0876 0.1490 0.1955 0.0617 0.0897 0.2294 0.0263 0.0672 
        D352  2 0.0409 0.0281 0.0634 0.0358 0.0214 0.0272 0.6031 0.0881 0.0552 0.0366 
        D353  2 0.0537 0.0336 0.0177 0.0309 0.2103 0.0214 0.1103 0.4636 0.0216 0.0369 
        D354  2 0.0388 0.0150 0.0459 0.0152 0.0433 0.0151 0.7251 0.0375 0.0343 0.0297 
        D362  2 0.0335 0.0246 0.0317 0.0251 0.7208 0.0598 0.0211 0.0263 0.0242 0.0330 
        D363  2 0.0326 0.0231 0.0217 0.0225 0.7376 0.0450 0.0200 0.0242 0.0471 0.0262 
        D364  2 0.0372 0.0309 0.0500 0.0192 0.3469 0.0242 0.3686 0.0428 0.0444 0.0358 
        D365  2 0.0173 0.8564 0.0133 0.0143 0.0161 0.0099 0.0257 0.0177 0.0176 0.0117 
        D369  2 0.1340 0.1209 0.1413 0.1212 0.1604 0.0473 0.0191 0.0710 0.1497 0.0350 
        D374  2 0.0213 0.0177 0.0248 0.0183 0.0157 0.0134 0.0165 0.0239 0.3396 0.5088 
        D375  2 0.0262 0.0166 0.0200 0.0128 0.0198 0.0215 0.7790 0.0450 0.0166 0.0423 
        D376  2 0.0283 0.0287 0.0526 0.0268 0.0176 0.0194 0.0599 0.0449 0.4282 0.2935 
        D377  2 0.5404 0.0331 0.1099 0.0412 0.0176 0.0402 0.0387 0.0843 0.0457 0.0488 
        D378  2 0.0951 0.2219 0.0268 0.0423 0.0750 0.1234 0.2977 0.0724 0.0302 0.0151 
        D379  2 0.1335 0.0224 0.0283 0.0273 0.6060 0.0221 0.0379 0.0637 0.0315 0.0273 
        D384  2 0.0251 0.0136 0.0181 0.0200 0.8144 0.0138 0.0150 0.0310 0.0363 0.0127 
        D385  2 0.0306 0.6922 0.0198 0.0197 0.0172 0.0129 0.1325 0.0246 0.0260 0.0244 
        D386  2 0.0585 0.0767 0.0217 0.0268 0.0794 0.0578 0.5438 0.0766 0.0180 0.0408 
        D391  2 0.0334 0.6842 0.0236 0.0237 0.0215 0.0140 0.1402 0.0218 0.0162 0.0213 
        D392  2 0.0320 0.5616 0.1152 0.0319 0.0487 0.0347 0.0250 0.0466 0.0524 0.0520 
        D393  2 0.1628 0.0786 0.0489 0.1408 0.1449 0.0447 0.2915 0.0473 0.0234 0.0172 
        D394  2 0.0296 0.0679 0.1788 0.0399 0.0719 0.1847 0.1829 0.1169 0.0544 0.0730 
        D395  2 0.0369 0.3245 0.0235 0.0402 0.0149 0.0211 0.3963 0.0750 0.0259 0.0417 
        D401  2 0.0486 0.0267 0.7902 0.0164 0.0152 0.0130 0.0105 0.0196 0.0217 0.0380 
        D402  2 0.0547 0.7061 0.0222 0.0473 0.0140 0.0129 0.0851 0.0209 0.0175 0.0193 
        D403  2 0.0659 0.0354 0.0309 0.0322 0.2839 0.1014 0.1394 0.2002 0.0191 0.0917 
        D415  2 0.0256 0.0243 0.0889 0.0134 0.5820 0.0315 0.0370 0.1545 0.0145 0.0282 
        D435  2 0.0222 0.1337 0.0434 0.0665 0.5900 0.0274 0.0481 0.0385 0.0152 0.0149 
        D436  2 0.0214 0.0275 0.0490 0.0324 0.1316 0.0288 0.4222 0.1248 0.0597 0.1027 
        D438  2 0.0271 0.8652 0.0125 0.0131 0.0106 0.0138 0.0121 0.0181 0.0155 0.0120 
        D439  2 0.0782 0.0583 0.0414 0.0229 0.0424 0.0750 0.5703 0.0819 0.0140 0.0155 
        D449  2 0.0346 0.5746 0.0212 0.0187 0.0947 0.0267 0.0239 0.1577 0.0260 0.0220 
        D450  2 0.0878 0.0226 0.0432 0.0562 0.1063 0.0615 0.1749 0.2413 0.1514 0.0549 
        D456  2 0.0187 0.0109 0.0152 0.0251 0.8164 0.0162 0.0174 0.0491 0.0180 0.0130 
        D462  2 0.0153 0.7302 0.0129 0.0189 0.0332 0.0173 0.1201 0.0223 0.0141 0.0156 
        D463  2 0.0256 0.0113 0.0180 0.0143 0.8143 0.0143 0.0255 0.0283 0.0344 0.0140 
        D464  2 0.0458 0.0970 0.0275 0.0202 0.0492 0.0205 0.3178 0.2750 0.0359 0.1111 
        D465  2 0.0772 0.5237 0.0700 0.0234 0.1341 0.0255 0.0228 0.0448 0.0231 0.0555 
        D473  2 0.0561 0.0433 0.1367 0.0564 0.0208 0.0643 0.1183 0.0587 0.3996 0.0457 
        D474  2 0.0331 0.0387 0.0350 0.1663 0.5544 0.0506 0.0296 0.0443 0.0356 0.0123 
        D476  2 0.0169 0.0386 0.0203 0.0355 0.0227 0.3178 0.5033 0.0204 0.0129 0.0117 
        D477  2 0.1303 0.0269 0.0991 0.0865 0.2514 0.0248 0.2444 0.0732 0.0438 0.0196 
        D478  2 0.0401 0.0459 0.0455 0.0378 0.0356 0.3497 0.0620 0.1568 0.0987 0.1279 
        D480  2 0.1115 0.0780 0.0286 0.0777 0.1642 0.0227 0.3391 0.0563 0.0869 0.0350 
        D481  2 0.0384 0.0642 0.0732 0.0494 0.2525 0.1173 0.1736 0.0773 0.1078 0.0463 
        D482  2 0.0730 0.0274 0.0608 0.2626 0.0198 0.0457 0.3005 0.1025 0.0458 0.0619 
        D483  2 0.0142 0.7851 0.0187 0.0245 0.0169 0.0256 0.0168 0.0189 0.0582 0.0211 
        D484  2 0.0222 0.0214 0.0184 0.0182 0.0096 0.0134 0.7940 0.0238 0.0209 0.0582 
        D510  2 0.0371 0.0225 0.0298 0.1601 0.0231 0.0199 0.0358 0.0501 0.5202 0.1015 
        D511  2 0.0474 0.0514 0.0245 0.0352 0.0495 0.0380 0.6931 0.0246 0.0173 0.0191 
        D512  2 0.0682 0.1936 0.4179 0.0285 0.0237 0.0287 0.0216 0.0699 0.0122 0.1358 
        D513  2 0.0955 0.5269 0.0403 0.0581 0.0683 0.0263 0.0240 0.0636 0.0553 0.0415 
        D635  2 0.0322 0.0358 0.0345 0.0260 0.1819 0.5481 0.0206 0.0802 0.0231 0.0176 
        D636  2 0.0570 0.0178 0.0286 0.0091 0.0258 0.7919 0.0146 0.0206 0.0215 0.0132 
        D637  2 0.1122 0.0977 0.1287 0.0482 0.0271 0.0308 0.2855 0.1366 0.0577 0.0756 
        D658  2 0.0223 0.4091 0.0762 0.0359 0.0197 0.0275 0.2151 0.0428 0.0809 0.0704 
        D659  2 0.0288 0.0314 0.0207 0.0649 0.6278 0.0629 0.0459 0.0661 0.0318 0.0195 
        D677  2 0.1580 0.0533 0.1035 0.0607 0.2522 0.1335 0.0363 0.0941 0.0174 0.0911 
        D678  2 0.0535 0.6139 0.0322 0.0250 0.0182 0.0285 0.0225 0.0698 0.0197 0.1166 
        D679  2 0.3465 0.0485 0.0287 0.0893 0.2430 0.0372 0.0520 0.0958 0.0394 0.0196 
        D719  2 0.0331 0.1736 0.0738 0.1042 0.1278 0.0140 0.0500 0.0370 0.3644 0.0222 
        D720  2 0.0502 0.0277 0.0292 0.0231 0.7110 0.0205 0.0179 0.0408 0.0568 0.0229 
        D721  2 0.0336 0.0636 0.0160 0.0264 0.0380 0.7355 0.0197 0.0311 0.0263 0.0098 
        D722  2 0.0579 0.0508 0.0621 0.0568 0.0199 0.0204 0.0334 0.0486 0.2241 0.4260 
        D734  2 0.0259 0.0461 0.0138 0.0273 0.0146 0.0159 0.6320 0.0413 0.1623 0.0208 
        D735  2 0.2997 0.0632 0.0685 0.0399 0.1500 0.0368 0.0854 0.1390 0.0860 0.0315 
        D736  2 0.0266 0.0699 0.0658 0.3095 0.0493 0.0378 0.0498 0.0922 0.2780 0.0211 
        D737  2 0.0198 0.4696 0.0691 0.0825 0.0183 0.0575 0.1673 0.0370 0.0337 0.0453 
        D807  2 0.0743 0.0465 0.1610 0.1171 0.1300 0.0422 0.0731 0.0671 0.2277 0.0611 
        D808  2 0.0285 0.0882 0.2875 0.0613 0.0556 0.0510 0.0621 0.2187 0.0279 0.1193 
        D817  2 0.5644 0.0207 0.0456 0.0247 0.1491 0.0259 0.0508 0.0474 0.0307 0.0405 
        D818  2 0.0449 0.1620 0.0275 0.1588 0.0568 0.1599 0.0302 0.2967 0.0221 0.0409 
        D819  2 0.4965 0.0219 0.1514 0.0275 0.0845 0.0352 0.0221 0.0707 0.0296 0.0606 
        D820  2 0.0170 0.0413 0.0152 0.0330 0.6201 0.0205 0.1443 0.0629 0.0278 0.0178 
        D895  2 0.1446 0.0505 0.0640 0.0370 0.3095 0.1288 0.0615 0.1233 0.0462 0.0345 
        D896  2 0.0149 0.0132 0.8581 0.0135 0.0100 0.0137 0.0122 0.0182 0.0180 0.0281 
        D897  2 0.0885 0.5252 0.0533 0.0650 0.0270 0.0280 0.0459 0.0914 0.0224 0.0534 
        D898  2 0.1521 0.0420 0.2338 0.1180 0.0466 0.0476 0.0545 0.1421 0.0402 0.1231 
        D918  2 0.0765 0.0665 0.2077 0.0707 0.0312 0.1033 0.1283 0.1932 0.0603 0.0624 
        D919  2 0.0253 0.0987 0.0169 0.0840 0.1273 0.0549 0.3588 0.1290 0.0240 0.0810 
        D920  2 0.0207 0.0382 0.0439 0.0288 0.0260 0.6005 0.0464 0.0538 0.0940 0.0477 
        D923  2 0.0369 0.0357 0.0281 0.0243 0.5912 0.0310 0.1216 0.0731 0.0266 0.0315 
        D930  2 0.1604 0.0443 0.0678 0.0464 0.1779 0.0194 0.1132 0.2149 0.0978 0.0579 
        D931  2 0.0578 0.1114 0.0414 0.0644 0.2320 0.0313 0.2983 0.0631 0.0380 0.0622 
        D968  2 0.0254 0.7317 0.0236 0.0950 0.0227 0.0137 0.0235 0.0274 0.0142 0.0229 
        D969  2 0.0478 0.1656 0.0611 0.2217 0.1954 0.0381 0.0452 0.1039 0.0705 0.0506 
        D977  2 0.0332 0.7347 0.0160 0.0302 0.0270 0.0253 0.0316 0.0558 0.0204 0.0258 
        D978  2 0.3296 0.0871 0.0210 0.2034 0.0219 0.0230 0.0236 0.1733 0.0246 0.0925 
        D211  3 0.2070 0.0189 0.0253 0.0293 0.0674 0.4375 0.0341 0.1314 0.0250 0.0241 
     D229639  3 0.0403 0.0371 0.0418 0.6265 0.0643 0.0265 0.0196 0.0315 0.0644 0.0480 
     D237212  3 0.1362 0.0583 0.0706 0.1973 0.0567 0.0739 0.2494 0.0964 0.0233 0.0378 
     D237213  3 0.4764 0.0334 0.1425 0.0325 0.0331 0.0688 0.0796 0.0589 0.0172 0.0576 
     D237214  3 0.0117 0.0126 0.0157 0.0111 0.0178 0.8427 0.0138 0.0376 0.0218 0.0152 
     D237215  3 0.0401 0.4684 0.0359 0.1401 0.0154 0.0174 0.0172 0.0319 0.0601 0.1736 
     D237216  3 0.1238 0.0311 0.0308 0.0930 0.0445 0.0848 0.0440 0.4888 0.0237 0.0356 
     D237217  3 0.0877 0.0428 0.1155 0.0740 0.1222 0.2870 0.0289 0.1907 0.0168 0.0343 
     D237218  3 0.0630 0.0530 0.0305 0.3679 0.0607 0.0334 0.1978 0.1211 0.0550 0.0176 
     D237219  3 0.3631 0.0219 0.2627 0.1162 0.0310 0.0578 0.0138 0.0659 0.0455 0.0222 
     D237382  3 0.0453 0.0505 0.1155 0.0323 0.0822 0.0407 0.0334 0.1250 0.0880 0.3872 
     D244127  3 0.0793 0.0783 0.5295 0.0668 0.0212 0.0461 0.0312 0.0808 0.0172 0.0495 
     D244129  3 0.0869 0.0834 0.2231 0.0775 0.0873 0.1198 0.0686 0.1347 0.0481 0.0707 
     D244133  3 0.6368 0.0843 0.0257 0.0225 0.0427 0.0314 0.0104 0.0410 0.0604 0.0446 
     D244134  3 0.1368 0.0273 0.0658 0.4952 0.0244 0.0357 0.0181 0.0296 0.1481 0.0189 
     D244135  3 0.0568 0.0542 0.0241 0.0234 0.0463 0.6834 0.0285 0.0472 0.0135 0.0227 
     D244136  3 0.3209 0.0866 0.0511 0.0490 0.1302 0.0549 0.0256 0.0971 0.1218 0.0627 
        D416  3 0.2383 0.1806 0.0796 0.0561 0.0817 0.0965 0.0374 0.1684 0.0310 0.0306 
        D417  3 0.0263 0.0161 0.0488 0.0229 0.6634 0.0270 0.0395 0.0765 0.0245 0.0551 
        D419  3 0.2390 0.0641 0.1602 0.1469 0.1014 0.0694 0.0399 0.0872 0.0588 0.0331 
        D565  3 0.0399 0.0132 0.0175 0.0344 0.0334 0.0176 0.0159 0.0184 0.7906 0.0192 
        D566  3 0.0855 0.0575 0.0586 0.3080 0.0785 0.0298 0.0167 0.0779 0.2219 0.0656 
        D567  3 0.0871 0.0447 0.0757 0.0251 0.5124 0.0899 0.0663 0.0404 0.0222 0.0362 
        D568  3 0.0707 0.1097 0.1027 0.0992 0.1071 0.1416 0.2124 0.0882 0.0199 0.0484 
        D569  3 0.0488 0.0969 0.0251 0.0347 0.0188 0.0733 0.4836 0.0847 0.0474 0.0868 
        D573  3 0.0253 0.1606 0.0356 0.4516 0.1386 0.0156 0.0319 0.0974 0.0237 0.0197 
        D574  3 0.0991 0.0439 0.0609 0.0779 0.0355 0.0379 0.0306 0.1401 0.3555 0.1187 
        D575  3 0.7384 0.0218 0.0671 0.0184 0.0352 0.0410 0.0167 0.0172 0.0318 0.0123 
        D576  3 0.1433 0.5197 0.0162 0.0679 0.0084 0.0362 0.0197 0.0439 0.0276 0.1170 
        D577  3 0.2013 0.0244 0.0214 0.0368 0.4220 0.0824 0.0521 0.0676 0.0378 0.0543 
        D578  3 0.0147 0.0209 0.0212 0.0144 0.0134 0.8276 0.0104 0.0384 0.0172 0.0218 
        D579  3 0.1018 0.0635 0.0617 0.1571 0.1527 0.0550 0.1434 0.0739 0.1554 0.0354 
        D660  3 0.1568 0.5197 0.0514 0.0265 0.0142 0.0404 0.0366 0.0886 0.0148 0.0510 
        D661  3 0.0423 0.2475 0.0338 0.2259 0.0301 0.0767 0.1220 0.1692 0.0180 0.0344 
        D663  3 0.0570 0.0688 0.0161 0.5051 0.0612 0.0279 0.0393 0.1316 0.0189 0.0742 
        D664  3 0.3527 0.1294 0.1480 0.0316 0.0153 0.1169 0.0223 0.0936 0.0426 0.0476 
        D665  3 0.3737 0.0337 0.0738 0.0359 0.0158 0.0976 0.0793 0.1059 0.0131 0.1713 
        D666  3 0.5590 0.0201 0.1652 0.0338 0.0439 0.0468 0.0276 0.0446 0.0411 0.0180 
        D009  4 0.0522 0.0228 0.1176 0.0530 0.1192 0.2380 0.1172 0.1639 0.0351 0.0809 
        D057  4 0.0116 0.0793 0.0164 0.0568 0.0353 0.2174 0.5074 0.0271 0.0250 0.0236 
        D109  4 0.1511 0.0192 0.4122 0.0309 0.0420 0.0639 0.0327 0.1465 0.0460 0.0556 
     D237222  4 0.0198 0.0324 0.0314 0.0345 0.0298 0.5003 0.0339 0.0346 0.1417 0.1416 
     D237223  4 0.0412 0.0619 0.2314 0.0792 0.0319 0.1050 0.0496 0.2242 0.0906 0.0851 
     D237224  4 0.0861 0.1463 0.0359 0.2199 0.0917 0.0559 0.2302 0.0675 0.0317 0.0349 
     D237225  4 0.0886 0.0361 0.0676 0.0598 0.1127 0.1740 0.0965 0.2315 0.0583 0.0749 
     D237299  4 0.0275 0.0225 0.1084 0.0893 0.0158 0.0243 0.0203 0.5088 0.0333 0.1500 
     D237300  4 0.0953 0.0407 0.0172 0.7013 0.0170 0.0176 0.0216 0.0414 0.0263 0.0216 
     D237306  4 0.0219 0.0198 0.1568 0.0354 0.0863 0.0400 0.0397 0.0771 0.4393 0.0837 
     D237307  4 0.1411 0.0597 0.0249 0.0563 0.3549 0.0436 0.0174 0.0740 0.1592 0.0688 
     D237308  4 0.0431 0.3868 0.1059 0.0521 0.0346 0.0517 0.1912 0.0468 0.0554 0.0324 
     D237309  4 0.0451 0.0468 0.0945 0.0569 0.1276 0.1965 0.1072 0.1922 0.0240 0.1094 
     D237317  4 0.0421 0.0316 0.0383 0.0399 0.1313 0.0859 0.0369 0.0854 0.4695 0.0391 
     D237318  4 0.0382 0.0605 0.0188 0.7025 0.0294 0.0183 0.0138 0.0533 0.0258 0.0395 
     D237319  4 0.0597 0.0508 0.1363 0.0665 0.0575 0.1256 0.0373 0.2051 0.0337 0.2275 
     D237320  4 0.0444 0.0797 0.2514 0.1142 0.0469 0.1792 0.0223 0.2045 0.0322 0.0253 
     D237321  4 0.0748 0.0627 0.0547 0.5256 0.0569 0.0492 0.0256 0.0637 0.0430 0.0438 
     D237397  4 0.0570 0.0961 0.1076 0.1670 0.0641 0.0918 0.0336 0.1133 0.2115 0.0580 
     D237398  4 0.0618 0.0381 0.0230 0.6024 0.0472 0.0243 0.0566 0.0959 0.0185 0.0322 
     D237399  4 0.0273 0.0434 0.0796 0.2699 0.0873 0.1316 0.0443 0.0849 0.1641 0.0674 
     D244001  4 0.0237 0.1192 0.0243 0.0361 0.0389 0.4741 0.0712 0.0585 0.0325 0.1216 
        D289  4 0.0310 0.0886 0.0368 0.0771 0.0623 0.0570 0.2619 0.0728 0.2928 0.0195 
        D290  4 0.0138 0.0277 0.0237 0.0596 0.0467 0.0232 0.0394 0.0448 0.0260 0.6950 
        D294  4 0.0333 0.0212 0.0208 0.0664 0.0659 0.0619 0.3180 0.2860 0.0359 0.0906 
        D295  4 0.1158 0.0271 0.1820 0.0610 0.2276 0.0543 0.0853 0.0890 0.0538 0.1042 
        D301  4 0.0655 0.0347 0.0502 0.1332 0.0191 0.4919 0.0283 0.0323 0.0471 0.0976 
        D302  4 0.0273 0.0151 0.0138 0.0161 0.0389 0.0260 0.7858 0.0310 0.0122 0.0339 
        D303  4 0.0544 0.0642 0.1257 0.0367 0.0374 0.0293 0.0673 0.0467 0.4813 0.0570 
        D304  4 0.0543 0.0275 0.0221 0.1828 0.0719 0.0428 0.0396 0.0678 0.0916 0.3994 
        D305  4 0.0475 0.1268 0.0331 0.0463 0.0193 0.0369 0.4159 0.1998 0.0114 0.0628 
        D306  4 0.0145 0.0154 0.0283 0.0192 0.0366 0.0386 0.0207 0.0374 0.0377 0.7516 
        D307  4 0.0368 0.0225 0.0306 0.0597 0.0158 0.6681 0.0510 0.0292 0.0629 0.0234 
        D327  4 0.0763 0.0466 0.0232 0.0395 0.5163 0.0317 0.0362 0.0927 0.0792 0.0583 
        D328  4 0.0702 0.0265 0.0878 0.0284 0.0202 0.0301 0.3757 0.0600 0.1684 0.1327 
        D329  4 0.0237 0.1145 0.0675 0.1024 0.0446 0.0615 0.3556 0.1151 0.0351 0.0801 
        D330  4 0.0410 0.0555 0.2278 0.0168 0.2280 0.1034 0.0774 0.1410 0.0183 0.0909 
        D331  4 0.0594 0.0372 0.0512 0.1796 0.1426 0.0464 0.0275 0.0744 0.0600 0.3218 
        D333  4 0.0591 0.0685 0.0806 0.0811 0.0709 0.0514 0.2918 0.0670 0.0950 0.1346 
        D334  4 0.0565 0.0224 0.0252 0.0464 0.0719 0.0954 0.0720 0.0568 0.5142 0.0392 
        D335  4 0.0385 0.0411 0.0419 0.0237 0.1138 0.0292 0.5412 0.0438 0.0281 0.0987 
        D370  4 0.0649 0.0384 0.1763 0.0311 0.0366 0.0405 0.0478 0.0538 0.0477 0.4628 
        D371  4 0.0543 0.0261 0.0251 0.0228 0.1499 0.0112 0.0225 0.0217 0.6360 0.0305 
        D372  4 0.0308 0.0461 0.0194 0.7116 0.0118 0.0139 0.0216 0.0374 0.0240 0.0834 
        D373  4 0.0634 0.0714 0.0129 0.0881 0.0312 0.5999 0.0552 0.0396 0.0171 0.0212 
        D455  4 0.0178 0.0328 0.0188 0.0399 0.0350 0.6725 0.1068 0.0245 0.0207 0.0312 
        D490  4 0.0245 0.0102 0.0270 0.0180 0.0234 0.7915 0.0274 0.0316 0.0208 0.0256 
        D497  4 0.0536 0.0218 0.0468 0.0353 0.0130 0.6371 0.0550 0.0738 0.0240 0.0395 
        D498  4 0.0400 0.0355 0.1081 0.1001 0.0548 0.0301 0.0214 0.0548 0.0692 0.4860 
        D499  4 0.1984 0.1285 0.0715 0.0852 0.0207 0.0194 0.1153 0.1895 0.1114 0.0602 
        D514  4 0.1222 0.0283 0.0455 0.0516 0.2254 0.0512 0.1233 0.1090 0.0155 0.2280 
        D515  4 0.0471 0.0269 0.2492 0.0199 0.0302 0.0756 0.0483 0.3203 0.0253 0.1573 
        D516  4 0.3277 0.0761 0.1764 0.0587 0.1078 0.0770 0.0199 0.0560 0.0429 0.0575 
        D517  4 0.0162 0.0414 0.0511 0.0575 0.0626 0.6491 0.0287 0.0512 0.0197 0.0225 
        D518  4 0.0147 0.0308 0.0140 0.0233 0.0232 0.1578 0.6069 0.0393 0.0560 0.0340 
        D519  4 0.0430 0.0328 0.2740 0.0753 0.0406 0.1420 0.0222 0.3198 0.0231 0.0272 
        D560  4 0.0386 0.0595 0.1314 0.0983 0.0786 0.0596 0.0678 0.3629 0.0205 0.0828 
        D561  4 0.0226 0.0479 0.0520 0.0261 0.0632 0.1749 0.0630 0.4882 0.0154 0.0468 
        D562  4 0.0412 0.0615 0.0474 0.0565 0.0463 0.3098 0.1257 0.1272 0.0617 0.1226 
        D563  4 0.1136 0.3923 0.0482 0.0620 0.0183 0.0553 0.1611 0.0902 0.0167 0.0423 
        D572  4 0.0185 0.0193 0.0139 0.0169 0.0363 0.0437 0.7568 0.0460 0.0221 0.0264 
        D629  4 0.4305 0.0244 0.0240 0.0396 0.1622 0.1829 0.0475 0.0499 0.0212 0.0179 
        D630  4 0.0338 0.0342 0.0605 0.0810 0.0728 0.2542 0.0930 0.1328 0.0514 0.1863 
        D631  4 0.0171 0.0440 0.0191 0.0303 0.0137 0.0224 0.7754 0.0400 0.0165 0.0215 
        D632  4 0.0694 0.1722 0.0896 0.0172 0.0599 0.2954 0.2041 0.0481 0.0181 0.0261 
        D646  4 0.0237 0.0627 0.3148 0.0576 0.1375 0.0743 0.0403 0.2258 0.0327 0.0305 
        D647  4 0.0254 0.0473 0.1142 0.0527 0.4068 0.0903 0.0873 0.0794 0.0151 0.0815 
        D648  4 0.0796 0.0298 0.0185 0.0136 0.0177 0.0167 0.3477 0.0501 0.0573 0.3690 
        D649  4 0.0988 0.0150 0.2157 0.0333 0.2530 0.0482 0.2243 0.0677 0.0221 0.0219 
        D650  4 0.1302 0.0369 0.0851 0.0736 0.1593 0.0918 0.1120 0.1803 0.0862 0.0446 
        D708  4 0.1542 0.0279 0.0407 0.0816 0.0406 0.0373 0.2350 0.1547 0.1696 0.0585 
        D709  4 0.0569 0.0224 0.1417 0.0257 0.0223 0.0181 0.0357 0.0451 0.0277 0.6044 
        D738  4 0.0212 0.0139 0.1625 0.0450 0.0687 0.0626 0.0249 0.0564 0.5118 0.0329 
        D739  4 0.0677 0.0319 0.0543 0.0545 0.0283 0.3141 0.0725 0.1496 0.0310 0.1960 
        D740  4 0.0899 0.0656 0.1512 0.1363 0.0230 0.0598 0.0669 0.2137 0.1517 0.0419 
        D741  4 0.0451 0.0655 0.2007 0.0351 0.1163 0.0483 0.0269 0.4106 0.0224 0.0289 
        D742  4 0.0550 0.2951 0.0621 0.1123 0.0305 0.0672 0.0787 0.1365 0.1209 0.0417 
        D743  4 0.0345 0.0536 0.0149 0.0359 0.3105 0.0295 0.4300 0.0514 0.0197 0.0201 
        D744  4 0.0240 0.0247 0.0179 0.0172 0.0186 0.0179 0.8181 0.0260 0.0188 0.0169 
        D745  4 0.0748 0.0182 0.2547 0.0329 0.0242 0.1535 0.0349 0.3518 0.0227 0.0324 
        D814  4 0.0425 0.2321 0.0171 0.0813 0.0473 0.0984 0.0825 0.2829 0.0254 0.0905 
        D815  4 0.0500 0.0228 0.0558 0.0567 0.1017 0.0337 0.3882 0.0370 0.0288 0.2253 
        D828  4 0.0541 0.0420 0.0296 0.0438 0.0107 0.0244 0.0427 0.0454 0.0357 0.6717 
        D845  4 0.0326 0.0259 0.0137 0.8225 0.0145 0.0112 0.0208 0.0173 0.0300 0.0115 
        D846  4 0.0508 0.1253 0.0229 0.0490 0.0823 0.1711 0.3542 0.0763 0.0118 0.0562 
        D847  4 0.0331 0.0532 0.0554 0.1190 0.0847 0.2526 0.0532 0.1828 0.1013 0.0646 
        D848  4 0.0225 0.0571 0.0181 0.1682 0.0215 0.5972 0.0410 0.0281 0.0189 0.0274 
        D849  4 0.1318 0.0362 0.0951 0.0326 0.0453 0.2336 0.0567 0.1966 0.0168 0.1552 
        D850  4 0.0657 0.0499 0.0571 0.1683 0.0861 0.2178 0.0476 0.2186 0.0692 0.0198 
        D856  4 0.0612 0.0195 0.1925 0.0341 0.0433 0.0447 0.0576 0.2852 0.0438 0.2182 
        D857  4 0.0139 0.0647 0.5669 0.0172 0.0095 0.0352 0.0246 0.0240 0.0238 0.2201 
        D859  4 0.0212 0.0355 0.0389 0.1061 0.0638 0.0391 0.5534 0.0692 0.0238 0.0490 
        D860  4 0.0185 0.0847 0.0253 0.1474 0.0739 0.0362 0.0754 0.0443 0.4696 0.0247 
        D883  4 0.1151 0.0329 0.1198 0.0686 0.1844 0.1727 0.0832 0.0656 0.0826 0.0751 
        D884  4 0.0963 0.0178 0.2961 0.0475 0.0612 0.0648 0.0652 0.2019 0.0657 0.0836 
        D885  4 0.2105 0.0670 0.0336 0.2003 0.1136 0.0354 0.0414 0.2557 0.0250 0.0173 
        D886  4 0.0341 0.0604 0.1595 0.0373 0.1476 0.1720 0.0542 0.0664 0.0256 0.2429 
        D887  4 0.0325 0.0887 0.0634 0.2438 0.1004 0.0410 0.1096 0.1976 0.0371 0.0858 
        D889  4 0.0259 0.0142 0.0162 0.5808 0.0267 0.0172 0.0483 0.0710 0.0173 0.1826 
        D890  4 0.4964 0.0581 0.0670 0.0365 0.0259 0.0404 0.0649 0.0557 0.0662 0.0890 
        D891  4 0.0208 0.0143 0.0099 0.8838 0.0126 0.0099 0.0107 0.0181 0.0099 0.0100 
        D899  4 0.0544 0.4025 0.0307 0.1745 0.0288 0.0244 0.0960 0.0435 0.0831 0.0621 
        D900  4 0.0444 0.0661 0.0813 0.0741 0.1119 0.0966 0.1146 0.1725 0.0578 0.1808 
        D970  4 0.0607 0.0480 0.0284 0.0874 0.1231 0.0673 0.4360 0.0815 0.0383 0.0295 
        D971  4 0.0542 0.4171 0.0763 0.0192 0.0422 0.0291 0.1662 0.0599 0.0697 0.0662 
        D979  4 0.0705 0.0476 0.0286 0.0386 0.2285 0.0276 0.3563 0.0827 0.0360 0.0837 
        D093  5 0.0326 0.0205 0.0350 0.0786 0.0423 0.0226 0.0277 0.0373 0.6612 0.0423 
        D154  5 0.3551 0.1042 0.0466 0.1004 0.0299 0.0173 0.0464 0.1926 0.0342 0.0734 
        D168  5 0.4243 0.1467 0.0443 0.0888 0.0514 0.0718 0.0308 0.0867 0.0144 0.0407 
        D189  5 0.0326 0.0327 0.0358 0.1681 0.0471 0.0215 0.0301 0.0991 0.2572 0.2758 
        D190  5 0.1553 0.0204 0.0371 0.0490 0.0275 0.0174 0.0518 0.0278 0.5771 0.0367 
     D237220  5 0.0312 0.0234 0.1431 0.2176 0.0280 0.2037 0.0759 0.1433 0.0865 0.0474 
     D237221  5 0.1282 0.0941 0.0562 0.1934 0.0575 0.0358 0.0738 0.0623 0.2681 0.0306 
     D237274  5 0.0361 0.0529 0.1077 0.0235 0.3464 0.0377 0.2199 0.0852 0.0190 0.0715 
     D237275  5 0.0541 0.4498 0.0544 0.0907 0.0164 0.0198 0.0131 0.0659 0.0199 0.2159 
     D237276  5 0.1044 0.0382 0.1914 0.0497 0.1126 0.0666 0.0572 0.0812 0.1536 0.1451 
     D237277  5 0.2015 0.0509 0.0428 0.1333 0.0202 0.0177 0.0456 0.0477 0.4090 0.0312 
     D237278  5 0.0266 0.3239 0.0785 0.0338 0.0659 0.0445 0.0792 0.1003 0.1884 0.0588 
     D237279  5 0.1747 0.0288 0.2534 0.0382 0.0464 0.1115 0.0669 0.2438 0.0190 0.0171 
     D237280  5 0.2002 0.0263 0.2868 0.0294 0.1133 0.0985 0.0732 0.0664 0.0664 0.0395 
     D237281  5 0.0239 0.1792 0.0253 0.5307 0.0440 0.0162 0.0230 0.1033 0.0250 0.0294 
     D237351  5 0.2557 0.0176 0.5434 0.0270 0.0213 0.0228 0.0212 0.0350 0.0389 0.0171 
     D237352  5 0.1350 0.0752 0.0277 0.0225 0.0381 0.3079 0.2369 0.0449 0.0506 0.0613 
     D237353  5 0.1779 0.0194 0.0660 0.0798 0.0230 0.0151 0.0304 0.0244 0.5392 0.0249 
     D237359  5 0.0785 0.0342 0.0493 0.3369 0.0363 0.1274 0.0459 0.1955 0.0484 0.0477 
     D237361  5 0.0255 0.0202 0.0425 0.0295 0.0212 0.0160 0.0204 0.0241 0.7728 0.0277 
     D237362  5 0.7759 0.0228 0.0205 0.0312 0.0405 0.0187 0.0212 0.0262 0.0287 0.0142 
     D237363  5 0.1926 0.1387 0.0348 0.0668 0.0438 0.0223 0.0165 0.3763 0.0460 0.0622 
     D237364  5 0.0869 0.1215 0.0749 0.1067 0.0797 0.0882 0.1380 0.2065 0.0169 0.0808 
     D237376  5 0.0592 0.0371 0.0261 0.0297 0.0130 0.0148 0.0843 0.0428 0.0695 0.6236 
     D237377  5 0.2200 0.0387 0.3248 0.0388 0.0816 0.0441 0.0522 0.0669 0.1159 0.0169 
     D237378  5 0.0732 0.0774 0.0380 0.0972 0.0235 0.0297 0.0731 0.0686 0.3946 0.1248 
     D237379  5 0.0501 0.0453 0.0382 0.0594 0.0408 0.0334 0.2074 0.1501 0.2564 0.1188 
     D237380  5 0.0194 0.0194 0.4315 0.0193 0.0269 0.0292 0.1165 0.0424 0.0545 0.2408 
     D237381  5 0.0336 0.0700 0.2462 0.0481 0.0329 0.2148 0.0901 0.0708 0.0729 0.1205 
     D237391  5 0.0306 0.0190 0.0268 0.0698 0.0257 0.0193 0.0236 0.0367 0.7334 0.0150 
     D237392  5 0.0951 0.2241 0.0931 0.0313 0.2480 0.0325 0.0613 0.0749 0.0236 0.1162 
     D237393  5 0.0274 0.0506 0.1201 0.0444 0.3573 0.0520 0.0451 0.0354 0.1998 0.0678 
     D237394  5 0.0955 0.0102 0.0314 0.0147 0.0172 0.0166 0.0222 0.0160 0.7597 0.0166 
     D237395  5 0.1878 0.0554 0.0910 0.0922 0.0381 0.0581 0.0227 0.1079 0.2072 0.1396 
     D237396  5 0.0364 0.1069 0.0921 0.0949 0.2140 0.1181 0.0596 0.0933 0.1724 0.0124 
     D244016  5 0.5521 0.0394 0.0284 0.0548 0.0148 0.0135 0.1259 0.0399 0.1056 0.0257 
     D244018  5 0.0459 0.3024 0.0422 0.1377 0.0746 0.0618 0.0243 0.0621 0.2270 0.0220 
     D244019  5 0.5850 0.0606 0.0400 0.0461 0.0496 0.0152 0.0409 0.0731 0.0308 0.0588 
        D279  5 0.1039 0.0383 0.0353 0.5092 0.0302 0.0200 0.0673 0.1281 0.0426 0.0250 
        D280  5 0.0930 0.0391 0.0810 0.1835 0.0870 0.0760 0.0286 0.1402 0.2034 0.0682 
        D281  5 0.0412 0.0936 0.0169 0.4796 0.0215 0.0141 0.0329 0.1709 0.0534 0.0760 
        D283  5 0.1075 0.0237 0.0657 0.1145 0.0691 0.0262 0.0356 0.0535 0.4885 0.0156 
        D284  5 0.1929 0.0368 0.0571 0.0713 0.0633 0.1331 0.0426 0.1727 0.0302 0.2000 
        D285  5 0.0374 0.0210 0.0552 0.2713 0.0628 0.0301 0.0512 0.1123 0.3145 0.0442 
        D286  5 0.0683 0.0293 0.0698 0.0713 0.0999 0.0714 0.1039 0.1204 0.1482 0.2175 
        D287  5 0.0870 0.0237 0.0409 0.0329 0.0190 0.0334 0.0698 0.0619 0.0766 0.5547 
        D288  5 0.3730 0.0291 0.0544 0.1605 0.1394 0.0373 0.0196 0.0829 0.0732 0.0307 
        D308  5 0.0332 0.0163 0.7318 0.0206 0.0722 0.0193 0.0211 0.0381 0.0278 0.0195 
        D309  5 0.0189 0.0137 0.0161 0.0118 0.0189 0.0297 0.8299 0.0244 0.0161 0.0205 
        D310  5 0.0277 0.0130 0.0263 0.0467 0.0166 0.0121 0.0202 0.0689 0.7147 0.0536 
        D311  5 0.2438 0.0366 0.0392 0.0441 0.0832 0.0280 0.0877 0.1285 0.0705 0.2385 
        D312  5 0.1513 0.0530 0.0371 0.0611 0.0766 0.0648 0.2087 0.0958 0.1441 0.1073 
        D313  5 0.0136 0.0122 0.5111 0.0149 0.0161 0.3473 0.0106 0.0202 0.0387 0.0153 
        D314  5 0.3253 0.0771 0.0631 0.1231 0.0256 0.0458 0.0438 0.1498 0.0634 0.0829 
        D315  5 0.0736 0.0550 0.0794 0.0378 0.2217 0.0675 0.0540 0.0990 0.2285 0.0834 
        D317  5 0.0366 0.0180 0.0208 0.0474 0.0583 0.0209 0.0136 0.0256 0.7165 0.0423 
        D318  5 0.0628 0.1023 0.0414 0.0467 0.0724 0.1289 0.1260 0.2532 0.0607 0.1056 
        D319  5 0.0225 0.0146 0.0634 0.0324 0.0245 0.0149 0.0131 0.0268 0.7596 0.0280 
        D320  5 0.0430 0.0127 0.0612 0.0738 0.0251 0.0300 0.0479 0.0413 0.6246 0.0405 
        D321  5 0.0720 0.0130 0.5679 0.1063 0.0699 0.0247 0.0279 0.0356 0.0674 0.0153 
        D336  5 0.0171 0.0184 0.0253 0.0213 0.0213 0.0188 0.0344 0.0374 0.5136 0.2925 
        D337  5 0.0255 0.0179 0.0212 0.0542 0.0205 0.0120 0.0293 0.0186 0.7850 0.0157 
        D338  5 0.0314 0.0708 0.0455 0.1370 0.2177 0.0450 0.0558 0.1936 0.1609 0.0423 
        D339  5 0.0411 0.0363 0.0647 0.1052 0.0446 0.0217 0.0206 0.0715 0.5428 0.0514 
        D347  5 0.0177 0.0416 0.0179 0.0455 0.0528 0.0185 0.0401 0.0402 0.0320 0.6936 
        D348  5 0.0128 0.0234 0.0160 0.0246 0.0225 0.0183 0.0952 0.0476 0.7042 0.0355 
