        D174  1 0.7657 0.1614 0.0729 
        D199  1 0.3619 0.2061 0.4320 
        D203  1 0.3126 0.2743 0.4131 
        D204  1 0.3300 0.4488 0.2212 
     D237366  1 0.1350 0.6668 0.1982 
     D237367  1 0.1479 0.7336 0.1185 
     D237368  1 0.2411 0.5875 0.1714 
     D244101  1 0.1629 0.2121 0.6250 
     D244102  1 0.4537 0.2819 0.2644 
     D244103  1 0.1699 0.7390 0.0910 
     D244104  1 0.4172 0.3816 0.2011 
     D244105  1 0.0652 0.8714 0.0634 
     D244106  1 0.6643 0.1079 0.2278 
     D244107  1 0.0940 0.7841 0.1220 
     D244108  1 0.7985 0.1074 0.0941 
     D244113  1 0.8235 0.0791 0.0973 
     D244114  1 0.2437 0.3353 0.4209 
     D244115  1 0.6761 0.2269 0.0970 
     D267365  1 0.6096 0.2104 0.1800 
        D404  1 0.7715 0.0975 0.1310 
        D405  1 0.5458 0.1937 0.2605 
        D406  1 0.1366 0.8175 0.0458 
        D407  1 0.0923 0.8005 0.1072 
        D408  1 0.7213 0.1018 0.1769 
        D409  1 0.1452 0.7423 0.1125 
        D410  1 0.6377 0.3216 0.0407 
        D421  1 0.2526 0.5942 0.1532 
        D422  1 0.0348 0.9180 0.0472 
        D423  1 0.3962 0.5436 0.0602 
        D424  1 0.1308 0.8275 0.0417 
        D425  1 0.6274 0.2351 0.1375 
        D426  1 0.0867 0.7024 0.2109 
        D427  1 0.2219 0.1320 0.6461 
        D428  1 0.4787 0.3625 0.1588 
        D429  1 0.5358 0.3211 0.1431 
        D430  1 0.3210 0.2786 0.4004 
        D491  1 0.8615 0.0865 0.0520 
        D492  1 0.3769 0.4833 0.1398 
        D537  1 0.3012 0.6242 0.0746 
        D538  1 0.4612 0.3068 0.2320 
        D539  1 0.4855 0.1943 0.3202 
        D540  1 0.3429 0.5388 0.1183 
        D541  1 0.2943 0.5664 0.1393 
        D551  1 0.0727 0.4002 0.5272 
        D552  1 0.5564 0.3203 0.1232 
        D553  1 0.2216 0.6714 0.1070 
        D615  1 0.4384 0.3218 0.2398 
        D616  1 0.3262 0.3758 0.2980 
        D621  1 0.4053 0.4992 0.0955 
        D622  1 0.1423 0.7669 0.0908 
        D623  1 0.5437 0.0655 0.3908 
        D624  1 0.8057 0.1280 0.0663 
        D625  1 0.4843 0.4297 0.0860 
        D626  1 0.5624 0.2963 0.1413 
        D627  1 0.0823 0.7424 0.1753 
        D690  1 0.5609 0.3907 0.0484 
        D691  1 0.1356 0.7963 0.0681 
        D710  1 0.4859 0.3087 0.2054 
        D711  1 0.3786 0.4562 0.1652 
        D712  1 0.7090 0.1304 0.1606 
        D713  1 0.7385 0.1963 0.0652 
        D746  1 0.0643 0.8790 0.0567 
        D747  1 0.3189 0.4663 0.2148 
        D748  1 0.2802 0.6496 0.0702 
        D749  1 0.3251 0.4753 0.1996 
        D750  1 0.7873 0.1426 0.0701 
        D763  1 0.1177 0.3399 0.5424 
        D764  1 0.6625 0.2839 0.0536 
        D765  1 0.5633 0.3672 0.0695 
        D766  1 0.3629 0.5765 0.0606 
        D767  1 0.2986 0.3978 0.3035 
        D768  1 0.1214 0.7912 0.0874 
        D811  1 0.7845 0.1214 0.0941 
        D816  1 0.5119 0.4055 0.0826 
        D825  1 0.7641 0.1762 0.0597 
        D866  1 0.4127 0.0902 0.4971 
        D867  1 0.0656 0.8603 0.0741 
        D871  1 0.1588 0.7456 0.0956 
        D872  1 0.5247 0.3439 0.1315 
        D873  1 0.6917 0.2530 0.0552 
        D874  1 0.6077 0.1331 0.2591 
        D875  1 0.1161 0.8266 0.0573 
        D876  1 0.5431 0.3511 0.1059 
        D877  1 0.8281 0.0685 0.1034 
        D892  1 0.4722 0.4570 0.0708 
        D893  1 0.2139 0.5544 0.2316 
        D894  1 0.3040 0.5455 0.1505 
        D915  1 0.3940 0.5024 0.1036 
        D916  1 0.3586 0.5677 0.0736 
        D917  1 0.5771 0.1252 0.2977 
        D925  1 0.7213 0.2292 0.0495 
        D926  1 0.3896 0.5116 0.0989 
        D927  1 0.1879 0.2187 0.5934 
        D928  1 0.9151 0.0489 0.0360 
        D929  1 0.4322 0.3816 0.1861 
        D936  1 0.3263 0.2624 0.4113 
        D938  1 0.0873 0.8668 0.0459 
        D956  1 0.7863 0.0957 0.1181 
        D957  1 0.5186 0.3464 0.1349 
        D958  1 0.6540 0.2841 0.0619 
        D959  1 0.0726 0.8735 0.0538 
        D960  1 0.2108 0.7313 0.0579 
        D989  1 0.5270 0.1091 0.3639 
        D990  1 0.5183 0.2898 0.1919 
        D023  2 0.0669 0.8676 0.0655 
        D130  2 0.0692 0.8641 0.0667 
        D131  2 0.1717 0.6053 0.2230 
        D163  2 0.0922 0.8531 0.0547 
        D164  2 0.2697 0.2039 0.5264 
        D165  2 0.0583 0.8584 0.0833 
        D166  2 0.2074 0.4749 0.3178 
        D167  2 0.0899 0.0397 0.8704 
        D192  2 0.0509 0.0322 0.9170 
        D193  2 0.6142 0.1723 0.2134 
        D206  2 0.1183 0.6599 0.2218 
        D207  2 0.0847 0.1316 0.7837 
        D208  2 0.3779 0.0960 0.5260 
        D209  2 0.1177 0.3100 0.5724 
        D210  2 0.4640 0.0973 0.4388 
     D229599  2 0.2775 0.3743 0.3482 
     D229600  2 0.0940 0.4350 0.4710 
     D237227  2 0.6393 0.1576 0.2032 
     D237228  2 0.6838 0.1580 0.1582 
     D237258  2 0.3312 0.2334 0.4354 
     D237310  2 0.5893 0.2306 0.1800 
     D237311  2 0.4442 0.2525 0.3033 
     D237312  2 0.4901 0.3943 0.1157 
     D237313  2 0.5889 0.2992 0.1119 
     D237322  2 0.2766 0.1475 0.5759 
     D237323  2 0.6896 0.1835 0.1269 
     D237324  2 0.0554 0.4972 0.4474 
     D237325  2 0.4469 0.3682 0.1848 
     D237326  2 0.6255 0.2744 0.1001 
     D237327  2 0.0882 0.1750 0.7368 
     D237337  2 0.6824 0.2585 0.0591 
     D237338  2 0.3026 0.4079 0.2895 
     D237339  2 0.1514 0.1793 0.6694 
     D237340  2 0.4697 0.1514 0.3789 
     D237389  2 0.4923 0.3553 0.1523 
     D237390  2 0.5491 0.3271 0.1238 
     D244017  2 0.4333 0.1072 0.4595 
     D244112  2 0.0658 0.1130 0.8212 
     D244118  2 0.0665 0.1895 0.7439 
     D244119  2 0.5495 0.0568 0.3937 
     D244120  2 0.1999 0.0757 0.7244 
     D244122  2 0.1400 0.1250 0.7350 
        D291  2 0.0959 0.2320 0.6721 
        D292  2 0.3296 0.0752 0.5952 
        D293  2 0.0675 0.0915 0.8411 
        D322  2 0.1117 0.1534 0.7349 
        D323  2 0.3020 0.2901 0.4079 
        D324  2 0.2498 0.3319 0.4182 
        D325  2 0.0293 0.1376 0.8331 
        D326  2 0.2935 0.5233 0.1832 
        D340  2 0.0401 0.0582 0.9017 
        D341  2 0.0805 0.0863 0.8332 
        D342  2 0.1043 0.2798 0.6159 
        D343  2 0.0225 0.0503 0.9273 
        D344  2 0.3848 0.4355 0.1797 
        D345  2 0.3328 0.4947 0.1725 
        D346  2 0.6728 0.1229 0.2043 
        D351  2 0.1456 0.4452 0.4092 
        D352  2 0.3305 0.2493 0.4202 
        D353  2 0.1260 0.6530 0.2211 
        D354  2 0.6602 0.2599 0.0799 
        D362  2 0.4180 0.4740 0.1080 
        D363  2 0.5646 0.3221 0.1134 
        D364  2 0.5090 0.3979 0.0931 
        D365  2 0.0497 0.0390 0.9113 
        D369  2 0.4529 0.1961 0.3510 
        D374  2 0.8707 0.0619 0.0674 
        D375  2 0.3042 0.5484 0.1474 
        D376  2 0.7933 0.1028 0.1039 
        D377  2 0.5343 0.2817 0.1840 
        D378  2 0.1414 0.2604 0.5982 
        D379  2 0.3441 0.5674 0.0885 
        D384  2 0.4083 0.5111 0.0807 
        D385  2 0.0712 0.0557 0.8731 
        D386  2 0.1845 0.5537 0.2618 
        D391  2 0.0472 0.0575 0.8952 
        D392  2 0.2015 0.0980 0.7005 
        D393  2 0.1668 0.3194 0.5138 
        D394  2 0.2378 0.4875 0.2747 
        D395  2 0.0765 0.1479 0.7756 
        D401  2 0.6696 0.2577 0.0727 
        D402  2 0.0476 0.0395 0.9129 
        D403  2 0.1608 0.7371 0.1021 
        D415  2 0.1066 0.8276 0.0657 
        D435  2 0.0910 0.4132 0.4958 
        D436  2 0.3906 0.4310 0.1783 
        D438  2 0.0529 0.0691 0.8780 
        D439  2 0.1070 0.5911 0.3019 
        D449  2 0.0710 0.4619 0.4671 
        D450  2 0.6271 0.2516 0.1213 
        D456  2 0.1760 0.7578 0.0662 
        D462  2 0.0358 0.0684 0.8958 
        D463  2 0.3051 0.6428 0.0521 
        D464  2 0.2365 0.3741 0.3894 
        D465  2 0.1383 0.4018 0.4599 
        D473  2 0.7457 0.1383 0.1160 
        D474  2 0.3578 0.2384 0.4038 
        D476  2 0.0542 0.6773 0.2684 
        D477  2 0.4926 0.2459 0.2615 
        D478  2 0.3610 0.4477 0.1913 
        D480  2 0.2941 0.1368 0.5691 
        D481  2 0.3522 0.3481 0.2997 
        D482  2 0.3321 0.1828 0.4852 
        D483  2 0.0909 0.0479 0.8612 
        D484  2 0.2486 0.1592 0.5922 
        D510  2 0.7558 0.0699 0.1743 
        D511  2 0.1899 0.2837 0.5264 
        D512  2 0.2813 0.3883 0.3304 
        D513  2 0.1672 0.2858 0.5469 
        D635  2 0.1801 0.7088 0.1111 
        D636  2 0.0668 0.8781 0.0551 
        D637  2 0.2537 0.1505 0.5959 
        D658  2 0.2457 0.0712 0.6831 
        D659  2 0.1972 0.6497 0.1531 
        D677  2 0.1742 0.5372 0.2885 
        D678  2 0.1140 0.1302 0.7557 
        D679  2 0.2458 0.4130 0.3412 
        D719  2 0.6230 0.0592 0.3178 
        D720  2 0.5265 0.3333 0.1403 
        D721  2 0.0972 0.7027 0.2001 
        D722  2 0.8013 0.0818 0.1169 
        D734  2 0.3534 0.0791 0.5675 
        D735  2 0.4250 0.2652 0.3098 
        D736  2 0.5697 0.1536 0.2767 
        D737  2 0.1094 0.1027 0.7879 
        D807  2 0.6386 0.1231 0.2383 
        D808  2 0.1949 0.3769 0.4282 
        D817  2 0.5210 0.3566 0.1224 
        D818  2 0.0774 0.3552 0.5675 
        D819  2 0.3439 0.4854 0.1707 
        D820  2 0.3020 0.3665 0.3316 
        D895  2 0.1599 0.7169 0.1232 
        D896  2 0.7399 0.2175 0.0427 
        D897  2 0.0891 0.1573 0.7536 
        D898  2 0.4573 0.2854 0.2573 
        D918  2 0.2594 0.3871 0.3535 
        D919  2 0.1072 0.3016 0.5912 
        D920  2 0.0988 0.8261 0.0752 
        D923  2 0.3031 0.4932 0.2037 
        D930  2 0.5956 0.2277 0.1767 
        D931  2 0.3251 0.2205 0.4544 
        D968  2 0.0371 0.0512 0.9117 
        D969  2 0.2124 0.1877 0.6000 
        D977  2 0.0581 0.2015 0.7403 
        D978  2 0.1301 0.1654 0.7045 
        D211  3 0.0730 0.8255 0.1015 
     D229639  3 0.2465 0.0757 0.6778 
     D237212  3 0.1442 0.2814 0.5744 
     D237213  3 0.2134 0.5821 0.2045 
     D237214  3 0.0932 0.8471 0.0597 
     D237215  3 0.1867 0.0463 0.7670 
     D237216  3 0.1116 0.6484 0.2400 
     D237217  3 0.0667 0.8375 0.0959 
     D237218  3 0.1303 0.2383 0.6314 
     D237219  3 0.3616 0.4020 0.2364 
     D237382  3 0.5569 0.2798 0.1633 
     D244127  3 0.3240 0.3453 0.3307 
     D244129  3 0.2728 0.3746 0.3527 
     D244133  3 0.3801 0.3763 0.2436 
     D244134  3 0.4369 0.1503 0.4128 
     D244135  3 0.0535 0.8421 0.1044 
     D244136  3 0.4971 0.2961 0.2068 
        D416  3 0.1195 0.4983 0.3822 
        D417  3 0.2639 0.6670 0.0692 
        D419  3 0.2740 0.4052 0.3208 
        D565  3 0.8822 0.0604 0.0573 
        D566  3 0.5090 0.1094 0.3816 
        D567  3 0.2761 0.5994 0.1245 
        D568  3 0.0993 0.6142 0.2864 
        D569  3 0.1375 0.2604 0.6021 
        D573  3 0.0702 0.1319 0.7979 
        D574  3 0.6552 0.1806 0.1642 
        D575  3 0.4279 0.3864 0.1857 
        D576  3 0.0781 0.0540 0.8679 
        D577  3 0.2739 0.6041 0.1220 
        D578  3 0.0464 0.8743 0.0794 
        D579  3 0.4484 0.2233 0.3283 
        D660  3 0.0906 0.2558 0.6536 
        D661  3 0.0607 0.1414 0.7979 
        D663  3 0.0633 0.1241 0.8127 
        D664  3 0.3486 0.3394 0.3120 
        D665  3 0.0875 0.5546 0.3579 
        D666  3 0.4864 0.3605 0.1530 
        D009  4 0.1356 0.7412 0.1232 
        D057  4 0.0772 0.2320 0.6908 
        D109  4 0.3957 0.5204 0.0839 
     D237222  4 0.2738 0.6174 0.1088 
     D237223  4 0.2756 0.4985 0.2259 
     D237224  4 0.1171 0.1679 0.7150 
     D237225  4 0.1815 0.6702 0.1483 
     D237299  4 0.1536 0.6389 0.2075 
     D237300  4 0.1321 0.0803 0.7877 
     D237306  4 0.7530 0.1539 0.0931 
     D237307  4 0.4809 0.3159 0.2031 
     D237308  4 0.2290 0.1279 0.6430 
     D237309  4 0.1313 0.6928 0.1758 
     D237317  4 0.7079 0.2097 0.0824 
     D237318  4 0.0677 0.0437 0.8887 
     D237319  4 0.2792 0.4975 0.2232 
     D237320  4 0.1632 0.4578 0.3790 
     D237321  4 0.1653 0.1545 0.6802 
     D237397  4 0.4400 0.2550 0.3050 
     D237398  4 0.0649 0.1807 0.7544 
     D237399  4 0.4054 0.2462 0.3484 
     D244001  4 0.0943 0.7514 0.1543 
        D289  4 0.3553 0.2228 0.4219 
        D290  4 0.2273 0.2327 0.5400 
        D294  4 0.1765 0.4254 0.3981 
        D295  4 0.3899 0.4342 0.1759 
        D301  4 0.1340 0.6435 0.2225 
        D302  4 0.2902 0.4918 0.2180 
        D303  4 0.7240 0.1066 0.1694 
        D304  4 0.2917 0.1965 0.5118 
        D305  4 0.0577 0.4007 0.5416 
        D306  4 0.3802 0.3485 0.2714 
        D307  4 0.1529 0.6993 0.1477 
        D327  4 0.3627 0.4293 0.2079 
        D328  4 0.6602 0.1619 0.1778 
        D329  4 0.1869 0.2716 0.5415 
        D330  4 0.1351 0.7677 0.0972 
        D331  4 0.4501 0.1948 0.3551 
        D333  4 0.3956 0.2431 0.3612 
        D334  4 0.6356 0.2400 0.1244 
        D335  4 0.3934 0.2514 0.3552 
        D370  4 0.6970 0.1848 0.1182 
        D371  4 0.8382 0.0911 0.0706 
        D372  4 0.1055 0.0675 0.8270 
        D373  4 0.0590 0.7198 0.2212 
        D455  4 0.0792 0.7365 0.1843 
        D490  4 0.0562 0.9013 0.0426 
        D497  4 0.0693 0.8427 0.0879 
        D498  4 0.5150 0.1647 0.3204 
        D499  4 0.2903 0.1194 0.5903 
        D514  4 0.1891 0.5769 0.2341 
        D515  4 0.1626 0.7181 0.1193 
        D516  4 0.4338 0.3522 0.2140 
        D517  4 0.0610 0.7909 0.1481 
        D518  4 0.3050 0.4034 0.2916 
        D519  4 0.0878 0.6964 0.2158 
        D560  4 0.0785 0.6800 0.2416 
        D561  4 0.0689 0.8295 0.1016 
        D562  4 0.2478 0.3530 0.3992 
        D563  4 0.0800 0.1960 0.7240 
        D572  4 0.2454 0.4840 0.2707 
        D629  4 0.1727 0.6955 0.1318 
        D630  4 0.2730 0.4549 0.2721 
        D631  4 0.1252 0.1445 0.7303 
        D632  4 0.1277 0.5898 0.2826 
        D646  4 0.1467 0.6890 0.1643 
        D647  4 0.1538 0.6109 0.2352 
        D648  4 0.6074 0.1821 0.2105 
        D649  4 0.3098 0.5774 0.1128 
        D650  4 0.4969 0.3162 0.1869 
        D708  4 0.5411 0.2494 0.2095 
        D709  4 0.5896 0.1931 0.2172 
        D738  4 0.7679 0.1544 0.0777 
        D739  4 0.1801 0.5668 0.2531 
        D740  4 0.2681 0.2234 0.5084 
        D741  4 0.0864 0.6004 0.3132 
        D742  4 0.1703 0.1355 0.6942 
        D743  4 0.2504 0.3676 0.3820 
        D744  4 0.1420 0.2488 0.6092 
        D745  4 0.0978 0.7867 0.1154 
        D814  4 0.0597 0.4427 0.4976 
        D815  4 0.4505 0.2548 0.2947 
        D828  4 0.4557 0.1024 0.4419 
        D845  4 0.0925 0.0520 0.8556 
        D846  4 0.0576 0.5042 0.4382 
        D847  4 0.2151 0.4696 0.3153 
        D848  4 0.0538 0.5025 0.4437 
        D849  4 0.0853 0.7994 0.1153 
        D850  4 0.2047 0.5276 0.2678 
        D856  4 0.3567 0.4754 0.1678 
        D857  4 0.5609 0.2766 0.1625 
        D859  4 0.2178 0.3142 0.4680 
        D860  4 0.4991 0.0813 0.4197 
        D883  4 0.3943 0.4643 0.1414 
        D884  4 0.5263 0.3806 0.0931 
        D885  4 0.1068 0.4256 0.4676 
        D886  4 0.2782 0.4562 0.2656 
        D887  4 0.2111 0.2043 0.5846 
        D889  4 0.1221 0.1354 0.7425 
        D890  4 0.5591 0.2580 0.1830 
        D891  4 0.0321 0.0360 0.9319 
        D899  4 0.1820 0.0675 0.7505 
        D900  4 0.2988 0.4425 0.2587 
        D970  4 0.2542 0.3653 0.3805 
        D971  4 0.2277 0.1120 0.6603 
        D979  4 0.3830 0.3112 0.3058 
        D093  5 0.7001 0.1387 0.1612 
        D154  5 0.2198 0.1991 0.5811 
        D168  5 0.1091 0.4605 0.4304 
        D189  5 0.4615 0.1081 0.4305 
        D190  5 0.8270 0.0646 0.1084 
     D237220  5 0.2383 0.3995 0.3622 
     D237221  5 0.5067 0.1491 0.3442 
     D237274  5 0.3959 0.4707 0.1334 
     D237275  5 0.1027 0.0752 0.8222 
     D237276  5 0.6014 0.2733 0.1253 
     D237277  5 0.6178 0.0700 0.3122 
     D237278  5 0.3162 0.1457 0.5381 
     D237279  5 0.2039 0.6393 0.1568 
     D237280  5 0.4439 0.4634 0.0927 
     D237281  5 0.0590 0.0660 0.8750 
     D237351  5 0.7005 0.2198 0.0797 
     D237352  5 0.2680 0.5636 0.1684 
     D237353  5 0.8426 0.0504 0.1070 
     D237359  5 0.1542 0.4399 0.4059 
     D237361  5 0.8876 0.0528 0.0596 
     D237362  5 0.4983 0.3006 0.2010 
     D237363  5 0.1874 0.4578 0.3548 
     D237364  5 0.0828 0.4492 0.4680 
     D237376  5 0.6913 0.0770 0.2317 
     D237377  5 0.6199 0.2666 0.1135 
     D237378  5 0.5243 0.1122 0.3634 
     D237379  5 0.4877 0.2046 0.3077 
     D237380  5 0.7112 0.2448 0.0440 
     D237381  5 0.3644 0.4428 0.1927 
     D237391  5 0.8014 0.0830 0.1156 
     D237392  5 0.3196 0.3884 0.2919 
     D237393  5 0.6245 0.2111 0.1643 
     D237394  5 0.8794 0.0719 0.0487 
     D237395  5 0.5459 0.2296 0.2245 
     D237396  5 0.4241 0.3341 0.2418 
     D244016  5 0.4390 0.1791 0.3819 
     D244018  5 0.2356 0.2150 0.5493 
     D244019  5 0.4470 0.2256 0.3275 
        D279  5 0.1243 0.1990 0.6768 
        D280  5 0.4213 0.2481 0.3306 
        D281  5 0.0950 0.0647 0.8403 
        D283  5 0.7176 0.1166 0.1658 
        D284  5 0.1582 0.6538 0.1880 
        D285  5 0.5791 0.1624 0.2585 
        D286  5 0.4640 0.2537 0.2824 
        D287  5 0.6802 0.1433 0.1765 
        D288  5 0.4209 0.2246 0.3544 
        D308  5 0.6594 0.2836 0.0570 
        D309  5 0.2575 0.4463 0.2962 
        D310  5 0.8145 0.0717 0.1138 
        D311  5 0.5556 0.2453 0.1990 
        D312  5 0.6258 0.1966 0.1776 
        D313  5 0.4191 0.5439 0.0370 
        D314  5 0.2586 0.2579 0.4834 
        D315  5 0.5988 0.2372 0.1641 
        D317  5 0.8283 0.0933 0.0784 
        D318  5 0.2013 0.4618 0.3369 
        D319  5 0.8533 0.0469 0.0998 
        D320  5 0.8012 0.0869 0.1119 
        D321  5 0.6673 0.2372 0.0955 
        D336  5 0.8265 0.0869 0.0866 
        D337  5 0.8122 0.0430 0.1449 
        D338  5 0.3476 0.3137 0.3387 
        D339  5 0.7271 0.0993 0.1736 
        D347  5 0.4580 0.2203 0.3217 
        D348  5 0.8563 0.0562 0.0875 
        D349  5 0.7438 0.2121 0.0440 
        D350  5 0.1992 0.3109 0.4898 
        D355  5 0.0882 0.1347 0.7772 
        D356  5 0.6244 0.2528 0.1228 
        D357  5 0.5778 0.1984 0.2238 
        D358  5 0.7125 0.1374 0.1501 
        D359  5 0.8461 0.0869 0.0670 
        D360  5 0.6908 0.2128 0.0965 
        D361  5 0.7026 0.2427 0.0547 
        D366  5 0.1243 0.4826 0.3932 
        D367  5 0.7746 0.0979 0.1274 
        D368  5 0.7259 0.1880 0.0861 
        D380  5 0.2538 0.4176 0.3285 
        D381  5 0.7355 0.0934 0.1711 
        D400  5 0.4004 0.1286 0.4710 
        D411  5 0.0487 0.8832 0.0680 
        D412  5 0.3436 0.2382 0.4183 
        D413  5 0.0685 0.1502 0.7812 
        D414  5 0.1026 0.1252 0.7723 
        D420  5 0.1860 0.4448 0.3691 
        D431  5 0.3673 0.1873 0.4454 
        D432  5 0.5973 0.1506 0.2520 
        D433  5 0.7662 0.0644 0.1694 
        D434  5 0.7602 0.1310 0.1088 
        D440  5 0.2044 0.3820 0.4136 
        D447  5 0.1180 0.6722 0.2098 
        D448  5 0.6957 0.1021 0.2021 
        D459  5 0.0739 0.0692 0.8569 
        D460  5 0.7246 0.2205 0.0549 
        D461  5 0.2788 0.3808 0.3405 
        D468  5 0.5683 0.3080 0.1237 
        D469  5 0.4295 0.4192 0.1514 
        D470  5 0.2268 0.6617 0.1116 
        D471  5 0.6712 0.0918 0.2370 
        D472  5 0.1707 0.3312 0.4981 
        D479  5 0.0742 0.0697 0.8562 
        D485  5 0.4705 0.2202 0.3093 
        D486  5 0.3934 0.4971 0.1094 
        D487  5 0.2196 0.1059 0.6745 
        D555  5 0.7935 0.0570 0.1494 
        D556  5 0.4570 0.1368 0.4062 
        D557  5 0.8133 0.0491 0.1376 
        D564  5 0.6006 0.2197 0.1796 
        D594  5 0.4099 0.3449 0.2452 
        D595  5 0.5538 0.2203 0.2259 
        D596  5 0.8595 0.0533 0.0872 
        D597  5 0.3909 0.1137 0.4954 
        D598  5 0.6217 0.1898 0.1885 
        D617  5 0.0727 0.7063 0.2210 
        D618  5 0.6018 0.1322 0.2660 
        D619  5 0.7902 0.1351 0.0746 
        D620  5 0.0686 0.0657 0.8657 
        D628  5 0.4375 0.2949 0.2676 
        D714  5 0.3363 0.0809 0.5829 
        D715  5 0.7178 0.0814 0.2008 
        D716  5 0.3010 0.2329 0.4660 
        D717  5 0.5360 0.2411 0.2229 
        D718  5 0.4296 0.3146 0.2557 
        D769  5 0.0931 0.7391 0.1678 
        D770  5 0.2848 0.1359 0.5793 
        D771  5 0.2634 0.2137 0.5229 
        D772  5 0.6135 0.1638 0.2227 
        D782  5 0.2205 0.4145 0.3650 
        D783  5 0.1883 0.1285 0.6832 
        D784  5 0.3694 0.3080 0.3226 
        D785  5 0.8383 0.0966 0.0651 
        D786  5 0.1608 0.6997 0.1394 
        D821  5 0.8851 0.0428 0.0720 
        D822  5 0.5614 0.2046 0.2341 
        D826  5 0.3908 0.1009 0.5083 
        D827  5 0.1806 0.6455 0.1739 
        D851  5 0.4255 0.3024 0.2720 
        D852  5 0.2482 0.0895 0.6623 
        D853  5 0.5756 0.1455 0.2790 
        D854  5 0.1667 0.3777 0.4556 
        D861  5 0.4080 0.2238 0.3682 
        D862  5 0.7511 0.1611 0.0878 
        D865  5 0.7803 0.0674 0.1523 
        D868  5 0.3717 0.4598 0.1685 
        D869  5 0.0764 0.8712 0.0524 
        D870  5 0.0663 0.8373 0.0964 
        D907  5 0.7707 0.1201 0.1092 
        D908  5 0.3242 0.0641 0.6117 
        D910  5 0.5858 0.0853 0.3289 
        D911  5 0.0883 0.0971 0.8146 
        D934  5 0.1876 0.1658 0.6465 
        D946  5 0.2338 0.1893 0.5770 
        D947  5 0.2519 0.4233 0.3248 
        D948  5 0.7563 0.2042 0.0395 
        D949  5 0.7458 0.2139 0.0404 
        D950  5 0.0835 0.0789 0.8375 
        D951  5 0.3965 0.4603 0.1432 
        D952  5 0.5484 0.2645 0.1872 
        D953  5 0.8028 0.0913 0.1059 
        D954  5 0.7849 0.1391 0.0761 
        D961  5 0.5872 0.1764 0.2364 
        D962  5 0.8335 0.0981 0.0684 
        D963  5 0.5103 0.1856 0.3040 
        D964  5 0.2375 0.3846 0.3779 
        D965  5 0.2733 0.2817 0.4450 
        D966  5 0.4302 0.1964 0.3734 
        D967  5 0.4160 0.1334 0.4506 
        D991  5 0.3901 0.3995 0.2104 
        D502  6 0.0938 0.4517 0.4545 
        D503  6 0.1274 0.3704 0.5022 
        D504  6 0.3789 0.3185 0.3026 
        D505  6 0.4067 0.2506 0.3427 
        D506  6 0.8563 0.0861 0.0575 
        D507  6 0.1478 0.2603 0.5919 
        D508  6 0.2021 0.2977 0.5002 
        D529  6 0.2826 0.4976 0.2198 
        D530  6 0.6137 0.1773 0.2090 
        D531  6 0.3273 0.3468 0.3259 
        D532  6 0.6192 0.2305 0.1503 
        D534  6 0.1122 0.7607 0.1272 
        D535  6 0.7004 0.1823 0.1174 
        D536  6 0.0598 0.1995 0.7407 
        D554  6 0.6526 0.2296 0.1178 
        D587  6 0.7555 0.0990 0.1455 
        D588  6 0.6593 0.1632 0.1775 
        D589  6 0.2131 0.1636 0.6233 
        D590  6 0.0980 0.1362 0.7659 
        D591  6 0.2390 0.3533 0.4077 
        D592  6 0.2205 0.6386 0.1409 
        D593  6 0.6058 0.1369 0.2573 
        D682  6 0.7818 0.1107 0.1074 
        D683  6 0.5498 0.3243 0.1259 
        D684  6 0.0524 0.4261 0.5215 
        D685  6 0.1450 0.3037 0.5513 
        D686  6 0.7784 0.1173 0.1042 
        D724  6 0.1593 0.4645 0.3762 
        D725  6 0.3061 0.2498 0.4440 
        D726  6 0.8525 0.0839 0.0636 
        D727  6 0.1971 0.3197 0.4833 
        D728  6 0.7855 0.1273 0.0873 
        D729  6 0.1983 0.5639 0.2377 
        D730  6 0.1632 0.4527 0.3841 
        D731  6 0.5649 0.0472 0.3879 
        D732  6 0.2457 0.4473 0.3069 
        D733  6 0.3335 0.3591 0.3074 
     D237251  7 0.1789 0.1062 0.7149 
     D237252  7 0.1235 0.5069 0.3696 
     D237253  7 0.2037 0.1751 0.6212 
     D237254  7 0.0370 0.8981 0.0650 
     D237255  7 0.1111 0.0843 0.8047 
     D237256  7 0.0983 0.1422 0.7594 
     D237257  7 0.1137 0.6740 0.2123 
     D237282  7 0.1789 0.5545 0.2666 
     D237283  7 0.1543 0.6836 0.1621 
     D237284  7 0.0555 0.8880 0.0565 
     D237285  7 0.3953 0.2221 0.3826 
     D237286  7 0.3885 0.2318 0.3796 
     D237287  7 0.1552 0.3241 0.5207 
     D244006  7 0.0508 0.8801 0.0691 
     D244007  7 0.1221 0.3241 0.5538 
     D244008  7 0.2281 0.6660 0.1060 
     D244009  7 0.3308 0.5706 0.0986 
     D244010  7 0.1535 0.5575 0.2890 
     D244011  7 0.2954 0.1624 0.5422 
     D244012  7 0.1298 0.3586 0.5116 
     D244013  7 0.2798 0.0960 0.6242 
     D244014  7 0.1441 0.2875 0.5684 
     D244015  7 0.0945 0.7704 0.1350 
     D244125  7 0.4642 0.1121 0.4237 
     D244126  7 0.0695 0.8239 0.1067 
     D244130  7 0.4281 0.2973 0.2746 
     D244131  7 0.5103 0.2510 0.2388 
     D244132  7 0.7902 0.1297 0.0802 
        D520  7 0.4660 0.4088 0.1252 
        D521  7 0.3713 0.2796 0.3490 
        D522  7 0.2458 0.6182 0.1360 
        D523  7 0.1368 0.1076 0.7556 
        D524  7 0.2883 0.1828 0.5289 
        D525  7 0.0997 0.4660 0.4343 
        D526  7 0.0507 0.8727 0.0766 
        D527  7 0.2396 0.4565 0.3039 
        D528  7 0.0453 0.8335 0.1212 
        D558  7 0.1432 0.3903 0.4665 
        D559  7 0.0865 0.3830 0.5305 
        D640  7 0.4680 0.1734 0.3585 
        D641  7 0.3489 0.1592 0.4919 
        D642  7 0.2174 0.4920 0.2906 
        D644  7 0.4367 0.3183 0.2451 
        D645  7 0.2663 0.2741 0.4596 
        D662  7 0.7635 0.1942 0.0423 
        D687  7 0.2275 0.2482 0.5243 
        D688  7 0.1175 0.6206 0.2619 
        D689  7 0.3905 0.2735 0.3360 
        D700  7 0.0378 0.8145 0.1477 
        D797  7 0.3687 0.3247 0.3067 
        D798  7 0.4877 0.4270 0.0852 
        D799  7 0.1145 0.1647 0.7208 
        D800  7 0.1184 0.5666 0.3149 
        D132  8 0.0716 0.8734 0.0550 
        D133  8 0.0424 0.1024 0.8552 
        D200  8 0.1812 0.1917 0.6271 
        D500  8 0.0590 0.9020 0.0390 
        D614  8 0.6413 0.2115 0.1472 
        D723  8 0.2623 0.5094 0.2284 
        D888  8 0.0808 0.0691 0.8501 
        D901  8 0.2090 0.5372 0.2537 
        D902  8 0.7699 0.1002 0.1299 
        D903  8 0.4637 0.2502 0.2862 
        D904  8 0.2779 0.4392 0.2829 
        D905  8 0.1307 0.0473 0.8220 
        D906  8 0.0711 0.2861 0.6429 
        D937  8 0.8305 0.0512 0.1183 
        D943  8 0.1068 0.5292 0.3640 
        D972  8 0.1602 0.6929 0.1469 
        D973  8 0.3970 0.5019 0.1011 
        D974  8 0.4437 0.2661 0.2902 
        D975  8 0.2469 0.2326 0.5204 
        D976  8 0.2665 0.2998 0.4337 
        D201  9 0.0886 0.3598 0.5516 
        D202  9 0.2238 0.1498 0.6264 
     D237259  9 0.1013 0.6068 0.2919 
     D237260  9 0.0932 0.1976 0.7093 
     D237262  9 0.1476 0.7502 0.1022 
     D237263  9 0.1819 0.3804 0.4377 
     D237264  9 0.2983 0.4008 0.3009 
     D237265  9 0.0932 0.1445 0.7623 
     D237266  9 0.2360 0.1620 0.6020 
     D237267  9 0.3067 0.5036 0.1897 
     D237268  9 0.1912 0.6656 0.1433 
     D237289  9 0.3181 0.1311 0.5508 
     D237290  9 0.0590 0.0718 0.8692 
     D237291  9 0.1474 0.1294 0.7233 
     D237292  9 0.0667 0.3557 0.5777 
     D237293  9 0.5110 0.3186 0.1704 
     D237294  9 0.2015 0.4692 0.3293 
     D237295  9 0.4599 0.4378 0.1023 
     D237296  9 0.2496 0.3937 0.3566 
     D237297  9 0.6324 0.1153 0.2523 
     D237298  9 0.2110 0.2793 0.5097 
     D237341  9 0.1685 0.2119 0.6196 
     D237342  9 0.2853 0.4679 0.2468 
     D237343  9 0.1488 0.3129 0.5383 
     D237344  9 0.4598 0.1770 0.3632 
     D237345  9 0.0510 0.8305 0.1185 
     D237346  9 0.3012 0.1097 0.5891 
     D237347  9 0.5352 0.1153 0.3496 
     D237348  9 0.3806 0.2949 0.3245 
     D237349  9 0.1872 0.3252 0.4876 
     D244109  9 0.0448 0.2962 0.6591 
     D244110  9 0.0715 0.2007 0.7278 
     D244111  9 0.2270 0.2209 0.5520 
     D244128  9 0.1019 0.6662 0.2319 
     D244137  9 0.3471 0.3833 0.2696 
     D244138  9 0.2033 0.1499 0.6468 
        D580  9 0.2049 0.7269 0.0682 
        D581  9 0.0517 0.0878 0.8605 
        D582  9 0.0997 0.8077 0.0927 
        D583  9 0.0650 0.1111 0.8238 
        D584  9 0.6542 0.1987 0.1471 
        D585  9 0.0707 0.5762 0.3530 
        D586  9 0.1095 0.0797 0.8108 
        D651  9 0.4963 0.2469 0.2568 
        D652  9 0.3233 0.4011 0.2756 
        D653  9 0.1594 0.1726 0.6680 
        D654  9 0.1346 0.3441 0.5213 
        D655  9 0.4160 0.1575 0.4265 
        D656  9 0.1134 0.7986 0.0880 
        D657  9 0.1934 0.3813 0.4253 
        D667  9 0.5536 0.1475 0.2988 
        D668  9 0.4436 0.2596 0.2968 
        D669  9 0.1021 0.2022 0.6958 
        D670  9 0.2107 0.6764 0.1129 
        D671  9 0.1006 0.1810 0.7184 
        D672  9 0.0965 0.7024 0.2011 
        D673  9 0.4760 0.3178 0.2062 
        D692  9 0.0807 0.6722 0.2471 
        D693  9 0.4681 0.3378 0.1941 
        D694  9 0.1742 0.6300 0.1958 
        D695  9 0.4113 0.4365 0.1522 
        D696  9 0.8836 0.0449 0.0715 
        D697  9 0.5712 0.1705 0.2583 
        D698  9 0.4055 0.1023 0.4922 
        D699  9 0.6273 0.1373 0.2354 
        D787  9 0.3455 0.3558 0.2987 
        D788  9 0.7044 0.2104 0.0852 
        D789  9 0.3250 0.3611 0.3140 
        D790  9 0.4940 0.2258 0.2802 
        D791  9 0.1475 0.1057 0.7468 
        D792  9 0.1375 0.4696 0.3930 
        D793  9 0.7087 0.1235 0.1678 
        D794  9 0.4810 0.2703 0.2487 
        D795  9 0.3489 0.4385 0.2125 
        D796  9 0.2485 0.1995 0.5520 
        D142 10 0.5708 0.1477 0.2815 
        D143 10 0.1277 0.0803 0.7920 
        D144 10 0.4331 0.3782 0.1886 
        D145 10 0.0621 0.0903 0.8477 
        D146 10 0.2104 0.6998 0.0898 
        D147 10 0.1499 0.6264 0.2237 
        D148 10 0.2333 0.6173 0.1493 
        D149 10 0.0799 0.1980 0.7221 
        D151 10 0.2167 0.4727 0.3106 
        D152 10 0.0400 0.0509 0.9091 
        D153 10 0.6002 0.2844 0.1153 
        D156 10 0.2503 0.2484 0.5013 
        D157 10 0.6912 0.1655 0.1433 
        D158 10 0.2967 0.1962 0.5071 
        D159 10 0.0566 0.0623 0.8811 
        D160 10 0.2752 0.0472 0.6775 
        D161 10 0.2811 0.4429 0.2760 
        D162 10 0.2906 0.1533 0.5561 
        D169 10 0.0984 0.7359 0.1657 
        D170 10 0.1202 0.7890 0.0908 
        D171 10 0.4638 0.3728 0.1633 
        D172 10 0.2504 0.3408 0.4088 
        D173 10 0.0343 0.1168 0.8488 
        D181 10 0.4614 0.1865 0.3521 
        D182 10 0.0931 0.4559 0.4510 
        D183 10 0.8139 0.1139 0.0722 
        D184 10 0.0423 0.9212 0.0365 
        D185 10 0.2309 0.5961 0.1730 
        D186 10 0.0578 0.8436 0.0986 
        D194 10 0.2667 0.6063 0.1269 
        D195 10 0.3033 0.0989 0.5978 
        D196 10 0.2456 0.1062 0.6482 
        D197 10 0.1217 0.6447 0.2337 
        D198 10 0.3938 0.5049 0.1014 
     D237226 10 0.1370 0.1918 0.6711 
     D237232 10 0.3654 0.1342 0.5004 
     D237233 10 0.2426 0.1128 0.6446 
     D237234 10 0.4454 0.1891 0.3655 
     D237354 10 0.0563 0.0456 0.8981 
     D237355 10 0.1501 0.1191 0.7308 
     D237356 10 0.6054 0.3299 0.0647 
     D237357 10 0.1668 0.3111 0.5221 
     D237358 10 0.1530 0.6111 0.2359 
     D237369 10 0.0653 0.8533 0.0815 
     D237370 10 0.6691 0.1026 0.2283 
     D237371 10 0.2131 0.6361 0.1508 
     D237372 10 0.0609 0.5806 0.3585 
     D237373 10 0.3481 0.1098 0.5420 
     D237374 10 0.1572 0.0599 0.7829 
     D237375 10 0.1766 0.3779 0.4454 
     D237400 10 0.0537 0.0460 0.9003 
     D244002 10 0.0715 0.8160 0.1126 
     D244003 10 0.3296 0.0523 0.6181 
     D244004 10 0.8793 0.0603 0.0604 
     D244005 10 0.0682 0.3207 0.6111 
     D244020 10 0.5445 0.2374 0.2181 
     D244021 10 0.1485 0.5404 0.3110 
     D244116 10 0.2222 0.5529 0.2249 
     D244117 10 0.4796 0.0745 0.4459 
     D244121 10 0.6547 0.1046 0.2407 
     D244123 10 0.3638 0.1371 0.4991 
     D244124 10 0.1947 0.3378 0.4675 
        D332 10 0.4338 0.3767 0.1895 
        D570 10 0.7338 0.1423 0.1239 
        D602 10 0.2356 0.3509 0.4135 
        D603 10 0.4744 0.1229 0.4027 
        D604 10 0.2084 0.1525 0.6391 
        D605 10 0.3196 0.3015 0.3789 
        D606 10 0.3897 0.5260 0.0843 
        D607 10 0.2095 0.6227 0.1678 
        D608 10 0.0404 0.0576 0.9020 
        D609 10 0.7979 0.1264 0.0758 
        D610 10 0.3022 0.3817 0.3161 
        D611 10 0.9137 0.0365 0.0499 
        D613 10 0.4405 0.1958 0.3637 
        D633 10 0.1751 0.3283 0.4967 
        D634 10 0.4798 0.3231 0.1970 
        D638 10 0.0655 0.0518 0.8827 
        D681 10 0.3135 0.4414 0.2451 
        D754 10 0.3603 0.4081 0.2316 
        D755 10 0.4059 0.0335 0.5606 
        D756 10 0.4877 0.2148 0.2975 
        D757 10 0.2142 0.2824 0.5035 
        D758 10 0.2719 0.4922 0.2359 
        D759 10 0.3337 0.0730 0.5933 
        D760 10 0.2828 0.2011 0.5161 
        D761 10 0.0565 0.0396 0.9039 
        D762 10 0.2961 0.4281 0.2758 
        D775 10 0.6837 0.0761 0.2402 
        D776 10 0.0932 0.0875 0.8193 
        D777 10 0.4820 0.1841 0.3339 
        D778 10 0.1811 0.1011 0.7178 
        D779 10 0.3970 0.3221 0.2809 
        D780 10 0.1291 0.1068 0.7641 
        D781 10 0.2134 0.2001 0.5865 
        D858 10 0.3347 0.4058 0.2595 
        D933 10 0.3015 0.3309 0.3676 
        D038 11 0.2607 0.1833 0.5560 
        D063 11 0.2095 0.1584 0.6321 
        D155 11 0.3928 0.1893 0.4179 
        D175 11 0.4706 0.3603 0.1691 
        D176 11 0.1854 0.1016 0.7129 
        D205 11 0.7926 0.1452 0.0622 
     D237229 11 0.0865 0.3677 0.5458 
     D237230 11 0.0926 0.7463 0.1611 
     D237231 11 0.2734 0.4092 0.3174 
     D237269 11 0.1727 0.2106 0.6167 
     D237270 11 0.2734 0.5334 0.1932 
     D237271 11 0.5511 0.2121 0.2368 
     D237272 11 0.2639 0.4801 0.2560 
     D237273 11 0.4690 0.1178 0.4132 
     D237301 11 0.5190 0.2666 0.2144 
     D237302 11 0.1393 0.5684 0.2923 
     D237303 11 0.0980 0.6982 0.2038 
     D237304 11 0.4511 0.2607 0.2882 
     D237305 11 0.2758 0.5250 0.1993 
     D237314 11 0.4581 0.1982 0.3436 
     D237315 11 0.1236 0.7245 0.1519 
     D237316 11 0.5943 0.2954 0.1103 
     D237328 11 0.3462 0.5829 0.0709 
     D237329 11 0.4079 0.2040 0.3881 
     D237330 11 0.6024 0.0691 0.3286 
     D237331 11 0.2859 0.2883 0.4258 
     D237332 11 0.3230 0.4468 0.2301 
     D237333 11 0.2285 0.0611 0.7104 
     D237334 11 0.3399 0.5167 0.1434 
     D237335 11 0.6585 0.2170 0.1245 
     D237336 11 0.1460 0.2236 0.6304 
     D237350 11 0.5723 0.1169 0.3107 
     D237383 11 0.1603 0.3854 0.4543 
     D237384 11 0.3354 0.4648 0.1997 
     D237385 11 0.3090 0.3091 0.3819 
     D237386 11 0.4584 0.2031 0.3385 
     D237387 11 0.2436 0.6412 0.1152 
     D237388 11 0.7522 0.1147 0.1331 
        D239 11 0.3660 0.2081 0.4258 
        D240 11 0.0643 0.1479 0.7878 
        D241 11 0.0871 0.6452 0.2677 
        D242 11 0.2228 0.2839 0.4933 
        D243 11 0.5339 0.2198 0.2463 
        D244 11 0.8048 0.1112 0.0840 
        D245 11 0.0817 0.6601 0.2583 
        D246 11 0.5725 0.2627 0.1649 
        D247 11 0.1952 0.3860 0.4189 
        D248 11 0.4324 0.2350 0.3326 
        D249 11 0.4258 0.4690 0.1052 
        D250 11 0.5184 0.1112 0.3704 
        D251 11 0.7288 0.1495 0.1217 
        D252 11 0.4643 0.4484 0.0873 
        D253 11 0.3390 0.2536 0.4074 
        D254 11 0.0648 0.7670 0.1681 
        D255 11 0.6629 0.1827 0.1544 
        D256 11 0.2662 0.3778 0.3559 
        D257 11 0.5657 0.2896 0.1447 
        D258 11 0.6916 0.2479 0.0605 
        D259 11 0.0886 0.7368 0.1746 
        D260 11 0.3124 0.3708 0.3168 
        D261 11 0.3282 0.3486 0.3232 
        D262 11 0.1151 0.5217 0.3632 
        D263 11 0.6930 0.2125 0.0945 
        D264 11 0.1562 0.6973 0.1465 
        D265 11 0.1883 0.4016 0.4101 
        D266 11 0.4200 0.1577 0.4222 
        D267 11 0.5685 0.2894 0.1421 
        D268 11 0.7528 0.0977 0.1495 
        D269 11 0.5837 0.3507 0.0656 
        D270 11 0.2982 0.5635 0.1383 
        D271 11 0.3351 0.3079 0.3571 
        D272 11 0.1639 0.2262 0.6100 
        D273 11 0.4286 0.4780 0.0934 
        D274 11 0.6164 0.2113 0.1723 
        D275 11 0.5232 0.2868 0.1899 
        D276 11 0.7614 0.1546 0.0840 
        D277 11 0.5864 0.2348 0.1788 
        D278 11 0.4262 0.1850 0.3889 
        D282 11 0.1501 0.7942 0.0557 
        D296 11 0.4298 0.2469 0.3233 
        D297 11 0.6635 0.2299 0.1066 
        D298 11 0.3531 0.2216 0.4253 
        D299 11 0.5983 0.1205 0.2812 
        D300 11 0.1830 0.1578 0.6591 
        D382 11 0.7682 0.1755 0.0563 
        D383 11 0.7485 0.1745 0.0770 
        D387 11 0.3507 0.1441 0.5052 
        D388 11 0.2360 0.5926 0.1715 
        D389 11 0.4873 0.1697 0.3430 
        D390 11 0.3962 0.2944 0.3094 
        D396 11 0.1537 0.3098 0.5364 
        D397 11 0.1076 0.7846 0.1078 
        D398 11 0.5116 0.2672 0.2213 
        D399 11 0.1648 0.4791 0.3561 
        D437 11 0.0825 0.3901 0.5274 
        D441 11 0.7040 0.0884 0.2076 
        D442 11 0.2181 0.2130 0.5689 
        D443 11 0.4396 0.0795 0.4809 
        D444 11 0.4044 0.2923 0.3034 
        D445 11 0.2402 0.6720 0.0878 
        D446 11 0.1033 0.5622 0.3344 
        D451 11 0.3321 0.5464 0.1215 
        D452 11 0.1473 0.1751 0.6776 
        D453 11 0.3535 0.4831 0.1634 
        D454 11 0.0916 0.6105 0.2979 
        D457 11 0.3691 0.3988 0.2320 
        D458 11 0.6266 0.2306 0.1428 
        D466 11 0.0739 0.1666 0.7594 
        D467 11 0.6634 0.0966 0.2400 
        D475 11 0.0776 0.8529 0.0695 
        D488 11 0.1955 0.2864 0.5181 
        D489 11 0.1895 0.5969 0.2136 
        D493 11 0.2089 0.6550 0.1361 
        D494 11 0.4362 0.3119 0.2519 
        D495 11 0.0679 0.3617 0.5704 
        D496 11 0.0908 0.0607 0.8485 
        D674 11 0.1357 0.1007 0.7636 
        D675 11 0.0892 0.0598 0.8510 
        D676 11 0.6010 0.2753 0.1237 
        D680 11 0.3524 0.1829 0.4647 
        D701 11 0.1079 0.3126 0.5795 
        D702 11 0.1005 0.7158 0.1836 
        D703 11 0.2344 0.2160 0.5496 
        D704 11 0.4329 0.2936 0.2735 
        D705 11 0.0700 0.8467 0.0833 
        D706 11 0.0905 0.2536 0.6559 
        D707 11 0.2433 0.6223 0.1344 
        D751 11 0.4036 0.4957 0.1006 
        D752 11 0.2110 0.2140 0.5750 
        D753 11 0.2260 0.5121 0.2619 
        D773 11 0.1331 0.8205 0.0464 
        D774 11 0.1915 0.2364 0.5721 
        D801 11 0.5175 0.1461 0.3364 
        D802 11 0.1455 0.7175 0.1370 
        D803 11 0.2909 0.1649 0.5442 
        D804 11 0.1500 0.5489 0.3010 
        D805 11 0.3017 0.4939 0.2044 
        D806 11 0.4879 0.3864 0.1257 
        D809 11 0.6302 0.1802 0.1895 
        D810 11 0.5786 0.1308 0.2906 
        D812 11 0.2922 0.5696 0.1382 
        D813 11 0.0927 0.1580 0.7493 
        D823 11 0.4352 0.2805 0.2843 
        D824 11 0.4933 0.1538 0.3529 
        D829 11 0.2529 0.3448 0.4023 
        D830 11 0.1983 0.7318 0.0698 
        D831 11 0.1027 0.2480 0.6493 
        D832 11 0.2561 0.2971 0.4468 
        D833 11 0.6199 0.1659 0.2141 
        D834 11 0.7731 0.1248 0.1021 
        D835 11 0.2053 0.6871 0.1076 
        D855 11 0.6369 0.2105 0.1526 
        D863 11 0.0606 0.0437 0.8957 
        D864 11 0.5183 0.2600 0.2217 
        D878 11 0.6396 0.1740 0.1864 
        D879 11 0.2477 0.6600 0.0924 
        D880 11 0.2184 0.1020 0.6797 
        D881 11 0.7962 0.0795 0.1243 
        D882 11 0.1365 0.2209 0.6427 
        D909 11 0.3768 0.3197 0.3034 
        D921 11 0.5479 0.2138 0.2383 
        D924 11 0.1594 0.1143 0.7263 
        D935 11 0.5319 0.3367 0.1314 
        D940 11 0.0845 0.0794 0.8361 
        D941 11 0.4192 0.2563 0.3245 
        D942 11 0.5991 0.3320 0.0689 
        D980 11 0.2382 0.4338 0.3281 
        D981 11 0.1571 0.7377 0.1052 
        D982 11 0.1661 0.0752 0.7587 
        D983 11 0.7035 0.1816 0.1149 
        D984 11 0.3844 0.1911 0.4245 
        D992 11 0.1589 0.6333 0.2078 
        D993 11 0.7191 0.2063 0.0747 
        D994 11 0.2414 0.2415 0.5170 
        D995 11 0.4502 0.4761 0.0737 
        H354 11 0.4777 0.3949 0.1274 
        D005 12 0.0725 0.5414 0.3861 
        D035 12 0.2240 0.3617 0.4143 
        D067 12 0.3988 0.3737 0.2275 
        D134 12 0.1724 0.1942 0.6334 
        D135 12 0.2666 0.3474 0.3860 
        D136 12 0.1927 0.7396 0.0677 
        D137 12 0.1381 0.3669 0.4949 
        D138 12 0.3389 0.2698 0.3913 
        D139 12 0.2162 0.1901 0.5937 
        D140 12 0.2810 0.4773 0.2416 
        D141 12 0.0477 0.9151 0.0372 
        D150 12 0.6205 0.2194 0.1601 
        D177 12 0.1107 0.1228 0.7665 
        D178 12 0.2409 0.5442 0.2149 
        D179 12 0.1982 0.6062 0.1955 
        D180 12 0.1003 0.7500 0.1497 
        D187 12 0.2560 0.2293 0.5146 
        D188 12 0.0428 0.9038 0.0534 
        D191 12 0.0958 0.7591 0.1451 
        D418 12 0.0537 0.8365 0.1098 
        D601 12 0.1034 0.8106 0.0860 
        D836 12 0.0631 0.8461 0.0907 
        D837 12 0.3854 0.2120 0.4026 
        D838 12 0.4922 0.1071 0.4007 
        D839 12 0.0649 0.1739 0.7612 
        D840 12 0.2183 0.2342 0.5475 
        D841 12 0.2996 0.4689 0.2315 
        D842 12 0.3572 0.5385 0.1043 
        D843 12 0.4439 0.2465 0.3096 
        D844 12 0.0560 0.5235 0.4205 
        D912 12 0.5606 0.1892 0.2502 
        D913 12 0.0525 0.0562 0.8913 
