        D174  1 0.0620 0.1450 0.7384 0.0546 
        D199  1 0.4306 0.0606 0.2524 0.2564 
        D203  1 0.3389 0.2369 0.1357 0.2884 
        D204  1 0.8776 0.0371 0.0453 0.0400 
     D237366  1 0.1663 0.4941 0.1614 0.1782 
     D237367  1 0.4453 0.3887 0.0917 0.0743 
     D237368  1 0.2945 0.5003 0.0989 0.1064 
     D244101  1 0.7373 0.0367 0.0388 0.1871 
     D244102  1 0.2219 0.2678 0.3576 0.1527 
     D244103  1 0.2059 0.5978 0.1277 0.0686 
     D244104  1 0.7202 0.0654 0.1185 0.0959 
     D244105  1 0.1509 0.7552 0.0365 0.0575 
     D244106  1 0.0853 0.0845 0.5999 0.2303 
     D244107  1 0.2353 0.6508 0.0317 0.0822 
     D244108  1 0.1374 0.1535 0.6308 0.0783 
     D244113  1 0.0351 0.0434 0.8706 0.0509 
     D244114  1 0.1897 0.1419 0.3010 0.3674 
     D244115  1 0.1917 0.2547 0.4733 0.0803 
     D267365  1 0.4491 0.0988 0.3389 0.1132 
        D404  1 0.0340 0.0448 0.8680 0.0532 
        D405  1 0.1714 0.1185 0.5543 0.1558 
        D406  1 0.0900 0.8310 0.0527 0.0263 
        D407  1 0.5851 0.2568 0.0718 0.0862 
        D408  1 0.0859 0.0676 0.7120 0.1345 
        D409  1 0.1824 0.6409 0.1067 0.0700 
        D410  1 0.1064 0.8090 0.0635 0.0211 
        D421  1 0.8783 0.0393 0.0402 0.0422 
        D422  1 0.0797 0.8562 0.0235 0.0406 
        D423  1 0.1028 0.8256 0.0353 0.0363 
        D424  1 0.6984 0.1960 0.0765 0.0291 
        D425  1 0.5521 0.0710 0.3144 0.0625 
        D426  1 0.1323 0.5682 0.0601 0.2394 
        D427  1 0.2116 0.0503 0.1520 0.5861 
        D428  1 0.4488 0.1605 0.3155 0.0752 
        D429  1 0.4203 0.1031 0.3895 0.0872 
        D430  1 0.2212 0.1513 0.3528 0.2747 
        D491  1 0.1490 0.0432 0.7709 0.0369 
        D492  1 0.3975 0.1765 0.3635 0.0624 
        D537  1 0.7112 0.1332 0.1183 0.0373 
        D538  1 0.1737 0.4279 0.2774 0.1210 
        D539  1 0.0889 0.2095 0.3880 0.3137 
        D540  1 0.4501 0.2773 0.1522 0.1205 
        D541  1 0.8763 0.0515 0.0349 0.0373 
        D551  1 0.1181 0.1127 0.0642 0.7050 
        D552  1 0.3665 0.3269 0.1977 0.1090 
        D553  1 0.8790 0.0553 0.0381 0.0276 
        D615  1 0.4297 0.2362 0.1615 0.1726 
        D616  1 0.3501 0.3138 0.1123 0.2238 
        D621  1 0.0688 0.6096 0.2572 0.0643 
        D622  1 0.0861 0.7775 0.0805 0.0559 
        D623  1 0.1055 0.0600 0.6574 0.1771 
        D624  1 0.0863 0.0653 0.8053 0.0431 
        D625  1 0.7125 0.1286 0.1272 0.0317 
        D626  1 0.1211 0.1921 0.5796 0.1071 
        D627  1 0.2113 0.5704 0.0711 0.1472 
        D690  1 0.7540 0.0978 0.1260 0.0223 
        D691  1 0.1379 0.7609 0.0561 0.0451 
        D710  1 0.6337 0.0944 0.2161 0.0558 
        D711  1 0.7824 0.0822 0.0890 0.0464 
        D712  1 0.0657 0.0754 0.7880 0.0709 
        D713  1 0.1926 0.0968 0.6730 0.0377 
        D746  1 0.0856 0.8381 0.0395 0.0368 
        D747  1 0.8886 0.0262 0.0432 0.0421 
        D748  1 0.3657 0.4501 0.1363 0.0479 
        D749  1 0.0655 0.5677 0.2383 0.1285 
        D750  1 0.2643 0.0934 0.5967 0.0456 
        D763  1 0.3896 0.1376 0.0825 0.3903 
        D764  1 0.5744 0.1708 0.2224 0.0324 
        D765  1 0.0751 0.6914 0.1802 0.0533 
        D766  1 0.3302 0.4761 0.1532 0.0405 
        D767  1 0.3357 0.3207 0.2095 0.1342 
        D768  1 0.8561 0.0732 0.0339 0.0368 
        D811  1 0.0526 0.0817 0.8171 0.0486 
        D816  1 0.8563 0.0432 0.0663 0.0343 
        D825  1 0.1927 0.1638 0.6031 0.0405 
        D866  1 0.1053 0.0838 0.3196 0.4912 
        D867  1 0.0578 0.8291 0.0604 0.0527 
        D871  1 0.2145 0.5965 0.1152 0.0739 
        D872  1 0.5229 0.2612 0.1610 0.0549 
        D873  1 0.0220 0.9187 0.0344 0.0249 
        D874  1 0.4935 0.0356 0.3735 0.0974 
        D875  1 0.1036 0.8112 0.0526 0.0327 
        D876  1 0.6369 0.1101 0.2051 0.0479 
        D877  1 0.0836 0.0296 0.8514 0.0355 
        D892  1 0.3029 0.2366 0.4177 0.0428 
        D893  1 0.6674 0.1557 0.0639 0.1129 
        D894  1 0.6301 0.1396 0.1505 0.0798 
        D915  1 0.5932 0.2396 0.1148 0.0524 
        D916  1 0.8659 0.0628 0.0391 0.0322 
        D917  1 0.3973 0.0716 0.4117 0.1194 
        D925  1 0.1731 0.6647 0.1176 0.0446 
        D926  1 0.5919 0.1521 0.1888 0.0672 
        D927  1 0.4824 0.0661 0.0980 0.3535 
        D928  1 0.0923 0.0308 0.8516 0.0252 
        D929  1 0.1492 0.2439 0.5333 0.0736 
        D936  1 0.7697 0.0459 0.0702 0.1142 
        D938  1 0.0654 0.8541 0.0512 0.0293 
        D956  1 0.0405 0.0776 0.8019 0.0800 
        D957  1 0.4050 0.3787 0.1548 0.0615 
        D958  1 0.4789 0.2611 0.2231 0.0369 
        D959  1 0.6040 0.2815 0.0466 0.0679 
        D960  1 0.0424 0.8647 0.0618 0.0311 
        D989  1 0.1227 0.0503 0.6031 0.2240 
        D990  1 0.0302 0.8321 0.0494 0.0883 
        D023  2 0.3402 0.6014 0.0260 0.0324 
        D130  2 0.0821 0.8289 0.0416 0.0474 
        D131  2 0.5754 0.2177 0.0714 0.1355 
        D163  2 0.1422 0.7718 0.0469 0.0390 
        D164  2 0.0388 0.4706 0.0246 0.4660 
        D165  2 0.1935 0.7147 0.0310 0.0607 
        D166  2 0.1754 0.4051 0.2581 0.1614 
        D167  2 0.0296 0.0302 0.0888 0.8514 
        D192  2 0.0234 0.0244 0.0333 0.9189 
        D193  2 0.0550 0.1327 0.7218 0.0905 
        D206  2 0.3666 0.2554 0.1061 0.2719 
        D207  2 0.1440 0.0712 0.0758 0.7090 
        D208  2 0.0947 0.0810 0.4251 0.3992 
        D209  2 0.2101 0.1154 0.0802 0.5943 
        D210  2 0.1412 0.0671 0.3581 0.4336 
     D229599  2 0.4286 0.1834 0.2098 0.1782 
     D229600  2 0.0673 0.4955 0.0608 0.3764 
     D237227  2 0.1131 0.2001 0.5426 0.1442 
     D237228  2 0.0520 0.3627 0.4198 0.1655 
     D237258  2 0.1754 0.2176 0.2357 0.3713 
     D237310  2 0.0307 0.7011 0.1659 0.1023 
     D237311  2 0.0440 0.6310 0.1108 0.2141 
     D237312  2 0.0616 0.4775 0.3997 0.0612 
     D237313  2 0.4014 0.2673 0.2161 0.1153 
     D237322  2 0.0850 0.1663 0.2068 0.5419 
     D237323  2 0.0444 0.6349 0.2563 0.0644 
     D237324  2 0.1593 0.4633 0.0345 0.3429 
     D237325  2 0.0960 0.5425 0.2444 0.1171 
     D237326  2 0.2102 0.6221 0.1141 0.0537 
     D237327  2 0.1975 0.1071 0.0644 0.6310 
     D237337  2 0.0824 0.7873 0.0969 0.0335 
     D237338  2 0.1150 0.4412 0.2435 0.2002 
     D237339  2 0.5338 0.0701 0.0535 0.3426 
     D237340  2 0.0405 0.2492 0.4218 0.2885 
     D237389  2 0.0451 0.7450 0.1125 0.0974 
     D237390  2 0.1127 0.3837 0.4301 0.0735 
     D244017  2 0.0735 0.0914 0.5194 0.3156 
     D244112  2 0.0346 0.1156 0.0607 0.7890 
     D244118  2 0.0364 0.2903 0.0432 0.6301 
     D244119  2 0.0464 0.0465 0.4973 0.4098 
     D244120  2 0.0290 0.0913 0.3124 0.5673 
     D244122  2 0.0607 0.0850 0.1272 0.7271 
        D291  2 0.1642 0.1987 0.1140 0.5230 
        D292  2 0.3210 0.0650 0.1455 0.4685 
        D293  2 0.5114 0.0262 0.0229 0.4395 
        D322  2 0.5427 0.0728 0.0330 0.3515 
        D323  2 0.3458 0.1092 0.2833 0.2616 
        D324  2 0.4088 0.2021 0.1421 0.2470 
        D325  2 0.1649 0.0367 0.0161 0.7823 
        D326  2 0.8867 0.0281 0.0474 0.0378 
        D340  2 0.0404 0.0324 0.0241 0.9032 
        D341  2 0.0484 0.0513 0.0488 0.8514 
        D342  2 0.0562 0.2229 0.0586 0.6624 
        D343  2 0.0520 0.0213 0.0156 0.9110 
        D344  2 0.5779 0.1350 0.1796 0.1076 
        D345  2 0.6339 0.2110 0.0880 0.0672 
        D346  2 0.1245 0.0625 0.6758 0.1372 
        D351  2 0.6526 0.1696 0.0445 0.1332 
        D352  2 0.3097 0.1904 0.3047 0.1953 
        D353  2 0.7977 0.0568 0.0406 0.1049 
        D354  2 0.4626 0.1349 0.3556 0.0469 
        D362  2 0.7642 0.0896 0.0943 0.0519 
        D363  2 0.7776 0.0567 0.1145 0.0512 
        D364  2 0.6829 0.0943 0.1534 0.0693 
        D365  2 0.0696 0.0237 0.0266 0.8802 
        D369  2 0.3874 0.1454 0.1985 0.2687 
        D374  2 0.0266 0.0275 0.9181 0.0277 
        D375  2 0.4144 0.2396 0.2735 0.0726 
        D376  2 0.0298 0.0533 0.8573 0.0595 
        D377  2 0.1181 0.2771 0.4744 0.1304 
        D378  2 0.6860 0.0479 0.0305 0.2355 
        D379  2 0.8301 0.0586 0.0651 0.0462 
        D384  2 0.8736 0.0287 0.0677 0.0300 
        D385  2 0.0500 0.0374 0.0669 0.8458 
        D386  2 0.7323 0.1153 0.0504 0.1021 
        D391  2 0.1195 0.0304 0.0297 0.8204 
        D392  2 0.1352 0.1038 0.0924 0.6687 
        D393  2 0.7237 0.0757 0.0350 0.1656 
        D394  2 0.2795 0.4409 0.1380 0.1416 
        D395  2 0.1999 0.0898 0.0813 0.6290 
        D401  2 0.0444 0.7974 0.1032 0.0550 
        D402  2 0.0431 0.0289 0.0320 0.8960 
        D403  2 0.5467 0.2858 0.0927 0.0748 
        D415  2 0.7699 0.1680 0.0296 0.0325 
        D435  2 0.6676 0.0910 0.0296 0.2118 
        D436  2 0.3932 0.1277 0.3910 0.0882 
        D438  2 0.0344 0.0305 0.0402 0.8949 
        D439  2 0.5766 0.2136 0.0509 0.1589 
        D449  2 0.2754 0.0858 0.0475 0.5913 
        D450  2 0.2715 0.1538 0.5024 0.0723 
        D456  2 0.9058 0.0380 0.0287 0.0276 
        D462  2 0.1400 0.0341 0.0258 0.8001 
        D463  2 0.9002 0.0309 0.0451 0.0238 
        D464  2 0.6222 0.0648 0.1659 0.1471 
        D465  2 0.5150 0.1523 0.0669 0.2658 
        D473  2 0.0666 0.1419 0.7122 0.0793 
        D474  2 0.7152 0.0802 0.0560 0.1487 
        D476  2 0.1928 0.5905 0.0349 0.1818 
        D477  2 0.7080 0.0668 0.1430 0.0822 
        D478  2 0.2541 0.2793 0.3656 0.1010 
        D480  2 0.5776 0.0500 0.1094 0.2630 
        D481  2 0.5589 0.1598 0.1532 0.1281 
        D482  2 0.1125 0.1840 0.3711 0.3324 
        D483  2 0.0375 0.0335 0.0654 0.8636 
        D484  2 0.1822 0.1219 0.4134 0.2824 
        D510  2 0.0468 0.0374 0.8323 0.0835 
        D511  2 0.6865 0.0819 0.0523 0.1793 
        D512  2 0.1028 0.6845 0.0569 0.1558 
        D513  2 0.2675 0.1233 0.1064 0.5028 
        D635  2 0.7431 0.1712 0.0348 0.0509 
        D636  2 0.0738 0.8591 0.0391 0.0279 
        D637  2 0.1508 0.1082 0.2747 0.4663 
        D658  2 0.0595 0.1062 0.2579 0.5765 
        D659  2 0.8513 0.0457 0.0443 0.0588 
        D677  2 0.3884 0.3138 0.0958 0.2020 
        D678  2 0.0515 0.0766 0.0818 0.7901 
        D679  2 0.6360 0.0710 0.1032 0.1897 
        D719  2 0.3873 0.0397 0.3756 0.1974 
        D720  2 0.7168 0.0883 0.1410 0.0540 
        D721  2 0.3290 0.4504 0.0573 0.1632 
        D722  2 0.0441 0.0682 0.8239 0.0637 
        D734  2 0.1680 0.0328 0.5039 0.2953 
        D735  2 0.5244 0.1432 0.1348 0.1976 
        D736  2 0.2319 0.1095 0.3775 0.2811 
        D737  2 0.0760 0.1065 0.1192 0.6984 
        D807  2 0.3416 0.0884 0.4149 0.1550 
        D808  2 0.2282 0.4782 0.0659 0.2277 
        D817  2 0.5951 0.1147 0.2274 0.0628 
        D818  2 0.2607 0.1484 0.0713 0.5197 
        D819  2 0.4830 0.2695 0.1609 0.0866 
        D820  2 0.8635 0.0360 0.0387 0.0618 
        D895  2 0.6779 0.1807 0.0703 0.0710 
        D896  2 0.0358 0.8559 0.0775 0.0308 
        D897  2 0.0750 0.0815 0.0703 0.7733 
        D898  2 0.2703 0.2784 0.2707 0.1806 
        D918  2 0.1527 0.3988 0.1677 0.2809 
        D919  2 0.5860 0.0763 0.0544 0.2833 
        D920  2 0.0461 0.8360 0.0757 0.0422 
        D923  2 0.8396 0.0484 0.0637 0.0483 
        D930  2 0.4207 0.1681 0.3026 0.1087 
        D931  2 0.5810 0.0818 0.1329 0.2043 
        D968  2 0.0608 0.0280 0.0252 0.8860 
        D969  2 0.5501 0.0564 0.0686 0.3250 
        D977  2 0.1032 0.0558 0.0449 0.7962 
        D978  2 0.1103 0.0791 0.0902 0.7204 
        D211  3 0.1424 0.6829 0.0821 0.0926 
     D229639  3 0.0830 0.0588 0.1932 0.6651 
     D237212  3 0.3607 0.1964 0.0975 0.3454 
     D237213  3 0.2998 0.4588 0.1060 0.1355 
     D237214  3 0.1264 0.7313 0.0974 0.0449 
     D237215  3 0.0309 0.0277 0.1448 0.7966 
     D237216  3 0.2244 0.4200 0.0898 0.2658 
     D237217  3 0.2105 0.6391 0.0342 0.1162 
     D237218  3 0.2920 0.1114 0.0532 0.5434 
     D237219  3 0.0818 0.4877 0.2646 0.1659 
     D237382  3 0.2004 0.2726 0.4174 0.1096 
     D244127  3 0.0947 0.6831 0.0581 0.1641 
     D244129  3 0.3937 0.3375 0.1048 0.1640 
     D244133  3 0.1298 0.2451 0.3921 0.2329 
     D244134  3 0.1053 0.1469 0.2860 0.4618 
     D244135  3 0.1166 0.7310 0.0392 0.1132 
     D244136  3 0.2642 0.1228 0.4705 0.1425 
        D416  3 0.3443 0.2027 0.0672 0.3858 
        D417  3 0.7356 0.1365 0.0722 0.0557 
        D419  3 0.2535 0.2810 0.1716 0.2939 
        D565  3 0.0938 0.0360 0.8285 0.0417 
        D566  3 0.1044 0.0673 0.4088 0.4195 
        D567  3 0.7511 0.1334 0.0590 0.0565 
        D568  3 0.3755 0.3231 0.0496 0.2518 
        D569  3 0.2885 0.1952 0.1528 0.3636 
        D573  3 0.2876 0.0610 0.0336 0.6178 
        D574  3 0.0919 0.1412 0.6863 0.0807 
        D575  3 0.2676 0.2606 0.3074 0.1643 
        D576  3 0.0187 0.0452 0.0986 0.8376 
        D577  3 0.6535 0.1356 0.1512 0.0597 
        D578  3 0.0316 0.8967 0.0282 0.0436 
        D579  3 0.4148 0.1158 0.2384 0.2310 
        D660  3 0.0709 0.2567 0.0764 0.5960 
        D661  3 0.0887 0.0927 0.0356 0.7831 
        D663  3 0.1041 0.0536 0.0661 0.7763 
        D664  3 0.0436 0.3524 0.3981 0.2059 
        D665  3 0.0875 0.6876 0.0677 0.1571 
        D666  3 0.1944 0.2979 0.3746 0.1330 
        D009  4 0.3133 0.5472 0.0825 0.0571 
        D057  4 0.1711 0.2528 0.0672 0.5090 
        D109  4 0.0903 0.7116 0.1396 0.0584 
     D237222  4 0.0743 0.6245 0.2234 0.0778 
     D237223  4 0.1097 0.4859 0.2133 0.1911 
     D237224  4 0.3618 0.0763 0.0991 0.4628 
     D237225  4 0.3736 0.3935 0.1006 0.1323 
     D237299  4 0.0384 0.7682 0.0927 0.1007 
     D237300  4 0.0340 0.0564 0.0829 0.8267 
     D237306  4 0.1154 0.1170 0.7088 0.0587 
     D237307  4 0.3243 0.1099 0.4240 0.1418 
     D237308  4 0.1361 0.1176 0.1664 0.5799 
     D237309  4 0.4341 0.3801 0.0758 0.1101 
     D237317  4 0.3099 0.0887 0.5374 0.0640 
     D237318  4 0.0418 0.0300 0.0405 0.8877 
     D237319  4 0.2061 0.4648 0.1568 0.1724 
     D237320  4 0.1726 0.3943 0.0955 0.3375 
     D237321  4 0.1033 0.0884 0.1009 0.7074 
     D237397  4 0.1115 0.2293 0.3002 0.3590 
     D237398  4 0.2264 0.0907 0.0408 0.6421 
     D237399  4 0.2797 0.1899 0.3007 0.2297 
     D244001  4 0.1054 0.6742 0.0881 0.1324 
        D289  4 0.4076 0.0879 0.2809 0.2237 
        D290  4 0.2483 0.1755 0.3866 0.1896 
        D294  4 0.3771 0.1262 0.2208 0.2759 
        D295  4 0.4452 0.2068 0.2416 0.1065 
        D301  4 0.0389 0.7243 0.0891 0.1478 
        D302  4 0.8258 0.0582 0.0696 0.0464 
        D303  4 0.0783 0.0810 0.7344 0.1063 
        D304  4 0.1932 0.0904 0.4366 0.2798 
        D305  4 0.2811 0.2977 0.0473 0.3739 
        D306  4 0.1971 0.1916 0.5310 0.0804 
        D307  4 0.0355 0.7568 0.1230 0.0847 
        D327  4 0.6600 0.0872 0.1587 0.0941 
        D328  4 0.0849 0.0808 0.7660 0.0683 
        D329  4 0.2430 0.1453 0.1404 0.4713 
        D330  4 0.5158 0.3670 0.0624 0.0548 
        D331  4 0.2566 0.2231 0.2921 0.2282 
        D333  4 0.1739 0.2191 0.3649 0.2421 
        D334  4 0.1599 0.0971 0.6766 0.0665 
        D335  4 0.7660 0.0518 0.1143 0.0678 
        D370  4 0.0999 0.2118 0.6173 0.0709 
        D371  4 0.1503 0.0341 0.7642 0.0514 
        D372  4 0.0328 0.0400 0.0540 0.8732 
        D373  4 0.0679 0.6976 0.0487 0.1857 
        D455  4 0.0748 0.7775 0.0529 0.0948 
        D490  4 0.0463 0.8777 0.0490 0.0269 
        D497  4 0.0608 0.8323 0.0479 0.0591 
        D498  4 0.1184 0.2501 0.4625 0.1690 
        D499  4 0.1093 0.1040 0.2644 0.5223 
        D514  4 0.7053 0.1184 0.0983 0.0780 
        D515  4 0.1171 0.6372 0.1655 0.0802 
        D516  4 0.2691 0.2865 0.2467 0.1977 
        D517  4 0.1059 0.7212 0.0426 0.1302 
        D518  4 0.2465 0.2854 0.3042 0.1640 
        D519  4 0.0924 0.6426 0.0725 0.1925 
        D560  4 0.1516 0.5372 0.0671 0.2441 
        D561  4 0.2459 0.6601 0.0333 0.0607 
        D562  4 0.2240 0.3243 0.2301 0.2216 
        D563  4 0.2284 0.1228 0.0526 0.5961 
        D572  4 0.5338 0.1653 0.1827 0.1182 
        D629  4 0.5923 0.2517 0.0894 0.0666 
        D630  4 0.2940 0.2509 0.2800 0.1750 
        D631  4 0.2080 0.1447 0.1282 0.5191 
        D632  4 0.1621 0.5424 0.0653 0.2302 
        D646  4 0.3898 0.3865 0.0653 0.1585 
        D647  4 0.5870 0.2545 0.0563 0.1022 
        D648  4 0.0512 0.0599 0.8036 0.0853 
        D649  4 0.6607 0.2226 0.0670 0.0496 
        D650  4 0.3365 0.2716 0.2702 0.1216 
        D708  4 0.1236 0.1154 0.6439 0.1171 
        D709  4 0.1806 0.1934 0.5264 0.0995 
        D738  4 0.1469 0.1807 0.6189 0.0535 
        D739  4 0.1541 0.4848 0.1985 0.1625 
        D740  4 0.0936 0.3064 0.2235 0.3765 
        D741  4 0.3480 0.3198 0.0571 0.2751 
        D742  4 0.1191 0.1304 0.1592 0.5913 
        D743  4 0.7522 0.0542 0.0743 0.1193 
        D744  4 0.6212 0.1057 0.0709 0.2022 
        D745  4 0.0676 0.7769 0.0646 0.0909 
        D814  4 0.1403 0.1513 0.0635 0.6449 
        D815  4 0.5609 0.1032 0.2231 0.1127 
        D828  4 0.0428 0.0865 0.6474 0.2233 
        D845  4 0.0648 0.0292 0.0600 0.8461 
        D846  4 0.4534 0.1571 0.0460 0.3434 
        D847  4 0.2682 0.3278 0.1820 0.2220 
        D848  4 0.0491 0.5804 0.0359 0.3346 
        D849  4 0.1081 0.7426 0.0678 0.0815 
        D850  4 0.3575 0.2912 0.1734 0.1780 
        D856  4 0.1985 0.5354 0.1841 0.0819 
        D857  4 0.0231 0.8047 0.0942 0.0780 
        D859  4 0.4115 0.1075 0.1970 0.2840 
        D860  4 0.3169 0.0456 0.3707 0.2667 
        D883  4 0.3721 0.2476 0.2990 0.0813 
        D884  4 0.1625 0.3464 0.4194 0.0718 
        D885  4 0.3256 0.1857 0.0693 0.4194 
        D886  4 0.3084 0.4791 0.0997 0.1127 
        D887  4 0.2361 0.1425 0.1368 0.4846 
        D889  4 0.1845 0.0703 0.2163 0.5289 
        D890  4 0.1314 0.1571 0.6055 0.1060 
        D891  4 0.0324 0.0238 0.0230 0.9208 
        D899  4 0.1021 0.0569 0.2084 0.6326 
        D900  4 0.4365 0.2228 0.1996 0.1411 
        D970  4 0.4790 0.1423 0.1347 0.2440 
        D971  4 0.2365 0.1040 0.1355 0.5240 
        D979  4 0.7398 0.0430 0.1444 0.0728 
        D093  5 0.0752 0.0849 0.7367 0.1032 
        D154  5 0.0852 0.1010 0.1920 0.6219 
        D168  5 0.2104 0.2651 0.0628 0.4618 
        D189  5 0.0835 0.0793 0.6143 0.2229 
        D190  5 0.0641 0.0375 0.8163 0.0822 
     D237220  5 0.1268 0.5082 0.1753 0.1897 
     D237221  5 0.2040 0.1049 0.4018 0.2893 
     D237274  5 0.8554 0.0427 0.0552 0.0467 
     D237275  5 0.0385 0.0560 0.0612 0.8443 
     D237276  5 0.1480 0.2410 0.5101 0.1008 
     D237277  5 0.0910 0.0526 0.5684 0.2880 
     D237278  5 0.0958 0.1733 0.2496 0.4812 
     D237279  5 0.2213 0.6911 0.0423 0.0453 
     D237280  5 0.3408 0.4423 0.1570 0.0599 
     D237281  5 0.0827 0.0378 0.0413 0.8382 
     D237351  5 0.0695 0.6531 0.1906 0.0868 
     D237352  5 0.3361 0.3695 0.1775 0.1170 
     D237353  5 0.0553 0.0391 0.8323 0.0732 
     D237359  5 0.1952 0.3635 0.1250 0.3163 
     D237361  5 0.0418 0.0369 0.8771 0.0442 
     D237362  5 0.3507 0.1295 0.3611 0.1587 
     D237363  5 0.1845 0.2996 0.1818 0.3342 
     D237364  5 0.2710 0.2729 0.0562 0.3998 
     D237376  5 0.0288 0.0429 0.8569 0.0714 
     D237377  5 0.5705 0.2233 0.1205 0.0857 
     D237378  5 0.0409 0.0570 0.7109 0.1912 
     D237379  5 0.0827 0.1019 0.6935 0.1220 
     D237380  5 0.0675 0.5811 0.3196 0.0318 
     D237381  5 0.1548 0.5726 0.1734 0.0992 
     D237391  5 0.1211 0.0829 0.6964 0.0996 
     D237392  5 0.6554 0.0990 0.1116 0.1340 
     D237393  5 0.4988 0.1080 0.2928 0.1003 
     D237394  5 0.0707 0.0403 0.8629 0.0261 
     D237395  5 0.0701 0.1881 0.5682 0.1736 
     D237396  5 0.7001 0.1162 0.0743 0.1093 
     D244016  5 0.2218 0.0987 0.4457 0.2338 
     D244018  5 0.1256 0.1644 0.2332 0.4768 
     D244019  5 0.4830 0.0800 0.1808 0.2562 
        D279  5 0.0801 0.1161 0.0835 0.7204 
        D280  5 0.3489 0.1390 0.2553 0.2568 
        D281  5 0.0664 0.0400 0.1000 0.7936 
        D283  5 0.4336 0.0499 0.3911 0.1254 
        D284  5 0.1112 0.5627 0.1135 0.2126 
        D285  5 0.1951 0.1242 0.5245 0.1563 
        D286  5 0.1957 0.1466 0.5178 0.1400 
        D287  5 0.0426 0.0862 0.8129 0.0582 
        D288  5 0.4394 0.0693 0.1902 0.3011 
        D308  5 0.1497 0.7588 0.0598 0.0317 
        D309  5 0.8403 0.0760 0.0472 0.0366 
        D310  5 0.0518 0.0337 0.8766 0.0379 
        D311  5 0.2024 0.0870 0.5886 0.1220 
        D312  5 0.2011 0.1202 0.5735 0.1052 
        D313  5 0.0266 0.9096 0.0423 0.0215 
        D314  5 0.0607 0.2080 0.2820 0.4493 
        D315  5 0.2923 0.1254 0.4731 0.1092 
        D317  5 0.0612 0.0407 0.8453 0.0529 
        D318  5 0.3766 0.2463 0.1930 0.1841 
        D319  5 0.0368 0.0356 0.8744 0.0532 
        D320  5 0.0760 0.0639 0.7913 0.0688 
        D321  5 0.1361 0.6451 0.1193 0.0994 
        D336  5 0.0448 0.0267 0.8984 0.0301 
        D337  5 0.0474 0.0214 0.8732 0.0580 
        D338  5 0.2403 0.2943 0.1988 0.2666 
        D339  5 0.0727 0.0930 0.6672 0.1670 
        D347  5 0.3797 0.0629 0.3564 0.2011 
        D348  5 0.0843 0.0289 0.8302 0.0566 
        D349  5 0.0617 0.7520 0.1260 0.0603 
        D350  5 0.6814 0.1031 0.0800 0.1356 
        D355  5 0.2908 0.0532 0.0825 0.5735 
        D356  5 0.2808 0.1369 0.5152 0.0671 
        D357  5 0.1593 0.2054 0.4576 0.1776 
        D358  5 0.2249 0.1397 0.5367 0.0987 
        D359  5 0.5014 0.0458 0.4156 0.0372 
        D360  5 0.1824 0.1423 0.6262 0.0491 
        D361  5 0.0602 0.8383 0.0576 0.0439 
        D366  5 0.6867 0.0797 0.0448 0.1888 
        D367  5 0.0431 0.0634 0.8487 0.0447 
        D368  5 0.1541 0.3898 0.3736 0.0825 
        D380  5 0.6654 0.1533 0.0694 0.1119 
        D381  5 0.2153 0.0934 0.5675 0.1238 
        D400  5 0.1167 0.0860 0.4948 0.3025 
        D411  5 0.0366 0.8890 0.0324 0.0420 
        D412  5 0.2200 0.2147 0.2348 0.3305 
        D413  5 0.1086 0.1074 0.0570 0.7270 
        D414  5 0.2360 0.0924 0.1098 0.5617 
        D420  5 0.1011 0.4439 0.2212 0.2337 
        D431  5 0.0466 0.2042 0.3987 0.3505 
        D432  5 0.1361 0.1442 0.4893 0.2303 
        D433  5 0.1059 0.0672 0.6469 0.1800 
        D434  5 0.2900 0.1166 0.5015 0.0919 
        D440  5 0.6912 0.1491 0.0648 0.0949 
        D447  5 0.7383 0.1272 0.0502 0.0842 
        D448  5 0.0943 0.0363 0.7770 0.0925 
        D459  5 0.1851 0.0386 0.0655 0.7108 
        D460  5 0.2109 0.6367 0.1064 0.0459 
        D461  5 0.8571 0.0398 0.0556 0.0475 
        D468  5 0.2814 0.1536 0.4673 0.0977 
        D469  5 0.5302 0.1768 0.2019 0.0910 
        D470  5 0.1370 0.3389 0.4255 0.0985 
        D471  5 0.0814 0.0347 0.7658 0.1181 
        D472  5 0.7350 0.0361 0.0301 0.1987 
        D479  5 0.0675 0.0587 0.0720 0.8018 
        D485  5 0.1269 0.1298 0.5896 0.1537 
        D486  5 0.2229 0.3197 0.3812 0.0763 
        D487  5 0.0596 0.0849 0.2805 0.5750 
        D555  5 0.0516 0.0390 0.8313 0.0780 
        D556  5 0.1280 0.1162 0.4245 0.3312 
        D557  5 0.1104 0.0341 0.7768 0.0787 
        D564  5 0.1758 0.1915 0.5574 0.0752 
        D594  5 0.4295 0.1264 0.3196 0.1244 
        D595  5 0.2544 0.1035 0.4829 0.1592 
        D596  5 0.0454 0.0424 0.8588 0.0534 
        D597  5 0.2757 0.0500 0.2944 0.3798 
        D598  5 0.1625 0.1955 0.4857 0.1563 
        D617  5 0.0569 0.6872 0.0518 0.2041 
        D618  5 0.1636 0.0797 0.4964 0.2603 
        D619  5 0.3572 0.2480 0.3345 0.0603 
        D620  5 0.0714 0.0334 0.0365 0.8587 
        D628  5 0.2390 0.2113 0.3706 0.1791 
        D714  5 0.0498 0.0645 0.5232 0.3624 
        D715  5 0.1972 0.0519 0.5696 0.1813 
        D716  5 0.2347 0.0816 0.4174 0.2663 
        D717  5 0.5610 0.1554 0.1859 0.0977 
        D718  5 0.0521 0.3187 0.5037 0.1254 
        D769  5 0.0616 0.6779 0.0772 0.1833 
        D770  5 0.1165 0.0723 0.3129 0.4982 
        D771  5 0.1376 0.1735 0.2482 0.4407 
        D772  5 0.1604 0.0754 0.6489 0.1153 
        D782  5 0.2324 0.4600 0.0654 0.2421 
        D783  5 0.1048 0.0720 0.2192 0.6040 
        D784  5 0.7072 0.0847 0.1112 0.0969 
        D785  5 0.0892 0.0916 0.7644 0.0548 
        D786  5 0.2848 0.5622 0.0738 0.0793 
        D821  5 0.0356 0.0272 0.8960 0.0412 
        D822  5 0.6292 0.0654 0.2031 0.1022 
        D826  5 0.1162 0.0658 0.3748 0.4432 
        D827  5 0.6732 0.0902 0.1149 0.1218 
        D851  5 0.3571 0.2495 0.2132 0.1802 
        D852  5 0.0867 0.1248 0.2367 0.5518 
        D853  5 0.1722 0.1014 0.5623 0.1641 
        D854  5 0.3520 0.1820 0.1115 0.3546 
        D861  5 0.1849 0.1738 0.3191 0.3222 
        D862  5 0.3400 0.0765 0.5335 0.0500 
        D865  5 0.0599 0.0679 0.7661 0.1061 
        D868  5 0.6951 0.0933 0.1279 0.0837 
        D869  5 0.0763 0.7987 0.0848 0.0402 
        D870  5 0.1808 0.7268 0.0367 0.0557 
        D907  5 0.0613 0.0833 0.8034 0.0520 
        D908  5 0.0548 0.0670 0.2493 0.6289 
        D910  5 0.1074 0.0448 0.4756 0.3722 
        D911  5 0.1758 0.0531 0.0831 0.6880 
        D934  5 0.1515 0.0715 0.2063 0.5706 
        D946  5 0.0647 0.1649 0.3172 0.4532 
        D947  5 0.4039 0.1826 0.1854 0.2281 
        D948  5 0.1148 0.6671 0.1763 0.0417 
        D949  5 0.0965 0.7139 0.1463 0.0433 
        D950  5 0.1711 0.0359 0.0522 0.7408 
        D951  5 0.7098 0.1062 0.1444 0.0395 
        D952  5 0.6819 0.0684 0.1480 0.1017 
        D953  5 0.1633 0.0963 0.6340 0.1064 
        D954  5 0.5507 0.0851 0.3088 0.0553 
        D961  5 0.0578 0.1241 0.6903 0.1278 
        D962  5 0.1055 0.0431 0.8239 0.0276 
        D963  5 0.4648 0.0600 0.3584 0.1168 
        D964  5 0.1384 0.3093 0.2533 0.2990 
        D965  5 0.2376 0.1834 0.3877 0.1913 
        D966  5 0.2600 0.0616 0.4208 0.2576 
        D967  5 0.1543 0.1947 0.2909 0.3601 
        D991  5 0.2114 0.3407 0.3535 0.0944 
        D502  6 0.1047 0.3596 0.1063 0.4294 
        D503  6 0.0612 0.3210 0.0685 0.5493 
        D504  6 0.5734 0.1368 0.1438 0.1460 
        D505  6 0.1975 0.1577 0.4151 0.2297 
        D506  6 0.0482 0.0368 0.8735 0.0415 
        D507  6 0.1886 0.2647 0.1062 0.4405 
        D508  6 0.5061 0.1260 0.1406 0.2273 
        D529  6 0.2592 0.2964 0.2671 0.1772 
        D530  6 0.0557 0.1344 0.7163 0.0936 
        D531  6 0.3954 0.1493 0.2916 0.1637 
        D532  6 0.2876 0.0763 0.5162 0.1198 
        D534  6 0.0923 0.8113 0.0411 0.0553 
        D535  6 0.3104 0.1122 0.5248 0.0526 
        D536  6 0.0536 0.1249 0.0409 0.7807 
        D554  6 0.0790 0.1367 0.7128 0.0715 
        D587  6 0.1419 0.0730 0.7036 0.0815 
        D588  6 0.4235 0.0827 0.4165 0.0773 
        D589  6 0.0949 0.1387 0.2002 0.5663 
        D590  6 0.0994 0.1002 0.0745 0.7260 
        D591  6 0.1789 0.2647 0.2044 0.3520 
        D592  6 0.0949 0.7212 0.0892 0.0946 
        D593  6 0.0361 0.0844 0.8066 0.0729 
        D682  6 0.0598 0.0623 0.8156 0.0622 
        D683  6 0.6013 0.1192 0.2208 0.0587 
        D684  6 0.1441 0.4335 0.0307 0.3917 
        D685  6 0.0556 0.3407 0.1909 0.4128 
        D686  6 0.0793 0.0751 0.7974 0.0482 
        D724  6 0.4625 0.2691 0.0854 0.1829 
        D725  6 0.1014 0.1524 0.4529 0.2932 
        D726  6 0.0461 0.0441 0.8648 0.0450 
        D727  6 0.4193 0.1309 0.1443 0.3056 
        D728  6 0.0683 0.0799 0.8040 0.0478 
        D729  6 0.4045 0.4582 0.0388 0.0986 
        D730  6 0.2357 0.3908 0.0970 0.2765 
        D731  6 0.0310 0.0348 0.6259 0.3083 
        D732  6 0.5689 0.1290 0.1844 0.1177 
        D733  6 0.2474 0.2910 0.2807 0.1810 
     D237251  7 0.0735 0.0938 0.1710 0.6617 
     D237252  7 0.0818 0.5199 0.0790 0.3193 
     D237253  7 0.1164 0.0974 0.2859 0.5002 
     D237254  7 0.0452 0.8596 0.0332 0.0620 
     D237255  7 0.0610 0.0559 0.0800 0.8031 
     D237256  7 0.1575 0.0574 0.1204 0.6647 
     D237257  7 0.1702 0.5835 0.1090 0.1374 
     D237282  7 0.7664 0.1134 0.0400 0.0803 
     D237283  7 0.0272 0.8440 0.0394 0.0893 
     D237284  7 0.0953 0.7880 0.0519 0.0648 
     D237285  7 0.1212 0.1026 0.5518 0.2244 
     D237286  7 0.3979 0.1507 0.2700 0.1814 
     D237287  7 0.2406 0.1491 0.1082 0.5021 
     D244006  7 0.0646 0.8579 0.0383 0.0393 
     D244007  7 0.3255 0.1807 0.0913 0.4026 
     D244008  7 0.0437 0.7899 0.1025 0.0639 
     D244009  7 0.1464 0.5885 0.1980 0.0672 
     D244010  7 0.1071 0.5754 0.1333 0.1843 
     D244011  7 0.1102 0.1939 0.3444 0.3516 
     D244012  7 0.2175 0.2691 0.0994 0.4140 
     D244013  7 0.2100 0.1085 0.1899 0.4916 
     D244014  7 0.1360 0.3490 0.1212 0.3938 
     D244015  7 0.2406 0.5654 0.0869 0.1071 
     D244125  7 0.3366 0.0740 0.2737 0.3157 
     D244126  7 0.0381 0.8892 0.0268 0.0460 
     D244130  7 0.1512 0.5045 0.1932 0.1511 
     D244131  7 0.3869 0.2286 0.2748 0.1096 
     D244132  7 0.4118 0.0817 0.4343 0.0721 
        D520  7 0.0983 0.4715 0.3510 0.0793 
        D521  7 0.2903 0.2783 0.2528 0.1787 
        D522  7 0.2901 0.5153 0.0993 0.0952 
        D523  7 0.0667 0.0714 0.1024 0.7595 
        D524  7 0.1113 0.1712 0.2523 0.4652 
        D525  7 0.0765 0.5503 0.0551 0.3181 
        D526  7 0.0664 0.8479 0.0295 0.0563 
        D527  7 0.3930 0.2209 0.1571 0.2290 
        D528  7 0.2895 0.6561 0.0303 0.0241 
        D558  7 0.5251 0.2307 0.0705 0.1737 
        D559  7 0.5423 0.1830 0.0377 0.2370 
        D640  7 0.2309 0.1113 0.3468 0.3109 
        D641  7 0.0646 0.2290 0.4111 0.2953 
        D642  7 0.1136 0.5962 0.1160 0.1741 
        D644  7 0.1364 0.2967 0.3898 0.1772 
        D645  7 0.1419 0.2233 0.1942 0.4407 
        D662  7 0.3107 0.4793 0.1738 0.0362 
        D687  7 0.2054 0.1412 0.1665 0.4869 
        D688  7 0.4862 0.2754 0.0620 0.1763 
        D689  7 0.2955 0.1474 0.3091 0.2480 
        D700  7 0.3230 0.6228 0.0252 0.0290 
        D797  7 0.2559 0.1669 0.2966 0.2806 
        D798  7 0.1509 0.7076 0.0889 0.0526 
        D799  7 0.0890 0.2198 0.0648 0.6264 
        D800  7 0.6245 0.1216 0.0682 0.1857 
        D132  8 0.0601 0.8433 0.0587 0.0378 
        D133  8 0.0279 0.0945 0.0263 0.8513 
        D200  8 0.1377 0.1843 0.3541 0.3240 
        D500  8 0.0458 0.8780 0.0528 0.0233 
        D614  8 0.1197 0.1987 0.5924 0.0892 
        D723  8 0.4362 0.3183 0.1034 0.1421 
        D888  8 0.0757 0.0472 0.0534 0.8237 
        D901  8 0.0419 0.6347 0.1662 0.1572 
        D902  8 0.0583 0.0862 0.7968 0.0587 
        D903  8 0.6692 0.0526 0.1775 0.1007 
        D904  8 0.4963 0.2130 0.1496 0.1411 
        D905  8 0.0295 0.0337 0.1843 0.7526 
        D906  8 0.2104 0.1384 0.0484 0.6028 
        D937  8 0.0279 0.0547 0.8448 0.0726 
        D943  8 0.2277 0.4416 0.1026 0.2281 
        D972  8 0.3253 0.4434 0.1136 0.1177 
        D973  8 0.6555 0.1818 0.1124 0.0503 
        D974  8 0.2178 0.2578 0.3494 0.1750 
        D975  8 0.1298 0.1665 0.4811 0.2225 
        D976  8 0.1216 0.2764 0.3385 0.2635 
        D201  9 0.1362 0.1397 0.0898 0.6343 
        D202  9 0.0591 0.2281 0.2040 0.5088 
     D237259  9 0.4823 0.3651 0.0406 0.1120 
     D237260  9 0.0341 0.2497 0.0738 0.6424 
     D237262  9 0.0604 0.8553 0.0469 0.0374 
     D237263  9 0.1277 0.5686 0.0607 0.2429 
     D237264  9 0.1543 0.3459 0.2698 0.2300 
     D237265  9 0.0435 0.1087 0.0854 0.7624 
     D237266  9 0.1059 0.2533 0.0432 0.5976 
     D237267  9 0.0939 0.3278 0.4660 0.1124 
     D237268  9 0.1794 0.5816 0.1592 0.0799 
     D237289  9 0.0544 0.1139 0.3598 0.4719 
     D237290  9 0.0440 0.0687 0.0363 0.8510 
     D237291  9 0.0682 0.0934 0.0841 0.7544 
     D237292  9 0.0604 0.3048 0.0595 0.5753 
     D237293  9 0.1601 0.3376 0.3530 0.1494 
     D237294  9 0.0387 0.5264 0.1292 0.3056 
     D237295  9 0.3189 0.3148 0.3093 0.0570 
     D237296  9 0.1362 0.3388 0.2511 0.2739 
     D237297  9 0.0749 0.0880 0.7460 0.0911 
     D237298  9 0.3385 0.2619 0.1044 0.2952 
     D237341  9 0.2093 0.1615 0.1125 0.5167 
     D237342  9 0.0734 0.6416 0.1711 0.1139 
     D237343  9 0.1380 0.3993 0.0894 0.3732 
     D237344  9 0.0878 0.1438 0.5415 0.2269 
     D237345  9 0.0620 0.8464 0.0361 0.0556 
     D237346  9 0.0638 0.1601 0.1988 0.5773 
     D237347  9 0.1401 0.1186 0.4743 0.2670 
     D237348  9 0.1708 0.3383 0.2689 0.2220 
     D237349  9 0.4412 0.2095 0.0397 0.3095 
     D244109  9 0.1700 0.2377 0.0266 0.5658 
     D244110  9 0.0949 0.1462 0.0406 0.7183 
     D244111  9 0.2802 0.1992 0.1619 0.3587 
     D244128  9 0.0677 0.7896 0.0638 0.0788 
     D244137  9 0.6746 0.1691 0.0826 0.0737 
     D244138  9 0.0790 0.1902 0.2491 0.4817 
        D580  9 0.0643 0.7998 0.0996 0.0363 
        D581  9 0.0394 0.0710 0.0400 0.8496 
        D582  9 0.0365 0.8835 0.0461 0.0338 
        D583  9 0.0347 0.1032 0.0424 0.8196 
        D584  9 0.0462 0.2727 0.6133 0.0678 
        D585  9 0.0761 0.6405 0.0469 0.2365 
        D586  9 0.0536 0.0557 0.0982 0.7925 
        D651  9 0.5260 0.1164 0.1677 0.1898 
        D652  9 0.3916 0.4271 0.0413 0.1399 
        D653  9 0.3658 0.1049 0.1019 0.4274 
        D654  9 0.4074 0.2092 0.0579 0.3254 
        D655  9 0.1896 0.1209 0.3082 0.3814 
        D656  9 0.0970 0.7747 0.0823 0.0460 
        D657  9 0.1675 0.3933 0.1859 0.2533 
        D667  9 0.1220 0.0780 0.5258 0.2742 
        D668  9 0.0927 0.4779 0.1660 0.2635 
        D669  9 0.0828 0.1641 0.0900 0.6631 
        D670  9 0.7223 0.1109 0.0798 0.0870 
        D671  9 0.0793 0.1330 0.0842 0.7035 
        D672  9 0.0641 0.7253 0.0688 0.1418 
        D673  9 0.1610 0.2744 0.3554 0.2092 
        D692  9 0.0802 0.6197 0.0604 0.2396 
        D693  9 0.1822 0.2831 0.3806 0.1542 
        D694  9 0.0497 0.7620 0.0966 0.0916 
        D695  9 0.3092 0.4842 0.0955 0.1111 
        D696  9 0.0322 0.0290 0.9067 0.0320 
        D697  9 0.1869 0.1435 0.4143 0.2553 
        D698  9 0.0619 0.0994 0.3859 0.4529 
        D699  9 0.0417 0.1185 0.6649 0.1749 
        D787  9 0.5269 0.2636 0.0541 0.1554 
        D788  9 0.0789 0.1596 0.7022 0.0593 
        D789  9 0.0611 0.3486 0.3864 0.2040 
        D790  9 0.2670 0.3019 0.1181 0.3130 
        D791  9 0.0512 0.0977 0.2273 0.6239 
        D792  9 0.5010 0.2062 0.0499 0.2430 
        D793  9 0.2627 0.0773 0.5333 0.1266 
        D794  9 0.3128 0.1207 0.3894 0.1771 
        D795  9 0.0389 0.6756 0.1808 0.1047 
        D796  9 0.0679 0.1459 0.1596 0.6266 
        D142 10 0.1456 0.0761 0.6301 0.1482 
        D143 10 0.0642 0.0665 0.1483 0.7211 
        D144 10 0.2338 0.2421 0.3877 0.1365 
        D145 10 0.0704 0.0849 0.0521 0.7925 
        D146 10 0.0927 0.6791 0.1787 0.0495 
        D147 10 0.2138 0.4547 0.1707 0.1607 
        D148 10 0.2395 0.4861 0.1927 0.0817 
        D149 10 0.0766 0.0752 0.0420 0.8062 
        D151 10 0.0763 0.6519 0.0950 0.1768 
        D152 10 0.0273 0.0345 0.0301 0.9081 
        D153 10 0.4600 0.1167 0.3721 0.0513 
        D156 10 0.7212 0.0618 0.0796 0.1374 
        D157 10 0.0766 0.1869 0.6648 0.0716 
        D158 10 0.0468 0.2319 0.3686 0.3527 
        D159 10 0.0536 0.0380 0.0394 0.8689 
        D160 10 0.0275 0.0450 0.2476 0.6799 
        D161 10 0.4347 0.1456 0.2257 0.1941 
        D162 10 0.5185 0.0563 0.2100 0.2152 
        D169 10 0.0919 0.7900 0.0473 0.0708 
        D170 10 0.1103 0.6760 0.1508 0.0629 
        D171 10 0.1260 0.1277 0.6710 0.0753 
        D172 10 0.2581 0.2707 0.2096 0.2617 
        D173 10 0.0975 0.0561 0.0234 0.8230 
        D181 10 0.1938 0.0778 0.5666 0.1618 
        D182 10 0.2150 0.1893 0.0647 0.5309 
        D183 10 0.0804 0.0730 0.7989 0.0477 
        D184 10 0.1067 0.8460 0.0253 0.0221 
        D185 10 0.5254 0.2365 0.1538 0.0843 
        D186 10 0.0365 0.8105 0.0460 0.1070 
        D194 10 0.1878 0.5679 0.1344 0.1099 
        D195 10 0.2454 0.0714 0.2847 0.3984 
        D196 10 0.4709 0.0446 0.1540 0.3305 
        D197 10 0.0447 0.6564 0.0965 0.2024 
        D198 10 0.3844 0.3039 0.2735 0.0382 
     D237226 10 0.1040 0.2243 0.0538 0.6179 
     D237232 10 0.0783 0.1427 0.3876 0.3914 
     D237233 10 0.0550 0.0917 0.1967 0.6566 
     D237234 10 0.1473 0.1328 0.5306 0.1893 
     D237354 10 0.0327 0.0258 0.0317 0.9098 
     D237355 10 0.0701 0.0773 0.1132 0.7394 
     D237356 10 0.2913 0.1509 0.5098 0.0479 
     D237357 10 0.1354 0.3224 0.1235 0.4188 
     D237358 10 0.4352 0.3530 0.0833 0.1285 
     D237369 10 0.0789 0.8312 0.0324 0.0575 
     D237370 10 0.0477 0.0578 0.8032 0.0913 
     D237371 10 0.5369 0.2730 0.0968 0.0933 
     D237372 10 0.1419 0.4337 0.0543 0.3701 
     D237373 10 0.0776 0.0981 0.3900 0.4343 
     D237374 10 0.0413 0.0487 0.1731 0.7370 
     D237375 10 0.3165 0.2238 0.1367 0.3230 
     D237400 10 0.0315 0.0320 0.0430 0.8935 
     D244002 10 0.1514 0.7146 0.0475 0.0865 
     D244003 10 0.0217 0.0678 0.3359 0.5746 
     D244004 10 0.0198 0.0407 0.9083 0.0312 
     D244005 10 0.0797 0.2623 0.0617 0.5962 
     D244020 10 0.2753 0.1528 0.4467 0.1253 
     D244021 10 0.0835 0.4492 0.1283 0.3390 
     D244116 10 0.1762 0.5198 0.1748 0.1292 
     D244117 10 0.0693 0.0716 0.4662 0.3929 
     D244121 10 0.0453 0.0926 0.6449 0.2172 
     D244123 10 0.0816 0.1035 0.5074 0.3075 
     D244124 10 0.0466 0.3672 0.2056 0.3806 
        D332 10 0.7007 0.0662 0.1521 0.0811 
        D570 10 0.1097 0.0588 0.7816 0.0499 
        D602 10 0.8072 0.0639 0.0604 0.0684 
        D603 10 0.0831 0.2070 0.4683 0.2415 
        D604 10 0.4591 0.0701 0.1151 0.3557 
        D605 10 0.5773 0.1849 0.0985 0.1393 
        D606 10 0.0582 0.5822 0.3113 0.0484 
        D607 10 0.8561 0.0570 0.0413 0.0456 
        D608 10 0.0765 0.0271 0.0260 0.8704 
        D609 10 0.1770 0.0963 0.6861 0.0407 
        D610 10 0.3326 0.1706 0.3148 0.1819 
        D611 10 0.0326 0.0227 0.9209 0.0238 
        D613 10 0.5233 0.0715 0.2616 0.1436 
        D633 10 0.7642 0.0806 0.0505 0.1047 
        D634 10 0.1033 0.1665 0.5969 0.1333 
        D638 10 0.0362 0.0338 0.0538 0.8761 
        D681 10 0.0711 0.2427 0.5706 0.1156 
        D754 10 0.0370 0.4831 0.3749 0.1049 
        D755 10 0.0249 0.0481 0.3619 0.5651 
        D756 10 0.0585 0.1670 0.6283 0.1463 
        D757 10 0.2554 0.2370 0.1033 0.4043 
        D758 10 0.2052 0.2733 0.2731 0.2484 
        D759 10 0.0515 0.0684 0.3088 0.5713 
        D760 10 0.1265 0.1208 0.3980 0.3548 
        D761 10 0.0254 0.0323 0.0447 0.8976 
        D762 10 0.7302 0.0895 0.0895 0.0908 
        D775 10 0.0338 0.0728 0.6577 0.2356 
        D776 10 0.0330 0.0513 0.0829 0.8327 
        D777 10 0.0734 0.1981 0.4164 0.3121 
        D778 10 0.0490 0.1976 0.0473 0.7060 
        D779 10 0.0575 0.2463 0.5337 0.1626 
        D780 10 0.1911 0.0915 0.1625 0.5548 
        D781 10 0.5868 0.1258 0.1469 0.1405 
        D858 10 0.0396 0.8434 0.0244 0.0926 
        D933 10 0.3970 0.1140 0.2332 0.2558 
        D038 11 0.1547 0.1820 0.1505 0.5128 
        D063 11 0.0788 0.1031 0.3964 0.4217 
        D155 11 0.1572 0.1004 0.3979 0.3445 
        D175 11 0.0518 0.2999 0.5696 0.0787 
        D176 11 0.0400 0.0675 0.2014 0.6912 
        D205 11 0.0420 0.1471 0.7746 0.0363 
     D237229 11 0.3682 0.2611 0.0466 0.3241 
     D237230 11 0.6295 0.2047 0.0478 0.1180 
     D237231 11 0.7846 0.0570 0.0807 0.0777 
     D237269 11 0.4154 0.1540 0.1163 0.3142 
     D237270 11 0.1543 0.7037 0.0468 0.0952 
     D237271 11 0.1554 0.1431 0.6090 0.0925 
     D237272 11 0.5890 0.2274 0.0511 0.1325 
     D237273 11 0.0874 0.0862 0.6141 0.2123 
     D237301 11 0.7019 0.0563 0.1755 0.0662 
     D237302 11 0.1528 0.5215 0.1015 0.2242 
     D237303 11 0.1769 0.6069 0.0422 0.1739 
     D237304 11 0.3550 0.2564 0.2150 0.1736 
     D237305 11 0.0555 0.6518 0.1535 0.1392 
     D237314 11 0.1431 0.1997 0.3982 0.2591 
     D237315 11 0.1467 0.6378 0.0867 0.1288 
     D237316 11 0.7818 0.0564 0.1222 0.0395 
     D237328 11 0.3286 0.2993 0.3259 0.0462 
     D237329 11 0.1533 0.2968 0.1192 0.4306 
     D237330 11 0.0612 0.0582 0.6849 0.1957 
     D237331 11 0.2269 0.1083 0.3807 0.2841 
     D237332 11 0.3937 0.1316 0.3603 0.1144 
     D237333 11 0.0751 0.0453 0.3329 0.5467 
     D237334 11 0.7555 0.0722 0.1067 0.0656 
     D237335 11 0.3140 0.1934 0.3997 0.0929 
     D237336 11 0.0986 0.1863 0.1394 0.5756 
     D237350 11 0.1361 0.0605 0.6995 0.1039 
     D237383 11 0.0622 0.3585 0.2076 0.3717 
     D237384 11 0.6144 0.2218 0.0903 0.0735 
     D237385 11 0.2641 0.2626 0.2119 0.2615 
     D237386 11 0.5764 0.1146 0.1952 0.1139 
     D237387 11 0.6312 0.1798 0.1313 0.0578 
     D237388 11 0.0951 0.0526 0.7891 0.0633 
        D239 11 0.1751 0.0820 0.4173 0.3255 
        D240 11 0.0407 0.0747 0.0531 0.8315 
        D241 11 0.4439 0.3648 0.0506 0.1407 
        D242 11 0.5236 0.1267 0.1253 0.2244 
        D243 11 0.1308 0.1705 0.4974 0.2013 
        D244 11 0.0768 0.1417 0.7179 0.0636 
