        D174  1 0.0240 0.0511 0.0598 0.0890 0.4312 0.0690 0.1394 0.0165 0.1200 
        D199  1 0.1345 0.1268 0.2033 0.1468 0.1183 0.0865 0.0420 0.0533 0.0885 
        D203  1 0.0911 0.2109 0.2224 0.0629 0.0644 0.1023 0.0823 0.0467 0.1170 
        D204  1 0.0202 0.0433 0.7525 0.0273 0.0189 0.0162 0.0234 0.0679 0.0304 
     D237366  1 0.0618 0.0297 0.0515 0.0618 0.0510 0.5198 0.0805 0.0861 0.0577 
     D237367  1 0.0233 0.0978 0.2650 0.1644 0.0447 0.1985 0.0673 0.0496 0.0894 
     D237368  1 0.0277 0.0773 0.1222 0.0574 0.1227 0.4451 0.0615 0.0509 0.0352 
     D244101  1 0.1065 0.0919 0.1468 0.0859 0.0198 0.0209 0.0230 0.4741 0.0310 
     D244102  1 0.0702 0.0476 0.0814 0.0912 0.0430 0.0905 0.0786 0.0830 0.4145 
     D244103  1 0.0301 0.0428 0.1271 0.3716 0.0442 0.1554 0.1171 0.0516 0.0602 
     D244104  1 0.0490 0.0340 0.5929 0.0419 0.1139 0.0523 0.0678 0.0319 0.0163 
     D244105  1 0.0409 0.0300 0.0771 0.1166 0.0184 0.3099 0.3341 0.0260 0.0472 
     D244106  1 0.0538 0.0614 0.0682 0.0632 0.5000 0.0264 0.0992 0.0271 0.1008 
     D244107  1 0.0245 0.2129 0.0503 0.1625 0.0148 0.3017 0.1330 0.0775 0.0230 
     D244108  1 0.0439 0.0827 0.0849 0.0551 0.3532 0.0482 0.1773 0.0341 0.1205 
     D244113  1 0.0221 0.0501 0.0155 0.0471 0.3671 0.0316 0.0294 0.0948 0.3421 
     D244114  1 0.1660 0.0460 0.0742 0.2306 0.0865 0.0786 0.1902 0.0476 0.0803 
     D244115  1 0.0587 0.0611 0.1376 0.1989 0.2547 0.0683 0.1184 0.0289 0.0734 
     D267365  1 0.1897 0.0269 0.3544 0.0635 0.1701 0.0689 0.0332 0.0446 0.0486 
        D404  1 0.0204 0.0369 0.0252 0.0398 0.1648 0.0197 0.0390 0.0776 0.5766 
        D405  1 0.0369 0.0725 0.0717 0.0560 0.0571 0.0296 0.0573 0.0525 0.5664 
        D406  1 0.0180 0.0209 0.0974 0.0281 0.0479 0.6807 0.0330 0.0478 0.0262 
        D407  1 0.0157 0.1221 0.4456 0.1916 0.0251 0.1358 0.0223 0.0194 0.0223 
        D408  1 0.1553 0.0322 0.0509 0.0986 0.4628 0.0240 0.0514 0.0382 0.0867 
        D409  1 0.0507 0.0540 0.0801 0.5322 0.0444 0.0601 0.0893 0.0320 0.0572 
        D410  1 0.0191 0.2377 0.1319 0.0735 0.0412 0.0396 0.3671 0.0458 0.0441 
        D421  1 0.0168 0.0489 0.8322 0.0281 0.0207 0.0172 0.0151 0.0110 0.0100 
        D422  1 0.0251 0.0237 0.0441 0.0674 0.0127 0.7427 0.0499 0.0181 0.0164 
        D423  1 0.0170 0.3525 0.0479 0.0536 0.0249 0.0936 0.3529 0.0237 0.0339 
        D424  1 0.0159 0.0309 0.5767 0.1594 0.0402 0.0866 0.0409 0.0199 0.0296 
        D425  1 0.0541 0.0258 0.4332 0.1249 0.0966 0.0303 0.0683 0.0322 0.1347 
        D426  1 0.0814 0.0226 0.0357 0.7102 0.0268 0.0549 0.0399 0.0148 0.0137 
        D427  1 0.0257 0.3605 0.2399 0.0328 0.2638 0.0242 0.0249 0.0147 0.0135 
        D428  1 0.0285 0.0525 0.2741 0.1380 0.1694 0.1080 0.0447 0.0697 0.1151 
        D429  1 0.0728 0.0305 0.3231 0.0761 0.2049 0.0527 0.0895 0.0434 0.1069 
        D430  1 0.1234 0.0619 0.0726 0.2498 0.1144 0.0439 0.1444 0.0289 0.1607 
        D491  1 0.0369 0.0150 0.0648 0.0747 0.6454 0.0232 0.0708 0.0310 0.0382 
        D492  1 0.0235 0.1126 0.2072 0.1294 0.1431 0.1311 0.0702 0.0526 0.1302 
        D537  1 0.0155 0.0361 0.6235 0.0792 0.0244 0.0708 0.0381 0.0645 0.0479 
        D538  1 0.0428 0.1115 0.0441 0.1200 0.1096 0.1477 0.0807 0.0581 0.2854 
        D539  1 0.2639 0.0428 0.0443 0.0861 0.1362 0.0792 0.1846 0.0715 0.0914 
        D540  1 0.0718 0.0266 0.3196 0.2670 0.0476 0.0807 0.1060 0.0264 0.0543 
        D541  1 0.0208 0.0235 0.8477 0.0245 0.0156 0.0231 0.0158 0.0166 0.0124 
        D551  1 0.1381 0.0984 0.0435 0.3313 0.0264 0.1025 0.2082 0.0197 0.0319 
        D552  1 0.0657 0.0459 0.1330 0.0917 0.2006 0.1405 0.2102 0.0871 0.0253 
        D553  1 0.0164 0.0158 0.8639 0.0205 0.0158 0.0172 0.0235 0.0158 0.0109 
        D615  1 0.0844 0.0779 0.3839 0.0877 0.0636 0.0606 0.1284 0.0270 0.0865 
        D616  1 0.0774 0.1775 0.2570 0.1532 0.0816 0.1144 0.0805 0.0269 0.0313 
        D621  1 0.0234 0.0339 0.0207 0.0345 0.1103 0.2831 0.1150 0.3265 0.0525 
        D622  1 0.0406 0.0471 0.0467 0.1084 0.0434 0.4970 0.1307 0.0570 0.0292 
        D623  1 0.0398 0.1925 0.0303 0.0588 0.2592 0.0207 0.0213 0.1938 0.1836 
        D624  1 0.0271 0.0162 0.0282 0.0275 0.7989 0.0358 0.0295 0.0117 0.0252 
        D625  1 0.0239 0.0217 0.6089 0.0747 0.0727 0.0507 0.0468 0.0695 0.0312 
        D626  1 0.0529 0.0528 0.0655 0.0548 0.3685 0.1362 0.1747 0.0299 0.0647 
        D627  1 0.1089 0.0180 0.0608 0.5957 0.0293 0.0656 0.0739 0.0273 0.0204 
        D690  1 0.0169 0.0144 0.7750 0.0249 0.0481 0.0330 0.0417 0.0302 0.0157 
        D691  1 0.0384 0.0229 0.0748 0.0385 0.0404 0.6720 0.0718 0.0237 0.0175 
        D710  1 0.0487 0.0596 0.1577 0.1324 0.1643 0.1329 0.0938 0.1612 0.0493 
        D711  1 0.0171 0.0320 0.7330 0.0255 0.0361 0.0418 0.0317 0.0330 0.0499 
        D712  1 0.0638 0.0309 0.0298 0.0510 0.5310 0.1038 0.0498 0.0529 0.0871 
        D713  1 0.0276 0.0286 0.1921 0.1474 0.1465 0.0764 0.0499 0.1089 0.2227 
        D746  1 0.0164 0.0358 0.0750 0.0385 0.0291 0.7196 0.0428 0.0275 0.0154 
        D747  1 0.0240 0.0229 0.8514 0.0168 0.0188 0.0155 0.0149 0.0227 0.0130 
        D748  1 0.0329 0.0238 0.2829 0.0819 0.0438 0.2840 0.1531 0.0629 0.0346 
        D749  1 0.0457 0.0585 0.0287 0.1543 0.1279 0.3057 0.1053 0.0881 0.0858 
        D750  1 0.0303 0.0252 0.1302 0.0413 0.6011 0.0454 0.0600 0.0362 0.0302 
        D763  1 0.2285 0.0717 0.0956 0.1576 0.0223 0.0996 0.0831 0.1965 0.0451 
        D764  1 0.0217 0.0258 0.4930 0.0887 0.2259 0.0614 0.0445 0.0171 0.0220 
        D765  1 0.0510 0.0693 0.0620 0.0869 0.2143 0.1329 0.3015 0.0220 0.0600 
        D766  1 0.0206 0.0725 0.1255 0.0973 0.0492 0.1842 0.2447 0.1588 0.0472 
        D767  1 0.0373 0.0840 0.0965 0.0516 0.0308 0.1237 0.0536 0.1960 0.3265 
        D768  1 0.0158 0.0231 0.8368 0.0311 0.0163 0.0251 0.0229 0.0141 0.0148 
        D811  1 0.0309 0.0349 0.0311 0.1090 0.1260 0.0210 0.0678 0.0218 0.5575 
        D816  1 0.0205 0.0158 0.8216 0.0373 0.0238 0.0212 0.0144 0.0219 0.0235 
        D825  1 0.0268 0.0368 0.1165 0.1307 0.1900 0.0515 0.1918 0.0267 0.2292 
        D866  1 0.4131 0.0891 0.0559 0.0770 0.1825 0.0278 0.0869 0.0192 0.0484 
        D867  1 0.0187 0.0420 0.0226 0.0582 0.0266 0.6553 0.0380 0.0926 0.0459 
        D871  1 0.0373 0.0221 0.0648 0.6203 0.0398 0.0420 0.0908 0.0395 0.0433 
        D872  1 0.0257 0.0650 0.2934 0.0518 0.0430 0.1217 0.0672 0.0440 0.2883 
        D873  1 0.0105 0.4185 0.0090 0.0246 0.0154 0.0277 0.3924 0.0325 0.0694 
        D874  1 0.0289 0.0190 0.0585 0.0379 0.0806 0.0154 0.0287 0.6804 0.0505 
        D875  1 0.0213 0.0195 0.0417 0.6317 0.0206 0.0890 0.1134 0.0248 0.0381 
        D876  1 0.0580 0.0181 0.5084 0.0689 0.0761 0.0761 0.0439 0.1165 0.0340 
        D877  1 0.0183 0.0212 0.0288 0.0393 0.0760 0.0122 0.0291 0.0496 0.7255 
        D892  1 0.0255 0.0184 0.3462 0.0704 0.1475 0.1710 0.1087 0.0352 0.0770 
        D893  1 0.0706 0.0244 0.6385 0.0699 0.0206 0.0537 0.0520 0.0508 0.0195 
        D894  1 0.0403 0.0209 0.5494 0.1302 0.0525 0.0483 0.0849 0.0315 0.0420 
        D915  1 0.0391 0.0379 0.5387 0.0593 0.0463 0.0872 0.1338 0.0269 0.0308 
        D916  1 0.0141 0.0142 0.8650 0.0222 0.0196 0.0184 0.0208 0.0155 0.0103 
        D917  1 0.0919 0.0516 0.1273 0.1228 0.2869 0.0544 0.0467 0.1465 0.0720 
        D925  1 0.0339 0.2011 0.2472 0.0516 0.0719 0.0590 0.2845 0.0177 0.0331 
        D926  1 0.0479 0.0342 0.3476 0.1892 0.0619 0.0789 0.1017 0.0876 0.0510 
        D927  1 0.1759 0.1266 0.2767 0.1248 0.0471 0.0878 0.0427 0.0542 0.0643 
        D928  1 0.0195 0.0243 0.0804 0.0273 0.7479 0.0135 0.0202 0.0223 0.0446 
        D929  1 0.0297 0.0201 0.0334 0.0344 0.0466 0.0642 0.0371 0.3828 0.3517 
        D936  1 0.1097 0.0331 0.4750 0.0494 0.0283 0.0306 0.0454 0.1913 0.0373 
        D938  1 0.0203 0.0250 0.0331 0.0390 0.0309 0.6875 0.0815 0.0578 0.0249 
        D956  1 0.0335 0.0320 0.0412 0.0739 0.4964 0.0216 0.0815 0.0282 0.1916 
        D957  1 0.0349 0.1032 0.2182 0.0626 0.0534 0.1453 0.1251 0.0634 0.1939 
        D958  1 0.0202 0.0525 0.2490 0.0913 0.1478 0.1413 0.0895 0.1063 0.1021 
        D959  1 0.0131 0.1010 0.4251 0.2121 0.0261 0.1668 0.0200 0.0133 0.0225 
        D960  1 0.0233 0.0343 0.0348 0.0473 0.0572 0.6182 0.0476 0.0560 0.0813 
        D989  1 0.1424 0.0534 0.0432 0.0608 0.5523 0.0412 0.0287 0.0293 0.0488 
        D990  1 0.1170 0.2927 0.0230 0.0764 0.0812 0.0490 0.3238 0.0188 0.0180 
        D023  2 0.0156 0.0221 0.0438 0.0392 0.0186 0.8152 0.0145 0.0204 0.0106 
        D130  2 0.0175 0.0339 0.0758 0.0365 0.0137 0.6511 0.0425 0.0209 0.1079 
        D131  2 0.0902 0.0441 0.2089 0.4146 0.0410 0.0317 0.0756 0.0596 0.0342 
        D163  2 0.0349 0.0137 0.1048 0.0669 0.0458 0.6373 0.0413 0.0341 0.0211 
        D164  2 0.0172 0.6959 0.0159 0.0165 0.0112 0.0297 0.1748 0.0206 0.0182 
        D165  2 0.0247 0.0236 0.0342 0.0304 0.0216 0.8036 0.0220 0.0279 0.0119 
        D166  2 0.0484 0.0325 0.0450 0.1013 0.0169 0.0675 0.0984 0.0584 0.5317 
        D167  2 0.0245 0.7081 0.0130 0.0293 0.0284 0.0183 0.0170 0.0158 0.1457 
        D192  2 0.0406 0.8084 0.0114 0.0231 0.0207 0.0177 0.0198 0.0303 0.0279 
        D193  2 0.0462 0.0271 0.0196 0.0694 0.0656 0.0293 0.0893 0.0506 0.6028 
        D206  2 0.0396 0.3160 0.1212 0.2254 0.0256 0.0870 0.1018 0.0426 0.0408 
        D207  2 0.1148 0.3481 0.0361 0.1312 0.0210 0.0362 0.0581 0.0270 0.2275 
        D208  2 0.3634 0.0466 0.0516 0.0592 0.1716 0.0500 0.1322 0.0561 0.0693 
        D209  2 0.0367 0.3293 0.0414 0.1978 0.0285 0.0685 0.0520 0.1945 0.0514 
        D210  2 0.1734 0.0618 0.0648 0.0468 0.4944 0.0344 0.0584 0.0403 0.0256 
     D229599  2 0.2219 0.0326 0.1576 0.1443 0.0718 0.0964 0.0582 0.1645 0.0527 
     D229600  2 0.0273 0.3400 0.0323 0.0593 0.0227 0.3785 0.0383 0.0276 0.0741 
     D237227  2 0.1174 0.1054 0.0592 0.0883 0.4280 0.0760 0.0620 0.0262 0.0374 
     D237228  2 0.0657 0.3332 0.0155 0.0967 0.1665 0.0240 0.2134 0.0199 0.0651 
     D237258  2 0.1372 0.1781 0.0799 0.1337 0.0880 0.1667 0.0595 0.0635 0.0933 
     D237310  2 0.0258 0.3571 0.0133 0.0739 0.0458 0.0290 0.1628 0.0343 0.2580 
     D237311  2 0.0353 0.4524 0.0171 0.0477 0.0313 0.0596 0.2294 0.0196 0.1076 
     D237312  2 0.0234 0.0464 0.0325 0.0845 0.0551 0.0999 0.2444 0.0625 0.3512 
     D237313  2 0.0988 0.0285 0.2219 0.1569 0.0907 0.0597 0.1729 0.1112 0.0592 
     D237322  2 0.3233 0.0527 0.0309 0.1606 0.0831 0.0456 0.0959 0.1106 0.0973 
     D237323  2 0.0632 0.2441 0.0160 0.0632 0.2084 0.0891 0.1752 0.0298 0.1111 
     D237324  2 0.0933 0.2755 0.0471 0.2009 0.0184 0.2447 0.0406 0.0516 0.0279 
     D237325  2 0.0367 0.1830 0.0407 0.0915 0.1108 0.1749 0.1686 0.0909 0.1029 
     D237326  2 0.0275 0.3285 0.0807 0.0568 0.0862 0.0824 0.2666 0.0394 0.0319 
     D237327  2 0.3478 0.0967 0.0624 0.1192 0.0490 0.1129 0.0483 0.1171 0.0466 
     D237337  2 0.0212 0.2744 0.0328 0.0859 0.0630 0.0387 0.4221 0.0252 0.0367 
     D237338  2 0.1068 0.1167 0.0553 0.1157 0.1224 0.1950 0.1206 0.1123 0.0553 
     D237339  2 0.0423 0.1449 0.0330 0.0441 0.0207 0.0236 0.0295 0.6110 0.0507 
     D237340  2 0.0410 0.3079 0.0249 0.0548 0.1554 0.1089 0.1092 0.0470 0.1508 
     D237389  2 0.0180 0.3510 0.0193 0.0541 0.0241 0.0430 0.2055 0.0282 0.2568 
     D237390  2 0.0622 0.0560 0.0556 0.0762 0.0817 0.1090 0.2722 0.0605 0.2266 
     D244017  2 0.0577 0.1643 0.0244 0.0802 0.1922 0.0434 0.0275 0.0207 0.3898 
     D244112  2 0.0234 0.7515 0.0139 0.0282 0.0201 0.0321 0.0496 0.0168 0.0644 
     D244118  2 0.0294 0.5300 0.0132 0.0208 0.0243 0.2745 0.0211 0.0391 0.0476 
     D244119  2 0.0273 0.2811 0.0169 0.0246 0.5728 0.0140 0.0197 0.0108 0.0329 
     D244120  2 0.0954 0.2121 0.0147 0.0578 0.0447 0.0273 0.0835 0.0630 0.4015 
     D244122  2 0.0420 0.4893 0.0314 0.0517 0.0501 0.0682 0.0843 0.0396 0.1433 
        D291  2 0.4954 0.0371 0.0649 0.1886 0.0178 0.0671 0.0433 0.0220 0.0638 
        D292  2 0.2856 0.1333 0.2191 0.0549 0.0810 0.0293 0.0679 0.0505 0.0784 
        D293  2 0.0505 0.4810 0.1278 0.0542 0.0187 0.0153 0.0354 0.2038 0.0134 
        D322  2 0.0436 0.4371 0.0747 0.0668 0.0278 0.0421 0.0411 0.2381 0.0286 
        D323  2 0.0673 0.1310 0.0621 0.2461 0.0491 0.0415 0.0823 0.1236 0.1969 
        D324  2 0.3174 0.0392 0.1478 0.2184 0.0569 0.0954 0.0670 0.0336 0.0244 
        D325  2 0.0660 0.6619 0.0718 0.0504 0.0122 0.0238 0.0680 0.0318 0.0141 
        D326  2 0.0253 0.0163 0.8341 0.0323 0.0303 0.0130 0.0166 0.0161 0.0161 
        D340  2 0.0295 0.8263 0.0288 0.0235 0.0182 0.0181 0.0171 0.0245 0.0139 
        D341  2 0.0692 0.5468 0.0380 0.0495 0.0332 0.0307 0.1629 0.0374 0.0323 
        D342  2 0.0538 0.4625 0.0235 0.0690 0.0193 0.0921 0.2054 0.0229 0.0516 
        D343  2 0.0204 0.8565 0.0273 0.0195 0.0124 0.0152 0.0203 0.0193 0.0092 
        D344  2 0.0276 0.0428 0.0937 0.0798 0.0239 0.0230 0.0357 0.4514 0.2221 
        D345  2 0.0590 0.0378 0.0870 0.1114 0.0409 0.0645 0.2560 0.3126 0.0310 
        D346  2 0.0725 0.0730 0.0514 0.1118 0.4990 0.0315 0.0685 0.0482 0.0442 
        D351  2 0.1481 0.0416 0.2414 0.2520 0.0261 0.0516 0.0662 0.1194 0.0536 
        D352  2 0.0279 0.0338 0.0219 0.0792 0.0548 0.0195 0.0304 0.6874 0.0452 
        D353  2 0.0290 0.0170 0.2361 0.4592 0.0203 0.0242 0.0388 0.1412 0.0343 
        D354  2 0.0187 0.0157 0.0564 0.0369 0.0445 0.0197 0.0378 0.7385 0.0319 
        D362  2 0.0337 0.0332 0.6895 0.0350 0.0288 0.0715 0.0286 0.0320 0.0477 
        D363  2 0.0274 0.0241 0.7178 0.0632 0.0373 0.0452 0.0254 0.0260 0.0336 
        D364  2 0.0287 0.0214 0.2745 0.0637 0.0475 0.0313 0.0666 0.4214 0.0449 
        D365  2 0.0193 0.8512 0.0214 0.0200 0.0175 0.0103 0.0173 0.0311 0.0119 
        D369  2 0.1929 0.1334 0.1867 0.1187 0.1792 0.0489 0.0677 0.0234 0.0492 
        D374  2 0.0206 0.0164 0.0177 0.0256 0.2281 0.0127 0.0257 0.0169 0.6363 
        D375  2 0.0121 0.0148 0.0170 0.0413 0.0188 0.0214 0.0305 0.8007 0.0434 
        D376  2 0.0255 0.0260 0.0188 0.0454 0.3770 0.0184 0.0706 0.0619 0.3564 
        D377  2 0.0762 0.1205 0.0287 0.1836 0.0749 0.0586 0.2487 0.0604 0.1484 
        D378  2 0.0612 0.1676 0.1214 0.1640 0.0377 0.0945 0.0497 0.2862 0.0177 
        D379  2 0.0276 0.0253 0.6758 0.0759 0.0331 0.0246 0.0428 0.0635 0.0315 
        D384  2 0.0195 0.0158 0.8450 0.0186 0.0385 0.0135 0.0154 0.0182 0.0155 
        D385  2 0.0225 0.6574 0.0166 0.0332 0.0416 0.0143 0.0326 0.1434 0.0382 
        D386  2 0.0249 0.0522 0.0842 0.0846 0.0168 0.0678 0.0517 0.5833 0.0346 
        D391  2 0.0307 0.6795 0.0260 0.0366 0.0191 0.0198 0.0203 0.1462 0.0218 
        D392  2 0.0377 0.6399 0.0622 0.0615 0.0460 0.0363 0.0453 0.0228 0.0482 
        D393  2 0.1846 0.0721 0.2175 0.0667 0.0276 0.0571 0.0544 0.3004 0.0196 
        D394  2 0.0498 0.1141 0.0781 0.0994 0.0426 0.2150 0.1104 0.2001 0.0905 
        D395  2 0.0397 0.2635 0.0171 0.0788 0.0250 0.0358 0.0331 0.4669 0.0401 
        D401  2 0.0228 0.4352 0.0186 0.0563 0.0447 0.0149 0.3459 0.0125 0.0492 
        D402  2 0.0523 0.7227 0.0193 0.0305 0.0200 0.0158 0.0281 0.0872 0.0241 
        D403  2 0.0333 0.0303 0.2566 0.1581 0.0249 0.1373 0.1157 0.1509 0.0928 
        D415  2 0.0177 0.0572 0.5447 0.1957 0.0142 0.0606 0.0470 0.0322 0.0308 
        D435  2 0.0722 0.1992 0.4638 0.0530 0.0208 0.0413 0.0584 0.0754 0.0160 
        D436  2 0.0244 0.0401 0.1563 0.0798 0.0600 0.0456 0.0590 0.4065 0.1283 
        D438  2 0.0210 0.8511 0.0148 0.0220 0.0211 0.0159 0.0223 0.0146 0.0173 
        D439  2 0.0326 0.0416 0.0471 0.0748 0.0169 0.0441 0.0505 0.6761 0.0162 
        D449  2 0.0319 0.4508 0.1383 0.1555 0.0264 0.0342 0.1096 0.0317 0.0217 
        D450  2 0.0527 0.0201 0.1248 0.2679 0.0946 0.0397 0.0890 0.2430 0.0682 
        D456  2 0.0212 0.0131 0.8327 0.0320 0.0218 0.0205 0.0222 0.0199 0.0165 
        D462  2 0.0253 0.6464 0.0437 0.0323 0.0148 0.0220 0.0173 0.1814 0.0168 
        D463  2 0.0154 0.0128 0.8003 0.0399 0.0469 0.0166 0.0174 0.0306 0.0200 
        D464  2 0.0258 0.0446 0.0494 0.2687 0.0275 0.0252 0.0564 0.3649 0.1375 
        D465  2 0.0307 0.6625 0.0875 0.0732 0.0211 0.0256 0.0289 0.0237 0.0467 
        D473  2 0.0389 0.0626 0.0239 0.0818 0.5071 0.0563 0.0545 0.1203 0.0546 
        D474  2 0.1964 0.0499 0.4706 0.0472 0.0662 0.0620 0.0495 0.0394 0.0189 
        D476  2 0.0234 0.0328 0.0158 0.0200 0.0145 0.3143 0.0165 0.5479 0.0148 
        D477  2 0.1163 0.0359 0.2831 0.0871 0.0514 0.0243 0.0759 0.2963 0.0295 
        D478  2 0.0473 0.0458 0.0438 0.2054 0.1043 0.3216 0.0362 0.0810 0.1147 
        D480  2 0.1324 0.0726 0.1709 0.0783 0.1078 0.0256 0.1001 0.2714 0.0408 
        D481  2 0.0494 0.0558 0.2433 0.1085 0.1029 0.1170 0.0696 0.2042 0.0493 
        D482  2 0.2877 0.0244 0.0247 0.0820 0.0793 0.0495 0.1101 0.2590 0.0833 
        D483  2 0.0294 0.7693 0.0161 0.0246 0.0646 0.0277 0.0200 0.0213 0.0270 
        D484  2 0.0230 0.0167 0.0121 0.0198 0.0245 0.0160 0.0244 0.8050 0.0587 
        D510  2 0.1314 0.0287 0.0249 0.0487 0.5074 0.0255 0.0441 0.0360 0.1534 
        D511  2 0.0334 0.0657 0.0603 0.0511 0.0200 0.0426 0.0271 0.6782 0.0217 
        D512  2 0.0295 0.5532 0.0168 0.1391 0.0151 0.0322 0.0916 0.0319 0.0907 
        D513  2 0.0615 0.5418 0.0656 0.1218 0.0540 0.0330 0.0550 0.0226 0.0446 
        D635  2 0.0309 0.0287 0.2428 0.1649 0.0319 0.4344 0.0256 0.0228 0.0179 
        D636  2 0.0147 0.0218 0.0301 0.0337 0.0200 0.7678 0.0793 0.0175 0.0151 
        D637  2 0.0701 0.1688 0.0275 0.0681 0.0839 0.0412 0.2097 0.2455 0.0853 
        D658  2 0.0260 0.4091 0.0241 0.0346 0.0893 0.0282 0.0702 0.2361 0.0825 
        D659  2 0.0639 0.0342 0.5766 0.0806 0.0431 0.0753 0.0351 0.0701 0.0209 
        D677  2 0.0811 0.0594 0.2561 0.1005 0.0224 0.1479 0.1898 0.0513 0.0915 
        D678  2 0.0344 0.5365 0.0221 0.0831 0.0177 0.0330 0.0419 0.0273 0.2041 
        D679  2 0.1152 0.0434 0.3773 0.1774 0.0621 0.0479 0.0919 0.0593 0.0255 
        D719  2 0.1591 0.1845 0.1403 0.0469 0.3485 0.0145 0.0275 0.0544 0.0244 
        D720  2 0.0258 0.0349 0.7297 0.0534 0.0647 0.0241 0.0239 0.0179 0.0254 
        D721  2 0.0299 0.0499 0.0448 0.0669 0.0351 0.7059 0.0201 0.0367 0.0106 
        D722  2 0.0380 0.0638 0.0202 0.0604 0.1596 0.0272 0.0539 0.0353 0.5414 
        D734  2 0.0388 0.0323 0.0206 0.0315 0.1683 0.0138 0.0257 0.6435 0.0255 
        D735  2 0.0820 0.0957 0.2096 0.2333 0.0731 0.0457 0.1042 0.1148 0.0415 
        D736  2 0.2745 0.0593 0.0729 0.0893 0.2954 0.0547 0.0484 0.0787 0.0267 
        D737  2 0.1193 0.3391 0.0233 0.0388 0.0457 0.0945 0.0456 0.2155 0.0781 
        D807  2 0.1632 0.0559 0.1433 0.0627 0.1939 0.0520 0.1334 0.1152 0.0803 
        D808  2 0.0808 0.1801 0.0799 0.2283 0.0338 0.0877 0.1210 0.0771 0.1113 
        D817  2 0.0568 0.0239 0.3808 0.1791 0.0415 0.0475 0.0810 0.0879 0.1015 
        D818  2 0.1259 0.1895 0.0588 0.1969 0.0278 0.1530 0.1625 0.0503 0.0354 
        D819  2 0.0800 0.0822 0.1814 0.2728 0.0489 0.0636 0.1240 0.0515 0.0956 
        D820  2 0.0393 0.0398 0.6624 0.0436 0.0229 0.0230 0.0251 0.1237 0.0200 
        D895  2 0.0407 0.0432 0.3296 0.1724 0.0510 0.1393 0.1173 0.0745 0.0319 
        D896  2 0.0180 0.4060 0.0240 0.0270 0.0407 0.0273 0.3775 0.0186 0.0609 
        D897  2 0.0767 0.3806 0.0302 0.1007 0.0276 0.0380 0.2258 0.0604 0.0598 
        D898  2 0.1593 0.0356 0.0488 0.2405 0.0449 0.0465 0.1667 0.0704 0.1873 
        D918  2 0.0687 0.1524 0.0392 0.1086 0.0723 0.1756 0.2015 0.1108 0.0708 
        D919  2 0.0818 0.0817 0.1192 0.1195 0.0197 0.0490 0.0224 0.4262 0.0803 
        D920  2 0.0264 0.0339 0.0327 0.0341 0.0740 0.6435 0.0601 0.0443 0.0510 
        D923  2 0.0292 0.0255 0.6356 0.0816 0.0244 0.0240 0.0197 0.1183 0.0416 
        D930  2 0.0690 0.0424 0.1962 0.1746 0.1246 0.0263 0.1240 0.1735 0.0693 
        D931  2 0.0610 0.1060 0.1957 0.0860 0.0471 0.0412 0.0421 0.3521 0.0688 
        D968  2 0.1002 0.7100 0.0252 0.0342 0.0193 0.0151 0.0164 0.0443 0.0354 
        D969  2 0.2590 0.1485 0.2083 0.1097 0.0614 0.0491 0.0627 0.0539 0.0474 
        D977  2 0.0484 0.5897 0.0414 0.0794 0.0238 0.0327 0.1168 0.0349 0.0329 
        D978  2 0.3741 0.0436 0.0309 0.1764 0.0359 0.0287 0.1661 0.0404 0.1038 
        D211  3 0.0429 0.0184 0.0639 0.0744 0.0302 0.4664 0.2352 0.0421 0.0264 
     D229639  3 0.5900 0.0489 0.0569 0.0397 0.1061 0.0277 0.0590 0.0222 0.0495 
     D237212  3 0.2312 0.0624 0.0676 0.0968 0.0239 0.0920 0.0886 0.3012 0.0362 
     D237213  3 0.0625 0.0488 0.0530 0.1462 0.0187 0.1076 0.3724 0.1068 0.0840 
     D237214  3 0.0137 0.0148 0.0176 0.0664 0.0269 0.8037 0.0176 0.0212 0.0181 
     D237215  3 0.1408 0.4007 0.0194 0.0364 0.0738 0.0201 0.0250 0.0173 0.2665 
     D237216  3 0.0765 0.0276 0.0389 0.5170 0.0299 0.1282 0.1047 0.0415 0.0357 
     D237217  3 0.0605 0.0264 0.1081 0.1674 0.0186 0.2961 0.2755 0.0282 0.0192 
     D237218  3 0.2908 0.0320 0.0606 0.0718 0.0577 0.0467 0.2059 0.2174 0.0171 
     D237219  3 0.1865 0.0311 0.0453 0.0785 0.0978 0.0892 0.4049 0.0213 0.0453 
     D237382  3 0.0389 0.0723 0.1117 0.0760 0.0736 0.0450 0.1099 0.0325 0.4400 
     D244127  3 0.0825 0.3142 0.0221 0.0947 0.0200 0.0628 0.3283 0.0297 0.0458 
     D244129  3 0.1030 0.1121 0.0949 0.1561 0.0637 0.1699 0.1431 0.0890 0.0681 
     D244133  3 0.0575 0.1481 0.1031 0.2738 0.1296 0.0820 0.0908 0.0153 0.0998 
     D244134  3 0.4497 0.0327 0.0342 0.0419 0.2417 0.0398 0.1111 0.0283 0.0207 
     D244135  3 0.0232 0.0486 0.0354 0.0477 0.0185 0.7282 0.0514 0.0242 0.0226 
     D244136  3 0.0900 0.1023 0.1857 0.1696 0.1928 0.0589 0.0658 0.0380 0.0969 
        D416  3 0.1010 0.1175 0.0749 0.2312 0.0409 0.0876 0.2594 0.0550 0.0324 
        D417  3 0.0230 0.0229 0.6827 0.0334 0.0288 0.0346 0.0993 0.0302 0.0451 
        D419  3 0.2240 0.0565 0.1428 0.0774 0.0655 0.0827 0.2692 0.0474 0.0344 
        D565  3 0.0436 0.0150 0.0453 0.0269 0.7894 0.0201 0.0207 0.0191 0.0200 
        D566  3 0.3138 0.0647 0.0528 0.1279 0.2782 0.0279 0.0397 0.0235 0.0714 
        D567  3 0.0260 0.0495 0.5398 0.0612 0.0257 0.0972 0.0910 0.0672 0.0423 
        D568  3 0.0772 0.0909 0.1743 0.0878 0.0195 0.1880 0.1309 0.1852 0.0463 
        D569  3 0.0373 0.0751 0.0207 0.0731 0.0459 0.0761 0.0464 0.5318 0.0937 
        D573  3 0.3722 0.2356 0.1645 0.0840 0.0303 0.0231 0.0292 0.0396 0.0215 
        D574  3 0.0858 0.0600 0.0442 0.2246 0.3003 0.0487 0.0683 0.0441 0.1240 
        D575  3 0.0710 0.0627 0.0849 0.1330 0.1275 0.0992 0.3565 0.0392 0.0259 
        D576  3 0.1267 0.4372 0.0087 0.0759 0.0283 0.0366 0.0302 0.0260 0.2304 
        D577  3 0.0508 0.0197 0.5003 0.0898 0.0321 0.1169 0.0705 0.0539 0.0660 
        D578  3 0.0181 0.0302 0.0169 0.0480 0.0143 0.8169 0.0215 0.0140 0.0201 
        D579  3 0.1967 0.0714 0.1242 0.0872 0.1741 0.0569 0.0982 0.1601 0.0312 
        D660  3 0.0468 0.4442 0.0196 0.1242 0.0204 0.0639 0.1448 0.0508 0.0853 
        D661  3 0.3522 0.0797 0.0255 0.1068 0.0231 0.0929 0.1980 0.0963 0.0256 
        D663  3 0.4558 0.0666 0.0668 0.2003 0.0230 0.0354 0.0235 0.0469 0.0817 
        D664  3 0.0492 0.1409 0.0177 0.1158 0.0664 0.1390 0.3781 0.0295 0.0634 
        D665  3 0.0452 0.0481 0.0169 0.3056 0.0135 0.1580 0.1105 0.1071 0.1950 
        D666  3 0.0968 0.0541 0.0877 0.0982 0.1184 0.0568 0.4209 0.0430 0.0240 
        D009  4 0.0447 0.0268 0.1395 0.1602 0.0399 0.2259 0.1297 0.1568 0.0766 
        D057  4 0.0771 0.0728 0.0343 0.0315 0.0328 0.2645 0.0223 0.4341 0.0307 
        D109  4 0.0388 0.0607 0.0508 0.2412 0.0692 0.0928 0.3459 0.0396 0.0609 
     D237222  4 0.0270 0.0399 0.0377 0.0392 0.1216 0.5402 0.0385 0.0413 0.1146 
     D237223  4 0.0578 0.0726 0.0373 0.1013 0.1028 0.1563 0.3455 0.0545 0.0719 
     D237224  4 0.2888 0.1004 0.1287 0.0713 0.0324 0.0539 0.0603 0.2228 0.0414 
     D237225  4 0.0874 0.0327 0.1443 0.2127 0.0545 0.1893 0.0988 0.1160 0.0642 
     D237299  4 0.0783 0.0263 0.0175 0.3241 0.0491 0.0481 0.3527 0.0218 0.0822 
     D237300  4 0.7289 0.0271 0.0191 0.0474 0.0328 0.0235 0.0738 0.0214 0.0261 
     D237306  4 0.0348 0.0334 0.0906 0.0687 0.4438 0.0469 0.1259 0.0534 0.1024 
     D237307  4 0.0721 0.0608 0.4045 0.0878 0.1583 0.0499 0.0727 0.0192 0.0746 
     D237308  4 0.0404 0.4150 0.0460 0.0545 0.0931 0.0415 0.0470 0.2267 0.0359 
     D237309  4 0.0724 0.0556 0.1663 0.1578 0.0294 0.1993 0.1091 0.1069 0.1032 
     D237317  4 0.0734 0.0262 0.1680 0.0884 0.4169 0.0691 0.0425 0.0410 0.0747 
     D237318  4 0.7366 0.0539 0.0306 0.0710 0.0243 0.0171 0.0214 0.0161 0.0289 
     D237319  4 0.0538 0.0693 0.0672 0.1550 0.0437 0.1820 0.1753 0.0383 0.2153 
     D237320  4 0.1010 0.0739 0.0570 0.0636 0.0270 0.2640 0.3475 0.0328 0.0333 
     D237321  4 0.5900 0.0568 0.0618 0.0843 0.0441 0.0433 0.0425 0.0268 0.0505 
     D237397  4 0.1681 0.0820 0.0537 0.0544 0.1594 0.0991 0.2941 0.0281 0.0610 
     D237398  4 0.5923 0.0309 0.0564 0.1048 0.0212 0.0394 0.0655 0.0623 0.0272 
     D237399  4 0.3471 0.0397 0.0881 0.0637 0.1658 0.1184 0.0745 0.0508 0.0518 
     D244001  4 0.0269 0.1376 0.0364 0.0604 0.0257 0.4306 0.0647 0.0907 0.1271 
        D289  4 0.0905 0.0570 0.0752 0.0547 0.2275 0.0678 0.0472 0.3551 0.0249 
        D290  4 0.0755 0.0308 0.0704 0.0448 0.0247 0.0340 0.0442 0.0297 0.6460 
        D294  4 0.0879 0.0248 0.1063 0.1554 0.0386 0.0772 0.0881 0.3035 0.1182 
        D295  4 0.0821 0.0268 0.3131 0.0602 0.0589 0.0496 0.2370 0.0866 0.0858 
        D301  4 0.1331 0.0270 0.0252 0.0349 0.0409 0.5144 0.0663 0.0269 0.1313 
        D302  4 0.0190 0.0176 0.0785 0.0482 0.0154 0.0298 0.0242 0.7003 0.0670 
        D303  4 0.0382 0.0824 0.0337 0.0433 0.5454 0.0373 0.0647 0.0876 0.0674 
        D304  4 0.2188 0.0244 0.0901 0.0897 0.0873 0.0510 0.0362 0.0360 0.3665 
        D305  4 0.0630 0.0908 0.0216 0.2482 0.0125 0.0462 0.0416 0.4197 0.0564 
        D306  4 0.0282 0.0182 0.0451 0.0569 0.0304 0.0405 0.0476 0.0261 0.7070 
        D307  4 0.0609 0.0253 0.0192 0.0255 0.0784 0.6795 0.0312 0.0515 0.0286 
        D327  4 0.0524 0.0604 0.4933 0.1094 0.0765 0.0441 0.0616 0.0400 0.0624 
        D328  4 0.0377 0.0318 0.0270 0.0522 0.1249 0.0347 0.0813 0.4339 0.1765 
        D329  4 0.1101 0.0954 0.0801 0.1041 0.0553 0.1135 0.0681 0.3053 0.0682 
        D330  4 0.0190 0.0635 0.2858 0.1321 0.0203 0.1218 0.1458 0.0972 0.1145 
        D331  4 0.2078 0.0409 0.1648 0.0746 0.0732 0.0441 0.0662 0.0335 0.2949 
        D333  4 0.0932 0.0889 0.0689 0.0706 0.1025 0.0781 0.1614 0.1952 0.1413 
        D334  4 0.0547 0.0207 0.0897 0.0673 0.4892 0.0984 0.0514 0.0872 0.0413 
        D335  4 0.0243 0.0397 0.2164 0.0526 0.0272 0.0294 0.0214 0.4746 0.1143 
        D370  4 0.0341 0.0557 0.0408 0.0496 0.0564 0.0399 0.1192 0.0453 0.5591 
        D371  4 0.0276 0.0454 0.1128 0.0369 0.6432 0.0184 0.0396 0.0236 0.0525 
        D372  4 0.6601 0.0427 0.0135 0.0688 0.0226 0.0179 0.0343 0.0149 0.1251 
        D373  4 0.1050 0.0497 0.0439 0.0531 0.0240 0.5894 0.0316 0.0837 0.0196 
        D455  4 0.0477 0.0295 0.0305 0.0231 0.0322 0.6746 0.0225 0.1058 0.0341 
        D490  4 0.0222 0.0103 0.0211 0.0226 0.0258 0.7943 0.0519 0.0275 0.0242 
        D497  4 0.0354 0.0180 0.0176 0.0478 0.0275 0.7007 0.0629 0.0592 0.0308 
        D498  4 0.1313 0.0400 0.0616 0.0774 0.0851 0.0392 0.0704 0.0226 0.4723 
        D499  4 0.1558 0.1459 0.0228 0.1967 0.0907 0.0188 0.1441 0.1542 0.0710 
        D514  4 0.0565 0.0338 0.2537 0.1754 0.0196 0.0443 0.0531 0.1204 0.2433 
        D515  4 0.0243 0.0310 0.0451 0.0831 0.0293 0.2151 0.4026 0.0336 0.1360 
        D516  4 0.0780 0.0849 0.1806 0.1041 0.0808 0.0765 0.2956 0.0274 0.0720 
        D517  4 0.0688 0.0411 0.0765 0.0942 0.0253 0.5389 0.0934 0.0363 0.0255 
        D518  4 0.0181 0.0244 0.0377 0.0384 0.0561 0.1731 0.0218 0.5813 0.0491 
        D519  4 0.0602 0.0294 0.0345 0.0614 0.0247 0.2603 0.4875 0.0202 0.0218 
        D560  4 0.1017 0.0423 0.0793 0.0801 0.0147 0.1737 0.4107 0.0575 0.0400 
        D561  4 0.0197 0.0776 0.0898 0.4520 0.0145 0.1773 0.0571 0.0780 0.0339 
        D562  4 0.0843 0.0598 0.0516 0.1304 0.0605 0.2272 0.0745 0.1844 0.1273 
        D563  4 0.0899 0.3228 0.0256 0.1599 0.0214 0.0896 0.0730 0.1727 0.0451 
        D572  4 0.0206 0.0247 0.0369 0.0335 0.0230 0.0620 0.0244 0.7399 0.0350 
        D629  4 0.0654 0.0277 0.2271 0.1176 0.0254 0.2977 0.0995 0.1186 0.0209 
        D630  4 0.0968 0.0319 0.1050 0.1002 0.0497 0.2198 0.1038 0.0910 0.2019 
        D631  4 0.0457 0.0612 0.0236 0.0351 0.0214 0.0350 0.0324 0.7148 0.0306 
        D632  4 0.0227 0.1723 0.0551 0.0513 0.0170 0.3281 0.0624 0.2460 0.0452 
        D646  4 0.0503 0.0841 0.1436 0.1011 0.0339 0.1614 0.3228 0.0650 0.0379 
        D647  4 0.0653 0.0670 0.4306 0.0560 0.0141 0.1313 0.0761 0.0754 0.0841 
        D648  4 0.0140 0.0232 0.0175 0.0260 0.0381 0.0230 0.0385 0.3706 0.4491 
        D649  4 0.0395 0.0317 0.3856 0.0627 0.0285 0.0686 0.0833 0.2716 0.0285 
        D650  4 0.0876 0.0401 0.2150 0.0820 0.1081 0.1191 0.1648 0.1162 0.0671 
        D708  4 0.0916 0.0236 0.0485 0.1353 0.1718 0.0435 0.1120 0.2969 0.0769 
        D709  4 0.0271 0.0314 0.0311 0.0536 0.0348 0.0218 0.0588 0.0357 0.7057 
        D738  4 0.0369 0.0235 0.1103 0.0414 0.5297 0.0910 0.0975 0.0257 0.0440 
        D739  4 0.0819 0.0280 0.0364 0.1031 0.0339 0.3031 0.1191 0.0731 0.2215 
        D740  4 0.1364 0.0763 0.0202 0.2248 0.1588 0.0384 0.2304 0.0826 0.0319 
        D741  4 0.0344 0.1546 0.1033 0.0978 0.0170 0.1185 0.4091 0.0344 0.0310 
        D742  4 0.1822 0.1875 0.0355 0.0965 0.1244 0.0835 0.1733 0.0806 0.0366 
        D743  4 0.0466 0.0465 0.2528 0.0547 0.0223 0.0369 0.0288 0.4842 0.0273 
        D744  4 0.0251 0.0314 0.0215 0.0390 0.0231 0.0226 0.0302 0.7894 0.0176 
        D745  4 0.0281 0.0173 0.0257 0.0708 0.0260 0.2670 0.5058 0.0294 0.0298 
        D814  4 0.1042 0.1495 0.0279 0.1521 0.0218 0.1069 0.2962 0.0888 0.0525 
        D815  4 0.0556 0.0356 0.1220 0.0473 0.0331 0.0284 0.0482 0.3437 0.2860 
        D828  4 0.0360 0.0291 0.0143 0.0378 0.0488 0.0285 0.0395 0.0393 0.7268 
        D845  4 0.8405 0.0170 0.0163 0.0213 0.0360 0.0161 0.0200 0.0202 0.0127 
        D846  4 0.0617 0.0830 0.1299 0.1016 0.0119 0.1473 0.0322 0.3611 0.0712 
        D847  4 0.1625 0.0483 0.1086 0.1142 0.0904 0.2457 0.1015 0.0642 0.0646 
        D848  4 0.1756 0.0520 0.0174 0.0388 0.0206 0.6030 0.0172 0.0473 0.0281 
        D849  4 0.0333 0.0361 0.0626 0.1237 0.0211 0.2867 0.2735 0.0621 0.1008 
        D850  4 0.1322 0.0499 0.1411 0.2891 0.0811 0.1736 0.0584 0.0544 0.0203 
        D856  4 0.0498 0.0362 0.0570 0.2881 0.0467 0.0725 0.1338 0.0717 0.2443 
        D857  4 0.0187 0.3822 0.0102 0.0273 0.0298 0.0461 0.2927 0.0291 0.1639 
        D859  4 0.1097 0.0325 0.0764 0.0642 0.0240 0.0376 0.0853 0.5158 0.0545 
        D860  4 0.1638 0.0685 0.1162 0.0611 0.4189 0.0299 0.0262 0.0879 0.0274 
        D883  4 0.0816 0.0510 0.1893 0.0791 0.0973 0.2014 0.1301 0.0685 0.1017 
        D884  4 0.0319 0.0248 0.0711 0.0658 0.0820 0.0910 0.4704 0.0689 0.0941 
        D885  4 0.2135 0.0621 0.0887 0.2323 0.0234 0.0493 0.2512 0.0619 0.0175 
        D886  4 0.0352 0.0687 0.1561 0.0501 0.0274 0.2389 0.0970 0.0450 0.2814 
        D887  4 0.2508 0.0875 0.0981 0.1058 0.0517 0.0520 0.1558 0.1203 0.0779 
        D889  4 0.5565 0.0130 0.0382 0.0597 0.0183 0.0207 0.0304 0.0444 0.2188 
        D890  4 0.0597 0.1171 0.0509 0.0979 0.1001 0.1066 0.1413 0.1335 0.1928 
        D891  4 0.9009 0.0118 0.0146 0.0144 0.0113 0.0122 0.0144 0.0114 0.0090 
        D899  4 0.2390 0.2374 0.0293 0.0765 0.1183 0.0428 0.0419 0.1160 0.0988 
        D900  4 0.0656 0.0896 0.1108 0.1801 0.0658 0.1233 0.0644 0.1494 0.1510 
        D970  4 0.1162 0.0474 0.1370 0.0775 0.0592 0.0617 0.0416 0.4298 0.0296 
        D971  4 0.0193 0.4590 0.0772 0.0904 0.0492 0.0320 0.0315 0.1811 0.0603 
        D979  4 0.0356 0.0261 0.3657 0.0813 0.0342 0.0291 0.0223 0.2899 0.1157 
        D093  5 0.0613 0.0240 0.0416 0.0318 0.7059 0.0258 0.0467 0.0256 0.0373 
        D154  5 0.1186 0.1454 0.0276 0.1682 0.0366 0.0298 0.3294 0.0436 0.1009 
        D168  5 0.1172 0.1572 0.0772 0.1702 0.0181 0.1075 0.2488 0.0369 0.0670 
        D189  5 0.1516 0.0324 0.0470 0.0839 0.3158 0.0356 0.0712 0.0329 0.2295 
        D190  5 0.0531 0.0342 0.0292 0.0317 0.6571 0.0181 0.0656 0.0544 0.0566 
     D237220  5 0.2160 0.0255 0.0329 0.1203 0.1479 0.1783 0.1464 0.0880 0.0448 
     D237221  5 0.2550 0.0819 0.0784 0.0799 0.2525 0.0395 0.0843 0.0917 0.0368 
     D237274  5 0.0290 0.0510 0.4056 0.0989 0.0165 0.0319 0.0389 0.2242 0.1039 
     D237275  5 0.1440 0.4055 0.0243 0.0816 0.0311 0.0255 0.0343 0.0157 0.2380 
     D237276  5 0.0423 0.0411 0.1099 0.0638 0.1412 0.0646 0.3563 0.0573 0.1234 
     D237277  5 0.1878 0.0656 0.0253 0.0586 0.4799 0.0187 0.0625 0.0712 0.0303 
     D237278  5 0.0363 0.3855 0.0455 0.0805 0.1772 0.0610 0.0679 0.0865 0.0597 
     D237279  5 0.0281 0.0885 0.0353 0.5416 0.0225 0.1018 0.0733 0.0921 0.0168 
     D237280  5 0.0416 0.0411 0.1289 0.1047 0.0908 0.1336 0.3227 0.0718 0.0648 
     D237281  5 0.4704 0.2142 0.0681 0.1070 0.0286 0.0194 0.0302 0.0327 0.0294 
     D237351  5 0.0323 0.1543 0.0253 0.0859 0.1046 0.0281 0.5327 0.0185 0.0183 
     D237352  5 0.0287 0.0823 0.0782 0.0733 0.0581 0.3245 0.0405 0.2239 0.0905 
     D237353  5 0.0702 0.0217 0.0265 0.0405 0.6517 0.0127 0.1017 0.0461 0.0290 
     D237359  5 0.3471 0.0265 0.0364 0.1240 0.0532 0.1169 0.1693 0.0812 0.0453 
     D237361  5 0.0265 0.0252 0.0209 0.0312 0.8005 0.0144 0.0292 0.0161 0.0361 
     D237362  5 0.0846 0.0623 0.1721 0.2479 0.1094 0.0399 0.1857 0.0569 0.0413 
     D237363  5 0.0578 0.0993 0.0346 0.5775 0.0487 0.0257 0.0620 0.0255 0.0689 
     D237364  5 0.1264 0.0823 0.0755 0.1336 0.0151 0.1307 0.2326 0.1159 0.0878 
     D237376  5 0.0258 0.0245 0.0135 0.0281 0.0509 0.0144 0.0449 0.0725 0.7253 
     D237377  5 0.0456 0.1675 0.1600 0.1720 0.1695 0.0372 0.1797 0.0419 0.0264 
     D237378  5 0.0890 0.0508 0.0263 0.0498 0.4323 0.0407 0.0708 0.0861 0.1541 
     D237379  5 0.0624 0.0479 0.0352 0.1108 0.2148 0.0539 0.0896 0.2495 0.1359 
     D237380  5 0.0195 0.1072 0.0391 0.0601 0.0627 0.0582 0.2233 0.1093 0.3207 
     D237381  5 0.0486 0.1168 0.0676 0.0575 0.1017 0.2184 0.1256 0.1318 0.1321 
     D237391  5 0.0605 0.0187 0.0314 0.0352 0.7612 0.0210 0.0321 0.0276 0.0122 
     D237392  5 0.0432 0.2179 0.2535 0.1177 0.0235 0.0465 0.0573 0.0902 0.1502 
     D237393  5 0.0522 0.0690 0.3460 0.0449 0.2061 0.0540 0.1159 0.0481 0.0639 
     D237394  5 0.0270 0.0127 0.0244 0.0284 0.8065 0.0237 0.0290 0.0328 0.0156 
     D237395  5 0.1559 0.0547 0.0385 0.1072 0.2293 0.0674 0.2163 0.0230 0.1076 
     D237396  5 0.0675 0.0861 0.2714 0.1322 0.2122 0.1095 0.0374 0.0677 0.0159 
     D244016  5 0.0603 0.0447 0.0258 0.3468 0.1533 0.0265 0.0458 0.2428 0.0541 
     D244018  5 0.1391 0.3272 0.0647 0.1160 0.1958 0.0593 0.0464 0.0317 0.0199 
     D244019  5 0.1009 0.0724 0.0987 0.3531 0.0561 0.0296 0.0609 0.0833 0.1449 
        D279  5 0.4051 0.0357 0.0292 0.0736 0.0399 0.0280 0.2989 0.0637 0.0259 
        D280  5 0.2067 0.0370 0.0952 0.2260 0.1509 0.0733 0.1141 0.0389 0.0580 
        D281  5 0.4692 0.1107 0.0317 0.1558 0.0655 0.0181 0.0653 0.0282 0.0557 
        D283  5 0.1541 0.0279 0.1786 0.1031 0.3750 0.0295 0.0608 0.0430 0.0279 
        D284  5 0.0736 0.0559 0.0720 0.2490 0.0397 0.2179 0.1229 0.0447 0.1243 
        D285  5 0.2686 0.0215 0.0614 0.0956 0.3338 0.0317 0.0696 0.0657 0.0520 
        D286  5 0.1057 0.0314 0.0914 0.0816 0.1500 0.0706 0.1667 0.1106 0.1920 
        D287  5 0.0339 0.0217 0.0199 0.0580 0.0993 0.0399 0.0860 0.0659 0.5755 
        D288  5 0.2832 0.0228 0.2514 0.2028 0.0658 0.0327 0.0890 0.0229 0.0294 
        D308  5 0.0264 0.2515 0.1037 0.0865 0.0466 0.0308 0.3715 0.0373 0.0457 
        D309  5 0.0143 0.0165 0.0263 0.0379 0.0207 0.0257 0.0224 0.8143 0.0219 
        D310  5 0.0523 0.0128 0.0207 0.1226 0.6851 0.0136 0.0234 0.0173 0.0523 
        D311  5 0.0487 0.0327 0.1139 0.1762 0.0907 0.0328 0.1173 0.1004 0.2873 
        D312  5 0.0643 0.0395 0.1158 0.1327 0.1640 0.0817 0.0615 0.1818 0.1587 
        D313  5 0.0127 0.2088 0.0191 0.0271 0.0456 0.3924 0.2649 0.0121 0.0173 
        D314  5 0.1765 0.0608 0.0309 0.0968 0.0677 0.0455 0.3545 0.0708 0.0966 
        D315  5 0.0586 0.0544 0.2350 0.1256 0.1925 0.0714 0.1025 0.0532 0.1068 
        D317  5 0.0421 0.0185 0.0569 0.0332 0.7335 0.0236 0.0241 0.0162 0.0519 
        D318  5 0.0532 0.0632 0.0710 0.2843 0.0566 0.1413 0.0921 0.1612 0.0770 
        D319  5 0.0436 0.0214 0.0257 0.0244 0.7765 0.0159 0.0496 0.0167 0.0262 
        D320  5 0.0843 0.0185 0.0281 0.0454 0.6289 0.0392 0.0606 0.0444 0.0506 
        D321  5 0.1234 0.1891 0.1064 0.0864 0.0936 0.0215 0.3438 0.0210 0.0148 
        D336  5 0.0193 0.0178 0.0230 0.0259 0.5435 0.0192 0.0252 0.0310 0.2950 
        D337  5 0.0670 0.0259 0.0290 0.0313 0.7625 0.0126 0.0193 0.0247 0.0277 
        D338  5 0.1403 0.0516 0.1657 0.1121 0.1817 0.0493 0.1839 0.0743 0.0411 
        D339  5 0.1167 0.0403 0.0419 0.0553 0.5597 0.0265 0.0789 0.0222 0.0586 
        D347  5 0.0346 0.0240 0.0773 0.0381 0.0236 0.0174 0.0182 0.0365 0.7303 
        D348  5 0.0262 0.0199 0.0272 0.0300 0.6538 0.0186 0.0170 0.1274 0.0799 
        D349  5 0.0385 0.3443 0.0268 0.0258 0.0725 0.0201 0.4274 0.0229 0.0218 
        D350  5 0.0173 0.0181 0.0203 0.0290 0.0169 0.0205 0.0297 0.8291 0.0191 
        D355  5 0.3378 0.1373 0.0872 0.1572 0.0238 0.0214 0.0742 0.0806 0.0805 
        D356  5 0.0787 0.0273 0.2533 0.0893 0.2064 0.1425 0.0538 0.0585 0.0902 
        D357  5 0.0855 0.0323 0.0624 0.1436 0.0471 0.0377 0.0861 0.0657 0.4397 
        D358  5 0.0561 0.0671 0.0490 0.1139 0.3750 0.0682 0.0636 0.1428 0.0641 
        D359  5 0.0546 0.0177 0.2356 0.0632 0.4341 0.0201 0.0311 0.1158 0.0278 
        D360  5 0.0780 0.0162 0.1035 0.0820 0.4208 0.1266 0.0392 0.0436 0.0902 
        D361  5 0.0197 0.3585 0.0461 0.0438 0.0405 0.0208 0.4279 0.0160 0.0267 
        D366  5 0.0283 0.4240 0.3744 0.0469 0.0219 0.0248 0.0291 0.0209 0.0297 
        D367  5 0.0543 0.0243 0.0270 0.0975 0.4221 0.0381 0.1184 0.0920 0.1264 
        D368  5 0.0489 0.0497 0.0847 0.2143 0.1541 0.0288 0.3326 0.0457 0.0411 
        D380  5 0.0603 0.0365 0.0436 0.1502 0.0263 0.0626 0.0445 0.5563 0.0198 
        D381  5 0.1095 0.0429 0.0786 0.1194 0.5003 0.0215 0.0372 0.0621 0.0286 
        D400  5 0.1718 0.0522 0.0711 0.0662 0.2042 0.0400 0.0724 0.1126 0.2095 
        D411  5 0.0214 0.0446 0.0192 0.0817 0.0116 0.6103 0.0922 0.0231 0.0960 
        D412  5 0.0935 0.0917 0.0703 0.1530 0.0842 0.1179 0.0905 0.0547 0.2442 
        D413  5 0.0424 0.4976 0.0756 0.1113 0.0323 0.0673 0.0407 0.1093 0.0235 
        D414  5 0.0656 0.0427 0.0210 0.0360 0.0183 0.0199 0.0894 0.6470 0.0599 
        D420  5 0.2968 0.0229 0.0207 0.2276 0.0329 0.2480 0.0394 0.0176 0.0941 
        D431  5 0.1293 0.0351 0.0192 0.1507 0.0514 0.0402 0.2948 0.1040 0.1751 
        D432  5 0.0796 0.0579 0.0690 0.0769 0.4872 0.0922 0.0503 0.0423 0.0446 
        D433  5 0.1772 0.0414 0.0689 0.0434 0.4244 0.0214 0.0989 0.0268 0.0976 
        D434  5 0.0845 0.0300 0.1112 0.1059 0.4003 0.0560 0.0751 0.0473 0.0897 
        D440  5 0.0161 0.0200 0.0211 0.0397 0.0263 0.0158 0.0340 0.8000 0.0269 
        D447  5 0.0318 0.0676 0.1556 0.2612 0.0261 0.1589 0.0579 0.1601 0.0808 
        D448  5 0.0639 0.0160 0.0473 0.0534 0.1928 0.0202 0.0564 0.0325 0.5175 
        D459  5 0.4078 0.2813 0.0744 0.0486 0.0327 0.0267 0.0357 0.0636 0.0292 
        D460  5 0.0282 0.3215 0.0684 0.0427 0.0695 0.0210 0.4023 0.0326 0.0137 
        D461  5 0.0218 0.0146 0.0523 0.0260 0.0196 0.0214 0.0211 0.8062 0.0170 
        D468  5 0.0306 0.0674 0.1398 0.2777 0.0836 0.0400 0.2025 0.0315 0.1268 
        D469  5 0.0459 0.0267 0.4774 0.0877 0.0530 0.0661 0.1277 0.0700 0.0456 
        D470  5 0.0316 0.0309 0.0806 0.0883 0.0669 0.1579 0.2421 0.0769 0.2247 
        D471  5 0.1434 0.0278 0.0630 0.0518 0.3332 0.0175 0.0747 0.0391 0.2494 
        D472  5 0.1143 0.0664 0.6814 0.0296 0.0222 0.0242 0.0250 0.0191 0.0178 
        D479  5 0.0278 0.5404 0.0297 0.0410 0.0211 0.0321 0.0292 0.1268 0.1518 
        D485  5 0.0325 0.0336 0.0259 0.0558 0.0306 0.0460 0.0338 0.1378 0.6041 
        D486  5 0.0245 0.0574 0.0937 0.2349 0.0579 0.0973 0.1029 0.0304 0.3009 
        D487  5 0.4224 0.0572 0.0310 0.0415 0.1484 0.0355 0.0979 0.1091 0.0571 
        D555  5 0.0408 0.0526 0.0223 0.0262 0.7370 0.0220 0.0221 0.0232 0.0539 
        D556  5 0.2587 0.0319 0.0387 0.1064 0.0945 0.0456 0.1562 0.2085 0.0595 
