        D174  1 0.0363 0.0721 0.0140 0.0209 0.0484 0.0616 0.1550 0.0583 0.0440 0.3295 0.0953 0.0646 
        D199  1 0.0906 0.0379 0.0252 0.1177 0.2211 0.0993 0.0336 0.0756 0.1422 0.0890 0.0412 0.0266 
        D203  1 0.1012 0.1577 0.0282 0.0666 0.0590 0.0950 0.1342 0.0389 0.1903 0.0514 0.0163 0.0612 
        D204  1 0.1216 0.0372 0.0637 0.0142 0.0135 0.0258 0.0221 0.0155 0.6238 0.0177 0.0173 0.0276 
     D237366  1 0.0314 0.0981 0.0743 0.0371 0.0470 0.0578 0.0986 0.4291 0.0484 0.0383 0.0223 0.0176 
     D237367  1 0.1467 0.1967 0.0309 0.0224 0.0192 0.1072 0.0804 0.1503 0.1043 0.0290 0.0797 0.0333 
     D237368  1 0.0391 0.0695 0.0415 0.0219 0.0526 0.1139 0.0213 0.3517 0.1238 0.1000 0.0235 0.0414 
     D244101  1 0.1559 0.0414 0.4226 0.0793 0.0280 0.0793 0.0292 0.0182 0.0871 0.0154 0.0217 0.0220 
     D244102  1 0.0314 0.2060 0.0546 0.0586 0.1320 0.0787 0.0612 0.0535 0.0639 0.0333 0.0646 0.1620 
     D244103  1 0.0657 0.1371 0.0331 0.0259 0.0483 0.1298 0.1280 0.1206 0.0705 0.0347 0.1766 0.0298 
     D244104  1 0.0295 0.0171 0.0199 0.0286 0.0196 0.0253 0.0236 0.0228 0.5895 0.0779 0.1221 0.0241 
     D244105  1 0.0133 0.0743 0.0135 0.0421 0.0256 0.1611 0.4104 0.1295 0.0335 0.0127 0.0270 0.0571 
     D244106  1 0.0519 0.0672 0.0213 0.0372 0.0611 0.0518 0.1192 0.0198 0.0644 0.4674 0.0194 0.0193 
     D244107  1 0.1121 0.0255 0.0492 0.0272 0.0435 0.0813 0.0358 0.3672 0.0318 0.0112 0.0538 0.1614 
     D244108  1 0.0339 0.0511 0.0249 0.0326 0.0654 0.0456 0.0559 0.0283 0.0422 0.2521 0.0270 0.3411 
     D244113  1 0.0277 0.0839 0.0878 0.0154 0.2364 0.0386 0.0179 0.0208 0.0163 0.3101 0.1202 0.0252 
     D244114  1 0.0360 0.0670 0.0315 0.1595 0.0627 0.1679 0.3091 0.0462 0.0299 0.0441 0.0240 0.0220 
     D244115  1 0.0243 0.0480 0.0231 0.0410 0.0327 0.1595 0.0435 0.0584 0.1539 0.1523 0.0476 0.2158 
     D267365  1 0.0207 0.0243 0.0290 0.1339 0.0532 0.0627 0.0432 0.0955 0.3599 0.1162 0.0341 0.0273 
        D404  1 0.0273 0.1812 0.0995 0.0173 0.2306 0.0342 0.0326 0.0206 0.0240 0.2303 0.0442 0.0583 
        D405  1 0.0261 0.0408 0.0327 0.0251 0.5830 0.0578 0.0345 0.0201 0.0687 0.0195 0.0503 0.0415 
        D406  1 0.0185 0.0382 0.0298 0.0188 0.0140 0.0381 0.0350 0.5593 0.0594 0.0429 0.0171 0.1290 
        D407  1 0.3930 0.0236 0.0169 0.0171 0.0180 0.0636 0.0216 0.1372 0.2018 0.0243 0.0685 0.0144 
        D408  1 0.0161 0.0464 0.0312 0.1142 0.0320 0.0401 0.0168 0.0180 0.0394 0.3150 0.2901 0.0407 
        D409  1 0.0204 0.2221 0.0245 0.0218 0.0898 0.1502 0.0326 0.0378 0.0662 0.0250 0.2767 0.0329 
        D410  1 0.0094 0.0318 0.0245 0.0121 0.0121 0.0254 0.0224 0.0140 0.0435 0.0184 0.0195 0.7668 
        D421  1 0.1583 0.0089 0.0092 0.0105 0.0078 0.0173 0.0120 0.0106 0.7115 0.0198 0.0232 0.0110 
        D422  1 0.0233 0.0185 0.0132 0.0285 0.0219 0.0381 0.0413 0.7292 0.0309 0.0124 0.0194 0.0232 
        D423  1 0.1292 0.0225 0.0110 0.0115 0.0171 0.0346 0.0517 0.0465 0.0222 0.0166 0.0106 0.6266 
        D424  1 0.0213 0.0283 0.0158 0.0118 0.0222 0.0881 0.0582 0.0643 0.6182 0.0249 0.0296 0.0173 
        D425  1 0.0352 0.0666 0.0238 0.0401 0.0930 0.1264 0.1283 0.0360 0.2583 0.0525 0.0627 0.0771 
        D426  1 0.0263 0.0649 0.0131 0.1083 0.0123 0.2544 0.0313 0.0905 0.0225 0.0167 0.3477 0.0120 
        D427  1 0.3164 0.0204 0.0121 0.0201 0.0589 0.0293 0.0151 0.0301 0.3141 0.1370 0.0302 0.0164 
        D428  1 0.0999 0.0383 0.0805 0.0288 0.0658 0.1153 0.0260 0.0947 0.1233 0.1794 0.0661 0.0817 
        D429  1 0.0238 0.0478 0.0234 0.0403 0.0853 0.0679 0.1396 0.0264 0.4205 0.0812 0.0183 0.0255 
        D430  1 0.0524 0.2368 0.0177 0.0699 0.0499 0.1692 0.1517 0.0293 0.0488 0.0805 0.0570 0.0367 
        D491  1 0.0149 0.0394 0.0252 0.0280 0.0290 0.0374 0.0159 0.0168 0.0760 0.5701 0.1069 0.0405 
        D492  1 0.1415 0.0597 0.0502 0.0196 0.0876 0.1263 0.0570 0.1102 0.1872 0.0950 0.0326 0.0333 
        D537  1 0.0954 0.0343 0.0667 0.0179 0.0634 0.0878 0.1077 0.0669 0.2850 0.0227 0.0863 0.0659 
        D538  1 0.0450 0.4633 0.0294 0.0221 0.0690 0.0897 0.0236 0.0633 0.0410 0.0522 0.0251 0.0764 
        D539  1 0.0213 0.0864 0.0394 0.2576 0.0866 0.0809 0.1677 0.0439 0.0225 0.0840 0.0525 0.0571 
        D540  1 0.0205 0.0566 0.0158 0.0500 0.0362 0.1446 0.0354 0.0557 0.1720 0.0166 0.3471 0.0496 
        D541  1 0.0581 0.0127 0.0159 0.0137 0.0089 0.0171 0.0099 0.0150 0.8138 0.0092 0.0107 0.0151 
        D551  1 0.0917 0.0271 0.0198 0.2050 0.0510 0.2441 0.1685 0.0627 0.0199 0.0286 0.0614 0.0202 
        D552  1 0.0254 0.0404 0.0651 0.0605 0.0195 0.1056 0.0484 0.0726 0.1418 0.1725 0.0671 0.1810 
        D553  1 0.0089 0.0106 0.0122 0.0128 0.0067 0.0134 0.0104 0.0139 0.8763 0.0123 0.0120 0.0107 
        D615  1 0.0430 0.0694 0.0187 0.0409 0.0545 0.0846 0.0598 0.0340 0.4211 0.0422 0.0306 0.1010 
        D616  1 0.1786 0.0475 0.0150 0.0638 0.0237 0.1510 0.0567 0.0621 0.2115 0.0494 0.0383 0.1024 
        D621  1 0.0168 0.0239 0.3827 0.0201 0.0379 0.0378 0.0273 0.2019 0.0121 0.0597 0.0362 0.1435 
        D622  1 0.0277 0.0397 0.0464 0.0348 0.0160 0.0516 0.0873 0.4140 0.0347 0.0311 0.0454 0.1713 
        D623  1 0.1063 0.0535 0.2031 0.0291 0.1850 0.0555 0.0208 0.0228 0.0171 0.2174 0.0289 0.0606 
        D624  1 0.0136 0.0277 0.0112 0.0179 0.0236 0.0960 0.0421 0.0363 0.0279 0.6530 0.0325 0.0183 
        D625  1 0.0289 0.0451 0.0407 0.0181 0.0148 0.0651 0.0540 0.0438 0.5759 0.0329 0.0351 0.0456 
        D626  1 0.0239 0.1190 0.0205 0.0469 0.0425 0.0625 0.0865 0.0853 0.0405 0.2529 0.1434 0.0761 
        D627  1 0.0285 0.2532 0.0200 0.1266 0.0121 0.2477 0.0422 0.0459 0.0946 0.0274 0.0881 0.0135 
        D690  1 0.0128 0.0211 0.0203 0.0131 0.0089 0.0281 0.0137 0.0331 0.7453 0.0359 0.0223 0.0456 
        D691  1 0.0275 0.0354 0.0246 0.0238 0.0102 0.0252 0.1652 0.5321 0.0365 0.0343 0.0221 0.0631 
        D710  1 0.0432 0.0783 0.1013 0.0288 0.0429 0.0868 0.0190 0.1213 0.1997 0.1269 0.0835 0.0682 
        D711  1 0.0228 0.0646 0.0271 0.0140 0.0176 0.0255 0.0226 0.0265 0.7191 0.0222 0.0117 0.0262 
        D712  1 0.0205 0.0526 0.0377 0.0659 0.1012 0.0395 0.0222 0.0502 0.0261 0.4787 0.0764 0.0289 
        D713  1 0.0302 0.0578 0.1743 0.0187 0.1392 0.1095 0.1208 0.0786 0.0633 0.0923 0.0680 0.0473 
        D746  1 0.0356 0.0219 0.0200 0.0168 0.0130 0.0320 0.0356 0.6490 0.0640 0.0197 0.0327 0.0597 
        D747  1 0.0462 0.0180 0.0202 0.0163 0.0113 0.0271 0.0209 0.0181 0.7815 0.0137 0.0126 0.0138 
        D748  1 0.0225 0.0673 0.0527 0.0290 0.0133 0.0483 0.3756 0.1302 0.1150 0.0332 0.0378 0.0751 
        D749  1 0.0265 0.0261 0.0580 0.0363 0.1498 0.1698 0.1177 0.2250 0.0254 0.0707 0.0215 0.0733 
        D750  1 0.0177 0.0230 0.0315 0.0194 0.0259 0.0290 0.0477 0.0364 0.1151 0.5478 0.0256 0.0811 
        D763  1 0.0897 0.0366 0.1652 0.1474 0.0215 0.1086 0.1157 0.0896 0.0456 0.0157 0.1322 0.0322 
        D764  1 0.0185 0.0194 0.0151 0.0138 0.0131 0.0469 0.0272 0.0539 0.4730 0.1925 0.0312 0.0954 
        D765  1 0.0112 0.0536 0.0126 0.0183 0.0323 0.0453 0.0490 0.0424 0.0250 0.0635 0.0188 0.6279 
        D766  1 0.0354 0.0254 0.1162 0.0164 0.0229 0.0537 0.0814 0.0657 0.0330 0.0314 0.0893 0.4292 
        D767  1 0.0382 0.3688 0.1150 0.0271 0.0707 0.0821 0.0894 0.0507 0.0631 0.0236 0.0213 0.0500 
        D768  1 0.0174 0.0128 0.0110 0.0152 0.0148 0.0250 0.0310 0.0211 0.8059 0.0120 0.0173 0.0165 
        D811  1 0.0164 0.1480 0.0186 0.0160 0.0890 0.0399 0.0277 0.0138 0.0152 0.0640 0.3867 0.1647 
        D816  1 0.0124 0.0141 0.0125 0.0166 0.0163 0.0133 0.0159 0.0154 0.8429 0.0138 0.0109 0.0158 
        D825  1 0.0204 0.0836 0.0165 0.0188 0.0397 0.0859 0.0339 0.0284 0.0580 0.1188 0.0485 0.4474 
        D866  1 0.0442 0.0677 0.0128 0.3131 0.1030 0.0901 0.0422 0.0255 0.0426 0.1277 0.0648 0.0665 
        D867  1 0.0371 0.0183 0.0775 0.0189 0.0418 0.0330 0.0330 0.6397 0.0176 0.0211 0.0409 0.0211 
        D871  1 0.0196 0.3805 0.0295 0.0231 0.0158 0.0875 0.0278 0.0245 0.0409 0.0364 0.2944 0.0200 
        D872  1 0.0311 0.4304 0.0257 0.0159 0.0341 0.0573 0.0285 0.0628 0.1035 0.0289 0.0253 0.1567 
        D873  1 0.0147 0.0158 0.0266 0.0084 0.1378 0.0210 0.0120 0.0226 0.0080 0.0086 0.0141 0.7105 
        D874  1 0.0207 0.0237 0.6887 0.0232 0.0187 0.0332 0.0334 0.0152 0.0454 0.0618 0.0246 0.0114 
        D875  1 0.0194 0.2772 0.0190 0.0149 0.0156 0.1102 0.1123 0.0630 0.0237 0.0199 0.2414 0.0832 
        D876  1 0.0185 0.0738 0.0630 0.0457 0.0196 0.0808 0.0238 0.0666 0.4454 0.0803 0.0348 0.0478 
        D877  1 0.0285 0.2327 0.1110 0.0124 0.1992 0.0988 0.0382 0.0139 0.0356 0.1576 0.0516 0.0204 
        D892  1 0.0161 0.1288 0.0291 0.0194 0.0170 0.0650 0.2509 0.1077 0.1789 0.1394 0.0122 0.0355 
        D893  1 0.0288 0.0225 0.0313 0.0542 0.0205 0.0378 0.0546 0.0552 0.6251 0.0111 0.0297 0.0293 
        D894  1 0.0204 0.0489 0.0233 0.0266 0.0210 0.0455 0.0614 0.0241 0.6518 0.0362 0.0198 0.0208 
        D915  1 0.0348 0.0309 0.0160 0.0251 0.0200 0.0490 0.2213 0.0379 0.3812 0.0413 0.0330 0.1095 
        D916  1 0.0162 0.0116 0.0096 0.0099 0.0082 0.0152 0.0152 0.0116 0.8679 0.0111 0.0093 0.0142 
        D917  1 0.0338 0.0256 0.1136 0.0752 0.1821 0.1343 0.0316 0.0412 0.1457 0.1394 0.0514 0.0261 
        D925  1 0.0103 0.0250 0.0144 0.0330 0.0326 0.0264 0.0121 0.0431 0.2586 0.0522 0.0328 0.4593 
        D926  1 0.0215 0.0497 0.0579 0.0455 0.0215 0.1990 0.0890 0.0497 0.3492 0.0462 0.0321 0.0386 
        D927  1 0.2136 0.0572 0.0331 0.1166 0.0395 0.1274 0.0458 0.0696 0.1958 0.0498 0.0283 0.0234 
        D928  1 0.0181 0.0200 0.0147 0.0095 0.0234 0.0176 0.0121 0.0086 0.0549 0.7799 0.0113 0.0298 
        D929  1 0.0179 0.3828 0.2995 0.0151 0.0473 0.0343 0.0408 0.0512 0.0225 0.0404 0.0270 0.0211 
        D936  1 0.0402 0.0237 0.1118 0.1098 0.0288 0.0469 0.0507 0.0167 0.4971 0.0234 0.0206 0.0302 
        D938  1 0.0259 0.0230 0.0547 0.0164 0.0158 0.0302 0.0385 0.5478 0.0211 0.0246 0.0600 0.1420 
        D956  1 0.0199 0.0863 0.0234 0.0271 0.0899 0.0536 0.0720 0.0146 0.0380 0.4976 0.0339 0.0437 
        D957  1 0.0196 0.2046 0.0372 0.0246 0.0314 0.0526 0.0350 0.0355 0.0629 0.0257 0.0149 0.4562 
        D958  1 0.0328 0.1353 0.0839 0.0151 0.0137 0.0470 0.0419 0.0527 0.0992 0.1315 0.0382 0.3087 
        D959  1 0.4005 0.0163 0.0114 0.0147 0.0261 0.0797 0.0511 0.2008 0.1143 0.0217 0.0487 0.0148 
        D960  1 0.0171 0.0230 0.0280 0.0191 0.1507 0.0644 0.0537 0.4742 0.0313 0.0268 0.0095 0.1024 
        D989  1 0.0406 0.0392 0.0204 0.0834 0.0928 0.0526 0.0367 0.0396 0.0325 0.5052 0.0393 0.0177 
        D990  1 0.0213 0.0324 0.0170 0.1670 0.0163 0.0568 0.0167 0.0242 0.0144 0.0522 0.0201 0.5617 
        D023  2 0.0166 0.0102 0.0100 0.0101 0.0127 0.0188 0.0124 0.8528 0.0226 0.0079 0.0142 0.0117 
        D130  2 0.0556 0.1423 0.0195 0.0142 0.0336 0.0355 0.0453 0.5347 0.0583 0.0135 0.0173 0.0301 
        D131  2 0.0710 0.1517 0.0347 0.0665 0.0121 0.1811 0.0347 0.0229 0.1991 0.0280 0.1386 0.0594 
        D163  2 0.0154 0.0233 0.0294 0.0330 0.0126 0.0456 0.0796 0.6191 0.0461 0.0345 0.0207 0.0409 
        D164  2 0.3888 0.0118 0.0162 0.0119 0.0940 0.0225 0.0150 0.0232 0.0097 0.0094 0.0276 0.3699 
        D165  2 0.0206 0.0102 0.0143 0.0182 0.0168 0.0210 0.0138 0.8124 0.0228 0.0136 0.0191 0.0174 
        D166  2 0.0226 0.3972 0.0542 0.0316 0.0764 0.0932 0.1497 0.0363 0.0274 0.0142 0.0653 0.0319 
        D167  2 0.1904 0.0105 0.0071 0.0097 0.7116 0.0105 0.0088 0.0090 0.0086 0.0155 0.0089 0.0093 
        D192  2 0.2296 0.0090 0.0118 0.0192 0.6588 0.0121 0.0091 0.0078 0.0092 0.0122 0.0114 0.0100 
        D193  2 0.0176 0.0304 0.0250 0.0282 0.6887 0.0454 0.0748 0.0153 0.0131 0.0281 0.0145 0.0189 
        D206  2 0.2150 0.0271 0.0241 0.0322 0.0629 0.1089 0.0744 0.0337 0.0426 0.0196 0.3348 0.0246 
        D207  2 0.3428 0.1031 0.0186 0.0605 0.1912 0.0926 0.0717 0.0276 0.0240 0.0165 0.0323 0.0190 
        D208  2 0.0268 0.0462 0.0352 0.2539 0.0581 0.0861 0.0825 0.0336 0.0473 0.1142 0.1815 0.0346 
        D209  2 0.1117 0.0327 0.0985 0.0416 0.3838 0.1087 0.0207 0.0401 0.0179 0.0197 0.0758 0.0487 
        D210  2 0.0664 0.0381 0.0297 0.1079 0.0275 0.0497 0.0592 0.0210 0.0576 0.4944 0.0239 0.0245 
     D229599  2 0.0289 0.0477 0.0945 0.1899 0.0705 0.1427 0.0517 0.1003 0.1473 0.0418 0.0394 0.0453 
     D229600  2 0.1204 0.0493 0.0198 0.0206 0.3017 0.0554 0.0406 0.2979 0.0230 0.0148 0.0198 0.0368 
     D237227  2 0.0336 0.0417 0.0149 0.1194 0.0267 0.0842 0.0204 0.0566 0.0412 0.2948 0.0477 0.2188 
     D237228  2 0.0251 0.0254 0.0125 0.0743 0.0552 0.0558 0.0356 0.0192 0.0120 0.0655 0.0221 0.5973 
     D237258  2 0.0956 0.0565 0.0497 0.0845 0.1418 0.1204 0.0427 0.1603 0.0522 0.0435 0.0920 0.0607 
     D237310  2 0.0400 0.1841 0.0250 0.0201 0.0304 0.0362 0.0351 0.0256 0.0095 0.0287 0.0214 0.5438 
     D237311  2 0.0823 0.0415 0.0154 0.0236 0.1067 0.0322 0.0527 0.0202 0.0108 0.0184 0.0182 0.5781 
     D237312  2 0.0309 0.1347 0.0576 0.0155 0.0524 0.0638 0.2602 0.0515 0.0173 0.0310 0.0422 0.2429 
     D237313  2 0.0246 0.0828 0.0526 0.0711 0.0235 0.1478 0.0585 0.0330 0.1038 0.0488 0.1978 0.1557 
     D237322  2 0.0386 0.2034 0.0977 0.1697 0.0284 0.1427 0.0915 0.0263 0.0235 0.0660 0.0484 0.0636 
     D237323  2 0.0201 0.1462 0.0251 0.0424 0.0208 0.0282 0.0312 0.0468 0.0122 0.0957 0.0154 0.5158 
     D237324  2 0.1151 0.0357 0.0300 0.0733 0.0488 0.3340 0.0387 0.1912 0.0479 0.0109 0.0252 0.0491 
     D237325  2 0.0384 0.0642 0.0374 0.0379 0.0491 0.0534 0.2374 0.0720 0.0178 0.0552 0.0290 0.3082 
     D237326  2 0.0379 0.0186 0.0364 0.0233 0.0305 0.0315 0.0384 0.0371 0.0357 0.0382 0.0119 0.6605 
     D237327  2 0.0786 0.1280 0.0668 0.1951 0.0343 0.1799 0.0651 0.1140 0.0547 0.0261 0.0361 0.0214 
     D237337  2 0.0139 0.0222 0.0127 0.0188 0.0131 0.0246 0.0276 0.0187 0.0138 0.0200 0.0185 0.7959 
     D237338  2 0.0541 0.0456 0.0663 0.1085 0.0320 0.1003 0.1795 0.1048 0.0356 0.0881 0.0461 0.1391 
     D237339  2 0.1375 0.0219 0.5817 0.0356 0.0454 0.0489 0.0355 0.0188 0.0173 0.0129 0.0257 0.0186 
     D237340  2 0.1091 0.0540 0.0370 0.0427 0.1543 0.0443 0.0883 0.0473 0.0151 0.0874 0.0197 0.3008 
     D237389  2 0.0337 0.0514 0.0162 0.0147 0.2116 0.0286 0.0936 0.0196 0.0117 0.0160 0.0193 0.4836 
     D237390  2 0.0179 0.0867 0.0375 0.0336 0.0509 0.0379 0.3666 0.0367 0.0163 0.0404 0.0268 0.2488 
     D244017  2 0.0882 0.0408 0.0139 0.0240 0.5876 0.0440 0.0128 0.0288 0.0166 0.1113 0.0141 0.0178 
     D244112  2 0.2759 0.0253 0.0116 0.0209 0.4944 0.0444 0.0367 0.0293 0.0146 0.0158 0.0142 0.0169 
     D244118  2 0.1259 0.0118 0.0119 0.0140 0.6254 0.0160 0.0121 0.1317 0.0085 0.0166 0.0075 0.0187 
     D244119  2 0.1334 0.0157 0.0083 0.0162 0.1267 0.0248 0.0104 0.0121 0.0151 0.6015 0.0168 0.0189 
     D244120  2 0.0629 0.0339 0.0294 0.0396 0.7197 0.0180 0.0292 0.0148 0.0086 0.0134 0.0160 0.0145 
     D244122  2 0.1485 0.0351 0.0182 0.0178 0.5799 0.0287 0.0372 0.0299 0.0275 0.0208 0.0410 0.0155 
        D291  2 0.0302 0.0944 0.0118 0.4677 0.0718 0.0926 0.0246 0.0529 0.0547 0.0125 0.0659 0.0210 
        D292  2 0.0731 0.0477 0.0258 0.1977 0.1952 0.0756 0.0361 0.0191 0.2033 0.0500 0.0198 0.0565 
        D293  2 0.8000 0.0140 0.0476 0.0172 0.0104 0.0243 0.0137 0.0107 0.0307 0.0127 0.0094 0.0092 
        D322  2 0.6162 0.0245 0.0831 0.0224 0.0200 0.0646 0.0293 0.0280 0.0509 0.0130 0.0204 0.0275 
        D323  2 0.0759 0.0727 0.0475 0.0304 0.0569 0.0575 0.0308 0.0214 0.0197 0.0229 0.5371 0.0272 
        D324  2 0.0468 0.0480 0.0227 0.2834 0.0177 0.1172 0.0663 0.0691 0.1022 0.0441 0.0806 0.1019 
        D325  2 0.8160 0.0121 0.0150 0.0271 0.0112 0.0233 0.0259 0.0154 0.0215 0.0099 0.0115 0.0112 
        D326  2 0.0128 0.0119 0.0154 0.0158 0.0114 0.0172 0.0137 0.0084 0.8427 0.0220 0.0206 0.0081 
        D340  2 0.8285 0.0104 0.0168 0.0233 0.0175 0.0183 0.0133 0.0119 0.0120 0.0175 0.0131 0.0173 
        D341  2 0.5479 0.0433 0.0181 0.0264 0.0231 0.0423 0.1654 0.0187 0.0184 0.0282 0.0365 0.0317 
        D342  2 0.1715 0.0479 0.0161 0.0607 0.2641 0.1063 0.0903 0.0723 0.0200 0.0137 0.0751 0.0620 
        D343  2 0.8948 0.0096 0.0103 0.0129 0.0082 0.0102 0.0112 0.0094 0.0125 0.0064 0.0067 0.0078 
        D344  2 0.0301 0.0798 0.3861 0.0228 0.1667 0.1031 0.0431 0.0136 0.0792 0.0134 0.0204 0.0419 
        D345  2 0.0356 0.0276 0.2324 0.0378 0.0446 0.1275 0.0178 0.0521 0.0742 0.0304 0.0830 0.2369 
        D346  2 0.0497 0.0306 0.0305 0.0340 0.0249 0.0368 0.0340 0.0182 0.0368 0.2658 0.4112 0.0274 
        D351  2 0.0749 0.1492 0.0438 0.0878 0.0168 0.1502 0.1053 0.0442 0.2143 0.0187 0.0450 0.0499 
        D352  2 0.0361 0.0305 0.6915 0.0263 0.0244 0.0444 0.0227 0.0118 0.0150 0.0351 0.0274 0.0348 
        D353  2 0.0144 0.0312 0.1034 0.0342 0.0187 0.4791 0.0292 0.0172 0.2148 0.0109 0.0333 0.0135 
        D354  2 0.0091 0.0171 0.7442 0.0160 0.0342 0.0260 0.0157 0.0134 0.0377 0.0258 0.0250 0.0357 
        D362  2 0.0265 0.0182 0.0149 0.0145 0.0505 0.0420 0.0220 0.0613 0.6788 0.0183 0.0233 0.0297 
        D363  2 0.0221 0.0175 0.0155 0.0227 0.0325 0.0233 0.0126 0.0459 0.7317 0.0201 0.0349 0.0211 
        D364  2 0.0181 0.0192 0.2919 0.0189 0.0645 0.0809 0.0344 0.0184 0.3371 0.0247 0.0408 0.0512 
        D365  2 0.8793 0.0091 0.0167 0.0093 0.0089 0.0106 0.0109 0.0081 0.0108 0.0129 0.0110 0.0124 
        D369  2 0.1139 0.0332 0.0170 0.0722 0.0324 0.0844 0.0569 0.0348 0.1588 0.1389 0.1317 0.1259 
        D374  2 0.0126 0.0161 0.0158 0.0136 0.7177 0.0149 0.0138 0.0091 0.0157 0.1269 0.0173 0.0265 
        D375  2 0.0072 0.0181 0.7962 0.0089 0.0338 0.0341 0.0231 0.0142 0.0153 0.0118 0.0265 0.0108 
        D376  2 0.0202 0.0181 0.0506 0.0287 0.5032 0.0505 0.0419 0.0139 0.0150 0.2089 0.0178 0.0312 
        D377  2 0.0405 0.0542 0.0326 0.0378 0.0409 0.0511 0.0565 0.0226 0.0178 0.0319 0.4779 0.1363 
        D378  2 0.3024 0.0468 0.1722 0.0307 0.0180 0.1230 0.0337 0.0643 0.0865 0.0248 0.0709 0.0266 
        D379  2 0.0236 0.0330 0.0438 0.0226 0.0240 0.0555 0.0517 0.0168 0.5635 0.0205 0.1205 0.0244 
        D384  2 0.0186 0.0151 0.0127 0.0186 0.0110 0.0221 0.0129 0.0094 0.8131 0.0338 0.0193 0.0134 
        D385  2 0.6730 0.0128 0.1317 0.0180 0.0262 0.0182 0.0206 0.0103 0.0135 0.0329 0.0255 0.0173 
        D386  2 0.0885 0.0704 0.4404 0.0206 0.0273 0.1128 0.0320 0.0543 0.0643 0.0123 0.0436 0.0334 
        D391  2 0.7668 0.0211 0.0582 0.0185 0.0137 0.0213 0.0211 0.0115 0.0146 0.0115 0.0204 0.0212 
        D392  2 0.5312 0.0424 0.0212 0.0288 0.0519 0.0490 0.0195 0.0289 0.0447 0.0429 0.0229 0.1166 
        D393  2 0.1486 0.0525 0.2175 0.0884 0.0113 0.0551 0.0486 0.0292 0.1765 0.0201 0.1104 0.0417 
        D394  2 0.0572 0.0802 0.1200 0.0400 0.1472 0.1251 0.0725 0.1017 0.0710 0.0280 0.0214 0.1357 
        D395  2 0.3424 0.0293 0.3886 0.0360 0.0223 0.0629 0.0220 0.0201 0.0107 0.0194 0.0299 0.0163 
        D401  2 0.0245 0.0156 0.0070 0.0148 0.0412 0.0214 0.0177 0.0129 0.0127 0.0234 0.0426 0.7662 
        D402  2 0.6996 0.0272 0.0571 0.0308 0.0344 0.0263 0.0185 0.0125 0.0132 0.0153 0.0449 0.0203 
        D403  2 0.0230 0.1428 0.0611 0.0253 0.0279 0.3751 0.0510 0.0598 0.1721 0.0142 0.0275 0.0201 
        D415  2 0.0542 0.0679 0.0301 0.0119 0.0107 0.1450 0.0493 0.0348 0.4445 0.0112 0.0257 0.1148 
        D435  2 0.3109 0.0232 0.0360 0.0463 0.0152 0.0420 0.0407 0.0246 0.4050 0.0136 0.0166 0.0259 
        D436  2 0.0382 0.0510 0.3639 0.0193 0.0450 0.0571 0.2733 0.0216 0.0606 0.0273 0.0164 0.0263 
        D438  2 0.8367 0.0118 0.0123 0.0172 0.0179 0.0155 0.0170 0.0129 0.0089 0.0147 0.0242 0.0109 
        D439  2 0.0691 0.0196 0.5377 0.0288 0.0150 0.1348 0.0315 0.0371 0.0375 0.0095 0.0413 0.0380 
        D449  2 0.2427 0.0243 0.0200 0.0527 0.1254 0.2051 0.1151 0.0295 0.0561 0.0179 0.0914 0.0200 
        D450  2 0.0146 0.0720 0.2224 0.0531 0.0371 0.1522 0.1043 0.0379 0.1232 0.0799 0.0719 0.0313 
        D456  2 0.0118 0.0201 0.0141 0.0157 0.0085 0.0138 0.0165 0.0136 0.8501 0.0115 0.0151 0.0092 
        D462  2 0.7496 0.0146 0.0891 0.0150 0.0226 0.0183 0.0151 0.0169 0.0233 0.0111 0.0133 0.0111 
        D463  2 0.0116 0.0178 0.0215 0.0132 0.0160 0.0266 0.0128 0.0136 0.8055 0.0270 0.0192 0.0152 
        D464  2 0.0674 0.0699 0.3399 0.0271 0.0479 0.2706 0.0332 0.0155 0.0574 0.0210 0.0273 0.0228 
        D465  2 0.6846 0.0273 0.0137 0.0180 0.0159 0.0253 0.0231 0.0155 0.0545 0.0168 0.0437 0.0614 
        D473  2 0.0478 0.0643 0.0764 0.0267 0.0194 0.0517 0.0406 0.0524 0.0160 0.4449 0.0605 0.0993 
        D474  2 0.0446 0.0146 0.0226 0.1037 0.0167 0.0437 0.0329 0.0634 0.5561 0.0344 0.0274 0.0398 
        D476  2 0.0761 0.0161 0.4737 0.0318 0.0101 0.0258 0.0152 0.2993 0.0205 0.0105 0.0104 0.0106 
        D477  2 0.0218 0.0452 0.1779 0.0940 0.0213 0.0479 0.0326 0.0226 0.2512 0.0445 0.1188 0.1222 
        D478  2 0.0257 0.0510 0.0461 0.0303 0.3045 0.1202 0.0406 0.2455 0.0249 0.0497 0.0415 0.0200 
        D480  2 0.1676 0.0712 0.2042 0.0559 0.0146 0.0797 0.0798 0.0161 0.1146 0.0809 0.0969 0.0187 
        D481  2 0.0325 0.0473 0.1522 0.0337 0.0526 0.0956 0.0182 0.0977 0.3128 0.0660 0.0351 0.0563 
        D482  2 0.0196 0.0837 0.2435 0.2079 0.0255 0.0985 0.0961 0.0275 0.0183 0.0641 0.0582 0.0571 
        D483  2 0.2270 0.0135 0.0097 0.0190 0.5976 0.0213 0.0113 0.0197 0.0122 0.0433 0.0118 0.0137 
        D484  2 0.0185 0.0209 0.8069 0.0145 0.0304 0.0190 0.0207 0.0110 0.0068 0.0163 0.0198 0.0151 
        D510  2 0.0151 0.0227 0.0188 0.0989 0.3831 0.0473 0.0535 0.0132 0.0218 0.2658 0.0321 0.0278 
        D511  2 0.1035 0.0320 0.6000 0.0257 0.0146 0.0374 0.0222 0.0346 0.0482 0.0169 0.0417 0.0232 
        D512  2 0.1585 0.0976 0.0170 0.0303 0.0196 0.0491 0.0254 0.0224 0.0159 0.0107 0.0397 0.5139 
        D513  2 0.6579 0.0188 0.0161 0.0505 0.0212 0.0426 0.0390 0.0189 0.0231 0.0335 0.0527 0.0259 
        D635  2 0.0470 0.0134 0.0211 0.0154 0.0178 0.0466 0.0138 0.5571 0.1900 0.0189 0.0372 0.0218 
        D636  2 0.0121 0.0148 0.0129 0.0090 0.0118 0.0208 0.0138 0.7792 0.0246 0.0146 0.0500 0.0365 
        D637  2 0.0939 0.0441 0.2025 0.0396 0.0491 0.0842 0.2701 0.0195 0.0191 0.0461 0.0906 0.0412 
        D658  2 0.3498 0.0319 0.1955 0.0218 0.0903 0.0514 0.0680 0.0151 0.0207 0.0716 0.0196 0.0643 
        D659  2 0.0393 0.0199 0.0444 0.0750 0.0312 0.0653 0.0848 0.0830 0.4609 0.0311 0.0500 0.0151 
        D677  2 0.0640 0.0797 0.0268 0.0553 0.0423 0.0645 0.3388 0.0661 0.0787 0.0167 0.0878 0.0792 
        D678  2 0.1273 0.0303 0.0154 0.0275 0.6079 0.0479 0.0236 0.0218 0.0144 0.0085 0.0525 0.0230 
        D679  2 0.0678 0.0440 0.0425 0.0890 0.0158 0.0927 0.0642 0.0312 0.1686 0.0388 0.3217 0.0236 
        D719  2 0.2279 0.0163 0.0425 0.0951 0.0284 0.0519 0.0243 0.0118 0.0921 0.3288 0.0337 0.0471 
        D720  2 0.1150 0.0228 0.0137 0.0214 0.0165 0.0346 0.0234 0.0191 0.6214 0.0535 0.0391 0.0194 
        D721  2 0.0333 0.0121 0.0201 0.0232 0.0123 0.0319 0.0187 0.7563 0.0249 0.0176 0.0340 0.0158 
        D722  2 0.0253 0.0169 0.0214 0.0260 0.7037 0.0189 0.0180 0.0126 0.0121 0.0595 0.0354 0.0504 
        D734  2 0.0485 0.0164 0.6409 0.0225 0.0189 0.0198 0.0250 0.0119 0.0149 0.1456 0.0252 0.0103 
        D735  2 0.0862 0.1050 0.0647 0.0355 0.0145 0.1200 0.0263 0.0317 0.1585 0.0605 0.2073 0.0898 
        D736  2 0.0420 0.0131 0.0514 0.2930 0.0599 0.0892 0.0713 0.0393 0.0536 0.2089 0.0374 0.0411 
        D737  2 0.1358 0.0363 0.0553 0.0689 0.5418 0.0242 0.0174 0.0307 0.0130 0.0342 0.0125 0.0299 
        D807  2 0.0347 0.0516 0.0730 0.0826 0.0537 0.0714 0.1523 0.0356 0.1660 0.1239 0.0684 0.0868 
        D808  2 0.0948 0.2789 0.0407 0.0569 0.0232 0.1150 0.0767 0.0361 0.0781 0.0221 0.0207 0.1569 
        D817  2 0.0197 0.0276 0.0378 0.0395 0.0243 0.0582 0.0397 0.0204 0.0919 0.0162 0.5854 0.0393 
        D818  2 0.2316 0.1347 0.0193 0.0924 0.0149 0.1520 0.1915 0.0726 0.0365 0.0153 0.0259 0.0133 
        D819  2 0.0247 0.0524 0.0195 0.0226 0.0191 0.0671 0.0264 0.0308 0.0891 0.0214 0.4791 0.1478 
        D820  2 0.1315 0.0235 0.1069 0.0283 0.0145 0.0495 0.1407 0.0176 0.4349 0.0186 0.0186 0.0155 
        D895  2 0.0386 0.0290 0.0478 0.0354 0.0579 0.1653 0.0558 0.0832 0.1683 0.0331 0.2254 0.0604 
        D896  2 0.0136 0.0198 0.0110 0.0123 0.0118 0.0119 0.0212 0.0110 0.0114 0.0198 0.0107 0.8457 
        D897  2 0.2624 0.0527 0.0334 0.0834 0.0965 0.0949 0.1601 0.0327 0.0230 0.0161 0.1033 0.0415 
        D898  2 0.0190 0.1216 0.0305 0.0878 0.0708 0.1539 0.0556 0.0210 0.0294 0.0277 0.1368 0.2458 
        D918  2 0.0804 0.0749 0.0540 0.0414 0.0171 0.1658 0.2446 0.0785 0.0282 0.0423 0.0523 0.1204 
        D919  2 0.1087 0.0462 0.3663 0.0753 0.0741 0.1040 0.0352 0.0264 0.1179 0.0134 0.0179 0.0145 
        D920  2 0.0163 0.0665 0.0359 0.0234 0.0588 0.0420 0.0662 0.5084 0.0306 0.0803 0.0166 0.0551 
        D923  2 0.0302 0.0222 0.1162 0.0211 0.0256 0.0521 0.0342 0.0195 0.6151 0.0165 0.0302 0.0173 
        D930  2 0.0567 0.0840 0.1458 0.0401 0.0322 0.1405 0.0594 0.0175 0.1652 0.0601 0.1358 0.0627 
        D931  2 0.1217 0.0509 0.2752 0.0389 0.0415 0.0716 0.0491 0.0263 0.2051 0.0335 0.0513 0.0349 
        D968  2 0.7490 0.0241 0.0255 0.0435 0.0356 0.0235 0.0194 0.0103 0.0168 0.0152 0.0204 0.0166 
        D969  2 0.0879 0.0560 0.0383 0.1227 0.1017 0.1672 0.0452 0.0267 0.2256 0.0460 0.0381 0.0445 
        D977  2 0.6514 0.0313 0.0241 0.0339 0.0466 0.0502 0.0572 0.0263 0.0213 0.0175 0.0250 0.0152 
        D978  2 0.0434 0.3513 0.0205 0.1168 0.0623 0.0589 0.0446 0.0166 0.0208 0.0227 0.2304 0.0118 
        D211  3 0.0188 0.1296 0.0233 0.0281 0.0131 0.0666 0.2055 0.3399 0.0744 0.0235 0.0576 0.0196 
     D229639  3 0.0253 0.0384 0.0175 0.5024 0.0655 0.0671 0.0331 0.0209 0.0626 0.0821 0.0402 0.0449 
     D237212  3 0.0603 0.0760 0.1778 0.1596 0.0201 0.1003 0.1113 0.0586 0.0635 0.0199 0.1061 0.0465 
     D237213  3 0.0330 0.0640 0.0520 0.0335 0.0204 0.0716 0.1127 0.0479 0.0250 0.0133 0.3553 0.1713 
     D237214  3 0.0103 0.0236 0.0121 0.0099 0.0156 0.0272 0.0188 0.8279 0.0148 0.0171 0.0125 0.0102 
     D237215  3 0.1216 0.0279 0.0126 0.0514 0.6038 0.0338 0.0128 0.0132 0.0135 0.0545 0.0310 0.0238 
     D237216  3 0.0365 0.1018 0.0288 0.0638 0.0210 0.4801 0.0405 0.0790 0.0270 0.0164 0.0752 0.0301 
     D237217  3 0.0233 0.0433 0.0167 0.0706 0.0166 0.2841 0.2367 0.1645 0.0462 0.0117 0.0237 0.0627 
     D237218  3 0.0998 0.1149 0.1280 0.2602 0.0128 0.0800 0.1392 0.0243 0.0404 0.0441 0.0379 0.0185 
     D237219  3 0.0172 0.0435 0.0118 0.1235 0.0225 0.0841 0.2472 0.0468 0.0213 0.0641 0.1763 0.1417 
     D237382  3 0.0252 0.5968 0.0184 0.0189 0.0242 0.0649 0.0316 0.0194 0.0355 0.0487 0.0350 0.0816 
     D244127  3 0.0477 0.0501 0.0275 0.0658 0.0737 0.0741 0.0563 0.0379 0.0165 0.0155 0.0624 0.4723 
     D244129  3 0.0864 0.1291 0.0573 0.0668 0.0206 0.1595 0.0936 0.0753 0.0654 0.0296 0.0686 0.1478 
     D244133  3 0.0513 0.0253 0.0110 0.0256 0.0430 0.0536 0.0231 0.0230 0.0351 0.0524 0.6331 0.0236 
     D244134  3 0.0239 0.0260 0.0175 0.4379 0.0141 0.0386 0.0370 0.0296 0.0198 0.2023 0.0975 0.0557 
     D244135  3 0.0497 0.0287 0.0176 0.0168 0.0187 0.0637 0.0342 0.6638 0.0279 0.0140 0.0497 0.0151 
     D244136  3 0.0565 0.0446 0.0196 0.0440 0.0684 0.0709 0.0454 0.0482 0.0971 0.1022 0.3698 0.0332 
        D416  3 0.0710 0.0407 0.0282 0.0612 0.0379 0.1429 0.1044 0.0694 0.0510 0.0280 0.3084 0.0569 
        D417  3 0.0138 0.0966 0.0228 0.0180 0.0191 0.0609 0.1349 0.0169 0.5335 0.0226 0.0220 0.0389 
        D419  3 0.0321 0.0357 0.0277 0.1699 0.0388 0.1407 0.2362 0.0394 0.0619 0.0491 0.1036 0.0649 
        D565  3 0.0141 0.0125 0.0138 0.0416 0.0187 0.0217 0.0165 0.0175 0.0369 0.7406 0.0389 0.0272 
        D566  3 0.0465 0.0226 0.0171 0.2673 0.0820 0.0745 0.0314 0.0247 0.0532 0.1748 0.1523 0.0536 
        D567  3 0.0496 0.0316 0.0560 0.0212 0.0449 0.0756 0.0405 0.0849 0.4622 0.0198 0.0468 0.0670 
        D568  3 0.0673 0.1019 0.1423 0.0838 0.0486 0.0852 0.2092 0.0811 0.0722 0.0149 0.0349 0.0587 
        D569  3 0.0525 0.0394 0.4437 0.0345 0.1457 0.0817 0.0377 0.0604 0.0165 0.0274 0.0389 0.0216 
        D573  3 0.2616 0.0341 0.0278 0.3162 0.0168 0.0800 0.0358 0.0168 0.1343 0.0220 0.0255 0.0291 
        D574  3 0.0285 0.0616 0.0326 0.0660 0.1984 0.1038 0.0469 0.0390 0.0346 0.2359 0.0976 0.0553 
        D575  3 0.0326 0.0161 0.0154 0.0208 0.0101 0.0281 0.0250 0.0350 0.0165 0.0421 0.7007 0.0575 
        D576  3 0.1211 0.0185 0.0126 0.0212 0.6119 0.0321 0.0160 0.0261 0.0068 0.0143 0.1082 0.0113 
        D577  3 0.0240 0.0677 0.0376 0.0285 0.0305 0.0715 0.0486 0.0842 0.4257 0.0298 0.1310 0.0209 
        D578  3 0.0205 0.0286 0.0122 0.0138 0.0147 0.0284 0.0239 0.7957 0.0122 0.0132 0.0155 0.0212 
        D579  3 0.1116 0.0373 0.1038 0.1274 0.0218 0.0937 0.1213 0.0402 0.1083 0.1199 0.0740 0.0407 
        D660  3 0.2455 0.0457 0.0367 0.0445 0.1872 0.1052 0.0661 0.0395 0.0130 0.0173 0.1382 0.0611 
        D661  3 0.0976 0.0366 0.0598 0.2822 0.0386 0.1491 0.2073 0.0383 0.0203 0.0139 0.0331 0.0231 
        D663  3 0.0468 0.0647 0.0286 0.4997 0.0618 0.1110 0.0182 0.0306 0.0485 0.0155 0.0591 0.0156 
        D664  3 0.0483 0.0406 0.0155 0.0383 0.1305 0.0997 0.1853 0.0757 0.0153 0.0370 0.2453 0.0683 
        D665  3 0.0277 0.3291 0.0587 0.0185 0.0234 0.1280 0.0383 0.0725 0.0123 0.0115 0.2146 0.0655 
        D666  3 0.0194 0.0247 0.0186 0.0391 0.0130 0.0446 0.0844 0.0326 0.0465 0.0567 0.4636 0.1568 
        D009  4 0.0236 0.1777 0.0956 0.0387 0.0475 0.1367 0.0984 0.1168 0.0952 0.0262 0.0308 0.1128 
        D057  4 0.1170 0.0324 0.3844 0.0610 0.0234 0.0342 0.0433 0.2389 0.0238 0.0189 0.0106 0.0121 
        D109  4 0.0154 0.0394 0.0271 0.0230 0.0196 0.1506 0.0425 0.0440 0.0324 0.0380 0.0785 0.4896 
     D237222  4 0.0210 0.0862 0.0293 0.0211 0.1067 0.0399 0.0342 0.4637 0.0324 0.1081 0.0158 0.0415 
     D237223  4 0.0428 0.0248 0.0330 0.0332 0.0275 0.0758 0.6164 0.0285 0.0135 0.0541 0.0169 0.0337 
     D237224  4 0.0757 0.0841 0.1275 0.2067 0.0588 0.0763 0.0445 0.0526 0.1356 0.0227 0.0847 0.0308 
     D237225  4 0.0518 0.2073 0.0502 0.0595 0.0260 0.1863 0.1499 0.0731 0.0567 0.0386 0.0566 0.0441 
     D237299  4 0.0268 0.3693 0.0182 0.0292 0.0138 0.0999 0.2895 0.0194 0.0140 0.0335 0.0524 0.0339 
     D237300  4 0.0146 0.0227 0.0147 0.6674 0.0273 0.0320 0.0455 0.0172 0.0139 0.0245 0.1057 0.0146 
     D237306  4 0.0201 0.0228 0.0344 0.0248 0.0919 0.0509 0.3502 0.0169 0.0435 0.2771 0.0167 0.0507 
     D237307  4 0.1039 0.1130 0.0134 0.0499 0.0470 0.0893 0.0420 0.0333 0.2488 0.1066 0.1119 0.0409 
     D237308  4 0.2348 0.0291 0.1498 0.0466 0.1832 0.0747 0.0530 0.0394 0.0220 0.0683 0.0265 0.0726 
     D237309  4 0.0346 0.0714 0.0794 0.0456 0.0905 0.2174 0.1228 0.1130 0.1155 0.0203 0.0469 0.0426 
     D237317  4 0.0256 0.0435 0.0282 0.0512 0.0791 0.2843 0.0289 0.0686 0.1074 0.2011 0.0384 0.0438 
     D237318  4 0.0404 0.0335 0.0110 0.7056 0.0327 0.0318 0.0225 0.0151 0.0322 0.0175 0.0440 0.0138 
     D237319  4 0.0455 0.2936 0.0190 0.0528 0.0580 0.1191 0.1691 0.0697 0.0343 0.0271 0.0299 0.0820 
     D237320  4 0.0292 0.0254 0.0129 0.0467 0.0201 0.0305 0.7143 0.0291 0.0234 0.0143 0.0233 0.0307 
     D237321  4 0.0306 0.0264 0.0190 0.4928 0.0768 0.0755 0.0478 0.0277 0.0619 0.0291 0.0755 0.0370 
     D237397  4 0.0565 0.0388 0.0156 0.0921 0.0824 0.0698 0.4277 0.0432 0.0241 0.0956 0.0278 0.0263 
     D237398  4 0.0504 0.0959 0.0439 0.4702 0.0149 0.0925 0.0767 0.0237 0.0559 0.0134 0.0447 0.0179 
     D237399  4 0.0398 0.1073 0.0293 0.2291 0.0283 0.0608 0.1580 0.0731 0.0747 0.1295 0.0238 0.0463 
     D244001  4 0.0457 0.0361 0.0509 0.0207 0.2881 0.0791 0.0660 0.3257 0.0273 0.0217 0.0150 0.0236 
        D289  4 0.0593 0.0406 0.2314 0.1119 0.0571 0.0720 0.1203 0.0534 0.0596 0.1459 0.0219 0.0267 
        D290  4 0.0223 0.8227 0.0171 0.0170 0.0170 0.0153 0.0189 0.0130 0.0184 0.0148 0.0105 0.0129 
        D294  4 0.0275 0.2281 0.2335 0.1093 0.0443 0.0942 0.0634 0.0529 0.0552 0.0269 0.0497 0.0149 
        D295  4 0.0228 0.1368 0.0434 0.0390 0.0245 0.0640 0.3151 0.0269 0.1374 0.0300 0.0615 0.0985 
        D301  4 0.0164 0.0558 0.0209 0.0992 0.1961 0.0340 0.0567 0.3844 0.0143 0.0374 0.0361 0.0487 
        D302  4 0.0131 0.0527 0.7333 0.0133 0.0163 0.0265 0.0253 0.0266 0.0475 0.0126 0.0215 0.0111 
        D303  4 0.0382 0.0375 0.0706 0.0251 0.0683 0.0445 0.0565 0.0211 0.0331 0.5062 0.0369 0.0621 
        D304  4 0.0210 0.5494 0.0213 0.0656 0.0405 0.1061 0.0294 0.0256 0.0395 0.0591 0.0281 0.0144 
        D305  4 0.0499 0.0328 0.2817 0.0480 0.1164 0.3111 0.0349 0.0406 0.0199 0.0080 0.0208 0.0359 
        D306  4 0.0127 0.7163 0.0167 0.0166 0.0429 0.0594 0.0259 0.0231 0.0329 0.0219 0.0133 0.0183 
        D307  4 0.0171 0.0297 0.0348 0.0478 0.0213 0.0262 0.0214 0.6668 0.0148 0.0646 0.0249 0.0306 
        D327  4 0.1101 0.0605 0.0261 0.0442 0.0390 0.0906 0.0619 0.0287 0.4013 0.0602 0.0586 0.0187 
        D328  4 0.0140 0.0399 0.3396 0.0386 0.1593 0.0411 0.1425 0.0192 0.0179 0.0888 0.0392 0.0601 
        D329  4 0.0473 0.2195 0.1429 0.1352 0.0754 0.1281 0.0410 0.0636 0.0500 0.0322 0.0188 0.0460 
        D330  4 0.0386 0.0734 0.0431 0.0152 0.0551 0.1276 0.2700 0.0474 0.1478 0.0104 0.0402 0.1311 
        D331  4 0.0276 0.4841 0.0232 0.0903 0.0432 0.0618 0.0278 0.0327 0.0867 0.0465 0.0345 0.0417 
        D333  4 0.0575 0.1009 0.1532 0.0711 0.1042 0.0986 0.1559 0.0411 0.0494 0.0576 0.0466 0.0638 
        D334  4 0.0245 0.1022 0.0495 0.0375 0.0135 0.0542 0.0482 0.0561 0.0510 0.4986 0.0469 0.0178 
        D335  4 0.1098 0.0606 0.4754 0.0205 0.0923 0.0402 0.0324 0.0278 0.0518 0.0228 0.0356 0.0308 
        D370  4 0.0214 0.0324 0.0418 0.0243 0.5615 0.0595 0.0181 0.0205 0.0277 0.0300 0.0510 0.1119 
        D371  4 0.0340 0.0113 0.0188 0.0175 0.0879 0.0436 0.0197 0.0127 0.0893 0.5884 0.0592 0.0176 
        D372  4 0.0191 0.1817 0.0114 0.4360 0.1527 0.0927 0.0187 0.0123 0.0131 0.0221 0.0228 0.0174 
        D373  4 0.0470 0.0285 0.0317 0.0651 0.0374 0.0530 0.0195 0.6045 0.0289 0.0159 0.0492 0.0194 
        D455  4 0.0213 0.0912 0.0592 0.0301 0.0186 0.0205 0.0178 0.6592 0.0324 0.0187 0.0143 0.0168 
        D490  4 0.0105 0.0381 0.0206 0.0167 0.0140 0.0267 0.0503 0.7418 0.0188 0.0183 0.0235 0.0207 
        D497  4 0.0196 0.0513 0.0576 0.0251 0.0170 0.0486 0.0705 0.5969 0.0131 0.0183 0.0504 0.0315 
        D498  4 0.0406 0.4361 0.0198 0.0762 0.0555 0.0799 0.0359 0.0233 0.0383 0.0716 0.0344 0.0886 
        D499  4 0.0904 0.0496 0.1189 0.0730 0.0654 0.1318 0.1229 0.0165 0.0193 0.0912 0.1723 0.0489 
        D514  4 0.0298 0.1488 0.0972 0.0378 0.0868 0.1241 0.0522 0.0386 0.2033 0.0131 0.1177 0.0504 
        D515  4 0.0202 0.0322 0.0230 0.0113 0.0225 0.0311 0.7593 0.0267 0.0192 0.0181 0.0178 0.0187 
        D516  4 0.0551 0.0619 0.0167 0.0646 0.0299 0.0662 0.1821 0.0355 0.0750 0.0403 0.2155 0.1572 
        D517  4 0.0228 0.0207 0.0249 0.0514 0.0442 0.1363 0.0567 0.5269 0.0552 0.0169 0.0167 0.0272 
        D518  4 0.0500 0.0323 0.5260 0.0190 0.0548 0.0351 0.0383 0.1585 0.0152 0.0454 0.0132 0.0123 
        D519  4 0.0137 0.0124 0.0117 0.0242 0.0132 0.0185 0.8290 0.0187 0.0152 0.0139 0.0120 0.0175 
        D560  4 0.0401 0.0427 0.0238 0.0469 0.0247 0.0412 0.6434 0.0249 0.0609 0.0096 0.0207 0.0211 
        D561  4 0.1197 0.2337 0.0473 0.0303 0.0208 0.2132 0.0323 0.1233 0.0597 0.0123 0.0725 0.0349 
        D562  4 0.0467 0.1597 0.0821 0.0633 0.1330 0.1087 0.0505 0.2219 0.0414 0.0321 0.0267 0.0341 
        D563  4 0.3091 0.0623 0.1246 0.0606 0.0456 0.1321 0.0607 0.0607 0.0190 0.0151 0.0710 0.0393 
        D572  4 0.0288 0.0427 0.6687 0.0222 0.0326 0.0267 0.0243 0.0528 0.0498 0.0199 0.0162 0.0152 
        D629  4 0.0244 0.0228 0.0427 0.0364 0.0159 0.0610 0.0499 0.1853 0.1609 0.0134 0.3689 0.0184 
        D630  4 0.0319 0.1240 0.0715 0.0576 0.0448 0.0730 0.3298 0.1234 0.0614 0.0350 0.0264 0.0212 
        D631  4 0.1047 0.0277 0.6136 0.0349 0.0219 0.0491 0.0597 0.0344 0.0115 0.0140 0.0144 0.0141 
        D632  4 0.0914 0.0229 0.2069 0.0157 0.1056 0.0603 0.0217 0.2773 0.0432 0.0153 0.0555 0.0844 
        D646  4 0.0347 0.0163 0.0245 0.0302 0.0400 0.0635 0.6505 0.0176 0.0403 0.0157 0.0163 0.0505 
        D647  4 0.0589 0.1210 0.0428 0.0455 0.0543 0.0442 0.1771 0.0517 0.3295 0.0096 0.0151 0.0505 
        D648  4 0.0146 0.0641 0.5094 0.0145 0.2114 0.0245 0.0389 0.0178 0.0134 0.0350 0.0405 0.0158 
        D649  4 0.0310 0.0428 0.1691 0.0267 0.0146 0.0579 0.0304 0.0502 0.1994 0.0152 0.0526 0.3101 
        D650  4 0.0624 0.0785 0.0865 0.0581 0.0181 0.0956 0.1737 0.0910 0.1146 0.0858 0.0743 0.0614 
        D708  4 0.0186 0.0638 0.2304 0.0816 0.0601 0.0851 0.0822 0.0327 0.0370 0.1157 0.1552 0.0375 
        D709  4 0.0176 0.4772 0.0416 0.0168 0.0515 0.0625 0.0390 0.0163 0.0170 0.0243 0.0451 0.1909 
        D738  4 0.0305 0.0360 0.0258 0.0400 0.0250 0.0437 0.2191 0.0581 0.0476 0.3617 0.0222 0.0904 
        D739  4 0.0219 0.2477 0.0432 0.0470 0.0767 0.0977 0.0975 0.2612 0.0196 0.0219 0.0327 0.0328 
        D740  4 0.0511 0.1260 0.0497 0.0913 0.0208 0.1966 0.0640 0.0358 0.0207 0.1491 0.0585 0.1365 
        D741  4 0.0851 0.0156 0.0131 0.0202 0.0139 0.0388 0.7236 0.0142 0.0264 0.0097 0.0200 0.0192 
        D742  4 0.2228 0.0399 0.0470 0.1337 0.0336 0.1026 0.2068 0.0487 0.0274 0.0645 0.0409 0.0321 
        D743  4 0.0845 0.0327 0.3180 0.0378 0.0136 0.0268 0.0279 0.0283 0.3488 0.0191 0.0492 0.0135 
        D744  4 0.0517 0.0136 0.7745 0.0152 0.0121 0.0217 0.0266 0.0189 0.0127 0.0194 0.0198 0.0138 
        D745  4 0.0136 0.0246 0.0161 0.0195 0.0107 0.0182 0.8010 0.0255 0.0138 0.0130 0.0237 0.0202 
        D814  4 0.0872 0.0439 0.0578 0.0756 0.1012 0.2113 0.2857 0.0636 0.0171 0.0153 0.0308 0.0104 
        D815  4 0.0289 0.2539 0.2904 0.0493 0.0580 0.0489 0.0427 0.0181 0.0762 0.0261 0.0405 0.0668 
        D828  4 0.0264 0.0912 0.0514 0.0437 0.5544 0.0436 0.0311 0.0183 0.0125 0.0517 0.0559 0.0197 
        D845  4 0.0302 0.0110 0.0161 0.8131 0.0113 0.0145 0.0205 0.0102 0.0139 0.0271 0.0203 0.0118 
        D846  4 0.1486 0.0852 0.2653 0.0466 0.0558 0.1002 0.0318 0.1194 0.0701 0.0099 0.0511 0.0162 
        D847  4 0.0423 0.3495 0.0242 0.0884 0.0174 0.0854 0.0890 0.1319 0.0603 0.0551 0.0238 0.0326 
        D848  4 0.0462 0.0316 0.0319 0.1570 0.0253 0.0304 0.0110 0.6087 0.0152 0.0137 0.0163 0.0127 
        D849  4 0.0380 0.1947 0.0329 0.0271 0.0349 0.1001 0.2912 0.1325 0.0259 0.0165 0.0533 0.0530 
        D850  4 0.0950 0.0300 0.0445 0.1239 0.0153 0.1835 0.1502 0.1472 0.0677 0.0514 0.0547 0.0367 
        D856  4 0.0236 0.4492 0.0316 0.0209 0.0206 0.1524 0.0524 0.0205 0.0302 0.0325 0.0416 0.1244 
        D857  4 0.0338 0.0425 0.0174 0.0130 0.2633 0.0332 0.0225 0.0218 0.0069 0.0194 0.0104 0.5158 
        D859  4 0.0205 0.0261 0.4131 0.1377 0.0464 0.0595 0.1681 0.0180 0.0554 0.0156 0.0178 0.0217 
        D860  4 0.0593 0.0226 0.0680 0.1603 0.0749 0.0530 0.0171 0.0352 0.0956 0.3659 0.0229 0.0252 
        D883  4 0.0299 0.0808 0.0649 0.0562 0.0557 0.1122 0.1267 0.1223 0.1285 0.0569 0.0788 0.0872 
        D884  4 0.0124 0.0232 0.0271 0.0144 0.0142 0.0314 0.7781 0.0137 0.0168 0.0192 0.0242 0.0253 
        D885  4 0.2305 0.0305 0.0328 0.1431 0.0114 0.1354 0.1594 0.0364 0.0671 0.0164 0.1012 0.0358 
        D886  4 0.0350 0.4829 0.0246 0.0263 0.0487 0.0601 0.0513 0.0738 0.1033 0.0173 0.0226 0.0542 
        D887  4 0.0586 0.0677 0.0891 0.2032 0.0779 0.1172 0.1545 0.0383 0.0847 0.0355 0.0277 0.0458 
        D889  4 0.0094 0.2867 0.0421 0.4756 0.0212 0.0401 0.0477 0.0138 0.0213 0.0138 0.0177 0.0107 
        D890  4 0.0319 0.0440 0.0522 0.0347 0.1221 0.0585 0.0185 0.0493 0.0203 0.0450 0.4665 0.0570 
        D891  4 0.0138 0.0107 0.0087 0.8861 0.0094 0.0127 0.0114 0.0084 0.0097 0.0083 0.0123 0.0086 
        D899  4 0.2579 0.0570 0.0976 0.1719 0.1067 0.0680 0.0383 0.0252 0.0193 0.0741 0.0571 0.0268 
        D900  4 0.0671 0.3104 0.0815 0.0474 0.0534 0.1296 0.0563 0.0649 0.0607 0.0393 0.0423 0.0470 
        D970  4 0.0372 0.0965 0.2669 0.0927 0.0369 0.1065 0.0357 0.0532 0.1280 0.0432 0.0510 0.0521 
        D971  4 0.3821 0.0671 0.1396 0.0157 0.0938 0.0657 0.0207 0.0259 0.0435 0.0359 0.0429 0.0671 
        D979  4 0.0851 0.0751 0.3166 0.0321 0.0824 0.0611 0.0355 0.0280 0.1963 0.0276 0.0440 0.0163 
        D093  5 0.0180 0.0325 0.0175 0.0422 0.0216 0.0331 0.0485 0.0181 0.0423 0.6916 0.0184 0.0162 
        D154  5 0.0981 0.0499 0.0277 0.0656 0.0331 0.0964 0.2311 0.0141 0.0188 0.0281 0.3146 0.0225 
        D168  5 0.1698 0.0665 0.0156 0.0815 0.0311 0.1078 0.1388 0.0538 0.0299 0.0105 0.2537 0.0410 
