        D174  1 0.0348 0.0413 0.1130 0.5115 0.0768 0.0291 0.0897 0.1038 
        D199  1 0.0970 0.1898 0.0788 0.1669 0.2723 0.0414 0.0350 0.1187 
        D203  1 0.1011 0.2424 0.0867 0.0653 0.2127 0.0488 0.1599 0.0832 
        D204  1 0.0223 0.0441 0.0259 0.0283 0.7339 0.0764 0.0368 0.0323 
     D237366  1 0.0632 0.0520 0.5351 0.0669 0.0807 0.1028 0.0261 0.0733 
     D237367  1 0.0364 0.0898 0.2576 0.0421 0.3116 0.0533 0.0733 0.1358 
     D237368  1 0.0383 0.1106 0.3452 0.1419 0.1495 0.0463 0.0731 0.0951 
     D244101  1 0.1120 0.0943 0.0273 0.0230 0.2130 0.3877 0.0433 0.0994 
     D244102  1 0.1054 0.0760 0.1425 0.0809 0.0948 0.1675 0.1842 0.1487 
     D244103  1 0.0787 0.0469 0.2396 0.0633 0.1821 0.0716 0.0630 0.2548 
     D244104  1 0.0628 0.0499 0.0489 0.1286 0.5966 0.0268 0.0445 0.0419 
     D244105  1 0.0610 0.0294 0.4044 0.0227 0.0664 0.0295 0.2271 0.1596 
     D244106  1 0.0895 0.1168 0.0336 0.5173 0.0711 0.0377 0.0559 0.0779 
     D244107  1 0.0289 0.1388 0.3262 0.0228 0.0761 0.0748 0.1966 0.1358 
     D244108  1 0.0384 0.0418 0.0350 0.2625 0.0589 0.0435 0.4589 0.0610 
     D244113  1 0.0344 0.0599 0.0349 0.5658 0.0236 0.1773 0.0414 0.0627 
     D244114  1 0.1906 0.0666 0.0903 0.0893 0.1055 0.0671 0.0651 0.3255 
     D244115  1 0.0592 0.0346 0.0647 0.2839 0.1414 0.0403 0.2126 0.1633 
     D267365  1 0.1642 0.0396 0.0965 0.1787 0.3692 0.0437 0.0473 0.0608 
        D404  1 0.0300 0.0848 0.0296 0.4365 0.0306 0.2185 0.0866 0.0835 
        D405  1 0.0808 0.1825 0.0645 0.1435 0.1174 0.1606 0.1398 0.1110 
        D406  1 0.0287 0.0220 0.6084 0.0514 0.0793 0.0419 0.1323 0.0359 
        D407  1 0.0260 0.0920 0.2206 0.0428 0.4819 0.0210 0.0229 0.0928 
        D408  1 0.1882 0.0260 0.0253 0.5114 0.0627 0.0523 0.0663 0.0678 
        D409  1 0.1590 0.0725 0.1383 0.0537 0.0833 0.0553 0.0810 0.3571 
        D410  1 0.0186 0.0144 0.0250 0.0243 0.0692 0.0258 0.7909 0.0317 
        D421  1 0.0177 0.0355 0.0255 0.0319 0.8430 0.0114 0.0142 0.0208 
        D422  1 0.0410 0.0260 0.7259 0.0198 0.0765 0.0152 0.0362 0.0595 
        D423  1 0.0180 0.0618 0.0660 0.0240 0.0724 0.0243 0.6805 0.0531 
        D424  1 0.0212 0.0252 0.1085 0.0566 0.5795 0.0282 0.0287 0.1520 
        D425  1 0.0567 0.0383 0.0386 0.1017 0.4791 0.0405 0.1254 0.1196 
        D426  1 0.2025 0.0409 0.1446 0.0360 0.0745 0.0273 0.0331 0.4413 
        D427  1 0.0352 0.4390 0.0382 0.1997 0.2195 0.0150 0.0218 0.0315 
        D428  1 0.0331 0.0543 0.1204 0.2133 0.2455 0.0987 0.1055 0.1293 
        D429  1 0.0968 0.0499 0.0584 0.3075 0.2923 0.0341 0.0687 0.0925 
        D430  1 0.2373 0.0992 0.0863 0.1585 0.0814 0.0387 0.0755 0.2231 
        D491  1 0.0444 0.0159 0.0258 0.7221 0.0713 0.0274 0.0491 0.0440 
        D492  1 0.0499 0.0820 0.1312 0.1794 0.2206 0.0734 0.0950 0.1684 
        D537  1 0.0175 0.0346 0.0700 0.0521 0.6176 0.0853 0.0468 0.0761 
        D538  1 0.0587 0.1260 0.1316 0.1371 0.0622 0.0695 0.2254 0.1895 
        D539  1 0.3311 0.0613 0.1030 0.1327 0.0499 0.1296 0.0868 0.1057 
        D540  1 0.0823 0.0408 0.0826 0.0522 0.3536 0.0282 0.0970 0.2631 
        D541  1 0.0222 0.0271 0.0243 0.0250 0.8326 0.0153 0.0235 0.0301 
        D551  1 0.1746 0.1600 0.1207 0.0473 0.0939 0.0333 0.0240 0.3462 
        D552  1 0.0826 0.0360 0.1090 0.1964 0.1533 0.0515 0.2608 0.1104 
        D553  1 0.0238 0.0162 0.0190 0.0226 0.8642 0.0177 0.0169 0.0197 
        D615  1 0.1013 0.0931 0.0719 0.0854 0.3238 0.0308 0.1781 0.1155 
        D616  1 0.0710 0.1301 0.1263 0.0733 0.2728 0.0249 0.1367 0.1648 
        D621  1 0.0365 0.0321 0.2215 0.0929 0.0229 0.3444 0.1946 0.0551 
        D622  1 0.0475 0.0291 0.5178 0.0433 0.0599 0.0580 0.1720 0.0724 
        D623  1 0.0478 0.1623 0.0271 0.2396 0.0338 0.3314 0.0968 0.0613 
        D624  1 0.0305 0.0247 0.0342 0.7656 0.0461 0.0160 0.0255 0.0575 
        D625  1 0.0303 0.0229 0.0826 0.0853 0.5756 0.0518 0.0732 0.0783 
        D626  1 0.0802 0.0464 0.1534 0.3199 0.1124 0.0419 0.1571 0.0887 
        D627  1 0.2889 0.0379 0.1398 0.0459 0.1111 0.0294 0.0274 0.3195 
        D690  1 0.0220 0.0160 0.0590 0.0911 0.6902 0.0288 0.0611 0.0319 
        D691  1 0.0332 0.0264 0.6341 0.0476 0.1043 0.0225 0.0963 0.0356 
        D710  1 0.0511 0.0571 0.1086 0.1792 0.2546 0.1030 0.1132 0.1332 
        D711  1 0.0378 0.0372 0.0757 0.0607 0.6266 0.0596 0.0478 0.0547 
        D712  1 0.1079 0.0497 0.0892 0.5614 0.0441 0.0504 0.0419 0.0554 
        D713  1 0.0289 0.0266 0.0892 0.1908 0.1345 0.3186 0.0815 0.1299 
        D746  1 0.0272 0.0386 0.6936 0.0327 0.0817 0.0268 0.0664 0.0333 
        D747  1 0.0253 0.0322 0.0249 0.0248 0.8218 0.0268 0.0186 0.0255 
        D748  1 0.0435 0.0251 0.3515 0.0497 0.2423 0.0705 0.1302 0.0874 
        D749  1 0.0557 0.0724 0.2550 0.1198 0.0337 0.1335 0.1370 0.1930 
        D750  1 0.0306 0.0244 0.0411 0.6407 0.1101 0.0389 0.0675 0.0468 
        D763  1 0.2300 0.1106 0.1032 0.0277 0.1190 0.2248 0.0466 0.1382 
        D764  1 0.0248 0.0248 0.0642 0.3015 0.3956 0.0195 0.1026 0.0669 
        D765  1 0.0358 0.0211 0.0726 0.0761 0.0373 0.0174 0.6792 0.0605 
        D766  1 0.0310 0.0347 0.1612 0.0517 0.0980 0.1433 0.3793 0.1007 
        D767  1 0.0383 0.1158 0.1745 0.0436 0.1076 0.2805 0.1421 0.0976 
        D768  1 0.0177 0.0218 0.0267 0.0156 0.8562 0.0144 0.0201 0.0274 
        D811  1 0.0725 0.0416 0.0354 0.2493 0.0393 0.0632 0.3534 0.1453 
        D816  1 0.0241 0.0181 0.0254 0.0403 0.8136 0.0210 0.0266 0.0309 
        D825  1 0.0450 0.0235 0.0497 0.1791 0.1023 0.0363 0.4360 0.1281 
        D866  1 0.3661 0.1567 0.0337 0.1936 0.0455 0.0239 0.1037 0.0768 
        D867  1 0.0264 0.0514 0.6502 0.0287 0.0294 0.1180 0.0330 0.0629 
        D871  1 0.1926 0.0355 0.1013 0.0575 0.0750 0.0356 0.0523 0.4501 
        D872  1 0.0294 0.0791 0.1238 0.0447 0.2518 0.0628 0.3189 0.0895 
        D873  1 0.0140 0.0304 0.0284 0.0205 0.0120 0.0491 0.8184 0.0271 
        D874  1 0.0471 0.0299 0.0213 0.1188 0.0818 0.6342 0.0239 0.0430 
        D875  1 0.0975 0.0239 0.1767 0.0251 0.0543 0.0379 0.1454 0.4392 
        D876  1 0.0755 0.0233 0.1058 0.1239 0.4200 0.0966 0.0726 0.0823 
        D877  1 0.0366 0.0343 0.0214 0.4148 0.0612 0.2297 0.0425 0.1596 
        D892  1 0.0339 0.0238 0.2065 0.1810 0.3392 0.0548 0.0696 0.0911 
        D893  1 0.0646 0.0354 0.0940 0.0214 0.6141 0.0434 0.0479 0.0792 
        D894  1 0.0780 0.0449 0.0751 0.0957 0.5011 0.0322 0.0482 0.1249 
        D915  1 0.0392 0.0303 0.0805 0.0580 0.5134 0.0245 0.1896 0.0647 
        D916  1 0.0196 0.0161 0.0245 0.0394 0.8209 0.0155 0.0314 0.0326 
        D917  1 0.1052 0.0768 0.0574 0.2891 0.1797 0.1314 0.0482 0.1122 
        D925  1 0.0365 0.0259 0.0590 0.1164 0.2188 0.0235 0.4834 0.0364 
        D926  1 0.0531 0.0302 0.0771 0.0828 0.4578 0.0689 0.0646 0.1655 
        D927  1 0.1096 0.2387 0.0801 0.0736 0.3176 0.0473 0.0339 0.0992 
        D928  1 0.0172 0.0193 0.0135 0.7778 0.0774 0.0246 0.0449 0.0252 
        D929  1 0.0346 0.0277 0.1394 0.0728 0.0410 0.5622 0.0486 0.0738 
        D936  1 0.1009 0.0605 0.0294 0.0383 0.5485 0.1188 0.0515 0.0522 
        D938  1 0.0301 0.0190 0.6147 0.0346 0.0383 0.0664 0.1495 0.0474 
        D956  1 0.0455 0.0478 0.0295 0.6719 0.0302 0.0371 0.0630 0.0750 
        D957  1 0.0326 0.0436 0.0644 0.0428 0.1032 0.0710 0.5921 0.0503 
        D958  1 0.0283 0.0312 0.1162 0.1258 0.1763 0.0958 0.3256 0.1007 
        D959  1 0.0153 0.0669 0.2176 0.0336 0.4829 0.0200 0.0213 0.1424 
        D960  1 0.0280 0.0316 0.5223 0.0717 0.0326 0.0710 0.1935 0.0494 
        D989  1 0.1065 0.1110 0.0642 0.5291 0.0567 0.0390 0.0314 0.0621 
        D990  1 0.1070 0.0389 0.0622 0.0554 0.0249 0.0255 0.6009 0.0854 
        D023  2 0.0211 0.0362 0.7267 0.0368 0.0718 0.0217 0.0220 0.0637 
        D130  2 0.0287 0.0512 0.6814 0.0203 0.0937 0.0349 0.0437 0.0461 
        D131  2 0.1224 0.0600 0.0613 0.0455 0.3028 0.0475 0.0893 0.2712 
        D163  2 0.0502 0.0184 0.6081 0.0469 0.1013 0.0385 0.0698 0.0668 
        D164  2 0.0143 0.4957 0.0303 0.0146 0.0182 0.0209 0.3829 0.0232 
        D165  2 0.0317 0.0382 0.7267 0.0265 0.0438 0.0347 0.0276 0.0708 
        D166  2 0.0949 0.0781 0.1259 0.0295 0.0599 0.1627 0.1143 0.3347 
        D167  2 0.0227 0.8504 0.0164 0.0331 0.0152 0.0173 0.0197 0.0252 
        D192  2 0.0300 0.8570 0.0172 0.0252 0.0117 0.0225 0.0182 0.0182 
        D193  2 0.1065 0.0506 0.0589 0.2187 0.0437 0.2032 0.1634 0.1551 
        D206  2 0.0504 0.2799 0.1414 0.0407 0.1857 0.0598 0.0571 0.1851 
        D207  2 0.0678 0.6636 0.0310 0.0289 0.0437 0.0340 0.0328 0.0982 
        D208  2 0.2825 0.1422 0.0658 0.2155 0.0629 0.0610 0.0810 0.0891 
        D209  2 0.0343 0.4006 0.0803 0.0389 0.0484 0.1279 0.0669 0.2027 
        D210  2 0.2640 0.0985 0.0384 0.4082 0.0709 0.0393 0.0289 0.0518 
     D229599  2 0.1407 0.0615 0.1223 0.0585 0.2046 0.1590 0.1042 0.1493 
     D229600  2 0.0402 0.3495 0.3831 0.0246 0.0417 0.0350 0.0493 0.0767 
     D237227  2 0.1068 0.0802 0.0640 0.3998 0.0418 0.0300 0.2002 0.0773 
     D237228  2 0.0607 0.0751 0.0270 0.1484 0.0191 0.0265 0.5730 0.0702 
     D237258  2 0.1131 0.2500 0.1303 0.0874 0.0724 0.0980 0.0968 0.1520 
     D237310  2 0.0456 0.0805 0.0458 0.0416 0.0153 0.0475 0.6401 0.0836 
     D237311  2 0.0313 0.1514 0.0469 0.0334 0.0181 0.0300 0.6355 0.0534 
     D237312  2 0.0351 0.0351 0.1482 0.0724 0.0378 0.1416 0.4009 0.1290 
     D237313  2 0.1246 0.0411 0.0648 0.0883 0.2014 0.0936 0.2378 0.1484 
     D237322  2 0.3055 0.0643 0.0555 0.0983 0.0384 0.1263 0.1216 0.1900 
     D237323  2 0.0580 0.0318 0.0897 0.1330 0.0208 0.0386 0.5702 0.0578 
     D237324  2 0.1034 0.2361 0.2378 0.0234 0.0630 0.0365 0.0585 0.2413 
     D237325  2 0.0448 0.0670 0.1578 0.0628 0.0440 0.0913 0.4294 0.1029 
     D237326  2 0.0236 0.0374 0.0475 0.0699 0.0734 0.0431 0.6609 0.0442 
     D237327  2 0.3443 0.1383 0.1325 0.0478 0.0647 0.0786 0.0396 0.1543 
     D237337  2 0.0220 0.0211 0.0315 0.0373 0.0299 0.0244 0.8013 0.0324 
     D237338  2 0.0937 0.0796 0.1755 0.1175 0.0573 0.1045 0.2646 0.1074 
     D237339  2 0.0608 0.1772 0.0275 0.0251 0.0792 0.5074 0.0345 0.0882 
     D237340  2 0.0457 0.1933 0.0969 0.1100 0.0246 0.0637 0.3924 0.0734 
     D237389  2 0.0274 0.0987 0.0511 0.0285 0.0240 0.0531 0.6463 0.0709 
     D237390  2 0.0602 0.0275 0.1157 0.0690 0.0458 0.0899 0.5042 0.0877 
     D244017  2 0.0392 0.4958 0.0441 0.2216 0.0282 0.0248 0.0571 0.0893 
     D244112  2 0.0260 0.8188 0.0404 0.0198 0.0199 0.0199 0.0260 0.0292 
     D244118  2 0.0285 0.5925 0.1961 0.0336 0.0171 0.0382 0.0619 0.0322 
     D244119  2 0.0404 0.3036 0.0173 0.5256 0.0273 0.0143 0.0434 0.0280 
     D244120  2 0.1362 0.5186 0.0394 0.0528 0.0156 0.1106 0.0732 0.0537 
     D244122  2 0.0344 0.6823 0.0675 0.0539 0.0351 0.0466 0.0362 0.0440 
        D291  2 0.4802 0.0815 0.1295 0.0268 0.0818 0.0214 0.0432 0.1356 
        D292  2 0.1701 0.3086 0.0263 0.0635 0.2121 0.0474 0.1144 0.0577 
        D293  2 0.0434 0.5494 0.0198 0.0197 0.2194 0.0459 0.0188 0.0836 
        D322  2 0.0428 0.5044 0.0504 0.0275 0.1405 0.0818 0.0591 0.0934 
        D323  2 0.0835 0.2041 0.0583 0.0624 0.1083 0.1528 0.0954 0.2352 
        D324  2 0.3272 0.0469 0.0892 0.0665 0.1563 0.0266 0.1105 0.1768 
        D325  2 0.0420 0.7798 0.0261 0.0132 0.0494 0.0278 0.0196 0.0421 
        D326  2 0.0267 0.0201 0.0148 0.0309 0.8495 0.0192 0.0150 0.0238 
        D340  2 0.0342 0.8255 0.0199 0.0240 0.0265 0.0255 0.0198 0.0246 
        D341  2 0.1158 0.5421 0.0458 0.0428 0.0687 0.0476 0.0743 0.0629 
        D342  2 0.0599 0.5519 0.0974 0.0283 0.0267 0.0292 0.1003 0.1063 
        D343  2 0.0165 0.8875 0.0146 0.0110 0.0247 0.0161 0.0129 0.0166 
        D344  2 0.0339 0.0524 0.0273 0.0349 0.1121 0.5267 0.1023 0.1103 
        D345  2 0.0637 0.0461 0.0727 0.0468 0.1352 0.1453 0.3509 0.1393 
        D346  2 0.0904 0.0968 0.0487 0.5148 0.0717 0.0626 0.0478 0.0672 
        D351  2 0.1338 0.0647 0.1010 0.0277 0.3026 0.0740 0.1212 0.1751 
        D352  2 0.0357 0.0468 0.0224 0.0588 0.0297 0.6763 0.0594 0.0709 
        D353  2 0.0381 0.0446 0.0329 0.0189 0.2288 0.1879 0.0261 0.4228 
        D354  2 0.0266 0.0158 0.0197 0.0577 0.0567 0.6994 0.0681 0.0561 
        D362  2 0.0279 0.0300 0.0722 0.0467 0.7105 0.0265 0.0447 0.0415 
        D363  2 0.0258 0.0313 0.0461 0.0730 0.7008 0.0291 0.0521 0.0419 
        D364  2 0.0354 0.0303 0.0401 0.0587 0.3025 0.3435 0.1195 0.0701 
        D365  2 0.0183 0.8411 0.0142 0.0267 0.0287 0.0277 0.0187 0.0246 
        D369  2 0.1108 0.2034 0.0513 0.1687 0.2365 0.0235 0.1148 0.0911 
        D374  2 0.0278 0.0241 0.0196 0.6680 0.0266 0.0757 0.1022 0.0562 
        D375  2 0.0156 0.0178 0.0240 0.0209 0.0240 0.8278 0.0262 0.0437 
        D376  2 0.0402 0.0412 0.0207 0.5843 0.0208 0.1228 0.0967 0.0733 
        D377  2 0.0833 0.0988 0.0855 0.1088 0.0446 0.1177 0.3134 0.1479 
        D378  2 0.0945 0.2628 0.1163 0.0269 0.2099 0.1299 0.0391 0.1205 
        D379  2 0.0372 0.0227 0.0317 0.0322 0.7434 0.0465 0.0333 0.0529 
        D384  2 0.0211 0.0170 0.0150 0.0433 0.8425 0.0175 0.0195 0.0242 
        D385  2 0.0199 0.6687 0.0176 0.0397 0.0234 0.1707 0.0253 0.0347 
        D386  2 0.0368 0.0733 0.0604 0.0261 0.0950 0.5644 0.0371 0.1069 
        D391  2 0.0349 0.7381 0.0222 0.0164 0.0374 0.0868 0.0266 0.0377 
        D392  2 0.0346 0.5594 0.0464 0.0580 0.0802 0.0269 0.1386 0.0560 
        D393  2 0.2347 0.0955 0.0632 0.0266 0.3049 0.1413 0.0615 0.0722 
        D394  2 0.0686 0.1176 0.1536 0.0602 0.0843 0.1531 0.2315 0.1309 
        D395  2 0.0404 0.2544 0.0265 0.0237 0.0236 0.5382 0.0231 0.0700 
        D401  2 0.0250 0.0341 0.0179 0.0398 0.0233 0.0144 0.8040 0.0416 
        D402  2 0.0570 0.7331 0.0215 0.0242 0.0298 0.0700 0.0339 0.0305 
        D403  2 0.0556 0.0492 0.1357 0.0271 0.2445 0.1939 0.0403 0.2538 
        D415  2 0.0264 0.0285 0.0459 0.0215 0.5184 0.0366 0.1101 0.2125 
        D435  2 0.0718 0.2085 0.0387 0.0235 0.4894 0.0444 0.0639 0.0597 
        D436  2 0.0335 0.0385 0.0564 0.0702 0.1427 0.5376 0.0462 0.0749 
        D438  2 0.0195 0.8421 0.0236 0.0378 0.0181 0.0188 0.0163 0.0237 
        D439  2 0.0442 0.0700 0.0799 0.0207 0.1081 0.4686 0.0830 0.1254 
        D449  2 0.0283 0.5740 0.0488 0.0342 0.1139 0.0261 0.0310 0.1436 
        D450  2 0.1175 0.0306 0.0844 0.1518 0.1168 0.2048 0.0527 0.2415 
        D456  2 0.0309 0.0143 0.0272 0.0225 0.8360 0.0185 0.0171 0.0335 
        D462  2 0.0208 0.7713 0.0243 0.0188 0.0485 0.0639 0.0196 0.0327 
        D463  2 0.0232 0.0129 0.0188 0.0404 0.8278 0.0295 0.0232 0.0242 
        D464  2 0.0313 0.1116 0.0242 0.0487 0.0480 0.4204 0.0340 0.2818 
        D465  2 0.0318 0.5244 0.0449 0.0333 0.1646 0.0338 0.0789 0.0881 
        D473  2 0.0468 0.0510 0.0689 0.4973 0.0268 0.1273 0.1156 0.0664 
        D474  2 0.1368 0.0655 0.0550 0.0544 0.5404 0.0351 0.0568 0.0560 
        D476  2 0.0414 0.0650 0.3611 0.0147 0.0408 0.4233 0.0212 0.0325 
        D477  2 0.1469 0.0327 0.0307 0.0666 0.2489 0.2229 0.1570 0.0945 
        D478  2 0.0507 0.0962 0.2873 0.1281 0.0585 0.0949 0.0656 0.2187 
        D480  2 0.2011 0.0942 0.0385 0.1071 0.2676 0.1516 0.0429 0.0971 
        D481  2 0.0634 0.0953 0.1231 0.1121 0.2343 0.1501 0.1171 0.1046 
        D482  2 0.1837 0.0389 0.0632 0.0695 0.0249 0.4261 0.1051 0.0887 
        D483  2 0.0250 0.7918 0.0278 0.0599 0.0209 0.0195 0.0284 0.0268 
        D484  2 0.0234 0.0218 0.0214 0.0244 0.0178 0.8488 0.0181 0.0244 
        D510  2 0.1784 0.0374 0.0266 0.5793 0.0303 0.0531 0.0463 0.0487 
        D511  2 0.0485 0.1116 0.0530 0.0268 0.0987 0.5510 0.0462 0.0642 
        D512  2 0.0432 0.1774 0.0514 0.0206 0.0255 0.0354 0.5153 0.1313 
        D513  2 0.0851 0.5331 0.0513 0.0522 0.0923 0.0381 0.0549 0.0930 
        D635  2 0.0351 0.0665 0.3648 0.0479 0.2777 0.0219 0.0504 0.1356 
        D636  2 0.0210 0.0280 0.7324 0.0301 0.0453 0.0213 0.0696 0.0522 
        D637  2 0.0590 0.2132 0.0578 0.0761 0.0396 0.3454 0.1113 0.0975 
        D658  2 0.0319 0.4013 0.0329 0.0845 0.0249 0.3012 0.0741 0.0492 
        D659  2 0.0669 0.0269 0.0761 0.0570 0.6312 0.0488 0.0212 0.0719 
        D677  2 0.1071 0.0558 0.1926 0.0243 0.3820 0.0573 0.0901 0.0908 
        D678  2 0.0339 0.6739 0.0426 0.0245 0.0250 0.0357 0.0480 0.1164 
        D679  2 0.1086 0.0533 0.0539 0.0552 0.5138 0.0609 0.0516 0.1026 
        D719  2 0.0902 0.1943 0.0173 0.3458 0.1805 0.0378 0.0751 0.0590 
        D720  2 0.0367 0.0335 0.0325 0.0751 0.7322 0.0210 0.0356 0.0334 
        D721  2 0.0386 0.0753 0.6459 0.0402 0.0621 0.0392 0.0256 0.0731 
        D722  2 0.0411 0.1037 0.0283 0.3963 0.0359 0.0956 0.1796 0.1195 
        D734  2 0.0722 0.1145 0.0208 0.1680 0.0327 0.5193 0.0218 0.0507 
        D735  2 0.1292 0.0791 0.0684 0.1043 0.2269 0.0753 0.1243 0.1926 
        D736  2 0.2882 0.0691 0.0615 0.3058 0.0732 0.0738 0.0626 0.0659 
        D737  2 0.0900 0.4663 0.0726 0.0492 0.0250 0.1700 0.0707 0.0562 
        D807  2 0.1314 0.0875 0.0668 0.2393 0.1930 0.1011 0.1034 0.0776 
        D808  2 0.1017 0.1340 0.0898 0.0426 0.0732 0.0539 0.2796 0.2252 
        D817  2 0.0615 0.0396 0.0522 0.0510 0.4292 0.1216 0.1143 0.1307 
        D818  2 0.1422 0.2070 0.2591 0.0351 0.0648 0.0531 0.0276 0.2112 
        D819  2 0.0746 0.0553 0.0808 0.0553 0.2240 0.0481 0.2543 0.2077 
        D820  2 0.0484 0.0424 0.0254 0.0247 0.7386 0.0560 0.0217 0.0427 
        D895  2 0.0443 0.0564 0.1381 0.0569 0.3519 0.0782 0.0832 0.1910 
        D896  2 0.0179 0.0182 0.0196 0.0277 0.0187 0.0213 0.8516 0.0249 
        D897  2 0.0955 0.5272 0.0437 0.0361 0.0392 0.0433 0.0807 0.1341 
        D898  2 0.1507 0.0567 0.0440 0.0512 0.0535 0.0702 0.4021 0.1716 
        D918  2 0.0913 0.0908 0.2334 0.0697 0.0466 0.1203 0.1784 0.1697 
        D919  2 0.0745 0.1241 0.0618 0.0286 0.1848 0.3642 0.0396 0.1224 
        D920  2 0.0327 0.0319 0.6301 0.0769 0.0386 0.0465 0.0668 0.0765 
        D923  2 0.0274 0.0401 0.0299 0.0297 0.6724 0.1006 0.0288 0.0711 
        D930  2 0.1125 0.0559 0.0338 0.1243 0.2190 0.1849 0.0932 0.1765 
        D931  2 0.0608 0.1844 0.0487 0.0612 0.2493 0.2668 0.0574 0.0714 
        D968  2 0.0443 0.7843 0.0168 0.0181 0.0474 0.0310 0.0215 0.0366 
        D969  2 0.1775 0.2611 0.0484 0.0731 0.2433 0.0378 0.0580 0.1008 
        D977  2 0.0448 0.7076 0.0456 0.0275 0.0352 0.0442 0.0319 0.0632 
        D978  2 0.4715 0.1568 0.0457 0.0476 0.0326 0.0328 0.0333 0.1797 
        D211  3 0.0427 0.0239 0.6490 0.0230 0.0645 0.0465 0.0229 0.1274 
     D229639  3 0.5591 0.0738 0.0349 0.0958 0.0968 0.0325 0.0531 0.0540 
     D237212  3 0.2548 0.1049 0.1135 0.0341 0.0818 0.2335 0.0709 0.1065 
     D237213  3 0.0748 0.0569 0.1390 0.0271 0.0657 0.1440 0.3060 0.1864 
     D237214  3 0.0163 0.0240 0.7718 0.0327 0.0317 0.0222 0.0255 0.0758 
     D237215  3 0.0903 0.6387 0.0199 0.0964 0.0191 0.0283 0.0633 0.0440 
     D237216  3 0.0995 0.0340 0.1352 0.0402 0.0685 0.0590 0.0542 0.5094 
     D237217  3 0.0812 0.0424 0.3591 0.0240 0.1521 0.0264 0.0943 0.2205 
     D237218  3 0.4920 0.0526 0.0764 0.0439 0.0799 0.1238 0.0353 0.0961 
     D237219  3 0.1823 0.0503 0.1415 0.0905 0.0554 0.0264 0.3109 0.1426 
     D237382  3 0.0596 0.0733 0.0750 0.1419 0.1266 0.0810 0.2753 0.1674 
     D244127  3 0.0686 0.0922 0.0487 0.0226 0.0293 0.0395 0.5918 0.1072 
     D244129  3 0.0880 0.1061 0.1463 0.0610 0.1174 0.0798 0.2460 0.1555 
     D244133  3 0.1029 0.2340 0.1035 0.1785 0.1111 0.0204 0.0698 0.1797 
     D244134  3 0.4735 0.0416 0.0497 0.1777 0.0414 0.0260 0.1355 0.0545 
     D244135  3 0.0223 0.0610 0.7027 0.0235 0.0558 0.0374 0.0245 0.0729 
     D244136  3 0.1151 0.1217 0.0679 0.2422 0.2261 0.0415 0.0623 0.1232 
        D416  3 0.0985 0.2123 0.1008 0.0505 0.1451 0.0516 0.1320 0.2093 
        D417  3 0.0439 0.0242 0.0737 0.0413 0.6210 0.0440 0.0717 0.0802 
        D419  3 0.2053 0.1103 0.1134 0.0643 0.1338 0.0538 0.1948 0.1245 
        D565  3 0.0500 0.0186 0.0200 0.7852 0.0552 0.0200 0.0264 0.0246 
        D566  3 0.2993 0.0682 0.0376 0.3477 0.0791 0.0357 0.0623 0.0701 
        D567  3 0.0338 0.0528 0.0974 0.0359 0.5357 0.0573 0.1250 0.0621 
        D568  3 0.0929 0.1332 0.1664 0.0249 0.1900 0.1731 0.1130 0.1064 
        D569  3 0.0529 0.1136 0.1180 0.0604 0.0284 0.4928 0.0290 0.1049 
        D573  3 0.3267 0.3013 0.0248 0.0280 0.1768 0.0331 0.0358 0.0736 
        D574  3 0.1493 0.0627 0.0761 0.3947 0.0457 0.0425 0.1000 0.1289 
        D575  3 0.1345 0.0820 0.1526 0.1325 0.1247 0.0373 0.2018 0.1346 
        D576  3 0.0763 0.6993 0.0402 0.0482 0.0115 0.0350 0.0233 0.0662 
        D577  3 0.0675 0.0351 0.1416 0.0466 0.5164 0.0522 0.0340 0.1066 
        D578  3 0.0191 0.0315 0.8168 0.0176 0.0191 0.0166 0.0293 0.0500 
        D579  3 0.1879 0.0798 0.0734 0.2058 0.1874 0.1055 0.0562 0.1040 
        D660  3 0.0366 0.6309 0.0598 0.0214 0.0221 0.0556 0.0587 0.1150 
        D661  3 0.3581 0.1971 0.1190 0.0266 0.0497 0.0844 0.0398 0.1253 
        D663  3 0.5168 0.1030 0.0472 0.0333 0.0872 0.0618 0.0265 0.1243 
        D664  3 0.0688 0.2475 0.1840 0.0936 0.0285 0.0353 0.1700 0.1723 
        D665  3 0.0486 0.0551 0.1827 0.0172 0.0196 0.1085 0.1115 0.4566 
        D666  3 0.1144 0.0392 0.0748 0.1271 0.1118 0.0550 0.3701 0.1077 
        D009  4 0.0640 0.0319 0.2584 0.0523 0.1122 0.1643 0.1261 0.1907 
        D057  4 0.1004 0.1395 0.2622 0.0431 0.0551 0.3282 0.0285 0.0430 
        D109  4 0.0486 0.0299 0.0864 0.0720 0.0549 0.0338 0.4506 0.2237 
     D237222  4 0.0308 0.0458 0.5330 0.1683 0.0449 0.0534 0.0500 0.0737 
     D237223  4 0.0856 0.0745 0.2037 0.1317 0.0691 0.0894 0.1835 0.1625 
     D237224  4 0.1878 0.1871 0.0596 0.0393 0.1599 0.1962 0.0675 0.1026 
     D237225  4 0.1314 0.0356 0.1590 0.0566 0.1687 0.0771 0.0854 0.2863 
     D237299  4 0.3147 0.0312 0.1192 0.0402 0.0195 0.0363 0.1703 0.2686 
     D237300  4 0.7711 0.0428 0.0278 0.0417 0.0263 0.0257 0.0285 0.0361 
     D237306  4 0.0464 0.0310 0.0421 0.4905 0.0887 0.0727 0.1601 0.0685 
     D237307  4 0.1196 0.0623 0.0709 0.1702 0.3973 0.0288 0.0481 0.1029 
     D237308  4 0.0483 0.3953 0.0425 0.0687 0.0582 0.2196 0.0884 0.0790 
     D237309  4 0.0839 0.0714 0.1926 0.0351 0.1670 0.1012 0.1126 0.2362 
     D237317  4 0.0558 0.0327 0.0738 0.3899 0.2101 0.0424 0.0670 0.1283 
     D237318  4 0.7737 0.0568 0.0219 0.0280 0.0332 0.0206 0.0248 0.0410 
     D237319  4 0.1145 0.0690 0.2183 0.0452 0.1127 0.0514 0.1878 0.2012 
     D237320  4 0.1838 0.1175 0.2748 0.0420 0.0763 0.0283 0.1672 0.1100 
     D237321  4 0.5331 0.1081 0.0550 0.0522 0.0727 0.0376 0.0670 0.0743 
     D237397  4 0.2081 0.1455 0.1276 0.1977 0.0849 0.0408 0.0941 0.1014 
     D237398  4 0.6986 0.0337 0.0387 0.0226 0.0603 0.0400 0.0273 0.0787 
     D237399  4 0.3334 0.0526 0.1408 0.1366 0.1235 0.0479 0.1015 0.0638 
     D244001  4 0.0446 0.1069 0.5191 0.0592 0.0378 0.1068 0.0512 0.0743 
        D289  4 0.1185 0.1100 0.0787 0.2572 0.0947 0.2115 0.0425 0.0869 
        D290  4 0.2183 0.0622 0.1092 0.0640 0.0742 0.0793 0.1082 0.2845 
        D294  4 0.0994 0.0471 0.1306 0.0589 0.1117 0.2734 0.0367 0.2422 
        D295  4 0.0951 0.0436 0.0849 0.0605 0.2848 0.1031 0.2307 0.0973 
        D301  4 0.1533 0.0543 0.5137 0.0479 0.0281 0.0495 0.1059 0.0473 
        D302  4 0.0282 0.0213 0.0400 0.0190 0.0919 0.7306 0.0213 0.0477 
        D303  4 0.0469 0.0795 0.0400 0.5171 0.0374 0.1117 0.1044 0.0631 
        D304  4 0.3463 0.0517 0.0864 0.1083 0.0840 0.0461 0.0436 0.2336 
        D305  4 0.0478 0.1168 0.0510 0.0178 0.0299 0.3926 0.0369 0.3071 
        D306  4 0.0975 0.0419 0.0725 0.0767 0.0601 0.0413 0.0734 0.5366 
        D307  4 0.0575 0.0265 0.6565 0.0790 0.0262 0.0679 0.0424 0.0440 
        D327  4 0.0650 0.0507 0.0448 0.0928 0.5641 0.0511 0.0286 0.1028 
        D328  4 0.0298 0.0251 0.0322 0.1338 0.0273 0.6441 0.0647 0.0431 
        D329  4 0.1207 0.1483 0.1210 0.0514 0.0685 0.2177 0.1158 0.1567 
        D330  4 0.0195 0.0804 0.1390 0.0326 0.2564 0.1008 0.2422 0.1292 
        D331  4 0.3126 0.0526 0.0833 0.0850 0.1556 0.0509 0.1336 0.1264 
        D333  4 0.1412 0.0974 0.1094 0.1334 0.0678 0.2370 0.0998 0.1139 
        D334  4 0.0616 0.0269 0.1361 0.5425 0.0647 0.0617 0.0369 0.0695 
        D335  4 0.0304 0.0489 0.0299 0.0503 0.2076 0.5382 0.0479 0.0467 
        D370  4 0.0407 0.0743 0.0550 0.1162 0.0459 0.1558 0.4104 0.1016 
        D371  4 0.0339 0.0439 0.0224 0.6844 0.0986 0.0348 0.0423 0.0396 
        D372  4 0.6798 0.0697 0.0230 0.0336 0.0170 0.0228 0.0422 0.1120 
        D373  4 0.0881 0.0992 0.5897 0.0275 0.0385 0.0609 0.0266 0.0695 
        D455  4 0.0594 0.0467 0.6841 0.0330 0.0396 0.0685 0.0322 0.0365 
        D490  4 0.0193 0.0147 0.8193 0.0232 0.0258 0.0386 0.0266 0.0325 
        D497  4 0.0353 0.0258 0.6908 0.0232 0.0205 0.1027 0.0410 0.0606 
        D498  4 0.2067 0.0654 0.0758 0.1125 0.0710 0.0480 0.2812 0.1393 
        D499  4 0.1501 0.2470 0.0320 0.1236 0.0460 0.1218 0.1262 0.1533 
        D514  4 0.0993 0.0450 0.0765 0.0249 0.2860 0.1638 0.0893 0.2152 
        D515  4 0.0645 0.0462 0.3332 0.0531 0.0505 0.0856 0.1919 0.1750 
        D516  4 0.0964 0.1109 0.1229 0.0780 0.2106 0.0307 0.2281 0.1223 
        D517  4 0.0594 0.0433 0.5865 0.0275 0.0661 0.0390 0.0784 0.0998 
        D518  4 0.0350 0.0376 0.2050 0.0809 0.0431 0.5251 0.0221 0.0512 
        D519  4 0.1622 0.0446 0.3615 0.0327 0.0672 0.0232 0.1864 0.1223 
        D560  4 0.1997 0.0698 0.2701 0.0245 0.0986 0.0766 0.1176 0.1430 
        D561  4 0.0551 0.0634 0.2610 0.0220 0.1093 0.0588 0.0683 0.3621 
        D562  4 0.0859 0.1074 0.2604 0.0829 0.0671 0.1220 0.0684 0.2059 
        D563  4 0.0766 0.4555 0.0593 0.0294 0.0372 0.1817 0.0543 0.1060 
        D572  4 0.0269 0.0398 0.0843 0.0352 0.0608 0.6831 0.0233 0.0467 
        D629  4 0.0953 0.0376 0.3294 0.0331 0.2681 0.0751 0.0387 0.1227 
        D630  4 0.1444 0.0414 0.3167 0.0615 0.1220 0.1447 0.0588 0.1105 
        D631  4 0.0773 0.1132 0.0686 0.0277 0.0385 0.5853 0.0317 0.0578 
        D632  4 0.0248 0.1740 0.2910 0.0245 0.0595 0.2472 0.1123 0.0667 
        D646  4 0.0866 0.0648 0.1223 0.0381 0.2212 0.0493 0.2836 0.1342 
        D647  4 0.0570 0.0623 0.1327 0.0206 0.4688 0.0752 0.1131 0.0702 
        D648  4 0.0169 0.0333 0.0273 0.0731 0.0166 0.7704 0.0260 0.0365 
        D649  4 0.0443 0.0279 0.0772 0.0299 0.2630 0.2284 0.2579 0.0713 
        D650  4 0.1291 0.0358 0.1468 0.1281 0.2508 0.1319 0.0870 0.0904 
        D708  4 0.1562 0.0442 0.0613 0.2013 0.0543 0.2714 0.0572 0.1540 
        D709  4 0.0584 0.0608 0.0415 0.0696 0.0418 0.1100 0.4135 0.2044 
        D738  4 0.0485 0.0237 0.0930 0.4930 0.1098 0.0352 0.1480 0.0488 
        D739  4 0.0721 0.0434 0.4710 0.0476 0.0390 0.1014 0.0637 0.1618 
        D740  4 0.1923 0.0844 0.0716 0.1443 0.0338 0.0625 0.1631 0.2479 
        D741  4 0.0754 0.1397 0.1574 0.0220 0.2169 0.0382 0.1386 0.2119 
        D742  4 0.1376 0.3243 0.0889 0.1159 0.0512 0.0820 0.0612 0.1389 
        D743  4 0.0602 0.0646 0.0374 0.0307 0.4592 0.2729 0.0240 0.0510 
        D744  4 0.0402 0.0593 0.0351 0.0284 0.0353 0.7147 0.0308 0.0562 
        D745  4 0.1029 0.0262 0.4375 0.0304 0.0384 0.0375 0.1785 0.1485 
        D814  4 0.1020 0.2174 0.1341 0.0318 0.0630 0.1213 0.0247 0.3057 
        D815  4 0.0562 0.0512 0.0373 0.0498 0.1358 0.4246 0.1445 0.1006 
        D828  4 0.1225 0.1563 0.0534 0.1543 0.0156 0.2602 0.0877 0.1501 
        D845  4 0.7788 0.0407 0.0180 0.0579 0.0278 0.0243 0.0226 0.0300 
        D846  4 0.0606 0.1487 0.1549 0.0139 0.1499 0.3235 0.0312 0.1173 
        D847  4 0.1605 0.0681 0.3354 0.0984 0.1011 0.0476 0.0637 0.1252 
        D848  4 0.1771 0.0836 0.5653 0.0239 0.0198 0.0538 0.0247 0.0519 
        D849  4 0.0432 0.0518 0.4079 0.0300 0.0609 0.0796 0.1067 0.2198 
        D850  4 0.1590 0.0571 0.2405 0.0944 0.1799 0.0498 0.0378 0.1815 
        D856  4 0.0658 0.0349 0.0926 0.0555 0.0571 0.0622 0.2971 0.3347 
        D857  4 0.0256 0.0799 0.0557 0.0294 0.0128 0.0440 0.7086 0.0440 
        D859  4 0.1075 0.0538 0.0396 0.0361 0.0911 0.5698 0.0346 0.0675 
        D860  4 0.1715 0.1326 0.0400 0.3932 0.0986 0.0773 0.0392 0.0475 
        D883  4 0.0774 0.0386 0.2434 0.1103 0.2137 0.0985 0.1298 0.0884 
        D884  4 0.0665 0.0368 0.1523 0.1090 0.1020 0.1330 0.2875 0.1131 
        D885  4 0.2427 0.0839 0.0816 0.0334 0.1650 0.0833 0.0531 0.2570 
        D886  4 0.0528 0.0733 0.2822 0.0339 0.1645 0.0756 0.2388 0.0787 
        D887  4 0.2742 0.1544 0.0594 0.0624 0.0896 0.1653 0.0765 0.1181 
        D889  4 0.7150 0.0180 0.0249 0.0267 0.0392 0.0626 0.0242 0.0895 
        D890  4 0.0593 0.1047 0.0932 0.1622 0.0585 0.2084 0.1710 0.1427 
        D891  4 0.8870 0.0177 0.0147 0.0129 0.0190 0.0140 0.0134 0.0213 
        D899  4 0.1492 0.4741 0.0431 0.0994 0.0376 0.0742 0.0369 0.0854 
        D900  4 0.0791 0.1159 0.1103 0.0859 0.1265 0.1684 0.0906 0.2234 
        D970  4 0.1264 0.0926 0.0985 0.0591 0.1750 0.2493 0.0603 0.1389 
        D971  4 0.0270 0.4221 0.0428 0.0674 0.0927 0.1642 0.0855 0.0984 
        D979  4 0.0453 0.0362 0.0324 0.0448 0.4415 0.3134 0.0224 0.0640 
        D093  5 0.0899 0.0297 0.0374 0.6750 0.0422 0.0383 0.0433 0.0441 
        D154  5 0.2577 0.2062 0.0408 0.0726 0.0382 0.0572 0.0580 0.2693 
        D168  5 0.1191 0.2978 0.1424 0.0258 0.1052 0.0424 0.0802 0.1872 
        D189  5 0.3189 0.0479 0.0399 0.3436 0.0570 0.0637 0.0479 0.0811 
        D190  5 0.0572 0.0324 0.0224 0.6773 0.0455 0.0676 0.0600 0.0375 
     D237220  5 0.2361 0.0356 0.2457 0.0794 0.0378 0.0926 0.1485 0.1244 
     D237221  5 0.2736 0.1154 0.0404 0.2451 0.0896 0.0702 0.0815 0.0842 
     D237274  5 0.0296 0.0649 0.0350 0.0244 0.4296 0.1878 0.1243 0.1045 
     D237275  5 0.0908 0.5930 0.0344 0.0410 0.0248 0.0246 0.0827 0.1088 
     D237276  5 0.0838 0.0543 0.1092 0.1907 0.1583 0.0862 0.2106 0.1069 
     D237277  5 0.2743 0.0645 0.0259 0.4153 0.0325 0.0678 0.0675 0.0523 
     D237278  5 0.0479 0.3486 0.0704 0.2039 0.0599 0.0917 0.1002 0.0775 
     D237279  5 0.0627 0.0299 0.1211 0.0349 0.0408 0.0855 0.2410 0.3841 
     D237280  5 0.0593 0.0246 0.1328 0.0773 0.1258 0.0603 0.3843 0.1356 
     D237281  5 0.4093 0.3362 0.0248 0.0309 0.0740 0.0256 0.0323 0.0670 
     D237351  5 0.0486 0.0270 0.0403 0.0850 0.0359 0.0330 0.6486 0.0816 
     D237352  5 0.0365 0.0736 0.3535 0.0800 0.0784 0.2259 0.0577 0.0944 
     D237353  5 0.1369 0.0249 0.0186 0.5901 0.0269 0.0518 0.1126 0.0381 
     D237359  5 0.3807 0.0309 0.1987 0.0573 0.0373 0.0697 0.0605 0.1650 
     D237361  5 0.0462 0.0267 0.0226 0.7604 0.0312 0.0234 0.0529 0.0366 
     D237362  5 0.1176 0.0937 0.0700 0.1390 0.2412 0.0735 0.1038 0.1612 
     D237363  5 0.0680 0.1353 0.0411 0.0587 0.0596 0.0304 0.0715 0.5353 
     D237364  5 0.1632 0.1405 0.1748 0.0234 0.0881 0.1626 0.0697 0.1776 
     D237376  5 0.0576 0.0666 0.0264 0.2117 0.0180 0.5018 0.0494 0.0685 
     D237377  5 0.0500 0.0834 0.0423 0.1341 0.1790 0.0476 0.3211 0.1426 
     D237378  5 0.1081 0.1079 0.0493 0.4543 0.0290 0.1462 0.0436 0.0616 
     D237379  5 0.0757 0.0727 0.0608 0.2075 0.0384 0.3883 0.0416 0.1150 
     D237380  5 0.0227 0.0197 0.0492 0.0640 0.0278 0.1996 0.5668 0.0501 
     D237381  5 0.0495 0.0620 0.1779 0.0835 0.0545 0.0849 0.3834 0.1044 
     D237391  5 0.1408 0.0219 0.0317 0.6743 0.0357 0.0278 0.0348 0.0330 
     D237392  5 0.0495 0.2386 0.0486 0.0388 0.2756 0.1235 0.1027 0.1226 
     D237393  5 0.0664 0.0855 0.0492 0.2263 0.3134 0.0463 0.1534 0.0596 
     D237394  5 0.0598 0.0143 0.0243 0.7802 0.0302 0.0297 0.0327 0.0287 
     D237395  5 0.2576 0.0658 0.0779 0.2854 0.0361 0.0334 0.1087 0.1351 
     D237396  5 0.0954 0.1043 0.0931 0.1696 0.3012 0.0424 0.0755 0.1185 
     D244016  5 0.1391 0.0850 0.0320 0.2302 0.0307 0.2114 0.0604 0.2112 
     D244018  5 0.1185 0.3280 0.0780 0.1803 0.0790 0.0437 0.0602 0.1122 
     D244019  5 0.1513 0.1386 0.0338 0.0492 0.1383 0.0992 0.1039 0.2858 
        D279  5 0.5600 0.0697 0.0374 0.0589 0.0381 0.0723 0.0543 0.1094 
        D280  5 0.2540 0.0710 0.1060 0.1564 0.1070 0.0336 0.0958 0.1762 
        D281  5 0.5630 0.1518 0.0211 0.0786 0.0384 0.0306 0.0246 0.0919 
        D283  5 0.1863 0.0500 0.0402 0.3421 0.1811 0.0412 0.0740 0.0850 
        D284  5 0.1441 0.0545 0.2989 0.0461 0.0728 0.0572 0.1004 0.2260 
        D285  5 0.3463 0.0282 0.0373 0.2960 0.0796 0.0570 0.0592 0.0966 
        D286  5 0.1443 0.0387 0.1418 0.1933 0.1092 0.1839 0.0679 0.1209 
        D287  5 0.0556 0.0533 0.0578 0.1996 0.0261 0.3781 0.0846 0.1448 
        D288  5 0.3046 0.0435 0.0412 0.0682 0.2766 0.0266 0.0687 0.1706 
        D308  5 0.0343 0.0236 0.0300 0.0344 0.0742 0.0275 0.7207 0.0553 
        D309  5 0.0197 0.0209 0.0426 0.0281 0.0307 0.7739 0.0260 0.0582 
        D310  5 0.0543 0.0198 0.0195 0.6556 0.0274 0.0266 0.0412 0.1555 
        D311  5 0.0859 0.0539 0.0596 0.1378 0.1758 0.2177 0.0640 0.2053 
        D312  5 0.0689 0.0742 0.1027 0.2662 0.1033 0.2230 0.0559 0.1057 
        D313  5 0.0179 0.0147 0.3587 0.0383 0.0200 0.0130 0.5091 0.0284 
        D314  5 0.1796 0.1125 0.0876 0.0830 0.0365 0.1320 0.1502 0.2185 
        D315  5 0.0621 0.0862 0.0804 0.2815 0.1896 0.0596 0.1177 0.1229 
        D317  5 0.0489 0.0271 0.0218 0.7634 0.0548 0.0231 0.0239 0.0370 
        D318  5 0.0661 0.1727 0.1631 0.0782 0.1116 0.1488 0.0632 0.1964 
        D319  5 0.0569 0.0313 0.0228 0.6742 0.0414 0.0219 0.1026 0.0488 
        D320  5 0.1228 0.0232 0.0396 0.5671 0.0329 0.0733 0.0880 0.0531 
        D321  5 0.1517 0.0215 0.0281 0.0696 0.1041 0.0237 0.5580 0.0432 
        D336  5 0.0265 0.0215 0.0348 0.6876 0.0220 0.0886 0.0312 0.0878 
        D337  5 0.0789 0.0379 0.0164 0.7405 0.0290 0.0375 0.0240 0.0359 
        D338  5 0.2655 0.0568 0.0759 0.1467 0.2034 0.0496 0.0690 0.1330 
        D339  5 0.1436 0.0567 0.0348 0.4978 0.0582 0.0253 0.0840 0.0996 
        D347  5 0.1221 0.2028 0.0477 0.0828 0.1808 0.1073 0.0922 0.1642 
        D348  5 0.0367 0.0339 0.0233 0.6421 0.0362 0.1424 0.0326 0.0527 
        D349  5 0.0421 0.0214 0.0175 0.0509 0.0225 0.0231 0.8000 0.0225 
        D350  5 0.0290 0.0311 0.0243 0.0228 0.0195 0.8227 0.0231 0.0274 
        D355  5 0.3320 0.1146 0.0227 0.0333 0.1231 0.0892 0.0736 0.2114 
        D356  5 0.0942 0.0366 0.1543 0.2685 0.1955 0.0773 0.0770 0.0966 
        D357  5 0.1223 0.0618 0.0475 0.1428 0.0614 0.0805 0.2118 0.2718 
        D358  5 0.0679 0.0620 0.0647 0.3964 0.0417 0.1805 0.0826 0.1042 
        D359  5 0.0707 0.0227 0.0240 0.3845 0.2357 0.0729 0.0972 0.0923 
        D360  5 0.0894 0.0307 0.1644 0.4401 0.0928 0.0546 0.0582 0.0698 
        D361  5 0.0234 0.0225 0.0220 0.0296 0.0385 0.0196 0.8158 0.0286 
        D366  5 0.0235 0.3648 0.0342 0.0301 0.4376 0.0259 0.0265 0.0574 
        D367  5 0.0656 0.0244 0.0420 0.4356 0.0288 0.1356 0.1017 0.1663 
        D368  5 0.0875 0.0324 0.0337 0.1765 0.0934 0.0495 0.3438 0.1832 
        D380  5 0.0789 0.0688 0.0652 0.0424 0.0587 0.4422 0.0666 0.1771 
        D381  5 0.1636 0.0430 0.0271 0.4366 0.0683 0.0561 0.0752 0.1302 
        D400  5 0.2320 0.1141 0.0562 0.2080 0.0859 0.1493 0.0500 0.1044 
        D411  5 0.0261 0.0492 0.6582 0.0199 0.0241 0.0375 0.0700 0.1149 
        D412  5 0.0963 0.1648 0.1140 0.0859 0.0989 0.0528 0.1309 0.2564 
        D413  5 0.0482 0.5222 0.0702 0.0449 0.1096 0.0711 0.0302 0.1036 
        D414  5 0.0752 0.0592 0.0213 0.0211 0.0277 0.7224 0.0273 0.0458 
        D420  5 0.3227 0.0302 0.2934 0.0495 0.0283 0.0292 0.0656 0.1812 
        D431  5 0.2044 0.0708 0.0685 0.0646 0.0196 0.2375 0.1481 0.1863 
        D432  5 0.0881 0.0767 0.0868 0.4454 0.0701 0.0508 0.0969 0.0854 
        D433  5 0.1815 0.0630 0.0234 0.3868 0.0767 0.0339 0.1738 0.0610 
        D434  5 0.0861 0.0316 0.0650 0.3617 0.1088 0.0399 0.1913 0.1157 
        D440  5 0.0276 0.0188 0.0207 0.0249 0.0162 0.8235 0.0306 0.0377 
        D447  5 0.0401 0.0923 0.1765 0.0442 0.2372 0.1174 0.0632 0.2291 
        D448  5 0.0935 0.0617 0.0390 0.4587 0.0817 0.0835 0.0527 0.1291 
        D459  5 0.3355 0.3399 0.0251 0.0340 0.1045 0.0512 0.0359 0.0738 
        D460  5 0.0290 0.0252 0.0212 0.0803 0.0799 0.0235 0.7109 0.0300 
        D461  5 0.0326 0.0215 0.0264 0.0327 0.0674 0.7648 0.0241 0.0305 
        D468  5 0.0395 0.0781 0.0709 0.1835 0.1601 0.0586 0.1453 0.2641 
        D469  5 0.0729 0.0332 0.0841 0.0868 0.4624 0.0711 0.0928 0.0966 
        D470  5 0.0627 0.0426 0.3022 0.1296 0.0878 0.1568 0.0448 0.1735 
        D471  5 0.1825 0.0539 0.0189 0.4485 0.0830 0.0948 0.0500 0.0686 
        D472  5 0.0700 0.0797 0.0232 0.0232 0.7377 0.0169 0.0207 0.0286 
        D479  5 0.0225 0.6659 0.0281 0.0250 0.0310 0.1340 0.0354 0.0581 
        D485  5 0.0373 0.0834 0.0700 0.0731 0.0369 0.4964 0.0602 0.1428 
        D486  5 0.0379 0.0790 0.1862 0.1040 0.1163 0.0785 0.1247 0.2735 
        D487  5 0.3748 0.1026 0.0392 0.1227 0.0399 0.1434 0.0805 0.0969 
        D555  5 0.0467 0.0680 0.0274 0.7236 0.0329 0.0286 0.0373 0.0354 
        D556  5 0.3523 0.0387 0.0570 0.0982 0.0451 0.2185 0.0977 0.0924 
        D557  5 0.0547 0.0524 0.0241 0.6564 0.0374 0.0501 0.0789 0.0459 
        D564  5 0.0406 0.0491 0.0530 0.2162 0.0459 0.3247 0.1630 0.1075 
        D594  5 0.0481 0.1265 0.0612 0.0866 0.1505 0.0857 0.1767 0.2647 
        D595  5 0.1171 0.1471 0.0525 0.2835 0.1622 0.0684 0.0711 0.0981 
        D596  5 0.0372 0.0459 0.0254 0.7668 0.0289 0.0237 0.0454 0.0268 
        D597  5 0.1972 0.2103 0.0306 0.2655 0.1181 0.0701 0.0425 0.0658 
        D598  5 0.0861 0.0726 0.1078 0.3804 0.0816 0.1119 0.0762 0.0834 
        D617  5 0.0474 0.2227 0.4286 0.0177 0.0339 0.0355 0.0709 0.1432 
        D618  5 0.2930 0.0548 0.0404 0.3169 0.0698 0.0733 0.0900 0.0619 
        D619  5 0.0446 0.0634 0.0225 0.1040 0.1537 0.0496 0.4712 0.0911 
        D620  5 0.0638 0.6758 0.0278 0.0430 0.1088 0.0218 0.0295 0.0295 
        D628  5 0.0246 0.0335 0.0453 0.0553 0.0186 0.7463 0.0376 0.0388 
        D714  5 0.2663 0.0568 0.0353 0.1129 0.0213 0.4006 0.0387 0.0681 
        D715  5 0.1830 0.0415 0.0277 0.5193 0.0878 0.0463 0.0397 0.0547 
        D716  5 0.1307 0.1465 0.0558 0.0676 0.1100 0.1964 0.0467 0.2463 
        D717  5 0.1796 0.0440 0.1151 0.1734 0.2079 0.0833 0.0970 0.0997 
        D718  5 0.1265 0.0691 0.0807 0.1316 0.0272 0.0912 0.1494 0.3242 
        D769  5 0.0613 0.1226 0.4874 0.0391 0.0420 0.0821 0.0467 0.1188 
        D770  5 0.0689 0.2260 0.0360 0.0781 0.0500 0.3773 0.0534 0.1104 
        D771  5 0.1364 0.2920 0.1014 0.0675 0.0441 0.1190 0.0850 0.1546 
        D772  5 0.0493 0.0277 0.0532 0.1024 0.0321 0.6558 0.0328 0.0466 
        D782  5 0.2088 0.0988 0.0608 0.0474 0.0533 0.0350 0.1885 0.3075 
        D783  5 0.0837 0.2184 0.0314 0.0843 0.0215 0.3830 0.0396 0.1382 
        D784  5 0.2067 0.0405 0.0619 0.1042 0.2348 0.1944 0.0584 0.0991 
        D785  5 0.0694 0.0248 0.0355 0.4527 0.0480 0.1474 0.1623 0.0599 
        D786  5 0.0339 0.0844 0.3387 0.0237 0.1732 0.1687 0.1019 0.0756 
        D821  5 0.0754 0.0163 0.0124 0.7828 0.0159 0.0521 0.0233 0.0218 
        D822  5 0.0900 0.0959 0.0358 0.1101 0.1807 0.1359 0.1275 0.2241 
        D826  5 0.3230 0.1138 0.0267 0.2341 0.0654 0.0590 0.0813 0.0966 
        D827  5 0.0550 0.0928 0.1028 0.0552 0.3259 0.1018 0.0496 0.2169 
        D851  5 0.1201 0.0599 0.0777 0.1520 0.0811 0.0767 0.1201 0.3123 
        D852  5 0.3130 0.0615 0.0363 0.0918 0.0295 0.3053 0.1042 0.0584 
        D853  5 0.3305 0.0501 0.0669 0.1919 0.0727 0.0608 0.0970 0.1300 
        D854  5 0.2068 0.1038 0.0520 0.0238 0.1009 0.1005 0.1151 0.2971 
        D861  5 0.1664 0.1262 0.0610 0.1370 0.0682 0.0621 0.1169 0.2623 
        D862  5 0.0432 0.0381 0.0563 0.2497 0.3094 0.0932 0.0766 0.1335 
        D865  5 0.0745 0.0847 0.0400 0.5265 0.0307 0.0657 0.1081 0.0699 
        D868  5 0.1070 0.0288 0.0562 0.0679 0.6045 0.0375 0.0505 0.0476 
        D869  5 0.0248 0.0588 0.6647 0.0526 0.0574 0.0191 0.0405 0.0821 
        D870  5 0.0504 0.0876 0.1989 0.0183 0.0547 0.0352 0.0360 0.5189 
        D907  5 0.0554 0.0577 0.0523 0.6167 0.0339 0.0250 0.0543 0.1047 
        D908  5 0.3165 0.1362 0.0265 0.1091 0.0251 0.1688 0.1615 0.0563 
        D910  5 0.2269 0.1627 0.0371 0.2523 0.0966 0.0687 0.0622 0.0935 
        D911  5 0.6116 0.0743 0.0233 0.0262 0.0799 0.0300 0.0337 0.1212 
        D934  5 0.2184 0.1440 0.0374 0.0380 0.0566 0.3060 0.0532 0.1464 
        D946  5 0.1535 0.0586 0.0412 0.0425 0.0235 0.4243 0.1531 0.1034 
        D947  5 0.2906 0.0464 0.0716 0.0386 0.1285 0.2106 0.0569 0.1568 
