        D174  1 0.1389 0.0342 0.0216 0.0727 0.0829 0.4924 0.0248 0.0577 0.0749 
        D199  1 0.0286 0.1558 0.1479 0.0907 0.0350 0.1458 0.0283 0.2231 0.1448 
        D203  1 0.1279 0.1460 0.0729 0.0867 0.1174 0.0613 0.0404 0.2508 0.0966 
        D204  1 0.0251 0.0409 0.0192 0.0186 0.0260 0.0163 0.0839 0.7377 0.0323 
     D237366  1 0.0849 0.0368 0.0412 0.5438 0.0155 0.0575 0.0956 0.0516 0.0730 
     D237367  1 0.1017 0.0781 0.0303 0.2098 0.0549 0.0411 0.0394 0.3049 0.1398 
     D237368  1 0.0374 0.0706 0.0284 0.4716 0.0417 0.0899 0.0390 0.1330 0.0883 
     D244101  1 0.0265 0.0822 0.1061 0.0278 0.0367 0.0165 0.4059 0.1987 0.0995 
     D244102  1 0.1557 0.0598 0.0651 0.0945 0.2276 0.0457 0.1565 0.0777 0.1175 
     D244103  1 0.2058 0.0346 0.0280 0.3717 0.0362 0.0494 0.0450 0.1072 0.1221 
     D244104  1 0.0253 0.0350 0.0419 0.0375 0.0310 0.1017 0.0166 0.6695 0.0416 
     D244105  1 0.1706 0.0238 0.0423 0.2997 0.1395 0.0160 0.0258 0.0524 0.2299 
     D244106  1 0.0953 0.0616 0.0462 0.0231 0.0306 0.6163 0.0209 0.0561 0.0499 
     D244107  1 0.0221 0.0860 0.0290 0.4134 0.1860 0.0173 0.0482 0.0420 0.1559 
     D244108  1 0.0360 0.0284 0.0450 0.0341 0.4129 0.3029 0.0307 0.0515 0.0585 
     D244113  1 0.0464 0.0604 0.0245 0.0334 0.0547 0.5110 0.1950 0.0146 0.0599 
     D244114  1 0.2186 0.0367 0.1531 0.0555 0.0631 0.0928 0.0510 0.0826 0.2466 
     D244115  1 0.0610 0.0217 0.0451 0.0645 0.2484 0.2740 0.0266 0.1269 0.1319 
     D267365  1 0.0306 0.0253 0.1699 0.1066 0.0379 0.1739 0.0359 0.3382 0.0816 
        D404  1 0.1236 0.0496 0.0258 0.0192 0.0839 0.3624 0.2636 0.0209 0.0510 
        D405  1 0.1285 0.0997 0.0600 0.0553 0.1922 0.0740 0.1529 0.0925 0.1449 
        D406  1 0.0206 0.0175 0.0211 0.7497 0.0472 0.0420 0.0268 0.0524 0.0227 
        D407  1 0.0318 0.1142 0.0206 0.2165 0.0180 0.0257 0.0175 0.4729 0.0828 
        D408  1 0.0519 0.0151 0.1945 0.0261 0.0814 0.4602 0.0543 0.0510 0.0655 
        D409  1 0.1774 0.0343 0.0264 0.4330 0.0540 0.0369 0.0311 0.0712 0.1358 
        D410  1 0.0189 0.0090 0.0144 0.0253 0.8124 0.0209 0.0203 0.0552 0.0236 
        D421  1 0.0102 0.0351 0.0136 0.0161 0.0100 0.0165 0.0096 0.8731 0.0158 
        D422  1 0.0238 0.0271 0.0255 0.8012 0.0190 0.0132 0.0113 0.0445 0.0344 
        D423  1 0.0326 0.0538 0.0148 0.0561 0.7030 0.0210 0.0189 0.0636 0.0362 
        D424  1 0.0367 0.0171 0.0141 0.1291 0.0243 0.0470 0.0172 0.5091 0.2054 
        D425  1 0.0382 0.0228 0.0862 0.0342 0.1823 0.0726 0.0266 0.3445 0.1925 
        D426  1 0.0816 0.0309 0.1243 0.4323 0.0150 0.0258 0.0148 0.0422 0.2332 
        D427  1 0.0196 0.4214 0.0283 0.0314 0.0182 0.1657 0.0141 0.2656 0.0358 
        D428  1 0.0245 0.0510 0.0427 0.1146 0.1113 0.1835 0.0823 0.2659 0.1242 
        D429  1 0.1161 0.0414 0.0493 0.0494 0.0613 0.2480 0.0264 0.3227 0.0854 
        D430  1 0.2326 0.0758 0.1355 0.0469 0.0506 0.1437 0.0373 0.0834 0.1941 
        D491  1 0.0338 0.0149 0.0370 0.0208 0.0587 0.7226 0.0234 0.0553 0.0336 
        D492  1 0.0616 0.0476 0.0298 0.1230 0.0850 0.1701 0.0594 0.2124 0.2110 
        D537  1 0.0291 0.0445 0.0144 0.0656 0.0537 0.0277 0.0785 0.6380 0.0485 
        D538  1 0.1887 0.1014 0.0373 0.1383 0.1561 0.1002 0.0502 0.0615 0.1665 
        D539  1 0.1853 0.0464 0.2768 0.0650 0.0544 0.1480 0.0787 0.0401 0.1053 
        D540  1 0.1036 0.0308 0.0913 0.1016 0.1001 0.0419 0.0247 0.2498 0.2562 
        D541  1 0.0152 0.0179 0.0184 0.0184 0.0182 0.0113 0.0167 0.8679 0.0159 
        D551  1 0.1089 0.1510 0.1591 0.0911 0.0205 0.0324 0.0190 0.0568 0.3611 
        D552  1 0.0549 0.0432 0.0668 0.1741 0.1566 0.2377 0.0383 0.1407 0.0876 
        D553  1 0.0141 0.0128 0.0235 0.0168 0.0122 0.0153 0.0139 0.8723 0.0192 
        D615  1 0.0945 0.0890 0.0880 0.0495 0.1263 0.0597 0.0210 0.3941 0.0780 
        D616  1 0.0861 0.1523 0.0802 0.1157 0.1011 0.0661 0.0186 0.2374 0.1426 
        D621  1 0.0251 0.0236 0.0264 0.3072 0.1549 0.1018 0.2962 0.0183 0.0465 
        D622  1 0.0557 0.0242 0.0396 0.6252 0.0670 0.0450 0.0389 0.0430 0.0613 
        D623  1 0.0309 0.1599 0.0547 0.0271 0.0841 0.2130 0.3460 0.0224 0.0617 
        D624  1 0.0267 0.0170 0.0244 0.0322 0.0214 0.7925 0.0116 0.0316 0.0427 
        D625  1 0.0580 0.0145 0.0289 0.0643 0.0505 0.0598 0.0457 0.6125 0.0657 
        D626  1 0.1298 0.0400 0.0731 0.1125 0.1417 0.3149 0.0275 0.0727 0.0879 
        D627  1 0.1616 0.0277 0.1327 0.2495 0.0143 0.0346 0.0152 0.0978 0.2665 
        D690  1 0.0201 0.0127 0.0132 0.0333 0.0749 0.0498 0.0219 0.7463 0.0278 
        D691  1 0.0743 0.0220 0.0375 0.6832 0.0312 0.0356 0.0207 0.0716 0.0240 
        D710  1 0.0391 0.0539 0.0447 0.1217 0.1073 0.1499 0.1042 0.2597 0.1196 
        D711  1 0.0446 0.0228 0.0212 0.0411 0.0266 0.0341 0.0287 0.7400 0.0408 
        D712  1 0.0516 0.0422 0.1082 0.0842 0.0300 0.5267 0.0573 0.0335 0.0663 
        D713  1 0.0535 0.0254 0.0262 0.0974 0.0824 0.1716 0.2494 0.1693 0.1249 
        D746  1 0.0245 0.0269 0.0170 0.7893 0.0297 0.0198 0.0205 0.0490 0.0234 
        D747  1 0.0122 0.0188 0.0165 0.0165 0.0172 0.0147 0.0241 0.8629 0.0170 
        D748  1 0.2218 0.0159 0.0307 0.3017 0.0596 0.0272 0.0494 0.2433 0.0504 
        D749  1 0.0563 0.0487 0.0266 0.2905 0.0778 0.1303 0.0743 0.0206 0.2750 
        D750  1 0.0311 0.0206 0.0261 0.0350 0.0817 0.6177 0.0358 0.1144 0.0377 
        D763  1 0.0808 0.1274 0.1987 0.1092 0.0333 0.0262 0.1493 0.1020 0.1731 
        D764  1 0.0289 0.0196 0.0257 0.0658 0.0983 0.2098 0.0145 0.4714 0.0660 
        D765  1 0.0562 0.0153 0.0272 0.0567 0.6783 0.0705 0.0130 0.0353 0.0476 
        D766  1 0.0454 0.0281 0.0205 0.1763 0.4069 0.0382 0.1049 0.0990 0.0807 
        D767  1 0.1313 0.1038 0.0340 0.1026 0.1295 0.0349 0.2528 0.0966 0.1145 
        D768  1 0.0120 0.0230 0.0162 0.0266 0.0175 0.0120 0.0134 0.8414 0.0378 
        D811  1 0.1723 0.0185 0.0426 0.0259 0.4040 0.1749 0.0409 0.0275 0.0934 
        D816  1 0.0141 0.0175 0.0223 0.0225 0.0222 0.0279 0.0163 0.8358 0.0213 
        D825  1 0.0804 0.0154 0.0242 0.0294 0.5294 0.1638 0.0177 0.0644 0.0752 
        D866  1 0.0787 0.0963 0.4139 0.0270 0.0739 0.1558 0.0190 0.0579 0.0774 
        D867  1 0.0205 0.0441 0.0191 0.7041 0.0298 0.0293 0.0857 0.0216 0.0458 
        D871  1 0.2574 0.0192 0.0560 0.3612 0.0283 0.0609 0.0312 0.0535 0.1323 
        D872  1 0.0983 0.0717 0.0252 0.1371 0.2325 0.0410 0.0555 0.2499 0.0887 
        D873  1 0.0238 0.0228 0.0096 0.0242 0.8249 0.0126 0.0485 0.0083 0.0254 
        D874  1 0.0288 0.0181 0.0228 0.0142 0.0155 0.0656 0.7501 0.0579 0.0269 
        D875  1 0.2542 0.0158 0.0190 0.5236 0.0371 0.0176 0.0144 0.0337 0.0845 
        D876  1 0.0355 0.0245 0.0775 0.1070 0.0553 0.1062 0.0750 0.4484 0.0707 
        D877  1 0.1289 0.0273 0.0245 0.0166 0.0612 0.3290 0.2412 0.0414 0.1300 
        D892  1 0.1375 0.0172 0.0256 0.2181 0.0675 0.1898 0.0357 0.2603 0.0484 
        D893  1 0.0442 0.0290 0.0680 0.0827 0.0383 0.0172 0.0334 0.5926 0.0946 
        D894  1 0.1370 0.0318 0.0407 0.0480 0.0414 0.0601 0.0199 0.5499 0.0712 
        D915  1 0.0767 0.0264 0.0313 0.0713 0.1553 0.0547 0.0194 0.5062 0.0586 
        D916  1 0.0165 0.0119 0.0135 0.0193 0.0167 0.0172 0.0103 0.8787 0.0159 
        D917  1 0.0353 0.0708 0.1478 0.0480 0.0381 0.2009 0.1409 0.1437 0.1745 
        D925  1 0.0270 0.0184 0.0326 0.0447 0.5202 0.0711 0.0200 0.2315 0.0345 
        D926  1 0.0651 0.0234 0.0405 0.0694 0.0612 0.0701 0.0490 0.4207 0.2006 
        D927  1 0.0353 0.2718 0.0946 0.0616 0.0285 0.0594 0.0408 0.2599 0.1482 
        D928  1 0.0141 0.0156 0.0131 0.0136 0.0548 0.7738 0.0200 0.0685 0.0265 
        D929  1 0.1484 0.0217 0.0272 0.0696 0.0326 0.0425 0.5536 0.0344 0.0701 
        D936  1 0.0383 0.0520 0.1198 0.0345 0.0504 0.0295 0.1100 0.4973 0.0683 
        D938  1 0.0313 0.0157 0.0163 0.7450 0.0590 0.0267 0.0538 0.0247 0.0275 
        D956  1 0.1202 0.0377 0.0345 0.0188 0.0630 0.5987 0.0295 0.0296 0.0680 
        D957  1 0.0653 0.0305 0.0247 0.1071 0.5686 0.0279 0.0445 0.0738 0.0576 
        D958  1 0.0440 0.0305 0.0252 0.1483 0.2662 0.1309 0.0924 0.1869 0.0755 
        D959  1 0.0184 0.0975 0.0134 0.2370 0.0209 0.0231 0.0122 0.4740 0.1034 
        D960  1 0.0371 0.0171 0.0159 0.6164 0.1297 0.0628 0.0423 0.0320 0.0467 
        D989  1 0.0307 0.0828 0.1355 0.0439 0.0265 0.5251 0.0284 0.0465 0.0807 
        D990  1 0.0519 0.0288 0.1422 0.0373 0.5660 0.0451 0.0197 0.0151 0.0939 
        D023  2 0.0114 0.0178 0.0157 0.8491 0.0158 0.0199 0.0142 0.0365 0.0197 
        D130  2 0.0600 0.0354 0.0167 0.7294 0.0284 0.0133 0.0226 0.0752 0.0192 
        D131  2 0.1114 0.0424 0.1264 0.0567 0.0659 0.0422 0.0487 0.2456 0.2607 
        D163  2 0.0223 0.0149 0.0397 0.6523 0.0395 0.0360 0.0252 0.1070 0.0631 
        D164  2 0.0104 0.5395 0.0119 0.0249 0.3563 0.0100 0.0196 0.0125 0.0149 
        D165  2 0.0162 0.0293 0.0244 0.8116 0.0156 0.0142 0.0158 0.0342 0.0386 
        D166  2 0.3333 0.0478 0.0527 0.0784 0.0862 0.0199 0.1467 0.0453 0.1897 
        D167  2 0.0141 0.8659 0.0144 0.0157 0.0191 0.0238 0.0128 0.0121 0.0220 
        D192  2 0.0152 0.8878 0.0159 0.0115 0.0119 0.0143 0.0180 0.0084 0.0170 
        D193  2 0.1233 0.0343 0.0564 0.0402 0.1375 0.2424 0.1887 0.0271 0.1501 
        D206  2 0.0660 0.3465 0.0377 0.1533 0.0375 0.0254 0.0452 0.1341 0.1543 
        D207  2 0.0703 0.6710 0.0620 0.0236 0.0232 0.0184 0.0201 0.0286 0.0828 
        D208  2 0.1091 0.0898 0.3700 0.0342 0.0505 0.1549 0.0567 0.0442 0.0904 
        D209  2 0.0232 0.4079 0.0331 0.0739 0.0482 0.0279 0.1045 0.0312 0.2500 
        D210  2 0.0439 0.1044 0.1875 0.0252 0.0310 0.4517 0.0300 0.0620 0.0644 
     D229599  2 0.0488 0.0383 0.1687 0.1257 0.0885 0.0741 0.1406 0.1553 0.1598 
     D229600  2 0.0492 0.3223 0.0188 0.4232 0.0495 0.0220 0.0211 0.0295 0.0645 
     D237227  2 0.0280 0.0506 0.1061 0.0505 0.2452 0.3648 0.0211 0.0515 0.0822 
     D237228  2 0.0327 0.0406 0.0543 0.0154 0.6082 0.1331 0.0175 0.0132 0.0851 
     D237258  2 0.0577 0.2021 0.1273 0.0966 0.1378 0.0712 0.0729 0.0754 0.1590 
     D237310  2 0.1623 0.0399 0.0212 0.0188 0.6423 0.0297 0.0336 0.0110 0.0413 
     D237311  2 0.0435 0.1502 0.0217 0.0305 0.6709 0.0241 0.0182 0.0123 0.0285 
     D237312  2 0.3518 0.0204 0.0243 0.0574 0.3535 0.0341 0.0924 0.0227 0.0435 
     D237313  2 0.0867 0.0281 0.1356 0.0624 0.1749 0.0946 0.0631 0.2037 0.1509 
     D237322  2 0.1402 0.0447 0.2859 0.0304 0.0700 0.0709 0.0974 0.0333 0.2271 
     D237323  2 0.0907 0.0289 0.0506 0.0580 0.5717 0.1213 0.0278 0.0164 0.0346 
     D237324  2 0.0335 0.1889 0.0788 0.2773 0.0411 0.0149 0.0234 0.0417 0.3005 
     D237325  2 0.1208 0.0637 0.0311 0.1280 0.4229 0.0612 0.0629 0.0286 0.0808 
     D237326  2 0.0213 0.0361 0.0262 0.0306 0.7130 0.0606 0.0308 0.0429 0.0385 
     D237327  2 0.0691 0.1125 0.3721 0.1064 0.0234 0.0344 0.0822 0.0505 0.1494 
     D237337  2 0.0276 0.0137 0.0159 0.0188 0.8368 0.0264 0.0169 0.0201 0.0239 
     D237338  2 0.0893 0.0696 0.0922 0.2310 0.1720 0.1199 0.0864 0.0517 0.0878 
     D237339  2 0.0319 0.1942 0.0335 0.0248 0.0283 0.0146 0.5485 0.0487 0.0755 
     D237340  2 0.0664 0.1831 0.0340 0.0685 0.4018 0.1345 0.0379 0.0163 0.0576 
     D237389  2 0.0812 0.0904 0.0155 0.0241 0.6822 0.0248 0.0296 0.0154 0.0367 
     D237390  2 0.1575 0.0236 0.0422 0.0641 0.5004 0.0581 0.0634 0.0309 0.0597 
     D244017  2 0.0611 0.3822 0.0488 0.0466 0.0515 0.2423 0.0252 0.0278 0.1144 
     D244112  2 0.0481 0.8397 0.0142 0.0192 0.0156 0.0151 0.0157 0.0127 0.0197 
     D244118  2 0.0174 0.6016 0.0219 0.2312 0.0406 0.0258 0.0235 0.0120 0.0259 
     D244119  2 0.0171 0.2767 0.0274 0.0135 0.0427 0.5674 0.0116 0.0167 0.0268 
     D244120  2 0.1587 0.4658 0.0656 0.0221 0.0477 0.0561 0.1261 0.0110 0.0467 
     D244122  2 0.0562 0.7017 0.0279 0.0353 0.0244 0.0464 0.0371 0.0280 0.0430 
        D291  2 0.0531 0.0380 0.6034 0.0533 0.0300 0.0169 0.0174 0.0675 0.1206 
        D292  2 0.0255 0.2508 0.2259 0.0285 0.1075 0.0569 0.0286 0.1943 0.0820 
        D293  2 0.0180 0.6826 0.0280 0.0130 0.0115 0.0149 0.0552 0.1097 0.0671 
        D322  2 0.0328 0.5216 0.0457 0.0378 0.0565 0.0177 0.0990 0.1265 0.0624 
        D323  2 0.0935 0.1646 0.1006 0.0462 0.0877 0.0489 0.1514 0.0621 0.2449 
        D324  2 0.0461 0.0306 0.3810 0.0959 0.0885 0.0532 0.0214 0.1302 0.1531 
        D325  2 0.0235 0.7869 0.0288 0.0213 0.0130 0.0113 0.0208 0.0470 0.0472 
        D326  2 0.0138 0.0131 0.0240 0.0128 0.0118 0.0285 0.0159 0.8544 0.0256 
        D340  2 0.0143 0.8492 0.0254 0.0178 0.0154 0.0168 0.0167 0.0248 0.0196 
        D341  2 0.1607 0.5435 0.0584 0.0207 0.0463 0.0393 0.0352 0.0460 0.0501 
        D342  2 0.0863 0.5508 0.0364 0.0668 0.0642 0.0205 0.0175 0.0220 0.1355 
        D343  2 0.0142 0.9062 0.0125 0.0091 0.0086 0.0104 0.0113 0.0140 0.0137 
        D344  2 0.0707 0.0532 0.0328 0.0267 0.0908 0.0215 0.4442 0.1248 0.1351 
        D345  2 0.0250 0.0486 0.0720 0.0887 0.2972 0.0399 0.1431 0.1359 0.1495 
        D346  2 0.0759 0.0925 0.0761 0.0334 0.0588 0.4774 0.0569 0.0632 0.0657 
        D351  2 0.0922 0.0461 0.1783 0.0851 0.0872 0.0212 0.0538 0.2690 0.1672 
        D352  2 0.0254 0.0259 0.0304 0.0185 0.0414 0.0392 0.7200 0.0165 0.0828 
        D353  2 0.0195 0.0244 0.0338 0.0188 0.0167 0.0153 0.0746 0.1581 0.6388 
        D354  2 0.0279 0.0124 0.0263 0.0188 0.0480 0.0371 0.7049 0.0756 0.0491 
        D362  2 0.0251 0.0304 0.0279 0.0508 0.0453 0.0307 0.0210 0.7113 0.0576 
        D363  2 0.0152 0.0197 0.0276 0.0341 0.0436 0.0314 0.0197 0.7670 0.0417 
        D364  2 0.0445 0.0222 0.0308 0.0296 0.1042 0.0451 0.3152 0.3069 0.1014 
        D365  2 0.0125 0.8757 0.0145 0.0100 0.0137 0.0192 0.0220 0.0190 0.0135 
        D369  2 0.0525 0.1808 0.1340 0.0517 0.1441 0.1434 0.0193 0.1773 0.0969 
        D374  2 0.0446 0.0213 0.0239 0.0161 0.1039 0.6377 0.0586 0.0233 0.0705 
        D375  2 0.0322 0.0143 0.0112 0.0141 0.0262 0.0148 0.8277 0.0197 0.0397 
        D376  2 0.0440 0.0242 0.0237 0.0156 0.0801 0.6256 0.1089 0.0153 0.0626 
        D377  2 0.1782 0.0759 0.0729 0.0647 0.2652 0.0702 0.0974 0.0301 0.1454 
        D378  2 0.0364 0.2632 0.0874 0.0945 0.0244 0.0246 0.1799 0.1394 0.1501 
        D379  2 0.0382 0.0189 0.0306 0.0209 0.0306 0.0237 0.0355 0.7472 0.0545 
        D384  2 0.0135 0.0139 0.0200 0.0125 0.0170 0.0314 0.0124 0.8623 0.0170 
        D385  2 0.0272 0.6941 0.0191 0.0142 0.0185 0.0383 0.1491 0.0161 0.0234 
        D386  2 0.0308 0.0804 0.0293 0.0915 0.0316 0.0196 0.4618 0.1252 0.1298 
        D391  2 0.0227 0.7818 0.0303 0.0133 0.0226 0.0172 0.0635 0.0263 0.0224 
        D392  2 0.0328 0.5796 0.0336 0.0571 0.1088 0.0443 0.0203 0.0709 0.0525 
        D393  2 0.0723 0.0733 0.2113 0.0490 0.0377 0.0188 0.1687 0.3000 0.0688 
        D394  2 0.0805 0.0854 0.0572 0.2219 0.1913 0.0452 0.1313 0.0697 0.1175 
        D395  2 0.0335 0.2704 0.0314 0.0259 0.0213 0.0182 0.5072 0.0137 0.0784 
        D401  2 0.0185 0.0238 0.0166 0.0146 0.8495 0.0284 0.0118 0.0141 0.0226 
        D402  2 0.0372 0.7566 0.0451 0.0143 0.0311 0.0151 0.0563 0.0182 0.0262 
        D403  2 0.0806 0.0201 0.0267 0.0940 0.0320 0.0252 0.1157 0.2238 0.3818 
        D415  2 0.0482 0.0209 0.0214 0.0552 0.1076 0.0145 0.0212 0.5261 0.1850 
        D435  2 0.0329 0.2161 0.0557 0.0318 0.0420 0.0149 0.0430 0.5156 0.0480 
        D436  2 0.0578 0.0336 0.0313 0.0457 0.0436 0.0568 0.5003 0.1339 0.0971 
        D438  2 0.0130 0.8841 0.0141 0.0164 0.0118 0.0196 0.0133 0.0122 0.0154 
        D439  2 0.0325 0.0689 0.0422 0.0815 0.0456 0.0167 0.5275 0.0660 0.1191 
        D449  2 0.0245 0.5695 0.0255 0.0522 0.0259 0.0278 0.0204 0.0709 0.1832 
        D450  2 0.1156 0.0225 0.0748 0.0449 0.0456 0.1344 0.2494 0.1195 0.1933 
        D456  2 0.0202 0.0097 0.0237 0.0195 0.0125 0.0157 0.0135 0.8637 0.0215 
        D462  2 0.0188 0.7862 0.0190 0.0282 0.0119 0.0114 0.0678 0.0316 0.0251 
        D463  2 0.0163 0.0101 0.0167 0.0153 0.0160 0.0265 0.0196 0.8570 0.0225 
        D464  2 0.0467 0.0883 0.0275 0.0276 0.0315 0.0375 0.3372 0.0546 0.3491 
        D465  2 0.0481 0.4847 0.0328 0.0466 0.0864 0.0178 0.0278 0.1670 0.0890 
        D473  2 0.0462 0.0396 0.0349 0.0630 0.1224 0.4973 0.1099 0.0216 0.0650 
        D474  2 0.0243 0.0464 0.1278 0.0493 0.0417 0.0436 0.0220 0.5974 0.0475 
        D476  2 0.0293 0.0605 0.0318 0.4196 0.0167 0.0156 0.3637 0.0239 0.0388 
        D477  2 0.0471 0.0243 0.0950 0.0269 0.1980 0.0516 0.2161 0.2577 0.0833 
        D478  2 0.0540 0.0647 0.0643 0.3023 0.0416 0.0888 0.1129 0.0379 0.2335 
        D480  2 0.1049 0.0772 0.1621 0.0217 0.0260 0.0976 0.1988 0.1897 0.1220 
        D481  2 0.0345 0.0781 0.0555 0.1377 0.1071 0.0952 0.1655 0.2136 0.1129 
        D482  2 0.0685 0.0400 0.2183 0.0463 0.0844 0.0807 0.3298 0.0207 0.1113 
        D483  2 0.0153 0.8266 0.0218 0.0206 0.0206 0.0444 0.0127 0.0147 0.0234 
        D484  2 0.0158 0.0135 0.0199 0.0122 0.0118 0.0185 0.8801 0.0094 0.0189 
        D510  2 0.0388 0.0256 0.1305 0.0240 0.0422 0.6196 0.0430 0.0255 0.0509 
        D511  2 0.0263 0.0719 0.0462 0.0520 0.0362 0.0192 0.5810 0.0851 0.0821 
        D512  2 0.1046 0.0894 0.0319 0.0390 0.6031 0.0135 0.0282 0.0256 0.0647 
        D513  2 0.0379 0.4887 0.0984 0.0433 0.0504 0.0636 0.0274 0.0831 0.1073 
        D635  2 0.0231 0.0306 0.0363 0.5065 0.0375 0.0267 0.0155 0.2171 0.1068 
        D636  2 0.0207 0.0175 0.0166 0.8373 0.0323 0.0163 0.0154 0.0217 0.0223 
        D637  2 0.1808 0.1454 0.0600 0.0264 0.0700 0.0554 0.2841 0.0296 0.1481 
        D658  2 0.0731 0.4371 0.0279 0.0251 0.0580 0.0847 0.2253 0.0222 0.0464 
        D659  2 0.0173 0.0295 0.0702 0.0788 0.0179 0.0301 0.0391 0.6597 0.0574 
        D677  2 0.2280 0.0711 0.0860 0.1054 0.1000 0.0228 0.0446 0.2611 0.0810 
        D678  2 0.0377 0.6689 0.0266 0.0309 0.0434 0.0161 0.0258 0.0158 0.1347 
        D679  2 0.0689 0.0517 0.0970 0.0503 0.0322 0.0477 0.0520 0.4285 0.1715 
        D719  2 0.0201 0.1833 0.1209 0.0176 0.0484 0.3455 0.0426 0.1671 0.0544 
        D720  2 0.0244 0.0333 0.0337 0.0261 0.0337 0.0562 0.0134 0.7316 0.0476 
        D721  2 0.0204 0.0449 0.0325 0.7386 0.0148 0.0335 0.0307 0.0390 0.0455 
        D722  2 0.0355 0.0618 0.0601 0.0265 0.2266 0.3285 0.1022 0.0297 0.1291 
        D734  2 0.0246 0.0896 0.0418 0.0145 0.0165 0.1881 0.5691 0.0194 0.0363 
        D735  2 0.1104 0.0683 0.1312 0.0647 0.1244 0.0796 0.0589 0.2355 0.1269 
        D736  2 0.0385 0.0710 0.2167 0.0595 0.0733 0.3495 0.0548 0.0628 0.0738 
        D737  2 0.0291 0.5514 0.0724 0.0625 0.0382 0.0352 0.1284 0.0139 0.0689 
        D807  2 0.1023 0.0630 0.1389 0.0430 0.1201 0.1608 0.1066 0.1637 0.1015 
        D808  2 0.1952 0.1432 0.0824 0.0722 0.2024 0.0281 0.0423 0.0695 0.1647 
        D817  2 0.0627 0.0253 0.0781 0.0428 0.1051 0.0359 0.1175 0.4173 0.1154 
        D818  2 0.1556 0.2064 0.0966 0.1454 0.0214 0.0246 0.0343 0.0680 0.2477 
        D819  2 0.0894 0.0406 0.0660 0.0660 0.3799 0.0362 0.0312 0.1431 0.1475 
        D820  2 0.0188 0.0424 0.0341 0.0251 0.0143 0.0241 0.0632 0.7293 0.0487 
        D895  2 0.0306 0.0476 0.0410 0.2034 0.0665 0.0426 0.0425 0.3444 0.1813 
        D896  2 0.0240 0.0119 0.0127 0.0126 0.8694 0.0224 0.0152 0.0167 0.0151 
        D897  2 0.1182 0.5447 0.0514 0.0271 0.0556 0.0272 0.0315 0.0280 0.1163 
        D898  2 0.1337 0.0351 0.1755 0.0433 0.3499 0.0438 0.0424 0.0428 0.1333 
        D918  2 0.2239 0.0844 0.0574 0.1163 0.1585 0.0580 0.1068 0.0392 0.1556 
        D919  2 0.0384 0.1003 0.0769 0.0599 0.0199 0.0198 0.4043 0.1313 0.1492 
        D920  2 0.1067 0.0390 0.0243 0.6119 0.0354 0.0724 0.0331 0.0265 0.0506 
        D923  2 0.0270 0.0470 0.0206 0.0518 0.0362 0.0227 0.1079 0.6123 0.0746 
        D930  2 0.1239 0.0439 0.0676 0.0253 0.0798 0.1038 0.1751 0.2183 0.1623 
        D931  2 0.0457 0.1502 0.0611 0.0429 0.0540 0.0526 0.2811 0.2368 0.0757 
        D968  2 0.0125 0.8302 0.0482 0.0125 0.0166 0.0131 0.0176 0.0233 0.0261 
        D969  2 0.0475 0.2219 0.2150 0.0372 0.0545 0.0595 0.0346 0.2101 0.1196 
        D977  2 0.0469 0.7413 0.0237 0.0267 0.0147 0.0200 0.0243 0.0294 0.0730 
        D978  2 0.3456 0.0912 0.3385 0.0182 0.0214 0.0265 0.0260 0.0260 0.1066 
        D211  3 0.5191 0.0182 0.0439 0.2665 0.0178 0.0204 0.0311 0.0493 0.0336 
     D229639  3 0.0456 0.0539 0.5376 0.0224 0.0577 0.1091 0.0292 0.0752 0.0692 
     D237212  3 0.1452 0.0776 0.1945 0.0796 0.0738 0.0250 0.2122 0.0816 0.1107 
     D237213  3 0.3601 0.0374 0.0563 0.0653 0.2081 0.0182 0.0903 0.0530 0.1113 
     D237214  3 0.0243 0.0196 0.0098 0.8179 0.0139 0.0300 0.0129 0.0211 0.0505 
     D237215  3 0.0374 0.5463 0.1456 0.0174 0.0677 0.0880 0.0253 0.0176 0.0547 
     D237216  3 0.0765 0.0250 0.0339 0.0638 0.0341 0.0240 0.0295 0.0453 0.6679 
     D237217  3 0.2138 0.0378 0.0708 0.1511 0.0442 0.0176 0.0204 0.1101 0.3342 
     D237218  3 0.2205 0.0460 0.3810 0.0415 0.0177 0.0452 0.1105 0.0585 0.0793 
     D237219  3 0.1538 0.0277 0.2210 0.0931 0.2101 0.0970 0.0181 0.0435 0.1358 
     D237382  3 0.3134 0.0603 0.0326 0.0707 0.1834 0.0937 0.0484 0.1000 0.0975 
     D244127  3 0.0864 0.0770 0.0749 0.0331 0.5764 0.0219 0.0287 0.0251 0.0766 
     D244129  3 0.1407 0.0765 0.0987 0.1200 0.2111 0.0418 0.0708 0.0977 0.1428 
     D244133  3 0.1232 0.1792 0.0791 0.1217 0.0588 0.1304 0.0141 0.0941 0.1995 
     D244134  3 0.0279 0.0274 0.5848 0.0301 0.0685 0.1620 0.0193 0.0342 0.0459 
     D244135  3 0.0530 0.0513 0.0296 0.7152 0.0217 0.0180 0.0218 0.0415 0.0479 
     D244136  3 0.0841 0.0931 0.1099 0.0778 0.0496 0.1937 0.0359 0.2173 0.1387 
        D416  3 0.1235 0.1947 0.0880 0.0913 0.1252 0.0336 0.0360 0.0943 0.2133 
        D417  3 0.1585 0.0162 0.0220 0.0339 0.0370 0.0263 0.0246 0.6481 0.0334 
        D419  3 0.1078 0.0777 0.2754 0.0803 0.1074 0.0466 0.0311 0.1162 0.1575 
        D565  3 0.0170 0.0146 0.0590 0.0192 0.0191 0.7839 0.0164 0.0402 0.0305 
        D566  3 0.0261 0.0642 0.3218 0.0263 0.1030 0.2859 0.0249 0.0726 0.0752 
        D567  3 0.0564 0.0496 0.0248 0.0972 0.1056 0.0295 0.0564 0.5139 0.0667 
        D568  3 0.1034 0.1373 0.0758 0.1992 0.0814 0.0171 0.1041 0.1784 0.1034 
        D569  3 0.0542 0.0759 0.0403 0.0617 0.0226 0.0356 0.5952 0.0196 0.0949 
        D573  3 0.0389 0.2419 0.4006 0.0330 0.0324 0.0227 0.0211 0.1180 0.0914 
        D574  3 0.0776 0.0595 0.1128 0.0573 0.0742 0.4102 0.0419 0.0361 0.1304 
        D575  3 0.1624 0.0677 0.1416 0.0731 0.1752 0.1311 0.0389 0.0824 0.1275 
        D576  3 0.0669 0.6670 0.0912 0.0320 0.0187 0.0292 0.0300 0.0082 0.0568 
        D577  3 0.1135 0.0238 0.0571 0.1103 0.0260 0.0288 0.0492 0.5221 0.0693 
        D578  3 0.0202 0.0204 0.0164 0.8522 0.0227 0.0130 0.0126 0.0149 0.0276 
        D579  3 0.0620 0.0667 0.1904 0.0539 0.0581 0.1888 0.1115 0.1586 0.1100 
        D660  3 0.0483 0.6077 0.0356 0.0559 0.0689 0.0170 0.0330 0.0174 0.1162 
        D661  3 0.1712 0.2028 0.3042 0.0699 0.0336 0.0200 0.0638 0.0332 0.1013 
        D663  3 0.0480 0.0832 0.5247 0.0267 0.0250 0.0193 0.0497 0.0757 0.1478 
        D664  3 0.1808 0.1778 0.0699 0.1605 0.1353 0.0760 0.0337 0.0198 0.1462 
        D665  3 0.3593 0.0462 0.0464 0.0900 0.0931 0.0124 0.0986 0.0176 0.2365 
        D666  3 0.1370 0.0335 0.1084 0.0506 0.3136 0.0994 0.0374 0.0987 0.1213 
        D009  4 0.2084 0.0222 0.0555 0.1608 0.1264 0.0371 0.1111 0.1211 0.1574 
        D057  4 0.0254 0.1351 0.0880 0.3035 0.0158 0.0273 0.3098 0.0497 0.0456 
        D109  4 0.0974 0.0214 0.0271 0.0694 0.4644 0.0586 0.0342 0.0408 0.1868 
     D237222  4 0.0795 0.0349 0.0286 0.5448 0.0402 0.1261 0.0412 0.0339 0.0708 
     D237223  4 0.3217 0.0705 0.0600 0.0855 0.0847 0.1125 0.0610 0.0436 0.1605 
     D237224  4 0.0420 0.2100 0.2068 0.0595 0.0484 0.0287 0.1751 0.1070 0.1225 
     D237225  4 0.1528 0.0266 0.1092 0.1216 0.0509 0.0447 0.0689 0.1429 0.2824 
     D237299  4 0.6315 0.0171 0.0386 0.0823 0.0395 0.0306 0.0249 0.0182 0.1172 
     D237300  4 0.0625 0.0476 0.7341 0.0236 0.0241 0.0331 0.0199 0.0181 0.0370 
     D237306  4 0.0888 0.0199 0.0290 0.0357 0.1217 0.5280 0.0545 0.0613 0.0611 
     D237307  4 0.1011 0.0509 0.1030 0.0404 0.0473 0.1515 0.0208 0.3922 0.0928 
     D237308  4 0.0281 0.4275 0.0395 0.0723 0.0962 0.0797 0.1455 0.0381 0.0731 
     D237309  4 0.0707 0.0491 0.0756 0.2103 0.1211 0.0327 0.0916 0.1179 0.2310 
     D237317  4 0.0280 0.0292 0.0795 0.0589 0.0553 0.3288 0.0368 0.1986 0.1848 
     D237318  4 0.0380 0.0466 0.7761 0.0153 0.0182 0.0195 0.0124 0.0310 0.0428 
     D237319  4 0.2325 0.0481 0.0594 0.1920 0.1362 0.0340 0.0325 0.0600 0.2052 
     D237320  4 0.3578 0.0804 0.1273 0.1448 0.0773 0.0310 0.0260 0.0643 0.0912 
     D237321  4 0.0391 0.0923 0.5414 0.0530 0.0645 0.0435 0.0279 0.0588 0.0796 
     D237397  4 0.1855 0.0938 0.1980 0.0834 0.0600 0.2067 0.0302 0.0450 0.0974 
     D237398  4 0.0919 0.0303 0.6133 0.0344 0.0221 0.0172 0.0487 0.0568 0.0852 
     D237399  4 0.0979 0.0372 0.3406 0.1012 0.0646 0.1404 0.0513 0.0848 0.0821 
     D244001  4 0.0433 0.1328 0.0338 0.5402 0.0415 0.0409 0.0489 0.0268 0.0919 
        D289  4 0.0872 0.0910 0.1164 0.0606 0.0448 0.1892 0.2328 0.0834 0.0947 
        D290  4 0.3694 0.0319 0.1185 0.0490 0.0634 0.0254 0.0714 0.0748 0.1961 
        D294  4 0.1845 0.0321 0.0967 0.0675 0.0239 0.0478 0.2673 0.0815 0.1987 
        D295  4 0.1955 0.0312 0.0707 0.0506 0.1752 0.0334 0.0628 0.2945 0.0861 
        D301  4 0.0561 0.0497 0.1041 0.5637 0.0581 0.0547 0.0351 0.0198 0.0587 
        D302  4 0.0366 0.0109 0.0153 0.0310 0.0144 0.0134 0.7899 0.0493 0.0391 
        D303  4 0.0648 0.0633 0.0399 0.0292 0.1091 0.5133 0.1063 0.0298 0.0445 
        D304  4 0.2157 0.0368 0.3356 0.0531 0.0227 0.0706 0.0389 0.0883 0.1382 
        D305  4 0.0343 0.0837 0.0354 0.0416 0.0400 0.0141 0.3076 0.0173 0.4257 
        D306  4 0.2791 0.0233 0.0315 0.0506 0.0391 0.0279 0.0275 0.0433 0.4777 
        D307  4 0.0370 0.0261 0.0406 0.7098 0.0286 0.0640 0.0472 0.0175 0.0292 
        D327  4 0.0633 0.0694 0.0646 0.0533 0.0266 0.0700 0.0408 0.5267 0.0852 
        D328  4 0.0488 0.0272 0.0286 0.0247 0.0712 0.1436 0.5899 0.0245 0.0415 
        D329  4 0.0897 0.1193 0.0950 0.0948 0.0661 0.0403 0.2301 0.0642 0.2004 
        D330  4 0.1014 0.0689 0.0182 0.0855 0.2678 0.0202 0.0684 0.2496 0.1201 
        D331  4 0.1591 0.0390 0.2281 0.0513 0.1021 0.0867 0.0325 0.1713 0.1299 
        D333  4 0.1278 0.0819 0.1076 0.0819 0.1093 0.1030 0.2190 0.0553 0.1140 
        D334  4 0.0958 0.0192 0.0514 0.0854 0.0234 0.5348 0.0606 0.0719 0.0576 
        D335  4 0.0249 0.0445 0.0267 0.0293 0.0389 0.0275 0.5754 0.1723 0.0605 
        D370  4 0.0579 0.0456 0.0344 0.0346 0.5255 0.0706 0.1209 0.0316 0.0789 
        D371  4 0.0163 0.0298 0.0244 0.0174 0.0253 0.7078 0.0204 0.1153 0.0434 
        D372  4 0.0873 0.0539 0.6266 0.0208 0.0252 0.0302 0.0270 0.0117 0.1175 
        D373  4 0.0264 0.0583 0.0576 0.6788 0.0152 0.0178 0.0630 0.0384 0.0446 
        D455  4 0.0332 0.0324 0.0418 0.7390 0.0197 0.0294 0.0510 0.0268 0.0267 
        D490  4 0.1034 0.0112 0.0223 0.7406 0.0220 0.0185 0.0288 0.0264 0.0269 
        D497  4 0.1196 0.0188 0.0532 0.5954 0.0369 0.0205 0.0788 0.0146 0.0623 
        D498  4 0.1901 0.0394 0.1440 0.0599 0.2660 0.0993 0.0357 0.0595 0.1060 
        D499  4 0.1169 0.2443 0.0932 0.0234 0.1104 0.1123 0.1102 0.0202 0.1691 
        D514  4 0.1582 0.0316 0.0844 0.0624 0.0925 0.0193 0.1299 0.2997 0.1220 
        D515  4 0.5894 0.0298 0.0212 0.0768 0.0556 0.0329 0.0569 0.0509 0.0865 
        D516  4 0.1519 0.0905 0.0776 0.0681 0.1994 0.0579 0.0229 0.1606 0.1713 
        D517  4 0.0535 0.0513 0.0643 0.5516 0.0437 0.0171 0.0274 0.0519 0.1392 
        D518  4 0.0202 0.0444 0.0196 0.2348 0.0189 0.0708 0.5108 0.0330 0.0474 
        D519  4 0.5853 0.0303 0.0948 0.0718 0.0523 0.0300 0.0226 0.0365 0.0764 
        D560  4 0.5398 0.0542 0.0839 0.0445 0.0308 0.0152 0.0519 0.0918 0.0880 
        D561  4 0.1183 0.0470 0.0232 0.5386 0.0380 0.0136 0.0314 0.0586 0.1312 
        D562  4 0.1474 0.0928 0.0821 0.2018 0.0522 0.0653 0.1615 0.0519 0.1449 
        D563  4 0.0833 0.3761 0.0672 0.0528 0.0602 0.0190 0.1978 0.0236 0.1201 
        D572  4 0.0367 0.0298 0.0251 0.0982 0.0189 0.0229 0.6837 0.0521 0.0326 
        D629  4 0.1472 0.0248 0.0896 0.3055 0.0374 0.0237 0.0627 0.2215 0.0876 
        D630  4 0.2194 0.0344 0.0853 0.1938 0.0465 0.0551 0.1332 0.1083 0.1241 
        D631  4 0.0472 0.1241 0.0468 0.0477 0.0165 0.0247 0.6173 0.0259 0.0499 
        D632  4 0.0269 0.1598 0.0182 0.4250 0.0716 0.0212 0.1738 0.0438 0.0598 
        D646  4 0.1532 0.0677 0.0658 0.0800 0.2333 0.0384 0.0369 0.1999 0.1248 
        D647  4 0.0896 0.0595 0.0365 0.1115 0.0949 0.0169 0.0666 0.4646 0.0599 
        D648  4 0.0593 0.0285 0.0145 0.0180 0.0219 0.0606 0.7474 0.0143 0.0354 
        D649  4 0.0522 0.0247 0.0415 0.0723 0.2672 0.0207 0.1649 0.2946 0.0620 
        D650  4 0.1985 0.0302 0.1014 0.1101 0.0678 0.0889 0.1225 0.2082 0.0725 
        D708  4 0.1105 0.0293 0.0986 0.0601 0.0423 0.2081 0.2637 0.0315 0.1558 
        D709  4 0.2040 0.0329 0.0514 0.0265 0.3476 0.0325 0.0885 0.0406 0.1760 
        D738  4 0.0470 0.0174 0.0564 0.0574 0.1128 0.5227 0.0286 0.0984 0.0592 
        D739  4 0.3219 0.0312 0.0676 0.2899 0.0402 0.0343 0.0715 0.0309 0.1125 
        D740  4 0.1666 0.0601 0.1142 0.0461 0.1529 0.1450 0.0498 0.0220 0.2432 
        D741  4 0.4101 0.0931 0.0306 0.0422 0.0754 0.0153 0.0321 0.1034 0.1978 
        D742  4 0.1887 0.2548 0.1481 0.0573 0.0353 0.0725 0.0623 0.0375 0.1434 
        D743  4 0.0383 0.0452 0.0480 0.0379 0.0170 0.0223 0.3352 0.4022 0.0538 
        D744  4 0.0304 0.0419 0.0253 0.0305 0.0199 0.0162 0.7762 0.0233 0.0363 
        D745  4 0.6680 0.0168 0.0455 0.1060 0.0386 0.0201 0.0252 0.0235 0.0563 
        D814  4 0.1438 0.2392 0.0787 0.0701 0.0161 0.0207 0.0804 0.0406 0.3104 
        D815  4 0.0667 0.0402 0.0516 0.0401 0.1345 0.0303 0.4485 0.1119 0.0762 
        D828  4 0.2525 0.0812 0.0760 0.0328 0.0718 0.1395 0.2315 0.0135 0.1012 
        D845  4 0.0140 0.0324 0.8542 0.0133 0.0143 0.0209 0.0172 0.0146 0.0191 
        D846  4 0.0367 0.1493 0.0412 0.1900 0.0193 0.0118 0.3030 0.0966 0.1521 
        D847  4 0.2131 0.0615 0.1175 0.2219 0.0379 0.0766 0.0560 0.0920 0.1235 
        D848  4 0.0189 0.0668 0.1550 0.6478 0.0179 0.0155 0.0341 0.0158 0.0281 
        D849  4 0.5189 0.0292 0.0341 0.1413 0.0549 0.0200 0.0536 0.0390 0.1091 
        D850  4 0.0377 0.0446 0.1719 0.2985 0.0329 0.0663 0.0403 0.1380 0.1698 
        D856  4 0.2478 0.0314 0.0410 0.0865 0.2443 0.0437 0.0602 0.0476 0.1976 
        D857  4 0.0296 0.0708 0.0171 0.0378 0.7238 0.0358 0.0311 0.0104 0.0436 
        D859  4 0.1136 0.0390 0.0839 0.0379 0.0292 0.0259 0.5017 0.0899 0.0788 
        D860  4 0.0168 0.0990 0.1880 0.0371 0.0332 0.3867 0.0782 0.0926 0.0685 
        D883  4 0.0886 0.0312 0.0936 0.2062 0.1260 0.0846 0.0903 0.1811 0.0983 
        D884  4 0.4282 0.0187 0.0403 0.0426 0.1872 0.0867 0.0663 0.0710 0.0588 
        D885  4 0.2335 0.0670 0.2327 0.0543 0.0517 0.0266 0.0481 0.0929 0.1932 
        D886  4 0.1915 0.0586 0.0447 0.1976 0.1548 0.0281 0.0735 0.1610 0.0902 
        D887  4 0.1277 0.1234 0.2395 0.0479 0.0801 0.0539 0.1145 0.0976 0.1154 
        D889  4 0.1455 0.0127 0.6008 0.0167 0.0186 0.0182 0.0624 0.0444 0.0806 
        D890  4 0.0737 0.0759 0.0555 0.1161 0.1923 0.1249 0.1877 0.0448 0.1290 
        D891  4 0.0151 0.0124 0.9063 0.0104 0.0090 0.0095 0.0102 0.0128 0.0143 
        D899  4 0.0424 0.4684 0.1681 0.0298 0.0335 0.0689 0.0749 0.0322 0.0818 
        D900  4 0.1269 0.0794 0.0845 0.0941 0.1019 0.0689 0.1252 0.1261 0.1931 
        D970  4 0.0623 0.0585 0.1075 0.1027 0.0412 0.0474 0.2791 0.1515 0.1497 
        D971  4 0.0390 0.4307 0.0263 0.0316 0.0791 0.0395 0.1741 0.0657 0.1140 
        D979  4 0.0277 0.0303 0.0345 0.0361 0.0237 0.0299 0.3708 0.3977 0.0492 
        D093  5 0.0432 0.0198 0.0676 0.0302 0.0272 0.7053 0.0243 0.0403 0.0422 
        D154  5 0.3648 0.1178 0.1094 0.0209 0.0434 0.0519 0.0371 0.0268 0.2279 
        D168  5 0.1742 0.2121 0.1333 0.1093 0.0557 0.0136 0.0327 0.0754 0.1937 
        D189  5 0.1674 0.0336 0.2268 0.0270 0.0446 0.3526 0.0500 0.0409 0.0570 
        D190  5 0.0291 0.0207 0.0578 0.0197 0.0475 0.7014 0.0610 0.0293 0.0335 
     D237220  5 0.2185 0.0215 0.2201 0.1196 0.1002 0.0961 0.0719 0.0241 0.1280 
     D237221  5 0.0642 0.0975 0.3111 0.0355 0.0667 0.2018 0.0513 0.0838 0.0882 
     D237274  5 0.0248 0.0537 0.0241 0.0405 0.1437 0.0192 0.1681 0.4332 0.0925 
     D237275  5 0.0867 0.5728 0.1107 0.0241 0.0612 0.0289 0.0214 0.0171 0.0771 
     D237276  5 0.3281 0.0344 0.0476 0.0615 0.1354 0.1601 0.0485 0.1141 0.0702 
     D237277  5 0.0278 0.0402 0.2284 0.0191 0.0569 0.4952 0.0574 0.0299 0.0451 
     D237278  5 0.0712 0.3288 0.0377 0.0829 0.0877 0.1986 0.0620 0.0451 0.0861 
     D237279  5 0.0470 0.0221 0.0424 0.1783 0.2653 0.0193 0.0720 0.0419 0.3118 
     D237280  5 0.0617 0.0247 0.0383 0.1049 0.3870 0.0852 0.0353 0.1424 0.1205 
     D237281  5 0.0280 0.2640 0.4543 0.0219 0.0271 0.0275 0.0221 0.0446 0.1106 
     D237351  5 0.1085 0.0196 0.0359 0.0270 0.6476 0.0691 0.0251 0.0224 0.0448 
     D237352  5 0.0381 0.0673 0.0548 0.3833 0.0489 0.0538 0.2177 0.0737 0.0624 
     D237353  5 0.0241 0.0163 0.1065 0.0154 0.0629 0.6850 0.0394 0.0197 0.0307 
     D237359  5 0.3037 0.0249 0.2832 0.0967 0.0477 0.0434 0.0489 0.0400 0.1115 
     D237361  5 0.0205 0.0188 0.0279 0.0150 0.0422 0.8096 0.0153 0.0207 0.0300 
     D237362  5 0.1560 0.0658 0.1373 0.0497 0.0932 0.1084 0.0518 0.1750 0.1629 
     D237363  5 0.0587 0.0894 0.0586 0.0335 0.0554 0.0381 0.0159 0.0300 0.6204 
     D237364  5 0.3881 0.1012 0.0870 0.0847 0.0527 0.0148 0.1119 0.0841 0.0756 
     D237376  5 0.1182 0.0399 0.0325 0.0165 0.0595 0.1883 0.4837 0.0135 0.0477 
     D237377  5 0.0260 0.0591 0.0635 0.0405 0.3602 0.1221 0.0468 0.1106 0.1712 
     D237378  5 0.0603 0.0899 0.1059 0.0326 0.0381 0.4520 0.1147 0.0241 0.0823 
     D237379  5 0.1168 0.0376 0.0431 0.0410 0.0387 0.1666 0.4059 0.0322 0.1181 
     D237380  5 0.0435 0.0157 0.0159 0.0513 0.6155 0.0632 0.1275 0.0287 0.0386 
     D237381  5 0.0313 0.0649 0.0532 0.2015 0.3469 0.0651 0.0841 0.0379 0.1151 
     D237391  5 0.0314 0.0141 0.1010 0.0194 0.0245 0.7250 0.0248 0.0301 0.0298 
     D237392  5 0.0386 0.2257 0.0306 0.0583 0.1458 0.0246 0.1271 0.2481 0.1012 
     D237393  5 0.0380 0.0472 0.0739 0.0638 0.1017 0.1809 0.0449 0.3648 0.0849 
     D237394  5 0.0158 0.0102 0.0296 0.0162 0.0201 0.8474 0.0195 0.0216 0.0195 
     D237395  5 0.2681 0.0579 0.1244 0.0557 0.0863 0.2565 0.0284 0.0342 0.0884 
     D237396  5 0.0267 0.0715 0.0886 0.1412 0.0539 0.1958 0.0373 0.2589 0.1259 
     D244016  5 0.0567 0.0710 0.1322 0.0329 0.0535 0.2140 0.2135 0.0276 0.1985 
     D244018  5 0.0374 0.2861 0.1268 0.0614 0.0601 0.2061 0.0253 0.0653 0.1314 
     D244019  5 0.0907 0.1039 0.2028 0.0310 0.0887 0.0375 0.0762 0.1204 0.2489 
        D279  5 0.2631 0.0441 0.3795 0.0237 0.0306 0.0557 0.0445 0.0359 0.1229 
        D280  5 0.1097 0.0303 0.3360 0.0602 0.0765 0.1267 0.0259 0.0754 0.1593 
        D281  5 0.0941 0.0880 0.5055 0.0182 0.0175 0.0833 0.0275 0.0284 0.1376 
        D283  5 0.0241 0.0339 0.3276 0.0202 0.0734 0.2876 0.0343 0.0973 0.1015 
        D284  5 0.3273 0.0428 0.0840 0.2135 0.0688 0.0338 0.0465 0.0487 0.1345 
        D285  5 0.0867 0.0216 0.2708 0.0267 0.0606 0.3540 0.0474 0.0674 0.0646 
        D286  5 0.2547 0.0356 0.0784 0.0586 0.0648 0.1888 0.1436 0.0822 0.0933 
        D287  5 0.1897 0.0273 0.0394 0.0432 0.0842 0.1989 0.2875 0.0165 0.1134 
        D288  5 0.0308 0.0271 0.4731 0.0247 0.0652 0.0368 0.0197 0.1609 0.1618 
        D308  5 0.0227 0.0177 0.0198 0.0234 0.7624 0.0328 0.0265 0.0619 0.0328 
        D309  5 0.0236 0.0123 0.0148 0.0275 0.0207 0.0194 0.8244 0.0232 0.0340 
        D310  5 0.0344 0.0142 0.1120 0.0119 0.0259 0.5886 0.0194 0.0175 0.1762 
        D311  5 0.1589 0.0382 0.0755 0.0375 0.0492 0.1035 0.1574 0.1637 0.2161 
        D312  5 0.1076 0.0550 0.0766 0.0929 0.0492 0.1553 0.2724 0.0904 0.1007 
        D313  5 0.0253 0.0115 0.0101 0.3699 0.5049 0.0298 0.0106 0.0139 0.0240 
        D314  5 0.4139 0.0571 0.1082 0.0414 0.0756 0.0637 0.0739 0.0221 0.1441 
        D315  5 0.1024 0.0579 0.0444 0.0953 0.1042 0.2230 0.0526 0.2102 0.1101 
        D317  5 0.0214 0.0159 0.0415 0.0245 0.0244 0.7490 0.0153 0.0557 0.0523 
        D318  5 0.1030 0.1345 0.0599 0.1434 0.0488 0.0581 0.1630 0.0834 0.2060 
        D319  5 0.0439 0.0166 0.0689 0.0125 0.0555 0.7351 0.0176 0.0267 0.0232 
        D320  5 0.0398 0.0176 0.1156 0.0299 0.0618 0.6144 0.0593 0.0231 0.0384 
        D321  5 0.0271 0.0121 0.1307 0.0282 0.6183 0.0489 0.0183 0.0780 0.0384 
        D336  5 0.0699 0.0180 0.0230 0.0236 0.0378 0.6558 0.0627 0.0257 0.0836 
        D337  5 0.0150 0.0176 0.1484 0.0128 0.0186 0.7114 0.0252 0.0236 0.0275 
        D338  5 0.3455 0.0462 0.1317 0.0310 0.0529 0.0801 0.0507 0.1417 0.1203 
        D339  5 0.0650 0.0403 0.1451 0.0206 0.0884 0.4671 0.0250 0.0421 0.1063 
        D347  5 0.1020 0.1032 0.1157 0.0422 0.1084 0.0543 0.1410 0.1351 0.1980 
        D348  5 0.0162 0.0244 0.0734 0.0193 0.0306 0.6007 0.1337 0.0280 0.0736 
        D349  5 0.0190 0.0143 0.0215 0.0115 0.8566 0.0300 0.0166 0.0160 0.0146 
        D350  5 0.0381 0.0203 0.0199 0.0157 0.0176 0.0168 0.8338 0.0146 0.0232 
        D355  5 0.0768 0.0964 0.3457 0.0178 0.0585 0.0307 0.0563 0.0689 0.2488 
        D356  5 0.0531 0.0294 0.1168 0.1588 0.0547 0.2626 0.0620 0.1822 0.0803 
        D357  5 0.1583 0.0416 0.1092 0.0321 0.1907 0.0718 0.0673 0.0484 0.2806 
        D358  5 0.0454 0.0528 0.0628 0.0833 0.0874 0.3824 0.1483 0.0382 0.0994 
        D359  5 0.0189 0.0166 0.1455 0.0162 0.1136 0.2812 0.0700 0.2172 0.1208 
        D360  5 0.0630 0.0170 0.0862 0.1860 0.0401 0.4215 0.0373 0.0816 0.0673 
        D361  5 0.0236 0.0183 0.0123 0.0143 0.8429 0.0252 0.0120 0.0270 0.0244 
        D366  5 0.0177 0.3741 0.0249 0.0342 0.0359 0.0217 0.0210 0.4296 0.0410 
        D367  5 0.1056 0.0163 0.0664 0.0304 0.1096 0.4346 0.0822 0.0270 0.1280 
        D368  5 0.1480 0.0256 0.0680 0.0228 0.3203 0.1240 0.0332 0.0647 0.1934 
        D380  5 0.0690 0.0480 0.0752 0.0544 0.0343 0.0355 0.4982 0.0342 0.1512 
        D381  5 0.0238 0.0308 0.2366 0.0217 0.0606 0.3479 0.0402 0.0477 0.1909 
        D400  5 0.1226 0.0852 0.1777 0.0391 0.0346 0.1927 0.1338 0.0777 0.1366 
        D411  5 0.1313 0.0381 0.0202 0.6559 0.0455 0.0150 0.0249 0.0141 0.0549 
        D412  5 0.0582 0.0881 0.1349 0.0922 0.0991 0.0655 0.0413 0.0673 0.3533 
        D413  5 0.0752 0.5587 0.0379 0.0771 0.0221 0.0210 0.0584 0.0879 0.0617 
        D414  5 0.0727 0.0651 0.0416 0.0193 0.0175 0.0157 0.6881 0.0222 0.0578 
        D420  5 0.1946 0.0196 0.3547 0.2003 0.0487 0.0359 0.0197 0.0186 0.1079 
        D431  5 0.3295 0.0498 0.1068 0.0331 0.1013 0.0472 0.1293 0.0185 0.1844 
        D432  5 0.0248 0.0544 0.0879 0.0681 0.0900 0.4889 0.0314 0.0535 0.1011 
        D433  5 0.0422 0.0322 0.1887 0.0181 0.1616 0.4048 0.0281 0.0678 0.0565 
        D434  5 0.0333 0.0205 0.1724 0.0355 0.1954 0.3359 0.0435 0.0578 0.1058 
        D440  5 0.0508 0.0151 0.0163 0.0140 0.0276 0.0214 0.7998 0.0146 0.0404 
        D447  5 0.0496 0.0836 0.0306 0.1545 0.0708 0.0251 0.1272 0.1887 0.2699 
        D448  5 0.1084 0.0482 0.1168 0.0249 0.0450 0.3965 0.0698 0.0853 0.1051 
        D459  5 0.0356 0.2497 0.4116 0.0195 0.0234 0.0193 0.0572 0.0723 0.1116 
        D460  5 0.0204 0.0226 0.0231 0.0162 0.7661 0.0460 0.0227 0.0543 0.0287 
        D461  5 0.0180 0.0102 0.0196 0.0142 0.0207 0.0214 0.8219 0.0451 0.0287 
        D468  5 0.2598 0.0523 0.0349 0.0411 0.1119 0.1243 0.0455 0.1406 0.1896 
        D469  5 0.1379 0.0202 0.0544 0.0425 0.0622 0.0616 0.0578 0.4979 0.0655 
        D470  5 0.4246 0.0308 0.0313 0.0998 0.0248 0.0603 0.1080 0.0791 0.1414 
        D471  5 0.1041 0.0281 0.1101 0.0154 0.0385 0.4455 0.0906 0.0653 0.1025 
        D472  5 0.0206 0.0961 0.0694 0.0225 0.0184 0.0187 0.0152 0.6933 0.0457 
        D479  5 0.0257 0.6868 0.0197 0.0242 0.0234 0.0213 0.1343 0.0299 0.0347 
        D485  5 0.1525 0.0426 0.0340 0.0367 0.0577 0.0514 0.5118 0.0248 0.0884 
        D486  5 0.2954 0.0628 0.0295 0.1189 0.0884 0.0793 0.0666 0.1077 0.1515 
        D487  5 0.0890 0.0793 0.3129 0.0303 0.0508 0.2009 0.1019 0.0245 0.1103 
        D555  5 0.0167 0.0628 0.0390 0.0322 0.0301 0.7356 0.0259 0.0231 0.0346 
        D556  5 0.1845 0.0355 0.2799 0.0369 0.0778 0.0961 0.1811 0.0335 0.0748 
