        D174  1 0.3475 0.0735 0.1332 0.0184 0.0467 0.0922 0.0724 0.0671 0.1210 0.0282 
        D199  1 0.1478 0.0259 0.0761 0.0354 0.1048 0.0330 0.1049 0.1570 0.1345 0.1807 
        D203  1 0.0558 0.1071 0.1620 0.0386 0.0903 0.0178 0.0467 0.2228 0.0939 0.1649 
        D204  1 0.0161 0.0257 0.0292 0.0681 0.0186 0.0188 0.0189 0.7540 0.0209 0.0298 
     D237366  1 0.0484 0.0271 0.0714 0.1042 0.0730 0.0218 0.5086 0.0490 0.0521 0.0444 
     D237367  1 0.0324 0.0559 0.1046 0.0436 0.0309 0.1104 0.1621 0.2777 0.1195 0.0629 
     D237368  1 0.1125 0.1005 0.0419 0.0512 0.0270 0.0250 0.3394 0.1730 0.0672 0.0622 
     D244101  1 0.0164 0.0356 0.0295 0.5058 0.1126 0.0219 0.0180 0.1125 0.0779 0.0699 
     D244102  1 0.0506 0.1585 0.2771 0.0950 0.0678 0.0956 0.0709 0.0691 0.0761 0.0393 
     D244103  1 0.0394 0.0283 0.0461 0.0389 0.0635 0.0710 0.2622 0.3082 0.1114 0.0312 
     D244104  1 0.0716 0.0270 0.0162 0.0232 0.0251 0.0974 0.0318 0.6497 0.0309 0.0269 
     D244105  1 0.0147 0.0957 0.2617 0.0242 0.1124 0.0394 0.1760 0.0229 0.2356 0.0174 
     D244106  1 0.4734 0.0315 0.1140 0.0227 0.0804 0.0304 0.0196 0.0675 0.0734 0.0872 
     D244107  1 0.0128 0.1894 0.0229 0.0577 0.0301 0.0499 0.3844 0.0558 0.1036 0.0933 
     D244108  1 0.2181 0.4860 0.0643 0.0300 0.0297 0.0194 0.0244 0.0372 0.0550 0.0359 
     D244113  1 0.3331 0.0387 0.1055 0.1082 0.0203 0.2409 0.0342 0.0185 0.0576 0.0431 
     D244114  1 0.0756 0.0475 0.1856 0.0411 0.2311 0.0312 0.0509 0.0559 0.2377 0.0434 
     D244115  1 0.2109 0.1959 0.0514 0.0222 0.0430 0.0465 0.0604 0.1813 0.1600 0.0284 
     D267365  1 0.1865 0.0400 0.0464 0.0401 0.1089 0.0390 0.1087 0.3036 0.0963 0.0307 
        D404  1 0.2467 0.0602 0.3299 0.1100 0.0249 0.0938 0.0259 0.0278 0.0493 0.0316 
        D405  1 0.0597 0.0867 0.2754 0.0712 0.0442 0.1462 0.0361 0.0961 0.1037 0.0807 
        D406  1 0.0352 0.2129 0.0266 0.0380 0.0204 0.0134 0.5424 0.0655 0.0287 0.0171 
        D407  1 0.0201 0.0188 0.0185 0.0164 0.0188 0.0427 0.0947 0.6510 0.0588 0.0601 
        D408  1 0.3247 0.0497 0.0377 0.0245 0.0854 0.2980 0.0256 0.0697 0.0687 0.0162 
        D409  1 0.0419 0.0624 0.0424 0.0297 0.0746 0.0451 0.2233 0.3183 0.1235 0.0389 
        D410  1 0.0173 0.8009 0.0281 0.0244 0.0137 0.0205 0.0193 0.0402 0.0257 0.0100 
        D421  1 0.0159 0.0093 0.0088 0.0097 0.0121 0.0147 0.0115 0.8845 0.0123 0.0211 
        D422  1 0.0135 0.0238 0.0281 0.0133 0.0605 0.0190 0.7160 0.0690 0.0362 0.0206 
        D423  1 0.0189 0.6996 0.0395 0.0129 0.0177 0.0179 0.0468 0.0720 0.0351 0.0394 
        D424  1 0.0399 0.0231 0.0313 0.0176 0.0184 0.0290 0.0692 0.5856 0.1710 0.0149 
        D425  1 0.1165 0.1327 0.1371 0.0325 0.0476 0.0523 0.0269 0.3122 0.1202 0.0220 
        D426  1 0.0275 0.0149 0.0128 0.0166 0.1891 0.0700 0.2401 0.2777 0.1281 0.0233 
        D427  1 0.1654 0.0131 0.0144 0.0123 0.0279 0.0231 0.0299 0.3155 0.0325 0.3660 
        D428  1 0.1504 0.0939 0.0567 0.0729 0.0250 0.0535 0.0750 0.3144 0.1175 0.0407 
        D429  1 0.1322 0.0591 0.0879 0.0319 0.0743 0.0250 0.0333 0.4525 0.0716 0.0322 
        D430  1 0.1225 0.0286 0.3054 0.0256 0.1364 0.0529 0.0300 0.0554 0.1857 0.0575 
        D491  1 0.6136 0.0443 0.0334 0.0206 0.0345 0.0879 0.0266 0.0905 0.0369 0.0117 
        D492  1 0.1203 0.0797 0.0852 0.0468 0.0369 0.0401 0.1047 0.2443 0.1980 0.0440 
        D537  1 0.0287 0.0715 0.0422 0.0692 0.0189 0.0756 0.0880 0.5067 0.0713 0.0280 
        D538  1 0.0869 0.1733 0.2611 0.0539 0.0350 0.0307 0.0848 0.0518 0.1405 0.0819 
        D539  1 0.1046 0.0683 0.1468 0.0715 0.3021 0.0732 0.0372 0.0315 0.1099 0.0548 
        D540  1 0.0316 0.0560 0.0539 0.0253 0.0543 0.2558 0.0736 0.2496 0.1745 0.0254 
        D541  1 0.0107 0.0137 0.0147 0.0151 0.0130 0.0146 0.0116 0.8764 0.0140 0.0162 
        D551  1 0.0345 0.0229 0.0380 0.0193 0.2989 0.0332 0.0895 0.0775 0.2757 0.1103 
        D552  1 0.1794 0.2685 0.0280 0.0534 0.0497 0.0729 0.0696 0.1266 0.1166 0.0353 
        D553  1 0.0175 0.0123 0.0098 0.0139 0.0180 0.0181 0.0172 0.8673 0.0149 0.0111 
        D615  1 0.0613 0.1064 0.0792 0.0248 0.0646 0.0425 0.0316 0.4415 0.0897 0.0583 
        D616  1 0.0545 0.1310 0.0491 0.0193 0.0838 0.0409 0.0734 0.3395 0.1151 0.0933 
        D621  1 0.0621 0.3144 0.0258 0.2878 0.0237 0.0436 0.1688 0.0131 0.0415 0.0193 
        D622  1 0.0364 0.2808 0.0420 0.0451 0.0368 0.0620 0.3715 0.0321 0.0719 0.0214 
        D623  1 0.2535 0.0753 0.0999 0.2175 0.0301 0.0504 0.0236 0.0214 0.0734 0.1549 
        D624  1 0.6817 0.0145 0.0278 0.0136 0.0405 0.0365 0.0316 0.0459 0.0923 0.0156 
        D625  1 0.0485 0.0509 0.0367 0.0400 0.0367 0.0439 0.0535 0.6098 0.0620 0.0180 
        D626  1 0.2676 0.1167 0.0756 0.0296 0.0675 0.1518 0.1199 0.0751 0.0657 0.0306 
        D627  1 0.0384 0.0166 0.0338 0.0168 0.1935 0.0312 0.1886 0.2599 0.1877 0.0335 
        D690  1 0.0320 0.0410 0.0181 0.0208 0.0142 0.0185 0.0297 0.7959 0.0213 0.0084 
        D691  1 0.0394 0.1281 0.0658 0.0206 0.0564 0.0221 0.5310 0.0847 0.0348 0.0170 
        D710  1 0.1283 0.1053 0.0413 0.1277 0.0438 0.0712 0.1283 0.2028 0.1094 0.0419 
        D711  1 0.0192 0.0231 0.0381 0.0394 0.0219 0.0126 0.0297 0.7672 0.0276 0.0212 
        D712  1 0.5002 0.0266 0.0603 0.0500 0.0441 0.0859 0.1034 0.0361 0.0518 0.0417 
        D713  1 0.1097 0.0763 0.1066 0.1650 0.0317 0.1312 0.0908 0.1560 0.1111 0.0216 
        D746  1 0.0244 0.1266 0.0221 0.0220 0.0184 0.0339 0.6141 0.0789 0.0346 0.0250 
        D747  1 0.0152 0.0137 0.0188 0.0215 0.0155 0.0130 0.0130 0.8566 0.0165 0.0163 
        D748  1 0.0343 0.1223 0.1336 0.0516 0.0901 0.0436 0.1986 0.2516 0.0559 0.0183 
        D749  1 0.0959 0.1532 0.0673 0.0792 0.0547 0.0285 0.2124 0.0232 0.2374 0.0482 
        D750  1 0.5883 0.0772 0.0310 0.0361 0.0250 0.0208 0.0335 0.1291 0.0391 0.0198 
        D763  1 0.0186 0.0349 0.0460 0.1880 0.1894 0.1628 0.0899 0.0596 0.1197 0.0911 
        D764  1 0.1643 0.0677 0.0272 0.0167 0.0210 0.0282 0.0508 0.5661 0.0426 0.0155 
        D765  1 0.0931 0.5982 0.0740 0.0134 0.0373 0.0166 0.0688 0.0229 0.0633 0.0125 
        D766  1 0.0314 0.5029 0.0335 0.0956 0.0284 0.0921 0.0808 0.0507 0.0636 0.0209 
        D767  1 0.0277 0.0995 0.2704 0.2142 0.0307 0.0259 0.0872 0.0690 0.0987 0.0767 
        D768  1 0.0120 0.0217 0.0170 0.0146 0.0146 0.0149 0.0240 0.8388 0.0250 0.0174 
        D811  1 0.0688 0.1017 0.1745 0.0155 0.0237 0.5358 0.0158 0.0151 0.0341 0.0149 
        D816  1 0.0300 0.0176 0.0202 0.0184 0.0163 0.0155 0.0163 0.8235 0.0289 0.0135 
        D825  1 0.1235 0.4228 0.1061 0.0220 0.0339 0.0732 0.0276 0.0820 0.0949 0.0141 
        D866  1 0.1510 0.0732 0.0628 0.0173 0.2915 0.0915 0.0221 0.0559 0.1267 0.1081 
        D867  1 0.0195 0.0369 0.0333 0.0878 0.0207 0.0470 0.6513 0.0198 0.0459 0.0378 
        D871  1 0.0524 0.0232 0.0488 0.0290 0.1058 0.0450 0.1929 0.3665 0.1199 0.0166 
        D872  1 0.0293 0.3374 0.1890 0.0506 0.0203 0.0267 0.0811 0.1593 0.0653 0.0411 
        D873  1 0.0151 0.8109 0.0346 0.0342 0.0091 0.0163 0.0249 0.0096 0.0248 0.0204 
        D874  1 0.0583 0.0129 0.0245 0.7588 0.0220 0.0277 0.0122 0.0393 0.0294 0.0148 
        D875  1 0.0198 0.0539 0.0547 0.0230 0.0911 0.0359 0.2955 0.3190 0.0901 0.0171 
        D876  1 0.1026 0.0926 0.0402 0.1002 0.0403 0.0455 0.0735 0.3676 0.1158 0.0216 
        D877  1 0.1270 0.0287 0.4491 0.0787 0.0174 0.1324 0.0136 0.0323 0.0863 0.0346 
        D892  1 0.1255 0.0477 0.1777 0.0375 0.0443 0.0142 0.1735 0.2914 0.0700 0.0181 
        D893  1 0.0165 0.0358 0.0380 0.0491 0.0568 0.0403 0.0841 0.5645 0.0893 0.0257 
        D894  1 0.0307 0.0185 0.0475 0.0233 0.0514 0.0183 0.0319 0.7036 0.0463 0.0285 
        D915  1 0.0380 0.2014 0.0710 0.0226 0.0533 0.0335 0.0752 0.3990 0.0807 0.0255 
        D916  1 0.0131 0.0102 0.0148 0.0126 0.0120 0.0116 0.0139 0.8881 0.0135 0.0102 
        D917  1 0.3217 0.0305 0.0383 0.1149 0.0966 0.0500 0.0591 0.1118 0.1287 0.0485 
        D925  1 0.0857 0.5281 0.0260 0.0172 0.0275 0.0381 0.0512 0.1761 0.0306 0.0195 
        D926  1 0.0620 0.0516 0.0479 0.0700 0.0670 0.0253 0.0663 0.3519 0.2408 0.0173 
        D927  1 0.0660 0.0255 0.0821 0.0420 0.0921 0.0304 0.0650 0.1657 0.1508 0.2803 
        D928  1 0.7611 0.0331 0.0256 0.0269 0.0136 0.0141 0.0101 0.0800 0.0214 0.0142 
        D929  1 0.0385 0.0210 0.2958 0.4406 0.0212 0.0352 0.0795 0.0214 0.0321 0.0147 
        D936  1 0.0326 0.0548 0.0587 0.1325 0.0930 0.0226 0.0224 0.4525 0.0864 0.0443 
        D938  1 0.0237 0.2539 0.0213 0.0370 0.0185 0.0519 0.5278 0.0197 0.0335 0.0127 
        D956  1 0.5601 0.0455 0.1311 0.0204 0.0408 0.0437 0.0180 0.0436 0.0624 0.0345 
        D957  1 0.0271 0.6437 0.0775 0.0381 0.0182 0.0170 0.0298 0.0806 0.0405 0.0276 
        D958  1 0.1052 0.4050 0.0487 0.0780 0.0176 0.0387 0.0588 0.1589 0.0689 0.0203 
        D959  1 0.0155 0.0178 0.0169 0.0118 0.0253 0.0369 0.1296 0.6255 0.0863 0.0345 
        D960  1 0.0444 0.3013 0.0427 0.0484 0.0294 0.0117 0.4149 0.0260 0.0635 0.0176 
        D989  1 0.5986 0.0181 0.0396 0.0199 0.0802 0.0340 0.0413 0.0376 0.0614 0.0693 
        D990  1 0.0611 0.5794 0.0225 0.0203 0.0808 0.0271 0.0727 0.0156 0.0942 0.0263 
        D023  2 0.0106 0.0158 0.0110 0.0130 0.0135 0.0151 0.8553 0.0282 0.0214 0.0163 
        D130  2 0.0170 0.0802 0.0917 0.0259 0.0265 0.0256 0.5515 0.1008 0.0354 0.0455 
        D131  2 0.0364 0.0582 0.0683 0.0440 0.0888 0.1446 0.0319 0.2213 0.2773 0.0291 
        D163  2 0.0512 0.0426 0.0286 0.0379 0.0395 0.0209 0.6556 0.0574 0.0515 0.0146 
        D164  2 0.0095 0.3818 0.0121 0.0128 0.0110 0.0201 0.0219 0.0102 0.0186 0.5022 
        D165  2 0.0163 0.0210 0.0120 0.0225 0.0243 0.0210 0.8031 0.0272 0.0255 0.0271 
        D166  2 0.0153 0.0543 0.4702 0.0896 0.0489 0.0936 0.0492 0.0268 0.1130 0.0393 
        D167  2 0.0315 0.0163 0.0376 0.0123 0.0165 0.0134 0.0120 0.0130 0.0175 0.8300 
        D192  2 0.0164 0.0147 0.0140 0.0166 0.0166 0.0112 0.0118 0.0093 0.0154 0.8738 
        D193  2 0.1659 0.0793 0.3612 0.0826 0.0749 0.0276 0.0236 0.0226 0.1390 0.0235 
        D206  2 0.0179 0.0293 0.0377 0.0287 0.0402 0.3007 0.0735 0.0876 0.1268 0.2576 
        D207  2 0.0174 0.0225 0.0824 0.0193 0.0655 0.0357 0.0248 0.0262 0.0865 0.6198 
        D208  2 0.1883 0.0319 0.0731 0.0398 0.1842 0.2249 0.0480 0.0342 0.0815 0.0941 
        D209  2 0.0309 0.0574 0.0324 0.1466 0.0259 0.0603 0.0720 0.0308 0.1137 0.4300 
        D210  2 0.5156 0.0278 0.0432 0.0349 0.1487 0.0220 0.0257 0.0590 0.0453 0.0778 
     D229599  2 0.0549 0.0736 0.0655 0.1753 0.1265 0.0464 0.1264 0.1303 0.1569 0.0443 
     D229600  2 0.0207 0.0848 0.0693 0.0255 0.0334 0.0196 0.3124 0.0310 0.0779 0.3253 
     D237227  2 0.4515 0.1637 0.0350 0.0183 0.0744 0.0368 0.0619 0.0373 0.0823 0.0388 
     D237228  2 0.1525 0.5620 0.0362 0.0122 0.0492 0.0197 0.0216 0.0167 0.0840 0.0458 
     D237258  2 0.0648 0.0751 0.0637 0.0469 0.0947 0.0981 0.1622 0.0594 0.1361 0.1992 
     D237310  2 0.0274 0.5614 0.1787 0.0308 0.0387 0.0242 0.0227 0.0099 0.0525 0.0536 
     D237311  2 0.0170 0.6055 0.0807 0.0176 0.0199 0.0232 0.0340 0.0123 0.0313 0.1583 
     D237312  2 0.0320 0.2204 0.3863 0.0610 0.0566 0.0584 0.0817 0.0175 0.0596 0.0266 
     D237313  2 0.0702 0.1986 0.0523 0.0652 0.0992 0.1688 0.0418 0.1045 0.1780 0.0214 
     D237322  2 0.0542 0.0887 0.1906 0.1096 0.1719 0.0605 0.0330 0.0241 0.2131 0.0543 
     D237323  2 0.1117 0.5692 0.1099 0.0255 0.0365 0.0210 0.0503 0.0151 0.0370 0.0238 
     D237324  2 0.0144 0.0520 0.0330 0.0364 0.0645 0.0187 0.1373 0.0517 0.4179 0.1742 
     D237325  2 0.0553 0.4149 0.1420 0.0554 0.0474 0.0274 0.0747 0.0262 0.0944 0.0622 
     D237326  2 0.0376 0.7505 0.0232 0.0349 0.0222 0.0123 0.0363 0.0321 0.0294 0.0217 
     D237327  2 0.0406 0.0322 0.0685 0.0950 0.2664 0.0245 0.1080 0.0574 0.1862 0.1212 
     D237337  2 0.0252 0.8021 0.0286 0.0151 0.0217 0.0233 0.0247 0.0175 0.0276 0.0143 
     D237338  2 0.0995 0.1497 0.0826 0.0911 0.0983 0.0452 0.1461 0.0495 0.1711 0.0668 
     D237339  2 0.0172 0.0269 0.0321 0.6310 0.0267 0.0259 0.0178 0.0256 0.0626 0.1341 
     D237340  2 0.1039 0.3624 0.0981 0.0321 0.0432 0.0315 0.0652 0.0187 0.0722 0.1728 
     D237389  2 0.0165 0.5506 0.1915 0.0202 0.0237 0.0344 0.0278 0.0170 0.0370 0.0812 
     D237390  2 0.0574 0.3663 0.2908 0.0482 0.0484 0.0461 0.0469 0.0236 0.0520 0.0203 
     D244017  2 0.2521 0.0368 0.1418 0.0188 0.0414 0.0238 0.0529 0.0211 0.0850 0.3262 
     D244112  2 0.0186 0.0130 0.0514 0.0151 0.0164 0.0135 0.0296 0.0161 0.0304 0.7958 
     D244118  2 0.0213 0.0774 0.0236 0.0315 0.0164 0.0105 0.1761 0.0094 0.0208 0.6128 
     D244119  2 0.5844 0.0349 0.0179 0.0121 0.0187 0.0178 0.0151 0.0172 0.0283 0.2536 
     D244120  2 0.0396 0.0332 0.2347 0.0680 0.0826 0.0274 0.0216 0.0136 0.0395 0.4400 
     D244122  2 0.0263 0.0203 0.0661 0.0318 0.0290 0.0681 0.0396 0.0200 0.0423 0.6566 
        D291  2 0.0188 0.0307 0.0670 0.0161 0.3929 0.1203 0.1111 0.0493 0.1268 0.0670 
        D292  2 0.0671 0.1291 0.0508 0.0406 0.1521 0.0227 0.0263 0.1805 0.0850 0.2459 
        D293  2 0.0204 0.0136 0.0204 0.1025 0.0471 0.0152 0.0147 0.1175 0.0678 0.5806 
        D322  2 0.0132 0.0404 0.0247 0.1261 0.0342 0.0156 0.0306 0.1300 0.0691 0.5159 
        D323  2 0.0219 0.0373 0.0460 0.0672 0.0295 0.6326 0.0215 0.0247 0.0623 0.0571 
        D324  2 0.0504 0.1343 0.0477 0.0228 0.2599 0.0826 0.1001 0.1249 0.1370 0.0403 
        D325  2 0.0098 0.0167 0.0299 0.0261 0.0734 0.0149 0.0167 0.0343 0.0423 0.7362 
        D326  2 0.0258 0.0108 0.0151 0.0112 0.0157 0.0159 0.0113 0.8586 0.0251 0.0104 
        D340  2 0.0193 0.0190 0.0135 0.0159 0.0278 0.0187 0.0177 0.0250 0.0176 0.8255 
        D341  2 0.0320 0.0448 0.1003 0.0296 0.1115 0.0514 0.0246 0.0417 0.0528 0.5113 
        D342  2 0.0152 0.0684 0.0712 0.0171 0.0591 0.0533 0.0776 0.0169 0.1135 0.5077 
        D343  2 0.0084 0.0083 0.0101 0.0133 0.0172 0.0091 0.0097 0.0169 0.0154 0.8917 
        D344  2 0.0159 0.0647 0.1099 0.4851 0.0357 0.0338 0.0165 0.0680 0.1274 0.0429 
        D345  2 0.0319 0.3130 0.0200 0.2050 0.0532 0.0629 0.0617 0.0611 0.1484 0.0429 
        D346  2 0.3075 0.0318 0.0301 0.0315 0.0505 0.3670 0.0321 0.0436 0.0428 0.0631 
        D351  2 0.0217 0.0635 0.1562 0.0755 0.1477 0.0582 0.0561 0.2089 0.1692 0.0430 
        D352  2 0.0479 0.0285 0.0279 0.7094 0.0253 0.0263 0.0201 0.0180 0.0613 0.0353 
        D353  2 0.0140 0.0188 0.0298 0.1266 0.0288 0.0307 0.0188 0.1070 0.5958 0.0296 
        D354  2 0.0402 0.0721 0.0197 0.7121 0.0183 0.0317 0.0123 0.0344 0.0470 0.0123 
        D362  2 0.0210 0.0395 0.0254 0.0189 0.0205 0.0267 0.0619 0.7092 0.0510 0.0261 
        D363  2 0.0343 0.0365 0.0173 0.0252 0.0225 0.0382 0.0460 0.7319 0.0284 0.0197 
        D364  2 0.0502 0.0941 0.0283 0.4071 0.0226 0.0340 0.0246 0.2197 0.0977 0.0215 
        D365  2 0.0190 0.0156 0.0120 0.0261 0.0161 0.0152 0.0105 0.0221 0.0194 0.8441 
        D369  2 0.1374 0.1108 0.0388 0.0219 0.0807 0.1407 0.0447 0.2095 0.0979 0.1177 
        D374  2 0.4869 0.0597 0.2349 0.0391 0.0234 0.0426 0.0168 0.0185 0.0636 0.0145 
        D375  2 0.0131 0.0171 0.0284 0.8173 0.0139 0.0291 0.0180 0.0169 0.0344 0.0118 
        D376  2 0.5306 0.0678 0.1207 0.0700 0.0314 0.0296 0.0159 0.0141 0.0920 0.0281 
        D377  2 0.0377 0.0980 0.0648 0.0295 0.0286 0.6018 0.0299 0.0225 0.0524 0.0348 
        D378  2 0.0259 0.0359 0.0283 0.1929 0.0615 0.0698 0.1045 0.0861 0.1283 0.2667 
        D379  2 0.0303 0.0284 0.0349 0.0444 0.0286 0.0895 0.0242 0.5933 0.1073 0.0192 
        D384  2 0.0381 0.0181 0.0112 0.0117 0.0158 0.0190 0.0119 0.8415 0.0209 0.0118 
        D385  2 0.0351 0.0199 0.0189 0.1274 0.0159 0.0415 0.0134 0.0135 0.0307 0.6836 
        D386  2 0.0157 0.0268 0.0430 0.5250 0.0317 0.0486 0.0632 0.0646 0.1005 0.0807 
        D391  2 0.0128 0.0199 0.0219 0.1318 0.0185 0.0333 0.0177 0.0241 0.0233 0.6967 
        D392  2 0.0439 0.1224 0.0369 0.0202 0.0335 0.0350 0.0315 0.0653 0.0525 0.5588 
        D393  2 0.0218 0.0643 0.0354 0.2271 0.1591 0.1179 0.0480 0.1871 0.0670 0.0725 
        D394  2 0.0386 0.1793 0.0890 0.1709 0.0496 0.0243 0.1347 0.0984 0.1324 0.0828 
        D395  2 0.0223 0.0171 0.0376 0.4239 0.0253 0.0291 0.0254 0.0127 0.0614 0.3453 
        D401  2 0.0254 0.7821 0.0280 0.0086 0.0159 0.0517 0.0130 0.0146 0.0397 0.0211 
        D402  2 0.0175 0.0248 0.0165 0.0566 0.0654 0.0485 0.0145 0.0169 0.0319 0.7074 
        D403  2 0.0191 0.0326 0.0942 0.1199 0.0522 0.0350 0.0547 0.1586 0.3933 0.0404 
        D415  2 0.0132 0.1619 0.0460 0.0195 0.0220 0.0214 0.0320 0.4840 0.1794 0.0205 
        D435  2 0.0146 0.0430 0.0287 0.0401 0.0733 0.0184 0.0219 0.5971 0.0424 0.1205 
        D436  2 0.0475 0.0315 0.0969 0.5287 0.0340 0.0248 0.0323 0.1282 0.0533 0.0229 
        D438  2 0.0203 0.0108 0.0136 0.0137 0.0131 0.0369 0.0143 0.0147 0.0198 0.8428 
        D439  2 0.0125 0.0412 0.0196 0.5781 0.0281 0.0384 0.0593 0.0458 0.1089 0.0682 
        D449  2 0.0213 0.0262 0.0436 0.0204 0.0826 0.0338 0.0314 0.1305 0.1446 0.4656 
        D450  2 0.1057 0.0274 0.0637 0.2463 0.0878 0.1143 0.0543 0.1338 0.1442 0.0226 
        D456  2 0.0167 0.0151 0.0156 0.0152 0.0289 0.0220 0.0177 0.8267 0.0311 0.0109 
        D462  2 0.0109 0.0139 0.0165 0.0939 0.0182 0.0139 0.0234 0.0431 0.0276 0.7384 
        D463  2 0.0302 0.0189 0.0183 0.0272 0.0158 0.0204 0.0129 0.8207 0.0243 0.0113 
        D464  2 0.0262 0.0229 0.0623 0.3638 0.0201 0.0537 0.0168 0.0444 0.3139 0.0758 
        D465  2 0.0191 0.1135 0.0318 0.0169 0.0318 0.0631 0.0300 0.1974 0.0623 0.4342 
        D473  2 0.3977 0.1374 0.0494 0.0867 0.0402 0.0826 0.0840 0.0314 0.0495 0.0411 
        D474  2 0.0484 0.0658 0.0219 0.0289 0.1370 0.0369 0.0563 0.5076 0.0394 0.0578 
        D476  2 0.0133 0.0203 0.0142 0.5007 0.0233 0.0131 0.2996 0.0169 0.0344 0.0642 
        D477  2 0.0505 0.1650 0.0317 0.2204 0.0855 0.1209 0.0243 0.1949 0.0826 0.0244 
        D478  2 0.0831 0.0353 0.0813 0.0843 0.0621 0.0415 0.3188 0.0362 0.2016 0.0559 
        D480  2 0.1016 0.0256 0.0442 0.2406 0.1337 0.0806 0.0184 0.1624 0.1142 0.0788 
        D481  2 0.0998 0.0788 0.0333 0.1912 0.0340 0.0369 0.1078 0.2631 0.1036 0.0516 
        D482  2 0.0977 0.0520 0.0789 0.3250 0.1549 0.0813 0.0482 0.0159 0.1213 0.0249 
        D483  2 0.0559 0.0182 0.0164 0.0137 0.0166 0.0124 0.0191 0.0143 0.0184 0.8150 
        D484  2 0.0199 0.0149 0.0394 0.8288 0.0160 0.0247 0.0139 0.0083 0.0190 0.0151 
        D510  2 0.5762 0.0344 0.0816 0.0314 0.1161 0.0450 0.0213 0.0194 0.0474 0.0274 
        D511  2 0.0248 0.0369 0.0247 0.6666 0.0288 0.0354 0.0311 0.0510 0.0407 0.0600 
        D512  2 0.0116 0.5145 0.1015 0.0282 0.0329 0.0568 0.0363 0.0216 0.0565 0.1402 
        D513  2 0.0563 0.0455 0.0441 0.0198 0.0859 0.0994 0.0252 0.0702 0.0815 0.4722 
        D635  2 0.0216 0.0313 0.0196 0.0177 0.0322 0.0304 0.5272 0.2293 0.0542 0.0366 
        D636  2 0.0188 0.0342 0.0140 0.0142 0.0105 0.0534 0.7979 0.0218 0.0174 0.0178 
        D637  2 0.0520 0.0619 0.1480 0.2317 0.0709 0.1241 0.0256 0.0250 0.1051 0.1555 
        D658  2 0.0633 0.0570 0.0690 0.2016 0.0287 0.0263 0.0245 0.0248 0.0481 0.4568 
        D659  2 0.0363 0.0182 0.0220 0.0593 0.0749 0.0283 0.0716 0.6050 0.0555 0.0290 
        D677  2 0.0189 0.0878 0.2037 0.0416 0.1153 0.1047 0.0842 0.1795 0.1061 0.0582 
        D678  2 0.0168 0.0415 0.0657 0.0237 0.0292 0.0842 0.0378 0.0183 0.0730 0.6098 
        D679  2 0.0438 0.0303 0.0335 0.0465 0.0976 0.3060 0.0290 0.2460 0.1129 0.0543 
        D719  2 0.3915 0.0645 0.0226 0.0423 0.0565 0.0287 0.0120 0.1662 0.0514 0.1644 
        D720  2 0.0507 0.0369 0.0206 0.0138 0.0208 0.0358 0.0235 0.7292 0.0475 0.0213 
        D721  2 0.0256 0.0189 0.0137 0.0206 0.0177 0.0209 0.7648 0.0390 0.0381 0.0406 
        D722  2 0.2984 0.1530 0.1762 0.0333 0.0410 0.0993 0.0236 0.0231 0.0991 0.0531 
        D734  2 0.1576 0.0134 0.0190 0.5976 0.0339 0.0327 0.0137 0.0198 0.0434 0.0690 
        D735  2 0.0642 0.1174 0.0395 0.0786 0.0614 0.2439 0.0458 0.1625 0.1276 0.0591 
        D736  2 0.3073 0.0822 0.0348 0.0479 0.2510 0.0439 0.0504 0.0570 0.0658 0.0598 
        D737  2 0.0344 0.0381 0.0403 0.1383 0.0436 0.0191 0.0402 0.0142 0.0772 0.5548 
        D807  2 0.1828 0.1220 0.0956 0.0739 0.1396 0.0778 0.0527 0.1409 0.0654 0.0493 
        D808  2 0.0243 0.2310 0.2058 0.0507 0.0723 0.0239 0.0513 0.0658 0.1772 0.0977 
        D817  2 0.0226 0.0381 0.0403 0.0493 0.0267 0.6560 0.0242 0.0858 0.0400 0.0169 
        D818  2 0.0228 0.0162 0.1440 0.0413 0.1740 0.0395 0.1340 0.0414 0.2170 0.1697 
        D819  2 0.0201 0.0871 0.0445 0.0264 0.0209 0.5514 0.0401 0.1070 0.0761 0.0264 
        D820  2 0.0225 0.0203 0.0266 0.1143 0.0468 0.0165 0.0217 0.6470 0.0468 0.0376 
        D895  2 0.0380 0.0603 0.0274 0.0735 0.0473 0.1275 0.1474 0.2579 0.1758 0.0448 
        D896  2 0.0194 0.8530 0.0301 0.0127 0.0123 0.0136 0.0154 0.0130 0.0167 0.0138 
        D897  2 0.0202 0.0392 0.0928 0.0309 0.1196 0.0773 0.0335 0.0270 0.1169 0.4427 
        D898  2 0.0324 0.1744 0.1671 0.0487 0.1134 0.1725 0.0358 0.0466 0.1742 0.0349 
        D918  2 0.0411 0.1247 0.1824 0.0797 0.1215 0.0676 0.0834 0.0322 0.2037 0.0638 
        D919  2 0.0189 0.0188 0.0658 0.3948 0.0722 0.0224 0.0473 0.1191 0.1321 0.1086 
        D920  2 0.0752 0.0611 0.0763 0.0372 0.0280 0.0244 0.5857 0.0302 0.0465 0.0353 
        D923  2 0.0179 0.0285 0.0294 0.1278 0.0293 0.0315 0.0241 0.6274 0.0556 0.0284 
        D930  2 0.0913 0.0980 0.0489 0.1590 0.0767 0.1453 0.0243 0.1752 0.1391 0.0423 
        D931  2 0.0383 0.0469 0.0525 0.2692 0.0465 0.0628 0.0331 0.2422 0.0654 0.1430 
        D968  2 0.0128 0.0177 0.0174 0.0235 0.0345 0.0236 0.0103 0.0202 0.0223 0.8177 
        D969  2 0.0679 0.0569 0.0487 0.0383 0.2133 0.0365 0.0283 0.1785 0.1250 0.2066 
        D977  2 0.0170 0.0137 0.0508 0.0238 0.0531 0.0296 0.0209 0.0313 0.0697 0.6901 
        D978  2 0.0303 0.0187 0.1308 0.0236 0.2629 0.2395 0.0232 0.0206 0.1083 0.1422 
        D211  3 0.0199 0.0150 0.1577 0.0265 0.0410 0.1019 0.5036 0.0569 0.0640 0.0134 
     D229639  3 0.1368 0.0486 0.0536 0.0290 0.4605 0.0381 0.0250 0.0637 0.0618 0.0828 
     D237212  3 0.0202 0.0453 0.0824 0.2111 0.2317 0.1300 0.0598 0.0648 0.0863 0.0684 
     D237213  3 0.0179 0.1327 0.1124 0.0573 0.0592 0.4298 0.0655 0.0268 0.0660 0.0324 
     D237214  3 0.0159 0.0122 0.0201 0.0140 0.0141 0.0133 0.8318 0.0196 0.0493 0.0098 
     D237215  3 0.0796 0.0338 0.1148 0.0174 0.0688 0.0658 0.0180 0.0130 0.0475 0.5413 
     D237216  3 0.0228 0.0280 0.0357 0.0307 0.0385 0.0932 0.0931 0.0399 0.5933 0.0248 
     D237217  3 0.0155 0.0640 0.1342 0.0221 0.0928 0.0279 0.2039 0.0630 0.3418 0.0348 
     D237218  3 0.0450 0.0218 0.0535 0.1686 0.4752 0.0339 0.0301 0.0423 0.0889 0.0407 
     D237219  3 0.0926 0.1902 0.0972 0.0153 0.1376 0.2730 0.0593 0.0295 0.0847 0.0206 
     D237382  3 0.0896 0.1326 0.4227 0.0391 0.0427 0.0502 0.0297 0.0698 0.0704 0.0533 
     D244127  3 0.0196 0.5181 0.0747 0.0305 0.0625 0.0811 0.0354 0.0181 0.0965 0.0634 
     D244129  3 0.0419 0.2373 0.1093 0.0627 0.0758 0.0871 0.1101 0.0812 0.1155 0.0791 
     D244133  3 0.0592 0.0302 0.0406 0.0113 0.0238 0.6667 0.0275 0.0420 0.0348 0.0639 
     D244134  3 0.2240 0.0745 0.0256 0.0237 0.3687 0.1507 0.0354 0.0241 0.0365 0.0368 
     D244135  3 0.0124 0.0210 0.0274 0.0193 0.0306 0.0589 0.7160 0.0375 0.0368 0.0402 
     D244136  3 0.1262 0.0380 0.0688 0.0249 0.0625 0.3150 0.0461 0.1596 0.0940 0.0650 
        D416  3 0.0295 0.0573 0.0536 0.0352 0.0781 0.2777 0.0750 0.0992 0.1696 0.1248 
        D417  3 0.0235 0.0406 0.1068 0.0275 0.0399 0.0199 0.0257 0.6447 0.0533 0.0181 
        D419  3 0.0519 0.1666 0.0771 0.0306 0.1844 0.1137 0.0544 0.0821 0.1775 0.0616 
        D565  3 0.7833 0.0174 0.0161 0.0161 0.0287 0.0454 0.0158 0.0429 0.0225 0.0118 
        D566  3 0.2642 0.0588 0.0492 0.0154 0.2446 0.1329 0.0268 0.0610 0.0817 0.0654 
        D567  3 0.0271 0.1206 0.0378 0.0681 0.0361 0.0598 0.0771 0.4507 0.0768 0.0458 
        D568  3 0.0178 0.0863 0.0967 0.1904 0.1161 0.0366 0.1027 0.0882 0.1330 0.1323 
        D569  3 0.0386 0.0241 0.0654 0.5008 0.0441 0.0529 0.1023 0.0165 0.0765 0.0788 
        D573  3 0.0209 0.0290 0.0329 0.0314 0.3295 0.0232 0.0174 0.1820 0.0991 0.2346 
        D574  3 0.3183 0.0625 0.1192 0.0322 0.1027 0.1249 0.0537 0.0417 0.1094 0.0353 
        D575  3 0.0344 0.0450 0.0162 0.0156 0.0298 0.7377 0.0369 0.0287 0.0284 0.0272 
        D576  3 0.0281 0.0119 0.0749 0.0166 0.0327 0.1955 0.0380 0.0082 0.0321 0.5621 
        D577  3 0.0272 0.0254 0.0505 0.0336 0.0395 0.1568 0.1092 0.4678 0.0660 0.0240 
        D578  3 0.0155 0.0211 0.0337 0.0130 0.0151 0.0132 0.8224 0.0131 0.0312 0.0217 
        D579  3 0.1574 0.0544 0.0518 0.0887 0.1839 0.1050 0.0447 0.1596 0.0913 0.0631 
        D660  3 0.0123 0.0439 0.0496 0.0406 0.0491 0.1359 0.0376 0.0168 0.0727 0.5414 
        D661  3 0.0215 0.0249 0.0636 0.0792 0.3022 0.0348 0.0472 0.0261 0.1399 0.2606 
        D663  3 0.0213 0.0205 0.0507 0.0466 0.4208 0.0688 0.0304 0.0436 0.1621 0.1351 
        D664  3 0.0434 0.0958 0.0858 0.0206 0.0550 0.3507 0.1273 0.0196 0.0958 0.1060 
        D665  3 0.0106 0.0568 0.1832 0.0732 0.0486 0.3086 0.1208 0.0141 0.1534 0.0308 
        D666  3 0.0430 0.1353 0.0383 0.0232 0.0401 0.5609 0.0386 0.0458 0.0546 0.0203 
        D009  4 0.0295 0.0833 0.1034 0.1628 0.0715 0.0335 0.1735 0.1172 0.2037 0.0216 
        D057  4 0.0231 0.0210 0.0301 0.4553 0.0626 0.0094 0.2125 0.0259 0.0389 0.1211 
        D109  4 0.0450 0.4024 0.0491 0.0264 0.0333 0.1442 0.0634 0.0403 0.1763 0.0196 
     D237222  4 0.1204 0.0305 0.0695 0.0311 0.0271 0.0206 0.5776 0.0328 0.0634 0.0270 
     D237223  4 0.0818 0.0904 0.2604 0.0692 0.1815 0.0278 0.0834 0.0260 0.1280 0.0514 
     D237224  4 0.0304 0.0424 0.0516 0.2019 0.1545 0.0924 0.0559 0.0919 0.0959 0.1831 
     D237225  4 0.0429 0.0489 0.1293 0.0840 0.1424 0.0597 0.1137 0.0678 0.2799 0.0314 
     D237299  4 0.0366 0.0516 0.3246 0.0232 0.2843 0.0232 0.0661 0.0367 0.1348 0.0188 
     D237300  4 0.0436 0.0210 0.0260 0.0231 0.5552 0.1535 0.0221 0.0174 0.0513 0.0868 
     D237306  4 0.3933 0.1061 0.1535 0.0415 0.1189 0.0162 0.0222 0.0778 0.0507 0.0197 
     D237307  4 0.1376 0.0350 0.0638 0.0176 0.0828 0.1029 0.0360 0.3739 0.1077 0.0427 
     D237308  4 0.0715 0.1248 0.0269 0.1527 0.0477 0.0407 0.0448 0.0304 0.0710 0.3894 
     D237309  4 0.0203 0.0713 0.1141 0.0956 0.0853 0.0472 0.1513 0.1018 0.2757 0.0375 
     D237317  4 0.2680 0.0550 0.0500 0.0324 0.0577 0.0605 0.0513 0.1225 0.2773 0.0252 
     D237318  4 0.0215 0.0219 0.0418 0.0130 0.6320 0.0603 0.0193 0.0294 0.0428 0.1181 
     D237319  4 0.0421 0.1298 0.3096 0.0365 0.1055 0.0451 0.0744 0.0409 0.1716 0.0443 
     D237320  4 0.0272 0.0821 0.2878 0.0216 0.3077 0.0361 0.0914 0.0486 0.0505 0.0470 
     D237321  4 0.0582 0.0455 0.0434 0.0230 0.3939 0.1002 0.0412 0.0645 0.0863 0.1437 
     D237397  4 0.1379 0.0764 0.1580 0.0274 0.3169 0.0342 0.0614 0.0490 0.0731 0.0656 
     D237398  4 0.0168 0.0206 0.0475 0.0415 0.6319 0.0324 0.0263 0.0390 0.1032 0.0407 
     D237399  4 0.1603 0.0560 0.1664 0.0480 0.2528 0.0289 0.1219 0.0602 0.0726 0.0330 
     D244001  4 0.0347 0.0587 0.1001 0.0980 0.0353 0.0194 0.3605 0.0263 0.1471 0.1198 
        D289  4 0.2381 0.0378 0.0421 0.2433 0.1187 0.0311 0.0617 0.0695 0.0820 0.0758 
        D290  4 0.0201 0.0283 0.6412 0.0603 0.0467 0.0163 0.0270 0.0425 0.0892 0.0283 
        D294  4 0.0334 0.0184 0.1318 0.2829 0.0912 0.0560 0.1059 0.1060 0.1367 0.0376 
        D295  4 0.0407 0.1453 0.2811 0.0795 0.0647 0.0806 0.0316 0.1486 0.0995 0.0283 
        D301  4 0.0501 0.1259 0.1348 0.0374 0.0749 0.0410 0.4007 0.0145 0.0765 0.0441 
        D302  4 0.0137 0.0174 0.0350 0.7572 0.0168 0.0272 0.0274 0.0465 0.0453 0.0134 
        D303  4 0.4633 0.1139 0.0431 0.0763 0.0554 0.0951 0.0307 0.0313 0.0416 0.0494 
        D304  4 0.0729 0.0197 0.3087 0.0422 0.2068 0.0504 0.0343 0.0733 0.1534 0.0384 
        D305  4 0.0115 0.0318 0.0483 0.3453 0.0303 0.0225 0.0356 0.0194 0.3942 0.0610 
        D306  4 0.0274 0.0217 0.6126 0.0317 0.0235 0.0177 0.0430 0.0399 0.1549 0.0277 
        D307  4 0.0805 0.0297 0.0163 0.0365 0.0337 0.0384 0.7009 0.0147 0.0268 0.0224 
        D327  4 0.0743 0.0220 0.0763 0.0343 0.0448 0.0756 0.0273 0.5325 0.0793 0.0336 
        D328  4 0.1198 0.0729 0.0942 0.4266 0.0294 0.1172 0.0203 0.0222 0.0772 0.0202 
        D329  4 0.0437 0.0844 0.0716 0.2889 0.0963 0.0280 0.0656 0.0598 0.1404 0.1214 
        D330  4 0.0169 0.1734 0.1786 0.0730 0.0247 0.0430 0.0922 0.2118 0.1264 0.0600 
        D331  4 0.0727 0.0695 0.2451 0.0263 0.1857 0.0764 0.0425 0.1259 0.1152 0.0407 
        D333  4 0.0739 0.0802 0.1613 0.2673 0.1281 0.0419 0.0457 0.0534 0.0863 0.0621 
        D334  4 0.5423 0.0211 0.0632 0.0551 0.0466 0.0339 0.0814 0.0759 0.0602 0.0203 
        D335  4 0.0259 0.0378 0.0657 0.5600 0.0253 0.0426 0.0318 0.1090 0.0535 0.0485 
        D370  4 0.0579 0.3633 0.1959 0.0630 0.0243 0.0925 0.0382 0.0295 0.0985 0.0370 
        D371  4 0.5950 0.0240 0.0192 0.0193 0.0244 0.0922 0.0136 0.1298 0.0488 0.0337 
        D372  4 0.0332 0.0279 0.1334 0.0197 0.4819 0.0479 0.0138 0.0136 0.1456 0.0829 
        D373  4 0.0207 0.0243 0.0184 0.0550 0.0543 0.0473 0.6407 0.0356 0.0569 0.0467 
        D455  4 0.0210 0.0276 0.0332 0.0769 0.0275 0.0182 0.7107 0.0265 0.0298 0.0285 
        D490  4 0.0178 0.0217 0.0388 0.0281 0.0218 0.0227 0.7892 0.0251 0.0238 0.0110 
        D497  4 0.0216 0.0300 0.0584 0.0616 0.0471 0.0423 0.6478 0.0154 0.0555 0.0204 
        D498  4 0.0705 0.1520 0.3380 0.0253 0.1133 0.0620 0.0339 0.0497 0.1175 0.0378 
        D499  4 0.0841 0.0686 0.0715 0.1009 0.0812 0.2302 0.0173 0.0274 0.1384 0.1804 
        D514  4 0.0145 0.0452 0.2149 0.1196 0.0552 0.1321 0.0436 0.2671 0.0815 0.0263 
        D515  4 0.0245 0.0474 0.3925 0.0431 0.2247 0.0413 0.0898 0.0366 0.0748 0.0255 
        D516  4 0.0480 0.2138 0.1054 0.0249 0.0838 0.2118 0.0568 0.1125 0.0959 0.0472 
        D517  4 0.0246 0.0469 0.0462 0.0285 0.0461 0.0172 0.5403 0.0383 0.1703 0.0418 
        D518  4 0.0542 0.0348 0.0313 0.6100 0.0240 0.0161 0.1217 0.0257 0.0461 0.0360 
        D519  4 0.0222 0.0507 0.3370 0.0143 0.3596 0.0225 0.0719 0.0355 0.0555 0.0307 
        D560  4 0.0153 0.0297 0.3134 0.0562 0.3262 0.0237 0.0497 0.0756 0.0692 0.0409 
        D561  4 0.0161 0.0408 0.0403 0.0754 0.0408 0.0227 0.2871 0.2451 0.1830 0.0487 
        D562  4 0.0456 0.0324 0.1895 0.1197 0.0551 0.0375 0.2863 0.0432 0.1154 0.0754 
        D563  4 0.0169 0.0374 0.0618 0.1455 0.0673 0.0859 0.0591 0.0190 0.1271 0.3800 
        D572  4 0.0229 0.0218 0.0412 0.7156 0.0177 0.0192 0.0516 0.0507 0.0273 0.0320 
        D629  4 0.0161 0.0201 0.0222 0.0504 0.0514 0.3795 0.2591 0.1358 0.0456 0.0198 
        D630  4 0.0420 0.0280 0.3404 0.0957 0.1115 0.0299 0.1636 0.0716 0.0855 0.0318 
        D631  4 0.0201 0.0185 0.0324 0.6674 0.0458 0.0161 0.0382 0.0263 0.0559 0.0794 
        D632  4 0.0210 0.1839 0.0236 0.2486 0.0197 0.0498 0.2125 0.0454 0.0533 0.1421 
        D646  4 0.0210 0.1827 0.1773 0.0351 0.2397 0.0144 0.0469 0.1101 0.1257 0.0472 
        D647  4 0.0139 0.1139 0.1762 0.0651 0.0683 0.0227 0.0803 0.3216 0.0831 0.0550 
        D648  4 0.0428 0.0166 0.1530 0.4822 0.0184 0.1912 0.0229 0.0144 0.0300 0.0285 
        D649  4 0.0213 0.2787 0.0256 0.1970 0.0441 0.0845 0.0489 0.2148 0.0677 0.0175 
        D650  4 0.0750 0.0693 0.0869 0.1137 0.1645 0.1053 0.0909 0.1678 0.1011 0.0256 
        D708  4 0.1752 0.0451 0.0627 0.2196 0.1103 0.1612 0.0489 0.0383 0.1094 0.0294 
        D709  4 0.0247 0.2286 0.4234 0.0465 0.0223 0.0901 0.0142 0.0186 0.1076 0.0241 
        D738  4 0.4580 0.1225 0.0687 0.0306 0.0868 0.0187 0.0741 0.0864 0.0404 0.0140 
        D739  4 0.0267 0.0336 0.2413 0.0585 0.0835 0.0447 0.3766 0.0229 0.0888 0.0234 
        D740  4 0.1656 0.1054 0.0661 0.0512 0.1723 0.0715 0.0583 0.0244 0.2233 0.0620 
        D741  4 0.0127 0.0590 0.2842 0.0285 0.2454 0.0268 0.0294 0.1015 0.1522 0.0602 
        D742  4 0.1000 0.0408 0.0841 0.0535 0.2157 0.0394 0.0728 0.0350 0.1352 0.2234 
        D743  4 0.0194 0.0192 0.0248 0.3654 0.0382 0.0332 0.0322 0.3772 0.0457 0.0447 
        D744  4 0.0171 0.0169 0.0253 0.7794 0.0283 0.0219 0.0181 0.0184 0.0335 0.0411 
        D745  4 0.0179 0.0572 0.3461 0.0246 0.3054 0.0438 0.0968 0.0268 0.0652 0.0163 
        D814  4 0.0203 0.0130 0.1450 0.0680 0.1578 0.0361 0.0792 0.0330 0.2637 0.1839 
        D815  4 0.0266 0.0888 0.1896 0.4022 0.0378 0.0503 0.0283 0.0826 0.0543 0.0396 
        D828  4 0.0685 0.0363 0.4252 0.0875 0.0534 0.1222 0.0333 0.0143 0.0826 0.0767 
        D845  4 0.0448 0.0153 0.0146 0.0226 0.7174 0.0231 0.0123 0.0210 0.0300 0.0988 
        D846  4 0.0122 0.0219 0.0428 0.3478 0.0436 0.0440 0.1563 0.0760 0.0932 0.1621 
        D847  4 0.0834 0.0367 0.1897 0.0589 0.1310 0.0240 0.2616 0.0793 0.0874 0.0481 
        D848  4 0.0165 0.0210 0.0238 0.0269 0.0912 0.0210 0.6777 0.0154 0.0458 0.0607 
        D849  4 0.0170 0.0422 0.3071 0.0397 0.0746 0.0783 0.2700 0.0317 0.1109 0.0284 
        D850  4 0.0612 0.0381 0.0354 0.0393 0.2181 0.0484 0.2476 0.1394 0.1290 0.0435 
        D856  4 0.0319 0.2287 0.2127 0.0458 0.0398 0.0651 0.0467 0.0365 0.2713 0.0214 
        D857  4 0.0262 0.6437 0.0898 0.0359 0.0256 0.0187 0.0293 0.0075 0.0420 0.0813 
        D859  4 0.0210 0.0262 0.0775 0.5820 0.0764 0.0219 0.0317 0.0541 0.0766 0.0328 
        D860  4 0.4859 0.0336 0.0234 0.0809 0.0959 0.0220 0.0314 0.0829 0.0570 0.0869 
        D883  4 0.0647 0.0887 0.1017 0.0757 0.0729 0.0938 0.1701 0.1919 0.1091 0.0315 
        D884  4 0.0515 0.1535 0.3352 0.0699 0.1628 0.0591 0.0503 0.0391 0.0600 0.0187 
        D885  4 0.0248 0.0337 0.0514 0.0408 0.3463 0.1128 0.0547 0.1046 0.1700 0.0609 
        D886  4 0.0214 0.1592 0.2980 0.0692 0.0419 0.0232 0.1405 0.1213 0.0712 0.0542 
        D887  4 0.0559 0.0551 0.1066 0.1421 0.2388 0.0445 0.0425 0.0837 0.1081 0.1228 
        D889  4 0.0214 0.0123 0.1904 0.0627 0.5254 0.0288 0.0180 0.0395 0.0815 0.0199 
        D890  4 0.0548 0.0848 0.0535 0.0689 0.0260 0.5450 0.0468 0.0220 0.0549 0.0432 
        D891  4 0.0120 0.0108 0.0119 0.0103 0.7831 0.0531 0.0099 0.0143 0.0222 0.0725 
        D899  4 0.0853 0.0343 0.0621 0.0899 0.1133 0.0646 0.0339 0.0394 0.0808 0.3964 
        D900  4 0.0583 0.0653 0.1998 0.1248 0.0816 0.0473 0.1045 0.1018 0.1430 0.0735 
        D970  4 0.0446 0.0474 0.0417 0.3502 0.0882 0.0470 0.0826 0.1175 0.1122 0.0687 
        D971  4 0.0621 0.0639 0.0404 0.1879 0.0249 0.0479 0.0329 0.0543 0.0885 0.3972 
        D979  4 0.0303 0.0248 0.0523 0.3743 0.0415 0.0847 0.0361 0.2369 0.0841 0.0349 
        D093  5 0.6620 0.0321 0.0519 0.0272 0.0602 0.0354 0.0217 0.0383 0.0475 0.0238 
        D154  5 0.0316 0.0292 0.1499 0.0323 0.1863 0.3083 0.0144 0.0255 0.1406 0.0820 
        D168  5 0.0135 0.0602 0.0821 0.0272 0.1250 0.2923 0.0898 0.0468 0.1168 0.1463 
        D189  5 0.2956 0.0321 0.2179 0.0391 0.2133 0.0303 0.0214 0.0442 0.0766 0.0297 
        D190  5 0.5655 0.0468 0.0397 0.0620 0.0403 0.1446 0.0144 0.0240 0.0357 0.0269 
     D237220  5 0.1058 0.0852 0.1410 0.0758 0.2627 0.0190 0.1631 0.0244 0.1047 0.0183 
     D237221  5 0.2288 0.0702 0.0468 0.0740 0.1503 0.1318 0.0363 0.0763 0.0861 0.0994 
     D237274  5 0.0142 0.1299 0.0651 0.2118 0.0424 0.0266 0.0389 0.2886 0.1136 0.0689 
     D237275  5 0.0265 0.0427 0.1255 0.0183 0.0730 0.0539 0.0214 0.0189 0.0925 0.5272 
     D237276  5 0.1243 0.1445 0.3001 0.0565 0.0868 0.0572 0.0418 0.0720 0.0838 0.0329 
     D237277  5 0.4314 0.0566 0.0315 0.0459 0.1071 0.1725 0.0194 0.0208 0.0568 0.0579 
     D237278  5 0.1696 0.0787 0.0539 0.0905 0.0329 0.0253 0.0617 0.0915 0.1064 0.2894 
     D237279  5 0.0193 0.2627 0.0224 0.0741 0.0404 0.1783 0.0814 0.0501 0.2514 0.0199 
     D237280  5 0.0609 0.3920 0.0355 0.0487 0.0313 0.1459 0.0793 0.0714 0.1130 0.0219 
     D237281  5 0.0246 0.0263 0.0563 0.0232 0.4470 0.0261 0.0197 0.0363 0.0880 0.2524 
     D237351  5 0.0380 0.5521 0.0306 0.0195 0.0310 0.2367 0.0248 0.0192 0.0309 0.0173 
     D237352  5 0.0431 0.0612 0.0388 0.1963 0.0326 0.1649 0.2758 0.0545 0.0726 0.0604 
     D237353  5 0.5238 0.0670 0.0157 0.0291 0.0490 0.2368 0.0127 0.0159 0.0337 0.0165 
     D237359  5 0.0617 0.0450 0.1446 0.0503 0.3771 0.0369 0.1200 0.0342 0.1096 0.0204 
     D237361  5 0.7800 0.0351 0.0265 0.0175 0.0252 0.0367 0.0144 0.0204 0.0251 0.0192 
     D237362  5 0.0269 0.0195 0.0168 0.0157 0.0359 0.7814 0.0181 0.0396 0.0240 0.0220 
     D237363  5 0.0362 0.0427 0.0509 0.0155 0.0640 0.1216 0.0225 0.0208 0.5417 0.0841 
     D237364  5 0.0131 0.0528 0.1943 0.0996 0.1583 0.0571 0.0909 0.0846 0.1399 0.1094 
     D237376  5 0.1090 0.0372 0.3453 0.1513 0.0285 0.2214 0.0162 0.0148 0.0409 0.0354 
     D237377  5 0.0973 0.3175 0.0197 0.0446 0.0284 0.1868 0.0454 0.0773 0.1438 0.0392 
     D237378  5 0.4573 0.0310 0.0575 0.0973 0.0778 0.0993 0.0341 0.0231 0.0694 0.0532 
     D237379  5 0.2512 0.0274 0.0905 0.2680 0.0601 0.0535 0.0515 0.0331 0.1209 0.0438 
     D237380  5 0.0586 0.6126 0.0910 0.0849 0.0216 0.0188 0.0268 0.0173 0.0509 0.0175 
     D237381  5 0.0490 0.3565 0.0657 0.1086 0.0484 0.0322 0.1381 0.0344 0.0997 0.0674 
     D237391  5 0.7475 0.0259 0.0179 0.0236 0.0563 0.0341 0.0208 0.0289 0.0281 0.0170 
     D237392  5 0.0214 0.1448 0.0879 0.0659 0.0379 0.0808 0.0353 0.2092 0.1001 0.2167 
     D237393  5 0.1675 0.1378 0.0639 0.0561 0.0404 0.0232 0.0494 0.3470 0.0570 0.0578 
     D237394  5 0.7397 0.0201 0.0129 0.0204 0.0187 0.1196 0.0221 0.0179 0.0184 0.0102 
     D237395  5 0.1691 0.0638 0.1714 0.0165 0.1422 0.2164 0.0418 0.0395 0.0923 0.0469 
     D237396  5 0.1446 0.1027 0.0202 0.0439 0.0574 0.0427 0.1100 0.2882 0.1187 0.0715 
     D244016  5 0.1068 0.0314 0.0225 0.0902 0.0332 0.6085 0.0141 0.0152 0.0431 0.0351 
     D244018  5 0.2213 0.0544 0.0231 0.0233 0.0875 0.0426 0.0708 0.0838 0.1257 0.2675 
     D244019  5 0.0287 0.0431 0.0427 0.0335 0.0708 0.5939 0.0167 0.0263 0.0930 0.0511 
        D279  5 0.0559 0.0326 0.0571 0.0390 0.5633 0.0486 0.0231 0.0315 0.1135 0.0354 
        D280  5 0.1477 0.0661 0.0628 0.0223 0.2175 0.0834 0.1141 0.0881 0.1546 0.0434 
        D281  5 0.0651 0.0172 0.0813 0.0216 0.4940 0.0337 0.0142 0.0212 0.1284 0.1233 
        D283  5 0.3614 0.0747 0.0217 0.0300 0.1625 0.0980 0.0224 0.1056 0.0906 0.0330 
        D284  5 0.0299 0.0620 0.2484 0.0462 0.1182 0.1439 0.1394 0.0373 0.1416 0.0332 
        D285  5 0.3643 0.0455 0.0618 0.0510 0.2356 0.0352 0.0288 0.0685 0.0897 0.0195 
        D286  5 0.1201 0.0460 0.2738 0.1166 0.0987 0.0744 0.0605 0.0684 0.1100 0.0314 
        D287  5 0.0895 0.0471 0.3360 0.0865 0.0490 0.2587 0.0281 0.0174 0.0598 0.0279 
        D288  5 0.0651 0.0366 0.0358 0.0186 0.2152 0.2882 0.0344 0.1532 0.1192 0.0337 
        D308  5 0.0275 0.7661 0.0239 0.0202 0.0274 0.0262 0.0171 0.0446 0.0294 0.0176 
        D309  5 0.0174 0.0237 0.0194 0.8187 0.0119 0.0170 0.0259 0.0195 0.0344 0.0119 
        D310  5 0.6264 0.0208 0.0501 0.0147 0.0353 0.0298 0.0160 0.0131 0.1803 0.0133 
        D311  5 0.0717 0.0405 0.1534 0.1000 0.0689 0.2493 0.0335 0.0850 0.1671 0.0305 
        D312  5 0.1159 0.0431 0.0767 0.1927 0.0568 0.2041 0.0932 0.0948 0.0816 0.0412 
        D313  5 0.0311 0.5827 0.0170 0.0095 0.0193 0.0147 0.2777 0.0160 0.0218 0.0100 
        D314  5 0.0400 0.0504 0.1619 0.0505 0.2204 0.2507 0.0336 0.0182 0.1139 0.0605 
        D315  5 0.1756 0.0615 0.0759 0.0464 0.0374 0.0569 0.1019 0.2912 0.0987 0.0544 
        D317  5 0.7507 0.0231 0.0453 0.0143 0.0295 0.0323 0.0202 0.0371 0.0319 0.0156 
        D318  5 0.0613 0.0379 0.1240 0.1327 0.0810 0.0695 0.1608 0.0787 0.1650 0.0891 
        D319  5 0.7327 0.0663 0.0400 0.0150 0.0447 0.0185 0.0125 0.0189 0.0341 0.0173 
        D320  5 0.5649 0.0684 0.0427 0.0543 0.0890 0.0507 0.0273 0.0231 0.0598 0.0197 
        D321  5 0.0695 0.5713 0.0156 0.0205 0.0972 0.0886 0.0202 0.0630 0.0410 0.0133 
        D336  5 0.5647 0.0178 0.1909 0.0411 0.0193 0.0271 0.0208 0.0208 0.0817 0.0157 
        D337  5 0.7879 0.0162 0.0158 0.0275 0.0365 0.0310 0.0130 0.0226 0.0282 0.0212 
        D338  5 0.1305 0.0520 0.1354 0.0513 0.2009 0.0231 0.0404 0.1588 0.1697 0.0380 
        D339  5 0.5315 0.0667 0.0507 0.0184 0.0827 0.0413 0.0189 0.0431 0.1117 0.0351 
        D347  5 0.0437 0.0424 0.4290 0.0756 0.0651 0.0213 0.0325 0.0854 0.1321 0.0729 
        D348  5 0.6926 0.0223 0.0324 0.0977 0.0264 0.0182 0.0156 0.0224 0.0481 0.0244 
