        D174  1 0.0368 0.0881 0.0767 0.0746 0.0209 0.0148 0.1334 0.0625 0.3922 0.0537 0.0462 
        D199  1 0.1375 0.0418 0.1583 0.0299 0.1217 0.0331 0.0566 0.0882 0.1191 0.0760 0.1378 
        D203  1 0.1444 0.0168 0.0762 0.0979 0.0859 0.0328 0.1395 0.0443 0.0513 0.0991 0.2117 
        D204  1 0.0362 0.0211 0.0311 0.0361 0.0212 0.0941 0.0296 0.0155 0.0187 0.0279 0.6685 
     D237366  1 0.0423 0.0246 0.0614 0.0255 0.0389 0.0971 0.1569 0.3936 0.0691 0.0516 0.0390 
     D237367  1 0.0729 0.0790 0.1242 0.0561 0.0211 0.0347 0.1040 0.1725 0.0371 0.0771 0.2212 
     D237368  1 0.0725 0.0327 0.0819 0.0405 0.0286 0.0489 0.0308 0.3633 0.0838 0.0448 0.1723 
     D244101  1 0.0505 0.0313 0.0760 0.0260 0.1058 0.5047 0.0383 0.0184 0.0175 0.0303 0.1011 
     D244102  1 0.0402 0.0599 0.0650 0.1246 0.0656 0.0629 0.0513 0.0690 0.0324 0.3535 0.0756 
     D244103  1 0.0400 0.1347 0.2078 0.0947 0.0235 0.0357 0.1570 0.1079 0.0363 0.0629 0.0995 
     D244104  1 0.0322 0.1209 0.0410 0.0239 0.0304 0.0264 0.0279 0.0295 0.0725 0.0140 0.5813 
     D244105  1 0.0246 0.0240 0.1329 0.0952 0.0343 0.0188 0.4607 0.1268 0.0131 0.0397 0.0299 
     D244106  1 0.0661 0.0228 0.0659 0.0281 0.0479 0.0204 0.0791 0.0222 0.4774 0.1076 0.0624 
     D244107  1 0.0705 0.0345 0.1166 0.1634 0.0236 0.0658 0.0393 0.4148 0.0160 0.0168 0.0386 
     D244108  1 0.0283 0.0257 0.0566 0.4460 0.0396 0.0255 0.0430 0.0206 0.2120 0.0607 0.0420 
     D244113  1 0.0422 0.1191 0.0481 0.0245 0.0194 0.0789 0.0165 0.0279 0.3626 0.2469 0.0139 
     D244114  1 0.0319 0.0254 0.2192 0.0366 0.1057 0.0266 0.3685 0.0276 0.0540 0.0621 0.0424 
     D244115  1 0.0232 0.0532 0.1382 0.2033 0.0290 0.0312 0.0470 0.0490 0.1862 0.0464 0.1933 
     D267365  1 0.0293 0.0447 0.0783 0.0375 0.1728 0.0448 0.0359 0.0828 0.1389 0.0454 0.2897 
        D404  1 0.0465 0.0388 0.0434 0.0584 0.0224 0.0876 0.0379 0.0206 0.1634 0.4549 0.0261 
        D405  1 0.0666 0.0473 0.0675 0.0719 0.0418 0.0439 0.0595 0.0251 0.0414 0.4485 0.0864 
        D406  1 0.0180 0.0127 0.0313 0.2515 0.0192 0.0368 0.0291 0.4731 0.0357 0.0253 0.0674 
        D407  1 0.0820 0.0561 0.0931 0.0199 0.0152 0.0171 0.0351 0.0859 0.0204 0.0174 0.5579 
        D408  1 0.0150 0.3032 0.0519 0.0537 0.1101 0.0314 0.0173 0.0205 0.2910 0.0459 0.0599 
        D409  1 0.0443 0.1026 0.2158 0.2966 0.0379 0.0323 0.0326 0.0800 0.0400 0.0447 0.0731 
        D410  1 0.0112 0.0252 0.0266 0.7709 0.0132 0.0311 0.0208 0.0144 0.0237 0.0185 0.0445 
        D421  1 0.0205 0.0169 0.0158 0.0087 0.0141 0.0106 0.0142 0.0108 0.0179 0.0082 0.8624 
        D422  1 0.0221 0.0284 0.0530 0.0275 0.0238 0.0149 0.0468 0.7031 0.0142 0.0131 0.0532 
        D423  1 0.0481 0.0170 0.0448 0.6506 0.0142 0.0158 0.0468 0.0466 0.0170 0.0199 0.0792 
        D424  1 0.0168 0.0310 0.1089 0.0157 0.0120 0.0185 0.0596 0.0467 0.0304 0.0195 0.6408 
        D425  1 0.0221 0.0500 0.1395 0.1162 0.0390 0.0237 0.1462 0.0287 0.0813 0.1178 0.2354 
        D426  1 0.0258 0.1561 0.4162 0.0860 0.1105 0.0191 0.0398 0.0697 0.0220 0.0123 0.0425 
        D427  1 0.3378 0.0372 0.0239 0.0130 0.0191 0.0141 0.0162 0.0238 0.1364 0.0120 0.3666 
        D428  1 0.0369 0.0601 0.1663 0.0848 0.0314 0.0727 0.0266 0.0562 0.1298 0.0849 0.2504 
        D429  1 0.0259 0.0206 0.0627 0.0288 0.0556 0.0331 0.1075 0.0250 0.0922 0.0922 0.4563 
        D430  1 0.0586 0.0502 0.1398 0.0408 0.0919 0.0240 0.1273 0.0352 0.1018 0.2404 0.0899 
        D491  1 0.0116 0.0904 0.0332 0.0356 0.0317 0.0256 0.0136 0.0258 0.5837 0.0375 0.1113 
        D492  1 0.0389 0.0268 0.1444 0.0519 0.0219 0.0445 0.0404 0.0669 0.1185 0.1057 0.3402 
        D537  1 0.0412 0.0677 0.0821 0.0739 0.0164 0.0660 0.1755 0.0485 0.0312 0.0498 0.3476 
        D538  1 0.0728 0.0336 0.0950 0.1547 0.0293 0.0439 0.0338 0.1013 0.0690 0.2962 0.0703 
        D539  1 0.0355 0.0498 0.1104 0.0467 0.3475 0.0371 0.1483 0.0381 0.0879 0.0683 0.0304 
        D540  1 0.0196 0.3487 0.1732 0.0424 0.0437 0.0222 0.0348 0.0624 0.0262 0.0465 0.1805 
        D541  1 0.0152 0.0143 0.0159 0.0153 0.0196 0.0140 0.0165 0.0138 0.0100 0.0114 0.8539 
        D551  1 0.0778 0.0554 0.3130 0.0218 0.0894 0.0204 0.3075 0.0370 0.0249 0.0174 0.0353 
        D552  1 0.0382 0.0913 0.1061 0.1853 0.0448 0.0908 0.0462 0.0676 0.1720 0.0198 0.1378 
        D553  1 0.0107 0.0186 0.0143 0.0126 0.0126 0.0158 0.0140 0.0147 0.0139 0.0100 0.8628 
        D615  1 0.0574 0.0403 0.0815 0.0672 0.0454 0.0196 0.0487 0.0286 0.0533 0.0924 0.4656 
        D616  1 0.0925 0.0435 0.1453 0.1200 0.0607 0.0226 0.0626 0.0683 0.0440 0.0293 0.3111 
        D621  1 0.0223 0.0466 0.0491 0.2193 0.0247 0.3482 0.0394 0.1358 0.0697 0.0311 0.0140 
        D622  1 0.0230 0.0534 0.0565 0.2297 0.0320 0.0383 0.1216 0.3543 0.0359 0.0264 0.0290 
        D623  1 0.1540 0.0281 0.0726 0.0863 0.0400 0.1778 0.0214 0.0204 0.1936 0.1850 0.0210 
        D624  1 0.0132 0.0216 0.0814 0.0153 0.0240 0.0104 0.0264 0.0392 0.7167 0.0197 0.0319 
        D625  1 0.0164 0.0336 0.0554 0.0500 0.0237 0.0453 0.0411 0.0550 0.0598 0.0249 0.5948 
        D626  1 0.0282 0.2195 0.0631 0.0742 0.0383 0.0225 0.1284 0.1128 0.2273 0.0432 0.0425 
        D627  1 0.0195 0.0682 0.3596 0.0634 0.1485 0.0226 0.0416 0.0911 0.0362 0.0254 0.1239 
        D690  1 0.0101 0.0210 0.0197 0.0414 0.0114 0.0214 0.0157 0.0282 0.0367 0.0116 0.7827 
        D691  1 0.0199 0.0199 0.0298 0.1223 0.0315 0.0241 0.2029 0.4411 0.0355 0.0145 0.0586 
        D710  1 0.0423 0.0752 0.1295 0.0698 0.0318 0.1437 0.0274 0.1085 0.1024 0.0437 0.2258 
        D711  1 0.0197 0.0118 0.0255 0.0238 0.0154 0.0297 0.0256 0.0280 0.0201 0.0444 0.7560 
        D712  1 0.0325 0.0669 0.0598 0.0304 0.0581 0.0475 0.0289 0.0745 0.5129 0.0606 0.0281 
        D713  1 0.0188 0.0655 0.1279 0.0840 0.0293 0.1402 0.1173 0.0665 0.1273 0.1431 0.0802 
        D746  1 0.0312 0.0365 0.0337 0.1127 0.0193 0.0250 0.0485 0.5637 0.0331 0.0149 0.0814 
        D747  1 0.0154 0.0103 0.0171 0.0116 0.0196 0.0211 0.0141 0.0133 0.0158 0.0158 0.8459 
        D748  1 0.0179 0.0619 0.0620 0.1109 0.0236 0.0461 0.3552 0.1371 0.0277 0.0243 0.1333 
        D749  1 0.0387 0.0234 0.2723 0.1016 0.0308 0.0743 0.0955 0.1773 0.0891 0.0707 0.0263 
        D750  1 0.0203 0.0262 0.0456 0.0624 0.0276 0.0446 0.0369 0.0325 0.5178 0.0230 0.1632 
        D763  1 0.0933 0.1779 0.0870 0.0273 0.1639 0.1951 0.0860 0.0788 0.0174 0.0333 0.0400 
        D764  1 0.0141 0.0440 0.0612 0.0652 0.0227 0.0160 0.0219 0.0417 0.1628 0.0138 0.5365 
        D765  1 0.0137 0.0220 0.0764 0.5829 0.0346 0.0146 0.0464 0.0532 0.0811 0.0483 0.0267 
        D766  1 0.0223 0.0890 0.0492 0.4927 0.0177 0.1245 0.0723 0.0462 0.0259 0.0250 0.0351 
        D767  1 0.0790 0.0219 0.0784 0.0865 0.0267 0.1524 0.0862 0.0958 0.0335 0.2571 0.0825 
        D768  1 0.0187 0.0168 0.0352 0.0165 0.0152 0.0149 0.0357 0.0242 0.0120 0.0109 0.7999 
        D811  1 0.0143 0.3301 0.0408 0.1108 0.0265 0.0200 0.0244 0.0159 0.0526 0.3453 0.0194 
        D816  1 0.0163 0.0136 0.0196 0.0162 0.0170 0.0160 0.0169 0.0149 0.0182 0.0148 0.8365 
        D825  1 0.0168 0.0616 0.0811 0.3941 0.0243 0.0192 0.0369 0.0283 0.1104 0.1414 0.0858 
        D866  1 0.0838 0.0643 0.0773 0.0627 0.3597 0.0139 0.0440 0.0257 0.1396 0.0588 0.0701 
        D867  1 0.0472 0.0395 0.0505 0.0378 0.0192 0.1102 0.0312 0.5940 0.0212 0.0332 0.0160 
        D871  1 0.0185 0.1517 0.2594 0.1996 0.0572 0.0358 0.0348 0.0549 0.0602 0.0446 0.0834 
        D872  1 0.0449 0.0216 0.0632 0.3513 0.0210 0.0418 0.0347 0.0521 0.0423 0.2198 0.1072 
        D873  1 0.0221 0.0171 0.0327 0.7450 0.0096 0.0381 0.0127 0.0320 0.0142 0.0685 0.0081 
        D874  1 0.0160 0.0294 0.0369 0.0167 0.0232 0.6826 0.0225 0.0142 0.0650 0.0371 0.0565 
        D875  1 0.0156 0.0868 0.2235 0.4204 0.0259 0.0192 0.0472 0.0799 0.0156 0.0376 0.0284 
        D876  1 0.0251 0.0497 0.0748 0.0782 0.0542 0.0928 0.0371 0.0501 0.0906 0.0270 0.4204 
        D877  1 0.0209 0.0359 0.0676 0.0251 0.0184 0.0629 0.0290 0.0114 0.0816 0.6181 0.0291 
        D892  1 0.0154 0.0190 0.0411 0.0762 0.0261 0.0372 0.2034 0.1436 0.2005 0.0595 0.1780 
        D893  1 0.0258 0.0469 0.0559 0.0365 0.0641 0.0344 0.0693 0.0603 0.0159 0.0185 0.5725 
        D894  1 0.0221 0.0251 0.0561 0.0224 0.0224 0.0192 0.0417 0.0278 0.0316 0.0380 0.6937 
        D915  1 0.0309 0.0391 0.0561 0.1610 0.0313 0.0211 0.2560 0.0508 0.0538 0.0228 0.2770 
        D916  1 0.0102 0.0110 0.0162 0.0121 0.0096 0.0103 0.0146 0.0126 0.0130 0.0102 0.8802 
        D917  1 0.0441 0.0483 0.1320 0.0228 0.1193 0.1237 0.0384 0.0570 0.2329 0.0659 0.1156 
        D925  1 0.0191 0.0627 0.0435 0.4334 0.0326 0.0163 0.0201 0.0445 0.0943 0.0232 0.2104 
        D926  1 0.0204 0.0263 0.1717 0.0572 0.0376 0.0666 0.1054 0.0433 0.0506 0.0274 0.3936 
        D927  1 0.2181 0.0399 0.1079 0.0260 0.1304 0.0398 0.0610 0.0687 0.0565 0.0756 0.1760 
        D928  1 0.0138 0.0182 0.0242 0.0342 0.0112 0.0157 0.0132 0.0110 0.7600 0.0389 0.0596 
        D929  1 0.0216 0.0384 0.0465 0.0298 0.0223 0.3245 0.0404 0.0900 0.0535 0.2988 0.0342 
        D936  1 0.0441 0.0252 0.0641 0.0433 0.1243 0.1188 0.0584 0.0218 0.0274 0.0314 0.4413 
        D938  1 0.0161 0.0508 0.0262 0.2462 0.0178 0.0759 0.0527 0.4463 0.0230 0.0211 0.0238 
        D956  1 0.0321 0.0468 0.0897 0.0475 0.0336 0.0247 0.0465 0.0206 0.4341 0.1765 0.0480 
        D957  1 0.0231 0.0137 0.0404 0.6380 0.0212 0.0365 0.0283 0.0250 0.0280 0.0744 0.0714 
        D958  1 0.0210 0.0382 0.0524 0.4943 0.0176 0.0767 0.0361 0.0422 0.0886 0.0444 0.0885 
        D959  1 0.0623 0.0470 0.1641 0.0289 0.0118 0.0117 0.0851 0.0860 0.0228 0.0199 0.4605 
        D960  1 0.0206 0.0110 0.0653 0.2370 0.0218 0.0344 0.0625 0.4149 0.0426 0.0634 0.0264 
        D989  1 0.0719 0.0395 0.0630 0.0223 0.0867 0.0256 0.0338 0.0403 0.5246 0.0489 0.0434 
        D990  1 0.0207 0.0138 0.0805 0.5203 0.1473 0.0147 0.0382 0.0924 0.0443 0.0143 0.0136 
        D023  2 0.0164 0.0171 0.0306 0.0128 0.0114 0.0145 0.0112 0.8171 0.0150 0.0099 0.0440 
        D130  2 0.0517 0.0261 0.0283 0.0857 0.0160 0.0197 0.0382 0.5121 0.0153 0.1265 0.0804 
        D131  2 0.0311 0.1790 0.2320 0.0900 0.0739 0.0459 0.0440 0.0360 0.0369 0.0283 0.2030 
        D163  2 0.0131 0.0252 0.0586 0.0424 0.0337 0.0464 0.0705 0.5987 0.0324 0.0235 0.0554 
        D164  2 0.5172 0.0218 0.0184 0.3441 0.0116 0.0171 0.0135 0.0207 0.0111 0.0152 0.0093 
        D165  2 0.0225 0.0307 0.0286 0.0161 0.0204 0.0260 0.0152 0.7714 0.0186 0.0124 0.0380 
        D166  2 0.0362 0.0592 0.1262 0.0530 0.0343 0.0509 0.0704 0.0548 0.0150 0.4728 0.0272 
        D167  2 0.7617 0.0131 0.0186 0.0155 0.0218 0.0110 0.0125 0.0122 0.0260 0.0925 0.0150 
        D192  2 0.8452 0.0159 0.0196 0.0126 0.0199 0.0182 0.0113 0.0119 0.0177 0.0194 0.0082 
        D193  2 0.0245 0.0166 0.0651 0.0484 0.0365 0.0346 0.1668 0.0178 0.0524 0.5185 0.0186 
        D206  2 0.3009 0.2878 0.0875 0.0370 0.0248 0.0271 0.1082 0.0484 0.0174 0.0243 0.0367 
        D207  2 0.4661 0.0329 0.0690 0.0231 0.0466 0.0214 0.0554 0.0189 0.0205 0.2139 0.0323 
        D208  2 0.0631 0.2238 0.0811 0.0266 0.2056 0.0386 0.0941 0.0486 0.1234 0.0481 0.0470 
        D209  2 0.3644 0.0622 0.1850 0.0399 0.0318 0.1398 0.0294 0.0441 0.0265 0.0436 0.0333 
        D210  2 0.0683 0.0268 0.0569 0.0232 0.1856 0.0360 0.0665 0.0199 0.4311 0.0299 0.0558 
     D229599  2 0.0502 0.0376 0.1410 0.0573 0.2162 0.1202 0.0510 0.1033 0.0464 0.0384 0.1383 
     D229600  2 0.3250 0.0213 0.0660 0.0993 0.0262 0.0260 0.0462 0.2750 0.0202 0.0653 0.0296 
     D237227  2 0.0482 0.0356 0.0768 0.2075 0.1176 0.0204 0.0208 0.0590 0.3250 0.0244 0.0647 
     D237228  2 0.0478 0.0239 0.0783 0.5724 0.0607 0.0179 0.0297 0.0183 0.0950 0.0391 0.0170 
     D237258  2 0.1599 0.1165 0.1314 0.0597 0.1004 0.0613 0.0301 0.1251 0.0749 0.0728 0.0679 
     D237310  2 0.0320 0.0228 0.0272 0.6589 0.0210 0.0192 0.0304 0.0186 0.0256 0.1336 0.0108 
     D237311  2 0.1273 0.0235 0.0276 0.6480 0.0205 0.0143 0.0326 0.0307 0.0245 0.0397 0.0112 
     D237312  2 0.0203 0.0439 0.0586 0.3353 0.0183 0.0509 0.1702 0.0656 0.0365 0.1775 0.0229 
     D237313  2 0.0246 0.2417 0.1561 0.1335 0.0893 0.0658 0.0794 0.0441 0.0572 0.0344 0.0739 
     D237322  2 0.0575 0.0635 0.1754 0.0980 0.1980 0.0983 0.0833 0.0228 0.0639 0.1112 0.0279 
     D237323  2 0.0224 0.0166 0.0323 0.6304 0.0388 0.0249 0.0217 0.0486 0.0925 0.0572 0.0146 
     D237324  2 0.1710 0.0185 0.3610 0.0562 0.0913 0.0347 0.0335 0.1501 0.0133 0.0221 0.0483 
     D237325  2 0.0667 0.0239 0.0484 0.4415 0.0228 0.0334 0.1768 0.0510 0.0555 0.0623 0.0177 
     D237326  2 0.0224 0.0127 0.0265 0.7484 0.0250 0.0294 0.0261 0.0265 0.0342 0.0147 0.0340 
     D237327  2 0.0861 0.0292 0.1932 0.0293 0.2808 0.0851 0.0587 0.0972 0.0308 0.0596 0.0500 
     D237337  2 0.0101 0.0199 0.0198 0.8160 0.0157 0.0174 0.0252 0.0204 0.0249 0.0175 0.0132 
     D237338  2 0.0502 0.0438 0.0941 0.2134 0.0888 0.0848 0.1701 0.1160 0.0803 0.0278 0.0306 
     D237339  2 0.1216 0.0259 0.0710 0.0208 0.0369 0.5733 0.0465 0.0174 0.0157 0.0519 0.0189 
     D237340  2 0.1384 0.0248 0.0426 0.4712 0.0365 0.0255 0.0702 0.0372 0.0834 0.0559 0.0143 
     D237389  2 0.0642 0.0196 0.0363 0.5522 0.0172 0.0330 0.0731 0.0263 0.0151 0.1473 0.0157 
     D237390  2 0.0204 0.0323 0.0383 0.4578 0.0438 0.0336 0.2183 0.0371 0.0414 0.0607 0.0162 
     D244017  2 0.2568 0.0151 0.0620 0.0330 0.0483 0.0173 0.0152 0.0404 0.1443 0.3418 0.0258 
     D244112  2 0.7767 0.0122 0.0311 0.0119 0.0133 0.0132 0.0376 0.0306 0.0183 0.0413 0.0139 
     D244118  2 0.5880 0.0106 0.0274 0.0662 0.0233 0.0230 0.0164 0.1858 0.0201 0.0278 0.0114 
     D244119  2 0.2418 0.0180 0.0210 0.0378 0.0164 0.0097 0.0149 0.0143 0.5905 0.0195 0.0160 
     D244120  2 0.2803 0.0170 0.0415 0.0241 0.1049 0.0440 0.0665 0.0203 0.0308 0.3560 0.0146 
     D244122  2 0.6225 0.0518 0.0450 0.0200 0.0199 0.0318 0.0433 0.0361 0.0361 0.0684 0.0251 
        D291  2 0.0435 0.0928 0.1558 0.0236 0.4151 0.0184 0.0319 0.0874 0.0161 0.0593 0.0561 
        D292  2 0.1431 0.0335 0.0705 0.0723 0.2718 0.0316 0.0316 0.0212 0.0489 0.0634 0.2121 
        D293  2 0.5467 0.0160 0.0644 0.0132 0.0410 0.1191 0.0685 0.0124 0.0174 0.0176 0.0839 
        D322  2 0.4481 0.0184 0.0926 0.0450 0.0282 0.1730 0.0269 0.0389 0.0168 0.0291 0.0829 
        D323  2 0.0910 0.5742 0.0598 0.0304 0.0294 0.0469 0.0333 0.0201 0.0234 0.0732 0.0183 
        D324  2 0.0357 0.1107 0.1499 0.1151 0.2418 0.0310 0.0618 0.0740 0.0488 0.0188 0.1124 
        D325  2 0.7266 0.0153 0.0289 0.0173 0.0470 0.0313 0.0518 0.0188 0.0115 0.0141 0.0375 
        D326  2 0.0124 0.0221 0.0213 0.0128 0.0212 0.0164 0.0153 0.0125 0.0293 0.0123 0.8244 
        D340  2 0.8130 0.0150 0.0203 0.0181 0.0251 0.0232 0.0193 0.0114 0.0215 0.0133 0.0199 
        D341  2 0.4301 0.0609 0.0457 0.0473 0.0481 0.0272 0.2391 0.0185 0.0350 0.0266 0.0214 
        D342  2 0.5143 0.0468 0.0859 0.0508 0.0201 0.0205 0.1066 0.0767 0.0151 0.0426 0.0207 
        D343  2 0.8790 0.0093 0.0120 0.0083 0.0141 0.0142 0.0161 0.0113 0.0095 0.0082 0.0181 
        D344  2 0.0355 0.0208 0.0877 0.0351 0.0282 0.4224 0.0473 0.0149 0.0185 0.2005 0.0891 
        D345  2 0.0444 0.0813 0.1093 0.2200 0.0546 0.2681 0.0207 0.0582 0.0326 0.0296 0.0812 
        D346  2 0.0431 0.4222 0.0509 0.0290 0.0341 0.0314 0.0277 0.0155 0.2751 0.0279 0.0431 
        D351  2 0.0402 0.0716 0.1553 0.0749 0.1248 0.0611 0.1094 0.0627 0.0264 0.0612 0.2123 
        D352  2 0.0346 0.0378 0.0903 0.0414 0.0298 0.6185 0.0247 0.0235 0.0438 0.0369 0.0187 
        D353  2 0.0264 0.0338 0.4547 0.0170 0.0234 0.1413 0.0470 0.0175 0.0137 0.0318 0.1934 
        D354  2 0.0123 0.0311 0.0313 0.0330 0.0154 0.7525 0.0159 0.0122 0.0285 0.0261 0.0417 
        D362  2 0.0262 0.0276 0.0343 0.0266 0.0182 0.0157 0.0178 0.0530 0.0223 0.0279 0.7305 
        D363  2 0.0176 0.0409 0.0401 0.0181 0.0256 0.0258 0.0156 0.0348 0.0192 0.0296 0.7326 
        D364  2 0.0269 0.0424 0.0729 0.0323 0.0201 0.3936 0.0284 0.0193 0.0341 0.0348 0.2953 
        D365  2 0.8369 0.0135 0.0157 0.0149 0.0151 0.0270 0.0150 0.0105 0.0238 0.0119 0.0158 
        D369  2 0.0957 0.1382 0.0959 0.1089 0.1128 0.0180 0.0415 0.0398 0.1062 0.0371 0.2060 
        D374  2 0.0146 0.0214 0.0274 0.0580 0.0244 0.0157 0.0244 0.0110 0.2537 0.5326 0.0167 
        D375  2 0.0126 0.0253 0.0304 0.0139 0.0118 0.7880 0.0233 0.0182 0.0143 0.0494 0.0130 
        D376  2 0.0258 0.0261 0.0691 0.0473 0.0359 0.0625 0.0431 0.0172 0.3625 0.2879 0.0224 
        D377  2 0.0387 0.4976 0.0422 0.1503 0.0308 0.0375 0.0645 0.0266 0.0427 0.0553 0.0137 
        D378  2 0.2235 0.0931 0.1161 0.0260 0.0464 0.2264 0.0333 0.0903 0.0215 0.0138 0.1095 
        D379  2 0.0220 0.1570 0.0691 0.0273 0.0228 0.0534 0.0847 0.0169 0.0312 0.0290 0.4866 
        D384  2 0.0133 0.0344 0.0304 0.0208 0.0162 0.0145 0.0219 0.0110 0.0413 0.0119 0.7842 
        D385  2 0.6651 0.0347 0.0260 0.0179 0.0156 0.1184 0.0292 0.0147 0.0322 0.0261 0.0200 
        D386  2 0.0550 0.0517 0.0801 0.0202 0.0192 0.5931 0.0257 0.0584 0.0170 0.0350 0.0447 
        D391  2 0.6785 0.0365 0.0224 0.0200 0.0202 0.1212 0.0241 0.0165 0.0189 0.0216 0.0201 
        D392  2 0.5145 0.0393 0.0636 0.1349 0.0345 0.0259 0.0150 0.0403 0.0368 0.0309 0.0642 
        D393  2 0.0818 0.1617 0.0653 0.0395 0.1204 0.2571 0.0587 0.0471 0.0207 0.0166 0.1311 
        D394  2 0.0676 0.0202 0.1303 0.1971 0.0432 0.1530 0.0774 0.1279 0.0370 0.0689 0.0774 
        D395  2 0.3491 0.0209 0.0795 0.0204 0.0410 0.3761 0.0242 0.0241 0.0158 0.0360 0.0128 
        D401  2 0.0248 0.0511 0.0274 0.7785 0.0184 0.0097 0.0141 0.0130 0.0227 0.0255 0.0148 
        D402  2 0.6778 0.0586 0.0262 0.0247 0.0476 0.0787 0.0197 0.0129 0.0156 0.0210 0.0172 
        D403  2 0.0286 0.0402 0.3100 0.0226 0.0206 0.0872 0.1233 0.0592 0.0195 0.0742 0.2147 
        D415  2 0.0203 0.0264 0.1299 0.1374 0.0179 0.0252 0.0589 0.0285 0.0144 0.0199 0.5212 
        D435  2 0.1021 0.0171 0.0305 0.0248 0.0474 0.0386 0.0386 0.0203 0.0171 0.0147 0.6488 
        D436  2 0.0258 0.0168 0.0577 0.0330 0.0244 0.2772 0.3643 0.0298 0.0431 0.0762 0.0515 
        D438  2 0.8461 0.0328 0.0149 0.0109 0.0137 0.0132 0.0153 0.0133 0.0182 0.0119 0.0097 
        D439  2 0.0595 0.0537 0.0766 0.0228 0.0285 0.5927 0.0194 0.0682 0.0133 0.0166 0.0487 
        D449  2 0.4193 0.0527 0.1610 0.0230 0.0201 0.0254 0.1595 0.0246 0.0243 0.0216 0.0684 
        D450  2 0.0220 0.1027 0.1267 0.0380 0.0914 0.2133 0.0772 0.0572 0.1123 0.0556 0.1036 
        D456  2 0.0106 0.0257 0.0252 0.0122 0.0214 0.0195 0.0190 0.0154 0.0201 0.0123 0.8186 
        D462  2 0.7275 0.0154 0.0266 0.0131 0.0212 0.0937 0.0188 0.0193 0.0125 0.0167 0.0353 
        D463  2 0.0110 0.0359 0.0408 0.0184 0.0131 0.0304 0.0204 0.0110 0.0374 0.0186 0.7631 
        D464  2 0.0749 0.0410 0.2568 0.0224 0.0159 0.3620 0.0411 0.0202 0.0299 0.0951 0.0408 
        D465  2 0.4416 0.0596 0.0575 0.1276 0.0321 0.0206 0.0302 0.0262 0.0202 0.0310 0.1533 
        D473  2 0.0454 0.0602 0.0524 0.1400 0.0379 0.0986 0.0290 0.0600 0.4060 0.0432 0.0272 
        D474  2 0.0306 0.0330 0.0451 0.0239 0.1004 0.0270 0.0276 0.0287 0.0271 0.0117 0.6451 
        D476  2 0.0503 0.0135 0.0313 0.0176 0.0269 0.4933 0.0177 0.3016 0.0115 0.0149 0.0212 
        D477  2 0.0213 0.1191 0.0702 0.1074 0.0790 0.2620 0.0267 0.0213 0.0409 0.0201 0.2320 
        D478  2 0.0545 0.0469 0.1827 0.0404 0.0376 0.0811 0.0345 0.3093 0.0806 0.0986 0.0338 
        D480  2 0.0718 0.1144 0.0855 0.0226 0.0767 0.2853 0.0820 0.0170 0.0956 0.0420 0.1071 
        D481  2 0.0466 0.0421 0.0770 0.0675 0.0375 0.1742 0.0180 0.0852 0.0734 0.0438 0.3348 
        D482  2 0.0243 0.0695 0.0895 0.0521 0.2026 0.2797 0.0795 0.0492 0.0698 0.0650 0.0188 
        D483  2 0.7718 0.0128 0.0188 0.0154 0.0241 0.0144 0.0122 0.0221 0.0735 0.0200 0.0150 
        D484  2 0.0206 0.0232 0.0277 0.0161 0.0238 0.7584 0.0207 0.0146 0.0194 0.0646 0.0108 
        D510  2 0.0256 0.0355 0.0487 0.0369 0.1671 0.0269 0.0750 0.0215 0.4442 0.1003 0.0182 
        D511  2 0.0447 0.0546 0.0346 0.0220 0.0432 0.6696 0.0248 0.0359 0.0168 0.0204 0.0334 
        D512  2 0.1228 0.0480 0.0519 0.5687 0.0320 0.0238 0.0250 0.0329 0.0105 0.0592 0.0252 
        D513  2 0.4803 0.0990 0.0702 0.0467 0.0619 0.0216 0.0690 0.0263 0.0537 0.0314 0.0399 
        D635  2 0.0315 0.0556 0.0956 0.0253 0.0215 0.0192 0.0203 0.4407 0.0240 0.0190 0.2472 
        D636  2 0.0202 0.0577 0.0250 0.0274 0.0087 0.0169 0.0113 0.7816 0.0188 0.0112 0.0212 
        D637  2 0.1241 0.0876 0.1086 0.0387 0.0446 0.2253 0.2148 0.0255 0.0614 0.0453 0.0240 
        D658  2 0.4292 0.0180 0.0390 0.0531 0.0300 0.1942 0.0431 0.0232 0.0877 0.0592 0.0234 
        D659  2 0.0265 0.0348 0.0926 0.0163 0.0775 0.0510 0.1256 0.0436 0.0394 0.0219 0.4707 
        D677  2 0.0478 0.0965 0.0548 0.0416 0.0480 0.0245 0.4536 0.0630 0.0140 0.0654 0.0906 
        D678  2 0.5500 0.0476 0.0882 0.0282 0.0257 0.0287 0.0377 0.0295 0.0149 0.1313 0.0182 
        D679  2 0.0458 0.3347 0.1056 0.0267 0.0845 0.0478 0.0740 0.0275 0.0468 0.0201 0.1866 
        D719  2 0.1433 0.0370 0.0587 0.0725 0.1285 0.0417 0.0260 0.0135 0.3435 0.0270 0.1084 
        D720  2 0.0291 0.0546 0.0442 0.0441 0.0273 0.0218 0.0358 0.0237 0.0901 0.0181 0.6112 
        D721  2 0.0473 0.0426 0.0558 0.0175 0.0234 0.0251 0.0229 0.7006 0.0231 0.0097 0.0321 
        D722  2 0.0429 0.0656 0.0640 0.1280 0.0386 0.0250 0.0255 0.0143 0.1547 0.4245 0.0170 
        D734  2 0.0520 0.0202 0.0204 0.0132 0.0408 0.6318 0.0240 0.0123 0.1481 0.0199 0.0173 
        D735  2 0.0588 0.3883 0.1283 0.0541 0.0391 0.0688 0.0216 0.0357 0.0527 0.0295 0.1230 
        D736  2 0.0429 0.0390 0.0867 0.0493 0.3532 0.0438 0.0663 0.0306 0.2078 0.0187 0.0617 
        D737  2 0.5473 0.0149 0.0406 0.0396 0.0834 0.1056 0.0285 0.0406 0.0375 0.0456 0.0165 
        D807  2 0.0432 0.0782 0.0882 0.0560 0.1285 0.1005 0.1371 0.0445 0.1326 0.0529 0.1382 
        D808  2 0.1005 0.0276 0.1386 0.2789 0.0834 0.0423 0.0471 0.0603 0.0242 0.1003 0.0967 
        D817  2 0.0170 0.5873 0.0600 0.0309 0.0307 0.0557 0.0338 0.0216 0.0213 0.0480 0.0937 
        D818  2 0.1787 0.0424 0.1511 0.0173 0.1218 0.0351 0.1669 0.1718 0.0228 0.0321 0.0600 
        D819  2 0.0240 0.5048 0.0598 0.1233 0.0247 0.0241 0.0243 0.0398 0.0241 0.0301 0.1211 
        D820  2 0.0343 0.0172 0.0560 0.0178 0.0366 0.1157 0.1443 0.0175 0.0254 0.0204 0.5148 
        D895  2 0.0473 0.1597 0.1970 0.0496 0.0294 0.0554 0.0883 0.1111 0.0386 0.0347 0.1890 
        D896  2 0.0097 0.0115 0.0141 0.8692 0.0112 0.0108 0.0152 0.0123 0.0184 0.0168 0.0107 
        D897  2 0.4508 0.0692 0.0896 0.0400 0.0349 0.0441 0.1633 0.0259 0.0207 0.0384 0.0231 
        D898  2 0.0282 0.1486 0.1433 0.2528 0.1117 0.0485 0.0350 0.0321 0.0306 0.1239 0.0453 
        D918  2 0.0571 0.0505 0.1685 0.1566 0.0421 0.0856 0.2285 0.0850 0.0542 0.0457 0.0263 
        D919  2 0.0648 0.0210 0.1285 0.0249 0.0858 0.3682 0.0349 0.0461 0.0211 0.0776 0.1272 
        D920  2 0.0414 0.0194 0.0358 0.0575 0.0311 0.0349 0.0640 0.5475 0.0774 0.0574 0.0338 
        D923  2 0.0357 0.0463 0.0956 0.0297 0.0326 0.1008 0.0346 0.0232 0.0224 0.0337 0.5454 
        D930  2 0.0402 0.1884 0.1180 0.0664 0.0693 0.1476 0.0743 0.0194 0.0854 0.0527 0.1382 
        D931  2 0.0928 0.0583 0.0682 0.0360 0.0466 0.3003 0.0303 0.0286 0.0321 0.0495 0.2571 
        D968  2 0.7316 0.0268 0.0334 0.0190 0.0670 0.0242 0.0276 0.0109 0.0137 0.0248 0.0211 
        D969  2 0.1688 0.0590 0.1304 0.0362 0.1464 0.0518 0.0491 0.0338 0.0550 0.0615 0.2078 
        D977  2 0.7072 0.0341 0.0526 0.0140 0.0255 0.0262 0.0504 0.0229 0.0189 0.0219 0.0262 
        D978  2 0.0929 0.3700 0.1129 0.0172 0.1468 0.0280 0.0599 0.0263 0.0263 0.0967 0.0231 
        D211  3 0.0138 0.0575 0.0419 0.0101 0.0254 0.0268 0.2830 0.4359 0.0212 0.0176 0.0668 
     D229639  3 0.0368 0.0472 0.0677 0.0251 0.5459 0.0218 0.0523 0.0230 0.0639 0.0605 0.0559 
     D237212  3 0.0566 0.0874 0.1169 0.0488 0.1546 0.2111 0.1389 0.0623 0.0208 0.0306 0.0719 
     D237213  3 0.0273 0.3606 0.0673 0.1327 0.0296 0.0736 0.1507 0.0743 0.0175 0.0397 0.0266 
     D237214  3 0.0124 0.0133 0.0224 0.0180 0.0117 0.0144 0.0227 0.8347 0.0179 0.0167 0.0159 
     D237215  3 0.4070 0.0613 0.0478 0.0375 0.1345 0.0151 0.0155 0.0160 0.0699 0.1817 0.0136 
     D237216  3 0.0283 0.0916 0.4648 0.0242 0.0512 0.0326 0.1093 0.1018 0.0261 0.0279 0.0422 
     D237217  3 0.0247 0.0280 0.2091 0.0378 0.0423 0.0228 0.4268 0.1100 0.0156 0.0172 0.0657 
     D237218  3 0.0459 0.0497 0.0814 0.0197 0.2665 0.1544 0.2499 0.0285 0.0470 0.0181 0.0389 
     D237219  3 0.0214 0.1940 0.0932 0.0909 0.0998 0.0165 0.3123 0.0601 0.0609 0.0247 0.0262 
     D237382  3 0.0334 0.0473 0.0716 0.1944 0.0289 0.0280 0.0832 0.0369 0.1074 0.2899 0.0789 
     D244127  3 0.0711 0.0388 0.1074 0.4670 0.0763 0.0312 0.0872 0.0508 0.0158 0.0355 0.0189 
     D244129  3 0.0715 0.0692 0.1412 0.1673 0.0761 0.0882 0.0983 0.1129 0.0395 0.0560 0.0797 
     D244133  3 0.0648 0.5943 0.0588 0.0347 0.0237 0.0126 0.0371 0.0245 0.0703 0.0382 0.0411 
     D244134  3 0.0339 0.1267 0.0457 0.0591 0.4174 0.0207 0.0474 0.0371 0.1678 0.0207 0.0235 
     D244135  3 0.0580 0.0554 0.0269 0.0188 0.0192 0.0214 0.0681 0.6633 0.0170 0.0171 0.0349 
     D244136  3 0.0595 0.3929 0.0832 0.0404 0.0554 0.0250 0.0618 0.0296 0.1039 0.0541 0.0941 
        D416  3 0.1160 0.2825 0.1578 0.0483 0.0311 0.0390 0.1084 0.0868 0.0302 0.0264 0.0735 
        D417  3 0.0178 0.0205 0.0371 0.0324 0.0183 0.0265 0.2368 0.0192 0.0265 0.0412 0.5236 
        D419  3 0.0473 0.0997 0.1277 0.0792 0.1471 0.0305 0.2577 0.0498 0.0507 0.0240 0.0863 
        D565  3 0.0136 0.0402 0.0341 0.0202 0.0372 0.0152 0.0182 0.0157 0.7540 0.0135 0.0383 
        D566  3 0.0501 0.1630 0.0975 0.0403 0.2794 0.0184 0.0296 0.0224 0.1612 0.0592 0.0788 
        D567  3 0.0428 0.0409 0.0712 0.0607 0.0165 0.0554 0.0586 0.0624 0.0180 0.0414 0.5321 
        D568  3 0.0959 0.0371 0.1049 0.0788 0.0706 0.1473 0.2486 0.0866 0.0147 0.0433 0.0724 
        D569  3 0.0591 0.0317 0.1028 0.0235 0.0345 0.4848 0.0620 0.0760 0.0349 0.0712 0.0196 
        D573  3 0.1244 0.0256 0.0980 0.0263 0.4168 0.0318 0.0516 0.0193 0.0175 0.0267 0.1618 
        D574  3 0.0465 0.1072 0.1166 0.0718 0.0911 0.0418 0.0316 0.0380 0.2996 0.1184 0.0374 
        D575  3 0.0206 0.7798 0.0261 0.0335 0.0205 0.0172 0.0210 0.0249 0.0255 0.0117 0.0192 
        D576  3 0.4698 0.1459 0.0484 0.0145 0.0549 0.0174 0.0181 0.0370 0.0192 0.1676 0.0071 
        D577  3 0.0208 0.1510 0.0652 0.0209 0.0273 0.0488 0.0608 0.0723 0.0336 0.0466 0.4528 
        D578  3 0.0247 0.0153 0.0194 0.0299 0.0126 0.0115 0.0209 0.8172 0.0140 0.0196 0.0149 
        D579  3 0.0540 0.1002 0.0773 0.0374 0.1364 0.1311 0.1024 0.0416 0.1377 0.0264 0.1556 
        D660  3 0.5012 0.1138 0.0732 0.0450 0.0240 0.0420 0.0626 0.0384 0.0156 0.0693 0.0149 
        D661  3 0.1818 0.0435 0.1167 0.0257 0.2592 0.0780 0.1926 0.0386 0.0177 0.0240 0.0221 
        D663  3 0.0769 0.0489 0.1276 0.0193 0.4860 0.0366 0.0311 0.0344 0.0162 0.0663 0.0566 
        D664  3 0.1684 0.2146 0.1021 0.0675 0.0338 0.0200 0.1914 0.0932 0.0477 0.0450 0.0164 
        D665  3 0.0302 0.1995 0.1728 0.0664 0.0300 0.0796 0.0654 0.1749 0.0131 0.1536 0.0144 
        D666  3 0.0209 0.5753 0.0448 0.1047 0.0337 0.0201 0.0775 0.0270 0.0444 0.0161 0.0355 
        D009  4 0.0169 0.0286 0.1392 0.0642 0.0418 0.1059 0.1745 0.1874 0.0246 0.0825 0.1344 
        D057  4 0.1218 0.0108 0.0378 0.0149 0.1159 0.3158 0.0595 0.2318 0.0326 0.0334 0.0257 
        D109  4 0.0186 0.1483 0.1549 0.3448 0.0334 0.0274 0.0504 0.0698 0.0590 0.0467 0.0467 
     D237222  4 0.0238 0.0156 0.0432 0.0334 0.0291 0.0342 0.0512 0.5015 0.1331 0.1002 0.0346 
     D237223  4 0.0303 0.0173 0.0425 0.0466 0.0431 0.0386 0.6391 0.0288 0.0653 0.0305 0.0180 
     D237224  4 0.1765 0.0867 0.0854 0.0320 0.1567 0.2011 0.0385 0.0531 0.0252 0.0350 0.1097 
     D237225  4 0.0258 0.0623 0.2628 0.0455 0.0690 0.0589 0.2382 0.0994 0.0477 0.0481 0.0424 
     D237299  4 0.0224 0.0407 0.1672 0.2154 0.0721 0.0227 0.2793 0.0218 0.0350 0.1055 0.0179 
     D237300  4 0.0372 0.1008 0.0518 0.0193 0.6421 0.0218 0.0413 0.0203 0.0224 0.0269 0.0161 
     D237306  4 0.0166 0.0179 0.0644 0.0685 0.0342 0.0366 0.2837 0.0229 0.3345 0.0754 0.0453 
     D237307  4 0.0451 0.1359 0.0952 0.0319 0.0603 0.0155 0.0663 0.0365 0.1587 0.0659 0.2888 
     D237308  4 0.3748 0.0450 0.0741 0.0863 0.0445 0.1581 0.0524 0.0392 0.0667 0.0348 0.0240 
     D237309  4 0.0395 0.0401 0.2607 0.0629 0.0704 0.0907 0.0995 0.1005 0.0266 0.0800 0.1290 
     D237317  4 0.0235 0.0415 0.2200 0.0384 0.0569 0.0319 0.0332 0.0777 0.3101 0.0530 0.1138 
     D237318  4 0.0452 0.0400 0.0457 0.0176 0.7142 0.0134 0.0243 0.0172 0.0162 0.0314 0.0349 
     D237319  4 0.0432 0.0378 0.1271 0.1666 0.0450 0.0253 0.2377 0.0701 0.0324 0.1731 0.0417 
     D237320  4 0.0433 0.0198 0.0373 0.0493 0.0566 0.0196 0.6609 0.0463 0.0215 0.0199 0.0254 
     D237321  4 0.0904 0.0854 0.0713 0.0435 0.4824 0.0166 0.0353 0.0381 0.0395 0.0337 0.0638 
     D237397  4 0.0420 0.0259 0.0630 0.0367 0.0768 0.0201 0.5381 0.0309 0.0938 0.0443 0.0285 
     D237398  4 0.0291 0.0555 0.0985 0.0179 0.5405 0.0633 0.0657 0.0249 0.0147 0.0311 0.0588 
     D237399  4 0.0303 0.0300 0.0695 0.0718 0.2485 0.0388 0.1676 0.0834 0.1421 0.0533 0.0646 
     D244001  4 0.1288 0.0151 0.0754 0.0351 0.0344 0.0609 0.1527 0.2893 0.0286 0.1537 0.0259 
        D289  4 0.0560 0.0293 0.0848 0.0269 0.1011 0.2565 0.1198 0.0491 0.1966 0.0181 0.0618 
        D290  4 0.0243 0.0156 0.0513 0.0252 0.0564 0.0259 0.0344 0.0334 0.0185 0.6520 0.0630 
        D294  4 0.0270 0.0534 0.1687 0.0245 0.0652 0.2588 0.0717 0.0488 0.0411 0.1237 0.1171 
        D295  4 0.0253 0.0690 0.0596 0.0916 0.0458 0.0534 0.4167 0.0325 0.0372 0.0747 0.0942 
        D301  4 0.0312 0.0333 0.0483 0.0830 0.1155 0.0223 0.0714 0.3781 0.0488 0.1504 0.0177 
        D302  4 0.0104 0.0245 0.0379 0.0149 0.0152 0.7306 0.0361 0.0308 0.0127 0.0509 0.0359 
        D303  4 0.0564 0.0421 0.0582 0.0776 0.0337 0.0822 0.0442 0.0227 0.5036 0.0453 0.0340 
        D304  4 0.0239 0.0580 0.1135 0.0194 0.1911 0.0286 0.0415 0.0491 0.0623 0.3496 0.0631 
        D305  4 0.0917 0.0261 0.3490 0.0297 0.0470 0.2405 0.0814 0.0367 0.0121 0.0695 0.0163 
        D306  4 0.0144 0.0135 0.0904 0.0298 0.0243 0.0250 0.0280 0.0440 0.0270 0.6702 0.0335 
        D307  4 0.0208 0.0329 0.0409 0.0290 0.0508 0.0416 0.0251 0.6449 0.0732 0.0258 0.0150 
        D327  4 0.0400 0.0707 0.0753 0.0262 0.0372 0.0363 0.0769 0.0316 0.0627 0.0448 0.4983 
        D328  4 0.0262 0.0425 0.0498 0.0655 0.0390 0.3222 0.1700 0.0233 0.1164 0.1278 0.0173 
        D329  4 0.0829 0.0195 0.1911 0.0679 0.0793 0.2791 0.0622 0.0461 0.0427 0.0623 0.0669 
        D330  4 0.0508 0.0316 0.1274 0.1291 0.0132 0.0741 0.2400 0.0857 0.0137 0.0590 0.1752 
        D331  4 0.0276 0.0637 0.0825 0.0683 0.1814 0.0255 0.0250 0.0424 0.0536 0.2978 0.1322 
        D333  4 0.0693 0.0268 0.0846 0.0594 0.0785 0.1558 0.2193 0.0483 0.0800 0.1131 0.0648 
        D334  4 0.0172 0.0362 0.0534 0.0236 0.0442 0.0472 0.0437 0.0752 0.5551 0.0305 0.0736 
        D335  4 0.0492 0.0575 0.0579 0.0358 0.0252 0.5020 0.0325 0.0252 0.0258 0.1174 0.0717 
        D370  4 0.0372 0.0574 0.0618 0.2666 0.0209 0.0508 0.0315 0.0290 0.0380 0.3756 0.0314 
        D371  4 0.0260 0.0559 0.0334 0.0227 0.0248 0.0210 0.0200 0.0128 0.5939 0.0344 0.1550 
        D372  4 0.0627 0.0306 0.1210 0.0278 0.4908 0.0153 0.0217 0.0121 0.0247 0.1825 0.0108 
        D373  4 0.0473 0.0556 0.0605 0.0181 0.0828 0.0359 0.0219 0.5955 0.0183 0.0227 0.0413 
        D455  4 0.0278 0.0158 0.0215 0.0237 0.0474 0.0633 0.0169 0.6952 0.0221 0.0393 0.0272 
        D490  4 0.0119 0.0190 0.0178 0.0163 0.0153 0.0135 0.0634 0.7769 0.0232 0.0219 0.0209 
        D497  4 0.0213 0.0442 0.0396 0.0305 0.0269 0.0607 0.0834 0.6325 0.0199 0.0277 0.0133 
        D498  4 0.0276 0.0464 0.0889 0.1280 0.0812 0.0204 0.0341 0.0363 0.0655 0.4186 0.0529 
        D499  4 0.1525 0.1556 0.1755 0.0557 0.0886 0.1041 0.0574 0.0158 0.1045 0.0690 0.0213 
        D514  4 0.0228 0.1100 0.1117 0.0509 0.0467 0.1185 0.0364 0.0563 0.0143 0.1846 0.2479 
        D515  4 0.0222 0.0273 0.0346 0.0398 0.0174 0.0297 0.7002 0.0294 0.0217 0.0493 0.0282 
        D516  4 0.0596 0.2159 0.0762 0.0965 0.0654 0.0216 0.2687 0.0544 0.0365 0.0433 0.0618 
        D517  4 0.0358 0.0159 0.1414 0.0332 0.0553 0.0283 0.1042 0.4910 0.0174 0.0175 0.0600 
        D518  4 0.0466 0.0157 0.0447 0.0264 0.0217 0.4953 0.0593 0.1405 0.0794 0.0524 0.0180 
        D519  4 0.0198 0.0157 0.0167 0.0179 0.0263 0.0154 0.8194 0.0205 0.0165 0.0111 0.0206 
        D560  4 0.0317 0.0124 0.0467 0.0233 0.0339 0.0253 0.7043 0.0188 0.0147 0.0250 0.0638 
        D561  4 0.0476 0.0384 0.2544 0.1582 0.0325 0.0617 0.0442 0.1839 0.0158 0.0553 0.1079 
        D562  4 0.0734 0.0317 0.1149 0.0387 0.0724 0.0811 0.0650 0.2911 0.0510 0.1429 0.0379 
        D563  4 0.4015 0.0819 0.1037 0.0336 0.0536 0.1436 0.0368 0.0605 0.0154 0.0430 0.0263 
        D572  4 0.0352 0.0177 0.0307 0.0223 0.0219 0.6490 0.0438 0.0597 0.0273 0.0443 0.0480 
        D629  4 0.0240 0.3111 0.0742 0.0180 0.0494 0.0595 0.0572 0.2221 0.0184 0.0165 0.1495 
        D630  4 0.0258 0.0243 0.0920 0.0290 0.0631 0.0649 0.3126 0.1406 0.0431 0.1480 0.0566 
        D631  4 0.1058 0.0192 0.0466 0.0222 0.0485 0.5767 0.0817 0.0350 0.0179 0.0283 0.0181 
        D632  4 0.1528 0.0645 0.0555 0.1310 0.0157 0.2751 0.0248 0.1906 0.0159 0.0240 0.0499 
        D646  4 0.0246 0.0151 0.0475 0.0819 0.0257 0.0309 0.6683 0.0175 0.0180 0.0238 0.0468 
        D647  4 0.0551 0.0218 0.0542 0.1129 0.0469 0.0553 0.2294 0.0672 0.0105 0.0843 0.2624 
        D648  4 0.0260 0.0463 0.0303 0.0190 0.0125 0.3842 0.0421 0.0168 0.0453 0.3639 0.0135 
        D649  4 0.0182 0.0773 0.0683 0.2630 0.0343 0.1897 0.0346 0.0401 0.0224 0.0206 0.2316 
        D650  4 0.0224 0.1028 0.0967 0.0802 0.0699 0.0968 0.2018 0.0763 0.0930 0.0392 0.1208 
        D708  4 0.0260 0.1398 0.1396 0.0443 0.0876 0.2067 0.0998 0.0302 0.1499 0.0481 0.0280 
        D709  4 0.0201 0.0486 0.0582 0.1475 0.0188 0.0325 0.0310 0.0166 0.0271 0.5834 0.0162 
        D738  4 0.0149 0.0175 0.0487 0.1053 0.0376 0.0218 0.2435 0.0421 0.3850 0.0335 0.0500 
        D739  4 0.0256 0.0360 0.0961 0.0295 0.0431 0.0491 0.1479 0.3661 0.0274 0.1560 0.0234 
        D740  4 0.0693 0.0760 0.1989 0.1503 0.1010 0.0824 0.0901 0.0465 0.1268 0.0336 0.0252 
        D741  4 0.0387 0.0180 0.0375 0.0306 0.0218 0.0153 0.7554 0.0186 0.0123 0.0187 0.0332 
        D742  4 0.2010 0.0288 0.1149 0.0366 0.1036 0.0687 0.2213 0.0650 0.0937 0.0365 0.0301 
        D743  4 0.0494 0.0365 0.0368 0.0179 0.0415 0.4230 0.0383 0.0253 0.0273 0.0263 0.2777 
        D744  4 0.0192 0.0266 0.0225 0.0176 0.0164 0.8099 0.0226 0.0187 0.0146 0.0157 0.0162 
        D745  4 0.0148 0.0325 0.0223 0.0245 0.0218 0.0236 0.7742 0.0383 0.0135 0.0167 0.0178 
        D814  4 0.1066 0.0207 0.1626 0.0101 0.0399 0.0479 0.4634 0.0631 0.0182 0.0483 0.0192 
        D815  4 0.0259 0.0455 0.0551 0.0685 0.0480 0.3492 0.0368 0.0305 0.0266 0.2357 0.0783 
        D828  4 0.0372 0.0390 0.0606 0.0301 0.0515 0.0467 0.0368 0.0222 0.0497 0.6124 0.0138 
        D845  4 0.0274 0.0276 0.0199 0.0136 0.7912 0.0213 0.0305 0.0100 0.0325 0.0109 0.0151 
        D846  4 0.1174 0.0459 0.0969 0.0234 0.0521 0.3083 0.0575 0.1483 0.0120 0.0543 0.0839 
        D847  4 0.0488 0.0332 0.0974 0.0476 0.0907 0.0464 0.0999 0.2352 0.1247 0.0747 0.1014 
        D848  4 0.0512 0.0197 0.0383 0.0186 0.1468 0.0325 0.0132 0.6243 0.0162 0.0241 0.0152 
        D849  4 0.0323 0.0366 0.0774 0.0323 0.0275 0.0447 0.4377 0.2062 0.0215 0.0556 0.0282 
        D850  4 0.0327 0.0607 0.1851 0.0340 0.1532 0.0487 0.1263 0.2108 0.0547 0.0145 0.0793 
        D856  4 0.0240 0.0504 0.2015 0.2653 0.0359 0.0637 0.0416 0.0460 0.0348 0.1874 0.0494 
        D857  4 0.0792 0.0133 0.0290 0.5486 0.0166 0.0173 0.0248 0.0256 0.0212 0.2146 0.0097 
        D859  4 0.0296 0.0208 0.0532 0.0215 0.1257 0.3896 0.2112 0.0249 0.0217 0.0466 0.0553 
        D860  4 0.0858 0.0248 0.0518 0.0288 0.2308 0.0794 0.0183 0.0262 0.3412 0.0304 0.0825 
        D883  4 0.0231 0.0713 0.0810 0.0739 0.0605 0.0693 0.1198 0.1508 0.0739 0.0849 0.1916 
        D884  4 0.0112 0.0236 0.0214 0.0310 0.0171 0.0267 0.7838 0.0163 0.0268 0.0276 0.0144 
        D885  4 0.0583 0.0814 0.1101 0.0375 0.1879 0.0409 0.3112 0.0528 0.0251 0.0154 0.0794 
        D886  4 0.0453 0.0225 0.0806 0.1539 0.0301 0.0392 0.0698 0.1560 0.0225 0.2329 0.1473 
        D887  4 0.0975 0.0280 0.0883 0.0509 0.2417 0.1080 0.0908 0.0381 0.0464 0.0923 0.1180 
        D889  4 0.0101 0.0270 0.0678 0.0130 0.5371 0.0453 0.0515 0.0153 0.0168 0.1915 0.0246 
        D890  4 0.0610 0.4424 0.0648 0.0891 0.0398 0.0628 0.0219 0.0526 0.0605 0.0791 0.0259 
        D891  4 0.0120 0.0164 0.0198 0.0099 0.8831 0.0095 0.0106 0.0083 0.0092 0.0092 0.0120 
        D899  4 0.3731 0.0466 0.0671 0.0250 0.1781 0.0768 0.0308 0.0296 0.0797 0.0696 0.0236 
        D900  4 0.0790 0.0414 0.1446 0.0615 0.0646 0.0996 0.0624 0.0904 0.0564 0.1757 0.1246 
        D970  4 0.0679 0.0439 0.1064 0.0345 0.1128 0.2919 0.0326 0.0756 0.0487 0.0316 0.1541 
        D971  4 0.3848 0.0694 0.0738 0.0812 0.0260 0.1525 0.0190 0.0297 0.0496 0.0610 0.0528 
        D979  4 0.0352 0.1092 0.0779 0.0263 0.0337 0.3745 0.0535 0.0289 0.0398 0.0957 0.1255 
        D093  5 0.0205 0.0218 0.0381 0.0206 0.0496 0.0214 0.0928 0.0201 0.6365 0.0402 0.0385 
        D154  5 0.0729 0.3014 0.1329 0.0257 0.0977 0.0336 0.2071 0.0123 0.0340 0.0629 0.0195 
        D168  5 0.1317 0.2227 0.1016 0.0279 0.0849 0.0333 0.1917 0.0867 0.0152 0.0599 0.0445 
        D189  5 0.0258 0.0285 0.0641 0.0295 0.1708 0.0272 0.1160 0.0251 0.2154 0.2615 0.0362 
        D190  5 0.0252 0.1814 0.0283 0.0327 0.0344 0.0542 0.0500 0.0144 0.5197 0.0336 0.0261 
     D237220  5 0.0191 0.0178 0.0925 0.1175 0.1655 0.0642 0.1453 0.1763 0.1205 0.0589 0.0223 
     D237221  5 0.0969 0.1423 0.0587 0.0704 0.1362 0.0645 0.0647 0.0350 0.2480 0.0322 0.0511 
     D237274  5 0.0602 0.0306 0.0594 0.1109 0.0221 0.2615 0.0857 0.0227 0.0159 0.0699 0.2612 
     D237275  5 0.3801 0.0403 0.0705 0.0555 0.0930 0.0137 0.0186 0.0237 0.0251 0.2650 0.0147 
     D237276  5 0.0268 0.0480 0.0545 0.0663 0.0254 0.0346 0.4919 0.0344 0.1087 0.0725 0.0371 
     D237277  5 0.0416 0.2021 0.0501 0.0322 0.0958 0.0443 0.0487 0.0140 0.4183 0.0313 0.0218 
     D237278  5 0.2945 0.0271 0.0845 0.0922 0.0280 0.0695 0.0305 0.0612 0.1779 0.0526 0.0820 
     D237279  5 0.0166 0.2119 0.2078 0.2609 0.0374 0.0717 0.0250 0.0784 0.0201 0.0134 0.0566 
     D237280  5 0.0180 0.1847 0.1064 0.2739 0.0266 0.0589 0.0431 0.1127 0.0614 0.0457 0.0686 
     D237281  5 0.1181 0.0198 0.1071 0.0204 0.5225 0.0284 0.0762 0.0162 0.0215 0.0256 0.0444 
     D237351  5 0.0145 0.3767 0.0289 0.3771 0.0241 0.0174 0.0649 0.0230 0.0424 0.0146 0.0165 
     D237352  5 0.0697 0.1582 0.0711 0.0445 0.0232 0.1909 0.0409 0.2545 0.0513 0.0573 0.0385 
     D237353  5 0.0198 0.2308 0.0296 0.0424 0.0577 0.0317 0.0229 0.0127 0.5164 0.0224 0.0137 
     D237359  5 0.0247 0.0400 0.0741 0.0424 0.2123 0.0590 0.2289 0.1670 0.0483 0.0640 0.0392 
     D237361  5 0.0193 0.0321 0.0289 0.0367 0.0207 0.0160 0.0185 0.0140 0.7643 0.0308 0.0187 
     D237362  5 0.0212 0.7837 0.0234 0.0193 0.0235 0.0204 0.0297 0.0140 0.0290 0.0129 0.0230 
     D237363  5 0.0748 0.1243 0.5198 0.0414 0.0613 0.0199 0.0290 0.0231 0.0383 0.0478 0.0203 
     D237364  5 0.1108 0.0501 0.1177 0.0650 0.0924 0.0927 0.2085 0.0878 0.0156 0.0716 0.0876 
     D237376  5 0.0213 0.0316 0.0434 0.0278 0.0292 0.0719 0.0411 0.0125 0.0685 0.6408 0.0119 
     D237377  5 0.0423 0.3085 0.1188 0.2114 0.0253 0.0420 0.0274 0.0333 0.1112 0.0184 0.0614 
     D237378  5 0.0616 0.0511 0.0533 0.0247 0.0968 0.0698 0.0972 0.0378 0.3780 0.1063 0.0233 
     D237379  5 0.0479 0.0442 0.0962 0.0317 0.0611 0.1747 0.0921 0.0582 0.2435 0.1224 0.0281 
     D237380  5 0.0146 0.0153 0.0411 0.5077 0.0142 0.0964 0.0352 0.0181 0.0380 0.2043 0.0151 
     D237381  5 0.0592 0.0329 0.1028 0.2372 0.0434 0.1458 0.0449 0.1513 0.0494 0.1059 0.0273 
     D237391  5 0.0136 0.0261 0.0221 0.0211 0.0478 0.0202 0.0352 0.0157 0.7589 0.0126 0.0265 
     D237392  5 0.2060 0.0939 0.0633 0.1389 0.0308 0.1076 0.0581 0.0266 0.0198 0.1024 0.1528 
     D237393  5 0.0513 0.0340 0.0823 0.0821 0.0400 0.0433 0.0385 0.0543 0.1696 0.0662 0.3384 
