        D174  1 0.0264 0.1145 0.0716 0.0771 0.0824 0.0346 0.4746 0.1187 
        D199  1 0.2237 0.0467 0.0356 0.1425 0.2491 0.0539 0.1452 0.1033 
        D203  1 0.2194 0.0770 0.0969 0.1273 0.2690 0.0404 0.0720 0.0979 
        D204  1 0.0368 0.0237 0.0174 0.0258 0.7910 0.0569 0.0216 0.0269 
     D237366  1 0.0372 0.0211 0.1524 0.0465 0.0608 0.1026 0.0627 0.5168 
     D237367  1 0.0389 0.0534 0.0744 0.1555 0.3966 0.0459 0.0252 0.2101 
     D237368  1 0.0412 0.0472 0.0302 0.0612 0.0955 0.0374 0.1387 0.5486 
     D244101  1 0.1827 0.0358 0.0308 0.0646 0.1694 0.4665 0.0251 0.0252 
     D244102  1 0.0601 0.2372 0.0875 0.1968 0.0814 0.1517 0.0616 0.1237 
     D244103  1 0.0215 0.0381 0.4398 0.1176 0.1143 0.0461 0.0354 0.1872 
     D244104  1 0.0424 0.1010 0.0364 0.0240 0.6302 0.0201 0.0973 0.0486 
     D244105  1 0.0197 0.0939 0.1272 0.1231 0.1350 0.0214 0.0179 0.4618 
     D244106  1 0.0543 0.0282 0.1580 0.0677 0.0523 0.0172 0.6010 0.0214 
     D244107  1 0.0693 0.1759 0.0279 0.0742 0.0746 0.0550 0.0133 0.5099 
     D244108  1 0.0376 0.3247 0.0339 0.0730 0.0771 0.0366 0.3472 0.0699 
     D244113  1 0.0324 0.0681 0.0249 0.1119 0.0178 0.3074 0.3994 0.0380 
     D244114  1 0.0476 0.0378 0.5186 0.1540 0.0775 0.0494 0.0724 0.0426 
     D244115  1 0.0185 0.2287 0.0838 0.1176 0.1163 0.0325 0.3013 0.1013 
     D267365  1 0.0496 0.0501 0.0375 0.0785 0.3615 0.0370 0.2457 0.1401 
        D404  1 0.0425 0.0711 0.0510 0.2103 0.0280 0.2611 0.3168 0.0191 
        D405  1 0.0888 0.2064 0.0583 0.2641 0.0902 0.1664 0.0679 0.0578 
        D406  1 0.0156 0.0409 0.0215 0.0212 0.0481 0.0315 0.0340 0.7873 
        D407  1 0.0314 0.0194 0.0464 0.0778 0.6690 0.0171 0.0257 0.1132 
        D408  1 0.0382 0.1325 0.0710 0.0877 0.0566 0.0488 0.5415 0.0237 
        D409  1 0.0330 0.0630 0.4338 0.1637 0.0657 0.0286 0.0493 0.1628 
        D410  1 0.0110 0.7874 0.0186 0.0363 0.0583 0.0241 0.0254 0.0389 
        D421  1 0.0208 0.0130 0.0126 0.0161 0.8747 0.0108 0.0343 0.0177 
        D422  1 0.0203 0.0234 0.0632 0.0314 0.0637 0.0121 0.0121 0.7738 
        D423  1 0.0394 0.6269 0.0274 0.0532 0.1432 0.0204 0.0188 0.0707 
        D424  1 0.0139 0.0259 0.0375 0.0574 0.6737 0.0182 0.0380 0.1354 
        D425  1 0.0348 0.1059 0.0200 0.1438 0.5229 0.0260 0.1062 0.0404 
        D426  1 0.0659 0.0233 0.5224 0.1750 0.0427 0.0199 0.0301 0.1206 
        D427  1 0.4563 0.0206 0.0267 0.0307 0.2176 0.0170 0.1918 0.0393 
        D428  1 0.0449 0.1074 0.0263 0.0922 0.3590 0.0977 0.1494 0.1231 
        D429  1 0.0386 0.0500 0.1515 0.0552 0.3851 0.0309 0.2439 0.0448 
        D430  1 0.0737 0.0350 0.2630 0.3437 0.0807 0.0305 0.1334 0.0399 
        D491  1 0.0160 0.0763 0.0389 0.0501 0.0769 0.0225 0.6959 0.0235 
        D492  1 0.0371 0.0764 0.0913 0.1203 0.3316 0.0708 0.1346 0.1378 
        D537  1 0.0147 0.0424 0.0203 0.0387 0.7396 0.0445 0.0214 0.0784 
        D538  1 0.0554 0.1323 0.0775 0.3496 0.0544 0.0621 0.0991 0.1695 
        D539  1 0.0777 0.1208 0.3254 0.0939 0.0416 0.0779 0.1819 0.0809 
        D540  1 0.0352 0.1812 0.1594 0.2323 0.2508 0.0216 0.0462 0.0734 
        D541  1 0.0172 0.0180 0.0153 0.0200 0.8797 0.0166 0.0126 0.0207 
        D551  1 0.1119 0.0199 0.5529 0.1717 0.0685 0.0161 0.0271 0.0317 
        D552  1 0.0293 0.2976 0.0817 0.0448 0.1220 0.0405 0.2089 0.1753 
        D553  1 0.0129 0.0200 0.0264 0.0218 0.8529 0.0142 0.0187 0.0331 
        D615  1 0.0772 0.1335 0.1049 0.1327 0.3745 0.0230 0.0676 0.0864 
        D616  1 0.1497 0.0964 0.1538 0.1077 0.2475 0.0193 0.0728 0.1528 
        D621  1 0.0200 0.1258 0.0282 0.0428 0.0170 0.3683 0.0882 0.3097 
        D622  1 0.0217 0.1141 0.0813 0.0514 0.0627 0.0601 0.0411 0.5676 
        D623  1 0.1178 0.0627 0.0205 0.1006 0.0298 0.3814 0.2604 0.0270 
        D624  1 0.0151 0.0260 0.0230 0.0397 0.0271 0.0107 0.8290 0.0294 
        D625  1 0.0197 0.0474 0.0814 0.0609 0.5962 0.0645 0.0662 0.0638 
        D626  1 0.0381 0.2541 0.0790 0.0663 0.1183 0.0291 0.2946 0.1206 
        D627  1 0.0636 0.0181 0.4993 0.1526 0.0540 0.0196 0.0404 0.1524 
        D690  1 0.0093 0.0671 0.0174 0.0189 0.7661 0.0252 0.0535 0.0425 
        D691  1 0.0188 0.0427 0.0953 0.0205 0.0986 0.0220 0.0297 0.6726 
        D710  1 0.0435 0.1199 0.0339 0.1172 0.2711 0.0985 0.1624 0.1535 
        D711  1 0.0212 0.0259 0.0292 0.0372 0.7725 0.0314 0.0297 0.0530 
        D712  1 0.0410 0.0599 0.0449 0.0707 0.0337 0.0521 0.5829 0.1148 
        D713  1 0.0228 0.0659 0.0564 0.1431 0.2176 0.2964 0.1054 0.0926 
        D746  1 0.0186 0.0377 0.0336 0.0236 0.0617 0.0207 0.0208 0.7831 
        D747  1 0.0301 0.0149 0.0121 0.0169 0.8623 0.0220 0.0240 0.0176 
        D748  1 0.0190 0.0543 0.2368 0.0404 0.3054 0.0734 0.0354 0.2353 
        D749  1 0.0479 0.0778 0.1015 0.1013 0.0248 0.1169 0.1359 0.3939 
        D750  1 0.0203 0.0572 0.0373 0.0266 0.1168 0.0418 0.6582 0.0419 
        D763  1 0.1372 0.0614 0.1272 0.1296 0.1110 0.2846 0.0236 0.1253 
        D764  1 0.0198 0.0858 0.0236 0.0513 0.4054 0.0156 0.2979 0.1006 
        D765  1 0.0216 0.4040 0.0648 0.1120 0.0393 0.0152 0.1858 0.1573 
        D766  1 0.0195 0.3998 0.0385 0.0377 0.1619 0.1178 0.0396 0.1853 
        D767  1 0.0497 0.0865 0.0833 0.1738 0.1089 0.2877 0.0301 0.1799 
        D768  1 0.0175 0.0153 0.0147 0.0196 0.8884 0.0100 0.0134 0.0212 
        D811  1 0.0210 0.3384 0.0411 0.3446 0.0410 0.0400 0.1501 0.0237 
        D816  1 0.0136 0.0238 0.0171 0.0234 0.8394 0.0166 0.0259 0.0403 
        D825  1 0.0148 0.3742 0.0460 0.1742 0.1448 0.0291 0.1637 0.0532 
        D866  1 0.2811 0.1181 0.0991 0.0791 0.0451 0.0237 0.3105 0.0434 
        D867  1 0.0252 0.0336 0.0357 0.0400 0.0208 0.0805 0.0216 0.7426 
        D871  1 0.0182 0.0272 0.5848 0.1818 0.0522 0.0271 0.0336 0.0750 
        D872  1 0.0327 0.1771 0.0255 0.1344 0.3114 0.0482 0.0394 0.2314 
        D873  1 0.0144 0.8367 0.0170 0.0384 0.0081 0.0360 0.0172 0.0320 
        D874  1 0.0215 0.0159 0.0335 0.0310 0.0469 0.7511 0.0826 0.0174 
        D875  1 0.0122 0.0516 0.5543 0.1469 0.0337 0.0204 0.0185 0.1623 
        D876  1 0.0217 0.0539 0.0593 0.0619 0.4681 0.0958 0.1045 0.1348 
        D877  1 0.0264 0.0417 0.0263 0.3855 0.0337 0.3104 0.1598 0.0162 
        D892  1 0.0116 0.0209 0.0941 0.0647 0.4373 0.0398 0.1293 0.2021 
        D893  1 0.0386 0.0624 0.0605 0.0409 0.6228 0.0508 0.0179 0.1062 
        D894  1 0.0369 0.0251 0.1816 0.0895 0.5191 0.0228 0.0738 0.0512 
        D915  1 0.0227 0.1212 0.0631 0.0375 0.5975 0.0206 0.0504 0.0870 
        D916  1 0.0144 0.0165 0.0192 0.0144 0.8823 0.0122 0.0184 0.0225 
        D917  1 0.1049 0.0428 0.0346 0.1519 0.0976 0.1408 0.3599 0.0675 
        D925  1 0.0165 0.6394 0.0220 0.0299 0.1541 0.0151 0.0626 0.0604 
        D926  1 0.0258 0.0713 0.1469 0.1130 0.3846 0.0758 0.0747 0.1080 
        D927  1 0.2643 0.0361 0.0666 0.1189 0.3273 0.0531 0.0519 0.0817 
        D928  1 0.0132 0.0303 0.0101 0.0261 0.0813 0.0214 0.8041 0.0136 
        D929  1 0.0168 0.0274 0.0907 0.1140 0.0255 0.6250 0.0419 0.0586 
        D936  1 0.0620 0.0501 0.0708 0.0582 0.5355 0.1525 0.0358 0.0351 
        D938  1 0.0130 0.0684 0.0249 0.0173 0.0314 0.0571 0.0308 0.7570 
        D956  1 0.0310 0.0580 0.0680 0.0866 0.0281 0.0293 0.6820 0.0169 
        D957  1 0.0350 0.3925 0.0237 0.1140 0.1444 0.0679 0.0340 0.1885 
        D958  1 0.0170 0.1573 0.0452 0.0624 0.3110 0.0867 0.1178 0.2026 
        D959  1 0.0207 0.0154 0.0347 0.0839 0.6952 0.0110 0.0180 0.1212 
        D960  1 0.0164 0.1186 0.0373 0.0339 0.0320 0.0318 0.0529 0.6771 
        D989  1 0.0970 0.0250 0.0380 0.0618 0.0446 0.0290 0.6559 0.0488 
        D990  1 0.0619 0.6470 0.0534 0.0488 0.0187 0.0277 0.0967 0.0457 
        D023  2 0.0141 0.0194 0.0120 0.0192 0.0238 0.0163 0.0138 0.8813 
        D130  2 0.0187 0.0184 0.0600 0.0324 0.0546 0.0190 0.0141 0.7828 
        D131  2 0.0611 0.1028 0.2375 0.2091 0.2514 0.0555 0.0392 0.0434 
        D163  2 0.0143 0.0460 0.0246 0.0392 0.1006 0.0344 0.0539 0.6871 
        D164  2 0.4838 0.4069 0.0163 0.0138 0.0155 0.0158 0.0094 0.0385 
        D165  2 0.0294 0.0187 0.0214 0.0292 0.0249 0.0212 0.0166 0.8386 
        D166  2 0.0314 0.0677 0.1619 0.4855 0.0457 0.1044 0.0176 0.0860 
        D167  2 0.8427 0.0209 0.0228 0.0445 0.0141 0.0103 0.0252 0.0197 
        D192  2 0.8940 0.0146 0.0131 0.0163 0.0088 0.0198 0.0166 0.0168 
        D193  2 0.0440 0.1873 0.1241 0.2577 0.0324 0.1331 0.1817 0.0397 
        D206  2 0.1768 0.0975 0.1168 0.1351 0.2117 0.0488 0.0307 0.1824 
        D207  2 0.6161 0.0158 0.0429 0.2226 0.0346 0.0219 0.0181 0.0279 
        D208  2 0.1730 0.2023 0.0706 0.1162 0.0498 0.0693 0.2480 0.0708 
        D209  2 0.2025 0.1218 0.0853 0.1817 0.0488 0.1805 0.0275 0.1520 
        D210  2 0.1434 0.0312 0.0704 0.0263 0.0862 0.0303 0.5809 0.0313 
     D229599  2 0.0601 0.0943 0.0670 0.1427 0.2031 0.1405 0.0812 0.2111 
     D229600  2 0.2355 0.0340 0.0527 0.0807 0.0356 0.0329 0.0218 0.5068 
     D237227  2 0.0603 0.1586 0.0430 0.0646 0.0283 0.0242 0.5162 0.1048 
     D237228  2 0.0668 0.4702 0.0636 0.1311 0.0156 0.0267 0.1973 0.0287 
     D237258  2 0.2043 0.1360 0.0638 0.1986 0.0681 0.0704 0.0879 0.1707 
     D237310  2 0.0401 0.4316 0.1456 0.2414 0.0131 0.0516 0.0367 0.0399 
     D237311  2 0.1830 0.4697 0.0310 0.1589 0.0200 0.0183 0.0296 0.0893 
     D237312  2 0.0222 0.2231 0.2505 0.1988 0.0305 0.1332 0.0564 0.0854 
     D237313  2 0.0287 0.3118 0.1287 0.0961 0.1965 0.0779 0.0897 0.0707 
     D237322  2 0.0971 0.1385 0.1817 0.2325 0.0225 0.1759 0.0993 0.0525 
     D237323  2 0.0348 0.4483 0.0733 0.1205 0.0171 0.0291 0.1585 0.1184 
     D237324  2 0.2024 0.0551 0.0684 0.1424 0.0597 0.0282 0.0188 0.4249 
     D237325  2 0.0406 0.2733 0.1185 0.1213 0.0385 0.1199 0.0733 0.2147 
     D237326  2 0.0466 0.4773 0.0232 0.0606 0.0989 0.0392 0.1070 0.1470 
     D237327  2 0.3462 0.0387 0.1578 0.0993 0.0929 0.0723 0.0727 0.1201 
     D237337  2 0.0139 0.7349 0.0508 0.0727 0.0340 0.0224 0.0403 0.0309 
     D237338  2 0.0715 0.1707 0.1152 0.0841 0.0508 0.0894 0.1554 0.2627 
     D237339  2 0.1675 0.0313 0.0211 0.0556 0.0539 0.6285 0.0197 0.0224 
     D237340  2 0.1541 0.2538 0.0452 0.1317 0.0190 0.0728 0.1792 0.1443 
     D237389  2 0.0637 0.4605 0.0708 0.2867 0.0189 0.0406 0.0214 0.0374 
     D237390  2 0.0300 0.3379 0.1333 0.1878 0.0457 0.0770 0.0881 0.1001 
     D244017  2 0.2504 0.0783 0.0187 0.3429 0.0276 0.0279 0.1825 0.0717 
     D244112  2 0.7823 0.0230 0.0524 0.0689 0.0126 0.0112 0.0159 0.0338 
     D244118  2 0.4649 0.0372 0.0130 0.0256 0.0114 0.0470 0.0216 0.3794 
     D244119  2 0.2267 0.0333 0.0174 0.0246 0.0184 0.0134 0.6456 0.0207 
     D244120  2 0.4814 0.0286 0.1011 0.2049 0.0112 0.0901 0.0554 0.0273 
     D244122  2 0.6132 0.0512 0.0749 0.0747 0.0235 0.0496 0.0413 0.0716 
        D291  2 0.2675 0.0573 0.0699 0.3232 0.0712 0.0257 0.0311 0.1541 
        D292  2 0.4431 0.0964 0.0343 0.0989 0.1567 0.0444 0.0868 0.0393 
        D293  2 0.6965 0.0116 0.0170 0.0255 0.1457 0.0760 0.0114 0.0162 
        D322  2 0.4373 0.0424 0.0315 0.0888 0.1764 0.1497 0.0220 0.0521 
        D323  2 0.0886 0.2003 0.0767 0.2746 0.1024 0.1650 0.0347 0.0578 
        D324  2 0.2084 0.0875 0.1223 0.1259 0.1967 0.0313 0.0983 0.1297 
        D325  2 0.8484 0.0135 0.0327 0.0248 0.0347 0.0184 0.0102 0.0174 
        D326  2 0.0179 0.0139 0.0151 0.0195 0.8809 0.0136 0.0244 0.0147 
        D340  2 0.8664 0.0183 0.0263 0.0137 0.0203 0.0204 0.0182 0.0163 
        D341  2 0.6073 0.0637 0.1568 0.0228 0.0555 0.0343 0.0329 0.0267 
        D342  2 0.3850 0.1286 0.2080 0.0869 0.0255 0.0293 0.0188 0.1180 
        D343  2 0.9197 0.0090 0.0135 0.0093 0.0162 0.0133 0.0078 0.0113 
        D344  2 0.0448 0.0537 0.0665 0.1179 0.1417 0.5203 0.0265 0.0285 
        D345  2 0.0326 0.4308 0.0256 0.0820 0.1293 0.1395 0.0416 0.1187 
        D346  2 0.0654 0.1012 0.0952 0.0657 0.0562 0.0448 0.5351 0.0364 
        D351  2 0.0992 0.0702 0.0809 0.2501 0.2834 0.0872 0.0242 0.1049 
        D352  2 0.0341 0.0307 0.0205 0.0740 0.0149 0.7573 0.0443 0.0243 
        D353  2 0.0563 0.0337 0.0632 0.2024 0.3749 0.2167 0.0207 0.0321 
        D354  2 0.0146 0.0546 0.0216 0.0272 0.0416 0.7766 0.0411 0.0226 
        D362  2 0.0217 0.0476 0.0212 0.0464 0.7286 0.0198 0.0259 0.0889 
        D363  2 0.0236 0.0524 0.0164 0.0577 0.7397 0.0241 0.0337 0.0523 
        D364  2 0.0219 0.1216 0.0486 0.0883 0.2915 0.3389 0.0472 0.0420 
        D365  2 0.8565 0.0163 0.0154 0.0155 0.0331 0.0270 0.0243 0.0118 
        D369  2 0.2627 0.2110 0.0655 0.0839 0.1311 0.0204 0.1680 0.0573 
        D374  2 0.0228 0.1839 0.0325 0.1110 0.0196 0.0416 0.5683 0.0203 
        D375  2 0.0093 0.0200 0.0232 0.0480 0.0222 0.8446 0.0148 0.0180 
        D376  2 0.0262 0.1710 0.0377 0.0766 0.0172 0.0592 0.5921 0.0199 
        D377  2 0.0550 0.4045 0.1125 0.1626 0.0337 0.0978 0.0678 0.0661 
        D378  2 0.2359 0.0445 0.0645 0.0854 0.2003 0.2409 0.0275 0.1008 
        D379  2 0.0139 0.0266 0.0454 0.0251 0.8070 0.0317 0.0288 0.0216 
        D384  2 0.0128 0.0164 0.0131 0.0128 0.8837 0.0139 0.0355 0.0119 
        D385  2 0.6776 0.0237 0.0217 0.0397 0.0192 0.1571 0.0429 0.0179 
        D386  2 0.0402 0.0373 0.0365 0.0691 0.0650 0.6566 0.0201 0.0751 
        D391  2 0.7522 0.0264 0.0262 0.0298 0.0341 0.0969 0.0175 0.0169 
        D392  2 0.6226 0.1007 0.0274 0.0680 0.0598 0.0257 0.0472 0.0486 
        D393  2 0.1299 0.0980 0.1066 0.0635 0.2779 0.2383 0.0291 0.0565 
        D394  2 0.0672 0.1839 0.0856 0.1128 0.0844 0.1585 0.0381 0.2695 
        D395  2 0.1694 0.0198 0.0331 0.0673 0.0202 0.6315 0.0226 0.0362 
        D401  2 0.0270 0.8202 0.0153 0.0526 0.0187 0.0112 0.0352 0.0199 
        D402  2 0.8105 0.0294 0.0300 0.0211 0.0179 0.0569 0.0178 0.0162 
        D403  2 0.0276 0.0617 0.1602 0.1536 0.2722 0.1652 0.0236 0.1360 
        D415  2 0.0185 0.0787 0.1052 0.0571 0.6561 0.0242 0.0133 0.0469 
        D435  2 0.1991 0.0413 0.0562 0.0213 0.5808 0.0394 0.0157 0.0463 
        D436  2 0.0208 0.0319 0.0513 0.0831 0.1928 0.5262 0.0482 0.0456 
        D438  2 0.8798 0.0135 0.0238 0.0151 0.0144 0.0151 0.0209 0.0174 
        D439  2 0.0520 0.1000 0.0395 0.0752 0.0878 0.5305 0.0175 0.0975 
        D449  2 0.3804 0.0354 0.1819 0.1066 0.1844 0.0297 0.0227 0.0589 
        D450  2 0.0243 0.0485 0.2288 0.1765 0.0988 0.2073 0.1552 0.0606 
        D456  2 0.0111 0.0140 0.0254 0.0325 0.8619 0.0171 0.0172 0.0207 
        D462  2 0.7833 0.0132 0.0182 0.0220 0.0269 0.0963 0.0108 0.0295 
        D463  2 0.0102 0.0176 0.0195 0.0215 0.8618 0.0259 0.0288 0.0146 
        D464  2 0.0313 0.0207 0.0698 0.2255 0.0451 0.5592 0.0262 0.0222 
        D465  2 0.3831 0.0777 0.0625 0.1058 0.2813 0.0248 0.0257 0.0391 
        D473  2 0.0373 0.1248 0.0526 0.0489 0.0219 0.1797 0.4466 0.0883 
        D474  2 0.0878 0.0581 0.0441 0.0317 0.5845 0.0337 0.0730 0.0870 
        D476  2 0.0463 0.0152 0.0203 0.0275 0.0214 0.4183 0.0122 0.4388 
        D477  2 0.0320 0.2160 0.0514 0.0816 0.2659 0.2337 0.0816 0.0378 
        D478  2 0.0412 0.0339 0.0396 0.3048 0.0390 0.0927 0.0794 0.3694 
        D480  2 0.1017 0.0397 0.1835 0.0591 0.2184 0.2481 0.1252 0.0243 
        D481  2 0.0706 0.1059 0.0384 0.1130 0.1996 0.1598 0.1187 0.1940 
        D482  2 0.0331 0.1101 0.0664 0.1426 0.0172 0.4806 0.1040 0.0460 
        D483  2 0.7979 0.0288 0.0138 0.0199 0.0180 0.0215 0.0588 0.0413 
        D484  2 0.0151 0.0147 0.0143 0.0268 0.0111 0.8915 0.0147 0.0118 
        D510  2 0.0454 0.0592 0.0384 0.0609 0.0256 0.0488 0.6967 0.0251 
        D511  2 0.0669 0.0432 0.0307 0.0457 0.0881 0.6557 0.0208 0.0488 
        D512  2 0.1083 0.3682 0.1156 0.2829 0.0248 0.0363 0.0148 0.0492 
        D513  2 0.5732 0.0580 0.0685 0.0701 0.1114 0.0260 0.0614 0.0313 
        D635  2 0.0363 0.0400 0.0210 0.0970 0.2702 0.0245 0.0260 0.4850 
        D636  2 0.0104 0.0729 0.0125 0.0199 0.0203 0.0151 0.0153 0.8336 
        D637  2 0.1661 0.0871 0.2214 0.0906 0.0378 0.2942 0.0782 0.0246 
        D658  2 0.3340 0.0543 0.0630 0.0515 0.0281 0.3047 0.1276 0.0368 
        D659  2 0.0203 0.0167 0.0538 0.0230 0.7644 0.0331 0.0337 0.0549 
        D677  2 0.0621 0.0848 0.1951 0.1091 0.3368 0.0397 0.0200 0.1524 
        D678  2 0.4663 0.0736 0.1041 0.2058 0.0259 0.0410 0.0210 0.0623 
        D679  2 0.0682 0.1113 0.1118 0.0675 0.4934 0.0563 0.0496 0.0419 
        D719  2 0.2796 0.0515 0.0188 0.0325 0.1516 0.0450 0.4028 0.0181 
        D720  2 0.0314 0.0288 0.0200 0.0378 0.7608 0.0182 0.0593 0.0437 
        D721  2 0.0324 0.0178 0.0250 0.0268 0.0388 0.0327 0.0376 0.7889 
        D722  2 0.0852 0.2653 0.0270 0.2016 0.0305 0.0456 0.3175 0.0272 
        D734  2 0.0558 0.0113 0.0342 0.0222 0.0160 0.6758 0.1688 0.0159 
        D735  2 0.0634 0.2606 0.1469 0.1113 0.1722 0.0755 0.0970 0.0731 
        D736  2 0.1461 0.0591 0.0727 0.0527 0.0900 0.0633 0.4474 0.0686 
        D737  2 0.4192 0.0737 0.0459 0.0620 0.0194 0.1844 0.0570 0.1383 
        D807  2 0.1046 0.1653 0.0752 0.0812 0.1479 0.0994 0.2802 0.0463 
        D808  2 0.1610 0.1689 0.1033 0.2442 0.0635 0.0533 0.0376 0.1681 
        D817  2 0.0198 0.2510 0.0448 0.1698 0.3083 0.1240 0.0448 0.0374 
        D818  2 0.3322 0.0196 0.2636 0.1154 0.0544 0.0609 0.0275 0.1264 
        D819  2 0.0319 0.3909 0.0606 0.2174 0.1615 0.0361 0.0337 0.0681 
        D820  2 0.0398 0.0111 0.0361 0.0246 0.7914 0.0535 0.0195 0.0239 
        D895  2 0.0238 0.1077 0.0386 0.1111 0.4966 0.0501 0.0359 0.1363 
        D896  2 0.0158 0.7611 0.0218 0.0925 0.0180 0.0204 0.0463 0.0240 
        D897  2 0.4212 0.0704 0.2538 0.1068 0.0300 0.0555 0.0276 0.0348 
        D898  2 0.0410 0.3082 0.0962 0.3865 0.0427 0.0361 0.0502 0.0392 
        D918  2 0.0978 0.0975 0.3985 0.1122 0.0432 0.0840 0.0644 0.1022 
        D919  2 0.1269 0.0242 0.0334 0.1449 0.1346 0.4332 0.0247 0.0782 
        D920  2 0.0239 0.0458 0.0444 0.0524 0.0248 0.0348 0.0618 0.7123 
        D923  2 0.0253 0.0261 0.0320 0.0572 0.6850 0.1096 0.0279 0.0370 
        D930  2 0.0384 0.0918 0.2350 0.1049 0.2029 0.1806 0.1171 0.0292 
        D931  2 0.1229 0.0638 0.0612 0.0760 0.2711 0.3033 0.0588 0.0429 
        D968  2 0.9038 0.0122 0.0106 0.0204 0.0148 0.0157 0.0109 0.0115 
        D969  2 0.3198 0.0691 0.0869 0.1549 0.2062 0.0370 0.0771 0.0491 
        D977  2 0.6743 0.0247 0.1380 0.0473 0.0413 0.0321 0.0160 0.0263 
        D978  2 0.1548 0.0313 0.5063 0.2009 0.0334 0.0276 0.0273 0.0184 
        D211  3 0.0220 0.0544 0.3766 0.0846 0.0597 0.0464 0.0229 0.3334 
     D229639  3 0.4622 0.0697 0.0629 0.0779 0.0657 0.0284 0.1891 0.0439 
     D237212  3 0.1369 0.0795 0.2038 0.1091 0.0792 0.2808 0.0319 0.0788 
     D237213  3 0.0304 0.3668 0.1929 0.1311 0.0687 0.1025 0.0205 0.0870 
     D237214  3 0.0125 0.0121 0.0188 0.0432 0.0210 0.0176 0.0214 0.8535 
     D237215  3 0.6675 0.0585 0.0207 0.0945 0.0162 0.0250 0.0974 0.0202 
     D237216  3 0.0198 0.1161 0.3613 0.2745 0.0728 0.0493 0.0209 0.0853 
     D237217  3 0.0520 0.1419 0.1698 0.1086 0.1566 0.0209 0.0189 0.3313 
     D237218  3 0.0523 0.0308 0.5980 0.0383 0.0457 0.1515 0.0578 0.0254 
     D237219  3 0.0333 0.4475 0.0818 0.1435 0.0516 0.0232 0.0922 0.1267 
     D237382  3 0.0475 0.1421 0.2361 0.2115 0.1193 0.0544 0.1139 0.0753 
     D244127  3 0.0892 0.5843 0.0526 0.1053 0.0310 0.0419 0.0225 0.0733 
     D244129  3 0.0959 0.1831 0.1026 0.1747 0.1362 0.0926 0.0552 0.1597 
     D244133  3 0.1251 0.2403 0.0699 0.2256 0.0853 0.0146 0.1335 0.1058 
     D244134  3 0.0851 0.2897 0.0371 0.0651 0.0456 0.0267 0.3778 0.0728 
     D244135  3 0.0383 0.0270 0.0561 0.0532 0.0412 0.0278 0.0185 0.7379 
     D244136  3 0.0955 0.1257 0.0716 0.1220 0.2477 0.0304 0.2174 0.0899 
        D416  3 0.0858 0.1886 0.2704 0.1456 0.1424 0.0411 0.0330 0.0931 
        D417  3 0.0145 0.0279 0.1103 0.0194 0.7536 0.0238 0.0210 0.0294 
        D419  3 0.1145 0.2684 0.1512 0.0902 0.1416 0.0414 0.0798 0.1129 
        D565  3 0.0149 0.0249 0.0155 0.0198 0.0346 0.0127 0.8602 0.0173 
        D566  3 0.2228 0.0911 0.0453 0.0949 0.0671 0.0246 0.4177 0.0364 
        D567  3 0.0345 0.1230 0.0466 0.0437 0.5636 0.0549 0.0270 0.1068 
        D568  3 0.1048 0.1006 0.1076 0.0708 0.1930 0.1714 0.0197 0.2321 
        D569  3 0.0577 0.0346 0.0385 0.0998 0.0224 0.6320 0.0381 0.0769 
        D573  3 0.7801 0.0239 0.0187 0.0299 0.0861 0.0171 0.0244 0.0197 
        D574  3 0.0638 0.0915 0.1019 0.1887 0.0393 0.0406 0.4126 0.0617 
        D575  3 0.0432 0.4690 0.0451 0.0999 0.1136 0.0299 0.0886 0.1106 
        D576  3 0.7291 0.0330 0.0209 0.1241 0.0086 0.0299 0.0260 0.0282 
        D577  3 0.0277 0.0596 0.1422 0.1073 0.4532 0.0410 0.0328 0.1361 
        D578  3 0.0233 0.0241 0.0197 0.0453 0.0168 0.0122 0.0125 0.8460 
        D579  3 0.1033 0.1045 0.1545 0.0672 0.1815 0.1040 0.2227 0.0622 
        D660  3 0.2657 0.1261 0.1149 0.2991 0.0242 0.0794 0.0174 0.0732 
        D661  3 0.1676 0.0243 0.6294 0.0352 0.0197 0.0523 0.0168 0.0548 
        D663  3 0.7100 0.0181 0.0441 0.0863 0.0398 0.0497 0.0216 0.0306 
        D664  3 0.1010 0.2362 0.1657 0.1750 0.0212 0.0452 0.0652 0.1905 
        D665  3 0.0397 0.1278 0.1123 0.5216 0.0175 0.0991 0.0110 0.0709 
        D666  3 0.0243 0.5457 0.0698 0.0859 0.0619 0.0352 0.0982 0.0789 
        D009  4 0.0196 0.1088 0.2808 0.1111 0.1368 0.1390 0.0339 0.1701 
        D057  4 0.1779 0.0161 0.0421 0.0227 0.0383 0.3806 0.0314 0.2908 
        D109  4 0.0237 0.5560 0.1204 0.1092 0.0394 0.0302 0.0493 0.0717 
     D237222  4 0.0365 0.0357 0.0502 0.0517 0.0267 0.0389 0.0974 0.6628 
     D237223  4 0.0782 0.0996 0.2568 0.1087 0.0602 0.1101 0.1370 0.1494 
     D237224  4 0.2641 0.0860 0.0577 0.1032 0.1415 0.2196 0.0374 0.0906 
     D237225  4 0.0326 0.0905 0.2699 0.1716 0.1858 0.0794 0.0549 0.1154 
     D237299  4 0.0183 0.0254 0.8158 0.0564 0.0145 0.0199 0.0269 0.0226 
     D237300  4 0.5548 0.1060 0.1769 0.0433 0.0203 0.0307 0.0420 0.0261 
     D237306  4 0.0292 0.0888 0.0635 0.0771 0.0976 0.0678 0.5408 0.0353 
     D237307  4 0.0613 0.0663 0.1395 0.0921 0.4166 0.0225 0.1570 0.0447 
     D237308  4 0.2956 0.0920 0.0353 0.0538 0.0512 0.2712 0.0903 0.1105 
     D237309  4 0.0427 0.0877 0.0876 0.1799 0.2234 0.0842 0.0268 0.2677 
     D237317  4 0.0271 0.0638 0.0281 0.1033 0.1611 0.0334 0.5144 0.0688 
     D237318  4 0.8239 0.0169 0.0583 0.0348 0.0215 0.0104 0.0204 0.0138 
     D237319  4 0.0520 0.1091 0.2675 0.1565 0.1084 0.0406 0.0458 0.2201 
     D237320  4 0.1369 0.0655 0.4822 0.0427 0.0952 0.0222 0.0428 0.1125 
     D237321  4 0.4847 0.0729 0.1050 0.1077 0.0558 0.0245 0.0797 0.0698 
     D237397  4 0.1360 0.0833 0.3612 0.0559 0.0593 0.0462 0.1661 0.0921 
     D237398  4 0.3017 0.0241 0.3426 0.1234 0.0844 0.0514 0.0287 0.0437 
     D237399  4 0.0926 0.0613 0.1473 0.1024 0.1226 0.0528 0.2794 0.1416 
     D244001  4 0.0621 0.0411 0.0490 0.0401 0.0321 0.0809 0.0284 0.6665 
        D289  4 0.1251 0.0376 0.0884 0.0509 0.0843 0.2416 0.2957 0.0762 
        D290  4 0.0502 0.0337 0.1824 0.5347 0.0690 0.0531 0.0250 0.0518 
        D294  4 0.0235 0.0225 0.4609 0.0952 0.0727 0.2301 0.0346 0.0604 
        D295  4 0.0304 0.1691 0.1302 0.1006 0.3832 0.0778 0.0578 0.0509 
        D301  4 0.0431 0.0811 0.0474 0.0595 0.0205 0.0327 0.0462 0.6695 
        D302  4 0.0125 0.0170 0.0235 0.0510 0.0424 0.8066 0.0147 0.0324 
        D303  4 0.0523 0.0656 0.0598 0.0561 0.0434 0.1126 0.5740 0.0361 
        D304  4 0.0483 0.0433 0.1795 0.4922 0.0676 0.0373 0.0770 0.0548 
        D305  4 0.1028 0.0511 0.0664 0.2026 0.0250 0.4564 0.0134 0.0824 
        D306  4 0.0163 0.0319 0.0633 0.7449 0.0389 0.0296 0.0281 0.0469 
        D307  4 0.0219 0.0290 0.0322 0.0270 0.0143 0.0551 0.0592 0.7613 
        D327  4 0.0506 0.0316 0.0561 0.0991 0.6140 0.0392 0.0638 0.0456 
        D328  4 0.0217 0.0725 0.0418 0.0712 0.0200 0.6299 0.1116 0.0311 
        D329  4 0.0900 0.0897 0.2286 0.0897 0.0487 0.3010 0.0377 0.1147 
        D330  4 0.0356 0.1162 0.0457 0.1346 0.4339 0.0695 0.0168 0.1476 
        D331  4 0.0729 0.1131 0.1090 0.2979 0.1694 0.0449 0.0999 0.0929 
        D333  4 0.0767 0.1512 0.2048 0.0814 0.0648 0.2304 0.1006 0.0900 
        D334  4 0.0208 0.0292 0.1149 0.0475 0.0811 0.0601 0.5624 0.0839 
        D335  4 0.0383 0.0467 0.0244 0.0606 0.2009 0.5721 0.0264 0.0306 
        D370  4 0.0308 0.5335 0.0372 0.1774 0.0335 0.0776 0.0584 0.0516 
        D371  4 0.0233 0.0287 0.0283 0.0255 0.1424 0.0256 0.7099 0.0163 
        D372  4 0.2888 0.0611 0.2572 0.2938 0.0163 0.0164 0.0426 0.0237 
        D373  4 0.0609 0.0287 0.0330 0.0309 0.0290 0.0491 0.0203 0.7482 
        D455  4 0.0393 0.0218 0.0230 0.0274 0.0368 0.0561 0.0265 0.7691 
        D490  4 0.0091 0.0256 0.0742 0.0207 0.0225 0.0290 0.0206 0.7984 
        D497  4 0.0209 0.0651 0.0629 0.0441 0.0142 0.0740 0.0183 0.7004 
        D498  4 0.0677 0.2070 0.0828 0.3763 0.0672 0.0343 0.0964 0.0682 
        D499  4 0.2175 0.1073 0.2535 0.1226 0.0190 0.1312 0.1328 0.0162 
        D514  4 0.0365 0.0879 0.0956 0.2954 0.3042 0.1152 0.0157 0.0495 
        D515  4 0.0286 0.0340 0.6277 0.0944 0.0649 0.0475 0.0283 0.0746 
        D516  4 0.0783 0.3956 0.0532 0.0762 0.2015 0.0244 0.0657 0.1051 
        D517  4 0.0310 0.0330 0.0489 0.0493 0.0473 0.0240 0.0250 0.7415 
        D518  4 0.0233 0.0160 0.0304 0.0261 0.0262 0.6661 0.0375 0.1744 
        D519  4 0.0481 0.0374 0.7309 0.0256 0.0375 0.0221 0.0272 0.0713 
        D560  4 0.0463 0.0193 0.7529 0.0269 0.0714 0.0307 0.0157 0.0368 
        D561  4 0.0512 0.0545 0.1628 0.1628 0.0800 0.0763 0.0167 0.3956 
        D562  4 0.0809 0.0505 0.1095 0.2492 0.0510 0.1705 0.0534 0.2350 
        D563  4 0.4015 0.0457 0.0882 0.1452 0.0276 0.2010 0.0205 0.0704 
        D572  4 0.0214 0.0149 0.0311 0.0300 0.0507 0.7803 0.0200 0.0516 
        D629  4 0.0377 0.1404 0.1388 0.0825 0.1913 0.0916 0.0293 0.2883 
        D630  4 0.0532 0.0356 0.2202 0.1361 0.1185 0.1386 0.0637 0.2343 
        D631  4 0.0415 0.0133 0.0505 0.0276 0.0180 0.7895 0.0212 0.0383 
        D632  4 0.0968 0.0612 0.0425 0.0357 0.0469 0.2444 0.0182 0.4543 
        D646  4 0.0612 0.1316 0.2339 0.0531 0.3760 0.0444 0.0294 0.0704 
        D647  4 0.0676 0.0874 0.0593 0.0717 0.4617 0.0752 0.0173 0.1599 
        D648  4 0.0150 0.0218 0.0470 0.0614 0.0141 0.7699 0.0484 0.0226 
        D649  4 0.0231 0.2580 0.0551 0.0581 0.2855 0.2157 0.0219 0.0827 
        D650  4 0.0245 0.0559 0.3723 0.0701 0.1660 0.1106 0.1076 0.0928 
        D708  4 0.0291 0.0710 0.2137 0.0922 0.0456 0.2775 0.2146 0.0561 
        D709  4 0.0228 0.1599 0.0452 0.6246 0.0280 0.0577 0.0349 0.0269 
        D738  4 0.0161 0.0949 0.0530 0.0356 0.1140 0.0312 0.5809 0.0742 
        D739  4 0.0290 0.0563 0.2894 0.2028 0.0313 0.1069 0.0288 0.2556 
        D740  4 0.0418 0.1925 0.3919 0.0907 0.0242 0.0607 0.1448 0.0534 
        D741  4 0.1572 0.0647 0.4321 0.0741 0.1882 0.0293 0.0170 0.0374 
        D742  4 0.3026 0.0480 0.2856 0.0630 0.0293 0.1237 0.0930 0.0547 
        D743  4 0.0577 0.0217 0.0652 0.0389 0.3765 0.3632 0.0321 0.0447 
        D744  4 0.0251 0.0236 0.0408 0.0256 0.0259 0.8149 0.0172 0.0269 
        D745  4 0.0150 0.0308 0.7765 0.0307 0.0307 0.0299 0.0235 0.0629 
        D814  4 0.1277 0.0166 0.4353 0.1886 0.0500 0.0847 0.0214 0.0757 
        D815  4 0.0438 0.1072 0.0471 0.1507 0.1618 0.4063 0.0384 0.0447 
        D828  4 0.0618 0.0501 0.1533 0.3421 0.0113 0.2350 0.1078 0.0387 
        D845  4 0.6468 0.0313 0.0962 0.0259 0.0337 0.0400 0.1095 0.0167 
        D846  4 0.0800 0.0271 0.0407 0.1281 0.1073 0.3714 0.0124 0.2331 
        D847  4 0.0831 0.0425 0.3067 0.1278 0.0920 0.0743 0.1123 0.1613 
        D848  4 0.1024 0.0170 0.0172 0.0344 0.0139 0.0274 0.0224 0.7652 
        D849  4 0.0281 0.0920 0.3416 0.1825 0.0609 0.0527 0.0190 0.2232 
        D850  4 0.1171 0.0450 0.0638 0.0722 0.1720 0.0630 0.0791 0.3879 
        D856  4 0.0370 0.2109 0.1291 0.3827 0.0458 0.0630 0.0435 0.0881 
        D857  4 0.0358 0.6162 0.0305 0.1790 0.0111 0.0361 0.0301 0.0612 
        D859  4 0.0619 0.0250 0.0986 0.0589 0.0692 0.6192 0.0258 0.0414 
        D860  4 0.1602 0.0378 0.0185 0.0310 0.0786 0.0851 0.5451 0.0436 
        D883  4 0.0336 0.1888 0.0935 0.0618 0.2474 0.0973 0.0854 0.1921 
        D884  4 0.0276 0.1804 0.2884 0.1099 0.1165 0.1277 0.0962 0.0533 
        D885  4 0.0498 0.0399 0.6328 0.0626 0.0800 0.0645 0.0265 0.0438 
        D886  4 0.0470 0.2003 0.0976 0.1885 0.1246 0.0677 0.0270 0.2473 
        D887  4 0.1570 0.0895 0.2951 0.1070 0.0913 0.1453 0.0591 0.0556 
        D889  4 0.0935 0.0243 0.2971 0.4281 0.0452 0.0501 0.0365 0.0252 
        D890  4 0.0494 0.3506 0.0559 0.1060 0.0375 0.1775 0.1090 0.1141 
        D891  4 0.8655 0.0171 0.0379 0.0251 0.0161 0.0101 0.0148 0.0135 
        D899  4 0.5331 0.0442 0.0488 0.0674 0.0368 0.1174 0.1099 0.0423 
        D900  4 0.0631 0.0766 0.1042 0.2506 0.1650 0.1642 0.0749 0.1013 
        D970  4 0.0618 0.0543 0.0951 0.1091 0.1205 0.4070 0.0667 0.0856 
        D971  4 0.3826 0.0684 0.0309 0.1447 0.0755 0.2056 0.0445 0.0478 
        D979  4 0.0220 0.0255 0.0239 0.0682 0.3917 0.4070 0.0288 0.0329 
        D093  5 0.0238 0.0232 0.0576 0.0299 0.0293 0.0258 0.7882 0.0221 
        D154  5 0.1935 0.0981 0.4136 0.1672 0.0318 0.0366 0.0399 0.0194 
        D168  5 0.1607 0.1487 0.2236 0.1895 0.0789 0.0415 0.0191 0.1380 
        D189  5 0.1146 0.0392 0.1049 0.0966 0.0471 0.0552 0.5058 0.0366 
        D190  5 0.0204 0.0991 0.0370 0.0298 0.0307 0.0476 0.7158 0.0197 
     D237220  5 0.0360 0.1016 0.3161 0.1409 0.0326 0.1303 0.1226 0.1198 
     D237221  5 0.1603 0.1199 0.1285 0.0818 0.0721 0.0813 0.3123 0.0438 
     D237274  5 0.0403 0.0634 0.0267 0.0696 0.6127 0.1396 0.0142 0.0335 
     D237275  5 0.6991 0.0476 0.0356 0.1308 0.0139 0.0183 0.0278 0.0269 
     D237276  5 0.0271 0.1596 0.2511 0.0801 0.1632 0.0540 0.1812 0.0837 
     D237277  5 0.0694 0.0776 0.0950 0.0341 0.0316 0.0804 0.5905 0.0215 
     D237278  5 0.2574 0.0668 0.1247 0.0830 0.0403 0.1041 0.2391 0.0846 
     D237279  5 0.0425 0.3380 0.0727 0.2279 0.0553 0.0709 0.0254 0.1674 
     D237280  5 0.0147 0.5610 0.0402 0.0603 0.1132 0.0368 0.0426 0.1311 
     D237281  5 0.8450 0.0190 0.0282 0.0270 0.0277 0.0164 0.0239 0.0127 
     D237351  5 0.0156 0.7761 0.0545 0.0298 0.0192 0.0211 0.0559 0.0280 
     D237352  5 0.0579 0.0785 0.0282 0.0778 0.0793 0.2617 0.0550 0.3617 
     D237353  5 0.0225 0.2140 0.0187 0.0418 0.0180 0.0352 0.6362 0.0138 
     D237359  5 0.0323 0.0527 0.5299 0.1078 0.0436 0.1069 0.0486 0.0781 
     D237361  5 0.0231 0.0405 0.0215 0.0251 0.0196 0.0193 0.8370 0.0139 
     D237362  5 0.0397 0.3318 0.1287 0.1615 0.1432 0.0489 0.1009 0.0453 
     D237363  5 0.1780 0.1124 0.1326 0.3706 0.0591 0.0255 0.0587 0.0633 
     D237364  5 0.0697 0.0407 0.5832 0.0674 0.0556 0.0920 0.0143 0.0771 
     D237376  5 0.0478 0.0295 0.0497 0.2236 0.0129 0.4539 0.1657 0.0169 
     D237377  5 0.0355 0.4722 0.0239 0.1551 0.1098 0.0496 0.1087 0.0452 
     D237378  5 0.0686 0.0576 0.0823 0.0724 0.0187 0.1679 0.4860 0.0465 
     D237379  5 0.0240 0.0318 0.1829 0.1068 0.0279 0.3388 0.2454 0.0423 
     D237380  5 0.0132 0.5348 0.0499 0.0877 0.0425 0.1433 0.0573 0.0712 
     D237381  5 0.0539 0.2768 0.0302 0.0937 0.0501 0.1167 0.0757 0.3028 
     D237391  5 0.0162 0.0251 0.0378 0.0163 0.0287 0.0186 0.8404 0.0168 
     D237392  5 0.1775 0.0886 0.0367 0.0988 0.4085 0.1030 0.0290 0.0579 
     D237393  5 0.0586 0.1841 0.0320 0.0556 0.3096 0.0363 0.2566 0.0672 
     D237394  5 0.0110 0.0600 0.0195 0.0221 0.0191 0.0298 0.8219 0.0166 
     D237395  5 0.0434 0.1056 0.4343 0.1017 0.0333 0.0241 0.2110 0.0467 
     D237396  5 0.0974 0.0752 0.0316 0.0938 0.2859 0.0445 0.2160 0.1556 
     D244016  5 0.0806 0.1846 0.0394 0.2670 0.0225 0.1956 0.1840 0.0263 
     D244018  5 0.2892 0.0639 0.0821 0.0675 0.1011 0.0388 0.2543 0.1031 
     D244019  5 0.1003 0.1964 0.0843 0.3384 0.1271 0.0875 0.0440 0.0220 
        D279  5 0.0525 0.0499 0.7001 0.0461 0.0305 0.0405 0.0564 0.0239 
        D280  5 0.1154 0.1864 0.0867 0.2245 0.0869 0.0280 0.1946 0.0773 
        D281  5 0.6707 0.0230 0.0825 0.0710 0.0225 0.0291 0.0854 0.0158 
        D283  5 0.0706 0.1143 0.0290 0.0595 0.1481 0.0380 0.5103 0.0303 
        D284  5 0.0552 0.0696 0.3846 0.1612 0.0738 0.0424 0.0355 0.1776 
        D285  5 0.0381 0.0707 0.1646 0.0931 0.0891 0.0683 0.4422 0.0339 
        D286  5 0.0282 0.0519 0.2313 0.1379 0.1007 0.1647 0.2047 0.0806 
        D287  5 0.0241 0.0717 0.0974 0.2948 0.0187 0.3025 0.1364 0.0543 
        D288  5 0.1588 0.2509 0.0410 0.1459 0.2548 0.0205 0.0867 0.0414 
        D308  5 0.0181 0.7296 0.0358 0.0300 0.1014 0.0222 0.0386 0.0244 
        D309  5 0.0135 0.0237 0.0146 0.0254 0.0180 0.8575 0.0175 0.0297 
        D310  5 0.0198 0.0423 0.0407 0.0964 0.0158 0.0156 0.7573 0.0120 
        D311  5 0.0291 0.0851 0.1553 0.2192 0.1674 0.2134 0.0903 0.0403 
        D312  5 0.0456 0.0758 0.1031 0.1323 0.1057 0.2566 0.1679 0.1131 
        D313  5 0.0096 0.4934 0.0312 0.0224 0.0158 0.0106 0.0245 0.3924 
        D314  5 0.0468 0.0754 0.6206 0.0943 0.0208 0.0561 0.0510 0.0350 
        D315  5 0.0542 0.1373 0.0666 0.1254 0.1607 0.0568 0.2898 0.1092 
        D317  5 0.0184 0.0260 0.0249 0.0291 0.0562 0.0200 0.7891 0.0363 
        D318  5 0.0791 0.0492 0.1046 0.2750 0.1105 0.2013 0.0560 0.1244 
        D319  5 0.0161 0.0710 0.0327 0.0303 0.0223 0.0149 0.7939 0.0188 
        D320  5 0.0178 0.0631 0.0404 0.0456 0.0254 0.0665 0.7126 0.0286 
        D321  5 0.0277 0.7350 0.0289 0.0272 0.0653 0.0173 0.0719 0.0266 
        D336  5 0.0201 0.0368 0.0241 0.1794 0.0272 0.1133 0.5752 0.0239 
        D337  5 0.0332 0.0180 0.0153 0.0206 0.0251 0.0270 0.8499 0.0108 
        D338  5 0.0449 0.0288 0.5550 0.0518 0.0845 0.0459 0.1464 0.0426 
        D339  5 0.0569 0.1022 0.1102 0.0588 0.0499 0.0255 0.5615 0.0350 
        D347  5 0.0905 0.0563 0.0297 0.5312 0.1605 0.0635 0.0366 0.0317 
        D348  5 0.0260 0.0401 0.0179 0.0507 0.0254 0.1389 0.6826 0.0184 
        D349  5 0.0120 0.8806 0.0139 0.0183 0.0148 0.0154 0.0334 0.0116 
        D350  5 0.0159 0.0148 0.0317 0.0174 0.0162 0.8729 0.0167 0.0145 
        D355  5 0.5161 0.0517 0.1476 0.0991 0.0791 0.0620 0.0287 0.0158 
        D356  5 0.0269 0.0566 0.0690 0.0921 0.2118 0.0491 0.2863 0.2082 
        D357  5 0.0391 0.1273 0.1205 0.4960 0.0626 0.0527 0.0681 0.0337 
        D358  5 0.0341 0.0629 0.0744 0.0881 0.0379 0.2141 0.3915 0.0971 
        D359  5 0.0252 0.0759 0.0256 0.0618 0.2264 0.0692 0.4984 0.0176 
        D360  5 0.0229 0.0411 0.0454 0.0632 0.0962 0.0351 0.5101 0.1861 
        D361  5 0.0180 0.8703 0.0178 0.0219 0.0211 0.0139 0.0216 0.0154 
        D366  5 0.2182 0.0350 0.0305 0.0486 0.5919 0.0190 0.0227 0.0340 
        D367  5 0.0172 0.1205 0.1320 0.1030 0.0187 0.1126 0.4583 0.0376 
        D368  5 0.0259 0.4538 0.1016 0.1253 0.0575 0.0381 0.1728 0.0250 
        D380  5 0.0441 0.0802 0.0792 0.1492 0.0448 0.5199 0.0304 0.0523 
        D381  5 0.0416 0.0710 0.0611 0.0708 0.0448 0.0556 0.6330 0.0220 
        D400  5 0.1318 0.0563 0.1217 0.1520 0.0914 0.1565 0.2318 0.0584 
        D411  5 0.0266 0.0429 0.0996 0.1068 0.0244 0.0283 0.0145 0.6570 
        D412  5 0.1379 0.1174 0.0729 0.3220 0.0747 0.0411 0.0923 0.1416 
        D413  5 0.6037 0.0385 0.0629 0.0491 0.0791 0.0592 0.0265 0.0809 
        D414  5 0.0579 0.0205 0.0892 0.0428 0.0258 0.7274 0.0156 0.0208 
        D420  5 0.0758 0.0495 0.1758 0.3368 0.0249 0.0203 0.0558 0.2611 
        D431  5 0.0520 0.1799 0.3010 0.2113 0.0142 0.1591 0.0472 0.0353 
        D432  5 0.0538 0.0907 0.0411 0.0481 0.0598 0.0333 0.5402 0.1329 
        D433  5 0.0602 0.2656 0.0289 0.0460 0.0669 0.0254 0.4819 0.0251 
        D434  5 0.0407 0.2138 0.0308 0.0827 0.0945 0.0379 0.4560 0.0435 
        D440  5 0.0126 0.0183 0.0467 0.0218 0.0193 0.8422 0.0227 0.0164 
        D447  5 0.0547 0.0298 0.0899 0.1936 0.3453 0.1252 0.0259 0.1355 
        D448  5 0.0732 0.0619 0.0771 0.2404 0.0717 0.0716 0.3765 0.0275 
        D459  5 0.7545 0.0165 0.0473 0.0335 0.0546 0.0389 0.0347 0.0199 
        D460  5 0.0148 0.8052 0.0179 0.0189 0.0483 0.0186 0.0598 0.0166 
        D461  5 0.0142 0.0248 0.0161 0.0172 0.0548 0.8366 0.0169 0.0193 
        D468  5 0.0375 0.2702 0.1392 0.2613 0.1297 0.0367 0.0943 0.0312 
        D469  5 0.0260 0.1340 0.1293 0.0831 0.4343 0.0638 0.0681 0.0614 
        D470  5 0.0294 0.0642 0.2442 0.2239 0.0921 0.1210 0.0659 0.1593 
        D471  5 0.0704 0.0476 0.0864 0.1087 0.0789 0.0625 0.5278 0.0177 
        D472  5 0.1812 0.0227 0.0159 0.0252 0.6954 0.0167 0.0186 0.0241 
        D479  5 0.6045 0.0391 0.0210 0.0726 0.0319 0.1686 0.0228 0.0394 
        D485  5 0.0417 0.0323 0.0555 0.2939 0.0330 0.4543 0.0468 0.0424 
        D486  5 0.0294 0.1482 0.1362 0.3627 0.1143 0.0552 0.0513 0.1027 
        D487  5 0.1473 0.0696 0.1776 0.1038 0.0369 0.1605 0.2492 0.0551 
        D555  5 0.0598 0.0322 0.0198 0.0398 0.0276 0.0308 0.7639 0.0261 
        D556  5 0.0505 0.2262 0.2681 0.0757 0.0351 0.2237 0.0770 0.0435 
        D557  5 0.0327 0.0778 0.0181 0.0322 0.0303 0.0504 0.7396 0.0188 
        D564  5 0.0266 0.1557 0.0581 0.1171 0.0394 0.2866 0.2382 0.0783 
        D594  5 0.0888 0.1125 0.0389 0.3881 0.2072 0.0765 0.0448 0.0433 
        D595  5 0.1138 0.0773 0.1040 0.1147 0.1618 0.0541 0.3238 0.0506 
        D596  5 0.0318 0.0554 0.0154 0.0421 0.0247 0.0192 0.7876 0.0238 
        D597  5 0.3066 0.0569 0.0324 0.0600 0.1313 0.1124 0.2677 0.0326 
        D598  5 0.0444 0.0943 0.0605 0.0615 0.0790 0.1178 0.4105 0.1320 
        D617  5 0.0986 0.0729 0.0762 0.1518 0.0330 0.0238 0.0138 0.5300 
        D618  5 0.0514 0.1108 0.1045 0.0484 0.0506 0.0690 0.5331 0.0321 
        D619  5 0.0635 0.4822 0.0172 0.1451 0.1585 0.0353 0.0765 0.0217 
        D620  5 0.8196 0.0259 0.0332 0.0142 0.0442 0.0200 0.0244 0.0185 
        D628  5 0.0164 0.0299 0.0573 0.0471 0.0213 0.7273 0.0403 0.0605 
        D714  5 0.1284 0.0503 0.0571 0.0884 0.0154 0.4775 0.1509 0.0321 
        D715  5 0.0556 0.0794 0.0351 0.0342 0.0528 0.0359 0.6905 0.0165 
        D716  5 0.1233 0.0325 0.0616 0.4572 0.0830 0.1627 0.0406 0.0392 
        D717  5 0.0484 0.1047 0.0992 0.0818 0.2165 0.1157 0.1863 0.1474 
        D718  5 0.0318 0.0975 0.1530 0.5645 0.0237 0.0353 0.0564 0.0377 
        D769  5 0.0699 0.0413 0.0720 0.1251 0.0343 0.0518 0.0248 0.5807 
        D770  5 0.1375 0.0549 0.2186 0.1126 0.0386 0.3283 0.0767 0.0327 
        D771  5 0.2314 0.0709 0.1368 0.2705 0.0476 0.0653 0.0657 0.1117 
        D772  5 0.0203 0.0489 0.0622 0.0515 0.0290 0.6753 0.0729 0.0398 
        D782  5 0.2536 0.2170 0.0559 0.2580 0.0552 0.0261 0.0439 0.0903 
        D783  5 0.1802 0.0379 0.0335 0.0984 0.0174 0.5151 0.0906 0.0269 
        D784  5 0.0450 0.0765 0.0934 0.0607 0.2329 0.3289 0.0988 0.0638 
        D785  5 0.0155 0.2773 0.0553 0.0458 0.0299 0.0987 0.4418 0.0356 
        D786  5 0.0503 0.0592 0.0403 0.0939 0.1625 0.0837 0.0175 0.4926 
        D821  5 0.0123 0.0213 0.0188 0.0144 0.0132 0.0234 0.8875 0.0090 
        D822  5 0.0850 0.1158 0.0661 0.2589 0.2017 0.1542 0.0958 0.0225 
        D826  5 0.1557 0.0874 0.2090 0.0707 0.0484 0.0585 0.3424 0.0278 
        D827  5 0.0919 0.0391 0.0998 0.1426 0.3747 0.1461 0.0344 0.0713 
        D851  5 0.0547 0.1137 0.1521 0.2799 0.0572 0.0822 0.1738 0.0865 
        D852  5 0.0990 0.1497 0.0901 0.0421 0.0252 0.4018 0.1542 0.0379 
        D853  5 0.0442 0.0716 0.2485 0.1775 0.0730 0.0538 0.2767 0.0548 
        D854  5 0.1428 0.1142 0.1571 0.3821 0.0931 0.0627 0.0155 0.0326 
        D861  5 0.0948 0.1062 0.3847 0.1763 0.0623 0.0523 0.0837 0.0397 
        D862  5 0.0273 0.1152 0.0604 0.1656 0.3053 0.1073 0.1789 0.0399 
        D865  5 0.0601 0.1687 0.0267 0.0813 0.0245 0.0429 0.5627 0.0333 
        D868  5 0.0284 0.0412 0.0700 0.0312 0.6890 0.0300 0.0703 0.0399 
        D869  5 0.0284 0.1014 0.0545 0.0795 0.0434 0.0155 0.0317 0.6458 
        D870  5 0.0461 0.0283 0.1883 0.2313 0.0518 0.0343 0.0111 0.4089 
        D907  5 0.0289 0.0705 0.0515 0.1076 0.0362 0.0208 0.6297 0.0549 
        D908  5 0.1783 0.2345 0.0678 0.0711 0.0182 0.1960 0.1979 0.0363 
        D910  5 0.2743 0.0923 0.0649 0.0970 0.0793 0.0842 0.2779 0.0301 
        D911  5 0.6043 0.0288 0.1218 0.0776 0.0879 0.0238 0.0390 0.0167 
        D934  5 0.1190 0.1077 0.2069 0.1649 0.0391 0.3014 0.0357 0.0253 
        D946  5 0.0709 0.1484 0.1966 0.1519 0.0152 0.3445 0.0400 0.0325 
        D947  5 0.0380 0.0918 0.3538 0.1911 0.1002 0.1549 0.0309 0.0393 
