        D174  1 0.2011 0.1926 0.6063 
        D199  1 0.3995 0.1622 0.4383 
        D203  1 0.4941 0.3047 0.2012 
        D204  1 0.8920 0.0702 0.0378 
     D237366  1 0.3458 0.5278 0.1265 
     D237367  1 0.4808 0.4423 0.0769 
     D237368  1 0.2483 0.6562 0.0955 
     D244101  1 0.8957 0.0549 0.0494 
     D244102  1 0.3155 0.2922 0.3923 
     D244103  1 0.6389 0.2889 0.0722 
     D244104  1 0.5902 0.1257 0.2840 
     D244105  1 0.3969 0.5490 0.0541 
     D244106  1 0.1070 0.1071 0.7859 
     D244107  1 0.2811 0.6932 0.0256 
     D244108  1 0.1918 0.2029 0.6053 
     D244113  1 0.0820 0.0954 0.8225 
     D244114  1 0.3723 0.2959 0.3318 
     D244115  1 0.2448 0.2683 0.4870 
     D267365  1 0.4104 0.0816 0.5081 
        D404  1 0.0975 0.1165 0.7860 
        D405  1 0.2540 0.2019 0.5441 
        D406  1 0.1039 0.8544 0.0417 
        D407  1 0.5154 0.4466 0.0380 
        D408  1 0.0549 0.0334 0.9117 
        D409  1 0.6156 0.2911 0.0933 
        D410  1 0.1583 0.7970 0.0447 
        D421  1 0.7916 0.1255 0.0829 
        D422  1 0.0607 0.9150 0.0242 
        D423  1 0.0725 0.9055 0.0219 
        D424  1 0.8536 0.1044 0.0420 
        D425  1 0.5715 0.0888 0.3397 
        D426  1 0.5135 0.3859 0.1005 
        D427  1 0.2433 0.5760 0.1807 
        D428  1 0.5524 0.2521 0.1955 
        D429  1 0.4580 0.1281 0.4139 
        D430  1 0.2398 0.1770 0.5831 
        D491  1 0.1237 0.0491 0.8271 
        D492  1 0.4110 0.3361 0.2529 
        D537  1 0.7654 0.1825 0.0521 
        D538  1 0.2684 0.4871 0.2445 
        D539  1 0.0969 0.1938 0.7093 
        D540  1 0.4668 0.2551 0.2781 
        D541  1 0.8691 0.0840 0.0468 
        D551  1 0.2724 0.5459 0.1817 
        D552  1 0.3571 0.3201 0.3228 
        D553  1 0.9097 0.0381 0.0522 
        D615  1 0.4038 0.3307 0.2655 
        D616  1 0.2826 0.5069 0.2104 
        D621  1 0.0957 0.7221 0.1822 
        D622  1 0.1280 0.8124 0.0596 
        D623  1 0.2163 0.1745 0.6092 
        D624  1 0.0737 0.0938 0.8325 
        D625  1 0.7685 0.1372 0.0943 
        D626  1 0.1724 0.1990 0.6286 
        D627  1 0.6975 0.1944 0.1081 
        D690  1 0.7080 0.1236 0.1684 
        D691  1 0.2094 0.7329 0.0577 
        D710  1 0.5714 0.1595 0.2690 
        D711  1 0.7575 0.1134 0.1291 
        D712  1 0.0699 0.0600 0.8701 
        D713  1 0.3867 0.1807 0.4327 
        D746  1 0.0882 0.8781 0.0336 
        D747  1 0.8579 0.0820 0.0601 
        D748  1 0.6447 0.2495 0.1058 
        D749  1 0.0712 0.7725 0.1563 
        D750  1 0.2761 0.1503 0.5736 
        D763  1 0.5629 0.2431 0.1939 
        D764  1 0.5725 0.1906 0.2369 
        D765  1 0.0907 0.6344 0.2750 
        D766  1 0.5113 0.3920 0.0967 
        D767  1 0.5748 0.3119 0.1133 
        D768  1 0.9018 0.0657 0.0325 
        D811  1 0.0900 0.1129 0.7971 
        D816  1 0.7360 0.1000 0.1640 
        D825  1 0.2307 0.2123 0.5570 
        D866  1 0.1089 0.1181 0.7731 
        D867  1 0.0579 0.9082 0.0340 
        D871  1 0.6975 0.2256 0.0769 
        D872  1 0.6658 0.2452 0.0890 
        D873  1 0.0176 0.9491 0.0333 
        D874  1 0.6450 0.0432 0.3119 
        D875  1 0.5930 0.3611 0.0460 
        D876  1 0.6831 0.1093 0.2076 
        D877  1 0.1978 0.0949 0.7073 
        D892  1 0.5619 0.1900 0.2481 
        D893  1 0.7591 0.1367 0.1042 
        D894  1 0.6274 0.1470 0.2256 
        D915  1 0.6660 0.2121 0.1219 
        D916  1 0.8375 0.0878 0.0747 
        D917  1 0.4169 0.0982 0.4849 
        D925  1 0.1429 0.7610 0.0961 
        D926  1 0.7019 0.1487 0.1494 
        D927  1 0.5956 0.1535 0.2509 
        D928  1 0.1763 0.0409 0.7828 
        D929  1 0.4210 0.1917 0.3873 
        D936  1 0.7377 0.0681 0.1941 
        D938  1 0.0654 0.8982 0.0365 
        D956  1 0.0553 0.0972 0.8475 
        D957  1 0.4597 0.4202 0.1201 
        D958  1 0.6398 0.2241 0.1361 
        D959  1 0.5480 0.4250 0.0269 
        D960  1 0.0481 0.9115 0.0405 
        D989  1 0.0975 0.0588 0.8437 
        D990  1 0.0284 0.8748 0.0968 
        D023  2 0.2264 0.7385 0.0351 
        D130  2 0.0803 0.8923 0.0274 
        D131  2 0.8444 0.0779 0.0777 
        D163  2 0.1188 0.8211 0.0601 
        D164  2 0.0525 0.9289 0.0186 
        D165  2 0.1031 0.8646 0.0323 
        D166  2 0.3606 0.3340 0.3054 
        D167  2 0.0743 0.7728 0.1528 
        D192  2 0.0864 0.8301 0.0835 
        D193  2 0.1269 0.1816 0.6915 
        D206  2 0.4524 0.4735 0.0741 
        D207  2 0.4303 0.3300 0.2397 
        D208  2 0.1046 0.0905 0.8049 
        D209  2 0.2513 0.6433 0.1054 
        D210  2 0.1844 0.1147 0.7009 
     D229599  2 0.4277 0.1774 0.3948 
     D229600  2 0.0590 0.9035 0.0375 
     D237227  2 0.0663 0.1587 0.7750 
     D237228  2 0.0500 0.5056 0.4444 
     D237258  2 0.1653 0.4102 0.4244 
     D237310  2 0.0473 0.7697 0.1830 
     D237311  2 0.0398 0.8747 0.0855 
     D237312  2 0.2256 0.4708 0.3036 
     D237313  2 0.4314 0.1954 0.3732 
     D237322  2 0.1316 0.1498 0.7186 
     D237323  2 0.0521 0.6007 0.3473 
     D237324  2 0.1693 0.7852 0.0455 
     D237325  2 0.1785 0.5859 0.2357 
     D237326  2 0.2975 0.5967 0.1058 
     D237327  2 0.3964 0.3014 0.3023 
     D237337  2 0.1429 0.7088 0.1483 
     D237338  2 0.2318 0.4319 0.3363 
     D237339  2 0.8437 0.0975 0.0588 
     D237340  2 0.0688 0.5841 0.3471 
     D237389  2 0.0484 0.8835 0.0681 
     D237390  2 0.2866 0.3154 0.3980 
     D244017  2 0.0716 0.1569 0.7715 
     D244112  2 0.0748 0.8465 0.0786 
     D244118  2 0.0474 0.9042 0.0483 
     D244119  2 0.0649 0.2566 0.6785 
     D244120  2 0.0523 0.2396 0.7080 
     D244122  2 0.0921 0.7493 0.1586 
        D291  2 0.2303 0.2206 0.5491 
        D292  2 0.3226 0.1454 0.5320 
        D293  2 0.9138 0.0623 0.0239 
        D322  2 0.7771 0.1780 0.0449 
        D323  2 0.5166 0.1955 0.2879 
        D324  2 0.4692 0.2081 0.3227 
        D325  2 0.5527 0.4215 0.0258 
        D326  2 0.9219 0.0258 0.0523 
        D340  2 0.2008 0.7746 0.0247 
        D341  2 0.2303 0.7060 0.0638 
        D342  2 0.1090 0.7910 0.1000 
        D343  2 0.2498 0.7304 0.0198 
        D344  2 0.7387 0.1425 0.1189 
        D345  2 0.5953 0.2401 0.1646 
        D346  2 0.1772 0.0820 0.7409 
        D351  2 0.8514 0.0786 0.0700 
        D352  2 0.5627 0.1931 0.2442 
        D353  2 0.8832 0.0574 0.0593 
        D354  2 0.6017 0.1065 0.2918 
        D362  2 0.6240 0.1982 0.1778 
        D363  2 0.6307 0.1161 0.2532 
        D364  2 0.7209 0.1230 0.1561 
        D365  2 0.3158 0.6486 0.0356 
        D369  2 0.4426 0.1992 0.3582 
        D374  2 0.0401 0.0990 0.8608 
        D375  2 0.7019 0.1756 0.1224 
        D376  2 0.0413 0.1208 0.8379 
        D377  2 0.2282 0.2904 0.4814 
        D378  2 0.8684 0.0894 0.0422 
        D379  2 0.9000 0.0431 0.0568 
        D384  2 0.8791 0.0424 0.0784 
        D385  2 0.2144 0.7092 0.0764 
        D386  2 0.8530 0.1012 0.0458 
        D391  2 0.3687 0.5952 0.0361 
        D392  2 0.1707 0.7662 0.0631 
        D393  2 0.8286 0.1098 0.0616 
        D394  2 0.3988 0.4513 0.1499 
        D395  2 0.6221 0.2846 0.0933 
        D401  2 0.0437 0.8764 0.0800 
        D402  2 0.2451 0.7081 0.0469 
        D403  2 0.6894 0.2615 0.0491 
        D415  2 0.8891 0.0856 0.0253 
        D435  2 0.7545 0.2103 0.0352 
        D436  2 0.7614 0.0940 0.1445 
        D438  2 0.1779 0.7784 0.0437 
        D439  2 0.7648 0.1917 0.0435 
        D449  2 0.3886 0.5675 0.0439 
        D450  2 0.3520 0.1179 0.5300 
        D456  2 0.9452 0.0251 0.0298 
        D462  2 0.3920 0.5809 0.0271 
        D463  2 0.9387 0.0217 0.0396 
        D464  2 0.7876 0.0918 0.1207 
        D465  2 0.4644 0.4819 0.0537 
        D473  2 0.1407 0.1634 0.6959 
        D474  2 0.5722 0.1376 0.2902 
        D476  2 0.2506 0.7159 0.0335 
        D477  2 0.6123 0.0936 0.2940 
        D478  2 0.3929 0.2262 0.3809 
        D480  2 0.7611 0.0740 0.1648 
        D481  2 0.5444 0.1962 0.2594 
        D482  2 0.1054 0.1098 0.7847 
        D483  2 0.0973 0.7920 0.1107 
        D484  2 0.4556 0.2126 0.3318 
        D510  2 0.0475 0.0439 0.9086 
        D511  2 0.8370 0.1125 0.0505 
        D512  2 0.0763 0.8730 0.0507 
        D513  2 0.4225 0.4415 0.1360 
        D635  2 0.5889 0.3338 0.0772 
        D636  2 0.0478 0.9186 0.0336 
        D637  2 0.4366 0.2210 0.3424 
        D658  2 0.1540 0.5656 0.2804 
        D659  2 0.8251 0.0956 0.0793 
        D677  2 0.5465 0.3096 0.1439 
        D678  2 0.0714 0.8049 0.1237 
        D679  2 0.7348 0.1154 0.1498 
        D719  2 0.4658 0.0641 0.4700 
        D720  2 0.7833 0.0913 0.1254 
        D721  2 0.2383 0.7081 0.0537 
        D722  2 0.0666 0.1668 0.7667 
        D734  2 0.3339 0.0451 0.6210 
        D735  2 0.6225 0.2334 0.1442 
        D736  2 0.1899 0.1262 0.6840 
        D737  2 0.1496 0.4922 0.3582 
        D807  2 0.3223 0.1017 0.5760 
        D808  2 0.4477 0.4368 0.1155 
        D817  2 0.6275 0.1011 0.2714 
        D818  2 0.6492 0.2539 0.0969 
        D819  2 0.5325 0.2429 0.2246 
        D820  2 0.9314 0.0325 0.0361 
        D895  2 0.6762 0.2523 0.0716 
        D896  2 0.0468 0.8749 0.0784 
        D897  2 0.2571 0.5858 0.1571 
        D898  2 0.2272 0.1410 0.6317 
        D918  2 0.3254 0.4641 0.2104 
        D919  2 0.8018 0.1316 0.0666 
        D920  2 0.0486 0.9006 0.0507 
        D923  2 0.8924 0.0509 0.0566 
        D930  2 0.6365 0.1189 0.2446 
        D931  2 0.6674 0.1282 0.2044 
        D968  2 0.3189 0.6282 0.0529 
        D969  2 0.6277 0.1258 0.2465 
        D977  2 0.4110 0.5251 0.0638 
        D978  2 0.3701 0.2048 0.4250 
        D211  3 0.4026 0.5072 0.0902 
     D229639  3 0.0612 0.0644 0.8744 
     D237212  3 0.4899 0.2452 0.2648 
     D237213  3 0.4908 0.4130 0.0962 
     D237214  3 0.2738 0.6726 0.0536 
     D237215  3 0.0406 0.2753 0.6840 
     D237216  3 0.4412 0.4841 0.0747 
     D237217  3 0.4702 0.4936 0.0362 
     D237218  3 0.6017 0.1946 0.2036 
     D237219  3 0.0835 0.2863 0.6302 
     D237382  3 0.4526 0.2967 0.2508 
     D244127  3 0.0778 0.8499 0.0724 
     D244129  3 0.5399 0.3129 0.1472 
     D244133  3 0.1329 0.3366 0.5306 
     D244134  3 0.0847 0.1084 0.8069 
     D244135  3 0.1932 0.7642 0.0426 
     D244136  3 0.3057 0.1581 0.5363 
        D416  3 0.4760 0.3482 0.1758 
        D417  3 0.8270 0.1248 0.0483 
        D419  3 0.3283 0.2548 0.4169 
        D565  3 0.1117 0.0418 0.8466 
        D566  3 0.0662 0.0747 0.8591 
        D567  3 0.7601 0.1614 0.0786 
        D568  3 0.5904 0.3485 0.0611 
        D569  3 0.5688 0.3107 0.1205 
        D573  3 0.6485 0.1552 0.1962 
        D574  3 0.1057 0.1021 0.7922 
        D575  3 0.2738 0.3293 0.3969 
        D576  3 0.0370 0.5257 0.4372 
        D577  3 0.7488 0.1238 0.1274 
        D578  3 0.0404 0.9285 0.0311 
        D579  3 0.4383 0.1586 0.4030 
        D660  3 0.1467 0.6292 0.2241 
        D661  3 0.2509 0.4382 0.3109 
        D663  3 0.3426 0.1631 0.4943 
        D664  3 0.0854 0.4530 0.4616 
        D665  3 0.2127 0.6947 0.0925 
        D666  3 0.2370 0.2363 0.5267 
        D009  4 0.4935 0.4015 0.1050 
        D057  4 0.2736 0.5945 0.1318 
        D109  4 0.1803 0.6246 0.1951 
     D237222  4 0.0923 0.8030 0.1047 
     D237223  4 0.2726 0.5789 0.1485 
     D237224  4 0.5225 0.1609 0.3166 
     D237225  4 0.5064 0.3630 0.1305 
     D237299  4 0.3289 0.5076 0.1634 
     D237300  4 0.0442 0.0712 0.8846 
     D237306  4 0.2700 0.1774 0.5526 
     D237307  4 0.3970 0.1736 0.4294 
     D237308  4 0.2131 0.6087 0.1782 
     D237309  4 0.5290 0.3633 0.1077 
     D237317  4 0.2405 0.1126 0.6469 
     D237318  4 0.0685 0.0814 0.8501 
     D237319  4 0.3260 0.4547 0.2193 
     D237320  4 0.3651 0.4548 0.1801 
     D237321  4 0.1027 0.1353 0.7620 
     D237397  4 0.2238 0.3295 0.4467 
     D237398  4 0.4087 0.2425 0.3488 
     D237399  4 0.3395 0.1417 0.5188 
     D244001  4 0.1013 0.8485 0.0502 
        D289  4 0.6042 0.1236 0.2721 
        D290  4 0.2985 0.1782 0.5233 
        D294  4 0.6024 0.1832 0.2144 
        D295  4 0.6113 0.1489 0.2398 
        D301  4 0.0374 0.8561 0.1065 
        D302  4 0.8287 0.0876 0.0837 
        D303  4 0.1147 0.1248 0.7605 
        D304  4 0.2061 0.0650 0.7290 
        D305  4 0.3847 0.5660 0.0494 
        D306  4 0.2423 0.1432 0.6145 
        D307  4 0.0441 0.8464 0.1096 
        D327  4 0.7704 0.0725 0.1570 
        D328  4 0.2183 0.1090 0.6727 
        D329  4 0.3189 0.4409 0.2402 
        D330  4 0.7283 0.2357 0.0361 
        D331  4 0.2162 0.1976 0.5861 
        D333  4 0.2736 0.2579 0.4685 
        D334  4 0.2884 0.1137 0.5979 
        D335  4 0.8129 0.1068 0.0802 
        D370  4 0.1297 0.3155 0.5548 
        D371  4 0.1699 0.0654 0.7647 
        D372  4 0.0380 0.0905 0.8715 
        D373  4 0.0783 0.8751 0.0466 
        D455  4 0.0733 0.8673 0.0595 
        D490  4 0.0583 0.8958 0.0458 
        D497  4 0.0493 0.9017 0.0490 
        D498  4 0.1394 0.2250 0.6356 
        D499  4 0.2441 0.1582 0.5977 
        D514  4 0.7619 0.1218 0.1163 
        D515  4 0.4005 0.5222 0.0773 
        D516  4 0.3759 0.3699 0.2542 
        D517  4 0.0992 0.8446 0.0562 
        D518  4 0.3397 0.5015 0.1588 
        D519  4 0.3830 0.5350 0.0819 
        D560  4 0.4316 0.5005 0.0679 
        D561  4 0.6677 0.3081 0.0241 
        D562  4 0.4104 0.2930 0.2966 
        D563  4 0.4717 0.4454 0.0828 
        D572  4 0.7808 0.1286 0.0906 
        D629  4 0.6891 0.1802 0.1307 
        D630  4 0.5242 0.2099 0.2658 
        D631  4 0.5007 0.2527 0.2466 
        D632  4 0.1055 0.8465 0.0479 
        D646  4 0.5900 0.3563 0.0537 
        D647  4 0.7754 0.1726 0.0520 
        D648  4 0.2341 0.1959 0.5700 
        D649  4 0.7165 0.2166 0.0669 
        D650  4 0.5256 0.1814 0.2931 
        D708  4 0.2181 0.0944 0.6875 
        D709  4 0.2660 0.1487 0.5853 
        D738  4 0.2687 0.2206 0.5107 
        D739  4 0.3034 0.4546 0.2420 
        D740  4 0.1283 0.3507 0.5210 
        D741  4 0.6817 0.2788 0.0396 
        D742  4 0.3570 0.2492 0.3938 
        D743  4 0.8313 0.0662 0.1025 
        D744  4 0.8456 0.0973 0.0572 
        D745  4 0.3349 0.5920 0.0731 
        D814  4 0.3578 0.5360 0.1061 
        D815  4 0.6816 0.1198 0.1986 
        D828  4 0.0518 0.1061 0.8421 
        D845  4 0.0994 0.0417 0.8588 
        D846  4 0.6481 0.2898 0.0621 
        D847  4 0.4182 0.2232 0.3586 
        D848  4 0.0601 0.8705 0.0694 
        D849  4 0.2507 0.6911 0.0582 
        D850  4 0.6005 0.2106 0.1889 
        D856  4 0.4738 0.3024 0.2238 
        D857  4 0.0201 0.9225 0.0574 
        D859  4 0.6009 0.1167 0.2823 
        D860  4 0.3268 0.0872 0.5860 
        D883  4 0.4455 0.2282 0.3264 
        D884  4 0.4609 0.2478 0.2913 
        D885  4 0.5385 0.3186 0.1429 
        D886  4 0.4853 0.4128 0.1019 
        D887  4 0.3115 0.1921 0.4964 
        D889  4 0.1362 0.0319 0.8319 
        D890  4 0.1892 0.2204 0.5904 
        D891  4 0.0376 0.0339 0.9285 
        D899  4 0.2192 0.1451 0.6358 
        D900  4 0.5498 0.1712 0.2790 
        D970  4 0.6564 0.1338 0.2098 
        D971  4 0.2646 0.6823 0.0531 
        D979  4 0.8585 0.0714 0.0701 
        D093  5 0.0819 0.0594 0.8587 
        D154  5 0.3281 0.2585 0.4134 
        D168  5 0.2916 0.5559 0.1525 
        D189  5 0.1091 0.0590 0.8318 
        D190  5 0.1310 0.0702 0.7987 
     D237220  5 0.2852 0.3035 0.4113 
     D237221  5 0.2408 0.1393 0.6199 
     D237274  5 0.8994 0.0678 0.0327 
     D237275  5 0.1186 0.6095 0.2719 
     D237276  5 0.3369 0.2847 0.3783 
     D237277  5 0.0823 0.0584 0.8593 
     D237278  5 0.1158 0.6001 0.2841 
     D237279  5 0.1773 0.7724 0.0503 
     D237280  5 0.3164 0.4426 0.2410 
     D237281  5 0.4827 0.2181 0.2992 
     D237351  5 0.0983 0.6779 0.2238 
     D237352  5 0.3126 0.5957 0.0917 
     D237353  5 0.0538 0.0390 0.9072 
     D237359  5 0.3148 0.2867 0.3985 
     D237361  5 0.0530 0.0485 0.8985 
     D237362  5 0.4134 0.1616 0.4250 
     D237363  5 0.3177 0.4154 0.2669 
     D237364  5 0.5131 0.3891 0.0978 
     D237376  5 0.0615 0.0864 0.8521 
     D237377  5 0.4415 0.4155 0.1429 
     D237378  5 0.0636 0.0599 0.8766 
     D237379  5 0.1822 0.1068 0.7109 
     D237380  5 0.0977 0.7242 0.1782 
     D237381  5 0.1298 0.7191 0.1510 
     D237391  5 0.1130 0.0566 0.8304 
     D237392  5 0.6977 0.2190 0.0833 
     D237393  5 0.4436 0.1902 0.3662 
     D237394  5 0.1068 0.0473 0.8459 
     D237395  5 0.1225 0.2180 0.6595 
     D237396  5 0.5797 0.2594 0.1609 
     D244016  5 0.2743 0.1540 0.5717 
     D244018  5 0.2051 0.4996 0.2953 
     D244019  5 0.6073 0.1460 0.2468 
        D279  5 0.2844 0.2978 0.4178 
        D280  5 0.2103 0.1399 0.6498 
        D281  5 0.2707 0.1000 0.6293 
        D283  5 0.2975 0.0575 0.6450 
        D284  5 0.2254 0.5627 0.2119 
        D285  5 0.1422 0.0557 0.8020 
        D286  5 0.3532 0.1262 0.5206 
        D287  5 0.0622 0.1208 0.8170 
        D288  5 0.3036 0.0824 0.6139 
        D308  5 0.1435 0.8123 0.0442 
        D309  5 0.8815 0.0910 0.0275 
        D310  5 0.0526 0.0320 0.9153 
        D311  5 0.4400 0.0985 0.4615 
        D312  5 0.2846 0.1297 0.5857 
        D313  5 0.0178 0.9539 0.0283 
        D314  5 0.1800 0.3993 0.4207 
        D315  5 0.2772 0.1382 0.5846 
        D317  5 0.0746 0.0547 0.8707 
        D318  5 0.5364 0.2058 0.2577 
        D319  5 0.0545 0.0586 0.8869 
        D320  5 0.1169 0.0558 0.8273 
        D321  5 0.0989 0.6386 0.2625 
        D336  5 0.0968 0.0513 0.8518 
        D337  5 0.0421 0.0264 0.9315 
        D338  5 0.3884 0.2791 0.3325 
        D339  5 0.0623 0.1214 0.8163 
        D347  5 0.4322 0.1140 0.4537 
        D348  5 0.0959 0.0509 0.8531 
        D349  5 0.0580 0.8027 0.1393 
        D350  5 0.8583 0.0805 0.0612 
        D355  5 0.7153 0.0631 0.2216 
        D356  5 0.2765 0.1350 0.5885 
        D357  5 0.1755 0.1867 0.6378 
        D358  5 0.2319 0.2135 0.5546 
        D359  5 0.4279 0.0565 0.5156 
        D360  5 0.1844 0.0809 0.7347 
        D361  5 0.0522 0.8970 0.0508 
        D366  5 0.6570 0.3011 0.0418 
        D367  5 0.0757 0.0758 0.8484 
        D368  5 0.2141 0.2757 0.5102 
        D380  5 0.6524 0.2641 0.0835 
        D381  5 0.1614 0.0967 0.7419 
        D400  5 0.1999 0.0830 0.7171 
        D411  5 0.0369 0.9277 0.0354 
        D412  5 0.2220 0.4124 0.3656 
        D413  5 0.2096 0.7378 0.0525 
        D414  5 0.6255 0.1998 0.1747 
        D420  5 0.1220 0.2241 0.6539 
        D431  5 0.0472 0.1858 0.7670 
        D432  5 0.0987 0.2216 0.6797 
        D433  5 0.0812 0.0577 0.8611 
        D434  5 0.2403 0.1284 0.6313 
        D440  5 0.8760 0.0793 0.0447 
        D447  5 0.7533 0.2021 0.0446 
        D448  5 0.1017 0.0500 0.8483 
        D459  5 0.5813 0.0908 0.3278 
        D460  5 0.1584 0.7242 0.1173 
        D461  5 0.9108 0.0424 0.0468 
        D468  5 0.3539 0.1999 0.4462 
        D469  5 0.5951 0.1581 0.2469 
        D470  5 0.3402 0.4142 0.2456 
        D471  5 0.1270 0.0387 0.8344 
        D472  5 0.8676 0.0777 0.0547 
        D479  5 0.1995 0.7412 0.0593 
        D485  5 0.1999 0.2187 0.5814 
        D486  5 0.3460 0.3520 0.3020 
        D487  5 0.0856 0.1223 0.7921 
        D555  5 0.0580 0.0577 0.8843 
        D556  5 0.0908 0.0904 0.8188 
        D557  5 0.1034 0.0415 0.8550 
        D564  5 0.2231 0.1729 0.6040 
        D594  5 0.5299 0.2163 0.2538 
        D595  5 0.2535 0.1315 0.6150 
        D596  5 0.0407 0.0396 0.9197 
        D597  5 0.4284 0.1135 0.4581 
        D598  5 0.1811 0.2598 0.5591 
        D617  5 0.0762 0.8680 0.0558 
        D618  5 0.1632 0.0919 0.7449 
        D619  5 0.2788 0.4729 0.2483 
        D620  5 0.2257 0.6997 0.0746 
        D628  5 0.3383 0.4112 0.2505 
        D714  5 0.0575 0.0555 0.8870 
        D715  5 0.1495 0.0457 0.8049 
        D716  5 0.3839 0.1201 0.4959 
        D717  5 0.5885 0.1639 0.2477 
        D718  5 0.1047 0.3992 0.4960 
        D769  5 0.0913 0.8469 0.0618 
        D770  5 0.2107 0.2084 0.5809 
        D771  5 0.1552 0.3242 0.5206 
        D772  5 0.2125 0.0987 0.6888 
        D782  5 0.2070 0.6808 0.1122 
        D783  5 0.3853 0.2751 0.3395 
        D784  5 0.7521 0.0767 0.1712 
        D785  5 0.1496 0.1000 0.7504 
        D786  5 0.2910 0.6612 0.0478 
        D821  5 0.0413 0.0233 0.9354 
        D822  5 0.6693 0.0973 0.2334 
        D826  5 0.1295 0.0957 0.7747 
        D827  5 0.8172 0.1193 0.0635 
        D851  5 0.3156 0.3337 0.3507 
        D852  5 0.1305 0.1705 0.6990 
        D853  5 0.1886 0.1104 0.7009 
        D854  5 0.4834 0.2646 0.2520 
        D861  5 0.1671 0.2591 0.5738 
        D862  5 0.5238 0.0956 0.3805 
        D865  5 0.0483 0.0690 0.8827 
        D868  5 0.7048 0.0900 0.2052 
        D869  5 0.0480 0.9046 0.0475 
        D870  5 0.5916 0.3741 0.0342 
        D907  5 0.0572 0.0899 0.8530 
        D908  5 0.0509 0.1348 0.8144 
        D910  5 0.1563 0.0659 0.7778 
        D911  5 0.5983 0.0604 0.3413 
        D934  5 0.2135 0.1658 0.6207 
        D946  5 0.1203 0.2186 0.6610 
        D947  5 0.4910 0.1380 0.3709 
        D948  5 0.0911 0.7111 0.1978 
        D949  5 0.1146 0.7327 0.1527 
        D950  5 0.5387 0.0847 0.3766 
        D951  5 0.6496 0.2482 0.1022 
        D952  5 0.6707 0.0648 0.2644 
        D953  5 0.1473 0.0586 0.7942 
        D954  5 0.4417 0.0957 0.4626 
        D961  5 0.1139 0.2368 0.6494 
        D962  5 0.1898 0.0490 0.7612 
        D963  5 0.5134 0.0778 0.4088 
        D964  5 0.2422 0.3075 0.4504 
        D965  5 0.5564 0.1973 0.2463 
        D966  5 0.2865 0.0917 0.6219 
        D967  5 0.1238 0.2265 0.6496 
        D991  5 0.3447 0.2872 0.3681 
        D502  6 0.2226 0.6656 0.1118 
        D503  6 0.0781 0.7281 0.1939 
        D504  6 0.6176 0.1637 0.2187 
        D505  6 0.2896 0.2336 0.4768 
        D506  6 0.0698 0.0651 0.8652 
        D507  6 0.2975 0.4827 0.2199 
        D508  6 0.5708 0.1557 0.2735 
        D529  6 0.2437 0.2496 0.5067 
        D530  6 0.0737 0.3916 0.5347 
        D531  6 0.5265 0.1191 0.3543 
        D532  6 0.4368 0.1678 0.3955 
        D534  6 0.1342 0.8278 0.0380 
        D535  6 0.3074 0.1812 0.5115 
        D536  6 0.1073 0.8552 0.0375 
        D554  6 0.1481 0.2670 0.5849 
        D587  6 0.1859 0.1018 0.7123 
        D588  6 0.3093 0.1989 0.4919 
        D589  6 0.1105 0.3447 0.5448 
        D590  6 0.1531 0.7627 0.0842 
        D591  6 0.1827 0.2179 0.5993 
        D592  6 0.0608 0.8521 0.0871 
        D593  6 0.1068 0.2296 0.6636 
        D682  6 0.0621 0.0764 0.8615 
        D683  6 0.5255 0.1021 0.3724 
        D684  6 0.3645 0.5540 0.0815 
        D685  6 0.0962 0.4248 0.4789 
        D686  6 0.1191 0.2095 0.6715 
        D724  6 0.5418 0.3108 0.1474 
        D725  6 0.2160 0.2941 0.4899 
        D726  6 0.0723 0.0602 0.8675 
        D727  6 0.3854 0.4582 0.1564 
        D728  6 0.1678 0.1519 0.6803 
        D729  6 0.2213 0.7482 0.0305 
        D730  6 0.3157 0.5383 0.1461 
        D731  6 0.0290 0.0370 0.9340 
        D732  6 0.6682 0.1603 0.1715 
        D733  6 0.3940 0.2896 0.3164 
     D237251  7 0.1181 0.1438 0.7381 
     D237252  7 0.1929 0.6742 0.1328 
     D237253  7 0.1740 0.1135 0.7125 
     D237254  7 0.0626 0.9051 0.0323 
     D237255  7 0.1532 0.1471 0.6997 
     D237256  7 0.5820 0.1445 0.2735 
     D237257  7 0.3280 0.5294 0.1426 
     D237282  7 0.7588 0.2022 0.0390 
     D237283  7 0.0406 0.9107 0.0487 
     D237284  7 0.1154 0.8450 0.0396 
     D237285  7 0.1998 0.2445 0.5557 
     D237286  7 0.5167 0.1170 0.3662 
     D237287  7 0.5635 0.2797 0.1568 
     D244006  7 0.0715 0.9023 0.0262 
     D244007  7 0.4550 0.4855 0.0595 
     D244008  7 0.0612 0.8439 0.0949 
     D244009  7 0.3787 0.4010 0.2202 
     D244010  7 0.3109 0.4317 0.2574 
     D244011  7 0.1788 0.2171 0.6041 
     D244012  7 0.4814 0.3314 0.1872 
     D244013  7 0.3113 0.1350 0.5538 
     D244014  7 0.1405 0.5990 0.2605 
     D244015  7 0.4070 0.5395 0.0534 
     D244125  7 0.2206 0.0865 0.6929 
     D244126  7 0.0775 0.8941 0.0284 
     D244130  7 0.2477 0.5258 0.2265 
     D244131  7 0.4236 0.2477 0.3288 
     D244132  7 0.4432 0.0828 0.4740 
        D520  7 0.1798 0.3491 0.4711 
        D521  7 0.5115 0.2540 0.2345 
        D522  7 0.2110 0.7108 0.0782 
        D523  7 0.1553 0.2590 0.5857 
        D524  7 0.1803 0.2019 0.6178 
        D525  7 0.0791 0.6958 0.2251 
        D526  7 0.1074 0.8625 0.0301 
        D527  7 0.4662 0.1603 0.3735 
        D528  7 0.2630 0.7126 0.0244 
        D558  7 0.6727 0.2887 0.0385 
        D559  7 0.7435 0.1986 0.0579 
        D640  7 0.1980 0.0779 0.7241 
        D641  7 0.0518 0.1875 0.7607 
        D642  7 0.1017 0.8100 0.0883 
        D644  7 0.2193 0.2722 0.5086 
        D645  7 0.2579 0.2172 0.5249 
        D662  7 0.3689 0.4834 0.1477 
        D687  7 0.3024 0.2215 0.4761 
        D688  7 0.6671 0.2635 0.0694 
        D689  7 0.1993 0.1161 0.6846 
        D700  7 0.2874 0.6811 0.0316 
        D797  7 0.2271 0.1712 0.6017 
        D798  7 0.3447 0.5550 0.1003 
        D799  7 0.1514 0.3992 0.4494 
        D800  7 0.6311 0.2952 0.0736 
        D132  8 0.0885 0.8451 0.0664 
        D133  8 0.1252 0.8275 0.0473 
        D200  8 0.2285 0.1652 0.6063 
        D500  8 0.0442 0.9138 0.0420 
        D614  8 0.2041 0.1427 0.6532 
        D723  8 0.5859 0.3185 0.0956 
        D888  8 0.1137 0.0723 0.8140 
        D901  8 0.1994 0.5957 0.2048 
        D902  8 0.1180 0.1886 0.6934 
        D903  8 0.7524 0.0849 0.1627 
        D904  8 0.6255 0.2347 0.1399 
        D905  8 0.0219 0.0271 0.9509 
        D906  8 0.4569 0.4132 0.1299 
        D937  8 0.0360 0.0866 0.8773 
        D943  8 0.4452 0.3702 0.1845 
        D972  8 0.5183 0.3900 0.0917 
        D973  8 0.7934 0.1453 0.0613 
        D974  8 0.3512 0.3251 0.3237 
        D975  8 0.2340 0.1821 0.5838 
        D976  8 0.1830 0.3144 0.5026 
        D201  9 0.3187 0.4428 0.2385 
        D202  9 0.1194 0.3966 0.4840 
     D237259  9 0.5154 0.4464 0.0381 
     D237260  9 0.0766 0.5940 0.3294 
     D237262  9 0.0354 0.9143 0.0503 
     D237263  9 0.1595 0.6579 0.1826 
     D237264  9 0.2195 0.5300 0.2505 
     D237265  9 0.0364 0.2919 0.6717 
     D237266  9 0.1367 0.8109 0.0524 
     D237267  9 0.1343 0.3866 0.4791 
     D237268  9 0.2832 0.4587 0.2581 
     D237289  9 0.0852 0.3042 0.6106 
     D237290  9 0.1059 0.3719 0.5221 
     D237291  9 0.0904 0.5156 0.3940 
     D237292  9 0.0942 0.8280 0.0778 
     D237293  9 0.2211 0.3957 0.3832 
     D237294  9 0.0609 0.7222 0.2169 
     D237295  9 0.4688 0.2127 0.3185 
     D237296  9 0.1959 0.3122 0.4919 
     D237297  9 0.2301 0.1030 0.6669 
     D237298  9 0.5354 0.2854 0.1792 
     D237341  9 0.3123 0.3847 0.3030 
     D237342  9 0.1768 0.6784 0.1448 
     D237343  9 0.2078 0.6624 0.1298 
     D237344  9 0.1063 0.2202 0.6736 
     D237345  9 0.0827 0.8881 0.0292 
     D237346  9 0.0613 0.6138 0.3248 
     D237347  9 0.1318 0.0966 0.7716 
     D237348  9 0.1775 0.5256 0.2970 
     D237349  9 0.3574 0.6035 0.0391 
     D244109  9 0.3364 0.6222 0.0414 
     D244110  9 0.2688 0.5368 0.1944 
     D244111  9 0.3861 0.3366 0.2772 
     D244128  9 0.1178 0.8262 0.0560 
     D244137  9 0.6919 0.2380 0.0701 
     D244138  9 0.1094 0.3066 0.5839 
        D580  9 0.4358 0.4827 0.0815 
        D581  9 0.1008 0.6277 0.2715 
        D582  9 0.1146 0.8207 0.0647 
        D583  9 0.0707 0.8524 0.0769 
        D584  9 0.0658 0.4183 0.5158 
        D585  9 0.1566 0.6530 0.1903 
        D586  9 0.0337 0.0627 0.9036 
        D651  9 0.6081 0.1723 0.2196 
        D652  9 0.3298 0.6331 0.0370 
        D653  9 0.6983 0.1114 0.1903 
        D654  9 0.4209 0.5487 0.0304 
        D655  9 0.1206 0.1419 0.7375 
        D656  9 0.0687 0.8876 0.0437 
        D657  9 0.3236 0.5280 0.1483 
        D667  9 0.0594 0.0881 0.8525 
        D668  9 0.1321 0.4446 0.4233 
        D669  9 0.1663 0.3727 0.4610 
        D670  9 0.7337 0.2032 0.0632 
        D671  9 0.2846 0.4934 0.2220 
        D672  9 0.1645 0.7428 0.0927 
        D673  9 0.1890 0.2476 0.5635 
        D692  9 0.1100 0.8440 0.0460 
        D693  9 0.2277 0.3347 0.4376 
        D694  9 0.0710 0.8184 0.1105 
        D695  9 0.3219 0.4305 0.2476 
        D696  9 0.0498 0.0461 0.9041 
        D697  9 0.1947 0.2040 0.6013 
        D698  9 0.1254 0.5294 0.3452 
        D699  9 0.0576 0.1650 0.7774 
        D787  9 0.3847 0.5279 0.0875 
        D788  9 0.2302 0.1887 0.5811 
        D789  9 0.1595 0.4650 0.3755 
        D790  9 0.3088 0.5102 0.1810 
        D791  9 0.1058 0.2055 0.6888 
        D792  9 0.4559 0.4603 0.0838 
        D793  9 0.1712 0.1000 0.7289 
        D794  9 0.4214 0.2265 0.3521 
        D795  9 0.0412 0.7112 0.2477 
        D796  9 0.0954 0.2200 0.6847 
        D142 10 0.3255 0.1464 0.5281 
        D143 10 0.1545 0.7828 0.0627 
        D144 10 0.3590 0.2700 0.3711 
        D145 10 0.1672 0.1165 0.7163 
        D146 10 0.3206 0.5301 0.1493 
        D147 10 0.5748 0.2989 0.1263 
        D148 10 0.6860 0.2208 0.0932 
        D149 10 0.2734 0.4455 0.2811 
        D151 10 0.5085 0.3180 0.1735 
        D152 10 0.0989 0.7696 0.1315 
        D153 10 0.6412 0.1143 0.2444 
        D156 10 0.8546 0.0715 0.0739 
        D157 10 0.1028 0.2328 0.6644 
        D158 10 0.1071 0.2134 0.6795 
        D159 10 0.2158 0.7271 0.0571 
        D160 10 0.0186 0.0220 0.9593 
        D161 10 0.5762 0.1928 0.2309 
        D162 10 0.6881 0.0818 0.2300 
        D169 10 0.0806 0.8507 0.0687 
        D170 10 0.1241 0.7694 0.1065 
        D171 10 0.4282 0.2006 0.3712 
        D172 10 0.5837 0.2545 0.1618 
        D173 10 0.3055 0.6630 0.0314 
        D181 10 0.2728 0.0950 0.6322 
        D182 10 0.4049 0.4109 0.1842 
        D183 10 0.0875 0.0811 0.8314 
        D184 10 0.0825 0.8945 0.0230 
        D185 10 0.6912 0.1522 0.1566 
        D186 10 0.1018 0.8496 0.0486 
        D194 10 0.2685 0.6183 0.1132 
        D195 10 0.2439 0.1472 0.6089 
        D196 10 0.5864 0.0802 0.3333 
        D197 10 0.0443 0.8813 0.0744 
        D198 10 0.4332 0.2469 0.3200 
     D237226 10 0.2371 0.3109 0.4521 
     D237232 10 0.0838 0.1147 0.8015 
     D237233 10 0.0655 0.3152 0.6193 
     D237234 10 0.2364 0.1679 0.5957 
     D237354 10 0.0888 0.0525 0.8587 
     D237355 10 0.0673 0.0639 0.8688 
     D237356 10 0.4436 0.1820 0.3744 
     D237357 10 0.1928 0.7084 0.0988 
     D237358 10 0.2435 0.7090 0.0476 
     D237369 10 0.3409 0.6350 0.0241 
     D237370 10 0.1015 0.1642 0.7343 
     D237371 10 0.6341 0.2275 0.1385 
     D237372 10 0.2316 0.7194 0.0490 
     D237373 10 0.1178 0.0832 0.7990 
     D237374 10 0.0319 0.0247 0.9434 
     D237375 10 0.5403 0.3380 0.1216 
     D237400 10 0.1446 0.6308 0.2246 
     D244002 10 0.5719 0.3931 0.0350 
     D244003 10 0.0259 0.0757 0.8984 
     D244004 10 0.0223 0.0401 0.9376 
     D244005 10 0.1042 0.4087 0.4871 
     D244020 10 0.3689 0.1195 0.5116 
     D244021 10 0.3539 0.5347 0.1114 
     D244116 10 0.1958 0.6747 0.1294 
     D244117 10 0.0896 0.1108 0.7996 
     D244121 10 0.0740 0.2242 0.7018 
     D244123 10 0.1124 0.1203 0.7673 
     D244124 10 0.0729 0.7757 0.1515 
        D332 10 0.8070 0.1052 0.0878 
        D570 10 0.1847 0.0753 0.7399 
        D602 10 0.8788 0.0727 0.0485 
        D603 10 0.1865 0.3091 0.5043 
        D604 10 0.6253 0.2446 0.1301 
        D605 10 0.6478 0.1764 0.1758 
        D606 10 0.0714 0.6999 0.2287 
        D607 10 0.9130 0.0520 0.0350 
        D608 10 0.2576 0.7151 0.0273 
        D609 10 0.2445 0.0686 0.6870 
        D610 10 0.2943 0.1317 0.5740 
        D611 10 0.0387 0.0213 0.9400 
        D613 10 0.5285 0.1029 0.3686 
        D633 10 0.7878 0.1556 0.0566 
        D634 10 0.2435 0.2102 0.5463 
        D638 10 0.1187 0.5113 0.3700 
        D681 10 0.2914 0.3122 0.3964 
        D754 10 0.1097 0.3613 0.5290 
        D755 10 0.0346 0.2142 0.7513 
        D756 10 0.0940 0.1635 0.7425 
        D757 10 0.2561 0.4188 0.3251 
        D758 10 0.3673 0.3173 0.3154 
        D759 10 0.0860 0.1313 0.7827 
        D760 10 0.2807 0.1300 0.5893 
        D761 10 0.0300 0.0614 0.9086 
        D762 10 0.7851 0.1269 0.0881 
        D775 10 0.0303 0.0809 0.8887 
        D776 10 0.0521 0.1004 0.8475 
        D777 10 0.0561 0.1151 0.8288 
        D778 10 0.0729 0.5600 0.3672 
        D779 10 0.1493 0.2435 0.6071 
        D780 10 0.3416 0.1594 0.4990 
        D781 10 0.7680 0.1489 0.0831 
        D858 10 0.0456 0.9140 0.0404 
        D933 10 0.3450 0.0978 0.5572 
        D038 11 0.1559 0.1550 0.6891 
        D063 11 0.1791 0.1438 0.6771 
        D155 11 0.1235 0.1341 0.7423 
        D175 11 0.1721 0.2985 0.5294 
        D176 11 0.1275 0.4038 0.4687 
        D205 11 0.1123 0.2169 0.6707 
     D237229 11 0.4657 0.4780 0.0564 
     D237230 11 0.6549 0.3123 0.0328 
     D237231 11 0.8992 0.0597 0.0411 
     D237269 11 0.5139 0.2645 0.2216 
     D237270 11 0.1518 0.7908 0.0574 
     D237271 11 0.3120 0.1623 0.5257 
     D237272 11 0.5043 0.4429 0.0528 
     D237273 11 0.0931 0.1058 0.8011 
     D237301 11 0.7866 0.0675 0.1459 
     D237302 11 0.1967 0.6514 0.1519 
     D237303 11 0.2272 0.7378 0.0350 
     D237304 11 0.5565 0.2395 0.2040 
     D237305 11 0.0858 0.7713 0.1429 
     D237314 11 0.1798 0.1372 0.6830 
     D237315 11 0.2360 0.6090 0.1551 
     D237316 11 0.8325 0.0756 0.0919 
     D237328 11 0.5452 0.2693 0.1855 
     D237329 11 0.1541 0.5963 0.2496 
     D237330 11 0.0881 0.0680 0.8440 
     D237331 11 0.1534 0.1063 0.7403 
     D237332 11 0.4993 0.1890 0.3117 
     D237333 11 0.0987 0.0850 0.8163 
     D237334 11 0.8019 0.0958 0.1023 
     D237335 11 0.4535 0.1990 0.3475 
     D237336 11 0.1086 0.1802 0.7112 
     D237350 11 0.2966 0.1968 0.5066 
     D237383 11 0.1331 0.4155 0.4514 
     D237384 11 0.5715 0.2302 0.1982 
     D237385 11 0.4772 0.2600 0.2628 
     D237386 11 0.6934 0.1439 0.1627 
     D237387 11 0.7071 0.1872 0.1057 
     D237388 11 0.2229 0.0645 0.7126 
        D239 11 0.2024 0.0865 0.7111 
        D240 11 0.0750 0.4447 0.4804 
        D241 11 0.3846 0.4215 0.1940 
        D242 11 0.7105 0.1318 0.1578 
        D243 11 0.0992 0.1061 0.7947 
        D244 11 0.0862 0.1316 0.7821 
        D245 11 0.4120 0.4879 0.1001 
        D246 11 0.3476 0.2080 0.4444 
        D247 11 0.2827 0.4852 0.2321 
        D248 11 0.7123 0.1385 0.1492 
        D249 11 0.1581 0.3985 0.4434 
        D250 11 0.5996 0.1248 0.2757 
        D251 11 0.2002 0.1586 0.6412 
        D252 11 0.5328 0.2487 0.2186 
        D253 11 0.0871 0.1337 0.7792 
        D254 11 0.3088 0.6498 0.0414 
        D255 11 0.3516 0.1489 0.4995 
        D256 11 0.2620 0.1539 0.5841 
        D257 11 0.0792 0.8309 0.0899 
        D258 11 0.1838 0.7163 0.0999 
        D259 11 0.2819 0.6595 0.0586 
        D260 11 0.2253 0.4741 0.3006 
        D261 11 0.4743 0.1036 0.4221 
        D262 11 0.2131 0.5548 0.2321 
        D263 11 0.2659 0.2025 0.5317 
        D264 11 0.4461 0.4632 0.0907 
        D265 11 0.3781 0.4211 0.2007 
        D266 11 0.3936 0.1214 0.4851 
        D267 11 0.3462 0.1523 0.5015 
        D268 11 0.2398 0.0500 0.7103 
        D269 11 0.7326 0.0491 0.2183 
        D270 11 0.6757 0.1239 0.2004 
        D271 11 0.2072 0.3369 0.4559 
        D272 11 0.4793 0.1699 0.3507 
        D273 11 0.1148 0.8532 0.0320 
        D274 11 0.3335 0.2597 0.4068 
        D275 11 0.5311 0.1899 0.2790 
        D276 11 0.4249 0.0520 0.5231 
        D277 11 0.4466 0.2053 0.3480 
        D278 11 0.1434 0.3557 0.5010 
        D282 11 0.0756 0.8449 0.0794 
        D296 11 0.3910 0.0804 0.5286 
        D297 11 0.4033 0.1831 0.4136 
        D298 11 0.4261 0.1006 0.4734 
        D299 11 0.2396 0.1227 0.6378 
        D300 11 0.2044 0.2239 0.5717 
        D382 11 0.4757 0.1344 0.3899 
        D383 11 0.0786 0.3116 0.6098 
        D387 11 0.1224 0.2311 0.6465 
        D388 11 0.8824 0.0433 0.0743 
        D389 11 0.4983 0.0726 0.4291 
        D390 11 0.6654 0.0976 0.2370 
        D396 11 0.6033 0.2034 0.1933 
        D397 11 0.1382 0.7556 0.1062 
        D398 11 0.1482 0.2478 0.6040 
        D399 11 0.7277 0.2152 0.0571 
        D437 11 0.2278 0.6739 0.0983 
        D441 11 0.1414 0.0470 0.8115 
        D442 11 0.3430 0.2535 0.4035 
        D443 11 0.0643 0.0400 0.8957 
        D444 11 0.6828 0.1512 0.1660 
        D445 11 0.6563 0.2329 0.1108 
        D446 11 0.3791 0.5519 0.0690 
        D451 11 0.4438 0.1636 0.3926 
        D452 11 0.5826 0.2090 0.2085 
        D453 11 0.8559 0.0754 0.0687 
        D454 11 0.1858 0.6811 0.1331 
        D457 11 0.3099 0.1811 0.5090 
        D458 11 0.5048 0.0721 0.4231 
        D466 11 0.1649 0.7652 0.0698 
        D467 11 0.1038 0.2061 0.6900 
        D475 11 0.0542 0.8703 0.0755 
        D488 11 0.6304 0.1634 0.2062 
        D489 11 0.3883 0.4684 0.1432 
        D493 11 0.6439 0.2715 0.0847 
        D494 11 0.6780 0.1526 0.1693 
        D495 11 0.2202 0.6604 0.1193 
        D496 11 0.1143 0.0685 0.8172 
        D674 11 0.1059 0.1679 0.7262 
        D675 11 0.1289 0.0578 0.8133 
        D676 11 0.3083 0.3343 0.3574 
        D680 11 0.0467 0.1100 0.8432 
        D701 11 0.4495 0.2615 0.2890 
        D702 11 0.5310 0.4025 0.0665 
        D703 11 0.3575 0.3253 0.3173 
        D704 11 0.2905 0.2603 0.4492 
        D705 11 0.2983 0.6682 0.0335 
        D706 11 0.0886 0.6480 0.2634 
        D707 11 0.6121 0.2122 0.1757 
        D751 11 0.5889 0.1404 0.2707 
        D752 11 0.2630 0.1467 0.5902 
        D753 11 0.5343 0.3794 0.0863 
        D773 11 0.0769 0.9045 0.0186 
        D774 11 0.6011 0.2028 0.1962 
        D801 11 0.2782 0.1327 0.5892 
        D802 11 0.6858 0.2060 0.1082 
        D803 11 0.1075 0.0670 0.8255 
        D804 11 0.4452 0.2891 0.2657 
        D805 11 0.4260 0.1936 0.3803 
        D806 11 0.1000 0.8464 0.0536 
        D809 11 0.2841 0.1622 0.5537 
        D810 11 0.1737 0.0364 0.7900 
        D812 11 0.4451 0.3624 0.1926 
        D813 11 0.2796 0.2541 0.4663 
        D823 11 0.3436 0.1909 0.4655 
        D824 11 0.1355 0.3466 0.5178 
        D829 11 0.7281 0.1410 0.1308 
        D830 11 0.6490 0.2847 0.0663 
        D831 11 0.2507 0.3236 0.4257 
        D832 11 0.1057 0.5905 0.3038 
        D833 11 0.5307 0.0705 0.3988 
        D834 11 0.5565 0.1070 0.3365 
        D835 11 0.3281 0.3505 0.3214 
        D855 11 0.3279 0.1751 0.4970 
        D863 11 0.0372 0.0705 0.8923 
        D864 11 0.2091 0.1468 0.6441 
        D878 11 0.2131 0.0794 0.7075 
        D879 11 0.3007 0.5573 0.1420 
        D880 11 0.5878 0.0815 0.3306 
        D881 11 0.0714 0.0624 0.8662 
        D882 11 0.3209 0.2742 0.4048 
        D909 11 0.5494 0.1232 0.3274 
        D921 11 0.3577 0.0947 0.5476 
        D924 11 0.2793 0.1291 0.5916 
        D935 11 0.7656 0.1116 0.1228 
        D940 11 0.0381 0.0638 0.8980 
        D941 11 0.3554 0.0804 0.5643 
        D942 11 0.0782 0.8790 0.0428 
        D980 11 0.7828 0.1247 0.0925 
        D981 11 0.3133 0.5525 0.1343 
        D982 11 0.2311 0.6985 0.0704 
        D983 11 0.3702 0.0627 0.5671 
        D984 11 0.5013 0.1597 0.3391 
        D992 11 0.3845 0.5441 0.0714 
        D993 11 0.2851 0.1540 0.5609 
        D994 11 0.2835 0.1763 0.5402 
        D995 11 0.1929 0.4982 0.3090 
        H354 11 0.3399 0.6123 0.0479 
        D005 12 0.4636 0.4446 0.0917 
        D035 12 0.1388 0.3211 0.5400 
        D067 12 0.4614 0.1220 0.4166 
        D134 12 0.1443 0.2672 0.5884 
        D135 12 0.3793 0.3171 0.3036 
        D136 12 0.8415 0.1194 0.0391 
        D137 12 0.6651 0.2335 0.1014 
        D138 12 0.2228 0.3214 0.4557 
        D139 12 0.7039 0.0730 0.2231 
        D140 12 0.2442 0.4010 0.3549 
        D141 12 0.0411 0.9292 0.0297 
        D150 12 0.0468 0.8660 0.0873 
        D177 12 0.2584 0.3420 0.3996 
        D178 12 0.9257 0.0445 0.0298 
        D179 12 0.6587 0.2706 0.0707 
        D180 12 0.6727 0.2713 0.0560 
        D187 12 0.1089 0.1829 0.7082 
        D188 12 0.0422 0.9298 0.0280 
        D191 12 0.0420 0.8958 0.0622 
        D418 12 0.0724 0.8817 0.0459 
        D601 12 0.2361 0.6857 0.0782 
        D836 12 0.2673 0.6362 0.0964 
        D837 12 0.5117 0.2382 0.2501 
        D838 12 0.0922 0.0511 0.8567 
        D839 12 0.3575 0.4124 0.2302 
        D840 12 0.4594 0.1581 0.3825 
        D841 12 0.2208 0.2611 0.5181 
        D842 12 0.0202 0.9586 0.0212 
        D843 12 0.2304 0.1351 0.6345 
        D844 12 0.1898 0.7249 0.0853 
        D912 12 0.6408 0.0541 0.3051 
        D913 12 0.1759 0.7183 0.1057 
