        D174  1 0.0554 0.0178 0.0859 0.3269 0.0751 0.0367 0.0673 0.0731 0.0413 0.0681 0.0201 0.1322 
        D199  1 0.0325 0.0329 0.0239 0.1013 0.1119 0.1510 0.0249 0.0925 0.1097 0.1135 0.1383 0.0677 
        D203  1 0.1243 0.0334 0.0146 0.0430 0.0723 0.1142 0.0791 0.0541 0.1811 0.0468 0.0811 0.1560 
        D204  1 0.0249 0.1090 0.0214 0.0214 0.0212 0.0304 0.0328 0.0220 0.6237 0.0151 0.0193 0.0588 
     D237366  1 0.1095 0.0779 0.0246 0.0374 0.0471 0.0400 0.0141 0.0441 0.0313 0.3270 0.0332 0.2137 
     D237367  1 0.1183 0.0392 0.1096 0.0315 0.0831 0.0637 0.0413 0.0439 0.1240 0.1722 0.0200 0.1532 
     D237368  1 0.0711 0.0449 0.0301 0.0959 0.0730 0.0668 0.0380 0.0307 0.1759 0.3100 0.0282 0.0355 
     D244101  1 0.0308 0.4132 0.0291 0.0171 0.0671 0.0560 0.0234 0.0356 0.1179 0.0176 0.1310 0.0612 
     D244102  1 0.0903 0.0554 0.0628 0.0291 0.0842 0.0424 0.1389 0.2625 0.0544 0.0535 0.0605 0.0661 
     D244103  1 0.2454 0.0283 0.0895 0.0363 0.1060 0.0346 0.0276 0.0714 0.0731 0.1651 0.0222 0.1005 
     D244104  1 0.0218 0.0212 0.1052 0.0549 0.0267 0.0321 0.0245 0.0139 0.6035 0.0494 0.0260 0.0208 
     D244105  1 0.0884 0.0172 0.0217 0.0149 0.1171 0.0252 0.0472 0.0248 0.0213 0.0613 0.0285 0.5324 
     D244106  1 0.1133 0.0213 0.0202 0.4617 0.0547 0.0733 0.0235 0.0489 0.0639 0.0197 0.0349 0.0646 
     D244107  1 0.0304 0.0755 0.0370 0.0159 0.1388 0.0699 0.1500 0.0229 0.0363 0.3567 0.0291 0.0374 
     D244108  1 0.0415 0.0224 0.0271 0.2434 0.0605 0.0308 0.3249 0.0498 0.0356 0.0190 0.0394 0.1054 
     D244113  1 0.0375 0.0523 0.0838 0.2495 0.0354 0.0310 0.0285 0.3987 0.0162 0.0292 0.0151 0.0229 
     D244114  1 0.1198 0.0277 0.0270 0.0571 0.2045 0.0319 0.0352 0.0513 0.0290 0.0341 0.1021 0.2802 
     D244115  1 0.0518 0.0224 0.0326 0.1694 0.1419 0.0224 0.2321 0.0468 0.1614 0.0430 0.0328 0.0434 
     D267365  1 0.0334 0.0352 0.0395 0.1037 0.0609 0.0276 0.0311 0.0542 0.2597 0.0872 0.1930 0.0745 
        D404  1 0.0774 0.0864 0.0402 0.1655 0.0426 0.0293 0.0422 0.4232 0.0231 0.0184 0.0186 0.0330 
        D405  1 0.0366 0.0386 0.0375 0.0239 0.0508 0.0509 0.0442 0.5449 0.0813 0.0238 0.0282 0.0393 
        D406  1 0.0877 0.0439 0.0135 0.0397 0.0462 0.0191 0.1092 0.0175 0.0564 0.3382 0.0215 0.2070 
        D407  1 0.0362 0.0186 0.0635 0.0208 0.0685 0.0800 0.0170 0.0284 0.3709 0.2522 0.0148 0.0291 
        D408  1 0.0336 0.0315 0.2598 0.2721 0.0543 0.0141 0.0525 0.0835 0.0536 0.0223 0.1036 0.0191 
        D409  1 0.3829 0.0224 0.0394 0.0451 0.1655 0.0389 0.0364 0.0345 0.0894 0.0870 0.0296 0.0288 
        D410  1 0.0259 0.0272 0.0224 0.0217 0.0220 0.0110 0.7256 0.0267 0.0510 0.0180 0.0134 0.0353 
        D421  1 0.0100 0.0105 0.0161 0.0201 0.0128 0.0330 0.0085 0.0094 0.8086 0.0410 0.0136 0.0164 
        D422  1 0.0674 0.0185 0.0207 0.0131 0.0438 0.0193 0.0235 0.0190 0.0568 0.6348 0.0289 0.0542 
        D423  1 0.0260 0.0164 0.0135 0.0155 0.0435 0.0470 0.5989 0.0309 0.0469 0.0676 0.0140 0.0798 
        D424  1 0.0323 0.0204 0.0260 0.0333 0.1108 0.0272 0.0184 0.0299 0.5974 0.0359 0.0148 0.0535 
        D425  1 0.0317 0.0295 0.0435 0.0712 0.1287 0.0195 0.0820 0.1127 0.1665 0.0467 0.0417 0.2261 
        D426  1 0.2880 0.0140 0.0805 0.0257 0.2396 0.0250 0.0149 0.0165 0.0352 0.1426 0.0927 0.0255 
        D427  1 0.0207 0.0145 0.0283 0.1494 0.0232 0.3152 0.0148 0.0109 0.3569 0.0313 0.0206 0.0142 
        D428  1 0.0326 0.0574 0.0418 0.1651 0.1045 0.0352 0.0866 0.1146 0.1798 0.0944 0.0374 0.0506 
        D429  1 0.0620 0.0261 0.0219 0.0889 0.0644 0.0263 0.0245 0.0914 0.4350 0.0243 0.0397 0.0952 
        D430  1 0.1622 0.0201 0.0418 0.1102 0.1723 0.0571 0.0388 0.1088 0.0881 0.0527 0.0669 0.0810 
        D491  1 0.0324 0.0323 0.0716 0.5728 0.0303 0.0119 0.0260 0.0418 0.0993 0.0395 0.0281 0.0142 
        D492  1 0.0438 0.0531 0.0233 0.0785 0.1327 0.0439 0.0379 0.1393 0.2494 0.1385 0.0206 0.0390 
        D537  1 0.0176 0.0545 0.0762 0.0234 0.0670 0.0343 0.0657 0.0853 0.2035 0.0732 0.0189 0.2804 
        D538  1 0.2911 0.0470 0.0296 0.0764 0.1160 0.0644 0.0709 0.1080 0.0512 0.0969 0.0196 0.0288 
        D539  1 0.0873 0.0372 0.0625 0.0977 0.0849 0.0346 0.0463 0.0695 0.0325 0.0296 0.2340 0.1838 
        D540  1 0.0427 0.0211 0.3282 0.0256 0.1009 0.0228 0.0472 0.0457 0.1810 0.1048 0.0441 0.0359 
        D541  1 0.0145 0.0150 0.0137 0.0122 0.0147 0.0151 0.0169 0.0108 0.8403 0.0134 0.0190 0.0143 
        D551  1 0.1676 0.0224 0.0379 0.0342 0.2526 0.1071 0.0200 0.0305 0.0264 0.0621 0.0956 0.1435 
        D552  1 0.0841 0.0547 0.1199 0.1542 0.0966 0.0313 0.1565 0.0156 0.1321 0.0556 0.0446 0.0548 
        D553  1 0.0118 0.0168 0.0228 0.0132 0.0179 0.0106 0.0155 0.0087 0.8329 0.0157 0.0210 0.0130 
        D615  1 0.0823 0.0219 0.0377 0.0479 0.0745 0.0539 0.0768 0.0659 0.4315 0.0250 0.0359 0.0467 
        D616  1 0.0764 0.0191 0.0426 0.0499 0.1271 0.0713 0.0983 0.0240 0.3089 0.0703 0.0639 0.0481 
        D621  1 0.0532 0.2460 0.0487 0.0946 0.0543 0.0237 0.1733 0.0677 0.0144 0.1295 0.0227 0.0718 
        D622  1 0.1048 0.0463 0.0675 0.0312 0.0767 0.0237 0.1419 0.0213 0.0336 0.1967 0.0295 0.2268 
        D623  1 0.0340 0.1905 0.0293 0.1836 0.0674 0.1135 0.0751 0.1782 0.0187 0.0247 0.0509 0.0338 
        D624  1 0.0218 0.0113 0.0218 0.7131 0.0419 0.0146 0.0202 0.0219 0.0400 0.0301 0.0295 0.0339 
        D625  1 0.0598 0.0559 0.0352 0.0546 0.0541 0.0165 0.0628 0.0184 0.4906 0.0418 0.0223 0.0880 
        D626  1 0.0607 0.0222 0.1590 0.2518 0.0633 0.0318 0.0814 0.0352 0.0436 0.1023 0.0385 0.1102 
        D627  1 0.3932 0.0163 0.0286 0.0288 0.1507 0.0229 0.0152 0.0158 0.1076 0.0963 0.1040 0.0205 
        D690  1 0.0211 0.0299 0.0199 0.0380 0.0217 0.0091 0.0380 0.0155 0.7306 0.0438 0.0128 0.0196 
        D691  1 0.1160 0.0229 0.0234 0.0360 0.0285 0.0171 0.0542 0.0148 0.0363 0.2502 0.0229 0.3776 
        D710  1 0.0473 0.0959 0.0626 0.1125 0.0951 0.0311 0.0572 0.0487 0.2236 0.1728 0.0320 0.0211 
        D711  1 0.0555 0.0444 0.0116 0.0239 0.0307 0.0188 0.0267 0.0255 0.6929 0.0297 0.0139 0.0264 
        D712  1 0.0421 0.0402 0.0999 0.3981 0.0596 0.0332 0.0332 0.1043 0.0282 0.0689 0.0623 0.0299 
        D713  1 0.0250 0.0910 0.0410 0.0769 0.0797 0.0202 0.0527 0.2566 0.0540 0.0777 0.0205 0.2048 
        D746  1 0.0932 0.0316 0.0447 0.0318 0.0340 0.0373 0.0644 0.0132 0.0667 0.4120 0.0162 0.1550 
        D747  1 0.0153 0.0268 0.0130 0.0155 0.0134 0.0205 0.0137 0.0130 0.8143 0.0135 0.0210 0.0200 
        D748  1 0.1012 0.0595 0.0455 0.0280 0.0331 0.0158 0.0604 0.0208 0.0968 0.1104 0.0217 0.4068 
        D749  1 0.0660 0.0618 0.0215 0.0832 0.2221 0.0329 0.0740 0.0958 0.0227 0.1555 0.0298 0.1346 
        D750  1 0.0258 0.0403 0.0283 0.4857 0.0411 0.0204 0.0584 0.0257 0.1726 0.0335 0.0251 0.0432 
        D763  1 0.0537 0.1476 0.1378 0.0187 0.1297 0.1033 0.0296 0.0369 0.0435 0.0653 0.1392 0.0948 
        D764  1 0.0238 0.0167 0.0283 0.1770 0.0371 0.0150 0.0786 0.0167 0.5170 0.0535 0.0165 0.0200 
        D765  1 0.0548 0.0132 0.0277 0.0886 0.0353 0.0139 0.5772 0.0406 0.0237 0.0500 0.0252 0.0498 
        D766  1 0.0356 0.0871 0.0824 0.0272 0.0473 0.0227 0.4248 0.0381 0.0381 0.0455 0.0170 0.1341 
        D767  1 0.1477 0.1824 0.0263 0.0234 0.0755 0.0586 0.0683 0.1273 0.0713 0.0683 0.0300 0.1210 
        D768  1 0.0212 0.0158 0.0205 0.0132 0.0439 0.0214 0.0252 0.0133 0.7254 0.0269 0.0180 0.0553 
        D811  1 0.0714 0.0158 0.2650 0.0850 0.0574 0.0162 0.1102 0.2807 0.0140 0.0247 0.0267 0.0329 
        D816  1 0.0139 0.0167 0.0140 0.0163 0.0288 0.0149 0.0180 0.0258 0.7810 0.0210 0.0212 0.0284 
        D825  1 0.0651 0.0192 0.0467 0.1307 0.0912 0.0137 0.3509 0.0926 0.0842 0.0355 0.0223 0.0481 
        D866  1 0.0858 0.0181 0.0654 0.1461 0.0790 0.0765 0.0596 0.0496 0.0606 0.0246 0.3075 0.0271 
        D867  1 0.0261 0.0778 0.0337 0.0252 0.0514 0.0406 0.0314 0.0601 0.0179 0.5779 0.0191 0.0388 
        D871  1 0.5045 0.0319 0.0493 0.0434 0.1296 0.0224 0.0174 0.0233 0.0538 0.0714 0.0243 0.0287 
        D872  1 0.2419 0.0351 0.0231 0.0288 0.0656 0.0445 0.1736 0.0637 0.0956 0.0404 0.0239 0.1637 
        D873  1 0.0223 0.0435 0.0150 0.0105 0.0192 0.0245 0.6871 0.1112 0.0099 0.0342 0.0104 0.0123 
        D874  1 0.0304 0.5948 0.0353 0.0677 0.0346 0.0185 0.0172 0.0554 0.0673 0.0126 0.0333 0.0328 
        D875  1 0.4732 0.0207 0.0313 0.0208 0.1094 0.0147 0.0758 0.0196 0.0265 0.1283 0.0179 0.0619 
        D876  1 0.0596 0.0910 0.0538 0.0979 0.0873 0.0200 0.0466 0.0250 0.3167 0.0408 0.0559 0.1054 
        D877  1 0.0462 0.0671 0.0283 0.0922 0.0544 0.0205 0.0280 0.5506 0.0223 0.0126 0.0200 0.0578 
        D892  1 0.0977 0.0282 0.0169 0.1249 0.0437 0.0168 0.0297 0.0251 0.1231 0.1032 0.0175 0.3732 
        D893  1 0.0374 0.0489 0.0436 0.0155 0.0660 0.0261 0.0444 0.0178 0.5072 0.0480 0.0592 0.0859 
        D894  1 0.0960 0.0226 0.0155 0.0351 0.0574 0.0229 0.0226 0.0213 0.6291 0.0319 0.0228 0.0227 
        D915  1 0.0465 0.0268 0.0340 0.0423 0.0461 0.0256 0.1454 0.0280 0.2727 0.0440 0.0335 0.2552 
        D916  1 0.0117 0.0123 0.0105 0.0162 0.0129 0.0087 0.0153 0.0090 0.8640 0.0143 0.0095 0.0156 
        D917  1 0.0277 0.1300 0.0389 0.1454 0.1189 0.0397 0.0238 0.0922 0.1228 0.0664 0.1570 0.0373 
        D925  1 0.0238 0.0171 0.0451 0.0653 0.0407 0.0159 0.4149 0.0356 0.2423 0.0434 0.0275 0.0284 
        D926  1 0.0545 0.0627 0.0323 0.0415 0.1679 0.0195 0.0433 0.0379 0.3516 0.0416 0.0324 0.1148 
        D927  1 0.0413 0.0359 0.0309 0.0441 0.1204 0.2175 0.0222 0.0357 0.1766 0.0918 0.1196 0.0638 
        D928  1 0.0143 0.0177 0.0148 0.7007 0.0206 0.0161 0.0308 0.0507 0.0901 0.0133 0.0126 0.0183 
        D929  1 0.1776 0.2876 0.0290 0.0446 0.0515 0.0162 0.0263 0.1990 0.0279 0.0807 0.0231 0.0365 
        D936  1 0.0301 0.1620 0.0278 0.0209 0.0553 0.0401 0.0299 0.0301 0.3811 0.0179 0.1388 0.0660 
        D938  1 0.0787 0.0609 0.0526 0.0322 0.0367 0.0130 0.1490 0.0231 0.0179 0.2994 0.0147 0.2218 
        D956  1 0.0952 0.0278 0.0348 0.4680 0.0578 0.0324 0.0584 0.0990 0.0559 0.0202 0.0264 0.0240 
        D957  1 0.0970 0.0486 0.0138 0.0301 0.0474 0.0267 0.4463 0.0663 0.0500 0.0210 0.0235 0.1293 
        D958  1 0.0668 0.0540 0.0337 0.1098 0.0901 0.0220 0.3003 0.0266 0.0885 0.0305 0.0148 0.1629 
        D959  1 0.0272 0.0119 0.0538 0.0194 0.0590 0.0598 0.0179 0.0218 0.3775 0.2829 0.0124 0.0564 
        D960  1 0.1079 0.0361 0.0106 0.0347 0.0838 0.0271 0.0840 0.1061 0.0252 0.2871 0.0169 0.1804 
        D989  1 0.0246 0.0237 0.0411 0.4747 0.0526 0.0730 0.0210 0.0383 0.0463 0.0398 0.1247 0.0402 
        D990  1 0.0411 0.0254 0.0192 0.0632 0.0507 0.0301 0.5189 0.0118 0.0175 0.0439 0.1536 0.0246 
        D023  2 0.0121 0.0157 0.0161 0.0119 0.0153 0.0146 0.0148 0.0086 0.0272 0.8409 0.0103 0.0125 
        D130  2 0.1434 0.0198 0.0207 0.0145 0.0350 0.0387 0.0232 0.0700 0.0725 0.3850 0.0134 0.1640 
        D131  2 0.1586 0.0490 0.1535 0.0428 0.2000 0.0246 0.0542 0.0202 0.1448 0.0291 0.0806 0.0425 
        D163  2 0.0287 0.0400 0.0252 0.0471 0.0439 0.0136 0.0365 0.0153 0.0537 0.5475 0.0360 0.1125 
        D164  2 0.0135 0.0169 0.0265 0.0104 0.0167 0.5022 0.3263 0.0172 0.0110 0.0227 0.0133 0.0235 
        D165  2 0.0168 0.0260 0.0204 0.0121 0.0206 0.0261 0.0170 0.0108 0.0233 0.7844 0.0225 0.0200 
        D166  2 0.2186 0.0576 0.0628 0.0165 0.1314 0.0418 0.0441 0.2147 0.0264 0.0479 0.0350 0.1031 
        D167  2 0.0210 0.0101 0.0130 0.0257 0.0255 0.7464 0.0155 0.0839 0.0144 0.0148 0.0175 0.0123 
        D192  2 0.0150 0.0218 0.0163 0.0162 0.0158 0.8165 0.0132 0.0293 0.0100 0.0117 0.0207 0.0134 
        D193  2 0.0444 0.0265 0.0199 0.0307 0.0439 0.0194 0.0212 0.6594 0.0176 0.0194 0.0344 0.0632 
        D206  2 0.0286 0.0188 0.3040 0.0148 0.0720 0.2750 0.0225 0.0468 0.0370 0.0452 0.0262 0.1090 
        D207  2 0.0366 0.0187 0.0256 0.0179 0.0672 0.5028 0.0266 0.1490 0.0270 0.0348 0.0597 0.0340 
        D208  2 0.0369 0.0420 0.2305 0.1150 0.0700 0.0483 0.0350 0.0445 0.0491 0.0357 0.2349 0.0581 
        D209  2 0.0409 0.1151 0.0602 0.0272 0.1441 0.3965 0.0380 0.0396 0.0227 0.0589 0.0326 0.0243 
        D210  2 0.0518 0.0319 0.0297 0.4814 0.0488 0.0637 0.0234 0.0295 0.0624 0.0266 0.1036 0.0471 
     D229599  2 0.0715 0.1072 0.0376 0.0425 0.1266 0.0444 0.0571 0.0448 0.1179 0.0880 0.2212 0.0410 
     D229600  2 0.0738 0.0239 0.0205 0.0205 0.0733 0.3095 0.0431 0.0657 0.0246 0.2442 0.0192 0.0817 
     D237227  2 0.0360 0.0195 0.0334 0.2731 0.0732 0.0470 0.2495 0.0219 0.0533 0.0564 0.1131 0.0235 
     D237228  2 0.0243 0.0123 0.0170 0.0885 0.0712 0.0343 0.5910 0.0504 0.0116 0.0170 0.0602 0.0222 
     D237258  2 0.0441 0.0382 0.0812 0.0557 0.1361 0.1016 0.0564 0.0984 0.0554 0.1807 0.1121 0.0401 
     D237310  2 0.1945 0.0253 0.0181 0.0346 0.0289 0.0315 0.5232 0.0670 0.0100 0.0244 0.0177 0.0249 
     D237311  2 0.0272 0.0170 0.0165 0.0192 0.0348 0.1269 0.6020 0.0371 0.0109 0.0291 0.0211 0.0583 
     D237312  2 0.1279 0.0572 0.0393 0.0412 0.0693 0.0204 0.2514 0.1510 0.0183 0.0774 0.0172 0.1294 
     D237313  2 0.0969 0.0460 0.2676 0.0626 0.1334 0.0202 0.1045 0.0266 0.0752 0.0291 0.0643 0.0738 
     D237322  2 0.1713 0.0799 0.0453 0.0736 0.2023 0.0326 0.0898 0.0518 0.0232 0.0381 0.1320 0.0601 
     D237323  2 0.1174 0.0236 0.0124 0.1088 0.0252 0.0201 0.5171 0.0369 0.0161 0.0431 0.0423 0.0370 
     D237324  2 0.0581 0.0506 0.0237 0.0146 0.3203 0.1409 0.0407 0.0225 0.0456 0.1142 0.1163 0.0526 
     D237325  2 0.0728 0.0467 0.0294 0.0482 0.0517 0.0526 0.3081 0.0446 0.0182 0.0478 0.0350 0.2449 
     D237326  2 0.0185 0.0384 0.0149 0.0322 0.0349 0.0276 0.6546 0.0259 0.0381 0.0382 0.0286 0.0480 
     D237327  2 0.1389 0.1108 0.0328 0.0395 0.1939 0.0622 0.0259 0.0280 0.0508 0.0828 0.1654 0.0690 
     D237337  2 0.0315 0.0158 0.0272 0.0223 0.0256 0.0134 0.7526 0.0175 0.0158 0.0167 0.0173 0.0443 
     D237338  2 0.0729 0.0810 0.0347 0.0921 0.0961 0.0640 0.1404 0.0230 0.0300 0.0674 0.0939 0.2047 
     D237339  2 0.0261 0.5801 0.0322 0.0149 0.0650 0.0811 0.0205 0.0493 0.0225 0.0173 0.0459 0.0450 
     D237340  2 0.0364 0.0216 0.0180 0.0844 0.0466 0.1479 0.3695 0.0725 0.0136 0.0357 0.0412 0.1127 
     D237389  2 0.0550 0.0230 0.0198 0.0187 0.0453 0.0633 0.4860 0.1569 0.0170 0.0350 0.0166 0.0633 
     D237390  2 0.0547 0.0295 0.0342 0.0542 0.0464 0.0178 0.2182 0.0775 0.0179 0.0373 0.0436 0.3686 
     D244017  2 0.0436 0.0171 0.0173 0.1618 0.0685 0.3058 0.0274 0.2533 0.0179 0.0417 0.0256 0.0201 
     D244112  2 0.0514 0.0163 0.0139 0.0174 0.0254 0.7464 0.0190 0.0368 0.0179 0.0231 0.0161 0.0164 
     D244118  2 0.0185 0.0280 0.0107 0.0256 0.0273 0.6102 0.0374 0.0268 0.0098 0.1506 0.0248 0.0303 
     D244119  2 0.0207 0.0105 0.0218 0.5453 0.0203 0.2581 0.0316 0.0262 0.0159 0.0130 0.0218 0.0148 
     D244120  2 0.0812 0.0418 0.0156 0.0284 0.0313 0.2512 0.0257 0.3630 0.0099 0.0201 0.0856 0.0461 
     D244122  2 0.0379 0.0302 0.0555 0.0290 0.0317 0.5701 0.0170 0.1129 0.0265 0.0336 0.0204 0.0352 
        D291  2 0.0517 0.0169 0.1080 0.0128 0.1110 0.0401 0.0243 0.0406 0.0691 0.1077 0.3978 0.0201 
        D292  2 0.0424 0.0350 0.0237 0.0527 0.0601 0.1686 0.0715 0.0484 0.1860 0.0244 0.2556 0.0316 
        D293  2 0.0212 0.1863 0.0245 0.0162 0.0812 0.4172 0.0132 0.0128 0.1033 0.0158 0.0619 0.0465 
        D322  2 0.0342 0.2498 0.0205 0.0188 0.0844 0.3512 0.0389 0.0183 0.0911 0.0364 0.0301 0.0263 
        D323  2 0.0355 0.0396 0.5418 0.0241 0.0434 0.0776 0.0310 0.0828 0.0193 0.0280 0.0326 0.0442 
        D324  2 0.0519 0.0200 0.0904 0.0475 0.1049 0.0309 0.0948 0.0224 0.0858 0.1072 0.2751 0.0689 
        D325  2 0.0206 0.0284 0.0180 0.0128 0.0374 0.6782 0.0162 0.0134 0.0389 0.0278 0.0733 0.0349 
        D326  2 0.0190 0.0127 0.0204 0.0286 0.0267 0.0142 0.0128 0.0155 0.7953 0.0149 0.0227 0.0173 
        D340  2 0.0220 0.0258 0.0164 0.0204 0.0199 0.7760 0.0207 0.0149 0.0246 0.0157 0.0262 0.0175 
        D341  2 0.0906 0.0347 0.0548 0.0377 0.0437 0.3928 0.0294 0.0177 0.0198 0.0202 0.0408 0.2176 
        D342  2 0.0626 0.0179 0.0614 0.0175 0.0786 0.5146 0.0613 0.0427 0.0248 0.0728 0.0196 0.0262 
        D343  2 0.0132 0.0143 0.0092 0.0091 0.0149 0.8648 0.0092 0.0073 0.0161 0.0119 0.0152 0.0146 
        D344  2 0.0681 0.3117 0.0241 0.0144 0.0966 0.0392 0.0386 0.2430 0.0622 0.0149 0.0213 0.0659 
        D345  2 0.0291 0.2016 0.0994 0.0295 0.1146 0.0479 0.2231 0.0349 0.0797 0.0671 0.0481 0.0249 
        D346  2 0.0341 0.0387 0.3792 0.2410 0.0349 0.0478 0.0262 0.0443 0.0504 0.0383 0.0392 0.0259 
        D351  2 0.0717 0.0884 0.0540 0.0243 0.1436 0.0266 0.0557 0.0259 0.1774 0.0656 0.1421 0.1247 
        D352  2 0.0279 0.6053 0.0207 0.0462 0.0850 0.0342 0.0406 0.0482 0.0179 0.0219 0.0307 0.0213 
        D353  2 0.0273 0.1063 0.0285 0.0145 0.5645 0.0262 0.0158 0.0270 0.1204 0.0171 0.0227 0.0297 
        D354  2 0.0271 0.6071 0.0304 0.0374 0.0435 0.0128 0.0499 0.0794 0.0611 0.0137 0.0168 0.0210 
        D362  2 0.0166 0.0204 0.0278 0.0162 0.0277 0.0190 0.0268 0.0376 0.6413 0.1284 0.0199 0.0182 
        D363  2 0.0181 0.0215 0.0391 0.0247 0.0224 0.0187 0.0187 0.0228 0.7009 0.0768 0.0214 0.0147 
        D364  2 0.0374 0.2487 0.0354 0.0273 0.0863 0.0205 0.0394 0.0569 0.3779 0.0206 0.0211 0.0286 
        D365  2 0.0140 0.0399 0.0167 0.0272 0.0219 0.7918 0.0182 0.0116 0.0154 0.0110 0.0140 0.0183 
        D369  2 0.0414 0.0211 0.1149 0.1210 0.0830 0.0881 0.1022 0.0245 0.1904 0.0436 0.1259 0.0440 
        D374  2 0.0117 0.0145 0.0173 0.0552 0.0214 0.0126 0.0149 0.7964 0.0138 0.0106 0.0167 0.0148 
        D375  2 0.0289 0.6637 0.0389 0.0183 0.0414 0.0154 0.0170 0.1015 0.0162 0.0187 0.0112 0.0287 
        D376  2 0.0355 0.0560 0.0263 0.2137 0.0664 0.0364 0.0337 0.4470 0.0177 0.0171 0.0267 0.0234 
        D377  2 0.0456 0.0307 0.4611 0.0307 0.0705 0.0344 0.1420 0.0522 0.0157 0.0303 0.0325 0.0542 
        D378  2 0.0411 0.2512 0.0876 0.0256 0.1043 0.1637 0.0256 0.0118 0.0986 0.1051 0.0490 0.0364 
        D379  2 0.0459 0.0458 0.1876 0.0258 0.0800 0.0218 0.0242 0.0322 0.3981 0.0185 0.0210 0.0990 
        D384  2 0.0180 0.0135 0.0342 0.0441 0.0237 0.0148 0.0197 0.0146 0.7598 0.0125 0.0208 0.0245 
        D385  2 0.0194 0.1402 0.0356 0.0355 0.0290 0.6236 0.0203 0.0289 0.0174 0.0134 0.0195 0.0173 
        D386  2 0.0475 0.4086 0.0502 0.0180 0.1286 0.0681 0.0312 0.0497 0.0588 0.0545 0.0199 0.0650 
        D391  2 0.0201 0.1641 0.0390 0.0163 0.0324 0.5984 0.0208 0.0128 0.0229 0.0162 0.0216 0.0354 
        D392  2 0.0456 0.0237 0.0427 0.0426 0.0531 0.4599 0.1347 0.0242 0.0760 0.0430 0.0318 0.0227 
        D393  2 0.0467 0.3249 0.1364 0.0198 0.0414 0.0529 0.0342 0.0126 0.1545 0.0357 0.0955 0.0455 
        D394  2 0.1010 0.1507 0.0188 0.0272 0.1498 0.0626 0.1185 0.0673 0.0679 0.1210 0.0435 0.0715 
        D395  2 0.0379 0.3219 0.0258 0.0210 0.0903 0.3330 0.0226 0.0500 0.0104 0.0266 0.0390 0.0215 
        D401  2 0.0176 0.0102 0.0513 0.0230 0.0268 0.0252 0.7560 0.0272 0.0144 0.0131 0.0169 0.0183 
        D402  2 0.0343 0.0892 0.0594 0.0174 0.0267 0.6307 0.0256 0.0202 0.0173 0.0155 0.0445 0.0192 
        D403  2 0.1426 0.0881 0.0464 0.0181 0.2469 0.0340 0.0219 0.0452 0.1690 0.0457 0.0214 0.1207 
        D415  2 0.0835 0.0306 0.0244 0.0154 0.1557 0.0199 0.1146 0.0211 0.4123 0.0404 0.0155 0.0665 
        D435  2 0.0339 0.0520 0.0188 0.0137 0.0411 0.1228 0.0288 0.0157 0.5657 0.0278 0.0410 0.0389 
        D436  2 0.0340 0.2738 0.0215 0.0359 0.0513 0.0236 0.0315 0.1037 0.0433 0.0284 0.0225 0.3305 
        D438  2 0.0152 0.0139 0.0383 0.0221 0.0151 0.8114 0.0125 0.0146 0.0110 0.0149 0.0162 0.0148 
        D439  2 0.0336 0.5640 0.0776 0.0134 0.0762 0.0406 0.0332 0.0206 0.0433 0.0492 0.0267 0.0216 
        D449  2 0.0371 0.0216 0.0379 0.0239 0.1428 0.5154 0.0226 0.0200 0.0547 0.0448 0.0174 0.0618 
        D450  2 0.1324 0.1492 0.0785 0.1030 0.1419 0.0229 0.0339 0.0677 0.1019 0.0650 0.0533 0.0502 
        D456  2 0.0242 0.0232 0.0247 0.0174 0.0285 0.0103 0.0160 0.0173 0.7750 0.0236 0.0187 0.0212 
        D462  2 0.0193 0.1563 0.0176 0.0146 0.0221 0.6297 0.0136 0.0171 0.0392 0.0235 0.0253 0.0218 
        D463  2 0.0212 0.0320 0.0330 0.0313 0.0292 0.0117 0.0212 0.0237 0.7500 0.0129 0.0141 0.0198 
        D464  2 0.0451 0.2213 0.0310 0.0318 0.3272 0.0816 0.0228 0.1307 0.0468 0.0183 0.0196 0.0239 
        D465  2 0.0448 0.0233 0.0621 0.0184 0.0613 0.4059 0.1034 0.0338 0.1329 0.0532 0.0322 0.0289 
        D473  2 0.0587 0.0890 0.0557 0.4229 0.0559 0.0347 0.1214 0.0258 0.0193 0.0582 0.0251 0.0332 
        D474  2 0.0218 0.0300 0.0255 0.0343 0.0369 0.0304 0.0323 0.0129 0.5802 0.0494 0.1229 0.0233 
        D476  2 0.0314 0.5035 0.0138 0.0130 0.0400 0.0389 0.0126 0.0123 0.0177 0.2198 0.0337 0.0634 
        D477  2 0.0364 0.2233 0.0943 0.0401 0.0731 0.0185 0.1147 0.0226 0.2508 0.0182 0.0830 0.0249 
        D478  2 0.0635 0.0577 0.0397 0.0567 0.1272 0.0457 0.0274 0.0942 0.0347 0.3826 0.0340 0.0364 
        D480  2 0.0896 0.2560 0.1195 0.1024 0.0773 0.0481 0.0234 0.0236 0.0991 0.0230 0.0536 0.0845 
        D481  2 0.0599 0.1579 0.0297 0.0629 0.0910 0.0473 0.0577 0.0304 0.2897 0.1174 0.0378 0.0182 
        D482  2 0.0508 0.2720 0.0743 0.0808 0.0956 0.0325 0.0569 0.0470 0.0188 0.0398 0.1754 0.0562 
        D483  2 0.0173 0.0153 0.0152 0.0699 0.0212 0.7505 0.0159 0.0208 0.0160 0.0197 0.0238 0.0145 
        D484  2 0.0205 0.7476 0.0201 0.0223 0.0249 0.0230 0.0139 0.0672 0.0081 0.0147 0.0230 0.0147 
        D510  2 0.0193 0.0219 0.0330 0.2353 0.0412 0.0223 0.0254 0.3345 0.0218 0.0182 0.1536 0.0734 
        D511  2 0.0285 0.6508 0.0538 0.0195 0.0337 0.0307 0.0225 0.0147 0.0445 0.0418 0.0328 0.0266 
        D512  2 0.0808 0.0252 0.0338 0.0137 0.0615 0.0994 0.5428 0.0426 0.0189 0.0336 0.0292 0.0185 
        D513  2 0.0342 0.0238 0.1237 0.0464 0.0860 0.3996 0.0369 0.0350 0.0328 0.0361 0.0627 0.0827 
        D635  2 0.0195 0.0204 0.0324 0.0203 0.0619 0.0298 0.0199 0.0146 0.1681 0.5720 0.0225 0.0187 
        D636  2 0.0134 0.0147 0.0580 0.0157 0.0218 0.0186 0.0338 0.0111 0.0208 0.7645 0.0101 0.0175 
        D637  2 0.0474 0.2292 0.1031 0.0534 0.0776 0.1054 0.0541 0.0638 0.0246 0.0255 0.0495 0.1664 
        D658  2 0.0495 0.1641 0.0161 0.0888 0.0543 0.3958 0.0720 0.0395 0.0187 0.0175 0.0318 0.0519 
        D659  2 0.0311 0.0517 0.0326 0.0290 0.0663 0.0242 0.0156 0.0267 0.4723 0.0732 0.0830 0.0942 
        D677  2 0.0612 0.0170 0.0900 0.0153 0.0490 0.0511 0.0470 0.0394 0.0645 0.0521 0.0480 0.4654 
        D678  2 0.0351 0.0202 0.0357 0.0133 0.0966 0.5562 0.0315 0.1245 0.0168 0.0283 0.0204 0.0213 
        D679  2 0.0509 0.0631 0.3582 0.0363 0.0806 0.0360 0.0270 0.0216 0.1632 0.0363 0.0768 0.0500 
        D719  2 0.0203 0.0462 0.0440 0.3303 0.0542 0.1222 0.0581 0.0294 0.1085 0.0119 0.1410 0.0339 
        D720  2 0.0323 0.0188 0.0545 0.0605 0.0488 0.0256 0.0350 0.0254 0.5415 0.0253 0.0293 0.1032 
        D721  2 0.0305 0.0285 0.0387 0.0303 0.0239 0.0440 0.0158 0.0107 0.0360 0.6878 0.0287 0.0250 
        D722  2 0.0157 0.0193 0.0516 0.0588 0.0381 0.0323 0.0444 0.6555 0.0152 0.0121 0.0364 0.0205 
        D734  2 0.0250 0.6169 0.0267 0.1304 0.0249 0.0471 0.0130 0.0340 0.0211 0.0160 0.0268 0.0183 
        D735  2 0.1097 0.0848 0.2894 0.0521 0.1291 0.0434 0.0685 0.0243 0.1069 0.0310 0.0267 0.0340 
        D736  2 0.0297 0.0450 0.0392 0.2029 0.0541 0.0475 0.0515 0.0307 0.0631 0.0445 0.3281 0.0637 
        D737  2 0.0376 0.1036 0.0171 0.0346 0.0494 0.5181 0.0429 0.0478 0.0141 0.0304 0.0720 0.0325 
        D807  2 0.0486 0.0932 0.0643 0.1174 0.0671 0.0333 0.0763 0.0391 0.1534 0.0413 0.1431 0.1229 
        D808  2 0.2169 0.0603 0.0254 0.0286 0.1868 0.0684 0.1607 0.0317 0.0683 0.0353 0.0556 0.0620 
        D817  2 0.0229 0.0441 0.6388 0.0170 0.0380 0.0158 0.0312 0.0394 0.0567 0.0258 0.0303 0.0400 
        D818  2 0.0959 0.0318 0.0364 0.0255 0.1790 0.1482 0.0160 0.0220 0.0528 0.1595 0.1223 0.1105 
        D819  2 0.0464 0.0210 0.4358 0.0214 0.0731 0.0220 0.1567 0.0354 0.0926 0.0434 0.0266 0.0253 
        D820  2 0.0229 0.1460 0.0133 0.0188 0.0425 0.0312 0.0142 0.0158 0.3857 0.0213 0.0579 0.2304 
        D895  2 0.0393 0.0513 0.1340 0.0387 0.1234 0.0422 0.0712 0.0446 0.2034 0.1461 0.0335 0.0722 
        D896  2 0.0179 0.0134 0.0140 0.0170 0.0148 0.0128 0.8253 0.0202 0.0133 0.0158 0.0139 0.0216 
        D897  2 0.0872 0.0478 0.0979 0.0232 0.0905 0.4376 0.0459 0.0287 0.0256 0.0312 0.0452 0.0391 
        D898  2 0.1542 0.0521 0.1011 0.0318 0.1579 0.0277 0.1950 0.0916 0.0323 0.0373 0.0885 0.0307 
        D918  2 0.0834 0.0988 0.0690 0.0680 0.0934 0.0547 0.1435 0.0275 0.0243 0.0740 0.0434 0.2200 
        D919  2 0.0429 0.4072 0.0235 0.0197 0.1262 0.0645 0.0169 0.0669 0.0836 0.0344 0.0784 0.0358 
        D920  2 0.0677 0.0372 0.0236 0.0779 0.0498 0.0294 0.0567 0.0367 0.0367 0.3543 0.0193 0.2106 
        D923  2 0.0287 0.1150 0.0357 0.0184 0.0738 0.0343 0.0208 0.0432 0.5036 0.0307 0.0310 0.0648 
        D930  2 0.1471 0.1170 0.1367 0.0577 0.1419 0.0305 0.0600 0.0506 0.1264 0.0232 0.0530 0.0561 
        D931  2 0.0427 0.2465 0.0428 0.0380 0.0592 0.1053 0.0379 0.0473 0.2568 0.0355 0.0495 0.0385 
        D968  2 0.0134 0.0269 0.0212 0.0183 0.0316 0.6673 0.0170 0.0256 0.0189 0.0128 0.1202 0.0268 
        D969  2 0.0457 0.0471 0.0401 0.0484 0.1008 0.1361 0.0442 0.0339 0.2373 0.0385 0.1748 0.0532 
        D977  2 0.0361 0.0302 0.0358 0.0235 0.0572 0.6621 0.0144 0.0255 0.0238 0.0271 0.0284 0.0360 
        D978  2 0.3129 0.0268 0.2775 0.0297 0.0724 0.0689 0.0156 0.0472 0.0226 0.0199 0.0844 0.0221 
        D211  3 0.1107 0.0271 0.0931 0.0209 0.0392 0.0162 0.0145 0.0167 0.0636 0.3771 0.0248 0.1960 
     D229639  3 0.0512 0.0224 0.0382 0.0717 0.0611 0.0374 0.0381 0.0437 0.0589 0.0246 0.4930 0.0596 
     D237212  3 0.0658 0.2190 0.0890 0.0224 0.0864 0.0474 0.0490 0.0316 0.0768 0.0611 0.1667 0.0847 
     D237213  3 0.0601 0.0666 0.4068 0.0131 0.0438 0.0264 0.1504 0.0309 0.0204 0.0427 0.0384 0.1004 
     D237214  3 0.0197 0.0149 0.0118 0.0204 0.0301 0.0119 0.0150 0.0146 0.0144 0.8056 0.0104 0.0312 
     D237215  3 0.0281 0.0162 0.0495 0.0599 0.0377 0.3762 0.0330 0.2418 0.0138 0.0161 0.1099 0.0178 
     D237216  3 0.0894 0.0299 0.0929 0.0250 0.4990 0.0245 0.0277 0.0273 0.0310 0.0814 0.0314 0.0404 
     D237217  3 0.0656 0.0245 0.0301 0.0140 0.1520 0.0162 0.0534 0.0145 0.0577 0.0925 0.0724 0.4071 
     D237218  3 0.1824 0.1488 0.0549 0.0593 0.0741 0.0426 0.0174 0.0145 0.0444 0.0231 0.1704 0.1682 
     D237219  3 0.0318 0.0143 0.2916 0.0699 0.0659 0.0216 0.0969 0.0222 0.0199 0.0458 0.1027 0.2173 
     D237382  3 0.3889 0.0298 0.0376 0.0814 0.0524 0.0281 0.0860 0.0789 0.0474 0.0313 0.0222 0.1162 
     D244127  3 0.0383 0.0342 0.0733 0.0170 0.0594 0.0528 0.4932 0.0389 0.0182 0.0353 0.0813 0.0582 
     D244129  3 0.0838 0.0729 0.0808 0.0388 0.1682 0.0485 0.1519 0.0313 0.0679 0.1106 0.0694 0.0758 
     D244133  3 0.0247 0.0111 0.5633 0.0703 0.0505 0.0789 0.0285 0.0472 0.0351 0.0335 0.0244 0.0325 
     D244134  3 0.0276 0.0208 0.1702 0.1909 0.0465 0.0290 0.0635 0.0152 0.0256 0.0257 0.3326 0.0524 
     D244135  3 0.0285 0.0222 0.0489 0.0134 0.0386 0.0425 0.0176 0.0207 0.0402 0.6673 0.0168 0.0433 
     D244136  3 0.0335 0.0250 0.3189 0.1001 0.1056 0.0558 0.0330 0.0803 0.1014 0.0611 0.0465 0.0388 
        D416  3 0.0924 0.0377 0.2619 0.0254 0.1302 0.1218 0.0606 0.0186 0.0700 0.1049 0.0398 0.0366 
        D417  3 0.1097 0.0254 0.0243 0.0266 0.0488 0.0189 0.0400 0.0252 0.4260 0.0140 0.0183 0.2229 
        D419  3 0.0452 0.0244 0.1190 0.0539 0.0904 0.0580 0.0673 0.0240 0.0779 0.0285 0.1811 0.2301 
        D565  3 0.0148 0.0178 0.0516 0.6827 0.0313 0.0143 0.0162 0.0279 0.0414 0.0203 0.0525 0.0292 
        D566  3 0.0309 0.0209 0.1109 0.2194 0.0647 0.0423 0.0468 0.0704 0.0664 0.0463 0.2538 0.0273 
        D567  3 0.0325 0.0547 0.0486 0.0168 0.0562 0.0407 0.0638 0.0540 0.4739 0.0471 0.0252 0.0865 
        D568  3 0.0812 0.1081 0.0412 0.0142 0.1018 0.0698 0.0530 0.0327 0.0512 0.0496 0.0687 0.3284 
        D569  3 0.0489 0.4406 0.0347 0.0322 0.0926 0.0536 0.0225 0.1086 0.0152 0.0799 0.0383 0.0329 
        D573  3 0.0315 0.0365 0.0236 0.0217 0.0892 0.0921 0.0261 0.0175 0.1623 0.0210 0.4340 0.0445 
        D574  3 0.1060 0.0309 0.0986 0.2053 0.0984 0.0454 0.0551 0.1648 0.0434 0.0518 0.0704 0.0298 
        D575  3 0.0132 0.0156 0.7450 0.0261 0.0237 0.0233 0.0364 0.0113 0.0171 0.0473 0.0224 0.0187 
        D576  3 0.0225 0.0205 0.1006 0.0224 0.0471 0.4543 0.0166 0.1946 0.0080 0.0384 0.0570 0.0179 
        D577  3 0.0544 0.0457 0.1776 0.0312 0.0699 0.0186 0.0189 0.0549 0.3782 0.0672 0.0281 0.0554 
        D578  3 0.0220 0.0143 0.0134 0.0137 0.0299 0.0207 0.0280 0.0148 0.0117 0.7848 0.0160 0.0306 
        D579  3 0.0505 0.1319 0.0845 0.1111 0.0689 0.0536 0.0364 0.0361 0.1606 0.0416 0.1429 0.0818 
        D660  3 0.0481 0.0375 0.0908 0.0168 0.0900 0.5126 0.0421 0.0436 0.0152 0.0496 0.0250 0.0287 
        D661  3 0.2517 0.0628 0.0345 0.0169 0.0841 0.1235 0.0221 0.0290 0.0239 0.0349 0.1631 0.1535 
        D663  3 0.0438 0.0364 0.0450 0.0200 0.1216 0.0563 0.0197 0.0986 0.0433 0.0395 0.4529 0.0228 
        D664  3 0.0610 0.0199 0.2552 0.0424 0.1065 0.1282 0.0943 0.0495 0.0143 0.0721 0.0409 0.1157 
        D665  3 0.1685 0.0789 0.1549 0.0132 0.1964 0.0312 0.0670 0.0774 0.0131 0.1150 0.0433 0.0410 
        D666  3 0.0239 0.0282 0.5763 0.0406 0.0313 0.0173 0.1210 0.0169 0.0328 0.0234 0.0479 0.0404 
        D009  4 0.1526 0.0893 0.0297 0.0294 0.1342 0.0220 0.0658 0.0690 0.1222 0.1077 0.0328 0.1454 
        D057  4 0.0419 0.4081 0.0099 0.0202 0.0397 0.0624 0.0147 0.0209 0.0309 0.1317 0.0806 0.1389 
        D109  4 0.0583 0.0311 0.0854 0.0442 0.1094 0.0202 0.4313 0.0460 0.0478 0.0571 0.0269 0.0423 
     D237222  4 0.1060 0.0380 0.0153 0.1115 0.0517 0.0263 0.0298 0.0810 0.0316 0.3744 0.0360 0.0987 
     D237223  4 0.0718 0.0400 0.0198 0.0682 0.0517 0.0371 0.0390 0.0361 0.0153 0.0322 0.0371 0.5517 
     D237224  4 0.0453 0.1425 0.0773 0.0231 0.0895 0.1542 0.0360 0.0422 0.1081 0.0426 0.1942 0.0450 
     D237225  4 0.1247 0.0725 0.0880 0.0493 0.2180 0.0265 0.0391 0.0362 0.0508 0.0584 0.0456 0.1911 
     D237299  4 0.6242 0.0185 0.0206 0.0306 0.0579 0.0173 0.0311 0.0243 0.0142 0.0291 0.0389 0.0934 
     D237300  4 0.0500 0.0183 0.1342 0.0267 0.0474 0.0468 0.0162 0.0248 0.0165 0.0174 0.5605 0.0412 
     D237306  4 0.0273 0.0234 0.0167 0.2520 0.0384 0.0172 0.0691 0.1568 0.0608 0.0254 0.0264 0.2863 
     D237307  4 0.1104 0.0183 0.1277 0.1354 0.0597 0.0358 0.0355 0.0725 0.2332 0.0435 0.0533 0.0747 
     D237308  4 0.0223 0.1656 0.0387 0.0785 0.0486 0.3600 0.0943 0.0305 0.0217 0.0307 0.0455 0.0635 
     D237309  4 0.0674 0.0973 0.0451 0.0209 0.2242 0.0595 0.0570 0.0654 0.1106 0.0755 0.0518 0.1252 
     D237317  4 0.0278 0.0336 0.0693 0.2703 0.1439 0.0264 0.0364 0.0789 0.1107 0.0848 0.0536 0.0642 
     D237318  4 0.0345 0.0128 0.0492 0.0212 0.0462 0.0439 0.0204 0.0289 0.0358 0.0180 0.6695 0.0196 
     D237319  4 0.2117 0.0244 0.0576 0.0300 0.0841 0.0453 0.0800 0.0695 0.0371 0.0616 0.0436 0.2550 
     D237320  4 0.1141 0.0178 0.0223 0.0205 0.0277 0.0408 0.0434 0.0191 0.0321 0.0452 0.0524 0.5647 
     D237321  4 0.0524 0.0255 0.0804 0.0359 0.0824 0.0927 0.0448 0.0376 0.0661 0.0359 0.4106 0.0357 
     D237397  4 0.0760 0.0193 0.0334 0.0886 0.0484 0.0512 0.0435 0.0655 0.0238 0.0478 0.0878 0.4145 
     D237398  4 0.1388 0.0692 0.0408 0.0186 0.0624 0.0308 0.0167 0.0237 0.0495 0.0323 0.4441 0.0731 
     D237399  4 0.0845 0.0422 0.0277 0.1463 0.0533 0.0349 0.0437 0.0330 0.0488 0.0768 0.1918 0.2170 
     D244001  4 0.0560 0.0426 0.0149 0.0249 0.0777 0.1313 0.0171 0.2194 0.0311 0.1718 0.0227 0.1903 
        D289  4 0.0449 0.2629 0.0318 0.1669 0.0766 0.0548 0.0255 0.0328 0.0520 0.0548 0.1122 0.0848 
        D290  4 0.4701 0.0234 0.0132 0.0198 0.0666 0.0239 0.0185 0.1986 0.0499 0.0253 0.0313 0.0594 
        D294  4 0.2514 0.2388 0.0333 0.0312 0.1171 0.0257 0.0176 0.0614 0.0792 0.0457 0.0403 0.0582 
        D295  4 0.0727 0.0476 0.0818 0.0478 0.0542 0.0192 0.1222 0.0325 0.0852 0.0206 0.0422 0.3740 
        D301  4 0.0861 0.0227 0.0525 0.0407 0.0493 0.0382 0.0365 0.1057 0.0160 0.2310 0.0999 0.2214 
        D302  4 0.0389 0.6758 0.0305 0.0157 0.0371 0.0126 0.0151 0.0414 0.0449 0.0270 0.0178 0.0432 
        D303  4 0.0521 0.0912 0.0399 0.4075 0.0515 0.0471 0.0912 0.0728 0.0367 0.0283 0.0374 0.0443 
        D304  4 0.2780 0.0324 0.0477 0.0765 0.0823 0.0229 0.0169 0.1587 0.0720 0.0302 0.1227 0.0599 
        D305  4 0.0352 0.3007 0.0304 0.0119 0.3191 0.0938 0.0258 0.0498 0.0174 0.0366 0.0397 0.0397 
        D306  4 0.3970 0.0240 0.0163 0.0279 0.1000 0.0198 0.0231 0.2384 0.0319 0.0400 0.0234 0.0583 
        D307  4 0.0368 0.0414 0.0309 0.0884 0.0457 0.0247 0.0370 0.0225 0.0140 0.5148 0.0503 0.0935 
        D327  4 0.0410 0.0343 0.0849 0.0563 0.0710 0.0433 0.0184 0.0456 0.4677 0.0282 0.0429 0.0664 
        D328  4 0.0336 0.1805 0.0502 0.0890 0.0492 0.0200 0.0653 0.2913 0.0188 0.0220 0.0352 0.1449 
        D329  4 0.1630 0.2209 0.0217 0.0432 0.1734 0.0765 0.0531 0.0282 0.0402 0.0377 0.0743 0.0679 
        D330  4 0.0610 0.0819 0.0341 0.0126 0.0929 0.0435 0.1347 0.0617 0.1119 0.0773 0.0164 0.2722 
        D331  4 0.2975 0.0180 0.0438 0.0570 0.0899 0.0266 0.0371 0.1482 0.1159 0.0318 0.0957 0.0384 
        D333  4 0.0927 0.1621 0.0377 0.0603 0.0777 0.0601 0.0649 0.1196 0.0761 0.0309 0.0692 0.1487 
        D334  4 0.0811 0.0604 0.0440 0.4465 0.0564 0.0200 0.0288 0.0303 0.0646 0.0668 0.0337 0.0675 
        D335  4 0.0296 0.4076 0.0451 0.0274 0.0529 0.0384 0.0364 0.1148 0.0517 0.0327 0.0315 0.1320 
        D370  4 0.0305 0.0397 0.0556 0.0309 0.0425 0.0344 0.1078 0.5441 0.0304 0.0282 0.0249 0.0310 
        D371  4 0.0139 0.0176 0.0621 0.4607 0.0355 0.0249 0.0203 0.1216 0.1781 0.0165 0.0271 0.0217 
        D372  4 0.1958 0.0143 0.0295 0.0227 0.1094 0.0512 0.0186 0.1453 0.0123 0.0148 0.3694 0.0168 
        D373  4 0.0372 0.0480 0.0580 0.0151 0.0594 0.0724 0.0203 0.0290 0.0380 0.5197 0.0748 0.0281 
        D455  4 0.0675 0.1008 0.0192 0.0263 0.0347 0.0285 0.0203 0.0193 0.0393 0.5310 0.0366 0.0764 
        D490  4 0.0434 0.0183 0.0185 0.0211 0.0187 0.0108 0.0179 0.0161 0.0244 0.5044 0.0154 0.2910 
        D497  4 0.0531 0.0572 0.0375 0.0157 0.0486 0.0166 0.0269 0.0254 0.0159 0.3978 0.0251 0.2803 
        D498  4 0.2998 0.0177 0.0393 0.0597 0.0750 0.0292 0.0830 0.2164 0.0423 0.0232 0.0607 0.0537 
        D499  4 0.1413 0.0988 0.1655 0.0824 0.1481 0.1150 0.0527 0.0475 0.0235 0.0159 0.0675 0.0417 
        D514  4 0.0858 0.1128 0.0859 0.0130 0.1098 0.0244 0.0518 0.1504 0.2170 0.0538 0.0525 0.0429 
        D515  4 0.1195 0.0269 0.0238 0.0210 0.0288 0.0189 0.0330 0.0705 0.0212 0.0234 0.0130 0.6000 
        D516  4 0.0377 0.0171 0.1949 0.0454 0.0768 0.0428 0.1203 0.0415 0.0526 0.0392 0.0598 0.2718 
        D517  4 0.0390 0.0259 0.0212 0.0223 0.1666 0.0519 0.0336 0.0217 0.0528 0.3621 0.0666 0.1361 
        D518  4 0.0516 0.4579 0.0171 0.0499 0.0429 0.0327 0.0201 0.0701 0.0192 0.0851 0.0154 0.1381 
        D519  4 0.1530 0.0159 0.0189 0.0134 0.0251 0.0182 0.0199 0.0128 0.0169 0.0222 0.0333 0.6504 
        D560  4 0.1977 0.0233 0.0163 0.0119 0.0318 0.0228 0.0132 0.0241 0.0571 0.0162 0.0350 0.5504 
        D561  4 0.2319 0.0920 0.0205 0.0154 0.2540 0.0522 0.0417 0.0255 0.0515 0.1475 0.0270 0.0409 
        D562  4 0.1633 0.0851 0.0330 0.0356 0.1009 0.0362 0.0244 0.0932 0.0381 0.3020 0.0520 0.0363 
        D563  4 0.0583 0.1306 0.0864 0.0176 0.1514 0.2991 0.0397 0.0427 0.0239 0.0669 0.0467 0.0366 
        D572  4 0.0415 0.6027 0.0220 0.0192 0.0399 0.0292 0.0175 0.0613 0.0449 0.0644 0.0175 0.0398 
        D629  4 0.0352 0.0429 0.3331 0.0164 0.0457 0.0178 0.0225 0.0179 0.1709 0.2048 0.0435 0.0493 
        D630  4 0.0894 0.0664 0.0271 0.0368 0.0579 0.0254 0.0290 0.0883 0.0546 0.1262 0.0668 0.3321 
        D631  4 0.0454 0.6873 0.0181 0.0210 0.0313 0.0398 0.0174 0.0254 0.0222 0.0170 0.0234 0.0516 
        D632  4 0.0464 0.2213 0.0591 0.0184 0.0668 0.1548 0.0959 0.0421 0.0535 0.1737 0.0173 0.0507 
        D646  4 0.0762 0.0337 0.0181 0.0177 0.0439 0.0349 0.0514 0.0296 0.0351 0.0314 0.0382 0.5897 
        D647  4 0.0550 0.0632 0.0240 0.0127 0.0470 0.0389 0.0559 0.0536 0.2355 0.0493 0.0475 0.3174 
        D648  4 0.0267 0.1768 0.0524 0.0411 0.0248 0.0230 0.0155 0.5668 0.0152 0.0154 0.0129 0.0295 
        D649  4 0.0504 0.2065 0.0524 0.0225 0.0504 0.0165 0.2734 0.0185 0.2031 0.0320 0.0285 0.0457 
        D650  4 0.1706 0.0821 0.0818 0.0710 0.0740 0.0247 0.0591 0.0383 0.0995 0.0729 0.0592 0.1668 
        D708  4 0.1162 0.1819 0.1415 0.1196 0.1044 0.0232 0.0346 0.0678 0.0305 0.0317 0.0838 0.0647 
        D709  4 0.2134 0.0366 0.0754 0.0332 0.0828 0.0287 0.1838 0.2364 0.0197 0.0151 0.0210 0.0539 
        D738  4 0.0300 0.0199 0.0207 0.3361 0.0328 0.0151 0.0722 0.0375 0.0436 0.0379 0.0391 0.3151 
        D739  4 0.1225 0.0406 0.0333 0.0237 0.0978 0.0269 0.0471 0.1511 0.0198 0.2333 0.0410 0.1628 
        D740  4 0.2163 0.0629 0.0525 0.1456 0.1841 0.0487 0.0933 0.0170 0.0229 0.0448 0.0809 0.0310 
        D741  4 0.0423 0.0160 0.0290 0.0109 0.0515 0.0377 0.0347 0.0254 0.0451 0.0227 0.0425 0.6422 
        D742  4 0.0718 0.0803 0.0404 0.0683 0.1367 0.1691 0.0384 0.0400 0.0395 0.0819 0.1454 0.0882 
        D743  4 0.0484 0.3397 0.0459 0.0198 0.0418 0.0412 0.0151 0.0278 0.2956 0.0307 0.0474 0.0468 
        D744  4 0.0228 0.7853 0.0237 0.0191 0.0210 0.0178 0.0202 0.0132 0.0204 0.0221 0.0160 0.0184 
        D745  4 0.1444 0.0268 0.0322 0.0203 0.0241 0.0148 0.0233 0.0168 0.0176 0.0441 0.0158 0.6196 
        D814  4 0.0682 0.0564 0.0299 0.0195 0.2016 0.1755 0.0124 0.0705 0.0203 0.0801 0.0416 0.2240 
        D815  4 0.1096 0.3544 0.0452 0.0246 0.0555 0.0253 0.0741 0.0953 0.0659 0.0241 0.0490 0.0770 
        D828  4 0.0830 0.0520 0.0444 0.0424 0.0455 0.0374 0.0233 0.5651 0.0099 0.0228 0.0412 0.0332 
        D845  4 0.0126 0.0220 0.0274 0.0339 0.0155 0.0197 0.0138 0.0115 0.0156 0.0140 0.7968 0.0173 
        D846  4 0.0507 0.2646 0.0555 0.0100 0.1239 0.1263 0.0205 0.0624 0.0589 0.1123 0.0521 0.0627 
        D847  4 0.2589 0.0469 0.0340 0.0737 0.0749 0.0392 0.0371 0.0284 0.0739 0.2094 0.0703 0.0534 
        D848  4 0.0441 0.0333 0.0194 0.0171 0.0374 0.0547 0.0209 0.0269 0.0179 0.5438 0.1615 0.0229 
        D849  4 0.1158 0.0461 0.0585 0.0172 0.0828 0.0333 0.0512 0.0497 0.0200 0.1395 0.0333 0.3527 
        D850  4 0.0350 0.0435 0.0502 0.0520 0.1492 0.0280 0.0289 0.0223 0.0473 0.2179 0.1597 0.1661 
        D856  4 0.2788 0.0490 0.0586 0.0358 0.2128 0.0186 0.1475 0.0501 0.0342 0.0302 0.0305 0.0537 
        D857  4 0.0335 0.0208 0.0122 0.0245 0.0280 0.0773 0.4759 0.2521 0.0085 0.0277 0.0168 0.0226 
        D859  4 0.0515 0.3760 0.0222 0.0213 0.0669 0.0388 0.0230 0.0622 0.0532 0.0271 0.1145 0.1433 
        D860  4 0.0208 0.0988 0.0243 0.3223 0.0684 0.0580 0.0270 0.0331 0.0854 0.0298 0.2055 0.0266 
        D883  4 0.0479 0.0681 0.0811 0.0597 0.0673 0.0298 0.0631 0.1004 0.1633 0.1209 0.0587 0.1396 
        D884  4 0.0418 0.0296 0.0239 0.0306 0.0242 0.0126 0.0407 0.0405 0.0150 0.0147 0.0222 0.7042 
        D885  4 0.2011 0.0434 0.0880 0.0217 0.1395 0.0631 0.0405 0.0177 0.0727 0.0417 0.1646 0.1061 
        D886  4 0.2804 0.0606 0.0192 0.0193 0.0631 0.0385 0.0873 0.0972 0.1165 0.1057 0.0316 0.0807 
        D887  4 0.0844 0.0919 0.0254 0.0383 0.1130 0.0861 0.0580 0.0802 0.1415 0.0440 0.1793 0.0579 
        D889  4 0.1467 0.0492 0.0226 0.0155 0.0541 0.0111 0.0140 0.0866 0.0222 0.0172 0.5097 0.0510 
        D890  4 0.0420 0.0572 0.3510 0.0577 0.0775 0.0641 0.0721 0.1413 0.0287 0.0538 0.0248 0.0298 
        D891  4 0.0127 0.0116 0.0202 0.0101 0.0146 0.0109 0.0114 0.0098 0.0150 0.0109 0.8627 0.0100 
        D899  4 0.0447 0.1037 0.0576 0.0799 0.0759 0.2739 0.0263 0.0835 0.0329 0.0336 0.1502 0.0377 
        D900  4 0.1933 0.0821 0.0335 0.0517 0.1419 0.0691 0.0568 0.0733 0.0801 0.1257 0.0379 0.0546 
        D970  4 0.0725 0.3421 0.0651 0.0456 0.0835 0.0414 0.0364 0.0334 0.1147 0.0608 0.0765 0.0280 
        D971  4 0.0399 0.1948 0.0537 0.0440 0.0798 0.3378 0.0752 0.0426 0.0372 0.0269 0.0191 0.0491 
        D979  4 0.0313 0.2658 0.0793 0.0317 0.0686 0.0331 0.0189 0.1149 0.1293 0.0241 0.0400 0.1630 
        D093  5 0.0372 0.0233 0.0248 0.6223 0.0288 0.0185 0.0234 0.0368 0.0461 0.0216 0.0458 0.0714 
        D154  5 0.0862 0.0297 0.2749 0.0320 0.1337 0.0824 0.0256 0.0702 0.0237 0.0143 0.0978 0.1294 
        D168  5 0.0657 0.0327 0.2722 0.0151 0.1006 0.1303 0.0359 0.0410 0.0394 0.0892 0.0882 0.0897 
