        D174  1 0.0824 0.0704 0.0253 0.0496 0.3361 0.0903 0.0555 0.0751 0.0738 0.0942 0.0331 0.0142 
        D199  1 0.0252 0.0198 0.1562 0.1196 0.0970 0.1155 0.1097 0.0394 0.1506 0.0329 0.1000 0.0343 
        D203  1 0.1289 0.0807 0.0863 0.1830 0.0469 0.0625 0.0425 0.1525 0.0396 0.0172 0.1203 0.0397 
        D204  1 0.0166 0.0348 0.0196 0.6701 0.0138 0.0257 0.0132 0.0432 0.0269 0.0188 0.0285 0.0889 
     D237366  1 0.1565 0.0181 0.0279 0.0365 0.0428 0.0647 0.3976 0.0942 0.0322 0.0171 0.0310 0.0813 
     D237367  1 0.0619 0.0357 0.0157 0.2422 0.0292 0.0864 0.1099 0.2075 0.0299 0.0767 0.0704 0.0344 
     D237368  1 0.0242 0.0501 0.0252 0.1315 0.1060 0.0770 0.3449 0.0725 0.0236 0.0278 0.0598 0.0573 
     D244101  1 0.0187 0.0232 0.1357 0.0995 0.0138 0.0876 0.0194 0.0507 0.0392 0.0314 0.0619 0.4188 
     D244102  1 0.0461 0.1351 0.0696 0.0428 0.0289 0.0688 0.0636 0.1446 0.2568 0.0546 0.0354 0.0537 
     D244103  1 0.1100 0.0305 0.0255 0.1324 0.0304 0.0835 0.0788 0.2925 0.0776 0.0746 0.0391 0.0250 
     D244104  1 0.0200 0.0235 0.0310 0.5698 0.0701 0.0338 0.0364 0.0222 0.0132 0.1192 0.0282 0.0326 
     D244105  1 0.3667 0.0712 0.0448 0.0290 0.0114 0.2093 0.1399 0.0587 0.0223 0.0170 0.0162 0.0136 
     D244106  1 0.0984 0.0212 0.0286 0.0500 0.5581 0.0509 0.0169 0.0353 0.0444 0.0157 0.0638 0.0167 
     D244107  1 0.0231 0.1532 0.0265 0.0384 0.0098 0.1473 0.3339 0.0422 0.0216 0.0410 0.1004 0.0624 
     D244108  1 0.0282 0.3821 0.0349 0.0363 0.2265 0.0516 0.0275 0.0723 0.0705 0.0300 0.0222 0.0179 
     D244113  1 0.0146 0.0229 0.0156 0.0128 0.2059 0.0373 0.0258 0.0484 0.4183 0.1264 0.0267 0.0451 
     D244114  1 0.3075 0.0312 0.0966 0.0456 0.0378 0.2406 0.0382 0.0780 0.0528 0.0220 0.0298 0.0198 
     D244115  1 0.0289 0.2139 0.0291 0.1209 0.2000 0.1758 0.0480 0.0543 0.0492 0.0413 0.0198 0.0188 
     D267365  1 0.0250 0.0380 0.2226 0.2073 0.1446 0.0715 0.0999 0.0579 0.0479 0.0267 0.0226 0.0360 
        D404  1 0.0265 0.0301 0.0143 0.0193 0.1534 0.0378 0.0150 0.0681 0.5242 0.0357 0.0292 0.0463 
        D405  1 0.0270 0.0413 0.0235 0.0681 0.0227 0.0429 0.0260 0.0310 0.6160 0.0391 0.0369 0.0255 
        D406  1 0.0861 0.1569 0.0162 0.0380 0.0345 0.0249 0.4713 0.0870 0.0157 0.0148 0.0163 0.0384 
        D407  1 0.0138 0.0142 0.0142 0.6388 0.0166 0.0299 0.0919 0.0261 0.0289 0.0497 0.0614 0.0147 
        D408  1 0.0150 0.0435 0.1070 0.0427 0.3167 0.0442 0.0248 0.0429 0.0583 0.2700 0.0118 0.0232 
        D409  1 0.0179 0.0241 0.0226 0.0647 0.0354 0.0536 0.0326 0.6229 0.0374 0.0350 0.0296 0.0241 
        D410  1 0.0145 0.7798 0.0105 0.0428 0.0209 0.0214 0.0152 0.0306 0.0153 0.0200 0.0076 0.0214 
        D421  1 0.0098 0.0076 0.0100 0.8833 0.0137 0.0090 0.0148 0.0095 0.0072 0.0110 0.0162 0.0080 
        D422  1 0.0743 0.0235 0.0216 0.0532 0.0114 0.0443 0.6888 0.0224 0.0128 0.0157 0.0164 0.0156 
        D423  1 0.0389 0.6397 0.0116 0.0693 0.0150 0.0414 0.0546 0.0320 0.0234 0.0127 0.0476 0.0139 
        D424  1 0.0341 0.0214 0.0131 0.6375 0.0261 0.1002 0.0565 0.0252 0.0255 0.0309 0.0138 0.0158 
        D425  1 0.0463 0.0699 0.0529 0.3088 0.0578 0.1740 0.0308 0.0612 0.0948 0.0607 0.0209 0.0220 
        D426  1 0.0339 0.0120 0.1134 0.0856 0.0209 0.2440 0.0766 0.2517 0.0153 0.1096 0.0263 0.0107 
        D427  1 0.0120 0.0115 0.0230 0.2750 0.2224 0.0213 0.0247 0.0157 0.0088 0.0282 0.3459 0.0115 
        D428  1 0.0145 0.0621 0.0318 0.2646 0.1303 0.1092 0.0747 0.0389 0.1331 0.0536 0.0339 0.0532 
        D429  1 0.1368 0.0279 0.0355 0.3882 0.1100 0.0674 0.0287 0.0426 0.0971 0.0169 0.0223 0.0265 
        D430  1 0.1097 0.0287 0.0768 0.0578 0.0927 0.1745 0.0348 0.2387 0.0737 0.0453 0.0479 0.0193 
        D491  1 0.0166 0.0428 0.0317 0.0783 0.5483 0.0507 0.0267 0.0408 0.0394 0.0890 0.0120 0.0237 
        D492  1 0.0351 0.0418 0.0185 0.2094 0.0844 0.1566 0.1415 0.0696 0.1097 0.0260 0.0551 0.0523 
        D537  1 0.0695 0.0466 0.0117 0.4498 0.0194 0.0941 0.0692 0.0294 0.0752 0.0639 0.0252 0.0460 
        D538  1 0.0231 0.1110 0.0217 0.0362 0.0761 0.1330 0.0590 0.3465 0.0669 0.0196 0.0630 0.0440 
        D539  1 0.2645 0.0383 0.2265 0.0278 0.0891 0.0833 0.0340 0.0427 0.0661 0.0591 0.0345 0.0341 
        D540  1 0.0436 0.0386 0.0548 0.2164 0.0221 0.1473 0.0647 0.0772 0.0419 0.2549 0.0195 0.0189 
        D541  1 0.0101 0.0136 0.0138 0.8597 0.0110 0.0141 0.0127 0.0150 0.0081 0.0132 0.0112 0.0175 
        D551  1 0.2144 0.0227 0.1192 0.0478 0.0293 0.2877 0.0400 0.0341 0.0345 0.0534 0.1043 0.0126 
        D552  1 0.0476 0.1977 0.0434 0.0948 0.1955 0.0924 0.0805 0.0460 0.0183 0.0859 0.0269 0.0709 
        D553  1 0.0118 0.0097 0.0125 0.8729 0.0114 0.0133 0.0139 0.0108 0.0064 0.0175 0.0081 0.0118 
        D615  1 0.0515 0.1207 0.0464 0.4137 0.0523 0.0751 0.0292 0.0671 0.0436 0.0374 0.0435 0.0195 
        D616  1 0.0447 0.1117 0.0596 0.2834 0.0534 0.1285 0.0887 0.0513 0.0156 0.0336 0.1135 0.0161 
        D621  1 0.0513 0.2296 0.0211 0.0123 0.0628 0.0403 0.2085 0.0230 0.0867 0.0592 0.0243 0.1810 
        D622  1 0.1186 0.1911 0.0271 0.0273 0.0304 0.0619 0.3546 0.0528 0.0168 0.0574 0.0169 0.0449 
        D623  1 0.0152 0.0613 0.0636 0.0158 0.1990 0.0548 0.0202 0.0545 0.2404 0.0319 0.1098 0.1335 
        D624  1 0.0222 0.0160 0.0179 0.0303 0.7648 0.0457 0.0259 0.0174 0.0203 0.0219 0.0092 0.0083 
        D625  1 0.0299 0.0545 0.0231 0.5467 0.0488 0.0652 0.0433 0.0794 0.0163 0.0235 0.0163 0.0530 
        D626  1 0.0720 0.0894 0.0334 0.0501 0.2057 0.0816 0.0831 0.0819 0.0252 0.2334 0.0262 0.0179 
        D627  1 0.0436 0.0145 0.0745 0.0873 0.0244 0.1032 0.0390 0.5483 0.0106 0.0208 0.0177 0.0162 
        D690  1 0.0124 0.0326 0.0099 0.8029 0.0254 0.0162 0.0230 0.0217 0.0097 0.0145 0.0079 0.0237 
        D691  1 0.2026 0.0799 0.0275 0.0519 0.0295 0.0268 0.4624 0.0432 0.0102 0.0245 0.0159 0.0256 
        D710  1 0.0194 0.0778 0.0326 0.1716 0.1072 0.0879 0.1346 0.0878 0.0403 0.0744 0.0324 0.1341 
        D711  1 0.0186 0.0239 0.0167 0.7376 0.0217 0.0208 0.0252 0.0536 0.0197 0.0072 0.0154 0.0395 
        D712  1 0.0257 0.0267 0.0513 0.0228 0.4456 0.0450 0.0917 0.0663 0.0794 0.0593 0.0361 0.0500 
        D713  1 0.0711 0.0465 0.0221 0.1006 0.1009 0.0871 0.0935 0.0372 0.2897 0.0578 0.0167 0.0768 
        D746  1 0.0761 0.0977 0.0151 0.0793 0.0200 0.0321 0.5506 0.0232 0.0095 0.0338 0.0281 0.0347 
        D747  1 0.0100 0.0127 0.0148 0.8553 0.0133 0.0151 0.0113 0.0108 0.0100 0.0114 0.0135 0.0218 
        D748  1 0.2729 0.1027 0.0169 0.1362 0.0307 0.0532 0.1141 0.1338 0.0144 0.0453 0.0156 0.0642 
        D749  1 0.0795 0.0674 0.0350 0.0195 0.1088 0.2247 0.2626 0.0254 0.0867 0.0151 0.0236 0.0517 
        D750  1 0.0415 0.0805 0.0227 0.1263 0.5584 0.0277 0.0314 0.0190 0.0257 0.0217 0.0177 0.0273 
        D763  1 0.0802 0.0277 0.1630 0.0372 0.0139 0.1062 0.0889 0.0625 0.0272 0.1435 0.0777 0.1720 
        D764  1 0.0201 0.0822 0.0158 0.4696 0.2120 0.0397 0.0564 0.0336 0.0142 0.0252 0.0152 0.0161 
        D765  1 0.0335 0.6011 0.0184 0.0261 0.0810 0.0673 0.0369 0.0495 0.0441 0.0189 0.0121 0.0109 
        D766  1 0.0769 0.4503 0.0157 0.0358 0.0241 0.0596 0.0664 0.0387 0.0388 0.1041 0.0204 0.0694 
        D767  1 0.0552 0.0698 0.0272 0.0520 0.0222 0.0811 0.0741 0.2917 0.0933 0.0225 0.0509 0.1599 
        D768  1 0.0202 0.0131 0.0134 0.8291 0.0105 0.0166 0.0285 0.0144 0.0119 0.0135 0.0163 0.0125 
        D811  1 0.0180 0.0987 0.0194 0.0168 0.0509 0.0404 0.0128 0.0659 0.2491 0.4022 0.0116 0.0141 
        D816  1 0.0162 0.0185 0.0154 0.8150 0.0171 0.0275 0.0215 0.0139 0.0173 0.0112 0.0123 0.0142 
        D825  1 0.0273 0.4148 0.0172 0.0757 0.1010 0.1055 0.0231 0.0598 0.0848 0.0634 0.0125 0.0150 
        D866  1 0.0386 0.0589 0.3510 0.0349 0.1589 0.0895 0.0235 0.0651 0.0370 0.0609 0.0651 0.0166 
        D867  1 0.0406 0.0214 0.0168 0.0150 0.0160 0.0456 0.6396 0.0167 0.0621 0.0299 0.0291 0.0672 
        D871  1 0.0152 0.0141 0.0200 0.0490 0.0312 0.0336 0.0170 0.7440 0.0163 0.0267 0.0132 0.0197 
        D872  1 0.0266 0.2115 0.0185 0.0812 0.0361 0.0725 0.0363 0.3890 0.0353 0.0246 0.0393 0.0293 
        D873  1 0.0115 0.6900 0.0088 0.0074 0.0088 0.0251 0.0251 0.0180 0.1378 0.0117 0.0222 0.0337 
        D874  1 0.0251 0.0180 0.0243 0.0487 0.0654 0.0382 0.0121 0.0285 0.0408 0.0335 0.0183 0.6470 
        D875  1 0.0597 0.0693 0.0145 0.0379 0.0162 0.0467 0.0441 0.6372 0.0185 0.0231 0.0135 0.0193 
        D876  1 0.0357 0.0504 0.0551 0.2524 0.1026 0.0989 0.0548 0.1703 0.0230 0.0462 0.0154 0.0949 
        D877  1 0.0184 0.0198 0.0135 0.0344 0.0877 0.0425 0.0101 0.0511 0.6354 0.0318 0.0150 0.0402 
        D892  1 0.1600 0.0409 0.0151 0.1687 0.1245 0.0665 0.0976 0.2456 0.0312 0.0119 0.0125 0.0256 
        D893  1 0.0357 0.0362 0.0504 0.5999 0.0118 0.0544 0.0498 0.0435 0.0132 0.0284 0.0295 0.0471 
        D894  1 0.0623 0.0235 0.0238 0.6193 0.0398 0.0551 0.0250 0.0821 0.0173 0.0119 0.0179 0.0220 
        D915  1 0.1162 0.1520 0.0273 0.3969 0.0350 0.0696 0.0557 0.0481 0.0230 0.0346 0.0192 0.0224 
        D916  1 0.0127 0.0119 0.0091 0.8864 0.0127 0.0116 0.0098 0.0097 0.0065 0.0086 0.0098 0.0113 
        D917  1 0.0206 0.0293 0.1423 0.1003 0.2224 0.0939 0.0498 0.0453 0.1077 0.0272 0.0331 0.1283 
        D925  1 0.0185 0.4831 0.0276 0.2106 0.0618 0.0358 0.0428 0.0269 0.0320 0.0287 0.0178 0.0142 
        D926  1 0.0637 0.0469 0.0440 0.3895 0.0343 0.1833 0.0506 0.0468 0.0412 0.0275 0.0161 0.0560 
        D927  1 0.0430 0.0248 0.1454 0.1558 0.0513 0.1489 0.0745 0.0705 0.0389 0.0287 0.1760 0.0422 
        D928  1 0.0079 0.0330 0.0151 0.0692 0.7414 0.0166 0.0096 0.0170 0.0468 0.0152 0.0142 0.0140 
        D929  1 0.0519 0.0294 0.0214 0.0218 0.0431 0.0502 0.0544 0.2597 0.1572 0.0258 0.0158 0.2693 
        D936  1 0.0452 0.0266 0.1093 0.4433 0.0231 0.0636 0.0220 0.0219 0.0313 0.0249 0.0326 0.1562 
        D938  1 0.1181 0.1939 0.0143 0.0183 0.0281 0.0258 0.4447 0.0346 0.0161 0.0454 0.0114 0.0493 
        D956  1 0.0461 0.0429 0.0202 0.0279 0.5676 0.0542 0.0197 0.0473 0.0934 0.0322 0.0299 0.0185 
        D957  1 0.0206 0.4854 0.0244 0.0374 0.0266 0.0503 0.0234 0.2188 0.0446 0.0123 0.0209 0.0354 
        D958  1 0.0412 0.3587 0.0132 0.0798 0.0959 0.0476 0.0384 0.1715 0.0235 0.0303 0.0187 0.0813 
        D959  1 0.0204 0.0123 0.0109 0.6380 0.0159 0.0402 0.1283 0.0152 0.0213 0.0361 0.0516 0.0096 
        D960  1 0.1127 0.1424 0.0164 0.0246 0.0378 0.0439 0.4244 0.0254 0.1148 0.0093 0.0222 0.0259 
        D989  1 0.0224 0.0202 0.0898 0.0277 0.5440 0.0617 0.0323 0.0507 0.0322 0.0331 0.0699 0.0160 
        D990  1 0.0167 0.5762 0.1180 0.0134 0.0506 0.0726 0.0403 0.0386 0.0095 0.0113 0.0312 0.0217 
        D023  2 0.0083 0.0128 0.0085 0.0228 0.0107 0.0147 0.8633 0.0096 0.0080 0.0146 0.0120 0.0146 
        D130  2 0.1023 0.0643 0.0130 0.0714 0.0127 0.0426 0.4739 0.1012 0.0518 0.0136 0.0346 0.0186 
        D131  2 0.0400 0.0509 0.0567 0.1286 0.0313 0.2299 0.0224 0.2136 0.0185 0.1344 0.0302 0.0433 
        D163  2 0.0589 0.0337 0.0342 0.0653 0.0471 0.0568 0.5922 0.0257 0.0156 0.0201 0.0106 0.0397 
        D164  2 0.0154 0.3370 0.0106 0.0090 0.0091 0.0155 0.0242 0.0122 0.0176 0.0188 0.5200 0.0107 
        D165  2 0.0145 0.0144 0.0189 0.0186 0.0104 0.0196 0.8190 0.0134 0.0079 0.0183 0.0189 0.0260 
        D166  2 0.1365 0.0420 0.0309 0.0251 0.0142 0.0836 0.0461 0.3240 0.1561 0.0524 0.0266 0.0626 
        D167  2 0.0108 0.0114 0.0142 0.0095 0.0240 0.0176 0.0116 0.0179 0.1118 0.0110 0.7496 0.0106 
        D192  2 0.0093 0.0118 0.0193 0.0076 0.0127 0.0171 0.0113 0.0117 0.0252 0.0135 0.8434 0.0171 
        D193  2 0.0591 0.0143 0.0207 0.0138 0.0236 0.0245 0.0126 0.0232 0.7560 0.0171 0.0159 0.0194 
        D206  2 0.0640 0.0272 0.0232 0.0497 0.0142 0.0799 0.0406 0.0311 0.0478 0.3265 0.2752 0.0207 
        D207  2 0.0348 0.0185 0.0502 0.0217 0.0197 0.1142 0.0242 0.0482 0.1471 0.0248 0.4816 0.0149 
        D208  2 0.0586 0.0408 0.2185 0.0322 0.1443 0.0849 0.0335 0.0407 0.0376 0.2246 0.0467 0.0376 
        D209  2 0.0226 0.0329 0.0219 0.0200 0.0173 0.2193 0.0510 0.0333 0.0569 0.0536 0.3724 0.0987 
        D210  2 0.0491 0.0252 0.1361 0.0496 0.5007 0.0419 0.0248 0.0394 0.0196 0.0197 0.0566 0.0372 
     D229599  2 0.0543 0.0465 0.1659 0.1025 0.0441 0.1329 0.1236 0.0801 0.0614 0.0306 0.0346 0.1234 
     D229600  2 0.0585 0.0732 0.0182 0.0240 0.0165 0.0493 0.3139 0.0425 0.0532 0.0179 0.3131 0.0197 
     D237227  2 0.0212 0.2145 0.1094 0.0335 0.3755 0.0612 0.0430 0.0413 0.0153 0.0340 0.0327 0.0183 
     D237228  2 0.0196 0.5806 0.0600 0.0099 0.1006 0.0826 0.0155 0.0209 0.0514 0.0192 0.0312 0.0084 
     D237258  2 0.0314 0.0434 0.1184 0.0490 0.0708 0.0950 0.1862 0.0444 0.0761 0.0933 0.1513 0.0406 
     D237310  2 0.0390 0.5658 0.0164 0.0086 0.0246 0.0476 0.0252 0.1362 0.0541 0.0222 0.0401 0.0204 
     D237311  2 0.0362 0.6253 0.0224 0.0100 0.0185 0.0315 0.0272 0.0397 0.0291 0.0195 0.1264 0.0141 
     D237312  2 0.1911 0.2411 0.0155 0.0190 0.0254 0.0642 0.0630 0.1166 0.1710 0.0334 0.0175 0.0420 
     D237313  2 0.0719 0.1288 0.0680 0.0591 0.0660 0.1669 0.0300 0.0646 0.0257 0.2472 0.0167 0.0550 
     D237322  2 0.0785 0.0977 0.1226 0.0218 0.0596 0.2004 0.0315 0.1749 0.0482 0.0540 0.0320 0.0789 
     D237323  2 0.0228 0.5464 0.0406 0.0096 0.1205 0.0263 0.0381 0.1256 0.0210 0.0127 0.0196 0.0167 
     D237324  2 0.0259 0.0500 0.0736 0.0444 0.0138 0.3390 0.1825 0.0310 0.0174 0.0187 0.1661 0.0376 
     D237325  2 0.1683 0.3862 0.0229 0.0205 0.0524 0.0511 0.0612 0.0761 0.0410 0.0222 0.0546 0.0435 
     D237326  2 0.0199 0.7027 0.0232 0.0285 0.0333 0.0355 0.0269 0.0416 0.0269 0.0109 0.0226 0.0279 
     D237327  2 0.0602 0.0190 0.2060 0.0370 0.0278 0.1702 0.0812 0.1575 0.0205 0.0266 0.0815 0.1126 
     D237337  2 0.0233 0.8125 0.0154 0.0150 0.0238 0.0205 0.0153 0.0228 0.0135 0.0147 0.0089 0.0141 
     D237338  2 0.1155 0.1431 0.0787 0.0277 0.0978 0.1117 0.1101 0.1022 0.0268 0.0400 0.0627 0.0837 
     D237339  2 0.0246 0.0181 0.0376 0.0133 0.0117 0.0564 0.0172 0.0347 0.0530 0.0206 0.0709 0.6420 
     D237340  2 0.0613 0.3636 0.0310 0.0135 0.0794 0.0661 0.0379 0.0825 0.0812 0.0178 0.1465 0.0192 
     D237389  2 0.0739 0.4919 0.0135 0.0143 0.0165 0.0384 0.0261 0.0300 0.1633 0.0171 0.0935 0.0217 
     D237390  2 0.2088 0.3122 0.0410 0.0227 0.0369 0.0488 0.0402 0.1309 0.0859 0.0349 0.0158 0.0217 
     D244017  2 0.0115 0.0222 0.0378 0.0155 0.1569 0.0706 0.0622 0.0775 0.2366 0.0139 0.2802 0.0151 
     D244112  2 0.0340 0.0150 0.0146 0.0134 0.0166 0.0177 0.0204 0.0211 0.0257 0.0109 0.8004 0.0105 
     D244118  2 0.0278 0.0523 0.0210 0.0088 0.0182 0.0252 0.1866 0.0150 0.0425 0.0075 0.5700 0.0251 
     D244119  2 0.0103 0.0289 0.0194 0.0148 0.5731 0.0257 0.0120 0.0205 0.0181 0.0156 0.2514 0.0102 
     D244120  2 0.1248 0.0252 0.0500 0.0107 0.0400 0.0294 0.0195 0.0317 0.4039 0.0197 0.2036 0.0416 
     D244122  2 0.0482 0.0185 0.0216 0.0190 0.0238 0.0377 0.0329 0.0310 0.1016 0.0628 0.5775 0.0252 
        D291  2 0.0187 0.0257 0.4572 0.0610 0.0123 0.0779 0.0644 0.1404 0.0311 0.0679 0.0281 0.0153 
        D292  2 0.0249 0.0905 0.3098 0.1499 0.0437 0.0811 0.0231 0.0467 0.0521 0.0224 0.1220 0.0338 
        D293  2 0.0260 0.0134 0.0411 0.0864 0.0144 0.0372 0.0133 0.0370 0.0119 0.0158 0.4442 0.2592 
        D322  2 0.0219 0.0365 0.0288 0.0675 0.0168 0.0579 0.0285 0.0432 0.0162 0.0141 0.3126 0.3560 
        D323  2 0.0239 0.0259 0.0205 0.0157 0.0211 0.0589 0.0170 0.0509 0.0544 0.6230 0.0539 0.0350 
        D324  2 0.0482 0.1097 0.3276 0.0962 0.0403 0.0879 0.0615 0.0860 0.0209 0.0663 0.0294 0.0261 
        D325  2 0.0384 0.0124 0.0440 0.0380 0.0112 0.0310 0.0186 0.0142 0.0131 0.0118 0.7377 0.0295 
        D326  2 0.0126 0.0105 0.0231 0.8229 0.0223 0.0253 0.0109 0.0213 0.0103 0.0178 0.0094 0.0134 
        D340  2 0.0149 0.0189 0.0246 0.0219 0.0152 0.0150 0.0117 0.0132 0.0114 0.0108 0.8232 0.0192 
        D341  2 0.2318 0.0426 0.0293 0.0321 0.0311 0.0420 0.0159 0.0423 0.0127 0.0451 0.4413 0.0337 
        D342  2 0.0788 0.0568 0.0355 0.0150 0.0122 0.1140 0.0663 0.0538 0.0344 0.0481 0.4636 0.0215 
        D343  2 0.0137 0.0095 0.0129 0.0123 0.0084 0.0115 0.0087 0.0108 0.0077 0.0085 0.8811 0.0149 
        D344  2 0.0512 0.0283 0.0224 0.0701 0.0169 0.0761 0.0122 0.0558 0.3534 0.0278 0.0390 0.2468 
        D345  2 0.0160 0.2035 0.0475 0.0388 0.0250 0.1311 0.0464 0.0310 0.0627 0.0948 0.0313 0.2720 
        D346  2 0.0294 0.0248 0.0423 0.0320 0.2889 0.0376 0.0235 0.0299 0.0305 0.3904 0.0421 0.0286 
        D351  2 0.0511 0.0502 0.1226 0.1191 0.0175 0.1057 0.0457 0.3186 0.0205 0.0328 0.0323 0.0838 
        D352  2 0.0145 0.0288 0.0304 0.0116 0.0438 0.0782 0.0203 0.0606 0.0880 0.0310 0.0300 0.5626 
        D353  2 0.0259 0.0125 0.0172 0.0828 0.0102 0.6895 0.0171 0.0228 0.0216 0.0243 0.0258 0.0504 
        D354  2 0.0208 0.0285 0.0166 0.0450 0.0317 0.0369 0.0133 0.0218 0.1896 0.0390 0.0118 0.5450 
        D362  2 0.0136 0.0315 0.0230 0.7246 0.0159 0.0251 0.0501 0.0201 0.0354 0.0233 0.0182 0.0192 
        D363  2 0.0106 0.0216 0.0214 0.7243 0.0253 0.0227 0.0448 0.0184 0.0312 0.0299 0.0211 0.0287 
        D364  2 0.0444 0.0378 0.0192 0.2859 0.0290 0.0641 0.0247 0.0243 0.1423 0.0354 0.0197 0.2732 
        D365  2 0.0123 0.0122 0.0114 0.0181 0.0185 0.0151 0.0089 0.0100 0.0094 0.0153 0.8400 0.0288 
        D369  2 0.0309 0.1046 0.1432 0.1464 0.1500 0.0576 0.0312 0.0433 0.0185 0.1722 0.0784 0.0237 
        D374  2 0.0099 0.0089 0.0094 0.0097 0.0249 0.0113 0.0077 0.0088 0.8775 0.0125 0.0081 0.0113 
        D375  2 0.0350 0.0147 0.0125 0.0125 0.0165 0.0421 0.0126 0.0179 0.1796 0.0344 0.0112 0.6110 
        D376  2 0.0436 0.0241 0.0177 0.0157 0.1759 0.0437 0.0143 0.0199 0.5541 0.0177 0.0250 0.0486 
        D377  2 0.0467 0.0984 0.0336 0.0135 0.0204 0.0478 0.0235 0.0418 0.0543 0.5770 0.0190 0.0239 
        D378  2 0.0312 0.0338 0.0346 0.0542 0.0200 0.0761 0.0961 0.0703 0.0098 0.0843 0.1550 0.3347 
        D379  2 0.0696 0.0181 0.0169 0.5382 0.0240 0.0672 0.0202 0.0227 0.0282 0.1422 0.0170 0.0356 
        D384  2 0.0169 0.0130 0.0140 0.8080 0.0351 0.0249 0.0097 0.0139 0.0116 0.0265 0.0133 0.0132 
        D385  2 0.0259 0.0185 0.0150 0.0155 0.0275 0.0312 0.0132 0.0158 0.0368 0.0352 0.6724 0.0932 
        D386  2 0.0322 0.0192 0.0266 0.0472 0.0130 0.1082 0.0523 0.0914 0.0492 0.0697 0.0616 0.4293 
        D391  2 0.0186 0.0185 0.0210 0.0196 0.0134 0.0265 0.0115 0.0199 0.0120 0.0286 0.6732 0.1372 
        D392  2 0.0177 0.1323 0.0211 0.0509 0.0440 0.0549 0.0318 0.0488 0.0199 0.0265 0.5331 0.0189 
        D393  2 0.0470 0.0291 0.1102 0.0939 0.0154 0.0372 0.0431 0.0462 0.0114 0.0900 0.0555 0.4208 
        D394  2 0.0478 0.1371 0.0381 0.0600 0.0393 0.1030 0.1330 0.1139 0.0581 0.0159 0.0669 0.1867 
        D395  2 0.0334 0.0197 0.0269 0.0134 0.0215 0.0737 0.0283 0.0336 0.0641 0.0254 0.3617 0.2983 
        D401  2 0.0129 0.7894 0.0156 0.0147 0.0170 0.0203 0.0103 0.0120 0.0289 0.0454 0.0255 0.0079 
        D402  2 0.0221 0.0175 0.0353 0.0151 0.0151 0.0250 0.0127 0.0227 0.0170 0.0462 0.6849 0.0864 
        D403  2 0.1234 0.0176 0.0223 0.1386 0.0189 0.2826 0.0341 0.1576 0.0587 0.0317 0.0255 0.0889 
        D415  2 0.0582 0.1370 0.0156 0.4163 0.0124 0.1510 0.0400 0.0727 0.0211 0.0234 0.0247 0.0275 
        D435  2 0.0406 0.0272 0.0357 0.6171 0.0132 0.0312 0.0180 0.0233 0.0133 0.0114 0.1046 0.0644 
        D436  2 0.1762 0.0309 0.0185 0.0878 0.0486 0.0857 0.0260 0.1083 0.1543 0.0190 0.0244 0.2204 
        D438  2 0.0127 0.0097 0.0109 0.0087 0.0172 0.0146 0.0109 0.0107 0.0123 0.0226 0.8582 0.0114 
        D439  2 0.0188 0.0261 0.0246 0.0236 0.0111 0.0659 0.0510 0.0317 0.0309 0.0537 0.0320 0.6305 
        D449  2 0.0879 0.0221 0.0224 0.0696 0.0199 0.1541 0.0295 0.0261 0.0274 0.0369 0.4851 0.0189 
        D450  2 0.1019 0.0263 0.0591 0.0872 0.1128 0.1622 0.0467 0.0959 0.0486 0.0482 0.0182 0.1929 
        D456  2 0.0170 0.0129 0.0166 0.8222 0.0181 0.0184 0.0107 0.0277 0.0119 0.0134 0.0100 0.0212 
        D462  2 0.0148 0.0096 0.0190 0.0256 0.0134 0.0149 0.0162 0.0267 0.0139 0.0151 0.6974 0.1333 
        D463  2 0.0147 0.0127 0.0103 0.8068 0.0254 0.0193 0.0106 0.0233 0.0209 0.0235 0.0088 0.0237 
        D464  2 0.0273 0.0206 0.0163 0.0390 0.0241 0.3947 0.0145 0.0874 0.0788 0.0420 0.0699 0.1855 
        D465  2 0.0225 0.0860 0.0206 0.1353 0.0182 0.0397 0.0223 0.0285 0.0178 0.0558 0.5358 0.0175 
        D473  2 0.0326 0.1367 0.0420 0.0174 0.3732 0.0535 0.0555 0.0898 0.0323 0.0666 0.0380 0.0624 
        D474  2 0.0264 0.0238 0.1829 0.4984 0.0332 0.0384 0.0713 0.0206 0.0110 0.0245 0.0298 0.0396 
        D476  2 0.0277 0.0156 0.0246 0.0136 0.0097 0.0186 0.3277 0.0261 0.0178 0.0116 0.0554 0.4517 
        D477  2 0.0233 0.1102 0.0815 0.1613 0.0365 0.0657 0.0182 0.0415 0.0223 0.1032 0.0177 0.3188 
        D478  2 0.0255 0.0268 0.0474 0.0195 0.0851 0.1245 0.2699 0.1429 0.1336 0.0341 0.0380 0.0526 
        D480  2 0.0916 0.0166 0.0504 0.0798 0.0812 0.0601 0.0132 0.0476 0.0157 0.1120 0.0569 0.3748 
        D481  2 0.0224 0.0534 0.0477 0.1971 0.0869 0.0800 0.0834 0.0747 0.0351 0.0393 0.0426 0.2373 
        D482  2 0.0557 0.0511 0.1928 0.0133 0.0670 0.1340 0.0448 0.0859 0.0452 0.0676 0.0224 0.2203 
        D483  2 0.0127 0.0195 0.0165 0.0115 0.0676 0.0170 0.0203 0.0123 0.0200 0.0133 0.7741 0.0152 
        D484  2 0.0138 0.0153 0.0223 0.0101 0.0199 0.0241 0.0159 0.0194 0.1204 0.0166 0.0160 0.7063 
        D510  2 0.0411 0.0238 0.1352 0.0146 0.2665 0.0309 0.0152 0.0223 0.3837 0.0262 0.0175 0.0228 
        D511  2 0.0150 0.0170 0.0265 0.0405 0.0129 0.0288 0.0277 0.0327 0.0119 0.0421 0.0418 0.7031 
        D512  2 0.0367 0.5366 0.0262 0.0181 0.0103 0.0415 0.0280 0.0611 0.0275 0.0397 0.1531 0.0213 
        D513  2 0.0371 0.0353 0.0631 0.0557 0.0440 0.0549 0.0195 0.0356 0.0365 0.0902 0.5079 0.0202 
        D635  2 0.0128 0.0198 0.0246 0.2190 0.0159 0.0390 0.5644 0.0254 0.0117 0.0230 0.0250 0.0193 
        D636  2 0.0102 0.0300 0.0091 0.0139 0.0129 0.0180 0.8085 0.0124 0.0120 0.0440 0.0153 0.0137 
        D637  2 0.1800 0.0498 0.0445 0.0198 0.0499 0.1034 0.0193 0.0486 0.0577 0.0842 0.1032 0.2396 
        D658  2 0.0784 0.0514 0.0225 0.0171 0.0743 0.0579 0.0169 0.0266 0.0653 0.0176 0.4257 0.1463 
        D659  2 0.0527 0.0108 0.0533 0.6307 0.0206 0.0469 0.0476 0.0230 0.0279 0.0231 0.0161 0.0473 
        D677  2 0.3975 0.0545 0.0452 0.1138 0.0159 0.0734 0.0572 0.0518 0.0374 0.0954 0.0387 0.0192 
        D678  2 0.0281 0.0354 0.0161 0.0135 0.0115 0.1081 0.0229 0.0233 0.1075 0.0524 0.5670 0.0143 
        D679  2 0.0464 0.0310 0.0655 0.1935 0.0385 0.0832 0.0269 0.0600 0.0186 0.3288 0.0508 0.0568 
        D719  2 0.0214 0.0594 0.1073 0.0900 0.3720 0.0561 0.0131 0.0195 0.0254 0.0389 0.1570 0.0400 
        D720  2 0.0165 0.0242 0.0145 0.7425 0.0377 0.0238 0.0165 0.0357 0.0165 0.0335 0.0202 0.0185 
        D721  2 0.0224 0.0165 0.0170 0.0260 0.0261 0.0202 0.7479 0.0143 0.0086 0.0290 0.0454 0.0266 
        D722  2 0.0121 0.0200 0.0227 0.0113 0.0367 0.0202 0.0115 0.0132 0.7872 0.0310 0.0228 0.0112 
        D734  2 0.0253 0.0116 0.0248 0.0145 0.1568 0.0299 0.0119 0.0246 0.0240 0.0228 0.0569 0.5969 
        D735  2 0.0250 0.0677 0.0344 0.1133 0.0606 0.0873 0.0274 0.0949 0.0161 0.2989 0.0646 0.1097 
        D736  2 0.0528 0.0428 0.3661 0.0394 0.1998 0.0690 0.0453 0.0200 0.0392 0.0287 0.0528 0.0442 
        D737  2 0.0339 0.0508 0.0589 0.0136 0.0376 0.0622 0.0353 0.0434 0.0455 0.0176 0.4909 0.1103 
        D807  2 0.0981 0.0943 0.1716 0.1066 0.1503 0.0715 0.0313 0.0474 0.0437 0.0604 0.0352 0.0897 
        D808  2 0.0800 0.1497 0.0546 0.0364 0.0231 0.1488 0.0299 0.3018 0.0180 0.0228 0.0885 0.0464 
        D817  2 0.0209 0.0341 0.0410 0.0786 0.0159 0.0468 0.0182 0.0336 0.0350 0.6289 0.0131 0.0340 
        D818  2 0.1578 0.0162 0.1008 0.0296 0.0184 0.2106 0.0973 0.1698 0.0176 0.0304 0.1212 0.0304 
        D819  2 0.0141 0.1277 0.0264 0.0756 0.0228 0.0475 0.0278 0.0763 0.0189 0.5218 0.0195 0.0216 
        D820  2 0.0612 0.0135 0.0515 0.5316 0.0200 0.0281 0.0242 0.0474 0.0157 0.0143 0.0390 0.1534 
        D895  2 0.0406 0.0618 0.0341 0.2326 0.0283 0.1432 0.1319 0.0429 0.0484 0.1560 0.0336 0.0464 
        D896  2 0.0121 0.8626 0.0101 0.0118 0.0172 0.0117 0.0120 0.0140 0.0164 0.0111 0.0101 0.0110 
        D897  2 0.1192 0.0374 0.0556 0.0191 0.0175 0.1088 0.0200 0.0527 0.0277 0.0657 0.4171 0.0590 
        D898  2 0.0507 0.2032 0.1006 0.0294 0.0322 0.1264 0.0310 0.1522 0.0775 0.1292 0.0283 0.0393 
        D918  2 0.2327 0.1191 0.0433 0.0231 0.0444 0.1578 0.0698 0.0976 0.0219 0.0481 0.0437 0.0984 
        D919  2 0.0186 0.0168 0.0692 0.0506 0.0187 0.1084 0.0346 0.1109 0.0905 0.0136 0.0571 0.4110 
        D920  2 0.1535 0.0417 0.0186 0.0308 0.0900 0.0314 0.4854 0.0302 0.0432 0.0190 0.0288 0.0273 
        D923  2 0.0215 0.0230 0.0280 0.5209 0.0155 0.0704 0.0236 0.0844 0.0413 0.0369 0.0255 0.1090 
        D930  2 0.0591 0.0872 0.0406 0.1465 0.0795 0.1175 0.0214 0.0978 0.0453 0.1289 0.0448 0.1313 
        D931  2 0.0312 0.0385 0.0532 0.2049 0.0286 0.0814 0.0324 0.0373 0.0464 0.0631 0.1199 0.2632 
        D968  2 0.0129 0.0158 0.1055 0.0210 0.0120 0.0194 0.0123 0.0243 0.0262 0.0262 0.7031 0.0214 
        D969  2 0.0452 0.0371 0.2107 0.1648 0.0452 0.1332 0.0349 0.0570 0.0321 0.0351 0.1620 0.0428 
        D977  2 0.0437 0.0151 0.0245 0.0228 0.0155 0.0496 0.0203 0.0242 0.0199 0.0275 0.7168 0.0200 
        D978  2 0.0658 0.0123 0.1059 0.0198 0.0207 0.0767 0.0190 0.3253 0.0312 0.2281 0.0717 0.0236 
        D211  3 0.3032 0.0155 0.0224 0.0403 0.0149 0.0400 0.2774 0.1800 0.0138 0.0435 0.0137 0.0352 
     D229639  3 0.0346 0.0377 0.6056 0.0508 0.0586 0.0434 0.0285 0.0281 0.0319 0.0272 0.0320 0.0218 
     D237212  3 0.1093 0.0386 0.2262 0.0366 0.0198 0.0625 0.0457 0.0762 0.0216 0.0862 0.0394 0.2377 
     D237213  3 0.1152 0.1524 0.0354 0.0199 0.0098 0.0708 0.0441 0.0528 0.0384 0.3816 0.0182 0.0613 
     D237214  3 0.0142 0.0100 0.0088 0.0128 0.0160 0.0179 0.8535 0.0261 0.0115 0.0098 0.0085 0.0108 
     D237215  3 0.0093 0.0291 0.1121 0.0115 0.0594 0.0395 0.0170 0.0260 0.2631 0.0372 0.3828 0.0129 
     D237216  3 0.0760 0.0246 0.0418 0.0386 0.0218 0.5406 0.0436 0.0851 0.0177 0.0558 0.0288 0.0256 
     D237217  3 0.3615 0.0432 0.0657 0.0584 0.0120 0.2298 0.1147 0.0449 0.0138 0.0175 0.0180 0.0204 
     D237218  3 0.3247 0.0175 0.1391 0.0353 0.0537 0.0611 0.0193 0.0880 0.0101 0.0363 0.0345 0.1804 
     D237219  3 0.2033 0.1478 0.0978 0.0237 0.0734 0.0988 0.0559 0.0340 0.0163 0.2209 0.0147 0.0134 
     D237382  3 0.0466 0.1005 0.0214 0.0578 0.0757 0.0650 0.0253 0.4622 0.0433 0.0388 0.0332 0.0302 
     D244127  3 0.0587 0.4924 0.0654 0.0158 0.0133 0.0991 0.0345 0.0362 0.0355 0.0599 0.0643 0.0249 
     D244129  3 0.0844 0.1658 0.0772 0.0787 0.0372 0.0935 0.0688 0.1590 0.0200 0.0582 0.0515 0.1056 
     D244133  3 0.0246 0.0232 0.0217 0.0347 0.0587 0.0525 0.0346 0.0204 0.0274 0.6255 0.0673 0.0094 
     D244134  3 0.0413 0.0701 0.3781 0.0253 0.1838 0.0381 0.0248 0.0238 0.0121 0.1650 0.0180 0.0194 
     D244135  3 0.0382 0.0132 0.0184 0.0424 0.0126 0.0396 0.6779 0.0331 0.0139 0.0471 0.0451 0.0186 
     D244136  3 0.0343 0.0374 0.0512 0.1251 0.1110 0.0954 0.0403 0.0530 0.0647 0.3135 0.0517 0.0224 
        D416  3 0.0831 0.0386 0.0472 0.0456 0.0272 0.1816 0.0660 0.0582 0.0154 0.2856 0.1109 0.0407 
        D417  3 0.2257 0.0223 0.0153 0.5222 0.0166 0.0458 0.0142 0.0625 0.0270 0.0158 0.0109 0.0217 
        D419  3 0.2195 0.0832 0.1450 0.0658 0.0475 0.1393 0.0415 0.0412 0.0206 0.1094 0.0612 0.0259 
        D565  3 0.0131 0.0171 0.0405 0.0382 0.7496 0.0214 0.0148 0.0156 0.0218 0.0397 0.0113 0.0168 
        D566  3 0.0151 0.0601 0.3118 0.0552 0.1531 0.0723 0.0273 0.0237 0.0852 0.1359 0.0461 0.0144 
        D567  3 0.0478 0.0971 0.0200 0.4622 0.0184 0.0671 0.0779 0.0388 0.0394 0.0582 0.0218 0.0513 
        D568  3 0.2322 0.0563 0.0761 0.0481 0.0151 0.1194 0.0581 0.1251 0.0409 0.0364 0.0923 0.1001 
        D569  3 0.0368 0.0163 0.0241 0.0144 0.0391 0.0650 0.0629 0.0696 0.0998 0.0273 0.0622 0.4825 
        D573  3 0.0201 0.0246 0.4981 0.1160 0.0228 0.0661 0.0163 0.0511 0.0146 0.0222 0.1189 0.0292 
        D574  3 0.0408 0.0495 0.0581 0.0328 0.2337 0.1025 0.0420 0.0892 0.1723 0.1098 0.0400 0.0294 
        D575  3 0.0144 0.0499 0.0244 0.0224 0.0293 0.0284 0.0405 0.0174 0.0133 0.7228 0.0198 0.0174 
        D576  3 0.0180 0.0108 0.0723 0.0058 0.0201 0.0354 0.0296 0.0238 0.1983 0.1287 0.4446 0.0126 
        D577  3 0.0549 0.0173 0.0295 0.4329 0.0273 0.0564 0.0605 0.0742 0.0544 0.1431 0.0140 0.0356 
        D578  3 0.0167 0.0174 0.0113 0.0115 0.0124 0.0176 0.8229 0.0381 0.0132 0.0134 0.0150 0.0104 
        D579  3 0.0834 0.0370 0.1644 0.1237 0.1208 0.0713 0.0365 0.0428 0.0256 0.1014 0.0463 0.1470 
        D660  3 0.0331 0.0515 0.0219 0.0138 0.0131 0.0617 0.0545 0.0556 0.0236 0.0898 0.5483 0.0330 
        D661  3 0.4241 0.0188 0.1368 0.0166 0.0156 0.0916 0.0285 0.0458 0.0221 0.0249 0.1011 0.0741 
        D663  3 0.0183 0.0164 0.5212 0.0456 0.0134 0.1216 0.0266 0.0523 0.0686 0.0396 0.0583 0.0181 
        D664  3 0.1596 0.0893 0.0343 0.0129 0.0415 0.0842 0.0855 0.0484 0.0346 0.2777 0.1148 0.0171 
        D665  3 0.0633 0.0506 0.0250 0.0109 0.0075 0.1532 0.0768 0.2782 0.0423 0.1861 0.0307 0.0753 
        D666  3 0.0358 0.1542 0.0360 0.0376 0.0392 0.0304 0.0282 0.0255 0.0136 0.5671 0.0153 0.0172 
        D009  4 0.1836 0.0559 0.0220 0.1141 0.0273 0.1131 0.1021 0.1933 0.0533 0.0263 0.0180 0.0907 
        D057  4 0.0692 0.0137 0.0617 0.0293 0.0201 0.0380 0.2088 0.0285 0.0186 0.0090 0.1202 0.3831 
        D109  4 0.0412 0.4362 0.0225 0.0354 0.0414 0.1465 0.0494 0.0629 0.0290 0.0932 0.0152 0.0272 
     D237222  4 0.0318 0.0312 0.0288 0.0324 0.0958 0.0581 0.5019 0.0630 0.0908 0.0121 0.0256 0.0285 
     D237223  4 0.5394 0.0536 0.0376 0.0158 0.0773 0.0768 0.0485 0.0223 0.0443 0.0183 0.0309 0.0353 
     D237224  4 0.0306 0.0430 0.1785 0.0630 0.0234 0.0967 0.0487 0.0815 0.0396 0.0888 0.1330 0.1733 
     D237225  4 0.1575 0.0345 0.0461 0.0600 0.0439 0.2525 0.0596 0.2003 0.0296 0.0432 0.0202 0.0524 
     D237299  4 0.2834 0.0280 0.0360 0.0152 0.0296 0.0605 0.0126 0.4697 0.0217 0.0149 0.0145 0.0139 
     D237300  4 0.0671 0.0157 0.6049 0.0128 0.0247 0.0377 0.0162 0.0206 0.0241 0.1291 0.0282 0.0189 
     D237306  4 0.2153 0.0509 0.0270 0.0565 0.3325 0.0435 0.0212 0.0292 0.1715 0.0153 0.0140 0.0231 
     D237307  4 0.0547 0.0268 0.0424 0.3418 0.1213 0.0713 0.0235 0.0980 0.0473 0.1200 0.0368 0.0161 
     D237308  4 0.0353 0.1043 0.0358 0.0187 0.0537 0.0665 0.0506 0.0253 0.0486 0.0370 0.3640 0.1603 
     D237309  4 0.0887 0.0446 0.0483 0.1371 0.0231 0.2233 0.1354 0.0544 0.0925 0.0410 0.0376 0.0740 
     D237317  4 0.0297 0.0360 0.0538 0.1173 0.3432 0.1600 0.0612 0.0311 0.0801 0.0381 0.0220 0.0275 
     D237318  4 0.0193 0.0135 0.7375 0.0246 0.0191 0.0355 0.0154 0.0295 0.0193 0.0285 0.0475 0.0103 
     D237319  4 0.2225 0.1013 0.0350 0.0321 0.0300 0.1240 0.0587 0.2575 0.0448 0.0314 0.0414 0.0213 
     D237320  4 0.6448 0.0349 0.0552 0.0263 0.0155 0.0391 0.0572 0.0434 0.0144 0.0151 0.0348 0.0194 
     D237321  4 0.0418 0.0477 0.4944 0.0413 0.0390 0.0704 0.0306 0.0423 0.0308 0.0670 0.0736 0.0211 
     D237397  4 0.4017 0.0366 0.0931 0.0490 0.0908 0.0676 0.0372 0.0543 0.0567 0.0318 0.0608 0.0206 
     D237398  4 0.0664 0.0173 0.5211 0.0421 0.0109 0.0723 0.0211 0.1024 0.0141 0.0384 0.0341 0.0598 
     D237399  4 0.1126 0.0625 0.2267 0.0444 0.1625 0.0504 0.0788 0.1563 0.0201 0.0164 0.0235 0.0458 
     D244001  4 0.0976 0.0298 0.0307 0.0282 0.0183 0.0824 0.3186 0.0276 0.2227 0.0152 0.0834 0.0454 
        D289  4 0.0872 0.0311 0.1008 0.0445 0.1905 0.0688 0.0582 0.0546 0.0264 0.0194 0.0520 0.2665 
        D290  4 0.0276 0.0175 0.0318 0.0273 0.0158 0.0388 0.0163 0.7425 0.0289 0.0124 0.0154 0.0257 
        D294  4 0.0910 0.0123 0.0418 0.0702 0.0266 0.1218 0.0454 0.2061 0.0593 0.0324 0.0227 0.2702 
        D295  4 0.2781 0.1278 0.0313 0.1292 0.0377 0.0587 0.0277 0.1083 0.0440 0.0773 0.0225 0.0575 
        D301  4 0.1117 0.0839 0.0784 0.0124 0.0373 0.0518 0.3676 0.0426 0.1222 0.0464 0.0251 0.0206 
        D302  4 0.0174 0.0119 0.0121 0.0385 0.0121 0.0265 0.0176 0.0266 0.0277 0.0249 0.0096 0.7751 
        D303  4 0.0425 0.0769 0.0280 0.0310 0.4717 0.0489 0.0276 0.0572 0.0577 0.0422 0.0559 0.0605 
        D304  4 0.0382 0.0150 0.1322 0.0597 0.0557 0.0987 0.0415 0.4418 0.0465 0.0267 0.0170 0.0270 
        D305  4 0.0374 0.0224 0.0442 0.0126 0.0083 0.3173 0.0225 0.0442 0.0777 0.0208 0.0506 0.3421 
        D306  4 0.0266 0.0165 0.0171 0.0279 0.0257 0.1436 0.0266 0.5663 0.1049 0.0106 0.0139 0.0203 
        D307  4 0.0406 0.0329 0.0347 0.0118 0.0680 0.0254 0.6497 0.0332 0.0188 0.0327 0.0211 0.0311 
        D327  4 0.0462 0.0196 0.0344 0.5554 0.0522 0.0586 0.0186 0.0694 0.0363 0.0548 0.0317 0.0227 
        D328  4 0.1362 0.0509 0.0258 0.0226 0.0922 0.0534 0.0174 0.0262 0.3745 0.0691 0.0190 0.1127 
        D329  4 0.0420 0.0525 0.0755 0.0360 0.0341 0.1747 0.0383 0.1291 0.0417 0.0179 0.1040 0.2543 
        D330  4 0.1405 0.1215 0.0187 0.1556 0.0116 0.1312 0.0891 0.1230 0.0684 0.0313 0.0465 0.0626 
        D331  4 0.0291 0.0620 0.1457 0.1157 0.0495 0.1038 0.0299 0.3161 0.0569 0.0462 0.0268 0.0184 
        D333  4 0.1796 0.0539 0.0460 0.0515 0.0500 0.0748 0.0359 0.1025 0.1354 0.0402 0.0456 0.1845 
        D334  4 0.0386 0.0234 0.0298 0.0442 0.4495 0.0565 0.0650 0.1604 0.0204 0.0447 0.0145 0.0531 
        D335  4 0.0212 0.0298 0.0306 0.1141 0.0289 0.0545 0.0286 0.0389 0.1400 0.0510 0.0342 0.4281 
        D370  4 0.0151 0.0994 0.0232 0.0192 0.0234 0.0559 0.0225 0.0286 0.6034 0.0505 0.0285 0.0301 
        D371  4 0.0205 0.0229 0.0251 0.1477 0.5168 0.0285 0.0118 0.0114 0.1022 0.0747 0.0215 0.0169 
        D372  4 0.0272 0.0260 0.4765 0.0107 0.0148 0.1391 0.0117 0.1195 0.0942 0.0319 0.0362 0.0120 
        D373  4 0.0260 0.0155 0.0620 0.0230 0.0141 0.0420 0.6268 0.0296 0.0237 0.0395 0.0544 0.0436 
        D455  4 0.0230 0.0171 0.0310 0.0236 0.0196 0.0266 0.6484 0.0634 0.0129 0.0114 0.0297 0.0933 
        D490  4 0.1726 0.0160 0.0127 0.0215 0.0172 0.0212 0.6395 0.0411 0.0158 0.0139 0.0091 0.0194 
        D497  4 0.2099 0.0275 0.0238 0.0124 0.0145 0.0392 0.5116 0.0295 0.0234 0.0335 0.0149 0.0597 
        D498  4 0.0288 0.1203 0.0876 0.0429 0.0588 0.0892 0.0232 0.3564 0.1094 0.0379 0.0254 0.0200 
        D499  4 0.1174 0.0549 0.0511 0.0133 0.0942 0.0901 0.0136 0.0872 0.0486 0.2021 0.1234 0.1041 
        D514  4 0.0385 0.0532 0.0485 0.2041 0.0158 0.1056 0.0315 0.1277 0.1661 0.0877 0.0239 0.0974 
        D515  4 0.6916 0.0258 0.0144 0.0251 0.0173 0.0296 0.0216 0.0537 0.0598 0.0193 0.0181 0.0237 
        D516  4 0.1423 0.1656 0.0530 0.0723 0.0398 0.0873 0.0398 0.0637 0.0347 0.2264 0.0557 0.0196 
        D517  4 0.0965 0.0319 0.0539 0.0551 0.0176 0.1200 0.4990 0.0281 0.0242 0.0145 0.0352 0.0242 
        D518  4 0.1036 0.0167 0.0200 0.0232 0.0466 0.0522 0.1554 0.0412 0.0676 0.0160 0.0354 0.4220 
        D519  4 0.8290 0.0187 0.0300 0.0112 0.0144 0.0149 0.0149 0.0156 0.0093 0.0133 0.0165 0.0123 
        D560  4 0.7340 0.0175 0.0256 0.0643 0.0090 0.0323 0.0159 0.0277 0.0171 0.0130 0.0277 0.0159 
        D561  4 0.0230 0.0279 0.0206 0.0484 0.0113 0.0930 0.0811 0.5637 0.0223 0.0162 0.0387 0.0537 
        D562  4 0.0383 0.0360 0.0418 0.0312 0.0474 0.0787 0.2071 0.2604 0.0773 0.0302 0.0388 0.1127 
        D563  4 0.0620 0.0393 0.0408 0.0211 0.0180 0.0907 0.0612 0.0555 0.0270 0.0975 0.3746 0.1123 
        D572  4 0.0396 0.0163 0.0183 0.0454 0.0192 0.0496 0.0564 0.0719 0.0496 0.0125 0.0268 0.5944 
        D629  4 0.0413 0.0230 0.0513 0.1191 0.0131 0.0500 0.1985 0.0568 0.0184 0.3264 0.0166 0.0856 
        D630  4 0.2341 0.0313 0.0730 0.0543 0.0355 0.0775 0.1219 0.1617 0.0992 0.0251 0.0212 0.0652 
        D631  4 0.0557 0.0128 0.0235 0.0132 0.0157 0.0407 0.0232 0.0442 0.0188 0.0153 0.0484 0.6885 
        D632  4 0.0372 0.1192 0.0154 0.0420 0.0135 0.0401 0.2755 0.0280 0.0436 0.0648 0.1476 0.1732 
        D646  4 0.5506 0.0741 0.0292 0.0896 0.0219 0.0661 0.0251 0.0244 0.0405 0.0131 0.0344 0.0310 
        D647  4 0.1373 0.0718 0.0453 0.2990 0.0113 0.0689 0.0640 0.1432 0.0483 0.0156 0.0321 0.0632 
        D648  4 0.0431 0.0151 0.0113 0.0150 0.0269 0.0261 0.0163 0.0292 0.6448 0.0633 0.0179 0.0912 
        D649  4 0.0390 0.2887 0.0340 0.1292 0.0182 0.0548 0.0434 0.0538 0.0196 0.0785 0.0148 0.2260 
        D650  4 0.2215 0.0585 0.0497 0.1671 0.0863 0.0678 0.0600 0.0761 0.0310 0.0934 0.0242 0.0645 
        D708  4 0.0890 0.0326 0.0573 0.0295 0.1544 0.1157 0.0329 0.0953 0.0674 0.1242 0.0256 0.1762 
        D709  4 0.0283 0.1777 0.0195 0.0201 0.0249 0.1073 0.0111 0.3610 0.1320 0.0721 0.0184 0.0275 
        D738  4 0.1556 0.0768 0.0424 0.0614 0.4354 0.0518 0.0426 0.0369 0.0421 0.0219 0.0113 0.0217 
        D739  4 0.1469 0.0390 0.0287 0.0196 0.0219 0.0922 0.2138 0.2205 0.1129 0.0449 0.0212 0.0384 
        D740  4 0.0761 0.1170 0.0580 0.0154 0.1665 0.1888 0.0403 0.1664 0.0152 0.0353 0.0560 0.0650 
        D741  4 0.6917 0.0285 0.0284 0.0540 0.0100 0.0463 0.0170 0.0340 0.0187 0.0175 0.0379 0.0160 
        D742  4 0.1985 0.0383 0.1137 0.0236 0.0898 0.1026 0.0509 0.0601 0.0294 0.0287 0.1930 0.0716 
        D743  4 0.0426 0.0149 0.0467 0.2806 0.0168 0.0443 0.0237 0.0426 0.0194 0.0439 0.0394 0.3852 
        D744  4 0.0212 0.0097 0.0170 0.0125 0.0154 0.0166 0.0179 0.0190 0.0105 0.0147 0.0220 0.8234 
        D745  4 0.8059 0.0206 0.0135 0.0113 0.0140 0.0167 0.0260 0.0263 0.0109 0.0260 0.0119 0.0168 
        D814  4 0.3907 0.0105 0.0532 0.0302 0.0147 0.1513 0.0483 0.0506 0.0700 0.0195 0.1183 0.0427 
        D815  4 0.0238 0.0633 0.0493 0.0702 0.0264 0.0643 0.0180 0.1697 0.1166 0.0457 0.0277 0.3251 
        D828  4 0.0398 0.0236 0.0263 0.0095 0.0339 0.0413 0.0154 0.0617 0.6355 0.0375 0.0361 0.0394 
        D845  4 0.0189 0.0120 0.8352 0.0132 0.0185 0.0148 0.0110 0.0112 0.0116 0.0200 0.0178 0.0157 
        D846  4 0.0261 0.0168 0.0486 0.0744 0.0085 0.0890 0.1417 0.1260 0.0416 0.0452 0.1344 0.2477 
        D847  4 0.0757 0.0369 0.0462 0.0476 0.0635 0.0763 0.1111 0.4413 0.0129 0.0190 0.0318 0.0376 
        D848  4 0.0109 0.0224 0.1298 0.0107 0.0155 0.0404 0.6078 0.0589 0.0194 0.0158 0.0458 0.0226 
        D849  4 0.4308 0.0484 0.0224 0.0258 0.0128 0.0845 0.1138 0.0955 0.0418 0.0541 0.0321 0.0381 
        D850  4 0.0659 0.0276 0.2224 0.0616 0.0465 0.1573 0.1844 0.0910 0.0254 0.0455 0.0286 0.0438 
        D856  4 0.0497 0.1463 0.0211 0.0270 0.0342 0.1314 0.0235 0.4277 0.0396 0.0427 0.0203 0.0365 
        D857  4 0.0205 0.5443 0.0145 0.0058 0.0157 0.0310 0.0276 0.0387 0.2003 0.0104 0.0758 0.0155 
        D859  4 0.3040 0.0192 0.0813 0.0599 0.0187 0.0604 0.0303 0.0403 0.0730 0.0202 0.0261 0.2666 
        D860  4 0.0185 0.0311 0.1780 0.0665 0.3742 0.0490 0.0336 0.0408 0.0342 0.0198 0.0639 0.0904 
        D883  4 0.0761 0.0749 0.0514 0.1766 0.0667 0.0738 0.1175 0.0765 0.1054 0.0943 0.0223 0.0645 
        D884  4 0.7148 0.0347 0.0191 0.0220 0.0261 0.0291 0.0158 0.0208 0.0429 0.0425 0.0116 0.0207 
        D885  4 0.3784 0.0240 0.1316 0.0824 0.0204 0.1344 0.0270 0.0423 0.0128 0.0575 0.0583 0.0310 
        D886  4 0.0757 0.0933 0.0269 0.1040 0.0160 0.0699 0.0770 0.3666 0.0584 0.0186 0.0260 0.0675 
        D887  4 0.1541 0.0492 0.1904 0.1019 0.0415 0.0846 0.0400 0.0845 0.0941 0.0230 0.0727 0.0639 
        D889  4 0.0464 0.0113 0.5254 0.0198 0.0125 0.0724 0.0141 0.1863 0.0446 0.0199 0.0086 0.0388 
        D890  4 0.0208 0.0538 0.0273 0.0205 0.0370 0.0731 0.0459 0.0465 0.0948 0.4855 0.0453 0.0494 
        D891  4 0.0100 0.0084 0.8939 0.0111 0.0070 0.0102 0.0077 0.0090 0.0077 0.0159 0.0109 0.0083 
        D899  4 0.0300 0.0279 0.1683 0.0200 0.0704 0.0576 0.0255 0.0475 0.0423 0.0475 0.3791 0.0840 
        D900  4 0.0458 0.0447 0.0489 0.0688 0.0617 0.1222 0.0794 0.2962 0.0600 0.0290 0.0654 0.0779 
        D970  4 0.0399 0.0356 0.0613 0.0860 0.0511 0.1038 0.0470 0.1357 0.0229 0.0441 0.0382 0.3344 
        D971  4 0.0135 0.0739 0.0185 0.0326 0.0403 0.1036 0.0263 0.0904 0.0484 0.0344 0.3773 0.1408 
        D979  4 0.0363 0.0194 0.0275 0.2549 0.0285 0.0831 0.0250 0.0734 0.0997 0.1101 0.0352 0.2068 
        D093  5 0.0726 0.0230 0.0461 0.0369 0.6597 0.0279 0.0164 0.0324 0.0335 0.0195 0.0165 0.0156 
        D154  5 0.2491 0.0209 0.0848 0.0181 0.0229 0.1060 0.0125 0.0365 0.0749 0.2841 0.0663 0.0239 
        D168  5 0.1432 0.0504 0.0826 0.0426 0.0136 0.0935 0.0689 0.0502 0.0336 0.2564 0.1371 0.0277 
