        D174  1 0.0970 0.0628 0.0402 0.4351 0.1310 0.1321 0.1017 
        D199  1 0.2783 0.0520 0.2240 0.1724 0.0817 0.1286 0.0630 
        D203  1 0.2238 0.0875 0.2314 0.0700 0.1438 0.1225 0.1210 
        D204  1 0.7686 0.0787 0.0328 0.0222 0.0338 0.0366 0.0273 
     D237366  1 0.0715 0.1797 0.0569 0.0775 0.1950 0.1691 0.2503 
     D237367  1 0.3977 0.0729 0.0443 0.0482 0.1424 0.1481 0.1463 
     D237368  1 0.1752 0.0458 0.0583 0.1006 0.0539 0.1185 0.4477 
     D244101  1 0.2959 0.2699 0.1604 0.0271 0.0563 0.1469 0.0435 
     D244102  1 0.1001 0.2119 0.0629 0.0816 0.2791 0.1204 0.1441 
     D244103  1 0.1802 0.1184 0.0449 0.0570 0.2167 0.2886 0.0942 
     D244104  1 0.6728 0.0296 0.0419 0.1257 0.0282 0.0516 0.0503 
     D244105  1 0.1196 0.1519 0.0309 0.0255 0.2063 0.2746 0.1912 
     D244106  1 0.0706 0.0678 0.0879 0.5290 0.1177 0.0860 0.0411 
     D244107  1 0.0793 0.0720 0.0647 0.0196 0.0358 0.1403 0.5883 
     D244108  1 0.1110 0.0624 0.0500 0.4164 0.0774 0.0884 0.1945 
     D244113  1 0.0304 0.2153 0.0388 0.4225 0.1949 0.0528 0.0451 
     D244114  1 0.0816 0.1331 0.0641 0.0812 0.2994 0.3017 0.0389 
     D244115  1 0.1204 0.0459 0.0348 0.3769 0.0760 0.1729 0.1729 
     D267365  1 0.3613 0.0564 0.0686 0.2971 0.0639 0.0862 0.0665 
        D404  1 0.0297 0.2918 0.0431 0.2832 0.2591 0.0528 0.0404 
        D405  1 0.1293 0.2001 0.0984 0.0868 0.3022 0.1143 0.0689 
        D406  1 0.0765 0.0360 0.0183 0.0503 0.0366 0.0379 0.7444 
        D407  1 0.6023 0.0282 0.0599 0.0293 0.0335 0.1573 0.0895 
        D408  1 0.0578 0.0488 0.0665 0.6206 0.0684 0.0952 0.0429 
        D409  1 0.1266 0.0712 0.0476 0.0539 0.1715 0.4485 0.0807 
        D410  1 0.0813 0.0458 0.0140 0.0318 0.0362 0.0464 0.7444 
        D421  1 0.8725 0.0142 0.0347 0.0254 0.0147 0.0227 0.0158 
        D422  1 0.0552 0.0236 0.0247 0.0213 0.0384 0.0497 0.7870 
        D423  1 0.0918 0.0262 0.0422 0.0204 0.0389 0.0488 0.7317 
        D424  1 0.6036 0.0469 0.0170 0.0419 0.0367 0.2161 0.0378 
        D425  1 0.4279 0.0661 0.0368 0.1467 0.0845 0.1834 0.0547 
        D426  1 0.0792 0.0382 0.0845 0.0360 0.1254 0.5864 0.0504 
        D427  1 0.2152 0.0229 0.4170 0.2457 0.0231 0.0417 0.0343 
        D428  1 0.3584 0.0861 0.0645 0.1728 0.0747 0.1219 0.1215 
        D429  1 0.3551 0.0897 0.0531 0.1948 0.1486 0.1047 0.0541 
        D430  1 0.0914 0.0903 0.0961 0.1487 0.3055 0.2187 0.0495 
        D491  1 0.1081 0.0386 0.0213 0.7017 0.0468 0.0519 0.0317 
        D492  1 0.2812 0.0871 0.0392 0.1354 0.1183 0.2160 0.1227 
        D537  1 0.6568 0.0925 0.0195 0.0355 0.0465 0.0707 0.0785 
        D538  1 0.0690 0.0834 0.0623 0.1078 0.2459 0.2164 0.2152 
        D539  1 0.0557 0.1544 0.1012 0.2375 0.2465 0.1032 0.1016 
        D540  1 0.3598 0.0844 0.0415 0.0578 0.1010 0.2678 0.0877 
        D541  1 0.8633 0.0175 0.0231 0.0212 0.0179 0.0291 0.0278 
        D551  1 0.0627 0.0473 0.1854 0.0464 0.1649 0.4461 0.0472 
        D552  1 0.2140 0.0719 0.0368 0.2446 0.0471 0.1283 0.2573 
        D553  1 0.8515 0.0241 0.0174 0.0224 0.0236 0.0355 0.0256 
        D615  1 0.3777 0.0566 0.0941 0.1018 0.1149 0.1167 0.1383 
        D616  1 0.3454 0.0490 0.1138 0.0783 0.0694 0.1629 0.1812 
        D621  1 0.0282 0.1786 0.0266 0.1003 0.0477 0.0525 0.5662 
        D622  1 0.0464 0.0705 0.0258 0.0479 0.0605 0.0783 0.6706 
        D623  1 0.0405 0.3041 0.1199 0.2612 0.1574 0.0773 0.0396 
        D624  1 0.0575 0.0228 0.0295 0.7300 0.0446 0.0793 0.0363 
        D625  1 0.6351 0.0453 0.0217 0.0695 0.0617 0.0998 0.0669 
        D626  1 0.1034 0.0854 0.0467 0.4373 0.0960 0.0911 0.1402 
        D627  1 0.1062 0.0491 0.0741 0.0481 0.1885 0.4910 0.0430 
        D690  1 0.7489 0.0279 0.0149 0.0615 0.0269 0.0314 0.0886 
        D691  1 0.1049 0.0621 0.0300 0.0584 0.0739 0.0472 0.6236 
        D710  1 0.2889 0.1122 0.0517 0.1722 0.0717 0.1763 0.1271 
        D711  1 0.7008 0.0519 0.0299 0.0417 0.0615 0.0483 0.0658 
        D712  1 0.0464 0.0627 0.0708 0.6109 0.0743 0.0714 0.0635 
        D713  1 0.2018 0.2126 0.0257 0.1569 0.1582 0.1358 0.1089 
        D746  1 0.0715 0.0335 0.0242 0.0320 0.0303 0.0340 0.7744 
        D747  1 0.8481 0.0250 0.0307 0.0201 0.0205 0.0276 0.0279 
        D748  1 0.2785 0.1257 0.0245 0.0480 0.2500 0.0976 0.1756 
        D749  1 0.0334 0.1161 0.0458 0.1121 0.0894 0.2008 0.4024 
        D750  1 0.1625 0.0553 0.0307 0.5817 0.0397 0.0584 0.0717 
        D763  1 0.1469 0.2101 0.1887 0.0431 0.1410 0.1831 0.0871 
        D764  1 0.4794 0.0238 0.0185 0.2545 0.0293 0.0862 0.1084 
        D765  1 0.0530 0.0498 0.0219 0.2002 0.1112 0.1275 0.4364 
        D766  1 0.1561 0.1136 0.0288 0.0586 0.0513 0.1000 0.4917 
        D767  1 0.1048 0.2928 0.0665 0.0417 0.2934 0.0894 0.1115 
        D768  1 0.8323 0.0270 0.0244 0.0178 0.0251 0.0411 0.0322 
        D811  1 0.0528 0.1114 0.0297 0.3070 0.3028 0.1132 0.0830 
        D816  1 0.8219 0.0273 0.0201 0.0385 0.0243 0.0452 0.0227 
        D825  1 0.1348 0.0574 0.0231 0.3018 0.1497 0.1649 0.1682 
        D866  1 0.0636 0.0494 0.2923 0.3400 0.0813 0.1204 0.0529 
        D867  1 0.0343 0.1040 0.0394 0.0369 0.0492 0.1044 0.6318 
        D871  1 0.0903 0.0819 0.0275 0.0556 0.2703 0.4344 0.0401 
        D872  1 0.3323 0.0819 0.0387 0.0573 0.1972 0.1175 0.1751 
        D873  1 0.0127 0.0317 0.0156 0.0176 0.0476 0.0303 0.8446 
        D874  1 0.1622 0.4768 0.0382 0.1491 0.0844 0.0718 0.0176 
        D875  1 0.0650 0.0653 0.0199 0.0305 0.2010 0.4816 0.1369 
        D876  1 0.5257 0.0622 0.0281 0.1359 0.0462 0.1035 0.0984 
        D877  1 0.0528 0.2391 0.0301 0.1882 0.3051 0.1629 0.0218 
        D892  1 0.2873 0.1082 0.0240 0.1726 0.2093 0.1018 0.0967 
        D893  1 0.6338 0.0769 0.0530 0.0263 0.0615 0.0908 0.0578 
        D894  1 0.5754 0.0631 0.0427 0.0646 0.1134 0.1005 0.0403 
        D915  1 0.5207 0.0654 0.0358 0.0694 0.0643 0.1074 0.1370 
        D916  1 0.8560 0.0192 0.0180 0.0292 0.0218 0.0245 0.0313 
        D917  1 0.1522 0.1529 0.1096 0.2973 0.0734 0.1734 0.0412 
        D925  1 0.1672 0.0201 0.0261 0.1019 0.0413 0.0396 0.6038 
        D926  1 0.3632 0.1048 0.0305 0.0968 0.0776 0.2418 0.0852 
        D927  1 0.3274 0.0552 0.2853 0.0778 0.0662 0.1550 0.0332 
        D928  1 0.0931 0.0288 0.0207 0.7759 0.0261 0.0339 0.0216 
        D929  1 0.0398 0.4188 0.0241 0.0549 0.3512 0.0711 0.0401 
        D936  1 0.5041 0.1812 0.0913 0.0490 0.0551 0.0860 0.0334 
        D938  1 0.0362 0.0440 0.0183 0.0306 0.0313 0.0311 0.8085 
        D956  1 0.0448 0.0539 0.0456 0.6257 0.1158 0.0714 0.0428 
        D957  1 0.1859 0.0972 0.0392 0.0551 0.1118 0.0916 0.4190 
        D958  1 0.2996 0.0804 0.0232 0.1488 0.0765 0.0977 0.2738 
        D959  1 0.6007 0.0197 0.0389 0.0282 0.0286 0.1829 0.1009 
        D960  1 0.0324 0.0446 0.0199 0.0434 0.0534 0.0580 0.7482 
        D989  1 0.0664 0.0372 0.1142 0.6385 0.0520 0.0601 0.0316 
        D990  1 0.0232 0.0244 0.0655 0.0833 0.0357 0.0775 0.6903 
        D023  2 0.1119 0.0188 0.0224 0.0257 0.0198 0.0754 0.7260 
        D130  2 0.1114 0.0379 0.0317 0.0240 0.0996 0.0706 0.6247 
        D131  2 0.3219 0.0937 0.0766 0.0558 0.0987 0.3044 0.0491 
        D163  2 0.1066 0.0382 0.0221 0.0702 0.0268 0.0537 0.6823 
        D164  2 0.0189 0.0193 0.4245 0.0127 0.0166 0.0222 0.4859 
        D165  2 0.0532 0.0300 0.0429 0.0272 0.0254 0.0677 0.7537 
        D166  2 0.0598 0.1688 0.0399 0.0259 0.4502 0.1988 0.0565 
        D167  2 0.0232 0.0218 0.7954 0.0477 0.0571 0.0330 0.0219 
        D192  2 0.0139 0.0268 0.8721 0.0247 0.0197 0.0233 0.0196 
        D193  2 0.0284 0.2786 0.0532 0.1882 0.2917 0.1169 0.0431 
        D206  2 0.2558 0.1356 0.1605 0.0393 0.0697 0.2540 0.0850 
        D207  2 0.0496 0.0405 0.6388 0.0293 0.0838 0.1206 0.0373 
        D208  2 0.0764 0.1250 0.2458 0.2874 0.1171 0.0996 0.0485 
        D209  2 0.0561 0.2033 0.2001 0.0431 0.0622 0.3377 0.0974 
        D210  2 0.0836 0.0555 0.2031 0.4947 0.0653 0.0617 0.0360 
     D229599  2 0.1999 0.1913 0.0936 0.1036 0.1038 0.2017 0.1061 
     D229600  2 0.0398 0.0411 0.2426 0.0273 0.0817 0.0746 0.4929 
     D237227  2 0.0655 0.0426 0.0751 0.5199 0.0527 0.0905 0.1537 
     D237228  2 0.0211 0.0370 0.0834 0.3282 0.0643 0.1238 0.3423 
     D237258  2 0.1057 0.0977 0.2289 0.1145 0.1035 0.1365 0.2132 
     D237310  2 0.0179 0.0923 0.0529 0.0620 0.2281 0.0779 0.4689 
     D237311  2 0.0180 0.0492 0.1747 0.0479 0.1022 0.0759 0.5321 
     D237312  2 0.0318 0.2351 0.0268 0.0626 0.3907 0.1037 0.1493 
     D237313  2 0.2478 0.1520 0.0443 0.1463 0.0991 0.1731 0.1373 
     D237322  2 0.0449 0.1639 0.1308 0.1410 0.1755 0.2843 0.0595 
     D237323  2 0.0183 0.0429 0.0381 0.1766 0.1135 0.0574 0.5531 
     D237324  2 0.0779 0.0442 0.1914 0.0228 0.0440 0.3630 0.2566 
     D237325  2 0.0489 0.1893 0.0592 0.1039 0.1179 0.1006 0.3803 
     D237326  2 0.0867 0.0486 0.0414 0.0979 0.0336 0.0646 0.6271 
     D237327  2 0.0940 0.1081 0.3495 0.0597 0.1203 0.2055 0.0629 
     D237337  2 0.0467 0.0594 0.0234 0.0829 0.0739 0.0883 0.6253 
     D237338  2 0.0739 0.1536 0.0999 0.1671 0.1059 0.1599 0.2397 
     D237339  2 0.0820 0.4326 0.2037 0.0255 0.1079 0.1169 0.0314 
     D237340  2 0.0309 0.0980 0.1942 0.2056 0.1229 0.0871 0.2613 
     D237389  2 0.0289 0.0760 0.0691 0.0348 0.1845 0.0904 0.5163 
     D237390  2 0.0596 0.1877 0.0392 0.1218 0.2648 0.1157 0.2111 
     D244017  2 0.0357 0.0554 0.2721 0.3038 0.1596 0.1231 0.0503 
     D244112  2 0.0198 0.0396 0.7335 0.0248 0.0832 0.0532 0.0460 
     D244118  2 0.0188 0.0382 0.4612 0.0299 0.0409 0.0367 0.3743 
     D244119  2 0.0344 0.0169 0.2464 0.6110 0.0237 0.0335 0.0341 
     D244120  2 0.0192 0.1742 0.4407 0.0653 0.2091 0.0597 0.0317 
     D244122  2 0.0399 0.0640 0.5698 0.0605 0.1288 0.0684 0.0685 
        D291  2 0.1092 0.0488 0.3529 0.0346 0.1506 0.2435 0.0605 
        D292  2 0.1928 0.0751 0.4141 0.1252 0.0598 0.0805 0.0524 
        D293  2 0.1576 0.0843 0.6084 0.0214 0.0240 0.0881 0.0162 
        D322  2 0.1660 0.1376 0.4497 0.0218 0.0396 0.1242 0.0611 
        D323  2 0.1304 0.2348 0.1204 0.0797 0.1423 0.2326 0.0598 
        D324  2 0.2168 0.0479 0.1742 0.0997 0.0720 0.2216 0.1679 
        D325  2 0.0411 0.0289 0.8402 0.0151 0.0203 0.0348 0.0195 
        D326  2 0.8470 0.0216 0.0228 0.0361 0.0190 0.0372 0.0164 
        D340  2 0.0316 0.0230 0.8460 0.0276 0.0186 0.0273 0.0260 
        D341  2 0.0465 0.1002 0.5827 0.0484 0.1165 0.0585 0.0471 
        D342  2 0.0394 0.0670 0.4027 0.0338 0.1145 0.1860 0.1565 
        D343  2 0.0222 0.0186 0.9013 0.0114 0.0131 0.0203 0.0130 
        D344  2 0.1597 0.4232 0.0409 0.0302 0.1546 0.1562 0.0352 
        D345  2 0.2290 0.1448 0.0524 0.0687 0.0459 0.1955 0.2637 
        D346  2 0.0835 0.0644 0.0810 0.5842 0.0699 0.0737 0.0433 
        D351  2 0.3163 0.0971 0.1160 0.0402 0.1341 0.2195 0.0767 
        D352  2 0.0365 0.5630 0.0476 0.0773 0.0921 0.1499 0.0336 
        D353  2 0.2120 0.0737 0.0398 0.0191 0.0383 0.5940 0.0230 
        D354  2 0.1257 0.5444 0.0168 0.0892 0.0717 0.0926 0.0596 
        D362  2 0.7249 0.0306 0.0392 0.0409 0.0386 0.0660 0.0598 
        D363  2 0.7328 0.0312 0.0298 0.0577 0.0326 0.0595 0.0565 
        D364  2 0.3422 0.3201 0.0298 0.0756 0.0549 0.1202 0.0571 
        D365  2 0.0557 0.0315 0.8140 0.0280 0.0198 0.0321 0.0189 
        D369  2 0.2337 0.0432 0.2510 0.2172 0.0573 0.1133 0.0843 
        D374  2 0.0212 0.1671 0.0228 0.4930 0.2071 0.0558 0.0329 
        D375  2 0.0387 0.6894 0.0145 0.0208 0.1188 0.0915 0.0264 
        D376  2 0.0230 0.1737 0.0344 0.5052 0.1524 0.0774 0.0339 
        D377  2 0.0558 0.2270 0.0700 0.1121 0.1650 0.2342 0.1360 
        D378  2 0.2397 0.1700 0.2464 0.0324 0.0558 0.1826 0.0733 
        D379  2 0.6443 0.0981 0.0237 0.0395 0.0485 0.1153 0.0307 
        D384  2 0.8380 0.0212 0.0193 0.0529 0.0173 0.0347 0.0165 
        D385  2 0.0326 0.1292 0.6762 0.0460 0.0397 0.0530 0.0234 
        D386  2 0.2245 0.3453 0.0620 0.0277 0.0753 0.1826 0.0826 
        D391  2 0.0585 0.0947 0.7154 0.0245 0.0339 0.0503 0.0227 
        D392  2 0.0847 0.0274 0.5734 0.0651 0.0443 0.0750 0.1302 
        D393  2 0.4211 0.1921 0.1397 0.0324 0.0745 0.0727 0.0674 
        D394  2 0.1088 0.1981 0.0665 0.0556 0.1364 0.1464 0.2881 
        D395  2 0.0296 0.4149 0.2327 0.0245 0.0660 0.2052 0.0272 
        D401  2 0.0343 0.0269 0.0365 0.0722 0.0456 0.0544 0.7301 
        D402  2 0.0309 0.0500 0.8066 0.0244 0.0355 0.0287 0.0239 
        D403  2 0.2856 0.1420 0.0295 0.0270 0.1561 0.2897 0.0701 
        D415  2 0.4879 0.0639 0.0258 0.0175 0.0665 0.2650 0.0734 
        D435  2 0.5516 0.0604 0.1862 0.0238 0.0375 0.0740 0.0664 
        D436  2 0.1424 0.4452 0.0378 0.0506 0.1478 0.1375 0.0387 
        D438  2 0.0203 0.0230 0.8522 0.0345 0.0200 0.0290 0.0209 
        D439  2 0.1073 0.4483 0.0637 0.0221 0.0612 0.2414 0.0560 
        D449  2 0.1656 0.0465 0.3463 0.0328 0.0451 0.3210 0.0427 
        D450  2 0.1598 0.2230 0.0330 0.1836 0.1638 0.1874 0.0493 
        D456  2 0.8242 0.0271 0.0194 0.0273 0.0236 0.0596 0.0188 
        D462  2 0.0674 0.0832 0.7304 0.0192 0.0300 0.0443 0.0255 
        D463  2 0.8342 0.0300 0.0155 0.0419 0.0223 0.0389 0.0171 
        D464  2 0.0891 0.2921 0.0500 0.0461 0.0971 0.3964 0.0292 
        D465  2 0.2896 0.0483 0.3650 0.0325 0.0666 0.1208 0.0772 
        D473  2 0.0369 0.1664 0.0481 0.4835 0.0636 0.0680 0.1335 
        D474  2 0.5415 0.0571 0.1207 0.0788 0.0403 0.0861 0.0756 
        D476  2 0.0554 0.3516 0.1104 0.0200 0.0526 0.0781 0.3319 
        D477  2 0.3375 0.2811 0.0402 0.0932 0.0706 0.1160 0.0614 
        D478  2 0.0641 0.1569 0.0689 0.1466 0.1559 0.2829 0.1246 
        D480  2 0.3271 0.2033 0.0980 0.1193 0.1135 0.1092 0.0295 
        D481  2 0.2914 0.1831 0.0762 0.1279 0.0700 0.1147 0.1366 
        D482  2 0.0354 0.3304 0.0752 0.2245 0.1342 0.1250 0.0753 
        D483  2 0.0294 0.0230 0.7574 0.0743 0.0268 0.0387 0.0504 
        D484  2 0.0188 0.6516 0.0416 0.0317 0.1923 0.0440 0.0200 
        D510  2 0.0298 0.0744 0.0568 0.6701 0.0740 0.0637 0.0312 
        D511  2 0.2221 0.4329 0.0869 0.0311 0.0571 0.1101 0.0598 
        D512  2 0.0357 0.0711 0.1206 0.0203 0.1319 0.1103 0.5100 
        D513  2 0.1552 0.0435 0.4634 0.0959 0.0515 0.1378 0.0527 
        D635  2 0.3579 0.0252 0.0498 0.0462 0.0289 0.1931 0.2989 
        D636  2 0.0361 0.0189 0.0200 0.0254 0.0185 0.0346 0.8465 
        D637  2 0.0411 0.3676 0.1684 0.1084 0.1466 0.1272 0.0407 
        D658  2 0.0315 0.2358 0.3950 0.0952 0.1103 0.0697 0.0625 
        D659  2 0.6951 0.0515 0.0309 0.0478 0.0389 0.0925 0.0433 
        D677  2 0.3584 0.1445 0.0780 0.0272 0.1797 0.1136 0.0986 
        D678  2 0.0375 0.0569 0.4950 0.0265 0.1299 0.1893 0.0649 
        D679  2 0.4874 0.0936 0.0802 0.0917 0.0540 0.1433 0.0498 
        D719  2 0.2026 0.0511 0.2031 0.4347 0.0248 0.0535 0.0303 
        D720  2 0.7234 0.0275 0.0344 0.0887 0.0285 0.0607 0.0368 
        D721  2 0.1046 0.0481 0.0652 0.0486 0.0295 0.1297 0.5743 
        D722  2 0.0404 0.1585 0.0807 0.3521 0.1933 0.1023 0.0727 
        D734  2 0.0549 0.4097 0.1125 0.2608 0.0528 0.0893 0.0201 
        D735  2 0.3888 0.1007 0.0740 0.0978 0.0981 0.1577 0.0829 
        D736  2 0.1024 0.0775 0.1498 0.4641 0.0402 0.0936 0.0724 
        D737  2 0.0339 0.1831 0.4724 0.0615 0.0728 0.0846 0.0917 
        D807  2 0.1880 0.1140 0.1389 0.3011 0.1191 0.0848 0.0539 
        D808  2 0.1071 0.0980 0.1503 0.0455 0.1671 0.2395 0.1926 
        D817  2 0.5024 0.1214 0.0382 0.0700 0.0846 0.1337 0.0496 
        D818  2 0.1003 0.0685 0.3135 0.0360 0.1547 0.2863 0.0408 
        D819  2 0.2738 0.0662 0.0549 0.0617 0.1151 0.1991 0.2291 
        D820  2 0.7425 0.0818 0.0466 0.0255 0.0341 0.0503 0.0192 
        D895  2 0.4594 0.0611 0.0312 0.0600 0.0412 0.1689 0.1782 
        D896  2 0.0219 0.0391 0.0225 0.0559 0.0470 0.0390 0.7746 
        D897  2 0.0418 0.1085 0.4521 0.0356 0.1266 0.1833 0.0521 
        D898  2 0.0912 0.1434 0.0637 0.0826 0.2606 0.2634 0.0951 
        D918  2 0.0517 0.1988 0.0848 0.0959 0.2533 0.1919 0.1238 
        D919  2 0.1640 0.3176 0.1768 0.0290 0.1016 0.1723 0.0388 
        D920  2 0.0376 0.0683 0.0395 0.0462 0.0936 0.0596 0.6552 
        D923  2 0.6309 0.1079 0.0405 0.0347 0.0506 0.1059 0.0296 
        D930  2 0.2088 0.2038 0.0489 0.1212 0.1219 0.2418 0.0534 
        D931  2 0.3384 0.2408 0.1269 0.0649 0.0730 0.1074 0.0486 
        D968  2 0.0261 0.0231 0.8642 0.0201 0.0229 0.0285 0.0150 
        D969  2 0.2859 0.0671 0.3114 0.0858 0.0800 0.1316 0.0382 
        D977  2 0.0461 0.0655 0.6589 0.0273 0.0625 0.1082 0.0315 
        D978  2 0.0476 0.1394 0.1892 0.0421 0.3398 0.2173 0.0245 
        D211  3 0.1199 0.2164 0.0338 0.0352 0.3830 0.1220 0.0895 
     D229639  3 0.0872 0.0479 0.4586 0.1984 0.0783 0.0833 0.0463 
     D237212  3 0.1307 0.2779 0.1615 0.0432 0.1586 0.1369 0.0912 
     D237213  3 0.0997 0.2724 0.0440 0.0306 0.2267 0.1850 0.1415 
     D237214  3 0.0621 0.0364 0.0279 0.0467 0.1021 0.3337 0.3912 
     D237215  3 0.0244 0.0465 0.6625 0.1060 0.0781 0.0511 0.0315 
     D237216  3 0.0672 0.1091 0.0351 0.0285 0.1141 0.5918 0.0543 
     D237217  3 0.1629 0.1213 0.0548 0.0225 0.1132 0.3610 0.1643 
     D237218  3 0.1091 0.2773 0.1137 0.0607 0.3047 0.0917 0.0427 
     D237219  3 0.0755 0.1167 0.0580 0.1918 0.0989 0.1713 0.2877 
     D237382  3 0.1157 0.1191 0.0502 0.1158 0.3639 0.1502 0.0851 
     D244127  3 0.0392 0.0724 0.1332 0.0359 0.0695 0.1405 0.5094 
     D244129  3 0.1678 0.1121 0.1043 0.0666 0.1441 0.2022 0.2028 
     D244133  3 0.1404 0.0509 0.1678 0.2130 0.0948 0.2205 0.1125 
     D244134  3 0.0609 0.0415 0.1291 0.5451 0.0434 0.0718 0.1082 
     D244135  3 0.0765 0.0645 0.0652 0.0261 0.0635 0.1281 0.5763 
     D244136  3 0.2970 0.0573 0.1137 0.2426 0.0889 0.1434 0.0572 
        D416  3 0.1669 0.1379 0.1298 0.0551 0.1030 0.2865 0.1208 
        D417  3 0.5906 0.0843 0.0256 0.0340 0.1494 0.0726 0.0434 
        D419  3 0.1639 0.1436 0.1461 0.1080 0.1065 0.1900 0.1419 
        D565  3 0.0582 0.0203 0.0220 0.8180 0.0267 0.0317 0.0230 
        D566  3 0.0756 0.0326 0.2933 0.4064 0.0433 0.0956 0.0533 
        D567  3 0.6163 0.0630 0.0400 0.0324 0.0438 0.0736 0.1308 
        D568  3 0.2352 0.1902 0.1306 0.0259 0.1169 0.1209 0.1804 
        D569  3 0.0404 0.4598 0.1053 0.0441 0.1609 0.1425 0.0470 
        D573  3 0.1422 0.0339 0.6747 0.0367 0.0290 0.0589 0.0245 
        D574  3 0.0619 0.0725 0.0784 0.4496 0.1284 0.1237 0.0856 
        D575  3 0.1716 0.0843 0.0617 0.2291 0.0939 0.1554 0.2040 
        D576  3 0.0131 0.0446 0.7605 0.0355 0.0659 0.0546 0.0258 
        D577  3 0.6082 0.0742 0.0299 0.0444 0.1251 0.0680 0.0501 
        D578  3 0.0304 0.0301 0.0537 0.0251 0.0583 0.2132 0.5892 
        D579  3 0.2164 0.1290 0.1399 0.2304 0.0863 0.1158 0.0821 
        D660  3 0.0341 0.1303 0.4061 0.0293 0.0903 0.1907 0.1192 
        D661  3 0.0471 0.1809 0.3111 0.0275 0.2535 0.1279 0.0521 
        D663  3 0.0454 0.0449 0.6029 0.0345 0.0658 0.1726 0.0338 
        D664  3 0.0295 0.1147 0.1516 0.1060 0.1631 0.2217 0.2133 
        D665  3 0.0270 0.1291 0.0609 0.0200 0.3385 0.2635 0.1610 
        D666  3 0.1395 0.1548 0.0484 0.2101 0.1085 0.1861 0.1527 
        D009  4 0.1460 0.2137 0.0263 0.0358 0.2330 0.1495 0.1958 
        D057  4 0.0636 0.2801 0.2651 0.0434 0.0776 0.0726 0.1977 
        D109  4 0.0711 0.0656 0.0319 0.0881 0.1468 0.1969 0.3996 
     D237222  4 0.0561 0.0690 0.0489 0.1249 0.1346 0.0883 0.4783 
     D237223  4 0.0588 0.1897 0.0804 0.1407 0.2047 0.1730 0.1528 
     D237224  4 0.1565 0.2110 0.2960 0.0621 0.0804 0.1330 0.0610 
     D237225  4 0.1568 0.1563 0.0408 0.0525 0.1958 0.2818 0.1161 
     D237299  4 0.0218 0.1996 0.0285 0.0556 0.4930 0.1588 0.0426 
     D237300  4 0.0251 0.0788 0.6141 0.0675 0.1100 0.0729 0.0315 
     D237306  4 0.0951 0.1383 0.0316 0.4559 0.1280 0.0823 0.0688 
     D237307  4 0.4062 0.0713 0.0601 0.2229 0.1111 0.0831 0.0453 
     D237308  4 0.0641 0.1811 0.3558 0.0939 0.0603 0.1030 0.1419 
     D237309  4 0.2353 0.1428 0.0636 0.0353 0.1263 0.2945 0.1022 
     D237317  4 0.2513 0.0485 0.0379 0.3246 0.0831 0.1857 0.0689 
     D237318  4 0.0279 0.0216 0.7907 0.0305 0.0552 0.0548 0.0192 
     D237319  4 0.1024 0.0969 0.0642 0.0618 0.2612 0.2490 0.1645 
     D237320  4 0.0807 0.1825 0.1397 0.0455 0.3020 0.1015 0.1481 
     D237321  4 0.0712 0.0473 0.5633 0.0855 0.0789 0.0936 0.0602 
     D237397  4 0.0808 0.1350 0.1709 0.1602 0.2208 0.1177 0.1147 
     D237398  4 0.1144 0.0869 0.3515 0.0306 0.2013 0.1726 0.0428 
     D237399  4 0.1499 0.0816 0.1176 0.2711 0.1711 0.1136 0.0951 
     D244001  4 0.0600 0.1315 0.1004 0.0352 0.1088 0.1475 0.4165 
        D289  4 0.1124 0.2389 0.1209 0.2635 0.0752 0.1339 0.0552 
        D290  4 0.0962 0.0912 0.0481 0.0310 0.5657 0.1364 0.0314 
        D294  4 0.1304 0.2297 0.0437 0.0447 0.2883 0.2307 0.0325 
        D295  4 0.3491 0.1727 0.0391 0.0776 0.1809 0.1058 0.0748 
        D301  4 0.0333 0.0665 0.0682 0.0741 0.0952 0.0653 0.5974 
        D302  4 0.1798 0.5235 0.0206 0.0253 0.1216 0.0902 0.0389 
        D303  4 0.0454 0.1111 0.0475 0.5683 0.0886 0.0598 0.0793 
        D304  4 0.1402 0.0688 0.0601 0.1103 0.4092 0.1774 0.0340 
        D305  4 0.0315 0.3031 0.0843 0.0161 0.1186 0.3876 0.0588 
        D306  4 0.0595 0.0579 0.0190 0.0496 0.4464 0.3219 0.0457 
        D307  4 0.0257 0.0709 0.0338 0.0935 0.0487 0.0411 0.6863 
        D327  4 0.5566 0.0778 0.0611 0.0901 0.0683 0.1114 0.0348 
        D328  4 0.0400 0.5485 0.0286 0.1461 0.1438 0.0533 0.0398 
        D329  4 0.0992 0.2155 0.1456 0.0596 0.1708 0.2191 0.0901 
        D330  4 0.3151 0.1641 0.0536 0.0216 0.1649 0.1695 0.1112 
        D331  4 0.2108 0.0700 0.0830 0.1255 0.2828 0.1420 0.0860 
        D333  4 0.0892 0.2830 0.1048 0.1211 0.2098 0.0916 0.1005 
        D334  4 0.1321 0.0625 0.0288 0.5344 0.1051 0.0826 0.0545 
        D335  4 0.3080 0.3919 0.0397 0.0393 0.1258 0.0606 0.0347 
        D370  4 0.0507 0.2315 0.0429 0.1303 0.2509 0.1213 0.1724 
        D371  4 0.1417 0.0512 0.0385 0.6587 0.0340 0.0437 0.0321 
        D372  4 0.0216 0.0459 0.3961 0.0722 0.2059 0.2321 0.0263 
        D373  4 0.0448 0.0863 0.1063 0.0337 0.0389 0.0782 0.6118 
        D455  4 0.0453 0.0956 0.0511 0.0429 0.0713 0.0493 0.6445 
        D490  4 0.0369 0.0632 0.0149 0.0351 0.1138 0.0374 0.6986 
        D497  4 0.0238 0.0936 0.0304 0.0352 0.0962 0.0841 0.6366 
        D498  4 0.0977 0.0667 0.0852 0.1456 0.3655 0.1260 0.1134 
        D499  4 0.0370 0.2044 0.2428 0.1515 0.1458 0.1789 0.0396 
        D514  4 0.3108 0.1606 0.0487 0.0263 0.2008 0.1943 0.0585 
        D515  4 0.0587 0.2540 0.0325 0.0315 0.4713 0.0952 0.0568 
        D516  4 0.2402 0.0941 0.1040 0.0887 0.1507 0.1695 0.1528 
        D517  4 0.0831 0.0736 0.0714 0.0313 0.0583 0.3186 0.3638 
        D518  4 0.0821 0.4042 0.0502 0.0914 0.0978 0.0694 0.2048 
        D519  4 0.0558 0.2744 0.0587 0.0354 0.4328 0.0824 0.0604 
        D560  4 0.0852 0.2850 0.0600 0.0232 0.4288 0.0800 0.0379 
        D561  4 0.1078 0.1055 0.0508 0.0236 0.1168 0.4769 0.1187 
        D562  4 0.0768 0.1868 0.0963 0.0765 0.2536 0.2083 0.1016 
        D563  4 0.0472 0.2174 0.3411 0.0281 0.1059 0.1800 0.0803 
        D572  4 0.1232 0.5498 0.0407 0.0394 0.1254 0.0750 0.0465 
        D629  4 0.3960 0.1424 0.0415 0.0368 0.1196 0.1204 0.1432 
        D630  4 0.1422 0.1862 0.0495 0.0734 0.3392 0.1345 0.0751 
        D631  4 0.0617 0.5028 0.1615 0.0363 0.0918 0.1002 0.0457 
        D632  4 0.0630 0.1249 0.1191 0.0282 0.0469 0.0643 0.5535 
        D646  4 0.2440 0.1804 0.0694 0.0400 0.1121 0.1812 0.1728 
        D647  4 0.4589 0.1066 0.0760 0.0211 0.1348 0.1069 0.0958 
        D648  4 0.0261 0.5626 0.0245 0.0595 0.2537 0.0483 0.0252 
        D649  4 0.4362 0.1817 0.0250 0.0391 0.0506 0.0596 0.2078 
        D650  4 0.2444 0.2170 0.0451 0.1262 0.1751 0.0985 0.0937 
        D708  4 0.0598 0.2753 0.0432 0.2796 0.1316 0.1523 0.0582 
        D709  4 0.0700 0.1503 0.0335 0.0726 0.4233 0.1835 0.0668 
        D738  4 0.1336 0.0688 0.0314 0.4561 0.0660 0.0727 0.1714 
        D739  4 0.0518 0.1689 0.0366 0.0387 0.4391 0.1324 0.1323 
        D740  4 0.0346 0.1682 0.0690 0.1858 0.1650 0.2658 0.1116 
        D741  4 0.1259 0.2138 0.1444 0.0228 0.2404 0.2034 0.0492 
        D742  4 0.0479 0.1270 0.3507 0.1291 0.1623 0.1274 0.0555 
        D743  4 0.4694 0.2912 0.0562 0.0347 0.0354 0.0861 0.0270 
        D744  4 0.0991 0.5823 0.0717 0.0355 0.0499 0.1151 0.0465 
        D745  4 0.0298 0.3083 0.0269 0.0308 0.4873 0.0537 0.0633 
        D814  4 0.0574 0.1611 0.1553 0.0283 0.1803 0.3797 0.0379 
        D815  4 0.1964 0.3425 0.0481 0.0487 0.2193 0.0845 0.0605 
        D828  4 0.0186 0.2616 0.0796 0.1206 0.3967 0.0869 0.0358 
        D845  4 0.0398 0.0420 0.6947 0.1189 0.0409 0.0464 0.0172 
        D846  4 0.1926 0.2847 0.1417 0.0177 0.1127 0.1860 0.0648 
        D847  4 0.1239 0.1128 0.1004 0.1484 0.2672 0.1542 0.0931 
        D848  4 0.0236 0.0379 0.2119 0.0361 0.0353 0.0799 0.5753 
        D849  4 0.0601 0.1915 0.0388 0.0314 0.3814 0.1816 0.1152 
        D850  4 0.2147 0.0769 0.1562 0.1043 0.0622 0.2578 0.1279 
        D856  4 0.0586 0.1091 0.0357 0.0667 0.2950 0.2817 0.1531 
        D857  4 0.0131 0.0522 0.0586 0.0370 0.1082 0.0439 0.6870 
        D859  4 0.0825 0.5601 0.0616 0.0376 0.1384 0.0905 0.0292 
        D860  4 0.1065 0.0798 0.1595 0.5221 0.0374 0.0640 0.0307 
        D883  4 0.2888 0.1179 0.0477 0.1110 0.1434 0.1040 0.1871 
        D884  4 0.0810 0.3174 0.0265 0.1014 0.2917 0.0903 0.0917 
        D885  4 0.1199 0.2195 0.0909 0.0312 0.1959 0.2961 0.0465 
        D886  4 0.1990 0.1249 0.0516 0.0328 0.2934 0.0788 0.2195 
        D887  4 0.1268 0.1928 0.2221 0.0805 0.1657 0.1486 0.0635 
        D889  4 0.0780 0.1155 0.1462 0.0386 0.4326 0.1694 0.0197 
        D890  4 0.0823 0.2273 0.0661 0.1544 0.1476 0.1424 0.1799 
        D891  4 0.0227 0.0220 0.8377 0.0209 0.0299 0.0520 0.0149 
        D899  4 0.0566 0.1040 0.5271 0.1092 0.0809 0.0834 0.0388 
        D900  4 0.1526 0.1807 0.0947 0.0857 0.2024 0.2011 0.0829 
        D970  4 0.1860 0.2815 0.1013 0.0722 0.1095 0.1733 0.0762 
        D971  4 0.1370 0.1560 0.3842 0.0726 0.0597 0.1195 0.0711 
        D979  4 0.4516 0.2908 0.0290 0.0358 0.0939 0.0759 0.0230 
        D093  5 0.0551 0.0555 0.0352 0.7129 0.0684 0.0416 0.0313 
        D154  5 0.0401 0.1693 0.2184 0.0822 0.2459 0.2161 0.0279 
        D168  5 0.1267 0.1250 0.2055 0.0271 0.1763 0.2111 0.1283 
        D189  5 0.0532 0.0712 0.1139 0.3360 0.2854 0.1076 0.0327 
        D190  5 0.0473 0.0817 0.0390 0.7195 0.0417 0.0410 0.0299 
     D237220  5 0.0448 0.1636 0.0492 0.1699 0.3034 0.1136 0.1556 
     D237221  5 0.1096 0.0949 0.1839 0.3830 0.0810 0.0926 0.0550 
     D237274  5 0.5130 0.1824 0.0557 0.0289 0.0577 0.1064 0.0559 
     D237275  5 0.0232 0.0356 0.6600 0.0385 0.1292 0.0844 0.0291 
     D237276  5 0.1226 0.1527 0.0407 0.2063 0.2759 0.0979 0.1039 
     D237277  5 0.0387 0.0786 0.0777 0.6713 0.0456 0.0511 0.0370 
     D237278  5 0.0587 0.0900 0.2576 0.2230 0.1245 0.1274 0.1190 
     D237279  5 0.0502 0.0511 0.0414 0.0253 0.0350 0.2884 0.5087 
     D237280  5 0.1893 0.0722 0.0215 0.0855 0.0711 0.1229 0.4376 
     D237281  5 0.0490 0.0334 0.7909 0.0224 0.0374 0.0493 0.0175 
     D237351  5 0.0362 0.1059 0.0302 0.1337 0.0971 0.0670 0.5298 
     D237352  5 0.1387 0.1998 0.0619 0.0797 0.0906 0.0966 0.3327 
     D237353  5 0.0234 0.0468 0.0284 0.8218 0.0248 0.0288 0.0259 
     D237359  5 0.0607 0.1942 0.0492 0.0813 0.4101 0.1365 0.0680 
     D237361  5 0.0264 0.0287 0.0272 0.8171 0.0391 0.0298 0.0317 
     D237362  5 0.2614 0.1652 0.0697 0.1902 0.0897 0.1538 0.0699 
     D237363  5 0.0472 0.0622 0.1422 0.0633 0.0549 0.5912 0.0390 
     D237364  5 0.0985 0.2474 0.1054 0.0190 0.3324 0.1289 0.0684 
     D237376  5 0.0173 0.3414 0.0404 0.1400 0.3849 0.0509 0.0250 
     D237377  5 0.2054 0.0556 0.0615 0.1793 0.0334 0.1648 0.3000 
     D237378  5 0.0277 0.1680 0.1021 0.4485 0.1275 0.0889 0.0374 
     D237379  5 0.0432 0.3387 0.0544 0.2543 0.1454 0.1236 0.0404 
     D237380  5 0.0308 0.1291 0.0158 0.0781 0.1316 0.0542 0.5603 
     D237381  5 0.0547 0.1135 0.0636 0.0894 0.0999 0.0930 0.4858 
     D237391  5 0.0330 0.0336 0.0331 0.7953 0.0335 0.0408 0.0307 
     D237392  5 0.3782 0.1249 0.1756 0.0381 0.0710 0.1458 0.0664 
     D237393  5 0.3504 0.0594 0.0773 0.2371 0.0656 0.0863 0.1239 
     D237394  5 0.0311 0.0277 0.0158 0.8396 0.0256 0.0287 0.0316 
     D237395  5 0.0473 0.0871 0.0649 0.2867 0.3077 0.1234 0.0829 
     D237396  5 0.3427 0.0481 0.1008 0.1999 0.0281 0.1479 0.1325 
     D244016  5 0.0673 0.2053 0.0922 0.2260 0.0683 0.2808 0.0600 
     D244018  5 0.1019 0.0449 0.3592 0.2338 0.0404 0.1211 0.0988 
     D244019  5 0.1736 0.1485 0.1192 0.0953 0.1209 0.3040 0.0385 
        D279  5 0.0552 0.2849 0.1204 0.0889 0.2830 0.1337 0.0339 
        D280  5 0.1355 0.0448 0.1122 0.2628 0.1131 0.2595 0.0720 
        D281  5 0.0358 0.0442 0.5734 0.0823 0.1288 0.1156 0.0199 
        D283  5 0.1976 0.0465 0.0713 0.4955 0.0362 0.1065 0.0465 
        D284  5 0.0952 0.0955 0.0745 0.0453 0.3799 0.1794 0.1301 
        D285  5 0.0881 0.0909 0.0434 0.4961 0.1364 0.1055 0.0396 
        D286  5 0.1143 0.2009 0.0344 0.1871 0.3056 0.1117 0.0461 
        D287  5 0.0244 0.2915 0.0285 0.2037 0.3110 0.0859 0.0550 
        D288  5 0.3020 0.0611 0.1646 0.1592 0.0635 0.1979 0.0517 
        D308  5 0.1031 0.0357 0.0249 0.0467 0.0359 0.0722 0.6815 
        D309  5 0.1511 0.5835 0.0198 0.0300 0.0418 0.1252 0.0485 
        D310  5 0.0284 0.0333 0.0202 0.6764 0.0473 0.1780 0.0165 
        D311  5 0.1369 0.2592 0.0311 0.1298 0.2192 0.1917 0.0320 
        D312  5 0.1395 0.1889 0.0582 0.2193 0.1942 0.1169 0.0829 
        D313  5 0.0202 0.0197 0.0145 0.0370 0.0267 0.0279 0.8541 
        D314  5 0.0391 0.2597 0.0813 0.0622 0.3596 0.1489 0.0493 
        D315  5 0.2274 0.0635 0.0616 0.3141 0.1141 0.1334 0.0859 
        D317  5 0.0606 0.0295 0.0221 0.7716 0.0396 0.0507 0.0259 
        D318  5 0.1286 0.1689 0.1227 0.0746 0.1396 0.2887 0.0769 
        D319  5 0.0382 0.0355 0.0292 0.7820 0.0347 0.0488 0.0315 
        D320  5 0.0458 0.0723 0.0277 0.6982 0.0591 0.0557 0.0411 
        D321  5 0.1096 0.0387 0.0673 0.1488 0.0272 0.0550 0.5535 
        D336  5 0.0289 0.1037 0.0223 0.5527 0.1550 0.1103 0.0272 
        D337  5 0.0299 0.0326 0.0461 0.8161 0.0259 0.0338 0.0156 
        D338  5 0.1841 0.1199 0.0667 0.1412 0.2938 0.1484 0.0459 
        D339  5 0.0543 0.0620 0.0620 0.5875 0.0770 0.1050 0.0523 
        D347  5 0.1441 0.1710 0.0948 0.0632 0.3402 0.1632 0.0236 
        D348  5 0.0372 0.1144 0.0311 0.6523 0.0673 0.0726 0.0251 
        D349  5 0.0322 0.0384 0.0333 0.0915 0.0346 0.0389 0.7312 
        D350  5 0.0853 0.6646 0.0237 0.0318 0.0650 0.1046 0.0250 
        D355  5 0.1064 0.1071 0.3104 0.0318 0.0865 0.3354 0.0224 
        D356  5 0.2632 0.0766 0.0424 0.3234 0.0973 0.0927 0.1045 
        D357  5 0.0665 0.1491 0.0529 0.1006 0.3173 0.2590 0.0545 
        D358  5 0.0653 0.1387 0.0600 0.4279 0.0689 0.1249 0.1142 
        D359  5 0.2500 0.0745 0.0278 0.4813 0.0332 0.0978 0.0353 
        D360  5 0.1183 0.0589 0.0327 0.5468 0.0882 0.0771 0.0779 
        D361  5 0.0453 0.0292 0.0278 0.0522 0.0396 0.0516 0.7543 
        D366  5 0.5861 0.0336 0.2057 0.0267 0.0250 0.0857 0.0372 
        D367  5 0.0331 0.1280 0.0270 0.4657 0.1568 0.1393 0.0502 
        D368  5 0.1309 0.1162 0.0390 0.2398 0.1361 0.2154 0.1225 
        D380  5 0.1535 0.3558 0.0651 0.0541 0.0725 0.2158 0.0832 
        D381  5 0.0774 0.0645 0.0646 0.4985 0.0397 0.2233 0.0320 
        D400  5 0.0917 0.1711 0.1233 0.2335 0.2300 0.1109 0.0394 
        D411  5 0.0337 0.0643 0.0366 0.0197 0.1020 0.0852 0.6585 
        D412  5 0.0931 0.0831 0.1400 0.0787 0.1901 0.3152 0.0997 
        D413  5 0.1110 0.0583 0.5722 0.0344 0.0713 0.0997 0.0531 
        D414  5 0.0355 0.6163 0.1013 0.0229 0.1274 0.0750 0.0217 
        D420  5 0.0489 0.0545 0.1078 0.0658 0.2981 0.2641 0.1608 
        D431  5 0.0238 0.2856 0.0808 0.0775 0.3208 0.1348 0.0765 
        D432  5 0.0929 0.0608 0.0830 0.4836 0.0484 0.1095 0.1218 
        D433  5 0.0812 0.0555 0.0671 0.6033 0.0805 0.0663 0.0459 
        D434  5 0.1364 0.0595 0.0433 0.5208 0.0650 0.1022 0.0728 
        D440  5 0.0819 0.6442 0.0192 0.0337 0.0772 0.1160 0.0278 
        D447  5 0.2314 0.1184 0.0659 0.0372 0.0958 0.3516 0.0996 
        D448  5 0.0860 0.1145 0.0702 0.3845 0.2194 0.1002 0.0253 
        D459  5 0.0694 0.0515 0.7020 0.0270 0.0418 0.0808 0.0274 
        D460  5 0.1042 0.0410 0.0309 0.0992 0.0272 0.0523 0.6452 
        D461  5 0.1933 0.5978 0.0240 0.0323 0.0519 0.0761 0.0246 
        D468  5 0.2407 0.1242 0.0566 0.1532 0.1720 0.1654 0.0879 
        D469  5 0.4714 0.1225 0.0379 0.0881 0.1152 0.0878 0.0772 
        D470  5 0.0958 0.2471 0.0412 0.0766 0.3369 0.1381 0.0643 
        D471  5 0.0802 0.1072 0.0680 0.4547 0.1754 0.0929 0.0215 
        D472  5 0.6570 0.0230 0.1901 0.0336 0.0284 0.0458 0.0220 
        D479  5 0.0394 0.1765 0.5440 0.0301 0.1012 0.0763 0.0325 
        D485  5 0.0425 0.3347 0.0524 0.0558 0.3750 0.0961 0.0434 
        D486  5 0.1474 0.1071 0.0451 0.0795 0.3131 0.1905 0.1175 
        D487  5 0.0413 0.2158 0.1923 0.2181 0.1409 0.1538 0.0378 
        D555  5 0.0323 0.0295 0.0655 0.7661 0.0430 0.0326 0.0309 
        D556  5 0.0636 0.3056 0.1038 0.1453 0.1691 0.1268 0.0857 
        D557  5 0.0487 0.0420 0.0385 0.7659 0.0353 0.0409 0.0287 
        D564  5 0.0684 0.3028 0.0302 0.2768 0.0734 0.1480 0.1004 
        D594  5 0.1733 0.1397 0.0619 0.0717 0.2083 0.2765 0.0686 
        D595  5 0.1998 0.1120 0.0903 0.3082 0.0774 0.1340 0.0783 
        D596  5 0.0299 0.0258 0.0376 0.7894 0.0476 0.0347 0.0351 
        D597  5 0.1276 0.0995 0.3191 0.2575 0.0476 0.1014 0.0472 
        D598  5 0.1117 0.0946 0.0669 0.3666 0.1127 0.0871 0.1603 
        D617  5 0.0360 0.0793 0.1446 0.0224 0.1165 0.1455 0.4556 
        D618  5 0.0841 0.1061 0.0728 0.5780 0.0582 0.0498 0.0510 
        D619  5 0.1486 0.0978 0.0678 0.1320 0.1123 0.1504 0.2911 
        D620  5 0.0662 0.0298 0.7795 0.0333 0.0293 0.0351 0.0268 
        D628  5 0.0608 0.4772 0.0332 0.0797 0.1423 0.0989 0.1079 
        D714  5 0.0296 0.3283 0.1789 0.1709 0.1302 0.1234 0.0387 
        D715  5 0.0805 0.0490 0.0464 0.7356 0.0281 0.0350 0.0254 
        D716  5 0.1062 0.2036 0.1069 0.0544 0.3096 0.1923 0.0269 
        D717  5 0.3325 0.1065 0.0588 0.2243 0.0907 0.0808 0.1064 
        D718  5 0.0257 0.1150 0.0409 0.0709 0.5631 0.1332 0.0513 
        D769  5 0.0517 0.1242 0.0875 0.0284 0.1841 0.1827 0.3414 
        D770  5 0.0564 0.3500 0.1668 0.0932 0.1554 0.1315 0.0468 
        D771  5 0.0659 0.1059 0.2300 0.1075 0.2347 0.1645 0.0916 
        D772  5 0.0536 0.4722 0.0442 0.1957 0.1183 0.0640 0.0520 
        D782  5 0.0490 0.0305 0.2181 0.0523 0.0538 0.3206 0.2758 
        D783  5 0.0314 0.3603 0.2305 0.1275 0.0897 0.1231 0.0375 
        D784  5 0.3585 0.2126 0.0719 0.1190 0.0622 0.1176 0.0583 
        D785  5 0.0474 0.1197 0.0227 0.6075 0.0740 0.0526 0.0760 
        D786  5 0.1552 0.1236 0.0366 0.0222 0.1393 0.0703 0.4529 
        D821  5 0.0165 0.0336 0.0140 0.8836 0.0201 0.0181 0.0140 
        D822  5 0.2675 0.1465 0.0888 0.1407 0.1084 0.1973 0.0507 
        D826  5 0.0791 0.0959 0.1795 0.3741 0.1036 0.1271 0.0405 
        D827  5 0.2792 0.1434 0.0777 0.0441 0.0965 0.3185 0.0408 
        D851  5 0.1118 0.1035 0.0582 0.1720 0.0831 0.3768 0.0945 
        D852  5 0.0337 0.3416 0.1709 0.1929 0.0854 0.1125 0.0629 
        D853  5 0.0878 0.0924 0.0682 0.2775 0.2770 0.1453 0.0518 
        D854  5 0.1078 0.2015 0.1430 0.0257 0.2448 0.2291 0.0481 
        D861  5 0.0780 0.1728 0.1255 0.1103 0.1577 0.2867 0.0690 
        D862  5 0.3089 0.1082 0.0398 0.1962 0.1601 0.1372 0.0496 
        D865  5 0.0373 0.0498 0.0726 0.6865 0.0511 0.0599 0.0429 
        D868  5 0.6661 0.0599 0.0420 0.0886 0.0682 0.0450 0.0302 
        D869  5 0.0705 0.0379 0.0366 0.0426 0.0533 0.0675 0.6916 
        D870  5 0.0609 0.0389 0.0538 0.0196 0.0824 0.6778 0.0666 
        D907  5 0.0395 0.0484 0.0408 0.5699 0.1257 0.1010 0.0747 
        D908  5 0.0291 0.2164 0.2537 0.2534 0.0802 0.0821 0.0851 
        D910  5 0.0902 0.1008 0.2306 0.3442 0.1082 0.0952 0.0308 
        D911  5 0.0775 0.0593 0.4199 0.0348 0.0599 0.3284 0.0202 
        D934  5 0.0524 0.4066 0.1665 0.0546 0.1023 0.1808 0.0368 
        D946  5 0.0272 0.4627 0.0957 0.0624 0.1888 0.1193 0.0438 
        D947  5 0.1422 0.2599 0.0549 0.0489 0.2958 0.1445 0.0537 
        D948  5 0.0543 0.0247 0.0283 0.1807 0.0223 0.0284 0.6613 
        D949  5 0.0625 0.0349 0.0247 0.1155 0.0369 0.0404 0.6851 
        D950  5 0.0840 0.0601 0.4501 0.0513 0.0566 0.2700 0.0278 
        D951  5 0.2810 0.1078 0.0338 0.0296 0.1246 0.3585 0.0646 
        D952  5 0.6358 0.0622 0.0494 0.0893 0.0632 0.0653 0.0348 
        D953  5 0.0985 0.0606 0.0448 0.6128 0.0649 0.0636 0.0548 
        D954  5 0.4663 0.0488 0.0315 0.2592 0.0361 0.1146 0.0436 
        D961  5 0.0252 0.3199 0.0378 0.0846 0.4138 0.0806 0.0381 
        D962  5 0.0626 0.3042 0.0163 0.4165 0.1126 0.0562 0.0316 
        D963  5 0.3141 0.1724 0.0447 0.2526 0.1008 0.0765 0.0389 
        D964  5 0.0438 0.2546 0.0834 0.0703 0.3125 0.1545 0.0809 
        D965  5 0.0500 0.4199 0.0898 0.0482 0.2375 0.1042 0.0503 
        D966  5 0.1776 0.1903 0.1232 0.2214 0.0717 0.1705 0.0452 
        D967  5 0.0532 0.0564 0.2566 0.2543 0.0745 0.1613 0.1438 
        D991  5 0.0746 0.3439 0.0338 0.0992 0.1840 0.0881 0.1764 
        D502  6 0.0263 0.1744 0.0861 0.0141 0.3999 0.2498 0.0494 
        D503  6 0.0330 0.1238 0.1880 0.0919 0.1847 0.2243 0.1542 
        D504  6 0.3080 0.1520 0.0676 0.1440 0.1022 0.1312 0.0948 
        D505  6 0.1155 0.1260 0.1304 0.2562 0.1151 0.1596 0.0972 
        D506  6 0.0299 0.0207 0.0184 0.8364 0.0358 0.0339 0.0248 
        D507  6 0.0628 0.4412 0.1108 0.0438 0.1047 0.1392 0.0975 
        D508  6 0.1880 0.1340 0.0904 0.0377 0.2768 0.2174 0.0557 
        D529  6 0.1361 0.0827 0.0527 0.1475 0.1981 0.2303 0.1526 
        D530  6 0.0259 0.2333 0.0533 0.0708 0.4322 0.0924 0.0922 
        D531  6 0.1884 0.1849 0.0560 0.0828 0.2804 0.1564 0.0511 
        D532  6 0.2030 0.1578 0.0812 0.1456 0.1784 0.1918 0.0422 
        D534  6 0.0632 0.0580 0.0379 0.0284 0.0445 0.0646 0.7035 
        D535  6 0.1555 0.0786 0.0385 0.3112 0.1018 0.1787 0.1357 
        D536  6 0.0305 0.0673 0.5283 0.0228 0.1127 0.1391 0.0992 
        D554  6 0.0544 0.2198 0.0344 0.1714 0.2556 0.1633 0.1011 
        D587  6 0.0816 0.0498 0.0511 0.6598 0.0467 0.0719 0.0392 
        D588  6 0.1428 0.0510 0.0594 0.3470 0.0570 0.2640 0.0786 
        D589  6 0.0553 0.0807 0.2243 0.1372 0.1478 0.2986 0.0562 
        D590  6 0.0697 0.0376 0.5799 0.0446 0.0681 0.1248 0.0753 
        D591  6 0.0774 0.0750 0.1333 0.1678 0.0720 0.3470 0.1275 
        D592  6 0.0600 0.0234 0.0280 0.0551 0.0303 0.0546 0.7487 
        D593  6 0.0213 0.2764 0.0381 0.0676 0.4894 0.0684 0.0388 
        D682  6 0.0329 0.0394 0.0258 0.7786 0.0364 0.0497 0.0372 
        D683  6 0.4541 0.0531 0.0297 0.2477 0.0689 0.1074 0.0391 
        D684  6 0.0528 0.0703 0.1787 0.0258 0.1697 0.2834 0.2193 
        D685  6 0.0203 0.0651 0.0788 0.0392 0.1892 0.5521 0.0553 
        D686  6 0.0617 0.1435 0.0419 0.2018 0.3050 0.2002 0.0460 
        D724  6 0.1401 0.1616 0.0922 0.0275 0.2899 0.1831 0.1057 
        D725  6 0.0592 0.2853 0.1626 0.0768 0.2225 0.1295 0.0641 
        D726  6 0.0353 0.0381 0.0235 0.7985 0.0401 0.0334 0.0312 
        D727  6 0.2128 0.0331 0.3177 0.0817 0.0808 0.2031 0.0708 
        D728  6 0.0882 0.1389 0.0290 0.4460 0.1166 0.1124 0.0689 
        D729  6 0.2395 0.0190 0.1244 0.0263 0.0491 0.1436 0.3981 
        D730  6 0.1349 0.2122 0.1022 0.0302 0.2060 0.1708 0.1436 
        D731  6 0.0166 0.0235 0.1634 0.7180 0.0277 0.0308 0.0201 
        D732  6 0.2311 0.3996 0.0573 0.0380 0.1178 0.0970 0.0592 
        D733  6 0.0456 0.4295 0.0488 0.0649 0.1945 0.0961 0.1206 
     D237251  7 0.0496 0.2608 0.2887 0.0524 0.2200 0.0922 0.0363 
     D237252  7 0.0464 0.1762 0.1074 0.0291 0.3088 0.1424 0.1897 
     D237253  7 0.0655 0.0742 0.2093 0.1758 0.2734 0.1627 0.0392 
     D237254  7 0.0378 0.0304 0.0513 0.0298 0.0630 0.2004 0.5872 
     D237255  7 0.0305 0.0438 0.6902 0.0394 0.0812 0.0935 0.0214 
     D237256  7 0.0553 0.1229 0.2758 0.0470 0.2147 0.2607 0.0236 
     D237257  7 0.0481 0.1428 0.0605 0.0267 0.2216 0.3954 0.1050 
