        D174  1 0.0521 0.7994 0.1485 
        D199  1 0.3434 0.5452 0.1113 
        D203  1 0.3745 0.4113 0.2142 
        D204  1 0.1310 0.7215 0.1475 
     D237366  1 0.2427 0.2073 0.5500 
     D237367  1 0.1394 0.2164 0.6442 
     D237368  1 0.1574 0.2627 0.5799 
     D244101  1 0.5940 0.3018 0.1043 
     D244102  1 0.2349 0.4900 0.2751 
     D244103  1 0.0595 0.1842 0.7563 
     D244104  1 0.1832 0.6289 0.1879 
     D244105  1 0.0736 0.0392 0.8871 
     D244106  1 0.2862 0.6148 0.0990 
     D244107  1 0.0826 0.0430 0.8743 
     D244108  1 0.0894 0.7567 0.1539 
     D244113  1 0.0927 0.8418 0.0656 
     D244114  1 0.5017 0.2599 0.2384 
     D244115  1 0.0743 0.6593 0.2664 
     D267365  1 0.1113 0.7789 0.1098 
        D404  1 0.1200 0.7919 0.0881 
        D405  1 0.2248 0.6070 0.1682 
        D406  1 0.0447 0.1550 0.8003 
        D407  1 0.1299 0.2132 0.6569 
        D408  1 0.2099 0.6722 0.1179 
        D409  1 0.0626 0.0871 0.8503 
        D410  1 0.0287 0.0966 0.8747 
        D421  1 0.1656 0.5666 0.2678 
        D422  1 0.0377 0.0304 0.9319 
        D423  1 0.0328 0.0307 0.9366 
        D424  1 0.0381 0.2529 0.7091 
        D425  1 0.0927 0.7862 0.1211 
        D426  1 0.1337 0.0524 0.8139 
        D427  1 0.7069 0.2176 0.0755 
        D428  1 0.1273 0.5948 0.2779 
        D429  1 0.1099 0.7196 0.1705 
        D430  1 0.4529 0.2941 0.2530 
        D491  1 0.0377 0.8996 0.0627 
        D492  1 0.0991 0.6117 0.2892 
        D537  1 0.0615 0.5937 0.3448 
        D538  1 0.2196 0.4371 0.3433 
        D539  1 0.3961 0.4039 0.1999 
        D540  1 0.1169 0.3345 0.5486 
        D541  1 0.1115 0.6550 0.2335 
        D551  1 0.6153 0.0878 0.2968 
        D552  1 0.1204 0.5432 0.3364 
        D553  1 0.0886 0.4503 0.4611 
        D615  1 0.2179 0.5087 0.2734 
        D616  1 0.2395 0.3338 0.4267 
        D621  1 0.0853 0.2428 0.6720 
        D622  1 0.0679 0.0875 0.8445 
        D623  1 0.3584 0.5724 0.0692 
        D624  1 0.0522 0.8996 0.0482 
        D625  1 0.0444 0.7822 0.1734 
        D626  1 0.1498 0.5531 0.2971 
        D627  1 0.1201 0.0746 0.8052 
        D690  1 0.0363 0.7610 0.2028 
        D691  1 0.0680 0.1444 0.7876 
        D710  1 0.1852 0.5609 0.2539 
        D711  1 0.1148 0.6936 0.1915 
        D712  1 0.1302 0.7856 0.0842 
        D713  1 0.0438 0.8519 0.1043 
        D746  1 0.0448 0.0609 0.8943 
        D747  1 0.1745 0.6599 0.1656 
        D748  1 0.0598 0.3929 0.5473 
        D749  1 0.1748 0.1898 0.6353 
        D750  1 0.0493 0.8485 0.1023 
        D763  1 0.6340 0.1132 0.2528 
        D764  1 0.0335 0.7768 0.1897 
        D765  1 0.0573 0.2439 0.6988 
        D766  1 0.0515 0.3255 0.6230 
        D767  1 0.2476 0.4321 0.3202 
        D768  1 0.0825 0.3222 0.5953 
        D811  1 0.1077 0.6781 0.2142 
        D816  1 0.0452 0.8111 0.1437 
        D825  1 0.0588 0.6881 0.2531 
        D866  1 0.5780 0.3243 0.0977 
        D867  1 0.0545 0.0566 0.8889 
        D871  1 0.0766 0.1246 0.7989 
        D872  1 0.0896 0.6985 0.2119 
        D873  1 0.0249 0.0360 0.9391 
        D874  1 0.1472 0.8097 0.0431 
        D875  1 0.0325 0.0482 0.9193 
        D876  1 0.0729 0.8128 0.1143 
        D877  1 0.0593 0.9014 0.0393 
        D892  1 0.0497 0.7113 0.2390 
        D893  1 0.2102 0.3302 0.4595 
        D894  1 0.1345 0.5651 0.3003 
        D915  1 0.0724 0.5411 0.3866 
        D916  1 0.0637 0.7110 0.2253 
        D917  1 0.1471 0.7732 0.0797 
        D925  1 0.0547 0.2320 0.7133 
        D926  1 0.0748 0.6408 0.2844 
        D927  1 0.5947 0.2723 0.1331 
        D928  1 0.0254 0.9473 0.0273 
        D929  1 0.1740 0.6132 0.2128 
        D936  1 0.4223 0.4394 0.1383 
        D938  1 0.0300 0.0585 0.9114 
        D956  1 0.1704 0.6961 0.1335 
        D957  1 0.0778 0.5468 0.3754 
        D958  1 0.0378 0.8108 0.1515 
        D959  1 0.0706 0.1286 0.8008 
        D960  1 0.0381 0.1111 0.8507 
        D989  1 0.3615 0.5685 0.0700 
        D990  1 0.1167 0.0422 0.8411 
        D023  2 0.0361 0.0909 0.8731 
        D130  2 0.0487 0.0802 0.8710 
        D131  2 0.1937 0.2123 0.5940 
        D163  2 0.0452 0.0639 0.8908 
        D164  2 0.4827 0.0300 0.4873 
        D165  2 0.0650 0.0358 0.8992 
        D166  2 0.3235 0.1959 0.4805 
        D167  2 0.9224 0.0467 0.0310 
        D192  2 0.9424 0.0323 0.0254 
        D193  2 0.1533 0.6275 0.2192 
        D206  2 0.2791 0.1842 0.5367 
        D207  2 0.7867 0.1014 0.1119 
        D208  2 0.5354 0.3587 0.1059 
        D209  2 0.6784 0.0799 0.2416 
        D210  2 0.3689 0.5467 0.0844 
     D229599  2 0.3478 0.3594 0.2928 
     D229600  2 0.4549 0.0718 0.4734 
     D237227  2 0.2569 0.4691 0.2740 
     D237228  2 0.1841 0.2864 0.5295 
     D237258  2 0.3947 0.3043 0.3010 
     D237310  2 0.1543 0.1155 0.7302 
     D237311  2 0.3173 0.0784 0.6043 
     D237312  2 0.1071 0.3095 0.5833 
     D237313  2 0.1313 0.5541 0.3147 
     D237322  2 0.6725 0.1636 0.1640 
     D237323  2 0.1341 0.2578 0.6081 
     D237324  2 0.4140 0.0463 0.5397 
     D237325  2 0.1477 0.3112 0.5411 
     D237326  2 0.0636 0.3147 0.6217 
     D237327  2 0.7821 0.0945 0.1234 
     D237337  2 0.0515 0.1872 0.7613 
     D237338  2 0.2914 0.2060 0.5026 
     D237339  2 0.6892 0.1841 0.1268 
     D237340  2 0.4887 0.2698 0.2415 
     D237389  2 0.1116 0.0857 0.8027 
     D237390  2 0.1493 0.3991 0.4516 
     D244017  2 0.4983 0.3708 0.1310 
     D244112  2 0.8352 0.0357 0.1290 
     D244118  2 0.7431 0.0402 0.2166 
     D244119  2 0.5340 0.4038 0.0622 
     D244120  2 0.7757 0.1286 0.0957 
     D244122  2 0.7629 0.1193 0.1178 
        D291  2 0.6548 0.0872 0.2581 
        D292  2 0.6267 0.2985 0.0748 
        D293  2 0.8891 0.0794 0.0315 
        D322  2 0.7262 0.1745 0.0992 
        D323  2 0.4057 0.3746 0.2196 
        D324  2 0.3574 0.2762 0.3664 
        D325  2 0.9002 0.0238 0.0760 
        D326  2 0.1401 0.7306 0.1293 
        D340  2 0.9328 0.0281 0.0391 
        D341  2 0.9089 0.0407 0.0505 
        D342  2 0.6302 0.0653 0.3045 
        D343  2 0.9545 0.0173 0.0282 
        D344  2 0.2003 0.5148 0.2848 
        D345  2 0.1416 0.3683 0.4901 
        D346  2 0.2788 0.5919 0.1293 
        D351  2 0.4143 0.2142 0.3715 
        D352  2 0.3430 0.3250 0.3320 
        D353  2 0.2979 0.3047 0.3974 
        D354  2 0.0904 0.6941 0.2155 
        D362  2 0.0663 0.6511 0.2826 
        D363  2 0.0774 0.7302 0.1924 
        D364  2 0.0926 0.6644 0.2429 
        D365  2 0.9372 0.0352 0.0277 
        D369  2 0.3848 0.3915 0.2237 
        D374  2 0.0490 0.8950 0.0560 
        D375  2 0.1798 0.4098 0.4105 
        D376  2 0.1224 0.7475 0.1302 
        D377  2 0.2178 0.3714 0.4107 
        D378  2 0.6627 0.1852 0.1521 
        D379  2 0.0685 0.7563 0.1752 
        D384  2 0.0470 0.8684 0.0846 
        D385  2 0.9261 0.0438 0.0301 
        D386  2 0.3113 0.3868 0.3019 
        D391  2 0.9122 0.0536 0.0341 
        D392  2 0.7639 0.1418 0.0942 
        D393  2 0.5654 0.2278 0.2068 
        D394  2 0.2456 0.2584 0.4960 
        D395  2 0.8119 0.0700 0.1181 
        D401  2 0.0536 0.0512 0.8952 
        D402  2 0.9368 0.0335 0.0297 
        D403  2 0.1286 0.4031 0.4683 
        D415  2 0.0587 0.1926 0.7487 
        D435  2 0.5973 0.1092 0.2935 
        D436  2 0.1411 0.6762 0.1826 
        D438  2 0.9280 0.0334 0.0385 
        D439  2 0.4456 0.1320 0.4225 
        D449  2 0.5619 0.0673 0.3708 
        D450  2 0.0987 0.7226 0.1787 
        D456  2 0.0655 0.4787 0.4558 
        D462  2 0.9338 0.0342 0.0320 
        D463  2 0.0458 0.8281 0.1261 
        D464  2 0.3977 0.4402 0.1620 
        D465  2 0.4753 0.1387 0.3860 
        D473  2 0.1493 0.6888 0.1619 
        D474  2 0.3908 0.3733 0.2358 
        D476  2 0.3255 0.0569 0.6176 
        D477  2 0.2786 0.5093 0.2121 
        D478  2 0.1634 0.4452 0.3914 
        D480  2 0.4900 0.4425 0.0675 
        D481  2 0.2959 0.4663 0.2378 
        D482  2 0.6411 0.1534 0.2055 
        D483  2 0.9045 0.0536 0.0419 
        D484  2 0.6042 0.2238 0.1720 
        D510  2 0.1804 0.7527 0.0669 
        D511  2 0.5897 0.2242 0.1861 
        D512  2 0.1896 0.0476 0.7628 
        D513  2 0.6337 0.1656 0.2007 
        D635  2 0.0795 0.2532 0.6673 
        D636  2 0.0299 0.0486 0.9215 
        D637  2 0.6714 0.1790 0.1496 
        D658  2 0.7467 0.1657 0.0877 
        D659  2 0.1788 0.4274 0.3938 
        D677  2 0.2904 0.2339 0.4756 
        D678  2 0.8270 0.0505 0.1225 
        D679  2 0.3490 0.4555 0.1955 
        D719  2 0.2688 0.6921 0.0391 
        D720  2 0.0884 0.8003 0.1113 
        D721  2 0.2045 0.1376 0.6579 
        D722  2 0.0961 0.7868 0.1171 
        D734  2 0.5354 0.4195 0.0451 
        D735  2 0.2568 0.5189 0.2242 
        D736  2 0.3037 0.5319 0.1644 
        D737  2 0.8514 0.0743 0.0742 
        D807  2 0.2186 0.6789 0.1025 
        D808  2 0.4119 0.1610 0.4271 
        D817  2 0.1137 0.6549 0.2314 
        D818  2 0.6965 0.0878 0.2158 
        D819  2 0.1885 0.2516 0.5599 
        D820  2 0.2197 0.6881 0.0922 
        D895  2 0.1057 0.2487 0.6456 
        D896  2 0.0335 0.0877 0.8788 
        D897  2 0.7773 0.0643 0.1584 
        D898  2 0.2609 0.3261 0.4130 
        D918  2 0.4455 0.1675 0.3871 
        D919  2 0.6547 0.1768 0.1685 
        D920  2 0.0585 0.0816 0.8600 
        D923  2 0.1593 0.6343 0.2063 
        D930  2 0.1270 0.7156 0.1573 
        D931  2 0.4160 0.4515 0.1326 
        D968  2 0.9355 0.0286 0.0359 
        D969  2 0.5861 0.2967 0.1172 
        D977  2 0.8365 0.0459 0.1176 
        D978  2 0.7229 0.1518 0.1253 
        D211  3 0.1104 0.1086 0.7810 
     D229639  3 0.7647 0.1694 0.0659 
     D237212  3 0.5722 0.1367 0.2911 
     D237213  3 0.1518 0.1721 0.6761 
     D237214  3 0.0466 0.0908 0.8627 
     D237215  3 0.8618 0.1010 0.0372 
     D237216  3 0.2468 0.0808 0.6724 
     D237217  3 0.0765 0.0522 0.8713 
     D237218  3 0.7056 0.1527 0.1417 
     D237219  3 0.2659 0.1056 0.6285 
     D237382  3 0.1620 0.6179 0.2201 
     D244127  3 0.2227 0.0508 0.7266 
     D244129  3 0.2930 0.2773 0.4296 
     D244133  3 0.3041 0.3083 0.3876 
     D244134  3 0.5396 0.2552 0.2052 
     D244135  3 0.0962 0.0561 0.8477 
     D244136  3 0.1648 0.6485 0.1867 
        D416  3 0.4272 0.1026 0.4701 
        D417  3 0.0735 0.6442 0.2823 
        D419  3 0.3925 0.2300 0.3775 
        D565  3 0.0412 0.9165 0.0424 
        D566  3 0.4645 0.4073 0.1281 
        D567  3 0.1095 0.4618 0.4286 
        D568  3 0.3949 0.1280 0.4771 
        D569  3 0.6407 0.1333 0.2260 
        D573  3 0.8555 0.0599 0.0846 
        D574  3 0.1665 0.6007 0.2327 
        D575  3 0.2070 0.3373 0.4557 
        D576  3 0.9253 0.0341 0.0406 
        D577  3 0.0869 0.6341 0.2789 
        D578  3 0.0558 0.0240 0.9202 
        D579  3 0.2917 0.5287 0.1796 
        D660  3 0.6481 0.0435 0.3084 
        D661  3 0.8434 0.0499 0.1067 
        D663  3 0.8631 0.0711 0.0658 
        D664  3 0.3006 0.1875 0.5119 
        D665  3 0.2663 0.0446 0.6891 
        D666  3 0.2272 0.2928 0.4800 
        D009  4 0.1075 0.1960 0.6965 
        D057  4 0.7476 0.1086 0.1438 
        D109  4 0.0886 0.1590 0.7524 
     D237222  4 0.0875 0.3210 0.5915 
     D237223  4 0.1936 0.2331 0.5733 
     D237224  4 0.7126 0.1517 0.1357 
     D237225  4 0.1455 0.2061 0.6483 
     D237299  4 0.1313 0.0614 0.8073 
     D237300  4 0.8701 0.0708 0.0590 
     D237306  4 0.0942 0.7552 0.1506 
     D237307  4 0.1619 0.6655 0.1726 
     D237308  4 0.6893 0.1910 0.1198 
     D237309  4 0.1372 0.1639 0.6989 
     D237317  4 0.0547 0.8586 0.0867 
     D237318  4 0.9247 0.0386 0.0367 
     D237319  4 0.2050 0.2508 0.5442 
     D237320  4 0.4100 0.1478 0.4423 
     D237321  4 0.7684 0.1047 0.1270 
     D237397  4 0.3546 0.3938 0.2516 
     D237398  4 0.8141 0.0688 0.1171 
     D237399  4 0.3130 0.4806 0.2064 
     D244001  4 0.1493 0.0746 0.7761 
        D289  4 0.3774 0.4959 0.1267 
        D290  4 0.3382 0.4930 0.1687 
        D294  4 0.4237 0.3230 0.2533 
        D295  4 0.1776 0.5227 0.2997 
        D301  4 0.1840 0.0894 0.7265 
        D302  4 0.1380 0.6239 0.2381 
        D303  4 0.1803 0.6757 0.1440 
        D304  4 0.2997 0.6171 0.0832 
        D305  4 0.5388 0.0495 0.4118 
        D306  4 0.1494 0.7049 0.1457 
        D307  4 0.1542 0.0812 0.7646 
        D327  4 0.1322 0.6699 0.1978 
        D328  4 0.1821 0.6776 0.1403 
        D329  4 0.5925 0.1729 0.2345 
        D330  4 0.0915 0.2179 0.6906 
        D331  4 0.3083 0.5069 0.1848 
        D333  4 0.3107 0.4953 0.1940 
        D334  4 0.0882 0.7907 0.1212 
        D335  4 0.2004 0.7077 0.0919 
        D370  4 0.1179 0.6372 0.2449 
        D371  4 0.0549 0.8941 0.0510 
        D372  4 0.8831 0.0491 0.0678 
        D373  4 0.2299 0.0435 0.7266 
        D455  4 0.1869 0.0662 0.7470 
        D490  4 0.0323 0.0607 0.9070 
        D497  4 0.0723 0.0466 0.8810 
        D498  4 0.2913 0.4953 0.2135 
        D499  4 0.7477 0.1498 0.1025 
        D514  4 0.2196 0.3827 0.3977 
        D515  4 0.1031 0.1951 0.7019 
        D516  4 0.2531 0.3863 0.3606 
        D517  4 0.1367 0.0455 0.8178 
        D518  4 0.2322 0.5568 0.2110 
        D519  4 0.2087 0.0713 0.7200 
        D560  4 0.2904 0.1077 0.6019 
        D561  4 0.0990 0.0645 0.8366 
        D562  4 0.3760 0.2663 0.3577 
        D563  4 0.8047 0.0502 0.1451 
        D572  4 0.2698 0.5101 0.2201 
        D629  4 0.1514 0.2791 0.5695 
        D630  4 0.2428 0.4304 0.3268 
        D631  4 0.7331 0.1657 0.1011 
        D632  4 0.2823 0.0837 0.6339 
        D646  4 0.1511 0.1398 0.7091 
        D647  4 0.2739 0.3045 0.4216 
        D648  4 0.1726 0.6949 0.1325 
        D649  4 0.0870 0.3909 0.5221 
        D650  4 0.1171 0.6817 0.2013 
        D708  4 0.2110 0.5956 0.1935 
        D709  4 0.1563 0.6608 0.1829 
        D738  4 0.0608 0.7723 0.1669 
        D739  4 0.2461 0.1973 0.5567 
        D740  4 0.4707 0.1449 0.3843 
        D741  4 0.3745 0.0896 0.5359 
        D742  4 0.7502 0.1320 0.1178 
        D743  4 0.3614 0.4809 0.1577 
        D744  4 0.5888 0.2086 0.2026 
        D745  4 0.0734 0.0653 0.8613 
        D814  4 0.6408 0.0582 0.3010 
        D815  4 0.2037 0.6531 0.1433 
        D828  4 0.5299 0.3413 0.1288 
        D845  4 0.8997 0.0630 0.0373 
        D846  4 0.5964 0.1078 0.2959 
        D847  4 0.3034 0.3017 0.3948 
        D848  4 0.3897 0.0358 0.5745 
        D849  4 0.1053 0.0882 0.8065 
        D850  4 0.2653 0.2791 0.4556 
        D856  4 0.2037 0.2330 0.5633 
        D857  4 0.1072 0.0619 0.8309 
        D859  4 0.5129 0.3266 0.1605 
        D860  4 0.3066 0.6464 0.0470 
        D883  4 0.1146 0.5674 0.3179 
        D884  4 0.1069 0.5153 0.3778 
        D885  4 0.5312 0.0909 0.3779 
        D886  4 0.1848 0.3898 0.4254 
        D887  4 0.6034 0.1962 0.2004 
        D889  4 0.6729 0.2719 0.0552 
        D890  4 0.1906 0.5163 0.2931 
        D891  4 0.9513 0.0214 0.0273 
        D899  4 0.7069 0.2425 0.0506 
        D900  4 0.2543 0.4073 0.3384 
        D970  4 0.4227 0.3634 0.2139 
        D971  4 0.6488 0.2570 0.0943 
        D979  4 0.1792 0.7473 0.0736 
        D093  5 0.1503 0.7253 0.1244 
        D154  5 0.6970 0.1410 0.1620 
        D168  5 0.5051 0.0710 0.4240 
        D189  5 0.3956 0.5035 0.1010 
        D190  5 0.1555 0.7827 0.0617 
     D237220  5 0.3729 0.1937 0.4334 
     D237221  5 0.3888 0.4846 0.1266 
     D237274  5 0.0968 0.6603 0.2430 
     D237275  5 0.8891 0.0449 0.0659 
     D237276  5 0.1122 0.6173 0.2704 
     D237277  5 0.3886 0.5245 0.0870 
     D237278  5 0.6230 0.2165 0.1605 
     D237279  5 0.0535 0.0556 0.8909 
     D237280  5 0.0885 0.2970 0.6145 
     D237281  5 0.9109 0.0453 0.0439 
     D237351  5 0.0975 0.1737 0.7289 
     D237352  5 0.1388 0.4041 0.4572 
     D237353  5 0.1410 0.7874 0.0716 
     D237359  5 0.4494 0.1311 0.4196 
     D237361  5 0.0642 0.8759 0.0599 
     D237362  5 0.2288 0.5174 0.2538 
     D237363  5 0.3542 0.1244 0.5214 
     D237364  5 0.5444 0.1003 0.3553 
     D237376  5 0.2948 0.6194 0.0858 
     D237377  5 0.0967 0.4198 0.4834 
     D237378  5 0.4600 0.4422 0.0978 
     D237379  5 0.3280 0.4816 0.1904 
     D237380  5 0.0392 0.3862 0.5746 
     D237381  5 0.1561 0.2607 0.5832 
     D237391  5 0.1320 0.7416 0.1264 
     D237392  5 0.2316 0.5028 0.2656 
     D237393  5 0.1202 0.7338 0.1459 
     D237394  5 0.0502 0.8824 0.0674 
     D237395  5 0.2491 0.4516 0.2993 
     D237396  5 0.1492 0.5031 0.3477 
     D244016  5 0.3969 0.4374 0.1657 
     D244018  5 0.6011 0.1927 0.2062 
     D244019  5 0.3321 0.4795 0.1884 
        D279  5 0.7571 0.0910 0.1519 
        D280  5 0.3371 0.4727 0.1902 
        D281  5 0.8637 0.0771 0.0591 
        D283  5 0.1419 0.7744 0.0837 
        D284  5 0.2002 0.1376 0.6622 
        D285  5 0.2197 0.6419 0.1384 
        D286  5 0.2210 0.6027 0.1763 
        D287  5 0.2007 0.6204 0.1789 
        D288  5 0.3681 0.4676 0.1643 
        D308  5 0.0313 0.1027 0.8660 
        D309  5 0.2050 0.5020 0.2930 
        D310  5 0.0969 0.8264 0.0767 
        D311  5 0.2030 0.6321 0.1649 
        D312  5 0.0870 0.8043 0.1086 
        D313  5 0.0273 0.0390 0.9337 
        D314  5 0.5267 0.1603 0.3130 
        D315  5 0.1562 0.6685 0.1752 
        D317  5 0.0611 0.8811 0.0578 
        D318  5 0.3473 0.2307 0.4220 
        D319  5 0.0956 0.8506 0.0538 
        D320  5 0.1315 0.7653 0.1032 
        D321  5 0.0918 0.1340 0.7742 
        D336  5 0.0568 0.9108 0.0324 
        D337  5 0.1058 0.8684 0.0258 
        D338  5 0.2791 0.4434 0.2775 
        D339  5 0.1932 0.6973 0.1095 
        D347  5 0.2265 0.6775 0.0961 
        D348  5 0.0672 0.8983 0.0346 
        D349  5 0.0627 0.1137 0.8236 
        D350  5 0.5077 0.3080 0.1843 
        D355  5 0.7775 0.1417 0.0807 
        D356  5 0.0653 0.7962 0.1385 
        D357  5 0.2113 0.5207 0.2680 
        D358  5 0.1058 0.7395 0.1547 
        D359  5 0.0442 0.8967 0.0591 
        D360  5 0.0678 0.7893 0.1429 
        D361  5 0.0403 0.0787 0.8810 
        D366  5 0.4511 0.2523 0.2966 
        D367  5 0.1419 0.6942 0.1639 
        D368  5 0.1038 0.5518 0.3444 
        D380  5 0.2605 0.2972 0.4423 
        D381  5 0.1334 0.7846 0.0820 
        D400  5 0.3940 0.5243 0.0816 
        D411  5 0.0437 0.0320 0.9242 
        D412  5 0.3408 0.4068 0.2524 
        D413  5 0.8439 0.0601 0.0961 
        D414  5 0.7866 0.0974 0.1159 
        D420  5 0.3465 0.1333 0.5202 
        D431  5 0.5304 0.1961 0.2735 
        D432  5 0.2930 0.5017 0.2052 
        D433  5 0.2560 0.6727 0.0713 
        D434  5 0.0957 0.7965 0.1078 
        D440  5 0.4107 0.3460 0.2433 
        D447  5 0.2094 0.2016 0.5890 
        D448  5 0.1378 0.8044 0.0578 
        D459  5 0.8749 0.0749 0.0502 
        D460  5 0.0411 0.1122 0.8467 
        D461  5 0.2656 0.6055 0.1289 
        D468  5 0.1383 0.5083 0.3535 
        D469  5 0.1466 0.5971 0.2563 
        D470  5 0.1365 0.3786 0.4848 
        D471  5 0.1757 0.7782 0.0461 
        D472  5 0.5479 0.3213 0.1308 
        D479  5 0.9019 0.0560 0.0421 
        D485  5 0.2829 0.5125 0.2046 
        D486  5 0.1034 0.4297 0.4670 
        D487  5 0.7936 0.1277 0.0787 
        D555  5 0.1577 0.7923 0.0499 
        D556  5 0.4625 0.3807 0.1568 
        D557  5 0.1460 0.8093 0.0447 
        D564  5 0.1976 0.5713 0.2311 
        D594  5 0.1434 0.5762 0.2804 
        D595  5 0.2351 0.6013 0.1636 
        D596  5 0.0960 0.8566 0.0474 
        D597  5 0.4170 0.5028 0.0802 
        D598  5 0.2009 0.6434 0.1557 
        D617  5 0.1986 0.0356 0.7658 
        D618  5 0.2814 0.6015 0.1172 
        D619  5 0.0647 0.5733 0.3619 
        D620  5 0.9059 0.0601 0.0340 
        D628  5 0.2844 0.4722 0.2433 
        D714  5 0.6652 0.2275 0.1073 
        D715  5 0.2467 0.6871 0.0662 
        D716  5 0.3636 0.4878 0.1486 
        D717  5 0.1778 0.6298 0.1925 
        D718  5 0.2568 0.2589 0.4843 
        D769  5 0.1519 0.0650 0.7831 
        D770  5 0.6219 0.2456 0.1324 
        D771  5 0.5397 0.2164 0.2439 
        D772  5 0.2046 0.6828 0.1126 
        D782  5 0.1947 0.0700 0.7353 
        D783  5 0.7290 0.1730 0.0980 
        D784  5 0.2295 0.6044 0.1661 
        D785  5 0.0826 0.7833 0.1341 
        D786  5 0.1447 0.2182 0.6371 
        D821  5 0.0886 0.8729 0.0385 
        D822  5 0.1544 0.7220 0.1236 
        D826  5 0.5863 0.3125 0.1012 
        D827  5 0.2195 0.4288 0.3518 
        D851  5 0.2459 0.4215 0.3326 
        D852  5 0.7648 0.1311 0.1041 
        D853  5 0.2951 0.5310 0.1739 
        D854  5 0.4583 0.1580 0.3837 
        D861  5 0.3919 0.3226 0.2856 
        D862  5 0.0581 0.8463 0.0956 
        D865  5 0.2085 0.6916 0.0999 
        D868  5 0.1468 0.6584 0.1948 
        D869  5 0.0374 0.0463 0.9163 
        D870  5 0.0592 0.0453 0.8955 
        D907  5 0.1210 0.7102 0.1688 
        D908  5 0.7393 0.1773 0.0833 
        D910  5 0.3743 0.5561 0.0696 
        D911  5 0.8384 0.1011 0.0605 
        D934  5 0.7480 0.1020 0.1500 
        D946  5 0.6539 0.1446 0.2015 
        D947  5 0.3652 0.3436 0.2912 
        D948  5 0.0467 0.1913 0.7620 
        D949  5 0.0472 0.1432 0.8097 
        D950  5 0.8491 0.0992 0.0517 
        D951  5 0.0718 0.6933 0.2349 
        D952  5 0.1517 0.7438 0.1045 
        D953  5 0.1291 0.7751 0.0957 
        D954  5 0.0657 0.8240 0.1104 
        D961  5 0.2941 0.4967 0.2092 
        D962  5 0.0527 0.8873 0.0600 
        D963  5 0.2021 0.7250 0.0729 
        D964  5 0.3840 0.1619 0.4541 
        D965  5 0.4145 0.3596 0.2259 
        D966  5 0.4153 0.4932 0.0914 
        D967  5 0.4569 0.3266 0.2165 
        D991  5 0.1422 0.5475 0.3103 
        D502  6 0.3913 0.0709 0.5378 
        D503  6 0.5333 0.0527 0.4140 
        D504  6 0.2205 0.5421 0.2374 
        D505  6 0.3720 0.4166 0.2114 
        D506  6 0.0487 0.8769 0.0744 
        D507  6 0.5644 0.1161 0.3195 
        D508  6 0.4438 0.3280 0.2282 
        D529  6 0.2376 0.3217 0.4407 
        D530  6 0.1785 0.5174 0.3041 
        D531  6 0.3104 0.4712 0.2185 
        D532  6 0.1119 0.7369 0.1512 
        D534  6 0.1166 0.0768 0.8066 
        D535  6 0.0878 0.7086 0.2036 
        D536  6 0.7665 0.0396 0.1938 
        D554  6 0.1248 0.5950 0.2802 
        D587  6 0.1053 0.8140 0.0807 
        D588  6 0.1119 0.6953 0.1928 
        D589  6 0.6550 0.1506 0.1944 
        D590  6 0.7953 0.0726 0.1321 
        D591  6 0.4722 0.2154 0.3124 
        D592  6 0.1093 0.1121 0.7786 
        D593  6 0.2339 0.5797 0.1864 
        D682  6 0.1013 0.7712 0.1275 
        D683  6 0.0636 0.7702 0.1662 
        D684  6 0.5196 0.0365 0.4439 
        D685  6 0.4980 0.0917 0.4103 
        D686  6 0.0645 0.7806 0.1549 
        D724  6 0.3846 0.1815 0.4339 
        D725  6 0.4513 0.3299 0.2188 
        D726  6 0.0536 0.8907 0.0557 
        D727  6 0.4485 0.2308 0.3207 
        D728  6 0.0740 0.7668 0.1593 
        D729  6 0.1254 0.0860 0.7886 
        D730  6 0.3725 0.2028 0.4247 
        D731  6 0.5299 0.4203 0.0497 
        D732  6 0.2909 0.4387 0.2704 
        D733  6 0.3414 0.3712 0.2874 
     D237251  7 0.7303 0.1665 0.1032 
     D237252  7 0.4094 0.0895 0.5011 
     D237253  7 0.6432 0.1947 0.1621 
     D237254  7 0.0552 0.0347 0.9101 
     D237255  7 0.8589 0.0855 0.0556 
     D237256  7 0.7948 0.0877 0.1176 
     D237257  7 0.2004 0.0736 0.7260 
     D237282  7 0.2696 0.3108 0.4196 
     D237283  7 0.0652 0.0357 0.8990 
     D237284  7 0.0723 0.0510 0.8766 
     D237285  7 0.2645 0.5525 0.1830 
     D237286  7 0.3675 0.3999 0.2327 
     D237287  7 0.5851 0.1459 0.2691 
     D244006  7 0.0490 0.0397 0.9113 
     D244007  7 0.5674 0.1891 0.2436 
     D244008  7 0.0527 0.0701 0.8772 
     D244009  7 0.1025 0.3348 0.5627 
     D244010  7 0.2449 0.0908 0.6643 
     D244011  7 0.5767 0.2580 0.1653 
     D244012  7 0.5203 0.0882 0.3915 
     D244013  7 0.6472 0.2751 0.0777 
     D244014  7 0.5295 0.0764 0.3941 
     D244015  7 0.1184 0.0635 0.8181 
     D244125  7 0.4683 0.4130 0.1187 
     D244126  7 0.0563 0.0295 0.9142 
     D244130  7 0.2231 0.2429 0.5340 
     D244131  7 0.2044 0.6097 0.1859 
     D244132  7 0.0737 0.8335 0.0928 
        D520  7 0.0928 0.3056 0.6016 
        D521  7 0.3134 0.3732 0.3134 
        D522  7 0.1126 0.2260 0.6614 
        D523  7 0.8191 0.1012 0.0797 
        D524  7 0.4753 0.3285 0.1962 
        D525  7 0.3722 0.0686 0.5592 
        D526  7 0.0651 0.0455 0.8894 
        D527  7 0.3435 0.2849 0.3715 
        D528  7 0.0226 0.0274 0.9500 
        D558  7 0.4762 0.1853 0.3385 
        D559  7 0.5580 0.1020 0.3400 
        D640  7 0.4314 0.3971 0.1715 
        D641  7 0.5606 0.1534 0.2860 
        D642  7 0.2460 0.1578 0.5961 
        D644  7 0.2119 0.5312 0.2569 
        D645  7 0.5219 0.2205 0.2575 
        D662  7 0.0454 0.3988 0.5558 
        D687  7 0.5953 0.2182 0.1865 
        D688  7 0.3218 0.1989 0.4794 
        D689  7 0.3738 0.3681 0.2581 
        D700  7 0.0292 0.0259 0.9449 
        D797  7 0.3395 0.4439 0.2166 
        D798  7 0.0684 0.0673 0.8643 
        D799  7 0.7434 0.0583 0.1983 
        D800  7 0.3651 0.1683 0.4666 
        D132  8 0.0535 0.0614 0.8852 
        D133  8 0.8941 0.0272 0.0787 
        D200  8 0.5357 0.3229 0.1414 
        D500  8 0.0289 0.0515 0.9196 
        D614  8 0.1465 0.6221 0.2313 
        D723  8 0.2204 0.2886 0.4910 
        D888  8 0.9063 0.0436 0.0500 
        D901  8 0.1883 0.0956 0.7161 
        D902  8 0.1063 0.7970 0.0968 
        D903  8 0.1752 0.7247 0.1001 
        D904  8 0.2580 0.4464 0.2956 
        D905  8 0.8772 0.0867 0.0361 
        D906  8 0.7483 0.0606 0.1911 
        D937  8 0.1418 0.7896 0.0686 
        D943  8 0.3615 0.1259 0.5126 
        D972  8 0.1541 0.2029 0.6430 
        D973  8 0.0793 0.6369 0.2838 
        D974  8 0.2363 0.4464 0.3174 
        D975  8 0.3681 0.4633 0.1686 
        D976  8 0.4488 0.1774 0.3738 
        D201  9 0.6386 0.1011 0.2603 
        D202  9 0.5955 0.1255 0.2790 
     D237259  9 0.1345 0.0795 0.7860 
     D237260  9 0.6935 0.0528 0.2537 
     D237262  9 0.0535 0.0476 0.8988 
     D237263  9 0.3737 0.1018 0.5245 
     D237264  9 0.2654 0.2046 0.5301 
     D237265  9 0.8125 0.0610 0.1265 
     D237266  9 0.6076 0.0535 0.3389 
     D237267  9 0.1345 0.3426 0.5229 
     D237268  9 0.1354 0.2378 0.6268 
     D237289  9 0.6467 0.1978 0.1555 
     D237290  9 0.8961 0.0365 0.0673 
     D237291  9 0.7637 0.1079 0.1284 
     D237292  9 0.5629 0.0409 0.3962 
     D237293  9 0.1563 0.3777 0.4660 
     D237294  9 0.3399 0.1204 0.5397 
     D237295  9 0.0693 0.5778 0.3528 
     D237296  9 0.3369 0.2345 0.4286 
     D237297  9 0.2772 0.5878 0.1350 
     D237298  9 0.4353 0.3009 0.2638 
     D237341  9 0.6210 0.1692 0.2098 
     D237342  9 0.2026 0.1224 0.6750 
     D237343  9 0.5207 0.0771 0.4022 
     D237344  9 0.3812 0.4013 0.2175 
     D237345  9 0.1059 0.0379 0.8563 
     D237346  9 0.6826 0.1864 0.1310 
     D237347  9 0.3799 0.5207 0.0994 
     D237348  9 0.2963 0.3386 0.3650 
     D237349  9 0.4423 0.0880 0.4696 
     D244109  9 0.6978 0.0322 0.2701 
     D244110  9 0.7360 0.0812 0.1828 
     D244111  9 0.5192 0.2092 0.2716 
     D244128  9 0.1289 0.0559 0.8152 
     D244137  9 0.1872 0.5051 0.3077 
     D244138  9 0.6024 0.1496 0.2480 
        D580  9 0.0556 0.1233 0.8211 
        D581  9 0.8662 0.0397 0.0940 
        D582  9 0.0437 0.0551 0.9012 
        D583  9 0.8695 0.0389 0.0916 
        D584  9 0.1319 0.3695 0.4986 
        D585  9 0.2926 0.0467 0.6607 
        D586  9 0.8656 0.0724 0.0620 
        D651  9 0.2385 0.5706 0.1909 
        D652  9 0.2017 0.0995 0.6988 
        D653  9 0.6713 0.1664 0.1623 
        D654  9 0.5436 0.1474 0.3090 
        D655  9 0.4517 0.3795 0.1687 
        D656  9 0.0526 0.0604 0.8870 
        D657  9 0.3861 0.1601 0.4538 
        D667  9 0.3538 0.4708 0.1754 
        D668  9 0.3655 0.1413 0.4932 
        D669  9 0.7196 0.0898 0.1906 
        D670  9 0.1132 0.3255 0.5613 
        D671  9 0.8008 0.0645 0.1347 
        D672  9 0.1477 0.0614 0.7910 
        D673  9 0.3140 0.3106 0.3754 
        D692  9 0.1808 0.0524 0.7668 
        D693  9 0.1782 0.4213 0.4005 
        D694  9 0.1383 0.0662 0.7955 
        D695  9 0.1341 0.2368 0.6291 
        D696  9 0.0564 0.9095 0.0340 
        D697  9 0.3119 0.4986 0.1895 
        D698  9 0.5659 0.3060 0.1280 
        D699  9 0.3136 0.3973 0.2891 
        D787  9 0.2306 0.1364 0.6330 
        D788  9 0.0888 0.5860 0.3252 
        D789  9 0.3173 0.2238 0.4589 
        D790  9 0.3090 0.1818 0.5091 
        D791  9 0.8099 0.0833 0.1068 
        D792  9 0.4453 0.1653 0.3894 
        D793  9 0.1680 0.7178 0.1142 
        D794  9 0.2001 0.6170 0.1828 
        D795  9 0.1276 0.1167 0.7557 
        D796  9 0.6466 0.1239 0.2295 
        D142 10 0.1819 0.7154 0.1027 
        D143 10 0.8142 0.1190 0.0668 
        D144 10 0.1781 0.4500 0.3719 
        D145 10 0.8893 0.0528 0.0578 
        D146 10 0.0911 0.1395 0.7694 
        D147 10 0.2769 0.1290 0.5941 
        D148 10 0.1005 0.1685 0.7310 
        D149 10 0.8086 0.0571 0.1343 
        D151 10 0.1666 0.0685 0.7649 
        D152 10 0.9354 0.0306 0.0341 
        D153 10 0.0585 0.8399 0.1016 
        D156 10 0.4955 0.3575 0.1470 
        D157 10 0.1433 0.6292 0.2274 
        D158 10 0.5289 0.2167 0.2544 
        D159 10 0.9016 0.0562 0.0422 
        D160 10 0.8240 0.1146 0.0614 
        D161 10 0.2933 0.3757 0.3310 
        D162 10 0.5181 0.4097 0.0722 
        D169 10 0.0918 0.0567 0.8515 
        D170 10 0.1024 0.1267 0.7709 
        D171 10 0.1856 0.5131 0.3013 
        D172 10 0.4467 0.2653 0.2879 
        D173 10 0.8965 0.0404 0.0631 
        D181 10 0.3717 0.4847 0.1436 
        D182 10 0.5146 0.0748 0.4106 
        D183 10 0.0637 0.8316 0.1047 
        D184 10 0.0267 0.0414 0.9318 
        D185 10 0.1930 0.3389 0.4680 
        D186 10 0.0850 0.0462 0.8689 
        D194 10 0.1039 0.2769 0.6192 
        D195 10 0.6306 0.2560 0.1135 
        D196 10 0.5336 0.4081 0.0583 
        D197 10 0.1712 0.0606 0.7683 
        D198 10 0.0609 0.4733 0.4658 
     D237226 10 0.6952 0.0736 0.2312 
     D237232 10 0.5256 0.2764 0.1979 
     D237233 10 0.7430 0.1489 0.1081 
     D237234 10 0.3691 0.4829 0.1480 
     D237354 10 0.9279 0.0330 0.0391 
     D237355 10 0.7988 0.0939 0.1073 
     D237356 10 0.0426 0.7741 0.1833 
     D237357 10 0.4393 0.1097 0.4511 
     D237358 10 0.1450 0.1859 0.6691 
     D237369 10 0.0620 0.0412 0.8968 
     D237370 10 0.2312 0.6510 0.1178 
     D237371 10 0.1643 0.2649 0.5707 
     D237372 10 0.3037 0.0599 0.6364 
     D237373 10 0.6384 0.2520 0.1096 
     D237374 10 0.8615 0.0899 0.0486 
     D237375 10 0.4329 0.1958 0.3713 
     D237400 10 0.9335 0.0308 0.0357 
     D244002 10 0.0775 0.0640 0.8585 
     D244003 10 0.8130 0.1240 0.0630 
     D244004 10 0.0844 0.8083 0.1073 
     D244005 10 0.6287 0.0705 0.3008 
     D244020 10 0.1936 0.5828 0.2236 
     D244021 10 0.3197 0.1178 0.5625 
     D244116 10 0.2369 0.2203 0.5428 
     D244117 10 0.5989 0.2980 0.1031 
     D244121 10 0.3117 0.5431 0.1452 
     D244123 10 0.5047 0.3641 0.1311 
     D244124 10 0.5186 0.1405 0.3409 
        D332 10 0.1378 0.6854 0.1768 
        D570 10 0.1072 0.7965 0.0963 
        D602 10 0.3297 0.4871 0.1831 
        D603 10 0.4616 0.3330 0.2054 
        D604 10 0.6529 0.2261 0.1209 
        D605 10 0.2833 0.4858 0.2309 
        D606 10 0.0635 0.3236 0.6129 
        D607 10 0.1619 0.4844 0.3537 
        D608 10 0.9334 0.0317 0.0349 
        D609 10 0.0570 0.8453 0.0977 
        D610 10 0.2869 0.3776 0.3355 
        D611 10 0.0489 0.9173 0.0338 
        D613 10 0.2837 0.6085 0.1077 
        D633 10 0.5161 0.2405 0.2434 
        D634 10 0.2394 0.4361 0.3246 
        D638 10 0.9285 0.0416 0.0298 
        D681 10 0.2561 0.3633 0.3806 
        D754 10 0.2216 0.2170 0.5614 
        D755 10 0.7802 0.1733 0.0465 
        D756 10 0.2872 0.4229 0.2899 
        D757 10 0.4848 0.2354 0.2798 
        D758 10 0.3081 0.3440 0.3479 
        D759 10 0.7174 0.1893 0.0934 
        D760 10 0.5316 0.2927 0.1758 
        D761 10 0.9419 0.0282 0.0299 
        D762 10 0.1823 0.5812 0.2366 
        D775 10 0.4625 0.4054 0.1321 
        D776 10 0.8454 0.0639 0.0907 
        D777 10 0.4400 0.2556 0.3044 
        D778 10 0.7021 0.0442 0.2537 
        D779 10 0.3903 0.2787 0.3310 
        D780 10 0.8088 0.1139 0.0773 
        D781 10 0.4935 0.3592 0.1473 
        D858 10 0.0994 0.0217 0.8789 
        D933 10 0.3124 0.4442 0.2435 
        D038 11 0.6756 0.1257 0.1987 
        D063 11 0.6554 0.2562 0.0884 
        D155 11 0.5006 0.3158 0.1836 
        D175 11 0.1619 0.4168 0.4213 
        D176 11 0.7893 0.1082 0.1025 
        D205 11 0.0518 0.7375 0.2107 
     D237229 11 0.4632 0.0801 0.4567 
     D237230 11 0.2249 0.1299 0.6451 
     D237231 11 0.1932 0.7154 0.0914 
     D237269 11 0.6477 0.1881 0.1642 
     D237270 11 0.1448 0.1258 0.7294 
     D237271 11 0.2052 0.6385 0.1563 
     D237272 11 0.1912 0.1854 0.6233 
     D237273 11 0.3869 0.5313 0.0818 
     D237301 11 0.1665 0.7532 0.0803 
     D237302 11 0.3457 0.1442 0.5101 
     D237303 11 0.2104 0.0675 0.7221 
     D237304 11 0.2860 0.4723 0.2417 
     D237305 11 0.1993 0.1412 0.6594 
     D237314 11 0.4735 0.2888 0.2377 
     D237315 11 0.1776 0.1280 0.6943 
     D237316 11 0.0699 0.7864 0.1437 
     D237328 11 0.0600 0.5334 0.4066 
     D237329 11 0.4238 0.1633 0.4129 
     D237330 11 0.3930 0.5441 0.0629 
     D237331 11 0.5060 0.2795 0.2145 
     D237332 11 0.1653 0.5795 0.2551 
     D237333 11 0.7678 0.1678 0.0644 
     D237334 11 0.1395 0.6501 0.2104 
     D237335 11 0.1081 0.6406 0.2513 
     D237336 11 0.7112 0.1401 0.1487 
     D237350 11 0.2065 0.7156 0.0779 
     D237383 11 0.4418 0.1187 0.4395 
     D237384 11 0.1837 0.3386 0.4776 
     D237385 11 0.3907 0.3358 0.2734 
     D237386 11 0.2174 0.6684 0.1142 
     D237387 11 0.1081 0.4779 0.4139 
     D237388 11 0.1529 0.7466 0.1005 
        D239 11 0.4404 0.4101 0.1495 
        D240 11 0.8463 0.0373 0.1164 
        D241 11 0.1850 0.1174 0.6976 
        D242 11 0.4921 0.2730 0.2349 
        D243 11 0.2449 0.5680 0.1872 
        D244 11 0.0669 0.8237 0.1094 
        D245 11 0.2982 0.0618 0.6400 
        D246 11 0.1410 0.6784 0.1805 
        D247 11 0.4800 0.1597 0.3603 
        D248 11 0.1979 0.7048 0.0973 
        D249 11 0.1380 0.3474 0.5146 
        D250 11 0.2375 0.6929 0.0696 
        D251 11 0.1141 0.7202 0.1657 
        D252 11 0.0640 0.5989 0.3370 
        D253 11 0.4269 0.3569 0.2162 
        D254 11 0.1192 0.0554 0.8254 
        D255 11 0.1025 0.8109 0.0867 
        D256 11 0.3722 0.3822 0.2456 
        D257 11 0.1168 0.0722 0.8110 
        D258 11 0.0462 0.1134 0.8404 
        D259 11 0.1213 0.0457 0.8330 
        D260 11 0.3612 0.3536 0.2853 
        D261 11 0.2858 0.5690 0.1452 
        D262 11 0.4344 0.0627 0.5029 
        D263 11 0.0789 0.7125 0.2086 
        D264 11 0.1347 0.2404 0.6249 
        D265 11 0.3837 0.1885 0.4277 
        D266 11 0.3834 0.5005 0.1161 
        D267 11 0.1117 0.6586 0.2297 
        D268 11 0.0997 0.8455 0.0548 
        D269 11 0.0448 0.8591 0.0961 
        D270 11 0.1407 0.4112 0.4481 
        D271 11 0.2979 0.2851 0.4170 
        D272 11 0.6360 0.2093 0.1546 
        D273 11 0.0389 0.0483 0.9128 
        D274 11 0.1564 0.5516 0.2920 
        D275 11 0.1624 0.6739 0.1637 
        D276 11 0.0394 0.9152 0.0454 
        D277 11 0.1364 0.7015 0.1621 
        D278 11 0.3255 0.4565 0.2180 
        D282 11 0.0487 0.1294 0.8219 
        D296 11 0.2744 0.6007 0.1249 
        D297 11 0.0667 0.7808 0.1525 
        D298 11 0.4009 0.4723 0.1268 
        D299 11 0.1860 0.7511 0.0629 
        D300 11 0.7621 0.1174 0.1204 
        D382 11 0.0382 0.8515 0.1102 
        D383 11 0.0770 0.6674 0.2556 
        D387 11 0.5802 0.2521 0.1678 
        D388 11 0.2284 0.5312 0.2404 
        D389 11 0.2381 0.6785 0.0834 
        D390 11 0.1817 0.7068 0.1115 
        D396 11 0.6597 0.1816 0.1587 
        D397 11 0.0936 0.1411 0.7652 
        D398 11 0.2948 0.3236 0.3816 
        D399 11 0.3696 0.2470 0.3834 
        D437 11 0.5201 0.0569 0.4230 
        D441 11 0.2125 0.7148 0.0728 
        D442 11 0.6166 0.1960 0.1874 
        D443 11 0.5534 0.3782 0.0684 
        D444 11 0.2206 0.6298 0.1495 
        D445 11 0.0690 0.3969 0.5341 
        D446 11 0.2599 0.0969 0.6432 
        D451 11 0.1130 0.5426 0.3444 
        D452 11 0.7038 0.1592 0.1370 
        D453 11 0.1231 0.7357 0.1412 
        D454 11 0.2916 0.0584 0.6500 
        D457 11 0.2429 0.3724 0.3846 
        D458 11 0.1129 0.7522 0.1349 
        D466 11 0.8135 0.0545 0.1320 
        D467 11 0.2082 0.6550 0.1368 
        D475 11 0.0620 0.0651 0.8729 
        D488 11 0.5154 0.2887 0.1959 
        D489 11 0.2237 0.1980 0.5782 
        D493 11 0.0793 0.1607 0.7600 
        D494 11 0.2182 0.6044 0.1774 
        D495 11 0.6441 0.0425 0.3134 
        D496 11 0.8960 0.0697 0.0343 
        D674 11 0.8806 0.0454 0.0740 
        D675 11 0.8764 0.0836 0.0400 
        D676 11 0.0914 0.6760 0.2326 
        D680 11 0.5838 0.1759 0.2403 
        D701 11 0.6224 0.1114 0.2663 
        D702 11 0.1494 0.1038 0.7468 
        D703 11 0.5137 0.2304 0.2559 
        D704 11 0.2634 0.4622 0.2743 
        D705 11 0.0731 0.0716 0.8553 
        D706 11 0.6885 0.0661 0.2454 
        D707 11 0.1386 0.3684 0.4931 
        D751 11 0.0840 0.5798 0.3361 
        D752 11 0.6628 0.2163 0.1209 
        D753 11 0.2378 0.2925 0.4697 
        D773 11 0.0276 0.0222 0.9502 
        D774 11 0.5910 0.2489 0.1601 
        D801 11 0.3092 0.5428 0.1480 
        D802 11 0.1231 0.1318 0.7451 
        D803 11 0.5039 0.3413 0.1548 
        D804 11 0.3565 0.2192 0.4243 
        D805 11 0.2038 0.3538 0.4424 
        D806 11 0.0554 0.0527 0.8919 
        D809 11 0.1523 0.7468 0.1009 
        D810 11 0.2068 0.7101 0.0831 
        D812 11 0.1256 0.4183 0.4562 
        D813 11 0.7705 0.0959 0.1335 
        D823 11 0.2297 0.6250 0.1453 
        D824 11 0.4020 0.4968 0.1012 
        D829 11 0.3384 0.5139 0.1478 
        D830 11 0.0599 0.2865 0.6535 
        D831 11 0.7380 0.0739 0.1880 
        D832 11 0.5177 0.1787 0.3036 
        D833 11 0.1067 0.8108 0.0825 
        D834 11 0.0780 0.8301 0.0919 
        D835 11 0.1098 0.1861 0.7041 
        D855 11 0.1256 0.6854 0.1890 
        D863 11 0.9350 0.0296 0.0355 
        D864 11 0.2112 0.5646 0.2242 
        D878 11 0.1355 0.7637 0.1008 
        D879 11 0.0637 0.1376 0.7987 
        D880 11 0.6382 0.3148 0.0470 
        D881 11 0.1843 0.6881 0.1277 
        D882 11 0.6959 0.1456 0.1584 
        D909 11 0.2631 0.5675 0.1694 
        D921 11 0.1784 0.7423 0.0793 
        D924 11 0.7228 0.2058 0.0714 
        D935 11 0.0563 0.7984 0.1454 
        D940 11 0.8713 0.0606 0.0681 
        D941 11 0.3322 0.4729 0.1949 
        D942 11 0.0343 0.1153 0.8505 
        D980 11 0.3196 0.3678 0.3126 
        D981 11 0.1061 0.2107 0.6831 
        D982 11 0.8122 0.1330 0.0548 
        D983 11 0.0693 0.8679 0.0627 
        D984 11 0.2692 0.6136 0.1171 
        D992 11 0.1678 0.1232 0.7090 
        D993 11 0.0483 0.8276 0.1241 
        D994 11 0.4897 0.3135 0.1968 
        D995 11 0.0457 0.2082 0.7461 
        H354 11 0.0862 0.2029 0.7109 
        D005 12 0.3742 0.0732 0.5526 
        D035 12 0.4940 0.1455 0.3605 
        D067 12 0.2419 0.5612 0.1970 
        D134 12 0.6489 0.1551 0.1960 
        D135 12 0.3639 0.2339 0.4022 
        D136 12 0.0795 0.3994 0.5211 
        D137 12 0.5513 0.1181 0.3306 
        D138 12 0.4277 0.3657 0.2066 
        D139 12 0.5209 0.3439 0.1352 
        D140 12 0.2558 0.2524 0.4918 
        D141 12 0.0317 0.0336 0.9347 
        D150 12 0.1408 0.1371 0.7221 
        D177 12 0.7707 0.0810 0.1483 
        D178 12 0.1459 0.6847 0.1694 
        D179 12 0.2637 0.2364 0.4999 
        D180 12 0.1847 0.2027 0.6125 
        D187 12 0.6278 0.1519 0.2203 
        D188 12 0.0387 0.0280 0.9333 
        D191 12 0.1300 0.0524 0.8176 
        D418 12 0.1200 0.0512 0.8288 
        D601 12 0.0688 0.1238 0.8073 
        D836 12 0.0865 0.0454 0.8681 
        D837 12 0.4210 0.3603 0.2186 
        D838 12 0.5493 0.3661 0.0845 
        D839 12 0.8156 0.0600 0.1244 
        D840 12 0.5909 0.2762 0.1329 
        D841 12 0.2518 0.1875 0.5607 
        D842 12 0.0560 0.0261 0.9179 
        D843 12 0.2757 0.5650 0.1593 
        D844 12 0.5094 0.0497 0.4409 
        D912 12 0.1967 0.7335 0.0698 
        D913 12 0.9238 0.0462 0.0300 
