        D174  1 0.0394 0.0875 0.0297 0.1573 0.5699 0.0349 0.0814 
        D199  1 0.2271 0.0597 0.0498 0.0779 0.2071 0.1418 0.2366 
        D203  1 0.2264 0.1091 0.0642 0.1489 0.0842 0.0852 0.2820 
        D204  1 0.0445 0.0344 0.0908 0.0314 0.0315 0.0285 0.7389 
     D237366  1 0.1094 0.2723 0.1504 0.1631 0.0942 0.0839 0.1267 
     D237367  1 0.0998 0.1166 0.0881 0.1944 0.0430 0.0398 0.4182 
     D237368  1 0.1385 0.4343 0.0422 0.0706 0.1177 0.0423 0.1544 
     D244101  1 0.1166 0.0290 0.4399 0.0472 0.0310 0.1192 0.2172 
     D244102  1 0.0830 0.1623 0.2234 0.2435 0.0921 0.1053 0.0903 
     D244103  1 0.0492 0.0810 0.0693 0.3108 0.0782 0.0452 0.3663 
     D244104  1 0.0475 0.0703 0.0292 0.0261 0.1326 0.1065 0.5878 
     D244105  1 0.0385 0.3490 0.0477 0.2407 0.0235 0.0698 0.2307 
     D244106  1 0.1086 0.0254 0.0314 0.1199 0.5731 0.0685 0.0731 
     D244107  1 0.1194 0.4998 0.0838 0.0619 0.0234 0.0298 0.1820 
     D244108  1 0.0480 0.1760 0.0541 0.0698 0.4963 0.0528 0.1031 
     D244113  1 0.0572 0.0407 0.1332 0.0680 0.6430 0.0316 0.0263 
     D244114  1 0.1268 0.0524 0.0902 0.2540 0.1442 0.1930 0.1394 
     D244115  1 0.0420 0.1750 0.0433 0.1092 0.4145 0.0687 0.1473 
     D267365  1 0.0427 0.0641 0.0597 0.0693 0.2849 0.1908 0.2885 
        D404  1 0.0609 0.0317 0.1674 0.1732 0.5049 0.0272 0.0347 
        D405  1 0.1864 0.0806 0.1677 0.1944 0.1506 0.0620 0.1584 
        D406  1 0.0234 0.7758 0.0442 0.0330 0.0401 0.0272 0.0563 
        D407  1 0.1074 0.0421 0.0228 0.0889 0.0364 0.0233 0.6791 
        D408  1 0.0266 0.0330 0.0506 0.0609 0.5123 0.2416 0.0748 
        D409  1 0.0700 0.0518 0.0362 0.4783 0.0491 0.0508 0.2639 
        D410  1 0.0169 0.7097 0.0406 0.0490 0.0461 0.0232 0.1145 
        D421  1 0.0428 0.0140 0.0133 0.0185 0.0337 0.0202 0.8575 
        D422  1 0.0489 0.7107 0.0197 0.0365 0.0210 0.0342 0.1289 
        D423  1 0.0744 0.7239 0.0205 0.0384 0.0241 0.0167 0.1020 
        D424  1 0.0272 0.0654 0.0271 0.0889 0.0594 0.0237 0.7083 
        D425  1 0.0417 0.0488 0.0659 0.0638 0.2053 0.0638 0.5107 
        D426  1 0.0586 0.0494 0.0198 0.3741 0.0419 0.2060 0.2502 
        D427  1 0.4644 0.0295 0.0191 0.0263 0.1787 0.0398 0.2421 
        D428  1 0.0600 0.0964 0.1166 0.0760 0.2689 0.0435 0.3386 
        D429  1 0.0644 0.0585 0.0478 0.1003 0.3033 0.0609 0.3648 
        D430  1 0.0981 0.0330 0.0406 0.4788 0.1153 0.1348 0.0993 
        D491  1 0.0201 0.0241 0.0268 0.0446 0.7763 0.0485 0.0595 
        D492  1 0.1264 0.1062 0.0991 0.1365 0.2151 0.0424 0.2742 
        D537  1 0.0463 0.0700 0.0898 0.0406 0.0428 0.0212 0.6894 
        D538  1 0.1028 0.2026 0.0678 0.3908 0.1318 0.0364 0.0678 
        D539  1 0.0731 0.1118 0.1020 0.1084 0.1896 0.3689 0.0461 
        D540  1 0.0485 0.0952 0.0335 0.2448 0.0624 0.1449 0.3707 
        D541  1 0.0268 0.0331 0.0189 0.0294 0.0237 0.0301 0.8380 
        D551  1 0.3384 0.0572 0.0343 0.0818 0.0474 0.2408 0.2000 
        D552  1 0.0476 0.3203 0.0577 0.0524 0.2411 0.1307 0.1503 
        D553  1 0.0191 0.0251 0.0215 0.0172 0.0242 0.0363 0.8567 
        D615  1 0.0904 0.1341 0.0364 0.1562 0.0992 0.1061 0.3776 
        D616  1 0.1785 0.2060 0.0260 0.1053 0.0983 0.0951 0.2907 
        D621  1 0.0341 0.5636 0.2003 0.0401 0.0897 0.0440 0.0283 
        D622  1 0.0328 0.7219 0.0462 0.0602 0.0404 0.0488 0.0497 
        D623  1 0.1694 0.0362 0.3286 0.0594 0.3240 0.0506 0.0317 
        D624  1 0.0247 0.0294 0.0145 0.0274 0.8345 0.0279 0.0417 
        D625  1 0.0296 0.0934 0.0614 0.1167 0.1065 0.0356 0.5568 
        D626  1 0.0675 0.2035 0.0570 0.0773 0.3447 0.1162 0.1339 
        D627  1 0.0379 0.0337 0.0279 0.4403 0.0418 0.2116 0.2069 
        D690  1 0.0153 0.0648 0.0300 0.0297 0.0920 0.0238 0.7445 
        D691  1 0.0276 0.7090 0.0343 0.0450 0.0473 0.0389 0.0978 
        D710  1 0.0791 0.1132 0.1396 0.1061 0.2098 0.0774 0.2747 
        D711  1 0.0442 0.0644 0.0625 0.0523 0.0505 0.0249 0.7012 
        D712  1 0.0475 0.0674 0.0564 0.0652 0.5835 0.1375 0.0425 
        D713  1 0.0334 0.0705 0.2834 0.1105 0.2849 0.0353 0.1819 
        D746  1 0.0350 0.7841 0.0257 0.0317 0.0253 0.0354 0.0627 
        D747  1 0.0406 0.0210 0.0287 0.0175 0.0341 0.0251 0.8329 
        D748  1 0.0267 0.2713 0.0860 0.1494 0.0577 0.0457 0.3631 
        D749  1 0.1268 0.4370 0.1205 0.0787 0.1539 0.0448 0.0382 
        D750  1 0.0293 0.0623 0.0452 0.0357 0.6445 0.0375 0.1456 
        D763  1 0.1163 0.0795 0.2096 0.0898 0.0300 0.3353 0.1396 
        D764  1 0.0245 0.1166 0.0195 0.0626 0.3242 0.0418 0.4107 
        D765  1 0.0284 0.4394 0.0222 0.1663 0.2110 0.0664 0.0663 
        D766  1 0.0376 0.4848 0.1497 0.0634 0.0667 0.0415 0.1563 
        D767  1 0.1522 0.1319 0.3898 0.1490 0.0419 0.0353 0.0999 
        D768  1 0.0290 0.0269 0.0174 0.0185 0.0237 0.0233 0.8613 
        D811  1 0.0364 0.0575 0.0695 0.3419 0.3546 0.0812 0.0588 
        D816  1 0.0229 0.0211 0.0262 0.0265 0.0507 0.0249 0.8276 
        D825  1 0.0271 0.1058 0.0448 0.2323 0.3772 0.0525 0.1603 
        D866  1 0.1342 0.0488 0.0265 0.0957 0.2138 0.4314 0.0495 
        D867  1 0.0697 0.6425 0.1224 0.0541 0.0408 0.0303 0.0401 
        D871  1 0.0273 0.0288 0.0343 0.5739 0.0455 0.0529 0.2373 
        D872  1 0.0830 0.2563 0.0796 0.1412 0.0790 0.0413 0.3196 
        D873  1 0.0246 0.8606 0.0352 0.0293 0.0250 0.0131 0.0123 
        D874  1 0.0308 0.0183 0.6777 0.0415 0.1169 0.0518 0.0630 
        D875  1 0.0232 0.0714 0.0300 0.6184 0.0311 0.0270 0.1989 
        D876  1 0.0297 0.0920 0.1093 0.0770 0.1551 0.0924 0.4444 
        D877  1 0.0415 0.0295 0.2340 0.2467 0.3671 0.0312 0.0500 
        D892  1 0.0264 0.1151 0.0769 0.1666 0.2322 0.0279 0.3549 
        D893  1 0.0498 0.0613 0.0973 0.0596 0.0233 0.1095 0.5992 
        D894  1 0.0463 0.0522 0.0329 0.1522 0.0821 0.0707 0.5636 
        D915  1 0.0426 0.1235 0.0347 0.0742 0.0724 0.0602 0.5923 
        D916  1 0.0182 0.0319 0.0152 0.0298 0.0245 0.0250 0.8554 
        D917  1 0.0913 0.0449 0.1423 0.0834 0.3855 0.1037 0.1488 
        D925  1 0.0347 0.6322 0.0210 0.0312 0.1003 0.0476 0.1330 
        D926  1 0.0386 0.0772 0.0812 0.0980 0.1529 0.0496 0.5025 
        D927  1 0.2784 0.0409 0.0630 0.1140 0.0847 0.1269 0.2921 
        D928  1 0.0190 0.0183 0.0213 0.0240 0.8292 0.0203 0.0679 
        D929  1 0.0296 0.0657 0.6420 0.1174 0.0680 0.0336 0.0438 
        D936  1 0.0897 0.0315 0.1951 0.0558 0.0472 0.1102 0.4705 
        D938  1 0.0226 0.8240 0.0440 0.0241 0.0283 0.0265 0.0304 
        D956  1 0.0476 0.0429 0.0314 0.1397 0.6582 0.0452 0.0350 
        D957  1 0.0740 0.4247 0.0996 0.0880 0.0754 0.0358 0.2025 
        D958  1 0.0339 0.3018 0.0823 0.0994 0.1766 0.0384 0.2674 
        D959  1 0.1113 0.0487 0.0175 0.0692 0.0339 0.0181 0.7013 
        D960  1 0.0301 0.7789 0.0483 0.0363 0.0522 0.0228 0.0313 
        D989  1 0.1228 0.0356 0.0390 0.0634 0.5139 0.1565 0.0687 
        D990  1 0.0375 0.7235 0.0321 0.0375 0.0522 0.0970 0.0203 
        D023  2 0.0360 0.6909 0.0345 0.0374 0.0350 0.0287 0.1375 
        D130  2 0.0484 0.6296 0.0386 0.1083 0.0239 0.0269 0.1243 
        D131  2 0.0528 0.0505 0.0593 0.2988 0.0501 0.2006 0.2880 
        D163  2 0.0248 0.6420 0.0409 0.0398 0.0597 0.0378 0.1550 
        D164  2 0.4725 0.4427 0.0198 0.0168 0.0158 0.0169 0.0155 
        D165  2 0.0504 0.7136 0.0447 0.0377 0.0340 0.0500 0.0696 
        D166  2 0.0723 0.0479 0.1428 0.5929 0.0283 0.0603 0.0554 
        D167  2 0.8570 0.0173 0.0177 0.0318 0.0403 0.0187 0.0172 
        D192  2 0.8627 0.0195 0.0246 0.0191 0.0265 0.0315 0.0160 
        D193  2 0.0566 0.0644 0.2279 0.1306 0.4024 0.0686 0.0496 
        D206  2 0.3285 0.0815 0.0681 0.0780 0.0422 0.0575 0.3441 
        D207  2 0.6422 0.0273 0.0301 0.1438 0.0340 0.0720 0.0506 
        D208  2 0.1416 0.0646 0.0842 0.0757 0.1797 0.3941 0.0601 
        D209  2 0.6441 0.0473 0.1171 0.0422 0.0332 0.0434 0.0727 
        D210  2 0.1457 0.0334 0.0432 0.0340 0.4058 0.2731 0.0648 
     D229599  2 0.0672 0.0961 0.2320 0.1039 0.0967 0.1803 0.2238 
     D229600  2 0.4380 0.3167 0.0329 0.0949 0.0303 0.0384 0.0487 
     D237227  2 0.0975 0.1701 0.0370 0.0669 0.4510 0.1259 0.0515 
     D237228  2 0.1125 0.3168 0.0302 0.1039 0.3305 0.0820 0.0241 
     D237258  2 0.2860 0.1456 0.1005 0.1069 0.1075 0.1685 0.0849 
     D237310  2 0.0844 0.3191 0.0582 0.4268 0.0597 0.0327 0.0191 
     D237311  2 0.2052 0.5021 0.0399 0.1495 0.0420 0.0392 0.0221 
     D237312  2 0.0410 0.2252 0.1651 0.4020 0.0797 0.0470 0.0398 
     D237313  2 0.0443 0.1656 0.1081 0.1098 0.1345 0.1707 0.2671 
     D237322  2 0.0600 0.0728 0.1796 0.2183 0.0919 0.3307 0.0468 
     D237323  2 0.0402 0.5236 0.0421 0.1423 0.1686 0.0633 0.0199 
     D237324  2 0.3469 0.2882 0.0525 0.0876 0.0273 0.1134 0.0840 
     D237325  2 0.0771 0.4381 0.1482 0.1282 0.1040 0.0452 0.0593 
     D237326  2 0.0589 0.5962 0.0491 0.0498 0.1239 0.0405 0.0817 
     D237327  2 0.2445 0.0560 0.1156 0.0858 0.0582 0.3731 0.0667 
     D237337  2 0.0265 0.6893 0.0420 0.0846 0.0878 0.0375 0.0323 
     D237338  2 0.1116 0.2598 0.1797 0.1240 0.1275 0.1150 0.0824 
     D237339  2 0.1398 0.0268 0.6214 0.0617 0.0237 0.0513 0.0753 
     D237340  2 0.2424 0.2328 0.0855 0.1117 0.2290 0.0637 0.0349 
     D237389  2 0.1868 0.4116 0.0578 0.2425 0.0423 0.0235 0.0357 
     D237390  2 0.0340 0.2543 0.1769 0.2494 0.1083 0.0858 0.0913 
     D244017  2 0.4669 0.0344 0.0278 0.1472 0.2514 0.0430 0.0293 
     D244112  2 0.8436 0.0277 0.0216 0.0464 0.0230 0.0188 0.0189 
     D244118  2 0.6288 0.2380 0.0383 0.0216 0.0279 0.0287 0.0166 
     D244119  2 0.2714 0.0257 0.0157 0.0247 0.6032 0.0360 0.0233 
     D244120  2 0.4852 0.0332 0.1172 0.1643 0.0898 0.0903 0.0199 
     D244122  2 0.7358 0.0488 0.0402 0.0544 0.0487 0.0367 0.0355 
        D291  2 0.0722 0.0416 0.0245 0.1586 0.0255 0.6002 0.0775 
        D292  2 0.3638 0.0573 0.0679 0.0466 0.1131 0.1589 0.1923 
        D293  2 0.5391 0.0153 0.1264 0.0784 0.0195 0.0658 0.1553 
        D322  2 0.4865 0.0638 0.1725 0.0747 0.0281 0.0599 0.1146 
        D323  2 0.2439 0.0423 0.1870 0.1780 0.0888 0.1521 0.1079 
        D324  2 0.0538 0.1005 0.0284 0.1248 0.0668 0.4773 0.1483 
        D325  2 0.7851 0.0175 0.0317 0.0315 0.0134 0.0461 0.0746 
        D326  2 0.0187 0.0163 0.0231 0.0203 0.0359 0.0311 0.8546 
        D340  2 0.8512 0.0226 0.0238 0.0186 0.0257 0.0295 0.0286 
        D341  2 0.6120 0.0525 0.0526 0.0575 0.0429 0.1084 0.0741 
        D342  2 0.6768 0.1063 0.0290 0.0657 0.0284 0.0627 0.0310 
        D343  2 0.8977 0.0130 0.0184 0.0145 0.0124 0.0176 0.0264 
        D344  2 0.0778 0.0417 0.4253 0.1595 0.0421 0.0282 0.2253 
        D345  2 0.0691 0.2645 0.1706 0.0809 0.0727 0.1266 0.2155 
        D346  2 0.0936 0.0375 0.0609 0.0956 0.4836 0.1521 0.0767 
        D351  2 0.0535 0.0548 0.0748 0.2893 0.0319 0.1955 0.3003 
        D352  2 0.0444 0.0299 0.6767 0.0844 0.0872 0.0435 0.0339 
        D353  2 0.0585 0.0342 0.1627 0.2044 0.0287 0.0799 0.4316 
        D354  2 0.0209 0.0476 0.6834 0.0514 0.0760 0.0329 0.0878 
        D362  2 0.0395 0.0493 0.0327 0.0345 0.0484 0.0342 0.7614 
        D363  2 0.0458 0.0362 0.0333 0.0330 0.0922 0.0431 0.7163 
        D364  2 0.0366 0.0541 0.3265 0.0424 0.0949 0.0303 0.4152 
        D365  2 0.8603 0.0135 0.0337 0.0176 0.0243 0.0216 0.0290 
        D369  2 0.1745 0.0810 0.0271 0.1089 0.1829 0.1845 0.2411 
        D374  2 0.0288 0.0283 0.0763 0.0343 0.7847 0.0245 0.0231 
        D375  2 0.0194 0.0256 0.8190 0.0491 0.0278 0.0181 0.0410 
        D376  2 0.0332 0.0326 0.1203 0.0374 0.7323 0.0236 0.0207 
        D377  2 0.0849 0.1813 0.1550 0.2171 0.1330 0.1657 0.0630 
        D378  2 0.2356 0.0712 0.2533 0.0756 0.0437 0.1150 0.2055 
        D379  2 0.0306 0.0267 0.0565 0.0571 0.0371 0.0438 0.7481 
        D384  2 0.0242 0.0168 0.0201 0.0171 0.0386 0.0310 0.8523 
        D385  2 0.6916 0.0208 0.1561 0.0278 0.0479 0.0256 0.0302 
        D386  2 0.0922 0.0612 0.5235 0.0944 0.0305 0.0398 0.1583 
        D391  2 0.7154 0.0239 0.1253 0.0338 0.0213 0.0388 0.0414 
        D392  2 0.6060 0.0968 0.0314 0.0818 0.0850 0.0362 0.0629 
        D393  2 0.0999 0.0678 0.2014 0.0465 0.0275 0.3349 0.2221 
        D394  2 0.1351 0.2981 0.1732 0.1413 0.0630 0.0659 0.1234 
        D395  2 0.2832 0.0215 0.5532 0.0542 0.0286 0.0350 0.0242 
        D401  2 0.0645 0.6359 0.0225 0.1227 0.0797 0.0421 0.0327 
        D402  2 0.7471 0.0251 0.0597 0.0317 0.0230 0.0879 0.0256 
        D403  2 0.0499 0.1081 0.1494 0.1386 0.0310 0.0447 0.4784 
        D415  2 0.0450 0.0719 0.0409 0.1305 0.0219 0.0246 0.6651 
        D435  2 0.2018 0.0537 0.0610 0.0340 0.0256 0.0689 0.5551 
        D436  2 0.0418 0.0297 0.5537 0.0715 0.0750 0.0318 0.1965 
        D438  2 0.8620 0.0189 0.0224 0.0256 0.0262 0.0258 0.0190 
        D439  2 0.0775 0.0578 0.5636 0.0614 0.0222 0.0594 0.1581 
        D449  2 0.6720 0.0240 0.0223 0.0391 0.0319 0.0263 0.1845 
        D450  2 0.0284 0.0642 0.2138 0.2629 0.2342 0.0906 0.1060 
        D456  2 0.0159 0.0187 0.0205 0.0265 0.0233 0.0442 0.8510 
        D462  2 0.7639 0.0180 0.1084 0.0272 0.0162 0.0240 0.0424 
        D463  2 0.0146 0.0178 0.0281 0.0218 0.0450 0.0227 0.8500 
        D464  2 0.1157 0.0302 0.3927 0.2546 0.0519 0.0393 0.1157 
        D465  2 0.5633 0.0464 0.0327 0.1048 0.0346 0.0378 0.1804 
        D473  2 0.0534 0.1297 0.1343 0.0772 0.5050 0.0663 0.0341 
        D474  2 0.1063 0.0703 0.0401 0.0334 0.0693 0.2223 0.4582 
        D476  2 0.0697 0.3188 0.4847 0.0330 0.0168 0.0418 0.0352 
        D477  2 0.0401 0.0645 0.2410 0.0842 0.0800 0.2283 0.2618 
        D478  2 0.1165 0.1063 0.1384 0.3011 0.1941 0.0623 0.0813 
        D480  2 0.0990 0.0294 0.2315 0.0647 0.1075 0.2580 0.2098 
        D481  2 0.1165 0.1275 0.2070 0.0805 0.1427 0.0838 0.2420 
        D482  2 0.0454 0.0797 0.3883 0.0870 0.0781 0.2860 0.0356 
        D483  2 0.8133 0.0260 0.0222 0.0213 0.0718 0.0258 0.0196 
        D484  2 0.0231 0.0145 0.8702 0.0279 0.0209 0.0279 0.0155 
        D510  2 0.0404 0.0292 0.0445 0.0339 0.7085 0.1131 0.0305 
        D511  2 0.0863 0.0502 0.6020 0.0500 0.0268 0.0765 0.1081 
        D512  2 0.1967 0.3018 0.0556 0.3503 0.0208 0.0409 0.0340 
        D513  2 0.5255 0.0412 0.0408 0.0685 0.0685 0.1045 0.1510 
        D635  2 0.0804 0.2347 0.0315 0.0873 0.0517 0.0709 0.4436 
        D636  2 0.0267 0.8309 0.0219 0.0320 0.0281 0.0220 0.0383 
        D637  2 0.1985 0.0486 0.3684 0.1210 0.0942 0.1179 0.0514 
        D658  2 0.3715 0.0549 0.3228 0.0671 0.1263 0.0296 0.0278 
        D659  2 0.0306 0.0301 0.0485 0.0310 0.0444 0.0606 0.7548 
        D677  2 0.0918 0.1177 0.0822 0.1117 0.0317 0.1218 0.4431 
        D678  2 0.7822 0.0411 0.0305 0.0615 0.0248 0.0302 0.0299 
        D679  2 0.0727 0.0408 0.0729 0.0674 0.0633 0.2253 0.4576 
        D719  2 0.2146 0.0311 0.0597 0.0425 0.3893 0.1317 0.1310 
        D720  2 0.0417 0.0461 0.0287 0.0540 0.1087 0.0728 0.6480 
        D721  2 0.1336 0.5071 0.0682 0.0462 0.0576 0.0769 0.1105 
        D722  2 0.0809 0.0438 0.1145 0.0652 0.5928 0.0634 0.0393 
        D734  2 0.0804 0.0168 0.6275 0.0456 0.1392 0.0598 0.0306 
        D735  2 0.0862 0.1282 0.0972 0.1306 0.1334 0.2270 0.1974 
        D736  2 0.0703 0.0674 0.0623 0.0488 0.3017 0.3759 0.0736 
        D737  2 0.5350 0.0809 0.1872 0.0335 0.0500 0.0880 0.0253 
        D807  2 0.0909 0.0833 0.1320 0.0773 0.2650 0.1658 0.1858 
        D808  2 0.1028 0.1901 0.0629 0.4246 0.0447 0.1019 0.0730 
        D817  2 0.0382 0.0460 0.1186 0.1229 0.0648 0.1414 0.4682 
        D818  2 0.2556 0.0520 0.0661 0.3226 0.0383 0.1364 0.1291 
        D819  2 0.0669 0.1501 0.0556 0.2703 0.0629 0.1415 0.2527 
        D820  2 0.0623 0.0228 0.1299 0.0468 0.0291 0.0509 0.6582 
        D895  2 0.0744 0.1192 0.0557 0.0610 0.0561 0.0617 0.5720 
        D896  2 0.0255 0.7514 0.0391 0.0729 0.0614 0.0229 0.0268 
        D897  2 0.6394 0.0402 0.0540 0.0862 0.0370 0.0985 0.0447 
        D898  2 0.0616 0.0990 0.0749 0.3637 0.0839 0.2261 0.0909 
        D918  2 0.1108 0.1852 0.1456 0.2893 0.0846 0.1143 0.0701 
        D919  2 0.0987 0.0328 0.4574 0.1101 0.0359 0.0844 0.1807 
        D920  2 0.0378 0.6969 0.0479 0.0694 0.0864 0.0292 0.0323 
        D923  2 0.0350 0.0275 0.0968 0.0522 0.0373 0.0343 0.7168 
        D930  2 0.0583 0.0531 0.1857 0.1981 0.1735 0.1101 0.2211 
        D931  2 0.1832 0.0442 0.2940 0.0812 0.0593 0.0644 0.2737 
        D968  2 0.7958 0.0188 0.0335 0.0328 0.0186 0.0581 0.0424 
        D969  2 0.3049 0.0550 0.0524 0.0695 0.0681 0.2154 0.2347 
        D977  2 0.7149 0.0265 0.0512 0.0846 0.0306 0.0432 0.0490 
        D978  2 0.1352 0.0187 0.0288 0.2904 0.0408 0.4488 0.0372 
        D211  3 0.0480 0.2607 0.1016 0.2710 0.0355 0.1156 0.1675 
     D229639  3 0.0948 0.0456 0.0418 0.0398 0.0998 0.5636 0.1146 
     D237212  3 0.1057 0.0704 0.2647 0.1175 0.0301 0.3241 0.0875 
     D237213  3 0.0596 0.2194 0.2033 0.2693 0.0286 0.1342 0.0856 
     D237214  3 0.0438 0.3334 0.0456 0.3982 0.0742 0.0223 0.0827 
     D237215  3 0.6165 0.0368 0.0295 0.0457 0.1520 0.0995 0.0200 
     D237216  3 0.0779 0.1278 0.0831 0.3147 0.0427 0.2293 0.1244 
     D237217  3 0.0493 0.3455 0.0417 0.1232 0.0246 0.1373 0.2783 
     D237218  3 0.0505 0.0428 0.1447 0.0819 0.0516 0.5658 0.0627 
     D237219  3 0.0467 0.3197 0.0366 0.0831 0.0806 0.3571 0.0762 
     D237382  3 0.0737 0.0805 0.0746 0.4369 0.1621 0.0483 0.1239 
     D244127  3 0.1483 0.4740 0.0560 0.1214 0.0358 0.1233 0.0412 
     D244129  3 0.1063 0.1840 0.1012 0.2855 0.0624 0.1400 0.1207 
     D244133  3 0.2581 0.0822 0.0199 0.1892 0.1396 0.1775 0.1334 
     D244134  3 0.0307 0.0767 0.0254 0.0328 0.1293 0.6667 0.0383 
     D244135  3 0.1419 0.5253 0.0460 0.1078 0.0283 0.0507 0.1000 
     D244136  3 0.1424 0.0597 0.0443 0.0969 0.2367 0.1561 0.2638 
        D416  3 0.2900 0.0929 0.0568 0.1396 0.0469 0.1477 0.2261 
        D417  3 0.0295 0.0456 0.0468 0.0620 0.0353 0.0286 0.7521 
        D419  3 0.1450 0.2221 0.0606 0.0728 0.0790 0.2541 0.1664 
        D565  3 0.0225 0.0276 0.0220 0.0258 0.7836 0.0668 0.0516 
        D566  3 0.0759 0.0464 0.0321 0.0690 0.3370 0.3740 0.0657 
        D567  3 0.0649 0.1215 0.0672 0.0419 0.0270 0.0350 0.6425 
        D568  3 0.1424 0.1947 0.1971 0.0550 0.0268 0.0668 0.3172 
        D569  3 0.1268 0.0433 0.5875 0.0938 0.0553 0.0629 0.0305 
        D573  3 0.1876 0.0344 0.0468 0.0573 0.0310 0.3937 0.2493 
        D574  3 0.0669 0.0599 0.0433 0.2102 0.4191 0.1498 0.0508 
        D575  3 0.0916 0.1956 0.0492 0.0771 0.1282 0.3193 0.1389 
        D576  3 0.6420 0.0281 0.0368 0.1087 0.0500 0.1212 0.0132 
        D577  3 0.0470 0.0742 0.0702 0.1158 0.0540 0.1018 0.5370 
        D578  3 0.0610 0.5469 0.0227 0.2839 0.0245 0.0295 0.0315 
        D579  3 0.0781 0.0786 0.1193 0.0720 0.1756 0.3230 0.1533 
        D660  3 0.6377 0.0655 0.0677 0.1187 0.0238 0.0583 0.0283 
        D661  3 0.2970 0.0673 0.1332 0.0739 0.0331 0.3374 0.0581 
        D663  3 0.1064 0.0284 0.0729 0.1290 0.0298 0.4992 0.1343 
        D664  3 0.2821 0.2556 0.0472 0.1897 0.1029 0.0864 0.0361 
        D665  3 0.0480 0.1083 0.0896 0.6542 0.0181 0.0553 0.0264 
        D666  3 0.0583 0.2195 0.0656 0.1202 0.1558 0.2425 0.1381 
        D009  4 0.0370 0.3088 0.1840 0.1788 0.0538 0.0675 0.1700 
        D057  4 0.1565 0.2060 0.4797 0.0231 0.0293 0.0590 0.0464 
        D109  4 0.0311 0.4652 0.0468 0.2556 0.0814 0.0602 0.0596 
     D237222  4 0.0625 0.4993 0.0680 0.0896 0.1858 0.0389 0.0559 
     D237223  4 0.1103 0.2456 0.1120 0.1877 0.1626 0.0955 0.0863 
     D237224  4 0.2332 0.0588 0.2557 0.0586 0.0412 0.1958 0.1566 
     D237225  4 0.0500 0.1388 0.1026 0.2052 0.0790 0.1767 0.2478 
     D237299  4 0.0303 0.0320 0.0313 0.7560 0.0350 0.0722 0.0432 
     D237300  4 0.0461 0.0290 0.0318 0.0402 0.0437 0.7846 0.0246 
     D237306  4 0.0338 0.0641 0.0638 0.0863 0.6185 0.0350 0.0986 
     D237307  4 0.0706 0.0539 0.0380 0.0778 0.2225 0.1101 0.4270 
     D237308  4 0.4204 0.1010 0.2516 0.0364 0.0880 0.0514 0.0512 
     D237309  4 0.0999 0.2004 0.1283 0.1533 0.0490 0.0789 0.2902 
     D237317  4 0.0448 0.0631 0.0480 0.0545 0.5596 0.0647 0.1652 
     D237318  4 0.0652 0.0193 0.0202 0.0492 0.0344 0.7681 0.0436 
     D237319  4 0.0943 0.2129 0.0677 0.3016 0.0730 0.0894 0.1612 
     D237320  4 0.1648 0.2392 0.0475 0.1491 0.0535 0.1881 0.1578 
     D237321  4 0.0884 0.0566 0.0366 0.0495 0.0544 0.6306 0.0838 
     D237397  4 0.1580 0.1357 0.0617 0.0887 0.2842 0.1774 0.0943 
     D237398  4 0.0408 0.0272 0.0391 0.0716 0.0234 0.7351 0.0628 
     D237399  4 0.0551 0.0773 0.0680 0.1108 0.1916 0.3911 0.1059 
     D244001  4 0.2807 0.4141 0.1079 0.0535 0.0446 0.0357 0.0637 
        D289  4 0.1402 0.0537 0.2856 0.0713 0.2459 0.1063 0.0969 
        D290  4 0.0684 0.0553 0.0717 0.5544 0.0390 0.1165 0.0946 
        D294  4 0.0884 0.0410 0.3232 0.2056 0.0609 0.1298 0.1511 
        D295  4 0.0440 0.0923 0.1394 0.1173 0.0675 0.1109 0.4286 
        D301  4 0.0631 0.6154 0.0586 0.0447 0.0626 0.1186 0.0369 
        D302  4 0.0201 0.0252 0.7868 0.0457 0.0225 0.0294 0.0704 
        D303  4 0.1086 0.0900 0.1225 0.0598 0.5233 0.0507 0.0451 
        D304  4 0.0493 0.0356 0.0477 0.3207 0.0832 0.3687 0.0948 
        D305  4 0.1122 0.0472 0.6463 0.0826 0.0175 0.0562 0.0380 
        D306  4 0.0288 0.0386 0.0456 0.7253 0.0594 0.0470 0.0552 
        D307  4 0.0348 0.7096 0.0626 0.0402 0.0711 0.0584 0.0234 
        D327  4 0.0746 0.0336 0.0620 0.0753 0.0939 0.0748 0.5858 
        D328  4 0.0425 0.0430 0.6284 0.0666 0.1476 0.0437 0.0282 
        D329  4 0.3040 0.1084 0.2435 0.0746 0.0561 0.1146 0.0988 
        D330  4 0.1098 0.1220 0.1055 0.1586 0.0267 0.0241 0.4533 
        D331  4 0.0787 0.0695 0.0738 0.2323 0.1264 0.2925 0.1268 
        D333  4 0.0955 0.1306 0.3139 0.0871 0.1666 0.1122 0.0941 
        D334  4 0.0357 0.0635 0.0868 0.1402 0.5073 0.0867 0.0797 
        D335  4 0.0447 0.0326 0.6374 0.0345 0.0513 0.0356 0.1639 
        D370  4 0.0904 0.2196 0.2334 0.1143 0.2334 0.0502 0.0587 
        D371  4 0.0520 0.0216 0.0391 0.0255 0.6864 0.0377 0.1378 
        D372  4 0.0810 0.0257 0.0308 0.1455 0.0425 0.6574 0.0170 
        D373  4 0.1321 0.5592 0.0930 0.0398 0.0258 0.1041 0.0460 
        D455  4 0.0473 0.6438 0.1332 0.0398 0.0335 0.0561 0.0463 
        D490  4 0.0216 0.7835 0.0568 0.0461 0.0343 0.0235 0.0342 
        D497  4 0.0310 0.6972 0.0946 0.0580 0.0370 0.0587 0.0236 
        D498  4 0.0885 0.1075 0.0534 0.3270 0.1655 0.1850 0.0731 
        D499  4 0.1803 0.0453 0.1256 0.2538 0.1425 0.2161 0.0364 
        D514  4 0.0458 0.0601 0.1623 0.2556 0.0271 0.0730 0.3761 
        D515  4 0.0555 0.1710 0.0900 0.4930 0.0502 0.0376 0.1026 
        D516  4 0.1186 0.2054 0.0484 0.1022 0.0985 0.1162 0.3108 
        D517  4 0.1176 0.5189 0.0492 0.0736 0.0277 0.0855 0.1276 
        D518  4 0.0498 0.1443 0.6217 0.0304 0.0794 0.0292 0.0452 
        D519  4 0.0655 0.2644 0.0341 0.2958 0.0429 0.1590 0.1382 
        D560  4 0.1178 0.1302 0.1412 0.2775 0.0266 0.1326 0.1740 
        D561  4 0.0601 0.0816 0.0810 0.4749 0.0225 0.0348 0.2451 
        D562  4 0.1425 0.1116 0.2154 0.3049 0.0740 0.0871 0.0646 
        D563  4 0.4367 0.0638 0.2244 0.1117 0.0259 0.1001 0.0374 
        D572  4 0.0405 0.0368 0.7671 0.0470 0.0298 0.0243 0.0544 
        D629  4 0.0414 0.1743 0.1241 0.1037 0.0434 0.1662 0.3470 
        D630  4 0.0653 0.0914 0.2367 0.2504 0.0737 0.1222 0.1603 
        D631  4 0.0877 0.0264 0.7444 0.0459 0.0291 0.0403 0.0263 
        D632  4 0.1889 0.4803 0.1556 0.0436 0.0303 0.0287 0.0727 
        D646  4 0.1068 0.1955 0.0654 0.0791 0.0515 0.0519 0.4498 
        D647  4 0.0850 0.1496 0.1296 0.0843 0.0279 0.0589 0.4647 
        D648  4 0.0380 0.0307 0.7431 0.0727 0.0728 0.0218 0.0208 
        D649  4 0.0285 0.2870 0.2147 0.0557 0.0316 0.0634 0.3191 
        D650  4 0.0431 0.1290 0.1974 0.1082 0.1563 0.1272 0.2388 
        D708  4 0.0387 0.0615 0.2622 0.1536 0.2807 0.1426 0.0606 
        D709  4 0.0572 0.0783 0.1102 0.5316 0.0795 0.0693 0.0739 
        D738  4 0.0263 0.1079 0.0461 0.0475 0.6154 0.0535 0.1034 
        D739  4 0.0653 0.2161 0.1854 0.3171 0.0687 0.1004 0.0469 
        D740  4 0.1133 0.1435 0.1041 0.1724 0.1667 0.2654 0.0347 
        D741  4 0.1486 0.0818 0.0677 0.2924 0.0363 0.0565 0.3168 
        D742  4 0.3707 0.0596 0.1235 0.1117 0.1041 0.1775 0.0529 
        D743  4 0.0702 0.0370 0.4105 0.0473 0.0346 0.0590 0.3414 
        D744  4 0.0583 0.0299 0.7585 0.0392 0.0271 0.0430 0.0440 
        D745  4 0.0413 0.3089 0.0719 0.3894 0.0394 0.0662 0.0829 
        D814  4 0.4630 0.0447 0.1165 0.1291 0.0311 0.0836 0.1321 
        D815  4 0.0455 0.0607 0.4633 0.1121 0.0563 0.0808 0.1812 
        D828  4 0.1702 0.0393 0.2258 0.2557 0.2074 0.0798 0.0217 
        D845  4 0.0351 0.0148 0.0260 0.0157 0.0404 0.8475 0.0206 
        D846  4 0.1677 0.0480 0.4461 0.0844 0.0148 0.0523 0.1866 
        D847  4 0.0881 0.1233 0.0910 0.2744 0.1131 0.1729 0.1373 
        D848  4 0.1163 0.5162 0.0580 0.0338 0.0214 0.2299 0.0244 
        D849  4 0.0585 0.2627 0.1295 0.3630 0.0347 0.0538 0.0979 
        D850  4 0.0657 0.0939 0.0829 0.1276 0.0902 0.2586 0.2810 
        D856  4 0.0359 0.1145 0.0602 0.6048 0.0546 0.0492 0.0808 
        D857  4 0.1089 0.6812 0.0438 0.0781 0.0466 0.0246 0.0168 
        D859  4 0.0432 0.0276 0.7058 0.0499 0.0277 0.0629 0.0829 
        D860  4 0.1073 0.0410 0.1072 0.0399 0.4674 0.1607 0.0765 
        D883  4 0.0632 0.2216 0.1223 0.0823 0.1422 0.0895 0.2789 
        D884  4 0.0334 0.2107 0.1973 0.1849 0.1733 0.0539 0.1465 
        D885  4 0.1230 0.0624 0.1316 0.1454 0.0411 0.3207 0.1757 
        D886  4 0.0982 0.3142 0.1221 0.1932 0.0408 0.0584 0.1730 
        D887  4 0.1890 0.0735 0.1693 0.1396 0.0690 0.2337 0.1260 
        D889  4 0.0194 0.0186 0.0639 0.2100 0.0256 0.6218 0.0408 
        D890  4 0.1061 0.1662 0.2229 0.1306 0.2061 0.0995 0.0687 
        D891  4 0.0161 0.0113 0.0150 0.0182 0.0129 0.9063 0.0202 
        D899  4 0.4990 0.0355 0.1098 0.0626 0.0775 0.1712 0.0445 
        D900  4 0.1598 0.0665 0.1501 0.2537 0.1031 0.0782 0.1886 
        D970  4 0.0949 0.0590 0.3834 0.0986 0.0655 0.1477 0.1510 
        D971  4 0.4532 0.0574 0.1914 0.0919 0.0965 0.0474 0.0622 
        D979  4 0.0451 0.0237 0.4944 0.0487 0.0549 0.0426 0.2906 
        D093  5 0.0496 0.0420 0.0406 0.0435 0.6713 0.1049 0.0482 
        D154  5 0.2181 0.0353 0.0676 0.2720 0.0812 0.2771 0.0487 
        D168  5 0.3480 0.1363 0.0643 0.1285 0.0241 0.1781 0.1208 
        D189  5 0.0528 0.0275 0.0625 0.1342 0.4068 0.2399 0.0763 
        D190  5 0.0313 0.0283 0.0766 0.0303 0.7219 0.0636 0.0480 
     D237220  5 0.0395 0.2193 0.1080 0.2027 0.0976 0.2951 0.0378 
     D237221  5 0.1251 0.0595 0.0782 0.0853 0.2295 0.3488 0.0735 
     D237274  5 0.0775 0.0452 0.1593 0.0574 0.0289 0.0254 0.6063 
     D237275  5 0.5855 0.0311 0.0315 0.1851 0.0461 0.0951 0.0257 
     D237276  5 0.0656 0.1645 0.1030 0.1336 0.2580 0.0752 0.2000 
     D237277  5 0.0781 0.0396 0.0866 0.0428 0.3717 0.3472 0.0341 
     D237278  5 0.3548 0.1061 0.0920 0.0976 0.2575 0.0402 0.0519 
     D237279  5 0.0373 0.3760 0.0779 0.2704 0.0292 0.1523 0.0569 
     D237280  5 0.0416 0.4942 0.0554 0.0565 0.0905 0.0651 0.1967 
     D237281  5 0.3224 0.0225 0.0368 0.0468 0.0410 0.4255 0.1051 
     D237351  5 0.0400 0.6362 0.0407 0.0590 0.0924 0.0918 0.0399 
     D237352  5 0.1035 0.3159 0.2555 0.0743 0.1002 0.0519 0.0987 
     D237353  5 0.0239 0.0364 0.0454 0.0273 0.6644 0.1802 0.0225 
     D237359  5 0.0381 0.1069 0.0841 0.2274 0.0554 0.4396 0.0485 
     D237361  5 0.0300 0.0339 0.0260 0.0387 0.7716 0.0714 0.0284 
     D237362  5 0.0937 0.0630 0.0728 0.1033 0.1603 0.2562 0.2507 
     D237363  5 0.2295 0.0348 0.0325 0.4182 0.1057 0.0924 0.0869 
     D237364  5 0.1706 0.1009 0.2620 0.1662 0.0246 0.1386 0.1371 
     D237376  5 0.0530 0.0273 0.3790 0.2474 0.2264 0.0485 0.0183 
     D237377  5 0.0864 0.3248 0.0674 0.0600 0.1444 0.1114 0.2054 
     D237378  5 0.1369 0.0484 0.1741 0.0693 0.4320 0.1037 0.0356 
     D237379  5 0.0674 0.0366 0.3646 0.1900 0.2416 0.0583 0.0416 
     D237380  5 0.0241 0.6186 0.1499 0.0457 0.1039 0.0258 0.0321 
     D237381  5 0.1300 0.4187 0.1268 0.0733 0.1195 0.0579 0.0738 
     D237391  5 0.0245 0.0373 0.0331 0.0389 0.6017 0.2221 0.0424 
     D237392  5 0.2529 0.0590 0.0958 0.0898 0.0401 0.0493 0.4131 
     D237393  5 0.0775 0.1151 0.0501 0.0485 0.2958 0.0685 0.3445 
     D237394  5 0.0162 0.0331 0.0359 0.0313 0.7939 0.0604 0.0293 
     D237395  5 0.0762 0.0844 0.0379 0.2468 0.2988 0.2033 0.0525 
     D237396  5 0.0967 0.1403 0.0508 0.0604 0.2012 0.1281 0.3226 
     D244016  5 0.0695 0.0293 0.1628 0.1600 0.2210 0.3257 0.0318 
     D244018  5 0.3650 0.0686 0.0464 0.0514 0.2371 0.1455 0.0860 
     D244019  5 0.1737 0.0458 0.1147 0.1845 0.0748 0.2366 0.1698 
        D279  5 0.0788 0.0376 0.1131 0.0894 0.0642 0.5703 0.0467 
        D280  5 0.0810 0.0863 0.0324 0.1455 0.2107 0.3461 0.0980 
        D281  5 0.1056 0.0182 0.0377 0.1036 0.0825 0.6085 0.0438 
        D283  5 0.0455 0.0349 0.0346 0.0410 0.4855 0.2377 0.1209 
        D284  5 0.0696 0.1291 0.0577 0.5268 0.0430 0.1026 0.0713 
        D285  5 0.0321 0.0373 0.0642 0.0934 0.3121 0.3793 0.0816 
        D286  5 0.0446 0.0614 0.2606 0.1929 0.1883 0.1252 0.1270 
        D287  5 0.0611 0.0677 0.2896 0.3081 0.1712 0.0791 0.0231 
        D288  5 0.0585 0.0306 0.0355 0.0739 0.1484 0.4193 0.2337 
        D308  5 0.0276 0.6993 0.0271 0.0520 0.0509 0.0361 0.1071 
        D309  5 0.0203 0.0362 0.8140 0.0366 0.0290 0.0195 0.0444 
        D310  5 0.0216 0.0184 0.0244 0.0498 0.8041 0.0535 0.0282 
        D311  5 0.0566 0.0427 0.2711 0.1587 0.1805 0.1054 0.1850 
        D312  5 0.0687 0.0735 0.2508 0.1644 0.2142 0.1077 0.1207 
        D313  5 0.0225 0.8484 0.0140 0.0323 0.0457 0.0192 0.0179 
        D314  5 0.1580 0.0742 0.2113 0.1937 0.0854 0.2194 0.0581 
        D315  5 0.0841 0.0821 0.0616 0.1303 0.3477 0.0674 0.2268 
        D317  5 0.0243 0.0239 0.0203 0.0271 0.8100 0.0358 0.0586 
        D318  5 0.1830 0.0587 0.1759 0.2927 0.0830 0.0839 0.1227 
        D319  5 0.0273 0.0322 0.0254 0.0346 0.8015 0.0441 0.0349 
        D320  5 0.0261 0.0515 0.0947 0.0668 0.5912 0.1324 0.0373 
        D321  5 0.0191 0.5162 0.0296 0.0256 0.0766 0.2319 0.1008 
        D336  5 0.0348 0.0229 0.0907 0.1459 0.6384 0.0325 0.0347 
        D337  5 0.0322 0.0169 0.0330 0.0230 0.7823 0.0813 0.0313 
        D338  5 0.0896 0.0896 0.0819 0.2059 0.1977 0.1713 0.1641 
        D339  5 0.0689 0.0506 0.0270 0.0644 0.6225 0.1079 0.0587 
        D347  5 0.2424 0.0307 0.1250 0.1695 0.1324 0.0588 0.2411 
        D348  5 0.0364 0.0192 0.1156 0.0311 0.7407 0.0221 0.0347 
        D349  5 0.0363 0.7119 0.0397 0.0348 0.0823 0.0672 0.0279 
        D350  5 0.0282 0.0226 0.8514 0.0267 0.0199 0.0278 0.0234 
        D355  5 0.1674 0.0290 0.1267 0.1273 0.0429 0.3295 0.1772 
        D356  5 0.0407 0.1098 0.0776 0.1192 0.3459 0.1097 0.1971 
        D357  5 0.1003 0.0587 0.1054 0.4009 0.1428 0.1035 0.0883 
        D358  5 0.0883 0.0984 0.1885 0.0950 0.4072 0.0705 0.0522 
        D359  5 0.0214 0.0272 0.0696 0.0377 0.5899 0.0636 0.1907 
        D360  5 0.0241 0.0852 0.0507 0.1243 0.5059 0.1149 0.0949 
        D361  5 0.0305 0.8005 0.0230 0.0354 0.0487 0.0222 0.0396 
        D366  5 0.3943 0.0240 0.0302 0.0271 0.0285 0.0258 0.4700 
        D367  5 0.0277 0.0397 0.1227 0.1410 0.5593 0.0774 0.0322 
        D368  5 0.0440 0.1716 0.0579 0.2038 0.2969 0.1055 0.1203 
        D380  5 0.0779 0.0644 0.4612 0.1259 0.0478 0.1441 0.0787 
        D381  5 0.0447 0.0340 0.0646 0.0545 0.6121 0.1334 0.0566 
        D400  5 0.1167 0.0469 0.2323 0.1122 0.2448 0.1582 0.0889 
        D411  5 0.0650 0.5880 0.0392 0.2206 0.0204 0.0318 0.0350 
        D412  5 0.2846 0.1251 0.0796 0.1365 0.1367 0.1089 0.1285 
        D413  5 0.5739 0.0366 0.0572 0.1144 0.0341 0.0880 0.0956 
        D414  5 0.0722 0.0208 0.7282 0.0585 0.0249 0.0674 0.0281 
        D420  5 0.0257 0.0735 0.0283 0.3327 0.0525 0.4595 0.0277 
        D431  5 0.0729 0.0853 0.2413 0.2762 0.0589 0.2436 0.0219 
        D432  5 0.1174 0.0898 0.0556 0.0449 0.4671 0.1619 0.0633 
        D433  5 0.0653 0.0526 0.0473 0.0506 0.5638 0.1389 0.0814 
        D434  5 0.0375 0.0612 0.0505 0.0687 0.5889 0.1176 0.0756 
        D440  5 0.0229 0.0305 0.8121 0.0463 0.0377 0.0254 0.0252 
        D447  5 0.1397 0.0694 0.1332 0.1844 0.0454 0.0355 0.3924 
        D448  5 0.0732 0.0292 0.0950 0.1150 0.5019 0.0837 0.1020 
        D459  5 0.3524 0.0209 0.1129 0.0550 0.0412 0.3157 0.1018 
        D460  5 0.0360 0.6376 0.0342 0.0320 0.1101 0.0528 0.0973 
        D461  5 0.0229 0.0225 0.8140 0.0278 0.0298 0.0360 0.0470 
        D468  5 0.0995 0.0541 0.0479 0.3199 0.1717 0.0738 0.2330 
        D469  5 0.0436 0.1018 0.0920 0.1208 0.0991 0.0713 0.4714 
        D470  5 0.0739 0.1290 0.1853 0.2714 0.1190 0.0690 0.1524 
        D471  5 0.0575 0.0229 0.0822 0.0949 0.5305 0.1284 0.0836 
        D472  5 0.0964 0.0250 0.0247 0.0257 0.0306 0.0859 0.7117 
        D479  5 0.7211 0.0287 0.1128 0.0438 0.0306 0.0261 0.0369 
        D485  5 0.0857 0.0348 0.4705 0.2552 0.0693 0.0473 0.0372 
        D486  5 0.0801 0.0963 0.0691 0.4770 0.0947 0.0493 0.1335 
        D487  5 0.1219 0.0465 0.2263 0.0653 0.1780 0.3274 0.0345 
        D555  5 0.0772 0.0302 0.0311 0.0284 0.7601 0.0462 0.0267 
        D556  5 0.0373 0.0663 0.2206 0.0827 0.1018 0.4531 0.0381 
        D557  5 0.0686 0.0340 0.0648 0.0341 0.7059 0.0556 0.0371 
        D564  5 0.0556 0.1064 0.3266 0.0764 0.3271 0.0427 0.0651 
        D594  5 0.2280 0.0675 0.1275 0.1659 0.1260 0.0387 0.2464 
        D595  5 0.1570 0.0775 0.0837 0.1109 0.2844 0.1003 0.1861 
        D596  5 0.0505 0.0316 0.0279 0.0298 0.7894 0.0447 0.0261 
        D597  5 0.1749 0.0379 0.1105 0.0462 0.2229 0.3185 0.0890 
        D598  5 0.0975 0.1651 0.1198 0.0549 0.3805 0.1043 0.0778 
        D617  5 0.3540 0.3615 0.0299 0.1292 0.0213 0.0551 0.0489 
        D618  5 0.0553 0.0458 0.0889 0.0392 0.3660 0.3304 0.0744 
        D619  5 0.1188 0.2758 0.0642 0.0497 0.2152 0.0467 0.2296 
        D620  5 0.7060 0.0364 0.0339 0.0230 0.0441 0.0756 0.0810 
        D628  5 0.0581 0.0741 0.6779 0.0560 0.0641 0.0378 0.0320 
        D714  5 0.0531 0.0346 0.3453 0.0925 0.1140 0.3399 0.0206 
        D715  5 0.0412 0.0326 0.0510 0.0305 0.5068 0.2677 0.0702 
        D716  5 0.1640 0.0294 0.2366 0.2426 0.0855 0.0906 0.1512 
        D717  5 0.0496 0.1112 0.1216 0.0964 0.2362 0.2285 0.1565 
        D718  5 0.0433 0.0673 0.0529 0.6438 0.0985 0.0612 0.0329 
        D769  5 0.2413 0.3537 0.0811 0.1610 0.0434 0.0407 0.0788 
        D770  5 0.2661 0.0301 0.3558 0.1079 0.0891 0.1034 0.0475 
        D771  5 0.3370 0.0823 0.1013 0.2025 0.0751 0.1355 0.0662 
        D772  5 0.0354 0.0428 0.6209 0.0477 0.1026 0.1143 0.0361 
        D782  5 0.0913 0.2204 0.0365 0.2106 0.0420 0.3442 0.0548 
        D783  5 0.2016 0.0298 0.3935 0.0853 0.1228 0.1372 0.0297 
        D784  5 0.0378 0.0423 0.2299 0.0881 0.0912 0.3599 0.1508 
        D785  5 0.0332 0.0766 0.1240 0.0603 0.5487 0.1001 0.0572 
        D786  5 0.1011 0.3964 0.1715 0.1055 0.0325 0.0339 0.1590 
        D821  5 0.0151 0.0141 0.0447 0.0176 0.8038 0.0859 0.0188 
        D822  5 0.0917 0.0432 0.1395 0.1992 0.2049 0.1208 0.2007 
        D826  5 0.1206 0.0434 0.0796 0.0812 0.2879 0.3248 0.0626 
        D827  5 0.0942 0.0430 0.1007 0.1465 0.0608 0.0638 0.4909 
        D851  5 0.0866 0.0931 0.1077 0.2468 0.2271 0.1564 0.0823 
        D852  5 0.0703 0.0658 0.3747 0.0338 0.1228 0.3066 0.0260 
        D853  5 0.0453 0.0483 0.0686 0.2217 0.2313 0.3037 0.0810 
        D854  5 0.1232 0.0542 0.0963 0.3858 0.0268 0.1723 0.1414 
        D861  5 0.1795 0.0791 0.0752 0.2208 0.1720 0.1899 0.0835 
        D862  5 0.0401 0.0385 0.1008 0.1101 0.3393 0.0679 0.3034 
        D865  5 0.0700 0.0613 0.0472 0.0667 0.5961 0.1179 0.0408 
        D868  5 0.0304 0.0394 0.0507 0.0512 0.0765 0.0810 0.6708 
        D869  5 0.0705 0.6254 0.0216 0.1174 0.0518 0.0491 0.0642 
        D870  5 0.0649 0.0479 0.0305 0.5680 0.0203 0.0346 0.2338 
        D907  5 0.0505 0.0553 0.0311 0.0838 0.6911 0.0492 0.0391 
        D908  5 0.1821 0.0686 0.2189 0.0355 0.1496 0.3184 0.0269 
        D910  5 0.1917 0.0370 0.0790 0.0660 0.3343 0.1975 0.0944 
        D911  5 0.0738 0.0239 0.0710 0.0889 0.0466 0.5869 0.1088 
        D934  5 0.1820 0.0256 0.2785 0.1117 0.0337 0.3250 0.0434 
        D946  5 0.0738 0.0606 0.5296 0.0976 0.0615 0.1471 0.0298 
        D947  5 0.0383 0.0507 0.2037 0.2166 0.0391 0.3309 0.1207 
        D948  5 0.0320 0.6739 0.0253 0.0250 0.1303 0.0469 0.0665 
        D949  5 0.0227 0.7265 0.0285 0.0328 0.0700 0.0619 0.0575 
        D950  5 0.1307 0.0227 0.0529 0.0407 0.0459 0.6165 0.0907 
        D951  5 0.1005 0.0589 0.1110 0.3448 0.0429 0.0250 0.3169 
        D952  5 0.0485 0.0377 0.0653 0.0389 0.1251 0.0855 0.5990 
        D953  5 0.0414 0.0684 0.0580 0.0678 0.5490 0.1260 0.0893 
        D954  5 0.0534 0.0431 0.0488 0.0734 0.3433 0.0876 0.3504 
        D961  5 0.0854 0.0431 0.3033 0.3775 0.0995 0.0632 0.0281 
        D962  5 0.0210 0.0339 0.3790 0.0732 0.4226 0.0329 0.0375 
        D963  5 0.0684 0.0328 0.2218 0.0706 0.2436 0.1446 0.2182 
        D964  5 0.0813 0.0856 0.1941 0.3489 0.0574 0.1900 0.0427 
        D965  5 0.0881 0.0426 0.5888 0.1078 0.0728 0.0463 0.0536 
        D966  5 0.1524 0.0419 0.2361 0.0482 0.1844 0.1771 0.1600 
        D967  5 0.1592 0.1196 0.0461 0.0831 0.1788 0.3816 0.0316 
        D991  5 0.0455 0.1826 0.4187 0.0882 0.1314 0.0540 0.0795 
        D502  6 0.1868 0.0484 0.0918 0.5756 0.0165 0.0553 0.0256 
        D503  6 0.2574 0.2194 0.0331 0.1260 0.0705 0.2389 0.0545 
        D504  6 0.0624 0.0910 0.1902 0.0716 0.1500 0.1901 0.2447 
        D505  6 0.1980 0.0948 0.1365 0.1031 0.2613 0.1106 0.0957 
        D506  6 0.0218 0.0206 0.0190 0.0482 0.8331 0.0300 0.0273 
        D507  6 0.0832 0.0626 0.5230 0.0822 0.0406 0.1489 0.0594 
        D508  6 0.0615 0.0533 0.1437 0.3116 0.0425 0.2263 0.1611 
        D529  6 0.0858 0.1391 0.0756 0.2736 0.1234 0.1581 0.1443 
        D530  6 0.1844 0.0979 0.1845 0.3115 0.1425 0.0503 0.0289 
        D531  6 0.0796 0.0529 0.1229 0.2278 0.1091 0.1545 0.2532 
        D532  6 0.1469 0.0364 0.1023 0.1717 0.2540 0.0512 0.2375 
        D534  6 0.0466 0.6635 0.0735 0.0669 0.0314 0.0523 0.0657 
        D535  6 0.0716 0.1169 0.0754 0.1169 0.4204 0.0775 0.1213 
        D536  6 0.7013 0.0590 0.0381 0.0986 0.0237 0.0451 0.0342 
        D554  6 0.0744 0.0895 0.2245 0.3433 0.1757 0.0450 0.0476 
        D587  6 0.0500 0.0455 0.0441 0.0491 0.6561 0.0773 0.0779 
        D588  6 0.0876 0.0623 0.0536 0.0973 0.4864 0.0622 0.1506 
        D589  6 0.2894 0.0682 0.0533 0.1734 0.1341 0.2297 0.0520 
        D590  6 0.7637 0.0391 0.0302 0.0475 0.0419 0.0362 0.0413 
        D591  6 0.0381 0.0642 0.0474 0.1178 0.0817 0.5982 0.0526 
        D592  6 0.0455 0.7279 0.0335 0.0387 0.0553 0.0490 0.0502 
        D593  6 0.0732 0.0533 0.3097 0.3578 0.1260 0.0610 0.0190 
        D682  6 0.0281 0.0275 0.0229 0.0429 0.7843 0.0620 0.0324 
        D683  6 0.0210 0.0408 0.0488 0.0963 0.2536 0.1250 0.4145 
        D684  6 0.0635 0.1811 0.0457 0.2758 0.0250 0.3353 0.0736 
        D685  6 0.0615 0.0475 0.0428 0.5608 0.0375 0.2296 0.0204 
        D686  6 0.0792 0.0354 0.0920 0.1854 0.5143 0.0241 0.0696 
        D724  6 0.1065 0.1204 0.1793 0.2449 0.0270 0.1192 0.2026 
        D725  6 0.1859 0.0619 0.3082 0.1814 0.0669 0.1486 0.0470 
        D726  6 0.0207 0.0320 0.0354 0.0345 0.7919 0.0486 0.0368 
        D727  6 0.5242 0.0460 0.0238 0.0697 0.1011 0.0481 0.1872 
        D728  6 0.0437 0.0590 0.1018 0.1773 0.4775 0.0766 0.0641 
        D729  6 0.3648 0.2182 0.0186 0.0744 0.0299 0.0223 0.2718 
        D730  6 0.1516 0.1370 0.2488 0.1632 0.0327 0.0917 0.1749 
        D731  6 0.1051 0.0222 0.0210 0.0271 0.6900 0.1146 0.0199 
        D732  6 0.0676 0.0481 0.5162 0.0858 0.0335 0.0587 0.1901 
        D733  6 0.0456 0.0963 0.6276 0.0757 0.0543 0.0582 0.0423 
     D237251  7 0.0852 0.0399 0.2324 0.1047 0.0557 0.4225 0.0597 
     D237252  7 0.1690 0.2734 0.0855 0.2554 0.0288 0.1315 0.0563 
     D237253  7 0.1616 0.0398 0.0391 0.2090 0.1157 0.3667 0.0681 
     D237254  7 0.0464 0.5655 0.0220 0.2370 0.0272 0.0598 0.0420 
     D237255  7 0.2076 0.0221 0.0381 0.0863 0.0362 0.5701 0.0397 
     D237256  7 0.1724 0.0222 0.1221 0.3629 0.0495 0.1759 0.0950 
     D237257  7 0.0563 0.0602 0.0446 0.7199 0.0254 0.0468 0.0468 
