        D174  1 0.0385 0.0658 0.0758 0.0858 0.2871 0.0162 0.0762 0.1849 0.0353 0.0550 0.0599 0.0196 
        D199  1 0.1642 0.0910 0.0189 0.0235 0.1025 0.0263 0.0186 0.1544 0.0859 0.0809 0.1198 0.1140 
        D203  1 0.1467 0.0568 0.0957 0.0180 0.0511 0.0402 0.0991 0.0747 0.1683 0.0486 0.0853 0.1156 
        D204  1 0.0374 0.0389 0.0265 0.0145 0.0149 0.0818 0.0112 0.1805 0.5366 0.0165 0.0233 0.0179 
     D237366  1 0.0307 0.0401 0.0134 0.0162 0.0354 0.0604 0.1144 0.1633 0.0288 0.4166 0.0436 0.0371 
     D237367  1 0.0500 0.0437 0.0378 0.0629 0.0255 0.0338 0.0511 0.3207 0.1187 0.1122 0.1255 0.0181 
     D237368  1 0.0786 0.0244 0.0316 0.0241 0.0913 0.0394 0.0218 0.0330 0.2120 0.3471 0.0771 0.0196 
     D244101  1 0.0506 0.0279 0.0232 0.0233 0.0166 0.3880 0.0183 0.1707 0.0968 0.0133 0.0593 0.1120 
     D244102  1 0.0356 0.3169 0.1554 0.0600 0.0341 0.0467 0.0619 0.0557 0.0523 0.0627 0.0546 0.0642 
     D244103  1 0.0291 0.0505 0.0298 0.0516 0.0326 0.0263 0.0894 0.3115 0.1558 0.0945 0.0986 0.0302 
     D244104  1 0.0225 0.0151 0.0177 0.0831 0.0409 0.0194 0.0152 0.0172 0.6918 0.0260 0.0268 0.0244 
     D244105  1 0.0189 0.0260 0.0615 0.0374 0.0105 0.0160 0.4611 0.0804 0.0252 0.1068 0.1302 0.0260 
     D244106  1 0.0713 0.0603 0.0247 0.0156 0.5420 0.0165 0.0684 0.0314 0.0644 0.0144 0.0609 0.0301 
     D244107  1 0.0806 0.0143 0.1706 0.0478 0.0093 0.0746 0.0168 0.0356 0.0365 0.3953 0.1023 0.0162 
     D244108  1 0.0253 0.0558 0.2021 0.0205 0.2571 0.0187 0.0283 0.2958 0.0225 0.0142 0.0323 0.0274 
     D244113  1 0.0347 0.3275 0.0225 0.1314 0.2578 0.0630 0.0134 0.0391 0.0149 0.0302 0.0494 0.0161 
     D244114  1 0.0413 0.0473 0.0315 0.0247 0.0458 0.0230 0.2423 0.1364 0.0317 0.0302 0.2448 0.1010 
     D244115  1 0.0200 0.0416 0.1994 0.0487 0.1540 0.0277 0.0422 0.0650 0.1689 0.0360 0.1713 0.0252 
     D267365  1 0.0226 0.0553 0.0283 0.0358 0.1079 0.0283 0.0244 0.1670 0.1896 0.0622 0.0807 0.1978 
        D404  1 0.0201 0.5676 0.0340 0.0325 0.1502 0.0662 0.0189 0.0315 0.0178 0.0113 0.0343 0.0155 
        D405  1 0.0457 0.5991 0.0450 0.0384 0.0253 0.0386 0.0256 0.0204 0.0734 0.0234 0.0428 0.0222 
        D406  1 0.0132 0.0110 0.0312 0.0115 0.0217 0.0180 0.0178 0.4376 0.0153 0.3868 0.0244 0.0113 
        D407  1 0.0594 0.0178 0.0121 0.0437 0.0143 0.0098 0.0201 0.1462 0.5239 0.0860 0.0492 0.0175 
        D408  1 0.0126 0.0458 0.0557 0.2296 0.3127 0.0265 0.0154 0.0320 0.0754 0.0188 0.0685 0.1069 
        D409  1 0.0537 0.0471 0.0526 0.0311 0.0340 0.0278 0.0199 0.2578 0.2467 0.0687 0.1133 0.0473 
        D410  1 0.0087 0.0206 0.7843 0.0163 0.0163 0.0190 0.0163 0.0384 0.0312 0.0186 0.0186 0.0117 
        D421  1 0.0177 0.0089 0.0076 0.0141 0.0123 0.0079 0.0088 0.0210 0.8672 0.0112 0.0108 0.0126 
        D422  1 0.0164 0.0151 0.0169 0.0160 0.0085 0.0139 0.0344 0.0198 0.0720 0.7328 0.0367 0.0173 
        D423  1 0.0316 0.0248 0.6632 0.0130 0.0141 0.0126 0.0364 0.0502 0.0592 0.0388 0.0431 0.0130 
        D424  1 0.0202 0.0146 0.0180 0.0236 0.0228 0.0160 0.0366 0.0469 0.7053 0.0439 0.0406 0.0115 
        D425  1 0.0160 0.1460 0.0829 0.0417 0.0549 0.0130 0.0231 0.4082 0.0596 0.0236 0.0774 0.0537 
        D426  1 0.0238 0.0123 0.0144 0.0831 0.0200 0.0112 0.0286 0.2524 0.2136 0.0863 0.1226 0.1316 
        D427  1 0.3346 0.0078 0.0107 0.0151 0.0880 0.0101 0.0102 0.0117 0.4623 0.0154 0.0204 0.0136 
        D428  1 0.0312 0.0880 0.0782 0.0461 0.1061 0.0670 0.0166 0.1977 0.1798 0.0554 0.1118 0.0221 
        D429  1 0.0206 0.0493 0.0221 0.0124 0.0630 0.0149 0.0935 0.0204 0.6125 0.0193 0.0400 0.0321 
        D430  1 0.0535 0.1185 0.0257 0.0455 0.1144 0.0208 0.0944 0.0454 0.1274 0.0299 0.1838 0.1407 
        D491  1 0.0099 0.0295 0.0352 0.0613 0.5572 0.0232 0.0176 0.0355 0.1408 0.0203 0.0384 0.0311 
        D492  1 0.0256 0.1069 0.0384 0.0238 0.0948 0.0270 0.0320 0.1342 0.2712 0.0848 0.1422 0.0190 
        D537  1 0.0191 0.0287 0.0315 0.0306 0.0163 0.0290 0.0209 0.6817 0.0820 0.0241 0.0261 0.0099 
        D538  1 0.0709 0.1263 0.1387 0.0255 0.0887 0.0561 0.0287 0.0692 0.0818 0.1046 0.1759 0.0337 
        D539  1 0.0329 0.0710 0.0405 0.0750 0.0849 0.0426 0.3113 0.0470 0.0223 0.0279 0.0996 0.1449 
        D540  1 0.0105 0.0405 0.0520 0.3371 0.0193 0.0179 0.0362 0.0264 0.2532 0.0597 0.1181 0.0292 
        D541  1 0.0117 0.0094 0.0092 0.0108 0.0081 0.0130 0.0105 0.0152 0.8773 0.0105 0.0126 0.0118 
        D551  1 0.0754 0.0197 0.0215 0.0342 0.0244 0.0133 0.2583 0.1206 0.0223 0.0453 0.2640 0.1008 
        D552  1 0.0202 0.0152 0.0998 0.0754 0.1436 0.0645 0.0534 0.1754 0.1352 0.0697 0.1176 0.0300 
        D553  1 0.0090 0.0081 0.0095 0.0147 0.0126 0.0107 0.0119 0.0126 0.8680 0.0154 0.0128 0.0147 
        D615  1 0.0413 0.0658 0.0803 0.0303 0.0433 0.0189 0.0562 0.0319 0.4712 0.0278 0.0892 0.0437 
        D616  1 0.0696 0.0215 0.0928 0.0411 0.0458 0.0189 0.0477 0.0408 0.3981 0.0642 0.1164 0.0432 
        D621  1 0.0216 0.0498 0.1577 0.0563 0.0536 0.2451 0.0234 0.1340 0.0141 0.1691 0.0546 0.0205 
        D622  1 0.0172 0.0164 0.1284 0.0422 0.0262 0.0388 0.0749 0.3066 0.0172 0.2543 0.0575 0.0201 
        D623  1 0.1128 0.2032 0.0552 0.0218 0.2373 0.1536 0.0161 0.0567 0.0168 0.0187 0.0577 0.0502 
        D624  1 0.0127 0.0229 0.0192 0.0327 0.7109 0.0093 0.0215 0.0209 0.0375 0.0181 0.0704 0.0239 
        D625  1 0.0126 0.0177 0.0433 0.0188 0.0431 0.0383 0.0258 0.2757 0.4426 0.0317 0.0330 0.0174 
        D626  1 0.0228 0.0330 0.0864 0.1801 0.2431 0.0183 0.0843 0.0682 0.0470 0.1025 0.0760 0.0384 
        D627  1 0.0223 0.0179 0.0125 0.0194 0.0206 0.0192 0.0469 0.1946 0.2450 0.0587 0.1792 0.1637 
        D690  1 0.0077 0.0107 0.0474 0.0176 0.0246 0.0163 0.0123 0.0192 0.7870 0.0340 0.0137 0.0096 
        D691  1 0.0146 0.0086 0.0389 0.0148 0.0228 0.0185 0.0713 0.4475 0.0246 0.2893 0.0258 0.0233 
        D710  1 0.0286 0.0280 0.0566 0.0615 0.1119 0.1379 0.0130 0.0402 0.2671 0.1225 0.0995 0.0333 
        D711  1 0.0167 0.0320 0.0202 0.0089 0.0168 0.0348 0.0197 0.0412 0.7325 0.0372 0.0235 0.0164 
        D712  1 0.0407 0.0602 0.0247 0.0521 0.4796 0.0472 0.0289 0.0432 0.0321 0.0547 0.0692 0.0673 
        D713  1 0.0116 0.1299 0.0238 0.0251 0.0474 0.0375 0.0192 0.5978 0.0216 0.0247 0.0466 0.0149 
        D746  1 0.0283 0.0099 0.0472 0.0309 0.0177 0.0172 0.0353 0.2021 0.0622 0.5030 0.0323 0.0139 
        D747  1 0.0149 0.0105 0.0099 0.0106 0.0101 0.0211 0.0102 0.0140 0.8595 0.0105 0.0120 0.0167 
        D748  1 0.0132 0.0125 0.0334 0.0218 0.0184 0.0328 0.1058 0.6249 0.0293 0.0588 0.0323 0.0168 
        D749  1 0.0365 0.0637 0.0699 0.0177 0.1034 0.0534 0.0730 0.0459 0.0303 0.2149 0.2678 0.0235 
        D750  1 0.0178 0.0179 0.0718 0.0172 0.5008 0.0381 0.0228 0.0438 0.2002 0.0251 0.0286 0.0160 
        D763  1 0.0819 0.0251 0.0219 0.1312 0.0146 0.1592 0.0702 0.1067 0.0463 0.0696 0.1322 0.1411 
        D764  1 0.0124 0.0115 0.0525 0.0248 0.1257 0.0148 0.0158 0.0774 0.5881 0.0295 0.0297 0.0177 
        D765  1 0.0115 0.0345 0.6560 0.0165 0.0732 0.0096 0.0406 0.0170 0.0182 0.0457 0.0531 0.0241 
        D766  1 0.0170 0.0194 0.2160 0.0708 0.0227 0.0641 0.0452 0.4122 0.0240 0.0471 0.0503 0.0111 
        D767  1 0.0626 0.1893 0.0824 0.0209 0.0236 0.1571 0.0665 0.1287 0.0611 0.0742 0.1047 0.0288 
        D768  1 0.0184 0.0118 0.0184 0.0209 0.0112 0.0111 0.0278 0.1057 0.6981 0.0271 0.0343 0.0151 
        D811  1 0.0117 0.3217 0.1114 0.3439 0.0545 0.0120 0.0165 0.0441 0.0126 0.0130 0.0371 0.0217 
        D816  1 0.0107 0.0200 0.0204 0.0106 0.0178 0.0164 0.0155 0.0488 0.7898 0.0151 0.0226 0.0121 
        D825  1 0.0133 0.1199 0.4162 0.0406 0.1015 0.0162 0.0308 0.1109 0.0503 0.0232 0.0603 0.0170 
        D866  1 0.0705 0.0383 0.0515 0.0634 0.1646 0.0165 0.0431 0.0213 0.0471 0.0175 0.0548 0.4114 
        D867  1 0.0320 0.0277 0.0189 0.0318 0.0185 0.0898 0.0306 0.0462 0.0127 0.6328 0.0416 0.0174 
        D871  1 0.0136 0.0255 0.0196 0.0282 0.0391 0.0262 0.0284 0.3872 0.2446 0.0524 0.0572 0.0781 
        D872  1 0.0213 0.0857 0.0730 0.0193 0.0220 0.0250 0.0133 0.6219 0.0378 0.0339 0.0289 0.0180 
        D873  1 0.0186 0.0799 0.7562 0.0138 0.0117 0.0380 0.0133 0.0072 0.0084 0.0235 0.0214 0.0077 
        D874  1 0.0148 0.0299 0.0148 0.0195 0.0460 0.6733 0.0199 0.0862 0.0334 0.0096 0.0297 0.0230 
        D875  1 0.0140 0.0244 0.0507 0.0218 0.0122 0.0234 0.0518 0.4881 0.1419 0.0835 0.0663 0.0218 
        D876  1 0.0138 0.0185 0.0262 0.0377 0.0671 0.0533 0.0318 0.3682 0.2549 0.0293 0.0671 0.0318 
        D877  1 0.0111 0.6891 0.0194 0.0259 0.0828 0.0284 0.0131 0.0619 0.0165 0.0080 0.0326 0.0112 
        D892  1 0.0091 0.0252 0.0151 0.0089 0.0495 0.0162 0.0582 0.7031 0.0393 0.0326 0.0302 0.0126 
        D893  1 0.0228 0.0179 0.0493 0.0418 0.0124 0.0350 0.0654 0.1944 0.3319 0.0692 0.0978 0.0621 
        D894  1 0.0134 0.0146 0.0138 0.0133 0.0129 0.0206 0.0291 0.0177 0.8097 0.0132 0.0266 0.0152 
        D915  1 0.0197 0.0215 0.1197 0.0326 0.0242 0.0224 0.0787 0.4619 0.1182 0.0344 0.0359 0.0309 
        D916  1 0.0081 0.0058 0.0103 0.0083 0.0086 0.0100 0.0110 0.0140 0.8939 0.0092 0.0116 0.0093 
        D917  1 0.0446 0.0692 0.0225 0.0311 0.2120 0.1229 0.0137 0.0702 0.1066 0.0413 0.1363 0.1296 
        D925  1 0.0132 0.0291 0.4713 0.0387 0.0610 0.0113 0.0226 0.0808 0.1621 0.0367 0.0431 0.0300 
        D926  1 0.0183 0.0286 0.0397 0.0313 0.0311 0.0533 0.0648 0.0918 0.4066 0.0505 0.1549 0.0290 
        D927  1 0.2248 0.0453 0.0201 0.0243 0.0362 0.0344 0.0409 0.1665 0.1255 0.0684 0.1170 0.0965 
        D928  1 0.0117 0.0291 0.0252 0.0092 0.7563 0.0136 0.0073 0.0309 0.0788 0.0075 0.0201 0.0103 
        D929  1 0.0141 0.2101 0.0290 0.0244 0.0371 0.4029 0.0573 0.0468 0.0249 0.0726 0.0495 0.0312 
        D936  1 0.0356 0.0366 0.0409 0.0239 0.0252 0.1330 0.0401 0.0904 0.4136 0.0192 0.0588 0.0826 
        D938  1 0.0127 0.0132 0.0831 0.0644 0.0221 0.0409 0.0272 0.2562 0.0144 0.4268 0.0268 0.0123 
        D956  1 0.0262 0.1007 0.0435 0.0256 0.5515 0.0254 0.0638 0.0155 0.0616 0.0165 0.0422 0.0275 
        D957  1 0.0220 0.0536 0.3199 0.0158 0.0202 0.0447 0.0212 0.3784 0.0348 0.0340 0.0335 0.0218 
        D958  1 0.0093 0.0143 0.0801 0.0220 0.0358 0.0249 0.0161 0.7249 0.0297 0.0197 0.0153 0.0079 
        D959  1 0.0334 0.0181 0.0105 0.0331 0.0126 0.0102 0.0157 0.1709 0.4848 0.1048 0.0958 0.0099 
        D960  1 0.0186 0.0873 0.1055 0.0118 0.0376 0.0253 0.0410 0.1249 0.0249 0.4302 0.0777 0.0153 
        D989  1 0.0736 0.0338 0.0162 0.0388 0.5215 0.0206 0.0384 0.0415 0.0410 0.0289 0.0615 0.0842 
        D990  1 0.0218 0.0093 0.6019 0.0183 0.0584 0.0231 0.0285 0.0208 0.0115 0.0302 0.0758 0.1005 
        D023  2 0.0139 0.0083 0.0126 0.0117 0.0106 0.0132 0.0075 0.0107 0.0210 0.8696 0.0130 0.0080 
        D130  2 0.0247 0.0736 0.0182 0.0130 0.0120 0.0140 0.0319 0.2678 0.0352 0.4700 0.0285 0.0111 
        D131  2 0.0323 0.0201 0.0772 0.1195 0.0354 0.0459 0.0419 0.1753 0.1447 0.0252 0.1904 0.0921 
        D163  2 0.0100 0.0162 0.0421 0.0182 0.0434 0.0334 0.0232 0.0510 0.0728 0.6209 0.0395 0.0291 
        D164  2 0.5379 0.0145 0.3193 0.0186 0.0072 0.0123 0.0101 0.0260 0.0074 0.0193 0.0177 0.0098 
        D165  2 0.0191 0.0080 0.0142 0.0152 0.0157 0.0163 0.0127 0.0105 0.0293 0.8240 0.0201 0.0149 
        D166  2 0.0484 0.3698 0.0319 0.0598 0.0149 0.0527 0.0631 0.0930 0.0294 0.0385 0.1632 0.0352 
        D167  2 0.7830 0.0968 0.0094 0.0091 0.0240 0.0099 0.0077 0.0106 0.0112 0.0105 0.0121 0.0156 
        D192  2 0.8653 0.0222 0.0111 0.0130 0.0148 0.0143 0.0094 0.0065 0.0078 0.0089 0.0114 0.0154 
        D193  2 0.0136 0.6541 0.0181 0.0114 0.0507 0.0241 0.0747 0.0225 0.0148 0.0138 0.0710 0.0312 
        D206  2 0.2584 0.0371 0.0212 0.3457 0.0132 0.0172 0.0391 0.1023 0.0393 0.0320 0.0782 0.0164 
        D207  2 0.5242 0.1331 0.0233 0.0208 0.0158 0.0163 0.0332 0.0485 0.0259 0.0169 0.0584 0.0835 
        D208  2 0.0448 0.0579 0.0411 0.2342 0.1038 0.0296 0.0704 0.0531 0.0235 0.0328 0.0957 0.2132 
        D209  2 0.4439 0.0371 0.0488 0.0503 0.0193 0.1288 0.0201 0.0255 0.0446 0.0340 0.1232 0.0244 
        D210  2 0.0478 0.0217 0.0235 0.0170 0.5197 0.0314 0.0455 0.0350 0.0490 0.0196 0.0411 0.1487 
     D229599  2 0.0313 0.0401 0.0523 0.0371 0.0487 0.1333 0.0390 0.0456 0.1901 0.1002 0.1190 0.1633 
     D229600  2 0.3064 0.0378 0.0377 0.0143 0.0151 0.0200 0.0426 0.0763 0.0169 0.3159 0.0893 0.0275 
     D237227  2 0.0335 0.0251 0.2585 0.0316 0.3429 0.0145 0.0278 0.0176 0.0598 0.0468 0.0738 0.0680 
     D237228  2 0.0361 0.0458 0.5811 0.0156 0.1064 0.0135 0.0354 0.0112 0.0092 0.0149 0.0734 0.0574 
     D237258  2 0.1877 0.0719 0.0555 0.0751 0.0700 0.0442 0.0318 0.0285 0.0703 0.1520 0.1152 0.0976 
     D237310  2 0.0246 0.1072 0.6404 0.0158 0.0337 0.0263 0.0568 0.0192 0.0097 0.0183 0.0242 0.0237 
     D237311  2 0.1222 0.0408 0.6332 0.0160 0.0245 0.0120 0.0364 0.0274 0.0088 0.0196 0.0363 0.0229 
     D237312  2 0.0155 0.1874 0.2316 0.0312 0.0473 0.0424 0.2301 0.0770 0.0148 0.0502 0.0552 0.0174 
     D237313  2 0.0193 0.0231 0.1322 0.2450 0.0503 0.0351 0.1047 0.0889 0.0705 0.0229 0.1636 0.0445 
     D237322  2 0.0259 0.0677 0.0951 0.0413 0.0597 0.0777 0.0765 0.0434 0.0236 0.0270 0.1743 0.2878 
     D237323  2 0.0212 0.0346 0.5820 0.0171 0.1227 0.0227 0.0347 0.0275 0.0132 0.0483 0.0332 0.0429 
     D237324  2 0.1580 0.0184 0.0349 0.0184 0.0124 0.0354 0.0263 0.0439 0.0342 0.1572 0.3801 0.0809 
     D237325  2 0.0418 0.0406 0.3245 0.0224 0.0532 0.0435 0.1444 0.1621 0.0146 0.0577 0.0727 0.0225 
     D237326  2 0.0277 0.0156 0.6396 0.0106 0.0396 0.0255 0.0164 0.1280 0.0204 0.0253 0.0275 0.0239 
     D237327  2 0.0590 0.0201 0.0203 0.0209 0.0406 0.0940 0.0642 0.0347 0.0608 0.0689 0.1647 0.3518 
     D237337  2 0.0098 0.0142 0.8039 0.0131 0.0198 0.0145 0.0329 0.0286 0.0099 0.0158 0.0217 0.0157 
     D237338  2 0.0573 0.0273 0.1675 0.0456 0.0776 0.0876 0.0917 0.1563 0.0307 0.0860 0.1128 0.0597 
     D237339  2 0.0809 0.0430 0.0169 0.0208 0.0113 0.6355 0.0189 0.0437 0.0224 0.0131 0.0567 0.0367 
     D237340  2 0.1473 0.0829 0.3288 0.0151 0.1127 0.0231 0.0618 0.0890 0.0113 0.0339 0.0599 0.0342 
     D237389  2 0.0594 0.1452 0.5675 0.0200 0.0160 0.0179 0.0498 0.0225 0.0144 0.0294 0.0433 0.0143 
     D237390  2 0.0176 0.0843 0.3071 0.0280 0.0498 0.0258 0.1646 0.2057 0.0140 0.0257 0.0401 0.0373 
     D244017  2 0.3549 0.2874 0.0232 0.0177 0.1307 0.0127 0.0121 0.0235 0.0146 0.0410 0.0529 0.0294 
     D244112  2 0.8025 0.0587 0.0119 0.0096 0.0128 0.0093 0.0260 0.0075 0.0165 0.0173 0.0160 0.0120 
     D244118  2 0.6460 0.0303 0.0305 0.0074 0.0191 0.0193 0.0099 0.0121 0.0090 0.1839 0.0167 0.0159 
     D244119  2 0.2740 0.0194 0.0247 0.0143 0.5681 0.0082 0.0085 0.0228 0.0131 0.0111 0.0196 0.0164 
     D244120  2 0.3219 0.3429 0.0182 0.0147 0.0282 0.0380 0.0678 0.0100 0.0132 0.0171 0.0378 0.0902 
     D244122  2 0.6201 0.1007 0.0191 0.0438 0.0238 0.0288 0.0351 0.0154 0.0263 0.0330 0.0327 0.0211 
        D291  2 0.0323 0.0411 0.0221 0.0689 0.0109 0.0206 0.0177 0.0469 0.0425 0.0745 0.0903 0.5322 
        D292  2 0.2089 0.0578 0.0838 0.0212 0.0653 0.0318 0.0298 0.0292 0.1536 0.0211 0.0556 0.2420 
        D293  2 0.4608 0.0118 0.0120 0.0127 0.0153 0.2050 0.0186 0.0752 0.0484 0.0105 0.0771 0.0525 
        D322  2 0.3448 0.0163 0.0459 0.0134 0.0132 0.3216 0.0163 0.0423 0.0697 0.0198 0.0574 0.0394 
        D323  2 0.0770 0.0702 0.0278 0.5608 0.0237 0.0325 0.0232 0.0823 0.0138 0.0160 0.0467 0.0261 
        D324  2 0.0299 0.0179 0.0628 0.0576 0.0357 0.0200 0.0365 0.2615 0.0671 0.0557 0.0818 0.2733 
        D325  2 0.7578 0.0118 0.0130 0.0114 0.0076 0.0224 0.0349 0.0199 0.0297 0.0143 0.0374 0.0398 
        D326  2 0.0090 0.0116 0.0089 0.0180 0.0230 0.0139 0.0108 0.0226 0.8256 0.0095 0.0247 0.0225 
        D340  2 0.8179 0.0087 0.0128 0.0148 0.0190 0.0233 0.0140 0.0171 0.0189 0.0133 0.0182 0.0221 
        D341  2 0.4241 0.0163 0.0353 0.0540 0.0275 0.0299 0.2622 0.0647 0.0123 0.0152 0.0335 0.0251 
        D342  2 0.4925 0.0586 0.0667 0.0465 0.0111 0.0196 0.0657 0.0169 0.0220 0.0708 0.1025 0.0269 
        D343  2 0.8895 0.0061 0.0079 0.0084 0.0073 0.0117 0.0133 0.0116 0.0144 0.0071 0.0117 0.0109 
        D344  2 0.0497 0.2190 0.0446 0.0180 0.0128 0.3136 0.0342 0.0263 0.1483 0.0124 0.1029 0.0182 
        D345  2 0.0431 0.0247 0.2359 0.0858 0.0197 0.2323 0.0214 0.0309 0.0844 0.0532 0.1270 0.0416 
        D346  2 0.0422 0.0245 0.0227 0.4236 0.2177 0.0366 0.0260 0.0339 0.0581 0.0238 0.0453 0.0457 
        D351  2 0.0298 0.0309 0.0488 0.0470 0.0190 0.0983 0.0428 0.2267 0.1304 0.0348 0.1084 0.1831 
        D352  2 0.0319 0.0365 0.0318 0.0154 0.0524 0.6284 0.0206 0.0381 0.0156 0.0198 0.0805 0.0291 
        D353  2 0.0266 0.0252 0.0157 0.0344 0.0123 0.0781 0.0327 0.0387 0.1728 0.0127 0.5240 0.0268 
        D354  2 0.0127 0.0365 0.0370 0.0439 0.0297 0.6114 0.0226 0.0207 0.0950 0.0122 0.0644 0.0138 
        D362  2 0.0187 0.0270 0.0411 0.0211 0.0161 0.0144 0.0096 0.0422 0.7100 0.0558 0.0272 0.0169 
        D363  2 0.0173 0.0218 0.0254 0.0259 0.0182 0.0157 0.0085 0.0189 0.7981 0.0175 0.0159 0.0169 
        D364  2 0.0130 0.0388 0.0305 0.0283 0.0250 0.2279 0.0371 0.0120 0.5026 0.0163 0.0574 0.0111 
        D365  2 0.8073 0.0109 0.0111 0.0115 0.0189 0.0306 0.0123 0.0488 0.0125 0.0087 0.0150 0.0125 
        D369  2 0.0870 0.0270 0.1289 0.1491 0.1168 0.0182 0.0257 0.0542 0.1721 0.0295 0.0972 0.0942 
        D374  2 0.0105 0.7069 0.0189 0.0215 0.1521 0.0116 0.0107 0.0146 0.0126 0.0085 0.0207 0.0114 
        D375  2 0.0128 0.0415 0.0162 0.0259 0.0137 0.7266 0.0301 0.0160 0.0239 0.0150 0.0691 0.0092 
        D376  2 0.0166 0.4126 0.0267 0.0273 0.2813 0.0384 0.0568 0.0112 0.0205 0.0145 0.0757 0.0184 
        D377  2 0.0253 0.0560 0.0977 0.5739 0.0273 0.0190 0.0378 0.0584 0.0113 0.0288 0.0400 0.0246 
        D378  2 0.1860 0.0089 0.0229 0.0743 0.0232 0.2811 0.0262 0.0536 0.0630 0.1013 0.1104 0.0492 
        D379  2 0.0151 0.0233 0.0196 0.1467 0.0216 0.0327 0.0704 0.0532 0.4602 0.0145 0.1231 0.0196 
        D384  2 0.0114 0.0111 0.0198 0.0311 0.0443 0.0128 0.0121 0.0662 0.7371 0.0096 0.0299 0.0147 
        D385  2 0.6470 0.0346 0.0152 0.0348 0.0240 0.1166 0.0215 0.0200 0.0222 0.0104 0.0365 0.0173 
        D386  2 0.0577 0.0256 0.0208 0.0626 0.0120 0.3561 0.0354 0.1892 0.0759 0.0521 0.0922 0.0204 
        D391  2 0.6599 0.0153 0.0195 0.0296 0.0149 0.1315 0.0188 0.0366 0.0176 0.0134 0.0271 0.0158 
        D392  2 0.5460 0.0277 0.1084 0.0341 0.0395 0.0169 0.0158 0.0616 0.0513 0.0329 0.0394 0.0264 
        D393  2 0.0507 0.0112 0.0336 0.1066 0.0195 0.3545 0.0551 0.0522 0.1271 0.0248 0.0464 0.1181 
        D394  2 0.0691 0.0623 0.1652 0.0177 0.0352 0.1865 0.0570 0.0552 0.0685 0.1165 0.1237 0.0432 
        D395  2 0.3597 0.0364 0.0178 0.0203 0.0189 0.3615 0.0279 0.0343 0.0119 0.0180 0.0677 0.0257 
        D401  2 0.0230 0.0203 0.8094 0.0314 0.0222 0.0074 0.0106 0.0206 0.0118 0.0118 0.0172 0.0143 
        D402  2 0.6981 0.0169 0.0225 0.0495 0.0106 0.0704 0.0165 0.0150 0.0134 0.0094 0.0232 0.0545 
        D403  2 0.0208 0.0540 0.0212 0.0302 0.0170 0.0739 0.0659 0.0478 0.2289 0.0648 0.3508 0.0246 
        D415  2 0.0159 0.0153 0.1282 0.0219 0.0083 0.0188 0.0637 0.1270 0.4627 0.0241 0.1027 0.0113 
        D435  2 0.0813 0.0109 0.0248 0.0178 0.0104 0.0295 0.0344 0.0256 0.6776 0.0186 0.0370 0.0321 
        D436  2 0.0250 0.0888 0.0208 0.0147 0.0350 0.2250 0.0833 0.3921 0.0296 0.0161 0.0475 0.0221 
        D438  2 0.8451 0.0113 0.0093 0.0269 0.0167 0.0111 0.0126 0.0219 0.0080 0.0122 0.0118 0.0131 
        D439  2 0.0484 0.0152 0.0276 0.0371 0.0085 0.6030 0.0235 0.0255 0.0317 0.0511 0.0997 0.0289 
        D449  2 0.5317 0.0197 0.0160 0.0251 0.0188 0.0194 0.0575 0.0633 0.0901 0.0266 0.1167 0.0151 
        D450  2 0.0178 0.0491 0.0309 0.0627 0.0891 0.1923 0.0720 0.1337 0.1055 0.0455 0.1508 0.0505 
        D456  2 0.0089 0.0096 0.0105 0.0181 0.0136 0.0157 0.0134 0.0247 0.8452 0.0110 0.0148 0.0144 
        D462  2 0.7267 0.0139 0.0121 0.0142 0.0096 0.1184 0.0146 0.0199 0.0199 0.0194 0.0157 0.0155 
        D463  2 0.0078 0.0137 0.0145 0.0288 0.0255 0.0231 0.0141 0.0189 0.7872 0.0137 0.0372 0.0153 
        D464  2 0.0723 0.0947 0.0223 0.0356 0.0216 0.2737 0.0461 0.0515 0.0502 0.0167 0.3001 0.0153 
        D465  2 0.3577 0.0271 0.1238 0.0395 0.0206 0.0191 0.0231 0.1194 0.1638 0.0227 0.0567 0.0266 
        D473  2 0.0377 0.0259 0.1070 0.0532 0.4308 0.0740 0.0349 0.0732 0.0208 0.0590 0.0466 0.0370 
        D474  2 0.0286 0.0100 0.0405 0.0179 0.0257 0.0257 0.0238 0.0163 0.6513 0.0282 0.0400 0.0920 
        D476  2 0.0469 0.0115 0.0120 0.0098 0.0127 0.4885 0.0129 0.0202 0.0145 0.3124 0.0323 0.0264 
        D477  2 0.0170 0.0151 0.1039 0.1362 0.0322 0.2591 0.0271 0.0426 0.1995 0.0195 0.0793 0.0687 
        D478  2 0.0546 0.1221 0.0267 0.0340 0.0764 0.0723 0.0189 0.0525 0.0331 0.3552 0.1033 0.0508 
        D480  2 0.0449 0.0243 0.0229 0.0936 0.0657 0.2788 0.0821 0.0875 0.0773 0.0167 0.1140 0.0924 
        D481  2 0.0403 0.0357 0.0644 0.0354 0.0884 0.1856 0.0152 0.0468 0.2861 0.0928 0.0672 0.0423 
        D482  2 0.0217 0.0516 0.0632 0.0648 0.0929 0.2850 0.0845 0.0282 0.0194 0.0398 0.1076 0.1412 
        D483  2 0.8024 0.0154 0.0176 0.0136 0.0436 0.0109 0.0123 0.0135 0.0105 0.0187 0.0258 0.0159 
        D484  2 0.0144 0.0490 0.0107 0.0152 0.0139 0.8136 0.0127 0.0126 0.0085 0.0113 0.0213 0.0167 
        D510  2 0.0184 0.2668 0.0215 0.0256 0.3870 0.0254 0.0315 0.0270 0.0163 0.0172 0.0545 0.1088 
        D511  2 0.0444 0.0128 0.0231 0.0421 0.0145 0.7000 0.0191 0.0270 0.0314 0.0293 0.0318 0.0245 
        D512  2 0.1074 0.0532 0.5742 0.0331 0.0094 0.0204 0.0313 0.0266 0.0160 0.0358 0.0681 0.0244 
        D513  2 0.3562 0.0305 0.0409 0.1059 0.0386 0.0146 0.0344 0.1851 0.0319 0.0152 0.0850 0.0616 
        D635  2 0.0341 0.0130 0.0250 0.0293 0.0169 0.0196 0.0161 0.0248 0.2166 0.5282 0.0567 0.0197 
        D636  2 0.0125 0.0081 0.0200 0.0497 0.0120 0.0125 0.0092 0.0120 0.0234 0.8146 0.0184 0.0075 
        D637  2 0.1005 0.0393 0.0517 0.1065 0.0484 0.2739 0.1858 0.0188 0.0307 0.0192 0.1004 0.0248 
        D658  2 0.4203 0.0562 0.0633 0.0168 0.0652 0.1594 0.0745 0.0306 0.0175 0.0172 0.0488 0.0303 
        D659  2 0.0193 0.0241 0.0123 0.0240 0.0213 0.0549 0.0294 0.0655 0.5888 0.0655 0.0413 0.0536 
        D677  2 0.0379 0.0503 0.0561 0.1129 0.0134 0.0231 0.3381 0.1108 0.0611 0.0777 0.0716 0.0471 
        D678  2 0.5861 0.1596 0.0349 0.0373 0.0098 0.0209 0.0195 0.0152 0.0198 0.0212 0.0569 0.0188 
        D679  2 0.0282 0.0187 0.0198 0.3981 0.0360 0.0543 0.0465 0.1159 0.0882 0.0217 0.0853 0.0873 
        D719  2 0.1146 0.0223 0.0701 0.0342 0.3711 0.0460 0.0144 0.1362 0.0677 0.0092 0.0446 0.0695 
        D720  2 0.0160 0.0196 0.0167 0.0292 0.0473 0.0119 0.0155 0.5661 0.2089 0.0151 0.0314 0.0223 
        D721  2 0.0376 0.0097 0.0138 0.0237 0.0354 0.0195 0.0169 0.0477 0.0185 0.7206 0.0381 0.0185 
        D722  2 0.0225 0.6323 0.0419 0.0498 0.1057 0.0173 0.0153 0.0238 0.0130 0.0164 0.0356 0.0265 
        D734  2 0.0396 0.0187 0.0104 0.0234 0.1077 0.6776 0.0205 0.0296 0.0144 0.0113 0.0268 0.0200 
        D735  2 0.0440 0.0197 0.0630 0.2273 0.0522 0.0725 0.0302 0.1978 0.0982 0.0262 0.1155 0.0534 
        D736  2 0.0500 0.0282 0.0436 0.0412 0.2749 0.0495 0.0622 0.0714 0.0563 0.0265 0.0610 0.2351 
        D737  2 0.5657 0.0367 0.0380 0.0158 0.0399 0.0743 0.0300 0.0211 0.0121 0.0449 0.0611 0.0602 
        D807  2 0.0397 0.0450 0.0934 0.0648 0.1444 0.1018 0.0887 0.0781 0.1139 0.0418 0.0565 0.1321 
        D808  2 0.0702 0.0479 0.1796 0.0210 0.0248 0.0623 0.0787 0.1682 0.0654 0.0531 0.1717 0.0572 
        D817  2 0.0171 0.0352 0.0356 0.6132 0.0171 0.0314 0.0187 0.0809 0.0631 0.0158 0.0531 0.0187 
        D818  2 0.1483 0.0197 0.0185 0.0372 0.0259 0.0296 0.1896 0.0621 0.0472 0.1181 0.2076 0.0963 
        D819  2 0.0251 0.0285 0.1536 0.4789 0.0176 0.0236 0.0155 0.0370 0.0986 0.0282 0.0698 0.0237 
        D820  2 0.0239 0.0141 0.0119 0.0109 0.0168 0.1243 0.0304 0.5621 0.1277 0.0137 0.0370 0.0271 
        D895  2 0.0472 0.0374 0.0611 0.1190 0.0323 0.0439 0.0259 0.1268 0.2395 0.0955 0.1480 0.0236 
        D896  2 0.0085 0.0209 0.8644 0.0095 0.0153 0.0097 0.0117 0.0195 0.0085 0.0097 0.0134 0.0090 
        D897  2 0.3951 0.0408 0.0405 0.0624 0.0260 0.0627 0.1467 0.0238 0.0180 0.0220 0.1194 0.0427 
        D898  2 0.0226 0.0837 0.2569 0.1217 0.0353 0.0403 0.0568 0.0196 0.0506 0.0273 0.1498 0.1354 
        D918  2 0.0537 0.0405 0.1215 0.0461 0.0481 0.0691 0.3214 0.0511 0.0195 0.0642 0.1235 0.0414 
        D919  2 0.0914 0.0692 0.0172 0.0196 0.0179 0.3606 0.0247 0.0921 0.0852 0.0341 0.1032 0.0848 
        D920  2 0.0346 0.0532 0.0348 0.0203 0.0652 0.0325 0.0629 0.0513 0.0226 0.5393 0.0606 0.0227 
        D923  2 0.0315 0.0352 0.0202 0.0229 0.0175 0.0918 0.0176 0.2281 0.4236 0.0253 0.0637 0.0228 
        D930  2 0.0304 0.0421 0.0449 0.1035 0.0599 0.0932 0.0867 0.2960 0.0803 0.0118 0.1153 0.0358 
        D931  2 0.0830 0.0428 0.0371 0.0424 0.0326 0.2494 0.0393 0.0443 0.3064 0.0256 0.0541 0.0429 
        D968  2 0.7723 0.0141 0.0130 0.0225 0.0123 0.0235 0.0100 0.0249 0.0147 0.0106 0.0252 0.0569 
        D969  2 0.1352 0.0428 0.0545 0.0325 0.0673 0.0560 0.0432 0.0340 0.2131 0.0323 0.1291 0.1600 
        D977  2 0.7106 0.0198 0.0118 0.0299 0.0200 0.0168 0.0758 0.0172 0.0239 0.0204 0.0325 0.0212 
        D978  2 0.0755 0.0534 0.0128 0.2427 0.0207 0.0187 0.1158 0.0243 0.0205 0.0233 0.1247 0.2677 
        D211  3 0.0145 0.0154 0.0126 0.0474 0.0173 0.0271 0.3780 0.0187 0.0446 0.3645 0.0393 0.0207 
     D229639  3 0.0285 0.0498 0.0432 0.0276 0.1114 0.0185 0.0309 0.0265 0.0620 0.0205 0.0513 0.5298 
     D237212  3 0.0463 0.0262 0.0418 0.1036 0.0139 0.2801 0.0744 0.0279 0.0424 0.0440 0.0688 0.2307 
     D237213  3 0.0188 0.0414 0.1083 0.3864 0.0120 0.0571 0.1434 0.0803 0.0131 0.0493 0.0632 0.0269 
     D237214  3 0.0119 0.0119 0.0111 0.0106 0.0141 0.0093 0.0109 0.0596 0.0141 0.8190 0.0191 0.0084 
     D237215  3 0.4051 0.2541 0.0274 0.0369 0.0524 0.0105 0.0110 0.0270 0.0100 0.0145 0.0426 0.1085 
     D237216  3 0.0224 0.0222 0.0316 0.0910 0.0217 0.0323 0.1432 0.0316 0.0349 0.0551 0.4800 0.0343 
     D237217  3 0.0178 0.0130 0.0393 0.0263 0.0125 0.0153 0.3262 0.0442 0.0446 0.1694 0.2347 0.0566 
     D237218  3 0.0324 0.0097 0.0158 0.0354 0.0349 0.1460 0.4833 0.0445 0.0274 0.0170 0.0545 0.0991 
     D237219  3 0.0138 0.0207 0.1616 0.3208 0.0864 0.0127 0.1511 0.0317 0.0167 0.0446 0.0773 0.0626 
     D237382  3 0.0303 0.1657 0.0948 0.0394 0.0766 0.0242 0.0642 0.3250 0.0351 0.0314 0.0863 0.0271 
     D244127  3 0.0475 0.0398 0.4947 0.0737 0.0170 0.0278 0.0572 0.0371 0.0132 0.0376 0.0972 0.0572 
     D244129  3 0.0647 0.0274 0.1743 0.0790 0.0354 0.0881 0.0761 0.0833 0.0727 0.0925 0.1239 0.0826 
     D244133  3 0.0391 0.0395 0.0289 0.6802 0.0412 0.0076 0.0172 0.0379 0.0303 0.0250 0.0375 0.0155 
     D244134  3 0.0245 0.0149 0.0543 0.2515 0.1985 0.0184 0.0343 0.0235 0.0160 0.0320 0.0450 0.2873 
     D244135  3 0.0305 0.0131 0.0150 0.0447 0.0141 0.0194 0.0421 0.0211 0.0290 0.7274 0.0289 0.0148 
     D244136  3 0.0535 0.0727 0.0228 0.3424 0.0863 0.0186 0.0286 0.1263 0.0908 0.0285 0.0655 0.0640 
        D416  3 0.0972 0.0193 0.0608 0.3126 0.0220 0.0423 0.0900 0.0186 0.1024 0.0691 0.1356 0.0301 
        D417  3 0.0131 0.0278 0.0449 0.0234 0.0234 0.0248 0.2084 0.0498 0.4774 0.0134 0.0729 0.0208 
        D419  3 0.0388 0.0233 0.0899 0.1735 0.0514 0.0248 0.2050 0.0459 0.0389 0.0343 0.1363 0.1379 
        D565  3 0.0137 0.0182 0.0134 0.0484 0.7324 0.0116 0.0101 0.0496 0.0333 0.0173 0.0182 0.0338 
        D566  3 0.0393 0.0497 0.0706 0.1077 0.2017 0.0168 0.0179 0.0477 0.0748 0.0227 0.0670 0.2841 
        D567  3 0.0346 0.0307 0.0715 0.0531 0.0161 0.0674 0.0351 0.0295 0.5295 0.0544 0.0576 0.0207 
        D568  3 0.1062 0.0338 0.0523 0.0367 0.0148 0.1261 0.2041 0.1136 0.0802 0.0578 0.1245 0.0499 
        D569  3 0.0637 0.0698 0.0154 0.0307 0.0355 0.5838 0.0302 0.0165 0.0128 0.0534 0.0516 0.0367 
        D573  3 0.1197 0.0130 0.0321 0.0293 0.0220 0.0342 0.0164 0.0284 0.1411 0.0187 0.0642 0.4808 
        D574  3 0.0436 0.1199 0.0577 0.1161 0.2444 0.0254 0.0330 0.0631 0.0435 0.0519 0.1058 0.0954 
        D575  3 0.0216 0.0115 0.0351 0.7283 0.0373 0.0148 0.0187 0.0223 0.0176 0.0331 0.0295 0.0303 
        D576  3 0.4684 0.2151 0.0101 0.1299 0.0185 0.0149 0.0143 0.0075 0.0058 0.0233 0.0333 0.0591 
        D577  3 0.0161 0.0386 0.0155 0.1530 0.0230 0.0418 0.0601 0.1176 0.3781 0.0684 0.0634 0.0242 
        D578  3 0.0156 0.0129 0.0193 0.0138 0.0130 0.0101 0.0172 0.0257 0.0105 0.8305 0.0193 0.0121 
        D579  3 0.0514 0.0223 0.0494 0.0910 0.1227 0.1253 0.0913 0.0438 0.1868 0.0330 0.0635 0.1196 
        D660  3 0.4817 0.0666 0.0653 0.1290 0.0101 0.0480 0.0422 0.0178 0.0113 0.0436 0.0616 0.0227 
        D661  3 0.0803 0.0160 0.0149 0.0206 0.0145 0.0663 0.4909 0.0264 0.0209 0.0368 0.0803 0.1323 
        D663  3 0.0567 0.0635 0.0159 0.0406 0.0129 0.0242 0.0184 0.0429 0.0361 0.0356 0.0799 0.5735 
        D664  3 0.1172 0.0597 0.0611 0.3328 0.0361 0.0205 0.1146 0.0364 0.0111 0.0788 0.1075 0.0242 
        D665  3 0.0227 0.1479 0.0874 0.1658 0.0087 0.1187 0.0652 0.0242 0.0146 0.1187 0.1768 0.0495 
        D666  3 0.0126 0.0136 0.1322 0.5807 0.0409 0.0187 0.0428 0.0335 0.0267 0.0281 0.0443 0.0260 
        D009  4 0.0158 0.0638 0.0606 0.0202 0.0300 0.1065 0.2787 0.0332 0.1638 0.1198 0.0883 0.0192 
        D057  4 0.0973 0.0218 0.0111 0.0089 0.0204 0.3609 0.0302 0.0852 0.0185 0.2209 0.0388 0.0861 
        D109  4 0.0179 0.0314 0.4829 0.0819 0.0363 0.0242 0.0587 0.0295 0.0443 0.0509 0.1184 0.0235 
     D237222  4 0.0253 0.0883 0.0210 0.0116 0.1272 0.0203 0.0278 0.0829 0.0223 0.4937 0.0521 0.0275 
     D237223  4 0.0423 0.0369 0.0503 0.0163 0.0836 0.0388 0.4473 0.1024 0.0147 0.0373 0.0975 0.0326 
     D237224  4 0.1718 0.0340 0.0416 0.0911 0.0238 0.1684 0.0315 0.0332 0.1385 0.0415 0.0748 0.1497 
     D237225  4 0.0196 0.0425 0.0477 0.0521 0.0428 0.0752 0.1804 0.1038 0.0539 0.0644 0.2727 0.0449 
     D237299  4 0.0144 0.0482 0.0437 0.0221 0.0377 0.0216 0.4853 0.0644 0.0364 0.0179 0.1331 0.0753 
     D237300  4 0.0320 0.0197 0.0164 0.1744 0.0244 0.0189 0.0620 0.0161 0.0160 0.0162 0.0491 0.5550 
     D237306  4 0.0163 0.1197 0.0712 0.0153 0.4061 0.0297 0.1449 0.0537 0.0461 0.0207 0.0479 0.0283 
     D237307  4 0.0431 0.0632 0.0363 0.1337 0.1301 0.0139 0.0535 0.1345 0.2105 0.0286 0.0864 0.0663 
     D237308  4 0.4167 0.0299 0.0645 0.0303 0.0573 0.0830 0.0234 0.1665 0.0129 0.0294 0.0581 0.0280 
     D237309  4 0.0406 0.0612 0.0523 0.0345 0.0211 0.0777 0.1064 0.0387 0.2209 0.1097 0.1944 0.0424 
     D237317  4 0.0210 0.0623 0.0359 0.0288 0.2649 0.0267 0.0255 0.0713 0.0842 0.0591 0.2555 0.0649 
     D237318  4 0.0285 0.0209 0.0149 0.0358 0.0146 0.0103 0.0171 0.0155 0.0198 0.0123 0.0230 0.7872 
     D237319  4 0.0375 0.1060 0.0899 0.0482 0.0330 0.0180 0.2237 0.1321 0.0350 0.0680 0.1631 0.0456 
     D237320  4 0.0347 0.0152 0.0385 0.0233 0.0186 0.0138 0.6742 0.0291 0.0221 0.0420 0.0348 0.0539 
     D237321  4 0.0898 0.0533 0.0423 0.0659 0.0370 0.0232 0.0443 0.0291 0.0483 0.0353 0.0803 0.4512 
     D237397  4 0.0403 0.0475 0.0384 0.0467 0.1111 0.0195 0.3796 0.0763 0.0206 0.0453 0.0724 0.1023 
     D237398  4 0.0231 0.0161 0.0147 0.0232 0.0128 0.0536 0.0656 0.0319 0.0450 0.0253 0.0711 0.6176 
     D237399  4 0.0227 0.0307 0.0470 0.0213 0.1681 0.0501 0.0487 0.1045 0.0438 0.0625 0.0481 0.3526 
     D244001  4 0.0855 0.1614 0.0338 0.0194 0.0189 0.0584 0.1024 0.0313 0.0342 0.3309 0.0919 0.0319 
        D289  4 0.0547 0.0162 0.0258 0.0248 0.2874 0.2518 0.0727 0.0395 0.0492 0.0377 0.0540 0.0862 
        D290  4 0.0182 0.3711 0.0260 0.0127 0.0217 0.0426 0.0258 0.0659 0.0548 0.0414 0.0687 0.2512 
        D294  4 0.0230 0.0725 0.0135 0.0262 0.0334 0.2036 0.1282 0.1097 0.1228 0.0533 0.1565 0.0572 
        D295  4 0.0215 0.0609 0.1480 0.0984 0.0339 0.0630 0.2150 0.1474 0.0682 0.0235 0.0775 0.0429 
        D301  4 0.0402 0.1569 0.0492 0.0456 0.0398 0.0181 0.0565 0.0551 0.0109 0.4161 0.0345 0.0771 
        D302  4 0.0099 0.0548 0.0111 0.0239 0.0123 0.7393 0.0180 0.0426 0.0232 0.0203 0.0289 0.0155 
        D303  4 0.0476 0.0484 0.1153 0.0380 0.4873 0.0661 0.0338 0.0254 0.0372 0.0230 0.0515 0.0264 
        D304  4 0.0214 0.1893 0.0145 0.0426 0.0502 0.0267 0.0404 0.0453 0.0582 0.0337 0.1380 0.3398 
        D305  4 0.0979 0.0465 0.0350 0.0223 0.0077 0.2649 0.0434 0.0169 0.0138 0.0354 0.3801 0.0362 
        D306  4 0.0232 0.4511 0.0228 0.0110 0.0230 0.0333 0.0220 0.0539 0.0307 0.0440 0.1977 0.0873 
        D307  4 0.0195 0.0186 0.0264 0.0225 0.0802 0.0248 0.0261 0.0212 0.0136 0.6733 0.0332 0.0407 
        D327  4 0.0281 0.0385 0.0170 0.0510 0.0453 0.0235 0.0341 0.0896 0.5665 0.0221 0.0561 0.0282 
        D328  4 0.0224 0.2373 0.0746 0.0511 0.1315 0.2313 0.0816 0.0535 0.0169 0.0258 0.0512 0.0228 
        D329  4 0.0805 0.0519 0.0776 0.0191 0.0312 0.1970 0.0643 0.0669 0.0697 0.0615 0.1741 0.1064 
        D330  4 0.0441 0.0841 0.1439 0.0288 0.0132 0.1091 0.1040 0.1001 0.1398 0.0684 0.1462 0.0182 
        D331  4 0.0236 0.1704 0.0465 0.0500 0.0510 0.0216 0.0411 0.0874 0.0956 0.0380 0.1050 0.2697 
        D333  4 0.0513 0.1105 0.0700 0.0424 0.0574 0.1794 0.1817 0.0499 0.0475 0.0476 0.0979 0.0645 
        D334  4 0.0157 0.0228 0.0170 0.0328 0.4103 0.0520 0.0574 0.1832 0.0317 0.0735 0.0595 0.0441 
        D335  4 0.0260 0.0766 0.0175 0.0153 0.0159 0.1452 0.0109 0.6099 0.0214 0.0174 0.0257 0.0182 
        D370  4 0.0223 0.5622 0.1433 0.0639 0.0231 0.0251 0.0186 0.0289 0.0231 0.0211 0.0464 0.0222 
        D371  4 0.0247 0.0427 0.0225 0.0575 0.5650 0.0175 0.0174 0.0226 0.1644 0.0119 0.0359 0.0181 
        D372  4 0.0308 0.1040 0.0162 0.0269 0.0208 0.0147 0.0242 0.0110 0.0107 0.0123 0.0849 0.6436 
        D373  4 0.0512 0.0145 0.0218 0.0389 0.0190 0.0317 0.0228 0.0204 0.0429 0.6345 0.0439 0.0585 
        D455  4 0.0252 0.0183 0.0187 0.0117 0.0184 0.0575 0.0168 0.0377 0.0217 0.7066 0.0235 0.0439 
        D490  4 0.0073 0.0196 0.0178 0.0121 0.0170 0.0172 0.1136 0.0270 0.0157 0.7249 0.0176 0.0102 
        D497  4 0.0119 0.0265 0.0373 0.0422 0.0175 0.0491 0.1331 0.0208 0.0109 0.5858 0.0468 0.0182 
        D498  4 0.0243 0.3267 0.0908 0.0418 0.0775 0.0209 0.0305 0.0652 0.0429 0.0290 0.0817 0.1688 
        D499  4 0.1247 0.0518 0.0612 0.2221 0.0885 0.0981 0.1080 0.0218 0.0224 0.0121 0.1321 0.0573 
        D514  4 0.0206 0.1406 0.0291 0.0766 0.0118 0.1043 0.0349 0.0660 0.3328 0.0405 0.0845 0.0582 
        D515  4 0.0235 0.0513 0.0327 0.0174 0.0198 0.0303 0.5964 0.1176 0.0207 0.0276 0.0467 0.0158 
        D516  4 0.0417 0.0416 0.1160 0.2874 0.0319 0.0180 0.1244 0.1455 0.0328 0.0339 0.0897 0.0373 
        D517  4 0.0313 0.0155 0.0418 0.0142 0.0201 0.0177 0.0755 0.0258 0.0304 0.5285 0.1584 0.0408 
        D518  4 0.0291 0.0592 0.0123 0.0171 0.0430 0.2910 0.0297 0.3367 0.0123 0.1212 0.0333 0.0150 
        D519  4 0.0146 0.0091 0.0164 0.0153 0.0124 0.0126 0.8251 0.0175 0.0144 0.0187 0.0178 0.0261 
        D560  4 0.0292 0.0195 0.0121 0.0123 0.0096 0.0194 0.7665 0.0261 0.0485 0.0133 0.0248 0.0187 
        D561  4 0.0522 0.0241 0.0516 0.0170 0.0103 0.0667 0.0174 0.3183 0.1657 0.1318 0.1102 0.0347 
        D562  4 0.0512 0.0809 0.0420 0.0277 0.0391 0.1026 0.0620 0.0469 0.0305 0.3109 0.1160 0.0901 
        D563  4 0.3526 0.0357 0.0345 0.0700 0.0142 0.1386 0.0662 0.0203 0.0164 0.0595 0.1349 0.0572 
        D572  4 0.0200 0.0413 0.0168 0.0145 0.0224 0.6675 0.0355 0.0502 0.0316 0.0534 0.0316 0.0152 
        D629  4 0.0122 0.0158 0.0176 0.3473 0.0147 0.0540 0.0449 0.0320 0.1545 0.2229 0.0500 0.0342 
        D630  4 0.0212 0.1138 0.0264 0.0264 0.0541 0.0879 0.1857 0.1150 0.0439 0.1326 0.0782 0.1149 
        D631  4 0.0602 0.0201 0.0136 0.0167 0.0145 0.6485 0.0471 0.0654 0.0098 0.0238 0.0560 0.0241 
        D632  4 0.1552 0.0231 0.0776 0.0600 0.0113 0.1762 0.0213 0.0770 0.0757 0.2414 0.0691 0.0120 
        D646  4 0.0349 0.0262 0.1122 0.0155 0.0150 0.0412 0.5128 0.0785 0.0386 0.0271 0.0686 0.0293 
        D647  4 0.0472 0.0661 0.0457 0.0158 0.0100 0.0513 0.1051 0.3548 0.1364 0.0557 0.0536 0.0582 
        D648  4 0.0168 0.4630 0.0169 0.0364 0.0385 0.2807 0.0419 0.0283 0.0130 0.0203 0.0338 0.0105 
        D649  4 0.0149 0.0203 0.2198 0.0729 0.0180 0.1900 0.0340 0.0855 0.2279 0.0402 0.0529 0.0234 
        D650  4 0.0180 0.0355 0.0398 0.0548 0.0679 0.0571 0.2432 0.2486 0.0579 0.0443 0.0721 0.0609 
        D708  4 0.0300 0.0573 0.0292 0.1286 0.1568 0.1784 0.1028 0.0735 0.0285 0.0250 0.1332 0.0568 
        D709  4 0.0266 0.4677 0.1472 0.0655 0.0236 0.0430 0.0209 0.0633 0.0167 0.0113 0.0543 0.0600 
        D738  4 0.0146 0.0360 0.0605 0.0153 0.4050 0.0175 0.0847 0.2356 0.0267 0.0336 0.0353 0.0353 
        D739  4 0.0192 0.1315 0.0311 0.0239 0.0263 0.0551 0.2132 0.0575 0.0166 0.2775 0.1022 0.0460 
        D740  4 0.0358 0.0176 0.1552 0.0703 0.1558 0.0841 0.1260 0.0238 0.0223 0.0388 0.2043 0.0661 
        D741  4 0.0439 0.0217 0.0346 0.0157 0.0089 0.0188 0.6260 0.0969 0.0266 0.0170 0.0631 0.0268 
        D742  4 0.1423 0.0397 0.0358 0.0260 0.0859 0.0635 0.2772 0.0249 0.0212 0.0582 0.1347 0.0906 
        D743  4 0.0353 0.0191 0.0137 0.0295 0.0179 0.3990 0.0241 0.0773 0.3001 0.0249 0.0282 0.0309 
        D744  4 0.0224 0.0137 0.0139 0.0154 0.0137 0.8244 0.0203 0.0164 0.0128 0.0133 0.0192 0.0144 
        D745  4 0.0104 0.0130 0.0139 0.0186 0.0115 0.0149 0.8329 0.0164 0.0136 0.0220 0.0183 0.0145 
        D814  4 0.1443 0.0519 0.0097 0.0202 0.0148 0.0579 0.3852 0.0330 0.0227 0.0467 0.1676 0.0459 
        D815  4 0.0283 0.1788 0.0472 0.0385 0.0264 0.3323 0.0177 0.1527 0.0649 0.0195 0.0526 0.0410 
        D828  4 0.0307 0.7070 0.0161 0.0275 0.0274 0.0498 0.0323 0.0246 0.0073 0.0154 0.0351 0.0267 
        D845  4 0.0228 0.0095 0.0094 0.0296 0.0306 0.0151 0.0219 0.0142 0.0130 0.0093 0.0135 0.8113 
        D846  4 0.1606 0.0500 0.0192 0.0373 0.0110 0.2220 0.0289 0.1538 0.0465 0.1321 0.0969 0.0416 
        D847  4 0.0462 0.0272 0.0367 0.0216 0.0983 0.0434 0.1461 0.0446 0.1161 0.2361 0.0747 0.1087 
        D848  4 0.0412 0.0231 0.0133 0.0136 0.0140 0.0271 0.0122 0.0174 0.0126 0.6321 0.0230 0.1703 
        D849  4 0.0256 0.0604 0.0357 0.0556 0.0156 0.0280 0.4386 0.1109 0.0161 0.1062 0.0851 0.0223 
        D850  4 0.0326 0.0128 0.0179 0.0344 0.0407 0.0192 0.0232 0.5152 0.0259 0.0826 0.0674 0.1281 
        D856  4 0.0215 0.0919 0.1524 0.0411 0.0327 0.0350 0.0871 0.1606 0.0466 0.0287 0.2771 0.0254 
        D857  4 0.0658 0.1856 0.5905 0.0102 0.0213 0.0160 0.0273 0.0122 0.0069 0.0218 0.0280 0.0143 
        D859  4 0.0329 0.0666 0.0239 0.0165 0.0274 0.4028 0.1581 0.0528 0.0453 0.0260 0.0627 0.0849 
        D860  4 0.0600 0.0243 0.0251 0.0206 0.4123 0.0648 0.0156 0.0794 0.0391 0.0231 0.0534 0.1825 
        D883  4 0.0169 0.0877 0.0935 0.0819 0.0460 0.0555 0.0841 0.0576 0.1889 0.1693 0.0763 0.0422 
        D884  4 0.0118 0.0383 0.0464 0.0385 0.0228 0.0262 0.6007 0.1454 0.0116 0.0133 0.0303 0.0146 
        D885  4 0.0316 0.0120 0.0192 0.0822 0.0189 0.0312 0.4650 0.1119 0.0486 0.0255 0.0761 0.0780 
        D886  4 0.0616 0.1196 0.1361 0.0195 0.0212 0.0537 0.0756 0.0706 0.1851 0.1367 0.0803 0.0399 
        D887  4 0.0820 0.0692 0.0431 0.0225 0.0422 0.0771 0.1335 0.0191 0.1722 0.0339 0.1339 0.1713 
        D889  4 0.0102 0.1041 0.0116 0.0196 0.0142 0.0320 0.0305 0.0317 0.0210 0.0183 0.0688 0.6380 
        D890  4 0.0452 0.0849 0.0655 0.5021 0.0439 0.0496 0.0203 0.0279 0.0300 0.0486 0.0634 0.0187 
        D891  4 0.0090 0.0066 0.0069 0.0179 0.0079 0.0079 0.0095 0.0092 0.0089 0.0067 0.0098 0.8998 
        D899  4 0.2925 0.0646 0.0257 0.0486 0.0653 0.1003 0.0357 0.0436 0.0189 0.0259 0.0838 0.1951 
        D900  4 0.0664 0.1415 0.0632 0.0308 0.0590 0.1100 0.0528 0.0430 0.1766 0.0821 0.1037 0.0710 
        D970  4 0.0460 0.0231 0.0404 0.0492 0.0475 0.3369 0.0521 0.0479 0.1168 0.0551 0.0854 0.0995 
        D971  4 0.3680 0.0403 0.0518 0.0266 0.0290 0.0780 0.0164 0.2563 0.0272 0.0179 0.0734 0.0152 
        D979  4 0.0154 0.0639 0.0112 0.0278 0.0124 0.0640 0.0139 0.7016 0.0273 0.0124 0.0300 0.0202 
        D093  5 0.0184 0.0336 0.0270 0.0198 0.7011 0.0167 0.0479 0.0177 0.0356 0.0172 0.0285 0.0365 
        D154  5 0.0444 0.0407 0.0151 0.3193 0.0273 0.0201 0.3094 0.0184 0.0245 0.0101 0.1183 0.0525 
        D168  5 0.1293 0.0458 0.0332 0.2679 0.0128 0.0226 0.1794 0.0254 0.0329 0.0720 0.1271 0.0516 
