        D174  1 0.0247 0.0142 0.0590 0.0705 0.0602 0.0848 0.0313 0.3537 0.0692 0.0520 0.0737 0.1068 
        D199  1 0.1223 0.0413 0.1471 0.0920 0.0373 0.1018 0.1281 0.0850 0.0254 0.1519 0.0306 0.0372 
        D203  1 0.0801 0.0402 0.0332 0.0429 0.1332 0.0715 0.1445 0.0463 0.0668 0.1991 0.0164 0.1258 
        D204  1 0.0163 0.0958 0.0212 0.0167 0.0232 0.0193 0.0294 0.0195 0.0241 0.6921 0.0229 0.0195 
     D237366  1 0.0344 0.0622 0.0509 0.4149 0.0939 0.0623 0.0405 0.0504 0.0167 0.0440 0.0181 0.1117 
     D237367  1 0.0165 0.0298 0.0353 0.1600 0.1847 0.1228 0.0639 0.0302 0.0371 0.1371 0.0990 0.0836 
     D237368  1 0.0278 0.0532 0.0262 0.3767 0.0632 0.0707 0.0558 0.1031 0.0401 0.1365 0.0225 0.0243 
     D244101  1 0.1219 0.4831 0.0326 0.0199 0.0287 0.0552 0.0373 0.0161 0.0324 0.1086 0.0236 0.0405 
     D244102  1 0.0477 0.0486 0.2451 0.0481 0.1371 0.0779 0.0395 0.0249 0.1589 0.0607 0.0640 0.0475 
     D244103  1 0.0273 0.0293 0.0722 0.1031 0.2367 0.1221 0.0297 0.0439 0.0301 0.1199 0.0761 0.1097 
     D244104  1 0.0356 0.0287 0.0152 0.0429 0.0316 0.0321 0.0339 0.0686 0.0223 0.5243 0.1300 0.0347 
     D244105  1 0.0197 0.0169 0.0241 0.0992 0.0706 0.1156 0.0162 0.0134 0.0584 0.0230 0.0370 0.5060 
     D244106  1 0.0292 0.0188 0.0440 0.0160 0.0501 0.0467 0.0544 0.5171 0.0229 0.0633 0.0171 0.1203 
     D244107  1 0.0252 0.0907 0.0208 0.3282 0.0451 0.1054 0.0945 0.0154 0.1595 0.0304 0.0412 0.0435 
     D244108  1 0.0323 0.0271 0.0551 0.0237 0.0372 0.0472 0.0243 0.2456 0.4081 0.0351 0.0254 0.0389 
     D244113  1 0.0153 0.0555 0.3876 0.0308 0.0463 0.0537 0.0368 0.2336 0.0302 0.0140 0.0776 0.0186 
     D244114  1 0.0760 0.0392 0.0624 0.0370 0.0781 0.1444 0.0262 0.0538 0.0348 0.0388 0.0285 0.3809 
     D244115  1 0.0331 0.0194 0.0401 0.0467 0.0556 0.1693 0.0222 0.2148 0.1975 0.1101 0.0445 0.0467 
     D267365  1 0.1791 0.0351 0.0545 0.0628 0.0547 0.0718 0.0214 0.1114 0.0306 0.2994 0.0344 0.0447 
        D404  1 0.0203 0.0729 0.3999 0.0175 0.0681 0.0482 0.0340 0.1957 0.0605 0.0221 0.0325 0.0281 
        D405  1 0.0260 0.0279 0.6201 0.0193 0.0352 0.0517 0.0342 0.0222 0.0333 0.0694 0.0305 0.0305 
        D406  1 0.0159 0.0400 0.0178 0.5518 0.0362 0.0328 0.0162 0.0454 0.1298 0.0741 0.0116 0.0283 
        D407  1 0.0181 0.0168 0.0268 0.2107 0.0239 0.0785 0.0710 0.0248 0.0178 0.3548 0.0615 0.0951 
        D408  1 0.1189 0.0260 0.0543 0.0198 0.0703 0.0589 0.0166 0.3207 0.0472 0.0443 0.2067 0.0164 
        D409  1 0.0347 0.0241 0.0372 0.0350 0.4470 0.1516 0.0335 0.0372 0.0489 0.0828 0.0354 0.0326 
        D410  1 0.0123 0.0270 0.0214 0.0127 0.0186 0.0233 0.0106 0.0187 0.7754 0.0447 0.0194 0.0159 
        D421  1 0.0113 0.0084 0.0074 0.0154 0.0116 0.0155 0.0324 0.0162 0.0104 0.8346 0.0163 0.0206 
        D422  1 0.0222 0.0129 0.0157 0.6796 0.0315 0.0478 0.0185 0.0120 0.0259 0.0544 0.0202 0.0592 
        D423  1 0.0135 0.0141 0.0301 0.0710 0.0204 0.0457 0.0440 0.0177 0.6148 0.0528 0.0136 0.0623 
        D424  1 0.0125 0.0191 0.0266 0.0680 0.0407 0.0941 0.0168 0.0344 0.0195 0.5613 0.0303 0.0767 
        D425  1 0.0488 0.0250 0.1489 0.0269 0.0408 0.1213 0.0209 0.0679 0.0708 0.2870 0.0423 0.0994 
        D426  1 0.1312 0.0208 0.0206 0.0738 0.2428 0.2615 0.0367 0.0245 0.0128 0.0442 0.0821 0.0489 
        D427  1 0.0181 0.0124 0.0101 0.0266 0.0202 0.0213 0.3462 0.1315 0.0131 0.3604 0.0252 0.0148 
        D428  1 0.0249 0.0675 0.1520 0.0897 0.0467 0.1098 0.0365 0.1361 0.0905 0.1518 0.0637 0.0308 
        D429  1 0.0488 0.0301 0.0844 0.0336 0.0625 0.0606 0.0215 0.0947 0.0201 0.3718 0.0178 0.1542 
        D430  1 0.0700 0.0241 0.0663 0.0323 0.1629 0.2090 0.0485 0.1142 0.0262 0.0548 0.0353 0.1564 
        D491  1 0.0346 0.0331 0.0273 0.0202 0.0395 0.0541 0.0084 0.5872 0.0431 0.0633 0.0713 0.0179 
        D492  1 0.0215 0.0462 0.1211 0.1378 0.0660 0.1386 0.0334 0.0897 0.0461 0.2244 0.0238 0.0514 
        D537  1 0.0124 0.0604 0.0842 0.0848 0.0270 0.0747 0.0292 0.0207 0.0701 0.3372 0.0650 0.1344 
        D538  1 0.0229 0.0486 0.0825 0.0855 0.3156 0.1085 0.0725 0.0714 0.1071 0.0409 0.0213 0.0230 
        D539  1 0.2251 0.0309 0.0721 0.0394 0.0597 0.1011 0.0339 0.0873 0.0398 0.0296 0.0660 0.2152 
        D540  1 0.0482 0.0254 0.0423 0.0698 0.0518 0.1642 0.0196 0.0229 0.0483 0.1711 0.2964 0.0401 
        D541  1 0.0147 0.0168 0.0092 0.0139 0.0165 0.0131 0.0135 0.0110 0.0145 0.8465 0.0153 0.0151 
        D551  1 0.1129 0.0176 0.0288 0.0447 0.0581 0.1927 0.0818 0.0271 0.0167 0.0291 0.0418 0.3487 
        D552  1 0.0455 0.0821 0.0161 0.0913 0.0530 0.0884 0.0307 0.1762 0.1895 0.0979 0.0804 0.0487 
        D553  1 0.0121 0.0111 0.0074 0.0170 0.0116 0.0132 0.0104 0.0118 0.0109 0.8657 0.0175 0.0113 
        D615  1 0.0516 0.0205 0.0526 0.0308 0.0682 0.0755 0.0600 0.0503 0.1082 0.3960 0.0308 0.0554 
        D616  1 0.0718 0.0208 0.0228 0.0953 0.0542 0.1350 0.0899 0.0447 0.0897 0.2647 0.0443 0.0669 
        D621  1 0.0193 0.2021 0.0692 0.2375 0.0210 0.0402 0.0151 0.0717 0.2280 0.0125 0.0415 0.0420 
        D622  1 0.0314 0.0405 0.0209 0.3778 0.0550 0.0538 0.0179 0.0319 0.1682 0.0304 0.0568 0.1153 
        D623  1 0.0418 0.1865 0.1745 0.0245 0.0375 0.0637 0.1071 0.2287 0.0747 0.0235 0.0237 0.0137 
        D624  1 0.0230 0.0102 0.0169 0.0268 0.0179 0.0762 0.0125 0.7174 0.0146 0.0334 0.0177 0.0334 
        D625  1 0.0187 0.0752 0.0170 0.0452 0.0748 0.0438 0.0142 0.0641 0.0634 0.5070 0.0409 0.0356 
        D626  1 0.0361 0.0183 0.0314 0.0933 0.0950 0.0673 0.0259 0.2349 0.0747 0.0434 0.1937 0.0860 
        D627  1 0.1407 0.0192 0.0142 0.0516 0.4094 0.1484 0.0149 0.0284 0.0136 0.0844 0.0257 0.0494 
        D690  1 0.0112 0.0248 0.0117 0.0388 0.0287 0.0194 0.0082 0.0351 0.0561 0.7310 0.0211 0.0140 
        D691  1 0.0274 0.0214 0.0097 0.4901 0.0459 0.0255 0.0190 0.0318 0.0623 0.0637 0.0226 0.1805 
        D710  1 0.0246 0.1497 0.0269 0.1508 0.0781 0.0936 0.0349 0.1319 0.0541 0.1766 0.0580 0.0209 
        D711  1 0.0143 0.0378 0.0256 0.0318 0.0515 0.0290 0.0197 0.0306 0.0315 0.6966 0.0105 0.0213 
        D712  1 0.0653 0.0401 0.0744 0.0695 0.0679 0.0596 0.0362 0.4526 0.0301 0.0253 0.0573 0.0216 
        D713  1 0.0237 0.0719 0.3113 0.0846 0.0303 0.0636 0.0142 0.0847 0.0639 0.1057 0.0514 0.0946 
        D746  1 0.0141 0.0251 0.0088 0.6382 0.0300 0.0275 0.0272 0.0237 0.0577 0.0640 0.0405 0.0433 
        D747  1 0.0195 0.0322 0.0107 0.0167 0.0157 0.0143 0.0225 0.0134 0.0149 0.8142 0.0116 0.0143 
        D748  1 0.0177 0.0659 0.0164 0.1404 0.0998 0.0507 0.0157 0.0269 0.0908 0.1286 0.0393 0.3079 
        D749  1 0.0375 0.0502 0.1076 0.2783 0.0325 0.1672 0.0308 0.0755 0.0701 0.0251 0.0219 0.1031 
        D750  1 0.0187 0.0481 0.0236 0.0353 0.0249 0.0331 0.0195 0.5182 0.0754 0.1408 0.0221 0.0404 
        D763  1 0.1416 0.1412 0.0351 0.0817 0.0593 0.1117 0.0904 0.0191 0.0272 0.0466 0.1528 0.0933 
        D764  1 0.0187 0.0182 0.0147 0.0641 0.0279 0.0383 0.0130 0.1996 0.1200 0.4277 0.0349 0.0229 
        D765  1 0.0232 0.0134 0.0354 0.0497 0.0263 0.0558 0.0133 0.0710 0.6100 0.0249 0.0233 0.0537 
        D766  1 0.0162 0.0779 0.0367 0.0872 0.0246 0.0549 0.0177 0.0259 0.4618 0.0290 0.0849 0.0831 
        D767  1 0.0239 0.1624 0.0961 0.0626 0.2683 0.0823 0.0547 0.0268 0.0546 0.0602 0.0264 0.0817 
        D768  1 0.0134 0.0108 0.0100 0.0315 0.0186 0.0262 0.0186 0.0110 0.0201 0.7872 0.0207 0.0317 
        D811  1 0.0243 0.0142 0.2558 0.0156 0.0563 0.0491 0.0161 0.0731 0.1464 0.0180 0.3049 0.0262 
        D816  1 0.0135 0.0183 0.0236 0.0161 0.0159 0.0242 0.0122 0.0215 0.0190 0.8059 0.0120 0.0178 
        D825  1 0.0267 0.0183 0.1010 0.0271 0.0606 0.0626 0.0144 0.1244 0.4059 0.0774 0.0468 0.0350 
        D866  1 0.3183 0.0156 0.0386 0.0232 0.0663 0.0831 0.0849 0.1400 0.0642 0.0740 0.0578 0.0342 
        D867  1 0.0169 0.0714 0.0603 0.6164 0.0197 0.0514 0.0448 0.0180 0.0231 0.0157 0.0297 0.0326 
        D871  1 0.0314 0.0269 0.0205 0.0229 0.6119 0.0834 0.0166 0.0417 0.0158 0.0475 0.0400 0.0414 
        D872  1 0.0204 0.0537 0.0516 0.0636 0.2727 0.0843 0.0387 0.0305 0.2154 0.1151 0.0274 0.0268 
        D873  1 0.0079 0.0397 0.1049 0.0304 0.0223 0.0245 0.0203 0.0109 0.7010 0.0080 0.0156 0.0144 
        D874  1 0.0235 0.6031 0.0523 0.0141 0.0246 0.0392 0.0165 0.0762 0.0168 0.0680 0.0296 0.0361 
        D875  1 0.0230 0.0203 0.0217 0.0732 0.4903 0.0746 0.0122 0.0186 0.1279 0.0380 0.0300 0.0703 
        D876  1 0.0427 0.1096 0.0338 0.0509 0.1056 0.0840 0.0213 0.0999 0.0564 0.3096 0.0473 0.0389 
        D877  1 0.0169 0.0462 0.5669 0.0147 0.0747 0.0445 0.0167 0.1066 0.0299 0.0240 0.0347 0.0243 
        D892  1 0.0192 0.0265 0.0287 0.1324 0.1153 0.0488 0.0166 0.1395 0.0321 0.2188 0.0155 0.2066 
        D893  1 0.0443 0.0308 0.0206 0.0423 0.0449 0.0681 0.0231 0.0146 0.0464 0.5733 0.0442 0.0476 
        D894  1 0.0222 0.0238 0.0154 0.0314 0.0883 0.0584 0.0181 0.0410 0.0188 0.6137 0.0166 0.0523 
        D915  1 0.0288 0.0193 0.0219 0.0375 0.0380 0.0462 0.0231 0.0322 0.1388 0.3922 0.0327 0.1894 
        D916  1 0.0115 0.0135 0.0063 0.0158 0.0121 0.0130 0.0096 0.0126 0.0130 0.8697 0.0086 0.0142 
        D917  1 0.1737 0.1591 0.1079 0.0461 0.0506 0.0864 0.0396 0.1503 0.0192 0.0965 0.0472 0.0233 
        D925  1 0.0293 0.0160 0.0409 0.0500 0.0283 0.0321 0.0146 0.0544 0.4173 0.2545 0.0490 0.0135 
        D926  1 0.0510 0.0617 0.0352 0.0509 0.0642 0.1794 0.0177 0.0409 0.0434 0.2908 0.0276 0.1372 
        D927  1 0.1170 0.0441 0.0365 0.0590 0.0525 0.0842 0.2327 0.0473 0.0194 0.2413 0.0301 0.0359 
        D928  1 0.0139 0.0226 0.0371 0.0111 0.0184 0.0198 0.0138 0.7063 0.0548 0.0746 0.0167 0.0108 
        D929  1 0.0185 0.2733 0.1149 0.0523 0.2919 0.0461 0.0183 0.0468 0.0221 0.0301 0.0294 0.0562 
        D936  1 0.1155 0.1416 0.0306 0.0240 0.0259 0.0448 0.0383 0.0162 0.0310 0.4503 0.0277 0.0540 
        D938  1 0.0155 0.0612 0.0163 0.5517 0.0236 0.0257 0.0141 0.0225 0.1556 0.0192 0.0561 0.0385 
        D956  1 0.0209 0.0260 0.0736 0.0187 0.0670 0.0513 0.0233 0.5516 0.0529 0.0373 0.0307 0.0466 
        D957  1 0.0187 0.0457 0.0432 0.0327 0.1025 0.0521 0.0260 0.0242 0.5447 0.0559 0.0154 0.0388 
        D958  1 0.0146 0.0841 0.0274 0.0613 0.0820 0.0447 0.0189 0.1121 0.3993 0.0810 0.0322 0.0424 
        D959  1 0.0137 0.0120 0.0360 0.2503 0.0170 0.0763 0.0637 0.0236 0.0166 0.3178 0.0429 0.1301 
        D960  1 0.0181 0.0294 0.1060 0.5016 0.0238 0.0543 0.0151 0.0316 0.1351 0.0261 0.0096 0.0493 
        D989  1 0.0965 0.0231 0.0357 0.0373 0.0465 0.0501 0.0580 0.5164 0.0180 0.0409 0.0379 0.0394 
        D990  1 0.1266 0.0229 0.0105 0.0258 0.1003 0.0852 0.0212 0.0598 0.4903 0.0164 0.0245 0.0166 
        D023  2 0.0105 0.0162 0.0096 0.8497 0.0093 0.0170 0.0123 0.0112 0.0127 0.0268 0.0126 0.0122 
        D130  2 0.0149 0.0178 0.0534 0.5504 0.0893 0.0388 0.0460 0.0163 0.0307 0.0802 0.0194 0.0428 
        D131  2 0.0918 0.0492 0.0187 0.0263 0.1300 0.1890 0.0265 0.0393 0.0605 0.1655 0.1622 0.0412 
        D163  2 0.0327 0.0342 0.0145 0.5920 0.0229 0.0581 0.0119 0.0369 0.0310 0.0706 0.0199 0.0753 
        D164  2 0.0105 0.0107 0.0167 0.0245 0.0108 0.0185 0.5193 0.0094 0.3356 0.0085 0.0201 0.0154 
        D165  2 0.0209 0.0260 0.0087 0.7992 0.0146 0.0238 0.0196 0.0147 0.0149 0.0213 0.0196 0.0166 
        D166  2 0.0261 0.0657 0.1380 0.0382 0.3086 0.1224 0.0308 0.0147 0.0372 0.0269 0.0543 0.1370 
        D167  2 0.0149 0.0110 0.1062 0.0114 0.0179 0.0213 0.7390 0.0311 0.0114 0.0101 0.0120 0.0137 
        D192  2 0.0177 0.0172 0.0267 0.0124 0.0113 0.0179 0.8319 0.0156 0.0116 0.0075 0.0147 0.0155 
        D193  2 0.0337 0.0226 0.7128 0.0175 0.0300 0.0351 0.0140 0.0296 0.0174 0.0152 0.0148 0.0571 
        D206  2 0.0290 0.0197 0.0503 0.0494 0.0305 0.0696 0.2330 0.0165 0.0253 0.0439 0.2954 0.1373 
        D207  2 0.0474 0.0191 0.1463 0.0249 0.0473 0.0857 0.4891 0.0186 0.0174 0.0277 0.0176 0.0591 
        D208  2 0.1959 0.0435 0.0475 0.0319 0.0559 0.0835 0.0606 0.1055 0.0285 0.0542 0.2445 0.0485 
        D209  2 0.0253 0.1464 0.0338 0.0521 0.0479 0.1834 0.3185 0.0222 0.0464 0.0296 0.0566 0.0377 
        D210  2 0.1282 0.0354 0.0228 0.0292 0.0338 0.0477 0.0686 0.4328 0.0292 0.0650 0.0277 0.0798 
     D229599  2 0.1445 0.1208 0.0493 0.0985 0.1109 0.1247 0.0426 0.0525 0.0402 0.1206 0.0351 0.0604 
     D229600  2 0.0204 0.0242 0.0398 0.3622 0.0394 0.0573 0.3003 0.0188 0.0422 0.0245 0.0189 0.0519 
     D237227  2 0.0884 0.0218 0.0173 0.0662 0.0455 0.0608 0.0450 0.3578 0.1873 0.0590 0.0316 0.0192 
     D237228  2 0.0740 0.0132 0.0457 0.0151 0.0230 0.0777 0.0346 0.1078 0.5463 0.0093 0.0181 0.0353 
     D237258  2 0.0977 0.0454 0.0735 0.1681 0.0500 0.1246 0.1350 0.0639 0.0487 0.0538 0.0939 0.0454 
     D237310  2 0.0207 0.0247 0.0395 0.0205 0.1266 0.0308 0.0325 0.0258 0.6290 0.0095 0.0161 0.0244 
     D237311  2 0.0185 0.0132 0.0336 0.0259 0.0369 0.0311 0.1337 0.0215 0.6103 0.0100 0.0189 0.0464 
     D237312  2 0.0220 0.0453 0.1408 0.0517 0.1303 0.0615 0.0225 0.0291 0.2453 0.0178 0.0326 0.2010 
     D237313  2 0.0876 0.0461 0.0331 0.0377 0.0461 0.0992 0.0215 0.0601 0.1401 0.0898 0.2452 0.0935 
     D237322  2 0.1938 0.0467 0.0363 0.0287 0.1803 0.2085 0.0275 0.0588 0.0904 0.0190 0.0407 0.0692 
     D237323  2 0.0393 0.0220 0.0237 0.0436 0.1202 0.0384 0.0254 0.1106 0.5290 0.0126 0.0139 0.0212 
     D237324  2 0.0876 0.0393 0.0178 0.1893 0.0464 0.2923 0.1740 0.0128 0.0390 0.0506 0.0242 0.0267 
     D237325  2 0.0302 0.0538 0.0389 0.0721 0.0616 0.0501 0.0568 0.0510 0.3493 0.0161 0.0247 0.1955 
     D237326  2 0.0202 0.0384 0.0253 0.0386 0.0233 0.0256 0.0262 0.0393 0.6854 0.0375 0.0131 0.0270 
     D237327  2 0.1859 0.0918 0.0204 0.1095 0.1446 0.1788 0.0919 0.0349 0.0226 0.0448 0.0231 0.0516 
     D237337  2 0.0158 0.0107 0.0131 0.0154 0.0355 0.0210 0.0124 0.0237 0.7868 0.0170 0.0179 0.0305 
     D237338  2 0.0771 0.0826 0.0277 0.0874 0.0888 0.1182 0.0748 0.0983 0.1144 0.0328 0.0394 0.1586 
     D237339  2 0.0422 0.5636 0.0557 0.0178 0.0260 0.0682 0.1169 0.0144 0.0193 0.0205 0.0259 0.0295 
     D237340  2 0.0316 0.0241 0.0836 0.0480 0.0619 0.0519 0.1440 0.0924 0.3546 0.0148 0.0200 0.0731 
     D237389  2 0.0151 0.0215 0.1276 0.0209 0.0443 0.0423 0.0700 0.0178 0.5436 0.0126 0.0178 0.0664 
     D237390  2 0.0388 0.0267 0.0786 0.0382 0.0890 0.0429 0.0181 0.0380 0.3320 0.0185 0.0260 0.2532 
     D244017  2 0.0339 0.0187 0.2189 0.0408 0.0751 0.0570 0.3278 0.1540 0.0254 0.0200 0.0145 0.0139 
     D244112  2 0.0145 0.0140 0.0385 0.0203 0.0419 0.0199 0.7656 0.0172 0.0128 0.0179 0.0118 0.0256 
     D244118  2 0.0194 0.0221 0.0301 0.1989 0.0197 0.0268 0.5942 0.0214 0.0341 0.0101 0.0089 0.0144 
     D244119  2 0.0184 0.0101 0.0190 0.0124 0.0234 0.0245 0.2543 0.5660 0.0238 0.0171 0.0189 0.0120 
     D244120  2 0.0684 0.0447 0.3352 0.0170 0.0649 0.0373 0.2762 0.0331 0.0281 0.0115 0.0166 0.0669 
     D244122  2 0.0244 0.0281 0.1240 0.0352 0.0538 0.0372 0.5329 0.0218 0.0176 0.0263 0.0506 0.0481 
        D291  2 0.3854 0.0188 0.0318 0.0636 0.1398 0.1082 0.0312 0.0184 0.0245 0.0599 0.0937 0.0245 
        D292  2 0.2237 0.0430 0.0528 0.0231 0.0387 0.0602 0.1438 0.0582 0.0625 0.2362 0.0256 0.0322 
        D293  2 0.0673 0.1910 0.0112 0.0103 0.0173 0.0479 0.4652 0.0165 0.0113 0.1142 0.0178 0.0299 
        D322  2 0.0222 0.2900 0.0139 0.0261 0.0437 0.0556 0.3616 0.0197 0.0377 0.0909 0.0170 0.0216 
        D323  2 0.0301 0.0484 0.0894 0.0232 0.0433 0.0618 0.0703 0.0201 0.0268 0.0187 0.5244 0.0437 
        D324  2 0.2461 0.0278 0.0219 0.0602 0.0585 0.1203 0.0309 0.0463 0.1254 0.0958 0.0906 0.0761 
        D325  2 0.0519 0.0327 0.0104 0.0179 0.0195 0.0338 0.6900 0.0106 0.0143 0.0302 0.0178 0.0708 
        D326  2 0.0231 0.0131 0.0146 0.0138 0.0191 0.0196 0.0116 0.0291 0.0096 0.8109 0.0192 0.0163 
        D340  2 0.0258 0.0272 0.0122 0.0161 0.0137 0.0174 0.7863 0.0155 0.0192 0.0201 0.0199 0.0264 
        D341  2 0.0322 0.0293 0.0156 0.0184 0.0523 0.0523 0.4162 0.0267 0.0426 0.0244 0.0491 0.2409 
        D342  2 0.0189 0.0224 0.0422 0.0633 0.1054 0.1007 0.4267 0.0144 0.0459 0.0198 0.0459 0.0944 
        D343  2 0.0127 0.0159 0.0074 0.0104 0.0112 0.0156 0.8574 0.0092 0.0096 0.0180 0.0101 0.0227 
        D344  2 0.0206 0.3084 0.2903 0.0122 0.0535 0.0938 0.0308 0.0134 0.0373 0.0533 0.0241 0.0622 
        D345  2 0.0391 0.2406 0.0365 0.0662 0.0391 0.1437 0.0369 0.0310 0.2016 0.0624 0.0823 0.0204 
        D346  2 0.0374 0.0291 0.0299 0.0225 0.0323 0.0406 0.0412 0.3104 0.0269 0.0351 0.3610 0.0335 
        D351  2 0.1111 0.1009 0.0297 0.0432 0.1992 0.1404 0.0306 0.0216 0.0534 0.1366 0.0587 0.0747 
        D352  2 0.0323 0.5877 0.0544 0.0227 0.0521 0.0633 0.0422 0.0467 0.0421 0.0113 0.0229 0.0223 
        D353  2 0.0220 0.0734 0.0317 0.0191 0.0347 0.6102 0.0187 0.0136 0.0128 0.1029 0.0292 0.0317 
        D354  2 0.0173 0.5662 0.1325 0.0173 0.0203 0.0493 0.0144 0.0341 0.0439 0.0463 0.0350 0.0236 
        D362  2 0.0203 0.0211 0.0411 0.0644 0.0198 0.0362 0.0171 0.0175 0.0332 0.6835 0.0270 0.0188 
        D363  2 0.0254 0.0276 0.0322 0.0489 0.0213 0.0321 0.0201 0.0267 0.0207 0.6914 0.0396 0.0140 
        D364  2 0.0188 0.3290 0.0992 0.0210 0.0291 0.0857 0.0188 0.0312 0.0605 0.2399 0.0329 0.0340 
        D365  2 0.0141 0.0267 0.0108 0.0101 0.0123 0.0217 0.8105 0.0232 0.0149 0.0225 0.0157 0.0175 
        D369  2 0.1065 0.0240 0.0198 0.0437 0.0552 0.0731 0.0950 0.1227 0.1018 0.1764 0.1487 0.0329 
        D374  2 0.0131 0.0115 0.8324 0.0092 0.0104 0.0188 0.0098 0.0411 0.0129 0.0123 0.0174 0.0112 
        D375  2 0.0115 0.6220 0.1435 0.0175 0.0297 0.0638 0.0126 0.0135 0.0191 0.0172 0.0277 0.0218 
        D376  2 0.0262 0.0562 0.5464 0.0153 0.0185 0.0466 0.0241 0.1650 0.0240 0.0180 0.0187 0.0410 
        D377  2 0.0372 0.0340 0.0548 0.0286 0.0569 0.0586 0.0401 0.0386 0.1442 0.0165 0.4283 0.0622 
        D378  2 0.0330 0.3099 0.0121 0.0922 0.0572 0.1066 0.1691 0.0209 0.0239 0.0733 0.0647 0.0370 
        D379  2 0.0236 0.0434 0.0339 0.0229 0.0508 0.1156 0.0250 0.0258 0.0233 0.4217 0.1135 0.1006 
        D384  2 0.0162 0.0131 0.0163 0.0113 0.0166 0.0329 0.0138 0.0339 0.0201 0.7715 0.0300 0.0243 
        D385  2 0.0144 0.1162 0.0324 0.0139 0.0194 0.0285 0.6583 0.0332 0.0153 0.0177 0.0318 0.0189 
        D386  2 0.0194 0.4345 0.0343 0.0596 0.0645 0.1156 0.0769 0.0170 0.0252 0.0593 0.0508 0.0430 
        D391  2 0.0220 0.1266 0.0145 0.0133 0.0242 0.0265 0.6518 0.0146 0.0235 0.0168 0.0386 0.0276 
        D392  2 0.0272 0.0225 0.0235 0.0384 0.0454 0.0344 0.4863 0.0471 0.1634 0.0576 0.0356 0.0185 
        D393  2 0.1007 0.3123 0.0116 0.0318 0.0601 0.0398 0.0459 0.0164 0.0362 0.1342 0.1679 0.0432 
        D394  2 0.0459 0.1557 0.0617 0.1343 0.0993 0.1080 0.0603 0.0334 0.1559 0.0651 0.0192 0.0610 
        D395  2 0.0257 0.3697 0.0474 0.0248 0.0309 0.0521 0.3523 0.0202 0.0163 0.0132 0.0234 0.0240 
        D401  2 0.0173 0.0087 0.0233 0.0114 0.0142 0.0250 0.0224 0.0217 0.7826 0.0139 0.0430 0.0165 
        D402  2 0.0456 0.0917 0.0180 0.0131 0.0238 0.0218 0.6529 0.0170 0.0285 0.0137 0.0547 0.0192 
        D403  2 0.0234 0.0865 0.0436 0.0532 0.1059 0.3327 0.0271 0.0177 0.0226 0.1319 0.0321 0.1231 
        D415  2 0.0174 0.0398 0.0195 0.0479 0.0545 0.1409 0.0205 0.0118 0.1543 0.4178 0.0248 0.0510 
        D435  2 0.0621 0.0606 0.0140 0.0245 0.0287 0.0511 0.1885 0.0137 0.0292 0.4401 0.0259 0.0615 
        D436  2 0.0245 0.2516 0.1328 0.0220 0.0528 0.0655 0.0280 0.0408 0.0242 0.0829 0.0195 0.2554 
        D438  2 0.0163 0.0131 0.0151 0.0160 0.0114 0.0153 0.8299 0.0178 0.0108 0.0098 0.0264 0.0183 
        D439  2 0.0320 0.5795 0.0285 0.0394 0.0334 0.0769 0.0571 0.0113 0.0257 0.0321 0.0620 0.0220 
        D449  2 0.0214 0.0309 0.0314 0.0275 0.0379 0.1513 0.3861 0.0241 0.0195 0.0472 0.0292 0.1934 
        D450  2 0.0709 0.1386 0.0562 0.0451 0.1222 0.1387 0.0192 0.1143 0.0395 0.1027 0.0658 0.0867 
        D456  2 0.0168 0.0220 0.0130 0.0138 0.0250 0.0256 0.0111 0.0203 0.0119 0.7946 0.0255 0.0202 
        D462  2 0.0205 0.1314 0.0159 0.0177 0.0198 0.0293 0.6689 0.0113 0.0137 0.0390 0.0160 0.0166 
        D463  2 0.0129 0.0293 0.0253 0.0119 0.0301 0.0408 0.0110 0.0307 0.0183 0.7458 0.0226 0.0213 
        D464  2 0.0176 0.2552 0.1129 0.0134 0.0655 0.3024 0.0684 0.0263 0.0234 0.0529 0.0348 0.0272 
        D465  2 0.0229 0.0206 0.0254 0.0251 0.0377 0.0658 0.4622 0.0176 0.1057 0.1120 0.0608 0.0440 
        D473  2 0.0318 0.0684 0.0225 0.0567 0.0869 0.0506 0.0420 0.4127 0.1308 0.0182 0.0439 0.0355 
        D474  2 0.1261 0.0420 0.0142 0.0494 0.0244 0.0394 0.0391 0.0362 0.0278 0.5393 0.0337 0.0284 
        D476  2 0.0316 0.4814 0.0167 0.3030 0.0187 0.0221 0.0570 0.0109 0.0137 0.0144 0.0110 0.0194 
        D477  2 0.0631 0.3115 0.0210 0.0183 0.0450 0.0591 0.0156 0.0337 0.1464 0.1438 0.1178 0.0246 
        D478  2 0.0370 0.0587 0.1154 0.2718 0.1354 0.1511 0.0437 0.0676 0.0234 0.0290 0.0384 0.0287 
        D480  2 0.0504 0.3100 0.0195 0.0189 0.0680 0.0860 0.0568 0.0842 0.0209 0.1018 0.0867 0.0968 
        D481  2 0.0435 0.2121 0.0323 0.0925 0.0582 0.0972 0.0587 0.0729 0.0843 0.1949 0.0350 0.0183 
        D482  2 0.1757 0.2215 0.0501 0.0504 0.0745 0.1232 0.0272 0.0665 0.0461 0.0162 0.0767 0.0719 
        D483  2 0.0185 0.0142 0.0209 0.0202 0.0146 0.0227 0.7725 0.0593 0.0205 0.0128 0.0119 0.0119 
        D484  2 0.0230 0.6827 0.1159 0.0136 0.0255 0.0215 0.0288 0.0245 0.0169 0.0101 0.0186 0.0189 
        D510  2 0.1545 0.0231 0.4088 0.0182 0.0214 0.0395 0.0193 0.1985 0.0244 0.0185 0.0259 0.0481 
        D511  2 0.0266 0.6760 0.0143 0.0298 0.0259 0.0351 0.0439 0.0175 0.0193 0.0410 0.0472 0.0235 
        D512  2 0.0307 0.0221 0.0422 0.0365 0.0629 0.0482 0.1183 0.0114 0.5529 0.0155 0.0309 0.0284 
        D513  2 0.0683 0.0223 0.0315 0.0272 0.0312 0.0721 0.4326 0.0516 0.0551 0.0455 0.0925 0.0699 
        D635  2 0.0184 0.0237 0.0147 0.5871 0.0189 0.0527 0.0282 0.0178 0.0233 0.1646 0.0333 0.0173 
        D636  2 0.0085 0.0164 0.0105 0.7654 0.0221 0.0294 0.0163 0.0156 0.0302 0.0229 0.0514 0.0112 
        D637  2 0.0404 0.1974 0.0607 0.0163 0.0483 0.1138 0.1008 0.0499 0.0357 0.0177 0.1017 0.2174 
        D658  2 0.0266 0.1150 0.0404 0.0228 0.0418 0.0647 0.4648 0.0823 0.0515 0.0198 0.0182 0.0521 
        D659  2 0.0579 0.0634 0.0343 0.0956 0.0270 0.0626 0.0215 0.0340 0.0137 0.4678 0.0239 0.0984 
        D677  2 0.0483 0.0223 0.0493 0.0589 0.0509 0.0518 0.0417 0.0159 0.0502 0.0973 0.1186 0.3947 
        D678  2 0.0248 0.0266 0.1309 0.0310 0.0535 0.0911 0.5106 0.0124 0.0300 0.0186 0.0340 0.0365 
        D679  2 0.0751 0.0505 0.0176 0.0313 0.0430 0.0854 0.0370 0.0357 0.0251 0.1587 0.3671 0.0734 
        D719  2 0.0775 0.0543 0.0311 0.0164 0.0188 0.0505 0.1110 0.3462 0.0762 0.1457 0.0450 0.0275 
        D720  2 0.0207 0.0166 0.0239 0.0202 0.0231 0.0319 0.0248 0.0583 0.0421 0.6517 0.0575 0.0293 
        D721  2 0.0212 0.0232 0.0104 0.7497 0.0163 0.0224 0.0344 0.0251 0.0141 0.0274 0.0287 0.0271 
        D722  2 0.0269 0.0161 0.7652 0.0127 0.0138 0.0208 0.0242 0.0388 0.0257 0.0127 0.0279 0.0154 
        D734  2 0.0341 0.6344 0.0226 0.0139 0.0252 0.0314 0.0355 0.1204 0.0135 0.0145 0.0274 0.0271 
        D735  2 0.0300 0.0975 0.0208 0.0369 0.0984 0.1005 0.0424 0.0745 0.0795 0.1308 0.2657 0.0232 
        D736  2 0.2697 0.0466 0.0396 0.0476 0.0259 0.0786 0.0458 0.2099 0.0709 0.0365 0.0317 0.0972 
        D737  2 0.0573 0.0996 0.0326 0.0481 0.0506 0.0713 0.5118 0.0362 0.0311 0.0134 0.0153 0.0327 
        D807  2 0.1546 0.1016 0.0444 0.0302 0.0688 0.0578 0.0315 0.1219 0.0746 0.1469 0.0817 0.0859 
        D808  2 0.0736 0.0656 0.0212 0.0422 0.2263 0.1260 0.0865 0.0261 0.2008 0.0483 0.0252 0.0581 
        D817  2 0.0291 0.0369 0.0408 0.0251 0.0318 0.0370 0.0174 0.0184 0.0393 0.0681 0.6253 0.0307 
        D818  2 0.0864 0.0357 0.0165 0.0710 0.1500 0.2073 0.1495 0.0208 0.0136 0.0499 0.0292 0.1701 
        D819  2 0.0227 0.0263 0.0256 0.0374 0.0731 0.0526 0.0222 0.0245 0.1561 0.0817 0.4524 0.0255 
        D820  2 0.0499 0.1462 0.0166 0.0176 0.0264 0.0341 0.0260 0.0176 0.0171 0.5500 0.0156 0.0831 
        D895  2 0.0311 0.0531 0.0501 0.1743 0.0400 0.1427 0.0382 0.0358 0.0583 0.1497 0.1525 0.0740 
        D896  2 0.0125 0.0108 0.0164 0.0114 0.0164 0.0108 0.0094 0.0165 0.8563 0.0114 0.0123 0.0159 
        D897  2 0.0488 0.0409 0.0258 0.0225 0.0919 0.1166 0.3569 0.0208 0.0421 0.0223 0.0623 0.1490 
        D898  2 0.1090 0.0439 0.0801 0.0222 0.1782 0.1501 0.0205 0.0304 0.1910 0.0335 0.0996 0.0416 
        D918  2 0.0424 0.0772 0.0305 0.0796 0.0588 0.1486 0.0470 0.0522 0.1401 0.0246 0.0672 0.2319 
        D919  2 0.0881 0.4095 0.0759 0.0302 0.0662 0.1038 0.0589 0.0195 0.0178 0.0816 0.0205 0.0280 
        D920  2 0.0224 0.0323 0.0512 0.4968 0.0700 0.0558 0.0283 0.0775 0.0376 0.0323 0.0215 0.0744 
        D923  2 0.0216 0.1246 0.0568 0.0293 0.0414 0.0735 0.0339 0.0212 0.0266 0.5020 0.0345 0.0348 
        D930  2 0.0546 0.1465 0.0520 0.0199 0.0934 0.1322 0.0420 0.0850 0.0597 0.1287 0.1242 0.0619 
        D931  2 0.0424 0.3094 0.0412 0.0394 0.0408 0.0688 0.1134 0.0314 0.0346 0.1961 0.0405 0.0420 
        D968  2 0.0797 0.0307 0.0242 0.0119 0.0199 0.0233 0.7211 0.0114 0.0149 0.0211 0.0201 0.0217 
        D969  2 0.1486 0.0491 0.0397 0.0273 0.0530 0.1300 0.1465 0.0407 0.0392 0.2224 0.0409 0.0625 
        D977  2 0.0329 0.0263 0.0236 0.0209 0.0331 0.0711 0.6231 0.0189 0.0187 0.0233 0.0310 0.0772 
        D978  2 0.1135 0.0282 0.0328 0.0170 0.3061 0.0922 0.0648 0.0276 0.0142 0.0268 0.2171 0.0598 
        D211  3 0.0277 0.0277 0.0172 0.1941 0.2147 0.0520 0.0127 0.0171 0.0118 0.0656 0.1256 0.2338 
     D229639  3 0.5465 0.0264 0.0413 0.0220 0.0574 0.0471 0.0348 0.0499 0.0332 0.0600 0.0391 0.0423 
     D237212  3 0.1291 0.2784 0.0210 0.0583 0.0912 0.0529 0.0404 0.0215 0.0370 0.0473 0.1107 0.1122 
     D237213  3 0.0258 0.0565 0.0329 0.0327 0.0610 0.0728 0.0216 0.0131 0.1041 0.0229 0.4264 0.1302 
     D237214  3 0.0089 0.0168 0.0152 0.7977 0.0355 0.0310 0.0119 0.0173 0.0133 0.0168 0.0115 0.0239 
     D237215  3 0.0918 0.0150 0.2475 0.0165 0.0267 0.0484 0.4084 0.0555 0.0253 0.0129 0.0396 0.0125 
     D237216  3 0.0337 0.0262 0.0265 0.0537 0.1242 0.4689 0.0217 0.0190 0.0273 0.0384 0.0922 0.0682 
     D237217  3 0.0554 0.0214 0.0131 0.0681 0.1030 0.2723 0.0204 0.0154 0.0276 0.0705 0.0208 0.3119 
     D237218  3 0.2233 0.1254 0.0134 0.0219 0.0914 0.0759 0.0380 0.0471 0.0169 0.0476 0.0486 0.2506 
     D237219  3 0.0803 0.0128 0.0175 0.0346 0.0738 0.0905 0.0167 0.0689 0.0883 0.0287 0.2669 0.2210 
     D237382  3 0.0237 0.0266 0.0568 0.0297 0.4315 0.0559 0.0326 0.0825 0.1190 0.0639 0.0320 0.0456 
     D244127  3 0.0622 0.0343 0.0463 0.0334 0.0518 0.0845 0.0592 0.0152 0.4699 0.0160 0.0643 0.0630 
     D244129  3 0.0516 0.1157 0.0258 0.0722 0.1270 0.1333 0.0515 0.0439 0.1584 0.0639 0.0670 0.0895 
     D244133  3 0.0231 0.0091 0.0363 0.0316 0.0439 0.0438 0.0647 0.0642 0.0210 0.0442 0.5872 0.0307 
     D244134  3 0.3516 0.0196 0.0145 0.0385 0.0328 0.0427 0.0289 0.1785 0.0550 0.0248 0.1762 0.0368 
     D244135  3 0.0213 0.0206 0.0181 0.6175 0.0428 0.0408 0.0549 0.0163 0.0157 0.0397 0.0498 0.0625 
     D244136  3 0.0539 0.0215 0.0801 0.0611 0.0588 0.0693 0.0473 0.1134 0.0340 0.0881 0.3262 0.0463 
        D416  3 0.0407 0.0478 0.0185 0.0669 0.0727 0.1788 0.1059 0.0274 0.0561 0.0561 0.2332 0.0959 
        D417  3 0.0157 0.0307 0.0268 0.0152 0.0871 0.0627 0.0172 0.0237 0.0356 0.4167 0.0225 0.2462 
        D419  3 0.1427 0.0275 0.0201 0.0384 0.0543 0.1035 0.0498 0.0441 0.0832 0.0918 0.1306 0.2141 
        D565  3 0.0495 0.0150 0.0211 0.0214 0.0178 0.0256 0.0144 0.7076 0.0242 0.0376 0.0490 0.0168 
        D566  3 0.2830 0.0188 0.0728 0.0303 0.0315 0.0661 0.0483 0.1944 0.0691 0.0645 0.0975 0.0236 
        D567  3 0.0224 0.0734 0.0431 0.0786 0.0400 0.0587 0.0382 0.0196 0.0699 0.4604 0.0472 0.0485 
        D568  3 0.0882 0.1206 0.0314 0.0599 0.1118 0.1092 0.0785 0.0134 0.0559 0.0582 0.0406 0.2322 
        D569  3 0.0383 0.5119 0.0985 0.0328 0.0725 0.0566 0.0551 0.0324 0.0188 0.0151 0.0371 0.0309 
        D573  3 0.4479 0.0529 0.0158 0.0166 0.0414 0.0590 0.0877 0.0292 0.0239 0.1728 0.0228 0.0300 
        D574  3 0.0746 0.0348 0.1546 0.0516 0.0791 0.0989 0.0437 0.2198 0.0685 0.0321 0.1030 0.0394 
        D575  3 0.0183 0.0164 0.0128 0.0205 0.0244 0.0211 0.0222 0.0327 0.0219 0.0200 0.7724 0.0174 
        D576  3 0.0587 0.0166 0.1860 0.0305 0.0271 0.0341 0.4793 0.0258 0.0116 0.0076 0.1076 0.0153 
        D577  3 0.0286 0.0368 0.0545 0.0693 0.0567 0.0596 0.0173 0.0241 0.0153 0.4195 0.1655 0.0529 
        D578  3 0.0146 0.0133 0.0133 0.7709 0.0435 0.0363 0.0243 0.0131 0.0250 0.0139 0.0134 0.0185 
        D579  3 0.1463 0.1196 0.0250 0.0454 0.0455 0.0655 0.0557 0.1252 0.0455 0.1306 0.0920 0.1038 
        D660  3 0.0252 0.0384 0.0363 0.0354 0.0779 0.0617 0.4534 0.0143 0.0519 0.0136 0.1474 0.0447 
        D661  3 0.1247 0.0670 0.0219 0.0334 0.0928 0.1314 0.1208 0.0148 0.0191 0.0266 0.0294 0.3181 
        D663  3 0.5033 0.0227 0.0779 0.0263 0.0662 0.1069 0.0481 0.0158 0.0178 0.0511 0.0350 0.0288 
        D664  3 0.0360 0.0211 0.0407 0.0671 0.1037 0.0906 0.1171 0.0451 0.0596 0.0154 0.2641 0.1394 
        D665  3 0.0269 0.0834 0.0520 0.0610 0.2738 0.1409 0.0310 0.0118 0.0482 0.0136 0.2049 0.0523 
        D666  3 0.0268 0.0219 0.0142 0.0306 0.0321 0.0569 0.0200 0.0437 0.1335 0.0296 0.5341 0.0565 
        D009  4 0.0304 0.0969 0.0548 0.0702 0.1882 0.1565 0.0179 0.0255 0.0697 0.1072 0.0292 0.1534 
        D057  4 0.0852 0.3422 0.0246 0.2474 0.0449 0.0450 0.0994 0.0217 0.0145 0.0317 0.0106 0.0330 
        D109  4 0.0288 0.0223 0.0337 0.0665 0.0564 0.1051 0.0189 0.0409 0.4521 0.0381 0.0938 0.0435 
     D237222  4 0.0356 0.0298 0.1132 0.4414 0.0914 0.0586 0.0298 0.0960 0.0221 0.0361 0.0131 0.0330 
     D237223  4 0.0407 0.0305 0.0378 0.0296 0.0334 0.0680 0.0368 0.0827 0.0360 0.0178 0.0183 0.5683 
     D237224  4 0.1768 0.1729 0.0331 0.0445 0.0844 0.0845 0.1166 0.0217 0.0352 0.0942 0.1033 0.0328 
     D237225  4 0.0617 0.0710 0.0375 0.0596 0.1392 0.2117 0.0312 0.0447 0.0328 0.0757 0.0565 0.1785 
     D237299  4 0.0424 0.0169 0.0165 0.0142 0.4385 0.0697 0.0156 0.0347 0.0411 0.0131 0.0229 0.2745 
     D237300  4 0.6186 0.0206 0.0212 0.0171 0.0374 0.0348 0.0303 0.0253 0.0171 0.0155 0.1260 0.0361 
     D237306  4 0.0295 0.0317 0.1628 0.0185 0.0211 0.0457 0.0175 0.2560 0.0615 0.0508 0.0133 0.2917 
     D237307  4 0.0473 0.0148 0.0633 0.0346 0.1010 0.0710 0.0406 0.1223 0.0318 0.2948 0.1210 0.0574 
     D237308  4 0.0382 0.1347 0.0443 0.0611 0.0335 0.0746 0.3521 0.0505 0.0786 0.0272 0.0477 0.0574 
     D237309  4 0.0426 0.0880 0.0734 0.1037 0.0814 0.2696 0.0289 0.0194 0.0547 0.0923 0.0407 0.1055 
     D237317  4 0.0560 0.0280 0.0910 0.0802 0.0261 0.2261 0.0217 0.2161 0.0373 0.1267 0.0496 0.0412 
     D237318  4 0.7034 0.0146 0.0260 0.0139 0.0322 0.0270 0.0475 0.0195 0.0153 0.0366 0.0433 0.0207 
     D237319  4 0.0590 0.0238 0.0534 0.0626 0.2269 0.1247 0.0293 0.0379 0.0814 0.0284 0.0539 0.2187 
     D237320  4 0.0486 0.0167 0.0148 0.0389 0.0350 0.0266 0.0337 0.0171 0.0325 0.0330 0.0207 0.6824 
     D237321  4 0.4248 0.0229 0.0362 0.0412 0.0512 0.0676 0.0778 0.0506 0.0404 0.0559 0.0910 0.0404 
     D237397  4 0.1028 0.0163 0.0545 0.0325 0.0338 0.0656 0.0471 0.0726 0.0318 0.0337 0.0353 0.4741 
     D237398  4 0.4595 0.0538 0.0145 0.0241 0.1203 0.0714 0.0314 0.0151 0.0177 0.0383 0.0477 0.1062 
     D237399  4 0.1770 0.0487 0.0329 0.0752 0.1364 0.0825 0.0301 0.1492 0.0479 0.0620 0.0233 0.1347 
     D244001  4 0.0353 0.0445 0.1943 0.3157 0.0301 0.0975 0.0931 0.0201 0.0217 0.0262 0.0168 0.1048 
        D289  4 0.0890 0.3137 0.0298 0.0429 0.0541 0.0669 0.0546 0.1564 0.0264 0.0655 0.0268 0.0739 
        D290  4 0.0312 0.0271 0.0424 0.0300 0.6638 0.0625 0.0206 0.0196 0.0244 0.0386 0.0120 0.0278 
        D294  4 0.0334 0.2443 0.0443 0.0380 0.2242 0.1605 0.0192 0.0331 0.0139 0.0620 0.0259 0.1012 
        D295  4 0.0422 0.0518 0.0375 0.0228 0.1155 0.0769 0.0209 0.0329 0.1191 0.1246 0.0791 0.2768 
        D301  4 0.0952 0.0196 0.1246 0.3993 0.0496 0.0391 0.0376 0.0453 0.0545 0.0155 0.0444 0.0753 
        D302  4 0.0185 0.6721 0.0438 0.0299 0.0352 0.0446 0.0112 0.0125 0.0122 0.0564 0.0375 0.0262 
        D303  4 0.0287 0.0789 0.0566 0.0251 0.0421 0.0559 0.0392 0.4893 0.0632 0.0325 0.0436 0.0448 
        D304  4 0.1366 0.0263 0.0581 0.0288 0.3992 0.1145 0.0232 0.0624 0.0200 0.0502 0.0466 0.0340 
        D305  4 0.0354 0.3451 0.0833 0.0278 0.0395 0.2864 0.0628 0.0116 0.0256 0.0177 0.0321 0.0328 
        D306  4 0.0220 0.0206 0.0947 0.0372 0.5291 0.1678 0.0170 0.0247 0.0223 0.0294 0.0131 0.0220 
        D307  4 0.0485 0.0286 0.0262 0.6380 0.0336 0.0388 0.0208 0.0661 0.0271 0.0162 0.0330 0.0233 
        D327  4 0.0402 0.0397 0.0468 0.0276 0.0580 0.0657 0.0527 0.0554 0.0167 0.4637 0.0622 0.0713 
        D328  4 0.0392 0.1642 0.3341 0.0220 0.0401 0.0482 0.0246 0.0822 0.0554 0.0193 0.0420 0.1286 
        D329  4 0.0610 0.2440 0.0254 0.0520 0.2084 0.1331 0.0733 0.0358 0.0460 0.0440 0.0243 0.0526 
        D330  4 0.0146 0.0858 0.0778 0.0422 0.1235 0.1087 0.0515 0.0128 0.1025 0.1318 0.0310 0.2178 
        D331  4 0.1533 0.0287 0.0836 0.0364 0.2262 0.1077 0.0300 0.0668 0.0583 0.1311 0.0495 0.0286 
        D333  4 0.0984 0.1281 0.1307 0.0402 0.0846 0.0875 0.0583 0.0630 0.0686 0.0612 0.0395 0.1401 
        D334  4 0.0299 0.0656 0.0217 0.0591 0.1282 0.0570 0.0139 0.4585 0.0193 0.0569 0.0461 0.0439 
        D335  4 0.0237 0.3840 0.1539 0.0335 0.0290 0.0676 0.0533 0.0238 0.0395 0.1120 0.0522 0.0273 
        D370  4 0.0204 0.0301 0.5741 0.0231 0.0360 0.0410 0.0364 0.0285 0.1028 0.0341 0.0490 0.0246 
        D371  4 0.0275 0.0228 0.0825 0.0154 0.0103 0.0388 0.0257 0.5649 0.0197 0.1154 0.0515 0.0255 
        D372  4 0.4743 0.0150 0.0742 0.0147 0.1482 0.1266 0.0367 0.0200 0.0235 0.0118 0.0233 0.0318 
        D373  4 0.0687 0.0373 0.0226 0.5905 0.0294 0.0359 0.0658 0.0171 0.0132 0.0292 0.0688 0.0215 
        D455  4 0.0400 0.0807 0.0141 0.5961 0.0966 0.0312 0.0272 0.0225 0.0228 0.0363 0.0160 0.0165 
        D490  4 0.0151 0.0197 0.0267 0.6437 0.0764 0.0292 0.0097 0.0199 0.0206 0.0185 0.0178 0.1027 
        D497  4 0.0318 0.0544 0.0341 0.5126 0.0827 0.0609 0.0156 0.0168 0.0364 0.0106 0.0495 0.0945 
        D498  4 0.0991 0.0249 0.1481 0.0304 0.2344 0.0985 0.0338 0.0693 0.1163 0.0511 0.0577 0.0363 
        D499  4 0.0669 0.1241 0.0508 0.0153 0.0660 0.1357 0.1213 0.0979 0.0662 0.0185 0.1448 0.0926 
        D514  4 0.0508 0.1024 0.1282 0.0384 0.1314 0.1441 0.0227 0.0137 0.0554 0.1702 0.0934 0.0493 
        D515  4 0.0133 0.0322 0.0510 0.0302 0.0461 0.0404 0.0168 0.0214 0.0307 0.0241 0.0194 0.6744 
        D516  4 0.0761 0.0183 0.0376 0.0410 0.0712 0.0742 0.0547 0.0350 0.1022 0.0705 0.2264 0.1927 
        D517  4 0.0404 0.0262 0.0259 0.4539 0.0386 0.1809 0.0429 0.0157 0.0274 0.0555 0.0182 0.0746 
        D518  4 0.0283 0.3526 0.1095 0.2007 0.0224 0.0535 0.0398 0.0635 0.0175 0.0343 0.0187 0.0593 
        D519  4 0.0237 0.0155 0.0106 0.0191 0.0222 0.0148 0.0137 0.0172 0.0153 0.0173 0.0168 0.8135 
        D560  4 0.0286 0.0217 0.0249 0.0141 0.0704 0.0314 0.0245 0.0099 0.0155 0.0599 0.0163 0.6827 
        D561  4 0.0224 0.0903 0.0237 0.1024 0.3296 0.1812 0.0516 0.0158 0.0565 0.0574 0.0220 0.0471 
        D562  4 0.0647 0.1094 0.1077 0.1872 0.1906 0.1194 0.0469 0.0300 0.0272 0.0401 0.0321 0.0446 
        D563  4 0.0516 0.1772 0.0325 0.0598 0.0578 0.0883 0.3323 0.0153 0.0394 0.0216 0.0703 0.0540 
        D572  4 0.0245 0.5641 0.0695 0.0606 0.0819 0.0418 0.0221 0.0185 0.0191 0.0487 0.0186 0.0307 
        D629  4 0.0456 0.0594 0.0164 0.1344 0.0561 0.0638 0.0186 0.0153 0.0207 0.1503 0.3740 0.0454 
        D630  4 0.0513 0.0668 0.0842 0.1122 0.1427 0.0790 0.0259 0.0400 0.0229 0.0549 0.0295 0.2906 
        D631  4 0.0402 0.5881 0.0218 0.0340 0.0531 0.0525 0.0626 0.0205 0.0203 0.0243 0.0190 0.0635 
        D632  4 0.0168 0.1545 0.0406 0.3353 0.0278 0.0647 0.1435 0.0144 0.0874 0.0326 0.0504 0.0321 
        D646  4 0.0361 0.0315 0.0245 0.0199 0.0194 0.0421 0.0273 0.0155 0.0646 0.0417 0.0146 0.6628 
        D647  4 0.0468 0.0536 0.0577 0.0531 0.1309 0.0722 0.0440 0.0107 0.0532 0.2829 0.0202 0.1747 
        D648  4 0.0121 0.1693 0.6020 0.0174 0.0315 0.0290 0.0150 0.0301 0.0161 0.0128 0.0287 0.0361 
        D649  4 0.0201 0.1881 0.0164 0.0489 0.0346 0.0511 0.0187 0.0146 0.3565 0.1398 0.0787 0.0325 
        D650  4 0.0689 0.0622 0.0369 0.0823 0.0937 0.0737 0.0244 0.0768 0.0772 0.1681 0.0912 0.1447 
        D708  4 0.0732 0.1690 0.0796 0.0350 0.0954 0.1028 0.0264 0.1272 0.0328 0.0317 0.1347 0.0920 
        D709  4 0.0199 0.0345 0.1404 0.0170 0.2842 0.1255 0.0253 0.0279 0.2096 0.0162 0.0485 0.0509 
        D738  4 0.0475 0.0260 0.0409 0.0575 0.0361 0.0354 0.0143 0.3728 0.0760 0.0677 0.0184 0.2072 
        D739  4 0.0458 0.0385 0.1362 0.1559 0.2450 0.1016 0.0242 0.0225 0.0353 0.0207 0.0434 0.1310 
        D740  4 0.0936 0.0837 0.0162 0.0414 0.1701 0.1606 0.0401 0.1405 0.1160 0.0200 0.0596 0.0580 
        D741  4 0.0250 0.0174 0.0263 0.0155 0.0233 0.0625 0.0312 0.0094 0.0217 0.0383 0.0192 0.7102 
        D742  4 0.1255 0.0712 0.0332 0.0399 0.0592 0.1057 0.1701 0.0716 0.0285 0.0359 0.0362 0.2231 
        D743  4 0.0408 0.4092 0.0174 0.0337 0.0370 0.0341 0.0328 0.0220 0.0161 0.2837 0.0388 0.0344 
        D744  4 0.0149 0.8123 0.0104 0.0178 0.0183 0.0174 0.0198 0.0152 0.0153 0.0151 0.0209 0.0227 
        D745  4 0.0169 0.0171 0.0138 0.0318 0.0405 0.0220 0.0146 0.0146 0.0186 0.0158 0.0248 0.7695 
        D814  4 0.0317 0.0649 0.0592 0.0421 0.0518 0.1859 0.1046 0.0180 0.0100 0.0199 0.0221 0.3898 
        D815  4 0.0529 0.3558 0.1062 0.0254 0.1411 0.0508 0.0242 0.0256 0.0629 0.0722 0.0498 0.0329 
        D828  4 0.0440 0.0396 0.6018 0.0195 0.0695 0.0505 0.0380 0.0328 0.0218 0.0113 0.0354 0.0357 
        D845  4 0.8021 0.0185 0.0110 0.0109 0.0117 0.0141 0.0220 0.0288 0.0142 0.0154 0.0282 0.0229 
        D846  4 0.0455 0.2255 0.0602 0.1064 0.0932 0.1449 0.1235 0.0097 0.0148 0.0837 0.0547 0.0378 
        D847  4 0.0696 0.0437 0.0191 0.1388 0.3498 0.0821 0.0381 0.0762 0.0294 0.0625 0.0246 0.0660 
        D848  4 0.1759 0.0248 0.0260 0.5828 0.0359 0.0364 0.0409 0.0165 0.0156 0.0140 0.0215 0.0097 
        D849  4 0.0263 0.0275 0.0503 0.0856 0.2232 0.1079 0.0292 0.0150 0.0248 0.0279 0.0710 0.3114 
        D850  4 0.1797 0.0431 0.0198 0.1704 0.0644 0.1503 0.0278 0.0626 0.0393 0.0893 0.0475 0.1056 
        D856  4 0.0333 0.0504 0.0318 0.0394 0.3172 0.1725 0.0201 0.0378 0.1719 0.0361 0.0538 0.0358 
        D857  4 0.0134 0.0166 0.2329 0.0285 0.0323 0.0315 0.0862 0.0159 0.4911 0.0069 0.0106 0.0342 
        D859  4 0.1213 0.3041 0.0830 0.0245 0.0568 0.0681 0.0274 0.0177 0.0207 0.0592 0.0219 0.1954 
        D860  4 0.1655 0.0945 0.0304 0.0373 0.0233 0.0629 0.0537 0.3862 0.0239 0.0809 0.0238 0.0176 
        D883  4 0.0569 0.0451 0.1152 0.0968 0.0799 0.0833 0.0235 0.0581 0.0903 0.1456 0.0952 0.1101 
        D884  4 0.0195 0.0207 0.0402 0.0153 0.0293 0.0241 0.0111 0.0283 0.0408 0.0232 0.0331 0.7143 
        D885  4 0.1666 0.0500 0.0143 0.0340 0.0397 0.0954 0.0435 0.0196 0.0359 0.0598 0.1098 0.3312 
        D886  4 0.0326 0.0518 0.0802 0.0876 0.3307 0.0624 0.0411 0.0214 0.0930 0.1114 0.0249 0.0629 
        D887  4 0.1912 0.0820 0.0781 0.0437 0.0788 0.1179 0.0807 0.0411 0.0461 0.0917 0.0271 0.1216 
        D889  4 0.4709 0.0438 0.0444 0.0162 0.2272 0.0586 0.0108 0.0155 0.0130 0.0314 0.0233 0.0449 
        D890  4 0.0311 0.0484 0.1354 0.0567 0.0778 0.0783 0.0470 0.0485 0.0816 0.0235 0.3486 0.0232 
        D891  4 0.8756 0.0083 0.0108 0.0099 0.0118 0.0135 0.0109 0.0093 0.0084 0.0118 0.0174 0.0122 
        D899  4 0.1539 0.1089 0.0728 0.0293 0.0504 0.0688 0.3098 0.0693 0.0205 0.0293 0.0428 0.0443 
        D900  4 0.0499 0.0877 0.0615 0.0696 0.2766 0.1250 0.0677 0.0549 0.0438 0.0543 0.0471 0.0619 
        D970  4 0.0732 0.2795 0.0277 0.0562 0.1521 0.0945 0.0342 0.0415 0.0356 0.1003 0.0624 0.0427 
        D971  4 0.0189 0.1486 0.0474 0.0252 0.0566 0.0682 0.3827 0.0573 0.0833 0.0360 0.0597 0.0163 
        D979  4 0.0332 0.1997 0.1699 0.0285 0.0338 0.0899 0.0339 0.0232 0.0240 0.2441 0.0810 0.0390 
        D093  5 0.0447 0.0174 0.0321 0.0212 0.0383 0.0264 0.0177 0.6344 0.0228 0.0381 0.0259 0.0811 
        D154  5 0.1045 0.0238 0.0623 0.0129 0.0470 0.1214 0.0569 0.0298 0.0187 0.0211 0.2658 0.2358 
        D168  5 0.0921 0.0257 0.0330 0.0573 0.0699 0.0914 0.1284 0.0108 0.0291 0.0370 0.2756 0.1497 
