        D174  1 0.0373 0.7217 0.0769 0.1640 
        D199  1 0.2571 0.2959 0.3761 0.0710 
        D203  1 0.2570 0.1358 0.3507 0.2564 
        D204  1 0.0404 0.0490 0.8752 0.0353 
     D237366  1 0.1411 0.1426 0.2390 0.4773 
     D237367  1 0.1063 0.1180 0.3775 0.3982 
     D237368  1 0.0940 0.0898 0.2957 0.5205 
     D244101  1 0.1470 0.0441 0.7746 0.0343 
     D244102  1 0.1500 0.3831 0.2011 0.2658 
     D244103  1 0.0732 0.1254 0.3711 0.4303 
     D244104  1 0.0929 0.1573 0.6783 0.0714 
     D244105  1 0.0515 0.0331 0.1543 0.7611 
     D244106  1 0.2971 0.5380 0.0924 0.0725 
     D244107  1 0.0816 0.0282 0.2616 0.6286 
     D244108  1 0.0810 0.5847 0.1289 0.2054 
     D244113  1 0.0306 0.9037 0.0312 0.0345 
     D244114  1 0.3299 0.2487 0.2761 0.1454 
     D244115  1 0.0666 0.4916 0.2380 0.2038 
     D267365  1 0.0972 0.3854 0.4375 0.0799 
        D404  1 0.0417 0.8786 0.0426 0.0371 
        D405  1 0.1534 0.5760 0.1634 0.1072 
        D406  1 0.0247 0.0529 0.0793 0.8430 
        D407  1 0.1183 0.0624 0.5952 0.2241 
        D408  1 0.1329 0.7420 0.0692 0.0558 
        D409  1 0.0886 0.0693 0.4345 0.4076 
        D410  1 0.0184 0.0586 0.0704 0.8527 
        D421  1 0.0735 0.0529 0.8394 0.0342 
        D422  1 0.0367 0.0180 0.0598 0.8855 
        D423  1 0.0327 0.0248 0.0678 0.8748 
        D424  1 0.0268 0.0583 0.8140 0.1010 
        D425  1 0.0490 0.3852 0.4837 0.0822 
        D426  1 0.2486 0.0397 0.3413 0.3704 
        D427  1 0.6813 0.1177 0.1580 0.0430 
        D428  1 0.0786 0.3155 0.4474 0.1586 
        D429  1 0.0799 0.3641 0.4679 0.0881 
        D430  1 0.2987 0.2996 0.2365 0.1652 
        D491  1 0.0274 0.8410 0.0968 0.0349 
        D492  1 0.0828 0.3392 0.3970 0.1810 
        D537  1 0.0265 0.1064 0.7421 0.1249 
        D538  1 0.1296 0.2397 0.1705 0.4602 
        D539  1 0.3209 0.3759 0.0881 0.2151 
        D540  1 0.1093 0.1922 0.4012 0.2974 
        D541  1 0.0303 0.0272 0.8987 0.0438 
        D551  1 0.6911 0.0585 0.1574 0.0930 
        D552  1 0.1040 0.2556 0.3604 0.2800 
        D553  1 0.0292 0.0286 0.9057 0.0364 
        D615  1 0.1842 0.1574 0.4144 0.2440 
        D616  1 0.2426 0.1005 0.3860 0.2708 
        D621  1 0.0557 0.2428 0.0588 0.6427 
        D622  1 0.0526 0.0514 0.0814 0.8147 
        D623  1 0.1880 0.6516 0.1160 0.0444 
        D624  1 0.0363 0.8271 0.0751 0.0615 
        D625  1 0.0316 0.1267 0.7108 0.1309 
        D626  1 0.0949 0.5649 0.1111 0.2291 
        D627  1 0.1503 0.0534 0.5016 0.2947 
        D690  1 0.0232 0.1080 0.7456 0.1231 
        D691  1 0.0395 0.0418 0.0985 0.8201 
        D710  1 0.0626 0.2531 0.5814 0.1029 
        D711  1 0.0498 0.0947 0.7569 0.0985 
        D712  1 0.0696 0.8101 0.0489 0.0715 
        D713  1 0.0396 0.6884 0.1646 0.1073 
        D746  1 0.0365 0.0242 0.1014 0.8380 
        D747  1 0.0468 0.0313 0.8897 0.0322 
        D748  1 0.0368 0.1078 0.3845 0.4708 
        D749  1 0.1485 0.2069 0.0732 0.5714 
        D750  1 0.0454 0.6046 0.2393 0.1108 
        D763  1 0.3645 0.0634 0.4471 0.1250 
        D764  1 0.0344 0.2437 0.5278 0.1940 
        D765  1 0.0375 0.1492 0.0522 0.7611 
        D766  1 0.0382 0.1560 0.2757 0.5301 
        D767  1 0.1287 0.1909 0.3830 0.2974 
        D768  1 0.0254 0.0204 0.9123 0.0419 
        D811  1 0.0402 0.8238 0.0373 0.0986 
        D816  1 0.0267 0.0971 0.8343 0.0419 
        D825  1 0.0379 0.5942 0.1573 0.2106 
        D866  1 0.5549 0.2778 0.0910 0.0763 
        D867  1 0.0467 0.0503 0.0498 0.8531 
        D871  1 0.0725 0.0995 0.4667 0.3613 
        D872  1 0.0607 0.1490 0.4629 0.3274 
        D873  1 0.0188 0.0213 0.0170 0.9429 
        D874  1 0.0828 0.4035 0.4852 0.0285 
        D875  1 0.0428 0.0423 0.3704 0.5446 
        D876  1 0.0554 0.2041 0.6472 0.0932 
        D877  1 0.0298 0.8646 0.0838 0.0218 
        D892  1 0.0399 0.3541 0.3520 0.2540 
        D893  1 0.0838 0.0599 0.6770 0.1794 
        D894  1 0.0782 0.1069 0.7171 0.0979 
        D915  1 0.0456 0.1226 0.5622 0.2696 
        D916  1 0.0290 0.0319 0.8731 0.0660 
        D917  1 0.1026 0.5157 0.3203 0.0615 
        D925  1 0.0368 0.1165 0.1308 0.7159 
        D926  1 0.0493 0.1983 0.6426 0.1098 
        D927  1 0.3298 0.0891 0.5110 0.0701 
        D928  1 0.0198 0.8578 0.0923 0.0302 
        D929  1 0.0577 0.5645 0.1817 0.1961 
        D936  1 0.1417 0.0882 0.7126 0.0576 
        D938  1 0.0233 0.0370 0.0428 0.8969 
        D956  1 0.0787 0.7883 0.0612 0.0717 
        D957  1 0.0569 0.1335 0.3535 0.4561 
        D958  1 0.0301 0.2390 0.4428 0.2881 
        D959  1 0.1142 0.0403 0.5978 0.2477 
        D960  1 0.0203 0.0490 0.0344 0.8964 
        D989  1 0.2274 0.6281 0.0953 0.0491 
        D990  1 0.0654 0.0354 0.0207 0.8784 
        D023  2 0.0365 0.0277 0.3852 0.5506 
        D130  2 0.0418 0.0372 0.0805 0.8405 
        D131  2 0.0915 0.0549 0.7105 0.1430 
        D163  2 0.0345 0.0371 0.1008 0.8276 
        D164  2 0.4559 0.0205 0.0291 0.4945 
        D165  2 0.0437 0.0262 0.2216 0.7085 
        D166  2 0.1782 0.2020 0.2142 0.4056 
        D167  2 0.8895 0.0464 0.0306 0.0336 
        D192  2 0.9350 0.0244 0.0188 0.0218 
        D193  2 0.0828 0.7525 0.0460 0.1187 
        D206  2 0.2905 0.0974 0.3733 0.2388 
        D207  2 0.6916 0.0686 0.1826 0.0572 
        D208  2 0.4083 0.4429 0.0726 0.0763 
        D209  2 0.5694 0.0686 0.2315 0.1305 
        D210  2 0.4083 0.3784 0.1567 0.0566 
     D229599  2 0.1927 0.2075 0.4384 0.1614 
     D229600  2 0.3906 0.0425 0.0476 0.5193 
     D237227  2 0.1596 0.5146 0.0995 0.2263 
     D237228  2 0.1334 0.4176 0.0438 0.4052 
     D237258  2 0.3809 0.2358 0.1453 0.2380 
     D237310  2 0.0768 0.1095 0.0291 0.7846 
     D237311  2 0.2090 0.0770 0.0273 0.6867 
     D237312  2 0.0559 0.3457 0.0548 0.5436 
     D237313  2 0.1084 0.2984 0.3238 0.2694 
     D237322  2 0.4856 0.2440 0.1011 0.1693 
     D237323  2 0.0621 0.2180 0.0315 0.6884 
     D237324  2 0.3463 0.0283 0.1488 0.4766 
     D237325  2 0.0946 0.2386 0.0981 0.5687 
     D237326  2 0.0404 0.1331 0.1963 0.6301 
     D237327  2 0.5913 0.0800 0.2160 0.1127 
     D237337  2 0.0297 0.0755 0.0496 0.8452 
     D237338  2 0.1848 0.1790 0.1535 0.4827 
     D237339  2 0.2648 0.0726 0.6168 0.0459 
     D237340  2 0.2760 0.3173 0.0416 0.3651 
     D237389  2 0.0741 0.0735 0.0546 0.7979 
     D237390  2 0.0590 0.3320 0.1149 0.4941 
     D244017  2 0.3197 0.5344 0.0726 0.0733 
     D244112  2 0.8444 0.0380 0.0241 0.0935 
     D244118  2 0.6453 0.0312 0.0321 0.2914 
     D244119  2 0.4284 0.4875 0.0349 0.0492 
     D244120  2 0.6376 0.2265 0.0363 0.0996 
     D244122  2 0.7437 0.1194 0.0571 0.0798 
        D291  2 0.5785 0.0976 0.1682 0.1557 
        D292  2 0.5357 0.1507 0.2520 0.0615 
        D293  2 0.3856 0.0207 0.5719 0.0219 
        D322  2 0.2824 0.0289 0.6330 0.0557 
        D323  2 0.2849 0.2685 0.3500 0.0965 
        D324  2 0.2424 0.1312 0.4237 0.2027 
        D325  2 0.7986 0.0155 0.1433 0.0426 
        D326  2 0.0371 0.0494 0.8892 0.0244 
        D340  2 0.9234 0.0200 0.0281 0.0285 
        D341  2 0.8725 0.0406 0.0411 0.0458 
        D342  2 0.6953 0.0579 0.0491 0.1977 
        D343  2 0.9383 0.0120 0.0346 0.0151 
        D344  2 0.0831 0.1513 0.6252 0.1405 
        D345  2 0.0729 0.0838 0.6496 0.1936 
        D346  2 0.1798 0.6460 0.1185 0.0557 
        D351  2 0.1108 0.0450 0.6897 0.1545 
        D352  2 0.2266 0.3052 0.2833 0.1849 
        D353  2 0.0693 0.0377 0.8669 0.0261 
        D354  2 0.0438 0.4100 0.4444 0.1019 
        D362  2 0.0506 0.1155 0.7112 0.1226 
        D363  2 0.0500 0.1636 0.7114 0.0750 
        D364  2 0.0465 0.1770 0.6700 0.1064 
        D365  2 0.8953 0.0211 0.0639 0.0197 
        D369  2 0.2403 0.2174 0.3606 0.1817 
        D374  2 0.0198 0.9380 0.0187 0.0234 
        D375  2 0.0577 0.2853 0.4549 0.2021 
        D376  2 0.0437 0.8859 0.0272 0.0432 
        D377  2 0.1426 0.4593 0.1178 0.2803 
        D378  2 0.1287 0.0255 0.7997 0.0461 
        D379  2 0.0381 0.0772 0.8185 0.0662 
        D384  2 0.0291 0.0696 0.8692 0.0322 
        D385  2 0.8874 0.0500 0.0354 0.0271 
        D386  2 0.0652 0.0533 0.8139 0.0677 
        D391  2 0.8393 0.0295 0.1033 0.0280 
        D392  2 0.7222 0.0816 0.0993 0.0970 
        D393  2 0.1873 0.0300 0.7178 0.0649 
        D394  2 0.1281 0.1298 0.2973 0.4448 
        D395  2 0.6276 0.0661 0.2378 0.0685 
        D401  2 0.0395 0.0584 0.0247 0.8775 
        D402  2 0.9101 0.0217 0.0454 0.0228 
        D403  2 0.0896 0.0707 0.5849 0.2548 
        D415  2 0.0292 0.0284 0.8448 0.0976 
        D435  2 0.2429 0.0204 0.6475 0.0891 
        D436  2 0.0707 0.3498 0.4665 0.1130 
        D438  2 0.9130 0.0330 0.0291 0.0248 
        D439  2 0.1847 0.0379 0.6355 0.1419 
        D449  2 0.6698 0.0397 0.2234 0.0672 
        D450  2 0.0694 0.4632 0.3202 0.1472 
        D456  2 0.0228 0.0282 0.9171 0.0319 
        D462  2 0.8257 0.0237 0.1245 0.0260 
        D463  2 0.0176 0.0443 0.9117 0.0264 
        D464  2 0.1228 0.1344 0.6963 0.0466 
        D465  2 0.3484 0.0543 0.4312 0.1661 
        D473  2 0.0799 0.7133 0.0591 0.1477 
        D474  2 0.1949 0.0788 0.6238 0.1024 
        D476  2 0.1985 0.0279 0.2242 0.5495 
        D477  2 0.0844 0.1371 0.6969 0.0817 
        D478  2 0.0858 0.4146 0.2424 0.2573 
        D480  2 0.2540 0.1074 0.6004 0.0382 
        D481  2 0.1213 0.1791 0.5406 0.1591 
        D482  2 0.3596 0.3359 0.1143 0.1902 
        D483  2 0.8825 0.0616 0.0265 0.0294 
        D484  2 0.3000 0.3821 0.1946 0.1233 
        D510  2 0.0841 0.8544 0.0343 0.0271 
        D511  2 0.1484 0.0395 0.7515 0.0606 
        D512  2 0.1407 0.0514 0.0860 0.7218 
        D513  2 0.5478 0.1076 0.2391 0.1055 
        D635  2 0.0443 0.0358 0.7700 0.1499 
        D636  2 0.0256 0.0306 0.0506 0.8933 
        D637  2 0.3942 0.3032 0.1805 0.1222 
        D658  2 0.6548 0.1942 0.0555 0.0955 
        D659  2 0.0630 0.0478 0.8282 0.0611 
        D677  2 0.2274 0.0933 0.3523 0.3270 
        D678  2 0.7974 0.0651 0.0627 0.0748 
        D679  2 0.2169 0.1103 0.6135 0.0592 
        D719  2 0.2238 0.3699 0.3755 0.0308 
        D720  2 0.0526 0.1835 0.6985 0.0653 
        D721  2 0.1799 0.0532 0.3095 0.4574 
        D722  2 0.0648 0.8585 0.0369 0.0398 
        D734  2 0.2651 0.5146 0.1941 0.0263 
        D735  2 0.1403 0.1206 0.6103 0.1288 
        D736  2 0.2527 0.4488 0.2052 0.0933 
        D737  2 0.7014 0.1156 0.0868 0.0963 
        D807  2 0.1749 0.4172 0.2989 0.1090 
        D808  2 0.2032 0.0651 0.3230 0.4087 
        D817  2 0.0702 0.3484 0.5010 0.0804 
        D818  2 0.4673 0.0571 0.3421 0.1335 
        D819  2 0.0827 0.1567 0.4784 0.2822 
        D820  2 0.0419 0.0371 0.8930 0.0280 
        D895  2 0.0789 0.0733 0.6540 0.1938 
        D896  2 0.0236 0.0633 0.0344 0.8788 
        D897  2 0.8007 0.0647 0.0646 0.0700 
        D898  2 0.1572 0.3171 0.2719 0.2538 
        D918  2 0.2276 0.1587 0.1278 0.4860 
        D919  2 0.2782 0.0436 0.6278 0.0504 
        D920  2 0.0374 0.0596 0.0318 0.8712 
        D923  2 0.0351 0.0500 0.8718 0.0430 
        D930  2 0.0998 0.3171 0.4507 0.1324 
        D931  2 0.1996 0.1532 0.5809 0.0664 
        D968  2 0.8957 0.0249 0.0540 0.0255 
        D969  2 0.3284 0.0579 0.5575 0.0562 
        D977  2 0.7582 0.0305 0.1393 0.0720 
        D978  2 0.6894 0.1069 0.1505 0.0532 
        D211  3 0.0900 0.0741 0.1325 0.7035 
     D229639  3 0.7488 0.1314 0.0727 0.0471 
     D237212  3 0.3526 0.0978 0.3562 0.1933 
     D237213  3 0.1146 0.1072 0.3017 0.4765 
     D237214  3 0.0311 0.0689 0.1890 0.7110 
     D237215  3 0.8030 0.1450 0.0203 0.0317 
     D237216  3 0.2822 0.0688 0.2935 0.3555 
     D237217  3 0.0890 0.0262 0.2303 0.6546 
     D237218  3 0.5638 0.0560 0.2910 0.0891 
     D237219  3 0.1441 0.2068 0.0632 0.5859 
     D237382  3 0.1008 0.4150 0.2243 0.2600 
     D244127  3 0.1256 0.0500 0.0636 0.7608 
     D244129  3 0.1493 0.1151 0.4024 0.3331 
     D244133  3 0.2954 0.3865 0.1291 0.1890 
     D244134  3 0.4395 0.3113 0.0826 0.1665 
     D244135  3 0.0840 0.0339 0.1150 0.7671 
     D244136  3 0.1625 0.4829 0.2585 0.0962 
        D416  3 0.4176 0.0734 0.3059 0.2032 
        D417  3 0.0467 0.0514 0.7541 0.1478 
        D419  3 0.2863 0.1305 0.2304 0.3528 
        D565  3 0.0502 0.8519 0.0668 0.0310 
        D566  3 0.4305 0.4200 0.0887 0.0607 
        D567  3 0.0453 0.0735 0.6939 0.1873 
        D568  3 0.2527 0.0400 0.3488 0.3584 
        D569  3 0.3627 0.1524 0.3058 0.1791 
        D573  3 0.6701 0.0286 0.2568 0.0445 
        D574  3 0.0986 0.6566 0.1134 0.1314 
        D575  3 0.1622 0.3697 0.1895 0.2786 
        D576  3 0.8654 0.0787 0.0165 0.0394 
        D577  3 0.0557 0.1568 0.6516 0.1359 
        D578  3 0.0391 0.0232 0.0276 0.9101 
        D579  3 0.2308 0.2750 0.3601 0.1341 
        D660  3 0.6098 0.0620 0.0826 0.2457 
        D661  3 0.8053 0.0318 0.0934 0.0696 
        D663  3 0.8216 0.0593 0.0859 0.0333 
        D664  3 0.1975 0.3187 0.0374 0.4465 
        D665  3 0.1422 0.0576 0.0937 0.7065 
        D666  3 0.1081 0.3649 0.2030 0.3240 
        D009  4 0.0832 0.0737 0.3376 0.5055 
        D057  4 0.5266 0.0600 0.1803 0.2331 
        D109  4 0.0422 0.1160 0.0774 0.7644 
     D237222  4 0.0568 0.1948 0.0630 0.6854 
     D237223  4 0.1429 0.1816 0.0987 0.5768 
     D237224  4 0.4216 0.0891 0.4321 0.0572 
     D237225  4 0.1164 0.1248 0.4002 0.3586 
     D237299  4 0.1635 0.0718 0.0871 0.6776 
     D237300  4 0.8436 0.0855 0.0329 0.0380 
     D237306  4 0.0562 0.7089 0.1133 0.1217 
     D237307  4 0.1580 0.4634 0.2727 0.1059 
     D237308  4 0.6272 0.1523 0.0945 0.1261 
     D237309  4 0.1236 0.0681 0.5106 0.2977 
     D237317  4 0.0538 0.6298 0.2070 0.1094 
     D237318  4 0.8986 0.0457 0.0332 0.0226 
     D237319  4 0.1415 0.1639 0.1767 0.5179 
     D237320  4 0.2945 0.0866 0.1756 0.4432 
     D237321  4 0.7173 0.1061 0.0918 0.0848 
     D237397  4 0.2913 0.3539 0.1105 0.2443 
     D237398  4 0.6673 0.0331 0.2176 0.0821 
     D237399  4 0.2531 0.3090 0.2916 0.1463 
     D244001  4 0.1438 0.0770 0.0940 0.6853 
        D289  4 0.2161 0.2951 0.4113 0.0775 
        D290  4 0.2574 0.3245 0.2986 0.1195 
        D294  4 0.1986 0.1917 0.5224 0.0873 
        D295  4 0.0861 0.2197 0.4765 0.2178 
        D301  4 0.1231 0.0877 0.0277 0.7614 
        D302  4 0.0426 0.0773 0.8244 0.0557 
        D303  4 0.1092 0.7135 0.0815 0.0957 
        D304  4 0.2690 0.4321 0.2527 0.0461 
        D305  4 0.4458 0.0443 0.3366 0.1733 
        D306  4 0.0881 0.5056 0.2923 0.1140 
        D307  4 0.0706 0.0897 0.0277 0.8120 
        D327  4 0.0897 0.1821 0.6659 0.0623 
        D328  4 0.0637 0.7773 0.0758 0.0831 
        D329  4 0.3875 0.1146 0.3313 0.1666 
        D330  4 0.0465 0.0556 0.5186 0.3793 
        D331  4 0.2379 0.3235 0.2340 0.2046 
        D333  4 0.2472 0.3728 0.1628 0.2171 
        D334  4 0.0516 0.6843 0.1665 0.0976 
        D335  4 0.0886 0.1442 0.7140 0.0532 
        D370  4 0.0674 0.6447 0.0969 0.1910 
        D371  4 0.0511 0.8072 0.1150 0.0267 
        D372  4 0.8536 0.0786 0.0244 0.0434 
        D373  4 0.1822 0.0409 0.0553 0.7216 
        D455  4 0.0883 0.0440 0.0721 0.7955 
        D490  4 0.0191 0.0351 0.0356 0.9102 
        D497  4 0.0545 0.0373 0.0394 0.8689 
        D498  4 0.1874 0.4476 0.1062 0.2588 
        D499  4 0.5403 0.2273 0.1356 0.0968 
        D514  4 0.0674 0.0924 0.7454 0.0948 
        D515  4 0.0619 0.1387 0.1324 0.6670 
        D516  4 0.1637 0.2630 0.2354 0.3378 
        D517  4 0.1323 0.0329 0.0913 0.7436 
        D518  4 0.1495 0.3071 0.2549 0.2885 
        D519  4 0.1424 0.0560 0.1275 0.6740 
        D560  4 0.2358 0.0511 0.2086 0.5045 
        D561  4 0.0493 0.0248 0.4632 0.4626 
        D562  4 0.2407 0.2528 0.2236 0.2829 
        D563  4 0.6278 0.0398 0.2334 0.0990 
        D572  4 0.0992 0.1926 0.5834 0.1248 
        D629  4 0.0868 0.0953 0.5839 0.2340 
        D630  4 0.1610 0.2790 0.3296 0.2303 
        D631  4 0.5060 0.1450 0.2458 0.1033 
        D632  4 0.1944 0.0556 0.1427 0.6073 
        D646  4 0.1146 0.0522 0.3832 0.4500 
        D647  4 0.0809 0.0384 0.6278 0.2529 
        D648  4 0.0581 0.8148 0.0493 0.0778 
        D649  4 0.0359 0.0758 0.6164 0.2718 
        D650  4 0.1034 0.3357 0.3201 0.2408 
        D708  4 0.1187 0.6267 0.1485 0.1060 
        D709  4 0.0875 0.5445 0.2374 0.1306 
        D738  4 0.0501 0.5745 0.1244 0.2510 
        D739  4 0.1558 0.1988 0.1495 0.4959 
        D740  4 0.4523 0.1707 0.1216 0.2554 
        D741  4 0.1755 0.0384 0.3879 0.3982 
        D742  4 0.5806 0.1631 0.1339 0.1224 
        D743  4 0.1030 0.0885 0.7614 0.0471 
        D744  4 0.1554 0.0526 0.7238 0.0682 
        D745  4 0.0528 0.0550 0.0712 0.8210 
        D814  4 0.7309 0.0529 0.1167 0.0995 
        D815  4 0.0936 0.2245 0.5713 0.1105 
        D828  4 0.2450 0.6405 0.0419 0.0726 
        D845  4 0.8757 0.0489 0.0520 0.0234 
        D846  4 0.2829 0.0431 0.5112 0.1627 
        D847  4 0.1975 0.1791 0.3272 0.2961 
        D848  4 0.3092 0.0322 0.0469 0.6117 
        D849  4 0.0589 0.0506 0.1131 0.7774 
        D850  4 0.1924 0.1434 0.4214 0.2428 
        D856  4 0.0733 0.1575 0.2024 0.5668 
        D857  4 0.0592 0.0744 0.0194 0.8470 
        D859  4 0.2784 0.1629 0.4498 0.1089 
        D860  4 0.2687 0.4463 0.2469 0.0380 
        D883  4 0.0866 0.3562 0.3144 0.2428 
        D884  4 0.0540 0.3264 0.1625 0.4571 
        D885  4 0.4734 0.0554 0.3270 0.1442 
        D886  4 0.0871 0.0950 0.2764 0.5415 
        D887  4 0.4604 0.1402 0.2363 0.1631 
        D889  4 0.5341 0.1943 0.2368 0.0348 
        D890  4 0.1138 0.5891 0.1287 0.1684 
        D891  4 0.9375 0.0182 0.0270 0.0173 
        D899  4 0.5682 0.2775 0.1099 0.0444 
        D900  4 0.1369 0.1895 0.4852 0.1885 
        D970  4 0.1805 0.1672 0.4970 0.1552 
        D971  4 0.5731 0.1270 0.1950 0.1049 
        D979  4 0.0772 0.1460 0.7387 0.0381 
        D093  5 0.1012 0.7586 0.0678 0.0724 
        D154  5 0.5780 0.2397 0.0910 0.0913 
        D168  5 0.5096 0.0659 0.1652 0.2593 
        D189  5 0.2290 0.6260 0.0697 0.0753 
        D190  5 0.0728 0.8442 0.0539 0.0291 
     D237220  5 0.1716 0.1277 0.1439 0.5568 
     D237221  5 0.2851 0.4669 0.1645 0.0835 
     D237274  5 0.0360 0.0484 0.8657 0.0499 
     D237275  5 0.8498 0.0599 0.0347 0.0556 
     D237276  5 0.0944 0.4981 0.1351 0.2724 
     D237277  5 0.3024 0.5594 0.0898 0.0484 
     D237278  5 0.5062 0.2392 0.0728 0.1818 
     D237279  5 0.0994 0.0361 0.2767 0.5878 
     D237280  5 0.0623 0.1642 0.3123 0.4612 
     D237281  5 0.8615 0.0322 0.0771 0.0291 
     D237351  5 0.0792 0.1572 0.0474 0.7163 
     D237352  5 0.1083 0.2053 0.3033 0.3831 
     D237353  5 0.0591 0.8584 0.0449 0.0375 
     D237359  5 0.3223 0.1154 0.1843 0.3781 
     D237361  5 0.0343 0.9009 0.0306 0.0342 
     D237362  5 0.1716 0.4291 0.2967 0.1026 
     D237363  5 0.4071 0.1627 0.2380 0.1923 
     D237364  5 0.3835 0.0566 0.3037 0.2562 
     D237376  5 0.0631 0.8781 0.0257 0.0332 
     D237377  5 0.0698 0.1044 0.5888 0.2370 
     D237378  5 0.2076 0.6978 0.0395 0.0551 
     D237379  5 0.1333 0.7072 0.0765 0.0830 
     D237380  5 0.0284 0.2326 0.0566 0.6824 
     D237381  5 0.1010 0.1814 0.1138 0.6039 
     D237391  5 0.1042 0.7425 0.0952 0.0580 
     D237392  5 0.1257 0.1092 0.6670 0.0981 
     D237393  5 0.1173 0.3233 0.4425 0.1169 
     D237394  5 0.0287 0.8828 0.0553 0.0332 
     D237395  5 0.2131 0.5156 0.0700 0.2014 
     D237396  5 0.1080 0.0869 0.7223 0.0827 
     D244016  5 0.2535 0.4248 0.2470 0.0747 
     D244018  5 0.5781 0.1879 0.1005 0.1335 
     D244019  5 0.2600 0.2259 0.4386 0.0755 
        D279  5 0.7325 0.0858 0.0784 0.1034 
        D280  5 0.2695 0.3202 0.2709 0.1394 
        D281  5 0.8222 0.0805 0.0661 0.0312 
        D283  5 0.1327 0.5193 0.2866 0.0613 
        D284  5 0.1525 0.1216 0.1541 0.5717 
        D285  5 0.1197 0.6201 0.1787 0.0814 
        D286  5 0.1545 0.5015 0.1960 0.1480 
        D287  5 0.0704 0.7763 0.0353 0.1180 
        D288  5 0.2937 0.3038 0.3300 0.0725 
        D308  5 0.0274 0.0507 0.0976 0.8243 
        D309  5 0.0291 0.0399 0.8891 0.0419 
        D310  5 0.0495 0.8945 0.0318 0.0241 
        D311  5 0.1220 0.6140 0.1883 0.0757 
        D312  5 0.0779 0.6188 0.1972 0.1061 
        D313  5 0.0202 0.0344 0.0175 0.9279 
        D314  5 0.4020 0.2728 0.0722 0.2531 
        D315  5 0.0993 0.4380 0.3175 0.1452 
        D317  5 0.0402 0.8746 0.0477 0.0375 
        D318  5 0.1974 0.1692 0.4187 0.2147 
        D319  5 0.0526 0.8569 0.0481 0.0425 
        D320  5 0.0638 0.8029 0.0688 0.0646 
        D321  5 0.0870 0.1032 0.1083 0.7014 
        D336  5 0.0290 0.9027 0.0435 0.0247 
        D337  5 0.0665 0.8633 0.0471 0.0230 
        D338  5 0.3044 0.1916 0.2290 0.2750 
        D339  5 0.1748 0.6958 0.0558 0.0736 
        D347  5 0.1607 0.4170 0.3788 0.0434 
        D348  5 0.0466 0.8646 0.0599 0.0288 
        D349  5 0.0369 0.0717 0.0511 0.8402 
        D350  5 0.0800 0.0544 0.7947 0.0709 
        D355  5 0.4806 0.0786 0.3994 0.0414 
        D356  5 0.0649 0.4984 0.2975 0.1391 
        D357  5 0.1644 0.4985 0.1721 0.1650 
        D358  5 0.1028 0.5199 0.2599 0.1174 
        D359  5 0.0370 0.6035 0.3244 0.0352 
        D360  5 0.0531 0.6665 0.1654 0.1150 
        D361  5 0.0321 0.0412 0.0450 0.8817 
        D366  5 0.2369 0.0406 0.6464 0.0761 
        D367  5 0.0531 0.8171 0.0386 0.0912 
        D368  5 0.0897 0.4413 0.1724 0.2966 
        D380  5 0.1175 0.0754 0.6897 0.1173 
        D381  5 0.1303 0.6483 0.1486 0.0728 
        D400  5 0.3393 0.4474 0.1369 0.0765 
        D411  5 0.0275 0.0258 0.0273 0.9194 
        D412  5 0.3676 0.2493 0.2132 0.1699 
        D413  5 0.7832 0.0321 0.1171 0.0676 
        D414  5 0.5766 0.0762 0.2785 0.0688 
        D420  5 0.2327 0.2184 0.1142 0.4347 
        D431  5 0.3830 0.3686 0.0497 0.1987 
        D432  5 0.2241 0.5185 0.1276 0.1298 
        D433  5 0.1720 0.6522 0.0971 0.0788 
        D434  5 0.0727 0.6615 0.1550 0.1108 
        D440  5 0.0456 0.0515 0.8313 0.0716 
        D447  5 0.0761 0.0383 0.7598 0.1258 
        D448  5 0.0686 0.8349 0.0707 0.0258 
        D459  5 0.7028 0.0548 0.2096 0.0328 
        D460  5 0.0410 0.0878 0.1492 0.7219 
        D461  5 0.0305 0.0773 0.8652 0.0269 
        D468  5 0.0958 0.4664 0.2735 0.1642 
        D469  5 0.0872 0.1968 0.4966 0.2195 
        D470  5 0.0780 0.4230 0.1197 0.3793 
        D471  5 0.1390 0.7605 0.0686 0.0319 
        D472  5 0.2053 0.0354 0.7267 0.0326 
        D479  5 0.8354 0.0648 0.0554 0.0444 
        D485  5 0.1617 0.5466 0.1540 0.1377 
        D486  5 0.0659 0.4420 0.2209 0.2712 
        D487  5 0.6467 0.2206 0.0550 0.0777 
        D555  5 0.0723 0.8527 0.0403 0.0347 
        D556  5 0.3169 0.4446 0.1177 0.1209 
        D557  5 0.0720 0.8352 0.0676 0.0252 
        D564  5 0.0935 0.5153 0.2206 0.1706 
        D594  5 0.1228 0.3763 0.3972 0.1037 
        D595  5 0.2062 0.3901 0.2726 0.1311 
        D596  5 0.0489 0.8893 0.0300 0.0318 
        D597  5 0.3644 0.3386 0.2503 0.0467 
        D598  5 0.1298 0.5326 0.1693 0.1684 
        D617  5 0.2238 0.0392 0.0433 0.6937 
        D618  5 0.2646 0.5219 0.1267 0.0868 
        D619  5 0.0639 0.3591 0.3010 0.2759 
        D620  5 0.8934 0.0314 0.0425 0.0327 
        D628  5 0.1777 0.3044 0.2647 0.2532 
        D714  5 0.2839 0.6114 0.0454 0.0593 
        D715  5 0.1709 0.6332 0.1551 0.0408 
        D716  5 0.2354 0.4464 0.2426 0.0755 
        D717  5 0.0944 0.2234 0.5333 0.1489 
        D718  5 0.1182 0.4618 0.0508 0.3692 
        D769  5 0.1735 0.0623 0.0696 0.6946 
        D770  5 0.4905 0.3271 0.0889 0.0934 
        D771  5 0.4776 0.2137 0.1301 0.1785 
        D772  5 0.0849 0.6731 0.1730 0.0690 
        D782  5 0.3077 0.0517 0.2631 0.3775 
        D783  5 0.5644 0.2306 0.1329 0.0721 
        D784  5 0.1127 0.1385 0.6737 0.0751 
        D785  5 0.0294 0.8472 0.0544 0.0690 
        D786  5 0.0762 0.0621 0.3133 0.5483 
        D821  5 0.0493 0.9026 0.0283 0.0198 
        D822  5 0.0883 0.2630 0.5893 0.0594 
        D826  5 0.4495 0.3747 0.1148 0.0610 
        D827  5 0.1084 0.0855 0.7294 0.0766 
        D851  5 0.1812 0.2150 0.4026 0.2012 
        D852  5 0.5063 0.2477 0.1050 0.1410 
        D853  5 0.1751 0.5564 0.1510 0.1174 
        D854  5 0.3211 0.1121 0.3882 0.1786 
        D861  5 0.3541 0.2595 0.2032 0.1832 
        D862  5 0.0420 0.6373 0.2563 0.0644 
        D865  5 0.1171 0.7737 0.0445 0.0647 
        D868  5 0.0967 0.1310 0.6638 0.1085 
        D869  5 0.0354 0.0652 0.0492 0.8501 
        D870  5 0.0940 0.0292 0.4620 0.4149 
        D907  5 0.0637 0.8013 0.0461 0.0889 
        D908  5 0.6418 0.2393 0.0444 0.0745 
        D910  5 0.2646 0.5842 0.1083 0.0429 
        D911  5 0.5647 0.0692 0.3242 0.0419 
        D934  5 0.5385 0.2077 0.1753 0.0785 
        D946  5 0.4718 0.2638 0.0742 0.1902 
        D947  5 0.1795 0.1943 0.4502 0.1759 
        D948  5 0.0338 0.1409 0.0790 0.7463 
        D949  5 0.0399 0.0973 0.0754 0.7874 
        D950  5 0.6689 0.0703 0.2332 0.0276 
        D951  5 0.0391 0.1362 0.7479 0.0768 
        D952  5 0.1023 0.2017 0.6241 0.0718 
        D953  5 0.0817 0.7194 0.1290 0.0698 
        D954  5 0.0513 0.3795 0.4935 0.0757 
        D961  5 0.1422 0.6931 0.0478 0.1168 
        D962  5 0.0306 0.8278 0.1032 0.0384 
        D963  5 0.1278 0.4059 0.4109 0.0554 
        D964  5 0.3035 0.2144 0.1661 0.3160 
        D965  5 0.2364 0.3797 0.2335 0.1504 
        D966  5 0.2290 0.4518 0.2637 0.0555 
        D967  5 0.4349 0.2805 0.1167 0.1679 
        D991  5 0.0727 0.3916 0.2008 0.3349 
        D502  6 0.3765 0.0900 0.1514 0.3821 
        D503  6 0.6436 0.0470 0.0444 0.2650 
        D504  6 0.1544 0.1631 0.5679 0.1146 
        D505  6 0.2393 0.4206 0.2250 0.1151 
        D506  6 0.0327 0.8903 0.0415 0.0355 
        D507  6 0.4272 0.1137 0.2101 0.2490 
        D508  6 0.2489 0.1416 0.5070 0.1025 
        D529  6 0.1510 0.2845 0.2408 0.3237 
        D530  6 0.0816 0.7310 0.0442 0.1432 
        D531  6 0.1795 0.2780 0.3845 0.1580 
        D532  6 0.0862 0.5894 0.2635 0.0609 
        D534  6 0.0617 0.0443 0.1020 0.7919 
        D535  6 0.0577 0.5934 0.2373 0.1117 
        D536  6 0.7919 0.0398 0.0511 0.1172 
        D554  6 0.0528 0.7408 0.0707 0.1357 
        D587  6 0.0975 0.7252 0.1235 0.0539 
        D588  6 0.0739 0.3915 0.4749 0.0597 
        D589  6 0.6514 0.1358 0.0929 0.1200 
        D590  6 0.7874 0.0530 0.0841 0.0755 
        D591  6 0.3773 0.1694 0.2516 0.2016 
        D592  6 0.0757 0.0624 0.0730 0.7889 
        D593  6 0.0859 0.7763 0.0439 0.0940 
        D682  6 0.0665 0.8133 0.0549 0.0654 
        D683  6 0.0579 0.2421 0.5759 0.1241 
        D684  6 0.4089 0.0243 0.1652 0.4015 
        D685  6 0.4815 0.1500 0.0845 0.2840 
        D686  6 0.0361 0.8491 0.0659 0.0489 
        D724  6 0.1863 0.0956 0.4734 0.2447 
        D725  6 0.3106 0.4420 0.1185 0.1290 
        D726  6 0.0395 0.8592 0.0496 0.0516 
        D727  6 0.3917 0.1314 0.3533 0.1236 
        D728  6 0.0497 0.8135 0.0650 0.0718 
        D729  6 0.1716 0.0377 0.3416 0.4491 
        D730  6 0.3244 0.1136 0.2278 0.3342 
        D731  6 0.3161 0.6242 0.0242 0.0355 
        D732  6 0.1147 0.1558 0.6197 0.1097 
        D733  6 0.1642 0.3009 0.2624 0.2724 
     D237251  7 0.6255 0.2103 0.0681 0.0961 
     D237252  7 0.3177 0.0575 0.1057 0.5192 
     D237253  7 0.5116 0.2562 0.1368 0.0954 
     D237254  7 0.0427 0.0315 0.0518 0.8740 
     D237255  7 0.7889 0.0935 0.0631 0.0545 
     D237256  7 0.6343 0.1090 0.2043 0.0523 
     D237257  7 0.1432 0.0863 0.1795 0.5910 
     D237282  7 0.0915 0.0404 0.7394 0.1287 
     D237283  7 0.0636 0.0358 0.0254 0.8753 
     D237284  7 0.0437 0.0353 0.0775 0.8434 
     D237285  7 0.2074 0.5729 0.1140 0.1057 
     D237286  7 0.1921 0.2635 0.4054 0.1390 
     D237287  7 0.5273 0.0909 0.2391 0.1427 
     D244006  7 0.0284 0.0266 0.0680 0.8769 
     D244007  7 0.4145 0.0749 0.3989 0.1118 
     D244008  7 0.0499 0.0925 0.0356 0.8220 
     D244009  7 0.0619 0.1405 0.1503 0.6473 
     D244010  7 0.1780 0.1122 0.1443 0.5655 
     D244011  7 0.3671 0.3122 0.1197 0.2011 
     D244012  7 0.4017 0.0942 0.2608 0.2433 
     D244013  7 0.4696 0.2215 0.2078 0.1011 
     D244014  7 0.4134 0.1067 0.1330 0.3468 
     D244015  7 0.1060 0.0612 0.2506 0.5821 
     D244125  7 0.3785 0.3023 0.2499 0.0692 
     D244126  7 0.0311 0.0210 0.0274 0.9205 
     D244130  7 0.1713 0.1664 0.1650 0.4973 
     D244131  7 0.1197 0.3002 0.4030 0.1772 
     D244132  7 0.0494 0.5454 0.3292 0.0759 
        D520  7 0.0761 0.3564 0.1088 0.4586 
        D521  7 0.1594 0.2109 0.3270 0.3027 
        D522  7 0.0826 0.0874 0.3049 0.5251 
        D523  7 0.8107 0.0655 0.0628 0.0610 
        D524  7 0.4525 0.2739 0.1292 0.1444 
        D525  7 0.3155 0.0479 0.0701 0.5665 
        D526  7 0.0422 0.0280 0.0835 0.8463 
        D527  7 0.1989 0.1534 0.4472 0.2005 
        D528  7 0.0178 0.0232 0.4726 0.4864 
        D558  7 0.1599 0.0791 0.5450 0.2160 
        D559  7 0.2312 0.0329 0.5954 0.1406 
        D640  7 0.2739 0.3738 0.2320 0.1203 
        D641  7 0.2662 0.4123 0.0488 0.2727 
        D642  7 0.2138 0.1028 0.1148 0.5686 
        D644  7 0.1428 0.4320 0.1179 0.3074 
        D645  7 0.4109 0.2042 0.1448 0.2401 
        D662  7 0.0316 0.1328 0.2516 0.5841 
        D687  7 0.5016 0.1317 0.2376 0.1291 
        D688  7 0.1821 0.0461 0.5407 0.2311 
        D689  7 0.2254 0.3856 0.2588 0.1302 
        D700  7 0.0292 0.0182 0.5356 0.4170 
        D797  7 0.2870 0.3002 0.2492 0.1636 
        D798  7 0.0389 0.0650 0.1303 0.7658 
        D799  7 0.6321 0.0651 0.1033 0.1995 
        D800  7 0.1259 0.0372 0.7284 0.1085 
        D132  8 0.0280 0.0365 0.0433 0.8922 
        D133  8 0.8896 0.0210 0.0240 0.0655 
        D200  8 0.4125 0.2710 0.2064 0.1102 
        D500  8 0.0208 0.0417 0.0387 0.8989 
        D614  8 0.0624 0.6443 0.1085 0.1848 
        D723  8 0.1361 0.0972 0.4005 0.3663 
        D888  8 0.8311 0.0413 0.0784 0.0492 
        D901  8 0.1540 0.1167 0.0413 0.6879 
        D902  8 0.0563 0.7880 0.0537 0.1020 
        D903  8 0.0971 0.2215 0.6315 0.0499 
        D904  8 0.1290 0.1715 0.4656 0.2339 
        D905  8 0.8041 0.1338 0.0319 0.0302 
        D906  8 0.7002 0.0482 0.1561 0.0955 
        D937  8 0.0719 0.8660 0.0240 0.0381 
        D943  8 0.1976 0.0788 0.3020 0.4216 
        D972  8 0.0983 0.0807 0.3085 0.5125 
        D973  8 0.0347 0.0834 0.6789 0.2029 
        D974  8 0.1622 0.3696 0.2097 0.2585 
        D975  8 0.2318 0.4401 0.2097 0.1185 
        D976  8 0.3075 0.2735 0.1122 0.3069 
        D201  9 0.5397 0.0716 0.2410 0.1477 
        D202  9 0.5403 0.1870 0.0478 0.2250 
     D237259  9 0.1675 0.0363 0.5792 0.2170 
     D237260  9 0.5299 0.0716 0.0313 0.3671 
     D237262  9 0.0260 0.0344 0.0395 0.9001 
     D237263  9 0.2547 0.0511 0.1318 0.5624 
     D237264  9 0.2114 0.2432 0.1519 0.3934 
     D237265  9 0.8142 0.0588 0.0328 0.0942 
     D237266  9 0.6554 0.0358 0.0837 0.2251 
     D237267  9 0.1335 0.4248 0.1210 0.3207 
     D237268  9 0.0828 0.1464 0.1676 0.6032 
     D237289  9 0.5390 0.3026 0.0468 0.1116 
     D237290  9 0.8793 0.0323 0.0333 0.0551 
     D237291  9 0.7486 0.0814 0.0577 0.1123 
     D237292  9 0.6294 0.0487 0.0487 0.2731 
     D237293  9 0.1423 0.3459 0.1539 0.3579 
     D237294  9 0.2480 0.0872 0.0339 0.6309 
     D237295  9 0.0441 0.3297 0.3307 0.2955 
     D237296  9 0.3054 0.2433 0.1347 0.3165 
     D237297  9 0.1081 0.7435 0.0698 0.0785 
     D237298  9 0.3004 0.0966 0.3614 0.2417 
     D237341  9 0.5496 0.1005 0.2132 0.1367 
     D237342  9 0.0875 0.1154 0.0667 0.7303 
     D237343  9 0.2914 0.0603 0.1412 0.5071 
     D237344  9 0.2187 0.5629 0.1011 0.1174 
     D237345  9 0.0623 0.0223 0.0372 0.8782 
     D237346  9 0.5894 0.1950 0.0525 0.1631 
     D237347  9 0.2415 0.5346 0.1331 0.0908 
     D237348  9 0.2256 0.2903 0.1424 0.3417 
     D237349  9 0.3386 0.0351 0.4217 0.2046 
     D244109  9 0.5992 0.0208 0.2020 0.1780 
     D244110  9 0.7408 0.0357 0.1052 0.1183 
     D244111  9 0.3419 0.1771 0.2966 0.1844 
     D244128  9 0.0887 0.0651 0.0505 0.7957 
     D244137  9 0.0587 0.0671 0.7326 0.1417 
     D244138  9 0.5073 0.2074 0.0892 0.1961 
        D580  9 0.0355 0.1332 0.1752 0.6562 
        D581  9 0.8560 0.0305 0.0343 0.0792 
        D582  9 0.0248 0.0351 0.0241 0.9160 
        D583  9 0.8355 0.0318 0.0346 0.0980 
        D584  9 0.0849 0.5629 0.0571 0.2951 
        D585  9 0.2631 0.0490 0.0609 0.6270 
        D586  9 0.8306 0.0821 0.0441 0.0432 
        D651  9 0.2065 0.1916 0.4879 0.1140 
        D652  9 0.1416 0.0378 0.4035 0.4172 
        D653  9 0.3930 0.0812 0.4310 0.0948 
        D654  9 0.3349 0.0522 0.3960 0.2169 
        D655  9 0.4507 0.3295 0.1288 0.0910 
        D656  9 0.0553 0.0694 0.0657 0.8096 
        D657  9 0.2071 0.1715 0.1753 0.4461 
        D667  9 0.2307 0.6341 0.0662 0.0690 
        D668  9 0.2213 0.1471 0.0707 0.5609 
        D669  9 0.6853 0.0888 0.0884 0.1374 
        D670  9 0.0945 0.0926 0.7234 0.0895 
        D671  9 0.6982 0.0683 0.1064 0.1270 
        D672  9 0.1070 0.0525 0.0650 0.7755 
        D673  9 0.1864 0.3428 0.1550 0.3159 
        D692  9 0.2523 0.0476 0.0676 0.6324 
        D693  9 0.1349 0.4005 0.1605 0.3041 
        D694  9 0.0835 0.0671 0.0456 0.8039 
        D695  9 0.1151 0.1121 0.2534 0.5194 
        D696  9 0.0269 0.9216 0.0288 0.0227 
        D697  9 0.2337 0.5120 0.1273 0.1271 
        D698  9 0.4780 0.3697 0.0536 0.0987 
        D699  9 0.1548 0.7011 0.0310 0.1131 
        D787  9 0.2069 0.0532 0.4404 0.2994 
        D788  9 0.0454 0.7187 0.0803 0.1556 
        D789  9 0.2164 0.3329 0.0717 0.3791 
        D790  9 0.3195 0.1204 0.2741 0.2860 
        D791  9 0.6339 0.2058 0.0540 0.1063 
        D792  9 0.2597 0.0585 0.4478 0.2341 
        D793  9 0.1476 0.6160 0.1724 0.0640 
        D794  9 0.1703 0.4377 0.2940 0.0980 
        D795  9 0.0854 0.1468 0.0304 0.7374 
        D796  9 0.5818 0.1797 0.0707 0.1678 
        D142 10 0.1509 0.5834 0.1949 0.0707 
        D143 10 0.7805 0.0979 0.0619 0.0596 
        D144 10 0.1311 0.3797 0.2589 0.2304 
        D145 10 0.8295 0.0498 0.0686 0.0521 
        D146 10 0.0386 0.1511 0.1131 0.6973 
        D147 10 0.1410 0.1281 0.2747 0.4561 
        D148 10 0.1011 0.1260 0.4744 0.2985 
        D149 10 0.8283 0.0370 0.0737 0.0609 
        D151 10 0.2501 0.0782 0.2523 0.4194 
        D152 10 0.9285 0.0243 0.0229 0.0242 
        D153 10 0.0419 0.3596 0.4917 0.1068 
        D156 10 0.1119 0.0937 0.7359 0.0585 
        D157 10 0.0991 0.5956 0.0824 0.2229 
        D158 10 0.3856 0.3241 0.0618 0.2285 
        D159 10 0.8853 0.0456 0.0401 0.0291 
        D160 10 0.7176 0.2093 0.0283 0.0448 
        D161 10 0.1843 0.2408 0.4212 0.1537 
        D162 10 0.2073 0.1954 0.5557 0.0417 
        D169 10 0.0894 0.0423 0.0763 0.7921 
        D170 10 0.0484 0.1413 0.1100 0.7003 
        D171 10 0.0718 0.6102 0.1494 0.1686 
        D172 10 0.2046 0.1644 0.3759 0.2551 
        D173 10 0.8207 0.0223 0.1050 0.0520 
        D181 10 0.1417 0.6090 0.1820 0.0673 
        D182 10 0.5982 0.0498 0.1723 0.1796 
        D183 10 0.0469 0.8320 0.0687 0.0524 
        D184 10 0.0202 0.0253 0.0715 0.8830 
        D185 10 0.0951 0.1259 0.6076 0.1714 
        D186 10 0.0755 0.0426 0.0393 0.8425 
        D194 10 0.0775 0.1423 0.1577 0.6226 
        D195 10 0.4049 0.2638 0.2575 0.0738 
        D196 10 0.3061 0.1819 0.4716 0.0404 
        D197 10 0.2010 0.0781 0.0278 0.6930 
        D198 10 0.0513 0.2684 0.3769 0.3034 
     D237226 10 0.6192 0.0398 0.1166 0.2244 
     D237232 10 0.4091 0.3938 0.0695 0.1276 
     D237233 10 0.6623 0.1956 0.0467 0.0954 
     D237234 10 0.2182 0.5162 0.1434 0.1222 
     D237354 10 0.9045 0.0321 0.0352 0.0281 
     D237355 10 0.7548 0.0955 0.0731 0.0766 
     D237356 10 0.0428 0.5465 0.2569 0.1538 
     D237357 10 0.4796 0.1097 0.1187 0.2921 
     D237358 10 0.1583 0.0727 0.4514 0.3176 
     D237369 10 0.0522 0.0335 0.0978 0.8165 
     D237370 10 0.0975 0.8172 0.0375 0.0478 
     D237371 10 0.0838 0.1148 0.5608 0.2406 
     D237372 10 0.4635 0.0563 0.1171 0.3631 
     D237373 10 0.4102 0.4111 0.0861 0.0926 
     D237374 10 0.7720 0.1549 0.0312 0.0419 
     D237375 10 0.3315 0.1503 0.3300 0.1881 
     D237400 10 0.9088 0.0324 0.0350 0.0238 
     D244002 10 0.0965 0.0456 0.3189 0.5390 
     D244003 10 0.5850 0.3053 0.0238 0.0859 
     D244004 10 0.0271 0.9156 0.0170 0.0403 
     D244005 10 0.6539 0.0439 0.0715 0.2307 
     D244020 10 0.1344 0.4269 0.3137 0.1250 
     D244021 10 0.2534 0.1071 0.0828 0.5567 
     D244116 10 0.1378 0.1494 0.1567 0.5561 
     D244117 10 0.4293 0.4359 0.0527 0.0821 
     D244121 10 0.2101 0.6259 0.0465 0.1176 
     D244123 10 0.3276 0.4733 0.0942 0.1049 
     D244124 10 0.3784 0.1637 0.0457 0.4123 
        D332 10 0.0646 0.1125 0.7611 0.0618 
        D570 10 0.0379 0.7843 0.1078 0.0701 
        D602 10 0.0501 0.0647 0.8238 0.0614 
        D603 10 0.2883 0.4087 0.0971 0.2059 
        D604 10 0.3764 0.1048 0.4709 0.0480 
        D605 10 0.1615 0.1177 0.5361 0.1847 
        D606 10 0.0568 0.2350 0.0620 0.6463 
        D607 10 0.0360 0.0397 0.8886 0.0357 
        D608 10 0.9125 0.0201 0.0484 0.0189 
        D609 10 0.0397 0.6994 0.1809 0.0800 
        D610 10 0.1769 0.3683 0.3058 0.1490 
        D611 10 0.0223 0.9381 0.0198 0.0199 
        D613 10 0.1325 0.3347 0.4507 0.0821 
        D633 10 0.1002 0.0413 0.7592 0.0993 
        D634 10 0.1391 0.6200 0.1109 0.1300 
        D638 10 0.8739 0.0571 0.0355 0.0336 
        D681 10 0.1203 0.5419 0.0871 0.2507 
        D754 10 0.1134 0.3000 0.0425 0.5441 
        D755 10 0.6127 0.3022 0.0223 0.0628 
        D756 10 0.1544 0.6199 0.0563 0.1694 
        D757 10 0.4457 0.0945 0.2228 0.2369 
        D758 10 0.2284 0.2792 0.2029 0.2896 
        D759 10 0.5869 0.2755 0.0657 0.0719 
        D760 10 0.3558 0.3947 0.1507 0.0988 
        D761 10 0.8851 0.0596 0.0239 0.0314 
        D762 10 0.0813 0.0780 0.7639 0.0767 
        D775 10 0.2201 0.6641 0.0260 0.0898 
        D776 10 0.8426 0.0700 0.0380 0.0494 
        D777 10 0.3063 0.3847 0.0704 0.2386 
        D778 10 0.7771 0.0328 0.0366 0.1535 
        D779 10 0.1648 0.4385 0.0698 0.3269 
        D780 10 0.5739 0.1571 0.1962 0.0728 
        D781 10 0.1114 0.1228 0.6843 0.0815 
        D858 10 0.0508 0.0216 0.0284 0.8992 
        D933 10 0.2712 0.2246 0.4228 0.0814 
        D038 11 0.4909 0.1323 0.1684 0.2083 
        D063 11 0.4522 0.3625 0.0926 0.0927 
        D155 11 0.3664 0.4069 0.1425 0.0842 
        D175 11 0.0843 0.5379 0.0669 0.3108 
        D176 11 0.7636 0.1486 0.0306 0.0571 
        D205 11 0.0228 0.7661 0.0402 0.1708 
     D237229 11 0.3320 0.0433 0.3661 0.2587 
     D237230 11 0.1412 0.0567 0.5664 0.2357 
     D237231 11 0.0647 0.0552 0.8317 0.0483 
     D237269 11 0.3743 0.1083 0.3782 0.1392 
     D237270 11 0.0709 0.0380 0.1049 0.7863 
     D237271 11 0.0872 0.6100 0.1718 0.1310 
     D237272 11 0.1341 0.0551 0.5213 0.2895 
     D237273 11 0.2397 0.6112 0.0832 0.0659 
     D237301 11 0.0521 0.2199 0.6800 0.0481 
     D237302 11 0.2100 0.1040 0.1490 0.5371 
     D237303 11 0.1555 0.0399 0.2216 0.5830 
     D237304 11 0.1469 0.1905 0.4044 0.2583 
     D237305 11 0.1225 0.0943 0.0567 0.7264 
     D237314 11 0.2336 0.4216 0.1437 0.2011 
     D237315 11 0.0919 0.0787 0.1610 0.6684 
     D237316 11 0.0353 0.1601 0.7581 0.0465 
     D237328 11 0.0340 0.2950 0.3830 0.2879 
     D237329 11 0.4926 0.1186 0.1097 0.2791 
     D237330 11 0.1521 0.7568 0.0441 0.0469 
     D237331 11 0.2681 0.3830 0.2425 0.1064 
     D237332 11 0.0973 0.4190 0.3439 0.1398 
     D237333 11 0.5987 0.3094 0.0613 0.0306 
     D237334 11 0.0603 0.1096 0.7728 0.0573 
     D237335 11 0.0613 0.3998 0.2646 0.2743 
     D237336 11 0.6055 0.1340 0.1038 0.1568 
     D237350 11 0.0994 0.7550 0.0917 0.0539 
     D237383 11 0.3381 0.1813 0.0715 0.4090 
     D237384 11 0.0957 0.0727 0.6073 0.2244 
     D237385 11 0.2265 0.2235 0.2866 0.2635 
     D237386 11 0.1326 0.1817 0.5942 0.0916 
     D237387 11 0.0418 0.1854 0.5866 0.1861 
     D237388 11 0.0558 0.8081 0.0887 0.0473 
        D239 11 0.3219 0.4060 0.1916 0.0805 
        D240 11 0.8364 0.0421 0.0401 0.0814 
        D241 11 0.1211 0.0687 0.5260 0.2841 
        D242 11 0.2020 0.1088 0.5505 0.1387 
        D243 11 0.2632 0.4440 0.1233 0.1695 
        D244 11 0.0524 0.7469 0.0668 0.1338 
