        D174  1 0.0892 0.6888 0.1271 0.0365 0.0584 
        D199  1 0.2091 0.2396 0.0479 0.2312 0.2723 
        D203  1 0.1157 0.0690 0.2052 0.3072 0.3028 
        D204  1 0.0336 0.0202 0.0177 0.0199 0.9086 
     D237366  1 0.2384 0.0781 0.4058 0.1347 0.1431 
     D237367  1 0.3015 0.0465 0.1787 0.0575 0.4158 
     D237368  1 0.2020 0.0640 0.4481 0.0999 0.1861 
     D244101  1 0.1453 0.0265 0.0254 0.1783 0.6244 
     D244102  1 0.1842 0.2786 0.2394 0.1096 0.1882 
     D244103  1 0.5439 0.0697 0.1520 0.0497 0.1847 
     D244104  1 0.0430 0.0741 0.0382 0.0489 0.7958 
     D244105  1 0.2478 0.0202 0.6281 0.0214 0.0825 
     D244106  1 0.1104 0.5690 0.0579 0.1889 0.0738 
     D244107  1 0.2650 0.0192 0.5563 0.0389 0.1207 
     D244108  1 0.0850 0.4858 0.2257 0.0635 0.1401 
     D244113  1 0.0303 0.9083 0.0165 0.0283 0.0165 
     D244114  1 0.4287 0.2140 0.0622 0.1376 0.1576 
     D244115  1 0.1945 0.3533 0.2045 0.0428 0.2048 
     D267365  1 0.0979 0.3160 0.0670 0.0782 0.4409 
        D404  1 0.0472 0.8500 0.0322 0.0372 0.0334 
        D405  1 0.1102 0.5566 0.0836 0.1030 0.1466 
        D406  1 0.0185 0.0270 0.8555 0.0188 0.0803 
        D407  1 0.3921 0.0335 0.0611 0.0502 0.4630 
        D408  1 0.0843 0.7320 0.0380 0.0868 0.0589 
        D409  1 0.6270 0.0768 0.1092 0.0497 0.1374 
        D410  1 0.0361 0.0355 0.8630 0.0115 0.0540 
        D421  1 0.0581 0.0252 0.0114 0.0337 0.8716 
        D422  1 0.0916 0.0129 0.8386 0.0154 0.0415 
        D423  1 0.0553 0.0156 0.8461 0.0246 0.0584 
        D424  1 0.2768 0.0399 0.0885 0.0156 0.5791 
        D425  1 0.1720 0.2179 0.0638 0.0404 0.5059 
        D426  1 0.7753 0.0252 0.0502 0.1072 0.0421 
        D427  1 0.0569 0.1101 0.0342 0.6660 0.1328 
        D428  1 0.1949 0.2492 0.0833 0.0455 0.4271 
        D429  1 0.0862 0.3675 0.0747 0.0407 0.4308 
        D430  1 0.3213 0.2793 0.0770 0.2090 0.1134 
        D491  1 0.0630 0.6940 0.0488 0.0216 0.1727 
        D492  1 0.2582 0.2711 0.1247 0.0420 0.3038 
        D537  1 0.1009 0.0688 0.0623 0.0202 0.7477 
        D538  1 0.3404 0.1627 0.2965 0.0963 0.1041 
        D539  1 0.1146 0.3286 0.2221 0.2659 0.0687 
        D540  1 0.4470 0.0917 0.1281 0.0480 0.2852 
        D541  1 0.0385 0.0145 0.0274 0.0232 0.8964 
        D551  1 0.5881 0.0339 0.0356 0.2789 0.0635 
        D552  1 0.1195 0.1687 0.3022 0.0601 0.3495 
        D553  1 0.0317 0.0227 0.0197 0.0146 0.9113 
        D615  1 0.1278 0.0863 0.1768 0.1176 0.4915 
        D616  1 0.2798 0.0786 0.2592 0.1369 0.2455 
        D621  1 0.0849 0.1515 0.7013 0.0315 0.0307 
        D622  1 0.0995 0.0319 0.8010 0.0221 0.0455 
        D623  1 0.0863 0.6074 0.0312 0.2158 0.0593 
        D624  1 0.1207 0.7580 0.0412 0.0222 0.0578 
        D625  1 0.0569 0.0846 0.0789 0.0166 0.7631 
        D626  1 0.1087 0.4865 0.2410 0.0722 0.0916 
        D627  1 0.7699 0.0328 0.0480 0.0649 0.0844 
        D690  1 0.0307 0.0569 0.0667 0.0116 0.8342 
        D691  1 0.0527 0.0293 0.7968 0.0331 0.0880 
        D710  1 0.1374 0.1911 0.0787 0.0552 0.5377 
        D711  1 0.0565 0.0520 0.0459 0.0221 0.8235 
        D712  1 0.0622 0.7760 0.0654 0.0535 0.0431 
        D713  1 0.1198 0.6029 0.0843 0.0178 0.1752 
        D746  1 0.0338 0.0226 0.8565 0.0208 0.0664 
        D747  1 0.0201 0.0159 0.0147 0.0252 0.9241 
        D748  1 0.0913 0.0541 0.3741 0.0284 0.4522 
        D749  1 0.2930 0.1442 0.4720 0.0549 0.0359 
        D750  1 0.0439 0.6068 0.0737 0.0231 0.2524 
        D763  1 0.3045 0.0594 0.0946 0.2519 0.2896 
        D764  1 0.0585 0.1976 0.1251 0.0181 0.6008 
        D765  1 0.1211 0.0557 0.7587 0.0226 0.0418 
        D766  1 0.1176 0.0904 0.5129 0.0199 0.2592 
        D767  1 0.1689 0.1095 0.3098 0.1131 0.2987 
        D768  1 0.0316 0.0138 0.0314 0.0192 0.9041 
        D811  1 0.0955 0.7675 0.0719 0.0331 0.0320 
        D816  1 0.0249 0.0295 0.0187 0.0124 0.9145 
        D825  1 0.1314 0.5024 0.1906 0.0192 0.1564 
        D866  1 0.1139 0.2065 0.0585 0.5610 0.0600 
        D867  1 0.1378 0.0275 0.7720 0.0409 0.0219 
        D871  1 0.7748 0.0464 0.0331 0.0253 0.1204 
        D872  1 0.1184 0.0875 0.2235 0.0401 0.5304 
        D873  1 0.0196 0.0168 0.9447 0.0109 0.0081 
        D874  1 0.0875 0.3028 0.0273 0.0780 0.5045 
        D875  1 0.6765 0.0345 0.2070 0.0164 0.0657 
        D876  1 0.0832 0.1148 0.0812 0.0274 0.6934 
        D877  1 0.0948 0.8019 0.0200 0.0263 0.0570 
        D892  1 0.1075 0.2876 0.1807 0.0169 0.4074 
        D893  1 0.1150 0.0356 0.1099 0.0692 0.6704 
        D894  1 0.1509 0.1001 0.0755 0.0445 0.6290 
        D915  1 0.0758 0.0635 0.1771 0.0248 0.6588 
        D916  1 0.0168 0.0179 0.0192 0.0101 0.9360 
        D917  1 0.2279 0.3507 0.0353 0.1327 0.2535 
        D925  1 0.0333 0.0778 0.7336 0.0291 0.1262 
        D926  1 0.2704 0.1221 0.0885 0.0237 0.4953 
        D927  1 0.1745 0.0661 0.0375 0.3248 0.3970 
        D928  1 0.0271 0.8481 0.0173 0.0133 0.0943 
        D929  1 0.1835 0.4242 0.1800 0.0635 0.1488 
        D936  1 0.0658 0.0449 0.0328 0.0657 0.7909 
        D938  1 0.0273 0.0234 0.9053 0.0126 0.0314 
        D956  1 0.0683 0.7557 0.0726 0.0704 0.0330 
        D957  1 0.1000 0.1024 0.4250 0.0353 0.3374 
        D958  1 0.0665 0.1621 0.2403 0.0199 0.5112 
        D959  1 0.4696 0.0241 0.0435 0.0317 0.4310 
        D960  1 0.0454 0.0264 0.8879 0.0172 0.0230 
        D989  1 0.0582 0.6345 0.0332 0.1977 0.0764 
        D990  1 0.0649 0.0257 0.8445 0.0492 0.0157 
        D023  2 0.1807 0.0273 0.4955 0.0232 0.2733 
        D130  2 0.0735 0.0154 0.7974 0.0360 0.0777 
        D131  2 0.4124 0.0444 0.0817 0.0810 0.3805 
        D163  2 0.0737 0.0308 0.8075 0.0185 0.0695 
        D164  2 0.0348 0.0129 0.4914 0.4443 0.0165 
        D165  2 0.1987 0.0177 0.6145 0.0341 0.1350 
        D166  2 0.4100 0.1252 0.2443 0.1326 0.0879 
        D167  2 0.0297 0.0385 0.0168 0.8973 0.0177 
        D192  2 0.0193 0.0199 0.0123 0.9366 0.0120 
        D193  2 0.1318 0.6523 0.1180 0.0701 0.0279 
        D206  2 0.4143 0.0629 0.1286 0.2129 0.1814 
        D207  2 0.2054 0.0448 0.0283 0.6478 0.0736 
        D208  2 0.0943 0.3872 0.0553 0.3909 0.0724 
        D209  2 0.5253 0.0556 0.0696 0.2769 0.0725 
        D210  2 0.1003 0.4022 0.0374 0.3409 0.1193 
     D229599  2 0.1947 0.1584 0.1389 0.1762 0.3319 
     D229600  2 0.1654 0.0203 0.4399 0.3412 0.0331 
     D237227  2 0.1125 0.5314 0.1868 0.0888 0.0805 
     D237228  2 0.1388 0.2455 0.5084 0.0830 0.0243 
     D237258  2 0.2454 0.2089 0.1686 0.2693 0.1078 
     D237310  2 0.1059 0.0771 0.7412 0.0571 0.0186 
     D237311  2 0.0449 0.0394 0.7465 0.1511 0.0180 
     D237312  2 0.1178 0.2398 0.5730 0.0288 0.0406 
     D237313  2 0.1798 0.1820 0.2239 0.0544 0.3600 
     D237322  2 0.3532 0.1693 0.0807 0.3381 0.0587 
     D237323  2 0.0425 0.1064 0.7986 0.0359 0.0165 
     D237324  2 0.5133 0.0150 0.2166 0.1965 0.0586 
     D237325  2 0.1170 0.1404 0.6205 0.0702 0.0519 
     D237326  2 0.0756 0.0513 0.7138 0.0278 0.1314 
     D237327  2 0.3600 0.0397 0.0523 0.4239 0.1242 
     D237337  2 0.0403 0.0385 0.8711 0.0238 0.0263 
     D237338  2 0.1580 0.1586 0.4514 0.1496 0.0824 
     D237339  2 0.2543 0.0332 0.0289 0.3303 0.3534 
     D237340  2 0.1002 0.2221 0.3973 0.2534 0.0269 
     D237389  2 0.0895 0.0514 0.7785 0.0535 0.0271 
     D237390  2 0.1008 0.2155 0.5530 0.0379 0.0929 
     D244017  2 0.1326 0.4543 0.0548 0.3234 0.0349 
     D244112  2 0.0602 0.0240 0.1061 0.7959 0.0137 
     D244118  2 0.0740 0.0187 0.2502 0.6387 0.0183 
     D244119  2 0.0496 0.4458 0.0335 0.4455 0.0257 
     D244120  2 0.0633 0.2364 0.0580 0.6241 0.0182 
     D244122  2 0.0820 0.0991 0.0565 0.7286 0.0338 
        D291  2 0.3927 0.0469 0.0570 0.4109 0.0924 
        D292  2 0.0798 0.1119 0.0582 0.4321 0.3180 
        D293  2 0.1319 0.0127 0.0100 0.5753 0.2701 
        D322  2 0.1503 0.0170 0.0311 0.4401 0.3614 
        D323  2 0.3215 0.1738 0.0659 0.1862 0.2526 
        D324  2 0.2866 0.0924 0.1151 0.1967 0.3091 
        D325  2 0.1325 0.0115 0.0134 0.7813 0.0614 
        D326  2 0.0254 0.0271 0.0111 0.0176 0.9187 
        D340  2 0.0272 0.0116 0.0114 0.9336 0.0162 
        D341  2 0.0436 0.0252 0.0349 0.8630 0.0333 
        D342  2 0.2102 0.0320 0.1426 0.5855 0.0297 
        D343  2 0.0178 0.0078 0.0084 0.9498 0.0162 
        D344  2 0.3214 0.1018 0.0868 0.0594 0.4305 
        D345  2 0.2198 0.0632 0.2047 0.0428 0.4695 
        D346  2 0.0805 0.6421 0.0422 0.1592 0.0760 
        D351  2 0.2243 0.0317 0.1147 0.1438 0.4855 
        D352  2 0.4224 0.1980 0.0849 0.1682 0.1265 
        D353  2 0.6251 0.0226 0.0173 0.0341 0.3009 
        D354  2 0.1781 0.2797 0.1221 0.0299 0.3902 
        D362  2 0.0542 0.0566 0.0578 0.0249 0.8065 
        D363  2 0.0675 0.0782 0.0388 0.0193 0.7962 
        D364  2 0.1499 0.1296 0.0950 0.0301 0.5953 
        D365  2 0.0204 0.0136 0.0123 0.9281 0.0255 
        D369  2 0.1460 0.1817 0.1294 0.2471 0.2957 
        D374  2 0.0208 0.9370 0.0155 0.0147 0.0119 
        D375  2 0.4214 0.2155 0.1385 0.0320 0.1925 
        D376  2 0.0362 0.8649 0.0342 0.0406 0.0240 
        D377  2 0.1689 0.3834 0.2506 0.1156 0.0816 
        D378  2 0.1761 0.0244 0.0366 0.2001 0.5629 
        D379  2 0.1129 0.0247 0.0251 0.0203 0.8169 
        D384  2 0.0338 0.0314 0.0207 0.0224 0.8917 
        D385  2 0.0312 0.0391 0.0145 0.8893 0.0258 
        D386  2 0.2285 0.0382 0.0774 0.0687 0.5871 
        D391  2 0.0364 0.0162 0.0173 0.8667 0.0634 
        D392  2 0.0723 0.0578 0.0676 0.7304 0.0720 
        D393  2 0.0706 0.0164 0.0445 0.1206 0.7480 
        D394  2 0.2178 0.0891 0.3893 0.0953 0.2085 
        D395  2 0.3651 0.0393 0.0278 0.5124 0.0554 
        D401  2 0.0361 0.0404 0.8869 0.0187 0.0180 
        D402  2 0.0267 0.0181 0.0188 0.9080 0.0284 
        D403  2 0.5666 0.0311 0.0816 0.0254 0.2954 
        D415  2 0.2007 0.0153 0.1014 0.0157 0.6668 
        D435  2 0.0838 0.0150 0.0451 0.1777 0.6785 
        D436  2 0.1716 0.2382 0.0833 0.0627 0.4442 
        D438  2 0.0269 0.0186 0.0143 0.9270 0.0133 
        D439  2 0.4358 0.0228 0.1003 0.1467 0.2944 
        D449  2 0.4390 0.0327 0.0452 0.3678 0.1153 
        D450  2 0.2679 0.4215 0.0665 0.0387 0.2054 
        D456  2 0.0531 0.0189 0.0113 0.0126 0.9041 
        D462  2 0.0353 0.0123 0.0203 0.8547 0.0773 
        D463  2 0.0301 0.0188 0.0155 0.0103 0.9253 
        D464  2 0.5808 0.0837 0.0271 0.0599 0.2485 
        D465  2 0.2177 0.0424 0.0847 0.2887 0.3665 
        D473  2 0.0461 0.7299 0.1184 0.0638 0.0418 
        D474  2 0.0800 0.0509 0.0599 0.1128 0.6965 
        D476  2 0.1592 0.0193 0.5315 0.1840 0.1059 
        D477  2 0.0959 0.1454 0.0566 0.0468 0.6553 
        D478  2 0.4229 0.2776 0.1427 0.0629 0.0940 
        D480  2 0.1179 0.0758 0.0256 0.1792 0.6015 
        D481  2 0.1706 0.1271 0.1064 0.0899 0.5060 
        D482  2 0.2036 0.3366 0.1661 0.2305 0.0632 
        D483  2 0.0299 0.0386 0.0185 0.8968 0.0161 
        D484  2 0.2940 0.3253 0.0616 0.2311 0.0880 
        D510  2 0.0299 0.8772 0.0246 0.0456 0.0227 
        D511  2 0.1625 0.0266 0.0509 0.1276 0.6324 
        D512  2 0.2437 0.0294 0.5823 0.0949 0.0497 
        D513  2 0.2221 0.0582 0.0464 0.5248 0.1485 
        D635  2 0.1577 0.0379 0.1020 0.0296 0.6728 
        D636  2 0.0563 0.0235 0.8746 0.0123 0.0333 
        D637  2 0.2169 0.1852 0.1109 0.3955 0.0915 
        D658  2 0.0589 0.1302 0.0696 0.7045 0.0369 
        D659  2 0.1039 0.0344 0.0424 0.0361 0.7832 
        D677  2 0.1949 0.0467 0.2378 0.1294 0.3911 
        D678  2 0.2823 0.0681 0.0512 0.5726 0.0258 
        D679  2 0.1446 0.0601 0.0406 0.1073 0.6474 
        D719  2 0.0525 0.3617 0.0304 0.2201 0.3353 
        D720  2 0.0759 0.0812 0.0415 0.0408 0.7605 
        D721  2 0.3014 0.0336 0.3465 0.1230 0.1955 
        D722  2 0.0691 0.8154 0.0421 0.0463 0.0271 
        D734  2 0.0775 0.4993 0.0157 0.2918 0.1157 
        D735  2 0.2113 0.0958 0.1026 0.1103 0.4800 
        D736  2 0.1153 0.4012 0.0866 0.2088 0.1882 
        D737  2 0.0837 0.0788 0.0707 0.7311 0.0357 
        D807  2 0.0826 0.3519 0.0854 0.1528 0.3272 
        D808  2 0.2229 0.0420 0.3205 0.2419 0.1727 
        D817  2 0.1577 0.1928 0.0841 0.0371 0.5285 
        D818  2 0.3833 0.0315 0.0570 0.4026 0.1257 
        D819  2 0.2262 0.1132 0.1944 0.0619 0.4042 
        D820  2 0.0431 0.0255 0.0126 0.0358 0.8829 
        D895  2 0.2879 0.0532 0.0996 0.0268 0.5325 
        D896  2 0.0162 0.0302 0.9204 0.0140 0.0191 
        D897  2 0.2112 0.0461 0.0449 0.6580 0.0398 
        D898  2 0.3932 0.1908 0.2094 0.0894 0.1172 
        D918  2 0.2931 0.0723 0.3523 0.2043 0.0779 
        D919  2 0.2277 0.0254 0.0351 0.2706 0.4412 
        D920  2 0.0397 0.0301 0.8831 0.0265 0.0206 
        D923  2 0.0718 0.0274 0.0303 0.0305 0.8401 
        D930  2 0.2052 0.2248 0.0814 0.0702 0.4185 
        D931  2 0.0978 0.1272 0.0439 0.1468 0.5843 
        D968  2 0.0194 0.0138 0.0108 0.9282 0.0278 
        D969  2 0.1269 0.0528 0.0443 0.2171 0.5589 
        D977  2 0.1922 0.0224 0.0352 0.6985 0.0517 
        D978  2 0.3983 0.0633 0.0354 0.4286 0.0744 
        D211  3 0.2352 0.0418 0.5187 0.0631 0.1412 
     D229639  3 0.0840 0.1245 0.0486 0.6736 0.0694 
     D237212  3 0.1982 0.0735 0.1522 0.2781 0.2980 
     D237213  3 0.2121 0.0467 0.4203 0.0639 0.2570 
     D237214  3 0.5108 0.0643 0.3495 0.0235 0.0519 
     D237215  3 0.0440 0.1072 0.0238 0.8088 0.0162 
     D237216  3 0.8293 0.0325 0.0654 0.0360 0.0368 
     D237217  3 0.5266 0.0143 0.2875 0.0396 0.1320 
     D237218  3 0.1955 0.0348 0.1113 0.3908 0.2676 
     D237219  3 0.1156 0.1380 0.6297 0.0779 0.0387 
     D237382  3 0.1757 0.2508 0.2316 0.0929 0.2490 
     D244127  3 0.1468 0.0267 0.7093 0.0880 0.0292 
     D244129  3 0.2091 0.0627 0.3171 0.1171 0.2940 
     D244133  3 0.2789 0.3218 0.1208 0.1840 0.0945 
     D244134  3 0.1331 0.2265 0.1820 0.3966 0.0618 
     D244135  3 0.2662 0.0292 0.5632 0.0688 0.0726 
     D244136  3 0.1552 0.4695 0.0672 0.1091 0.1990 
        D416  3 0.3112 0.0452 0.2048 0.2160 0.2228 
        D417  3 0.0647 0.0370 0.0722 0.0225 0.8036 
        D419  3 0.2053 0.1035 0.3076 0.1731 0.2104 
        D565  3 0.0476 0.8411 0.0230 0.0171 0.0712 
        D566  3 0.1288 0.4394 0.0387 0.3388 0.0543 
        D567  3 0.0499 0.0315 0.0908 0.0252 0.8026 
        D568  3 0.1795 0.0246 0.3122 0.1750 0.3086 
        D569  3 0.4837 0.0787 0.0700 0.2502 0.1173 
        D573  3 0.1253 0.0232 0.0346 0.6470 0.1699 
        D574  3 0.1332 0.6662 0.0781 0.0758 0.0466 
        D575  3 0.2050 0.3062 0.1983 0.0965 0.1941 
        D576  3 0.0446 0.0646 0.0195 0.8629 0.0083 
        D577  3 0.0971 0.0653 0.0506 0.0307 0.7563 
        D578  3 0.2988 0.0159 0.6363 0.0341 0.0149 
        D579  3 0.1421 0.2433 0.0919 0.1444 0.3783 
        D660  3 0.2682 0.0470 0.1375 0.5205 0.0268 
        D661  3 0.1907 0.0194 0.0550 0.6811 0.0538 
        D663  3 0.1521 0.0295 0.0170 0.7606 0.0409 
        D664  3 0.1524 0.3121 0.3635 0.1537 0.0184 
        D665  3 0.6223 0.0253 0.2466 0.0758 0.0301 
        D666  3 0.1370 0.2751 0.3620 0.0653 0.1607 
        D009  4 0.3136 0.0410 0.4010 0.0328 0.2116 
        D057  4 0.1003 0.0478 0.1862 0.5585 0.1071 
        D109  4 0.2244 0.0832 0.6168 0.0277 0.0479 
     D237222  4 0.1342 0.1157 0.6669 0.0361 0.0470 
     D237223  4 0.1928 0.1411 0.4818 0.1268 0.0575 
     D237224  4 0.1506 0.0741 0.0518 0.3880 0.3355 
     D237225  4 0.4826 0.0564 0.2015 0.0401 0.2195 
     D237299  4 0.4783 0.0427 0.3672 0.0909 0.0210 
     D237300  4 0.0942 0.0599 0.0374 0.7875 0.0210 
     D237306  4 0.0825 0.6850 0.1102 0.0355 0.0867 
     D237307  4 0.1714 0.3243 0.0709 0.0880 0.3454 
     D237308  4 0.1129 0.1193 0.1353 0.5591 0.0734 
     D237309  4 0.3728 0.0411 0.2794 0.0542 0.2526 
     D237317  4 0.2963 0.3765 0.0530 0.0302 0.2439 
     D237318  4 0.0724 0.0213 0.0145 0.8685 0.0233 
     D237319  4 0.2781 0.1010 0.3934 0.0990 0.1285 
     D237320  4 0.1596 0.0573 0.3666 0.2310 0.1855 
     D237321  4 0.0753 0.0767 0.0630 0.7207 0.0642 
     D237397  4 0.1442 0.2845 0.2361 0.2522 0.0831 
     D237398  4 0.3044 0.0195 0.0421 0.5019 0.1321 
     D237399  4 0.1669 0.2272 0.1402 0.2118 0.2540 
     D244001  4 0.2535 0.0507 0.5604 0.0956 0.0398 
        D289  4 0.1431 0.2866 0.0560 0.2025 0.3118 
        D290  4 0.5219 0.0933 0.0780 0.1462 0.1607 
        D294  4 0.4702 0.1025 0.0406 0.0818 0.3049 
        D295  4 0.0969 0.1085 0.2300 0.0540 0.5105 
        D301  4 0.0480 0.0366 0.8042 0.0885 0.0228 
        D302  4 0.1083 0.0457 0.0274 0.0270 0.7917 
        D303  4 0.0507 0.7733 0.0681 0.0566 0.0514 
        D304  4 0.4622 0.1690 0.0392 0.1894 0.1402 
        D305  4 0.7903 0.0229 0.0468 0.0919 0.0481 
        D306  4 0.7086 0.1285 0.0431 0.0450 0.0749 
        D307  4 0.0692 0.0587 0.8163 0.0380 0.0177 
        D327  4 0.1501 0.1375 0.0556 0.0637 0.5931 
        D328  4 0.0742 0.7744 0.0511 0.0512 0.0491 
        D329  4 0.3497 0.0995 0.1255 0.2260 0.1993 
        D330  4 0.1897 0.0329 0.3083 0.0385 0.4307 
        D331  4 0.2112 0.1899 0.1356 0.1998 0.2635 
        D333  4 0.1388 0.3482 0.1880 0.1871 0.1379 
        D334  4 0.1011 0.6150 0.0854 0.0382 0.1603 
        D335  4 0.1395 0.0617 0.0381 0.0535 0.7072 
        D370  4 0.1327 0.5475 0.2114 0.0429 0.0656 
        D371  4 0.0420 0.8117 0.0230 0.0281 0.0953 
        D372  4 0.2901 0.0586 0.0187 0.6170 0.0156 
        D373  4 0.1313 0.0337 0.6665 0.1316 0.0369 
        D455  4 0.0702 0.0241 0.8061 0.0514 0.0483 
        D490  4 0.0296 0.0261 0.9074 0.0108 0.0261 
        D497  4 0.0986 0.0253 0.8238 0.0302 0.0222 
        D498  4 0.1962 0.3225 0.2173 0.1573 0.1068 
        D499  4 0.1568 0.2645 0.0504 0.4696 0.0587 
        D514  4 0.2022 0.0467 0.0855 0.0436 0.6219 
        D515  4 0.1878 0.0661 0.5982 0.0517 0.0963 
        D516  4 0.1833 0.1792 0.2893 0.1142 0.2341 
        D517  4 0.1835 0.0152 0.6639 0.0873 0.0501 
        D518  4 0.1982 0.1953 0.2198 0.2110 0.1756 
        D519  4 0.1316 0.0228 0.6601 0.1050 0.0805 
        D560  4 0.2489 0.0238 0.4263 0.1745 0.1264 
        D561  4 0.6071 0.0177 0.1461 0.0481 0.1810 
        D562  4 0.3563 0.1449 0.1396 0.2044 0.1549 
        D563  4 0.2464 0.0290 0.0888 0.5497 0.0861 
        D572  4 0.2383 0.1566 0.1156 0.0977 0.3918 
        D629  4 0.1764 0.0808 0.2031 0.0491 0.4905 
        D630  4 0.2402 0.1643 0.1746 0.1384 0.2825 
        D631  4 0.1730 0.1051 0.0699 0.5292 0.1228 
        D632  4 0.1147 0.0421 0.6284 0.1444 0.0704 
        D646  4 0.1498 0.0420 0.3868 0.0641 0.3573 
        D647  4 0.0900 0.0262 0.1812 0.0699 0.6328 
        D648  4 0.0880 0.7773 0.0572 0.0463 0.0312 
        D649  4 0.0529 0.0345 0.2566 0.0185 0.6376 
        D650  4 0.1317 0.2378 0.2004 0.0837 0.3464 
        D708  4 0.1445 0.6211 0.0714 0.0635 0.0995 
        D709  4 0.3931 0.2255 0.1352 0.1060 0.1401 
        D738  4 0.0705 0.5106 0.2253 0.0320 0.1617 
        D739  4 0.4120 0.1045 0.3191 0.0735 0.0909 
        D740  4 0.4578 0.1366 0.1957 0.1763 0.0336 
        D741  4 0.3333 0.0235 0.2278 0.1952 0.2202 
        D742  4 0.1300 0.1462 0.0659 0.5893 0.0686 
        D743  4 0.0662 0.0513 0.0229 0.0761 0.7833 
        D744  4 0.2106 0.0504 0.0731 0.1787 0.4872 
        D745  4 0.1416 0.0294 0.7484 0.0346 0.0461 
        D814  4 0.5960 0.0348 0.0606 0.2644 0.0441 
        D815  4 0.1279 0.1407 0.0916 0.0716 0.5683 
        D828  4 0.0922 0.6326 0.0672 0.1934 0.0147 
        D845  4 0.0431 0.0497 0.0144 0.8484 0.0444 
        D846  4 0.3217 0.0264 0.0750 0.2617 0.3152 
        D847  4 0.2374 0.1675 0.1887 0.1569 0.2495 
        D848  4 0.1824 0.0286 0.4765 0.2854 0.0271 
        D849  4 0.3092 0.0347 0.5538 0.0393 0.0630 
        D850  4 0.3421 0.1036 0.1130 0.1562 0.2852 
        D856  4 0.3772 0.0963 0.3771 0.0482 0.1012 
        D857  4 0.0344 0.0463 0.8537 0.0524 0.0131 
        D859  4 0.2269 0.1531 0.0927 0.2407 0.2866 
        D860  4 0.0940 0.3693 0.0247 0.3024 0.2095 
        D883  4 0.1253 0.2662 0.2009 0.0421 0.3655 
        D884  4 0.1321 0.2638 0.4543 0.0328 0.1170 
        D885  4 0.4679 0.0356 0.0821 0.2345 0.1798 
        D886  4 0.1563 0.0518 0.4188 0.0835 0.2895 
        D887  4 0.1388 0.1818 0.0949 0.3952 0.1892 
        D889  4 0.4781 0.0641 0.0245 0.3182 0.1151 
        D890  4 0.1269 0.5766 0.1470 0.0698 0.0796 
        D891  4 0.0335 0.0100 0.0113 0.9310 0.0142 
        D899  4 0.0942 0.2051 0.0287 0.6070 0.0650 
        D900  4 0.3087 0.1657 0.1280 0.0908 0.3068 
        D970  4 0.2546 0.1128 0.0780 0.1614 0.3932 
        D971  4 0.1939 0.0590 0.0554 0.5440 0.1476 
        D979  4 0.1269 0.0571 0.0239 0.0584 0.7337 
        D093  5 0.0700 0.7258 0.0701 0.0639 0.0701 
        D154  5 0.3423 0.1408 0.0582 0.4245 0.0341 
        D168  5 0.3522 0.0430 0.1995 0.2809 0.1245 
        D189  5 0.1191 0.5304 0.0498 0.2441 0.0566 
        D190  5 0.0398 0.8141 0.0312 0.0549 0.0599 
     D237220  5 0.2890 0.1053 0.4304 0.1072 0.0680 
     D237221  5 0.1098 0.3882 0.0864 0.2691 0.1466 
     D237274  5 0.1028 0.0275 0.0437 0.0251 0.8010 
     D237275  5 0.1038 0.0398 0.0313 0.7998 0.0252 
     D237276  5 0.1305 0.3014 0.2983 0.0693 0.2005 
     D237277  5 0.0614 0.6852 0.0317 0.1777 0.0440 
     D237278  5 0.1479 0.2038 0.1545 0.4444 0.0494 
     D237279  5 0.4953 0.0323 0.3713 0.0373 0.0638 
     D237280  5 0.2081 0.1203 0.4227 0.0305 0.2184 
     D237281  5 0.1122 0.0282 0.0221 0.7847 0.0528 
     D237351  5 0.0494 0.0702 0.8280 0.0272 0.0252 
     D237352  5 0.2423 0.1069 0.3270 0.0728 0.2509 
     D237353  5 0.0255 0.8540 0.0323 0.0580 0.0303 
     D237359  5 0.4404 0.0813 0.2142 0.1535 0.1105 
     D237361  5 0.0243 0.8990 0.0318 0.0159 0.0290 
     D237362  5 0.1646 0.3746 0.1061 0.0833 0.2714 
     D237363  5 0.7879 0.0635 0.0378 0.0797 0.0311 
     D237364  5 0.2936 0.0279 0.2020 0.2846 0.1919 
     D237376  5 0.0304 0.8762 0.0245 0.0534 0.0155 
     D237377  5 0.1644 0.1028 0.2482 0.0339 0.4507 
     D237378  5 0.0453 0.7879 0.0466 0.1026 0.0176 
     D237379  5 0.1860 0.6074 0.0716 0.0804 0.0545 
     D237380  5 0.0546 0.1186 0.7842 0.0148 0.0277 
     D237381  5 0.1590 0.0918 0.5901 0.0625 0.0966 
     D237391  5 0.0692 0.6624 0.0581 0.0781 0.1321 
     D237392  5 0.1651 0.0733 0.0791 0.1193 0.5632 
     D237393  5 0.0839 0.1753 0.0962 0.0797 0.5650 
     D237394  5 0.0244 0.8906 0.0352 0.0167 0.0331 
     D237395  5 0.1807 0.5040 0.1368 0.1319 0.0467 
     D237396  5 0.1370 0.0831 0.0633 0.0696 0.6471 
     D244016  5 0.3994 0.3444 0.0370 0.1419 0.0774 
     D244018  5 0.2372 0.1743 0.0902 0.4304 0.0679 
     D244019  5 0.3943 0.1251 0.0511 0.1363 0.2933 
        D279  5 0.3158 0.0660 0.0989 0.4606 0.0586 
        D280  5 0.3460 0.1631 0.1066 0.1654 0.2188 
        D281  5 0.1900 0.0602 0.0143 0.7061 0.0294 
        D283  5 0.1907 0.3736 0.0491 0.0911 0.2955 
        D284  5 0.3940 0.0700 0.3645 0.0910 0.0806 
        D285  5 0.1748 0.4520 0.0813 0.0987 0.1932 
        D286  5 0.1869 0.3730 0.1337 0.1195 0.1869 
        D287  5 0.0807 0.7660 0.0975 0.0361 0.0197 
        D288  5 0.3218 0.1505 0.0458 0.2370 0.2449 
        D308  5 0.0830 0.0236 0.7994 0.0171 0.0768 
        D309  5 0.2194 0.0332 0.0389 0.0189 0.6896 
        D310  5 0.3302 0.5936 0.0243 0.0215 0.0305 
        D311  5 0.2096 0.4894 0.0620 0.0710 0.1681 
        D312  5 0.0931 0.5988 0.0695 0.0631 0.1755 
        D313  5 0.0206 0.0184 0.9392 0.0109 0.0108 
        D314  5 0.2414 0.2423 0.1956 0.2604 0.0603 
        D315  5 0.1120 0.4381 0.1269 0.0633 0.2597 
        D317  5 0.0494 0.8283 0.0273 0.0302 0.0647 
        D318  5 0.3764 0.1550 0.1206 0.1631 0.1849 
        D319  5 0.0436 0.8153 0.0534 0.0637 0.0239 
        D320  5 0.0636 0.7733 0.0511 0.0437 0.0684 
        D321  5 0.0679 0.0674 0.7316 0.0610 0.0722 
        D336  5 0.0596 0.8720 0.0140 0.0191 0.0353 
        D337  5 0.0318 0.8902 0.0109 0.0397 0.0274 
        D338  5 0.2734 0.1197 0.1522 0.2178 0.2369 
        D339  5 0.1428 0.6660 0.0608 0.0707 0.0597 
        D347  5 0.3203 0.1989 0.0373 0.1119 0.3316 
        D348  5 0.0812 0.8363 0.0181 0.0321 0.0323 
        D349  5 0.0366 0.0585 0.8473 0.0207 0.0369 
        D350  5 0.2311 0.0581 0.0375 0.0688 0.6045 
        D355  5 0.3863 0.0294 0.0253 0.3606 0.1984 
        D356  5 0.1023 0.3875 0.0959 0.0444 0.3699 
        D357  5 0.3875 0.2736 0.1335 0.1003 0.1051 
        D358  5 0.1276 0.5638 0.0792 0.0869 0.1426 
        D359  5 0.1071 0.4021 0.0286 0.0218 0.4404 
        D360  5 0.0948 0.5479 0.1104 0.0351 0.2117 
        D361  5 0.0297 0.0287 0.8960 0.0172 0.0283 
        D366  5 0.1445 0.0360 0.0499 0.1788 0.5907 
        D367  5 0.1354 0.7281 0.0741 0.0389 0.0235 
        D368  5 0.2397 0.3594 0.2265 0.0594 0.1149 
        D380  5 0.2726 0.0532 0.0911 0.0705 0.5126 
        D381  5 0.2891 0.5079 0.0432 0.0705 0.0893 
        D400  5 0.1237 0.3866 0.0585 0.3184 0.1128 
        D411  5 0.1141 0.0159 0.8336 0.0207 0.0157 
        D412  5 0.5627 0.0872 0.0992 0.1584 0.0925 
        D413  5 0.0987 0.0258 0.0384 0.7665 0.0706 
        D414  5 0.2467 0.0710 0.0490 0.4667 0.1666 
        D420  5 0.5047 0.1156 0.1968 0.1364 0.0464 
        D431  5 0.2605 0.3249 0.1438 0.2475 0.0232 
        D432  5 0.1583 0.4801 0.1228 0.1394 0.0993 
        D433  5 0.0642 0.6946 0.0513 0.1124 0.0776 
        D434  5 0.1787 0.4272 0.1285 0.0637 0.2019 
        D440  5 0.3320 0.0452 0.0556 0.0332 0.5340 
        D447  5 0.3924 0.0210 0.0846 0.0477 0.4543 
        D448  5 0.0774 0.8011 0.0192 0.0502 0.0522 
        D459  5 0.0877 0.0349 0.0232 0.7644 0.0899 
        D460  5 0.0460 0.0488 0.7573 0.0294 0.1184 
        D461  5 0.1229 0.0475 0.0229 0.0258 0.7809 
        D468  5 0.2043 0.4403 0.1081 0.0506 0.1967 
        D469  5 0.0806 0.1341 0.1574 0.0539 0.5739 
        D470  5 0.2774 0.3107 0.2717 0.0529 0.0872 
        D471  5 0.0620 0.7500 0.0184 0.0980 0.0716 
        D472  5 0.0524 0.0202 0.0196 0.1307 0.7771 
        D479  5 0.0679 0.0426 0.0305 0.8206 0.0384 
        D485  5 0.2192 0.4960 0.0935 0.0973 0.0940 
        D486  5 0.2875 0.3680 0.1648 0.0342 0.1456 
        D487  5 0.1224 0.2617 0.0597 0.5161 0.0400 
        D555  5 0.0305 0.8914 0.0177 0.0353 0.0251 
        D556  5 0.1449 0.3744 0.1033 0.2715 0.1059 
        D557  5 0.0383 0.8480 0.0205 0.0477 0.0455 
        D564  5 0.1558 0.5045 0.1552 0.0659 0.1186 
        D594  5 0.4769 0.1466 0.0596 0.0676 0.2493 
        D595  5 0.1461 0.4507 0.0692 0.1367 0.1972 
        D596  5 0.0293 0.9053 0.0198 0.0252 0.0205 
        D597  5 0.1178 0.2731 0.0277 0.3547 0.2267 
        D598  5 0.1091 0.5276 0.1451 0.0771 0.1411 
        D617  5 0.2322 0.0310 0.5749 0.1376 0.0242 
        D618  5 0.0892 0.5078 0.0821 0.1882 0.1328 
        D619  5 0.1625 0.2022 0.3644 0.0398 0.2311 
        D620  5 0.0200 0.0176 0.0177 0.9104 0.0343 
        D628  5 0.2421 0.3030 0.1939 0.0890 0.1719 
        D714  5 0.1157 0.5388 0.0421 0.2749 0.0284 
        D715  5 0.0562 0.6194 0.0375 0.1435 0.1433 
        D716  5 0.3026 0.2816 0.0475 0.2146 0.1537 
        D717  5 0.1390 0.1222 0.1104 0.0564 0.5720 
        D718  5 0.3867 0.2995 0.2023 0.0875 0.0240 
        D769  5 0.2931 0.0393 0.5453 0.0961 0.0263 
        D770  5 0.1990 0.3245 0.0651 0.3563 0.0551 
        D771  5 0.2628 0.2339 0.1218 0.2931 0.0884 
        D772  5 0.0630 0.6632 0.0577 0.0823 0.1339 
        D782  5 0.6405 0.0359 0.1422 0.1123 0.0691 
        D783  5 0.2459 0.1640 0.0406 0.4930 0.0565 
        D784  5 0.1294 0.0734 0.0428 0.0538 0.7007 
        D785  5 0.0523 0.7718 0.0817 0.0340 0.0602 
        D786  5 0.1856 0.0325 0.4376 0.0513 0.2931 
        D821  5 0.0224 0.9206 0.0141 0.0237 0.0191 
        D822  5 0.2453 0.1567 0.0463 0.0624 0.4893 
        D826  5 0.1198 0.3625 0.0523 0.3742 0.0912 
        D827  5 0.2861 0.0656 0.0579 0.0954 0.4950 
        D851  5 0.4015 0.2093 0.1072 0.0920 0.1900 
        D852  5 0.1068 0.2671 0.1467 0.4263 0.0532 
        D853  5 0.2289 0.3498 0.1070 0.1432 0.1712 
        D854  5 0.4024 0.0746 0.1378 0.1949 0.1903 
        D861  5 0.3817 0.2455 0.1343 0.1741 0.0644 
        D862  5 0.1097 0.5040 0.0506 0.0263 0.3094 
        D865  5 0.0545 0.8269 0.0473 0.0485 0.0229 
        D868  5 0.0329 0.0341 0.0458 0.0352 0.8519 
        D869  5 0.1283 0.0485 0.7665 0.0232 0.0336 
        D870  5 0.8683 0.0172 0.0281 0.0356 0.0507 
        D907  5 0.1295 0.7372 0.0763 0.0268 0.0302 
        D908  5 0.0611 0.2691 0.0684 0.5702 0.0312 
        D910  5 0.0862 0.5265 0.0299 0.2719 0.0855 
        D911  5 0.3962 0.0310 0.0198 0.4311 0.1219 
        D934  5 0.2248 0.2643 0.0640 0.3673 0.0796 
        D946  5 0.2159 0.2370 0.1454 0.3734 0.0284 
        D947  5 0.2985 0.1267 0.1133 0.1138 0.3477 
        D948  5 0.0341 0.0676 0.8186 0.0209 0.0588 
        D949  5 0.0340 0.0601 0.8398 0.0206 0.0455 
        D950  5 0.2904 0.0373 0.0203 0.5366 0.1154 
        D951  5 0.4285 0.0628 0.0294 0.0223 0.4570 
        D952  5 0.0844 0.0607 0.0444 0.0460 0.7644 
        D953  5 0.0660 0.6377 0.0562 0.0538 0.1862 
        D954  5 0.1421 0.3041 0.0352 0.0312 0.4873 
        D961  5 0.1766 0.6088 0.1055 0.0776 0.0315 
        D962  5 0.0532 0.8361 0.0217 0.0165 0.0726 
        D963  5 0.1090 0.3593 0.0394 0.0843 0.4079 
        D964  5 0.2894 0.1882 0.2259 0.2072 0.0894 
        D965  5 0.2461 0.2778 0.1006 0.2205 0.1551 
        D966  5 0.1653 0.4206 0.0527 0.1874 0.1741 
        D967  5 0.1476 0.2116 0.1552 0.4013 0.0842 
        D991  5 0.1154 0.3286 0.3296 0.0450 0.1814 
        D502  6 0.6500 0.0392 0.1219 0.1495 0.0394 
        D503  6 0.2317 0.0386 0.3378 0.3668 0.0251 
        D504  6 0.1780 0.1254 0.1238 0.1082 0.4646 
        D505  6 0.1848 0.4407 0.0871 0.1678 0.1197 
        D506  6 0.0263 0.9070 0.0259 0.0132 0.0276 
        D507  6 0.3752 0.0800 0.1434 0.3029 0.0986 
        D508  6 0.3218 0.0607 0.0785 0.1372 0.4018 
        D529  6 0.3663 0.2236 0.2114 0.0630 0.1356 
        D530  6 0.1224 0.6689 0.1180 0.0602 0.0305 
        D531  6 0.1878 0.2017 0.1320 0.1146 0.3638 
        D532  6 0.2096 0.4536 0.0485 0.0625 0.2258 
        D534  6 0.1170 0.0265 0.7558 0.0466 0.0541 
        D535  6 0.1919 0.4714 0.0920 0.0353 0.2094 
        D536  6 0.2303 0.0251 0.0934 0.6228 0.0285 
        D554  6 0.1285 0.6783 0.1158 0.0298 0.0476 
        D587  6 0.0804 0.7080 0.0438 0.0693 0.0986 
        D588  6 0.3180 0.3778 0.0545 0.0418 0.2079 
        D589  6 0.4862 0.1081 0.0694 0.2887 0.0475 
        D590  6 0.1866 0.0466 0.0610 0.6575 0.0484 
        D591  6 0.4715 0.1240 0.0803 0.2453 0.0788 
        D592  6 0.0923 0.0476 0.7449 0.0586 0.0566 
        D593  6 0.1013 0.7392 0.0664 0.0709 0.0222 
        D682  6 0.0523 0.8318 0.0408 0.0398 0.0353 
        D683  6 0.1350 0.1437 0.0577 0.0367 0.6269 
        D684  6 0.4957 0.0165 0.1541 0.2818 0.0520 
        D685  6 0.8195 0.0566 0.0318 0.0782 0.0138 
        D686  6 0.2254 0.6712 0.0396 0.0239 0.0399 
        D724  6 0.2557 0.0437 0.2039 0.1107 0.3860 
        D725  6 0.2083 0.4270 0.0728 0.2284 0.0635 
        D726  6 0.0363 0.8679 0.0455 0.0207 0.0296 
        D727  6 0.3925 0.0924 0.0489 0.2251 0.2411 
        D728  6 0.0638 0.8272 0.0480 0.0270 0.0341 
        D729  6 0.3832 0.0167 0.2598 0.0802 0.2601 
        D730  6 0.2173 0.0532 0.2870 0.2462 0.1963 
        D731  6 0.0377 0.6433 0.0235 0.2814 0.0142 
        D732  6 0.2044 0.1322 0.1000 0.0917 0.4717 
        D733  6 0.2254 0.2282 0.2370 0.1089 0.2005 
     D237251  7 0.1337 0.1116 0.0824 0.6288 0.0435 
     D237252  7 0.1930 0.0371 0.5091 0.2125 0.0483 
     D237253  7 0.2550 0.1967 0.0629 0.4061 0.0793 
     D237254  7 0.3724 0.0163 0.5518 0.0411 0.0183 
     D237255  7 0.1197 0.0593 0.0214 0.7683 0.0314 
     D237256  7 0.3693 0.0576 0.0250 0.4871 0.0610 
     D237257  7 0.5102 0.0458 0.3136 0.0925 0.0380 
     D237282  7 0.1212 0.0281 0.1086 0.0632 0.6789 
     D237283  7 0.3170 0.0177 0.6178 0.0350 0.0124 
     D237284  7 0.1910 0.0247 0.7004 0.0349 0.0490 
     D237285  7 0.2389 0.4307 0.0499 0.2176 0.0629 
     D237286  7 0.2657 0.2283 0.0719 0.2104 0.2238 
     D237287  7 0.2596 0.0621 0.0761 0.4678 0.1344 
     D244006  7 0.2094 0.0189 0.7196 0.0302 0.0219 
     D244007  7 0.3447 0.0574 0.0491 0.3785 0.1702 
     D244008  7 0.3207 0.0419 0.5956 0.0234 0.0184 
     D244009  7 0.0947 0.0964 0.6514 0.0323 0.1251 
     D244010  7 0.4437 0.0728 0.3191 0.1192 0.0452 
     D244011  7 0.3013 0.2887 0.1047 0.2446 0.0607 
     D244012  7 0.3855 0.0578 0.1403 0.3036 0.1127 
     D244013  7 0.1026 0.1331 0.0741 0.5102 0.1801 
     D244014  7 0.3629 0.0797 0.2805 0.2191 0.0579 
     D244015  7 0.4417 0.0442 0.3241 0.0692 0.1209 
     D244125  7 0.1366 0.2809 0.0516 0.2586 0.2722 
     D244126  7 0.2147 0.0128 0.7334 0.0173 0.0218 
     D244130  7 0.3894 0.0886 0.3317 0.1349 0.0553 
     D244131  7 0.1595 0.2786 0.1172 0.1230 0.3216 
     D244132  7 0.1123 0.4077 0.0790 0.0509 0.3501 
        D520  7 0.4965 0.1878 0.2357 0.0320 0.0480 
        D521  7 0.1953 0.1292 0.2337 0.1402 0.3017 
        D522  7 0.1180 0.0516 0.5709 0.0607 0.1987 
        D523  7 0.2427 0.0697 0.0388 0.6008 0.0481 
        D524  7 0.1223 0.2058 0.1824 0.3927 0.0968 
        D525  7 0.1848 0.0322 0.5097 0.2357 0.0375 
        D526  7 0.3016 0.0200 0.5993 0.0320 0.0472 
        D527  7 0.2347 0.1247 0.1651 0.0984 0.3772 
        D528  7 0.9565 0.0096 0.0153 0.0075 0.0111 
        D558  7 0.1913 0.0617 0.1632 0.1437 0.4399 
        D559  7 0.2671 0.0232 0.1518 0.1384 0.4195 
        D640  7 0.2239 0.3052 0.1311 0.1771 0.1628 
        D641  7 0.1755 0.3932 0.2105 0.1827 0.0381 
        D642  7 0.2217 0.0693 0.4583 0.1897 0.0609 
        D644  7 0.1687 0.3708 0.2801 0.1079 0.0725 
        D645  7 0.1653 0.1671 0.2727 0.2659 0.1290 
        D662  7 0.0514 0.0913 0.6733 0.0168 0.1672 
        D687  7 0.4643 0.0708 0.0911 0.2376 0.1362 
        D688  7 0.2876 0.0358 0.1655 0.1297 0.3814 
        D689  7 0.1821 0.2704 0.1311 0.1707 0.2458 
        D700  7 0.9589 0.0101 0.0092 0.0102 0.0117 
        D797  7 0.1933 0.2402 0.1363 0.1853 0.2449 
        D798  7 0.1583 0.0343 0.7236 0.0288 0.0551 
        D799  7 0.2940 0.0355 0.1525 0.4594 0.0585 
        D800  7 0.2020 0.0354 0.1026 0.0666 0.5934 
        D132  8 0.0430 0.0346 0.8623 0.0182 0.0420 
        D133  8 0.0313 0.0136 0.0432 0.8977 0.0142 
        D200  8 0.5543 0.0765 0.0738 0.2323 0.0631 
        D500  8 0.0230 0.0216 0.9183 0.0122 0.0249 
        D614  8 0.1094 0.5329 0.1685 0.0570 0.1321 
        D723  8 0.1177 0.0609 0.3125 0.1018 0.4071 
        D888  8 0.0958 0.0445 0.0353 0.7738 0.0506 
        D901  8 0.2385 0.1002 0.5305 0.1065 0.0242 
        D902  8 0.0855 0.7508 0.0549 0.0678 0.0410 
        D903  8 0.1748 0.1478 0.0257 0.0550 0.5967 
        D904  8 0.1738 0.1071 0.1612 0.1129 0.4449 
        D905  8 0.0697 0.1328 0.0180 0.7671 0.0125 
        D906  8 0.2916 0.0355 0.0512 0.5377 0.0840 
        D937  8 0.0468 0.8745 0.0242 0.0423 0.0122 
        D943  8 0.4572 0.0488 0.2535 0.1243 0.1162 
        D972  8 0.1558 0.0619 0.3805 0.0635 0.3382 
        D973  8 0.0633 0.0522 0.1333 0.0292 0.7220 
        D974  8 0.2397 0.2476 0.1891 0.1434 0.1802 
        D975  8 0.4615 0.1843 0.0674 0.2093 0.0776 
        D976  8 0.4715 0.2341 0.1510 0.1074 0.0360 
        D201  9 0.3838 0.0585 0.1221 0.2830 0.1527 
        D202  9 0.4248 0.1414 0.1376 0.2642 0.0320 
     D237259  9 0.8258 0.0207 0.0458 0.0333 0.0744 
     D237260  9 0.2309 0.0480 0.2209 0.4808 0.0194 
     D237262  9 0.0872 0.0241 0.8418 0.0200 0.0268 
     D237263  9 0.1353 0.0325 0.5685 0.1722 0.0915 
     D237264  9 0.1853 0.1745 0.3377 0.1836 0.1189 
     D237265  9 0.1616 0.0419 0.0721 0.7033 0.0212 
     D237266  9 0.1151 0.0220 0.2607 0.5294 0.0728 
     D237267  9 0.7452 0.1638 0.0344 0.0330 0.0235 
     D237268  9 0.2188 0.1072 0.4786 0.0493 0.1461 
     D237289  9 0.0757 0.3206 0.1053 0.4702 0.0281 
     D237290  9 0.0869 0.0295 0.0455 0.8056 0.0326 
     D237291  9 0.2382 0.0574 0.0576 0.6209 0.0259 
     D237292  9 0.2950 0.0383 0.1476 0.4883 0.0308 
     D237293  9 0.3253 0.2159 0.2708 0.0698 0.1181 
     D237294  9 0.2554 0.0600 0.4867 0.1789 0.0189 
     D237295  9 0.1176 0.2226 0.2422 0.0316 0.3861 
     D237296  9 0.3879 0.0974 0.2079 0.2371 0.0696 
     D237297  9 0.1136 0.7149 0.0681 0.0652 0.0382 
     D237298  9 0.1663 0.0539 0.2471 0.1753 0.3574 
     D237341  9 0.2770 0.0495 0.0915 0.4645 0.1175 
     D237342  9 0.2586 0.0787 0.5396 0.0871 0.0361 
     D237343  9 0.2340 0.0374 0.3289 0.3393 0.0604 
     D237344  9 0.1420 0.5267 0.1300 0.1451 0.0561 
     D237345  9 0.0504 0.0113 0.8752 0.0351 0.0280 
     D237346  9 0.1405 0.0861 0.0995 0.6366 0.0373 
     D237347  9 0.1098 0.4742 0.0706 0.2574 0.0880 
     D237348  9 0.1750 0.2116 0.2766 0.1951 0.1418 
     D237349  9 0.1493 0.0229 0.2294 0.2709 0.3275 
     D244109  9 0.3011 0.0144 0.0890 0.5204 0.0752 
     D244110  9 0.2033 0.0283 0.0743 0.6324 0.0617 
     D244111  9 0.2988 0.1201 0.1459 0.2627 0.1725 
     D244128  9 0.2310 0.0276 0.6384 0.0761 0.0269 
     D244137  9 0.1079 0.0436 0.1046 0.0573 0.6867 
     D244138  9 0.3889 0.1622 0.1101 0.3058 0.0330 
        D580  9 0.4489 0.0986 0.3672 0.0231 0.0622 
        D581  9 0.0887 0.0212 0.0496 0.8227 0.0178 
        D582  9 0.0983 0.0202 0.8491 0.0139 0.0185 
        D583  9 0.0403 0.0192 0.0777 0.8436 0.0193 
        D584  9 0.2369 0.4902 0.2128 0.0340 0.0261 
        D585  9 0.2713 0.0261 0.5013 0.1687 0.0325 
        D586  9 0.0689 0.0640 0.0224 0.8107 0.0340 
        D651  9 0.1124 0.1350 0.0687 0.1270 0.5569 
        D652  9 0.1125 0.0169 0.5433 0.0619 0.2654 
        D653  9 0.3682 0.0458 0.0451 0.3267 0.2143 
        D654  9 0.1983 0.0334 0.2032 0.3037 0.2614 
        D655  9 0.2922 0.1723 0.0698 0.3576 0.1081 
        D656  9 0.2904 0.0486 0.5839 0.0294 0.0477 
        D657  9 0.3494 0.1278 0.2666 0.1411 0.1151 
        D667  9 0.1666 0.5137 0.0651 0.2044 0.0502 
        D668  9 0.1939 0.1178 0.4916 0.1530 0.0437 
        D669  9 0.2490 0.0622 0.1130 0.5094 0.0664 
        D670  9 0.3888 0.0626 0.0533 0.0314 0.4639 
        D671  9 0.1648 0.0807 0.0748 0.6319 0.0477 
        D672  9 0.1456 0.0340 0.7161 0.0746 0.0297 
        D673  9 0.3076 0.2237 0.2955 0.0806 0.0926 
        D692  9 0.3645 0.0371 0.3053 0.2478 0.0454 
        D693  9 0.2477 0.3380 0.2166 0.0936 0.1041 
        D694  9 0.3209 0.0519 0.5575 0.0491 0.0205 
        D695  9 0.1580 0.0622 0.4840 0.0538 0.2420 
        D696  9 0.0150 0.9356 0.0125 0.0219 0.0149 
        D697  9 0.2112 0.4235 0.1194 0.1546 0.0913 
        D698  9 0.1422 0.2544 0.0737 0.4989 0.0309 
        D699  9 0.1321 0.6178 0.1189 0.1072 0.0240 
        D787  9 0.1161 0.0302 0.2610 0.0992 0.4935 
        D788  9 0.1433 0.6874 0.0987 0.0245 0.0460 
        D789  9 0.2673 0.3350 0.2079 0.1595 0.0303 
        D790  9 0.2013 0.1082 0.2902 0.1825 0.2178 
        D791  9 0.1558 0.1901 0.0751 0.5520 0.0270 
        D792  9 0.1542 0.0420 0.1622 0.2171 0.4246 
        D793  9 0.0769 0.5481 0.0585 0.1090 0.2075 
        D794  9 0.1057 0.4084 0.1023 0.1890 0.1946 
        D795  9 0.2197 0.0887 0.6126 0.0582 0.0207 
        D796  9 0.2832 0.0948 0.0958 0.4902 0.0361 
        D142 10 0.1930 0.4389 0.0507 0.1654 0.1519 
        D143 10 0.0480 0.0800 0.0472 0.7952 0.0296 
        D144 10 0.1965 0.3444 0.1887 0.1159 0.1544 
        D145 10 0.1180 0.0375 0.0499 0.7437 0.0509 
        D146 10 0.2259 0.1346 0.5639 0.0322 0.0433 
        D147 10 0.7123 0.0437 0.1267 0.0608 0.0564 
        D148 10 0.5851 0.1231 0.0492 0.0844 0.1581 
        D149 10 0.2309 0.0353 0.0390 0.6248 0.0700 
        D151 10 0.7014 0.0503 0.0759 0.1411 0.0313 
        D152 10 0.0305 0.0167 0.0161 0.9241 0.0126 
        D153 10 0.1370 0.2620 0.0866 0.0330 0.4814 
        D156 10 0.1823 0.0430 0.0503 0.0884 0.6361 
        D157 10 0.0934 0.6159 0.1661 0.0683 0.0563 
        D158 10 0.2961 0.2037 0.1820 0.2773 0.0409 
        D159 10 0.0237 0.0247 0.0210 0.8966 0.0340 
        D160 10 0.0653 0.2223 0.0330 0.6649 0.0145 
        D161 10 0.1933 0.2502 0.1104 0.1293 0.3168 
        D162 10 0.1384 0.1498 0.0349 0.1749 0.5020 
        D169 10 0.1477 0.0282 0.7017 0.0777 0.0447 
        D170 10 0.0892 0.1074 0.6901 0.0418 0.0715 
        D171 10 0.1379 0.6686 0.0918 0.0347 0.0670 
        D172 10 0.1790 0.1727 0.2376 0.1923 0.2185 
