        D174  1 0.0497 0.0889 0.1618 0.6996 
        D199  1 0.2827 0.3898 0.0911 0.2364 
        D203  1 0.2666 0.4214 0.1898 0.1223 
        D204  1 0.0361 0.8902 0.0350 0.0387 
     D237366  1 0.1684 0.2275 0.4574 0.1468 
     D237367  1 0.1040 0.4120 0.3950 0.0889 
     D237368  1 0.1181 0.3308 0.4453 0.1058 
     D244101  1 0.2279 0.6631 0.0523 0.0567 
     D244102  1 0.1402 0.2155 0.2833 0.3610 
     D244103  1 0.0821 0.1838 0.6244 0.1096 
     D244104  1 0.0863 0.7218 0.0669 0.1249 
     D244105  1 0.0605 0.2253 0.6676 0.0466 
     D244106  1 0.2053 0.0933 0.0784 0.6230 
     D244107  1 0.0832 0.1444 0.7369 0.0355 
     D244108  1 0.0743 0.1580 0.1557 0.6120 
     D244113  1 0.0375 0.0405 0.0384 0.8836 
     D244114  1 0.3229 0.2399 0.1575 0.2797 
     D244115  1 0.0492 0.2242 0.2001 0.5266 
     D267365  1 0.1044 0.4381 0.1013 0.3562 
        D404  1 0.0502 0.0534 0.0464 0.8500 
        D405  1 0.1435 0.2050 0.1008 0.5507 
        D406  1 0.0322 0.1216 0.7912 0.0550 
        D407  1 0.1224 0.4536 0.3547 0.0693 
        D408  1 0.1200 0.0849 0.0642 0.7309 
        D409  1 0.0875 0.1169 0.6755 0.1202 
        D410  1 0.0252 0.1310 0.7926 0.0512 
        D421  1 0.0728 0.8213 0.0467 0.0591 
        D422  1 0.0459 0.0554 0.8769 0.0219 
        D423  1 0.0386 0.0797 0.8437 0.0380 
        D424  1 0.0299 0.6953 0.2085 0.0663 
        D425  1 0.0630 0.6266 0.0648 0.2456 
        D426  1 0.2282 0.0585 0.6513 0.0620 
        D427  1 0.5431 0.1877 0.0661 0.2031 
        D428  1 0.0959 0.4116 0.1872 0.3054 
        D429  1 0.1012 0.4027 0.0991 0.3970 
        D430  1 0.2623 0.1928 0.1868 0.3581 
        D491  1 0.0340 0.1335 0.0430 0.7895 
        D492  1 0.0929 0.3646 0.1693 0.3733 
        D537  1 0.0437 0.7502 0.1119 0.0942 
        D538  1 0.1429 0.2169 0.3940 0.2461 
        D539  1 0.2946 0.1035 0.1588 0.4432 
        D540  1 0.1172 0.4588 0.2904 0.1337 
        D541  1 0.0401 0.8837 0.0491 0.0271 
        D551  1 0.6843 0.1231 0.1211 0.0714 
        D552  1 0.1180 0.3394 0.2959 0.2468 
        D553  1 0.0293 0.8933 0.0398 0.0375 
        D615  1 0.1508 0.4948 0.2277 0.1268 
        D616  1 0.2321 0.3141 0.3176 0.1362 
        D621  1 0.0673 0.0919 0.5473 0.2935 
        D622  1 0.0560 0.0920 0.7540 0.0980 
        D623  1 0.2144 0.1166 0.0667 0.6024 
        D624  1 0.0518 0.0880 0.0824 0.7778 
        D625  1 0.0363 0.6986 0.1410 0.1242 
        D626  1 0.0994 0.1711 0.2092 0.5203 
        D627  1 0.1716 0.1758 0.5908 0.0618 
        D690  1 0.0291 0.7621 0.1110 0.0979 
        D691  1 0.0606 0.1269 0.7485 0.0640 
        D710  1 0.0746 0.5806 0.1231 0.2218 
        D711  1 0.0395 0.8163 0.0682 0.0761 
        D712  1 0.0763 0.0868 0.0948 0.7421 
        D713  1 0.0437 0.2495 0.0947 0.6121 
        D746  1 0.0451 0.1050 0.8083 0.0416 
        D747  1 0.0492 0.8803 0.0328 0.0377 
        D748  1 0.0568 0.4635 0.3762 0.1034 
        D749  1 0.1498 0.0828 0.4810 0.2863 
        D750  1 0.0447 0.2300 0.0873 0.6380 
        D763  1 0.3956 0.3892 0.1383 0.0770 
        D764  1 0.0396 0.5483 0.1690 0.2430 
        D765  1 0.0481 0.0732 0.6975 0.1812 
        D766  1 0.0480 0.3559 0.4513 0.1448 
        D767  1 0.1612 0.4119 0.2649 0.1620 
        D768  1 0.0490 0.8571 0.0629 0.0310 
        D811  1 0.0474 0.0519 0.0868 0.8138 
        D816  1 0.0280 0.8535 0.0464 0.0720 
        D825  1 0.0455 0.1838 0.2206 0.5500 
        D866  1 0.4314 0.0953 0.0926 0.3808 
        D867  1 0.0515 0.0533 0.8274 0.0677 
        D871  1 0.0835 0.1344 0.6544 0.1278 
        D872  1 0.0564 0.6268 0.1932 0.1236 
        D873  1 0.0270 0.0210 0.9104 0.0417 
        D874  1 0.0768 0.5472 0.0420 0.3341 
        D875  1 0.0362 0.0543 0.8596 0.0499 
        D876  1 0.0426 0.7011 0.0989 0.1574 
        D877  1 0.0510 0.1233 0.0360 0.7897 
        D892  1 0.0364 0.4257 0.2158 0.3221 
        D893  1 0.0993 0.6916 0.1507 0.0584 
        D894  1 0.1020 0.5727 0.1550 0.1702 
        D915  1 0.0530 0.5980 0.2241 0.1249 
        D916  1 0.0269 0.8806 0.0481 0.0444 
        D917  1 0.1755 0.3147 0.0781 0.4317 
        D925  1 0.0392 0.1496 0.6832 0.1280 
        D926  1 0.0771 0.5662 0.1519 0.2048 
        D927  1 0.3467 0.4745 0.0775 0.1013 
        D928  1 0.0314 0.1404 0.0407 0.7876 
        D929  1 0.0836 0.2563 0.2116 0.4484 
        D936  1 0.1400 0.7132 0.0595 0.0872 
        D938  1 0.0349 0.0674 0.8441 0.0537 
        D956  1 0.0686 0.0490 0.0608 0.8216 
        D957  1 0.0647 0.4664 0.3216 0.1473 
        D958  1 0.0426 0.5570 0.2018 0.1987 
        D959  1 0.1185 0.4435 0.3840 0.0540 
        D960  1 0.0331 0.0520 0.8411 0.0738 
        D989  1 0.1903 0.1210 0.0607 0.6280 
        D990  1 0.0874 0.0391 0.8120 0.0615 
        D023  2 0.0424 0.2056 0.7154 0.0366 
        D130  2 0.0608 0.1140 0.7926 0.0325 
        D131  2 0.1637 0.5858 0.1739 0.0766 
        D163  2 0.0387 0.1256 0.7841 0.0516 
        D164  2 0.4593 0.0348 0.4771 0.0289 
        D165  2 0.0698 0.1236 0.7718 0.0348 
        D166  2 0.1990 0.2433 0.3154 0.2423 
        D167  2 0.8364 0.0330 0.0355 0.0951 
        D192  2 0.8986 0.0260 0.0277 0.0477 
        D193  2 0.1029 0.0607 0.1218 0.7146 
        D206  2 0.3066 0.3219 0.2738 0.0976 
        D207  2 0.7306 0.1314 0.0643 0.0737 
        D208  2 0.3992 0.0946 0.0790 0.4272 
        D209  2 0.5666 0.2038 0.1495 0.0801 
        D210  2 0.3516 0.1561 0.0642 0.4280 
     D229599  2 0.1818 0.4586 0.1605 0.1991 
     D229600  2 0.3552 0.0689 0.5235 0.0524 
     D237227  2 0.1244 0.0847 0.1805 0.6104 
     D237228  2 0.1226 0.0444 0.3736 0.4594 
     D237258  2 0.3276 0.1898 0.2381 0.2445 
     D237310  2 0.1008 0.0339 0.6645 0.2007 
     D237311  2 0.2289 0.0461 0.6145 0.1105 
     D237312  2 0.0751 0.0814 0.4956 0.3480 
     D237313  2 0.0901 0.4363 0.2204 0.2532 
     D237322  2 0.3884 0.1178 0.1923 0.3014 
     D237323  2 0.0664 0.0418 0.6391 0.2527 
     D237324  2 0.4211 0.1487 0.3883 0.0419 
     D237325  2 0.1222 0.1227 0.4932 0.2619 
     D237326  2 0.0632 0.1892 0.6291 0.1185 
     D237327  2 0.6129 0.2134 0.0962 0.0775 
     D237337  2 0.0385 0.0731 0.7587 0.1297 
     D237338  2 0.1862 0.1314 0.4447 0.2377 
     D237339  2 0.3774 0.5090 0.0621 0.0515 
     D237340  2 0.2349 0.0563 0.3206 0.3883 
     D237389  2 0.0991 0.0516 0.7331 0.1162 
     D237390  2 0.0710 0.1609 0.4282 0.3399 
     D244017  2 0.2779 0.0715 0.1015 0.5491 
     D244112  2 0.8010 0.0304 0.1099 0.0587 
     D244118  2 0.5997 0.0441 0.3025 0.0537 
     D244119  2 0.3544 0.0548 0.0491 0.5418 
     D244120  2 0.5142 0.0313 0.0765 0.3780 
     D244122  2 0.7256 0.0595 0.0781 0.1368 
        D291  2 0.5468 0.1605 0.2105 0.0822 
        D292  2 0.4188 0.3452 0.0582 0.1778 
        D293  2 0.5908 0.3522 0.0317 0.0254 
        D322  2 0.3958 0.4971 0.0692 0.0379 
        D323  2 0.2435 0.3762 0.1201 0.2601 
        D324  2 0.2572 0.3556 0.2673 0.1199 
        D325  2 0.8427 0.0948 0.0429 0.0196 
        D326  2 0.0476 0.8778 0.0311 0.0434 
        D340  2 0.8946 0.0374 0.0408 0.0272 
        D341  2 0.8278 0.0657 0.0562 0.0503 
        D342  2 0.6838 0.0552 0.1983 0.0627 
        D343  2 0.9267 0.0355 0.0215 0.0163 
        D344  2 0.1022 0.6364 0.1181 0.1433 
        D345  2 0.0872 0.6384 0.1856 0.0889 
        D346  2 0.1493 0.1157 0.0638 0.6712 
        D351  2 0.1720 0.5761 0.1954 0.0564 
        D352  2 0.2460 0.2337 0.2121 0.3082 
        D353  2 0.0919 0.8027 0.0485 0.0568 
        D354  2 0.0505 0.5051 0.1065 0.3379 
        D362  2 0.0570 0.7275 0.1282 0.0874 
        D363  2 0.0581 0.7227 0.0764 0.1428 
        D364  2 0.0600 0.7102 0.0808 0.1490 
        D365  2 0.8869 0.0567 0.0262 0.0301 
        D369  2 0.2904 0.3134 0.1636 0.2326 
        D374  2 0.0298 0.0286 0.0264 0.9151 
        D375  2 0.0829 0.3937 0.2350 0.2884 
        D376  2 0.0472 0.0282 0.0466 0.8780 
        D377  2 0.1412 0.1200 0.2785 0.4603 
        D378  2 0.2460 0.6297 0.0857 0.0386 
        D379  2 0.0458 0.8496 0.0429 0.0617 
        D384  2 0.0386 0.8743 0.0352 0.0519 
        D385  2 0.8413 0.0518 0.0365 0.0704 
        D386  2 0.0942 0.7400 0.1110 0.0548 
        D391  2 0.8052 0.1243 0.0339 0.0366 
        D392  2 0.6598 0.1340 0.1109 0.0953 
        D393  2 0.1942 0.6957 0.0707 0.0393 
        D394  2 0.1659 0.2651 0.4279 0.1411 
        D395  2 0.6376 0.1862 0.0966 0.0796 
        D401  2 0.0546 0.0332 0.7942 0.1180 
        D402  2 0.8769 0.0524 0.0325 0.0381 
        D403  2 0.1006 0.6179 0.2222 0.0593 
        D415  2 0.0489 0.7407 0.1716 0.0387 
        D435  2 0.2678 0.6027 0.0959 0.0335 
        D436  2 0.0734 0.5649 0.1042 0.2575 
        D438  2 0.8904 0.0313 0.0359 0.0423 
        D439  2 0.1915 0.5280 0.2318 0.0487 
        D449  2 0.6503 0.2043 0.0977 0.0477 
        D450  2 0.0794 0.2552 0.1686 0.4968 
        D456  2 0.0311 0.8898 0.0468 0.0323 
        D462  2 0.8109 0.1221 0.0420 0.0251 
        D463  2 0.0245 0.9081 0.0303 0.0370 
        D464  2 0.1677 0.5950 0.0631 0.1741 
        D465  2 0.3858 0.3579 0.1813 0.0749 
        D473  2 0.0839 0.0687 0.1318 0.7157 
        D474  2 0.1975 0.6186 0.1027 0.0812 
        D476  2 0.2013 0.2284 0.5313 0.0390 
        D477  2 0.1010 0.6241 0.0938 0.1812 
        D478  2 0.1133 0.2063 0.3017 0.3788 
        D480  2 0.2236 0.6308 0.0502 0.0954 
        D481  2 0.1320 0.4628 0.2050 0.2001 
        D482  2 0.2542 0.1370 0.1663 0.4426 
        D483  2 0.8285 0.0426 0.0457 0.0832 
        D484  2 0.2883 0.1594 0.1219 0.4303 
        D510  2 0.0761 0.0457 0.0411 0.8371 
        D511  2 0.1570 0.7221 0.0771 0.0437 
        D512  2 0.1612 0.0607 0.7233 0.0547 
        D513  2 0.5749 0.2044 0.1084 0.1123 
        D635  2 0.0626 0.6129 0.2739 0.0506 
        D636  2 0.0320 0.0569 0.8738 0.0372 
        D637  2 0.4409 0.1642 0.1193 0.2755 
        D658  2 0.5874 0.0771 0.0971 0.2384 
        D659  2 0.0547 0.8010 0.0725 0.0718 
        D677  2 0.1932 0.4816 0.2477 0.0774 
        D678  2 0.7705 0.0583 0.0916 0.0797 
        D679  2 0.1875 0.6411 0.0671 0.1043 
        D719  2 0.2343 0.3719 0.0383 0.3555 
        D720  2 0.0821 0.7092 0.0924 0.1163 
        D721  2 0.1821 0.2167 0.5318 0.0694 
        D722  2 0.0820 0.0508 0.0636 0.8036 
        D734  2 0.2806 0.1503 0.0367 0.5325 
        D735  2 0.1662 0.5432 0.1712 0.1195 
        D736  2 0.2280 0.1650 0.1037 0.5034 
        D737  2 0.6761 0.0861 0.1050 0.1328 
        D807  2 0.1582 0.3328 0.0939 0.4151 
        D808  2 0.2604 0.2221 0.4344 0.0832 
        D817  2 0.0685 0.5995 0.1128 0.2193 
        D818  2 0.5356 0.2171 0.1718 0.0756 
        D819  2 0.0884 0.4174 0.3140 0.1802 
        D820  2 0.0563 0.8771 0.0311 0.0356 
        D895  2 0.0924 0.6675 0.1534 0.0867 
        D896  2 0.0318 0.0383 0.8218 0.1081 
        D897  2 0.7788 0.0624 0.0866 0.0723 
        D898  2 0.1480 0.2474 0.2820 0.3226 
        D918  2 0.2907 0.1382 0.4145 0.1565 
        D919  2 0.2950 0.5756 0.0692 0.0602 
        D920  2 0.0483 0.0514 0.8240 0.0763 
        D923  2 0.0433 0.8543 0.0501 0.0523 
        D930  2 0.1331 0.4548 0.1239 0.2882 
        D931  2 0.1915 0.5779 0.0699 0.1608 
        D968  2 0.8925 0.0515 0.0302 0.0258 
        D969  2 0.3311 0.5350 0.0586 0.0753 
        D977  2 0.7910 0.0844 0.0734 0.0513 
        D978  2 0.6953 0.1206 0.0783 0.1058 
        D211  3 0.0921 0.1676 0.6596 0.0808 
     D229639  3 0.6591 0.1203 0.0539 0.1667 
     D237212  3 0.4033 0.3177 0.1835 0.0955 
     D237213  3 0.1194 0.3341 0.4369 0.1096 
     D237214  3 0.0453 0.0736 0.8010 0.0801 
     D237215  3 0.7231 0.0326 0.0391 0.2052 
     D237216  3 0.2844 0.1840 0.4431 0.0885 
     D237217  3 0.1166 0.2508 0.5973 0.0354 
     D237218  3 0.5216 0.2980 0.1107 0.0697 
     D237219  3 0.1628 0.0897 0.4490 0.2986 
     D237382  3 0.1179 0.3109 0.2399 0.3314 
     D244127  3 0.1999 0.0754 0.6513 0.0733 
     D244129  3 0.1911 0.3790 0.3285 0.1015 
     D244133  3 0.2362 0.1216 0.1957 0.4465 
     D244134  3 0.3697 0.1248 0.1291 0.3764 
     D244135  3 0.1130 0.1023 0.7397 0.0451 
     D244136  3 0.1677 0.2177 0.1249 0.4897 
        D416  3 0.3527 0.2945 0.2571 0.0957 
        D417  3 0.0447 0.7662 0.1149 0.0742 
        D419  3 0.2752 0.3024 0.2171 0.2053 
        D565  3 0.0583 0.1154 0.0465 0.7798 
        D566  3 0.3797 0.0808 0.0678 0.4717 
        D567  3 0.0588 0.7524 0.1179 0.0709 
        D568  3 0.2349 0.4581 0.2430 0.0639 
        D569  3 0.4485 0.2237 0.1960 0.1318 
        D573  3 0.6979 0.1955 0.0621 0.0445 
        D574  3 0.0821 0.0719 0.1424 0.7036 
        D575  3 0.1999 0.2251 0.2691 0.3058 
        D576  3 0.8207 0.0205 0.0496 0.1093 
        D577  3 0.0765 0.6836 0.1261 0.1139 
        D578  3 0.0385 0.0311 0.8993 0.0311 
        D579  3 0.2488 0.3739 0.1248 0.2525 
        D660  3 0.6219 0.0534 0.2300 0.0947 
        D661  3 0.7781 0.0919 0.0838 0.0463 
        D663  3 0.7833 0.0973 0.0524 0.0670 
        D664  3 0.2327 0.0513 0.3632 0.3528 
        D665  3 0.1781 0.0708 0.6867 0.0643 
        D666  3 0.1216 0.2501 0.2712 0.3571 
        D009  4 0.0934 0.3412 0.4941 0.0713 
        D057  4 0.5097 0.1997 0.2055 0.0851 
        D109  4 0.0496 0.0921 0.7138 0.1445 
     D237222  4 0.0753 0.0874 0.6606 0.1768 
     D237223  4 0.1550 0.1109 0.4986 0.2355 
     D237224  4 0.3894 0.4389 0.0773 0.0944 
     D237225  4 0.1609 0.4577 0.2848 0.0966 
     D237299  4 0.1493 0.0403 0.7146 0.0958 
     D237300  4 0.8001 0.0434 0.0472 0.1092 
     D237306  4 0.0652 0.1382 0.1111 0.6854 
     D237307  4 0.1334 0.3953 0.1076 0.3637 
     D237308  4 0.5439 0.1426 0.1297 0.1839 
     D237309  4 0.1364 0.4559 0.3309 0.0768 
     D237317  4 0.0610 0.3435 0.1110 0.4845 
     D237318  4 0.8678 0.0397 0.0379 0.0546 
     D237319  4 0.1559 0.2625 0.4265 0.1552 
     D237320  4 0.3350 0.1959 0.3752 0.0938 
     D237321  4 0.6596 0.1010 0.1045 0.1350 
     D237397  4 0.3388 0.1188 0.1918 0.3506 
     D237398  4 0.6260 0.2308 0.1017 0.0415 
     D237399  4 0.2102 0.3327 0.1797 0.2774 
     D244001  4 0.1518 0.1261 0.6297 0.0923 
        D289  4 0.2670 0.3498 0.1034 0.2799 
        D290  4 0.1865 0.4182 0.1618 0.2335 
        D294  4 0.2137 0.4589 0.1245 0.2030 
        D295  4 0.0795 0.6112 0.1298 0.1795 
        D301  4 0.1311 0.0566 0.6964 0.1158 
        D302  4 0.0440 0.8026 0.0669 0.0865 
        D303  4 0.0836 0.0773 0.0692 0.7699 
        D304  4 0.2457 0.3681 0.0954 0.2907 
        D305  4 0.4676 0.2113 0.2656 0.0555 
        D306  4 0.0627 0.3615 0.1860 0.3897 
        D307  4 0.0824 0.0421 0.7465 0.1290 
        D327  4 0.1030 0.6988 0.0613 0.1369 
        D328  4 0.0698 0.0791 0.0939 0.7572 
        D329  4 0.3891 0.3424 0.1273 0.1411 
        D330  4 0.0807 0.5483 0.3098 0.0612 
        D331  4 0.2021 0.3197 0.2103 0.2679 
        D333  4 0.2641 0.2156 0.1819 0.3383 
        D334  4 0.0695 0.1837 0.1050 0.6417 
        D335  4 0.0724 0.7843 0.0478 0.0954 
        D370  4 0.0687 0.1426 0.1822 0.6065 
        D371  4 0.0748 0.1404 0.0425 0.7422 
        D372  4 0.7884 0.0364 0.0596 0.1156 
        D373  4 0.1933 0.0667 0.6758 0.0642 
        D455  4 0.1139 0.0890 0.7278 0.0694 
        D490  4 0.0305 0.0462 0.8724 0.0508 
        D497  4 0.0712 0.0492 0.8219 0.0577 
        D498  4 0.1958 0.1584 0.2312 0.4145 
        D499  4 0.5237 0.0783 0.0970 0.3010 
        D514  4 0.0913 0.7071 0.1199 0.0816 
        D515  4 0.0956 0.1580 0.6367 0.1097 
        D516  4 0.1902 0.3054 0.2891 0.2153 
        D517  4 0.1525 0.1084 0.6918 0.0473 
        D518  4 0.1871 0.2812 0.2668 0.2649 
        D519  4 0.2267 0.1288 0.5793 0.0652 
        D560  4 0.3113 0.2206 0.4112 0.0570 
        D561  4 0.0746 0.1845 0.7108 0.0302 
        D562  4 0.2338 0.2009 0.3171 0.2483 
        D563  4 0.6686 0.1496 0.1349 0.0469 
        D572  4 0.1182 0.5462 0.1539 0.1817 
        D629  4 0.0808 0.5335 0.2722 0.1135 
        D630  4 0.1462 0.3984 0.2287 0.2268 
        D631  4 0.5132 0.1911 0.1260 0.1696 
        D632  4 0.2012 0.1709 0.5466 0.0812 
        D646  4 0.1518 0.4297 0.3547 0.0638 
        D647  4 0.1055 0.6761 0.1684 0.0500 
        D648  4 0.0854 0.0687 0.0593 0.7867 
        D649  4 0.0431 0.6785 0.2104 0.0679 
        D650  4 0.1268 0.3754 0.2119 0.2858 
        D708  4 0.1159 0.1158 0.1020 0.6662 
        D709  4 0.0786 0.3418 0.1702 0.4094 
        D738  4 0.0579 0.1936 0.1886 0.5599 
        D739  4 0.1571 0.1587 0.5104 0.1739 
        D740  4 0.3988 0.0806 0.2901 0.2305 
        D741  4 0.3442 0.2583 0.3401 0.0573 
        D742  4 0.6203 0.1149 0.1028 0.1619 
        D743  4 0.0989 0.7797 0.0473 0.0741 
        D744  4 0.2940 0.5159 0.1148 0.0753 
        D745  4 0.1107 0.0901 0.7345 0.0648 
        D814  4 0.6923 0.1114 0.1326 0.0636 
        D815  4 0.0907 0.6787 0.0764 0.1542 
        D828  4 0.1939 0.0453 0.0900 0.6708 
        D845  4 0.8324 0.0647 0.0318 0.0712 
        D846  4 0.3268 0.4393 0.1873 0.0467 
        D847  4 0.1922 0.3206 0.3149 0.1723 
        D848  4 0.3059 0.0473 0.6014 0.0454 
        D849  4 0.1246 0.1475 0.6580 0.0699 
        D850  4 0.2220 0.3021 0.3147 0.1613 
        D856  4 0.1078 0.2013 0.5256 0.1652 
        D857  4 0.0708 0.0271 0.7792 0.1229 
        D859  4 0.2475 0.4625 0.0826 0.2075 
        D860  4 0.2985 0.2922 0.0575 0.3519 
        D883  4 0.0783 0.3960 0.2259 0.2998 
        D884  4 0.0711 0.2296 0.3017 0.3975 
        D885  4 0.5043 0.2345 0.1899 0.0714 
        D886  4 0.1238 0.3992 0.3804 0.0966 
        D887  4 0.4001 0.2702 0.1379 0.1917 
        D889  4 0.4644 0.3137 0.0617 0.1602 
        D890  4 0.1049 0.1414 0.1841 0.5696 
        D891  4 0.9108 0.0331 0.0295 0.0266 
        D899  4 0.6126 0.1103 0.0502 0.2269 
        D900  4 0.1326 0.4774 0.2106 0.1793 
        D970  4 0.2081 0.5122 0.1467 0.1330 
        D971  4 0.5127 0.2296 0.1453 0.1125 
        D979  4 0.0735 0.7958 0.0369 0.0937 
        D093  5 0.0924 0.1012 0.0665 0.7400 
        D154  5 0.6271 0.0735 0.0881 0.2112 
        D168  5 0.5359 0.1438 0.2525 0.0678 
        D189  5 0.2756 0.0887 0.0848 0.5509 
        D190  5 0.0828 0.0705 0.0354 0.8112 
     D237220  5 0.1831 0.1558 0.4882 0.1729 
     D237221  5 0.2823 0.1947 0.1075 0.4155 
     D237274  5 0.0473 0.8596 0.0474 0.0457 
     D237275  5 0.8048 0.0405 0.0635 0.0912 
     D237276  5 0.0841 0.2657 0.1847 0.4656 
     D237277  5 0.2121 0.0966 0.0514 0.6399 
     D237278  5 0.4489 0.0992 0.1410 0.3109 
     D237279  5 0.0741 0.0681 0.8072 0.0506 
     D237280  5 0.0695 0.3817 0.4078 0.1411 
     D237281  5 0.8439 0.0727 0.0424 0.0410 
     D237351  5 0.0842 0.0733 0.5894 0.2530 
     D237352  5 0.1309 0.3810 0.3334 0.1547 
     D237353  5 0.0671 0.0645 0.0420 0.8264 
     D237359  5 0.2983 0.2007 0.3586 0.1424 
     D237361  5 0.0497 0.0493 0.0420 0.8590 
     D237362  5 0.1621 0.3017 0.1179 0.4182 
     D237363  5 0.3999 0.1376 0.2953 0.1672 
     D237364  5 0.4175 0.2653 0.2589 0.0583 
     D237376  5 0.0793 0.0342 0.0519 0.8347 
     D237377  5 0.0749 0.4651 0.2704 0.1896 
     D237378  5 0.1344 0.0468 0.0471 0.7717 
     D237379  5 0.1083 0.0659 0.0961 0.7297 
     D237380  5 0.0325 0.0960 0.5689 0.3026 
     D237381  5 0.1343 0.1816 0.4968 0.1873 
     D237391  5 0.1038 0.1171 0.0767 0.7024 
     D237392  5 0.1733 0.6001 0.1226 0.1040 
     D237393  5 0.0898 0.5549 0.1048 0.2505 
     D237394  5 0.0340 0.0623 0.0431 0.8607 
     D237395  5 0.1820 0.0864 0.1938 0.5379 
     D237396  5 0.1400 0.6200 0.1437 0.0963 
     D244016  5 0.2865 0.1547 0.0988 0.4601 
     D244018  5 0.5502 0.0932 0.1400 0.2166 
     D244019  5 0.2556 0.4765 0.0921 0.1758 
        D279  5 0.6348 0.1090 0.1180 0.1382 
        D280  5 0.2490 0.2797 0.1688 0.3025 
        D281  5 0.7851 0.0610 0.0467 0.1072 
        D283  5 0.1242 0.4394 0.0573 0.3790 
        D284  5 0.1678 0.1341 0.5873 0.1108 
        D285  5 0.1394 0.2162 0.0896 0.5548 
        D286  5 0.1141 0.2684 0.1431 0.4745 
        D287  5 0.0623 0.0441 0.0705 0.8230 
        D288  5 0.2937 0.4451 0.0641 0.1971 
        D308  5 0.0364 0.1262 0.7643 0.0730 
        D309  5 0.0654 0.7807 0.0963 0.0575 
        D310  5 0.0597 0.0603 0.0422 0.8377 
        D311  5 0.1290 0.2966 0.0846 0.4898 
        D312  5 0.1106 0.2187 0.0988 0.5719 
        D313  5 0.0255 0.0297 0.9034 0.0415 
        D314  5 0.4108 0.0815 0.1964 0.3113 
        D315  5 0.0932 0.2392 0.1277 0.5399 
        D317  5 0.0415 0.0855 0.0428 0.8301 
        D318  5 0.2469 0.2682 0.2610 0.2239 
        D319  5 0.0746 0.0527 0.0549 0.8178 
        D320  5 0.0632 0.0825 0.0732 0.7810 
        D321  5 0.1148 0.1298 0.6340 0.1214 
        D336  5 0.0349 0.0813 0.0434 0.8404 
        D337  5 0.0775 0.0592 0.0248 0.8384 
        D338  5 0.2646 0.2794 0.2359 0.2201 
        D339  5 0.1613 0.0937 0.0856 0.6594 
        D347  5 0.1607 0.4769 0.0621 0.3002 
        D348  5 0.0624 0.0793 0.0381 0.8203 
        D349  5 0.0599 0.0630 0.7143 0.1627 
        D350  5 0.2007 0.6315 0.0876 0.0801 
        D355  5 0.6367 0.2391 0.0538 0.0704 
        D356  5 0.0686 0.2975 0.1740 0.4598 
        D357  5 0.1496 0.1896 0.1989 0.4619 
        D358  5 0.1236 0.1822 0.1443 0.5500 
        D359  5 0.0513 0.4931 0.0519 0.4037 
        D360  5 0.0499 0.2119 0.1521 0.5862 
        D361  5 0.0517 0.0544 0.8256 0.0683 
        D366  5 0.3040 0.5421 0.1032 0.0507 
        D367  5 0.0487 0.0443 0.0838 0.8231 
        D368  5 0.1005 0.1636 0.3003 0.4355 
        D380  5 0.1598 0.5301 0.2127 0.0974 
        D381  5 0.1260 0.1697 0.0971 0.6072 
        D400  5 0.2895 0.2118 0.0722 0.4265 
        D411  5 0.0512 0.0318 0.8806 0.0365 
        D412  5 0.3556 0.2386 0.1992 0.2067 
        D413  5 0.7279 0.1090 0.0920 0.0711 
        D414  5 0.5859 0.2306 0.0714 0.1121 
        D420  5 0.2001 0.0844 0.5567 0.1588 
        D431  5 0.3190 0.0451 0.1513 0.4846 
        D432  5 0.1897 0.1313 0.1288 0.5502 
        D433  5 0.1684 0.1073 0.0618 0.6625 
        D434  5 0.0865 0.2811 0.1124 0.5200 
        D440  5 0.1415 0.6487 0.1436 0.0662 
        D447  5 0.1032 0.6311 0.2082 0.0575 
        D448  5 0.0719 0.0871 0.0352 0.8058 
        D459  5 0.7519 0.1509 0.0395 0.0577 
        D460  5 0.0523 0.1458 0.6871 0.1148 
        D461  5 0.0749 0.8222 0.0478 0.0551 
        D468  5 0.1112 0.2137 0.1758 0.4993 
        D469  5 0.0915 0.5182 0.1897 0.2007 
        D470  5 0.1045 0.1628 0.3525 0.3801 
        D471  5 0.1024 0.1225 0.0340 0.7410 
        D472  5 0.1683 0.7615 0.0340 0.0363 
        D479  5 0.7750 0.0813 0.0597 0.0840 
        D485  5 0.1488 0.1743 0.1403 0.5365 
        D486  5 0.0805 0.1869 0.3174 0.4153 
        D487  5 0.5175 0.0723 0.0785 0.3317 
        D555  5 0.0869 0.0523 0.0417 0.8191 
        D556  5 0.2799 0.1460 0.1045 0.4696 
        D557  5 0.0744 0.0764 0.0356 0.8136 
        D564  5 0.0715 0.1532 0.1644 0.6108 
        D594  5 0.1532 0.4163 0.1231 0.3074 
        D595  5 0.1594 0.2447 0.1036 0.4922 
        D596  5 0.0637 0.0499 0.0314 0.8550 
        D597  5 0.3802 0.2711 0.0591 0.2897 
        D598  5 0.1284 0.1751 0.1496 0.5469 
        D617  5 0.2239 0.0462 0.6787 0.0512 
        D618  5 0.1979 0.1699 0.0734 0.5589 
        D619  5 0.0753 0.2991 0.2825 0.3431 
        D620  5 0.8466 0.0738 0.0391 0.0405 
        D628  5 0.1504 0.2813 0.1919 0.3764 
        D714  5 0.3060 0.0441 0.0742 0.5757 
        D715  5 0.1922 0.2092 0.0547 0.5439 
        D716  5 0.2741 0.2485 0.0938 0.3836 
        D717  5 0.1032 0.5153 0.1802 0.2013 
        D718  5 0.1342 0.0604 0.3098 0.4956 
        D769  5 0.1683 0.0654 0.6882 0.0781 
        D770  5 0.3927 0.0913 0.0848 0.4312 
        D771  5 0.3940 0.1601 0.1765 0.2693 
        D772  5 0.0977 0.1761 0.0850 0.6413 
        D782  5 0.2825 0.0893 0.5559 0.0724 
        D783  5 0.5762 0.1087 0.0937 0.2214 
        D784  5 0.1178 0.6617 0.1002 0.1204 
        D785  5 0.0387 0.0810 0.0866 0.7936 
        D786  5 0.0839 0.3421 0.5097 0.0643 
        D821  5 0.0389 0.0376 0.0281 0.8955 
        D822  5 0.1030 0.6165 0.0766 0.2038 
        D826  5 0.4188 0.1299 0.0659 0.3855 
        D827  5 0.1363 0.6135 0.1307 0.1195 
        D851  5 0.2115 0.2203 0.2794 0.2888 
        D852  5 0.4582 0.0949 0.1008 0.3460 
        D853  5 0.1459 0.2094 0.1028 0.5419 
        D854  5 0.3685 0.3248 0.1825 0.1242 
        D861  5 0.3545 0.1745 0.1798 0.2912 
        D862  5 0.0658 0.3515 0.0878 0.4949 
        D865  5 0.0978 0.0504 0.0584 0.7934 
        D868  5 0.0709 0.7728 0.0587 0.0976 
        D869  5 0.0537 0.0624 0.7965 0.0875 
        D870  5 0.0738 0.1018 0.7828 0.0417 
        D907  5 0.0599 0.0571 0.0797 0.8033 
        D908  5 0.4863 0.0682 0.0810 0.3646 
        D910  5 0.3250 0.1293 0.0494 0.4963 
        D911  5 0.7351 0.1545 0.0493 0.0612 
        D934  5 0.5115 0.1419 0.0884 0.2582 
        D946  5 0.4359 0.0757 0.1497 0.3387 
        D947  5 0.2287 0.4357 0.1650 0.1707 
        D948  5 0.0469 0.1103 0.6427 0.2001 
        D949  5 0.0443 0.1044 0.6745 0.1768 
        D950  5 0.7654 0.1220 0.0400 0.0726 
        D951  5 0.0582 0.6797 0.1344 0.1276 
        D952  5 0.0800 0.7610 0.0497 0.1092 
        D953  5 0.0727 0.1721 0.0725 0.6827 
        D954  5 0.0605 0.4781 0.0943 0.3671 
        D961  5 0.1007 0.0586 0.1121 0.7286 
        D962  5 0.0311 0.1021 0.0456 0.8213 
        D963  5 0.1179 0.4900 0.0577 0.3344 
        D964  5 0.2866 0.1172 0.3563 0.2399 
        D965  5 0.2440 0.2107 0.1826 0.3626 
        D966  5 0.2235 0.2633 0.0595 0.4537 
        D967  5 0.3791 0.1583 0.1865 0.2761 
        D991  5 0.0880 0.2938 0.2690 0.3493 
        D502  6 0.4335 0.0769 0.4098 0.0798 
        D503  6 0.5329 0.0566 0.3224 0.0881 
        D504  6 0.1641 0.5397 0.1490 0.1471 
        D505  6 0.2578 0.1599 0.1402 0.4420 
        D506  6 0.0268 0.0478 0.0420 0.8834 
        D507  6 0.4597 0.1714 0.2438 0.1251 
        D508  6 0.2369 0.5042 0.1323 0.1266 
        D529  6 0.1474 0.2332 0.3359 0.2835 
        D530  6 0.1046 0.0528 0.1697 0.6729 
        D531  6 0.1613 0.4126 0.1509 0.2751 
        D532  6 0.1140 0.3163 0.1135 0.4562 
        D534  6 0.0730 0.0989 0.7779 0.0502 
        D535  6 0.0600 0.2798 0.1167 0.5435 
        D536  6 0.7376 0.0432 0.1751 0.0440 
        D554  6 0.0674 0.0812 0.1590 0.6924 
        D587  6 0.0760 0.1416 0.0705 0.7119 
        D588  6 0.1135 0.3439 0.1145 0.4281 
        D589  6 0.5839 0.0823 0.1386 0.1952 
        D590  6 0.7452 0.0825 0.0962 0.0761 
        D591  6 0.3747 0.1600 0.2441 0.2212 
        D592  6 0.0848 0.0852 0.7378 0.0922 
        D593  6 0.1143 0.0462 0.1130 0.7266 
        D682  6 0.0633 0.0533 0.0555 0.8279 
        D683  6 0.0641 0.5717 0.1163 0.2479 
        D684  6 0.3906 0.0833 0.4875 0.0386 
        D685  6 0.3740 0.0541 0.3987 0.1732 
        D686  6 0.0573 0.1025 0.0707 0.7695 
        D724  6 0.2148 0.4387 0.2538 0.0927 
        D725  6 0.2987 0.1043 0.1558 0.4411 
        D726  6 0.0479 0.0662 0.0495 0.8364 
        D727  6 0.3855 0.3253 0.1374 0.1518 
        D728  6 0.0514 0.0708 0.0871 0.7907 
        D729  6 0.1726 0.2749 0.5034 0.0491 
        D730  6 0.2898 0.2754 0.3464 0.0884 
        D731  6 0.2457 0.0292 0.0367 0.6884 
        D732  6 0.1117 0.6256 0.1146 0.1482 
        D733  6 0.1870 0.2699 0.2380 0.3051 
     D237251  7 0.5979 0.1011 0.1118 0.1891 
     D237252  7 0.3961 0.0978 0.4352 0.0710 
     D237253  7 0.4779 0.1401 0.1130 0.2689 
     D237254  7 0.0549 0.0402 0.8713 0.0337 
     D237255  7 0.7710 0.0696 0.0522 0.1072 
     D237256  7 0.6562 0.1445 0.0698 0.1294 
     D237257  7 0.1710 0.1153 0.5898 0.1239 
     D237282  7 0.1096 0.7441 0.0994 0.0468 
     D237283  7 0.0627 0.0298 0.8531 0.0544 
     D237284  7 0.0456 0.0876 0.8208 0.0461 
     D237285  7 0.2903 0.1205 0.1175 0.4717 
     D237286  7 0.2206 0.2481 0.1860 0.3453 
     D237287  7 0.5389 0.2063 0.1591 0.0958 
     D244006  7 0.0345 0.0524 0.8823 0.0308 
     D244007  7 0.5000 0.2349 0.1780 0.0871 
     D244008  7 0.0604 0.0474 0.7940 0.0982 
     D244009  7 0.0685 0.2262 0.5007 0.2047 
     D244010  7 0.2086 0.0945 0.5721 0.1248 
     D244011  7 0.3314 0.0996 0.1941 0.3749 
     D244012  7 0.4541 0.1658 0.2710 0.1091 
     D244013  7 0.4965 0.2175 0.0762 0.2099 
     D244014  7 0.3939 0.1148 0.3661 0.1253 
     D244015  7 0.1461 0.1858 0.5954 0.0726 
     D244125  7 0.3446 0.2413 0.0832 0.3309 
     D244126  7 0.0402 0.0403 0.8899 0.0296 
     D244130  7 0.1928 0.1551 0.4063 0.2458 
     D244131  7 0.1402 0.3615 0.2261 0.2721 
     D244132  7 0.0535 0.4163 0.0713 0.4590 
        D520  7 0.0671 0.0876 0.5545 0.2908 
        D521  7 0.2010 0.3573 0.2490 0.1928 
        D522  7 0.1099 0.2637 0.5187 0.1077 
        D523  7 0.7476 0.0731 0.0660 0.1133 
        D524  7 0.4155 0.1498 0.1652 0.2695 
        D525  7 0.3071 0.0739 0.5528 0.0663 
        D526  7 0.0473 0.0705 0.8499 0.0323 
        D527  7 0.1985 0.4489 0.1927 0.1599 
        D528  7 0.0420 0.1027 0.8076 0.0477 
        D558  7 0.2177 0.5076 0.2026 0.0721 
        D559  7 0.2909 0.4913 0.1742 0.0437 
        D640  7 0.2627 0.2479 0.0959 0.3936 
        D641  7 0.2764 0.0544 0.2175 0.4516 
        D642  7 0.2263 0.0959 0.5659 0.1119 
        D644  7 0.1701 0.1519 0.2833 0.3947 
        D645  7 0.4078 0.1676 0.1926 0.2319 
        D662  7 0.0379 0.2475 0.5246 0.1899 
        D687  7 0.4116 0.2864 0.1598 0.1422 
        D688  7 0.1827 0.5499 0.1963 0.0712 
        D689  7 0.2392 0.2943 0.1260 0.3405 
        D700  7 0.0615 0.1182 0.7797 0.0406 
        D797  7 0.2397 0.3454 0.1487 0.2662 
        D798  7 0.0504 0.1500 0.7125 0.0871 
        D799  7 0.6106 0.0931 0.2108 0.0855 
        D800  7 0.1503 0.6744 0.1241 0.0512 
        D132  8 0.0520 0.0578 0.8238 0.0664 
        D133  8 0.8567 0.0324 0.0837 0.0272 
        D200  8 0.3036 0.2731 0.1861 0.2371 
        D500  8 0.0260 0.0590 0.8631 0.0520 
        D614  8 0.0851 0.2009 0.1778 0.5362 
        D723  8 0.1667 0.4677 0.2594 0.1063 
        D888  8 0.7938 0.0886 0.0589 0.0587 
        D901  8 0.2496 0.0433 0.5458 0.1613 
        D902  8 0.0547 0.0664 0.0833 0.7955 
        D903  8 0.1120 0.6308 0.0655 0.1917 
        D904  8 0.1547 0.5167 0.1968 0.1318 
        D905  8 0.7014 0.0350 0.0380 0.2256 
        D906  8 0.6143 0.1529 0.1665 0.0663 
        D937  8 0.0828 0.0309 0.0555 0.8308 
        D943  8 0.2099 0.1882 0.5000 0.1020 
        D972  8 0.1090 0.3695 0.4216 0.0999 
        D973  8 0.0398 0.7230 0.1527 0.0845 
        D974  8 0.1973 0.2288 0.2746 0.2992 
        D975  8 0.2147 0.2380 0.2070 0.3403 
        D976  8 0.2641 0.0812 0.3614 0.2933 
        D201  9 0.5214 0.1858 0.1822 0.1106 
        D202  9 0.4888 0.0700 0.2051 0.2361 
     D237259  9 0.2461 0.2587 0.4432 0.0521 
     D237260  9 0.5818 0.0394 0.2852 0.0936 
     D237262  9 0.0399 0.0580 0.8505 0.0516 
     D237263  9 0.2656 0.1377 0.5198 0.0769 
     D237264  9 0.2085 0.1525 0.3228 0.3162 
     D237265  9 0.7354 0.0448 0.1282 0.0916 
     D237266  9 0.6208 0.0903 0.2307 0.0581 
     D237267  9 0.1179 0.1242 0.3897 0.3682 
     D237268  9 0.0758 0.1835 0.5920 0.1487 
     D237289  9 0.4829 0.0511 0.0916 0.3744 
     D237290  9 0.8669 0.0453 0.0520 0.0358 
     D237291  9 0.7210 0.0681 0.1143 0.0966 
     D237292  9 0.5692 0.0402 0.3267 0.0638 
     D237293  9 0.1499 0.2142 0.3051 0.3309 
     D237294  9 0.2876 0.0553 0.5083 0.1488 
     D237295  9 0.0486 0.3491 0.3276 0.2747 
     D237296  9 0.3143 0.1174 0.3488 0.2195 
     D237297  9 0.0866 0.0959 0.0721 0.7453 
     D237298  9 0.2769 0.4216 0.1970 0.1045 
     D237341  9 0.4981 0.2130 0.1806 0.1083 
     D237342  9 0.1289 0.0725 0.6310 0.1676 
     D237343  9 0.3348 0.1206 0.4689 0.0757 
     D237344  9 0.2100 0.0901 0.1286 0.5712 
     D237345  9 0.0674 0.0607 0.8368 0.0352 
     D237346  9 0.5533 0.0633 0.1430 0.2404 
     D237347  9 0.2196 0.1378 0.0960 0.5465 
     D237348  9 0.2637 0.1487 0.3577 0.2298 
     D237349  9 0.3967 0.3039 0.2525 0.0469 
     D244109  9 0.6283 0.1239 0.2209 0.0269 
     D244110  9 0.7506 0.0854 0.1141 0.0499 
     D244111  9 0.3841 0.2415 0.1926 0.1818 
     D244128  9 0.1062 0.0600 0.7715 0.0622 
     D244137  9 0.1096 0.5920 0.2058 0.0926 
     D244138  9 0.4832 0.0859 0.2114 0.2196 
        D580  9 0.0480 0.0710 0.7786 0.1024 
        D581  9 0.8486 0.0345 0.0709 0.0460 
        D582  9 0.0400 0.0395 0.8813 0.0391 
        D583  9 0.7959 0.0400 0.1168 0.0473 
        D584  9 0.1161 0.0482 0.2605 0.5751 
        D585  9 0.2539 0.0565 0.6398 0.0498 
        D586  9 0.7694 0.0602 0.0551 0.1153 
        D651  9 0.1905 0.5621 0.0967 0.1508 
        D652  9 0.2022 0.2945 0.4486 0.0548 
        D653  9 0.4956 0.2774 0.1459 0.0811 
        D654  9 0.3532 0.3699 0.2128 0.0641 
        D655  9 0.4009 0.1557 0.1065 0.3369 
        D656  9 0.0719 0.0705 0.7748 0.0828 
        D657  9 0.2562 0.1748 0.4074 0.1616 
        D667  9 0.2578 0.0911 0.0906 0.5606 
        D668  9 0.2176 0.0934 0.4515 0.2375 
        D669  9 0.6123 0.1068 0.1580 0.1230 
        D670  9 0.0766 0.7038 0.1211 0.0985 
        D671  9 0.7338 0.0803 0.0922 0.0937 
        D672  9 0.1327 0.0606 0.7401 0.0667 
        D673  9 0.1397 0.2122 0.2583 0.3898 
        D692  9 0.2798 0.0735 0.5823 0.0643 
        D693  9 0.1641 0.1743 0.3179 0.3438 
        D694  9 0.0795 0.0435 0.7905 0.0864 
        D695  9 0.1036 0.3153 0.4781 0.1030 
        D696  9 0.0294 0.0379 0.0309 0.9018 
        D697  9 0.2564 0.1674 0.1190 0.4571 
        D698  9 0.4280 0.0767 0.1176 0.3777 
        D699  9 0.1518 0.0430 0.1431 0.6621 
        D787  9 0.1916 0.3731 0.3806 0.0547 
        D788  9 0.0623 0.1054 0.1728 0.6595 
        D789  9 0.2287 0.0559 0.3228 0.3926 
        D790  9 0.3336 0.1891 0.3254 0.1518 
        D791  9 0.5806 0.0418 0.0895 0.2881 
        D792  9 0.2988 0.4190 0.2095 0.0727 
        D793  9 0.1427 0.2300 0.0710 0.5563 
        D794  9 0.1978 0.2902 0.1163 0.3957 
        D795  9 0.0812 0.0413 0.7113 0.1662 
        D796  9 0.6138 0.0613 0.1609 0.1641 
        D142 10 0.1677 0.2533 0.0886 0.4904 
        D143 10 0.7082 0.0767 0.0781 0.1370 
        D144 10 0.1360 0.2190 0.2673 0.3778 
        D145 10 0.7981 0.0770 0.0684 0.0566 
        D146 10 0.0665 0.0930 0.6327 0.2078 
        D147 10 0.1929 0.2021 0.4411 0.1640 
        D148 10 0.1009 0.1770 0.5141 0.2079 
        D149 10 0.7882 0.0817 0.0674 0.0627 
        D151 10 0.1804 0.0420 0.6874 0.0902 
        D152 10 0.8950 0.0348 0.0370 0.0332 
        D153 10 0.0498 0.5376 0.1127 0.2999 
        D156 10 0.1249 0.7320 0.0523 0.0909 
        D157 10 0.0765 0.0762 0.1674 0.6799 
        D158 10 0.3442 0.0532 0.2026 0.4000 
        D159 10 0.8683 0.0549 0.0323 0.0445 
        D160 10 0.5633 0.0285 0.0657 0.3425 
        D161 10 0.1821 0.3389 0.1776 0.3014 
        D162 10 0.2252 0.5490 0.0457 0.1801 
        D169 10 0.0737 0.0647 0.8170 0.0445 
        D170 10 0.0651 0.1322 0.6502 0.1526 
        D171 10 0.0742 0.1378 0.1524 0.6356 
        D172 10 0.2322 0.3428 0.2045 0.2205 
        D173 10 0.7968 0.0967 0.0795 0.0270 
        D181 10 0.1416 0.1906 0.0786 0.5892 
        D182 10 0.5266 0.1868 0.2009 0.0858 
        D183 10 0.0515 0.0736 0.0873 0.7876 
        D184 10 0.0258 0.1139 0.8339 0.0265 
        D185 10 0.1130 0.4570 0.2467 0.1833 
        D186 10 0.1364 0.0415 0.7735 0.0486 
        D194 10 0.0886 0.1785 0.6034 0.1295 
        D195 10 0.3959 0.2239 0.0840 0.2962 
        D196 10 0.3490 0.4324 0.0543 0.1643 
        D197 10 0.2133 0.0381 0.6474 0.1011 
        D198 10 0.0585 0.3046 0.3467 0.2902 
     D237226 10 0.6262 0.0781 0.2438 0.0520 
     D237232 10 0.3802 0.0819 0.1930 0.3450 
     D237233 10 0.6271 0.0565 0.0990 0.2174 
     D237234 10 0.1677 0.1904 0.1165 0.5253 
     D237354 10 0.8817 0.0446 0.0326 0.0410 
     D237355 10 0.7013 0.0651 0.1014 0.1323 
     D237356 10 0.0498 0.2958 0.1544 0.5000 
     D237357 10 0.4832 0.1083 0.2921 0.1164 
     D237358 10 0.2024 0.2589 0.4457 0.0931 
     D237369 10 0.1166 0.0735 0.7733 0.0365 
     D237370 10 0.1256 0.0586 0.0775 0.7384 
     D237371 10 0.0934 0.5631 0.2668 0.0766 
     D237372 10 0.4313 0.1017 0.4081 0.0589 
     D237373 10 0.4039 0.0877 0.0948 0.4136 
     D237374 10 0.6706 0.0547 0.0498 0.2249 
     D237375 10 0.3681 0.2428 0.2446 0.1445 
     D237400 10 0.8753 0.0405 0.0324 0.0518 
     D244002 10 0.0889 0.1427 0.7211 0.0473 
     D244003 10 0.3930 0.0307 0.0767 0.4997 
     D244004 10 0.0225 0.0210 0.0283 0.9283 
     D244005 10 0.5783 0.0617 0.2923 0.0676 
     D244020 10 0.1217 0.2573 0.1349 0.4862 
     D244021 10 0.3746 0.1090 0.3991 0.1173 
     D244116 10 0.1444 0.1832 0.4734 0.1990 
     D244117 10 0.3263 0.0967 0.0746 0.5024 
     D244121 10 0.1717 0.0542 0.1005 0.6736 
     D244123 10 0.2756 0.0860 0.1040 0.5344 
     D244124 10 0.3219 0.0557 0.4238 0.1986 
        D332 10 0.0826 0.7086 0.0736 0.1352 
        D570 10 0.0585 0.1057 0.0616 0.7742 
        D602 10 0.1077 0.7690 0.0604 0.0629 
        D603 10 0.2964 0.0849 0.1994 0.4194 
        D604 10 0.3804 0.4211 0.0739 0.1246 
        D605 10 0.1282 0.6435 0.1498 0.0785 
        D606 10 0.0478 0.0701 0.5695 0.3125 
        D607 10 0.0464 0.8740 0.0448 0.0348 
        D608 10 0.8769 0.0636 0.0298 0.0296 
        D609 10 0.0485 0.2249 0.0807 0.6459 
        D610 10 0.2092 0.2470 0.2270 0.3168 
        D611 10 0.0259 0.0335 0.0251 0.9156 
        D613 10 0.1379 0.4757 0.0906 0.2958 
        D633 10 0.1628 0.6836 0.1106 0.0430 
        D634 10 0.1179 0.0875 0.1728 0.6217 
        D638 10 0.8418 0.0432 0.0459 0.0690 
        D681 10 0.1236 0.1093 0.2130 0.5541 
        D754 10 0.1288 0.0495 0.3973 0.4244 
        D755 10 0.4750 0.0247 0.0554 0.4449 
        D756 10 0.1145 0.0628 0.1665 0.6562 
        D757 10 0.3669 0.2666 0.2558 0.1107 
        D758 10 0.2142 0.2633 0.2479 0.2746 
        D759 10 0.4411 0.0674 0.0732 0.4182 
        D760 10 0.3472 0.1379 0.1606 0.3543 
        D761 10 0.8615 0.0286 0.0294 0.0806 
        D762 10 0.0841 0.7116 0.1117 0.0926 
        D775 10 0.1332 0.0423 0.0701 0.7544 
        D776 10 0.8106 0.0369 0.0733 0.0792 
        D777 10 0.2169 0.0835 0.1849 0.5148 
        D778 10 0.6558 0.0477 0.2348 0.0617 
        D779 10 0.1558 0.0633 0.2056 0.5754 
        D780 10 0.5208 0.1813 0.0841 0.2138 
        D781 10 0.2235 0.5129 0.1294 0.1342 
        D858 10 0.0708 0.0354 0.8620 0.0317 
        D933 10 0.3055 0.3433 0.1213 0.2299 
        D038 11 0.4841 0.1600 0.1984 0.1575 
        D063 11 0.4396 0.0976 0.0715 0.3913 
        D155 11 0.2766 0.1440 0.1361 0.4433 
        D175 11 0.0881 0.0547 0.3063 0.5509 
        D176 11 0.6476 0.0496 0.0646 0.2383 
        D205 11 0.0361 0.0728 0.2320 0.6591 
     D237229 11 0.3498 0.2913 0.3055 0.0534 
     D237230 11 0.1837 0.5484 0.2201 0.0479 
     D237231 11 0.0680 0.8303 0.0476 0.0540 
     D237269 11 0.3918 0.3239 0.1606 0.1237 
     D237270 11 0.0927 0.1537 0.7078 0.0459 
     D237271 11 0.0924 0.2486 0.1103 0.5487 
     D237272 11 0.1565 0.5422 0.2488 0.0525 
     D237273 11 0.1592 0.1154 0.0720 0.6533 
     D237301 11 0.0850 0.7191 0.0473 0.1485 
     D237302 11 0.2463 0.1824 0.4415 0.1299 
     D237303 11 0.1683 0.1501 0.6401 0.0415 
     D237304 11 0.1554 0.4365 0.2333 0.1748 
     D237305 11 0.1297 0.0797 0.6377 0.1529 
     D237314 11 0.1848 0.1566 0.1817 0.4770 
     D237315 11 0.1081 0.1261 0.6952 0.0706 
     D237316 11 0.0314 0.8469 0.0423 0.0794 
     D237328 11 0.0461 0.3310 0.3350 0.2878 
     D237329 11 0.4304 0.1290 0.3066 0.1340 
     D237330 11 0.1424 0.0725 0.0526 0.7325 
     D237331 11 0.2311 0.2310 0.1146 0.4234 
     D237332 11 0.0999 0.5558 0.0912 0.2531 
     D237333 11 0.5051 0.0707 0.0386 0.3856 
     D237334 11 0.0660 0.7710 0.0592 0.1038 
     D237335 11 0.0805 0.4086 0.1728 0.3382 
     D237336 11 0.5215 0.1208 0.1696 0.1881 
     D237350 11 0.1239 0.1898 0.0784 0.6080 
     D237383 11 0.3136 0.0840 0.3726 0.2297 
     D237384 11 0.0795 0.5987 0.2438 0.0781 
     D237385 11 0.2279 0.2965 0.2353 0.2403 
     D237386 11 0.1567 0.5648 0.1247 0.1538 
     D237387 11 0.0399 0.7845 0.1002 0.0755 
     D237388 11 0.0618 0.1487 0.0500 0.7395 
        D239 11 0.2860 0.2203 0.0726 0.4211 
        D240 11 0.7748 0.0470 0.1082 0.0700 
        D241 11 0.1844 0.2964 0.4405 0.0787 
        D242 11 0.2543 0.4828 0.1343 0.1286 
        D243 11 0.2133 0.1446 0.1631 0.4789 
        D244 11 0.0539 0.0787 0.1650 0.7024 
