        D174  1 0.0404 0.4016 0.0157 0.0654 0.0777 0.1004 0.1258 0.0309 0.0175 0.0608 0.0640 
        D199  1 0.1228 0.1277 0.0285 0.0249 0.0256 0.1059 0.0351 0.1318 0.1719 0.0844 0.1414 
        D203  1 0.1805 0.0498 0.0416 0.0179 0.0968 0.0884 0.1449 0.1329 0.1150 0.0420 0.0901 
        D204  1 0.6912 0.0177 0.0876 0.0199 0.0312 0.0240 0.0266 0.0311 0.0195 0.0168 0.0345 
     D237366  1 0.0458 0.0583 0.0860 0.0214 0.0165 0.0653 0.1775 0.0487 0.0495 0.3848 0.0461 
     D237367  1 0.1736 0.0361 0.0421 0.0988 0.0653 0.1541 0.0968 0.0798 0.0177 0.1613 0.0745 
     D237368  1 0.1660 0.1237 0.0408 0.0255 0.0560 0.0757 0.0299 0.0742 0.0256 0.3536 0.0288 
     D244101  1 0.1270 0.0166 0.4415 0.0304 0.0280 0.0903 0.0281 0.0536 0.1374 0.0144 0.0326 
     D244102  1 0.0739 0.0290 0.0556 0.0512 0.1314 0.0842 0.0552 0.0428 0.0651 0.0637 0.3477 
     D244103  1 0.3531 0.0404 0.0351 0.0963 0.0338 0.1493 0.1093 0.0416 0.0209 0.0671 0.0531 
     D244104  1 0.6340 0.0603 0.0223 0.1106 0.0231 0.0265 0.0212 0.0311 0.0298 0.0288 0.0123 
     D244105  1 0.0295 0.0140 0.0151 0.0398 0.0667 0.1499 0.5314 0.0184 0.0322 0.0798 0.0233 
     D244106  1 0.0692 0.4540 0.0172 0.0237 0.0237 0.0493 0.1461 0.0857 0.0396 0.0187 0.0728 
     D244107  1 0.0505 0.0115 0.0973 0.0302 0.1564 0.1293 0.0199 0.0730 0.0206 0.3948 0.0166 
     D244108  1 0.0354 0.2477 0.0228 0.0264 0.3971 0.0628 0.0448 0.0298 0.0327 0.0229 0.0776 
     D244113  1 0.0155 0.3318 0.0664 0.1002 0.0280 0.0497 0.0177 0.0374 0.0176 0.0239 0.3119 
     D244114  1 0.0287 0.0583 0.0307 0.0217 0.0314 0.2103 0.3982 0.0368 0.1094 0.0283 0.0463 
     D244115  1 0.1331 0.2021 0.0226 0.0389 0.2092 0.1790 0.0696 0.0255 0.0295 0.0472 0.0433 
     D267365  1 0.2515 0.1618 0.0347 0.0345 0.0370 0.1105 0.0412 0.0249 0.1683 0.0767 0.0590 
        D404  1 0.0206 0.1361 0.0678 0.0276 0.0398 0.0357 0.0329 0.0346 0.0165 0.0161 0.5722 
        D405  1 0.0807 0.0378 0.0438 0.0350 0.0639 0.0447 0.0377 0.0437 0.0314 0.0241 0.5572 
        D406  1 0.0698 0.0444 0.0466 0.0194 0.1481 0.0570 0.0408 0.0178 0.0210 0.5158 0.0192 
        D407  1 0.5958 0.0186 0.0153 0.0460 0.0235 0.0469 0.0351 0.0688 0.0162 0.1127 0.0212 
        D408  1 0.0740 0.3470 0.0372 0.1977 0.0526 0.0614 0.0168 0.0138 0.1259 0.0181 0.0556 
        D409  1 0.4627 0.0257 0.0269 0.0270 0.0548 0.2173 0.0430 0.0417 0.0328 0.0333 0.0348 
        D410  1 0.0530 0.0204 0.0262 0.0204 0.7702 0.0296 0.0166 0.0100 0.0123 0.0169 0.0244 
        D421  1 0.8722 0.0137 0.0110 0.0153 0.0091 0.0115 0.0122 0.0238 0.0134 0.0092 0.0086 
        D422  1 0.0819 0.0120 0.0145 0.0179 0.0208 0.0424 0.0428 0.0270 0.0275 0.7003 0.0129 
        D423  1 0.0618 0.0148 0.0137 0.0166 0.6699 0.0402 0.0533 0.0471 0.0156 0.0372 0.0299 
        D424  1 0.6505 0.0325 0.0202 0.0460 0.0170 0.0822 0.0474 0.0137 0.0143 0.0501 0.0260 
        D425  1 0.1982 0.0661 0.0231 0.0536 0.0916 0.2053 0.1047 0.0166 0.0488 0.0244 0.1677 
        D426  1 0.4003 0.0302 0.0170 0.0503 0.0150 0.2263 0.0360 0.0212 0.1382 0.0505 0.0149 
        D427  1 0.3425 0.1555 0.0123 0.0359 0.0152 0.0231 0.0148 0.3485 0.0166 0.0253 0.0103 
        D428  1 0.2438 0.1096 0.0728 0.0570 0.0857 0.1105 0.0294 0.0363 0.0319 0.0707 0.1522 
        D429  1 0.4292 0.1449 0.0252 0.0175 0.0351 0.0495 0.1318 0.0237 0.0402 0.0246 0.0783 
        D430  1 0.0757 0.0898 0.0205 0.0345 0.0274 0.1640 0.3200 0.0565 0.0972 0.0352 0.0793 
        D491  1 0.1296 0.5795 0.0222 0.0650 0.0379 0.0467 0.0170 0.0121 0.0304 0.0193 0.0404 
        D492  1 0.2645 0.0942 0.0391 0.0288 0.0482 0.1587 0.0511 0.0445 0.0277 0.0937 0.1496 
        D537  1 0.3844 0.0310 0.0683 0.0903 0.0515 0.0840 0.0865 0.0372 0.0171 0.0701 0.0794 
        D538  1 0.0677 0.0894 0.0490 0.0303 0.1379 0.1583 0.0434 0.0828 0.0328 0.1330 0.1755 
        D539  1 0.0289 0.1037 0.0436 0.0771 0.0595 0.0881 0.2218 0.0376 0.1962 0.0426 0.1009 
        D540  1 0.2098 0.0213 0.0175 0.3568 0.0644 0.1155 0.0352 0.0150 0.0575 0.0642 0.0427 
        D541  1 0.8597 0.0103 0.0154 0.0138 0.0128 0.0205 0.0108 0.0130 0.0173 0.0143 0.0121 
        D551  1 0.0463 0.0316 0.0218 0.0401 0.0261 0.3005 0.1911 0.1120 0.1550 0.0438 0.0316 
        D552  1 0.1452 0.1761 0.0696 0.1340 0.1779 0.1052 0.0472 0.0298 0.0345 0.0630 0.0174 
        D553  1 0.8470 0.0136 0.0144 0.0299 0.0144 0.0122 0.0139 0.0111 0.0189 0.0160 0.0085 
        D615  1 0.4067 0.0538 0.0241 0.0435 0.1195 0.0784 0.0663 0.0571 0.0433 0.0302 0.0771 
        D616  1 0.3460 0.0537 0.0184 0.0450 0.1601 0.0920 0.0601 0.0754 0.0517 0.0691 0.0286 
        D621  1 0.0153 0.0633 0.3167 0.0565 0.1748 0.0505 0.0310 0.0236 0.0220 0.1933 0.0532 
        D622  1 0.0321 0.0399 0.0566 0.0815 0.1786 0.0902 0.0917 0.0212 0.0277 0.3595 0.0210 
        D623  1 0.0205 0.2228 0.1892 0.0234 0.0719 0.0578 0.0157 0.1130 0.0425 0.0238 0.2195 
        D624  1 0.0338 0.7593 0.0115 0.0249 0.0179 0.0414 0.0303 0.0128 0.0189 0.0227 0.0267 
        D625  1 0.5662 0.0586 0.0561 0.0298 0.0751 0.0547 0.0520 0.0132 0.0266 0.0491 0.0185 
        D626  1 0.0474 0.2228 0.0208 0.2627 0.0888 0.0711 0.0984 0.0279 0.0379 0.0821 0.0402 
        D627  1 0.3679 0.0359 0.0260 0.0324 0.0171 0.1959 0.0502 0.0199 0.1666 0.0745 0.0134 
        D690  1 0.7610 0.0412 0.0180 0.0188 0.0448 0.0238 0.0174 0.0093 0.0136 0.0391 0.0129 
        D691  1 0.0550 0.0509 0.0263 0.0239 0.0619 0.0422 0.1802 0.0202 0.0275 0.4990 0.0129 
        D710  1 0.2307 0.1113 0.1419 0.0580 0.0766 0.1388 0.0251 0.0368 0.0383 0.1055 0.0370 
        D711  1 0.7221 0.0247 0.0436 0.0116 0.0249 0.0373 0.0271 0.0249 0.0182 0.0326 0.0330 
        D712  1 0.0356 0.4922 0.0534 0.0742 0.0360 0.0633 0.0301 0.0317 0.0605 0.0646 0.0585 
        D713  1 0.1008 0.1243 0.1244 0.0531 0.0631 0.0914 0.0969 0.0214 0.0193 0.0627 0.2426 
        D746  1 0.0836 0.0254 0.0261 0.0385 0.0669 0.0360 0.0366 0.0288 0.0189 0.6261 0.0131 
        D747  1 0.8479 0.0132 0.0256 0.0110 0.0122 0.0154 0.0138 0.0158 0.0168 0.0141 0.0142 
        D748  1 0.1374 0.0327 0.0596 0.0463 0.0787 0.0575 0.3929 0.0185 0.0227 0.1309 0.0229 
        D749  1 0.0211 0.0994 0.0661 0.0303 0.1037 0.2227 0.1126 0.0363 0.0246 0.2014 0.0818 
        D750  1 0.1397 0.5297 0.0391 0.0220 0.0807 0.0334 0.0578 0.0195 0.0196 0.0374 0.0211 
        D763  1 0.0505 0.0197 0.1778 0.1629 0.0312 0.1335 0.0914 0.0956 0.1421 0.0654 0.0298 
        D764  1 0.5207 0.1786 0.0133 0.0367 0.1056 0.0247 0.0229 0.0169 0.0181 0.0481 0.0145 
        D765  1 0.0187 0.0686 0.0121 0.0229 0.6337 0.0556 0.0666 0.0133 0.0241 0.0362 0.0481 
        D766  1 0.0430 0.0269 0.0942 0.0957 0.4915 0.0648 0.0689 0.0205 0.0164 0.0511 0.0270 
        D767  1 0.0779 0.0319 0.1922 0.0264 0.0707 0.0801 0.0764 0.0738 0.0369 0.0958 0.2378 
        D768  1 0.7935 0.0109 0.0154 0.0202 0.0202 0.0299 0.0274 0.0244 0.0158 0.0262 0.0162 
        D811  1 0.0170 0.0509 0.0158 0.1863 0.1119 0.0471 0.0306 0.0116 0.0277 0.0180 0.4830 
        D816  1 0.8135 0.0186 0.0163 0.0172 0.0236 0.0273 0.0163 0.0136 0.0146 0.0186 0.0207 
        D825  1 0.0500 0.0968 0.0173 0.0563 0.4392 0.0893 0.0375 0.0124 0.0201 0.0345 0.1466 
        D866  1 0.0599 0.1576 0.0170 0.0700 0.0657 0.0892 0.0546 0.1089 0.3078 0.0251 0.0443 
        D867  1 0.0155 0.0252 0.0994 0.0321 0.0283 0.0478 0.0338 0.0485 0.0192 0.6147 0.0354 
        D871  1 0.5176 0.0423 0.0324 0.0392 0.0205 0.1912 0.0496 0.0139 0.0345 0.0222 0.0367 
        D872  1 0.1594 0.0375 0.0466 0.0285 0.2790 0.0901 0.0309 0.0616 0.0224 0.0561 0.1880 
        D873  1 0.0102 0.0130 0.0305 0.0135 0.7421 0.0240 0.0150 0.0219 0.0090 0.0368 0.0839 
        D874  1 0.0509 0.0489 0.7011 0.0226 0.0170 0.0288 0.0295 0.0157 0.0342 0.0156 0.0358 
        D875  1 0.3977 0.0178 0.0224 0.0220 0.1066 0.2372 0.0894 0.0152 0.0155 0.0477 0.0286 
        D876  1 0.3824 0.0975 0.0893 0.0574 0.0622 0.1028 0.0378 0.0214 0.0574 0.0546 0.0371 
        D877  1 0.0207 0.0569 0.0426 0.0222 0.0254 0.0441 0.0191 0.0203 0.0152 0.0115 0.7221 
        D892  1 0.1929 0.1735 0.0362 0.0168 0.0435 0.0904 0.2574 0.0152 0.0210 0.1037 0.0495 
        D893  1 0.5075 0.0148 0.0558 0.0690 0.0403 0.0919 0.0608 0.0317 0.0567 0.0527 0.0188 
        D894  1 0.7128 0.0356 0.0227 0.0187 0.0179 0.0387 0.0682 0.0198 0.0249 0.0233 0.0176 
        D915  1 0.3559 0.0427 0.0187 0.0430 0.1200 0.0836 0.2070 0.0257 0.0306 0.0449 0.0281 
        D916  1 0.8788 0.0123 0.0122 0.0114 0.0133 0.0123 0.0139 0.0102 0.0117 0.0152 0.0087 
        D917  1 0.1253 0.2247 0.1448 0.0436 0.0283 0.1089 0.0231 0.0544 0.1050 0.0499 0.0921 
        D925  1 0.1819 0.0795 0.0192 0.0513 0.4726 0.0464 0.0169 0.0194 0.0309 0.0432 0.0387 
        D926  1 0.3934 0.0462 0.0538 0.0278 0.0412 0.2009 0.1080 0.0176 0.0362 0.0414 0.0334 
        D927  1 0.1717 0.0595 0.0370 0.0339 0.0288 0.1501 0.0604 0.2174 0.1342 0.0647 0.0422 
        D928  1 0.0813 0.7353 0.0184 0.0157 0.0414 0.0183 0.0122 0.0164 0.0149 0.0085 0.0377 
        D929  1 0.0340 0.0423 0.3764 0.0307 0.0319 0.0577 0.0343 0.0220 0.0242 0.0935 0.2531 
        D936  1 0.3853 0.0225 0.1777 0.0320 0.0306 0.0731 0.0566 0.0326 0.1297 0.0207 0.0393 
        D938  1 0.0238 0.0254 0.0820 0.0741 0.1476 0.0406 0.0502 0.0174 0.0191 0.4994 0.0205 
        D956  1 0.0561 0.5125 0.0262 0.0492 0.0495 0.0535 0.0977 0.0320 0.0212 0.0210 0.0811 
        D957  1 0.0799 0.0271 0.0449 0.0167 0.5374 0.0658 0.0273 0.0288 0.0315 0.0455 0.0951 
        D958  1 0.1317 0.1117 0.0876 0.0356 0.3804 0.0857 0.0387 0.0240 0.0174 0.0527 0.0345 
        D959  1 0.6135 0.0193 0.0106 0.0330 0.0164 0.0688 0.0347 0.0553 0.0114 0.1141 0.0229 
        D960  1 0.0334 0.0377 0.0337 0.0140 0.1244 0.1021 0.0455 0.0206 0.0193 0.4772 0.0923 
        D989  1 0.0369 0.5836 0.0233 0.0493 0.0174 0.0493 0.0379 0.0525 0.0857 0.0339 0.0302 
        D990  1 0.0132 0.0621 0.0206 0.0208 0.5456 0.0717 0.0162 0.0269 0.1264 0.0838 0.0127 
        D023  2 0.0270 0.0146 0.0165 0.0143 0.0136 0.0227 0.0108 0.0146 0.0121 0.8449 0.0090 
        D130  2 0.0842 0.0140 0.0200 0.0176 0.0371 0.0475 0.0614 0.0454 0.0143 0.5366 0.1218 
        D131  2 0.2091 0.0390 0.0450 0.1566 0.0752 0.2438 0.0489 0.0290 0.0946 0.0304 0.0284 
        D163  2 0.0711 0.0482 0.0377 0.0231 0.0387 0.0438 0.0701 0.0156 0.0287 0.6041 0.0189 
        D164  2 0.0095 0.0092 0.0131 0.0172 0.3520 0.0166 0.0135 0.5286 0.0113 0.0170 0.0121 
        D165  2 0.0287 0.0153 0.0214 0.0240 0.0199 0.0226 0.0164 0.0254 0.0253 0.7920 0.0090 
        D166  2 0.0289 0.0146 0.0645 0.0419 0.0552 0.1370 0.1926 0.0345 0.0465 0.0496 0.3347 
        D167  2 0.0137 0.0293 0.0120 0.0108 0.0154 0.0184 0.0122 0.7876 0.0166 0.0117 0.0722 
        D192  2 0.0100 0.0178 0.0205 0.0119 0.0137 0.0145 0.0107 0.8510 0.0219 0.0119 0.0161 
        D193  2 0.0183 0.0367 0.0359 0.0164 0.0332 0.0795 0.1167 0.0201 0.0315 0.0191 0.5927 
        D206  2 0.0736 0.0162 0.0253 0.3190 0.0223 0.1103 0.0464 0.2786 0.0237 0.0498 0.0348 
        D207  2 0.0235 0.0188 0.0175 0.0220 0.0230 0.0720 0.0441 0.5697 0.0697 0.0191 0.1205 
        D208  2 0.0327 0.1135 0.0403 0.3223 0.0357 0.0793 0.0563 0.0533 0.1860 0.0441 0.0366 
        D209  2 0.0294 0.0226 0.1320 0.0523 0.0503 0.1484 0.0187 0.4406 0.0284 0.0419 0.0354 
        D210  2 0.0497 0.4838 0.0338 0.0196 0.0208 0.0396 0.0618 0.0770 0.1720 0.0186 0.0234 
     D229599  2 0.1533 0.0642 0.1357 0.0426 0.0428 0.1412 0.0676 0.0477 0.1781 0.0792 0.0477 
     D229600  2 0.0225 0.0227 0.0205 0.0194 0.0484 0.0636 0.0522 0.3116 0.0265 0.3446 0.0679 
     D237227  2 0.0497 0.3521 0.0188 0.0387 0.2331 0.0690 0.0173 0.0405 0.0962 0.0653 0.0194 
     D237228  2 0.0117 0.1097 0.0116 0.0188 0.6104 0.0672 0.0271 0.0351 0.0467 0.0142 0.0476 
     D237258  2 0.0654 0.0626 0.0439 0.0883 0.0963 0.0958 0.0363 0.1922 0.0911 0.1169 0.1111 
     D237310  2 0.0108 0.0236 0.0284 0.0157 0.6475 0.0332 0.0470 0.0454 0.0218 0.0218 0.1047 
     D237311  2 0.0105 0.0206 0.0154 0.0165 0.6426 0.0349 0.0332 0.1367 0.0175 0.0321 0.0401 
     D237312  2 0.0220 0.0270 0.0494 0.0364 0.2847 0.0616 0.2535 0.0164 0.0160 0.0664 0.1665 
     D237313  2 0.0644 0.0498 0.0531 0.3494 0.1335 0.1365 0.0609 0.0195 0.0644 0.0311 0.0373 
     D237322  2 0.0219 0.0602 0.0820 0.0534 0.1007 0.2138 0.1138 0.0426 0.1883 0.0346 0.0887 
     D237323  2 0.0144 0.1361 0.0231 0.0152 0.5844 0.0303 0.0350 0.0247 0.0427 0.0462 0.0479 
     D237324  2 0.0606 0.0175 0.0346 0.0197 0.0571 0.3451 0.0335 0.1796 0.0756 0.1566 0.0198 
     D237325  2 0.0226 0.0523 0.0480 0.0245 0.4005 0.0659 0.1906 0.0557 0.0289 0.0564 0.0546 
     D237326  2 0.0322 0.0405 0.0361 0.0120 0.7160 0.0391 0.0358 0.0214 0.0233 0.0270 0.0165 
     D237327  2 0.0582 0.0388 0.0756 0.0303 0.0299 0.1616 0.0806 0.0913 0.3159 0.0853 0.0326 
     D237337  2 0.0160 0.0257 0.0187 0.0175 0.8055 0.0217 0.0305 0.0107 0.0177 0.0182 0.0178 
     D237338  2 0.0482 0.0922 0.0891 0.0455 0.1767 0.1090 0.1787 0.0709 0.0747 0.0854 0.0298 
     D237339  2 0.0251 0.0181 0.5915 0.0253 0.0213 0.0713 0.0281 0.1041 0.0536 0.0169 0.0445 
     D237340  2 0.0182 0.1092 0.0327 0.0195 0.3692 0.0685 0.0631 0.1355 0.0352 0.0603 0.0887 
     D237389  2 0.0169 0.0186 0.0234 0.0166 0.5521 0.0341 0.0894 0.0754 0.0147 0.0283 0.1304 
     D237390  2 0.0210 0.0502 0.0382 0.0349 0.2863 0.0460 0.3308 0.0171 0.0327 0.0324 0.1104 
     D244017  2 0.0167 0.1809 0.0204 0.0174 0.0378 0.0705 0.0175 0.2438 0.0304 0.0420 0.3226 
     D244112  2 0.0143 0.0181 0.0126 0.0122 0.0157 0.0228 0.0270 0.8084 0.0164 0.0265 0.0259 
     D244118  2 0.0095 0.0240 0.0299 0.0102 0.0483 0.0290 0.0159 0.6004 0.0240 0.1800 0.0289 
     D244119  2 0.0152 0.6046 0.0107 0.0149 0.0232 0.0217 0.0125 0.2450 0.0172 0.0133 0.0216 
     D244120  2 0.0152 0.0396 0.0441 0.0147 0.0246 0.0462 0.1448 0.3151 0.0637 0.0210 0.2711 
     D244122  2 0.0257 0.0347 0.0204 0.0505 0.0219 0.0391 0.0469 0.6083 0.0246 0.0480 0.0798 
        D291  2 0.0598 0.0131 0.0181 0.0966 0.0304 0.1007 0.0345 0.0500 0.4313 0.1072 0.0582 
        D292  2 0.1598 0.0561 0.0353 0.0298 0.0744 0.0655 0.0334 0.1409 0.2971 0.0319 0.0760 
        D293  2 0.0882 0.0172 0.1139 0.0179 0.0144 0.0686 0.0305 0.5541 0.0679 0.0132 0.0143 
        D322  2 0.0891 0.0186 0.1808 0.0192 0.0561 0.0543 0.0306 0.4804 0.0267 0.0279 0.0162 
        D323  2 0.0183 0.0225 0.0507 0.5589 0.0391 0.0588 0.0277 0.0806 0.0282 0.0240 0.0911 
        D324  2 0.1093 0.0430 0.0335 0.0697 0.1258 0.1246 0.0800 0.0275 0.2860 0.0803 0.0202 
        D325  2 0.0337 0.0108 0.0224 0.0179 0.0156 0.0230 0.0381 0.7658 0.0384 0.0212 0.0131 
        D326  2 0.8294 0.0249 0.0131 0.0221 0.0112 0.0259 0.0186 0.0132 0.0212 0.0094 0.0111 
        D340  2 0.0197 0.0184 0.0199 0.0146 0.0170 0.0191 0.0146 0.8276 0.0240 0.0147 0.0103 
        D341  2 0.0249 0.0319 0.0255 0.0527 0.0397 0.0410 0.2544 0.4480 0.0413 0.0150 0.0257 
        D342  2 0.0220 0.0201 0.0176 0.0556 0.0491 0.0761 0.0404 0.5468 0.0349 0.0935 0.0439 
        D343  2 0.0169 0.0096 0.0105 0.0096 0.0078 0.0115 0.0126 0.8908 0.0135 0.0101 0.0073 
        D344  2 0.0930 0.0208 0.3735 0.0356 0.0553 0.1001 0.0737 0.0440 0.0309 0.0124 0.1606 
        D345  2 0.0494 0.0307 0.2565 0.1174 0.2248 0.1402 0.0240 0.0399 0.0386 0.0497 0.0288 
        D346  2 0.0646 0.2536 0.0316 0.3989 0.0380 0.0356 0.0434 0.0412 0.0372 0.0193 0.0366 
        D351  2 0.1736 0.0211 0.0925 0.0486 0.0809 0.1609 0.0962 0.0320 0.1859 0.0670 0.0413 
        D352  2 0.0186 0.0476 0.6574 0.0252 0.0346 0.0739 0.0200 0.0302 0.0299 0.0186 0.0439 
        D353  2 0.1001 0.0122 0.0810 0.0306 0.0141 0.6442 0.0467 0.0140 0.0194 0.0168 0.0210 
        D354  2 0.0680 0.0294 0.6836 0.0443 0.0470 0.0346 0.0163 0.0127 0.0193 0.0143 0.0305 
        D362  2 0.6814 0.0181 0.0176 0.0264 0.0442 0.0402 0.0179 0.0277 0.0195 0.0707 0.0364 
        D363  2 0.6954 0.0264 0.0275 0.0509 0.0361 0.0352 0.0149 0.0155 0.0244 0.0468 0.0269 
        D364  2 0.3267 0.0331 0.3161 0.0535 0.0479 0.0977 0.0327 0.0272 0.0156 0.0181 0.0314 
        D365  2 0.0175 0.0210 0.0219 0.0128 0.0153 0.0151 0.0136 0.8464 0.0151 0.0103 0.0109 
        D369  2 0.1695 0.1575 0.0211 0.1150 0.1166 0.0574 0.0449 0.1153 0.1342 0.0389 0.0297 
        D374  2 0.0131 0.1477 0.0135 0.0203 0.0182 0.0264 0.0148 0.0189 0.0189 0.0083 0.6998 
        D375  2 0.0218 0.0145 0.7390 0.0447 0.0172 0.0496 0.0303 0.0177 0.0121 0.0168 0.0363 
        D376  2 0.0199 0.3448 0.0537 0.0265 0.0377 0.0573 0.0437 0.0304 0.0246 0.0143 0.3471 
        D377  2 0.0178 0.0378 0.0410 0.4267 0.1652 0.0738 0.0577 0.0413 0.0386 0.0318 0.0684 
        D378  2 0.0961 0.0285 0.2426 0.0822 0.0256 0.1232 0.0316 0.2127 0.0502 0.0918 0.0156 
        D379  2 0.4889 0.0284 0.0436 0.1632 0.0263 0.0909 0.0627 0.0221 0.0218 0.0157 0.0363 
        D384  2 0.7895 0.0334 0.0151 0.0386 0.0169 0.0315 0.0185 0.0150 0.0197 0.0105 0.0113 
        D385  2 0.0197 0.0294 0.1307 0.0321 0.0200 0.0336 0.0281 0.6536 0.0164 0.0134 0.0231 
        D386  2 0.0542 0.0154 0.5029 0.0576 0.0245 0.1176 0.0404 0.0768 0.0264 0.0532 0.0311 
        D391  2 0.0204 0.0171 0.1133 0.0338 0.0253 0.0237 0.0240 0.6909 0.0218 0.0142 0.0156 
        D392  2 0.0614 0.0452 0.0205 0.0321 0.1827 0.0435 0.0225 0.5079 0.0211 0.0349 0.0282 
        D393  2 0.1747 0.0175 0.2801 0.1635 0.0484 0.0453 0.0472 0.0628 0.1048 0.0411 0.0146 
        D394  2 0.0867 0.0403 0.1711 0.0196 0.1595 0.1517 0.0593 0.0679 0.0414 0.1334 0.0692 
        D395  2 0.0125 0.0212 0.4027 0.0250 0.0208 0.0994 0.0322 0.3064 0.0230 0.0238 0.0330 
        D401  2 0.0165 0.0231 0.0094 0.0359 0.8008 0.0197 0.0148 0.0212 0.0203 0.0118 0.0264 
        D402  2 0.0125 0.0136 0.0638 0.0554 0.0307 0.0251 0.0215 0.6920 0.0524 0.0117 0.0213 
        D403  2 0.1893 0.0206 0.0906 0.0450 0.0249 0.3259 0.1075 0.0377 0.0375 0.0510 0.0701 
        D415  2 0.4884 0.0128 0.0272 0.0264 0.1280 0.1551 0.0764 0.0243 0.0177 0.0216 0.0221 
        D435  2 0.5446 0.0141 0.0501 0.0181 0.0404 0.0369 0.0523 0.1650 0.0443 0.0172 0.0169 
        D436  2 0.0639 0.0380 0.4233 0.0248 0.0284 0.0722 0.1902 0.0222 0.0226 0.0205 0.0939 
        D438  2 0.0120 0.0198 0.0140 0.0292 0.0102 0.0135 0.0153 0.8483 0.0129 0.0123 0.0123 
        D439  2 0.0421 0.0128 0.6112 0.0745 0.0335 0.0648 0.0212 0.0572 0.0284 0.0417 0.0126 
        D449  2 0.0864 0.0226 0.0203 0.0374 0.0229 0.1122 0.0574 0.5723 0.0199 0.0289 0.0197 
        D450  2 0.1013 0.1122 0.1956 0.0595 0.0343 0.1942 0.1288 0.0186 0.0520 0.0560 0.0475 
        D456  2 0.8273 0.0151 0.0236 0.0212 0.0130 0.0277 0.0202 0.0087 0.0191 0.0130 0.0112 
        D462  2 0.0319 0.0109 0.1075 0.0128 0.0144 0.0228 0.0186 0.7240 0.0204 0.0217 0.0149 
        D463  2 0.7972 0.0256 0.0235 0.0334 0.0168 0.0246 0.0168 0.0098 0.0163 0.0134 0.0226 
        D464  2 0.0375 0.0251 0.3046 0.0382 0.0255 0.3465 0.0434 0.0595 0.0235 0.0159 0.0803 
        D465  2 0.1158 0.0208 0.0224 0.0606 0.1531 0.0752 0.0321 0.4331 0.0283 0.0290 0.0296 
        D473  2 0.0236 0.4242 0.0856 0.0441 0.1591 0.0552 0.0279 0.0336 0.0504 0.0603 0.0360 
        D474  2 0.5200 0.0324 0.0372 0.0334 0.0401 0.0423 0.0278 0.0545 0.1527 0.0460 0.0137 
        D476  2 0.0205 0.0114 0.5309 0.0108 0.0128 0.0270 0.0146 0.0326 0.0251 0.3034 0.0110 
        D477  2 0.1586 0.0417 0.2943 0.1035 0.1274 0.0946 0.0298 0.0199 0.0862 0.0224 0.0216 
        D478  2 0.0366 0.0811 0.0927 0.0300 0.0441 0.1653 0.0462 0.0583 0.0442 0.3087 0.0927 
        D480  2 0.1469 0.0951 0.2343 0.1144 0.0274 0.0887 0.1031 0.0757 0.0706 0.0166 0.0273 
        D481  2 0.3150 0.0672 0.1757 0.0345 0.0736 0.0991 0.0161 0.0480 0.0456 0.0930 0.0324 
        D482  2 0.0170 0.0612 0.2242 0.1262 0.0573 0.1186 0.0588 0.0222 0.1963 0.0460 0.0722 
        D483  2 0.0140 0.0521 0.0141 0.0162 0.0196 0.0182 0.0123 0.7888 0.0196 0.0244 0.0207 
        D484  2 0.0094 0.0223 0.7691 0.0241 0.0136 0.0178 0.0205 0.0221 0.0229 0.0161 0.0621 
        D510  2 0.0249 0.3846 0.0304 0.0313 0.0175 0.0700 0.0589 0.0230 0.1247 0.0166 0.2183 
        D511  2 0.0518 0.0199 0.6719 0.0542 0.0241 0.0233 0.0236 0.0476 0.0357 0.0297 0.0182 
        D512  2 0.0167 0.0122 0.0182 0.0296 0.6262 0.0453 0.0368 0.1121 0.0249 0.0259 0.0522 
        D513  2 0.0466 0.0583 0.0220 0.1016 0.0705 0.0895 0.0512 0.4300 0.0673 0.0227 0.0402 
        D635  2 0.2063 0.0211 0.0279 0.0376 0.0338 0.0831 0.0158 0.0314 0.0320 0.4963 0.0146 
        D636  2 0.0205 0.0189 0.0150 0.0552 0.0272 0.0192 0.0138 0.0125 0.0107 0.7958 0.0111 
        D637  2 0.0276 0.0522 0.2206 0.0889 0.0605 0.0829 0.2363 0.1139 0.0376 0.0254 0.0540 
        D658  2 0.0185 0.1140 0.1490 0.0175 0.0625 0.0564 0.0823 0.4175 0.0217 0.0191 0.0415 
        D659  2 0.5914 0.0297 0.0665 0.0235 0.0145 0.0604 0.0587 0.0234 0.0598 0.0494 0.0227 
        D677  2 0.1150 0.0182 0.0267 0.1156 0.0576 0.0763 0.3563 0.0467 0.0621 0.0746 0.0510 
        D678  2 0.0167 0.0173 0.0254 0.0375 0.0233 0.0969 0.0245 0.6153 0.0204 0.0285 0.0942 
        D679  2 0.1495 0.0477 0.0589 0.3828 0.0263 0.1125 0.0538 0.0381 0.0708 0.0360 0.0236 
        D719  2 0.0991 0.3568 0.0462 0.0386 0.0921 0.0677 0.0193 0.1367 0.1091 0.0124 0.0221 
        D720  2 0.6195 0.0661 0.0198 0.0790 0.0413 0.0467 0.0248 0.0272 0.0289 0.0186 0.0282 
        D721  2 0.0330 0.0291 0.0304 0.0326 0.0242 0.0351 0.0270 0.0513 0.0268 0.6990 0.0115 
        D722  2 0.0159 0.0999 0.0223 0.0465 0.0441 0.0492 0.0149 0.0300 0.0365 0.0169 0.6237 
        D734  2 0.0173 0.1322 0.6303 0.0364 0.0125 0.0289 0.0280 0.0568 0.0265 0.0135 0.0178 
        D735  2 0.1153 0.0487 0.0819 0.3726 0.1121 0.0893 0.0261 0.0462 0.0412 0.0378 0.0288 
        D736  2 0.0446 0.2303 0.0518 0.0371 0.0578 0.0575 0.0961 0.0401 0.3236 0.0351 0.0260 
        D737  2 0.0152 0.0361 0.1250 0.0173 0.0428 0.0580 0.0269 0.5329 0.0666 0.0379 0.0413 
        D807  2 0.1011 0.1920 0.0897 0.0665 0.0881 0.0512 0.1245 0.0417 0.1549 0.0459 0.0442 
        D808  2 0.0701 0.0263 0.0578 0.0307 0.3023 0.1719 0.0952 0.0625 0.0831 0.0578 0.0424 
        D817  2 0.0788 0.0213 0.0340 0.6570 0.0359 0.0466 0.0263 0.0140 0.0269 0.0202 0.0390 
        D818  2 0.0431 0.0279 0.0310 0.0335 0.0164 0.1875 0.2751 0.1359 0.1080 0.1173 0.0243 
        D819  2 0.1106 0.0229 0.0333 0.3882 0.2042 0.0882 0.0225 0.0216 0.0304 0.0433 0.0348 
        D820  2 0.5158 0.0277 0.1400 0.0161 0.0198 0.0548 0.0869 0.0400 0.0528 0.0214 0.0248 
        D895  2 0.2309 0.0362 0.0652 0.1813 0.0480 0.1688 0.0436 0.0472 0.0282 0.1129 0.0378 
        D896  2 0.0095 0.0192 0.0127 0.0111 0.8648 0.0121 0.0157 0.0102 0.0100 0.0115 0.0232 
        D897  2 0.0204 0.0214 0.0328 0.0769 0.0358 0.1186 0.0961 0.4989 0.0373 0.0252 0.0366 
        D898  2 0.0444 0.0280 0.0503 0.1136 0.2710 0.1602 0.0621 0.0313 0.1100 0.0367 0.0924 
        D918  2 0.0231 0.0543 0.0822 0.0521 0.1489 0.1322 0.2968 0.0507 0.0423 0.0795 0.0378 
        D919  2 0.1210 0.0193 0.4019 0.0244 0.0196 0.0927 0.0326 0.0775 0.1134 0.0341 0.0635 
        D920  2 0.0339 0.0744 0.0322 0.0263 0.0552 0.0435 0.0920 0.0289 0.0284 0.5416 0.0436 
        D923  2 0.5622 0.0197 0.1312 0.0283 0.0304 0.0801 0.0352 0.0351 0.0281 0.0234 0.0264 
        D930  2 0.1239 0.0860 0.1693 0.1709 0.0804 0.1531 0.0710 0.0375 0.0478 0.0184 0.0417 
        D931  2 0.2204 0.0370 0.2652 0.0446 0.0471 0.0758 0.0546 0.1273 0.0518 0.0322 0.0440 
        D968  2 0.0210 0.0173 0.0232 0.0225 0.0164 0.0231 0.0199 0.7587 0.0628 0.0110 0.0241 
        D969  2 0.2071 0.0539 0.0600 0.0502 0.0473 0.1247 0.0449 0.1491 0.1817 0.0357 0.0455 
        D977  2 0.0213 0.0187 0.0312 0.0222 0.0175 0.0476 0.0592 0.7109 0.0257 0.0219 0.0237 
        D978  2 0.0193 0.0208 0.0256 0.3693 0.0203 0.1056 0.0507 0.1089 0.2019 0.0235 0.0540 
        D211  3 0.0572 0.0252 0.0278 0.1169 0.0119 0.0343 0.1778 0.0194 0.0291 0.4827 0.0179 
     D229639  3 0.0322 0.0606 0.0201 0.0352 0.0300 0.0453 0.0385 0.0380 0.6216 0.0284 0.0500 
     D237212  3 0.0635 0.0242 0.2373 0.0944 0.0517 0.0604 0.1279 0.0505 0.1942 0.0658 0.0300 
     D237213  3 0.0184 0.0144 0.0672 0.3752 0.1365 0.0695 0.1589 0.0241 0.0324 0.0565 0.0468 
     D237214  3 0.0176 0.0187 0.0135 0.0107 0.0149 0.0220 0.0237 0.0122 0.0131 0.8401 0.0134 
     D237215  3 0.0122 0.0558 0.0157 0.0389 0.0315 0.0396 0.0163 0.3939 0.0866 0.0163 0.2933 
     D237216  3 0.0396 0.0194 0.0325 0.1028 0.0206 0.5686 0.0589 0.0246 0.0297 0.0768 0.0265 
     D237217  3 0.0558 0.0141 0.0227 0.0407 0.0435 0.2450 0.3395 0.0289 0.0458 0.1506 0.0134 
     D237218  3 0.0458 0.0578 0.1714 0.0860 0.0209 0.0797 0.1675 0.0329 0.2942 0.0278 0.0159 
     D237219  3 0.0201 0.0651 0.0139 0.3753 0.1097 0.0580 0.1863 0.0199 0.0860 0.0452 0.0204 
     D237382  3 0.0695 0.0970 0.0340 0.0520 0.1674 0.1022 0.1097 0.0458 0.0366 0.0386 0.2473 
     D244127  3 0.0180 0.0175 0.0364 0.0774 0.4885 0.0783 0.0736 0.0684 0.0551 0.0455 0.0413 
     D244129  3 0.0787 0.0369 0.0782 0.0758 0.2259 0.1226 0.1110 0.0549 0.0652 0.1169 0.0339 
     D244133  3 0.0408 0.0491 0.0098 0.6104 0.0293 0.0580 0.0278 0.0791 0.0229 0.0335 0.0393 
     D244134  3 0.0195 0.1917 0.0202 0.2135 0.0735 0.0415 0.0387 0.0261 0.3176 0.0436 0.0141 
     D244135  3 0.0327 0.0149 0.0224 0.0595 0.0149 0.0388 0.0315 0.0490 0.0193 0.6959 0.0210 
     D244136  3 0.1303 0.1093 0.0198 0.3509 0.0319 0.0804 0.0460 0.0630 0.0578 0.0366 0.0741 
        D416  3 0.0719 0.0280 0.0401 0.2615 0.0542 0.1753 0.0807 0.1399 0.0460 0.0812 0.0211 
        D417  3 0.5288 0.0197 0.0168 0.0241 0.0364 0.0647 0.2299 0.0149 0.0196 0.0220 0.0230 
        D419  3 0.0620 0.0528 0.0299 0.2224 0.0850 0.1268 0.1631 0.0556 0.1356 0.0417 0.0252 
        D565  3 0.0390 0.7436 0.0174 0.0500 0.0180 0.0205 0.0168 0.0132 0.0385 0.0210 0.0220 
        D566  3 0.0790 0.2227 0.0168 0.0800 0.0611 0.0697 0.0268 0.0387 0.3132 0.0260 0.0661 
        D567  3 0.4820 0.0217 0.0846 0.0675 0.0728 0.0823 0.0378 0.0302 0.0199 0.0659 0.0353 
        D568  3 0.0788 0.0152 0.1725 0.0671 0.0538 0.1182 0.2032 0.1151 0.0701 0.0724 0.0337 
        D569  3 0.0205 0.0372 0.5132 0.0372 0.0205 0.0810 0.0245 0.0736 0.0354 0.0777 0.0791 
        D573  3 0.1612 0.0237 0.0283 0.0239 0.0305 0.0584 0.0286 0.1413 0.4667 0.0175 0.0200 
        D574  3 0.0561 0.2200 0.0374 0.1178 0.1000 0.1506 0.0537 0.0404 0.0843 0.0483 0.0913 
        D575  3 0.0186 0.0221 0.0158 0.8017 0.0305 0.0203 0.0138 0.0237 0.0194 0.0231 0.0111 
        D576  3 0.0078 0.0303 0.0180 0.0898 0.0144 0.0588 0.0221 0.4847 0.0719 0.0361 0.1662 
        D577  3 0.4148 0.0332 0.0432 0.1623 0.0236 0.0775 0.0479 0.0183 0.0367 0.0935 0.0489 
        D578  3 0.0147 0.0164 0.0125 0.0175 0.0244 0.0208 0.0268 0.0227 0.0155 0.8123 0.0162 
        D579  3 0.1200 0.1318 0.1331 0.1077 0.0515 0.0936 0.0945 0.0582 0.1455 0.0364 0.0277 
        D660  3 0.0152 0.0165 0.0418 0.1178 0.0404 0.0481 0.0423 0.5758 0.0221 0.0405 0.0395 
        D661  3 0.0208 0.0159 0.0642 0.0336 0.0208 0.1110 0.2759 0.1996 0.1999 0.0402 0.0181 
        D663  3 0.0489 0.0164 0.0366 0.0406 0.0153 0.1094 0.0236 0.0529 0.5710 0.0292 0.0560 
        D664  3 0.0173 0.0566 0.0260 0.2855 0.0624 0.1205 0.1275 0.1520 0.0365 0.0830 0.0326 
        D665  3 0.0150 0.0125 0.0775 0.1882 0.0670 0.2122 0.0434 0.0344 0.0395 0.1877 0.1226 
        D666  3 0.0300 0.0491 0.0175 0.6401 0.0999 0.0370 0.0488 0.0145 0.0266 0.0220 0.0146 
        D009  4 0.1139 0.0325 0.1102 0.0399 0.0697 0.1877 0.1086 0.0210 0.0411 0.2059 0.0695 
        D057  4 0.0275 0.0329 0.3408 0.0128 0.0134 0.0287 0.0306 0.1590 0.0845 0.2395 0.0302 
        D109  4 0.0436 0.0466 0.0293 0.1199 0.3870 0.1458 0.0545 0.0177 0.0260 0.0954 0.0341 
     D237222  4 0.0231 0.1394 0.0278 0.0144 0.0250 0.0374 0.0389 0.0247 0.0313 0.5054 0.1326 
     D237223  4 0.0155 0.0771 0.0303 0.0172 0.0434 0.0599 0.6006 0.0322 0.0536 0.0355 0.0347 
     D237224  4 0.1045 0.0266 0.1656 0.1133 0.0334 0.1173 0.0311 0.1523 0.1751 0.0439 0.0370 
     D237225  4 0.0576 0.0455 0.1094 0.0835 0.0455 0.2156 0.2324 0.0251 0.0536 0.0816 0.0502 
     D237299  4 0.0713 0.0348 0.0191 0.0199 0.0753 0.1404 0.4974 0.0206 0.0656 0.0180 0.0376 
     D237300  4 0.0143 0.0238 0.0196 0.1461 0.0179 0.0469 0.0562 0.0313 0.6070 0.0184 0.0185 
     D237306  4 0.0583 0.3321 0.0303 0.0161 0.0613 0.0470 0.2990 0.0191 0.0295 0.0267 0.0806 
     D237307  4 0.2623 0.1336 0.0172 0.1914 0.0316 0.0683 0.0597 0.0342 0.0724 0.0342 0.0950 
     D237308  4 0.0301 0.0632 0.1726 0.0452 0.0743 0.0706 0.0322 0.3990 0.0340 0.0449 0.0341 
     D237309  4 0.1294 0.0215 0.0865 0.0463 0.0585 0.2554 0.1141 0.0483 0.0479 0.1148 0.0775 
     D237317  4 0.1045 0.3084 0.0317 0.0551 0.0415 0.2072 0.0346 0.0232 0.0586 0.0549 0.0805 
     D237318  4 0.0296 0.0172 0.0126 0.0329 0.0154 0.0313 0.0270 0.0431 0.7511 0.0157 0.0240 
     D237319  4 0.0367 0.0328 0.0235 0.0629 0.1096 0.1630 0.3109 0.0457 0.0594 0.0620 0.0935 
     D237320  4 0.0351 0.0215 0.0193 0.0245 0.0429 0.0397 0.6409 0.0509 0.0594 0.0494 0.0166 
     D237321  4 0.0612 0.0441 0.0220 0.0772 0.0514 0.0836 0.0436 0.0844 0.4645 0.0346 0.0335 
     D237397  4 0.0345 0.1498 0.0217 0.0537 0.0395 0.0541 0.3212 0.0623 0.1530 0.0400 0.0701 
     D237398  4 0.0561 0.0142 0.0514 0.0356 0.0193 0.0562 0.0758 0.0254 0.6264 0.0200 0.0196 
     D237399  4 0.0442 0.1617 0.0468 0.0286 0.0548 0.0508 0.2114 0.0287 0.2585 0.0698 0.0448 
     D244001  4 0.0443 0.0229 0.0559 0.0282 0.0179 0.1208 0.0476 0.1205 0.0262 0.3224 0.1933 
        D289  4 0.0600 0.2138 0.3007 0.0255 0.0338 0.0697 0.0804 0.0557 0.0908 0.0499 0.0195 
        D290  4 0.0527 0.0277 0.0350 0.0146 0.0379 0.1042 0.0499 0.0261 0.1340 0.0361 0.4819 
        D294  4 0.0988 0.0351 0.2941 0.0319 0.0210 0.2229 0.0858 0.0251 0.0611 0.0463 0.0780 
        D295  4 0.1018 0.0394 0.0509 0.1047 0.0927 0.0639 0.3938 0.0226 0.0414 0.0260 0.0628 
        D301  4 0.0130 0.0569 0.0221 0.0545 0.0515 0.0538 0.0716 0.0348 0.0950 0.4009 0.1459 
        D302  4 0.0404 0.0122 0.7176 0.0275 0.0128 0.0523 0.0370 0.0148 0.0156 0.0276 0.0423 
        D303  4 0.0391 0.4625 0.0825 0.0385 0.1137 0.0482 0.0393 0.0565 0.0331 0.0270 0.0597 
        D304  4 0.0634 0.0640 0.0328 0.0570 0.0192 0.1429 0.0442 0.0243 0.2080 0.0386 0.3056 
        D305  4 0.0167 0.0125 0.2817 0.0273 0.0247 0.3913 0.0321 0.0673 0.0515 0.0339 0.0609 
        D306  4 0.0412 0.0386 0.0255 0.0122 0.0335 0.1570 0.0436 0.0229 0.0591 0.0472 0.5192 
        D307  4 0.0151 0.0769 0.0371 0.0332 0.0282 0.0262 0.0179 0.0215 0.0521 0.6697 0.0220 
        D327  4 0.5224 0.0535 0.0356 0.0844 0.0189 0.0790 0.0503 0.0351 0.0442 0.0295 0.0472 
        D328  4 0.0169 0.1110 0.3470 0.0456 0.0600 0.0570 0.0877 0.0217 0.0351 0.0201 0.1979 
        D329  4 0.0511 0.0444 0.2676 0.0302 0.0699 0.1649 0.0491 0.1110 0.0888 0.0724 0.0506 
        D330  4 0.1767 0.0133 0.0987 0.0295 0.1185 0.1370 0.2287 0.0486 0.0183 0.0538 0.0770 
        D331  4 0.1064 0.0545 0.0238 0.0531 0.0741 0.0875 0.0387 0.0270 0.1792 0.0507 0.3051 
        D333  4 0.0444 0.0879 0.1692 0.0438 0.0604 0.0852 0.1224 0.0578 0.0637 0.0459 0.2194 
        D334  4 0.0699 0.5008 0.0688 0.0469 0.0213 0.0659 0.0538 0.0167 0.0391 0.0861 0.0308 
        D335  4 0.0782 0.0313 0.4790 0.0510 0.0330 0.0763 0.0189 0.0427 0.0275 0.0282 0.1338 
        D370  4 0.0233 0.0273 0.0327 0.0449 0.1277 0.0564 0.0227 0.0307 0.0216 0.0323 0.5804 
        D371  4 0.1620 0.5759 0.0229 0.0485 0.0204 0.0309 0.0189 0.0214 0.0199 0.0116 0.0676 
        D372  4 0.0124 0.0255 0.0154 0.0345 0.0230 0.0878 0.0210 0.0468 0.5637 0.0113 0.1585 
        D373  4 0.0376 0.0187 0.0555 0.0560 0.0199 0.0440 0.0176 0.0665 0.0681 0.5930 0.0232 
        D455  4 0.0277 0.0222 0.0840 0.0197 0.0206 0.0262 0.0180 0.0278 0.0476 0.6852 0.0210 
        D490  4 0.0229 0.0203 0.0155 0.0163 0.0176 0.0205 0.0530 0.0081 0.0155 0.7873 0.0229 
        D497  4 0.0148 0.0201 0.0538 0.0419 0.0240 0.0552 0.0681 0.0154 0.0221 0.6531 0.0316 
        D498  4 0.0413 0.0706 0.0196 0.0374 0.1545 0.0713 0.0350 0.0286 0.0841 0.0344 0.4232 
        D499  4 0.0238 0.0943 0.1145 0.1736 0.0875 0.1256 0.1145 0.1277 0.0871 0.0149 0.0366 
        D514  4 0.2803 0.0138 0.1100 0.0638 0.0582 0.1035 0.0598 0.0237 0.0506 0.0490 0.1873 
        D515  4 0.0248 0.0162 0.0252 0.0181 0.0316 0.0184 0.7685 0.0205 0.0139 0.0234 0.0393 
        D516  4 0.0719 0.0465 0.0219 0.3014 0.0876 0.0754 0.1634 0.0671 0.0579 0.0437 0.0631 
        D517  4 0.0522 0.0189 0.0259 0.0204 0.0333 0.1487 0.0882 0.0456 0.0632 0.4848 0.0188 
        D518  4 0.0258 0.0591 0.4839 0.0185 0.0167 0.0616 0.0400 0.0378 0.0256 0.1515 0.0794 
        D519  4 0.0188 0.0128 0.0139 0.0147 0.0201 0.0197 0.8298 0.0140 0.0251 0.0191 0.0120 
        D560  4 0.0536 0.0123 0.0239 0.0174 0.0205 0.0310 0.7496 0.0269 0.0264 0.0156 0.0228 
        D561  4 0.3054 0.0174 0.1117 0.0191 0.0620 0.2085 0.0566 0.0467 0.0280 0.1101 0.0345 
        D562  4 0.0516 0.0622 0.1545 0.0308 0.0434 0.1392 0.0512 0.0478 0.0527 0.2915 0.0752 
        D563  4 0.0194 0.0189 0.1538 0.0711 0.0404 0.1246 0.0625 0.3330 0.0709 0.0749 0.0306 
        D572  4 0.0696 0.0248 0.6771 0.0140 0.0156 0.0296 0.0291 0.0192 0.0224 0.0537 0.0450 
        D629  4 0.1669 0.0176 0.0684 0.2949 0.0219 0.0454 0.0385 0.0170 0.0616 0.2533 0.0147 
        D630  4 0.0501 0.0477 0.0548 0.0223 0.0257 0.0609 0.4387 0.0261 0.0634 0.1106 0.0996 
        D631  4 0.0174 0.0167 0.6446 0.0200 0.0141 0.0624 0.0391 0.1073 0.0279 0.0271 0.0233 
        D632  4 0.0557 0.0193 0.2480 0.0557 0.0911 0.0620 0.0286 0.1570 0.0131 0.2436 0.0258 
        D646  4 0.0683 0.0231 0.0353 0.0190 0.0535 0.0702 0.6051 0.0421 0.0395 0.0219 0.0220 
        D647  4 0.3220 0.0138 0.0561 0.0197 0.0804 0.0717 0.1866 0.0365 0.0640 0.0637 0.0854 
        D648  4 0.0146 0.0364 0.3165 0.0613 0.0153 0.0345 0.0357 0.0242 0.0137 0.0196 0.4282 
        D649  4 0.1464 0.0211 0.1989 0.0791 0.3175 0.0592 0.0527 0.0170 0.0298 0.0529 0.0254 
        D650  4 0.1445 0.0863 0.0979 0.1027 0.0702 0.0828 0.1822 0.0255 0.0814 0.0736 0.0529 
        D708  4 0.0410 0.1288 0.2080 0.1474 0.0308 0.1373 0.0974 0.0286 0.0703 0.0404 0.0701 
        D709  4 0.0207 0.0242 0.0368 0.0520 0.2208 0.0780 0.0354 0.0250 0.0326 0.0139 0.4607 
        D738  4 0.0602 0.4924 0.0212 0.0184 0.0693 0.0386 0.1635 0.0150 0.0431 0.0406 0.0377 
        D739  4 0.0191 0.0306 0.0510 0.0373 0.0388 0.1137 0.1198 0.0254 0.0569 0.3596 0.1479 
        D740  4 0.0213 0.1289 0.0632 0.0879 0.1306 0.2691 0.0645 0.0512 0.1058 0.0546 0.0229 
        D741  4 0.0359 0.0099 0.0150 0.0219 0.0198 0.0487 0.7410 0.0321 0.0388 0.0155 0.0215 
        D742  4 0.0278 0.0925 0.0833 0.0329 0.0401 0.1187 0.2053 0.1747 0.1162 0.0748 0.0339 
        D743  4 0.3564 0.0208 0.3866 0.0336 0.0139 0.0372 0.0264 0.0411 0.0354 0.0256 0.0228 
        D744  4 0.0174 0.0169 0.8155 0.0229 0.0194 0.0177 0.0256 0.0171 0.0175 0.0173 0.0128 
        D745  4 0.0130 0.0173 0.0238 0.0280 0.0226 0.0175 0.7891 0.0133 0.0220 0.0395 0.0138 
        D814  4 0.0240 0.0164 0.0483 0.0370 0.0111 0.2173 0.3393 0.1568 0.0377 0.0538 0.0584 
        D815  4 0.0662 0.0259 0.4099 0.0450 0.0801 0.0608 0.0326 0.0336 0.0380 0.0194 0.1884 
        D828  4 0.0104 0.0388 0.0455 0.0321 0.0212 0.0423 0.0365 0.0319 0.0462 0.0191 0.6760 
        D845  4 0.0148 0.0295 0.0172 0.0268 0.0112 0.0148 0.0189 0.0189 0.8229 0.0128 0.0121 
        D846  4 0.0707 0.0092 0.3525 0.0655 0.0178 0.0991 0.0340 0.1222 0.0506 0.1160 0.0625 
        D847  4 0.0946 0.0943 0.0564 0.0300 0.0474 0.0908 0.1503 0.0514 0.1351 0.2170 0.0328 
        D848  4 0.0163 0.0172 0.0311 0.0164 0.0172 0.0264 0.0119 0.0461 0.1580 0.6336 0.0258 
        D849  4 0.0231 0.0182 0.0364 0.0771 0.0417 0.1323 0.3854 0.0339 0.0274 0.1473 0.0773 
        D850  4 0.0910 0.0716 0.0380 0.0504 0.0405 0.1547 0.0859 0.0312 0.2287 0.1880 0.0203 
        D856  4 0.0510 0.0463 0.0507 0.0561 0.2891 0.2462 0.0631 0.0243 0.0431 0.0368 0.0934 
        D857  4 0.0086 0.0238 0.0227 0.0161 0.5629 0.0321 0.0299 0.0734 0.0142 0.0319 0.1844 
        D859  4 0.0599 0.0262 0.3529 0.0232 0.0210 0.0772 0.2180 0.0295 0.1202 0.0263 0.0455 
        D860  4 0.0646 0.3933 0.0920 0.0256 0.0287 0.0810 0.0186 0.0630 0.1757 0.0277 0.0296 
        D883  4 0.1756 0.0540 0.0699 0.0785 0.0898 0.0731 0.1002 0.0324 0.0514 0.1626 0.1125 
        D884  4 0.0194 0.0298 0.0290 0.0320 0.0424 0.0323 0.7253 0.0115 0.0197 0.0202 0.0383 
        D885  4 0.0683 0.0269 0.0466 0.1469 0.0358 0.2145 0.1892 0.0523 0.1643 0.0401 0.0151 
        D886  4 0.1341 0.0241 0.0602 0.0270 0.1647 0.0558 0.0659 0.0429 0.0416 0.1714 0.2124 
        D887  4 0.0986 0.0373 0.0870 0.0265 0.0520 0.1015 0.1979 0.0899 0.2176 0.0417 0.0500 
        D889  4 0.0213 0.0160 0.0452 0.0223 0.0140 0.0683 0.0507 0.0096 0.5824 0.0139 0.1562 
        D890  4 0.0301 0.0562 0.0740 0.3986 0.0718 0.0744 0.0237 0.0513 0.0288 0.0539 0.1372 
        D891  4 0.0105 0.0082 0.0091 0.0214 0.0103 0.0128 0.0124 0.0101 0.8885 0.0079 0.0089 
        D899  4 0.0281 0.0881 0.0836 0.0349 0.0360 0.0748 0.0311 0.3510 0.1577 0.0289 0.0857 
        D900  4 0.1263 0.0672 0.1181 0.0410 0.0663 0.1377 0.0658 0.0659 0.0755 0.0884 0.1477 
        D970  4 0.1234 0.0492 0.3182 0.0548 0.0440 0.1410 0.0388 0.0452 0.0933 0.0684 0.0236 
        D971  4 0.0553 0.0551 0.1605 0.0513 0.0641 0.0878 0.0141 0.3882 0.0259 0.0295 0.0683 
        D979  4 0.1901 0.0339 0.2893 0.1108 0.0232 0.0756 0.0318 0.0351 0.0408 0.0224 0.1470 
        D093  5 0.0415 0.6412 0.0213 0.0347 0.0260 0.0285 0.0856 0.0184 0.0464 0.0189 0.0375 
        D154  5 0.0224 0.0277 0.0326 0.2706 0.0249 0.1001 0.2517 0.0792 0.1000 0.0145 0.0764 
        D168  5 0.0357 0.0122 0.0259 0.3121 0.0420 0.0989 0.1123 0.1433 0.0881 0.0728 0.0568 
        D189  5 0.0482 0.2723 0.0251 0.0221 0.0253 0.0534 0.1114 0.0228 0.2253 0.0217 0.1725 
        D190  5 0.0237 0.4520 0.0527 0.2587 0.0370 0.0366 0.0363 0.0252 0.0257 0.0126 0.0395 
     D237220  5 0.0172 0.1292 0.0793 0.0230 0.0994 0.0803 0.1219 0.0168 0.2331 0.1581 0.0417 
     D237221  5 0.0518 0.1875 0.0614 0.1786 0.0691 0.0634 0.0526 0.0986 0.1747 0.0253 0.0370 
     D237274  5 0.2565 0.0146 0.2326 0.0327 0.1161 0.0949 0.0687 0.0544 0.0256 0.0235 0.0804 
     D237275  5 0.0179 0.0207 0.0157 0.0473 0.0530 0.0553 0.0212 0.4121 0.1140 0.0197 0.2232 
     D237276  5 0.0529 0.0883 0.0365 0.0822 0.0681 0.0625 0.4329 0.0279 0.0265 0.0345 0.0878 
     D237277  5 0.0165 0.3538 0.0418 0.2692 0.0414 0.0342 0.0292 0.0597 0.1192 0.0137 0.0212 
     D237278  5 0.0818 0.1778 0.0762 0.0274 0.0897 0.0948 0.0321 0.2982 0.0271 0.0515 0.0434 
     D237279  5 0.0474 0.0166 0.0774 0.0994 0.3508 0.1811 0.0319 0.0249 0.0308 0.1225 0.0173 
     D237280  5 0.0727 0.0613 0.0486 0.2161 0.2452 0.1413 0.0282 0.0181 0.0270 0.0965 0.0450 
     D237281  5 0.0390 0.0252 0.0234 0.0155 0.0176 0.0647 0.0388 0.1588 0.5783 0.0145 0.0240 
     D237351  5 0.0147 0.0465 0.0183 0.3284 0.4444 0.0300 0.0499 0.0137 0.0185 0.0201 0.0155 
     D237352  5 0.0383 0.0536 0.1768 0.1427 0.0367 0.0543 0.0265 0.0613 0.0235 0.2955 0.0909 
     D237353  5 0.0138 0.3861 0.0364 0.3285 0.0727 0.0294 0.0177 0.0221 0.0480 0.0120 0.0332 
     D237359  5 0.0317 0.0501 0.0471 0.0633 0.0360 0.1086 0.1309 0.0213 0.3468 0.1245 0.0395 
     D237361  5 0.0165 0.7541 0.0174 0.0433 0.0431 0.0220 0.0169 0.0176 0.0212 0.0124 0.0357 
     D237362  5 0.0263 0.0211 0.0200 0.7936 0.0178 0.0253 0.0212 0.0205 0.0241 0.0148 0.0154 
     D237363  5 0.0254 0.0302 0.0156 0.1270 0.0426 0.5327 0.0401 0.0789 0.0361 0.0244 0.0471 
     D237364  5 0.0747 0.0136 0.1063 0.0543 0.0451 0.1222 0.2811 0.1002 0.0939 0.0598 0.0488 
     D237376  5 0.0118 0.0669 0.0612 0.0245 0.0186 0.0259 0.0670 0.0195 0.0179 0.0133 0.6733 
     D237377  5 0.0575 0.0751 0.0438 0.2681 0.2833 0.1245 0.0221 0.0420 0.0248 0.0403 0.0185 
     D237378  5 0.0275 0.3741 0.0664 0.0672 0.0201 0.0757 0.0764 0.0604 0.0770 0.0315 0.1237 
     D237379  5 0.0341 0.2238 0.2211 0.0534 0.0268 0.1305 0.0801 0.0291 0.0575 0.0421 0.1015 
     D237380  5 0.0218 0.0335 0.0389 0.0154 0.4621 0.0605 0.0311 0.0156 0.0149 0.0191 0.2872 
     D237381  5 0.0375 0.0612 0.1004 0.0492 0.2163 0.1037 0.0381 0.0600 0.0420 0.1646 0.1270 
     D237391  5 0.0179 0.7583 0.0241 0.0463 0.0266 0.0203 0.0350 0.0156 0.0312 0.0139 0.0107 
     D237392  5 0.1941 0.0174 0.0640 0.0726 0.1062 0.0896 0.0658 0.1891 0.0344 0.0216 0.1451 
     D237393  5 0.3241 0.1711 0.0468 0.0364 0.0905 0.0624 0.0374 0.0531 0.0497 0.0547 0.0738 
