        D174  1 0.1419 0.0989 0.0316 0.5120 0.1876 0.0279 
        D199  1 0.3498 0.0598 0.2635 0.1998 0.0751 0.0521 
        D203  1 0.3020 0.1547 0.2696 0.0806 0.1109 0.0822 
        D204  1 0.8456 0.0164 0.0295 0.0178 0.0199 0.0708 
     D237366  1 0.1075 0.3809 0.0952 0.0676 0.1253 0.2236 
     D237367  1 0.5490 0.1399 0.0385 0.0370 0.1853 0.0503 
     D237368  1 0.1255 0.6238 0.0584 0.1011 0.0514 0.0397 
     D244101  1 0.4061 0.0272 0.2082 0.0412 0.0565 0.2608 
     D244102  1 0.1310 0.1646 0.0790 0.0889 0.1812 0.3552 
     D244103  1 0.3054 0.0895 0.0370 0.0485 0.4663 0.0533 
     D244104  1 0.6216 0.0593 0.0635 0.1870 0.0358 0.0328 
     D244105  1 0.1933 0.4883 0.0348 0.0186 0.1845 0.0806 
     D244106  1 0.0650 0.0329 0.0931 0.6317 0.1441 0.0333 
     D244107  1 0.1031 0.7052 0.0767 0.0155 0.0528 0.0466 
     D244108  1 0.1840 0.2069 0.0415 0.4622 0.0564 0.0490 
     D244113  1 0.0204 0.0414 0.0430 0.6038 0.1326 0.1589 
     D244114  1 0.1231 0.0502 0.1621 0.1414 0.2988 0.2245 
     D244115  1 0.1912 0.1580 0.0279 0.4798 0.0979 0.0453 
     D267365  1 0.4750 0.0709 0.0510 0.2719 0.0666 0.0647 
        D404  1 0.0344 0.0270 0.0482 0.4695 0.2214 0.1994 
        D405  1 0.1657 0.1064 0.1292 0.1417 0.1923 0.2648 
        D406  1 0.0553 0.8666 0.0148 0.0228 0.0200 0.0206 
        D407  1 0.7621 0.0576 0.0366 0.0256 0.1065 0.0116 
        D408  1 0.0625 0.0279 0.0520 0.6813 0.1389 0.0374 
        D409  1 0.2300 0.0370 0.0375 0.0366 0.6158 0.0432 
        D410  1 0.0573 0.8463 0.0115 0.0307 0.0237 0.0305 
        D421  1 0.9262 0.0100 0.0207 0.0234 0.0107 0.0089 
        D422  1 0.0428 0.8745 0.0280 0.0138 0.0292 0.0117 
        D423  1 0.0683 0.8320 0.0409 0.0149 0.0277 0.0162 
        D424  1 0.7897 0.0609 0.0139 0.0412 0.0721 0.0223 
        D425  1 0.5660 0.0463 0.0294 0.2274 0.0726 0.0583 
        D426  1 0.2014 0.0353 0.1569 0.0349 0.5509 0.0206 
        D427  1 0.1758 0.0239 0.5143 0.2433 0.0317 0.0110 
        D428  1 0.5285 0.0912 0.0378 0.1937 0.0714 0.0775 
        D429  1 0.4213 0.0530 0.0493 0.3459 0.0647 0.0657 
        D430  1 0.0829 0.0350 0.1226 0.1737 0.5312 0.0545 
        D491  1 0.0451 0.0236 0.0144 0.8621 0.0317 0.0230 
        D492  1 0.3213 0.1475 0.0811 0.2351 0.1158 0.0992 
        D537  1 0.8643 0.0370 0.0161 0.0179 0.0339 0.0307 
        D538  1 0.0645 0.2488 0.0981 0.1393 0.3315 0.1179 
        D539  1 0.0655 0.1200 0.1367 0.3003 0.1601 0.2174 
        D540  1 0.3351 0.0943 0.0357 0.0989 0.3932 0.0429 
        D541  1 0.9189 0.0204 0.0130 0.0159 0.0168 0.0150 
        D551  1 0.1461 0.0634 0.4855 0.0532 0.2014 0.0503 
        D552  1 0.2553 0.3018 0.0455 0.2886 0.0414 0.0674 
        D553  1 0.9195 0.0147 0.0124 0.0217 0.0180 0.0137 
        D615  1 0.3775 0.1882 0.1271 0.1189 0.1478 0.0405 
        D616  1 0.3087 0.2297 0.1960 0.0985 0.1426 0.0246 
        D621  1 0.0236 0.7122 0.0240 0.0868 0.0337 0.1198 
        D622  1 0.0590 0.7826 0.0252 0.0418 0.0440 0.0475 
        D623  1 0.0392 0.0487 0.1645 0.3583 0.0636 0.3258 
        D624  1 0.0350 0.0271 0.0158 0.8862 0.0237 0.0123 
        D625  1 0.7247 0.0670 0.0183 0.0889 0.0656 0.0354 
        D626  1 0.1409 0.1897 0.0404 0.4894 0.0713 0.0682 
        D627  1 0.1656 0.0223 0.0727 0.0645 0.6577 0.0172 
        D690  1 0.7931 0.0750 0.0121 0.0665 0.0333 0.0201 
        D691  1 0.1203 0.7323 0.0251 0.0379 0.0566 0.0277 
        D710  1 0.2345 0.1731 0.0546 0.3000 0.0978 0.1401 
        D711  1 0.7919 0.0434 0.0274 0.0337 0.0390 0.0646 
        D712  1 0.0427 0.0557 0.0368 0.7481 0.0631 0.0536 
        D713  1 0.2947 0.0904 0.0233 0.1930 0.1610 0.2377 
        D746  1 0.0537 0.8639 0.0172 0.0223 0.0186 0.0242 
        D747  1 0.9181 0.0117 0.0240 0.0166 0.0121 0.0175 
        D748  1 0.5110 0.2163 0.0203 0.0502 0.1253 0.0768 
        D749  1 0.0314 0.6296 0.0551 0.1095 0.0724 0.1019 
        D750  1 0.1467 0.0699 0.0145 0.7043 0.0386 0.0259 
        D763  1 0.2180 0.0620 0.1986 0.0302 0.1692 0.3220 
        D764  1 0.5323 0.1013 0.0137 0.2857 0.0516 0.0154 
        D765  1 0.0451 0.6483 0.0182 0.1642 0.0962 0.0280 
        D766  1 0.2755 0.4784 0.0224 0.0513 0.0783 0.0942 
        D767  1 0.1183 0.1698 0.0772 0.0298 0.1119 0.4930 
        D768  1 0.9211 0.0226 0.0139 0.0129 0.0167 0.0128 
        D811  1 0.0496 0.0511 0.0321 0.3810 0.4130 0.0732 
        D816  1 0.8753 0.0254 0.0149 0.0387 0.0171 0.0287 
        D825  1 0.1984 0.1507 0.0203 0.3632 0.1994 0.0679 
        D866  1 0.0602 0.0413 0.3545 0.4091 0.1086 0.0263 
        D867  1 0.0275 0.8274 0.0289 0.0284 0.0478 0.0400 
        D871  1 0.1924 0.0196 0.0287 0.0364 0.6960 0.0268 
        D872  1 0.5231 0.1990 0.0415 0.0346 0.1189 0.0829 
        D873  1 0.0066 0.9362 0.0101 0.0141 0.0145 0.0185 
        D874  1 0.1416 0.0165 0.0328 0.1421 0.0918 0.5752 
        D875  1 0.1623 0.0645 0.0119 0.0186 0.7183 0.0245 
        D876  1 0.6287 0.0810 0.0230 0.1244 0.0552 0.0877 
        D877  1 0.0584 0.0194 0.0339 0.3340 0.3067 0.2476 
        D892  1 0.5203 0.1133 0.0151 0.1699 0.0971 0.0842 
        D893  1 0.6544 0.0546 0.0570 0.0335 0.0859 0.1147 
        D894  1 0.5344 0.0502 0.0453 0.1554 0.1691 0.0456 
        D915  1 0.6942 0.1087 0.0282 0.0628 0.0692 0.0368 
        D916  1 0.9054 0.0256 0.0163 0.0242 0.0153 0.0132 
        D917  1 0.1679 0.0553 0.0966 0.5029 0.0845 0.0928 
        D925  1 0.1282 0.7513 0.0166 0.0636 0.0237 0.0165 
        D926  1 0.5565 0.0538 0.0237 0.1519 0.1014 0.1127 
        D927  1 0.3876 0.0357 0.3286 0.0680 0.0930 0.0870 
        D928  1 0.0717 0.0228 0.0134 0.8537 0.0174 0.0210 
        D929  1 0.0255 0.0362 0.0174 0.0339 0.0931 0.7940 
        D936  1 0.5790 0.0293 0.0893 0.0439 0.0371 0.2214 
        D938  1 0.0270 0.8874 0.0146 0.0212 0.0187 0.0312 
        D956  1 0.0282 0.0340 0.0294 0.7435 0.1308 0.0341 
        D957  1 0.3045 0.4366 0.0341 0.0438 0.0574 0.1236 
        D958  1 0.5067 0.2325 0.0203 0.1136 0.0638 0.0630 
        D959  1 0.7577 0.0807 0.0498 0.0172 0.0827 0.0120 
        D960  1 0.0220 0.8953 0.0130 0.0305 0.0146 0.0246 
        D989  1 0.0600 0.0195 0.1247 0.7065 0.0442 0.0452 
        D990  1 0.0135 0.8602 0.0386 0.0419 0.0257 0.0202 
        D023  2 0.0810 0.8495 0.0209 0.0147 0.0189 0.0150 
        D130  2 0.1009 0.7805 0.0227 0.0126 0.0589 0.0244 
        D131  2 0.4231 0.0515 0.0590 0.0331 0.3801 0.0531 
        D163  2 0.0659 0.8301 0.0173 0.0314 0.0216 0.0337 
        D164  2 0.0116 0.4875 0.4672 0.0090 0.0087 0.0160 
        D165  2 0.0384 0.8557 0.0317 0.0219 0.0252 0.0272 
        D166  2 0.0389 0.0530 0.0465 0.0291 0.5889 0.2434 
        D167  2 0.0152 0.0199 0.8946 0.0256 0.0290 0.0156 
        D192  2 0.0091 0.0145 0.9244 0.0141 0.0142 0.0237 
        D193  2 0.0336 0.0811 0.0379 0.2668 0.1466 0.4339 
        D206  2 0.4442 0.1463 0.2055 0.0251 0.1142 0.0647 
        D207  2 0.0578 0.0169 0.7334 0.0235 0.1224 0.0461 
        D208  2 0.0628 0.0618 0.2272 0.4168 0.1194 0.1119 
        D209  2 0.0576 0.1057 0.3193 0.0410 0.1013 0.3752 
        D210  2 0.0824 0.0311 0.2299 0.5960 0.0287 0.0319 
     D229599  2 0.2195 0.1370 0.0790 0.0994 0.0749 0.3902 
     D229600  2 0.0361 0.5659 0.2789 0.0180 0.0661 0.0351 
     D237227  2 0.0409 0.1782 0.0587 0.6079 0.0703 0.0440 
     D237228  2 0.0298 0.3500 0.1167 0.3653 0.1007 0.0375 
     D237258  2 0.0970 0.2074 0.3259 0.1267 0.1382 0.1048 
     D237310  2 0.0157 0.4290 0.0639 0.0460 0.3930 0.0523 
     D237311  2 0.0177 0.6637 0.1457 0.0285 0.1218 0.0227 
     D237312  2 0.0370 0.2446 0.0295 0.0788 0.4364 0.1738 
     D237313  2 0.4162 0.1623 0.0331 0.1382 0.1072 0.1430 
     D237322  2 0.0404 0.0659 0.1909 0.0772 0.2835 0.3420 
     D237323  2 0.0174 0.6329 0.0354 0.1629 0.0983 0.0531 
     D237324  2 0.0663 0.3929 0.3658 0.0142 0.1025 0.0582 
     D237325  2 0.0673 0.5079 0.0467 0.0884 0.1444 0.1453 
     D237326  2 0.1078 0.7157 0.0427 0.0689 0.0398 0.0251 
     D237327  2 0.0662 0.0628 0.3864 0.1171 0.1023 0.2652 
     D237337  2 0.0464 0.7222 0.0187 0.0655 0.1110 0.0361 
     D237338  2 0.0867 0.3023 0.0818 0.1294 0.1371 0.2628 
     D237339  2 0.0486 0.0234 0.1951 0.0181 0.0384 0.6764 
     D237340  2 0.0276 0.3866 0.1632 0.2239 0.1215 0.0772 
     D237389  2 0.0290 0.5572 0.0802 0.0265 0.2530 0.0540 
     D237390  2 0.0871 0.3240 0.0257 0.1303 0.2453 0.1876 
     D244017  2 0.0385 0.0636 0.2500 0.3862 0.1992 0.0626 
     D244112  2 0.0109 0.0482 0.8463 0.0161 0.0574 0.0211 
     D244118  2 0.0116 0.4770 0.4408 0.0189 0.0128 0.0389 
     D244119  2 0.0188 0.0306 0.2235 0.6892 0.0260 0.0119 
     D244120  2 0.0128 0.0420 0.5349 0.1081 0.1677 0.1346 
     D244122  2 0.0224 0.1145 0.6930 0.0518 0.0691 0.0492 
        D291  2 0.0896 0.0623 0.4132 0.0468 0.3312 0.0569 
        D292  2 0.2490 0.0473 0.4012 0.1567 0.0388 0.1070 
        D293  2 0.0966 0.0106 0.7974 0.0154 0.0299 0.0500 
        D322  2 0.1175 0.0413 0.6366 0.0193 0.0477 0.1376 
        D323  2 0.2195 0.0508 0.1562 0.0695 0.3191 0.1849 
        D324  2 0.2255 0.1400 0.2581 0.1528 0.1957 0.0280 
        D325  2 0.0437 0.0125 0.8979 0.0105 0.0165 0.0189 
        D326  2 0.9166 0.0079 0.0165 0.0268 0.0190 0.0132 
        D340  2 0.0204 0.0140 0.9224 0.0132 0.0145 0.0155 
        D341  2 0.0414 0.0365 0.8032 0.0331 0.0405 0.0453 
        D342  2 0.0185 0.1422 0.6555 0.0223 0.1281 0.0334 
        D343  2 0.0150 0.0073 0.9486 0.0072 0.0123 0.0096 
        D344  2 0.1990 0.0355 0.0314 0.0264 0.1111 0.5966 
        D345  2 0.2782 0.3201 0.0439 0.0677 0.0569 0.2333 
        D346  2 0.0600 0.0288 0.0818 0.6721 0.1229 0.0345 
        D351  2 0.3752 0.0517 0.0850 0.0285 0.3146 0.1451 
        D352  2 0.0297 0.0396 0.0416 0.0810 0.0729 0.7353 
        D353  2 0.5740 0.0157 0.0397 0.0310 0.2270 0.1126 
        D354  2 0.1101 0.0541 0.0179 0.0742 0.0395 0.7042 
        D362  2 0.8131 0.0674 0.0307 0.0394 0.0251 0.0243 
        D363  2 0.8078 0.0469 0.0200 0.0736 0.0302 0.0215 
        D364  2 0.3801 0.0727 0.0195 0.0727 0.0313 0.4236 
        D365  2 0.0213 0.0110 0.9249 0.0130 0.0132 0.0166 
        D369  2 0.3072 0.0912 0.2403 0.1990 0.1319 0.0304 
        D374  2 0.0223 0.0359 0.0204 0.7277 0.0517 0.1419 
        D375  2 0.0253 0.0368 0.0113 0.0197 0.0607 0.8462 
        D376  2 0.0150 0.0625 0.0252 0.6582 0.0463 0.1927 
        D377  2 0.0855 0.1361 0.0963 0.1175 0.4396 0.1251 
        D378  2 0.2619 0.0649 0.3489 0.0262 0.0681 0.2299 
        D379  2 0.8748 0.0223 0.0142 0.0306 0.0243 0.0338 
        D384  2 0.9219 0.0121 0.0133 0.0255 0.0130 0.0142 
        D385  2 0.0190 0.0162 0.8031 0.0352 0.0218 0.1048 
        D386  2 0.3503 0.0441 0.0785 0.0182 0.0745 0.4343 
        D391  2 0.0337 0.0167 0.8644 0.0137 0.0257 0.0459 
        D392  2 0.0643 0.0730 0.7202 0.0634 0.0474 0.0318 
        D393  2 0.4296 0.0595 0.2170 0.0383 0.0592 0.1965 
        D394  2 0.0982 0.3345 0.0867 0.0587 0.1038 0.3181 
        D395  2 0.0306 0.0209 0.2746 0.0199 0.0719 0.5821 
        D401  2 0.0211 0.7567 0.0334 0.0492 0.1239 0.0158 
        D402  2 0.0160 0.0150 0.8895 0.0161 0.0252 0.0381 
        D403  2 0.4962 0.0952 0.0357 0.0226 0.1611 0.1891 
        D415  2 0.7910 0.0475 0.0235 0.0164 0.0888 0.0328 
        D435  2 0.5541 0.0630 0.2810 0.0162 0.0393 0.0463 
        D436  2 0.2892 0.0304 0.0315 0.0744 0.0611 0.5134 
        D438  2 0.0140 0.0114 0.9283 0.0158 0.0185 0.0120 
        D439  2 0.0855 0.0611 0.0558 0.0170 0.0699 0.7108 
        D449  2 0.2072 0.0414 0.6514 0.0204 0.0575 0.0221 
        D450  2 0.1445 0.0741 0.0294 0.2305 0.3134 0.2081 
        D456  2 0.9155 0.0125 0.0125 0.0146 0.0206 0.0243 
        D462  2 0.0359 0.0174 0.8590 0.0129 0.0222 0.0527 
        D463  2 0.9169 0.0125 0.0091 0.0253 0.0154 0.0208 
        D464  2 0.1632 0.0175 0.0545 0.0347 0.3476 0.3825 
        D465  2 0.3080 0.0485 0.4541 0.0273 0.1383 0.0238 
        D473  2 0.0275 0.0999 0.0395 0.6583 0.0737 0.1012 
        D474  2 0.5519 0.0831 0.1623 0.1299 0.0299 0.0430 
        D476  2 0.0352 0.3946 0.0919 0.0128 0.0395 0.4260 
        D477  2 0.4026 0.0487 0.0341 0.1158 0.0867 0.3121 
        D478  2 0.0999 0.1343 0.0681 0.1946 0.2860 0.2170 
        D480  2 0.3519 0.0235 0.1532 0.1496 0.1036 0.2181 
        D481  2 0.2241 0.1498 0.0574 0.1969 0.1000 0.2718 
        D482  2 0.0202 0.0860 0.0588 0.1923 0.1045 0.5382 
        D483  2 0.0189 0.0316 0.8562 0.0500 0.0191 0.0243 
        D484  2 0.0112 0.0140 0.0167 0.0238 0.0271 0.9072 
        D510  2 0.0202 0.0238 0.0582 0.7950 0.0446 0.0582 
        D511  2 0.1656 0.0385 0.0885 0.0283 0.0454 0.6336 
        D512  2 0.0342 0.3791 0.1808 0.0182 0.3492 0.0385 
        D513  2 0.1486 0.0313 0.6389 0.0643 0.0912 0.0256 
        D635  2 0.4608 0.2745 0.0621 0.0586 0.1207 0.0234 
        D636  2 0.0213 0.9139 0.0141 0.0188 0.0190 0.0129 
        D637  2 0.0377 0.0479 0.1690 0.1181 0.2013 0.4260 
        D658  2 0.0261 0.0702 0.4235 0.1361 0.0553 0.2889 
        D659  2 0.8136 0.0438 0.0429 0.0399 0.0288 0.0310 
        D677  2 0.5656 0.1280 0.0862 0.0275 0.1016 0.0911 
        D678  2 0.0280 0.0707 0.6770 0.0230 0.1212 0.0801 
        D679  2 0.6695 0.0343 0.0852 0.0591 0.1015 0.0503 
        D719  2 0.1978 0.0216 0.2064 0.5080 0.0292 0.0369 
        D720  2 0.7974 0.0272 0.0311 0.0872 0.0375 0.0196 
        D721  2 0.0681 0.7268 0.0690 0.0573 0.0369 0.0420 
        D722  2 0.0473 0.0919 0.0876 0.5270 0.0907 0.1554 
        D734  2 0.0305 0.0164 0.1259 0.3262 0.0489 0.4521 
        D735  2 0.3896 0.0925 0.1029 0.1226 0.1855 0.1068 
        D736  2 0.0970 0.0597 0.1522 0.6014 0.0439 0.0458 
        D737  2 0.0282 0.1254 0.4044 0.0570 0.0393 0.3456 
        D807  2 0.2644 0.0555 0.1000 0.3580 0.0955 0.1267 
        D808  2 0.0885 0.2124 0.2121 0.0384 0.3410 0.1076 
        D817  2 0.5744 0.0408 0.0247 0.0807 0.1637 0.1158 
        D818  2 0.1053 0.0330 0.3930 0.0362 0.3574 0.0751 
        D819  2 0.2801 0.1283 0.0486 0.0728 0.4084 0.0619 
        D820  2 0.8092 0.0126 0.0362 0.0246 0.0349 0.0825 
        D895  2 0.6723 0.1329 0.0352 0.0363 0.0757 0.0475 
        D896  2 0.0282 0.8087 0.0160 0.0372 0.0912 0.0187 
        D897  2 0.0453 0.0302 0.7100 0.0295 0.1325 0.0525 
        D898  2 0.0682 0.1240 0.0613 0.1136 0.3643 0.2685 
        D918  2 0.0584 0.1770 0.1060 0.0806 0.4079 0.1702 
        D919  2 0.1687 0.0292 0.1587 0.0228 0.0677 0.5529 
        D920  2 0.0222 0.8611 0.0228 0.0317 0.0311 0.0310 
        D923  2 0.7989 0.0208 0.0320 0.0252 0.0396 0.0836 
        D930  2 0.3207 0.0646 0.0566 0.1734 0.2434 0.1412 
        D931  2 0.4239 0.0514 0.1066 0.0690 0.0893 0.2598 
        D968  2 0.0158 0.0083 0.9336 0.0129 0.0151 0.0143 
        D969  2 0.3402 0.0373 0.3853 0.0820 0.0817 0.0736 
        D977  2 0.0344 0.0211 0.7386 0.0181 0.1405 0.0473 
        D978  2 0.0403 0.0232 0.3035 0.0419 0.5125 0.0785 
        D211  3 0.1334 0.3210 0.0378 0.0428 0.3728 0.0921 
     D229639  3 0.0732 0.0458 0.4913 0.2911 0.0497 0.0488 
     D237212  3 0.1472 0.0957 0.2176 0.0558 0.1945 0.2893 
     D237213  3 0.1203 0.2119 0.0488 0.0249 0.4370 0.1570 
     D237214  3 0.0712 0.4549 0.0228 0.0472 0.3780 0.0260 
     D237215  3 0.0166 0.0251 0.7307 0.1578 0.0422 0.0276 
     D237216  3 0.2123 0.1457 0.0636 0.0308 0.4330 0.1146 
     D237217  3 0.2885 0.4690 0.0751 0.0179 0.1160 0.0333 
     D237218  3 0.1246 0.0799 0.1557 0.0867 0.1652 0.3879 
     D237219  3 0.0673 0.4230 0.0539 0.2151 0.1843 0.0565 
     D237382  3 0.1445 0.1035 0.0607 0.1017 0.4622 0.1274 
     D244127  3 0.0300 0.6289 0.1371 0.0244 0.1230 0.0567 
     D244129  3 0.1714 0.2187 0.1260 0.0793 0.2976 0.1069 
     D244133  3 0.1675 0.0842 0.2005 0.2239 0.3095 0.0143 
     D244134  3 0.0580 0.1299 0.1244 0.5877 0.0476 0.0523 
     D244135  3 0.0868 0.6234 0.0695 0.0203 0.1613 0.0386 
     D244136  3 0.2900 0.0442 0.1399 0.2977 0.2022 0.0261 
        D416  3 0.2674 0.1558 0.2419 0.0473 0.2121 0.0755 
        D417  3 0.8308 0.0339 0.0145 0.0251 0.0577 0.0381 
        D419  3 0.2660 0.2293 0.1573 0.1495 0.1081 0.0898 
        D565  3 0.0360 0.0131 0.0150 0.9109 0.0146 0.0105 
        D566  3 0.0699 0.0370 0.2583 0.5323 0.0796 0.0229 
        D567  3 0.7100 0.1428 0.0297 0.0314 0.0377 0.0484 
        D568  3 0.3324 0.1923 0.1132 0.0242 0.0438 0.2941 
        D569  3 0.0215 0.0781 0.1044 0.0434 0.1010 0.6517 
        D573  3 0.1007 0.0186 0.7928 0.0240 0.0387 0.0250 
        D574  3 0.0410 0.0605 0.0655 0.5821 0.2046 0.0464 
        D575  3 0.1763 0.1953 0.1054 0.2907 0.1597 0.0727 
        D576  3 0.0080 0.0175 0.8099 0.0342 0.1088 0.0215 
        D577  3 0.6202 0.0539 0.0322 0.0628 0.1470 0.0838 
        D578  3 0.0167 0.6327 0.0344 0.0135 0.2881 0.0145 
        D579  3 0.2257 0.0847 0.1510 0.3084 0.0790 0.1511 
        D660  3 0.0284 0.1027 0.4435 0.0208 0.3180 0.0866 
        D661  3 0.0359 0.0491 0.5861 0.0341 0.0870 0.2078 
        D663  3 0.0599 0.0198 0.7306 0.0260 0.1289 0.0349 
        D664  3 0.0288 0.3246 0.1362 0.1046 0.3437 0.0620 
        D665  3 0.0186 0.0774 0.0405 0.0108 0.7510 0.1018 
        D666  3 0.1801 0.2529 0.0421 0.2379 0.2223 0.0647 
        D009  4 0.1425 0.3534 0.0188 0.0388 0.1231 0.3235 
        D057  4 0.0354 0.1864 0.1628 0.0269 0.0193 0.5693 
        D109  4 0.0499 0.5342 0.0212 0.0679 0.2883 0.0385 
     D237222  4 0.0491 0.6841 0.0443 0.0875 0.0539 0.0811 
     D237223  4 0.1053 0.2946 0.1193 0.1329 0.1956 0.1524 
     D237224  4 0.1587 0.0511 0.2837 0.0513 0.0670 0.3882 
     D237225  4 0.2290 0.1784 0.0407 0.0589 0.2314 0.2615 
     D237299  4 0.0240 0.0341 0.0222 0.0254 0.8557 0.0385 
     D237300  4 0.0268 0.0347 0.7305 0.0795 0.0743 0.0542 
     D237306  4 0.1091 0.0967 0.0299 0.5773 0.0946 0.0924 
     D237307  4 0.5019 0.0447 0.0788 0.2137 0.1311 0.0299 
     D237308  4 0.0662 0.2104 0.4068 0.0806 0.0341 0.2020 
     D237309  4 0.2319 0.2793 0.0629 0.0244 0.0989 0.3026 
     D237317  4 0.1602 0.0996 0.0294 0.6099 0.0498 0.0511 
     D237318  4 0.0201 0.0127 0.8447 0.0554 0.0520 0.0150 
     D237319  4 0.1982 0.2434 0.0748 0.0617 0.2956 0.1263 
     D237320  4 0.2080 0.2684 0.2357 0.0513 0.1875 0.0492 
     D237321  4 0.0750 0.0674 0.5824 0.1330 0.0867 0.0555 
     D237397  4 0.1250 0.1555 0.2158 0.3095 0.1143 0.0800 
     D237398  4 0.1120 0.0322 0.5608 0.0436 0.1801 0.0713 
     D237399  4 0.2108 0.0932 0.1068 0.3186 0.1134 0.1572 
     D244001  4 0.0642 0.6239 0.0932 0.0325 0.0273 0.1588 
        D289  4 0.0924 0.0468 0.1158 0.3711 0.0695 0.3044 
        D290  4 0.0586 0.0390 0.0380 0.0390 0.4261 0.3993 
        D294  4 0.0935 0.0300 0.0501 0.0314 0.1618 0.6331 
        D295  4 0.5633 0.0674 0.0302 0.0700 0.1038 0.1652 
        D301  4 0.0216 0.7995 0.0411 0.0460 0.0437 0.0480 
        D302  4 0.1255 0.0224 0.0103 0.0199 0.0491 0.7727 
        D303  4 0.0368 0.0576 0.0477 0.7261 0.0558 0.0761 
        D304  4 0.0718 0.0285 0.0564 0.1546 0.3499 0.3387 
        D305  4 0.0210 0.0455 0.0865 0.0138 0.0673 0.7659 
        D306  4 0.0433 0.0252 0.0152 0.0413 0.5636 0.3112 
        D307  4 0.0174 0.8021 0.0234 0.0656 0.0237 0.0679 
        D327  4 0.6994 0.0235 0.0647 0.0809 0.0882 0.0432 
        D328  4 0.0436 0.0442 0.0292 0.2017 0.0898 0.5915 
        D329  4 0.0736 0.0639 0.1284 0.0420 0.0697 0.6224 
        D330  4 0.3858 0.2008 0.0482 0.0182 0.1461 0.2010 
        D331  4 0.2264 0.0890 0.1118 0.1688 0.2645 0.1395 
        D333  4 0.0978 0.1317 0.1070 0.1608 0.0840 0.4188 
        D334  4 0.1184 0.0500 0.0265 0.6308 0.0868 0.0876 
        D335  4 0.4456 0.0324 0.0395 0.0327 0.0417 0.4082 
        D370  4 0.0706 0.2550 0.0396 0.2076 0.1078 0.3194 
        D371  4 0.1378 0.0193 0.0322 0.7586 0.0293 0.0228 
        D372  4 0.0117 0.0224 0.4486 0.0574 0.3262 0.1338 
        D373  4 0.0288 0.7446 0.0927 0.0219 0.0306 0.0813 
        D455  4 0.0325 0.7606 0.0392 0.0276 0.0236 0.1164 
        D490  4 0.0201 0.8799 0.0086 0.0204 0.0364 0.0347 
        D497  4 0.0223 0.7587 0.0240 0.0364 0.0452 0.1135 
        D498  4 0.1004 0.1377 0.0881 0.2271 0.2935 0.1532 
        D499  4 0.0266 0.0323 0.2789 0.2046 0.3240 0.1335 
        D514  4 0.3121 0.0626 0.0483 0.0209 0.3052 0.2510 
        D515  4 0.0948 0.1974 0.0425 0.0323 0.5305 0.1025 
        D516  4 0.3839 0.2158 0.1064 0.1250 0.1243 0.0447 
        D517  4 0.0687 0.7369 0.0545 0.0239 0.0350 0.0810 
        D518  4 0.0863 0.1952 0.0398 0.0702 0.0289 0.5795 
        D519  4 0.1509 0.3313 0.1101 0.0487 0.3038 0.0552 
        D560  4 0.1972 0.1587 0.1220 0.0272 0.3043 0.1906 
        D561  4 0.2168 0.0911 0.0631 0.0137 0.4964 0.1190 
        D562  4 0.0438 0.0997 0.0786 0.0831 0.3744 0.3202 
        D563  4 0.0317 0.0807 0.5021 0.0234 0.1505 0.2116 
        D572  4 0.0633 0.0373 0.0275 0.0284 0.0494 0.7940 
        D629  4 0.4321 0.1320 0.0509 0.0478 0.2205 0.1167 
        D630  4 0.2042 0.1040 0.0614 0.0814 0.1966 0.3523 
        D631  4 0.0367 0.0277 0.1054 0.0330 0.0438 0.7534 
        D632  4 0.0478 0.7312 0.0921 0.0192 0.0317 0.0781 
        D646  4 0.5020 0.2913 0.0751 0.0300 0.0424 0.0592 
        D647  4 0.5818 0.1126 0.0705 0.0151 0.0577 0.1623 
        D648  4 0.0159 0.0306 0.0155 0.0763 0.1961 0.6657 
        D649  4 0.5512 0.1885 0.0231 0.0242 0.0541 0.1589 
        D650  4 0.3238 0.1264 0.0420 0.1346 0.1849 0.1883 
        D708  4 0.0681 0.0578 0.0363 0.3082 0.2269 0.3027 
        D709  4 0.0557 0.0628 0.0196 0.0690 0.4316 0.3613 
        D738  4 0.1777 0.1544 0.0268 0.5397 0.0512 0.0502 
        D739  4 0.0506 0.2279 0.0396 0.0336 0.3129 0.3354 
        D740  4 0.0294 0.2274 0.0949 0.2032 0.2841 0.1609 
        D741  4 0.2851 0.0825 0.1560 0.0193 0.4203 0.0368 
        D742  4 0.0467 0.0418 0.4521 0.1745 0.1482 0.1369 
        D743  4 0.5082 0.0238 0.0453 0.0293 0.0553 0.3381 
        D744  4 0.0809 0.0369 0.1003 0.0260 0.0827 0.6731 
        D745  4 0.0862 0.3288 0.0296 0.0348 0.4493 0.0715 
        D814  4 0.0909 0.0764 0.4406 0.0280 0.1926 0.1715 
        D815  4 0.2086 0.0426 0.0434 0.0458 0.1118 0.5478 
        D828  4 0.0228 0.0441 0.1082 0.1441 0.3231 0.3577 
        D845  4 0.0260 0.0128 0.7198 0.1633 0.0296 0.0485 
        D846  4 0.1624 0.0430 0.1190 0.0132 0.0714 0.5909 
        D847  4 0.1356 0.1028 0.1112 0.1709 0.2702 0.2093 
        D848  4 0.0161 0.6950 0.1823 0.0262 0.0319 0.0485 
        D849  4 0.1017 0.2897 0.0264 0.0210 0.3975 0.1637 
        D850  4 0.3722 0.1436 0.1654 0.1292 0.1388 0.0508 
        D856  4 0.0729 0.1016 0.0280 0.0326 0.6593 0.1055 
        D857  4 0.0113 0.8538 0.0308 0.0270 0.0366 0.0406 
        D859  4 0.0840 0.0215 0.0343 0.0215 0.0363 0.8024 
        D860  4 0.1103 0.0298 0.1637 0.6012 0.0310 0.0642 
        D883  4 0.3606 0.2136 0.0427 0.1312 0.0969 0.1550 
        D884  4 0.1944 0.1760 0.0255 0.1226 0.2767 0.2047 
        D885  4 0.2174 0.0891 0.1761 0.0431 0.3209 0.1534 
        D886  4 0.2211 0.3069 0.0758 0.0303 0.1528 0.2132 
        D887  4 0.1310 0.0801 0.2419 0.1065 0.1649 0.2756 
        D889  4 0.0423 0.0176 0.0981 0.0462 0.3728 0.4229 
        D890  4 0.0872 0.2030 0.0700 0.2005 0.2160 0.2234 
        D891  4 0.0153 0.0097 0.9166 0.0219 0.0218 0.0147 
        D899  4 0.0226 0.0185 0.6846 0.1489 0.0503 0.0751 
        D900  4 0.2094 0.0685 0.0927 0.0883 0.2319 0.3092 
        D970  4 0.1040 0.0704 0.0690 0.0839 0.0778 0.5949 
        D971  4 0.1150 0.0723 0.5314 0.0655 0.0892 0.1266 
        D979  4 0.5666 0.0145 0.0331 0.0278 0.0343 0.3237 
        D093  5 0.0519 0.0390 0.0280 0.8136 0.0298 0.0378 
        D154  5 0.0463 0.0279 0.3370 0.0736 0.4245 0.0907 
        D168  5 0.1477 0.1351 0.3362 0.0242 0.2880 0.0688 
        D189  5 0.0575 0.0317 0.1359 0.5938 0.1197 0.0614 
        D190  5 0.0426 0.0325 0.0315 0.7916 0.0379 0.0639 
     D237220  5 0.0414 0.2229 0.0414 0.1504 0.1999 0.3439 
     D237221  5 0.0969 0.0688 0.1940 0.4258 0.1053 0.1093 
     D237274  5 0.7526 0.0387 0.0334 0.0162 0.0467 0.1125 
     D237275  5 0.0193 0.0293 0.7525 0.0202 0.1514 0.0273 
     D237276  5 0.2402 0.2088 0.0425 0.2510 0.1294 0.1281 
     D237277  5 0.0383 0.0290 0.0850 0.7311 0.0432 0.0733 
     D237278  5 0.0403 0.1702 0.2951 0.2754 0.1170 0.1020 
     D237279  5 0.0646 0.4416 0.0749 0.0238 0.3622 0.0329 
     D237280  5 0.1859 0.5486 0.0196 0.0994 0.0394 0.1070 
     D237281  5 0.0289 0.0153 0.8868 0.0234 0.0223 0.0233 
     D237351  5 0.0322 0.6949 0.0334 0.1037 0.1041 0.0317 
     D237352  5 0.1661 0.4551 0.0684 0.0694 0.0754 0.1657 
     D237353  5 0.0174 0.0211 0.0196 0.8884 0.0213 0.0322 
     D237359  5 0.0906 0.1382 0.0530 0.0974 0.3420 0.2787 
     D237361  5 0.0204 0.0190 0.0168 0.9028 0.0198 0.0212 
     D237362  5 0.3945 0.0554 0.0636 0.2154 0.2110 0.0601 
     D237363  5 0.0725 0.0517 0.2873 0.0730 0.4664 0.0491 
     D237364  5 0.1365 0.0758 0.1755 0.0135 0.2118 0.3869 
     D237376  5 0.0132 0.0279 0.0518 0.2465 0.2964 0.3642 
     D237377  5 0.3189 0.3379 0.0521 0.1499 0.0987 0.0423 
     D237378  5 0.0219 0.0461 0.0817 0.5703 0.0869 0.1931 
     D237379  5 0.0287 0.0315 0.0354 0.3093 0.2284 0.3666 
     D237380  5 0.0333 0.7267 0.0114 0.0475 0.0323 0.1487 
     D237381  5 0.0478 0.6061 0.0611 0.0834 0.0426 0.1589 
     D237391  5 0.0406 0.0185 0.0173 0.8724 0.0257 0.0256 
     D237392  5 0.5838 0.0711 0.1679 0.0278 0.0979 0.0515 
     D237393  5 0.3150 0.1531 0.0780 0.3635 0.0336 0.0568 
     D237394  5 0.0313 0.0227 0.0107 0.8898 0.0230 0.0225 
     D237395  5 0.0407 0.1086 0.1031 0.3890 0.3233 0.0353 
     D237396  5 0.4225 0.1669 0.1101 0.2171 0.0473 0.0361 
     D244016  5 0.0503 0.0308 0.0950 0.3368 0.3465 0.1405 
     D244018  5 0.1032 0.0753 0.4442 0.2616 0.0757 0.0401 
     D244019  5 0.2830 0.0323 0.1598 0.0790 0.3509 0.0950 
        D279  5 0.0609 0.0699 0.2094 0.1140 0.2189 0.3270 
        D280  5 0.1050 0.0710 0.0970 0.5143 0.1461 0.0666 
        D281  5 0.0211 0.0155 0.7048 0.1134 0.1114 0.0339 
        D283  5 0.1431 0.0282 0.0340 0.7289 0.0353 0.0306 
        D284  5 0.0800 0.1354 0.0795 0.0465 0.5921 0.0666 
        D285  5 0.1058 0.0387 0.0374 0.5572 0.1151 0.1456 
        D286  5 0.1222 0.0687 0.0531 0.2459 0.1924 0.3176 
        D287  5 0.0186 0.0468 0.0283 0.2594 0.3034 0.3434 
        D288  5 0.3786 0.0423 0.1276 0.2791 0.1017 0.0705 
        D308  5 0.1083 0.7862 0.0201 0.0346 0.0331 0.0176 
        D309  5 0.0613 0.0485 0.0199 0.0199 0.0357 0.8148 
        D310  5 0.0197 0.0147 0.0153 0.8908 0.0391 0.0205 
        D311  5 0.3613 0.0330 0.0388 0.1264 0.2127 0.2278 
        D312  5 0.1667 0.0962 0.0550 0.2923 0.1746 0.2153 
        D313  5 0.0140 0.9219 0.0105 0.0247 0.0161 0.0129 
        D314  5 0.0387 0.1145 0.1356 0.0850 0.3605 0.2657 
        D315  5 0.1847 0.1222 0.0472 0.4811 0.1003 0.0645 
        D317  5 0.0553 0.0238 0.0184 0.8443 0.0370 0.0211 
        D318  5 0.1401 0.0757 0.1303 0.0995 0.3629 0.1915 
        D319  5 0.0269 0.0261 0.0231 0.8789 0.0271 0.0179 
        D320  5 0.0277 0.0264 0.0153 0.8255 0.0350 0.0701 
        D321  5 0.0988 0.6657 0.0437 0.1270 0.0462 0.0187 
        D336  5 0.0315 0.0177 0.0200 0.6846 0.1099 0.1364 
        D337  5 0.0209 0.0105 0.0400 0.8923 0.0146 0.0217 
        D338  5 0.2196 0.0980 0.0940 0.2577 0.2004 0.1303 
        D339  5 0.0573 0.0394 0.0566 0.7632 0.0599 0.0236 
        D347  5 0.2064 0.0305 0.1238 0.0898 0.1472 0.4021 
        D348  5 0.0243 0.0124 0.0286 0.8040 0.0304 0.1002 
        D349  5 0.0247 0.8241 0.0234 0.0631 0.0391 0.0256 
        D350  5 0.0363 0.0238 0.0197 0.0233 0.0316 0.8653 
        D355  5 0.1043 0.0174 0.6207 0.0430 0.1478 0.0668 
        D356  5 0.2696 0.1012 0.0254 0.4262 0.1085 0.0690 
        D357  5 0.0511 0.0544 0.0822 0.2088 0.3461 0.2574 
        D358  5 0.0535 0.1073 0.0575 0.5338 0.1108 0.1372 
        D359  5 0.2409 0.0212 0.0218 0.6023 0.0253 0.0885 
        D360  5 0.1355 0.0571 0.0205 0.6477 0.0881 0.0511 
        D361  5 0.0272 0.8679 0.0229 0.0305 0.0340 0.0175 
        D366  5 0.6485 0.0272 0.2364 0.0204 0.0473 0.0202 
        D367  5 0.0272 0.0830 0.0252 0.5987 0.1363 0.1295 
        D368  5 0.1151 0.1289 0.0364 0.4339 0.2312 0.0546 
        D380  5 0.1097 0.1013 0.0888 0.0601 0.2649 0.3752 
        D381  5 0.0467 0.0427 0.0463 0.7407 0.0487 0.0750 
        D400  5 0.1013 0.0320 0.1571 0.3010 0.0838 0.3248 
        D411  5 0.0195 0.6892 0.0291 0.0123 0.2209 0.0290 
        D412  5 0.1021 0.1995 0.2087 0.1419 0.1481 0.1998 
        D413  5 0.0503 0.0401 0.7276 0.0365 0.0941 0.0515 
        D414  5 0.0268 0.0153 0.1000 0.0151 0.0611 0.7817 
        D420  5 0.0386 0.1261 0.1440 0.0983 0.5381 0.0548 
        D431  5 0.0194 0.0829 0.1255 0.1037 0.3857 0.2828 
        D432  5 0.0636 0.1688 0.0836 0.5862 0.0368 0.0610 
        D433  5 0.0628 0.0404 0.0807 0.7228 0.0394 0.0539 
        D434  5 0.1248 0.0549 0.0260 0.7199 0.0353 0.0390 
        D440  5 0.0299 0.0190 0.0166 0.0207 0.0355 0.8783 
        D447  5 0.4255 0.1112 0.1170 0.0357 0.1447 0.1658 
        D448  5 0.0984 0.0275 0.0800 0.5494 0.1130 0.1318 
        D459  5 0.0590 0.0145 0.8288 0.0321 0.0338 0.0318 
        D460  5 0.0652 0.7437 0.0257 0.1042 0.0357 0.0255 
        D461  5 0.0789 0.0174 0.0170 0.0208 0.0297 0.8363 
        D468  5 0.1903 0.0366 0.0353 0.1826 0.5154 0.0398 
        D469  5 0.5201 0.0703 0.0482 0.1222 0.1481 0.0912 
        D470  5 0.1527 0.1630 0.0418 0.0888 0.3427 0.2110 
        D471  5 0.0978 0.0203 0.0691 0.5610 0.1593 0.0924 
        D472  5 0.7189 0.0135 0.1888 0.0330 0.0243 0.0215 
        D479  5 0.0293 0.0429 0.7043 0.0243 0.0456 0.1536 
        D485  5 0.0413 0.0423 0.0609 0.0710 0.3016 0.4828 
        D486  5 0.1383 0.0716 0.0416 0.0987 0.5903 0.0595 
        D487  5 0.0266 0.0514 0.2156 0.2554 0.0586 0.3924 
        D555  5 0.0322 0.0237 0.0620 0.8333 0.0232 0.0256 
        D556  5 0.0554 0.0887 0.0898 0.2145 0.2101 0.3415 
        D557  5 0.0256 0.0190 0.0255 0.8764 0.0227 0.0308 
        D564  5 0.0387 0.1115 0.0218 0.3776 0.0761 0.3744 
        D594  5 0.1801 0.0970 0.1345 0.1388 0.1670 0.2827 
        D595  5 0.1759 0.0733 0.1199 0.4274 0.1352 0.0683 
        D596  5 0.0201 0.0210 0.0252 0.8945 0.0198 0.0195 
        D597  5 0.1151 0.0329 0.3808 0.3285 0.0426 0.1000 
        D598  5 0.1130 0.1861 0.0728 0.4680 0.0430 0.1171 
        D617  5 0.0400 0.5437 0.1380 0.0194 0.2150 0.0438 
        D618  5 0.0825 0.0459 0.0837 0.6577 0.0450 0.0852 
        D619  5 0.1981 0.3981 0.0970 0.1710 0.0587 0.0772 
        D620  5 0.0314 0.0199 0.8784 0.0303 0.0150 0.0251 
        D628  5 0.0488 0.0973 0.0411 0.0696 0.0508 0.6925 
        D714  5 0.0193 0.0286 0.1308 0.3805 0.1933 0.2474 
        D715  5 0.0825 0.0124 0.0509 0.7776 0.0263 0.0504 
        D716  5 0.0954 0.0294 0.1340 0.0746 0.2753 0.3913 
        D717  5 0.3928 0.1101 0.0654 0.2215 0.1005 0.1098 
        D718  5 0.0172 0.0707 0.0318 0.0682 0.6828 0.1292 
        D769  5 0.0527 0.5661 0.1147 0.0271 0.1428 0.0966 
        D770  5 0.0516 0.0308 0.2805 0.1325 0.2036 0.3011 
        D771  5 0.0592 0.1153 0.3007 0.0932 0.2500 0.1816 
        D772  5 0.0680 0.0533 0.0339 0.1943 0.1373 0.5132 
        D782  5 0.0597 0.2077 0.4012 0.0433 0.2621 0.0259 
        D783  5 0.0316 0.0343 0.2609 0.1033 0.1346 0.4354 
        D784  5 0.3836 0.0475 0.0603 0.1004 0.1105 0.2977 
        D785  5 0.0471 0.0734 0.0212 0.6863 0.0905 0.0815 
        D786  5 0.2164 0.4995 0.0526 0.0185 0.0734 0.1396 
        D821  5 0.0137 0.0092 0.0119 0.9255 0.0177 0.0220 
        D822  5 0.3345 0.0484 0.1038 0.1250 0.2395 0.1489 
        D826  5 0.0872 0.0453 0.2315 0.4375 0.1052 0.0933 
        D827  5 0.5876 0.0348 0.0859 0.0494 0.1538 0.0885 
        D851  5 0.1056 0.1068 0.0692 0.2744 0.3075 0.1365 
        D852  5 0.0256 0.0951 0.1487 0.1831 0.0338 0.5137 
        D853  5 0.1205 0.0672 0.0701 0.3098 0.3199 0.1124 
        D854  5 0.1425 0.0367 0.1730 0.0211 0.5139 0.1127 
        D861  5 0.1123 0.0936 0.2159 0.1997 0.2829 0.0956 
        D862  5 0.3170 0.0421 0.0358 0.3130 0.2055 0.0867 
        D865  5 0.0278 0.0433 0.0683 0.7746 0.0506 0.0354 
        D868  5 0.7442 0.0345 0.0372 0.1015 0.0345 0.0482 
        D869  5 0.0529 0.7360 0.0307 0.0386 0.1272 0.0145 
        D870  5 0.2117 0.0352 0.0691 0.0135 0.6465 0.0240 
        D907  5 0.0325 0.0864 0.0275 0.7348 0.0844 0.0344 
        D908  5 0.0175 0.0635 0.2640 0.2514 0.0300 0.3737 
        D910  5 0.1349 0.0211 0.2717 0.4198 0.0704 0.0821 
        D911  5 0.0792 0.0187 0.6707 0.0671 0.1145 0.0497 
        D934  5 0.0599 0.0291 0.1610 0.0585 0.3413 0.3501 
        D946  5 0.0155 0.0593 0.0844 0.0524 0.1299 0.6584 
        D947  5 0.1338 0.0477 0.0636 0.0434 0.2593 0.4523 
        D948  5 0.0437 0.7639 0.0218 0.1301 0.0203 0.0202 
        D949  5 0.0573 0.7980 0.0176 0.0708 0.0321 0.0242 
        D950  5 0.0682 0.0201 0.7374 0.0646 0.0735 0.0362 
        D951  5 0.3221 0.0700 0.0574 0.0373 0.3359 0.1772 
        D952  5 0.7222 0.0315 0.0354 0.1124 0.0256 0.0729 
        D953  5 0.1067 0.0558 0.0307 0.7243 0.0354 0.0470 
        D954  5 0.4696 0.0239 0.0293 0.3658 0.0777 0.0337 
        D961  5 0.0258 0.0474 0.0377 0.1104 0.4309 0.3477 
        D962  5 0.0477 0.0266 0.0118 0.4814 0.0734 0.3590 
        D963  5 0.2989 0.0246 0.0623 0.2962 0.0873 0.2308 
        D964  5 0.0510 0.0962 0.1002 0.0730 0.4392 0.2404 
        D965  5 0.0549 0.0623 0.0913 0.0554 0.1212 0.6149 
        D966  5 0.1757 0.0399 0.1154 0.2818 0.0759 0.3114 
        D967  5 0.0359 0.1639 0.2933 0.3264 0.1135 0.0669 
        D991  5 0.0667 0.1905 0.0273 0.1006 0.0622 0.5528 
        D502  6 0.0202 0.0334 0.0583 0.0089 0.7809 0.0982 
        D503  6 0.0315 0.3023 0.3574 0.0804 0.1781 0.0503 
        D504  6 0.3615 0.1020 0.0796 0.1414 0.1316 0.1838 
        D505  6 0.0832 0.1023 0.1474 0.3874 0.1521 0.1277 
        D506  6 0.0225 0.0185 0.0112 0.9088 0.0267 0.0123 
        D507  6 0.0517 0.0896 0.0730 0.0431 0.1287 0.6138 
        D508  6 0.1832 0.0369 0.1031 0.0325 0.3185 0.3259 
        D529  6 0.1605 0.1705 0.0642 0.1631 0.3226 0.1190 
        D530  6 0.0291 0.1135 0.0960 0.0876 0.5050 0.1687 
        D531  6 0.2842 0.0703 0.0759 0.1132 0.3080 0.1484 
        D532  6 0.3251 0.0451 0.0849 0.2105 0.1930 0.1415 
        D534  6 0.0395 0.7975 0.0302 0.0184 0.0578 0.0566 
        D535  6 0.1401 0.1100 0.0418 0.5026 0.1166 0.0889 
        D536  6 0.0335 0.0656 0.7575 0.0146 0.1010 0.0277 
        D554  6 0.0349 0.1005 0.0357 0.2119 0.4685 0.1486 
        D587  6 0.0914 0.0407 0.0436 0.7440 0.0384 0.0419 
        D588  6 0.1551 0.0746 0.0734 0.5160 0.1460 0.0350 
        D589  6 0.0422 0.0869 0.3676 0.1627 0.2605 0.0801 
        D590  6 0.0354 0.0372 0.8183 0.0424 0.0369 0.0298 
        D591  6 0.0595 0.1020 0.1294 0.2240 0.4363 0.0488 
        D592  6 0.0314 0.8422 0.0275 0.0483 0.0322 0.0184 
        D593  6 0.0184 0.0465 0.0355 0.0876 0.5169 0.2951 
        D682  6 0.0189 0.0242 0.0197 0.8806 0.0355 0.0212 
        D683  6 0.5145 0.0394 0.0195 0.3119 0.0808 0.0339 
        D684  6 0.0621 0.2564 0.2563 0.0205 0.3247 0.0799 
        D685  6 0.0130 0.0408 0.1118 0.0381 0.7327 0.0636 
        D686  6 0.0461 0.0598 0.0378 0.4064 0.2207 0.2292 
        D724  6 0.1474 0.0915 0.0837 0.0256 0.2122 0.4396 
        D725  6 0.0497 0.0528 0.1833 0.0814 0.3904 0.2423 
        D726  6 0.0243 0.0254 0.0158 0.8636 0.0277 0.0432 
        D727  6 0.2282 0.0701 0.5212 0.0908 0.0665 0.0233 
        D728  6 0.0529 0.0618 0.0244 0.4857 0.2987 0.0765 
        D729  6 0.2215 0.3523 0.3159 0.0296 0.0651 0.0155 
        D730  6 0.1371 0.1819 0.1075 0.0289 0.1276 0.4171 
        D731  6 0.0128 0.0151 0.1241 0.8113 0.0241 0.0125 
        D732  6 0.2417 0.0569 0.0444 0.0380 0.1225 0.4964 
        D733  6 0.0422 0.1161 0.0286 0.0533 0.0806 0.6793 
     D237251  7 0.0518 0.0418 0.2645 0.0574 0.1292 0.4554 
     D237252  7 0.0541 0.3432 0.1829 0.0294 0.2557 0.1347 
     D237253  7 0.0741 0.0413 0.2310 0.2354 0.2801 0.1381 
     D237254  7 0.0315 0.6464 0.0354 0.0187 0.2460 0.0221 
     D237255  7 0.0263 0.0206 0.7194 0.0610 0.1005 0.0721 
     D237256  7 0.0669 0.0162 0.3656 0.0310 0.3596 0.1606 
     D237257  7 0.0293 0.0937 0.0477 0.0169 0.7702 0.0422 
     D237282  7 0.5459 0.1429 0.1237 0.0208 0.0535 0.1132 
     D237283  7 0.0138 0.6742 0.0286 0.0264 0.2397 0.0174 
     D237284  7 0.0622 0.7383 0.0354 0.0208 0.1097 0.0337 
     D237285  7 0.0578 0.0518 0.1487 0.1105 0.3487 0.2826 
     D237286  7 0.1614 0.0743 0.1243 0.1993 0.2529 0.1878 
     D237287  7 0.1359 0.0659 0.4437 0.0611 0.1606 0.1329 
     D244006  7 0.0212 0.8317 0.0278 0.0167 0.0731 0.0295 
     D244007  7 0.1562 0.0496 0.5901 0.0480 0.1164 0.0397 
     D244008  7 0.0205 0.5395 0.0266 0.0541 0.3476 0.0118 
     D244009  7 0.1055 0.4028 0.0274 0.0708 0.1235 0.2699 
     D244010  7 0.0243 0.0590 0.0405 0.0208 0.8278 0.0275 
     D244011  7 0.0264 0.0859 0.0562 0.2094 0.2529 0.3692 
     D244012  7 0.0574 0.0588 0.1879 0.0271 0.5743 0.0945 
     D244013  7 0.0728 0.0559 0.2751 0.1515 0.0695 0.3752 
     D244014  7 0.0422 0.3252 0.1095 0.0457 0.1254 0.3521 
     D244015  7 0.1599 0.2843 0.1011 0.0253 0.3656 0.0638 
     D244125  7 0.1552 0.0498 0.1642 0.4402 0.0877 0.1029 
     D244126  7 0.0174 0.7298 0.0172 0.0110 0.1776 0.0470 
     D244130  7 0.0473 0.3285 0.0758 0.0592 0.1840 0.3051 
     D244131  7 0.1153 0.1876 0.0757 0.3935 0.0519 0.1760 
     D244132  7 0.1774 0.0555 0.0211 0.1459 0.0491 0.5510 
        D520  7 0.0378 0.0675 0.0237 0.0603 0.7807 0.0300 
        D521  7 0.1304 0.1103 0.0957 0.0480 0.3295 0.2862 
        D522  7 0.0883 0.6630 0.0397 0.0721 0.0461 0.0909 
        D523  7 0.0278 0.0363 0.6123 0.1083 0.0674 0.1479 
        D524  7 0.0768 0.1333 0.2590 0.1973 0.1007 0.2329 
        D525  7 0.0289 0.5759 0.2044 0.0521 0.0806 0.0580 
        D526  7 0.0527 0.7205 0.0364 0.0147 0.1578 0.0178 
        D527  7 0.2171 0.1492 0.0375 0.0854 0.1633 0.3476 
        D528  7 0.0166 0.0200 0.0076 0.0103 0.9365 0.0091 
        D558  7 0.0369 0.0654 0.0513 0.0160 0.0275 0.8030 
        D559  7 0.0215 0.0246 0.0233 0.0089 0.0195 0.9022 
        D640  7 0.0976 0.0455 0.0725 0.2508 0.0926 0.4411 
        D641  7 0.0212 0.1460 0.1138 0.2904 0.2176 0.2110 
        D642  7 0.0527 0.6071 0.1288 0.0490 0.0867 0.0757 
        D644  7 0.0810 0.2455 0.0974 0.2205 0.1334 0.2221 
        D645  7 0.1850 0.1161 0.1475 0.1876 0.2196 0.1442 
        D662  7 0.1706 0.6584 0.0154 0.1069 0.0246 0.0241 
        D687  7 0.0724 0.0639 0.0650 0.0929 0.3026 0.4032 
        D688  7 0.2483 0.1377 0.1024 0.0216 0.1187 0.3712 
        D689  7 0.2445 0.0890 0.1261 0.2549 0.1944 0.0911 
        D700  7 0.0115 0.0148 0.0128 0.0136 0.9351 0.0122 
        D797  7 0.2078 0.1059 0.0915 0.1691 0.1478 0.2779 
        D798  7 0.0561 0.5850 0.0282 0.0426 0.2166 0.0716 
        D799  7 0.0323 0.1820 0.1732 0.0362 0.1535 0.4228 
        D800  7 0.5367 0.0830 0.1034 0.0252 0.1224 0.1293 
        D132  8 0.0488 0.7958 0.0241 0.0410 0.0471 0.0432 
        D133  8 0.0160 0.0376 0.8805 0.0172 0.0254 0.0233 
        D200  8 0.0165 0.0167 0.0350 0.0190 0.4909 0.4218 
        D500  8 0.0221 0.8947 0.0147 0.0239 0.0199 0.0247 
        D614  8 0.0819 0.0979 0.0293 0.4189 0.1899 0.1821 
        D723  8 0.5771 0.1349 0.1180 0.0324 0.0844 0.0532 
        D888  8 0.0270 0.0284 0.5629 0.0822 0.0973 0.2021 
        D901  8 0.0226 0.0561 0.0352 0.0241 0.7855 0.0766 
        D902  8 0.0273 0.0339 0.0290 0.7579 0.0683 0.0836 
        D903  8 0.4675 0.0296 0.0501 0.0638 0.1601 0.2290 
        D904  8 0.1232 0.1349 0.0480 0.0597 0.0579 0.5764 
        D905  8 0.0145 0.0209 0.4776 0.2748 0.0878 0.1245 
        D906  8 0.0450 0.0682 0.5128 0.0532 0.1343 0.1866 
        D937  8 0.0127 0.0159 0.0229 0.8633 0.0453 0.0399 
        D943  8 0.0616 0.1695 0.0663 0.0411 0.4461 0.2154 
        D972  8 0.4499 0.1832 0.0692 0.0331 0.2028 0.0618 
        D973  8 0.8061 0.0663 0.0220 0.0286 0.0394 0.0376 
        D974  8 0.2075 0.0901 0.1273 0.0867 0.3529 0.1355 
        D975  8 0.0305 0.0220 0.0618 0.0552 0.4501 0.3805 
        D976  8 0.0261 0.0708 0.0637 0.1634 0.5185 0.1575 
        D201  9 0.0419 0.0857 0.2202 0.0355 0.1392 0.4775 
        D202  9 0.0138 0.0491 0.0659 0.0184 0.5382 0.3147 
     D237259  9 0.0854 0.0787 0.1224 0.0160 0.6341 0.0635 
     D237260  9 0.0172 0.1387 0.3690 0.0679 0.3071 0.1002 
     D237262  9 0.0205 0.8927 0.0133 0.0269 0.0223 0.0242 
