        D174  1 0.0558 0.0328 0.0742 0.0614 0.0246 0.0926 0.0725 0.0157 0.4331 0.0703 0.0670 
        D199  1 0.1382 0.1401 0.1289 0.0921 0.1537 0.0364 0.1217 0.0344 0.1034 0.0263 0.0248 
        D203  1 0.2135 0.1184 0.0866 0.0606 0.1356 0.0161 0.0801 0.0439 0.0550 0.1090 0.0813 
        D204  1 0.6628 0.0188 0.0428 0.0169 0.0475 0.0202 0.0379 0.0810 0.0206 0.0312 0.0202 
     D237366  1 0.0379 0.0476 0.0831 0.3751 0.0353 0.0184 0.0514 0.1105 0.0634 0.0157 0.1616 
     D237367  1 0.2861 0.0242 0.1124 0.1446 0.0630 0.0907 0.0736 0.0381 0.0382 0.0553 0.0739 
     D237368  1 0.1301 0.0185 0.0951 0.3757 0.0825 0.0337 0.0339 0.0611 0.1085 0.0362 0.0247 
     D244101  1 0.0907 0.1302 0.0743 0.0199 0.0669 0.0294 0.0338 0.4884 0.0139 0.0336 0.0189 
     D244102  1 0.0527 0.0696 0.0767 0.0606 0.0409 0.0708 0.3638 0.0532 0.0303 0.1341 0.0473 
     D244103  1 0.1612 0.0193 0.0979 0.0675 0.0295 0.0730 0.0623 0.0324 0.0333 0.0241 0.3994 
     D244104  1 0.5207 0.0313 0.0388 0.0357 0.0342 0.1470 0.0135 0.0393 0.0908 0.0212 0.0276 
     D244105  1 0.0466 0.0390 0.2259 0.1214 0.0219 0.0305 0.0460 0.0213 0.0194 0.1458 0.2823 
     D244106  1 0.0638 0.0357 0.0553 0.0185 0.0521 0.0192 0.0601 0.0221 0.4892 0.0277 0.1563 
     D244107  1 0.0527 0.0278 0.1058 0.3444 0.1045 0.0386 0.0204 0.0721 0.0160 0.1930 0.0247 
     D244108  1 0.0383 0.0391 0.0758 0.0222 0.0380 0.0282 0.0788 0.0211 0.2478 0.3826 0.0279 
     D244113  1 0.0140 0.0141 0.0482 0.0284 0.0442 0.0713 0.3503 0.0749 0.3082 0.0296 0.0167 
     D244114  1 0.0357 0.0864 0.1842 0.0350 0.0308 0.0220 0.0610 0.0289 0.0495 0.0342 0.4323 
     D244115  1 0.1241 0.0347 0.1487 0.0501 0.0218 0.0371 0.0346 0.0213 0.2137 0.2376 0.0763 
     D267365  1 0.3020 0.1748 0.0563 0.0924 0.0289 0.0400 0.0607 0.0377 0.1416 0.0387 0.0268 
        D404  1 0.0234 0.0197 0.0350 0.0182 0.0361 0.0334 0.5551 0.0537 0.1579 0.0383 0.0291 
        D405  1 0.0819 0.0332 0.0633 0.0336 0.0546 0.0405 0.5500 0.0390 0.0239 0.0433 0.0368 
        D406  1 0.0657 0.0196 0.0432 0.5503 0.0174 0.0128 0.0220 0.0443 0.0553 0.1415 0.0279 
        D407  1 0.5753 0.0149 0.0513 0.0733 0.0512 0.0669 0.0241 0.0151 0.0210 0.0185 0.0885 
        D408  1 0.0539 0.1203 0.0571 0.0187 0.0172 0.2489 0.0770 0.0301 0.3174 0.0318 0.0276 
        D409  1 0.1414 0.0328 0.1944 0.0308 0.0428 0.0419 0.0358 0.0301 0.0418 0.0619 0.3464 
        D410  1 0.0537 0.0131 0.0216 0.0157 0.0126 0.0239 0.0243 0.0239 0.0163 0.7748 0.0200 
        D421  1 0.8724 0.0122 0.0142 0.0118 0.0166 0.0174 0.0084 0.0092 0.0136 0.0101 0.0142 
        D422  1 0.0784 0.0211 0.0358 0.6756 0.0302 0.0190 0.0154 0.0133 0.0131 0.0239 0.0742 
        D423  1 0.0725 0.0151 0.0458 0.0452 0.0518 0.0148 0.0213 0.0150 0.0157 0.6592 0.0435 
        D424  1 0.6428 0.0140 0.1211 0.0309 0.0175 0.0248 0.0263 0.0180 0.0372 0.0231 0.0441 
        D425  1 0.2725 0.0788 0.1347 0.0393 0.0220 0.0466 0.1709 0.0238 0.0647 0.1146 0.0322 
        D426  1 0.1347 0.1017 0.1997 0.0380 0.0260 0.0683 0.0155 0.0185 0.0242 0.0134 0.3598 
        D427  1 0.3452 0.0179 0.0245 0.0204 0.3520 0.0256 0.0096 0.0120 0.1610 0.0141 0.0177 
        D428  1 0.2411 0.0316 0.1288 0.0658 0.0402 0.0495 0.1538 0.0623 0.1078 0.0936 0.0256 
        D429  1 0.4301 0.0472 0.0592 0.0201 0.0229 0.0202 0.0702 0.0285 0.1452 0.0318 0.1246 
        D430  1 0.0905 0.1198 0.1214 0.0423 0.0543 0.0452 0.1234 0.0243 0.1479 0.0389 0.1920 
        D491  1 0.0928 0.0323 0.0536 0.0227 0.0114 0.0766 0.0400 0.0261 0.5897 0.0296 0.0251 
        D492  1 0.2631 0.0195 0.1480 0.0926 0.0415 0.0287 0.1159 0.0453 0.1433 0.0351 0.0668 
        D537  1 0.4770 0.0162 0.0583 0.0533 0.0299 0.0566 0.0861 0.0768 0.0265 0.0736 0.0457 
        D538  1 0.0523 0.0274 0.1663 0.1450 0.0658 0.0307 0.1711 0.0577 0.1113 0.1283 0.0441 
        D539  1 0.0300 0.2413 0.0840 0.0479 0.0373 0.0672 0.0875 0.0413 0.1165 0.0563 0.1907 
        D540  1 0.1842 0.0456 0.1039 0.0597 0.0254 0.4154 0.0361 0.0251 0.0219 0.0456 0.0369 
        D541  1 0.8618 0.0159 0.0133 0.0126 0.0156 0.0162 0.0094 0.0167 0.0118 0.0142 0.0124 
        D551  1 0.0437 0.1039 0.1551 0.0365 0.1066 0.0433 0.0232 0.0170 0.0257 0.0156 0.4295 
        D552  1 0.1162 0.0416 0.1116 0.0660 0.0322 0.0855 0.0213 0.0822 0.2018 0.1741 0.0676 
        D553  1 0.8448 0.0159 0.0194 0.0162 0.0122 0.0233 0.0083 0.0171 0.0183 0.0127 0.0119 
        D615  1 0.4085 0.0513 0.1050 0.0358 0.0556 0.0318 0.0612 0.0220 0.0528 0.1082 0.0677 
        D616  1 0.2491 0.0697 0.1279 0.0818 0.1009 0.0454 0.0190 0.0246 0.0466 0.1367 0.0983 
        D621  1 0.0105 0.0224 0.0442 0.1440 0.0213 0.0479 0.0431 0.3485 0.0825 0.2036 0.0321 
        D622  1 0.0272 0.0267 0.0933 0.3489 0.0204 0.0618 0.0186 0.0551 0.0352 0.2086 0.1043 
        D623  1 0.0220 0.0571 0.0600 0.0204 0.1896 0.0210 0.2075 0.1432 0.2011 0.0577 0.0204 
        D624  1 0.0432 0.0289 0.0751 0.0221 0.0143 0.0278 0.0246 0.0097 0.7011 0.0195 0.0336 
        D625  1 0.5491 0.0255 0.0747 0.0332 0.0174 0.0448 0.0233 0.0415 0.0651 0.0755 0.0499 
        D626  1 0.0496 0.0402 0.0777 0.1112 0.0327 0.1770 0.0506 0.0239 0.2724 0.1139 0.0507 
        D627  1 0.1207 0.1163 0.2392 0.0369 0.0234 0.0305 0.0154 0.0234 0.0314 0.0151 0.3476 
        D690  1 0.7924 0.0125 0.0180 0.0241 0.0090 0.0145 0.0151 0.0230 0.0347 0.0413 0.0155 
        D691  1 0.0656 0.0262 0.0431 0.5330 0.0200 0.0253 0.0147 0.0251 0.0439 0.1005 0.1025 
        D710  1 0.2134 0.0307 0.1146 0.1358 0.0411 0.0758 0.0362 0.1512 0.1003 0.0791 0.0217 
        D711  1 0.7332 0.0152 0.0361 0.0363 0.0201 0.0126 0.0324 0.0361 0.0294 0.0258 0.0227 
        D712  1 0.0270 0.0711 0.0544 0.0957 0.0399 0.0654 0.0699 0.0434 0.4829 0.0240 0.0263 
        D713  1 0.1330 0.0225 0.1345 0.0432 0.0161 0.0476 0.2434 0.1389 0.1094 0.0640 0.0472 
        D746  1 0.0832 0.0169 0.0378 0.6237 0.0229 0.0368 0.0129 0.0244 0.0312 0.0655 0.0447 
        D747  1 0.8397 0.0196 0.0162 0.0148 0.0194 0.0130 0.0130 0.0245 0.0148 0.0113 0.0136 
        D748  1 0.1939 0.0248 0.0556 0.0933 0.0155 0.0420 0.0202 0.0698 0.0420 0.1256 0.3172 
        D749  1 0.0213 0.0289 0.2720 0.2336 0.0340 0.0189 0.0722 0.0559 0.0862 0.0836 0.0934 
        D750  1 0.1596 0.0234 0.0351 0.0266 0.0166 0.0219 0.0202 0.0367 0.5567 0.0716 0.0316 
        D763  1 0.0627 0.1579 0.1368 0.0648 0.0964 0.1400 0.0309 0.1931 0.0193 0.0290 0.0693 
        D764  1 0.5069 0.0208 0.0460 0.0377 0.0152 0.0333 0.0156 0.0164 0.2014 0.0841 0.0226 
        D765  1 0.0299 0.0296 0.0623 0.0425 0.0145 0.0211 0.0420 0.0125 0.0806 0.6283 0.0368 
        D766  1 0.0523 0.0154 0.0694 0.0502 0.0232 0.0964 0.0357 0.1159 0.0329 0.4504 0.0583 
        D767  1 0.0650 0.0310 0.0724 0.1147 0.0702 0.0270 0.2795 0.1560 0.0305 0.0892 0.0645 
        D768  1 0.8140 0.0167 0.0354 0.0197 0.0170 0.0153 0.0153 0.0142 0.0129 0.0174 0.0221 
        D811  1 0.0174 0.0280 0.0368 0.0132 0.0132 0.2868 0.4109 0.0166 0.0450 0.1038 0.0284 
        D816  1 0.8303 0.0170 0.0227 0.0161 0.0135 0.0115 0.0196 0.0192 0.0156 0.0179 0.0165 
        D825  1 0.0840 0.0159 0.0948 0.0362 0.0149 0.0491 0.1250 0.0211 0.1079 0.4066 0.0445 
        D866  1 0.0518 0.3188 0.0756 0.0206 0.0935 0.0724 0.0396 0.0167 0.1802 0.0695 0.0613 
        D867  1 0.0180 0.0219 0.0382 0.6160 0.0453 0.0322 0.0418 0.1016 0.0188 0.0317 0.0344 
        D871  1 0.1445 0.0406 0.1572 0.0270 0.0146 0.0421 0.0311 0.0447 0.0526 0.0237 0.4220 
        D872  1 0.0988 0.0203 0.1075 0.0817 0.0591 0.0297 0.1958 0.0521 0.0398 0.2914 0.0237 
        D873  1 0.0086 0.0085 0.0218 0.0319 0.0227 0.0162 0.0765 0.0416 0.0136 0.7434 0.0151 
        D874  1 0.0458 0.0270 0.0322 0.0116 0.0170 0.0279 0.0377 0.6976 0.0574 0.0155 0.0301 
        D875  1 0.1004 0.0140 0.1659 0.0365 0.0109 0.0343 0.0233 0.0203 0.0191 0.0898 0.4856 
        D876  1 0.3062 0.0630 0.1121 0.0579 0.0241 0.0512 0.0277 0.1268 0.1089 0.0795 0.0426 
        D877  1 0.0221 0.0131 0.0417 0.0108 0.0185 0.0286 0.7397 0.0319 0.0539 0.0187 0.0210 
        D892  1 0.2071 0.0183 0.0610 0.1163 0.0179 0.0162 0.0618 0.0327 0.2262 0.0439 0.1986 
        D893  1 0.5860 0.0498 0.0755 0.0601 0.0243 0.0610 0.0232 0.0447 0.0123 0.0269 0.0361 
        D894  1 0.6270 0.0277 0.0531 0.0222 0.0227 0.0179 0.0222 0.0291 0.0462 0.0161 0.1159 
        D915  1 0.4309 0.0338 0.0637 0.0498 0.0233 0.0311 0.0361 0.0240 0.0648 0.1436 0.0989 
        D916  1 0.8615 0.0095 0.0159 0.0152 0.0094 0.0110 0.0111 0.0146 0.0190 0.0163 0.0164 
        D917  1 0.0931 0.1956 0.1053 0.0421 0.0419 0.0564 0.0891 0.1379 0.1928 0.0241 0.0217 
        D925  1 0.1911 0.0334 0.0494 0.0523 0.0166 0.0396 0.0361 0.0158 0.0987 0.4536 0.0133 
        D926  1 0.3491 0.0338 0.1862 0.0465 0.0177 0.0281 0.0438 0.0718 0.0569 0.0466 0.1195 
        D927  1 0.1863 0.1041 0.1442 0.0670 0.2352 0.0320 0.0503 0.0504 0.0554 0.0230 0.0521 
        D928  1 0.0746 0.0146 0.0220 0.0097 0.0187 0.0200 0.0553 0.0189 0.7180 0.0371 0.0111 
        D929  1 0.0310 0.0250 0.0477 0.0990 0.0174 0.0313 0.3437 0.2842 0.0439 0.0279 0.0489 
        D936  1 0.3828 0.1238 0.0839 0.0220 0.0458 0.0299 0.0352 0.1522 0.0250 0.0453 0.0541 
        D938  1 0.0263 0.0200 0.0432 0.4878 0.0168 0.0634 0.0208 0.0752 0.0252 0.1700 0.0512 
        D956  1 0.0400 0.0193 0.0625 0.0158 0.0288 0.0416 0.1143 0.0294 0.5213 0.0461 0.0809 
        D957  1 0.0438 0.0203 0.0474 0.0350 0.0245 0.0145 0.1036 0.0412 0.0298 0.6173 0.0225 
        D958  1 0.1078 0.0168 0.0908 0.0492 0.0199 0.0403 0.0431 0.0713 0.1324 0.3936 0.0348 
        D959  1 0.5729 0.0128 0.0795 0.0686 0.0347 0.0483 0.0222 0.0100 0.0226 0.0179 0.1104 
        D960  1 0.0242 0.0228 0.0678 0.4807 0.0199 0.0116 0.0985 0.0366 0.0419 0.1368 0.0592 
        D989  1 0.0371 0.1069 0.0663 0.0340 0.0727 0.0404 0.0393 0.0237 0.5282 0.0173 0.0341 
        D990  1 0.0150 0.1213 0.0708 0.0690 0.0345 0.0210 0.0130 0.0210 0.0628 0.5539 0.0177 
        D023  2 0.0315 0.0100 0.0245 0.8469 0.0145 0.0131 0.0097 0.0148 0.0120 0.0136 0.0094 
        D130  2 0.0886 0.0125 0.0537 0.5650 0.0486 0.0185 0.0816 0.0209 0.0172 0.0331 0.0603 
        D131  2 0.1753 0.0939 0.2201 0.0273 0.0345 0.1850 0.0294 0.0592 0.0431 0.0556 0.0766 
        D163  2 0.0787 0.0396 0.0645 0.6060 0.0144 0.0229 0.0193 0.0371 0.0366 0.0496 0.0312 
        D164  2 0.0088 0.0105 0.0208 0.0231 0.5122 0.0180 0.0132 0.0147 0.0086 0.3591 0.0111 
        D165  2 0.0314 0.0208 0.0233 0.7909 0.0306 0.0199 0.0090 0.0235 0.0185 0.0137 0.0184 
        D166  2 0.0313 0.0368 0.1460 0.0702 0.0369 0.0644 0.3489 0.0611 0.0155 0.0475 0.1415 
        D167  2 0.0118 0.0120 0.0157 0.0118 0.7969 0.0112 0.0825 0.0106 0.0223 0.0138 0.0113 
        D192  2 0.0092 0.0181 0.0135 0.0122 0.8594 0.0133 0.0175 0.0148 0.0169 0.0135 0.0116 
        D193  2 0.0147 0.0306 0.0357 0.0227 0.0188 0.0150 0.7133 0.0298 0.0337 0.0298 0.0559 
        D206  2 0.0688 0.0222 0.0765 0.0287 0.2324 0.3929 0.0390 0.0234 0.0176 0.0258 0.0729 
        D207  2 0.0291 0.0573 0.0630 0.0196 0.5821 0.0225 0.1345 0.0164 0.0190 0.0177 0.0386 
        D208  2 0.0485 0.2595 0.0560 0.0415 0.0522 0.3067 0.0457 0.0338 0.1012 0.0258 0.0292 
        D209  2 0.0287 0.0243 0.1672 0.0472 0.4180 0.0623 0.0420 0.1173 0.0212 0.0411 0.0310 
        D210  2 0.0450 0.1689 0.0417 0.0226 0.0776 0.0243 0.0211 0.0290 0.4853 0.0246 0.0598 
     D229599  2 0.1482 0.1662 0.1354 0.1060 0.0404 0.0359 0.0511 0.1519 0.0503 0.0787 0.0361 
     D229600  2 0.0270 0.0248 0.0462 0.3206 0.3188 0.0203 0.0732 0.0232 0.0181 0.0490 0.0787 
     D237227  2 0.0443 0.0830 0.0928 0.0631 0.0397 0.0353 0.0213 0.0222 0.3396 0.2258 0.0330 
     D237228  2 0.0091 0.0581 0.0820 0.0142 0.0369 0.0203 0.0460 0.0125 0.1165 0.5521 0.0522 
     D237258  2 0.0760 0.1283 0.1248 0.1364 0.1420 0.0963 0.0807 0.0540 0.0553 0.0711 0.0350 
     D237310  2 0.0118 0.0163 0.0525 0.0182 0.0319 0.0193 0.0678 0.0254 0.0377 0.5650 0.1542 
     D237311  2 0.0105 0.0197 0.0289 0.0222 0.1375 0.0200 0.0389 0.0147 0.0200 0.6471 0.0405 
     D237312  2 0.0197 0.0202 0.0626 0.0590 0.0185 0.0399 0.1868 0.0529 0.0352 0.2284 0.2767 
     D237313  2 0.0719 0.0738 0.1419 0.0355 0.0244 0.2665 0.0362 0.0593 0.0550 0.1538 0.0819 
     D237322  2 0.0262 0.1817 0.2733 0.0440 0.0404 0.0528 0.0701 0.0815 0.0686 0.1005 0.0609 
     D237323  2 0.0130 0.0505 0.0396 0.0559 0.0229 0.0161 0.0393 0.0193 0.1319 0.5696 0.0419 
     D237324  2 0.0534 0.0671 0.3920 0.1974 0.1068 0.0244 0.0217 0.0398 0.0133 0.0512 0.0327 
     D237325  2 0.0192 0.0286 0.0676 0.0620 0.0474 0.0257 0.0653 0.0468 0.0683 0.4033 0.1657 
     D237326  2 0.0351 0.0285 0.0257 0.0270 0.0310 0.0147 0.0252 0.0310 0.0359 0.7247 0.0212 
     D237327  2 0.0462 0.3271 0.1936 0.0733 0.0709 0.0238 0.0239 0.0904 0.0336 0.0260 0.0912 
     D237337  2 0.0169 0.0192 0.0223 0.0167 0.0112 0.0174 0.0266 0.0161 0.0217 0.8072 0.0246 
     D237338  2 0.0352 0.0885 0.1134 0.1094 0.0583 0.0543 0.0307 0.0786 0.1247 0.2140 0.0930 
     D237339  2 0.0220 0.0625 0.0558 0.0191 0.1303 0.0215 0.0444 0.5867 0.0154 0.0208 0.0216 
     D237340  2 0.0152 0.0448 0.0558 0.0404 0.1654 0.0183 0.0967 0.0316 0.1068 0.3667 0.0581 
     D237389  2 0.0174 0.0165 0.0380 0.0254 0.0740 0.0210 0.1334 0.0244 0.0228 0.5581 0.0690 
     D237390  2 0.0268 0.0527 0.0710 0.0423 0.0185 0.0332 0.1345 0.0329 0.0467 0.3957 0.1456 
     D244017  2 0.0170 0.0366 0.0813 0.0477 0.3536 0.0159 0.2619 0.0148 0.1273 0.0297 0.0140 
     D244112  2 0.0161 0.0111 0.0226 0.0248 0.8043 0.0115 0.0388 0.0126 0.0180 0.0132 0.0269 
     D244118  2 0.0107 0.0245 0.0214 0.1726 0.6393 0.0086 0.0331 0.0239 0.0185 0.0360 0.0116 
     D244119  2 0.0179 0.0202 0.0247 0.0144 0.2521 0.0192 0.0214 0.0099 0.5827 0.0232 0.0143 
     D244120  2 0.0101 0.0720 0.0377 0.0205 0.3271 0.0181 0.2829 0.0407 0.0341 0.0296 0.1271 
     D244122  2 0.0210 0.0184 0.0416 0.0339 0.6287 0.0585 0.0853 0.0299 0.0242 0.0216 0.0370 
        D291  2 0.0590 0.4479 0.0880 0.1081 0.0362 0.1202 0.0450 0.0211 0.0120 0.0303 0.0323 
        D292  2 0.1707 0.2278 0.0742 0.0256 0.2244 0.0199 0.0662 0.0301 0.0615 0.0732 0.0264 
        D293  2 0.0758 0.0840 0.0869 0.0120 0.5360 0.0159 0.0145 0.1241 0.0163 0.0120 0.0225 
        D322  2 0.0732 0.0384 0.0688 0.0363 0.4346 0.0183 0.0174 0.2293 0.0185 0.0399 0.0254 
        D323  2 0.0230 0.0291 0.0694 0.0172 0.0820 0.5642 0.0800 0.0428 0.0274 0.0297 0.0353 
        D324  2 0.1004 0.3166 0.1273 0.0621 0.0304 0.0799 0.0231 0.0329 0.0567 0.1142 0.0564 
        D325  2 0.0335 0.0643 0.0286 0.0203 0.7181 0.0140 0.0122 0.0294 0.0109 0.0146 0.0541 
        D326  2 0.8356 0.0189 0.0211 0.0121 0.0152 0.0198 0.0127 0.0132 0.0266 0.0099 0.0148 
        D340  2 0.0205 0.0239 0.0224 0.0159 0.7994 0.0162 0.0133 0.0250 0.0187 0.0173 0.0274 
        D341  2 0.0335 0.0531 0.0549 0.0258 0.4300 0.0562 0.0270 0.0374 0.0368 0.0375 0.2078 
        D342  2 0.0234 0.0214 0.0907 0.0857 0.4902 0.0571 0.0409 0.0198 0.0155 0.0544 0.1010 
        D343  2 0.0158 0.0142 0.0142 0.0109 0.8774 0.0094 0.0080 0.0143 0.0099 0.0089 0.0169 
        D344  2 0.0813 0.0224 0.0860 0.0135 0.0450 0.0318 0.2060 0.3915 0.0160 0.0651 0.0415 
        D345  2 0.0665 0.0479 0.1323 0.0513 0.0442 0.0793 0.0286 0.3136 0.0255 0.1943 0.0165 
        D346  2 0.0422 0.0328 0.0385 0.0203 0.0366 0.4194 0.0283 0.0300 0.2715 0.0230 0.0575 
        D351  2 0.1899 0.2135 0.1784 0.0439 0.0389 0.0486 0.0351 0.0972 0.0202 0.0727 0.0615 
        D352  2 0.0154 0.0434 0.0715 0.0181 0.0327 0.0237 0.0292 0.6491 0.0446 0.0466 0.0255 
        D353  2 0.1218 0.0308 0.6185 0.0156 0.0193 0.0254 0.0301 0.0758 0.0126 0.0165 0.0336 
        D354  2 0.0607 0.0171 0.0314 0.0140 0.0116 0.0255 0.0340 0.7168 0.0331 0.0366 0.0193 
        D362  2 0.7319 0.0156 0.0253 0.0571 0.0301 0.0270 0.0298 0.0200 0.0242 0.0256 0.0135 
        D363  2 0.7730 0.0166 0.0301 0.0270 0.0179 0.0337 0.0188 0.0221 0.0244 0.0237 0.0126 
        D364  2 0.2651 0.0214 0.0587 0.0203 0.0255 0.0403 0.0483 0.4161 0.0254 0.0475 0.0315 
        D365  2 0.0235 0.0157 0.0178 0.0086 0.8299 0.0117 0.0109 0.0325 0.0196 0.0146 0.0152 
        D369  2 0.1621 0.1225 0.0807 0.0365 0.0926 0.1445 0.0281 0.0216 0.1558 0.1126 0.0430 
        D374  2 0.0133 0.0134 0.0176 0.0090 0.0122 0.0198 0.7711 0.0147 0.0978 0.0178 0.0133 
        D375  2 0.0162 0.0104 0.0436 0.0160 0.0147 0.0258 0.0471 0.7676 0.0150 0.0157 0.0280 
        D376  2 0.0183 0.0250 0.0472 0.0165 0.0332 0.0226 0.4193 0.0659 0.2670 0.0380 0.0470 
        D377  2 0.0200 0.0305 0.0658 0.0302 0.0358 0.4764 0.0773 0.0277 0.0490 0.1319 0.0554 
        D378  2 0.0755 0.0465 0.1106 0.0990 0.2152 0.0904 0.0136 0.2664 0.0269 0.0241 0.0318 
        D379  2 0.4608 0.0258 0.0952 0.0202 0.0198 0.1972 0.0266 0.0460 0.0229 0.0260 0.0595 
        D384  2 0.8079 0.0144 0.0174 0.0110 0.0138 0.0386 0.0123 0.0156 0.0390 0.0153 0.0146 
        D385  2 0.0217 0.0193 0.0305 0.0108 0.6497 0.0336 0.0246 0.1266 0.0321 0.0181 0.0329 
        D386  2 0.0424 0.0256 0.0801 0.0616 0.0830 0.0505 0.0333 0.5455 0.0183 0.0300 0.0295 
        D391  2 0.0228 0.0248 0.0236 0.0129 0.6612 0.0437 0.0149 0.1403 0.0158 0.0206 0.0195 
        D392  2 0.0538 0.0305 0.0407 0.0337 0.5419 0.0369 0.0341 0.0288 0.0444 0.1376 0.0175 
        D393  2 0.1471 0.1238 0.0564 0.0363 0.0647 0.1361 0.0141 0.3164 0.0188 0.0432 0.0433 
        D394  2 0.0808 0.0408 0.1142 0.1717 0.0803 0.0237 0.0745 0.1674 0.0325 0.1496 0.0642 
        D395  2 0.0156 0.0338 0.0711 0.0213 0.3498 0.0223 0.0329 0.3737 0.0182 0.0243 0.0369 
        D401  2 0.0153 0.0187 0.0224 0.0109 0.0221 0.0528 0.0265 0.0101 0.0180 0.7845 0.0189 
        D402  2 0.0204 0.0426 0.0267 0.0137 0.6543 0.0562 0.0237 0.0929 0.0174 0.0260 0.0262 
        D403  2 0.2014 0.0309 0.3478 0.0595 0.0242 0.0448 0.0703 0.1034 0.0196 0.0301 0.0678 
        D415  2 0.5111 0.0160 0.1474 0.0315 0.0172 0.0281 0.0155 0.0248 0.0150 0.1103 0.0830 
        D435  2 0.6141 0.0331 0.0373 0.0218 0.1007 0.0180 0.0156 0.0506 0.0115 0.0463 0.0510 
        D436  2 0.0832 0.0361 0.0817 0.0264 0.0320 0.0188 0.1617 0.3404 0.0570 0.0370 0.1256 
        D438  2 0.0107 0.0126 0.0173 0.0114 0.8414 0.0270 0.0130 0.0131 0.0223 0.0120 0.0192 
        D439  2 0.0427 0.0276 0.0670 0.0345 0.0394 0.0424 0.0149 0.6708 0.0120 0.0314 0.0172 
        D449  2 0.0906 0.0174 0.0881 0.0208 0.5260 0.0392 0.0203 0.0274 0.0194 0.0314 0.1194 
        D450  2 0.0837 0.0567 0.1538 0.0478 0.0178 0.0786 0.0492 0.2457 0.1053 0.0360 0.1254 
        D456  2 0.8095 0.0254 0.0219 0.0153 0.0105 0.0290 0.0125 0.0240 0.0196 0.0144 0.0180 
        D462  2 0.0356 0.0289 0.0207 0.0186 0.7087 0.0162 0.0153 0.1083 0.0131 0.0141 0.0204 
        D463  2 0.7878 0.0138 0.0360 0.0106 0.0098 0.0276 0.0198 0.0263 0.0310 0.0188 0.0185 
        D464  2 0.0458 0.0171 0.2739 0.0183 0.0808 0.0380 0.1005 0.3058 0.0309 0.0285 0.0606 
        D465  2 0.1443 0.0279 0.0720 0.0252 0.4157 0.0707 0.0367 0.0219 0.0195 0.1144 0.0517 
        D473  2 0.0229 0.0451 0.0497 0.0652 0.0323 0.0536 0.0386 0.0705 0.4807 0.1083 0.0331 
        D474  2 0.5578 0.1335 0.0406 0.0405 0.0433 0.0267 0.0110 0.0369 0.0450 0.0309 0.0337 
        D476  2 0.0141 0.0227 0.0222 0.2817 0.0281 0.0130 0.0129 0.5681 0.0127 0.0123 0.0122 
        D477  2 0.1971 0.0706 0.0716 0.0202 0.0200 0.1324 0.0221 0.2695 0.0407 0.1098 0.0461 
        D478  2 0.0355 0.0494 0.1836 0.3276 0.0569 0.0316 0.0881 0.0765 0.0860 0.0291 0.0356 
        D480  2 0.1236 0.0792 0.0684 0.0180 0.0588 0.0991 0.0289 0.2679 0.1455 0.0192 0.0914 
        D481  2 0.2524 0.0446 0.1044 0.1067 0.0540 0.0449 0.0358 0.1829 0.0849 0.0708 0.0185 
        D482  2 0.0171 0.1846 0.1325 0.0559 0.0271 0.0684 0.0550 0.2537 0.0873 0.0730 0.0454 
        D483  2 0.0152 0.0161 0.0222 0.0216 0.8055 0.0128 0.0173 0.0116 0.0483 0.0175 0.0120 
        D484  2 0.0104 0.0200 0.0237 0.0171 0.0247 0.0172 0.0923 0.7376 0.0193 0.0206 0.0171 
        D510  2 0.0196 0.1639 0.0447 0.0162 0.0214 0.0350 0.2888 0.0220 0.3172 0.0297 0.0413 
        D511  2 0.0429 0.0303 0.0310 0.0369 0.0459 0.0439 0.0169 0.6998 0.0163 0.0187 0.0173 
        D512  2 0.0192 0.0266 0.0727 0.0261 0.1147 0.0573 0.0519 0.0207 0.0137 0.4990 0.0980 
        D513  2 0.0631 0.0653 0.0792 0.0254 0.4122 0.1158 0.0416 0.0175 0.0545 0.0509 0.0743 
        D635  2 0.2176 0.0282 0.0648 0.5038 0.0347 0.0452 0.0153 0.0210 0.0270 0.0212 0.0213 
        D636  2 0.0243 0.0096 0.0148 0.8110 0.0140 0.0425 0.0111 0.0162 0.0192 0.0269 0.0105 
        D637  2 0.0214 0.0421 0.1089 0.0245 0.1297 0.1167 0.0594 0.2478 0.0564 0.0539 0.1392 
        D658  2 0.0186 0.0400 0.0472 0.0194 0.4069 0.0189 0.0597 0.1887 0.0749 0.0565 0.0692 
        D659  2 0.5911 0.0704 0.0542 0.0554 0.0194 0.0272 0.0266 0.0637 0.0259 0.0153 0.0509 
        D677  2 0.1485 0.0707 0.0759 0.0822 0.0477 0.1299 0.0852 0.0324 0.0179 0.0709 0.2387 
        D678  2 0.0204 0.0179 0.0709 0.0304 0.6202 0.0485 0.0984 0.0196 0.0136 0.0248 0.0353 
        D679  2 0.2075 0.0774 0.1137 0.0301 0.0380 0.3369 0.0206 0.0543 0.0450 0.0266 0.0499 
        D719  2 0.1170 0.1195 0.0693 0.0095 0.1445 0.0331 0.0277 0.0414 0.3358 0.0835 0.0189 
        D720  2 0.6873 0.0275 0.0367 0.0247 0.0216 0.0482 0.0197 0.0193 0.0655 0.0249 0.0246 
        D721  2 0.0402 0.0167 0.0445 0.6870 0.0657 0.0285 0.0101 0.0282 0.0332 0.0153 0.0307 
        D722  2 0.0163 0.0273 0.0373 0.0145 0.0328 0.0404 0.6966 0.0197 0.0620 0.0371 0.0160 
        D734  2 0.0166 0.0410 0.0399 0.0121 0.0456 0.0243 0.0266 0.6353 0.1080 0.0137 0.0370 
        D735  2 0.1083 0.0376 0.1087 0.0328 0.0554 0.3133 0.0247 0.0917 0.0940 0.0834 0.0500 
        D736  2 0.0488 0.3069 0.0704 0.0321 0.0718 0.0304 0.0322 0.0507 0.2337 0.0593 0.0637 
        D737  2 0.0142 0.0647 0.0621 0.0464 0.5672 0.0166 0.0484 0.0802 0.0321 0.0447 0.0235 
        D807  2 0.1119 0.1970 0.0627 0.0378 0.0348 0.0723 0.0452 0.1104 0.1774 0.0914 0.0591 
        D808  2 0.0592 0.0661 0.1996 0.0718 0.0802 0.0236 0.0414 0.0727 0.0375 0.2472 0.1008 
        D817  2 0.0667 0.0319 0.0501 0.0202 0.0157 0.6552 0.0392 0.0419 0.0156 0.0453 0.0182 
        D818  2 0.0434 0.1219 0.1817 0.1471 0.2005 0.0447 0.0285 0.0349 0.0273 0.0161 0.1539 
        D819  2 0.0574 0.0237 0.0610 0.0314 0.0155 0.5438 0.0305 0.0243 0.0282 0.1627 0.0216 
        D820  2 0.5410 0.0923 0.0430 0.0203 0.0329 0.0173 0.0206 0.1465 0.0196 0.0167 0.0498 
        D895  2 0.3009 0.0303 0.1358 0.0998 0.0508 0.1548 0.0364 0.0695 0.0391 0.0433 0.0392 
        D896  2 0.0141 0.0144 0.0135 0.0133 0.0086 0.0123 0.0205 0.0113 0.0179 0.8572 0.0170 
        D897  2 0.0236 0.0338 0.1098 0.0224 0.4457 0.0591 0.0253 0.0374 0.0273 0.0330 0.1826 
        D898  2 0.0361 0.1012 0.1657 0.0438 0.0302 0.1100 0.0818 0.0548 0.0332 0.2719 0.0713 
        D918  2 0.0251 0.0531 0.1948 0.0872 0.0526 0.0635 0.0361 0.0742 0.0524 0.1266 0.2343 
        D919  2 0.0956 0.0998 0.0883 0.0389 0.0988 0.0212 0.0745 0.4191 0.0165 0.0241 0.0232 
        D920  2 0.0326 0.0269 0.0481 0.5862 0.0330 0.0197 0.0552 0.0286 0.0833 0.0454 0.0411 
        D923  2 0.5530 0.0270 0.0531 0.0203 0.0324 0.0394 0.0384 0.1589 0.0230 0.0283 0.0264 
        D930  2 0.1504 0.0529 0.1524 0.0197 0.0310 0.1185 0.0471 0.1394 0.0904 0.0769 0.1213 
        D931  2 0.2763 0.0508 0.0588 0.0301 0.1078 0.0442 0.0388 0.2845 0.0306 0.0373 0.0407 
        D968  2 0.0175 0.0823 0.0294 0.0108 0.7418 0.0202 0.0207 0.0296 0.0148 0.0207 0.0121 
        D969  2 0.1844 0.1744 0.1054 0.0346 0.2084 0.0400 0.0403 0.0524 0.0703 0.0534 0.0365 
        D977  2 0.0224 0.0291 0.0345 0.0211 0.6923 0.0303 0.0240 0.0293 0.0221 0.0168 0.0782 
        D978  2 0.0160 0.1353 0.0996 0.0192 0.1044 0.3500 0.0426 0.0244 0.0227 0.0141 0.1716 
        D211  3 0.0479 0.0296 0.0445 0.5282 0.0173 0.1016 0.0141 0.0272 0.0287 0.0143 0.1465 
     D229639  3 0.0550 0.5427 0.0624 0.0270 0.0567 0.0307 0.0541 0.0224 0.0842 0.0395 0.0251 
     D237212  3 0.0662 0.1940 0.0754 0.0579 0.0398 0.1018 0.0216 0.2491 0.0229 0.0473 0.1240 
     D237213  3 0.0287 0.0294 0.0702 0.0481 0.0227 0.4434 0.0438 0.0694 0.0142 0.1369 0.0932 
     D237214  3 0.0239 0.0119 0.0397 0.8144 0.0107 0.0109 0.0148 0.0144 0.0212 0.0167 0.0213 
     D237215  3 0.0128 0.0928 0.0455 0.0158 0.4382 0.0444 0.2206 0.0143 0.0764 0.0254 0.0140 
     D237216  3 0.0355 0.0371 0.5650 0.0795 0.0207 0.0707 0.0250 0.0374 0.0218 0.0282 0.0792 
     D237217  3 0.0629 0.0640 0.2783 0.3056 0.0263 0.0334 0.0170 0.0254 0.0177 0.0637 0.1055 
     D237218  3 0.0291 0.2400 0.0675 0.0226 0.0290 0.0491 0.0133 0.1537 0.0616 0.0224 0.3116 
     D237219  3 0.0296 0.0940 0.0799 0.0789 0.0201 0.3518 0.0248 0.0127 0.0805 0.1581 0.0695 
     D237382  3 0.0806 0.0317 0.0820 0.0309 0.0427 0.0545 0.2384 0.0343 0.1300 0.1546 0.1202 
     D244127  3 0.0156 0.0919 0.1050 0.0395 0.0577 0.0721 0.0314 0.0249 0.0155 0.5044 0.0420 
     D244129  3 0.0629 0.0636 0.1618 0.1188 0.0564 0.0932 0.0397 0.0944 0.0393 0.2015 0.0683 
     D244133  3 0.0366 0.0176 0.0284 0.0263 0.0532 0.6663 0.0316 0.0108 0.0723 0.0303 0.0265 
     D244134  3 0.0249 0.3762 0.0511 0.0383 0.0204 0.1624 0.0136 0.0183 0.2020 0.0692 0.0236 
     D244135  3 0.0331 0.0209 0.0350 0.7020 0.0373 0.0590 0.0167 0.0243 0.0167 0.0170 0.0378 
     D244136  3 0.1306 0.0467 0.0820 0.0367 0.0635 0.3371 0.0674 0.0259 0.1345 0.0338 0.0420 
        D416  3 0.0773 0.0424 0.1427 0.0739 0.1307 0.2372 0.0160 0.0341 0.0245 0.0627 0.1585 
        D417  3 0.5669 0.0159 0.0394 0.0246 0.0170 0.0301 0.0351 0.0201 0.0269 0.0411 0.1828 
        D419  3 0.0709 0.1646 0.1168 0.0582 0.0572 0.1780 0.0282 0.0338 0.0589 0.1179 0.1155 
        D565  3 0.0493 0.0611 0.0298 0.0181 0.0130 0.0511 0.0197 0.0151 0.7132 0.0188 0.0111 
        D566  3 0.0656 0.2856 0.0504 0.0311 0.0557 0.1245 0.0741 0.0160 0.2075 0.0551 0.0344 
        D567  3 0.4590 0.0214 0.0630 0.0911 0.0443 0.0711 0.0415 0.0700 0.0221 0.0857 0.0308 
        D568  3 0.0798 0.0756 0.1238 0.0987 0.1176 0.0464 0.0437 0.1831 0.0192 0.1009 0.1113 
        D569  3 0.0208 0.0584 0.0676 0.0905 0.0899 0.0473 0.0946 0.4377 0.0335 0.0199 0.0398 
        D573  3 0.1368 0.4219 0.0680 0.0136 0.1815 0.0261 0.0180 0.0387 0.0277 0.0367 0.0311 
        D574  3 0.0329 0.0805 0.1092 0.0415 0.0407 0.1168 0.1278 0.0363 0.3060 0.0468 0.0615 
        D575  3 0.0266 0.0254 0.0208 0.0272 0.0218 0.7671 0.0134 0.0168 0.0329 0.0317 0.0163 
        D576  3 0.0084 0.0518 0.0361 0.0403 0.4952 0.1164 0.1856 0.0150 0.0223 0.0128 0.0161 
        D577  3 0.3989 0.0289 0.0884 0.0910 0.0198 0.1839 0.0543 0.0383 0.0312 0.0216 0.0437 
        D578  3 0.0128 0.0161 0.0286 0.8133 0.0244 0.0151 0.0180 0.0133 0.0131 0.0268 0.0183 
        D579  3 0.1317 0.1398 0.0801 0.0401 0.0604 0.1091 0.0292 0.1219 0.1580 0.0431 0.0865 
        D660  3 0.0182 0.0286 0.0720 0.0532 0.4788 0.1403 0.0428 0.0326 0.0141 0.0444 0.0751 
        D661  3 0.0196 0.1183 0.0767 0.0310 0.1349 0.0213 0.0184 0.0590 0.0165 0.0265 0.4779 
        D663  3 0.0514 0.5015 0.1474 0.0315 0.0661 0.0445 0.0693 0.0280 0.0189 0.0166 0.0248 
        D664  3 0.0145 0.0417 0.0759 0.0947 0.1005 0.3469 0.0514 0.0175 0.0497 0.0706 0.1366 
        D665  3 0.0133 0.0491 0.2109 0.1680 0.0306 0.2033 0.0850 0.0896 0.0121 0.0774 0.0607 
        D666  3 0.0363 0.0343 0.0325 0.0285 0.0161 0.6047 0.0152 0.0173 0.0509 0.1267 0.0375 
        D009  4 0.1064 0.0403 0.1330 0.1571 0.0220 0.0279 0.0709 0.1275 0.0328 0.0729 0.2092 
        D057  4 0.0273 0.1077 0.0571 0.2542 0.1320 0.0113 0.0298 0.3073 0.0269 0.0143 0.0321 
        D109  4 0.0406 0.0260 0.1219 0.0640 0.0199 0.1212 0.0300 0.0330 0.0489 0.4353 0.0591 
     D237222  4 0.0237 0.0353 0.0419 0.5454 0.0261 0.0202 0.1247 0.0303 0.1000 0.0275 0.0248 
     D237223  4 0.0217 0.0682 0.1279 0.0742 0.0406 0.0270 0.0696 0.0397 0.0900 0.0932 0.3478 
     D237224  4 0.0875 0.1555 0.0991 0.0594 0.1697 0.0832 0.0360 0.1886 0.0259 0.0502 0.0448 
     D237225  4 0.1040 0.0705 0.2885 0.0742 0.0257 0.0541 0.0567 0.0849 0.0409 0.0394 0.1611 
     D237299  4 0.0160 0.0382 0.0652 0.0159 0.0174 0.0192 0.0229 0.0146 0.0322 0.0342 0.7241 
     D237300  4 0.0176 0.5617 0.0488 0.0157 0.0459 0.1354 0.0246 0.0204 0.0349 0.0197 0.0752 
     D237306  4 0.0768 0.0363 0.0588 0.0245 0.0216 0.0205 0.1512 0.0344 0.3157 0.1001 0.1598 
     D237307  4 0.2851 0.0478 0.0713 0.0311 0.0410 0.1743 0.0888 0.0143 0.1554 0.0345 0.0565 
     D237308  4 0.0275 0.0374 0.0788 0.0448 0.3902 0.0301 0.0517 0.1709 0.0593 0.0814 0.0278 
     D237309  4 0.1549 0.0459 0.2639 0.0945 0.0528 0.0398 0.0646 0.1023 0.0201 0.0837 0.0775 
     D237317  4 0.1424 0.0603 0.2176 0.0528 0.0254 0.0528 0.0748 0.0372 0.2594 0.0474 0.0299 
     D237318  4 0.0271 0.7083 0.0289 0.0137 0.0568 0.0611 0.0211 0.0136 0.0210 0.0166 0.0317 
     D237319  4 0.0445 0.0529 0.1599 0.0748 0.0442 0.0687 0.1443 0.0248 0.0392 0.1093 0.2375 
     D237320  4 0.0331 0.0840 0.0308 0.0619 0.0456 0.0253 0.0208 0.0194 0.0252 0.0708 0.5830 
     D237321  4 0.0565 0.4321 0.0770 0.0392 0.1211 0.0660 0.0413 0.0259 0.0433 0.0492 0.0485 
     D237397  4 0.0469 0.1318 0.0736 0.0418 0.0597 0.0468 0.1015 0.0185 0.1065 0.0593 0.3135 
     D237398  4 0.0471 0.5303 0.0691 0.0265 0.0318 0.0511 0.0211 0.0538 0.0156 0.0179 0.1358 
     D237399  4 0.0674 0.3540 0.0692 0.0787 0.0348 0.0251 0.0453 0.0438 0.1528 0.0575 0.0714 
     D244001  4 0.0340 0.0289 0.1138 0.3053 0.1330 0.0179 0.1987 0.0586 0.0240 0.0380 0.0476 
        D289  4 0.0532 0.1463 0.0865 0.0479 0.0661 0.0265 0.0278 0.2703 0.1845 0.0271 0.0638 
        D290  4 0.0587 0.1331 0.0758 0.0597 0.0324 0.0184 0.4186 0.0322 0.0240 0.0352 0.1120 
        D294  4 0.0709 0.0641 0.1657 0.0441 0.0264 0.0339 0.0674 0.2564 0.0283 0.0155 0.2274 
        D295  4 0.1997 0.0644 0.0956 0.0266 0.0236 0.0942 0.0951 0.0514 0.0519 0.1628 0.1348 
        D301  4 0.0136 0.1191 0.0562 0.4124 0.0345 0.0401 0.1577 0.0174 0.0491 0.0565 0.0433 
        D302  4 0.0428 0.0179 0.0437 0.0270 0.0170 0.0276 0.0496 0.7206 0.0136 0.0131 0.0269 
        D303  4 0.0341 0.0321 0.0463 0.0265 0.0564 0.0390 0.0526 0.0766 0.4785 0.0872 0.0707 
        D304  4 0.0693 0.2012 0.1282 0.0538 0.0322 0.0760 0.2440 0.0299 0.0591 0.0167 0.0898 
        D305  4 0.0211 0.0476 0.4064 0.0355 0.0930 0.0221 0.0668 0.2291 0.0113 0.0447 0.0225 
        D306  4 0.0333 0.0388 0.2136 0.0686 0.0206 0.0131 0.4556 0.0237 0.0268 0.0311 0.0748 
        D307  4 0.0138 0.0478 0.0318 0.6759 0.0228 0.0267 0.0226 0.0291 0.0788 0.0215 0.0292 
        D327  4 0.5285 0.0275 0.0652 0.0287 0.0498 0.0706 0.0516 0.0391 0.0568 0.0173 0.0648 
        D328  4 0.0212 0.0317 0.0609 0.0221 0.0223 0.0579 0.3266 0.2379 0.0844 0.0829 0.0522 
        D329  4 0.0479 0.0880 0.1826 0.0630 0.0926 0.0218 0.0546 0.2225 0.0538 0.0683 0.1051 
        D330  4 0.2150 0.0193 0.1221 0.0732 0.0686 0.0390 0.0931 0.0746 0.0158 0.1989 0.0803 
        D331  4 0.1007 0.2075 0.1115 0.0507 0.0284 0.0652 0.2479 0.0283 0.0615 0.0567 0.0417 
        D333  4 0.0594 0.1032 0.0834 0.0491 0.0648 0.0518 0.1851 0.1739 0.0644 0.0570 0.1079 
        D334  4 0.0640 0.0489 0.0548 0.0611 0.0152 0.0505 0.0268 0.0553 0.5511 0.0191 0.0532 
        D335  4 0.0966 0.0286 0.0613 0.0249 0.0446 0.0505 0.1739 0.4433 0.0274 0.0325 0.0165 
        D370  4 0.0299 0.0241 0.0396 0.0238 0.0312 0.0563 0.5134 0.0341 0.0300 0.2004 0.0172 
        D371  4 0.1505 0.0244 0.0433 0.0148 0.0308 0.1024 0.0563 0.0243 0.4996 0.0280 0.0256 
        D372  4 0.0119 0.4883 0.1624 0.0155 0.0526 0.0367 0.1219 0.0172 0.0266 0.0170 0.0499 
        D373  4 0.0324 0.0664 0.0467 0.5888 0.0678 0.0566 0.0222 0.0360 0.0192 0.0160 0.0477 
        D455  4 0.0264 0.0422 0.0272 0.7366 0.0224 0.0158 0.0215 0.0476 0.0239 0.0187 0.0177 
        D490  4 0.0243 0.0141 0.0215 0.7720 0.0117 0.0178 0.0214 0.0177 0.0193 0.0211 0.0593 
        D497  4 0.0122 0.0353 0.0566 0.6481 0.0160 0.0424 0.0336 0.0468 0.0148 0.0318 0.0625 
        D498  4 0.0534 0.1211 0.1062 0.0397 0.0267 0.0573 0.3235 0.0231 0.0500 0.1495 0.0495 
        D499  4 0.0196 0.0631 0.0944 0.0124 0.1653 0.1746 0.0323 0.1057 0.1105 0.0574 0.1646 
        D514  4 0.2292 0.0491 0.1188 0.0404 0.0192 0.0984 0.1882 0.1295 0.0155 0.0485 0.0632 
        D515  4 0.0346 0.0168 0.0638 0.0391 0.0200 0.0250 0.0833 0.0343 0.0206 0.0508 0.6119 
        D516  4 0.0838 0.0575 0.0675 0.0513 0.0551 0.3410 0.0538 0.0187 0.0404 0.1610 0.0698 
        D517  4 0.0565 0.0453 0.1958 0.4873 0.0272 0.0168 0.0236 0.0292 0.0201 0.0411 0.0571 
        D518  4 0.0214 0.0261 0.0451 0.1450 0.0350 0.0184 0.1133 0.4747 0.0571 0.0194 0.0445 
        D519  4 0.0269 0.0425 0.0300 0.0284 0.0200 0.0212 0.0133 0.0153 0.0207 0.0315 0.7503 
        D560  4 0.0517 0.0282 0.0268 0.0196 0.0280 0.0177 0.0318 0.0250 0.0136 0.0205 0.7372 
        D561  4 0.1176 0.0321 0.2845 0.1129 0.0800 0.0169 0.0295 0.0957 0.0166 0.0649 0.1492 
        D562  4 0.0347 0.0747 0.1070 0.3451 0.0458 0.0382 0.1123 0.0994 0.0404 0.0346 0.0679 
        D563  4 0.0219 0.0536 0.1045 0.0529 0.3709 0.0820 0.0355 0.1370 0.0194 0.0462 0.0761 
        D572  4 0.0534 0.0167 0.0437 0.0593 0.0356 0.0160 0.0644 0.6170 0.0281 0.0201 0.0456 
        D629  4 0.1391 0.0453 0.0576 0.2348 0.0166 0.3515 0.0153 0.0597 0.0183 0.0192 0.0428 
        D630  4 0.0757 0.0948 0.1057 0.1628 0.0316 0.0365 0.1418 0.0936 0.0526 0.0316 0.1732 
        D631  4 0.0200 0.0364 0.0443 0.0333 0.0742 0.0189 0.0277 0.6263 0.0225 0.0217 0.0748 
        D632  4 0.0524 0.0134 0.0626 0.2147 0.1531 0.0476 0.0254 0.2806 0.0162 0.1005 0.0335 
        D646  4 0.0973 0.0574 0.0695 0.0293 0.0356 0.0230 0.0439 0.0454 0.0201 0.2008 0.3776 
        D647  4 0.2776 0.0729 0.0743 0.0940 0.0635 0.0199 0.1081 0.0746 0.0131 0.1091 0.0930 
        D648  4 0.0129 0.0113 0.0297 0.0135 0.0179 0.0564 0.5266 0.2300 0.0291 0.0148 0.0578 
        D649  4 0.1878 0.0230 0.0574 0.0382 0.0140 0.0658 0.0184 0.2473 0.0188 0.2747 0.0546 
        D650  4 0.1261 0.0548 0.0738 0.0675 0.0212 0.0700 0.0378 0.0846 0.0867 0.0561 0.3214 
        D708  4 0.0337 0.0813 0.1154 0.0315 0.0233 0.1217 0.0687 0.2038 0.1458 0.0374 0.1373 
        D709  4 0.0182 0.0260 0.0946 0.0156 0.0253 0.0648 0.4393 0.0356 0.0295 0.2104 0.0408 
        D738  4 0.0786 0.0490 0.0531 0.0497 0.0153 0.0274 0.0457 0.0220 0.4729 0.1254 0.0609 
        D739  4 0.0259 0.0625 0.1090 0.2928 0.0219 0.0441 0.1811 0.0515 0.0278 0.0433 0.1401 
        D740  4 0.0188 0.0832 0.2142 0.0452 0.0434 0.0524 0.0187 0.0813 0.1714 0.1172 0.1541 
        D741  4 0.0797 0.0752 0.1155 0.0266 0.0621 0.0333 0.0377 0.0232 0.0129 0.0450 0.4888 
        D742  4 0.0299 0.1553 0.0929 0.0563 0.1701 0.0482 0.0369 0.0675 0.0893 0.0292 0.2245 
        D743  4 0.3122 0.0374 0.0339 0.0306 0.0369 0.0335 0.0191 0.3945 0.0232 0.0134 0.0653 
        D744  4 0.0163 0.0148 0.0257 0.0153 0.0194 0.0219 0.0107 0.8147 0.0175 0.0154 0.0281 
        D745  4 0.0149 0.0252 0.0304 0.0416 0.0129 0.0297 0.0148 0.0189 0.0157 0.0273 0.7686 
        D814  4 0.0274 0.0460 0.1755 0.0611 0.1847 0.0243 0.0833 0.0476 0.0231 0.0135 0.3134 
        D815  4 0.0696 0.0580 0.0755 0.0298 0.0345 0.0387 0.2013 0.3610 0.0276 0.0815 0.0223 
        D828  4 0.0114 0.0343 0.0417 0.0247 0.0393 0.0269 0.6510 0.0426 0.0409 0.0237 0.0636 
        D845  4 0.0126 0.8304 0.0165 0.0109 0.0153 0.0218 0.0114 0.0212 0.0272 0.0141 0.0186 
        D846  4 0.0910 0.0386 0.1127 0.1753 0.1583 0.0565 0.0587 0.2538 0.0099 0.0176 0.0277 
        D847  4 0.0800 0.1255 0.0960 0.2151 0.0419 0.0311 0.0278 0.0622 0.1261 0.0408 0.1535 
        D848  4 0.0136 0.1420 0.0349 0.6319 0.0598 0.0194 0.0204 0.0246 0.0168 0.0203 0.0162 
        D849  4 0.0352 0.0287 0.1277 0.2351 0.0325 0.0696 0.1135 0.0384 0.0193 0.0575 0.2424 
        D850  4 0.0999 0.2153 0.1680 0.1653 0.0294 0.0586 0.0174 0.0546 0.0848 0.0462 0.0604 
        D856  4 0.0361 0.0363 0.2770 0.0430 0.0230 0.0710 0.0756 0.0665 0.0429 0.2329 0.0958 
        D857  4 0.0097 0.0145 0.0282 0.0301 0.0625 0.0120 0.1934 0.0188 0.0228 0.5828 0.0252 
        D859  4 0.0537 0.1088 0.0682 0.0215 0.0332 0.0192 0.0572 0.4674 0.0225 0.0308 0.1176 
        D860  4 0.0714 0.2172 0.0581 0.0232 0.0810 0.0222 0.0316 0.0711 0.3815 0.0267 0.0159 
        D883  4 0.1957 0.0700 0.0868 0.1499 0.0291 0.0746 0.1428 0.0611 0.0570 0.0774 0.0556 
        D884  4 0.0442 0.0356 0.0494 0.0319 0.0134 0.0626 0.1146 0.0515 0.0351 0.1222 0.4394 
        D885  4 0.0667 0.1158 0.0567 0.0243 0.0418 0.0675 0.0133 0.0306 0.0231 0.0304 0.5298 
        D886  4 0.1148 0.0361 0.0612 0.2050 0.0475 0.0280 0.2300 0.0646 0.0226 0.1396 0.0505 
        D887  4 0.1187 0.2188 0.0917 0.0366 0.0836 0.0219 0.0596 0.0993 0.0414 0.0513 0.1771 
        D889  4 0.0316 0.5644 0.0777 0.0163 0.0106 0.0217 0.1350 0.0421 0.0178 0.0131 0.0698 
        D890  4 0.0240 0.0223 0.0670 0.0645 0.0596 0.4188 0.1098 0.0539 0.0706 0.0860 0.0235 
        D891  4 0.0128 0.8820 0.0128 0.0093 0.0137 0.0184 0.0095 0.0104 0.0097 0.0091 0.0124 
        D899  4 0.0259 0.1574 0.0686 0.0301 0.3673 0.0433 0.0711 0.0978 0.0731 0.0247 0.0407 
        D900  4 0.1019 0.0764 0.1487 0.1026 0.0679 0.0493 0.1221 0.1197 0.0603 0.0704 0.0806 
        D970  4 0.1169 0.1170 0.1118 0.0634 0.0532 0.0677 0.0283 0.3133 0.0471 0.0319 0.0493 
        D971  4 0.0418 0.0287 0.0725 0.0333 0.4112 0.0482 0.0596 0.1341 0.0599 0.0901 0.0206 
        D979  4 0.2253 0.0372 0.0707 0.0245 0.0331 0.0882 0.1458 0.2944 0.0326 0.0251 0.0231 
        D093  5 0.0333 0.0456 0.0366 0.0195 0.0201 0.0292 0.0351 0.0195 0.6753 0.0268 0.0590 
        D154  5 0.0199 0.0669 0.1127 0.0166 0.0990 0.3160 0.0844 0.0284 0.0326 0.0209 0.2024 
        D168  5 0.0474 0.0753 0.1078 0.0625 0.1353 0.2920 0.0523 0.0358 0.0131 0.0440 0.1344 
        D189  5 0.0442 0.1863 0.0801 0.0211 0.0238 0.0264 0.1815 0.0273 0.3052 0.0260 0.0780 
        D190  5 0.0219 0.0291 0.0213 0.0145 0.0252 0.2149 0.0416 0.0421 0.5164 0.0298 0.0430 
     D237220  5 0.0227 0.2310 0.0899 0.1466 0.0186 0.0184 0.0330 0.0501 0.1207 0.1036 0.1655 
     D237221  5 0.0533 0.1706 0.0613 0.0291 0.0706 0.1623 0.0322 0.0702 0.2226 0.0653 0.0624 
     D237274  5 0.2496 0.0273 0.1072 0.0257 0.0600 0.0251 0.1133 0.2302 0.0137 0.1033 0.0446 
     D237275  5 0.0164 0.1039 0.0776 0.0195 0.4598 0.0473 0.1446 0.0153 0.0226 0.0582 0.0349 
     D237276  5 0.0755 0.0311 0.0704 0.0477 0.0263 0.0787 0.1165 0.0481 0.1588 0.1047 0.2422 
     D237277  5 0.0226 0.0909 0.0308 0.0138 0.0496 0.2233 0.0309 0.0552 0.4008 0.0347 0.0474 
     D237278  5 0.0553 0.0227 0.0868 0.0645 0.2885 0.0237 0.0390 0.0685 0.1783 0.0825 0.0901 
     D237279  5 0.0462 0.0244 0.2260 0.1104 0.0217 0.1339 0.0137 0.1013 0.0188 0.2704 0.0333 
     D237280  5 0.0721 0.0236 0.1463 0.0941 0.0213 0.1635 0.0415 0.0616 0.0773 0.2656 0.0330 
     D237281  5 0.0438 0.4981 0.0566 0.0104 0.2314 0.0161 0.0237 0.0332 0.0225 0.0285 0.0358 
     D237351  5 0.0129 0.0257 0.0277 0.0224 0.0159 0.2298 0.0142 0.0228 0.0485 0.5121 0.0680 
     D237352  5 0.0387 0.0292 0.0549 0.2538 0.0707 0.1683 0.0903 0.2041 0.0363 0.0301 0.0237 
     D237353  5 0.0144 0.0483 0.0294 0.0118 0.0173 0.2597 0.0297 0.0319 0.4685 0.0712 0.0177 
     D237359  5 0.0338 0.2908 0.0772 0.1173 0.0223 0.0381 0.0292 0.0413 0.0496 0.0292 0.2712 
     D237361  5 0.0236 0.0262 0.0326 0.0132 0.0180 0.0356 0.0368 0.0144 0.7264 0.0546 0.0186 
     D237362  5 0.0260 0.0207 0.0217 0.0144 0.0158 0.8090 0.0145 0.0205 0.0159 0.0175 0.0241 
     D237363  5 0.0265 0.0441 0.4931 0.0217 0.0743 0.1701 0.0344 0.0181 0.0346 0.0385 0.0445 
     D237364  5 0.0466 0.0424 0.0774 0.0402 0.0614 0.0388 0.0366 0.0681 0.0115 0.0335 0.5436 
     D237376  5 0.0120 0.0246 0.0259 0.0152 0.0193 0.0220 0.7212 0.0475 0.0540 0.0218 0.0366 
     D237377  5 0.0667 0.0295 0.1123 0.0298 0.0405 0.2183 0.0182 0.0395 0.1179 0.3096 0.0176 
     D237378  5 0.0209 0.0839 0.0576 0.0340 0.0657 0.0796 0.1566 0.0575 0.3587 0.0253 0.0603 
     D237379  5 0.0277 0.0487 0.1115 0.0397 0.0390 0.0360 0.1263 0.2060 0.1833 0.0314 0.1505 
     D237380  5 0.0136 0.0133 0.0450 0.0221 0.0141 0.0137 0.2795 0.0670 0.0354 0.4716 0.0247 
     D237381  5 0.0256 0.0454 0.0961 0.1866 0.0521 0.0368 0.1451 0.0852 0.0517 0.2428 0.0327 
     D237391  5 0.0257 0.0325 0.0313 0.0155 0.0135 0.0333 0.0093 0.0235 0.7583 0.0215 0.0358 
     D237392  5 0.1920 0.0299 0.1092 0.0311 0.1588 0.0951 0.1325 0.0854 0.0221 0.0997 0.0442 
     D237393  5 0.3530 0.0635 0.0655 0.0457 0.0510 0.0315 0.0756 0.0453 0.1563 0.0915 0.0210 
