        D174  1 0.7901 0.0597 0.1502 
        D199  1 0.5058 0.3529 0.1413 
        D203  1 0.3947 0.3857 0.2196 
        D204  1 0.6230 0.1516 0.2254 
     D237366  1 0.2079 0.2184 0.5738 
     D237367  1 0.2001 0.1438 0.6560 
     D237368  1 0.2385 0.1704 0.5911 
     D244101  1 0.2604 0.6216 0.1181 
     D244102  1 0.4978 0.2304 0.2718 
     D244103  1 0.2385 0.0796 0.6819 
     D244104  1 0.5145 0.2169 0.2686 
     D244105  1 0.0789 0.0655 0.8556 
     D244106  1 0.5679 0.3213 0.1108 
     D244107  1 0.0483 0.0713 0.8804 
     D244108  1 0.7749 0.0759 0.1492 
     D244113  1 0.8353 0.0977 0.0670 
     D244114  1 0.2496 0.4730 0.2774 
     D244115  1 0.5487 0.0877 0.3636 
     D267365  1 0.7623 0.1288 0.1088 
        D404  1 0.7772 0.1224 0.1004 
        D405  1 0.5739 0.2312 0.1949 
        D406  1 0.1625 0.0389 0.7987 
        D407  1 0.1777 0.0933 0.7291 
        D408  1 0.6667 0.2216 0.1117 
        D409  1 0.1229 0.0910 0.7861 
        D410  1 0.1015 0.0268 0.8717 
        D421  1 0.4523 0.1673 0.3804 
        D422  1 0.0314 0.0379 0.9307 
        D423  1 0.0405 0.0344 0.9251 
        D424  1 0.2798 0.0454 0.6747 
        D425  1 0.7893 0.0990 0.1117 
        D426  1 0.0762 0.1798 0.7440 
        D427  1 0.1857 0.7249 0.0894 
        D428  1 0.5446 0.1271 0.3283 
        D429  1 0.5954 0.1497 0.2549 
        D430  1 0.2563 0.4793 0.2644 
        D491  1 0.8855 0.0489 0.0657 
        D492  1 0.4803 0.1158 0.4039 
        D537  1 0.5755 0.0554 0.3691 
        D538  1 0.3570 0.2478 0.3952 
        D539  1 0.4534 0.3571 0.1895 
        D540  1 0.3884 0.1325 0.4791 
        D541  1 0.4412 0.1341 0.4247 
        D551  1 0.0940 0.5894 0.3166 
        D552  1 0.4850 0.1227 0.3924 
        D553  1 0.4498 0.0880 0.4622 
        D615  1 0.4161 0.2350 0.3489 
        D616  1 0.2667 0.2580 0.4752 
        D621  1 0.3214 0.0976 0.5810 
        D622  1 0.1362 0.0695 0.7943 
        D623  1 0.5769 0.3520 0.0711 
        D624  1 0.8364 0.0767 0.0869 
        D625  1 0.6874 0.0589 0.2537 
        D626  1 0.5712 0.1478 0.2810 
        D627  1 0.0937 0.1475 0.7588 
        D690  1 0.6252 0.0411 0.3337 
        D691  1 0.1556 0.0713 0.7731 
        D710  1 0.4390 0.2554 0.3056 
        D711  1 0.5299 0.1328 0.3373 
        D712  1 0.7898 0.1231 0.0871 
        D713  1 0.8425 0.0534 0.1041 
        D746  1 0.0809 0.0583 0.8608 
        D747  1 0.5229 0.1976 0.2795 
        D748  1 0.4069 0.0725 0.5206 
        D749  1 0.1769 0.2163 0.6068 
        D750  1 0.7635 0.0735 0.1631 
        D763  1 0.1427 0.6126 0.2447 
        D764  1 0.6691 0.0410 0.2899 
        D765  1 0.3071 0.0566 0.6363 
        D766  1 0.3881 0.0496 0.5622 
        D767  1 0.3827 0.2689 0.3484 
        D768  1 0.3351 0.0882 0.5767 
        D811  1 0.7032 0.1256 0.1713 
        D816  1 0.7065 0.0667 0.2267 
        D825  1 0.6766 0.0669 0.2565 
        D866  1 0.3179 0.5753 0.1068 
        D867  1 0.0605 0.0631 0.8764 
        D871  1 0.1813 0.1028 0.7158 
        D872  1 0.6705 0.1040 0.2256 
        D873  1 0.0361 0.0320 0.9319 
        D874  1 0.7806 0.1578 0.0617 
        D875  1 0.0848 0.0505 0.8647 
        D876  1 0.7680 0.0800 0.1520 
        D877  1 0.8714 0.0750 0.0535 
        D892  1 0.7571 0.0569 0.1860 
        D893  1 0.3194 0.2191 0.4615 
        D894  1 0.4380 0.1566 0.4054 
        D915  1 0.5220 0.0860 0.3920 
        D916  1 0.5234 0.0797 0.3969 
        D917  1 0.6907 0.2157 0.0936 
        D925  1 0.2681 0.0545 0.6774 
        D926  1 0.5133 0.1006 0.3862 
        D927  1 0.2821 0.5875 0.1304 
        D928  1 0.9340 0.0318 0.0342 
        D929  1 0.5973 0.1673 0.2353 
        D936  1 0.4048 0.4084 0.1868 
        D938  1 0.0725 0.0381 0.8894 
        D956  1 0.6688 0.1813 0.1499 
        D957  1 0.5195 0.1013 0.3791 
        D958  1 0.7891 0.0375 0.1735 
        D959  1 0.1219 0.0621 0.8160 
        D960  1 0.1146 0.0444 0.8410 
        D989  1 0.5708 0.3429 0.0863 
        D990  1 0.0540 0.1330 0.8130 
        D023  2 0.0901 0.0521 0.8578 
        D130  2 0.0966 0.0554 0.8480 
        D131  2 0.2323 0.2452 0.5225 
        D163  2 0.0743 0.0552 0.8705 
        D164  2 0.0339 0.4873 0.4788 
        D165  2 0.0469 0.0670 0.8861 
        D166  2 0.2334 0.3359 0.4307 
        D167  2 0.0644 0.8991 0.0365 
        D192  2 0.0330 0.9338 0.0332 
        D193  2 0.6480 0.1629 0.1891 
        D206  2 0.2253 0.2348 0.5399 
        D207  2 0.1204 0.7644 0.1152 
        D208  2 0.3761 0.5145 0.1095 
        D209  2 0.0733 0.6559 0.2708 
        D210  2 0.4513 0.4449 0.1038 
     D229599  2 0.3317 0.3754 0.2929 
     D229600  2 0.0696 0.4771 0.4533 
     D237227  2 0.4125 0.2889 0.2985 
     D237228  2 0.3127 0.2160 0.4713 
     D237258  2 0.2602 0.4454 0.2944 
     D237310  2 0.1505 0.1844 0.6651 
     D237311  2 0.1287 0.3421 0.5292 
     D237312  2 0.3867 0.1109 0.5023 
     D237313  2 0.6013 0.1224 0.2763 
     D237322  2 0.2065 0.6143 0.1792 
     D237323  2 0.2915 0.1525 0.5560 
     D237324  2 0.0473 0.4267 0.5260 
     D237325  2 0.3704 0.1369 0.4927 
     D237326  2 0.3651 0.0781 0.5568 
     D237327  2 0.0941 0.7868 0.1191 
     D237337  2 0.2864 0.0497 0.6639 
     D237338  2 0.2650 0.2815 0.4535 
     D237339  2 0.1798 0.6974 0.1228 
     D237340  2 0.3660 0.4301 0.2039 
     D237389  2 0.1464 0.1145 0.7391 
     D237390  2 0.5050 0.1283 0.3667 
     D244017  2 0.3569 0.5301 0.1130 
     D244112  2 0.0415 0.8225 0.1360 
     D244118  2 0.0528 0.7204 0.2269 
     D244119  2 0.4352 0.5100 0.0547 
     D244120  2 0.1446 0.7443 0.1111 
     D244122  2 0.1506 0.7531 0.0963 
        D291  2 0.1040 0.6541 0.2419 
        D292  2 0.2271 0.6864 0.0865 
        D293  2 0.0721 0.8880 0.0399 
        D322  2 0.1235 0.7327 0.1439 
        D323  2 0.4352 0.3742 0.1906 
        D324  2 0.3048 0.3926 0.3026 
        D325  2 0.0263 0.8737 0.1000 
        D326  2 0.6548 0.1317 0.2135 
        D340  2 0.0362 0.9190 0.0449 
        D341  2 0.0565 0.8785 0.0651 
        D342  2 0.0676 0.6266 0.3058 
        D343  2 0.0203 0.9461 0.0336 
        D344  2 0.4719 0.2141 0.3139 
        D345  2 0.3230 0.1385 0.5385 
        D346  2 0.6323 0.2654 0.1023 
        D351  2 0.1987 0.4164 0.3849 
        D352  2 0.3286 0.3597 0.3117 
        D353  2 0.3350 0.2813 0.3838 
        D354  2 0.6618 0.0775 0.2607 
        D362  2 0.5681 0.0744 0.3575 
        D363  2 0.6496 0.0993 0.2510 
        D364  2 0.6017 0.1017 0.2966 
        D365  2 0.0359 0.9319 0.0323 
        D369  2 0.3156 0.4192 0.2653 
        D374  2 0.8761 0.0618 0.0621 
        D375  2 0.3877 0.1505 0.4618 
        D376  2 0.7409 0.1466 0.1125 
        D377  2 0.4745 0.1979 0.3276 
        D378  2 0.1600 0.6694 0.1706 
        D379  2 0.6521 0.0727 0.2751 
        D384  2 0.7310 0.0576 0.2114 
        D385  2 0.0579 0.8878 0.0542 
        D386  2 0.3640 0.3175 0.3184 
        D391  2 0.0469 0.9149 0.0382 
        D392  2 0.1380 0.7551 0.1069 
        D393  2 0.2000 0.5537 0.2462 
        D394  2 0.2221 0.2669 0.5110 
        D395  2 0.0902 0.7941 0.1158 
        D401  2 0.0913 0.0570 0.8516 
        D402  2 0.0419 0.9199 0.0381 
        D403  2 0.3211 0.1133 0.5657 
        D415  2 0.1749 0.0493 0.7758 
        D435  2 0.1221 0.5293 0.3486 
        D436  2 0.6785 0.1385 0.1831 
        D438  2 0.0448 0.9001 0.0551 
        D439  2 0.1307 0.3445 0.5248 
        D449  2 0.0772 0.5101 0.4127 
        D450  2 0.7250 0.1070 0.1680 
        D456  2 0.4632 0.0704 0.4664 
        D462  2 0.0430 0.9090 0.0480 
        D463  2 0.6930 0.0556 0.2514 
        D464  2 0.4353 0.3933 0.1714 
        D465  2 0.1341 0.4730 0.3929 
        D473  2 0.7030 0.1390 0.1580 
        D474  2 0.3052 0.4023 0.2925 
        D476  2 0.0697 0.3006 0.6296 
        D477  2 0.4980 0.2615 0.2405 
        D478  2 0.4728 0.1890 0.3382 
        D480  2 0.4046 0.5225 0.0729 
        D481  2 0.4017 0.3091 0.2892 
        D482  2 0.2626 0.5688 0.1686 
        D483  2 0.0756 0.8747 0.0498 
        D484  2 0.2985 0.5624 0.1391 
        D510  2 0.7848 0.1594 0.0558 
        D511  2 0.1878 0.5944 0.2178 
        D512  2 0.0665 0.2118 0.7217 
        D513  2 0.2130 0.5285 0.2584 
        D635  2 0.2049 0.0927 0.7024 
        D636  2 0.0546 0.0396 0.9058 
        D637  2 0.2200 0.6452 0.1348 
        D658  2 0.1821 0.7394 0.0786 
        D659  2 0.3637 0.1660 0.4702 
        D677  2 0.2789 0.2557 0.4654 
        D678  2 0.0607 0.8087 0.1305 
        D679  2 0.4372 0.3474 0.2154 
        D719  2 0.6463 0.2980 0.0557 
        D720  2 0.7459 0.1040 0.1500 
        D721  2 0.0953 0.2383 0.6664 
        D722  2 0.7623 0.1328 0.1049 
        D734  2 0.4139 0.5343 0.0517 
        D735  2 0.4526 0.2746 0.2728 
        D736  2 0.5368 0.2792 0.1840 
        D737  2 0.0871 0.8012 0.1117 
        D807  2 0.6248 0.2608 0.1144 
        D808  2 0.1647 0.4513 0.3839 
        D817  2 0.7097 0.0858 0.2045 
        D818  2 0.0957 0.6597 0.2446 
        D819  2 0.2579 0.2083 0.5338 
        D820  2 0.6173 0.2494 0.1333 
        D895  2 0.2754 0.1025 0.6221 
        D896  2 0.1513 0.0461 0.8027 
        D897  2 0.0639 0.7714 0.1647 
        D898  2 0.3615 0.2760 0.3625 
        D918  2 0.1995 0.3763 0.4243 
        D919  2 0.1623 0.6225 0.2153 
        D920  2 0.0863 0.0564 0.8573 
        D923  2 0.5670 0.1645 0.2685 
        D930  2 0.7179 0.1202 0.1619 
        D931  2 0.3758 0.4330 0.1912 
        D968  2 0.0348 0.9330 0.0322 
        D969  2 0.2162 0.6401 0.1437 
        D977  2 0.0487 0.7817 0.1696 
        D978  2 0.1387 0.7375 0.1238 
        D211  3 0.1216 0.1179 0.7604 
     D229639  3 0.1546 0.7609 0.0845 
     D237212  3 0.1516 0.5523 0.2961 
     D237213  3 0.2491 0.1700 0.5809 
     D237214  3 0.1221 0.0437 0.8342 
     D237215  3 0.1081 0.8567 0.0351 
     D237216  3 0.1068 0.2389 0.6544 
     D237217  3 0.0748 0.0890 0.8361 
     D237218  3 0.1371 0.6846 0.1783 
     D237219  3 0.2308 0.2717 0.4974 
     D237382  3 0.5804 0.1792 0.2404 
     D244127  3 0.0731 0.2226 0.7043 
     D244129  3 0.2526 0.3455 0.4019 
     D244133  3 0.3603 0.2350 0.4047 
     D244134  3 0.3518 0.4551 0.1931 
     D244135  3 0.0818 0.1029 0.8153 
     D244136  3 0.6184 0.1580 0.2236 
        D416  3 0.1018 0.4025 0.4957 
        D417  3 0.5163 0.0788 0.4049 
        D419  3 0.2653 0.3692 0.3655 
        D565  3 0.9012 0.0565 0.0423 
        D566  3 0.4075 0.4777 0.1148 
        D567  3 0.3602 0.1085 0.5312 
        D568  3 0.1311 0.3191 0.5498 
        D569  3 0.1370 0.5773 0.2858 
        D573  3 0.0585 0.8476 0.0939 
        D574  3 0.6019 0.1697 0.2284 
        D575  3 0.3845 0.1979 0.4175 
        D576  3 0.0664 0.8738 0.0598 
        D577  3 0.5798 0.1096 0.3106 
        D578  3 0.0341 0.0551 0.9108 
        D579  3 0.4766 0.3222 0.2012 
        D660  3 0.0571 0.6349 0.3080 
        D661  3 0.0654 0.8313 0.1033 
        D663  3 0.0982 0.8114 0.0904 
        D664  3 0.2706 0.3034 0.4260 
        D665  3 0.0683 0.2770 0.6546 
        D666  3 0.3568 0.1887 0.4545 
        D009  4 0.1422 0.0985 0.7593 
        D057  4 0.1006 0.7039 0.1955 
        D109  4 0.1680 0.0753 0.7567 
     D237222  4 0.2889 0.1071 0.6040 
     D237223  4 0.2643 0.1662 0.5695 
     D237224  4 0.1449 0.7382 0.1169 
     D237225  4 0.1868 0.1672 0.6461 
     D237299  4 0.0907 0.1887 0.7206 
     D237300  4 0.0742 0.8468 0.0790 
     D237306  4 0.7839 0.0757 0.1404 
     D237307  4 0.6313 0.1537 0.2150 
     D237308  4 0.2228 0.6535 0.1236 
     D237309  4 0.2046 0.1516 0.6438 
     D237317  4 0.8116 0.0736 0.1148 
     D237318  4 0.0538 0.9053 0.0409 
     D237319  4 0.2566 0.2332 0.5102 
     D237320  4 0.1504 0.3829 0.4666 
     D237321  4 0.1082 0.7611 0.1307 
     D237397  4 0.4161 0.3376 0.2463 
     D237398  4 0.0663 0.7939 0.1397 
     D237399  4 0.4216 0.3740 0.2044 
     D244001  4 0.1133 0.1442 0.7425 
        D289  4 0.4303 0.4114 0.1583 
        D290  4 0.3634 0.4542 0.1823 
        D294  4 0.3080 0.4398 0.2521 
        D295  4 0.5329 0.1582 0.3090 
        D301  4 0.1058 0.2091 0.6851 
        D302  4 0.5496 0.1640 0.2864 
        D303  4 0.6686 0.1882 0.1432 
        D304  4 0.4821 0.4158 0.1021 
        D305  4 0.0543 0.4991 0.4466 
        D306  4 0.5703 0.1915 0.2381 
        D307  4 0.1070 0.1404 0.7526 
        D327  4 0.6023 0.1745 0.2231 
        D328  4 0.7447 0.1301 0.1253 
        D329  4 0.1569 0.6205 0.2226 
        D330  4 0.1884 0.0883 0.7233 
        D331  4 0.4950 0.3284 0.1767 
        D333  4 0.4660 0.3100 0.2240 
        D334  4 0.7868 0.0879 0.1253 
        D335  4 0.6920 0.2152 0.0928 
        D370  4 0.6710 0.1235 0.2055 
        D371  4 0.8448 0.0822 0.0729 
        D372  4 0.0664 0.8480 0.0856 
        D373  4 0.0508 0.2253 0.7239 
        D455  4 0.0760 0.2161 0.7079 
        D490  4 0.0622 0.0375 0.9003 
        D497  4 0.0645 0.0815 0.8540 
        D498  4 0.4617 0.3291 0.2092 
        D499  4 0.1587 0.7214 0.1199 
        D514  4 0.2903 0.2500 0.4598 
        D515  4 0.2209 0.1046 0.6745 
        D516  4 0.4605 0.1889 0.3505 
        D517  4 0.0602 0.1489 0.7910 
        D518  4 0.5055 0.2488 0.2457 
        D519  4 0.0847 0.1848 0.7305 
        D560  4 0.1040 0.2836 0.6124 
        D561  4 0.0656 0.0917 0.8427 
        D562  4 0.2554 0.4148 0.3298 
        D563  4 0.0736 0.7602 0.1661 
        D572  4 0.4188 0.2862 0.2950 
        D629  4 0.2991 0.1352 0.5657 
        D630  4 0.4310 0.2669 0.3020 
        D631  4 0.1550 0.7272 0.1178 
        D632  4 0.1076 0.2962 0.5962 
        D646  4 0.1969 0.1542 0.6489 
        D647  4 0.3122 0.2571 0.4306 
        D648  4 0.6988 0.1796 0.1216 
        D649  4 0.2656 0.1106 0.6238 
        D650  4 0.6216 0.1565 0.2219 
        D708  4 0.6069 0.1981 0.1950 
        D709  4 0.6305 0.1733 0.1962 
        D738  4 0.8003 0.0648 0.1349 
        D739  4 0.2089 0.2611 0.5301 
        D740  4 0.1510 0.4740 0.3750 
        D741  4 0.1067 0.3065 0.5868 
        D742  4 0.1523 0.7152 0.1325 
        D743  4 0.4440 0.3702 0.1858 
        D744  4 0.1823 0.5861 0.2316 
        D745  4 0.0704 0.0963 0.8332 
        D814  4 0.0712 0.5902 0.3386 
        D815  4 0.6046 0.2404 0.1549 
        D828  4 0.4169 0.4398 0.1433 
        D845  4 0.0818 0.8815 0.0367 
        D846  4 0.1070 0.5532 0.3398 
        D847  4 0.2741 0.3290 0.3969 
        D848  4 0.0474 0.3910 0.5616 
        D849  4 0.0990 0.1074 0.7935 
        D850  4 0.3795 0.2252 0.3953 
        D856  4 0.2643 0.1632 0.5726 
        D857  4 0.0890 0.1185 0.7925 
        D859  4 0.3267 0.4798 0.1935 
        D860  4 0.5424 0.3926 0.0650 
        D883  4 0.4959 0.1168 0.3873 
        D884  4 0.5639 0.0873 0.3488 
        D885  4 0.1123 0.4797 0.4080 
        D886  4 0.3530 0.2077 0.4393 
        D887  4 0.1658 0.6336 0.2006 
        D889  4 0.2119 0.7015 0.0867 
        D890  4 0.5597 0.1886 0.2517 
        D891  4 0.0308 0.9341 0.0351 
        D899  4 0.1842 0.7502 0.0656 
        D900  4 0.3677 0.2859 0.3464 
        D970  4 0.3145 0.4172 0.2683 
        D971  4 0.2844 0.6109 0.1047 
        D979  4 0.7226 0.1865 0.0908 
        D093  5 0.7188 0.1617 0.1195 
        D154  5 0.1852 0.6528 0.1619 
        D168  5 0.1022 0.4516 0.4462 
        D189  5 0.5181 0.3870 0.0949 
        D190  5 0.8219 0.1220 0.0561 
     D237220  5 0.1939 0.3574 0.4488 
     D237221  5 0.4951 0.3739 0.1310 
     D237274  5 0.5806 0.0962 0.3233 
     D237275  5 0.0727 0.8570 0.0703 
     D237276  5 0.6411 0.1233 0.2357 
     D237277  5 0.5801 0.3323 0.0876 
     D237278  5 0.2184 0.6198 0.1618 
     D237279  5 0.0616 0.0626 0.8758 
     D237280  5 0.2777 0.0883 0.6340 
     D237281  5 0.0471 0.8765 0.0764 
     D237351  5 0.2442 0.1079 0.6479 
     D237352  5 0.4206 0.1380 0.4414 
     D237353  5 0.8481 0.1008 0.0511 
     D237359  5 0.1519 0.4180 0.4301 
     D237361  5 0.8604 0.0767 0.0629 
     D237362  5 0.5373 0.1856 0.2771 
     D237363  5 0.1905 0.3057 0.5038 
     D237364  5 0.1023 0.5348 0.3629 
     D237376  5 0.6527 0.2522 0.0951 
     D237377  5 0.3761 0.0929 0.5310 
     D237378  5 0.4454 0.4380 0.1166 
     D237379  5 0.5444 0.3014 0.1543 
     D237380  5 0.4125 0.0451 0.5424 
     D237381  5 0.2523 0.1700 0.5777 
     D237391  5 0.7410 0.1361 0.1229 
     D237392  5 0.4507 0.2421 0.3072 
     D237393  5 0.5958 0.1742 0.2300 
     D237394  5 0.8817 0.0449 0.0733 
     D237395  5 0.4298 0.2614 0.3088 
     D237396  5 0.4116 0.2056 0.3828 
     D244016  5 0.5253 0.3091 0.1655 
     D244018  5 0.2034 0.5697 0.2269 
     D244019  5 0.5208 0.2709 0.2083 
        D279  5 0.0859 0.7332 0.1810 
        D280  5 0.4121 0.3789 0.2090 
        D281  5 0.0850 0.8588 0.0562 
        D283  5 0.7847 0.1340 0.0813 
        D284  5 0.1672 0.1643 0.6685 
        D285  5 0.6567 0.2280 0.1153 
        D286  5 0.5811 0.2428 0.1761 
        D287  5 0.6328 0.1800 0.1871 
        D288  5 0.4936 0.3685 0.1379 
        D308  5 0.1166 0.0440 0.8394 
        D309  5 0.3561 0.2248 0.4191 
        D310  5 0.8401 0.0924 0.0675 
        D311  5 0.6859 0.1734 0.1407 
        D312  5 0.6959 0.1481 0.1560 
        D313  5 0.0429 0.0316 0.9255 
        D314  5 0.1945 0.5110 0.2945 
        D315  5 0.5938 0.1724 0.2338 
        D317  5 0.8586 0.0697 0.0717 
        D318  5 0.2251 0.3314 0.4435 
        D319  5 0.8191 0.1214 0.0595 
        D320  5 0.7728 0.1241 0.1031 
        D321  5 0.1674 0.0951 0.7374 
        D336  5 0.8723 0.0619 0.0658 
        D337  5 0.8481 0.1165 0.0354 
        D338  5 0.4007 0.2916 0.3077 
        D339  5 0.6266 0.2184 0.1550 
        D347  5 0.6234 0.2607 0.1159 
        D348  5 0.8497 0.1036 0.0467 
        D349  5 0.1124 0.0616 0.8260 
        D350  5 0.2487 0.4818 0.2695 
        D355  5 0.1588 0.7288 0.1124 
        D356  5 0.7319 0.1140 0.1541 
        D357  5 0.4679 0.2153 0.3168 
        D358  5 0.6403 0.1743 0.1854 
        D359  5 0.8864 0.0467 0.0669 
        D360  5 0.7458 0.0802 0.1740 
        D361  5 0.0944 0.0469 0.8587 
        D366  5 0.2303 0.4063 0.3634 
        D367  5 0.6578 0.1795 0.1627 
        D368  5 0.5059 0.1050 0.3891 
        D380  5 0.2484 0.2548 0.4967 
        D381  5 0.7559 0.1534 0.0906 
        D400  5 0.4938 0.4102 0.0960 
        D411  5 0.0338 0.0555 0.9107 
        D412  5 0.2953 0.4118 0.2929 
        D413  5 0.0732 0.7921 0.1347 
        D414  5 0.0858 0.8199 0.0943 
        D420  5 0.1919 0.3523 0.4558 
        D431  5 0.2185 0.5056 0.2759 
        D432  5 0.4873 0.3265 0.1861 
        D433  5 0.6549 0.2613 0.0839 
        D434  5 0.7991 0.1026 0.0983 
        D440  5 0.2627 0.4117 0.3256 
        D447  5 0.1923 0.2189 0.5888 
        D448  5 0.7981 0.1502 0.0517 
        D459  5 0.1033 0.8332 0.0635 
        D460  5 0.1373 0.0626 0.8000 
        D461  5 0.4467 0.3184 0.2348 
        D468  5 0.5132 0.1344 0.3524 
        D469  5 0.4856 0.1637 0.3506 
        D470  5 0.4428 0.1120 0.4452 
        D471  5 0.6892 0.2582 0.0526 
        D472  5 0.3212 0.5431 0.1357 
        D479  5 0.0652 0.8623 0.0725 
        D485  5 0.5195 0.2740 0.2066 
        D486  5 0.4118 0.1059 0.4824 
        D487  5 0.1492 0.7713 0.0795 
        D555  5 0.7751 0.1697 0.0552 
        D556  5 0.3933 0.4565 0.1502 
        D557  5 0.7748 0.1645 0.0607 
        D564  5 0.5284 0.2137 0.2579 
        D594  5 0.5411 0.1925 0.2665 
        D595  5 0.5736 0.2409 0.1855 
        D596  5 0.8070 0.1372 0.0558 
        D597  5 0.5094 0.4052 0.0855 
        D598  5 0.5989 0.2039 0.1972 
        D617  5 0.0579 0.1817 0.7603 
        D618  5 0.6138 0.2799 0.1063 
        D619  5 0.5070 0.0928 0.4002 
        D620  5 0.0603 0.8888 0.0510 
        D628  5 0.4386 0.2900 0.2714 
        D714  5 0.2910 0.6042 0.1047 
        D715  5 0.6795 0.2435 0.0770 
        D716  5 0.5347 0.3133 0.1520 
        D717  5 0.6186 0.1901 0.1914 
        D718  5 0.3413 0.2429 0.4159 
        D769  5 0.0861 0.1625 0.7513 
        D770  5 0.2178 0.6328 0.1494 
        D771  5 0.1937 0.5832 0.2230 
        D772  5 0.6948 0.1994 0.1058 
        D782  5 0.0903 0.2197 0.6900 
        D783  5 0.2250 0.6636 0.1114 
        D784  5 0.5481 0.2375 0.2144 
        D785  5 0.8130 0.0668 0.1202 
        D786  5 0.2231 0.1308 0.6461 
        D821  5 0.8706 0.0831 0.0462 
        D822  5 0.7159 0.1581 0.1260 
        D826  5 0.3229 0.5672 0.1099 
        D827  5 0.4411 0.1987 0.3602 
        D851  5 0.3681 0.2429 0.3890 
        D852  5 0.1904 0.6864 0.1233 
        D853  5 0.5455 0.2991 0.1554 
        D854  5 0.1635 0.4741 0.3624 
        D861  5 0.2886 0.4293 0.2821 
        D862  5 0.8361 0.0562 0.1077 
        D865  5 0.6976 0.1994 0.1030 
        D868  5 0.5895 0.1649 0.2456 
        D869  5 0.0600 0.0443 0.8958 
        D870  5 0.0787 0.0824 0.8389 
        D907  5 0.6830 0.1333 0.1837 
        D908  5 0.1703 0.7405 0.0893 
        D910  5 0.5919 0.3362 0.0719 
        D911  5 0.1447 0.7835 0.0718 
        D934  5 0.1355 0.7099 0.1546 
        D946  5 0.1792 0.6323 0.1885 
        D947  5 0.3356 0.3472 0.3172 
        D948  5 0.1828 0.0603 0.7570 
        D949  5 0.1658 0.0560 0.7782 
        D950  5 0.0915 0.8443 0.0641 
        D951  5 0.5534 0.0995 0.3471 
        D952  5 0.7392 0.1324 0.1284 
        D953  5 0.7898 0.1207 0.0895 
        D954  5 0.7964 0.0916 0.1120 
        D961  5 0.5278 0.2545 0.2176 
        D962  5 0.8181 0.0918 0.0901 
        D963  5 0.6711 0.2317 0.0972 
        D964  5 0.2087 0.3576 0.4337 
        D965  5 0.4177 0.3613 0.2210 
        D966  5 0.4497 0.4268 0.1235 
        D967  5 0.3056 0.4881 0.2063 
        D991  5 0.5096 0.1578 0.3326 
        D502  6 0.0936 0.4263 0.4801 
        D503  6 0.0693 0.5292 0.4015 
        D504  6 0.4597 0.2670 0.2733 
        D505  6 0.3892 0.3553 0.2555 
        D506  6 0.8450 0.0515 0.1035 
        D507  6 0.1347 0.5747 0.2905 
        D508  6 0.2734 0.4971 0.2295 
        D529  6 0.3255 0.2213 0.4532 
        D530  6 0.5249 0.1984 0.2767 
        D531  6 0.4313 0.3275 0.2412 
        D532  6 0.7077 0.1362 0.1561 
        D534  6 0.0931 0.1250 0.7819 
        D535  6 0.6760 0.1301 0.1939 
        D536  6 0.0445 0.7547 0.2008 
        D554  6 0.6127 0.1252 0.2621 
        D587  6 0.7992 0.1169 0.0839 
        D588  6 0.6061 0.1598 0.2341 
        D589  6 0.1439 0.6929 0.1632 
        D590  6 0.0655 0.7874 0.1471 
        D591  6 0.2734 0.4148 0.3118 
        D592  6 0.1374 0.1285 0.7342 
        D593  6 0.5842 0.2549 0.1609 
        D682  6 0.7496 0.1253 0.1250 
        D683  6 0.7013 0.0800 0.2186 
        D684  6 0.0448 0.4668 0.4884 
        D685  6 0.1232 0.5439 0.3329 
        D686  6 0.7494 0.0919 0.1587 
        D724  6 0.1590 0.3991 0.4419 
        D725  6 0.4071 0.3864 0.2065 
        D726  6 0.8141 0.0768 0.1091 
        D727  6 0.2071 0.4834 0.3095 
        D728  6 0.7374 0.0890 0.1736 
        D729  6 0.0745 0.1157 0.8099 
        D730  6 0.1937 0.3705 0.4359 
        D731  6 0.3845 0.5627 0.0527 
        D732  6 0.4370 0.2755 0.2875 
        D733  6 0.3580 0.3456 0.2963 
     D237251  7 0.1577 0.7429 0.0994 
     D237252  7 0.0984 0.3328 0.5688 
     D237253  7 0.2076 0.6630 0.1294 
     D237254  7 0.0458 0.0635 0.8906 
     D237255  7 0.1076 0.8208 0.0716 
     D237256  7 0.1268 0.7797 0.0935 
     D237257  7 0.0981 0.2136 0.6883 
     D237282  7 0.2267 0.2732 0.5001 
     D237283  7 0.0472 0.0755 0.8773 
     D237284  7 0.0628 0.0563 0.8809 
     D237285  7 0.5415 0.2805 0.1779 
     D237286  7 0.3915 0.3577 0.2508 
     D237287  7 0.1608 0.5426 0.2966 
     D244006  7 0.0541 0.0723 0.8736 
     D244007  7 0.1721 0.5383 0.2895 
     D244008  7 0.1044 0.0608 0.8348 
     D244009  7 0.3192 0.0963 0.5845 
     D244010  7 0.0958 0.2684 0.6358 
     D244011  7 0.2435 0.5957 0.1608 
     D244012  7 0.0916 0.4826 0.4257 
     D244013  7 0.2608 0.6541 0.0851 
     D244014  7 0.0858 0.5481 0.3661 
     D244015  7 0.0759 0.1265 0.7976 
     D244125  7 0.3921 0.4683 0.1397 
     D244126  7 0.0320 0.0473 0.9206 
     D244130  7 0.2643 0.2650 0.4707 
     D244131  7 0.5064 0.2274 0.2662 
     D244132  7 0.8137 0.0854 0.1009 
        D520  7 0.3780 0.0993 0.5227 
        D521  7 0.3498 0.3116 0.3386 
        D522  7 0.2576 0.1191 0.6232 
        D523  7 0.0952 0.8128 0.0919 
        D524  7 0.3623 0.4542 0.1836 
        D525  7 0.0698 0.3932 0.5369 
        D526  7 0.0492 0.0537 0.8971 
        D527  7 0.2532 0.3525 0.3943 
        D528  7 0.0374 0.0227 0.9400 
        D558  7 0.1490 0.4939 0.3571 
        D559  7 0.0982 0.5087 0.3931 
        D640  7 0.4292 0.4139 0.1569 
        D641  7 0.2202 0.5420 0.2378 
        D642  7 0.1339 0.2777 0.5885 
        D644  7 0.5513 0.1998 0.2488 
        D645  7 0.2430 0.4872 0.2698 
        D662  7 0.4406 0.0427 0.5167 
        D687  7 0.2021 0.5861 0.2118 
        D688  7 0.2028 0.2835 0.5137 
        D689  7 0.3517 0.3957 0.2527 
        D700  7 0.0295 0.0350 0.9355 
        D797  7 0.3966 0.3648 0.2386 
        D798  7 0.1174 0.0714 0.8113 
        D799  7 0.0882 0.6920 0.2197 
        D800  7 0.1271 0.3523 0.5207 
        D132  8 0.0623 0.0551 0.8826 
        D133  8 0.0332 0.8710 0.0958 
        D200  8 0.2380 0.5981 0.1639 
        D500  8 0.0565 0.0382 0.9053 
        D614  8 0.6269 0.1481 0.2250 
        D723  8 0.2765 0.2052 0.5183 
        D888  8 0.0590 0.8813 0.0597 
        D901  8 0.1136 0.2295 0.6570 
        D902  8 0.7953 0.1069 0.0978 
        D903  8 0.7153 0.1883 0.0964 
        D904  8 0.3880 0.2816 0.3304 
        D905  8 0.0949 0.8656 0.0395 
        D906  8 0.0737 0.7019 0.2244 
        D937  8 0.8132 0.1240 0.0628 
        D943  8 0.1373 0.3531 0.5096 
        D972  8 0.2312 0.1590 0.6098 
        D973  8 0.5722 0.0870 0.3407 
        D974  8 0.4380 0.2308 0.3312 
        D975  8 0.3833 0.4365 0.1802 
        D976  8 0.2027 0.4469 0.3504 
        D201  9 0.1005 0.6532 0.2463 
        D202  9 0.1818 0.5547 0.2636 
     D237259  9 0.1026 0.1650 0.7323 
     D237260  9 0.0615 0.6853 0.2532 
     D237262  9 0.0587 0.0628 0.8786 
     D237263  9 0.0929 0.3781 0.5290 
     D237264  9 0.2301 0.2669 0.5031 
     D237265  9 0.0746 0.8087 0.1167 
     D237266  9 0.0600 0.6298 0.3102 
     D237267  9 0.3450 0.1522 0.5028 
     D237268  9 0.2415 0.1455 0.6130 
     D237289  9 0.2103 0.6357 0.1540 
     D237290  9 0.0405 0.8783 0.0811 
     D237291  9 0.1213 0.7497 0.1290 
     D237292  9 0.0613 0.5502 0.3884 
     D237293  9 0.3716 0.1811 0.4473 
     D237294  9 0.1305 0.3433 0.5261 
     D237295  9 0.5191 0.1100 0.3709 
     D237296  9 0.2754 0.3197 0.4049 
     D237297  9 0.5667 0.2858 0.1474 
     D237298  9 0.2601 0.4687 0.2712 
     D237341  9 0.1614 0.6079 0.2307 
     D237342  9 0.1652 0.1927 0.6421 
     D237343  9 0.1018 0.5173 0.3809 
     D237344  9 0.4224 0.3780 0.1996 
     D237345  9 0.0447 0.1053 0.8500 
     D237346  9 0.2117 0.6540 0.1343 
     D237347  9 0.4709 0.3988 0.1302 
     D237348  9 0.3514 0.2824 0.3663 
     D237349  9 0.0770 0.3920 0.5310 
     D244109  9 0.0379 0.6404 0.3217 
     D244110  9 0.0696 0.7126 0.2178 
     D244111  9 0.1787 0.5534 0.2679 
     D244128  9 0.0620 0.1614 0.7766 
     D244137  9 0.3482 0.2291 0.4226 
     D244138  9 0.1437 0.6424 0.2139 
        D580  9 0.1589 0.0653 0.7757 
        D581  9 0.0387 0.8722 0.0891 
        D582  9 0.0711 0.0540 0.8749 
        D583  9 0.0490 0.8360 0.1150 
        D584  9 0.3861 0.1493 0.4645 
        D585  9 0.0670 0.3117 0.6212 
        D586  9 0.0706 0.8615 0.0679 
        D651  9 0.5688 0.2349 0.1963 
        D652  9 0.1071 0.2077 0.6852 
        D653  9 0.2009 0.6265 0.1726 
        D654  9 0.1416 0.5176 0.3408 
        D655  9 0.3447 0.4729 0.1824 
        D656  9 0.0921 0.0617 0.8463 
        D657  9 0.1651 0.3955 0.4394 
        D667  9 0.5087 0.3442 0.1471 
        D668  9 0.2145 0.3309 0.4546 
        D669  9 0.0903 0.7693 0.1404 
        D670  9 0.3906 0.1232 0.4862 
        D671  9 0.0818 0.7552 0.1630 
        D672  9 0.0826 0.1550 0.7624 
        D673  9 0.4055 0.2454 0.3491 
        D692  9 0.0587 0.1638 0.7774 
        D693  9 0.4741 0.1813 0.3446 
        D694  9 0.1145 0.1568 0.7287 
        D695  9 0.2314 0.1463 0.6223 
        D696  9 0.8903 0.0714 0.0382 
        D697  9 0.5553 0.2752 0.1694 
        D698  9 0.3278 0.5463 0.1259 
        D699  9 0.5073 0.2756 0.2170 
        D787  9 0.1460 0.2449 0.6091 
        D788  9 0.6487 0.0925 0.2588 
        D789  9 0.2732 0.3315 0.3953 
        D790  9 0.1883 0.3444 0.4673 
        D791  9 0.1268 0.7547 0.1185 
        D792  9 0.1607 0.3870 0.4523 
        D793  9 0.7035 0.1788 0.1177 
        D794  9 0.6165 0.2125 0.1710 
        D795  9 0.1620 0.1532 0.6848 
        D796  9 0.1317 0.6595 0.2089 
        D142 10 0.7000 0.2016 0.0984 
        D143 10 0.1451 0.7825 0.0724 
        D144 10 0.4932 0.1877 0.3190 
        D145 10 0.0692 0.8541 0.0767 
        D146 10 0.2235 0.1009 0.6756 
        D147 10 0.2046 0.2144 0.5811 
        D148 10 0.2360 0.1443 0.6197 
        D149 10 0.0651 0.7743 0.1607 
        D151 10 0.1511 0.2227 0.6262 
        D152 10 0.0301 0.9222 0.0477 
        D153 10 0.7732 0.0886 0.1382 
        D156 10 0.2968 0.5185 0.1847 
        D157 10 0.6040 0.1843 0.2117 
        D158 10 0.2185 0.5391 0.2424 
        D159 10 0.0601 0.8953 0.0446 
        D160 10 0.1564 0.7794 0.0641 
        D161 10 0.4389 0.2673 0.2938 
        D162 10 0.3488 0.5587 0.0924 
        D169 10 0.0780 0.1172 0.8048 
        D170 10 0.1370 0.1036 0.7594 
        D171 10 0.5889 0.1700 0.2410 
        D172 10 0.2765 0.4209 0.3026 
        D173 10 0.0429 0.8640 0.0931 
        D181 10 0.5506 0.2927 0.1568 
        D182 10 0.0837 0.4490 0.4673 
        D183 10 0.8277 0.0755 0.0968 
        D184 10 0.0515 0.0285 0.9199 
        D185 10 0.3833 0.1813 0.4354 
        D186 10 0.0440 0.0931 0.8629 
        D194 10 0.2811 0.0944 0.6245 
        D195 10 0.2206 0.6630 0.1164 
        D196 10 0.3063 0.6180 0.0757 
        D197 10 0.0738 0.2163 0.7099 
        D198 10 0.5392 0.0771 0.3837 
     D237226 10 0.0844 0.6592 0.2564 
     D237232 10 0.3179 0.5395 0.1426 
     D237233 10 0.1378 0.7286 0.1336 
     D237234 10 0.4761 0.3556 0.1682 
     D237354 10 0.0446 0.9101 0.0453 
     D237355 10 0.1073 0.7914 0.1013 
     D237356 10 0.7764 0.0449 0.1787 
     D237357 10 0.1092 0.4921 0.3988 
     D237358 10 0.1382 0.1793 0.6825 
     D237369 10 0.0499 0.0753 0.8748 
     D237370 10 0.7296 0.1684 0.1020 
     D237371 10 0.2347 0.1541 0.6112 
     D237372 10 0.0762 0.3226 0.6013 
     D237373 10 0.2287 0.6666 0.1047 
     D237374 10 0.1138 0.8126 0.0736 
     D237375 10 0.1768 0.4617 0.3615 
     D237400 10 0.0407 0.9196 0.0397 
     D244002 10 0.0627 0.0886 0.8487 
     D244003 10 0.1390 0.7987 0.0623 
     D244004 10 0.8240 0.0907 0.0853 
     D244005 10 0.0692 0.6298 0.3009 
     D244020 10 0.6139 0.2066 0.1795 
     D244021 10 0.1128 0.3367 0.5505 
     D244116 10 0.2225 0.2122 0.5653 
     D244117 10 0.3735 0.5177 0.1088 
     D244121 10 0.5577 0.2969 0.1454 
     D244123 10 0.3221 0.5320 0.1459 
     D244124 10 0.1574 0.5116 0.3311 
        D332 10 0.6592 0.1501 0.1906 
        D570 10 0.7679 0.1173 0.1148 
        D602 10 0.3347 0.3531 0.3122 
        D603 10 0.3313 0.4646 0.2041 
        D604 10 0.1993 0.6512 0.1494 
        D605 10 0.5067 0.2812 0.2121 
        D606 10 0.4021 0.0661 0.5318 
        D607 10 0.4994 0.1578 0.3429 
        D608 10 0.0494 0.9122 0.0384 
        D609 10 0.8327 0.0566 0.1107 
        D610 10 0.4084 0.3029 0.2887 
        D611 10 0.8975 0.0642 0.0382 
        D613 10 0.5187 0.3266 0.1547 
        D633 10 0.1977 0.4876 0.3148 
        D634 10 0.4899 0.2052 0.3050 
        D638 10 0.0523 0.9028 0.0449 
        D681 10 0.4877 0.2308 0.2816 
        D754 10 0.2688 0.2486 0.4826 
        D755 10 0.2426 0.7022 0.0551 
        D756 10 0.4294 0.2972 0.2734 
        D757 10 0.1931 0.4974 0.3094 
        D758 10 0.3824 0.2720 0.3456 
        D759 10 0.1843 0.7378 0.0779 
        D760 10 0.3490 0.5046 0.1465 
        D761 10 0.0372 0.9280 0.0348 
        D762 10 0.5706 0.1969 0.2325 
        D775 10 0.5108 0.3783 0.1109 
        D776 10 0.0871 0.8200 0.0930 
        D777 10 0.3514 0.4015 0.2470 
        D778 10 0.0659 0.7027 0.2314 
        D779 10 0.3527 0.3148 0.3325 
        D780 10 0.1011 0.8120 0.0868 
        D781 10 0.2887 0.5053 0.2060 
        D858 10 0.0283 0.1098 0.8619 
        D933 10 0.4241 0.3655 0.2105 
        D038 11 0.1371 0.6787 0.1842 
        D063 11 0.2819 0.6111 0.1070 
        D155 11 0.3551 0.4654 0.1795 
        D175 11 0.4125 0.1719 0.4156 
        D176 11 0.1278 0.7416 0.1306 
        D205 11 0.7468 0.0557 0.1974 
     D237229 11 0.0775 0.5409 0.3816 
     D237230 11 0.1617 0.1421 0.6962 
     D237231 11 0.6770 0.1897 0.1333 
     D237269 11 0.1607 0.6330 0.2063 
     D237270 11 0.1492 0.1416 0.7092 
     D237271 11 0.6345 0.1902 0.1752 
     D237272 11 0.2101 0.1806 0.6093 
     D237273 11 0.5288 0.3766 0.0945 
     D237301 11 0.7224 0.1594 0.1183 
     D237302 11 0.1639 0.3315 0.5045 
     D237303 11 0.0625 0.1777 0.7597 
     D237304 11 0.4271 0.3061 0.2668 
     D237305 11 0.1688 0.1594 0.6718 
     D237314 11 0.3781 0.3954 0.2265 
     D237315 11 0.1256 0.1773 0.6971 
     D237316 11 0.7928 0.0764 0.1308 
     D237328 11 0.5646 0.0566 0.3788 
     D237329 11 0.1704 0.4295 0.4001 
     D237330 11 0.5425 0.3901 0.0674 
     D237331 11 0.3036 0.4754 0.2209 
     D237332 11 0.5753 0.1586 0.2661 
     D237333 11 0.1714 0.7738 0.0548 
     D237334 11 0.5387 0.1585 0.3028 
     D237335 11 0.6671 0.1040 0.2289 
     D237336 11 0.1401 0.7167 0.1432 
     D237350 11 0.7151 0.2038 0.0811 
     D237383 11 0.1539 0.4151 0.4310 
     D237384 11 0.3301 0.1798 0.4901 
     D237385 11 0.3450 0.3759 0.2791 
     D237386 11 0.5980 0.2516 0.1504 
     D237387 11 0.4994 0.1083 0.3923 
     D237388 11 0.7362 0.1644 0.0994 
        D239 11 0.3509 0.4967 0.1524 
        D240 11 0.0546 0.8191 0.1263 
        D241 11 0.0906 0.2029 0.7065 
        D242 11 0.2544 0.5107 0.2349 
        D243 11 0.5383 0.2477 0.2140 
        D244 11 0.7883 0.0780 0.1337 
        D245 11 0.0759 0.2616 0.6626 
        D246 11 0.6728 0.1407 0.1864 
        D247 11 0.1597 0.4346 0.4057 
        D248 11 0.7044 0.2023 0.0933 
        D249 11 0.3514 0.1156 0.5330 
        D250 11 0.6780 0.2607 0.0613 
        D251 11 0.6850 0.1221 0.1929 
        D252 11 0.5877 0.0820 0.3303 
        D253 11 0.3530 0.4161 0.2309 
        D254 11 0.0697 0.1330 0.7972 
        D255 11 0.7901 0.1019 0.1080 
        D256 11 0.3463 0.3648 0.2890 
        D257 11 0.1119 0.1419 0.7462 
        D258 11 0.1490 0.0753 0.7758 
        D259 11 0.0662 0.1180 0.8157 
        D260 11 0.2851 0.3509 0.3640 
        D261 11 0.5244 0.2927 0.1829 
        D262 11 0.0808 0.3776 0.5416 
        D263 11 0.7354 0.0758 0.1888 
        D264 11 0.2439 0.1287 0.6273 
        D265 11 0.1949 0.4049 0.4002 
        D266 11 0.4578 0.4106 0.1317 
        D267 11 0.6382 0.1081 0.2537 
        D268 11 0.7856 0.1357 0.0787 
        D269 11 0.7352 0.0548 0.2101 
        D270 11 0.4307 0.1573 0.4119 
        D271 11 0.3012 0.3619 0.3370 
        D272 11 0.2100 0.6097 0.1803 
        D273 11 0.0507 0.0445 0.9048 
        D274 11 0.5452 0.1682 0.2865 
        D275 11 0.6559 0.1527 0.1913 
        D276 11 0.8843 0.0513 0.0644 
        D277 11 0.6771 0.1469 0.1760 
        D278 11 0.4566 0.3057 0.2376 
        D282 11 0.1379 0.0487 0.8134 
        D296 11 0.5582 0.2884 0.1534 
        D297 11 0.7504 0.0810 0.1687 
        D298 11 0.4713 0.4124 0.1162 
        D299 11 0.7531 0.1858 0.0611 
        D300 11 0.1237 0.7290 0.1473 
        D382 11 0.8211 0.0472 0.1316 
        D383 11 0.6811 0.0747 0.2442 
        D387 11 0.2550 0.5588 0.1862 
        D388 11 0.4812 0.2245 0.2943 
        D389 11 0.7012 0.2166 0.0822 
        D390 11 0.6689 0.1964 0.1347 
        D396 11 0.2211 0.6350 0.1439 
        D397 11 0.1554 0.1053 0.7392 
        D398 11 0.3087 0.2650 0.4264 
        D399 11 0.2541 0.3472 0.3987 
        D437 11 0.0775 0.4809 0.4416 
        D441 11 0.7358 0.1876 0.0766 
        D442 11 0.2099 0.5966 0.1935 
        D443 11 0.3502 0.5688 0.0810 
        D444 11 0.5826 0.2317 0.1857 
        D445 11 0.4193 0.0624 0.5182 
        D446 11 0.0814 0.3454 0.5731 
        D451 11 0.5332 0.1222 0.3446 
        D452 11 0.1454 0.6949 0.1597 
        D453 11 0.7001 0.1180 0.1819 
        D454 11 0.0901 0.2812 0.6287 
        D457 11 0.3526 0.2404 0.4070 
        D458 11 0.7085 0.1420 0.1495 
        D466 11 0.0804 0.7684 0.1513 
        D467 11 0.6248 0.2469 0.1283 
        D475 11 0.0891 0.0565 0.8544 
        D488 11 0.2587 0.5252 0.2162 
        D489 11 0.2046 0.2303 0.5651 
        D493 11 0.2373 0.0953 0.6673 
        D494 11 0.5901 0.2198 0.1901 
        D495 11 0.0563 0.6022 0.3415 
        D496 11 0.0912 0.8639 0.0449 
        D674 11 0.0716 0.8272 0.1013 
        D675 11 0.0926 0.8558 0.0516 
        D676 11 0.6925 0.0928 0.2147 
        D680 11 0.2564 0.5383 0.2053 
        D701 11 0.1024 0.6263 0.2714 
        D702 11 0.1222 0.1604 0.7174 
        D703 11 0.2205 0.5364 0.2431 
        D704 11 0.4671 0.2518 0.2811 
        D705 11 0.0811 0.0703 0.8486 
        D706 11 0.0720 0.7090 0.2189 
        D707 11 0.4383 0.1347 0.4269 
        D751 11 0.5396 0.1041 0.3563 
        D752 11 0.2515 0.6058 0.1426 
        D753 11 0.3272 0.2319 0.4410 
        D773 11 0.0367 0.0314 0.9320 
        D774 11 0.2390 0.5773 0.1837 
        D801 11 0.4586 0.3491 0.1922 
        D802 11 0.1981 0.1136 0.6883 
        D803 11 0.3590 0.5160 0.1250 
        D804 11 0.2050 0.3864 0.4086 
        D805 11 0.2951 0.2114 0.4935 
        D806 11 0.0639 0.0737 0.8624 
        D809 11 0.6695 0.1858 0.1447 
        D810 11 0.6917 0.2286 0.0796 
        D812 11 0.3427 0.1167 0.5406 
        D813 11 0.0771 0.7858 0.1371 
        D823 11 0.6376 0.2208 0.1415 
        D824 11 0.4536 0.3925 0.1539 
        D829 11 0.4140 0.4062 0.1798 
        D830 11 0.2888 0.0483 0.6629 
        D831 11 0.0852 0.6966 0.2182 
        D832 11 0.1564 0.4942 0.3495 
        D833 11 0.7663 0.1469 0.0867 
        D834 11 0.8206 0.0730 0.1064 
        D835 11 0.2551 0.1043 0.6405 
        D855 11 0.6930 0.1209 0.1861 
        D863 11 0.0468 0.9151 0.0380 
        D864 11 0.5614 0.1884 0.2503 
        D878 11 0.7263 0.1603 0.1134 
        D879 11 0.1846 0.0748 0.7406 
        D880 11 0.2881 0.6431 0.0688 
        D881 11 0.6970 0.1830 0.1200 
        D882 11 0.1498 0.7050 0.1451 
        D909 11 0.5594 0.2709 0.1697 
        D921 11 0.7359 0.1750 0.0891 
        D924 11 0.1702 0.7481 0.0816 
        D935 11 0.6837 0.0947 0.2216 
        D940 11 0.0689 0.8720 0.0591 
        D941 11 0.4654 0.3286 0.2061 
        D942 11 0.1059 0.0410 0.8530 
        D980 11 0.3263 0.3401 0.3336 
        D981 11 0.2506 0.1060 0.6434 
        D982 11 0.1622 0.7810 0.0569 
        D983 11 0.8547 0.0755 0.0698 
        D984 11 0.5759 0.3093 0.1148 
        D992 11 0.1634 0.1211 0.7155 
        D993 11 0.8217 0.0393 0.1390 
        D994 11 0.3055 0.4991 0.1953 
        D995 11 0.2699 0.0556 0.6746 
        H354 11 0.1959 0.0898 0.7143 
        D005 12 0.0725 0.3631 0.5644 
        D035 12 0.2205 0.4584 0.3212 
        D067 12 0.5355 0.2144 0.2501 
        D134 12 0.1695 0.6226 0.2080 
        D135 12 0.2729 0.3079 0.4192 
        D136 12 0.3970 0.0800 0.5230 
        D137 12 0.1600 0.5236 0.3164 
        D138 12 0.3409 0.4083 0.2509 
        D139 12 0.3195 0.5599 0.1206 
        D140 12 0.3103 0.2445 0.4452 
        D141 12 0.0433 0.0331 0.9236 
        D150 12 0.1284 0.1455 0.7262 
        D177 12 0.0959 0.7779 0.1262 
        D178 12 0.4916 0.2059 0.3025 
        D179 12 0.2724 0.2548 0.4728 
        D180 12 0.2655 0.1560 0.5785 
        D187 12 0.1555 0.6167 0.2278 
        D188 12 0.0413 0.0433 0.9154 
        D191 12 0.0755 0.1342 0.7903 
        D418 12 0.0647 0.1064 0.8288 
        D601 12 0.1377 0.0869 0.7754 
        D836 12 0.0687 0.0908 0.8405 
        D837 12 0.3061 0.4090 0.2849 
        D838 12 0.4266 0.4818 0.0916 
        D839 12 0.0569 0.8087 0.1344 
        D840 12 0.2450 0.6045 0.1505 
        D841 12 0.2785 0.2223 0.4992 
        D842 12 0.0405 0.0619 0.8976 
        D843 12 0.5130 0.2861 0.2009 
        D844 12 0.0458 0.5158 0.4385 
        D912 12 0.6837 0.2081 0.1082 
        D913 12 0.0465 0.9088 0.0447 
