        D174  1 0.1190 0.1059 0.0681 0.0251 0.3749 0.1564 0.1151 0.0356 
        D199  1 0.1490 0.0460 0.2037 0.0499 0.1915 0.0417 0.1171 0.2011 
        D203  1 0.0736 0.1186 0.2888 0.0435 0.0688 0.1155 0.0765 0.2149 
        D204  1 0.0290 0.0170 0.8119 0.0525 0.0183 0.0245 0.0199 0.0270 
     D237366  1 0.0771 0.1419 0.0484 0.1030 0.0553 0.0207 0.5208 0.0328 
     D237367  1 0.1190 0.0906 0.3770 0.0448 0.0291 0.0417 0.2550 0.0430 
     D237368  1 0.0941 0.0368 0.1124 0.0345 0.0981 0.0671 0.4908 0.0662 
     D244101  1 0.1289 0.0386 0.1917 0.3825 0.0245 0.0295 0.0277 0.1765 
     D244102  1 0.1444 0.1569 0.1018 0.1869 0.0514 0.1963 0.0995 0.0628 
     D244103  1 0.1555 0.3409 0.1312 0.0452 0.0435 0.0320 0.2237 0.0281 
     D244104  1 0.0411 0.0234 0.6002 0.0197 0.1729 0.0444 0.0569 0.0415 
     D244105  1 0.2344 0.1852 0.0761 0.0258 0.0168 0.1185 0.3165 0.0268 
     D244106  1 0.0725 0.1743 0.0598 0.0256 0.5368 0.0330 0.0334 0.0646 
     D244107  1 0.1275 0.0256 0.0587 0.0536 0.0182 0.1850 0.4503 0.0812 
     D244108  1 0.0545 0.0377 0.0654 0.0520 0.2443 0.4581 0.0428 0.0452 
     D244113  1 0.0737 0.0605 0.0218 0.2872 0.4077 0.0658 0.0442 0.0390 
     D244114  1 0.2351 0.3715 0.0801 0.0563 0.0757 0.0674 0.0594 0.0546 
     D244115  1 0.1908 0.0563 0.1546 0.0337 0.2511 0.2099 0.0800 0.0235 
     D267365  1 0.0877 0.0510 0.3399 0.0439 0.2630 0.0323 0.1362 0.0460 
        D404  1 0.0538 0.1225 0.0253 0.3633 0.2738 0.1054 0.0234 0.0325 
        D405  1 0.1396 0.1270 0.0984 0.2184 0.0752 0.1966 0.0580 0.0870 
        D406  1 0.0273 0.0259 0.0716 0.0281 0.0346 0.0730 0.7238 0.0157 
        D407  1 0.0800 0.0271 0.5374 0.0130 0.0231 0.0217 0.2617 0.0360 
        D408  1 0.0643 0.0717 0.0532 0.0522 0.6070 0.0855 0.0277 0.0384 
        D409  1 0.1343 0.4587 0.0994 0.0328 0.0393 0.0491 0.1595 0.0270 
        D410  1 0.0258 0.0174 0.0419 0.0206 0.0205 0.8401 0.0237 0.0099 
        D421  1 0.0152 0.0121 0.8798 0.0076 0.0200 0.0093 0.0291 0.0268 
        D422  1 0.0461 0.0398 0.0429 0.0134 0.0125 0.0229 0.8030 0.0192 
        D423  1 0.0532 0.0221 0.1032 0.0153 0.0148 0.6845 0.0728 0.0342 
        D424  1 0.1497 0.0327 0.6288 0.0168 0.0286 0.0191 0.1058 0.0185 
        D425  1 0.1431 0.0402 0.4776 0.0417 0.1016 0.1203 0.0491 0.0264 
        D426  1 0.2573 0.3757 0.0442 0.0175 0.0326 0.0156 0.1916 0.0656 
        D427  1 0.0348 0.0238 0.2299 0.0141 0.1802 0.0245 0.0350 0.4577 
        D428  1 0.1578 0.0285 0.2855 0.1044 0.1293 0.1198 0.1330 0.0416 
        D429  1 0.1026 0.1359 0.3979 0.0323 0.1900 0.0517 0.0528 0.0368 
        D430  1 0.2114 0.3545 0.0904 0.0283 0.1410 0.0419 0.0615 0.0710 
        D491  1 0.0612 0.0361 0.0839 0.0193 0.7108 0.0522 0.0214 0.0152 
        D492  1 0.1697 0.0807 0.3200 0.0666 0.0939 0.0552 0.1763 0.0376 
        D537  1 0.0733 0.0279 0.6388 0.0627 0.0222 0.0383 0.1208 0.0160 
        D538  1 0.2154 0.1820 0.0671 0.0599 0.0812 0.1762 0.1509 0.0674 
        D539  1 0.1570 0.2161 0.0452 0.1224 0.2156 0.0708 0.0827 0.0902 
        D540  1 0.3152 0.0734 0.3042 0.0228 0.0539 0.1012 0.0899 0.0393 
        D541  1 0.0222 0.0177 0.8709 0.0140 0.0145 0.0196 0.0226 0.0184 
        D551  1 0.3228 0.2843 0.0638 0.0234 0.0338 0.0213 0.1138 0.1368 
        D552  1 0.1265 0.0534 0.1388 0.0437 0.2230 0.2285 0.1512 0.0348 
        D553  1 0.0224 0.0117 0.8835 0.0128 0.0176 0.0159 0.0186 0.0176 
        D615  1 0.1018 0.1558 0.3814 0.0228 0.0664 0.1496 0.0601 0.0620 
        D616  1 0.1604 0.0748 0.2777 0.0192 0.0725 0.1459 0.1205 0.1290 
        D621  1 0.0592 0.0398 0.0183 0.2636 0.0964 0.1967 0.3071 0.0190 
        D622  1 0.0907 0.0547 0.0557 0.0455 0.0329 0.1395 0.5614 0.0196 
        D623  1 0.0618 0.0246 0.0241 0.4490 0.2081 0.0900 0.0214 0.1209 
        D624  1 0.0608 0.0297 0.0290 0.0120 0.7772 0.0274 0.0489 0.0150 
        D625  1 0.0713 0.0560 0.6585 0.0369 0.0599 0.0525 0.0512 0.0138 
        D626  1 0.0850 0.0657 0.0737 0.0370 0.3659 0.1759 0.1677 0.0290 
        D627  1 0.2198 0.4397 0.0885 0.0178 0.0447 0.0137 0.1223 0.0535 
        D690  1 0.0278 0.0229 0.7247 0.0190 0.0596 0.0624 0.0731 0.0105 
        D691  1 0.0292 0.0670 0.0946 0.0233 0.0395 0.0562 0.6737 0.0165 
        D710  1 0.1627 0.0356 0.2682 0.0895 0.1462 0.1196 0.1384 0.0397 
        D711  1 0.0266 0.0551 0.7501 0.0329 0.0308 0.0340 0.0496 0.0209 
        D712  1 0.0738 0.0433 0.0349 0.0524 0.5968 0.0634 0.0909 0.0446 
        D713  1 0.1361 0.0592 0.1917 0.3233 0.1039 0.0644 0.1059 0.0155 
        D746  1 0.0284 0.0292 0.0712 0.0170 0.0244 0.0280 0.7851 0.0167 
        D747  1 0.0185 0.0155 0.8768 0.0180 0.0200 0.0146 0.0168 0.0198 
        D748  1 0.0721 0.1871 0.2772 0.0567 0.0334 0.0766 0.2793 0.0177 
        D749  1 0.3016 0.0770 0.0198 0.0761 0.0742 0.1059 0.3085 0.0370 
        D750  1 0.0484 0.0302 0.1260 0.0400 0.6099 0.0749 0.0486 0.0219 
        D763  1 0.1489 0.1338 0.1277 0.2009 0.0269 0.0477 0.1585 0.1555 
        D764  1 0.0567 0.0227 0.5091 0.0132 0.2130 0.0987 0.0721 0.0146 
        D765  1 0.0552 0.0454 0.0263 0.0140 0.0910 0.6997 0.0515 0.0169 
        D766  1 0.0974 0.0329 0.1230 0.0978 0.0397 0.3633 0.2286 0.0173 
        D767  1 0.1108 0.1057 0.1311 0.3054 0.0304 0.0973 0.1454 0.0741 
        D768  1 0.0183 0.0167 0.8750 0.0143 0.0132 0.0179 0.0271 0.0176 
        D811  1 0.1050 0.0920 0.0321 0.1094 0.1551 0.4548 0.0257 0.0258 
        D816  1 0.0263 0.0133 0.8683 0.0144 0.0224 0.0159 0.0267 0.0128 
        D825  1 0.1229 0.0785 0.1065 0.0289 0.1523 0.4483 0.0468 0.0159 
        D866  1 0.1083 0.1535 0.0606 0.0245 0.2986 0.0965 0.0337 0.2242 
        D867  1 0.0486 0.0297 0.0205 0.0898 0.0186 0.0262 0.7381 0.0286 
        D871  1 0.1222 0.5647 0.0711 0.0283 0.0414 0.0189 0.1351 0.0183 
        D872  1 0.0981 0.0655 0.2888 0.0600 0.0460 0.2491 0.1531 0.0395 
        D873  1 0.0201 0.0226 0.0080 0.0588 0.0129 0.8357 0.0271 0.0147 
        D874  1 0.0311 0.0362 0.0667 0.7453 0.0639 0.0212 0.0174 0.0182 
        D875  1 0.1289 0.5328 0.0422 0.0207 0.0211 0.0621 0.1803 0.0119 
        D876  1 0.1189 0.0548 0.4232 0.0659 0.1168 0.0867 0.1046 0.0290 
        D877  1 0.2002 0.0941 0.0507 0.3507 0.2137 0.0521 0.0139 0.0245 
        D892  1 0.0941 0.1574 0.3455 0.0510 0.1181 0.0628 0.1526 0.0185 
        D893  1 0.0664 0.0479 0.6181 0.0548 0.0248 0.0451 0.1084 0.0345 
        D894  1 0.0767 0.1860 0.5531 0.0219 0.0504 0.0387 0.0446 0.0285 
        D915  1 0.0601 0.0526 0.5753 0.0198 0.0499 0.1374 0.0844 0.0205 
        D916  1 0.0180 0.0199 0.8674 0.0106 0.0220 0.0187 0.0306 0.0129 
        D917  1 0.1524 0.0547 0.1299 0.1258 0.3380 0.0445 0.0639 0.0908 
        D925  1 0.0406 0.0237 0.1539 0.0162 0.0699 0.6115 0.0603 0.0239 
        D926  1 0.2556 0.0630 0.4105 0.0547 0.0668 0.0494 0.0798 0.0202 
        D927  1 0.0965 0.0488 0.3556 0.0412 0.0611 0.0278 0.0707 0.2982 
        D928  1 0.0275 0.0122 0.0705 0.0178 0.7842 0.0548 0.0155 0.0175 
        D929  1 0.0575 0.1138 0.0364 0.5761 0.0585 0.0324 0.1084 0.0169 
        D936  1 0.0624 0.0498 0.5462 0.1626 0.0346 0.0356 0.0328 0.0762 
        D938  1 0.0360 0.0299 0.0372 0.0389 0.0252 0.1371 0.6829 0.0127 
        D956  1 0.0791 0.1685 0.0320 0.0322 0.5465 0.0798 0.0244 0.0374 
        D957  1 0.0687 0.0432 0.1521 0.0899 0.0381 0.4885 0.0923 0.0272 
        D958  1 0.0716 0.0559 0.2731 0.0845 0.1194 0.2702 0.1009 0.0244 
        D959  1 0.0751 0.0174 0.5170 0.0106 0.0177 0.0225 0.3144 0.0253 
        D960  1 0.0562 0.0381 0.0209 0.0693 0.0530 0.1434 0.5998 0.0194 
        D989  1 0.0573 0.0369 0.0301 0.0250 0.6981 0.0277 0.0466 0.0782 
        D990  1 0.0564 0.0470 0.0185 0.0163 0.0888 0.7088 0.0224 0.0418 
        D023  2 0.0238 0.0108 0.0372 0.0147 0.0139 0.0208 0.8639 0.0151 
        D130  2 0.0375 0.0665 0.0983 0.0260 0.0180 0.0241 0.7056 0.0240 
        D131  2 0.2677 0.1622 0.2807 0.0446 0.0356 0.0954 0.0494 0.0644 
        D163  2 0.0551 0.0227 0.1040 0.0227 0.0593 0.0575 0.6620 0.0167 
        D164  2 0.0170 0.0120 0.0135 0.0152 0.0098 0.3934 0.0239 0.5152 
        D165  2 0.0293 0.0140 0.0293 0.0186 0.0165 0.0216 0.8462 0.0246 
        D166  2 0.2299 0.3412 0.0496 0.1389 0.0176 0.0716 0.1065 0.0446 
        D167  2 0.0239 0.0186 0.0138 0.0192 0.0282 0.0202 0.0176 0.8584 
        D192  2 0.0156 0.0144 0.0102 0.0207 0.0206 0.0174 0.0192 0.8819 
        D193  2 0.1479 0.1210 0.0322 0.2604 0.2158 0.1442 0.0394 0.0390 
        D206  2 0.1741 0.0539 0.1594 0.0626 0.0315 0.0544 0.2644 0.1998 
        D207  2 0.0959 0.0889 0.0403 0.0232 0.0228 0.0196 0.0270 0.6823 
        D208  2 0.1279 0.0843 0.0601 0.0874 0.2571 0.0984 0.0558 0.2290 
        D209  2 0.2499 0.0433 0.0359 0.1196 0.0313 0.0928 0.1134 0.3137 
        D210  2 0.0369 0.0961 0.0614 0.0340 0.5705 0.0434 0.0409 0.1167 
     D229599  2 0.1425 0.0622 0.2340 0.1742 0.0722 0.1083 0.1405 0.0662 
     D229600  2 0.0744 0.0669 0.0299 0.0283 0.0183 0.0440 0.4663 0.2718 
     D237227  2 0.0685 0.0448 0.0543 0.0210 0.4487 0.2518 0.0637 0.0473 
     D237228  2 0.0758 0.0410 0.0169 0.0170 0.1126 0.6648 0.0230 0.0489 
     D237258  2 0.1871 0.0721 0.0718 0.0928 0.0896 0.0940 0.1627 0.2299 
     D237310  2 0.0491 0.2268 0.0118 0.0481 0.0389 0.5658 0.0261 0.0333 
     D237311  2 0.0478 0.0383 0.0172 0.0214 0.0221 0.6567 0.0394 0.1571 
     D237312  2 0.0774 0.2963 0.0267 0.1495 0.0364 0.3046 0.0871 0.0220 
     D237313  2 0.1666 0.0824 0.2306 0.0906 0.1173 0.2103 0.0729 0.0294 
     D237322  2 0.2905 0.2202 0.0341 0.0910 0.1191 0.1207 0.0374 0.0870 
     D237323  2 0.0547 0.0845 0.0158 0.0368 0.1467 0.5856 0.0419 0.0338 
     D237324  2 0.3542 0.0549 0.0536 0.0286 0.0171 0.0678 0.2655 0.1584 
     D237325  2 0.0948 0.0970 0.0446 0.1195 0.0733 0.3513 0.1652 0.0541 
     D237326  2 0.0399 0.0200 0.0732 0.0451 0.0640 0.6856 0.0392 0.0329 
     D237327  2 0.1674 0.1854 0.0641 0.0706 0.0941 0.0385 0.1547 0.2253 
     D237337  2 0.0310 0.0328 0.0318 0.0171 0.0295 0.8262 0.0181 0.0137 
     D237338  2 0.1514 0.0910 0.0452 0.0958 0.1319 0.1927 0.2191 0.0729 
     D237339  2 0.0721 0.0283 0.0427 0.6037 0.0169 0.0296 0.0206 0.1861 
     D237340  2 0.0839 0.0669 0.0229 0.0885 0.1318 0.3758 0.0769 0.1533 
     D237389  2 0.0831 0.1001 0.0217 0.0382 0.0204 0.6377 0.0414 0.0574 
     D237390  2 0.0708 0.1411 0.0532 0.1095 0.0520 0.4483 0.0960 0.0292 
     D244017  2 0.1438 0.0537 0.0284 0.0361 0.2857 0.0674 0.0962 0.2886 
     D244112  2 0.0364 0.0823 0.0154 0.0150 0.0200 0.0295 0.0368 0.7646 
     D244118  2 0.0384 0.0151 0.0122 0.0374 0.0242 0.0405 0.2847 0.5475 
     D244119  2 0.0190 0.0176 0.0199 0.0118 0.6553 0.0327 0.0155 0.2283 
     D244120  2 0.0478 0.2400 0.0119 0.1180 0.0582 0.0518 0.0325 0.4398 
     D244122  2 0.0804 0.0692 0.0263 0.0407 0.0364 0.0461 0.0594 0.6415 
        D291  2 0.2485 0.1563 0.0689 0.0244 0.0312 0.0509 0.1823 0.2375 
        D292  2 0.0795 0.0370 0.2206 0.0450 0.0891 0.1122 0.0281 0.3885 
        D293  2 0.0562 0.0168 0.1560 0.0554 0.0143 0.0121 0.0157 0.6735 
        D322  2 0.1108 0.0310 0.1705 0.1124 0.0227 0.0544 0.0441 0.4541 
        D323  2 0.2696 0.0931 0.0929 0.1841 0.0524 0.0986 0.0691 0.1402 
        D324  2 0.2011 0.1167 0.1740 0.0245 0.0897 0.1195 0.1402 0.1343 
        D325  2 0.0315 0.0183 0.0334 0.0189 0.0121 0.0127 0.0204 0.8528 
        D326  2 0.0293 0.0134 0.8768 0.0119 0.0307 0.0117 0.0126 0.0136 
        D340  2 0.0211 0.0184 0.0253 0.0171 0.0201 0.0150 0.0176 0.8654 
        D341  2 0.0645 0.1718 0.0490 0.0250 0.0333 0.0517 0.0296 0.5751 
        D342  2 0.1689 0.1284 0.0210 0.0261 0.0167 0.1105 0.1317 0.3966 
        D343  2 0.0146 0.0114 0.0214 0.0102 0.0095 0.0101 0.0121 0.9107 
        D344  2 0.1379 0.0477 0.1243 0.5071 0.0245 0.0926 0.0240 0.0419 
        D345  2 0.1456 0.0282 0.1487 0.0954 0.0440 0.4272 0.0733 0.0377 
        D346  2 0.0699 0.0712 0.0598 0.0534 0.5632 0.0572 0.0389 0.0864 
        D351  2 0.2150 0.1254 0.2911 0.0632 0.0249 0.0942 0.0910 0.0953 
        D352  2 0.0830 0.0251 0.0199 0.7198 0.0392 0.0545 0.0260 0.0324 
        D353  2 0.6215 0.0265 0.1785 0.0778 0.0169 0.0182 0.0266 0.0339 
        D354  2 0.0852 0.0235 0.0996 0.6349 0.0380 0.0836 0.0245 0.0107 
        D362  2 0.0395 0.0188 0.7597 0.0193 0.0279 0.0453 0.0639 0.0255 
        D363  2 0.0518 0.0140 0.7706 0.0190 0.0375 0.0417 0.0467 0.0189 
        D364  2 0.1050 0.0300 0.3699 0.2814 0.0443 0.1199 0.0280 0.0215 
        D365  2 0.0220 0.0159 0.0378 0.0294 0.0185 0.0146 0.0124 0.8493 
        D369  2 0.1224 0.0584 0.1824 0.0210 0.1549 0.1848 0.0677 0.2084 
        D374  2 0.0924 0.0224 0.0258 0.1684 0.5177 0.1376 0.0179 0.0178 
        D375  2 0.0508 0.0234 0.0272 0.8282 0.0142 0.0279 0.0175 0.0107 
        D376  2 0.0806 0.0398 0.0180 0.1697 0.4839 0.1588 0.0196 0.0297 
        D377  2 0.1361 0.1465 0.0355 0.1253 0.0739 0.3422 0.0766 0.0639 
        D378  2 0.1761 0.0511 0.1957 0.1273 0.0275 0.0336 0.1297 0.2591 
        D379  2 0.1062 0.0277 0.7277 0.0325 0.0279 0.0302 0.0286 0.0193 
        D384  2 0.0277 0.0148 0.8551 0.0149 0.0388 0.0174 0.0147 0.0166 
        D385  2 0.0480 0.0284 0.0213 0.1451 0.0289 0.0236 0.0157 0.6889 
        D386  2 0.1471 0.0479 0.1202 0.4945 0.0213 0.0297 0.0716 0.0677 
        D391  2 0.0296 0.0195 0.0525 0.0949 0.0175 0.0222 0.0173 0.7465 
        D392  2 0.0545 0.0339 0.0775 0.0202 0.0478 0.0933 0.0520 0.6206 
        D393  2 0.0787 0.1031 0.4134 0.1232 0.0366 0.0582 0.0552 0.1317 
        D394  2 0.1250 0.0943 0.0918 0.1517 0.0438 0.1987 0.2357 0.0590 
        D395  2 0.0851 0.0409 0.0196 0.5587 0.0165 0.0209 0.0300 0.2283 
        D401  2 0.0239 0.0181 0.0167 0.0125 0.0262 0.8623 0.0176 0.0228 
        D402  2 0.0184 0.0389 0.0196 0.0465 0.0189 0.0275 0.0142 0.8160 
        D403  2 0.3480 0.1090 0.2580 0.1191 0.0182 0.0374 0.0784 0.0320 
        D415  2 0.0991 0.0626 0.6675 0.0271 0.0132 0.0763 0.0403 0.0139 
        D435  2 0.0559 0.0467 0.5888 0.0419 0.0174 0.0367 0.0599 0.1527 
        D436  2 0.0818 0.0460 0.1664 0.5585 0.0371 0.0369 0.0473 0.0259 
        D438  2 0.0211 0.0165 0.0125 0.0141 0.0206 0.0134 0.0231 0.8787 
        D439  2 0.1551 0.0341 0.0849 0.4757 0.0218 0.0676 0.1077 0.0531 
        D449  2 0.2571 0.0399 0.1053 0.0203 0.0283 0.0400 0.0980 0.4113 
        D450  2 0.1810 0.2046 0.1125 0.2142 0.1623 0.0490 0.0526 0.0239 
        D456  2 0.0283 0.0163 0.8739 0.0161 0.0191 0.0143 0.0186 0.0133 
        D462  2 0.0214 0.0186 0.0399 0.0787 0.0139 0.0125 0.0286 0.7865 
        D463  2 0.0284 0.0142 0.8694 0.0187 0.0328 0.0143 0.0122 0.0099 
        D464  2 0.3427 0.0785 0.0692 0.3845 0.0292 0.0259 0.0203 0.0497 
        D465  2 0.0871 0.0642 0.2532 0.0226 0.0257 0.1052 0.0547 0.3872 
        D473  2 0.0544 0.0680 0.0280 0.1932 0.4134 0.1350 0.0737 0.0343 
        D474  2 0.0524 0.0347 0.5983 0.0216 0.0872 0.0490 0.0599 0.0969 
        D476  2 0.0636 0.0217 0.0295 0.3823 0.0176 0.0185 0.4009 0.0658 
        D477  2 0.1144 0.0646 0.2916 0.2029 0.0641 0.2004 0.0302 0.0317 
        D478  2 0.1969 0.0658 0.0506 0.0936 0.0948 0.0550 0.3976 0.0457 
        D480  2 0.1122 0.1392 0.2951 0.1708 0.1418 0.0264 0.0236 0.0909 
        D481  2 0.1233 0.0445 0.2396 0.1468 0.1164 0.0917 0.1756 0.0623 
        D482  2 0.1186 0.0663 0.0244 0.4247 0.1251 0.1184 0.0592 0.0634 
        D483  2 0.0226 0.0161 0.0160 0.0151 0.0596 0.0219 0.0320 0.8166 
        D484  2 0.0146 0.0184 0.0094 0.8953 0.0186 0.0143 0.0139 0.0156 
        D510  2 0.0581 0.0528 0.0248 0.0771 0.6238 0.0773 0.0272 0.0590 
        D511  2 0.0870 0.0300 0.1210 0.5476 0.0254 0.0341 0.0678 0.0872 
        D512  2 0.0904 0.1219 0.0293 0.0375 0.0149 0.5198 0.0478 0.1384 
        D513  2 0.0989 0.0481 0.1159 0.0309 0.0715 0.0461 0.0542 0.5344 
        D635  2 0.0810 0.0236 0.2418 0.0138 0.0265 0.0358 0.5564 0.0211 
        D636  2 0.0185 0.0131 0.0214 0.0112 0.0203 0.0443 0.8563 0.0149 
        D637  2 0.1605 0.1527 0.0337 0.2832 0.0887 0.0892 0.0308 0.1613 
        D658  2 0.0570 0.0426 0.0245 0.3135 0.1037 0.0792 0.0282 0.3513 
        D659  2 0.0809 0.0390 0.6410 0.0352 0.0367 0.0214 0.1127 0.0329 
        D677  2 0.1075 0.1661 0.2889 0.0664 0.0280 0.0880 0.1816 0.0736 
        D678  2 0.1894 0.0802 0.0228 0.0358 0.0177 0.0569 0.0381 0.5591 
        D679  2 0.2218 0.0799 0.4027 0.0570 0.0614 0.0492 0.0613 0.0668 
        D719  2 0.0580 0.0192 0.2245 0.0434 0.4057 0.0586 0.0211 0.1695 
        D720  2 0.0569 0.0199 0.7571 0.0156 0.0635 0.0301 0.0279 0.0290 
        D721  2 0.0421 0.0314 0.0356 0.0218 0.0329 0.0133 0.7919 0.0310 
        D722  2 0.0855 0.0295 0.0279 0.1718 0.3252 0.2706 0.0302 0.0593 
        D734  2 0.0551 0.0538 0.0294 0.6002 0.1652 0.0136 0.0162 0.0664 
        D735  2 0.1642 0.1390 0.2727 0.0639 0.0994 0.1375 0.0679 0.0554 
        D736  2 0.0819 0.0674 0.0706 0.0467 0.4792 0.0635 0.0749 0.1158 
        D737  2 0.0760 0.0453 0.0214 0.1957 0.0572 0.0901 0.1002 0.4142 
        D807  2 0.0864 0.0993 0.1890 0.1037 0.2501 0.1594 0.0446 0.0675 
        D808  2 0.1251 0.2218 0.0961 0.0535 0.0255 0.2261 0.0768 0.1751 
        D817  2 0.1486 0.0406 0.4047 0.1304 0.0448 0.1433 0.0570 0.0307 
        D818  2 0.1799 0.1947 0.0594 0.0331 0.0301 0.0204 0.1607 0.3216 
        D819  2 0.1603 0.0782 0.1725 0.0396 0.0357 0.3644 0.1041 0.0452 
        D820  2 0.0410 0.0256 0.7667 0.0651 0.0252 0.0139 0.0240 0.0387 
        D895  2 0.2166 0.0312 0.3448 0.0514 0.0432 0.0771 0.2106 0.0251 
        D896  2 0.0155 0.0181 0.0141 0.0172 0.0251 0.8842 0.0123 0.0134 
        D897  2 0.1658 0.2018 0.0348 0.0525 0.0302 0.0687 0.0380 0.4082 
        D898  2 0.1741 0.1420 0.0460 0.0476 0.0455 0.4736 0.0357 0.0354 
        D918  2 0.1693 0.1984 0.0497 0.1116 0.0759 0.1464 0.1417 0.1070 
        D919  2 0.1760 0.0409 0.1054 0.3948 0.0244 0.0273 0.0591 0.1722 
        D920  2 0.0577 0.0507 0.0316 0.0412 0.0671 0.0549 0.6679 0.0289 
        D923  2 0.0752 0.0315 0.6733 0.0879 0.0243 0.0231 0.0446 0.0401 
        D930  2 0.1518 0.1938 0.2107 0.1718 0.1089 0.0922 0.0303 0.0406 
        D931  2 0.0951 0.0458 0.3419 0.2266 0.0486 0.0605 0.0528 0.1288 
        D968  2 0.0186 0.0118 0.0154 0.0147 0.0130 0.0111 0.0115 0.9039 
        D969  2 0.1325 0.0921 0.2557 0.0270 0.1049 0.0533 0.0397 0.2948 
        D977  2 0.0735 0.0533 0.0334 0.0315 0.0210 0.0183 0.0336 0.7353 
        D978  2 0.1404 0.5523 0.0272 0.0262 0.0340 0.0280 0.0266 0.1654 
        D211  3 0.0933 0.2594 0.0690 0.0418 0.0344 0.0395 0.4419 0.0206 
     D229639  3 0.1003 0.1095 0.0590 0.0381 0.2291 0.0790 0.0321 0.3528 
     D237212  3 0.1130 0.1668 0.1151 0.2336 0.0365 0.0956 0.0767 0.1626 
     D237213  3 0.1366 0.2038 0.0607 0.1237 0.0167 0.3261 0.0900 0.0424 
     D237214  3 0.0594 0.0262 0.0226 0.0138 0.0217 0.0152 0.8272 0.0138 
     D237215  3 0.0590 0.0335 0.0204 0.0341 0.0892 0.0551 0.0166 0.6921 
     D237216  3 0.6629 0.0907 0.0477 0.0434 0.0202 0.0499 0.0569 0.0283 
     D237217  3 0.3900 0.1035 0.1182 0.0169 0.0154 0.0925 0.2335 0.0300 
     D237218  3 0.0927 0.4415 0.0867 0.1751 0.0715 0.0256 0.0430 0.0638 
     D237219  3 0.1840 0.0766 0.0524 0.0238 0.1290 0.3796 0.1144 0.0401 
     D237382  3 0.1056 0.3729 0.1108 0.0578 0.0734 0.1703 0.0611 0.0481 
     D244127  3 0.0839 0.0634 0.0226 0.0321 0.0181 0.6575 0.0482 0.0744 
     D244129  3 0.1795 0.1194 0.1279 0.0825 0.0566 0.2107 0.1366 0.0869 
     D244133  3 0.2111 0.0872 0.1033 0.0172 0.1647 0.0908 0.1847 0.1410 
     D244134  3 0.0867 0.0410 0.0415 0.0294 0.4939 0.1435 0.0535 0.1104 
     D244135  3 0.0442 0.0341 0.0348 0.0231 0.0183 0.0230 0.7889 0.0336 
     D244136  3 0.1523 0.0849 0.2117 0.0434 0.2398 0.0723 0.1018 0.0937 
        D416  3 0.2118 0.1583 0.1115 0.0393 0.0400 0.1864 0.1183 0.1344 
        D417  3 0.0519 0.1013 0.6924 0.0283 0.0285 0.0441 0.0350 0.0186 
        D419  3 0.1706 0.0957 0.1383 0.0428 0.1070 0.1858 0.1373 0.1225 
        D565  3 0.0270 0.0156 0.0583 0.0170 0.8213 0.0255 0.0192 0.0161 
        D566  3 0.1104 0.0619 0.0714 0.0278 0.4138 0.0563 0.0418 0.2165 
        D567  3 0.0854 0.0358 0.5614 0.0370 0.0246 0.0890 0.1286 0.0383 
        D568  3 0.1327 0.0785 0.1497 0.1457 0.0200 0.1124 0.2236 0.1376 
        D569  3 0.0957 0.0587 0.0189 0.6182 0.0357 0.0376 0.0747 0.0606 
        D573  3 0.0659 0.0448 0.0960 0.0245 0.0305 0.0221 0.0202 0.6959 
        D574  3 0.1164 0.1449 0.0451 0.0557 0.4009 0.1078 0.0779 0.0513 
        D575  3 0.1174 0.0534 0.1156 0.0402 0.1806 0.3132 0.1200 0.0597 
        D576  3 0.0661 0.0348 0.0077 0.0284 0.0309 0.0221 0.0351 0.7750 
        D577  3 0.0911 0.0959 0.5404 0.0491 0.0392 0.0279 0.1290 0.0273 
        D578  3 0.0331 0.0308 0.0150 0.0119 0.0137 0.0211 0.8500 0.0243 
        D579  3 0.1223 0.0857 0.2038 0.0962 0.2618 0.0655 0.0682 0.0965 
        D660  3 0.1382 0.0999 0.0238 0.0700 0.0183 0.1161 0.1062 0.4273 
        D661  3 0.1480 0.3611 0.0380 0.0569 0.0233 0.0246 0.0468 0.3012 
        D663  3 0.1587 0.1081 0.0403 0.0469 0.0242 0.0199 0.0356 0.5664 
        D664  3 0.1879 0.1364 0.0223 0.0468 0.0757 0.1953 0.2108 0.1247 
        D665  3 0.2678 0.2574 0.0188 0.1283 0.0120 0.1343 0.1336 0.0478 
        D666  3 0.0954 0.0712 0.0764 0.0379 0.1274 0.4950 0.0668 0.0299 
        D009  4 0.1293 0.2063 0.1228 0.1491 0.0344 0.1402 0.2018 0.0161 
        D057  4 0.0548 0.0383 0.0375 0.4321 0.0309 0.0161 0.2603 0.1299 
        D109  4 0.0936 0.1060 0.0410 0.0302 0.0450 0.5858 0.0756 0.0227 
     D237222  4 0.0734 0.0706 0.0281 0.0552 0.1243 0.0605 0.5534 0.0344 
     D237223  4 0.1779 0.1957 0.0553 0.0823 0.1212 0.1355 0.1602 0.0719 
     D237224  4 0.1460 0.0536 0.1453 0.2159 0.0414 0.0616 0.0659 0.2704 
     D237225  4 0.2676 0.2237 0.1230 0.0717 0.0542 0.0723 0.1555 0.0320 
     D237299  4 0.0444 0.8102 0.0153 0.0195 0.0272 0.0304 0.0318 0.0212 
     D237300  4 0.0917 0.1897 0.0194 0.0299 0.0540 0.0438 0.0326 0.5389 
     D237306  4 0.0860 0.0801 0.0889 0.0753 0.4171 0.1714 0.0535 0.0276 
     D237307  4 0.1056 0.1208 0.3877 0.0287 0.1793 0.0530 0.0771 0.0478 
     D237308  4 0.0869 0.0246 0.0426 0.2385 0.0889 0.1056 0.0841 0.3288 
     D237309  4 0.2787 0.0999 0.1766 0.0766 0.0296 0.0895 0.1910 0.0580 
     D237317  4 0.1682 0.0307 0.1443 0.0364 0.4379 0.0612 0.0930 0.0282 
     D237318  4 0.0493 0.1741 0.0234 0.0128 0.0272 0.0206 0.0176 0.6749 
     D237319  4 0.2098 0.2241 0.1024 0.0440 0.0546 0.1413 0.1730 0.0509 
     D237320  4 0.0996 0.3214 0.0870 0.0269 0.0344 0.1200 0.1649 0.1459 
     D237321  4 0.1273 0.1282 0.0679 0.0282 0.0885 0.0654 0.0642 0.4303 
     D237397  4 0.1146 0.2648 0.0714 0.0361 0.1962 0.1031 0.1020 0.1117 
     D237398  4 0.1250 0.3531 0.0895 0.0427 0.0252 0.0205 0.0440 0.3000 
     D237399  4 0.0821 0.1649 0.1451 0.0498 0.2880 0.0694 0.1386 0.0620 
     D244001  4 0.1261 0.0655 0.0324 0.0798 0.0298 0.0401 0.5460 0.0804 
        D289  4 0.0795 0.0667 0.0776 0.2029 0.3475 0.0410 0.0884 0.0963 
        D290  4 0.1927 0.4656 0.0995 0.0567 0.0283 0.0477 0.0616 0.0479 
        D294  4 0.1575 0.4569 0.0891 0.1427 0.0351 0.0192 0.0719 0.0276 
        D295  4 0.0994 0.1280 0.3188 0.0908 0.0534 0.2127 0.0571 0.0399 
        D301  4 0.0600 0.0652 0.0222 0.0441 0.0610 0.0813 0.6134 0.0529 
        D302  4 0.0462 0.0254 0.0850 0.7617 0.0135 0.0172 0.0369 0.0141 
        D303  4 0.0614 0.0558 0.0448 0.1412 0.5003 0.1035 0.0435 0.0495 
        D304  4 0.2377 0.3385 0.1032 0.0466 0.1097 0.0321 0.0719 0.0603 
        D305  4 0.4729 0.0274 0.0194 0.3310 0.0125 0.0278 0.0342 0.0748 
        D306  4 0.4650 0.3016 0.0427 0.0348 0.0323 0.0424 0.0607 0.0205 
        D307  4 0.0307 0.0336 0.0169 0.0561 0.0784 0.0286 0.7338 0.0219 
        D327  4 0.1015 0.0459 0.5894 0.0402 0.0837 0.0263 0.0515 0.0615 
        D328  4 0.0584 0.0350 0.0210 0.6939 0.0826 0.0669 0.0247 0.0174 
        D329  4 0.1664 0.1664 0.0675 0.2094 0.0521 0.1321 0.0952 0.1109 
        D330  4 0.1373 0.0627 0.2992 0.0815 0.0161 0.2114 0.1470 0.0448 
        D331  4 0.1562 0.1870 0.2399 0.0519 0.0969 0.1271 0.0706 0.0704 
        D333  4 0.0977 0.1537 0.0816 0.2682 0.1059 0.1316 0.0861 0.0752 
        D334  4 0.0608 0.0910 0.1082 0.0513 0.5442 0.0306 0.0941 0.0199 
        D335  4 0.0479 0.0153 0.2215 0.5993 0.0244 0.0264 0.0291 0.0362 
        D370  4 0.1040 0.0378 0.0311 0.2161 0.0639 0.4777 0.0385 0.0309 
        D371  4 0.0418 0.0316 0.1011 0.0411 0.7186 0.0312 0.0179 0.0166 
        D372  4 0.2794 0.3179 0.0160 0.0242 0.0536 0.0533 0.0209 0.2348 
        D373  4 0.0575 0.0331 0.0324 0.0468 0.0243 0.0234 0.7165 0.0659 
        D455  4 0.0268 0.0269 0.0348 0.0625 0.0328 0.0260 0.7570 0.0332 
        D490  4 0.0279 0.0559 0.0204 0.0358 0.0186 0.0277 0.8033 0.0105 
        D497  4 0.0501 0.0516 0.0170 0.0840 0.0196 0.0454 0.7119 0.0204 
        D498  4 0.1280 0.1895 0.0875 0.0588 0.1303 0.2656 0.0721 0.0682 
        D499  4 0.1444 0.1669 0.0305 0.1399 0.1412 0.0940 0.0297 0.2533 
        D514  4 0.1630 0.1439 0.3851 0.1102 0.0169 0.0637 0.0799 0.0372 
        D515  4 0.1196 0.5868 0.0519 0.0653 0.0273 0.0511 0.0747 0.0233 
        D516  4 0.1413 0.0765 0.1830 0.0291 0.0631 0.3486 0.0784 0.0800 
        D517  4 0.1289 0.0446 0.0454 0.0280 0.0217 0.0624 0.6344 0.0346 
        D518  4 0.0473 0.0289 0.0306 0.5966 0.0763 0.0193 0.1732 0.0278 
        D519  4 0.0780 0.6252 0.0509 0.0226 0.0341 0.0567 0.0960 0.0367 
        D560  4 0.0821 0.6305 0.0978 0.0470 0.0185 0.0223 0.0553 0.0464 
        D561  4 0.2531 0.1495 0.0853 0.0579 0.0134 0.0625 0.3293 0.0490 
        D562  4 0.1804 0.1920 0.0489 0.1363 0.0625 0.0530 0.2717 0.0551 
        D563  4 0.1684 0.0867 0.0384 0.1499 0.0233 0.0680 0.0703 0.3949 
        D572  4 0.0468 0.0408 0.0549 0.6971 0.0201 0.0214 0.0982 0.0205 
        D629  4 0.1103 0.0777 0.2220 0.0765 0.0277 0.0493 0.4135 0.0229 
        D630  4 0.1421 0.2577 0.1078 0.1311 0.0683 0.0363 0.2144 0.0424 
        D631  4 0.0470 0.0777 0.0305 0.6543 0.0233 0.0193 0.0535 0.0944 
        D632  4 0.0539 0.0311 0.0455 0.1733 0.0187 0.1165 0.4332 0.1277 
        D646  4 0.1631 0.1583 0.2478 0.0373 0.0307 0.2007 0.1007 0.0614 
        D647  4 0.0809 0.0859 0.4680 0.0706 0.0139 0.0798 0.1315 0.0693 
        D648  4 0.0395 0.0696 0.0148 0.7781 0.0371 0.0248 0.0180 0.0181 
        D649  4 0.0517 0.0496 0.3146 0.1639 0.0210 0.2871 0.0887 0.0235 
        D650  4 0.0732 0.2353 0.2159 0.1599 0.1130 0.0608 0.1153 0.0267 
        D708  4 0.1198 0.1493 0.0543 0.2885 0.2595 0.0528 0.0527 0.0231 
        D709  4 0.2517 0.1185 0.0503 0.1089 0.0459 0.3556 0.0324 0.0366 
        D738  4 0.0616 0.0578 0.1033 0.0331 0.4818 0.1471 0.0921 0.0234 
        D739  4 0.1461 0.3181 0.0399 0.0876 0.0324 0.0787 0.2729 0.0243 
        D740  4 0.2018 0.2289 0.0232 0.0718 0.1720 0.2001 0.0563 0.0459 
        D741  4 0.2935 0.2180 0.1716 0.0313 0.0183 0.0897 0.0461 0.1314 
        D742  4 0.1359 0.1704 0.0548 0.0792 0.1400 0.0552 0.0728 0.2918 
        D743  4 0.0536 0.0549 0.4463 0.2988 0.0269 0.0194 0.0469 0.0531 
        D744  4 0.0391 0.0435 0.0284 0.7769 0.0195 0.0228 0.0309 0.0388 
        D745  4 0.0751 0.6538 0.0364 0.0270 0.0254 0.0373 0.1216 0.0235 
        D814  4 0.3982 0.2000 0.0256 0.0698 0.0209 0.0152 0.1267 0.1436 
        D815  4 0.1074 0.0527 0.1365 0.4581 0.0473 0.1191 0.0436 0.0353 
        D828  4 0.0917 0.3526 0.0133 0.2942 0.0915 0.0462 0.0386 0.0719 
        D845  4 0.0468 0.1295 0.0260 0.0255 0.2103 0.0229 0.0182 0.5208 
        D846  4 0.1176 0.0255 0.0999 0.3284 0.0128 0.0211 0.2735 0.1211 
        D847  4 0.0817 0.2747 0.0951 0.0599 0.1313 0.0475 0.2535 0.0562 
        D848  4 0.0553 0.0258 0.0155 0.0332 0.0199 0.0205 0.7233 0.1065 
        D849  4 0.1755 0.2857 0.0619 0.0629 0.0226 0.1698 0.1949 0.0267 
        D850  4 0.1766 0.0615 0.1298 0.0387 0.0958 0.0381 0.3620 0.0975 
        D856  4 0.2430 0.2696 0.0471 0.0558 0.0336 0.2586 0.0660 0.0262 
        D857  4 0.0348 0.0492 0.0108 0.0443 0.0231 0.7451 0.0412 0.0515 
        D859  4 0.0804 0.0920 0.0755 0.5867 0.0353 0.0354 0.0345 0.0601 
        D860  4 0.0621 0.0286 0.0835 0.0767 0.5128 0.0318 0.0437 0.1607 
        D883  4 0.1033 0.0885 0.1918 0.0772 0.1046 0.1584 0.2425 0.0337 
        D884  4 0.1391 0.1823 0.1027 0.1467 0.0764 0.2509 0.0761 0.0258 
        D885  4 0.2570 0.3356 0.1305 0.0632 0.0342 0.0518 0.0575 0.0702 
        D886  4 0.0822 0.1338 0.1935 0.0742 0.0246 0.1891 0.2467 0.0560 
        D887  4 0.1138 0.2633 0.0963 0.1326 0.0722 0.0879 0.0605 0.1733 
        D889  4 0.2042 0.5134 0.0422 0.0698 0.0358 0.0230 0.0237 0.0878 
        D890  4 0.1259 0.0569 0.0537 0.2346 0.0905 0.2379 0.1468 0.0537 
        D891  4 0.0607 0.1927 0.0174 0.0117 0.0307 0.0187 0.0149 0.6532 
        D899  4 0.0660 0.0855 0.0398 0.0980 0.0863 0.0400 0.0344 0.5501 
        D900  4 0.1815 0.1581 0.1433 0.1331 0.0778 0.0997 0.1227 0.0837 
        D970  4 0.1281 0.0735 0.1420 0.3082 0.0798 0.0803 0.1072 0.0810 
        D971  4 0.1228 0.0379 0.0814 0.2003 0.0535 0.0631 0.0389 0.4021 
        D979  4 0.0495 0.0257 0.3736 0.4526 0.0268 0.0190 0.0261 0.0267 
        D093  5 0.0340 0.0669 0.0493 0.0264 0.7431 0.0288 0.0290 0.0226 
        D154  5 0.2495 0.2514 0.0318 0.0528 0.0603 0.0649 0.0260 0.2632 
        D168  5 0.2775 0.1164 0.0899 0.0336 0.0186 0.0906 0.1488 0.2246 
        D189  5 0.0953 0.2199 0.0405 0.0564 0.4244 0.0365 0.0338 0.0932 
        D190  5 0.0349 0.0362 0.0339 0.0718 0.7223 0.0538 0.0195 0.0276 
     D237220  5 0.1169 0.2743 0.0298 0.0829 0.1458 0.1667 0.1568 0.0268 
     D237221  5 0.1041 0.1267 0.1092 0.0918 0.3229 0.0668 0.0521 0.1265 
     D237274  5 0.0815 0.0294 0.5350 0.1722 0.0190 0.0765 0.0375 0.0489 
     D237275  5 0.0965 0.0882 0.0200 0.0178 0.0272 0.0615 0.0241 0.6647 
     D237276  5 0.1043 0.2390 0.1171 0.0718 0.1639 0.1963 0.0766 0.0310 
     D237277  5 0.0441 0.0582 0.0367 0.0625 0.6460 0.0508 0.0215 0.0802 
     D237278  5 0.1180 0.1235 0.0444 0.0963 0.2005 0.1079 0.0801 0.2293 
     D237279  5 0.3975 0.0432 0.0541 0.0600 0.0248 0.2173 0.1657 0.0376 
     D237280  5 0.1074 0.0386 0.0819 0.0391 0.0670 0.5176 0.1352 0.0132 
     D237281  5 0.0442 0.0489 0.0300 0.0260 0.0216 0.0221 0.0164 0.7907 
     D237351  5 0.0413 0.0592 0.0251 0.0291 0.0533 0.7408 0.0295 0.0216 
     D237352  5 0.0827 0.0347 0.0939 0.2217 0.0536 0.0476 0.4206 0.0452 
     D237353  5 0.0271 0.0240 0.0158 0.0395 0.7797 0.0795 0.0150 0.0195 
     D237359  5 0.1079 0.4816 0.0428 0.0755 0.0797 0.0571 0.1214 0.0339 
     D237361  5 0.0322 0.0256 0.0225 0.0284 0.8006 0.0563 0.0159 0.0186 
     D237362  5 0.1873 0.0826 0.2009 0.0704 0.1737 0.1657 0.0634 0.0561 
     D237363  5 0.6180 0.0895 0.0443 0.0223 0.0468 0.0380 0.0555 0.0857 
     D237364  5 0.1185 0.4322 0.0888 0.0993 0.0155 0.0441 0.1011 0.1006 
     D237376  5 0.0403 0.1794 0.0131 0.5402 0.1250 0.0428 0.0175 0.0418 
     D237377  5 0.1502 0.0241 0.1445 0.0477 0.1261 0.3998 0.0673 0.0402 
     D237378  5 0.0594 0.0954 0.0312 0.1747 0.4677 0.0395 0.0430 0.0890 
     D237379  5 0.0890 0.1466 0.0415 0.3505 0.2484 0.0340 0.0489 0.0411 
     D237380  5 0.0771 0.0395 0.0260 0.2208 0.0412 0.5398 0.0428 0.0128 
     D237381  5 0.1159 0.0312 0.0445 0.1095 0.0637 0.3663 0.2235 0.0453 
     D237391  5 0.0186 0.0384 0.0345 0.0158 0.8372 0.0169 0.0212 0.0175 
     D237392  5 0.1261 0.0518 0.3315 0.1181 0.0286 0.1155 0.0621 0.1663 
     D237393  5 0.0790 0.0342 0.3355 0.0454 0.1936 0.1896 0.0634 0.0592 
     D237394  5 0.0234 0.0147 0.0252 0.0262 0.8502 0.0282 0.0202 0.0119 
     D237395  5 0.0894 0.4888 0.0318 0.0254 0.1934 0.0832 0.0465 0.0414 
     D237396  5 0.1058 0.0273 0.3271 0.0382 0.2131 0.0823 0.1411 0.0650 
     D244016  5 0.2797 0.0549 0.0326 0.2047 0.2559 0.0486 0.0334 0.0901 
     D244018  5 0.1259 0.0490 0.0951 0.0263 0.2300 0.0889 0.1170 0.2677 
     D244019  5 0.3026 0.0966 0.1795 0.1050 0.0537 0.1049 0.0333 0.1243 
        D279  5 0.1407 0.4759 0.0417 0.0973 0.0654 0.0607 0.0361 0.0821 
        D280  5 0.2158 0.1362 0.1034 0.0237 0.2379 0.1007 0.0921 0.0901 
        D281  5 0.1163 0.2091 0.0262 0.0302 0.0936 0.0167 0.0167 0.4912 
        D283  5 0.0947 0.0268 0.1642 0.0270 0.4962 0.0942 0.0391 0.0578 
        D284  5 0.1251 0.3569 0.0548 0.0502 0.0369 0.1024 0.2311 0.0425 
        D285  5 0.1161 0.1572 0.0812 0.0526 0.4698 0.0648 0.0303 0.0280 
        D286  5 0.1349 0.2811 0.0972 0.1556 0.1784 0.0543 0.0649 0.0337 
        D287  5 0.1231 0.1933 0.0159 0.3996 0.1212 0.0621 0.0595 0.0254 
        D288  5 0.2329 0.0502 0.2641 0.0280 0.1164 0.1315 0.0655 0.1113 
        D308  5 0.0359 0.0347 0.0805 0.0194 0.0255 0.7617 0.0223 0.0199 
        D309  5 0.0625 0.0160 0.0295 0.8071 0.0194 0.0194 0.0320 0.0141 
        D310  5 0.1551 0.0288 0.0157 0.0174 0.7150 0.0399 0.0115 0.0167 
        D311  5 0.2158 0.0967 0.1609 0.2745 0.1210 0.0485 0.0479 0.0348 
        D312  5 0.1166 0.1784 0.0972 0.2434 0.1658 0.0576 0.0915 0.0495 
        D313  5 0.0245 0.0189 0.0158 0.0107 0.0219 0.5678 0.3301 0.0102 
        D314  5 0.1593 0.4152 0.0340 0.0945 0.0639 0.1240 0.0439 0.0652 
        D315  5 0.1466 0.1020 0.2009 0.0497 0.2307 0.1245 0.0907 0.0549 
        D317  5 0.0324 0.0297 0.0549 0.0200 0.7860 0.0291 0.0298 0.0182 
        D318  5 0.2088 0.1183 0.1069 0.1526 0.0741 0.0531 0.1861 0.1001 
        D319  5 0.0336 0.0299 0.0277 0.0160 0.7223 0.1341 0.0153 0.0211 
        D320  5 0.0462 0.0481 0.0306 0.0833 0.6732 0.0684 0.0277 0.0225 
        D321  5 0.0467 0.0304 0.0848 0.0223 0.0965 0.6624 0.0225 0.0345 
        D336  5 0.0961 0.0555 0.0308 0.1290 0.6155 0.0341 0.0253 0.0137 
        D337  5 0.0306 0.0147 0.0204 0.0298 0.8362 0.0264 0.0126 0.0293 
        D338  5 0.0970 0.3995 0.1528 0.0474 0.1676 0.0414 0.0388 0.0555 
        D339  5 0.0757 0.0760 0.0476 0.0223 0.6214 0.0837 0.0306 0.0429 
        D347  5 0.2445 0.0782 0.1857 0.1577 0.0644 0.0771 0.0462 0.1462 
        D348  5 0.0710 0.0162 0.0189 0.1335 0.6542 0.0509 0.0176 0.0377 
        D349  5 0.0224 0.0160 0.0162 0.0186 0.0303 0.8703 0.0118 0.0144 
        D350  5 0.0261 0.0356 0.0173 0.8522 0.0159 0.0153 0.0176 0.0199 
        D355  5 0.3546 0.1624 0.1097 0.0642 0.0195 0.0412 0.0217 0.2267 
        D356  5 0.0965 0.0782 0.2347 0.0594 0.2900 0.0585 0.1464 0.0363 
        D357  5 0.2546 0.2234 0.0652 0.0906 0.1045 0.1743 0.0340 0.0535 
        D358  5 0.1386 0.0625 0.0615 0.1744 0.3433 0.0980 0.0834 0.0383 
        D359  5 0.0807 0.0244 0.1790 0.0668 0.4862 0.1231 0.0175 0.0223 
        D360  5 0.0744 0.0726 0.0854 0.0330 0.4947 0.0431 0.1781 0.0188 
        D361  5 0.0230 0.0203 0.0268 0.0140 0.0201 0.8622 0.0169 0.0168 
        D366  5 0.0609 0.0199 0.6067 0.0179 0.0269 0.0281 0.0831 0.1565 
        D367  5 0.1758 0.0867 0.0253 0.1349 0.3444 0.1854 0.0307 0.0167 
        D368  5 0.1542 0.0994 0.0986 0.0378 0.1586 0.3962 0.0269 0.0283 
        D380  5 0.1985 0.0770 0.0602 0.3961 0.0374 0.0934 0.0779 0.0593 
        D381  5 0.1186 0.0334 0.0625 0.0361 0.5695 0.1170 0.0229 0.0401 
        D400  5 0.1054 0.1423 0.0961 0.2039 0.2482 0.0417 0.0458 0.1166 
        D411  5 0.0624 0.0736 0.0201 0.0274 0.0105 0.0609 0.7131 0.0320 
        D412  5 0.4267 0.0522 0.0696 0.0401 0.0722 0.1334 0.0966 0.1092 
        D413  5 0.0833 0.0739 0.0878 0.0550 0.0248 0.0231 0.0825 0.5696 
        D414  5 0.0401 0.0859 0.0262 0.7321 0.0179 0.0220 0.0175 0.0582 
        D420  5 0.2011 0.2587 0.0343 0.0220 0.0488 0.0577 0.3046 0.0728 
        D431  5 0.1725 0.3337 0.0169 0.1942 0.0419 0.1504 0.0390 0.0515 
        D432  5 0.1192 0.0519 0.0741 0.0317 0.4532 0.0898 0.1076 0.0726 
        D433  5 0.0663 0.0409 0.0509 0.0281 0.4969 0.2386 0.0202 0.0581 
        D434  5 0.0822 0.0337 0.0842 0.0288 0.4808 0.2112 0.0539 0.0252 
        D440  5 0.0326 0.0341 0.0165 0.8450 0.0205 0.0216 0.0145 0.0154 
        D447  5 0.2696 0.0634 0.2335 0.0864 0.0280 0.0661 0.1866 0.0664 
        D448  5 0.1914 0.0766 0.0904 0.1134 0.3864 0.0421 0.0350 0.0649 
        D459  5 0.0615 0.0814 0.0735 0.0339 0.0275 0.0255 0.0226 0.6742 
        D460  5 0.0252 0.0200 0.0423 0.0189 0.0586 0.8018 0.0147 0.0184 
        D461  5 0.0408 0.0300 0.0502 0.7995 0.0234 0.0243 0.0177 0.0141 
        D468  5 0.2069 0.1190 0.2038 0.0635 0.1044 0.1706 0.0723 0.0596 
        D469  5 0.0868 0.1316 0.4610 0.0564 0.0848 0.0817 0.0719 0.0257 
        D470  5 0.2150 0.2115 0.0784 0.1484 0.0642 0.0548 0.1920 0.0358 
        D471  5 0.1191 0.1259 0.0600 0.0906 0.4729 0.0531 0.0191 0.0593 
        D472  5 0.0372 0.0225 0.6899 0.0156 0.0280 0.0234 0.0222 0.1611 
        D479  5 0.0605 0.0184 0.0346 0.1798 0.0222 0.0273 0.0332 0.6240 
        D485  5 0.1004 0.1669 0.0285 0.5059 0.0397 0.0559 0.0560 0.0467 
        D486  5 0.1619 0.2170 0.1465 0.0839 0.0576 0.1189 0.1798 0.0343 
        D487  5 0.1467 0.1741 0.0375 0.1677 0.2308 0.0648 0.0427 0.1358 
        D555  5 0.0217 0.0217 0.0225 0.0260 0.8113 0.0244 0.0224 0.0501 
        D556  5 0.0957 0.2710 0.0419 0.2544 0.1054 0.1153 0.0575 0.0589 
        D557  5 0.0463 0.0215 0.0352 0.0512 0.7204 0.0718 0.0200 0.0335 
        D564  5 0.0869 0.0511 0.0556 0.3241 0.1862 0.2048 0.0607 0.0306 
        D594  5 0.3246 0.0490 0.2242 0.1017 0.0481 0.1350 0.0448 0.0725 
        D595  5 0.1146 0.0921 0.1622 0.0769 0.3323 0.0684 0.0612 0.0922 
        D596  5 0.0320 0.0233 0.0235 0.0241 0.7815 0.0501 0.0265 0.0390 
        D597  5 0.1129 0.0475 0.1095 0.0891 0.2966 0.0395 0.0341 0.2708 
        D598  5 0.1106 0.0748 0.0869 0.0874 0.3971 0.0800 0.1123 0.0509 
        D617  5 0.1374 0.0641 0.0259 0.0251 0.0133 0.0560 0.5432 0.1348 
        D618  5 0.0513 0.0543 0.0592 0.0583 0.6444 0.0546 0.0316 0.0463 
        D619  5 0.1163 0.0163 0.1390 0.0567 0.0699 0.5220 0.0194 0.0604 
        D620  5 0.0260 0.0307 0.0566 0.0207 0.0354 0.0242 0.0213 0.7851 
        D628  5 0.0807 0.0715 0.0233 0.6760 0.0434 0.0331 0.0528 0.0193 
        D714  5 0.1210 0.1024 0.0161 0.4633 0.1216 0.0361 0.0320 0.1075 
        D715  5 0.0324 0.0226 0.0559 0.0271 0.7648 0.0299 0.0190 0.0484 
        D716  5 0.2576 0.1054 0.1042 0.2247 0.0478 0.0299 0.0648 0.1656 
        D717  5 0.0572 0.0823 0.3130 0.0929 0.2330 0.0843 0.1001 0.0372 
        D718  5 0.2132 0.4340 0.0200 0.0920 0.0593 0.0774 0.0577 0.0464 
        D769  5 0.1628 0.0618 0.0288 0.0636 0.0239 0.0386 0.5541 0.0664 
        D770  5 0.1615 0.1116 0.0456 0.3535 0.0705 0.0421 0.0299 0.1853 
        D771  5 0.1977 0.1752 0.0431 0.1008 0.0813 0.1106 0.1037 0.1876 
        D772  5 0.0409 0.0583 0.0287 0.6940 0.0689 0.0344 0.0469 0.0278 
        D782  5 0.4308 0.0457 0.0543 0.0287 0.0353 0.1497 0.0812 0.1743 
        D783  5 0.1122 0.0527 0.0192 0.4170 0.1096 0.0289 0.0292 0.2313 
        D784  5 0.1281 0.0827 0.2651 0.2235 0.1314 0.0590 0.0593 0.0509 
        D785  5 0.0607 0.0519 0.0380 0.1463 0.4819 0.1599 0.0427 0.0185 
        D786  5 0.0557 0.0548 0.1607 0.1631 0.0186 0.0859 0.4183 0.0429 
        D821  5 0.0135 0.0125 0.0116 0.0236 0.9057 0.0134 0.0089 0.0107 
        D822  5 0.2352 0.0809 0.2093 0.1371 0.0885 0.1411 0.0289 0.0790 
        D826  5 0.1036 0.1630 0.0514 0.0527 0.3943 0.0909 0.0284 0.1158 
        D827  5 0.2675 0.0602 0.3007 0.1141 0.0308 0.0443 0.1013 0.0811 
        D851  5 0.3754 0.1087 0.0981 0.0967 0.1305 0.0738 0.0782 0.0388 
        D852  5 0.0780 0.0989 0.0248 0.3382 0.1614 0.1815 0.0253 0.0919 
        D853  5 0.1424 0.3071 0.0963 0.0453 0.2254 0.0753 0.0490 0.0593 
        D854  5 0.2693 0.2211 0.1030 0.0939 0.0155 0.1177 0.0427 0.1366 
        D861  5 0.2848 0.2003 0.0690 0.0491 0.1008 0.1199 0.0520 0.1242 
        D862  5 0.1770 0.0556 0.3101 0.1050 0.1949 0.0870 0.0444 0.0261 
        D865  5 0.0575 0.0371 0.0259 0.0486 0.5850 0.1378 0.0333 0.0748 
        D868  5 0.0532 0.0678 0.6839 0.0241 0.0740 0.0336 0.0378 0.0255 
        D869  5 0.0403 0.0379 0.0349 0.0138 0.0406 0.0558 0.7493 0.0273 
        D870  5 0.3626 0.1940 0.0454 0.0227 0.0125 0.0210 0.2903 0.0515 
        D907  5 0.1228 0.0729 0.0340 0.0272 0.5870 0.0819 0.0464 0.0279 
        D908  5 0.0780 0.0596 0.0195 0.1987 0.2108 0.1790 0.0283 0.2261 
        D910  5 0.1315 0.0513 0.0870 0.0865 0.3052 0.0644 0.0334 0.2407 
        D911  5 0.2627 0.2098 0.0818 0.0289 0.0358 0.0272 0.0170 0.3368 
        D934  5 0.1661 0.1419 0.0480 0.3447 0.0387 0.0535 0.0361 0.1710 
        D946  5 0.1254 0.1534 0.0193 0.4442 0.0382 0.1371 0.0285 0.0539 
        D947  5 0.1301 0.4117 0.0917 0.1643 0.0349 0.0668 0.0551 0.0455 
