        D174  1 0.1046 0.0648 0.6643 0.1261 0.0401 
        D199  1 0.1905 0.3132 0.1787 0.0750 0.2427 
        D203  1 0.1457 0.3195 0.0922 0.1998 0.2428 
        D204  1 0.0308 0.8781 0.0332 0.0276 0.0303 
     D237366  1 0.2324 0.1333 0.1111 0.3856 0.1376 
     D237367  1 0.2972 0.3957 0.0736 0.1702 0.0634 
     D237368  1 0.1328 0.2533 0.0713 0.4757 0.0669 
     D244101  1 0.1470 0.6078 0.0428 0.0373 0.1650 
     D244102  1 0.2038 0.1903 0.2350 0.2329 0.1380 
     D244103  1 0.4234 0.2222 0.1146 0.1767 0.0631 
     D244104  1 0.0736 0.6510 0.1282 0.0854 0.0617 
     D244105  1 0.3082 0.0724 0.0325 0.5501 0.0369 
     D244106  1 0.1562 0.0661 0.5293 0.0458 0.2026 
     D244107  1 0.1516 0.1491 0.0252 0.6185 0.0555 
     D244108  1 0.0853 0.1405 0.5089 0.2076 0.0576 
     D244113  1 0.0410 0.0304 0.8631 0.0306 0.0349 
     D244114  1 0.4557 0.1141 0.1907 0.0849 0.1547 
     D244115  1 0.2711 0.1716 0.3391 0.1678 0.0505 
     D267365  1 0.1143 0.4850 0.2609 0.0647 0.0752 
        D404  1 0.0871 0.0493 0.7622 0.0538 0.0476 
        D405  1 0.1658 0.1753 0.4372 0.1043 0.1175 
        D406  1 0.0333 0.0844 0.0423 0.8158 0.0241 
        D407  1 0.3001 0.4743 0.0617 0.1028 0.0612 
        D408  1 0.1025 0.0576 0.7228 0.0360 0.0812 
        D409  1 0.6401 0.1025 0.0769 0.1256 0.0550 
        D410  1 0.0452 0.0807 0.0339 0.8248 0.0154 
        D421  1 0.0987 0.7936 0.0408 0.0217 0.0453 
        D422  1 0.0745 0.0458 0.0182 0.8349 0.0266 
        D423  1 0.0637 0.0646 0.0228 0.8141 0.0348 
        D424  1 0.3777 0.4591 0.0589 0.0833 0.0210 
        D425  1 0.2325 0.4367 0.2299 0.0619 0.0390 
        D426  1 0.7549 0.0354 0.0358 0.0685 0.1054 
        D427  1 0.0554 0.1884 0.1487 0.0313 0.5762 
        D428  1 0.1616 0.3636 0.3005 0.1221 0.0522 
        D429  1 0.1377 0.3457 0.3754 0.0684 0.0728 
        D430  1 0.4548 0.1002 0.1929 0.0878 0.1644 
        D491  1 0.0560 0.1144 0.7659 0.0386 0.0251 
        D492  1 0.2500 0.2862 0.2410 0.1687 0.0541 
        D537  1 0.1003 0.7083 0.0680 0.0995 0.0239 
        D538  1 0.2716 0.1544 0.1888 0.2872 0.0981 
        D539  1 0.1497 0.0791 0.3098 0.2252 0.2363 
        D540  1 0.4118 0.2465 0.1205 0.1549 0.0663 
        D541  1 0.0335 0.8910 0.0212 0.0295 0.0247 
        D551  1 0.4984 0.0662 0.0442 0.0536 0.3375 
        D552  1 0.1295 0.2514 0.1739 0.3723 0.0729 
        D553  1 0.0430 0.8826 0.0245 0.0252 0.0247 
        D615  1 0.1311 0.4533 0.1045 0.1603 0.1508 
        D616  1 0.2559 0.2718 0.0821 0.2597 0.1306 
        D621  1 0.0892 0.0517 0.1782 0.6444 0.0366 
        D622  1 0.0821 0.0653 0.0531 0.7596 0.0399 
        D623  1 0.1066 0.1048 0.5151 0.0429 0.2306 
        D624  1 0.1535 0.0760 0.6709 0.0539 0.0456 
        D625  1 0.0805 0.7241 0.0823 0.0837 0.0294 
        D626  1 0.1139 0.0947 0.4731 0.2387 0.0797 
        D627  1 0.7216 0.0823 0.0405 0.0682 0.0874 
        D690  1 0.0451 0.7884 0.0688 0.0778 0.0199 
        D691  1 0.0486 0.1042 0.0444 0.7689 0.0340 
        D710  1 0.1818 0.4786 0.1904 0.1025 0.0468 
        D711  1 0.0648 0.7837 0.0484 0.0684 0.0347 
        D712  1 0.0683 0.0565 0.7341 0.0740 0.0671 
        D713  1 0.1281 0.1702 0.5734 0.1001 0.0282 
        D746  1 0.0292 0.0854 0.0266 0.8326 0.0262 
        D747  1 0.0287 0.8827 0.0271 0.0260 0.0355 
        D748  1 0.1390 0.4029 0.0794 0.3375 0.0413 
        D749  1 0.2533 0.0476 0.1418 0.4847 0.0725 
        D750  1 0.0648 0.2039 0.5910 0.1053 0.0350 
        D763  1 0.2588 0.2980 0.0683 0.1134 0.2614 
        D764  1 0.0895 0.5516 0.1853 0.1441 0.0294 
        D765  1 0.0938 0.0595 0.1090 0.7048 0.0329 
        D766  1 0.1130 0.2125 0.1143 0.5305 0.0297 
        D767  1 0.1695 0.3496 0.1134 0.2673 0.1002 
        D768  1 0.0565 0.8540 0.0250 0.0368 0.0277 
        D811  1 0.1492 0.0450 0.6826 0.0811 0.0421 
        D816  1 0.0411 0.8470 0.0623 0.0293 0.0202 
        D825  1 0.2004 0.1392 0.4453 0.1848 0.0302 
        D866  1 0.1491 0.0794 0.2392 0.0853 0.4470 
        D867  1 0.0918 0.0352 0.0465 0.7811 0.0454 
        D871  1 0.7348 0.0729 0.0758 0.0841 0.0324 
        D872  1 0.1003 0.5685 0.1009 0.1821 0.0483 
        D873  1 0.0341 0.0147 0.0360 0.9001 0.0151 
        D874  1 0.1048 0.5011 0.2881 0.0257 0.0804 
        D875  1 0.6841 0.0463 0.0391 0.2066 0.0238 
        D876  1 0.0990 0.6207 0.1454 0.0953 0.0396 
        D877  1 0.2020 0.0734 0.6540 0.0261 0.0446 
        D892  1 0.1672 0.3072 0.3012 0.1874 0.0370 
        D893  1 0.1423 0.6191 0.0495 0.1278 0.0613 
        D894  1 0.1865 0.5421 0.1045 0.0950 0.0719 
        D915  1 0.0957 0.5626 0.0896 0.2086 0.0434 
        D916  1 0.0358 0.8836 0.0269 0.0315 0.0222 
        D917  1 0.2126 0.3029 0.3081 0.0552 0.1212 
        D925  1 0.0410 0.1250 0.0899 0.7082 0.0359 
        D926  1 0.3046 0.4671 0.1017 0.0883 0.0383 
        D927  1 0.1685 0.3741 0.0712 0.0540 0.3322 
        D928  1 0.0294 0.1074 0.8148 0.0255 0.0229 
        D929  1 0.1874 0.1877 0.4195 0.1545 0.0509 
        D936  1 0.1070 0.7028 0.0555 0.0347 0.1001 
        D938  1 0.0266 0.0379 0.0437 0.8687 0.0232 
        D956  1 0.1011 0.0420 0.7236 0.0626 0.0707 
        D957  1 0.1037 0.3550 0.0874 0.4067 0.0474 
        D958  1 0.0769 0.4235 0.1926 0.2829 0.0241 
        D959  1 0.3424 0.4477 0.0387 0.1159 0.0552 
        D960  1 0.0539 0.0443 0.0606 0.8173 0.0239 
        D989  1 0.0847 0.0821 0.6132 0.0381 0.1819 
        D990  1 0.0484 0.0240 0.0410 0.8221 0.0646 
        D023  2 0.0952 0.2466 0.0264 0.5997 0.0321 
        D130  2 0.0605 0.1086 0.0292 0.7635 0.0381 
        D131  2 0.4157 0.3585 0.0552 0.0761 0.0946 
        D163  2 0.0877 0.0946 0.0334 0.7582 0.0261 
        D164  2 0.0296 0.0176 0.0194 0.4891 0.4444 
        D165  2 0.0986 0.1210 0.0229 0.7069 0.0506 
        D166  2 0.4670 0.1155 0.1084 0.1891 0.1199 
        D167  2 0.0400 0.0223 0.0551 0.0212 0.8615 
        D192  2 0.0221 0.0156 0.0259 0.0196 0.9168 
        D193  2 0.1788 0.0547 0.5507 0.1345 0.0813 
        D206  2 0.3207 0.2317 0.0824 0.1480 0.2172 
        D207  2 0.2050 0.0593 0.0399 0.0377 0.6581 
        D208  2 0.1033 0.0791 0.3700 0.0778 0.3699 
        D209  2 0.3701 0.1340 0.0630 0.0898 0.3432 
        D210  2 0.0739 0.1079 0.4345 0.0505 0.3332 
     D229599  2 0.2671 0.3429 0.1145 0.1353 0.1403 
     D229600  2 0.0989 0.0495 0.0427 0.4680 0.3409 
     D237227  2 0.1136 0.0812 0.5201 0.1941 0.0910 
     D237228  2 0.2161 0.0228 0.2659 0.3671 0.1281 
     D237258  2 0.1969 0.1043 0.1855 0.2174 0.2959 
     D237310  2 0.1854 0.0232 0.1118 0.6042 0.0754 
     D237311  2 0.0963 0.0262 0.0562 0.6160 0.2052 
     D237312  2 0.1924 0.0597 0.2264 0.4657 0.0558 
     D237313  2 0.2134 0.3257 0.2065 0.2047 0.0498 
     D237322  2 0.4391 0.0763 0.1396 0.0959 0.2490 
     D237323  2 0.0686 0.0285 0.1406 0.7160 0.0462 
     D237324  2 0.4144 0.0885 0.0227 0.3010 0.1734 
     D237325  2 0.1175 0.0615 0.1565 0.5832 0.0813 
     D237326  2 0.0576 0.1535 0.0926 0.6502 0.0460 
     D237327  2 0.2911 0.1200 0.0481 0.0797 0.4611 
     D237337  2 0.0879 0.0594 0.0839 0.7389 0.0298 
     D237338  2 0.2031 0.0829 0.1857 0.3742 0.1540 
     D237339  2 0.1810 0.4262 0.0428 0.0405 0.3095 
     D237340  2 0.0991 0.0348 0.2715 0.2982 0.2965 
     D237389  2 0.1213 0.0305 0.0659 0.7003 0.0821 
     D237390  2 0.1703 0.0991 0.2419 0.4238 0.0648 
     D244017  2 0.1498 0.0468 0.3898 0.0729 0.3407 
     D244112  2 0.0542 0.0253 0.0383 0.0716 0.8106 
     D244118  2 0.0442 0.0228 0.0317 0.3403 0.5610 
     D244119  2 0.0385 0.0390 0.4672 0.0427 0.4126 
     D244120  2 0.0921 0.0248 0.1578 0.0665 0.6587 
     D244122  2 0.0896 0.0454 0.1025 0.0870 0.6755 
        D291  2 0.2914 0.1121 0.0706 0.0853 0.4405 
        D292  2 0.1087 0.2955 0.1148 0.0691 0.4119 
        D293  2 0.0653 0.3763 0.0186 0.0175 0.5223 
        D322  2 0.1201 0.4089 0.0273 0.0388 0.4049 
        D323  2 0.3034 0.2409 0.1879 0.0892 0.1786 
        D324  2 0.2475 0.2846 0.0951 0.1533 0.2195 
        D325  2 0.0886 0.0704 0.0152 0.0262 0.7996 
        D326  2 0.0367 0.8807 0.0374 0.0190 0.0262 
        D340  2 0.0404 0.0298 0.0208 0.0227 0.8863 
        D341  2 0.0537 0.0578 0.0509 0.0486 0.7890 
        D342  2 0.1691 0.0375 0.0405 0.2018 0.5511 
        D343  2 0.0334 0.0238 0.0113 0.0137 0.9178 
        D344  2 0.3071 0.4448 0.1019 0.0752 0.0710 
        D345  2 0.1875 0.4235 0.0711 0.2615 0.0565 
        D346  2 0.1126 0.0948 0.5786 0.0462 0.1679 
        D351  2 0.2437 0.5059 0.0352 0.0943 0.1209 
        D352  2 0.4004 0.1860 0.1726 0.0908 0.1501 
        D353  2 0.6830 0.2262 0.0296 0.0259 0.0352 
        D354  2 0.1996 0.3630 0.2793 0.1194 0.0387 
        D362  2 0.0826 0.7425 0.0588 0.0809 0.0353 
        D363  2 0.0795 0.7315 0.0987 0.0518 0.0385 
        D364  2 0.1707 0.5992 0.1116 0.0835 0.0350 
        D365  2 0.0316 0.0531 0.0228 0.0164 0.8761 
        D369  2 0.1317 0.3287 0.1859 0.1093 0.2444 
        D374  2 0.0396 0.0196 0.8890 0.0264 0.0254 
        D375  2 0.4181 0.2852 0.1455 0.0994 0.0518 
        D376  2 0.0589 0.0273 0.8041 0.0566 0.0530 
        D377  2 0.2400 0.0782 0.3512 0.2145 0.1161 
        D378  2 0.1339 0.5623 0.0327 0.0604 0.2106 
        D379  2 0.0993 0.7746 0.0500 0.0445 0.0317 
        D384  2 0.0370 0.8670 0.0495 0.0242 0.0223 
        D385  2 0.0440 0.0346 0.0567 0.0238 0.8409 
        D386  2 0.2251 0.5670 0.0453 0.0896 0.0731 
        D391  2 0.0418 0.0973 0.0279 0.0271 0.8058 
        D392  2 0.0742 0.1168 0.0593 0.0894 0.6604 
        D393  2 0.0661 0.7048 0.0275 0.0543 0.1472 
        D394  2 0.2158 0.2233 0.0840 0.3777 0.0991 
        D395  2 0.3095 0.1190 0.0492 0.0401 0.4822 
        D401  2 0.0568 0.0284 0.0705 0.8104 0.0339 
        D402  2 0.0379 0.0421 0.0253 0.0261 0.8686 
        D403  2 0.4542 0.3383 0.0486 0.1168 0.0420 
        D415  2 0.2893 0.5918 0.0219 0.0739 0.0231 
        D435  2 0.0812 0.6166 0.0240 0.0708 0.2073 
        D436  2 0.1887 0.4463 0.2254 0.0738 0.0658 
        D438  2 0.0338 0.0225 0.0363 0.0245 0.8828 
        D439  2 0.3209 0.4180 0.0310 0.0997 0.1304 
        D449  2 0.3457 0.1312 0.0400 0.0438 0.4393 
        D450  2 0.3109 0.2453 0.2853 0.1059 0.0526 
        D456  2 0.0597 0.8722 0.0265 0.0225 0.0191 
        D462  2 0.0342 0.1119 0.0188 0.0207 0.8143 
        D463  2 0.0421 0.8860 0.0330 0.0209 0.0180 
        D464  2 0.6434 0.1527 0.1029 0.0316 0.0694 
        D465  2 0.2184 0.3415 0.0434 0.0752 0.3215 
        D473  2 0.0849 0.0475 0.6493 0.1603 0.0580 
        D474  2 0.0935 0.6149 0.0668 0.0779 0.1469 
        D476  2 0.1074 0.1896 0.0256 0.5107 0.1667 
        D477  2 0.1372 0.6024 0.1286 0.0612 0.0707 
        D478  2 0.4086 0.1326 0.2049 0.1706 0.0833 
        D480  2 0.0821 0.6039 0.0924 0.0340 0.1876 
        D481  2 0.1367 0.5072 0.1271 0.1377 0.0914 
        D482  2 0.2734 0.0733 0.2746 0.1587 0.2199 
        D483  2 0.0353 0.0287 0.0600 0.0267 0.8492 
        D484  2 0.3160 0.1305 0.2320 0.0819 0.2396 
        D510  2 0.0557 0.0360 0.7759 0.0431 0.0894 
        D511  2 0.1296 0.6772 0.0358 0.0450 0.1124 
        D512  2 0.2817 0.0573 0.0381 0.4937 0.1292 
        D513  2 0.2032 0.1410 0.1055 0.0588 0.4916 
        D635  2 0.2163 0.5245 0.0390 0.1806 0.0395 
        D636  2 0.0395 0.0328 0.0305 0.8754 0.0219 
        D637  2 0.1908 0.1127 0.1880 0.0798 0.4287 
        D658  2 0.0821 0.0490 0.1684 0.0574 0.6431 
        D659  2 0.1136 0.7253 0.0544 0.0691 0.0376 
        D677  2 0.1586 0.3847 0.0564 0.2395 0.1608 
        D678  2 0.2510 0.0361 0.0544 0.0559 0.6025 
        D679  2 0.1813 0.5462 0.0939 0.0592 0.1194 
        D719  2 0.0553 0.3647 0.3247 0.0328 0.2227 
        D720  2 0.0851 0.6779 0.1141 0.0622 0.0607 
        D721  2 0.1817 0.1689 0.0537 0.4774 0.1184 
        D722  2 0.0799 0.0373 0.7491 0.0572 0.0765 
        D734  2 0.0951 0.1314 0.4770 0.0229 0.2735 
        D735  2 0.2148 0.4682 0.1060 0.1153 0.0956 
        D736  2 0.1209 0.1431 0.4253 0.0945 0.2162 
        D737  2 0.0848 0.0489 0.0857 0.0803 0.7003 
        D807  2 0.0994 0.2918 0.3296 0.1072 0.1719 
        D808  2 0.2804 0.1692 0.0454 0.2563 0.2487 
        D817  2 0.2084 0.5046 0.1583 0.0804 0.0483 
        D818  2 0.3938 0.1071 0.0485 0.0694 0.3812 
        D819  2 0.2860 0.3436 0.1135 0.1948 0.0621 
        D820  2 0.0460 0.8558 0.0305 0.0180 0.0496 
        D895  2 0.2167 0.4897 0.0685 0.1860 0.0391 
        D896  2 0.0374 0.0269 0.0530 0.8543 0.0284 
        D897  2 0.2017 0.0409 0.0555 0.0678 0.6340 
        D898  2 0.4320 0.1328 0.1598 0.1647 0.1108 
        D918  2 0.2950 0.1097 0.1079 0.2866 0.2009 
        D919  2 0.2056 0.5013 0.0399 0.0383 0.2149 
        D920  2 0.0403 0.0314 0.0519 0.8349 0.0415 
        D923  2 0.0750 0.8254 0.0403 0.0267 0.0326 
        D930  2 0.2372 0.3925 0.2186 0.0764 0.0753 
        D931  2 0.1236 0.5693 0.0920 0.0493 0.1658 
        D968  2 0.0294 0.0442 0.0186 0.0171 0.8907 
        D969  2 0.1817 0.4238 0.0640 0.0458 0.2847 
        D977  2 0.2257 0.0427 0.0284 0.0402 0.6630 
        D978  2 0.3833 0.0755 0.0627 0.0433 0.4351 
        D211  3 0.1871 0.1222 0.0671 0.5421 0.0816 
     D229639  3 0.1209 0.1058 0.1385 0.0499 0.5849 
     D237212  3 0.2184 0.2783 0.0745 0.1270 0.3018 
     D237213  3 0.2509 0.2322 0.0585 0.3553 0.1031 
     D237214  3 0.4186 0.0554 0.0533 0.4454 0.0273 
     D237215  3 0.0609 0.0254 0.1293 0.0290 0.7554 
     D237216  3 0.7560 0.0647 0.0382 0.0906 0.0506 
     D237217  3 0.3559 0.1471 0.0215 0.4054 0.0701 
     D237218  3 0.2037 0.3028 0.0764 0.0922 0.3249 
     D237219  3 0.1582 0.0575 0.2139 0.4677 0.1027 
     D237382  3 0.2573 0.2062 0.2694 0.1776 0.0895 
     D244127  3 0.1113 0.0532 0.0463 0.6697 0.1194 
     D244129  3 0.2003 0.3327 0.0672 0.2566 0.1432 
     D244133  3 0.2473 0.0933 0.3159 0.1575 0.1860 
     D244134  3 0.1167 0.0891 0.3162 0.1970 0.2810 
     D244135  3 0.1237 0.0735 0.0392 0.6932 0.0704 
     D244136  3 0.1609 0.1825 0.4616 0.0759 0.1191 
        D416  3 0.3195 0.1806 0.0673 0.1665 0.2660 
        D417  3 0.0851 0.7485 0.0497 0.0837 0.0330 
        D419  3 0.1564 0.2033 0.1581 0.2816 0.2005 
        D565  3 0.0403 0.0649 0.8268 0.0355 0.0326 
        D566  3 0.1412 0.0758 0.3869 0.0497 0.3464 
        D567  3 0.0559 0.7348 0.0441 0.1272 0.0381 
        D568  3 0.1458 0.3677 0.0312 0.2780 0.1773 
        D569  3 0.3639 0.1472 0.1070 0.1383 0.2436 
        D573  3 0.1176 0.2020 0.0280 0.0312 0.6212 
        D574  3 0.1778 0.0673 0.5926 0.0823 0.0799 
        D575  3 0.1677 0.1628 0.3405 0.2397 0.0893 
        D576  3 0.0627 0.0127 0.0639 0.0306 0.8302 
        D577  3 0.1077 0.6776 0.0940 0.0697 0.0509 
        D578  3 0.1430 0.0221 0.0191 0.7668 0.0490 
        D579  3 0.1527 0.3219 0.2150 0.1065 0.2039 
        D660  3 0.2840 0.0404 0.0469 0.1598 0.4688 
        D661  3 0.1517 0.0577 0.0306 0.0746 0.6854 
        D663  3 0.2342 0.0659 0.0474 0.0320 0.6205 
        D664  3 0.1437 0.0302 0.2895 0.3658 0.1708 
        D665  3 0.5602 0.0411 0.0328 0.2884 0.0776 
        D666  3 0.1363 0.1382 0.3645 0.2973 0.0638 
        D009  4 0.2842 0.2049 0.0571 0.4108 0.0431 
        D057  4 0.0857 0.1757 0.0750 0.2795 0.3841 
        D109  4 0.2348 0.0684 0.0990 0.5622 0.0357 
     D237222  4 0.0716 0.0528 0.1581 0.6611 0.0564 
     D237223  4 0.1988 0.0660 0.1473 0.4337 0.1542 
     D237224  4 0.1555 0.3241 0.0563 0.0733 0.3907 
     D237225  4 0.4379 0.2194 0.0742 0.2066 0.0620 
     D237299  4 0.6158 0.0219 0.0548 0.1950 0.1125 
     D237300  4 0.1272 0.0299 0.0866 0.0442 0.7121 
     D237306  4 0.1045 0.1078 0.6162 0.1187 0.0528 
     D237307  4 0.1255 0.3254 0.3889 0.0722 0.0881 
     D237308  4 0.0930 0.1005 0.1309 0.1610 0.5146 
     D237309  4 0.4002 0.2299 0.0536 0.2374 0.0789 
     D237317  4 0.2707 0.2703 0.3247 0.0837 0.0506 
     D237318  4 0.1065 0.0334 0.0284 0.0237 0.8080 
     D237319  4 0.3051 0.1596 0.1179 0.3224 0.0950 
     D237320  4 0.1338 0.1274 0.0582 0.3759 0.3047 
     D237321  4 0.1200 0.0700 0.0970 0.0771 0.6358 
     D237397  4 0.1251 0.0824 0.2815 0.2532 0.2578 
     D237398  4 0.2704 0.1427 0.0237 0.0515 0.5116 
     D237399  4 0.1622 0.2510 0.2126 0.1439 0.2303 
     D244001  4 0.1610 0.0553 0.0714 0.6324 0.0799 
        D289  4 0.1479 0.2972 0.2831 0.0695 0.2024 
        D290  4 0.5317 0.1789 0.0617 0.0867 0.1410 
        D294  4 0.3856 0.2910 0.1233 0.0608 0.1393 
        D295  4 0.1095 0.5333 0.1454 0.1588 0.0531 
        D301  4 0.0558 0.0367 0.0689 0.7551 0.0836 
        D302  4 0.1466 0.7204 0.0446 0.0455 0.0429 
        D303  4 0.0633 0.0560 0.7288 0.0824 0.0694 
        D304  4 0.4380 0.1566 0.1497 0.0519 0.2038 
        D305  4 0.6860 0.0916 0.0312 0.0617 0.1295 
        D306  4 0.7307 0.0808 0.0823 0.0580 0.0483 
        D307  4 0.0394 0.0320 0.0932 0.7832 0.0522 
        D327  4 0.1578 0.5688 0.1315 0.0554 0.0866 
        D328  4 0.1057 0.0738 0.6570 0.0954 0.0680 
        D329  4 0.3080 0.1912 0.0975 0.1668 0.2366 
        D330  4 0.2113 0.4521 0.0399 0.2414 0.0553 
        D331  4 0.2005 0.2954 0.1893 0.1477 0.1671 
        D333  4 0.1412 0.1797 0.3040 0.2098 0.1653 
        D334  4 0.1053 0.1526 0.6238 0.0737 0.0446 
        D335  4 0.0717 0.7663 0.0692 0.0425 0.0504 
        D370  4 0.1755 0.0881 0.4527 0.2214 0.0623 
        D371  4 0.0492 0.1155 0.7796 0.0200 0.0357 
        D372  4 0.3469 0.0209 0.0479 0.0305 0.5539 
        D373  4 0.0847 0.0483 0.0518 0.6434 0.1718 
        D455  4 0.0483 0.0646 0.0455 0.7685 0.0732 
        D490  4 0.0369 0.0368 0.0323 0.8758 0.0182 
        D497  4 0.0747 0.0358 0.0377 0.8167 0.0351 
        D498  4 0.2094 0.1361 0.3136 0.1751 0.1658 
        D499  4 0.2300 0.0712 0.1726 0.0435 0.4827 
        D514  4 0.2660 0.5523 0.0537 0.0753 0.0527 
        D515  4 0.2574 0.1100 0.0999 0.4234 0.1092 
        D516  4 0.1463 0.2142 0.1832 0.3131 0.1431 
        D517  4 0.2092 0.0544 0.0301 0.6213 0.0849 
        D518  4 0.1055 0.2498 0.2490 0.2758 0.1199 
        D519  4 0.2135 0.0950 0.0515 0.4525 0.1875 
        D560  4 0.2743 0.1579 0.0395 0.2874 0.2409 
        D561  4 0.5698 0.1763 0.0266 0.1641 0.0632 
        D562  4 0.2916 0.1707 0.1766 0.1804 0.1808 
        D563  4 0.2259 0.1367 0.0380 0.0987 0.5008 
        D572  4 0.1629 0.5229 0.1262 0.1042 0.0838 
        D629  4 0.1703 0.4548 0.0768 0.2414 0.0566 
        D630  4 0.2516 0.2921 0.1871 0.1376 0.1316 
        D631  4 0.1455 0.2230 0.1041 0.0880 0.4395 
        D632  4 0.1020 0.1252 0.0422 0.5554 0.1751 
        D646  4 0.2163 0.2712 0.0418 0.3717 0.0991 
        D647  4 0.0784 0.6785 0.0279 0.1467 0.0685 
        D648  4 0.1179 0.0552 0.7144 0.0572 0.0553 
        D649  4 0.0854 0.5866 0.0423 0.2472 0.0386 
        D650  4 0.1622 0.3109 0.2333 0.2032 0.0904 
        D708  4 0.1751 0.0811 0.6134 0.0747 0.0557 
        D709  4 0.5300 0.1118 0.1670 0.1213 0.0700 
        D738  4 0.0759 0.1514 0.4947 0.2342 0.0438 
        D739  4 0.3022 0.1023 0.1214 0.3837 0.0904 
        D740  4 0.4693 0.0498 0.1476 0.1772 0.1562 
        D741  4 0.3479 0.1926 0.0286 0.1904 0.2405 
        D742  4 0.1455 0.0750 0.1333 0.0830 0.5632 
        D743  4 0.0924 0.7218 0.0494 0.0384 0.0980 
        D744  4 0.2185 0.4381 0.0633 0.0734 0.2068 
        D745  4 0.2084 0.0542 0.0485 0.5807 0.1082 
        D814  4 0.4783 0.0637 0.0340 0.0586 0.3654 
        D815  4 0.1405 0.5631 0.1487 0.0780 0.0697 
        D828  4 0.1635 0.0331 0.4726 0.0661 0.2647 
        D845  4 0.0432 0.0583 0.0846 0.0257 0.7881 
        D846  4 0.2401 0.3871 0.0276 0.1039 0.2412 
        D847  4 0.2472 0.2189 0.1369 0.2262 0.1707 
        D848  4 0.0832 0.0332 0.0390 0.5739 0.2706 
        D849  4 0.2802 0.0843 0.0536 0.5273 0.0547 
        D850  4 0.2835 0.2563 0.1233 0.1841 0.1528 
        D856  4 0.4292 0.1199 0.1040 0.2850 0.0619 
        D857  4 0.0495 0.0181 0.0658 0.8129 0.0536 
        D859  4 0.2637 0.3301 0.1347 0.0890 0.1826 
        D860  4 0.0823 0.2549 0.3717 0.0348 0.2562 
        D883  4 0.1204 0.3768 0.2137 0.2378 0.0512 
        D884  4 0.1383 0.1645 0.2882 0.3609 0.0481 
        D885  4 0.4765 0.1429 0.0539 0.0910 0.2357 
        D886  4 0.1168 0.3146 0.0628 0.4164 0.0894 
        D887  4 0.2184 0.1878 0.1218 0.1215 0.3505 
        D889  4 0.5118 0.1097 0.0505 0.0320 0.2960 
        D890  4 0.1742 0.1006 0.4431 0.1953 0.0869 
        D891  4 0.0415 0.0244 0.0178 0.0194 0.8970 
        D899  4 0.0873 0.0747 0.1602 0.0451 0.6327 
        D900  4 0.3461 0.2817 0.1083 0.1566 0.1074 
        D970  4 0.1874 0.4540 0.1230 0.0972 0.1384 
        D971  4 0.1186 0.2138 0.0981 0.0733 0.4962 
        D979  4 0.0702 0.7824 0.0676 0.0318 0.0480 
        D093  5 0.0893 0.0649 0.7224 0.0565 0.0668 
        D154  5 0.3245 0.0491 0.1609 0.0560 0.4095 
        D168  5 0.2701 0.1156 0.0571 0.2199 0.3373 
        D189  5 0.1411 0.0604 0.4726 0.0612 0.2647 
        D190  5 0.0375 0.0508 0.8191 0.0333 0.0593 
     D237220  5 0.2398 0.0891 0.1327 0.4484 0.0900 
     D237221  5 0.1118 0.1634 0.3842 0.0758 0.2649 
     D237274  5 0.0908 0.7937 0.0366 0.0466 0.0323 
     D237275  5 0.1146 0.0295 0.0568 0.0499 0.7492 
     D237276  5 0.1353 0.1877 0.3482 0.2489 0.0800 
     D237277  5 0.0760 0.0610 0.6345 0.0337 0.1948 
     D237278  5 0.1546 0.0708 0.2206 0.1610 0.3930 
     D237279  5 0.4398 0.0620 0.0337 0.4328 0.0318 
     D237280  5 0.1631 0.2054 0.1318 0.4693 0.0304 
     D237281  5 0.0981 0.0517 0.0291 0.0228 0.7982 
     D237351  5 0.0765 0.0407 0.1016 0.7330 0.0481 
     D237352  5 0.1318 0.2595 0.1175 0.4035 0.0877 
     D237353  5 0.0392 0.0356 0.8505 0.0292 0.0455 
     D237359  5 0.3331 0.1312 0.1191 0.2675 0.1490 
     D237361  5 0.0341 0.0379 0.8688 0.0298 0.0294 
     D237362  5 0.1949 0.2347 0.3636 0.1100 0.0968 
     D237363  5 0.6843 0.0512 0.0876 0.0468 0.1301 
     D237364  5 0.3037 0.1799 0.0413 0.1412 0.3338 
     D237376  5 0.0853 0.0212 0.7662 0.0372 0.0902 
     D237377  5 0.1701 0.4241 0.1091 0.2565 0.0402 
     D237378  5 0.0568 0.0285 0.7558 0.0378 0.1211 
     D237379  5 0.1765 0.0627 0.6095 0.0591 0.0922 
     D237380  5 0.0862 0.0378 0.2185 0.6367 0.0209 
     D237381  5 0.1162 0.1045 0.1180 0.5927 0.0687 
     D237391  5 0.0705 0.0788 0.7321 0.0571 0.0616 
     D237392  5 0.1868 0.5103 0.0672 0.0932 0.1425 
     D237393  5 0.0740 0.5140 0.1830 0.1447 0.0844 
     D237394  5 0.0271 0.0431 0.8772 0.0319 0.0207 
     D237395  5 0.2203 0.0576 0.4460 0.1494 0.1268 
     D237396  5 0.1378 0.5779 0.0809 0.1136 0.0898 
     D244016  5 0.3538 0.1163 0.3128 0.0573 0.1598 
     D244018  5 0.1708 0.0745 0.2382 0.1084 0.4081 
     D244019  5 0.3650 0.2937 0.1396 0.0607 0.1410 
        D279  5 0.3192 0.0770 0.1159 0.1014 0.3865 
        D280  5 0.3862 0.1360 0.1928 0.1184 0.1666 
        D281  5 0.1547 0.0410 0.0838 0.0252 0.6952 
        D283  5 0.1729 0.2463 0.3987 0.0573 0.1247 
        D284  5 0.3587 0.0801 0.0911 0.3710 0.0991 
        D285  5 0.1902 0.1278 0.5300 0.0646 0.0874 
        D286  5 0.2128 0.2321 0.3831 0.0891 0.0828 
        D287  5 0.1410 0.0344 0.6762 0.0919 0.0565 
        D288  5 0.3111 0.2718 0.1552 0.0544 0.2075 
        D308  5 0.0727 0.0977 0.0438 0.7589 0.0268 
        D309  5 0.1641 0.7008 0.0392 0.0623 0.0335 
        D310  5 0.2586 0.0240 0.6593 0.0263 0.0318 
        D311  5 0.2160 0.1759 0.4745 0.0571 0.0765 
        D312  5 0.1310 0.1973 0.4874 0.0997 0.0846 
        D313  5 0.0336 0.0210 0.0338 0.8965 0.0152 
        D314  5 0.2740 0.0665 0.2543 0.1532 0.2520 
        D315  5 0.1513 0.2835 0.3590 0.1200 0.0862 
        D317  5 0.0467 0.0536 0.8315 0.0349 0.0332 
        D318  5 0.3732 0.2114 0.1356 0.1224 0.1573 
        D319  5 0.0618 0.0402 0.7938 0.0421 0.0621 
        D320  5 0.0618 0.0569 0.7833 0.0494 0.0486 
        D321  5 0.0676 0.0831 0.0874 0.6913 0.0706 
        D336  5 0.0973 0.0451 0.8051 0.0244 0.0281 
        D337  5 0.0472 0.0394 0.8388 0.0172 0.0574 
        D338  5 0.2891 0.2451 0.1404 0.1439 0.1815 
        D339  5 0.1171 0.0527 0.6803 0.0658 0.0840 
        D347  5 0.2882 0.3339 0.1714 0.0510 0.1555 
        D348  5 0.0727 0.0597 0.7966 0.0316 0.0393 
        D349  5 0.0551 0.0435 0.0846 0.7827 0.0341 
        D350  5 0.2181 0.5757 0.0667 0.0699 0.0696 
        D355  5 0.3924 0.1681 0.0492 0.0286 0.3617 
        D356  5 0.1360 0.3418 0.3409 0.1285 0.0528 
        D357  5 0.4276 0.1067 0.2214 0.1094 0.1349 
        D358  5 0.1828 0.1412 0.4733 0.1018 0.1009 
        D359  5 0.1454 0.4034 0.3760 0.0394 0.0358 
        D360  5 0.1175 0.1741 0.5474 0.1201 0.0409 
        D361  5 0.0420 0.0339 0.0497 0.8481 0.0263 
        D366  5 0.1348 0.5530 0.0395 0.0407 0.2320 
        D367  5 0.1882 0.0431 0.6539 0.0725 0.0423 
        D368  5 0.2596 0.1244 0.2922 0.2626 0.0613 
        D380  5 0.2744 0.4513 0.0523 0.1200 0.1020 
        D381  5 0.2342 0.1124 0.4938 0.0634 0.0961 
        D400  5 0.1432 0.1315 0.4131 0.0583 0.2539 
        D411  5 0.0700 0.0274 0.0303 0.8336 0.0386 
        D412  5 0.4190 0.1374 0.1304 0.1345 0.1787 
        D413  5 0.0988 0.0980 0.0372 0.0676 0.6985 
        D414  5 0.2752 0.2049 0.0676 0.0427 0.4096 
        D420  5 0.4305 0.0561 0.0989 0.2439 0.1707 
        D431  5 0.3250 0.0331 0.2484 0.1391 0.2544 
        D432  5 0.1159 0.0923 0.4841 0.1681 0.1397 
        D433  5 0.0862 0.1055 0.6377 0.0676 0.1030 
        D434  5 0.1789 0.1641 0.4661 0.1228 0.0681 
        D440  5 0.2735 0.5574 0.0484 0.0773 0.0435 
        D447  5 0.4161 0.3951 0.0375 0.0865 0.0648 
        D448  5 0.0805 0.0743 0.7327 0.0327 0.0798 
        D459  5 0.0586 0.1120 0.0400 0.0289 0.7606 
        D460  5 0.0676 0.0842 0.0927 0.7130 0.0425 
        D461  5 0.0957 0.7922 0.0482 0.0322 0.0317 
        D468  5 0.2419 0.1881 0.4043 0.0954 0.0703 
        D469  5 0.1012 0.5545 0.1633 0.1113 0.0697 
        D470  5 0.1965 0.1151 0.3176 0.2965 0.0743 
        D471  5 0.0956 0.1023 0.6737 0.0310 0.0974 
        D472  5 0.0588 0.7170 0.0323 0.0269 0.1651 
        D479  5 0.0802 0.0699 0.0737 0.0424 0.7338 
        D485  5 0.2991 0.1038 0.3317 0.1303 0.1352 
        D486  5 0.2834 0.1779 0.3004 0.1714 0.0669 
        D487  5 0.1652 0.0473 0.3124 0.0493 0.4258 
        D555  5 0.0391 0.0349 0.8419 0.0268 0.0573 
        D556  5 0.1815 0.1124 0.3378 0.1165 0.2519 
        D557  5 0.0382 0.0802 0.7932 0.0290 0.0594 
        D564  5 0.1755 0.1445 0.4081 0.1955 0.0765 
        D594  5 0.3812 0.2664 0.1611 0.1001 0.0913 
        D595  5 0.1805 0.1975 0.3989 0.0812 0.1418 
        D596  5 0.0355 0.0319 0.8542 0.0296 0.0488 
        D597  5 0.0937 0.2297 0.3073 0.0391 0.3301 
        D598  5 0.0928 0.1406 0.5092 0.1687 0.0886 
        D617  5 0.1611 0.0404 0.0383 0.6009 0.1593 
        D618  5 0.0965 0.1204 0.5370 0.0674 0.1787 
        D619  5 0.1755 0.2374 0.2276 0.2979 0.0615 
        D620  5 0.0269 0.0631 0.0300 0.0302 0.8498 
        D628  5 0.2629 0.1904 0.2566 0.2080 0.0820 
        D714  5 0.1321 0.0395 0.4925 0.0627 0.2732 
        D715  5 0.0503 0.1411 0.6340 0.0394 0.1352 
        D716  5 0.3091 0.1647 0.2802 0.0442 0.2018 
        D717  5 0.1291 0.5327 0.1438 0.1225 0.0719 
        D718  5 0.4393 0.0303 0.2922 0.1557 0.0826 
        D769  5 0.1888 0.0448 0.0583 0.5719 0.1362 
        D770  5 0.2116 0.0809 0.2871 0.0725 0.3478 
        D771  5 0.2818 0.0706 0.1781 0.1435 0.3261 
        D772  5 0.0935 0.1287 0.6158 0.0839 0.0781 
        D782  5 0.5498 0.0678 0.0459 0.1958 0.1408 
        D783  5 0.2185 0.0709 0.1688 0.0423 0.4996 
        D784  5 0.1160 0.6777 0.0799 0.0550 0.0714 
        D785  5 0.0585 0.0573 0.7921 0.0577 0.0343 
        D786  5 0.0871 0.3004 0.0382 0.5118 0.0624 
        D821  5 0.0369 0.0239 0.8874 0.0189 0.0328 
        D822  5 0.1981 0.4921 0.1621 0.0547 0.0931 
        D826  5 0.1766 0.0827 0.3692 0.0623 0.3093 
        D827  5 0.3518 0.4049 0.0724 0.0645 0.1063 
        D851  5 0.4375 0.1745 0.1496 0.1181 0.1203 
        D852  5 0.1150 0.0737 0.2891 0.1250 0.3972 
        D853  5 0.2182 0.1153 0.4436 0.0841 0.1388 
        D854  5 0.3884 0.1966 0.0580 0.1092 0.2478 
        D861  5 0.4123 0.0899 0.2141 0.1114 0.1723 
        D862  5 0.1460 0.3203 0.4351 0.0560 0.0427 
        D865  5 0.0579 0.0430 0.7620 0.0626 0.0745 
        D868  5 0.0694 0.7271 0.0849 0.0717 0.0470 
        D869  5 0.0822 0.0392 0.0597 0.7862 0.0327 
        D870  5 0.7767 0.0653 0.0239 0.0903 0.0437 
        D907  5 0.1738 0.0446 0.6390 0.0908 0.0518 
        D908  5 0.0697 0.0539 0.3293 0.0827 0.4643 
        D910  5 0.1133 0.0902 0.4654 0.0353 0.2957 
        D911  5 0.3361 0.1238 0.0422 0.0331 0.4649 
        D934  5 0.2885 0.1037 0.2110 0.0559 0.3410 
        D946  5 0.2604 0.0627 0.1889 0.1389 0.3492 
        D947  5 0.3340 0.3345 0.1032 0.1017 0.1267 
        D948  5 0.0492 0.0706 0.1299 0.7178 0.0326 
        D949  5 0.0443 0.0705 0.1024 0.7537 0.0292 
        D950  5 0.2627 0.1025 0.0548 0.0354 0.5445 
        D951  5 0.3831 0.4634 0.0615 0.0505 0.0415 
        D952  5 0.0869 0.7130 0.0847 0.0525 0.0630 
        D953  5 0.1134 0.1729 0.5636 0.0721 0.0779 
        D954  5 0.1603 0.4934 0.2592 0.0530 0.0340 
        D961  5 0.2482 0.0554 0.4977 0.0946 0.1041 
        D962  5 0.0457 0.0989 0.7898 0.0417 0.0239 
        D963  5 0.1312 0.4273 0.3045 0.0410 0.0960 
        D964  5 0.3346 0.0763 0.1690 0.2054 0.2147 
        D965  5 0.2975 0.1614 0.2274 0.1059 0.2078 
        D966  5 0.1274 0.1891 0.4474 0.0570 0.1790 
        D967  5 0.1632 0.0918 0.2110 0.1919 0.3421 
        D991  5 0.1302 0.1750 0.2646 0.3772 0.0531 
        D502  6 0.6115 0.0466 0.0484 0.1227 0.1708 
        D503  6 0.2664 0.0343 0.0612 0.2601 0.3780 
        D504  6 0.1639 0.5362 0.1018 0.1044 0.0938 
        D505  6 0.1865 0.1464 0.4022 0.1093 0.1556 
        D506  6 0.0503 0.0330 0.8607 0.0328 0.0232 
        D507  6 0.3043 0.1218 0.1039 0.1710 0.2990 
        D508  6 0.3716 0.3353 0.0643 0.0704 0.1584 
        D529  6 0.3460 0.1304 0.1719 0.2501 0.1016 
        D530  6 0.1898 0.0439 0.4959 0.1614 0.1090 
        D531  6 0.2758 0.3167 0.1628 0.0982 0.1464 
        D532  6 0.2247 0.2285 0.4215 0.0499 0.0754 
        D534  6 0.0850 0.0732 0.0286 0.7673 0.0458 
        D535  6 0.1944 0.2613 0.3847 0.1157 0.0439 
        D536  6 0.1977 0.0301 0.0303 0.0795 0.6624 
        D554  6 0.1912 0.0698 0.5554 0.1271 0.0566 
        D587  6 0.0944 0.1252 0.6545 0.0604 0.0655 
        D588  6 0.3276 0.2525 0.2813 0.0719 0.0667 
        D589  6 0.3570 0.0673 0.1243 0.0827 0.3687 
        D590  6 0.1565 0.0496 0.0502 0.0698 0.6739 
        D591  6 0.4517 0.0961 0.1238 0.1187 0.2096 
        D592  6 0.0876 0.0570 0.0651 0.7264 0.0639 
        D593  6 0.1755 0.0321 0.6259 0.0661 0.1004 
        D682  6 0.0620 0.0379 0.8178 0.0402 0.0421 
        D683  6 0.1486 0.5918 0.1489 0.0674 0.0433 
        D684  6 0.4451 0.0674 0.0267 0.2234 0.2375 
        D685  6 0.7833 0.0223 0.0664 0.0524 0.0756 
        D686  6 0.2392 0.0666 0.5961 0.0549 0.0433 
        D724  6 0.3050 0.3239 0.0645 0.1463 0.1603 
        D725  6 0.2400 0.0831 0.3226 0.0939 0.2603 
        D726  6 0.0385 0.0409 0.8591 0.0382 0.0234 
        D727  6 0.3055 0.2540 0.0826 0.0734 0.2846 
        D728  6 0.0936 0.0554 0.7727 0.0391 0.0392 
        D729  6 0.3038 0.2509 0.0288 0.3274 0.0891 
        D730  6 0.2415 0.2365 0.0688 0.2542 0.1990 
        D731  6 0.0422 0.0225 0.6134 0.0294 0.2926 
        D732  6 0.1645 0.5328 0.1273 0.0876 0.0878 
        D733  6 0.2284 0.2002 0.2145 0.2358 0.1211 
     D237251  7 0.1391 0.0841 0.1081 0.0644 0.6043 
     D237252  7 0.2258 0.0638 0.0519 0.4109 0.2476 
     D237253  7 0.3214 0.0780 0.1669 0.0590 0.3748 
     D237254  7 0.1903 0.0249 0.0241 0.7239 0.0368 
     D237255  7 0.0989 0.0516 0.0683 0.0371 0.7441 
     D237256  7 0.4313 0.0712 0.0747 0.0298 0.3930 
     D237257  7 0.5211 0.0696 0.0509 0.2423 0.1161 
     D237282  7 0.1112 0.6625 0.0360 0.1176 0.0727 
     D237283  7 0.1831 0.0223 0.0298 0.7213 0.0436 
     D237284  7 0.1116 0.0570 0.0346 0.7566 0.0402 
     D237285  7 0.2386 0.0860 0.3471 0.0708 0.2576 
     D237286  7 0.2969 0.2414 0.2318 0.0738 0.1562 
     D237287  7 0.2516 0.1702 0.0841 0.0634 0.4306 
     D244006  7 0.0940 0.0457 0.0303 0.7931 0.0369 
     D244007  7 0.2268 0.2324 0.0641 0.0588 0.4179 
     D244008  7 0.1894 0.0257 0.0807 0.6634 0.0408 
     D244009  7 0.1184 0.1274 0.1356 0.5673 0.0513 
     D244010  7 0.5067 0.0563 0.0659 0.2508 0.1204 
     D244011  7 0.3155 0.0665 0.2836 0.1281 0.2063 
     D244012  7 0.4202 0.1062 0.0664 0.1391 0.2681 
     D244013  7 0.0870 0.1560 0.2016 0.0890 0.4663 
     D244014  7 0.3069 0.0988 0.0929 0.3004 0.2010 
     D244015  7 0.4434 0.1411 0.0547 0.2810 0.0798 
     D244125  7 0.1786 0.2143 0.2810 0.0602 0.2659 
     D244126  7 0.1058 0.0339 0.0199 0.8111 0.0293 
     D244130  7 0.4213 0.0897 0.1070 0.2841 0.0979 
     D244131  7 0.1641 0.3094 0.2659 0.1588 0.1018 
     D244132  7 0.1232 0.3155 0.4145 0.0978 0.0489 
        D520  7 0.5375 0.0593 0.1457 0.2156 0.0419 
        D521  7 0.2291 0.2856 0.1093 0.2172 0.1588 
        D522  7 0.0899 0.1718 0.0716 0.6151 0.0517 
        D523  7 0.1671 0.0616 0.0775 0.0546 0.6393 
        D524  7 0.1227 0.1059 0.1951 0.1883 0.3880 
        D525  7 0.1490 0.0496 0.0475 0.5177 0.2361 
        D526  7 0.1147 0.0634 0.0200 0.7682 0.0338 
        D527  7 0.2544 0.3788 0.1201 0.1483 0.0983 
        D528  7 0.9213 0.0164 0.0170 0.0319 0.0134 
        D558  7 0.1495 0.4711 0.0439 0.1913 0.1442 
        D559  7 0.2541 0.4139 0.0298 0.1508 0.1513 
        D640  7 0.1981 0.1569 0.3635 0.0993 0.1822 
        D641  7 0.1391 0.0336 0.3966 0.2266 0.2040 
        D642  7 0.1558 0.0965 0.0854 0.5013 0.1610 
        D644  7 0.1256 0.1102 0.3207 0.3005 0.1430 
        D645  7 0.1983 0.1233 0.1760 0.1774 0.3251 
        D662  7 0.0698 0.1812 0.1065 0.6197 0.0228 
        D687  7 0.5248 0.1598 0.1143 0.0793 0.1218 
        D688  7 0.2096 0.4384 0.0398 0.1723 0.1399 
        D689  7 0.1848 0.2317 0.2596 0.1269 0.1971 
        D700  7 0.9356 0.0191 0.0135 0.0155 0.0164 
        D797  7 0.2163 0.2430 0.2677 0.1095 0.1634 
        D798  7 0.1836 0.0978 0.0542 0.6233 0.0411 
        D799  7 0.3376 0.0819 0.0549 0.1688 0.3568 
        D800  7 0.2979 0.4728 0.0383 0.1000 0.0909 
        D132  8 0.0486 0.0610 0.0451 0.8105 0.0347 
        D133  8 0.0523 0.0222 0.0202 0.0664 0.8389 
        D200  8 0.6098 0.0603 0.0483 0.0513 0.2303 
        D500  8 0.0341 0.0393 0.0332 0.8747 0.0186 
        D614  8 0.1472 0.1367 0.4789 0.1799 0.0572 
        D723  8 0.1288 0.3946 0.0690 0.2844 0.1232 
        D888  8 0.1295 0.0646 0.0590 0.0486 0.6982 
        D901  8 0.4043 0.0265 0.1158 0.2726 0.1807 
        D902  8 0.1130 0.0464 0.7227 0.0704 0.0475 
        D903  8 0.1952 0.5660 0.1304 0.0401 0.0682 
        D904  8 0.1377 0.4804 0.1243 0.1694 0.0882 
        D905  8 0.1246 0.0216 0.1874 0.0267 0.6397 
        D906  8 0.2511 0.1092 0.0370 0.0757 0.5269 
        D937  8 0.0739 0.0192 0.8023 0.0430 0.0615 
        D943  8 0.4178 0.0993 0.0651 0.2844 0.1334 
        D972  8 0.2158 0.2420 0.0698 0.3631 0.1093 
        D973  8 0.0599 0.7001 0.0574 0.1498 0.0328 
        D974  8 0.2026 0.2069 0.2311 0.2037 0.1557 
        D975  8 0.5245 0.0730 0.1143 0.0742 0.2141 
        D976  8 0.4743 0.0455 0.2379 0.1199 0.1224 
        D201  9 0.3785 0.1199 0.0737 0.1151 0.3128 
        D202  9 0.4537 0.0390 0.1392 0.1374 0.2307 
     D237259  9 0.7515 0.1154 0.0238 0.0535 0.0558 
     D237260  9 0.2463 0.0313 0.0525 0.2189 0.4510 
     D237262  9 0.0531 0.0368 0.0277 0.8579 0.0246 
     D237263  9 0.1587 0.0785 0.0420 0.5270 0.1938 
     D237264  9 0.2124 0.1106 0.1891 0.3037 0.1843 
     D237265  9 0.2091 0.0354 0.0601 0.0741 0.6214 
     D237266  9 0.0630 0.0636 0.0300 0.3327 0.5106 
     D237267  9 0.7792 0.0296 0.0938 0.0572 0.0402 
     D237268  9 0.2524 0.1390 0.1087 0.4469 0.0529 
     D237289  9 0.1388 0.0342 0.2594 0.1085 0.4591 
     D237290  9 0.0947 0.0267 0.0265 0.0409 0.8112 
     D237291  9 0.1840 0.0419 0.0648 0.0834 0.6259 
     D237292  9 0.3109 0.0347 0.0408 0.1209 0.4927 
     D237293  9 0.3202 0.1082 0.2461 0.2490 0.0765 
     D237294  9 0.2816 0.0276 0.0838 0.4377 0.1693 
     D237295  9 0.1479 0.3384 0.2051 0.2518 0.0568 
     D237296  9 0.4174 0.0900 0.0988 0.1660 0.2277 
     D237297  9 0.1413 0.0630 0.6258 0.0848 0.0851 
     D237298  9 0.1661 0.3740 0.0673 0.2235 0.1691 
     D237341  9 0.3118 0.1412 0.0480 0.1182 0.3809 
     D237342  9 0.2295 0.0541 0.0880 0.5486 0.0797 
     D237343  9 0.2100 0.0809 0.0529 0.3684 0.2877 
     D237344  9 0.1577 0.0576 0.4736 0.1193 0.1918 
     D237345  9 0.0743 0.0481 0.0215 0.7958 0.0603 
     D237346  9 0.1154 0.0437 0.1313 0.1535 0.5560 
     D237347  9 0.1390 0.1098 0.4643 0.0923 0.1946 
     D237348  9 0.1614 0.1316 0.1730 0.3013 0.2327 
     D237349  9 0.1417 0.3114 0.0276 0.2200 0.2993 
     D244109  9 0.1951 0.0907 0.0198 0.1239 0.5705 
     D244110  9 0.1102 0.0535 0.0302 0.0658 0.7403 
     D244111  9 0.3379 0.1685 0.1074 0.1349 0.2513 
     D244128  9 0.2603 0.0553 0.0463 0.5587 0.0793 
     D244137  9 0.1231 0.5965 0.0515 0.1522 0.0767 
     D244138  9 0.4001 0.0511 0.1298 0.1341 0.2848 
        D580  9 0.3944 0.0735 0.1202 0.3843 0.0276 
        D581  9 0.0860 0.0298 0.0296 0.0506 0.8041 
        D582  9 0.0941 0.0250 0.0254 0.8313 0.0242 
        D583  9 0.0569 0.0262 0.0302 0.0971 0.7895 
        D584  9 0.2935 0.0371 0.3895 0.2200 0.0599 
        D585  9 0.2379 0.0493 0.0375 0.4728 0.2026 
        D586  9 0.0839 0.0427 0.1010 0.0436 0.7289 
        D651  9 0.1054 0.4780 0.1516 0.1054 0.1596 
        D652  9 0.1340 0.2317 0.0349 0.5175 0.0819 
        D653  9 0.2587 0.2432 0.0748 0.0616 0.3618 
        D654  9 0.1030 0.3651 0.0464 0.1858 0.2997 
        D655  9 0.2671 0.1475 0.2279 0.0808 0.2767 
        D656  9 0.1566 0.0540 0.0535 0.6988 0.0372 
        D657  9 0.2684 0.1128 0.1168 0.3414 0.1606 
        D667  9 0.1566 0.0691 0.4557 0.0896 0.2290 
        D668  9 0.2037 0.0542 0.1321 0.4517 0.1583 
        D669  9 0.3306 0.0843 0.0876 0.0897 0.4078 
        D670  9 0.3637 0.4365 0.0734 0.0799 0.0466 
        D671  9 0.1629 0.0629 0.0777 0.0714 0.6251 
        D672  9 0.2069 0.0416 0.0512 0.5961 0.1042 
        D673  9 0.3140 0.1219 0.2823 0.2054 0.0764 
        D692  9 0.2647 0.0492 0.0404 0.3690 0.2766 
        D693  9 0.2127 0.1248 0.3088 0.2389 0.1148 
        D694  9 0.3000 0.0321 0.0507 0.5627 0.0545 
        D695  9 0.1607 0.2106 0.0750 0.4957 0.0579 
        D696  9 0.0282 0.0262 0.9013 0.0236 0.0208 
        D697  9 0.1675 0.0893 0.4165 0.1267 0.2001 
        D698  9 0.1224 0.0521 0.3030 0.0814 0.4411 
        D699  9 0.1427 0.0362 0.5886 0.1067 0.1258 
        D787  9 0.0996 0.4560 0.0407 0.2752 0.1286 
        D788  9 0.1999 0.0814 0.5792 0.1087 0.0307 
        D789  9 0.3501 0.0420 0.2179 0.2412 0.1488 
        D790  9 0.1783 0.1626 0.1074 0.2910 0.2606 
        D791  9 0.1642 0.0435 0.1657 0.0849 0.5416 
        D792  9 0.1089 0.4311 0.0475 0.2168 0.1958 
        D793  9 0.0668 0.1819 0.5690 0.0682 0.1140 
        D794  9 0.1053 0.2496 0.3572 0.1171 0.1708 
        D795  9 0.2082 0.0250 0.0818 0.6286 0.0564 
        D796  9 0.3276 0.0477 0.1196 0.1006 0.4045 
        D142 10 0.2418 0.1592 0.4011 0.0523 0.1455 
        D143 10 0.0459 0.0619 0.1204 0.0643 0.7074 
        D144 10 0.2074 0.1489 0.2852 0.2454 0.1131 
        D145 10 0.1647 0.0567 0.0630 0.0625 0.6530 
        D146 10 0.2630 0.0530 0.1142 0.5219 0.0479 
        D147 10 0.7686 0.0582 0.0539 0.0601 0.0591 
        D148 10 0.6588 0.1145 0.1090 0.0599 0.0578 
        D149 10 0.1821 0.0768 0.0401 0.0653 0.6358 
        D151 10 0.7135 0.0313 0.0534 0.0911 0.1106 
        D152 10 0.0438 0.0231 0.0233 0.0276 0.8822 
        D153 10 0.1314 0.5084 0.2071 0.1013 0.0517 
        D156 10 0.1729 0.6444 0.0524 0.0412 0.0892 
        D157 10 0.1300 0.0713 0.4992 0.2240 0.0755 
        D158 10 0.4082 0.0350 0.1745 0.1145 0.2677 
        D159 10 0.0362 0.0419 0.0409 0.0290 0.8521 
        D160 10 0.0643 0.0188 0.3140 0.0388 0.5641 
        D161 10 0.1841 0.3041 0.2372 0.1412 0.1334 
        D162 10 0.1293 0.5709 0.1176 0.0369 0.1454 
        D169 10 0.0932 0.0572 0.0361 0.7441 0.0693 
        D170 10 0.0946 0.0958 0.1200 0.6412 0.0484 
        D171 10 0.2145 0.1039 0.5241 0.0945 0.0630 
        D172 10 0.2739 0.2398 0.1326 0.1799 0.1738 
