        D174  1 0.1427 0.0284 0.0371 0.0350 0.0787 0.0846 0.4157 0.1778 
        D199  1 0.1295 0.0424 0.1164 0.2005 0.2411 0.0447 0.1593 0.0660 
        D203  1 0.0511 0.0547 0.0630 0.1801 0.2695 0.0865 0.0665 0.2285 
        D204  1 0.0319 0.0671 0.0193 0.0498 0.7448 0.0263 0.0218 0.0392 
     D237366  1 0.2301 0.1445 0.0582 0.0772 0.1011 0.2177 0.0720 0.0992 
     D237367  1 0.1997 0.0547 0.0364 0.1011 0.3317 0.1025 0.0410 0.1329 
     D237368  1 0.0873 0.0444 0.0325 0.0920 0.1242 0.4404 0.1263 0.0529 
     D244101  1 0.0679 0.4061 0.1108 0.1167 0.2142 0.0265 0.0265 0.0313 
     D244102  1 0.0991 0.1252 0.0881 0.0598 0.0828 0.1001 0.0583 0.3865 
     D244103  1 0.5530 0.0441 0.0338 0.0492 0.1228 0.0581 0.0514 0.0876 
     D244104  1 0.0465 0.0292 0.0800 0.0425 0.5807 0.0694 0.1325 0.0192 
     D244105  1 0.2151 0.0363 0.0473 0.0420 0.2552 0.2121 0.0230 0.1690 
     D244106  1 0.0641 0.0366 0.0441 0.1091 0.0640 0.0284 0.5150 0.1388 
     D244107  1 0.1977 0.0812 0.0264 0.1397 0.0741 0.4349 0.0200 0.0260 
     D244108  1 0.0436 0.0472 0.0514 0.0523 0.1104 0.1715 0.4112 0.1126 
     D244113  1 0.0654 0.0979 0.0312 0.0456 0.0240 0.0290 0.5196 0.1874 
     D244114  1 0.3613 0.0648 0.1188 0.0818 0.1124 0.0389 0.0970 0.1251 
     D244115  1 0.0942 0.0394 0.0519 0.0341 0.1954 0.1618 0.3356 0.0875 
     D267365  1 0.0925 0.0519 0.1764 0.0353 0.3588 0.0505 0.1798 0.0549 
        D404  1 0.0429 0.0865 0.0244 0.0529 0.0246 0.0324 0.3152 0.4211 
        D405  1 0.0628 0.1172 0.0537 0.1009 0.1288 0.0613 0.0932 0.3822 
        D406  1 0.0261 0.0432 0.0214 0.0187 0.0623 0.7467 0.0418 0.0399 
        D407  1 0.3166 0.0178 0.0239 0.1806 0.3563 0.0481 0.0313 0.0255 
        D408  1 0.0889 0.0426 0.2390 0.0255 0.0548 0.0283 0.4599 0.0609 
        D409  1 0.6336 0.0481 0.0409 0.0505 0.0854 0.0496 0.0434 0.0486 
        D410  1 0.0455 0.0394 0.0268 0.0165 0.1056 0.6928 0.0371 0.0363 
        D421  1 0.0258 0.0127 0.0220 0.0462 0.8360 0.0144 0.0325 0.0104 
        D422  1 0.1593 0.0175 0.0329 0.0426 0.0417 0.6661 0.0190 0.0209 
        D423  1 0.0601 0.0199 0.0210 0.0728 0.0792 0.6897 0.0214 0.0358 
        D424  1 0.1507 0.0298 0.0173 0.0231 0.6511 0.0504 0.0448 0.0329 
        D425  1 0.0920 0.0405 0.0775 0.0321 0.5174 0.0333 0.1032 0.1040 
        D426  1 0.7592 0.0176 0.0910 0.0309 0.0371 0.0235 0.0277 0.0130 
        D427  1 0.0355 0.0200 0.0327 0.4142 0.2010 0.0260 0.2515 0.0191 
        D428  1 0.1479 0.0840 0.0518 0.0891 0.2252 0.0773 0.2395 0.0851 
        D429  1 0.0791 0.0427 0.0474 0.0532 0.3946 0.0417 0.2414 0.0999 
        D430  1 0.2290 0.0311 0.1168 0.0803 0.0667 0.0343 0.1238 0.3179 
        D491  1 0.0494 0.0260 0.0714 0.0170 0.0483 0.0317 0.7245 0.0317 
        D492  1 0.1760 0.0637 0.0302 0.1077 0.2429 0.1208 0.1642 0.0945 
        D537  1 0.1145 0.0711 0.0216 0.0381 0.5967 0.0787 0.0324 0.0470 
        D538  1 0.1212 0.0467 0.0402 0.0967 0.0615 0.1576 0.0824 0.3936 
        D539  1 0.0692 0.1205 0.2871 0.0664 0.0520 0.1100 0.1685 0.1264 
        D540  1 0.3667 0.0367 0.1503 0.0556 0.2291 0.0578 0.0533 0.0503 
        D541  1 0.0217 0.0207 0.0236 0.0215 0.8541 0.0230 0.0195 0.0159 
        D551  1 0.4043 0.0298 0.1467 0.2600 0.0617 0.0321 0.0337 0.0317 
        D552  1 0.0896 0.0919 0.0946 0.0434 0.1270 0.3355 0.1894 0.0285 
        D553  1 0.0304 0.0201 0.0248 0.0143 0.8519 0.0223 0.0238 0.0124 
        D615  1 0.0619 0.0283 0.0980 0.0854 0.3836 0.1275 0.0831 0.1323 
        D616  1 0.1513 0.0290 0.0796 0.2004 0.2368 0.1735 0.0836 0.0459 
        D621  1 0.0348 0.1836 0.0336 0.0304 0.0246 0.5690 0.0864 0.0376 
        D622  1 0.0799 0.0587 0.0506 0.0292 0.0351 0.6745 0.0386 0.0335 
        D623  1 0.0582 0.2245 0.0495 0.1539 0.0316 0.0378 0.2925 0.1522 
        D624  1 0.0339 0.0151 0.0252 0.0206 0.0371 0.0230 0.8083 0.0367 
        D625  1 0.1233 0.0513 0.0284 0.0276 0.5344 0.0872 0.0924 0.0555 
        D626  1 0.0769 0.0426 0.1138 0.0507 0.1193 0.1324 0.3748 0.0895 
        D627  1 0.6674 0.0267 0.1121 0.0300 0.0775 0.0261 0.0329 0.0274 
        D690  1 0.0263 0.0283 0.0220 0.0129 0.7418 0.0834 0.0656 0.0197 
        D691  1 0.0848 0.0338 0.0425 0.0234 0.0922 0.6292 0.0436 0.0506 
        D710  1 0.1736 0.1311 0.0575 0.0637 0.1832 0.1097 0.2252 0.0561 
        D711  1 0.0375 0.0522 0.0230 0.0326 0.7022 0.0492 0.0398 0.0636 
        D712  1 0.0598 0.0581 0.1251 0.0477 0.0371 0.0574 0.5436 0.0712 
        D713  1 0.1766 0.1885 0.0348 0.0316 0.1616 0.0772 0.1759 0.1538 
        D746  1 0.0386 0.0316 0.0257 0.0341 0.0510 0.7692 0.0275 0.0222 
        D747  1 0.0172 0.0248 0.0230 0.0309 0.8534 0.0175 0.0183 0.0148 
        D748  1 0.2236 0.0854 0.0434 0.0217 0.2439 0.2267 0.0417 0.1135 
        D749  1 0.1432 0.0851 0.0286 0.0670 0.0258 0.4617 0.1155 0.0730 
        D750  1 0.0428 0.0381 0.0317 0.0233 0.1123 0.0733 0.6439 0.0348 
        D763  1 0.1528 0.2139 0.3133 0.0989 0.0888 0.0674 0.0226 0.0423 
        D764  1 0.0921 0.0157 0.0359 0.0225 0.4336 0.1077 0.2670 0.0254 
        D765  1 0.0846 0.0245 0.0592 0.0236 0.0647 0.4366 0.1859 0.1209 
        D766  1 0.1216 0.1285 0.0370 0.0357 0.1320 0.4510 0.0425 0.0518 
        D767  1 0.0581 0.2139 0.0325 0.0901 0.1152 0.0868 0.0375 0.3659 
        D768  1 0.0432 0.0165 0.0254 0.0230 0.8337 0.0241 0.0163 0.0177 
        D811  1 0.1181 0.0258 0.0723 0.0227 0.0357 0.0378 0.1933 0.4942 
        D816  1 0.0252 0.0229 0.0189 0.0152 0.8532 0.0168 0.0295 0.0182 
        D825  1 0.1597 0.0383 0.0473 0.0269 0.1219 0.1250 0.2720 0.2089 
        D866  1 0.0602 0.0240 0.4229 0.1140 0.0623 0.0507 0.1912 0.0747 
        D867  1 0.1349 0.1252 0.0235 0.0586 0.0271 0.5509 0.0327 0.0472 
        D871  1 0.7370 0.0336 0.0417 0.0191 0.0564 0.0213 0.0434 0.0475 
        D872  1 0.0459 0.0457 0.0271 0.0591 0.3097 0.1674 0.0441 0.3009 
        D873  1 0.0179 0.0282 0.0135 0.0215 0.0093 0.8568 0.0179 0.0349 
        D874  1 0.0417 0.6810 0.0444 0.0212 0.0633 0.0165 0.0844 0.0475 
        D875  1 0.7747 0.0292 0.0249 0.0157 0.0307 0.0509 0.0293 0.0445 
        D876  1 0.0607 0.0991 0.0633 0.0242 0.5393 0.0766 0.1019 0.0349 
        D877  1 0.0419 0.0651 0.0249 0.0314 0.0337 0.0191 0.1586 0.6253 
        D892  1 0.1200 0.0765 0.0231 0.0224 0.3368 0.0789 0.1466 0.1956 
        D893  1 0.0942 0.0656 0.1081 0.0435 0.5742 0.0511 0.0219 0.0413 
        D894  1 0.1195 0.0428 0.0460 0.0364 0.5549 0.0460 0.0756 0.0787 
        D915  1 0.1089 0.0295 0.0462 0.0340 0.5668 0.1001 0.0467 0.0679 
        D916  1 0.0289 0.0169 0.0199 0.0169 0.8494 0.0281 0.0253 0.0147 
        D917  1 0.1333 0.1153 0.1110 0.0783 0.1368 0.0340 0.3412 0.0500 
        D925  1 0.0376 0.0183 0.0477 0.0213 0.1566 0.6053 0.0871 0.0260 
        D926  1 0.1394 0.0759 0.0378 0.0311 0.5060 0.0543 0.1038 0.0517 
        D927  1 0.1589 0.0529 0.1027 0.2795 0.2584 0.0311 0.0558 0.0607 
        D928  1 0.0185 0.0169 0.0154 0.0160 0.0702 0.0174 0.8151 0.0304 
        D929  1 0.0514 0.3871 0.0325 0.0212 0.0378 0.0289 0.0509 0.3902 
        D936  1 0.0492 0.2107 0.0832 0.0522 0.5072 0.0312 0.0295 0.0370 
        D938  1 0.0258 0.0363 0.0242 0.0202 0.0244 0.8166 0.0286 0.0238 
        D956  1 0.0467 0.0320 0.0359 0.0462 0.0374 0.0323 0.5828 0.1867 
        D957  1 0.0464 0.0653 0.0328 0.0588 0.2365 0.3069 0.0570 0.1963 
        D958  1 0.0704 0.0812 0.0304 0.0292 0.2149 0.3225 0.1567 0.0948 
        D959  1 0.3434 0.0155 0.0186 0.1644 0.3553 0.0480 0.0323 0.0225 
        D960  1 0.0316 0.0308 0.0173 0.0218 0.0384 0.7751 0.0463 0.0387 
        D989  1 0.0488 0.0324 0.1267 0.0864 0.0421 0.0296 0.5851 0.0488 
        D990  1 0.0449 0.0286 0.1264 0.0334 0.0223 0.6705 0.0541 0.0198 
        D023  2 0.1509 0.0281 0.0214 0.0496 0.0869 0.6189 0.0289 0.0153 
        D130  2 0.0735 0.0290 0.0185 0.0449 0.0837 0.5812 0.0178 0.1515 
        D131  2 0.3521 0.0627 0.1283 0.0477 0.2592 0.0451 0.0419 0.0630 
        D163  2 0.0760 0.0407 0.0371 0.0173 0.1300 0.6149 0.0587 0.0253 
        D164  2 0.0154 0.0165 0.0189 0.4814 0.0149 0.4236 0.0111 0.0183 
        D165  2 0.1152 0.0351 0.0353 0.0684 0.0500 0.6511 0.0263 0.0188 
        D166  2 0.1081 0.0626 0.0429 0.0437 0.0529 0.0399 0.0205 0.6293 
        D167  2 0.0174 0.0193 0.0218 0.8075 0.0181 0.0156 0.0368 0.0635 
        D192  2 0.0158 0.0241 0.0213 0.8598 0.0120 0.0168 0.0256 0.0245 
        D193  2 0.0976 0.1034 0.0533 0.0544 0.0343 0.0423 0.2276 0.3870 
        D206  2 0.1506 0.0452 0.0423 0.4516 0.1760 0.0661 0.0267 0.0416 
        D207  2 0.0978 0.0229 0.0534 0.6077 0.0370 0.0211 0.0269 0.1331 
        D208  2 0.0629 0.0871 0.4032 0.1044 0.0610 0.0478 0.1462 0.0875 
        D209  2 0.1644 0.1443 0.0420 0.4762 0.0511 0.0529 0.0360 0.0331 
        D210  2 0.0503 0.0406 0.1692 0.1219 0.0863 0.0282 0.4621 0.0414 
     D229599  2 0.0766 0.2376 0.1286 0.0490 0.2568 0.1005 0.0793 0.0716 
     D229600  2 0.0915 0.0298 0.0326 0.4004 0.0332 0.3161 0.0226 0.0739 
     D237227  2 0.0601 0.0382 0.1207 0.0640 0.0468 0.1258 0.5009 0.0434 
     D237228  2 0.0953 0.0210 0.0802 0.0749 0.0214 0.3086 0.2779 0.1207 
     D237258  2 0.1261 0.0751 0.1517 0.2374 0.0833 0.1473 0.0794 0.0996 
     D237310  2 0.0880 0.0416 0.0279 0.0624 0.0157 0.2951 0.0386 0.4308 
     D237311  2 0.0864 0.0256 0.0327 0.1970 0.0183 0.4281 0.0387 0.1732 
     D237312  2 0.1317 0.0820 0.0255 0.0229 0.0290 0.1243 0.0490 0.5356 
     D237313  2 0.0885 0.1147 0.1504 0.0377 0.3060 0.1349 0.1171 0.0508 
     D237322  2 0.1062 0.1512 0.2981 0.0625 0.0392 0.0562 0.0989 0.1877 
     D237323  2 0.0517 0.0355 0.0643 0.0285 0.0180 0.4628 0.1432 0.1961 
     D237324  2 0.1528 0.0527 0.1157 0.2854 0.0806 0.2540 0.0186 0.0402 
     D237325  2 0.1175 0.0980 0.0401 0.0872 0.0424 0.3283 0.0976 0.1889 
     D237326  2 0.0662 0.0410 0.0295 0.0374 0.0776 0.6199 0.0916 0.0368 
     D237327  2 0.1308 0.1044 0.3475 0.1704 0.0803 0.0620 0.0478 0.0567 
     D237337  2 0.0866 0.0324 0.0320 0.0192 0.0348 0.6298 0.0652 0.1001 
     D237338  2 0.1248 0.1872 0.1055 0.0935 0.0654 0.2118 0.1214 0.0903 
     D237339  2 0.0523 0.5891 0.0429 0.1685 0.0491 0.0221 0.0266 0.0494 
     D237340  2 0.0896 0.0545 0.0586 0.1783 0.0232 0.2423 0.1624 0.1911 
     D237389  2 0.0733 0.0374 0.0211 0.1157 0.0280 0.2935 0.0243 0.4067 
     D237390  2 0.1367 0.0681 0.0651 0.0318 0.0515 0.1278 0.0791 0.4400 
     D244017  2 0.0784 0.0248 0.0420 0.3072 0.0360 0.0247 0.2325 0.2545 
     D244112  2 0.0232 0.0174 0.0180 0.7971 0.0167 0.0282 0.0197 0.0797 
     D244118  2 0.0212 0.0304 0.0251 0.6273 0.0144 0.2260 0.0243 0.0312 
     D244119  2 0.0259 0.0130 0.0333 0.2300 0.0221 0.0265 0.6208 0.0285 
     D244120  2 0.0502 0.0715 0.0499 0.3276 0.0157 0.0279 0.0692 0.3880 
     D244122  2 0.0406 0.0349 0.0381 0.6711 0.0368 0.0336 0.0414 0.1034 
        D291  2 0.1488 0.0246 0.5891 0.0619 0.0525 0.0298 0.0206 0.0728 
        D292  2 0.0386 0.0625 0.1809 0.2783 0.2292 0.0532 0.0863 0.0711 
        D293  2 0.0578 0.0636 0.0374 0.6380 0.1484 0.0130 0.0208 0.0209 
        D322  2 0.0622 0.1217 0.0485 0.5147 0.1531 0.0371 0.0264 0.0364 
        D323  2 0.1962 0.1588 0.1531 0.1866 0.0644 0.0390 0.0598 0.1421 
        D324  2 0.2443 0.0251 0.3714 0.0373 0.1284 0.0868 0.0597 0.0469 
        D325  2 0.0435 0.0333 0.0377 0.8004 0.0412 0.0140 0.0130 0.0169 
        D326  2 0.0321 0.0174 0.0285 0.0166 0.8382 0.0139 0.0354 0.0180 
        D340  2 0.0250 0.0260 0.0293 0.8412 0.0222 0.0228 0.0208 0.0127 
        D341  2 0.0440 0.0542 0.0777 0.5950 0.0758 0.0393 0.0398 0.0742 
        D342  2 0.0810 0.0364 0.0630 0.5689 0.0281 0.1247 0.0271 0.0708 
        D343  2 0.0183 0.0167 0.0145 0.8949 0.0211 0.0103 0.0118 0.0124 
        D344  2 0.0639 0.4182 0.0242 0.0632 0.1884 0.0278 0.0277 0.1865 
        D345  2 0.0858 0.2084 0.1298 0.0553 0.2169 0.2160 0.0600 0.0279 
        D346  2 0.1194 0.0360 0.1396 0.0647 0.0473 0.0312 0.5121 0.0498 
        D351  2 0.2853 0.0696 0.1699 0.0598 0.2525 0.0459 0.0250 0.0919 
        D352  2 0.0954 0.6451 0.0332 0.0506 0.0255 0.0271 0.0766 0.0466 
        D353  2 0.2413 0.1815 0.0368 0.0519 0.3912 0.0217 0.0236 0.0520 
        D354  2 0.0376 0.6807 0.0264 0.0213 0.0900 0.0433 0.0735 0.0271 
        D362  2 0.0383 0.0240 0.0284 0.0378 0.7658 0.0438 0.0324 0.0295 
        D363  2 0.0507 0.0281 0.0441 0.0290 0.7355 0.0358 0.0523 0.0245 
        D364  2 0.0372 0.3345 0.0209 0.0354 0.4480 0.0364 0.0540 0.0336 
        D365  2 0.0180 0.0303 0.0179 0.8611 0.0238 0.0126 0.0229 0.0134 
        D369  2 0.1463 0.0245 0.1478 0.1668 0.2295 0.0557 0.1856 0.0438 
        D374  2 0.0261 0.0331 0.0239 0.0244 0.0222 0.0305 0.5918 0.2481 
        D375  2 0.0447 0.7817 0.0163 0.0227 0.0346 0.0211 0.0228 0.0560 
        D376  2 0.0286 0.0669 0.0234 0.0250 0.0206 0.0338 0.6414 0.1604 
        D377  2 0.1910 0.0945 0.1432 0.0754 0.0526 0.1084 0.0950 0.2399 
        D378  2 0.1607 0.2471 0.0800 0.2478 0.1437 0.0625 0.0298 0.0285 
        D379  2 0.0581 0.0765 0.0445 0.0290 0.6898 0.0261 0.0416 0.0344 
        D384  2 0.0231 0.0171 0.0246 0.0213 0.8293 0.0189 0.0492 0.0163 
        D385  2 0.0307 0.1334 0.0251 0.6869 0.0267 0.0188 0.0501 0.0283 
        D386  2 0.1274 0.5294 0.0318 0.0742 0.1279 0.0542 0.0185 0.0367 
        D391  2 0.0331 0.1133 0.0308 0.7290 0.0301 0.0193 0.0180 0.0263 
        D392  2 0.0639 0.0264 0.0446 0.5829 0.0886 0.0659 0.0609 0.0668 
        D393  2 0.0753 0.2449 0.2742 0.1074 0.1980 0.0418 0.0302 0.0281 
        D394  2 0.1155 0.2530 0.0505 0.0939 0.1049 0.2070 0.0621 0.1132 
        D395  2 0.0723 0.4446 0.0389 0.3181 0.0218 0.0186 0.0227 0.0629 
        D401  2 0.0850 0.0154 0.0326 0.0519 0.0274 0.6243 0.0672 0.0963 
        D402  2 0.0338 0.0607 0.0812 0.7333 0.0227 0.0202 0.0195 0.0286 
        D403  2 0.1043 0.1036 0.0314 0.0543 0.4974 0.0550 0.0389 0.1150 
        D415  2 0.1614 0.0379 0.0176 0.0379 0.6250 0.0595 0.0178 0.0428 
        D435  2 0.0502 0.0646 0.0583 0.1903 0.5501 0.0451 0.0198 0.0217 
        D436  2 0.0856 0.4804 0.0206 0.0362 0.1600 0.0274 0.0615 0.1282 
        D438  2 0.0272 0.0182 0.0206 0.8574 0.0172 0.0166 0.0278 0.0152 
        D439  2 0.1029 0.5887 0.0550 0.0808 0.0858 0.0424 0.0181 0.0264 
        D449  2 0.1051 0.0228 0.0260 0.6757 0.0941 0.0258 0.0265 0.0240 
        D450  2 0.1814 0.2408 0.0909 0.0309 0.1342 0.0535 0.1935 0.0748 
        D456  2 0.0612 0.0200 0.0317 0.0142 0.8172 0.0167 0.0227 0.0163 
        D462  2 0.0346 0.0840 0.0242 0.7655 0.0386 0.0171 0.0161 0.0198 
        D463  2 0.0315 0.0309 0.0211 0.0169 0.8213 0.0167 0.0385 0.0231 
        D464  2 0.1727 0.4163 0.0247 0.0969 0.0922 0.0200 0.0409 0.1363 
        D465  2 0.1680 0.0298 0.0327 0.5144 0.1302 0.0454 0.0273 0.0521 
        D473  2 0.0953 0.1489 0.0538 0.0429 0.0302 0.0991 0.4556 0.0741 
        D474  2 0.0566 0.0394 0.1903 0.0772 0.4771 0.0673 0.0688 0.0233 
        D476  2 0.0469 0.5296 0.0296 0.0531 0.0427 0.2604 0.0142 0.0235 
        D477  2 0.0980 0.2753 0.1478 0.0298 0.2964 0.0572 0.0604 0.0351 
        D478  2 0.3263 0.1028 0.0601 0.0784 0.0575 0.0844 0.1369 0.1536 
        D480  2 0.0953 0.2434 0.1815 0.1197 0.1635 0.0336 0.1058 0.0572 
        D481  2 0.1282 0.2195 0.0657 0.0914 0.2069 0.1088 0.1332 0.0464 
        D482  2 0.0695 0.3902 0.2756 0.0321 0.0222 0.0545 0.0772 0.0787 
        D483  2 0.0228 0.0191 0.0263 0.7934 0.0198 0.0225 0.0721 0.0240 
        D484  2 0.0213 0.8235 0.0246 0.0245 0.0138 0.0182 0.0245 0.0497 
        D510  2 0.0461 0.0405 0.1185 0.0249 0.0336 0.0275 0.6386 0.0704 
        D511  2 0.0732 0.6278 0.0629 0.0693 0.0708 0.0447 0.0237 0.0277 
        D512  2 0.1801 0.0270 0.0340 0.1986 0.0263 0.2511 0.0168 0.2660 
        D513  2 0.0937 0.0293 0.0949 0.5568 0.0783 0.0402 0.0611 0.0457 
        D635  2 0.2920 0.0251 0.0380 0.0576 0.2873 0.2440 0.0355 0.0206 
        D636  2 0.0803 0.0174 0.0255 0.0369 0.0306 0.7641 0.0262 0.0190 
        D637  2 0.1009 0.3215 0.0970 0.1637 0.0456 0.0460 0.0977 0.1276 
        D658  2 0.0359 0.2516 0.0313 0.3967 0.0294 0.0521 0.1158 0.0873 
        D659  2 0.0700 0.0622 0.0790 0.0450 0.6331 0.0491 0.0374 0.0241 
        D677  2 0.1300 0.0643 0.1125 0.0980 0.3344 0.0982 0.0225 0.1402 
        D678  2 0.0873 0.0295 0.0361 0.6580 0.0252 0.0347 0.0206 0.1086 
        D679  2 0.1710 0.0786 0.1868 0.0756 0.3425 0.0516 0.0590 0.0348 
        D719  2 0.0333 0.0463 0.0949 0.1980 0.1756 0.0294 0.4023 0.0203 
        D720  2 0.0755 0.0253 0.0516 0.0395 0.6369 0.0435 0.0920 0.0358 
        D721  2 0.1577 0.0546 0.0429 0.1157 0.0735 0.4810 0.0580 0.0166 
        D722  2 0.0521 0.0482 0.0670 0.0741 0.0329 0.0609 0.4191 0.2456 
        D734  2 0.0408 0.6094 0.0519 0.0634 0.0304 0.0171 0.1590 0.0279 
        D735  2 0.1528 0.1004 0.1855 0.0667 0.2229 0.1203 0.0931 0.0582 
        D736  2 0.1119 0.0624 0.2844 0.0781 0.0696 0.0537 0.3131 0.0268 
        D737  2 0.0296 0.1943 0.0794 0.5153 0.0226 0.0659 0.0373 0.0557 
        D807  2 0.0883 0.0945 0.1891 0.0694 0.1943 0.0552 0.2043 0.1049 
        D808  2 0.1831 0.0690 0.0787 0.1074 0.0794 0.1729 0.0375 0.2721 
        D817  2 0.1843 0.1118 0.1383 0.0383 0.3410 0.0469 0.0570 0.0824 
        D818  2 0.3443 0.0607 0.1090 0.2467 0.0784 0.0348 0.0360 0.0902 
        D819  2 0.3258 0.0438 0.1135 0.0490 0.1896 0.1205 0.0564 0.1015 
        D820  2 0.0545 0.0988 0.0347 0.0423 0.7072 0.0154 0.0252 0.0220 
        D895  2 0.1837 0.0771 0.0748 0.0755 0.4115 0.0902 0.0595 0.0276 
        D896  2 0.0431 0.0251 0.0243 0.0185 0.0239 0.6720 0.0549 0.1383 
        D897  2 0.1023 0.0419 0.0803 0.5668 0.0370 0.0421 0.0346 0.0951 
        D898  2 0.2067 0.0799 0.1928 0.0468 0.0728 0.0879 0.0641 0.2490 
        D918  2 0.1944 0.1658 0.0893 0.1103 0.0497 0.1060 0.0862 0.1985 
        D919  2 0.1403 0.3499 0.0726 0.1567 0.1616 0.0310 0.0268 0.0612 
        D920  2 0.0444 0.0394 0.0268 0.0403 0.0376 0.6545 0.0540 0.1030 
        D923  2 0.0720 0.0943 0.0263 0.0373 0.6819 0.0278 0.0277 0.0327 
        D930  2 0.2248 0.1443 0.0942 0.0492 0.1779 0.0714 0.1522 0.0860 
        D931  2 0.0791 0.2874 0.0581 0.1631 0.2260 0.0489 0.0584 0.0792 
        D968  2 0.0336 0.0240 0.0587 0.7841 0.0350 0.0176 0.0175 0.0294 
        D969  2 0.0875 0.0544 0.2416 0.2187 0.2366 0.0301 0.0761 0.0550 
        D977  2 0.0822 0.0471 0.0414 0.7159 0.0356 0.0251 0.0232 0.0296 
        D978  2 0.1830 0.0331 0.4247 0.1245 0.0354 0.0210 0.0311 0.1472 
        D211  3 0.2353 0.0919 0.0969 0.0309 0.1336 0.2126 0.0381 0.1609 
     D229639  3 0.0386 0.0334 0.5448 0.0591 0.1171 0.0406 0.1113 0.0549 
     D237212  3 0.1371 0.2548 0.2578 0.0866 0.1025 0.0655 0.0319 0.0639 
     D237213  3 0.2576 0.1458 0.1392 0.0506 0.0580 0.1440 0.0268 0.1781 
     D237214  3 0.6493 0.0239 0.0147 0.0267 0.0272 0.1678 0.0383 0.0520 
     D237215  3 0.0319 0.0228 0.1231 0.5198 0.0198 0.0297 0.0938 0.1592 
     D237216  3 0.4591 0.0870 0.1616 0.0478 0.0603 0.1007 0.0382 0.0453 
     D237217  3 0.1818 0.0423 0.0988 0.0793 0.2129 0.2918 0.0223 0.0708 
     D237218  3 0.0696 0.3040 0.3664 0.0470 0.0728 0.0437 0.0598 0.0367 
     D237219  3 0.0759 0.0298 0.3875 0.0301 0.0706 0.2187 0.0868 0.1006 
     D237382  3 0.0868 0.0349 0.0308 0.0405 0.1034 0.0510 0.0936 0.5590 
     D244127  3 0.0987 0.0541 0.1230 0.1092 0.0380 0.4511 0.0217 0.1042 
     D244129  3 0.2253 0.0852 0.1287 0.0843 0.1177 0.1662 0.0555 0.1372 
     D244133  3 0.1835 0.0169 0.1984 0.2079 0.0952 0.0756 0.1387 0.0838 
     D244134  3 0.0266 0.0288 0.6700 0.0248 0.0312 0.0588 0.1373 0.0224 
     D244135  3 0.2696 0.0413 0.0423 0.1542 0.0630 0.3733 0.0208 0.0356 
     D244136  3 0.1530 0.0287 0.1466 0.1281 0.2057 0.0658 0.1949 0.0772 
        D416  3 0.2599 0.0754 0.1609 0.1744 0.1316 0.1001 0.0421 0.0556 
        D417  3 0.0604 0.0372 0.0283 0.0254 0.6668 0.0556 0.0304 0.0958 
        D419  3 0.0641 0.0642 0.3284 0.0859 0.2030 0.1231 0.0748 0.0566 
        D565  3 0.0218 0.0170 0.0711 0.0145 0.0457 0.0203 0.7921 0.0175 
        D566  3 0.0786 0.0255 0.3708 0.0641 0.0795 0.0390 0.2857 0.0568 
        D567  3 0.0547 0.0471 0.0341 0.0480 0.6426 0.1056 0.0284 0.0396 
        D568  3 0.0534 0.2093 0.0591 0.1479 0.2963 0.1370 0.0226 0.0745 
        D569  3 0.1291 0.5270 0.0494 0.1013 0.0275 0.0383 0.0537 0.0736 
        D573  3 0.0677 0.0401 0.2623 0.3347 0.2032 0.0285 0.0298 0.0336 
        D574  3 0.1641 0.0411 0.1445 0.0534 0.0462 0.0522 0.3785 0.1200 
        D575  3 0.1365 0.0414 0.3266 0.0652 0.0940 0.1924 0.1167 0.0272 
        D576  3 0.0788 0.0239 0.1245 0.5732 0.0110 0.0200 0.0377 0.1309 
        D577  3 0.1403 0.0706 0.0782 0.0348 0.4841 0.0545 0.0516 0.0859 
        D578  3 0.4812 0.0154 0.0224 0.0480 0.0178 0.3424 0.0193 0.0536 
        D579  3 0.0931 0.1426 0.2074 0.0872 0.1494 0.0825 0.1894 0.0484 
        D660  3 0.1046 0.0646 0.0680 0.6049 0.0195 0.0511 0.0205 0.0667 
        D661  3 0.1607 0.1329 0.2238 0.3344 0.0344 0.0448 0.0210 0.0481 
        D663  3 0.1525 0.0558 0.4554 0.1077 0.0824 0.0261 0.0277 0.0925 
        D664  3 0.1898 0.0465 0.1272 0.1899 0.0322 0.1752 0.0856 0.1537 
        D665  3 0.3064 0.0899 0.0789 0.0542 0.0223 0.0944 0.0145 0.3394 
        D666  3 0.1067 0.0535 0.2802 0.0383 0.1113 0.2020 0.1421 0.0658 
        D009  4 0.1356 0.2715 0.0525 0.0270 0.1217 0.2322 0.0429 0.1165 
        D057  4 0.0267 0.4922 0.0431 0.1446 0.0416 0.1727 0.0370 0.0422 
        D109  4 0.1795 0.0542 0.0443 0.0269 0.0543 0.4828 0.0773 0.0806 
     D237222  4 0.0608 0.0515 0.0302 0.0608 0.0659 0.4276 0.1343 0.1689 
     D237223  4 0.1947 0.0726 0.0550 0.0804 0.0425 0.1869 0.1432 0.2247 
     D237224  4 0.0794 0.2403 0.2176 0.1740 0.1701 0.0452 0.0362 0.0372 
     D237225  4 0.1971 0.1391 0.1449 0.0475 0.1893 0.1235 0.0544 0.1043 
     D237299  4 0.3650 0.0301 0.0693 0.0346 0.0216 0.0373 0.0442 0.3980 
     D237300  4 0.0364 0.0379 0.7596 0.0503 0.0211 0.0265 0.0381 0.0300 
     D237306  4 0.0992 0.0718 0.0312 0.0294 0.0779 0.0489 0.4623 0.1794 
     D237307  4 0.0971 0.0286 0.1087 0.0835 0.3558 0.0391 0.2088 0.0785 
     D237308  4 0.0406 0.1720 0.0454 0.4453 0.0463 0.1350 0.0782 0.0372 
     D237309  4 0.1279 0.1212 0.0681 0.0924 0.2810 0.1520 0.0334 0.1239 
     D237317  4 0.0825 0.0499 0.0919 0.0376 0.1958 0.0686 0.4126 0.0612 
     D237318  4 0.0501 0.0176 0.7277 0.0740 0.0347 0.0184 0.0329 0.0448 
     D237319  4 0.1688 0.0568 0.0786 0.0774 0.1467 0.1177 0.0493 0.3049 
     D237320  4 0.1975 0.0472 0.1459 0.1505 0.1097 0.1468 0.0519 0.1504 
     D237321  4 0.0647 0.0404 0.5818 0.0987 0.0626 0.0508 0.0599 0.0412 
     D237397  4 0.0828 0.0498 0.1732 0.1456 0.0767 0.1100 0.2491 0.1129 
     D237398  4 0.1111 0.0460 0.6291 0.0444 0.0651 0.0299 0.0220 0.0524 
     D237399  4 0.1114 0.0568 0.2758 0.0480 0.1293 0.0490 0.1880 0.1417 
     D244001  4 0.0534 0.0883 0.0284 0.2419 0.0709 0.4035 0.0361 0.0774 
        D289  4 0.1171 0.2741 0.1066 0.0961 0.0859 0.0330 0.2533 0.0338 
        D290  4 0.0350 0.0320 0.0291 0.0348 0.0601 0.0306 0.0285 0.7499 
        D294  4 0.3323 0.2630 0.0588 0.0463 0.1035 0.0280 0.0537 0.1145 
        D295  4 0.0610 0.1091 0.0721 0.0312 0.4156 0.0686 0.0531 0.1892 
        D301  4 0.0326 0.0390 0.1158 0.0576 0.0278 0.5882 0.0493 0.0897 
        D302  4 0.0422 0.6826 0.0265 0.0196 0.0974 0.0307 0.0185 0.0826 
        D303  4 0.0477 0.1267 0.0504 0.0602 0.0372 0.0598 0.5404 0.0776 
        D304  4 0.0731 0.0453 0.2267 0.0402 0.0818 0.0293 0.0882 0.4154 
        D305  4 0.1092 0.6402 0.0496 0.0842 0.0321 0.0414 0.0137 0.0297 
        D306  4 0.0550 0.0275 0.0217 0.0207 0.0422 0.0307 0.0382 0.7641 
        D307  4 0.0407 0.0835 0.0520 0.0330 0.0243 0.6621 0.0682 0.0361 
        D327  4 0.1070 0.0444 0.0570 0.0739 0.5366 0.0312 0.1014 0.0485 
        D328  4 0.0501 0.5816 0.0320 0.0318 0.0309 0.0438 0.1193 0.1105 
        D329  4 0.0860 0.3435 0.0762 0.1735 0.1017 0.0789 0.0505 0.0896 
        D330  4 0.1486 0.0971 0.0175 0.0925 0.3457 0.0867 0.0223 0.1896 
        D331  4 0.0627 0.0454 0.1978 0.0593 0.1670 0.0709 0.0929 0.3040 
        D333  4 0.0582 0.2849 0.0934 0.1065 0.0850 0.1061 0.1215 0.1445 
        D334  4 0.1067 0.0971 0.0567 0.0245 0.0859 0.0496 0.5160 0.0635 
        D335  4 0.0695 0.4958 0.0309 0.0639 0.2064 0.0348 0.0424 0.0562 
        D370  4 0.0606 0.1013 0.0570 0.0632 0.0542 0.1884 0.1217 0.3538 
        D371  4 0.0351 0.0245 0.0320 0.0428 0.1011 0.0159 0.7207 0.0279 
        D372  4 0.0416 0.0248 0.6581 0.0559 0.0167 0.0210 0.0257 0.1561 
        D373  4 0.0690 0.0924 0.0899 0.1046 0.0452 0.5511 0.0278 0.0200 
        D455  4 0.0402 0.1202 0.0562 0.0439 0.0458 0.6107 0.0317 0.0514 
        D490  4 0.0400 0.0652 0.0199 0.0174 0.0312 0.7424 0.0291 0.0548 
        D497  4 0.0617 0.0905 0.0493 0.0205 0.0265 0.6694 0.0253 0.0569 
        D498  4 0.0605 0.0349 0.1265 0.0414 0.0595 0.0689 0.0954 0.5128 
        D499  4 0.1831 0.1677 0.1316 0.2043 0.0356 0.0331 0.1445 0.1002 
        D514  4 0.1723 0.1195 0.0622 0.0374 0.3410 0.0440 0.0192 0.2045 
        D515  4 0.2542 0.0596 0.0201 0.0323 0.0464 0.0791 0.0313 0.4770 
        D516  4 0.1173 0.0409 0.1724 0.0957 0.1839 0.1611 0.0854 0.1434 
        D517  4 0.0988 0.0570 0.0689 0.0958 0.1655 0.4414 0.0267 0.0459 
        D518  4 0.0349 0.5916 0.0231 0.0515 0.0392 0.1578 0.0545 0.0473 
        D519  4 0.3096 0.0482 0.0948 0.0662 0.0857 0.1294 0.0325 0.2336 
        D560  4 0.1758 0.1136 0.0870 0.1036 0.1631 0.0876 0.0248 0.2445 
        D561  4 0.5660 0.0604 0.0231 0.0741 0.0995 0.0810 0.0179 0.0781 
        D562  4 0.2220 0.1837 0.0780 0.0998 0.0560 0.0868 0.0736 0.2000 
        D563  4 0.1631 0.1909 0.0721 0.4134 0.0281 0.0452 0.0219 0.0654 
        D572  4 0.0529 0.7245 0.0207 0.0361 0.0505 0.0369 0.0297 0.0489 
        D629  4 0.2577 0.1101 0.1533 0.0336 0.2600 0.1258 0.0275 0.0321 
        D630  4 0.1454 0.1408 0.0732 0.0430 0.1534 0.0518 0.0691 0.3234 
        D631  4 0.0323 0.7316 0.0277 0.0855 0.0275 0.0302 0.0268 0.0384 
        D632  4 0.0450 0.1692 0.0257 0.1460 0.0498 0.5041 0.0224 0.0378 
        D646  4 0.1908 0.0794 0.0589 0.1126 0.2710 0.1629 0.0383 0.0861 
        D647  4 0.0647 0.0885 0.0453 0.0634 0.4467 0.0999 0.0181 0.1734 
        D648  4 0.0455 0.5311 0.0189 0.0290 0.0186 0.0224 0.0540 0.2806 
        D649  4 0.0556 0.1922 0.0469 0.0233 0.3789 0.2429 0.0278 0.0325 
        D650  4 0.1598 0.1721 0.1104 0.0430 0.2062 0.0876 0.1105 0.1104 
        D708  4 0.1378 0.2753 0.1147 0.0376 0.0597 0.0565 0.2461 0.0721 
        D709  4 0.0378 0.0465 0.0255 0.0298 0.0506 0.0443 0.0383 0.7272 
        D738  4 0.0626 0.0368 0.0434 0.0219 0.1103 0.1112 0.5521 0.0616 
        D739  4 0.1857 0.1459 0.0790 0.0353 0.0368 0.1205 0.0400 0.3568 
        D740  4 0.2167 0.1279 0.1715 0.0698 0.0272 0.1475 0.1751 0.0642 
        D741  4 0.3798 0.0636 0.0479 0.1305 0.1822 0.0466 0.0214 0.1280 
        D742  4 0.1297 0.1209 0.1563 0.3092 0.0480 0.0547 0.1189 0.0623 
        D743  4 0.0674 0.4329 0.0410 0.0560 0.3184 0.0238 0.0314 0.0291 
        D744  4 0.0496 0.7683 0.0344 0.0513 0.0248 0.0208 0.0231 0.0277 
        D745  4 0.3300 0.0605 0.0558 0.0347 0.0449 0.1687 0.0275 0.2778 
        D814  4 0.2184 0.0950 0.0575 0.4107 0.0715 0.0341 0.0356 0.0773 
        D815  4 0.0512 0.3151 0.0671 0.0365 0.1909 0.0541 0.0445 0.2406 
        D828  4 0.0484 0.0864 0.0500 0.0694 0.0158 0.0234 0.0857 0.6209 
        D845  4 0.0215 0.0252 0.8434 0.0301 0.0186 0.0132 0.0360 0.0120 
        D846  4 0.0888 0.3797 0.0629 0.1706 0.1753 0.0416 0.0130 0.0680 
        D847  4 0.2505 0.0837 0.1456 0.0582 0.1184 0.0704 0.1065 0.1666 
        D848  4 0.0592 0.0639 0.1954 0.0969 0.0183 0.5121 0.0246 0.0296 
        D849  4 0.1759 0.0970 0.0346 0.0478 0.0633 0.1959 0.0267 0.3589 
        D850  4 0.4021 0.0506 0.1650 0.0590 0.1592 0.0709 0.0574 0.0359 
        D856  4 0.2144 0.0503 0.0552 0.0350 0.0796 0.1124 0.0560 0.3971 
        D857  4 0.0260 0.0319 0.0209 0.0881 0.0105 0.5945 0.0355 0.1927 
        D859  4 0.0490 0.6567 0.0520 0.0336 0.0988 0.0267 0.0235 0.0597 
        D860  4 0.0530 0.1016 0.1405 0.0845 0.0997 0.0326 0.4519 0.0363 
        D883  4 0.0969 0.1270 0.1162 0.0436 0.2444 0.1662 0.1014 0.1043 
        D884  4 0.1536 0.1478 0.0508 0.0298 0.1101 0.1096 0.0966 0.3018 
        D885  4 0.3214 0.1252 0.2307 0.0983 0.1056 0.0546 0.0335 0.0308 
        D886  4 0.0666 0.0741 0.0429 0.0734 0.1492 0.1638 0.0283 0.4017 
        D887  4 0.1082 0.2092 0.1779 0.1411 0.1068 0.0699 0.0684 0.1185 
        D889  4 0.0450 0.0528 0.5149 0.0174 0.0519 0.0133 0.0212 0.2836 
        D890  4 0.1118 0.1864 0.1110 0.1073 0.0561 0.1578 0.1212 0.1484 
        D891  4 0.0173 0.0133 0.9026 0.0160 0.0154 0.0109 0.0118 0.0128 
        D899  4 0.0490 0.1010 0.2105 0.3989 0.0430 0.0297 0.0923 0.0755 
        D900  4 0.2107 0.1420 0.0725 0.1099 0.1364 0.0494 0.0815 0.1976 
        D970  4 0.0996 0.4180 0.1353 0.0593 0.1408 0.0409 0.0573 0.0487 
        D971  4 0.1160 0.1555 0.0270 0.4301 0.0617 0.0702 0.0727 0.0667 
        D979  4 0.0878 0.3741 0.0386 0.0493 0.3200 0.0302 0.0413 0.0586 
        D093  5 0.0298 0.0319 0.0575 0.0317 0.0477 0.0255 0.7348 0.0411 
        D154  5 0.2337 0.0601 0.2351 0.1808 0.0395 0.0287 0.0690 0.1531 
        D168  5 0.1831 0.0435 0.1799 0.3180 0.0800 0.0920 0.0205 0.0831 
        D189  5 0.0720 0.0400 0.1426 0.0453 0.0518 0.0289 0.3165 0.3029 
        D190  5 0.0291 0.0665 0.0837 0.0354 0.0364 0.0297 0.6746 0.0446 
     D237220  5 0.1441 0.1481 0.2591 0.0340 0.0376 0.1488 0.1013 0.1270 
     D237221  5 0.0667 0.0841 0.3332 0.1119 0.0814 0.0474 0.2300 0.0453 
     D237274  5 0.0886 0.1472 0.0265 0.0656 0.5609 0.0358 0.0220 0.0533 
     D237275  5 0.0579 0.0194 0.0815 0.5158 0.0241 0.0281 0.0296 0.2436 
     D237276  5 0.0639 0.0899 0.0773 0.0460 0.1369 0.1260 0.1470 0.3130 
     D237277  5 0.0343 0.0763 0.2912 0.0623 0.0261 0.0330 0.4432 0.0337 
     D237278  5 0.0812 0.0986 0.0411 0.3102 0.0576 0.0886 0.2544 0.0684 
     D237279  5 0.4085 0.0563 0.0563 0.0231 0.0333 0.3745 0.0239 0.0241 
     D237280  5 0.0720 0.0609 0.0642 0.0294 0.1758 0.4767 0.0834 0.0375 
     D237281  5 0.0750 0.0449 0.3152 0.4093 0.0653 0.0215 0.0317 0.0371 
     D237351  5 0.0517 0.0302 0.1244 0.0290 0.0257 0.6071 0.0870 0.0449 
     D237352  5 0.0970 0.1732 0.0631 0.1214 0.0832 0.3056 0.0831 0.0735 
     D237353  5 0.0230 0.0391 0.1508 0.0221 0.0252 0.0291 0.6836 0.0270 
     D237359  5 0.1807 0.1400 0.3697 0.0344 0.0528 0.0801 0.0537 0.0886 
     D237361  5 0.0243 0.0201 0.0477 0.0224 0.0202 0.0249 0.8080 0.0326 
     D237362  5 0.1775 0.0603 0.2582 0.0634 0.1686 0.0641 0.1496 0.0583 
     D237363  5 0.4267 0.0244 0.1315 0.1621 0.0455 0.0341 0.0628 0.1127 
     D237364  5 0.2095 0.1953 0.0975 0.1653 0.0983 0.0724 0.0174 0.1443 
     D237376  5 0.0411 0.1383 0.0320 0.0340 0.0140 0.0265 0.1175 0.5966 
     D237377  5 0.1143 0.0635 0.1154 0.0597 0.1528 0.3118 0.1542 0.0284 
     D237378  5 0.0576 0.1633 0.1082 0.0807 0.0288 0.0408 0.4268 0.0938 
     D237379  5 0.1345 0.2991 0.0532 0.0500 0.0410 0.0293 0.2606 0.1323 
     D237380  5 0.0221 0.0884 0.0168 0.0227 0.0339 0.6079 0.0583 0.1498 
     D237381  5 0.0619 0.1080 0.0719 0.0856 0.0565 0.4245 0.0819 0.1097 
     D237391  5 0.0296 0.0307 0.1063 0.0242 0.0320 0.0221 0.7347 0.0204 
     D237392  5 0.1349 0.0734 0.0434 0.2150 0.3495 0.0511 0.0301 0.1027 
     D237393  5 0.0367 0.0517 0.0626 0.0738 0.3572 0.1199 0.2452 0.0528 
     D237394  5 0.0416 0.0309 0.0673 0.0125 0.0234 0.0259 0.7790 0.0194 
     D237395  5 0.1152 0.0343 0.1750 0.0634 0.0416 0.0709 0.2528 0.2469 
     D237396  5 0.1359 0.0662 0.0843 0.0872 0.2793 0.1361 0.1899 0.0211 
     D244016  5 0.2261 0.1822 0.2605 0.0417 0.0335 0.0215 0.1851 0.0494 
     D244018  5 0.0906 0.0364 0.1094 0.3455 0.0569 0.0687 0.2623 0.0302 
     D244019  5 0.2090 0.0805 0.2528 0.1418 0.1105 0.0392 0.0571 0.1091 
        D279  5 0.1118 0.1676 0.4589 0.0584 0.0521 0.0449 0.0708 0.0354 
        D280  5 0.1498 0.0348 0.3536 0.0479 0.1159 0.0619 0.1584 0.0776 
        D281  5 0.1042 0.0355 0.4958 0.1332 0.0318 0.0190 0.0699 0.1104 
        D283  5 0.0648 0.0378 0.2705 0.0405 0.1283 0.0426 0.3916 0.0239 
        D284  5 0.3196 0.0469 0.1039 0.0663 0.0595 0.1072 0.0297 0.2668 
        D285  5 0.0804 0.0779 0.3190 0.0211 0.0723 0.0333 0.3328 0.0631 
        D286  5 0.0939 0.1390 0.0868 0.0386 0.1192 0.0482 0.1471 0.3272 
        D287  5 0.0511 0.1620 0.0384 0.0269 0.0173 0.0375 0.1031 0.5638 
        D288  5 0.0855 0.0265 0.5067 0.0433 0.2129 0.0252 0.0651 0.0348 
        D308  5 0.0450 0.0271 0.0426 0.0264 0.0935 0.6921 0.0438 0.0295 
        D309  5 0.0448 0.7877 0.0191 0.0264 0.0387 0.0338 0.0241 0.0255 
        D310  5 0.0561 0.0211 0.0678 0.0189 0.0206 0.0166 0.7452 0.0537 
        D311  5 0.1889 0.1427 0.0854 0.0509 0.1515 0.0330 0.1470 0.2005 
        D312  5 0.1226 0.2025 0.1055 0.0536 0.1118 0.0658 0.1596 0.1786 
        D313  5 0.0236 0.0126 0.0152 0.0160 0.0171 0.8485 0.0423 0.0246 
        D314  5 0.1436 0.1416 0.1953 0.1174 0.0422 0.0759 0.0961 0.1880 
        D315  5 0.1073 0.0669 0.0572 0.0647 0.2269 0.0910 0.2891 0.0968 
        D317  5 0.0348 0.0172 0.0330 0.0184 0.0458 0.0205 0.7797 0.0506 
        D318  5 0.3881 0.1654 0.0601 0.1219 0.0817 0.0462 0.0514 0.0852 
        D319  5 0.0302 0.0224 0.0305 0.0177 0.0366 0.0242 0.7954 0.0430 
        D320  5 0.0491 0.0800 0.1490 0.0249 0.0369 0.0291 0.5800 0.0510 
        D321  5 0.0467 0.0231 0.2194 0.0149 0.0951 0.5138 0.0690 0.0180 
        D336  5 0.0284 0.0446 0.0206 0.0214 0.0293 0.0179 0.5564 0.2814 
        D337  5 0.0210 0.0305 0.0570 0.0255 0.0274 0.0146 0.7984 0.0256 
        D338  5 0.1179 0.0811 0.1291 0.0706 0.2109 0.0681 0.2157 0.1066 
        D339  5 0.0521 0.0254 0.1241 0.0546 0.0428 0.0382 0.6195 0.0433 
        D347  5 0.0647 0.0678 0.0523 0.1388 0.1481 0.0206 0.0579 0.4497 
        D348  5 0.0376 0.1013 0.0212 0.0275 0.0265 0.0187 0.7291 0.0380 
        D349  5 0.0256 0.0291 0.1038 0.0242 0.0270 0.6760 0.0841 0.0301 
        D350  5 0.0281 0.8439 0.0227 0.0256 0.0209 0.0192 0.0207 0.0189 
        D355  5 0.1758 0.0906 0.2968 0.1377 0.1339 0.0259 0.0416 0.0978 
        D356  5 0.1153 0.0761 0.1220 0.0374 0.1878 0.0821 0.2767 0.1026 
        D357  5 0.1619 0.0776 0.0941 0.0432 0.0661 0.0485 0.1114 0.3972 
        D358  5 0.1087 0.1767 0.0663 0.0610 0.0490 0.0857 0.3924 0.0603 
        D359  5 0.0979 0.0844 0.0974 0.0237 0.1851 0.0299 0.4614 0.0203 
        D360  5 0.1113 0.0480 0.0969 0.0247 0.0967 0.0744 0.4649 0.0831 
        D361  5 0.0315 0.0236 0.0281 0.0247 0.0351 0.7861 0.0432 0.0276 
        D366  5 0.0654 0.0221 0.0236 0.4981 0.3089 0.0282 0.0332 0.0205 
        D367  5 0.0915 0.1216 0.0493 0.0230 0.0266 0.0514 0.5145 0.1220 
        D368  5 0.1994 0.0571 0.0946 0.0333 0.1088 0.1787 0.2601 0.0680 
        D380  5 0.2226 0.4430 0.0822 0.0654 0.0483 0.0787 0.0303 0.0295 
        D381  5 0.0778 0.0725 0.1246 0.0341 0.0555 0.0298 0.5763 0.0294 
        D400  5 0.0572 0.1388 0.1413 0.0946 0.0813 0.0332 0.2249 0.2287 
        D411  5 0.1779 0.0350 0.0281 0.0552 0.0217 0.5062 0.0167 0.1592 
        D412  5 0.1235 0.0606 0.0932 0.2001 0.0970 0.1081 0.1276 0.1900 
        D413  5 0.1702 0.0652 0.0668 0.5143 0.0840 0.0370 0.0333 0.0291 
        D414  5 0.0473 0.6543 0.0676 0.0810 0.0326 0.0225 0.0210 0.0735 
        D420  5 0.2622 0.0242 0.3431 0.0260 0.0263 0.0446 0.0375 0.2361 
        D431  5 0.1210 0.2158 0.1738 0.0580 0.0233 0.0755 0.0454 0.2873 
        D432  5 0.0663 0.0591 0.0794 0.0889 0.0619 0.1300 0.4690 0.0455 
        D433  5 0.0380 0.0356 0.1877 0.0296 0.0778 0.0461 0.4898 0.0954 
        D434  5 0.0752 0.0490 0.1526 0.0311 0.0914 0.0703 0.4342 0.0962 
        D440  5 0.0270 0.8109 0.0183 0.0260 0.0215 0.0265 0.0337 0.0360 
        D447  5 0.4437 0.1037 0.0292 0.1082 0.1582 0.0526 0.0434 0.0609 
        D448  5 0.0669 0.0506 0.0623 0.0608 0.0701 0.0188 0.3564 0.3141 
        D459  5 0.0843 0.0736 0.3310 0.3191 0.0991 0.0201 0.0318 0.0410 
        D460  5 0.0471 0.0358 0.0768 0.0273 0.0769 0.6194 0.0993 0.0174 
        D461  5 0.0228 0.7827 0.0424 0.0178 0.0630 0.0220 0.0260 0.0233 
        D468  5 0.3363 0.0436 0.0928 0.0824 0.1129 0.0502 0.1176 0.1642 
        D469  5 0.1013 0.0877 0.0679 0.0342 0.4587 0.0943 0.0689 0.0870 
        D470  5 0.1512 0.1250 0.0549 0.0485 0.1130 0.0851 0.0956 0.3267 
        D471  5 0.0569 0.0566 0.1267 0.0456 0.0817 0.0175 0.3931 0.2219 
        D472  5 0.0524 0.0202 0.0927 0.1187 0.6424 0.0234 0.0295 0.0206 
        D479  5 0.0276 0.1226 0.0256 0.6737 0.0325 0.0296 0.0324 0.0558 
        D485  5 0.0619 0.2056 0.0425 0.0428 0.0280 0.0241 0.0381 0.5569 
        D486  5 0.3129 0.0417 0.0349 0.0655 0.0748 0.0647 0.0651 0.3404 
        D487  5 0.0623 0.2219 0.2355 0.1202 0.0460 0.0388 0.1794 0.0959 
        D555  5 0.0255 0.0272 0.0424 0.0509 0.0244 0.0231 0.7618 0.0446 
        D556  5 0.0541 0.2737 0.4172 0.0354 0.0431 0.0625 0.0657 0.0483 
        D557  5 0.0282 0.0577 0.0509 0.0368 0.0325 0.0239 0.7436 0.0265 
        D564  5 0.0659 0.3895 0.0283 0.0375 0.0496 0.0918 0.2791 0.0583 
        D594  5 0.1479 0.0800 0.0370 0.1716 0.1671 0.0538 0.0803 0.2624 
        D595  5 0.0839 0.0824 0.0920 0.1277 0.1711 0.0641 0.2845 0.0943 
        D596  5 0.0192 0.0223 0.0423 0.0390 0.0244 0.0274 0.7863 0.0390 
        D597  5 0.0470 0.0886 0.2965 0.1845 0.0862 0.0244 0.2448 0.0279 
        D598  5 0.0776 0.1102 0.0817 0.0653 0.0770 0.1467 0.3683 0.0733 
        D617  5 0.1626 0.0317 0.0627 0.3127 0.0327 0.2856 0.0186 0.0933 
        D618  5 0.0439 0.0820 0.2821 0.0504 0.0698 0.0507 0.3818 0.0393 
        D619  5 0.0600 0.0431 0.0426 0.0802 0.2336 0.2671 0.1476 0.1258 
        D620  5 0.0254 0.0349 0.0630 0.7203 0.0722 0.0270 0.0376 0.0194 
        D628  5 0.0616 0.5794 0.0234 0.0567 0.0305 0.0860 0.0580 0.1043 
        D714  5 0.1024 0.2985 0.3241 0.0435 0.0206 0.0282 0.1146 0.0681 
        D715  5 0.0457 0.0449 0.2494 0.0438 0.0595 0.0271 0.5044 0.0251 
        D716  5 0.1134 0.1007 0.0747 0.1083 0.0850 0.0209 0.0467 0.4503 
        D717  5 0.1043 0.1376 0.2310 0.0423 0.1601 0.0835 0.1769 0.0642 
        D718  5 0.0851 0.0299 0.0315 0.0239 0.0272 0.0338 0.0423 0.7262 
        D769  5 0.1507 0.0584 0.0384 0.1463 0.0469 0.3201 0.0278 0.2115 
        D770  5 0.1160 0.2944 0.0836 0.2397 0.0414 0.0381 0.0741 0.1126 
        D771  5 0.1432 0.0840 0.1013 0.2186 0.0521 0.0913 0.0739 0.2356 
        D772  5 0.0660 0.5797 0.1200 0.0249 0.0258 0.0341 0.0929 0.0564 
        D782  5 0.3326 0.0295 0.2200 0.0748 0.0405 0.2125 0.0443 0.0458 
        D783  5 0.0947 0.3107 0.0905 0.2583 0.0257 0.0300 0.1311 0.0590 
        D784  5 0.1167 0.2908 0.2185 0.0324 0.1795 0.0454 0.0856 0.0310 
        D785  5 0.0452 0.1245 0.1247 0.0268 0.0370 0.0821 0.5135 0.0463 
        D786  5 0.0737 0.0921 0.0232 0.0972 0.1574 0.3764 0.0267 0.1532 
        D821  5 0.0165 0.0345 0.0611 0.0136 0.0188 0.0145 0.8202 0.0207 
        D822  5 0.1787 0.1446 0.1281 0.1228 0.1593 0.0393 0.1272 0.1001 
        D826  5 0.0630 0.0685 0.2923 0.0885 0.0678 0.0338 0.3250 0.0611 
        D827  5 0.3980 0.0855 0.0487 0.0969 0.2300 0.0355 0.0378 0.0676 
        D851  5 0.3110 0.0990 0.0874 0.0602 0.0918 0.0898 0.1778 0.0830 
        D852  5 0.0388 0.4310 0.2227 0.0599 0.0233 0.0583 0.1326 0.0334 
        D853  5 0.1131 0.0550 0.2430 0.0420 0.0777 0.0433 0.1750 0.2508 
        D854  5 0.2361 0.0730 0.1572 0.1102 0.1019 0.0432 0.0210 0.2576 
        D861  5 0.2076 0.0733 0.1638 0.1759 0.0819 0.0579 0.1244 0.1151 
        D862  5 0.1939 0.0769 0.0677 0.0319 0.2221 0.0318 0.2516 0.1242 
        D865  5 0.0573 0.0465 0.0903 0.0544 0.0319 0.0462 0.6149 0.0586 
        D868  5 0.0394 0.0377 0.0646 0.0295 0.6875 0.0328 0.0558 0.0527 
        D869  5 0.1622 0.0174 0.0359 0.0929 0.0403 0.5599 0.0371 0.0544 
        D870  5 0.7350 0.0265 0.0252 0.0560 0.0578 0.0339 0.0165 0.0491 
        D907  5 0.0514 0.0294 0.0346 0.0430 0.0453 0.0412 0.6579 0.0972 
        D908  5 0.0306 0.2199 0.2824 0.1464 0.0297 0.0780 0.1562 0.0567 
        D910  5 0.0725 0.0581 0.2678 0.1437 0.0814 0.0228 0.2528 0.1009 
        D911  5 0.1276 0.0389 0.5789 0.0543 0.0915 0.0151 0.0377 0.0561 
        D934  5 0.1415 0.2958 0.2793 0.1246 0.0487 0.0275 0.0329 0.0496 
        D946  5 0.0731 0.4852 0.1152 0.0511 0.0247 0.0431 0.0469 0.1608 
        D947  5 0.1204 0.2322 0.2787 0.0321 0.1119 0.0501 0.0350 0.1395 
