        D174  1 0.4138 0.0454 0.0487 0.0580 0.0552 0.0709 0.0113 0.0313 0.0211 0.1401 0.0225 0.0818 
        D199  1 0.1243 0.0806 0.1059 0.0241 0.0719 0.1297 0.0308 0.2006 0.0448 0.0377 0.1224 0.0271 
        D203  1 0.0485 0.1154 0.1923 0.0853 0.0602 0.0799 0.0297 0.0749 0.0558 0.1405 0.1020 0.0155 
        D204  1 0.0135 0.0364 0.7212 0.0277 0.0143 0.0330 0.0738 0.0133 0.0180 0.0132 0.0209 0.0149 
     D237366  1 0.0485 0.0581 0.0270 0.0170 0.4461 0.0599 0.0695 0.0429 0.0687 0.1187 0.0286 0.0151 
     D237367  1 0.0302 0.0916 0.2377 0.0439 0.1221 0.1399 0.0337 0.0213 0.0487 0.0572 0.0723 0.1016 
     D237368  1 0.0912 0.0435 0.1482 0.0572 0.3761 0.0540 0.0512 0.0266 0.0262 0.0209 0.0823 0.0228 
     D244101  1 0.0126 0.0228 0.0619 0.0294 0.0174 0.0520 0.5123 0.1850 0.0172 0.0239 0.0323 0.0333 
     D244102  1 0.0307 0.2739 0.0681 0.1284 0.0575 0.0783 0.0515 0.0359 0.1127 0.0619 0.0305 0.0706 
     D244103  1 0.0399 0.0464 0.1260 0.0339 0.0886 0.1249 0.0292 0.1106 0.1234 0.1639 0.0289 0.0843 
     D244104  1 0.0748 0.0125 0.6166 0.0153 0.0314 0.0278 0.0188 0.0383 0.0256 0.0163 0.0251 0.0975 
     D244105  1 0.0132 0.0180 0.0195 0.0559 0.0725 0.1293 0.0129 0.0186 0.0809 0.5442 0.0124 0.0226 
     D244106  1 0.5384 0.0405 0.0537 0.0248 0.0155 0.0583 0.0182 0.0341 0.0806 0.0797 0.0426 0.0136 
     D244107  1 0.0115 0.0181 0.0451 0.1556 0.3085 0.1604 0.0513 0.0860 0.0151 0.0437 0.0676 0.0371 
     D244108  1 0.1768 0.0756 0.0311 0.4739 0.0181 0.0473 0.0237 0.0334 0.0354 0.0337 0.0273 0.0239 
     D244113  1 0.4143 0.2162 0.0123 0.0207 0.0264 0.0470 0.0544 0.0156 0.0219 0.0174 0.0360 0.1177 
     D244114  1 0.0699 0.0404 0.0440 0.0336 0.0249 0.1537 0.0254 0.0904 0.1587 0.3096 0.0240 0.0255 
     D244115  1 0.1955 0.0242 0.1728 0.1944 0.0361 0.1476 0.0169 0.0323 0.0873 0.0429 0.0180 0.0321 
     D267365  1 0.1631 0.0415 0.2020 0.0300 0.0779 0.0748 0.0322 0.2128 0.0829 0.0330 0.0204 0.0293 
        D404  1 0.2517 0.4456 0.0209 0.0454 0.0150 0.0282 0.0703 0.0211 0.0260 0.0237 0.0265 0.0255 
        D405  1 0.0558 0.3966 0.0759 0.0596 0.0308 0.0811 0.0451 0.0364 0.0434 0.0635 0.0741 0.0377 
        D406  1 0.0405 0.0259 0.0363 0.1864 0.5425 0.0369 0.0374 0.0169 0.0266 0.0246 0.0116 0.0142 
        D407  1 0.0200 0.0192 0.6598 0.0143 0.0782 0.0309 0.0122 0.0130 0.0199 0.0127 0.0734 0.0464 
        D408  1 0.3628 0.0525 0.0439 0.0417 0.0216 0.0684 0.0274 0.0873 0.0917 0.0179 0.0142 0.1706 
        D409  1 0.0353 0.0318 0.0691 0.0330 0.0409 0.1266 0.0222 0.2836 0.2328 0.0565 0.0326 0.0356 
        D410  1 0.0151 0.0179 0.0403 0.7992 0.0122 0.0194 0.0189 0.0148 0.0130 0.0198 0.0076 0.0219 
        D421  1 0.0126 0.0077 0.8662 0.0085 0.0094 0.0152 0.0071 0.0127 0.0104 0.0105 0.0241 0.0157 
        D422  1 0.0090 0.0122 0.0976 0.0226 0.6688 0.0315 0.0108 0.0333 0.0274 0.0551 0.0165 0.0150 
        D423  1 0.0103 0.0184 0.0692 0.6556 0.0452 0.0375 0.0132 0.0153 0.0151 0.0463 0.0621 0.0118 
        D424  1 0.0287 0.0214 0.6426 0.0169 0.0318 0.0962 0.0151 0.0203 0.0392 0.0409 0.0170 0.0300 
        D425  1 0.0494 0.0857 0.2476 0.1054 0.0364 0.1551 0.0241 0.1084 0.0569 0.0766 0.0196 0.0349 
        D426  1 0.0199 0.0124 0.0752 0.0105 0.0689 0.1337 0.0107 0.3403 0.2041 0.0534 0.0190 0.0518 
        D427  1 0.1359 0.0099 0.3588 0.0111 0.0214 0.0207 0.0096 0.0202 0.0249 0.0105 0.3508 0.0261 
        D428  1 0.1405 0.0787 0.2884 0.0771 0.0556 0.1422 0.0497 0.0365 0.0329 0.0179 0.0303 0.0502 
        D429  1 0.1660 0.0510 0.3906 0.0239 0.0157 0.0499 0.0219 0.0269 0.1092 0.1148 0.0168 0.0133 
        D430  1 0.1156 0.1077 0.0849 0.0289 0.0278 0.1646 0.0166 0.0650 0.1480 0.1573 0.0442 0.0392 
        D491  1 0.6237 0.0288 0.0973 0.0266 0.0164 0.0231 0.0223 0.0422 0.0409 0.0137 0.0087 0.0565 
        D492  1 0.1443 0.0798 0.2814 0.0476 0.0834 0.1189 0.0362 0.0335 0.0509 0.0435 0.0619 0.0185 
        D537  1 0.0221 0.0498 0.4682 0.0585 0.0600 0.0682 0.0484 0.0178 0.0242 0.0905 0.0303 0.0619 
        D538  1 0.0709 0.3523 0.0487 0.1067 0.0874 0.1252 0.0465 0.0252 0.0482 0.0247 0.0479 0.0163 
        D539  1 0.0902 0.0681 0.0215 0.0403 0.0304 0.0760 0.0367 0.1405 0.1801 0.2208 0.0307 0.0647 
        D540  1 0.0208 0.0253 0.1550 0.0479 0.0610 0.1449 0.0167 0.0637 0.0535 0.0544 0.0186 0.3381 
        D541  1 0.0107 0.0094 0.8683 0.0116 0.0140 0.0126 0.0153 0.0177 0.0100 0.0081 0.0113 0.0108 
        D551  1 0.0251 0.0191 0.0606 0.0131 0.0370 0.2357 0.0167 0.0978 0.1627 0.2488 0.0604 0.0230 
        D552  1 0.1554 0.0199 0.1085 0.2326 0.0682 0.1000 0.0808 0.0542 0.0594 0.0344 0.0249 0.0618 
        D553  1 0.0144 0.0068 0.8473 0.0116 0.0222 0.0186 0.0122 0.0214 0.0112 0.0111 0.0081 0.0153 
        D615  1 0.0479 0.0978 0.4440 0.0927 0.0281 0.0713 0.0175 0.0338 0.0556 0.0383 0.0489 0.0241 
        D616  1 0.0349 0.0346 0.2450 0.1175 0.0593 0.1262 0.0160 0.1422 0.0639 0.0514 0.0734 0.0356 
        D621  1 0.0659 0.0323 0.0137 0.2527 0.1702 0.0520 0.2695 0.0160 0.0275 0.0393 0.0201 0.0407 
        D622  1 0.0255 0.0225 0.0259 0.2567 0.3521 0.0472 0.0402 0.0330 0.0393 0.0870 0.0161 0.0544 
        D623  1 0.1677 0.1809 0.0169 0.0888 0.0163 0.0654 0.1528 0.0584 0.0457 0.0143 0.1740 0.0187 
        D624  1 0.7586 0.0185 0.0260 0.0147 0.0266 0.0531 0.0108 0.0219 0.0171 0.0208 0.0126 0.0192 
        D625  1 0.0436 0.0314 0.5637 0.0478 0.0557 0.0642 0.0404 0.0386 0.0392 0.0348 0.0112 0.0294 
        D626  1 0.2287 0.0486 0.0346 0.0667 0.0942 0.0794 0.0158 0.0337 0.0949 0.0980 0.0249 0.1806 
        D627  1 0.0326 0.0179 0.0872 0.0139 0.0373 0.1320 0.0171 0.3589 0.2255 0.0402 0.0193 0.0180 
        D690  1 0.0367 0.0169 0.7846 0.0388 0.0250 0.0148 0.0138 0.0159 0.0181 0.0121 0.0070 0.0163 
        D691  1 0.0379 0.0172 0.0452 0.0839 0.5402 0.0379 0.0200 0.0330 0.0238 0.1202 0.0152 0.0256 
        D710  1 0.1187 0.0465 0.1745 0.0671 0.1145 0.1080 0.1425 0.0708 0.0419 0.0255 0.0299 0.0601 
        D711  1 0.0220 0.0440 0.7288 0.0210 0.0341 0.0317 0.0303 0.0254 0.0200 0.0181 0.0166 0.0079 
        D712  1 0.4508 0.0654 0.0228 0.0226 0.0806 0.0709 0.0323 0.0669 0.0603 0.0280 0.0366 0.0628 
        D713  1 0.1590 0.1283 0.1309 0.0561 0.0760 0.1103 0.0947 0.0222 0.0444 0.1113 0.0169 0.0499 
        D746  1 0.0248 0.0106 0.0668 0.0694 0.6378 0.0270 0.0231 0.0177 0.0257 0.0283 0.0334 0.0354 
        D747  1 0.0120 0.0100 0.8537 0.0131 0.0100 0.0122 0.0224 0.0197 0.0115 0.0116 0.0126 0.0112 
        D748  1 0.0238 0.0289 0.2018 0.1002 0.1410 0.0420 0.0478 0.0372 0.0590 0.2646 0.0138 0.0399 
        D749  1 0.0729 0.0411 0.0176 0.1213 0.2068 0.2040 0.0564 0.0296 0.0674 0.1379 0.0288 0.0163 
        D750  1 0.5365 0.0187 0.1478 0.0707 0.0270 0.0355 0.0304 0.0214 0.0327 0.0448 0.0155 0.0192 
        D763  1 0.0159 0.0285 0.0414 0.0261 0.0696 0.1157 0.1649 0.0865 0.1338 0.0888 0.0694 0.1594 
        D764  1 0.1919 0.0133 0.5377 0.0709 0.0407 0.0306 0.0139 0.0278 0.0146 0.0257 0.0119 0.0210 
        D765  1 0.0536 0.0313 0.0223 0.6547 0.0341 0.0662 0.0122 0.0214 0.0329 0.0457 0.0118 0.0138 
        D766  1 0.0196 0.0207 0.0504 0.5488 0.0480 0.0478 0.0722 0.0210 0.0203 0.0507 0.0194 0.0811 
        D767  1 0.0245 0.3524 0.0740 0.0622 0.0746 0.0526 0.1322 0.0238 0.0550 0.0788 0.0511 0.0187 
        D768  1 0.0100 0.0101 0.8217 0.0192 0.0187 0.0212 0.0102 0.0157 0.0162 0.0189 0.0175 0.0206 
        D811  1 0.0558 0.2805 0.0187 0.1714 0.0136 0.0309 0.0118 0.0239 0.0378 0.0228 0.0136 0.3190 
        D816  1 0.0166 0.0171 0.8164 0.0138 0.0188 0.0226 0.0156 0.0195 0.0262 0.0134 0.0104 0.0095 
        D825  1 0.1250 0.1021 0.0702 0.4214 0.0222 0.0679 0.0157 0.0275 0.0536 0.0347 0.0127 0.0470 
        D866  1 0.1107 0.0608 0.0453 0.0543 0.0209 0.0791 0.0142 0.3783 0.0705 0.0403 0.0713 0.0542 
        D867  1 0.0237 0.0213 0.0135 0.0326 0.6234 0.0465 0.0736 0.0165 0.0316 0.0453 0.0391 0.0329 
        D871  1 0.0604 0.0480 0.0514 0.0168 0.0280 0.0841 0.0224 0.3271 0.2644 0.0449 0.0138 0.0387 
        D872  1 0.0243 0.3673 0.0883 0.2196 0.0552 0.0754 0.0318 0.0177 0.0376 0.0231 0.0384 0.0214 
        D873  1 0.0140 0.0551 0.0085 0.7635 0.0297 0.0177 0.0361 0.0095 0.0152 0.0159 0.0198 0.0149 
        D874  1 0.0641 0.0275 0.0487 0.0136 0.0109 0.0495 0.6640 0.0329 0.0248 0.0226 0.0142 0.0271 
        D875  1 0.0168 0.0314 0.0448 0.0990 0.0841 0.1159 0.0187 0.2427 0.2256 0.0825 0.0133 0.0251 
        D876  1 0.0892 0.0465 0.3131 0.0614 0.0535 0.1114 0.0967 0.0398 0.0917 0.0321 0.0180 0.0466 
        D877  1 0.0716 0.6762 0.0223 0.0187 0.0113 0.0484 0.0421 0.0176 0.0246 0.0282 0.0156 0.0235 
        D892  1 0.1853 0.0927 0.1825 0.0455 0.1112 0.0477 0.0271 0.0196 0.0853 0.1773 0.0131 0.0128 
        D893  1 0.0115 0.0279 0.4978 0.0305 0.0581 0.0693 0.0409 0.0584 0.0764 0.0592 0.0217 0.0483 
        D894  1 0.0745 0.0284 0.5993 0.0219 0.0150 0.0527 0.0226 0.0285 0.0866 0.0403 0.0169 0.0134 
        D915  1 0.0375 0.0273 0.3738 0.1397 0.0494 0.0691 0.0213 0.0418 0.0277 0.1567 0.0261 0.0295 
        D916  1 0.0095 0.0098 0.8847 0.0117 0.0108 0.0123 0.0095 0.0115 0.0096 0.0113 0.0092 0.0100 
        D917  1 0.1121 0.0410 0.0805 0.0197 0.0355 0.1018 0.0808 0.4311 0.0219 0.0211 0.0343 0.0201 
        D925  1 0.0473 0.0297 0.1843 0.4921 0.0528 0.0467 0.0124 0.0357 0.0301 0.0131 0.0213 0.0346 
        D926  1 0.0392 0.0289 0.4192 0.0427 0.0290 0.1350 0.0544 0.0313 0.0508 0.1310 0.0151 0.0235 
        D927  1 0.0492 0.0606 0.1361 0.0209 0.0510 0.1159 0.0422 0.1003 0.1618 0.0414 0.1946 0.0261 
        D928  1 0.7675 0.0297 0.0621 0.0326 0.0097 0.0180 0.0188 0.0117 0.0126 0.0104 0.0135 0.0134 
        D929  1 0.0414 0.4200 0.0206 0.0260 0.0712 0.0362 0.2289 0.0147 0.0551 0.0486 0.0124 0.0249 
        D936  1 0.0195 0.0244 0.3693 0.0327 0.0155 0.0499 0.1553 0.1187 0.1163 0.0559 0.0235 0.0189 
        D938  1 0.0164 0.0139 0.0200 0.2257 0.4834 0.0264 0.0550 0.0129 0.0216 0.0454 0.0100 0.0692 
        D956  1 0.5202 0.1036 0.0409 0.0463 0.0160 0.0591 0.0207 0.0220 0.0892 0.0367 0.0206 0.0248 
        D957  1 0.0227 0.1307 0.0568 0.5697 0.0428 0.0402 0.0391 0.0182 0.0242 0.0209 0.0238 0.0108 
        D958  1 0.0743 0.0895 0.0902 0.4328 0.0367 0.0608 0.0695 0.0204 0.0419 0.0255 0.0180 0.0404 
        D959  1 0.0172 0.0152 0.6361 0.0127 0.0921 0.0607 0.0089 0.0173 0.0112 0.0248 0.0694 0.0346 
        D960  1 0.0451 0.0599 0.0190 0.1958 0.4584 0.0687 0.0265 0.0181 0.0211 0.0637 0.0148 0.0089 
        D989  1 0.5661 0.0280 0.0291 0.0167 0.0299 0.0604 0.0157 0.0727 0.0534 0.0356 0.0603 0.0321 
        D990  1 0.0433 0.0184 0.0117 0.5670 0.0521 0.0887 0.0217 0.0941 0.0466 0.0170 0.0215 0.0178 
        D023  2 0.0088 0.0085 0.0281 0.0101 0.8684 0.0108 0.0126 0.0108 0.0100 0.0088 0.0117 0.0114 
        D130  2 0.0118 0.1075 0.0893 0.0451 0.5615 0.0277 0.0169 0.0099 0.0230 0.0513 0.0373 0.0185 
        D131  2 0.0312 0.0316 0.1608 0.0469 0.0233 0.2109 0.0430 0.1543 0.1064 0.0375 0.0240 0.1300 
        D163  2 0.0278 0.0180 0.0675 0.0319 0.6270 0.0430 0.0335 0.0358 0.0291 0.0606 0.0102 0.0154 
        D164  2 0.0082 0.0110 0.0071 0.3437 0.0175 0.0147 0.0154 0.0083 0.0091 0.0120 0.5331 0.0200 
        D165  2 0.0130 0.0075 0.0205 0.0145 0.8279 0.0232 0.0135 0.0210 0.0138 0.0119 0.0172 0.0160 
        D166  2 0.0133 0.3610 0.0224 0.0406 0.0366 0.1237 0.0486 0.0224 0.1064 0.1563 0.0308 0.0380 
        D167  2 0.0249 0.0506 0.0108 0.0115 0.0109 0.0147 0.0088 0.0150 0.0220 0.0191 0.8015 0.0103 
        D192  2 0.0129 0.0142 0.0082 0.0109 0.0109 0.0107 0.0175 0.0123 0.0191 0.0117 0.8591 0.0127 
        D193  2 0.1068 0.3591 0.0139 0.0387 0.0158 0.0578 0.0380 0.0290 0.0382 0.2575 0.0280 0.0172 
        D206  2 0.0173 0.0205 0.0714 0.0199 0.0373 0.0854 0.0238 0.0301 0.0355 0.1103 0.1678 0.3806 
        D207  2 0.0185 0.1114 0.0210 0.0144 0.0163 0.0657 0.0123 0.0417 0.0612 0.0487 0.5688 0.0198 
        D208  2 0.0776 0.0429 0.0260 0.0270 0.0309 0.0656 0.0288 0.1747 0.1560 0.0507 0.0554 0.2643 
        D209  2 0.0187 0.0301 0.0256 0.0420 0.0303 0.1846 0.1094 0.0246 0.0739 0.0378 0.3638 0.0592 
        D210  2 0.4160 0.0203 0.0530 0.0229 0.0197 0.0637 0.0351 0.2010 0.0395 0.0398 0.0747 0.0142 
     D229599  2 0.0308 0.0407 0.1047 0.0293 0.0882 0.1315 0.0864 0.1137 0.2688 0.0531 0.0276 0.0252 
     D229600  2 0.0162 0.0615 0.0233 0.0634 0.3060 0.0520 0.0182 0.0254 0.0270 0.0539 0.3380 0.0150 
     D237227  2 0.3347 0.0226 0.0407 0.1783 0.0541 0.0638 0.0150 0.0596 0.1449 0.0127 0.0410 0.0326 
     D237228  2 0.0928 0.0267 0.0106 0.6172 0.0119 0.0603 0.0105 0.0504 0.0310 0.0332 0.0388 0.0167 
     D237258  2 0.0549 0.0712 0.0431 0.0522 0.1152 0.0882 0.0335 0.1267 0.0896 0.0402 0.1849 0.1001 
     D237310  2 0.0299 0.1681 0.0071 0.5799 0.0157 0.0313 0.0214 0.0171 0.0508 0.0281 0.0268 0.0237 
     D237311  2 0.0178 0.0353 0.0092 0.6272 0.0297 0.0359 0.0111 0.0188 0.0248 0.0469 0.1275 0.0159 
     D237312  2 0.0323 0.2168 0.0160 0.2052 0.0653 0.0489 0.0483 0.0164 0.0539 0.2437 0.0207 0.0326 
     D237313  2 0.0434 0.0293 0.0593 0.1333 0.0302 0.1519 0.0542 0.0836 0.1161 0.0722 0.0157 0.2110 
     D237322  2 0.0624 0.1320 0.0162 0.0878 0.0218 0.1580 0.0468 0.0457 0.2389 0.0893 0.0342 0.0669 
     D237323  2 0.1071 0.0664 0.0134 0.5516 0.0601 0.0287 0.0170 0.0392 0.0477 0.0295 0.0255 0.0138 
     D237324  2 0.0128 0.0230 0.0371 0.0585 0.1721 0.3371 0.0289 0.0762 0.0495 0.0344 0.1503 0.0202 
     D237325  2 0.0532 0.0629 0.0214 0.3528 0.0529 0.0569 0.0494 0.0234 0.0411 0.2119 0.0493 0.0248 
     D237326  2 0.0254 0.0185 0.0354 0.7353 0.0269 0.0237 0.0272 0.0251 0.0125 0.0325 0.0257 0.0118 
     D237327  2 0.0277 0.0365 0.0356 0.0184 0.0605 0.2154 0.0765 0.3138 0.0923 0.0452 0.0562 0.0218 
     D237337  2 0.0148 0.0190 0.0135 0.8087 0.0206 0.0237 0.0115 0.0141 0.0206 0.0252 0.0095 0.0188 
     D237338  2 0.0821 0.0280 0.0332 0.1200 0.0980 0.0924 0.0524 0.0542 0.1788 0.1675 0.0453 0.0481 
     D237339  2 0.0118 0.0311 0.0139 0.0158 0.0126 0.0485 0.6811 0.0551 0.0240 0.0262 0.0615 0.0185 
     D237340  2 0.1133 0.0647 0.0118 0.4005 0.0325 0.0334 0.0192 0.0230 0.0475 0.0769 0.1553 0.0218 
     D237389  2 0.0137 0.1183 0.0156 0.5564 0.0234 0.0366 0.0229 0.0135 0.0262 0.0773 0.0781 0.0180 
     D237390  2 0.0466 0.0831 0.0198 0.3097 0.0401 0.0310 0.0227 0.0427 0.0533 0.3046 0.0153 0.0311 
     D244017  2 0.1726 0.2824 0.0127 0.0242 0.0345 0.0715 0.0126 0.0340 0.0734 0.0154 0.2524 0.0144 
     D244112  2 0.0156 0.0272 0.0133 0.0122 0.0209 0.0143 0.0129 0.0138 0.0130 0.0281 0.8161 0.0125 
     D244118  2 0.0188 0.0262 0.0079 0.0423 0.1803 0.0314 0.0210 0.0204 0.0186 0.0111 0.6136 0.0082 
     D244119  2 0.5777 0.0135 0.0174 0.0427 0.0109 0.0213 0.0065 0.0180 0.0120 0.0101 0.2522 0.0177 
     D244120  2 0.0337 0.1761 0.0098 0.0197 0.0173 0.0379 0.0365 0.0717 0.0889 0.1474 0.3487 0.0124 
     D244122  2 0.0266 0.0663 0.0185 0.0181 0.0363 0.0290 0.0240 0.0182 0.0243 0.0491 0.6339 0.0558 
        D291  2 0.0104 0.0758 0.0381 0.0176 0.0731 0.0934 0.0130 0.4508 0.0689 0.0268 0.0361 0.0960 
        D292  2 0.0433 0.0520 0.1288 0.0561 0.0180 0.0582 0.0357 0.2962 0.1532 0.0292 0.1087 0.0205 
        D293  2 0.0113 0.0149 0.0978 0.0123 0.0093 0.0602 0.1716 0.1235 0.0137 0.0260 0.4452 0.0142 
        D322  2 0.0135 0.0237 0.0903 0.0394 0.0204 0.0612 0.2480 0.0464 0.0215 0.0281 0.3932 0.0144 
        D323  2 0.0272 0.0729 0.0158 0.0229 0.0152 0.0763 0.0315 0.0359 0.0513 0.0301 0.0754 0.5455 
        D324  2 0.0345 0.0250 0.0893 0.0578 0.0483 0.1019 0.0241 0.4466 0.0489 0.0464 0.0194 0.0577 
        D325  2 0.0074 0.0109 0.0251 0.0119 0.0143 0.0278 0.0218 0.0574 0.0190 0.0394 0.7517 0.0133 
        D326  2 0.0234 0.0095 0.8172 0.0094 0.0100 0.0276 0.0115 0.0342 0.0175 0.0136 0.0104 0.0157 
        D340  2 0.0152 0.0109 0.0170 0.0168 0.0105 0.0142 0.0214 0.0243 0.0142 0.0109 0.8339 0.0108 
        D341  2 0.0241 0.0353 0.0440 0.0385 0.0125 0.0399 0.0355 0.0513 0.0551 0.2034 0.4232 0.0374 
        D342  2 0.0128 0.0533 0.0193 0.0587 0.0644 0.0775 0.0163 0.0191 0.0532 0.1074 0.4740 0.0440 
        D343  2 0.0076 0.0081 0.0139 0.0065 0.0068 0.0108 0.0126 0.0136 0.0110 0.0111 0.8905 0.0075 
        D344  2 0.0182 0.0753 0.0867 0.0490 0.0095 0.0774 0.4527 0.0202 0.0367 0.1195 0.0303 0.0245 
        D345  2 0.0199 0.0209 0.0480 0.2241 0.0466 0.1555 0.2775 0.0356 0.0662 0.0180 0.0290 0.0586 
        D346  2 0.2849 0.0250 0.0451 0.0256 0.0179 0.0506 0.0259 0.0826 0.0490 0.0275 0.0385 0.3275 
        D351  2 0.0208 0.0508 0.1659 0.0676 0.0493 0.1513 0.0538 0.2042 0.0799 0.0885 0.0270 0.0409 
        D352  2 0.0377 0.0300 0.0132 0.0335 0.0151 0.0890 0.6221 0.0540 0.0331 0.0162 0.0308 0.0253 
        D353  2 0.0113 0.0216 0.0942 0.0146 0.0120 0.6489 0.0555 0.0215 0.0514 0.0286 0.0161 0.0243 
        D354  2 0.0315 0.0195 0.0326 0.0260 0.0125 0.0292 0.7542 0.0132 0.0209 0.0174 0.0106 0.0325 
        D362  2 0.0158 0.0230 0.7497 0.0325 0.0444 0.0284 0.0132 0.0282 0.0170 0.0150 0.0172 0.0156 
        D363  2 0.0181 0.0165 0.7635 0.0319 0.0204 0.0272 0.0145 0.0372 0.0162 0.0102 0.0144 0.0297 
        D364  2 0.0297 0.0192 0.2630 0.0485 0.0168 0.0547 0.4422 0.0167 0.0419 0.0257 0.0169 0.0245 
        D365  2 0.0161 0.0077 0.0235 0.0148 0.0079 0.0143 0.0208 0.0107 0.0130 0.0110 0.8461 0.0140 
        D369  2 0.1227 0.0241 0.1187 0.1115 0.0392 0.0618 0.0157 0.2288 0.0387 0.0414 0.0423 0.1552 
        D374  2 0.4048 0.3807 0.0185 0.0284 0.0095 0.0286 0.0167 0.0120 0.0138 0.0496 0.0124 0.0250 
        D375  2 0.0123 0.0204 0.0122 0.0102 0.0153 0.0334 0.7994 0.0093 0.0147 0.0377 0.0098 0.0253 
        D376  2 0.4786 0.1993 0.0114 0.0416 0.0122 0.0500 0.0557 0.0170 0.0332 0.0562 0.0228 0.0219 
        D377  2 0.0392 0.0372 0.0212 0.1027 0.0283 0.0556 0.0273 0.0245 0.0520 0.0592 0.0312 0.5216 
        D378  2 0.0239 0.0145 0.0651 0.0290 0.0911 0.0825 0.2824 0.0510 0.0429 0.0341 0.2255 0.0578 
        D379  2 0.0199 0.0176 0.5405 0.0250 0.0163 0.0979 0.0445 0.0168 0.0291 0.0710 0.0138 0.1076 
        D384  2 0.0261 0.0101 0.8301 0.0140 0.0091 0.0196 0.0108 0.0144 0.0137 0.0160 0.0114 0.0245 
        D385  2 0.0242 0.0176 0.0187 0.0146 0.0113 0.0225 0.0983 0.0132 0.0385 0.0151 0.6980 0.0279 
        D386  2 0.0137 0.0282 0.0550 0.0248 0.0594 0.0794 0.5307 0.0193 0.0582 0.0330 0.0550 0.0433 
        D391  2 0.0101 0.0180 0.0205 0.0202 0.0108 0.0213 0.1332 0.0180 0.0207 0.0216 0.6663 0.0392 
        D392  2 0.0336 0.0399 0.0554 0.1396 0.0317 0.0496 0.0229 0.0397 0.0197 0.0195 0.5185 0.0299 
        D393  2 0.0192 0.0156 0.1120 0.0273 0.0326 0.0588 0.2814 0.1589 0.0554 0.0533 0.0633 0.1223 
        D394  2 0.0336 0.0640 0.0628 0.1972 0.1130 0.0873 0.1684 0.0592 0.0588 0.0794 0.0571 0.0192 
        D395  2 0.0215 0.0354 0.0115 0.0143 0.0196 0.0394 0.3701 0.0212 0.0676 0.0219 0.3583 0.0191 
        D401  2 0.0252 0.0177 0.0112 0.7951 0.0117 0.0233 0.0079 0.0135 0.0157 0.0153 0.0208 0.0427 
        D402  2 0.0121 0.0187 0.0156 0.0245 0.0115 0.0223 0.0634 0.0454 0.0215 0.0146 0.7036 0.0470 
        D403  2 0.0172 0.0408 0.1960 0.0238 0.0433 0.3058 0.1127 0.0179 0.0676 0.1108 0.0195 0.0445 
        D415  2 0.0130 0.0184 0.5414 0.1140 0.0273 0.1051 0.0272 0.0248 0.0288 0.0612 0.0202 0.0186 
        D435  2 0.0110 0.0115 0.6199 0.0221 0.0133 0.0413 0.0422 0.0370 0.0415 0.0328 0.1129 0.0144 
        D436  2 0.0429 0.0880 0.0774 0.0214 0.0245 0.0627 0.3196 0.0259 0.0246 0.2769 0.0176 0.0184 
        D438  2 0.0187 0.0102 0.0074 0.0108 0.0092 0.0114 0.0113 0.0115 0.0110 0.0128 0.8597 0.0259 
        D439  2 0.0094 0.0113 0.0388 0.0169 0.0388 0.0630 0.6526 0.0323 0.0541 0.0189 0.0279 0.0361 
        D449  2 0.0248 0.0151 0.1255 0.0192 0.0194 0.1512 0.0229 0.0388 0.0284 0.1971 0.3319 0.0257 
        D450  2 0.0813 0.0506 0.0970 0.0301 0.0580 0.1510 0.1178 0.0783 0.1680 0.0705 0.0156 0.0818 
        D456  2 0.0153 0.0099 0.8164 0.0102 0.0102 0.0308 0.0188 0.0302 0.0117 0.0169 0.0085 0.0210 
        D462  2 0.0103 0.0124 0.0219 0.0095 0.0135 0.0231 0.1355 0.0259 0.0133 0.0157 0.7019 0.0171 
        D463  2 0.0287 0.0126 0.7904 0.0148 0.0096 0.0354 0.0248 0.0141 0.0157 0.0133 0.0102 0.0304 
        D464  2 0.0337 0.0882 0.0309 0.0200 0.0126 0.3278 0.2430 0.0172 0.0674 0.0472 0.0766 0.0356 
        D465  2 0.0160 0.0287 0.1674 0.0853 0.0230 0.0543 0.0202 0.0261 0.0307 0.0227 0.4714 0.0542 
        D473  2 0.5001 0.0296 0.0165 0.1054 0.0519 0.0402 0.0568 0.0348 0.0600 0.0225 0.0266 0.0558 
        D474  2 0.0262 0.0132 0.4984 0.0341 0.0361 0.0365 0.0209 0.1662 0.0902 0.0242 0.0254 0.0285 
        D476  2 0.0092 0.0128 0.0152 0.0114 0.3020 0.0229 0.5260 0.0192 0.0208 0.0144 0.0359 0.0103 
        D477  2 0.0290 0.0213 0.1615 0.1122 0.0164 0.0653 0.2524 0.1135 0.0827 0.0248 0.0184 0.1025 
        D478  2 0.0849 0.0821 0.0301 0.0202 0.2614 0.1936 0.0529 0.0996 0.0576 0.0436 0.0509 0.0231 
        D480  2 0.0872 0.0222 0.0932 0.0194 0.0150 0.0937 0.2898 0.0747 0.0829 0.0755 0.0638 0.0825 
        D481  2 0.0611 0.0376 0.2469 0.0525 0.0850 0.0984 0.1778 0.0927 0.0559 0.0123 0.0463 0.0334 
        D482  2 0.0551 0.0603 0.0147 0.0511 0.0386 0.1192 0.1998 0.0404 0.2565 0.0677 0.0231 0.0736 
        D483  2 0.0464 0.0170 0.0121 0.0158 0.0187 0.0138 0.0123 0.0233 0.0199 0.0116 0.7996 0.0097 
        D484  2 0.0192 0.0367 0.0065 0.0099 0.0128 0.0158 0.8058 0.0132 0.0205 0.0186 0.0188 0.0222 
        D510  2 0.4312 0.1038 0.0173 0.0240 0.0139 0.0428 0.0184 0.1894 0.0351 0.0774 0.0228 0.0239 
        D511  2 0.0169 0.0201 0.0448 0.0150 0.0267 0.0329 0.6547 0.0397 0.0313 0.0229 0.0341 0.0608 
        D512  2 0.0114 0.0594 0.0184 0.5568 0.0291 0.0622 0.0172 0.0304 0.0425 0.0223 0.1045 0.0459 
        D513  2 0.0458 0.0236 0.0647 0.0418 0.0194 0.0854 0.0182 0.0701 0.0317 0.0452 0.4586 0.0955 
        D635  2 0.0188 0.0121 0.1940 0.0293 0.5218 0.0629 0.0178 0.0481 0.0322 0.0164 0.0236 0.0228 
        D636  2 0.0142 0.0103 0.0171 0.0227 0.8193 0.0190 0.0148 0.0111 0.0136 0.0098 0.0129 0.0353 
        D637  2 0.0525 0.0420 0.0239 0.0235 0.0195 0.1300 0.2130 0.0307 0.0830 0.2066 0.0989 0.0764 
        D658  2 0.0771 0.0389 0.0173 0.0499 0.0170 0.0480 0.1494 0.0195 0.0593 0.0422 0.4676 0.0137 
        D659  2 0.0293 0.0148 0.6236 0.0114 0.0456 0.0431 0.0431 0.0714 0.0304 0.0503 0.0155 0.0216 
        D677  2 0.0144 0.0465 0.0891 0.0480 0.0506 0.0609 0.0199 0.0426 0.0433 0.4477 0.0304 0.1066 
        D678  2 0.0134 0.0894 0.0154 0.0286 0.0221 0.0784 0.0161 0.0191 0.0751 0.0330 0.5660 0.0434 
        D679  2 0.0337 0.0226 0.1819 0.0231 0.0282 0.0897 0.0456 0.0757 0.0440 0.0392 0.0284 0.3879 
        D719  2 0.3105 0.0167 0.1086 0.0656 0.0088 0.0664 0.0381 0.1604 0.0265 0.0180 0.1433 0.0371 
        D720  2 0.0579 0.0210 0.6573 0.0340 0.0133 0.0391 0.0133 0.0526 0.0208 0.0199 0.0248 0.0461 
        D721  2 0.0245 0.0085 0.0190 0.0101 0.7701 0.0272 0.0210 0.0154 0.0334 0.0141 0.0357 0.0210 
        D722  2 0.1933 0.3520 0.0170 0.1000 0.0142 0.0666 0.0245 0.0443 0.0265 0.0460 0.0516 0.0641 
        D734  2 0.1130 0.0124 0.0162 0.0104 0.0108 0.0320 0.6357 0.0314 0.0530 0.0223 0.0418 0.0213 
        D735  2 0.0629 0.0366 0.1103 0.0846 0.0367 0.1125 0.0959 0.0537 0.0770 0.0208 0.0431 0.2661 
        D736  2 0.2085 0.0136 0.0371 0.0482 0.0293 0.0641 0.0483 0.3725 0.0503 0.0627 0.0341 0.0313 
        D737  2 0.0272 0.0436 0.0099 0.0338 0.0364 0.0540 0.1076 0.0457 0.1249 0.0290 0.4747 0.0132 
        D807  2 0.1261 0.0413 0.0986 0.0585 0.0246 0.0675 0.0641 0.2728 0.0510 0.1074 0.0334 0.0547 
        D808  2 0.0270 0.0967 0.0519 0.1894 0.0502 0.1488 0.0546 0.0942 0.1175 0.0814 0.0697 0.0186 
        D817  2 0.0123 0.0283 0.0616 0.0238 0.0116 0.0504 0.0340 0.0376 0.0266 0.0237 0.0115 0.6786 
        D818  2 0.0196 0.0376 0.0425 0.0110 0.0854 0.1788 0.0228 0.1310 0.0860 0.2417 0.1169 0.0268 
        D819  2 0.0214 0.0355 0.0916 0.1281 0.0267 0.0768 0.0169 0.0396 0.0547 0.0219 0.0122 0.4747 
        D820  2 0.0171 0.0204 0.5415 0.0164 0.0144 0.0451 0.1416 0.0797 0.0154 0.0693 0.0259 0.0132 
        D895  2 0.0338 0.0265 0.2794 0.0512 0.1028 0.1731 0.0538 0.0342 0.0622 0.0472 0.0276 0.1080 
        D896  2 0.0134 0.0201 0.0090 0.8607 0.0093 0.0135 0.0115 0.0123 0.0118 0.0166 0.0097 0.0121 
        D897  2 0.0168 0.0497 0.0207 0.0266 0.0258 0.0946 0.0360 0.0324 0.0579 0.1446 0.4343 0.0606 
        D898  2 0.0279 0.0750 0.0255 0.1690 0.0280 0.1330 0.0371 0.0768 0.2898 0.0385 0.0196 0.0799 
        D918  2 0.0410 0.0464 0.0214 0.1169 0.0699 0.1771 0.0654 0.0373 0.0704 0.2709 0.0387 0.0447 
        D919  2 0.0174 0.0656 0.0700 0.0158 0.0319 0.0779 0.4282 0.1565 0.0361 0.0401 0.0446 0.0159 
        D920  2 0.0711 0.0485 0.0295 0.0442 0.5584 0.0476 0.0340 0.0279 0.0265 0.0680 0.0267 0.0175 
        D923  2 0.0188 0.0265 0.5374 0.0241 0.0176 0.0731 0.1146 0.0342 0.0362 0.0427 0.0253 0.0495 
        D930  2 0.0672 0.0541 0.1561 0.0752 0.0196 0.1480 0.1150 0.0456 0.1266 0.0518 0.0357 0.1052 
        D931  2 0.0317 0.0381 0.2149 0.0404 0.0276 0.0664 0.2615 0.0695 0.0638 0.0387 0.1022 0.0453 
        D968  2 0.0104 0.0185 0.0170 0.0137 0.0095 0.0183 0.0178 0.0629 0.0183 0.0184 0.7787 0.0165 
        D969  2 0.0302 0.0343 0.1629 0.0495 0.0273 0.1301 0.0433 0.1414 0.1668 0.0583 0.1115 0.0444 
        D977  2 0.0220 0.0148 0.0272 0.0140 0.0195 0.0427 0.0233 0.0164 0.0367 0.0735 0.6793 0.0306 
        D978  2 0.0260 0.0972 0.0137 0.0124 0.0151 0.0691 0.0210 0.1090 0.3143 0.0381 0.0900 0.1943 
        D211  3 0.0171 0.0247 0.0531 0.0109 0.3773 0.0476 0.0227 0.0231 0.0232 0.2757 0.0114 0.1131 
     D229639  3 0.0490 0.0427 0.0441 0.0291 0.0215 0.0718 0.0168 0.4970 0.1160 0.0505 0.0305 0.0311 
     D237212  3 0.0167 0.0281 0.0479 0.0391 0.0433 0.0556 0.2005 0.2105 0.1034 0.1375 0.0369 0.0804 
     D237213  3 0.0100 0.0427 0.0241 0.1131 0.0559 0.0765 0.0439 0.0398 0.0385 0.1304 0.0165 0.4086 
     D237214  3 0.0225 0.0159 0.0152 0.0111 0.8412 0.0251 0.0111 0.0130 0.0111 0.0152 0.0095 0.0091 
     D237215  3 0.0404 0.1757 0.0091 0.0267 0.0130 0.0430 0.0122 0.0689 0.1109 0.0132 0.4480 0.0390 
     D237216  3 0.0159 0.0213 0.0321 0.0214 0.0514 0.5226 0.0256 0.0288 0.1556 0.0487 0.0198 0.0566 
     D237217  3 0.0103 0.0162 0.0429 0.0541 0.1082 0.2176 0.0203 0.0544 0.0482 0.3740 0.0226 0.0311 
     D237218  3 0.0478 0.0169 0.0422 0.0154 0.0182 0.0807 0.1755 0.1166 0.2230 0.1917 0.0335 0.0386 
     D237219  3 0.0457 0.0238 0.0206 0.1111 0.0428 0.0829 0.0124 0.0268 0.1466 0.1830 0.0133 0.2911 
     D237382  3 0.0627 0.4188 0.0522 0.0822 0.0306 0.0867 0.0254 0.0303 0.0517 0.0821 0.0370 0.0404 
     D244127  3 0.0161 0.0387 0.0138 0.4765 0.0361 0.0778 0.0294 0.0593 0.0494 0.0671 0.0707 0.0652 
     D244129  3 0.0313 0.0601 0.0507 0.2087 0.0831 0.1075 0.0692 0.0951 0.0560 0.1197 0.0403 0.0783 
     D244133  3 0.0419 0.0321 0.0398 0.0223 0.0354 0.0411 0.0074 0.0211 0.0215 0.0309 0.0634 0.6431 
     D244134  3 0.1514 0.0159 0.0221 0.0688 0.0408 0.0619 0.0177 0.2430 0.1163 0.0346 0.0288 0.1988 
     D244135  3 0.0105 0.0251 0.0271 0.0158 0.6918 0.0408 0.0159 0.0168 0.0209 0.0424 0.0364 0.0564 
     D244136  3 0.1225 0.0458 0.1223 0.0371 0.0278 0.0935 0.0171 0.0864 0.0389 0.0438 0.0700 0.2949 
        D416  3 0.0226 0.0267 0.0683 0.0497 0.0623 0.1664 0.0340 0.0397 0.2112 0.0909 0.0752 0.1529 
        D417  3 0.0219 0.0356 0.5862 0.0388 0.0141 0.0461 0.0214 0.0151 0.0280 0.1615 0.0114 0.0199 
        D419  3 0.0331 0.0194 0.0552 0.1018 0.0315 0.1214 0.0226 0.0925 0.1327 0.2174 0.0336 0.1388 
        D565  3 0.7207 0.0199 0.0378 0.0226 0.0195 0.0246 0.0149 0.0642 0.0130 0.0132 0.0117 0.0380 
        D566  3 0.1437 0.0363 0.0620 0.0536 0.0198 0.0717 0.0127 0.3759 0.0692 0.0267 0.0493 0.0791 
        D567  3 0.0181 0.0278 0.4568 0.0903 0.0619 0.0688 0.0483 0.0218 0.0489 0.0463 0.0362 0.0749 
        D568  3 0.0127 0.0362 0.0637 0.0620 0.0582 0.0700 0.1724 0.0681 0.0642 0.2601 0.0775 0.0548 
        D569  3 0.0395 0.0616 0.0208 0.0185 0.0655 0.0905 0.4657 0.0796 0.0263 0.0439 0.0561 0.0319 
        D573  3 0.0138 0.0139 0.1044 0.0172 0.0140 0.0580 0.0254 0.6179 0.0401 0.0296 0.0467 0.0191 
        D574  3 0.2924 0.0946 0.0304 0.0543 0.0416 0.1042 0.0309 0.0989 0.0517 0.0470 0.0363 0.1177 
        D575  3 0.0229 0.0110 0.0205 0.0543 0.0306 0.0251 0.0126 0.0182 0.0184 0.0185 0.0186 0.7495 
        D576  3 0.0227 0.1138 0.0056 0.0127 0.0312 0.0438 0.0142 0.0362 0.0457 0.0176 0.5379 0.1185 
        D577  3 0.0253 0.0528 0.3816 0.0153 0.0930 0.0714 0.0428 0.0186 0.0701 0.0416 0.0197 0.1677 
        D578  3 0.0111 0.0205 0.0111 0.0221 0.8348 0.0198 0.0100 0.0144 0.0118 0.0181 0.0154 0.0108 
        D579  3 0.1102 0.0292 0.1427 0.0397 0.0362 0.0620 0.1223 0.1311 0.0828 0.0841 0.0484 0.1113 
        D660  3 0.0129 0.0564 0.0137 0.0404 0.0300 0.0780 0.0337 0.0203 0.0813 0.0753 0.4144 0.1436 
        D661  3 0.0150 0.0137 0.0206 0.0122 0.0291 0.0821 0.0422 0.0618 0.4655 0.1420 0.0907 0.0250 
        D663  3 0.0141 0.0693 0.0343 0.0112 0.0245 0.1709 0.0255 0.4558 0.0803 0.0234 0.0505 0.0402 
        D664  3 0.0313 0.0322 0.0121 0.0560 0.0890 0.1055 0.0121 0.0291 0.0607 0.1833 0.1071 0.2817 
        D665  3 0.0075 0.2042 0.0137 0.0381 0.0979 0.1550 0.0646 0.0265 0.0532 0.0478 0.0214 0.2702 
        D666  3 0.0483 0.0131 0.0309 0.1275 0.0276 0.0516 0.0202 0.0191 0.0839 0.0484 0.0138 0.5157 
        D009  4 0.0242 0.0680 0.1085 0.0585 0.1180 0.1268 0.1392 0.0203 0.1354 0.1534 0.0177 0.0299 
        D057  4 0.0201 0.0260 0.0218 0.0130 0.2322 0.0402 0.4332 0.0599 0.0590 0.0267 0.0591 0.0090 
        D109  4 0.0366 0.0274 0.0346 0.4045 0.0647 0.1154 0.0188 0.0243 0.1014 0.0465 0.0120 0.1138 
     D237222  4 0.0943 0.1468 0.0172 0.0260 0.5235 0.0485 0.0232 0.0387 0.0160 0.0319 0.0220 0.0118 
     D237223  4 0.0582 0.0250 0.0169 0.0490 0.0263 0.0551 0.0285 0.0461 0.0204 0.6326 0.0264 0.0155 
     D237224  4 0.0181 0.0307 0.0820 0.0286 0.0452 0.0837 0.1698 0.1011 0.2227 0.0324 0.1107 0.0752 
     D237225  4 0.0408 0.0636 0.0752 0.0373 0.0944 0.2485 0.0526 0.0572 0.1226 0.1277 0.0266 0.0535 
     D237299  4 0.0265 0.0583 0.0118 0.0465 0.0154 0.0931 0.0201 0.1592 0.2481 0.2867 0.0177 0.0166 
     D237300  4 0.0284 0.0227 0.0135 0.0194 0.0137 0.0457 0.0188 0.3986 0.2435 0.0548 0.0276 0.1132 
     D237306  4 0.3572 0.0393 0.0486 0.0519 0.0152 0.0321 0.0357 0.0323 0.0150 0.3466 0.0133 0.0127 
     D237307  4 0.1039 0.0605 0.2890 0.0312 0.0381 0.0612 0.0159 0.0617 0.0780 0.0552 0.0291 0.1763 
     D237308  4 0.0515 0.0341 0.0219 0.1205 0.0335 0.0818 0.1283 0.0406 0.0449 0.0384 0.3657 0.0388 
     D237309  4 0.0174 0.0665 0.1097 0.0484 0.0590 0.1977 0.0836 0.0489 0.1979 0.1037 0.0342 0.0329 
     D237317  4 0.2694 0.0449 0.1286 0.0308 0.0584 0.2405 0.0417 0.0440 0.0501 0.0300 0.0224 0.0392 
     D237318  4 0.0127 0.0220 0.0248 0.0110 0.0098 0.0301 0.0094 0.7897 0.0271 0.0157 0.0244 0.0233 
     D237319  4 0.0283 0.1260 0.0347 0.0956 0.0560 0.1192 0.0206 0.0410 0.0962 0.3127 0.0238 0.0458 
     D237320  4 0.0143 0.0146 0.0198 0.0371 0.0271 0.0364 0.0125 0.0465 0.0309 0.7104 0.0316 0.0188 
     D237321  4 0.0366 0.0238 0.0424 0.0312 0.0242 0.0823 0.0144 0.1957 0.4074 0.0319 0.0688 0.0412 
     D237397  4 0.1041 0.0321 0.0307 0.0357 0.0417 0.0497 0.0179 0.0829 0.0433 0.4859 0.0410 0.0351 
     D237398  4 0.0106 0.0205 0.0333 0.0135 0.0167 0.0644 0.0468 0.5225 0.1333 0.0852 0.0210 0.0321 
     D237399  4 0.1313 0.0524 0.0561 0.0403 0.0816 0.0752 0.0280 0.2426 0.0956 0.1429 0.0318 0.0221 
     D244001  4 0.0264 0.1107 0.0225 0.0346 0.3151 0.1049 0.0668 0.0220 0.0539 0.1447 0.0686 0.0298 
        D289  4 0.1851 0.0238 0.0349 0.0235 0.0306 0.0674 0.2560 0.1980 0.0408 0.0864 0.0329 0.0207 
        D290  4 0.0194 0.7689 0.0288 0.0152 0.0171 0.0313 0.0207 0.0330 0.0176 0.0186 0.0158 0.0137 
        D294  4 0.0339 0.0997 0.0757 0.0139 0.0374 0.1293 0.1740 0.0392 0.3056 0.0404 0.0173 0.0336 
        D295  4 0.0340 0.1144 0.1478 0.1187 0.0226 0.0729 0.0433 0.0265 0.0730 0.2475 0.0170 0.0823 
        D301  4 0.0420 0.1063 0.0122 0.0859 0.4023 0.0354 0.0154 0.0478 0.1169 0.0682 0.0323 0.0354 
        D302  4 0.0104 0.0633 0.0403 0.0131 0.0232 0.0344 0.7144 0.0139 0.0261 0.0238 0.0093 0.0278 
        D303  4 0.5248 0.0442 0.0248 0.0641 0.0224 0.0469 0.0663 0.0266 0.0650 0.0305 0.0397 0.0446 
        D304  4 0.0610 0.4544 0.0459 0.0149 0.0313 0.0986 0.0202 0.1110 0.0680 0.0276 0.0209 0.0463 
        D305  4 0.0092 0.0542 0.0128 0.0259 0.0323 0.3039 0.3154 0.0334 0.1008 0.0228 0.0680 0.0214 
        D306  4 0.0168 0.7753 0.0236 0.0183 0.0335 0.0448 0.0163 0.0149 0.0150 0.0192 0.0121 0.0101 
        D307  4 0.0547 0.0194 0.0128 0.0284 0.6985 0.0257 0.0224 0.0220 0.0526 0.0139 0.0175 0.0319 
        D327  4 0.0605 0.0423 0.5159 0.0157 0.0214 0.0572 0.0300 0.0377 0.0558 0.0572 0.0464 0.0600 
        D328  4 0.1174 0.1012 0.0179 0.0558 0.0230 0.0611 0.3513 0.0267 0.0453 0.1055 0.0160 0.0788 
        D329  4 0.0377 0.0799 0.0406 0.0485 0.0472 0.1393 0.2395 0.0533 0.1935 0.0342 0.0687 0.0175 
        D330  4 0.0131 0.0781 0.1806 0.0757 0.0508 0.1489 0.0790 0.0192 0.0225 0.2648 0.0386 0.0288 
        D331  4 0.0590 0.3325 0.1007 0.0560 0.0337 0.0822 0.0215 0.1143 0.0935 0.0290 0.0222 0.0555 
        D333  4 0.0668 0.1427 0.0578 0.0567 0.0387 0.0839 0.1646 0.0512 0.0541 0.1992 0.0406 0.0437 
        D334  4 0.5190 0.0354 0.0410 0.0174 0.0710 0.0666 0.0494 0.0536 0.0546 0.0321 0.0168 0.0432 
        D335  4 0.0232 0.1211 0.0795 0.0244 0.0259 0.0674 0.4886 0.0400 0.0166 0.0236 0.0436 0.0460 
        D370  4 0.0370 0.3742 0.0259 0.2360 0.0242 0.0813 0.0306 0.0173 0.0405 0.0290 0.0331 0.0710 
        D371  4 0.6220 0.0188 0.1429 0.0253 0.0103 0.0214 0.0160 0.0221 0.0187 0.0227 0.0188 0.0609 
        D372  4 0.0260 0.1593 0.0107 0.0260 0.0095 0.1142 0.0107 0.1551 0.3734 0.0396 0.0427 0.0327 
        D373  4 0.0188 0.0205 0.0308 0.0165 0.6329 0.0311 0.0302 0.0333 0.0842 0.0126 0.0454 0.0439 
        D455  4 0.0194 0.0386 0.0189 0.0181 0.6929 0.0239 0.0630 0.0265 0.0461 0.0139 0.0255 0.0131 
        D490  4 0.0186 0.0248 0.0155 0.0140 0.7600 0.0188 0.0190 0.0126 0.0254 0.0607 0.0076 0.0231 
        D497  4 0.0136 0.0245 0.0087 0.0278 0.6054 0.0552 0.0591 0.0287 0.0425 0.0809 0.0135 0.0401 
        D498  4 0.0540 0.4550 0.0468 0.1094 0.0285 0.0659 0.0168 0.0693 0.0456 0.0314 0.0229 0.0544 
        D499  4 0.0989 0.0254 0.0185 0.0467 0.0120 0.1013 0.1149 0.0632 0.1634 0.0880 0.0918 0.1759 
        D514  4 0.0135 0.1773 0.2487 0.0300 0.0394 0.1197 0.0920 0.0572 0.0913 0.0516 0.0249 0.0543 
        D515  4 0.0183 0.0494 0.0238 0.0183 0.0275 0.0250 0.0189 0.0151 0.0271 0.7359 0.0218 0.0188 
        D516  4 0.0305 0.0542 0.0669 0.0942 0.0304 0.0796 0.0152 0.0596 0.0265 0.1970 0.0349 0.3110 
        D517  4 0.0140 0.0137 0.0363 0.0300 0.4794 0.0805 0.0178 0.0250 0.1869 0.0709 0.0280 0.0175 
        D518  4 0.0656 0.0376 0.0217 0.0273 0.1341 0.0541 0.5404 0.0137 0.0258 0.0461 0.0190 0.0144 
        D519  4 0.0133 0.0089 0.0133 0.0139 0.0168 0.0174 0.0110 0.0210 0.0188 0.8418 0.0122 0.0116 
        D560  4 0.0118 0.0183 0.0448 0.0110 0.0166 0.0303 0.0225 0.0180 0.0559 0.7315 0.0256 0.0136 
        D561  4 0.0120 0.0398 0.0777 0.0369 0.1106 0.2093 0.0764 0.2026 0.0825 0.0785 0.0482 0.0254 
        D562  4 0.0420 0.1140 0.0256 0.0268 0.3117 0.1220 0.0853 0.0681 0.0745 0.0545 0.0412 0.0344 
        D563  4 0.0148 0.0325 0.0165 0.0347 0.0392 0.1125 0.1378 0.0683 0.0739 0.0480 0.3417 0.0801 
        D572  4 0.0202 0.0432 0.0373 0.0149 0.0471 0.0408 0.6723 0.0223 0.0334 0.0329 0.0187 0.0169 
        D629  4 0.0131 0.0129 0.1145 0.0157 0.1991 0.0588 0.0561 0.0535 0.0307 0.0417 0.0154 0.3886 
        D630  4 0.0508 0.1073 0.0410 0.0221 0.1182 0.0915 0.0693 0.0562 0.0766 0.3133 0.0258 0.0278 
        D631  4 0.0215 0.0206 0.0149 0.0138 0.0303 0.0347 0.6774 0.0233 0.0703 0.0513 0.0265 0.0154 
        D632  4 0.0117 0.0204 0.0307 0.1342 0.2659 0.0540 0.2184 0.0143 0.0255 0.0178 0.1534 0.0537 
        D646  4 0.0120 0.0146 0.0595 0.0610 0.0139 0.0494 0.0237 0.0378 0.0222 0.6633 0.0297 0.0129 
        D647  4 0.0110 0.1261 0.2798 0.0636 0.0411 0.0707 0.0585 0.0539 0.0390 0.1945 0.0442 0.0176 
        D648  4 0.0504 0.3134 0.0120 0.0169 0.0193 0.0425 0.3561 0.0096 0.0349 0.0496 0.0229 0.0724 
        D649  4 0.0164 0.0186 0.1569 0.3452 0.0413 0.0521 0.1880 0.0362 0.0327 0.0324 0.0173 0.0629 
        D650  4 0.0737 0.0378 0.1191 0.0531 0.0902 0.0797 0.0832 0.0766 0.1023 0.1685 0.0217 0.0938 
        D708  4 0.1510 0.0490 0.0275 0.0323 0.0312 0.1223 0.1736 0.0788 0.1166 0.0951 0.0224 0.1002 
        D709  4 0.0207 0.6270 0.0162 0.1123 0.0165 0.0531 0.0309 0.0157 0.0249 0.0251 0.0155 0.0422 
        D738  4 0.4460 0.0351 0.0510 0.0979 0.0380 0.0441 0.0162 0.0599 0.0286 0.1530 0.0121 0.0180 
        D739  4 0.0272 0.1662 0.0239 0.0305 0.2504 0.1334 0.0519 0.0353 0.0897 0.1253 0.0185 0.0477 
        D740  4 0.0785 0.0253 0.0178 0.0972 0.0273 0.1822 0.0475 0.0638 0.3181 0.0579 0.0504 0.0341 
        D741  4 0.0093 0.0112 0.0254 0.0149 0.0117 0.0555 0.0127 0.0345 0.0118 0.7788 0.0190 0.0153 
        D742  4 0.0789 0.0326 0.0276 0.0310 0.0512 0.1127 0.0666 0.1670 0.0934 0.1675 0.1377 0.0338 
        D743  4 0.0181 0.0185 0.2916 0.0130 0.0202 0.0267 0.4141 0.0540 0.0483 0.0301 0.0368 0.0287 
        D744  4 0.0144 0.0100 0.0158 0.0176 0.0142 0.0157 0.8120 0.0181 0.0212 0.0256 0.0184 0.0170 
        D745  4 0.0166 0.0113 0.0126 0.0221 0.0259 0.0154 0.0183 0.0170 0.0230 0.8022 0.0119 0.0235 
        D814  4 0.0137 0.0468 0.0249 0.0075 0.0363 0.1457 0.0377 0.0267 0.0773 0.4704 0.0960 0.0170 
        D815  4 0.0242 0.2932 0.0689 0.0633 0.0184 0.0527 0.3007 0.0360 0.0409 0.0443 0.0219 0.0356 
        D828  4 0.0428 0.6070 0.0096 0.0182 0.0158 0.0356 0.0308 0.0259 0.1065 0.0524 0.0290 0.0263 
        D845  4 0.0251 0.0085 0.0117 0.0118 0.0097 0.0182 0.0163 0.7223 0.1058 0.0265 0.0230 0.0211 
        D846  4 0.0085 0.0677 0.0685 0.0149 0.1188 0.1235 0.2819 0.0385 0.0855 0.0434 0.0907 0.0579 
        D847  4 0.0993 0.0733 0.0837 0.0278 0.2082 0.1021 0.0383 0.0856 0.1450 0.0755 0.0409 0.0202 
        D848  4 0.0134 0.0272 0.0120 0.0215 0.6506 0.0225 0.0334 0.0883 0.0592 0.0092 0.0445 0.0180 
        D849  4 0.0159 0.1326 0.0225 0.0278 0.0970 0.0830 0.0303 0.0150 0.0705 0.4093 0.0250 0.0711 
        D850  4 0.0536 0.0142 0.0635 0.0234 0.1110 0.1068 0.0321 0.4257 0.0288 0.0837 0.0205 0.0367 
        D856  4 0.0281 0.1801 0.0280 0.1950 0.0399 0.1789 0.0517 0.0378 0.1311 0.0699 0.0179 0.0417 
        D857  4 0.0241 0.1353 0.0066 0.5947 0.0308 0.0273 0.0242 0.0099 0.0395 0.0335 0.0627 0.0115 
        D859  4 0.0221 0.0418 0.0424 0.0257 0.0226 0.0517 0.3788 0.0746 0.1216 0.1758 0.0255 0.0173 
        D860  4 0.2506 0.0272 0.0519 0.0203 0.0240 0.0641 0.0600 0.3981 0.0250 0.0130 0.0512 0.0146 
        D883  4 0.0792 0.0851 0.1663 0.0765 0.1515 0.0675 0.0542 0.0567 0.0612 0.1001 0.0239 0.0779 
        D884  4 0.0258 0.0329 0.0205 0.0493 0.0135 0.0239 0.0252 0.0139 0.0155 0.7408 0.0099 0.0286 
        D885  4 0.0181 0.0085 0.0746 0.0360 0.0304 0.1109 0.0235 0.0491 0.3151 0.2007 0.0403 0.0927 
        D886  4 0.0171 0.3256 0.1292 0.0892 0.1078 0.0652 0.0453 0.0228 0.0432 0.0842 0.0446 0.0259 
        D887  4 0.0395 0.0440 0.1107 0.0443 0.0315 0.0992 0.0803 0.0786 0.2879 0.0962 0.0644 0.0233 
        D889  4 0.0119 0.2748 0.0282 0.0087 0.0145 0.0701 0.0230 0.3148 0.1806 0.0456 0.0075 0.0203 
        D890  4 0.0534 0.0723 0.0242 0.0608 0.0456 0.0755 0.0404 0.0149 0.0531 0.0207 0.0463 0.4926 
        D891  4 0.0067 0.0068 0.0080 0.0083 0.0071 0.0122 0.0079 0.8833 0.0236 0.0093 0.0089 0.0179 
        D899  4 0.0622 0.0699 0.0272 0.0254 0.0273 0.0837 0.0716 0.1825 0.0698 0.0286 0.3048 0.0470 
        D900  4 0.0580 0.1646 0.1018 0.0529 0.0722 0.1288 0.0982 0.0804 0.0823 0.0597 0.0651 0.0361 
        D970  4 0.0420 0.0368 0.0789 0.0364 0.0574 0.1156 0.3476 0.0707 0.0957 0.0305 0.0355 0.0530 
        D971  4 0.0492 0.0920 0.0343 0.0720 0.0255 0.0908 0.1244 0.0298 0.0231 0.0146 0.3952 0.0492 
        D979  4 0.0269 0.0908 0.1902 0.0239 0.0318 0.0869 0.2958 0.0498 0.0355 0.0343 0.0501 0.0840 
        D093  5 0.6842 0.0242 0.0386 0.0159 0.0229 0.0330 0.0185 0.0216 0.0500 0.0526 0.0152 0.0235 
        D154  5 0.0254 0.0581 0.0150 0.0241 0.0121 0.0903 0.0207 0.0687 0.0573 0.2633 0.0609 0.3041 
        D168  5 0.0105 0.0388 0.0316 0.0303 0.0497 0.0880 0.0206 0.0517 0.0787 0.1791 0.1092 0.3119 
