        D174  1 0.1139 0.0455 0.7615 0.0791 
        D199  1 0.0712 0.2669 0.2473 0.4145 
        D203  1 0.3408 0.2949 0.1451 0.2192 
        D204  1 0.0490 0.0534 0.0508 0.8468 
     D237366  1 0.5550 0.1294 0.1497 0.1659 
     D237367  1 0.3106 0.0976 0.1064 0.4854 
     D237368  1 0.6126 0.0814 0.0917 0.2143 
     D244101  1 0.0339 0.1987 0.0342 0.7332 
     D244102  1 0.2743 0.1498 0.3677 0.2082 
     D244103  1 0.1496 0.0619 0.0956 0.6929 
     D244104  1 0.0919 0.0917 0.1493 0.6671 
     D244105  1 0.7781 0.0512 0.0282 0.1425 
     D244106  1 0.0747 0.2466 0.5912 0.0876 
     D244107  1 0.6167 0.0705 0.0230 0.2898 
     D244108  1 0.2509 0.0768 0.5757 0.0966 
     D244113  1 0.0291 0.0289 0.9042 0.0378 
     D244114  1 0.1377 0.3045 0.3106 0.2472 
     D244115  1 0.2045 0.0583 0.5435 0.1937 
     D267365  1 0.0763 0.0868 0.3627 0.4742 
        D404  1 0.0405 0.0370 0.8880 0.0344 
        D405  1 0.1078 0.1259 0.6124 0.1539 
        D406  1 0.8806 0.0231 0.0475 0.0487 
        D407  1 0.1310 0.0876 0.0392 0.7421 
        D408  1 0.0434 0.1299 0.7271 0.0995 
        D409  1 0.0880 0.0473 0.0657 0.7991 
        D410  1 0.8449 0.0168 0.0570 0.0813 
        D421  1 0.0432 0.0621 0.0526 0.8421 
        D422  1 0.8634 0.0340 0.0185 0.0840 
        D423  1 0.8893 0.0331 0.0229 0.0546 
        D424  1 0.0728 0.0212 0.0480 0.8580 
        D425  1 0.0876 0.0605 0.4194 0.4326 
        D426  1 0.0596 0.1742 0.0305 0.7356 
        D427  1 0.0398 0.6736 0.1097 0.1769 
        D428  1 0.1559 0.0747 0.3343 0.4351 
        D429  1 0.0970 0.0973 0.3912 0.4144 
        D430  1 0.0913 0.3006 0.3482 0.2598 
        D491  1 0.0456 0.0317 0.7903 0.1324 
        D492  1 0.1837 0.0753 0.3647 0.3762 
        D537  1 0.1215 0.0312 0.0870 0.7603 
        D538  1 0.4172 0.1229 0.3089 0.1510 
        D539  1 0.2314 0.3347 0.3476 0.0863 
        D540  1 0.1995 0.0948 0.1805 0.5253 
        D541  1 0.0358 0.0379 0.0247 0.9017 
        D551  1 0.0822 0.6672 0.0699 0.1807 
        D552  1 0.4118 0.0920 0.1933 0.3028 
        D553  1 0.0275 0.0305 0.0397 0.9023 
        D615  1 0.3181 0.1592 0.1794 0.3433 
        D616  1 0.3407 0.1983 0.1058 0.3551 
        D621  1 0.7605 0.0367 0.1501 0.0528 
        D622  1 0.8331 0.0374 0.0512 0.0783 
        D623  1 0.0598 0.1928 0.6598 0.0875 
        D624  1 0.0419 0.0526 0.8457 0.0598 
        D625  1 0.0923 0.0222 0.0993 0.7861 
        D626  1 0.2256 0.0862 0.5985 0.0897 
        D627  1 0.0755 0.1309 0.0585 0.7351 
        D690  1 0.1338 0.0226 0.1119 0.7318 
        D691  1 0.8234 0.0342 0.0524 0.0899 
        D710  1 0.0963 0.0537 0.2429 0.6071 
        D711  1 0.1046 0.0471 0.1093 0.7391 
        D712  1 0.0800 0.0607 0.8121 0.0472 
        D713  1 0.1265 0.0295 0.6291 0.2149 
        D746  1 0.8827 0.0277 0.0354 0.0541 
        D747  1 0.0343 0.0348 0.0469 0.8840 
        D748  1 0.4461 0.0356 0.0942 0.4241 
        D749  1 0.6651 0.0962 0.1673 0.0714 
        D750  1 0.0984 0.0458 0.5909 0.2649 
        D763  1 0.1311 0.4036 0.0604 0.4049 
        D764  1 0.1620 0.0267 0.1901 0.6212 
        D765  1 0.7303 0.0357 0.1751 0.0588 
        D766  1 0.5933 0.0336 0.1031 0.2700 
        D767  1 0.3658 0.1630 0.2167 0.2546 
        D768  1 0.0532 0.0262 0.0201 0.9005 
        D811  1 0.0691 0.0367 0.8320 0.0622 
        D816  1 0.0469 0.0278 0.0980 0.8272 
        D825  1 0.2062 0.0332 0.5713 0.1893 
        D866  1 0.0946 0.5048 0.3071 0.0935 
        D867  1 0.8628 0.0377 0.0480 0.0515 
        D871  1 0.0368 0.0349 0.0686 0.8597 
        D872  1 0.3780 0.0666 0.2177 0.3377 
        D873  1 0.9344 0.0153 0.0343 0.0161 
        D874  1 0.0352 0.0940 0.4547 0.4160 
        D875  1 0.2057 0.0274 0.0459 0.7209 
        D876  1 0.1503 0.0568 0.1939 0.5990 
        D877  1 0.0222 0.0394 0.8382 0.1002 
        D892  1 0.2202 0.0367 0.4311 0.3119 
        D893  1 0.1841 0.1081 0.0540 0.6538 
        D894  1 0.0759 0.0631 0.1079 0.7531 
        D915  1 0.3441 0.0466 0.1452 0.4642 
        D916  1 0.0547 0.0264 0.0390 0.8800 
        D917  1 0.0531 0.1221 0.4106 0.4143 
        D925  1 0.7238 0.0341 0.1024 0.1397 
        D926  1 0.1187 0.0410 0.2304 0.6099 
        D927  1 0.0678 0.4168 0.0976 0.4178 
        D928  1 0.0273 0.0214 0.8758 0.0754 
        D929  1 0.2325 0.0640 0.5730 0.1304 
        D936  1 0.0537 0.1916 0.0823 0.6724 
        D938  1 0.9021 0.0223 0.0331 0.0424 
        D956  1 0.0729 0.0682 0.8012 0.0577 
        D957  1 0.5206 0.0429 0.1906 0.2460 
        D958  1 0.3979 0.0281 0.2219 0.3521 
        D959  1 0.1349 0.0544 0.0296 0.7811 
        D960  1 0.8856 0.0206 0.0615 0.0323 
        D989  1 0.0583 0.2191 0.6159 0.1066 
        D990  1 0.8900 0.0548 0.0360 0.0192 
        D023  2 0.5551 0.0319 0.0234 0.3896 
        D130  2 0.8695 0.0313 0.0362 0.0630 
        D131  2 0.0902 0.1100 0.0608 0.7390 
        D163  2 0.8209 0.0364 0.0368 0.1059 
        D164  2 0.5244 0.4365 0.0191 0.0200 
        D165  2 0.7048 0.0452 0.0252 0.2248 
        D166  2 0.3379 0.1438 0.2710 0.2474 
        D167  2 0.0258 0.8739 0.0726 0.0277 
        D192  2 0.0200 0.9342 0.0267 0.0192 
        D193  2 0.1439 0.0640 0.7476 0.0445 
        D206  2 0.2134 0.2550 0.0758 0.4558 
        D207  2 0.0423 0.7483 0.0705 0.1389 
        D208  2 0.0874 0.3837 0.4464 0.0825 
        D209  2 0.1293 0.5567 0.0774 0.2366 
        D210  2 0.0756 0.4815 0.3342 0.1087 
     D229599  2 0.1685 0.2127 0.1932 0.4256 
     D229600  2 0.5666 0.3290 0.0469 0.0575 
     D237227  2 0.2060 0.1465 0.5553 0.0923 
     D237228  2 0.4407 0.1196 0.4041 0.0357 
     D237258  2 0.2696 0.3355 0.2396 0.1552 
     D237310  2 0.6928 0.0816 0.1931 0.0325 
     D237311  2 0.7277 0.1570 0.0834 0.0320 
     D237312  2 0.5112 0.0425 0.3771 0.0693 
     D237313  2 0.2586 0.1067 0.2388 0.3959 
     D237322  2 0.1388 0.4430 0.3198 0.0985 
     D237323  2 0.7285 0.0499 0.1889 0.0326 
     D237324  2 0.5271 0.2969 0.0302 0.1458 
     D237325  2 0.6076 0.0742 0.2360 0.0822 
     D237326  2 0.6856 0.0497 0.1121 0.1526 
     D237327  2 0.1092 0.6167 0.0666 0.2075 
     D237337  2 0.8291 0.0308 0.0799 0.0601 
     D237338  2 0.4811 0.2070 0.1878 0.1241 
     D237339  2 0.0483 0.3923 0.0653 0.4941 
     D237340  2 0.3677 0.2314 0.3533 0.0476 
     D237389  2 0.8171 0.0542 0.0908 0.0378 
     D237390  2 0.4778 0.0698 0.3356 0.1167 
     D244017  2 0.0681 0.2959 0.5588 0.0772 
     D244112  2 0.1405 0.7880 0.0443 0.0272 
     D244118  2 0.4537 0.4807 0.0386 0.0271 
     D244119  2 0.0532 0.3701 0.5420 0.0347 
     D244120  2 0.0973 0.5486 0.3207 0.0333 
     D244122  2 0.0767 0.7486 0.1351 0.0395 
        D291  2 0.1255 0.5989 0.1041 0.1715 
        D292  2 0.0723 0.5487 0.1551 0.2238 
        D293  2 0.0193 0.5913 0.0220 0.3673 
        D322  2 0.0812 0.4016 0.0299 0.4873 
        D323  2 0.0954 0.2758 0.2753 0.3535 
        D324  2 0.1474 0.2199 0.1171 0.5156 
        D325  2 0.0278 0.8459 0.0149 0.1113 
        D326  2 0.0191 0.0326 0.0391 0.9092 
        D340  2 0.0210 0.9314 0.0179 0.0297 
        D341  2 0.0496 0.8731 0.0429 0.0344 
        D342  2 0.2099 0.6590 0.0725 0.0586 
        D343  2 0.0144 0.9510 0.0129 0.0217 
        D344  2 0.1196 0.0853 0.1342 0.6609 
        D345  2 0.2832 0.0825 0.0796 0.5547 
        D346  2 0.0613 0.2072 0.5521 0.1794 
        D351  2 0.0998 0.1201 0.0385 0.7416 
        D352  2 0.1573 0.2112 0.2471 0.3844 
        D353  2 0.0286 0.0914 0.0427 0.8373 
        D354  2 0.1326 0.0484 0.3370 0.4820 
        D362  2 0.1368 0.0465 0.1202 0.6964 
        D363  2 0.0689 0.0372 0.1149 0.7791 
        D364  2 0.0851 0.0440 0.1272 0.7437 
        D365  2 0.0161 0.9044 0.0235 0.0559 
        D369  2 0.1176 0.2894 0.1672 0.4258 
        D374  2 0.0219 0.0227 0.9338 0.0217 
        D375  2 0.1922 0.0583 0.2367 0.5128 
        D376  2 0.0535 0.0622 0.8560 0.0284 
        D377  2 0.2647 0.1394 0.4295 0.1664 
        D378  2 0.0648 0.2221 0.0427 0.6704 
        D379  2 0.0436 0.0392 0.0667 0.8505 
        D384  2 0.0309 0.0292 0.0667 0.8732 
        D385  2 0.0295 0.8940 0.0424 0.0341 
        D386  2 0.0904 0.0755 0.0410 0.7930 
        D391  2 0.0229 0.8749 0.0301 0.0721 
        D392  2 0.1001 0.7177 0.0809 0.1013 
        D393  2 0.0644 0.2633 0.0353 0.6369 
        D394  2 0.5117 0.1349 0.1358 0.2176 
        D395  2 0.0686 0.6533 0.0595 0.2186 
        D401  2 0.8545 0.0334 0.0783 0.0338 
        D402  2 0.0224 0.9163 0.0232 0.0381 
        D403  2 0.1733 0.0723 0.0700 0.6844 
        D415  2 0.1052 0.0230 0.0231 0.8487 
        D435  2 0.1162 0.3466 0.0280 0.5092 
        D436  2 0.1397 0.0834 0.3001 0.4769 
        D438  2 0.0236 0.9121 0.0346 0.0297 
        D439  2 0.1469 0.1753 0.0445 0.6333 
        D449  2 0.0473 0.6115 0.0324 0.3088 
        D450  2 0.1029 0.0622 0.4568 0.3781 
        D456  2 0.0237 0.0187 0.0230 0.9346 
        D462  2 0.0266 0.8827 0.0182 0.0725 
        D463  2 0.0232 0.0203 0.0335 0.9231 
        D464  2 0.0466 0.1626 0.1389 0.6519 
        D465  2 0.1010 0.3463 0.0497 0.5030 
        D473  2 0.1327 0.0745 0.7334 0.0594 
        D474  2 0.1106 0.2612 0.0684 0.5599 
        D476  2 0.6436 0.1533 0.0289 0.1742 
        D477  2 0.0684 0.0756 0.1282 0.7278 
        D478  2 0.2069 0.0898 0.4072 0.2961 
        D480  2 0.0471 0.3148 0.1254 0.5127 
        D481  2 0.1749 0.1425 0.1510 0.5316 
        D482  2 0.2214 0.3342 0.3518 0.0927 
        D483  2 0.0301 0.8846 0.0602 0.0250 
        D484  2 0.1260 0.3412 0.3754 0.1574 
        D510  2 0.0292 0.0770 0.8569 0.0370 
        D511  2 0.0795 0.1640 0.0461 0.7104 
        D512  2 0.6292 0.1740 0.0577 0.1391 
        D513  2 0.0990 0.5684 0.0884 0.2441 
        D635  2 0.1124 0.0365 0.0303 0.8207 
        D636  2 0.8895 0.0230 0.0300 0.0575 
        D637  2 0.1339 0.4874 0.2310 0.1477 
        D658  2 0.1071 0.6478 0.1982 0.0469 
        D659  2 0.0510 0.0572 0.0420 0.8498 
        D677  2 0.3411 0.2192 0.0914 0.3484 
        D678  2 0.0859 0.7656 0.0878 0.0607 
        D679  2 0.0522 0.1985 0.0823 0.6671 
        D719  2 0.0321 0.3144 0.3794 0.2741 
        D720  2 0.0695 0.0656 0.1723 0.6926 
        D721  2 0.5049 0.1382 0.0490 0.3078 
        D722  2 0.0482 0.0491 0.8620 0.0407 
        D734  2 0.0302 0.2824 0.5379 0.1494 
        D735  2 0.1508 0.1374 0.1278 0.5841 
        D736  2 0.0947 0.3082 0.3693 0.2278 
        D737  2 0.1262 0.7396 0.0871 0.0471 
        D807  2 0.1065 0.1890 0.4386 0.2659 
        D808  2 0.4211 0.2395 0.0591 0.2802 
        D817  2 0.0784 0.0634 0.2592 0.5990 
        D818  2 0.0956 0.5312 0.0509 0.3223 
        D819  2 0.2103 0.0648 0.1068 0.6181 
        D820  2 0.0337 0.0771 0.0508 0.8384 
        D895  2 0.1411 0.0575 0.0661 0.7353 
        D896  2 0.8779 0.0237 0.0662 0.0322 
        D897  2 0.0869 0.7673 0.0782 0.0676 
        D898  2 0.1940 0.1359 0.3551 0.3150 
        D918  2 0.4609 0.2898 0.1382 0.1111 
        D919  2 0.0507 0.2576 0.0453 0.6464 
        D920  2 0.8923 0.0318 0.0458 0.0301 
        D923  2 0.0304 0.0293 0.0451 0.8953 
        D930  2 0.0954 0.1053 0.2448 0.5545 
        D931  2 0.0745 0.1927 0.1359 0.5970 
        D968  2 0.0206 0.9250 0.0200 0.0345 
        D969  2 0.0660 0.3865 0.0759 0.4715 
        D977  2 0.0561 0.8217 0.0306 0.0916 
        D978  2 0.0520 0.6353 0.1721 0.1407 
        D211  3 0.7314 0.0574 0.0484 0.1628 
     D229639  3 0.0533 0.7364 0.1325 0.0777 
     D237212  3 0.1849 0.3648 0.1029 0.3474 
     D237213  3 0.5250 0.1221 0.0847 0.2682 
     D237214  3 0.5902 0.0358 0.0839 0.2901 
     D237215  3 0.0246 0.7710 0.1795 0.0248 
     D237216  3 0.3150 0.3313 0.0918 0.2618 
     D237217  3 0.7209 0.0710 0.0252 0.1828 
     D237218  3 0.1597 0.6021 0.0638 0.1744 
     D237219  3 0.6751 0.1112 0.1683 0.0454 
     D237382  3 0.2735 0.0931 0.4567 0.1768 
     D244127  3 0.7615 0.1306 0.0517 0.0562 
     D244129  3 0.3632 0.1493 0.1082 0.3793 
     D244133  3 0.1601 0.2352 0.4185 0.1862 
     D244134  3 0.2265 0.4606 0.2321 0.0808 
     D244135  3 0.7177 0.0910 0.0363 0.1551 
     D244136  3 0.0906 0.1463 0.4764 0.2868 
        D416  3 0.2159 0.3396 0.0642 0.3802 
        D417  3 0.1526 0.0354 0.0590 0.7530 
        D419  3 0.3927 0.2622 0.1453 0.1998 
        D565  3 0.0298 0.0496 0.8322 0.0884 
        D566  3 0.0519 0.4432 0.3925 0.1124 
        D567  3 0.2020 0.0425 0.0638 0.6917 
        D568  3 0.3857 0.2287 0.0377 0.3479 
        D569  3 0.1689 0.4009 0.1664 0.2638 
        D573  3 0.0385 0.6624 0.0251 0.2740 
        D574  3 0.0793 0.0826 0.7185 0.1195 
        D575  3 0.3042 0.1927 0.3268 0.1763 
        D576  3 0.0298 0.8536 0.0964 0.0202 
        D577  3 0.1102 0.0584 0.1647 0.6666 
        D578  3 0.8936 0.0415 0.0230 0.0420 
        D579  3 0.1168 0.2940 0.2451 0.3440 
        D660  3 0.2470 0.6054 0.0744 0.0731 
        D661  3 0.0944 0.7954 0.0329 0.0772 
        D663  3 0.0380 0.7669 0.0591 0.1361 
        D664  3 0.4536 0.1910 0.3078 0.0477 
        D665  3 0.5768 0.2120 0.0626 0.1486 
        D666  3 0.3547 0.1155 0.3438 0.1861 
        D009  4 0.5528 0.0795 0.0788 0.2889 
        D057  4 0.3381 0.4630 0.0899 0.1090 
        D109  4 0.7512 0.0424 0.1025 0.1038 
     D237222  4 0.7384 0.0531 0.1594 0.0490 
     D237223  4 0.6182 0.1514 0.1488 0.0817 
     D237224  4 0.0756 0.4802 0.0885 0.3557 
     D237225  4 0.3725 0.1372 0.1583 0.3320 
     D237299  4 0.5062 0.2032 0.1029 0.1878 
     D237300  4 0.0416 0.8564 0.0727 0.0292 
     D237306  4 0.1722 0.0604 0.6710 0.0964 
     D237307  4 0.1078 0.1441 0.4576 0.2905 
     D237308  4 0.1733 0.5915 0.1353 0.0999 
     D237309  4 0.3135 0.1123 0.0896 0.4846 
     D237317  4 0.0690 0.0510 0.6632 0.2168 
     D237318  4 0.0199 0.8951 0.0435 0.0415 
     D237319  4 0.5358 0.1244 0.1719 0.1679 
     D237320  4 0.5153 0.2773 0.0679 0.1394 
     D237321  4 0.0766 0.7527 0.0891 0.0817 
     D237397  4 0.3100 0.2915 0.3132 0.0854 
     D237398  4 0.0486 0.6200 0.0367 0.2946 
     D237399  4 0.1945 0.2554 0.3485 0.2016 
     D244001  4 0.7468 0.1113 0.0710 0.0709 
        D289  4 0.1029 0.2496 0.3001 0.3474 
        D290  4 0.1249 0.1960 0.4843 0.1948 
        D294  4 0.1084 0.2303 0.2281 0.4332 
        D295  4 0.3261 0.0939 0.2572 0.3228 
        D301  4 0.8044 0.0961 0.0740 0.0255 
        D302  4 0.0615 0.0363 0.0750 0.8272 
        D303  4 0.1020 0.1010 0.7259 0.0711 
        D304  4 0.0572 0.2338 0.5489 0.1601 
        D305  4 0.2413 0.4760 0.0370 0.2457 
        D306  4 0.0908 0.0854 0.6155 0.2083 
        D307  4 0.8434 0.0548 0.0742 0.0276 
        D327  4 0.0604 0.0730 0.1453 0.7213 
        D328  4 0.1200 0.0556 0.7433 0.0811 
        D329  4 0.2450 0.3986 0.1536 0.2028 
        D330  4 0.3661 0.0545 0.0529 0.5265 
        D331  4 0.1857 0.2298 0.3784 0.2061 
        D333  4 0.2461 0.2612 0.3742 0.1185 
        D334  4 0.0999 0.0625 0.6787 0.1588 
        D335  4 0.0573 0.0686 0.1409 0.7331 
        D370  4 0.2142 0.0517 0.6617 0.0724 
        D371  4 0.0359 0.0603 0.7529 0.1509 
        D372  4 0.0335 0.7859 0.1542 0.0263 
        D373  4 0.6971 0.1965 0.0343 0.0721 
        D455  4 0.8595 0.0529 0.0439 0.0436 
        D490  4 0.9137 0.0246 0.0324 0.0294 
        D497  4 0.8712 0.0473 0.0396 0.0418 
        D498  4 0.2484 0.1882 0.4658 0.0976 
        D499  4 0.0784 0.5546 0.2224 0.1446 
        D514  4 0.0809 0.0685 0.0718 0.7788 
        D515  4 0.6555 0.0606 0.1086 0.1753 
        D516  4 0.4281 0.1829 0.2047 0.1843 
        D517  4 0.8337 0.0798 0.0279 0.0587 
        D518  4 0.3355 0.1613 0.3148 0.1884 
        D519  4 0.6979 0.1570 0.0411 0.1040 
        D560  4 0.5091 0.2658 0.0431 0.1820 
        D561  4 0.1612 0.0581 0.0279 0.7529 
        D562  4 0.2812 0.1800 0.2988 0.2401 
        D563  4 0.1076 0.6013 0.0406 0.2505 
        D572  4 0.1726 0.1419 0.2092 0.4764 
        D629  4 0.1981 0.0613 0.0809 0.6597 
        D630  4 0.2582 0.1576 0.2733 0.3109 
        D631  4 0.1303 0.5432 0.1612 0.1653 
        D632  4 0.6708 0.1518 0.0484 0.1290 
        D646  4 0.4733 0.1456 0.0666 0.3145 
        D647  4 0.2979 0.1022 0.0496 0.5502 
        D648  4 0.0619 0.0461 0.8473 0.0447 
        D649  4 0.2628 0.0356 0.0580 0.6436 
        D650  4 0.2373 0.1336 0.3101 0.3190 
        D708  4 0.1220 0.0897 0.6439 0.1444 
        D709  4 0.1409 0.0887 0.6601 0.1103 
        D738  4 0.2764 0.0483 0.5601 0.1153 
        D739  4 0.5472 0.1150 0.1964 0.1414 
        D740  4 0.3208 0.3932 0.1928 0.0932 
        D741  4 0.3452 0.2696 0.0403 0.3448 
        D742  4 0.1016 0.6336 0.1559 0.1089 
        D743  4 0.0435 0.0876 0.0773 0.7915 
        D744  4 0.0690 0.2078 0.0516 0.6716 
        D745  4 0.7932 0.0679 0.0474 0.0914 
        D814  4 0.1096 0.6788 0.0575 0.1541 
        D815  4 0.1322 0.1137 0.2669 0.4872 
        D828  4 0.0771 0.1949 0.6874 0.0406 
        D845  4 0.0222 0.8668 0.0701 0.0409 
        D846  4 0.1262 0.3326 0.0455 0.4956 
        D847  4 0.2690 0.1907 0.2097 0.3306 
        D848  4 0.6489 0.2728 0.0317 0.0466 
        D849  4 0.7350 0.0718 0.0720 0.1212 
        D850  4 0.1810 0.1570 0.1253 0.5367 
        D856  4 0.5003 0.0803 0.1688 0.2506 
        D857  4 0.8528 0.0585 0.0704 0.0182 
        D859  4 0.1036 0.3291 0.1976 0.3697 
        D860  4 0.0473 0.3273 0.4390 0.1864 
        D883  4 0.3165 0.0771 0.2921 0.3143 
        D884  4 0.5526 0.0545 0.2576 0.1353 
        D885  4 0.1238 0.4935 0.0379 0.3448 
        D886  4 0.5560 0.1135 0.1361 0.1944 
        D887  4 0.1615 0.4642 0.1466 0.2277 
        D889  4 0.0487 0.4907 0.2672 0.1934 
        D890  4 0.1682 0.0973 0.5944 0.1401 
        D891  4 0.0181 0.9395 0.0186 0.0238 
        D899  4 0.0369 0.6203 0.2651 0.0777 
        D900  4 0.1666 0.1436 0.2442 0.4456 
        D970  4 0.1344 0.2044 0.1899 0.4713 
        D971  4 0.0916 0.5529 0.1089 0.2466 
        D979  4 0.0340 0.0831 0.1467 0.7362 
        D093  5 0.0720 0.1039 0.7686 0.0555 
        D154  5 0.0803 0.6415 0.1733 0.1050 
        D168  5 0.2724 0.4801 0.0620 0.1855 
        D189  5 0.0676 0.2408 0.6246 0.0670 
        D190  5 0.0320 0.0718 0.8469 0.0493 
     D237220  5 0.5386 0.1967 0.1594 0.1054 
     D237221  5 0.0881 0.3292 0.4542 0.1284 
     D237274  5 0.0555 0.0340 0.0420 0.8685 
     D237275  5 0.0495 0.8474 0.0668 0.0364 
     D237276  5 0.3518 0.0827 0.4645 0.1011 
     D237277  5 0.0522 0.2813 0.5867 0.0797 
     D237278  5 0.1850 0.4356 0.2887 0.0907 
     D237279  5 0.4542 0.0923 0.0319 0.4215 
     D237280  5 0.5805 0.0584 0.1445 0.2166 
     D237281  5 0.0243 0.8977 0.0228 0.0552 
     D237351  5 0.7658 0.0591 0.1203 0.0548 
     D237352  5 0.4807 0.0880 0.1701 0.2612 
     D237353  5 0.0364 0.0748 0.8508 0.0380 
     D237359  5 0.3851 0.3115 0.1319 0.1715 
     D237361  5 0.0429 0.0367 0.8836 0.0369 
     D237362  5 0.1105 0.1497 0.3938 0.3459 
     D237363  5 0.1264 0.3856 0.1423 0.3456 
     D237364  5 0.2108 0.3888 0.0682 0.3322 
     D237376  5 0.0415 0.0808 0.8450 0.0327 
     D237377  5 0.2335 0.0538 0.1081 0.6046 
     D237378  5 0.0680 0.1434 0.7586 0.0300 
     D237379  5 0.0956 0.1221 0.6840 0.0984 
     D237380  5 0.7540 0.0258 0.1660 0.0542 
     D237381  5 0.6246 0.0923 0.1728 0.1103 
     D237391  5 0.0773 0.1084 0.6903 0.1240 
     D237392  5 0.0915 0.1280 0.0787 0.7017 
     D237393  5 0.1678 0.0997 0.3546 0.3779 
     D237394  5 0.0413 0.0318 0.8341 0.0928 
     D237395  5 0.1703 0.1654 0.5891 0.0752 
     D237396  5 0.0749 0.0844 0.0676 0.7731 
     D244016  5 0.0560 0.1910 0.4448 0.3081 
     D244018  5 0.1402 0.5910 0.1750 0.0938 
     D244019  5 0.0617 0.2632 0.2128 0.4623 
        D279  5 0.0989 0.7346 0.0958 0.0708 
        D280  5 0.1068 0.2883 0.3316 0.2733 
        D281  5 0.0314 0.8219 0.0815 0.0651 
        D283  5 0.0523 0.1237 0.5433 0.2806 
        D284  5 0.5055 0.1964 0.1247 0.1734 
        D285  5 0.0741 0.1429 0.5953 0.1877 
        D286  5 0.1808 0.1243 0.5225 0.1724 
        D287  5 0.1010 0.0683 0.8004 0.0302 
        D288  5 0.0576 0.2869 0.3409 0.3145 
        D308  5 0.8289 0.0251 0.0449 0.1011 
        D309  5 0.0494 0.0311 0.0497 0.8698 
        D310  5 0.0319 0.0384 0.8947 0.0350 
        D311  5 0.0847 0.1290 0.5596 0.2267 
        D312  5 0.0826 0.0918 0.6204 0.2052 
        D313  5 0.9286 0.0185 0.0341 0.0188 
        D314  5 0.2588 0.4341 0.2290 0.0781 
        D315  5 0.1428 0.0728 0.4776 0.3068 
        D317  5 0.0357 0.0469 0.8646 0.0527 
        D318  5 0.1475 0.2211 0.1614 0.4700 
        D319  5 0.0394 0.0570 0.8719 0.0316 
        D320  5 0.0708 0.0687 0.7991 0.0614 
        D321  5 0.6746 0.0969 0.0977 0.1308 
        D336  5 0.0246 0.0279 0.9052 0.0422 
        D337  5 0.0207 0.0777 0.8705 0.0311 
        D338  5 0.2496 0.2563 0.2141 0.2800 
        D339  5 0.1275 0.1424 0.6803 0.0498 
        D347  5 0.0630 0.1506 0.5156 0.2708 
        D348  5 0.0218 0.0434 0.8798 0.0550 
        D349  5 0.8396 0.0400 0.0751 0.0453 
        D350  5 0.0882 0.1461 0.0655 0.7002 
        D355  5 0.0298 0.5797 0.0576 0.3329 
        D356  5 0.1466 0.0790 0.5088 0.2656 
        D357  5 0.1458 0.1423 0.5359 0.1760 
        D358  5 0.1063 0.1136 0.5005 0.2796 
        D359  5 0.0545 0.0379 0.4870 0.4207 
        D360  5 0.1097 0.0422 0.6859 0.1622 
        D361  5 0.8942 0.0337 0.0338 0.0383 
        D366  5 0.0726 0.2938 0.0418 0.5918 
        D367  5 0.0789 0.0541 0.8327 0.0344 
        D368  5 0.2979 0.1058 0.3588 0.2375 
        D380  5 0.0955 0.1026 0.0532 0.7486 
        D381  5 0.0732 0.1372 0.6279 0.1616 
        D400  5 0.0775 0.2923 0.5538 0.0765 
        D411  5 0.9019 0.0359 0.0251 0.0371 
        D412  5 0.2228 0.3382 0.2928 0.1463 
        D413  5 0.0471 0.7628 0.0482 0.1418 
        D414  5 0.0775 0.6429 0.0700 0.2096 
        D420  5 0.3317 0.2349 0.2734 0.1599 
        D431  5 0.1952 0.3091 0.4454 0.0503 
        D432  5 0.1888 0.1937 0.5143 0.1031 
        D433  5 0.0684 0.1802 0.6906 0.0608 
        D434  5 0.1092 0.0669 0.6806 0.1434 
        D440  5 0.0992 0.0807 0.0716 0.7485 
        D447  5 0.1087 0.0590 0.0410 0.7913 
        D448  5 0.0303 0.0716 0.8224 0.0757 
        D459  5 0.0342 0.7671 0.0499 0.1488 
        D460  5 0.7288 0.0448 0.0770 0.1494 
        D461  5 0.0295 0.0606 0.0645 0.8453 
        D468  5 0.1286 0.0783 0.4348 0.3583 
        D469  5 0.2101 0.0818 0.1646 0.5435 
        D470  5 0.4255 0.0800 0.3385 0.1560 
        D471  5 0.0405 0.1003 0.7668 0.0924 
        D472  5 0.0360 0.2104 0.0320 0.7215 
        D479  5 0.0461 0.8424 0.0575 0.0541 
        D485  5 0.1432 0.1269 0.5856 0.1444 
        D486  5 0.2420 0.0628 0.4293 0.2659 
        D487  5 0.0700 0.6691 0.2206 0.0403 
        D555  5 0.0292 0.0965 0.8415 0.0328 
        D556  5 0.1012 0.3050 0.4730 0.1208 
        D557  5 0.0282 0.0712 0.8400 0.0607 
        D564  5 0.1916 0.0887 0.5523 0.1674 
        D594  5 0.0941 0.1245 0.4127 0.3687 
        D595  5 0.1198 0.1835 0.4141 0.2826 
        D596  5 0.0323 0.0563 0.8710 0.0403 
        D597  5 0.0484 0.4193 0.3528 0.1795 
        D598  5 0.2587 0.1248 0.4978 0.1187 
        D617  5 0.7417 0.1669 0.0408 0.0506 
        D618  5 0.1035 0.2638 0.5017 0.1310 
        D619  5 0.2499 0.0796 0.3218 0.3487 
        D620  5 0.0308 0.9100 0.0278 0.0315 
        D628  5 0.3343 0.1458 0.3027 0.2173 
        D714  5 0.0632 0.3916 0.4751 0.0701 
        D715  5 0.0505 0.2138 0.5677 0.1680 
        D716  5 0.0558 0.2423 0.4644 0.2375 
        D717  5 0.1803 0.1136 0.2468 0.4593 
        D718  5 0.3209 0.1114 0.5187 0.0491 
        D769  5 0.7077 0.1673 0.0579 0.0670 
        D770  5 0.0821 0.5207 0.2649 0.1323 
        D771  5 0.1750 0.4702 0.2509 0.1039 
        D772  5 0.0919 0.0856 0.6663 0.1562 
        D782  5 0.2818 0.2665 0.0665 0.3851 
        D783  5 0.0854 0.6447 0.1654 0.1045 
        D784  5 0.0735 0.0818 0.0975 0.7473 
        D785  5 0.0778 0.0451 0.8120 0.0651 
        D786  5 0.6320 0.0663 0.0727 0.2289 
        D821  5 0.0194 0.0311 0.9242 0.0252 
        D822  5 0.0434 0.0947 0.3160 0.5459 
        D826  5 0.0653 0.4349 0.4031 0.0966 
        D827  5 0.0749 0.1125 0.0907 0.7219 
        D851  5 0.1300 0.1654 0.2049 0.4997 
        D852  5 0.1586 0.5527 0.2181 0.0705 
        D853  5 0.1163 0.1640 0.5841 0.1356 
        D854  5 0.1472 0.2830 0.1126 0.4572 
        D861  5 0.2386 0.3070 0.2728 0.1816 
        D862  5 0.0553 0.0450 0.5601 0.3396 
        D865  5 0.0642 0.1089 0.7827 0.0442 
        D868  5 0.1356 0.0983 0.1624 0.6037 
        D869  5 0.8323 0.0354 0.0558 0.0765 
        D870  5 0.0611 0.0561 0.0311 0.8516 
        D907  5 0.0961 0.0501 0.8134 0.0404 
        D908  5 0.0813 0.6437 0.2337 0.0414 
        D910  5 0.0548 0.3658 0.4794 0.1001 
        D911  5 0.0299 0.6853 0.0557 0.2291 
        D934  5 0.0517 0.6063 0.1646 0.1775 
        D946  5 0.1774 0.4428 0.3058 0.0741 
        D947  5 0.1411 0.2041 0.2001 0.4546 
        D948  5 0.7832 0.0351 0.1157 0.0660 
        D949  5 0.8336 0.0272 0.0843 0.0548 
        D950  5 0.0310 0.7643 0.0530 0.1518 
        D951  5 0.0480 0.0358 0.1055 0.8107 
        D952  5 0.0976 0.1077 0.1985 0.5962 
        D953  5 0.0836 0.1079 0.6914 0.1171 
        D954  5 0.0535 0.0541 0.2863 0.6061 
        D961  5 0.1727 0.1523 0.6084 0.0666 
        D962  5 0.0297 0.0251 0.8516 0.0937 
        D963  5 0.0536 0.1384 0.4322 0.3758 
        D964  5 0.3123 0.3048 0.2122 0.1708 
        D965  5 0.1534 0.2222 0.3394 0.2849 
        D966  5 0.0671 0.2269 0.4417 0.2643 
        D967  5 0.2097 0.3650 0.3285 0.0968 
        D991  5 0.3780 0.0773 0.3735 0.1711 
        D502  6 0.2771 0.4225 0.0883 0.2120 
        D503  6 0.3383 0.5514 0.0533 0.0571 
        D504  6 0.1212 0.1697 0.1496 0.5595 
        D505  6 0.1148 0.1996 0.4245 0.2611 
        D506  6 0.0253 0.0246 0.8930 0.0572 
        D507  6 0.1698 0.5491 0.0874 0.1937 
        D508  6 0.0801 0.1790 0.1660 0.5749 
        D529  6 0.3452 0.1610 0.2435 0.2503 
        D530  6 0.1575 0.0879 0.7094 0.0451 
        D531  6 0.1607 0.1423 0.2748 0.4221 
        D532  6 0.0595 0.0752 0.5448 0.3204 
        D534  6 0.7744 0.0609 0.0429 0.1217 
        D535  6 0.0927 0.0396 0.6262 0.2414 
        D536  6 0.1293 0.7732 0.0398 0.0577 
        D554  6 0.1507 0.0784 0.6798 0.0910 
        D587  6 0.0541 0.0836 0.7449 0.1174 
        D588  6 0.0717 0.0728 0.3809 0.4747 
        D589  6 0.1688 0.5338 0.1974 0.0999 
        D590  6 0.0749 0.8032 0.0620 0.0599 
        D591  6 0.1464 0.3658 0.1965 0.2914 
        D592  6 0.8195 0.0577 0.0598 0.0630 
        D593  6 0.0719 0.0621 0.8235 0.0425 
        D682  6 0.0683 0.0919 0.7640 0.0758 
        D683  6 0.0906 0.0600 0.2136 0.6358 
        D684  6 0.3287 0.4802 0.0269 0.1642 
        D685  6 0.2035 0.4211 0.2560 0.1194 
        D686  6 0.0491 0.0403 0.8389 0.0716 
        D724  6 0.1878 0.1600 0.1013 0.5509 
        D725  6 0.1108 0.3108 0.4508 0.1276 
        D726  6 0.0437 0.0318 0.8695 0.0550 
        D727  6 0.1165 0.3627 0.1676 0.3532 
        D728  6 0.0855 0.0512 0.7551 0.1082 
        D729  6 0.4071 0.1404 0.0363 0.4161 
        D730  6 0.3782 0.3254 0.0940 0.2024 
        D731  6 0.0267 0.3243 0.6214 0.0276 
        D732  6 0.1365 0.1141 0.1624 0.5871 
        D733  6 0.3219 0.1728 0.2948 0.2105 
     D237251  7 0.0968 0.6336 0.2160 0.0536 
     D237252  7 0.5476 0.2838 0.0669 0.1017 
     D237253  7 0.0728 0.5254 0.2559 0.1460 
     D237254  7 0.8551 0.0417 0.0304 0.0729 
     D237255  7 0.0468 0.7874 0.1087 0.0571 
     D237256  7 0.0395 0.6225 0.0995 0.2385 
     D237257  7 0.4444 0.1349 0.0873 0.3334 
     D237282  7 0.1411 0.0791 0.0363 0.7435 
     D237283  7 0.8962 0.0526 0.0254 0.0258 
     D237284  7 0.8436 0.0465 0.0327 0.0772 
     D237285  7 0.0906 0.1874 0.6073 0.1148 
     D237286  7 0.0885 0.1971 0.2246 0.4898 
     D237287  7 0.1094 0.4790 0.0770 0.3346 
     D244006  7 0.8563 0.0372 0.0313 0.0753 
     D244007  7 0.0956 0.4733 0.0744 0.3566 
     D244008  7 0.8589 0.0403 0.0644 0.0364 
     D244009  7 0.7212 0.0629 0.1206 0.0954 
     D244010  7 0.4681 0.1885 0.1428 0.2006 
     D244011  7 0.1564 0.3213 0.4350 0.0872 
     D244012  7 0.2084 0.4074 0.0904 0.2938 
     D244013  7 0.1137 0.5269 0.2460 0.1134 
     D244014  7 0.3799 0.3886 0.1084 0.1231 
     D244015  7 0.5216 0.0981 0.0522 0.3281 
     D244125  7 0.0683 0.3450 0.2790 0.3077 
     D244126  7 0.9292 0.0237 0.0185 0.0287 
     D244130  7 0.4489 0.1685 0.2049 0.1777 
     D244131  7 0.1923 0.1530 0.3265 0.3283 
     D244132  7 0.0869 0.0587 0.4629 0.3916 
        D520  7 0.3004 0.0699 0.4146 0.2152 
        D521  7 0.2889 0.1469 0.2774 0.2869 
        D522  7 0.6299 0.0798 0.0649 0.2255 
        D523  7 0.0576 0.8003 0.0858 0.0563 
        D524  7 0.2222 0.4485 0.2298 0.0995 
        D525  7 0.5600 0.3284 0.0516 0.0601 
        D526  7 0.8354 0.0432 0.0254 0.0960 
        D527  7 0.2099 0.2288 0.1840 0.3772 
        D528  7 0.0474 0.0291 0.0209 0.9026 
        D558  7 0.2338 0.2006 0.0758 0.4899 
        D559  7 0.1880 0.2814 0.0459 0.4847 
        D640  7 0.1409 0.3138 0.3464 0.1989 
        D641  7 0.2213 0.3057 0.4199 0.0531 
        D642  7 0.5786 0.1979 0.1052 0.1182 
        D644  7 0.3313 0.1314 0.4003 0.1370 
        D645  7 0.2880 0.4126 0.1801 0.1194 
        D662  7 0.6040 0.0294 0.1225 0.2441 
        D687  7 0.1866 0.4930 0.1435 0.1769 
        D688  7 0.2513 0.1830 0.0666 0.4991 
        D689  7 0.1156 0.2423 0.3892 0.2530 
        D700  7 0.0235 0.0211 0.0186 0.9368 
        D797  7 0.1998 0.2540 0.2987 0.2475 
        D798  7 0.7514 0.0465 0.0491 0.1530 
        D799  7 0.1866 0.6786 0.0600 0.0749 
        D800  7 0.1522 0.1247 0.0433 0.6798 
        D132  8 0.8919 0.0255 0.0380 0.0446 
        D133  8 0.0767 0.8846 0.0184 0.0203 
        D200  8 0.1089 0.3261 0.4471 0.1180 
        D500  8 0.9114 0.0192 0.0357 0.0337 
        D614  8 0.1831 0.0672 0.6636 0.0861 
        D723  8 0.4014 0.1799 0.0777 0.3410 
        D888  8 0.0447 0.8487 0.0417 0.0649 
        D901  8 0.5621 0.1972 0.1865 0.0542 
        D902  8 0.0819 0.0557 0.8026 0.0598 
        D903  8 0.0489 0.0853 0.2146 0.6512 
        D904  8 0.2492 0.1365 0.1758 0.4385 
        D905  8 0.0297 0.7826 0.1625 0.0253 
        D906  8 0.1302 0.6185 0.0424 0.2089 
        D937  8 0.0464 0.0691 0.8607 0.0237 
        D943  8 0.4456 0.2073 0.1068 0.2403 
        D972  8 0.5162 0.1145 0.0906 0.2786 
        D973  8 0.2426 0.0557 0.1013 0.6004 
        D974  8 0.2567 0.1739 0.4047 0.1647 
        D975  8 0.1143 0.1897 0.5912 0.1048 
        D976  8 0.2598 0.3160 0.2919 0.1323 
        D201  9 0.1683 0.5909 0.0799 0.1609 
        D202  9 0.1750 0.4973 0.2641 0.0636 
     D237259  9 0.1262 0.0912 0.0293 0.7533 
     D237260  9 0.2838 0.5996 0.0782 0.0384 
     D237262  9 0.9070 0.0215 0.0321 0.0394 
     D237263  9 0.6241 0.2104 0.0597 0.1057 
     D237264  9 0.3751 0.1691 0.3002 0.1556 
     D237265  9 0.0883 0.7982 0.0681 0.0454 
     D237266  9 0.2974 0.5831 0.0396 0.0799 
     D237267  9 0.1720 0.1407 0.4632 0.2241 
     D237268  9 0.5799 0.0686 0.1615 0.1900 
     D237289  9 0.1336 0.4932 0.3283 0.0449 
     D237290  9 0.0494 0.8871 0.0301 0.0335 
     D237291  9 0.0904 0.7724 0.0879 0.0494 
     D237292  9 0.2957 0.6076 0.0434 0.0533 
     D237293  9 0.3574 0.1192 0.3800 0.1433 
     D237294  9 0.7193 0.1726 0.0876 0.0205 
     D237295  9 0.2380 0.0437 0.2840 0.4342 
     D237296  9 0.2694 0.2890 0.2926 0.1490 
     D237297  9 0.0869 0.0784 0.7667 0.0679 
     D237298  9 0.3172 0.3038 0.1309 0.2481 
     D237341  9 0.1647 0.5183 0.1170 0.2000 
     D237342  9 0.7297 0.0900 0.1115 0.0688 
     D237343  9 0.5111 0.3009 0.0586 0.1293 
     D237344  9 0.0758 0.1758 0.6668 0.0815 
     D237345  9 0.8847 0.0480 0.0237 0.0435 
     D237346  9 0.1693 0.5754 0.1998 0.0554 
     D237347  9 0.0907 0.2321 0.5965 0.0808 
     D237348  9 0.3645 0.2180 0.2672 0.1503 
     D237349  9 0.2179 0.3240 0.0350 0.4231 
     D244109  9 0.1587 0.6442 0.0200 0.1771 
     D244110  9 0.0816 0.7655 0.0494 0.1035 
     D244111  9 0.1907 0.3677 0.1715 0.2701 
     D244128  9 0.8492 0.0551 0.0553 0.0404 
     D244137  9 0.2019 0.1022 0.1004 0.5955 
     D244138  9 0.2069 0.4602 0.2501 0.0828 
        D580  9 0.5212 0.0444 0.1364 0.2980 
        D581  9 0.0691 0.8625 0.0345 0.0339 
        D582  9 0.9014 0.0241 0.0423 0.0322 
        D583  9 0.1446 0.7913 0.0353 0.0288 
        D584  9 0.2317 0.0618 0.6519 0.0546 
        D585  9 0.6095 0.2576 0.0465 0.0864 
        D586  9 0.0423 0.8488 0.0634 0.0454 
        D651  9 0.1493 0.2301 0.2066 0.4140 
        D652  9 0.5035 0.1336 0.0342 0.3288 
        D653  9 0.0678 0.4336 0.0678 0.4308 
        D654  9 0.2068 0.3670 0.0590 0.3672 
        D655  9 0.0887 0.3497 0.3834 0.1783 
        D656  9 0.8140 0.0454 0.0687 0.0718 
        D657  9 0.4308 0.2050 0.2072 0.1570 
        D667  9 0.0565 0.1943 0.6685 0.0807 
        D668  9 0.6284 0.1763 0.1081 0.0872 
        D669  9 0.1604 0.6271 0.0911 0.1214 
        D670  9 0.0580 0.0547 0.0715 0.8158 
        D671  9 0.1158 0.7399 0.0639 0.0804 
        D672  9 0.7422 0.1341 0.0508 0.0729 
        D673  9 0.4033 0.1729 0.2839 0.1399 
        D692  9 0.5945 0.2535 0.0475 0.1045 
        D693  9 0.2394 0.1479 0.4120 0.2008 
        D694  9 0.8003 0.0457 0.1030 0.0510 
        D695  9 0.5468 0.0941 0.0903 0.2687 
        D696  9 0.0179 0.0197 0.9382 0.0241 
        D697  9 0.1263 0.2396 0.4914 0.1427 
        D698  9 0.0974 0.4070 0.4354 0.0602 
        D699  9 0.1192 0.1184 0.7197 0.0427 
        D787  9 0.3268 0.1558 0.0522 0.4652 
        D788  9 0.1351 0.0401 0.7219 0.1030 
        D789  9 0.2855 0.1954 0.4581 0.0610 
        D790  9 0.2825 0.2948 0.1243 0.2984 
        D791  9 0.1065 0.5691 0.2634 0.0610 
        D792  9 0.2668 0.2736 0.0588 0.4008 
        D793  9 0.0733 0.1396 0.5398 0.2473 
        D794  9 0.1177 0.1450 0.3868 0.3505 
        D795  9 0.7390 0.0631 0.1606 0.0373 
        D796  9 0.1190 0.6464 0.1327 0.1018 
        D142 10 0.0608 0.1301 0.6070 0.2021 
        D143 10 0.0751 0.7398 0.1329 0.0522 
        D144 10 0.2221 0.1094 0.3388 0.3297 
        D145 10 0.0619 0.8545 0.0412 0.0424 
        D146 10 0.6785 0.0522 0.1358 0.1335 
        D147 10 0.3410 0.1581 0.1308 0.3702 
        D148 10 0.0436 0.0491 0.0708 0.8365 
        D149 10 0.0602 0.8230 0.0437 0.0731 
        D151 10 0.1428 0.2475 0.0887 0.5209 
        D152 10 0.0283 0.9119 0.0295 0.0303 
        D153 10 0.1041 0.0541 0.4150 0.4269 
        D156 10 0.0857 0.1818 0.0860 0.6464 
        D157 10 0.1824 0.0722 0.6802 0.0652 
        D158 10 0.1697 0.3464 0.4288 0.0550 
        D159 10 0.0285 0.8941 0.0424 0.0350 
        D160 10 0.0418 0.7147 0.2185 0.0251 
        D161 10 0.1409 0.1979 0.2109 0.4503 
        D162 10 0.0567 0.2374 0.2017 0.5042 
        D169 10 0.8224 0.0724 0.0425 0.0627 
        D170 10 0.7442 0.0380 0.1267 0.0912 
        D171 10 0.1279 0.0670 0.5897 0.2155 
        D172 10 0.3365 0.2290 0.1663 0.2682 
        D173 10 0.0514 0.8623 0.0209 0.0654 
        D181 10 0.0737 0.1958 0.5290 0.2015 
        D182 10 0.1705 0.5525 0.0608 0.2163 
        D183 10 0.0667 0.0450 0.8326 0.0556 
        D184 10 0.8823 0.0160 0.0208 0.0809 
        D185 10 0.1543 0.0960 0.1231 0.6266 
        D186 10 0.8380 0.0879 0.0312 0.0428 
        D194 10 0.6217 0.0838 0.1218 0.1726 
        D195 10 0.0878 0.4255 0.2979 0.1888 
        D196 10 0.0404 0.4245 0.1862 0.3489 
        D197 10 0.7356 0.1605 0.0661 0.0378 
        D198 10 0.1353 0.0416 0.1935 0.6296 
     D237226 10 0.1789 0.6695 0.0327 0.1189 
     D237232 10 0.1283 0.3859 0.3922 0.0936 
     D237233 10 0.1386 0.6373 0.1845 0.0395 
     D237234 10 0.1393 0.2002 0.5205 0.1400 
     D237354 10 0.0244 0.9169 0.0297 0.0290 
     D237355 10 0.0632 0.7852 0.0854 0.0662 
     D237356 10 0.1194 0.0426 0.4944 0.3436 
     D237357 10 0.3075 0.4570 0.1281 0.1074 
     D237358 10 0.3210 0.1305 0.0648 0.4837 
     D237369 10 0.7703 0.0613 0.0264 0.1420 
     D237370 10 0.0453 0.1071 0.7974 0.0501 
     D237371 10 0.2075 0.0803 0.0752 0.6370 
     D237372 10 0.4151 0.4153 0.0439 0.1257 
     D237373 10 0.0543 0.3453 0.5101 0.0903 
     D237374 10 0.0351 0.7442 0.1757 0.0450 
     D237375 10 0.1522 0.3267 0.1296 0.3915 
     D237400 10 0.0200 0.9266 0.0300 0.0234 
     D244002 10 0.3500 0.1250 0.0544 0.4706 
     D244003 10 0.0991 0.5699 0.3115 0.0196 
     D244004 10 0.0682 0.0275 0.8843 0.0200 
     D244005 10 0.2548 0.6202 0.0469 0.0781 
     D244020 10 0.1097 0.1218 0.3849 0.3836 
     D244021 10 0.4851 0.3389 0.0981 0.0779 
     D244116 10 0.6079 0.1081 0.1373 0.1467 
     D244117 10 0.0952 0.5013 0.3349 0.0685 
     D244121 10 0.1784 0.2074 0.5732 0.0411 
     D244123 10 0.1025 0.2720 0.5333 0.0923 
     D244124 10 0.5550 0.2590 0.1487 0.0373 
        D332 10 0.0609 0.0724 0.1355 0.7312 
        D570 10 0.0558 0.0451 0.8183 0.0808 
        D602 10 0.0749 0.0789 0.0883 0.7579 
        D603 10 0.1953 0.2418 0.4790 0.0838 
        D604 10 0.0635 0.4160 0.1150 0.4054 
        D605 10 0.2359 0.1598 0.1290 0.4753 
        D606 10 0.6442 0.0520 0.2420 0.0618 
        D607 10 0.0409 0.0442 0.0367 0.8782 
        D608 10 0.0209 0.9023 0.0206 0.0561 
        D609 10 0.0853 0.0406 0.7187 0.1554 
        D610 10 0.1024 0.1671 0.3925 0.3380 
        D611 10 0.0216 0.0179 0.9449 0.0155 
        D613 10 0.0739 0.1366 0.2987 0.4909 
        D633 10 0.1520 0.1575 0.0552 0.6353 
        D634 10 0.1225 0.1235 0.5464 0.2077 
        D638 10 0.0348 0.8943 0.0426 0.0283 
        D681 10 0.3394 0.1187 0.4470 0.0948 
        D754 10 0.4497 0.0845 0.4355 0.0304 
        D755 10 0.0473 0.5921 0.3407 0.0198 
        D756 10 0.1711 0.1169 0.6490 0.0629 
        D757 10 0.2813 0.4264 0.1074 0.1849 
        D758 10 0.3338 0.2325 0.2632 0.1706 
        D759 10 0.0945 0.5905 0.2524 0.0626 
        D760 10 0.1068 0.3545 0.3788 0.1598 
        D761 10 0.0246 0.9114 0.0442 0.0198 
        D762 10 0.0515 0.0553 0.0574 0.8358 
        D775 10 0.1159 0.2603 0.5959 0.0279 
        D776 10 0.0395 0.8626 0.0657 0.0322 
        D777 10 0.2156 0.3171 0.3886 0.0786 
        D778 10 0.2038 0.7255 0.0305 0.0403 
        D779 10 0.3590 0.1316 0.4588 0.0507 
        D780 10 0.0971 0.5966 0.1873 0.1190 
        D781 10 0.0985 0.1497 0.1557 0.5962 
        D858 10 0.8964 0.0528 0.0199 0.0309 
        D933 10 0.0485 0.2237 0.1713 0.5565 
        D038 11 0.1859 0.5333 0.0956 0.1852 
        D063 11 0.1226 0.4537 0.3513 0.0724 
        D155 11 0.1420 0.3486 0.3259 0.1834 
        D175 11 0.2533 0.0609 0.6381 0.0478 
        D176 11 0.0641 0.6883 0.2123 0.0353 
        D205 11 0.1894 0.0233 0.7435 0.0439 
     D237229 11 0.2640 0.3064 0.0390 0.3906 
     D237230 11 0.1715 0.1420 0.0440 0.6425 
     D237231 11 0.0677 0.1139 0.0998 0.7186 
     D237269 11 0.1627 0.3746 0.1263 0.3364 
     D237270 11 0.7947 0.0703 0.0370 0.0980 
     D237271 11 0.1532 0.0644 0.6568 0.1256 
     D237272 11 0.2921 0.1470 0.0531 0.5078 
     D237273 11 0.0602 0.1611 0.7264 0.0523 
     D237301 11 0.0634 0.0766 0.1894 0.6705 
     D237302 11 0.5788 0.1860 0.1001 0.1350 
     D237303 11 0.5288 0.1916 0.0330 0.2465 
     D237304 11 0.3032 0.1666 0.2618 0.2684 
     D237305 11 0.7623 0.0916 0.0989 0.0472 
     D237314 11 0.2260 0.2677 0.3782 0.1281 
     D237315 11 0.6602 0.0888 0.0748 0.1763 
     D237316 11 0.0468 0.0415 0.1847 0.7270 
     D237328 11 0.2216 0.0392 0.2977 0.4415 
     D237329 11 0.2787 0.4575 0.1221 0.1416 
     D237330 11 0.0680 0.1740 0.7232 0.0348 
     D237331 11 0.1034 0.2930 0.3805 0.2231 
     D237332 11 0.1733 0.1093 0.3741 0.3433 
     D237333 11 0.0298 0.5795 0.3169 0.0737 
     D237334 11 0.0633 0.0618 0.1054 0.7696 
     D237335 11 0.2877 0.0714 0.4220 0.2190 
     D237336 11 0.1621 0.5668 0.1683 0.1028 
     D237350 11 0.0688 0.1303 0.6996 0.1013 
     D237383 11 0.3957 0.3170 0.2123 0.0750 
     D237384 11 0.2848 0.0811 0.0709 0.5632 
     D237385 11 0.3167 0.2640 0.1821 0.2372 
     D237386 11 0.1273 0.1653 0.2415 0.4659 
     D237387 11 0.2521 0.0516 0.1598 0.5365 
     D237388 11 0.0367 0.0472 0.8453 0.0708 
        D239 11 0.0758 0.2873 0.4405 0.1963 
        D240 11 0.0815 0.8377 0.0394 0.0415 
        D241 11 0.0363 0.0674 0.0384 0.8578 
        D242 11 0.1276 0.2662 0.1250 0.4812 
        D243 11 0.1432 0.2232 0.5030 0.1305 
        D244 11 0.1278 0.0390 0.7836 0.0496 
