        D174  1 0.1535 0.5383 0.0898 0.0618 0.1566 
        D199  1 0.2619 0.2294 0.1077 0.2827 0.1182 
        D203  1 0.1854 0.1415 0.1918 0.2716 0.2098 
        D204  1 0.3809 0.0624 0.3398 0.0664 0.1505 
     D237366  1 0.1380 0.0570 0.2541 0.0764 0.4744 
     D237367  1 0.3480 0.0602 0.1045 0.0669 0.4204 
     D237368  1 0.2095 0.1589 0.0661 0.0758 0.4898 
     D244101  1 0.2723 0.0369 0.4622 0.1771 0.0515 
     D244102  1 0.1716 0.1566 0.3558 0.1127 0.2034 
     D244103  1 0.5419 0.0873 0.0803 0.0570 0.2336 
     D244104  1 0.3274 0.3191 0.0565 0.1123 0.1847 
     D244105  1 0.2429 0.0381 0.1215 0.0438 0.5538 
     D244106  1 0.1036 0.5423 0.0644 0.2084 0.0813 
     D244107  1 0.3139 0.0811 0.0733 0.0904 0.4412 
     D244108  1 0.0689 0.6353 0.0972 0.0628 0.1358 
     D244113  1 0.0797 0.4885 0.3163 0.0645 0.0510 
     D244114  1 0.3246 0.1367 0.2751 0.1429 0.1206 
     D244115  1 0.1917 0.5618 0.0472 0.0487 0.1505 
     D267365  1 0.2153 0.4125 0.1537 0.0812 0.1374 
        D404  1 0.0865 0.4690 0.3184 0.0675 0.0586 
        D405  1 0.1651 0.1982 0.3658 0.1436 0.1273 
        D406  1 0.0531 0.0612 0.0582 0.0242 0.8034 
        D407  1 0.5461 0.0402 0.0297 0.0772 0.3067 
        D408  1 0.1245 0.6514 0.0793 0.0977 0.0471 
        D409  1 0.6999 0.0733 0.0689 0.0554 0.1025 
        D410  1 0.1064 0.5083 0.0478 0.0179 0.3196 
        D421  1 0.5814 0.0729 0.0273 0.0811 0.2372 
        D422  1 0.1110 0.0306 0.0206 0.0314 0.8064 
        D423  1 0.1475 0.2997 0.0374 0.0488 0.4666 
        D424  1 0.6342 0.0526 0.0427 0.0219 0.2485 
        D425  1 0.3255 0.3225 0.1675 0.0598 0.1248 
        D426  1 0.7411 0.0387 0.0271 0.1155 0.0777 
        D427  1 0.0983 0.1874 0.0267 0.6035 0.0841 
        D428  1 0.3222 0.2536 0.1524 0.0601 0.2116 
        D429  1 0.2651 0.3372 0.0948 0.0838 0.2191 
        D430  1 0.3477 0.1835 0.0824 0.2461 0.1403 
        D491  1 0.1280 0.7417 0.0574 0.0282 0.0448 
        D492  1 0.3598 0.1690 0.1311 0.0694 0.2708 
        D537  1 0.4199 0.0674 0.2207 0.0341 0.2580 
        D538  1 0.2750 0.2341 0.1398 0.0865 0.2646 
        D539  1 0.0889 0.3298 0.1708 0.2125 0.1979 
        D540  1 0.5193 0.1511 0.0630 0.0639 0.2028 
        D541  1 0.5405 0.0826 0.0498 0.0595 0.2676 
        D551  1 0.3737 0.0541 0.0531 0.3937 0.1254 
        D552  1 0.2090 0.4542 0.0609 0.0698 0.2060 
        D553  1 0.6365 0.0715 0.0527 0.0398 0.1996 
        D615  1 0.2385 0.2642 0.0540 0.1896 0.2536 
        D616  1 0.3435 0.1776 0.0393 0.1951 0.2445 
        D621  1 0.0619 0.2266 0.1947 0.0411 0.4757 
        D622  1 0.1011 0.1016 0.0858 0.0436 0.6679 
        D623  1 0.0767 0.2761 0.4216 0.1872 0.0384 
        D624  1 0.1136 0.7437 0.0277 0.0420 0.0729 
        D625  1 0.3797 0.2310 0.1152 0.0365 0.2376 
        D626  1 0.1162 0.5515 0.0823 0.0678 0.1822 
        D627  1 0.6854 0.0542 0.0379 0.1028 0.1196 
        D690  1 0.3235 0.3458 0.0757 0.0197 0.2353 
        D691  1 0.0892 0.0627 0.0613 0.0345 0.7524 
        D710  1 0.3558 0.2423 0.1925 0.0678 0.1415 
        D711  1 0.3377 0.1272 0.1871 0.0513 0.2968 
        D712  1 0.0902 0.6047 0.1192 0.0956 0.0903 
        D713  1 0.1905 0.2055 0.4313 0.0339 0.1388 
        D746  1 0.0770 0.0523 0.0366 0.0394 0.7947 
        D747  1 0.4428 0.1023 0.1238 0.0775 0.2537 
        D748  1 0.2130 0.1041 0.2152 0.0347 0.4330 
        D749  1 0.1406 0.2049 0.1256 0.0944 0.4344 
        D750  1 0.0778 0.7376 0.0543 0.0399 0.0903 
        D763  1 0.2531 0.0598 0.2461 0.2716 0.1694 
        D764  1 0.2771 0.4612 0.0284 0.0303 0.2029 
        D765  1 0.1206 0.4564 0.0412 0.0299 0.3520 
        D766  1 0.1990 0.1863 0.1509 0.0341 0.4298 
        D767  1 0.0921 0.0504 0.5617 0.0702 0.2255 
        D768  1 0.6358 0.0355 0.0448 0.0483 0.2355 
        D811  1 0.1364 0.5504 0.1585 0.0644 0.0903 
        D816  1 0.4733 0.1820 0.1022 0.0370 0.2055 
        D825  1 0.2027 0.4987 0.0873 0.0345 0.1768 
        D866  1 0.0911 0.3502 0.0374 0.4584 0.0629 
        D867  1 0.0722 0.0422 0.0971 0.0561 0.7325 
        D871  1 0.7697 0.0625 0.0626 0.0318 0.0734 
        D872  1 0.2258 0.1584 0.2281 0.0724 0.3152 
        D873  1 0.0564 0.5094 0.0849 0.0244 0.3249 
        D874  1 0.0787 0.1215 0.7221 0.0438 0.0338 
        D875  1 0.7352 0.0470 0.0514 0.0274 0.1389 
        D876  1 0.3017 0.2578 0.1552 0.0516 0.2338 
        D877  1 0.1368 0.3445 0.4394 0.0476 0.0317 
        D892  1 0.2519 0.2012 0.2271 0.0316 0.2882 
        D893  1 0.4118 0.0579 0.1861 0.0788 0.2654 
        D894  1 0.5063 0.1405 0.0645 0.0631 0.2256 
        D915  1 0.3495 0.2043 0.1420 0.0530 0.2513 
        D916  1 0.4985 0.1332 0.0377 0.0360 0.2945 
        D917  1 0.2595 0.3269 0.2222 0.1146 0.0768 
        D925  1 0.0847 0.5855 0.0296 0.0304 0.2697 
        D926  1 0.4563 0.1625 0.1458 0.0479 0.1875 
        D927  1 0.2635 0.0989 0.1332 0.3904 0.1140 
        D928  1 0.0435 0.8362 0.0669 0.0255 0.0279 
        D929  1 0.0757 0.0672 0.6846 0.0364 0.1362 
        D936  1 0.2893 0.0912 0.3814 0.1436 0.0946 
        D938  1 0.0427 0.0768 0.0477 0.0236 0.8092 
        D956  1 0.0801 0.7461 0.0544 0.0589 0.0606 
        D957  1 0.1666 0.1868 0.2274 0.0513 0.3679 
        D958  1 0.2016 0.3403 0.1280 0.0326 0.2975 
        D959  1 0.6148 0.0315 0.0230 0.0465 0.2841 
        D960  1 0.0616 0.1312 0.0910 0.0286 0.6876 
        D989  1 0.1306 0.4635 0.0791 0.2633 0.0636 
        D990  1 0.0861 0.4385 0.0334 0.1054 0.3366 
        D023  2 0.2333 0.0501 0.0347 0.0363 0.6455 
        D130  2 0.0703 0.0328 0.0546 0.0438 0.7985 
        D131  2 0.6126 0.0869 0.0893 0.0977 0.1136 
        D163  2 0.1391 0.0894 0.0458 0.0311 0.6945 
        D164  2 0.0347 0.2215 0.0309 0.5166 0.1963 
        D165  2 0.1324 0.0354 0.0411 0.0510 0.7401 
        D166  2 0.2197 0.0441 0.4725 0.0842 0.1795 
        D167  2 0.0343 0.0451 0.0359 0.8566 0.0281 
        D192  2 0.0244 0.0266 0.0365 0.8889 0.0236 
        D193  2 0.1177 0.3456 0.3750 0.0820 0.0796 
        D206  2 0.4044 0.0574 0.0933 0.2145 0.2304 
        D207  2 0.1184 0.0388 0.0729 0.7231 0.0468 
        D208  2 0.1086 0.2714 0.1573 0.3960 0.0666 
        D209  2 0.2515 0.0517 0.2547 0.3011 0.1410 
        D210  2 0.0847 0.3917 0.0617 0.3912 0.0706 
     D229599  2 0.2417 0.1568 0.3035 0.1428 0.1552 
     D229600  2 0.0771 0.0379 0.0590 0.3772 0.4487 
     D237227  2 0.1017 0.5271 0.0605 0.1523 0.1584 
     D237228  2 0.0896 0.5978 0.0411 0.1242 0.1472 
     D237258  2 0.1690 0.1509 0.1323 0.3724 0.1754 
     D237310  2 0.1693 0.2825 0.1352 0.1120 0.3010 
     D237311  2 0.0947 0.3109 0.0592 0.2899 0.2452 
     D237312  2 0.1765 0.1699 0.3099 0.0458 0.2979 
     D237313  2 0.2344 0.4078 0.1328 0.0569 0.1682 
     D237322  2 0.2085 0.1951 0.2751 0.2210 0.1003 
     D237323  2 0.0650 0.5292 0.0596 0.0506 0.2955 
     D237324  2 0.2312 0.0332 0.0741 0.2979 0.3636 
     D237325  2 0.1433 0.2041 0.2330 0.0819 0.3376 
     D237326  2 0.1392 0.4713 0.0868 0.0522 0.2505 
     D237327  2 0.1809 0.0701 0.1890 0.4094 0.1506 
     D237337  2 0.1010 0.5002 0.0681 0.0273 0.3033 
     D237338  2 0.1259 0.1936 0.2512 0.1377 0.2916 
     D237339  2 0.1067 0.0401 0.6445 0.1666 0.0422 
     D237340  2 0.0847 0.3165 0.1383 0.3060 0.1545 
     D237389  2 0.1453 0.2574 0.1354 0.1248 0.3372 
     D237390  2 0.1509 0.2256 0.3542 0.0615 0.2078 
     D244017  2 0.1299 0.2608 0.1295 0.3951 0.0848 
     D244112  2 0.0542 0.0304 0.0386 0.7962 0.0806 
     D244118  2 0.0409 0.0472 0.0648 0.5986 0.2485 
     D244119  2 0.0432 0.4731 0.0270 0.4179 0.0388 
     D244120  2 0.0652 0.0920 0.2156 0.5578 0.0695 
     D244122  2 0.0537 0.0666 0.0701 0.7173 0.0921 
        D291  2 0.2943 0.0572 0.0774 0.4300 0.1410 
        D292  2 0.0950 0.1629 0.1378 0.5285 0.0757 
        D293  2 0.2092 0.0202 0.1680 0.5737 0.0289 
        D322  2 0.1754 0.0543 0.2311 0.4427 0.0966 
        D323  2 0.2626 0.1111 0.3477 0.1908 0.0878 
        D324  2 0.3759 0.1618 0.0670 0.2123 0.1830 
        D325  2 0.1070 0.0173 0.0372 0.8040 0.0345 
        D326  2 0.6240 0.0926 0.0792 0.0700 0.1342 
        D340  2 0.0400 0.0290 0.0236 0.8776 0.0297 
        D341  2 0.0495 0.0628 0.0769 0.7441 0.0667 
        D342  2 0.1325 0.0431 0.0498 0.6132 0.1614 
        D343  2 0.0385 0.0131 0.0189 0.9111 0.0183 
        D344  2 0.2705 0.0793 0.5021 0.0626 0.0854 
        D345  2 0.3128 0.2246 0.1701 0.0712 0.2212 
        D346  2 0.1469 0.5385 0.0808 0.1689 0.0649 
        D351  2 0.4482 0.0630 0.2250 0.1310 0.1329 
        D352  2 0.1302 0.1204 0.6284 0.0757 0.0452 
        D353  2 0.7046 0.0376 0.1149 0.0405 0.1023 
        D354  2 0.1707 0.1987 0.5394 0.0261 0.0651 
        D362  2 0.3948 0.1821 0.0756 0.0638 0.2836 
        D363  2 0.4067 0.2651 0.0887 0.0653 0.1742 
        D364  2 0.2935 0.1880 0.3728 0.0405 0.1052 
        D365  2 0.0451 0.0285 0.0436 0.8605 0.0223 
        D369  2 0.2331 0.3062 0.0462 0.2856 0.1288 
        D374  2 0.0391 0.6540 0.2348 0.0364 0.0356 
        D375  2 0.1321 0.0523 0.7480 0.0233 0.0444 
        D376  2 0.0435 0.6478 0.2279 0.0448 0.0360 
        D377  2 0.2309 0.2367 0.2248 0.1443 0.1633 
        D378  2 0.3486 0.0413 0.2507 0.2537 0.1057 
        D379  2 0.5864 0.0745 0.1743 0.0438 0.1210 
        D384  2 0.5963 0.1386 0.0839 0.0466 0.1346 
        D385  2 0.0452 0.0416 0.1026 0.7802 0.0304 
        D386  2 0.3335 0.0466 0.3920 0.0960 0.1318 
        D391  2 0.0532 0.0276 0.1100 0.7762 0.0330 
        D392  2 0.0936 0.1218 0.0481 0.6626 0.0738 
        D393  2 0.2165 0.0733 0.2796 0.3050 0.1256 
        D394  2 0.1616 0.1005 0.3210 0.0961 0.3208 
        D395  2 0.1043 0.0281 0.5614 0.2718 0.0344 
        D401  2 0.0972 0.5052 0.0314 0.0555 0.3108 
        D402  2 0.0309 0.0256 0.0630 0.8545 0.0260 
        D403  2 0.4705 0.0401 0.1609 0.0511 0.2774 
        D415  2 0.6586 0.0324 0.0542 0.0259 0.2289 
        D435  2 0.3396 0.0428 0.0855 0.3113 0.2208 
        D436  2 0.1515 0.0755 0.6710 0.0304 0.0716 
        D438  2 0.0366 0.0263 0.0260 0.8852 0.0259 
        D439  2 0.2706 0.0472 0.5190 0.0761 0.0871 
        D449  2 0.3619 0.0505 0.0437 0.4471 0.0968 
        D450  2 0.2493 0.3201 0.2703 0.0441 0.1161 
        D456  2 0.7078 0.0425 0.0531 0.0273 0.1693 
        D462  2 0.0551 0.0213 0.1277 0.7578 0.0382 
        D463  2 0.6770 0.0708 0.0923 0.0285 0.1313 
        D464  2 0.3879 0.0444 0.4489 0.0768 0.0421 
        D465  2 0.3802 0.0497 0.0597 0.3582 0.1522 
        D473  2 0.0891 0.5589 0.1388 0.0841 0.1291 
        D474  2 0.2874 0.2022 0.0637 0.2693 0.1775 
        D476  2 0.0574 0.0266 0.3796 0.1006 0.4358 
        D477  2 0.2929 0.1963 0.3362 0.0850 0.0895 
        D478  2 0.3164 0.1807 0.2292 0.0914 0.1823 
        D480  2 0.1908 0.1438 0.3370 0.2697 0.0587 
        D481  2 0.2690 0.1968 0.2583 0.0923 0.1836 
        D482  2 0.1089 0.2219 0.3965 0.1618 0.1109 
        D483  2 0.0344 0.0561 0.0380 0.8321 0.0394 
        D484  2 0.0306 0.0371 0.8580 0.0420 0.0322 
        D510  2 0.0566 0.6365 0.1504 0.1174 0.0392 
        D511  2 0.1634 0.0506 0.6032 0.1047 0.0781 
        D512  2 0.2698 0.1050 0.0891 0.1878 0.3484 
        D513  2 0.1991 0.0735 0.0531 0.5943 0.0800 
        D635  2 0.4843 0.0833 0.0460 0.0667 0.3196 
        D636  2 0.0945 0.0532 0.0277 0.0296 0.7951 
        D637  2 0.0973 0.1417 0.4169 0.2762 0.0679 
        D658  2 0.0530 0.1441 0.2375 0.5059 0.0595 
        D659  2 0.5019 0.0823 0.1192 0.0636 0.2330 
        D677  2 0.2423 0.0619 0.1902 0.1294 0.3762 
        D678  2 0.1351 0.0438 0.0863 0.6593 0.0755 
        D679  2 0.4123 0.1309 0.1311 0.2097 0.1160 
        D719  2 0.1066 0.4658 0.1123 0.2790 0.0363 
        D720  2 0.4783 0.2523 0.0829 0.0664 0.1201 
        D721  2 0.1848 0.0589 0.0803 0.0976 0.5784 
        D722  2 0.0627 0.5606 0.2342 0.0880 0.0545 
        D734  2 0.0552 0.1829 0.6083 0.1275 0.0261 
        D735  2 0.3257 0.2766 0.1441 0.1219 0.1317 
        D736  2 0.1127 0.4459 0.0929 0.2470 0.1015 
        D737  2 0.0582 0.0611 0.2558 0.5270 0.0980 
        D807  2 0.1243 0.4132 0.2082 0.1534 0.1008 
        D808  2 0.2854 0.1041 0.1440 0.1821 0.2844 
        D817  2 0.4082 0.1911 0.2534 0.0542 0.0932 
        D818  2 0.2766 0.0418 0.1274 0.4257 0.1284 
        D819  2 0.5029 0.1383 0.1047 0.0796 0.1745 
        D820  2 0.3723 0.0608 0.3849 0.0825 0.0995 
        D895  2 0.4721 0.1008 0.0814 0.0592 0.2865 
        D896  2 0.0560 0.5563 0.0567 0.0281 0.3029 
        D897  2 0.1424 0.0547 0.1241 0.5831 0.0958 
        D898  2 0.2951 0.2490 0.2348 0.1092 0.1118 
        D918  2 0.2015 0.1330 0.2174 0.1691 0.2791 
        D919  2 0.2661 0.0438 0.4309 0.1695 0.0897 
        D920  2 0.0592 0.0697 0.0556 0.0362 0.7793 
        D923  2 0.4293 0.0715 0.3097 0.0595 0.1300 
        D930  2 0.2963 0.2968 0.2492 0.0653 0.0924 
        D931  2 0.2619 0.1100 0.3077 0.2036 0.1168 
        D968  2 0.0404 0.0243 0.0406 0.8743 0.0203 
        D969  2 0.2185 0.1199 0.1181 0.4602 0.0833 
        D977  2 0.1245 0.0384 0.0633 0.7069 0.0670 
        D978  2 0.2735 0.0790 0.1068 0.4644 0.0762 
        D211  3 0.1760 0.0459 0.1394 0.0503 0.5884 
     D229639  3 0.0698 0.2093 0.0624 0.5999 0.0587 
     D237212  3 0.1679 0.0681 0.3435 0.2382 0.1823 
     D237213  3 0.2623 0.0731 0.2885 0.0779 0.2982 
     D237214  3 0.3809 0.0573 0.0624 0.0261 0.4734 
     D237215  3 0.0362 0.0810 0.0450 0.8141 0.0237 
     D237216  3 0.5521 0.0635 0.1079 0.0500 0.2265 
     D237217  3 0.2938 0.0442 0.0932 0.0699 0.4989 
     D237218  3 0.1490 0.0835 0.3216 0.2603 0.1855 
     D237219  3 0.1448 0.2599 0.0755 0.1431 0.3767 
     D237382  3 0.2473 0.2518 0.2407 0.0760 0.1842 
     D244127  3 0.1739 0.1636 0.1050 0.2115 0.3460 
     D244129  3 0.3025 0.1584 0.1762 0.1348 0.2280 
     D244133  3 0.2685 0.2500 0.0368 0.2631 0.1816 
     D244134  3 0.0867 0.5351 0.0485 0.2410 0.0887 
     D244135  3 0.1762 0.0323 0.0549 0.0679 0.6687 
     D244136  3 0.3102 0.3264 0.0727 0.1524 0.1384 
        D416  3 0.4035 0.0922 0.0991 0.2593 0.1459 
        D417  3 0.4557 0.0818 0.1622 0.0288 0.2715 
        D419  3 0.1676 0.1713 0.1050 0.2260 0.3301 
        D565  3 0.0422 0.8580 0.0271 0.0369 0.0358 
        D566  3 0.0957 0.4769 0.0495 0.3304 0.0476 
        D567  3 0.3740 0.0789 0.1096 0.0632 0.3743 
        D568  3 0.2025 0.0501 0.2231 0.1376 0.3867 
        D569  3 0.1142 0.0484 0.6569 0.1000 0.0805 
        D573  3 0.1245 0.0377 0.0495 0.7426 0.0457 
        D574  3 0.1640 0.5476 0.0864 0.1006 0.1014 
        D575  3 0.2006 0.3920 0.0827 0.1130 0.2118 
        D576  3 0.0529 0.0455 0.0402 0.8269 0.0344 
        D577  3 0.4020 0.1056 0.1530 0.0675 0.2719 
        D578  3 0.2012 0.0274 0.0330 0.0377 0.7007 
        D579  3 0.1919 0.3377 0.1440 0.1926 0.1338 
        D660  3 0.1367 0.0414 0.1048 0.5470 0.1701 
        D661  3 0.1158 0.0460 0.1720 0.5750 0.0911 
        D663  3 0.1512 0.0365 0.0730 0.6987 0.0406 
        D664  3 0.1730 0.1733 0.1162 0.2101 0.3275 
        D665  3 0.3383 0.0303 0.2151 0.0638 0.3525 
        D666  3 0.2168 0.3881 0.1323 0.0851 0.1777 
        D009  4 0.2411 0.0726 0.2774 0.0357 0.3731 
        D057  4 0.0439 0.0317 0.4516 0.2045 0.2683 
        D109  4 0.2097 0.3067 0.0760 0.0430 0.3646 
     D237222  4 0.0877 0.1367 0.1012 0.0589 0.6154 
     D237223  4 0.1609 0.1712 0.2038 0.1324 0.3317 
     D237224  4 0.1771 0.0649 0.2872 0.3861 0.0847 
     D237225  4 0.3075 0.0904 0.2674 0.0585 0.2762 
     D237299  4 0.3920 0.0717 0.1902 0.0834 0.2626 
     D237300  4 0.0752 0.1072 0.0584 0.7173 0.0419 
     D237306  4 0.1206 0.5567 0.1555 0.0531 0.1140 
     D237307  4 0.3257 0.2804 0.0652 0.1211 0.2076 
     D237308  4 0.0802 0.1408 0.2026 0.4794 0.0971 
     D237309  4 0.3206 0.0772 0.2208 0.0766 0.3049 
     D237317  4 0.2002 0.5597 0.0862 0.0592 0.0947 
     D237318  4 0.0591 0.0416 0.0280 0.8437 0.0276 
     D237319  4 0.2510 0.0874 0.1584 0.0989 0.4043 
     D237320  4 0.1353 0.0958 0.1329 0.2802 0.3559 
     D237321  4 0.1054 0.1148 0.0620 0.6457 0.0720 
     D237397  4 0.0984 0.2973 0.1356 0.2271 0.2416 
     D237398  4 0.1892 0.0401 0.1153 0.5730 0.0825 
     D237399  4 0.1614 0.2626 0.2073 0.2030 0.1656 
     D244001  4 0.0677 0.0478 0.1673 0.0720 0.6452 
        D289  4 0.1422 0.2309 0.3715 0.1505 0.1049 
        D290  4 0.2440 0.0399 0.4138 0.1290 0.1733 
        D294  4 0.2903 0.0529 0.4949 0.0753 0.0866 
        D295  4 0.1922 0.1493 0.3486 0.0670 0.2429 
        D301  4 0.0486 0.0774 0.0842 0.1035 0.6862 
        D302  4 0.1687 0.0285 0.7147 0.0269 0.0611 
        D303  4 0.0725 0.6071 0.1497 0.0844 0.0863 
        D304  4 0.2911 0.1352 0.2929 0.1603 0.1204 
        D305  4 0.2344 0.0266 0.5420 0.1119 0.0851 
        D306  4 0.4242 0.0933 0.2981 0.0501 0.1343 
        D307  4 0.0532 0.0839 0.0837 0.0489 0.7303 
        D327  4 0.4873 0.1150 0.1212 0.0936 0.1829 
        D328  4 0.0488 0.2166 0.6276 0.0501 0.0569 
        D329  4 0.1509 0.0730 0.3410 0.1911 0.2439 
        D330  4 0.3580 0.0430 0.2964 0.0570 0.2456 
        D331  4 0.2520 0.2020 0.1414 0.1840 0.2206 
        D333  4 0.0777 0.1929 0.3841 0.1418 0.2036 
        D334  4 0.1565 0.4660 0.1418 0.0507 0.1850 
        D335  4 0.1528 0.0540 0.6825 0.0465 0.0642 
        D370  4 0.1056 0.3535 0.3362 0.0667 0.1381 
        D371  4 0.1215 0.6808 0.0613 0.0687 0.0678 
        D372  4 0.1440 0.0777 0.0915 0.6384 0.0484 
        D373  4 0.0700 0.0429 0.0812 0.1213 0.6846 
        D455  4 0.0439 0.0275 0.1214 0.0652 0.7420 
        D490  4 0.0455 0.0320 0.0715 0.0224 0.8285 
        D497  4 0.0672 0.0493 0.0986 0.0361 0.7488 
        D498  4 0.2012 0.2531 0.1766 0.1950 0.1742 
        D499  4 0.1356 0.2011 0.1812 0.4234 0.0587 
        D514  4 0.4024 0.0427 0.3260 0.0496 0.1792 
        D515  4 0.1998 0.0706 0.2698 0.0613 0.3985 
        D516  4 0.2024 0.2373 0.0923 0.1373 0.3307 
        D517  4 0.1223 0.0334 0.1097 0.1027 0.6318 
        D518  4 0.0619 0.0680 0.6260 0.0474 0.1968 
        D519  4 0.1753 0.0601 0.1803 0.1204 0.4639 
        D560  4 0.1645 0.0337 0.2444 0.1318 0.4256 
        D561  4 0.6139 0.0357 0.1239 0.0542 0.1723 
        D562  4 0.2042 0.0962 0.3622 0.1212 0.2162 
        D563  4 0.1795 0.0446 0.2439 0.4295 0.1025 
        D572  4 0.0747 0.0411 0.7474 0.0469 0.0899 
        D629  4 0.3830 0.0730 0.1475 0.0667 0.3298 
        D630  4 0.1651 0.0761 0.4060 0.1075 0.2452 
        D631  4 0.0498 0.0310 0.7081 0.1452 0.0659 
        D632  4 0.0965 0.0662 0.1337 0.1973 0.5063 
        D646  4 0.3037 0.0948 0.1717 0.1242 0.3056 
        D647  4 0.2357 0.0424 0.3202 0.1109 0.2908 
        D648  4 0.0498 0.0902 0.7708 0.0409 0.0483 
        D649  4 0.2744 0.1167 0.2301 0.0378 0.3410 
        D650  4 0.2155 0.2366 0.2773 0.0836 0.1870 
        D708  4 0.1461 0.3328 0.3306 0.0682 0.1223 
        D709  4 0.2339 0.1758 0.4383 0.0589 0.0931 
        D738  4 0.0794 0.6281 0.0985 0.0395 0.1545 
        D739  4 0.1542 0.0595 0.3914 0.0550 0.3400 
        D740  4 0.2256 0.2657 0.1654 0.1798 0.1634 
        D741  4 0.3572 0.0340 0.1872 0.2021 0.2195 
        D742  4 0.1262 0.1263 0.1824 0.4680 0.0972 
        D743  4 0.3137 0.0561 0.4820 0.0788 0.0694 
        D744  4 0.1322 0.0345 0.6933 0.0897 0.0504 
        D745  4 0.1783 0.0521 0.1928 0.0510 0.5258 
        D814  4 0.2869 0.0358 0.1473 0.3405 0.1895 
        D815  4 0.1306 0.0815 0.6550 0.0530 0.0800 
        D828  4 0.1021 0.1861 0.4554 0.1896 0.0668 
        D845  4 0.0359 0.1356 0.0595 0.7426 0.0263 
        D846  4 0.1913 0.0231 0.3999 0.1848 0.2008 
        D847  4 0.2574 0.1517 0.1988 0.1478 0.2443 
        D848  4 0.0697 0.0290 0.0567 0.2230 0.6215 
        D849  4 0.1933 0.0423 0.2377 0.0481 0.4786 
        D850  4 0.4158 0.0971 0.0989 0.1585 0.2297 
        D856  4 0.3543 0.1263 0.2011 0.0462 0.2721 
        D857  4 0.0672 0.4136 0.0786 0.0950 0.3456 
        D859  4 0.0969 0.0528 0.6871 0.0916 0.0716 
        D860  4 0.1134 0.4525 0.1444 0.2419 0.0478 
        D883  4 0.1541 0.2039 0.1852 0.0632 0.3935 
        D884  4 0.1284 0.2257 0.3543 0.0387 0.2529 
        D885  4 0.4169 0.0539 0.1593 0.1739 0.1961 
        D886  4 0.1557 0.0723 0.2446 0.0917 0.4357 
        D887  4 0.1793 0.1519 0.1782 0.3661 0.1245 
        D889  4 0.1972 0.0736 0.3885 0.2570 0.0837 
        D890  4 0.1816 0.2868 0.2440 0.1064 0.1811 
        D891  4 0.0382 0.0346 0.0240 0.8805 0.0227 
        D899  4 0.0703 0.1253 0.1612 0.5935 0.0497 
        D900  4 0.3397 0.1333 0.2446 0.1134 0.1690 
        D970  4 0.2403 0.1018 0.4430 0.0954 0.1194 
        D971  4 0.1283 0.1311 0.2147 0.4624 0.0635 
        D979  4 0.1892 0.0524 0.6555 0.0474 0.0556 
        D093  5 0.0848 0.6518 0.0755 0.0974 0.0905 
        D154  5 0.2273 0.1140 0.1566 0.4286 0.0735 
        D168  5 0.2632 0.0404 0.0830 0.3385 0.2749 
        D189  5 0.1345 0.3564 0.1436 0.2735 0.0920 
        D190  5 0.0481 0.7184 0.1170 0.0771 0.0394 
     D237220  5 0.1625 0.1486 0.2349 0.0862 0.3679 
     D237221  5 0.1047 0.3871 0.1437 0.2812 0.0832 
     D237274  5 0.3928 0.0798 0.3790 0.0544 0.0940 
     D237275  5 0.0721 0.0466 0.0448 0.7955 0.0411 
     D237276  5 0.1228 0.3332 0.2374 0.0727 0.2339 
     D237277  5 0.0528 0.5939 0.1055 0.2027 0.0451 
     D237278  5 0.1218 0.2317 0.1114 0.3935 0.1416 
     D237279  5 0.4536 0.1204 0.0578 0.0591 0.3091 
     D237280  5 0.1862 0.2943 0.0955 0.0394 0.3846 
     D237281  5 0.0872 0.0381 0.0442 0.7946 0.0360 
     D237351  5 0.0478 0.6188 0.0459 0.0403 0.2472 
     D237352  5 0.1452 0.1135 0.2730 0.0806 0.3877 
     D237353  5 0.0399 0.7878 0.0777 0.0618 0.0328 
     D237359  5 0.2279 0.0904 0.2428 0.1160 0.3228 
     D237361  5 0.0444 0.8349 0.0362 0.0459 0.0386 
     D237362  5 0.3048 0.3190 0.1332 0.1133 0.1296 
     D237363  5 0.5578 0.1087 0.0699 0.1809 0.0827 
     D237364  5 0.2748 0.0343 0.2982 0.1833 0.2094 
     D237376  5 0.0673 0.2417 0.5036 0.1317 0.0556 
     D237377  5 0.2487 0.4766 0.0688 0.0836 0.1223 
     D237378  5 0.0813 0.3129 0.3211 0.2069 0.0778 
     D237379  5 0.1550 0.2016 0.4742 0.0835 0.0856 
     D237380  5 0.0526 0.4326 0.1906 0.0257 0.2985 
     D237381  5 0.0933 0.2119 0.1970 0.0882 0.4096 
     D237391  5 0.0613 0.7724 0.0455 0.0685 0.0523 
     D237392  5 0.4323 0.0716 0.2124 0.1456 0.1382 
     D237393  5 0.1760 0.4840 0.0894 0.1066 0.1440 
     D237394  5 0.0454 0.8538 0.0430 0.0261 0.0317 
     D237395  5 0.1603 0.4332 0.0942 0.1475 0.1647 
     D237396  5 0.3384 0.2986 0.0682 0.1469 0.1480 
     D244016  5 0.2236 0.3341 0.2342 0.1587 0.0494 
     D244018  5 0.1296 0.2067 0.0606 0.4669 0.1362 
     D244019  5 0.3206 0.1660 0.2526 0.1919 0.0690 
        D279  5 0.1769 0.1057 0.2467 0.3414 0.1294 
        D280  5 0.2243 0.4165 0.0601 0.1620 0.1372 
        D281  5 0.1174 0.0756 0.0675 0.7058 0.0337 
        D283  5 0.1347 0.6668 0.0578 0.0880 0.0526 
        D284  5 0.2532 0.0666 0.0756 0.1107 0.4939 
        D285  5 0.1544 0.5044 0.1776 0.0832 0.0804 
        D286  5 0.1822 0.1803 0.3843 0.0950 0.1582 
        D287  5 0.1144 0.3108 0.4195 0.0725 0.0827 
        D288  5 0.2843 0.3804 0.0653 0.2111 0.0590 
        D308  5 0.0864 0.5710 0.0332 0.0252 0.2843 
        D309  5 0.0957 0.0415 0.7739 0.0292 0.0596 
        D310  5 0.1356 0.7363 0.0600 0.0429 0.0251 
        D311  5 0.2499 0.1787 0.3974 0.0841 0.0898 
        D312  5 0.1367 0.3227 0.3492 0.0613 0.1302 
        D313  5 0.0361 0.3456 0.0180 0.0194 0.5810 
        D314  5 0.1933 0.1313 0.2616 0.2111 0.2027 
        D315  5 0.2220 0.4331 0.1027 0.0792 0.1630 
        D317  5 0.0689 0.7657 0.0458 0.0554 0.0641 
        D318  5 0.3886 0.0987 0.2175 0.1300 0.1652 
        D319  5 0.0396 0.8397 0.0487 0.0410 0.0310 
        D320  5 0.0550 0.6726 0.1592 0.0566 0.0566 
        D321  5 0.0741 0.6321 0.0264 0.0646 0.2028 
        D336  5 0.1295 0.5180 0.2641 0.0368 0.0516 
        D337  5 0.0513 0.7685 0.0618 0.0934 0.0251 
        D338  5 0.2851 0.2074 0.1322 0.1551 0.2202 
        D339  5 0.0873 0.6819 0.0432 0.1149 0.0727 
        D347  5 0.2074 0.1197 0.4311 0.1649 0.0769 
        D348  5 0.0639 0.6416 0.2061 0.0568 0.0315 
        D349  5 0.0359 0.6595 0.0295 0.0294 0.2457 
        D350  5 0.0368 0.0404 0.8394 0.0436 0.0398 
        D355  5 0.2913 0.0551 0.2343 0.3786 0.0408 
        D356  5 0.2088 0.4462 0.1331 0.0567 0.1552 
        D357  5 0.2695 0.3054 0.2069 0.1232 0.0950 
        D358  5 0.1318 0.4645 0.2068 0.1065 0.0902 
        D359  5 0.1298 0.6906 0.1172 0.0297 0.0327 
        D360  5 0.1531 0.5084 0.0908 0.0612 0.1866 
        D361  5 0.0396 0.5907 0.0284 0.0337 0.3075 
        D366  5 0.4538 0.0437 0.0490 0.2738 0.1797 
        D367  5 0.0967 0.5883 0.2076 0.0404 0.0670 
        D368  5 0.1715 0.6118 0.0598 0.0400 0.1169 
        D380  5 0.2981 0.0833 0.3676 0.1273 0.1237 
        D381  5 0.1446 0.6251 0.0809 0.0976 0.0518 
        D400  5 0.1134 0.2202 0.3530 0.2020 0.1113 
        D411  5 0.1147 0.0215 0.0453 0.0431 0.7754 
        D412  5 0.2362 0.1901 0.1714 0.2026 0.1996 
        D413  5 0.1312 0.0452 0.0738 0.6733 0.0766 
        D414  5 0.0753 0.0276 0.6960 0.1528 0.0482 
        D420  5 0.3297 0.0925 0.0825 0.1466 0.3487 
        D431  5 0.1756 0.1806 0.2895 0.2398 0.1145 
        D432  5 0.1184 0.4777 0.0815 0.1810 0.1414 
        D433  5 0.0705 0.6727 0.0909 0.1158 0.0500 
        D434  5 0.1060 0.6556 0.0899 0.0650 0.0835 
        D440  5 0.0560 0.0406 0.8348 0.0261 0.0424 
        D447  5 0.5489 0.0408 0.2097 0.0651 0.1356 
        D448  5 0.1313 0.3691 0.3027 0.1284 0.0686 
        D459  5 0.0868 0.0405 0.1341 0.7007 0.0380 
        D460  5 0.0627 0.6623 0.0310 0.0288 0.2151 
        D461  5 0.0909 0.0415 0.7965 0.0281 0.0429 
        D468  5 0.4438 0.2464 0.0947 0.0911 0.1240 
        D469  5 0.3490 0.2078 0.1298 0.0670 0.2464 
        D470  5 0.1708 0.1019 0.3257 0.0503 0.3513 
        D471  5 0.0901 0.4686 0.2443 0.1503 0.0467 
        D472  5 0.3396 0.0504 0.0680 0.4530 0.0890 
        D479  5 0.0584 0.0336 0.2086 0.6485 0.0509 
        D485  5 0.1230 0.0966 0.5915 0.0874 0.1016 
        D486  5 0.3683 0.1308 0.1306 0.0570 0.3133 
        D487  5 0.0727 0.1616 0.2961 0.3916 0.0780 
        D555  5 0.0597 0.6939 0.0816 0.1258 0.0389 
        D556  5 0.1191 0.3339 0.2963 0.1704 0.0803 
        D557  5 0.0488 0.7098 0.1096 0.1009 0.0309 
        D564  5 0.1361 0.3867 0.3313 0.0533 0.0926 
        D594  5 0.3279 0.1274 0.3174 0.1249 0.1025 
        D595  5 0.1958 0.3933 0.1079 0.1815 0.1215 
        D596  5 0.0455 0.8077 0.0489 0.0603 0.0376 
        D597  5 0.1203 0.2769 0.1569 0.3879 0.0580 
        D598  5 0.1004 0.4308 0.1646 0.1129 0.1913 
        D617  5 0.1154 0.0368 0.0575 0.1575 0.6329 
        D618  5 0.0819 0.5613 0.0972 0.1849 0.0748 
        D619  5 0.1473 0.5120 0.1485 0.0601 0.1321 
        D620  5 0.0408 0.0468 0.0421 0.8303 0.0400 
        D628  5 0.0861 0.0923 0.6140 0.0575 0.1501 
        D714  5 0.0837 0.1820 0.4038 0.2774 0.0531 
        D715  5 0.0856 0.6438 0.0833 0.1436 0.0437 
        D716  5 0.1774 0.0851 0.4618 0.2023 0.0734 
        D717  5 0.1844 0.3180 0.2175 0.0955 0.1846 
        D718  5 0.1943 0.1473 0.2756 0.1307 0.2522 
        D769  5 0.1250 0.0385 0.1718 0.1187 0.5459 
        D770  5 0.1301 0.1273 0.2990 0.3828 0.0608 
        D771  5 0.1574 0.1275 0.1565 0.3860 0.1726 
        D772  5 0.0740 0.2195 0.5783 0.0639 0.0643 
        D782  5 0.3975 0.1212 0.0414 0.2503 0.1895 
        D783  5 0.1046 0.1133 0.3977 0.3417 0.0427 
        D784  5 0.3171 0.1631 0.3158 0.0979 0.1062 
        D785  5 0.0456 0.7421 0.1181 0.0351 0.0591 
        D786  5 0.1229 0.0444 0.2260 0.0594 0.5473 
        D821  5 0.0285 0.8466 0.0725 0.0321 0.0203 
        D822  5 0.3587 0.2091 0.2693 0.1039 0.0589 
        D826  5 0.1245 0.3630 0.1429 0.2789 0.0907 
        D827  5 0.5472 0.0506 0.1645 0.1115 0.1262 
        D851  5 0.3205 0.2836 0.1247 0.1382 0.1330 
        D852  5 0.0550 0.2014 0.3970 0.2622 0.0844 
        D853  5 0.1897 0.3394 0.2212 0.1422 0.1075 
        D854  5 0.3659 0.0517 0.2126 0.2308 0.1390 
        D861  5 0.2783 0.2187 0.1241 0.2134 0.1654 
        D862  5 0.3054 0.3577 0.1916 0.0485 0.0968 
        D865  5 0.0458 0.7284 0.0655 0.0993 0.0610 
        D868  5 0.2963 0.2123 0.1312 0.1027 0.2575 
        D869  5 0.1068 0.0527 0.0274 0.0441 0.7690 
        D870  5 0.7955 0.0201 0.0416 0.0588 0.0840 
        D907  5 0.0896 0.7153 0.0502 0.0612 0.0836 
        D908  5 0.0463 0.2040 0.2213 0.4667 0.0618 
        D910  5 0.1027 0.3797 0.1624 0.3085 0.0466 
        D911  5 0.2500 0.0585 0.1684 0.4845 0.0386 
        D934  5 0.1753 0.0648 0.3253 0.3736 0.0609 
        D946  5 0.1174 0.1131 0.4871 0.1973 0.0852 
        D947  5 0.2493 0.0774 0.4155 0.0991 0.1587 
        D948  5 0.0205 0.7076 0.0253 0.0269 0.2198 
        D949  5 0.0403 0.6861 0.0266 0.0212 0.2258 
        D950  5 0.2147 0.0667 0.1260 0.5433 0.0493 
        D951  5 0.5562 0.0433 0.2501 0.0428 0.1075 
        D952  5 0.3209 0.2791 0.1815 0.0960 0.1225 
        D953  5 0.0707 0.7102 0.0742 0.0740 0.0709 
        D954  5 0.3128 0.5226 0.0720 0.0471 0.0455 
        D961  5 0.1216 0.1895 0.4674 0.1046 0.1169 
        D962  5 0.0620 0.3354 0.5398 0.0227 0.0401 
        D963  5 0.2531 0.2219 0.3130 0.1172 0.0948 
        D964  5 0.2295 0.1216 0.2550 0.1728 0.2210 
        D965  5 0.1091 0.0605 0.6474 0.1062 0.0768 
        D966  5 0.2333 0.1886 0.2688 0.2127 0.0966 
        D967  5 0.1086 0.3798 0.0756 0.3273 0.1087 
        D991  5 0.0862 0.1325 0.4788 0.0467 0.2558 
        D502  6 0.2800 0.0280 0.2658 0.2338 0.1924 
        D503  6 0.1426 0.1320 0.0414 0.4484 0.2357 
        D504  6 0.2593 0.2121 0.2521 0.1204 0.1560 
        D505  6 0.2425 0.2933 0.1639 0.1397 0.1606 
        D506  6 0.0751 0.8098 0.0404 0.0377 0.0369 
        D507  6 0.1712 0.0641 0.4561 0.1495 0.1592 
        D508  6 0.2785 0.0524 0.4087 0.1470 0.1134 
        D529  6 0.2994 0.1810 0.1047 0.1196 0.2952 
        D530  6 0.1538 0.2052 0.3766 0.1088 0.1556 
        D531  6 0.3455 0.1360 0.2196 0.1263 0.1726 
        D532  6 0.2936 0.2532 0.2740 0.0998 0.0794 
        D534  6 0.1007 0.0574 0.0876 0.0630 0.6913 
        D535  6 0.2142 0.4275 0.1604 0.0607 0.1371 
        D536  6 0.1550 0.0336 0.0529 0.6452 0.1132 
        D554  6 0.1853 0.2652 0.3080 0.0734 0.1681 
        D587  6 0.1006 0.6712 0.0713 0.0921 0.0648 
        D588  6 0.3172 0.4384 0.0747 0.0966 0.0732 
        D589  6 0.2229 0.1478 0.0915 0.4056 0.1321 
        D590  6 0.0918 0.0527 0.0479 0.7250 0.0825 
        D591  6 0.2960 0.2681 0.0788 0.2341 0.1229 
        D592  6 0.1040 0.1407 0.0381 0.0914 0.6258 
        D593  6 0.1162 0.1686 0.5303 0.0930 0.0918 
        D682  6 0.0592 0.8121 0.0388 0.0403 0.0497 
        D683  6 0.3628 0.3467 0.0855 0.0591 0.1459 
        D684  6 0.2804 0.0329 0.0729 0.2460 0.3678 
        D685  6 0.4484 0.0775 0.1478 0.2048 0.1215 
        D686  6 0.1795 0.4469 0.2656 0.0709 0.0371 
        D724  6 0.2858 0.0444 0.3528 0.1151 0.2019 
        D725  6 0.1412 0.1004 0.4136 0.2390 0.1058 
        D726  6 0.0617 0.7756 0.0675 0.0422 0.0530 
        D727  6 0.2712 0.0799 0.0590 0.4416 0.1483 
        D728  6 0.1419 0.5724 0.1594 0.0498 0.0765 
        D729  6 0.3748 0.0913 0.0371 0.1764 0.3204 
        D730  6 0.1787 0.0612 0.2815 0.1451 0.3335 
        D731  6 0.0379 0.5638 0.0347 0.3374 0.0262 
        D732  6 0.2182 0.0549 0.5173 0.0676 0.1420 
        D733  6 0.0933 0.0940 0.6283 0.0709 0.1134 
     D237251  7 0.0961 0.0983 0.3214 0.4083 0.0759 
     D237252  7 0.1553 0.0665 0.1219 0.1982 0.4582 
     D237253  7 0.1998 0.1547 0.1334 0.4174 0.0948 
     D237254  7 0.1782 0.0248 0.0276 0.0417 0.7277 
     D237255  7 0.0610 0.0539 0.0943 0.7480 0.0427 
     D237256  7 0.2409 0.0544 0.2147 0.4499 0.0401 
     D237257  7 0.4813 0.0402 0.1317 0.0879 0.2589 
     D237282  7 0.3442 0.0442 0.2114 0.1208 0.2794 
     D237283  7 0.2905 0.0816 0.0317 0.0551 0.5412 
     D237284  7 0.1204 0.0428 0.0474 0.0365 0.7528 
     D237285  7 0.1962 0.1387 0.3525 0.2099 0.1025 
     D237286  7 0.2892 0.2283 0.2654 0.1366 0.0805 
     D237287  7 0.2527 0.0979 0.1436 0.3985 0.1073 
     D244006  7 0.1343 0.0280 0.0627 0.0380 0.7369 
     D244007  7 0.3011 0.0566 0.0899 0.4060 0.1463 
     D244008  7 0.2738 0.1391 0.0370 0.0476 0.5025 
     D244009  7 0.1207 0.1485 0.2058 0.0421 0.4829 
     D244010  7 0.3537 0.0641 0.1253 0.1026 0.3542 
     D244011  7 0.1447 0.1589 0.4474 0.1400 0.1090 
     D244012  7 0.2881 0.0544 0.2185 0.2436 0.1954 
     D244013  7 0.0746 0.1436 0.3895 0.3122 0.0801 
     D244014  7 0.1847 0.0626 0.2741 0.1933 0.2853 
     D244015  7 0.4000 0.0685 0.1022 0.0975 0.3318 
     D244125  7 0.1412 0.4104 0.1049 0.2700 0.0735 
     D244126  7 0.2436 0.0302 0.0560 0.0266 0.6435 
     D244130  7 0.2317 0.1768 0.2565 0.1214 0.2137 
     D244131  7 0.1571 0.4147 0.1457 0.0985 0.1841 
     D244132  7 0.1157 0.2875 0.5063 0.0385 0.0520 
        D520  7 0.4626 0.1967 0.0979 0.0434 0.1995 
        D521  7 0.1953 0.1045 0.4256 0.1106 0.1639 
        D522  7 0.1289 0.2178 0.1055 0.0766 0.4712 
        D523  7 0.1098 0.1066 0.1095 0.6067 0.0675 
        D524  7 0.1071 0.1948 0.2155 0.3340 0.1486 
        D525  7 0.1223 0.0801 0.0701 0.2584 0.4690 
        D526  7 0.1446 0.0329 0.0362 0.0395 0.7469 
        D527  7 0.1977 0.1245 0.3507 0.0923 0.2347 
        D528  7 0.9005 0.0211 0.0281 0.0154 0.0350 
        D558  7 0.0898 0.0348 0.7013 0.0653 0.1088 
        D559  7 0.0811 0.0264 0.7897 0.0530 0.0498 
        D640  7 0.1338 0.2816 0.3339 0.1684 0.0823 
        D641  7 0.1149 0.2984 0.1933 0.2411 0.1523 
        D642  7 0.1362 0.0986 0.1239 0.1879 0.4534 
        D644  7 0.1263 0.2494 0.1928 0.1308 0.3007 
        D645  7 0.1357 0.1734 0.2128 0.2803 0.1978 
        D662  7 0.0860 0.6317 0.0462 0.0226 0.2135 
        D687  7 0.2264 0.1309 0.3830 0.1398 0.1199 
        D688  7 0.2075 0.0339 0.3696 0.1219 0.2672 
        D689  7 0.2191 0.4002 0.1035 0.1601 0.1171 
        D700  7 0.9177 0.0219 0.0190 0.0189 0.0224 
        D797  7 0.1823 0.2186 0.2717 0.1544 0.1730 
        D798  7 0.2090 0.3584 0.1157 0.0480 0.2689 
        D799  7 0.1741 0.0801 0.2169 0.3582 0.1706 
        D800  7 0.4738 0.0509 0.1355 0.0938 0.2460 
        D132  8 0.0473 0.0494 0.0499 0.0257 0.8277 
        D133  8 0.0454 0.0244 0.0283 0.8194 0.0825 
        D200  8 0.2447 0.0256 0.4545 0.1314 0.1438 
        D500  8 0.0408 0.0444 0.0342 0.0230 0.8576 
        D614  8 0.1519 0.4309 0.1887 0.0568 0.1718 
        D723  8 0.2717 0.1129 0.1424 0.1389 0.3341 
        D888  8 0.0760 0.0636 0.1671 0.6504 0.0429 
        D901  8 0.2621 0.0891 0.2019 0.0853 0.3616 
        D902  8 0.0803 0.6392 0.1505 0.0657 0.0643 
        D903  8 0.2960 0.0992 0.4697 0.0712 0.0639 
        D904  8 0.1893 0.1119 0.4179 0.0743 0.2065 
        D905  8 0.0501 0.1266 0.1070 0.6828 0.0334 
        D906  8 0.2360 0.0488 0.1339 0.4455 0.1358 
        D937  8 0.0409 0.8116 0.0543 0.0600 0.0332 
        D943  8 0.3247 0.0527 0.1699 0.0984 0.3542 
        D972  8 0.2744 0.0745 0.1869 0.1006 0.3637 
        D973  8 0.3423 0.1526 0.1565 0.0607 0.2880 
        D974  8 0.2106 0.1642 0.2321 0.1492 0.2438 
        D975  8 0.2552 0.0763 0.4157 0.1091 0.1437 
        D976  8 0.3102 0.1523 0.2071 0.1400 0.1904 
        D201  9 0.2220 0.0612 0.2687 0.2492 0.1988 
        D202  9 0.2057 0.0661 0.4108 0.1958 0.1216 
     D237259  9 0.6191 0.0398 0.1231 0.1019 0.1161 
     D237260  9 0.1292 0.0643 0.0981 0.4697 0.2387 
     D237262  9 0.1443 0.1035 0.0334 0.0344 0.6845 
     D237263  9 0.1224 0.0762 0.0685 0.2155 0.5174 
     D237264  9 0.2244 0.1875 0.1085 0.1801 0.2995 
     D237265  9 0.1106 0.0718 0.0462 0.6601 0.1113 
     D237266  9 0.0648 0.1308 0.0305 0.6602 0.1137 
     D237267  9 0.5563 0.1031 0.0806 0.0868 0.1732 
     D237268  9 0.1935 0.0644 0.1491 0.0577 0.5353 
     D237289  9 0.0752 0.2115 0.1471 0.4577 0.1086 
     D237290  9 0.0491 0.0314 0.0399 0.8211 0.0585 
     D237291  9 0.1210 0.1010 0.0595 0.6208 0.0977 
     D237292  9 0.2219 0.0343 0.0622 0.4324 0.2492 
     D237293  9 0.2002 0.2835 0.1258 0.1155 0.2750 
     D237294  9 0.1394 0.0802 0.1291 0.1429 0.5084 
     D237295  9 0.2532 0.2245 0.1981 0.0440 0.2803 
     D237296  9 0.3168 0.1416 0.1853 0.1754 0.1809 
     D237297  9 0.0638 0.1486 0.6902 0.0576 0.0397 
     D237298  9 0.1236 0.0835 0.3867 0.1558 0.2504 
     D237341  9 0.2222 0.1267 0.2414 0.3151 0.0946 
     D237342  9 0.2044 0.1181 0.1745 0.0779 0.4252 
     D237343  9 0.1636 0.1244 0.1176 0.2629 0.3315 
     D237344  9 0.1873 0.2139 0.1612 0.3098 0.1278 
     D237345  9 0.0976 0.0218 0.1289 0.0585 0.6932 
     D237346  9 0.1202 0.2618 0.0614 0.4425 0.1142 
     D237347  9 0.0925 0.5597 0.1255 0.1564 0.0659 
     D237348  9 0.1623 0.1415 0.1606 0.2296 0.3061 
     D237349  9 0.1881 0.1099 0.0914 0.4677 0.1429 
     D244109  9 0.2089 0.0190 0.0706 0.5326 0.1689 
     D244110  9 0.0950 0.0339 0.0322 0.7405 0.0985 
     D244111  9 0.2123 0.0872 0.3503 0.2146 0.1357 
     D244128  9 0.2368 0.0291 0.1068 0.0495 0.5779 
     D244137  9 0.3406 0.1421 0.1303 0.1145 0.2724 
     D244138  9 0.1779 0.1283 0.2528 0.3131 0.1279 
        D580  9 0.4000 0.0631 0.1680 0.0323 0.3366 
        D581  9 0.0673 0.0325 0.0903 0.7192 0.0907 
        D582  9 0.2093 0.0276 0.0620 0.0222 0.6788 
        D583  9 0.0411 0.0375 0.0560 0.7818 0.0837 
        D584  9 0.1983 0.4034 0.1033 0.0704 0.2246 
        D585  9 0.2058 0.0367 0.1219 0.1833 0.4523 
        D586  9 0.0824 0.1221 0.0352 0.7067 0.0536 
        D651  9 0.2538 0.3447 0.0600 0.1995 0.1420 
        D652  9 0.1896 0.1546 0.1961 0.1847 0.2750 
        D653  9 0.2835 0.1203 0.1501 0.3938 0.0523 
        D654  9 0.1726 0.0684 0.2732 0.3045 0.1814 
        D655  9 0.2189 0.3368 0.0643 0.2995 0.0805 
        D656  9 0.1680 0.0357 0.0942 0.0545 0.6476 
        D657  9 0.1406 0.0628 0.4687 0.0858 0.2420 
        D667  9 0.1507 0.5032 0.0472 0.2259 0.0729 
        D668  9 0.1364 0.3307 0.0877 0.1868 0.2585 
        D669  9 0.1788 0.0680 0.2347 0.3241 0.1944 
        D670  9 0.6520 0.0898 0.0607 0.0636 0.1339 
        D671  9 0.1121 0.0516 0.2025 0.4964 0.1373 
        D672  9 0.1966 0.0609 0.1361 0.1004 0.5060 
        D673  9 0.1944 0.2658 0.1971 0.0885 0.2543 
        D692  9 0.2227 0.0428 0.0583 0.2312 0.4450 
        D693  9 0.2548 0.2551 0.1342 0.1045 0.2514 
        D694  9 0.2508 0.0645 0.0782 0.0558 0.5506 
        D695  9 0.1833 0.2295 0.0701 0.0809 0.4361 
        D696  9 0.0478 0.7844 0.0928 0.0437 0.0313 
        D697  9 0.0913 0.5691 0.0840 0.1477 0.1079 
        D698  9 0.1126 0.3329 0.0691 0.4014 0.0840 
        D699  9 0.1425 0.4569 0.1392 0.1305 0.1310 
        D787  9 0.2910 0.1811 0.0702 0.2629 0.1948 
        D788  9 0.1760 0.3957 0.2822 0.0373 0.1088 
        D789  9 0.2380 0.1101 0.1783 0.1383 0.3353 
        D790  9 0.1608 0.4265 0.0546 0.2212 0.1368 
        D791  9 0.0688 0.0597 0.4775 0.3361 0.0579 
        D792  9 0.2182 0.1141 0.0906 0.2303 0.3469 
        D793  9 0.1034 0.7107 0.0329 0.0950 0.0580 
        D794  9 0.2431 0.2415 0.1055 0.2453 0.1646 
        D795  9 0.2392 0.1713 0.0673 0.0618 0.4604 
        D796  9 0.2330 0.1666 0.0710 0.4304 0.0991 
        D142 10 0.2509 0.1571 0.3355 0.1788 0.0777 
        D143 10 0.0469 0.0662 0.0691 0.7531 0.0648 
        D144 10 0.2725 0.2253 0.1759 0.0941 0.2322 
        D145 10 0.0811 0.0667 0.3187 0.4382 0.0953 
        D146 10 0.2586 0.0979 0.2083 0.0386 0.3967 
        D147 10 0.4467 0.0388 0.3535 0.0635 0.0975 
        D148 10 0.6602 0.0605 0.1833 0.0433 0.0527 
        D149 10 0.1099 0.0536 0.0449 0.7064 0.0852 
        D151 10 0.6062 0.1040 0.0727 0.1502 0.0669 
        D152 10 0.0391 0.0230 0.0378 0.8697 0.0305 
        D153 10 0.2257 0.2672 0.2992 0.0508 0.1571 
        D156 10 0.0483 0.0338 0.8509 0.0353 0.0317 
        D157 10 0.1152 0.4302 0.1847 0.0924 0.1775 
        D158 10 0.2553 0.1335 0.2050 0.2088 0.1973 
        D159 10 0.0403 0.0381 0.0607 0.8165 0.0444 
        D160 10 0.0485 0.3856 0.0295 0.5058 0.0306 
        D161 10 0.3376 0.1588 0.1811 0.1527 0.1699 
        D162 10 0.0616 0.0528 0.7650 0.0851 0.0355 
        D169 10 0.1341 0.0497 0.0454 0.0864 0.6844 
        D170 10 0.0920 0.0752 0.1854 0.0478 0.5996 
        D171 10 0.1333 0.0751 0.6670 0.0445 0.0801 
        D172 10 0.0633 0.0402 0.7741 0.0499 0.0724 
