        D174  1 0.4633 0.1673 0.3694 
        D199  1 0.4367 0.4492 0.1140 
        D203  1 0.1478 0.4177 0.4345 
        D204  1 0.0328 0.8919 0.0753 
     D237366  1 0.1357 0.2352 0.6291 
     D237367  1 0.0620 0.5706 0.3674 
     D237368  1 0.0826 0.2465 0.6709 
     D244101  1 0.0439 0.9202 0.0358 
     D244102  1 0.4212 0.1719 0.4069 
     D244103  1 0.0545 0.6174 0.3281 
     D244104  1 0.2974 0.5443 0.1583 
     D244105  1 0.0243 0.0877 0.8880 
     D244106  1 0.7580 0.1207 0.1213 
     D244107  1 0.0189 0.3913 0.5898 
     D244108  1 0.4872 0.1062 0.4066 
     D244113  1 0.8294 0.0624 0.1082 
     D244114  1 0.3826 0.3725 0.2449 
     D244115  1 0.4713 0.1421 0.3866 
     D267365  1 0.6643 0.2333 0.1023 
        D404  1 0.7776 0.1030 0.1194 
        D405  1 0.5619 0.2156 0.2225 
        D406  1 0.0257 0.0336 0.9407 
        D407  1 0.0292 0.8316 0.1392 
        D408  1 0.9400 0.0325 0.0275 
        D409  1 0.0864 0.6201 0.2935 
        D410  1 0.0244 0.0344 0.9412 
        D421  1 0.0537 0.9057 0.0406 
        D422  1 0.0157 0.0536 0.9307 
        D423  1 0.0150 0.0879 0.8971 
        D424  1 0.0488 0.7010 0.2501 
        D425  1 0.4153 0.4233 0.1614 
        D426  1 0.0525 0.6992 0.2483 
        D427  1 0.2121 0.7214 0.0665 
        D428  1 0.2301 0.4660 0.3039 
        D429  1 0.4968 0.2870 0.2162 
        D430  1 0.4667 0.3320 0.2013 
        D491  1 0.8498 0.0757 0.0745 
        D492  1 0.2072 0.4647 0.3281 
        D537  1 0.0430 0.7332 0.2238 
        D538  1 0.2494 0.2178 0.5328 
        D539  1 0.6482 0.0557 0.2960 
        D540  1 0.2118 0.4312 0.3570 
        D541  1 0.0456 0.8017 0.1528 
        D551  1 0.1574 0.6350 0.2076 
        D552  1 0.3340 0.1922 0.4737 
        D553  1 0.0506 0.8836 0.0658 
        D615  1 0.2344 0.2988 0.4668 
        D616  1 0.1861 0.4453 0.3686 
        D621  1 0.0900 0.0401 0.8699 
        D622  1 0.0435 0.0697 0.8868 
        D623  1 0.7503 0.1957 0.0541 
        D624  1 0.8236 0.0694 0.1070 
        D625  1 0.1474 0.4843 0.3682 
        D626  1 0.5955 0.1102 0.2943 
        D627  1 0.0799 0.7032 0.2169 
        D690  1 0.2112 0.4437 0.3451 
        D691  1 0.0350 0.0910 0.8740 
        D710  1 0.3213 0.5107 0.1680 
        D711  1 0.1394 0.5649 0.2957 
        D712  1 0.8671 0.0373 0.0956 
        D713  1 0.3915 0.2662 0.3423 
        D746  1 0.0169 0.0433 0.9397 
        D747  1 0.0545 0.8628 0.0827 
        D748  1 0.0709 0.2733 0.6558 
        D749  1 0.1363 0.0874 0.7763 
        D750  1 0.6343 0.1625 0.2032 
        D763  1 0.1616 0.6519 0.1865 
        D764  1 0.2630 0.3407 0.3963 
        D765  1 0.1321 0.0250 0.8429 
        D766  1 0.0766 0.2317 0.6917 
        D767  1 0.1402 0.3527 0.5070 
        D768  1 0.0204 0.9037 0.0760 
        D811  1 0.7285 0.0719 0.1996 
        D816  1 0.2382 0.6212 0.1406 
        D825  1 0.4590 0.1331 0.4080 
        D866  1 0.8024 0.0990 0.0986 
        D867  1 0.0247 0.0542 0.9210 
        D871  1 0.0796 0.6754 0.2450 
        D872  1 0.1016 0.3260 0.5724 
        D873  1 0.0131 0.0140 0.9728 
        D874  1 0.5161 0.4307 0.0533 
        D875  1 0.0415 0.5119 0.4466 
        D876  1 0.3021 0.3421 0.3558 
        D877  1 0.7559 0.1785 0.0656 
        D892  1 0.2474 0.2171 0.5355 
        D893  1 0.1043 0.6125 0.2832 
        D894  1 0.3019 0.4479 0.2502 
        D915  1 0.1021 0.5106 0.3873 
        D916  1 0.0700 0.6800 0.2499 
        D917  1 0.5441 0.3639 0.0920 
        D925  1 0.0543 0.0682 0.8775 
        D926  1 0.2169 0.5043 0.2788 
        D927  1 0.2720 0.6327 0.0954 
        D928  1 0.8546 0.0950 0.0504 
        D929  1 0.4457 0.1635 0.3908 
        D936  1 0.2132 0.7003 0.0866 
        D938  1 0.0245 0.0305 0.9450 
        D956  1 0.8636 0.0423 0.0941 
        D957  1 0.0971 0.1521 0.7508 
        D958  1 0.1424 0.2338 0.6238 
        D959  1 0.0155 0.8579 0.1266 
        D960  1 0.0245 0.0241 0.9513 
        D989  1 0.8483 0.1004 0.0513 
        D990  1 0.0453 0.0239 0.9308 
        D023  2 0.0184 0.2828 0.6988 
        D130  2 0.0151 0.0529 0.9320 
        D131  2 0.0689 0.7942 0.1369 
        D163  2 0.0385 0.0488 0.9127 
        D164  2 0.0212 0.2883 0.6905 
        D165  2 0.0220 0.1580 0.8200 
        D166  2 0.2516 0.1772 0.5712 
        D167  2 0.3122 0.5452 0.1426 
        D192  2 0.2551 0.5636 0.1814 
        D193  2 0.7354 0.0950 0.1695 
        D206  2 0.0646 0.6233 0.3121 
        D207  2 0.1938 0.6826 0.1236 
        D208  2 0.8306 0.0959 0.0735 
        D209  2 0.1745 0.4988 0.3267 
        D210  2 0.6950 0.2056 0.0994 
     D229599  2 0.5277 0.2624 0.2099 
     D229600  2 0.0547 0.2169 0.7284 
     D237227  2 0.7764 0.0643 0.1593 
     D237228  2 0.3661 0.0752 0.5588 
     D237258  2 0.4249 0.2098 0.3653 
     D237310  2 0.0993 0.0532 0.8475 
     D237311  2 0.0854 0.0891 0.8256 
     D237312  2 0.2355 0.0871 0.6773 
     D237313  2 0.3435 0.2738 0.3827 
     D237322  2 0.6711 0.1247 0.2041 
     D237323  2 0.2204 0.0341 0.7455 
     D237324  2 0.0434 0.4291 0.5275 
     D237325  2 0.1672 0.0889 0.7439 
     D237326  2 0.0600 0.2091 0.7309 
     D237327  2 0.3917 0.4421 0.1661 
     D237337  2 0.0841 0.0496 0.8664 
     D237338  2 0.2872 0.1461 0.5666 
     D237339  2 0.0739 0.8654 0.0607 
     D237340  2 0.4556 0.0930 0.4514 
     D237389  2 0.0562 0.0610 0.8828 
     D237390  2 0.3023 0.1083 0.5894 
     D244017  2 0.8118 0.0874 0.1008 
     D244112  2 0.1827 0.3572 0.4600 
     D244118  2 0.0726 0.1003 0.8270 
     D244119  2 0.8425 0.1025 0.0550 
     D244120  2 0.7864 0.0597 0.1539 
     D244122  2 0.3582 0.3696 0.2722 
        D291  2 0.4865 0.3090 0.2045 
        D292  2 0.5847 0.2984 0.1168 
        D293  2 0.0127 0.9772 0.0101 
        D322  2 0.0287 0.9028 0.0685 
        D323  2 0.2342 0.6168 0.1490 
        D324  2 0.2851 0.4708 0.2441 
        D325  2 0.0118 0.9646 0.0236 
        D326  2 0.0717 0.8884 0.0399 
        D340  2 0.0174 0.9651 0.0175 
        D341  2 0.0591 0.8626 0.0783 
        D342  2 0.1321 0.3986 0.4693 
        D343  2 0.0085 0.9819 0.0095 
        D344  2 0.1256 0.5910 0.2834 
        D345  2 0.2212 0.3903 0.3885 
        D346  2 0.7804 0.1553 0.0642 
        D351  2 0.0630 0.7845 0.1524 
        D352  2 0.3699 0.4240 0.2062 
        D353  2 0.0316 0.8884 0.0800 
        D354  2 0.4427 0.2818 0.2755 
        D362  2 0.1652 0.6340 0.2007 
        D363  2 0.2986 0.5671 0.1343 
        D364  2 0.2555 0.4739 0.2706 
        D365  2 0.0150 0.9719 0.0131 
        D369  2 0.2922 0.5514 0.1564 
        D374  2 0.9041 0.0245 0.0714 
        D375  2 0.3178 0.3215 0.3607 
        D376  2 0.8773 0.0283 0.0944 
        D377  2 0.3891 0.1902 0.4207 
        D378  2 0.0386 0.8991 0.0623 
        D379  2 0.0638 0.8555 0.0807 
        D384  2 0.0459 0.9075 0.0466 
        D385  2 0.0778 0.8733 0.0489 
        D386  2 0.0333 0.7906 0.1761 
        D391  2 0.0201 0.9631 0.0168 
        D392  2 0.0800 0.7584 0.1616 
        D393  2 0.0811 0.8047 0.1142 
        D394  2 0.1607 0.2718 0.5675 
        D395  2 0.0962 0.8121 0.0917 
        D401  2 0.0500 0.0332 0.9168 
        D402  2 0.0563 0.8934 0.0503 
        D403  2 0.0445 0.5170 0.4385 
        D415  2 0.0185 0.8395 0.1419 
        D435  2 0.0310 0.8521 0.1169 
        D436  2 0.2117 0.5503 0.2380 
        D438  2 0.0308 0.9378 0.0314 
        D439  2 0.0784 0.7246 0.1970 
        D449  2 0.0206 0.9039 0.0755 
        D450  2 0.5791 0.1713 0.2496 
        D456  2 0.0270 0.9273 0.0456 
        D462  2 0.0161 0.9672 0.0167 
        D463  2 0.0364 0.9258 0.0377 
        D464  2 0.1001 0.8242 0.0756 
        D465  2 0.0378 0.8908 0.0715 
        D473  2 0.7017 0.0659 0.2323 
        D474  2 0.2601 0.5980 0.1420 
        D476  2 0.0307 0.2748 0.6945 
        D477  2 0.4182 0.4385 0.1433 
        D478  2 0.4978 0.2323 0.2699 
        D480  2 0.2143 0.7401 0.0455 
        D481  2 0.3462 0.4274 0.2264 
        D482  2 0.7567 0.0612 0.1821 
        D483  2 0.2591 0.5848 0.1561 
        D484  2 0.5232 0.3059 0.1709 
        D510  2 0.9427 0.0275 0.0297 
        D511  2 0.0465 0.8653 0.0882 
        D512  2 0.0535 0.2303 0.7162 
        D513  2 0.0885 0.8397 0.0718 
        D635  2 0.0710 0.6412 0.2878 
        D636  2 0.0175 0.0331 0.9494 
        D637  2 0.2907 0.4958 0.2135 
        D658  2 0.5189 0.2791 0.2020 
        D659  2 0.0788 0.8220 0.0992 
        D677  2 0.1251 0.4423 0.4327 
        D678  2 0.2971 0.3683 0.3346 
        D679  2 0.1029 0.8118 0.0853 
        D719  2 0.5361 0.4336 0.0303 
        D720  2 0.1194 0.7528 0.1278 
        D721  2 0.0486 0.3568 0.5946 
        D722  2 0.8264 0.0713 0.1023 
        D734  2 0.7231 0.2448 0.0321 
        D735  2 0.1631 0.5800 0.2569 
        D736  2 0.7330 0.1672 0.0998 
        D737  2 0.5026 0.1501 0.3473 
        D807  2 0.6153 0.2489 0.1359 
        D808  2 0.0934 0.3333 0.5733 
        D817  2 0.3898 0.4451 0.1650 
        D818  2 0.0476 0.8031 0.1493 
        D819  2 0.1817 0.4189 0.3993 
        D820  2 0.0486 0.9124 0.0390 
        D895  2 0.0667 0.5812 0.3521 
        D896  2 0.0407 0.0189 0.9405 
        D897  2 0.1879 0.6342 0.1779 
        D898  2 0.6473 0.1216 0.2311 
        D918  2 0.1141 0.2929 0.5931 
        D919  2 0.0783 0.8424 0.0793 
        D920  2 0.0236 0.0216 0.9549 
        D923  2 0.0701 0.8328 0.0972 
        D930  2 0.2924 0.5021 0.2054 
        D931  2 0.2526 0.6297 0.1177 
        D968  2 0.0267 0.9551 0.0183 
        D969  2 0.2533 0.6343 0.1124 
        D977  2 0.0385 0.9037 0.0577 
        D978  2 0.4278 0.4187 0.1535 
        D211  3 0.0549 0.1996 0.7456 
     D229639  3 0.8512 0.0848 0.0640 
     D237212  3 0.2354 0.5282 0.2364 
     D237213  3 0.0774 0.2970 0.6256 
     D237214  3 0.0659 0.2629 0.6712 
     D237215  3 0.9027 0.0557 0.0416 
     D237216  3 0.0781 0.4980 0.4238 
     D237217  3 0.0261 0.2714 0.7025 
     D237218  3 0.2041 0.5750 0.2208 
     D237219  3 0.3422 0.0381 0.6197 
     D237382  3 0.2355 0.2747 0.4898 
     D244127  3 0.0598 0.1149 0.8253 
     D244129  3 0.1447 0.4290 0.4263 
     D244133  3 0.4580 0.2639 0.2781 
     D244134  3 0.8135 0.0520 0.1345 
     D244135  3 0.0295 0.2347 0.7358 
     D244136  3 0.4944 0.3354 0.1702 
        D416  3 0.1278 0.5146 0.3576 
        D417  3 0.0494 0.6631 0.2875 
        D419  3 0.2981 0.2255 0.4764 
        D565  3 0.8818 0.0784 0.0398 
        D566  3 0.8505 0.1004 0.0491 
        D567  3 0.0742 0.5751 0.3507 
        D568  3 0.0572 0.4431 0.4997 
        D569  3 0.1348 0.6625 0.2027 
        D573  3 0.1057 0.8415 0.0528 
        D574  3 0.8123 0.0695 0.1182 
        D575  3 0.3448 0.3115 0.3437 
        D576  3 0.7710 0.1319 0.0971 
        D577  3 0.1684 0.5904 0.2412 
        D578  3 0.0228 0.0752 0.9020 
        D579  3 0.4352 0.4133 0.1516 
        D660  3 0.1851 0.3763 0.4387 
        D661  3 0.4692 0.2994 0.2314 
        D663  3 0.3576 0.5545 0.0879 
        D664  3 0.3071 0.0986 0.5943 
        D665  3 0.0559 0.2345 0.7095 
        D666  3 0.4430 0.1582 0.3988 
        D009  4 0.0868 0.2397 0.6734 
        D057  4 0.1954 0.4291 0.3754 
        D109  4 0.0892 0.0668 0.8440 
     D237222  4 0.0700 0.0541 0.8759 
     D237223  4 0.1150 0.2306 0.6544 
     D237224  4 0.3547 0.5133 0.1320 
     D237225  4 0.1073 0.4294 0.4633 
     D237299  4 0.1026 0.2713 0.6261 
     D237300  4 0.8954 0.0498 0.0547 
     D237306  4 0.5022 0.1585 0.3393 
     D237307  4 0.4221 0.4287 0.1492 
     D237308  4 0.2584 0.4484 0.2932 
     D237309  4 0.0886 0.3014 0.6100 
     D237317  4 0.6805 0.1786 0.1409 
     D237318  4 0.7721 0.1991 0.0288 
     D237319  4 0.1488 0.2338 0.6173 
     D237320  4 0.1412 0.2964 0.5624 
     D237321  4 0.7523 0.1117 0.1361 
     D237397  4 0.3868 0.2444 0.3688 
     D237398  4 0.2079 0.6218 0.1703 
     D237399  4 0.5569 0.2242 0.2189 
     D244001  4 0.0424 0.1095 0.8482 
        D289  4 0.4147 0.4765 0.1088 
        D290  4 0.4527 0.2709 0.2764 
        D294  4 0.3522 0.4127 0.2351 
        D295  4 0.2234 0.3491 0.4275 
        D301  4 0.0618 0.0291 0.9091 
        D302  4 0.1103 0.7339 0.1558 
        D303  4 0.7750 0.0849 0.1400 
        D304  4 0.7122 0.1655 0.1223 
        D305  4 0.0545 0.5143 0.4312 
        D306  4 0.5680 0.2182 0.2139 
        D307  4 0.0604 0.0228 0.9168 
        D327  4 0.1710 0.7395 0.0895 
        D328  4 0.7675 0.0818 0.1507 
        D329  4 0.3225 0.2832 0.3944 
        D330  4 0.0303 0.4900 0.4797 
        D331  4 0.5524 0.1860 0.2617 
        D333  4 0.4451 0.2289 0.3259 
        D334  4 0.6533 0.1482 0.1985 
        D335  4 0.0871 0.8257 0.0872 
        D370  4 0.5740 0.0760 0.3500 
        D371  4 0.7826 0.1584 0.0590 
        D372  4 0.8132 0.0744 0.1123 
        D373  4 0.0511 0.1111 0.8378 
        D455  4 0.0401 0.0551 0.9047 
        D490  4 0.0193 0.0197 0.9609 
        D497  4 0.0451 0.0277 0.9272 
        D498  4 0.5372 0.1229 0.3399 
        D499  4 0.6475 0.2441 0.1084 
        D514  4 0.1992 0.5683 0.2325 
        D515  4 0.0460 0.1739 0.7801 
        D516  4 0.1699 0.3245 0.5056 
        D517  4 0.0466 0.0462 0.9072 
        D518  4 0.2162 0.3539 0.4300 
        D519  4 0.0506 0.2425 0.7069 
        D560  4 0.0435 0.2871 0.6694 
        D561  4 0.0179 0.6665 0.3156 
        D562  4 0.3593 0.3343 0.3064 
        D563  4 0.0691 0.7413 0.1896 
        D572  4 0.1619 0.6316 0.2065 
        D629  4 0.1435 0.5013 0.3551 
        D630  4 0.3563 0.3112 0.3325 
        D631  4 0.3977 0.4399 0.1623 
        D632  4 0.0473 0.1852 0.7674 
        D646  4 0.0361 0.5024 0.4615 
        D647  4 0.0390 0.5993 0.3617 
        D648  4 0.6630 0.1278 0.2092 
        D649  4 0.0734 0.3798 0.5468 
        D650  4 0.3423 0.3469 0.3108 
        D708  4 0.7110 0.1337 0.1553 
        D709  4 0.5321 0.1781 0.2898 
        D738  4 0.4654 0.1420 0.3927 
        D739  4 0.2218 0.1849 0.5933 
        D740  4 0.4951 0.1657 0.3392 
        D741  4 0.0222 0.7236 0.2541 
        D742  4 0.3816 0.5104 0.1079 
        D743  4 0.1055 0.8396 0.0549 
        D744  4 0.0702 0.8248 0.1050 
        D745  4 0.0336 0.1318 0.8346 
        D814  4 0.0818 0.7152 0.2030 
        D815  4 0.3207 0.4732 0.2061 
        D828  4 0.8310 0.0426 0.1265 
        D845  4 0.7506 0.2141 0.0354 
        D846  4 0.0559 0.7713 0.1729 
        D847  4 0.3630 0.3082 0.3288 
        D848  4 0.0736 0.1208 0.8056 
        D849  4 0.0320 0.1348 0.8332 
        D850  4 0.1381 0.6352 0.2267 
        D856  4 0.1362 0.2203 0.6436 
        D857  4 0.0384 0.0189 0.9427 
        D859  4 0.4467 0.3649 0.1884 
        D860  4 0.6811 0.2706 0.0483 
        D883  4 0.3451 0.2161 0.4388 
        D884  4 0.1975 0.1713 0.6312 
        D885  4 0.0895 0.7782 0.1323 
        D886  4 0.0956 0.2276 0.6768 
        D887  4 0.4689 0.3095 0.2217 
        D889  4 0.7828 0.1592 0.0580 
        D890  4 0.5160 0.1563 0.3276 
        D891  4 0.8132 0.1641 0.0227 
        D899  4 0.6904 0.2499 0.0597 
        D900  4 0.3378 0.4359 0.2263 
        D970  4 0.3483 0.4704 0.1813 
        D971  4 0.0626 0.8336 0.1039 
        D979  4 0.1204 0.8342 0.0454 
        D093  5 0.8084 0.0676 0.1240 
        D154  5 0.2712 0.5599 0.1688 
        D168  5 0.0867 0.4958 0.4176 
        D189  5 0.8154 0.0987 0.0858 
        D190  5 0.8895 0.0769 0.0336 
     D237220  5 0.2850 0.1686 0.5464 
     D237221  5 0.6552 0.2356 0.1093 
     D237274  5 0.0484 0.8113 0.1403 
     D237275  5 0.3241 0.5051 0.1708 
     D237276  5 0.3072 0.1632 0.5296 
     D237277  5 0.8125 0.1253 0.0622 
     D237278  5 0.5196 0.2288 0.2515 
     D237279  5 0.0334 0.3045 0.6621 
     D237280  5 0.1602 0.1707 0.6692 
     D237281  5 0.1517 0.7781 0.0701 
     D237351  5 0.1059 0.0649 0.8292 
     D237352  5 0.0820 0.3496 0.5684 
     D237353  5 0.9197 0.0419 0.0384 
     D237359  5 0.3187 0.2440 0.4373 
     D237361  5 0.9144 0.0418 0.0438 
     D237362  5 0.4128 0.4387 0.1485 
     D237363  5 0.1692 0.6118 0.2190 
     D237364  5 0.1007 0.6173 0.2820 
     D237376  5 0.8959 0.0373 0.0669 
     D237377  5 0.1029 0.5206 0.3765 
     D237378  5 0.8921 0.0374 0.0705 
     D237379  5 0.7326 0.1354 0.1319 
     D237380  5 0.0705 0.0296 0.8999 
     D237381  5 0.1346 0.1335 0.7319 
     D237391  5 0.8525 0.0667 0.0808 
     D237392  5 0.0571 0.8082 0.1347 
     D237393  5 0.4148 0.3348 0.2503 
     D237394  5 0.8404 0.0923 0.0674 
     D237395  5 0.6328 0.1018 0.2654 
     D237396  5 0.1204 0.7412 0.1383 
     D244016  5 0.6046 0.3146 0.0808 
     D244018  5 0.2636 0.5522 0.1842 
     D244019  5 0.2417 0.6490 0.1093 
        D279  5 0.3393 0.4541 0.2066 
        D280  5 0.6938 0.1565 0.1497 
        D281  5 0.5290 0.4065 0.0644 
        D283  5 0.7131 0.2089 0.0780 
        D284  5 0.1368 0.1846 0.6785 
        D285  5 0.8094 0.1106 0.0800 
        D286  5 0.5838 0.1718 0.2444 
        D287  5 0.7584 0.0328 0.2088 
        D288  5 0.7545 0.1829 0.0627 
        D308  5 0.0233 0.0656 0.9111 
        D309  5 0.0243 0.8333 0.1424 
        D310  5 0.9559 0.0219 0.0222 
        D311  5 0.4927 0.3659 0.1414 
        D312  5 0.6484 0.1775 0.1741 
        D313  5 0.0183 0.0150 0.9667 
        D314  5 0.3921 0.2316 0.3763 
        D315  5 0.6530 0.1593 0.1876 
        D317  5 0.8797 0.0634 0.0569 
        D318  5 0.2459 0.5393 0.2148 
        D319  5 0.8903 0.0485 0.0611 
        D320  5 0.8934 0.0401 0.0665 
        D321  5 0.1344 0.1176 0.7480 
        D336  5 0.9016 0.0504 0.0480 
        D337  5 0.9539 0.0293 0.0168 
        D338  5 0.3584 0.3306 0.3110 
        D339  5 0.7937 0.0830 0.1232 
        D347  5 0.5719 0.3201 0.1080 
        D348  5 0.9106 0.0650 0.0243 
        D349  5 0.0637 0.0395 0.8968 
        D350  5 0.0472 0.7843 0.1686 
        D355  5 0.1057 0.8637 0.0306 
        D356  5 0.6892 0.1235 0.1873 
        D357  5 0.6511 0.1455 0.2034 
        D358  5 0.5519 0.2466 0.2015 
        D359  5 0.6588 0.2687 0.0724 
        D360  5 0.7512 0.0873 0.1615 
        D361  5 0.0311 0.0476 0.9213 
        D366  5 0.0226 0.9489 0.0285 
        D367  5 0.8252 0.0568 0.1181 
        D368  5 0.4917 0.1526 0.3557 
        D380  5 0.0577 0.7262 0.2161 
        D381  5 0.8083 0.1184 0.0733 
        D400  5 0.7049 0.1793 0.1158 
        D411  5 0.0178 0.0275 0.9547 
        D412  5 0.4593 0.2400 0.3007 
        D413  5 0.0411 0.8873 0.0716 
        D414  5 0.2231 0.6365 0.1404 
        D420  5 0.5022 0.1197 0.3781 
        D431  5 0.8091 0.0327 0.1582 
        D432  5 0.7126 0.0847 0.2027 
        D433  5 0.8859 0.0513 0.0628 
        D434  5 0.7090 0.1220 0.1690 
        D440  5 0.0488 0.7414 0.2098 
        D447  5 0.0424 0.8356 0.1220 
        D448  5 0.8961 0.0678 0.0361 
        D459  5 0.1818 0.7906 0.0276 
        D460  5 0.0583 0.1094 0.8323 
        D461  5 0.0929 0.7842 0.1228 
        D468  5 0.3677 0.4038 0.2285 
        D469  5 0.2334 0.4750 0.2916 
        D470  5 0.2061 0.2052 0.5887 
        D471  5 0.8462 0.1197 0.0341 
        D472  5 0.0408 0.9302 0.0290 
        D479  5 0.0688 0.8384 0.0928 
        D485  5 0.5663 0.1573 0.2764 
        D486  5 0.2146 0.3541 0.4313 
        D487  5 0.8607 0.0580 0.0812 
        D555  5 0.8786 0.0792 0.0422 
        D556  5 0.8541 0.0551 0.0908 
        D557  5 0.9104 0.0590 0.0306 
        D564  5 0.6868 0.1124 0.2008 
        D594  5 0.2331 0.6394 0.1275 
        D595  5 0.6029 0.2544 0.1427 
        D596  5 0.9163 0.0373 0.0464 
        D597  5 0.4675 0.4685 0.0640 
        D598  5 0.5414 0.1345 0.3241 
        D617  5 0.0363 0.1122 0.8515 
        D618  5 0.7438 0.1368 0.1195 
        D619  5 0.2611 0.3687 0.3702 
        D620  5 0.0566 0.9006 0.0428 
        D628  5 0.2873 0.1980 0.5147 
        D714  5 0.9181 0.0462 0.0358 
        D715  5 0.7958 0.1526 0.0516 
        D716  5 0.5717 0.3237 0.1046 
        D717  5 0.3276 0.4120 0.2604 
        D718  5 0.3364 0.0855 0.5781 
        D769  5 0.0471 0.0845 0.8684 
        D770  5 0.5295 0.3450 0.1255 
        D771  5 0.5012 0.2091 0.2897 
        D772  5 0.7516 0.1274 0.1210 
        D782  5 0.0792 0.5186 0.4022 
        D783  5 0.3890 0.4755 0.1355 
        D784  5 0.2191 0.6622 0.1186 
        D785  5 0.7917 0.0712 0.1371 
        D786  5 0.0433 0.2588 0.6979 
        D821  5 0.9563 0.0245 0.0192 
        D822  5 0.2132 0.6957 0.0912 
        D826  5 0.7280 0.2026 0.0694 
        D827  5 0.0573 0.8725 0.0702 
        D851  5 0.3525 0.3755 0.2720 
        D852  5 0.7681 0.0796 0.1523 
        D853  5 0.7257 0.1289 0.1454 
        D854  5 0.1938 0.5140 0.2922 
        D861  5 0.4647 0.3283 0.2070 
        D862  5 0.4488 0.4273 0.1240 
        D865  5 0.8912 0.0360 0.0728 
        D868  5 0.2594 0.4904 0.2502 
        D869  5 0.0297 0.0482 0.9221 
        D870  5 0.0299 0.6741 0.2961 
        D907  5 0.8264 0.0427 0.1309 
        D908  5 0.8837 0.0399 0.0764 
        D910  5 0.7585 0.1953 0.0461 
        D911  5 0.1873 0.7894 0.0233 
        D934  5 0.6094 0.2640 0.1266 
        D946  5 0.7699 0.0597 0.1703 
        D947  5 0.4278 0.3033 0.2688 
        D948  5 0.0797 0.0502 0.8701 
        D949  5 0.0787 0.0510 0.8703 
        D950  5 0.1859 0.7878 0.0263 
        D951  5 0.0928 0.7346 0.1727 
        D952  5 0.3487 0.5348 0.1165 
        D953  5 0.8623 0.0516 0.0861 
        D954  5 0.4311 0.4405 0.1283 
        D961  5 0.5714 0.0789 0.3497 
        D962  5 0.8657 0.0552 0.0791 
        D963  5 0.4948 0.4266 0.0786 
        D964  5 0.4605 0.1508 0.3887 
        D965  5 0.3581 0.3694 0.2726 
        D966  5 0.7094 0.2228 0.0678 
        D967  5 0.6405 0.1598 0.1998 
        D991  5 0.3020 0.1362 0.5618 
        D502  6 0.0812 0.3571 0.5617 
        D503  6 0.2230 0.1123 0.6647 
        D504  6 0.2373 0.5585 0.2042 
        D505  6 0.5776 0.3038 0.1186 
        D506  6 0.9087 0.0384 0.0529 
        D507  6 0.2773 0.3681 0.3545 
        D508  6 0.3690 0.4533 0.1778 
        D529  6 0.4027 0.2127 0.3847 
        D530  6 0.5442 0.0868 0.3690 
        D531  6 0.3746 0.4000 0.2254 
        D532  6 0.3952 0.4860 0.1188 
        D534  6 0.0359 0.0915 0.8725 
        D535  6 0.5045 0.3106 0.1849 
        D536  6 0.0525 0.6269 0.3206 
        D554  6 0.5909 0.1183 0.2908 
        D587  6 0.7470 0.1448 0.1082 
        D588  6 0.3574 0.5261 0.1164 
        D589  6 0.5885 0.2185 0.1930 
        D590  6 0.0724 0.7687 0.1589 
        D591  6 0.5106 0.2179 0.2715 
        D592  6 0.0671 0.0535 0.8794 
        D593  6 0.6737 0.1066 0.2197 
        D682  6 0.8803 0.0379 0.0818 
        D683  6 0.4391 0.3745 0.1864 
        D684  6 0.0513 0.4338 0.5149 
        D685  6 0.5696 0.1503 0.2802 
        D686  6 0.7256 0.1236 0.1508 
        D724  6 0.1707 0.4013 0.4280 
        D725  6 0.5166 0.2758 0.2077 
        D726  6 0.8514 0.0407 0.1079 
        D727  6 0.0824 0.8147 0.1029 
        D728  6 0.7171 0.1215 0.1614 
        D729  6 0.0190 0.6773 0.3038 
        D730  6 0.1647 0.3038 0.5314 
        D731  6 0.9282 0.0469 0.0250 
        D732  6 0.2467 0.5480 0.2053 
        D733  6 0.4367 0.1487 0.4146 
     D237251  7 0.7787 0.1034 0.1179 
     D237252  7 0.0941 0.1434 0.7625 
     D237253  7 0.6966 0.1801 0.1234 
     D237254  7 0.0212 0.1084 0.8704 
     D237255  7 0.7787 0.1305 0.0908 
     D237256  7 0.2282 0.6728 0.0990 
     D237257  7 0.1193 0.3499 0.5308 
     D237282  7 0.0381 0.7247 0.2372 
     D237283  7 0.0308 0.0233 0.9459 
     D237284  7 0.0184 0.0677 0.9139 
     D237285  7 0.5915 0.2274 0.1811 
     D237286  7 0.3668 0.4860 0.1472 
     D237287  7 0.1632 0.6662 0.1706 
     D244006  7 0.0266 0.0856 0.8878 
     D244007  7 0.0508 0.8838 0.0654 
     D244008  7 0.0540 0.0388 0.9072 
     D244009  7 0.1371 0.0723 0.7906 
     D244010  7 0.1492 0.2637 0.5871 
     D244011  7 0.6168 0.1783 0.2050 
     D244012  7 0.1463 0.4632 0.3905 
     D244013  7 0.6801 0.1874 0.1325 
     D244014  7 0.2354 0.1975 0.5671 
     D244015  7 0.0394 0.3906 0.5701 
     D244125  7 0.6915 0.2373 0.0712 
     D244126  7 0.0148 0.0328 0.9524 
     D244130  7 0.2367 0.2171 0.5462 
     D244131  7 0.4532 0.3280 0.2188 
     D244132  7 0.6058 0.2216 0.1727 
        D520  7 0.3891 0.1185 0.4924 
        D521  7 0.2226 0.3647 0.4127 
        D522  7 0.0680 0.1735 0.7585 
        D523  7 0.7386 0.1465 0.1148 
        D524  7 0.6034 0.1546 0.2419 
        D525  7 0.1758 0.0849 0.7392 
        D526  7 0.0229 0.1061 0.8710 
        D527  7 0.3879 0.2700 0.3421 
        D528  7 0.0151 0.5401 0.4448 
        D558  7 0.0429 0.7049 0.2522 
        D559  7 0.0838 0.6464 0.2698 
        D640  7 0.6955 0.1631 0.1415 
        D641  7 0.7424 0.0545 0.2031 
        D642  7 0.0967 0.1793 0.7239 
        D644  7 0.4781 0.1303 0.3916 
        D645  7 0.3694 0.2389 0.3917 
        D662  7 0.0836 0.1378 0.7786 
        D687  7 0.4903 0.2246 0.2851 
        D688  7 0.0866 0.5904 0.3230 
        D689  7 0.7314 0.1395 0.1291 
        D700  7 0.0143 0.5774 0.4083 
        D797  7 0.6061 0.1627 0.2313 
        D798  7 0.0410 0.1470 0.8120 
        D799  7 0.5479 0.1433 0.3087 
        D800  7 0.0785 0.5698 0.3517 
        D132  8 0.0252 0.0400 0.9347 
        D133  8 0.0412 0.7420 0.2168 
        D200  8 0.5854 0.1630 0.2516 
        D500  8 0.0239 0.0206 0.9556 
        D614  8 0.6057 0.1002 0.2942 
        D723  8 0.0458 0.5572 0.3970 
        D888  8 0.8651 0.0797 0.0553 
        D901  8 0.1274 0.1249 0.7477 
        D902  8 0.7740 0.0880 0.1380 
        D903  8 0.1633 0.7582 0.0785 
        D904  8 0.2125 0.4239 0.3637 
        D905  8 0.9714 0.0143 0.0143 
        D906  8 0.1254 0.7028 0.1719 
        D937  8 0.9140 0.0216 0.0644 
        D943  8 0.1222 0.3303 0.5475 
        D972  8 0.0518 0.3149 0.6333 
        D973  8 0.0618 0.5027 0.4355 
        D974  8 0.2986 0.2998 0.4017 
        D975  8 0.6085 0.2088 0.1827 
        D976  8 0.4043 0.1781 0.4175 
        D201  9 0.3186 0.3049 0.3765 
        D202  9 0.4392 0.1660 0.3948 
     D237259  9 0.0194 0.7561 0.2246 
     D237260  9 0.2823 0.1261 0.5916 
     D237262  9 0.0267 0.0265 0.9467 
     D237263  9 0.1536 0.1585 0.6879 
     D237264  9 0.2647 0.3009 0.4344 
     D237265  9 0.6851 0.0826 0.2323 
     D237266  9 0.0506 0.5736 0.3758 
     D237267  9 0.4079 0.2478 0.3443 
     D237268  9 0.1588 0.1362 0.7050 
     D237289  9 0.6503 0.1335 0.2162 
     D237290  9 0.4663 0.2547 0.2790 
     D237291  9 0.5009 0.2664 0.2327 
     D237292  9 0.1005 0.3464 0.5531 
     D237293  9 0.2792 0.1643 0.5565 
     D237294  9 0.1692 0.0314 0.7994 
     D237295  9 0.3493 0.2216 0.4291 
     D237296  9 0.5686 0.1416 0.2898 
     D237297  9 0.7771 0.1154 0.1075 
     D237298  9 0.1667 0.3903 0.4430 
     D237341  9 0.4066 0.3805 0.2129 
     D237342  9 0.0898 0.0821 0.8281 
     D237343  9 0.1096 0.1847 0.7057 
     D237344  9 0.7069 0.1519 0.1411 
     D237345  9 0.0198 0.0423 0.9379 
     D237346  9 0.6517 0.1246 0.2237 
     D237347  9 0.8592 0.0773 0.0635 
     D237348  9 0.2935 0.2653 0.4412 
     D237349  9 0.0271 0.7853 0.1877 
     D244109  9 0.0423 0.7047 0.2530 
     D244110  9 0.1801 0.5194 0.3005 
     D244111  9 0.2900 0.4689 0.2411 
     D244128  9 0.0479 0.0782 0.8739 
     D244137  9 0.0791 0.7386 0.1823 
     D244138  9 0.5649 0.1811 0.2540 
        D580  9 0.0582 0.2594 0.6824 
        D581  9 0.3833 0.2859 0.3308 
        D582  9 0.0240 0.0229 0.9531 
        D583  9 0.2474 0.2431 0.5095 
        D584  9 0.4812 0.1156 0.4033 
        D585  9 0.0773 0.1353 0.7874 
        D586  9 0.9187 0.0376 0.0437 
        D651  9 0.2257 0.6372 0.1370 
        D652  9 0.0323 0.5140 0.4537 
        D653  9 0.1643 0.7657 0.0700 
        D654  9 0.0434 0.7780 0.1786 
        D655  9 0.7833 0.1217 0.0950 
        D656  9 0.0317 0.1029 0.8654 
        D657  9 0.1951 0.3258 0.4791 
        D667  9 0.8367 0.0694 0.0938 
        D668  9 0.2758 0.0843 0.6400 
        D669  9 0.5086 0.1928 0.2987 
        D670  9 0.0492 0.8276 0.1232 
        D671  9 0.2678 0.4499 0.2823 
        D672  9 0.0590 0.0762 0.8648 
        D673  9 0.4722 0.0968 0.4310 
        D692  9 0.0371 0.3382 0.6247 
        D693  9 0.4218 0.2313 0.3469 
        D694  9 0.0860 0.0506 0.8634 
        D695  9 0.1940 0.1558 0.6502 
        D696  9 0.9489 0.0216 0.0294 
        D697  9 0.6489 0.1973 0.1538 
        D698  9 0.5526 0.2547 0.1927 
        D699  9 0.7298 0.0485 0.2218 
        D787  9 0.0530 0.5600 0.3869 
        D788  9 0.6006 0.1265 0.2729 
        D789  9 0.3080 0.1578 0.5342 
        D790  9 0.1392 0.5106 0.3501 
        D791  9 0.7426 0.1054 0.1520 
        D792  9 0.0800 0.6810 0.2390 
        D793  9 0.6883 0.2337 0.0781 
        D794  9 0.3227 0.4809 0.1964 
        D795  9 0.1390 0.0256 0.8354 
        D796  9 0.6636 0.1481 0.1883 
        D142 10 0.6180 0.2590 0.1230 
        D143 10 0.0988 0.7314 0.1698 
        D144 10 0.3754 0.2483 0.3763 
        D145 10 0.6859 0.1620 0.1520 
        D146 10 0.0732 0.1586 0.7681 
        D147 10 0.0802 0.4729 0.4469 
        D148 10 0.0787 0.6900 0.2313 
        D149 10 0.1712 0.6565 0.1723 
        D151 10 0.1206 0.5692 0.3102 
        D152 10 0.2775 0.6076 0.1149 
        D153 10 0.3367 0.2929 0.3704 
        D156 10 0.1141 0.7478 0.1381 
        D157 10 0.6560 0.0515 0.2926 
        D158 10 0.6645 0.0748 0.2607 
        D159 10 0.0568 0.8909 0.0523 
        D160 10 0.9698 0.0134 0.0168 
        D161 10 0.2607 0.5472 0.1922 
        D162 10 0.4030 0.5059 0.0912 
        D169 10 0.0544 0.0878 0.8578 
        D170 10 0.0657 0.0610 0.8733 
        D171 10 0.3970 0.2363 0.3667 
        D172 10 0.2252 0.3008 0.4740 
        D173 10 0.0113 0.9468 0.0419 
        D181 10 0.7004 0.1923 0.1073 
        D182 10 0.1187 0.5644 0.3169 
        D183 10 0.7905 0.0680 0.1415 
        D184 10 0.0152 0.0489 0.9359 
        D185 10 0.1528 0.5736 0.2736 
        D186 10 0.0265 0.0440 0.9295 
        D194 10 0.0646 0.1565 0.7789 
        D195 10 0.6075 0.2632 0.1293 
        D196 10 0.3579 0.5913 0.0508 
        D197 10 0.0649 0.0650 0.8701 
        D198 10 0.2509 0.3903 0.3588 
     D237226 10 0.3043 0.3721 0.3236 
     D237232 10 0.7229 0.1379 0.1392 
     D237233 10 0.5819 0.1087 0.3095 
     D237234 10 0.6924 0.1330 0.1746 
     D237354 10 0.7986 0.1696 0.0319 
     D237355 10 0.8299 0.1211 0.0490 
     D237356 10 0.3911 0.3106 0.2982 
     D237357 10 0.0896 0.5398 0.3707 
     D237358 10 0.0385 0.6254 0.3361 
     D237369 10 0.0166 0.2012 0.7822 
     D237370 10 0.7214 0.1555 0.1232 
     D237371 10 0.1724 0.4530 0.3746 
     D237372 10 0.0454 0.4065 0.5481 
     D237373 10 0.8273 0.0861 0.0866 
     D237374 10 0.9149 0.0552 0.0300 
     D237375 10 0.1336 0.6865 0.1799 
     D237400 10 0.3871 0.4755 0.1374 
     D244002 10 0.0276 0.5327 0.4397 
     D244003 10 0.9088 0.0177 0.0735 
     D244004 10 0.9473 0.0140 0.0387 
     D244005 10 0.3444 0.2303 0.4253 
     D244020 10 0.5567 0.2800 0.1633 
     D244021 10 0.0573 0.3062 0.6365 
     D244116 10 0.1081 0.1438 0.7481 
     D244117 10 0.8273 0.0754 0.0973 
     D244121 10 0.7291 0.0572 0.2138 
     D244123 10 0.7845 0.0972 0.1183 
     D244124 10 0.2183 0.1328 0.6489 
        D332 10 0.1048 0.7600 0.1352 
        D570 10 0.8134 0.0891 0.0975 
        D602 10 0.0371 0.8363 0.1266 
        D603 10 0.4617 0.1917 0.3466 
        D604 10 0.1222 0.7834 0.0944 
        D605 10 0.2810 0.4192 0.2997 
        D606 10 0.1270 0.0508 0.8223 
        D607 10 0.0331 0.9073 0.0596 
        D608 10 0.0172 0.9623 0.0204 
        D609 10 0.7015 0.1099 0.1886 
        D610 10 0.5766 0.3038 0.1196 
        D611 10 0.9636 0.0124 0.0240 
        D613 10 0.4730 0.3983 0.1287 
        D633 10 0.1150 0.6961 0.1889 
        D634 10 0.5189 0.2031 0.2781 
        D638 10 0.5744 0.2644 0.1612 
        D681 10 0.3391 0.1543 0.5065 
        D754 10 0.2929 0.0530 0.6541 
        D755 10 0.9021 0.0294 0.0685 
        D756 10 0.6652 0.0700 0.2648 
        D757 10 0.3500 0.2931 0.3570 
        D758 10 0.3492 0.2086 0.4422 
        D759 10 0.8383 0.0814 0.0804 
        D760 10 0.5764 0.2834 0.1402 
        D761 10 0.9432 0.0282 0.0286 
        D762 10 0.1037 0.7458 0.1505 
        D775 10 0.8702 0.0239 0.1058 
        D776 10 0.7625 0.1674 0.0702 
        D777 10 0.7491 0.0543 0.1966 
        D778 10 0.3264 0.2151 0.4586 
        D779 10 0.4560 0.0628 0.4813 
        D780 10 0.5981 0.2588 0.1431 
        D781 10 0.1012 0.7781 0.1207 
        D858 10 0.0180 0.0307 0.9512 
        D933 10 0.4152 0.5314 0.0534 
        D038 11 0.5739 0.1527 0.2733 
        D063 11 0.7159 0.1167 0.1675 
        D155 11 0.7446 0.1383 0.1171 
        D175 11 0.3779 0.1181 0.5039 
        D176 11 0.5191 0.2685 0.2124 
        D205 11 0.5402 0.0503 0.4094 
     D237229 11 0.0534 0.6064 0.3402 
     D237230 11 0.0185 0.8932 0.0883 
     D237231 11 0.0501 0.8452 0.1047 
     D237269 11 0.2311 0.5871 0.1818 
     D237270 11 0.0395 0.0954 0.8651 
     D237271 11 0.5410 0.1761 0.2829 
     D237272 11 0.0331 0.6711 0.2958 
     D237273 11 0.8036 0.0863 0.1101 
     D237301 11 0.2110 0.6758 0.1132 
     D237302 11 0.1225 0.1773 0.7002 
     D237303 11 0.0273 0.3201 0.6526 
     D237304 11 0.2047 0.3353 0.4600 
     D237305 11 0.0884 0.0378 0.8738 
     D237314 11 0.7234 0.0804 0.1963 
     D237315 11 0.0703 0.1118 0.8179 
     D237316 11 0.1574 0.6933 0.1493 
     D237328 11 0.1569 0.3824 0.4607 
     D237329 11 0.2456 0.3657 0.3887 
     D237330 11 0.8953 0.0497 0.0550 
     D237331 11 0.7414 0.1559 0.1027 
     D237332 11 0.3408 0.3355 0.3236 
     D237333 11 0.8461 0.1113 0.0426 
     D237334 11 0.1438 0.7366 0.1196 
     D237335 11 0.3869 0.2100 0.4031 
     D237336 11 0.7655 0.0834 0.1512 
     D237350 11 0.6034 0.2458 0.1508 
     D237383 11 0.4513 0.1177 0.4310 
     D237384 11 0.1942 0.3690 0.4368 
     D237385 11 0.2669 0.3356 0.3975 
     D237386 11 0.2047 0.6447 0.1506 
     D237387 11 0.1218 0.4685 0.4097 
     D237388 11 0.7969 0.1400 0.0632 
        D239 11 0.7792 0.1255 0.0953 
        D240 11 0.5736 0.1550 0.2714 
        D241 11 0.0783 0.5986 0.3231 
        D242 11 0.2220 0.5802 0.1979 
        D243 11 0.7129 0.0982 0.1889 
        D244 11 0.7997 0.0363 0.1640 
        D245 11 0.0786 0.2104 0.7110 
        D246 11 0.4669 0.1824 0.3507 
        D247 11 0.2322 0.3611 0.4066 
        D248 11 0.1334 0.8090 0.0576 
        D249 11 0.2924 0.1100 0.5976 
        D250 11 0.3012 0.6446 0.0542 
        D251 11 0.6136 0.1081 0.2783 
        D252 11 0.2128 0.3976 0.3896 
        D253 11 0.7700 0.0780 0.1519 
        D254 11 0.0215 0.4494 0.5291 
        D255 11 0.4756 0.3457 0.1787 
        D256 11 0.5783 0.2185 0.2033 
        D257 11 0.0529 0.0796 0.8674 
        D258 11 0.0557 0.1282 0.8161 
        D259 11 0.0374 0.0747 0.8879 
        D260 11 0.3311 0.2209 0.4481 
        D261 11 0.5686 0.2525 0.1789 
        D262 11 0.1946 0.2518 0.5537 
        D263 11 0.5027 0.1281 0.3692 
        D264 11 0.0640 0.2831 0.6529 
        D265 11 0.1788 0.4882 0.3330 
        D266 11 0.4602 0.4598 0.0800 
        D267 11 0.5531 0.1293 0.3176 
        D268 11 0.7920 0.1544 0.0536 
        D269 11 0.3158 0.5361 0.1481 
        D270 11 0.1499 0.4805 0.3696 
        D271 11 0.4017 0.1617 0.4366 
        D272 11 0.4860 0.3237 0.1903 
        D273 11 0.0150 0.0352 0.9498 
        D274 11 0.4193 0.1946 0.3861 
        D275 11 0.3202 0.4093 0.2705 
        D276 11 0.6476 0.2679 0.0846 
        D277 11 0.3719 0.4242 0.2039 
        D278 11 0.4872 0.1216 0.3912 
        D282 11 0.0636 0.0670 0.8694 
        D296 11 0.5931 0.2837 0.1232 
        D297 11 0.4585 0.2511 0.2904 
        D298 11 0.5609 0.3319 0.1071 
        D299 11 0.7158 0.1147 0.1695 
        D300 11 0.5425 0.2615 0.1960 
        D382 11 0.4745 0.2861 0.2394 
        D383 11 0.4168 0.0361 0.5471 
        D387 11 0.6670 0.1425 0.1905 
        D388 11 0.0857 0.8586 0.0557 
        D389 11 0.6061 0.2929 0.1010 
        D390 11 0.2107 0.7185 0.0708 
        D396 11 0.1882 0.7099 0.1019 
        D397 11 0.0752 0.0623 0.8625 
        D398 11 0.5082 0.0748 0.4170 
        D399 11 0.0768 0.6651 0.2581 
        D437 11 0.1189 0.2578 0.6232 
        D441 11 0.8714 0.0910 0.0376 
        D442 11 0.4886 0.2125 0.2989 
        D443 11 0.9081 0.0580 0.0338 
        D444 11 0.2719 0.5948 0.1333 
        D445 11 0.0799 0.3753 0.5447 
        D446 11 0.0685 0.5486 0.3829 
        D451 11 0.3303 0.3533 0.3165 
        D452 11 0.3591 0.4438 0.1972 
        D453 11 0.0891 0.8055 0.1053 
        D454 11 0.0960 0.1779 0.7260 
        D457 11 0.3871 0.1301 0.4828 
        D458 11 0.5342 0.3409 0.1250 
        D466 11 0.0832 0.6523 0.2646 
        D467 11 0.7387 0.0940 0.1673 
        D475 11 0.0526 0.0422 0.9051 
        D488 11 0.1532 0.7785 0.0684 
        D489 11 0.0950 0.2791 0.6259 
        D493 11 0.0648 0.6742 0.2610 
        D494 11 0.2264 0.6093 0.1643 
        D495 11 0.1424 0.2365 0.6211 
        D496 11 0.8537 0.1223 0.0240 
        D674 11 0.7376 0.1331 0.1293 
        D675 11 0.7247 0.2429 0.0323 
        D676 11 0.3078 0.1154 0.5768 
        D680 11 0.7680 0.0324 0.1996 
        D701 11 0.2586 0.4160 0.3254 
        D702 11 0.0506 0.3204 0.6290 
        D703 11 0.3395 0.3950 0.2655 
        D704 11 0.4473 0.2752 0.2776 
        D705 11 0.0177 0.5466 0.4357 
        D706 11 0.3315 0.1329 0.5356 
        D707 11 0.1599 0.4070 0.4331 
        D751 11 0.2733 0.3945 0.3321 
        D752 11 0.6664 0.1576 0.1761 
        D753 11 0.0367 0.8124 0.1509 
        D773 11 0.0126 0.0236 0.9638 
        D774 11 0.2123 0.5810 0.2067 
        D801 11 0.4799 0.4067 0.1133 
        D802 11 0.0675 0.7434 0.1891 
        D803 11 0.8352 0.0893 0.0755 
        D804 11 0.2404 0.4734 0.2863 
        D805 11 0.3700 0.2879 0.3421 
        D806 11 0.0255 0.0424 0.9321 
        D809 11 0.6013 0.2240 0.1747 
        D810 11 0.8267 0.1356 0.0377 
        D812 11 0.2002 0.3400 0.4597 
        D813 11 0.6774 0.2043 0.1183 
        D823 11 0.5771 0.2169 0.2061 
        D824 11 0.5842 0.2327 0.1831 
        D829 11 0.2079 0.6957 0.0964 
        D830 11 0.0580 0.4223 0.5197 
        D831 11 0.3823 0.2645 0.3532 
        D832 11 0.3631 0.3043 0.3326 
        D833 11 0.6011 0.2995 0.0995 
        D834 11 0.4355 0.3731 0.1914 
        D835 11 0.1553 0.0989 0.7458 
        D855 11 0.4390 0.2940 0.2670 
        D863 11 0.9219 0.0332 0.0449 
        D864 11 0.6758 0.1396 0.1846 
        D878 11 0.6826 0.1790 0.1383 
        D879 11 0.0779 0.1000 0.8220 
        D880 11 0.2997 0.6507 0.0496 
        D881 11 0.9030 0.0373 0.0597 
        D882 11 0.2514 0.6640 0.0846 
        D909 11 0.3486 0.4813 0.1700 
        D921 11 0.7311 0.1470 0.1219 
        D924 11 0.6275 0.3264 0.0461 
        D935 11 0.1494 0.5950 0.2556 
        D940 11 0.9156 0.0519 0.0326 
        D941 11 0.5847 0.3084 0.1068 
        D942 11 0.0251 0.0569 0.9180 
        D980 11 0.1617 0.5903 0.2480 
        D981 11 0.1074 0.1374 0.7552 
        D982 11 0.0870 0.8156 0.0975 
        D983 11 0.7133 0.1967 0.0900 
        D984 11 0.4091 0.4738 0.1171 
        D992 11 0.0489 0.1062 0.8449 
        D993 11 0.5154 0.3023 0.1823 
        D994 11 0.5530 0.2028 0.2441 
        D995 11 0.2518 0.1528 0.5954 
        H354 11 0.0360 0.3712 0.5928 
        D005 12 0.0906 0.5386 0.3707 
        D035 12 0.6201 0.1702 0.2097 
        D067 12 0.4321 0.4044 0.1635 
        D134 12 0.5242 0.1827 0.2931 
        D135 12 0.2939 0.4549 0.2511 
        D136 12 0.0378 0.7106 0.2516 
        D137 12 0.0612 0.7968 0.1420 
        D138 12 0.4793 0.2241 0.2966 
        D139 12 0.2617 0.6485 0.0898 
        D140 12 0.3535 0.3487 0.2978 
        D141 12 0.0185 0.0190 0.9625 
        D150 12 0.1085 0.0292 0.8624 
        D177 12 0.2907 0.5663 0.1430 
        D178 12 0.0199 0.9174 0.0628 
        D179 12 0.0506 0.7232 0.2262 
        D180 12 0.0395 0.7587 0.2018 
        D187 12 0.5946 0.1712 0.2342 
        D188 12 0.0191 0.0268 0.9541 
        D191 12 0.0468 0.0336 0.9196 
        D418 12 0.0405 0.0619 0.8976 
        D601 12 0.0374 0.2379 0.7247 
        D836 12 0.0497 0.1191 0.8311 
        D837 12 0.3345 0.3585 0.3070 
        D838 12 0.8847 0.0763 0.0390 
        D839 12 0.1603 0.7009 0.1388 
        D840 12 0.5207 0.3947 0.0846 
        D841 12 0.4808 0.2114 0.3078 
        D842 12 0.0169 0.0158 0.9674 
        D843 12 0.5433 0.2449 0.2118 
        D844 12 0.0862 0.2186 0.6951 
        D912 12 0.5066 0.4124 0.0810 
        D913 12 0.1610 0.7607 0.0783 
