        D174  1 0.7336 0.0405 0.0717 0.1543 
        D199  1 0.2586 0.2345 0.4310 0.0759 
        D203  1 0.1306 0.3025 0.3486 0.2183 
        D204  1 0.0398 0.0376 0.8900 0.0327 
     D237366  1 0.1206 0.1430 0.1660 0.5705 
     D237367  1 0.0966 0.0878 0.4727 0.3428 
     D237368  1 0.0938 0.0861 0.2699 0.5503 
     D244101  1 0.0406 0.1937 0.7275 0.0382 
     D244102  1 0.3060 0.1661 0.1970 0.3310 
     D244103  1 0.1006 0.0763 0.3824 0.4407 
     D244104  1 0.1603 0.0888 0.6816 0.0693 
     D244105  1 0.0364 0.0657 0.1952 0.7027 
     D244106  1 0.6159 0.2277 0.0877 0.0687 
     D244107  1 0.0326 0.0677 0.2039 0.6958 
     D244108  1 0.6147 0.0698 0.1199 0.1955 
     D244113  1 0.8932 0.0402 0.0327 0.0338 
     D244114  1 0.2547 0.3184 0.2583 0.1686 
     D244115  1 0.6064 0.0491 0.1879 0.1566 
     D267365  1 0.3779 0.0878 0.4455 0.0888 
        D404  1 0.8705 0.0489 0.0399 0.0407 
        D405  1 0.5866 0.1565 0.1525 0.1044 
        D406  1 0.0489 0.0272 0.0840 0.8399 
        D407  1 0.0536 0.0793 0.6619 0.2052 
        D408  1 0.7725 0.1061 0.0724 0.0489 
        D409  1 0.0707 0.0938 0.3775 0.4580 
        D410  1 0.1388 0.0196 0.0888 0.7528 
        D421  1 0.0602 0.0535 0.8580 0.0283 
        D422  1 0.0181 0.0317 0.0661 0.8842 
        D423  1 0.0769 0.0306 0.1061 0.7865 
        D424  1 0.0592 0.0264 0.7969 0.1175 
        D425  1 0.2273 0.0576 0.6403 0.0748 
        D426  1 0.0496 0.1885 0.3565 0.4054 
        D427  1 0.1569 0.6518 0.1558 0.0355 
        D428  1 0.2569 0.0756 0.4966 0.1709 
        D429  1 0.3755 0.0821 0.4516 0.0908 
        D430  1 0.3579 0.2894 0.2182 0.1345 
        D491  1 0.8084 0.0239 0.1301 0.0376 
        D492  1 0.2998 0.0658 0.3961 0.2383 
        D537  1 0.0699 0.0370 0.8120 0.0810 
        D538  1 0.2900 0.0963 0.1870 0.4267 
        D539  1 0.3938 0.2904 0.0919 0.2238 
        D540  1 0.1750 0.0848 0.5231 0.2172 
        D541  1 0.0338 0.0340 0.8964 0.0358 
        D551  1 0.0518 0.7162 0.0997 0.1323 
        D552  1 0.2770 0.0757 0.2996 0.3477 
        D553  1 0.0494 0.0238 0.8972 0.0296 
        D615  1 0.2122 0.1800 0.3558 0.2519 
        D616  1 0.1347 0.2000 0.3752 0.2902 
        D621  1 0.2504 0.0499 0.0585 0.6412 
        D622  1 0.0748 0.0495 0.0864 0.7892 
        D623  1 0.6142 0.2242 0.1134 0.0483 
        D624  1 0.8423 0.0449 0.0638 0.0490 
        D625  1 0.1274 0.0280 0.6845 0.1601 
        D626  1 0.5652 0.0877 0.1317 0.2154 
        D627  1 0.0543 0.1364 0.4044 0.4049 
        D690  1 0.1311 0.0225 0.7634 0.0831 
        D691  1 0.0393 0.0365 0.1022 0.8220 
        D710  1 0.1999 0.0580 0.6328 0.1094 
        D711  1 0.0965 0.0470 0.7680 0.0884 
        D712  1 0.7888 0.0703 0.0661 0.0748 
        D713  1 0.6372 0.0310 0.2314 0.1004 
        D746  1 0.0338 0.0308 0.0810 0.8543 
        D747  1 0.0332 0.0297 0.9127 0.0244 
        D748  1 0.0946 0.0421 0.4009 0.4625 
        D749  1 0.2162 0.1028 0.0629 0.6181 
        D750  1 0.6523 0.0330 0.2168 0.0978 
        D763  1 0.0715 0.3375 0.4691 0.1218 
        D764  1 0.2988 0.0370 0.4993 0.1648 
        D765  1 0.1882 0.0393 0.0708 0.7017 
        D766  1 0.1501 0.0346 0.3501 0.4652 
        D767  1 0.1348 0.1689 0.3317 0.3646 
        D768  1 0.0207 0.0307 0.8745 0.0741 
        D811  1 0.8289 0.0528 0.0466 0.0717 
        D816  1 0.0860 0.0246 0.8313 0.0581 
        D825  1 0.6172 0.0276 0.1523 0.2028 
        D866  1 0.4026 0.4510 0.0791 0.0673 
        D867  1 0.0462 0.0368 0.0453 0.8717 
        D871  1 0.0800 0.0563 0.4555 0.4082 
        D872  1 0.1687 0.0753 0.4938 0.2623 
        D873  1 0.1125 0.0190 0.0176 0.8509 
        D874  1 0.3646 0.0915 0.5075 0.0364 
        D875  1 0.0373 0.0266 0.3652 0.5709 
        D876  1 0.1832 0.0350 0.6474 0.1345 
        D877  1 0.8382 0.0459 0.0906 0.0253 
        D892  1 0.3074 0.0352 0.3825 0.2749 
        D893  1 0.0573 0.1044 0.6713 0.1670 
        D894  1 0.1563 0.0625 0.6754 0.1058 
        D915  1 0.0967 0.0326 0.6031 0.2677 
        D916  1 0.0661 0.0280 0.8535 0.0524 
        D917  1 0.4740 0.1169 0.3304 0.0786 
        D925  1 0.1759 0.0363 0.1287 0.6591 
        D926  1 0.2392 0.0538 0.5962 0.1107 
        D927  1 0.1101 0.3515 0.4717 0.0667 
        D928  1 0.8504 0.0212 0.1038 0.0246 
        D929  1 0.4730 0.0719 0.1997 0.2554 
        D936  1 0.0839 0.1634 0.6990 0.0537 
        D938  1 0.0484 0.0207 0.0508 0.8801 
        D956  1 0.8262 0.0695 0.0393 0.0650 
        D957  1 0.1438 0.0560 0.3149 0.4853 
        D958  1 0.2646 0.0361 0.4481 0.2512 
        D959  1 0.0422 0.0571 0.6553 0.2454 
        D960  1 0.0714 0.0276 0.0361 0.8649 
        D989  1 0.6378 0.2022 0.1042 0.0558 
        D990  1 0.1117 0.0762 0.0289 0.7832 
        D023  2 0.0292 0.0256 0.3472 0.5980 
        D130  2 0.0263 0.0353 0.0609 0.8774 
        D131  2 0.0701 0.1077 0.6535 0.1687 
        D163  2 0.0463 0.0255 0.1300 0.7982 
        D164  2 0.0550 0.4735 0.0270 0.4445 
        D165  2 0.0227 0.0432 0.1749 0.7591 
        D166  2 0.2209 0.1742 0.2247 0.3801 
        D167  2 0.0559 0.8968 0.0228 0.0245 
        D192  2 0.0231 0.9388 0.0168 0.0213 
        D193  2 0.7045 0.1076 0.0544 0.1336 
        D206  2 0.0738 0.3055 0.4077 0.2130 
        D207  2 0.0649 0.7370 0.1321 0.0659 
        D208  2 0.4356 0.3935 0.0749 0.0960 
        D209  2 0.0778 0.6041 0.1870 0.1310 
        D210  2 0.4123 0.3931 0.1311 0.0635 
     D229599  2 0.1802 0.2129 0.4728 0.1340 
     D229600  2 0.0466 0.3325 0.0448 0.5761 
     D237227  2 0.6529 0.1284 0.0817 0.1369 
     D237228  2 0.5159 0.1059 0.0468 0.3315 
     D237258  2 0.2270 0.4019 0.1402 0.2309 
     D237310  2 0.2105 0.0836 0.0274 0.6785 
     D237311  2 0.1005 0.2024 0.0367 0.6604 
     D237312  2 0.2790 0.0617 0.0742 0.5851 
     D237313  2 0.3183 0.0913 0.3620 0.2284 
     D237322  2 0.2780 0.4817 0.1000 0.1403 
     D237323  2 0.2646 0.0569 0.0310 0.6474 
     D237324  2 0.0285 0.3742 0.1239 0.4734 
     D237325  2 0.2118 0.0908 0.0954 0.6021 
     D237326  2 0.1547 0.0428 0.1907 0.6117 
     D237327  2 0.0709 0.6117 0.2075 0.1100 
     D237337  2 0.1593 0.0265 0.0575 0.7567 
     D237338  2 0.2260 0.2234 0.1163 0.4343 
     D237339  2 0.0540 0.4069 0.5002 0.0389 
     D237340  2 0.3213 0.3001 0.0517 0.3268 
     D237389  2 0.1349 0.0766 0.0517 0.7367 
     D237390  2 0.2982 0.0656 0.1243 0.5120 
     D244017  2 0.5175 0.3479 0.0558 0.0788 
     D244112  2 0.0399 0.8275 0.0221 0.1105 
     D244118  2 0.0397 0.5537 0.0256 0.3809 
     D244119  2 0.4739 0.4307 0.0437 0.0517 
     D244120  2 0.2918 0.5955 0.0285 0.0843 
     D244122  2 0.1156 0.7551 0.0478 0.0816 
        D291  2 0.0771 0.5894 0.1777 0.1558 
        D292  2 0.1682 0.5417 0.2197 0.0703 
        D293  2 0.0222 0.5445 0.4126 0.0207 
        D322  2 0.0306 0.4344 0.4696 0.0655 
        D323  2 0.2517 0.2862 0.3559 0.1061 
        D324  2 0.1271 0.2208 0.4693 0.1828 
        D325  2 0.0181 0.8192 0.1300 0.0326 
        D326  2 0.0414 0.0340 0.9044 0.0201 
        D340  2 0.0213 0.9143 0.0394 0.0251 
        D341  2 0.0331 0.8740 0.0449 0.0480 
        D342  2 0.0617 0.6620 0.0434 0.2330 
        D343  2 0.0122 0.9406 0.0307 0.0165 
        D344  2 0.1345 0.0756 0.7196 0.0703 
        D345  2 0.1027 0.0719 0.6288 0.1966 
        D346  2 0.6824 0.1539 0.1081 0.0557 
        D351  2 0.0474 0.1389 0.6550 0.1586 
        D352  2 0.3070 0.2274 0.2951 0.1705 
        D353  2 0.0402 0.0587 0.8669 0.0342 
        D354  2 0.4066 0.0377 0.4609 0.0947 
        D362  2 0.0908 0.0491 0.7607 0.0994 
        D363  2 0.1768 0.0414 0.7238 0.0580 
        D364  2 0.1654 0.0453 0.7181 0.0712 
        D365  2 0.0210 0.8983 0.0635 0.0172 
        D369  2 0.2482 0.3164 0.3058 0.1297 
        D374  2 0.9279 0.0232 0.0261 0.0228 
        D375  2 0.3079 0.0606 0.4641 0.1674 
        D376  2 0.8770 0.0567 0.0275 0.0388 
        D377  2 0.4953 0.1301 0.1306 0.2439 
        D378  2 0.0381 0.2640 0.6350 0.0629 
        D379  2 0.0625 0.0387 0.8528 0.0459 
        D384  2 0.0400 0.0293 0.9090 0.0218 
        D385  2 0.0442 0.8967 0.0343 0.0249 
        D386  2 0.0565 0.0887 0.7554 0.0994 
        D391  2 0.0252 0.8587 0.0968 0.0194 
        D392  2 0.0886 0.7088 0.1177 0.0849 
        D393  2 0.0332 0.1990 0.6907 0.0770 
        D394  2 0.1489 0.1509 0.2970 0.4032 
        D395  2 0.0702 0.7100 0.1552 0.0647 
        D401  2 0.1687 0.0360 0.0355 0.7597 
        D402  2 0.0268 0.9138 0.0373 0.0221 
        D403  2 0.0684 0.0813 0.6503 0.1999 
        D415  2 0.0325 0.0278 0.8219 0.1179 
        D435  2 0.0224 0.2706 0.6256 0.0814 
        D436  2 0.2457 0.0881 0.5467 0.1194 
        D438  2 0.0302 0.9215 0.0216 0.0268 
        D439  2 0.0456 0.1987 0.5918 0.1639 
        D449  2 0.0381 0.6786 0.1886 0.0947 
        D450  2 0.4632 0.0700 0.2857 0.1810 
        D456  2 0.0212 0.0196 0.9236 0.0357 
        D462  2 0.0181 0.8545 0.0989 0.0285 
        D463  2 0.0320 0.0155 0.9318 0.0208 
        D464  2 0.1558 0.1404 0.6350 0.0687 
        D465  2 0.0595 0.3598 0.4283 0.1524 
        D473  2 0.7111 0.0778 0.0596 0.1514 
        D474  2 0.0793 0.2173 0.6267 0.0768 
        D476  2 0.0236 0.2092 0.1749 0.5923 
        D477  2 0.1782 0.0888 0.6562 0.0768 
        D478  2 0.3932 0.1067 0.2534 0.2466 
        D480  2 0.1111 0.2657 0.5764 0.0468 
        D481  2 0.1952 0.1177 0.5140 0.1730 
        D482  2 0.3987 0.2928 0.1149 0.1936 
        D483  2 0.0641 0.8805 0.0280 0.0275 
        D484  2 0.3198 0.3665 0.1977 0.1160 
        D510  2 0.8258 0.0851 0.0452 0.0439 
        D511  2 0.0388 0.1538 0.7392 0.0682 
        D512  2 0.0887 0.1836 0.0797 0.6479 
        D513  2 0.0884 0.5861 0.2467 0.0789 
        D635  2 0.0367 0.0435 0.7161 0.2037 
        D636  2 0.0298 0.0263 0.0416 0.9023 
        D637  2 0.2549 0.4326 0.1871 0.1254 
        D658  2 0.1821 0.6970 0.0449 0.0760 
        D659  2 0.0505 0.0508 0.8367 0.0620 
        D677  2 0.0712 0.2211 0.4177 0.2900 
        D678  2 0.0673 0.8089 0.0499 0.0739 
        D679  2 0.1054 0.1979 0.6405 0.0562 
        D719  2 0.4041 0.2424 0.3205 0.0330 
        D720  2 0.1638 0.0559 0.7129 0.0674 
        D721  2 0.0480 0.1503 0.2778 0.5239 
        D722  2 0.8509 0.0562 0.0384 0.0545 
        D734  2 0.5023 0.2854 0.1763 0.0359 
        D735  2 0.1226 0.1547 0.5762 0.1465 
        D736  2 0.4523 0.2451 0.2118 0.0909 
        D737  2 0.1019 0.7507 0.0595 0.0880 
        D807  2 0.4283 0.1864 0.2886 0.0968 
        D808  2 0.0643 0.2681 0.2696 0.3980 
        D817  2 0.3043 0.0585 0.5491 0.0881 
        D818  2 0.0581 0.5012 0.2740 0.1667 
        D819  2 0.1733 0.0939 0.4817 0.2511 
        D820  2 0.0386 0.0616 0.8751 0.0246 
        D895  2 0.0790 0.0440 0.7339 0.1431 
        D896  2 0.1755 0.0283 0.0313 0.7649 
        D897  2 0.0740 0.7929 0.0613 0.0719 
        D898  2 0.3155 0.1610 0.2917 0.2317 
        D918  2 0.1508 0.2664 0.1273 0.4555 
        D919  2 0.0417 0.2946 0.6038 0.0598 
        D920  2 0.0503 0.0370 0.0334 0.8793 
        D923  2 0.0478 0.0435 0.8698 0.0389 
        D930  2 0.3166 0.0951 0.4638 0.1245 
        D931  2 0.1420 0.2046 0.5906 0.0628 
        D968  2 0.0196 0.9173 0.0441 0.0190 
        D969  2 0.0692 0.2959 0.5843 0.0506 
        D977  2 0.0363 0.7928 0.1137 0.0572 
        D978  2 0.1120 0.6677 0.1397 0.0806 
        D211  3 0.0480 0.0818 0.1377 0.7325 
     D229639  3 0.1590 0.7161 0.0738 0.0511 
     D237212  3 0.0734 0.3935 0.3271 0.2061 
     D237213  3 0.0829 0.1161 0.3182 0.4827 
     D237214  3 0.0713 0.0203 0.1623 0.7461 
     D237215  3 0.1488 0.7989 0.0232 0.0291 
     D237216  3 0.0846 0.2079 0.2434 0.4641 
     D237217  3 0.0271 0.0927 0.2681 0.6121 
     D237218  3 0.0736 0.5340 0.2619 0.1305 
     D237219  3 0.2610 0.1438 0.0638 0.5313 
     D237382  3 0.3861 0.1002 0.2310 0.2827 
     D244127  3 0.0821 0.1624 0.0658 0.6897 
     D244129  3 0.1126 0.1672 0.3687 0.3514 
     D244133  3 0.4928 0.1882 0.1416 0.1773 
     D244134  3 0.3518 0.3847 0.0947 0.1687 
     D244135  3 0.0401 0.0808 0.1049 0.7742 
     D244136  3 0.5070 0.1452 0.2495 0.0982 
        D416  3 0.0821 0.3328 0.3020 0.2830 
        D417  3 0.0538 0.0357 0.7997 0.1107 
        D419  3 0.2007 0.2493 0.2624 0.2876 
        D565  3 0.8483 0.0408 0.0812 0.0297 
        D566  3 0.4280 0.4062 0.1035 0.0623 
        D567  3 0.0689 0.0397 0.7679 0.1235 
        D568  3 0.0492 0.2127 0.4322 0.3059 
        D569  3 0.1287 0.4080 0.2506 0.2127 
        D573  3 0.0275 0.7043 0.2209 0.0473 
        D574  3 0.7062 0.0832 0.1033 0.1074 
        D575  3 0.3619 0.1635 0.2587 0.2159 
        D576  3 0.0801 0.8650 0.0160 0.0388 
        D577  3 0.1066 0.0579 0.7353 0.1003 
        D578  3 0.0231 0.0377 0.0352 0.9040 
        D579  3 0.3000 0.2268 0.3508 0.1223 
        D660  3 0.0781 0.6253 0.0754 0.2212 
        D661  3 0.0446 0.7824 0.0829 0.0902 
        D663  3 0.0620 0.8158 0.0870 0.0352 
        D664  3 0.3618 0.2055 0.0383 0.3943 
        D665  3 0.0558 0.1999 0.0798 0.6645 
        D666  3 0.4022 0.1077 0.2144 0.2757 
        D009  4 0.0728 0.0751 0.2910 0.5611 
        D057  4 0.0584 0.5528 0.1424 0.2464 
        D109  4 0.1589 0.0444 0.0927 0.7040 
     D237222  4 0.1566 0.0607 0.0545 0.7282 
     D237223  4 0.1930 0.1477 0.1030 0.5563 
     D237224  4 0.0893 0.4384 0.3932 0.0791 
     D237225  4 0.1018 0.1353 0.3981 0.3647 
     D237299  4 0.0876 0.1535 0.0640 0.6949 
     D237300  4 0.0719 0.8576 0.0299 0.0406 
     D237306  4 0.6517 0.0556 0.1543 0.1383 
     D237307  4 0.4206 0.1449 0.3303 0.1041 
     D237308  4 0.1349 0.6304 0.1181 0.1165 
     D237309  4 0.0618 0.1540 0.5113 0.2729 
     D237317  4 0.6225 0.0521 0.2459 0.0795 
     D237318  4 0.0335 0.9014 0.0386 0.0265 
     D237319  4 0.1747 0.1706 0.2056 0.4491 
     D237320  4 0.0728 0.2930 0.1741 0.4601 
     D237321  4 0.1157 0.6975 0.0912 0.0956 
     D237397  4 0.3082 0.3187 0.1173 0.2558 
     D237398  4 0.0329 0.6588 0.2220 0.0863 
     D237399  4 0.2746 0.2585 0.2800 0.1869 
     D244001  4 0.0586 0.1317 0.1128 0.6968 
        D289  4 0.2993 0.2510 0.3575 0.0922 
        D290  4 0.3485 0.2284 0.2585 0.1646 
        D294  4 0.1824 0.2440 0.4304 0.1432 
        D295  4 0.2004 0.0900 0.5024 0.2072 
        D301  4 0.0619 0.1121 0.0401 0.7859 
        D302  4 0.0722 0.0323 0.8449 0.0506 
        D303  4 0.7405 0.0803 0.0861 0.0931 
        D304  4 0.4149 0.2944 0.2001 0.0906 
        D305  4 0.0423 0.3857 0.3237 0.2483 
        D306  4 0.5597 0.0829 0.2335 0.1238 
        D307  4 0.0849 0.0616 0.0282 0.8253 
        D327  4 0.1180 0.1117 0.6891 0.0812 
        D328  4 0.6835 0.0885 0.1042 0.1238 
        D329  4 0.1518 0.4430 0.2416 0.1636 
        D330  4 0.0496 0.0701 0.5369 0.3435 
        D331  4 0.3465 0.2239 0.2310 0.1987 
        D333  4 0.3903 0.2491 0.1539 0.2066 
        D334  4 0.6291 0.0555 0.1820 0.1335 
        D335  4 0.1030 0.0807 0.7678 0.0485 
        D370  4 0.6519 0.0750 0.0938 0.1793 
        D371  4 0.8397 0.0395 0.0970 0.0238 
        D372  4 0.1113 0.8200 0.0253 0.0433 
        D373  4 0.0461 0.1852 0.0658 0.7030 
        D455  4 0.0467 0.0937 0.0538 0.8058 
        D490  4 0.0249 0.0202 0.0334 0.9215 
        D497  4 0.0354 0.0566 0.0460 0.8620 
        D498  4 0.4574 0.1863 0.1121 0.2441 
        D499  4 0.2645 0.5614 0.1123 0.0618 
        D514  4 0.0764 0.0620 0.7605 0.1011 
        D515  4 0.0886 0.0864 0.1007 0.7243 
        D516  4 0.2523 0.1814 0.2439 0.3224 
        D517  4 0.0347 0.1282 0.1048 0.7322 
        D518  4 0.2659 0.2030 0.2322 0.2990 
        D519  4 0.0474 0.1394 0.1104 0.7028 
        D560  4 0.0385 0.2844 0.2026 0.4744 
        D561  4 0.0230 0.0702 0.4020 0.5048 
        D562  4 0.2431 0.1823 0.2352 0.3394 
        D563  4 0.0361 0.6517 0.2048 0.1074 
        D572  4 0.1522 0.1073 0.5882 0.1523 
        D629  4 0.0911 0.0864 0.5414 0.2811 
        D630  4 0.2021 0.1751 0.3296 0.2931 
        D631  4 0.1261 0.5552 0.2054 0.1133 
        D632  4 0.0509 0.1751 0.1071 0.6670 
        D646  4 0.0607 0.1191 0.4519 0.3683 
        D647  4 0.0377 0.0959 0.5997 0.2668 
        D648  4 0.7761 0.0778 0.0757 0.0703 
        D649  4 0.0700 0.0488 0.6444 0.2369 
        D650  4 0.3056 0.1276 0.3284 0.2384 
        D708  4 0.6802 0.0789 0.1308 0.1101 
        D709  4 0.5578 0.1043 0.1914 0.1465 
        D738  4 0.5585 0.0498 0.1622 0.2295 
        D739  4 0.1577 0.1519 0.1414 0.5491 
        D740  4 0.2246 0.3895 0.0932 0.2927 
        D741  4 0.0360 0.2645 0.3758 0.3237 
        D742  4 0.1692 0.6355 0.0936 0.1018 
        D743  4 0.0716 0.1187 0.7611 0.0486 
        D744  4 0.0593 0.2566 0.5888 0.0953 
        D745  4 0.0400 0.0680 0.0646 0.8274 
        D814  4 0.0463 0.6939 0.1146 0.1452 
        D815  4 0.2145 0.1102 0.5778 0.0975 
        D828  4 0.6123 0.2679 0.0339 0.0860 
        D845  4 0.0621 0.8689 0.0433 0.0257 
        D846  4 0.0369 0.3427 0.4603 0.1601 
        D847  4 0.1682 0.2037 0.2662 0.3619 
        D848  4 0.0322 0.2772 0.0342 0.6564 
        D849  4 0.0524 0.0913 0.1090 0.7473 
        D850  4 0.1472 0.1863 0.3804 0.2861 
        D856  4 0.1876 0.0668 0.2115 0.5342 
        D857  4 0.1247 0.0638 0.0176 0.7940 
        D859  4 0.1687 0.2782 0.4620 0.0911 
        D860  4 0.3635 0.3653 0.2256 0.0456 
        D883  4 0.3137 0.0854 0.3453 0.2556 
        D884  4 0.3036 0.0623 0.2042 0.4299 
        D885  4 0.0672 0.4660 0.2676 0.1993 
        D886  4 0.1036 0.1298 0.2558 0.5108 
        D887  4 0.1739 0.4472 0.2483 0.1306 
        D889  4 0.2226 0.5171 0.1997 0.0605 
        D890  4 0.6000 0.1013 0.1300 0.1687 
        D891  4 0.0178 0.9372 0.0249 0.0201 
        D899  4 0.2398 0.6338 0.0775 0.0490 
        D900  4 0.1982 0.1613 0.4333 0.2072 
        D970  4 0.1583 0.2147 0.4868 0.1401 
        D971  4 0.1335 0.6035 0.1696 0.0934 
        D979  4 0.0922 0.0803 0.7915 0.0361 
        D093  5 0.7576 0.0871 0.0725 0.0828 
        D154  5 0.1939 0.6188 0.1077 0.0795 
        D168  5 0.0659 0.4710 0.1687 0.2944 
        D189  5 0.5479 0.2942 0.0904 0.0676 
        D190  5 0.7925 0.0888 0.0788 0.0399 
     D237220  5 0.1497 0.1823 0.1337 0.5343 
     D237221  5 0.4576 0.2969 0.1398 0.1057 
     D237274  5 0.0504 0.0366 0.8649 0.0482 
     D237275  5 0.0531 0.8691 0.0326 0.0452 
     D237276  5 0.4311 0.0971 0.1855 0.2863 
     D237277  5 0.6625 0.2028 0.0930 0.0417 
     D237278  5 0.2524 0.4996 0.0684 0.1796 
     D237279  5 0.0556 0.0561 0.2558 0.6326 
     D237280  5 0.2186 0.0517 0.3499 0.3798 
     D237281  5 0.0393 0.8693 0.0662 0.0252 
     D237351  5 0.2800 0.0644 0.0530 0.6026 
     D237352  5 0.1538 0.1155 0.3172 0.4135 
     D237353  5 0.8678 0.0568 0.0425 0.0329 
     D237359  5 0.1343 0.2996 0.1697 0.3965 
     D237361  5 0.8829 0.0413 0.0391 0.0367 
     D237362  5 0.4184 0.1555 0.2966 0.1294 
     D237363  5 0.1910 0.3899 0.2096 0.2095 
     D237364  5 0.0526 0.4148 0.2900 0.2426 
     D237376  5 0.8412 0.0928 0.0246 0.0414 
     D237377  5 0.1601 0.0566 0.6134 0.1699 
     D237378  5 0.7467 0.1586 0.0411 0.0536 
     D237379  5 0.6657 0.1242 0.0887 0.1214 
     D237380  5 0.3241 0.0250 0.0701 0.5807 
     D237381  5 0.1766 0.1050 0.1387 0.5798 
     D237391  5 0.7547 0.0821 0.1039 0.0593 
     D237392  5 0.0910 0.1423 0.6594 0.1073 
     D237393  5 0.2976 0.1074 0.4766 0.1184 
     D237394  5 0.8764 0.0262 0.0628 0.0345 
     D237395  5 0.4998 0.1817 0.0734 0.2451 
     D237396  5 0.0950 0.0695 0.7509 0.0846 
     D244016  5 0.4545 0.2452 0.2250 0.0753 
     D244018  5 0.2201 0.5628 0.0999 0.1173 
     D244019  5 0.2107 0.2036 0.5056 0.0801 
        D279  5 0.1032 0.6808 0.0956 0.1203 
        D280  5 0.2917 0.2796 0.2994 0.1294 
        D281  5 0.0987 0.7994 0.0622 0.0396 
        D283  5 0.4766 0.1160 0.3623 0.0450 
        D284  5 0.1144 0.1509 0.1178 0.6169 
        D285  5 0.5621 0.1411 0.2053 0.0915 
        D286  5 0.4660 0.1387 0.2206 0.1747 
        D287  5 0.7875 0.0731 0.0348 0.1046 
        D288  5 0.2805 0.2949 0.3745 0.0501 
        D308  5 0.1234 0.0251 0.1204 0.7312 
        D309  5 0.0320 0.0357 0.8547 0.0776 
        D310  5 0.9030 0.0351 0.0394 0.0225 
        D311  5 0.5836 0.1314 0.2086 0.0764 
        D312  5 0.6001 0.0948 0.2058 0.0994 
        D313  5 0.0843 0.0168 0.0188 0.8801 
        D314  5 0.2474 0.4222 0.0802 0.2502 
        D315  5 0.5156 0.0704 0.2751 0.1389 
        D317  5 0.8694 0.0385 0.0590 0.0330 
        D318  5 0.1789 0.2082 0.3851 0.2278 
        D319  5 0.8629 0.0646 0.0276 0.0448 
        D320  5 0.7906 0.0601 0.0734 0.0760 
        D321  5 0.1955 0.0739 0.1390 0.5916 
        D336  5 0.8897 0.0371 0.0425 0.0308 
        D337  5 0.8860 0.0635 0.0323 0.0182 
        D338  5 0.2192 0.2873 0.2407 0.2528 
        D339  5 0.7461 0.1231 0.0631 0.0678 
        D347  5 0.3458 0.1847 0.4066 0.0629 
        D348  5 0.8825 0.0398 0.0556 0.0221 
        D349  5 0.1891 0.0413 0.0526 0.7170 
        D350  5 0.0654 0.1665 0.6629 0.1053 
        D355  5 0.0517 0.5604 0.3413 0.0467 
        D356  5 0.5033 0.0644 0.2727 0.1595 
        D357  5 0.5049 0.1910 0.1549 0.1492 
        D358  5 0.5513 0.0894 0.2169 0.1424 
        D359  5 0.4831 0.0346 0.4389 0.0434 
        D360  5 0.6149 0.0449 0.1915 0.1487 
        D361  5 0.1414 0.0325 0.0528 0.7733 
        D366  5 0.0370 0.2370 0.6642 0.0618 
        D367  5 0.8306 0.0564 0.0431 0.0699 
        D368  5 0.4823 0.0878 0.1454 0.2845 
        D380  5 0.0789 0.1031 0.6772 0.1407 
        D381  5 0.6557 0.1298 0.1490 0.0654 
        D400  5 0.4653 0.3295 0.1361 0.0691 
        D411  5 0.0262 0.0355 0.0308 0.9075 
        D412  5 0.2487 0.3546 0.2258 0.1709 
        D413  5 0.0512 0.7621 0.0966 0.0901 
        D414  5 0.0758 0.5819 0.2402 0.1020 
        D420  5 0.1795 0.2148 0.1179 0.4877 
        D431  5 0.4310 0.3369 0.0367 0.1954 
        D432  5 0.5651 0.1867 0.1068 0.1414 
        D433  5 0.6952 0.1558 0.0829 0.0662 
        D434  5 0.5529 0.0820 0.2339 0.1311 
        D440  5 0.0590 0.1139 0.6986 0.1285 
        D447  5 0.0474 0.0774 0.7324 0.1427 
        D448  5 0.7978 0.0918 0.0800 0.0304 
        D459  5 0.0438 0.7640 0.1565 0.0356 
        D460  5 0.1578 0.0370 0.1506 0.6546 
        D461  5 0.0562 0.0459 0.8559 0.0419 
        D468  5 0.5501 0.0908 0.2394 0.1197 
        D469  5 0.1737 0.0813 0.5318 0.2132 
        D470  5 0.3426 0.0887 0.1547 0.4141 
        D471  5 0.7596 0.1180 0.0835 0.0389 
        D472  5 0.0275 0.2005 0.7378 0.0342 
        D479  5 0.0553 0.8534 0.0485 0.0428 
        D485  5 0.5274 0.1672 0.1246 0.1808 
        D486  5 0.4252 0.0745 0.2256 0.2747 
        D487  5 0.2551 0.6163 0.0574 0.0712 
        D555  5 0.8450 0.0875 0.0347 0.0328 
        D556  5 0.4815 0.3067 0.0960 0.1158 
        D557  5 0.8240 0.0719 0.0795 0.0246 
        D564  5 0.6024 0.0870 0.1694 0.1413 
        D594  5 0.2798 0.1461 0.4688 0.1053 
        D595  5 0.4830 0.1605 0.2605 0.0961 
        D596  5 0.8732 0.0566 0.0382 0.0320 
        D597  5 0.3295 0.3720 0.2391 0.0594 
        D598  5 0.5499 0.1106 0.1554 0.1841 
        D617  5 0.0493 0.1715 0.0498 0.7294 
        D618  5 0.5234 0.2507 0.1527 0.0732 
        D619  5 0.4047 0.0569 0.3297 0.2086 
        D620  5 0.0266 0.8890 0.0520 0.0325 
        D628  5 0.3629 0.1392 0.2403 0.2575 
        D714  5 0.5398 0.3498 0.0482 0.0622 
        D715  5 0.6401 0.1697 0.1433 0.0468 
        D716  5 0.3405 0.3036 0.2676 0.0883 
        D717  5 0.2172 0.1233 0.5017 0.1579 
        D718  5 0.4308 0.1550 0.0494 0.3648 
        D769  5 0.0568 0.1696 0.0476 0.7260 
        D770  5 0.3408 0.4889 0.1005 0.0697 
        D771  5 0.2496 0.4445 0.1109 0.1950 
        D772  5 0.6366 0.1264 0.1489 0.0881 
        D782  5 0.0756 0.2679 0.2582 0.3983 
        D783  5 0.2140 0.6317 0.0884 0.0660 
        D784  5 0.1055 0.0993 0.7180 0.0773 
        D785  5 0.8127 0.0433 0.0757 0.0683 
        D786  5 0.0609 0.0918 0.2458 0.6015 
        D821  5 0.9156 0.0338 0.0317 0.0189 
        D822  5 0.2528 0.0975 0.5969 0.0527 
        D826  5 0.4139 0.4359 0.0955 0.0547 
        D827  5 0.0927 0.1270 0.6967 0.0836 
        D851  5 0.2416 0.1769 0.4049 0.1766 
        D852  5 0.2748 0.5252 0.0747 0.1252 
        D853  5 0.5599 0.1602 0.1568 0.1230 
        D854  5 0.1200 0.3384 0.3505 0.1911 
        D861  5 0.2943 0.3570 0.1908 0.1579 
        D862  5 0.5226 0.0477 0.3696 0.0601 
        D865  5 0.8060 0.1029 0.0357 0.0554 
        D868  5 0.1227 0.0578 0.7102 0.1093 
        D869  5 0.0623 0.0345 0.0539 0.8494 
        D870  5 0.0289 0.0695 0.4146 0.4870 
        D907  5 0.8132 0.0483 0.0416 0.0968 
        D908  5 0.3496 0.5307 0.0521 0.0676 
        D910  5 0.5278 0.3460 0.0852 0.0411 
        D911  5 0.0439 0.6823 0.2264 0.0474 
        D934  5 0.2339 0.5579 0.1384 0.0699 
        D946  5 0.2946 0.4967 0.0610 0.1477 
        D947  5 0.1515 0.2376 0.4599 0.1509 
        D948  5 0.2180 0.0386 0.0808 0.6626 
        D949  5 0.1989 0.0363 0.0737 0.6911 
        D950  5 0.0501 0.7352 0.1865 0.0282 
        D951  5 0.1347 0.0406 0.7466 0.0780 
        D952  5 0.1568 0.1046 0.6896 0.0490 
        D953  5 0.7152 0.0801 0.1318 0.0730 
        D954  5 0.3871 0.0550 0.4849 0.0730 
        D961  5 0.6779 0.1050 0.0559 0.1612 
        D962  5 0.8243 0.0240 0.1070 0.0447 
        D963  5 0.3828 0.1459 0.4062 0.0651 
        D964  5 0.2389 0.2585 0.1411 0.3614 
        D965  5 0.3235 0.2561 0.2559 0.1644 
        D966  5 0.4637 0.2532 0.2269 0.0562 
        D967  5 0.3555 0.3600 0.1168 0.1677 
        D991  5 0.3322 0.0914 0.2137 0.3627 
        D502  6 0.0706 0.4023 0.1315 0.3956 
        D503  6 0.0641 0.5173 0.0440 0.3746 
        D504  6 0.1231 0.1522 0.5645 0.1602 
        D505  6 0.4465 0.2385 0.1699 0.1451 
        D506  6 0.8904 0.0323 0.0476 0.0297 
        D507  6 0.1167 0.5286 0.1478 0.2069 
        D508  6 0.1258 0.1892 0.5938 0.0912 
        D529  6 0.2816 0.1428 0.2272 0.3484 
        D530  6 0.6796 0.0904 0.0335 0.1965 
        D531  6 0.2898 0.1560 0.4037 0.1505 
        D532  6 0.5012 0.1138 0.3061 0.0790 
        D534  6 0.0418 0.0698 0.0964 0.7920 
        D535  6 0.5166 0.0594 0.3117 0.1123 
        D536  6 0.0366 0.7145 0.0545 0.1943 
        D554  6 0.7128 0.0642 0.0577 0.1653 
        D587  6 0.7407 0.0785 0.1304 0.0504 
        D588  6 0.3856 0.0879 0.4609 0.0655 
        D589  6 0.1915 0.5810 0.0796 0.1479 
        D590  6 0.0603 0.7427 0.1012 0.0959 
        D591  6 0.2329 0.3555 0.2106 0.2010 
        D592  6 0.0660 0.0567 0.0680 0.8093 
        D593  6 0.7511 0.1017 0.0349 0.1123 
        D682  6 0.8475 0.0448 0.0462 0.0616 
        D683  6 0.2651 0.0473 0.5565 0.1312 
        D684  6 0.0245 0.4016 0.1112 0.4628 
        D685  6 0.2117 0.4359 0.0585 0.2938 
        D686  6 0.8355 0.0491 0.0602 0.0551 
        D724  6 0.0864 0.1844 0.4767 0.2525 
        D725  6 0.3949 0.3609 0.1016 0.1426 
        D726  6 0.8800 0.0333 0.0441 0.0425 
        D727  6 0.1395 0.3010 0.4524 0.1071 
        D728  6 0.8250 0.0476 0.0579 0.0695 
        D729  6 0.0434 0.1054 0.4531 0.3981 
        D730  6 0.0963 0.3550 0.2394 0.3093 
        D731  6 0.7018 0.2433 0.0269 0.0280 
        D732  6 0.1669 0.1290 0.5584 0.1457 
        D733  6 0.2946 0.1781 0.2555 0.2719 
     D237251  7 0.1785 0.6761 0.0528 0.0927 
     D237252  7 0.0757 0.3392 0.0891 0.4961 
     D237253  7 0.2451 0.5601 0.1214 0.0734 
     D237254  7 0.0253 0.0312 0.0442 0.8993 
     D237255  7 0.1037 0.7854 0.0607 0.0502 
     D237256  7 0.0917 0.6712 0.1950 0.0421 
     D237257  7 0.0841 0.1604 0.2236 0.5319 
     D237282  7 0.0431 0.0793 0.7562 0.1214 
     D237283  7 0.0485 0.0521 0.0233 0.8761 
     D237284  7 0.0319 0.0341 0.0782 0.8558 
     D237285  7 0.4871 0.2528 0.1257 0.1345 
     D237286  7 0.2746 0.2177 0.3958 0.1119 
     D237287  7 0.0935 0.5640 0.2222 0.1203 
     D244006  7 0.0291 0.0379 0.0489 0.8841 
     D244007  7 0.0719 0.4895 0.3138 0.1248 
     D244008  7 0.0938 0.0447 0.0316 0.8299 
     D244009  7 0.1360 0.0576 0.1639 0.6426 
     D244010  7 0.1210 0.1679 0.1154 0.5957 
     D244011  7 0.3907 0.3344 0.0982 0.1767 
     D244012  7 0.0890 0.4282 0.2065 0.2763 
     D244013  7 0.2458 0.4905 0.1799 0.0837 
     D244014  7 0.1170 0.3995 0.1322 0.3513 
     D244015  7 0.0680 0.1184 0.2599 0.5538 
     D244125  7 0.3315 0.3474 0.2579 0.0632 
     D244126  7 0.0184 0.0314 0.0278 0.9225 
     D244130  7 0.2321 0.2241 0.1918 0.3520 
     D244131  7 0.3754 0.1448 0.3170 0.1629 
     D244132  7 0.5416 0.0420 0.3426 0.0738 
        D520  7 0.3403 0.0643 0.1554 0.4400 
        D521  7 0.2027 0.1649 0.3017 0.3307 
        D522  7 0.1059 0.0822 0.2429 0.5690 
        D523  7 0.0888 0.7944 0.0547 0.0622 
        D524  7 0.2563 0.4487 0.1209 0.1740 
        D525  7 0.0586 0.3226 0.0528 0.5660 
        D526  7 0.0259 0.0349 0.0756 0.8636 
        D527  7 0.1535 0.2204 0.4174 0.2086 
        D528  7 0.0342 0.0364 0.6195 0.3099 
        D558  7 0.0684 0.1896 0.5029 0.2390 
        D559  7 0.0515 0.2576 0.5185 0.1724 
        D640  7 0.4378 0.2584 0.2057 0.0981 
        D641  7 0.4875 0.2441 0.0521 0.2162 
        D642  7 0.1142 0.1724 0.1142 0.5992 
        D644  7 0.3779 0.1563 0.1084 0.3573 
        D645  7 0.1827 0.4669 0.1390 0.2115 
        D662  7 0.2480 0.0229 0.2547 0.4744 
        D687  7 0.1473 0.4630 0.2333 0.1563 
        D688  7 0.0614 0.1959 0.4905 0.2523 
        D689  7 0.4235 0.2264 0.2126 0.1375 
        D700  7 0.0280 0.0425 0.6460 0.2834 
        D797  7 0.3157 0.2470 0.2750 0.1623 
        D798  7 0.1386 0.0482 0.1563 0.6569 
        D799  7 0.0772 0.6313 0.0960 0.1955 
        D800  7 0.0588 0.1414 0.6360 0.1638 
        D132  8 0.0461 0.0375 0.0494 0.8671 
        D133  8 0.0246 0.8794 0.0214 0.0746 
        D200  8 0.3187 0.3772 0.1408 0.1634 
        D500  8 0.0387 0.0218 0.0405 0.8989 
        D614  8 0.5732 0.0759 0.1362 0.2147 
        D723  8 0.0849 0.1576 0.4758 0.2817 
        D888  8 0.0462 0.8391 0.0758 0.0389 
        D901  8 0.1444 0.1345 0.0343 0.6868 
        D902  8 0.8010 0.0580 0.0492 0.0918 
        D903  8 0.2214 0.0960 0.6374 0.0452 
        D904  8 0.1582 0.1326 0.5004 0.2088 
        D905  8 0.1447 0.7931 0.0239 0.0383 
        D906  8 0.0433 0.6478 0.1616 0.1473 
        D937  8 0.8831 0.0594 0.0212 0.0362 
        D943  8 0.0805 0.1953 0.2127 0.5115 
        D972  8 0.0906 0.1071 0.3486 0.4536 
        D973  8 0.0925 0.0394 0.6969 0.1712 
        D974  8 0.3127 0.2011 0.2078 0.2783 
        D975  8 0.4704 0.2399 0.1239 0.1657 
        D976  8 0.3343 0.2473 0.0959 0.3225 
        D201  9 0.0937 0.5670 0.1654 0.1740 
        D202  9 0.2133 0.5371 0.0624 0.1872 
     D237259  9 0.0406 0.1209 0.5365 0.3020 
     D237260  9 0.0839 0.5702 0.0347 0.3112 
     D237262  9 0.0475 0.0224 0.0468 0.8833 
     D237263  9 0.0660 0.2494 0.1227 0.5619 
     D237264  9 0.2479 0.2126 0.1315 0.4080 
     D237265  9 0.0730 0.7574 0.0382 0.1314 
     D237266  9 0.0562 0.6055 0.1001 0.2383 
     D237267  9 0.5222 0.0988 0.1084 0.2705 
     D237268  9 0.1345 0.0743 0.1425 0.6487 
     D237289  9 0.3707 0.4769 0.0378 0.1146 
     D237290  9 0.0336 0.8671 0.0351 0.0642 
     D237291  9 0.0860 0.7639 0.0667 0.0834 
     D237292  9 0.0464 0.5939 0.0499 0.3099 
     D237293  9 0.4005 0.1092 0.1447 0.3455 
     D237294  9 0.1113 0.2303 0.0409 0.6175 
     D237295  9 0.2740 0.0486 0.3524 0.3250 
     D237296  9 0.2449 0.3039 0.1396 0.3116 
     D237297  9 0.6973 0.1191 0.0981 0.0855 
     D237298  9 0.0916 0.3336 0.3142 0.2606 
     D237341  9 0.1140 0.5324 0.1788 0.1748 
     D237342  9 0.1460 0.1009 0.0686 0.6845 
     D237343  9 0.0761 0.3372 0.1275 0.4593 
     D237344  9 0.6159 0.1985 0.0738 0.1118 
     D237345  9 0.0265 0.0500 0.0461 0.8774 
     D237346  9 0.2245 0.5766 0.0502 0.1487 
     D237347  9 0.6073 0.2252 0.0971 0.0704 
     D237348  9 0.2777 0.2388 0.1389 0.3446 
     D237349  9 0.0526 0.3180 0.4552 0.1742 
     D244109  9 0.0210 0.5539 0.2110 0.2141 
     D244110  9 0.0519 0.6976 0.1164 0.1341 
     D244111  9 0.1702 0.3862 0.2486 0.1950 
     D244128  9 0.0561 0.0622 0.0460 0.8357 
     D244137  9 0.0913 0.0862 0.6724 0.1501 
     D244138  9 0.1885 0.5163 0.0960 0.1991 
        D580  9 0.0858 0.0422 0.1525 0.7195 
        D581  9 0.0415 0.8463 0.0279 0.0843 
        D582  9 0.0327 0.0219 0.0300 0.9154 
        D583  9 0.0338 0.8120 0.0381 0.1161 
        D584  9 0.5965 0.0813 0.0461 0.2761 
        D585  9 0.0415 0.2316 0.0461 0.6808 
        D586  9 0.0838 0.8192 0.0474 0.0497 
        D651  9 0.2004 0.1949 0.5019 0.1028 
        D652  9 0.0537 0.1290 0.3900 0.4272 
        D653  9 0.0947 0.4456 0.3770 0.0827 
        D654  9 0.0572 0.3920 0.3474 0.2034 
        D655  9 0.4111 0.3561 0.1406 0.0923 
        D656  9 0.0468 0.0528 0.0735 0.8270 
        D657  9 0.1671 0.2457 0.1479 0.4393 
        D667  9 0.6432 0.2204 0.0733 0.0631 
        D668  9 0.2355 0.1848 0.0694 0.5103 
        D669  9 0.0949 0.6144 0.0863 0.2044 
        D670  9 0.0883 0.0759 0.7422 0.0936 
        D671  9 0.0774 0.7449 0.0708 0.1069 
        D672  9 0.0441 0.1387 0.0561 0.7611 
        D673  9 0.4047 0.1398 0.1541 0.3014 
        D692  9 0.0559 0.3259 0.0740 0.5442 
        D693  9 0.3941 0.1543 0.1897 0.2619 
        D694  9 0.0713 0.0513 0.0348 0.8426 
        D695  9 0.1578 0.0898 0.2925 0.4599 
        D696  9 0.8995 0.0446 0.0298 0.0261 
        D697  9 0.4805 0.2326 0.1763 0.1105 
        D698  9 0.3509 0.4943 0.0488 0.1060 
        D699  9 0.7361 0.1147 0.0364 0.1128 
        D787  9 0.0767 0.1736 0.4667 0.2830 
        D788  9 0.7394 0.0352 0.0783 0.1471 
        D789  9 0.3917 0.1866 0.0668 0.3549 
        D790  9 0.1477 0.3185 0.2635 0.2703 
        D791  9 0.2037 0.6248 0.0519 0.1195 
        D792  9 0.0574 0.2608 0.4397 0.2421 
        D793  9 0.6035 0.1189 0.2058 0.0717 
        D794  9 0.3930 0.1533 0.3447 0.1091 
        D795  9 0.1734 0.0801 0.0376 0.7088 
        D796  9 0.1746 0.5927 0.0708 0.1619 
        D142 10 0.5377 0.1771 0.2022 0.0830 
        D143 10 0.1130 0.7724 0.0502 0.0644 
        D144 10 0.4125 0.1205 0.2243 0.2427 
        D145 10 0.0512 0.8340 0.0626 0.0521 
        D146 10 0.1389 0.0597 0.1002 0.7013 
        D147 10 0.1156 0.1719 0.3054 0.4071 
        D148 10 0.1229 0.0895 0.4650 0.3226 
        D149 10 0.0439 0.8140 0.0725 0.0696 
        D151 10 0.1030 0.2321 0.2355 0.4294 
        D152 10 0.0246 0.9178 0.0255 0.0321 
        D153 10 0.3242 0.0589 0.4775 0.1394 
        D156 10 0.0602 0.1655 0.7032 0.0710 
        D157 10 0.6580 0.0861 0.0803 0.1756 
        D158 10 0.3413 0.3576 0.0457 0.2554 
        D159 10 0.0373 0.8873 0.0417 0.0336 
        D160 10 0.2535 0.6800 0.0208 0.0456 
        D161 10 0.2542 0.1650 0.4139 0.1670 
        D162 10 0.1690 0.2312 0.5524 0.0474 
        D169 10 0.0395 0.0725 0.0613 0.8266 
        D170 10 0.1072 0.0449 0.1024 0.7455 
        D171 10 0.6144 0.0811 0.1395 0.1650 
        D172 10 0.1724 0.2436 0.3327 0.2513 
        D173 10 0.0197 0.8315 0.0901 0.0586 
        D181 10 0.5198 0.1932 0.2059 0.0811 
        D182 10 0.0778 0.5067 0.1984 0.2171 
        D183 10 0.8314 0.0443 0.0568 0.0675 
        D184 10 0.0218 0.0214 0.0758 0.8810 
        D185 10 0.1651 0.0945 0.4786 0.2618 
        D186 10 0.0373 0.0729 0.0342 0.8555 
        D194 10 0.1381 0.0868 0.1743 0.6009 
        D195 10 0.2879 0.4156 0.2271 0.0694 
        D196 10 0.1602 0.4360 0.3654 0.0383 
        D197 10 0.0680 0.1418 0.0328 0.7574 
        D198 10 0.2597 0.0472 0.4208 0.2724 
     D237226 10 0.0470 0.6635 0.1090 0.1804 
     D237232 10 0.3698 0.4148 0.0699 0.1455 
     D237233 10 0.1889 0.6563 0.0452 0.1095 
     D237234 10 0.4823 0.2245 0.1530 0.1402 
     D237354 10 0.0290 0.9089 0.0370 0.0250 
     D237355 10 0.1065 0.7322 0.0722 0.0891 
     D237356 10 0.5194 0.0412 0.2830 0.1564 
     D237357 10 0.0991 0.4464 0.1079 0.3466 
     D237358 10 0.0724 0.1038 0.4357 0.3881 
     D237369 10 0.0250 0.0410 0.0778 0.8562 
     D237370 10 0.7836 0.1199 0.0405 0.0559 
     D237371 10 0.0896 0.0831 0.6036 0.2237 
     D237372 10 0.0409 0.4462 0.1061 0.4069 
     D237373 10 0.4757 0.3749 0.0765 0.0729 
     D237374 10 0.1486 0.7699 0.0421 0.0394 
     D237375 10 0.1382 0.3740 0.2796 0.2082 
     D237400 10 0.0268 0.9218 0.0250 0.0264 
     D244002 10 0.0416 0.1084 0.2840 0.5660 
     D244003 10 0.3921 0.5233 0.0184 0.0662 
     D244004 10 0.9183 0.0355 0.0176 0.0287 
     D244005 10 0.0479 0.6245 0.0698 0.2577 
     D244020 10 0.4846 0.1322 0.2573 0.1258 
     D244021 10 0.0937 0.3227 0.1185 0.4651 
     D244116 10 0.1412 0.1171 0.1501 0.5915 
     D244117 10 0.4559 0.3902 0.0808 0.0731 
     D244121 10 0.6161 0.2033 0.0494 0.1312 
     D244123 10 0.4643 0.3241 0.0944 0.1172 
     D244124 10 0.1301 0.3265 0.0432 0.5002 
        D332 10 0.1045 0.0700 0.7667 0.0587 
        D570 10 0.7965 0.0434 0.1000 0.0601 
        D602 10 0.0665 0.0875 0.7804 0.0656 
        D603 10 0.4605 0.2391 0.0813 0.2191 
        D604 10 0.1077 0.3699 0.4685 0.0539 
        D605 10 0.1129 0.1932 0.5159 0.1780 
        D606 10 0.2791 0.0359 0.0453 0.6397 
        D607 10 0.0287 0.0560 0.8719 0.0434 
        D608 10 0.0251 0.9059 0.0484 0.0206 
        D609 10 0.6895 0.0434 0.1936 0.0735 
        D610 10 0.2883 0.1763 0.3619 0.1735 
        D611 10 0.9279 0.0231 0.0242 0.0248 
        D613 10 0.2649 0.1509 0.4844 0.0999 
        D633 10 0.0455 0.1419 0.6862 0.1264 
        D634 10 0.5974 0.1302 0.1067 0.1657 
        D638 10 0.0428 0.8987 0.0271 0.0314 
        D681 10 0.4732 0.1549 0.1124 0.2594 
        D754 10 0.3591 0.1030 0.0419 0.4961 
        D755 10 0.3377 0.5902 0.0203 0.0519 
        D756 10 0.6154 0.1620 0.0554 0.1672 
        D757 10 0.1245 0.4159 0.2405 0.2191 
        D758 10 0.2953 0.2042 0.2213 0.2793 
        D759 10 0.3847 0.4790 0.0547 0.0815 
        D760 10 0.3421 0.3759 0.1614 0.1207 
        D761 10 0.0536 0.9024 0.0194 0.0246 
        D762 10 0.0903 0.0672 0.7575 0.0850 
        D775 10 0.7029 0.1866 0.0287 0.0817 
        D776 10 0.0572 0.8712 0.0295 0.0421 
        D777 10 0.5416 0.2121 0.0716 0.1747 
        D778 10 0.0548 0.7385 0.0424 0.1643 
        D779 10 0.4516 0.1570 0.0764 0.3150 
        D780 10 0.1713 0.5730 0.1669 0.0888 
        D781 10 0.1209 0.2191 0.5615 0.0985 
        D858 10 0.0678 0.0743 0.0279 0.8299 
        D933 10 0.2393 0.2372 0.4158 0.1077 
        D038 11 0.1457 0.5173 0.1663 0.1706 
        D063 11 0.3240 0.4827 0.0950 0.0982 
        D155 11 0.4281 0.3236 0.1457 0.1026 
        D175 11 0.5104 0.0915 0.0478 0.3503 
        D176 11 0.1782 0.7245 0.0362 0.0611 
        D205 11 0.7170 0.0307 0.0468 0.2055 
     D237229 11 0.0465 0.3176 0.3491 0.2868 
     D237230 11 0.0363 0.1487 0.6435 0.1714 
     D237231 11 0.0568 0.0673 0.8208 0.0550 
     D237269 11 0.0972 0.3991 0.3498 0.1540 
     D237270 11 0.0644 0.0717 0.1146 0.7493 
     D237271 11 0.5775 0.0953 0.1741 0.1532 
     D237272 11 0.0626 0.1456 0.5488 0.2430 
     D237273 11 0.5627 0.2576 0.0845 0.0952 
     D237301 11 0.1279 0.0663 0.7540 0.0518 
     D237302 11 0.0880 0.2606 0.1398 0.5117 
     D237303 11 0.0374 0.1471 0.2114 0.6041 
     D237304 11 0.1934 0.1856 0.3337 0.2872 
     D237305 11 0.1081 0.0775 0.0519 0.7625 
     D237314 11 0.4310 0.2200 0.1523 0.1967 
     D237315 11 0.0606 0.0767 0.1414 0.7213 
     D237316 11 0.1050 0.0289 0.8302 0.0359 
     D237328 11 0.2363 0.0350 0.3919 0.3368 
     D237329 11 0.1784 0.4453 0.1346 0.2417 
     D237330 11 0.6800 0.2138 0.0517 0.0545 
     D237331 11 0.4343 0.2316 0.2188 0.1153 
     D237332 11 0.2866 0.1074 0.4409 0.1651 
     D237333 11 0.3550 0.5464 0.0545 0.0441 
     D237334 11 0.1021 0.0468 0.7912 0.0599 
     D237335 11 0.3623 0.0752 0.3250 0.2375 
     D237336 11 0.1712 0.5381 0.0973 0.1933 
     D237350 11 0.5936 0.1683 0.1599 0.0782 
     D237383 11 0.2018 0.3101 0.0740 0.4141 
     D237384 11 0.1021 0.0743 0.5996 0.2241 
     D237385 11 0.1935 0.2488 0.3056 0.2520 
     D237386 11 0.2085 0.1622 0.5130 0.1163 
     D237387 11 0.1186 0.0495 0.6269 0.2051 
     D237388 11 0.7957 0.0606 0.0962 0.0476 
        D239 11 0.4417 0.2744 0.1963 0.0876 
        D240 11 0.0565 0.7809 0.0387 0.1238 
        D241 11 0.0428 0.1143 0.6501 0.1928 
        D242 11 0.1166 0.2222 0.5198 0.1414 
        D243 11 0.5161 0.1963 0.1197 0.1679 
        D244 11 0.7289 0.0578 0.0652 0.1481 
