        D174  1 0.1011 0.0293 0.0735 0.1258 0.0904 0.4997 0.0449 0.0352 
        D199  1 0.0679 0.0447 0.2515 0.0354 0.1307 0.1487 0.2170 0.1041 
        D203  1 0.1099 0.0427 0.2320 0.1414 0.1010 0.0685 0.1685 0.1360 
        D204  1 0.0229 0.0612 0.7689 0.0273 0.0290 0.0235 0.0441 0.0231 
     D237366  1 0.5641 0.0868 0.0513 0.0239 0.0887 0.0572 0.0550 0.0730 
     D237367  1 0.2079 0.0576 0.4002 0.0578 0.1198 0.0443 0.0828 0.0296 
     D237368  1 0.4042 0.0355 0.1675 0.0691 0.0892 0.0998 0.0981 0.0367 
     D244101  1 0.0231 0.4019 0.2163 0.0313 0.0932 0.0266 0.0739 0.1336 
     D244102  1 0.1256 0.1779 0.0985 0.2347 0.1141 0.0703 0.0648 0.1141 
     D244103  1 0.2326 0.0670 0.1710 0.0510 0.3052 0.0544 0.0427 0.0761 
     D244104  1 0.0542 0.0277 0.6316 0.0351 0.0443 0.1140 0.0456 0.0475 
     D244105  1 0.4578 0.0274 0.0945 0.1390 0.1643 0.0214 0.0276 0.0680 
     D244106  1 0.0307 0.0323 0.0575 0.0442 0.0735 0.5794 0.0816 0.1008 
     D244107  1 0.2814 0.0674 0.1180 0.2010 0.1214 0.0205 0.1609 0.0293 
     D244108  1 0.0454 0.0446 0.0802 0.3755 0.0576 0.3176 0.0427 0.0364 
     D244113  1 0.0261 0.2196 0.0205 0.0522 0.0652 0.5294 0.0630 0.0239 
     D244114  1 0.0816 0.0590 0.0847 0.0584 0.3774 0.0873 0.0673 0.1842 
     D244115  1 0.0573 0.0375 0.1504 0.2174 0.1792 0.2928 0.0249 0.0405 
     D267365  1 0.0889 0.0460 0.3726 0.0587 0.0753 0.1766 0.0353 0.1465 
        D404  1 0.0218 0.2350 0.0308 0.0967 0.0689 0.4478 0.0670 0.0320 
        D405  1 0.0672 0.1650 0.1391 0.1583 0.1357 0.1158 0.1377 0.0812 
        D406  1 0.7060 0.0366 0.0704 0.0661 0.0310 0.0484 0.0208 0.0207 
        D407  1 0.1470 0.0170 0.6369 0.0149 0.0761 0.0314 0.0542 0.0225 
        D408  1 0.0319 0.0446 0.0655 0.0881 0.0937 0.4698 0.0212 0.1852 
        D409  1 0.1273 0.0347 0.0754 0.0696 0.4080 0.0545 0.0523 0.1782 
        D410  1 0.0247 0.0222 0.0693 0.7886 0.0388 0.0257 0.0107 0.0199 
        D421  1 0.0134 0.0109 0.8938 0.0090 0.0174 0.0197 0.0200 0.0158 
        D422  1 0.7265 0.0156 0.0966 0.0306 0.0460 0.0169 0.0289 0.0389 
        D423  1 0.0683 0.0204 0.1000 0.6708 0.0499 0.0176 0.0562 0.0168 
        D424  1 0.1086 0.0226 0.6127 0.0263 0.1461 0.0438 0.0192 0.0208 
        D425  1 0.0370 0.0316 0.4983 0.1469 0.1124 0.0957 0.0280 0.0500 
        D426  1 0.1510 0.0256 0.0894 0.0203 0.4450 0.0324 0.0437 0.1926 
        D427  1 0.0437 0.0154 0.2870 0.0180 0.0311 0.1697 0.4066 0.0285 
        D428  1 0.0927 0.1051 0.3574 0.0802 0.1162 0.1732 0.0397 0.0355 
        D429  1 0.0649 0.0460 0.3218 0.0637 0.1041 0.2628 0.0437 0.0931 
        D430  1 0.0628 0.0338 0.0990 0.0664 0.2548 0.1526 0.0830 0.2475 
        D491  1 0.0265 0.0249 0.0443 0.0481 0.0469 0.7490 0.0170 0.0433 
        D492  1 0.1459 0.0741 0.2544 0.0624 0.1959 0.1438 0.0780 0.0456 
        D537  1 0.0755 0.0746 0.6523 0.0440 0.0700 0.0327 0.0355 0.0154 
        D538  1 0.1342 0.0636 0.0662 0.2146 0.2319 0.1154 0.1148 0.0593 
        D539  1 0.1115 0.1131 0.0467 0.0794 0.0842 0.1754 0.0552 0.3345 
        D540  1 0.1150 0.0283 0.3759 0.0839 0.2343 0.0454 0.0317 0.0856 
        D541  1 0.0171 0.0130 0.8740 0.0195 0.0196 0.0140 0.0204 0.0224 
        D551  1 0.0846 0.0286 0.0837 0.0263 0.3698 0.0531 0.1950 0.1588 
        D552  1 0.1355 0.0515 0.1837 0.1686 0.1073 0.2570 0.0367 0.0596 
        D553  1 0.0163 0.0156 0.8752 0.0202 0.0226 0.0190 0.0132 0.0179 
        D615  1 0.0571 0.0242 0.3799 0.1605 0.1250 0.0763 0.0875 0.0895 
        D616  1 0.1050 0.0225 0.2949 0.1371 0.1477 0.0657 0.1379 0.0892 
        D621  1 0.2727 0.3562 0.0201 0.1245 0.0630 0.1085 0.0295 0.0256 
        D622  1 0.5784 0.0387 0.0464 0.1465 0.0751 0.0493 0.0299 0.0357 
        D623  1 0.0223 0.3205 0.0289 0.0731 0.0668 0.2360 0.1988 0.0536 
        D624  1 0.0508 0.0137 0.0429 0.0278 0.0727 0.7419 0.0189 0.0313 
        D625  1 0.0848 0.0382 0.5830 0.0814 0.0830 0.0749 0.0224 0.0323 
        D626  1 0.1886 0.0302 0.1189 0.1185 0.0742 0.3473 0.0436 0.0788 
        D627  1 0.1257 0.0213 0.0862 0.0222 0.3706 0.0412 0.0268 0.3059 
        D690  1 0.0430 0.0228 0.7587 0.0724 0.0243 0.0449 0.0148 0.0191 
        D691  1 0.7192 0.0251 0.0752 0.0495 0.0328 0.0344 0.0160 0.0477 
        D710  1 0.1085 0.0942 0.2545 0.1278 0.1531 0.1658 0.0497 0.0464 
        D711  1 0.0688 0.0458 0.7053 0.0397 0.0422 0.0395 0.0309 0.0277 
        D712  1 0.0858 0.0555 0.0306 0.0425 0.0505 0.6153 0.0383 0.0815 
        D713  1 0.0933 0.3163 0.1559 0.0753 0.1233 0.1857 0.0241 0.0261 
        D746  1 0.7394 0.0214 0.0839 0.0317 0.0313 0.0346 0.0339 0.0237 
        D747  1 0.0161 0.0223 0.8626 0.0171 0.0172 0.0193 0.0217 0.0236 
        D748  1 0.3667 0.0643 0.2695 0.1153 0.0755 0.0358 0.0238 0.0492 
        D749  1 0.2766 0.0981 0.0271 0.0982 0.2590 0.1174 0.0745 0.0492 
        D750  1 0.0381 0.0350 0.1260 0.0849 0.0378 0.6274 0.0250 0.0260 
        D763  1 0.1145 0.1852 0.1444 0.0367 0.1472 0.0296 0.1174 0.2251 
        D764  1 0.0549 0.0154 0.5044 0.0875 0.0484 0.2456 0.0189 0.0248 
        D765  1 0.0959 0.0150 0.0382 0.6432 0.0511 0.0895 0.0190 0.0482 
        D766  1 0.1584 0.1529 0.1486 0.3423 0.0942 0.0548 0.0283 0.0206 
        D767  1 0.1909 0.2443 0.1128 0.1446 0.0904 0.0479 0.1221 0.0470 
        D768  1 0.0251 0.0156 0.8648 0.0203 0.0226 0.0140 0.0190 0.0186 
        D811  1 0.0264 0.0573 0.0408 0.4198 0.1851 0.1857 0.0264 0.0586 
        D816  1 0.0247 0.0186 0.8355 0.0284 0.0243 0.0307 0.0179 0.0199 
        D825  1 0.0451 0.0292 0.1164 0.4667 0.1067 0.1801 0.0219 0.0340 
        D866  1 0.0264 0.0241 0.0533 0.1005 0.1017 0.1910 0.1416 0.3612 
        D867  1 0.6858 0.1085 0.0261 0.0307 0.0476 0.0305 0.0499 0.0209 
        D871  1 0.1005 0.0392 0.0664 0.0280 0.4598 0.0709 0.0240 0.2112 
        D872  1 0.1336 0.0503 0.2928 0.2435 0.0995 0.0563 0.0906 0.0334 
        D873  1 0.0243 0.0419 0.0110 0.8462 0.0222 0.0183 0.0241 0.0120 
        D874  1 0.0173 0.7136 0.0587 0.0201 0.0477 0.0781 0.0239 0.0406 
        D875  1 0.1975 0.0362 0.0435 0.1067 0.4798 0.0244 0.0245 0.0874 
        D876  1 0.1263 0.0839 0.4184 0.0677 0.0979 0.1261 0.0275 0.0523 
        D877  1 0.0173 0.2701 0.0468 0.0616 0.1748 0.3614 0.0376 0.0304 
        D892  1 0.2557 0.0512 0.3042 0.0780 0.0764 0.1746 0.0221 0.0377 
        D893  1 0.0958 0.0528 0.5758 0.0622 0.0755 0.0247 0.0319 0.0812 
        D894  1 0.0771 0.0228 0.5461 0.0497 0.1192 0.0731 0.0272 0.0848 
        D915  1 0.0997 0.0233 0.5030 0.1920 0.0540 0.0497 0.0366 0.0415 
        D916  1 0.0260 0.0114 0.8636 0.0188 0.0241 0.0211 0.0146 0.0204 
        D917  1 0.0545 0.1222 0.1495 0.0440 0.1752 0.2413 0.0912 0.1220 
        D925  1 0.0516 0.0241 0.1922 0.5325 0.0342 0.1054 0.0262 0.0337 
        D926  1 0.0691 0.0506 0.4064 0.0698 0.2271 0.0924 0.0288 0.0557 
        D927  1 0.0760 0.0467 0.2575 0.0329 0.1139 0.0660 0.2911 0.1158 
        D928  1 0.0136 0.0164 0.0655 0.0463 0.0261 0.7965 0.0198 0.0158 
        D929  1 0.1085 0.6081 0.0330 0.0584 0.0648 0.0611 0.0273 0.0388 
        D936  1 0.0304 0.1547 0.5309 0.0425 0.0566 0.0390 0.0491 0.0968 
        D938  1 0.7132 0.0580 0.0329 0.0709 0.0453 0.0402 0.0201 0.0193 
        D956  1 0.0268 0.0299 0.0301 0.0616 0.0741 0.6892 0.0427 0.0455 
        D957  1 0.0821 0.0659 0.1122 0.5440 0.0674 0.0479 0.0450 0.0355 
        D958  1 0.1603 0.0830 0.1841 0.2646 0.1022 0.1462 0.0369 0.0227 
        D959  1 0.1448 0.0146 0.6512 0.0166 0.0736 0.0234 0.0589 0.0168 
        D960  1 0.6340 0.0507 0.0303 0.1096 0.0604 0.0674 0.0228 0.0250 
        D989  1 0.0421 0.0293 0.0584 0.0289 0.0632 0.5919 0.1045 0.0818 
        D990  1 0.0802 0.0214 0.0177 0.6471 0.0592 0.0667 0.0351 0.0727 
        D023  2 0.7805 0.0229 0.0665 0.0237 0.0382 0.0170 0.0349 0.0164 
        D130  2 0.7294 0.0240 0.0805 0.0339 0.0457 0.0170 0.0501 0.0194 
        D131  2 0.0404 0.0435 0.1990 0.0836 0.3633 0.0401 0.0503 0.1798 
        D163  2 0.6089 0.0283 0.1216 0.0673 0.0584 0.0542 0.0204 0.0409 
        D164  2 0.0282 0.0229 0.0136 0.3593 0.0244 0.0136 0.5269 0.0112 
        D165  2 0.7729 0.0319 0.0435 0.0268 0.0379 0.0182 0.0346 0.0343 
        D166  2 0.1175 0.1657 0.0532 0.1414 0.3260 0.0246 0.0727 0.0989 
        D167  2 0.0122 0.0138 0.0159 0.0198 0.0275 0.0315 0.8594 0.0200 
        D192  2 0.0133 0.0227 0.0103 0.0160 0.0184 0.0188 0.8748 0.0258 
        D193  2 0.0503 0.1628 0.0343 0.2162 0.1684 0.2363 0.0458 0.0860 
        D206  2 0.1450 0.0567 0.2136 0.0341 0.1592 0.0320 0.3150 0.0444 
        D207  2 0.0269 0.0235 0.0446 0.0272 0.1182 0.0235 0.6717 0.0645 
        D208  2 0.0674 0.0597 0.0645 0.0874 0.0948 0.2240 0.1297 0.2725 
        D209  2 0.0371 0.1246 0.0394 0.0546 0.2309 0.0298 0.4509 0.0327 
        D210  2 0.0442 0.0407 0.0825 0.0341 0.0567 0.4137 0.1158 0.2122 
     D229599  2 0.1129 0.1682 0.2035 0.0956 0.1505 0.0632 0.0472 0.1590 
     D229600  2 0.4029 0.0345 0.0315 0.0369 0.0524 0.0263 0.3804 0.0352 
     D237227  2 0.0562 0.0304 0.0538 0.2092 0.1127 0.3958 0.0497 0.0921 
     D237228  2 0.0218 0.0254 0.0153 0.5723 0.0914 0.1717 0.0457 0.0565 
     D237258  2 0.1221 0.0969 0.0845 0.1124 0.1355 0.0901 0.2273 0.1313 
     D237310  2 0.0393 0.0581 0.0149 0.6334 0.1062 0.0492 0.0516 0.0473 
     D237311  2 0.0439 0.0248 0.0191 0.6349 0.0502 0.0320 0.1672 0.0278 
     D237312  2 0.1568 0.1529 0.0265 0.4589 0.0876 0.0483 0.0262 0.0427 
     D237313  2 0.0730 0.0859 0.2567 0.1638 0.2002 0.0799 0.0351 0.1054 
     D237322  2 0.0401 0.1038 0.0365 0.1466 0.1963 0.0757 0.0571 0.3438 
     D237323  2 0.0640 0.0407 0.0179 0.5373 0.0597 0.1594 0.0336 0.0873 
     D237324  2 0.2258 0.0311 0.0606 0.0511 0.2977 0.0178 0.2134 0.1024 
     D237325  2 0.1962 0.1085 0.0330 0.3665 0.1036 0.0772 0.0769 0.0380 
     D237326  2 0.0537 0.0379 0.0650 0.6550 0.0443 0.0719 0.0460 0.0261 
     D237327  2 0.1203 0.0637 0.0598 0.0348 0.1398 0.0361 0.1457 0.3999 
     D237337  2 0.0323 0.0265 0.0225 0.8192 0.0330 0.0276 0.0154 0.0235 
     D237338  2 0.2067 0.1118 0.0616 0.1953 0.1214 0.1107 0.0911 0.1014 
     D237339  2 0.0227 0.5318 0.0426 0.0377 0.0982 0.0221 0.1924 0.0526 
     D237340  2 0.1083 0.0759 0.0246 0.3240 0.0666 0.1657 0.1890 0.0459 
     D237389  2 0.0419 0.0406 0.0233 0.7028 0.0560 0.0278 0.0846 0.0230 
     D237390  2 0.1232 0.0924 0.0519 0.4833 0.0775 0.0855 0.0253 0.0609 
     D244017  2 0.0468 0.0296 0.0324 0.0686 0.1132 0.2872 0.3741 0.0481 
     D244112  2 0.0316 0.0168 0.0163 0.0240 0.0329 0.0209 0.8355 0.0220 
     D244118  2 0.2028 0.0350 0.0126 0.0339 0.0250 0.0268 0.6362 0.0277 
     D244119  2 0.0140 0.0142 0.0186 0.0401 0.0295 0.5484 0.3087 0.0265 
     D244120  2 0.0404 0.1119 0.0144 0.0705 0.0693 0.0872 0.4297 0.1767 
     D244122  2 0.0647 0.0333 0.0325 0.0354 0.0397 0.0483 0.7140 0.0322 
        D291  2 0.0749 0.0200 0.0754 0.0495 0.1565 0.0190 0.0663 0.5385 
        D292  2 0.0239 0.0401 0.2457 0.1004 0.0579 0.0607 0.2495 0.2217 
        D293  2 0.0138 0.0457 0.1005 0.0184 0.0837 0.0156 0.6922 0.0301 
        D322  2 0.0381 0.0686 0.0918 0.0468 0.0873 0.0208 0.6112 0.0354 
        D323  2 0.0518 0.2261 0.0907 0.0852 0.2244 0.0585 0.1951 0.0681 
        D324  2 0.1063 0.0270 0.1504 0.1021 0.2035 0.0554 0.0444 0.3110 
        D325  2 0.0187 0.0207 0.0463 0.0181 0.0358 0.0137 0.8113 0.0354 
        D326  2 0.0134 0.0140 0.8623 0.0116 0.0277 0.0286 0.0170 0.0255 
        D340  2 0.0173 0.0212 0.0214 0.0144 0.0227 0.0171 0.8618 0.0241 
        D341  2 0.0468 0.0394 0.0499 0.0570 0.0689 0.0430 0.5963 0.0987 
        D342  2 0.0551 0.0233 0.0256 0.1058 0.1091 0.0198 0.6145 0.0467 
        D343  2 0.0124 0.0146 0.0200 0.0109 0.0149 0.0107 0.9023 0.0142 
        D344  2 0.0251 0.5104 0.1318 0.0754 0.1468 0.0248 0.0536 0.0320 
        D345  2 0.0761 0.0951 0.1788 0.3326 0.1834 0.0424 0.0503 0.0415 
        D346  2 0.0383 0.0509 0.0593 0.0462 0.0815 0.5587 0.1044 0.0608 
        D351  2 0.0849 0.0571 0.2591 0.0924 0.2310 0.0303 0.0637 0.1814 
        D352  2 0.0257 0.6885 0.0236 0.0488 0.1004 0.0477 0.0328 0.0325 
        D353  2 0.0274 0.1168 0.1998 0.0201 0.5579 0.0163 0.0322 0.0296 
        D354  2 0.0239 0.7392 0.0517 0.0553 0.0463 0.0464 0.0181 0.0192 
        D362  2 0.0365 0.0200 0.7827 0.0431 0.0399 0.0281 0.0284 0.0212 
        D363  2 0.0359 0.0203 0.7718 0.0456 0.0410 0.0357 0.0301 0.0196 
        D364  2 0.0470 0.2960 0.3128 0.1246 0.1100 0.0430 0.0334 0.0331 
        D365  2 0.0129 0.0178 0.0209 0.0126 0.0199 0.0220 0.8784 0.0155 
        D369  2 0.0459 0.0234 0.2098 0.1734 0.1015 0.1527 0.1683 0.1250 
        D374  2 0.0234 0.0880 0.0251 0.1471 0.0677 0.5942 0.0255 0.0290 
        D375  2 0.0184 0.8508 0.0180 0.0237 0.0385 0.0182 0.0176 0.0148 
        D376  2 0.0256 0.0925 0.0204 0.1313 0.1114 0.5464 0.0314 0.0409 
        D377  2 0.0697 0.1231 0.0394 0.3688 0.1350 0.1023 0.0851 0.0766 
        D378  2 0.0984 0.1441 0.1639 0.0436 0.1244 0.0327 0.3137 0.0792 
        D379  2 0.0317 0.0506 0.7208 0.0342 0.0681 0.0286 0.0324 0.0335 
        D384  2 0.0152 0.0156 0.8602 0.0207 0.0186 0.0297 0.0194 0.0206 
        D385  2 0.0187 0.1735 0.0186 0.0243 0.0353 0.0382 0.6717 0.0198 
        D386  2 0.0900 0.4978 0.1059 0.0402 0.1148 0.0247 0.0919 0.0347 
        D391  2 0.0186 0.0911 0.0341 0.0218 0.0352 0.0176 0.7576 0.0239 
        D392  2 0.0380 0.0224 0.0517 0.1086 0.0580 0.0625 0.6253 0.0334 
        D393  2 0.0484 0.1506 0.2979 0.0662 0.0737 0.0249 0.1178 0.2204 
        D394  2 0.2184 0.1210 0.0971 0.2227 0.1320 0.0446 0.0930 0.0713 
        D395  2 0.0223 0.5592 0.0214 0.0267 0.0601 0.0216 0.2573 0.0315 
        D401  2 0.0154 0.0134 0.0202 0.8350 0.0302 0.0397 0.0307 0.0153 
        D402  2 0.0171 0.0637 0.0194 0.0263 0.0233 0.0174 0.7763 0.0566 
        D403  2 0.1390 0.0983 0.2743 0.0377 0.3332 0.0215 0.0345 0.0615 
        D415  2 0.0572 0.0351 0.5614 0.0896 0.1843 0.0163 0.0299 0.0262 
        D435  2 0.0349 0.0444 0.5974 0.0422 0.0452 0.0187 0.1572 0.0601 
        D436  2 0.0480 0.5233 0.1831 0.0530 0.0729 0.0485 0.0300 0.0412 
        D438  2 0.0151 0.0177 0.0137 0.0137 0.0193 0.0279 0.8769 0.0156 
        D439  2 0.0811 0.4989 0.0808 0.0654 0.1370 0.0197 0.0880 0.0291 
        D449  2 0.0363 0.0180 0.1326 0.0248 0.1345 0.0296 0.5996 0.0247 
        D450  2 0.0846 0.2304 0.1049 0.0573 0.2392 0.1545 0.0242 0.1049 
        D456  2 0.0254 0.0150 0.8434 0.0147 0.0416 0.0191 0.0130 0.0278 
        D462  2 0.0227 0.0486 0.0398 0.0164 0.0289 0.0136 0.8110 0.0190 
        D463  2 0.0177 0.0272 0.8436 0.0200 0.0303 0.0301 0.0135 0.0175 
        D464  2 0.0242 0.4303 0.0529 0.0246 0.3288 0.0401 0.0700 0.0292 
        D465  2 0.0368 0.0322 0.2014 0.0727 0.0831 0.0271 0.5200 0.0268 
        D473  2 0.0613 0.1398 0.0234 0.1245 0.0608 0.4961 0.0385 0.0555 
        D474  2 0.0589 0.0264 0.5677 0.0507 0.0499 0.0542 0.0658 0.1264 
        D476  2 0.3922 0.4057 0.0218 0.0164 0.0512 0.0148 0.0622 0.0358 
        D477  2 0.0293 0.2404 0.2341 0.1680 0.1195 0.0664 0.0360 0.1064 
        D478  2 0.2689 0.1057 0.0576 0.0664 0.2256 0.1260 0.0880 0.0618 
        D480  2 0.0300 0.1919 0.1872 0.0360 0.1282 0.1181 0.1244 0.1842 
        D481  2 0.1325 0.1361 0.2501 0.1170 0.0929 0.1178 0.0838 0.0698 
        D482  2 0.0520 0.4047 0.0250 0.0962 0.1045 0.1125 0.0333 0.1717 
        D483  2 0.0264 0.0185 0.0150 0.0181 0.0267 0.0660 0.8060 0.0233 
        D484  2 0.0131 0.8840 0.0124 0.0177 0.0197 0.0188 0.0157 0.0186 
        D510  2 0.0240 0.0629 0.0361 0.0543 0.0586 0.5819 0.0317 0.1507 
        D511  2 0.0578 0.5954 0.1090 0.0299 0.0431 0.0225 0.0809 0.0614 
        D512  2 0.0466 0.0547 0.0282 0.5418 0.0904 0.0178 0.1747 0.0457 
        D513  2 0.0350 0.0306 0.1303 0.0464 0.1107 0.0743 0.5057 0.0671 
        D635  2 0.3439 0.0194 0.3339 0.0426 0.1413 0.0346 0.0490 0.0354 
        D636  2 0.7599 0.0167 0.0425 0.0770 0.0380 0.0250 0.0267 0.0142 
        D637  2 0.0425 0.3239 0.0318 0.1360 0.1259 0.0671 0.1566 0.1162 
        D658  2 0.0425 0.2600 0.0235 0.0707 0.0462 0.0924 0.4207 0.0438 
        D659  2 0.0521 0.0461 0.7071 0.0246 0.0587 0.0367 0.0309 0.0438 
        D677  2 0.1810 0.0662 0.3787 0.0846 0.0796 0.0232 0.0714 0.1154 
        D678  2 0.0299 0.0324 0.0178 0.0542 0.1199 0.0199 0.6969 0.0290 
        D679  2 0.0539 0.0617 0.4583 0.0402 0.1580 0.0568 0.0611 0.1100 
        D719  2 0.0205 0.0387 0.1188 0.0668 0.0496 0.4513 0.1909 0.0633 
        D720  2 0.0335 0.0232 0.7188 0.0363 0.0503 0.0755 0.0332 0.0293 
        D721  2 0.6457 0.0341 0.0671 0.0197 0.0792 0.0321 0.0881 0.0340 
        D722  2 0.0336 0.1093 0.0328 0.2441 0.1243 0.3440 0.0657 0.0463 
        D734  2 0.0177 0.5260 0.0232 0.0200 0.0498 0.2321 0.0834 0.0478 
        D735  2 0.0606 0.0784 0.2160 0.1533 0.1712 0.1008 0.1097 0.1100 
        D736  2 0.0536 0.0630 0.0894 0.0635 0.0616 0.3734 0.0797 0.2157 
        D737  2 0.0568 0.1380 0.0206 0.0635 0.0555 0.0553 0.5143 0.0960 
        D807  2 0.0539 0.0981 0.1693 0.1417 0.0804 0.2088 0.0902 0.1576 
        D808  2 0.0963 0.0458 0.0662 0.2815 0.2113 0.0333 0.1420 0.1236 
        D817  2 0.0561 0.1411 0.4406 0.1153 0.1242 0.0449 0.0290 0.0487 
        D818  2 0.1581 0.0369 0.0647 0.0347 0.2341 0.0295 0.2217 0.2203 
        D819  2 0.0715 0.0422 0.1781 0.3846 0.1719 0.0404 0.0413 0.0699 
        D820  2 0.0256 0.0761 0.6742 0.0175 0.0742 0.0331 0.0610 0.0384 
        D895  2 0.1297 0.0504 0.4767 0.0804 0.1249 0.0478 0.0458 0.0443 
        D896  2 0.0202 0.0186 0.0162 0.8706 0.0221 0.0253 0.0137 0.0133 
        D897  2 0.0359 0.0420 0.0290 0.0641 0.1055 0.0212 0.6309 0.0715 
        D898  2 0.0471 0.0454 0.0524 0.4098 0.1596 0.0593 0.0314 0.1951 
        D918  2 0.1778 0.1353 0.0361 0.1881 0.1829 0.0789 0.0797 0.1212 
        D919  2 0.0520 0.3499 0.2005 0.0285 0.1195 0.0303 0.1335 0.0857 
        D920  2 0.6822 0.0432 0.0321 0.0674 0.0371 0.0591 0.0441 0.0349 
        D923  2 0.0361 0.1179 0.6511 0.0326 0.0599 0.0296 0.0450 0.0278 
        D930  2 0.0423 0.2142 0.1874 0.1065 0.1973 0.1208 0.0603 0.0713 
        D931  2 0.0464 0.2581 0.2786 0.0705 0.0872 0.0514 0.1462 0.0615 
        D968  2 0.0157 0.0226 0.0249 0.0231 0.0275 0.0184 0.8217 0.0460 
        D969  2 0.0446 0.0320 0.2248 0.0675 0.1317 0.0691 0.2291 0.2012 
        D977  2 0.0282 0.0344 0.0462 0.0222 0.0612 0.0280 0.7317 0.0480 
        D978  2 0.0362 0.0349 0.0304 0.0352 0.1650 0.0353 0.1637 0.4992 
        D211  3 0.7099 0.0397 0.0579 0.0440 0.0625 0.0241 0.0222 0.0397 
     D229639  3 0.0310 0.0265 0.0937 0.0635 0.0642 0.0899 0.0540 0.5773 
     D237212  3 0.1028 0.2086 0.0922 0.0816 0.0902 0.0320 0.0819 0.3107 
     D237213  3 0.1295 0.1846 0.0690 0.3527 0.1232 0.0246 0.0498 0.0665 
     D237214  3 0.7404 0.0223 0.0227 0.0204 0.1257 0.0302 0.0208 0.0175 
     D237215  3 0.0199 0.0290 0.0239 0.0565 0.0556 0.1135 0.5795 0.1222 
     D237216  3 0.1038 0.0496 0.0532 0.0570 0.5801 0.0264 0.0408 0.0892 
     D237217  3 0.3477 0.0250 0.1630 0.1107 0.2336 0.0173 0.0281 0.0748 
     D237218  3 0.0646 0.1369 0.0553 0.0297 0.0709 0.0404 0.0449 0.5571 
     D237219  3 0.2114 0.0270 0.0441 0.3446 0.1062 0.1073 0.0307 0.1286 
     D237382  3 0.0744 0.0658 0.1165 0.2837 0.1598 0.1347 0.0814 0.0837 
     D244127  3 0.0516 0.0463 0.0296 0.6308 0.0749 0.0219 0.0724 0.0726 
     D244129  3 0.1351 0.0835 0.1307 0.2301 0.1639 0.0539 0.1033 0.0994 
     D244133  3 0.1235 0.0203 0.1080 0.0673 0.2375 0.1492 0.2210 0.0732 
     D244134  3 0.0515 0.0271 0.0420 0.1108 0.0487 0.2577 0.0436 0.4185 
     D244135  3 0.7211 0.0213 0.0499 0.0289 0.0516 0.0212 0.0743 0.0318 
     D244136  3 0.0959 0.0329 0.2559 0.0578 0.1492 0.2132 0.1163 0.0789 
        D416  3 0.0847 0.0554 0.1563 0.1668 0.1940 0.0391 0.1895 0.1143 
        D417  3 0.0666 0.0331 0.6673 0.0535 0.0782 0.0345 0.0206 0.0462 
        D419  3 0.1487 0.0483 0.1464 0.1642 0.1403 0.0723 0.0879 0.1920 
        D565  3 0.0176 0.0154 0.0501 0.0239 0.0317 0.8152 0.0155 0.0306 
        D566  3 0.0275 0.0281 0.0810 0.0981 0.0937 0.3230 0.0646 0.2840 
        D567  3 0.1189 0.0609 0.5653 0.0908 0.0578 0.0283 0.0476 0.0304 
        D568  3 0.2089 0.1560 0.1970 0.0801 0.1052 0.0183 0.1223 0.1123 
        D569  3 0.0691 0.5770 0.0287 0.0381 0.0916 0.0422 0.1034 0.0499 
        D573  3 0.0254 0.0348 0.1905 0.0413 0.0832 0.0318 0.1906 0.4024 
        D574  3 0.0570 0.0346 0.0495 0.0844 0.1493 0.4424 0.0497 0.1331 
        D575  3 0.1302 0.0442 0.1420 0.1824 0.1594 0.1617 0.0962 0.0840 
        D576  3 0.0361 0.0427 0.0099 0.0232 0.0706 0.0365 0.6908 0.0902 
        D577  3 0.1737 0.0593 0.4762 0.0340 0.1196 0.0545 0.0360 0.0466 
        D578  3 0.7967 0.0154 0.0200 0.0299 0.0712 0.0195 0.0269 0.0203 
        D579  3 0.0726 0.1042 0.1855 0.0775 0.1184 0.1730 0.0805 0.1884 
        D660  3 0.0536 0.0510 0.0249 0.0769 0.1041 0.0181 0.6338 0.0375 
        D661  3 0.1096 0.0584 0.0308 0.0385 0.1151 0.0267 0.2704 0.3505 
        D663  3 0.0344 0.0505 0.0719 0.0232 0.1466 0.0290 0.0943 0.5500 
        D664  3 0.2062 0.0359 0.0255 0.2368 0.1650 0.0933 0.1842 0.0531 
        D665  3 0.1644 0.1398 0.0202 0.1703 0.3527 0.0180 0.0618 0.0729 
        D666  3 0.0879 0.0472 0.1193 0.4100 0.0930 0.1156 0.0393 0.0877 
        D009  4 0.2679 0.1688 0.1256 0.1182 0.1727 0.0355 0.0230 0.0883 
        D057  4 0.2939 0.2959 0.0374 0.0195 0.0520 0.0330 0.1788 0.0895 
        D109  4 0.1038 0.0445 0.0430 0.5171 0.1758 0.0581 0.0219 0.0358 
     D237222  4 0.5775 0.0416 0.0434 0.0637 0.0470 0.1319 0.0529 0.0421 
     D237223  4 0.2110 0.0980 0.0622 0.2181 0.1400 0.1131 0.0827 0.0749 
     D237224  4 0.0545 0.1952 0.1448 0.0696 0.0855 0.0331 0.2130 0.2043 
     D237225  4 0.1498 0.0725 0.1650 0.0783 0.2903 0.0538 0.0397 0.1506 
     D237299  4 0.1041 0.0362 0.0194 0.1643 0.2639 0.0398 0.0239 0.3484 
     D237300  4 0.0263 0.0292 0.0231 0.0323 0.0412 0.0393 0.0456 0.7631 
     D237306  4 0.0426 0.0599 0.0949 0.1506 0.0663 0.5210 0.0342 0.0305 
     D237307  4 0.0822 0.0253 0.4196 0.0524 0.0940 0.1617 0.0594 0.1055 
     D237308  4 0.0514 0.2050 0.0547 0.0874 0.0768 0.0992 0.3850 0.0405 
     D237309  4 0.2189 0.1065 0.1622 0.0846 0.2513 0.0344 0.0541 0.0880 
     D237317  4 0.0767 0.0408 0.2213 0.0606 0.1841 0.3262 0.0341 0.0563 
     D237318  4 0.0161 0.0159 0.0344 0.0230 0.0465 0.0297 0.0536 0.7808 
     D237319  4 0.2628 0.0566 0.1003 0.1482 0.2098 0.0433 0.0606 0.1184 
     D237320  4 0.2546 0.0331 0.0766 0.1596 0.0837 0.0348 0.1082 0.2495 
     D237321  4 0.0470 0.0302 0.0660 0.0552 0.0850 0.0713 0.1264 0.5187 
     D237397  4 0.1356 0.0334 0.0873 0.1031 0.0955 0.2006 0.1033 0.2413 
     D237398  4 0.0395 0.0410 0.0633 0.0224 0.0925 0.0149 0.0324 0.6941 
     D237399  4 0.1449 0.0385 0.1104 0.0818 0.0806 0.1539 0.0481 0.3418 
     D244001  4 0.5599 0.0735 0.0436 0.0393 0.0890 0.0387 0.1139 0.0422 
        D289  4 0.0704 0.2144 0.0898 0.0442 0.0842 0.2785 0.0974 0.1212 
        D290  4 0.0730 0.0488 0.0621 0.0561 0.2095 0.0318 0.0542 0.4646 
        D294  4 0.1097 0.2668 0.0836 0.0254 0.2738 0.0424 0.0559 0.1423 
        D295  4 0.0697 0.0860 0.3557 0.2217 0.0809 0.0611 0.0345 0.0905 
        D301  4 0.5935 0.0467 0.0274 0.0646 0.0386 0.0658 0.0493 0.1142 
        D302  4 0.0349 0.7953 0.0531 0.0140 0.0441 0.0159 0.0174 0.0253 
        D303  4 0.0410 0.0944 0.0330 0.0998 0.0531 0.5791 0.0676 0.0320 
        D304  4 0.0627 0.0406 0.0878 0.0263 0.1674 0.0590 0.0294 0.5268 
        D305  4 0.0365 0.4523 0.0269 0.0377 0.2960 0.0151 0.0928 0.0426 
        D306  4 0.0503 0.0417 0.0586 0.0570 0.5588 0.0562 0.0304 0.1470 
        D307  4 0.6875 0.0549 0.0193 0.0316 0.0399 0.0862 0.0314 0.0492 
        D327  4 0.0497 0.0468 0.5883 0.0330 0.0898 0.0884 0.0511 0.0529 
        D328  4 0.0340 0.6197 0.0251 0.0736 0.0540 0.1352 0.0297 0.0287 
        D329  4 0.1029 0.2051 0.0609 0.1123 0.1813 0.0501 0.1506 0.1368 
        D330  4 0.1434 0.0795 0.2932 0.2173 0.1348 0.0212 0.0902 0.0204 
        D331  4 0.0833 0.0483 0.1410 0.1280 0.1462 0.0864 0.0436 0.3232 
        D333  4 0.0932 0.2361 0.0903 0.1154 0.1019 0.1087 0.0902 0.1642 
        D334  4 0.1324 0.0525 0.0878 0.0358 0.0797 0.5045 0.0296 0.0777 
        D335  4 0.0252 0.6079 0.1591 0.0369 0.0573 0.0360 0.0502 0.0273 
        D370  4 0.0587 0.1277 0.0512 0.4741 0.1070 0.0971 0.0520 0.0323 
        D371  4 0.0158 0.0292 0.0930 0.0271 0.0354 0.7331 0.0395 0.0269 
        D372  4 0.0163 0.0204 0.0137 0.0501 0.1074 0.0328 0.0513 0.7080 
        D373  4 0.6244 0.0640 0.0366 0.0267 0.0598 0.0315 0.0851 0.0720 
        D455  4 0.6878 0.0720 0.0257 0.0299 0.0374 0.0308 0.0430 0.0734 
        D490  4 0.8504 0.0248 0.0248 0.0222 0.0209 0.0225 0.0123 0.0222 
        D497  4 0.7154 0.0675 0.0189 0.0433 0.0594 0.0259 0.0230 0.0466 
        D498  4 0.0513 0.0454 0.0762 0.2452 0.1302 0.0995 0.0586 0.2936 
        D499  4 0.0306 0.1118 0.0244 0.0996 0.1762 0.1529 0.2217 0.1827 
        D514  4 0.0620 0.1556 0.3569 0.0937 0.1683 0.0213 0.0411 0.1011 
        D515  4 0.3208 0.0971 0.0594 0.2023 0.1598 0.0376 0.0467 0.0763 
        D516  4 0.1036 0.0276 0.2693 0.2639 0.1051 0.0592 0.0893 0.0820 
        D517  4 0.6455 0.0237 0.0558 0.0615 0.0892 0.0259 0.0410 0.0574 
        D518  4 0.2129 0.5096 0.0328 0.0204 0.0429 0.0963 0.0559 0.0291 
        D519  4 0.3345 0.0212 0.0674 0.1827 0.0797 0.0325 0.0435 0.2385 
        D560  4 0.2462 0.0598 0.1029 0.1126 0.1058 0.0213 0.0795 0.2719 
        D561  4 0.2474 0.0671 0.0964 0.0572 0.3815 0.0182 0.0669 0.0652 
        D562  4 0.2509 0.1350 0.0600 0.0826 0.1900 0.0744 0.1065 0.1007 
        D563  4 0.0669 0.2127 0.0256 0.0520 0.1158 0.0226 0.4370 0.0675 
        D572  4 0.0934 0.6759 0.0550 0.0284 0.0517 0.0337 0.0366 0.0252 
        D629  4 0.3378 0.1056 0.2790 0.0449 0.0956 0.0296 0.0373 0.0702 
        D630  4 0.2978 0.1496 0.1358 0.0511 0.1099 0.0694 0.0430 0.1433 
        D631  4 0.0481 0.6216 0.0254 0.0309 0.0685 0.0255 0.1235 0.0567 
        D632  4 0.3440 0.2259 0.0589 0.0775 0.0576 0.0192 0.1936 0.0234 
        D646  4 0.1183 0.0400 0.3048 0.2265 0.1317 0.0339 0.0670 0.0778 
        D647  4 0.1283 0.0750 0.4845 0.0822 0.0640 0.0208 0.0743 0.0708 
        D648  4 0.0272 0.7675 0.0146 0.0261 0.0364 0.0811 0.0262 0.0209 
        D649  4 0.0821 0.2233 0.2743 0.2449 0.0706 0.0247 0.0259 0.0543 
        D650  4 0.1654 0.1440 0.1930 0.0864 0.1203 0.1062 0.0390 0.1457 
        D708  4 0.0628 0.2938 0.0503 0.0639 0.1244 0.2518 0.0357 0.1173 
        D709  4 0.0346 0.1135 0.0435 0.3487 0.2589 0.0551 0.0441 0.1016 
        D738  4 0.0831 0.0366 0.1170 0.1472 0.0558 0.4720 0.0239 0.0645 
        D739  4 0.4579 0.1031 0.0428 0.0818 0.1314 0.0413 0.0475 0.0941 
        D740  4 0.0719 0.0656 0.0251 0.1931 0.2283 0.1268 0.0804 0.2089 
        D741  4 0.1421 0.0489 0.2010 0.1637 0.2205 0.0233 0.1082 0.0924 
        D742  4 0.0832 0.0718 0.0394 0.0562 0.1282 0.0964 0.3518 0.1731 
        D743  4 0.0516 0.3608 0.3512 0.0197 0.0628 0.0315 0.0622 0.0602 
        D744  4 0.0283 0.7308 0.0319 0.0343 0.0600 0.0166 0.0603 0.0378 
        D745  4 0.4529 0.0375 0.0353 0.1888 0.0747 0.0266 0.0271 0.1572 
        D814  4 0.1372 0.0873 0.0775 0.0199 0.2814 0.0284 0.2965 0.0719 
        D815  4 0.0373 0.4234 0.1645 0.1371 0.0830 0.0405 0.0565 0.0578 
        D828  4 0.0555 0.2546 0.0167 0.0971 0.1609 0.1585 0.1205 0.1361 
        D845  4 0.0146 0.0247 0.0324 0.0191 0.0372 0.0528 0.0547 0.7646 
        D846  4 0.1484 0.3305 0.1319 0.0240 0.1120 0.0139 0.1651 0.0742 
        D847  4 0.2694 0.0422 0.0866 0.0640 0.1272 0.1099 0.0675 0.2332 
        D848  4 0.5887 0.0470 0.0140 0.0205 0.0512 0.0194 0.0866 0.1725 
        D849  4 0.4206 0.0729 0.0633 0.1649 0.1456 0.0268 0.0474 0.0585 
        D850  4 0.2187 0.0475 0.1894 0.0337 0.1849 0.0758 0.0514 0.1985 
        D856  4 0.0998 0.0530 0.0451 0.3294 0.3350 0.0461 0.0293 0.0623 
        D857  4 0.0536 0.0438 0.0119 0.7034 0.0430 0.0383 0.0817 0.0243 
        D859  4 0.0441 0.6021 0.0735 0.0331 0.0621 0.0321 0.0384 0.1145 
        D860  4 0.0351 0.0828 0.0952 0.0308 0.0531 0.4643 0.1296 0.1092 
        D883  4 0.2232 0.0848 0.2634 0.1318 0.0837 0.0935 0.0414 0.0782 
        D884  4 0.1155 0.1333 0.1347 0.3215 0.1144 0.1002 0.0237 0.0568 
        D885  4 0.0910 0.1067 0.1309 0.0536 0.2776 0.0369 0.0915 0.2118 
        D886  4 0.2993 0.0750 0.1330 0.2201 0.0746 0.0311 0.0792 0.0877 
        D887  4 0.0629 0.1611 0.1006 0.0902 0.1216 0.0657 0.1372 0.2607 
        D889  4 0.0231 0.0586 0.0317 0.0187 0.0579 0.0211 0.0174 0.7716 
        D890  4 0.0890 0.2108 0.0542 0.2076 0.1373 0.1577 0.0886 0.0547 
        D891  4 0.0110 0.0120 0.0172 0.0131 0.0139 0.0127 0.0181 0.9020 
        D899  4 0.0363 0.0756 0.0348 0.0400 0.1021 0.0979 0.4362 0.1771 
        D900  4 0.1176 0.1212 0.1421 0.1018 0.2231 0.0697 0.0983 0.1262 
        D970  4 0.1016 0.2658 0.1425 0.0652 0.1287 0.0614 0.0912 0.1437 
        D971  4 0.0375 0.2154 0.0558 0.0805 0.0777 0.0609 0.4449 0.0272 
        D979  4 0.0330 0.4402 0.2957 0.0255 0.0744 0.0371 0.0538 0.0402 
        D093  5 0.0435 0.0251 0.0498 0.0348 0.0441 0.6960 0.0265 0.0801 
        D154  5 0.0369 0.0545 0.0381 0.0735 0.2794 0.0572 0.1710 0.2893 
        D168  5 0.1652 0.0567 0.1101 0.0976 0.1580 0.0199 0.2844 0.1082 
        D189  5 0.0345 0.0502 0.0557 0.0448 0.1030 0.2698 0.0436 0.3985 
        D190  5 0.0202 0.0659 0.0329 0.0477 0.0350 0.7316 0.0314 0.0353 
     D237220  5 0.1876 0.0937 0.0305 0.1232 0.0951 0.1058 0.0302 0.3338 
     D237221  5 0.0437 0.0677 0.0804 0.0906 0.0814 0.2935 0.1307 0.2120 
     D237274  5 0.0343 0.1455 0.4907 0.1072 0.1018 0.0221 0.0717 0.0266 
     D237275  5 0.0234 0.0280 0.0208 0.0686 0.0881 0.0424 0.5971 0.1316 
     D237276  5 0.1385 0.0761 0.1485 0.2218 0.1008 0.1822 0.0407 0.0913 
     D237277  5 0.0234 0.0611 0.0394 0.0537 0.0578 0.5554 0.0776 0.1316 
     D237278  5 0.0690 0.0773 0.0514 0.0977 0.1420 0.2086 0.3130 0.0410 
     D237279  5 0.0972 0.1058 0.0530 0.2251 0.4014 0.0296 0.0318 0.0560 
     D237280  5 0.1510 0.0366 0.1453 0.4162 0.1081 0.0796 0.0255 0.0377 
     D237281  5 0.0207 0.0296 0.0481 0.0273 0.1022 0.0342 0.2270 0.5109 
     D237351  5 0.0418 0.0280 0.0274 0.7231 0.0380 0.0815 0.0218 0.0383 
     D237352  5 0.3343 0.2332 0.0977 0.0532 0.0831 0.0768 0.0831 0.0385 
     D237353  5 0.0159 0.0564 0.0277 0.0530 0.0372 0.7392 0.0290 0.0416 
     D237359  5 0.1586 0.0633 0.0451 0.0697 0.1208 0.0591 0.0321 0.4513 
     D237361  5 0.0162 0.0203 0.0253 0.0414 0.0392 0.8081 0.0228 0.0266 
     D237362  5 0.0665 0.0896 0.2877 0.1042 0.1504 0.1316 0.0754 0.0946 
     D237363  5 0.0352 0.0188 0.0425 0.0478 0.5983 0.0553 0.1438 0.0583 
     D237364  5 0.1670 0.2010 0.0832 0.0738 0.1472 0.0177 0.1332 0.1770 
     D237376  5 0.0256 0.5044 0.0177 0.0674 0.0709 0.2041 0.0517 0.0583 
     D237377  5 0.0428 0.0528 0.1618 0.3119 0.1858 0.1261 0.0799 0.0389 
     D237378  5 0.0447 0.1493 0.0270 0.0516 0.0772 0.4990 0.0773 0.0739 
     D237379  5 0.0591 0.3941 0.0351 0.0391 0.1269 0.2467 0.0364 0.0626 
     D237380  5 0.0572 0.1723 0.0308 0.5712 0.0645 0.0676 0.0171 0.0193 
     D237381  5 0.2208 0.0863 0.0489 0.3008 0.1303 0.0694 0.0894 0.0542 
     D237391  5 0.0264 0.0211 0.0258 0.0297 0.0505 0.7494 0.0185 0.0786 
     D237392  5 0.0538 0.0939 0.3256 0.1033 0.1427 0.0290 0.2161 0.0355 
     D237393  5 0.0476 0.0334 0.3921 0.1300 0.0668 0.1858 0.0784 0.0659 
     D237394  5 0.0175 0.0265 0.0231 0.0337 0.0203 0.8494 0.0126 0.0169 
     D237395  5 0.0941 0.0298 0.0358 0.1277 0.1400 0.2715 0.0699 0.2312 
     D237396  5 0.1046 0.0371 0.2935 0.0667 0.1413 0.1682 0.1078 0.0808 
     D244016  5 0.0312 0.2673 0.0313 0.0570 0.2559 0.2212 0.0585 0.0777 
     D244018  5 0.0717 0.0326 0.1105 0.0484 0.1064 0.2128 0.3098 0.1078 
     D244019  5 0.0335 0.1032 0.1435 0.0913 0.2842 0.0564 0.1410 0.1469 
        D279  5 0.0375 0.0977 0.0388 0.0566 0.1254 0.0653 0.0622 0.5165 
        D280  5 0.0922 0.0241 0.0985 0.1017 0.2104 0.1444 0.0683 0.2604 
        D281  5 0.0158 0.0245 0.0216 0.0213 0.0831 0.0742 0.1060 0.6536 
        D283  5 0.0322 0.0362 0.1964 0.0816 0.1276 0.3210 0.0507 0.1544 
        D284  5 0.3175 0.0521 0.0656 0.1002 0.1726 0.0368 0.0598 0.1954 
        D285  5 0.0355 0.0464 0.0566 0.0682 0.0854 0.3768 0.0237 0.3073 
        D286  5 0.1026 0.1722 0.1104 0.0822 0.1340 0.2047 0.0433 0.1507 
        D287  5 0.0779 0.4031 0.0205 0.0952 0.1443 0.1848 0.0276 0.0466 
        D288  5 0.0384 0.0266 0.2680 0.0845 0.1687 0.0597 0.0456 0.3085 
        D308  5 0.0330 0.0263 0.0811 0.7394 0.0371 0.0293 0.0274 0.0265 
        D309  5 0.0348 0.8162 0.0242 0.0235 0.0355 0.0211 0.0280 0.0167 
        D310  5 0.0151 0.0178 0.0242 0.0327 0.1074 0.7239 0.0158 0.0631 
        D311  5 0.0600 0.2746 0.1432 0.0573 0.2291 0.1153 0.0492 0.0713 
        D312  5 0.0992 0.2516 0.0974 0.0648 0.1591 0.1868 0.0672 0.0739 
        D313  5 0.3733 0.0113 0.0207 0.5080 0.0253 0.0305 0.0122 0.0188 
        D314  5 0.0945 0.1587 0.0373 0.1641 0.1979 0.0875 0.0976 0.1624 
        D315  5 0.0924 0.0530 0.2025 0.1325 0.1109 0.2744 0.0715 0.0628 
        D317  5 0.0322 0.0227 0.0656 0.0320 0.0375 0.7417 0.0213 0.0469 
        D318  5 0.1286 0.1407 0.1009 0.0701 0.2422 0.0825 0.1645 0.0704 
        D319  5 0.0167 0.0182 0.0442 0.1031 0.0464 0.6973 0.0262 0.0479 
        D320  5 0.0434 0.0628 0.0366 0.0655 0.0515 0.6398 0.0240 0.0763 
        D321  5 0.0258 0.0182 0.0887 0.6204 0.0350 0.0771 0.0150 0.1197 
        D336  5 0.0246 0.0926 0.0242 0.0356 0.0648 0.7133 0.0209 0.0240 
        D337  5 0.0143 0.0278 0.0249 0.0201 0.0287 0.7959 0.0301 0.0582 
        D338  5 0.0814 0.0620 0.1561 0.0583 0.1615 0.1549 0.0562 0.2696 
        D339  5 0.0291 0.0244 0.0565 0.0621 0.0929 0.5359 0.0573 0.1419 
        D347  5 0.0499 0.1153 0.2037 0.0883 0.2111 0.0673 0.1536 0.1107 
        D348  5 0.0187 0.1531 0.0342 0.0315 0.0937 0.5896 0.0402 0.0391 
        D349  5 0.0176 0.0189 0.0258 0.8226 0.0192 0.0518 0.0164 0.0277 
        D350  5 0.0216 0.8477 0.0184 0.0232 0.0221 0.0207 0.0192 0.0271 
        D355  5 0.0241 0.0583 0.1192 0.0389 0.1756 0.0338 0.1074 0.4427 
        D356  5 0.1693 0.0642 0.1994 0.0611 0.1028 0.2754 0.0337 0.0940 
        D357  5 0.0466 0.0860 0.0587 0.2005 0.3172 0.0791 0.0518 0.1600 
        D358  5 0.0695 0.1764 0.0461 0.0925 0.1262 0.3615 0.0661 0.0616 
        D359  5 0.0254 0.0792 0.2596 0.1198 0.1098 0.3365 0.0193 0.0503 
        D360  5 0.1527 0.0408 0.1163 0.0432 0.0831 0.4689 0.0257 0.0692 
        D361  5 0.0193 0.0209 0.0340 0.8283 0.0291 0.0284 0.0230 0.0171 
        D366  5 0.0311 0.0278 0.5015 0.0255 0.0507 0.0256 0.3180 0.0198 
        D367  5 0.0357 0.1210 0.0261 0.1456 0.1692 0.3983 0.0234 0.0807 
        D368  5 0.0369 0.0523 0.1154 0.3541 0.1775 0.1749 0.0296 0.0593 
        D380  5 0.0623 0.4962 0.0528 0.0537 0.1854 0.0300 0.0664 0.0531 
        D381  5 0.0269 0.0714 0.0702 0.0859 0.1892 0.3962 0.0352 0.1252 
        D400  5 0.0527 0.1494 0.0845 0.0382 0.0993 0.2160 0.1109 0.2491 
        D411  5 0.7265 0.0402 0.0291 0.0687 0.0527 0.0141 0.0397 0.0290 
        D412  5 0.0993 0.0385 0.1123 0.1316 0.2807 0.0666 0.1522 0.1188 
        D413  5 0.0710 0.0688 0.0903 0.0209 0.0750 0.0337 0.5997 0.0405 
        D414  5 0.0228 0.7060 0.0284 0.0296 0.0645 0.0178 0.0567 0.0742 
        D420  5 0.2185 0.0256 0.0296 0.0581 0.1856 0.0344 0.0212 0.4269 
        D431  5 0.0759 0.2407 0.0198 0.1540 0.1533 0.0675 0.0442 0.2445 
        D432  5 0.0929 0.0430 0.0628 0.0846 0.0870 0.4756 0.0643 0.0899 
        D433  5 0.0212 0.0295 0.0934 0.1999 0.0589 0.4501 0.0341 0.1129 
        D434  5 0.0408 0.0481 0.1194 0.1841 0.1207 0.3599 0.0388 0.0882 
        D440  5 0.0219 0.8253 0.0179 0.0341 0.0345 0.0257 0.0157 0.0249 
        D447  5 0.1049 0.0920 0.2614 0.0834 0.2903 0.0275 0.1055 0.0351 
        D448  5 0.0265 0.0916 0.0818 0.0473 0.1278 0.4769 0.0532 0.0949 
        D459  5 0.0229 0.0503 0.0797 0.0300 0.0880 0.0339 0.3258 0.3694 
        D460  5 0.0195 0.0227 0.0645 0.7668 0.0275 0.0556 0.0207 0.0227 
        D461  5 0.0223 0.8076 0.0578 0.0246 0.0274 0.0245 0.0147 0.0211 
        D468  5 0.0683 0.0626 0.2266 0.1587 0.2154 0.1498 0.0725 0.0461 
        D469  5 0.0928 0.0745 0.4954 0.0783 0.0841 0.0881 0.0281 0.0587 
        D470  5 0.3585 0.1401 0.0841 0.0627 0.1608 0.0961 0.0519 0.0459 
        D471  5 0.0175 0.0861 0.0747 0.0465 0.0793 0.4787 0.0381 0.1791 
        D472  5 0.0199 0.0176 0.7337 0.0153 0.0345 0.0254 0.0806 0.0730 
        D479  5 0.0253 0.1627 0.0356 0.0294 0.0401 0.0267 0.6604 0.0198 
        D485  5 0.0671 0.5558 0.0350 0.0603 0.1036 0.0473 0.0808 0.0501 
        D486  5 0.1807 0.0949 0.1426 0.1002 0.2734 0.0976 0.0686 0.0420 
        D487  5 0.0585 0.1703 0.0373 0.0769 0.0906 0.1428 0.0950 0.3287 
        D555  5 0.0279 0.0200 0.0276 0.0298 0.0265 0.7596 0.0707 0.0378 
        D556  5 0.0579 0.2243 0.0400 0.0825 0.1053 0.1431 0.0333 0.3136 
        D557  5 0.0185 0.0410 0.0255 0.0472 0.0419 0.7630 0.0432 0.0197 
        D564  5 0.0637 0.2825 0.0465 0.1795 0.1014 0.2530 0.0416 0.0318 
        D594  5 0.0484 0.0989 0.1773 0.1293 0.2833 0.0649 0.1428 0.0549 
        D595  5 0.0568 0.0830 0.2058 0.0759 0.1044 0.2760 0.1060 0.0921 
        D596  5 0.0274 0.0203 0.0285 0.0441 0.0322 0.7779 0.0358 0.0338 
        D597  5 0.0264 0.0947 0.1053 0.0316 0.0679 0.2902 0.2569 0.1269 
        D598  5 0.1382 0.1285 0.0704 0.0795 0.0908 0.3536 0.0633 0.0757 
        D617  5 0.5361 0.0300 0.0341 0.0481 0.0918 0.0177 0.1945 0.0476 
        D618  5 0.0372 0.0838 0.0649 0.0707 0.0658 0.4413 0.0552 0.1809 
        D619  5 0.0238 0.0426 0.1473 0.5207 0.0889 0.0935 0.0481 0.0351 
        D620  5 0.0228 0.0199 0.0857 0.0289 0.0302 0.0265 0.7258 0.0602 
        D628  5 0.0628 0.6943 0.0232 0.0373 0.0533 0.0621 0.0390 0.0280 
        D714  5 0.0332 0.4007 0.0146 0.0424 0.0975 0.1110 0.0509 0.2497 
        D715  5 0.0253 0.0421 0.0778 0.0314 0.0445 0.6391 0.0327 0.1070 
        D716  5 0.0576 0.2197 0.1347 0.0392 0.2201 0.0753 0.1352 0.1181 
        D717  5 0.1181 0.0890 0.1841 0.0923 0.1032 0.1772 0.0443 0.1918 
        D718  5 0.0861 0.0771 0.0322 0.1695 0.3344 0.1168 0.0441 0.1398 
        D769  5 0.5423 0.0648 0.0443 0.0357 0.1071 0.0342 0.1122 0.0593 
        D770  5 0.0368 0.4390 0.0397 0.0508 0.1160 0.0666 0.1843 0.0667 
        D771  5 0.1028 0.0928 0.0431 0.0913 0.1556 0.0681 0.2521 0.1942 
        D772  5 0.0461 0.6814 0.0246 0.0327 0.0521 0.0925 0.0235 0.0472 
        D782  5 0.0470 0.0329 0.0473 0.1661 0.3472 0.0370 0.0682 0.2545 
        D783  5 0.0320 0.3927 0.0223 0.0439 0.1185 0.0870 0.2266 0.0771 
        D784  5 0.0553 0.2407 0.1901 0.0564 0.1424 0.0980 0.0410 0.1761 
        D785  5 0.0386 0.1390 0.0469 0.1423 0.0554 0.5218 0.0267 0.0292 
        D786  5 0.3995 0.1216 0.1660 0.0837 0.0753 0.0218 0.0988 0.0333 
        D821  5 0.0113 0.0257 0.0131 0.0230 0.0158 0.8734 0.0115 0.0261 
        D822  5 0.0267 0.1426 0.1573 0.1064 0.2776 0.1067 0.0881 0.0946 
        D826  5 0.0343 0.0665 0.0552 0.0833 0.1047 0.2196 0.1020 0.3343 
        D827  5 0.0879 0.1115 0.3127 0.0591 0.2506 0.0378 0.0915 0.0488 
        D851  5 0.0649 0.0718 0.0646 0.1142 0.4063 0.1368 0.0528 0.0885 
        D852  5 0.0311 0.2983 0.0221 0.1332 0.0721 0.0970 0.0609 0.2853 
        D853  5 0.0478 0.0693 0.0698 0.1161 0.1374 0.2124 0.0459 0.3013 
        D854  5 0.0518 0.1167 0.1020 0.1585 0.1977 0.0200 0.1205 0.2327 
        D861  5 0.0575 0.0621 0.0910 0.1084 0.2918 0.1084 0.1047 0.1761 
        D862  5 0.0500 0.0934 0.3217 0.0895 0.1270 0.2352 0.0374 0.0457 
        D865  5 0.0332 0.0460 0.0327 0.1273 0.0630 0.5604 0.0690 0.0683 
        D868  5 0.0442 0.0307 0.6645 0.0360 0.0430 0.0682 0.0249 0.0883 
        D869  5 0.7018 0.0168 0.0582 0.0504 0.0656 0.0370 0.0478 0.0224 
        D870  5 0.1912 0.0295 0.0503 0.0277 0.5191 0.0149 0.0806 0.0867 
        D907  5 0.0523 0.0260 0.0516 0.1078 0.1115 0.5352 0.0379 0.0776 
        D908  5 0.0261 0.1753 0.0229 0.1857 0.0604 0.1618 0.1485 0.2193 
        D910  5 0.0282 0.0765 0.1261 0.0572 0.0994 0.2312 0.1666 0.2148 
        D911  5 0.0196 0.0331 0.0563 0.0308 0.0988 0.0277 0.0347 0.6990 
        D934  5 0.0349 0.3558 0.0427 0.0598 0.1464 0.0419 0.1309 0.1876 
        D946  5 0.0337 0.4325 0.0190 0.1888 0.0700 0.0495 0.0459 0.1606 
        D947  5 0.0983 0.2355 0.1227 0.0641 0.1187 0.0341 0.0381 0.2886 
