        D174  1 0.4956 0.1540 0.3504 
        D199  1 0.3714 0.5033 0.1254 
        D203  1 0.1484 0.4241 0.4275 
        D204  1 0.0402 0.8898 0.0701 
     D237366  1 0.1146 0.2427 0.6427 
     D237367  1 0.0930 0.5444 0.3626 
     D237368  1 0.0907 0.2532 0.6561 
     D244101  1 0.0591 0.9099 0.0310 
     D244102  1 0.3867 0.1795 0.4337 
     D244103  1 0.0639 0.6845 0.2516 
     D244104  1 0.3156 0.5404 0.1441 
     D244105  1 0.0317 0.1267 0.8416 
     D244106  1 0.7643 0.1098 0.1259 
     D244107  1 0.0278 0.4508 0.5214 
     D244108  1 0.4890 0.1161 0.3949 
     D244113  1 0.8259 0.0614 0.1126 
     D244114  1 0.2796 0.4050 0.3154 
     D244115  1 0.5391 0.1615 0.2994 
     D267365  1 0.6298 0.2465 0.1237 
        D404  1 0.7462 0.1043 0.1496 
        D405  1 0.5289 0.1950 0.2762 
        D406  1 0.0260 0.0438 0.9302 
        D407  1 0.0370 0.8690 0.0940 
        D408  1 0.9238 0.0415 0.0347 
        D409  1 0.1025 0.6625 0.2350 
        D410  1 0.0309 0.0524 0.9167 
        D421  1 0.0687 0.9010 0.0304 
        D422  1 0.0237 0.0917 0.8846 
        D423  1 0.0185 0.1123 0.8692 
        D424  1 0.0465 0.8115 0.1420 
        D425  1 0.4218 0.4374 0.1409 
        D426  1 0.0739 0.7892 0.1369 
        D427  1 0.1998 0.7286 0.0716 
        D428  1 0.1927 0.5118 0.2955 
        D429  1 0.4912 0.3055 0.2034 
        D430  1 0.5223 0.2972 0.1805 
        D491  1 0.8960 0.0607 0.0433 
        D492  1 0.2054 0.5151 0.2795 
        D537  1 0.0439 0.7352 0.2209 
        D538  1 0.2457 0.2327 0.5217 
        D539  1 0.6124 0.0685 0.3191 
        D540  1 0.2361 0.5336 0.2303 
        D541  1 0.0365 0.8766 0.0869 
        D551  1 0.1384 0.6516 0.2100 
        D552  1 0.2942 0.1681 0.5377 
        D553  1 0.0548 0.8965 0.0487 
        D615  1 0.2678 0.2722 0.4600 
        D616  1 0.2086 0.4138 0.3776 
        D621  1 0.0997 0.0543 0.8460 
        D622  1 0.0544 0.0550 0.8906 
        D623  1 0.7280 0.1917 0.0804 
        D624  1 0.7828 0.1076 0.1096 
        D625  1 0.1232 0.5663 0.3105 
        D626  1 0.5705 0.1044 0.3251 
        D627  1 0.0953 0.7710 0.1337 
        D690  1 0.1883 0.4608 0.3509 
        D691  1 0.0350 0.1018 0.8631 
        D710  1 0.3027 0.5246 0.1727 
        D711  1 0.1133 0.6289 0.2577 
        D712  1 0.8387 0.0605 0.1008 
        D713  1 0.3621 0.2706 0.3674 
        D746  1 0.0261 0.0591 0.9148 
        D747  1 0.0411 0.8861 0.0729 
        D748  1 0.0664 0.2626 0.6711 
        D749  1 0.1450 0.0840 0.7710 
        D750  1 0.6199 0.1456 0.2345 
        D763  1 0.1650 0.6658 0.1692 
        D764  1 0.2762 0.3767 0.3471 
        D765  1 0.1318 0.0458 0.8224 
        D766  1 0.0547 0.1953 0.7499 
        D767  1 0.1271 0.3146 0.5583 
        D768  1 0.0227 0.9132 0.0641 
        D811  1 0.7543 0.0665 0.1792 
        D816  1 0.1942 0.6791 0.1267 
        D825  1 0.4962 0.1027 0.4011 
        D866  1 0.8136 0.0911 0.0953 
        D867  1 0.0302 0.0728 0.8970 
        D871  1 0.0925 0.7589 0.1486 
        D872  1 0.0849 0.3031 0.6119 
        D873  1 0.0150 0.0169 0.9681 
        D874  1 0.5471 0.3924 0.0605 
        D875  1 0.0492 0.5991 0.3516 
        D876  1 0.2801 0.3875 0.3325 
        D877  1 0.7304 0.1985 0.0711 
        D892  1 0.1582 0.2409 0.6009 
        D893  1 0.1103 0.5679 0.3218 
        D894  1 0.2480 0.5292 0.2228 
        D915  1 0.0964 0.4257 0.4778 
        D916  1 0.0742 0.7127 0.2132 
        D917  1 0.4953 0.4268 0.0779 
        D925  1 0.0674 0.0575 0.8751 
        D926  1 0.2659 0.5158 0.2183 
        D927  1 0.2304 0.6734 0.0963 
        D928  1 0.8426 0.1038 0.0536 
        D929  1 0.3636 0.1823 0.4541 
        D936  1 0.2578 0.6527 0.0895 
        D938  1 0.0299 0.0348 0.9353 
        D956  1 0.8306 0.0450 0.1244 
        D957  1 0.0765 0.1608 0.7627 
        D958  1 0.1273 0.2455 0.6272 
        D959  1 0.0234 0.8660 0.1106 
        D960  1 0.0348 0.0281 0.9370 
        D989  1 0.8124 0.1199 0.0677 
        D990  1 0.0749 0.0252 0.8999 
        D023  2 0.0378 0.3783 0.5839 
        D130  2 0.0235 0.0646 0.9119 
        D131  2 0.0846 0.8022 0.1131 
        D163  2 0.0416 0.0790 0.8794 
        D164  2 0.0261 0.2204 0.7536 
        D165  2 0.0320 0.2212 0.7468 
        D166  2 0.2587 0.1947 0.5465 
        D167  2 0.3767 0.3593 0.2641 
        D192  2 0.3064 0.4290 0.2646 
        D193  2 0.6687 0.0964 0.2348 
        D206  2 0.0755 0.7180 0.2065 
        D207  2 0.1903 0.7007 0.1090 
        D208  2 0.8164 0.0659 0.1176 
        D209  2 0.1216 0.5755 0.3029 
        D210  2 0.6941 0.2055 0.1004 
     D229599  2 0.4510 0.3220 0.2271 
     D229600  2 0.0512 0.1886 0.7603 
     D237227  2 0.7765 0.0775 0.1461 
     D237228  2 0.4283 0.0647 0.5070 
     D237258  2 0.4377 0.2483 0.3140 
     D237310  2 0.1319 0.0394 0.8287 
     D237311  2 0.0967 0.0777 0.8256 
     D237312  2 0.1991 0.0923 0.7085 
     D237313  2 0.3419 0.2761 0.3821 
     D237322  2 0.6681 0.1293 0.2026 
     D237323  2 0.2075 0.0401 0.7524 
     D237324  2 0.0674 0.4226 0.5100 
     D237325  2 0.1349 0.0900 0.7750 
     D237326  2 0.0782 0.2035 0.7182 
     D237327  2 0.3614 0.4824 0.1563 
     D237337  2 0.0679 0.0724 0.8597 
     D237338  2 0.2440 0.1763 0.5797 
     D237339  2 0.0523 0.8982 0.0495 
     D237340  2 0.3967 0.0902 0.5131 
     D237389  2 0.0563 0.0820 0.8617 
     D237390  2 0.2025 0.1024 0.6951 
     D244017  2 0.7746 0.0993 0.1260 
     D244112  2 0.1523 0.2658 0.5819 
     D244118  2 0.0960 0.1165 0.7874 
     D244119  2 0.8204 0.0969 0.0827 
     D244120  2 0.6983 0.0722 0.2295 
     D244122  2 0.3141 0.2763 0.4096 
        D291  2 0.5721 0.2525 0.1754 
        D292  2 0.5581 0.3045 0.1374 
        D293  2 0.0163 0.9705 0.0132 
        D322  2 0.0546 0.8880 0.0575 
        D323  2 0.3432 0.5070 0.1498 
        D324  2 0.3246 0.5050 0.1703 
        D325  2 0.0206 0.9563 0.0231 
        D326  2 0.0655 0.9012 0.0332 
        D340  2 0.0206 0.9376 0.0418 
        D341  2 0.1010 0.6829 0.2161 
        D342  2 0.1442 0.3118 0.5440 
        D343  2 0.0134 0.9704 0.0162 
        D344  2 0.1041 0.6918 0.2041 
        D345  2 0.2108 0.4738 0.3154 
        D346  2 0.7579 0.1653 0.0769 
        D351  2 0.0801 0.7509 0.1690 
        D352  2 0.2510 0.6068 0.1422 
        D353  2 0.0384 0.9236 0.0380 
        D354  2 0.3474 0.3948 0.2578 
        D362  2 0.1956 0.5937 0.2108 
        D363  2 0.3257 0.5515 0.1228 
        D364  2 0.1848 0.5970 0.2183 
        D365  2 0.0234 0.9618 0.0147 
        D369  2 0.3752 0.4425 0.1823 
        D374  2 0.8566 0.0445 0.0990 
        D375  2 0.1859 0.5026 0.3115 
        D376  2 0.8204 0.0421 0.1375 
        D377  2 0.3674 0.1799 0.4528 
        D378  2 0.0404 0.8997 0.0600 
        D379  2 0.0788 0.8508 0.0704 
        D384  2 0.0803 0.8753 0.0444 
        D385  2 0.0625 0.8885 0.0490 
        D386  2 0.0496 0.7935 0.1569 
        D391  2 0.0306 0.9412 0.0282 
        D392  2 0.1165 0.6822 0.2013 
        D393  2 0.0816 0.8227 0.0957 
        D394  2 0.1182 0.2515 0.6303 
        D395  2 0.0728 0.8786 0.0486 
        D401  2 0.0518 0.0392 0.9090 
        D402  2 0.0738 0.8550 0.0712 
        D403  2 0.0667 0.5371 0.3962 
        D415  2 0.0260 0.8182 0.1558 
        D435  2 0.0369 0.8739 0.0892 
        D436  2 0.1415 0.6362 0.2223 
        D438  2 0.0491 0.8988 0.0521 
        D439  2 0.0454 0.8243 0.1302 
        D449  2 0.0263 0.8715 0.1022 
        D450  2 0.5707 0.2149 0.2144 
        D456  2 0.0351 0.9148 0.0501 
        D462  2 0.0205 0.9441 0.0354 
        D463  2 0.0435 0.9260 0.0305 
        D464  2 0.1036 0.8521 0.0443 
        D465  2 0.0460 0.8770 0.0770 
        D473  2 0.6489 0.0820 0.2691 
        D474  2 0.3123 0.5556 0.1322 
        D476  2 0.0317 0.3237 0.6446 
        D477  2 0.4331 0.4367 0.1301 
        D478  2 0.4098 0.3214 0.2689 
        D480  2 0.2085 0.7228 0.0687 
        D481  2 0.3332 0.4509 0.2158 
        D482  2 0.7443 0.0659 0.1898 
        D483  2 0.3084 0.4553 0.2363 
        D484  2 0.4485 0.3785 0.1730 
        D510  2 0.9005 0.0443 0.0552 
        D511  2 0.0671 0.8516 0.0814 
        D512  2 0.0531 0.2766 0.6703 
        D513  2 0.1311 0.7680 0.1010 
        D635  2 0.0622 0.7199 0.2179 
        D636  2 0.0353 0.0441 0.9206 
        D637  2 0.3604 0.4078 0.2317 
        D658  2 0.4240 0.3127 0.2633 
        D659  2 0.0746 0.8273 0.0981 
        D677  2 0.1342 0.3974 0.4684 
        D678  2 0.2242 0.3767 0.3991 
        D679  2 0.1380 0.7738 0.0882 
        D719  2 0.6023 0.3575 0.0402 
        D720  2 0.1663 0.7074 0.1263 
        D721  2 0.0495 0.4279 0.5226 
        D722  2 0.8221 0.0731 0.1048 
        D734  2 0.7299 0.2404 0.0297 
        D735  2 0.2221 0.5327 0.2453 
        D736  2 0.7140 0.1881 0.0979 
        D737  2 0.4559 0.1395 0.4047 
        D807  2 0.6289 0.2085 0.1627 
        D808  2 0.1298 0.3337 0.5366 
        D817  2 0.3954 0.4590 0.1457 
        D818  2 0.0514 0.8375 0.1112 
        D819  2 0.2474 0.4184 0.3342 
        D820  2 0.0471 0.9110 0.0419 
        D895  2 0.0884 0.6512 0.2604 
        D896  2 0.0464 0.0299 0.9237 
        D897  2 0.1839 0.5337 0.2825 
        D898  2 0.6541 0.1309 0.2149 
        D918  2 0.1790 0.2759 0.5452 
        D919  2 0.0579 0.8689 0.0732 
        D920  2 0.0308 0.0337 0.9355 
        D923  2 0.0611 0.8530 0.0858 
        D930  2 0.2855 0.5403 0.1742 
        D931  2 0.2692 0.6246 0.1062 
        D968  2 0.0456 0.9178 0.0366 
        D969  2 0.2808 0.6362 0.0831 
        D977  2 0.0494 0.8728 0.0779 
        D978  2 0.5129 0.3565 0.1307 
        D211  3 0.0712 0.1835 0.7452 
     D229639  3 0.8532 0.0846 0.0622 
     D237212  3 0.2778 0.4628 0.2594 
     D237213  3 0.1094 0.3206 0.5700 
     D237214  3 0.0457 0.3293 0.6250 
     D237215  3 0.8680 0.0554 0.0766 
     D237216  3 0.0911 0.5344 0.3745 
     D237217  3 0.0367 0.3232 0.6401 
     D237218  3 0.2583 0.4938 0.2479 
     D237219  3 0.3260 0.0367 0.6373 
     D237382  3 0.1994 0.2460 0.5546 
     D244127  3 0.0725 0.1109 0.8166 
     D244129  3 0.1567 0.4471 0.3962 
     D244133  3 0.5431 0.2052 0.2517 
     D244134  3 0.8043 0.0742 0.1215 
     D244135  3 0.0387 0.2600 0.7013 
     D244136  3 0.5597 0.3066 0.1336 
        D416  3 0.1458 0.5306 0.3235 
        D417  3 0.0482 0.6725 0.2794 
        D419  3 0.2708 0.1958 0.5334 
        D565  3 0.8998 0.0629 0.0373 
        D566  3 0.8554 0.0933 0.0513 
        D567  3 0.0719 0.5853 0.3428 
        D568  3 0.0489 0.4103 0.5407 
        D569  3 0.1483 0.5918 0.2599 
        D573  3 0.1337 0.8002 0.0662 
        D574  3 0.7954 0.0993 0.1053 
        D575  3 0.4335 0.2390 0.3275 
        D576  3 0.7435 0.1159 0.1406 
        D577  3 0.1665 0.5902 0.2432 
        D578  3 0.0236 0.0836 0.8928 
        D579  3 0.4358 0.4085 0.1557 
        D660  3 0.2357 0.2903 0.4740 
        D661  3 0.3993 0.2948 0.3059 
        D663  3 0.3941 0.5460 0.0599 
        D664  3 0.2617 0.0726 0.6657 
        D665  3 0.0636 0.2319 0.7046 
        D666  3 0.4050 0.1419 0.4531 
        D009  4 0.0704 0.2826 0.6470 
        D057  4 0.1467 0.3500 0.5033 
        D109  4 0.0966 0.0858 0.8176 
     D237222  4 0.0698 0.0673 0.8629 
     D237223  4 0.1266 0.1841 0.6893 
     D237224  4 0.3220 0.5608 0.1172 
     D237225  4 0.0986 0.3811 0.5203 
     D237299  4 0.1472 0.2048 0.6480 
     D237300  4 0.8979 0.0492 0.0529 
     D237306  4 0.4120 0.2139 0.3741 
     D237307  4 0.5038 0.3472 0.1490 
     D237308  4 0.2511 0.4125 0.3364 
     D237309  4 0.0998 0.4303 0.4699 
     D237317  4 0.6255 0.2319 0.1426 
     D237318  4 0.8146 0.1528 0.0325 
     D237319  4 0.2003 0.1953 0.6044 
     D237320  4 0.1138 0.2787 0.6075 
     D237321  4 0.8084 0.0907 0.1008 
     D237397  4 0.3176 0.2302 0.4522 
     D237398  4 0.3252 0.5706 0.1042 
     D237399  4 0.6185 0.1768 0.2046 
     D244001  4 0.0413 0.1068 0.8519 
        D289  4 0.4044 0.4647 0.1309 
        D290  4 0.4682 0.2953 0.2365 
        D294  4 0.2121 0.5689 0.2190 
        D295  4 0.1945 0.2672 0.5383 
        D301  4 0.0798 0.0237 0.8965 
        D302  4 0.1091 0.7428 0.1481 
        D303  4 0.7360 0.0964 0.1676 
        D304  4 0.7553 0.1488 0.0958 
        D305  4 0.0709 0.6502 0.2789 
        D306  4 0.5898 0.2274 0.1829 
        D307  4 0.0686 0.0303 0.9011 
        D327  4 0.1759 0.7300 0.0941 
        D328  4 0.6848 0.1133 0.2019 
        D329  4 0.1790 0.3259 0.4951 
        D330  4 0.0364 0.5644 0.3992 
        D331  4 0.5321 0.1779 0.2901 
        D333  4 0.3950 0.2044 0.4006 
        D334  4 0.6252 0.1464 0.2284 
        D335  4 0.1074 0.8003 0.0923 
        D370  4 0.5302 0.0978 0.3720 
        D371  4 0.7852 0.1604 0.0545 
        D372  4 0.8844 0.0438 0.0718 
        D373  4 0.0652 0.1289 0.8059 
        D455  4 0.0415 0.0477 0.9108 
        D490  4 0.0217 0.0262 0.9521 
        D497  4 0.0556 0.0477 0.8967 
        D498  4 0.5915 0.1143 0.2943 
        D499  4 0.6411 0.2387 0.1202 
        D514  4 0.1870 0.6064 0.2066 
        D515  4 0.0513 0.1110 0.8377 
        D516  4 0.2017 0.2385 0.5598 
        D517  4 0.0500 0.0737 0.8764 
        D518  4 0.1592 0.3207 0.5200 
        D519  4 0.0571 0.1548 0.7881 
        D560  4 0.0599 0.2628 0.6773 
        D561  4 0.0215 0.8308 0.1478 
        D562  4 0.3026 0.3322 0.3653 
        D563  4 0.0743 0.7591 0.1666 
        D572  4 0.1285 0.6432 0.2283 
        D629  4 0.1537 0.5232 0.3231 
        D630  4 0.3276 0.3004 0.3719 
        D631  4 0.3185 0.4546 0.2269 
        D632  4 0.0567 0.2022 0.7411 
        D646  4 0.0362 0.4866 0.4772 
        D647  4 0.0432 0.4996 0.4572 
        D648  4 0.5942 0.1239 0.2819 
        D649  4 0.0620 0.3925 0.5455 
        D650  4 0.3317 0.3697 0.2986 
        D708  4 0.6955 0.1266 0.1780 
        D709  4 0.5925 0.1474 0.2601 
        D738  4 0.3780 0.1673 0.4547 
        D739  4 0.1983 0.1630 0.6387 
        D740  4 0.4648 0.1580 0.3772 
        D741  4 0.0275 0.7209 0.2516 
        D742  4 0.4050 0.4281 0.1669 
        D743  4 0.1467 0.7992 0.0541 
        D744  4 0.0902 0.8068 0.1030 
        D745  4 0.0467 0.1020 0.8513 
        D814  4 0.0857 0.6549 0.2594 
        D815  4 0.2799 0.4480 0.2722 
        D828  4 0.7465 0.0486 0.2049 
        D845  4 0.7570 0.2090 0.0341 
        D846  4 0.0611 0.7616 0.1773 
        D847  4 0.3751 0.3168 0.3081 
        D848  4 0.1037 0.1337 0.7626 
        D849  4 0.0420 0.1060 0.8520 
        D850  4 0.1707 0.6054 0.2239 
        D856  4 0.1741 0.1973 0.6286 
        D857  4 0.0431 0.0236 0.9333 
        D859  4 0.3659 0.4371 0.1970 
        D860  4 0.7126 0.2242 0.0631 
        D883  4 0.3345 0.2193 0.4462 
        D884  4 0.1315 0.1330 0.7355 
        D885  4 0.0690 0.7815 0.1495 
        D886  4 0.0894 0.2275 0.6830 
        D887  4 0.4215 0.3558 0.2227 
        D889  4 0.8371 0.1092 0.0538 
        D890  4 0.5959 0.1394 0.2647 
        D891  4 0.8609 0.1189 0.0202 
        D899  4 0.6903 0.2430 0.0667 
        D900  4 0.2471 0.5191 0.2338 
        D970  4 0.2867 0.5193 0.1940 
        D971  4 0.0722 0.8135 0.1143 
        D979  4 0.1422 0.7949 0.0629 
        D093  5 0.7551 0.0889 0.1560 
        D154  5 0.3393 0.4945 0.1661 
        D168  5 0.1010 0.4952 0.4038 
        D189  5 0.8237 0.0824 0.0940 
        D190  5 0.8776 0.0699 0.0525 
     D237220  5 0.2919 0.1306 0.5775 
     D237221  5 0.6984 0.1947 0.1069 
     D237274  5 0.0462 0.8606 0.0932 
     D237275  5 0.4064 0.3785 0.2151 
     D237276  5 0.2641 0.1188 0.6172 
     D237277  5 0.8784 0.0678 0.0538 
     D237278  5 0.4049 0.2832 0.3119 
     D237279  5 0.0513 0.4506 0.4980 
     D237280  5 0.1409 0.1490 0.7101 
     D237281  5 0.1790 0.7400 0.0810 
     D237351  5 0.1228 0.0634 0.8138 
     D237352  5 0.1111 0.3984 0.4906 
     D237353  5 0.9391 0.0316 0.0293 
     D237359  5 0.3615 0.2315 0.4070 
     D237361  5 0.9080 0.0407 0.0513 
     D237362  5 0.4549 0.3742 0.1709 
     D237363  5 0.1878 0.6481 0.1641 
     D237364  5 0.1028 0.6162 0.2811 
     D237376  5 0.8361 0.0492 0.1147 
     D237377  5 0.1370 0.5409 0.3221 
     D237378  5 0.8880 0.0380 0.0740 
     D237379  5 0.7265 0.1361 0.1375 
     D237380  5 0.0832 0.0256 0.8912 
     D237381  5 0.1470 0.1388 0.7142 
     D237391  5 0.8249 0.0818 0.0933 
     D237392  5 0.0804 0.7577 0.1620 
     D237393  5 0.4489 0.2900 0.2610 
     D237394  5 0.8482 0.0777 0.0741 
     D237395  5 0.6609 0.0737 0.2654 
     D237396  5 0.1218 0.7875 0.0907 
     D244016  5 0.6671 0.2746 0.0583 
     D244018  5 0.3423 0.4904 0.1674 
     D244019  5 0.3420 0.5743 0.0837 
        D279  5 0.4170 0.3386 0.2444 
        D280  5 0.7391 0.1688 0.0921 
        D281  5 0.5903 0.3553 0.0543 
        D283  5 0.6717 0.2678 0.0606 
        D284  5 0.1629 0.2241 0.6130 
        D285  5 0.8359 0.0814 0.0827 
        D286  5 0.5419 0.1707 0.2874 
        D287  5 0.6943 0.0325 0.2732 
        D288  5 0.7254 0.2132 0.0615 
        D308  5 0.0335 0.0830 0.8835 
        D309  5 0.0356 0.8588 0.1056 
        D310  5 0.9136 0.0504 0.0361 
        D311  5 0.5309 0.3236 0.1456 
        D312  5 0.6287 0.1686 0.2027 
        D313  5 0.0207 0.0168 0.9625 
        D314  5 0.3431 0.1908 0.4661 
        D315  5 0.6133 0.1698 0.2169 
        D317  5 0.8478 0.0780 0.0742 
        D318  5 0.2329 0.5894 0.1777 
        D319  5 0.8325 0.0589 0.1086 
        D320  5 0.8501 0.0540 0.0959 
        D321  5 0.1894 0.0863 0.7242 
        D336  5 0.8247 0.0776 0.0978 
        D337  5 0.9461 0.0343 0.0196 
        D338  5 0.3188 0.3650 0.3162 
        D339  5 0.8015 0.0571 0.1413 
        D347  5 0.4736 0.4037 0.1227 
        D348  5 0.8683 0.0895 0.0422 
        D349  5 0.0710 0.0335 0.8954 
        D350  5 0.0907 0.7891 0.1202 
        D355  5 0.1462 0.8102 0.0436 
        D356  5 0.6757 0.1327 0.1916 
        D357  5 0.6425 0.1654 0.1921 
        D358  5 0.5741 0.2404 0.1855 
        D359  5 0.5710 0.3730 0.0560 
        D360  5 0.7778 0.0842 0.1381 
        D361  5 0.0348 0.0394 0.9259 
        D366  5 0.0280 0.9458 0.0262 
        D367  5 0.7817 0.0629 0.1554 
        D368  5 0.5117 0.1899 0.2984 
        D380  5 0.0919 0.7716 0.1366 
        D381  5 0.7550 0.1689 0.0761 
        D400  5 0.6783 0.1608 0.1609 
        D411  5 0.0226 0.0468 0.9305 
        D412  5 0.4112 0.2576 0.3312 
        D413  5 0.0677 0.8312 0.1010 
        D414  5 0.1750 0.6620 0.1630 
        D420  5 0.6015 0.1419 0.2565 
        D431  5 0.7323 0.0429 0.2248 
        D432  5 0.6743 0.0908 0.2349 
        D433  5 0.8216 0.0775 0.1010 
        D434  5 0.6790 0.1663 0.1547 
        D440  5 0.0410 0.8132 0.1457 
        D447  5 0.0400 0.8425 0.1175 
        D448  5 0.8652 0.0735 0.0613 
        D459  5 0.2101 0.7531 0.0369 
        D460  5 0.0873 0.1220 0.7907 
        D461  5 0.0783 0.8340 0.0878 
        D468  5 0.3815 0.4236 0.1948 
        D469  5 0.2373 0.4407 0.3220 
        D470  5 0.1764 0.1660 0.6575 
        D471  5 0.8254 0.1121 0.0625 
        D472  5 0.0508 0.9065 0.0427 
        D479  5 0.1100 0.7100 0.1801 
        D485  5 0.5338 0.1631 0.3032 
        D486  5 0.2516 0.3615 0.3869 
        D487  5 0.8041 0.0830 0.1129 
        D555  5 0.8986 0.0588 0.0427 
        D556  5 0.8410 0.0508 0.1082 
        D557  5 0.8988 0.0613 0.0399 
        D564  5 0.6654 0.1236 0.2111 
        D594  5 0.2088 0.6712 0.1200 
        D595  5 0.6102 0.2411 0.1487 
        D596  5 0.9229 0.0333 0.0438 
        D597  5 0.5069 0.4276 0.0655 
        D598  5 0.4729 0.1438 0.3833 
        D617  5 0.0484 0.1044 0.8473 
        D618  5 0.8316 0.0827 0.0857 
        D619  5 0.2631 0.3812 0.3558 
        D620  5 0.0719 0.8520 0.0761 
        D628  5 0.2030 0.2561 0.5408 
        D714  5 0.9067 0.0495 0.0438 
        D715  5 0.8349 0.1191 0.0459 
        D716  5 0.5309 0.3532 0.1159 
        D717  5 0.3991 0.3752 0.2257 
        D718  5 0.3669 0.0589 0.5742 
        D769  5 0.0505 0.1004 0.8491 
        D770  5 0.5174 0.3374 0.1452 
        D771  5 0.4504 0.2425 0.3071 
        D772  5 0.7428 0.1320 0.1252 
        D782  5 0.1137 0.6316 0.2547 
        D783  5 0.3534 0.5372 0.1094 
        D784  5 0.2687 0.6185 0.1127 
        D785  5 0.8123 0.0608 0.1269 
        D786  5 0.0390 0.2859 0.6751 
        D821  5 0.9568 0.0199 0.0233 
        D822  5 0.2621 0.6628 0.0750 
        D826  5 0.7204 0.1757 0.1039 
        D827  5 0.0632 0.8603 0.0765 
        D851  5 0.3885 0.3729 0.2385 
        D852  5 0.6821 0.1032 0.2147 
        D853  5 0.7587 0.0987 0.1426 
        D854  5 0.2503 0.5059 0.2437 
        D861  5 0.4409 0.3092 0.2499 
        D862  5 0.4537 0.4284 0.1178 
        D865  5 0.8803 0.0403 0.0794 
        D868  5 0.2008 0.5053 0.2939 
        D869  5 0.0421 0.0668 0.8911 
        D870  5 0.0293 0.7883 0.1824 
        D907  5 0.7365 0.0606 0.2028 
        D908  5 0.8303 0.0434 0.1263 
        D910  5 0.7848 0.1624 0.0527 
        D911  5 0.2160 0.7546 0.0294 
        D934  5 0.6818 0.2281 0.0900 
        D946  5 0.6973 0.0695 0.2332 
        D947  5 0.4351 0.3219 0.2430 
        D948  5 0.1154 0.0508 0.8338 
        D949  5 0.0674 0.0391 0.8934 
        D950  5 0.2348 0.7235 0.0417 
        D951  5 0.0842 0.8151 0.1007 
        D952  5 0.3217 0.5513 0.1271 
        D953  5 0.8134 0.0664 0.1202 
        D954  5 0.5314 0.4001 0.0685 
        D961  5 0.5456 0.0702 0.3841 
        D962  5 0.8407 0.0693 0.0900 
        D963  5 0.5219 0.3980 0.0801 
        D964  5 0.4901 0.1481 0.3618 
        D965  5 0.2933 0.4232 0.2835 
        D966  5 0.6000 0.3105 0.0896 
        D967  5 0.7143 0.1075 0.1783 
        D991  5 0.2335 0.1312 0.6353 
        D502  6 0.1314 0.3824 0.4861 
        D503  6 0.2429 0.1221 0.6350 
        D504  6 0.2468 0.5777 0.1755 
        D505  6 0.4730 0.3599 0.1671 
        D506  6 0.9053 0.0413 0.0534 
        D507  6 0.2695 0.4195 0.3110 
        D508  6 0.3624 0.4560 0.1816 
        D529  6 0.4018 0.2462 0.3521 
        D530  6 0.5062 0.0788 0.4150 
        D531  6 0.3793 0.4078 0.2129 
        D532  6 0.4241 0.4713 0.1046 
        D534  6 0.0464 0.1277 0.8259 
        D535  6 0.5109 0.3126 0.1765 
        D536  6 0.0750 0.5556 0.3694 
        D554  6 0.5390 0.1500 0.3111 
        D587  6 0.7227 0.1823 0.0950 
        D588  6 0.3715 0.5298 0.0987 
        D589  6 0.5763 0.2056 0.2181 
        D590  6 0.1146 0.7417 0.1437 
        D591  6 0.6673 0.2093 0.1233 
        D592  6 0.0789 0.0593 0.8618 
        D593  6 0.6647 0.0827 0.2526 
        D682  6 0.8376 0.0627 0.0998 
        D683  6 0.3907 0.4310 0.1783 
        D684  6 0.0675 0.4155 0.5169 
        D685  6 0.6291 0.1849 0.1861 
        D686  6 0.7014 0.1395 0.1591 
        D724  6 0.1964 0.4751 0.3285 
        D725  6 0.5494 0.2364 0.2142 
        D726  6 0.8518 0.0523 0.0959 
        D727  6 0.0965 0.8368 0.0667 
        D728  6 0.7172 0.1317 0.1511 
        D729  6 0.0250 0.7166 0.2584 
        D730  6 0.1943 0.2706 0.5351 
        D731  6 0.9304 0.0445 0.0251 
        D732  6 0.1886 0.6175 0.1939 
        D733  6 0.3316 0.1978 0.4706 
     D237251  7 0.7810 0.0808 0.1382 
     D237252  7 0.0903 0.1263 0.7834 
     D237253  7 0.6803 0.1930 0.1267 
     D237254  7 0.0319 0.1351 0.8330 
     D237255  7 0.7413 0.1609 0.0978 
     D237256  7 0.2350 0.6723 0.0927 
     D237257  7 0.1150 0.4035 0.4815 
     D237282  7 0.0354 0.7478 0.2168 
     D237283  7 0.0349 0.0319 0.9332 
     D237284  7 0.0255 0.1110 0.8635 
     D237285  7 0.5711 0.2244 0.2044 
     D237286  7 0.4160 0.4643 0.1197 
     D237287  7 0.1475 0.7072 0.1454 
     D244006  7 0.0291 0.1205 0.8504 
     D244007  7 0.0875 0.8006 0.1119 
     D244008  7 0.0630 0.0474 0.8896 
     D244009  7 0.0972 0.0678 0.8351 
     D244010  7 0.2040 0.2246 0.5714 
     D244011  7 0.5950 0.1575 0.2475 
     D244012  7 0.1755 0.4297 0.3948 
     D244013  7 0.5745 0.2175 0.2080 
     D244014  7 0.2981 0.2167 0.4851 
     D244015  7 0.0385 0.4511 0.5103 
     D244125  7 0.7384 0.2033 0.0583 
     D244126  7 0.0192 0.0240 0.9568 
     D244130  7 0.2515 0.2480 0.5005 
     D244131  7 0.4536 0.3230 0.2233 
     D244132  7 0.5450 0.2944 0.1606 
        D520  7 0.4430 0.1797 0.3773 
        D521  7 0.1877 0.3432 0.4691 
        D522  7 0.0943 0.1979 0.7077 
        D523  7 0.6968 0.1731 0.1302 
        D524  7 0.6092 0.1410 0.2499 
        D525  7 0.2421 0.0975 0.6604 
        D526  7 0.0318 0.1150 0.8532 
        D527  7 0.3736 0.2660 0.3604 
        D528  7 0.0182 0.9320 0.0498 
        D558  7 0.0606 0.6484 0.2909 
        D559  7 0.0762 0.6631 0.2607 
        D640  7 0.7216 0.1456 0.1328 
        D641  7 0.7434 0.0609 0.1957 
        D642  7 0.1215 0.2280 0.6505 
        D644  7 0.4640 0.1294 0.4066 
        D645  7 0.3461 0.2032 0.4507 
        D662  7 0.1101 0.1643 0.7257 
        D687  7 0.4991 0.2457 0.2552 
        D688  7 0.0617 0.6618 0.2766 
        D689  7 0.7192 0.1194 0.1613 
        D700  7 0.0162 0.9642 0.0196 
        D797  7 0.5260 0.2019 0.2721 
        D798  7 0.0704 0.1503 0.7793 
        D799  7 0.4940 0.1280 0.3780 
        D800  7 0.0587 0.6207 0.3206 
        D132  8 0.0366 0.0557 0.9077 
        D133  8 0.0477 0.6039 0.3484 
        D200  8 0.5908 0.1810 0.2282 
        D500  8 0.0262 0.0222 0.9516 
        D614  8 0.5964 0.1025 0.3011 
        D723  8 0.0803 0.5194 0.4003 
        D888  8 0.8404 0.0869 0.0727 
        D901  8 0.1564 0.0652 0.7784 
        D902  8 0.7489 0.1067 0.1444 
        D903  8 0.2544 0.6896 0.0560 
        D904  8 0.1718 0.5210 0.3071 
        D905  8 0.9495 0.0254 0.0251 
        D906  8 0.1257 0.6983 0.1760 
        D937  8 0.8751 0.0357 0.0891 
        D943  8 0.1439 0.3398 0.5163 
        D972  8 0.0556 0.3232 0.6212 
        D973  8 0.0577 0.5117 0.4306 
        D974  8 0.3207 0.2722 0.4071 
        D975  8 0.5748 0.2071 0.2182 
        D976  8 0.4762 0.2104 0.3134 
        D201  9 0.2427 0.3618 0.3955 
        D202  9 0.4885 0.1242 0.3873 
     D237259  9 0.0273 0.8733 0.0994 
     D237260  9 0.2434 0.1392 0.6174 
     D237262  9 0.0478 0.0249 0.9273 
     D237263  9 0.1553 0.1943 0.6504 
     D237264  9 0.2495 0.2678 0.4828 
     D237265  9 0.7167 0.0677 0.2156 
     D237266  9 0.0851 0.4666 0.4483 
     D237267  9 0.5049 0.2424 0.2527 
     D237268  9 0.1791 0.1334 0.6875 
     D237289  9 0.5925 0.1283 0.2792 
     D237290  9 0.5781 0.1846 0.2373 
     D237291  9 0.4581 0.3170 0.2250 
     D237292  9 0.1019 0.3578 0.5404 
     D237293  9 0.2996 0.1298 0.5706 
     D237294  9 0.1436 0.0422 0.8141 
     D237295  9 0.3454 0.2447 0.4100 
     D237296  9 0.4997 0.1488 0.3515 
     D237297  9 0.6842 0.1548 0.1610 
     D237298  9 0.2326 0.3515 0.4160 
     D237341  9 0.4708 0.3234 0.2058 
     D237342  9 0.0843 0.0936 0.8221 
     D237343  9 0.1054 0.2218 0.6728 
     D237344  9 0.7185 0.1094 0.1722 
     D237345  9 0.0208 0.0416 0.9377 
     D237346  9 0.6375 0.1276 0.2349 
     D237347  9 0.8084 0.1145 0.0770 
     D237348  9 0.3064 0.2104 0.4833 
     D237349  9 0.0340 0.7783 0.1877 
     D244109  9 0.0549 0.6528 0.2923 
     D244110  9 0.1870 0.4839 0.3290 
     D244111  9 0.3101 0.4376 0.2522 
     D244128  9 0.0444 0.0508 0.9048 
     D244137  9 0.0827 0.7127 0.2046 
     D244138  9 0.5752 0.1623 0.2625 
        D580  9 0.0766 0.2681 0.6553 
        D581  9 0.3449 0.2335 0.4217 
        D582  9 0.0298 0.0297 0.9405 
        D583  9 0.1666 0.2196 0.6139 
        D584  9 0.5231 0.0888 0.3881 
        D585  9 0.1289 0.1416 0.7295 
        D586  9 0.8933 0.0627 0.0439 
        D651  9 0.2967 0.5531 0.1502 
        D652  9 0.0336 0.4839 0.4825 
        D653  9 0.2384 0.7010 0.0606 
        D654  9 0.0403 0.7310 0.2287 
        D655  9 0.7987 0.1179 0.0834 
        D656  9 0.0444 0.1381 0.8175 
        D657  9 0.1732 0.2864 0.5404 
        D667  9 0.8779 0.0592 0.0629 
        D668  9 0.3094 0.0992 0.5915 
        D669  9 0.4940 0.2156 0.2904 
        D670  9 0.0618 0.8581 0.0801 
        D671  9 0.2540 0.4586 0.2874 
        D672  9 0.0535 0.0790 0.8675 
        D673  9 0.4347 0.0831 0.4822 
        D692  9 0.0443 0.3655 0.5902 
        D693  9 0.4354 0.1871 0.3775 
        D694  9 0.0767 0.0572 0.8661 
        D695  9 0.1900 0.1934 0.6166 
        D696  9 0.9225 0.0388 0.0387 
        D697  9 0.6408 0.2192 0.1400 
        D698  9 0.5368 0.2570 0.2061 
        D699  9 0.7401 0.0433 0.2166 
        D787  9 0.0769 0.5156 0.4075 
        D788  9 0.5808 0.1341 0.2852 
        D789  9 0.2927 0.1252 0.5821 
        D790  9 0.1966 0.4850 0.3184 
        D791  9 0.6602 0.1177 0.2222 
        D792  9 0.0692 0.6989 0.2319 
        D793  9 0.7357 0.1824 0.0819 
        D794  9 0.4051 0.4101 0.1847 
        D795  9 0.1830 0.0309 0.7861 
        D796  9 0.6990 0.1187 0.1824 
        D142 10 0.6173 0.2427 0.1400 
        D143 10 0.1023 0.6833 0.2143 
        D144 10 0.4332 0.2251 0.3417 
        D145 10 0.7008 0.1605 0.1387 
        D146 10 0.0667 0.1301 0.8032 
        D147 10 0.0995 0.4744 0.4261 
        D148 10 0.1124 0.7600 0.1276 
        D149 10 0.1934 0.5655 0.2411 
        D151 10 0.2020 0.5416 0.2564 
        D152 10 0.3264 0.4802 0.1934 
        D153 10 0.3188 0.3473 0.3339 
        D156 10 0.1301 0.7420 0.1279 
        D157 10 0.5540 0.0660 0.3800 
        D158 10 0.6572 0.0626 0.2802 
        D159 10 0.0801 0.7985 0.1213 
        D160 10 0.9464 0.0236 0.0299 
        D161 10 0.3031 0.4948 0.2021 
        D162 10 0.3217 0.5882 0.0901 
        D169 10 0.0679 0.1386 0.7934 
        D170 10 0.0797 0.0661 0.8543 
        D171 10 0.3874 0.2409 0.3717 
        D172 10 0.1548 0.3458 0.4994 
        D173 10 0.0201 0.9334 0.0465 
        D181 10 0.7180 0.1781 0.1039 
        D182 10 0.1576 0.4873 0.3551 
        D183 10 0.8063 0.0525 0.1412 
        D184 10 0.0157 0.0465 0.9379 
        D185 10 0.2115 0.5343 0.2541 
        D186 10 0.0430 0.0309 0.9262 
        D194 10 0.1148 0.1938 0.6915 
        D195 10 0.6181 0.2443 0.1376 
        D196 10 0.4411 0.5011 0.0578 
        D197 10 0.0768 0.0530 0.8703 
        D198 10 0.2630 0.4839 0.2531 
     D237226 10 0.4440 0.2850 0.2710 
     D237232 10 0.8019 0.0982 0.0999 
     D237233 10 0.5610 0.1114 0.3277 
     D237234 10 0.6658 0.1272 0.2070 
     D237354 10 0.8120 0.1553 0.0327 
     D237355 10 0.8492 0.1028 0.0480 
     D237356 10 0.3734 0.3646 0.2620 
     D237357 10 0.1058 0.4872 0.4069 
     D237358 10 0.0468 0.6611 0.2921 
     D237369 10 0.0248 0.1243 0.8509 
     D237370 10 0.7913 0.1013 0.1074 
     D237371 10 0.1489 0.5034 0.3476 
     D237372 10 0.0566 0.4647 0.4787 
     D237373 10 0.8180 0.0892 0.0927 
     D237374 10 0.9183 0.0529 0.0288 
     D237375 10 0.1423 0.6868 0.1709 
     D237400 10 0.3599 0.4156 0.2245 
     D244002 10 0.0327 0.6375 0.3298 
     D244003 10 0.8638 0.0218 0.1144 
     D244004 10 0.9199 0.0194 0.0607 
     D244005 10 0.4825 0.1530 0.3645 
     D244020 10 0.5943 0.2557 0.1500 
     D244021 10 0.0967 0.2353 0.6680 
     D244116 10 0.1163 0.1617 0.7221 
     D244117 10 0.7897 0.1054 0.1050 
     D244121 10 0.6782 0.0645 0.2572 
     D244123 10 0.7692 0.1003 0.1305 
     D244124 10 0.1919 0.1039 0.7042 
        D332 10 0.1070 0.7452 0.1477 
        D570 10 0.7928 0.0992 0.1080 
        D602 10 0.0578 0.8368 0.1054 
        D603 10 0.4811 0.1508 0.3681 
        D604 10 0.1575 0.7637 0.0787 
        D605 10 0.2362 0.4382 0.3257 
        D606 10 0.1630 0.0665 0.7705 
        D607 10 0.0367 0.9036 0.0597 
        D608 10 0.0264 0.9371 0.0365 
        D609 10 0.6937 0.1000 0.2063 
        D610 10 0.5673 0.3577 0.0751 
        D611 10 0.9429 0.0213 0.0358 
        D613 10 0.4169 0.4285 0.1545 
        D633 10 0.0772 0.7567 0.1661 
        D634 10 0.5515 0.2045 0.2440 
        D638 10 0.5196 0.2245 0.2559 
        D681 10 0.2832 0.1408 0.5759 
        D754 10 0.2700 0.0494 0.6807 
        D755 10 0.8411 0.0468 0.1120 
        D756 10 0.6364 0.0638 0.2998 
        D757 10 0.3244 0.2918 0.3838 
        D758 10 0.3535 0.1865 0.4600 
        D759 10 0.8102 0.0924 0.0973 
        D760 10 0.6000 0.2756 0.1244 
        D761 10 0.9173 0.0363 0.0464 
        D762 10 0.1114 0.7890 0.0996 
        D775 10 0.8917 0.0291 0.0792 
        D776 10 0.7936 0.1400 0.0663 
        D777 10 0.7943 0.0631 0.1426 
        D778 10 0.4289 0.1674 0.4037 
        D779 10 0.4154 0.0613 0.5234 
        D780 10 0.5874 0.2451 0.1675 
        D781 10 0.0902 0.7755 0.1343 
        D858 10 0.0201 0.0290 0.9509 
        D933 10 0.4898 0.4621 0.0481 
        D038 11 0.6140 0.1279 0.2581 
        D063 11 0.6655 0.1394 0.1951 
        D155 11 0.7689 0.1277 0.1034 
        D175 11 0.4016 0.0948 0.5036 
        D176 11 0.4634 0.2410 0.2956 
        D205 11 0.4707 0.0647 0.4646 
     D237229 11 0.0561 0.5915 0.3524 
     D237230 11 0.0273 0.8382 0.1345 
     D237231 11 0.0568 0.8435 0.0997 
     D237269 11 0.2414 0.5670 0.1916 
     D237270 11 0.0692 0.1052 0.8255 
     D237271 11 0.5307 0.1624 0.3069 
     D237272 11 0.0497 0.5756 0.3747 
     D237273 11 0.7452 0.0771 0.1777 
     D237301 11 0.1842 0.7010 0.1148 
     D237302 11 0.1288 0.1768 0.6945 
     D237303 11 0.0337 0.3704 0.5959 
     D237304 11 0.2316 0.3065 0.4619 
     D237305 11 0.0830 0.0674 0.8496 
     D237314 11 0.6287 0.1010 0.2703 
     D237315 11 0.1132 0.1522 0.7345 
     D237316 11 0.1433 0.7463 0.1105 
     D237328 11 0.1381 0.4458 0.4160 
     D237329 11 0.2938 0.3271 0.3791 
     D237330 11 0.8264 0.0694 0.1042 
     D237331 11 0.7341 0.1616 0.1043 
     D237332 11 0.3215 0.2640 0.4145 
     D237333 11 0.8614 0.0856 0.0529 
     D237334 11 0.1665 0.6940 0.1394 
     D237335 11 0.3244 0.2221 0.4534 
     D237336 11 0.7677 0.0827 0.1496 
     D237350 11 0.5971 0.2439 0.1590 
     D237383 11 0.3768 0.1050 0.5181 
     D237384 11 0.2265 0.3252 0.4483 
     D237385 11 0.2658 0.3190 0.4152 
     D237386 11 0.2146 0.6283 0.1571 
     D237387 11 0.1236 0.3810 0.4954 
     D237388 11 0.7612 0.1634 0.0754 
        D239 11 0.7759 0.1343 0.0898 
        D240 11 0.5515 0.2145 0.2340 
        D241 11 0.0523 0.9197 0.0281 
        D242 11 0.2314 0.5689 0.1997 
        D243 11 0.7565 0.0897 0.1538 
        D244 11 0.7833 0.0475 0.1693 
        D245 11 0.0567 0.2709 0.6724 
        D246 11 0.5037 0.1772 0.3191 
        D247 11 0.1748 0.3898 0.4355 
        D248 11 0.1938 0.7259 0.0804 
        D249 11 0.3079 0.1387 0.5533 
        D250 11 0.3763 0.5714 0.0523 
        D251 11 0.6401 0.1226 0.2374 
        D252 11 0.2123 0.4026 0.3850 
        D253 11 0.6831 0.0748 0.2421 
        D254 11 0.0331 0.3646 0.6023 
        D255 11 0.4597 0.3868 0.1535 
        D256 11 0.5975 0.1829 0.2196 
        D257 11 0.0843 0.0717 0.8440 
        D258 11 0.0816 0.1004 0.8179 
        D259 11 0.0497 0.0986 0.8517 
        D260 11 0.2638 0.2782 0.4580 
        D261 11 0.4720 0.3278 0.2002 
        D262 11 0.1944 0.2661 0.5395 
        D263 11 0.4201 0.1581 0.4219 
        D264 11 0.0805 0.2001 0.7194 
        D265 11 0.2638 0.3808 0.3555 
        D266 11 0.4804 0.4256 0.0939 
        D267 11 0.5180 0.1619 0.3201 
        D268 11 0.7951 0.1531 0.0518 
        D269 11 0.2539 0.6206 0.1255 
        D270 11 0.1644 0.4390 0.3966 
        D271 11 0.4124 0.2016 0.3860 
        D272 11 0.3855 0.3896 0.2249 
        D273 11 0.0249 0.0389 0.9362 
        D274 11 0.4740 0.1987 0.3273 
        D275 11 0.3719 0.3308 0.2973 
        D276 11 0.6564 0.2519 0.0916 
        D277 11 0.3571 0.4733 0.1695 
        D278 11 0.3826 0.1028 0.5146 
        D282 11 0.0655 0.0636 0.8709 
        D296 11 0.6001 0.2839 0.1160 
        D297 11 0.4574 0.2542 0.2884 
        D298 11 0.5298 0.3573 0.1129 
        D299 11 0.6712 0.1471 0.1817 
        D300 11 0.5271 0.2480 0.2248 
        D382 11 0.4649 0.2433 0.2917 
        D383 11 0.4312 0.0380 0.5308 
        D387 11 0.6233 0.1860 0.1907 
        D388 11 0.0866 0.8701 0.0433 
        D389 11 0.5177 0.3304 0.1518 
        D390 11 0.2568 0.6615 0.0817 
        D396 11 0.1667 0.6992 0.1341 
        D397 11 0.0686 0.0707 0.8607 
        D398 11 0.5091 0.0772 0.4137 
        D399 11 0.0792 0.7327 0.1880 
        D437 11 0.0851 0.2816 0.6333 
        D441 11 0.8335 0.1206 0.0459 
        D442 11 0.3883 0.2539 0.3578 
        D443 11 0.9062 0.0577 0.0361 
        D444 11 0.2585 0.5678 0.1737 
        D445 11 0.0816 0.2719 0.6464 
        D446 11 0.0684 0.7001 0.2315 
        D451 11 0.3507 0.3780 0.2713 
        D452 11 0.2726 0.4785 0.2489 
        D453 11 0.0996 0.7954 0.1051 
        D454 11 0.1463 0.2343 0.6194 
        D457 11 0.3116 0.1176 0.5708 
        D458 11 0.5417 0.3163 0.1421 
        D466 11 0.0992 0.5214 0.3794 
        D467 11 0.7052 0.1076 0.1872 
        D475 11 0.0513 0.0764 0.8723 
        D488 11 0.1666 0.7441 0.0893 
        D489 11 0.1141 0.2350 0.6509 
        D493 11 0.1046 0.7364 0.1589 
        D494 11 0.2117 0.6122 0.1761 
        D495 11 0.1181 0.2283 0.6536 
        D496 11 0.7888 0.1722 0.0390 
        D674 11 0.7052 0.1388 0.1560 
        D675 11 0.7951 0.1781 0.0267 
        D676 11 0.2084 0.0981 0.6935 
        D680 11 0.8096 0.0323 0.1581 
        D701 11 0.2677 0.3605 0.3718 
        D702 11 0.0660 0.3357 0.5983 
        D703 11 0.3737 0.3356 0.2906 
        D704 11 0.4754 0.2418 0.2828 
        D705 11 0.0269 0.4925 0.4805 
        D706 11 0.3208 0.1276 0.5516 
        D707 11 0.1364 0.3301 0.5335 
        D751 11 0.2923 0.3325 0.3752 
        D752 11 0.6741 0.1379 0.1880 
        D753 11 0.0732 0.7069 0.2199 
        D773 11 0.0179 0.0303 0.9518 
        D774 11 0.2283 0.5776 0.1940 
        D801 11 0.5738 0.3341 0.0921 
        D802 11 0.0865 0.7078 0.2057 
        D803 11 0.8322 0.1018 0.0660 
        D804 11 0.2465 0.4843 0.2692 
        D805 11 0.3318 0.3651 0.3031 
        D806 11 0.0294 0.0727 0.8979 
        D809 11 0.5336 0.2484 0.2180 
        D810 11 0.8189 0.1384 0.0427 
        D812 11 0.2167 0.3443 0.4390 
        D813 11 0.6631 0.1746 0.1622 
        D823 11 0.5194 0.2261 0.2546 
        D824 11 0.4878 0.2458 0.2664 
        D829 11 0.1655 0.7724 0.0620 
        D830 11 0.0585 0.4392 0.5023 
        D831 11 0.4342 0.1960 0.3697 
        D832 11 0.3042 0.3007 0.3951 
        D833 11 0.5560 0.2986 0.1453 
        D834 11 0.4059 0.3797 0.2144 
        D835 11 0.1748 0.0923 0.7329 
        D855 11 0.5061 0.2731 0.2208 
        D863 11 0.9008 0.0482 0.0510 
        D864 11 0.6494 0.1500 0.2006 
        D878 11 0.6743 0.1748 0.1508 
        D879 11 0.0609 0.1334 0.8058 
        D880 11 0.3312 0.6236 0.0452 
        D881 11 0.9143 0.0259 0.0598 
        D882 11 0.2604 0.6084 0.1312 
        D909 11 0.3009 0.5324 0.1668 
        D921 11 0.6777 0.1462 0.1761 
        D924 11 0.6549 0.2831 0.0620 
        D935 11 0.1460 0.6600 0.1941 
        D940 11 0.9073 0.0620 0.0307 
        D941 11 0.6410 0.2740 0.0850 
        D942 11 0.0252 0.0523 0.9225 
        D980 11 0.1902 0.5791 0.2306 
        D981 11 0.0890 0.1343 0.7767 
        D982 11 0.0982 0.7319 0.1698 
        D983 11 0.7119 0.1766 0.1114 
        D984 11 0.3964 0.4676 0.1360 
        D992 11 0.0645 0.1349 0.8006 
        D993 11 0.5943 0.2571 0.1486 
        D994 11 0.5417 0.2049 0.2534 
        D995 11 0.2943 0.1902 0.5155 
        H354 11 0.0462 0.3240 0.6298 
        D005 12 0.0754 0.5255 0.3991 
        D035 12 0.6760 0.1789 0.1451 
        D067 12 0.4489 0.3853 0.1657 
        D134 12 0.5377 0.1668 0.2956 
        D135 12 0.2843 0.5099 0.2058 
        D136 12 0.0389 0.8116 0.1494 
        D137 12 0.1030 0.7584 0.1386 
        D138 12 0.4244 0.2033 0.3722 
        D139 12 0.2560 0.6663 0.0776 
        D140 12 0.4427 0.3647 0.1927 
        D141 12 0.0191 0.0194 0.9615 
        D150 12 0.1188 0.0457 0.8355 
        D177 12 0.4019 0.4493 0.1488 
        D178 12 0.0308 0.9123 0.0569 
        D179 12 0.0577 0.7646 0.1778 
        D180 12 0.0525 0.7929 0.1546 
        D187 12 0.6438 0.1198 0.2364 
        D188 12 0.0212 0.0365 0.9423 
        D191 12 0.0506 0.0289 0.9205 
        D418 12 0.0364 0.0595 0.9040 
        D601 12 0.0558 0.2365 0.7078 
        D836 12 0.0604 0.1117 0.8278 
        D837 12 0.3342 0.3741 0.2917 
        D838 12 0.8739 0.0687 0.0574 
        D839 12 0.2226 0.6188 0.1586 
        D840 12 0.5458 0.3723 0.0819 
        D841 12 0.5890 0.1494 0.2615 
        D842 12 0.0218 0.0182 0.9600 
        D843 12 0.5489 0.2204 0.2307 
        D844 12 0.0795 0.2634 0.6571 
        D912 12 0.5104 0.4078 0.0818 
        D913 12 0.1948 0.6846 0.1205 
