        D174  1 0.1282 0.3910 0.4808 
        D199  1 0.4554 0.1077 0.4369 
        D203  1 0.4423 0.4017 0.1560 
        D204  1 0.8834 0.0685 0.0482 
     D237366  1 0.2358 0.6369 0.1273 
     D237367  1 0.5586 0.3667 0.0747 
     D237368  1 0.2528 0.6588 0.0883 
     D244101  1 0.9122 0.0364 0.0514 
     D244102  1 0.1825 0.4379 0.3796 
     D244103  1 0.4738 0.4624 0.0638 
     D244104  1 0.5116 0.1437 0.3447 
     D244105  1 0.1430 0.8184 0.0386 
     D244106  1 0.1163 0.1026 0.7811 
     D244107  1 0.3862 0.5921 0.0217 
     D244108  1 0.1307 0.4238 0.4455 
     D244113  1 0.0704 0.1234 0.8062 
     D244114  1 0.4167 0.2656 0.3177 
     D244115  1 0.1637 0.3243 0.5120 
     D267365  1 0.1890 0.1251 0.6859 
        D404  1 0.0990 0.1475 0.7535 
        D405  1 0.2145 0.2230 0.5625 
        D406  1 0.0407 0.9325 0.0268 
        D407  1 0.8135 0.1438 0.0426 
        D408  1 0.0365 0.0433 0.9202 
        D409  1 0.4401 0.4826 0.0773 
        D410  1 0.0540 0.9127 0.0332 
        D421  1 0.9132 0.0260 0.0608 
        D422  1 0.0859 0.8917 0.0223 
        D423  1 0.1291 0.8505 0.0204 
        D424  1 0.6911 0.2547 0.0541 
        D425  1 0.3955 0.1396 0.4649 
        D426  1 0.4778 0.4505 0.0717 
        D427  1 0.7031 0.0960 0.2009 
        D428  1 0.5044 0.2715 0.2241 
        D429  1 0.3249 0.1771 0.4980 
        D430  1 0.3060 0.1641 0.5299 
        D491  1 0.0841 0.0644 0.8515 
        D492  1 0.5274 0.2686 0.2039 
        D537  1 0.7523 0.1957 0.0520 
        D538  1 0.1737 0.5900 0.2363 
        D539  1 0.0832 0.2607 0.6561 
        D540  1 0.4161 0.3140 0.2699 
        D541  1 0.8675 0.0862 0.0463 
        D551  1 0.5686 0.2716 0.1597 
        D552  1 0.1804 0.5244 0.2952 
        D553  1 0.8461 0.0776 0.0763 
        D615  1 0.2971 0.4238 0.2791 
        D616  1 0.3978 0.4155 0.1866 
        D621  1 0.0883 0.7747 0.1370 
        D622  1 0.0820 0.8699 0.0481 
        D623  1 0.2054 0.0981 0.6965 
        D624  1 0.0848 0.1616 0.7536 
        D625  1 0.5464 0.3136 0.1400 
        D626  1 0.1190 0.3419 0.5392 
        D627  1 0.5697 0.3408 0.0895 
        D690  1 0.4277 0.3543 0.2180 
        D691  1 0.1345 0.8294 0.0361 
        D710  1 0.5110 0.1953 0.2936 
        D711  1 0.5844 0.2600 0.1556 
        D712  1 0.0532 0.1101 0.8367 
        D713  1 0.3513 0.2971 0.3517 
        D746  1 0.0854 0.8855 0.0291 
        D747  1 0.9073 0.0410 0.0517 
        D748  1 0.3257 0.6024 0.0719 
        D749  1 0.0974 0.7643 0.1383 
        D750  1 0.1744 0.1751 0.6505 
        D763  1 0.6402 0.1766 0.1832 
        D764  1 0.3169 0.3656 0.3175 
        D765  1 0.0435 0.8290 0.1275 
        D766  1 0.2763 0.6619 0.0618 
        D767  1 0.3683 0.5101 0.1215 
        D768  1 0.8689 0.0942 0.0370 
        D811  1 0.0727 0.1974 0.7298 
        D816  1 0.5516 0.1394 0.3090 
        D825  1 0.1085 0.4420 0.4495 
        D866  1 0.0851 0.1202 0.7947 
        D867  1 0.0711 0.8959 0.0330 
        D871  1 0.4878 0.4292 0.0830 
        D872  1 0.3337 0.5730 0.0933 
        D873  1 0.0178 0.9616 0.0206 
        D874  1 0.4291 0.0600 0.5109 
        D875  1 0.3762 0.5846 0.0392 
        D876  1 0.3734 0.3388 0.2878 
        D877  1 0.1672 0.0677 0.7651 
        D892  1 0.2680 0.5300 0.2021 
        D893  1 0.5535 0.3263 0.1201 
        D894  1 0.4599 0.2590 0.2811 
        D915  1 0.4276 0.4555 0.1169 
        D916  1 0.7324 0.1840 0.0835 
        D917  1 0.3488 0.0797 0.5716 
        D925  1 0.0500 0.8706 0.0795 
        D926  1 0.5724 0.2303 0.1972 
        D927  1 0.5836 0.1197 0.2968 
        D928  1 0.0965 0.0639 0.8396 
        D929  1 0.1614 0.4594 0.3792 
        D936  1 0.6371 0.1065 0.2564 
        D938  1 0.0434 0.9278 0.0288 
        D956  1 0.0535 0.1388 0.8076 
        D957  1 0.2289 0.6787 0.0924 
        D958  1 0.2890 0.5933 0.1176 
        D959  1 0.8444 0.1292 0.0264 
        D960  1 0.0388 0.9259 0.0354 
        D989  1 0.1094 0.0652 0.8254 
        D990  1 0.0305 0.8949 0.0746 
        D023  2 0.3110 0.6493 0.0397 
        D130  2 0.0645 0.9114 0.0241 
        D131  2 0.7651 0.1330 0.1019 
        D163  2 0.1004 0.8453 0.0543 
        D164  2 0.3145 0.6630 0.0225 
        D165  2 0.2159 0.7532 0.0308 
        D166  2 0.1754 0.5545 0.2702 
        D167  2 0.4374 0.2164 0.3462 
        D192  2 0.5096 0.2411 0.2493 
        D193  2 0.0902 0.2438 0.6660 
        D206  2 0.6815 0.2513 0.0672 
        D207  2 0.6762 0.1300 0.1937 
        D208  2 0.0859 0.0980 0.8161 
        D209  2 0.5420 0.3530 0.1050 
        D210  2 0.1939 0.1038 0.7022 
     D229599  2 0.2648 0.1986 0.5365 
     D229600  2 0.2564 0.6877 0.0560 
     D237227  2 0.0958 0.1752 0.7290 
     D237228  2 0.0796 0.4941 0.4263 
     D237258  2 0.2395 0.3689 0.3916 
     D237310  2 0.0437 0.8579 0.0984 
     D237311  2 0.0791 0.8302 0.0907 
     D237312  2 0.0993 0.7356 0.1651 
     D237313  2 0.3118 0.3083 0.3798 
     D237322  2 0.1239 0.2040 0.6721 
     D237323  2 0.0335 0.7755 0.1910 
     D237324  2 0.3579 0.5857 0.0564 
     D237325  2 0.1256 0.7279 0.1465 
     D237326  2 0.2201 0.6972 0.0828 
     D237327  2 0.4220 0.1812 0.3968 
     D237337  2 0.0627 0.8603 0.0769 
     D237338  2 0.1755 0.6007 0.2237 
     D237339  2 0.8795 0.0565 0.0640 
     D237340  2 0.1091 0.5344 0.3566 
     D237389  2 0.0650 0.8855 0.0495 
     D237390  2 0.1245 0.6575 0.2180 
     D244017  2 0.0720 0.1210 0.8069 
     D244112  2 0.3383 0.5094 0.1523 
     D244118  2 0.1486 0.7740 0.0774 
     D244119  2 0.1044 0.0862 0.8093 
     D244120  2 0.0614 0.1946 0.7440 
     D244122  2 0.3190 0.3663 0.3147 
        D291  2 0.2589 0.2111 0.5300 
        D292  2 0.2770 0.1049 0.6180 
        D293  2 0.9670 0.0147 0.0182 
        D322  2 0.8892 0.0612 0.0496 
        D323  2 0.5982 0.1353 0.2665 
        D324  2 0.4308 0.2509 0.3184 
        D325  2 0.9523 0.0246 0.0231 
        D326  2 0.8790 0.0355 0.0855 
        D340  2 0.9309 0.0351 0.0340 
        D341  2 0.7988 0.1193 0.0819 
        D342  2 0.3186 0.5705 0.1108 
        D343  2 0.9707 0.0160 0.0133 
        D344  2 0.6611 0.1961 0.1428 
        D345  2 0.3826 0.3881 0.2293 
        D346  2 0.1330 0.0736 0.7934 
        D351  2 0.7451 0.1564 0.0984 
        D352  2 0.4903 0.2042 0.3054 
        D353  2 0.8982 0.0446 0.0573 
        D354  2 0.3685 0.2319 0.3996 
        D362  2 0.5474 0.2133 0.2393 
        D363  2 0.5047 0.1578 0.3376 
        D364  2 0.5317 0.2202 0.2480 
        D365  2 0.9594 0.0164 0.0242 
        D369  2 0.4395 0.1992 0.3613 
        D374  2 0.0314 0.0843 0.8843 
        D375  2 0.4109 0.3374 0.2518 
        D376  2 0.0467 0.1190 0.8343 
        D377  2 0.1963 0.4472 0.3566 
        D378  2 0.8685 0.0831 0.0485 
        D379  2 0.8195 0.0845 0.0960 
        D384  2 0.8656 0.0495 0.0849 
        D385  2 0.8869 0.0452 0.0679 
        D386  2 0.8088 0.1369 0.0544 
        D391  2 0.9502 0.0236 0.0262 
        D392  2 0.6709 0.2086 0.1205 
        D393  2 0.8268 0.0862 0.0870 
        D394  2 0.2832 0.5604 0.1564 
        D395  2 0.8461 0.0740 0.0799 
        D401  2 0.0442 0.8947 0.0611 
        D402  2 0.8721 0.0656 0.0623 
        D403  2 0.5917 0.3515 0.0569 
        D415  2 0.8258 0.1458 0.0284 
        D435  2 0.8842 0.0738 0.0420 
        D436  2 0.6394 0.2104 0.1502 
        D438  2 0.9041 0.0555 0.0404 
        D439  2 0.7497 0.1907 0.0596 
        D449  2 0.8566 0.1037 0.0397 
        D450  2 0.1799 0.2024 0.6176 
        D456  2 0.8874 0.0675 0.0451 
        D462  2 0.9448 0.0307 0.0246 
        D463  2 0.9029 0.0372 0.0599 
        D464  2 0.8130 0.0693 0.1177 
        D465  2 0.8645 0.0913 0.0442 
        D473  2 0.0785 0.2566 0.6649 
        D474  2 0.5362 0.1335 0.3303 
        D476  2 0.3656 0.5947 0.0397 
        D477  2 0.4435 0.1367 0.4198 
        D478  2 0.2196 0.3104 0.4700 
        D480  2 0.7683 0.0488 0.1829 
        D481  2 0.3561 0.2769 0.3670 
        D482  2 0.0721 0.1833 0.7447 
        D483  2 0.5139 0.2243 0.2619 
        D484  2 0.3590 0.1751 0.4659 
        D510  2 0.0453 0.0496 0.9051 
        D511  2 0.8268 0.0970 0.0762 
        D512  2 0.2194 0.7344 0.0461 
        D513  2 0.8058 0.0911 0.1031 
        D635  2 0.6582 0.2498 0.0920 
        D636  2 0.0507 0.9214 0.0279 
        D637  2 0.4708 0.1871 0.3421 
        D658  2 0.3477 0.2214 0.4308 
        D659  2 0.7525 0.1270 0.1204 
        D677  2 0.4336 0.4462 0.1202 
        D678  2 0.3978 0.3687 0.2336 
        D679  2 0.7536 0.0907 0.1557 
        D719  2 0.4074 0.0367 0.5559 
        D720  2 0.7019 0.1309 0.1671 
        D721  2 0.4119 0.5273 0.0608 
        D722  2 0.0854 0.1266 0.7880 
        D734  2 0.2420 0.0273 0.7307 
        D735  2 0.5668 0.2410 0.1922 
        D736  2 0.1698 0.1171 0.7132 
        D737  2 0.1861 0.3793 0.4346 
        D807  2 0.2529 0.1459 0.6011 
        D808  2 0.2794 0.6102 0.1104 
        D817  2 0.3774 0.1901 0.4325 
        D818  2 0.7926 0.1255 0.0820 
        D819  2 0.4246 0.3319 0.2435 
        D820  2 0.8946 0.0482 0.0572 
        D895  2 0.6434 0.2415 0.1151 
        D896  2 0.0330 0.9135 0.0535 
        D897  2 0.5684 0.2685 0.1631 
        D898  2 0.1137 0.2572 0.6291 
        D918  2 0.3246 0.4919 0.1835 
        D919  2 0.8321 0.0981 0.0698 
        D920  2 0.0280 0.9350 0.0369 
        D923  2 0.8232 0.0966 0.0802 
        D930  2 0.5017 0.2034 0.2949 
        D931  2 0.6091 0.1167 0.2742 
        D968  2 0.9373 0.0263 0.0365 
        D969  2 0.5897 0.1062 0.3041 
        D977  2 0.8637 0.0803 0.0560 
        D978  2 0.3778 0.1607 0.4615 
        D211  3 0.1686 0.7562 0.0751 
     D229639  3 0.0695 0.0659 0.8646 
     D237212  3 0.4880 0.2207 0.2913 
     D237213  3 0.3624 0.5454 0.0922 
     D237214  3 0.2328 0.7187 0.0485 
     D237215  3 0.0694 0.0851 0.8455 
     D237216  3 0.5057 0.4230 0.0713 
     D237217  3 0.2369 0.7352 0.0279 
     D237218  3 0.5693 0.2088 0.2219 
     D237219  3 0.0471 0.6265 0.3264 
     D237382  3 0.3056 0.4761 0.2183 
     D244127  3 0.1148 0.8130 0.0722 
     D244129  3 0.3975 0.4339 0.1686 
     D244133  3 0.2097 0.2570 0.5333 
     D244134  3 0.0772 0.1407 0.7821 
     D244135  3 0.2669 0.6920 0.0411 
     D244136  3 0.3002 0.1438 0.5560 
        D416  3 0.5266 0.3199 0.1536 
        D417  3 0.6829 0.2525 0.0646 
        D419  3 0.2942 0.4424 0.2634 
        D565  3 0.0641 0.0396 0.8963 
        D566  3 0.0701 0.0519 0.8780 
        D567  3 0.5968 0.3173 0.0859 
        D568  3 0.4769 0.4674 0.0556 
        D569  3 0.6334 0.2391 0.1275 
        D573  3 0.8240 0.0592 0.1168 
        D574  3 0.0754 0.1340 0.7906 
        D575  3 0.2796 0.3054 0.4150 
        D576  3 0.1262 0.1814 0.6924 
        D577  3 0.5357 0.2890 0.1754 
        D578  3 0.0443 0.9332 0.0226 
        D579  3 0.4092 0.1422 0.4486 
        D660  3 0.3290 0.4338 0.2372 
        D661  3 0.3588 0.2729 0.3683 
        D663  3 0.4732 0.0827 0.4441 
        D664  3 0.0826 0.6361 0.2813 
        D665  3 0.2315 0.6908 0.0776 
        D666  3 0.1776 0.4380 0.3844 
        D009  4 0.3273 0.5796 0.0931 
        D057  4 0.4095 0.4053 0.1852 
        D109  4 0.0725 0.8195 0.1080 
     D237222  4 0.0616 0.8447 0.0937 
     D237223  4 0.2532 0.6057 0.1411 
     D237224  4 0.5204 0.1379 0.3417 
     D237225  4 0.4258 0.4665 0.1077 
     D237299  4 0.1666 0.7259 0.1075 
     D237300  4 0.0512 0.0662 0.8826 
     D237306  4 0.2245 0.3050 0.4706 
     D237307  4 0.3940 0.1559 0.4502 
     D237308  4 0.5120 0.2498 0.2382 
     D237309  4 0.3298 0.5478 0.1224 
     D237317  4 0.1883 0.1641 0.6477 
     D237318  4 0.1255 0.0474 0.8272 
     D237319  4 0.1775 0.6501 0.1724 
     D237320  4 0.2961 0.5898 0.1141 
     D237321  4 0.0874 0.1099 0.8027 
     D237397  4 0.2980 0.3832 0.3188 
     D237398  4 0.5305 0.1534 0.3161 
     D237399  4 0.1896 0.2172 0.5932 
     D244001  4 0.1498 0.8045 0.0457 
        D289  4 0.4894 0.1405 0.3701 
        D290  4 0.2771 0.2639 0.4590 
        D294  4 0.4618 0.2558 0.2823 
        D295  4 0.3807 0.4506 0.1687 
        D301  4 0.0299 0.8762 0.0939 
        D302  4 0.7525 0.1364 0.1111 
        D303  4 0.0907 0.1440 0.7654 
        D304  4 0.1510 0.1084 0.7405 
        D305  4 0.5470 0.3993 0.0536 
        D306  4 0.1997 0.2227 0.5776 
        D307  4 0.0319 0.8895 0.0786 
        D327  4 0.6987 0.0995 0.2018 
        D328  4 0.1232 0.2308 0.6460 
        D329  4 0.3572 0.4237 0.2191 
        D330  4 0.5464 0.4184 0.0352 
        D331  4 0.1710 0.2829 0.5462 
        D333  4 0.2474 0.3386 0.4141 
        D334  4 0.1860 0.1900 0.6240 
        D335  4 0.8388 0.0753 0.0859 
        D370  4 0.0821 0.3580 0.5599 
        D371  4 0.1843 0.0580 0.7577 
        D372  4 0.0540 0.0869 0.8591 
        D373  4 0.1389 0.7901 0.0710 
        D455  4 0.0564 0.8824 0.0612 
        D490  4 0.0294 0.9421 0.0285 
        D497  4 0.0405 0.8907 0.0687 
        D498  4 0.1270 0.3475 0.5255 
        D499  4 0.2612 0.1330 0.6058 
        D514  4 0.6134 0.2271 0.1595 
        D515  4 0.1933 0.7526 0.0542 
        D516  4 0.3323 0.4761 0.1916 
        D517  4 0.1006 0.8530 0.0464 
        D518  4 0.4282 0.4275 0.1443 
        D519  4 0.2463 0.6883 0.0654 
        D560  4 0.3524 0.5905 0.0571 
        D561  4 0.5566 0.4211 0.0222 
        D562  4 0.3221 0.3759 0.3020 
        D563  4 0.7908 0.1420 0.0672 
        D572  4 0.5949 0.2553 0.1498 
        D629  4 0.4764 0.3450 0.1786 
        D630  4 0.3337 0.3546 0.3118 
        D631  4 0.5047 0.1894 0.3059 
        D632  4 0.2592 0.6810 0.0597 
        D646  4 0.5732 0.3864 0.0404 
        D647  4 0.5216 0.4212 0.0572 
        D648  4 0.1108 0.2651 0.6241 
        D649  4 0.4507 0.4571 0.0922 
        D650  4 0.3556 0.3044 0.3400 
        D708  4 0.1391 0.1637 0.6971 
        D709  4 0.1551 0.2658 0.5791 
        D738  4 0.2410 0.3900 0.3690 
        D739  4 0.1905 0.6538 0.1557 
        D740  4 0.1593 0.3940 0.4468 
        D741  4 0.7922 0.1768 0.0310 
        D742  4 0.4327 0.1266 0.4407 
        D743  4 0.7616 0.0615 0.1769 
        D744  4 0.8146 0.1079 0.0775 
        D745  4 0.1716 0.7792 0.0492 
        D814  4 0.6604 0.2397 0.1000 
        D815  4 0.4466 0.2352 0.3183 
        D828  4 0.0602 0.1630 0.7768 
        D845  4 0.1717 0.0278 0.8005 
        D846  4 0.7473 0.1974 0.0554 
        D847  4 0.2798 0.3296 0.3905 
        D848  4 0.1151 0.7891 0.0958 
        D849  4 0.1717 0.7859 0.0424 
        D850  4 0.6099 0.2451 0.1449 
        D856  4 0.1916 0.6856 0.1228 
        D857  4 0.0257 0.9374 0.0369 
        D859  4 0.4125 0.1826 0.4048 
        D860  4 0.2158 0.0689 0.7153 
        D883  4 0.2453 0.4051 0.3496 
        D884  4 0.2222 0.6381 0.1396 
        D885  4 0.8254 0.0996 0.0750 
        D886  4 0.2247 0.6924 0.0828 
        D887  4 0.2971 0.2043 0.4985 
        D889  4 0.0985 0.0652 0.8363 
        D890  4 0.1495 0.3366 0.5139 
        D891  4 0.0826 0.0256 0.8918 
        D899  4 0.2615 0.0680 0.6705 
        D900  4 0.4485 0.2310 0.3205 
        D970  4 0.5069 0.1985 0.2946 
        D971  4 0.8358 0.1119 0.0522 
        D979  4 0.8188 0.0652 0.1160 
        D093  5 0.0708 0.1166 0.8126 
        D154  5 0.5240 0.1467 0.3293 
        D168  5 0.5342 0.3438 0.1220 
        D189  5 0.1139 0.1012 0.7849 
        D190  5 0.1097 0.0546 0.8357 
     D237220  5 0.1852 0.5053 0.3095 
     D237221  5 0.2135 0.1234 0.6631 
     D237274  5 0.8380 0.1016 0.0604 
     D237275  5 0.3759 0.2640 0.3600 
     D237276  5 0.2104 0.5197 0.2699 
     D237277  5 0.0784 0.0530 0.8686 
     D237278  5 0.2601 0.2774 0.4625 
     D237279  5 0.3496 0.5989 0.0515 
     D237280  5 0.1835 0.6219 0.1946 
     D237281  5 0.7024 0.0935 0.2040 
     D237351  5 0.0782 0.7839 0.1378 
     D237352  5 0.4510 0.4498 0.0993 
     D237353  5 0.0320 0.0317 0.9363 
     D237359  5 0.2565 0.4234 0.3200 
     D237361  5 0.0419 0.0533 0.9049 
     D237362  5 0.4705 0.1403 0.3892 
     D237363  5 0.5136 0.2580 0.2284 
     D237364  5 0.5928 0.3325 0.0746 
     D237376  5 0.0486 0.0778 0.8736 
     D237377  5 0.5133 0.3273 0.1594 
     D237378  5 0.0569 0.0735 0.8696 
     D237379  5 0.1495 0.1414 0.7091 
     D237380  5 0.0396 0.8766 0.0838 
     D237381  5 0.1923 0.6667 0.1410 
     D237391  5 0.0920 0.0754 0.8325 
     D237392  5 0.7483 0.1584 0.0932 
     D237393  5 0.3258 0.2363 0.4379 
     D237394  5 0.0682 0.0522 0.8796 
     D237395  5 0.0892 0.2927 0.6181 
     D237396  5 0.7429 0.1165 0.1407 
     D244016  5 0.2982 0.0752 0.6266 
     D244018  5 0.5418 0.1771 0.2811 
     D244019  5 0.6131 0.1075 0.2793 
        D279  5 0.4595 0.1881 0.3524 
        D280  5 0.1071 0.1225 0.7704 
        D281  5 0.3513 0.0542 0.5945 
        D283  5 0.2238 0.0559 0.7203 
        D284  5 0.2071 0.6501 0.1428 
        D285  5 0.1037 0.0794 0.8170 
        D286  5 0.1954 0.2756 0.5290 
        D287  5 0.0369 0.1723 0.7908 
        D288  5 0.1877 0.0622 0.7501 
        D308  5 0.0800 0.8808 0.0392 
        D309  5 0.9020 0.0716 0.0264 
        D310  5 0.0414 0.0480 0.9105 
        D311  5 0.3159 0.1893 0.4948 
        D312  5 0.1714 0.1494 0.6792 
        D313  5 0.0198 0.9567 0.0235 
        D314  5 0.2319 0.4245 0.3436 
        D315  5 0.1418 0.2797 0.5785 
        D317  5 0.0922 0.0554 0.8525 
        D318  5 0.4999 0.2041 0.2960 
        D319  5 0.0609 0.1000 0.8391 
        D320  5 0.0432 0.0987 0.8581 
        D321  5 0.0869 0.6777 0.2353 
        D336  5 0.0882 0.0622 0.8496 
        D337  5 0.0367 0.0229 0.9404 
        D338  5 0.3764 0.2793 0.3444 
        D339  5 0.0764 0.1169 0.8068 
        D347  5 0.3595 0.1329 0.5075 
        D348  5 0.1021 0.0490 0.8488 
        D349  5 0.0444 0.8492 0.1064 
        D350  5 0.8113 0.1146 0.0740 
        D355  5 0.8744 0.0468 0.0788 
        D356  5 0.1282 0.2026 0.6692 
        D357  5 0.1244 0.2394 0.6362 
        D358  5 0.2216 0.2135 0.5649 
        D359  5 0.3123 0.0733 0.6144 
        D360  5 0.0693 0.1836 0.7471 
        D361  5 0.0445 0.9142 0.0414 
        D366  5 0.9290 0.0409 0.0301 
        D367  5 0.0604 0.1245 0.8151 
        D368  5 0.1256 0.3058 0.5687 
        D380  5 0.7956 0.1236 0.0809 
        D381  5 0.1581 0.0744 0.7676 
        D400  5 0.1882 0.1580 0.6538 
        D411  5 0.0473 0.9201 0.0326 
        D412  5 0.2241 0.3423 0.4337 
        D413  5 0.8186 0.1113 0.0701 
        D414  5 0.6783 0.1516 0.1700 
        D420  5 0.1022 0.3595 0.5383 
        D431  5 0.0423 0.1868 0.7709 
        D432  5 0.1161 0.2291 0.6548 
        D433  5 0.0903 0.0912 0.8186 
        D434  5 0.1666 0.1512 0.6822 
        D440  5 0.8104 0.1471 0.0425 
        D447  5 0.7989 0.1488 0.0523 
        D448  5 0.0955 0.0631 0.8414 
        D459  5 0.7997 0.0256 0.1747 
        D460  5 0.1169 0.7861 0.0969 
        D461  5 0.8625 0.0614 0.0762 
        D468  5 0.4418 0.1987 0.3595 
        D469  5 0.4102 0.3126 0.2772 
        D470  5 0.2241 0.5886 0.1872 
        D471  5 0.1297 0.0565 0.8138 
        D472  5 0.8916 0.0464 0.0620 
        D479  5 0.7397 0.1745 0.0858 
        D485  5 0.1641 0.2848 0.5511 
        D486  5 0.3667 0.3864 0.2470 
        D487  5 0.0851 0.0989 0.8160 
        D555  5 0.0431 0.0437 0.9132 
        D556  5 0.0634 0.0836 0.8530 
        D557  5 0.0623 0.0362 0.9015 
        D564  5 0.1102 0.2208 0.6690 
        D594  5 0.6692 0.1018 0.2290 
        D595  5 0.2602 0.1283 0.6115 
        D596  5 0.0422 0.0351 0.9227 
        D597  5 0.4608 0.0672 0.4720 
        D598  5 0.1796 0.3372 0.4832 
        D617  5 0.1163 0.8239 0.0598 
        D618  5 0.1407 0.1166 0.7428 
        D619  5 0.2967 0.3601 0.3432 
        D620  5 0.8632 0.0738 0.0629 
        D628  5 0.3066 0.4722 0.2212 
        D714  5 0.0709 0.0537 0.8754 
        D715  5 0.1096 0.0578 0.8327 
        D716  5 0.3510 0.1293 0.5197 
        D717  5 0.4250 0.2351 0.3399 
        D718  5 0.0745 0.5374 0.3881 
        D769  5 0.0781 0.8685 0.0534 
        D770  5 0.3667 0.1334 0.4999 
        D771  5 0.2378 0.3004 0.4618 
        D772  5 0.1538 0.1245 0.7217 
        D782  5 0.5068 0.3691 0.1241 
        D783  5 0.5919 0.1201 0.2879 
        D784  5 0.6315 0.1332 0.2353 
        D785  5 0.0765 0.1294 0.7942 
        D786  5 0.3539 0.6067 0.0394 
        D821  5 0.0315 0.0253 0.9432 
        D822  5 0.7226 0.0764 0.2010 
        D826  5 0.1753 0.0735 0.7512 
        D827  5 0.8777 0.0694 0.0529 
        D851  5 0.3528 0.2746 0.3727 
        D852  5 0.1270 0.1832 0.6898 
        D853  5 0.1363 0.1536 0.7102 
        D854  5 0.4838 0.2695 0.2467 
        D861  5 0.2748 0.2688 0.4564 
        D862  5 0.4033 0.1125 0.4842 
        D865  5 0.0511 0.0892 0.8596 
        D868  5 0.5048 0.2519 0.2434 
        D869  5 0.0793 0.8773 0.0434 
        D870  5 0.4902 0.4778 0.0320 
        D907  5 0.0434 0.1611 0.7955 
        D908  5 0.0538 0.1533 0.7929 
        D910  5 0.1803 0.0723 0.7474 
        D911  5 0.7604 0.0423 0.1973 
        D934  5 0.2604 0.1172 0.6224 
        D946  5 0.0825 0.1873 0.7302 
        D947  5 0.2953 0.2799 0.4248 
        D948  5 0.0627 0.7887 0.1485 
        D949  5 0.0541 0.8621 0.0838 
        D950  5 0.7408 0.0442 0.2150 
        D951  5 0.7530 0.1134 0.1336 
        D952  5 0.4875 0.1322 0.3803 
        D953  5 0.0505 0.0820 0.8676 
        D954  5 0.3403 0.1115 0.5482 
        D961  5 0.0888 0.3408 0.5704 
        D962  5 0.0689 0.0810 0.8501 
        D963  5 0.4537 0.0812 0.4651 
        D964  5 0.1452 0.3754 0.4794 
        D965  5 0.4110 0.2867 0.3023 
        D966  5 0.2746 0.0875 0.6379 
        D967  5 0.1076 0.2003 0.6921 
        D991  5 0.1894 0.5653 0.2453 
        D502  6 0.4096 0.4889 0.1016 
        D503  6 0.1290 0.6289 0.2422 
        D504  6 0.5482 0.1974 0.2544 
        D505  6 0.2893 0.1700 0.5407 
        D506  6 0.0607 0.0634 0.8759 
        D507  6 0.4670 0.2745 0.2586 
        D508  6 0.4020 0.2249 0.3731 
        D529  6 0.2359 0.3410 0.4231 
        D530  6 0.0885 0.3937 0.5178 
        D531  6 0.4338 0.2257 0.3405 
        D532  6 0.4348 0.1074 0.4578 
        D534  6 0.1070 0.8506 0.0423 
        D535  6 0.3129 0.1804 0.5067 
        D536  6 0.5887 0.3548 0.0565 
        D554  6 0.1431 0.3316 0.5254 
        D587  6 0.1772 0.1104 0.7125 
        D588  6 0.4774 0.1155 0.4071 
        D589  6 0.2303 0.1961 0.5736 
        D590  6 0.7857 0.1211 0.0932 
        D591  6 0.2013 0.1495 0.6492 
        D592  6 0.0578 0.8562 0.0860 
        D593  6 0.1210 0.2338 0.6453 
        D682  6 0.0613 0.1162 0.8226 
        D683  6 0.3511 0.1782 0.4706 
        D684  6 0.3901 0.5513 0.0587 
        D685  6 0.1478 0.2583 0.5939 
        D686  6 0.1175 0.1699 0.7126 
        D724  6 0.4006 0.4256 0.1738 
        D725  6 0.2358 0.1762 0.5880 
        D726  6 0.0620 0.0830 0.8550 
        D727  6 0.8121 0.0869 0.1010 
        D728  6 0.1472 0.1970 0.6558 
        D729  6 0.6986 0.2730 0.0284 
        D730  6 0.2950 0.5345 0.1705 
        D731  6 0.0359 0.0406 0.9235 
        D732  6 0.5636 0.1951 0.2413 
        D733  6 0.1950 0.4266 0.3784 
     D237251  7 0.0909 0.1565 0.7526 
     D237252  7 0.1234 0.7596 0.1170 
     D237253  7 0.1861 0.1296 0.6844 
     D237254  7 0.0977 0.8693 0.0330 
     D237255  7 0.1265 0.0870 0.7864 
     D237256  7 0.6572 0.0905 0.2523 
     D237257  7 0.3382 0.5526 0.1092 
     D237282  7 0.7654 0.1925 0.0422 
     D237283  7 0.0339 0.9230 0.0431 
     D237284  7 0.0697 0.8986 0.0317 
     D237285  7 0.2258 0.1992 0.5750 
     D237286  7 0.4373 0.1420 0.4207 
     D237287  7 0.6691 0.1744 0.1565 
     D244006  7 0.0812 0.8904 0.0284 
     D244007  7 0.8246 0.1048 0.0706 
     D244008  7 0.0449 0.8827 0.0724 
     D244009  7 0.1251 0.7432 0.1317 
     D244010  7 0.1919 0.6239 0.1842 
     D244011  7 0.1694 0.2412 0.5894 
     D244012  7 0.4962 0.3250 0.1788 
     D244013  7 0.2853 0.1486 0.5660 
     D244014  7 0.2256 0.5065 0.2679 
     D244015  7 0.4597 0.4960 0.0444 
     D244125  7 0.1681 0.0707 0.7612 
     D244126  7 0.0317 0.9454 0.0229 
     D244130  7 0.2180 0.5384 0.2437 
     D244131  7 0.3219 0.2224 0.4556 
     D244132  7 0.2838 0.1614 0.5547 
        D520  7 0.1228 0.4951 0.3820 
        D521  7 0.4004 0.4185 0.1811 
        D522  7 0.2170 0.6841 0.0988 
        D523  7 0.1634 0.1231 0.7135 
        D524  7 0.1409 0.2709 0.5881 
        D525  7 0.0905 0.6604 0.2491 
        D526  7 0.0985 0.8722 0.0293 
        D527  7 0.2662 0.3134 0.4204 
        D528  7 0.6323 0.3425 0.0252 
        D558  7 0.6912 0.2399 0.0689 
        D559  7 0.6839 0.2244 0.0917 
        D640  7 0.1889 0.1020 0.7091 
        D641  7 0.0774 0.2337 0.6889 
        D642  7 0.2101 0.6485 0.1414 
        D644  7 0.1644 0.3927 0.4428 
        D645  7 0.2902 0.3732 0.3366 
        D662  7 0.1426 0.7488 0.1086 
        D687  7 0.2596 0.2269 0.5135 
        D688  7 0.6376 0.2884 0.0740 
        D689  7 0.1622 0.1423 0.6955 
        D700  7 0.6692 0.3091 0.0217 
        D797  7 0.1883 0.2202 0.5915 
        D798  7 0.1381 0.7943 0.0676 
        D799  7 0.1374 0.3619 0.5007 
        D800  7 0.6079 0.3316 0.0605 
        D132  8 0.0586 0.8984 0.0430 
        D133  8 0.6589 0.2831 0.0579 
        D200  8 0.1587 0.2757 0.5656 
        D500  8 0.0266 0.9383 0.0351 
        D614  8 0.1098 0.2847 0.6055 
        D723  8 0.6024 0.3272 0.0703 
        D888  8 0.0685 0.0646 0.8669 
        D901  8 0.0925 0.7757 0.1319 
        D902  8 0.1125 0.1911 0.6964 
        D903  8 0.7356 0.0703 0.1942 
        D904  8 0.4442 0.3308 0.2250 
        D905  8 0.0240 0.0283 0.9477 
        D906  8 0.6501 0.2119 0.1380 
        D937  8 0.0427 0.0813 0.8760 
        D943  8 0.3089 0.5432 0.1478 
        D972  8 0.3877 0.5543 0.0580 
        D973  8 0.5608 0.3697 0.0696 
        D974  8 0.2927 0.3907 0.3166 
        D975  8 0.1734 0.2327 0.5939 
        D976  8 0.2241 0.3345 0.4414 
        D201  9 0.3158 0.4213 0.2629 
        D202  9 0.1408 0.3985 0.4607 
     D237259  9 0.7941 0.1727 0.0332 
     D237260  9 0.1150 0.5774 0.3076 
     D237262  9 0.0242 0.9235 0.0523 
     D237263  9 0.1697 0.6854 0.1449 
     D237264  9 0.2840 0.4732 0.2428 
     D237265  9 0.0748 0.1671 0.7581 
     D237266  9 0.4990 0.4213 0.0796 
     D237267  9 0.2242 0.2529 0.5229 
     D237268  9 0.1278 0.7101 0.1621 
     D237289  9 0.1343 0.2252 0.6404 
     D237290  9 0.2040 0.2712 0.5248 
     D237291  9 0.2954 0.1991 0.5054 
     D237292  9 0.4025 0.4837 0.1138 
     D237293  9 0.1708 0.5303 0.2990 
     D237294  9 0.0397 0.8316 0.1287 
     D237295  9 0.2119 0.4438 0.3444 
     D237296  9 0.1480 0.3740 0.4779 
     D237297  9 0.1571 0.1414 0.7015 
     D237298  9 0.4418 0.3856 0.1726 
     D237341  9 0.3860 0.2403 0.3737 
     D237342  9 0.0954 0.8002 0.1044 
     D237343  9 0.1786 0.7354 0.0860 
     D237344  9 0.1290 0.2348 0.6362 
     D237345  9 0.0515 0.9266 0.0219 
     D237346  9 0.1231 0.2804 0.5965 
     D237347  9 0.0869 0.0988 0.8143 
     D237348  9 0.2133 0.4488 0.3379 
     D237349  9 0.8199 0.1469 0.0332 
     D244109  9 0.6188 0.3349 0.0463 
     D244110  9 0.4575 0.3381 0.2044 
     D244111  9 0.4858 0.2583 0.2559 
     D244128  9 0.0753 0.8784 0.0463 
     D244137  9 0.7343 0.1845 0.0813 
     D244138  9 0.1655 0.2438 0.5907 
        D580  9 0.1452 0.8084 0.0464 
        D581  9 0.2890 0.3326 0.3784 
        D582  9 0.0303 0.9367 0.0330 
        D583  9 0.2308 0.6038 0.1653 
        D584  9 0.1315 0.3851 0.4834 
        D585  9 0.0900 0.7643 0.1457 
        D586  9 0.0431 0.0463 0.9105 
        D651  9 0.6089 0.1783 0.2128 
        D652  9 0.5398 0.4213 0.0389 
        D653  9 0.7399 0.0853 0.1748 
        D654  9 0.7732 0.1831 0.0437 
        D655  9 0.0969 0.0961 0.8070 
        D656  9 0.1596 0.7971 0.0433 
        D657  9 0.2925 0.5523 0.1551 
        D667  9 0.0599 0.0830 0.8570 
        D668  9 0.0999 0.6341 0.2660 
        D669  9 0.2073 0.2777 0.5150 
        D670  9 0.8279 0.1069 0.0653 
        D671  9 0.5088 0.2669 0.2243 
        D672  9 0.0956 0.8339 0.0705 
        D673  9 0.1142 0.4338 0.4520 
        D692  9 0.3816 0.5788 0.0397 
        D693  9 0.1851 0.3764 0.4385 
        D694  9 0.0562 0.8558 0.0880 
        D695  9 0.1639 0.6144 0.2216 
        D696  9 0.0302 0.0456 0.9242 
        D697  9 0.1916 0.1421 0.6663 
        D698  9 0.2528 0.2426 0.5046 
        D699  9 0.0613 0.2104 0.7283 
        D787  9 0.4914 0.4237 0.0849 
        D788  9 0.1630 0.2720 0.5651 
        D789  9 0.1417 0.5629 0.2954 
        D790  9 0.4734 0.2999 0.2266 
        D791  9 0.0935 0.1684 0.7381 
        D792  9 0.7266 0.2005 0.0729 
        D793  9 0.1688 0.0928 0.7384 
        D794  9 0.4411 0.1971 0.3618 
        D795  9 0.0305 0.7950 0.1745 
        D796  9 0.1429 0.2206 0.6365 
        D142 10 0.2467 0.1802 0.5732 
        D143 10 0.7282 0.1833 0.0886 
        D144 10 0.2279 0.3552 0.4170 
        D145 10 0.1658 0.1456 0.6886 
        D146 10 0.1483 0.7664 0.0852 
        D147 10 0.4577 0.4381 0.1042 
        D148 10 0.4868 0.3848 0.1283 
        D149 10 0.6415 0.1615 0.1970 
        D151 10 0.3827 0.4757 0.1416 
        D152 10 0.5409 0.1759 0.2832 
        D153 10 0.3601 0.3113 0.3286 
        D156 10 0.7618 0.1271 0.1111 
        D157 10 0.0656 0.3734 0.5610 
        D158 10 0.0727 0.3214 0.6059 
        D159 10 0.8633 0.0812 0.0555 
        D160 10 0.0242 0.0387 0.9371 
        D161 10 0.5477 0.2071 0.2452 
        D162 10 0.5973 0.0773 0.3254 
        D169 10 0.1187 0.8064 0.0749 
        D170 10 0.0812 0.8173 0.1014 
        D171 10 0.3089 0.3575 0.3336 
        D172 10 0.4123 0.4168 0.1709 
        D173 10 0.9497 0.0323 0.0180 
        D181 10 0.1866 0.1039 0.7095 
        D182 10 0.5078 0.2880 0.2042 
        D183 10 0.0657 0.1569 0.7775 
        D184 10 0.0471 0.9322 0.0207 
        D185 10 0.4913 0.2994 0.2093 
        D186 10 0.0470 0.9020 0.0511 
        D194 10 0.1806 0.7133 0.1061 
        D195 10 0.3116 0.1062 0.5822 
        D196 10 0.5131 0.0579 0.4289 
        D197 10 0.0869 0.8235 0.0896 
        D198 10 0.3485 0.3382 0.3132 
     D237226 10 0.2774 0.3236 0.3990 
     D237232 10 0.1016 0.1397 0.7588 
     D237233 10 0.1350 0.2757 0.5893 
     D237234 10 0.1703 0.1956 0.6340 
     D237354 10 0.1122 0.0452 0.8426 
     D237355 10 0.0867 0.0794 0.8339 
     D237356 10 0.3118 0.2862 0.4020 
     D237357 10 0.5620 0.3358 0.1023 
     D237358 10 0.6340 0.3132 0.0528 
     D237369 10 0.2120 0.7618 0.0262 
     D237370 10 0.1229 0.1169 0.7602 
     D237371 10 0.4212 0.4263 0.1525 
     D237372 10 0.3947 0.5429 0.0624 
     D237373 10 0.1006 0.1053 0.7941 
     D237374 10 0.0513 0.0311 0.9176 
     D237375 10 0.6611 0.2255 0.1134 
     D237400 10 0.4889 0.1663 0.3448 
     D244002 10 0.4294 0.5333 0.0373 
     D244003 10 0.0218 0.0580 0.9202 
     D244004 10 0.0208 0.1022 0.8770 
     D244005 10 0.1702 0.3639 0.4659 
     D244020 10 0.2453 0.1720 0.5827 
     D244021 10 0.3885 0.5140 0.0975 
     D244116 10 0.2340 0.6602 0.1058 
     D244117 10 0.1125 0.1289 0.7586 
     D244121 10 0.0739 0.2553 0.6708 
     D244123 10 0.1019 0.1332 0.7649 
     D244124 10 0.1342 0.7157 0.1500 
        D332 10 0.7660 0.1203 0.1137 
        D570 10 0.1010 0.1066 0.7925 
        D602 10 0.8604 0.0839 0.0557 
        D603 10 0.1877 0.4268 0.3855 
        D604 10 0.8197 0.0659 0.1144 
        D605 10 0.4021 0.3652 0.2327 
        D606 10 0.0625 0.7551 0.1824 
        D607 10 0.8790 0.0723 0.0487 
        D608 10 0.9315 0.0422 0.0263 
        D609 10 0.1083 0.1754 0.7163 
        D610 10 0.2665 0.0960 0.6376 
        D611 10 0.0203 0.0368 0.9429 
        D613 10 0.4406 0.1149 0.4445 
        D633 10 0.7008 0.1990 0.1001 
        D634 10 0.2049 0.2880 0.5071 
        D638 10 0.3020 0.1853 0.5127 
        D681 10 0.1703 0.5405 0.2893 
        D754 10 0.0601 0.7039 0.2360 
        D755 10 0.0517 0.1167 0.8317 
        D756 10 0.0827 0.3029 0.6144 
        D757 10 0.2532 0.3689 0.3779 
        D758 10 0.2395 0.4438 0.3167 
        D759 10 0.0969 0.0943 0.8088 
        D760 10 0.2955 0.1418 0.5627 
        D761 10 0.0341 0.0319 0.9341 
        D762 10 0.7672 0.1305 0.1023 
        D775 10 0.0297 0.1214 0.8489 
        D776 10 0.1308 0.0795 0.7896 
        D777 10 0.0636 0.1456 0.7909 
        D778 10 0.1783 0.4461 0.3756 
        D779 10 0.1209 0.4424 0.4367 
        D780 10 0.2967 0.1579 0.5455 
        D781 10 0.8107 0.1143 0.0749 
        D858 10 0.0332 0.9368 0.0300 
        D933 10 0.3502 0.0771 0.5727 
        D038 11 0.1555 0.2382 0.6063 
        D063 11 0.1571 0.2037 0.6392 
        D155 11 0.1228 0.1086 0.7686 
        D175 11 0.1202 0.5078 0.3721 
        D176 11 0.2523 0.2594 0.4884 
        D205 11 0.0747 0.4822 0.4431 
     D237229 11 0.5450 0.3846 0.0704 
     D237230 11 0.8582 0.1139 0.0278 
     D237231 11 0.8781 0.0763 0.0456 
     D237269 11 0.5380 0.2121 0.2499 
     D237270 11 0.0692 0.8797 0.0511 
     D237271 11 0.1915 0.2857 0.5228 
     D237272 11 0.6704 0.2875 0.0421 
     D237273 11 0.0907 0.1789 0.7304 
     D237301 11 0.6945 0.1099 0.1956 
     D237302 11 0.2121 0.6572 0.1307 
     D237303 11 0.2928 0.6713 0.0359 
     D237304 11 0.3986 0.3644 0.2370 
     D237305 11 0.0611 0.8434 0.0955 
     D237314 11 0.1068 0.2479 0.6453 
     D237315 11 0.1537 0.7424 0.1040 
     D237316 11 0.7336 0.1141 0.1524 
     D237328 11 0.4645 0.4009 0.1346 
     D237329 11 0.2825 0.3842 0.3333 
     D237330 11 0.0740 0.0917 0.8343 
     D237331 11 0.1429 0.1071 0.7500 
     D237332 11 0.3149 0.2921 0.3930 
     D237333 11 0.1124 0.0502 0.8374 
     D237334 11 0.7048 0.1358 0.1594 
     D237335 11 0.2950 0.3752 0.3297 
     D237336 11 0.0940 0.1823 0.7236 
     D237350 11 0.3146 0.1482 0.5372 
     D237383 11 0.1012 0.5119 0.3870 
     D237384 11 0.3015 0.4709 0.2276 
     D237385 11 0.3551 0.3956 0.2494 
     D237386 11 0.6454 0.1546 0.2000 
     D237387 11 0.4694 0.4011 0.1295 
     D237388 11 0.1789 0.1080 0.7131 
        D239 11 0.1495 0.0939 0.7566 
        D240 11 0.1955 0.2770 0.5275 
        D241 11 0.7040 0.2027 0.0933 
        D242 11 0.5455 0.2102 0.2443 
        D243 11 0.0875 0.1871 0.7255 
        D244 11 0.0424 0.2046 0.7530 
        D245 11 0.2751 0.6459 0.0791 
        D246 11 0.1789 0.4091 0.4121 
        D247 11 0.3883 0.3970 0.2147 
        D248 11 0.7670 0.0722 0.1608 
        D249 11 0.1151 0.5795 0.3054 
        D250 11 0.6330 0.0501 0.3170 
        D251 11 0.1314 0.2712 0.5974 
        D252 11 0.4349 0.3549 0.2102 
        D253 11 0.0674 0.2385 0.6941 
        D254 11 0.4505 0.5155 0.0339 
        D255 11 0.3722 0.1373 0.4904 
        D256 11 0.1700 0.2210 0.6090 
        D257 11 0.0883 0.8282 0.0835 
        D258 11 0.0884 0.8192 0.0924 
        D259 11 0.1237 0.8280 0.0483 
        D260 11 0.2757 0.4564 0.2679 
        D261 11 0.2810 0.1872 0.5318 
        D262 11 0.2802 0.4897 0.2301 
        D263 11 0.1874 0.3779 0.4347 
        D264 11 0.2910 0.6283 0.0806 
        D265 11 0.4204 0.3608 0.2188 
        D266 11 0.3881 0.0912 0.5206 
        D267 11 0.1678 0.3144 0.5178 
        D268 11 0.1189 0.0583 0.8228 
        D269 11 0.5011 0.1135 0.3854 
        D270 11 0.5182 0.3192 0.1626 
        D271 11 0.1454 0.4454 0.4092 
        D272 11 0.3533 0.2050 0.4417 
        D273 11 0.0469 0.9251 0.0279 
        D274 11 0.2327 0.3543 0.4130 
        D275 11 0.3649 0.3171 0.3180 
        D276 11 0.2712 0.0907 0.6381 
        D277 11 0.4828 0.1824 0.3349 
        D278 11 0.1160 0.4507 0.4334 
        D282 11 0.0650 0.8558 0.0792 
        D296 11 0.2571 0.1057 0.6372 
        D297 11 0.2795 0.2678 0.4527 
        D298 11 0.3605 0.1221 0.5174 
        D299 11 0.1656 0.1954 0.6389 
        D300 11 0.2483 0.1638 0.5880 
        D382 11 0.2506 0.2411 0.5083 
        D383 11 0.0472 0.5039 0.4489 
        D387 11 0.1231 0.1829 0.6940 
        D388 11 0.8130 0.0638 0.1232 
        D389 11 0.3640 0.1424 0.4936 
        D390 11 0.6433 0.0705 0.2862 
        D396 11 0.7365 0.0897 0.1738 
        D397 11 0.0881 0.8251 0.0868 
        D398 11 0.0713 0.3681 0.5605 
        D399 11 0.7019 0.2285 0.0696 
        D437 11 0.2875 0.6189 0.0936 
        D441 11 0.1147 0.0521 0.8332 
        D442 11 0.2521 0.3150 0.4329 
        D443 11 0.0443 0.0310 0.9247 
        D444 11 0.6097 0.1660 0.2243 
        D445 11 0.4293 0.5070 0.0638 
        D446 11 0.5430 0.3766 0.0804 
        D451 11 0.3443 0.2795 0.3762 
        D452 11 0.4716 0.2296 0.2988 
        D453 11 0.7918 0.1160 0.0922 
        D454 11 0.1904 0.6947 0.1148 
        D457 11 0.1616 0.4731 0.3653 
        D458 11 0.2812 0.1545 0.5642 
        D466 11 0.5927 0.3126 0.0947 
        D467 11 0.1103 0.2060 0.6838 
        D475 11 0.0673 0.8786 0.0541 
        D488 11 0.6699 0.1168 0.2133 
        D489 11 0.3113 0.5512 0.1374 
        D493 11 0.4574 0.4404 0.1022 
        D494 11 0.6090 0.1739 0.2171 
        D495 11 0.2201 0.6694 0.1104 
        D496 11 0.1390 0.0389 0.8221 
        D674 11 0.1598 0.1508 0.6894 
        D675 11 0.2176 0.0357 0.7467 
        D676 11 0.1447 0.6444 0.2109 
        D680 11 0.0350 0.1804 0.7846 
        D701 11 0.4332 0.3300 0.2368 
        D702 11 0.3011 0.6356 0.0634 
        D703 11 0.3572 0.2988 0.3440 
        D704 11 0.2767 0.2854 0.4379 
        D705 11 0.5867 0.3885 0.0247 
        D706 11 0.1533 0.5376 0.3092 
        D707 11 0.4134 0.4216 0.1650 
        D751 11 0.3699 0.3157 0.3144 
        D752 11 0.1909 0.2077 0.6014 
        D753 11 0.8171 0.1208 0.0621 
        D773 11 0.0413 0.9405 0.0182 
        D774 11 0.5444 0.2079 0.2477 
        D801 11 0.4161 0.0831 0.5008 
        D802 11 0.7048 0.2087 0.0865 
        D803 11 0.0865 0.1025 0.8109 
        D804 11 0.5475 0.2306 0.2219 
        D805 11 0.2696 0.2979 0.4325 
        D806 11 0.0614 0.8914 0.0472 
        D809 11 0.2616 0.1924 0.5460 
        D810 11 0.1382 0.0478 0.8140 
        D812 11 0.3106 0.5113 0.1780 
        D813 11 0.2171 0.1803 0.6026 
        D823 11 0.2527 0.2447 0.5026 
        D824 11 0.2940 0.1892 0.5169 
        D829 11 0.7186 0.0762 0.2051 
        D830 11 0.4748 0.4522 0.0730 
        D831 11 0.2710 0.3487 0.3803 
        D832 11 0.2866 0.4046 0.3089 
        D833 11 0.2881 0.1148 0.5970 
        D834 11 0.3713 0.1752 0.4535 
        D835 11 0.0808 0.7362 0.1831 
        D855 11 0.2869 0.2349 0.4782 
        D863 11 0.0427 0.0410 0.9163 
        D864 11 0.1422 0.2220 0.6358 
        D878 11 0.2001 0.1417 0.6582 
        D879 11 0.1334 0.7853 0.0812 
        D880 11 0.6161 0.0441 0.3398 
        D881 11 0.0381 0.0788 0.8831 
        D882 11 0.6437 0.1119 0.2444 
        D909 11 0.5691 0.1568 0.2742 
        D921 11 0.1804 0.1736 0.6460 
        D924 11 0.2743 0.0650 0.6606 
        D935 11 0.5533 0.2478 0.1990 
        D940 11 0.0583 0.0400 0.9017 
        D941 11 0.2678 0.1138 0.6185 
        D942 11 0.0643 0.9004 0.0354 
        D980 11 0.5386 0.2888 0.1726 
        D981 11 0.1114 0.7970 0.0916 
        D982 11 0.8046 0.1147 0.0807 
        D983 11 0.1906 0.1183 0.6910 
        D984 11 0.5074 0.1300 0.3627 
        D992 11 0.1743 0.7754 0.0504 
        D993 11 0.2515 0.1559 0.5926 
        D994 11 0.2340 0.2852 0.4808 
        D995 11 0.1445 0.5948 0.2607 
        H354 11 0.3369 0.6110 0.0520 
        D005 12 0.4491 0.4710 0.0800 
        D035 12 0.1552 0.1910 0.6538 
        D067 12 0.4114 0.1590 0.4296 
        D134 12 0.1628 0.3317 0.5055 
        D135 12 0.5417 0.2468 0.2115 
        D136 12 0.7821 0.1644 0.0535 
        D137 12 0.7605 0.1613 0.0782 
        D138 12 0.2868 0.3045 0.4087 
        D139 12 0.6142 0.1098 0.2760 
        D140 12 0.3172 0.2097 0.4731 
        D141 12 0.0277 0.9485 0.0238 
        D150 12 0.0535 0.8215 0.1250 
        D177 12 0.5168 0.1707 0.3126 
        D178 12 0.9353 0.0352 0.0295 
        D179 12 0.7063 0.2245 0.0692 
        D180 12 0.7480 0.2037 0.0482 
        D187 12 0.1498 0.2546 0.5956 
        D188 12 0.0329 0.9420 0.0251 
        D191 12 0.0402 0.9064 0.0534 
        D418 12 0.0626 0.9064 0.0310 
        D601 12 0.2169 0.7358 0.0473 
        D836 12 0.0944 0.8526 0.0530 
        D837 12 0.3271 0.2990 0.3740 
        D838 12 0.0895 0.0540 0.8565 
        D839 12 0.6802 0.1316 0.1881 
        D840 12 0.3187 0.1158 0.5655 
        D841 12 0.1693 0.3171 0.5136 
        D842 12 0.0214 0.9532 0.0254 
        D843 12 0.2231 0.1970 0.5800 
        D844 12 0.2195 0.6984 0.0821 
        D912 12 0.3855 0.0870 0.5275 
        D913 12 0.7420 0.1028 0.1553 
