        D174  1 0.0306 0.6509 0.0782 0.0886 0.1153 0.0365 
        D199  1 0.2628 0.1880 0.3276 0.1270 0.0558 0.0387 
        D203  1 0.2636 0.0679 0.2736 0.1502 0.1319 0.1128 
        D204  1 0.0307 0.0195 0.8432 0.0297 0.0243 0.0526 
     D237366  1 0.0716 0.0632 0.0803 0.1720 0.2763 0.3366 
     D237367  1 0.0400 0.0314 0.5198 0.2054 0.1348 0.0686 
     D237368  1 0.0590 0.0758 0.1469 0.1550 0.5317 0.0315 
     D244101  1 0.1668 0.0243 0.4539 0.1317 0.0267 0.1965 
     D244102  1 0.0810 0.1170 0.1593 0.1556 0.1684 0.3187 
     D244103  1 0.0408 0.0605 0.3077 0.3735 0.0968 0.1207 
     D244104  1 0.0351 0.1284 0.7305 0.0309 0.0473 0.0277 
     D244105  1 0.0291 0.0193 0.1074 0.3589 0.3173 0.1680 
     D244106  1 0.0837 0.7185 0.0515 0.0873 0.0249 0.0341 
     D244107  1 0.0875 0.0186 0.1276 0.1532 0.5695 0.0435 
     D244108  1 0.0564 0.4721 0.1375 0.0923 0.1887 0.0530 
     D244113  1 0.0428 0.6586 0.0249 0.0601 0.0423 0.1714 
     D244114  1 0.0907 0.1073 0.1269 0.3641 0.0444 0.2666 
     D244115  1 0.0283 0.3849 0.1639 0.1864 0.1891 0.0475 
     D267365  1 0.0568 0.3455 0.3933 0.0801 0.0664 0.0578 
        D404  1 0.0397 0.5850 0.0380 0.0812 0.0342 0.2220 
        D405  1 0.1251 0.1882 0.1361 0.1612 0.0848 0.3047 
        D406  1 0.0140 0.0300 0.0598 0.0187 0.8494 0.0281 
        D407  1 0.0455 0.0302 0.6985 0.1375 0.0703 0.0181 
        D408  1 0.0503 0.7489 0.0524 0.0659 0.0313 0.0513 
        D409  1 0.0362 0.0571 0.1380 0.6411 0.0508 0.0769 
        D410  1 0.0118 0.0282 0.1123 0.0483 0.7774 0.0221 
        D421  1 0.0298 0.0151 0.9076 0.0253 0.0129 0.0093 
        D422  1 0.0282 0.0195 0.0549 0.0687 0.8139 0.0148 
        D423  1 0.0382 0.0144 0.0786 0.0436 0.8104 0.0148 
        D424  1 0.0152 0.0367 0.6441 0.2212 0.0470 0.0358 
        D425  1 0.0388 0.2038 0.4887 0.1659 0.0444 0.0585 
        D426  1 0.0744 0.0294 0.1200 0.7330 0.0276 0.0156 
        D427  1 0.5460 0.1934 0.1880 0.0323 0.0249 0.0154 
        D428  1 0.0422 0.1572 0.5226 0.1214 0.1034 0.0532 
        D429  1 0.0591 0.3337 0.3596 0.0999 0.0520 0.0958 
        D430  1 0.1420 0.2011 0.1029 0.4304 0.0506 0.0731 
        D491  1 0.0180 0.8379 0.0868 0.0238 0.0164 0.0171 
        D492  1 0.0336 0.2486 0.2989 0.2039 0.1320 0.0830 
        D537  1 0.0173 0.0278 0.8131 0.0581 0.0501 0.0336 
        D538  1 0.0898 0.1337 0.0854 0.3149 0.2580 0.1182 
        D539  1 0.1476 0.2761 0.0617 0.1362 0.1706 0.2077 
        D540  1 0.0494 0.0711 0.4579 0.2708 0.1014 0.0494 
        D541  1 0.0246 0.0178 0.9011 0.0238 0.0188 0.0140 
        D551  1 0.3178 0.0415 0.0932 0.4781 0.0316 0.0380 
        D552  1 0.0414 0.2394 0.2535 0.0832 0.3367 0.0458 
        D553  1 0.0149 0.0255 0.8994 0.0262 0.0190 0.0151 
        D615  1 0.1233 0.1023 0.4356 0.1459 0.1396 0.0533 
        D616  1 0.1290 0.0690 0.2763 0.2265 0.2773 0.0219 
        D621  1 0.0279 0.0861 0.0301 0.0478 0.6569 0.1511 
        D622  1 0.0193 0.0373 0.0535 0.0756 0.7708 0.0435 
        D623  1 0.1581 0.3772 0.0390 0.0995 0.0342 0.2920 
        D624  1 0.0223 0.8153 0.0464 0.0834 0.0159 0.0167 
        D625  1 0.0161 0.0736 0.7161 0.0759 0.0836 0.0346 
        D626  1 0.0512 0.4129 0.1329 0.1043 0.2088 0.0898 
        D627  1 0.0672 0.0484 0.0734 0.7518 0.0286 0.0306 
        D690  1 0.0099 0.0540 0.8200 0.0292 0.0670 0.0198 
        D691  1 0.0243 0.0321 0.1028 0.0539 0.7370 0.0500 
        D710  1 0.0429 0.1917 0.3736 0.1510 0.1350 0.1058 
        D711  1 0.0217 0.0396 0.7897 0.0477 0.0442 0.0570 
        D712  1 0.0497 0.7457 0.0406 0.0471 0.0519 0.0649 
        D713  1 0.0197 0.2637 0.2178 0.1374 0.0964 0.2650 
        D746  1 0.0169 0.0182 0.0563 0.0265 0.8618 0.0203 
        D747  1 0.0234 0.0194 0.9131 0.0143 0.0134 0.0163 
        D748  1 0.0199 0.0489 0.4109 0.1129 0.2641 0.1433 
        D749  1 0.0375 0.1194 0.0341 0.2138 0.4989 0.0963 
        D750  1 0.0225 0.6739 0.1545 0.0394 0.0804 0.0293 
        D763  1 0.2024 0.0328 0.2016 0.2014 0.0967 0.2650 
        D764  1 0.0214 0.2331 0.5405 0.0587 0.1299 0.0164 
        D765  1 0.0237 0.2029 0.0804 0.1455 0.5135 0.0340 
        D766  1 0.0214 0.0614 0.2629 0.0942 0.4771 0.0829 
        D767  1 0.0654 0.0371 0.1467 0.0924 0.1105 0.5480 
        D768  1 0.0156 0.0154 0.8995 0.0398 0.0166 0.0131 
        D811  1 0.0251 0.5052 0.0507 0.1832 0.0960 0.1398 
        D816  1 0.0120 0.0389 0.8933 0.0206 0.0142 0.0210 
        D825  1 0.0152 0.4714 0.1463 0.1379 0.1716 0.0576 
        D866  1 0.4099 0.3356 0.0596 0.1102 0.0529 0.0318 
        D867  1 0.0358 0.0234 0.0276 0.0863 0.7441 0.0827 
        D871  1 0.0256 0.0661 0.1114 0.6988 0.0241 0.0740 
        D872  1 0.0501 0.0489 0.4482 0.1065 0.2096 0.1367 
        D873  1 0.0120 0.0149 0.0074 0.0177 0.9344 0.0136 
        D874  1 0.0287 0.2000 0.1645 0.0671 0.0181 0.5216 
        D875  1 0.0138 0.0226 0.1051 0.7460 0.0688 0.0437 
        D876  1 0.0232 0.1279 0.6212 0.0905 0.0595 0.0778 
        D877  1 0.0305 0.4783 0.0716 0.1526 0.0141 0.2529 
        D892  1 0.0195 0.2000 0.3998 0.1004 0.1033 0.1770 
        D893  1 0.0512 0.0312 0.6387 0.0915 0.0623 0.1251 
        D894  1 0.0524 0.1160 0.5826 0.1294 0.0512 0.0683 
        D915  1 0.0278 0.0586 0.6317 0.0947 0.1510 0.0362 
        D916  1 0.0137 0.0198 0.9000 0.0300 0.0246 0.0120 
        D917  1 0.0836 0.4100 0.2009 0.1593 0.0413 0.1050 
        D925  1 0.0209 0.0761 0.1206 0.0293 0.7361 0.0171 
        D926  1 0.0275 0.1457 0.4759 0.2165 0.0712 0.0632 
        D927  1 0.2517 0.0847 0.3866 0.1655 0.0341 0.0774 
        D928  1 0.0126 0.8362 0.0974 0.0219 0.0147 0.0172 
        D929  1 0.0187 0.0650 0.0372 0.0640 0.0553 0.7597 
        D936  1 0.0633 0.0464 0.5977 0.0665 0.0237 0.2025 
        D938  1 0.0132 0.0178 0.0235 0.0182 0.8963 0.0309 
        D956  1 0.0351 0.7468 0.0339 0.0922 0.0330 0.0590 
        D957  1 0.0403 0.0597 0.3118 0.0978 0.3604 0.1299 
        D958  1 0.0212 0.1357 0.4576 0.0876 0.2240 0.0739 
        D959  1 0.0177 0.0219 0.6697 0.1863 0.0935 0.0110 
        D960  1 0.0139 0.0314 0.0208 0.0299 0.8805 0.0235 
        D989  1 0.1476 0.6627 0.0631 0.0584 0.0236 0.0445 
        D990  1 0.0537 0.0369 0.0130 0.0341 0.8415 0.0208 
        D023  2 0.0211 0.0201 0.0967 0.0790 0.7696 0.0135 
        D130  2 0.0293 0.0184 0.0990 0.0705 0.7268 0.0560 
        D131  2 0.0675 0.0545 0.3019 0.4508 0.0571 0.0682 
        D163  2 0.0173 0.0365 0.0973 0.0833 0.7380 0.0277 
        D164  2 0.4470 0.0112 0.0157 0.0284 0.4839 0.0139 
        D165  2 0.0378 0.0188 0.0425 0.0889 0.7908 0.0212 
        D166  2 0.0410 0.0241 0.0589 0.3320 0.0661 0.4779 
        D167  2 0.8913 0.0349 0.0155 0.0196 0.0175 0.0211 
        D192  2 0.9263 0.0147 0.0099 0.0152 0.0144 0.0195 
        D193  2 0.0506 0.3948 0.0381 0.1687 0.0571 0.2907 
        D206  2 0.2305 0.0375 0.3492 0.2287 0.0930 0.0611 
        D207  2 0.7242 0.0283 0.0421 0.1305 0.0241 0.0509 
        D208  2 0.2619 0.3964 0.0624 0.1088 0.0501 0.1205 
        D209  2 0.2771 0.0423 0.0935 0.3510 0.0776 0.1585 
        D210  2 0.2190 0.6027 0.0786 0.0414 0.0299 0.0284 
     D229599  2 0.0614 0.1082 0.2154 0.2023 0.0795 0.3332 
     D229600  2 0.3025 0.0192 0.0394 0.0989 0.4979 0.0421 
     D237227  2 0.0630 0.6118 0.0501 0.0909 0.1488 0.0354 
     D237228  2 0.0778 0.2986 0.0168 0.1595 0.4151 0.0322 
     D237258  2 0.2188 0.1377 0.1019 0.1828 0.2435 0.1152 
     D237310  2 0.0440 0.0575 0.0182 0.1972 0.5602 0.1229 
     D237311  2 0.1509 0.0491 0.0216 0.0770 0.6693 0.0322 
     D237312  2 0.0236 0.1055 0.0365 0.1812 0.2879 0.3652 
     D237313  2 0.0507 0.1589 0.3526 0.1589 0.1596 0.1194 
     D237322  2 0.1841 0.1163 0.0433 0.3454 0.0660 0.2450 
     D237323  2 0.0331 0.1308 0.0171 0.0520 0.7064 0.0606 
     D237324  2 0.2006 0.0190 0.0447 0.4334 0.2434 0.0589 
     D237325  2 0.0550 0.0890 0.0609 0.1842 0.4582 0.1527 
     D237326  2 0.0409 0.0657 0.1379 0.0879 0.6373 0.0303 
     D237327  2 0.4071 0.0547 0.0731 0.2676 0.0534 0.1441 
     D237337  2 0.0165 0.0529 0.0467 0.0732 0.7665 0.0443 
     D237338  2 0.0830 0.1638 0.0822 0.1811 0.2713 0.2187 
     D237339  2 0.2793 0.0285 0.1064 0.1230 0.0255 0.4373 
     D237340  2 0.1936 0.2281 0.0264 0.0970 0.3647 0.0901 
     D237389  2 0.0686 0.0341 0.0264 0.1299 0.6432 0.0979 
     D237390  2 0.0318 0.1032 0.0744 0.1441 0.3190 0.3275 
     D244017  2 0.2879 0.4158 0.0317 0.1600 0.0480 0.0566 
     D244112  2 0.8437 0.0180 0.0133 0.0536 0.0441 0.0273 
     D244118  2 0.5064 0.0204 0.0130 0.0244 0.3921 0.0438 
     D244119  2 0.3028 0.6105 0.0264 0.0197 0.0271 0.0135 
     D244120  2 0.5799 0.1170 0.0116 0.0818 0.0295 0.1803 
     D244122  2 0.7737 0.0384 0.0295 0.0519 0.0518 0.0546 
        D291  2 0.4100 0.0392 0.1011 0.3010 0.0809 0.0677 
        D292  2 0.4073 0.1129 0.2884 0.0732 0.0438 0.0744 
        D293  2 0.7483 0.0162 0.0944 0.0880 0.0092 0.0439 
        D322  2 0.5022 0.0309 0.1874 0.1513 0.0344 0.0938 
        D323  2 0.1273 0.0761 0.2052 0.3073 0.0644 0.2197 
        D324  2 0.2074 0.1031 0.2834 0.2424 0.1336 0.0302 
        D325  2 0.8909 0.0116 0.0244 0.0359 0.0150 0.0222 
        D326  2 0.0137 0.0228 0.9138 0.0251 0.0108 0.0137 
        D340  2 0.9135 0.0149 0.0231 0.0198 0.0164 0.0123 
        D341  2 0.7984 0.0319 0.0356 0.0403 0.0366 0.0572 
        D342  2 0.6037 0.0266 0.0262 0.1698 0.1353 0.0385 
        D343  2 0.9422 0.0094 0.0127 0.0172 0.0074 0.0111 
        D344  2 0.0434 0.0387 0.2647 0.1662 0.0308 0.4562 
        D345  2 0.0604 0.0673 0.3354 0.1513 0.2504 0.1353 
        D346  2 0.0760 0.7459 0.0643 0.0478 0.0275 0.0386 
        D351  2 0.1162 0.0318 0.3363 0.3257 0.0702 0.1199 
        D352  2 0.0583 0.0847 0.0463 0.2550 0.0372 0.5185 
        D353  2 0.0295 0.0181 0.1501 0.6946 0.0160 0.0917 
        D354  2 0.0163 0.1182 0.2015 0.1079 0.0606 0.4954 
        D362  2 0.0223 0.0343 0.8213 0.0558 0.0421 0.0241 
        D363  2 0.0194 0.0763 0.8070 0.0414 0.0364 0.0195 
        D364  2 0.0220 0.0688 0.4751 0.1254 0.0569 0.2518 
        D365  2 0.9027 0.0190 0.0305 0.0202 0.0108 0.0168 
        D369  2 0.2805 0.2233 0.2676 0.1124 0.0872 0.0291 
        D374  2 0.0135 0.8517 0.0175 0.0345 0.0204 0.0624 
        D375  2 0.0135 0.0219 0.0661 0.1474 0.0271 0.7239 
        D376  2 0.0217 0.8075 0.0154 0.0424 0.0337 0.0792 
        D377  2 0.1180 0.1749 0.0576 0.2363 0.2213 0.1918 
        D378  2 0.2846 0.0257 0.2924 0.1954 0.0539 0.1479 
        D379  2 0.0179 0.0295 0.8439 0.0467 0.0220 0.0401 
        D384  2 0.0135 0.0368 0.9106 0.0150 0.0112 0.0130 
        D385  2 0.7948 0.0371 0.0245 0.0396 0.0168 0.0873 
        D386  2 0.0630 0.0235 0.3371 0.1640 0.0609 0.3516 
        D391  2 0.8365 0.0178 0.0429 0.0349 0.0247 0.0432 
        D392  2 0.7349 0.0459 0.0798 0.0460 0.0642 0.0290 
        D393  2 0.1763 0.0277 0.5394 0.0619 0.0618 0.1329 
        D394  2 0.0743 0.0607 0.1178 0.1710 0.3547 0.2214 
        D395  2 0.2419 0.0277 0.0262 0.2808 0.0239 0.3994 
        D401  2 0.0237 0.0498 0.0207 0.0652 0.8267 0.0139 
        D402  2 0.8927 0.0146 0.0212 0.0238 0.0140 0.0337 
        D403  2 0.0408 0.0241 0.3094 0.4174 0.0462 0.1620 
        D415  2 0.0206 0.0183 0.6440 0.2334 0.0489 0.0348 
        D435  2 0.2090 0.0224 0.6220 0.0513 0.0555 0.0397 
        D436  2 0.0323 0.0619 0.2564 0.1233 0.0297 0.4964 
        D438  2 0.9209 0.0180 0.0130 0.0195 0.0163 0.0124 
        D439  2 0.0802 0.0216 0.1786 0.2435 0.0451 0.4310 
        D449  2 0.4961 0.0244 0.1669 0.2579 0.0286 0.0260 
        D450  2 0.0395 0.2461 0.1581 0.2368 0.0731 0.2464 
        D456  2 0.0134 0.0176 0.9101 0.0336 0.0132 0.0120 
        D462  2 0.8554 0.0132 0.0344 0.0320 0.0127 0.0523 
        D463  2 0.0113 0.0205 0.9220 0.0150 0.0136 0.0175 
        D464  2 0.0466 0.0422 0.0803 0.4907 0.0230 0.3172 
        D465  2 0.3631 0.0280 0.3526 0.1503 0.0692 0.0367 
        D473  2 0.0489 0.6157 0.0283 0.0652 0.1356 0.1063 
        D474  2 0.1267 0.1059 0.6128 0.0533 0.0726 0.0286 
        D476  2 0.0829 0.0124 0.0594 0.1095 0.3800 0.3557 
        D477  2 0.0444 0.1149 0.4935 0.0974 0.0500 0.1998 
        D478  2 0.0619 0.1657 0.0838 0.4037 0.1407 0.1442 
        D480  2 0.1551 0.1149 0.4222 0.1342 0.0262 0.1474 
        D481  2 0.0598 0.1422 0.3502 0.1567 0.1396 0.1515 
        D482  2 0.0817 0.2006 0.0350 0.1385 0.0889 0.4553 
        D483  2 0.8489 0.0633 0.0171 0.0258 0.0251 0.0200 
        D484  2 0.0486 0.0343 0.0153 0.0421 0.0193 0.8404 
        D510  2 0.0485 0.8307 0.0216 0.0290 0.0248 0.0455 
        D511  2 0.0685 0.0235 0.3081 0.1282 0.0629 0.4087 
        D512  2 0.1241 0.0191 0.0471 0.1576 0.5664 0.0857 
        D513  2 0.5672 0.0588 0.1723 0.1259 0.0386 0.0372 
        D635  2 0.0363 0.0407 0.4476 0.1545 0.3001 0.0208 
        D636  2 0.0119 0.0192 0.0310 0.0433 0.8812 0.0135 
        D637  2 0.2008 0.1013 0.0423 0.1646 0.0432 0.4478 
        D658  2 0.5034 0.1020 0.0235 0.0675 0.0517 0.2519 
        D659  2 0.0331 0.0327 0.8085 0.0703 0.0294 0.0261 
        D677  2 0.1071 0.0279 0.5113 0.1113 0.1183 0.1242 
        D678  2 0.5662 0.0349 0.0250 0.2423 0.0622 0.0694 
        D679  2 0.0901 0.0481 0.6398 0.1318 0.0344 0.0559 
        D719  2 0.2153 0.4316 0.2569 0.0458 0.0197 0.0308 
        D720  2 0.0304 0.0739 0.8184 0.0306 0.0266 0.0201 
        D721  2 0.0600 0.0303 0.1124 0.1570 0.6023 0.0381 
        D722  2 0.0543 0.6908 0.0405 0.0946 0.0504 0.0693 
        D734  2 0.1203 0.3760 0.0379 0.0593 0.0177 0.3889 
        D735  2 0.0930 0.1342 0.3296 0.2046 0.1405 0.0981 
        D736  2 0.1570 0.5258 0.1040 0.0828 0.0735 0.0569 
        D737  2 0.5088 0.0532 0.0287 0.0765 0.0865 0.2464 
        D807  2 0.1426 0.3619 0.2366 0.0732 0.0678 0.1180 
        D808  2 0.2164 0.0373 0.0884 0.3353 0.1969 0.1257 
        D817  2 0.0252 0.0675 0.6665 0.0830 0.0415 0.1164 
        D818  2 0.4038 0.0333 0.0566 0.3579 0.0414 0.1071 
        D819  2 0.0540 0.0731 0.3157 0.2433 0.2115 0.1025 
        D820  2 0.0452 0.0222 0.8056 0.0475 0.0156 0.0640 
        D895  2 0.0347 0.0441 0.5680 0.1519 0.1442 0.0571 
        D896  2 0.0163 0.0392 0.0232 0.0268 0.8588 0.0357 
        D897  2 0.5683 0.0369 0.0504 0.2332 0.0442 0.0671 
        D898  2 0.0504 0.1005 0.1012 0.3687 0.0944 0.2847 
        D918  2 0.1606 0.0783 0.0514 0.2545 0.1710 0.2843 
        D919  2 0.1873 0.0256 0.2860 0.1743 0.0214 0.3053 
        D920  2 0.0288 0.0309 0.0262 0.0456 0.8271 0.0414 
        D923  2 0.0320 0.0228 0.7834 0.0708 0.0215 0.0694 
        D930  2 0.0510 0.1991 0.3386 0.1964 0.0609 0.1539 
        D931  2 0.1614 0.0865 0.3896 0.1137 0.0388 0.2100 
        D968  2 0.9199 0.0138 0.0244 0.0183 0.0092 0.0144 
        D969  2 0.3532 0.0876 0.3361 0.1151 0.0412 0.0667 
        D977  2 0.7692 0.0219 0.0286 0.1136 0.0240 0.0427 
        D978  2 0.3145 0.0681 0.0527 0.3908 0.0228 0.1511 
        D211  3 0.0465 0.0307 0.0968 0.1698 0.4174 0.2389 
     D229639  3 0.5186 0.2632 0.0606 0.0790 0.0400 0.0386 
     D237212  3 0.1857 0.0445 0.1574 0.1716 0.1101 0.3307 
     D237213  3 0.0507 0.0281 0.1314 0.2257 0.2167 0.3473 
     D237214  3 0.0175 0.0507 0.0914 0.4452 0.3552 0.0400 
     D237215  3 0.7704 0.1308 0.0142 0.0241 0.0243 0.0362 
     D237216  3 0.0217 0.0307 0.0536 0.7130 0.1062 0.0747 
     D237217  3 0.0644 0.0159 0.1578 0.3681 0.3507 0.0430 
     D237218  3 0.1798 0.1086 0.1140 0.1975 0.0667 0.3334 
     D237219  3 0.0639 0.1590 0.0606 0.1824 0.4710 0.0631 
     D237382  3 0.0653 0.1523 0.1572 0.2690 0.1116 0.2446 
     D244127  3 0.1259 0.0247 0.0399 0.1239 0.6136 0.0720 
     D244129  3 0.1036 0.0555 0.2101 0.2537 0.2259 0.1513 
     D244133  3 0.2345 0.2460 0.1506 0.2321 0.1007 0.0361 
     D244134  3 0.1839 0.5039 0.0488 0.0895 0.1415 0.0325 
     D244135  3 0.0683 0.0239 0.0533 0.1334 0.6694 0.0518 
     D244136  3 0.1328 0.3526 0.2785 0.1313 0.0604 0.0444 
        D416  3 0.2000 0.0429 0.2169 0.2629 0.1553 0.1220 
        D417  3 0.0198 0.0259 0.7859 0.0520 0.0507 0.0657 
        D419  3 0.1574 0.1360 0.1878 0.1941 0.2334 0.0913 
        D565  3 0.0196 0.8801 0.0480 0.0204 0.0160 0.0159 
        D566  3 0.2717 0.5367 0.0584 0.0739 0.0354 0.0239 
        D567  3 0.0395 0.0255 0.7030 0.0596 0.1190 0.0533 
        D568  3 0.1259 0.0209 0.3174 0.1224 0.2093 0.2043 
        D569  3 0.1057 0.0402 0.0408 0.1987 0.0729 0.5417 
        D573  3 0.7405 0.0277 0.1105 0.0787 0.0195 0.0231 
        D574  3 0.0697 0.6007 0.0621 0.1255 0.0838 0.0583 
        D575  3 0.0972 0.2390 0.1783 0.1501 0.2736 0.0617 
        D576  3 0.8536 0.0437 0.0073 0.0411 0.0229 0.0314 
        D577  3 0.0360 0.0563 0.6524 0.0873 0.0760 0.0921 
        D578  3 0.0353 0.0159 0.0168 0.2659 0.6463 0.0199 
        D579  3 0.1484 0.2942 0.2574 0.1081 0.0913 0.1006 
        D660  3 0.4390 0.0289 0.0263 0.2419 0.1588 0.1051 
        D661  3 0.4944 0.0273 0.0438 0.1704 0.0496 0.2144 
        D663  3 0.7496 0.0235 0.0410 0.1358 0.0157 0.0343 
        D664  3 0.1668 0.1136 0.0282 0.2344 0.3512 0.1058 
        D665  3 0.0471 0.0142 0.0174 0.4642 0.1821 0.2749 
        D666  3 0.0469 0.2256 0.1760 0.1840 0.2554 0.1121 
        D009  4 0.0190 0.0250 0.1189 0.2209 0.2414 0.3747 
        D057  4 0.2695 0.0292 0.0401 0.0850 0.1760 0.4002 
        D109  4 0.0291 0.0738 0.0471 0.2361 0.5410 0.0729 
     D237222  4 0.0356 0.1249 0.0412 0.0842 0.6196 0.0945 
     D237223  4 0.1200 0.1293 0.0805 0.2078 0.3044 0.1580 
     D237224  4 0.2890 0.0688 0.2246 0.1046 0.0511 0.2620 
     D237225  4 0.0357 0.0552 0.1877 0.3191 0.1223 0.2801 
     D237299  4 0.0439 0.0418 0.0201 0.5920 0.0813 0.2210 
     D237300  4 0.7656 0.0702 0.0196 0.0784 0.0277 0.0384 
     D237306  4 0.0394 0.6021 0.1211 0.0864 0.0785 0.0725 
     D237307  4 0.0775 0.2750 0.4586 0.1027 0.0532 0.0331 
     D237308  4 0.4350 0.0999 0.0714 0.0768 0.1831 0.1338 
     D237309  4 0.0555 0.0300 0.2509 0.2983 0.1318 0.2335 
     D237317  4 0.0378 0.4753 0.2163 0.1676 0.0449 0.0581 
     D237318  4 0.8701 0.0239 0.0203 0.0570 0.0128 0.0159 
     D237319  4 0.0788 0.0770 0.1484 0.2886 0.2608 0.1464 
     D237320  4 0.2579 0.0503 0.1460 0.1351 0.3074 0.1033 
     D237321  4 0.6170 0.1098 0.0520 0.1053 0.0600 0.0560 
     D237397  4 0.2045 0.2984 0.1180 0.1128 0.1678 0.0986 
     D237398  4 0.4689 0.0370 0.1353 0.2348 0.0368 0.0871 
     D237399  4 0.1422 0.3183 0.1716 0.1176 0.0787 0.1716 
     D244001  4 0.1179 0.0441 0.0513 0.1133 0.4921 0.1813 
        D289  4 0.1627 0.3447 0.1295 0.0993 0.0477 0.2161 
        D290  4 0.0588 0.0318 0.0963 0.2899 0.0396 0.4837 
        D294  4 0.0401 0.0387 0.1409 0.2220 0.0242 0.5341 
        D295  4 0.0420 0.0739 0.4609 0.1023 0.0957 0.2252 
        D301  4 0.0663 0.0532 0.0280 0.0435 0.7434 0.0656 
        D302  4 0.0190 0.0230 0.2458 0.0587 0.0303 0.6232 
        D303  4 0.0523 0.6834 0.0414 0.0492 0.0823 0.0914 
        D304  4 0.0875 0.1158 0.1160 0.3432 0.0281 0.3095 
        D305  4 0.0540 0.0148 0.0267 0.3891 0.0360 0.4793 
        D306  4 0.0288 0.0490 0.0499 0.6590 0.0422 0.1712 
        D307  4 0.0260 0.0576 0.0193 0.0382 0.7897 0.0691 
        D327  4 0.0408 0.0913 0.6685 0.1032 0.0311 0.0651 
        D328  4 0.0349 0.2740 0.0312 0.0767 0.0604 0.5229 
        D329  4 0.1261 0.0532 0.1039 0.1748 0.0654 0.4766 
        D330  4 0.0380 0.0238 0.4346 0.1845 0.1008 0.2182 
        D331  4 0.0954 0.1831 0.2615 0.1777 0.1105 0.1718 
        D333  4 0.1289 0.1491 0.0851 0.1048 0.1444 0.3878 
        D334  4 0.0193 0.6525 0.1280 0.0635 0.0568 0.0799 
        D335  4 0.0473 0.0352 0.5304 0.0760 0.0251 0.2860 
        D370  4 0.0367 0.3153 0.0577 0.1533 0.2264 0.2105 
        D371  4 0.0190 0.8074 0.1021 0.0346 0.0170 0.0198 
        D372  4 0.4576 0.0772 0.0151 0.3183 0.0232 0.1086 
        D373  4 0.0798 0.0255 0.0382 0.0642 0.7159 0.0763 
        D455  4 0.0419 0.0283 0.0358 0.0491 0.7236 0.1214 
        D490  4 0.0133 0.0188 0.0254 0.0256 0.8326 0.0844 
        D497  4 0.0296 0.0245 0.0188 0.0614 0.7565 0.1092 
        D498  4 0.1220 0.2418 0.1356 0.2089 0.1220 0.1698 
        D499  4 0.3870 0.1764 0.0335 0.2254 0.0375 0.1403 
        D514  4 0.0400 0.0232 0.3663 0.2048 0.0477 0.3180 
        D515  4 0.0650 0.0374 0.1025 0.1956 0.2502 0.3492 
        D516  4 0.1159 0.1266 0.3096 0.1456 0.2427 0.0595 
        D517  4 0.0658 0.0177 0.0644 0.2711 0.4624 0.1186 
        D518  4 0.0547 0.0898 0.0972 0.0721 0.1948 0.4913 
        D519  4 0.1339 0.0359 0.1077 0.2092 0.2970 0.2163 
        D560  4 0.1404 0.0264 0.1552 0.2054 0.1291 0.3435 
        D561  4 0.0565 0.0171 0.1103 0.6700 0.0804 0.0658 
        D562  4 0.1027 0.0807 0.0616 0.2544 0.1268 0.3738 
        D563  4 0.4053 0.0219 0.0613 0.1939 0.0960 0.2217 
        D572  4 0.0373 0.0338 0.1101 0.0677 0.0417 0.7093 
        D629  4 0.0570 0.0506 0.4267 0.1352 0.1946 0.1359 
        D630  4 0.0724 0.0800 0.1684 0.1558 0.0978 0.4257 
        D631  4 0.1482 0.0262 0.0351 0.0648 0.0298 0.6959 
        D632  4 0.1113 0.0253 0.0439 0.0467 0.6673 0.1055 
        D646  4 0.0815 0.0450 0.4012 0.1689 0.2016 0.1020 
        D647  4 0.0620 0.0157 0.5815 0.0730 0.0945 0.1733 
        D648  4 0.0211 0.1339 0.0216 0.0459 0.0302 0.7474 
        D649  4 0.0248 0.0240 0.5108 0.0696 0.2117 0.1591 
        D650  4 0.0568 0.1681 0.2842 0.1095 0.1500 0.2314 
        D708  4 0.0361 0.3096 0.0889 0.1733 0.0475 0.3446 
        D709  4 0.0437 0.0588 0.0751 0.3438 0.0801 0.3985 
        D738  4 0.0305 0.5390 0.1490 0.0657 0.1684 0.0474 
        D739  4 0.0368 0.0471 0.0439 0.2006 0.2002 0.4714 
        D740  4 0.0740 0.1658 0.0309 0.3484 0.1815 0.1993 
        D741  4 0.2251 0.0240 0.1650 0.3549 0.1055 0.1255 
        D742  4 0.4657 0.1537 0.0441 0.1397 0.0511 0.1457 
        D743  4 0.0414 0.0423 0.5499 0.0650 0.0252 0.2763 
        D744  4 0.0799 0.0245 0.1270 0.1162 0.0361 0.6162 
        D745  4 0.0348 0.0351 0.0523 0.1550 0.4376 0.2852 
        D814  4 0.2762 0.0216 0.0666 0.4352 0.0522 0.1483 
        D815  4 0.0355 0.0383 0.2523 0.1004 0.0507 0.5228 
        D828  4 0.0896 0.2227 0.0211 0.1538 0.0389 0.4739 
        D845  4 0.7520 0.1340 0.0281 0.0356 0.0163 0.0339 
        D846  4 0.1499 0.0137 0.2011 0.1595 0.0566 0.4192 
        D847  4 0.1200 0.1734 0.1320 0.1665 0.1461 0.2621 
        D848  4 0.1635 0.0236 0.0185 0.0878 0.6593 0.0473 
        D849  4 0.0395 0.0252 0.0634 0.2867 0.3293 0.2558 
        D850  4 0.1743 0.1027 0.2889 0.2527 0.1286 0.0527 
        D856  4 0.0437 0.0406 0.0587 0.5012 0.1625 0.1933 
        D857  4 0.0512 0.0299 0.0107 0.0565 0.8067 0.0451 
        D859  4 0.0635 0.0409 0.0953 0.0708 0.0303 0.6992 
        D860  4 0.2192 0.5273 0.1298 0.0472 0.0269 0.0496 
        D883  4 0.0505 0.1419 0.3198 0.0959 0.2148 0.1772 
        D884  4 0.0297 0.0906 0.1717 0.1522 0.2255 0.3303 
        D885  4 0.1273 0.0432 0.1379 0.4147 0.1008 0.1761 
        D886  4 0.0739 0.0358 0.2357 0.1304 0.3382 0.1859 
        D887  4 0.2674 0.1040 0.0983 0.1444 0.1022 0.2837 
        D889  4 0.1508 0.0368 0.0523 0.3148 0.0149 0.4304 
        D890  4 0.0613 0.2707 0.0842 0.1363 0.1979 0.2495 
        D891  4 0.9109 0.0151 0.0157 0.0287 0.0134 0.0162 
        D899  4 0.6213 0.1310 0.0354 0.0820 0.0314 0.0989 
        D900  4 0.0825 0.0918 0.2285 0.2603 0.0899 0.2469 
        D970  4 0.0770 0.0704 0.2073 0.1755 0.0610 0.4087 
        D971  4 0.4992 0.0611 0.1117 0.1540 0.0861 0.0878 
        D979  4 0.0375 0.0325 0.5979 0.0713 0.0217 0.2392 
        D093  5 0.0307 0.8208 0.0413 0.0379 0.0304 0.0389 
        D154  5 0.3709 0.0798 0.0380 0.3459 0.0276 0.1378 
        D168  5 0.2996 0.0241 0.1427 0.2844 0.1664 0.0828 
        D189  5 0.1774 0.5132 0.0523 0.1306 0.0284 0.0982 
        D190  5 0.0347 0.7935 0.0383 0.0460 0.0236 0.0640 
     D237220  5 0.0496 0.1544 0.0345 0.1658 0.2785 0.3171 
     D237221  5 0.2124 0.4463 0.1040 0.0882 0.0579 0.0913 
     D237274  5 0.0394 0.0215 0.7143 0.0955 0.0282 0.1011 
     D237275  5 0.7955 0.0385 0.0161 0.0793 0.0248 0.0458 
     D237276  5 0.0607 0.2202 0.2011 0.1274 0.1904 0.2002 
     D237277  5 0.0892 0.7235 0.0534 0.0519 0.0278 0.0542 
     D237278  5 0.3097 0.2511 0.0404 0.1330 0.1676 0.0983 
     D237279  5 0.0329 0.0222 0.0480 0.3085 0.5567 0.0317 
     D237280  5 0.0216 0.0774 0.1622 0.1409 0.5175 0.0803 
     D237281  5 0.8474 0.0207 0.0365 0.0653 0.0144 0.0158 
     D237351  5 0.0312 0.0764 0.0342 0.0837 0.7328 0.0418 
     D237352  5 0.0678 0.0610 0.1572 0.1199 0.3696 0.2244 
     D237353  5 0.0314 0.8538 0.0355 0.0211 0.0213 0.0370 
     D237359  5 0.0705 0.1061 0.0593 0.2859 0.1527 0.3255 
     D237361  5 0.0195 0.8808 0.0226 0.0364 0.0201 0.0205 
     D237362  5 0.0862 0.2163 0.3546 0.1680 0.0843 0.0906 
     D237363  5 0.1024 0.0487 0.0700 0.7178 0.0333 0.0278 
     D237364  5 0.1675 0.0206 0.1060 0.1625 0.0803 0.4632 
     D237376  5 0.0523 0.3837 0.0146 0.0545 0.0256 0.4693 
     D237377  5 0.0331 0.1065 0.3208 0.1358 0.3663 0.0376 
     D237378  5 0.0715 0.6513 0.0167 0.0497 0.0283 0.1825 
     D237379  5 0.0325 0.3772 0.0344 0.1380 0.0366 0.3814 
     D237380  5 0.0146 0.0884 0.0398 0.0743 0.6899 0.0929 
     D237381  5 0.0673 0.0927 0.0881 0.1171 0.4797 0.1551 
     D237391  5 0.0274 0.8233 0.0498 0.0324 0.0395 0.0276 
     D237392  5 0.1594 0.0469 0.5593 0.0912 0.0631 0.0801 
     D237393  5 0.0833 0.2383 0.4552 0.0610 0.1173 0.0450 
     D237394  5 0.0149 0.8771 0.0356 0.0256 0.0257 0.0211 
     D237395  5 0.0980 0.4778 0.0492 0.1746 0.1126 0.0879 
     D237396  5 0.0856 0.1930 0.4431 0.1035 0.1510 0.0238 
     D244016  5 0.1352 0.3313 0.0569 0.2908 0.0396 0.1461 
     D244018  5 0.3771 0.2089 0.1194 0.1414 0.1121 0.0410 
     D244019  5 0.1386 0.0827 0.3425 0.2870 0.0338 0.1155 
        D279  5 0.1957 0.1227 0.0497 0.2562 0.0760 0.2996 
        D280  5 0.1899 0.2987 0.1251 0.2445 0.0809 0.0609 
        D281  5 0.7123 0.0895 0.0226 0.1280 0.0132 0.0344 
        D283  5 0.0848 0.5785 0.1875 0.0799 0.0324 0.0369 
        D284  5 0.0836 0.0457 0.1144 0.3838 0.2202 0.1522 
        D285  5 0.0555 0.5868 0.0844 0.1094 0.0383 0.1255 
        D286  5 0.0578 0.2447 0.1128 0.1544 0.0624 0.3679 
        D287  5 0.0364 0.3308 0.0177 0.1066 0.0621 0.4464 
        D288  5 0.2337 0.1832 0.3112 0.1944 0.0342 0.0433 
        D308  5 0.0190 0.0264 0.1259 0.0487 0.7588 0.0213 
        D309  5 0.0153 0.0277 0.1445 0.0895 0.0602 0.6628 
        D310  5 0.0183 0.6788 0.0248 0.2327 0.0172 0.0282 
        D311  5 0.0453 0.1833 0.2350 0.2162 0.0406 0.2795 
        D312  5 0.0845 0.2975 0.1438 0.1322 0.0798 0.2623 
        D313  5 0.0110 0.0222 0.0121 0.0195 0.9245 0.0106 
        D314  5 0.1403 0.1205 0.0429 0.2164 0.0830 0.3969 
        D315  5 0.0646 0.3634 0.2393 0.1371 0.1090 0.0866 
        D317  5 0.0205 0.8744 0.0420 0.0244 0.0184 0.0203 
        D318  5 0.1332 0.1310 0.1573 0.3047 0.0916 0.1823 
        D319  5 0.0309 0.8345 0.0261 0.0433 0.0331 0.0321 
        D320  5 0.0257 0.8272 0.0334 0.0298 0.0255 0.0585 
        D321  5 0.0580 0.1123 0.1052 0.0529 0.6481 0.0235 
        D336  5 0.0193 0.7000 0.0334 0.0964 0.0206 0.1303 
        D337  5 0.0299 0.8844 0.0318 0.0164 0.0114 0.0260 
        D338  5 0.1053 0.2152 0.2004 0.2131 0.0982 0.1677 
        D339  5 0.0604 0.6841 0.0511 0.1075 0.0527 0.0442 
        D347  5 0.1063 0.1160 0.2691 0.2353 0.0318 0.2415 
        D348  5 0.0242 0.7875 0.0271 0.0519 0.0209 0.0884 
        D349  5 0.0207 0.0612 0.0416 0.0322 0.8131 0.0313 
        D350  5 0.0253 0.0167 0.0374 0.0573 0.0208 0.8425 
        D355  5 0.4393 0.0344 0.0854 0.3174 0.0219 0.1015 
        D356  5 0.0379 0.4095 0.2604 0.1054 0.0913 0.0953 
        D357  5 0.0740 0.2131 0.0843 0.3385 0.0567 0.2335 
        D358  5 0.0456 0.5677 0.0571 0.1151 0.1144 0.1001 
        D359  5 0.0178 0.4916 0.3514 0.0677 0.0200 0.0515 
        D360  5 0.0266 0.6105 0.1142 0.0975 0.0873 0.0639 
        D361  5 0.0205 0.0338 0.0581 0.0294 0.8418 0.0164 
        D366  5 0.2082 0.0261 0.6580 0.0589 0.0280 0.0207 
        D367  5 0.0265 0.5845 0.0220 0.1607 0.0577 0.1486 
        D368  5 0.0302 0.3740 0.1535 0.2027 0.1835 0.0562 
        D380  5 0.0641 0.0529 0.2122 0.2573 0.1266 0.2868 
        D381  5 0.0414 0.6223 0.0676 0.1996 0.0310 0.0380 
        D400  5 0.1625 0.2488 0.0919 0.1362 0.0419 0.3186 
        D411  5 0.0269 0.0190 0.0249 0.1140 0.7795 0.0357 
        D412  5 0.1864 0.1078 0.1013 0.3724 0.1402 0.0919 
        D413  5 0.7464 0.0329 0.0782 0.0646 0.0347 0.0432 
        D414  5 0.1140 0.0210 0.0372 0.0836 0.0219 0.7222 
        D420  5 0.1113 0.0740 0.0449 0.4746 0.2070 0.0881 
        D431  5 0.1289 0.1141 0.0211 0.1829 0.0893 0.4636 
        D432  5 0.0753 0.6390 0.0515 0.0837 0.0926 0.0579 
        D433  5 0.0840 0.6556 0.0845 0.0725 0.0497 0.0536 
        D434  5 0.0620 0.6070 0.1260 0.0947 0.0679 0.0425 
        D440  5 0.0182 0.0224 0.0333 0.0889 0.0310 0.8062 
        D447  5 0.0526 0.0263 0.4021 0.3217 0.0840 0.1132 
        D448  5 0.0707 0.5429 0.0991 0.1202 0.0190 0.1480 
        D459  5 0.7806 0.0390 0.0680 0.0549 0.0195 0.0380 
        D460  5 0.0221 0.0732 0.1265 0.0298 0.7298 0.0185 
        D461  5 0.0197 0.0320 0.1538 0.0424 0.0186 0.7335 
        D468  5 0.0654 0.2498 0.3053 0.2196 0.0870 0.0729 
        D469  5 0.0295 0.1085 0.5838 0.0754 0.0973 0.1054 
        D470  5 0.0692 0.1076 0.1076 0.1536 0.1608 0.4012 
        D471  5 0.0724 0.6228 0.0940 0.0920 0.0170 0.1018 
        D472  5 0.2541 0.0271 0.6632 0.0267 0.0133 0.0156 
        D479  5 0.7130 0.0320 0.0306 0.0576 0.0299 0.1368 
        D485  5 0.0529 0.1059 0.0386 0.1288 0.0429 0.6309 
        D486  5 0.0479 0.1452 0.2523 0.2875 0.1655 0.1016 
        D487  5 0.2050 0.2915 0.0268 0.1257 0.0380 0.3130 
        D555  5 0.0521 0.8605 0.0214 0.0242 0.0202 0.0215 
        D556  5 0.1354 0.1960 0.0613 0.1079 0.0994 0.4000 
        D557  5 0.0371 0.8549 0.0334 0.0298 0.0185 0.0263 
        D564  5 0.0352 0.3864 0.0706 0.1246 0.1231 0.2602 
        D594  5 0.0933 0.1451 0.2636 0.2805 0.0732 0.1444 
        D595  5 0.0955 0.3939 0.2058 0.1514 0.0910 0.0624 
        D596  5 0.0326 0.8842 0.0221 0.0190 0.0228 0.0193 
        D597  5 0.3343 0.3473 0.1480 0.0669 0.0324 0.0712 
        D598  5 0.0350 0.4860 0.1103 0.0837 0.1494 0.1356 
        D617  5 0.1427 0.0186 0.0317 0.1877 0.5789 0.0404 
        D618  5 0.0979 0.6372 0.0967 0.0576 0.0494 0.0613 
        D619  5 0.0690 0.2107 0.2816 0.1279 0.2738 0.0371 
        D620  5 0.8894 0.0218 0.0425 0.0157 0.0165 0.0141 
        D628  5 0.0262 0.1021 0.0586 0.1312 0.1085 0.5734 
        D714  5 0.1934 0.2863 0.0215 0.1280 0.0487 0.3221 
        D715  5 0.1016 0.6943 0.1113 0.0396 0.0223 0.0309 
        D716  5 0.1471 0.0971 0.1281 0.2121 0.0257 0.3899 
        D717  5 0.0590 0.2008 0.3855 0.1254 0.1288 0.1005 
        D718  5 0.0446 0.1249 0.0176 0.4052 0.0885 0.3191 
        D769  5 0.1323 0.0294 0.0332 0.2341 0.4279 0.1431 
        D770  5 0.1892 0.1836 0.0455 0.2035 0.0460 0.3322 
        D771  5 0.2656 0.1190 0.0505 0.2168 0.1306 0.2175 
        D772  5 0.0408 0.2384 0.0749 0.0650 0.0600 0.5209 
        D782  5 0.2401 0.0389 0.0438 0.3781 0.2816 0.0175 
        D783  5 0.2853 0.1225 0.0388 0.2298 0.0259 0.2977 
        D784  5 0.0539 0.1352 0.4807 0.1180 0.0504 0.1617 
        D785  5 0.0159 0.6884 0.0578 0.0538 0.0786 0.1054 
        D786  5 0.0497 0.0227 0.1975 0.0815 0.4573 0.1912 
        D821  5 0.0140 0.9086 0.0182 0.0238 0.0108 0.0246 
        D822  5 0.0729 0.1217 0.4474 0.2014 0.0420 0.1146 
        D826  5 0.2206 0.4335 0.0657 0.1408 0.0485 0.0908 
        D827  5 0.0881 0.0333 0.4369 0.3036 0.0397 0.0984 
        D851  5 0.0623 0.2331 0.1087 0.4098 0.0995 0.0866 
        D852  5 0.1715 0.2702 0.0253 0.0898 0.0692 0.3740 
        D853  5 0.0911 0.3605 0.0888 0.2151 0.0539 0.1906 
        D854  5 0.1579 0.0243 0.1632 0.3488 0.0596 0.2463 
        D861  5 0.1561 0.1942 0.0930 0.3499 0.1141 0.0926 
        D862  5 0.0354 0.3266 0.3383 0.1619 0.0405 0.0973 
        D865  5 0.0738 0.7316 0.0351 0.0645 0.0491 0.0458 
        D868  5 0.0312 0.1069 0.7238 0.0510 0.0395 0.0476 
        D869  5 0.0325 0.0176 0.0438 0.0729 0.8167 0.0164 
        D870  5 0.0359 0.0145 0.0856 0.8036 0.0358 0.0246 
        D907  5 0.0259 0.6785 0.0378 0.1351 0.0836 0.0392 
        D908  5 0.2877 0.3043 0.0203 0.0622 0.0770 0.2485 
        D910  5 0.2613 0.4336 0.1187 0.0789 0.0291 0.0785 
        D911  5 0.5315 0.0356 0.0663 0.3112 0.0154 0.0400 
        D934  5 0.1921 0.0703 0.0852 0.2280 0.0425 0.3819 
        D946  5 0.1030 0.0602 0.0213 0.1154 0.0524 0.6478 
        D947  5 0.0665 0.0525 0.1686 0.1628 0.0549 0.4947 
        D948  5 0.0217 0.1224 0.0758 0.0247 0.7366 0.0188 
        D949  5 0.0225 0.0559 0.0641 0.0416 0.7858 0.0300 
        D950  5 0.6076 0.0469 0.0625 0.2138 0.0143 0.0549 
        D951  5 0.0343 0.0465 0.3181 0.4522 0.0682 0.0807 
        D952  5 0.0516 0.0840 0.7314 0.0550 0.0312 0.0468 
        D953  5 0.0363 0.7273 0.0911 0.0545 0.0427 0.0480 
        D954  5 0.0231 0.3442 0.5127 0.0677 0.0264 0.0260 
        D961  5 0.0495 0.1790 0.0255 0.1784 0.0445 0.5231 
        D962  5 0.0124 0.4945 0.0525 0.0507 0.0267 0.3632 
        D963  5 0.0511 0.3240 0.3386 0.0917 0.0255 0.1691 
        D964  5 0.1025 0.0879 0.0419 0.2610 0.0978 0.4089 
        D965  5 0.0853 0.0616 0.0593 0.1432 0.0548 0.5959 
        D966  5 0.1561 0.2825 0.1713 0.1310 0.0371 0.2219 
        D967  5 0.2998 0.3166 0.0454 0.1400 0.1384 0.0598 
        D991  5 0.0323 0.1102 0.0665 0.0762 0.2325 0.4822 
        D502  6 0.0988 0.0130 0.0212 0.4929 0.0811 0.2930 
        D503  6 0.3617 0.0731 0.0387 0.2245 0.2392 0.0629 
        D504  6 0.0657 0.1219 0.4100 0.1631 0.1117 0.1276 
        D505  6 0.1378 0.3257 0.0870 0.1791 0.1139 0.1565 
        D506  6 0.0137 0.9102 0.0188 0.0295 0.0129 0.0150 
        D507  6 0.1022 0.0481 0.0655 0.1835 0.1359 0.4648 
        D508  6 0.0802 0.0314 0.1756 0.2388 0.0426 0.4315 
        D529  6 0.0546 0.1743 0.1571 0.3088 0.1820 0.1232 
        D530  6 0.0583 0.2233 0.0298 0.1933 0.1549 0.3403 
        D531  6 0.0771 0.1161 0.2973 0.2080 0.0599 0.2416 
        D532  6 0.0753 0.2654 0.3190 0.1842 0.0384 0.1176 
        D534  6 0.0241 0.0215 0.0415 0.0745 0.7874 0.0511 
        D535  6 0.0384 0.3989 0.2074 0.1590 0.1266 0.0696 
        D536  6 0.5774 0.0230 0.0249 0.2331 0.0943 0.0474 
        D554  6 0.0382 0.3240 0.0500 0.1736 0.1035 0.3106 
        D587  6 0.0462 0.7441 0.0932 0.0423 0.0390 0.0351 
        D588  6 0.0407 0.4711 0.1556 0.2175 0.0826 0.0325 
        D589  6 0.2455 0.1082 0.0462 0.4278 0.0754 0.0970 
        D590  6 0.7161 0.0429 0.0429 0.0914 0.0676 0.0391 
        D591  6 0.1824 0.1863 0.0927 0.3528 0.1297 0.0560 
        D592  6 0.0223 0.0589 0.0402 0.0491 0.8079 0.0215 
        D593  6 0.0472 0.1750 0.0174 0.1543 0.0608 0.5454 
        D682  6 0.0262 0.8450 0.0307 0.0477 0.0264 0.0239 
        D683  6 0.0246 0.2989 0.5331 0.0790 0.0356 0.0287 
        D684  6 0.1853 0.0185 0.0401 0.4947 0.2027 0.0587 
        D685  6 0.0605 0.0291 0.0128 0.7848 0.0338 0.0790 
        D686  6 0.0376 0.4904 0.0530 0.2422 0.0358 0.1410 
        D724  6 0.0696 0.0284 0.1578 0.1825 0.0838 0.4778 
        D725  6 0.1374 0.1100 0.0532 0.2076 0.0692 0.4227 
        D726  6 0.0133 0.8956 0.0187 0.0259 0.0202 0.0263 
        D727  6 0.3610 0.0853 0.2756 0.1913 0.0565 0.0302 
        D728  6 0.0284 0.6328 0.0626 0.0912 0.0606 0.1243 
        D729  6 0.1682 0.0200 0.2985 0.1690 0.3283 0.0159 
        D730  6 0.1176 0.0342 0.1633 0.1810 0.1575 0.3464 
        D731  6 0.1353 0.8064 0.0114 0.0181 0.0142 0.0147 
        D732  6 0.0436 0.0394 0.3277 0.0984 0.0559 0.4351 
        D733  6 0.0467 0.0557 0.0500 0.0900 0.1154 0.6421 
     D237251  7 0.3587 0.0478 0.0374 0.1128 0.0331 0.4103 
     D237252  7 0.1809 0.0231 0.0443 0.2257 0.2676 0.2583 
     D237253  7 0.2911 0.2363 0.0663 0.2022 0.0399 0.1643 
     D237254  7 0.0388 0.0167 0.0534 0.2052 0.6668 0.0191 
     D237255  7 0.7580 0.0459 0.0227 0.0947 0.0189 0.0599 
     D237256  7 0.3927 0.0339 0.0494 0.3068 0.0172 0.2001 
     D237257  7 0.0779 0.0333 0.0527 0.5579 0.1496 0.1286 
     D237282  7 0.1064 0.0223 0.5742 0.0993 0.1118 0.0860 
     D237283  7 0.0310 0.0274 0.0148 0.2052 0.6784 0.0431 
     D237284  7 0.0289 0.0215 0.0586 0.1186 0.7333 0.0391 
     D237285  7 0.2021 0.1640 0.0623 0.2013 0.0585 0.3118 
     D237286  7 0.1121 0.2037 0.1486 0.3054 0.0726 0.1577 
     D237287  7 0.4874 0.0452 0.1083 0.2267 0.0482 0.0842 
     D244006  7 0.0303 0.0154 0.0200 0.1064 0.7942 0.0337 
     D244007  7 0.4830 0.0420 0.1735 0.2024 0.0588 0.0403 
     D244008  7 0.0266 0.0466 0.0275 0.2592 0.6073 0.0328 
     D244009  7 0.0235 0.0794 0.0790 0.1112 0.3669 0.3400 
     D244010  7 0.0876 0.0470 0.0314 0.4784 0.1927 0.1629 
     D244011  7 0.0599 0.1828 0.0280 0.2872 0.0690 0.3732 
     D244012  7 0.2271 0.0273 0.0648 0.3963 0.0972 0.1873 
     D244013  7 0.3123 0.1394 0.0827 0.0857 0.0366 0.3433 
     D244014  7 0.0926 0.0526 0.0410 0.2167 0.2952 0.3018 
     D244015  7 0.0798 0.0275 0.1486 0.4320 0.2479 0.0643 
     D244125  7 0.1619 0.4141 0.1883 0.1159 0.0457 0.0740 
     D244126  7 0.0174 0.0091 0.0200 0.1368 0.6926 0.1240 
     D244130  7 0.0914 0.0725 0.0511 0.4394 0.2311 0.1144 
     D244131  7 0.0802 0.4051 0.1612 0.1069 0.1621 0.0846 
     D244132  7 0.0228 0.1822 0.2153 0.0981 0.0478 0.4338 
        D520  7 0.0254 0.0853 0.0667 0.5741 0.1612 0.0873 
        D521  7 0.1116 0.0437 0.1293 0.1694 0.1192 0.4267 
        D522  7 0.0460 0.0874 0.0915 0.0720 0.6338 0.0693 
        D523  7 0.5610 0.0939 0.0394 0.1308 0.0399 0.1349 
        D524  7 0.2615 0.2003 0.0775 0.1281 0.1182 0.2144 
        D525  7 0.2064 0.0393 0.0304 0.1532 0.5114 0.0594 
        D526  7 0.0260 0.0144 0.0807 0.1435 0.7133 0.0221 
        D527  7 0.0461 0.1022 0.1624 0.2131 0.1072 0.3691 
        D528  7 0.0083 0.0095 0.0101 0.9386 0.0178 0.0156 
        D558  7 0.0564 0.0220 0.0739 0.0581 0.0821 0.7076 
        D559  7 0.0417 0.0146 0.0447 0.0731 0.0467 0.7792 
        D640  7 0.1049 0.2459 0.1307 0.1363 0.0565 0.3257 
        D641  7 0.1215 0.3146 0.0254 0.1292 0.2379 0.1714 
        D642  7 0.1389 0.0576 0.0564 0.1220 0.5476 0.0775 
        D644  7 0.1058 0.2383 0.0862 0.1084 0.2652 0.1960 
        D645  7 0.1728 0.1702 0.1222 0.1811 0.1439 0.2098 
        D662  7 0.0150 0.1059 0.2216 0.0674 0.5612 0.0291 
        D687  7 0.0765 0.0804 0.0543 0.3999 0.0480 0.3409 
        D688  7 0.1043 0.0236 0.2868 0.1888 0.1046 0.2920 
        D689  7 0.1378 0.2696 0.1778 0.1721 0.1138 0.1289 
        D700  7 0.0097 0.0095 0.0105 0.9486 0.0112 0.0106 
        D797  7 0.1109 0.1393 0.1791 0.2135 0.0945 0.2627 
        D798  7 0.0333 0.0321 0.0589 0.2966 0.4945 0.0847 
        D799  7 0.2333 0.0318 0.0393 0.2586 0.1633 0.2736 
        D800  7 0.0632 0.0303 0.4695 0.2326 0.0810 0.1234 
        D132  8 0.0204 0.0402 0.0383 0.0449 0.7980 0.0583 
        D133  8 0.8960 0.0145 0.0147 0.0267 0.0287 0.0193 
        D200  8 0.0482 0.0189 0.0226 0.2850 0.0275 0.5978 
        D500  8 0.0141 0.0205 0.0290 0.0221 0.8885 0.0260 
        D614  8 0.0313 0.4002 0.0750 0.1395 0.1423 0.2116 
        D723  8 0.1031 0.0312 0.5238 0.0803 0.1981 0.0636 
        D888  8 0.6251 0.0660 0.0416 0.0863 0.0291 0.1519 
        D901  8 0.0540 0.0518 0.0195 0.3360 0.1450 0.3937 
        D902  8 0.0346 0.7192 0.0331 0.0770 0.0419 0.0942 
        D903  8 0.0452 0.0748 0.5227 0.1662 0.0268 0.1643 
        D904  8 0.0420 0.0696 0.2416 0.1258 0.1225 0.3985 
        D905  8 0.5386 0.2241 0.0109 0.0946 0.0154 0.1164 
        D906  8 0.4184 0.0324 0.0919 0.2602 0.0497 0.1475 
        D937  8 0.0233 0.8669 0.0099 0.0325 0.0188 0.0486 
        D943  8 0.0830 0.0413 0.0648 0.3326 0.2337 0.2447 
        D972  8 0.0874 0.0361 0.3616 0.1891 0.2080 0.1178 
        D973  8 0.0322 0.0342 0.7481 0.0574 0.0907 0.0373 
        D974  8 0.1221 0.1173 0.2561 0.1927 0.1425 0.1693 
        D975  8 0.0791 0.0845 0.0377 0.3450 0.0319 0.4218 
        D976  8 0.0895 0.1860 0.0285 0.3832 0.1120 0.2007 
        D201  9 0.1526 0.0378 0.0675 0.2094 0.0784 0.4543 
        D202  9 0.0803 0.0419 0.0171 0.3050 0.0538 0.5019 
     D237259  9 0.0496 0.0137 0.0587 0.7056 0.1185 0.0540 
     D237260  9 0.3834 0.0619 0.0165 0.2408 0.1303 0.1671 
     D237262  9 0.0189 0.0274 0.0172 0.0585 0.8594 0.0186 
