        D174  1 0.0924 0.0378 0.0744 0.6525 0.1430 
        D199  1 0.1650 0.2213 0.3444 0.1986 0.0706 
        D203  1 0.1326 0.2377 0.3189 0.0984 0.2124 
        D204  1 0.0313 0.0257 0.8883 0.0244 0.0303 
     D237366  1 0.2169 0.1131 0.1061 0.1206 0.4432 
     D237367  1 0.2672 0.0899 0.3271 0.0768 0.2390 
     D237368  1 0.1564 0.0753 0.2580 0.0646 0.4456 
     D244101  1 0.1430 0.1922 0.5787 0.0487 0.0373 
     D244102  1 0.2080 0.1110 0.1995 0.2435 0.2379 
     D244103  1 0.4326 0.0705 0.1956 0.1076 0.1937 
     D244104  1 0.0500 0.0600 0.7373 0.1020 0.0508 
     D244105  1 0.2649 0.0326 0.0859 0.0282 0.5885 
     D244106  1 0.1121 0.1922 0.0746 0.5743 0.0468 
     D244107  1 0.1848 0.0677 0.1186 0.0234 0.6055 
     D244108  1 0.1069 0.0608 0.1291 0.4804 0.2228 
     D244113  1 0.0540 0.0347 0.0278 0.8538 0.0298 
     D244114  1 0.3817 0.1887 0.1405 0.2111 0.0779 
     D244115  1 0.2882 0.0496 0.1936 0.3350 0.1336 
     D267365  1 0.0891 0.0755 0.4668 0.3041 0.0645 
        D404  1 0.0893 0.0394 0.0405 0.7902 0.0406 
        D405  1 0.2070 0.1287 0.1458 0.4079 0.1106 
        D406  1 0.0354 0.0250 0.0615 0.0457 0.8325 
        D407  1 0.2752 0.0944 0.4623 0.0465 0.1215 
        D408  1 0.0950 0.1065 0.0678 0.6950 0.0358 
        D409  1 0.5940 0.0699 0.1005 0.1225 0.1131 
        D410  1 0.0541 0.0181 0.0758 0.0416 0.8105 
        D421  1 0.0417 0.0557 0.8450 0.0368 0.0208 
        D422  1 0.0733 0.0269 0.0598 0.0174 0.8226 
        D423  1 0.0564 0.0347 0.0484 0.0182 0.8423 
        D424  1 0.2610 0.0206 0.6052 0.0409 0.0723 
        D425  1 0.1859 0.0502 0.4258 0.2809 0.0572 
        D426  1 0.7348 0.1118 0.0419 0.0437 0.0677 
        D427  1 0.0474 0.5673 0.2325 0.1190 0.0338 
        D428  1 0.1766 0.0543 0.4093 0.2500 0.1097 
        D429  1 0.1156 0.0573 0.4926 0.2719 0.0626 
        D430  1 0.3994 0.2111 0.1489 0.1699 0.0706 
        D491  1 0.0752 0.0296 0.1416 0.7121 0.0415 
        D492  1 0.2736 0.0517 0.3135 0.2108 0.1505 
        D537  1 0.0917 0.0255 0.7007 0.0685 0.1136 
        D538  1 0.3099 0.0987 0.1485 0.1718 0.2712 
        D539  1 0.1577 0.2147 0.0815 0.3475 0.1986 
        D540  1 0.3911 0.0652 0.3094 0.1030 0.1312 
        D541  1 0.0295 0.0259 0.8969 0.0189 0.0288 
        D551  1 0.4444 0.3701 0.0717 0.0453 0.0685 
        D552  1 0.0951 0.0638 0.3053 0.1769 0.3588 
        D553  1 0.0279 0.0194 0.9029 0.0258 0.0240 
        D615  1 0.1231 0.1188 0.4903 0.0960 0.1718 
        D616  1 0.2023 0.1319 0.3629 0.0869 0.2160 
        D621  1 0.0613 0.0329 0.0415 0.1632 0.7011 
        D622  1 0.0734 0.0297 0.0542 0.0593 0.7834 
        D623  1 0.1388 0.1745 0.0840 0.5547 0.0480 
        D624  1 0.1339 0.0419 0.0739 0.6904 0.0599 
        D625  1 0.0601 0.0206 0.8127 0.0511 0.0554 
        D626  1 0.0929 0.0708 0.1102 0.4829 0.2432 
        D627  1 0.6855 0.1124 0.0824 0.0527 0.0671 
        D690  1 0.0353 0.0181 0.8176 0.0615 0.0674 
        D691  1 0.0445 0.0334 0.0803 0.0393 0.8026 
        D710  1 0.1513 0.0483 0.5200 0.1854 0.0950 
        D711  1 0.0604 0.0373 0.7765 0.0622 0.0636 
        D712  1 0.0773 0.0685 0.0584 0.7260 0.0698 
        D713  1 0.1596 0.0292 0.2170 0.5102 0.0838 
        D746  1 0.0401 0.0294 0.0854 0.0369 0.8081 
        D747  1 0.0230 0.0255 0.9108 0.0206 0.0201 
        D748  1 0.0983 0.0275 0.3975 0.0764 0.4004 
        D749  1 0.2499 0.0713 0.0402 0.1535 0.4851 
        D750  1 0.0606 0.0361 0.3242 0.5007 0.0785 
        D763  1 0.2422 0.2654 0.3201 0.0582 0.1141 
        D764  1 0.0752 0.0274 0.6177 0.1500 0.1298 
        D765  1 0.1456 0.0340 0.0585 0.1248 0.6371 
        D766  1 0.0892 0.0294 0.2178 0.0763 0.5873 
        D767  1 0.1843 0.1173 0.2492 0.1135 0.3357 
        D768  1 0.0595 0.0238 0.8690 0.0181 0.0297 
        D811  1 0.1573 0.0359 0.0424 0.6704 0.0940 
        D816  1 0.0373 0.0209 0.8623 0.0525 0.0270 
        D825  1 0.1771 0.0267 0.1497 0.4534 0.1931 
        D866  1 0.1082 0.4724 0.0784 0.2822 0.0588 
        D867  1 0.1182 0.0451 0.0362 0.0409 0.7597 
        D871  1 0.7396 0.0366 0.1025 0.0713 0.0500 
        D872  1 0.1199 0.0531 0.5206 0.0668 0.2396 
        D873  1 0.0352 0.0162 0.0163 0.0273 0.9049 
        D874  1 0.0920 0.0651 0.5078 0.3071 0.0280 
        D875  1 0.7096 0.0219 0.0474 0.0397 0.1814 
        D876  1 0.0684 0.0324 0.6929 0.1188 0.0874 
        D877  1 0.2006 0.0418 0.0735 0.6616 0.0226 
        D892  1 0.1203 0.0303 0.3636 0.2926 0.1932 
        D893  1 0.1062 0.0753 0.6487 0.0550 0.1147 
        D894  1 0.1202 0.0574 0.6693 0.0824 0.0707 
        D915  1 0.0848 0.0386 0.4793 0.1114 0.2858 
        D916  1 0.0215 0.0199 0.9047 0.0210 0.0329 
        D917  1 0.1727 0.1277 0.2999 0.3597 0.0400 
        D925  1 0.0456 0.0343 0.1369 0.0998 0.6835 
        D926  1 0.2791 0.0387 0.4623 0.1260 0.0939 
        D927  1 0.1519 0.3104 0.4065 0.0814 0.0498 
        D928  1 0.0369 0.0226 0.1150 0.8007 0.0247 
        D929  1 0.2050 0.0466 0.1548 0.4110 0.1827 
        D936  1 0.0817 0.0868 0.7377 0.0578 0.0359 
        D938  1 0.0335 0.0195 0.0389 0.0313 0.8768 
        D956  1 0.0840 0.0632 0.0453 0.7550 0.0524 
        D957  1 0.0901 0.0372 0.3148 0.0930 0.4649 
        D958  1 0.0908 0.0189 0.4776 0.1369 0.2758 
        D959  1 0.3613 0.0470 0.4182 0.0377 0.1359 
        D960  1 0.0460 0.0258 0.0339 0.0498 0.8445 
        D989  1 0.0812 0.1700 0.1014 0.6017 0.0457 
        D990  1 0.0651 0.0525 0.0201 0.0506 0.8118 
        D023  2 0.1083 0.0281 0.2817 0.0290 0.5528 
        D130  2 0.0663 0.0394 0.0983 0.0238 0.7722 
        D131  2 0.4096 0.0889 0.3626 0.0572 0.0818 
        D163  2 0.0867 0.0216 0.0810 0.0466 0.7641 
        D164  2 0.0265 0.4211 0.0229 0.0192 0.5103 
        D165  2 0.1198 0.0438 0.1287 0.0238 0.6838 
        D166  2 0.4859 0.1217 0.1145 0.1011 0.1769 
        D167  2 0.0452 0.8414 0.0229 0.0691 0.0216 
        D192  2 0.0250 0.9103 0.0149 0.0300 0.0198 
        D193  2 0.2173 0.0694 0.0415 0.5414 0.1305 
        D206  2 0.3542 0.2372 0.1753 0.0703 0.1630 
        D207  2 0.2298 0.6182 0.0669 0.0485 0.0365 
        D208  2 0.0945 0.3056 0.0721 0.4455 0.0823 
        D209  2 0.4412 0.3106 0.1133 0.0577 0.0772 
        D210  2 0.0826 0.3208 0.1244 0.4238 0.0484 
     D229599  2 0.2360 0.1620 0.3388 0.1014 0.1618 
     D229600  2 0.0987 0.3242 0.0483 0.0360 0.4927 
     D237227  2 0.1039 0.1012 0.0726 0.5659 0.1564 
     D237228  2 0.2357 0.1190 0.0270 0.3227 0.2957 
     D237258  2 0.1868 0.2859 0.1640 0.1527 0.2107 
     D237310  2 0.1892 0.0801 0.0242 0.1005 0.6060 
     D237311  2 0.0798 0.1837 0.0233 0.0592 0.6539 
     D237312  2 0.2020 0.0382 0.0585 0.2250 0.4763 
     D237313  2 0.1953 0.0642 0.3376 0.1654 0.2374 
     D237322  2 0.4600 0.2225 0.0668 0.1597 0.0910 
     D237323  2 0.0811 0.0481 0.0317 0.1812 0.6578 
     D237324  2 0.3852 0.2013 0.0669 0.0287 0.3179 
     D237325  2 0.1351 0.0838 0.0665 0.1597 0.5549 
     D237326  2 0.0666 0.0406 0.1445 0.0740 0.6744 
     D237327  2 0.2744 0.4623 0.1275 0.0616 0.0741 
     D237337  2 0.0711 0.0299 0.0481 0.0781 0.7728 
     D237338  2 0.2098 0.1678 0.0879 0.1972 0.3372 
     D237339  2 0.2365 0.3428 0.3281 0.0507 0.0419 
     D237340  2 0.1148 0.2398 0.0321 0.2718 0.3415 
     D237389  2 0.1250 0.0644 0.0296 0.0583 0.7227 
     D237390  2 0.1224 0.0609 0.1000 0.2542 0.4625 
     D244017  2 0.1653 0.2335 0.0418 0.5007 0.0586 
     D244112  2 0.0658 0.8108 0.0208 0.0335 0.0692 
     D244118  2 0.0637 0.5266 0.0185 0.0330 0.3582 
     D244119  2 0.0600 0.4252 0.0383 0.4378 0.0387 
     D244120  2 0.0808 0.6390 0.0248 0.1999 0.0555 
     D244122  2 0.0644 0.7155 0.0454 0.0928 0.0819 
        D291  2 0.3150 0.4385 0.1050 0.0553 0.0862 
        D292  2 0.0999 0.3798 0.2936 0.1710 0.0557 
        D293  2 0.1086 0.6265 0.2280 0.0208 0.0162 
        D322  2 0.1275 0.4139 0.3892 0.0288 0.0405 
        D323  2 0.3200 0.1728 0.2454 0.1734 0.0884 
        D324  2 0.1956 0.2296 0.3120 0.0984 0.1644 
        D325  2 0.0873 0.8202 0.0524 0.0163 0.0238 
        D326  2 0.0315 0.0299 0.8913 0.0306 0.0166 
        D340  2 0.0294 0.9013 0.0291 0.0191 0.0211 
        D341  2 0.0480 0.8102 0.0532 0.0377 0.0509 
        D342  2 0.2418 0.4925 0.0451 0.0367 0.1839 
        D343  2 0.0212 0.9296 0.0238 0.0119 0.0135 
        D344  2 0.2948 0.0880 0.4225 0.1007 0.0941 
        D345  2 0.1558 0.0593 0.4743 0.0586 0.2520 
        D346  2 0.1072 0.1385 0.0977 0.6122 0.0445 
        D351  2 0.2168 0.1338 0.4873 0.0405 0.1216 
        D352  2 0.5034 0.1376 0.1129 0.1696 0.0765 
        D353  2 0.6100 0.0473 0.2864 0.0284 0.0279 
        D354  2 0.1961 0.0422 0.3804 0.2520 0.1294 
        D362  2 0.0581 0.0340 0.7712 0.0552 0.0815 
        D363  2 0.0641 0.0327 0.7822 0.0800 0.0410 
        D364  2 0.1127 0.0400 0.6386 0.1097 0.0991 
        D365  2 0.0260 0.8822 0.0495 0.0252 0.0171 
        D369  2 0.1223 0.2576 0.3077 0.2143 0.0982 
        D374  2 0.0737 0.0292 0.0225 0.8465 0.0281 
        D375  2 0.4194 0.0527 0.2148 0.1565 0.1566 
        D376  2 0.0900 0.0495 0.0271 0.7729 0.0605 
        D377  2 0.2346 0.1026 0.0759 0.3568 0.2301 
        D378  2 0.1386 0.2237 0.5593 0.0300 0.0483 
        D379  2 0.0636 0.0336 0.8196 0.0453 0.0380 
        D384  2 0.0310 0.0246 0.8798 0.0415 0.0231 
        D385  2 0.0542 0.8392 0.0303 0.0495 0.0269 
        D386  2 0.1600 0.0566 0.6537 0.0439 0.0858 
        D391  2 0.0461 0.8251 0.0743 0.0295 0.0250 
        D392  2 0.0630 0.6476 0.1165 0.0799 0.0930 
        D393  2 0.0522 0.1279 0.7318 0.0321 0.0560 
        D394  2 0.1997 0.0923 0.1945 0.0934 0.4201 
        D395  2 0.4120 0.4467 0.0578 0.0439 0.0396 
        D401  2 0.0581 0.0303 0.0250 0.0923 0.7943 
        D402  2 0.0332 0.8871 0.0381 0.0210 0.0206 
        D403  2 0.4692 0.0431 0.3249 0.0451 0.1178 
        D415  2 0.3070 0.0268 0.5610 0.0210 0.0842 
        D435  2 0.0888 0.2539 0.5622 0.0189 0.0763 
        D436  2 0.1886 0.0760 0.3842 0.2414 0.1098 
        D438  2 0.0335 0.8931 0.0232 0.0292 0.0210 
        D439  2 0.3278 0.1765 0.3348 0.0324 0.1285 
        D449  2 0.3750 0.4305 0.1133 0.0357 0.0454 
        D450  2 0.2613 0.0492 0.2829 0.3337 0.0728 
        D456  2 0.0465 0.0220 0.8849 0.0243 0.0223 
        D462  2 0.0315 0.8425 0.0826 0.0192 0.0242 
        D463  2 0.0286 0.0175 0.9021 0.0315 0.0202 
        D464  2 0.5918 0.0800 0.1977 0.0985 0.0320 
        D465  2 0.2004 0.3946 0.2842 0.0454 0.0754 
        D473  2 0.1025 0.0609 0.0584 0.6510 0.1273 
        D474  2 0.0553 0.1339 0.6800 0.0594 0.0715 
        D476  2 0.1316 0.2018 0.1295 0.0250 0.5121 
        D477  2 0.1273 0.0693 0.6157 0.1371 0.0506 
        D478  2 0.4112 0.0677 0.1152 0.2639 0.1420 
        D480  2 0.0986 0.1534 0.6193 0.0983 0.0304 
        D481  2 0.1354 0.0846 0.4885 0.1419 0.1496 
        D482  2 0.2648 0.1632 0.0758 0.3580 0.1381 
        D483  2 0.0316 0.8349 0.0317 0.0700 0.0317 
        D484  2 0.3767 0.2564 0.0789 0.2122 0.0758 
        D510  2 0.0486 0.0815 0.0308 0.7982 0.0409 
        D511  2 0.1152 0.1114 0.6666 0.0380 0.0689 
        D512  2 0.2980 0.1651 0.0460 0.0352 0.4558 
        D513  2 0.1712 0.5370 0.1290 0.0896 0.0732 
        D635  2 0.1530 0.0422 0.6357 0.0366 0.1324 
        D636  2 0.0524 0.0208 0.0490 0.0280 0.8498 
        D637  2 0.2098 0.3402 0.1193 0.2302 0.1005 
        D658  2 0.0802 0.6286 0.0520 0.1723 0.0669 
        D659  2 0.0819 0.0417 0.7892 0.0382 0.0490 
        D677  2 0.1713 0.1654 0.3441 0.0540 0.2652 
        D678  2 0.2745 0.5818 0.0400 0.0473 0.0564 
        D679  2 0.1327 0.0987 0.6359 0.0815 0.0512 
        D719  2 0.0527 0.2186 0.3090 0.3910 0.0288 
        D720  2 0.0686 0.0526 0.7280 0.1000 0.0507 
        D721  2 0.2322 0.1437 0.1660 0.0460 0.4121 
        D722  2 0.1209 0.0818 0.0348 0.7032 0.0592 
        D734  2 0.0893 0.2157 0.1031 0.5647 0.0272 
        D735  2 0.2034 0.0979 0.5318 0.0740 0.0929 
        D736  2 0.1074 0.2451 0.1557 0.4068 0.0850 
        D737  2 0.1142 0.6069 0.0611 0.1071 0.1107 
        D807  2 0.0960 0.1505 0.3025 0.3533 0.0978 
        D808  2 0.2395 0.2120 0.1924 0.0642 0.2919 
        D817  2 0.1655 0.0389 0.5713 0.1381 0.0863 
        D818  2 0.3972 0.4085 0.1055 0.0385 0.0503 
        D819  2 0.2172 0.0704 0.3822 0.1187 0.2115 
        D820  2 0.0398 0.0387 0.8635 0.0337 0.0242 
        D895  2 0.1902 0.0470 0.5415 0.0625 0.1589 
        D896  2 0.0442 0.0221 0.0259 0.0676 0.8401 
        D897  2 0.2512 0.5889 0.0475 0.0498 0.0626 
        D898  2 0.4327 0.1178 0.1295 0.1501 0.1698 
        D918  2 0.3011 0.1935 0.0751 0.1340 0.2963 
        D919  2 0.2721 0.2376 0.4101 0.0387 0.0416 
        D920  2 0.0368 0.0344 0.0311 0.0548 0.8428 
        D923  2 0.0882 0.0366 0.8067 0.0370 0.0316 
        D930  2 0.2072 0.0730 0.4545 0.2041 0.0611 
        D931  2 0.0999 0.1385 0.5922 0.1178 0.0516 
        D968  2 0.0293 0.9060 0.0301 0.0195 0.0151 
        D969  2 0.1125 0.2437 0.5221 0.0747 0.0470 
        D977  2 0.1566 0.7163 0.0586 0.0322 0.0363 
        D978  2 0.3494 0.4756 0.0651 0.0594 0.0506 
        D211  3 0.1784 0.0681 0.1167 0.0609 0.5758 
     D229639  3 0.0964 0.6086 0.0823 0.1577 0.0550 
     D237212  3 0.1690 0.3113 0.2558 0.0879 0.1761 
     D237213  3 0.2668 0.0694 0.1885 0.0543 0.4209 
     D237214  3 0.4488 0.0297 0.0690 0.0599 0.3925 
     D237215  3 0.0456 0.7594 0.0243 0.1443 0.0265 
     D237216  3 0.7824 0.0471 0.0414 0.0414 0.0877 
     D237217  3 0.3585 0.0571 0.1367 0.0186 0.4291 
     D237218  3 0.1805 0.3227 0.3239 0.0678 0.1050 
     D237219  3 0.1591 0.0802 0.0402 0.2412 0.4793 
     D237382  3 0.3015 0.0683 0.1720 0.2562 0.2019 
     D244127  3 0.1672 0.1047 0.0378 0.0450 0.6453 
     D244129  3 0.2144 0.1361 0.3256 0.0793 0.2446 
     D244133  3 0.2958 0.1867 0.1145 0.2682 0.1348 
     D244134  3 0.0898 0.3205 0.0808 0.3246 0.1843 
     D244135  3 0.1408 0.0646 0.0648 0.0342 0.6955 
     D244136  3 0.1932 0.1319 0.2153 0.3839 0.0757 
        D416  3 0.2576 0.2146 0.2607 0.0642 0.2029 
        D417  3 0.1064 0.0268 0.7514 0.0402 0.0752 
        D419  3 0.1529 0.1625 0.2019 0.1681 0.3146 
        D565  3 0.0491 0.0349 0.0698 0.8164 0.0299 
        D566  3 0.1143 0.3866 0.0836 0.3727 0.0428 
        D567  3 0.0541 0.0412 0.7294 0.0450 0.1303 
        D568  3 0.1152 0.1812 0.3538 0.0331 0.3166 
        D569  3 0.3951 0.2331 0.1361 0.1089 0.1267 
        D573  3 0.0936 0.7123 0.1283 0.0395 0.0264 
        D574  3 0.1506 0.0696 0.0645 0.6229 0.0924 
        D575  3 0.1669 0.1123 0.1523 0.2819 0.2865 
        D576  3 0.0688 0.8349 0.0121 0.0577 0.0265 
        D577  3 0.0962 0.0523 0.6925 0.0834 0.0756 
        D578  3 0.2292 0.0352 0.0220 0.0218 0.6918 
        D579  3 0.1149 0.1786 0.3705 0.2352 0.1008 
        D660  3 0.2924 0.4775 0.0312 0.0466 0.1524 
        D661  3 0.1410 0.6813 0.0876 0.0311 0.0590 
        D663  3 0.1830 0.6864 0.0561 0.0456 0.0289 
        D664  3 0.1762 0.1343 0.0289 0.3131 0.3476 
        D665  3 0.5978 0.0826 0.0314 0.0333 0.2549 
        D666  3 0.1182 0.0750 0.1493 0.3712 0.2862 
        D009  4 0.2534 0.0375 0.2450 0.0479 0.4160 
        D057  4 0.1019 0.4107 0.1396 0.0823 0.2655 
        D109  4 0.2718 0.0370 0.0770 0.1038 0.5104 
     D237222  4 0.0970 0.0481 0.0538 0.1499 0.6512 
     D237223  4 0.2191 0.1376 0.0691 0.1605 0.4137 
     D237224  4 0.1216 0.3320 0.3826 0.1005 0.0633 
     D237225  4 0.4280 0.0793 0.1936 0.0620 0.2371 
     D237299  4 0.5996 0.0873 0.0277 0.0836 0.2018 
     D237300  4 0.0653 0.8047 0.0277 0.0664 0.0358 
     D237306  4 0.0850 0.0539 0.1045 0.6533 0.1034 
     D237307  4 0.1460 0.0935 0.3202 0.3618 0.0786 
     D237308  4 0.1039 0.5063 0.0987 0.1275 0.1635 
     D237309  4 0.3243 0.0719 0.3179 0.0441 0.2418 
     D237317  4 0.2794 0.0451 0.2601 0.3431 0.0724 
     D237318  4 0.0519 0.8671 0.0290 0.0326 0.0193 
     D237319  4 0.3177 0.1044 0.1277 0.1083 0.3419 
     D237320  4 0.1495 0.2518 0.1354 0.0729 0.3903 
     D237321  4 0.1100 0.6385 0.0892 0.0996 0.0627 
     D237397  4 0.1278 0.2131 0.0891 0.3295 0.2406 
     D237398  4 0.2070 0.5850 0.1274 0.0252 0.0555 
     D237399  4 0.1461 0.1988 0.2618 0.2413 0.1520 
     D244001  4 0.1721 0.0802 0.0583 0.0559 0.6335 
        D289  4 0.1300 0.1969 0.2633 0.3396 0.0703 
        D290  4 0.5196 0.1328 0.1516 0.1294 0.0667 
        D294  4 0.4351 0.1054 0.3006 0.1131 0.0457 
        D295  4 0.1302 0.0590 0.4995 0.1393 0.1720 
        D301  4 0.0789 0.0864 0.0291 0.0762 0.7294 
        D302  4 0.1167 0.0308 0.7587 0.0475 0.0462 
        D303  4 0.0516 0.0609 0.0571 0.7486 0.0818 
        D304  4 0.4699 0.1634 0.1399 0.1804 0.0464 
        D305  4 0.7275 0.1114 0.0814 0.0278 0.0519 
        D306  4 0.7383 0.0389 0.0697 0.0986 0.0545 
        D307  4 0.0363 0.0437 0.0254 0.1002 0.7944 
        D327  4 0.1265 0.0868 0.6235 0.1114 0.0519 
        D328  4 0.1071 0.0637 0.0579 0.6845 0.0868 
        D329  4 0.3143 0.2486 0.2020 0.0994 0.1358 
        D330  4 0.2515 0.0527 0.3591 0.0422 0.2945 
        D331  4 0.2393 0.1585 0.2798 0.1979 0.1244 
        D333  4 0.1595 0.1802 0.1605 0.2914 0.2084 
        D334  4 0.0986 0.0419 0.1754 0.6078 0.0764 
        D335  4 0.0933 0.0613 0.7446 0.0609 0.0399 
        D370  4 0.2260 0.0483 0.0964 0.3956 0.2337 
        D371  4 0.0441 0.0394 0.1301 0.7566 0.0298 
        D372  4 0.3865 0.5094 0.0252 0.0506 0.0283 
        D373  4 0.1221 0.1506 0.0503 0.0495 0.6276 
        D455  4 0.0769 0.0519 0.0495 0.0407 0.7810 
        D490  4 0.0259 0.0213 0.0337 0.0375 0.8816 
        D497  4 0.0791 0.0440 0.0359 0.0326 0.8085 
        D498  4 0.2431 0.1308 0.1108 0.3460 0.1693 
        D499  4 0.2006 0.4491 0.0589 0.2405 0.0509 
        D514  4 0.2385 0.0501 0.5933 0.0480 0.0701 
        D515  4 0.2505 0.0516 0.0864 0.0839 0.5276 
        D516  4 0.1567 0.1228 0.2028 0.1649 0.3529 
        D517  4 0.1656 0.0999 0.0727 0.0355 0.6263 
        D518  4 0.1409 0.1382 0.1844 0.2586 0.2780 
        D519  4 0.1604 0.1279 0.1060 0.0466 0.5591 
        D560  4 0.2446 0.1759 0.1665 0.0421 0.3710 
        D561  4 0.5907 0.0732 0.1659 0.0264 0.1438 
        D562  4 0.3010 0.1902 0.1341 0.1966 0.1781 
        D563  4 0.2580 0.5459 0.0876 0.0392 0.0693 
        D572  4 0.1970 0.1269 0.4030 0.1469 0.1262 
        D629  4 0.1329 0.0593 0.4832 0.0844 0.2403 
        D630  4 0.2535 0.1396 0.2679 0.1837 0.1553 
        D631  4 0.1898 0.4202 0.1603 0.1360 0.0938 
        D632  4 0.0868 0.1679 0.1387 0.0376 0.5690 
        D646  4 0.1662 0.0830 0.2237 0.0527 0.4744 
        D647  4 0.0981 0.0838 0.6106 0.0274 0.1801 
        D648  4 0.1141 0.0520 0.0408 0.7378 0.0553 
        D649  4 0.0889 0.0339 0.6221 0.0434 0.2117 
        D650  4 0.1642 0.0969 0.2961 0.2434 0.1994 
        D708  4 0.1843 0.0610 0.0981 0.5646 0.0921 
        D709  4 0.5477 0.0589 0.0954 0.1692 0.1289 
        D738  4 0.0809 0.0414 0.1152 0.5386 0.2239 
        D739  4 0.3017 0.0947 0.0850 0.1310 0.3876 
        D740  4 0.3654 0.1998 0.0550 0.1863 0.1935 
        D741  4 0.3304 0.2159 0.1434 0.0365 0.2737 
        D742  4 0.1587 0.5285 0.0774 0.1726 0.0627 
        D743  4 0.0727 0.0697 0.7598 0.0620 0.0358 
        D744  4 0.2027 0.2083 0.4765 0.0519 0.0606 
        D745  4 0.1353 0.0551 0.0572 0.0467 0.7057 
        D814  4 0.5089 0.3292 0.0561 0.0478 0.0579 
        D815  4 0.1579 0.0803 0.5541 0.1245 0.0831 
        D828  4 0.1910 0.1758 0.0253 0.5453 0.0626 
        D845  4 0.0381 0.8086 0.0366 0.0874 0.0293 
        D846  4 0.3105 0.2533 0.3002 0.0314 0.1046 
        D847  4 0.2511 0.1524 0.2238 0.1534 0.2193 
        D848  4 0.1266 0.2810 0.0246 0.0365 0.5313 
        D849  4 0.2715 0.0662 0.0787 0.0460 0.5377 
        D850  4 0.2809 0.1793 0.2343 0.1338 0.1717 
        D856  4 0.4283 0.0547 0.1018 0.1017 0.3136 
        D857  4 0.0689 0.0517 0.0163 0.0716 0.7915 
        D859  4 0.2191 0.2516 0.3042 0.1305 0.0947 
        D860  4 0.0809 0.2594 0.2422 0.3756 0.0419 
        D883  4 0.1284 0.0437 0.3517 0.2276 0.2485 
        D884  4 0.1444 0.0436 0.1162 0.2989 0.3970 
        D885  4 0.3784 0.2903 0.1799 0.0634 0.0879 
        D886  4 0.1259 0.0825 0.2619 0.0569 0.4727 
        D887  4 0.2054 0.3741 0.2119 0.1087 0.0998 
        D889  4 0.4663 0.3151 0.1191 0.0679 0.0316 
        D890  4 0.1894 0.0684 0.1225 0.4530 0.1666 
        D891  4 0.0374 0.9049 0.0220 0.0177 0.0181 
        D899  4 0.1072 0.5581 0.0705 0.2243 0.0398 
        D900  4 0.3441 0.1035 0.2944 0.1258 0.1322 
        D970  4 0.2176 0.1701 0.3641 0.1301 0.1181 
        D971  4 0.1626 0.4689 0.2156 0.0623 0.0906 
        D979  4 0.0985 0.0468 0.7620 0.0629 0.0298 
        D093  5 0.0544 0.0770 0.0821 0.7371 0.0494 
        D154  5 0.3690 0.4136 0.0480 0.1214 0.0479 
        D168  5 0.2872 0.3538 0.1031 0.0451 0.2108 
        D189  5 0.1300 0.2426 0.0617 0.5129 0.0529 
        D190  5 0.0408 0.0548 0.0571 0.8085 0.0387 
     D237220  5 0.2442 0.0887 0.1016 0.1409 0.4246 
     D237221  5 0.1102 0.2245 0.1529 0.4221 0.0902 
     D237274  5 0.0957 0.0399 0.7883 0.0306 0.0456 
     D237275  5 0.1227 0.7610 0.0270 0.0462 0.0430 
     D237276  5 0.1608 0.0710 0.1840 0.2956 0.2886 
     D237277  5 0.0817 0.1593 0.0720 0.6440 0.0429 
     D237278  5 0.1531 0.3859 0.0610 0.2728 0.1273 
     D237279  5 0.4615 0.0498 0.0692 0.0320 0.3875 
     D237280  5 0.1669 0.0372 0.2330 0.1032 0.4597 
     D237281  5 0.0506 0.8464 0.0472 0.0341 0.0217 
     D237351  5 0.0712 0.0503 0.0466 0.1184 0.7135 
     D237352  5 0.1775 0.0974 0.2027 0.1225 0.3998 
     D237353  5 0.0429 0.0627 0.0515 0.8061 0.0368 
     D237359  5 0.3060 0.1641 0.1137 0.1260 0.2901 
     D237361  5 0.0417 0.0281 0.0386 0.8630 0.0286 
     D237362  5 0.1855 0.0997 0.2908 0.3191 0.1049 
     D237363  5 0.7126 0.0978 0.0473 0.0831 0.0591 
     D237364  5 0.2678 0.3471 0.1934 0.0392 0.1525 
     D237376  5 0.1162 0.0696 0.0217 0.7577 0.0348 
     D237377  5 0.1515 0.0514 0.4169 0.1220 0.2582 
     D237378  5 0.0456 0.1052 0.0239 0.7822 0.0431 
     D237379  5 0.1628 0.0623 0.0469 0.6762 0.0518 
     D237380  5 0.1119 0.0225 0.0393 0.1457 0.6807 
     D237381  5 0.1114 0.0702 0.0986 0.1150 0.6047 
     D237391  5 0.0627 0.0708 0.1040 0.7053 0.0572 
     D237392  5 0.1544 0.1565 0.5234 0.0652 0.1004 
     D237393  5 0.0743 0.0685 0.5467 0.1892 0.1214 
     D237394  5 0.0305 0.0203 0.0459 0.8655 0.0379 
     D237395  5 0.2148 0.1407 0.0614 0.4427 0.1405 
     D237396  5 0.0715 0.0926 0.6594 0.0979 0.0785 
     D244016  5 0.4185 0.1482 0.1084 0.2754 0.0495 
     D244018  5 0.1255 0.4661 0.0697 0.2456 0.0932 
     D244019  5 0.3475 0.1831 0.2828 0.1305 0.0561 
        D279  5 0.2404 0.4672 0.0864 0.1180 0.0880 
        D280  5 0.3293 0.1855 0.1890 0.1987 0.0974 
        D281  5 0.1236 0.7544 0.0424 0.0601 0.0195 
        D283  5 0.1290 0.1219 0.2995 0.3876 0.0621 
        D284  5 0.4031 0.1013 0.1095 0.0790 0.3070 
        D285  5 0.2137 0.1117 0.1679 0.4462 0.0605 
        D286  5 0.1846 0.0955 0.1910 0.4190 0.1099 
        D287  5 0.1761 0.0477 0.0304 0.6427 0.1031 
        D288  5 0.2985 0.2431 0.2675 0.1363 0.0547 
        D308  5 0.0596 0.0258 0.1040 0.0419 0.7686 
        D309  5 0.2027 0.0295 0.6797 0.0379 0.0502 
        D310  5 0.2068 0.0290 0.0289 0.7098 0.0255 
        D311  5 0.2244 0.0717 0.1942 0.4435 0.0662 
        D312  5 0.1555 0.0790 0.2111 0.4650 0.0894 
        D313  5 0.0284 0.0161 0.0192 0.0326 0.9038 
        D314  5 0.2750 0.2504 0.0470 0.2792 0.1484 
        D315  5 0.1021 0.0755 0.2810 0.4306 0.1108 
        D317  5 0.0407 0.0367 0.0645 0.8237 0.0344 
        D318  5 0.3486 0.1735 0.1904 0.1474 0.1402 
        D319  5 0.0397 0.0454 0.0404 0.8375 0.0370 
        D320  5 0.0725 0.0460 0.0744 0.7605 0.0467 
        D321  5 0.0837 0.0785 0.0781 0.0961 0.6637 
        D336  5 0.1279 0.0279 0.0364 0.7807 0.0271 
        D337  5 0.0360 0.0534 0.0337 0.8559 0.0210 
        D338  5 0.2552 0.1648 0.2631 0.1753 0.1416 
        D339  5 0.0974 0.0924 0.0668 0.6726 0.0709 
        D347  5 0.3159 0.1263 0.2805 0.2297 0.0477 
        D348  5 0.0677 0.0368 0.0523 0.8154 0.0278 
        D349  5 0.0497 0.0314 0.0414 0.0868 0.7907 
        D350  5 0.2179 0.1020 0.5729 0.0538 0.0535 
        D355  5 0.3654 0.4101 0.1507 0.0429 0.0309 
        D356  5 0.1188 0.0473 0.3497 0.3641 0.1200 
        D357  5 0.4628 0.1251 0.1083 0.1978 0.1060 
        D358  5 0.1805 0.0795 0.1798 0.4806 0.0795 
        D359  5 0.0905 0.0285 0.4499 0.3971 0.0340 
        D360  5 0.1094 0.0496 0.2178 0.5129 0.1103 
        D361  5 0.0412 0.0263 0.0382 0.0456 0.8486 
        D366  5 0.1302 0.2659 0.5248 0.0372 0.0419 
        D367  5 0.1908 0.0379 0.0288 0.6664 0.0761 
        D368  5 0.2143 0.0568 0.1621 0.3194 0.2475 
        D380  5 0.2541 0.0910 0.4745 0.0655 0.1149 
        D381  5 0.1768 0.0846 0.1410 0.5514 0.0462 
        D400  5 0.1565 0.2228 0.1077 0.4411 0.0720 
        D411  5 0.0918 0.0352 0.0219 0.0319 0.8191 
        D412  5 0.4252 0.1554 0.1284 0.1528 0.1382 
        D413  5 0.1115 0.6956 0.1092 0.0343 0.0493 
        D414  5 0.2652 0.4376 0.1623 0.0776 0.0573 
        D420  5 0.4487 0.1706 0.0480 0.1107 0.2220 
        D431  5 0.3418 0.2504 0.0327 0.2413 0.1339 
        D432  5 0.1209 0.1271 0.1078 0.5178 0.1264 
        D433  5 0.0716 0.1144 0.0852 0.6580 0.0709 
        D434  5 0.1783 0.0771 0.1840 0.4378 0.1229 
        D440  5 0.3072 0.0552 0.5070 0.0487 0.0818 
        D447  5 0.3832 0.0564 0.4272 0.0433 0.0899 
        D448  5 0.0797 0.0656 0.0683 0.7592 0.0272 
        D459  5 0.0786 0.7402 0.0995 0.0532 0.0286 
        D460  5 0.0639 0.0357 0.1078 0.0797 0.7128 
        D461  5 0.0843 0.0398 0.7987 0.0508 0.0263 
        D468  5 0.2221 0.0721 0.2175 0.3831 0.1051 
        D469  5 0.0912 0.0591 0.5844 0.1352 0.1301 
        D470  5 0.2532 0.0707 0.1016 0.2813 0.2933 
        D471  5 0.0886 0.0738 0.0717 0.7372 0.0287 
        D472  5 0.0439 0.1674 0.7389 0.0226 0.0272 
        D479  5 0.0958 0.7292 0.0606 0.0718 0.0426 
        D485  5 0.3462 0.1138 0.1066 0.3390 0.0945 
        D486  5 0.3284 0.0655 0.1389 0.2750 0.1923 
        D487  5 0.1654 0.4378 0.0519 0.2892 0.0556 
        D555  5 0.0359 0.0577 0.0367 0.8379 0.0318 
        D556  5 0.2250 0.2660 0.1260 0.2798 0.1032 
        D557  5 0.0468 0.0454 0.0608 0.8238 0.0233 
        D564  5 0.1627 0.0585 0.1131 0.5229 0.1427 
        D594  5 0.4946 0.0889 0.1725 0.1633 0.0808 
        D595  5 0.1290 0.1560 0.2452 0.3818 0.0880 
        D596  5 0.0408 0.0423 0.0305 0.8566 0.0298 
        D597  5 0.1053 0.3459 0.1947 0.3152 0.0389 
        D598  5 0.1149 0.1014 0.1609 0.4383 0.1845 
        D617  5 0.1510 0.1504 0.0341 0.0381 0.6264 
        D618  5 0.0663 0.1453 0.1342 0.5709 0.0833 
        D619  5 0.1884 0.0621 0.2299 0.2178 0.3018 
        D620  5 0.0260 0.8418 0.0607 0.0298 0.0417 
        D628  5 0.2943 0.0917 0.1949 0.2342 0.1850 
        D714  5 0.1379 0.2745 0.0366 0.5098 0.0413 
        D715  5 0.0611 0.1121 0.1435 0.6446 0.0387 
        D716  5 0.3495 0.2387 0.1357 0.2245 0.0517 
        D717  5 0.1035 0.0707 0.5619 0.1363 0.1275 
        D718  5 0.4896 0.0721 0.0226 0.2756 0.1401 
        D769  5 0.2191 0.1123 0.0350 0.0580 0.5757 
        D770  5 0.2516 0.3261 0.0766 0.2807 0.0648 
        D771  5 0.2838 0.3039 0.0894 0.1761 0.1468 
        D772  5 0.1173 0.0891 0.1885 0.5381 0.0669 
        D782  5 0.5478 0.1937 0.0512 0.0386 0.1687 
        D783  5 0.2504 0.4646 0.0624 0.1712 0.0515 
        D784  5 0.1410 0.0753 0.6238 0.0905 0.0694 
        D785  5 0.0649 0.0338 0.0629 0.7483 0.0901 
        D786  5 0.1383 0.0555 0.2207 0.0418 0.5437 
        D821  5 0.0262 0.0253 0.0227 0.9047 0.0210 
        D822  5 0.2507 0.0993 0.4236 0.1725 0.0539 
        D826  5 0.1237 0.3134 0.0680 0.4349 0.0600 
        D827  5 0.3550 0.0905 0.3955 0.0772 0.0818 
        D851  5 0.3663 0.1190 0.2325 0.1819 0.1003 
        D852  5 0.1299 0.3925 0.0604 0.2918 0.1254 
        D853  5 0.1930 0.1328 0.1762 0.4143 0.0837 
        D854  5 0.4009 0.2390 0.1981 0.0599 0.1022 
        D861  5 0.3653 0.1802 0.1065 0.2249 0.1231 
        D862  5 0.1554 0.0410 0.2923 0.4531 0.0581 
        D865  5 0.0578 0.0733 0.0324 0.7816 0.0549 
        D868  5 0.0633 0.0422 0.7572 0.0789 0.0584 
        D869  5 0.0778 0.0390 0.0565 0.0563 0.7703 
        D870  5 0.7985 0.0470 0.0524 0.0312 0.0710 
        D907  5 0.1291 0.0408 0.0543 0.6990 0.0769 
        D908  5 0.0735 0.4261 0.0503 0.3799 0.0702 
        D910  5 0.0966 0.2849 0.0837 0.4955 0.0393 
        D911  5 0.3101 0.5169 0.0941 0.0476 0.0313 
        D934  5 0.2696 0.3741 0.0960 0.2178 0.0426 
        D946  5 0.2554 0.4234 0.0495 0.1729 0.0988 
        D947  5 0.2760 0.1419 0.3781 0.0914 0.1126 
        D948  5 0.0385 0.0325 0.0873 0.1231 0.7185 
        D949  5 0.0315 0.0324 0.0738 0.0769 0.7854 
        D950  5 0.2734 0.5622 0.0855 0.0538 0.0251 
        D951  5 0.3782 0.0353 0.4742 0.0558 0.0565 
        D952  5 0.0541 0.0706 0.7486 0.0748 0.0520 
        D953  5 0.0840 0.0715 0.1910 0.5749 0.0787 
        D954  5 0.1085 0.0380 0.5360 0.2640 0.0535 
        D961  5 0.2953 0.0828 0.0505 0.4660 0.1054 
        D962  5 0.0635 0.0216 0.0871 0.7858 0.0420 
        D963  5 0.1076 0.0803 0.4001 0.3627 0.0493 
        D964  5 0.3293 0.2147 0.0907 0.1632 0.2021 
        D965  5 0.3547 0.1663 0.1434 0.2305 0.1051 
        D966  5 0.1551 0.1570 0.1827 0.4555 0.0497 
        D967  5 0.1479 0.3297 0.1063 0.2460 0.1701 
        D991  5 0.1505 0.0523 0.1802 0.2563 0.3606 
        D502  6 0.6508 0.1610 0.0368 0.0331 0.1183 
        D503  6 0.2228 0.4217 0.0371 0.0658 0.2527 
        D504  6 0.1458 0.1174 0.5246 0.1122 0.1001 
        D505  6 0.1870 0.1715 0.1270 0.4263 0.0883 
        D506  6 0.0481 0.0246 0.0457 0.8487 0.0330 
        D507  6 0.3470 0.2865 0.1147 0.0857 0.1661 
        D508  6 0.3823 0.1503 0.3431 0.0620 0.0622 
        D529  6 0.3346 0.0877 0.1702 0.1681 0.2395 
        D530  6 0.2535 0.0844 0.0416 0.4747 0.1458 
        D531  6 0.2360 0.1064 0.3779 0.1915 0.0883 
        D532  6 0.2695 0.0896 0.2126 0.3691 0.0592 
        D534  6 0.0830 0.0558 0.0812 0.0385 0.7415 
        D535  6 0.2172 0.0451 0.2135 0.4196 0.1046 
        D536  6 0.2070 0.6354 0.0319 0.0312 0.0946 
        D554  6 0.2476 0.0544 0.0603 0.5238 0.1140 
        D587  6 0.1031 0.0751 0.1285 0.6408 0.0525 
        D588  6 0.2118 0.0583 0.2354 0.4096 0.0848 
        D589  6 0.3476 0.3436 0.0655 0.1750 0.0683 
        D590  6 0.2032 0.6470 0.0477 0.0424 0.0597 
        D591  6 0.4189 0.2305 0.1195 0.1074 0.1236 
        D592  6 0.0815 0.0579 0.0790 0.0769 0.7048 
        D593  6 0.2394 0.0784 0.0323 0.5680 0.0819 
        D682  6 0.0826 0.0522 0.0520 0.7575 0.0556 
        D683  6 0.1253 0.0366 0.5888 0.1860 0.0634 
        D684  6 0.4018 0.2833 0.0679 0.0268 0.2202 
        D685  6 0.8153 0.0759 0.0187 0.0484 0.0417 
        D686  6 0.4062 0.0359 0.0490 0.4621 0.0467 
        D724  6 0.2882 0.1536 0.3315 0.0519 0.1747 
        D725  6 0.2621 0.2136 0.0833 0.3247 0.1163 
        D726  6 0.0492 0.0297 0.0461 0.8312 0.0437 
        D727  6 0.3304 0.3257 0.1786 0.1016 0.0637 
        D728  6 0.0951 0.0399 0.0501 0.7547 0.0601 
        D729  6 0.3056 0.1263 0.1840 0.0251 0.3589 
        D730  6 0.2091 0.1882 0.2533 0.0632 0.2862 
        D731  6 0.0300 0.2648 0.0190 0.6657 0.0205 
        D732  6 0.1556 0.0904 0.5380 0.1221 0.0939 
        D733  6 0.2131 0.1188 0.2096 0.1807 0.2778 
     D237251  7 0.1873 0.5786 0.0633 0.1001 0.0708 
     D237252  7 0.2511 0.2206 0.0709 0.0460 0.4115 
     D237253  7 0.3104 0.3561 0.0669 0.2167 0.0499 
     D237254  7 0.2742 0.0393 0.0335 0.0266 0.6263 
     D237255  7 0.0878 0.7678 0.0468 0.0646 0.0329 
     D237256  7 0.3988 0.4083 0.0702 0.0827 0.0400 
     D237257  7 0.5139 0.0905 0.0633 0.0594 0.2729 
     D237282  7 0.0894 0.0870 0.6811 0.0348 0.1076 
     D237283  7 0.2949 0.0486 0.0179 0.0321 0.6066 
     D237284  7 0.1205 0.0487 0.0665 0.0299 0.7344 
     D237285  7 0.2828 0.2189 0.0703 0.3501 0.0779 
     D237286  7 0.2398 0.1519 0.2778 0.2523 0.0782 
     D237287  7 0.2495 0.5215 0.0892 0.0647 0.0751 
     D244006  7 0.1186 0.0333 0.0488 0.0271 0.7723 
     D244007  7 0.2409 0.4386 0.1776 0.0639 0.0790 
     D244008  7 0.2676 0.0390 0.0333 0.0659 0.5942 
     D244009  7 0.1268 0.0370 0.1139 0.1298 0.5925 
     D244010  7 0.4347 0.1089 0.0679 0.0793 0.3092 
     D244011  7 0.3303 0.1628 0.0633 0.3301 0.1134 
     D244012  7 0.3958 0.3067 0.0886 0.0615 0.1474 
     D244013  7 0.1009 0.4248 0.1580 0.2436 0.0727 
     D244014  7 0.3131 0.2027 0.0795 0.0886 0.3161 
     D244015  7 0.4670 0.0831 0.1023 0.0459 0.3016 
     D244125  7 0.1256 0.3024 0.2200 0.2978 0.0542 
     D244126  7 0.1553 0.0221 0.0297 0.0198 0.7732 
     D244130  7 0.4759 0.1022 0.0680 0.0838 0.2701 
     D244131  7 0.1540 0.0981 0.3375 0.2691 0.1414 
     D244132  7 0.1101 0.0416 0.4080 0.3585 0.0819 
        D520  7 0.6125 0.0342 0.0582 0.1206 0.1744 
        D521  7 0.2424 0.1329 0.2260 0.1662 0.2325 
        D522  7 0.1134 0.0613 0.1822 0.0654 0.5778 
        D523  7 0.1244 0.6832 0.0421 0.0907 0.0596 
        D524  7 0.1434 0.3496 0.1160 0.2269 0.1641 
        D525  7 0.1614 0.2575 0.0491 0.0508 0.4812 
        D526  7 0.1769 0.0400 0.0646 0.0227 0.6959 
        D527  7 0.1880 0.1126 0.4021 0.1296 0.1677 
        D528  7 0.9302 0.0120 0.0186 0.0167 0.0225 
        D558  7 0.1900 0.1603 0.4165 0.0468 0.1863 
        D559  7 0.2209 0.1671 0.4176 0.0356 0.1588 
        D640  7 0.2009 0.1679 0.1672 0.3451 0.1189 
        D641  7 0.1986 0.1524 0.0347 0.4120 0.2022 
        D642  7 0.2084 0.1740 0.0758 0.0764 0.4654 
        D644  7 0.1279 0.1021 0.0978 0.3564 0.3157 
        D645  7 0.1647 0.2577 0.1342 0.2213 0.2220 
        D662  7 0.0698 0.0204 0.1993 0.1164 0.5941 
        D687  7 0.4317 0.2074 0.1760 0.1099 0.0750 
        D688  7 0.2491 0.1541 0.3554 0.0403 0.2011 
        D689  7 0.1935 0.2166 0.2597 0.2010 0.1292 
        D700  7 0.9354 0.0154 0.0184 0.0163 0.0145 
        D797  7 0.2200 0.1856 0.2572 0.2254 0.1118 
        D798  7 0.2080 0.0439 0.0730 0.0465 0.6286 
        D799  7 0.2963 0.4202 0.0663 0.0459 0.1714 
        D800  7 0.1932 0.1043 0.5881 0.0363 0.0782 
        D132  8 0.0441 0.0272 0.0512 0.0500 0.8275 
        D133  8 0.0564 0.8419 0.0215 0.0233 0.0569 
        D200  8 0.6424 0.1422 0.0561 0.0917 0.0676 
        D500  8 0.0323 0.0172 0.0384 0.0354 0.8767 
        D614  8 0.1838 0.0583 0.1444 0.4107 0.2029 
        D723  8 0.1203 0.1209 0.3541 0.0758 0.3288 
        D888  8 0.0938 0.7703 0.0602 0.0403 0.0354 
        D901  8 0.3856 0.1008 0.0329 0.1222 0.3585 
        D902  8 0.1309 0.0652 0.0668 0.6785 0.0586 
        D903  8 0.1949 0.0622 0.5769 0.1313 0.0347 
        D904  8 0.1857 0.0945 0.4508 0.1046 0.1644 
        D905  8 0.0735 0.6970 0.0195 0.1842 0.0257 
        D906  8 0.2919 0.5128 0.0787 0.0474 0.0691 
        D937  8 0.0821 0.0397 0.0266 0.8162 0.0354 
        D943  8 0.3471 0.1358 0.1219 0.0605 0.3346 
        D972  8 0.1723 0.0873 0.2610 0.0621 0.4173 
        D973  8 0.0787 0.0348 0.7004 0.0542 0.1318 
        D974  8 0.2493 0.1554 0.1829 0.2069 0.2055 
        D975  8 0.5213 0.1307 0.0868 0.1920 0.0692 
        D976  8 0.4360 0.1418 0.0483 0.2343 0.1395 
        D201  9 0.3185 0.3606 0.1498 0.0643 0.1068 
        D202  9 0.5397 0.2138 0.0353 0.1061 0.1051 
     D237259  9 0.7384 0.0589 0.1034 0.0285 0.0708 
     D237260  9 0.2526 0.4606 0.0273 0.0828 0.1767 
     D237262  9 0.0664 0.0209 0.0426 0.0379 0.8321 
     D237263  9 0.1216 0.1768 0.0938 0.0366 0.5711 
     D237264  9 0.2197 0.1639 0.0964 0.2274 0.2926 
     D237265  9 0.1836 0.6592 0.0327 0.0599 0.0647 
     D237266  9 0.0789 0.5290 0.0688 0.0307 0.2925 
     D237267  9 0.8163 0.0377 0.0267 0.0693 0.0500 
     D237268  9 0.2248 0.0472 0.1415 0.0951 0.4914 
     D237289  9 0.1261 0.4007 0.0412 0.3418 0.0903 
     D237290  9 0.0643 0.8194 0.0278 0.0228 0.0657 
     D237291  9 0.1821 0.6413 0.0401 0.0670 0.0695 
     D237292  9 0.3105 0.5003 0.0344 0.0394 0.1154 
     D237293  9 0.3482 0.0835 0.1058 0.1895 0.2730 
     D237294  9 0.3061 0.1409 0.0354 0.0813 0.4365 
     D237295  9 0.1487 0.0348 0.3614 0.2008 0.2543 
     D237296  9 0.4044 0.2395 0.0889 0.0954 0.1717 
     D237297  9 0.1180 0.0929 0.0477 0.6579 0.0835 
     D237298  9 0.1923 0.1690 0.3575 0.0774 0.2039 
     D237341  9 0.2712 0.4451 0.1192 0.0563 0.1083 
     D237342  9 0.2836 0.0733 0.0513 0.1002 0.4916 
     D237343  9 0.2493 0.2900 0.0789 0.0546 0.3272 
     D237344  9 0.2037 0.1616 0.0559 0.4827 0.0962 
     D237345  9 0.0718 0.0500 0.0412 0.0239 0.8131 
     D237346  9 0.1394 0.5449 0.0519 0.1303 0.1335 
     D237347  9 0.1277 0.1604 0.0867 0.5538 0.0714 
     D237348  9 0.1805 0.1965 0.1245 0.1515 0.3470 
     D237349  9 0.1378 0.3273 0.2864 0.0291 0.2193 
     D244109  9 0.1815 0.5830 0.0911 0.0183 0.1260 
     D244110  9 0.1208 0.7073 0.0622 0.0317 0.0779 
     D244111  9 0.3271 0.2468 0.1697 0.1157 0.1408 
     D244128  9 0.3111 0.0628 0.0388 0.0390 0.5482 
     D244137  9 0.1115 0.0639 0.6178 0.0838 0.1230 
     D244138  9 0.3729 0.3036 0.0449 0.1580 0.1206 
        D580  9 0.4455 0.0284 0.0645 0.0888 0.3728 
        D581  9 0.1128 0.7776 0.0310 0.0291 0.0495 
        D582  9 0.0887 0.0268 0.0227 0.0373 0.8245 
        D583  9 0.0626 0.7601 0.0277 0.0404 0.1093 
        D584  9 0.3407 0.0563 0.0356 0.3622 0.2052 
        D585  9 0.2538 0.2076 0.0531 0.0340 0.4516 
        D586  9 0.0867 0.7039 0.0556 0.1138 0.0399 
        D651  9 0.0957 0.1345 0.5289 0.1348 0.1061 
        D652  9 0.1368 0.1225 0.2102 0.0332 0.4972 
        D653  9 0.3092 0.3701 0.1833 0.0770 0.0604 
        D654  9 0.1555 0.3357 0.2545 0.0483 0.2059 
        D655  9 0.2221 0.3612 0.1416 0.2074 0.0677 
        D656  9 0.2195 0.0470 0.0414 0.0444 0.6477 
        D657  9 0.3351 0.1525 0.0886 0.1147 0.3091 
        D667  9 0.1637 0.2660 0.0667 0.4269 0.0767 
        D668  9 0.2534 0.1512 0.0533 0.1389 0.4033 
        D669  9 0.3258 0.4447 0.0741 0.0667 0.0887 
        D670  9 0.3083 0.0586 0.4943 0.0610 0.0778 
        D671  9 0.1742 0.6233 0.0553 0.0680 0.0792 
        D672  9 0.1908 0.0899 0.0545 0.0427 0.6222 
        D673  9 0.3107 0.0693 0.1060 0.2592 0.2548 
        D692  9 0.2741 0.2701 0.0487 0.0384 0.3688 
        D693  9 0.2684 0.1017 0.1478 0.2543 0.2278 
        D694  9 0.3151 0.0548 0.0320 0.0598 0.5382 
        D695  9 0.1370 0.0531 0.2506 0.0599 0.4994 
        D696  9 0.0279 0.0180 0.0231 0.9142 0.0167 
        D697  9 0.1743 0.2183 0.1042 0.3803 0.1229 
        D698  9 0.1534 0.4257 0.0475 0.2766 0.0968 
        D699  9 0.1650 0.1320 0.0268 0.5874 0.0889 
        D787  9 0.0985 0.1425 0.3860 0.0418 0.3312 
        D788  9 0.2752 0.0385 0.0656 0.4909 0.1298 
        D789  9 0.3394 0.1446 0.0401 0.2367 0.2392 
        D790  9 0.1625 0.2385 0.1565 0.1213 0.3212 
        D791  9 0.1772 0.5159 0.0303 0.1960 0.0807 
        D792  9 0.1047 0.2450 0.3305 0.0673 0.2524 
        D793  9 0.0778 0.1059 0.2192 0.5279 0.0692 
        D794  9 0.0921 0.1671 0.3051 0.3320 0.1036 
        D795  9 0.3060 0.0490 0.0237 0.1051 0.5162 
        D796  9 0.2844 0.4834 0.0419 0.0927 0.0975 
        D142 10 0.2372 0.1562 0.1686 0.3840 0.0540 
        D143 10 0.0639 0.7262 0.0498 0.1039 0.0562 
        D144 10 0.1876 0.0868 0.1819 0.3365 0.2073 
        D145 10 0.1171 0.7169 0.0524 0.0538 0.0598 
        D146 10 0.2808 0.0447 0.0528 0.1273 0.4944 
        D147 10 0.7553 0.0562 0.0507 0.0479 0.0899 
        D148 10 0.6004 0.0624 0.1388 0.1501 0.0483 
        D149 10 0.1569 0.6642 0.0771 0.0466 0.0552 
        D151 10 0.7368 0.1095 0.0323 0.0549 0.0664 
        D152 10 0.0415 0.8933 0.0204 0.0205 0.0243 
        D153 10 0.1409 0.0474 0.5323 0.1984 0.0809 
        D156 10 0.1910 0.1079 0.5855 0.0652 0.0504 
        D157 10 0.1460 0.0656 0.0757 0.5517 0.1609 
        D158 10 0.4083 0.2278 0.0385 0.2159 0.1095 
        D159 10 0.0427 0.8447 0.0436 0.0353 0.0337 
        D160 10 0.0536 0.5747 0.0183 0.3179 0.0355 
        D161 10 0.1643 0.1410 0.3645 0.2029 0.1272 
        D162 10 0.1427 0.1331 0.5364 0.1469 0.0409 
        D169 10 0.1111 0.0955 0.0502 0.0377 0.7056 
        D170 10 0.0778 0.0477 0.0911 0.1247 0.6587 
        D171 10 0.2013 0.0497 0.0954 0.5507 0.1029 
        D172 10 0.2414 0.1927 0.2536 0.1110 0.2013 
