        D174  1 0.0291 0.0951 0.0473 0.0350 0.0591 0.0187 0.0514 0.6642 
        D199  1 0.0823 0.0386 0.2404 0.1961 0.1576 0.0361 0.0473 0.2016 
        D203  1 0.0689 0.1819 0.2445 0.1848 0.1118 0.0472 0.0934 0.0674 
        D204  1 0.0146 0.0306 0.7644 0.0339 0.0226 0.0910 0.0183 0.0246 
     D237366  1 0.0584 0.2493 0.0646 0.0835 0.1319 0.1434 0.2101 0.0588 
     D237367  1 0.0357 0.1612 0.3652 0.0746 0.1625 0.0570 0.1024 0.0414 
     D237368  1 0.0336 0.0424 0.1258 0.1183 0.0764 0.0331 0.4925 0.0780 
     D244101  1 0.0624 0.0251 0.2244 0.1185 0.1125 0.4129 0.0248 0.0194 
     D244102  1 0.0871 0.2306 0.1126 0.0674 0.1211 0.1779 0.1080 0.0953 
     D244103  1 0.0321 0.3278 0.2123 0.0392 0.1922 0.0621 0.0771 0.0572 
     D244104  1 0.0880 0.0317 0.6642 0.0389 0.0348 0.0222 0.0551 0.0650 
     D244105  1 0.0378 0.4143 0.0461 0.0259 0.2265 0.0256 0.2042 0.0196 
     D244106  1 0.0546 0.1258 0.0575 0.0911 0.0639 0.0235 0.0179 0.5657 
     D244107  1 0.0209 0.0282 0.0665 0.1123 0.1093 0.0606 0.5874 0.0147 
     D244108  1 0.0474 0.0654 0.0696 0.0433 0.0651 0.0465 0.1441 0.5186 
     D244113  1 0.0304 0.0317 0.0227 0.0339 0.0536 0.1045 0.0318 0.6913 
     D244114  1 0.1123 0.2351 0.0747 0.0870 0.2778 0.0781 0.0242 0.1109 
     D244115  1 0.0625 0.0530 0.1170 0.0244 0.2017 0.0347 0.1632 0.3436 
     D267365  1 0.2083 0.0368 0.4288 0.0296 0.0574 0.0404 0.0513 0.1473 
        D404  1 0.0177 0.1070 0.0271 0.0414 0.0486 0.1411 0.0236 0.5934 
        D405  1 0.0427 0.1591 0.1121 0.1605 0.1272 0.1104 0.0612 0.2268 
        D406  1 0.0226 0.0248 0.0525 0.0124 0.0284 0.0308 0.7985 0.0299 
        D407  1 0.0198 0.0777 0.5681 0.1490 0.0769 0.0174 0.0544 0.0366 
        D408  1 0.2152 0.0488 0.0711 0.0177 0.0761 0.0371 0.0333 0.5007 
        D409  1 0.0372 0.3607 0.2145 0.0396 0.2215 0.0306 0.0484 0.0474 
        D410  1 0.0163 0.0291 0.0718 0.0122 0.0407 0.0275 0.7688 0.0336 
        D421  1 0.0166 0.0144 0.8800 0.0327 0.0188 0.0082 0.0087 0.0205 
        D422  1 0.0285 0.0526 0.0508 0.0341 0.0317 0.0155 0.7740 0.0127 
        D423  1 0.0133 0.0418 0.0682 0.0651 0.0497 0.0165 0.7299 0.0155 
        D424  1 0.0162 0.0670 0.6204 0.0196 0.1781 0.0164 0.0443 0.0380 
        D425  1 0.0533 0.0470 0.4291 0.0272 0.1703 0.0350 0.0263 0.2119 
        D426  1 0.1091 0.2346 0.1815 0.0403 0.3535 0.0167 0.0424 0.0219 
        D427  1 0.0404 0.0219 0.2957 0.4590 0.0291 0.0153 0.0249 0.1138 
        D428  1 0.0376 0.0340 0.3288 0.0625 0.1388 0.0727 0.0855 0.2401 
        D429  1 0.0397 0.0938 0.3659 0.0503 0.0792 0.0364 0.0377 0.2971 
        D430  1 0.1065 0.2889 0.0884 0.0732 0.2337 0.0274 0.0298 0.1521 
        D491  1 0.0905 0.0309 0.1359 0.0143 0.0446 0.0239 0.0286 0.6312 
        D492  1 0.0283 0.0612 0.2320 0.1045 0.1915 0.0592 0.1022 0.2210 
        D537  1 0.0151 0.0499 0.5953 0.0372 0.0903 0.0901 0.0769 0.0451 
        D538  1 0.0312 0.2061 0.0481 0.0795 0.1946 0.0453 0.2508 0.1444 
        D539  1 0.3310 0.1639 0.0461 0.0492 0.1018 0.0982 0.0613 0.1486 
        D540  1 0.1134 0.1280 0.2368 0.0325 0.3330 0.0247 0.0733 0.0583 
        D541  1 0.0181 0.0167 0.8825 0.0161 0.0200 0.0148 0.0182 0.0136 
        D551  1 0.1511 0.1508 0.0654 0.2302 0.3000 0.0259 0.0378 0.0389 
        D552  1 0.1650 0.0465 0.1598 0.0384 0.0896 0.0488 0.3096 0.1423 
        D553  1 0.0192 0.0114 0.8983 0.0137 0.0174 0.0145 0.0123 0.0132 
        D615  1 0.1119 0.1164 0.3808 0.1036 0.1056 0.0244 0.0924 0.0649 
        D616  1 0.0560 0.0905 0.2902 0.1472 0.1575 0.0170 0.1799 0.0618 
        D621  1 0.0285 0.0277 0.0187 0.0231 0.0410 0.2353 0.5597 0.0660 
        D622  1 0.0452 0.0528 0.0391 0.0214 0.0667 0.0494 0.6907 0.0347 
        D623  1 0.0398 0.0355 0.0216 0.1502 0.0780 0.2627 0.0360 0.3761 
        D624  1 0.0370 0.0345 0.0376 0.0156 0.0530 0.0103 0.0268 0.7852 
        D625  1 0.0215 0.0479 0.6921 0.0151 0.0419 0.0363 0.0755 0.0698 
        D626  1 0.1313 0.1022 0.1040 0.0464 0.1033 0.0360 0.2040 0.2728 
        D627  1 0.1321 0.2493 0.2134 0.0243 0.3131 0.0203 0.0273 0.0203 
        D690  1 0.0161 0.0212 0.8031 0.0115 0.0192 0.0203 0.0618 0.0469 
        D691  1 0.0357 0.1219 0.1217 0.0259 0.0328 0.0303 0.5962 0.0355 
        D710  1 0.0622 0.0423 0.2555 0.0584 0.1465 0.1207 0.1549 0.1594 
        D711  1 0.0149 0.0433 0.7622 0.0238 0.0350 0.0437 0.0420 0.0351 
        D712  1 0.2037 0.0494 0.0384 0.0381 0.0577 0.0554 0.0486 0.5088 
        D713  1 0.0185 0.0582 0.1037 0.0268 0.1272 0.2563 0.0540 0.3553 
        D746  1 0.0242 0.0347 0.0465 0.0245 0.0284 0.0185 0.8063 0.0169 
        D747  1 0.0169 0.0143 0.8718 0.0243 0.0181 0.0216 0.0145 0.0186 
        D748  1 0.0291 0.2733 0.3081 0.0221 0.0668 0.0769 0.1789 0.0448 
        D749  1 0.0250 0.0710 0.0232 0.0498 0.2153 0.0800 0.4171 0.1185 
        D750  1 0.0426 0.0348 0.1297 0.0225 0.0522 0.0348 0.0971 0.5863 
        D763  1 0.2263 0.0858 0.1191 0.1018 0.1439 0.2469 0.0533 0.0228 
        D764  1 0.0441 0.0261 0.5453 0.0169 0.0602 0.0134 0.1208 0.1733 
        D765  1 0.0676 0.1216 0.0422 0.0216 0.1348 0.0194 0.3892 0.2035 
        D766  1 0.0264 0.0634 0.1228 0.0265 0.1045 0.1329 0.4810 0.0425 
        D767  1 0.0212 0.2404 0.0964 0.0897 0.0923 0.3001 0.1085 0.0513 
        D768  1 0.0172 0.0193 0.8568 0.0185 0.0411 0.0126 0.0206 0.0139 
        D811  1 0.0655 0.2312 0.0303 0.0243 0.1470 0.0368 0.0658 0.3991 
        D816  1 0.0193 0.0171 0.8591 0.0153 0.0267 0.0172 0.0132 0.0319 
        D825  1 0.0402 0.1227 0.1684 0.0233 0.1316 0.0291 0.1132 0.3715 
        D866  1 0.4574 0.0781 0.0645 0.1093 0.0900 0.0191 0.0320 0.1496 
        D867  1 0.0238 0.0438 0.0223 0.0608 0.0764 0.0998 0.6456 0.0274 
        D871  1 0.0277 0.4483 0.2052 0.0223 0.1951 0.0362 0.0244 0.0407 
        D872  1 0.0248 0.1231 0.3082 0.0722 0.0885 0.0523 0.2724 0.0585 
        D873  1 0.0093 0.0182 0.0078 0.0158 0.0184 0.0233 0.8910 0.0163 
        D874  1 0.0340 0.0300 0.0763 0.0186 0.0422 0.7180 0.0130 0.0680 
        D875  1 0.0210 0.4860 0.1508 0.0172 0.2203 0.0355 0.0509 0.0183 
        D876  1 0.1130 0.0460 0.4775 0.0198 0.0701 0.0856 0.1053 0.0827 
        D877  1 0.0217 0.1211 0.0384 0.0256 0.1051 0.1191 0.0143 0.5548 
        D892  1 0.0236 0.1952 0.3371 0.0175 0.0699 0.0580 0.0713 0.2274 
        D893  1 0.0735 0.0436 0.6539 0.0311 0.0738 0.0529 0.0525 0.0189 
        D894  1 0.0305 0.1180 0.5922 0.0336 0.1139 0.0231 0.0403 0.0484 
        D915  1 0.0365 0.0985 0.5876 0.0298 0.0664 0.0227 0.0832 0.0752 
        D916  1 0.0105 0.0140 0.9008 0.0119 0.0175 0.0112 0.0159 0.0183 
        D917  1 0.0982 0.0348 0.1735 0.0885 0.1443 0.1220 0.0346 0.3040 
        D925  1 0.0410 0.0182 0.1606 0.0204 0.0307 0.0176 0.6394 0.0722 
        D926  1 0.0408 0.0776 0.4203 0.0268 0.2259 0.0628 0.0549 0.0910 
        D927  1 0.0949 0.0604 0.3394 0.2436 0.1201 0.0540 0.0340 0.0536 
        D928  1 0.0247 0.0145 0.0706 0.0120 0.0178 0.0181 0.0167 0.8257 
        D929  1 0.0286 0.1920 0.0274 0.0212 0.0728 0.5638 0.0320 0.0623 
        D936  1 0.0681 0.0428 0.5542 0.0482 0.0571 0.1772 0.0166 0.0359 
        D938  1 0.0206 0.0293 0.0247 0.0135 0.0340 0.0365 0.8194 0.0219 
        D956  1 0.0395 0.1519 0.0281 0.0422 0.0484 0.0251 0.0295 0.6353 
        D957  1 0.0274 0.0936 0.1554 0.0436 0.0946 0.0998 0.4154 0.0702 
        D958  1 0.0402 0.0688 0.2580 0.0259 0.0632 0.0694 0.3442 0.1303 
        D959  1 0.0142 0.0806 0.5350 0.1290 0.1175 0.0111 0.0820 0.0307 
        D960  1 0.0150 0.0287 0.0250 0.0194 0.0289 0.0284 0.8138 0.0408 
        D989  1 0.1701 0.0400 0.0541 0.1065 0.0715 0.0299 0.0263 0.5016 
        D990  1 0.1271 0.0213 0.0170 0.0266 0.0565 0.0180 0.7006 0.0328 
        D023  2 0.0155 0.0129 0.0703 0.0199 0.0390 0.0176 0.8076 0.0172 
        D130  2 0.0204 0.1019 0.0974 0.0345 0.0460 0.0290 0.6501 0.0208 
        D131  2 0.1183 0.1227 0.3697 0.0303 0.2369 0.0479 0.0355 0.0386 
        D163  2 0.0341 0.0431 0.0698 0.0151 0.0552 0.0338 0.7180 0.0309 
        D164  2 0.0110 0.0106 0.0112 0.4747 0.0159 0.0133 0.4514 0.0119 
        D165  2 0.0299 0.0186 0.0465 0.0310 0.0454 0.0181 0.7949 0.0157 
        D166  2 0.0356 0.5392 0.0447 0.0558 0.1633 0.1016 0.0342 0.0255 
        D167  2 0.0136 0.0142 0.0115 0.8935 0.0161 0.0118 0.0122 0.0271 
        D192  2 0.0213 0.0119 0.0103 0.8913 0.0151 0.0184 0.0138 0.0179 
        D193  2 0.0408 0.1492 0.0230 0.0536 0.1558 0.1039 0.0431 0.4306 
        D206  2 0.0406 0.0646 0.1668 0.3540 0.2515 0.0389 0.0547 0.0288 
        D207  2 0.0484 0.0776 0.0332 0.6812 0.0883 0.0212 0.0241 0.0261 
        D208  2 0.4235 0.0784 0.0646 0.1006 0.0949 0.0538 0.0403 0.1440 
        D209  2 0.0306 0.0194 0.0364 0.5284 0.1722 0.1373 0.0504 0.0254 
        D210  2 0.3257 0.0660 0.0713 0.1282 0.0638 0.0344 0.0221 0.2885 
     D229599  2 0.1885 0.0545 0.2103 0.0387 0.1681 0.2042 0.0785 0.0573 
     D229600  2 0.0256 0.0793 0.0300 0.4323 0.1214 0.0299 0.2601 0.0214 
     D237227  2 0.2189 0.0422 0.0518 0.0502 0.1045 0.0226 0.1644 0.3454 
     D237228  2 0.0883 0.0584 0.0139 0.0900 0.1245 0.0191 0.3013 0.3045 
     D237258  2 0.1458 0.0631 0.0674 0.3025 0.1642 0.0565 0.1213 0.0791 
     D237310  2 0.0332 0.3454 0.0142 0.0912 0.0960 0.0380 0.3254 0.0565 
     D237311  2 0.0280 0.1379 0.0214 0.2282 0.0652 0.0230 0.4413 0.0549 
     D237312  2 0.0184 0.5558 0.0260 0.0281 0.0695 0.1189 0.0883 0.0949 
     D237313  2 0.1547 0.0946 0.2123 0.0295 0.1712 0.0949 0.1457 0.0970 
     D237322  2 0.2780 0.1572 0.0256 0.0381 0.2452 0.1352 0.0582 0.0624 
     D237323  2 0.0664 0.1409 0.0179 0.0292 0.0433 0.0258 0.5490 0.1275 
     D237324  2 0.0722 0.0480 0.0373 0.2831 0.2977 0.0397 0.2071 0.0149 
     D237325  2 0.0363 0.2199 0.0332 0.0821 0.1036 0.1110 0.2980 0.1159 
     D237326  2 0.0343 0.0325 0.0602 0.0326 0.0474 0.0323 0.6625 0.0982 
     D237327  2 0.3090 0.0684 0.0791 0.1777 0.1912 0.0986 0.0402 0.0358 
     D237337  2 0.0244 0.0777 0.0397 0.0161 0.0557 0.0236 0.7064 0.0564 
     D237338  2 0.0938 0.1324 0.0575 0.0761 0.1317 0.1509 0.2382 0.1194 
     D237339  2 0.0322 0.0285 0.0379 0.1158 0.0760 0.6654 0.0236 0.0205 
     D237340  2 0.0549 0.1277 0.0242 0.2054 0.0923 0.0655 0.1760 0.2539 
     D237389  2 0.0175 0.2875 0.0175 0.1618 0.1054 0.0348 0.3278 0.0475 
     D237390  2 0.0678 0.3616 0.0516 0.0249 0.0903 0.0999 0.1505 0.1535 
     D244017  2 0.0431 0.0463 0.0260 0.4861 0.1040 0.0246 0.0258 0.2443 
     D244112  2 0.0105 0.0512 0.0129 0.8542 0.0210 0.0130 0.0191 0.0181 
     D244118  2 0.0228 0.0175 0.0098 0.6649 0.0283 0.0263 0.2102 0.0202 
     D244119  2 0.0672 0.0163 0.0227 0.2801 0.0268 0.0127 0.0278 0.5465 
     D244120  2 0.0430 0.1989 0.0126 0.5099 0.0608 0.0840 0.0183 0.0725 
     D244122  2 0.0268 0.0531 0.0293 0.7095 0.0449 0.0370 0.0347 0.0647 
        D291  2 0.6212 0.0563 0.0644 0.0542 0.1270 0.0209 0.0328 0.0231 
        D292  2 0.1699 0.0360 0.2204 0.3320 0.0839 0.0491 0.0344 0.0744 
        D293  2 0.0320 0.0348 0.1450 0.6070 0.0609 0.0915 0.0115 0.0172 
        D322  2 0.0583 0.0229 0.1117 0.5426 0.0763 0.1264 0.0434 0.0183 
        D323  2 0.1079 0.0927 0.0941 0.2205 0.2097 0.1554 0.0405 0.0790 
        D324  2 0.4800 0.0616 0.1560 0.0357 0.1179 0.0231 0.0807 0.0452 
        D325  2 0.0305 0.0319 0.0332 0.8222 0.0370 0.0224 0.0117 0.0110 
        D326  2 0.0207 0.0153 0.8747 0.0153 0.0244 0.0139 0.0112 0.0243 
        D340  2 0.0245 0.0203 0.0227 0.8657 0.0163 0.0182 0.0156 0.0166 
        D341  2 0.0732 0.1423 0.0466 0.5922 0.0421 0.0438 0.0328 0.0270 
        D342  2 0.0412 0.0745 0.0230 0.6291 0.0842 0.0185 0.1073 0.0222 
        D343  2 0.0112 0.0110 0.0161 0.9207 0.0123 0.0113 0.0083 0.0090 
        D344  2 0.0252 0.0798 0.1060 0.0562 0.1497 0.5318 0.0218 0.0297 
        D345  2 0.1410 0.0269 0.1702 0.0488 0.1580 0.2058 0.2093 0.0399 
        D346  2 0.2245 0.0696 0.0689 0.0956 0.0596 0.0391 0.0365 0.4060 
        D351  2 0.1648 0.1741 0.3396 0.0441 0.1332 0.0824 0.0427 0.0192 
        D352  2 0.0201 0.0217 0.0247 0.0374 0.0627 0.7528 0.0291 0.0516 
        D353  2 0.0270 0.0283 0.2067 0.0242 0.5821 0.1027 0.0163 0.0129 
        D354  2 0.0276 0.0209 0.0701 0.0118 0.0560 0.7215 0.0352 0.0568 
        D362  2 0.0181 0.0231 0.7814 0.0346 0.0437 0.0189 0.0366 0.0436 
        D363  2 0.0211 0.0171 0.8078 0.0227 0.0409 0.0216 0.0288 0.0400 
        D364  2 0.0283 0.0390 0.2955 0.0322 0.1436 0.3599 0.0473 0.0542 
        D365  2 0.0151 0.0119 0.0163 0.8900 0.0145 0.0251 0.0091 0.0180 
        D369  2 0.1110 0.0761 0.2999 0.2078 0.1009 0.0202 0.0581 0.1260 
        D374  2 0.0143 0.0205 0.0159 0.0194 0.0219 0.0210 0.0178 0.8693 
        D375  2 0.0153 0.0217 0.0220 0.0150 0.0340 0.8540 0.0156 0.0225 
        D376  2 0.0163 0.0298 0.0172 0.0430 0.0490 0.0654 0.0235 0.7557 
        D377  2 0.0963 0.2215 0.0537 0.0715 0.1776 0.1023 0.1340 0.1431 
        D378  2 0.1098 0.0333 0.2031 0.2348 0.1304 0.2096 0.0566 0.0226 
        D379  2 0.0435 0.0500 0.7010 0.0228 0.0805 0.0521 0.0200 0.0302 
        D384  2 0.0223 0.0140 0.8759 0.0139 0.0179 0.0145 0.0143 0.0272 
        D385  2 0.0216 0.0231 0.0177 0.7419 0.0281 0.1067 0.0131 0.0478 
        D386  2 0.0237 0.0335 0.1630 0.0621 0.1144 0.5273 0.0522 0.0239 
        D391  2 0.0233 0.0210 0.0385 0.7547 0.0275 0.1035 0.0174 0.0143 
        D392  2 0.0445 0.0435 0.0581 0.6728 0.0441 0.0242 0.0694 0.0435 
        D393  2 0.3015 0.0515 0.2849 0.0836 0.0583 0.1689 0.0342 0.0171 
        D394  2 0.0385 0.1054 0.0909 0.1115 0.1367 0.2179 0.2444 0.0547 
        D395  2 0.0266 0.0321 0.0159 0.2921 0.1053 0.4814 0.0182 0.0285 
        D401  2 0.0240 0.0421 0.0245 0.0548 0.0656 0.0129 0.6874 0.0887 
        D402  2 0.0506 0.0250 0.0169 0.7996 0.0204 0.0567 0.0159 0.0150 
        D403  2 0.0276 0.1154 0.2192 0.0223 0.4123 0.1261 0.0561 0.0210 
        D415  2 0.0161 0.0723 0.5857 0.0277 0.2055 0.0265 0.0487 0.0175 
        D435  2 0.0471 0.0348 0.5583 0.2084 0.0478 0.0404 0.0464 0.0167 
        D436  2 0.0171 0.0809 0.1007 0.0323 0.0705 0.5792 0.0244 0.0950 
        D438  2 0.0168 0.0146 0.0125 0.8864 0.0178 0.0147 0.0119 0.0254 
        D439  2 0.0495 0.0206 0.0915 0.0587 0.1316 0.5943 0.0398 0.0140 
        D449  2 0.0178 0.0502 0.0897 0.6595 0.1125 0.0179 0.0301 0.0223 
        D450  2 0.0637 0.1288 0.1535 0.0173 0.1645 0.2479 0.0583 0.1660 
        D456  2 0.0362 0.0279 0.8471 0.0114 0.0293 0.0186 0.0122 0.0174 
        D462  2 0.0203 0.0169 0.0428 0.8003 0.0248 0.0724 0.0128 0.0097 
        D463  2 0.0176 0.0181 0.8589 0.0141 0.0265 0.0223 0.0140 0.0284 
        D464  2 0.0186 0.0585 0.0575 0.0741 0.4120 0.3128 0.0230 0.0435 
        D465  2 0.0279 0.0804 0.1318 0.6014 0.0792 0.0191 0.0347 0.0256 
        D473  2 0.0953 0.0713 0.0283 0.0475 0.0736 0.1286 0.1213 0.4341 
        D474  2 0.2214 0.0250 0.5386 0.0554 0.0576 0.0248 0.0478 0.0294 
        D476  2 0.0252 0.0269 0.0278 0.0440 0.0493 0.5516 0.2621 0.0131 
        D477  2 0.1862 0.0433 0.3569 0.0250 0.0685 0.2311 0.0428 0.0462 
        D478  2 0.0516 0.0897 0.0605 0.0860 0.2487 0.1380 0.1355 0.1901 
        D480  2 0.2358 0.0674 0.2549 0.0821 0.0946 0.1748 0.0198 0.0706 
        D481  2 0.0775 0.0419 0.3240 0.0865 0.0997 0.1815 0.1088 0.0799 
        D482  2 0.2581 0.0573 0.0237 0.0247 0.1156 0.4143 0.0622 0.0442 
        D483  2 0.0231 0.0120 0.0145 0.8471 0.0221 0.0149 0.0176 0.0486 
        D484  2 0.0161 0.0188 0.0125 0.0180 0.0232 0.8813 0.0129 0.0172 
        D510  2 0.1103 0.0333 0.0185 0.0273 0.0404 0.0360 0.0218 0.7123 
        D511  2 0.0688 0.0312 0.0755 0.0895 0.0700 0.6146 0.0344 0.0160 
        D512  2 0.0223 0.2086 0.0340 0.2336 0.1118 0.0344 0.3342 0.0212 
        D513  2 0.0998 0.0489 0.0932 0.5178 0.1183 0.0283 0.0411 0.0526 
        D635  2 0.0435 0.0309 0.4145 0.0353 0.1296 0.0178 0.3022 0.0263 
        D636  2 0.0153 0.0106 0.0241 0.0176 0.0211 0.0133 0.8823 0.0157 
        D637  2 0.0687 0.2256 0.0299 0.1417 0.1144 0.3095 0.0380 0.0722 
        D658  2 0.0311 0.0629 0.0281 0.4073 0.0617 0.2659 0.0262 0.1167 
        D659  2 0.0635 0.0676 0.6228 0.0305 0.0759 0.0468 0.0505 0.0424 
        D677  2 0.0681 0.2631 0.3030 0.0739 0.1290 0.0478 0.0920 0.0231 
        D678  2 0.0201 0.0403 0.0179 0.7623 0.0897 0.0249 0.0256 0.0192 
        D679  2 0.1709 0.0469 0.4759 0.0609 0.1193 0.0465 0.0394 0.0402 
        D719  2 0.2347 0.0164 0.1715 0.1679 0.0530 0.0457 0.0294 0.2814 
        D720  2 0.0353 0.0267 0.7094 0.0475 0.0465 0.0166 0.0362 0.0818 
        D721  2 0.0551 0.0165 0.0572 0.0608 0.0834 0.0359 0.6575 0.0337 
        D722  2 0.0407 0.0284 0.0237 0.0611 0.0727 0.0478 0.0327 0.6930 
        D734  2 0.0646 0.0276 0.0224 0.0654 0.0395 0.6662 0.0124 0.1018 
        D735  2 0.2258 0.0696 0.2637 0.0519 0.1600 0.0778 0.0902 0.0610 
        D736  2 0.4274 0.0383 0.0699 0.0588 0.0792 0.0437 0.0537 0.2290 
        D737  2 0.0717 0.0328 0.0172 0.5023 0.0592 0.2077 0.0644 0.0447 
        D807  2 0.1515 0.1168 0.2331 0.0708 0.0691 0.1136 0.0467 0.1986 
        D808  2 0.0932 0.2301 0.1026 0.1351 0.1811 0.0533 0.1722 0.0324 
        D817  2 0.1164 0.0677 0.4109 0.0321 0.1170 0.1409 0.0412 0.0738 
        D818  2 0.0706 0.3014 0.1038 0.1555 0.2693 0.0370 0.0364 0.0258 
        D819  2 0.0793 0.1580 0.2969 0.0564 0.1845 0.0384 0.1245 0.0621 
        D820  2 0.0296 0.0372 0.7028 0.0348 0.0508 0.1043 0.0161 0.0245 
        D895  2 0.0463 0.0424 0.3734 0.0534 0.2306 0.0594 0.1554 0.0392 
        D896  2 0.0259 0.0624 0.0187 0.0179 0.0292 0.0219 0.7569 0.0670 
        D897  2 0.0391 0.1563 0.0318 0.5734 0.1035 0.0355 0.0323 0.0281 
        D898  2 0.2068 0.2201 0.0761 0.0472 0.2384 0.0651 0.0705 0.0758 
        D918  2 0.0760 0.3874 0.0299 0.0610 0.1439 0.1573 0.1001 0.0444 
        D919  2 0.0546 0.0392 0.1552 0.1446 0.1346 0.4225 0.0264 0.0228 
        D920  2 0.0250 0.1279 0.0215 0.0337 0.0438 0.0495 0.6466 0.0519 
        D923  2 0.0187 0.0293 0.7194 0.0262 0.0615 0.0904 0.0242 0.0303 
        D930  2 0.0881 0.1185 0.2419 0.0456 0.1600 0.1407 0.0533 0.1518 
        D931  2 0.0470 0.0487 0.3242 0.1725 0.0789 0.2500 0.0333 0.0455 
        D968  2 0.0347 0.0152 0.0282 0.8312 0.0423 0.0214 0.0134 0.0137 
        D969  2 0.1857 0.0399 0.2700 0.2655 0.1192 0.0372 0.0334 0.0490 
        D977  2 0.0245 0.0717 0.0393 0.7340 0.0574 0.0351 0.0153 0.0226 
        D978  2 0.3598 0.2478 0.0372 0.1022 0.1826 0.0231 0.0207 0.0265 
        D211  3 0.0649 0.4427 0.0894 0.0300 0.1081 0.0669 0.1730 0.0250 
     D229639  3 0.5374 0.0512 0.0914 0.0676 0.0908 0.0324 0.0416 0.0875 
     D237212  3 0.2055 0.1771 0.1005 0.0749 0.1031 0.2633 0.0577 0.0178 
     D237213  3 0.0870 0.3351 0.0717 0.0519 0.1515 0.1379 0.1418 0.0231 
     D237214  3 0.0166 0.0709 0.0889 0.0246 0.2945 0.0235 0.4247 0.0561 
     D237215  3 0.0819 0.0282 0.0159 0.6142 0.0512 0.0229 0.0196 0.1661 
     D237216  3 0.0603 0.0847 0.0457 0.0271 0.6628 0.0388 0.0561 0.0246 
     D237217  3 0.0488 0.2285 0.0992 0.0338 0.3500 0.0299 0.1893 0.0204 
     D237218  3 0.4706 0.1075 0.0586 0.0427 0.0725 0.1799 0.0310 0.0372 
     D237219  3 0.3955 0.1146 0.0364 0.0235 0.1611 0.0245 0.1811 0.0633 
     D237382  3 0.0312 0.4701 0.1121 0.0562 0.1004 0.0449 0.0596 0.1255 
     D244127  3 0.0895 0.1218 0.0268 0.1538 0.1538 0.0394 0.3879 0.0270 
     D244129  3 0.1050 0.2058 0.1134 0.0813 0.1610 0.0842 0.2070 0.0423 
     D244133  3 0.1809 0.1041 0.1195 0.2261 0.1741 0.0137 0.0649 0.1167 
     D244134  3 0.7256 0.0270 0.0275 0.0224 0.0392 0.0211 0.0591 0.0781 
     D244135  3 0.0365 0.0655 0.0556 0.1348 0.1423 0.0429 0.5040 0.0185 
     D244136  3 0.1276 0.0820 0.2397 0.1183 0.1089 0.0275 0.0698 0.2262 
        D416  3 0.1286 0.1305 0.1301 0.1930 0.2272 0.0581 0.1029 0.0296 
        D417  3 0.0208 0.1476 0.6544 0.0159 0.0625 0.0311 0.0351 0.0324 
        D419  3 0.2876 0.0921 0.1298 0.0860 0.1850 0.0494 0.1158 0.0544 
        D565  3 0.1594 0.0169 0.0531 0.0150 0.0295 0.0191 0.0213 0.6858 
        D566  3 0.4264 0.0354 0.0650 0.0545 0.0807 0.0177 0.0371 0.2832 
        D567  3 0.0262 0.0401 0.5829 0.0446 0.0872 0.0554 0.1373 0.0263 
        D568  3 0.0427 0.1523 0.1610 0.1324 0.1502 0.1993 0.1394 0.0226 
        D569  3 0.0406 0.0440 0.0270 0.1015 0.1107 0.5720 0.0526 0.0516 
        D573  3 0.1780 0.0431 0.2737 0.3111 0.1273 0.0310 0.0194 0.0164 
        D574  3 0.2203 0.0938 0.0406 0.0593 0.1014 0.0328 0.0677 0.3841 
        D575  3 0.3387 0.0753 0.1102 0.0705 0.0997 0.0345 0.1870 0.0840 
        D576  3 0.0774 0.0391 0.0091 0.7275 0.0463 0.0231 0.0219 0.0557 
        D577  3 0.0626 0.0906 0.5491 0.0291 0.1085 0.0530 0.0615 0.0456 
        D578  3 0.0183 0.1365 0.0179 0.0661 0.1706 0.0145 0.5593 0.0170 
        D579  3 0.3083 0.0796 0.1508 0.0641 0.0824 0.1030 0.0606 0.1512 
        D660  3 0.0309 0.0534 0.0234 0.6621 0.1002 0.0483 0.0663 0.0154 
        D661  3 0.3446 0.1741 0.0350 0.1904 0.1173 0.0820 0.0351 0.0215 
        D663  3 0.3735 0.0664 0.0892 0.0926 0.2441 0.0688 0.0253 0.0401 
        D664  3 0.0870 0.1712 0.0203 0.1824 0.1800 0.0369 0.2109 0.1114 
        D665  3 0.0352 0.3549 0.0198 0.0351 0.3292 0.0935 0.1159 0.0164 
        D666  3 0.2611 0.1069 0.1065 0.0291 0.1238 0.0455 0.2116 0.1156 
        D009  4 0.0309 0.1492 0.1011 0.0216 0.2069 0.1705 0.2668 0.0530 
        D057  4 0.0477 0.0346 0.0463 0.1201 0.0462 0.5192 0.1586 0.0274 
        D109  4 0.0325 0.1461 0.0464 0.0269 0.1673 0.0528 0.4616 0.0663 
     D237222  4 0.0217 0.1203 0.0480 0.0526 0.0964 0.0459 0.4650 0.1500 
     D237223  4 0.0575 0.3772 0.0349 0.0739 0.1299 0.0763 0.1126 0.1378 
     D237224  4 0.1791 0.0579 0.1574 0.1878 0.1215 0.2181 0.0499 0.0283 
     D237225  4 0.1122 0.2276 0.0944 0.0316 0.2743 0.0681 0.1294 0.0624 
     D237299  4 0.0387 0.7878 0.0257 0.0175 0.0657 0.0217 0.0170 0.0260 
     D237300  4 0.8041 0.0433 0.0170 0.0338 0.0306 0.0190 0.0206 0.0317 
     D237306  4 0.0163 0.0875 0.0530 0.0217 0.0525 0.0453 0.0392 0.6845 
     D237307  4 0.0991 0.0846 0.4269 0.0566 0.0868 0.0223 0.0340 0.1897 
     D237308  4 0.0484 0.0285 0.0355 0.3995 0.0837 0.2225 0.0912 0.0908 
     D237309  4 0.0477 0.1400 0.1630 0.0607 0.3495 0.0790 0.1259 0.0341 
     D237317  4 0.0845 0.0229 0.1385 0.0252 0.1517 0.0385 0.0736 0.4651 
     D237318  4 0.7617 0.0370 0.0321 0.0619 0.0468 0.0139 0.0157 0.0308 
     D237319  4 0.0489 0.4191 0.0731 0.0643 0.1739 0.0361 0.1324 0.0522 
     D237320  4 0.0830 0.4758 0.0701 0.0965 0.0683 0.0323 0.1355 0.0385 
     D237321  4 0.7031 0.0286 0.0495 0.0728 0.0553 0.0248 0.0357 0.0303 
     D237397  4 0.1118 0.2023 0.0552 0.1275 0.1251 0.0356 0.0818 0.2608 
     D237398  4 0.6788 0.1025 0.0563 0.0326 0.0482 0.0443 0.0217 0.0155 
     D237399  4 0.4132 0.1346 0.0928 0.0456 0.0680 0.0581 0.0492 0.1384 
     D244001  4 0.0273 0.0760 0.0242 0.1846 0.1909 0.1014 0.3562 0.0393 
        D289  4 0.1058 0.0577 0.1096 0.0787 0.0788 0.3027 0.0457 0.2210 
        D290  4 0.0547 0.5044 0.0651 0.0451 0.2031 0.0676 0.0283 0.0316 
        D294  4 0.0813 0.1685 0.1284 0.0488 0.1943 0.3156 0.0239 0.0392 
        D295  4 0.0691 0.2368 0.3615 0.0337 0.0861 0.1081 0.0540 0.0506 
        D301  4 0.1186 0.0887 0.0184 0.0530 0.0547 0.0419 0.5819 0.0429 
        D302  4 0.0205 0.0231 0.0753 0.0148 0.0412 0.7853 0.0228 0.0170 
        D303  4 0.0701 0.0585 0.0448 0.0754 0.0444 0.1110 0.0806 0.5152 
        D304  4 0.2916 0.2555 0.0888 0.0307 0.1968 0.0478 0.0270 0.0618 
        D305  4 0.0348 0.0249 0.0240 0.0828 0.3371 0.4479 0.0359 0.0125 
        D306  4 0.0288 0.3344 0.0400 0.0266 0.3940 0.0425 0.0289 0.1048 
        D307  4 0.0640 0.0291 0.0160 0.0244 0.0315 0.0583 0.7299 0.0469 
        D327  4 0.0544 0.0686 0.5444 0.0606 0.1163 0.0524 0.0293 0.0739 
        D328  4 0.0371 0.0504 0.0251 0.0211 0.0570 0.5833 0.0297 0.1963 
        D329  4 0.0749 0.0868 0.0691 0.1545 0.1369 0.3542 0.0773 0.0463 
        D330  4 0.0147 0.2470 0.2615 0.0883 0.1879 0.0873 0.0885 0.0248 
        D331  4 0.3127 0.1664 0.1759 0.0481 0.1138 0.0462 0.0545 0.0825 
        D333  4 0.0895 0.1329 0.0485 0.0894 0.0839 0.3295 0.0896 0.1368 
        D334  4 0.0892 0.0810 0.0942 0.0184 0.0890 0.0662 0.0370 0.5251 
        D335  4 0.0222 0.0250 0.1811 0.0371 0.0496 0.6138 0.0240 0.0473 
        D370  4 0.0319 0.0617 0.0555 0.0714 0.1406 0.1018 0.2045 0.3325 
        D371  4 0.0493 0.0170 0.0776 0.0487 0.0332 0.0205 0.0199 0.7339 
        D372  4 0.6567 0.0663 0.0118 0.0552 0.1560 0.0167 0.0172 0.0202 
        D373  4 0.0925 0.0343 0.0414 0.0724 0.0797 0.0582 0.6030 0.0185 
        D455  4 0.0443 0.0369 0.0488 0.0292 0.0417 0.1015 0.6759 0.0217 
        D490  4 0.0169 0.0954 0.0259 0.0127 0.0300 0.0318 0.7634 0.0240 
        D497  4 0.0364 0.0864 0.0170 0.0213 0.0683 0.0725 0.6720 0.0262 
        D498  4 0.1833 0.2983 0.0796 0.0664 0.1390 0.0421 0.0707 0.1206 
        D499  4 0.1716 0.1358 0.0350 0.2072 0.1670 0.1399 0.0308 0.1128 
        D514  4 0.0496 0.1910 0.3347 0.0367 0.1716 0.1459 0.0427 0.0277 
        D515  4 0.0171 0.7347 0.0348 0.0294 0.0438 0.0446 0.0540 0.0417 
        D516  4 0.0846 0.1463 0.2139 0.0851 0.1915 0.0311 0.1408 0.1067 
        D517  4 0.0553 0.0982 0.0526 0.0722 0.2895 0.0336 0.3738 0.0246 
        D518  4 0.0229 0.0256 0.0267 0.0316 0.0407 0.6695 0.1215 0.0614 
        D519  4 0.0503 0.6993 0.0441 0.0394 0.0532 0.0204 0.0699 0.0236 
        D560  4 0.0418 0.6448 0.0761 0.0551 0.0779 0.0552 0.0334 0.0156 
        D561  4 0.0197 0.2046 0.2088 0.0713 0.2665 0.0889 0.1189 0.0213 
        D562  4 0.0698 0.1763 0.0507 0.0913 0.2190 0.2261 0.0925 0.0744 
        D563  4 0.0551 0.0673 0.0259 0.5299 0.1210 0.1286 0.0506 0.0216 
        D572  4 0.0204 0.0387 0.0478 0.0172 0.0363 0.7745 0.0336 0.0316 
        D629  4 0.1477 0.1123 0.3632 0.0297 0.1073 0.0940 0.1232 0.0228 
        D630  4 0.0881 0.3811 0.1102 0.0383 0.1146 0.1452 0.0538 0.0686 
        D631  4 0.0270 0.0297 0.0191 0.0508 0.0357 0.8032 0.0171 0.0175 
        D632  4 0.0230 0.0261 0.0449 0.1422 0.0528 0.1485 0.5453 0.0173 
        D646  4 0.0375 0.3108 0.1572 0.0721 0.1809 0.0565 0.1325 0.0525 
        D647  4 0.0336 0.1726 0.4497 0.0555 0.0704 0.1098 0.0874 0.0209 
        D648  4 0.0174 0.0866 0.0147 0.0257 0.0595 0.6544 0.0209 0.1208 
        D649  4 0.0345 0.0456 0.3668 0.0223 0.0825 0.1954 0.2318 0.0211 
        D650  4 0.1154 0.2016 0.2227 0.0307 0.0969 0.1318 0.1064 0.0947 
        D708  4 0.1155 0.1235 0.0484 0.0286 0.1396 0.2615 0.0402 0.2427 
        D709  4 0.0597 0.3313 0.0434 0.0460 0.2317 0.1169 0.0896 0.0814 
        D738  4 0.0308 0.0653 0.0793 0.0169 0.0480 0.0273 0.0809 0.6514 
        D739  4 0.0629 0.3588 0.0382 0.0429 0.1868 0.1387 0.1246 0.0471 
        D740  4 0.1865 0.1314 0.0282 0.0738 0.2491 0.0781 0.1336 0.1192 
        D741  4 0.0209 0.4689 0.1503 0.0768 0.2025 0.0277 0.0332 0.0199 
        D742  4 0.1369 0.1434 0.0514 0.3031 0.1256 0.0977 0.0461 0.0957 
        D743  4 0.0323 0.0405 0.4276 0.0585 0.0483 0.3425 0.0224 0.0279 
        D744  4 0.0300 0.0326 0.0332 0.0520 0.0327 0.7783 0.0256 0.0157 
        D745  4 0.0255 0.7607 0.0304 0.0172 0.0447 0.0387 0.0610 0.0218 
        D814  4 0.0465 0.1755 0.0337 0.2908 0.3132 0.0954 0.0268 0.0182 
        D815  4 0.0533 0.0915 0.1323 0.0373 0.0670 0.5412 0.0374 0.0399 
        D828  4 0.0603 0.2937 0.0148 0.1131 0.1067 0.1463 0.0264 0.2386 
        D845  4 0.8629 0.0178 0.0184 0.0319 0.0194 0.0176 0.0130 0.0190 
        D846  4 0.0379 0.0400 0.1843 0.1578 0.1271 0.3865 0.0542 0.0121 
        D847  4 0.1241 0.3330 0.1314 0.0586 0.1159 0.0696 0.0984 0.0690 
        D848  4 0.1333 0.0205 0.0186 0.0651 0.0527 0.0388 0.6490 0.0221 
        D849  4 0.0244 0.5391 0.0390 0.0324 0.1708 0.0646 0.1074 0.0223 
        D850  4 0.1420 0.0825 0.2612 0.0572 0.2057 0.0661 0.1029 0.0824 
        D856  4 0.0452 0.4009 0.0528 0.0377 0.2659 0.0553 0.0988 0.0434 
        D857  4 0.0188 0.0486 0.0094 0.0979 0.0411 0.0297 0.6984 0.0561 
        D859  4 0.0507 0.0633 0.0887 0.0450 0.0740 0.6363 0.0166 0.0254 
        D860  4 0.2312 0.0230 0.1172 0.1130 0.0726 0.0743 0.0283 0.3404 
        D883  4 0.0886 0.1076 0.2574 0.0382 0.0978 0.1102 0.1735 0.1266 
        D884  4 0.0266 0.4238 0.0711 0.0181 0.1038 0.1255 0.0646 0.1665 
        D885  4 0.1993 0.1905 0.1281 0.0694 0.2737 0.0766 0.0365 0.0260 
        D886  4 0.0374 0.3027 0.1375 0.0632 0.0968 0.0854 0.2382 0.0389 
        D887  4 0.1996 0.1227 0.1090 0.1600 0.1495 0.1429 0.0598 0.0566 
        D889  4 0.5458 0.1739 0.0537 0.0150 0.1080 0.0761 0.0118 0.0158 
        D890  4 0.0672 0.0660 0.0729 0.0891 0.1552 0.1829 0.1696 0.1971 
        D891  4 0.9306 0.0106 0.0097 0.0102 0.0117 0.0097 0.0089 0.0086 
        D899  4 0.1822 0.0526 0.0338 0.4662 0.0750 0.0890 0.0235 0.0776 
        D900  4 0.0461 0.2107 0.1579 0.0963 0.1669 0.1736 0.0589 0.0896 
        D970  4 0.1154 0.0538 0.1199 0.0585 0.1330 0.4147 0.0575 0.0473 
        D971  4 0.0263 0.0372 0.0763 0.4605 0.1139 0.1578 0.0563 0.0717 
        D979  4 0.0382 0.0229 0.3156 0.0270 0.0690 0.4581 0.0209 0.0482 
        D093  5 0.1086 0.0590 0.0397 0.0296 0.0397 0.0257 0.0310 0.6666 
        D154  5 0.1440 0.3515 0.0315 0.1232 0.2330 0.0390 0.0193 0.0586 
        D168  5 0.1018 0.1921 0.0798 0.3003 0.1744 0.0429 0.0898 0.0189 
        D189  5 0.1658 0.1828 0.0483 0.0312 0.0977 0.0381 0.0183 0.4178 
        D190  5 0.1151 0.0381 0.0316 0.0249 0.0371 0.0604 0.0293 0.6635 
     D237220  5 0.2516 0.2136 0.0412 0.0229 0.1275 0.1260 0.1342 0.0830 
     D237221  5 0.4906 0.0528 0.0479 0.0771 0.0583 0.0724 0.0496 0.1513 
     D237274  5 0.0200 0.0382 0.4259 0.0626 0.1413 0.2424 0.0378 0.0316 
     D237275  5 0.0487 0.1089 0.0213 0.6292 0.0956 0.0203 0.0224 0.0536 
     D237276  5 0.0483 0.3128 0.0997 0.0416 0.1181 0.0579 0.1110 0.2106 
     D237277  5 0.5035 0.0223 0.0300 0.0586 0.0379 0.0604 0.0225 0.2649 
     D237278  5 0.0350 0.0932 0.0461 0.3309 0.1233 0.0780 0.1000 0.1934 
     D237279  5 0.0679 0.0389 0.0522 0.0227 0.2184 0.0645 0.5159 0.0194 
     D237280  5 0.0473 0.0506 0.1109 0.0266 0.1214 0.0429 0.5562 0.0441 
     D237281  5 0.2229 0.0625 0.1138 0.3476 0.1631 0.0321 0.0217 0.0362 
     D237351  5 0.0668 0.0728 0.0270 0.0254 0.0623 0.0289 0.6664 0.0503 
     D237352  5 0.0440 0.0524 0.0775 0.0981 0.1139 0.2229 0.3105 0.0806 
     D237353  5 0.3718 0.0170 0.0161 0.0186 0.0270 0.0425 0.0208 0.4862 
     D237359  5 0.3716 0.2343 0.0490 0.0298 0.1237 0.0781 0.0759 0.0377 
     D237361  5 0.1124 0.0219 0.0294 0.0211 0.0216 0.0183 0.0223 0.7531 
     D237362  5 0.2231 0.0761 0.2056 0.0558 0.1727 0.0633 0.0723 0.1311 
     D237363  5 0.0577 0.1457 0.0478 0.1416 0.5135 0.0175 0.0250 0.0512 
     D237364  5 0.0673 0.3228 0.1142 0.1108 0.1641 0.1354 0.0675 0.0180 
     D237376  5 0.0341 0.1619 0.0160 0.0389 0.0716 0.2397 0.0166 0.4212 
     D237377  5 0.0884 0.0215 0.1427 0.0498 0.2111 0.0389 0.3554 0.0922 
     D237378  5 0.1121 0.0586 0.0249 0.0765 0.0736 0.1364 0.0347 0.4834 
     D237379  5 0.0531 0.1404 0.0323 0.0537 0.1143 0.2774 0.0277 0.3011 
     D237380  5 0.0168 0.0411 0.0270 0.0187 0.0855 0.1111 0.6075 0.0922 
     D237381  5 0.0523 0.0633 0.0350 0.0796 0.1198 0.1036 0.4475 0.0990 
     D237391  5 0.4182 0.0308 0.0314 0.0193 0.0241 0.0195 0.0246 0.4322 
     D237392  5 0.0303 0.0635 0.3322 0.3023 0.1075 0.0615 0.0619 0.0406 
     D237393  5 0.0719 0.0384 0.3394 0.0861 0.0717 0.0401 0.1093 0.2430 
     D237394  5 0.1828 0.0183 0.0321 0.0118 0.0288 0.0238 0.0328 0.6697 
     D237395  5 0.2018 0.2683 0.0413 0.0561 0.0931 0.0203 0.0713 0.2478 
     D237396  5 0.1402 0.0240 0.3330 0.0733 0.1103 0.0476 0.1432 0.1285 
     D244016  5 0.3420 0.0399 0.0314 0.0547 0.2179 0.1441 0.0336 0.1363 
     D244018  5 0.1359 0.0400 0.0868 0.3239 0.1179 0.0286 0.0811 0.1858 
     D244019  5 0.2545 0.0818 0.0953 0.1299 0.2696 0.0705 0.0312 0.0672 
        D279  5 0.4513 0.1951 0.0341 0.0602 0.1272 0.0515 0.0302 0.0504 
        D280  5 0.3986 0.0782 0.0939 0.0528 0.1685 0.0212 0.0638 0.1230 
        D281  5 0.4498 0.0901 0.0259 0.1479 0.1539 0.0268 0.0131 0.0925 
        D283  5 0.3494 0.0223 0.0998 0.0238 0.0958 0.0319 0.0302 0.3469 
        D284  5 0.0648 0.5469 0.0647 0.0432 0.1409 0.0366 0.0660 0.0369 
        D285  5 0.4857 0.0496 0.0759 0.0215 0.0710 0.0605 0.0309 0.2050 
        D286  5 0.1042 0.2530 0.1038 0.0304 0.1207 0.1738 0.0483 0.1657 
        D287  5 0.0588 0.2009 0.0173 0.0462 0.1259 0.2476 0.0430 0.2602 
        D288  5 0.5142 0.0281 0.1755 0.0481 0.1298 0.0243 0.0218 0.0582 
        D308  5 0.0295 0.0349 0.0745 0.0195 0.0599 0.0254 0.7322 0.0242 
        D309  5 0.0131 0.0130 0.0312 0.0149 0.0403 0.8413 0.0247 0.0214 
        D310  5 0.0392 0.0192 0.0167 0.0123 0.1768 0.0161 0.0144 0.7053 
        D311  5 0.0827 0.1526 0.1304 0.0471 0.2053 0.1909 0.0336 0.1574 
        D312  5 0.1105 0.1073 0.1282 0.0629 0.1154 0.2182 0.0755 0.1821 
        D313  5 0.0102 0.0237 0.0141 0.0103 0.0181 0.0109 0.8811 0.0315 
        D314  5 0.1373 0.2993 0.0279 0.1029 0.1910 0.0835 0.0636 0.0944 
        D315  5 0.0578 0.0853 0.2955 0.0707 0.1239 0.0447 0.0773 0.2448 
        D317  5 0.0559 0.0204 0.0452 0.0145 0.0266 0.0163 0.0172 0.8039 
        D318  5 0.0623 0.1664 0.1319 0.1525 0.2200 0.1676 0.0423 0.0569 
        D319  5 0.0310 0.0317 0.0196 0.0154 0.0235 0.0125 0.0146 0.8518 
        D320  5 0.2349 0.0445 0.0318 0.0206 0.0472 0.0786 0.0395 0.5029 
        D321  5 0.2118 0.0209 0.0735 0.0135 0.0381 0.0209 0.5735 0.0478 
        D336  5 0.0214 0.0665 0.0194 0.0175 0.0642 0.0492 0.0182 0.7435 
        D337  5 0.0997 0.0159 0.0211 0.0216 0.0321 0.0259 0.0117 0.7720 
        D338  5 0.1195 0.2386 0.2022 0.0540 0.1543 0.0584 0.0593 0.1137 
        D339  5 0.1173 0.0449 0.0332 0.0389 0.1066 0.0209 0.0436 0.5945 
        D347  5 0.0396 0.1048 0.1334 0.1665 0.2323 0.1073 0.0206 0.1956 
        D348  5 0.0182 0.0133 0.0191 0.0213 0.0491 0.0967 0.0179 0.7643 
        D349  5 0.0469 0.0193 0.0271 0.0203 0.0303 0.0245 0.7790 0.0525 
        D350  5 0.0197 0.0235 0.0164 0.0216 0.0173 0.8689 0.0160 0.0165 
        D355  5 0.1275 0.2335 0.1991 0.1074 0.2113 0.0717 0.0168 0.0326 
        D356  5 0.1354 0.0776 0.2956 0.0314 0.0894 0.0536 0.0953 0.2216 
        D357  5 0.0838 0.1935 0.0516 0.0649 0.3213 0.0663 0.0371 0.1815 
        D358  5 0.0787 0.0571 0.0511 0.0540 0.1229 0.1466 0.0990 0.3906 
        D359  5 0.0881 0.0226 0.1502 0.0215 0.1049 0.0848 0.0209 0.5071 
        D360  5 0.1465 0.0881 0.1324 0.0252 0.0768 0.0454 0.0760 0.4097 
        D361  5 0.0227 0.0314 0.0319 0.0256 0.0325 0.0161 0.8101 0.0297 
        D366  5 0.0191 0.0255 0.4203 0.4363 0.0377 0.0183 0.0194 0.0235 
        D367  5 0.0372 0.0772 0.0212 0.0170 0.1295 0.1075 0.0245 0.5860 
        D368  5 0.1136 0.1383 0.0965 0.0304 0.2210 0.0475 0.1202 0.2325 
        D380  5 0.1173 0.0701 0.0978 0.0458 0.1964 0.3751 0.0716 0.0260 
        D381  5 0.0948 0.0296 0.0531 0.0330 0.1414 0.0423 0.0313 0.5745 
        D400  5 0.1175 0.1404 0.0644 0.0734 0.1167 0.2046 0.0250 0.2580 
        D411  5 0.0188 0.2350 0.0170 0.0576 0.0842 0.0253 0.5503 0.0119 
        D412  5 0.0545 0.0490 0.0635 0.1578 0.3736 0.0559 0.0946 0.1512 
        D413  5 0.0574 0.0632 0.1180 0.5940 0.0690 0.0446 0.0294 0.0244 
        D414  5 0.0439 0.1109 0.0241 0.0539 0.0646 0.6676 0.0157 0.0192 
        D420  5 0.4118 0.2589 0.0350 0.0184 0.1299 0.0229 0.0904 0.0326 
        D431  5 0.2080 0.2349 0.0162 0.0894 0.1613 0.1837 0.0480 0.0585 
        D432  5 0.1356 0.0324 0.0619 0.0918 0.0943 0.0392 0.0935 0.4513 
        D433  5 0.2306 0.0391 0.0584 0.0398 0.0565 0.0261 0.0355 0.5142 
        D434  5 0.1501 0.0454 0.0613 0.0237 0.0980 0.0354 0.0604 0.5257 
        D440  5 0.0149 0.0329 0.0162 0.0167 0.0341 0.8414 0.0230 0.0208 
        D447  5 0.0236 0.1475 0.1824 0.1250 0.3054 0.0998 0.0778 0.0385 
        D448  5 0.0441 0.0894 0.0561 0.0496 0.1323 0.0317 0.0156 0.5810 
        D459  5 0.2178 0.0444 0.1167 0.3864 0.1088 0.0775 0.0159 0.0325 
        D460  5 0.0583 0.0212 0.0781 0.0298 0.0334 0.0250 0.7052 0.0490 
        D461  5 0.0263 0.0156 0.0433 0.0141 0.0203 0.8437 0.0184 0.0183 
        D468  5 0.0525 0.1933 0.1659 0.0794 0.2464 0.0404 0.0444 0.1777 
        D469  5 0.0469 0.1174 0.5221 0.0335 0.0763 0.0733 0.0681 0.0623 
        D470  5 0.0355 0.4272 0.0827 0.0391 0.1546 0.0895 0.0678 0.1035 
        D471  5 0.0855 0.1183 0.0616 0.0294 0.0572 0.0416 0.0148 0.5916 
        D472  5 0.0975 0.0147 0.7097 0.0923 0.0373 0.0143 0.0148 0.0194 
        D479  5 0.0153 0.0222 0.0230 0.7286 0.0490 0.1165 0.0187 0.0267 
        D485  5 0.0264 0.2195 0.0306 0.0735 0.1185 0.3904 0.0288 0.1122 
        D486  5 0.0252 0.3979 0.0838 0.0561 0.1933 0.0439 0.0805 0.1193 
        D487  5 0.3863 0.0743 0.0284 0.0859 0.1093 0.1698 0.0241 0.1219 
        D555  5 0.0645 0.0193 0.0271 0.0652 0.0372 0.0190 0.0237 0.7440 
        D556  5 0.5350 0.0626 0.0253 0.0264 0.0598 0.2015 0.0442 0.0454 
        D557  5 0.1011 0.0173 0.0452 0.0502 0.0453 0.0561 0.0218 0.6629 
        D564  5 0.0459 0.0528 0.0651 0.0435 0.1428 0.3401 0.0800 0.2297 
        D594  5 0.0239 0.0576 0.1302 0.1479 0.3446 0.0768 0.0417 0.1773 
        D595  5 0.0971 0.0706 0.1772 0.1390 0.1273 0.0586 0.0695 0.2607 
        D596  5 0.0905 0.0155 0.0259 0.0438 0.0271 0.0233 0.0302 0.7437 
        D597  5 0.3663 0.0267 0.0812 0.1598 0.0700 0.1009 0.0246 0.1704 
        D598  5 0.0928 0.0565 0.0887 0.0736 0.0862 0.1151 0.1500 0.3371 
        D617  5 0.0371 0.1729 0.0222 0.3223 0.1399 0.0248 0.2612 0.0197 
        D618  5 0.5010 0.0477 0.0433 0.0365 0.0463 0.0572 0.0318 0.2362 
        D619  5 0.0445 0.0268 0.2283 0.0677 0.1399 0.0358 0.2687 0.1882 
        D620  5 0.0491 0.0257 0.0587 0.7570 0.0288 0.0251 0.0231 0.0325 
        D628  5 0.0214 0.0515 0.0226 0.0311 0.0523 0.7012 0.0552 0.0647 
        D714  5 0.3349 0.0601 0.0205 0.0426 0.0823 0.3112 0.0220 0.1265 
        D715  5 0.4677 0.0216 0.0552 0.0341 0.0363 0.0315 0.0184 0.3352 
        D716  5 0.0711 0.1407 0.0889 0.1239 0.2771 0.1279 0.0217 0.1488 
        D717  5 0.2710 0.0831 0.2382 0.0395 0.0764 0.0886 0.0963 0.1070 
        D718  5 0.0219 0.5899 0.0178 0.0443 0.1219 0.0278 0.0387 0.1376 
        D769  5 0.0282 0.1854 0.0366 0.1492 0.1968 0.0629 0.3064 0.0345 
        D770  5 0.0582 0.1265 0.0285 0.2866 0.1573 0.2331 0.0207 0.0892 
        D771  5 0.0946 0.1436 0.0496 0.2883 0.1973 0.0596 0.0730 0.0938 
        D772  5 0.1138 0.0453 0.0267 0.0252 0.0359 0.6150 0.0469 0.0911 
        D782  5 0.2112 0.0463 0.0478 0.0787 0.3331 0.0197 0.2201 0.0431 
        D783  5 0.1173 0.0488 0.0166 0.2149 0.1214 0.3509 0.0238 0.1064 
        D784  5 0.3212 0.0374 0.2516 0.0273 0.0720 0.2091 0.0441 0.0372 
        D785  5 0.1845 0.0444 0.0332 0.0245 0.0623 0.1253 0.0962 0.4296 
        D786  5 0.0191 0.0957 0.1344 0.1142 0.0722 0.1147 0.4162 0.0334 
        D821  5 0.2597 0.0183 0.0146 0.0130 0.0158 0.0349 0.0138 0.6299 
        D822  5 0.0932 0.0583 0.1713 0.1013 0.2575 0.1267 0.0273 0.1645 
        D826  5 0.3106 0.1138 0.0720 0.0954 0.1001 0.0483 0.0409 0.2189 
        D827  5 0.0314 0.1500 0.2439 0.0763 0.2767 0.1277 0.0291 0.0649 
        D851  5 0.1119 0.1058 0.1034 0.0489 0.3376 0.0609 0.0868 0.1447 
        D852  5 0.3497 0.0407 0.0229 0.0445 0.0728 0.3416 0.0395 0.0884 
        D853  5 0.3199 0.2049 0.0666 0.0329 0.1041 0.0572 0.0291 0.1854 
        D854  5 0.1011 0.3903 0.0961 0.1082 0.1872 0.0625 0.0326 0.0220 
        D861  5 0.0806 0.2336 0.0433 0.1132 0.2471 0.0688 0.0553 0.1580 
        D862  5 0.0538 0.0905 0.2548 0.0236 0.1266 0.0549 0.0327 0.3630 
        D865  5 0.1345 0.0412 0.0295 0.0797 0.0689 0.0449 0.0470 0.5543 
        D868  5 0.0589 0.0719 0.6895 0.0255 0.0497 0.0353 0.0245 0.0447 
        D869  5 0.0275 0.1021 0.0370 0.0532 0.0773 0.0122 0.6515 0.0392 
        D870  5 0.0284 0.2396 0.1699 0.0521 0.4229 0.0278 0.0429 0.0163 
        D907  5 0.0292 0.0687 0.0285 0.0332 0.1105 0.0225 0.0440 0.6634 
        D908  5 0.4418 0.0286 0.0174 0.1094 0.0466 0.1962 0.0422 0.1177 
        D910  5 0.2024 0.0660 0.0790 0.1658 0.1136 0.0749 0.0237 0.2746 
        D911  5 0.3091 0.1826 0.1460 0.0535 0.2239 0.0351 0.0170 0.0328 
        D934  5 0.3637 0.0652 0.0366 0.1314 0.1357 0.2211 0.0201 0.0262 
        D946  5 0.1103 0.1734 0.0164 0.0599 0.1545 0.4036 0.0402 0.0418 
        D947  5 0.2376 0.2223 0.1399 0.0222 0.1001 0.2121 0.0392 0.0266 
