        D174  1 0.0387 0.5324 0.1620 0.0985 0.0418 0.1266 
        D199  1 0.0684 0.1907 0.0637 0.3490 0.2223 0.1059 
        D203  1 0.0958 0.0893 0.1433 0.3229 0.2394 0.1093 
        D204  1 0.1070 0.0321 0.0335 0.7569 0.0373 0.0332 
     D237366  1 0.1448 0.0825 0.0514 0.0902 0.0649 0.5662 
     D237367  1 0.0800 0.0551 0.1043 0.2909 0.0575 0.4121 
     D237368  1 0.0474 0.1481 0.0701 0.1896 0.0630 0.4818 
     D244101  1 0.2310 0.0362 0.0461 0.4414 0.2019 0.0433 
     D244102  1 0.3617 0.0851 0.1926 0.1169 0.0874 0.1563 
     D244103  1 0.0616 0.0552 0.1828 0.1348 0.0509 0.5146 
     D244104  1 0.0285 0.1446 0.0388 0.6555 0.0519 0.0806 
     D244105  1 0.0598 0.0278 0.2142 0.1386 0.0323 0.5274 
     D244106  1 0.0454 0.6334 0.0904 0.0734 0.1050 0.0524 
     D244107  1 0.0676 0.0296 0.2076 0.1239 0.0954 0.4759 
     D244108  1 0.0824 0.4065 0.1883 0.1806 0.0576 0.0846 
     D244113  1 0.2164 0.5714 0.0706 0.0324 0.0561 0.0531 
     D244114  1 0.1699 0.1686 0.1730 0.1655 0.1468 0.1761 
     D244115  1 0.0494 0.4131 0.2545 0.1706 0.0413 0.0711 
     D267365  1 0.0686 0.2478 0.0547 0.4662 0.0641 0.0985 
        D404  1 0.2753 0.4626 0.1241 0.0439 0.0556 0.0384 
        D405  1 0.3601 0.1372 0.1693 0.1436 0.1071 0.0827 
        D406  1 0.0381 0.0534 0.0516 0.1185 0.0211 0.7173 
        D407  1 0.0250 0.0447 0.0391 0.3950 0.0686 0.4276 
        D408  1 0.0605 0.6336 0.1043 0.0755 0.0857 0.0403 
        D409  1 0.0643 0.0531 0.2500 0.1070 0.0490 0.4765 
        D410  1 0.0458 0.0362 0.7711 0.0928 0.0174 0.0368 
        D421  1 0.0170 0.0394 0.0199 0.8391 0.0407 0.0439 
        D422  1 0.0218 0.0206 0.0355 0.0545 0.0389 0.8287 
        D423  1 0.0322 0.0290 0.6522 0.0996 0.0461 0.1409 
        D424  1 0.0319 0.0467 0.0614 0.6523 0.0277 0.1800 
        D425  1 0.0698 0.1146 0.0816 0.6451 0.0306 0.0582 
        D426  1 0.0272 0.0529 0.1791 0.0740 0.1353 0.5315 
        D427  1 0.0208 0.2701 0.0332 0.2047 0.4295 0.0418 
        D428  1 0.1251 0.1981 0.0827 0.3542 0.0612 0.1787 
        D429  1 0.1030 0.2972 0.0692 0.3595 0.0759 0.0953 
        D430  1 0.0876 0.2652 0.2549 0.1209 0.1556 0.1159 
        D491  1 0.0402 0.7508 0.0469 0.0873 0.0294 0.0453 
        D492  1 0.1262 0.1632 0.1121 0.3084 0.0675 0.2226 
        D537  1 0.0786 0.0347 0.0638 0.6541 0.0306 0.1382 
        D538  1 0.1383 0.1901 0.2939 0.0971 0.0964 0.1842 
        D539  1 0.1659 0.3050 0.1542 0.0656 0.1664 0.1428 
        D540  1 0.0565 0.0872 0.2291 0.3850 0.0595 0.1827 
        D541  1 0.0215 0.0222 0.0279 0.8562 0.0302 0.0421 
        D551  1 0.0616 0.0609 0.0646 0.0962 0.4155 0.3013 
        D552  1 0.0565 0.2660 0.1326 0.3113 0.0545 0.1791 
        D553  1 0.0229 0.0321 0.0254 0.8711 0.0215 0.0271 
        D615  1 0.0490 0.1247 0.1983 0.4064 0.1294 0.0922 
        D616  1 0.0303 0.1048 0.2218 0.3359 0.1377 0.1694 
        D621  1 0.2600 0.1488 0.1098 0.0420 0.0315 0.4077 
        D622  1 0.0559 0.0628 0.1443 0.0740 0.0355 0.6275 
        D623  1 0.4006 0.3065 0.0843 0.0565 0.1173 0.0347 
        D624  1 0.0231 0.7693 0.0493 0.0758 0.0282 0.0542 
        D625  1 0.0524 0.0805 0.0739 0.6826 0.0253 0.0854 
        D626  1 0.0705 0.4379 0.1121 0.1071 0.0637 0.2087 
        D627  1 0.0392 0.0727 0.1726 0.1507 0.0926 0.4721 
        D690  1 0.0322 0.0868 0.0595 0.7461 0.0179 0.0574 
        D691  1 0.0297 0.0507 0.0579 0.1248 0.0298 0.7071 
        D710  1 0.1491 0.1847 0.1140 0.3703 0.0509 0.1310 
        D711  1 0.1048 0.0577 0.0497 0.6876 0.0318 0.0683 
        D712  1 0.0727 0.6597 0.0656 0.0555 0.0590 0.0876 
        D713  1 0.2714 0.2135 0.1142 0.2178 0.0366 0.1464 
        D746  1 0.0282 0.0371 0.0508 0.0808 0.0299 0.7733 
        D747  1 0.0303 0.0267 0.0211 0.8664 0.0317 0.0237 
        D748  1 0.0712 0.0574 0.1448 0.3248 0.0306 0.3711 
        D749  1 0.1222 0.1457 0.2240 0.0516 0.0882 0.3683 
        D750  1 0.0484 0.5851 0.0745 0.2035 0.0300 0.0585 
        D763  1 0.2685 0.0435 0.0881 0.1907 0.2116 0.1977 
        D764  1 0.0224 0.2413 0.0917 0.5458 0.0287 0.0701 
        D765  1 0.0361 0.1625 0.5695 0.0680 0.0301 0.1339 
        D766  1 0.1178 0.0632 0.2168 0.2676 0.0368 0.2978 
        D767  1 0.4686 0.0523 0.1194 0.1293 0.0760 0.1544 
        D768  1 0.0249 0.0196 0.0306 0.8599 0.0288 0.0362 
        D811  1 0.1224 0.3317 0.4116 0.0438 0.0398 0.0506 
        D816  1 0.0326 0.0516 0.0308 0.8284 0.0254 0.0311 
        D825  1 0.0574 0.2877 0.3740 0.1876 0.0256 0.0677 
        D866  1 0.0306 0.3635 0.1276 0.0815 0.3396 0.0572 
        D867  1 0.0853 0.0454 0.0463 0.0339 0.0419 0.7471 
        D871  1 0.1005 0.0853 0.2655 0.0939 0.0445 0.4103 
        D872  1 0.1165 0.0655 0.0964 0.4792 0.0536 0.1888 
        D873  1 0.0605 0.0196 0.8627 0.0152 0.0188 0.0233 
        D874  1 0.5914 0.1500 0.0405 0.1415 0.0465 0.0301 
        D875  1 0.0421 0.0290 0.3720 0.0469 0.0253 0.4847 
        D876  1 0.0853 0.1298 0.0451 0.5920 0.0326 0.1152 
        D877  1 0.3235 0.3758 0.1260 0.0972 0.0479 0.0297 
        D892  1 0.0804 0.2041 0.0715 0.3826 0.0206 0.2406 
        D893  1 0.0763 0.0369 0.0629 0.6455 0.0571 0.1213 
        D894  1 0.0779 0.1078 0.1240 0.5539 0.0487 0.0876 
        D915  1 0.0355 0.0861 0.1149 0.5721 0.0430 0.1484 
        D916  1 0.0189 0.0281 0.0279 0.8593 0.0216 0.0443 
        D917  1 0.1530 0.3686 0.0732 0.2182 0.1125 0.0746 
        D925  1 0.0270 0.1272 0.4507 0.2975 0.0340 0.0635 
        D926  1 0.1022 0.1424 0.1212 0.4967 0.0448 0.0928 
        D927  1 0.0725 0.0720 0.0541 0.4662 0.2395 0.0957 
        D928  1 0.0371 0.7723 0.0365 0.1127 0.0206 0.0208 
        D929  1 0.6550 0.0795 0.0644 0.0518 0.0322 0.1170 
        D936  1 0.1793 0.0505 0.0705 0.5722 0.0862 0.0413 
        D938  1 0.0511 0.0479 0.0555 0.0581 0.0225 0.7649 
        D956  1 0.0490 0.6755 0.1505 0.0394 0.0476 0.0380 
        D957  1 0.1588 0.0629 0.1976 0.3543 0.0468 0.1796 
        D958  1 0.0937 0.1676 0.1077 0.4158 0.0290 0.1862 
        D959  1 0.0223 0.0382 0.0362 0.4233 0.0533 0.4266 
        D960  1 0.0838 0.0657 0.1262 0.0519 0.0293 0.6430 
        D989  1 0.0432 0.6575 0.0351 0.0819 0.1265 0.0559 
        D990  1 0.0307 0.1272 0.6572 0.0278 0.0730 0.0840 
        D023  2 0.0253 0.0297 0.0481 0.1224 0.0299 0.7446 
        D130  2 0.0376 0.0250 0.0456 0.0935 0.0390 0.7592 
        D131  2 0.0677 0.0532 0.2274 0.4771 0.0829 0.0917 
        D163  2 0.0469 0.0699 0.0528 0.1240 0.0286 0.6778 
        D164  2 0.0275 0.0183 0.3081 0.0295 0.5562 0.0604 
        D165  2 0.0295 0.0335 0.0528 0.0881 0.0378 0.7584 
        D166  2 0.4139 0.0420 0.2424 0.0798 0.0680 0.1539 
        D167  2 0.0390 0.0564 0.0318 0.0266 0.8192 0.0270 
        D192  2 0.0364 0.0305 0.0196 0.0176 0.8755 0.0205 
        D193  2 0.3840 0.2317 0.1854 0.0442 0.0764 0.0784 
        D206  2 0.0689 0.0469 0.1098 0.1688 0.2389 0.3666 
        D207  2 0.0617 0.0331 0.0557 0.0669 0.7358 0.0467 
        D208  2 0.0958 0.4255 0.1018 0.0818 0.2294 0.0656 
        D209  2 0.2494 0.0535 0.1114 0.0981 0.3321 0.1555 
        D210  2 0.0476 0.5400 0.0490 0.0950 0.2152 0.0532 
     D229599  2 0.3190 0.1111 0.1079 0.2594 0.0815 0.1209 
     D229600  2 0.0526 0.0384 0.0757 0.0435 0.2726 0.5172 
     D237227  2 0.0425 0.5734 0.1579 0.0705 0.0713 0.0843 
     D237228  2 0.0360 0.2595 0.5700 0.0275 0.0753 0.0316 
     D237258  2 0.1176 0.1300 0.1905 0.1229 0.2619 0.1772 
     D237310  2 0.0703 0.0487 0.7671 0.0203 0.0533 0.0403 
     D237311  2 0.0504 0.0530 0.6257 0.0299 0.1760 0.0650 
     D237312  2 0.1948 0.0796 0.5109 0.0400 0.0287 0.1460 
     D237313  2 0.1121 0.1419 0.1995 0.3684 0.0607 0.1175 
     D237322  2 0.3285 0.1153 0.1950 0.0680 0.2054 0.0877 
     D237323  2 0.0604 0.2080 0.5841 0.0305 0.0466 0.0703 
     D237324  2 0.0640 0.0311 0.1108 0.0948 0.2916 0.4078 
     D237325  2 0.1822 0.1192 0.3037 0.0845 0.0676 0.2428 
     D237326  2 0.0508 0.1261 0.5048 0.1812 0.0601 0.0771 
     D237327  2 0.2553 0.0816 0.0687 0.1513 0.2858 0.1574 
     D237337  2 0.0379 0.0572 0.7719 0.0508 0.0269 0.0554 
     D237338  2 0.1489 0.2022 0.2057 0.0892 0.1057 0.2484 
     D237339  2 0.5918 0.0273 0.0492 0.1115 0.1809 0.0393 
     D237340  2 0.1179 0.2232 0.2777 0.0406 0.1973 0.1433 
     D237389  2 0.0771 0.0328 0.7372 0.0349 0.0643 0.0536 
     D237390  2 0.1751 0.1319 0.4015 0.0979 0.0439 0.1497 
     D244017  2 0.0801 0.4133 0.1035 0.0516 0.2836 0.0681 
     D244112  2 0.0436 0.0387 0.0760 0.0258 0.7556 0.0602 
     D244118  2 0.0719 0.0408 0.0432 0.0280 0.5426 0.2735 
     D244119  2 0.0232 0.6474 0.0336 0.0382 0.2328 0.0247 
     D244120  2 0.2065 0.1219 0.1154 0.0255 0.4725 0.0582 
     D244122  2 0.0820 0.0656 0.0559 0.0439 0.6658 0.0868 
        D291  2 0.0699 0.0533 0.1573 0.1286 0.3968 0.1941 
        D292  2 0.0924 0.1285 0.0853 0.3121 0.3419 0.0398 
        D293  2 0.0751 0.0231 0.0310 0.2489 0.6002 0.0216 
        D322  2 0.1211 0.0349 0.0749 0.2595 0.4502 0.0594 
        D323  2 0.2679 0.0978 0.1532 0.1849 0.1855 0.1107 
        D324  2 0.0354 0.1003 0.1749 0.3031 0.1980 0.1884 
        D325  2 0.0293 0.0168 0.0307 0.0629 0.8282 0.0322 
        D326  2 0.0237 0.0471 0.0234 0.8573 0.0254 0.0231 
        D340  2 0.0255 0.0320 0.0249 0.0340 0.8515 0.0321 
        D341  2 0.0772 0.0598 0.0569 0.0533 0.6860 0.0668 
        D342  2 0.0471 0.0392 0.1072 0.0383 0.6363 0.1319 
        D343  2 0.0215 0.0138 0.0165 0.0232 0.9032 0.0218 
        D344  2 0.5206 0.0349 0.1155 0.2058 0.0748 0.0484 
        D345  2 0.1655 0.0813 0.1693 0.3737 0.0722 0.1380 
        D346  2 0.0557 0.6100 0.0774 0.1013 0.0988 0.0568 
        D351  2 0.1089 0.0386 0.1928 0.4565 0.1045 0.0987 
        D352  2 0.6540 0.0812 0.1082 0.0508 0.0567 0.0490 
        D353  2 0.1955 0.0298 0.0557 0.5987 0.0692 0.0511 
        D354  2 0.5809 0.0924 0.0926 0.1551 0.0228 0.0562 
        D362  2 0.0321 0.0502 0.0599 0.7404 0.0375 0.0799 
        D363  2 0.0370 0.0836 0.0552 0.7463 0.0335 0.0444 
        D364  2 0.3167 0.0723 0.0971 0.4146 0.0349 0.0644 
        D365  2 0.0310 0.0331 0.0266 0.0540 0.8333 0.0220 
        D369  2 0.0426 0.2374 0.1471 0.2894 0.2049 0.0785 
        D374  2 0.1622 0.6682 0.0746 0.0318 0.0370 0.0262 
        D375  2 0.7665 0.0356 0.0733 0.0640 0.0199 0.0408 
        D376  2 0.1570 0.6361 0.1027 0.0252 0.0451 0.0340 
        D377  2 0.1252 0.1724 0.4118 0.0772 0.1033 0.1100 
        D378  2 0.1536 0.0439 0.0666 0.3378 0.2660 0.1319 
        D379  2 0.0773 0.0450 0.0441 0.7364 0.0347 0.0626 
        D384  2 0.0226 0.0586 0.0263 0.8399 0.0273 0.0252 
        D385  2 0.1261 0.0569 0.0513 0.0311 0.7028 0.0317 
        D386  2 0.4186 0.0324 0.0613 0.2784 0.0811 0.1282 
        D391  2 0.0942 0.0290 0.0359 0.0639 0.7456 0.0315 
        D392  2 0.0386 0.0811 0.1228 0.1239 0.5862 0.0475 
        D393  2 0.1263 0.0425 0.0651 0.4966 0.1808 0.0886 
        D394  2 0.2772 0.0736 0.2003 0.1251 0.0921 0.2317 
        D395  2 0.5543 0.0416 0.0555 0.0436 0.2627 0.0422 
        D401  2 0.0204 0.0521 0.8466 0.0255 0.0290 0.0265 
        D402  2 0.0561 0.0241 0.0369 0.0306 0.8265 0.0258 
        D403  2 0.2238 0.0413 0.0991 0.3013 0.0598 0.2747 
        D415  2 0.0411 0.0258 0.1317 0.6890 0.0317 0.0808 
        D435  2 0.0680 0.0271 0.0640 0.5094 0.2566 0.0749 
        D436  2 0.5164 0.0821 0.0619 0.2159 0.0472 0.0766 
        D438  2 0.0252 0.0346 0.0217 0.0221 0.8626 0.0338 
        D439  2 0.5025 0.0329 0.1219 0.1453 0.0907 0.1067 
        D449  2 0.0299 0.0377 0.0778 0.1378 0.6165 0.1003 
        D450  2 0.2655 0.2290 0.1780 0.1776 0.0407 0.1092 
        D456  2 0.0267 0.0289 0.0238 0.8632 0.0221 0.0352 
        D462  2 0.0880 0.0192 0.0313 0.0737 0.7491 0.0386 
        D463  2 0.0457 0.0418 0.0260 0.8349 0.0202 0.0314 
        D464  2 0.5254 0.0580 0.0933 0.1891 0.0915 0.0426 
        D465  2 0.0427 0.0423 0.1719 0.2820 0.3511 0.1101 
        D473  2 0.1581 0.5333 0.1169 0.0458 0.0537 0.0923 
        D474  2 0.0375 0.0985 0.0577 0.5983 0.1364 0.0715 
        D476  2 0.3690 0.0228 0.0394 0.0561 0.0882 0.4244 
        D477  2 0.2243 0.0951 0.1412 0.4449 0.0507 0.0438 
        D478  2 0.2277 0.1779 0.1231 0.0937 0.0787 0.2988 
        D480  2 0.1630 0.1606 0.0579 0.4193 0.1480 0.0512 
        D481  2 0.1791 0.1434 0.1083 0.3457 0.0695 0.1540 
        D482  2 0.4610 0.1710 0.1296 0.0429 0.1004 0.0951 
        D483  2 0.0395 0.0977 0.0274 0.0332 0.7585 0.0438 
        D484  2 0.8384 0.0410 0.0326 0.0242 0.0367 0.0271 
        D510  2 0.0951 0.6809 0.0553 0.0447 0.0792 0.0448 
        D511  2 0.4656 0.0361 0.0648 0.2353 0.1278 0.0704 
        D512  2 0.0589 0.0246 0.7241 0.0345 0.1024 0.0555 
        D513  2 0.0346 0.0978 0.0690 0.1310 0.5816 0.0859 
        D635  2 0.0265 0.0491 0.1095 0.4439 0.0457 0.3252 
        D636  2 0.0226 0.0350 0.0604 0.0520 0.0262 0.8038 
        D637  2 0.3013 0.1286 0.1724 0.0602 0.2690 0.0685 
        D658  2 0.2958 0.1253 0.1191 0.0405 0.3755 0.0439 
        D659  2 0.0543 0.0566 0.0280 0.6596 0.0565 0.1450 
        D677  2 0.1072 0.0390 0.1235 0.3586 0.1066 0.2651 
        D678  2 0.0898 0.0432 0.0960 0.0450 0.6390 0.0870 
        D679  2 0.0699 0.0886 0.0663 0.5743 0.1159 0.0850 
        D719  2 0.0487 0.4492 0.0477 0.2827 0.1456 0.0262 
        D720  2 0.0279 0.0895 0.0405 0.7476 0.0412 0.0533 
        D721  2 0.0363 0.0525 0.0361 0.0820 0.0628 0.7303 
        D722  2 0.1723 0.4891 0.1504 0.0573 0.0817 0.0492 
        D734  2 0.4039 0.3935 0.0300 0.0453 0.0982 0.0291 
        D735  2 0.0892 0.1406 0.2287 0.3676 0.0863 0.0877 
        D736  2 0.0659 0.4360 0.0947 0.1306 0.1827 0.0900 
        D737  2 0.2875 0.0765 0.0629 0.0409 0.4371 0.0950 
        D807  2 0.1173 0.2873 0.1330 0.2626 0.1280 0.0719 
        D808  2 0.0944 0.0564 0.4261 0.1440 0.1522 0.1269 
        D817  2 0.1125 0.0659 0.1360 0.5805 0.0382 0.0668 
        D818  2 0.0837 0.0515 0.0877 0.1360 0.4027 0.2384 
        D819  2 0.0626 0.0815 0.4362 0.2409 0.0562 0.1226 
        D820  2 0.0778 0.0346 0.0233 0.7835 0.0439 0.0368 
        D895  2 0.0764 0.0679 0.0639 0.4623 0.0579 0.2717 
        D896  2 0.0347 0.0524 0.8301 0.0292 0.0210 0.0326 
        D897  2 0.0745 0.0411 0.1038 0.0473 0.6608 0.0724 
        D898  2 0.1998 0.0731 0.5051 0.0907 0.0631 0.0683 
        D918  2 0.1449 0.1161 0.2942 0.0821 0.1423 0.2205 
        D919  2 0.4096 0.0340 0.0584 0.2275 0.1896 0.0808 
        D920  2 0.0576 0.0896 0.0791 0.0449 0.0414 0.6874 
        D923  2 0.1156 0.0427 0.0499 0.6727 0.0560 0.0630 
        D930  2 0.1785 0.1733 0.1789 0.3182 0.0715 0.0796 
        D931  2 0.2345 0.0775 0.0836 0.3868 0.1524 0.0653 
        D968  2 0.0315 0.0225 0.0242 0.0410 0.8591 0.0217 
        D969  2 0.0750 0.1010 0.0790 0.3667 0.3280 0.0503 
        D977  2 0.0520 0.0348 0.0599 0.0468 0.7411 0.0654 
        D978  2 0.1264 0.0988 0.1542 0.0688 0.4831 0.0686 
        D211  3 0.0700 0.0404 0.1139 0.0940 0.0396 0.6421 
     D229639  3 0.0536 0.2488 0.0759 0.1091 0.4613 0.0513 
     D237212  3 0.3183 0.0533 0.1836 0.1347 0.1796 0.1305 
     D237213  3 0.1686 0.0439 0.4258 0.1208 0.0702 0.1706 
     D237214  3 0.0290 0.0440 0.0519 0.0489 0.0220 0.8041 
     D237215  3 0.0598 0.1781 0.0564 0.0253 0.6503 0.0301 
     D237216  3 0.1158 0.0708 0.2335 0.1121 0.1099 0.3580 
     D237217  3 0.0379 0.0295 0.1282 0.2012 0.1080 0.4952 
     D237218  3 0.2824 0.1208 0.1075 0.1286 0.1945 0.1663 
     D237219  3 0.0502 0.2222 0.3157 0.0788 0.0852 0.2479 
     D237382  3 0.1493 0.1668 0.2908 0.1949 0.0736 0.1246 
     D244127  3 0.0655 0.0408 0.6387 0.0432 0.1339 0.0779 
     D244129  3 0.1236 0.0768 0.2884 0.2143 0.1352 0.1616 
     D244133  3 0.0279 0.2470 0.1878 0.1266 0.1734 0.2372 
     D244134  3 0.0414 0.4971 0.0989 0.0764 0.2045 0.0818 
     D244135  3 0.0392 0.0315 0.0540 0.0644 0.0708 0.7401 
     D244136  3 0.0588 0.3107 0.1053 0.2546 0.1238 0.1468 
        D416  3 0.0839 0.0629 0.2048 0.2237 0.2474 0.1772 
        D417  3 0.0948 0.0499 0.0952 0.5914 0.0308 0.1380 
        D419  3 0.0768 0.1523 0.1436 0.2373 0.1763 0.2138 
        D565  3 0.0222 0.8279 0.0371 0.0559 0.0240 0.0328 
        D566  3 0.0347 0.4680 0.0832 0.0908 0.2763 0.0470 
        D567  3 0.0761 0.0374 0.0627 0.6575 0.0508 0.1154 
        D568  3 0.1927 0.0297 0.0776 0.2963 0.1461 0.2577 
        D569  3 0.6139 0.0699 0.0604 0.0382 0.1059 0.1118 
        D573  3 0.0353 0.0334 0.0598 0.2247 0.6013 0.0455 
        D574  3 0.0697 0.5175 0.1718 0.0690 0.0731 0.0990 
        D575  3 0.0642 0.2082 0.2226 0.1455 0.1212 0.2383 
        D576  3 0.0556 0.0590 0.0641 0.0147 0.7574 0.0492 
        D577  3 0.1144 0.0746 0.0628 0.4921 0.0474 0.2087 
        D578  3 0.0241 0.0233 0.0595 0.0255 0.0371 0.8306 
        D579  3 0.1112 0.2700 0.0983 0.2523 0.1653 0.1028 
        D660  3 0.1149 0.0357 0.2373 0.0410 0.4450 0.1261 
        D661  3 0.1755 0.0355 0.0795 0.0535 0.5072 0.1489 
        D663  3 0.0777 0.0512 0.0592 0.0851 0.6712 0.0556 
        D664  3 0.0684 0.1609 0.3023 0.0354 0.1798 0.2531 
        D665  3 0.2053 0.0212 0.4858 0.0303 0.0685 0.1890 
        D666  3 0.0649 0.2421 0.3294 0.1658 0.0630 0.1347 
        D009  4 0.3198 0.0437 0.1330 0.1375 0.0325 0.3335 
        D057  4 0.4372 0.0513 0.0238 0.0588 0.1598 0.2690 
        D109  4 0.0625 0.1083 0.5765 0.0696 0.0376 0.1455 
     D237222  4 0.0981 0.1570 0.0784 0.0664 0.0474 0.5527 
     D237223  4 0.1117 0.1287 0.2562 0.0975 0.1155 0.2905 
     D237224  4 0.2762 0.0714 0.0750 0.2183 0.2817 0.0773 
     D237225  4 0.1940 0.0735 0.1627 0.1752 0.0687 0.3260 
     D237299  4 0.0835 0.0726 0.5486 0.0260 0.0547 0.2146 
     D237300  4 0.0476 0.0778 0.0622 0.0365 0.7293 0.0466 
     D237306  4 0.0969 0.4766 0.1912 0.1261 0.0439 0.0653 
     D237307  4 0.0470 0.2608 0.0773 0.4030 0.0820 0.1299 
     D237308  4 0.2067 0.1295 0.0798 0.0939 0.3935 0.0966 
     D237309  4 0.2235 0.0399 0.1592 0.2495 0.0703 0.2576 
     D237317  4 0.0653 0.3986 0.0866 0.2827 0.0492 0.1177 
     D237318  4 0.0278 0.0421 0.0443 0.0341 0.8200 0.0317 
     D237319  4 0.1131 0.0723 0.1889 0.1629 0.0922 0.3705 
     D237320  4 0.0604 0.0578 0.1911 0.1586 0.2291 0.3030 
     D237321  4 0.0628 0.1071 0.0956 0.0913 0.5597 0.0834 
     D237397  4 0.0739 0.2365 0.1403 0.1129 0.2292 0.2073 
     D237398  4 0.0971 0.0288 0.1072 0.1462 0.5037 0.1170 
     D237399  4 0.1254 0.2996 0.0909 0.1894 0.1311 0.1635 
     D244001  4 0.1407 0.0405 0.0426 0.0559 0.0854 0.6349 
        D289  4 0.2244 0.3219 0.0736 0.1558 0.1337 0.0905 
        D290  4 0.5133 0.0513 0.1266 0.1255 0.0626 0.1207 
        D294  4 0.5331 0.0629 0.0557 0.1155 0.0690 0.1638 
        D295  4 0.1819 0.0764 0.1770 0.4093 0.0518 0.1036 
        D301  4 0.0833 0.0948 0.0684 0.0376 0.0955 0.6204 
        D302  4 0.6454 0.0296 0.0484 0.1885 0.0275 0.0606 
        D303  4 0.1308 0.5934 0.0968 0.0596 0.0640 0.0555 
        D304  4 0.3274 0.1844 0.0921 0.1528 0.1106 0.1327 
        D305  4 0.6371 0.0201 0.0979 0.0434 0.1197 0.0819 
        D306  4 0.3224 0.1494 0.2135 0.1289 0.0400 0.1458 
        D307  4 0.0558 0.1187 0.0506 0.0260 0.0411 0.7079 
        D327  4 0.0795 0.0896 0.0639 0.5961 0.0779 0.0931 
        D328  4 0.5523 0.2114 0.0959 0.0477 0.0433 0.0494 
        D329  4 0.4062 0.0803 0.0733 0.1176 0.1511 0.1715 
        D330  4 0.1774 0.0263 0.2726 0.3295 0.0539 0.1402 
        D331  4 0.1378 0.1856 0.1779 0.2763 0.1096 0.1126 
        D333  4 0.3813 0.1358 0.1306 0.1057 0.1274 0.1193 
        D334  4 0.0829 0.5601 0.0540 0.1178 0.0341 0.1511 
        D335  4 0.4465 0.0448 0.0450 0.3703 0.0495 0.0439 
        D370  4 0.3190 0.1744 0.2700 0.0899 0.0675 0.0792 
        D371  4 0.0401 0.7137 0.0434 0.1278 0.0408 0.0342 
        D372  4 0.1325 0.0542 0.1122 0.0252 0.6385 0.0375 
        D373  4 0.0738 0.0367 0.0379 0.0536 0.1029 0.6950 
        D455  4 0.1281 0.0438 0.0340 0.0477 0.0499 0.6966 
        D490  4 0.0600 0.0317 0.0431 0.0314 0.0175 0.8163 
        D497  4 0.1106 0.0325 0.0798 0.0371 0.0309 0.7091 
        D498  4 0.1776 0.1911 0.2888 0.1164 0.1068 0.1193 
        D499  4 0.1416 0.1988 0.2398 0.0502 0.3220 0.0476 
        D514  4 0.3557 0.0364 0.1641 0.2961 0.0520 0.0958 
        D515  4 0.1228 0.0505 0.3514 0.0753 0.0546 0.3455 
        D516  4 0.0546 0.1137 0.2212 0.2951 0.1257 0.1897 
        D517  4 0.0573 0.0458 0.0821 0.0751 0.0669 0.6728 
        D518  4 0.4845 0.1056 0.0326 0.0679 0.0540 0.2554 
        D519  4 0.0429 0.0495 0.2937 0.1199 0.1134 0.3805 
        D560  4 0.1421 0.0360 0.2088 0.1440 0.1387 0.3305 
        D561  4 0.0956 0.0269 0.2283 0.1231 0.0678 0.4584 
        D562  4 0.3047 0.1221 0.1397 0.0885 0.1093 0.2358 
        D563  4 0.2482 0.0320 0.1520 0.0620 0.4097 0.0962 
        D572  4 0.7071 0.0464 0.0329 0.0785 0.0375 0.0977 
        D629  4 0.0897 0.0572 0.0832 0.3047 0.0514 0.4138 
        D630  4 0.3029 0.0854 0.0969 0.1623 0.0746 0.2778 
        D631  4 0.6886 0.0456 0.0415 0.0495 0.1052 0.0697 
        D632  4 0.1621 0.0427 0.0828 0.0901 0.1509 0.4713 
        D646  4 0.0858 0.0458 0.1992 0.3194 0.1253 0.2245 
        D647  4 0.1240 0.0254 0.0688 0.5597 0.0679 0.1541 
        D648  4 0.7375 0.1129 0.0480 0.0258 0.0295 0.0463 
        D649  4 0.1690 0.0451 0.1702 0.4532 0.0368 0.1257 
        D650  4 0.1444 0.1578 0.1604 0.2825 0.0584 0.1964 
        D708  4 0.2888 0.3212 0.1298 0.0863 0.0568 0.1171 
        D709  4 0.4300 0.0862 0.2825 0.1026 0.0430 0.0557 
        D738  4 0.0568 0.4790 0.1140 0.1774 0.0383 0.1345 
        D739  4 0.2842 0.0607 0.1283 0.0550 0.0577 0.4141 
        D740  4 0.1326 0.2214 0.3630 0.0414 0.1224 0.1193 
        D741  4 0.0590 0.0297 0.3423 0.2262 0.1834 0.1594 
        D742  4 0.1430 0.1638 0.0967 0.0701 0.4358 0.0906 
        D743  4 0.2845 0.0510 0.0461 0.4993 0.0625 0.0566 
        D744  4 0.6170 0.0394 0.0869 0.0989 0.0998 0.0580 
        D745  4 0.0572 0.0420 0.3467 0.0519 0.0411 0.4611 
        D814  4 0.1736 0.0430 0.0499 0.0715 0.3938 0.2683 
        D815  4 0.5425 0.0593 0.0718 0.2024 0.0648 0.0592 
        D828  4 0.4072 0.2219 0.1541 0.0235 0.1284 0.0651 
        D845  4 0.0371 0.1394 0.0314 0.0401 0.7213 0.0307 
        D846  4 0.4211 0.0226 0.0528 0.1712 0.1329 0.1994 
        D847  4 0.1387 0.1554 0.1282 0.1667 0.0844 0.3265 
        D848  4 0.0705 0.0336 0.0301 0.0307 0.1930 0.6420 
        D849  4 0.1527 0.0342 0.2519 0.0703 0.0398 0.4510 
        D850  4 0.0456 0.1080 0.0795 0.2552 0.1332 0.3785 
        D856  4 0.1108 0.0663 0.5650 0.0956 0.0410 0.1213 
        D857  4 0.0961 0.0421 0.6914 0.0164 0.0829 0.0711 
        D859  4 0.6785 0.0568 0.0548 0.1037 0.0584 0.0478 
        D860  4 0.1019 0.4895 0.0359 0.1729 0.1576 0.0422 
        D883  4 0.1643 0.1271 0.1128 0.2827 0.0521 0.2609 
        D884  4 0.1535 0.1296 0.3799 0.1275 0.0441 0.1655 
        D885  4 0.1192 0.0648 0.2014 0.1594 0.2359 0.2192 
        D886  4 0.2041 0.0453 0.1698 0.1897 0.0801 0.3110 
        D887  4 0.2640 0.1026 0.1685 0.1454 0.2378 0.0816 
        D889  4 0.5161 0.0546 0.0594 0.0915 0.2076 0.0708 
        D890  4 0.2539 0.2455 0.1683 0.0871 0.0818 0.1634 
        D891  4 0.0203 0.0258 0.0353 0.0323 0.8614 0.0249 
        D899  4 0.1660 0.1335 0.0555 0.0570 0.5399 0.0481 
        D900  4 0.3154 0.0889 0.1580 0.2007 0.0980 0.1391 
        D970  4 0.3699 0.0903 0.0923 0.2468 0.0835 0.1173 
        D971  4 0.1925 0.0663 0.1275 0.1497 0.4062 0.0578 
        D979  4 0.3549 0.0499 0.0420 0.4604 0.0423 0.0505 
        D093  5 0.0541 0.7671 0.0404 0.0570 0.0413 0.0401 
        D154  5 0.0960 0.0932 0.2445 0.0614 0.4466 0.0583 
        D168  5 0.0672 0.0360 0.1928 0.1235 0.3364 0.2440 
        D189  5 0.1001 0.5201 0.0650 0.0711 0.1795 0.0643 
        D190  5 0.0714 0.7163 0.0590 0.0587 0.0546 0.0400 
     D237220  5 0.2050 0.1849 0.1978 0.0599 0.0525 0.3000 
     D237221  5 0.1012 0.3829 0.1026 0.1411 0.2012 0.0710 
     D237274  5 0.1306 0.0270 0.0649 0.6775 0.0578 0.0422 
     D237275  5 0.0521 0.0504 0.0950 0.0297 0.7336 0.0392 
     D237276  5 0.1370 0.2459 0.1694 0.1940 0.0680 0.1856 
     D237277  5 0.0786 0.6632 0.0715 0.0518 0.1007 0.0343 
     D237278  5 0.1199 0.2646 0.1608 0.0559 0.2823 0.1167 
     D237279  5 0.0806 0.0364 0.6152 0.0629 0.0463 0.1585 
     D237280  5 0.1034 0.1203 0.2531 0.2121 0.0340 0.2771 
     D237281  5 0.0327 0.0380 0.0581 0.0699 0.7736 0.0278 
     D237351  5 0.0397 0.1204 0.6823 0.0451 0.0457 0.0668 
     D237352  5 0.2040 0.0894 0.0801 0.1422 0.0781 0.4062 
     D237353  5 0.0473 0.7951 0.0518 0.0402 0.0428 0.0228 
     D237359  5 0.2338 0.1259 0.1273 0.0720 0.0876 0.3534 
     D237361  5 0.0318 0.8211 0.0537 0.0353 0.0288 0.0292 
     D237362  5 0.0736 0.2399 0.1761 0.2958 0.1029 0.1117 
     D237363  5 0.0572 0.1055 0.3713 0.0984 0.2478 0.1198 
     D237364  5 0.2895 0.0292 0.1663 0.1286 0.1782 0.2081 
     D237376  5 0.4883 0.2613 0.1226 0.0206 0.0654 0.0419 
     D237377  5 0.0559 0.1743 0.3096 0.3202 0.0690 0.0710 
     D237378  5 0.1846 0.5817 0.0591 0.0373 0.0836 0.0536 
     D237379  5 0.3856 0.3238 0.1015 0.0478 0.0579 0.0834 
     D237380  5 0.2777 0.0850 0.4407 0.0511 0.0259 0.1197 
     D237381  5 0.2404 0.1015 0.2059 0.1022 0.0728 0.2772 
     D237391  5 0.0364 0.7952 0.0418 0.0544 0.0360 0.0362 
     D237392  5 0.0931 0.0482 0.0859 0.5117 0.1708 0.0902 
     D237393  5 0.0682 0.2760 0.0932 0.3838 0.0968 0.0820 
     D237394  5 0.0269 0.8405 0.0498 0.0364 0.0178 0.0285 
     D237395  5 0.0600 0.4244 0.1778 0.0553 0.1384 0.1440 
     D237396  5 0.0477 0.1544 0.0917 0.5220 0.0901 0.0940 
     D244016  5 0.1844 0.3389 0.2387 0.0603 0.1204 0.0573 
     D244018  5 0.0470 0.2859 0.0734 0.1111 0.3218 0.1607 
     D244019  5 0.1456 0.0997 0.2163 0.2909 0.1934 0.0540 
        D279  5 0.2064 0.1522 0.1934 0.0660 0.2539 0.1281 
        D280  5 0.0704 0.2827 0.1804 0.2221 0.1303 0.1141 
        D281  5 0.0627 0.1151 0.0634 0.0419 0.6823 0.0346 
        D283  5 0.0480 0.3781 0.0773 0.3755 0.0771 0.0440 
        D284  5 0.0891 0.0556 0.2642 0.0863 0.0904 0.4145 
        D285  5 0.1680 0.4801 0.1067 0.1159 0.0533 0.0760 
        D286  5 0.3166 0.2043 0.1323 0.1435 0.0601 0.1431 
        D287  5 0.4050 0.2537 0.1835 0.0324 0.0451 0.0804 
        D288  5 0.0513 0.1124 0.1239 0.4990 0.1587 0.0546 
        D308  5 0.0375 0.0534 0.6652 0.1496 0.0418 0.0524 
        D309  5 0.7380 0.0314 0.0698 0.0761 0.0280 0.0566 
        D310  5 0.0405 0.8013 0.0682 0.0387 0.0303 0.0209 
        D311  5 0.3142 0.1718 0.1244 0.2306 0.0737 0.0852 
        D312  5 0.2511 0.2910 0.1017 0.1510 0.0782 0.1270 
        D313  5 0.0189 0.0475 0.5387 0.0263 0.0185 0.3501 
        D314  5 0.1765 0.1481 0.3006 0.0558 0.1693 0.1496 
        D315  5 0.0757 0.3610 0.1272 0.2581 0.0633 0.1147 
        D317  5 0.0339 0.7925 0.0250 0.0709 0.0324 0.0453 
        D318  5 0.1951 0.0998 0.1730 0.1599 0.1351 0.2371 
        D319  5 0.0268 0.7783 0.0802 0.0507 0.0377 0.0262 
        D320  5 0.0964 0.7159 0.0671 0.0479 0.0315 0.0413 
        D321  5 0.0287 0.1026 0.6125 0.1383 0.0722 0.0457 
        D336  5 0.1668 0.6822 0.0458 0.0434 0.0255 0.0363 
        D337  5 0.0409 0.8268 0.0295 0.0397 0.0466 0.0166 
        D338  5 0.1249 0.2291 0.1777 0.1944 0.1383 0.1357 
        D339  5 0.0415 0.6783 0.0987 0.0606 0.0829 0.0379 
        D347  5 0.4330 0.0828 0.0581 0.2323 0.1356 0.0582 
        D348  5 0.1441 0.6965 0.0455 0.0481 0.0375 0.0283 
        D349  5 0.0337 0.0963 0.7805 0.0339 0.0305 0.0251 
        D350  5 0.7894 0.0362 0.0582 0.0398 0.0368 0.0395 
        D355  5 0.1636 0.0428 0.0958 0.1893 0.4750 0.0336 
        D356  5 0.0902 0.3073 0.0822 0.2886 0.0484 0.1833 
        D357  5 0.2742 0.1371 0.3416 0.0861 0.0934 0.0678 
        D358  5 0.1229 0.4606 0.1600 0.0956 0.0651 0.0958 
        D359  5 0.0797 0.3663 0.0879 0.4017 0.0343 0.0301 
        D360  5 0.0614 0.5225 0.0597 0.1297 0.0343 0.1922 
        D361  5 0.0266 0.0394 0.8172 0.0477 0.0336 0.0356 
        D366  5 0.0366 0.0394 0.0596 0.5683 0.1999 0.0963 
        D367  5 0.1695 0.4623 0.2418 0.0439 0.0341 0.0483 
        D368  5 0.0490 0.2241 0.5439 0.0945 0.0408 0.0476 
        D380  5 0.2930 0.0668 0.2330 0.1953 0.1013 0.1106 
        D381  5 0.0664 0.5757 0.1238 0.1163 0.0770 0.0407 
        D400  5 0.3298 0.2787 0.0663 0.1090 0.1461 0.0701 
        D411  5 0.0399 0.0217 0.1487 0.0263 0.0382 0.7252 
        D412  5 0.1733 0.1319 0.1916 0.1365 0.2227 0.1440 
        D413  5 0.0701 0.0477 0.0823 0.0994 0.5970 0.1035 
        D414  5 0.7257 0.0280 0.0589 0.0429 0.1124 0.0321 
        D420  5 0.0547 0.0922 0.2299 0.0504 0.1329 0.4399 
        D431  5 0.2662 0.0858 0.4137 0.0294 0.1226 0.0823 
        D432  5 0.0757 0.5140 0.0931 0.1200 0.0896 0.1076 
        D433  5 0.0657 0.5926 0.1153 0.1027 0.0893 0.0344 
        D434  5 0.0808 0.3606 0.1302 0.2935 0.0560 0.0790 
        D440  5 0.8049 0.0359 0.0581 0.0345 0.0266 0.0399 
        D447  5 0.1686 0.0378 0.0980 0.3765 0.0995 0.2197 
        D448  5 0.1910 0.5163 0.0661 0.1084 0.0792 0.0390 
        D459  5 0.0737 0.0491 0.0418 0.1309 0.6674 0.0371 
        D460  5 0.0317 0.0903 0.7365 0.0798 0.0301 0.0316 
        D461  5 0.7515 0.0418 0.0330 0.1067 0.0257 0.0413 
        D468  5 0.0576 0.2262 0.3669 0.2119 0.0638 0.0736 
        D469  5 0.1082 0.1186 0.1484 0.4803 0.0459 0.0986 
        D470  5 0.2182 0.1303 0.1289 0.1046 0.0518 0.3662 
        D471  5 0.1220 0.5995 0.0659 0.0936 0.0893 0.0296 
        D472  5 0.0245 0.0322 0.0242 0.7366 0.1491 0.0335 
        D479  5 0.2164 0.0354 0.0557 0.0510 0.6010 0.0404 
        D485  5 0.6118 0.0855 0.1179 0.0536 0.0622 0.0691 
        D486  5 0.1063 0.1280 0.3283 0.1363 0.0509 0.2503 
        D487  5 0.2460 0.3424 0.0917 0.0446 0.2069 0.0684 
        D555  5 0.0388 0.7890 0.0287 0.0415 0.0683 0.0338 
        D556  5 0.2818 0.2104 0.2041 0.0607 0.1518 0.0912 
        D557  5 0.0512 0.7833 0.0512 0.0528 0.0403 0.0213 
        D564  5 0.2651 0.3566 0.1936 0.0737 0.0410 0.0700 
        D594  5 0.3191 0.0853 0.1360 0.2464 0.1469 0.0663 
        D595  5 0.0863 0.4096 0.1079 0.2009 0.1196 0.0758 
        D596  5 0.0394 0.8072 0.0384 0.0366 0.0429 0.0356 
        D597  5 0.0880 0.2661 0.0454 0.1390 0.4105 0.0510 
        D598  5 0.1563 0.3806 0.0876 0.1320 0.0732 0.1703 
        D617  5 0.0385 0.0256 0.1033 0.0414 0.1395 0.6517 
        D618  5 0.0856 0.5816 0.0814 0.0884 0.0978 0.0652 
        D619  5 0.1026 0.1400 0.3855 0.2435 0.0902 0.0381 
        D620  5 0.0300 0.0434 0.0291 0.0723 0.7871 0.0380 
        D628  5 0.6447 0.0791 0.0734 0.0475 0.0397 0.1156 
        D714  5 0.3061 0.2791 0.1150 0.0308 0.2007 0.0683 
        D715  5 0.0359 0.6825 0.0528 0.1162 0.0699 0.0426 
        D716  5 0.4415 0.0756 0.0823 0.1507 0.1587 0.0912 
        D717  5 0.1283 0.1779 0.1098 0.3851 0.0573 0.1416 
        D718  5 0.1881 0.1401 0.4341 0.0290 0.0864 0.1222 
        D769  5 0.1490 0.0364 0.0739 0.0405 0.1178 0.5825 
        D770  5 0.2884 0.1428 0.1762 0.0661 0.2669 0.0596 
        D771  5 0.2425 0.1205 0.1666 0.0840 0.2673 0.1189 
        D772  5 0.4686 0.2547 0.0712 0.0767 0.0446 0.0842 
        D782  5 0.0400 0.0550 0.4619 0.0604 0.2611 0.1215 
        D783  5 0.3039 0.1556 0.1158 0.0405 0.3410 0.0433 
        D784  5 0.2065 0.1114 0.0939 0.4276 0.0716 0.0890 
        D785  5 0.1036 0.6418 0.0889 0.0580 0.0314 0.0763 
        D786  5 0.2210 0.0280 0.0820 0.1940 0.0561 0.4189 
        D821  5 0.0307 0.8818 0.0246 0.0227 0.0210 0.0192 
        D822  5 0.1463 0.1353 0.1763 0.3675 0.1217 0.0529 
        D826  5 0.0818 0.4086 0.1150 0.0857 0.2580 0.0509 
        D827  5 0.1074 0.0580 0.0953 0.4734 0.1295 0.1364 
        D851  5 0.0809 0.1954 0.3517 0.1540 0.1094 0.1087 
        D852  5 0.4104 0.1955 0.1221 0.0455 0.1663 0.0602 
        D853  5 0.1489 0.3779 0.1569 0.1240 0.1107 0.0816 
        D854  5 0.1645 0.0336 0.3396 0.1651 0.2090 0.0881 
        D861  5 0.1002 0.1841 0.2826 0.1044 0.2278 0.1008 
        D862  5 0.1220 0.2517 0.1631 0.3479 0.0454 0.0700 
        D865  5 0.0601 0.6709 0.1060 0.0433 0.0759 0.0437 
        D868  5 0.0458 0.1034 0.0451 0.6685 0.0558 0.0814 
        D869  5 0.0237 0.0556 0.0949 0.0495 0.0531 0.7231 
        D870  5 0.0521 0.0241 0.2123 0.0802 0.0626 0.5687 
        D907  5 0.0563 0.6695 0.1033 0.0501 0.0488 0.0719 
        D908  5 0.2386 0.2893 0.1134 0.0468 0.2729 0.0389 
        D910  5 0.1108 0.3273 0.0860 0.1277 0.3045 0.0436 
        D911  5 0.0974 0.0513 0.0628 0.1916 0.5622 0.0347 
        D934  5 0.3042 0.0930 0.1847 0.0740 0.2697 0.0743 
        D946  5 0.4675 0.0676 0.3033 0.0294 0.0904 0.0418 
        D947  5 0.4704 0.0537 0.1595 0.1451 0.0711 0.1003 
        D948  5 0.0252 0.2133 0.5966 0.0876 0.0333 0.0439 
        D949  5 0.0344 0.1028 0.7067 0.0879 0.0273 0.0409 
        D950  5 0.0755 0.0564 0.0608 0.1391 0.6291 0.0389 
        D951  5 0.1532 0.0683 0.2149 0.4187 0.0581 0.0868 
        D952  5 0.0766 0.0723 0.0486 0.6862 0.0706 0.0458 
        D953  5 0.0560 0.6333 0.0687 0.1455 0.0499 0.0465 
        D954  5 0.0470 0.2456 0.1372 0.4914 0.0398 0.0390 
        D961  5 0.4540 0.1612 0.2183 0.0333 0.0544 0.0787 
        D962  5 0.3658 0.4567 0.0474 0.0586 0.0207 0.0508 
        D963  5 0.1938 0.2835 0.0639 0.3028 0.0775 0.0785 
        D964  5 0.2435 0.0822 0.2754 0.0592 0.1224 0.2174 
        D965  5 0.6323 0.0778 0.0668 0.0594 0.0862 0.0773 
        D966  5 0.2335 0.2832 0.0580 0.1776 0.1711 0.0765 
        D967  5 0.0599 0.3192 0.1744 0.0687 0.2960 0.0819 
        D991  5 0.4898 0.1051 0.0896 0.0735 0.0380 0.2040 
        D502  6 0.2690 0.0202 0.4047 0.0310 0.1452 0.1299 
        D503  6 0.0362 0.1172 0.2167 0.0441 0.3553 0.2305 
        D504  6 0.1566 0.1380 0.1322 0.3780 0.0778 0.1174 
        D505  6 0.1370 0.3225 0.1170 0.1217 0.1462 0.1557 
        D506  6 0.0287 0.8533 0.0329 0.0359 0.0200 0.0293 
        D507  6 0.5212 0.0488 0.1926 0.0578 0.0940 0.0856 
        D508  6 0.4306 0.0429 0.1383 0.1941 0.1084 0.0857 
        D529  6 0.0999 0.1434 0.1302 0.1471 0.0796 0.3997 
        D530  6 0.3248 0.1768 0.2262 0.0394 0.0879 0.1449 
        D531  6 0.1885 0.1270 0.1961 0.2724 0.0973 0.1187 
        D532  6 0.2040 0.1642 0.1407 0.3076 0.0983 0.0852 
        D534  6 0.0742 0.0388 0.1554 0.0751 0.0517 0.6047 
        D535  6 0.1055 0.3781 0.1580 0.2039 0.0526 0.1019 
        D536  6 0.0587 0.0295 0.0622 0.0384 0.6447 0.1665 
        D554  6 0.2815 0.2443 0.2368 0.0575 0.0547 0.1253 
        D587  6 0.0593 0.6340 0.0654 0.1134 0.0670 0.0608 
        D588  6 0.0483 0.3742 0.2078 0.2338 0.0754 0.0606 
        D589  6 0.0875 0.1930 0.1681 0.0721 0.3555 0.1237 
        D590  6 0.0512 0.0516 0.0857 0.0582 0.6949 0.0584 
        D591  6 0.0653 0.2142 0.1826 0.1072 0.2037 0.2271 
        D592  6 0.0447 0.1086 0.1339 0.0731 0.0553 0.5844 
        D593  6 0.4526 0.1682 0.2072 0.0306 0.0705 0.0709 
        D682  6 0.0331 0.8005 0.0577 0.0358 0.0322 0.0406 
        D683  6 0.0577 0.3012 0.0685 0.4435 0.0413 0.0878 
        D684  6 0.0823 0.0389 0.1800 0.0733 0.2410 0.3844 
        D685  6 0.1541 0.0681 0.4207 0.0320 0.1633 0.1618 
        D686  6 0.2453 0.3038 0.2545 0.0923 0.0601 0.0440 
        D724  6 0.4256 0.0305 0.1715 0.1711 0.0936 0.1075 
        D725  6 0.3287 0.1268 0.1201 0.0685 0.1906 0.1654 
        D726  6 0.0413 0.8097 0.0408 0.0391 0.0300 0.0390 
        D727  6 0.0516 0.1090 0.0924 0.2357 0.4049 0.1064 
        D728  6 0.0998 0.5014 0.2275 0.0713 0.0408 0.0593 
        D729  6 0.0318 0.0376 0.2394 0.2827 0.2300 0.1784 
        D730  6 0.2924 0.0377 0.2146 0.1550 0.1397 0.1607 
        D731  6 0.0215 0.7535 0.0372 0.0209 0.1427 0.0243 
        D732  6 0.4821 0.0426 0.0679 0.2229 0.0646 0.1199 
        D733  6 0.6583 0.0619 0.0577 0.0551 0.0489 0.1182 
     D237251  7 0.3187 0.0572 0.1185 0.0581 0.3828 0.0647 
     D237252  7 0.1250 0.0386 0.2990 0.0593 0.2106 0.2676 
     D237253  7 0.1775 0.2221 0.1446 0.0850 0.2786 0.0922 
     D237254  7 0.0190 0.0225 0.0302 0.0252 0.0285 0.8745 
     D237255  7 0.0752 0.0624 0.0559 0.0517 0.7103 0.0444 
     D237256  7 0.2725 0.0628 0.1530 0.0808 0.3950 0.0358 
     D237257  7 0.0688 0.0409 0.5714 0.0593 0.0733 0.1863 
     D237282  7 0.1301 0.0323 0.0663 0.5143 0.1015 0.1556 
     D237283  7 0.0248 0.0402 0.5797 0.0216 0.0455 0.2882 
     D237284  7 0.0475 0.0298 0.0501 0.0730 0.0377 0.7619 
     D237285  7 0.3714 0.1555 0.1130 0.0604 0.2039 0.0958 
     D237286  7 0.1720 0.1965 0.2181 0.1879 0.1299 0.0956 
     D237287  7 0.0966 0.0821 0.1355 0.1412 0.4342 0.1104 
     D244006  7 0.0391 0.0253 0.0473 0.0313 0.0312 0.8257 
     D244007  7 0.0531 0.0600 0.0867 0.1778 0.4462 0.1762 
     D244008  7 0.0317 0.0865 0.5151 0.0357 0.0462 0.2847 
     D244009  7 0.2120 0.1128 0.2273 0.1033 0.0377 0.3067 
     D244010  7 0.0619 0.0485 0.4917 0.0575 0.0809 0.2595 
     D244011  7 0.3455 0.2190 0.2157 0.0367 0.0823 0.1008 
     D244012  7 0.1558 0.0468 0.3851 0.0679 0.2311 0.1132 
     D244013  7 0.2392 0.2035 0.0965 0.1368 0.2640 0.0599 
     D244014  7 0.2811 0.0666 0.2538 0.0679 0.1350 0.1956 
     D244015  7 0.0793 0.0436 0.3094 0.1247 0.0835 0.3595 
     D244125  7 0.1068 0.3363 0.1207 0.1976 0.1806 0.0579 
     D244126  7 0.0778 0.0196 0.5046 0.0264 0.0238 0.3477 
     D244130  7 0.2164 0.0570 0.5136 0.0690 0.0850 0.0589 
     D244131  7 0.1249 0.3437 0.1383 0.1946 0.0789 0.1196 
     D244132  7 0.5084 0.1289 0.0887 0.1929 0.0375 0.0437 
        D520  7 0.0689 0.0861 0.5710 0.0587 0.0362 0.1791 
        D521  7 0.2418 0.0696 0.3081 0.1930 0.1004 0.0871 
        D522  7 0.1025 0.1495 0.1107 0.1499 0.0636 0.4239 
        D523  7 0.1285 0.1294 0.0958 0.0661 0.4886 0.0916 
        D524  7 0.1908 0.1804 0.1320 0.0978 0.2572 0.1418 
        D525  7 0.0780 0.0640 0.1303 0.0548 0.2314 0.4415 
        D526  7 0.0283 0.0209 0.0443 0.0577 0.0359 0.8128 
        D527  7 0.3216 0.1202 0.1509 0.1831 0.0625 0.1617 
        D528  7 0.0364 0.0210 0.8205 0.0330 0.0155 0.0737 
        D558  7 0.7572 0.0252 0.0446 0.0481 0.0517 0.0732 
        D559  7 0.7944 0.0179 0.0588 0.0462 0.0420 0.0407 
        D640  7 0.3027 0.1986 0.1446 0.1582 0.1270 0.0688 
        D641  7 0.1620 0.2828 0.2803 0.0325 0.1463 0.0960 
        D642  7 0.0959 0.0875 0.1301 0.0736 0.1450 0.4680 
        D644  7 0.1843 0.2073 0.1524 0.1171 0.1109 0.2280 
        D645  7 0.1090 0.1810 0.2830 0.1097 0.1738 0.1435 
        D662  7 0.0353 0.1259 0.5047 0.2566 0.0200 0.0575 
        D687  7 0.3782 0.1606 0.1507 0.0843 0.1099 0.1162 
        D688  7 0.2968 0.0352 0.0958 0.2547 0.0892 0.2283 
        D689  7 0.0723 0.2001 0.2149 0.2392 0.1626 0.1110 
        D700  7 0.0411 0.0251 0.7758 0.0408 0.0308 0.0864 
        D797  7 0.2619 0.1785 0.1252 0.1838 0.1069 0.1437 
        D798  7 0.0720 0.0403 0.7762 0.0461 0.0259 0.0395 
        D799  7 0.2022 0.0433 0.3663 0.0621 0.2390 0.0871 
        D800  7 0.0934 0.0378 0.1318 0.5346 0.0849 0.1175 
        D132  8 0.0349 0.0498 0.0498 0.0502 0.0300 0.7854 
        D133  8 0.0307 0.0288 0.0476 0.0285 0.7979 0.0664 
        D200  8 0.6539 0.0283 0.1107 0.0401 0.0808 0.0862 
        D500  8 0.0354 0.0358 0.0402 0.0452 0.0211 0.8223 
        D614  8 0.1958 0.3595 0.1377 0.1094 0.0468 0.1509 
        D723  8 0.0867 0.0451 0.2140 0.4141 0.1145 0.1256 
        D888  8 0.1510 0.0806 0.0702 0.0691 0.5792 0.0498 
        D901  8 0.1014 0.0713 0.5491 0.0279 0.0624 0.1880 
        D902  8 0.1338 0.6374 0.1112 0.0316 0.0407 0.0453 
        D903  8 0.2095 0.1128 0.0803 0.4774 0.0574 0.0626 
        D904  8 0.4031 0.0720 0.1012 0.1937 0.0650 0.1651 
        D905  8 0.1379 0.2754 0.0412 0.0243 0.4888 0.0325 
        D906  8 0.1259 0.0535 0.0862 0.0878 0.4355 0.2111 
        D937  8 0.0502 0.7946 0.0767 0.0199 0.0378 0.0207 
        D943  8 0.2060 0.0573 0.1218 0.0686 0.0754 0.4709 
        D972  8 0.0653 0.0438 0.2275 0.2542 0.0852 0.3241 
        D973  8 0.0669 0.0586 0.0951 0.6663 0.0349 0.0782 
        D974  8 0.1472 0.0982 0.2807 0.1989 0.1265 0.1485 
        D975  8 0.4394 0.1282 0.0964 0.0539 0.1017 0.1805 
        D976  8 0.1991 0.1789 0.3473 0.0393 0.0840 0.1514 
        D201  9 0.3773 0.0471 0.0645 0.0793 0.2008 0.2310 
        D202  9 0.4814 0.0492 0.2928 0.0315 0.0990 0.0462 
     D237259  9 0.0821 0.0280 0.6060 0.0856 0.1058 0.0924 
     D237260  9 0.1112 0.0782 0.2467 0.0288 0.3627 0.1724 
     D237262  9 0.0360 0.0592 0.2757 0.0567 0.0282 0.5441 
