        D174  1 0.1279 0.0938 0.0453 0.0319 0.1523 0.1092 0.4396 
        D199  1 0.0876 0.2854 0.2449 0.0530 0.0911 0.0682 0.1698 
        D203  1 0.1626 0.3021 0.2037 0.0616 0.0879 0.1011 0.0810 
        D204  1 0.0407 0.7517 0.0410 0.0718 0.0314 0.0345 0.0290 
     D237366  1 0.1438 0.0837 0.0798 0.1767 0.2365 0.2056 0.0738 
     D237367  1 0.1418 0.3968 0.0540 0.0754 0.1731 0.1095 0.0495 
     D237368  1 0.0551 0.1729 0.0695 0.0489 0.1089 0.4268 0.1180 
     D244101  1 0.0329 0.2271 0.1913 0.3893 0.0912 0.0342 0.0342 
     D244102  1 0.3811 0.0896 0.0665 0.1479 0.1050 0.1390 0.0709 
     D244103  1 0.1155 0.1437 0.0451 0.0645 0.4875 0.0867 0.0571 
     D244104  1 0.0225 0.6337 0.0443 0.0343 0.0495 0.0588 0.1568 
     D244105  1 0.1159 0.0972 0.0338 0.0509 0.3519 0.3265 0.0239 
     D244106  1 0.1216 0.0811 0.0888 0.0415 0.1024 0.0341 0.5306 
     D244107  1 0.0313 0.0971 0.0682 0.0813 0.1703 0.5257 0.0260 
     D244108  1 0.0987 0.1367 0.0448 0.0546 0.0696 0.1791 0.4166 
     D244113  1 0.2553 0.0289 0.0466 0.1555 0.0522 0.0492 0.4123 
     D244114  1 0.1686 0.0907 0.0723 0.0832 0.4287 0.0506 0.1058 
     D244115  1 0.1056 0.1363 0.0383 0.0552 0.1528 0.2412 0.2706 
     D267365  1 0.0649 0.3606 0.0681 0.0655 0.0996 0.0782 0.2631 
        D404  1 0.4989 0.0343 0.0368 0.1090 0.0425 0.0313 0.2472 
        D405  1 0.4642 0.1247 0.0768 0.1098 0.0841 0.0642 0.0763 
        D406  1 0.0332 0.0772 0.0276 0.0474 0.0368 0.7266 0.0513 
        D407  1 0.0321 0.5324 0.0814 0.0213 0.2397 0.0579 0.0353 
        D408  1 0.1039 0.0722 0.0602 0.0453 0.0855 0.0432 0.5897 
        D409  1 0.1189 0.1036 0.0478 0.0556 0.5343 0.0677 0.0721 
        D410  1 0.0391 0.1144 0.0150 0.0491 0.0453 0.6913 0.0458 
        D421  1 0.0154 0.8690 0.0310 0.0142 0.0228 0.0155 0.0322 
        D422  1 0.0285 0.0755 0.0297 0.0216 0.1078 0.7165 0.0206 
        D423  1 0.0301 0.0797 0.0551 0.0200 0.0539 0.7380 0.0233 
        D424  1 0.0400 0.5725 0.0222 0.0348 0.2250 0.0648 0.0407 
        D425  1 0.0892 0.5348 0.0383 0.0473 0.1165 0.0520 0.1219 
        D426  1 0.0268 0.0550 0.0839 0.0248 0.7421 0.0275 0.0399 
        D427  1 0.0279 0.2420 0.3987 0.0226 0.0571 0.0324 0.2193 
        D428  1 0.0827 0.3674 0.0538 0.0907 0.1156 0.0975 0.1922 
        D429  1 0.1405 0.3658 0.0558 0.0630 0.1137 0.0672 0.1940 
        D430  1 0.3472 0.0876 0.0998 0.0414 0.2297 0.0425 0.1518 
        D491  1 0.0465 0.0953 0.0220 0.0303 0.0560 0.0339 0.7160 
        D492  1 0.1526 0.2495 0.0426 0.0616 0.1985 0.1493 0.1459 
        D537  1 0.0319 0.6752 0.0248 0.0749 0.0908 0.0700 0.0324 
        D538  1 0.3826 0.0802 0.0612 0.0513 0.1393 0.1814 0.1039 
        D539  1 0.1407 0.0567 0.1120 0.1554 0.1416 0.1205 0.2731 
        D540  1 0.0863 0.3261 0.0566 0.0537 0.3358 0.0817 0.0599 
        D541  1 0.0212 0.8477 0.0330 0.0229 0.0252 0.0317 0.0182 
        D551  1 0.0640 0.1065 0.2007 0.0401 0.4962 0.0426 0.0499 
        D552  1 0.0337 0.1997 0.0443 0.0810 0.0989 0.3029 0.2393 
        D553  1 0.0155 0.8579 0.0204 0.0247 0.0300 0.0250 0.0264 
        D615  1 0.1445 0.3935 0.0896 0.0343 0.0918 0.1427 0.1038 
        D616  1 0.0619 0.2805 0.1460 0.0323 0.1895 0.1997 0.0901 
        D621  1 0.0519 0.0242 0.0307 0.2265 0.0514 0.5046 0.1106 
        D622  1 0.0406 0.0499 0.0270 0.0874 0.1107 0.6314 0.0530 
        D623  1 0.1559 0.0397 0.1729 0.2193 0.0610 0.0511 0.3002 
        D624  1 0.0341 0.0546 0.0267 0.0186 0.0735 0.0374 0.7550 
        D625  1 0.0517 0.5588 0.0241 0.0560 0.0998 0.1068 0.1028 
        D626  1 0.0890 0.1197 0.0457 0.0548 0.0851 0.1598 0.4459 
        D627  1 0.0643 0.0840 0.0606 0.0252 0.6815 0.0335 0.0510 
        D690  1 0.0253 0.7454 0.0149 0.0375 0.0354 0.0752 0.0662 
        D691  1 0.0449 0.1144 0.0345 0.0399 0.0950 0.6200 0.0513 
        D710  1 0.0765 0.3006 0.0508 0.1079 0.1352 0.1465 0.1825 
        D711  1 0.0827 0.6771 0.0321 0.0565 0.0425 0.0660 0.0432 
        D712  1 0.1015 0.0466 0.0554 0.0612 0.0690 0.0667 0.5996 
        D713  1 0.1603 0.1945 0.0263 0.1791 0.1534 0.1055 0.1808 
        D746  1 0.0250 0.0731 0.0353 0.0290 0.0519 0.7531 0.0326 
        D747  1 0.0224 0.8241 0.0410 0.0328 0.0233 0.0314 0.0250 
        D748  1 0.0907 0.3002 0.0281 0.1027 0.1903 0.2333 0.0548 
        D749  1 0.1032 0.0364 0.0476 0.0871 0.2026 0.4020 0.1211 
        D750  1 0.0444 0.1393 0.0316 0.0443 0.0457 0.0760 0.6187 
        D763  1 0.0608 0.1322 0.2280 0.3104 0.1551 0.0789 0.0347 
        D764  1 0.0399 0.4755 0.0199 0.0204 0.0685 0.1258 0.2501 
        D765  1 0.1015 0.0830 0.0240 0.0252 0.1073 0.4424 0.2167 
        D766  1 0.0429 0.1658 0.0299 0.1123 0.1172 0.4734 0.0585 
        D767  1 0.3321 0.1237 0.0673 0.2405 0.0831 0.1159 0.0375 
        D768  1 0.0243 0.8477 0.0223 0.0233 0.0368 0.0266 0.0190 
        D811  1 0.5051 0.0492 0.0263 0.0383 0.0971 0.0596 0.2245 
        D816  1 0.0243 0.8170 0.0232 0.0273 0.0376 0.0323 0.0383 
        D825  1 0.2343 0.1698 0.0268 0.0408 0.1241 0.1415 0.2626 
        D866  1 0.1160 0.0715 0.2875 0.0345 0.0989 0.0615 0.3300 
        D867  1 0.0518 0.0369 0.0457 0.1178 0.1056 0.6064 0.0358 
        D871  1 0.1591 0.0737 0.0321 0.0410 0.6061 0.0277 0.0603 
        D872  1 0.2243 0.3791 0.0483 0.0484 0.0679 0.1785 0.0536 
        D873  1 0.0434 0.0122 0.0161 0.0328 0.0244 0.8487 0.0224 
        D874  1 0.0461 0.0729 0.0256 0.7040 0.0403 0.0215 0.0897 
        D875  1 0.0893 0.0370 0.0189 0.0334 0.7292 0.0647 0.0275 
        D876  1 0.0474 0.4993 0.0380 0.1270 0.0671 0.0814 0.1396 
        D877  1 0.5548 0.0481 0.0345 0.0993 0.0923 0.0264 0.1446 
        D892  1 0.1259 0.3380 0.0237 0.0727 0.1649 0.1131 0.1616 
        D893  1 0.0435 0.6005 0.0484 0.1111 0.1128 0.0559 0.0278 
        D894  1 0.1167 0.4905 0.0434 0.0501 0.1554 0.0619 0.0820 
        D915  1 0.0515 0.5593 0.0417 0.0332 0.1163 0.1436 0.0544 
        D916  1 0.0200 0.8405 0.0203 0.0215 0.0325 0.0381 0.0272 
        D917  1 0.0715 0.1705 0.1087 0.1167 0.1510 0.0492 0.3324 
        D925  1 0.0372 0.1732 0.0313 0.0238 0.0422 0.6020 0.0904 
        D926  1 0.0646 0.4000 0.0291 0.0959 0.2384 0.0767 0.0952 
        D927  1 0.0717 0.3113 0.3037 0.0695 0.1291 0.0403 0.0744 
        D928  1 0.0299 0.1029 0.0218 0.0253 0.0298 0.0267 0.7637 
        D929  1 0.3883 0.0474 0.0220 0.4146 0.0471 0.0363 0.0443 
        D936  1 0.0397 0.5001 0.0875 0.2199 0.0765 0.0384 0.0379 
        D938  1 0.0278 0.0386 0.0210 0.0448 0.0358 0.8005 0.0314 
        D956  1 0.2389 0.0376 0.0353 0.0343 0.0756 0.0420 0.5364 
        D957  1 0.1763 0.2045 0.0454 0.0913 0.0578 0.3521 0.0726 
        D958  1 0.0688 0.3162 0.0245 0.0828 0.0943 0.2633 0.1500 
        D959  1 0.0257 0.5415 0.0495 0.0183 0.2777 0.0565 0.0308 
        D960  1 0.0318 0.0329 0.0261 0.0499 0.0491 0.7728 0.0373 
        D989  1 0.0563 0.0608 0.1128 0.0395 0.0610 0.0308 0.6387 
        D990  1 0.0267 0.0249 0.0658 0.0384 0.0481 0.7097 0.0863 
        D023  2 0.0204 0.1022 0.0288 0.0279 0.0834 0.7080 0.0292 
        D130  2 0.1235 0.1334 0.0350 0.0337 0.0630 0.5921 0.0193 
        D131  2 0.0834 0.2944 0.0772 0.0642 0.3513 0.0666 0.0629 
        D163  2 0.0309 0.1377 0.0221 0.0499 0.0708 0.6275 0.0611 
        D164  2 0.0173 0.0186 0.4322 0.0206 0.0222 0.4736 0.0156 
        D165  2 0.0239 0.0626 0.0470 0.0334 0.0751 0.7258 0.0321 
        D166  2 0.6395 0.0580 0.0378 0.0858 0.1133 0.0394 0.0262 
        D167  2 0.1246 0.0218 0.7243 0.0192 0.0369 0.0222 0.0511 
        D192  2 0.0288 0.0130 0.8604 0.0281 0.0203 0.0203 0.0291 
        D193  2 0.3825 0.0375 0.0443 0.1407 0.1626 0.0541 0.1783 
        D206  2 0.0497 0.2097 0.2230 0.0914 0.3080 0.0817 0.0364 
        D207  2 0.1729 0.0489 0.6049 0.0288 0.0874 0.0293 0.0278 
        D208  2 0.1040 0.0699 0.2365 0.1063 0.0754 0.0663 0.3415 
        D209  2 0.0656 0.0659 0.2190 0.2373 0.2725 0.1021 0.0376 
        D210  2 0.0484 0.0843 0.1745 0.0507 0.0612 0.0347 0.5462 
     D229599  2 0.0754 0.2500 0.0653 0.2679 0.1106 0.1405 0.0902 
     D229600  2 0.0977 0.0564 0.2907 0.0301 0.0922 0.4001 0.0329 
     D237227  2 0.0606 0.0519 0.0832 0.0369 0.0581 0.2080 0.5013 
     D237228  2 0.1080 0.0201 0.0849 0.0275 0.1037 0.3689 0.2869 
     D237258  2 0.1415 0.1022 0.2212 0.0858 0.1642 0.1620 0.1231 
     D237310  2 0.4036 0.0199 0.0439 0.0553 0.1132 0.3009 0.0633 
     D237311  2 0.1327 0.0257 0.1876 0.0269 0.0678 0.5049 0.0543 
     D237312  2 0.5195 0.0448 0.0273 0.0716 0.1375 0.1462 0.0530 
     D237313  2 0.0734 0.2840 0.0450 0.1463 0.1631 0.1526 0.1357 
     D237322  2 0.2931 0.0463 0.1083 0.1534 0.2074 0.0600 0.1314 
     D237323  2 0.1489 0.0223 0.0405 0.0390 0.0653 0.4954 0.1886 
     D237324  2 0.0466 0.0747 0.2851 0.0543 0.2416 0.2705 0.0272 
     D237325  2 0.1184 0.0551 0.0642 0.1155 0.1528 0.3773 0.1167 
     D237326  2 0.0315 0.0970 0.0484 0.0399 0.0756 0.5966 0.1111 
     D237327  2 0.0897 0.1096 0.2838 0.1524 0.2079 0.0665 0.0901 
     D237337  2 0.0635 0.0480 0.0284 0.0462 0.0870 0.6397 0.0872 
     D237338  2 0.0712 0.0752 0.0877 0.1983 0.1536 0.2688 0.1451 
     D237339  2 0.0422 0.0627 0.1740 0.5851 0.0797 0.0344 0.0218 
     D237340  2 0.1482 0.0324 0.1903 0.0697 0.1027 0.2418 0.2149 
     D237389  2 0.3294 0.0302 0.0623 0.0350 0.0871 0.4202 0.0358 
     D237390  2 0.2790 0.0741 0.0435 0.1017 0.1573 0.2293 0.1151 
     D244017  2 0.3578 0.0373 0.2309 0.0375 0.0925 0.0391 0.2048 
     D244112  2 0.1681 0.0215 0.6528 0.0268 0.0532 0.0401 0.0374 
     D244118  2 0.0482 0.0199 0.4900 0.0408 0.0286 0.3317 0.0408 
     D244119  2 0.0327 0.0326 0.2455 0.0162 0.0344 0.0271 0.6116 
     D244120  2 0.4579 0.0202 0.2949 0.0657 0.0604 0.0322 0.0686 
     D244122  2 0.1352 0.0430 0.5901 0.0501 0.0656 0.0632 0.0527 
        D291  2 0.1695 0.1255 0.3474 0.0395 0.2186 0.0597 0.0398 
        D292  2 0.0891 0.2556 0.3570 0.0600 0.0491 0.0650 0.1242 
        D293  2 0.0218 0.1528 0.6425 0.0869 0.0599 0.0161 0.0201 
        D322  2 0.0446 0.1528 0.4583 0.1448 0.1099 0.0577 0.0319 
        D323  2 0.1627 0.1283 0.1513 0.1957 0.2070 0.0709 0.0842 
        D324  2 0.0616 0.2055 0.1934 0.0328 0.2583 0.1335 0.1149 
        D325  2 0.0200 0.0501 0.8158 0.0275 0.0485 0.0208 0.0173 
        D326  2 0.0185 0.8444 0.0261 0.0241 0.0310 0.0144 0.0415 
        D340  2 0.0171 0.0337 0.8365 0.0303 0.0310 0.0272 0.0242 
        D341  2 0.0804 0.0880 0.5776 0.0692 0.0768 0.0454 0.0626 
        D342  2 0.0859 0.0301 0.5151 0.0434 0.1500 0.1498 0.0256 
        D343  2 0.0127 0.0247 0.8894 0.0202 0.0238 0.0159 0.0132 
        D344  2 0.1387 0.1657 0.0501 0.4659 0.1098 0.0417 0.0281 
        D345  2 0.0409 0.2150 0.0599 0.2448 0.1155 0.2560 0.0678 
        D346  2 0.0598 0.0630 0.0900 0.0477 0.1051 0.0387 0.5956 
        D351  2 0.1284 0.3272 0.1114 0.0910 0.2467 0.0578 0.0375 
        D352  2 0.0409 0.0318 0.0355 0.6712 0.1079 0.0360 0.0767 
        D353  2 0.0441 0.3332 0.0425 0.2015 0.3264 0.0234 0.0290 
        D354  2 0.0272 0.0870 0.0198 0.7368 0.0348 0.0415 0.0529 
        D362  2 0.0394 0.7385 0.0421 0.0254 0.0527 0.0659 0.0359 
        D363  2 0.0402 0.7481 0.0331 0.0282 0.0481 0.0504 0.0518 
        D364  2 0.0366 0.3718 0.0261 0.3873 0.0597 0.0624 0.0561 
        D365  2 0.0212 0.0397 0.8165 0.0437 0.0323 0.0194 0.0271 
        D369  2 0.0742 0.2160 0.2485 0.0336 0.1315 0.0923 0.2039 
        D374  2 0.3618 0.0307 0.0333 0.0568 0.0595 0.0393 0.4186 
        D375  2 0.0639 0.0372 0.0176 0.7918 0.0423 0.0251 0.0223 
        D376  2 0.2142 0.0283 0.0370 0.1199 0.0681 0.0594 0.4731 
        D377  2 0.2143 0.0589 0.0904 0.1226 0.2213 0.1679 0.1245 
        D378  2 0.0342 0.1595 0.2621 0.2870 0.1501 0.0748 0.0322 
        D379  2 0.0325 0.7535 0.0309 0.0619 0.0493 0.0310 0.0408 
        D384  2 0.0176 0.8300 0.0249 0.0234 0.0289 0.0251 0.0502 
        D385  2 0.0376 0.0279 0.6236 0.1920 0.0514 0.0254 0.0422 
        D386  2 0.0510 0.1233 0.0653 0.5876 0.0883 0.0635 0.0209 
        D391  2 0.0293 0.0457 0.7068 0.1269 0.0422 0.0247 0.0244 
        D392  2 0.0635 0.0929 0.5654 0.0299 0.0787 0.0974 0.0722 
        D393  2 0.0383 0.3106 0.1873 0.2512 0.0991 0.0676 0.0457 
        D394  2 0.1328 0.1138 0.0777 0.2095 0.1599 0.2515 0.0548 
        D395  2 0.0463 0.0250 0.1788 0.5497 0.1355 0.0334 0.0313 
        D401  2 0.0785 0.0337 0.0488 0.0214 0.0697 0.6830 0.0651 
        D402  2 0.0351 0.0305 0.7856 0.0629 0.0369 0.0239 0.0252 
        D403  2 0.1335 0.2786 0.0497 0.1853 0.2436 0.0751 0.0343 
        D415  2 0.0503 0.5668 0.0350 0.0466 0.2045 0.0767 0.0201 
        D435  2 0.0271 0.5159 0.2293 0.0726 0.0656 0.0627 0.0267 
        D436  2 0.1102 0.1581 0.0347 0.4967 0.1088 0.0340 0.0575 
        D438  2 0.0187 0.0233 0.8547 0.0244 0.0304 0.0202 0.0282 
        D439  2 0.0310 0.0895 0.0546 0.6538 0.0907 0.0597 0.0207 
        D449  2 0.0321 0.1588 0.4132 0.0281 0.2877 0.0439 0.0361 
        D450  2 0.1120 0.1131 0.0304 0.3163 0.1978 0.0565 0.1739 
        D456  2 0.0206 0.8430 0.0198 0.0206 0.0486 0.0211 0.0264 
        D462  2 0.0253 0.0555 0.7030 0.1366 0.0368 0.0237 0.0191 
        D463  2 0.0238 0.8431 0.0146 0.0248 0.0272 0.0203 0.0462 
        D464  2 0.1164 0.0600 0.0614 0.4744 0.2289 0.0234 0.0354 
        D465  2 0.0788 0.2728 0.3805 0.0318 0.1351 0.0669 0.0341 
        D473  2 0.0853 0.0302 0.0427 0.1485 0.0689 0.1071 0.5172 
        D474  2 0.0298 0.5454 0.1246 0.0478 0.0714 0.0814 0.0997 
        D476  2 0.0258 0.0338 0.0620 0.5216 0.0412 0.2943 0.0212 
        D477  2 0.0555 0.2993 0.0462 0.3511 0.0924 0.0672 0.0882 
        D478  2 0.2034 0.0692 0.0757 0.1108 0.3216 0.1058 0.1136 
        D480  2 0.0622 0.2632 0.1361 0.2745 0.1014 0.0364 0.1262 
        D481  2 0.0713 0.2576 0.0649 0.2069 0.1097 0.1322 0.1574 
        D482  2 0.1137 0.0305 0.0631 0.4908 0.0900 0.0724 0.1395 
        D483  2 0.0335 0.0294 0.7444 0.0299 0.0353 0.0421 0.0855 
        D484  2 0.0857 0.0169 0.0326 0.7760 0.0322 0.0209 0.0356 
        D510  2 0.0900 0.0400 0.0673 0.0532 0.0524 0.0315 0.6656 
        D511  2 0.0281 0.1006 0.0599 0.6707 0.0636 0.0471 0.0300 
        D512  2 0.2614 0.0297 0.1370 0.0488 0.1581 0.3438 0.0214 
        D513  2 0.0559 0.1601 0.4673 0.0425 0.1421 0.0404 0.0918 
        D635  2 0.0430 0.3841 0.0493 0.0258 0.2007 0.2512 0.0458 
        D636  2 0.0226 0.0407 0.0193 0.0214 0.0443 0.8257 0.0259 
        D637  2 0.1374 0.0409 0.1727 0.3354 0.1476 0.0531 0.1129 
        D658  2 0.0860 0.0293 0.3109 0.3416 0.0573 0.0641 0.1109 
        D659  2 0.0288 0.6860 0.0461 0.0630 0.0869 0.0406 0.0485 
        D677  2 0.1277 0.4333 0.0734 0.0788 0.1477 0.1002 0.0389 
        D678  2 0.2129 0.0342 0.4865 0.0496 0.1326 0.0537 0.0305 
        D679  2 0.0524 0.4808 0.0940 0.0926 0.1549 0.0516 0.0736 
        D719  2 0.0280 0.1990 0.2213 0.0594 0.0440 0.0317 0.4166 
        D720  2 0.0313 0.7192 0.0384 0.0275 0.0644 0.0347 0.0845 
        D721  2 0.0284 0.0799 0.0700 0.0645 0.1097 0.5878 0.0597 
        D722  2 0.2800 0.0395 0.0956 0.0591 0.0991 0.0762 0.3505 
        D734  2 0.0350 0.0286 0.0677 0.6084 0.0625 0.0195 0.1783 
        D735  2 0.0768 0.2525 0.0990 0.1235 0.1963 0.1337 0.1183 
        D736  2 0.0385 0.1067 0.1394 0.0695 0.1187 0.0776 0.4496 
        D737  2 0.0764 0.0305 0.4029 0.2647 0.0515 0.0980 0.0760 
        D807  2 0.1264 0.2070 0.1150 0.1163 0.0896 0.0677 0.2780 
        D808  2 0.2018 0.0882 0.1584 0.0870 0.2213 0.1935 0.0497 
        D817  2 0.0984 0.5244 0.0333 0.1256 0.1220 0.0453 0.0511 
        D818  2 0.1009 0.0734 0.3280 0.0568 0.3646 0.0401 0.0362 
        D819  2 0.1725 0.2813 0.0719 0.0572 0.1728 0.1712 0.0730 
        D820  2 0.0249 0.7374 0.0526 0.0872 0.0445 0.0216 0.0319 
        D895  2 0.0442 0.4648 0.0385 0.0908 0.1593 0.1466 0.0558 
        D896  2 0.0752 0.0340 0.0206 0.0276 0.0514 0.7209 0.0704 
        D897  2 0.1088 0.0424 0.5261 0.0590 0.1598 0.0607 0.0432 
        D898  2 0.3353 0.1007 0.0821 0.1016 0.1966 0.1037 0.0801 
        D918  2 0.1550 0.0549 0.1021 0.1612 0.2797 0.1483 0.0989 
        D919  2 0.0776 0.1498 0.1478 0.4175 0.1352 0.0367 0.0354 
        D920  2 0.0974 0.0413 0.0343 0.0549 0.0479 0.6593 0.0649 
        D923  2 0.0363 0.6835 0.0337 0.1171 0.0714 0.0308 0.0273 
        D930  2 0.0922 0.2091 0.0463 0.2103 0.2089 0.0664 0.1667 
        D931  2 0.0846 0.2873 0.1257 0.3014 0.0847 0.0479 0.0685 
        D968  2 0.0202 0.0321 0.8576 0.0252 0.0281 0.0167 0.0201 
        D969  2 0.0673 0.2522 0.3459 0.0817 0.0907 0.0562 0.1060 
        D977  2 0.0468 0.0361 0.6669 0.0607 0.1372 0.0278 0.0246 
        D978  2 0.3420 0.0456 0.2485 0.0476 0.2333 0.0238 0.0592 
        D211  3 0.2261 0.1303 0.0394 0.0929 0.2445 0.2228 0.0439 
     D229639  3 0.0860 0.1156 0.3878 0.0399 0.0657 0.0482 0.2567 
     D237212  3 0.1076 0.1299 0.1692 0.2961 0.1679 0.0811 0.0481 
     D237213  3 0.2066 0.1011 0.0562 0.1687 0.2367 0.1992 0.0315 
     D237214  3 0.0575 0.0509 0.0256 0.0324 0.5846 0.2084 0.0406 
     D237215  3 0.1524 0.0280 0.6026 0.0234 0.0334 0.0365 0.1238 
     D237216  3 0.0660 0.0642 0.0382 0.0837 0.6331 0.0693 0.0456 
     D237217  3 0.0863 0.1813 0.0640 0.0506 0.3234 0.2619 0.0325 
     D237218  3 0.0497 0.0783 0.1131 0.4605 0.1222 0.0544 0.1218 
     D237219  3 0.0802 0.0837 0.0623 0.0550 0.1450 0.3298 0.2441 
     D237382  3 0.5440 0.1027 0.0452 0.0503 0.1028 0.0587 0.0963 
     D244127  3 0.0993 0.0438 0.1515 0.0577 0.1273 0.4844 0.0359 
     D244129  3 0.1297 0.1545 0.1127 0.0919 0.2432 0.1943 0.0739 
     D244133  3 0.1521 0.1259 0.1517 0.0255 0.2361 0.0874 0.2213 
     D244134  3 0.0373 0.0679 0.1275 0.0487 0.0619 0.1089 0.5478 
     D244135  3 0.0481 0.0841 0.0869 0.0604 0.2252 0.4694 0.0258 
     D244136  3 0.1446 0.2482 0.0997 0.0397 0.1556 0.0768 0.2354 
        D416  3 0.0767 0.2021 0.1462 0.0952 0.2802 0.1396 0.0601 
        D417  3 0.0901 0.6462 0.0252 0.0562 0.0813 0.0547 0.0462 
        D419  3 0.0632 0.1984 0.1704 0.1042 0.1467 0.1834 0.1336 
        D565  3 0.0293 0.0545 0.0284 0.0255 0.0278 0.0273 0.8072 
        D566  3 0.0808 0.0796 0.2549 0.0294 0.0988 0.0608 0.3956 
        D567  3 0.0446 0.6250 0.0456 0.0680 0.0523 0.1402 0.0243 
        D568  3 0.0557 0.2053 0.1297 0.2806 0.1175 0.1820 0.0293 
        D569  3 0.1167 0.0314 0.0944 0.5210 0.1148 0.0661 0.0557 
        D573  3 0.0342 0.1518 0.6262 0.0400 0.0710 0.0352 0.0417 
        D574  3 0.1878 0.0679 0.0692 0.0514 0.1555 0.0643 0.4039 
        D575  3 0.0554 0.1651 0.0830 0.0648 0.1538 0.2616 0.2163 
        D576  3 0.1376 0.0124 0.6777 0.0300 0.0678 0.0312 0.0432 
        D577  3 0.1049 0.5497 0.0388 0.0778 0.1090 0.0602 0.0596 
        D578  3 0.0683 0.0280 0.0410 0.0214 0.4410 0.3760 0.0243 
        D579  3 0.0565 0.1947 0.1421 0.1649 0.1313 0.0884 0.2221 
        D660  3 0.1664 0.0313 0.3905 0.1123 0.1770 0.0935 0.0291 
        D661  3 0.0827 0.0457 0.4546 0.1332 0.1956 0.0582 0.0301 
        D663  3 0.1045 0.0549 0.5877 0.0537 0.1337 0.0288 0.0367 
        D664  3 0.1521 0.0315 0.1602 0.0622 0.2315 0.2660 0.0965 
        D665  3 0.3829 0.0247 0.0561 0.1216 0.2801 0.1148 0.0198 
        D666  3 0.0775 0.1399 0.0484 0.0916 0.1691 0.2029 0.2705 
        D009  4 0.1250 0.1493 0.0242 0.2528 0.1613 0.2452 0.0422 
        D057  4 0.0340 0.0484 0.1524 0.5377 0.0355 0.1595 0.0324 
        D109  4 0.0993 0.0661 0.0300 0.0595 0.2100 0.4513 0.0838 
     D237222  4 0.2038 0.0553 0.0481 0.0568 0.0797 0.4228 0.1336 
     D237223  4 0.1406 0.0618 0.1003 0.0952 0.2745 0.1788 0.1488 
     D237224  4 0.0576 0.1795 0.2444 0.3308 0.0777 0.0522 0.0577 
     D237225  4 0.1431 0.1975 0.0510 0.1855 0.2238 0.1306 0.0686 
     D237299  4 0.3572 0.0295 0.0348 0.0330 0.4394 0.0434 0.0628 
     D237300  4 0.0464 0.0321 0.6128 0.0645 0.1171 0.0430 0.0841 
     D237306  4 0.1397 0.1291 0.0420 0.0664 0.1082 0.0836 0.4310 
     D237307  4 0.1201 0.4077 0.0675 0.0372 0.0978 0.0444 0.2253 
     D237308  4 0.0405 0.0694 0.2953 0.2706 0.0713 0.1312 0.1217 
     D237309  4 0.1217 0.1997 0.0801 0.1403 0.2250 0.1953 0.0378 
     D237317  4 0.0771 0.2675 0.0430 0.0549 0.1490 0.0758 0.3328 
     D237318  4 0.0482 0.0306 0.7753 0.0209 0.0673 0.0196 0.0380 
     D237319  4 0.2604 0.1145 0.0666 0.0687 0.2594 0.1608 0.0696 
     D237320  4 0.1122 0.1169 0.2029 0.0421 0.2719 0.1970 0.0570 
     D237321  4 0.0822 0.0884 0.5063 0.0448 0.1025 0.0696 0.1062 
     D237397  4 0.0984 0.1000 0.1782 0.0705 0.1828 0.1305 0.2397 
     D237398  4 0.0969 0.0945 0.3813 0.0680 0.2818 0.0360 0.0415 
     D237399  4 0.1539 0.1452 0.1118 0.0848 0.1389 0.0843 0.2812 
     D244001  4 0.0923 0.0681 0.1019 0.1448 0.1032 0.4507 0.0391 
        D289  4 0.0514 0.0958 0.1118 0.3190 0.1137 0.0498 0.2586 
        D290  4 0.7216 0.0732 0.0404 0.0479 0.0564 0.0283 0.0323 
        D294  4 0.2221 0.1000 0.0464 0.3033 0.2425 0.0327 0.0530 
        D295  4 0.1493 0.4404 0.0452 0.1227 0.0867 0.0872 0.0686 
        D301  4 0.1080 0.0383 0.0641 0.0636 0.0528 0.5994 0.0738 
        D302  4 0.0434 0.1176 0.0251 0.7054 0.0490 0.0366 0.0230 
        D303  4 0.0994 0.0486 0.0584 0.1093 0.0600 0.0903 0.5341 
        D304  4 0.4780 0.1241 0.0652 0.0543 0.1262 0.0354 0.1167 
        D305  4 0.0641 0.0390 0.0870 0.5270 0.2207 0.0436 0.0186 
        D306  4 0.7111 0.0442 0.0219 0.0304 0.1205 0.0358 0.0362 
        D307  4 0.0436 0.0263 0.0357 0.0985 0.0366 0.6673 0.0920 
        D327  4 0.0600 0.5699 0.0647 0.0585 0.1145 0.0344 0.0979 
        D328  4 0.1253 0.0368 0.0350 0.5338 0.0565 0.0566 0.1560 
        D329  4 0.1453 0.0891 0.1150 0.3762 0.1095 0.0989 0.0661 
        D330  4 0.1645 0.3739 0.0477 0.0733 0.1745 0.1446 0.0214 
        D331  4 0.4306 0.1815 0.0677 0.0584 0.0733 0.0632 0.1254 
        D333  4 0.1544 0.0948 0.0920 0.3638 0.0798 0.1059 0.1093 
        D334  4 0.0809 0.0966 0.0298 0.1016 0.0936 0.0548 0.5428 
        D335  4 0.0583 0.2753 0.0501 0.4790 0.0628 0.0345 0.0401 
        D370  4 0.3626 0.0806 0.0467 0.1146 0.0919 0.2142 0.0894 
        D371  4 0.0393 0.1274 0.0327 0.0315 0.0526 0.0322 0.6842 
        D372  4 0.3584 0.0229 0.3471 0.0368 0.1385 0.0312 0.0651 
        D373  4 0.0409 0.0436 0.0983 0.1073 0.0732 0.5939 0.0429 
        D455  4 0.0599 0.0527 0.0567 0.1418 0.0413 0.6064 0.0411 
        D490  4 0.0503 0.0310 0.0207 0.0702 0.0520 0.7404 0.0353 
        D497  4 0.0524 0.0333 0.0335 0.1104 0.0899 0.6418 0.0387 
        D498  4 0.5235 0.0801 0.0611 0.0432 0.0677 0.0836 0.1408 
        D499  4 0.1364 0.0364 0.2427 0.1888 0.1818 0.0528 0.1611 
        D514  4 0.3344 0.2836 0.0456 0.1214 0.1381 0.0514 0.0255 
        D515  4 0.3403 0.0591 0.0352 0.0539 0.3489 0.1210 0.0418 
        D516  4 0.1082 0.2667 0.1109 0.0557 0.1544 0.2025 0.1017 
        D517  4 0.0411 0.0993 0.0864 0.0772 0.1466 0.5126 0.0368 
        D518  4 0.0262 0.0379 0.0319 0.6740 0.0414 0.1352 0.0535 
        D519  4 0.1374 0.0805 0.1009 0.0448 0.4276 0.1582 0.0505 
        D560  4 0.1596 0.1210 0.0906 0.1210 0.3714 0.1049 0.0315 
        D561  4 0.0830 0.1001 0.0666 0.0778 0.5345 0.1174 0.0207 
        D562  4 0.3001 0.0737 0.0823 0.1655 0.2130 0.0888 0.0766 
        D563  4 0.0730 0.0455 0.4005 0.2265 0.1440 0.0806 0.0301 
        D572  4 0.0532 0.0629 0.0327 0.7511 0.0432 0.0284 0.0285 
        D629  4 0.0506 0.3411 0.0649 0.1453 0.2202 0.1372 0.0407 
        D630  4 0.3410 0.1723 0.0627 0.1399 0.1627 0.0585 0.0629 
        D631  4 0.0366 0.0339 0.0629 0.7763 0.0428 0.0239 0.0236 
        D632  4 0.0336 0.0629 0.1181 0.1888 0.0534 0.5178 0.0255 
        D646  4 0.0557 0.3054 0.0998 0.0735 0.2508 0.1733 0.0415 
        D647  4 0.1273 0.4724 0.0885 0.1055 0.0796 0.1041 0.0227 
        D648  4 0.2601 0.0231 0.0270 0.5660 0.0353 0.0274 0.0611 
        D649  4 0.0463 0.3527 0.0343 0.2241 0.0724 0.2309 0.0393 
        D650  4 0.1148 0.2387 0.0502 0.1758 0.1714 0.1160 0.1330 
        D708  4 0.0974 0.0651 0.0384 0.3852 0.1362 0.0505 0.2271 
        D709  4 0.6537 0.0577 0.0355 0.0737 0.0811 0.0562 0.0420 
        D738  4 0.0525 0.1252 0.0252 0.0456 0.0705 0.1398 0.5412 
        D739  4 0.3848 0.0505 0.0497 0.1781 0.1573 0.1278 0.0518 
        D740  4 0.1038 0.0331 0.0747 0.1413 0.2518 0.1471 0.2482 
        D741  4 0.0719 0.1581 0.1521 0.0545 0.4706 0.0679 0.0248 
        D742  4 0.0951 0.0447 0.3672 0.1598 0.1459 0.0660 0.1213 
        D743  4 0.0349 0.3713 0.0583 0.4082 0.0630 0.0283 0.0361 
        D744  4 0.0366 0.0466 0.0441 0.7245 0.0865 0.0297 0.0320 
        D745  4 0.1649 0.0434 0.0343 0.0650 0.4540 0.1927 0.0456 
        D814  4 0.0943 0.0735 0.2053 0.1662 0.3810 0.0477 0.0320 
        D815  4 0.2190 0.2214 0.0408 0.3562 0.0604 0.0482 0.0540 
        D828  4 0.6541 0.0209 0.0620 0.0724 0.0571 0.0362 0.0972 
        D845  4 0.0219 0.0418 0.6198 0.0525 0.0505 0.0224 0.1911 
        D846  4 0.0666 0.1385 0.1372 0.4806 0.1099 0.0482 0.0190 
        D847  4 0.2434 0.1153 0.0875 0.0904 0.2329 0.0989 0.1315 
        D848  4 0.0399 0.0246 0.1933 0.0782 0.0517 0.5721 0.0401 
        D849  4 0.3278 0.0685 0.0369 0.1073 0.2576 0.1756 0.0263 
        D850  4 0.0429 0.1868 0.1328 0.0559 0.3649 0.1180 0.0988 
        D856  4 0.3528 0.0844 0.0417 0.0795 0.2774 0.1072 0.0570 
        D857  4 0.1598 0.0151 0.0510 0.0474 0.0407 0.6390 0.0471 
        D859  4 0.0441 0.0792 0.0453 0.7212 0.0456 0.0280 0.0367 
        D860  4 0.0308 0.0978 0.1221 0.1075 0.0581 0.0396 0.5441 
        D883  4 0.1447 0.2767 0.0591 0.1459 0.0799 0.1781 0.1157 
        D884  4 0.1520 0.1379 0.0374 0.2034 0.1917 0.1537 0.1240 
        D885  4 0.0433 0.1140 0.1047 0.1786 0.4270 0.0812 0.0513 
        D886  4 0.3526 0.1823 0.0503 0.0781 0.0799 0.2224 0.0344 
        D887  4 0.1582 0.1015 0.1845 0.2379 0.1268 0.0956 0.0955 
        D889  4 0.4553 0.0850 0.1454 0.1019 0.1358 0.0269 0.0497 
        D890  4 0.1794 0.0646 0.0753 0.2272 0.1152 0.1928 0.1455 
        D891  4 0.0228 0.0309 0.7943 0.0213 0.0730 0.0164 0.0412 
        D899  4 0.1144 0.0442 0.5248 0.1046 0.0705 0.0464 0.0951 
        D900  4 0.2819 0.1684 0.0818 0.1320 0.1842 0.0658 0.0860 
        D970  4 0.0601 0.1425 0.0829 0.4952 0.0961 0.0566 0.0665 
        D971  4 0.0657 0.1074 0.3896 0.1565 0.0986 0.0883 0.0939 
        D979  4 0.0589 0.3912 0.0488 0.3582 0.0728 0.0278 0.0423 
        D093  5 0.0604 0.0474 0.0331 0.0462 0.0479 0.0379 0.7270 
        D154  5 0.1843 0.0472 0.2768 0.0649 0.3010 0.0390 0.0868 
        D168  5 0.1125 0.1066 0.2574 0.0828 0.2595 0.1469 0.0342 
        D189  5 0.2503 0.0618 0.1143 0.0501 0.0888 0.0363 0.3984 
        D190  5 0.0532 0.0389 0.0404 0.0929 0.0482 0.0320 0.6944 
     D237220  5 0.1655 0.0517 0.0395 0.2018 0.1711 0.1827 0.1878 
     D237221  5 0.0813 0.0933 0.2003 0.1211 0.0997 0.0630 0.3413 
     D237274  5 0.0532 0.6187 0.0453 0.1222 0.0881 0.0494 0.0230 
     D237275  5 0.2331 0.0256 0.5936 0.0255 0.0558 0.0298 0.0366 
     D237276  5 0.2135 0.1620 0.0412 0.1041 0.1108 0.1357 0.2326 
     D237277  5 0.0383 0.0370 0.0845 0.1099 0.0551 0.0406 0.6347 
     D237278  5 0.1066 0.0622 0.2343 0.1366 0.1228 0.1194 0.2180 
     D237279  5 0.0294 0.0431 0.0438 0.0721 0.4177 0.3635 0.0304 
     D237280  5 0.0552 0.1671 0.0241 0.0779 0.0783 0.4973 0.1001 
     D237281  5 0.0382 0.0507 0.7593 0.0336 0.0531 0.0255 0.0397 
     D237351  5 0.0489 0.0447 0.0318 0.0484 0.0870 0.6327 0.1065 
     D237352  5 0.0970 0.1188 0.0761 0.2210 0.0925 0.3134 0.0813 
     D237353  5 0.0322 0.0249 0.0324 0.0467 0.0300 0.0269 0.8070 
     D237359  5 0.2150 0.0664 0.0743 0.1867 0.2405 0.0977 0.1194 
     D237361  5 0.0548 0.0297 0.0296 0.0266 0.0357 0.0295 0.7941 
     D237362  5 0.0685 0.2938 0.0960 0.0916 0.2003 0.0782 0.1717 
     D237363  5 0.0852 0.0556 0.1282 0.0334 0.5904 0.0402 0.0670 
     D237364  5 0.1729 0.0989 0.1514 0.2406 0.2183 0.0927 0.0252 
     D237376  5 0.5651 0.0200 0.0453 0.1729 0.0516 0.0247 0.1203 
     D237377  5 0.0328 0.1858 0.0590 0.0790 0.0986 0.3684 0.1763 
     D237378  5 0.1221 0.0338 0.0764 0.1854 0.0714 0.0465 0.4644 
     D237379  5 0.1520 0.0477 0.0449 0.3751 0.1231 0.0312 0.2260 
     D237380  5 0.1153 0.0393 0.0165 0.1291 0.0464 0.5740 0.0794 
     D237381  5 0.1252 0.0668 0.0668 0.1102 0.0696 0.4781 0.0834 
     D237391  5 0.0220 0.0412 0.0276 0.0355 0.0318 0.0240 0.8178 
     D237392  5 0.0987 0.3625 0.1903 0.0555 0.1777 0.0762 0.0391 
     D237393  5 0.0747 0.4155 0.0801 0.0581 0.0489 0.1175 0.2052 
     D237394  5 0.0249 0.0332 0.0177 0.0380 0.0357 0.0331 0.8174 
     D237395  5 0.2985 0.0490 0.0870 0.0379 0.1539 0.0772 0.2965 
     D237396  5 0.0262 0.3159 0.1193 0.0514 0.1514 0.1529 0.1830 
     D244016  5 0.0795 0.0391 0.0999 0.2244 0.2497 0.0411 0.2664 
     D244018  5 0.0343 0.0961 0.3325 0.0556 0.1048 0.0906 0.2861 
     D244019  5 0.1665 0.1911 0.1827 0.1188 0.2412 0.0372 0.0624 
        D279  5 0.0842 0.0690 0.1484 0.2741 0.2222 0.0624 0.1397 
        D280  5 0.1326 0.1645 0.1082 0.0402 0.2156 0.1079 0.2309 
        D281  5 0.0923 0.0324 0.5640 0.0445 0.1307 0.0202 0.1160 
        D283  5 0.0264 0.2564 0.0627 0.0609 0.1017 0.0440 0.4479 
        D284  5 0.3400 0.0819 0.0522 0.0478 0.3341 0.1025 0.0415 
        D285  5 0.0968 0.0965 0.0513 0.0997 0.1093 0.0435 0.5029 
        D286  5 0.2638 0.1388 0.0498 0.1864 0.1140 0.0580 0.1892 
        D287  5 0.5226 0.0243 0.0312 0.1223 0.1016 0.0591 0.1389 
        D288  5 0.0673 0.4029 0.1258 0.0366 0.2034 0.0470 0.1169 
        D308  5 0.0326 0.1203 0.0310 0.0315 0.0613 0.6716 0.0518 
        D309  5 0.0327 0.0462 0.0220 0.7571 0.0570 0.0519 0.0331 
        D310  5 0.0726 0.0283 0.0237 0.0321 0.0849 0.0180 0.7404 
        D311  5 0.1985 0.1478 0.0456 0.2299 0.1984 0.0350 0.1448 
        D312  5 0.2211 0.1300 0.0649 0.2101 0.1297 0.0727 0.1716 
        D313  5 0.0271 0.0225 0.0164 0.0177 0.0295 0.8437 0.0431 
        D314  5 0.2167 0.0468 0.1034 0.1816 0.2535 0.0904 0.1074 
        D315  5 0.1331 0.2422 0.0713 0.0703 0.1108 0.0949 0.2774 
        D317  5 0.0576 0.0696 0.0295 0.0269 0.0409 0.0270 0.7484 
        D318  5 0.1950 0.1229 0.0974 0.1397 0.3258 0.0591 0.0601 
        D319  5 0.0493 0.0424 0.0400 0.0237 0.0387 0.0254 0.7806 
        D320  5 0.0790 0.0487 0.0280 0.0789 0.0678 0.0397 0.6578 
        D321  5 0.0276 0.1257 0.0548 0.0305 0.0620 0.5557 0.1438 
        D336  5 0.2641 0.0357 0.0184 0.0771 0.0544 0.0311 0.5192 
        D337  5 0.0289 0.0311 0.0455 0.0432 0.0281 0.0173 0.8058 
        D338  5 0.1422 0.1719 0.0870 0.1354 0.1623 0.0815 0.2196 
        D339  5 0.0828 0.0519 0.0526 0.0377 0.0830 0.0472 0.6448 
        D347  5 0.5412 0.1689 0.0902 0.0545 0.0772 0.0233 0.0447 
        D348  5 0.0677 0.0428 0.0337 0.1361 0.0504 0.0241 0.6451 
        D349  5 0.0484 0.0370 0.0289 0.0400 0.0324 0.7158 0.0974 
        D350  5 0.0274 0.0259 0.0271 0.8367 0.0316 0.0270 0.0244 
        D355  5 0.1235 0.1146 0.3581 0.1066 0.2400 0.0237 0.0335 
        D356  5 0.1418 0.2452 0.0411 0.0688 0.1233 0.1099 0.2699 
        D357  5 0.5027 0.0781 0.0517 0.0548 0.1778 0.0510 0.0839 
        D358  5 0.0848 0.0532 0.0575 0.1569 0.1371 0.1343 0.3762 
        D359  5 0.0304 0.2722 0.0289 0.1279 0.1024 0.0418 0.3963 
        D360  5 0.1082 0.1411 0.0369 0.0471 0.0954 0.0690 0.5023 
        D361  5 0.0323 0.0394 0.0281 0.0219 0.0535 0.7656 0.0592 
        D366  5 0.0252 0.5125 0.2526 0.0318 0.0926 0.0459 0.0394 
        D367  5 0.1864 0.0350 0.0286 0.1558 0.1166 0.0731 0.4046 
        D368  5 0.0831 0.1095 0.0398 0.0712 0.2601 0.1931 0.2433 
        D380  5 0.0421 0.0671 0.0597 0.4504 0.2332 0.0998 0.0476 
        D381  5 0.0374 0.0913 0.0617 0.0837 0.1139 0.0412 0.5708 
        D400  5 0.2309 0.0881 0.1423 0.1764 0.0934 0.0346 0.2342 
        D411  5 0.1872 0.0269 0.0359 0.0331 0.1613 0.5405 0.0151 
        D412  5 0.2475 0.1275 0.1454 0.0676 0.1894 0.1278 0.0947 
        D413  5 0.0494 0.0923 0.5258 0.1007 0.1466 0.0468 0.0385 
        D414  5 0.0677 0.0408 0.0712 0.7093 0.0622 0.0230 0.0257 
        D420  5 0.3622 0.0370 0.0827 0.0315 0.3220 0.0975 0.0671 
        D431  5 0.3571 0.0273 0.0675 0.1860 0.1935 0.0975 0.0711 
        D432  5 0.0655 0.0746 0.0818 0.0634 0.0656 0.1258 0.5234 
        D433  5 0.0744 0.1099 0.0632 0.0510 0.0517 0.0599 0.5900 
        D434  5 0.0907 0.1664 0.0428 0.0634 0.1122 0.0707 0.4538 
        D440  5 0.0402 0.0268 0.0220 0.8160 0.0353 0.0275 0.0322 
        D447  5 0.1144 0.2740 0.0705 0.0846 0.3537 0.0684 0.0344 
        D448  5 0.3637 0.0900 0.0612 0.0734 0.0786 0.0298 0.3032 
        D459  5 0.0408 0.0884 0.6963 0.0664 0.0519 0.0234 0.0329 
        D460  5 0.0270 0.1034 0.0308 0.0514 0.0663 0.6215 0.0996 
        D461  5 0.0311 0.0850 0.0200 0.7582 0.0440 0.0284 0.0333 
        D468  5 0.2326 0.2343 0.0637 0.0460 0.2208 0.0683 0.1344 
        D469  5 0.1071 0.4525 0.0386 0.1062 0.0987 0.0856 0.1114 
        D470  5 0.3617 0.1130 0.0429 0.1393 0.1661 0.0893 0.0877 
        D471  5 0.1938 0.1015 0.0694 0.0700 0.0604 0.0198 0.4851 
        D472  5 0.0230 0.6821 0.1758 0.0251 0.0372 0.0268 0.0301 
        D479  5 0.0864 0.0545 0.5554 0.1885 0.0445 0.0406 0.0301 
        D485  5 0.6120 0.0403 0.0427 0.1355 0.0937 0.0341 0.0418 
        D486  5 0.4275 0.1181 0.0403 0.0451 0.2150 0.0880 0.0661 
        D487  5 0.0875 0.0508 0.1658 0.3122 0.0881 0.0441 0.2515 
        D555  5 0.0490 0.0283 0.0724 0.0301 0.0334 0.0351 0.7517 
        D556  5 0.1171 0.0575 0.0941 0.3996 0.1037 0.1008 0.1272 
        D557  5 0.0416 0.0482 0.0494 0.0741 0.0355 0.0344 0.7168 
        D564  5 0.0731 0.0600 0.0363 0.4240 0.0757 0.1040 0.2270 
        D594  5 0.2990 0.2292 0.1159 0.0726 0.1485 0.0811 0.0536 
        D595  5 0.0989 0.1871 0.1010 0.1021 0.1071 0.0920 0.3119 
        D596  5 0.0674 0.0361 0.0415 0.0262 0.0269 0.0370 0.7651 
        D597  5 0.0447 0.1273 0.3340 0.1358 0.0606 0.0415 0.2562 
        D598  5 0.0918 0.0949 0.0629 0.1026 0.0777 0.1643 0.4058 
        D617  5 0.1611 0.0480 0.1395 0.0501 0.2073 0.3724 0.0216 
        D618  5 0.0376 0.0664 0.0691 0.0803 0.0550 0.0491 0.6425 
        D619  5 0.1372 0.2261 0.0674 0.0463 0.0993 0.3275 0.0962 
        D620  5 0.0218 0.0677 0.7678 0.0333 0.0294 0.0360 0.0439 
        D628  5 0.1025 0.0377 0.0385 0.5788 0.0767 0.0997 0.0661 
        D714  5 0.1343 0.0304 0.1730 0.3238 0.0970 0.0417 0.1997 
        D715  5 0.0265 0.0870 0.0772 0.0543 0.0456 0.0278 0.6816 
        D716  5 0.4796 0.1100 0.0909 0.1161 0.1341 0.0261 0.0433 
        D717  5 0.0813 0.2718 0.0635 0.1322 0.1107 0.1178 0.2226 
        D718  5 0.7307 0.0301 0.0396 0.0302 0.0803 0.0383 0.0508 
        D769  5 0.2418 0.0515 0.0846 0.0634 0.2059 0.3215 0.0313 
        D770  5 0.1385 0.0515 0.2097 0.2921 0.1715 0.0479 0.0888 
        D771  5 0.3394 0.0633 0.2146 0.0798 0.1372 0.0806 0.0851 
        D772  5 0.0696 0.0444 0.0424 0.5990 0.0685 0.0449 0.1313 
        D782  5 0.0457 0.0508 0.2452 0.0305 0.3637 0.2166 0.0475 
        D783  5 0.0656 0.0257 0.2355 0.3803 0.1270 0.0334 0.1326 
        D784  5 0.0459 0.2154 0.0642 0.3203 0.1376 0.0666 0.1500 
        D785  5 0.0585 0.0521 0.0281 0.1335 0.0602 0.0915 0.5762 
        D786  5 0.1725 0.2248 0.0581 0.0853 0.0737 0.3578 0.0278 
        D821  5 0.0246 0.0221 0.0186 0.0293 0.0170 0.0145 0.8739 
        D822  5 0.1328 0.2515 0.1234 0.1281 0.1845 0.0535 0.1262 
        D826  5 0.1061 0.0813 0.1694 0.1009 0.0874 0.0495 0.4054 
        D827  5 0.0854 0.2936 0.0859 0.0821 0.3607 0.0468 0.0455 
        D851  5 0.0975 0.0812 0.0709 0.1087 0.3669 0.1143 0.1605 
        D852  5 0.0399 0.0310 0.1009 0.5422 0.0424 0.0734 0.1703 
        D853  5 0.2921 0.1087 0.0737 0.0554 0.1376 0.0542 0.2784 
        D854  5 0.3529 0.1155 0.1389 0.0871 0.2316 0.0484 0.0255 
        D861  5 0.1411 0.0893 0.1639 0.0933 0.2836 0.0789 0.1499 
        D862  5 0.1500 0.3483 0.0432 0.0741 0.1448 0.0494 0.1903 
        D865  5 0.0835 0.0397 0.0745 0.0532 0.0474 0.0600 0.6418 
        D868  5 0.0431 0.6924 0.0439 0.0448 0.0455 0.0373 0.0929 
        D869  5 0.0701 0.0632 0.0489 0.0186 0.1349 0.6202 0.0440 
        D870  5 0.0773 0.0653 0.0662 0.0366 0.6723 0.0604 0.0219 
        D907  5 0.1408 0.0500 0.0346 0.0386 0.1071 0.0652 0.5638 
        D908  5 0.0647 0.0366 0.2124 0.3038 0.0481 0.0755 0.2591 
        D910  5 0.1094 0.1135 0.2593 0.0987 0.0940 0.0309 0.2942 
        D911  5 0.0979 0.0943 0.4597 0.0416 0.2272 0.0217 0.0575 
        D934  5 0.0842 0.0510 0.1611 0.4348 0.1720 0.0416 0.0553 
        D946  5 0.1478 0.0307 0.0762 0.5490 0.0844 0.0595 0.0524 
        D947  5 0.2528 0.1398 0.0577 0.3027 0.1440 0.0558 0.0471 
        D948  5 0.0279 0.0715 0.0254 0.0240 0.0230 0.6633 0.1649 
        D949  5 0.0305 0.0773 0.0240 0.0386 0.0346 0.6918 0.1032 
        D950  5 0.0873 0.1092 0.4590 0.0578 0.1905 0.0280 0.0681 
        D951  5 0.2610 0.2963 0.0531 0.0763 0.2189 0.0648 0.0296 
        D952  5 0.0432 0.7152 0.0427 0.0582 0.0411 0.0296 0.0700 
        D953  5 0.0604 0.1119 0.0416 0.0524 0.0604 0.0703 0.6030 
        D954  5 0.0458 0.4035 0.0403 0.0562 0.1095 0.0502 0.2946 
        D961  5 0.6095 0.0287 0.0386 0.1149 0.1010 0.0414 0.0659 
        D962  5 0.1389 0.0576 0.0182 0.4227 0.0484 0.0338 0.2805 
        D963  5 0.0784 0.2587 0.0688 0.1911 0.0749 0.0332 0.2948 
        D964  5 0.2615 0.0448 0.0849 0.1248 0.3339 0.0827 0.0673 
        D965  5 0.2327 0.0445 0.0779 0.4041 0.1201 0.0596 0.0610 
        D966  5 0.0540 0.1509 0.1246 0.2880 0.0837 0.0491 0.2497 
        D967  5 0.0990 0.0484 0.2463 0.0721 0.1076 0.1572 0.2695 
        D991  5 0.1454 0.0713 0.0395 0.4231 0.0674 0.1548 0.0985 
        D502  6 0.5302 0.0234 0.0829 0.0660 0.2379 0.0451 0.0145 
        D503  6 0.0831 0.0398 0.2325 0.0542 0.2921 0.1925 0.1058 
        D504  6 0.0627 0.2490 0.0693 0.1994 0.1646 0.1177 0.1372 
        D505  6 0.0857 0.1051 0.1361 0.1405 0.1762 0.0978 0.2587 
        D506  6 0.0560 0.0299 0.0191 0.0192 0.0503 0.0230 0.8025 
        D507  6 0.0678 0.0519 0.0785 0.5454 0.1226 0.0841 0.0498 
        D508  6 0.4012 0.1489 0.0795 0.1300 0.1616 0.0465 0.0322 
        D529  6 0.1883 0.1161 0.0628 0.0651 0.3000 0.1361 0.1315 
        D530  6 0.7092 0.0277 0.0388 0.0408 0.0783 0.0574 0.0478 
        D531  6 0.2422 0.2279 0.0651 0.1155 0.1840 0.0719 0.0934 
        D532  6 0.3396 0.2099 0.0802 0.0588 0.1524 0.0445 0.1146 
        D534  6 0.0507 0.0556 0.0496 0.0646 0.0878 0.6655 0.0263 
        D535  6 0.1566 0.1621 0.0510 0.0692 0.1286 0.1522 0.2803 
        D536  6 0.1012 0.0284 0.5042 0.0329 0.2455 0.0616 0.0263 
        D554  6 0.3758 0.0609 0.0423 0.1213 0.1752 0.0945 0.1300 
        D587  6 0.0503 0.0699 0.0661 0.0480 0.0733 0.0499 0.6426 
        D588  6 0.0689 0.1575 0.0671 0.0441 0.2348 0.0651 0.3625 
        D589  6 0.1415 0.0559 0.2616 0.0846 0.2208 0.0732 0.1625 
        D590  6 0.0863 0.0466 0.6326 0.0276 0.0896 0.0717 0.0457 
        D591  6 0.0397 0.0492 0.1141 0.0757 0.4362 0.1102 0.1749 
        D592  6 0.0309 0.0507 0.0380 0.0284 0.0563 0.7413 0.0546 
        D593  6 0.7202 0.0182 0.0348 0.0840 0.0598 0.0352 0.0477 
        D682  6 0.0320 0.0318 0.0238 0.0323 0.0512 0.0353 0.7936 
        D683  6 0.0528 0.4053 0.0319 0.0421 0.1229 0.0442 0.3008 
        D684  6 0.1360 0.0524 0.2063 0.0608 0.3431 0.1741 0.0274 
        D685  6 0.3531 0.0235 0.1054 0.0462 0.3880 0.0466 0.0372 
        D686  6 0.5662 0.0677 0.0300 0.0300 0.1326 0.0350 0.1386 
        D724  6 0.3635 0.1566 0.0910 0.1430 0.1320 0.0878 0.0262 
        D725  6 0.2742 0.0491 0.1613 0.2054 0.1694 0.0648 0.0758 
        D726  6 0.0420 0.0398 0.0228 0.0376 0.0366 0.0341 0.7872 
        D727  6 0.1087 0.2042 0.4054 0.0234 0.1140 0.0551 0.0892 
        D728  6 0.1275 0.0733 0.0357 0.1352 0.1431 0.0723 0.4129 
        D729  6 0.0711 0.2438 0.1855 0.0174 0.1189 0.3372 0.0261 
        D730  6 0.2302 0.1565 0.1015 0.2089 0.1447 0.1252 0.0330 
        D731  6 0.0405 0.0213 0.1019 0.0202 0.0293 0.0226 0.7643 
        D732  6 0.1310 0.1829 0.0523 0.4832 0.0667 0.0502 0.0339 
        D733  6 0.1100 0.0484 0.0361 0.5708 0.0773 0.0867 0.0706 
     D237251  7 0.2262 0.0676 0.2820 0.2362 0.0916 0.0448 0.0517 
     D237252  7 0.2591 0.0445 0.1686 0.1124 0.1829 0.1982 0.0342 
     D237253  7 0.3346 0.0652 0.1693 0.0527 0.1649 0.0388 0.1745 
     D237254  7 0.0361 0.0344 0.0351 0.0222 0.4617 0.3810 0.0295 
     D237255  7 0.1093 0.0331 0.6413 0.0401 0.0799 0.0286 0.0676 
     D237256  7 0.3443 0.0626 0.2410 0.1059 0.1781 0.0219 0.0461 
     D237257  7 0.2694 0.0505 0.0477 0.0463 0.4835 0.0762 0.0263 
