        D174  1 0.0212 0.0723 0.0874 0.0734 0.0861 0.0950 0.0777 0.0335 0.0145 0.3104 0.0352 0.0933 
        D199  1 0.1327 0.1295 0.0719 0.1303 0.0259 0.0189 0.0262 0.1151 0.0333 0.0862 0.1020 0.1279 
        D203  1 0.0866 0.0706 0.1719 0.0459 0.0165 0.0906 0.0848 0.1029 0.0309 0.0457 0.2074 0.0462 
        D204  1 0.0148 0.0287 0.0917 0.0231 0.0288 0.0143 0.0199 0.0355 0.0786 0.0189 0.6255 0.0202 
     D237366  1 0.0386 0.0740 0.1607 0.0375 0.0197 0.1293 0.0190 0.0385 0.0735 0.0292 0.0377 0.3423 
     D237367  1 0.0164 0.1108 0.2664 0.0320 0.0708 0.0656 0.0396 0.0643 0.0307 0.0341 0.1281 0.1413 
     D237368  1 0.0218 0.0755 0.1540 0.0194 0.0283 0.0285 0.0393 0.0694 0.0529 0.0899 0.1529 0.2681 
     D244101  1 0.1184 0.0779 0.0666 0.0314 0.0280 0.0164 0.0245 0.0590 0.4430 0.0181 0.0965 0.0202 
     D244102  1 0.0486 0.0854 0.1001 0.2391 0.0660 0.0534 0.1483 0.0361 0.0642 0.0333 0.0572 0.0682 
     D244103  1 0.0225 0.1150 0.0717 0.0662 0.0685 0.1216 0.0350 0.0260 0.0270 0.0300 0.0734 0.3433 
     D244104  1 0.0353 0.0326 0.0314 0.0108 0.0868 0.0220 0.0258 0.0258 0.0238 0.0509 0.6211 0.0338 
     D244105  1 0.0269 0.1206 0.3265 0.0209 0.0191 0.2714 0.0720 0.0191 0.0182 0.0126 0.0285 0.0643 
     D244106  1 0.0310 0.0412 0.0271 0.0546 0.0203 0.1436 0.0244 0.0693 0.0153 0.4875 0.0613 0.0245 
     D244107  1 0.0224 0.0796 0.0331 0.0164 0.0338 0.0195 0.1528 0.0880 0.0506 0.0138 0.0280 0.4619 
     D244108  1 0.0322 0.0571 0.1955 0.0659 0.0286 0.0249 0.2721 0.0259 0.0252 0.2154 0.0358 0.0214 
     D244113  1 0.0150 0.0454 0.0306 0.4244 0.1171 0.0113 0.0240 0.0341 0.0538 0.1979 0.0134 0.0330 
     D244114  1 0.1059 0.1606 0.1438 0.0486 0.0230 0.2467 0.0315 0.0411 0.0330 0.0488 0.0464 0.0709 
     D244115  1 0.0384 0.1309 0.0488 0.0433 0.0483 0.0413 0.2106 0.0162 0.0268 0.1957 0.1620 0.0377 
     D267365  1 0.1868 0.0752 0.0679 0.0597 0.0302 0.0268 0.0290 0.0283 0.0358 0.1102 0.2667 0.0836 
        D404  1 0.0170 0.0435 0.0349 0.4836 0.0362 0.0296 0.0428 0.0277 0.0752 0.1707 0.0193 0.0193 
        D405  1 0.0247 0.0397 0.0214 0.6201 0.0371 0.0221 0.0330 0.0374 0.0353 0.0181 0.0856 0.0253 
        D406  1 0.0130 0.0191 0.6023 0.0110 0.0096 0.0155 0.0492 0.0132 0.0246 0.0289 0.0232 0.1905 
        D407  1 0.0161 0.0453 0.0307 0.0232 0.0742 0.0242 0.0175 0.0846 0.0138 0.0177 0.3537 0.2991 
        D408  1 0.1513 0.0435 0.0189 0.0668 0.2411 0.0170 0.0466 0.0156 0.0308 0.2739 0.0528 0.0418 
        D409  1 0.0258 0.1625 0.0376 0.0362 0.0460 0.1324 0.0416 0.0389 0.0322 0.0359 0.0837 0.3272 
        D410  1 0.0115 0.0219 0.0404 0.0217 0.0178 0.0218 0.7454 0.0100 0.0278 0.0166 0.0451 0.0200 
        D421  1 0.0134 0.0111 0.0119 0.0084 0.0165 0.0100 0.0082 0.0300 0.0089 0.0128 0.8483 0.0205 
        D422  1 0.0238 0.0342 0.1033 0.0139 0.0161 0.0359 0.0206 0.0258 0.0159 0.0117 0.0568 0.6421 
        D423  1 0.0138 0.0531 0.0367 0.0324 0.0140 0.0389 0.6156 0.0455 0.0164 0.0151 0.0456 0.0728 
        D424  1 0.0130 0.1163 0.0536 0.0200 0.0299 0.0359 0.0178 0.0170 0.0175 0.0327 0.5965 0.0498 
        D425  1 0.0299 0.1178 0.2186 0.1028 0.0440 0.0311 0.0971 0.0201 0.0259 0.0602 0.2268 0.0257 
        D426  1 0.1251 0.1695 0.0181 0.0122 0.0828 0.0663 0.0140 0.0250 0.0164 0.0239 0.0372 0.4095 
        D427  1 0.0189 0.0198 0.0137 0.0074 0.0296 0.0145 0.0124 0.3320 0.0130 0.1260 0.3812 0.0316 
        D428  1 0.0348 0.1224 0.0859 0.0931 0.0500 0.0181 0.0769 0.0390 0.0673 0.1346 0.1741 0.1040 
        D429  1 0.0310 0.0647 0.0273 0.0884 0.0193 0.0912 0.0252 0.0218 0.0241 0.0886 0.4914 0.0270 
        D430  1 0.0907 0.1961 0.0402 0.0919 0.0505 0.1281 0.0373 0.0524 0.0191 0.1390 0.0993 0.0553 
        D491  1 0.0247 0.0417 0.0260 0.0299 0.0745 0.0218 0.0260 0.0089 0.0255 0.6037 0.0949 0.0225 
        D492  1 0.0248 0.1405 0.0756 0.1370 0.0236 0.0419 0.0434 0.0511 0.0519 0.1053 0.1974 0.1076 
        D537  1 0.0111 0.0575 0.3015 0.0588 0.0667 0.0405 0.0434 0.0313 0.0446 0.0228 0.2350 0.0867 
        D538  1 0.0267 0.1493 0.1408 0.1011 0.0253 0.0484 0.1399 0.0800 0.0671 0.0725 0.0477 0.1012 
        D539  1 0.2151 0.0861 0.1145 0.0769 0.0599 0.1956 0.0455 0.0319 0.0359 0.0895 0.0231 0.0258 
        D540  1 0.0338 0.1247 0.0183 0.0438 0.3416 0.0428 0.0478 0.0153 0.0222 0.0195 0.1953 0.0949 
        D541  1 0.0127 0.0173 0.0152 0.0094 0.0132 0.0109 0.0151 0.0153 0.0165 0.0115 0.8472 0.0157 
        D551  1 0.1165 0.2076 0.0632 0.0327 0.0449 0.1512 0.0165 0.1538 0.0177 0.0252 0.0284 0.1422 
        D552  1 0.0293 0.1095 0.1685 0.0163 0.0716 0.0733 0.1471 0.0305 0.0645 0.1491 0.1066 0.0337 
        D553  1 0.0116 0.0141 0.0110 0.0082 0.0147 0.0117 0.0118 0.0104 0.0136 0.0139 0.8651 0.0139 
        D615  1 0.0468 0.0846 0.0367 0.0589 0.0245 0.0547 0.0840 0.0411 0.0269 0.0434 0.4694 0.0290 
        D616  1 0.0675 0.1418 0.0372 0.0209 0.0582 0.0587 0.1140 0.0749 0.0168 0.0449 0.2873 0.0779 
        D621  1 0.0239 0.0453 0.2821 0.0480 0.0508 0.0237 0.1048 0.0255 0.2186 0.0744 0.0133 0.0896 
        D622  1 0.0180 0.0525 0.4483 0.0164 0.0372 0.0494 0.1265 0.0184 0.0324 0.0345 0.0223 0.1440 
        D623  1 0.0466 0.0467 0.0360 0.2457 0.0222 0.0140 0.0674 0.1009 0.1748 0.2035 0.0142 0.0279 
        D624  1 0.0254 0.0463 0.0233 0.0239 0.0199 0.0156 0.0201 0.0119 0.0114 0.7400 0.0421 0.0202 
        D625  1 0.0213 0.0560 0.0909 0.0157 0.0445 0.0499 0.0613 0.0153 0.0528 0.0633 0.4537 0.0753 
        D626  1 0.0395 0.0686 0.1097 0.0382 0.1526 0.0638 0.0896 0.0268 0.0214 0.2560 0.0553 0.0785 
        D627  1 0.0993 0.2244 0.0241 0.0126 0.0259 0.1349 0.0116 0.0166 0.0195 0.0309 0.1039 0.2963 
        D690  1 0.0104 0.0171 0.0198 0.0127 0.0181 0.0216 0.0605 0.0100 0.0249 0.0359 0.7303 0.0387 
        D691  1 0.0221 0.0289 0.5003 0.0109 0.0197 0.0670 0.0412 0.0137 0.0189 0.0388 0.0259 0.2125 
        D710  1 0.0357 0.0823 0.0622 0.0315 0.0571 0.0194 0.0873 0.0325 0.1674 0.1042 0.2036 0.1167 
        D711  1 0.0191 0.0273 0.0573 0.0237 0.0110 0.0216 0.0312 0.0179 0.0405 0.0244 0.6942 0.0318 
        D712  1 0.0765 0.0593 0.0657 0.0703 0.0574 0.0245 0.0289 0.0333 0.0451 0.4176 0.0311 0.0902 
        D713  1 0.0221 0.0900 0.2603 0.2305 0.0462 0.0259 0.0399 0.0164 0.0679 0.0678 0.0653 0.0679 
        D746  1 0.0142 0.0330 0.3724 0.0099 0.0392 0.0334 0.0455 0.0272 0.0244 0.0274 0.0496 0.3239 
        D747  1 0.0175 0.0154 0.0149 0.0116 0.0111 0.0125 0.0148 0.0209 0.0258 0.0141 0.8273 0.0140 
        D748  1 0.0212 0.0473 0.4258 0.0140 0.0344 0.1110 0.0531 0.0140 0.0333 0.0324 0.0784 0.1351 
        D749  1 0.0289 0.2068 0.1812 0.1015 0.0220 0.0752 0.0741 0.0424 0.0397 0.0829 0.0247 0.1206 
        D750  1 0.0173 0.0332 0.0225 0.0218 0.0188 0.0277 0.0711 0.0145 0.0320 0.5621 0.1491 0.0298 
        D763  1 0.1498 0.1291 0.0987 0.0255 0.1566 0.0611 0.0243 0.0822 0.1401 0.0170 0.0466 0.0691 
        D764  1 0.0167 0.0373 0.0291 0.0135 0.0285 0.0262 0.0946 0.0124 0.0158 0.1793 0.5074 0.0393 
        D765  1 0.0266 0.0763 0.0559 0.0422 0.0207 0.0760 0.5284 0.0122 0.0106 0.0746 0.0248 0.0516 
        D766  1 0.0137 0.0507 0.3154 0.0256 0.0828 0.0503 0.2499 0.0227 0.0729 0.0315 0.0382 0.0462 
        D767  1 0.0284 0.0790 0.2618 0.1002 0.0266 0.0655 0.0551 0.0599 0.1275 0.0245 0.0669 0.1045 
        D768  1 0.0134 0.0294 0.0553 0.0123 0.0210 0.0242 0.0219 0.0191 0.0122 0.0110 0.7559 0.0244 
        D811  1 0.0228 0.0392 0.0404 0.2497 0.3969 0.0276 0.1097 0.0132 0.0119 0.0545 0.0146 0.0195 
        D816  1 0.0140 0.0219 0.0253 0.0212 0.0134 0.0152 0.0198 0.0152 0.0191 0.0197 0.7922 0.0229 
        D825  1 0.0218 0.0999 0.0797 0.1204 0.0583 0.0467 0.3320 0.0128 0.0186 0.1008 0.0749 0.0343 
        D866  1 0.4020 0.0712 0.0216 0.0405 0.0542 0.0493 0.0834 0.0653 0.0159 0.1244 0.0472 0.0250 
        D867  1 0.0181 0.0534 0.1078 0.0394 0.0359 0.0382 0.0214 0.0414 0.0819 0.0217 0.0167 0.5241 
        D871  1 0.0353 0.1358 0.0318 0.0279 0.0563 0.1873 0.0197 0.0175 0.0272 0.0517 0.0524 0.3570 
        D872  1 0.0120 0.0311 0.6510 0.0321 0.0189 0.0162 0.0857 0.0273 0.0226 0.0229 0.0457 0.0346 
        D873  1 0.0078 0.0210 0.0154 0.1459 0.0137 0.0148 0.6684 0.0253 0.0385 0.0105 0.0089 0.0300 
        D874  1 0.0207 0.0433 0.0479 0.0346 0.0283 0.0290 0.0161 0.0163 0.6318 0.0687 0.0485 0.0150 
        D875  1 0.0195 0.1252 0.0724 0.0199 0.0315 0.1971 0.0670 0.0149 0.0230 0.0222 0.0224 0.3849 
        D876  1 0.0316 0.0736 0.3828 0.0165 0.0336 0.0353 0.0371 0.0183 0.0739 0.0676 0.1909 0.0388 
        D877  1 0.0165 0.0389 0.0390 0.6674 0.0243 0.0142 0.0191 0.0180 0.0373 0.0921 0.0219 0.0112 
        D892  1 0.0169 0.0460 0.4729 0.0172 0.0128 0.0891 0.0297 0.0148 0.0250 0.1152 0.0954 0.0648 
        D893  1 0.0399 0.0751 0.1195 0.0137 0.0434 0.0571 0.0488 0.0265 0.0301 0.0131 0.4641 0.0687 
        D894  1 0.0282 0.0354 0.0206 0.0181 0.0134 0.0934 0.0189 0.0172 0.0250 0.0387 0.6641 0.0270 
        D915  1 0.0242 0.0460 0.2372 0.0206 0.0280 0.0908 0.1512 0.0214 0.0251 0.0345 0.2749 0.0459 
        D916  1 0.0089 0.0125 0.0117 0.0065 0.0099 0.0114 0.0130 0.0101 0.0126 0.0111 0.8797 0.0125 
        D917  1 0.1473 0.1074 0.0360 0.1067 0.0322 0.0210 0.0317 0.0355 0.1285 0.1604 0.1082 0.0853 
        D925  1 0.0252 0.0434 0.0468 0.0387 0.0333 0.0195 0.4839 0.0161 0.0140 0.0665 0.1645 0.0481 
        D926  1 0.0382 0.1897 0.0463 0.0284 0.0294 0.0891 0.0478 0.0172 0.0676 0.0304 0.3766 0.0393 
        D927  1 0.0979 0.1708 0.0863 0.0296 0.0356 0.0364 0.0234 0.2101 0.0368 0.0498 0.1228 0.1004 
        D928  1 0.0161 0.0221 0.0242 0.0424 0.0158 0.0106 0.0250 0.0156 0.0209 0.7136 0.0823 0.0115 
        D929  1 0.0244 0.0465 0.1397 0.1498 0.0254 0.0406 0.0258 0.0159 0.3856 0.0407 0.0269 0.0787 
        D936  1 0.0918 0.0600 0.0484 0.0327 0.0252 0.0374 0.0324 0.0314 0.1484 0.0245 0.4451 0.0226 
        D938  1 0.0139 0.0227 0.5255 0.0129 0.0426 0.0242 0.0650 0.0136 0.0444 0.0193 0.0172 0.1987 
        D956  1 0.0185 0.0629 0.0172 0.0864 0.0290 0.0932 0.0500 0.0249 0.0217 0.5302 0.0486 0.0175 
        D957  1 0.0251 0.0366 0.4608 0.0501 0.0126 0.0199 0.2588 0.0214 0.0357 0.0285 0.0297 0.0209 
        D958  1 0.0149 0.0487 0.5042 0.0174 0.0292 0.0203 0.1548 0.0164 0.0537 0.0732 0.0396 0.0277 
        D959  1 0.0130 0.0599 0.0332 0.0260 0.0463 0.0212 0.0128 0.0639 0.0108 0.0172 0.3515 0.3442 
        D960  1 0.0173 0.0533 0.3465 0.1275 0.0096 0.0499 0.0734 0.0192 0.0360 0.0254 0.0219 0.2200 
        D989  1 0.0798 0.0605 0.0388 0.0408 0.0412 0.0206 0.0221 0.0621 0.0243 0.5296 0.0325 0.0478 
        D990  1 0.1192 0.0522 0.0257 0.0106 0.0148 0.0241 0.6099 0.0228 0.0263 0.0499 0.0121 0.0324 
        D023  2 0.0098 0.0180 0.1096 0.0079 0.0145 0.0083 0.0161 0.0171 0.0171 0.0111 0.0364 0.7341 
        D130  2 0.0118 0.0464 0.4495 0.0398 0.0193 0.0439 0.0218 0.0306 0.0178 0.0144 0.0502 0.2545 
        D131  2 0.0941 0.2205 0.0680 0.0211 0.1219 0.0907 0.0679 0.0304 0.0434 0.0389 0.1535 0.0496 
        D163  2 0.0356 0.0457 0.1395 0.0138 0.0195 0.0277 0.0631 0.0113 0.0351 0.0489 0.0542 0.5057 
        D164  2 0.0110 0.0192 0.0285 0.0152 0.0204 0.0127 0.3175 0.5221 0.0155 0.0096 0.0095 0.0187 
        D165  2 0.0269 0.0244 0.1091 0.0102 0.0220 0.0137 0.0153 0.0231 0.0280 0.0177 0.0326 0.6770 
        D166  2 0.0348 0.1315 0.1839 0.1482 0.0577 0.1990 0.0413 0.0329 0.0681 0.0168 0.0251 0.0609 
        D167  2 0.0172 0.0204 0.0112 0.1103 0.0100 0.0137 0.0142 0.7445 0.0108 0.0210 0.0132 0.0135 
        D192  2 0.0257 0.0161 0.0110 0.0242 0.0153 0.0123 0.0145 0.8244 0.0188 0.0169 0.0098 0.0110 
        D193  2 0.0274 0.0334 0.0297 0.7238 0.0159 0.0639 0.0135 0.0133 0.0256 0.0262 0.0133 0.0140 
        D206  2 0.0219 0.0729 0.0585 0.0374 0.3624 0.0559 0.0215 0.2316 0.0197 0.0168 0.0445 0.0568 
        D207  2 0.0672 0.0848 0.0471 0.1254 0.0345 0.0355 0.0241 0.4768 0.0143 0.0207 0.0303 0.0395 
        D208  2 0.2167 0.0847 0.0444 0.0498 0.2538 0.0449 0.0351 0.0454 0.0359 0.1139 0.0406 0.0349 
        D209  2 0.0228 0.1208 0.0286 0.0338 0.0792 0.0237 0.0421 0.4068 0.1252 0.0225 0.0311 0.0635 
        D210  2 0.1746 0.0563 0.0432 0.0248 0.0176 0.0407 0.0200 0.0709 0.0302 0.4380 0.0607 0.0232 
     D229599  2 0.1591 0.1007 0.0674 0.0411 0.0266 0.0548 0.0460 0.0330 0.1807 0.0520 0.1501 0.0883 
     D229600  2 0.0272 0.0569 0.2041 0.0623 0.0184 0.0414 0.0376 0.3039 0.0205 0.0182 0.0197 0.1896 
     D237227  2 0.0819 0.0821 0.0320 0.0171 0.0350 0.0277 0.2127 0.0406 0.0203 0.3587 0.0417 0.0503 
     D237228  2 0.0838 0.0641 0.0158 0.0519 0.0216 0.0251 0.5933 0.0225 0.0122 0.0835 0.0120 0.0143 
     D237258  2 0.1187 0.1085 0.0390 0.0896 0.0901 0.0209 0.0737 0.1511 0.0479 0.0654 0.0729 0.1222 
     D237310  2 0.0187 0.0672 0.0246 0.0761 0.0226 0.1018 0.5393 0.0414 0.0296 0.0359 0.0097 0.0331 
     D237311  2 0.0187 0.0312 0.0532 0.0458 0.0219 0.0339 0.5879 0.1307 0.0139 0.0233 0.0098 0.0298 
     D237312  2 0.0184 0.0618 0.0538 0.1590 0.0356 0.2426 0.2242 0.0180 0.0539 0.0444 0.0176 0.0707 
     D237313  2 0.0465 0.1555 0.1167 0.0285 0.2157 0.0915 0.1187 0.0204 0.0388 0.0495 0.0892 0.0288 
     D237322  2 0.2061 0.1812 0.0839 0.0320 0.0507 0.0796 0.0926 0.0429 0.1001 0.0847 0.0178 0.0285 
     D237323  2 0.0479 0.0350 0.0638 0.0262 0.0208 0.0457 0.5220 0.0249 0.0260 0.1338 0.0107 0.0432 
     D237324  2 0.0830 0.3126 0.1277 0.0136 0.0221 0.0243 0.0415 0.1574 0.0379 0.0128 0.0434 0.1237 
     D237325  2 0.0256 0.0858 0.1739 0.0386 0.0293 0.1533 0.2626 0.0558 0.0491 0.0548 0.0186 0.0524 
     D237326  2 0.0240 0.0427 0.0776 0.0206 0.0114 0.0192 0.6467 0.0284 0.0306 0.0362 0.0277 0.0350 
     D237327  2 0.2286 0.1705 0.0723 0.0223 0.0217 0.1042 0.0233 0.0945 0.0870 0.0430 0.0449 0.0876 
     D237337  2 0.0155 0.0189 0.0378 0.0145 0.0221 0.0387 0.7677 0.0112 0.0181 0.0241 0.0134 0.0181 
     D237338  2 0.0647 0.1035 0.1862 0.0231 0.0428 0.0876 0.1579 0.0623 0.0638 0.0962 0.0262 0.0856 
     D237339  2 0.0352 0.0535 0.0399 0.0546 0.0261 0.0217 0.0229 0.1036 0.5879 0.0138 0.0211 0.0198 
     D237340  2 0.0411 0.0544 0.1055 0.0688 0.0221 0.0601 0.3359 0.1342 0.0325 0.0951 0.0129 0.0372 
     D237389  2 0.0172 0.0308 0.0265 0.1751 0.0207 0.0679 0.4971 0.0881 0.0203 0.0142 0.0143 0.0278 
     D237390  2 0.0555 0.0376 0.2075 0.0811 0.0333 0.1245 0.2921 0.0200 0.0324 0.0448 0.0208 0.0503 
     D244017  2 0.0352 0.0720 0.0269 0.2803 0.0188 0.0160 0.0332 0.2370 0.0154 0.1594 0.0238 0.0821 
     D244112  2 0.0176 0.0200 0.0147 0.0330 0.0125 0.0333 0.0151 0.7854 0.0135 0.0167 0.0178 0.0204 
     D244118  2 0.0218 0.0254 0.1279 0.0359 0.0081 0.0129 0.0342 0.5865 0.0244 0.0218 0.0102 0.0911 
     D244119  2 0.0253 0.0256 0.0182 0.0243 0.0185 0.0134 0.0200 0.2104 0.0103 0.6067 0.0149 0.0124 
     D244120  2 0.0779 0.0301 0.0177 0.3748 0.0157 0.1159 0.0216 0.2324 0.0508 0.0302 0.0112 0.0216 
     D244122  2 0.0190 0.0414 0.0272 0.0954 0.0455 0.0415 0.0171 0.6111 0.0244 0.0252 0.0253 0.0267 
        D291  2 0.4428 0.1017 0.0341 0.0427 0.0629 0.0314 0.0319 0.0335 0.0203 0.0132 0.0679 0.1175 
        D292  2 0.2574 0.0630 0.0326 0.0468 0.0247 0.0225 0.0722 0.1647 0.0389 0.0627 0.1923 0.0222 
        D293  2 0.0444 0.0503 0.0602 0.0126 0.0165 0.0206 0.0155 0.5001 0.1597 0.0174 0.0872 0.0155 
        D322  2 0.0288 0.0793 0.0323 0.0167 0.0184 0.0159 0.0392 0.3985 0.2401 0.0168 0.0746 0.0393 
        D323  2 0.0290 0.0582 0.0538 0.0747 0.5394 0.0215 0.0298 0.0781 0.0480 0.0245 0.0167 0.0262 
        D324  2 0.2765 0.1141 0.1186 0.0168 0.0583 0.0459 0.0880 0.0285 0.0221 0.0485 0.0825 0.1002 
        D325  2 0.0558 0.0285 0.0202 0.0099 0.0127 0.0323 0.0134 0.7219 0.0311 0.0114 0.0357 0.0272 
        D326  2 0.0201 0.0219 0.0169 0.0140 0.0168 0.0119 0.0120 0.0138 0.0147 0.0236 0.8191 0.0152 
        D340  2 0.0331 0.0174 0.0178 0.0114 0.0132 0.0162 0.0140 0.8030 0.0257 0.0181 0.0169 0.0132 
        D341  2 0.0315 0.0342 0.0594 0.0148 0.0443 0.2344 0.0445 0.4467 0.0278 0.0289 0.0168 0.0166 
        D342  2 0.0295 0.0616 0.0288 0.0291 0.0445 0.0592 0.0647 0.5679 0.0209 0.0160 0.0215 0.0562 
        D343  2 0.0166 0.0123 0.0116 0.0070 0.0090 0.0141 0.0080 0.8748 0.0122 0.0087 0.0155 0.0101 
        D344  2 0.0310 0.1071 0.0447 0.1975 0.0346 0.0398 0.0467 0.0294 0.2982 0.0166 0.1356 0.0188 
        D345  2 0.0331 0.1449 0.0674 0.0273 0.0558 0.0178 0.2038 0.0302 0.2552 0.0289 0.0928 0.0429 
        D346  2 0.0392 0.0471 0.0218 0.0284 0.3287 0.0259 0.0302 0.0438 0.0408 0.2966 0.0484 0.0490 
        D351  2 0.1256 0.1861 0.1567 0.0206 0.0552 0.0354 0.0554 0.0364 0.0951 0.0185 0.1349 0.0800 
        D352  2 0.0284 0.0414 0.0214 0.0374 0.0317 0.0207 0.0377 0.0302 0.6536 0.0565 0.0158 0.0255 
        D353  2 0.0189 0.5422 0.0604 0.0244 0.0267 0.0285 0.0149 0.0232 0.0442 0.0146 0.1848 0.0172 
        D354  2 0.0147 0.0455 0.0348 0.0386 0.0390 0.0274 0.0346 0.0131 0.6424 0.0336 0.0656 0.0108 
        D362  2 0.0175 0.0345 0.0277 0.0345 0.0287 0.0135 0.0310 0.0238 0.0208 0.0135 0.6724 0.0821 
        D363  2 0.0230 0.0375 0.0144 0.0248 0.0346 0.0104 0.0283 0.0184 0.0191 0.0298 0.7008 0.0590 
        D364  2 0.0192 0.0642 0.0221 0.0452 0.0367 0.0491 0.0483 0.0170 0.2778 0.0259 0.3764 0.0181 
        D365  2 0.0130 0.0153 0.0116 0.0105 0.0157 0.0124 0.0123 0.8375 0.0248 0.0229 0.0138 0.0101 
        D369  2 0.1043 0.0792 0.0306 0.0229 0.1629 0.0260 0.1346 0.0962 0.0206 0.1052 0.1680 0.0495 
        D374  2 0.0105 0.0134 0.0133 0.8336 0.0196 0.0123 0.0151 0.0126 0.0099 0.0386 0.0126 0.0086 
        D375  2 0.0094 0.0312 0.0204 0.0547 0.0349 0.0393 0.0173 0.0125 0.7237 0.0153 0.0203 0.0208 
        D376  2 0.0198 0.0533 0.0195 0.5344 0.0219 0.0581 0.0229 0.0216 0.0528 0.1640 0.0163 0.0154 
        D377  2 0.0308 0.0460 0.0395 0.0665 0.5089 0.0546 0.1115 0.0296 0.0272 0.0320 0.0149 0.0386 
        D378  2 0.0344 0.0800 0.0501 0.0114 0.0703 0.0369 0.0224 0.2169 0.2411 0.0270 0.0793 0.1302 
        D379  2 0.0189 0.0667 0.0479 0.0327 0.1202 0.0642 0.0296 0.0152 0.0476 0.0208 0.5193 0.0171 
        D384  2 0.0136 0.0202 0.0220 0.0110 0.0274 0.0183 0.0175 0.0128 0.0150 0.0419 0.7892 0.0112 
        D385  2 0.0159 0.0233 0.0148 0.0230 0.0266 0.0270 0.0177 0.6408 0.1420 0.0373 0.0178 0.0137 
        D386  2 0.0183 0.1009 0.1259 0.0312 0.0502 0.0318 0.0308 0.0758 0.3792 0.0200 0.0704 0.0655 
        D391  2 0.0195 0.0287 0.0342 0.0128 0.0236 0.0219 0.0179 0.6756 0.1141 0.0165 0.0186 0.0166 
        D392  2 0.0238 0.0524 0.0432 0.0209 0.0340 0.0222 0.1657 0.4850 0.0227 0.0398 0.0557 0.0347 
        D393  2 0.1250 0.0541 0.0428 0.0129 0.1003 0.0461 0.0414 0.0593 0.3112 0.0196 0.1488 0.0385 
        D394  2 0.0401 0.0862 0.0918 0.0572 0.0203 0.0708 0.1287 0.0706 0.1920 0.0352 0.0619 0.1452 
        D395  2 0.0329 0.0728 0.0242 0.0351 0.0219 0.0369 0.0169 0.3317 0.3581 0.0250 0.0146 0.0298 
        D401  2 0.0166 0.0202 0.0147 0.0316 0.0603 0.0128 0.7648 0.0201 0.0086 0.0207 0.0157 0.0140 
        D402  2 0.0662 0.0299 0.0180 0.0242 0.0451 0.0244 0.0256 0.6333 0.0882 0.0148 0.0160 0.0142 
        D403  2 0.0218 0.2784 0.1695 0.0386 0.0363 0.0979 0.0169 0.0305 0.0666 0.0184 0.1736 0.0516 
        D415  2 0.0127 0.1687 0.0628 0.0168 0.0242 0.0887 0.1176 0.0248 0.0233 0.0145 0.3948 0.0510 
        D435  2 0.0411 0.0417 0.0252 0.0141 0.0173 0.0408 0.0216 0.1086 0.0402 0.0116 0.6119 0.0260 
        D436  2 0.0288 0.0628 0.2900 0.1006 0.0199 0.0762 0.0307 0.0226 0.2148 0.0344 0.0789 0.0402 
        D438  2 0.0118 0.0147 0.0135 0.0146 0.0264 0.0147 0.0122 0.8307 0.0125 0.0187 0.0105 0.0198 
        D439  2 0.0192 0.0478 0.0257 0.0164 0.0511 0.0269 0.0319 0.0462 0.6320 0.0144 0.0307 0.0577 
        D449  2 0.0181 0.0920 0.0185 0.0195 0.0434 0.0389 0.0215 0.5439 0.0214 0.0227 0.0519 0.1082 
        D450  2 0.0633 0.1596 0.0441 0.0467 0.0659 0.1245 0.0345 0.0187 0.1614 0.1081 0.1000 0.0731 
        D456  2 0.0185 0.0221 0.0220 0.0105 0.0181 0.0181 0.0114 0.0101 0.0191 0.0171 0.8059 0.0272 
        D462  2 0.0153 0.0270 0.0273 0.0158 0.0189 0.0151 0.0129 0.7041 0.1025 0.0129 0.0284 0.0198 
        D463  2 0.0130 0.0176 0.0170 0.0185 0.0221 0.0133 0.0178 0.0081 0.0269 0.0281 0.8034 0.0141 
        D464  2 0.0129 0.3536 0.0498 0.0886 0.0451 0.0401 0.0243 0.0689 0.2019 0.0283 0.0636 0.0229 
        D465  2 0.0236 0.0546 0.0419 0.0238 0.0834 0.0232 0.0644 0.4623 0.0255 0.0191 0.1365 0.0417 
        D473  2 0.0258 0.0525 0.0434 0.0187 0.0566 0.0349 0.0987 0.0368 0.0711 0.4803 0.0179 0.0632 
        D474  2 0.1131 0.0342 0.0213 0.0118 0.0247 0.0243 0.0379 0.0309 0.0307 0.0351 0.5734 0.0625 
        D476  2 0.0281 0.0317 0.1358 0.0138 0.0128 0.0161 0.0114 0.0438 0.4806 0.0150 0.0196 0.1914 
        D477  2 0.0610 0.0555 0.0221 0.0201 0.1350 0.0316 0.0945 0.0176 0.2941 0.0369 0.2091 0.0223 
        D478  2 0.0381 0.1105 0.0624 0.1066 0.0382 0.0309 0.0244 0.0493 0.0527 0.0636 0.0269 0.3964 
        D480  2 0.0773 0.1023 0.0768 0.0265 0.1058 0.0714 0.0277 0.0664 0.2156 0.0827 0.1264 0.0211 
        D481  2 0.0344 0.0982 0.0443 0.0341 0.0268 0.0270 0.0558 0.0542 0.1810 0.0753 0.2650 0.1039 
        D482  2 0.1204 0.1092 0.0877 0.0410 0.0893 0.0460 0.0809 0.0225 0.2696 0.0750 0.0159 0.0425 
        D483  2 0.0227 0.0180 0.0222 0.0197 0.0114 0.0126 0.0242 0.7579 0.0125 0.0591 0.0128 0.0269 
        D484  2 0.0201 0.0218 0.0149 0.0604 0.0158 0.0207 0.0115 0.0183 0.7720 0.0203 0.0086 0.0156 
        D510  2 0.1377 0.0439 0.0230 0.4106 0.0260 0.0301 0.0276 0.0164 0.0228 0.2256 0.0205 0.0158 
        D511  2 0.0255 0.0298 0.0250 0.0146 0.0383 0.0203 0.0229 0.0419 0.6929 0.0166 0.0408 0.0315 
        D512  2 0.0300 0.0711 0.0256 0.0455 0.0544 0.0502 0.5143 0.1175 0.0183 0.0119 0.0189 0.0425 
        D513  2 0.0691 0.0714 0.0580 0.0288 0.1165 0.0370 0.0313 0.4500 0.0191 0.0502 0.0323 0.0363 
        D635  2 0.0212 0.0545 0.0590 0.0151 0.0326 0.0141 0.0300 0.0301 0.0185 0.0165 0.2747 0.4338 
        D636  2 0.0096 0.0166 0.1168 0.0111 0.0610 0.0113 0.0423 0.0166 0.0149 0.0138 0.0245 0.6616 
        D637  2 0.0299 0.0723 0.0395 0.0550 0.0933 0.1683 0.0530 0.1240 0.2625 0.0534 0.0238 0.0251 
        D658  2 0.0279 0.0555 0.0444 0.0454 0.0180 0.1141 0.0550 0.3828 0.1407 0.0831 0.0165 0.0167 
        D659  2 0.0792 0.0421 0.0425 0.0296 0.0255 0.0395 0.0162 0.0236 0.0515 0.0237 0.5236 0.1029 
        D677  2 0.0543 0.0646 0.1611 0.0670 0.1285 0.2354 0.0512 0.0371 0.0254 0.0150 0.0967 0.0637 
        D678  2 0.0210 0.0835 0.0278 0.0889 0.0533 0.0331 0.0333 0.5754 0.0209 0.0127 0.0178 0.0324 
        D679  2 0.0612 0.0940 0.0635 0.0171 0.3719 0.0464 0.0355 0.0418 0.0569 0.0340 0.1426 0.0353 
        D719  2 0.0796 0.0481 0.0321 0.0264 0.0358 0.0166 0.0793 0.1511 0.0447 0.3466 0.1269 0.0130 
        D720  2 0.0240 0.0509 0.1642 0.0247 0.0390 0.0241 0.0370 0.0347 0.0189 0.0604 0.4978 0.0243 
        D721  2 0.0177 0.0268 0.1251 0.0121 0.0235 0.0206 0.0149 0.0611 0.0251 0.0226 0.0381 0.6124 
        D722  2 0.0288 0.0274 0.0199 0.7456 0.0294 0.0132 0.0326 0.0237 0.0183 0.0379 0.0113 0.0119 
        D734  2 0.0247 0.0432 0.0211 0.0234 0.0294 0.0278 0.0134 0.0490 0.5804 0.1519 0.0186 0.0169 
        D735  2 0.0364 0.1163 0.0945 0.0214 0.2130 0.0462 0.1115 0.0455 0.0759 0.0888 0.1201 0.0302 
        D736  2 0.3754 0.0562 0.0389 0.0226 0.0281 0.0514 0.0381 0.0450 0.0379 0.2209 0.0461 0.0396 
        D737  2 0.0828 0.0460 0.0595 0.0443 0.0177 0.0293 0.0442 0.4969 0.0916 0.0427 0.0139 0.0311 
        D807  2 0.1469 0.0592 0.0628 0.0466 0.0714 0.0682 0.1059 0.0387 0.0923 0.1333 0.1335 0.0410 
        D808  2 0.0664 0.1367 0.1454 0.0366 0.0297 0.1127 0.2066 0.0791 0.0577 0.0265 0.0656 0.0371 
        D817  2 0.0294 0.0554 0.0341 0.0330 0.6170 0.0161 0.0421 0.0146 0.0298 0.0171 0.0908 0.0205 
        D818  2 0.1093 0.1612 0.0534 0.0153 0.0311 0.1583 0.0135 0.1548 0.0286 0.0203 0.0450 0.2092 
        D819  2 0.0252 0.0545 0.0229 0.0269 0.5891 0.0224 0.1139 0.0200 0.0194 0.0211 0.0572 0.0274 
        D820  2 0.0476 0.0414 0.2795 0.0148 0.0160 0.0363 0.0209 0.0320 0.1231 0.0216 0.3327 0.0341 
        D895  2 0.0230 0.1435 0.0731 0.0413 0.1481 0.0346 0.0518 0.0460 0.0524 0.0352 0.2024 0.1483 
        D896  2 0.0145 0.0144 0.0222 0.0229 0.0151 0.0170 0.8271 0.0110 0.0106 0.0183 0.0118 0.0151 
        D897  2 0.0308 0.0719 0.0309 0.0312 0.0606 0.0945 0.0379 0.5147 0.0514 0.0217 0.0266 0.0278 
        D898  2 0.0923 0.1416 0.0360 0.0769 0.1299 0.0957 0.2201 0.0281 0.0606 0.0348 0.0418 0.0422 
        D918  2 0.0392 0.0859 0.0930 0.0377 0.0636 0.2967 0.1217 0.0456 0.0630 0.0572 0.0243 0.0721 
        D919  2 0.0942 0.1107 0.0599 0.0527 0.0167 0.0225 0.0216 0.0717 0.3651 0.0187 0.1042 0.0619 
        D920  2 0.0214 0.0493 0.2825 0.0401 0.0176 0.1172 0.0477 0.0425 0.0281 0.0652 0.0210 0.2674 
        D923  2 0.0232 0.0707 0.0817 0.0405 0.0306 0.0249 0.0241 0.0319 0.0919 0.0199 0.5200 0.0406 
        D930  2 0.0433 0.1533 0.0973 0.0476 0.1211 0.1107 0.0500 0.0290 0.1214 0.0597 0.1367 0.0297 
        D931  2 0.0469 0.0658 0.0395 0.0387 0.0627 0.0324 0.0411 0.1002 0.2519 0.0406 0.2495 0.0309 
        D968  2 0.0866 0.0262 0.0226 0.0253 0.0240 0.0132 0.0220 0.7076 0.0209 0.0145 0.0211 0.0160 
        D969  2 0.1543 0.1269 0.0315 0.0408 0.0393 0.0382 0.0578 0.1166 0.0483 0.0494 0.2602 0.0369 
        D977  2 0.0208 0.0513 0.0212 0.0234 0.0259 0.0702 0.0134 0.6834 0.0231 0.0175 0.0248 0.0250 
        D978  2 0.1782 0.1229 0.0242 0.0510 0.2106 0.1968 0.0172 0.0879 0.0289 0.0319 0.0173 0.0330 
        D211  3 0.0283 0.0528 0.1164 0.0143 0.0803 0.2657 0.0157 0.0174 0.0285 0.0242 0.0613 0.2950 
     D229639  3 0.5369 0.0627 0.0346 0.0324 0.0342 0.0357 0.0455 0.0367 0.0250 0.0744 0.0569 0.0251 
     D237212  3 0.2070 0.0726 0.0358 0.0217 0.0913 0.0867 0.0428 0.0417 0.2589 0.0221 0.0582 0.0613 
     D237213  3 0.0300 0.0493 0.0693 0.0322 0.4004 0.1133 0.1193 0.0229 0.0720 0.0108 0.0242 0.0563 
     D237214  3 0.0093 0.0189 0.0270 0.0124 0.0110 0.0173 0.0127 0.0120 0.0123 0.0159 0.0158 0.8353 
     D237215  3 0.0988 0.0375 0.0205 0.3264 0.0355 0.0133 0.0454 0.3196 0.0138 0.0603 0.0133 0.0156 
     D237216  3 0.0305 0.4695 0.0316 0.0267 0.0789 0.1343 0.0283 0.0252 0.0316 0.0175 0.0329 0.0930 
     D237217  3 0.0655 0.2715 0.1499 0.0145 0.0258 0.1781 0.0624 0.0192 0.0276 0.0131 0.0648 0.1078 
     D237218  3 0.1085 0.0691 0.0731 0.0135 0.0327 0.3710 0.0195 0.0406 0.1624 0.0466 0.0365 0.0265 
     D237219  3 0.0895 0.0740 0.0917 0.0202 0.2881 0.0855 0.1851 0.0252 0.0133 0.0692 0.0194 0.0388 
     D237382  3 0.0338 0.0721 0.2600 0.1024 0.0384 0.1210 0.1132 0.0368 0.0357 0.0898 0.0460 0.0507 
     D244127  3 0.0745 0.0744 0.0562 0.0361 0.0699 0.0636 0.4573 0.0785 0.0290 0.0151 0.0147 0.0307 
     D244129  3 0.0687 0.1194 0.0997 0.0219 0.0728 0.0702 0.1787 0.0579 0.1001 0.0358 0.0742 0.1006 
     D244133  3 0.0246 0.0371 0.0156 0.0273 0.6303 0.0244 0.0326 0.0660 0.0096 0.0619 0.0348 0.0358 
     D244134  3 0.3255 0.0588 0.0465 0.0116 0.1567 0.0362 0.0899 0.0245 0.0170 0.1899 0.0212 0.0223 
     D244135  3 0.0171 0.0486 0.0686 0.0151 0.0472 0.0240 0.0173 0.0520 0.0233 0.0154 0.0423 0.6292 
     D244136  3 0.0515 0.0816 0.0532 0.0813 0.3153 0.0321 0.0330 0.0516 0.0236 0.1131 0.1054 0.0585 
        D416  3 0.0300 0.1325 0.0291 0.0177 0.2155 0.1163 0.0585 0.1154 0.0421 0.0355 0.0803 0.1271 
        D417  3 0.0155 0.0446 0.1097 0.0246 0.0299 0.1643 0.0297 0.0164 0.0177 0.0225 0.5030 0.0221 
        D419  3 0.1099 0.1037 0.1417 0.0231 0.1683 0.1167 0.0871 0.0529 0.0346 0.0473 0.0789 0.0359 
        D565  3 0.0482 0.0207 0.0227 0.0263 0.0501 0.0118 0.0218 0.0149 0.0163 0.7076 0.0403 0.0193 
        D566  3 0.3395 0.0607 0.0243 0.0731 0.0814 0.0224 0.0542 0.0379 0.0192 0.1685 0.0673 0.0517 
        D567  3 0.0230 0.0650 0.0531 0.0310 0.0508 0.0406 0.0473 0.0321 0.0739 0.0150 0.5241 0.0441 
        D568  3 0.0712 0.0927 0.2618 0.0267 0.0371 0.1087 0.0521 0.0940 0.1102 0.0164 0.0842 0.0451 
        D569  3 0.0324 0.0566 0.0320 0.0867 0.0313 0.0291 0.0218 0.0629 0.5070 0.0299 0.0164 0.0939 
        D573  3 0.4673 0.0759 0.0236 0.0166 0.0211 0.0172 0.0317 0.1006 0.0289 0.0234 0.1666 0.0270 
        D574  3 0.0794 0.0977 0.0345 0.1174 0.1110 0.0624 0.0731 0.0438 0.0366 0.2601 0.0329 0.0510 
        D575  3 0.0230 0.0277 0.0204 0.0116 0.6839 0.0158 0.0540 0.0325 0.0172 0.0398 0.0232 0.0509 
        D576  3 0.0935 0.0494 0.0123 0.2319 0.1139 0.0171 0.0122 0.3845 0.0163 0.0199 0.0069 0.0423 
        D577  3 0.0236 0.0594 0.0829 0.0571 0.1351 0.0626 0.0217 0.0202 0.0430 0.0273 0.3720 0.0952 
        D578  3 0.0126 0.0194 0.0317 0.0119 0.0123 0.0170 0.0184 0.0188 0.0101 0.0122 0.0102 0.8254 
        D579  3 0.1371 0.0738 0.0533 0.0258 0.1164 0.0570 0.0455 0.0501 0.1117 0.1442 0.1464 0.0387 
        D660  3 0.0179 0.0622 0.0316 0.0201 0.1134 0.0434 0.0422 0.5684 0.0311 0.0138 0.0132 0.0428 
        D661  3 0.1329 0.0897 0.0568 0.0253 0.0278 0.4151 0.0174 0.0970 0.0622 0.0180 0.0229 0.0347 
        D663  3 0.5096 0.0844 0.0364 0.0642 0.0534 0.0274 0.0166 0.0707 0.0260 0.0119 0.0559 0.0435 
        D664  3 0.0302 0.0711 0.0615 0.0481 0.2947 0.1179 0.0701 0.1508 0.0185 0.0472 0.0145 0.0753 
        D665  3 0.0317 0.1524 0.0560 0.0614 0.2549 0.0585 0.0742 0.0263 0.1064 0.0110 0.0110 0.1562 
        D666  3 0.0308 0.0425 0.0430 0.0154 0.5154 0.0507 0.1377 0.0171 0.0264 0.0605 0.0357 0.0247 
        D009  4 0.0209 0.1260 0.0822 0.0589 0.0255 0.2224 0.0547 0.0204 0.1093 0.0243 0.1288 0.1266 
        D057  4 0.0572 0.0491 0.2919 0.0191 0.0103 0.0277 0.0166 0.0991 0.2770 0.0253 0.0241 0.1026 
        D109  4 0.0204 0.1382 0.0413 0.0289 0.1223 0.0642 0.4053 0.0166 0.0293 0.0376 0.0460 0.0500 
     D237222  4 0.0348 0.0460 0.2607 0.1093 0.0135 0.0375 0.0396 0.0258 0.0285 0.0915 0.0227 0.2900 
     D237223  4 0.0554 0.0933 0.1651 0.0497 0.0192 0.3200 0.0658 0.0462 0.0384 0.0809 0.0193 0.0468 
     D237224  4 0.1341 0.0944 0.0617 0.0332 0.0862 0.0388 0.0377 0.1339 0.1816 0.0257 0.1175 0.0554 
     D237225  4 0.0408 0.2631 0.1377 0.0252 0.0362 0.1520 0.0506 0.0250 0.0813 0.0355 0.0596 0.0930 
     D237299  4 0.0393 0.0696 0.0272 0.0183 0.0176 0.6496 0.0309 0.0161 0.0163 0.0406 0.0140 0.0605 
     D237300  4 0.5585 0.0348 0.0274 0.0191 0.1362 0.0928 0.0192 0.0349 0.0208 0.0252 0.0130 0.0182 
     D237306  4 0.0305 0.0511 0.0909 0.1757 0.0190 0.1513 0.0822 0.0224 0.0315 0.2464 0.0660 0.0332 
     D237307  4 0.0446 0.0941 0.0619 0.0868 0.1447 0.0745 0.0289 0.0415 0.0128 0.1431 0.2232 0.0440 
     D237308  4 0.0329 0.0773 0.1396 0.0395 0.0310 0.0304 0.0669 0.3307 0.1476 0.0608 0.0180 0.0253 
     D237309  4 0.0496 0.2381 0.1037 0.0604 0.0296 0.1153 0.0557 0.0307 0.0927 0.0194 0.1544 0.0504 
     D237317  4 0.0609 0.1722 0.0623 0.0798 0.0342 0.0262 0.0454 0.0236 0.0325 0.2796 0.1330 0.0502 
     D237318  4 0.7163 0.0376 0.0170 0.0199 0.0444 0.0261 0.0154 0.0443 0.0114 0.0199 0.0275 0.0202 
     D237319  4 0.0361 0.1120 0.2854 0.0488 0.0530 0.1771 0.0874 0.0489 0.0206 0.0296 0.0280 0.0731 
     D237320  4 0.0724 0.0675 0.0961 0.0167 0.0232 0.4692 0.0723 0.0500 0.0180 0.0211 0.0282 0.0654 
     D237321  4 0.4524 0.0815 0.0402 0.0383 0.0596 0.0332 0.0418 0.0699 0.0241 0.0503 0.0681 0.0406 
     D237397  4 0.1122 0.0933 0.1600 0.0727 0.0393 0.2239 0.0625 0.0719 0.0181 0.0667 0.0310 0.0484 
     D237398  4 0.5908 0.0606 0.0333 0.0152 0.0358 0.0760 0.0144 0.0335 0.0543 0.0164 0.0425 0.0272 
     D237399  4 0.2511 0.0650 0.1238 0.0347 0.0236 0.0906 0.0520 0.0322 0.0512 0.1364 0.0570 0.0822 
     D244001  4 0.0281 0.0814 0.3448 0.1681 0.0153 0.0400 0.0338 0.0790 0.0315 0.0168 0.0279 0.1333 
        D289  4 0.0816 0.0582 0.0581 0.0286 0.0278 0.0783 0.0391 0.0621 0.2406 0.1763 0.0584 0.0911 
        D290  4 0.1535 0.1099 0.2504 0.1613 0.0157 0.0877 0.0408 0.0289 0.0426 0.0193 0.0484 0.0415 
        D294  4 0.0449 0.1465 0.1044 0.0663 0.0270 0.1217 0.0147 0.0210 0.2631 0.0317 0.0748 0.0838 
        D295  4 0.0356 0.0624 0.2368 0.0394 0.0818 0.1605 0.1258 0.0207 0.0565 0.0431 0.1176 0.0198 
        D301  4 0.0560 0.0476 0.4179 0.0934 0.0342 0.0442 0.0476 0.0260 0.0184 0.0314 0.0148 0.1684 
        D302  4 0.0144 0.0367 0.0673 0.0447 0.0233 0.0288 0.0144 0.0116 0.6958 0.0125 0.0264 0.0241 
        D303  4 0.0241 0.0663 0.0255 0.0486 0.0532 0.0507 0.0638 0.0502 0.0723 0.4875 0.0331 0.0247 
        D304  4 0.2805 0.1188 0.1522 0.1265 0.0496 0.0641 0.0193 0.0197 0.0242 0.0516 0.0537 0.0398 
        D305  4 0.0324 0.2721 0.0671 0.0588 0.0221 0.0503 0.0252 0.1023 0.3144 0.0112 0.0190 0.0251 
        D306  4 0.0339 0.3025 0.1569 0.2296 0.0126 0.0588 0.0358 0.0197 0.0327 0.0244 0.0290 0.0643 
        D307  4 0.0370 0.0285 0.3497 0.0221 0.0325 0.0254 0.0266 0.0169 0.0316 0.0726 0.0126 0.3445 
        D327  4 0.0361 0.0721 0.0521 0.0381 0.0627 0.0534 0.0156 0.0472 0.0276 0.0487 0.5032 0.0433 
        D328  4 0.0295 0.0623 0.0478 0.2635 0.0899 0.0932 0.0651 0.0212 0.2011 0.0870 0.0166 0.0225 
        D329  4 0.0530 0.1228 0.2400 0.0316 0.0255 0.0656 0.0483 0.1011 0.1924 0.0366 0.0408 0.0423 
        D330  4 0.0176 0.1035 0.1668 0.0554 0.0385 0.0845 0.1016 0.0499 0.0601 0.0126 0.1980 0.1115 
        D331  4 0.1670 0.0851 0.2499 0.0996 0.0494 0.0378 0.0562 0.0294 0.0241 0.0562 0.1125 0.0327 
        D333  4 0.0597 0.0964 0.1236 0.1330 0.0364 0.1316 0.0564 0.0563 0.1618 0.0579 0.0548 0.0321 
        D334  4 0.0437 0.0454 0.1335 0.0215 0.0427 0.0630 0.0222 0.0188 0.0461 0.4508 0.0332 0.0791 
        D335  4 0.0285 0.0634 0.2727 0.1097 0.0372 0.0137 0.0343 0.0316 0.3028 0.0240 0.0483 0.0340 
        D370  4 0.0216 0.0352 0.0399 0.6047 0.0550 0.0186 0.0778 0.0305 0.0286 0.0348 0.0309 0.0224 
        D371  4 0.0221 0.0400 0.0212 0.0743 0.0643 0.0196 0.0223 0.0293 0.0176 0.5117 0.1579 0.0197 
        D372  4 0.5733 0.1076 0.0233 0.1029 0.0269 0.0299 0.0204 0.0492 0.0126 0.0317 0.0110 0.0112 
        D373  4 0.0765 0.0430 0.2493 0.0247 0.0528 0.0258 0.0189 0.0652 0.0304 0.0168 0.0365 0.3601 
        D455  4 0.0420 0.0269 0.3818 0.0144 0.0128 0.0212 0.0190 0.0216 0.0630 0.0258 0.0213 0.3501 
        D490  4 0.0123 0.0346 0.2168 0.0209 0.0210 0.0968 0.0202 0.0097 0.0228 0.0169 0.0181 0.5100 
        D497  4 0.0197 0.0544 0.1983 0.0279 0.0521 0.1440 0.0398 0.0157 0.0573 0.0169 0.0130 0.3608 
        D498  4 0.1074 0.1103 0.1950 0.1723 0.0498 0.0356 0.1274 0.0270 0.0237 0.0781 0.0342 0.0391 
        D499  4 0.0468 0.1284 0.0201 0.0374 0.1891 0.1321 0.0646 0.1440 0.0984 0.1014 0.0214 0.0162 
        D514  4 0.0519 0.0815 0.0450 0.1339 0.1109 0.0688 0.0477 0.0218 0.1445 0.0145 0.2200 0.0596 
        D515  4 0.0174 0.0289 0.1628 0.0643 0.0243 0.5386 0.0280 0.0190 0.0376 0.0251 0.0271 0.0269 
        D516  4 0.0568 0.0620 0.1919 0.0418 0.2625 0.0658 0.1411 0.0418 0.0163 0.0337 0.0516 0.0348 
        D517  4 0.0635 0.1244 0.2424 0.0200 0.0175 0.0894 0.0499 0.0339 0.0259 0.0184 0.0596 0.2550 
        D518  4 0.0176 0.0490 0.3658 0.0860 0.0144 0.0266 0.0138 0.0412 0.2507 0.0537 0.0158 0.0654 
        D519  4 0.0326 0.0264 0.0697 0.0116 0.0211 0.7208 0.0177 0.0165 0.0158 0.0190 0.0216 0.0271 
        D560  4 0.0340 0.0364 0.0568 0.0193 0.0147 0.6869 0.0155 0.0286 0.0203 0.0093 0.0661 0.0121 
        D561  4 0.0241 0.2048 0.1032 0.0232 0.0207 0.0421 0.0376 0.0456 0.0574 0.0127 0.0564 0.3722 
        D562  4 0.0611 0.0966 0.0853 0.0889 0.0300 0.0721 0.0400 0.0577 0.1048 0.0377 0.0324 0.2934 
        D563  4 0.0686 0.1137 0.0428 0.0281 0.0837 0.0623 0.0410 0.3414 0.1273 0.0178 0.0179 0.0553 
        D572  4 0.0167 0.0390 0.0942 0.0527 0.0204 0.0379 0.0185 0.0251 0.5633 0.0183 0.0524 0.0615 
        D629  4 0.0388 0.0392 0.0293 0.0156 0.3865 0.0355 0.0223 0.0172 0.0558 0.0135 0.1456 0.2007 
        D630  4 0.0734 0.0632 0.1847 0.0957 0.0261 0.1903 0.0237 0.0217 0.0840 0.0421 0.0565 0.1386 
        D631  4 0.0307 0.0521 0.1131 0.0264 0.0165 0.0652 0.0173 0.0889 0.5304 0.0188 0.0146 0.0259 
        D632  4 0.0139 0.0572 0.2277 0.0361 0.0415 0.0297 0.0728 0.1479 0.1628 0.0166 0.0569 0.1370 
        D646  4 0.0365 0.1052 0.1991 0.0286 0.0194 0.3159 0.0780 0.0437 0.0423 0.0186 0.0702 0.0425 
        D647  4 0.0367 0.0546 0.3936 0.0465 0.0178 0.0802 0.0502 0.0384 0.0441 0.0103 0.1851 0.0424 
        D648  4 0.0121 0.0349 0.0464 0.5814 0.0587 0.0346 0.0133 0.0155 0.1406 0.0316 0.0158 0.0151 
        D649  4 0.0308 0.0542 0.0776 0.0193 0.0616 0.0430 0.2226 0.0182 0.2177 0.0219 0.1965 0.0366 
        D650  4 0.0552 0.1028 0.1257 0.0362 0.0768 0.2116 0.0757 0.0290 0.0552 0.0692 0.0820 0.0806 
        D708  4 0.0681 0.1231 0.0751 0.0614 0.1338 0.1133 0.0390 0.0265 0.1871 0.1019 0.0239 0.0468 
        D709  4 0.0388 0.0907 0.1769 0.2058 0.0674 0.0465 0.2457 0.0216 0.0422 0.0279 0.0198 0.0167 
        D738  4 0.0536 0.0573 0.2705 0.0321 0.0199 0.0607 0.0725 0.0168 0.0216 0.3110 0.0464 0.0376 
        D739  4 0.0384 0.0893 0.1280 0.1347 0.0344 0.1666 0.0397 0.0227 0.0522 0.0260 0.0204 0.2476 
        D740  4 0.0761 0.1604 0.0299 0.0186 0.0374 0.2116 0.0930 0.0445 0.0874 0.1713 0.0238 0.0459 
        D741  4 0.0271 0.0678 0.1682 0.0241 0.0262 0.4984 0.0319 0.0455 0.0194 0.0127 0.0499 0.0288 
        D742  4 0.0895 0.1003 0.0279 0.0305 0.0295 0.2096 0.0501 0.2065 0.0711 0.0812 0.0247 0.0791 
        D743  4 0.0341 0.0412 0.0593 0.0185 0.0439 0.0366 0.0157 0.0417 0.3812 0.0223 0.2702 0.0352 
        D744  4 0.0186 0.0199 0.0145 0.0120 0.0191 0.0226 0.0150 0.0146 0.8083 0.0198 0.0149 0.0208 
        D745  4 0.0256 0.0282 0.0570 0.0146 0.0273 0.7280 0.0209 0.0134 0.0180 0.0167 0.0168 0.0336 
        D814  4 0.0339 0.1428 0.0561 0.0761 0.0277 0.2909 0.0103 0.2074 0.0438 0.0137 0.0212 0.0762 
        D815  4 0.0447 0.0610 0.1679 0.0851 0.0380 0.0197 0.0481 0.0286 0.3876 0.0236 0.0672 0.0283 
        D828  4 0.0357 0.0350 0.0269 0.6758 0.0291 0.0496 0.0194 0.0316 0.0329 0.0316 0.0089 0.0236 
        D845  4 0.8080 0.0164 0.0152 0.0148 0.0270 0.0166 0.0134 0.0201 0.0154 0.0263 0.0151 0.0119 
        D846  4 0.0475 0.0803 0.1947 0.0382 0.0556 0.0254 0.0220 0.1205 0.2218 0.0096 0.0520 0.1322 
        D847  4 0.0762 0.0835 0.0928 0.0183 0.0280 0.1321 0.0390 0.0416 0.0444 0.0803 0.0775 0.2862 
        D848  4 0.1682 0.0340 0.2109 0.0230 0.0148 0.0151 0.0163 0.0545 0.0258 0.0170 0.0133 0.4071 
        D849  4 0.0179 0.1156 0.1541 0.0637 0.0569 0.3170 0.0606 0.0246 0.0397 0.0158 0.0214 0.1127 
        D850  4 0.1448 0.1221 0.1610 0.0194 0.0429 0.0425 0.0333 0.0344 0.0321 0.0460 0.0481 0.2734 
        D856  4 0.0359 0.2051 0.2139 0.0618 0.0535 0.1026 0.1508 0.0208 0.0428 0.0283 0.0339 0.0507 
        D857  4 0.0132 0.0330 0.0247 0.2859 0.0099 0.0224 0.4848 0.0506 0.0160 0.0233 0.0107 0.0255 
        D859  4 0.0744 0.0470 0.0529 0.0446 0.0169 0.2238 0.0233 0.0259 0.3949 0.0211 0.0476 0.0277 
        D860  4 0.1716 0.0541 0.0498 0.0284 0.0173 0.0170 0.0247 0.0631 0.0973 0.3866 0.0591 0.0310 
        D883  4 0.0526 0.0765 0.0837 0.0950 0.0957 0.0617 0.0732 0.0234 0.0617 0.0492 0.1720 0.1555 
        D884  4 0.0227 0.0520 0.2410 0.0415 0.0399 0.4244 0.0578 0.0126 0.0326 0.0327 0.0200 0.0227 
        D885  4 0.1079 0.1248 0.0436 0.0133 0.0600 0.4214 0.0255 0.0476 0.0366 0.0231 0.0574 0.0388 
        D886  4 0.0324 0.0532 0.2824 0.0898 0.0186 0.0549 0.1009 0.0374 0.0588 0.0226 0.1265 0.1226 
        D887  4 0.1497 0.1185 0.0294 0.0628 0.0264 0.1600 0.0611 0.0694 0.0811 0.0411 0.1494 0.0512 
        D889  4 0.6111 0.0427 0.0819 0.0741 0.0203 0.0514 0.0118 0.0108 0.0393 0.0160 0.0222 0.0184 
        D890  4 0.0231 0.0676 0.0465 0.0953 0.4743 0.0257 0.0511 0.0431 0.0466 0.0529 0.0253 0.0485 
        D891  4 0.8809 0.0170 0.0096 0.0063 0.0170 0.0118 0.0096 0.0102 0.0085 0.0086 0.0121 0.0083 
        D899  4 0.2002 0.0720 0.0296 0.0681 0.0512 0.0267 0.0265 0.2949 0.1035 0.0715 0.0242 0.0316 
        D900  4 0.0440 0.1682 0.0687 0.0646 0.0392 0.0639 0.0472 0.0556 0.1087 0.0523 0.1082 0.1795 
        D970  4 0.0848 0.1069 0.0923 0.0226 0.0467 0.0461 0.0444 0.0556 0.2780 0.0362 0.1182 0.0681 
        D971  4 0.0218 0.0972 0.1180 0.0410 0.0355 0.0157 0.0702 0.3567 0.1200 0.0545 0.0343 0.0350 
        D979  4 0.0283 0.0695 0.3714 0.0914 0.0527 0.0263 0.0183 0.0245 0.1477 0.0275 0.1153 0.0270 
        D093  5 0.0412 0.0413 0.0365 0.0300 0.0184 0.0460 0.0242 0.0174 0.0169 0.6665 0.0411 0.0205 
        D154  5 0.0797 0.0962 0.0190 0.0617 0.2618 0.2999 0.0178 0.0745 0.0256 0.0316 0.0172 0.0151 
        D168  5 0.0753 0.1346 0.0436 0.0350 0.2938 0.1032 0.0474 0.1366 0.0246 0.0130 0.0382 0.0547 
