        D174  1 0.0568 0.1434 0.7998 
        D199  1 0.4220 0.2199 0.3581 
        D203  1 0.4210 0.2421 0.3369 
        D204  1 0.2045 0.5685 0.2270 
     D237366  1 0.1843 0.7229 0.0928 
     D237367  1 0.1092 0.8176 0.0732 
     D237368  1 0.1652 0.5603 0.2745 
     D244101  1 0.5865 0.2899 0.1236 
     D244102  1 0.2292 0.2792 0.4916 
     D244103  1 0.0733 0.8023 0.1244 
     D244104  1 0.1875 0.3714 0.4411 
     D244105  1 0.0499 0.9019 0.0482 
     D244106  1 0.2676 0.1086 0.6238 
     D244107  1 0.1343 0.7745 0.0912 
     D244108  1 0.0594 0.0743 0.8663 
     D244113  1 0.1122 0.0621 0.8257 
     D244114  1 0.4326 0.3152 0.2522 
     D244115  1 0.0739 0.2220 0.7041 
     D267365  1 0.1407 0.2367 0.6225 
        D404  1 0.1425 0.0654 0.7921 
        D405  1 0.2628 0.1729 0.5643 
        D406  1 0.0476 0.8209 0.1315 
        D407  1 0.0937 0.8401 0.0662 
        D408  1 0.1866 0.0944 0.7190 
        D409  1 0.0704 0.8359 0.0938 
        D410  1 0.0256 0.1723 0.8021 
        D421  1 0.1201 0.6792 0.2006 
        D422  1 0.0405 0.9294 0.0300 
        D423  1 0.0666 0.4711 0.4623 
        D424  1 0.0313 0.8860 0.0827 
        D425  1 0.0985 0.2729 0.6286 
        D426  1 0.1335 0.8239 0.0425 
        D427  1 0.6779 0.1194 0.2027 
        D428  1 0.1596 0.4176 0.4227 
        D429  1 0.1320 0.3775 0.4905 
        D430  1 0.3613 0.3156 0.3231 
        D491  1 0.0474 0.0674 0.8852 
        D492  1 0.1312 0.4878 0.3810 
        D537  1 0.0750 0.6968 0.2281 
        D538  1 0.1939 0.2559 0.5502 
        D539  1 0.3081 0.1433 0.5486 
        D540  1 0.1000 0.5498 0.3502 
        D541  1 0.1205 0.6574 0.2221 
        D551  1 0.5911 0.3506 0.0584 
        D552  1 0.0885 0.2598 0.6517 
        D553  1 0.0593 0.8016 0.1391 
        D615  1 0.2084 0.2931 0.4986 
        D616  1 0.2313 0.4048 0.3639 
        D621  1 0.0970 0.4398 0.4632 
        D622  1 0.0781 0.7714 0.1505 
        D623  1 0.4309 0.0516 0.5175 
        D624  1 0.0557 0.0954 0.8489 
        D625  1 0.0511 0.4818 0.4672 
        D626  1 0.1151 0.2626 0.6223 
        D627  1 0.1131 0.8442 0.0428 
        D690  1 0.0387 0.4368 0.5245 
        D691  1 0.0742 0.8230 0.1028 
        D710  1 0.1794 0.3189 0.5018 
        D711  1 0.1393 0.5102 0.3505 
        D712  1 0.1623 0.1058 0.7319 
        D713  1 0.0604 0.1846 0.7549 
        D746  1 0.0535 0.8827 0.0637 
        D747  1 0.1934 0.5764 0.2301 
        D748  1 0.0736 0.7003 0.2260 
        D749  1 0.1966 0.4338 0.3696 
        D750  1 0.0568 0.1080 0.8353 
        D763  1 0.5493 0.3636 0.0871 
        D764  1 0.0390 0.2371 0.7240 
        D765  1 0.0538 0.1892 0.7570 
        D766  1 0.0534 0.5238 0.4228 
        D767  1 0.3343 0.4378 0.2279 
        D768  1 0.0794 0.8351 0.0855 
        D811  1 0.0820 0.0657 0.8523 
        D816  1 0.0760 0.4180 0.5060 
        D825  1 0.0473 0.1288 0.8239 
        D866  1 0.4180 0.0826 0.4994 
        D867  1 0.0727 0.8680 0.0593 
        D871  1 0.0685 0.8483 0.0832 
        D872  1 0.1190 0.3614 0.5196 
        D873  1 0.0406 0.0995 0.8599 
        D874  1 0.2781 0.1521 0.5698 
        D875  1 0.0289 0.9143 0.0568 
        D876  1 0.0874 0.3427 0.5699 
        D877  1 0.1024 0.0682 0.8294 
        D892  1 0.0722 0.4298 0.4980 
        D893  1 0.2215 0.6193 0.1592 
        D894  1 0.1174 0.5938 0.2888 
        D915  1 0.0798 0.5361 0.3842 
        D916  1 0.0626 0.6196 0.3178 
        D917  1 0.2395 0.1707 0.5898 
        D925  1 0.0377 0.0802 0.8821 
        D926  1 0.0958 0.5649 0.3394 
        D927  1 0.6277 0.2232 0.1491 
        D928  1 0.0326 0.0333 0.9341 
        D929  1 0.2431 0.3710 0.3860 
        D936  1 0.4470 0.2839 0.2691 
        D938  1 0.0340 0.8930 0.0730 
        D956  1 0.0939 0.0568 0.8492 
        D957  1 0.1175 0.2919 0.5906 
        D958  1 0.0430 0.2498 0.7072 
        D959  1 0.0604 0.9008 0.0388 
        D960  1 0.0572 0.6635 0.2793 
        D989  1 0.3193 0.1058 0.5749 
        D990  1 0.1771 0.1761 0.6468 
        D023  2 0.0592 0.8627 0.0780 
        D130  2 0.0506 0.8959 0.0535 
        D131  2 0.1632 0.6996 0.1373 
        D163  2 0.0430 0.8911 0.0659 
        D164  2 0.5975 0.0872 0.3153 
        D165  2 0.0900 0.8581 0.0519 
        D166  2 0.3310 0.4450 0.2240 
        D167  2 0.9136 0.0311 0.0553 
        D192  2 0.9462 0.0220 0.0318 
        D193  2 0.1314 0.1283 0.7402 
        D206  2 0.2000 0.7042 0.0959 
        D207  2 0.8023 0.1254 0.0723 
        D208  2 0.5117 0.0806 0.4078 
        D209  2 0.7066 0.2093 0.0840 
        D210  2 0.4350 0.1009 0.4641 
     D229599  2 0.2905 0.3743 0.3352 
     D229600  2 0.5881 0.3467 0.0652 
     D237227  2 0.1941 0.1327 0.6732 
     D237228  2 0.1691 0.0730 0.7579 
     D237258  2 0.4803 0.1697 0.3500 
     D237310  2 0.1811 0.1202 0.6987 
     D237311  2 0.3763 0.1223 0.5014 
     D237312  2 0.1213 0.2782 0.6005 
     D237313  2 0.0922 0.2655 0.6423 
     D237322  2 0.5543 0.1752 0.2705 
     D237323  2 0.0970 0.0635 0.8395 
     D237324  2 0.3805 0.5669 0.0526 
     D237325  2 0.1738 0.2612 0.5650 
     D237326  2 0.0665 0.1281 0.8053 
     D237327  2 0.7183 0.2067 0.0750 
     D237337  2 0.0441 0.1202 0.8356 
     D237338  2 0.2391 0.3868 0.3741 
     D237339  2 0.6748 0.2304 0.0948 
     D237340  2 0.4239 0.1080 0.4682 
     D237389  2 0.1839 0.2094 0.6067 
     D237390  2 0.1169 0.2832 0.5999 
     D244017  2 0.5253 0.0820 0.3928 
     D244112  2 0.8682 0.0840 0.0478 
     D244118  2 0.8209 0.1257 0.0534 
     D244119  2 0.4208 0.0395 0.5397 
     D244120  2 0.7434 0.0506 0.2059 
     D244122  2 0.7933 0.0841 0.1226 
        D291  2 0.6305 0.2809 0.0886 
        D292  2 0.6194 0.0955 0.2851 
        D293  2 0.8846 0.0836 0.0318 
        D322  2 0.7686 0.1622 0.0692 
        D323  2 0.4082 0.3049 0.2870 
        D324  2 0.3609 0.3793 0.2598 
        D325  2 0.8406 0.1392 0.0202 
        D326  2 0.1597 0.6685 0.1718 
        D340  2 0.9255 0.0450 0.0295 
        D341  2 0.8870 0.0605 0.0526 
        D342  2 0.7095 0.2060 0.0845 
        D343  2 0.9499 0.0354 0.0148 
        D344  2 0.1876 0.4879 0.3245 
        D345  2 0.1491 0.4612 0.3897 
        D346  2 0.2123 0.1207 0.6670 
        D351  2 0.3051 0.5630 0.1318 
        D352  2 0.3813 0.2718 0.3469 
        D353  2 0.0928 0.8535 0.0537 
        D354  2 0.0637 0.2477 0.6886 
        D362  2 0.0925 0.4867 0.4208 
        D363  2 0.0967 0.3398 0.5635 
        D364  2 0.0822 0.3740 0.5438 
        D365  2 0.9338 0.0358 0.0304 
        D369  2 0.3172 0.1989 0.4839 
        D374  2 0.0365 0.0351 0.9283 
        D375  2 0.1396 0.5463 0.3140 
        D376  2 0.0652 0.0475 0.8873 
        D377  2 0.1571 0.2595 0.5834 
        D378  2 0.5845 0.3407 0.0747 
        D379  2 0.0612 0.7555 0.1833 
        D384  2 0.0626 0.6228 0.3147 
        D385  2 0.9007 0.0441 0.0552 
        D386  2 0.2521 0.6419 0.1060 
        D391  2 0.9156 0.0519 0.0325 
        D392  2 0.7455 0.0793 0.1752 
        D393  2 0.5445 0.3477 0.1079 
        D394  2 0.3096 0.4498 0.2407 
        D395  2 0.7563 0.1731 0.0706 
        D401  2 0.0570 0.0913 0.8516 
        D402  2 0.9275 0.0363 0.0363 
        D403  2 0.1157 0.7939 0.0904 
        D415  2 0.0440 0.8844 0.0717 
        D435  2 0.4807 0.4449 0.0744 
        D436  2 0.1760 0.5354 0.2885 
        D438  2 0.9219 0.0438 0.0343 
        D439  2 0.2931 0.6172 0.0897 
        D449  2 0.5281 0.4240 0.0479 
        D450  2 0.0990 0.3174 0.5835 
        D456  2 0.0388 0.8608 0.1003 
        D462  2 0.9172 0.0556 0.0272 
        D463  2 0.0442 0.8252 0.1306 
        D464  2 0.3197 0.5033 0.1770 
        D465  2 0.4778 0.4289 0.0933 
        D473  2 0.1280 0.0843 0.7877 
        D474  2 0.3791 0.3012 0.3198 
        D476  2 0.2400 0.7172 0.0429 
        D477  2 0.2305 0.2694 0.5001 
        D478  2 0.1654 0.4826 0.3520 
        D480  2 0.6288 0.1665 0.2047 
        D481  2 0.3010 0.3388 0.3602 
        D482  2 0.4940 0.1943 0.3117 
        D483  2 0.9055 0.0312 0.0634 
        D484  2 0.6386 0.1617 0.1997 
        D510  2 0.1398 0.0577 0.8025 
        D511  2 0.5426 0.3401 0.1173 
        D512  2 0.4155 0.2883 0.2962 
        D513  2 0.5604 0.2955 0.1441 
        D635  2 0.0684 0.7954 0.1362 
        D636  2 0.0394 0.9045 0.0562 
        D637  2 0.6318 0.1191 0.2490 
        D658  2 0.6902 0.0742 0.2356 
        D659  2 0.1223 0.7423 0.1354 
        D677  2 0.2444 0.6006 0.1550 
        D678  2 0.8307 0.0963 0.0730 
        D679  2 0.3270 0.4976 0.1754 
        D719  2 0.3294 0.0713 0.5992 
        D720  2 0.1281 0.4048 0.4671 
        D721  2 0.2040 0.7055 0.0905 
        D722  2 0.0801 0.0500 0.8699 
        D734  2 0.6318 0.0726 0.2956 
        D735  2 0.2389 0.3437 0.4173 
        D736  2 0.2683 0.1339 0.5978 
        D737  2 0.8254 0.0692 0.1054 
        D807  2 0.2625 0.1184 0.6192 
        D808  2 0.4135 0.3808 0.2058 
        D817  2 0.0944 0.3318 0.5738 
        D818  2 0.5604 0.3894 0.0502 
        D819  2 0.1819 0.4304 0.3877 
        D820  2 0.2842 0.4968 0.2190 
        D895  2 0.0792 0.7936 0.1272 
        D896  2 0.0384 0.0621 0.8996 
        D897  2 0.7940 0.1443 0.0617 
        D898  2 0.2280 0.3254 0.4467 
        D918  2 0.3867 0.3715 0.2418 
        D919  2 0.5997 0.3254 0.0749 
        D920  2 0.1000 0.8093 0.0906 
        D923  2 0.1494 0.6312 0.2193 
        D930  2 0.1398 0.2598 0.6004 
        D931  2 0.4571 0.2313 0.3116 
        D968  2 0.9337 0.0366 0.0297 
        D969  2 0.5923 0.2338 0.1740 
        D977  2 0.7561 0.2034 0.0405 
        D978  2 0.7132 0.1857 0.1011 
        D211  3 0.0843 0.8577 0.0580 
     D229639  3 0.6870 0.0764 0.2366 
     D237212  3 0.5731 0.3104 0.1165 
     D237213  3 0.1708 0.6165 0.2128 
     D237214  3 0.0424 0.8996 0.0580 
     D237215  3 0.8404 0.0295 0.1301 
     D237216  3 0.1928 0.7318 0.0755 
     D237217  3 0.0849 0.8578 0.0573 
     D237218  3 0.5890 0.3128 0.0982 
     D237219  3 0.2056 0.3367 0.4577 
     D237382  3 0.1689 0.2664 0.5647 
     D244127  3 0.3598 0.2991 0.3412 
     D244129  3 0.2824 0.4009 0.3167 
     D244133  3 0.2061 0.4100 0.3839 
     D244134  3 0.3240 0.1100 0.5660 
     D244135  3 0.1128 0.8462 0.0410 
     D244136  3 0.1843 0.3031 0.5126 
        D416  3 0.3453 0.5285 0.1262 
        D417  3 0.0506 0.8231 0.1263 
        D419  3 0.2924 0.3783 0.3293 
        D565  3 0.0515 0.0519 0.8966 
        D566  3 0.4076 0.0838 0.5086 
        D567  3 0.0945 0.6691 0.2363 
        D568  3 0.2635 0.6316 0.1049 
        D569  3 0.6369 0.2505 0.1126 
        D573  3 0.7840 0.1515 0.0645 
        D574  3 0.1313 0.1673 0.7014 
        D575  3 0.1655 0.3312 0.5034 
        D576  3 0.9047 0.0394 0.0558 
        D577  3 0.0940 0.7073 0.1987 
        D578  3 0.0512 0.9142 0.0346 
        D579  3 0.2837 0.2425 0.4738 
        D660  3 0.7184 0.2188 0.0628 
        D661  3 0.8234 0.1273 0.0493 
        D663  3 0.7891 0.1614 0.0496 
        D664  3 0.3235 0.2792 0.3974 
        D665  3 0.3728 0.5616 0.0656 
        D666  3 0.1252 0.2590 0.6158 
        D009  4 0.0945 0.7898 0.1157 
        D057  4 0.7079 0.2421 0.0500 
        D109  4 0.0675 0.3777 0.5548 
     D237222  4 0.1443 0.6034 0.2523 
     D237223  4 0.2332 0.4583 0.3086 
     D237224  4 0.6923 0.1965 0.1112 
     D237225  4 0.1278 0.7560 0.1162 
     D237299  4 0.1979 0.7001 0.1020 
     D237300  4 0.7878 0.0805 0.1317 
     D237306  4 0.0875 0.1126 0.7999 
     D237307  4 0.1821 0.3375 0.4804 
     D237308  4 0.6944 0.1074 0.1982 
     D237309  4 0.1240 0.7658 0.1103 
     D237317  4 0.0647 0.1989 0.7365 
     D237318  4 0.9035 0.0491 0.0474 
     D237319  4 0.1720 0.5171 0.3109 
     D237320  4 0.3605 0.4695 0.1700 
     D237321  4 0.7194 0.1357 0.1449 
     D237397  4 0.3584 0.2351 0.4065 
     D237398  4 0.6959 0.2494 0.0547 
     D237399  4 0.3679 0.2972 0.3349 
     D244001  4 0.1420 0.7941 0.0639 
        D289  4 0.4342 0.2092 0.3566 
        D290  4 0.4733 0.2993 0.2273 
        D294  4 0.4419 0.4356 0.1225 
        D295  4 0.1469 0.4468 0.4063 
        D301  4 0.2640 0.5949 0.1411 
        D302  4 0.1703 0.6707 0.1590 
        D303  4 0.1900 0.0954 0.7146 
        D304  4 0.4632 0.2517 0.2851 
        D305  4 0.4483 0.5085 0.0432 
        D306  4 0.1886 0.3751 0.4363 
        D307  4 0.2355 0.6412 0.1233 
        D327  4 0.1847 0.5203 0.2951 
        D328  4 0.1980 0.1488 0.6531 
        D329  4 0.5919 0.2439 0.1642 
        D330  4 0.0911 0.7804 0.1285 
        D331  4 0.3553 0.2307 0.4140 
        D333  4 0.3450 0.2277 0.4273 
        D334  4 0.1136 0.2556 0.6308 
        D335  4 0.3848 0.3537 0.2614 
        D370  4 0.0853 0.1032 0.8115 
        D371  4 0.0889 0.0898 0.8213 
        D372  4 0.8487 0.0665 0.0849 
        D373  4 0.2720 0.6879 0.0401 
        D455  4 0.2145 0.7261 0.0594 
        D490  4 0.0469 0.9083 0.0448 
        D497  4 0.0774 0.8698 0.0528 
        D498  4 0.3400 0.1256 0.5344 
        D499  4 0.6552 0.0755 0.2692 
        D514  4 0.1851 0.6606 0.1543 
        D515  4 0.1241 0.7184 0.1575 
        D516  4 0.1708 0.3666 0.4626 
        D517  4 0.1589 0.7922 0.0489 
        D518  4 0.3190 0.4381 0.2429 
        D519  4 0.1741 0.7375 0.0884 
        D560  4 0.2082 0.7267 0.0651 
        D561  4 0.0587 0.9031 0.0382 
        D562  4 0.4118 0.3794 0.2089 
        D563  4 0.8043 0.1412 0.0545 
        D572  4 0.3128 0.5378 0.1494 
        D629  4 0.1246 0.7278 0.1475 
        D630  4 0.2903 0.5037 0.2060 
        D631  4 0.7613 0.1603 0.0784 
        D632  4 0.3164 0.5672 0.1164 
        D646  4 0.1391 0.7049 0.1560 
        D647  4 0.2239 0.6562 0.1198 
        D648  4 0.2762 0.1637 0.5601 
        D649  4 0.1025 0.5703 0.3272 
        D650  4 0.1615 0.3295 0.5090 
        D708  4 0.1841 0.2028 0.6131 
        D709  4 0.1748 0.2243 0.6009 
        D738  4 0.0732 0.1382 0.7886 
        D739  4 0.2480 0.6002 0.1518 
        D740  4 0.4587 0.2697 0.2716 
        D741  4 0.3163 0.6108 0.0729 
        D742  4 0.7534 0.1192 0.1274 
        D743  4 0.3596 0.4818 0.1586 
        D744  4 0.5900 0.3228 0.0872 
        D745  4 0.1438 0.7605 0.0958 
        D814  4 0.5478 0.4121 0.0402 
        D815  4 0.2850 0.2893 0.4257 
        D828  4 0.4434 0.0811 0.4755 
        D845  4 0.8828 0.0406 0.0766 
        D846  4 0.4696 0.4948 0.0356 
        D847  4 0.3192 0.4869 0.1940 
        D848  4 0.5129 0.4457 0.0413 
        D849  4 0.1380 0.7700 0.0920 
        D850  4 0.2345 0.5869 0.1786 
        D856  4 0.1476 0.4499 0.4025 
        D857  4 0.1817 0.1436 0.6747 
        D859  4 0.4420 0.3497 0.2082 
        D860  4 0.3961 0.0791 0.5248 
        D883  4 0.1290 0.4431 0.4279 
        D884  4 0.0971 0.3281 0.5748 
        D885  4 0.4227 0.5005 0.0768 
        D886  4 0.2397 0.4743 0.2860 
        D887  4 0.6013 0.1695 0.2292 
        D889  4 0.7225 0.1715 0.1060 
        D890  4 0.1749 0.2055 0.6197 
        D891  4 0.9386 0.0356 0.0258 
        D899  4 0.7789 0.0723 0.1488 
        D900  4 0.2660 0.4732 0.2608 
        D970  4 0.3683 0.3977 0.2340 
        D971  4 0.6948 0.1237 0.1815 
        D979  4 0.3340 0.3976 0.2684 
        D093  5 0.1491 0.1345 0.7164 
        D154  5 0.6430 0.1775 0.1795 
        D168  5 0.5179 0.3953 0.0868 
        D189  5 0.4499 0.1269 0.4231 
        D190  5 0.1053 0.0552 0.8395 
     D237220  5 0.3792 0.4168 0.2041 
     D237221  5 0.3622 0.1231 0.5148 
     D237274  5 0.0907 0.5919 0.3175 
     D237275  5 0.8807 0.0521 0.0673 
     D237276  5 0.1126 0.2798 0.6075 
     D237277  5 0.2837 0.0709 0.6454 
     D237278  5 0.6127 0.1171 0.2702 
     D237279  5 0.1092 0.6875 0.2032 
     D237280  5 0.0724 0.4230 0.5047 
     D237281  5 0.8882 0.0666 0.0452 
     D237351  5 0.0568 0.0781 0.8651 
     D237352  5 0.1625 0.6282 0.2093 
     D237353  5 0.0626 0.0317 0.9058 
     D237359  5 0.3993 0.4638 0.1370 
     D237361  5 0.0598 0.0409 0.8993 
     D237362  5 0.1741 0.3213 0.5046 
     D237363  5 0.2922 0.5207 0.1871 
     D237364  5 0.4891 0.4281 0.0828 
     D237376  5 0.2735 0.0530 0.6735 
     D237377  5 0.0777 0.2876 0.6347 
     D237378  5 0.4015 0.0958 0.5027 
     D237379  5 0.3633 0.2104 0.4263 
     D237380  5 0.0306 0.0943 0.8751 
     D237381  5 0.1872 0.4017 0.4111 
     D237391  5 0.1118 0.0868 0.8014 
     D237392  5 0.2673 0.4507 0.2821 
     D237393  5 0.1473 0.1949 0.6579 
     D237394  5 0.0421 0.0632 0.8946 
     D237395  5 0.2229 0.1908 0.5864 
     D237396  5 0.1709 0.4386 0.3906 
     D244016  5 0.3452 0.1952 0.4596 
     D244018  5 0.5857 0.2067 0.2076 
     D244019  5 0.2889 0.2860 0.4251 
        D279  5 0.6724 0.2070 0.1205 
        D280  5 0.2563 0.2799 0.4638 
        D281  5 0.8289 0.0742 0.0969 
        D283  5 0.1293 0.1301 0.7406 
        D284  5 0.2013 0.6227 0.1760 
        D285  5 0.2618 0.1807 0.5575 
        D286  5 0.2617 0.3134 0.4249 
        D287  5 0.1715 0.1006 0.7279 
        D288  5 0.2748 0.2462 0.4790 
        D308  5 0.0334 0.1338 0.8328 
        D309  5 0.2124 0.6817 0.1059 
        D310  5 0.0790 0.0737 0.8472 
        D311  5 0.2042 0.3006 0.4952 
        D312  5 0.1561 0.1751 0.6688 
        D313  5 0.0346 0.4535 0.5119 
        D314  5 0.4987 0.2375 0.2638 
        D315  5 0.1327 0.2105 0.6568 
        D317  5 0.0659 0.0723 0.8618 
        D318  5 0.3340 0.5201 0.1459 
        D319  5 0.0834 0.0320 0.8846 
        D320  5 0.0975 0.0800 0.8226 
        D321  5 0.0783 0.1105 0.8113 
        D336  5 0.0919 0.0813 0.8269 
        D337  5 0.1065 0.0343 0.8591 
        D338  5 0.2960 0.3616 0.3424 
        D339  5 0.1405 0.0799 0.7796 
        D347  5 0.3664 0.2344 0.3992 
        D348  5 0.0891 0.0485 0.8624 
        D349  5 0.0331 0.0448 0.9220 
        D350  5 0.4336 0.4914 0.0749 
        D355  5 0.7760 0.1502 0.0739 
        D356  5 0.1133 0.2423 0.6444 
        D357  5 0.2369 0.1610 0.6021 
        D358  5 0.1404 0.1769 0.6828 
        D359  5 0.0464 0.0843 0.8693 
        D360  5 0.0907 0.2186 0.6906 
        D361  5 0.0429 0.0901 0.8670 
        D366  5 0.3438 0.5611 0.0951 
        D367  5 0.0902 0.0706 0.8392 
        D368  5 0.0652 0.1063 0.8285 
        D380  5 0.2886 0.5331 0.1783 
        D381  5 0.1478 0.0875 0.7647 
        D400  5 0.4787 0.1319 0.3894 
        D411  5 0.0605 0.8937 0.0457 
        D412  5 0.4224 0.2237 0.3540 
        D413  5 0.8181 0.1277 0.0542 
        D414  5 0.8139 0.1249 0.0613 
        D420  5 0.3626 0.4526 0.1848 
        D431  5 0.4387 0.1514 0.4100 
        D432  5 0.2510 0.1240 0.6250 
        D433  5 0.1375 0.0520 0.8105 
        D434  5 0.0984 0.0990 0.8026 
        D440  5 0.3403 0.5671 0.0926 
        D447  5 0.1443 0.7668 0.0889 
        D448  5 0.1868 0.0952 0.7180 
        D459  5 0.9006 0.0506 0.0488 
        D460  5 0.0412 0.0669 0.8919 
        D461  5 0.2781 0.5656 0.1563 
        D468  5 0.1294 0.2954 0.5752 
        D469  5 0.1439 0.4588 0.3973 
        D470  5 0.1209 0.6789 0.2002 
        D471  5 0.2456 0.0839 0.6704 
        D472  5 0.4940 0.4062 0.0998 
        D479  5 0.8889 0.0588 0.0523 
        D485  5 0.3677 0.2063 0.4260 
        D486  5 0.1236 0.4739 0.4026 
        D487  5 0.6600 0.0814 0.2585 
        D555  5 0.1792 0.0541 0.7667 
        D556  5 0.3555 0.1434 0.5010 
        D557  5 0.1305 0.0396 0.8299 
        D564  5 0.1412 0.1697 0.6891 
        D594  5 0.2376 0.4087 0.3536 
        D595  5 0.1998 0.2253 0.5750 
        D596  5 0.0791 0.0413 0.8796 
        D597  5 0.4909 0.1281 0.3810 
        D598  5 0.1966 0.1577 0.6457 
        D617  5 0.2761 0.6627 0.0612 
        D618  5 0.2481 0.1179 0.6340 
        D619  5 0.0504 0.0696 0.8800 
        D620  5 0.9063 0.0449 0.0487 
        D628  5 0.3004 0.2636 0.4360 
        D714  5 0.5927 0.0859 0.3214 
        D715  5 0.2018 0.0673 0.7309 
        D716  5 0.5012 0.2919 0.2070 
        D717  5 0.2022 0.3206 0.4773 
        D718  5 0.2527 0.2981 0.4492 
        D769  5 0.1837 0.7352 0.0811 
        D770  5 0.6254 0.1311 0.2435 
        D771  5 0.5934 0.1937 0.2129 
        D772  5 0.2419 0.1648 0.5934 
        D782  5 0.3287 0.4553 0.2159 
        D783  5 0.7046 0.1161 0.1793 
        D784  5 0.2832 0.4063 0.3105 
        D785  5 0.0621 0.1193 0.8186 
        D786  5 0.1570 0.7334 0.1096 
        D821  5 0.0651 0.0404 0.8945 
        D822  5 0.1974 0.2149 0.5877 
        D826  5 0.4494 0.0934 0.4572 
        D827  5 0.1321 0.7636 0.1043 
        D851  5 0.2105 0.3062 0.4833 
        D852  5 0.6300 0.0839 0.2861 
        D853  5 0.2385 0.1759 0.5856 
        D854  5 0.4285 0.3995 0.1720 
        D861  5 0.3485 0.2270 0.4245 
        D862  5 0.0858 0.2064 0.7079 
        D865  5 0.1247 0.0539 0.8214 
        D868  5 0.1550 0.4973 0.3477 
        D869  5 0.0442 0.8954 0.0604 
        D870  5 0.0437 0.9199 0.0364 
        D907  5 0.0856 0.1175 0.7969 
        D908  5 0.6128 0.0460 0.3412 
        D910  5 0.3897 0.0924 0.5178 
        D911  5 0.8321 0.1095 0.0584 
        D934  5 0.7009 0.1455 0.1536 
        D946  5 0.5777 0.1448 0.2775 
        D947  5 0.3500 0.4482 0.2018 
        D948  5 0.0287 0.0400 0.9313 
        D949  5 0.0271 0.0579 0.9150 
        D950  5 0.8341 0.1002 0.0657 
        D951  5 0.0836 0.6088 0.3076 
        D952  5 0.1882 0.3079 0.5038 
        D953  5 0.0835 0.0699 0.8466 
        D954  5 0.0755 0.1286 0.7960 
        D961  5 0.2405 0.1298 0.6297 
        D962  5 0.0787 0.1040 0.8173 
        D963  5 0.3364 0.2282 0.4354 
        D964  5 0.4007 0.3649 0.2344 
        D965  5 0.4352 0.3219 0.2429 
        D966  5 0.4156 0.1931 0.3913 
        D967  5 0.3862 0.1207 0.4931 
        D991  5 0.1950 0.3756 0.4294 
        D502  6 0.5278 0.3914 0.0808 
        D503  6 0.5547 0.2964 0.1489 
        D504  6 0.2562 0.3515 0.3924 
        D505  6 0.3635 0.2455 0.3911 
        D506  6 0.0457 0.0591 0.8953 
        D507  6 0.6152 0.2561 0.1288 
        D508  6 0.4777 0.3266 0.1957 
        D529  6 0.2095 0.5032 0.2873 
        D530  6 0.2278 0.1272 0.6450 
        D531  6 0.3181 0.3616 0.3202 
        D532  6 0.1621 0.2577 0.5802 
        D534  6 0.1606 0.7366 0.1028 
        D535  6 0.1127 0.1848 0.7025 
        D536  6 0.8378 0.1233 0.0388 
        D554  6 0.1297 0.2172 0.6531 
        D587  6 0.1393 0.0895 0.7712 
        D588  6 0.1246 0.2311 0.6443 
        D589  6 0.6812 0.1254 0.1935 
        D590  6 0.8129 0.1190 0.0681 
        D591  6 0.3402 0.4115 0.2482 
        D592  6 0.1474 0.6029 0.2497 
        D593  6 0.2959 0.0937 0.6104 
        D682  6 0.0664 0.0917 0.8419 
        D683  6 0.0851 0.3987 0.5162 
        D684  6 0.5208 0.4321 0.0470 
        D685  6 0.5376 0.3179 0.1444 
        D686  6 0.0655 0.0619 0.8726 
        D724  6 0.4059 0.4771 0.1170 
        D725  6 0.5104 0.2232 0.2664 
        D726  6 0.0608 0.0712 0.8680 
        D727  6 0.4898 0.3466 0.1636 
        D728  6 0.0768 0.1180 0.8052 
        D729  6 0.2281 0.5785 0.1934 
        D730  6 0.4110 0.4080 0.1810 
        D731  6 0.3932 0.0390 0.5678 
        D732  6 0.3425 0.4823 0.1752 
        D733  6 0.3272 0.3154 0.3575 
     D237251  7 0.7127 0.1190 0.1683 
     D237252  7 0.4156 0.4215 0.1628 
     D237253  7 0.6325 0.1654 0.2021 
     D237254  7 0.0547 0.9168 0.0286 
     D237255  7 0.8098 0.0916 0.0986 
     D237256  7 0.7535 0.1701 0.0764 
     D237257  7 0.2201 0.6663 0.1136 
     D237282  7 0.2441 0.6226 0.1332 
     D237283  7 0.1673 0.6620 0.1707 
     D237284  7 0.0620 0.8949 0.0431 
     D237285  7 0.4094 0.2189 0.3717 
     D237286  7 0.3181 0.2451 0.4367 
     D237287  7 0.5294 0.3347 0.1360 
     D244006  7 0.0615 0.8941 0.0444 
     D244007  7 0.5410 0.3589 0.1001 
     D244008  7 0.1048 0.6358 0.2593 
     D244009  7 0.1053 0.5069 0.3878 
     D244010  7 0.3260 0.5428 0.1312 
     D244011  7 0.5617 0.1503 0.2880 
     D244012  7 0.5180 0.3608 0.1212 
     D244013  7 0.6564 0.0849 0.2586 
     D244014  7 0.6293 0.2608 0.1099 
     D244015  7 0.1336 0.7609 0.1055 
     D244125  7 0.4167 0.1018 0.4815 
     D244126  7 0.1087 0.8346 0.0567 
     D244130  7 0.2070 0.2091 0.5839 
     D244131  7 0.2382 0.2675 0.4943 
     D244132  7 0.0879 0.1094 0.8027 
        D520  7 0.0988 0.3989 0.5023 
        D521  7 0.3272 0.2727 0.4001 
        D522  7 0.1095 0.6134 0.2772 
        D523  7 0.8000 0.0995 0.1005 
        D524  7 0.4855 0.1878 0.3267 
        D525  7 0.4845 0.4229 0.0926 
        D526  7 0.0522 0.9047 0.0431 
        D527  7 0.2618 0.5275 0.2106 
        D528  7 0.0219 0.9508 0.0273 
        D558  7 0.5305 0.3848 0.0847 
        D559  7 0.4303 0.4800 0.0897 
        D640  7 0.3225 0.1692 0.5084 
        D641  7 0.5145 0.1133 0.3722 
        D642  7 0.3911 0.4274 0.1815 
        D644  7 0.2542 0.2482 0.4976 
        D645  7 0.4270 0.2746 0.2983 
        D662  7 0.0321 0.0897 0.8782 
        D687  7 0.5051 0.2702 0.2247 
        D688  7 0.2292 0.7000 0.0708 
        D689  7 0.2525 0.2668 0.4807 
        D700  7 0.0268 0.9476 0.0256 
        D797  7 0.2865 0.3913 0.3222 
        D798  7 0.0745 0.2926 0.6329 
        D799  7 0.6967 0.1800 0.1233 
        D800  7 0.2913 0.5730 0.1357 
        D132  8 0.0493 0.8851 0.0656 
        D133  8 0.9009 0.0671 0.0321 
        D200  8 0.5863 0.2390 0.1747 
        D500  8 0.0340 0.9040 0.0620 
        D614  8 0.1520 0.1916 0.6564 
        D723  8 0.2314 0.5021 0.2665 
        D888  8 0.8942 0.0502 0.0556 
        D901  8 0.2544 0.5308 0.2148 
        D902  8 0.1071 0.0690 0.8239 
        D903  8 0.2645 0.3314 0.4041 
        D904  8 0.3166 0.4439 0.2395 
        D905  8 0.8476 0.0425 0.1099 
        D906  8 0.6650 0.2856 0.0493 
        D937  8 0.0932 0.0258 0.8811 
        D943  8 0.3230 0.5996 0.0774 
        D972  8 0.1388 0.6983 0.1628 
        D973  8 0.0868 0.5276 0.3856 
        D974  8 0.3209 0.2795 0.3996 
        D975  8 0.4671 0.2824 0.2505 
        D976  8 0.4870 0.2709 0.2421 
        D201  9 0.5754 0.3367 0.0879 
        D202  9 0.6847 0.1363 0.1790 
     D237259  9 0.1886 0.7351 0.0763 
     D237260  9 0.7443 0.1664 0.0893 
     D237262  9 0.1132 0.7290 0.1578 
     D237263  9 0.4649 0.3873 0.1478 
     D237264  9 0.2969 0.3550 0.3481 
     D237265  9 0.8058 0.1167 0.0775 
     D237266  9 0.6613 0.0965 0.2422 
     D237267  9 0.1391 0.5499 0.3110 
     D237268  9 0.1665 0.6349 0.1986 
     D237289  9 0.6026 0.1149 0.2825 
     D237290  9 0.8826 0.0639 0.0536 
     D237291  9 0.7488 0.1051 0.1461 
     D237292  9 0.6332 0.3099 0.0570 
     D237293  9 0.1419 0.2205 0.6376 
     D237294  9 0.3856 0.3756 0.2388 
     D237295  9 0.0988 0.5241 0.3771 
     D237296  9 0.3147 0.3961 0.2893 
     D237297  9 0.2624 0.1192 0.6184 
     D237298  9 0.4777 0.3413 0.1810 
     D237341  9 0.5697 0.2276 0.2026 
     D237342  9 0.2823 0.4211 0.2966 
     D237343  9 0.5944 0.2168 0.1888 
     D237344  9 0.3918 0.1582 0.4500 
     D237345  9 0.1650 0.7987 0.0364 
     D237346  9 0.6192 0.0868 0.2940 
     D237347  9 0.3702 0.0967 0.5331 
     D237348  9 0.3733 0.2758 0.3509 
     D237349  9 0.4672 0.3524 0.1804 
     D244109  9 0.6556 0.3102 0.0342 
     D244110  9 0.7346 0.1975 0.0679 
     D244111  9 0.5768 0.2350 0.1882 
     D244128  9 0.2634 0.6332 0.1034 
     D244137  9 0.2386 0.4165 0.3449 
     D244138  9 0.6493 0.1629 0.1878 
        D580  9 0.0653 0.7582 0.1765 
        D581  9 0.8907 0.0685 0.0408 
        D582  9 0.1076 0.7903 0.1021 
        D583  9 0.8656 0.0808 0.0536 
        D584  9 0.1378 0.1767 0.6855 
        D585  9 0.3641 0.5685 0.0674 
        D586  9 0.8469 0.0581 0.0950 
        D651  9 0.2272 0.2774 0.4954 
        D652  9 0.3116 0.3823 0.3062 
        D653  9 0.6173 0.2367 0.1460 
        D654  9 0.5592 0.3361 0.1048 
        D655  9 0.3778 0.1605 0.4617 
        D656  9 0.0949 0.8089 0.0962 
        D657  9 0.4713 0.3634 0.1653 
        D667  9 0.2511 0.1365 0.6125 
        D668  9 0.2693 0.1652 0.5656 
        D669  9 0.7225 0.1850 0.0925 
        D670  9 0.0877 0.7827 0.1296 
        D671  9 0.7485 0.1605 0.0910 
        D672  9 0.2130 0.6813 0.1057 
        D673  9 0.1894 0.2936 0.5170 
        D692  9 0.3024 0.6319 0.0657 
        D693  9 0.1908 0.3404 0.4688 
        D694  9 0.2709 0.5326 0.1965 
        D695  9 0.1444 0.3477 0.5080 
        D696  9 0.0637 0.0401 0.8962 
        D697  9 0.2131 0.1570 0.6299 
        D698  9 0.5747 0.0941 0.3312 
        D699  9 0.2177 0.0923 0.6900 
        D787  9 0.3042 0.3148 0.3811 
        D788  9 0.0565 0.1651 0.7784 
        D789  9 0.3467 0.2877 0.3655 
        D790  9 0.2539 0.1657 0.5805 
        D791  9 0.7947 0.0760 0.1294 
        D792  9 0.3292 0.5439 0.1269 
        D793  9 0.1294 0.1146 0.7560 
        D794  9 0.2497 0.3190 0.4313 
        D795  9 0.2303 0.3562 0.4135 
        D796  9 0.5684 0.1630 0.2686 
        D142 10 0.2900 0.1812 0.5289 
        D143 10 0.8391 0.0572 0.1037 
        D144 10 0.1909 0.3479 0.4612 
        D145 10 0.8516 0.0986 0.0498 
        D146 10 0.0834 0.7098 0.2068 
        D147 10 0.2005 0.6484 0.1510 
        D148 10 0.1025 0.7562 0.1413 
        D149 10 0.7543 0.1796 0.0661 
        D151 10 0.2282 0.6230 0.1488 
        D152 10 0.9270 0.0428 0.0303 
        D153 10 0.0878 0.2732 0.6390 
        D156 10 0.5027 0.3320 0.1653 
        D157 10 0.1582 0.1229 0.7189 
        D158 10 0.4967 0.1917 0.3115 
        D159 10 0.9150 0.0394 0.0456 
        D160 10 0.7001 0.0377 0.2622 
        D161 10 0.2679 0.4820 0.2501 
        D162 10 0.5833 0.1542 0.2625 
        D169 10 0.1572 0.7651 0.0777 
        D170 10 0.0982 0.7945 0.1074 
        D171 10 0.1965 0.3628 0.4407 
        D172 10 0.4025 0.3547 0.2429 
        D173 10 0.8931 0.0839 0.0231 
        D181 10 0.3648 0.1783 0.4569 
        D182 10 0.4362 0.4837 0.0801 
        D183 10 0.0670 0.1476 0.7854 
        D184 10 0.0253 0.9381 0.0366 
        D185 10 0.1778 0.6594 0.1628 
        D186 10 0.0781 0.8798 0.0421 
        D194 10 0.1288 0.6100 0.2612 
        D195 10 0.5858 0.0989 0.3153 
        D196 10 0.6947 0.1060 0.1993 
        D197 10 0.3324 0.5674 0.1002 
        D198 10 0.0650 0.5760 0.3590 
     D237226 10 0.6870 0.1840 0.1290 
     D237232 10 0.4922 0.1166 0.3912 
     D237233 10 0.7015 0.0755 0.2230 
     D237234 10 0.4143 0.1968 0.3889 
     D237354 10 0.9207 0.0381 0.0412 
     D237355 10 0.7250 0.1577 0.1173 
     D237356 10 0.0520 0.3872 0.5608 
     D237357 10 0.5911 0.2520 0.1569 
     D237358 10 0.1710 0.6880 0.1411 
     D237369 10 0.0856 0.8621 0.0523 
     D237370 10 0.2273 0.0864 0.6863 
     D237371 10 0.1254 0.6610 0.2136 
     D237372 10 0.3033 0.6427 0.0540 
     D237373 10 0.5319 0.1151 0.3531 
     D237374 10 0.8276 0.0700 0.1024 
     D237375 10 0.4378 0.4058 0.1563 
     D237400 10 0.9304 0.0305 0.0391 
     D244002 10 0.0878 0.8736 0.0387 
     D244003 10 0.6189 0.0387 0.3425 
     D244004 10 0.0310 0.0268 0.9422 
     D244005 10 0.5931 0.3422 0.0647 
     D244020 10 0.2124 0.2213 0.5663 
     D244021 10 0.3155 0.5443 0.1402 
     D244116 10 0.2376 0.5259 0.2365 
     D244117 10 0.3528 0.0799 0.5673 
     D244121 10 0.2692 0.0773 0.6535 
     D244123 10 0.5025 0.1359 0.3616 
     D244124 10 0.5854 0.2628 0.1518 
        D332 10 0.1774 0.4571 0.3655 
        D570 10 0.1315 0.1327 0.7358 
        D602 10 0.3376 0.5330 0.1295 
        D603 10 0.3754 0.1258 0.4988 
        D604 10 0.6826 0.1854 0.1320 
        D605 10 0.3402 0.3216 0.3382 
        D606 10 0.0875 0.5781 0.3343 
        D607 10 0.1446 0.7395 0.1159 
        D608 10 0.9347 0.0409 0.0244 
        D609 10 0.0507 0.1240 0.8253 
        D610 10 0.2442 0.4704 0.2855 
        D611 10 0.0518 0.0332 0.9150 
        D613 10 0.4101 0.1812 0.4086 
        D633 10 0.4772 0.3725 0.1504 
        D634 10 0.2333 0.3216 0.4451 
        D638 10 0.9138 0.0349 0.0512 
        D681 10 0.2343 0.4379 0.3278 
        D754 10 0.2214 0.3297 0.4489 
        D755 10 0.6203 0.0280 0.3517 
        D756 10 0.2205 0.2047 0.5749 
        D757 10 0.5155 0.2680 0.2166 
        D758 10 0.2338 0.4746 0.2915 
        D759 10 0.5656 0.0571 0.3773 
        D760 10 0.5738 0.1943 0.2319 
        D761 10 0.9330 0.0251 0.0419 
        D762 10 0.2099 0.5263 0.2638 
        D775 10 0.1957 0.0404 0.7640 
        D776 10 0.8567 0.0728 0.0705 
        D777 10 0.2722 0.1668 0.5610 
        D778 10 0.7370 0.0871 0.1759 
        D779 10 0.3015 0.2744 0.4240 
        D780 10 0.8042 0.0876 0.1081 
        D781 10 0.5418 0.3294 0.1288 
        D858 10 0.2862 0.2799 0.4339 
        D933 10 0.3175 0.4447 0.2378 
        D038 11 0.5836 0.1434 0.2730 
        D063 11 0.6762 0.1491 0.1747 
        D155 11 0.4095 0.1792 0.4113 
        D175 11 0.2003 0.3449 0.4549 
        D176 11 0.7843 0.0794 0.1363 
        D205 11 0.0567 0.1083 0.8350 
     D237229 11 0.5157 0.4204 0.0639 
     D237230 11 0.1458 0.7711 0.0832 
     D237231 11 0.3286 0.4929 0.1786 
     D237269 11 0.6331 0.2475 0.1194 
     D237270 11 0.2059 0.3836 0.4105 
     D237271 11 0.2572 0.2015 0.5413 
     D237272 11 0.2244 0.5626 0.2130 
     D237273 11 0.4827 0.0992 0.4181 
     D237301 11 0.2284 0.2930 0.4786 
     D237302 11 0.2956 0.5765 0.1279 
     D237303 11 0.2140 0.6960 0.0900 
     D237304 11 0.3004 0.3003 0.3993 
     D237305 11 0.2021 0.4568 0.3412 
     D237314 11 0.3583 0.1424 0.4992 
     D237315 11 0.1894 0.6495 0.1611 
     D237316 11 0.1064 0.3558 0.5378 
     D237328 11 0.0639 0.5609 0.3752 
     D237329 11 0.4278 0.1273 0.4449 
     D237330 11 0.3192 0.0461 0.6346 
     D237331 11 0.4391 0.2798 0.2811 
     D237332 11 0.1550 0.5701 0.2748 
     D237333 11 0.7206 0.0621 0.2173 
     D237334 11 0.1114 0.6451 0.2434 
     D237335 11 0.1153 0.2018 0.6829 
     D237336 11 0.6817 0.1810 0.1373 
     D237350 11 0.3489 0.1212 0.5299 
     D237383 11 0.4524 0.3788 0.1688 
     D237384 11 0.1727 0.4899 0.3375 
     D237385 11 0.3945 0.3283 0.2773 
     D237386 11 0.3005 0.2063 0.4932 
     D237387 11 0.0733 0.7428 0.1838 
     D237388 11 0.1295 0.1382 0.7323 
        D239 11 0.3928 0.2451 0.3621 
        D240 11 0.8317 0.1249 0.0435 
        D241 11 0.1615 0.7681 0.0704 
        D242 11 0.4778 0.3120 0.2102 
        D243 11 0.2423 0.2407 0.5170 
        D244 11 0.0535 0.0539 0.8926 
        D245 11 0.2613 0.6703 0.0684 
        D246 11 0.1590 0.2843 0.5567 
        D247 11 0.5121 0.3388 0.1491 
        D248 11 0.3298 0.3103 0.3599 
        D249 11 0.1318 0.4069 0.4613 
        D250 11 0.4114 0.1281 0.4605 
        D251 11 0.1278 0.1193 0.7529 
        D252 11 0.0797 0.5093 0.4110 
        D253 11 0.4217 0.2294 0.3488 
        D254 11 0.1932 0.7538 0.0529 
        D255 11 0.1431 0.2059 0.6510 
        D256 11 0.3359 0.3864 0.2776 
        D257 11 0.1534 0.2105 0.6361 
        D258 11 0.0515 0.0985 0.8500 
        D259 11 0.1931 0.7149 0.0920 
        D260 11 0.4331 0.2902 0.2767 
        D261 11 0.3461 0.3556 0.2984 
        D262 11 0.3994 0.4990 0.1016 
        D263 11 0.0845 0.2137 0.7018 
        D264 11 0.1367 0.7540 0.1093 
        D265 11 0.3959 0.4096 0.1945 
        D266 11 0.4015 0.1726 0.4259 
        D267 11 0.1498 0.3072 0.5430 
        D268 11 0.1613 0.1038 0.7348 
        D269 11 0.0592 0.3886 0.5522 
        D270 11 0.1013 0.5981 0.3006 
        D271 11 0.3338 0.3474 0.3188 
        D272 11 0.5777 0.2747 0.1476 
        D273 11 0.0818 0.3608 0.5574 
        D274 11 0.1440 0.1676 0.6884 
        D275 11 0.2023 0.2792 0.5185 
        D276 11 0.0825 0.1730 0.7445 
        D277 11 0.1756 0.2716 0.5528 
        D278 11 0.4221 0.1412 0.4367 
        D282 11 0.0531 0.8077 0.1392 
        D296 11 0.3455 0.2846 0.3698 
        D297 11 0.0785 0.2702 0.6513 
        D298 11 0.4460 0.2238 0.3301 
        D299 11 0.3535 0.1150 0.5315 
        D300 11 0.6957 0.1674 0.1369 
        D382 11 0.0393 0.1677 0.7930 
        D383 11 0.0516 0.0822 0.8662 
        D387 11 0.5521 0.1183 0.3296 
        D388 11 0.1382 0.7381 0.1237 
        D389 11 0.4195 0.1843 0.3962 
        D390 11 0.3297 0.3586 0.3117 
        D396 11 0.6002 0.3053 0.0945 
        D397 11 0.0753 0.8620 0.0628 
        D398 11 0.1604 0.1838 0.6559 
        D399 11 0.3387 0.5530 0.1083 
        D437 11 0.4873 0.4516 0.0611 
        D441 11 0.2055 0.0793 0.7152 
        D442 11 0.5928 0.1902 0.2171 
        D443 11 0.5045 0.0734 0.4222 
        D444 11 0.3248 0.3667 0.3084 
        D445 11 0.0614 0.7650 0.1736 
        D446 11 0.2568 0.6700 0.0732 
        D451 11 0.1216 0.5867 0.2917 
        D452 11 0.6849 0.1938 0.1213 
        D453 11 0.1658 0.5539 0.2804 
        D454 11 0.3089 0.6008 0.0903 
        D457 11 0.2377 0.4043 0.3580 
        D458 11 0.1259 0.2568 0.6173 
        D466 11 0.8034 0.1428 0.0538 
        D467 11 0.1919 0.0665 0.7417 
        D475 11 0.0628 0.8713 0.0659 
        D488 11 0.5640 0.3002 0.1357 
        D489 11 0.2133 0.6297 0.1569 
        D493 11 0.0676 0.8159 0.1165 
        D494 11 0.2572 0.3518 0.3911 
        D495 11 0.5770 0.3650 0.0581 
        D496 11 0.8915 0.0500 0.0585 
        D674 11 0.8164 0.0766 0.1070 
        D675 11 0.8705 0.0582 0.0713 
        D676 11 0.1067 0.2353 0.6580 
        D680 11 0.4485 0.1433 0.4082 
        D701 11 0.5778 0.3362 0.0860 
        D702 11 0.1463 0.7629 0.0908 
        D703 11 0.5494 0.2027 0.2479 
        D704 11 0.2862 0.3044 0.4094 
        D705 11 0.0565 0.8939 0.0497 
        D706 11 0.7417 0.1952 0.0631 
        D707 11 0.0890 0.7154 0.1955 
        D751 11 0.0656 0.5109 0.4235 
        D752 11 0.5593 0.2149 0.2258 
        D753 11 0.2211 0.6234 0.1555 
        D773 11 0.0534 0.7701 0.1765 
        D774 11 0.5996 0.2631 0.1372 
        D801 11 0.3116 0.1755 0.5129 
        D802 11 0.0925 0.7971 0.1104 
        D803 11 0.5169 0.1900 0.2931 
        D804 11 0.3560 0.5292 0.1148 
        D805 11 0.1765 0.5149 0.3086 
        D806 11 0.1133 0.2859 0.6008 
        D809 11 0.2069 0.1891 0.6040 
        D810 11 0.3204 0.1743 0.5053 
        D812 11 0.1484 0.5710 0.2806 
        D813 11 0.7345 0.1583 0.1072 
        D823 11 0.2993 0.2574 0.4433 
        D824 11 0.4540 0.1054 0.4405 
        D829 11 0.4096 0.4111 0.1793 
        D830 11 0.0593 0.7496 0.1911 
        D831 11 0.6481 0.2700 0.0820 
        D832 11 0.5725 0.2563 0.1711 
        D833 11 0.1799 0.2053 0.6148 
        D834 11 0.0834 0.1687 0.7479 
        D835 11 0.0842 0.6894 0.2264 
        D855 11 0.1358 0.1884 0.6758 
        D863 11 0.9062 0.0431 0.0507 
        D864 11 0.2274 0.2569 0.5157 
        D878 11 0.1727 0.1628 0.6645 
        D879 11 0.0959 0.6191 0.2851 
        D880 11 0.7517 0.1062 0.1421 
        D881 11 0.0796 0.0434 0.8770 
        D882 11 0.6589 0.2268 0.1143 
        D909 11 0.3034 0.3268 0.3698 
        D921 11 0.2592 0.2054 0.5355 
        D924 11 0.7306 0.1227 0.1467 
        D935 11 0.0819 0.3324 0.5856 
        D940 11 0.8821 0.0569 0.0610 
        D941 11 0.3060 0.2632 0.4308 
        D942 11 0.0514 0.1874 0.7612 
        D980 11 0.3167 0.5103 0.1730 
        D981 11 0.0939 0.7494 0.1567 
        D982 11 0.8425 0.0584 0.0992 
        D983 11 0.1100 0.2219 0.6681 
        D984 11 0.4347 0.2110 0.3543 
        D992 11 0.1881 0.6283 0.1835 
        D993 11 0.0575 0.2002 0.7423 
        D994 11 0.5351 0.2807 0.1842 
        D995 11 0.0571 0.4763 0.4666 
        H354 11 0.1078 0.3620 0.5302 
        D005 12 0.3809 0.5536 0.0655 
        D035 12 0.3407 0.3588 0.3004 
        D067 12 0.2486 0.4045 0.3469 
        D134 12 0.6728 0.1963 0.1309 
        D135 12 0.3394 0.4457 0.2149 
        D136 12 0.0597 0.8124 0.1279 
        D137 12 0.4375 0.4220 0.1404 
        D138 12 0.3952 0.2563 0.3485 
        D139 12 0.5809 0.2414 0.1778 
        D140 12 0.1705 0.5450 0.2846 
        D141 12 0.0368 0.9214 0.0418 
        D150 12 0.1189 0.0843 0.7968 
        D177 12 0.7940 0.1023 0.1037 
        D178 12 0.1586 0.7246 0.1168 
        D179 12 0.1866 0.6730 0.1405 
        D180 12 0.1154 0.8038 0.0807 
        D187 12 0.4728 0.2063 0.3209 
        D188 12 0.0357 0.9306 0.0337 
        D191 12 0.1720 0.7484 0.0796 
        D418 12 0.0963 0.8589 0.0448 
        D601 12 0.0831 0.8280 0.0889 
        D836 12 0.0771 0.8764 0.0465 
        D837 12 0.3817 0.2445 0.3738 
        D838 12 0.3811 0.1019 0.5170 
        D839 12 0.7495 0.1993 0.0511 
        D840 12 0.5375 0.2567 0.2058 
        D841 12 0.2032 0.4523 0.3445 
        D842 12 0.1126 0.4479 0.4395 
        D843 12 0.3267 0.2174 0.4560 
        D844 12 0.4855 0.4685 0.0460 
        D912 12 0.2784 0.2254 0.4963 
        D913 12 0.9163 0.0436 0.0401 
