        D174  1 0.0779 0.1282 0.0721 0.3522 0.0265 0.0774 0.0434 0.1205 0.0867 0.0151 
        D199  1 0.1219 0.0999 0.0932 0.1141 0.1375 0.0297 0.1592 0.0223 0.1906 0.0318 
        D203  1 0.0947 0.0931 0.0616 0.0504 0.0932 0.0850 0.1582 0.1034 0.2157 0.0447 
        D204  1 0.0310 0.0400 0.0186 0.0188 0.0175 0.0205 0.0302 0.0170 0.7313 0.0752 
     D237366  1 0.0774 0.0431 0.4417 0.0555 0.0518 0.0189 0.0310 0.1263 0.0462 0.1082 
     D237367  1 0.1130 0.0642 0.1960 0.0292 0.0232 0.0546 0.0590 0.0645 0.3605 0.0358 
     D237368  1 0.0969 0.0336 0.3673 0.1003 0.0330 0.0761 0.1080 0.0300 0.0959 0.0589 
     D244101  1 0.0996 0.0348 0.0194 0.0197 0.1328 0.0278 0.0664 0.0226 0.1264 0.4504 
     D244102  1 0.0971 0.4232 0.0652 0.0343 0.0615 0.1212 0.0404 0.0508 0.0524 0.0538 
     D244103  1 0.1580 0.0802 0.2529 0.0476 0.0267 0.0354 0.0320 0.2186 0.1208 0.0278 
     D244104  1 0.0423 0.0151 0.0486 0.0806 0.0616 0.0464 0.0349 0.0260 0.6155 0.0290 
     D244105  1 0.2115 0.0353 0.2067 0.0171 0.0389 0.0907 0.0220 0.2598 0.0993 0.0187 
     D244106  1 0.0549 0.0534 0.0184 0.5313 0.0334 0.0268 0.0569 0.1429 0.0586 0.0234 
     D244107  1 0.0946 0.0173 0.3994 0.0135 0.0242 0.1890 0.1061 0.0227 0.0557 0.0775 
     D244108  1 0.0523 0.0930 0.0259 0.2589 0.0397 0.3752 0.0259 0.0339 0.0695 0.0258 
     D244113  1 0.0426 0.4735 0.0294 0.2743 0.0177 0.0305 0.0348 0.0219 0.0178 0.0575 
     D244114  1 0.1898 0.0471 0.0429 0.0518 0.1169 0.0450 0.0381 0.3677 0.0606 0.0401 
     D244115  1 0.1304 0.0403 0.0496 0.1986 0.0317 0.3069 0.0299 0.0642 0.1203 0.0281 
     D267365  1 0.0876 0.0487 0.0762 0.1390 0.2066 0.0408 0.0286 0.0270 0.3089 0.0367 
        D404  1 0.0363 0.6218 0.0150 0.1213 0.0190 0.0411 0.0291 0.0358 0.0153 0.0652 
        D405  1 0.0463 0.6433 0.0222 0.0233 0.0226 0.0595 0.0491 0.0255 0.0731 0.0352 
        D406  1 0.0321 0.0214 0.5919 0.0385 0.0220 0.0910 0.0177 0.0243 0.1146 0.0466 
        D407  1 0.0670 0.0305 0.2123 0.0275 0.0174 0.0157 0.1011 0.0304 0.4839 0.0142 
        D408  1 0.0641 0.0997 0.0248 0.4283 0.1799 0.0686 0.0174 0.0264 0.0555 0.0353 
        D409  1 0.2914 0.0384 0.2303 0.0426 0.0418 0.0416 0.0345 0.1602 0.0831 0.0361 
        D410  1 0.0264 0.0245 0.0200 0.0188 0.0154 0.7835 0.0110 0.0200 0.0537 0.0268 
        D421  1 0.0185 0.0089 0.0208 0.0143 0.0119 0.0084 0.0241 0.0111 0.8709 0.0111 
        D422  1 0.0330 0.0150 0.7753 0.0118 0.0215 0.0239 0.0234 0.0372 0.0435 0.0153 
        D423  1 0.0456 0.0212 0.0580 0.0189 0.0135 0.6519 0.0713 0.0279 0.0760 0.0158 
        D424  1 0.0958 0.0303 0.0922 0.0375 0.0166 0.0214 0.0166 0.0310 0.6415 0.0170 
        D425  1 0.1484 0.0815 0.0335 0.0762 0.0676 0.0972 0.0220 0.0236 0.4235 0.0265 
        D426  1 0.3362 0.0217 0.2440 0.0263 0.1268 0.0145 0.0254 0.1469 0.0429 0.0153 
        D427  1 0.0209 0.0101 0.0285 0.2423 0.0256 0.0167 0.3952 0.0263 0.2163 0.0180 
        D428  1 0.1375 0.1437 0.0835 0.1554 0.0376 0.1040 0.0432 0.0201 0.2130 0.0621 
        D429  1 0.0887 0.1139 0.0464 0.1640 0.0433 0.0420 0.0288 0.1105 0.3240 0.0383 
        D430  1 0.2001 0.1384 0.0474 0.1235 0.1257 0.0377 0.0474 0.1801 0.0731 0.0265 
        D491  1 0.0473 0.0466 0.0208 0.6689 0.0429 0.0591 0.0117 0.0259 0.0543 0.0226 
        D492  1 0.1486 0.1126 0.1122 0.1252 0.0264 0.0477 0.0926 0.0506 0.2364 0.0478 
        D537  1 0.0531 0.0444 0.0800 0.0223 0.0128 0.0400 0.0242 0.0321 0.6536 0.0376 
        D538  1 0.1637 0.2076 0.1095 0.0780 0.0325 0.1652 0.1093 0.0336 0.0456 0.0550 
        D539  1 0.0935 0.0835 0.0445 0.1204 0.2317 0.0825 0.0328 0.2123 0.0386 0.0602 
        D540  1 0.2345 0.0576 0.0878 0.0377 0.0967 0.0997 0.0221 0.0830 0.2548 0.0262 
        D541  1 0.0250 0.0131 0.0186 0.0137 0.0160 0.0241 0.0154 0.0139 0.8427 0.0175 
        D551  1 0.3134 0.0254 0.0752 0.0242 0.1138 0.0191 0.0968 0.2616 0.0509 0.0197 
        D552  1 0.1027 0.0208 0.0790 0.1996 0.0584 0.2590 0.0309 0.0591 0.1012 0.0894 
        D553  1 0.0148 0.0111 0.0179 0.0132 0.0192 0.0150 0.0110 0.0157 0.8663 0.0159 
        D615  1 0.1058 0.0766 0.0376 0.0558 0.0728 0.1550 0.0844 0.0633 0.3276 0.0211 
        D616  1 0.1691 0.0259 0.1138 0.0642 0.0754 0.1296 0.1239 0.0731 0.2029 0.0221 
        D621  1 0.0621 0.0533 0.2090 0.0818 0.0281 0.1833 0.0235 0.0295 0.0179 0.3114 
        D622  1 0.0824 0.0282 0.4257 0.0375 0.0404 0.1417 0.0260 0.1126 0.0468 0.0586 
        D623  1 0.0459 0.2403 0.0219 0.2178 0.0355 0.0489 0.1551 0.0154 0.0249 0.1942 
        D624  1 0.0402 0.0246 0.0278 0.7763 0.0321 0.0169 0.0105 0.0232 0.0384 0.0102 
        D625  1 0.0775 0.0229 0.0596 0.0699 0.0220 0.0761 0.0165 0.0526 0.5384 0.0646 
        D626  1 0.0872 0.0522 0.1288 0.3169 0.0474 0.1465 0.0348 0.0717 0.0916 0.0229 
        D627  1 0.3185 0.0182 0.1912 0.0261 0.1451 0.0142 0.0274 0.1679 0.0720 0.0194 
        D690  1 0.0177 0.0166 0.0481 0.0454 0.0144 0.0694 0.0111 0.0177 0.7363 0.0233 
        D691  1 0.0344 0.0137 0.5375 0.0380 0.0290 0.0478 0.0221 0.1495 0.0959 0.0321 
        D710  1 0.1152 0.0448 0.1363 0.1556 0.0449 0.1292 0.0478 0.0217 0.1498 0.1548 
        D711  1 0.0388 0.0431 0.0494 0.0326 0.0268 0.0285 0.0258 0.0236 0.6922 0.0391 
        D712  1 0.0618 0.0867 0.0796 0.4688 0.0980 0.0445 0.0512 0.0343 0.0278 0.0472 
        D713  1 0.1096 0.2408 0.0874 0.1060 0.0236 0.0591 0.0199 0.0578 0.2019 0.0939 
        D746  1 0.0299 0.0111 0.6912 0.0271 0.0228 0.0516 0.0297 0.0394 0.0674 0.0298 
        D747  1 0.0161 0.0123 0.0203 0.0182 0.0218 0.0191 0.0262 0.0138 0.8245 0.0277 
        D748  1 0.0504 0.0248 0.2065 0.0267 0.0277 0.0712 0.0149 0.2523 0.2832 0.0422 
        D749  1 0.2068 0.0525 0.2786 0.1020 0.0244 0.0901 0.0392 0.1005 0.0253 0.0806 
        D750  1 0.0425 0.0252 0.0299 0.6317 0.0238 0.0610 0.0202 0.0280 0.0948 0.0429 
        D763  1 0.1382 0.0312 0.0842 0.0215 0.2452 0.0436 0.0750 0.0844 0.0789 0.1978 
        D764  1 0.0638 0.0153 0.0672 0.2143 0.0218 0.1648 0.0187 0.0247 0.3863 0.0230 
        D765  1 0.0523 0.0302 0.0381 0.1118 0.0241 0.6527 0.0144 0.0335 0.0306 0.0123 
        D766  1 0.0689 0.0366 0.0949 0.0294 0.0209 0.4682 0.0248 0.0651 0.0842 0.1069 
        D767  1 0.0978 0.2779 0.0906 0.0302 0.0314 0.0742 0.0755 0.0539 0.0760 0.1924 
        D768  1 0.0174 0.0107 0.0155 0.0108 0.0141 0.0140 0.0132 0.0160 0.8770 0.0113 
        D811  1 0.0367 0.6170 0.0195 0.0745 0.0267 0.1402 0.0180 0.0233 0.0254 0.0188 
        D816  1 0.0313 0.0211 0.0272 0.0271 0.0176 0.0196 0.0154 0.0157 0.8066 0.0184 
        D825  1 0.1108 0.1787 0.0404 0.1095 0.0258 0.3787 0.0168 0.0356 0.0837 0.0201 
        D866  1 0.0729 0.0444 0.0183 0.1619 0.4208 0.0642 0.0906 0.0668 0.0434 0.0168 
        D867  1 0.0701 0.0346 0.6267 0.0172 0.0168 0.0300 0.0447 0.0449 0.0167 0.0983 
        D871  1 0.2836 0.0412 0.2129 0.0548 0.0512 0.0272 0.0196 0.1945 0.0817 0.0333 
        D872  1 0.0696 0.2353 0.0855 0.0377 0.0195 0.1994 0.0610 0.0220 0.2336 0.0364 
        D873  1 0.0192 0.0764 0.0293 0.0107 0.0087 0.7739 0.0222 0.0148 0.0075 0.0374 
        D874  1 0.0320 0.0404 0.0122 0.0800 0.0323 0.0193 0.0171 0.0249 0.0570 0.6848 
        D875  1 0.2333 0.0392 0.2807 0.0197 0.0181 0.0868 0.0153 0.2273 0.0549 0.0246 
        D876  1 0.0928 0.0255 0.0594 0.0893 0.0535 0.0776 0.0248 0.0429 0.4223 0.1119 
        D877  1 0.0378 0.7776 0.0113 0.0441 0.0124 0.0167 0.0166 0.0149 0.0240 0.0448 
        D892  1 0.0566 0.0601 0.1169 0.1081 0.0188 0.0326 0.0148 0.1570 0.4036 0.0315 
        D893  1 0.0632 0.0148 0.0419 0.0190 0.0667 0.0293 0.0248 0.0350 0.6434 0.0619 
        D894  1 0.1001 0.0240 0.0540 0.0579 0.0375 0.0447 0.0291 0.1365 0.4812 0.0350 
        D915  1 0.0606 0.0318 0.0591 0.0334 0.0333 0.1040 0.0254 0.1010 0.5283 0.0231 
        D916  1 0.0248 0.0099 0.0234 0.0213 0.0172 0.0219 0.0114 0.0217 0.8333 0.0150 
        D917  1 0.1447 0.0697 0.0458 0.2182 0.1693 0.0369 0.0567 0.0243 0.0829 0.1514 
        D925  1 0.0354 0.0314 0.0303 0.0889 0.0286 0.5102 0.0194 0.0173 0.2198 0.0188 
        D926  1 0.2363 0.0364 0.0486 0.0431 0.0349 0.0475 0.0198 0.0878 0.3759 0.0697 
        D927  1 0.1485 0.0463 0.0686 0.0613 0.0838 0.0243 0.2306 0.0434 0.2453 0.0478 
        D928  1 0.0200 0.0493 0.0127 0.7619 0.0142 0.0311 0.0185 0.0091 0.0658 0.0173 
        D929  1 0.0440 0.3681 0.0747 0.0423 0.0195 0.0219 0.0182 0.0500 0.0262 0.3349 
        D936  1 0.0672 0.0287 0.0259 0.0279 0.1271 0.0325 0.0486 0.0510 0.3970 0.1942 
        D938  1 0.0349 0.0218 0.6132 0.0236 0.0157 0.1245 0.0128 0.0439 0.0395 0.0701 
        D956  1 0.0764 0.1349 0.0256 0.4883 0.0292 0.0461 0.0340 0.1071 0.0322 0.0263 
        D957  1 0.0712 0.1193 0.0608 0.0403 0.0274 0.4245 0.0342 0.0315 0.1455 0.0453 
        D958  1 0.0695 0.0791 0.0701 0.1311 0.0190 0.3213 0.0252 0.0274 0.1697 0.0875 
        D959  1 0.0889 0.0290 0.2514 0.0214 0.0151 0.0135 0.0735 0.0280 0.4681 0.0111 
        D960  1 0.0628 0.0944 0.5373 0.0370 0.0150 0.1017 0.0222 0.0598 0.0305 0.0392 
        D989  1 0.0682 0.0420 0.0335 0.5675 0.0934 0.0233 0.0736 0.0333 0.0396 0.0257 
        D990  1 0.0598 0.0147 0.0517 0.0757 0.0863 0.6190 0.0275 0.0271 0.0149 0.0233 
        D023  2 0.0155 0.0082 0.8681 0.0127 0.0115 0.0143 0.0170 0.0103 0.0271 0.0153 
        D130  2 0.0418 0.1006 0.6182 0.0142 0.0177 0.0217 0.0382 0.0439 0.0847 0.0191 
        D131  2 0.1991 0.0335 0.0440 0.0384 0.1475 0.0802 0.0359 0.0904 0.2702 0.0607 
        D163  2 0.0532 0.0162 0.6106 0.0553 0.0440 0.0592 0.0140 0.0222 0.0882 0.0371 
        D164  2 0.0219 0.0169 0.0214 0.0104 0.0116 0.3375 0.5417 0.0135 0.0100 0.0151 
        D165  2 0.0296 0.0115 0.8228 0.0167 0.0199 0.0194 0.0226 0.0141 0.0218 0.0213 
        D166  2 0.1322 0.4163 0.0520 0.0153 0.0488 0.0482 0.0385 0.1348 0.0396 0.0742 
        D167  2 0.0204 0.0580 0.0134 0.0237 0.0132 0.0116 0.8216 0.0141 0.0132 0.0108 
        D192  2 0.0151 0.0177 0.0082 0.0165 0.0197 0.0116 0.8713 0.0113 0.0087 0.0199 
        D193  2 0.0671 0.6239 0.0235 0.0364 0.0380 0.0355 0.0285 0.0987 0.0207 0.0276 
        D206  2 0.1788 0.0493 0.1296 0.0216 0.0399 0.0381 0.2944 0.0866 0.1336 0.0280 
        D207  2 0.1003 0.1607 0.0257 0.0195 0.0683 0.0194 0.5164 0.0380 0.0336 0.0181 
        D208  2 0.0804 0.0653 0.0489 0.1740 0.3362 0.0462 0.0658 0.0876 0.0470 0.0486 
        D209  2 0.1859 0.0298 0.0497 0.0258 0.0263 0.0607 0.4390 0.0278 0.0290 0.1259 
        D210  2 0.0354 0.0237 0.0267 0.5394 0.1282 0.0209 0.0854 0.0514 0.0510 0.0379 
     D229599  2 0.1352 0.0451 0.0887 0.0468 0.2026 0.0742 0.0467 0.0542 0.1641 0.1425 
     D229600  2 0.0629 0.0514 0.3533 0.0246 0.0233 0.0363 0.3395 0.0580 0.0280 0.0228 
     D237227  2 0.0686 0.0313 0.0663 0.4331 0.1035 0.1595 0.0503 0.0276 0.0367 0.0230 
     D237228  2 0.0938 0.0445 0.0160 0.1484 0.0528 0.5417 0.0403 0.0387 0.0111 0.0126 
     D237258  2 0.1290 0.0903 0.1678 0.0654 0.1078 0.0907 0.1896 0.0372 0.0640 0.0583 
     D237310  2 0.0449 0.1890 0.0266 0.0360 0.0211 0.4720 0.0631 0.0992 0.0120 0.0360 
     D237311  2 0.0422 0.0572 0.0371 0.0287 0.0255 0.5921 0.1435 0.0470 0.0117 0.0149 
     D237312  2 0.0575 0.2500 0.0671 0.0413 0.0178 0.2247 0.0204 0.2391 0.0251 0.0568 
     D237313  2 0.1871 0.0415 0.0523 0.0926 0.1007 0.1860 0.0189 0.1081 0.1478 0.0649 
     D237322  2 0.2256 0.0922 0.0328 0.0872 0.1723 0.0933 0.0543 0.0945 0.0304 0.1173 
     D237323  2 0.0487 0.0618 0.0570 0.1398 0.0440 0.5276 0.0279 0.0498 0.0160 0.0275 
     D237324  2 0.3023 0.0211 0.1967 0.0154 0.0929 0.0378 0.2089 0.0357 0.0411 0.0481 
     D237325  2 0.0889 0.0891 0.0707 0.0738 0.0303 0.3253 0.0712 0.1635 0.0277 0.0596 
     D237326  2 0.0401 0.0229 0.0382 0.0473 0.0266 0.6676 0.0283 0.0200 0.0652 0.0438 
     D237327  2 0.1834 0.0280 0.0786 0.0442 0.3076 0.0307 0.1057 0.0683 0.0514 0.1020 
     D237337  2 0.0396 0.0305 0.0200 0.0281 0.0174 0.7690 0.0130 0.0452 0.0172 0.0200 
     D237338  2 0.1384 0.0375 0.1408 0.1244 0.0772 0.1490 0.0596 0.1335 0.0551 0.0844 
     D237339  2 0.0462 0.0414 0.0169 0.0165 0.0455 0.0246 0.1068 0.0230 0.0299 0.6491 
     D237340  2 0.0573 0.0897 0.0533 0.1170 0.0398 0.3581 0.1684 0.0662 0.0208 0.0293 
     D237389  2 0.0380 0.1756 0.0343 0.0211 0.0182 0.4939 0.0903 0.0815 0.0187 0.0283 
     D237390  2 0.0450 0.1417 0.0522 0.0469 0.0494 0.3528 0.0186 0.2129 0.0435 0.0372 
     D244017  2 0.0786 0.2706 0.0384 0.1541 0.0418 0.0262 0.3373 0.0153 0.0204 0.0172 
     D244112  2 0.0142 0.0278 0.0196 0.0171 0.0131 0.0157 0.8384 0.0292 0.0109 0.0141 
     D244118  2 0.0249 0.0257 0.1757 0.0281 0.0141 0.0289 0.6511 0.0142 0.0107 0.0266 
     D244119  2 0.0190 0.0231 0.0167 0.5795 0.0221 0.0197 0.2744 0.0156 0.0195 0.0103 
     D244120  2 0.0555 0.2561 0.0194 0.0395 0.0594 0.0214 0.3833 0.1020 0.0110 0.0525 
     D244122  2 0.0488 0.0848 0.0403 0.0285 0.0265 0.0225 0.6419 0.0566 0.0223 0.0278 
        D291  2 0.0917 0.0432 0.0792 0.0182 0.6003 0.0298 0.0377 0.0328 0.0495 0.0176 
        D292  2 0.0803 0.0520 0.0241 0.0677 0.2383 0.0629 0.2733 0.0213 0.1383 0.0417 
        D293  2 0.0560 0.0168 0.0135 0.0147 0.0521 0.0156 0.5763 0.0252 0.0713 0.1587 
        D322  2 0.0503 0.0262 0.0280 0.0165 0.0556 0.0402 0.4678 0.0213 0.0496 0.2446 
        D323  2 0.2094 0.1892 0.0420 0.0374 0.0881 0.0636 0.1711 0.0539 0.0634 0.0818 
        D324  2 0.1269 0.0248 0.0782 0.0512 0.4053 0.0976 0.0317 0.0528 0.1043 0.0271 
        D325  2 0.0450 0.0109 0.0144 0.0099 0.0363 0.0128 0.7732 0.0308 0.0428 0.0238 
        D326  2 0.0279 0.0129 0.0121 0.0227 0.0285 0.0129 0.0118 0.0140 0.8426 0.0146 
        D340  2 0.0205 0.0111 0.0139 0.0214 0.0171 0.0140 0.8373 0.0197 0.0217 0.0231 
        D341  2 0.0413 0.0273 0.0187 0.0357 0.0386 0.0503 0.4856 0.1983 0.0582 0.0460 
        D342  2 0.0890 0.0514 0.0745 0.0156 0.0381 0.0778 0.5429 0.0754 0.0158 0.0195 
        D343  2 0.0132 0.0079 0.0110 0.0087 0.0114 0.0081 0.8977 0.0142 0.0153 0.0126 
        D344  2 0.1338 0.1755 0.0198 0.0172 0.0245 0.0457 0.0429 0.0594 0.1058 0.3752 
        D345  2 0.1253 0.0247 0.0537 0.0308 0.0555 0.4082 0.0403 0.0214 0.0506 0.1896 
        D346  2 0.0704 0.0557 0.0304 0.4861 0.0812 0.0464 0.0690 0.0681 0.0454 0.0474 
        D351  2 0.1754 0.0390 0.0688 0.0233 0.2205 0.0859 0.0371 0.0569 0.2164 0.0766 
        D352  2 0.0766 0.0447 0.0229 0.0434 0.0317 0.0466 0.0477 0.0211 0.0176 0.6478 
        D353  2 0.6507 0.0169 0.0186 0.0134 0.0270 0.0179 0.0219 0.0363 0.1352 0.0621 
        D354  2 0.0368 0.0295 0.0215 0.0437 0.0218 0.0458 0.0133 0.0256 0.0380 0.7241 
        D362  2 0.0415 0.0364 0.0830 0.0225 0.0331 0.0403 0.0279 0.0167 0.6757 0.0230 
        D363  2 0.0480 0.0292 0.0611 0.0344 0.0450 0.0450 0.0220 0.0140 0.6717 0.0295 
        D364  2 0.0831 0.0488 0.0309 0.0353 0.0232 0.0662 0.0262 0.0472 0.2092 0.4299 
        D365  2 0.0182 0.0106 0.0092 0.0208 0.0133 0.0105 0.8569 0.0127 0.0185 0.0293 
        D369  2 0.1000 0.0374 0.0386 0.1534 0.1554 0.1435 0.1508 0.0500 0.1440 0.0268 
        D374  2 0.0234 0.7479 0.0118 0.1178 0.0166 0.0180 0.0136 0.0193 0.0138 0.0178 
        D375  2 0.0414 0.0285 0.0196 0.0137 0.0116 0.0176 0.0117 0.0319 0.0110 0.8131 
        D376  2 0.0690 0.4434 0.0182 0.2205 0.0352 0.0443 0.0405 0.0490 0.0159 0.0640 
        D377  2 0.1057 0.1832 0.0663 0.0646 0.0814 0.2210 0.0509 0.1449 0.0333 0.0487 
        D378  2 0.1292 0.0149 0.0735 0.0242 0.0805 0.0324 0.2279 0.0284 0.0950 0.2939 
        D379  2 0.0484 0.0285 0.0218 0.0271 0.0286 0.0387 0.0167 0.0609 0.6738 0.0556 
        D384  2 0.0265 0.0121 0.0148 0.0360 0.0181 0.0321 0.0123 0.0142 0.8177 0.0162 
        D385  2 0.0303 0.0305 0.0135 0.0326 0.0217 0.0211 0.6776 0.0370 0.0200 0.1157 
        D386  2 0.1182 0.0366 0.0718 0.0197 0.0228 0.0353 0.0834 0.0438 0.0930 0.4755 
        D391  2 0.0297 0.0136 0.0129 0.0164 0.0234 0.0190 0.7245 0.0215 0.0266 0.1124 
        D392  2 0.0505 0.0428 0.0394 0.0481 0.0337 0.0891 0.5959 0.0229 0.0488 0.0289 
        D393  2 0.0522 0.0145 0.0395 0.0243 0.2069 0.0513 0.0822 0.0599 0.1501 0.3190 
        D394  2 0.1417 0.0821 0.1628 0.0342 0.0477 0.1633 0.0783 0.0562 0.0648 0.1688 
        D395  2 0.0814 0.0468 0.0231 0.0187 0.0314 0.0198 0.3523 0.0446 0.0150 0.3670 
        D401  2 0.0222 0.0363 0.0168 0.0305 0.0220 0.7953 0.0276 0.0244 0.0159 0.0090 
        D402  2 0.0221 0.0196 0.0141 0.0185 0.0615 0.0258 0.7255 0.0238 0.0166 0.0726 
        D403  2 0.4348 0.0468 0.0602 0.0215 0.0195 0.0325 0.0304 0.0769 0.2046 0.0728 
        D415  2 0.1730 0.0257 0.0482 0.0167 0.0201 0.0788 0.0272 0.0696 0.5064 0.0342 
        D435  2 0.0638 0.0155 0.0385 0.0157 0.0601 0.0377 0.2104 0.0455 0.4549 0.0577 
        D436  2 0.0625 0.1119 0.0327 0.0491 0.0211 0.0306 0.0212 0.1289 0.1638 0.3783 
        D438  2 0.0169 0.0129 0.0162 0.0189 0.0128 0.0130 0.8685 0.0174 0.0112 0.0121 
        D439  2 0.1134 0.0147 0.0469 0.0142 0.0270 0.0366 0.0560 0.0315 0.0410 0.6188 
        D449  2 0.1565 0.0180 0.0453 0.0244 0.0224 0.0211 0.5457 0.0504 0.0953 0.0208 
        D450  2 0.1273 0.0647 0.0593 0.1246 0.0687 0.0488 0.0210 0.1560 0.1214 0.2083 
        D456  2 0.0263 0.0115 0.0157 0.0188 0.0281 0.0141 0.0101 0.0177 0.8356 0.0221 
        D462  2 0.0207 0.0156 0.0186 0.0117 0.0204 0.0115 0.7780 0.0153 0.0324 0.0757 
        D463  2 0.0250 0.0187 0.0142 0.0264 0.0166 0.0210 0.0108 0.0156 0.8200 0.0318 
        D464  2 0.3403 0.1136 0.0186 0.0321 0.0199 0.0210 0.0975 0.0535 0.0567 0.2468 
        D465  2 0.0483 0.0394 0.0234 0.0232 0.0318 0.0653 0.5879 0.0388 0.1182 0.0237 
        D473  2 0.0606 0.0670 0.0598 0.4638 0.0360 0.0757 0.0453 0.0445 0.0246 0.1226 
        D474  2 0.0587 0.0118 0.0664 0.0564 0.2030 0.0498 0.0484 0.0356 0.4296 0.0403 
        D476  2 0.0316 0.0122 0.2972 0.0121 0.0178 0.0130 0.0448 0.0171 0.0177 0.5365 
        D477  2 0.0693 0.0219 0.0208 0.0450 0.1100 0.1436 0.0240 0.0357 0.1567 0.3730 
        D478  2 0.1428 0.1128 0.3527 0.0577 0.0664 0.0263 0.0633 0.0310 0.0347 0.1123 
        D480  2 0.0854 0.0305 0.0157 0.0979 0.1296 0.0222 0.0574 0.1060 0.1451 0.3102 
        D481  2 0.1069 0.0426 0.1300 0.0902 0.0515 0.0953 0.0722 0.0280 0.1464 0.2369 
        D482  2 0.1227 0.0689 0.0504 0.1117 0.1657 0.0991 0.0335 0.0604 0.0167 0.2709 
        D483  2 0.0202 0.0206 0.0184 0.0523 0.0193 0.0191 0.8085 0.0103 0.0144 0.0169 
        D484  2 0.0234 0.0653 0.0127 0.0192 0.0217 0.0163 0.0221 0.0179 0.0096 0.7918 
        D510  2 0.0503 0.1774 0.0163 0.4108 0.1910 0.0323 0.0217 0.0349 0.0271 0.0382 
        D511  2 0.0373 0.0176 0.0324 0.0186 0.0351 0.0246 0.0442 0.0219 0.0335 0.7348 
        D512  2 0.0601 0.1139 0.0457 0.0122 0.0393 0.4215 0.1865 0.0752 0.0216 0.0240 
        D513  2 0.0940 0.0375 0.0339 0.0668 0.0885 0.0393 0.4855 0.0612 0.0699 0.0232 
        D635  2 0.0840 0.0176 0.5873 0.0237 0.0316 0.0395 0.0364 0.0226 0.1369 0.0203 
        D636  2 0.0261 0.0142 0.8123 0.0162 0.0125 0.0489 0.0167 0.0146 0.0220 0.0165 
        D637  2 0.0940 0.0814 0.0261 0.0573 0.0594 0.0967 0.1065 0.2316 0.0223 0.2247 
        D658  2 0.0470 0.0683 0.0223 0.0846 0.0246 0.0600 0.4102 0.0701 0.0278 0.1850 
        D659  2 0.0830 0.0165 0.0900 0.0297 0.0618 0.0157 0.0215 0.0450 0.5799 0.0568 
        D677  2 0.0739 0.0676 0.0920 0.0198 0.0625 0.0593 0.0473 0.2918 0.2575 0.0282 
        D678  2 0.0807 0.1037 0.0299 0.0138 0.0264 0.0275 0.6452 0.0285 0.0205 0.0237 
        D679  2 0.1305 0.0319 0.0419 0.0514 0.1366 0.0393 0.0477 0.0699 0.3946 0.0562 
        D719  2 0.0477 0.0262 0.0122 0.3874 0.1175 0.0657 0.1615 0.0245 0.0977 0.0597 
        D720  2 0.0339 0.0225 0.0245 0.0553 0.0319 0.0242 0.0246 0.0208 0.7438 0.0186 
        D721  2 0.0452 0.0105 0.7425 0.0286 0.0226 0.0198 0.0454 0.0280 0.0291 0.0283 
        D722  2 0.0426 0.6381 0.0189 0.0850 0.0486 0.0580 0.0485 0.0169 0.0168 0.0265 
        D734  2 0.0254 0.0188 0.0129 0.0924 0.0257 0.0135 0.0382 0.0392 0.0166 0.7172 
        D735  2 0.1563 0.0333 0.0357 0.0775 0.0977 0.1237 0.0651 0.0536 0.2332 0.1237 
        D736  2 0.0648 0.0275 0.0527 0.2958 0.2840 0.0701 0.0587 0.0495 0.0444 0.0526 
        D737  2 0.0436 0.0317 0.0534 0.0438 0.0646 0.0391 0.5574 0.0322 0.0156 0.1186 
        D807  2 0.0831 0.0557 0.0360 0.1927 0.1753 0.0906 0.0521 0.0870 0.1314 0.0962 
        D808  2 0.1632 0.0701 0.0696 0.0283 0.0970 0.2361 0.1140 0.1023 0.0602 0.0593 
        D817  2 0.1318 0.1223 0.0370 0.0351 0.0875 0.1139 0.0239 0.0417 0.3128 0.0940 
        D818  2 0.2089 0.0367 0.1155 0.0281 0.1521 0.0194 0.1577 0.2070 0.0385 0.0361 
        D819  2 0.1119 0.0719 0.0759 0.0387 0.0704 0.3626 0.0393 0.0537 0.1363 0.0394 
        D820  2 0.0458 0.0166 0.0192 0.0224 0.0417 0.0145 0.0345 0.0340 0.6261 0.1452 
        D895  2 0.1980 0.0333 0.1601 0.0403 0.0479 0.0951 0.0461 0.0377 0.2855 0.0560 
        D896  2 0.0159 0.0326 0.0164 0.0268 0.0127 0.8400 0.0122 0.0177 0.0121 0.0138 
        D897  2 0.1201 0.0324 0.0299 0.0248 0.0561 0.0415 0.5079 0.1164 0.0213 0.0495 
        D898  2 0.1743 0.1249 0.0360 0.0360 0.1464 0.2812 0.0325 0.0761 0.0298 0.0628 
        D918  2 0.1256 0.0383 0.1015 0.0569 0.0391 0.1379 0.0467 0.3199 0.0258 0.1083 
        D919  2 0.1082 0.0686 0.0538 0.0273 0.0753 0.0208 0.0975 0.0211 0.0894 0.4379 
        D920  2 0.0534 0.0452 0.5758 0.0743 0.0258 0.0616 0.0343 0.0650 0.0310 0.0336 
        D923  2 0.0730 0.0356 0.0253 0.0221 0.0277 0.0203 0.0335 0.0277 0.6479 0.0869 
        D930  2 0.1712 0.0542 0.0192 0.0988 0.0498 0.0894 0.0423 0.1616 0.1641 0.1494 
        D931  2 0.0775 0.0563 0.0366 0.0351 0.0472 0.0406 0.1751 0.0481 0.1445 0.3389 
        D968  2 0.0255 0.0185 0.0125 0.0162 0.0646 0.0195 0.7785 0.0179 0.0227 0.0240 
        D969  2 0.1328 0.0413 0.0311 0.0642 0.1896 0.0552 0.2237 0.0547 0.1625 0.0449 
        D977  2 0.0365 0.0209 0.0257 0.0173 0.0297 0.0160 0.7284 0.0790 0.0220 0.0245 
        D978  2 0.1212 0.0934 0.0194 0.0307 0.3419 0.0188 0.1318 0.1899 0.0262 0.0267 
        D211  3 0.0582 0.0187 0.3111 0.0211 0.0278 0.0248 0.0171 0.4252 0.0564 0.0395 
     D229639  3 0.0672 0.0460 0.0259 0.1008 0.5250 0.0557 0.0457 0.0430 0.0677 0.0231 
     D237212  3 0.0860 0.0229 0.0566 0.0237 0.2508 0.0544 0.0432 0.1209 0.0521 0.2893 
     D237213  3 0.1077 0.0761 0.0716 0.0164 0.0712 0.2216 0.0385 0.2461 0.0610 0.0899 
     D237214  3 0.0288 0.0155 0.8381 0.0202 0.0109 0.0140 0.0120 0.0222 0.0234 0.0149 
     D237215  3 0.0426 0.2622 0.0163 0.0683 0.1052 0.0323 0.4257 0.0164 0.0160 0.0150 
     D237216  3 0.5454 0.0323 0.0958 0.0241 0.0336 0.0425 0.0224 0.1276 0.0404 0.0359 
     D237217  3 0.2857 0.0138 0.1813 0.0156 0.0663 0.0987 0.0244 0.1923 0.0939 0.0280 
     D237218  3 0.0794 0.0125 0.0295 0.0488 0.1669 0.0237 0.0354 0.3458 0.0485 0.2095 
     D237219  3 0.0959 0.0376 0.0731 0.1097 0.1325 0.2780 0.0248 0.1887 0.0451 0.0146 
     D237382  3 0.0903 0.3627 0.0355 0.0808 0.0378 0.1167 0.0530 0.0917 0.0923 0.0392 
     D244127  3 0.0867 0.0427 0.0371 0.0188 0.0784 0.5324 0.0741 0.0693 0.0205 0.0400 
     D244129  3 0.1494 0.0403 0.1239 0.0463 0.1166 0.2010 0.0852 0.0901 0.0720 0.0751 
     D244133  3 0.1706 0.1185 0.0779 0.1104 0.0753 0.0678 0.2130 0.0586 0.0949 0.0132 
     D244134  3 0.0565 0.0186 0.0258 0.2442 0.4408 0.1108 0.0258 0.0305 0.0254 0.0216 
     D244135  3 0.0536 0.0174 0.7231 0.0162 0.0170 0.0166 0.0584 0.0453 0.0310 0.0213 
     D244136  3 0.1254 0.0931 0.0661 0.1403 0.1151 0.0464 0.0989 0.0402 0.2500 0.0245 
        D416  3 0.1830 0.0321 0.0942 0.0350 0.0532 0.1191 0.1311 0.2249 0.0774 0.0501 
        D417  3 0.0388 0.0349 0.0190 0.0221 0.0213 0.0485 0.0151 0.1292 0.6455 0.0256 
        D419  3 0.1300 0.0257 0.0686 0.0695 0.1853 0.1391 0.0627 0.1763 0.1050 0.0378 
        D565  3 0.0223 0.0197 0.0205 0.7786 0.0597 0.0220 0.0119 0.0136 0.0337 0.0180 
        D566  3 0.0684 0.0786 0.0386 0.2148 0.3933 0.0581 0.0430 0.0213 0.0619 0.0220 
        D567  3 0.0670 0.0421 0.0835 0.0223 0.0283 0.0949 0.0421 0.0488 0.5063 0.0647 
        D568  3 0.1072 0.0357 0.1244 0.0169 0.0627 0.0760 0.1202 0.1476 0.1563 0.1530 
        D569  3 0.0768 0.0892 0.0705 0.0279 0.0310 0.0266 0.0644 0.0425 0.0194 0.5516 
        D573  3 0.0929 0.0153 0.0219 0.0294 0.4847 0.0275 0.1627 0.0182 0.1107 0.0368 
        D574  3 0.1653 0.1460 0.0653 0.2464 0.1086 0.0763 0.0540 0.0635 0.0345 0.0401 
        D575  3 0.1025 0.0294 0.1154 0.1222 0.1323 0.2413 0.0560 0.0766 0.0967 0.0275 
        D576  3 0.0533 0.1656 0.0390 0.0311 0.1020 0.0163 0.5448 0.0219 0.0075 0.0184 
        D577  3 0.0890 0.0740 0.0973 0.0358 0.0450 0.0293 0.0248 0.0913 0.4690 0.0444 
        D578  3 0.0353 0.0155 0.8303 0.0134 0.0151 0.0212 0.0201 0.0219 0.0148 0.0124 
        D579  3 0.1038 0.0311 0.0453 0.1693 0.1985 0.0505 0.0651 0.0946 0.1176 0.1242 
        D660  3 0.1027 0.0517 0.0454 0.0154 0.0291 0.0593 0.5715 0.0712 0.0196 0.0341 
        D661  3 0.0967 0.0181 0.0362 0.0152 0.1274 0.0195 0.0962 0.4936 0.0187 0.0785 
        D663  3 0.0973 0.0654 0.0378 0.0177 0.5607 0.0226 0.0721 0.0437 0.0576 0.0252 
        D664  3 0.1529 0.0627 0.1472 0.0543 0.0565 0.1179 0.1418 0.2208 0.0199 0.0259 
        D665  3 0.2383 0.1767 0.1631 0.0133 0.0544 0.1183 0.0465 0.0869 0.0162 0.0864 
        D666  3 0.0711 0.0264 0.0480 0.0914 0.0924 0.4024 0.0257 0.1153 0.0907 0.0365 
        D009  4 0.1099 0.0837 0.1693 0.0354 0.0320 0.0962 0.0223 0.2296 0.1134 0.1082 
        D057  4 0.0524 0.0208 0.2043 0.0268 0.0506 0.0122 0.1268 0.0268 0.0304 0.4488 
        D109  4 0.1077 0.0353 0.0491 0.0361 0.0254 0.6237 0.0175 0.0419 0.0352 0.0283 
     D237222  4 0.0703 0.1334 0.4924 0.0964 0.0308 0.0357 0.0395 0.0285 0.0384 0.0346 
     D237223  4 0.1029 0.0567 0.0675 0.1026 0.0564 0.0920 0.0526 0.3689 0.0432 0.0573 
     D237224  4 0.1189 0.0419 0.0519 0.0326 0.2013 0.0559 0.1630 0.0461 0.0950 0.1933 
     D237225  4 0.2520 0.0403 0.1147 0.0449 0.0779 0.0562 0.0303 0.1660 0.1321 0.0857 
     D237299  4 0.1116 0.0337 0.0482 0.0360 0.0402 0.0395 0.0229 0.6312 0.0129 0.0239 
     D237300  4 0.0458 0.0207 0.0249 0.0295 0.7300 0.0216 0.0332 0.0528 0.0186 0.0230 
     D237306  4 0.0482 0.1111 0.0272 0.3957 0.0321 0.0720 0.0225 0.1722 0.0753 0.0438 
     D237307  4 0.0694 0.0777 0.0507 0.1294 0.0371 0.0422 0.0419 0.0786 0.4516 0.0214 
     D237308  4 0.0812 0.0467 0.0429 0.0801 0.0332 0.0983 0.3732 0.0278 0.0337 0.1830 
     D237309  4 0.2718 0.0837 0.1668 0.0304 0.0579 0.0620 0.0450 0.0690 0.1186 0.0948 
     D237317  4 0.1704 0.0546 0.0793 0.3367 0.0598 0.0465 0.0208 0.0290 0.1724 0.0304 
     D237318  4 0.0299 0.0234 0.0143 0.0192 0.8046 0.0138 0.0369 0.0236 0.0214 0.0130 
     D237319  4 0.1991 0.1451 0.1301 0.0401 0.0485 0.0858 0.0602 0.2034 0.0589 0.0289 
     D237320  4 0.0423 0.0236 0.0536 0.0283 0.0922 0.0519 0.0587 0.5864 0.0448 0.0183 
     D237321  4 0.0822 0.0411 0.0551 0.0462 0.5122 0.0438 0.0968 0.0386 0.0549 0.0291 
     D237397  4 0.0893 0.0584 0.0643 0.1077 0.1279 0.0517 0.0629 0.3652 0.0448 0.0278 
     D237398  4 0.0741 0.0176 0.0222 0.0168 0.6097 0.0147 0.0272 0.1055 0.0586 0.0537 
     D237399  4 0.0696 0.0428 0.0732 0.1841 0.3444 0.0444 0.0265 0.0913 0.0813 0.0424 
     D244001  4 0.1192 0.1131 0.4304 0.0223 0.0208 0.0239 0.1334 0.0544 0.0222 0.0602 
        D289  4 0.0945 0.0249 0.0542 0.2293 0.1039 0.0322 0.0649 0.0769 0.0471 0.2720 
        D290  4 0.0815 0.5818 0.0365 0.0283 0.1016 0.0231 0.0230 0.0301 0.0622 0.0321 
        D294  4 0.1951 0.0978 0.0679 0.0350 0.0449 0.0181 0.0279 0.1875 0.0568 0.2690 
        D295  4 0.0802 0.0969 0.0238 0.0435 0.0647 0.1624 0.0262 0.1413 0.3039 0.0570 
        D301  4 0.0518 0.1345 0.4639 0.0544 0.0888 0.0513 0.0394 0.0675 0.0217 0.0267 
        D302  4 0.0410 0.0320 0.0293 0.0173 0.0166 0.0133 0.0118 0.0246 0.0484 0.7658 
        D303  4 0.0474 0.0654 0.0247 0.5279 0.0229 0.0906 0.0652 0.0577 0.0292 0.0690 
        D304  4 0.1287 0.3720 0.0422 0.0735 0.1932 0.0172 0.0256 0.0447 0.0584 0.0445 
        D305  4 0.3274 0.0569 0.0304 0.0098 0.0523 0.0335 0.0832 0.0392 0.0200 0.3475 
        D306  4 0.1691 0.6070 0.0406 0.0224 0.0359 0.0284 0.0169 0.0296 0.0311 0.0192 
        D307  4 0.0313 0.0220 0.6833 0.0849 0.0365 0.0265 0.0218 0.0278 0.0149 0.0509 
        D327  4 0.0955 0.0477 0.0310 0.0566 0.0482 0.0206 0.0386 0.0569 0.5692 0.0358 
        D328  4 0.0668 0.1971 0.0291 0.1369 0.0279 0.0677 0.0244 0.1167 0.0224 0.3110 
        D329  4 0.1542 0.0635 0.0749 0.0511 0.0670 0.0728 0.1341 0.0793 0.0513 0.2518 
        D330  4 0.1428 0.0767 0.0857 0.0147 0.0211 0.1401 0.0675 0.0985 0.2860 0.0670 
        D331  4 0.1259 0.2696 0.0495 0.0597 0.1641 0.0684 0.0355 0.0414 0.1496 0.0364 
        D333  4 0.0791 0.1526 0.0551 0.0712 0.0721 0.0860 0.0605 0.1502 0.0636 0.2095 
        D334  4 0.0575 0.0377 0.0697 0.5340 0.0372 0.0278 0.0189 0.0827 0.0663 0.0682 
        D335  4 0.0500 0.1656 0.0256 0.0250 0.0247 0.0315 0.0411 0.0130 0.1782 0.4453 
        D370  4 0.0592 0.5411 0.0222 0.0278 0.0258 0.2017 0.0341 0.0221 0.0315 0.0345 
        D371  4 0.0528 0.0693 0.0202 0.6128 0.0244 0.0237 0.0409 0.0213 0.1123 0.0223 
        D372  4 0.1719 0.1305 0.0170 0.0296 0.4947 0.0208 0.0457 0.0610 0.0103 0.0187 
        D373  4 0.0372 0.0218 0.6690 0.0178 0.0659 0.0167 0.0680 0.0309 0.0300 0.0427 
        D455  4 0.0334 0.0274 0.7033 0.0251 0.0493 0.0185 0.0329 0.0173 0.0203 0.0726 
        D490  4 0.0290 0.0221 0.7391 0.0200 0.0133 0.0234 0.0110 0.0936 0.0245 0.0240 
        D497  4 0.0516 0.0285 0.6343 0.0208 0.0291 0.0505 0.0159 0.0886 0.0152 0.0654 
        D498  4 0.0771 0.4674 0.0419 0.0690 0.0865 0.1070 0.0375 0.0340 0.0561 0.0234 
        D499  4 0.1240 0.0602 0.0198 0.1021 0.1185 0.0875 0.1169 0.2375 0.0170 0.1165 
        D514  4 0.1351 0.2354 0.0495 0.0172 0.0718 0.0712 0.0225 0.0520 0.2513 0.0941 
        D515  4 0.0525 0.0657 0.0326 0.0204 0.0208 0.0409 0.0244 0.6670 0.0402 0.0353 
        D516  4 0.0778 0.0740 0.0742 0.0494 0.0926 0.2179 0.0664 0.1370 0.1886 0.0222 
        D517  4 0.1768 0.0185 0.4995 0.0173 0.0528 0.0484 0.0336 0.0548 0.0645 0.0335 
        D518  4 0.0390 0.0633 0.1306 0.0613 0.0189 0.0141 0.0289 0.0368 0.0260 0.5812 
        D519  4 0.0235 0.0087 0.0252 0.0191 0.0328 0.0229 0.0190 0.8008 0.0333 0.0148 
        D560  4 0.0467 0.0183 0.0247 0.0137 0.0307 0.0154 0.0366 0.7159 0.0602 0.0379 
        D561  4 0.2823 0.0316 0.3247 0.0179 0.0342 0.0530 0.0608 0.0667 0.0692 0.0595 
        D562  4 0.1704 0.1098 0.2258 0.0429 0.0537 0.0490 0.0729 0.0882 0.0381 0.1492 
        D563  4 0.1231 0.0389 0.0490 0.0179 0.0598 0.0432 0.4287 0.0969 0.0214 0.1210 
        D572  4 0.0311 0.0407 0.0543 0.0225 0.0144 0.0171 0.0273 0.0394 0.0356 0.7178 
        D629  4 0.0973 0.0249 0.3445 0.0225 0.0856 0.0475 0.0199 0.0830 0.1861 0.0887 
        D630  4 0.1120 0.1339 0.1510 0.0555 0.0955 0.0284 0.0309 0.2141 0.1022 0.0764 
        D631  4 0.0340 0.0246 0.0225 0.0156 0.0237 0.0169 0.0523 0.0650 0.0163 0.7290 
        D632  4 0.0580 0.0279 0.3081 0.0203 0.0155 0.1081 0.1607 0.0226 0.0321 0.2466 
        D646  4 0.1072 0.0307 0.0412 0.0241 0.0457 0.0897 0.0489 0.4049 0.1559 0.0516 
        D647  4 0.0683 0.0803 0.0534 0.0144 0.0557 0.0592 0.0453 0.0962 0.4784 0.0489 
        D648  4 0.0325 0.5388 0.0174 0.0369 0.0123 0.0178 0.0244 0.0769 0.0173 0.2258 
        D649  4 0.0673 0.0261 0.0433 0.0202 0.0376 0.3091 0.0202 0.0395 0.2049 0.2318 
        D650  4 0.0804 0.0483 0.0975 0.0951 0.0572 0.0547 0.0243 0.2992 0.1542 0.0892 
        D708  4 0.1538 0.0735 0.0422 0.1410 0.0888 0.0461 0.0248 0.1611 0.0444 0.2241 
        D709  4 0.0724 0.6060 0.0183 0.0253 0.0313 0.1391 0.0245 0.0174 0.0251 0.0407 
        D738  4 0.0436 0.0371 0.0431 0.4717 0.0501 0.1055 0.0176 0.1080 0.1029 0.0204 
        D739  4 0.1134 0.1546 0.3004 0.0262 0.0503 0.0454 0.0274 0.1978 0.0305 0.0539 
        D740  4 0.1856 0.0213 0.0428 0.1255 0.0781 0.1782 0.0525 0.2150 0.0225 0.0785 
        D741  4 0.0695 0.0283 0.0281 0.0129 0.0437 0.0488 0.0409 0.6237 0.0833 0.0209 
        D742  4 0.0981 0.0346 0.0518 0.1064 0.1235 0.0353 0.1938 0.2543 0.0337 0.0684 
        D743  4 0.0416 0.0211 0.0263 0.0233 0.0446 0.0161 0.0372 0.0413 0.2891 0.4593 
        D744  4 0.0196 0.0129 0.0171 0.0138 0.0173 0.0200 0.0323 0.0220 0.0174 0.8275 
        D745  4 0.0208 0.0136 0.0284 0.0174 0.0241 0.0215 0.0134 0.8244 0.0183 0.0180 
        D814  4 0.2664 0.0446 0.0642 0.0176 0.0371 0.0115 0.1429 0.3272 0.0330 0.0556 
        D815  4 0.0526 0.2569 0.0262 0.0265 0.0638 0.0859 0.0305 0.0254 0.1355 0.2967 
        D828  4 0.0234 0.7347 0.0180 0.0355 0.0315 0.0200 0.0425 0.0410 0.0102 0.0432 
        D845  4 0.0172 0.0136 0.0088 0.0371 0.8296 0.0143 0.0209 0.0257 0.0146 0.0182 
        D846  4 0.1233 0.0603 0.1331 0.0122 0.0480 0.0205 0.1582 0.0322 0.1309 0.2814 
        D847  4 0.1077 0.0470 0.1964 0.0912 0.1324 0.0502 0.0576 0.1649 0.0901 0.0624 
        D848  4 0.0267 0.0275 0.6658 0.0179 0.1273 0.0197 0.0529 0.0177 0.0153 0.0291 
        D849  4 0.1379 0.0993 0.1529 0.0187 0.0229 0.0950 0.0268 0.3584 0.0443 0.0437 
        D850  4 0.1422 0.0157 0.2311 0.0698 0.2066 0.0351 0.0356 0.0633 0.1561 0.0444 
        D856  4 0.2199 0.1281 0.0660 0.0377 0.0581 0.2362 0.0253 0.1139 0.0489 0.0660 
        D857  4 0.0315 0.1684 0.0286 0.0250 0.0150 0.5869 0.0808 0.0341 0.0090 0.0208 
        D859  4 0.0614 0.0412 0.0265 0.0219 0.0831 0.0197 0.0349 0.2334 0.0625 0.4154 
        D860  4 0.0594 0.0315 0.0390 0.4058 0.1617 0.0286 0.0842 0.0152 0.0727 0.1018 
        D883  4 0.0881 0.1289 0.1859 0.0603 0.0693 0.1285 0.0341 0.0830 0.1621 0.0598 
        D884  4 0.0545 0.0547 0.0284 0.0396 0.0223 0.1244 0.0162 0.5611 0.0587 0.0402 
        D885  4 0.0993 0.0151 0.0267 0.0251 0.0794 0.0276 0.0382 0.5859 0.0755 0.0271 
        D886  4 0.0775 0.2720 0.1529 0.0226 0.0363 0.1238 0.0619 0.0632 0.1267 0.0632 
        D887  4 0.1135 0.0634 0.0490 0.0499 0.1366 0.0662 0.1212 0.2019 0.0833 0.1149 
        D889  4 0.0684 0.1723 0.0157 0.0174 0.5902 0.0149 0.0116 0.0454 0.0312 0.0330 
        D890  4 0.1099 0.2530 0.0857 0.0624 0.0630 0.1554 0.0924 0.0427 0.0378 0.0977 
        D891  4 0.0143 0.0068 0.0087 0.0092 0.9093 0.0106 0.0099 0.0098 0.0121 0.0093 
        D899  4 0.0792 0.0759 0.0328 0.0784 0.1519 0.0267 0.3833 0.0332 0.0301 0.1086 
        D900  4 0.1689 0.1600 0.1195 0.0591 0.0701 0.0613 0.0943 0.0707 0.0821 0.1140 
        D970  4 0.0851 0.0235 0.0710 0.0433 0.0823 0.0486 0.0548 0.0476 0.1027 0.4410 
        D971  4 0.0910 0.0865 0.0308 0.0640 0.0206 0.0713 0.4104 0.0162 0.0459 0.1632 
        D979  4 0.0527 0.1121 0.0256 0.0299 0.0363 0.0220 0.0295 0.0274 0.4084 0.2560 
        D093  5 0.0274 0.0391 0.0203 0.7015 0.0329 0.0237 0.0212 0.0706 0.0447 0.0186 
        D154  5 0.1816 0.0987 0.0174 0.0356 0.1238 0.0284 0.0909 0.3687 0.0244 0.0305 
        D168  5 0.1712 0.0677 0.1050 0.0142 0.1076 0.0530 0.1870 0.2127 0.0493 0.0323 
        D189  5 0.0607 0.2388 0.0232 0.3060 0.1732 0.0325 0.0275 0.0691 0.0435 0.0255 
        D190  5 0.0371 0.0435 0.0148 0.6382 0.0411 0.0605 0.0252 0.0427 0.0319 0.0650 
     D237220  5 0.1017 0.0324 0.1102 0.1409 0.1299 0.1442 0.0161 0.2078 0.0270 0.0899 
     D237221  5 0.0837 0.0333 0.0322 0.2511 0.1888 0.0787 0.0872 0.1038 0.0617 0.0796 
     D237274  5 0.1006 0.0718 0.0327 0.0159 0.0284 0.0967 0.0620 0.0294 0.3628 0.1997 
     D237275  5 0.0841 0.2146 0.0210 0.0264 0.0906 0.0421 0.4641 0.0227 0.0185 0.0158 
     D237276  5 0.0793 0.1060 0.0418 0.1402 0.0327 0.1278 0.0283 0.2669 0.1293 0.0477 
     D237277  5 0.0368 0.0260 0.0138 0.5352 0.1259 0.0587 0.0528 0.0595 0.0284 0.0629 
     D237278  5 0.0953 0.0528 0.0618 0.1936 0.0292 0.0805 0.3048 0.0737 0.0480 0.0604 
     D237279  5 0.2880 0.0196 0.1289 0.0201 0.0589 0.2959 0.0270 0.0352 0.0362 0.0901 
     D237280  5 0.0992 0.0374 0.1252 0.0640 0.0278 0.4296 0.0234 0.0399 0.1150 0.0386 
     D237281  5 0.0878 0.0177 0.0171 0.0228 0.5879 0.0222 0.1460 0.0237 0.0434 0.0314 
     D237351  5 0.0324 0.0179 0.0280 0.0441 0.0227 0.7032 0.0166 0.0971 0.0176 0.0205 
     D237352  5 0.0731 0.0887 0.3518 0.0550 0.0359 0.0406 0.0633 0.0292 0.0772 0.1851 
     D237353  5 0.0357 0.0252 0.0117 0.6661 0.1073 0.0724 0.0183 0.0205 0.0158 0.0271 
     D237359  5 0.1239 0.0388 0.0912 0.0525 0.1902 0.0681 0.0236 0.3174 0.0302 0.0641 
     D237361  5 0.0268 0.0340 0.0156 0.7817 0.0297 0.0426 0.0160 0.0182 0.0205 0.0148 
     D237362  5 0.1205 0.0750 0.0486 0.0866 0.1398 0.1347 0.0543 0.1079 0.1804 0.0522 
     D237363  5 0.5253 0.0725 0.0363 0.0368 0.0677 0.0373 0.1139 0.0450 0.0413 0.0239 
     D237364  5 0.1039 0.0494 0.0751 0.0116 0.0517 0.0423 0.0713 0.4798 0.0574 0.0574 
     D237376  5 0.0234 0.7301 0.0128 0.0463 0.0288 0.0184 0.0236 0.0393 0.0115 0.0658 
     D237377  5 0.1512 0.0212 0.0428 0.1197 0.0375 0.3683 0.0759 0.0196 0.1156 0.0481 
     D237378  5 0.0734 0.1440 0.0341 0.3744 0.0583 0.0254 0.0843 0.1220 0.0213 0.0629 
     D237379  5 0.0819 0.1241 0.0414 0.2339 0.0364 0.0268 0.0343 0.2235 0.0327 0.1651 
     D237380  5 0.0640 0.2442 0.0402 0.0398 0.0151 0.4762 0.0177 0.0344 0.0271 0.0412 
     D237381  5 0.0910 0.0961 0.1914 0.0627 0.0493 0.2488 0.0737 0.0330 0.0386 0.1154 
     D237391  5 0.0160 0.0108 0.0139 0.8168 0.0421 0.0205 0.0135 0.0263 0.0174 0.0226 
     D237392  5 0.0866 0.1174 0.0437 0.0197 0.0385 0.0775 0.2350 0.0369 0.2547 0.0899 
     D237393  5 0.0735 0.0705 0.0511 0.1384 0.0568 0.1748 0.0601 0.0233 0.3080 0.0436 
     D237394  5 0.0227 0.0175 0.0173 0.8286 0.0193 0.0297 0.0083 0.0158 0.0168 0.0241 
     D237395  5 0.0844 0.1078 0.0427 0.2621 0.0793 0.0666 0.0475 0.2546 0.0336 0.0215 
     D237396  5 0.1119 0.0118 0.1229 0.1920 0.0818 0.0860 0.0917 0.0283 0.1937 0.0799 
     D244016  5 0.2100 0.0821 0.0284 0.1517 0.1694 0.0536 0.0354 0.0276 0.0185 0.2234 
     D244018  5 0.0996 0.0229 0.0605 0.2486 0.1014 0.0444 0.2862 0.0561 0.0620 0.0183 
     D244019  5 0.2556 0.1183 0.0249 0.0438 0.1804 0.0832 0.0883 0.0391 0.0912 0.0753 
        D279  5 0.0894 0.0265 0.0232 0.0528 0.1655 0.0308 0.0313 0.5056 0.0283 0.0468 
        D280  5 0.2081 0.0439 0.0740 0.1753 0.2323 0.0787 0.0487 0.0592 0.0499 0.0300 
        D281  5 0.0892 0.0352 0.0152 0.0628 0.6277 0.0164 0.0500 0.0567 0.0234 0.0235 
        D283  5 0.0876 0.0207 0.0242 0.3863 0.2202 0.0655 0.0261 0.0337 0.0981 0.0376 
        D284  5 0.1455 0.1425 0.1775 0.0306 0.0863 0.0693 0.0372 0.2156 0.0563 0.0393 
        D285  5 0.0790 0.0481 0.0233 0.3541 0.2268 0.0586 0.0156 0.0854 0.0515 0.0575 
        D286  5 0.0821 0.1808 0.0491 0.1610 0.0749 0.0469 0.0215 0.2138 0.0808 0.0890 
        D287  5 0.0799 0.5092 0.0385 0.0847 0.0262 0.0499 0.0192 0.1073 0.0191 0.0660 
        D288  5 0.1435 0.0208 0.0303 0.0555 0.4037 0.0815 0.0275 0.0277 0.1820 0.0274 
        D308  5 0.0373 0.0207 0.0202 0.0256 0.0232 0.7395 0.0193 0.0235 0.0637 0.0268 
        D309  5 0.0251 0.0182 0.0271 0.0175 0.0119 0.0170 0.0129 0.0130 0.0153 0.8421 
        D310  5 0.1453 0.0388 0.0094 0.6558 0.0593 0.0254 0.0097 0.0242 0.0197 0.0122 
        D311  5 0.1548 0.2622 0.0315 0.0755 0.0543 0.0339 0.0322 0.1599 0.1208 0.0749 
        D312  5 0.1024 0.1576 0.1114 0.1101 0.0789 0.0358 0.0500 0.0644 0.0891 0.2003 
        D313  5 0.0269 0.0134 0.3494 0.0341 0.0097 0.5036 0.0102 0.0279 0.0142 0.0107 
        D314  5 0.0988 0.0800 0.0281 0.0377 0.0557 0.0528 0.0443 0.5461 0.0223 0.0340 
        D315  5 0.1349 0.0817 0.0659 0.1838 0.0546 0.1058 0.0624 0.0695 0.1726 0.0688 
        D317  5 0.0334 0.0655 0.0230 0.7004 0.0543 0.0208 0.0159 0.0270 0.0477 0.0122 
        D318  5 0.1510 0.0665 0.1366 0.0563 0.0654 0.0435 0.1137 0.1202 0.0979 0.1488 
        D319  5 0.0246 0.0385 0.0143 0.6982 0.0508 0.0643 0.0158 0.0453 0.0320 0.0161 
        D320  5 0.0464 0.0426 0.0292 0.6025 0.0883 0.0602 0.0185 0.0393 0.0234 0.0495 
        D321  5 0.0392 0.0163 0.0201 0.0508 0.1376 0.6174 0.0120 0.0211 0.0684 0.0172 
        D336  5 0.0550 0.2756 0.0166 0.5236 0.0176 0.0230 0.0156 0.0213 0.0206 0.0311 
        D337  5 0.0253 0.0216 0.0108 0.7587 0.0830 0.0194 0.0194 0.0148 0.0221 0.0247 
        D338  5 0.1314 0.0262 0.0334 0.1324 0.0682 0.0381 0.0364 0.3800 0.1171 0.0368 
        D339  5 0.0941 0.0506 0.0220 0.5251 0.0965 0.0470 0.0316 0.0804 0.0358 0.0170 
        D347  5 0.0824 0.6652 0.0186 0.0197 0.0462 0.0214 0.0394 0.0130 0.0624 0.0317 
        D348  5 0.0743 0.0688 0.0194 0.6015 0.0479 0.0163 0.0223 0.0141 0.0249 0.1105 
