        D174  1 0.6004 0.0579 0.1500 0.0810 0.1106 
        D199  1 0.1587 0.2881 0.1182 0.2398 0.1952 
        D203  1 0.1299 0.2834 0.1712 0.2655 0.1501 
        D204  1 0.0417 0.0438 0.1384 0.7182 0.0579 
     D237366  1 0.0482 0.0869 0.6309 0.1322 0.1018 
     D237367  1 0.0440 0.0560 0.5206 0.1720 0.2074 
     D237368  1 0.1300 0.0753 0.4291 0.1767 0.1888 
     D244101  1 0.0349 0.1971 0.0546 0.6085 0.1048 
     D244102  1 0.2046 0.1161 0.2448 0.2567 0.1779 
     D244103  1 0.0825 0.0414 0.4440 0.1600 0.2721 
     D244104  1 0.2371 0.0766 0.2132 0.3892 0.0840 
     D244105  1 0.0400 0.0442 0.6254 0.0489 0.2414 
     D244106  1 0.4909 0.2373 0.0640 0.0856 0.1222 
     D244107  1 0.0809 0.0783 0.4129 0.1326 0.2953 
     D244108  1 0.7086 0.0633 0.0634 0.0911 0.0736 
     D244113  1 0.5813 0.0674 0.0497 0.2260 0.0755 
     D244114  1 0.1218 0.1218 0.2417 0.1455 0.3693 
     D244115  1 0.5980 0.0472 0.0864 0.0767 0.1917 
     D267365  1 0.2833 0.0876 0.1570 0.3313 0.1408 
        D404  1 0.5183 0.0790 0.0487 0.2451 0.1089 
        D405  1 0.2506 0.1524 0.1400 0.3157 0.1412 
        D406  1 0.0602 0.0237 0.7800 0.0948 0.0412 
        D407  1 0.0363 0.0535 0.5178 0.1942 0.1983 
        D408  1 0.6050 0.1102 0.0754 0.0970 0.1124 
        D409  1 0.0752 0.0847 0.3225 0.1327 0.3849 
        D410  1 0.7596 0.0184 0.0908 0.0600 0.0713 
        D421  1 0.0804 0.0897 0.3677 0.3524 0.1098 
        D422  1 0.0216 0.0297 0.7550 0.0616 0.1321 
        D423  1 0.4064 0.0548 0.2552 0.0565 0.2272 
        D424  1 0.0580 0.0233 0.4082 0.2870 0.2236 
        D425  1 0.2975 0.0494 0.1192 0.3026 0.2314 
        D426  1 0.0412 0.1416 0.3395 0.0580 0.4197 
        D427  1 0.1785 0.5713 0.0912 0.1024 0.0566 
        D428  1 0.2697 0.0639 0.2302 0.2733 0.1629 
        D429  1 0.2437 0.0784 0.2697 0.2601 0.1481 
        D430  1 0.1577 0.2024 0.1289 0.0981 0.4128 
        D491  1 0.7351 0.0317 0.0527 0.1077 0.0728 
        D492  1 0.1227 0.0587 0.3128 0.2554 0.2504 
        D537  1 0.0667 0.0333 0.3694 0.4366 0.0939 
        D538  1 0.2571 0.1029 0.1669 0.1785 0.2946 
        D539  1 0.2945 0.2076 0.2132 0.1119 0.1728 
        D540  1 0.1874 0.0513 0.2853 0.1462 0.3298 
        D541  1 0.0679 0.0514 0.3314 0.4746 0.0746 
        D551  1 0.0411 0.2730 0.2345 0.0642 0.3873 
        D552  1 0.4725 0.0558 0.1744 0.1792 0.1181 
        D553  1 0.0486 0.0268 0.3477 0.4567 0.1202 
        D615  1 0.2430 0.1444 0.1721 0.2487 0.1918 
        D616  1 0.1886 0.1762 0.2000 0.1435 0.2917 
        D621  1 0.3215 0.0500 0.3686 0.1578 0.1021 
        D622  1 0.0917 0.0356 0.6562 0.0834 0.1332 
        D623  1 0.3038 0.2512 0.0347 0.3181 0.0922 
        D624  1 0.6918 0.0411 0.0759 0.0420 0.1492 
        D625  1 0.1816 0.0332 0.2212 0.4418 0.1222 
        D626  1 0.5238 0.0662 0.2127 0.0722 0.1250 
        D627  1 0.0340 0.0787 0.3271 0.0762 0.4841 
        D690  1 0.2586 0.0197 0.2589 0.3899 0.0730 
        D691  1 0.0512 0.0282 0.7712 0.0975 0.0520 
        D710  1 0.2597 0.0685 0.1360 0.3581 0.1777 
        D711  1 0.0842 0.0427 0.2935 0.4948 0.0848 
        D712  1 0.6035 0.0859 0.0936 0.1126 0.1045 
        D713  1 0.3420 0.0319 0.1478 0.3197 0.1586 
        D746  1 0.0396 0.0281 0.7956 0.0846 0.0522 
        D747  1 0.0668 0.0655 0.2761 0.5287 0.0629 
        D748  1 0.0676 0.0351 0.5282 0.2308 0.1384 
        D749  1 0.2291 0.0865 0.3174 0.0801 0.2870 
        D750  1 0.6455 0.0415 0.0918 0.1518 0.0695 
        D763  1 0.0504 0.2278 0.1988 0.2602 0.2628 
        D764  1 0.5121 0.0295 0.1473 0.2082 0.1028 
        D765  1 0.6177 0.0333 0.1984 0.0402 0.1105 
        D766  1 0.2325 0.0372 0.3553 0.2420 0.1330 
        D767  1 0.0612 0.0957 0.2746 0.4441 0.1244 
        D768  1 0.0311 0.0369 0.4040 0.4199 0.1083 
        D811  1 0.6485 0.0391 0.0506 0.0964 0.1654 
        D816  1 0.1426 0.0327 0.2294 0.4936 0.1016 
        D825  1 0.6312 0.0282 0.0902 0.1126 0.1378 
        D866  1 0.3372 0.4326 0.0494 0.0549 0.1260 
        D867  1 0.0348 0.0546 0.7232 0.0699 0.1174 
        D871  1 0.0616 0.0490 0.3054 0.1010 0.4830 
        D872  1 0.1509 0.0524 0.2202 0.4575 0.1191 
        D873  1 0.7921 0.0317 0.0415 0.0797 0.0550 
        D874  1 0.1058 0.0524 0.0401 0.7310 0.0707 
        D875  1 0.0418 0.0284 0.3805 0.0752 0.4741 
        D876  1 0.2112 0.0417 0.1850 0.4483 0.1137 
        D877  1 0.3601 0.0404 0.0419 0.3745 0.1830 
        D892  1 0.1735 0.0348 0.3607 0.2982 0.1328 
        D893  1 0.0507 0.0666 0.2973 0.4231 0.1623 
        D894  1 0.1213 0.0581 0.2952 0.3118 0.2135 
        D915  1 0.1716 0.0429 0.2887 0.3487 0.1481 
        D916  1 0.0999 0.0291 0.3359 0.4619 0.0733 
        D917  1 0.3110 0.1245 0.0556 0.3241 0.1848 
        D925  1 0.7688 0.0292 0.0682 0.0905 0.0433 
        D926  1 0.2242 0.0473 0.1431 0.2834 0.3019 
        D927  1 0.0585 0.4091 0.0975 0.2770 0.1578 
        D928  1 0.8347 0.0253 0.0239 0.0840 0.0321 
        D929  1 0.0788 0.0356 0.3365 0.4242 0.1249 
        D936  1 0.0720 0.1398 0.0739 0.6079 0.1064 
        D938  1 0.0635 0.0229 0.8116 0.0472 0.0549 
        D956  1 0.7269 0.0744 0.0426 0.0466 0.1095 
        D957  1 0.2288 0.0530 0.1855 0.3990 0.1338 
        D958  1 0.3374 0.0284 0.1645 0.3793 0.0904 
        D959  1 0.0304 0.0356 0.4990 0.1784 0.2567 
        D960  1 0.1631 0.0290 0.6272 0.1114 0.0693 
        D989  1 0.4104 0.3155 0.0782 0.0933 0.1026 
        D990  1 0.5650 0.1164 0.0428 0.0311 0.2447 
        D023  2 0.0372 0.0389 0.5683 0.1267 0.2289 
        D130  2 0.0246 0.0355 0.8037 0.0774 0.0588 
        D131  2 0.0751 0.0879 0.1366 0.2882 0.4121 
        D163  2 0.0674 0.0350 0.6855 0.0740 0.1382 
        D164  2 0.2659 0.5734 0.0587 0.0370 0.0649 
        D165  2 0.0352 0.0456 0.6609 0.1059 0.1524 
        D166  2 0.0681 0.0838 0.2420 0.2616 0.3445 
        D167  2 0.0341 0.8917 0.0223 0.0271 0.0247 
        D192  2 0.0236 0.9094 0.0212 0.0242 0.0216 
        D193  2 0.3962 0.0764 0.1428 0.2405 0.1441 
        D206  2 0.0632 0.2057 0.3664 0.1253 0.2394 
        D207  2 0.0363 0.6771 0.0638 0.0715 0.1513 
        D208  2 0.2696 0.3607 0.0875 0.1226 0.1596 
        D209  2 0.0552 0.3317 0.1252 0.1510 0.3368 
        D210  2 0.3363 0.3809 0.0761 0.1149 0.0919 
     D229599  2 0.1363 0.1550 0.1645 0.2857 0.2585 
     D229600  2 0.0324 0.4078 0.3923 0.0643 0.1032 
     D237227  2 0.6251 0.1252 0.0659 0.0863 0.0975 
     D237228  2 0.7531 0.0932 0.0286 0.0237 0.1015 
     D237258  2 0.1595 0.3603 0.1375 0.1160 0.2267 
     D237310  2 0.4655 0.1457 0.1034 0.0671 0.2183 
     D237311  2 0.3670 0.3378 0.1120 0.0445 0.1387 
     D237312  2 0.2470 0.0505 0.3397 0.1914 0.1714 
     D237313  2 0.4524 0.0507 0.1548 0.1758 0.1664 
     D237322  2 0.1344 0.1747 0.1341 0.1325 0.4242 
     D237323  2 0.7336 0.0658 0.0824 0.0416 0.0766 
     D237324  2 0.0301 0.2074 0.2541 0.1109 0.3975 
     D237325  2 0.2527 0.1084 0.3032 0.1982 0.1375 
     D237326  2 0.6141 0.0578 0.0871 0.1525 0.0885 
     D237327  2 0.0372 0.3884 0.1423 0.1726 0.2595 
     D237337  2 0.7191 0.0322 0.0776 0.0617 0.1094 
     D237338  2 0.1857 0.1544 0.3033 0.1693 0.1874 
     D237339  2 0.0353 0.1892 0.0540 0.5900 0.1315 
     D237340  2 0.3368 0.3460 0.1465 0.0827 0.0880 
     D237389  2 0.4068 0.1458 0.1615 0.0875 0.1984 
     D237390  2 0.2838 0.0659 0.3269 0.1923 0.1311 
     D244017  2 0.2271 0.4519 0.0572 0.0832 0.1806 
     D244112  2 0.0310 0.8089 0.0613 0.0234 0.0754 
     D244118  2 0.0369 0.6946 0.1588 0.0501 0.0596 
     D244119  2 0.3960 0.4871 0.0322 0.0368 0.0479 
     D244120  2 0.0802 0.7121 0.0486 0.0852 0.0739 
     D244122  2 0.0696 0.6817 0.0789 0.0615 0.1083 
        D291  2 0.0414 0.3946 0.1192 0.0829 0.3619 
        D292  2 0.1277 0.5704 0.0510 0.1729 0.0781 
        D293  2 0.0229 0.5266 0.0301 0.3415 0.0789 
        D322  2 0.0375 0.3826 0.0850 0.3678 0.1272 
        D323  2 0.1356 0.1536 0.1032 0.3348 0.2728 
        D324  2 0.1431 0.2372 0.1846 0.1654 0.2697 
        D325  2 0.0162 0.8083 0.0458 0.0567 0.0729 
        D326  2 0.0559 0.0622 0.2885 0.4913 0.1020 
        D340  2 0.0208 0.8895 0.0278 0.0323 0.0296 
        D341  2 0.0546 0.7446 0.0701 0.0577 0.0731 
        D342  2 0.0443 0.5335 0.1251 0.0439 0.2532 
        D343  2 0.0123 0.9162 0.0204 0.0238 0.0273 
        D344  2 0.1299 0.0741 0.1056 0.4953 0.1951 
        D345  2 0.2361 0.0580 0.1427 0.3374 0.2258 
        D346  2 0.5622 0.1613 0.0631 0.1101 0.1032 
        D351  2 0.0538 0.1151 0.1644 0.3476 0.3191 
        D352  2 0.1271 0.1305 0.0639 0.4030 0.2754 
        D353  2 0.0284 0.0309 0.1022 0.1866 0.6519 
        D354  2 0.3047 0.0287 0.0685 0.4609 0.1372 
        D362  2 0.1533 0.0474 0.2956 0.3627 0.1410 
        D363  2 0.2136 0.0503 0.1942 0.4041 0.1378 
        D364  2 0.2450 0.0333 0.1217 0.4624 0.1376 
        D365  2 0.0217 0.8670 0.0196 0.0567 0.0350 
        D369  2 0.2740 0.3126 0.1025 0.1729 0.1380 
        D374  2 0.6825 0.0351 0.0332 0.2019 0.0473 
        D375  2 0.1180 0.0359 0.1139 0.5058 0.2263 
        D376  2 0.6702 0.0571 0.0388 0.1682 0.0657 
        D377  2 0.3346 0.1299 0.1498 0.1472 0.2385 
        D378  2 0.0397 0.2064 0.1270 0.4197 0.2072 
        D379  2 0.0833 0.0434 0.2450 0.4833 0.1450 
        D384  2 0.1322 0.0354 0.2505 0.4747 0.1072 
        D385  2 0.0414 0.8056 0.0291 0.0804 0.0435 
        D386  2 0.0427 0.0869 0.1332 0.5565 0.1807 
        D391  2 0.0218 0.7590 0.0384 0.1296 0.0511 
        D392  2 0.1147 0.6860 0.0471 0.0806 0.0715 
        D393  2 0.0520 0.1976 0.1035 0.5275 0.1194 
        D394  2 0.1090 0.0872 0.2493 0.3292 0.2253 
        D395  2 0.0375 0.3838 0.0548 0.2900 0.2338 
        D401  2 0.7543 0.0662 0.0540 0.0334 0.0921 
        D402  2 0.0267 0.8562 0.0242 0.0590 0.0339 
        D403  2 0.0469 0.0490 0.2900 0.2202 0.3940 
        D415  2 0.0377 0.0230 0.3310 0.3730 0.2353 
        D435  2 0.0415 0.2946 0.2303 0.3229 0.1107 
        D436  2 0.0911 0.0562 0.2138 0.5069 0.1320 
        D438  2 0.0303 0.8787 0.0338 0.0238 0.0333 
        D439  2 0.0544 0.0961 0.1125 0.4456 0.2913 
        D449  2 0.0343 0.4205 0.1779 0.0852 0.2821 
        D450  2 0.2703 0.0472 0.1212 0.2338 0.3275 
        D456  2 0.0311 0.0254 0.3329 0.4643 0.1462 
        D462  2 0.0188 0.7752 0.0358 0.1340 0.0362 
        D463  2 0.0535 0.0251 0.2997 0.5175 0.1042 
        D464  2 0.0538 0.0825 0.0540 0.3666 0.4430 
        D465  2 0.0570 0.4357 0.1478 0.1799 0.1796 
        D473  2 0.5713 0.0827 0.1062 0.1410 0.0989 
        D474  2 0.1560 0.2373 0.1620 0.3349 0.1098 
        D476  2 0.0222 0.1095 0.4914 0.2784 0.0985 
        D477  2 0.1926 0.0798 0.0653 0.5054 0.1570 
        D478  2 0.1404 0.0857 0.2614 0.1867 0.3259 
        D480  2 0.0906 0.2003 0.0705 0.5223 0.1163 
        D481  2 0.1803 0.1027 0.1640 0.4035 0.1496 
        D482  2 0.1776 0.1924 0.1334 0.2775 0.2191 
        D483  2 0.0483 0.8609 0.0274 0.0325 0.0309 
        D484  2 0.0890 0.1351 0.1059 0.4787 0.1913 
        D510  2 0.6760 0.1058 0.0490 0.0981 0.0710 
        D511  2 0.0411 0.0973 0.0832 0.6843 0.0940 
        D512  2 0.1825 0.2695 0.1162 0.0764 0.3554 
        D513  2 0.0873 0.5269 0.1052 0.1009 0.1797 
        D635  2 0.0510 0.0567 0.3701 0.2488 0.2733 
        D636  2 0.0666 0.0295 0.6854 0.0467 0.1718 
        D637  2 0.1613 0.3202 0.1223 0.2129 0.1832 
        D658  2 0.1498 0.5507 0.0727 0.1582 0.0687 
        D659  2 0.0640 0.0521 0.3632 0.3776 0.1431 
        D677  2 0.0747 0.1617 0.4126 0.1719 0.1790 
        D678  2 0.0465 0.6141 0.0688 0.0541 0.2164 
        D679  2 0.0902 0.1310 0.2104 0.3474 0.2210 
        D719  2 0.3826 0.2712 0.0333 0.2547 0.0582 
        D720  2 0.1898 0.0631 0.2146 0.4112 0.1213 
        D721  2 0.0434 0.0774 0.5277 0.1363 0.2152 
        D722  2 0.6270 0.0885 0.0331 0.1846 0.0668 
        D734  2 0.1729 0.2141 0.0453 0.4742 0.0935 
        D735  2 0.1968 0.0794 0.1134 0.3598 0.2506 
        D736  2 0.4165 0.2466 0.1035 0.1027 0.1307 
        D737  2 0.0685 0.6148 0.0767 0.1635 0.0764 
        D807  2 0.3661 0.1710 0.0775 0.2696 0.1158 
        D808  2 0.0856 0.2382 0.1709 0.1930 0.3123 
        D817  2 0.2430 0.0524 0.1499 0.3613 0.1935 
        D818  2 0.0324 0.3968 0.2079 0.0717 0.2912 
        D819  2 0.1983 0.0800 0.1911 0.2724 0.2581 
        D820  2 0.0484 0.0637 0.1179 0.6976 0.0723 
        D895  2 0.0888 0.0525 0.3658 0.2495 0.2434 
        D896  2 0.8541 0.0272 0.0423 0.0365 0.0399 
        D897  2 0.0534 0.5877 0.0744 0.0580 0.2265 
        D898  2 0.2696 0.1137 0.1013 0.1349 0.3806 
        D918  2 0.1330 0.1578 0.3262 0.1250 0.2579 
        D919  2 0.0331 0.1757 0.1036 0.5053 0.1824 
        D920  2 0.0754 0.0468 0.7248 0.0541 0.0989 
        D923  2 0.0500 0.0425 0.1895 0.5980 0.1200 
        D930  2 0.2525 0.0821 0.0798 0.3418 0.2439 
        D931  2 0.0820 0.2074 0.0811 0.5218 0.1077 
        D968  2 0.0182 0.8932 0.0213 0.0366 0.0308 
        D969  2 0.0749 0.4313 0.0812 0.2610 0.1516 
        D977  2 0.0345 0.7042 0.0775 0.0478 0.1361 
        D978  2 0.0536 0.4028 0.0995 0.0953 0.3488 
        D211  3 0.0333 0.0414 0.6408 0.0734 0.2111 
     D229639  3 0.1832 0.6105 0.0518 0.0627 0.0917 
     D237212  3 0.0588 0.2344 0.1830 0.2946 0.2293 
     D237213  3 0.0800 0.0814 0.2626 0.2275 0.3485 
     D237214  3 0.0346 0.0192 0.6139 0.0565 0.2759 
     D237215  3 0.0970 0.8012 0.0249 0.0308 0.0461 
     D237216  3 0.0427 0.0387 0.1484 0.0576 0.7126 
     D237217  3 0.0396 0.0510 0.4107 0.0767 0.4220 
     D237218  3 0.0752 0.2329 0.1876 0.3016 0.2026 
     D237219  3 0.3148 0.1006 0.2598 0.0532 0.2716 
     D237382  3 0.2586 0.0874 0.2144 0.2137 0.2259 
     D244127  3 0.2295 0.2186 0.1602 0.0798 0.3118 
     D244129  3 0.1460 0.1364 0.1980 0.2482 0.2714 
     D244133  3 0.2282 0.1585 0.2382 0.0737 0.3013 
     D244134  3 0.4639 0.2641 0.0784 0.0673 0.1262 
     D244135  3 0.0274 0.0533 0.7069 0.0608 0.1515 
     D244136  3 0.3209 0.1538 0.2222 0.1377 0.1654 
        D416  3 0.0815 0.2385 0.2182 0.1457 0.3161 
        D417  3 0.0567 0.0335 0.3725 0.3764 0.1609 
        D419  3 0.1898 0.1914 0.2783 0.1454 0.1951 
        D565  3 0.8083 0.0430 0.0416 0.0649 0.0421 
        D566  3 0.3495 0.4209 0.0514 0.0542 0.1240 
        D567  3 0.0735 0.0486 0.3312 0.4436 0.1031 
        D568  3 0.0475 0.1576 0.3791 0.2414 0.1744 
        D569  3 0.0664 0.1341 0.1196 0.4038 0.2760 
        D573  3 0.0408 0.7415 0.0461 0.1190 0.0527 
        D574  3 0.5130 0.1017 0.0918 0.0970 0.1965 
        D575  3 0.3554 0.0942 0.1750 0.0928 0.2825 
        D576  3 0.0410 0.8304 0.0357 0.0233 0.0696 
        D577  3 0.0754 0.0456 0.2994 0.3999 0.1796 
        D578  3 0.0212 0.0393 0.7021 0.0303 0.2071 
        D579  3 0.2836 0.1683 0.1430 0.2638 0.1413 
        D660  3 0.0432 0.4949 0.1099 0.0675 0.2845 
        D661  3 0.0354 0.5144 0.1807 0.1067 0.1629 
        D663  3 0.0328 0.6915 0.0548 0.0546 0.1663 
        D664  3 0.2116 0.2048 0.2386 0.0572 0.2877 
        D665  3 0.0342 0.0687 0.1927 0.0812 0.6231 
        D666  3 0.4333 0.0680 0.1677 0.1199 0.2111 
        D009  4 0.0698 0.0375 0.4293 0.2229 0.2405 
        D057  4 0.0278 0.2255 0.3420 0.3466 0.0581 
        D109  4 0.3345 0.0381 0.2137 0.0779 0.3358 
     D237222  4 0.1432 0.0650 0.5555 0.1077 0.1287 
     D237223  4 0.1471 0.1529 0.3830 0.0978 0.2192 
     D237224  4 0.0665 0.3887 0.0708 0.3270 0.1469 
     D237225  4 0.0926 0.0529 0.3294 0.1603 0.3649 
     D237299  4 0.0700 0.0974 0.3422 0.0442 0.4461 
     D237300  4 0.0681 0.7570 0.0550 0.0331 0.0867 
     D237306  4 0.5649 0.0755 0.1184 0.1504 0.0908 
     D237307  4 0.3226 0.1258 0.2109 0.1749 0.1658 
     D237308  4 0.1286 0.5270 0.0816 0.1701 0.0928 
     D237309  4 0.0675 0.0614 0.3912 0.1840 0.2959 
     D237317  4 0.4383 0.0547 0.1068 0.1358 0.2643 
     D237318  4 0.0305 0.8690 0.0258 0.0291 0.0456 
     D237319  4 0.1071 0.1022 0.4539 0.1046 0.2322 
     D237320  4 0.0694 0.2500 0.4501 0.1036 0.1268 
     D237321  4 0.0785 0.6721 0.0771 0.0646 0.1078 
     D237397  4 0.2550 0.2396 0.3057 0.0860 0.1136 
     D237398  4 0.0343 0.5122 0.1189 0.1322 0.2023 
     D237399  4 0.2174 0.1821 0.2402 0.2236 0.1366 
     D244001  4 0.0459 0.0750 0.7064 0.0806 0.0921 
        D289  4 0.1888 0.1918 0.1094 0.3921 0.1179 
        D290  4 0.0419 0.0747 0.2288 0.2932 0.3613 
        D294  4 0.0424 0.0522 0.2531 0.3432 0.3090 
        D295  4 0.1481 0.0739 0.2496 0.3738 0.1546 
        D301  4 0.0758 0.1275 0.6457 0.0678 0.0832 
        D302  4 0.0353 0.0267 0.0936 0.7313 0.1131 
        D303  4 0.6658 0.0883 0.0647 0.1127 0.0685 
        D304  4 0.0922 0.1210 0.1546 0.2451 0.3870 
        D305  4 0.0287 0.0797 0.0916 0.1933 0.6068 
        D306  4 0.0665 0.0404 0.1113 0.2328 0.5490 
        D307  4 0.0974 0.0504 0.7154 0.0692 0.0675 
        D327  4 0.1006 0.1046 0.2888 0.3664 0.1397 
        D328  4 0.2994 0.0804 0.1499 0.3583 0.1120 
        D329  4 0.0703 0.1790 0.2216 0.2966 0.2325 
        D330  4 0.0551 0.0620 0.3335 0.3360 0.2134 
        D331  4 0.1981 0.2015 0.1549 0.2356 0.2100 
        D333  4 0.2367 0.1212 0.2161 0.2728 0.1532 
        D334  4 0.3445 0.0626 0.2141 0.2325 0.1463 
        D335  4 0.0580 0.0600 0.0608 0.7447 0.0765 
        D370  4 0.4740 0.0689 0.0809 0.2439 0.1322 
        D371  4 0.6801 0.0621 0.0732 0.1250 0.0595 
        D372  4 0.0570 0.5139 0.0535 0.0408 0.3348 
        D373  4 0.0390 0.1165 0.6180 0.0809 0.1456 
        D455  4 0.0341 0.0571 0.7478 0.1090 0.0521 
        D490  4 0.0268 0.0159 0.8618 0.0476 0.0478 
        D497  4 0.0426 0.0396 0.7340 0.0700 0.1138 
        D498  4 0.2847 0.1917 0.1490 0.1429 0.2317 
        D499  4 0.1854 0.4591 0.0540 0.1414 0.1601 
        D514  4 0.0482 0.0608 0.2080 0.4462 0.2368 
        D515  4 0.0495 0.0565 0.6019 0.1247 0.1673 
        D516  4 0.2620 0.1213 0.2557 0.1327 0.2283 
        D517  4 0.0441 0.0752 0.6374 0.0530 0.1902 
        D518  4 0.0748 0.0646 0.3448 0.4541 0.0616 
        D519  4 0.0536 0.1349 0.5680 0.0685 0.1750 
        D560  4 0.0284 0.1143 0.5441 0.1098 0.2033 
        D561  4 0.0262 0.0623 0.3778 0.1770 0.3567 
        D562  4 0.0972 0.1206 0.2430 0.2794 0.2598 
        D563  4 0.0320 0.5074 0.0801 0.1838 0.1968 
        D572  4 0.0393 0.0513 0.1797 0.6353 0.0945 
        D629  4 0.0687 0.0574 0.4072 0.2959 0.1708 
        D630  4 0.0671 0.0808 0.4682 0.2276 0.1562 
        D631  4 0.0356 0.2214 0.1677 0.4785 0.0968 
        D632  4 0.0808 0.1940 0.4664 0.1495 0.1093 
        D646  4 0.1007 0.0936 0.4111 0.2131 0.1814 
        D647  4 0.0320 0.0893 0.2860 0.5071 0.0856 
        D648  4 0.2225 0.0746 0.1745 0.4311 0.0972 
        D649  4 0.1098 0.0381 0.2647 0.4537 0.1337 
        D650  4 0.2338 0.0668 0.2827 0.2716 0.1451 
        D708  4 0.3838 0.0634 0.1576 0.2220 0.1732 
        D709  4 0.2294 0.0580 0.1183 0.2570 0.3373 
        D738  4 0.6141 0.0405 0.1758 0.1132 0.0563 
        D739  4 0.0695 0.0607 0.4335 0.1649 0.2714 
        D740  4 0.2880 0.1340 0.0970 0.0826 0.3984 
        D741  4 0.0437 0.1918 0.3235 0.1415 0.2996 
        D742  4 0.0749 0.5514 0.1033 0.1101 0.1603 
        D743  4 0.0439 0.0742 0.1157 0.6951 0.0711 
        D744  4 0.0384 0.1016 0.0797 0.6472 0.1331 
        D745  4 0.0459 0.0527 0.6532 0.0645 0.1837 
        D814  4 0.0304 0.2452 0.2235 0.0916 0.4093 
        D815  4 0.0831 0.0553 0.0979 0.6497 0.1139 
        D828  4 0.2385 0.2427 0.1146 0.2120 0.1923 
        D845  4 0.0689 0.7749 0.0383 0.0501 0.0678 
        D846  4 0.0230 0.1612 0.2550 0.3850 0.1758 
        D847  4 0.1034 0.1312 0.3686 0.1901 0.2067 
        D848  4 0.0297 0.2627 0.5171 0.0493 0.1413 
        D849  4 0.0438 0.0424 0.5109 0.0940 0.3089 
        D850  4 0.0889 0.1575 0.3140 0.1575 0.2821 
        D856  4 0.1713 0.0490 0.1942 0.1645 0.4209 
        D857  4 0.5679 0.1187 0.1275 0.0420 0.1440 
        D859  4 0.0715 0.1484 0.1641 0.4611 0.1549 
        D860  4 0.3384 0.2369 0.0559 0.2897 0.0790 
        D883  4 0.2055 0.0571 0.3955 0.2429 0.0990 
        D884  4 0.2710 0.0407 0.3547 0.1894 0.1441 
        D885  4 0.0514 0.1732 0.1872 0.1340 0.4542 
        D886  4 0.0704 0.0898 0.3831 0.3068 0.1500 
        D887  4 0.1448 0.3113 0.1376 0.1797 0.2266 
        D889  4 0.0338 0.1979 0.1165 0.2524 0.3994 
        D890  4 0.3393 0.1147 0.1488 0.2304 0.1667 
        D891  4 0.0198 0.9051 0.0195 0.0229 0.0327 
        D899  4 0.1017 0.6204 0.0469 0.1434 0.0877 
        D900  4 0.1378 0.1036 0.2114 0.2715 0.2758 
        D970  4 0.0863 0.0996 0.1625 0.4618 0.1898 
        D971  4 0.1173 0.4880 0.0479 0.2379 0.1089 
        D979  4 0.0436 0.0592 0.0881 0.7447 0.0644 
        D093  5 0.5753 0.1118 0.1177 0.0985 0.0968 
        D154  5 0.1224 0.3785 0.1042 0.0567 0.3381 
        D168  5 0.0535 0.2930 0.2476 0.0853 0.3206 
        D189  5 0.2766 0.3411 0.1062 0.0934 0.1827 
        D190  5 0.7343 0.0899 0.0373 0.0863 0.0523 
     D237220  5 0.1410 0.0840 0.3497 0.1502 0.2751 
     D237221  5 0.3931 0.2468 0.0923 0.1616 0.1063 
     D237274  5 0.0796 0.0433 0.1306 0.6390 0.1075 
     D237275  5 0.0432 0.7642 0.0395 0.0372 0.1158 
     D237276  5 0.3490 0.0709 0.2946 0.1500 0.1355 
     D237277  5 0.5409 0.2182 0.0478 0.1024 0.0907 
     D237278  5 0.3266 0.3846 0.0825 0.0899 0.1163 
     D237279  5 0.1177 0.0661 0.1814 0.0670 0.5678 
     D237280  5 0.3909 0.0276 0.2152 0.1404 0.2260 
     D237281  5 0.0300 0.8338 0.0275 0.0490 0.0599 
     D237351  5 0.7842 0.0349 0.0652 0.0278 0.0879 
     D237352  5 0.0874 0.0692 0.3907 0.3170 0.1357 
     D237353  5 0.8466 0.0415 0.0252 0.0510 0.0358 
     D237359  5 0.0931 0.1035 0.3424 0.1235 0.3375 
     D237361  5 0.8552 0.0336 0.0270 0.0377 0.0465 
     D237362  5 0.3478 0.1154 0.1674 0.1724 0.1970 
     D237363  5 0.0756 0.1674 0.0741 0.0459 0.6370 
     D237364  5 0.0354 0.1813 0.3127 0.2102 0.2603 
     D237376  5 0.3472 0.1547 0.0963 0.2847 0.1170 
     D237377  5 0.4710 0.0590 0.0699 0.1957 0.2043 
     D237378  5 0.3287 0.2310 0.1357 0.1704 0.1342 
     D237379  5 0.2780 0.0898 0.1249 0.3069 0.2004 
     D237380  5 0.6221 0.0269 0.1109 0.1775 0.0626 
     D237381  5 0.2933 0.0960 0.2792 0.1766 0.1549 
     D237391  5 0.6909 0.0645 0.0706 0.1087 0.0653 
     D237392  5 0.0901 0.1616 0.1287 0.4338 0.1858 
     D237393  5 0.4009 0.0965 0.1288 0.2709 0.1029 
     D237394  5 0.8183 0.0274 0.0452 0.0619 0.0472 
     D237395  5 0.4241 0.1402 0.1525 0.0601 0.2232 
     D237396  5 0.2083 0.1369 0.1785 0.3263 0.1501 
     D244016  5 0.1974 0.1394 0.0535 0.2272 0.3825 
     D244018  5 0.1746 0.4423 0.1520 0.0676 0.1634 
     D244019  5 0.1585 0.1665 0.0757 0.2694 0.3299 
        D279  5 0.1352 0.3084 0.1359 0.0938 0.3266 
        D280  5 0.2084 0.1368 0.1101 0.1059 0.4387 
        D281  5 0.0606 0.7307 0.0419 0.0497 0.1170 
        D283  5 0.5867 0.0809 0.0518 0.1426 0.1380 
        D284  5 0.0725 0.0837 0.4508 0.0847 0.3083 
        D285  5 0.3959 0.1078 0.1149 0.1688 0.2126 
        D286  5 0.1867 0.0983 0.2429 0.2520 0.2202 
        D287  5 0.3287 0.0812 0.1723 0.2359 0.1818 
        D288  5 0.2390 0.2244 0.0811 0.1593 0.2963 
        D308  5 0.7094 0.0338 0.0585 0.0673 0.1310 
        D309  5 0.0337 0.0264 0.0499 0.7829 0.1072 
        D310  5 0.6367 0.0357 0.0273 0.0444 0.2560 
        D311  5 0.2397 0.0829 0.1537 0.2677 0.2561 
        D312  5 0.2953 0.0842 0.1431 0.3001 0.1774 
        D313  5 0.5261 0.0186 0.3865 0.0182 0.0505 
        D314  5 0.1663 0.2322 0.1934 0.1014 0.3068 
        D315  5 0.4227 0.0804 0.1390 0.1826 0.1752 
        D317  5 0.7037 0.0486 0.0996 0.0803 0.0678 
        D318  5 0.0788 0.1292 0.2064 0.2176 0.3680 
        D319  5 0.8559 0.0394 0.0246 0.0352 0.0449 
        D320  5 0.6647 0.0624 0.0691 0.1170 0.0867 
        D321  5 0.7804 0.0618 0.0483 0.0362 0.0733 
        D336  5 0.5253 0.0424 0.0555 0.2425 0.1343 
        D337  5 0.7705 0.0863 0.0246 0.0602 0.0584 
        D338  5 0.2029 0.1340 0.1649 0.2057 0.2924 
        D339  5 0.7087 0.0783 0.0571 0.0580 0.0979 
        D347  5 0.1117 0.1818 0.0760 0.4175 0.2131 
        D348  5 0.6960 0.0443 0.0314 0.1571 0.0713 
        D349  5 0.8716 0.0272 0.0228 0.0309 0.0474 
        D350  5 0.0327 0.0430 0.0775 0.7237 0.1231 
        D355  5 0.0449 0.3725 0.0496 0.1840 0.3490 
        D356  5 0.3605 0.0580 0.1851 0.2529 0.1436 
        D357  5 0.2733 0.0939 0.0981 0.1416 0.3930 
        D358  5 0.4152 0.0968 0.0801 0.2518 0.1561 
        D359  5 0.6348 0.0328 0.0406 0.2040 0.0878 
        D360  5 0.4038 0.0537 0.2130 0.1974 0.1321 
        D361  5 0.8283 0.0363 0.0366 0.0348 0.0640 
        D366  5 0.0468 0.2735 0.2694 0.2740 0.1363 
        D367  5 0.6611 0.0401 0.0676 0.0826 0.1486 
        D368  5 0.6189 0.0439 0.0491 0.0788 0.2093 
        D380  5 0.0695 0.0920 0.0910 0.4265 0.3210 
        D381  5 0.6053 0.0796 0.0453 0.0926 0.1771 
        D400  5 0.1872 0.2360 0.1548 0.2550 0.1670 
        D411  5 0.0289 0.0514 0.7454 0.0349 0.1395 
        D412  5 0.1940 0.1739 0.1005 0.1405 0.3910 
        D413  5 0.0379 0.6346 0.1085 0.1075 0.1116 
        D414  5 0.0374 0.2710 0.0938 0.4494 0.1484 
        D420  5 0.0788 0.1527 0.2703 0.0573 0.4409 
        D431  5 0.1668 0.2727 0.1163 0.0868 0.3574 
        D432  5 0.4360 0.1713 0.1022 0.1192 0.1714 
        D433  5 0.7151 0.1156 0.0444 0.0692 0.0558 
        D434  5 0.5602 0.0593 0.0901 0.1691 0.1213 
        D440  5 0.0418 0.0326 0.0762 0.7084 0.1411 
        D447  5 0.0455 0.0634 0.3123 0.2734 0.3053 
        D448  5 0.4120 0.1343 0.0897 0.1977 0.1663 
        D459  5 0.0290 0.7191 0.0389 0.1282 0.0847 
        D460  5 0.8544 0.0343 0.0266 0.0409 0.0438 
        D461  5 0.0326 0.0200 0.0473 0.8444 0.0557 
        D468  5 0.4024 0.0884 0.1717 0.1235 0.2139 
        D469  5 0.1698 0.0736 0.2640 0.3179 0.1746 
        D470  5 0.0913 0.0595 0.4619 0.1458 0.2415 
        D471  5 0.5039 0.1747 0.0503 0.1592 0.1120 
        D472  5 0.0411 0.2907 0.1690 0.3980 0.1013 
        D479  5 0.0394 0.7002 0.0511 0.1404 0.0689 
        D485  5 0.1148 0.1260 0.1528 0.3914 0.2150 
        D486  5 0.1798 0.0567 0.3326 0.1588 0.2720 
        D487  5 0.1644 0.4489 0.0753 0.1398 0.1717 
        D555  5 0.6741 0.1373 0.0465 0.0849 0.0572 
        D556  5 0.2758 0.2075 0.1058 0.1631 0.2478 
        D557  5 0.7118 0.0865 0.0300 0.1145 0.0572 
        D564  5 0.4879 0.0566 0.0708 0.2572 0.1274 
        D594  5 0.1370 0.1122 0.1370 0.2750 0.3388 
        D595  5 0.3661 0.1740 0.1220 0.1867 0.1512 
        D596  5 0.8059 0.0603 0.0253 0.0591 0.0494 
        D597  5 0.2396 0.2988 0.0644 0.2699 0.1273 
        D598  5 0.4079 0.1053 0.1685 0.1947 0.1236 
        D617  5 0.0337 0.1743 0.5467 0.0439 0.2015 
        D618  5 0.5189 0.1606 0.0955 0.1452 0.0797 
        D619  5 0.6352 0.0586 0.0401 0.1823 0.0838 
        D620  5 0.0369 0.8337 0.0401 0.0535 0.0359 
        D628  5 0.1429 0.0717 0.1682 0.4600 0.1572 
        D714  5 0.1879 0.3393 0.0725 0.2103 0.1900 
        D715  5 0.5886 0.1366 0.0492 0.1494 0.0762 
        D716  5 0.0842 0.2141 0.1558 0.2876 0.2582 
        D717  5 0.2191 0.0838 0.1255 0.4513 0.1204 
        D718  5 0.1692 0.1302 0.2117 0.0953 0.3935 
        D769  5 0.0336 0.1175 0.6060 0.0715 0.1713 
        D770  5 0.1221 0.3918 0.0726 0.2074 0.2062 
        D771  5 0.1213 0.3562 0.1215 0.1116 0.2893 
        D772  5 0.2655 0.0779 0.1362 0.3953 0.1251 
        D782  5 0.1057 0.2559 0.1081 0.0407 0.4896 
        D783  5 0.0780 0.4799 0.0513 0.2133 0.1775 
        D784  5 0.1190 0.0835 0.1031 0.5415 0.1529 
        D785  5 0.7573 0.0367 0.0542 0.1036 0.0482 
        D786  5 0.0471 0.0743 0.4743 0.2948 0.1096 
        D821  5 0.8632 0.0294 0.0245 0.0515 0.0315 
        D822  5 0.2345 0.0912 0.0707 0.4098 0.1939 
        D826  5 0.3798 0.2874 0.0594 0.1295 0.1439 
        D827  5 0.0523 0.0982 0.2882 0.2586 0.3027 
        D851  5 0.2496 0.1116 0.0874 0.1762 0.3752 
        D852  5 0.2033 0.3248 0.1097 0.2327 0.1295 
        D853  5 0.3442 0.1522 0.1300 0.1705 0.2032 
        D854  5 0.0670 0.2430 0.1304 0.1561 0.4035 
        D861  5 0.2912 0.1976 0.1060 0.0830 0.3222 
        D862  5 0.4201 0.0499 0.1150 0.2506 0.1644 
        D865  5 0.7308 0.0983 0.0351 0.0674 0.0684 
        D868  5 0.1569 0.0651 0.2308 0.4328 0.1143 
        D869  5 0.0598 0.0329 0.7511 0.0407 0.1154 
        D870  5 0.0233 0.0470 0.3489 0.0675 0.5132 
        D907  5 0.6908 0.0410 0.0581 0.0489 0.1612 
        D908  5 0.2557 0.5153 0.0447 0.0880 0.0962 
        D910  5 0.3514 0.3300 0.0714 0.1413 0.1060 
        D911  5 0.0443 0.4897 0.0486 0.0954 0.3219 
        D934  5 0.0794 0.4323 0.0746 0.1939 0.2198 
        D946  5 0.1189 0.3287 0.1206 0.2057 0.2261 
        D947  5 0.0785 0.0895 0.2275 0.3120 0.2925 
        D948  5 0.8904 0.0258 0.0221 0.0294 0.0323 
        D949  5 0.8801 0.0191 0.0334 0.0303 0.0371 
        D950  5 0.0645 0.5534 0.0361 0.0892 0.2569 
        D951  5 0.0638 0.0452 0.0771 0.4622 0.3518 
        D952  5 0.2362 0.0887 0.1169 0.4555 0.1028 
        D953  5 0.6055 0.0919 0.0667 0.1535 0.0824 
        D954  5 0.5100 0.0479 0.0491 0.2772 0.1158 
        D961  5 0.2547 0.1115 0.1813 0.2228 0.2296 
        D962  5 0.4364 0.0287 0.0607 0.4027 0.0714 
        D963  5 0.1889 0.1091 0.0910 0.5073 0.1036 
        D964  5 0.1143 0.1739 0.2631 0.1523 0.2964 
        D965  5 0.0887 0.1793 0.1801 0.3776 0.1743 
        D966  5 0.2279 0.1962 0.1307 0.2705 0.1748 
        D967  5 0.3829 0.3236 0.0533 0.1144 0.1258 
        D991  5 0.1677 0.0482 0.3064 0.3700 0.1077 
        D502  6 0.0252 0.1631 0.1114 0.1101 0.5902 
        D503  6 0.1070 0.3408 0.1782 0.0446 0.3295 
        D504  6 0.1661 0.1241 0.1846 0.3877 0.1375 
        D505  6 0.2813 0.1447 0.1710 0.1635 0.2395 
        D506  6 0.7912 0.0324 0.0379 0.0442 0.0942 
        D507  6 0.0715 0.2327 0.1652 0.2869 0.2437 
        D508  6 0.0610 0.1463 0.1270 0.3256 0.3401 
        D529  6 0.1305 0.0801 0.3523 0.1046 0.3325 
        D530  6 0.2872 0.1262 0.1277 0.1958 0.2631 
        D531  6 0.1463 0.1344 0.2190 0.2831 0.2171 
        D532  6 0.2905 0.1096 0.1243 0.2738 0.2017 
        D534  6 0.0608 0.0731 0.6231 0.1133 0.1298 
        D535  6 0.3925 0.0500 0.1204 0.1962 0.2410 
        D536  6 0.0338 0.6119 0.1168 0.0462 0.1914 
        D554  6 0.2993 0.0745 0.1858 0.1988 0.2416 
        D587  6 0.5930 0.0925 0.0772 0.1389 0.0985 
        D588  6 0.4913 0.0739 0.0651 0.1506 0.2191 
        D589  6 0.1778 0.3040 0.0750 0.0760 0.3671 
        D590  6 0.0467 0.7080 0.0654 0.0565 0.1234 
        D591  6 0.1439 0.1804 0.1766 0.0639 0.4352 
        D592  6 0.1445 0.1027 0.4989 0.0708 0.1831 
        D593  6 0.3024 0.1073 0.1124 0.2576 0.2203 
        D682  6 0.7763 0.0503 0.0448 0.0510 0.0776 
        D683  6 0.3021 0.0394 0.1316 0.2926 0.2344 
        D684  6 0.0309 0.2138 0.2452 0.0763 0.4339 
        D685  6 0.0507 0.0736 0.0669 0.0306 0.7782 
        D686  6 0.5076 0.0571 0.0462 0.2072 0.1819 
        D724  6 0.0535 0.1355 0.2626 0.2818 0.2666 
        D725  6 0.1240 0.2518 0.1569 0.2616 0.2058 
        D726  6 0.7554 0.0362 0.0600 0.0864 0.0620 
        D727  6 0.0720 0.4078 0.1787 0.1195 0.2220 
        D728  6 0.6903 0.0383 0.0548 0.1067 0.1099 
        D729  6 0.0897 0.1867 0.2841 0.1278 0.3118 
        D730  6 0.0700 0.1912 0.2874 0.2458 0.2057 
        D731  6 0.5263 0.3715 0.0262 0.0332 0.0428 
        D732  6 0.0638 0.0742 0.1887 0.5590 0.1144 
        D733  6 0.1236 0.0664 0.2399 0.4201 0.1501 
     D237251  7 0.0741 0.4943 0.1448 0.1538 0.1331 
     D237252  7 0.0694 0.2268 0.3592 0.0896 0.2551 
     D237253  7 0.1235 0.4533 0.1159 0.0734 0.2339 
     D237254  7 0.0208 0.0270 0.7712 0.0266 0.1544 
     D237255  7 0.0435 0.7236 0.0599 0.0498 0.1232 
     D237256  7 0.0498 0.3902 0.0609 0.1096 0.3895 
     D237257  7 0.0490 0.1091 0.2275 0.0797 0.5347 
     D237282  7 0.0433 0.1174 0.2704 0.4664 0.1024 
     D237283  7 0.0663 0.0398 0.1648 0.0235 0.7056 
     D237284  7 0.0366 0.0283 0.7847 0.0613 0.0891 
     D237285  7 0.1611 0.1893 0.1472 0.2663 0.2361 
     D237286  7 0.2293 0.1746 0.0848 0.2792 0.2321 
     D237287  7 0.0910 0.4082 0.1119 0.1469 0.2421 
     D244006  7 0.0261 0.0328 0.6853 0.0526 0.2033 
     D244007  7 0.0557 0.4464 0.1288 0.2034 0.1657 
     D244008  7 0.1202 0.0334 0.1883 0.0304 0.6276 
     D244009  7 0.1542 0.0419 0.4688 0.1662 0.1689 
     D244010  7 0.0669 0.1051 0.2409 0.0651 0.5220 
     D244011  7 0.2228 0.1478 0.1173 0.2261 0.2861 
     D244012  7 0.0632 0.2424 0.1140 0.1272 0.4532 
     D244013  7 0.1447 0.3375 0.0796 0.3254 0.1128 
     D244014  7 0.0991 0.2669 0.1627 0.1623 0.3090 
     D244015  7 0.0588 0.0774 0.3497 0.1085 0.4056 
     D244125  7 0.3721 0.2552 0.0502 0.1768 0.1458 
     D244126  7 0.0272 0.0296 0.3089 0.0431 0.5912 
     D244130  7 0.2212 0.1295 0.0787 0.1684 0.4022 
     D244131  7 0.3374 0.0918 0.1249 0.3223 0.1235 
     D244132  7 0.4033 0.0334 0.0494 0.4519 0.0620 
        D520  7 0.1834 0.0437 0.1731 0.0634 0.5364 
        D521  7 0.1261 0.1422 0.1871 0.3244 0.2202 
        D522  7 0.1807 0.0716 0.3565 0.2411 0.1500 
        D523  7 0.0887 0.5726 0.0811 0.0799 0.1777 
        D524  7 0.1655 0.3288 0.1895 0.1698 0.1464 
        D525  7 0.0648 0.2841 0.3954 0.0741 0.1816 
        D526  7 0.0289 0.0314 0.7379 0.0490 0.1528 
        D527  7 0.1444 0.0790 0.2520 0.2824 0.2422 
        D528  7 0.0177 0.0121 0.0246 0.0168 0.9288 
        D558  7 0.0313 0.0603 0.1116 0.6916 0.1051 
        D559  7 0.0304 0.0882 0.0945 0.6334 0.1535 
        D640  7 0.3513 0.1586 0.0954 0.2336 0.1611 
        D641  7 0.3037 0.2551 0.0903 0.0886 0.2623 
        D642  7 0.1084 0.2093 0.3384 0.1313 0.2125 
        D644  7 0.2668 0.1297 0.2678 0.1838 0.1519 
        D645  7 0.1948 0.2749 0.2544 0.0942 0.1817 
        D662  7 0.7811 0.0267 0.0541 0.0812 0.0568 
        D687  7 0.1102 0.1327 0.1351 0.2437 0.3783 
        D688  7 0.0379 0.1197 0.2842 0.3591 0.1990 
        D689  7 0.3576 0.1315 0.1124 0.1505 0.2479 
        D700  7 0.0206 0.0186 0.0194 0.0194 0.9220 
        D797  7 0.1969 0.1119 0.2338 0.2142 0.2431 
        D798  7 0.4566 0.0478 0.0703 0.0990 0.3262 
        D799  7 0.0793 0.3689 0.1108 0.1034 0.3376 
        D800  7 0.0657 0.0880 0.2648 0.3015 0.2801 
        D132  8 0.0359 0.0279 0.8404 0.0480 0.0478 
        D133  8 0.0204 0.8102 0.0694 0.0296 0.0704 
        D200  8 0.0317 0.1159 0.2142 0.2476 0.3906 
        D500  8 0.0393 0.0211 0.8681 0.0367 0.0349 
        D614  8 0.3892 0.0623 0.2263 0.1899 0.1324 
        D723  8 0.1238 0.1451 0.3579 0.2265 0.1467 
        D888  8 0.0465 0.6784 0.0549 0.0910 0.1291 
        D901  8 0.0889 0.0965 0.4338 0.0607 0.3200 
        D902  8 0.6381 0.0726 0.0665 0.1252 0.0975 
        D903  8 0.0925 0.0647 0.0958 0.5787 0.1683 
        D904  8 0.0831 0.0634 0.2594 0.4492 0.1449 
        D905  8 0.0698 0.7403 0.0515 0.0544 0.0841 
        D906  8 0.0365 0.4027 0.1374 0.1331 0.2903 
        D937  8 0.8052 0.0734 0.0254 0.0278 0.0681 
        D943  8 0.0359 0.0858 0.3374 0.1267 0.4143 
        D972  8 0.0730 0.0811 0.5497 0.1398 0.1564 
        D973  8 0.1397 0.0530 0.2743 0.4294 0.1037 
        D974  8 0.1682 0.1817 0.2090 0.2195 0.2216 
        D975  8 0.0662 0.1077 0.1901 0.2608 0.3752 
        D976  8 0.1562 0.1413 0.1373 0.1087 0.4565 
        D201  9 0.0504 0.1993 0.3136 0.1508 0.2859 
        D202  9 0.1023 0.2355 0.1020 0.1492 0.4110 
     D237259  9 0.0307 0.0692 0.0755 0.1138 0.7108 
     D237260  9 0.0491 0.4674 0.1586 0.0460 0.2789 
     D237262  9 0.0937 0.0532 0.3978 0.0411 0.4142 
     D237263  9 0.0880 0.3040 0.2738 0.0901 0.2442 
     D237264  9 0.1987 0.1973 0.2403 0.1147 0.2489 
     D237265  9 0.0616 0.5490 0.0797 0.0383 0.2715 
     D237266  9 0.1556 0.6313 0.0557 0.0532 0.1043 
     D237267  9 0.0658 0.0405 0.0830 0.0564 0.7543 
     D237268  9 0.0764 0.0480 0.4768 0.1274 0.2714 
     D237289  9 0.2091 0.4355 0.1161 0.0746 0.1648 
     D237290  9 0.0268 0.8443 0.0407 0.0304 0.0578 
     D237291  9 0.0986 0.6173 0.0774 0.0629 0.1438 
     D237292  9 0.0324 0.4222 0.2274 0.0429 0.2750 
     D237293  9 0.3342 0.0973 0.1733 0.1224 0.2728 
     D237294  9 0.0827 0.1342 0.4554 0.0709 0.2568 
     D237295  9 0.1483 0.0524 0.3620 0.2654 0.1720 
     D237296  9 0.1140 0.1686 0.2200 0.0852 0.4122 
     D237297  9 0.3473 0.0751 0.1040 0.3383 0.1352 
     D237298  9 0.0598 0.1642 0.2749 0.3332 0.1678 
     D237341  9 0.0807 0.2998 0.0838 0.1777 0.3578 
     D237342  9 0.1445 0.1148 0.1892 0.1118 0.4397 
     D237343  9 0.1094 0.3494 0.1754 0.1379 0.2279 
     D237344  9 0.2460 0.2793 0.1402 0.1192 0.2153 
     D237345  9 0.0222 0.0780 0.6914 0.0680 0.1404 
     D237346  9 0.2221 0.4912 0.0632 0.0521 0.1714 
     D237347  9 0.5040 0.1611 0.0668 0.1528 0.1153 
     D237348  9 0.1949 0.2221 0.2286 0.1583 0.1962 
     D237349  9 0.1016 0.4839 0.0823 0.1966 0.1356 
     D244109  9 0.0219 0.5386 0.1725 0.0843 0.1826 
     D244110  9 0.0282 0.7581 0.0618 0.0488 0.1032 
     D244111  9 0.1148 0.2621 0.1086 0.2693 0.2453 
     D244128  9 0.0403 0.0796 0.3200 0.0696 0.4905 
     D244137  9 0.1136 0.1072 0.1935 0.4585 0.1272 
     D244138  9 0.1376 0.3454 0.0878 0.1178 0.3114 
        D580  9 0.1027 0.0324 0.3880 0.1429 0.3340 
        D581  9 0.0356 0.7109 0.0690 0.0439 0.1406 
        D582  9 0.0447 0.0342 0.5512 0.0371 0.3328 
        D583  9 0.0352 0.8116 0.0662 0.0382 0.0488 
        D584  9 0.5653 0.0716 0.0870 0.0603 0.2158 
        D585  9 0.0331 0.1733 0.3869 0.0580 0.3488 
        D586  9 0.1091 0.6985 0.0383 0.0466 0.1076 
        D651  9 0.2787 0.1624 0.1515 0.2653 0.1422 
        D652  9 0.1691 0.1862 0.1076 0.2991 0.2381 
        D653  9 0.0868 0.3556 0.0569 0.2321 0.2686 
        D654  9 0.0704 0.2803 0.1844 0.3352 0.1296 
        D655  9 0.2572 0.3133 0.0674 0.1065 0.2555 
        D656  9 0.0421 0.0455 0.5769 0.0878 0.2476 
        D657  9 0.0867 0.1342 0.2741 0.2672 0.2377 
        D667  9 0.4436 0.1970 0.0796 0.0460 0.2338 
        D668  9 0.3353 0.1884 0.1013 0.0831 0.2919 
        D669  9 0.0557 0.2747 0.2102 0.1096 0.3498 
        D670  9 0.0896 0.0412 0.3406 0.2127 0.3159 
        D671  9 0.0568 0.5109 0.1129 0.1226 0.1967 
        D672  9 0.0544 0.1019 0.4652 0.0580 0.3205 
        D673  9 0.2626 0.0685 0.1882 0.1714 0.3094 
        D692  9 0.0398 0.2620 0.3916 0.0535 0.2531 
        D693  9 0.2844 0.0947 0.2273 0.1197 0.2738 
        D694  9 0.0709 0.0578 0.3922 0.0627 0.4163 
        D695  9 0.2813 0.0650 0.2487 0.1658 0.2392 
        D696  9 0.8172 0.0454 0.0319 0.0702 0.0353 
        D697  9 0.4357 0.1736 0.1014 0.0957 0.1937 
        D698  9 0.3015 0.4028 0.0680 0.0622 0.1656 
        D699  9 0.5203 0.1106 0.0836 0.0883 0.1971 
        D787  9 0.2054 0.2936 0.1157 0.2234 0.1619 
        D788  9 0.5048 0.0363 0.0904 0.1215 0.2470 
        D789  9 0.1714 0.1791 0.2122 0.0764 0.3609 
        D790  9 0.4646 0.2390 0.0761 0.0965 0.1237 
        D791  9 0.0775 0.4690 0.0845 0.2153 0.1538 
        D792  9 0.0703 0.1814 0.3885 0.2554 0.1044 
        D793  9 0.6236 0.0953 0.0744 0.1151 0.0915 
        D794  9 0.2384 0.1963 0.2333 0.2041 0.1279 
        D795  9 0.1738 0.0949 0.2087 0.0437 0.4789 
        D796  9 0.1340 0.3901 0.0816 0.0397 0.3545 
        D142 10 0.1662 0.1995 0.1001 0.2745 0.2597 
        D143 10 0.0736 0.7431 0.0722 0.0654 0.0458 
        D144 10 0.2105 0.0772 0.2222 0.1929 0.2972 
        D145 10 0.0443 0.5068 0.1363 0.1451 0.1675 
        D146 10 0.0946 0.0372 0.4121 0.1217 0.3344 
        D147 10 0.0441 0.0648 0.0980 0.1390 0.6541 
        D148 10 0.1112 0.0902 0.2249 0.2551 0.3186 
        D149 10 0.0511 0.5428 0.1028 0.0737 0.2296 
        D151 10 0.0984 0.1865 0.1629 0.0484 0.5038 
        D152 10 0.0217 0.8749 0.0273 0.0276 0.0485 
        D153 10 0.2160 0.0508 0.1689 0.4210 0.1434 
        D156 10 0.0349 0.0503 0.0492 0.7661 0.0996 
        D157 10 0.5416 0.0910 0.0984 0.1233 0.1457 
        D158 10 0.1442 0.1744 0.2622 0.0750 0.3442 
        D159 10 0.0397 0.8304 0.0417 0.0470 0.0411 
        D160 10 0.2566 0.6185 0.0324 0.0249 0.0676 
        D161 10 0.1209 0.1544 0.2595 0.2542 0.2110 
        D162 10 0.0540 0.1079 0.0428 0.7048 0.0904 
        D169 10 0.0633 0.1035 0.5909 0.0713 0.1710 
        D170 10 0.0623 0.0416 0.6541 0.1638 0.0782 
        D171 10 0.1553 0.0503 0.2330 0.3781 0.1833 
        D172 10 0.0589 0.1031 0.2451 0.4875 0.1054 
