        D174  1 0.0634 0.0679 0.0307 0.0200 0.0606 0.1604 0.0781 0.4933 0.0258 
        D199  1 0.1940 0.1278 0.1496 0.0389 0.1019 0.0443 0.0411 0.1678 0.1346 
        D203  1 0.2536 0.1200 0.1626 0.0360 0.0607 0.1201 0.0856 0.0649 0.0965 
        D204  1 0.7622 0.0289 0.0244 0.0736 0.0185 0.0294 0.0250 0.0186 0.0194 
     D237366  1 0.0660 0.0535 0.0392 0.1349 0.4741 0.1037 0.0211 0.0593 0.0483 
     D237367  1 0.1981 0.1017 0.0699 0.0500 0.3594 0.1104 0.0483 0.0328 0.0294 
     D237368  1 0.1766 0.0998 0.0798 0.0505 0.3765 0.0341 0.0541 0.1018 0.0268 
     D244101  1 0.2158 0.0970 0.1098 0.3704 0.0269 0.0268 0.0288 0.0175 0.1070 
     D244102  1 0.0778 0.1208 0.0637 0.1019 0.0784 0.2269 0.1945 0.0598 0.0762 
     D244103  1 0.1048 0.1712 0.0431 0.0517 0.2768 0.2022 0.0342 0.0489 0.0671 
     D244104  1 0.6089 0.0359 0.0393 0.0265 0.0461 0.0254 0.0619 0.0947 0.0612 
     D244105  1 0.0795 0.1858 0.0279 0.0271 0.3305 0.1692 0.1122 0.0189 0.0489 
     D244106  1 0.0737 0.0843 0.0690 0.0264 0.0264 0.1083 0.0296 0.5089 0.0734 
     D244107  1 0.0353 0.1192 0.1100 0.0565 0.4432 0.0218 0.1760 0.0158 0.0221 
     D244108  1 0.0567 0.0740 0.0437 0.0295 0.0328 0.0678 0.3909 0.2653 0.0393 
     D244113  1 0.0164 0.0599 0.0503 0.0985 0.0287 0.0770 0.0392 0.6017 0.0284 
     D244114  1 0.0629 0.2575 0.0716 0.0461 0.0555 0.2339 0.0471 0.0847 0.1407 
     D244115  1 0.1657 0.1963 0.0293 0.0344 0.0639 0.0589 0.1817 0.2279 0.0420 
     D267365  1 0.4014 0.0637 0.0369 0.0358 0.0639 0.0445 0.0386 0.1499 0.1652 
        D404  1 0.0218 0.0519 0.0499 0.1362 0.0193 0.1876 0.0831 0.4248 0.0254 
        D405  1 0.1053 0.1085 0.1162 0.0929 0.0505 0.1998 0.1405 0.1313 0.0550 
        D406  1 0.1037 0.0303 0.0193 0.0480 0.6200 0.0316 0.0654 0.0533 0.0285 
        D407  1 0.3439 0.0769 0.0558 0.0192 0.4019 0.0283 0.0214 0.0320 0.0205 
        D408  1 0.0464 0.0563 0.0191 0.0348 0.0276 0.0561 0.0658 0.5052 0.1887 
        D409  1 0.0709 0.2249 0.0498 0.0310 0.1574 0.1937 0.0552 0.0787 0.1384 
        D410  1 0.0549 0.0322 0.0146 0.0311 0.0231 0.0285 0.7753 0.0241 0.0162 
        D421  1 0.8400 0.0163 0.0387 0.0114 0.0324 0.0108 0.0111 0.0252 0.0143 
        D422  1 0.0446 0.0469 0.0237 0.0162 0.7883 0.0237 0.0203 0.0137 0.0226 
        D423  1 0.0664 0.0669 0.0612 0.0224 0.1350 0.0264 0.5844 0.0179 0.0192 
        D424  1 0.6085 0.1119 0.0157 0.0256 0.1205 0.0313 0.0251 0.0444 0.0170 
        D425  1 0.3228 0.1949 0.0344 0.0321 0.0493 0.0800 0.1247 0.0927 0.0692 
        D426  1 0.0472 0.2963 0.0359 0.0205 0.2077 0.1241 0.0166 0.0460 0.2057 
        D427  1 0.3296 0.0322 0.3969 0.0151 0.0275 0.0198 0.0188 0.1293 0.0309 
        D428  1 0.1726 0.1560 0.0533 0.0817 0.1360 0.0538 0.1046 0.2038 0.0383 
        D429  1 0.3354 0.1039 0.0313 0.0343 0.0489 0.0948 0.0435 0.2467 0.0612 
        D430  1 0.0704 0.2358 0.1022 0.0319 0.0563 0.1755 0.0448 0.1358 0.1473 
        D491  1 0.0693 0.0551 0.0171 0.0243 0.0287 0.0430 0.0705 0.6439 0.0479 
        D492  1 0.2255 0.1708 0.0706 0.0545 0.1783 0.0694 0.0436 0.1620 0.0252 
        D537  1 0.4569 0.0813 0.0447 0.0607 0.1773 0.0634 0.0608 0.0368 0.0181 
        D538  1 0.0588 0.1802 0.0973 0.0703 0.0906 0.2003 0.1533 0.1117 0.0375 
        D539  1 0.0416 0.0940 0.0528 0.0671 0.0603 0.1922 0.0857 0.0884 0.3179 
        D540  1 0.2435 0.2746 0.0288 0.0279 0.0934 0.0868 0.1175 0.0449 0.0826 
        D541  1 0.8591 0.0184 0.0191 0.0151 0.0224 0.0136 0.0196 0.0156 0.0171 
        D551  1 0.0422 0.3443 0.1442 0.0239 0.1450 0.0936 0.0257 0.0366 0.1445 
        D552  1 0.1395 0.1003 0.0332 0.0774 0.0825 0.0497 0.2558 0.2002 0.0615 
        D553  1 0.8563 0.0212 0.0125 0.0166 0.0186 0.0145 0.0205 0.0188 0.0211 
        D615  1 0.4035 0.0988 0.0702 0.0309 0.0497 0.0867 0.1235 0.0671 0.0696 
        D616  1 0.2480 0.1945 0.1261 0.0207 0.1272 0.0577 0.0943 0.0623 0.0691 
        D621  1 0.0190 0.0636 0.0260 0.2930 0.2624 0.0304 0.1720 0.0991 0.0346 
        D622  1 0.0441 0.0695 0.0318 0.0686 0.4992 0.0506 0.1593 0.0413 0.0355 
        D623  1 0.0277 0.0797 0.1683 0.2024 0.0258 0.0670 0.1021 0.2776 0.0494 
        D624  1 0.0434 0.0613 0.0176 0.0146 0.0278 0.0325 0.0276 0.7450 0.0302 
        D625  1 0.6294 0.0534 0.0221 0.0549 0.0497 0.0512 0.0499 0.0594 0.0299 
        D626  1 0.0638 0.0879 0.0393 0.0273 0.1274 0.1165 0.1730 0.2962 0.0686 
        D627  1 0.0966 0.2991 0.0208 0.0267 0.1005 0.1354 0.0190 0.0398 0.2622 
        D690  1 0.7556 0.0246 0.0126 0.0224 0.0409 0.0220 0.0445 0.0619 0.0155 
        D691  1 0.0827 0.0273 0.0199 0.0257 0.6652 0.0753 0.0391 0.0288 0.0360 
        D710  1 0.2170 0.1251 0.0590 0.1338 0.1342 0.0407 0.1083 0.1396 0.0423 
        D711  1 0.7087 0.0405 0.0278 0.0388 0.0503 0.0376 0.0352 0.0383 0.0228 
        D712  1 0.0311 0.0528 0.0524 0.0428 0.0529 0.0638 0.0498 0.5661 0.0882 
        D713  1 0.1374 0.1121 0.0244 0.1818 0.1232 0.1020 0.0636 0.2294 0.0263 
        D746  1 0.0696 0.0292 0.0287 0.0250 0.7268 0.0329 0.0331 0.0314 0.0231 
        D747  1 0.8534 0.0190 0.0236 0.0205 0.0194 0.0150 0.0141 0.0196 0.0153 
        D748  1 0.2553 0.0479 0.0205 0.0617 0.2544 0.2029 0.0851 0.0414 0.0308 
        D749  1 0.0235 0.2116 0.0615 0.1058 0.2983 0.0553 0.0757 0.1284 0.0398 
        D750  1 0.1488 0.0397 0.0262 0.0413 0.0391 0.0343 0.0599 0.5816 0.0292 
        D763  1 0.0955 0.1178 0.0965 0.1695 0.1621 0.0786 0.0508 0.0242 0.2050 
        D764  1 0.4879 0.0512 0.0167 0.0235 0.0751 0.0229 0.0731 0.2199 0.0298 
        D765  1 0.0299 0.0742 0.0160 0.0187 0.0677 0.0667 0.5794 0.1008 0.0466 
        D766  1 0.0919 0.0743 0.0227 0.1087 0.1693 0.0607 0.4144 0.0363 0.0217 
        D767  1 0.0868 0.0924 0.1091 0.2154 0.1026 0.2370 0.0888 0.0347 0.0331 
        D768  1 0.8448 0.0243 0.0171 0.0162 0.0260 0.0178 0.0184 0.0157 0.0196 
        D811  1 0.0275 0.0906 0.0292 0.0305 0.0242 0.2341 0.3396 0.1688 0.0554 
        D816  1 0.8271 0.0270 0.0139 0.0239 0.0229 0.0203 0.0198 0.0293 0.0159 
        D825  1 0.0850 0.1092 0.0197 0.0254 0.0375 0.1043 0.3878 0.1979 0.0334 
        D866  1 0.0691 0.1070 0.1418 0.0216 0.0274 0.0755 0.0837 0.1422 0.3317 
        D867  1 0.0205 0.0569 0.0464 0.0784 0.6985 0.0269 0.0288 0.0246 0.0189 
        D871  1 0.0558 0.1938 0.0235 0.0471 0.1303 0.2492 0.0280 0.1143 0.1580 
        D872  1 0.2507 0.0869 0.0674 0.0461 0.0917 0.1557 0.2189 0.0564 0.0261 
        D873  1 0.0092 0.0252 0.0274 0.0468 0.0291 0.0238 0.8062 0.0213 0.0109 
        D874  1 0.0933 0.0408 0.0255 0.6139 0.0196 0.0338 0.0171 0.1219 0.0340 
        D875  1 0.0325 0.2279 0.0202 0.0282 0.2249 0.2784 0.0625 0.0360 0.0895 
        D876  1 0.4901 0.0873 0.0262 0.0754 0.0631 0.0359 0.0587 0.1017 0.0615 
        D877  1 0.0409 0.1059 0.0326 0.1451 0.0188 0.2581 0.0506 0.3221 0.0257 
        D892  1 0.3332 0.0816 0.0203 0.0380 0.1434 0.1675 0.0324 0.1599 0.0237 
        D893  1 0.6249 0.0560 0.0353 0.0553 0.0730 0.0366 0.0421 0.0212 0.0555 
        D894  1 0.5870 0.0778 0.0308 0.0370 0.0433 0.0816 0.0340 0.0668 0.0417 
        D915  1 0.4934 0.0631 0.0266 0.0198 0.0902 0.0698 0.1588 0.0445 0.0339 
        D916  1 0.8670 0.0217 0.0116 0.0140 0.0180 0.0150 0.0218 0.0158 0.0151 
        D917  1 0.1623 0.1316 0.0730 0.1350 0.0568 0.0453 0.0457 0.2208 0.1295 
        D925  1 0.2381 0.0331 0.0254 0.0175 0.0412 0.0251 0.5271 0.0634 0.0291 
        D926  1 0.4232 0.1867 0.0308 0.0713 0.0692 0.0637 0.0486 0.0664 0.0403 
        D927  1 0.2822 0.1171 0.2366 0.0439 0.0738 0.0613 0.0280 0.0522 0.1047 
        D928  1 0.0679 0.0234 0.0179 0.0182 0.0125 0.0155 0.0347 0.7927 0.0171 
        D929  1 0.0298 0.0374 0.0225 0.4880 0.0587 0.2306 0.0385 0.0664 0.0279 
        D936  1 0.5588 0.0622 0.0567 0.1424 0.0216 0.0267 0.0379 0.0246 0.0692 
        D938  1 0.0317 0.0391 0.0187 0.0515 0.6622 0.0351 0.1062 0.0304 0.0250 
        D956  1 0.0321 0.0826 0.0368 0.0339 0.0219 0.1217 0.0606 0.5745 0.0360 
        D957  1 0.1523 0.0795 0.0481 0.0596 0.0627 0.0835 0.4224 0.0590 0.0328 
        D958  1 0.2281 0.0750 0.0344 0.0744 0.0818 0.0698 0.2613 0.1518 0.0234 
        D959  1 0.3165 0.0680 0.0444 0.0141 0.4760 0.0203 0.0166 0.0272 0.0168 
        D960  1 0.0297 0.0710 0.0224 0.0406 0.5500 0.0507 0.1372 0.0776 0.0208 
        D989  1 0.0648 0.0671 0.0958 0.0216 0.0398 0.0425 0.0262 0.5396 0.1025 
        D990  1 0.0214 0.0488 0.0333 0.0226 0.0300 0.0435 0.6173 0.0473 0.1357 
        D023  2 0.0452 0.0228 0.0209 0.0173 0.8316 0.0130 0.0184 0.0152 0.0155 
        D130  2 0.0770 0.0312 0.0502 0.0261 0.6599 0.0947 0.0229 0.0208 0.0171 
        D131  2 0.3026 0.2203 0.0295 0.0641 0.0328 0.1062 0.0819 0.0427 0.1198 
        D163  2 0.0743 0.0485 0.0152 0.0400 0.6497 0.0269 0.0523 0.0422 0.0508 
        D164  2 0.0139 0.0196 0.5282 0.0166 0.0271 0.0142 0.3549 0.0126 0.0129 
        D165  2 0.0339 0.0281 0.0262 0.0221 0.8116 0.0164 0.0200 0.0205 0.0212 
        D166  2 0.0349 0.1857 0.0483 0.1047 0.0754 0.4167 0.0556 0.0248 0.0539 
        D167  2 0.0147 0.0266 0.8327 0.0147 0.0122 0.0269 0.0152 0.0354 0.0216 
        D192  2 0.0110 0.0179 0.8602 0.0192 0.0137 0.0138 0.0144 0.0241 0.0256 
        D193  2 0.0298 0.1284 0.0440 0.1195 0.0397 0.2043 0.1371 0.2267 0.0705 
        D206  2 0.0906 0.1520 0.2878 0.0384 0.2300 0.0870 0.0519 0.0314 0.0309 
        D207  2 0.0351 0.1392 0.5880 0.0252 0.0319 0.0712 0.0274 0.0241 0.0579 
        D208  2 0.0628 0.0900 0.0795 0.0554 0.0386 0.0801 0.0732 0.1426 0.3778 
        D209  2 0.0326 0.1668 0.4852 0.0955 0.0766 0.0271 0.0585 0.0271 0.0305 
        D210  2 0.0804 0.0527 0.1210 0.0352 0.0310 0.0577 0.0341 0.3545 0.2334 
     D229599  2 0.1904 0.1506 0.0508 0.1479 0.1074 0.0521 0.0630 0.0539 0.1840 
     D229600  2 0.0268 0.0498 0.3506 0.0278 0.4119 0.0565 0.0306 0.0209 0.0251 
     D237227  2 0.0568 0.0765 0.0514 0.0240 0.0676 0.0359 0.1804 0.3820 0.1254 
     D237228  2 0.0157 0.0965 0.0581 0.0169 0.0209 0.0699 0.5235 0.1392 0.0593 
     D237258  2 0.0540 0.1353 0.2093 0.0518 0.1521 0.0589 0.1222 0.0816 0.1348 
     D237310  2 0.0120 0.0589 0.0600 0.0478 0.0264 0.2445 0.4860 0.0397 0.0248 
     D237311  2 0.0204 0.0507 0.1716 0.0197 0.0328 0.0759 0.5755 0.0281 0.0252 
     D237312  2 0.0272 0.0550 0.0246 0.0750 0.0634 0.4845 0.2001 0.0455 0.0246 
     D237313  2 0.1858 0.1413 0.0257 0.0698 0.0518 0.0601 0.2716 0.0757 0.1183 
     D237322  2 0.0312 0.1743 0.0657 0.1032 0.0310 0.1855 0.1170 0.0921 0.2000 
     D237323  2 0.0187 0.0491 0.0355 0.0278 0.0580 0.0949 0.4944 0.1517 0.0699 
     D237324  2 0.0475 0.2854 0.1789 0.0346 0.2656 0.0359 0.0479 0.0175 0.0866 
     D237325  2 0.0314 0.1011 0.0700 0.0887 0.1301 0.1370 0.3283 0.0728 0.0407 
     D237326  2 0.0651 0.0612 0.0415 0.0466 0.0494 0.0263 0.6157 0.0564 0.0377 
     D237327  2 0.0580 0.1393 0.1176 0.1427 0.0781 0.0799 0.0323 0.0343 0.3178 
     D237337  2 0.0231 0.0319 0.0167 0.0212 0.0232 0.0607 0.7689 0.0297 0.0244 
     D237338  2 0.0630 0.1050 0.0884 0.1028 0.1385 0.1172 0.1649 0.1263 0.0938 
     D237339  2 0.0371 0.0692 0.1494 0.5947 0.0273 0.0291 0.0304 0.0182 0.0446 
     D237340  2 0.0225 0.0692 0.2027 0.0393 0.0605 0.1115 0.3181 0.1268 0.0494 
     D237389  2 0.0171 0.0574 0.1107 0.0318 0.0394 0.1823 0.5139 0.0291 0.0183 
     D237390  2 0.0322 0.0807 0.0265 0.0515 0.0545 0.2926 0.3445 0.0687 0.0489 
     D244017  2 0.0300 0.1017 0.3993 0.0234 0.0548 0.0982 0.0369 0.1869 0.0688 
     D244112  2 0.0172 0.0282 0.8008 0.0140 0.0265 0.0570 0.0221 0.0188 0.0154 
     D244118  2 0.0122 0.0315 0.6295 0.0336 0.1920 0.0203 0.0334 0.0217 0.0259 
     D244119  2 0.0238 0.0331 0.2828 0.0115 0.0183 0.0247 0.0303 0.5486 0.0269 
     D244120  2 0.0153 0.0562 0.4244 0.0679 0.0320 0.1980 0.0315 0.0572 0.1174 
     D244122  2 0.0249 0.0508 0.6627 0.0362 0.0419 0.0687 0.0346 0.0511 0.0292 
        D291  2 0.0682 0.0992 0.0504 0.0213 0.0751 0.0573 0.0429 0.0260 0.5596 
        D292  2 0.2003 0.0721 0.2449 0.0455 0.0283 0.0378 0.0986 0.0549 0.2177 
        D293  2 0.1667 0.0630 0.5439 0.1220 0.0181 0.0199 0.0156 0.0196 0.0313 
        D322  2 0.1625 0.0822 0.4314 0.1717 0.0344 0.0309 0.0402 0.0220 0.0247 
        D323  2 0.0628 0.1994 0.2092 0.1467 0.0614 0.0988 0.0941 0.0600 0.0676 
        D324  2 0.1504 0.0986 0.0407 0.0248 0.0818 0.0598 0.0924 0.0603 0.3912 
        D325  2 0.0446 0.0397 0.7481 0.0232 0.0369 0.0252 0.0176 0.0116 0.0530 
        D326  2 0.8490 0.0245 0.0147 0.0167 0.0143 0.0175 0.0109 0.0278 0.0246 
        D340  2 0.0255 0.0225 0.8245 0.0266 0.0185 0.0160 0.0190 0.0194 0.0280 
        D341  2 0.0340 0.0456 0.5339 0.0449 0.0348 0.1427 0.0646 0.0325 0.0671 
        D342  2 0.0206 0.0826 0.5719 0.0284 0.0851 0.0708 0.0840 0.0205 0.0360 
        D343  2 0.0180 0.0141 0.8883 0.0146 0.0152 0.0138 0.0106 0.0103 0.0151 
        D344  2 0.1308 0.1541 0.0500 0.4287 0.0245 0.0963 0.0630 0.0298 0.0229 
        D345  2 0.1017 0.1327 0.0537 0.1737 0.0652 0.0237 0.3727 0.0294 0.0472 
        D346  2 0.0549 0.0617 0.0775 0.0538 0.0344 0.0774 0.0725 0.4686 0.0993 
        D351  2 0.2656 0.1794 0.0462 0.0870 0.0639 0.0653 0.0676 0.0297 0.1953 
        D352  2 0.0210 0.0797 0.0648 0.6607 0.0223 0.0349 0.0426 0.0371 0.0370 
        D353  2 0.1828 0.5622 0.0277 0.0927 0.0202 0.0421 0.0212 0.0199 0.0311 
        D354  2 0.0549 0.0524 0.0142 0.7112 0.0185 0.0273 0.0597 0.0411 0.0208 
        D362  2 0.6755 0.0437 0.0352 0.0211 0.1040 0.0210 0.0458 0.0321 0.0215 
        D363  2 0.7253 0.0409 0.0277 0.0247 0.0589 0.0196 0.0383 0.0383 0.0264 
        D364  2 0.3220 0.0853 0.0302 0.3308 0.0248 0.0380 0.1005 0.0450 0.0233 
        D365  2 0.0280 0.0170 0.8541 0.0221 0.0135 0.0124 0.0136 0.0237 0.0156 
        D369  2 0.2177 0.0932 0.1475 0.0205 0.0525 0.0520 0.1301 0.1630 0.1234 
        D374  2 0.0184 0.0461 0.0274 0.0304 0.0168 0.0948 0.1247 0.6199 0.0216 
        D375  2 0.0200 0.0559 0.0152 0.7884 0.0233 0.0350 0.0289 0.0186 0.0146 
        D376  2 0.0199 0.0674 0.0287 0.0642 0.0167 0.0686 0.0938 0.6136 0.0271 
        D377  2 0.0361 0.1283 0.0619 0.0742 0.0528 0.1830 0.2871 0.1056 0.0709 
        D378  2 0.1661 0.1432 0.2429 0.2225 0.0771 0.0301 0.0306 0.0268 0.0606 
        D379  2 0.5965 0.0922 0.0244 0.0478 0.0319 0.0895 0.0470 0.0353 0.0355 
        D384  2 0.7902 0.0451 0.0138 0.0204 0.0177 0.0304 0.0230 0.0354 0.0240 
        D385  2 0.0197 0.0364 0.7136 0.1044 0.0193 0.0285 0.0219 0.0355 0.0208 
        D386  2 0.1284 0.1304 0.0802 0.4577 0.0605 0.0359 0.0414 0.0245 0.0409 
        D391  2 0.0300 0.0262 0.7305 0.1143 0.0177 0.0229 0.0212 0.0172 0.0200 
        D392  2 0.0842 0.0613 0.5708 0.0199 0.0448 0.0330 0.0958 0.0540 0.0361 
        D393  2 0.2393 0.0691 0.1038 0.2230 0.0439 0.0400 0.0564 0.0262 0.1983 
        D394  2 0.0865 0.1155 0.0934 0.1723 0.2079 0.0842 0.1615 0.0387 0.0400 
        D395  2 0.0161 0.0819 0.3600 0.3989 0.0284 0.0350 0.0199 0.0260 0.0339 
        D401  2 0.0206 0.0510 0.0285 0.0125 0.0175 0.0410 0.7662 0.0416 0.0211 
        D402  2 0.0232 0.0254 0.7452 0.0633 0.0176 0.0228 0.0258 0.0156 0.0612 
        D403  2 0.2293 0.3202 0.0253 0.1327 0.0853 0.1034 0.0449 0.0274 0.0315 
        D415  2 0.6406 0.1109 0.0254 0.0246 0.0587 0.0484 0.0569 0.0172 0.0172 
        D435  2 0.4941 0.0660 0.1662 0.0558 0.0628 0.0379 0.0439 0.0201 0.0533 
        D436  2 0.1204 0.1078 0.0358 0.4411 0.0512 0.1092 0.0339 0.0685 0.0319 
        D438  2 0.0146 0.0199 0.8579 0.0149 0.0159 0.0180 0.0134 0.0272 0.0181 
        D439  2 0.0600 0.1134 0.0858 0.5581 0.0429 0.0327 0.0561 0.0154 0.0357 
        D449  2 0.0766 0.1200 0.5721 0.0279 0.0886 0.0236 0.0340 0.0328 0.0244 
        D450  2 0.1398 0.1396 0.0270 0.2390 0.0543 0.1068 0.0478 0.1478 0.0978 
        D456  2 0.8349 0.0287 0.0108 0.0216 0.0174 0.0176 0.0151 0.0199 0.0341 
        D462  2 0.0491 0.0269 0.7321 0.1049 0.0213 0.0162 0.0144 0.0135 0.0217 
        D463  2 0.8098 0.0225 0.0117 0.0325 0.0167 0.0323 0.0208 0.0352 0.0184 
        D464  2 0.0576 0.3764 0.0807 0.2847 0.0234 0.0687 0.0234 0.0579 0.0272 
        D465  2 0.1587 0.0712 0.5143 0.0215 0.0745 0.0526 0.0558 0.0245 0.0269 
        D473  2 0.0261 0.0677 0.0453 0.1094 0.0498 0.0547 0.1004 0.4974 0.0491 
        D474  2 0.5224 0.0507 0.0630 0.0322 0.0595 0.0276 0.0510 0.0378 0.1559 
        D476  2 0.0251 0.0405 0.0732 0.4455 0.3326 0.0181 0.0202 0.0135 0.0313 
        D477  2 0.2772 0.0748 0.0245 0.2679 0.0233 0.0482 0.1351 0.0468 0.1023 
        D478  2 0.0492 0.2090 0.0771 0.1138 0.2674 0.0580 0.0475 0.1148 0.0632 
        D480  2 0.2351 0.0984 0.0832 0.2442 0.0284 0.0707 0.0317 0.0941 0.1142 
        D481  2 0.2623 0.1097 0.0874 0.1680 0.1180 0.0339 0.0786 0.0871 0.0549 
        D482  2 0.0212 0.1223 0.0321 0.2895 0.0472 0.0834 0.1041 0.0596 0.2407 
        D483  2 0.0181 0.0240 0.8011 0.0151 0.0218 0.0165 0.0202 0.0577 0.0255 
        D484  2 0.0117 0.0273 0.0227 0.8222 0.0173 0.0316 0.0186 0.0289 0.0197 
        D510  2 0.0274 0.0458 0.0313 0.0313 0.0211 0.0716 0.0545 0.5595 0.1575 
        D511  2 0.0766 0.0412 0.0960 0.6315 0.0354 0.0276 0.0324 0.0199 0.0393 
        D512  2 0.0247 0.0912 0.1931 0.0371 0.0478 0.1201 0.4383 0.0185 0.0292 
        D513  2 0.0720 0.1049 0.4499 0.0297 0.0734 0.0493 0.0456 0.0649 0.1103 
        D635  2 0.2392 0.0879 0.0394 0.0180 0.5109 0.0188 0.0366 0.0234 0.0256 
        D636  2 0.0327 0.0255 0.0169 0.0163 0.8096 0.0144 0.0497 0.0216 0.0133 
        D637  2 0.0312 0.1292 0.1750 0.2492 0.0341 0.1789 0.0717 0.0760 0.0545 
        D658  2 0.0252 0.0574 0.4638 0.1995 0.0250 0.0601 0.0574 0.0843 0.0273 
        D659  2 0.5526 0.0658 0.0366 0.0538 0.1213 0.0281 0.0219 0.0363 0.0837 
        D677  2 0.1800 0.1122 0.0653 0.0462 0.1679 0.2207 0.0989 0.0240 0.0849 
        D678  2 0.0158 0.0973 0.6899 0.0284 0.0360 0.0493 0.0404 0.0186 0.0245 
        D679  2 0.3619 0.1492 0.0619 0.0613 0.0653 0.0756 0.0668 0.0519 0.1060 
        D719  2 0.2203 0.0593 0.1528 0.0335 0.0175 0.0181 0.0542 0.3428 0.1013 
        D720  2 0.7214 0.0396 0.0242 0.0188 0.0359 0.0256 0.0329 0.0729 0.0288 
        D721  2 0.0401 0.0395 0.0564 0.0326 0.7220 0.0237 0.0206 0.0357 0.0295 
        D722  2 0.0253 0.0842 0.0649 0.0320 0.0290 0.0863 0.2000 0.4244 0.0537 
        D734  2 0.0278 0.0408 0.0685 0.6002 0.0186 0.0274 0.0141 0.1683 0.0342 
        D735  2 0.2450 0.1521 0.0668 0.0932 0.0396 0.0736 0.1584 0.0846 0.0866 
        D736  2 0.0660 0.0702 0.0673 0.0579 0.0534 0.0356 0.0528 0.2623 0.3346 
        D737  2 0.0226 0.0536 0.5763 0.1241 0.0336 0.0315 0.0497 0.0395 0.0691 
        D807  2 0.1655 0.0726 0.0538 0.0966 0.0410 0.0973 0.1374 0.1881 0.1477 
        D808  2 0.1036 0.1424 0.1090 0.0522 0.0621 0.2130 0.1974 0.0408 0.0796 
        D817  2 0.3166 0.1368 0.0361 0.0979 0.0563 0.0714 0.1795 0.0425 0.0629 
        D818  2 0.0704 0.2043 0.2275 0.0370 0.1431 0.1680 0.0227 0.0289 0.0981 
        D819  2 0.1716 0.1446 0.0387 0.0423 0.0694 0.0867 0.3281 0.0381 0.0805 
        D820  2 0.7205 0.0410 0.0392 0.0807 0.0236 0.0337 0.0162 0.0223 0.0228 
        D895  2 0.2037 0.1689 0.0460 0.0444 0.2886 0.0264 0.1104 0.0558 0.0558 
        D896  2 0.0196 0.0243 0.0204 0.0186 0.0213 0.0487 0.7934 0.0364 0.0175 
        D897  2 0.0320 0.1401 0.4971 0.0463 0.0303 0.1065 0.0663 0.0334 0.0479 
        D898  2 0.0573 0.1789 0.0353 0.0670 0.0290 0.1553 0.2760 0.0435 0.1576 
        D918  2 0.0279 0.1617 0.0713 0.1174 0.1200 0.2431 0.1203 0.0579 0.0805 
        D919  2 0.1681 0.1178 0.0849 0.4213 0.0523 0.0360 0.0234 0.0260 0.0702 
        D920  2 0.0357 0.0362 0.0377 0.0406 0.6120 0.0831 0.0483 0.0729 0.0332 
        D923  2 0.6471 0.0569 0.0279 0.1150 0.0316 0.0344 0.0261 0.0298 0.0311 
        D930  2 0.2133 0.1385 0.0432 0.1653 0.0246 0.1422 0.0989 0.1110 0.0630 
        D931  2 0.2494 0.0781 0.1809 0.2302 0.0407 0.0597 0.0468 0.0552 0.0590 
        D968  2 0.0254 0.0258 0.7837 0.0268 0.0147 0.0195 0.0223 0.0141 0.0678 
        D969  2 0.2213 0.1271 0.2132 0.0327 0.0307 0.0386 0.0504 0.0530 0.2329 
        D977  2 0.0298 0.0743 0.6814 0.0276 0.0468 0.0636 0.0224 0.0248 0.0293 
        D978  2 0.0288 0.1729 0.1172 0.0378 0.0244 0.2068 0.0278 0.0376 0.3467 
        D211  3 0.0704 0.0545 0.0192 0.0419 0.4484 0.2694 0.0311 0.0219 0.0431 
     D229639  3 0.0565 0.0664 0.0634 0.0253 0.0338 0.0421 0.0501 0.0659 0.5964 
     D237212  3 0.0846 0.0995 0.0637 0.2485 0.0682 0.0822 0.0637 0.0227 0.2668 
     D237213  3 0.0434 0.1156 0.0428 0.1056 0.0783 0.2285 0.3095 0.0189 0.0573 
     D237214  3 0.0213 0.0658 0.0163 0.0198 0.7907 0.0269 0.0172 0.0273 0.0149 
     D237215  3 0.0180 0.0656 0.5201 0.0219 0.0184 0.0583 0.0481 0.0943 0.1552 
     D237216  3 0.0439 0.5921 0.0361 0.0426 0.0855 0.0913 0.0411 0.0247 0.0426 
     D237217  3 0.1253 0.2834 0.0322 0.0228 0.2367 0.1273 0.0930 0.0181 0.0612 
     D237218  3 0.0692 0.0902 0.0525 0.1900 0.0388 0.1758 0.0285 0.0432 0.3118 
     D237219  3 0.0384 0.1135 0.0241 0.0205 0.0832 0.1481 0.2888 0.0790 0.2043 
     D237382  3 0.0896 0.0974 0.0588 0.0441 0.0344 0.3744 0.1405 0.1144 0.0465 
     D244127  3 0.0241 0.0705 0.0826 0.0369 0.0484 0.0659 0.5768 0.0199 0.0749 
     D244129  3 0.1215 0.1725 0.0922 0.0975 0.1080 0.1196 0.1504 0.0419 0.0965 
     D244133  3 0.0786 0.1773 0.1881 0.0144 0.1225 0.0934 0.0968 0.1493 0.0796 
     D244134  3 0.0312 0.0611 0.0353 0.0260 0.0368 0.0251 0.1389 0.1306 0.5148 
     D244135  3 0.0313 0.0485 0.0508 0.0227 0.7423 0.0402 0.0234 0.0193 0.0214 
     D244136  3 0.1749 0.1180 0.1039 0.0334 0.1041 0.0805 0.0746 0.2027 0.1078 
        D416  3 0.0823 0.2028 0.2024 0.0533 0.0969 0.0887 0.1393 0.0351 0.0991 
        D417  3 0.5566 0.0499 0.0206 0.0372 0.0381 0.1972 0.0389 0.0389 0.0226 
        D419  3 0.1234 0.1552 0.0735 0.0380 0.0763 0.0938 0.1759 0.0580 0.2058 
        D565  3 0.0518 0.0323 0.0177 0.0130 0.0213 0.0154 0.0395 0.7353 0.0738 
        D566  3 0.0715 0.0667 0.0632 0.0233 0.0428 0.0364 0.0760 0.2765 0.3437 
        D567  3 0.5503 0.0547 0.0479 0.0532 0.0899 0.0450 0.1031 0.0251 0.0308 
        D568  3 0.1563 0.1323 0.1287 0.1503 0.1242 0.1111 0.1057 0.0179 0.0736 
        D569  3 0.0234 0.1177 0.1038 0.4980 0.0704 0.0714 0.0242 0.0468 0.0442 
        D573  3 0.1699 0.0832 0.1835 0.0465 0.0255 0.0241 0.0340 0.0222 0.4110 
        D574  3 0.0423 0.1191 0.0517 0.0472 0.0638 0.0980 0.0909 0.3682 0.1189 
        D575  3 0.0553 0.1065 0.0502 0.0385 0.1349 0.0663 0.3160 0.1235 0.1089 
        D576  3 0.0104 0.0764 0.6008 0.0249 0.0307 0.0758 0.0213 0.0384 0.1212 
        D577  3 0.4389 0.0825 0.0379 0.0628 0.1068 0.1146 0.0560 0.0486 0.0522 
        D578  3 0.0154 0.0436 0.0313 0.0148 0.8111 0.0262 0.0230 0.0179 0.0168 
        D579  3 0.1441 0.1065 0.0720 0.1323 0.0679 0.0612 0.0851 0.1563 0.1745 
        D660  3 0.0219 0.1282 0.5476 0.0498 0.0639 0.0568 0.0697 0.0177 0.0444 
        D661  3 0.0394 0.1006 0.2288 0.1014 0.0436 0.1973 0.0360 0.0233 0.2296 
        D663  3 0.0610 0.1856 0.1017 0.0397 0.0300 0.0514 0.0228 0.0239 0.4840 
        D664  3 0.0212 0.1546 0.1471 0.0352 0.1530 0.1945 0.1381 0.0833 0.0731 
        D665  3 0.0153 0.3010 0.0472 0.1010 0.1267 0.2543 0.0859 0.0148 0.0539 
        D666  3 0.0952 0.0618 0.0323 0.0354 0.0478 0.1178 0.4221 0.1020 0.0855 
        D009  4 0.1210 0.1356 0.0263 0.1619 0.1698 0.1988 0.1065 0.0328 0.0475 
        D057  4 0.0505 0.0459 0.1331 0.4162 0.2201 0.0353 0.0171 0.0342 0.0476 
        D109  4 0.0394 0.1192 0.0213 0.0474 0.0524 0.0748 0.5464 0.0533 0.0457 
     D237222  4 0.0425 0.0751 0.0388 0.0439 0.4789 0.0838 0.0445 0.1452 0.0474 
     D237223  4 0.0468 0.1251 0.0666 0.0637 0.1248 0.2809 0.1010 0.1234 0.0677 
     D237224  4 0.1471 0.0933 0.2089 0.1758 0.0588 0.0529 0.0530 0.0321 0.1782 
     D237225  4 0.1049 0.2792 0.0398 0.0988 0.1479 0.1248 0.0706 0.0627 0.0712 
     D237299  4 0.0192 0.1731 0.0259 0.0213 0.0533 0.5184 0.0369 0.0296 0.1223 
     D237300  4 0.0203 0.0540 0.0517 0.0262 0.0262 0.0543 0.0436 0.0393 0.6843 
     D237306  4 0.0775 0.0852 0.0260 0.0572 0.0389 0.1215 0.0816 0.4763 0.0358 
     D237307  4 0.3267 0.0989 0.0614 0.0258 0.0616 0.1092 0.0521 0.1775 0.0868 
     D237308  4 0.0352 0.0809 0.4244 0.1627 0.0570 0.0362 0.0926 0.0694 0.0415 
     D237309  4 0.1616 0.2129 0.0674 0.1091 0.1738 0.0943 0.0842 0.0328 0.0640 
     D237317  4 0.1724 0.1744 0.0438 0.0399 0.0721 0.0389 0.0661 0.3204 0.0720 
     D237318  4 0.0329 0.0461 0.0551 0.0159 0.0218 0.0292 0.0225 0.0214 0.7551 
     D237319  4 0.0575 0.1738 0.0717 0.0377 0.1785 0.2753 0.0940 0.0425 0.0691 
     D237320  4 0.0791 0.0882 0.0841 0.0277 0.1642 0.3238 0.0744 0.0378 0.1208 
     D237321  4 0.0585 0.0559 0.0889 0.0282 0.0330 0.0427 0.0624 0.0416 0.5889 
     D237397  4 0.0625 0.0994 0.0840 0.0322 0.1040 0.1872 0.0822 0.2107 0.1379 
     D237398  4 0.0587 0.0866 0.0399 0.0442 0.0383 0.0656 0.0170 0.0158 0.6338 
     D237399  4 0.0911 0.0671 0.0467 0.0745 0.0953 0.1006 0.0569 0.1239 0.3440 
     D244001  4 0.0362 0.0894 0.1078 0.0726 0.5302 0.0476 0.0452 0.0388 0.0323 
        D289  4 0.0921 0.0968 0.0898 0.2635 0.0697 0.0659 0.0337 0.1863 0.1021 
        D290  4 0.0711 0.2098 0.0432 0.0711 0.0401 0.3520 0.0553 0.0352 0.1223 
        D294  4 0.0949 0.1276 0.0625 0.3107 0.0662 0.1701 0.0263 0.0521 0.0895 
        D295  4 0.2480 0.0902 0.0339 0.0741 0.0433 0.2177 0.1775 0.0451 0.0701 
        D301  4 0.0162 0.0609 0.0649 0.0379 0.5026 0.0860 0.0655 0.0524 0.1136 
        D302  4 0.0555 0.0567 0.0146 0.7362 0.0343 0.0494 0.0142 0.0138 0.0253 
        D303  4 0.0393 0.0567 0.0623 0.0800 0.0307 0.0568 0.0823 0.5481 0.0438 
        D304  4 0.0607 0.1951 0.0288 0.0397 0.0487 0.1892 0.0266 0.0800 0.3312 
        D305  4 0.0269 0.3393 0.1205 0.3458 0.0370 0.0492 0.0322 0.0153 0.0337 
        D306  4 0.0457 0.4101 0.0248 0.0403 0.0509 0.2945 0.0306 0.0688 0.0343 
        D307  4 0.0223 0.0325 0.0310 0.0595 0.6461 0.0347 0.0345 0.0836 0.0557 
        D327  4 0.5072 0.1032 0.0496 0.0396 0.0545 0.0693 0.0266 0.0947 0.0552 
        D328  4 0.0243 0.0841 0.0339 0.4416 0.0369 0.1018 0.0762 0.1584 0.0427 
        D329  4 0.0827 0.1079 0.1944 0.2602 0.0707 0.0922 0.0736 0.0454 0.0729 
        D330  4 0.2680 0.1275 0.0804 0.1083 0.1052 0.1254 0.1381 0.0212 0.0260 
        D331  4 0.1168 0.1345 0.0424 0.0388 0.0451 0.1729 0.0951 0.0652 0.2892 
        D333  4 0.0624 0.1020 0.0708 0.2563 0.0772 0.1198 0.1030 0.1190 0.0895 
        D334  4 0.0918 0.0468 0.0196 0.0631 0.0728 0.0753 0.0332 0.5250 0.0725 
        D335  4 0.2021 0.0590 0.0569 0.4743 0.0338 0.0602 0.0389 0.0423 0.0324 
        D370  4 0.0347 0.0982 0.0512 0.0671 0.0446 0.1154 0.4300 0.1204 0.0382 
        D371  4 0.0879 0.0320 0.0246 0.0220 0.0212 0.0245 0.0222 0.7306 0.0349 
        D372  4 0.0138 0.1250 0.0611 0.0205 0.0147 0.0921 0.0268 0.0374 0.6087 
        D373  4 0.0408 0.0524 0.0594 0.0624 0.6268 0.0280 0.0226 0.0226 0.0851 
        D455  4 0.0392 0.0331 0.0362 0.0853 0.6575 0.0320 0.0347 0.0270 0.0549 
        D490  4 0.0219 0.0264 0.0120 0.0317 0.7347 0.1113 0.0255 0.0191 0.0174 
        D497  4 0.0175 0.0736 0.0211 0.0823 0.5699 0.1258 0.0403 0.0261 0.0436 
        D498  4 0.0534 0.1413 0.0516 0.0352 0.0544 0.2281 0.1657 0.0992 0.1712 
        D499  4 0.0341 0.1613 0.1631 0.1300 0.0169 0.1561 0.0798 0.1288 0.1299 
        D514  4 0.2826 0.1341 0.0439 0.1561 0.0547 0.1641 0.0702 0.0276 0.0669 
        D515  4 0.0469 0.0677 0.0424 0.0479 0.1072 0.6026 0.0349 0.0308 0.0196 
        D516  4 0.1421 0.1102 0.0832 0.0271 0.0943 0.1398 0.2852 0.0548 0.0635 
        D517  4 0.0808 0.1233 0.0443 0.0360 0.5460 0.0448 0.0494 0.0192 0.0562 
        D518  4 0.0298 0.0498 0.0366 0.5088 0.1892 0.0478 0.0204 0.0939 0.0237 
        D519  4 0.0542 0.0935 0.0533 0.0257 0.1253 0.5038 0.0446 0.0297 0.0699 
        D560  4 0.0813 0.1056 0.0730 0.0669 0.0814 0.4688 0.0269 0.0197 0.0764 
        D561  4 0.1159 0.2155 0.0628 0.0716 0.2740 0.1166 0.0529 0.0190 0.0717 
        D562  4 0.0644 0.1765 0.0763 0.1555 0.1812 0.1611 0.0588 0.0551 0.0710 
        D563  4 0.0274 0.1161 0.4592 0.1506 0.0497 0.0689 0.0452 0.0186 0.0642 
        D572  4 0.0591 0.0418 0.0321 0.6784 0.0716 0.0532 0.0161 0.0250 0.0228 
        D629  4 0.2273 0.0990 0.0283 0.0919 0.2833 0.0873 0.0578 0.0283 0.0967 
        D630  4 0.0922 0.0871 0.0349 0.1337 0.1871 0.2614 0.0341 0.0623 0.1072 
        D631  4 0.0316 0.0449 0.0644 0.6875 0.0341 0.0722 0.0172 0.0183 0.0298 
        D632  4 0.0537 0.0518 0.1751 0.2207 0.3328 0.0324 0.0882 0.0241 0.0212 
        D646  4 0.1476 0.1847 0.0568 0.0536 0.1190 0.1499 0.2133 0.0309 0.0441 
        D647  4 0.4422 0.0691 0.0607 0.0674 0.0907 0.1367 0.0756 0.0181 0.0395 
        D648  4 0.0195 0.0493 0.0439 0.5077 0.0310 0.2050 0.0288 0.0962 0.0185 
        D649  4 0.3002 0.0581 0.0180 0.2047 0.0564 0.0458 0.2504 0.0247 0.0417 
        D650  4 0.1990 0.0927 0.0310 0.1167 0.1086 0.2236 0.0628 0.0840 0.0815 
        D708  4 0.0521 0.1744 0.0272 0.2078 0.0544 0.1419 0.0546 0.2037 0.0839 
        D709  4 0.0312 0.2288 0.0383 0.0648 0.0255 0.2514 0.2725 0.0483 0.0392 
        D738  4 0.1200 0.0660 0.0210 0.0310 0.0922 0.0753 0.1046 0.4444 0.0455 
        D739  4 0.0272 0.1304 0.0320 0.0849 0.2517 0.3376 0.0580 0.0306 0.0477 
        D740  4 0.0209 0.2623 0.0677 0.0742 0.0388 0.1410 0.1391 0.1298 0.1262 
        D741  4 0.1280 0.1790 0.1172 0.0288 0.0809 0.3466 0.0521 0.0224 0.0451 
        D742  4 0.0689 0.1271 0.2524 0.0761 0.0579 0.1396 0.0517 0.0892 0.1371 
        D743  4 0.3984 0.0604 0.0452 0.3174 0.0332 0.0507 0.0213 0.0338 0.0395 
        D744  4 0.0231 0.0256 0.0394 0.7924 0.0272 0.0253 0.0189 0.0191 0.0291 
        D745  4 0.0276 0.0688 0.0241 0.0441 0.1611 0.5656 0.0520 0.0212 0.0355 
        D814  4 0.0290 0.2753 0.2086 0.0720 0.1606 0.1334 0.0198 0.0215 0.0798 
        D815  4 0.0977 0.0860 0.0467 0.3671 0.0330 0.1584 0.1144 0.0381 0.0586 
        D828  4 0.0133 0.0978 0.0949 0.1252 0.0338 0.3995 0.0530 0.1182 0.0643 
        D845  4 0.0149 0.0240 0.0319 0.0190 0.0145 0.0168 0.0186 0.0323 0.8280 
        D846  4 0.1417 0.1190 0.1425 0.2695 0.1880 0.0517 0.0251 0.0121 0.0503 
        D847  4 0.1210 0.1112 0.0683 0.0686 0.1795 0.1575 0.0520 0.0951 0.1467 
        D848  4 0.0201 0.0500 0.0636 0.0430 0.5947 0.0188 0.0216 0.0206 0.1675 
        D849  4 0.0369 0.1176 0.0424 0.0516 0.1997 0.4145 0.0855 0.0204 0.0315 
        D850  4 0.1601 0.1496 0.0439 0.0531 0.2148 0.0465 0.0466 0.0780 0.2075 
        D856  4 0.0531 0.2426 0.0301 0.0506 0.0501 0.2416 0.2265 0.0465 0.0589 
        D857  4 0.0108 0.0496 0.1267 0.0308 0.0389 0.0620 0.6249 0.0383 0.0181 
        D859  4 0.0872 0.1126 0.0373 0.4875 0.0282 0.0968 0.0273 0.0306 0.0925 
        D860  4 0.1085 0.0749 0.1077 0.0850 0.0397 0.0217 0.0341 0.3283 0.2000 
        D883  4 0.1537 0.0946 0.0398 0.0750 0.2172 0.0917 0.1415 0.1070 0.0793 
        D884  4 0.0703 0.0796 0.0226 0.0756 0.0497 0.4274 0.1763 0.0672 0.0313 
        D885  4 0.1288 0.2303 0.0712 0.0558 0.0593 0.2208 0.0441 0.0265 0.1631 
        D886  4 0.1457 0.0692 0.0544 0.0989 0.1879 0.2140 0.1549 0.0314 0.0436 
        D887  4 0.1139 0.1232 0.1382 0.1186 0.0473 0.1165 0.0631 0.0544 0.2247 
        D889  4 0.0334 0.0682 0.0143 0.0835 0.0218 0.1144 0.0164 0.0247 0.6232 
        D890  4 0.0428 0.1202 0.0931 0.1359 0.0854 0.0899 0.2159 0.1528 0.0640 
        D891  4 0.0134 0.0151 0.0129 0.0135 0.0113 0.0133 0.0138 0.0089 0.8979 
        D899  4 0.0448 0.0815 0.3926 0.1077 0.0363 0.0678 0.0393 0.0820 0.1480 
        D900  4 0.1055 0.1981 0.1003 0.1426 0.1158 0.1211 0.0661 0.0812 0.0693 
        D970  4 0.1427 0.1234 0.0548 0.3939 0.0601 0.0550 0.0496 0.0404 0.0801 
        D971  4 0.0637 0.0829 0.4367 0.1692 0.0390 0.0471 0.0802 0.0565 0.0247 
        D979  4 0.4006 0.0654 0.0342 0.3099 0.0403 0.0593 0.0216 0.0349 0.0339 
        D093  5 0.0411 0.0335 0.0260 0.0335 0.0313 0.0614 0.0321 0.6740 0.0671 
        D154  5 0.0261 0.2072 0.1360 0.0477 0.0247 0.2817 0.0752 0.0630 0.1384 
        D168  5 0.0608 0.1749 0.2226 0.0395 0.1539 0.1379 0.0868 0.0181 0.1055 
        D189  5 0.0432 0.0874 0.0355 0.0477 0.0293 0.1875 0.0433 0.3073 0.2188 
        D190  5 0.0361 0.0431 0.0275 0.0620 0.0171 0.0651 0.0993 0.5991 0.0507 
     D237220  5 0.0274 0.1100 0.0245 0.0901 0.1113 0.1718 0.1234 0.0880 0.2535 
     D237221  5 0.0885 0.0857 0.1018 0.0664 0.0363 0.0681 0.0688 0.2324 0.2520 
     D237274  5 0.4764 0.0835 0.0697 0.1386 0.0426 0.0396 0.1024 0.0222 0.0250 
     D237275  5 0.0204 0.0832 0.5453 0.0198 0.0195 0.1061 0.0682 0.0301 0.1075 
     D237276  5 0.0952 0.0781 0.0387 0.0596 0.0719 0.3234 0.1515 0.1375 0.0440 
     D237277  5 0.0280 0.0459 0.0722 0.0669 0.0216 0.0444 0.0795 0.4331 0.2084 
     D237278  5 0.0508 0.1009 0.3262 0.0822 0.0586 0.0678 0.0732 0.2067 0.0336 
     D237279  5 0.0469 0.3297 0.0317 0.0855 0.1279 0.0333 0.2635 0.0256 0.0559 
     D237280  5 0.0800 0.1029 0.0217 0.0392 0.1025 0.0475 0.5178 0.0578 0.0307 
     D237281  5 0.0651 0.0580 0.2209 0.0334 0.0199 0.0258 0.0274 0.0301 0.5193 
     D237351  5 0.0194 0.0348 0.0188 0.0221 0.0306 0.0718 0.7070 0.0686 0.0270 
     D237352  5 0.0619 0.0733 0.0690 0.2011 0.3814 0.0399 0.0538 0.0746 0.0450 
     D237353  5 0.0203 0.0415 0.0210 0.0412 0.0153 0.0291 0.1867 0.5108 0.1340 
     D237359  5 0.0359 0.0964 0.0270 0.0636 0.1228 0.2223 0.0562 0.0451 0.3307 
     D237361  5 0.0242 0.0255 0.0210 0.0256 0.0180 0.0247 0.0475 0.7725 0.0410 
     D237362  5 0.1616 0.1232 0.0750 0.0534 0.0638 0.1585 0.1583 0.0992 0.1071 
     D237363  5 0.0378 0.5280 0.1334 0.0258 0.0388 0.0610 0.0577 0.0471 0.0704 
     D237364  5 0.0809 0.1110 0.1115 0.1344 0.0890 0.3393 0.0429 0.0163 0.0746 
     D237376  5 0.0139 0.0588 0.0511 0.2388 0.0191 0.3039 0.0422 0.2227 0.0495 
     D237377  5 0.1443 0.1694 0.0486 0.0456 0.0476 0.0268 0.3750 0.0939 0.0488 
     D237378  5 0.0256 0.0691 0.0976 0.0986 0.0331 0.1015 0.0348 0.4351 0.1047 
     D237379  5 0.0311 0.1563 0.0516 0.2280 0.0519 0.1393 0.0252 0.2529 0.0637 
     D237380  5 0.0290 0.0670 0.0187 0.1152 0.0443 0.0640 0.5583 0.0846 0.0188 
     D237381  5 0.0333 0.1055 0.0580 0.1111 0.2138 0.0662 0.2759 0.0803 0.0559 
     D237391  5 0.0315 0.0265 0.0177 0.0239 0.0213 0.0419 0.0296 0.6758 0.1319 
     D237392  5 0.2806 0.1088 0.2320 0.0699 0.0658 0.0764 0.1014 0.0298 0.0353 
     D237393  5 0.3327 0.0670 0.0641 0.0421 0.0541 0.0418 0.1699 0.1767 0.0515 
     D237394  5 0.0276 0.0236 0.0128 0.0312 0.0203 0.0187 0.0665 0.7636 0.0357 
     D237395  5 0.0340 0.0942 0.0616 0.0361 0.0630 0.2586 0.0986 0.2377 0.1162 
     D237396  5 0.3387 0.1219 0.0636 0.0424 0.1186 0.0216 0.0678 0.1385 0.0871 
     D244016  5 0.0237 0.2038 0.0696 0.1881 0.0303 0.0473 0.0909 0.2143 0.1321 
     D244018  5 0.0670 0.1332 0.2408 0.0271 0.1216 0.0337 0.0547 0.1940 0.1279 
     D244019  5 0.0781 0.2859 0.1120 0.0903 0.0335 0.0910 0.1145 0.0607 0.1340 
        D279  5 0.0284 0.1389 0.0485 0.0724 0.0264 0.2041 0.0472 0.0521 0.3819 
        D280  5 0.0914 0.1975 0.0531 0.0429 0.0616 0.0842 0.0981 0.1332 0.2379 
        D281  5 0.0330 0.0879 0.0783 0.0311 0.0144 0.0917 0.0219 0.0778 0.5639 
        D283  5 0.1506 0.1077 0.0339 0.0426 0.0271 0.0284 0.0834 0.2987 0.2275 
        D284  5 0.0548 0.1480 0.0408 0.0478 0.2392 0.2810 0.0691 0.0316 0.0878 
        D285  5 0.0762 0.0739 0.0214 0.0739 0.0322 0.0706 0.0482 0.2694 0.3341 
        D286  5 0.0896 0.0831 0.0353 0.1375 0.0573 0.2981 0.0490 0.1542 0.0959 
        D287  5 0.0176 0.0975 0.0358 0.2004 0.0374 0.2923 0.0648 0.1976 0.0566 
        D288  5 0.2030 0.1492 0.0405 0.0329 0.0247 0.0379 0.0963 0.0603 0.3553 
        D308  5 0.0762 0.0359 0.0217 0.0234 0.0271 0.0292 0.7298 0.0317 0.0249 
        D309  5 0.0314 0.0362 0.0151 0.8063 0.0338 0.0193 0.0192 0.0216 0.0171 
        D310  5 0.0208 0.2157 0.0215 0.0224 0.0155 0.0308 0.0367 0.5909 0.0458 
        D311  5 0.0929 0.1958 0.0534 0.1325 0.0459 0.2428 0.0564 0.1173 0.0629 
        D312  5 0.0987 0.1034 0.0531 0.1785 0.1027 0.1175 0.0520 0.2224 0.0717 
        D313  5 0.0155 0.0250 0.0148 0.0128 0.3666 0.0252 0.4991 0.0282 0.0128 
        D314  5 0.0323 0.1455 0.0832 0.0725 0.0518 0.3619 0.0873 0.0592 0.1063 
        D315  5 0.2315 0.1209 0.0657 0.0636 0.0649 0.0883 0.1176 0.2047 0.0428 
        D317  5 0.0533 0.0440 0.0181 0.0154 0.0268 0.0425 0.0269 0.7277 0.0453 
        D318  5 0.0806 0.2175 0.1260 0.1323 0.1798 0.0958 0.0407 0.0571 0.0703 
        D319  5 0.0361 0.0381 0.0214 0.0206 0.0152 0.0416 0.0861 0.6777 0.0632 
        D320  5 0.0380 0.0637 0.0168 0.0602 0.0325 0.0521 0.0656 0.5306 0.1404 
        D321  5 0.0698 0.0341 0.0136 0.0183 0.0268 0.0212 0.6289 0.0534 0.1339 
        D336  5 0.0246 0.0931 0.0190 0.0551 0.0236 0.1262 0.0289 0.5960 0.0336 
        D337  5 0.0249 0.0380 0.0168 0.0341 0.0146 0.0193 0.0255 0.7448 0.0821 
        D338  5 0.1973 0.1368 0.0478 0.0627 0.0393 0.2335 0.0547 0.0941 0.1339 
        D339  5 0.0451 0.1130 0.0419 0.0207 0.0306 0.0682 0.0958 0.4579 0.1269 
        D347  5 0.0932 0.1986 0.1491 0.1251 0.0401 0.1918 0.0538 0.0652 0.0831 
        D348  5 0.0267 0.0907 0.0245 0.1102 0.0244 0.0189 0.0365 0.6142 0.0539 
        D349  5 0.0177 0.0190 0.0173 0.0164 0.0107 0.0155 0.8469 0.0252 0.0312 
        D350  5 0.0193 0.0219 0.0242 0.8158 0.0223 0.0447 0.0177 0.0155 0.0187 
        D355  5 0.1075 0.2424 0.1201 0.0636 0.0232 0.1053 0.0446 0.0276 0.2657 
        D356  5 0.1980 0.0833 0.0351 0.0513 0.1181 0.0857 0.0687 0.2437 0.1162 
        D357  5 0.0568 0.2472 0.0479 0.0920 0.0366 0.2300 0.1099 0.0883 0.0912 
        D358  5 0.0527 0.1349 0.0565 0.1257 0.0660 0.0541 0.0932 0.3488 0.0681 
        D359  5 0.2492 0.0915 0.0197 0.0894 0.0178 0.0203 0.1170 0.3061 0.0890 
        D360  5 0.1032 0.0552 0.0231 0.0453 0.1552 0.0623 0.0490 0.4168 0.0899 
        D361  5 0.0283 0.0242 0.0232 0.0157 0.0211 0.0201 0.8296 0.0218 0.0160 
        D366  5 0.3608 0.0448 0.3914 0.0211 0.0872 0.0233 0.0226 0.0230 0.0257 
        D367  5 0.0230 0.1720 0.0183 0.0909 0.0330 0.0832 0.0966 0.4129 0.0701 
        D368  5 0.0902 0.1349 0.0251 0.0442 0.0258 0.0920 0.4350 0.0944 0.0583 
        D380  5 0.0658 0.1466 0.0410 0.4725 0.0577 0.0568 0.0579 0.0277 0.0738 
        D381  5 0.0757 0.1578 0.0404 0.0513 0.0249 0.0281 0.0841 0.3471 0.1906 
        D400  5 0.0656 0.1423 0.0869 0.1331 0.0429 0.1654 0.0375 0.1650 0.1612 
        D411  5 0.0207 0.0594 0.0429 0.0259 0.6666 0.1040 0.0447 0.0151 0.0206 
        D412  5 0.0643 0.3609 0.1138 0.0624 0.0979 0.0748 0.0808 0.0622 0.0829 
        D413  5 0.0908 0.0687 0.5302 0.0763 0.0784 0.0590 0.0245 0.0267 0.0455 
        D414  5 0.0254 0.0633 0.0809 0.6098 0.0182 0.0948 0.0186 0.0188 0.0702 
        D420  5 0.0268 0.1061 0.0229 0.0230 0.1861 0.1260 0.0396 0.0379 0.4315 
        D431  5 0.0154 0.1461 0.0579 0.1664 0.0367 0.2550 0.1268 0.0544 0.1414 
        D432  5 0.0721 0.0984 0.0737 0.0460 0.0648 0.0365 0.0703 0.4555 0.0827 
        D433  5 0.0700 0.0562 0.0449 0.0301 0.0207 0.0556 0.1734 0.3488 0.2004 
        D434  5 0.0935 0.1040 0.0270 0.0449 0.0497 0.0736 0.1915 0.2940 0.1218 
        D440  5 0.0191 0.0326 0.0211 0.7850 0.0158 0.0551 0.0262 0.0258 0.0193 
        D447  5 0.1641 0.1946 0.0959 0.1513 0.2317 0.0624 0.0414 0.0320 0.0264 
        D448  5 0.0637 0.1067 0.0458 0.0538 0.0277 0.1759 0.0433 0.4050 0.0781 
        D459  5 0.1239 0.0861 0.2461 0.0643 0.0257 0.0544 0.0231 0.0277 0.3487 
        D460  5 0.0688 0.0268 0.0190 0.0209 0.0212 0.0200 0.7390 0.0594 0.0249 
        D461  5 0.0385 0.0300 0.0142 0.8079 0.0200 0.0224 0.0257 0.0191 0.0222 
        D468  5 0.1263 0.1904 0.0696 0.0366 0.0597 0.2027 0.1417 0.1270 0.0460 
        D469  5 0.4548 0.0742 0.0277 0.0614 0.0516 0.1073 0.0889 0.0701 0.0640 
        D470  5 0.0624 0.1380 0.0358 0.0796 0.1435 0.3725 0.0528 0.0735 0.0420 
        D471  5 0.0620 0.0759 0.0397 0.0654 0.0172 0.1705 0.0383 0.4390 0.0919 
        D472  5 0.7083 0.0339 0.0712 0.0208 0.0202 0.0186 0.0207 0.0190 0.0874 
        D479  5 0.0298 0.0413 0.6840 0.0899 0.0274 0.0509 0.0321 0.0228 0.0218 
        D485  5 0.0297 0.0942 0.0629 0.3082 0.0455 0.3071 0.0396 0.0692 0.0434 
        D486  5 0.0834 0.1388 0.0450 0.0506 0.1538 0.3285 0.0839 0.0849 0.0310 
        D487  5 0.0324 0.1326 0.0944 0.1163 0.0368 0.0997 0.0422 0.1345 0.3112 
        D555  5 0.0211 0.0286 0.0645 0.0204 0.0269 0.0211 0.0290 0.7401 0.0483 
        D556  5 0.0463 0.0871 0.0330 0.2126 0.0362 0.0979 0.1335 0.0951 0.2583 
