        D174  1 0.1114 0.4964 0.0430 0.0879 0.0274 0.0469 0.1143 0.0727 
        D199  1 0.0387 0.1554 0.1286 0.2197 0.0405 0.2114 0.0784 0.1273 
        D203  1 0.1406 0.0669 0.1170 0.2201 0.0514 0.1999 0.0982 0.1059 
        D204  1 0.0404 0.0251 0.0294 0.7117 0.0808 0.0522 0.0254 0.0349 
     D237366  1 0.0301 0.0757 0.0660 0.0487 0.0889 0.0529 0.5549 0.0827 
     D237367  1 0.0692 0.0488 0.0412 0.2511 0.0545 0.0910 0.2700 0.1741 
     D237368  1 0.0675 0.1168 0.0331 0.1825 0.0420 0.1167 0.2933 0.1481 
     D244101  1 0.0405 0.0283 0.1456 0.1965 0.3717 0.0852 0.0263 0.1059 
     D244102  1 0.2509 0.0707 0.0908 0.0913 0.1772 0.0692 0.1177 0.1322 
     D244103  1 0.0659 0.0707 0.0524 0.2680 0.0694 0.0523 0.2036 0.2176 
     D244104  1 0.0356 0.0897 0.0648 0.6540 0.0260 0.0406 0.0390 0.0503 
     D244105  1 0.1491 0.0249 0.0632 0.0721 0.0364 0.0343 0.4154 0.2047 
     D244106  1 0.0601 0.5204 0.0758 0.0706 0.0360 0.1020 0.0406 0.0945 
     D244107  1 0.1993 0.0248 0.0348 0.1183 0.0680 0.1009 0.2761 0.1777 
     D244108  1 0.3737 0.3062 0.0442 0.0699 0.0427 0.0527 0.0389 0.0717 
     D244113  1 0.0539 0.5469 0.0430 0.0261 0.1399 0.0771 0.0369 0.0762 
     D244114  1 0.0593 0.1030 0.1519 0.0867 0.0671 0.0682 0.1184 0.3455 
     D244115  1 0.2108 0.2640 0.0504 0.1526 0.0443 0.0374 0.0797 0.1608 
     D267365  1 0.0491 0.1709 0.1760 0.3522 0.0461 0.0477 0.0822 0.0759 
        D404  1 0.1164 0.4003 0.0405 0.0410 0.2289 0.0649 0.0382 0.0699 
        D405  1 0.1580 0.1187 0.0739 0.1428 0.1478 0.1835 0.0589 0.1165 
        D406  1 0.0992 0.0727 0.0307 0.0745 0.0472 0.0261 0.5982 0.0514 
        D407  1 0.0274 0.0405 0.0279 0.4905 0.0241 0.1375 0.1719 0.0803 
        D408  1 0.0775 0.4457 0.1972 0.0823 0.0648 0.0267 0.0324 0.0735 
        D409  1 0.1077 0.0457 0.1251 0.2281 0.0575 0.0661 0.0928 0.2770 
        D410  1 0.7681 0.0313 0.0237 0.0560 0.0314 0.0172 0.0337 0.0387 
        D421  1 0.0142 0.0322 0.0211 0.8311 0.0145 0.0458 0.0201 0.0210 
        D422  1 0.0330 0.0204 0.0403 0.0807 0.0221 0.0318 0.7060 0.0657 
        D423  1 0.6352 0.0229 0.0216 0.0770 0.0272 0.0775 0.0734 0.0652 
        D424  1 0.0372 0.0484 0.0234 0.5462 0.0283 0.0270 0.1030 0.1865 
        D425  1 0.1656 0.1024 0.0583 0.3250 0.0485 0.0374 0.0435 0.2192 
        D426  1 0.0263 0.0379 0.2002 0.2153 0.0286 0.0365 0.1029 0.3524 
        D427  1 0.0258 0.1367 0.0346 0.3224 0.0196 0.3843 0.0366 0.0400 
        D428  1 0.0880 0.2309 0.0444 0.2552 0.1005 0.0722 0.0842 0.1244 
        D429  1 0.0596 0.2841 0.0754 0.3293 0.0440 0.0508 0.0684 0.0884 
        D430  1 0.0925 0.1595 0.1567 0.0944 0.0509 0.1273 0.0841 0.2346 
        D491  1 0.0415 0.6934 0.0522 0.0794 0.0330 0.0216 0.0288 0.0502 
        D492  1 0.0802 0.1774 0.0351 0.2460 0.0771 0.1001 0.1106 0.1735 
        D537  1 0.0619 0.0448 0.0247 0.5231 0.1033 0.0446 0.1047 0.0929 
        D538  1 0.2543 0.1265 0.0511 0.0729 0.0580 0.1245 0.0927 0.2199 
        D539  1 0.0963 0.1809 0.2727 0.0516 0.1006 0.0713 0.1150 0.1116 
        D540  1 0.0910 0.0563 0.1114 0.3408 0.0357 0.0457 0.0969 0.2222 
        D541  1 0.0241 0.0165 0.0305 0.8319 0.0189 0.0250 0.0230 0.0301 
        D551  1 0.0230 0.0507 0.1468 0.0894 0.0355 0.1359 0.1092 0.4094 
        D552  1 0.1695 0.2254 0.0655 0.1948 0.0560 0.0500 0.1114 0.1274 
        D553  1 0.0236 0.0243 0.0345 0.8292 0.0196 0.0176 0.0207 0.0305 
        D615  1 0.1414 0.0790 0.0834 0.4021 0.0306 0.1055 0.0458 0.1123 
        D616  1 0.1315 0.0666 0.0806 0.3146 0.0295 0.1349 0.0923 0.1501 
        D621  1 0.1185 0.1495 0.0368 0.0248 0.3306 0.0321 0.2329 0.0747 
        D622  1 0.1353 0.0588 0.0487 0.0486 0.0624 0.0321 0.5036 0.1106 
        D623  1 0.0900 0.2833 0.0482 0.0343 0.2907 0.1734 0.0288 0.0512 
        D624  1 0.0267 0.7320 0.0336 0.0498 0.0207 0.0236 0.0381 0.0754 
        D625  1 0.0736 0.0843 0.0426 0.5616 0.0589 0.0263 0.0815 0.0712 
        D626  1 0.1367 0.3342 0.0741 0.0919 0.0409 0.0522 0.1621 0.1078 
        D627  1 0.0304 0.0496 0.2691 0.1758 0.0283 0.0310 0.1134 0.3022 
        D690  1 0.0706 0.0623 0.0240 0.7264 0.0289 0.0158 0.0456 0.0263 
        D691  1 0.0599 0.0446 0.0384 0.0629 0.0254 0.0244 0.7092 0.0352 
        D710  1 0.1122 0.1636 0.0521 0.2832 0.1073 0.0726 0.0688 0.1402 
        D711  1 0.0446 0.0450 0.0342 0.6900 0.0514 0.0332 0.0554 0.0463 
        D712  1 0.0526 0.5517 0.1019 0.0414 0.0484 0.0477 0.0802 0.0760 
        D713  1 0.0809 0.1640 0.0287 0.1314 0.3475 0.0288 0.0855 0.1332 
        D746  1 0.0470 0.0365 0.0285 0.1061 0.0278 0.0438 0.6672 0.0432 
        D747  1 0.0225 0.0240 0.0279 0.8277 0.0271 0.0270 0.0202 0.0237 
        D748  1 0.0914 0.0470 0.0454 0.2760 0.0690 0.0260 0.3894 0.0557 
        D749  1 0.0938 0.1138 0.0416 0.0363 0.1183 0.0714 0.2429 0.2818 
        D750  1 0.0937 0.5513 0.0310 0.1518 0.0436 0.0345 0.0481 0.0459 
        D763  1 0.0437 0.0321 0.1679 0.1305 0.1981 0.1288 0.1479 0.1510 
        D764  1 0.1057 0.2236 0.0341 0.4847 0.0203 0.0222 0.0531 0.0563 
        D765  1 0.6042 0.0963 0.0535 0.0359 0.0229 0.0212 0.0750 0.0910 
        D766  1 0.3692 0.0532 0.0299 0.1244 0.1415 0.0425 0.1603 0.0790 
        D767  1 0.1338 0.0482 0.0411 0.1034 0.2682 0.1383 0.1696 0.0973 
        D768  1 0.0262 0.0184 0.0242 0.8017 0.0208 0.0325 0.0374 0.0388 
        D811  1 0.4053 0.2281 0.0628 0.0452 0.0740 0.0362 0.0356 0.1128 
        D816  1 0.0277 0.0375 0.0230 0.7911 0.0268 0.0267 0.0292 0.0380 
        D825  1 0.4697 0.1936 0.0374 0.0855 0.0411 0.0227 0.0424 0.1076 
        D866  1 0.1019 0.1651 0.4150 0.0658 0.0258 0.1070 0.0348 0.0845 
        D867  1 0.0411 0.0299 0.0274 0.0344 0.1178 0.0719 0.6068 0.0707 
        D871  1 0.0520 0.0605 0.1557 0.2316 0.0581 0.0293 0.0993 0.3136 
        D872  1 0.2701 0.0718 0.0391 0.2766 0.0616 0.0961 0.0979 0.0868 
        D873  1 0.8172 0.0231 0.0155 0.0134 0.0472 0.0267 0.0288 0.0282 
        D874  1 0.0240 0.0971 0.0467 0.0769 0.6586 0.0283 0.0217 0.0467 
        D875  1 0.2018 0.0312 0.0765 0.1711 0.0379 0.0250 0.1707 0.2858 
        D876  1 0.0813 0.1357 0.0798 0.4274 0.0854 0.0325 0.0685 0.0894 
        D877  1 0.0656 0.3439 0.0283 0.0649 0.2672 0.0519 0.0227 0.1554 
        D892  1 0.0834 0.2097 0.0328 0.2642 0.0585 0.0246 0.2270 0.0999 
        D893  1 0.0541 0.0231 0.0872 0.5955 0.0421 0.0380 0.0781 0.0818 
        D894  1 0.0583 0.0747 0.0617 0.5921 0.0334 0.0415 0.0569 0.0813 
        D915  1 0.1683 0.0590 0.0557 0.4710 0.0307 0.0443 0.1016 0.0695 
        D916  1 0.0282 0.0240 0.0198 0.8460 0.0174 0.0192 0.0236 0.0218 
        D917  1 0.0396 0.2831 0.1419 0.1636 0.1119 0.0874 0.0531 0.1194 
        D925  1 0.4439 0.1115 0.0402 0.2402 0.0220 0.0337 0.0521 0.0564 
        D926  1 0.0687 0.0779 0.0525 0.3710 0.0778 0.0327 0.1018 0.2177 
        D927  1 0.0369 0.0698 0.1078 0.2766 0.0565 0.2378 0.0881 0.1265 
        D928  1 0.0502 0.7582 0.0213 0.0768 0.0265 0.0199 0.0161 0.0309 
        D929  1 0.0460 0.0653 0.0376 0.0393 0.5919 0.0267 0.1346 0.0586 
        D936  1 0.0606 0.0377 0.1128 0.4974 0.1230 0.0528 0.0368 0.0789 
        D938  1 0.1010 0.0412 0.0300 0.0441 0.0683 0.0248 0.6428 0.0477 
        D956  1 0.0902 0.6134 0.0461 0.0476 0.0425 0.0478 0.0316 0.0807 
        D957  1 0.5099 0.0591 0.0335 0.1192 0.0679 0.0580 0.0798 0.0726 
        D958  1 0.2911 0.1684 0.0308 0.1971 0.0806 0.0407 0.0968 0.0945 
        D959  1 0.0247 0.0362 0.0209 0.5045 0.0177 0.0914 0.1862 0.1184 
        D960  1 0.1367 0.0961 0.0269 0.0311 0.0579 0.0341 0.5389 0.0783 
        D989  1 0.0310 0.5380 0.0844 0.0551 0.0409 0.1116 0.0607 0.0783 
        D990  1 0.5732 0.0643 0.1156 0.0253 0.0236 0.0478 0.0605 0.0898 
        D023  2 0.0270 0.0272 0.0190 0.1572 0.0237 0.0346 0.6524 0.0590 
        D130  2 0.0454 0.0199 0.0241 0.1006 0.0326 0.0698 0.6550 0.0527 
        D131  2 0.0932 0.0530 0.1812 0.2452 0.0615 0.0533 0.0538 0.2589 
        D163  2 0.0569 0.0582 0.0465 0.1077 0.0353 0.0206 0.5938 0.0811 
        D164  2 0.3286 0.0180 0.0205 0.0205 0.0228 0.5270 0.0313 0.0314 
        D165  2 0.0291 0.0279 0.0378 0.0825 0.0306 0.0392 0.6974 0.0555 
        D166  2 0.1842 0.0317 0.0872 0.0671 0.1778 0.0914 0.1298 0.2306 
        D167  2 0.0241 0.0423 0.0236 0.0189 0.0179 0.8235 0.0173 0.0326 
        D192  2 0.0186 0.0259 0.0338 0.0131 0.0242 0.8418 0.0189 0.0236 
        D193  2 0.1489 0.2669 0.0986 0.0336 0.1678 0.0511 0.0665 0.1665 
        D206  2 0.0525 0.0416 0.0454 0.1602 0.0532 0.3418 0.1093 0.1960 
        D207  2 0.0333 0.0278 0.0708 0.0352 0.0343 0.6417 0.0325 0.1243 
        D208  2 0.0720 0.2068 0.3054 0.0696 0.0657 0.1167 0.0618 0.1020 
        D209  2 0.0655 0.0411 0.0354 0.0543 0.0854 0.4545 0.0510 0.2128 
        D210  2 0.0276 0.4400 0.2230 0.0743 0.0430 0.0875 0.0389 0.0656 
     D229599  2 0.1061 0.0664 0.1915 0.1743 0.1705 0.0572 0.0847 0.1492 
     D229600  2 0.0517 0.0316 0.0428 0.0420 0.0371 0.3607 0.3743 0.0598 
     D237227  2 0.2199 0.3683 0.1184 0.0588 0.0286 0.0624 0.0500 0.0935 
     D237228  2 0.5317 0.1650 0.0630 0.0192 0.0307 0.0548 0.0310 0.1046 
     D237258  2 0.0877 0.0778 0.1161 0.0808 0.1044 0.2658 0.1045 0.1628 
     D237310  2 0.6856 0.0518 0.0472 0.0181 0.0576 0.0492 0.0377 0.0529 
     D237311  2 0.5997 0.0350 0.0381 0.0223 0.0333 0.1735 0.0508 0.0473 
     D237312  2 0.4564 0.0572 0.0365 0.0322 0.1588 0.0338 0.1560 0.0690 
     D237313  2 0.1729 0.0905 0.1295 0.1909 0.1115 0.0337 0.0782 0.1929 
     D237322  2 0.1147 0.0908 0.2355 0.0392 0.1652 0.0612 0.0647 0.2287 
     D237323  2 0.5665 0.1376 0.0751 0.0201 0.0416 0.0315 0.0829 0.0447 
     D237324  2 0.0503 0.0203 0.1002 0.0666 0.0347 0.1830 0.2058 0.3392 
     D237325  2 0.3746 0.0982 0.0415 0.0377 0.1057 0.0769 0.1864 0.0791 
     D237326  2 0.6011 0.0805 0.0376 0.0813 0.0475 0.0475 0.0535 0.0511 
     D237327  2 0.0410 0.0389 0.2984 0.0545 0.0855 0.1304 0.1156 0.2357 
     D237337  2 0.7976 0.0367 0.0229 0.0265 0.0284 0.0207 0.0368 0.0305 
     D237338  2 0.2418 0.1156 0.0897 0.0526 0.1016 0.0869 0.1727 0.1391 
     D237339  2 0.0337 0.0248 0.0562 0.0558 0.4874 0.1869 0.0375 0.1177 
     D237340  2 0.3335 0.1405 0.0493 0.0238 0.0771 0.2123 0.0874 0.0760 
     D237389  2 0.6497 0.0358 0.0281 0.0226 0.0543 0.0988 0.0528 0.0578 
     D237390  2 0.4695 0.0741 0.0600 0.0482 0.0980 0.0319 0.1463 0.0720 
     D244017  2 0.0588 0.2272 0.0494 0.0302 0.0335 0.4710 0.0366 0.0933 
     D244112  2 0.0299 0.0248 0.0222 0.0232 0.0210 0.8052 0.0407 0.0329 
     D244118  2 0.0562 0.0356 0.0283 0.0167 0.0387 0.6285 0.1592 0.0370 
     D244119  2 0.0386 0.5547 0.0268 0.0259 0.0173 0.2833 0.0186 0.0347 
     D244120  2 0.0703 0.0657 0.1135 0.0209 0.1031 0.5208 0.0384 0.0674 
     D244122  2 0.0389 0.0592 0.0458 0.0403 0.0446 0.6592 0.0594 0.0525 
        D291  2 0.0373 0.0242 0.5574 0.0898 0.0247 0.0617 0.0812 0.1236 
        D292  2 0.1056 0.0858 0.1887 0.1906 0.0490 0.2658 0.0305 0.0841 
        D293  2 0.0236 0.0233 0.0602 0.1384 0.0566 0.5425 0.0258 0.1296 
        D322  2 0.0553 0.0286 0.0514 0.1392 0.0960 0.4772 0.0486 0.1038 
        D323  2 0.1041 0.0669 0.0891 0.0871 0.1781 0.2225 0.0650 0.1871 
        D324  2 0.1002 0.0792 0.3835 0.1664 0.0270 0.0460 0.0788 0.1190 
        D325  2 0.0229 0.0169 0.0446 0.0606 0.0318 0.7318 0.0345 0.0569 
        D326  2 0.0185 0.0411 0.0374 0.8124 0.0220 0.0207 0.0190 0.0289 
        D340  2 0.0239 0.0279 0.0378 0.0306 0.0260 0.8031 0.0214 0.0293 
        D341  2 0.0680 0.0408 0.1058 0.0604 0.0492 0.5334 0.0713 0.0710 
        D342  2 0.0991 0.0248 0.0590 0.0335 0.0307 0.5574 0.0792 0.1164 
        D343  2 0.0136 0.0131 0.0207 0.0231 0.0192 0.8666 0.0189 0.0248 
        D344  2 0.0989 0.0363 0.0474 0.1393 0.4150 0.0796 0.0302 0.1533 
        D345  2 0.2631 0.0596 0.0787 0.1394 0.1342 0.0564 0.0667 0.2019 
        D346  2 0.0511 0.4801 0.1057 0.0871 0.0637 0.0969 0.0443 0.0710 
        D351  2 0.1057 0.0289 0.2035 0.2520 0.0765 0.0647 0.1018 0.1669 
        D352  2 0.0735 0.0586 0.0384 0.0304 0.6032 0.0531 0.0327 0.1101 
        D353  2 0.0225 0.0214 0.0302 0.1584 0.0969 0.0391 0.0252 0.6064 
        D354  2 0.0738 0.0650 0.0318 0.0905 0.6177 0.0185 0.0298 0.0730 
        D362  2 0.0674 0.0387 0.0359 0.6837 0.0247 0.0395 0.0561 0.0541 
        D363  2 0.0541 0.0629 0.0355 0.6948 0.0247 0.0318 0.0406 0.0556 
        D364  2 0.0995 0.0589 0.0313 0.3404 0.2629 0.0407 0.0316 0.1347 
        D365  2 0.0191 0.0283 0.0211 0.0391 0.0349 0.8171 0.0139 0.0264 
        D369  2 0.1155 0.1447 0.1683 0.2249 0.0296 0.1545 0.0573 0.1051 
        D374  2 0.0735 0.6600 0.0406 0.0245 0.0834 0.0328 0.0212 0.0640 
        D375  2 0.0414 0.0254 0.0175 0.0346 0.7372 0.0231 0.0291 0.0918 
        D376  2 0.0891 0.6236 0.0342 0.0238 0.0943 0.0445 0.0245 0.0661 
        D377  2 0.3445 0.0818 0.1050 0.0458 0.1127 0.0879 0.0821 0.1403 
        D378  2 0.0458 0.0337 0.0952 0.1889 0.1445 0.2452 0.1032 0.1435 
        D379  2 0.0374 0.0361 0.0449 0.6021 0.0635 0.0328 0.0473 0.1358 
        D384  2 0.0276 0.0522 0.0351 0.7694 0.0206 0.0225 0.0208 0.0518 
        D385  2 0.0291 0.0469 0.0262 0.0245 0.1640 0.6440 0.0195 0.0458 
        D386  2 0.0373 0.0308 0.0357 0.1195 0.4524 0.0988 0.0787 0.1468 
        D391  2 0.0320 0.0228 0.0334 0.0449 0.1249 0.6679 0.0288 0.0453 
        D392  2 0.1359 0.0599 0.0427 0.0734 0.0277 0.5457 0.0411 0.0736 
        D393  2 0.0671 0.0269 0.2166 0.2718 0.1663 0.1017 0.0734 0.0763 
        D394  2 0.2104 0.0554 0.0612 0.1053 0.1305 0.1238 0.1802 0.1331 
        D395  2 0.0340 0.0257 0.0396 0.0257 0.4335 0.3153 0.0373 0.0889 
        D401  2 0.8024 0.0422 0.0235 0.0244 0.0175 0.0343 0.0204 0.0354 
        D402  2 0.0338 0.0262 0.0825 0.0279 0.0764 0.6905 0.0228 0.0399 
        D403  2 0.0342 0.0322 0.0430 0.2049 0.1012 0.0399 0.1163 0.4284 
        D415  2 0.1259 0.0225 0.0364 0.5059 0.0338 0.0433 0.0565 0.1757 
        D435  2 0.0471 0.0220 0.0704 0.5082 0.0506 0.2010 0.0521 0.0487 
        D436  2 0.0619 0.0749 0.0318 0.1308 0.4966 0.0395 0.0729 0.0916 
        D438  2 0.0192 0.0332 0.0218 0.0217 0.0249 0.8250 0.0250 0.0292 
        D439  2 0.0976 0.0232 0.0493 0.1123 0.3961 0.0954 0.0670 0.1590 
        D449  2 0.0370 0.0390 0.0382 0.1463 0.0270 0.4999 0.0409 0.1717 
        D450  2 0.0698 0.1611 0.1085 0.1539 0.2225 0.0320 0.0777 0.1745 
        D456  2 0.0216 0.0240 0.0424 0.8131 0.0198 0.0201 0.0301 0.0288 
        D462  2 0.0215 0.0181 0.0333 0.0611 0.0691 0.7252 0.0323 0.0393 
        D463  2 0.0260 0.0446 0.0258 0.7795 0.0351 0.0192 0.0257 0.0442 
        D464  2 0.0339 0.0487 0.0285 0.0514 0.4242 0.0998 0.0309 0.2826 
        D465  2 0.0999 0.0296 0.0379 0.2044 0.0401 0.4778 0.0405 0.0697 
        D473  2 0.1265 0.4374 0.0678 0.0377 0.1482 0.0486 0.0694 0.0644 
        D474  2 0.0490 0.0471 0.1862 0.4862 0.0325 0.0839 0.0524 0.0627 
        D476  2 0.0287 0.0188 0.0498 0.0415 0.3666 0.0763 0.3580 0.0602 
        D477  2 0.1374 0.0732 0.1476 0.2557 0.2286 0.0322 0.0302 0.0951 
        D478  2 0.0600 0.1364 0.0688 0.0784 0.1087 0.1026 0.2289 0.2163 
        D480  2 0.0344 0.1204 0.1763 0.2227 0.1649 0.1032 0.0412 0.1369 
        D481  2 0.1131 0.1052 0.0758 0.2528 0.1322 0.1001 0.1006 0.1201 
        D482  2 0.0921 0.0975 0.1487 0.0258 0.4055 0.0427 0.0687 0.1191 
        D483  2 0.0307 0.0822 0.0316 0.0232 0.0179 0.7525 0.0256 0.0362 
        D484  2 0.0248 0.0253 0.0301 0.0166 0.8217 0.0291 0.0246 0.0279 
        D510  2 0.0379 0.5919 0.1411 0.0330 0.0624 0.0411 0.0379 0.0548 
        D511  2 0.0519 0.0260 0.0526 0.1376 0.5109 0.0845 0.0577 0.0787 
        D512  2 0.5753 0.0223 0.0423 0.0276 0.0510 0.1623 0.0540 0.0652 
        D513  2 0.0602 0.0646 0.0892 0.0891 0.0405 0.4830 0.0471 0.1262 
        D635  2 0.0469 0.0363 0.0381 0.3720 0.0244 0.0552 0.3096 0.1175 
        D636  2 0.0583 0.0346 0.0196 0.0650 0.0253 0.0341 0.7057 0.0574 
        D637  2 0.1237 0.1014 0.0667 0.0449 0.2898 0.1771 0.0589 0.1374 
        D658  2 0.0671 0.1089 0.0366 0.0300 0.2624 0.3983 0.0363 0.0604 
        D659  2 0.0233 0.0434 0.0807 0.6129 0.0558 0.0346 0.0732 0.0761 
        D677  2 0.1136 0.0287 0.1049 0.2454 0.0558 0.0916 0.2494 0.1106 
        D678  2 0.0462 0.0249 0.0386 0.0255 0.0344 0.6954 0.0410 0.0941 
        D679  2 0.0488 0.0681 0.1749 0.3603 0.0725 0.0567 0.0486 0.1701 
        D719  2 0.0691 0.3444 0.0846 0.1653 0.0491 0.1913 0.0210 0.0751 
        D720  2 0.0502 0.1066 0.0398 0.6524 0.0235 0.0413 0.0310 0.0551 
        D721  2 0.0290 0.0519 0.0416 0.0806 0.0467 0.0962 0.5643 0.0897 
        D722  2 0.1487 0.4226 0.0701 0.0426 0.0791 0.0953 0.0293 0.1123 
        D734  2 0.0189 0.1518 0.0495 0.0338 0.5713 0.0954 0.0240 0.0552 
        D735  2 0.1217 0.1126 0.1387 0.2308 0.0877 0.0797 0.0613 0.1674 
        D736  2 0.0691 0.2965 0.2891 0.0675 0.0704 0.0728 0.0591 0.0756 
        D737  2 0.0651 0.0527 0.0616 0.0217 0.1133 0.5504 0.0571 0.0782 
        D807  2 0.1017 0.2418 0.1537 0.1984 0.0949 0.0755 0.0633 0.0707 
        D808  2 0.2943 0.0445 0.1111 0.0920 0.0593 0.1206 0.0975 0.1809 
        D817  2 0.1129 0.0537 0.0909 0.3829 0.1385 0.0396 0.0627 0.1189 
        D818  2 0.0304 0.0356 0.1545 0.0893 0.0549 0.2049 0.2292 0.2012 
        D819  2 0.3445 0.0575 0.0748 0.2033 0.0553 0.0550 0.0699 0.1397 
        D820  2 0.0270 0.0314 0.0502 0.6395 0.0855 0.0659 0.0435 0.0569 
        D895  2 0.0593 0.0461 0.0526 0.3955 0.0697 0.0631 0.1094 0.2044 
        D896  2 0.8401 0.0400 0.0201 0.0185 0.0242 0.0185 0.0210 0.0176 
        D897  2 0.0750 0.0414 0.0836 0.0437 0.0489 0.5191 0.0523 0.1361 
        D898  2 0.4264 0.0444 0.1609 0.0480 0.0695 0.0513 0.0488 0.1507 
        D918  2 0.1384 0.0823 0.0895 0.0452 0.1263 0.0871 0.2165 0.2147 
        D919  2 0.0405 0.0305 0.0998 0.1577 0.3425 0.1238 0.0445 0.1607 
        D920  2 0.0685 0.0873 0.0369 0.0366 0.0444 0.0501 0.6171 0.0590 
        D923  2 0.0352 0.0312 0.0328 0.6418 0.1109 0.0444 0.0380 0.0656 
        D930  2 0.0922 0.1304 0.1018 0.2127 0.1754 0.0536 0.0378 0.1961 
        D931  2 0.0580 0.0670 0.0573 0.2916 0.2386 0.1495 0.0505 0.0875 
        D968  2 0.0327 0.0198 0.0665 0.0343 0.0356 0.7511 0.0212 0.0387 
        D969  2 0.0643 0.0674 0.1798 0.2215 0.0473 0.2394 0.0501 0.1302 
        D977  2 0.0286 0.0324 0.0490 0.0397 0.0372 0.6693 0.0389 0.1049 
        D978  2 0.0460 0.0448 0.4888 0.0430 0.0452 0.1327 0.0496 0.1500 
        D211  3 0.0340 0.0299 0.0551 0.0883 0.0422 0.0264 0.6568 0.0674 
     D229639  3 0.0576 0.1135 0.5421 0.0889 0.0360 0.0560 0.0388 0.0670 
     D237212  3 0.0722 0.0324 0.2926 0.0926 0.2191 0.0865 0.1118 0.0927 
     D237213  3 0.3110 0.0253 0.0947 0.0686 0.1697 0.0570 0.1543 0.1195 
     D237214  3 0.0265 0.0440 0.0202 0.0441 0.0252 0.0303 0.7454 0.0643 
     D237215  3 0.0560 0.1136 0.1176 0.0228 0.0335 0.5781 0.0204 0.0580 
     D237216  3 0.0488 0.0378 0.0753 0.0645 0.0515 0.0437 0.1465 0.5320 
     D237217  3 0.0494 0.0220 0.0765 0.1243 0.0279 0.0446 0.3439 0.3113 
     D237218  3 0.0330 0.0650 0.4084 0.0664 0.1633 0.0581 0.0917 0.1141 
     D237219  3 0.2745 0.0937 0.1473 0.0649 0.0316 0.0437 0.2095 0.1347 
     D237382  3 0.3373 0.1319 0.0742 0.1023 0.0702 0.0641 0.0845 0.1354 
     D244127  3 0.6067 0.0308 0.0950 0.0254 0.0390 0.0707 0.0654 0.0671 
     D244129  3 0.2481 0.0550 0.1104 0.1256 0.0785 0.0961 0.1305 0.1558 
     D244133  3 0.0703 0.1785 0.0861 0.1139 0.0238 0.2224 0.1389 0.1662 
     D244134  3 0.0996 0.2001 0.4530 0.0426 0.0303 0.0410 0.0517 0.0816 
     D244135  3 0.0323 0.0210 0.0374 0.0580 0.0308 0.0789 0.6767 0.0649 
     D244136  3 0.0583 0.2215 0.1070 0.2334 0.0474 0.1242 0.0915 0.1167 
        D416  3 0.1204 0.0481 0.1113 0.1698 0.0586 0.1504 0.0959 0.2456 
        D417  3 0.0834 0.0471 0.0342 0.5564 0.0505 0.0288 0.0986 0.1010 
        D419  3 0.1414 0.0894 0.1922 0.1540 0.0507 0.1013 0.1313 0.1396 
        D565  3 0.0263 0.7508 0.0576 0.0564 0.0229 0.0225 0.0292 0.0345 
        D566  3 0.0820 0.2763 0.3296 0.0849 0.0356 0.0743 0.0373 0.0800 
        D567  3 0.0863 0.0420 0.0344 0.5435 0.0757 0.0687 0.0842 0.0651 
        D568  3 0.0889 0.0277 0.0852 0.1812 0.1237 0.1436 0.2023 0.1473 
        D569  3 0.0368 0.0590 0.0557 0.0385 0.4810 0.1277 0.0948 0.1066 
        D573  3 0.0432 0.0324 0.3554 0.2137 0.0329 0.1907 0.0272 0.1043 
        D574  3 0.1103 0.3423 0.1543 0.0501 0.0495 0.0629 0.0663 0.1643 
        D575  3 0.1553 0.1327 0.1242 0.1364 0.0516 0.0781 0.1709 0.1507 
        D576  3 0.0313 0.0517 0.1048 0.0129 0.0364 0.6509 0.0492 0.0628 
        D577  3 0.0390 0.0556 0.0743 0.5074 0.0670 0.0430 0.1245 0.0892 
        D578  3 0.0404 0.0200 0.0211 0.0203 0.0203 0.0402 0.7938 0.0439 
        D579  3 0.0640 0.1927 0.1862 0.1979 0.1080 0.0802 0.0787 0.0922 
        D660  3 0.0890 0.0249 0.0501 0.0273 0.0542 0.5985 0.0594 0.0964 
        D661  3 0.0439 0.0283 0.2401 0.0464 0.0795 0.2617 0.1202 0.1799 
        D663  3 0.0339 0.0322 0.5118 0.0739 0.0647 0.0879 0.0352 0.1604 
        D664  3 0.1587 0.1091 0.0789 0.0315 0.0375 0.1867 0.2336 0.1638 
        D665  3 0.1636 0.0210 0.0664 0.0245 0.1416 0.0788 0.2260 0.2783 
        D666  3 0.3406 0.1417 0.1057 0.1214 0.0512 0.0417 0.0926 0.1051 
        D009  4 0.1200 0.0483 0.0509 0.1338 0.1411 0.0392 0.3041 0.1626 
        D057  4 0.0229 0.0337 0.0823 0.0449 0.3324 0.1713 0.2553 0.0572 
        D109  4 0.4541 0.0819 0.0427 0.0708 0.0613 0.0330 0.0989 0.1573 
     D237222  4 0.0451 0.1930 0.0451 0.0544 0.0581 0.0500 0.4943 0.0600 
     D237223  4 0.1414 0.1283 0.0523 0.0489 0.0888 0.0846 0.2775 0.1781 
     D237224  4 0.0647 0.0433 0.1566 0.1568 0.2214 0.1931 0.0617 0.1024 
     D237225  4 0.0767 0.0579 0.1120 0.1347 0.0780 0.0519 0.2345 0.2542 
     D237299  4 0.1729 0.0467 0.2438 0.0406 0.0473 0.0348 0.1345 0.2795 
     D237300  4 0.0275 0.0510 0.7117 0.0239 0.0375 0.0564 0.0311 0.0610 
     D237306  4 0.1605 0.4604 0.0403 0.0828 0.0707 0.0425 0.0703 0.0726 
     D237307  4 0.0619 0.1893 0.1344 0.3282 0.0352 0.0667 0.0657 0.1185 
     D237308  4 0.0868 0.0883 0.0449 0.0441 0.2153 0.3876 0.0499 0.0831 
     D237309  4 0.1235 0.0350 0.0746 0.1630 0.1014 0.0794 0.1845 0.2386 
     D237317  4 0.0697 0.2774 0.0783 0.1750 0.0455 0.0383 0.0474 0.2684 
     D237318  4 0.0248 0.0346 0.7572 0.0422 0.0182 0.0561 0.0248 0.0423 
     D237319  4 0.1627 0.0516 0.0879 0.0878 0.0514 0.0831 0.2561 0.2194 
     D237320  4 0.1010 0.0473 0.1680 0.0831 0.0307 0.1029 0.3842 0.0828 
     D237321  4 0.0584 0.0662 0.4942 0.0811 0.0347 0.1208 0.0599 0.0847 
     D237397  4 0.0861 0.1875 0.1752 0.0896 0.0433 0.1146 0.1925 0.1113 
     D237398  4 0.0279 0.0262 0.6639 0.0585 0.0487 0.0453 0.0541 0.0752 
     D237399  4 0.0762 0.1250 0.3177 0.1063 0.0539 0.0547 0.1815 0.0847 
     D244001  4 0.0573 0.0494 0.0489 0.0426 0.0761 0.1355 0.4315 0.1587 
        D289  4 0.0446 0.2563 0.1292 0.0950 0.2064 0.0988 0.0790 0.0906 
        D290  4 0.1012 0.0445 0.2984 0.0789 0.0909 0.0676 0.0949 0.2235 
        D294  4 0.0340 0.0596 0.1001 0.1259 0.2726 0.0506 0.1245 0.2328 
        D295  4 0.2131 0.0648 0.0713 0.3142 0.1156 0.0404 0.0891 0.0915 
        D301  4 0.0752 0.0718 0.1325 0.0314 0.0547 0.0625 0.5130 0.0590 
        D302  4 0.0239 0.0212 0.0308 0.0807 0.7468 0.0199 0.0341 0.0426 
        D303  4 0.0998 0.5241 0.0457 0.0480 0.1022 0.0843 0.0393 0.0565 
        D304  4 0.0330 0.0759 0.4362 0.0836 0.0530 0.0521 0.0575 0.2088 
        D305  4 0.0507 0.0182 0.0404 0.0278 0.2905 0.1139 0.0387 0.4200 
        D306  4 0.0702 0.0706 0.1083 0.0710 0.0525 0.0396 0.0662 0.5217 
        D307  4 0.0565 0.0974 0.0711 0.0289 0.0605 0.0319 0.6076 0.0462 
        D327  4 0.0307 0.0759 0.0591 0.5555 0.0562 0.0679 0.0526 0.1021 
        D328  4 0.0903 0.1357 0.0387 0.0280 0.5691 0.0435 0.0379 0.0568 
        D329  4 0.1010 0.0575 0.1077 0.0723 0.1952 0.1754 0.1078 0.1832 
        D330  4 0.2782 0.0291 0.0252 0.2421 0.0886 0.1019 0.1163 0.1186 
        D331  4 0.1225 0.0901 0.3243 0.1698 0.0460 0.0594 0.0625 0.1254 
        D333  4 0.1124 0.1332 0.1411 0.0885 0.2062 0.1161 0.0930 0.1094 
        D334  4 0.0405 0.5054 0.0560 0.1011 0.0799 0.0275 0.1203 0.0691 
        D335  4 0.0370 0.0508 0.0398 0.1164 0.5758 0.0671 0.0423 0.0708 
        D370  4 0.4299 0.1018 0.0426 0.0570 0.1183 0.0729 0.0399 0.1375 
        D371  4 0.0307 0.6597 0.0377 0.1150 0.0342 0.0426 0.0209 0.0593 
        D372  4 0.0357 0.0354 0.6508 0.0167 0.0226 0.0745 0.0231 0.1412 
        D373  4 0.0339 0.0301 0.0847 0.0575 0.0693 0.1015 0.5493 0.0736 
        D455  4 0.0398 0.0355 0.0804 0.0376 0.0784 0.0480 0.6382 0.0420 
        D490  4 0.0266 0.0298 0.0227 0.0263 0.0323 0.0155 0.8213 0.0254 
        D497  4 0.0509 0.0264 0.0353 0.0225 0.0799 0.0271 0.6974 0.0605 
        D498  4 0.2860 0.1285 0.2321 0.0780 0.0454 0.0669 0.0560 0.1071 
        D499  4 0.1287 0.1360 0.1375 0.0362 0.1402 0.1866 0.0368 0.1979 
        D514  4 0.1120 0.0268 0.1000 0.3245 0.1646 0.0566 0.0781 0.1375 
        D515  4 0.1478 0.0553 0.0324 0.0633 0.0927 0.0461 0.4648 0.0975 
        D516  4 0.2212 0.0954 0.1023 0.2267 0.0364 0.0823 0.1177 0.1180 
        D517  4 0.0676 0.0314 0.0657 0.0838 0.0379 0.0673 0.5004 0.1459 
        D518  4 0.0244 0.0860 0.0298 0.0356 0.4859 0.0578 0.2048 0.0757 
        D519  4 0.0846 0.0344 0.1270 0.0751 0.0299 0.0443 0.5132 0.0916 
        D560  4 0.0715 0.0337 0.1402 0.1234 0.0727 0.0715 0.3268 0.1603 
        D561  4 0.1320 0.0243 0.0715 0.1919 0.0888 0.0647 0.1834 0.2433 
        D562  4 0.0919 0.0808 0.1105 0.0664 0.1422 0.1165 0.2373 0.1546 
        D563  4 0.0554 0.0308 0.0724 0.0395 0.1922 0.4228 0.0732 0.1136 
        D572  4 0.0283 0.0338 0.0310 0.0591 0.6858 0.0438 0.0698 0.0483 
        D629  4 0.0389 0.0366 0.0914 0.3369 0.0833 0.0362 0.2844 0.0924 
        D630  4 0.0511 0.0684 0.1257 0.1050 0.1324 0.0530 0.3491 0.1154 
        D631  4 0.0308 0.0315 0.0620 0.0344 0.6035 0.1075 0.0581 0.0723 
        D632  4 0.0786 0.0238 0.0302 0.0953 0.2071 0.2125 0.2657 0.0867 
        D646  4 0.2039 0.0374 0.0598 0.2414 0.0587 0.0664 0.1819 0.1505 
        D647  4 0.1053 0.0222 0.0635 0.4427 0.0772 0.0716 0.1443 0.0732 
        D648  4 0.0297 0.0909 0.0236 0.0230 0.7102 0.0504 0.0301 0.0421 
        D649  4 0.2235 0.0326 0.0534 0.3547 0.1630 0.0300 0.0795 0.0633 
        D650  4 0.0854 0.1183 0.1332 0.2080 0.1402 0.0359 0.1650 0.1140 
        D708  4 0.0630 0.1896 0.1239 0.0617 0.2840 0.0389 0.0755 0.1635 
        D709  4 0.4118 0.0548 0.0877 0.0431 0.1015 0.0584 0.0352 0.2076 
        D738  4 0.1253 0.4554 0.0621 0.1157 0.0431 0.0241 0.1022 0.0720 
        D739  4 0.0750 0.0441 0.0777 0.0441 0.1103 0.0381 0.4575 0.1531 
        D740  4 0.2108 0.1347 0.1706 0.0316 0.0677 0.0699 0.0693 0.2454 
        D741  4 0.1059 0.0272 0.0689 0.1822 0.0434 0.1200 0.2267 0.2258 
        D742  4 0.0591 0.0997 0.1431 0.0571 0.0914 0.2963 0.1185 0.1348 
        D743  4 0.0246 0.0331 0.0599 0.3944 0.3020 0.0636 0.0535 0.0689 
        D744  4 0.0286 0.0283 0.0380 0.0531 0.7053 0.0575 0.0366 0.0525 
        D745  4 0.0954 0.0358 0.0650 0.0461 0.0424 0.0256 0.6214 0.0684 
        D814  4 0.0213 0.0287 0.0771 0.0464 0.1023 0.2422 0.1377 0.3442 
        D815  4 0.1239 0.0465 0.0713 0.1498 0.4149 0.0572 0.0444 0.0920 
        D828  4 0.0827 0.1806 0.1137 0.0219 0.2672 0.1553 0.0534 0.1251 
        D845  4 0.0220 0.0420 0.7802 0.0287 0.0282 0.0486 0.0215 0.0287 
        D846  4 0.0300 0.0192 0.0739 0.1463 0.2646 0.1879 0.1456 0.1326 
        D847  4 0.0700 0.1121 0.1495 0.1016 0.0720 0.0726 0.3254 0.0968 
        D848  4 0.0338 0.0319 0.1935 0.0274 0.0521 0.0959 0.5005 0.0650 
        D849  4 0.1486 0.0369 0.0447 0.0530 0.0812 0.0445 0.4445 0.1467 
        D850  4 0.0515 0.0966 0.2000 0.1765 0.0588 0.0527 0.1981 0.1659 
        D856  4 0.3629 0.0668 0.0767 0.0615 0.0632 0.0399 0.0855 0.2435 
        D857  4 0.6297 0.0484 0.0245 0.0149 0.0454 0.1259 0.0573 0.0539 
        D859  4 0.0361 0.0364 0.1100 0.0736 0.5587 0.0518 0.0470 0.0865 
        D860  4 0.0328 0.3980 0.1617 0.0970 0.0874 0.1024 0.0379 0.0828 
        D883  4 0.1077 0.0981 0.0876 0.2533 0.0991 0.0454 0.2204 0.0883 
        D884  4 0.2504 0.1176 0.0488 0.1211 0.1199 0.0367 0.2052 0.1003 
        D885  4 0.0707 0.0381 0.2045 0.1497 0.0947 0.0942 0.1105 0.2376 
        D886  4 0.2134 0.0435 0.0815 0.1701 0.0791 0.0926 0.2157 0.1041 
        D887  4 0.0885 0.0676 0.1980 0.1238 0.1439 0.1785 0.0590 0.1407 
        D889  4 0.0252 0.0246 0.7089 0.0388 0.0595 0.0217 0.0335 0.0877 
        D890  4 0.1979 0.1568 0.0640 0.0676 0.1836 0.1041 0.0897 0.1364 
        D891  4 0.0146 0.0152 0.8858 0.0220 0.0120 0.0177 0.0149 0.0179 
        D899  4 0.0425 0.0892 0.1397 0.0439 0.0851 0.4864 0.0394 0.0736 
        D900  4 0.1026 0.0798 0.0970 0.1376 0.1625 0.1267 0.1267 0.1671 
        D970  4 0.0700 0.0506 0.1716 0.1668 0.2259 0.0788 0.0882 0.1481 
        D971  4 0.0964 0.0645 0.0388 0.0677 0.2009 0.4094 0.0359 0.0865 
        D979  4 0.0299 0.0477 0.0571 0.2338 0.4600 0.0694 0.0358 0.0663 
        D093  5 0.0384 0.6503 0.0768 0.0599 0.0380 0.0432 0.0385 0.0549 
        D154  5 0.0647 0.0770 0.2774 0.0335 0.0672 0.1668 0.0437 0.2696 
        D168  5 0.0932 0.0294 0.1230 0.0957 0.0555 0.2672 0.1483 0.1878 
        D189  5 0.0552 0.3633 0.2642 0.0598 0.0544 0.0417 0.0528 0.1085 
        D190  5 0.0665 0.6809 0.0494 0.0349 0.0708 0.0368 0.0259 0.0349 
     D237220  5 0.1250 0.1185 0.2123 0.0377 0.1050 0.0336 0.2555 0.1124 
     D237221  5 0.0842 0.2095 0.2774 0.0890 0.0766 0.0984 0.0575 0.1074 
     D237274  5 0.1099 0.0237 0.0359 0.4049 0.1792 0.0874 0.0403 0.1186 
     D237275  5 0.0959 0.0438 0.1340 0.0262 0.0344 0.5418 0.0337 0.0902 
     D237276  5 0.1855 0.2018 0.0768 0.1108 0.0897 0.0541 0.1459 0.1355 
     D237277  5 0.0578 0.4527 0.2176 0.0394 0.0709 0.0764 0.0259 0.0593 
     D237278  5 0.1231 0.1737 0.0488 0.0751 0.0941 0.3260 0.0569 0.1024 
     D237279  5 0.2620 0.0329 0.0536 0.0617 0.0913 0.0386 0.1144 0.3455 
     D237280  5 0.3452 0.0976 0.0466 0.1380 0.0616 0.0378 0.1044 0.1689 
     D237281  5 0.0344 0.0324 0.4770 0.0707 0.0387 0.2278 0.0265 0.0926 
     D237351  5 0.6182 0.0870 0.0668 0.0377 0.0415 0.0248 0.0628 0.0612 
     D237352  5 0.0545 0.0813 0.0504 0.0680 0.2555 0.0817 0.3158 0.0928 
     D237353  5 0.0763 0.6617 0.0896 0.0282 0.0558 0.0273 0.0200 0.0411 
     D237359  5 0.0638 0.0650 0.3019 0.0468 0.0848 0.0332 0.2776 0.1269 
     D237361  5 0.0540 0.7508 0.0500 0.0310 0.0316 0.0264 0.0207 0.0356 
     D237362  5 0.0936 0.1431 0.1414 0.2639 0.0840 0.0738 0.0726 0.1276 
     D237363  5 0.0729 0.0658 0.0867 0.0472 0.0333 0.1061 0.0366 0.5513 
     D237364  5 0.1025 0.0219 0.1345 0.1102 0.1772 0.1512 0.1455 0.1570 
     D237376  5 0.0713 0.2305 0.0467 0.0202 0.4720 0.0674 0.0291 0.0629 
     D237377  5 0.2883 0.1481 0.0505 0.1729 0.0631 0.0596 0.0444 0.1730 
     D237378  5 0.0393 0.5160 0.0826 0.0320 0.1222 0.0918 0.0536 0.0627 
     D237379  5 0.0531 0.2156 0.0639 0.0445 0.3860 0.0631 0.0649 0.1091 
     D237380  5 0.5026 0.0952 0.0265 0.0279 0.1790 0.0311 0.0498 0.0878 
     D237381  5 0.2982 0.0838 0.0657 0.0458 0.0899 0.0978 0.1709 0.1479 
     D237391  5 0.0451 0.6606 0.1071 0.0445 0.0328 0.0250 0.0375 0.0474 
     D237392  5 0.1007 0.0387 0.0472 0.2898 0.1121 0.2537 0.0511 0.1067 
     D237393  5 0.1185 0.1768 0.0846 0.3438 0.0461 0.0875 0.0571 0.0855 
     D237394  5 0.0444 0.7600 0.0301 0.0378 0.0442 0.0176 0.0229 0.0429 
     D237395  5 0.1406 0.2754 0.1949 0.0506 0.0458 0.0772 0.0950 0.1206 
     D237396  5 0.0857 0.1678 0.0928 0.3235 0.0512 0.0786 0.0659 0.1346 
     D244016  5 0.0608 0.2164 0.1232 0.0391 0.2687 0.0669 0.0331 0.1917 
     D244018  5 0.0693 0.2222 0.1087 0.0737 0.0347 0.2799 0.0818 0.1297 
     D244019  5 0.0944 0.0665 0.1962 0.1283 0.1069 0.1405 0.0367 0.2304 
        D279  5 0.0568 0.0675 0.4553 0.0426 0.0917 0.0737 0.0499 0.1625 
        D280  5 0.0902 0.1469 0.2423 0.0922 0.0329 0.0635 0.0940 0.2382 
        D281  5 0.0264 0.0950 0.5623 0.0385 0.0424 0.0975 0.0242 0.1137 
        D283  5 0.0772 0.3368 0.1779 0.1138 0.0393 0.0458 0.0417 0.1675 
        D284  5 0.1077 0.0491 0.1487 0.0722 0.0603 0.0452 0.3336 0.1834 
        D285  5 0.0669 0.2815 0.3336 0.0636 0.0811 0.0242 0.0410 0.1081 
        D286  5 0.1046 0.1736 0.1090 0.1072 0.2053 0.0531 0.1167 0.1306 
        D287  5 0.1098 0.1935 0.0447 0.0209 0.3846 0.0522 0.0738 0.1205 
        D288  5 0.0668 0.0645 0.3524 0.2055 0.0283 0.0489 0.0395 0.1940 
        D308  5 0.6758 0.0464 0.0338 0.0789 0.0384 0.0298 0.0296 0.0673 
        D309  5 0.0386 0.0279 0.0222 0.0450 0.7604 0.0208 0.0412 0.0438 
        D310  5 0.0376 0.6131 0.0542 0.0275 0.0291 0.0210 0.0180 0.1996 
        D311  5 0.0656 0.1309 0.0746 0.1377 0.2333 0.0609 0.0553 0.2417 
        D312  5 0.0613 0.2123 0.0925 0.1250 0.2263 0.0794 0.1006 0.1026 
        D313  5 0.4907 0.0444 0.0245 0.0247 0.0164 0.0182 0.3464 0.0347 
        D314  5 0.1617 0.0743 0.1679 0.0346 0.1451 0.1099 0.1102 0.1964 
        D315  5 0.1032 0.2483 0.0627 0.2633 0.0554 0.0733 0.0733 0.1204 
        D317  5 0.0268 0.7608 0.0468 0.0523 0.0221 0.0248 0.0326 0.0337 
        D318  5 0.0649 0.0635 0.0668 0.1060 0.1771 0.1619 0.1675 0.1923 
        D319  5 0.0906 0.6884 0.0586 0.0342 0.0266 0.0242 0.0283 0.0490 
        D320  5 0.0789 0.5400 0.1232 0.0467 0.0783 0.0277 0.0423 0.0628 
        D321  5 0.5184 0.0802 0.1680 0.1017 0.0263 0.0178 0.0325 0.0551 
        D336  5 0.0385 0.6779 0.0317 0.0279 0.0766 0.0238 0.0337 0.0899 
        D337  5 0.0247 0.7095 0.0856 0.0322 0.0444 0.0376 0.0193 0.0467 
        D338  5 0.0785 0.1289 0.2230 0.1596 0.0689 0.0616 0.0837 0.1959 
        D339  5 0.0701 0.5120 0.1480 0.0561 0.0307 0.0498 0.0357 0.0976 
        D347  5 0.0808 0.0814 0.1131 0.1674 0.1349 0.1978 0.0470 0.1776 
        D348  5 0.0327 0.6207 0.0403 0.0340 0.1469 0.0378 0.0219 0.0658 
        D349  5 0.7837 0.0480 0.0380 0.0256 0.0286 0.0231 0.0214 0.0316 
        D350  5 0.0255 0.0232 0.0303 0.0287 0.7887 0.0326 0.0348 0.0362 
        D355  5 0.0822 0.0324 0.3800 0.0992 0.0921 0.1032 0.0266 0.1843 
        D356  5 0.0789 0.2278 0.0974 0.2304 0.0739 0.0423 0.1520 0.0974 
        D357  5 0.1980 0.0996 0.1668 0.0699 0.0994 0.0889 0.0535 0.2239 
        D358  5 0.0895 0.3839 0.0663 0.0754 0.1479 0.0666 0.0636 0.1068 
        D359  5 0.1306 0.3618 0.0878 0.1913 0.0896 0.0285 0.0225 0.0878 
        D360  5 0.0612 0.4392 0.0983 0.1097 0.0561 0.0305 0.1403 0.0648 
        D361  5 0.7699 0.0365 0.0236 0.0534 0.0215 0.0318 0.0283 0.0351 
        D366  5 0.0350 0.0321 0.0300 0.4080 0.0284 0.3712 0.0347 0.0606 
        D367  5 0.1294 0.4217 0.0626 0.0329 0.1335 0.0278 0.0361 0.1560 
        D368  5 0.3182 0.1701 0.0903 0.1081 0.0720 0.0358 0.0410 0.1645 
        D380  5 0.0548 0.0462 0.0790 0.0829 0.4676 0.0553 0.0727 0.1415 
        D381  5 0.0718 0.3846 0.1855 0.0709 0.0554 0.0442 0.0245 0.1631 
        D400  5 0.0509 0.2225 0.1934 0.0816 0.1435 0.1219 0.0585 0.1277 
        D411  5 0.0730 0.0162 0.0368 0.0272 0.0380 0.0558 0.6942 0.0588 
        D412  5 0.0919 0.0907 0.1251 0.1048 0.0533 0.1548 0.0681 0.3113 
        D413  5 0.0304 0.0402 0.0616 0.1280 0.0622 0.5033 0.1027 0.0716 
        D414  5 0.0320 0.0234 0.0682 0.0306 0.6800 0.0710 0.0347 0.0602 
        D420  5 0.0870 0.0399 0.4598 0.0386 0.0345 0.0250 0.1878 0.1274 
        D431  5 0.1340 0.0549 0.2022 0.0281 0.2810 0.0770 0.0745 0.1484 
        D432  5 0.0796 0.4526 0.0713 0.0728 0.0541 0.0889 0.0596 0.1210 
        D433  5 0.1616 0.4037 0.1495 0.0867 0.0399 0.0472 0.0239 0.0875 
        D434  5 0.1879 0.3518 0.1159 0.0673 0.0440 0.0338 0.0550 0.1443 
        D440  5 0.0357 0.0360 0.0246 0.0243 0.7747 0.0238 0.0255 0.0554 
        D447  5 0.0564 0.0378 0.0390 0.2640 0.0953 0.1181 0.1565 0.2329 
        D448  5 0.0473 0.4494 0.0835 0.0805 0.0992 0.0739 0.0295 0.1366 
        D459  5 0.0406 0.0336 0.3955 0.0835 0.0826 0.2475 0.0317 0.0848 
        D460  5 0.6746 0.0781 0.0322 0.0912 0.0311 0.0264 0.0250 0.0413 
        D461  5 0.0262 0.0261 0.0315 0.0858 0.7498 0.0197 0.0288 0.0321 
        D468  5 0.1734 0.1576 0.0524 0.2233 0.0698 0.0896 0.0729 0.1610 
        D469  5 0.0846 0.0898 0.0569 0.5022 0.0823 0.0358 0.0757 0.0727 
        D470  5 0.0482 0.1174 0.0573 0.0965 0.1334 0.0410 0.3226 0.1836 
        D471  5 0.0542 0.4610 0.1571 0.0725 0.0936 0.0492 0.0305 0.0819 
        D472  5 0.0308 0.0252 0.1207 0.6243 0.0207 0.1013 0.0298 0.0472 
        D479  5 0.0302 0.0278 0.0269 0.0438 0.1351 0.6633 0.0267 0.0462 
        D485  5 0.0667 0.0592 0.0437 0.0324 0.5616 0.0805 0.0728 0.0831 
        D486  5 0.1600 0.0983 0.0477 0.1563 0.0947 0.0740 0.2115 0.1575 
        D487  5 0.0771 0.1528 0.2897 0.0365 0.1227 0.1203 0.0539 0.1469 
        D555  5 0.0337 0.7038 0.0556 0.0320 0.0318 0.0707 0.0282 0.0442 
        D556  5 0.0690 0.0964 0.3334 0.0590 0.2449 0.0402 0.0587 0.0985 
        D557  5 0.0526 0.6782 0.0314 0.0418 0.0572 0.0575 0.0239 0.0575 
        D564  5 0.1949 0.2126 0.0333 0.0617 0.2889 0.0484 0.0544 0.1059 
        D594  5 0.1562 0.0745 0.0549 0.1640 0.1030 0.1899 0.0388 0.2186 
        D595  5 0.0896 0.2404 0.1037 0.1882 0.0831 0.1174 0.0602 0.1175 
        D596  5 0.0403 0.7453 0.0482 0.0314 0.0252 0.0511 0.0260 0.0325 
        D597  5 0.0426 0.2239 0.2415 0.0954 0.0751 0.1873 0.0334 0.1008 
        D598  5 0.0750 0.3821 0.0707 0.0907 0.1123 0.0690 0.1074 0.0928 
        D617  5 0.0493 0.0192 0.0557 0.0409 0.0331 0.2396 0.4676 0.0946 
        D618  5 0.0815 0.3241 0.2501 0.0673 0.0761 0.0600 0.0513 0.0897 
        D619  5 0.4139 0.1032 0.0569 0.1668 0.0540 0.0908 0.0263 0.0882 
        D620  5 0.0338 0.0487 0.0903 0.0850 0.0305 0.6381 0.0375 0.0362 
        D628  5 0.0386 0.0656 0.0280 0.0241 0.6887 0.0434 0.0504 0.0612 
        D714  5 0.0525 0.1309 0.2570 0.0274 0.3676 0.0452 0.0373 0.0821 
        D715  5 0.0447 0.5166 0.1776 0.0826 0.0512 0.0408 0.0311 0.0553 
        D716  5 0.0448 0.0845 0.1223 0.0951 0.2267 0.1510 0.0644 0.2113 
        D717  5 0.0879 0.1618 0.1952 0.1923 0.1169 0.0419 0.1046 0.0994 
        D718  5 0.1810 0.1410 0.1155 0.0284 0.0918 0.0668 0.1356 0.2399 
        D769  5 0.0470 0.0397 0.0578 0.0400 0.0637 0.1163 0.4950 0.1405 
        D770  5 0.0504 0.0698 0.0675 0.0436 0.3920 0.2449 0.0334 0.0983 
        D771  5 0.0812 0.0770 0.1614 0.0495 0.1148 0.2531 0.1091 0.1537 
        D772  5 0.0321 0.0978 0.0720 0.0346 0.6307 0.0292 0.0547 0.0489 
        D782  5 0.1956 0.0434 0.2213 0.0467 0.0316 0.0820 0.0427 0.3367 
        D783  5 0.0447 0.1194 0.0963 0.0256 0.3257 0.2228 0.0351 0.1305 
        D784  5 0.0572 0.1087 0.2251 0.1889 0.2133 0.0421 0.0611 0.1036 
        D785  5 0.1185 0.5188 0.0531 0.0404 0.1377 0.0284 0.0444 0.0586 
        D786  5 0.0985 0.0282 0.0423 0.1626 0.1539 0.1071 0.3249 0.0826 
        D821  5 0.0256 0.7964 0.0465 0.0164 0.0492 0.0181 0.0167 0.0310 
        D822  5 0.1153 0.1081 0.1254 0.1441 0.1567 0.1006 0.0345 0.2153 
        D826  5 0.0763 0.2362 0.3221 0.0630 0.0686 0.0964 0.0330 0.1044 
        D827  5 0.0495 0.0482 0.0553 0.2745 0.1055 0.0900 0.1582 0.2188 
        D851  5 0.1184 0.1358 0.1056 0.1113 0.0956 0.0590 0.0535 0.3207 
        D852  5 0.1167 0.1295 0.3032 0.0309 0.2550 0.0642 0.0362 0.0642 
        D853  5 0.1086 0.1983 0.3135 0.0741 0.0535 0.0583 0.0703 0.1234 
        D854  5 0.1598 0.0257 0.2343 0.1052 0.0923 0.1093 0.0658 0.2076 
        D861  5 0.1177 0.1085 0.1651 0.0818 0.0636 0.1078 0.0758 0.2798 
        D862  5 0.0747 0.2407 0.0674 0.2911 0.0908 0.0359 0.0688 0.1305 
        D865  5 0.1032 0.5056 0.0961 0.0370 0.0630 0.0810 0.0400 0.0741 
        D868  5 0.0462 0.0829 0.0947 0.5891 0.0362 0.0384 0.0662 0.0463 
        D869  5 0.0638 0.0560 0.0312 0.0650 0.0200 0.0486 0.6555 0.0600 
        D870  5 0.0595 0.0185 0.0814 0.1630 0.0337 0.1017 0.1309 0.4111 
        D907  5 0.0851 0.5297 0.0543 0.0482 0.0367 0.0512 0.0550 0.1398 
        D908  5 0.1706 0.1424 0.2369 0.0328 0.1522 0.1563 0.0285 0.0803 
        D910  5 0.0587 0.2349 0.2214 0.1028 0.0848 0.1422 0.0377 0.1174 
        D911  5 0.0507 0.0298 0.6396 0.0715 0.0368 0.0374 0.0264 0.1078 
        D934  5 0.0576 0.0441 0.2264 0.0487 0.2755 0.1483 0.0399 0.1595 
        D946  5 0.1560 0.0422 0.1327 0.0276 0.4270 0.0637 0.0392 0.1115 
        D947  5 0.0780 0.0389 0.2966 0.1123 0.2460 0.0408 0.0802 0.1072 
