        D174  1 0.5044 0.3594 0.1363 
        D199  1 0.3592 0.0962 0.5446 
        D203  1 0.1535 0.4290 0.4175 
        D204  1 0.0613 0.0920 0.8467 
     D237366  1 0.1426 0.6127 0.2446 
     D237367  1 0.0811 0.4003 0.5186 
     D237368  1 0.1179 0.5980 0.2841 
     D244101  1 0.0673 0.0425 0.8902 
     D244102  1 0.3912 0.4421 0.1668 
     D244103  1 0.0805 0.3823 0.5372 
     D244104  1 0.2965 0.1304 0.5731 
     D244105  1 0.0435 0.8664 0.0901 
     D244106  1 0.7789 0.1299 0.0912 
     D244107  1 0.0354 0.4741 0.4905 
     D244108  1 0.4686 0.4026 0.1287 
     D244113  1 0.8295 0.1012 0.0693 
     D244114  1 0.3313 0.2653 0.4034 
     D244115  1 0.5742 0.2698 0.1561 
     D267365  1 0.6146 0.1148 0.2706 
        D404  1 0.7999 0.1121 0.0879 
        D405  1 0.5629 0.2342 0.2029 
        D406  1 0.0387 0.9109 0.0504 
        D407  1 0.0459 0.1642 0.7899 
        D408  1 0.9048 0.0471 0.0481 
        D409  1 0.1497 0.3587 0.4915 
        D410  1 0.0411 0.8988 0.0602 
        D421  1 0.0528 0.0401 0.9071 
        D422  1 0.0283 0.8513 0.1203 
        D423  1 0.0241 0.8295 0.1464 
        D424  1 0.0631 0.2309 0.7059 
        D425  1 0.3705 0.1518 0.4778 
        D426  1 0.1307 0.2927 0.5766 
        D427  1 0.1695 0.0641 0.7664 
        D428  1 0.2495 0.2741 0.4764 
        D429  1 0.5136 0.1826 0.3038 
        D430  1 0.4901 0.2333 0.2765 
        D491  1 0.8593 0.0532 0.0874 
        D492  1 0.2413 0.2962 0.4625 
        D537  1 0.0579 0.2267 0.7155 
        D538  1 0.2348 0.5763 0.1890 
        D539  1 0.6403 0.2974 0.0623 
        D540  1 0.2332 0.2759 0.4909 
        D541  1 0.0511 0.0875 0.8614 
        D551  1 0.2366 0.1809 0.5825 
        D552  1 0.2852 0.5006 0.2143 
        D553  1 0.0728 0.0852 0.8420 
        D615  1 0.2639 0.4328 0.3033 
        D616  1 0.1970 0.3632 0.4398 
        D621  1 0.1647 0.7553 0.0801 
        D622  1 0.0764 0.8503 0.0733 
        D623  1 0.6401 0.0980 0.2618 
        D624  1 0.7576 0.1211 0.1213 
        D625  1 0.1276 0.3629 0.5095 
        D626  1 0.5299 0.3520 0.1181 
        D627  1 0.1381 0.2709 0.5910 
        D690  1 0.2172 0.3139 0.4689 
        D691  1 0.0432 0.8561 0.1007 
        D710  1 0.3097 0.1594 0.5309 
        D711  1 0.1505 0.2562 0.5933 
        D712  1 0.8449 0.1002 0.0550 
        D713  1 0.3566 0.3321 0.3113 
        D746  1 0.0411 0.8772 0.0818 
        D747  1 0.0679 0.0643 0.8678 
        D748  1 0.0741 0.6657 0.2602 
        D749  1 0.1711 0.7264 0.1025 
        D750  1 0.6384 0.1943 0.1673 
        D763  1 0.2013 0.1997 0.5990 
        D764  1 0.2754 0.3232 0.4014 
        D765  1 0.1207 0.8379 0.0414 
        D766  1 0.0799 0.6828 0.2373 
        D767  1 0.1183 0.5417 0.3400 
        D768  1 0.0325 0.0930 0.8745 
        D811  1 0.7562 0.1743 0.0695 
        D816  1 0.2216 0.1234 0.6551 
        D825  1 0.4813 0.3736 0.1451 
        D866  1 0.7376 0.1228 0.1396 
        D867  1 0.0510 0.8672 0.0817 
        D871  1 0.1188 0.3084 0.5728 
        D872  1 0.0922 0.6317 0.2760 
        D873  1 0.0295 0.9431 0.0274 
        D874  1 0.4864 0.0651 0.4485 
        D875  1 0.0605 0.5361 0.4034 
        D876  1 0.2805 0.3831 0.3364 
        D877  1 0.7790 0.0705 0.1505 
        D892  1 0.2015 0.6011 0.1974 
        D893  1 0.1210 0.3271 0.5519 
        D894  1 0.3114 0.2217 0.4668 
        D915  1 0.1087 0.4498 0.4415 
        D916  1 0.0841 0.1523 0.7636 
        D917  1 0.4677 0.0788 0.4535 
        D925  1 0.0946 0.8089 0.0965 
        D926  1 0.3108 0.2164 0.4728 
        D927  1 0.2719 0.1144 0.6137 
        D928  1 0.8140 0.0747 0.1113 
        D929  1 0.3799 0.4669 0.1532 
        D936  1 0.2623 0.1031 0.6346 
        D938  1 0.0380 0.9083 0.0538 
        D956  1 0.8211 0.1213 0.0576 
        D957  1 0.1058 0.7024 0.1919 
        D958  1 0.1445 0.6083 0.2472 
        D959  1 0.0323 0.1443 0.8234 
        D960  1 0.0405 0.9147 0.0447 
        D989  1 0.8006 0.0640 0.1353 
        D990  1 0.1045 0.8537 0.0418 
        D023  2 0.0451 0.5200 0.4349 
        D130  2 0.0305 0.9030 0.0665 
        D131  2 0.1301 0.1696 0.7003 
        D163  2 0.0560 0.8469 0.0971 
        D164  2 0.0357 0.6095 0.3548 
        D165  2 0.0394 0.6800 0.2806 
        D166  2 0.2771 0.5642 0.1587 
        D167  2 0.3969 0.1132 0.4899 
        D192  2 0.3296 0.1433 0.5271 
        D193  2 0.6516 0.2594 0.0890 
        D206  2 0.1097 0.2379 0.6525 
        D207  2 0.2199 0.1279 0.6522 
        D208  2 0.8034 0.1028 0.0938 
        D209  2 0.1661 0.2160 0.6180 
        D210  2 0.7249 0.0937 0.1814 
     D229599  2 0.4605 0.2165 0.3230 
     D229600  2 0.0664 0.6837 0.2500 
     D237227  2 0.7738 0.1397 0.0865 
     D237228  2 0.4928 0.4310 0.0762 
     D237258  2 0.4049 0.3055 0.2895 
     D237310  2 0.1265 0.8279 0.0457 
     D237311  2 0.1029 0.8023 0.0948 
     D237312  2 0.1557 0.7635 0.0808 
     D237313  2 0.3276 0.3986 0.2738 
     D237322  2 0.6742 0.1947 0.1311 
     D237323  2 0.2217 0.7416 0.0367 
     D237324  2 0.0731 0.4917 0.4352 
     D237325  2 0.1271 0.7699 0.1030 
     D237326  2 0.0941 0.6738 0.2321 
     D237327  2 0.2944 0.1828 0.5228 
     D237337  2 0.0712 0.8850 0.0438 
     D237338  2 0.2587 0.5938 0.1475 
     D237339  2 0.0643 0.0570 0.8787 
     D237340  2 0.3772 0.5215 0.1013 
     D237389  2 0.0784 0.8487 0.0729 
     D237390  2 0.2163 0.7066 0.0771 
     D244017  2 0.7868 0.1137 0.0995 
     D244112  2 0.2076 0.5043 0.2881 
     D244118  2 0.1016 0.6994 0.1990 
     D244119  2 0.8258 0.0646 0.1096 
     D244120  2 0.7129 0.2030 0.0841 
     D244122  2 0.3755 0.2596 0.3649 
        D291  2 0.4759 0.1883 0.3358 
        D292  2 0.5953 0.0993 0.3053 
        D293  2 0.0206 0.0202 0.9592 
        D322  2 0.0451 0.0711 0.8838 
        D323  2 0.2962 0.1509 0.5529 
        D324  2 0.2630 0.2245 0.5125 
        D325  2 0.0231 0.0280 0.9489 
        D326  2 0.0849 0.0452 0.8699 
        D340  2 0.0400 0.0313 0.9287 
        D341  2 0.1052 0.1557 0.7391 
        D342  2 0.1668 0.5371 0.2962 
        D343  2 0.0196 0.0191 0.9613 
        D344  2 0.1592 0.2321 0.6086 
        D345  2 0.1778 0.3212 0.5010 
        D346  2 0.7622 0.0731 0.1647 
        D351  2 0.0772 0.1937 0.7291 
        D352  2 0.2667 0.1862 0.5471 
        D353  2 0.0577 0.0630 0.8793 
        D354  2 0.3640 0.2820 0.3540 
        D362  2 0.1770 0.1817 0.6412 
        D363  2 0.2513 0.1043 0.6444 
        D364  2 0.2044 0.2105 0.5851 
        D365  2 0.0302 0.0216 0.9482 
        D369  2 0.3446 0.1280 0.5274 
        D374  2 0.8773 0.0827 0.0400 
        D375  2 0.1944 0.3354 0.4702 
        D376  2 0.8226 0.1251 0.0522 
        D377  2 0.3847 0.4382 0.1771 
        D378  2 0.0584 0.0815 0.8601 
        D379  2 0.0933 0.0938 0.8129 
        D384  2 0.0824 0.0593 0.8583 
        D385  2 0.0900 0.0532 0.8568 
        D386  2 0.0571 0.1287 0.8143 
        D391  2 0.0394 0.0373 0.9233 
        D392  2 0.1087 0.1383 0.7530 
        D393  2 0.0852 0.0937 0.8212 
        D394  2 0.1587 0.5790 0.2622 
        D395  2 0.0998 0.0838 0.8164 
        D401  2 0.0848 0.8604 0.0548 
        D402  2 0.0934 0.0727 0.8339 
        D403  2 0.0740 0.3687 0.5573 
        D415  2 0.0363 0.1816 0.7822 
        D435  2 0.0450 0.0899 0.8651 
        D436  2 0.1931 0.2369 0.5700 
        D438  2 0.0674 0.0410 0.8916 
        D439  2 0.0567 0.1335 0.8098 
        D449  2 0.0551 0.0820 0.8629 
        D450  2 0.5249 0.2535 0.2216 
        D456  2 0.0532 0.0789 0.8679 
        D462  2 0.0301 0.0284 0.9415 
        D463  2 0.0563 0.0467 0.8970 
        D464  2 0.1885 0.0890 0.7225 
        D465  2 0.0510 0.0983 0.8507 
        D473  2 0.7008 0.2149 0.0844 
        D474  2 0.2415 0.1249 0.6336 
        D476  2 0.0397 0.5949 0.3653 
        D477  2 0.4058 0.1489 0.4453 
        D478  2 0.3814 0.3121 0.3065 
        D480  2 0.2305 0.0658 0.7037 
        D481  2 0.3192 0.2319 0.4490 
        D482  2 0.6681 0.2331 0.0988 
        D483  2 0.3325 0.1154 0.5520 
        D484  2 0.3908 0.2244 0.3849 
        D510  2 0.8957 0.0594 0.0449 
        D511  2 0.0629 0.0774 0.8597 
        D512  2 0.0760 0.6818 0.2422 
        D513  2 0.1363 0.1159 0.7478 
        D635  2 0.0678 0.1750 0.7572 
        D636  2 0.0396 0.8994 0.0610 
        D637  2 0.3412 0.2276 0.4312 
        D658  2 0.4514 0.2603 0.2883 
        D659  2 0.1103 0.1060 0.7837 
        D677  2 0.1353 0.4448 0.4199 
        D678  2 0.2991 0.2562 0.4447 
        D679  2 0.1577 0.1041 0.7382 
        D719  2 0.5421 0.0530 0.4049 
        D720  2 0.1571 0.1394 0.7035 
        D721  2 0.0754 0.4719 0.4526 
        D722  2 0.7977 0.1242 0.0781 
        D734  2 0.6948 0.0453 0.2599 
        D735  2 0.2223 0.2367 0.5410 
        D736  2 0.7051 0.1108 0.1841 
        D737  2 0.4374 0.3324 0.2302 
        D807  2 0.5747 0.1440 0.2812 
        D808  2 0.1156 0.6208 0.2636 
        D817  2 0.3363 0.1759 0.4877 
        D818  2 0.0906 0.2069 0.7024 
        D819  2 0.2595 0.3113 0.4292 
        D820  2 0.0454 0.0560 0.8986 
        D895  2 0.1198 0.2463 0.6339 
        D896  2 0.0512 0.9088 0.0400 
        D897  2 0.2570 0.2739 0.4692 
        D898  2 0.5385 0.2940 0.1674 
        D918  2 0.1587 0.6035 0.2378 
        D919  2 0.0700 0.0903 0.8397 
        D920  2 0.0490 0.9152 0.0359 
        D923  2 0.0891 0.0945 0.8165 
        D930  2 0.2916 0.2164 0.4920 
        D931  2 0.2710 0.1239 0.6051 
        D968  2 0.0485 0.0358 0.9157 
        D969  2 0.2783 0.0978 0.6240 
        D977  2 0.0774 0.1060 0.8166 
        D978  2 0.4879 0.1668 0.3453 
        D211  3 0.0722 0.7675 0.1603 
     D229639  3 0.8333 0.0691 0.0976 
     D237212  3 0.2868 0.2282 0.4850 
     D237213  3 0.1110 0.5747 0.3143 
     D237214  3 0.0557 0.6760 0.2683 
     D237215  3 0.8448 0.0612 0.0940 
     D237216  3 0.1225 0.5173 0.3602 
     D237217  3 0.0503 0.6562 0.2934 
     D237218  3 0.2392 0.2121 0.5487 
     D237219  3 0.3624 0.5878 0.0498 
     D237382  3 0.2442 0.5564 0.1995 
     D244127  3 0.0880 0.7802 0.1318 
     D244129  3 0.1594 0.4095 0.4310 
     D244133  3 0.6017 0.1907 0.2077 
     D244134  3 0.8007 0.1330 0.0664 
     D244135  3 0.0516 0.6768 0.2716 
     D244136  3 0.5454 0.1491 0.3055 
        D416  3 0.1740 0.3114 0.5146 
        D417  3 0.0749 0.3168 0.6083 
        D419  3 0.3460 0.4088 0.2452 
        D565  3 0.8517 0.0530 0.0953 
        D566  3 0.8533 0.0525 0.0942 
        D567  3 0.0903 0.2835 0.6262 
        D568  3 0.0765 0.4615 0.4620 
        D569  3 0.1599 0.2181 0.6220 
        D573  3 0.1015 0.0555 0.8430 
        D574  3 0.7829 0.1243 0.0928 
        D575  3 0.3976 0.3100 0.2924 
        D576  3 0.7511 0.1024 0.1465 
        D577  3 0.1607 0.2813 0.5580 
        D578  3 0.0342 0.8956 0.0702 
        D579  3 0.4604 0.1716 0.3680 
        D660  3 0.2474 0.4237 0.3288 
        D661  3 0.3784 0.2805 0.3411 
        D663  3 0.4521 0.0702 0.4777 
        D664  3 0.3500 0.5490 0.1010 
        D665  3 0.1096 0.6694 0.2210 
        D666  3 0.4453 0.3939 0.1608 
        D009  4 0.0815 0.6739 0.2447 
        D057  4 0.1554 0.4865 0.3581 
        D109  4 0.1226 0.7981 0.0793 
     D237222  4 0.1145 0.8027 0.0828 
     D237223  4 0.1243 0.6998 0.1760 
     D237224  4 0.3280 0.1295 0.5425 
     D237225  4 0.1238 0.5195 0.3568 
     D237299  4 0.1341 0.7431 0.1228 
     D237300  4 0.8786 0.0680 0.0535 
     D237306  4 0.4869 0.3116 0.2016 
     D237307  4 0.4542 0.1954 0.3504 
     D237308  4 0.2516 0.2511 0.4974 
     D237309  4 0.1120 0.5096 0.3784 
     D237317  4 0.5720 0.1316 0.2964 
     D237318  4 0.7994 0.0466 0.1540 
     D237319  4 0.1848 0.6594 0.1558 
     D237320  4 0.1270 0.5869 0.2862 
     D237321  4 0.7516 0.1217 0.1267 
     D237397  4 0.3403 0.4292 0.2304 
     D237398  4 0.3038 0.1375 0.5588 
     D237399  4 0.5567 0.2521 0.1912 
     D244001  4 0.0644 0.7763 0.1593 
        D289  4 0.3779 0.1302 0.4919 
        D290  4 0.3921 0.3668 0.2411 
        D294  4 0.2574 0.2176 0.5250 
        D295  4 0.2248 0.5091 0.2661 
        D301  4 0.1032 0.8565 0.0403 
        D302  4 0.0886 0.1446 0.7668 
        D303  4 0.7754 0.1369 0.0877 
        D304  4 0.6727 0.1690 0.1583 
        D305  4 0.0649 0.3413 0.5938 
        D306  4 0.5693 0.2634 0.1673 
        D307  4 0.0891 0.8758 0.0351 
        D327  4 0.2152 0.1127 0.6721 
        D328  4 0.6545 0.2180 0.1275 
        D329  4 0.2360 0.3806 0.3834 
        D330  4 0.0419 0.3660 0.5921 
        D331  4 0.4830 0.3140 0.2030 
        D333  4 0.3868 0.3690 0.2443 
        D334  4 0.6303 0.2070 0.1627 
        D335  4 0.0998 0.0848 0.8155 
        D370  4 0.5434 0.3592 0.0974 
        D371  4 0.7728 0.0584 0.1688 
        D372  4 0.8661 0.0796 0.0543 
        D373  4 0.0931 0.7381 0.1688 
        D455  4 0.0600 0.8683 0.0717 
        D490  4 0.0311 0.9366 0.0323 
        D497  4 0.0557 0.8954 0.0489 
        D498  4 0.5122 0.3631 0.1248 
        D499  4 0.6261 0.1375 0.2364 
        D514  4 0.1783 0.2219 0.5998 
        D515  4 0.0718 0.8002 0.1281 
        D516  4 0.2127 0.4960 0.2913 
        D517  4 0.0658 0.8352 0.0989 
        D518  4 0.1704 0.4802 0.3494 
        D519  4 0.0628 0.7729 0.1643 
        D560  4 0.0691 0.7484 0.1826 
        D561  4 0.0301 0.3298 0.6401 
        D562  4 0.3067 0.3698 0.3235 
        D563  4 0.0952 0.1355 0.7693 
        D572  4 0.1303 0.2681 0.6016 
        D629  4 0.1636 0.3154 0.5209 
        D630  4 0.3144 0.4045 0.2810 
        D631  4 0.2813 0.2688 0.4499 
        D632  4 0.0703 0.6573 0.2724 
        D646  4 0.0497 0.4457 0.5046 
        D647  4 0.0449 0.4234 0.5317 
        D648  4 0.6221 0.2598 0.1181 
        D649  4 0.0727 0.5135 0.4138 
        D650  4 0.3205 0.3698 0.3097 
        D708  4 0.7022 0.1685 0.1292 
        D709  4 0.4558 0.3854 0.1588 
        D738  4 0.3876 0.4476 0.1649 
        D739  4 0.1798 0.6674 0.1528 
        D740  4 0.4715 0.3730 0.1554 
        D741  4 0.0362 0.2368 0.7269 
        D742  4 0.3963 0.1672 0.4365 
        D743  4 0.1577 0.0917 0.7506 
        D744  4 0.0922 0.0925 0.8153 
        D745  4 0.0567 0.8301 0.1132 
        D814  4 0.1498 0.2337 0.6165 
        D815  4 0.2931 0.2641 0.4429 
        D828  4 0.7915 0.1607 0.0477 
        D845  4 0.7618 0.0407 0.1975 
        D846  4 0.0668 0.1991 0.7341 
        D847  4 0.3020 0.4275 0.2705 
        D848  4 0.1318 0.7407 0.1275 
        D849  4 0.0522 0.8218 0.1260 
        D850  4 0.1759 0.2270 0.5971 
        D856  4 0.1426 0.6921 0.1653 
        D857  4 0.0499 0.9202 0.0299 
        D859  4 0.3904 0.1938 0.4158 
        D860  4 0.6070 0.0751 0.3179 
        D883  4 0.3591 0.4247 0.2162 
        D884  4 0.1641 0.6697 0.1662 
        D885  4 0.1055 0.2062 0.6883 
        D886  4 0.0921 0.6917 0.2162 
        D887  4 0.4474 0.2241 0.3285 
        D889  4 0.7687 0.1052 0.1260 
        D890  4 0.5691 0.2798 0.1511 
        D891  4 0.8565 0.0359 0.1076 
        D899  4 0.6267 0.0799 0.2935 
        D900  4 0.2679 0.2501 0.4820 
        D970  4 0.2664 0.2099 0.5237 
        D971  4 0.0668 0.0921 0.8412 
        D979  4 0.1260 0.0663 0.8076 
        D093  5 0.8227 0.1121 0.0652 
        D154  5 0.3919 0.1579 0.4502 
        D168  5 0.1352 0.3804 0.4843 
        D189  5 0.8061 0.0952 0.0987 
        D190  5 0.8232 0.0805 0.0963 
     D237220  5 0.2725 0.5888 0.1387 
     D237221  5 0.6647 0.1316 0.2037 
     D237274  5 0.0688 0.1152 0.8160 
     D237275  5 0.3802 0.2278 0.3920 
     D237276  5 0.2728 0.5922 0.1351 
     D237277  5 0.8468 0.0690 0.0842 
     D237278  5 0.4768 0.2584 0.2648 
     D237279  5 0.0747 0.5455 0.3797 
     D237280  5 0.2219 0.6036 0.1744 
     D237281  5 0.2229 0.0652 0.7118 
     D237351  5 0.1531 0.7912 0.0558 
     D237352  5 0.1294 0.4667 0.4039 
     D237353  5 0.9085 0.0541 0.0374 
     D237359  5 0.3393 0.4805 0.1802 
     D237361  5 0.8884 0.0575 0.0541 
     D237362  5 0.4847 0.1626 0.3527 
     D237363  5 0.2685 0.2143 0.5173 
     D237364  5 0.1223 0.3605 0.5172 
     D237376  5 0.8653 0.0889 0.0458 
     D237377  5 0.2113 0.2523 0.5364 
     D237378  5 0.8574 0.0885 0.0541 
     D237379  5 0.7294 0.1436 0.1270 
     D237380  5 0.1160 0.8319 0.0521 
     D237381  5 0.1678 0.6148 0.2174 
     D237391  5 0.8091 0.0970 0.0939 
     D237392  5 0.0746 0.1232 0.8021 
     D237393  5 0.4001 0.2091 0.3908 
     D237394  5 0.8367 0.0769 0.0864 
     D237395  5 0.6628 0.2564 0.0809 
     D237396  5 0.1268 0.1099 0.7633 
     D244016  5 0.6475 0.0555 0.2970 
     D244018  5 0.3282 0.1913 0.4804 
     D244019  5 0.3010 0.1061 0.5929 
        D279  5 0.4026 0.2375 0.3599 
        D280  5 0.6502 0.1567 0.1931 
        D281  5 0.5531 0.0743 0.3726 
        D283  5 0.5781 0.0889 0.3330 
        D284  5 0.1422 0.7067 0.1511 
        D285  5 0.7917 0.0894 0.1189 
        D286  5 0.5327 0.3039 0.1634 
        D287  5 0.7260 0.2315 0.0424 
        D288  5 0.6050 0.0755 0.3195 
        D308  5 0.0490 0.8538 0.0973 
        D309  5 0.0449 0.0821 0.8730 
        D310  5 0.8965 0.0454 0.0581 
        D311  5 0.5085 0.1665 0.3250 
        D312  5 0.6269 0.1718 0.2013 
        D313  5 0.0366 0.9367 0.0267 
        D314  5 0.3559 0.4682 0.1759 
        D315  5 0.6132 0.2026 0.1842 
        D317  5 0.8553 0.0639 0.0808 
        D318  5 0.2667 0.2088 0.5245 
        D319  5 0.8323 0.1021 0.0656 
        D320  5 0.8562 0.0995 0.0443 
        D321  5 0.2455 0.6602 0.0943 
        D336  5 0.8629 0.0687 0.0684 
        D337  5 0.9243 0.0283 0.0474 
        D338  5 0.2984 0.3837 0.3179 
        D339  5 0.7924 0.1315 0.0761 
        D347  5 0.4508 0.1151 0.4341 
        D348  5 0.8384 0.0541 0.1075 
        D349  5 0.1432 0.7925 0.0643 
        D350  5 0.0968 0.1458 0.7574 
        D355  5 0.1097 0.0476 0.8427 
        D356  5 0.6449 0.2282 0.1269 
        D357  5 0.5580 0.2519 0.1901 
        D358  5 0.5886 0.1685 0.2428 
        D359  5 0.4986 0.0759 0.4255 
        D360  5 0.6854 0.2069 0.1077 
        D361  5 0.0417 0.9069 0.0514 
        D366  5 0.0492 0.0532 0.8976 
        D367  5 0.7599 0.1739 0.0662 
        D368  5 0.4431 0.3968 0.1601 
        D380  5 0.0931 0.1348 0.7721 
        D381  5 0.6570 0.1009 0.2421 
        D400  5 0.6841 0.1533 0.1626 
        D411  5 0.0358 0.9140 0.0501 
        D412  5 0.4148 0.3028 0.2824 
        D413  5 0.0825 0.0853 0.8322 
        D414  5 0.2078 0.1948 0.5974 
        D420  5 0.5287 0.3531 0.1182 
        D431  5 0.7198 0.2291 0.0511 
        D432  5 0.6257 0.2286 0.1458 
        D433  5 0.8273 0.0802 0.0925 
        D434  5 0.5649 0.2195 0.2156 
        D440  5 0.0578 0.1621 0.7801 
        D447  5 0.0447 0.0961 0.8592 
        D448  5 0.8595 0.0637 0.0768 
        D459  5 0.1465 0.0470 0.8064 
        D460  5 0.1287 0.7171 0.1542 
        D461  5 0.0868 0.0595 0.8536 
        D468  5 0.4117 0.1901 0.3982 
        D469  5 0.2596 0.3044 0.4360 
        D470  5 0.2632 0.5933 0.1435 
        D471  5 0.8726 0.0391 0.0883 
        D472  5 0.0461 0.0463 0.9076 
        D479  5 0.1316 0.1125 0.7560 
        D485  5 0.5235 0.2979 0.1785 
        D486  5 0.2572 0.4123 0.3305 
        D487  5 0.7817 0.1449 0.0734 
        D555  5 0.8983 0.0426 0.0591 
        D556  5 0.8144 0.1030 0.0825 
        D557  5 0.8767 0.0447 0.0786 
        D564  5 0.6627 0.2106 0.1268 
        D594  5 0.2024 0.1340 0.6636 
        D595  5 0.6595 0.1343 0.2062 
        D596  5 0.9028 0.0489 0.0482 
        D597  5 0.4668 0.0697 0.4636 
        D598  5 0.5268 0.2888 0.1844 
        D617  5 0.0695 0.7977 0.1328 
        D618  5 0.7272 0.1297 0.1432 
        D619  5 0.3046 0.3139 0.3814 
        D620  5 0.0907 0.0475 0.8619 
        D628  5 0.2387 0.4947 0.2666 
        D714  5 0.8651 0.0507 0.0841 
        D715  5 0.7966 0.0551 0.1483 
        D716  5 0.5013 0.1516 0.3471 
        D717  5 0.3462 0.2258 0.4281 
        D718  5 0.3894 0.5466 0.0640 
        D769  5 0.0693 0.7843 0.1465 
        D770  5 0.5337 0.1340 0.3323 
        D771  5 0.4246 0.3556 0.2197 
        D772  5 0.7389 0.1301 0.1311 
        D782  5 0.1395 0.2950 0.5655 
        D783  5 0.3827 0.1209 0.4964 
        D784  5 0.2358 0.1227 0.6415 
        D785  5 0.7415 0.1796 0.0789 
        D786  5 0.0545 0.6450 0.3005 
        D821  5 0.9328 0.0335 0.0337 
        D822  5 0.2527 0.0905 0.6568 
        D826  5 0.7581 0.0810 0.1609 
        D827  5 0.0674 0.0969 0.8357 
        D851  5 0.3667 0.2517 0.3816 
        D852  5 0.6858 0.1872 0.1270 
        D853  5 0.6866 0.1970 0.1164 
        D854  5 0.2534 0.2858 0.4608 
        D861  5 0.5100 0.2237 0.2663 
        D862  5 0.4286 0.1383 0.4331 
        D865  5 0.8575 0.0873 0.0552 
        D868  5 0.2396 0.2792 0.4812 
        D869  5 0.0687 0.8199 0.1114 
        D870  5 0.0488 0.3182 0.6330 
        D907  5 0.7927 0.1519 0.0554 
        D908  5 0.7819 0.1487 0.0694 
        D910  5 0.7164 0.0752 0.2084 
        D911  5 0.2035 0.0541 0.7424 
        D934  5 0.6100 0.1060 0.2841 
        D946  5 0.6575 0.2600 0.0825 
        D947  5 0.4153 0.2778 0.3069 
        D948  5 0.1839 0.7494 0.0667 
        D949  5 0.1117 0.8220 0.0663 
        D950  5 0.2351 0.0508 0.7141 
        D951  5 0.1298 0.1126 0.7576 
        D952  5 0.2839 0.1296 0.5864 
        D953  5 0.8407 0.0958 0.0635 
        D954  5 0.4349 0.1038 0.4613 
        D961  5 0.5605 0.3621 0.0773 
        D962  5 0.8446 0.0782 0.0772 
        D963  5 0.5481 0.0953 0.3566 
        D964  5 0.4338 0.4108 0.1554 
        D965  5 0.2860 0.3025 0.4115 
        D966  5 0.6278 0.0885 0.2837 
        D967  5 0.6564 0.2013 0.1423 
        D991  5 0.2684 0.5886 0.1430 
        D502  6 0.1309 0.4834 0.3857 
        D503  6 0.2652 0.5978 0.1370 
        D504  6 0.2367 0.1908 0.5725 
        D505  6 0.4818 0.1509 0.3672 
        D506  6 0.8785 0.0542 0.0673 
        D507  6 0.2566 0.3511 0.3923 
        D508  6 0.3865 0.2016 0.4119 
        D529  6 0.3940 0.3922 0.2139 
        D530  6 0.5434 0.3536 0.1030 
        D531  6 0.3567 0.2474 0.3959 
        D532  6 0.4038 0.1235 0.4727 
        D534  6 0.0486 0.8579 0.0934 
        D535  6 0.5368 0.1602 0.3029 
        D536  6 0.0734 0.3055 0.6211 
        D554  6 0.5635 0.3109 0.1257 
        D587  6 0.7404 0.1036 0.1560 
        D588  6 0.4051 0.0904 0.5044 
        D589  6 0.5932 0.1857 0.2212 
        D590  6 0.1177 0.1383 0.7440 
        D591  6 0.6868 0.1262 0.1870 
        D592  6 0.1175 0.8063 0.0762 
        D593  6 0.6138 0.2750 0.1112 
        D682  6 0.8328 0.1015 0.0657 
        D683  6 0.3961 0.1880 0.4159 
        D684  6 0.0836 0.5774 0.3390 
        D685  6 0.6433 0.2171 0.1395 
        D686  6 0.6774 0.1631 0.1595 
        D724  6 0.1688 0.3512 0.4800 
        D725  6 0.5346 0.1946 0.2708 
        D726  6 0.8241 0.1012 0.0747 
        D727  6 0.1503 0.0704 0.7793 
        D728  6 0.6445 0.1931 0.1624 
        D729  6 0.0320 0.2706 0.6974 
        D730  6 0.1482 0.5997 0.2521 
        D731  6 0.9144 0.0424 0.0432 
        D732  6 0.2170 0.2039 0.5792 
        D733  6 0.3601 0.4498 0.1902 
     D237251  7 0.7251 0.1875 0.0874 
     D237252  7 0.0989 0.7581 0.1430 
     D237253  7 0.6223 0.1606 0.2170 
     D237254  7 0.0348 0.8442 0.1210 
     D237255  7 0.6980 0.1034 0.1986 
     D237256  7 0.2867 0.1089 0.6044 
     D237257  7 0.1250 0.5718 0.3032 
     D237282  7 0.0627 0.1904 0.7468 
     D237283  7 0.0531 0.9045 0.0424 
     D237284  7 0.0419 0.8702 0.0879 
     D237285  7 0.5699 0.1962 0.2340 
     D237286  7 0.3700 0.1355 0.4945 
     D237287  7 0.1870 0.1654 0.6475 
     D244006  7 0.0341 0.8520 0.1140 
     D244007  7 0.0822 0.1194 0.7984 
     D244008  7 0.1018 0.8588 0.0395 
     D244009  7 0.1226 0.7868 0.0907 
     D244010  7 0.2000 0.6203 0.1797 
     D244011  7 0.5590 0.2807 0.1603 
     D244012  7 0.2069 0.3785 0.4146 
     D244013  7 0.5265 0.2168 0.2567 
     D244014  7 0.3004 0.4720 0.2276 
     D244015  7 0.0628 0.4871 0.4501 
     D244125  7 0.7184 0.0752 0.2064 
     D244126  7 0.0292 0.9387 0.0321 
     D244130  7 0.2354 0.5483 0.2163 
     D244131  7 0.3975 0.2675 0.3350 
     D244132  7 0.4920 0.1904 0.3175 
        D520  7 0.3884 0.4792 0.1325 
        D521  7 0.2014 0.5116 0.2870 
        D522  7 0.1023 0.6264 0.2713 
        D523  7 0.6684 0.1448 0.1869 
        D524  7 0.6013 0.2542 0.1444 
        D525  7 0.2603 0.6220 0.1177 
        D526  7 0.0385 0.8313 0.1302 
        D527  7 0.3943 0.3247 0.2809 
        D528  7 0.0276 0.2398 0.7326 
        D558  7 0.0755 0.2554 0.6691 
        D559  7 0.0832 0.2333 0.6835 
        D640  7 0.6679 0.1309 0.2013 
        D641  7 0.6680 0.2474 0.0846 
        D642  7 0.1383 0.6301 0.2316 
        D644  7 0.4445 0.3987 0.1568 
        D645  7 0.3573 0.4270 0.2157 
        D662  7 0.1103 0.7162 0.1735 
        D687  7 0.5185 0.2366 0.2449 
        D688  7 0.0829 0.2988 0.6183 
        D689  7 0.7115 0.1419 0.1465 
        D700  7 0.0308 0.1879 0.7812 
        D797  7 0.5773 0.2388 0.1838 
        D798  7 0.0934 0.7717 0.1349 
        D799  7 0.4561 0.3841 0.1597 
        D800  7 0.0856 0.2935 0.6209 
        D132  8 0.0568 0.8750 0.0682 
        D133  8 0.0942 0.2772 0.6285 
        D200  8 0.4939 0.3646 0.1415 
        D500  8 0.0400 0.9266 0.0334 
        D614  8 0.5806 0.3116 0.1077 
        D723  8 0.1030 0.3852 0.5118 
        D888  8 0.8027 0.0851 0.1122 
        D901  8 0.1503 0.8056 0.0442 
        D902  8 0.6213 0.2510 0.1277 
        D903  8 0.2215 0.0928 0.6857 
        D904  8 0.1997 0.3270 0.4733 
        D905  8 0.9354 0.0309 0.0337 
        D906  8 0.1465 0.1601 0.6935 
        D937  8 0.8437 0.1120 0.0443 
        D943  8 0.1607 0.5438 0.2955 
        D972  8 0.0813 0.5972 0.3214 
        D973  8 0.0759 0.4322 0.4919 
        D974  8 0.3048 0.4095 0.2856 
        D975  8 0.5198 0.3228 0.1574 
        D976  8 0.4269 0.3940 0.1791 
        D201  9 0.2554 0.3869 0.3577 
        D202  9 0.4957 0.3959 0.1084 
     D237259  9 0.0366 0.1379 0.8256 
     D237260  9 0.2481 0.6275 0.1244 
     D237262  9 0.0586 0.9020 0.0394 
     D237263  9 0.1323 0.7001 0.1676 
     D237264  9 0.2240 0.4815 0.2945 
     D237265  9 0.7226 0.1959 0.0814 
     D237266  9 0.0994 0.3078 0.5928 
     D237267  9 0.5609 0.2763 0.1628 
     D237268  9 0.1500 0.7333 0.1166 
     D237289  9 0.6291 0.2087 0.1621 
     D237290  9 0.5458 0.2478 0.2064 
     D237291  9 0.4560 0.2286 0.3154 
     D237292  9 0.1197 0.5349 0.3455 
     D237293  9 0.3350 0.5283 0.1367 
     D237294  9 0.1700 0.7857 0.0443 
     D237295  9 0.3303 0.4297 0.2401 
     D237296  9 0.4332 0.4230 0.1437 
     D237297  9 0.6680 0.1583 0.1736 
     D237298  9 0.1954 0.4222 0.3824 
     D237341  9 0.3717 0.2451 0.3833 
     D237342  9 0.1405 0.7729 0.0866 
     D237343  9 0.1263 0.6227 0.2510 
     D237344  9 0.7024 0.1622 0.1354 
     D237345  9 0.0301 0.9139 0.0560 
     D237346  9 0.5645 0.2765 0.1590 
     D237347  9 0.7578 0.1146 0.1276 
     D237348  9 0.3222 0.4231 0.2546 
     D237349  9 0.0463 0.1392 0.8144 
     D244109  9 0.0625 0.2772 0.6603 
     D244110  9 0.2307 0.3024 0.4669 
     D244111  9 0.2670 0.3273 0.4058 
     D244128  9 0.0576 0.8858 0.0566 
     D244137  9 0.0803 0.2068 0.7129 
     D244138  9 0.5689 0.2683 0.1629 
        D580  9 0.0649 0.7720 0.1631 
        D581  9 0.3706 0.3670 0.2624 
        D582  9 0.0457 0.9249 0.0294 
        D583  9 0.1830 0.5522 0.2649 
        D584  9 0.5040 0.4044 0.0916 
        D585  9 0.1786 0.7114 0.1100 
        D586  9 0.8993 0.0488 0.0519 
        D651  9 0.2438 0.1688 0.5874 
        D652  9 0.0537 0.4046 0.5418 
        D653  9 0.1958 0.0819 0.7223 
        D654  9 0.0521 0.1695 0.7784 
        D655  9 0.7467 0.1060 0.1473 
        D656  9 0.0546 0.7678 0.1776 
        D657  9 0.1669 0.5468 0.2863 
        D667  9 0.8578 0.0851 0.0571 
        D668  9 0.2959 0.6000 0.1041 
        D669  9 0.4692 0.3199 0.2108 
        D670  9 0.0855 0.0989 0.8156 
        D671  9 0.2789 0.2686 0.4525 
        D672  9 0.0626 0.8631 0.0743 
        D673  9 0.4292 0.4790 0.0918 
        D692  9 0.0695 0.6070 0.3235 
        D693  9 0.4503 0.3465 0.2032 
        D694  9 0.0885 0.8509 0.0606 
        D695  9 0.2057 0.6100 0.1843 
        D696  9 0.9202 0.0387 0.0411 
        D697  9 0.5915 0.1606 0.2478 
        D698  9 0.5377 0.2385 0.2238 
        D699  9 0.7805 0.1684 0.0511 
        D787  9 0.0896 0.3708 0.5397 
        D788  9 0.5391 0.3305 0.1304 
        D789  9 0.3329 0.5593 0.1078 
        D790  9 0.2214 0.2978 0.4808 
        D791  9 0.6703 0.1980 0.1317 
        D792  9 0.0731 0.1916 0.7353 
        D793  9 0.6761 0.0835 0.2403 
        D794  9 0.3611 0.1516 0.4872 
        D795  9 0.1805 0.7881 0.0313 
        D796  9 0.6635 0.2150 0.1216 
        D142 10 0.5867 0.1505 0.2627 
        D143 10 0.1531 0.1407 0.7063 
        D144 10 0.4355 0.3045 0.2600 
        D145 10 0.6601 0.1663 0.1736 
        D146 10 0.0982 0.7649 0.1369 
        D147 10 0.1109 0.4954 0.3937 
        D148 10 0.1501 0.2794 0.5705 
        D149 10 0.2588 0.1712 0.5700 
        D151 10 0.2132 0.3764 0.4105 
        D152 10 0.3287 0.1317 0.5396 
        D153 10 0.3099 0.3429 0.3471 
        D156 10 0.1369 0.1564 0.7067 
        D157 10 0.5613 0.3654 0.0733 
        D158 10 0.5924 0.3562 0.0514 
        D159 10 0.0703 0.0631 0.8666 
        D160 10 0.9415 0.0349 0.0236 
        D161 10 0.2653 0.2135 0.5211 
        D162 10 0.3070 0.0958 0.5972 
        D169 10 0.0850 0.7769 0.1380 
        D170 10 0.1277 0.7894 0.0829 
        D171 10 0.4132 0.3317 0.2550 
        D172 10 0.1888 0.4675 0.3437 
        D173 10 0.0234 0.0449 0.9317 
        D181 10 0.7067 0.1024 0.1909 
        D182 10 0.2041 0.3428 0.4531 
        D183 10 0.7730 0.1686 0.0584 
        D184 10 0.0250 0.9224 0.0526 
        D185 10 0.1963 0.2888 0.5149 
        D186 10 0.0619 0.9058 0.0323 
        D194 10 0.1321 0.7037 0.1642 
        D195 10 0.6249 0.1085 0.2666 
        D196 10 0.3473 0.0778 0.5748 
        D197 10 0.1056 0.8153 0.0791 
        D198 10 0.2487 0.3255 0.4258 
     D237226 10 0.4384 0.2580 0.3036 
     D237232 10 0.7255 0.1409 0.1336 
     D237233 10 0.6149 0.2564 0.1287 
     D237234 10 0.6374 0.2281 0.1345 
     D237354 10 0.8174 0.0345 0.1481 
     D237355 10 0.8295 0.0703 0.1002 
     D237356 10 0.3891 0.2984 0.3125 
     D237357 10 0.1456 0.3954 0.4590 
     D237358 10 0.0549 0.2069 0.7382 
     D237369 10 0.0285 0.8608 0.1107 
     D237370 10 0.7556 0.1197 0.1247 
     D237371 10 0.1664 0.3517 0.4819 
     D237372 10 0.1001 0.5312 0.3687 
     D237373 10 0.7842 0.1322 0.0836 
     D237374 10 0.9162 0.0437 0.0401 
     D237375 10 0.1485 0.1799 0.6716 
     D237400 10 0.4269 0.1280 0.4451 
     D244002 10 0.0446 0.4684 0.4871 
     D244003 10 0.8894 0.0799 0.0307 
     D244004 10 0.9232 0.0550 0.0218 
     D244005 10 0.4680 0.3233 0.2087 
     D244020 10 0.5534 0.1805 0.2661 
     D244021 10 0.0918 0.7180 0.1902 
     D244116 10 0.1121 0.6797 0.2082 
     D244117 10 0.7748 0.1205 0.1047 
     D244121 10 0.6545 0.2667 0.0788 
     D244123 10 0.7593 0.1371 0.1036 
     D244124 10 0.2042 0.6552 0.1406 
        D332 10 0.1099 0.1366 0.7536 
        D570 10 0.7778 0.1117 0.1105 
        D602 10 0.0597 0.0963 0.8440 
        D603 10 0.4561 0.4227 0.1212 
        D604 10 0.1814 0.0856 0.7331 
        D605 10 0.2036 0.3497 0.4466 
        D606 10 0.2031 0.7382 0.0588 
        D607 10 0.0559 0.0674 0.8767 
        D608 10 0.0388 0.0321 0.9291 
        D609 10 0.7191 0.1646 0.1163 
        D610 10 0.5592 0.1060 0.3348 
        D611 10 0.9197 0.0524 0.0279 
        D613 10 0.3848 0.1261 0.4891 
        D633 10 0.0781 0.1591 0.7629 
        D634 10 0.5595 0.2401 0.2004 
        D638 10 0.5474 0.1707 0.2819 
        D681 10 0.3569 0.5066 0.1365 
        D754 10 0.2650 0.6930 0.0419 
        D755 10 0.8584 0.0882 0.0533 
        D756 10 0.6791 0.2578 0.0631 
        D757 10 0.3481 0.3362 0.3157 
        D758 10 0.3428 0.4581 0.1991 
        D759 10 0.7974 0.1028 0.0998 
        D760 10 0.5940 0.1372 0.2688 
        D761 10 0.9026 0.0383 0.0591 
        D762 10 0.1187 0.1239 0.7575 
        D775 10 0.8165 0.1447 0.0388 
        D776 10 0.8072 0.0786 0.1142 
        D777 10 0.7788 0.1511 0.0701 
        D778 10 0.4756 0.3461 0.1783 
        D779 10 0.4313 0.4641 0.1046 
        D780 10 0.5319 0.1935 0.2746 
        D781 10 0.0958 0.1650 0.7391 
        D858 10 0.0376 0.9085 0.0539 
        D933 10 0.4734 0.0602 0.4664 
        D038 11 0.6132 0.2226 0.1642 
        D063 11 0.6527 0.2281 0.1192 
        D155 11 0.7414 0.1013 0.1573 
        D175 11 0.3648 0.5615 0.0737 
        D176 11 0.5686 0.2497 0.1817 
        D205 11 0.4858 0.4404 0.0738 
     D237229 11 0.0716 0.3385 0.5899 
     D237230 11 0.0385 0.1184 0.8431 
     D237231 11 0.0688 0.1290 0.8022 
     D237269 11 0.2458 0.2228 0.5314 
     D237270 11 0.0512 0.8387 0.1101 
     D237271 11 0.5374 0.3058 0.1567 
     D237272 11 0.0550 0.2913 0.6538 
     D237273 11 0.7932 0.1435 0.0633 
     D237301 11 0.2031 0.1129 0.6840 
     D237302 11 0.1615 0.6117 0.2268 
     D237303 11 0.0415 0.6462 0.3123 
     D237304 11 0.2402 0.4358 0.3240 
     D237305 11 0.1322 0.7963 0.0715 
     D237314 11 0.6416 0.2375 0.1209 
     D237315 11 0.0884 0.7756 0.1360 
     D237316 11 0.1364 0.0987 0.7650 
     D237328 11 0.1418 0.4625 0.3957 
     D237329 11 0.2910 0.3545 0.3545 
     D237330 11 0.8358 0.0903 0.0738 
     D237331 11 0.7433 0.0905 0.1662 
     D237332 11 0.3897 0.3149 0.2953 
     D237333 11 0.8402 0.0599 0.0998 
     D237334 11 0.1590 0.1137 0.7272 
     D237335 11 0.3009 0.4398 0.2593 
     D237336 11 0.6933 0.2039 0.1028 
     D237350 11 0.5465 0.1656 0.2879 
     D237383 11 0.3438 0.5406 0.1157 
     D237384 11 0.2077 0.4396 0.3528 
     D237385 11 0.2385 0.4525 0.3090 
     D237386 11 0.1907 0.1830 0.6263 
     D237387 11 0.1372 0.4896 0.3732 
     D237388 11 0.7210 0.1095 0.1694 
        D239 11 0.7331 0.1137 0.1532 
        D240 11 0.5504 0.2592 0.1905 
        D241 11 0.0781 0.1615 0.7604 
        D242 11 0.2236 0.2009 0.5755 
        D243 11 0.7113 0.1969 0.0918 
        D244 11 0.7644 0.1921 0.0436 
        D245 11 0.0669 0.7441 0.1890 
        D246 11 0.4231 0.4181 0.1588 
        D247 11 0.2186 0.4305 0.3509 
        D248 11 0.1988 0.0936 0.7075 
        D249 11 0.3139 0.5736 0.1125 
        D250 11 0.3328 0.0619 0.6053 
        D251 11 0.5621 0.3093 0.1287 
        D252 11 0.2046 0.4584 0.3370 
        D253 11 0.7258 0.1885 0.0857 
        D254 11 0.0506 0.6481 0.3013 
        D255 11 0.5151 0.1586 0.3264 
        D256 11 0.6091 0.2362 0.1547 
        D257 11 0.1155 0.7636 0.1210 
        D258 11 0.1032 0.7548 0.1420 
        D259 11 0.0591 0.8571 0.0838 
        D260 11 0.3099 0.4084 0.2817 
        D261 11 0.4818 0.2121 0.3061 
        D262 11 0.2394 0.5332 0.2274 
        D263 11 0.4890 0.2989 0.2121 
        D264 11 0.1010 0.7453 0.1537 
        D265 11 0.2454 0.4255 0.3292 
        D266 11 0.5007 0.0772 0.4220 
        D267 11 0.5173 0.3199 0.1628 
        D268 11 0.7395 0.0669 0.1935 
        D269 11 0.2777 0.1339 0.5883 
        D270 11 0.1977 0.3864 0.4159 
        D271 11 0.3734 0.4711 0.1555 
        D272 11 0.3963 0.2152 0.3886 
        D273 11 0.0279 0.9268 0.0453 
        D274 11 0.4285 0.2823 0.2892 
        D275 11 0.3473 0.2624 0.3903 
        D276 11 0.5990 0.1232 0.2778 
        D277 11 0.3619 0.1777 0.4605 
        D278 11 0.4013 0.4914 0.1073 
        D282 11 0.0838 0.8348 0.0814 
        D296 11 0.5800 0.1330 0.2870 
        D297 11 0.4355 0.2956 0.2690 
        D298 11 0.4944 0.1401 0.3655 
        D299 11 0.6455 0.2326 0.1219 
        D300 11 0.5427 0.2077 0.2496 
        D382 11 0.5005 0.2077 0.2918 
        D383 11 0.4398 0.5069 0.0532 
        D387 11 0.6713 0.1973 0.1314 
        D388 11 0.1082 0.0586 0.8332 
        D389 11 0.5486 0.1747 0.2767 
        D390 11 0.2430 0.0956 0.6614 
        D396 11 0.2157 0.1081 0.6762 
        D397 11 0.0969 0.8247 0.0784 
        D398 11 0.5317 0.3611 0.1071 
        D399 11 0.0938 0.2046 0.7016 
        D437 11 0.0874 0.6775 0.2351 
        D441 11 0.8044 0.0659 0.1298 
        D442 11 0.3664 0.3807 0.2530 
        D443 11 0.8982 0.0387 0.0631 
        D444 11 0.2816 0.1783 0.5401 
        D445 11 0.0884 0.5982 0.3134 
        D446 11 0.1116 0.2846 0.6038 
        D451 11 0.3544 0.3385 0.3070 
        D452 11 0.2965 0.2334 0.4702 
        D453 11 0.1229 0.1195 0.7576 
        D454 11 0.1419 0.6650 0.1931 
        D457 11 0.3883 0.5139 0.0978 
        D458 11 0.5222 0.1476 0.3302 
        D466 11 0.1473 0.3110 0.5417 
        D467 11 0.6799 0.2079 0.1122 
        D475 11 0.0784 0.8532 0.0684 
        D488 11 0.1659 0.1116 0.7225 
        D489 11 0.1720 0.6722 0.1558 
        D493 11 0.1546 0.2925 0.5529 
        D494 11 0.2244 0.1965 0.5790 
        D495 11 0.1242 0.6639 0.2118 
        D496 11 0.8026 0.0504 0.1470 
        D674 11 0.6986 0.1312 0.1703 
        D675 11 0.7208 0.0456 0.2336 
        D676 11 0.2284 0.6865 0.0851 
        D680 11 0.8054 0.1493 0.0452 
        D701 11 0.2773 0.3846 0.3381 
        D702 11 0.0862 0.5645 0.3493 
        D703 11 0.3179 0.2951 0.3870 
        D704 11 0.4449 0.2975 0.2576 
        D705 11 0.0347 0.4392 0.5261 
        D706 11 0.3503 0.4922 0.1575 
        D707 11 0.2010 0.4772 0.3218 
        D751 11 0.3554 0.2993 0.3452 
        D752 11 0.6182 0.2110 0.1708 
        D753 11 0.0829 0.2065 0.7106 
        D773 11 0.0257 0.9432 0.0311 
        D774 11 0.2349 0.2149 0.5502 
        D801 11 0.6490 0.0767 0.2743 
        D802 11 0.1647 0.2332 0.6022 
        D803 11 0.7753 0.1233 0.1013 
        D804 11 0.2391 0.2893 0.4716 
        D805 11 0.3608 0.3687 0.2705 
        D806 11 0.0425 0.8938 0.0637 
        D809 11 0.5768 0.1654 0.2578 
        D810 11 0.7993 0.0531 0.1476 
        D812 11 0.2028 0.4882 0.3090 
        D813 11 0.5151 0.2288 0.2561 
        D823 11 0.5123 0.2697 0.2180 
        D824 11 0.6040 0.1702 0.2258 
        D829 11 0.1281 0.0731 0.7987 
        D830 11 0.0863 0.4613 0.4523 
        D831 11 0.3848 0.3743 0.2409 
        D832 11 0.4190 0.3132 0.2679 
        D833 11 0.5461 0.1348 0.3191 
        D834 11 0.3697 0.2070 0.4233 
        D835 11 0.1672 0.7590 0.0738 
        D855 11 0.5002 0.2694 0.2304 
        D863 11 0.8926 0.0450 0.0624 
        D864 11 0.6931 0.1631 0.1438 
        D878 11 0.6934 0.1534 0.1533 
        D879 11 0.0761 0.8025 0.1215 
        D880 11 0.2621 0.0517 0.6862 
        D881 11 0.8660 0.0841 0.0500 
        D882 11 0.3844 0.1224 0.4931 
        D909 11 0.2877 0.1914 0.5209 
        D921 11 0.5939 0.2325 0.1736 
        D924 11 0.6382 0.0648 0.2970 
        D935 11 0.1406 0.2287 0.6307 
        D940 11 0.8880 0.0440 0.0680 
        D941 11 0.5670 0.1513 0.2817 
        D942 11 0.0400 0.8958 0.0642 
        D980 11 0.1504 0.2905 0.5591 
        D981 11 0.1145 0.7473 0.1382 
        D982 11 0.1107 0.1160 0.7734 
        D983 11 0.6475 0.1172 0.2352 
        D984 11 0.3157 0.1392 0.5451 
        D992 11 0.0633 0.8351 0.1016 
        D993 11 0.5757 0.1411 0.2832 
        D994 11 0.4886 0.3527 0.1587 
        D995 11 0.2249 0.5743 0.2009 
        H354 11 0.0770 0.5524 0.3707 
        D005 12 0.0751 0.4139 0.5110 
        D035 12 0.6345 0.1779 0.1876 
        D067 12 0.5145 0.1376 0.3479 
        D134 12 0.4683 0.3499 0.1818 
        D135 12 0.3726 0.2777 0.3496 
        D136 12 0.0596 0.1879 0.7525 
        D137 12 0.1178 0.1435 0.7387 
        D138 12 0.4349 0.2707 0.2945 
        D139 12 0.2671 0.0946 0.6383 
        D140 12 0.4406 0.1962 0.3632 
        D141 12 0.0331 0.9316 0.0353 
        D150 12 0.1406 0.7663 0.0931 
        D177 12 0.4038 0.1480 0.4482 
        D178 12 0.0374 0.0636 0.8989 
        D179 12 0.0844 0.2221 0.6935 
        D180 12 0.0694 0.1690 0.7616 
        D187 12 0.6756 0.2058 0.1186 
        D188 12 0.0383 0.9224 0.0393 
        D191 12 0.0708 0.8826 0.0467 
        D418 12 0.0480 0.8866 0.0655 
        D601 12 0.0638 0.6804 0.2559 
        D836 12 0.0786 0.8126 0.1088 
        D837 12 0.2964 0.2994 0.4042 
        D838 12 0.8671 0.0457 0.0872 
        D839 12 0.2370 0.1494 0.6136 
        D840 12 0.4642 0.1261 0.4097 
        D841 12 0.5874 0.2782 0.1345 
        D842 12 0.0339 0.9351 0.0310 
        D843 12 0.5214 0.2367 0.2418 
        D844 12 0.1038 0.6269 0.2693 
        D912 12 0.4628 0.0866 0.4506 
        D913 12 0.1887 0.0703 0.7410 
