        D174  1 0.0325 0.6938 0.0659 0.0784 0.1293 
        D199  1 0.2417 0.2767 0.3167 0.0889 0.0761 
        D203  1 0.2602 0.0875 0.3540 0.1480 0.1503 
        D204  1 0.0305 0.0237 0.8688 0.0479 0.0292 
     D237366  1 0.1220 0.0873 0.1294 0.2216 0.4396 
     D237367  1 0.0758 0.0457 0.4790 0.1993 0.2002 
     D237368  1 0.0653 0.0743 0.1788 0.0599 0.6217 
     D244101  1 0.1841 0.0251 0.6632 0.0847 0.0429 
     D244102  1 0.1144 0.1596 0.1886 0.3575 0.1798 
     D244103  1 0.0389 0.0654 0.3194 0.4386 0.1378 
     D244104  1 0.0536 0.1547 0.7069 0.0251 0.0597 
     D244105  1 0.0347 0.0222 0.2105 0.2211 0.5116 
     D244106  1 0.1187 0.7011 0.0651 0.0827 0.0324 
     D244107  1 0.0711 0.0165 0.1134 0.0463 0.7526 
     D244108  1 0.0531 0.5324 0.1415 0.0673 0.2057 
     D244113  1 0.0321 0.8049 0.0268 0.1070 0.0292 
     D244114  1 0.2207 0.1253 0.1894 0.4033 0.0612 
     D244115  1 0.0379 0.4696 0.1718 0.1253 0.1954 
     D267365  1 0.0668 0.4029 0.3552 0.0826 0.0925 
        D404  1 0.0552 0.6386 0.0359 0.2242 0.0460 
        D405  1 0.1392 0.2432 0.1817 0.3241 0.1118 
        D406  1 0.0161 0.0224 0.0515 0.0243 0.8857 
        D407  1 0.1351 0.0263 0.6081 0.0422 0.1883 
        D408  1 0.0607 0.7916 0.0580 0.0626 0.0271 
        D409  1 0.0442 0.0561 0.2418 0.6062 0.0517 
        D410  1 0.0113 0.0296 0.0749 0.0269 0.8572 
        D421  1 0.0390 0.0406 0.8686 0.0124 0.0395 
        D422  1 0.0311 0.0127 0.0418 0.0227 0.8918 
        D423  1 0.0347 0.0130 0.0612 0.0187 0.8724 
        D424  1 0.0155 0.0312 0.8350 0.0534 0.0650 
        D425  1 0.0389 0.3136 0.4763 0.1339 0.0372 
        D426  1 0.2309 0.0361 0.2346 0.3994 0.0990 
        D427  1 0.5691 0.2324 0.1385 0.0237 0.0362 
        D428  1 0.0472 0.1872 0.4981 0.0866 0.1809 
        D429  1 0.0604 0.3882 0.3761 0.1126 0.0628 
        D430  1 0.1499 0.2538 0.1580 0.3907 0.0475 
        D491  1 0.0136 0.8752 0.0636 0.0212 0.0264 
        D492  1 0.0579 0.2321 0.3930 0.1275 0.1894 
        D537  1 0.0282 0.0326 0.7735 0.0539 0.1117 
        D538  1 0.0787 0.1229 0.1098 0.4347 0.2538 
        D539  1 0.1631 0.4196 0.0744 0.1713 0.1716 
        D540  1 0.0766 0.1056 0.4160 0.2668 0.1350 
        D541  1 0.0216 0.0131 0.9159 0.0161 0.0333 
        D551  1 0.6649 0.0416 0.1104 0.1138 0.0693 
        D552  1 0.0523 0.2626 0.2571 0.0485 0.3794 
        D553  1 0.0178 0.0155 0.9367 0.0150 0.0150 
        D615  1 0.1114 0.1186 0.4330 0.1505 0.1865 
        D616  1 0.2364 0.1030 0.2590 0.0818 0.3198 
        D621  1 0.0247 0.0857 0.0331 0.0596 0.7969 
        D622  1 0.0263 0.0342 0.0413 0.0517 0.8464 
        D623  1 0.1758 0.5228 0.0623 0.1842 0.0550 
        D624  1 0.0260 0.9060 0.0197 0.0175 0.0308 
        D625  1 0.0228 0.0865 0.7025 0.0787 0.1095 
        D626  1 0.0404 0.5621 0.1238 0.0848 0.1889 
        D627  1 0.1193 0.0667 0.2537 0.5133 0.0470 
        D690  1 0.0111 0.1064 0.7437 0.0278 0.1110 
        D691  1 0.0220 0.0346 0.1001 0.0339 0.8095 
        D710  1 0.0566 0.1927 0.4740 0.1256 0.1511 
        D711  1 0.0245 0.0522 0.7942 0.0595 0.0696 
        D712  1 0.0474 0.8103 0.0347 0.0470 0.0606 
        D713  1 0.0256 0.3250 0.2966 0.2310 0.1218 
        D746  1 0.0192 0.0225 0.0455 0.0215 0.8913 
        D747  1 0.0306 0.0221 0.9085 0.0198 0.0189 
        D748  1 0.0265 0.0610 0.4899 0.1260 0.2966 
        D749  1 0.0736 0.1038 0.0417 0.1269 0.6541 
        D750  1 0.0226 0.7269 0.1441 0.0296 0.0768 
        D763  1 0.2760 0.0485 0.3469 0.2173 0.1113 
        D764  1 0.0208 0.2889 0.4684 0.0445 0.1774 
        D765  1 0.0216 0.1673 0.0394 0.1395 0.6323 
        D766  1 0.0223 0.0540 0.2247 0.0724 0.6266 
        D767  1 0.0992 0.0498 0.2500 0.4066 0.1944 
        D768  1 0.0170 0.0128 0.9307 0.0156 0.0239 
        D811  1 0.0273 0.5821 0.0532 0.2615 0.0758 
        D816  1 0.0119 0.0577 0.8908 0.0203 0.0193 
        D825  1 0.0216 0.4282 0.1823 0.1812 0.1867 
        D866  1 0.3521 0.4699 0.0481 0.0774 0.0525 
        D867  1 0.0291 0.0323 0.0317 0.0543 0.8526 
        D871  1 0.0258 0.0504 0.2225 0.6733 0.0281 
        D872  1 0.0396 0.0455 0.5627 0.1460 0.2061 
        D873  1 0.0105 0.0135 0.0068 0.0329 0.9363 
        D874  1 0.0601 0.2703 0.4573 0.1925 0.0198 
        D875  1 0.0172 0.0278 0.1705 0.7100 0.0746 
        D876  1 0.0203 0.0856 0.7477 0.0723 0.0741 
        D877  1 0.0372 0.5472 0.0749 0.3205 0.0201 
        D892  1 0.0219 0.2070 0.4750 0.1299 0.1662 
        D893  1 0.0511 0.0337 0.7548 0.0703 0.0901 
        D894  1 0.0593 0.1831 0.5547 0.1394 0.0635 
        D915  1 0.0319 0.0986 0.6242 0.0566 0.1888 
        D916  1 0.0147 0.0343 0.8968 0.0195 0.0347 
        D917  1 0.1097 0.4706 0.2315 0.1273 0.0609 
        D925  1 0.0177 0.0775 0.0667 0.0190 0.8192 
        D926  1 0.0316 0.1468 0.5697 0.1489 0.1030 
        D927  1 0.2972 0.0767 0.5112 0.0731 0.0418 
        D928  1 0.0164 0.8336 0.1025 0.0261 0.0214 
        D929  1 0.0305 0.1247 0.1193 0.6415 0.0841 
        D936  1 0.0967 0.0437 0.7567 0.0723 0.0306 
        D938  1 0.0136 0.0188 0.0269 0.0232 0.9175 
        D956  1 0.0472 0.7964 0.0359 0.0911 0.0295 
        D957  1 0.0346 0.0584 0.2870 0.1472 0.4727 
        D958  1 0.0230 0.1354 0.4755 0.0774 0.2887 
        D959  1 0.1189 0.0211 0.6092 0.0459 0.2048 
        D960  1 0.0186 0.0228 0.0271 0.0273 0.9042 
        D989  1 0.1166 0.7390 0.0522 0.0490 0.0433 
        D990  1 0.0320 0.0368 0.0189 0.0253 0.8869 
        D023  2 0.0141 0.0247 0.0978 0.0171 0.8463 
        D130  2 0.0220 0.0124 0.0711 0.0578 0.8367 
        D131  2 0.0773 0.0634 0.5037 0.3025 0.0531 
        D163  2 0.0192 0.0330 0.0723 0.0287 0.8469 
        D164  2 0.3922 0.0116 0.0123 0.0132 0.5707 
        D165  2 0.0181 0.0234 0.0597 0.0209 0.8779 
        D166  2 0.0635 0.0356 0.0712 0.7677 0.0620 
        D167  2 0.9036 0.0335 0.0151 0.0301 0.0176 
        D192  2 0.9357 0.0198 0.0122 0.0169 0.0153 
        D193  2 0.0772 0.4346 0.0404 0.3724 0.0754 
        D206  2 0.2781 0.0420 0.3666 0.1245 0.1888 
        D207  2 0.6912 0.0310 0.0616 0.1859 0.0303 
        D208  2 0.2685 0.5108 0.0724 0.0856 0.0627 
        D209  2 0.4767 0.0464 0.1603 0.1734 0.1433 
        D210  2 0.2021 0.6369 0.0881 0.0327 0.0402 
     D229599  2 0.1347 0.1515 0.3382 0.2134 0.1621 
     D229600  2 0.2246 0.0200 0.0335 0.0587 0.6633 
     D237227  2 0.0741 0.6703 0.0406 0.0437 0.1713 
     D237228  2 0.0758 0.3433 0.0239 0.0970 0.4599 
     D237258  2 0.3095 0.1679 0.1296 0.1280 0.2651 
     D237310  2 0.0826 0.0703 0.0202 0.2968 0.5300 
     D237311  2 0.1322 0.0335 0.0225 0.0673 0.7445 
     D237312  2 0.0416 0.1343 0.0489 0.5071 0.2682 
     D237313  2 0.0625 0.1850 0.4342 0.1159 0.2024 
     D237322  2 0.2886 0.1414 0.0665 0.4439 0.0597 
     D237323  2 0.0359 0.1605 0.0217 0.0997 0.6821 
     D237324  2 0.3145 0.0167 0.0538 0.1544 0.4607 
     D237325  2 0.0668 0.1321 0.0659 0.1675 0.5677 
     D237326  2 0.0300 0.0797 0.0935 0.0293 0.7675 
     D237327  2 0.4658 0.1241 0.1738 0.1681 0.0682 
     D237337  2 0.0181 0.0589 0.0418 0.0753 0.8058 
     D237338  2 0.1248 0.2314 0.1066 0.1674 0.3698 
     D237339  2 0.3504 0.0249 0.3291 0.2606 0.0350 
     D237340  2 0.1625 0.3072 0.0307 0.1061 0.3935 
     D237389  2 0.1208 0.0365 0.0313 0.1789 0.6325 
     D237390  2 0.0447 0.1678 0.1053 0.3717 0.3104 
     D244017  2 0.2340 0.4699 0.0426 0.2110 0.0425 
     D244112  2 0.8598 0.0264 0.0133 0.0388 0.0617 
     D244118  2 0.4459 0.0196 0.0145 0.0286 0.4914 
     D244119  2 0.2615 0.6697 0.0158 0.0162 0.0367 
     D244120  2 0.5963 0.1454 0.0185 0.2003 0.0395 
     D244122  2 0.7659 0.0657 0.0310 0.0714 0.0660 
        D291  2 0.4560 0.0532 0.1017 0.2880 0.1011 
        D292  2 0.3933 0.1623 0.3062 0.0698 0.0684 
        D293  2 0.7250 0.0143 0.2050 0.0451 0.0106 
        D322  2 0.4367 0.0243 0.3884 0.1089 0.0418 
        D323  2 0.1831 0.1246 0.3434 0.2626 0.0863 
        D324  2 0.2357 0.1188 0.2883 0.1514 0.2058 
        D325  2 0.9190 0.0100 0.0362 0.0213 0.0135 
        D326  2 0.0304 0.0281 0.9043 0.0208 0.0164 
        D340  2 0.9425 0.0144 0.0175 0.0104 0.0153 
        D341  2 0.8565 0.0322 0.0389 0.0429 0.0295 
        D342  2 0.7335 0.0307 0.0250 0.0821 0.1287 
        D343  2 0.9589 0.0080 0.0151 0.0095 0.0085 
        D344  2 0.0502 0.0531 0.4621 0.3880 0.0467 
        D345  2 0.0512 0.0761 0.5288 0.1091 0.2349 
        D346  2 0.0813 0.7684 0.0764 0.0390 0.0349 
        D351  2 0.1289 0.0239 0.4567 0.3242 0.0663 
        D352  2 0.1035 0.1458 0.1395 0.5310 0.0802 
        D353  2 0.0441 0.0402 0.6789 0.2182 0.0186 
        D354  2 0.0227 0.2164 0.4509 0.2145 0.0955 
        D362  2 0.0267 0.0508 0.8093 0.0323 0.0809 
        D363  2 0.0273 0.1490 0.7486 0.0255 0.0496 
        D364  2 0.0379 0.1011 0.6784 0.1156 0.0670 
        D365  2 0.9164 0.0169 0.0348 0.0161 0.0158 
        D369  2 0.2840 0.2586 0.2758 0.0662 0.1154 
        D374  2 0.0272 0.8493 0.0255 0.0757 0.0225 
        D375  2 0.0246 0.0765 0.2364 0.5907 0.0717 
        D376  2 0.0461 0.7911 0.0180 0.0981 0.0467 
        D377  2 0.1122 0.2826 0.0915 0.3027 0.2110 
        D378  2 0.2581 0.0275 0.5522 0.0984 0.0639 
        D379  2 0.0245 0.0217 0.8989 0.0338 0.0211 
        D384  2 0.0191 0.0312 0.9227 0.0158 0.0113 
        D385  2 0.8702 0.0420 0.0233 0.0434 0.0211 
        D386  2 0.0715 0.0336 0.6577 0.1713 0.0658 
        D391  2 0.8825 0.0136 0.0492 0.0330 0.0217 
        D392  2 0.7182 0.0640 0.0747 0.0587 0.0844 
        D393  2 0.1843 0.0241 0.6521 0.0706 0.0689 
        D394  2 0.1046 0.0859 0.1865 0.2784 0.3446 
        D395  2 0.4967 0.0425 0.1117 0.3151 0.0340 
        D401  2 0.0269 0.0557 0.0231 0.0403 0.8540 
        D402  2 0.9219 0.0198 0.0165 0.0277 0.0141 
        D403  2 0.0418 0.0296 0.5643 0.2634 0.1008 
        D415  2 0.0197 0.0181 0.7927 0.1130 0.0564 
        D435  2 0.2570 0.0133 0.6215 0.0384 0.0698 
        D436  2 0.0577 0.1046 0.4661 0.3314 0.0402 
        D438  2 0.9391 0.0174 0.0140 0.0144 0.0151 
        D439  2 0.1407 0.0252 0.4122 0.3281 0.0937 
        D449  2 0.7108 0.0188 0.1771 0.0605 0.0328 
        D450  2 0.0393 0.3326 0.1929 0.3568 0.0783 
        D456  2 0.0130 0.0209 0.9234 0.0322 0.0105 
        D462  2 0.8943 0.0106 0.0535 0.0273 0.0144 
        D463  2 0.0116 0.0252 0.9370 0.0143 0.0119 
        D464  2 0.0790 0.0614 0.4392 0.3984 0.0221 
        D465  2 0.4018 0.0199 0.3598 0.0833 0.1353 
        D473  2 0.0328 0.7782 0.0309 0.0689 0.0892 
        D474  2 0.1459 0.1309 0.5843 0.0339 0.1050 
        D476  2 0.1227 0.0168 0.1619 0.0742 0.6243 
        D477  2 0.0633 0.1342 0.5801 0.1464 0.0759 
        D478  2 0.0770 0.2635 0.1245 0.4134 0.1217 
        D480  2 0.1786 0.1172 0.5577 0.1105 0.0360 
        D481  2 0.1085 0.2081 0.4091 0.1275 0.1469 
        D482  2 0.1259 0.2988 0.0494 0.4087 0.1172 
        D483  2 0.8643 0.0596 0.0190 0.0203 0.0368 
        D484  2 0.1380 0.1332 0.0941 0.5835 0.0512 
        D510  2 0.0563 0.8568 0.0245 0.0423 0.0200 
        D511  2 0.1330 0.0279 0.6174 0.1595 0.0623 
        D512  2 0.1335 0.0206 0.0479 0.1870 0.6111 
        D513  2 0.6529 0.0704 0.1537 0.0605 0.0626 
        D635  2 0.0447 0.0512 0.5485 0.0526 0.3030 
        D636  2 0.0117 0.0178 0.0245 0.0139 0.9321 
        D637  2 0.3707 0.1763 0.0815 0.3189 0.0526 
        D658  2 0.5801 0.1929 0.0411 0.1102 0.0757 
        D659  2 0.0444 0.0384 0.8227 0.0252 0.0692 
        D677  2 0.1714 0.0394 0.4222 0.1617 0.2053 
        D678  2 0.7401 0.0334 0.0369 0.1096 0.0801 
        D679  2 0.1128 0.0649 0.7031 0.0698 0.0494 
        D719  2 0.1959 0.4911 0.2627 0.0272 0.0231 
        D720  2 0.0493 0.1011 0.7253 0.0496 0.0747 
        D721  2 0.0650 0.0366 0.0799 0.0414 0.7771 
        D722  2 0.0712 0.7147 0.0428 0.1066 0.0646 
        D734  2 0.1724 0.6225 0.0910 0.0990 0.0152 
        D735  2 0.0786 0.1206 0.5154 0.1413 0.1441 
        D736  2 0.1285 0.6191 0.1209 0.0477 0.0838 
        D737  2 0.5723 0.0850 0.0634 0.1184 0.1609 
        D807  2 0.1612 0.4341 0.2262 0.0978 0.0807 
        D808  2 0.1911 0.0314 0.1629 0.3989 0.2157 
        D817  2 0.0267 0.1352 0.6481 0.1312 0.0588 
        D818  2 0.4578 0.0307 0.1186 0.3451 0.0479 
        D819  2 0.0619 0.0962 0.3383 0.2735 0.2301 
        D820  2 0.0492 0.0371 0.8350 0.0574 0.0213 
        D895  2 0.0406 0.0434 0.6579 0.0621 0.1959 
        D896  2 0.0163 0.0413 0.0222 0.0308 0.8894 
        D897  2 0.7711 0.0295 0.0405 0.1208 0.0382 
        D898  2 0.0805 0.1358 0.1393 0.5513 0.0930 
        D918  2 0.2224 0.1005 0.0762 0.4036 0.1974 
        D919  2 0.2203 0.0230 0.4449 0.2798 0.0319 
        D920  2 0.0280 0.0375 0.0218 0.0507 0.8621 
        D923  2 0.0330 0.0303 0.8377 0.0755 0.0235 
        D930  2 0.0760 0.1708 0.4024 0.2650 0.0858 
        D931  2 0.1712 0.1111 0.5608 0.0989 0.0579 
        D968  2 0.9405 0.0125 0.0217 0.0160 0.0093 
        D969  2 0.3208 0.0806 0.4630 0.1003 0.0354 
        D977  2 0.8237 0.0243 0.0395 0.0827 0.0298 
        D978  2 0.4018 0.0591 0.0751 0.4345 0.0296 
        D211  3 0.0877 0.0425 0.1041 0.3272 0.4385 
     D229639  3 0.5558 0.2645 0.0773 0.0553 0.0471 
     D237212  3 0.2736 0.0736 0.2372 0.2624 0.1532 
     D237213  3 0.0897 0.0427 0.2085 0.3463 0.3128 
     D237214  3 0.0229 0.0536 0.0747 0.2531 0.5957 
     D237215  3 0.7198 0.1973 0.0186 0.0377 0.0266 
     D237216  3 0.1391 0.0440 0.1493 0.4753 0.1923 
     D237217  3 0.1019 0.0195 0.1452 0.2107 0.5227 
     D237218  3 0.3611 0.0673 0.2528 0.2345 0.0842 
     D237219  3 0.0952 0.2460 0.0572 0.0971 0.5045 
     D237382  3 0.0499 0.1255 0.1895 0.5099 0.1252 
     D244127  3 0.1192 0.0319 0.0389 0.0816 0.7284 
     D244129  3 0.1196 0.0614 0.2780 0.2869 0.2541 
     D244133  3 0.1751 0.3766 0.1320 0.1301 0.1861 
     D244134  3 0.2097 0.5552 0.0682 0.0477 0.1192 
     D244135  3 0.0961 0.0218 0.0666 0.0948 0.7207 
     D244136  3 0.1172 0.4583 0.2427 0.0881 0.0936 
        D416  3 0.3720 0.0505 0.2429 0.1601 0.1745 
        D417  3 0.0263 0.0268 0.8274 0.0742 0.0453 
        D419  3 0.2292 0.1531 0.2355 0.0923 0.2899 
        D565  3 0.0160 0.9086 0.0437 0.0151 0.0166 
        D566  3 0.2393 0.6093 0.0631 0.0467 0.0417 
        D567  3 0.0368 0.0346 0.7258 0.0432 0.1596 
        D568  3 0.2169 0.0211 0.3968 0.1142 0.2511 
        D569  3 0.2609 0.0627 0.0984 0.4679 0.1101 
        D573  3 0.7263 0.0288 0.1769 0.0430 0.0250 
        D574  3 0.0781 0.6343 0.0611 0.1592 0.0672 
        D575  3 0.1284 0.3369 0.1703 0.0675 0.2970 
        D576  3 0.8060 0.0783 0.0100 0.0776 0.0282 
        D577  3 0.0396 0.0621 0.6784 0.1474 0.0725 
        D578  3 0.0296 0.0123 0.0213 0.1142 0.8225 
        D579  3 0.2139 0.3423 0.2500 0.0884 0.1054 
        D660  3 0.5689 0.0451 0.0414 0.1879 0.1566 
        D661  3 0.6981 0.0275 0.0486 0.1738 0.0520 
        D663  3 0.7621 0.0308 0.0635 0.1247 0.0189 
        D664  3 0.1986 0.2505 0.0247 0.1522 0.3741 
        D665  3 0.0428 0.0135 0.0198 0.8211 0.1028 
        D666  3 0.0601 0.3850 0.1710 0.1070 0.2768 
        D009  4 0.0315 0.0321 0.2086 0.3480 0.3797 
        D057  4 0.3759 0.0650 0.1578 0.1184 0.2829 
        D109  4 0.0231 0.0671 0.0615 0.2189 0.6295 
     D237222  4 0.0396 0.0795 0.0406 0.1314 0.7089 
     D237223  4 0.1618 0.1312 0.0912 0.2138 0.4020 
     D237224  4 0.3815 0.0702 0.3300 0.1558 0.0624 
     D237225  4 0.0876 0.0688 0.2569 0.3898 0.1969 
     D237299  4 0.0800 0.0385 0.0356 0.7884 0.0575 
     D237300  4 0.7998 0.1003 0.0195 0.0444 0.0359 
     D237306  4 0.0481 0.6227 0.1415 0.0945 0.0931 
     D237307  4 0.1163 0.3009 0.4062 0.1002 0.0765 
     D237308  4 0.4640 0.1392 0.0891 0.0575 0.2503 
     D237309  4 0.0857 0.0365 0.4231 0.2082 0.2464 
     D237317  4 0.0359 0.6898 0.1449 0.0696 0.0599 
     D237318  4 0.8991 0.0334 0.0237 0.0285 0.0153 
     D237319  4 0.0949 0.0678 0.2083 0.3286 0.3004 
     D237320  4 0.3553 0.0744 0.1392 0.1400 0.2911 
     D237321  4 0.6457 0.1305 0.0758 0.0749 0.0731 
     D237397  4 0.2919 0.3003 0.1014 0.1021 0.2043 
     D237398  4 0.6041 0.0271 0.1525 0.1775 0.0388 
     D237399  4 0.1432 0.3834 0.1674 0.1996 0.1065 
     D244001  4 0.1101 0.0322 0.0697 0.0668 0.7212 
        D289  4 0.2009 0.3821 0.2175 0.1370 0.0626 
        D290  4 0.0671 0.0356 0.0912 0.7548 0.0512 
        D294  4 0.0921 0.0607 0.2753 0.5196 0.0523 
        D295  4 0.0511 0.1123 0.5715 0.1691 0.0961 
        D301  4 0.0694 0.0585 0.0292 0.0456 0.7973 
        D302  4 0.0232 0.0213 0.6448 0.2566 0.0541 
        D303  4 0.0596 0.7514 0.0484 0.0611 0.0795 
        D304  4 0.1050 0.1386 0.1355 0.5875 0.0333 
        D305  4 0.2169 0.0160 0.0899 0.5827 0.0944 
        D306  4 0.0272 0.0620 0.0653 0.8094 0.0361 
        D307  4 0.0249 0.0562 0.0207 0.0283 0.8699 
        D327  4 0.0795 0.1164 0.6773 0.0826 0.0442 
        D328  4 0.0558 0.5151 0.0655 0.2911 0.0725 
        D329  4 0.2994 0.0671 0.2515 0.2255 0.1565 
        D330  4 0.0474 0.0278 0.4671 0.2802 0.1774 
        D331  4 0.1361 0.1913 0.2463 0.3069 0.1195 
        D333  4 0.2065 0.2628 0.1454 0.2245 0.1609 
        D334  4 0.0278 0.6924 0.1295 0.0994 0.0508 
        D335  4 0.0433 0.0405 0.7439 0.1247 0.0475 
        D370  4 0.0550 0.3013 0.0947 0.2536 0.2953 
        D371  4 0.0334 0.7720 0.1388 0.0258 0.0299 
        D372  4 0.5986 0.0454 0.0134 0.3218 0.0207 
        D373  4 0.0848 0.0363 0.0299 0.0381 0.8109 
        D455  4 0.0445 0.0310 0.0585 0.0559 0.8101 
        D490  4 0.0127 0.0189 0.0249 0.0465 0.8970 
        D497  4 0.0323 0.0344 0.0283 0.0758 0.8293 
        D498  4 0.1201 0.2455 0.1000 0.3949 0.1394 
        D499  4 0.4695 0.2060 0.0458 0.2322 0.0464 
        D514  4 0.0559 0.0326 0.4535 0.4038 0.0542 
        D515  4 0.0824 0.0455 0.0835 0.4981 0.2905 
        D516  4 0.1460 0.1456 0.3006 0.0957 0.3121 
        D517  4 0.0960 0.0214 0.0780 0.0517 0.7528 
        D518  4 0.1358 0.1512 0.1846 0.1926 0.3357 
        D519  4 0.2631 0.0392 0.1087 0.2354 0.3536 
        D560  4 0.2889 0.0234 0.1357 0.3590 0.1930 
        D561  4 0.0413 0.0140 0.2217 0.5981 0.1249 
        D562  4 0.1212 0.1204 0.0875 0.5598 0.1110 
        D563  4 0.5575 0.0336 0.1101 0.1920 0.1068 
        D572  4 0.0871 0.0592 0.3907 0.3859 0.0770 
        D629  4 0.0605 0.0731 0.4748 0.1623 0.2293 
        D630  4 0.1068 0.1235 0.2266 0.4255 0.1176 
        D631  4 0.3859 0.1051 0.1775 0.2745 0.0570 
        D632  4 0.0995 0.0308 0.0676 0.0419 0.7603 
        D646  4 0.1583 0.0428 0.3935 0.1138 0.2917 
        D647  4 0.0690 0.0194 0.6267 0.1585 0.1265 
        D648  4 0.0429 0.3469 0.0365 0.5357 0.0381 
        D649  4 0.0271 0.0305 0.5590 0.1129 0.2705 
        D650  4 0.0861 0.2442 0.3224 0.1889 0.1583 
        D708  4 0.0559 0.5001 0.0799 0.2934 0.0706 
        D709  4 0.0332 0.0675 0.0711 0.7453 0.0829 
        D738  4 0.0300 0.5959 0.1201 0.0596 0.1944 
        D739  4 0.0842 0.0522 0.0651 0.6043 0.1943 
        D740  4 0.2264 0.2080 0.0378 0.2751 0.2527 
        D741  4 0.3786 0.0268 0.1935 0.2722 0.1290 
        D742  4 0.5957 0.1675 0.0676 0.1169 0.0523 
        D743  4 0.0801 0.0511 0.7600 0.0858 0.0229 
        D744  4 0.1813 0.0377 0.3984 0.3143 0.0683 
        D745  4 0.1219 0.0423 0.0743 0.3043 0.4573 
        D814  4 0.6059 0.0254 0.0721 0.2509 0.0457 
        D815  4 0.0544 0.0740 0.4623 0.3616 0.0478 
        D828  4 0.1407 0.3431 0.0212 0.4323 0.0627 
        D845  4 0.8373 0.0873 0.0346 0.0225 0.0183 
        D846  4 0.2788 0.0150 0.3954 0.2145 0.0963 
        D847  4 0.1244 0.1620 0.2427 0.3377 0.1333 
        D848  4 0.1480 0.0305 0.0224 0.0300 0.7691 
        D849  4 0.0546 0.0307 0.0767 0.4084 0.4295 
        D850  4 0.2195 0.1484 0.3220 0.0961 0.2141 
        D856  4 0.0387 0.0502 0.1009 0.6386 0.1717 
        D857  4 0.0429 0.0400 0.0110 0.0726 0.8335 
        D859  4 0.1967 0.0919 0.2747 0.3822 0.0545 
        D860  4 0.1845 0.5950 0.1431 0.0457 0.0316 
        D883  4 0.0728 0.2198 0.3641 0.1361 0.2073 
        D884  4 0.0565 0.2070 0.2107 0.2412 0.2846 
        D885  4 0.3603 0.0460 0.1960 0.2311 0.1667 
        D886  4 0.0877 0.0341 0.2611 0.2875 0.3296 
        D887  4 0.3000 0.1731 0.1868 0.2398 0.1004 
        D889  4 0.1900 0.0357 0.0479 0.7074 0.0190 
        D890  4 0.0802 0.3784 0.1387 0.1829 0.2198 
        D891  4 0.9418 0.0124 0.0165 0.0186 0.0107 
        D899  4 0.6047 0.2061 0.0681 0.0843 0.0367 
        D900  4 0.1027 0.1259 0.3654 0.3265 0.0795 
        D970  4 0.1339 0.1158 0.4321 0.2373 0.0809 
        D971  4 0.4936 0.0702 0.1526 0.1538 0.1297 
        D979  4 0.0403 0.0396 0.7645 0.1221 0.0334 
        D093  5 0.0476 0.8074 0.0558 0.0474 0.0419 
        D154  5 0.5373 0.0964 0.0441 0.2892 0.0331 
        D168  5 0.4123 0.0343 0.1557 0.1598 0.2379 
        D189  5 0.1934 0.5682 0.0582 0.1394 0.0409 
        D190  5 0.0478 0.8538 0.0452 0.0279 0.0254 
     D237220  5 0.1017 0.1300 0.0910 0.3905 0.2867 
     D237221  5 0.2187 0.4870 0.1234 0.0996 0.0713 
     D237274  5 0.0288 0.0249 0.8525 0.0631 0.0307 
     D237275  5 0.7750 0.0251 0.0145 0.1494 0.0360 
     D237276  5 0.0742 0.2789 0.2302 0.2224 0.1944 
     D237277  5 0.1002 0.7799 0.0458 0.0421 0.0320 
     D237278  5 0.4085 0.2842 0.0442 0.0854 0.1777 
     D237279  5 0.0257 0.0305 0.0682 0.1109 0.7647 
     D237280  5 0.0295 0.1080 0.2335 0.0858 0.5433 
     D237281  5 0.8968 0.0196 0.0401 0.0254 0.0181 
     D237351  5 0.0306 0.1308 0.0296 0.0442 0.7648 
     D237352  5 0.0631 0.0800 0.2189 0.0796 0.5583 
     D237353  5 0.0244 0.9070 0.0248 0.0245 0.0192 
     D237359  5 0.1876 0.1022 0.1045 0.4760 0.1297 
     D237361  5 0.0161 0.9008 0.0248 0.0240 0.0343 
     D237362  5 0.0943 0.3191 0.4008 0.0846 0.1011 
     D237363  5 0.2842 0.1149 0.1048 0.4215 0.0746 
     D237364  5 0.2696 0.0310 0.1696 0.3794 0.1504 
     D237376  5 0.0812 0.5556 0.0221 0.3129 0.0283 
     D237377  5 0.0402 0.1271 0.3673 0.0360 0.4294 
     D237378  5 0.0878 0.7796 0.0250 0.0759 0.0316 
     D237379  5 0.0590 0.5252 0.0481 0.3097 0.0579 
     D237380  5 0.0152 0.0726 0.0459 0.0929 0.7733 
     D237381  5 0.0786 0.0987 0.0956 0.1170 0.6101 
     D237391  5 0.0288 0.8650 0.0476 0.0303 0.0283 
     D237392  5 0.1881 0.0487 0.5601 0.1030 0.1001 
     D237393  5 0.0814 0.3081 0.4147 0.0647 0.1311 
     D237394  5 0.0130 0.9303 0.0182 0.0172 0.0213 
     D237395  5 0.1294 0.4388 0.0510 0.2708 0.1101 
     D237396  5 0.0877 0.1925 0.5005 0.0388 0.1806 
     D244016  5 0.1486 0.4355 0.0876 0.2813 0.0470 
     D244018  5 0.4846 0.2386 0.0812 0.0393 0.1563 
     D244019  5 0.1726 0.1117 0.4158 0.2595 0.0404 
        D279  5 0.4940 0.1193 0.0753 0.2297 0.0817 
        D280  5 0.1314 0.4942 0.1295 0.1587 0.0862 
        D281  5 0.7312 0.1012 0.0245 0.1274 0.0157 
        D283  5 0.0523 0.7271 0.1509 0.0393 0.0304 
        D284  5 0.1255 0.0361 0.0877 0.5180 0.2326 
        D285  5 0.0595 0.5847 0.1381 0.1651 0.0525 
        D286  5 0.0618 0.3449 0.1740 0.3511 0.0682 
        D287  5 0.0378 0.4522 0.0278 0.4096 0.0726 
        D288  5 0.2389 0.3459 0.2608 0.1058 0.0486 
        D308  5 0.0178 0.0334 0.0597 0.0232 0.8658 
        D309  5 0.0211 0.0219 0.5410 0.3532 0.0628 
        D310  5 0.0227 0.8683 0.0223 0.0714 0.0153 
        D311  5 0.0661 0.2774 0.2861 0.3191 0.0513 
        D312  5 0.0634 0.4814 0.1662 0.1659 0.1232 
        D313  5 0.0118 0.0238 0.0107 0.0168 0.9369 
        D314  5 0.2628 0.2035 0.0559 0.3540 0.1238 
        D315  5 0.0652 0.5409 0.1756 0.1058 0.1125 
        D317  5 0.0282 0.8595 0.0579 0.0292 0.0251 
        D318  5 0.1823 0.1446 0.2184 0.3499 0.1048 
        D319  5 0.0356 0.8904 0.0193 0.0263 0.0284 
        D320  5 0.0248 0.8559 0.0378 0.0471 0.0343 
        D321  5 0.0483 0.1022 0.0778 0.0278 0.7439 
        D336  5 0.0285 0.7633 0.0292 0.1609 0.0181 
        D337  5 0.0311 0.9164 0.0241 0.0185 0.0099 
        D338  5 0.1529 0.2270 0.2085 0.2883 0.1232 
        D339  5 0.0821 0.7539 0.0442 0.0639 0.0560 
        D347  5 0.1367 0.1336 0.3001 0.3923 0.0373 
        D348  5 0.0264 0.8563 0.0384 0.0565 0.0224 
        D349  5 0.0232 0.0730 0.0248 0.0246 0.8544 
        D350  5 0.0593 0.0247 0.4194 0.4588 0.0378 
        D355  5 0.6706 0.0375 0.0972 0.1741 0.0206 
        D356  5 0.0393 0.4877 0.2440 0.1100 0.1190 
        D357  5 0.0920 0.2372 0.0832 0.5245 0.0631 
        D358  5 0.0665 0.5951 0.0920 0.0952 0.1512 
        D359  5 0.0223 0.6436 0.2683 0.0407 0.0251 
        D360  5 0.0283 0.6713 0.1302 0.0877 0.0824 
        D361  5 0.0169 0.0349 0.0243 0.0193 0.9046 
        D366  5 0.2776 0.0306 0.5827 0.0278 0.0813 
        D367  5 0.0322 0.7119 0.0226 0.1801 0.0532 
        D368  5 0.0396 0.4935 0.1316 0.1376 0.1977 
        D380  5 0.0841 0.0689 0.4065 0.2437 0.1967 
        D381  5 0.0545 0.7657 0.0649 0.0708 0.0442 
        D400  5 0.2274 0.3420 0.1418 0.2394 0.0493 
        D411  5 0.0399 0.0126 0.0241 0.0777 0.8457 
        D412  5 0.2539 0.1294 0.1157 0.3211 0.1798 
        D413  5 0.7731 0.0378 0.0737 0.0647 0.0508 
        D414  5 0.3652 0.0458 0.1484 0.4087 0.0318 
        D420  5 0.1181 0.0954 0.0470 0.5457 0.1938 
        D431  5 0.2134 0.2249 0.0243 0.4168 0.1206 
        D432  5 0.0859 0.6339 0.0863 0.0430 0.1510 
        D433  5 0.0828 0.7758 0.0589 0.0442 0.0383 
        D434  5 0.0377 0.6969 0.1141 0.0703 0.0810 
        D440  5 0.0361 0.0279 0.4042 0.4800 0.0519 
        D447  5 0.1044 0.0394 0.4983 0.2559 0.1020 
        D448  5 0.0684 0.7083 0.0645 0.1322 0.0266 
        D459  5 0.8357 0.0244 0.0720 0.0491 0.0188 
        D460  5 0.0268 0.0782 0.0603 0.0236 0.8111 
        D461  5 0.0283 0.0279 0.6119 0.3080 0.0240 
        D468  5 0.0829 0.3724 0.2976 0.1618 0.0853 
        D469  5 0.0521 0.1623 0.5623 0.1077 0.1155 
        D470  5 0.0904 0.1460 0.1173 0.4387 0.2075 
        D471  5 0.1023 0.6849 0.0806 0.1111 0.0211 
        D472  5 0.1858 0.0222 0.7495 0.0237 0.0187 
        D479  5 0.8157 0.0242 0.0393 0.0790 0.0419 
        D485  5 0.0852 0.1308 0.0902 0.6378 0.0561 
        D486  5 0.0471 0.1868 0.2258 0.3693 0.1710 
        D487  5 0.3628 0.3690 0.0502 0.1629 0.0552 
        D555  5 0.0296 0.9099 0.0212 0.0199 0.0195 
        D556  5 0.1826 0.4147 0.0999 0.2194 0.0833 
        D557  5 0.0286 0.9051 0.0304 0.0173 0.0186 
        D564  5 0.0422 0.5162 0.1152 0.1769 0.1495 
        D594  5 0.1428 0.1512 0.3228 0.3235 0.0597 
        D595  5 0.1152 0.5347 0.1890 0.0904 0.0707 
        D596  5 0.0251 0.9145 0.0179 0.0204 0.0222 
        D597  5 0.3547 0.3513 0.2036 0.0577 0.0327 
        D598  5 0.0822 0.5081 0.1260 0.0817 0.2020 
        D617  5 0.1900 0.0212 0.0332 0.0947 0.6609 
        D618  5 0.1119 0.6563 0.1154 0.0596 0.0567 
        D619  5 0.0716 0.2198 0.2463 0.0682 0.3941 
        D620  5 0.8990 0.0291 0.0305 0.0173 0.0240 
        D628  5 0.0829 0.1347 0.1807 0.3370 0.2647 
        D714  5 0.2796 0.4717 0.0235 0.1709 0.0543 
        D715  5 0.0937 0.7523 0.0880 0.0364 0.0295 
        D716  5 0.1955 0.1421 0.1509 0.4858 0.0256 
        D717  5 0.0706 0.2241 0.4540 0.1152 0.1361 
        D718  5 0.0733 0.0966 0.0180 0.7352 0.0769 
        D769  5 0.1786 0.0298 0.0533 0.1668 0.5715 
        D770  5 0.4435 0.2426 0.0673 0.1934 0.0532 
        D771  5 0.3594 0.1336 0.0970 0.2834 0.1266 
        D772  5 0.0710 0.5038 0.1334 0.2033 0.0886 
        D782  5 0.2740 0.0502 0.0792 0.1190 0.4777 
        D783  5 0.4673 0.1928 0.0583 0.2431 0.0386 
        D784  5 0.0655 0.1053 0.6345 0.1251 0.0696 
        D785  5 0.0217 0.7913 0.0603 0.0535 0.0732 
        D786  5 0.0682 0.0186 0.2473 0.1352 0.5306 
        D821  5 0.0140 0.9445 0.0143 0.0166 0.0106 
        D822  5 0.0933 0.1733 0.5336 0.1479 0.0520 
        D826  5 0.2749 0.5026 0.0681 0.1076 0.0469 
        D827  5 0.1159 0.0489 0.6372 0.1577 0.0404 
        D851  5 0.0995 0.2845 0.1760 0.3119 0.1281 
        D852  5 0.2966 0.3415 0.0680 0.1359 0.1581 
        D853  5 0.0870 0.4307 0.1226 0.3000 0.0597 
        D854  5 0.2225 0.0303 0.2080 0.4736 0.0656 
        D861  5 0.2593 0.2633 0.1177 0.2238 0.1360 
        D862  5 0.0306 0.4697 0.3304 0.1242 0.0451 
        D865  5 0.0560 0.8422 0.0251 0.0323 0.0444 
        D868  5 0.0413 0.0909 0.7589 0.0571 0.0517 
        D869  5 0.0410 0.0286 0.0387 0.0326 0.8591 
        D870  5 0.0474 0.0154 0.2090 0.6507 0.0775 
        D907  5 0.0316 0.7873 0.0286 0.0816 0.0709 
        D908  5 0.3677 0.4449 0.0331 0.0732 0.0811 
        D910  5 0.2879 0.4905 0.1009 0.0878 0.0329 
        D911  5 0.7562 0.0362 0.0655 0.1204 0.0217 
        D934  5 0.4447 0.1518 0.0966 0.2544 0.0525 
        D946  5 0.2918 0.1497 0.0337 0.4303 0.0944 
        D947  5 0.1140 0.0727 0.2755 0.4610 0.0767 
        D948  5 0.0204 0.1243 0.0531 0.0198 0.7824 
        D949  5 0.0214 0.0745 0.0388 0.0246 0.8407 
        D950  5 0.7881 0.0440 0.0620 0.0823 0.0237 
        D951  5 0.0345 0.0513 0.4724 0.3649 0.0770 
        D952  5 0.0709 0.1299 0.6912 0.0702 0.0379 
        D953  5 0.0500 0.7406 0.0983 0.0537 0.0574 
        D954  5 0.0394 0.4054 0.4620 0.0460 0.0471 
        D961  5 0.0981 0.2247 0.0471 0.5441 0.0860 
        D962  5 0.0159 0.6865 0.0966 0.1730 0.0280 
        D963  5 0.0929 0.3503 0.4380 0.0941 0.0247 
        D964  5 0.1717 0.1349 0.0798 0.4552 0.1583 
        D965  5 0.1420 0.1167 0.1322 0.5396 0.0695 
        D966  5 0.1879 0.4027 0.2630 0.0807 0.0658 
        D967  5 0.2732 0.3647 0.0595 0.1263 0.1763 
        D991  5 0.0565 0.1969 0.2082 0.2591 0.2793 
        D502  6 0.1323 0.0150 0.0326 0.7255 0.0946 
        D503  6 0.5311 0.0626 0.0293 0.1172 0.2598 
        D504  6 0.0993 0.1441 0.4908 0.1151 0.1507 
        D505  6 0.1589 0.4347 0.0969 0.1633 0.1462 
        D506  6 0.0116 0.9097 0.0302 0.0253 0.0232 
        D507  6 0.2504 0.0852 0.1091 0.3420 0.2133 
        D508  6 0.0942 0.0481 0.2128 0.6045 0.0404 
        D529  6 0.0924 0.2217 0.1879 0.2926 0.2055 
        D530  6 0.0904 0.2239 0.0361 0.4685 0.1810 
        D531  6 0.1203 0.1595 0.3206 0.3251 0.0745 
        D532  6 0.0948 0.3231 0.3162 0.2207 0.0452 
        D534  6 0.0385 0.0221 0.0467 0.0749 0.8178 
        D535  6 0.0396 0.4977 0.2108 0.1395 0.1124 
        D536  6 0.8172 0.0185 0.0236 0.0604 0.0803 
        D554  6 0.0506 0.4404 0.0622 0.2995 0.1473 
        D587  6 0.0454 0.8054 0.0636 0.0362 0.0495 
        D588  6 0.0626 0.5386 0.2072 0.1047 0.0869 
        D589  6 0.4841 0.1211 0.0492 0.2540 0.0916 
        D590  6 0.8073 0.0358 0.0497 0.0429 0.0643 
        D591  6 0.1609 0.2936 0.1487 0.2019 0.1948 
        D592  6 0.0254 0.0512 0.0333 0.0206 0.8694 
        D593  6 0.0809 0.2912 0.0255 0.5436 0.0588 
        D682  6 0.0171 0.9057 0.0226 0.0273 0.0272 
        D683  6 0.0336 0.2973 0.4900 0.1152 0.0639 
        D684  6 0.4223 0.0200 0.0558 0.2687 0.2331 
        D685  6 0.0885 0.0313 0.0153 0.8216 0.0433 
        D686  6 0.0447 0.4848 0.0644 0.3579 0.0481 
        D724  6 0.1101 0.0269 0.2742 0.4932 0.0956 
        D725  6 0.2990 0.1596 0.0962 0.3466 0.0986 
        D726  6 0.0184 0.8814 0.0303 0.0439 0.0260 
        D727  6 0.4490 0.0978 0.2767 0.0750 0.1014 
        D728  6 0.0375 0.6825 0.0658 0.1447 0.0695 
        D729  6 0.1782 0.0187 0.2991 0.0405 0.4635 
        D730  6 0.1910 0.0417 0.2368 0.3464 0.1841 
        D731  6 0.1145 0.8418 0.0120 0.0156 0.0161 
        D732  6 0.0950 0.0669 0.4902 0.2761 0.0717 
        D733  6 0.0963 0.1388 0.1727 0.3357 0.2565 
     D237251  7 0.4533 0.0950 0.0714 0.3202 0.0600 
     D237252  7 0.3163 0.0276 0.0610 0.3073 0.2878 
     D237253  7 0.3040 0.2251 0.0766 0.3556 0.0387 
     D237254  7 0.0352 0.0192 0.0290 0.1092 0.8074 
     D237255  7 0.7308 0.0656 0.0405 0.1394 0.0237 
     D237256  7 0.3900 0.0383 0.0736 0.4822 0.0160 
     D237257  7 0.0727 0.0285 0.0677 0.6837 0.1474 
     D237282  7 0.0931 0.0218 0.6597 0.0952 0.1302 
     D237283  7 0.0425 0.0216 0.0119 0.1344 0.7897 
     D237284  7 0.0419 0.0217 0.0624 0.0765 0.7975 
     D237285  7 0.2222 0.1725 0.0711 0.4689 0.0654 
     D237286  7 0.1411 0.2783 0.2076 0.2766 0.0963 
     D237287  7 0.5594 0.0578 0.1711 0.1472 0.0645 
     D244006  7 0.0277 0.0228 0.0316 0.0530 0.8649 
     D244007  7 0.6338 0.0467 0.1841 0.0631 0.0723 
     D244008  7 0.0278 0.0528 0.0195 0.1449 0.7550 
     D244009  7 0.0367 0.1087 0.1469 0.2042 0.5035 
     D244010  7 0.0980 0.0393 0.0407 0.7252 0.0968 
     D244011  7 0.1305 0.2367 0.0449 0.4906 0.0974 
     D244012  7 0.2831 0.0319 0.0926 0.5040 0.0884 
     D244013  7 0.3601 0.2520 0.1638 0.1585 0.0657 
     D244014  7 0.2303 0.0546 0.0904 0.2629 0.3618 
     D244015  7 0.1157 0.0335 0.1984 0.3181 0.3343 
     D244125  7 0.1713 0.4834 0.1964 0.1008 0.0481 
     D244126  7 0.0184 0.0121 0.0191 0.1905 0.7599 
     D244130  7 0.1049 0.0627 0.0648 0.4600 0.3076 
     D244131  7 0.0744 0.4548 0.2176 0.0864 0.1669 
     D244132  7 0.0339 0.3986 0.3705 0.1209 0.0761 
        D520  7 0.0378 0.1563 0.0607 0.5700 0.1752 
        D521  7 0.0973 0.0681 0.1998 0.5190 0.1158 
        D522  7 0.0469 0.0680 0.1239 0.0343 0.7268 
        D523  7 0.6837 0.0760 0.0478 0.1478 0.0447 
        D524  7 0.3740 0.2434 0.1036 0.1423 0.1367 
        D525  7 0.1884 0.0397 0.0397 0.0736 0.6586 
        D526  7 0.0285 0.0129 0.0563 0.0557 0.8465 
        D527  7 0.1013 0.1383 0.3001 0.3144 0.1458 
        D528  7 0.0090 0.0135 0.0158 0.9426 0.0190 
        D558  7 0.1302 0.0298 0.3456 0.3269 0.1675 
        D559  7 0.1302 0.0256 0.3242 0.3762 0.1438 
        D640  7 0.1570 0.4416 0.1974 0.1125 0.0915 
        D641  7 0.1591 0.4221 0.0231 0.2101 0.1856 
        D642  7 0.1425 0.0614 0.0418 0.0864 0.6679 
        D644  7 0.1414 0.3392 0.0831 0.1632 0.2731 
        D645  7 0.3282 0.2273 0.1395 0.1654 0.1396 
        D662  7 0.0120 0.1295 0.1297 0.0300 0.6987 
        D687  7 0.1352 0.1115 0.1536 0.5293 0.0704 
        D688  7 0.1699 0.0266 0.3724 0.2510 0.1802 
        D689  7 0.1758 0.3659 0.2342 0.1260 0.0981 
        D700  7 0.0128 0.0143 0.0217 0.9357 0.0154 
        D797  7 0.1301 0.1984 0.2282 0.3196 0.1237 
        D798  7 0.0320 0.0315 0.0930 0.1707 0.6728 
        D799  7 0.4208 0.0505 0.0598 0.3354 0.1334 
        D800  7 0.1007 0.0332 0.5835 0.1665 0.1161 
        D132  8 0.0260 0.0377 0.0399 0.0291 0.8674 
        D133  8 0.9029 0.0182 0.0182 0.0305 0.0301 
        D200  8 0.0322 0.0211 0.0258 0.9018 0.0191 
        D500  8 0.0141 0.0223 0.0287 0.0269 0.9080 
        D614  8 0.0525 0.4411 0.1178 0.2666 0.1220 
        D723  8 0.1586 0.0453 0.4633 0.1133 0.2195 
        D888  8 0.7454 0.0637 0.0509 0.1192 0.0208 
        D901  8 0.1201 0.0574 0.0170 0.7140 0.0915 
        D902  8 0.0396 0.7951 0.0371 0.0702 0.0580 
        D903  8 0.0525 0.1171 0.6201 0.1689 0.0415 
        D904  8 0.0780 0.0974 0.4065 0.2772 0.1408 
        D905  8 0.5947 0.2843 0.0158 0.0907 0.0145 
        D906  8 0.5949 0.0436 0.1078 0.1858 0.0680 
        D937  8 0.0249 0.9094 0.0115 0.0359 0.0182 
        D943  8 0.1247 0.0417 0.1360 0.5080 0.1896 
        D972  8 0.1202 0.0370 0.3849 0.1603 0.2977 
        D973  8 0.0277 0.0464 0.7358 0.0627 0.1274 
        D974  8 0.1732 0.1483 0.2154 0.2967 0.1665 
        D975  8 0.0796 0.0993 0.0606 0.7221 0.0385 
        D976  8 0.1056 0.1752 0.0359 0.5768 0.1065 
        D201  9 0.4160 0.0367 0.1168 0.3171 0.1135 
        D202  9 0.1084 0.0342 0.0205 0.8078 0.0290 
     D237259  9 0.1274 0.0224 0.1884 0.3957 0.2661 
     D237260  9 0.4076 0.0587 0.0167 0.3708 0.1461 
     D237262  9 0.0175 0.0210 0.0259 0.0779 0.8577 
     D237263  9 0.2364 0.0349 0.0763 0.1630 0.4895 
     D237264  9 0.1806 0.2184 0.1181 0.1725 0.3104 
     D237265  9 0.6611 0.0642 0.0290 0.1413 0.1045 
     D237266  9 0.4895 0.0234 0.0541 0.0214 0.4115 
     D237267  9 0.0348 0.0772 0.0438 0.7828 0.0614 
     D237268  9 0.0371 0.0560 0.1363 0.4564 0.3143 
     D237289  9 0.4066 0.3525 0.0290 0.1142 0.0978 
     D237290  9 0.8608 0.0241 0.0268 0.0574 0.0308 
     D237291  9 0.6888 0.0822 0.0357 0.1189 0.0744 
     D237292  9 0.5886 0.0296 0.0287 0.1995 0.1536 
     D237293  9 0.0927 0.1353 0.1350 0.4336 0.2033 
     D237294  9 0.1474 0.0451 0.0238 0.5074 0.2763 
     D237295  9 0.0295 0.1954 0.3133 0.2014 0.2604 
     D237296  9 0.2252 0.0966 0.0909 0.5127 0.0746 
     D237297  9 0.0828 0.4333 0.0611 0.3766 0.0462 
     D237298  9 0.1869 0.0661 0.3059 0.2720 0.1691 
     D237341  9 0.4388 0.0554 0.1269 0.2534 0.1255 
     D237342  9 0.0737 0.0439 0.0321 0.5203 0.3299 
     D237343  9 0.2663 0.0522 0.0615 0.2005 0.4195 
     D237344  9 0.2022 0.4546 0.0763 0.1494 0.1174 
     D237345  9 0.0424 0.0120 0.0395 0.1605 0.7456 
     D237346  9 0.5240 0.1641 0.0303 0.1052 0.1764 
     D237347  9 0.0964 0.6979 0.0620 0.0829 0.0607 
     D237348  9 0.2006 0.0990 0.1134 0.2087 0.3782 
     D237349  9 0.3407 0.0234 0.3254 0.0198 0.2907 
     D244109  9 0.7318 0.0109 0.0672 0.0872 0.1029 
     D244110  9 0.8094 0.0251 0.0453 0.0692 0.0510 
     D244111  9 0.2191 0.0650 0.1561 0.4514 0.1084 
     D244128  9 0.0406 0.0172 0.0263 0.6205 0.2954 
     D244137  9 0.0964 0.0710 0.5685 0.0742 0.1898 
     D244138  9 0.3424 0.1004 0.0310 0.3894 0.1367 
        D580  9 0.0170 0.0369 0.1020 0.6492 0.1949 
        D581  9 0.7719 0.0219 0.0175 0.1281 0.0605 
        D582  9 0.0168 0.0214 0.0189 0.3881 0.5548 
        D583  9 0.7945 0.0256 0.0161 0.0390 0.1248 
        D584  9 0.0843 0.3068 0.0298 0.3552 0.2240 
        D585  9 0.2007 0.0245 0.0381 0.3513 0.3854 
        D586  9 0.7397 0.1714 0.0227 0.0366 0.0295 
        D651  9 0.1278 0.1353 0.5818 0.0519 0.1032 
        D652  9 0.0960 0.0248 0.1795 0.0514 0.6483 
        D653  9 0.4358 0.0853 0.2352 0.1874 0.0563 
        D654  9 0.2832 0.0336 0.3070 0.0878 0.2883 
        D655  9 0.3205 0.3487 0.1304 0.1402 0.0602 
        D656  9 0.0301 0.0199 0.0388 0.0839 0.8273 
        D657  9 0.1400 0.0619 0.0853 0.5178 0.1950 
        D667  9 0.2260 0.5622 0.0698 0.0754 0.0666 
        D668  9 0.1507 0.1345 0.0526 0.1403 0.5219 
        D669  9 0.3245 0.0672 0.0561 0.4319 0.1203 
        D670  9 0.0713 0.0418 0.7117 0.0821 0.0932 
        D671  9 0.7001 0.0510 0.0516 0.1316 0.0656 
        D672  9 0.1209 0.0338 0.0566 0.3161 0.4726 
        D673  9 0.0581 0.2237 0.1201 0.3617 0.2365 
        D692  9 0.4322 0.0288 0.0500 0.1730 0.3161 
        D693  9 0.1084 0.2735 0.1445 0.2061 0.2674 
        D694  9 0.0415 0.0393 0.0236 0.4582 0.4375 
        D695  9 0.0452 0.0839 0.2326 0.0953 0.5430 
        D696  9 0.0147 0.9311 0.0170 0.0255 0.0117 
        D697  9 0.1350 0.6453 0.0713 0.0449 0.1035 
        D698  9 0.4514 0.2916 0.0403 0.1202 0.0966 
        D699  9 0.0994 0.4927 0.0337 0.2588 0.1154 
        D787  9 0.1287 0.0311 0.4370 0.0444 0.3587 
        D788  9 0.0397 0.4238 0.0726 0.3739 0.0901 
        D789  9 0.1339 0.1111 0.0349 0.5971 0.1230 
        D790  9 0.2461 0.1096 0.1803 0.0488 0.4152 
        D791  9 0.4021 0.1315 0.0261 0.3960 0.0443 
        D792  9 0.2648 0.0719 0.2624 0.0352 0.3658 
        D793  9 0.0680 0.7079 0.1501 0.0238 0.0502 
        D794  9 0.1563 0.4107 0.2521 0.0636 0.1173 
        D795  9 0.0456 0.0803 0.0162 0.4508 0.4070 
        D796  9 0.5263 0.0820 0.0391 0.2920 0.0607 
        D142 10 0.1740 0.2552 0.1796 0.3394 0.0518 
        D143 10 0.8208 0.0530 0.0411 0.0287 0.0563 
        D144 10 0.1198 0.3105 0.1459 0.1787 0.2450 
        D145 10 0.6603 0.0734 0.0340 0.1855 0.0468 
        D146 10 0.0350 0.0802 0.0649 0.4146 0.4053 
        D147 10 0.0614 0.0266 0.0591 0.8024 0.0505 
        D148 10 0.0290 0.0622 0.2326 0.6453 0.0309 
        D149 10 0.8113 0.0305 0.0718 0.0543 0.0321 
        D151 10 0.1049 0.0644 0.0970 0.6742 0.0595 
        D152 10 0.9153 0.0123 0.0111 0.0402 0.0211 
        D153 10 0.0307 0.1635 0.4920 0.2277 0.0861 
        D156 10 0.0575 0.0287 0.4838 0.3896 0.0404 
        D157 10 0.0661 0.4367 0.0640 0.2375 0.1957 
        D158 10 0.1453 0.1224 0.0199 0.6798 0.0328 
        D159 10 0.8960 0.0279 0.0280 0.0272 0.0209 
        D160 10 0.3556 0.5590 0.0181 0.0320 0.0353 
        D161 10 0.1565 0.2118 0.3668 0.1211 0.1438 
        D162 10 0.1462 0.1246 0.3935 0.2927 0.0431 
        D169 10 0.0394 0.0335 0.0349 0.0327 0.8596 
        D170 10 0.0405 0.0557 0.0619 0.1074 0.7344 
        D171 10 0.0502 0.2133 0.1034 0.5487 0.0845 
        D172 10 0.1175 0.0594 0.2488 0.4651 0.1090 
