        D174  1 0.0412 0.0733 0.7099 0.1756 
        D199  1 0.3191 0.2856 0.3255 0.0698 
        D203  1 0.3096 0.2486 0.1610 0.2808 
        D204  1 0.0437 0.7876 0.1234 0.0452 
     D237366  1 0.1360 0.2445 0.1754 0.4441 
     D237367  1 0.0898 0.3436 0.1044 0.4622 
     D237368  1 0.1184 0.2397 0.1190 0.5229 
     D244101  1 0.1918 0.7098 0.0636 0.0348 
     D244102  1 0.1612 0.2559 0.2984 0.2845 
     D244103  1 0.0749 0.5353 0.1279 0.2618 
     D244104  1 0.0966 0.5020 0.3198 0.0815 
     D244105  1 0.0381 0.1770 0.0317 0.7531 
     D244106  1 0.2371 0.0904 0.5999 0.0727 
     D244107  1 0.0614 0.2414 0.0267 0.6705 
     D244108  1 0.0612 0.0979 0.6236 0.2172 
     D244113  1 0.0572 0.0985 0.8052 0.0392 
     D244114  1 0.3048 0.3209 0.2393 0.1350 
     D244115  1 0.0571 0.2173 0.5384 0.1873 
     D267365  1 0.0875 0.3311 0.5132 0.0681 
        D404  1 0.0416 0.1303 0.7811 0.0469 
        D405  1 0.1671 0.2405 0.4611 0.1312 
        D406  1 0.0232 0.0546 0.0514 0.8708 
        D407  1 0.1057 0.5321 0.0766 0.2856 
        D408  1 0.1041 0.1039 0.7396 0.0524 
        D409  1 0.1084 0.6165 0.0963 0.1787 
        D410  1 0.0177 0.0767 0.0552 0.8505 
        D421  1 0.0670 0.6692 0.1955 0.0683 
        D422  1 0.0262 0.0824 0.0222 0.8692 
        D423  1 0.0287 0.0678 0.0253 0.8782 
        D424  1 0.0317 0.7178 0.1034 0.1472 
        D425  1 0.0559 0.4391 0.4217 0.0833 
        D426  1 0.2960 0.4942 0.0507 0.1591 
        D427  1 0.6713 0.1275 0.1654 0.0358 
        D428  1 0.0791 0.3994 0.3245 0.1970 
        D429  1 0.0877 0.3989 0.4048 0.1086 
        D430  1 0.2789 0.2760 0.3047 0.1405 
        D491  1 0.0261 0.0832 0.8573 0.0334 
        D492  1 0.0789 0.3683 0.3687 0.1840 
        D537  1 0.0358 0.5927 0.1736 0.1979 
        D538  1 0.1063 0.2586 0.2746 0.3605 
        D539  1 0.3298 0.0957 0.3752 0.1993 
        D540  1 0.0971 0.4436 0.2289 0.2303 
        D541  1 0.0345 0.7187 0.1807 0.0660 
        D551  1 0.6226 0.2317 0.0694 0.0763 
        D552  1 0.0794 0.2373 0.3467 0.3366 
        D553  1 0.0283 0.7233 0.1980 0.0503 
        D615  1 0.1716 0.3257 0.2495 0.2531 
        D616  1 0.1706 0.3142 0.1919 0.3234 
        D621  1 0.0450 0.1017 0.1845 0.6687 
        D622  1 0.0400 0.0664 0.0585 0.8351 
        D623  1 0.2761 0.1251 0.5560 0.0428 
        D624  1 0.0315 0.0528 0.8791 0.0366 
        D625  1 0.0308 0.5362 0.2940 0.1390 
        D626  1 0.0794 0.1265 0.5240 0.2701 
        D627  1 0.1636 0.6351 0.0664 0.1349 
        D690  1 0.0235 0.6064 0.2850 0.0851 
        D691  1 0.0360 0.0564 0.0579 0.8497 
        D710  1 0.0890 0.5192 0.2613 0.1305 
        D711  1 0.0452 0.6435 0.1992 0.1121 
        D712  1 0.0857 0.0752 0.7708 0.0683 
        D713  1 0.0291 0.2105 0.6427 0.1176 
        D746  1 0.0312 0.0649 0.0347 0.8692 
        D747  1 0.0478 0.7231 0.1680 0.0611 
        D748  1 0.0337 0.3258 0.1637 0.4768 
        D749  1 0.1103 0.1319 0.1741 0.5837 
        D750  1 0.0417 0.1867 0.6894 0.0822 
        D763  1 0.4329 0.3767 0.0664 0.1241 
        D764  1 0.0244 0.4068 0.4355 0.1332 
        D765  1 0.0345 0.0683 0.1747 0.7224 
        D766  1 0.0298 0.2001 0.1302 0.6399 
        D767  1 0.1426 0.3650 0.1605 0.3319 
        D768  1 0.0387 0.7566 0.1176 0.0871 
        D811  1 0.0410 0.1095 0.7255 0.1240 
        D816  1 0.0302 0.6664 0.2511 0.0523 
        D825  1 0.0369 0.1694 0.5806 0.2132 
        D866  1 0.4834 0.0796 0.3621 0.0750 
        D867  1 0.0489 0.0535 0.0486 0.8490 
        D871  1 0.0845 0.6666 0.0981 0.1508 
        D872  1 0.0663 0.3954 0.2250 0.3134 
        D873  1 0.0151 0.0179 0.0261 0.9410 
        D874  1 0.0799 0.4583 0.4306 0.0312 
        D875  1 0.0425 0.5864 0.0703 0.3007 
        D876  1 0.0545 0.4559 0.3945 0.0951 
        D877  1 0.0354 0.2212 0.7170 0.0263 
        D892  1 0.0390 0.2864 0.4221 0.2525 
        D893  1 0.0961 0.5605 0.1484 0.1949 
        D894  1 0.0726 0.5926 0.2273 0.1075 
        D915  1 0.0515 0.3801 0.2090 0.3594 
        D916  1 0.0276 0.6732 0.2180 0.0812 
        D917  1 0.1316 0.3129 0.5072 0.0483 
        D925  1 0.0377 0.0805 0.1879 0.6939 
        D926  1 0.0470 0.5527 0.2740 0.1263 
        D927  1 0.4466 0.3301 0.1549 0.0684 
        D928  1 0.0184 0.0581 0.9000 0.0236 
        D929  1 0.0639 0.3139 0.4194 0.2028 
        D936  1 0.2327 0.5559 0.1411 0.0703 
        D938  1 0.0195 0.0300 0.0356 0.9149 
        D956  1 0.0636 0.0700 0.7967 0.0696 
        D957  1 0.0497 0.2789 0.1555 0.5159 
        D958  1 0.0298 0.2875 0.3990 0.2837 
        D959  1 0.0867 0.5419 0.0521 0.3193 
        D960  1 0.0287 0.0466 0.0453 0.8794 
        D989  1 0.2366 0.1025 0.6174 0.0435 
        D990  1 0.0624 0.0227 0.0351 0.8798 
        D023  2 0.0463 0.3260 0.0526 0.5751 
        D130  2 0.0353 0.0716 0.0352 0.8579 
        D131  2 0.1012 0.6846 0.0939 0.1202 
        D163  2 0.0306 0.1006 0.0473 0.8214 
        D164  2 0.4723 0.0236 0.0183 0.4858 
        D165  2 0.0708 0.2108 0.0310 0.6873 
        D166  2 0.1471 0.3448 0.1739 0.3342 
        D167  2 0.9118 0.0210 0.0431 0.0241 
        D192  2 0.9398 0.0184 0.0242 0.0177 
        D193  2 0.0774 0.2267 0.5633 0.1325 
        D206  2 0.2968 0.3437 0.0921 0.2673 
        D207  2 0.7037 0.1929 0.0568 0.0465 
        D208  2 0.3791 0.1012 0.4376 0.0821 
        D209  2 0.5697 0.2683 0.0570 0.1051 
        D210  2 0.3636 0.0898 0.4778 0.0688 
     D229599  2 0.1881 0.4889 0.1838 0.1392 
     D229600  2 0.4009 0.0561 0.0392 0.5038 
     D237227  2 0.1390 0.1062 0.4975 0.2572 
     D237228  2 0.1516 0.0651 0.3747 0.4086 
     D237258  2 0.3771 0.1731 0.2170 0.2328 
     D237310  2 0.0736 0.0614 0.1211 0.7438 
     D237311  2 0.2151 0.0430 0.0726 0.6693 
     D237312  2 0.0463 0.1482 0.2651 0.5404 
     D237313  2 0.0940 0.3335 0.3455 0.2269 
     D237322  2 0.4851 0.1811 0.2101 0.1237 
     D237323  2 0.0470 0.0352 0.1816 0.7363 
     D237324  2 0.3610 0.1720 0.0319 0.4351 
     D237325  2 0.0774 0.0924 0.2103 0.6199 
     D237326  2 0.0529 0.1184 0.1400 0.6887 
     D237327  2 0.5843 0.2427 0.0826 0.0903 
     D237337  2 0.0268 0.0467 0.0850 0.8414 
     D237338  2 0.1666 0.1300 0.2254 0.4779 
     D237339  2 0.3606 0.5346 0.0563 0.0484 
     D237340  2 0.2714 0.0799 0.3134 0.3353 
     D237389  2 0.0552 0.0663 0.0692 0.8093 
     D237390  2 0.0591 0.1280 0.2592 0.5537 
     D244017  2 0.4237 0.1034 0.3953 0.0776 
     D244112  2 0.8290 0.0289 0.0331 0.1090 
     D244118  2 0.6600 0.0296 0.0300 0.2804 
     D244119  2 0.4229 0.0389 0.4908 0.0474 
     D244120  2 0.6714 0.0718 0.1794 0.0775 
     D244122  2 0.7607 0.0525 0.1171 0.0697 
        D291  2 0.5774 0.2013 0.0871 0.1343 
        D292  2 0.6363 0.1694 0.1407 0.0536 
        D293  2 0.6349 0.3245 0.0226 0.0180 
        D322  2 0.4739 0.4169 0.0425 0.0667 
        D323  2 0.2289 0.4183 0.2443 0.1085 
        D324  2 0.2603 0.3456 0.1974 0.1967 
        D325  2 0.8167 0.1185 0.0158 0.0490 
        D326  2 0.0357 0.7402 0.2030 0.0211 
        D340  2 0.9268 0.0297 0.0199 0.0235 
        D341  2 0.8675 0.0370 0.0390 0.0564 
        D342  2 0.6679 0.0733 0.0489 0.2100 
        D343  2 0.9462 0.0276 0.0122 0.0140 
        D344  2 0.0620 0.7220 0.1225 0.0935 
        D345  2 0.0853 0.4917 0.1682 0.2548 
        D346  2 0.1811 0.0946 0.6677 0.0566 
        D351  2 0.1406 0.6576 0.0697 0.1321 
        D352  2 0.1876 0.4811 0.2173 0.1140 
        D353  2 0.0426 0.8849 0.0460 0.0265 
        D354  2 0.0464 0.5196 0.3154 0.1185 
        D362  2 0.0594 0.5538 0.2484 0.1384 
        D363  2 0.0501 0.5755 0.2864 0.0881 
        D364  2 0.0536 0.6593 0.1869 0.1002 
        D365  2 0.9090 0.0485 0.0234 0.0191 
        D369  2 0.2999 0.2956 0.2581 0.1464 
        D374  2 0.0225 0.1362 0.8119 0.0293 
        D375  2 0.0549 0.6276 0.1619 0.1556 
        D376  2 0.0687 0.1281 0.7392 0.0639 
        D377  2 0.1272 0.1588 0.4011 0.3129 
        D378  2 0.3236 0.5523 0.0587 0.0654 
        D379  2 0.0446 0.7141 0.1773 0.0640 
        D384  2 0.0316 0.6912 0.2518 0.0254 
        D385  2 0.8856 0.0374 0.0506 0.0264 
        D386  2 0.1077 0.7378 0.0548 0.0996 
        D391  2 0.8610 0.0821 0.0303 0.0266 
        D392  2 0.7193 0.0903 0.0976 0.0928 
        D393  2 0.3209 0.4912 0.0835 0.1044 
        D394  2 0.1458 0.2753 0.1062 0.4726 
        D395  2 0.6036 0.2735 0.0626 0.0602 
        D401  2 0.0407 0.0296 0.0728 0.8569 
        D402  2 0.9098 0.0385 0.0260 0.0257 
        D403  2 0.0708 0.6419 0.0932 0.1942 
        D415  2 0.0277 0.7584 0.0507 0.1631 
        D435  2 0.3484 0.4828 0.0423 0.1265 
        D436  2 0.0720 0.5365 0.2873 0.1042 
        D438  2 0.9293 0.0277 0.0222 0.0208 
        D439  2 0.1524 0.6856 0.0381 0.1239 
        D449  2 0.5954 0.3102 0.0340 0.0604 
        D450  2 0.0692 0.3486 0.4766 0.1056 
        D456  2 0.0216 0.7879 0.1602 0.0303 
        D462  2 0.8866 0.0681 0.0214 0.0239 
        D463  2 0.0195 0.7425 0.2045 0.0334 
        D464  2 0.0976 0.7347 0.1231 0.0446 
        D465  2 0.3519 0.3987 0.0708 0.1786 
        D473  2 0.0835 0.0797 0.6844 0.1524 
        D474  2 0.2533 0.4407 0.1828 0.1232 
        D476  2 0.1968 0.2148 0.0257 0.5627 
        D477  2 0.1058 0.5237 0.2849 0.0856 
        D478  2 0.1069 0.3538 0.3493 0.1901 
        D480  2 0.3422 0.4340 0.1763 0.0475 
        D481  2 0.1591 0.4487 0.2462 0.1459 
        D482  2 0.3494 0.2087 0.2563 0.1857 
        D483  2 0.8878 0.0256 0.0594 0.0273 
        D484  2 0.3679 0.2846 0.2498 0.0977 
        D510  2 0.0978 0.0520 0.8092 0.0410 
        D511  2 0.2102 0.6312 0.0616 0.0969 
        D512  2 0.1686 0.1023 0.0412 0.6879 
        D513  2 0.5654 0.1822 0.1125 0.1398 
        D635  2 0.0572 0.6101 0.1124 0.2202 
        D636  2 0.0246 0.0467 0.0338 0.8948 
        D637  2 0.4961 0.1980 0.1891 0.1167 
        D658  2 0.6569 0.0846 0.1813 0.0772 
        D659  2 0.0751 0.6906 0.1405 0.0938 
        D677  2 0.1907 0.3428 0.1022 0.3642 
        D678  2 0.7903 0.0727 0.0655 0.0715 
        D679  2 0.2472 0.4639 0.2196 0.0693 
        D719  2 0.2114 0.2308 0.5233 0.0345 
        D720  2 0.0706 0.4817 0.3749 0.0728 
        D721  2 0.1852 0.2768 0.0818 0.4562 
        D722  2 0.0704 0.1287 0.7301 0.0708 
        D734  2 0.2623 0.2229 0.4908 0.0240 
        D735  2 0.1607 0.4796 0.2396 0.1201 
        D736  2 0.2334 0.1703 0.5024 0.0939 
        D737  2 0.7378 0.0742 0.0741 0.1138 
        D807  2 0.1857 0.2376 0.4808 0.0959 
        D808  2 0.2099 0.3174 0.0756 0.3971 
        D817  2 0.0581 0.4936 0.3539 0.0944 
        D818  2 0.5188 0.2915 0.0575 0.1321 
        D819  2 0.0949 0.4716 0.1364 0.2972 
        D820  2 0.0931 0.6837 0.1815 0.0417 
        D895  2 0.0655 0.6126 0.1138 0.2082 
        D896  2 0.0252 0.0271 0.0569 0.8908 
        D897  2 0.7933 0.0748 0.0501 0.0817 
        D898  2 0.1373 0.3983 0.2573 0.2070 
        D918  2 0.2398 0.1171 0.1698 0.4733 
        D919  2 0.3065 0.5738 0.0496 0.0701 
        D920  2 0.0362 0.0410 0.0552 0.8676 
        D923  2 0.0526 0.7558 0.1236 0.0680 
        D930  2 0.0992 0.4188 0.3819 0.1001 
        D931  2 0.2511 0.4718 0.1986 0.0786 
        D968  2 0.9258 0.0370 0.0172 0.0200 
        D969  2 0.4218 0.4329 0.0884 0.0569 
        D977  2 0.8037 0.0883 0.0355 0.0725 
        D978  2 0.6312 0.1996 0.1117 0.0575 
        D211  3 0.0673 0.1250 0.0672 0.7405 
     D229639  3 0.7257 0.0704 0.1604 0.0434 
     D237212  3 0.3732 0.3266 0.1006 0.1996 
     D237213  3 0.0977 0.2774 0.0993 0.5256 
     D237214  3 0.0326 0.2052 0.0774 0.6848 
     D237215  3 0.8277 0.0259 0.1194 0.0270 
     D237216  3 0.2619 0.3852 0.0689 0.2839 
     D237217  3 0.0820 0.1671 0.0369 0.7139 
     D237218  3 0.5429 0.2453 0.0814 0.1305 
     D237219  3 0.1242 0.0660 0.1583 0.6515 
     D237382  3 0.0971 0.2720 0.3842 0.2467 
     D244127  3 0.1142 0.0640 0.0471 0.7747 
     D244129  3 0.1893 0.3261 0.1387 0.3459 
     D244133  3 0.2207 0.1875 0.3589 0.2329 
     D244134  3 0.4103 0.0822 0.3344 0.1731 
     D244135  3 0.0800 0.1169 0.0473 0.7558 
     D244136  3 0.1195 0.2516 0.5292 0.0997 
        D416  3 0.3545 0.3552 0.0694 0.2210 
        D417  3 0.0453 0.6288 0.1481 0.1778 
        D419  3 0.2441 0.1806 0.1792 0.3960 
        D565  3 0.0363 0.0594 0.8658 0.0385 
        D566  3 0.4517 0.1008 0.3974 0.0500 
        D567  3 0.0483 0.5555 0.1328 0.2634 
        D568  3 0.2695 0.3494 0.0394 0.3417 
        D569  3 0.3666 0.3693 0.0980 0.1661 
        D573  3 0.7116 0.2159 0.0333 0.0392 
        D574  3 0.0886 0.1362 0.6435 0.1317 
        D575  3 0.1890 0.1765 0.3570 0.2774 
        D576  3 0.8765 0.0230 0.0595 0.0409 
        D577  3 0.0590 0.5572 0.2419 0.1420 
        D578  3 0.0363 0.0494 0.0256 0.8886 
        D579  3 0.2168 0.2641 0.3617 0.1574 
        D660  3 0.6031 0.1193 0.0536 0.2240 
        D661  3 0.8052 0.0967 0.0358 0.0623 
        D663  3 0.7726 0.1451 0.0536 0.0288 
        D664  3 0.1909 0.0754 0.2711 0.4627 
        D665  3 0.1458 0.2291 0.0509 0.5742 
        D666  3 0.0939 0.1726 0.3462 0.3873 
        D009  4 0.0566 0.3559 0.0796 0.5079 
        D057  4 0.5046 0.1798 0.0653 0.2503 
        D109  4 0.0434 0.1054 0.1182 0.7330 
     D237222  4 0.0570 0.0604 0.1886 0.6940 
     D237223  4 0.1552 0.0908 0.1566 0.5975 
     D237224  4 0.5243 0.3242 0.0909 0.0607 
     D237225  4 0.0939 0.3942 0.1237 0.3882 
     D237299  4 0.1318 0.2274 0.0922 0.5485 
     D237300  4 0.8334 0.0405 0.0821 0.0441 
     D237306  4 0.0756 0.1274 0.6275 0.1695 
     D237307  4 0.1019 0.2498 0.5513 0.0970 
     D237308  4 0.6121 0.1029 0.1478 0.1372 
     D237309  4 0.0849 0.5019 0.0845 0.3287 
     D237317  4 0.0390 0.2074 0.7005 0.0530 
     D237318  4 0.8938 0.0395 0.0411 0.0256 
     D237319  4 0.1249 0.2636 0.1265 0.4850 
     D237320  4 0.3058 0.1278 0.0826 0.4838 
     D237321  4 0.7244 0.0995 0.1066 0.0694 
     D237397  4 0.2982 0.0971 0.2957 0.3090 
     D237398  4 0.6487 0.2241 0.0321 0.0951 
     D237399  4 0.2343 0.2301 0.3491 0.1865 
     D244001  4 0.1126 0.1095 0.0625 0.7154 
        D289  4 0.2746 0.2943 0.3453 0.0859 
        D290  4 0.1752 0.4329 0.2370 0.1548 
        D294  4 0.1744 0.5796 0.1819 0.0640 
        D295  4 0.0682 0.4033 0.2383 0.2902 
        D301  4 0.1282 0.0474 0.0688 0.7556 
        D302  4 0.0459 0.7930 0.0934 0.0677 
        D303  4 0.1144 0.1000 0.6734 0.1122 
        D304  4 0.2266 0.3229 0.3875 0.0629 
        D305  4 0.3650 0.4834 0.0314 0.1202 
        D306  4 0.0580 0.4981 0.3464 0.0974 
        D307  4 0.0616 0.0327 0.0802 0.8255 
        D327  4 0.1042 0.5885 0.2436 0.0637 
        D328  4 0.0665 0.2114 0.5962 0.1259 
        D329  4 0.4282 0.2971 0.1137 0.1610 
        D330  4 0.0506 0.5159 0.0603 0.3732 
        D331  4 0.2565 0.2343 0.2841 0.2251 
        D333  4 0.2210 0.1689 0.3760 0.2340 
        D334  4 0.0470 0.1434 0.7284 0.0811 
        D335  4 0.0934 0.6527 0.2028 0.0511 
        D370  4 0.0719 0.1897 0.4926 0.2459 
        D371  4 0.0487 0.1077 0.8068 0.0368 
        D372  4 0.8360 0.0819 0.0514 0.0307 
        D373  4 0.1965 0.0653 0.0430 0.6952 
        D455  4 0.0673 0.0636 0.0462 0.8229 
        D490  4 0.0222 0.0421 0.0326 0.9031 
        D497  4 0.0521 0.0581 0.0442 0.8456 
        D498  4 0.2082 0.1417 0.3946 0.2556 
        D499  4 0.5424 0.1587 0.2269 0.0720 
        D514  4 0.0494 0.7828 0.0711 0.0967 
        D515  4 0.0598 0.1366 0.1109 0.6926 
        D516  4 0.1704 0.2070 0.2393 0.3834 
        D517  4 0.1317 0.1177 0.0326 0.7180 
        D518  4 0.1653 0.2620 0.3039 0.2687 
        D519  4 0.1181 0.0929 0.0556 0.7334 
        D560  4 0.1909 0.1910 0.0504 0.5677 
        D561  4 0.0621 0.6664 0.0300 0.2415 
        D562  4 0.1991 0.3236 0.2214 0.2559 
        D563  4 0.6258 0.2197 0.0408 0.1137 
        D572  4 0.1141 0.5776 0.1643 0.1440 
        D629  4 0.0705 0.4808 0.1551 0.2937 
        D630  4 0.1332 0.3616 0.2595 0.2457 
        D631  4 0.4939 0.2705 0.1200 0.1156 
        D632  4 0.1887 0.1320 0.0582 0.6212 
        D646  4 0.1026 0.3217 0.0616 0.5141 
        D647  4 0.1261 0.5241 0.0663 0.2835 
        D648  4 0.0727 0.2229 0.6354 0.0690 
        D649  4 0.0435 0.5086 0.1239 0.3240 
        D650  4 0.0894 0.2734 0.3894 0.2478 
        D708  4 0.1073 0.1992 0.5954 0.0981 
        D709  4 0.0572 0.3850 0.3959 0.1618 
        D738  4 0.0452 0.1025 0.6190 0.2333 
        D739  4 0.1221 0.2264 0.1583 0.4932 
        D740  4 0.3151 0.1672 0.2028 0.3149 
        D741  4 0.2168 0.2996 0.0507 0.4329 
        D742  4 0.6387 0.1122 0.1463 0.1027 
        D743  4 0.1455 0.6722 0.1192 0.0632 
        D744  4 0.2582 0.6076 0.0512 0.0830 
        D745  4 0.0527 0.0708 0.0461 0.8305 
        D814  4 0.5496 0.2451 0.0544 0.1510 
        D815  4 0.1206 0.5508 0.2089 0.1197 
        D828  4 0.2346 0.1434 0.5395 0.0824 
        D845  4 0.8724 0.0405 0.0627 0.0244 
        D846  4 0.3198 0.4832 0.0459 0.1511 
        D847  4 0.2003 0.3157 0.2041 0.2799 
        D848  4 0.3015 0.0470 0.0345 0.6171 
        D849  4 0.0647 0.1404 0.0645 0.7305 
        D850  4 0.2122 0.3709 0.2229 0.1939 
        D856  4 0.0720 0.3326 0.1488 0.4465 
        D857  4 0.0524 0.0398 0.0598 0.8480 
        D859  4 0.2552 0.5045 0.1402 0.1000 
        D860  4 0.3046 0.1569 0.5002 0.0383 
        D883  4 0.0773 0.2650 0.3214 0.3362 
        D884  4 0.0541 0.1700 0.2831 0.4928 
        D885  4 0.4157 0.3363 0.0581 0.1899 
        D886  4 0.1154 0.2185 0.1303 0.5358 
        D887  4 0.4346 0.2724 0.1443 0.1487 
        D889  4 0.4492 0.3339 0.1822 0.0348 
        D890  4 0.1238 0.1769 0.5387 0.1606 
        D891  4 0.9403 0.0231 0.0219 0.0147 
        D899  4 0.6553 0.0966 0.2056 0.0424 
        D900  4 0.1151 0.4975 0.2035 0.1838 
        D970  4 0.1983 0.5028 0.1647 0.1342 
        D971  4 0.5563 0.1967 0.1535 0.0935 
        D979  4 0.1061 0.6574 0.1965 0.0400 
        D093  5 0.0787 0.0905 0.7624 0.0684 
        D154  5 0.5795 0.1586 0.1680 0.0940 
        D168  5 0.4298 0.1875 0.0414 0.3413 
        D189  5 0.2935 0.1059 0.5403 0.0603 
        D190  5 0.0925 0.0763 0.7914 0.0398 
     D237220  5 0.1592 0.1874 0.1419 0.5116 
     D237221  5 0.2686 0.1344 0.5184 0.0785 
     D237274  5 0.0284 0.8022 0.1003 0.0692 
     D237275  5 0.8329 0.0533 0.0653 0.0486 
     D237276  5 0.0991 0.1835 0.3993 0.3182 
     D237277  5 0.2910 0.0752 0.5876 0.0462 
     D237278  5 0.5085 0.0929 0.2377 0.1609 
     D237279  5 0.0369 0.2839 0.0285 0.6507 
     D237280  5 0.0523 0.2814 0.1793 0.4870 
     D237281  5 0.8397 0.1033 0.0302 0.0268 
     D237351  5 0.0484 0.0530 0.1326 0.7659 
     D237352  5 0.1258 0.2366 0.1928 0.4447 
     D237353  5 0.0723 0.0353 0.8627 0.0298 
     D237359  5 0.2905 0.2504 0.1139 0.3451 
     D237361  5 0.0395 0.0452 0.8769 0.0384 
     D237362  5 0.1600 0.2790 0.4144 0.1466 
     D237363  5 0.3336 0.3100 0.1532 0.2032 
     D237364  5 0.3993 0.3232 0.0514 0.2261 
     D237376  5 0.0925 0.1510 0.7060 0.0505 
     D237377  5 0.0632 0.4659 0.1823 0.2886 
     D237378  5 0.2111 0.0899 0.6375 0.0615 
     D237379  5 0.1569 0.1853 0.5535 0.1044 
     D237380  5 0.0239 0.0816 0.1642 0.7303 
     D237381  5 0.1036 0.1764 0.1633 0.5567 
     D237391  5 0.0855 0.1005 0.7460 0.0680 
     D237392  5 0.1448 0.5834 0.1465 0.1253 
     D237393  5 0.1184 0.3130 0.4158 0.1529 
     D237394  5 0.0276 0.0429 0.8955 0.0339 
     D237395  5 0.1998 0.1132 0.4749 0.2121 
     D237396  5 0.1292 0.5299 0.2332 0.1077 
     D244016  5 0.2074 0.3154 0.4211 0.0560 
     D244018  5 0.5280 0.1015 0.1935 0.1770 
     D244019  5 0.2159 0.4482 0.2655 0.0705 
        D279  5 0.6269 0.1485 0.0945 0.1301 
        D280  5 0.2154 0.2601 0.4055 0.1191 
        D281  5 0.7962 0.0886 0.0846 0.0306 
        D283  5 0.1001 0.2382 0.6095 0.0521 
        D284  5 0.1373 0.1632 0.1176 0.5819 
        D285  5 0.1288 0.1801 0.6092 0.0819 
        D286  5 0.1382 0.2528 0.4790 0.1300 
        D287  5 0.0646 0.1664 0.6467 0.1223 
        D288  5 0.2380 0.3092 0.3975 0.0553 
        D308  5 0.0266 0.0871 0.0591 0.8271 
        D309  5 0.0271 0.8639 0.0440 0.0650 
        D310  5 0.0321 0.0937 0.8498 0.0243 
        D311  5 0.1212 0.2843 0.5016 0.0928 
        D312  5 0.0956 0.1747 0.6445 0.0851 
        D313  5 0.0147 0.0200 0.0351 0.9302 
        D314  5 0.3776 0.1154 0.2142 0.2928 
        D315  5 0.0983 0.2369 0.5522 0.1125 
        D317  5 0.0382 0.0564 0.8679 0.0375 
        D318  5 0.1876 0.4295 0.1797 0.2032 
        D319  5 0.0597 0.0391 0.8524 0.0489 
        D320  5 0.0535 0.0744 0.8080 0.0640 
        D321  5 0.0852 0.1043 0.1160 0.6945 
        D336  5 0.0231 0.1526 0.7948 0.0295 
        D337  5 0.0582 0.0334 0.8886 0.0198 
        D338  5 0.2322 0.2732 0.2646 0.2300 
        D339  5 0.1286 0.0648 0.7201 0.0864 
        D347  5 0.1611 0.4279 0.3544 0.0567 
        D348  5 0.0531 0.0927 0.8276 0.0266 
        D349  5 0.0333 0.0437 0.0835 0.8395 
        D350  5 0.1243 0.7325 0.0492 0.0941 
        D355  5 0.4961 0.3868 0.0749 0.0421 
        D356  5 0.0652 0.2280 0.5942 0.1126 
        D357  5 0.1414 0.2585 0.4443 0.1558 
        D358  5 0.1049 0.2222 0.5812 0.0917 
        D359  5 0.0335 0.3074 0.6262 0.0329 
        D360  5 0.0463 0.1368 0.7151 0.1018 
        D361  5 0.0300 0.0401 0.0440 0.8859 
        D366  5 0.2978 0.4917 0.0725 0.1379 
        D367  5 0.0555 0.1505 0.6757 0.1183 
        D368  5 0.0630 0.1607 0.4721 0.3042 
        D380  5 0.1352 0.6072 0.0937 0.1639 
        D381  5 0.1055 0.1538 0.6822 0.0586 
        D400  5 0.3128 0.1372 0.4685 0.0815 
        D411  5 0.0270 0.0452 0.0255 0.9023 
        D412  5 0.2899 0.2668 0.2470 0.1963 
        D413  5 0.7631 0.1084 0.0491 0.0794 
        D414  5 0.5696 0.2933 0.0653 0.0719 
        D420  5 0.2510 0.1944 0.1588 0.3957 
        D431  5 0.3438 0.1366 0.3080 0.2116 
        D432  5 0.2211 0.0929 0.5278 0.1581 
        D433  5 0.1830 0.0849 0.6722 0.0599 
        D434  5 0.0972 0.1406 0.6661 0.0961 
        D440  5 0.0627 0.7934 0.0596 0.0843 
        D447  5 0.0704 0.7267 0.0517 0.1512 
        D448  5 0.0886 0.1271 0.7530 0.0312 
        D459  5 0.7761 0.1362 0.0488 0.0388 
        D460  5 0.0432 0.1130 0.1002 0.7436 
        D461  5 0.0465 0.8370 0.0828 0.0336 
        D468  5 0.0808 0.2734 0.4359 0.2098 
        D469  5 0.0846 0.4546 0.2650 0.1958 
        D470  5 0.0775 0.1819 0.3329 0.4077 
        D471  5 0.1240 0.1102 0.7419 0.0239 
        D472  5 0.3134 0.5424 0.1155 0.0287 
        D479  5 0.8524 0.0604 0.0522 0.0350 
        D485  5 0.1602 0.2379 0.4278 0.1741 
        D486  5 0.0619 0.2708 0.3528 0.3145 
        D487  5 0.6125 0.0979 0.2249 0.0647 
        D555  5 0.1012 0.0420 0.8184 0.0384 
        D556  5 0.2923 0.1441 0.4649 0.0986 
        D557  5 0.0680 0.0556 0.8528 0.0236 
        D564  5 0.1012 0.2777 0.4584 0.1627 
        D594  5 0.1199 0.4803 0.2919 0.1079 
        D595  5 0.1788 0.2448 0.4663 0.1100 
        D596  5 0.0556 0.0406 0.8693 0.0345 
        D597  5 0.3810 0.1814 0.3855 0.0521 
        D598  5 0.1211 0.1427 0.5524 0.1838 
        D617  5 0.1715 0.0627 0.0396 0.7261 
        D618  5 0.2248 0.1178 0.5819 0.0756 
        D619  5 0.0747 0.3007 0.3219 0.3027 
        D620  5 0.8874 0.0398 0.0361 0.0367 
        D628  5 0.1507 0.3160 0.2904 0.2429 
        D714  5 0.3573 0.1556 0.4263 0.0608 
        D715  5 0.1565 0.1268 0.6707 0.0460 
        D716  5 0.2404 0.3456 0.3474 0.0666 
        D717  5 0.1248 0.3339 0.3929 0.1483 
        D718  5 0.1132 0.1741 0.3448 0.3678 
        D769  5 0.1531 0.0877 0.0674 0.6918 
        D770  5 0.4823 0.1760 0.2680 0.0738 
        D771  5 0.5183 0.1514 0.1806 0.1497 
        D772  5 0.1201 0.1761 0.6147 0.0891 
        D782  5 0.2448 0.2791 0.0582 0.4179 
        D783  5 0.5922 0.1577 0.1707 0.0793 
        D784  5 0.1231 0.5963 0.1966 0.0840 
        D785  5 0.0305 0.0713 0.7968 0.1015 
        D786  5 0.0827 0.2758 0.0632 0.5783 
        D821  5 0.0348 0.0321 0.9129 0.0202 
        D822  5 0.0845 0.5133 0.3290 0.0731 
        D826  5 0.4126 0.1111 0.4011 0.0752 
        D827  5 0.1118 0.6271 0.1640 0.0970 
        D851  5 0.1781 0.4096 0.2454 0.1669 
        D852  5 0.5783 0.1127 0.1797 0.1294 
        D853  5 0.1718 0.1575 0.5575 0.1132 
        D854  5 0.2896 0.4130 0.1053 0.1921 
        D861  5 0.2903 0.2275 0.2535 0.2287 
        D862  5 0.0484 0.2724 0.6264 0.0528 
        D865  5 0.1275 0.0513 0.7504 0.0707 
        D868  5 0.1003 0.4938 0.2529 0.1530 
        D869  5 0.0319 0.0673 0.0549 0.8459 
        D870  5 0.1106 0.6576 0.0326 0.1993 
        D907  5 0.0671 0.0967 0.7242 0.1120 
        D908  5 0.6246 0.0641 0.2415 0.0697 
        D910  5 0.2892 0.1295 0.5317 0.0496 
        D911  5 0.6142 0.2886 0.0554 0.0417 
        D934  5 0.5157 0.2226 0.1825 0.0793 
        D946  5 0.4555 0.1901 0.2151 0.1394 
        D947  5 0.1902 0.4600 0.1924 0.1574 
        D948  5 0.0355 0.0549 0.1269 0.7828 
        D949  5 0.0268 0.0540 0.1085 0.8107 
        D950  5 0.7263 0.1796 0.0584 0.0357 
        D951  5 0.0365 0.7977 0.0993 0.0666 
        D952  5 0.0977 0.4877 0.3433 0.0713 
        D953  5 0.0916 0.1073 0.7280 0.0731 
        D954  5 0.0560 0.3607 0.5136 0.0697 
        D961  5 0.1217 0.2252 0.4990 0.1542 
        D962  5 0.0281 0.1246 0.8047 0.0425 
        D963  5 0.1455 0.3311 0.4631 0.0603 
        D964  5 0.2727 0.2279 0.1980 0.3014 
        D965  5 0.2121 0.3419 0.3079 0.1381 
        D966  5 0.2404 0.2778 0.4334 0.0484 
        D967  5 0.3727 0.1317 0.3182 0.1775 
        D991  5 0.0822 0.2105 0.3229 0.3843 
        D502  6 0.3613 0.2703 0.0726 0.2958 
        D503  6 0.5460 0.0682 0.0741 0.3117 
        D504  6 0.1658 0.4836 0.2068 0.1437 
        D505  6 0.2551 0.2329 0.3810 0.1310 
        D506  6 0.0234 0.0519 0.8809 0.0438 
        D507  6 0.4366 0.2606 0.0888 0.2140 
        D508  6 0.2046 0.6012 0.1102 0.0840 
        D529  6 0.1393 0.2491 0.2440 0.3676 
        D530  6 0.1118 0.1244 0.5617 0.2020 
        D531  6 0.1581 0.4135 0.2653 0.1632 
        D532  6 0.0840 0.3079 0.5478 0.0603 
        D534  6 0.0514 0.0970 0.0411 0.8105 
        D535  6 0.0619 0.2233 0.5912 0.1236 
        D536  6 0.7634 0.0704 0.0338 0.1324 
        D554  6 0.0610 0.1665 0.5934 0.1790 
        D587  6 0.0744 0.0800 0.7869 0.0587 
        D588  6 0.0987 0.3526 0.4481 0.1006 
        D589  6 0.5606 0.1371 0.1756 0.1267 
        D590  6 0.7569 0.0787 0.0617 0.1026 
        D591  6 0.3548 0.2654 0.2182 0.1616 
        D592  6 0.0691 0.0610 0.0655 0.8043 
        D593  6 0.1046 0.1561 0.6459 0.0935 
        D682  6 0.0530 0.0623 0.8238 0.0609 
        D683  6 0.0412 0.4413 0.4306 0.0870 
        D684  6 0.4464 0.1706 0.0257 0.3573 
        D685  6 0.4536 0.2221 0.1093 0.2151 
        D686  6 0.0496 0.2429 0.6517 0.0557 
        D724  6 0.1629 0.5329 0.0821 0.2221 
        D725  6 0.3327 0.1683 0.3745 0.1245 
        D726  6 0.0293 0.0543 0.8782 0.0382 
        D727  6 0.3457 0.3408 0.1499 0.1636 
        D728  6 0.0466 0.1184 0.7556 0.0793 
        D729  6 0.1126 0.3519 0.0408 0.4947 
        D730  6 0.2876 0.2626 0.1003 0.3495 
        D731  6 0.3541 0.0284 0.5876 0.0300 
        D732  6 0.1619 0.5312 0.1723 0.1346 
        D733  6 0.1833 0.2933 0.2587 0.2647 
     D237251  7 0.6376 0.1337 0.1530 0.0756 
     D237252  7 0.2626 0.1434 0.0526 0.5414 
     D237253  7 0.4993 0.1941 0.2233 0.0833 
     D237254  7 0.0384 0.0796 0.0283 0.8537 
     D237255  7 0.7758 0.0856 0.0998 0.0389 
     D237256  7 0.5720 0.3066 0.0769 0.0445 
     D237257  7 0.1283 0.2867 0.0761 0.5089 
     D237282  7 0.1115 0.6370 0.0600 0.1914 
     D237283  7 0.0533 0.0273 0.0338 0.8856 
     D237284  7 0.0592 0.0899 0.0360 0.8149 
     D237285  7 0.1838 0.2487 0.4743 0.0932 
     D237286  7 0.1942 0.3780 0.2998 0.1280 
     D237287  7 0.4898 0.2953 0.0915 0.1235 
     D244006  7 0.0485 0.0834 0.0316 0.8365 
     D244007  7 0.4655 0.3250 0.0970 0.1125 
     D244008  7 0.0422 0.0277 0.0913 0.8388 
     D244009  7 0.0494 0.1226 0.1441 0.6838 
     D244010  7 0.1806 0.2387 0.1000 0.4808 
     D244011  7 0.3262 0.2059 0.3036 0.1643 
     D244012  7 0.3898 0.2819 0.0986 0.2297 
     D244013  7 0.5149 0.1452 0.2447 0.0952 
     D244014  7 0.3591 0.1806 0.0939 0.3664 
     D244015  7 0.0949 0.2980 0.0526 0.5545 
     D244125  7 0.3820 0.2246 0.3256 0.0677 
     D244126  7 0.0267 0.0377 0.0212 0.9144 
     D244130  7 0.1527 0.3102 0.1401 0.3970 
     D244131  7 0.1098 0.2936 0.4249 0.1717 
     D244132  7 0.0622 0.3371 0.5069 0.0938 
        D520  7 0.0568 0.2382 0.3180 0.3870 
        D521  7 0.1320 0.3542 0.1895 0.3242 
        D522  7 0.0848 0.1762 0.1219 0.6172 
        D523  7 0.8031 0.0723 0.0744 0.0502 
        D524  7 0.4162 0.1199 0.2754 0.1884 
        D525  7 0.3365 0.0790 0.0546 0.5300 
        D526  7 0.0445 0.0989 0.0283 0.8283 
        D527  7 0.1875 0.4673 0.1623 0.1829 
        D528  7 0.0169 0.9056 0.0272 0.0503 
        D558  7 0.2135 0.4947 0.0621 0.2297 
        D559  7 0.2343 0.5908 0.0366 0.1383 
        D640  7 0.2835 0.2036 0.3960 0.1170 
        D641  7 0.2968 0.1235 0.3074 0.2723 
        D642  7 0.2335 0.1385 0.1091 0.5189 
        D644  7 0.1579 0.1342 0.3729 0.3350 
        D645  7 0.3787 0.1536 0.1896 0.2781 
        D662  7 0.0244 0.1668 0.2439 0.5649 
        D687  7 0.3786 0.3663 0.1197 0.1354 
        D688  7 0.1755 0.5264 0.0630 0.2351 
        D689  7 0.2241 0.2183 0.4049 0.1527 
        D700  7 0.0265 0.9339 0.0171 0.0225 
        D797  7 0.2256 0.3085 0.3161 0.1498 
        D798  7 0.0434 0.1466 0.0556 0.7544 
        D799  7 0.6266 0.1515 0.0660 0.1559 
        D800  7 0.1549 0.6590 0.0552 0.1308 
        D132  8 0.0289 0.0439 0.0422 0.8849 
        D133  8 0.8787 0.0269 0.0227 0.0717 
        D200  8 0.2766 0.3929 0.2149 0.1157 
        D500  8 0.0253 0.0333 0.0284 0.9129 
        D614  8 0.0832 0.1400 0.5720 0.2048 
        D723  8 0.1192 0.3041 0.1047 0.4720 
        D888  8 0.8305 0.0814 0.0579 0.0302 
        D901  8 0.1087 0.1088 0.1290 0.6535 
        D902  8 0.0633 0.0658 0.7719 0.0989 
        D903  8 0.1038 0.5503 0.2971 0.0488 
        D904  8 0.1343 0.4467 0.1974 0.2216 
        D905  8 0.8025 0.0388 0.1360 0.0228 
        D906  8 0.6494 0.1887 0.0497 0.1123 
        D937  8 0.0630 0.0479 0.8453 0.0437 
        D943  8 0.1970 0.3074 0.0676 0.4279 
        D972  8 0.0937 0.2592 0.0916 0.5555 
        D973  8 0.0436 0.4968 0.1858 0.2738 
        D974  8 0.1687 0.2076 0.3203 0.3034 
        D975  8 0.2149 0.3083 0.3497 0.1271 
        D976  8 0.2659 0.2365 0.2615 0.2361 
        D201  9 0.5510 0.2707 0.0748 0.1036 
        D202  9 0.4336 0.2070 0.1901 0.1693 
     D237259  9 0.0702 0.6238 0.0273 0.2787 
     D237260  9 0.5942 0.0725 0.0565 0.2768 
     D237262  9 0.0302 0.0344 0.0471 0.8883 
     D237263  9 0.2653 0.1396 0.0594 0.5357 
     D237264  9 0.1863 0.1706 0.2300 0.4132 
     D237265  9 0.7690 0.0555 0.0740 0.1015 
     D237266  9 0.5860 0.0713 0.0358 0.3069 
     D237267  9 0.1071 0.3681 0.3095 0.2152 
     D237268  9 0.0951 0.1931 0.1419 0.5700 
     D237289  9 0.5054 0.0731 0.2993 0.1222 
     D237290  9 0.8933 0.0365 0.0251 0.0451 
     D237291  9 0.7470 0.0861 0.0883 0.0785 
     D237292  9 0.6144 0.0721 0.0441 0.2694 
     D237293  9 0.1113 0.2014 0.2835 0.4039 
     D237294  9 0.2250 0.1222 0.0652 0.5876 
     D237295  9 0.0478 0.3169 0.3264 0.3088 
     D237296  9 0.2555 0.2178 0.2569 0.2699 
     D237297  9 0.1014 0.2256 0.5726 0.1004 
     D237298  9 0.2941 0.2699 0.1289 0.3071 
     D237341  9 0.5073 0.2170 0.1233 0.1524 
     D237342  9 0.0891 0.1642 0.0951 0.6516 
     D237343  9 0.3641 0.1652 0.0569 0.4138 
     D237344  9 0.2488 0.1259 0.5188 0.1066 
     D237345  9 0.0419 0.0482 0.0239 0.8860 
     D237346  9 0.5762 0.0555 0.2286 0.1396 
     D237347  9 0.2143 0.1229 0.5936 0.0692 
     D237348  9 0.2075 0.1477 0.2518 0.3930 
     D237349  9 0.3402 0.2897 0.0418 0.3283 
     D244109  9 0.6447 0.1623 0.0224 0.1706 
     D244110  9 0.7186 0.1062 0.0447 0.1305 
     D244111  9 0.3258 0.3562 0.1355 0.1825 
     D244128  9 0.0633 0.1019 0.0372 0.7976 
     D244137  9 0.0968 0.4966 0.1844 0.2222 
     D244138  9 0.4551 0.2172 0.1572 0.1705 
        D580  9 0.0437 0.3634 0.0938 0.4990 
        D581  9 0.8452 0.0477 0.0311 0.0761 
        D582  9 0.0225 0.0359 0.0311 0.9105 
        D583  9 0.8544 0.0358 0.0235 0.0863 
        D584  9 0.0669 0.1067 0.4774 0.3489 
        D585  9 0.2373 0.0876 0.0358 0.6393 
        D586  9 0.8301 0.0498 0.0825 0.0375 
        D651  9 0.2203 0.3277 0.3134 0.1386 
        D652  9 0.1257 0.2553 0.0414 0.5776 
        D653  9 0.4482 0.3859 0.0944 0.0715 
        D654  9 0.4019 0.3163 0.0661 0.2158 
        D655  9 0.3801 0.1487 0.3848 0.0865 
        D656  9 0.0458 0.0974 0.0674 0.7893 
        D657  9 0.1991 0.2631 0.1410 0.3968 
        D667  9 0.2337 0.0954 0.6074 0.0635 
        D668  9 0.2240 0.1249 0.1537 0.4974 
        D669  9 0.6497 0.1522 0.0808 0.1172 
        D670  9 0.0748 0.6529 0.1501 0.1222 
        D671  9 0.7032 0.1102 0.0709 0.1157 
        D672  9 0.1200 0.0839 0.0466 0.7495 
        D673  9 0.1511 0.2296 0.2995 0.3198 
        D692  9 0.2143 0.0902 0.0473 0.6482 
        D693  9 0.1337 0.2172 0.3666 0.2825 
        D694  9 0.0977 0.0830 0.0706 0.7487 
        D695  9 0.0918 0.2097 0.1813 0.5173 
        D696  9 0.0305 0.0354 0.9109 0.0231 
        D697  9 0.2244 0.1132 0.5442 0.1182 
        D698  9 0.4963 0.0702 0.3486 0.0850 
        D699  9 0.1525 0.1014 0.6091 0.1370 
        D787  9 0.1539 0.3590 0.0634 0.4237 
        D788  9 0.0448 0.1584 0.6465 0.1503 
        D789  9 0.2111 0.1724 0.2611 0.3554 
        D790  9 0.3106 0.2075 0.1513 0.3306 
        D791  9 0.6397 0.1423 0.1186 0.0994 
        D792  9 0.3282 0.3003 0.0947 0.2767 
        D793  9 0.1258 0.1769 0.6331 0.0643 
        D794  9 0.1825 0.2302 0.4607 0.1267 
        D795  9 0.0812 0.0732 0.1151 0.7305 
        D796  9 0.5968 0.0931 0.1745 0.1357 
        D142 10 0.1622 0.2198 0.5481 0.0700 
        D143 10 0.7778 0.0472 0.1212 0.0538 
        D144 10 0.1292 0.2430 0.3949 0.2329 
        D145 10 0.8217 0.0721 0.0449 0.0614 
        D146 10 0.0573 0.1471 0.1222 0.6735 
        D147 10 0.1707 0.4427 0.1444 0.2423 
        D148 10 0.1111 0.6522 0.1114 0.1253 
        D149 10 0.7904 0.0887 0.0487 0.0723 
        D151 10 0.2402 0.4553 0.1163 0.1882 
        D152 10 0.9269 0.0244 0.0235 0.0252 
        D153 10 0.0426 0.4155 0.4113 0.1307 
        D156 10 0.1545 0.7215 0.0709 0.0531 
        D157 10 0.0974 0.1398 0.5921 0.1708 
        D158 10 0.3084 0.1702 0.2934 0.2281 
        D159 10 0.8975 0.0319 0.0404 0.0302 
        D160 10 0.7199 0.0276 0.2141 0.0385 
        D161 10 0.2124 0.3232 0.2899 0.1745 
        D162 10 0.2827 0.5107 0.1525 0.0542 
        D169 10 0.0944 0.0782 0.0523 0.7750 
        D170 10 0.0370 0.1092 0.0991 0.7547 
        D171 10 0.0770 0.2266 0.5441 0.1524 
        D172 10 0.2133 0.4326 0.1133 0.2409 
        D173 10 0.8277 0.1013 0.0189 0.0521 
        D181 10 0.1809 0.2538 0.4867 0.0785 
        D182 10 0.4872 0.2278 0.0598 0.2252 
        D183 10 0.0377 0.0541 0.8282 0.0800 
        D184 10 0.0184 0.0831 0.0242 0.8743 
        D185 10 0.1215 0.4980 0.1521 0.2283 
        D186 10 0.0674 0.0364 0.0359 0.8604 
        D194 10 0.0886 0.1885 0.1510 0.5720 
        D195 10 0.4759 0.2019 0.2475 0.0747 
        D196 10 0.3857 0.3084 0.2596 0.0463 
        D197 10 0.1779 0.0382 0.0659 0.7179 
        D198 10 0.0462 0.4063 0.3524 0.1950 
     D237226 10 0.6364 0.1173 0.0618 0.1845 
     D237232 10 0.3841 0.1099 0.3768 0.1292 
     D237233 10 0.6909 0.0615 0.1433 0.1043 
     D237234 10 0.2123 0.2072 0.4490 0.1315 
     D237354 10 0.9199 0.0344 0.0229 0.0227 
     D237355 10 0.7603 0.0627 0.1138 0.0632 
     D237356 10 0.0391 0.1973 0.6227 0.1410 
     D237357 10 0.3952 0.1547 0.1012 0.3489 
     D237358 10 0.1681 0.4097 0.1094 0.3128 
     D237369 10 0.0384 0.0863 0.0266 0.8486 
     D237370 10 0.1341 0.0590 0.7487 0.0582 
     D237371 10 0.0812 0.5385 0.1442 0.2362 
     D237372 10 0.4264 0.1409 0.0468 0.3858 
     D237373 10 0.3455 0.2360 0.3691 0.0493 
     D237374 10 0.7671 0.0619 0.1288 0.0423 
     D237375 10 0.3205 0.3703 0.1372 0.1721 
     D237400 10 0.9097 0.0349 0.0310 0.0244 
     D244002 10 0.0807 0.5338 0.0444 0.3412 
     D244003 10 0.5940 0.0285 0.3068 0.0708 
     D244004 10 0.0259 0.0169 0.9075 0.0497 
     D244005 10 0.6463 0.0777 0.0563 0.2197 
     D244020 10 0.1197 0.2889 0.4651 0.1263 
     D244021 10 0.2592 0.1129 0.0963 0.5316 
     D244116 10 0.1129 0.1978 0.1325 0.5567 
     D244117 10 0.4204 0.0922 0.4121 0.0753 
     D244121 10 0.2248 0.0546 0.5800 0.1406 
     D244123 10 0.3214 0.1803 0.3985 0.0997 
     D244124 10 0.3553 0.0830 0.1669 0.3948 
        D332 10 0.0863 0.6527 0.1706 0.0903 
        D570 10 0.0597 0.1237 0.7541 0.0625 
        D602 10 0.0865 0.7613 0.0773 0.0749 
        D603 10 0.2875 0.1746 0.3692 0.1687 
        D604 10 0.3885 0.4571 0.1011 0.0534 
        D605 10 0.1959 0.4362 0.1849 0.1830 
        D606 10 0.0421 0.0473 0.3096 0.6010 
        D607 10 0.0466 0.7927 0.1005 0.0601 
        D608 10 0.9038 0.0552 0.0209 0.0201 
        D609 10 0.0341 0.1683 0.7159 0.0817 
        D610 10 0.1699 0.3728 0.3621 0.0952 
        D611 10 0.0182 0.0397 0.9146 0.0274 
        D613 10 0.1585 0.4222 0.3477 0.0716 
        D633 10 0.1702 0.6272 0.0636 0.1391 
        D634 10 0.1293 0.1897 0.5417 0.1393 
        D638 10 0.8957 0.0304 0.0464 0.0276 
        D681 10 0.1081 0.2472 0.3881 0.2566 
        D754 10 0.1057 0.1171 0.2803 0.4969 
        D755 10 0.6219 0.0266 0.3021 0.0494 
        D756 10 0.1369 0.1161 0.5513 0.1957 
        D757 10 0.4421 0.1728 0.1555 0.2296 
        D758 10 0.1673 0.2482 0.2321 0.3523 
        D759 10 0.5951 0.0614 0.2786 0.0649 
        D760 10 0.3607 0.2127 0.3248 0.1018 
        D761 10 0.9115 0.0205 0.0448 0.0233 
        D762 10 0.0948 0.6654 0.1426 0.0972 
        D775 10 0.2167 0.0367 0.6448 0.1018 
        D776 10 0.8696 0.0400 0.0544 0.0360 
        D777 10 0.2737 0.0864 0.4274 0.2125 
        D778 10 0.7171 0.0419 0.0353 0.2056 
        D779 10 0.1255 0.1633 0.3082 0.4030 
        D780 10 0.5325 0.2301 0.1536 0.0838 
        D781 10 0.1963 0.6148 0.1020 0.0868 
        D858 10 0.0706 0.0315 0.0206 0.8773 
        D933 10 0.2838 0.3620 0.3006 0.0536 
        D038 11 0.5447 0.1970 0.0963 0.1620 
        D063 11 0.4731 0.1470 0.2949 0.0850 
        D155 11 0.3483 0.1595 0.3981 0.0941 
        D175 11 0.0741 0.1648 0.4349 0.3262 
        D176 11 0.6951 0.0870 0.1525 0.0653 
        D205 11 0.0307 0.0580 0.7217 0.1896 
     D237229 11 0.3260 0.3625 0.0434 0.2681 
     D237230 11 0.1097 0.5274 0.0445 0.3184 
     D237231 11 0.1233 0.6684 0.1553 0.0530 
     D237269 11 0.4266 0.2967 0.1328 0.1440 
     D237270 11 0.0771 0.1054 0.0623 0.7552 
     D237271 11 0.0836 0.3119 0.4557 0.1487 
     D237272 11 0.0989 0.4299 0.0682 0.4030 
     D237273 11 0.1993 0.2291 0.5143 0.0573 
     D237301 11 0.1051 0.6021 0.2227 0.0701 
     D237302 11 0.1686 0.1485 0.0963 0.5865 
     D237303 11 0.1893 0.1893 0.0367 0.5848 
     D237304 11 0.1723 0.3886 0.2058 0.2334 
     D237305 11 0.1098 0.0706 0.0934 0.7262 
     D237314 11 0.2256 0.2062 0.3428 0.2254 
     D237315 11 0.1057 0.1676 0.0984 0.6282 
     D237316 11 0.0343 0.7203 0.2068 0.0385 
     D237328 11 0.0370 0.3632 0.3075 0.2924 
     D237329 11 0.4113 0.1228 0.1707 0.2952 
     D237330 11 0.2637 0.0892 0.5790 0.0682 
     D237331 11 0.2515 0.3056 0.3277 0.1152 
     D237332 11 0.0939 0.4273 0.3189 0.1598 
     D237333 11 0.5642 0.0918 0.3072 0.0368 
     D237334 11 0.0723 0.6362 0.2119 0.0796 
     D237335 11 0.0742 0.2753 0.3890 0.2615 
     D237336 11 0.4961 0.1629 0.1658 0.1753 
     D237350 11 0.1452 0.2188 0.5695 0.0665 
     D237383 11 0.3143 0.1418 0.1453 0.3987 
     D237384 11 0.0879 0.5183 0.1422 0.2515 
     D237385 11 0.2371 0.3069 0.1990 0.2570 
     D237386 11 0.1445 0.4299 0.3258 0.0999 
     D237387 11 0.0438 0.5298 0.1951 0.2313 
     D237388 11 0.0516 0.2298 0.6759 0.0428 
        D239 11 0.2764 0.2096 0.4300 0.0840 
        D240 11 0.8218 0.0561 0.0461 0.0760 
        D241 11 0.0551 0.8839 0.0319 0.0291 
        D242 11 0.2391 0.5287 0.1152 0.1170 
        D243 11 0.1810 0.1316 0.5659 0.1214 
        D244 11 0.0541 0.0475 0.7874 0.1109 
