        D174  1 0.1051 0.0751 0.0351 0.0213 0.4454 0.1150 0.0578 0.0838 0.0615 
        D199  1 0.0586 0.1016 0.1875 0.0473 0.1487 0.0265 0.0939 0.1321 0.2038 
        D203  1 0.1120 0.0692 0.1841 0.0382 0.0806 0.1560 0.0596 0.0784 0.2219 
        D204  1 0.0237 0.0211 0.0328 0.0573 0.0192 0.0283 0.0200 0.0225 0.7752 
     D237366  1 0.0828 0.4911 0.0424 0.1239 0.0530 0.0255 0.0433 0.0707 0.0673 
     D237367  1 0.0861 0.2221 0.0746 0.0398 0.0417 0.0639 0.0594 0.1168 0.2957 
     D237368  1 0.0445 0.4285 0.0798 0.0412 0.1092 0.0498 0.0376 0.0875 0.1220 
     D244101  1 0.0372 0.0194 0.1011 0.4016 0.0220 0.0280 0.0779 0.1174 0.1954 
     D244102  1 0.2956 0.0849 0.0486 0.0975 0.0477 0.1770 0.0800 0.0932 0.0755 
     D244103  1 0.1201 0.1611 0.0417 0.0414 0.0629 0.0562 0.0784 0.2913 0.1469 
     D244104  1 0.0176 0.0497 0.0387 0.0214 0.1105 0.0293 0.0735 0.0324 0.6270 
     D244105  1 0.1351 0.3000 0.0213 0.0354 0.0190 0.2073 0.0456 0.1782 0.0582 
     D244106  1 0.1231 0.0229 0.0622 0.0241 0.5472 0.0408 0.0435 0.0707 0.0654 
     D244107  1 0.0192 0.3268 0.1399 0.0761 0.0154 0.1939 0.0381 0.1438 0.0468 
     D244108  1 0.0684 0.0303 0.0383 0.0338 0.3315 0.3267 0.0387 0.0575 0.0750 
     D244113  1 0.2654 0.0333 0.0381 0.0836 0.3835 0.0351 0.0842 0.0622 0.0147 
     D244114  1 0.1531 0.0678 0.0547 0.0632 0.0874 0.0722 0.1166 0.3006 0.0844 
     D244115  1 0.0541 0.0572 0.0352 0.0370 0.2889 0.2164 0.0434 0.1295 0.1383 
     D267365  1 0.0428 0.0765 0.0367 0.0435 0.1662 0.0357 0.1480 0.0779 0.3726 
        D404  1 0.4011 0.0204 0.0377 0.0957 0.2391 0.0724 0.0481 0.0550 0.0306 
        D405  1 0.3644 0.0408 0.0863 0.0906 0.0567 0.0906 0.0715 0.0884 0.1106 
        D406  1 0.0384 0.6112 0.0175 0.0557 0.0465 0.0902 0.0213 0.0339 0.0852 
        D407  1 0.0245 0.1936 0.1154 0.0168 0.0318 0.0178 0.0349 0.0886 0.4766 
        D408  1 0.0929 0.0282 0.0276 0.0400 0.3758 0.0495 0.2206 0.1006 0.0648 
        D409  1 0.1603 0.0759 0.0397 0.0356 0.0353 0.0772 0.0472 0.4350 0.0939 
        D410  1 0.0239 0.0202 0.0138 0.0362 0.0257 0.7892 0.0156 0.0232 0.0521 
        D421  1 0.0097 0.0213 0.0443 0.0096 0.0214 0.0104 0.0147 0.0210 0.8477 
        D422  1 0.0174 0.7571 0.0329 0.0178 0.0165 0.0288 0.0205 0.0593 0.0497 
        D423  1 0.0260 0.0732 0.0616 0.0155 0.0197 0.6640 0.0142 0.0475 0.0783 
        D424  1 0.0279 0.0864 0.0183 0.0200 0.0418 0.0298 0.0203 0.1512 0.6044 
        D425  1 0.0665 0.0330 0.0234 0.0236 0.0876 0.0750 0.0411 0.0886 0.5612 
        D426  1 0.0622 0.0965 0.0579 0.0170 0.0235 0.0158 0.0814 0.6028 0.0429 
        D427  1 0.0170 0.0283 0.3880 0.0149 0.1822 0.0239 0.0262 0.0340 0.2855 
        D428  1 0.0771 0.0876 0.0519 0.0793 0.1923 0.0753 0.0376 0.1192 0.2797 
        D429  1 0.1257 0.0388 0.0390 0.0466 0.1819 0.0527 0.0424 0.1002 0.3727 
        D430  1 0.2828 0.0461 0.0589 0.0265 0.1576 0.0495 0.1069 0.1949 0.0768 
        D491  1 0.0465 0.0268 0.0158 0.0268 0.6471 0.0445 0.0588 0.0408 0.0929 
        D492  1 0.0930 0.1522 0.0575 0.0462 0.1086 0.0682 0.0298 0.1485 0.2959 
        D537  1 0.0426 0.0722 0.0396 0.0647 0.0258 0.0424 0.0298 0.0913 0.5915 
        D538  1 0.2641 0.1419 0.0890 0.0587 0.0939 0.1353 0.0377 0.1298 0.0496 
        D539  1 0.1676 0.0566 0.0527 0.0965 0.1495 0.0826 0.2514 0.1046 0.0385 
        D540  1 0.0824 0.0857 0.0330 0.0325 0.0298 0.0758 0.1842 0.2779 0.1987 
        D541  1 0.0155 0.0204 0.0174 0.0165 0.0143 0.0189 0.0188 0.0190 0.8591 
        D551  1 0.0450 0.0798 0.2136 0.0331 0.0428 0.0299 0.0906 0.3952 0.0700 
        D552  1 0.0303 0.1087 0.0400 0.0604 0.1833 0.1835 0.1179 0.1179 0.1581 
        D553  1 0.0125 0.0207 0.0134 0.0154 0.0182 0.0184 0.0277 0.0192 0.8545 
        D615  1 0.1053 0.0479 0.0679 0.0253 0.0631 0.1292 0.0901 0.0836 0.3876 
        D616  1 0.0444 0.1529 0.1107 0.0215 0.0601 0.1314 0.0595 0.1878 0.2317 
        D621  1 0.0511 0.1956 0.0291 0.3711 0.1057 0.1386 0.0436 0.0458 0.0193 
        D622  1 0.0332 0.4618 0.0233 0.0610 0.0413 0.1632 0.0636 0.1133 0.0393 
        D623  1 0.1481 0.0216 0.1341 0.2237 0.2444 0.0866 0.0427 0.0733 0.0254 
        D624  1 0.0261 0.0228 0.0163 0.0135 0.7979 0.0176 0.0245 0.0452 0.0361 
        D625  1 0.0340 0.0592 0.0156 0.0484 0.0754 0.0550 0.0265 0.0513 0.6347 
        D626  1 0.0682 0.1467 0.0388 0.0347 0.3388 0.1409 0.0957 0.0672 0.0691 
        D627  1 0.0841 0.0974 0.0307 0.0194 0.0429 0.0185 0.1179 0.5069 0.0822 
        D690  1 0.0172 0.0338 0.0122 0.0257 0.0467 0.0423 0.0190 0.0185 0.7846 
        D691  1 0.0313 0.6280 0.0225 0.0294 0.0364 0.0843 0.0281 0.0383 0.1016 
        D710  1 0.0500 0.1327 0.0425 0.1275 0.1431 0.0839 0.0525 0.1403 0.2275 
        D711  1 0.0467 0.0357 0.0217 0.0364 0.0348 0.0296 0.0158 0.0273 0.7521 
        D712  1 0.0622 0.0762 0.0370 0.0538 0.5087 0.0415 0.1261 0.0639 0.0307 
        D713  1 0.1522 0.0831 0.0234 0.1503 0.1802 0.0641 0.0622 0.1292 0.1554 
        D746  1 0.0195 0.7028 0.0260 0.0262 0.0304 0.0630 0.0255 0.0334 0.0732 
        D747  1 0.0155 0.0211 0.0236 0.0245 0.0190 0.0174 0.0166 0.0179 0.8445 
        D748  1 0.0534 0.2276 0.0178 0.0597 0.0459 0.1400 0.0540 0.0665 0.3352 
        D749  1 0.0721 0.2819 0.0392 0.0789 0.1069 0.1045 0.0325 0.2532 0.0308 
        D750  1 0.0333 0.0377 0.0197 0.0469 0.6294 0.0789 0.0266 0.0258 0.1015 
        D763  1 0.0602 0.1064 0.1020 0.2216 0.0229 0.0386 0.2044 0.1408 0.1034 
        D764  1 0.0221 0.0587 0.0183 0.0189 0.2216 0.0933 0.0284 0.0657 0.4731 
        D765  1 0.0547 0.0539 0.0167 0.0126 0.0968 0.6498 0.0430 0.0473 0.0251 
        D766  1 0.0424 0.1226 0.0309 0.1385 0.0453 0.3849 0.0561 0.0778 0.1016 
        D767  1 0.2270 0.1243 0.0766 0.2301 0.0316 0.1058 0.0256 0.0787 0.1003 
        D768  1 0.0166 0.0244 0.0210 0.0141 0.0135 0.0202 0.0167 0.0232 0.8502 
        D811  1 0.4234 0.0188 0.0185 0.0262 0.1126 0.1418 0.1715 0.0630 0.0243 
        D816  1 0.0186 0.0188 0.0135 0.0178 0.0260 0.0148 0.0170 0.0206 0.8530 
        D825  1 0.1397 0.0513 0.0193 0.0282 0.1500 0.3173 0.0428 0.1370 0.1144 
        D866  1 0.0798 0.0340 0.1455 0.0193 0.1836 0.0893 0.3087 0.0848 0.0551 
        D867  1 0.0365 0.6784 0.0406 0.0875 0.0252 0.0350 0.0297 0.0441 0.0230 
        D871  1 0.1898 0.0393 0.0178 0.0295 0.0413 0.0301 0.0576 0.5243 0.0703 
        D872  1 0.1934 0.0887 0.0510 0.0538 0.0438 0.1996 0.0270 0.0684 0.2742 
        D873  1 0.0653 0.0349 0.0266 0.0429 0.0156 0.7686 0.0142 0.0217 0.0102 
        D874  1 0.0445 0.0164 0.0237 0.6645 0.0790 0.0165 0.0484 0.0391 0.0680 
        D875  1 0.1415 0.0740 0.0147 0.0243 0.0160 0.1338 0.0362 0.5177 0.0417 
        D876  1 0.0408 0.0699 0.0249 0.1057 0.0923 0.0722 0.0738 0.0852 0.4353 
        D877  1 0.4624 0.0135 0.0291 0.0829 0.2015 0.0387 0.0398 0.0907 0.0414 
        D892  1 0.1147 0.1574 0.0162 0.0482 0.1756 0.0639 0.0221 0.0674 0.3344 
        D893  1 0.0251 0.0478 0.0278 0.0420 0.0193 0.0422 0.0662 0.0578 0.6718 
        D894  1 0.0904 0.0500 0.0252 0.0307 0.0542 0.0415 0.0355 0.0882 0.5844 
        D915  1 0.0401 0.0638 0.0304 0.0229 0.0458 0.1886 0.0352 0.0397 0.5335 
        D916  1 0.0130 0.0197 0.0135 0.0151 0.0177 0.0205 0.0157 0.0173 0.8674 
        D917  1 0.0535 0.0575 0.0683 0.1090 0.2470 0.0299 0.1182 0.1459 0.1707 
        D925  1 0.0263 0.0494 0.0231 0.0194 0.0783 0.4937 0.0430 0.0409 0.2259 
        D926  1 0.0445 0.0635 0.0267 0.0901 0.0789 0.0602 0.0387 0.2347 0.3628 
        D927  1 0.0679 0.0746 0.2713 0.0420 0.0605 0.0289 0.0834 0.1094 0.2619 
        D928  1 0.0342 0.0131 0.0196 0.0206 0.7580 0.0346 0.0158 0.0239 0.0801 
        D929  1 0.2323 0.0753 0.0197 0.4637 0.0552 0.0388 0.0335 0.0490 0.0325 
        D936  1 0.0533 0.0241 0.0547 0.1365 0.0318 0.0372 0.0730 0.0769 0.5126 
        D938  1 0.0317 0.6312 0.0170 0.0661 0.0327 0.1064 0.0335 0.0424 0.0392 
        D956  1 0.1485 0.0316 0.0376 0.0248 0.5317 0.0750 0.0419 0.0787 0.0301 
        D957  1 0.0864 0.0585 0.0337 0.0765 0.0456 0.4914 0.0235 0.0528 0.1315 
        D958  1 0.0608 0.0728 0.0296 0.1024 0.1367 0.2552 0.0356 0.0911 0.2157 
        D959  1 0.0247 0.1932 0.0778 0.0122 0.0241 0.0166 0.0207 0.1456 0.4850 
        D960  1 0.0825 0.5292 0.0194 0.0414 0.0659 0.1682 0.0188 0.0405 0.0342 
        D989  1 0.0412 0.0388 0.0793 0.0266 0.6277 0.0307 0.0528 0.0494 0.0535 
        D990  1 0.0279 0.0669 0.0430 0.0268 0.0698 0.5809 0.0920 0.0763 0.0164 
        D023  2 0.0114 0.8404 0.0142 0.0176 0.0161 0.0184 0.0177 0.0210 0.0432 
        D130  2 0.0921 0.6246 0.0464 0.0210 0.0197 0.0348 0.0229 0.0408 0.0976 
        D131  2 0.0731 0.0340 0.0332 0.0534 0.0403 0.0676 0.1480 0.2772 0.2732 
        D163  2 0.0223 0.6175 0.0142 0.0528 0.0439 0.0601 0.0263 0.0609 0.1018 
        D164  2 0.0144 0.0227 0.5075 0.0248 0.0101 0.3674 0.0234 0.0177 0.0121 
        D165  2 0.0137 0.8170 0.0297 0.0218 0.0193 0.0202 0.0229 0.0273 0.0280 
        D166  2 0.4591 0.0799 0.0370 0.0862 0.0178 0.0575 0.0611 0.1575 0.0439 
        D167  2 0.0580 0.0152 0.8065 0.0170 0.0281 0.0179 0.0199 0.0213 0.0162 
        D192  2 0.0207 0.0134 0.8531 0.0258 0.0193 0.0147 0.0222 0.0208 0.0099 
        D193  2 0.4119 0.0324 0.0334 0.1019 0.1646 0.1150 0.0361 0.0829 0.0220 
        D206  2 0.0532 0.0995 0.3178 0.0404 0.0269 0.0330 0.1630 0.1734 0.0929 
        D207  2 0.1498 0.0263 0.5794 0.0227 0.0215 0.0401 0.0519 0.0761 0.0324 
        D208  2 0.0904 0.0483 0.0847 0.0526 0.1786 0.0929 0.3254 0.0825 0.0445 
        D209  2 0.0374 0.0645 0.3139 0.1792 0.0264 0.0475 0.0479 0.2481 0.0351 
        D210  2 0.0379 0.0252 0.1064 0.0301 0.5324 0.0276 0.1133 0.0571 0.0701 
     D229599  2 0.0737 0.1086 0.0394 0.1731 0.0610 0.0961 0.1190 0.1601 0.1691 
     D229600  2 0.0652 0.3929 0.3115 0.0307 0.0238 0.0543 0.0314 0.0607 0.0295 
     D237227  2 0.0740 0.0546 0.0597 0.0224 0.4155 0.1593 0.0771 0.0787 0.0585 
     D237228  2 0.0505 0.0187 0.0610 0.0168 0.1605 0.5616 0.0464 0.0699 0.0145 
     D237258  2 0.0819 0.1607 0.2114 0.0511 0.0859 0.0829 0.1343 0.1339 0.0579 
     D237310  2 0.2313 0.0273 0.0419 0.0288 0.0276 0.5602 0.0254 0.0452 0.0123 
     D237311  2 0.0804 0.0299 0.1212 0.0184 0.0254 0.6577 0.0209 0.0301 0.0160 
     D237312  2 0.2765 0.0704 0.0219 0.0570 0.0435 0.3948 0.0388 0.0700 0.0270 
     D237313  2 0.0794 0.0379 0.0291 0.1125 0.0915 0.1253 0.1853 0.2001 0.1389 
     D237322  2 0.1664 0.0372 0.0587 0.1499 0.0580 0.1028 0.2253 0.1756 0.0261 
     D237323  2 0.0927 0.0565 0.0294 0.0257 0.1213 0.5745 0.0438 0.0393 0.0167 
     D237324  2 0.0298 0.2188 0.2179 0.0440 0.0199 0.0503 0.0983 0.2577 0.0635 
     D237325  2 0.0962 0.1123 0.0648 0.0636 0.0702 0.4473 0.0308 0.0831 0.0316 
     D237326  2 0.0277 0.0431 0.0348 0.0385 0.0487 0.7071 0.0205 0.0401 0.0393 
     D237327  2 0.0843 0.1034 0.1540 0.1028 0.0358 0.0375 0.2006 0.1976 0.0840 
     D237337  2 0.0342 0.0219 0.0162 0.0200 0.0273 0.8101 0.0188 0.0294 0.0221 
     D237338  2 0.0897 0.1263 0.0771 0.1136 0.1118 0.2584 0.0628 0.1145 0.0458 
     D237339  2 0.0371 0.0174 0.1155 0.6354 0.0149 0.0268 0.0420 0.0689 0.0420 
     D237340  2 0.1131 0.0410 0.1382 0.0391 0.1150 0.4605 0.0285 0.0447 0.0198 
     D237389  2 0.1571 0.0319 0.0672 0.0262 0.0211 0.6116 0.0205 0.0453 0.0190 
     D237390  2 0.1773 0.0660 0.0199 0.0415 0.0561 0.5183 0.0370 0.0489 0.0349 
     D244017  2 0.1955 0.0507 0.2862 0.0266 0.2281 0.0511 0.0325 0.0964 0.0327 
     D244112  2 0.0688 0.0284 0.7788 0.0164 0.0204 0.0282 0.0169 0.0276 0.0146 
     D244118  2 0.0278 0.2189 0.5796 0.0480 0.0315 0.0395 0.0186 0.0252 0.0109 
     D244119  2 0.0265 0.0140 0.2491 0.0117 0.5965 0.0309 0.0244 0.0249 0.0221 
     D244120  2 0.2934 0.0298 0.3952 0.0589 0.0501 0.0561 0.0608 0.0419 0.0139 
     D244122  2 0.0836 0.0663 0.6005 0.0327 0.0495 0.0322 0.0606 0.0436 0.0310 
        D291  2 0.0664 0.0862 0.0838 0.0182 0.0179 0.0360 0.4696 0.1558 0.0660 
        D292  2 0.0876 0.0311 0.2398 0.0489 0.0768 0.0877 0.1027 0.0703 0.2551 
        D293  2 0.0168 0.0151 0.6735 0.0710 0.0167 0.0181 0.0274 0.0429 0.1184 
        D322  2 0.0244 0.0311 0.4876 0.1098 0.0198 0.0561 0.0469 0.1023 0.1220 
        D323  2 0.1650 0.0385 0.1217 0.0987 0.0503 0.0507 0.2853 0.1476 0.0421 
        D324  2 0.0403 0.1053 0.0741 0.0296 0.0564 0.0907 0.3181 0.1505 0.1350 
        D325  2 0.0137 0.0207 0.7983 0.0284 0.0129 0.0216 0.0271 0.0328 0.0445 
        D326  2 0.0157 0.0144 0.0149 0.0179 0.0298 0.0130 0.0220 0.0303 0.8420 
        D340  2 0.0126 0.0168 0.8441 0.0235 0.0181 0.0198 0.0277 0.0197 0.0179 
        D341  2 0.0720 0.0254 0.5600 0.0427 0.0505 0.0736 0.0637 0.0663 0.0459 
        D342  2 0.0520 0.0932 0.5361 0.0198 0.0156 0.0937 0.0649 0.1034 0.0213 
        D343  2 0.0089 0.0114 0.9026 0.0141 0.0088 0.0104 0.0119 0.0140 0.0179 
        D344  2 0.1393 0.0212 0.0438 0.4698 0.0221 0.0589 0.0307 0.1407 0.0734 
        D345  2 0.0208 0.0731 0.0384 0.2105 0.0393 0.2763 0.1075 0.1346 0.0995 
        D346  2 0.0391 0.0273 0.0485 0.0329 0.4820 0.0346 0.2318 0.0563 0.0475 
        D351  2 0.0610 0.0574 0.0570 0.0901 0.0216 0.1028 0.1582 0.1697 0.2822 
        D352  2 0.0458 0.0262 0.0330 0.6558 0.0469 0.0468 0.0350 0.0843 0.0262 
        D353  2 0.0450 0.0153 0.0301 0.1300 0.0153 0.0195 0.0316 0.5120 0.2011 
        D354  2 0.0403 0.0170 0.0137 0.7241 0.0423 0.0479 0.0349 0.0413 0.0385 
        D362  2 0.0270 0.0831 0.0288 0.0195 0.0268 0.0348 0.0336 0.0315 0.7150 
        D363  2 0.0252 0.0463 0.0228 0.0270 0.0349 0.0301 0.0317 0.0421 0.7399 
        D364  2 0.0426 0.0225 0.0209 0.3966 0.0408 0.0871 0.0317 0.0727 0.2849 
        D365  2 0.0137 0.0117 0.8336 0.0280 0.0235 0.0161 0.0198 0.0232 0.0304 
        D369  2 0.0551 0.0383 0.1516 0.0191 0.1723 0.1227 0.1229 0.0946 0.2234 
        D374  2 0.4234 0.0171 0.0180 0.0343 0.3585 0.0704 0.0235 0.0334 0.0214 
        D375  2 0.0300 0.0217 0.0145 0.8086 0.0204 0.0234 0.0229 0.0408 0.0177 
        D376  2 0.2464 0.0192 0.0361 0.0868 0.4320 0.0726 0.0251 0.0662 0.0155 
        D377  2 0.1350 0.0473 0.0494 0.0600 0.0518 0.1887 0.2972 0.1422 0.0282 
        D378  2 0.0302 0.1123 0.2227 0.2321 0.0269 0.0334 0.0850 0.1182 0.1391 
        D379  2 0.0311 0.0297 0.0236 0.0560 0.0316 0.0386 0.0497 0.0700 0.6695 
        D384  2 0.0131 0.0144 0.0149 0.0183 0.0324 0.0189 0.0221 0.0270 0.8390 
        D385  2 0.0322 0.0161 0.6726 0.1294 0.0360 0.0292 0.0297 0.0363 0.0185 
        D386  2 0.0410 0.0586 0.0640 0.5615 0.0192 0.0224 0.0470 0.1158 0.0704 
        D391  2 0.0220 0.0147 0.7095 0.1175 0.0173 0.0260 0.0370 0.0242 0.0318 
        D392  2 0.0449 0.0440 0.5580 0.0197 0.0523 0.1288 0.0451 0.0424 0.0648 
        D393  2 0.0295 0.0556 0.0804 0.2000 0.0256 0.0477 0.2778 0.0599 0.2234 
        D394  2 0.0773 0.1548 0.0866 0.2230 0.0466 0.1821 0.0374 0.1023 0.0900 
        D395  2 0.0447 0.0257 0.2995 0.4524 0.0257 0.0269 0.0345 0.0683 0.0224 
        D401  2 0.0551 0.0144 0.0291 0.0115 0.0379 0.7694 0.0287 0.0335 0.0204 
        D402  2 0.0273 0.0174 0.7243 0.0713 0.0170 0.0282 0.0675 0.0292 0.0179 
        D403  2 0.1090 0.0757 0.0353 0.1797 0.0216 0.0274 0.0557 0.3030 0.1926 
        D415  2 0.0413 0.0416 0.0255 0.0256 0.0163 0.0791 0.0227 0.1126 0.6355 
        D435  2 0.0270 0.0378 0.1929 0.0596 0.0182 0.0519 0.0377 0.0446 0.5302 
        D436  2 0.0882 0.0343 0.0383 0.5202 0.0560 0.0514 0.0221 0.0558 0.1337 
        D438  2 0.0169 0.0156 0.8499 0.0149 0.0278 0.0148 0.0279 0.0179 0.0143 
        D439  2 0.0194 0.0586 0.0519 0.6294 0.0145 0.0514 0.0494 0.0838 0.0415 
        D449  2 0.0259 0.0402 0.5791 0.0203 0.0261 0.0267 0.0199 0.1902 0.0717 
        D450  2 0.0980 0.0577 0.0202 0.2144 0.1038 0.0551 0.1090 0.2156 0.1262 
        D456  2 0.0154 0.0250 0.0118 0.0201 0.0238 0.0207 0.0248 0.0307 0.8278 
        D462  2 0.0194 0.0231 0.7427 0.1072 0.0130 0.0149 0.0240 0.0229 0.0327 
        D463  2 0.0185 0.0153 0.0128 0.0289 0.0323 0.0231 0.0254 0.0391 0.8047 
        D464  2 0.1396 0.0164 0.0630 0.3316 0.0340 0.0263 0.0320 0.2878 0.0694 
        D465  2 0.0506 0.0284 0.4717 0.0251 0.0219 0.0933 0.0492 0.0780 0.1818 
        D473  2 0.0552 0.0571 0.0391 0.1108 0.4681 0.1244 0.0557 0.0652 0.0244 
        D474  2 0.0369 0.0682 0.0627 0.0353 0.0611 0.0456 0.0876 0.0685 0.5341 
        D476  2 0.0200 0.3134 0.0557 0.4986 0.0125 0.0195 0.0243 0.0330 0.0229 
        D477  2 0.0394 0.0226 0.0254 0.2603 0.0439 0.1360 0.1100 0.0974 0.2649 
        D478  2 0.1049 0.2502 0.0730 0.1003 0.1026 0.0408 0.0601 0.2215 0.0467 
        D480  2 0.0617 0.0278 0.1009 0.1980 0.1321 0.0331 0.1805 0.0837 0.1822 
        D481  2 0.0433 0.1286 0.0659 0.1644 0.0950 0.0883 0.0577 0.0928 0.2640 
        D482  2 0.1297 0.0505 0.0320 0.3465 0.0947 0.0753 0.1256 0.1216 0.0242 
        D483  2 0.0213 0.0317 0.7744 0.0184 0.0744 0.0201 0.0205 0.0241 0.0152 
        D484  2 0.0568 0.0228 0.0232 0.7965 0.0237 0.0200 0.0222 0.0223 0.0124 
        D510  2 0.1351 0.0223 0.0338 0.0457 0.5340 0.0357 0.1131 0.0521 0.0280 
        D511  2 0.0270 0.0392 0.0653 0.6411 0.0189 0.0299 0.0487 0.0611 0.0690 
        D512  2 0.1016 0.0400 0.1550 0.0267 0.0144 0.4731 0.0378 0.1316 0.0199 
        D513  2 0.0405 0.0400 0.4893 0.0225 0.0660 0.0404 0.1090 0.0913 0.1008 
        D635  2 0.0167 0.5330 0.0287 0.0187 0.0305 0.0291 0.0290 0.1247 0.1895 
        D636  2 0.0155 0.8042 0.0186 0.0167 0.0211 0.0453 0.0310 0.0245 0.0231 
        D637  2 0.1024 0.0374 0.1579 0.2561 0.0669 0.1452 0.1114 0.0988 0.0239 
        D658  2 0.0686 0.0319 0.4210 0.2058 0.0897 0.0946 0.0339 0.0360 0.0185 
        D659  2 0.0238 0.0825 0.0365 0.0635 0.0424 0.0197 0.0496 0.0760 0.6061 
        D677  2 0.0846 0.1735 0.0778 0.0516 0.0232 0.1205 0.1288 0.0938 0.2462 
        D678  2 0.1671 0.0358 0.5082 0.0266 0.0149 0.0413 0.0434 0.1376 0.0250 
        D679  2 0.0394 0.0406 0.0521 0.0609 0.0512 0.0358 0.2110 0.1380 0.3709 
        D719  2 0.0271 0.0145 0.1928 0.0431 0.3883 0.0552 0.0653 0.0549 0.1587 
        D720  2 0.0209 0.0244 0.0335 0.0183 0.0686 0.0295 0.0473 0.0421 0.7154 
        D721  2 0.0129 0.7337 0.0500 0.0328 0.0328 0.0186 0.0317 0.0464 0.0412 
        D722  2 0.3644 0.0247 0.0535 0.0412 0.2339 0.1229 0.0729 0.0596 0.0268 
        D734  2 0.0316 0.0155 0.0638 0.5767 0.1919 0.0169 0.0421 0.0407 0.0208 
        D735  2 0.0671 0.0410 0.0645 0.0905 0.0806 0.1005 0.2039 0.1522 0.1997 
        D736  2 0.0410 0.0550 0.0971 0.0772 0.2909 0.0747 0.1915 0.0887 0.0839 
        D737  2 0.0549 0.0523 0.4646 0.1791 0.0464 0.0590 0.0723 0.0503 0.0211 
        D807  2 0.1110 0.0461 0.0685 0.0786 0.1760 0.1315 0.1122 0.0870 0.1892 
        D808  2 0.1228 0.0791 0.1245 0.0573 0.0370 0.2697 0.0827 0.1449 0.0821 
        D817  2 0.0772 0.0338 0.0239 0.0890 0.0306 0.0739 0.3002 0.1169 0.2545 
        D818  2 0.0890 0.1595 0.2552 0.0368 0.0282 0.0350 0.1070 0.2216 0.0678 
        D819  2 0.1149 0.0434 0.0308 0.0301 0.0417 0.2447 0.2146 0.1440 0.1357 
        D820  2 0.0175 0.0200 0.0346 0.0603 0.0196 0.0147 0.0295 0.0434 0.7604 
        D895  2 0.0330 0.1704 0.0508 0.0839 0.0405 0.0651 0.0600 0.1885 0.3077 
        D896  2 0.0361 0.0177 0.0111 0.0158 0.0263 0.8471 0.0156 0.0176 0.0127 
        D897  2 0.0695 0.0346 0.5523 0.0463 0.0278 0.0518 0.0726 0.1152 0.0299 
        D898  2 0.1341 0.0389 0.0352 0.0563 0.0367 0.3342 0.1528 0.1750 0.0367 
        D918  2 0.1172 0.1372 0.0932 0.0889 0.0630 0.2425 0.0907 0.1216 0.0457 
        D919  2 0.0508 0.0426 0.1127 0.3719 0.0235 0.0286 0.0658 0.1669 0.1372 
        D920  2 0.0629 0.6155 0.0371 0.0562 0.0811 0.0535 0.0282 0.0383 0.0272 
        D923  2 0.0313 0.0234 0.0304 0.0909 0.0237 0.0285 0.0289 0.0859 0.6571 
        D930  2 0.0757 0.0253 0.0516 0.1359 0.1181 0.0880 0.1033 0.1840 0.2181 
        D931  2 0.0694 0.0417 0.1285 0.2447 0.0490 0.0516 0.0530 0.0771 0.2850 
        D968  2 0.0209 0.0130 0.8210 0.0207 0.0171 0.0174 0.0463 0.0231 0.0203 
        D969  2 0.0767 0.0363 0.2244 0.0428 0.0583 0.0716 0.1223 0.1260 0.2417 
        D977  2 0.0373 0.0333 0.7221 0.0385 0.0255 0.0239 0.0273 0.0635 0.0285 
        D978  2 0.1962 0.0228 0.0961 0.0273 0.0342 0.0204 0.4316 0.1494 0.0222 
        D211  3 0.0744 0.5972 0.0252 0.0380 0.0241 0.0242 0.0815 0.0741 0.0613 
     D229639  3 0.1072 0.0274 0.1677 0.0273 0.1352 0.0546 0.3051 0.0925 0.0830 
     D237212  3 0.0980 0.0747 0.0756 0.2404 0.0276 0.0831 0.2313 0.0898 0.0796 
     D237213  3 0.1004 0.0886 0.0388 0.0728 0.0207 0.2679 0.2532 0.1081 0.0493 
     D237214  3 0.0170 0.8196 0.0136 0.0160 0.0242 0.0166 0.0149 0.0569 0.0212 
     D237215  3 0.2195 0.0167 0.4565 0.0192 0.0881 0.0415 0.1161 0.0288 0.0136 
     D237216  3 0.0443 0.1058 0.0242 0.0460 0.0293 0.0504 0.0602 0.5976 0.0422 
     D237217  3 0.0746 0.2631 0.0329 0.0320 0.0180 0.0914 0.0653 0.3127 0.1100 
     D237218  3 0.0929 0.0609 0.0462 0.2629 0.0627 0.0302 0.2846 0.0995 0.0600 
     D237219  3 0.0994 0.0918 0.0328 0.0224 0.1009 0.3174 0.2219 0.0692 0.0441 
     D237382  3 0.3651 0.0419 0.0503 0.0339 0.1125 0.1533 0.0465 0.0904 0.1062 
     D244127  3 0.0522 0.0617 0.0840 0.0378 0.0218 0.5646 0.0741 0.0816 0.0221 
     D244129  3 0.0876 0.1237 0.0788 0.0774 0.0504 0.2418 0.1108 0.1315 0.0981 
     D244133  3 0.1144 0.0724 0.1105 0.0166 0.1242 0.0402 0.2786 0.1575 0.0856 
     D244134  3 0.0369 0.0430 0.0396 0.0253 0.3023 0.1017 0.3648 0.0569 0.0296 
     D244135  3 0.0266 0.7620 0.0453 0.0276 0.0156 0.0214 0.0356 0.0364 0.0294 
     D244136  3 0.1016 0.0610 0.0800 0.0303 0.1760 0.0424 0.1703 0.1460 0.1924 
        D416  3 0.0646 0.1115 0.1567 0.0503 0.0360 0.1587 0.1346 0.1956 0.0920 
        D417  3 0.0696 0.0393 0.0178 0.0413 0.0301 0.0614 0.0274 0.0592 0.6538 
        D419  3 0.0925 0.0854 0.0771 0.0553 0.0752 0.1833 0.1963 0.1176 0.1171 
        D565  3 0.0205 0.0207 0.0151 0.0166 0.7799 0.0186 0.0554 0.0258 0.0474 
        D566  3 0.0894 0.0338 0.1187 0.0210 0.3004 0.0527 0.2375 0.0802 0.0661 
        D567  3 0.0448 0.0984 0.0466 0.0718 0.0236 0.0865 0.0505 0.0567 0.5211 
        D568  3 0.0713 0.1261 0.1322 0.2668 0.0187 0.0904 0.0640 0.1066 0.1240 
        D569  3 0.0675 0.0857 0.0736 0.5347 0.0418 0.0268 0.0529 0.0964 0.0206 
        D573  3 0.0251 0.0202 0.3872 0.0338 0.0322 0.0303 0.1961 0.0752 0.1999 
        D574  3 0.1191 0.0551 0.0507 0.0340 0.2861 0.0683 0.1677 0.1815 0.0374 
        D575  3 0.0259 0.0980 0.0449 0.0312 0.1018 0.1577 0.3865 0.0954 0.0587 
        D576  3 0.1847 0.0334 0.5260 0.0192 0.0274 0.0230 0.1256 0.0507 0.0099 
        D577  3 0.0754 0.1143 0.0315 0.0653 0.0435 0.0301 0.1178 0.0875 0.4346 
        D578  3 0.0192 0.8240 0.0253 0.0133 0.0146 0.0304 0.0179 0.0399 0.0154 
        D579  3 0.0559 0.0557 0.0839 0.1252 0.1766 0.0635 0.1906 0.1016 0.1470 
        D660  3 0.1027 0.0585 0.4266 0.0449 0.0168 0.0860 0.1247 0.1194 0.0203 
        D661  3 0.0846 0.0966 0.2719 0.0990 0.0274 0.0354 0.1991 0.1519 0.0341 
        D663  3 0.1127 0.0307 0.1846 0.0396 0.0232 0.0199 0.3480 0.1771 0.0642 
        D664  3 0.1065 0.1325 0.1180 0.0337 0.0614 0.1952 0.2020 0.1312 0.0195 
        D665  3 0.1938 0.1231 0.0341 0.1018 0.0140 0.0842 0.1684 0.2628 0.0176 
        D666  3 0.0508 0.0465 0.0223 0.0261 0.0936 0.3381 0.2868 0.0745 0.0612 
        D009  4 0.1319 0.1999 0.0245 0.2214 0.0346 0.0874 0.0360 0.1490 0.1152 
        D057  4 0.0272 0.2168 0.0962 0.4941 0.0242 0.0187 0.0487 0.0323 0.0419 
        D109  4 0.0849 0.0687 0.0227 0.0371 0.0512 0.5031 0.0437 0.1402 0.0483 
     D237222  4 0.0999 0.5466 0.0333 0.0466 0.1265 0.0300 0.0296 0.0461 0.0414 
     D237223  4 0.1459 0.1405 0.0841 0.0769 0.1282 0.1900 0.0499 0.1502 0.0344 
     D237224  4 0.0720 0.0523 0.1850 0.2238 0.0351 0.0525 0.1180 0.1089 0.1524 
     D237225  4 0.1091 0.1161 0.0361 0.1378 0.0508 0.0696 0.0859 0.2578 0.1367 
     D237299  4 0.3213 0.0332 0.0255 0.0217 0.0361 0.2004 0.1303 0.2153 0.0162 
     D237300  4 0.0785 0.0261 0.1849 0.0309 0.0424 0.0289 0.5230 0.0657 0.0195 
     D237306  4 0.1323 0.0363 0.0289 0.0476 0.4490 0.1426 0.0242 0.0601 0.0789 
     D237307  4 0.0966 0.0559 0.0555 0.0195 0.1476 0.0350 0.1266 0.0803 0.3830 
     D237308  4 0.0356 0.0400 0.3632 0.2004 0.0904 0.1060 0.0441 0.0779 0.0424 
     D237309  4 0.0958 0.1725 0.0577 0.1467 0.0269 0.1069 0.0599 0.2060 0.1276 
     D237317  4 0.0466 0.0644 0.0338 0.0428 0.3861 0.0564 0.0648 0.1588 0.1464 
     D237318  4 0.0543 0.0200 0.2715 0.0164 0.0212 0.0197 0.5135 0.0549 0.0286 
     D237319  4 0.2591 0.1436 0.0506 0.0456 0.0446 0.1515 0.0591 0.1897 0.0562 
     D237320  4 0.1207 0.1894 0.1229 0.0292 0.0298 0.2784 0.0842 0.0802 0.0651 
     D237321  4 0.0859 0.0413 0.1853 0.0299 0.0502 0.0708 0.3345 0.1305 0.0715 
     D237397  4 0.1144 0.1092 0.1232 0.0395 0.2225 0.1032 0.1230 0.0864 0.0787 
     D237398  4 0.0959 0.0309 0.1175 0.0533 0.0194 0.0292 0.4492 0.1496 0.0550 
     D237399  4 0.0978 0.1111 0.0730 0.0567 0.1923 0.0616 0.2116 0.0815 0.1144 
     D244001  4 0.1086 0.4371 0.1109 0.1294 0.0277 0.0288 0.0352 0.0913 0.0311 
        D289  4 0.0403 0.0751 0.0692 0.2965 0.2634 0.0385 0.0767 0.0728 0.0675 
        D290  4 0.5693 0.0510 0.0304 0.0616 0.0257 0.0363 0.0627 0.0875 0.0755 
        D294  4 0.1396 0.0678 0.0291 0.2977 0.0343 0.0275 0.0741 0.2244 0.1055 
        D295  4 0.1644 0.0472 0.0273 0.0966 0.0541 0.1860 0.0770 0.0648 0.2827 
        D301  4 0.1319 0.4851 0.0476 0.0436 0.0658 0.0670 0.0930 0.0490 0.0170 
        D302  4 0.0610 0.0363 0.0170 0.7017 0.0177 0.0199 0.0314 0.0495 0.0656 
        D303  4 0.0676 0.0320 0.0438 0.0866 0.5430 0.0897 0.0514 0.0482 0.0377 
        D304  4 0.3232 0.0507 0.0262 0.0403 0.0928 0.0232 0.2670 0.1062 0.0706 
        D305  4 0.0425 0.0436 0.0868 0.4999 0.0130 0.0316 0.0294 0.2356 0.0175 
        D306  4 0.5031 0.0506 0.0312 0.0305 0.0309 0.0296 0.0298 0.2505 0.0438 
        D307  4 0.0364 0.6583 0.0203 0.0594 0.0885 0.0339 0.0550 0.0310 0.0173 
        D327  4 0.0620 0.0456 0.0543 0.0453 0.0641 0.0318 0.0665 0.1502 0.4802 
        D328  4 0.1433 0.0333 0.0215 0.4596 0.1258 0.0882 0.0489 0.0527 0.0268 
        D329  4 0.0847 0.0904 0.0917 0.3468 0.0496 0.0629 0.0655 0.1324 0.0759 
        D330  4 0.0958 0.1195 0.0686 0.0706 0.0176 0.2410 0.0309 0.1010 0.2552 
        D331  4 0.2460 0.0530 0.0600 0.0404 0.0797 0.0864 0.1728 0.1010 0.1607 
        D333  4 0.1199 0.0721 0.0686 0.3122 0.1059 0.0963 0.0935 0.0627 0.0688 
        D334  4 0.0505 0.1094 0.0244 0.0686 0.5592 0.0256 0.0377 0.0556 0.0689 
        D335  4 0.0698 0.0289 0.0373 0.5021 0.0343 0.0353 0.0371 0.0574 0.1979 
        D370  4 0.3588 0.0363 0.0381 0.0605 0.0739 0.3034 0.0407 0.0506 0.0377 
        D371  4 0.0410 0.0161 0.0308 0.0246 0.6803 0.0221 0.0426 0.0477 0.0948 
        D372  4 0.2165 0.0144 0.1363 0.0254 0.0247 0.0339 0.4020 0.1334 0.0133 
        D373  4 0.0422 0.6248 0.0607 0.0696 0.0230 0.0199 0.0634 0.0551 0.0413 
        D455  4 0.0288 0.7050 0.0217 0.0985 0.0316 0.0228 0.0338 0.0259 0.0319 
        D490  4 0.0328 0.8066 0.0101 0.0371 0.0232 0.0208 0.0177 0.0253 0.0263 
        D497  4 0.0545 0.6811 0.0200 0.0602 0.0218 0.0469 0.0446 0.0496 0.0213 
        D498  4 0.3540 0.0462 0.0497 0.0382 0.1055 0.1675 0.1002 0.0814 0.0575 
        D499  4 0.0932 0.0240 0.1802 0.1062 0.1148 0.1198 0.1419 0.1908 0.0291 
        D514  4 0.1874 0.0615 0.0327 0.1426 0.0156 0.0584 0.0880 0.1668 0.2470 
        D515  4 0.2750 0.1435 0.0339 0.0382 0.0300 0.2943 0.0338 0.1046 0.0470 
        D516  4 0.0889 0.0816 0.0845 0.0300 0.0693 0.1974 0.1744 0.0945 0.1793 
        D517  4 0.0418 0.5756 0.0332 0.0348 0.0248 0.0879 0.0421 0.1009 0.0589 
        D518  4 0.0387 0.1404 0.0312 0.6250 0.0593 0.0155 0.0228 0.0454 0.0218 
        D519  4 0.1869 0.1909 0.0536 0.0264 0.0258 0.2983 0.0753 0.0864 0.0563 
        D560  4 0.2115 0.1194 0.0791 0.0792 0.0220 0.1549 0.1031 0.1471 0.0837 
        D561  4 0.0799 0.1845 0.0589 0.0849 0.0158 0.0745 0.0306 0.3671 0.1038 
        D562  4 0.1470 0.2416 0.0740 0.1576 0.0449 0.0607 0.0753 0.1511 0.0478 
        D563  4 0.0584 0.0791 0.3640 0.1708 0.0215 0.0468 0.0927 0.1436 0.0231 
        D572  4 0.0406 0.0677 0.0232 0.7107 0.0248 0.0158 0.0275 0.0370 0.0528 
        D629  4 0.0337 0.2743 0.0250 0.0728 0.0227 0.0379 0.2589 0.0940 0.1807 
        D630  4 0.1899 0.2226 0.0401 0.1317 0.0586 0.0519 0.0956 0.0996 0.1100 
        D631  4 0.0363 0.0338 0.0737 0.7164 0.0251 0.0201 0.0292 0.0402 0.0251 
        D632  4 0.0432 0.3179 0.1697 0.2015 0.0173 0.0970 0.0459 0.0565 0.0510 
        D646  4 0.0537 0.0660 0.0785 0.0565 0.0319 0.3761 0.0379 0.1111 0.1883 
        D647  4 0.0831 0.1033 0.0699 0.0983 0.0154 0.0925 0.0329 0.0613 0.4431 
        D648  4 0.3326 0.0201 0.0245 0.4246 0.0503 0.0298 0.0645 0.0347 0.0189 
        D649  4 0.0413 0.0461 0.0216 0.2464 0.0247 0.2478 0.0571 0.0614 0.2536 
        D650  4 0.1026 0.1144 0.0309 0.1078 0.1013 0.0957 0.1300 0.1002 0.2171 
        D708  4 0.1077 0.0424 0.0297 0.2866 0.1604 0.0544 0.1335 0.1386 0.0467 
        D709  4 0.4081 0.0199 0.0237 0.0680 0.0369 0.2720 0.0499 0.0885 0.0330 
        D738  4 0.0486 0.0701 0.0194 0.0307 0.5234 0.1057 0.0340 0.0508 0.1172 
        D739  4 0.2305 0.3877 0.0309 0.0694 0.0275 0.0449 0.0652 0.1140 0.0298 
        D740  4 0.0789 0.0452 0.0514 0.0718 0.1491 0.1608 0.1147 0.3021 0.0260 
        D741  4 0.1154 0.0935 0.1196 0.0363 0.0234 0.2209 0.0486 0.1918 0.1504 
        D742  4 0.0952 0.0829 0.2789 0.0902 0.1175 0.0680 0.1150 0.1097 0.0425 
        D743  4 0.0308 0.0335 0.0504 0.3591 0.0250 0.0208 0.0372 0.0749 0.3684 
        D744  4 0.0215 0.0213 0.0318 0.7526 0.0190 0.0272 0.0435 0.0545 0.0287 
        D745  4 0.1889 0.2290 0.0227 0.0333 0.0231 0.3192 0.0504 0.1012 0.0322 
        D814  4 0.0844 0.1245 0.2950 0.0974 0.0254 0.0217 0.0431 0.2720 0.0365 
        D815  4 0.1908 0.0284 0.0318 0.4075 0.0353 0.0735 0.0458 0.0591 0.1277 
        D828  4 0.5672 0.0292 0.0746 0.0692 0.0745 0.0352 0.0642 0.0714 0.0144 
        D845  4 0.0262 0.0166 0.2357 0.0329 0.0608 0.0204 0.5365 0.0395 0.0313 
        D846  4 0.0509 0.1426 0.1348 0.3714 0.0102 0.0203 0.0520 0.0981 0.1197 
        D847  4 0.1309 0.3040 0.0539 0.0684 0.0904 0.0486 0.0903 0.1095 0.1040 
        D848  4 0.0306 0.6145 0.0777 0.0515 0.0242 0.0185 0.1381 0.0306 0.0143 
        D849  4 0.1791 0.3421 0.0477 0.0722 0.0233 0.0787 0.0552 0.1452 0.0566 
        D850  4 0.0365 0.2088 0.0809 0.0481 0.0739 0.0473 0.1396 0.2106 0.1544 
        D856  4 0.1580 0.0475 0.0271 0.0755 0.0387 0.2731 0.0573 0.2660 0.0568 
        D857  4 0.1270 0.0398 0.0678 0.0318 0.0333 0.6470 0.0175 0.0244 0.0115 
        D859  4 0.0602 0.0312 0.0294 0.6433 0.0199 0.0319 0.0448 0.0655 0.0739 
        D860  4 0.0293 0.0303 0.1101 0.0828 0.4772 0.0310 0.0965 0.0497 0.0929 
        D883  4 0.0972 0.1918 0.0393 0.1109 0.0779 0.1085 0.0941 0.0838 0.1966 
        D884  4 0.1746 0.0761 0.0194 0.0922 0.0773 0.3207 0.0737 0.0862 0.0797 
        D885  4 0.0961 0.0530 0.0690 0.0717 0.0258 0.0433 0.1870 0.3386 0.1154 
        D886  4 0.2060 0.1769 0.0693 0.0789 0.0278 0.1951 0.0463 0.0603 0.1393 
        D887  4 0.1700 0.0595 0.1108 0.1569 0.0601 0.0892 0.1585 0.1077 0.0872 
        D889  4 0.2733 0.0256 0.0356 0.0503 0.0218 0.0207 0.4179 0.1138 0.0410 
        D890  4 0.2099 0.0722 0.0716 0.1016 0.0813 0.1145 0.2254 0.0830 0.0405 
        D891  4 0.0261 0.0139 0.2699 0.0116 0.0131 0.0140 0.5973 0.0410 0.0132 
        D899  4 0.0808 0.0375 0.4473 0.0775 0.0946 0.0292 0.1380 0.0588 0.0362 
        D900  4 0.1352 0.1189 0.0902 0.1585 0.0719 0.0817 0.0538 0.1705 0.1195 
        D970  4 0.0408 0.0617 0.0478 0.4665 0.0521 0.0485 0.0779 0.0860 0.1187 
        D971  4 0.0707 0.0334 0.3958 0.1585 0.0609 0.0882 0.0344 0.0908 0.0673 
        D979  4 0.0643 0.0279 0.0312 0.3246 0.0369 0.0253 0.0524 0.0827 0.3547 
        D093  5 0.0432 0.0207 0.0257 0.0311 0.7487 0.0291 0.0373 0.0291 0.0352 
        D154  5 0.1646 0.0213 0.1432 0.0433 0.0420 0.0494 0.2118 0.2917 0.0328 
        D168  5 0.0986 0.1160 0.2555 0.0315 0.0233 0.0592 0.1945 0.1717 0.0496 
        D189  5 0.2502 0.0272 0.0658 0.0393 0.3540 0.0365 0.1168 0.0724 0.0379 
        D190  5 0.0546 0.0187 0.0296 0.0563 0.6146 0.0597 0.0871 0.0428 0.0366 
     D237220  5 0.1155 0.1590 0.0235 0.1409 0.1415 0.1410 0.1269 0.1145 0.0373 
     D237221  5 0.0571 0.0318 0.1074 0.0728 0.2338 0.0910 0.2593 0.0700 0.0768 
     D237274  5 0.0611 0.0255 0.0622 0.1987 0.0162 0.1088 0.0330 0.0981 0.3964 
     D237275  5 0.1971 0.0223 0.5059 0.0188 0.0313 0.0537 0.0870 0.0679 0.0160 
     D237276  5 0.2236 0.0690 0.0336 0.0612 0.2016 0.1558 0.0630 0.0783 0.1139 
     D237277  5 0.0469 0.0196 0.0533 0.0630 0.4763 0.0416 0.2319 0.0440 0.0234 
     D237278  5 0.0763 0.0817 0.2950 0.0911 0.1933 0.0825 0.0291 0.0882 0.0628 
     D237279  5 0.0209 0.1102 0.0233 0.0661 0.0203 0.2254 0.0755 0.4256 0.0327 
     D237280  5 0.0585 0.1459 0.0234 0.0873 0.0819 0.2558 0.0915 0.1438 0.1118 
     D237281  5 0.0293 0.0185 0.4564 0.0320 0.0304 0.0231 0.2405 0.1066 0.0632 
     D237351  5 0.0284 0.0296 0.0181 0.0282 0.0490 0.6175 0.1577 0.0480 0.0233 
     D237352  5 0.0624 0.3277 0.0628 0.2184 0.0613 0.0352 0.1043 0.0598 0.0682 
     D237353  5 0.0395 0.0147 0.0233 0.0422 0.6312 0.0634 0.1390 0.0271 0.0195 
     D237359  5 0.1667 0.1514 0.0316 0.1059 0.0702 0.0673 0.2234 0.1336 0.0500 
     D237361  5 0.0345 0.0190 0.0215 0.0188 0.7728 0.0407 0.0387 0.0329 0.0211 
     D237362  5 0.0822 0.0378 0.0370 0.0430 0.0709 0.0600 0.3859 0.1808 0.1024 
     D237363  5 0.0491 0.0241 0.1109 0.0191 0.0349 0.0401 0.0926 0.5916 0.0377 
     D237364  5 0.1586 0.1047 0.1360 0.1386 0.0169 0.0836 0.1035 0.1759 0.0823 
     D237376  5 0.5538 0.0178 0.0277 0.1036 0.1195 0.0367 0.0926 0.0329 0.0154 
     D237377  5 0.0332 0.0390 0.0427 0.0581 0.1560 0.2917 0.1118 0.1567 0.1107 
     D237378  5 0.1547 0.0396 0.0604 0.1147 0.4075 0.0372 0.0774 0.0842 0.0243 
     D237379  5 0.1843 0.0504 0.0394 0.2287 0.2168 0.0360 0.0653 0.1395 0.0396 
     D237380  5 0.1927 0.0294 0.0158 0.1438 0.0645 0.4524 0.0152 0.0583 0.0279 
     D237381  5 0.1021 0.1925 0.0578 0.1596 0.0769 0.2273 0.0549 0.1017 0.0273 
     D237391  5 0.0273 0.0200 0.0194 0.0217 0.7436 0.0344 0.0602 0.0406 0.0329 
     D237392  5 0.0994 0.0394 0.1906 0.0565 0.0254 0.0966 0.0515 0.1475 0.2930 
     D237393  5 0.0549 0.0612 0.0609 0.0533 0.2075 0.1010 0.0556 0.0601 0.3455 
     D237394  5 0.0175 0.0224 0.0117 0.0270 0.7698 0.0243 0.0803 0.0292 0.0178 
     D237395  5 0.2184 0.0668 0.0524 0.0264 0.2188 0.0845 0.2051 0.0948 0.0327 
     D237396  5 0.0220 0.0980 0.0990 0.0506 0.2051 0.0723 0.0567 0.1440 0.2524 
     D244016  5 0.0707 0.0240 0.0303 0.1521 0.1424 0.0403 0.3354 0.1818 0.0229 
     D244018  5 0.0318 0.0610 0.2934 0.0359 0.2503 0.0606 0.0744 0.1066 0.0861 
     D244019  5 0.1089 0.0227 0.0726 0.0561 0.0360 0.0646 0.3772 0.2010 0.0610 
        D279  5 0.1332 0.0419 0.0683 0.1192 0.0794 0.0462 0.3151 0.1547 0.0421 
        D280  5 0.0723 0.0939 0.0545 0.0264 0.1472 0.0954 0.1713 0.2033 0.1356 
        D281  5 0.0953 0.0171 0.2412 0.0322 0.0761 0.0208 0.3560 0.1299 0.0313 
        D283  5 0.0272 0.0329 0.0391 0.0405 0.3634 0.0702 0.1556 0.0918 0.1793 
        D284  5 0.1980 0.2406 0.0593 0.0445 0.0374 0.0949 0.1019 0.1464 0.0770 
        D285  5 0.1098 0.0290 0.0239 0.0772 0.3482 0.0639 0.1882 0.0918 0.0681 
        D286  5 0.2251 0.0658 0.0319 0.1380 0.1970 0.0650 0.0904 0.0881 0.0986 
        D287  5 0.4576 0.0375 0.0304 0.0812 0.1113 0.0563 0.1257 0.0846 0.0154 
        D288  5 0.0254 0.0340 0.0408 0.0251 0.0715 0.0765 0.3443 0.1486 0.2337 
        D308  5 0.0302 0.0216 0.0202 0.0247 0.0381 0.7345 0.0216 0.0384 0.0706 
        D309  5 0.0224 0.0310 0.0153 0.8179 0.0208 0.0204 0.0171 0.0303 0.0247 
        D310  5 0.0561 0.0152 0.0145 0.0180 0.6628 0.0286 0.0391 0.1470 0.0186 
        D311  5 0.2032 0.0370 0.0300 0.1442 0.0946 0.0418 0.1394 0.2144 0.0954 
        D312  5 0.1333 0.1016 0.0514 0.1787 0.1366 0.0448 0.1436 0.0996 0.1104 
        D313  5 0.0207 0.3781 0.0136 0.0124 0.0355 0.4815 0.0138 0.0287 0.0157 
        D314  5 0.2188 0.0607 0.0758 0.0704 0.0502 0.1005 0.2348 0.1605 0.0283 
        D315  5 0.0853 0.0835 0.0561 0.0516 0.2183 0.1113 0.0635 0.1073 0.2230 
        D317  5 0.0456 0.0261 0.0178 0.0174 0.7491 0.0199 0.0409 0.0326 0.0506 
        D318  5 0.0991 0.1759 0.0976 0.1254 0.0550 0.0509 0.0584 0.2489 0.0888 
        D319  5 0.0350 0.0136 0.0232 0.0199 0.7360 0.0710 0.0367 0.0315 0.0332 
        D320  5 0.0492 0.0329 0.0188 0.0714 0.5888 0.0712 0.0855 0.0458 0.0365 
        D321  5 0.0218 0.0264 0.0209 0.0234 0.0672 0.5800 0.1287 0.0607 0.0709 
        D336  5 0.1907 0.0193 0.0173 0.0483 0.5939 0.0277 0.0204 0.0625 0.0200 
        D337  5 0.0317 0.0158 0.0304 0.0355 0.7503 0.0211 0.0661 0.0279 0.0213 
        D338  5 0.1652 0.0651 0.0550 0.0627 0.1546 0.0554 0.1427 0.1205 0.1788 
        D339  5 0.0690 0.0202 0.0537 0.0273 0.5591 0.0587 0.0755 0.0918 0.0445 
        D347  5 0.4469 0.0294 0.0927 0.0713 0.0422 0.0436 0.0374 0.1228 0.1135 
        D348  5 0.0544 0.0191 0.0272 0.1577 0.5979 0.0227 0.0281 0.0669 0.0259 
        D349  5 0.0207 0.0185 0.0162 0.0261 0.0365 0.7853 0.0569 0.0242 0.0156 
        D350  5 0.0285 0.0185 0.0148 0.8359 0.0170 0.0234 0.0245 0.0212 0.0162 
        D355  5 0.1072 0.0161 0.2373 0.0822 0.0289 0.0345 0.2271 0.1517 0.1150 
        D356  5 0.1024 0.1220 0.0267 0.0533 0.2077 0.0678 0.0689 0.0790 0.2722 
        D357  5 0.3471 0.0385 0.0452 0.0605 0.0537 0.1247 0.0900 0.1879 0.0523 
        D358  5 0.0640 0.0690 0.0423 0.1508 0.3621 0.0934 0.0484 0.1222 0.0477 
        D359  5 0.0227 0.0175 0.0173 0.1188 0.3506 0.1159 0.0682 0.1003 0.1886 
        D360  5 0.0710 0.1553 0.0249 0.0382 0.3926 0.0487 0.0863 0.0618 0.1212 
        D361  5 0.0173 0.0171 0.0182 0.0137 0.0249 0.8238 0.0258 0.0283 0.0309 
        D366  5 0.0215 0.0368 0.3321 0.0211 0.0245 0.0285 0.0281 0.0392 0.4682 
        D367  5 0.1293 0.0330 0.0234 0.1085 0.3945 0.1158 0.0455 0.1256 0.0244 
        D368  5 0.0485 0.0346 0.0231 0.0390 0.1090 0.3826 0.1046 0.1688 0.0899 
        D380  5 0.0346 0.0801 0.0472 0.4179 0.0307 0.0404 0.1612 0.1503 0.0375 
        D381  5 0.0307 0.0174 0.0434 0.0751 0.4374 0.0576 0.1114 0.1588 0.0682 
        D400  5 0.2078 0.0449 0.0878 0.1657 0.2055 0.0301 0.0940 0.0920 0.0724 
        D411  5 0.0735 0.6716 0.0299 0.0198 0.0117 0.0508 0.0593 0.0650 0.0182 
        D412  5 0.1401 0.1461 0.1036 0.0603 0.0528 0.0589 0.0711 0.3027 0.0643 
        D413  5 0.0365 0.0724 0.5220 0.0746 0.0284 0.0258 0.0795 0.0891 0.0717 
        D414  5 0.0737 0.0148 0.0731 0.6504 0.0183 0.0320 0.0547 0.0569 0.0262 
        D420  5 0.1223 0.3045 0.0322 0.0245 0.0319 0.0507 0.2901 0.1207 0.0231 
        D431  5 0.2043 0.0489 0.0498 0.0976 0.0412 0.1503 0.2347 0.1545 0.0187 
        D432  5 0.0505 0.0704 0.0703 0.0408 0.5154 0.0578 0.0557 0.0716 0.0674 
        D433  5 0.0743 0.0205 0.0337 0.0325 0.5056 0.0942 0.1266 0.0457 0.0669 
        D434  5 0.0771 0.0358 0.0299 0.0393 0.3707 0.1720 0.1076 0.0771 0.0905 
        D440  5 0.0262 0.0176 0.0171 0.8282 0.0266 0.0245 0.0158 0.0264 0.0178 
        D447  5 0.0617 0.1652 0.0869 0.1306 0.0223 0.0666 0.0280 0.2734 0.1653 
        D448  5 0.3701 0.0210 0.0440 0.0449 0.2609 0.0283 0.0745 0.0904 0.0659 
        D459  5 0.0397 0.0222 0.4768 0.0590 0.0312 0.0244 0.1829 0.0781 0.0856 
        D460  5 0.0165 0.0219 0.0209 0.0244 0.0547 0.7307 0.0386 0.0313 0.0609 
        D461  5 0.0193 0.0175 0.0151 0.7982 0.0199 0.0190 0.0302 0.0274 0.0532 
        D468  5 0.1749 0.0385 0.0467 0.0231 0.0677 0.0603 0.2934 0.1929 0.1027 
        D469  5 0.0724 0.0696 0.0286 0.0589 0.0618 0.0668 0.1084 0.0910 0.4425 
        D470  5 0.2235 0.1926 0.0274 0.0989 0.0657 0.0462 0.1262 0.1608 0.0586 
        D471  5 0.2440 0.0163 0.0372 0.0550 0.3692 0.0295 0.1041 0.0735 0.0712 
        D472  5 0.0167 0.0231 0.0906 0.0170 0.0230 0.0181 0.0688 0.0333 0.7094 
        D479  5 0.1041 0.0312 0.5667 0.1365 0.0191 0.0244 0.0487 0.0397 0.0296 
        D485  5 0.4468 0.0560 0.0455 0.1782 0.0445 0.0413 0.0678 0.0858 0.0342 
        D486  5 0.3203 0.1071 0.0389 0.0341 0.0489 0.0519 0.1877 0.1260 0.0851 
        D487  5 0.1073 0.0321 0.1091 0.1583 0.1855 0.0679 0.1932 0.1141 0.0324 
        D555  5 0.0367 0.0199 0.0595 0.0217 0.7609 0.0232 0.0279 0.0289 0.0214 
        D556  5 0.0735 0.0372 0.0261 0.1763 0.0750 0.0925 0.4175 0.0700 0.0319 
