        D174  1 0.0793 0.0313 0.0536 0.0233 0.0690 0.0634 0.3357 0.0156 0.1178 0.0472 0.0744 0.0894 
        D199  1 0.0345 0.1253 0.0887 0.1233 0.1158 0.0863 0.1144 0.0353 0.0353 0.1186 0.0963 0.0263 
        D203  1 0.0167 0.0956 0.0574 0.0949 0.0748 0.0476 0.0489 0.0380 0.1317 0.2342 0.0570 0.1032 
        D204  1 0.0251 0.0424 0.0308 0.0188 0.0343 0.0196 0.0197 0.1089 0.0228 0.6259 0.0279 0.0238 
     D237366  1 0.0246 0.0345 0.0537 0.0416 0.0712 0.3442 0.0461 0.0676 0.1708 0.0358 0.0895 0.0205 
     D237367  1 0.1058 0.0969 0.0498 0.0257 0.1118 0.1687 0.0368 0.0374 0.0771 0.1079 0.1315 0.0507 
     D237368  1 0.0373 0.0641 0.0315 0.0240 0.0663 0.2879 0.1026 0.0480 0.0291 0.1758 0.0892 0.0441 
     D244101  1 0.0288 0.0652 0.0350 0.0968 0.0785 0.0218 0.0167 0.4286 0.0256 0.0815 0.0907 0.0308 
     D244102  1 0.0650 0.0348 0.2825 0.0494 0.0746 0.0725 0.0415 0.0567 0.0465 0.0599 0.0729 0.1437 
     D244103  1 0.0990 0.0371 0.0492 0.0282 0.1863 0.0895 0.0339 0.0349 0.1210 0.0917 0.1956 0.0336 
     D244104  1 0.1339 0.0327 0.0156 0.0361 0.0302 0.0317 0.0550 0.0246 0.0231 0.5661 0.0306 0.0205 
     D244105  1 0.0291 0.0180 0.0288 0.0385 0.1077 0.0571 0.0157 0.0153 0.4995 0.0239 0.0993 0.0671 
     D244106  1 0.0211 0.0624 0.0601 0.0439 0.0513 0.0209 0.4899 0.0219 0.0879 0.0516 0.0651 0.0238 
     D244107  1 0.0441 0.0623 0.0180 0.0271 0.1049 0.3674 0.0150 0.0687 0.0391 0.0372 0.0786 0.1377 
     D244108  1 0.0298 0.0256 0.0763 0.0331 0.0450 0.0190 0.2722 0.0305 0.0407 0.0339 0.0553 0.3385 
     D244113  1 0.1109 0.0412 0.2914 0.0192 0.0488 0.0287 0.2714 0.0704 0.0192 0.0154 0.0563 0.0270 
     D244114  1 0.0259 0.0390 0.0473 0.0791 0.1801 0.0266 0.0537 0.0395 0.2537 0.0318 0.1882 0.0350 
     D244115  1 0.0391 0.0222 0.0461 0.0280 0.1477 0.0486 0.1499 0.0235 0.0488 0.1323 0.1389 0.1750 
     D267365  1 0.0439 0.0248 0.0447 0.1567 0.0805 0.0983 0.1133 0.0345 0.0403 0.2571 0.0695 0.0365 
        D404  1 0.0383 0.0276 0.5144 0.0181 0.0367 0.0204 0.1448 0.0693 0.0287 0.0223 0.0342 0.0450 
        D405  1 0.0511 0.0552 0.5039 0.0294 0.0518 0.0245 0.0310 0.0310 0.0401 0.0899 0.0435 0.0487 
        D406  1 0.0149 0.0167 0.0241 0.0199 0.0401 0.4401 0.0431 0.0443 0.0676 0.0639 0.0378 0.1874 
        D407  1 0.0741 0.1517 0.0305 0.0171 0.0833 0.1306 0.0370 0.0203 0.0264 0.3305 0.0818 0.0166 
        D408  1 0.2328 0.0183 0.0540 0.1161 0.0574 0.0201 0.2744 0.0374 0.0196 0.0706 0.0540 0.0455 
        D409  1 0.0636 0.0400 0.0434 0.0397 0.2731 0.0390 0.0368 0.0318 0.0305 0.0913 0.2576 0.0532 
        D410  1 0.0236 0.0129 0.0239 0.0152 0.0251 0.0196 0.0199 0.0257 0.0207 0.0471 0.0229 0.7434 
        D421  1 0.0169 0.0519 0.0099 0.0138 0.0210 0.0132 0.0202 0.0107 0.0117 0.8066 0.0139 0.0102 
        D422  1 0.0190 0.0274 0.0212 0.0276 0.0372 0.6221 0.0174 0.0144 0.0793 0.0687 0.0431 0.0227 
        D423  1 0.0179 0.0668 0.0338 0.0172 0.0422 0.0738 0.0177 0.0162 0.0541 0.0509 0.0451 0.5643 
        D424  1 0.0329 0.0228 0.0297 0.0145 0.1043 0.0379 0.0456 0.0248 0.0578 0.5021 0.1052 0.0226 
        D425  1 0.0543 0.0219 0.1133 0.0434 0.1487 0.0303 0.0687 0.0243 0.0870 0.1727 0.1370 0.0985 
        D426  1 0.1042 0.0384 0.0131 0.0735 0.2853 0.0578 0.0223 0.0197 0.0297 0.0406 0.3008 0.0144 
        D427  1 0.0286 0.3216 0.0105 0.0224 0.0216 0.0227 0.1358 0.0149 0.0156 0.3655 0.0279 0.0131 
        D428  1 0.0670 0.0487 0.1305 0.0332 0.1078 0.0843 0.1378 0.0733 0.0232 0.1341 0.0942 0.0659 
        D429  1 0.0221 0.0293 0.0814 0.0419 0.0557 0.0233 0.1180 0.0305 0.1257 0.3842 0.0588 0.0290 
        D430  1 0.0435 0.0463 0.0946 0.0857 0.1512 0.0346 0.1091 0.0223 0.1243 0.0614 0.1931 0.0338 
        D491  1 0.0689 0.0118 0.0455 0.0379 0.0391 0.0256 0.5574 0.0282 0.0206 0.0909 0.0380 0.0362 
        D492  1 0.0245 0.0595 0.1040 0.0275 0.1300 0.0790 0.0995 0.0486 0.0401 0.2282 0.1241 0.0350 
        D537  1 0.1004 0.0430 0.0583 0.0158 0.0706 0.0673 0.0287 0.0777 0.1118 0.2834 0.0592 0.0838 
        D538  1 0.0305 0.0672 0.1425 0.0326 0.1519 0.0983 0.0798 0.0447 0.0360 0.0697 0.1335 0.1132 
        D539  1 0.0600 0.0374 0.0795 0.2011 0.0753 0.0359 0.1128 0.0445 0.1965 0.0312 0.0844 0.0414 
        D540  1 0.3081 0.0210 0.0436 0.0481 0.0878 0.0699 0.0202 0.0241 0.0327 0.1890 0.1040 0.0515 
        D541  1 0.0158 0.0179 0.0127 0.0159 0.0160 0.0138 0.0117 0.0174 0.0122 0.8358 0.0165 0.0143 
        D551  1 0.0501 0.0883 0.0233 0.0985 0.2164 0.0490 0.0360 0.0188 0.1313 0.0309 0.2381 0.0192 
        D552  1 0.0809 0.0314 0.0205 0.0424 0.0989 0.0792 0.1663 0.0708 0.0532 0.1231 0.1022 0.1312 
        D553  1 0.0229 0.0112 0.0084 0.0176 0.0138 0.0165 0.0160 0.0142 0.0133 0.8379 0.0149 0.0132 
        D615  1 0.0307 0.0444 0.0652 0.0400 0.0603 0.0312 0.0498 0.0199 0.0548 0.4650 0.0661 0.0727 
        D616  1 0.0441 0.0913 0.0249 0.0464 0.0994 0.0678 0.0449 0.0221 0.0493 0.2999 0.1152 0.0946 
        D621  1 0.0583 0.0267 0.0575 0.0293 0.0466 0.1352 0.0784 0.2273 0.0430 0.0137 0.0502 0.2338 
        D622  1 0.0610 0.0236 0.0243 0.0283 0.0626 0.2792 0.0439 0.0558 0.1455 0.0309 0.0663 0.1785 
        D623  1 0.0242 0.1221 0.1979 0.0386 0.0729 0.0226 0.2011 0.1352 0.0197 0.0183 0.0648 0.0825 
        D624  1 0.0360 0.0129 0.0201 0.0244 0.0812 0.0299 0.6424 0.0127 0.0355 0.0320 0.0561 0.0168 
        D625  1 0.0271 0.0194 0.0182 0.0199 0.0535 0.0381 0.0475 0.0724 0.0457 0.5182 0.0641 0.0760 
        D626  1 0.2227 0.0305 0.0318 0.0415 0.0594 0.0771 0.2198 0.0215 0.1055 0.0430 0.0605 0.0867 
        D627  1 0.0282 0.0274 0.0207 0.1270 0.2368 0.0772 0.0398 0.0239 0.0428 0.0762 0.2827 0.0173 
        D690  1 0.0238 0.0111 0.0146 0.0126 0.0179 0.0294 0.0322 0.0214 0.0185 0.7462 0.0198 0.0524 
        D691  1 0.0289 0.0245 0.0130 0.0295 0.0318 0.3871 0.0492 0.0284 0.2443 0.0599 0.0352 0.0684 
        D710  1 0.0773 0.0389 0.0397 0.0408 0.0969 0.1023 0.1082 0.1049 0.0235 0.1915 0.1119 0.0641 
        D711  1 0.0114 0.0228 0.0323 0.0193 0.0269 0.0299 0.0269 0.0439 0.0254 0.7092 0.0261 0.0260 
        D712  1 0.0716 0.0290 0.0698 0.0748 0.0561 0.0828 0.4291 0.0420 0.0283 0.0318 0.0554 0.0294 
        D713  1 0.0520 0.0203 0.1948 0.0204 0.0991 0.0685 0.0995 0.1141 0.1025 0.0588 0.0939 0.0760 
        D746  1 0.0485 0.0374 0.0144 0.0213 0.0482 0.4858 0.0334 0.0362 0.0747 0.0944 0.0309 0.0749 
        D747  1 0.0122 0.0202 0.0172 0.0208 0.0202 0.0146 0.0174 0.0248 0.0170 0.8064 0.0162 0.0129 
        D748  1 0.0481 0.0199 0.0206 0.0239 0.0490 0.0915 0.0371 0.0720 0.3616 0.1044 0.0551 0.1167 
        D749  1 0.0201 0.0386 0.0751 0.0295 0.2241 0.1531 0.0801 0.0433 0.0806 0.0232 0.1635 0.0685 
        D750  1 0.0281 0.0222 0.0255 0.0226 0.0409 0.0314 0.4901 0.0346 0.0429 0.1577 0.0359 0.0681 
        D763  1 0.1437 0.0921 0.0281 0.1417 0.1022 0.0746 0.0180 0.1438 0.0817 0.0482 0.0950 0.0310 
        D764  1 0.0330 0.0172 0.0146 0.0167 0.0357 0.0357 0.1771 0.0162 0.0232 0.5175 0.0366 0.0766 
        D765  1 0.0210 0.0151 0.0390 0.0328 0.0535 0.0555 0.0803 0.0128 0.0575 0.0340 0.0624 0.5362 
        D766  1 0.0862 0.0268 0.0291 0.0160 0.0599 0.0509 0.0403 0.0960 0.0767 0.0324 0.0558 0.4299 
        D767  1 0.0271 0.0693 0.1899 0.0275 0.0834 0.0835 0.0259 0.1471 0.0880 0.0789 0.0955 0.0840 
        D768  1 0.0200 0.0215 0.0168 0.0157 0.0292 0.0280 0.0132 0.0169 0.0389 0.7428 0.0320 0.0250 
        D811  1 0.3534 0.0161 0.2444 0.0243 0.0473 0.0151 0.0613 0.0162 0.0239 0.0151 0.0492 0.1337 
        D816  1 0.0147 0.0154 0.0244 0.0227 0.0262 0.0233 0.0218 0.0221 0.0204 0.7654 0.0272 0.0164 
        D825  1 0.0600 0.0155 0.1284 0.0237 0.0780 0.0326 0.1231 0.0202 0.0336 0.0675 0.0816 0.3358 
        D866  1 0.0565 0.0764 0.0465 0.2831 0.0898 0.0255 0.1288 0.0150 0.0377 0.0718 0.0980 0.0708 
        D867  1 0.0297 0.0513 0.0409 0.0190 0.0485 0.5396 0.0263 0.1084 0.0345 0.0171 0.0537 0.0310 
        D871  1 0.0746 0.0198 0.0444 0.0469 0.2619 0.0362 0.0557 0.0422 0.0362 0.0792 0.2779 0.0248 
        D872  1 0.0321 0.0415 0.1422 0.0249 0.0663 0.0701 0.0387 0.0468 0.0355 0.1394 0.0687 0.2940 
        D873  1 0.0162 0.0231 0.1302 0.0117 0.0301 0.0425 0.0155 0.0415 0.0157 0.0095 0.0326 0.6313 
        D874  1 0.0254 0.0193 0.0348 0.0275 0.0362 0.0155 0.0952 0.6095 0.0328 0.0442 0.0384 0.0212 
        D875  1 0.0441 0.0158 0.0331 0.0248 0.2601 0.0668 0.0203 0.0350 0.0778 0.0336 0.2782 0.1105 
        D876  1 0.0409 0.0198 0.0398 0.0495 0.0782 0.0533 0.1131 0.0912 0.0404 0.3246 0.0841 0.0651 
        D877  1 0.0319 0.0220 0.5888 0.0179 0.0478 0.0118 0.0873 0.0551 0.0338 0.0250 0.0501 0.0284 
        D892  1 0.0169 0.0175 0.0436 0.0215 0.0632 0.1125 0.1943 0.0384 0.2360 0.1397 0.0616 0.0549 
        D893  1 0.0486 0.0295 0.0210 0.0537 0.0471 0.0754 0.0161 0.0347 0.0533 0.5235 0.0590 0.0382 
        D894  1 0.0171 0.0211 0.0283 0.0266 0.0512 0.0287 0.0341 0.0301 0.0331 0.6583 0.0465 0.0249 
        D915  1 0.0313 0.0245 0.0277 0.0340 0.0508 0.0567 0.0488 0.0233 0.1814 0.3248 0.0498 0.1468 
        D916  1 0.0109 0.0120 0.0103 0.0122 0.0131 0.0135 0.0141 0.0128 0.0147 0.8579 0.0146 0.0138 
        D917  1 0.0351 0.0390 0.0759 0.1220 0.1569 0.0439 0.1469 0.1016 0.0243 0.0962 0.1357 0.0224 
        D925  1 0.0315 0.0179 0.0348 0.0369 0.0382 0.0490 0.0762 0.0142 0.0199 0.2478 0.0384 0.3952 
        D926  1 0.0290 0.0188 0.0354 0.0392 0.1559 0.0416 0.0422 0.0697 0.0956 0.2508 0.1840 0.0377 
        D927  1 0.0277 0.1912 0.0462 0.1214 0.1124 0.0791 0.0582 0.0398 0.0457 0.1384 0.1162 0.0238 
        D928  1 0.0206 0.0164 0.0534 0.0158 0.0247 0.0126 0.6880 0.0190 0.0115 0.0844 0.0220 0.0316 
        D929  1 0.0316 0.0250 0.2607 0.0276 0.0583 0.0751 0.0502 0.2903 0.0573 0.0312 0.0645 0.0280 
        D936  1 0.0289 0.0266 0.0410 0.0909 0.0414 0.0225 0.0244 0.1796 0.0666 0.3701 0.0705 0.0375 
        D938  1 0.0697 0.0185 0.0194 0.0235 0.0408 0.3877 0.0247 0.0760 0.0904 0.0240 0.0401 0.1852 
        D956  1 0.0360 0.0325 0.1321 0.0250 0.0547 0.0191 0.4460 0.0272 0.0435 0.0647 0.0782 0.0412 
        D957  1 0.0149 0.0314 0.0780 0.0256 0.0454 0.0410 0.0264 0.0373 0.0339 0.0650 0.0471 0.5541 
        D958  1 0.0416 0.0213 0.0470 0.0161 0.0597 0.0477 0.1048 0.0821 0.0503 0.0757 0.0511 0.4026 
        D959  1 0.0621 0.1351 0.0305 0.0146 0.0961 0.1464 0.0298 0.0151 0.0435 0.3195 0.0894 0.0179 
        D960  1 0.0131 0.0217 0.1079 0.0234 0.0495 0.3963 0.0425 0.0413 0.1080 0.0256 0.0604 0.1103 
        D989  1 0.0624 0.0651 0.0375 0.0791 0.0646 0.0356 0.4678 0.0232 0.0468 0.0410 0.0554 0.0213 
        D990  1 0.0175 0.0308 0.0147 0.1539 0.0790 0.0524 0.0511 0.0245 0.0222 0.0142 0.0779 0.4619 
        D023  2 0.0180 0.0171 0.0103 0.0126 0.0201 0.8136 0.0129 0.0191 0.0121 0.0299 0.0213 0.0129 
        D130  2 0.0204 0.0463 0.0810 0.0193 0.0410 0.4824 0.0183 0.0253 0.0965 0.0846 0.0474 0.0374 
        D131  2 0.1239 0.0280 0.0210 0.0698 0.1989 0.0274 0.0390 0.0489 0.0426 0.1322 0.2133 0.0549 
        D163  2 0.0278 0.0157 0.0195 0.0351 0.0545 0.5143 0.0395 0.0394 0.0804 0.0683 0.0675 0.0381 
        D164  2 0.0255 0.5042 0.0167 0.0138 0.0200 0.0235 0.0118 0.0201 0.0164 0.0104 0.0176 0.3200 
        D165  2 0.0269 0.0278 0.0112 0.0230 0.0210 0.7446 0.0184 0.0260 0.0206 0.0375 0.0242 0.0186 
        D166  2 0.0621 0.0365 0.2652 0.0430 0.1395 0.0457 0.0172 0.0597 0.1142 0.0323 0.1358 0.0488 
        D167  2 0.0150 0.6656 0.1428 0.0221 0.0248 0.0148 0.0311 0.0113 0.0122 0.0172 0.0267 0.0164 
        D192  2 0.0187 0.7819 0.0285 0.0308 0.0217 0.0162 0.0228 0.0225 0.0146 0.0107 0.0178 0.0140 
        D193  2 0.0170 0.0201 0.5565 0.0393 0.0643 0.0179 0.0409 0.0281 0.1147 0.0193 0.0587 0.0232 
        D206  2 0.3405 0.2271 0.0265 0.0293 0.0826 0.0407 0.0174 0.0300 0.0658 0.0402 0.0755 0.0243 
        D207  2 0.0315 0.4545 0.1306 0.0562 0.0724 0.0228 0.0208 0.0201 0.0431 0.0315 0.0858 0.0307 
        D208  2 0.1801 0.0436 0.0493 0.2093 0.0872 0.0473 0.1169 0.0325 0.0711 0.0552 0.0751 0.0323 
        D209  2 0.0746 0.3156 0.0357 0.0252 0.1540 0.0326 0.0263 0.0980 0.0210 0.0257 0.1518 0.0397 
        D210  2 0.0281 0.0698 0.0251 0.1582 0.0460 0.0211 0.4201 0.0324 0.0592 0.0584 0.0571 0.0243 
     D229599  2 0.0347 0.0420 0.0504 0.1649 0.1161 0.0949 0.0438 0.1258 0.0402 0.1165 0.1185 0.0523 
     D229600  2 0.0194 0.2852 0.0520 0.0314 0.0750 0.2948 0.0212 0.0227 0.0716 0.0262 0.0598 0.0407 
     D237227  2 0.0339 0.0503 0.0208 0.0984 0.0636 0.0616 0.3422 0.0198 0.0206 0.0476 0.0623 0.1790 
     D237228  2 0.0190 0.0330 0.0488 0.0539 0.0791 0.0166 0.0760 0.0149 0.0262 0.0128 0.0730 0.5466 
     D237258  2 0.0893 0.1464 0.0965 0.0775 0.0941 0.1318 0.0653 0.0386 0.0356 0.0610 0.1096 0.0543 
     D237310  2 0.0272 0.0447 0.1132 0.0241 0.0491 0.0241 0.0331 0.0312 0.0472 0.0106 0.0396 0.5558 
     D237311  2 0.0200 0.1319 0.0431 0.0208 0.0338 0.0248 0.0247 0.0163 0.0495 0.0108 0.0273 0.5969 
     D237312  2 0.0343 0.0189 0.1701 0.0211 0.0610 0.0514 0.0388 0.0389 0.1751 0.0175 0.0685 0.3043 
     D237313  2 0.2311 0.0236 0.0455 0.0820 0.1038 0.0317 0.0563 0.0527 0.0650 0.0775 0.0981 0.1327 
     D237322  2 0.0570 0.0398 0.0695 0.1435 0.1492 0.0288 0.0594 0.0643 0.0837 0.0211 0.1616 0.1222 
     D237323  2 0.0190 0.0260 0.0415 0.0605 0.0438 0.0580 0.1171 0.0226 0.0305 0.0148 0.0419 0.5243 
     D237324  2 0.0259 0.1471 0.0178 0.0860 0.1768 0.1204 0.0135 0.0432 0.0444 0.0484 0.2276 0.0489 
     D237325  2 0.0251 0.0569 0.0442 0.0294 0.0580 0.0591 0.0596 0.0454 0.2103 0.0171 0.0578 0.3369 
     D237326  2 0.0137 0.0246 0.0221 0.0232 0.0355 0.0320 0.0413 0.0346 0.0370 0.0327 0.0291 0.6741 
     D237327  2 0.0321 0.0561 0.0267 0.2627 0.1375 0.0796 0.0265 0.0837 0.0573 0.0427 0.1693 0.0256 
     D237337  2 0.0168 0.0134 0.0195 0.0190 0.0178 0.0195 0.0203 0.0179 0.0332 0.0138 0.0277 0.7812 
     D237338  2 0.0439 0.0537 0.0277 0.0745 0.1016 0.0747 0.1082 0.0824 0.1514 0.0366 0.1017 0.1436 
     D237339  2 0.0236 0.1069 0.0425 0.0409 0.0876 0.0182 0.0180 0.5295 0.0308 0.0227 0.0584 0.0210 
     D237340  2 0.0246 0.1396 0.0729 0.0364 0.0438 0.0366 0.0976 0.0240 0.0727 0.0128 0.0614 0.3776 
     D237389  2 0.0251 0.0687 0.1796 0.0161 0.0479 0.0280 0.0172 0.0218 0.0721 0.0162 0.0389 0.4684 
     D237390  2 0.0381 0.0203 0.0759 0.0441 0.0510 0.0261 0.0379 0.0368 0.2578 0.0204 0.0442 0.3474 
     D244017  2 0.0169 0.2188 0.2682 0.0361 0.0706 0.0411 0.1774 0.0203 0.0172 0.0199 0.0765 0.0370 
     D244112  2 0.0170 0.7121 0.0498 0.0200 0.0269 0.0382 0.0213 0.0159 0.0313 0.0193 0.0321 0.0162 
     D244118  2 0.0126 0.5018 0.0414 0.0292 0.0301 0.2184 0.0278 0.0269 0.0218 0.0117 0.0310 0.0474 
     D244119  2 0.0201 0.2288 0.0224 0.0196 0.0256 0.0153 0.5759 0.0110 0.0133 0.0175 0.0212 0.0292 
     D244120  2 0.0183 0.2275 0.4301 0.0514 0.0444 0.0205 0.0284 0.0441 0.0576 0.0141 0.0285 0.0351 
     D244122  2 0.0570 0.5000 0.1138 0.0187 0.0461 0.0467 0.0323 0.0259 0.0542 0.0311 0.0497 0.0245 
        D291  2 0.0616 0.0337 0.0408 0.4349 0.0985 0.0827 0.0159 0.0185 0.0292 0.0753 0.0837 0.0251 
        D292  2 0.0280 0.1518 0.0588 0.2209 0.0627 0.0242 0.0534 0.0299 0.0280 0.2235 0.0480 0.0708 
        D293  2 0.0183 0.4564 0.0164 0.0395 0.0719 0.0152 0.0157 0.1606 0.0248 0.0993 0.0667 0.0153 
        D322  2 0.0201 0.3872 0.0216 0.0289 0.0771 0.0306 0.0199 0.1627 0.0308 0.0916 0.0818 0.0477 
        D323  2 0.4914 0.0782 0.0963 0.0304 0.0542 0.0237 0.0227 0.0455 0.0343 0.0190 0.0720 0.0325 
        D324  2 0.0854 0.0296 0.0237 0.2104 0.1013 0.0701 0.0433 0.0319 0.0645 0.0901 0.1254 0.1243 
        D325  2 0.0176 0.6948 0.0136 0.0423 0.0349 0.0200 0.0119 0.0327 0.0408 0.0376 0.0367 0.0171 
        D326  2 0.0204 0.0145 0.0130 0.0290 0.0218 0.0134 0.0254 0.0178 0.0166 0.7935 0.0223 0.0124 
        D340  2 0.0157 0.7823 0.0144 0.0272 0.0234 0.0162 0.0210 0.0270 0.0154 0.0224 0.0181 0.0168 
        D341  2 0.0529 0.3860 0.0205 0.0389 0.0493 0.0180 0.0265 0.0347 0.2742 0.0232 0.0468 0.0290 
        D342  2 0.0486 0.4094 0.0420 0.0319 0.1050 0.0805 0.0168 0.0210 0.0765 0.0298 0.0886 0.0500 
        D343  2 0.0114 0.8486 0.0096 0.0160 0.0145 0.0120 0.0106 0.0167 0.0157 0.0193 0.0163 0.0093 
        D344  2 0.0282 0.0489 0.1945 0.0271 0.0767 0.0175 0.0220 0.3168 0.0607 0.0892 0.0781 0.0403 
        D345  2 0.0679 0.0474 0.0316 0.0516 0.1011 0.0586 0.0269 0.2067 0.0212 0.0713 0.1001 0.2156 
        D346  2 0.4093 0.0480 0.0326 0.0342 0.0548 0.0244 0.2168 0.0357 0.0321 0.0402 0.0470 0.0249 
        D351  2 0.0351 0.0364 0.0374 0.1144 0.1469 0.0549 0.0213 0.0771 0.0685 0.1772 0.1648 0.0659 
        D352  2 0.0261 0.0382 0.0594 0.0350 0.0946 0.0236 0.0358 0.4956 0.0175 0.0188 0.1108 0.0445 
        D353  2 0.0293 0.0257 0.0350 0.0248 0.3656 0.0155 0.0148 0.0622 0.0283 0.1162 0.2664 0.0163 
        D354  2 0.0341 0.0160 0.0687 0.0226 0.0398 0.0160 0.0319 0.6135 0.0213 0.0460 0.0396 0.0502 
        D362  2 0.0321 0.0254 0.0373 0.0265 0.0284 0.0745 0.0250 0.0196 0.0183 0.6473 0.0321 0.0336 
        D363  2 0.0409 0.0198 0.0259 0.0232 0.0251 0.0345 0.0374 0.0232 0.0124 0.6998 0.0301 0.0276 
        D364  2 0.0333 0.0206 0.0502 0.0206 0.0569 0.0231 0.0318 0.3197 0.0261 0.3152 0.0538 0.0486 
        D365  2 0.0147 0.8017 0.0115 0.0147 0.0184 0.0121 0.0243 0.0377 0.0130 0.0189 0.0181 0.0149 
        D369  2 0.1510 0.0906 0.0307 0.0870 0.0708 0.0367 0.1278 0.0243 0.0452 0.1729 0.0666 0.0963 
        D374  2 0.0203 0.0168 0.6610 0.0155 0.0271 0.0113 0.1406 0.0187 0.0188 0.0173 0.0281 0.0245 
        D375  2 0.0382 0.0147 0.1027 0.0121 0.0403 0.0212 0.0183 0.6498 0.0290 0.0185 0.0336 0.0216 
        D376  2 0.0237 0.0285 0.4259 0.0245 0.0406 0.0169 0.2444 0.0664 0.0344 0.0191 0.0467 0.0290 
        D377  2 0.4497 0.0357 0.0663 0.0323 0.0537 0.0292 0.0333 0.0327 0.0454 0.0181 0.0648 0.1388 
        D378  2 0.0711 0.1878 0.0141 0.0340 0.1166 0.1139 0.0240 0.2071 0.0365 0.0737 0.0916 0.0295 
        D379  2 0.1794 0.0250 0.0230 0.0249 0.0953 0.0154 0.0233 0.0584 0.0944 0.3498 0.0829 0.0283 
        D384  2 0.0413 0.0184 0.0131 0.0265 0.0258 0.0165 0.0456 0.0146 0.0325 0.7151 0.0298 0.0207 
        D385  2 0.0348 0.6086 0.0281 0.0232 0.0344 0.0151 0.0340 0.1313 0.0193 0.0205 0.0308 0.0199 
        D386  2 0.0453 0.0875 0.0360 0.0244 0.1236 0.0621 0.0171 0.3785 0.0284 0.0617 0.1081 0.0272 
        D391  2 0.0361 0.6245 0.0177 0.0242 0.0353 0.0159 0.0148 0.1182 0.0272 0.0221 0.0382 0.0257 
        D392  2 0.0355 0.4550 0.0348 0.0282 0.0567 0.0370 0.0421 0.0207 0.0202 0.0570 0.0624 0.1505 
        D393  2 0.1081 0.0562 0.0139 0.1031 0.0485 0.0397 0.0215 0.2932 0.0586 0.1675 0.0519 0.0379 
        D394  2 0.0239 0.0634 0.0823 0.0430 0.1032 0.1008 0.0324 0.1544 0.0705 0.0709 0.1036 0.1516 
        D395  2 0.0219 0.2997 0.0386 0.0343 0.0810 0.0275 0.0288 0.3416 0.0227 0.0135 0.0681 0.0222 
        D401  2 0.0647 0.0252 0.0280 0.0191 0.0253 0.0120 0.0275 0.0115 0.0199 0.0147 0.0260 0.7261 
        D402  2 0.0436 0.6435 0.0259 0.0469 0.0322 0.0129 0.0180 0.0837 0.0202 0.0201 0.0275 0.0255 
        D403  2 0.0305 0.0275 0.0531 0.0321 0.2142 0.0468 0.0223 0.0627 0.1070 0.1300 0.2535 0.0202 
        D415  2 0.0225 0.0265 0.0232 0.0204 0.1346 0.0335 0.0132 0.0320 0.0559 0.4178 0.0997 0.1207 
        D435  2 0.0197 0.1428 0.0186 0.0545 0.0414 0.0265 0.0161 0.0590 0.0329 0.5115 0.0472 0.0296 
        D436  2 0.0246 0.0288 0.1115 0.0213 0.0815 0.0286 0.0444 0.2367 0.2643 0.0601 0.0603 0.0379 
        D438  2 0.0388 0.7898 0.0127 0.0158 0.0239 0.0154 0.0232 0.0160 0.0215 0.0107 0.0195 0.0126 
        D439  2 0.0489 0.0402 0.0211 0.0247 0.0839 0.0514 0.0123 0.5088 0.0219 0.0513 0.1028 0.0328 
        D449  2 0.0591 0.4065 0.0208 0.0199 0.1260 0.0243 0.0304 0.0235 0.0678 0.1059 0.0963 0.0195 
        D450  2 0.0511 0.0207 0.0479 0.0629 0.1433 0.0500 0.0956 0.1749 0.0761 0.0939 0.1442 0.0393 
        D456  2 0.0234 0.0110 0.0121 0.0203 0.0345 0.0178 0.0203 0.0233 0.0216 0.7736 0.0281 0.0142 
        D462  2 0.0197 0.6311 0.0206 0.0216 0.0348 0.0225 0.0164 0.1260 0.0169 0.0454 0.0313 0.0139 
        D463  2 0.0363 0.0128 0.0210 0.0154 0.0365 0.0126 0.0350 0.0263 0.0277 0.7260 0.0304 0.0201 
        D464  2 0.0399 0.0751 0.0793 0.0185 0.2331 0.0184 0.0353 0.1936 0.0324 0.0388 0.2155 0.0201 
        D465  2 0.0673 0.4775 0.0291 0.0211 0.0417 0.0304 0.0246 0.0229 0.0220 0.1038 0.0472 0.1125 
        D473  2 0.0578 0.0343 0.0438 0.0352 0.0623 0.0502 0.4138 0.0664 0.0310 0.0229 0.0573 0.1251 
        D474  2 0.0259 0.0340 0.0117 0.1402 0.0418 0.0443 0.0321 0.0297 0.0265 0.5502 0.0340 0.0297 
        D476  2 0.0132 0.0564 0.0161 0.0321 0.0308 0.2794 0.0132 0.4611 0.0222 0.0234 0.0300 0.0219 
        D477  2 0.0894 0.0250 0.0257 0.0878 0.0675 0.0219 0.0392 0.2703 0.0281 0.1742 0.0565 0.1142 
        D478  2 0.0281 0.0519 0.0835 0.0419 0.1375 0.2794 0.0591 0.0693 0.0338 0.0289 0.1535 0.0332 
        D480  2 0.0851 0.0625 0.0241 0.0788 0.0880 0.0236 0.0755 0.2465 0.1087 0.1007 0.0805 0.0259 
        D481  2 0.0412 0.0450 0.0362 0.0457 0.0786 0.0982 0.0608 0.1715 0.0175 0.2689 0.0793 0.0570 
        D482  2 0.0760 0.0252 0.0743 0.1616 0.0962 0.0384 0.0685 0.2148 0.0639 0.0185 0.1081 0.0545 
        D483  2 0.0168 0.7047 0.0247 0.0252 0.0331 0.0276 0.0714 0.0136 0.0163 0.0140 0.0311 0.0214 
        D484  2 0.0233 0.0263 0.0918 0.0273 0.0249 0.0186 0.0213 0.6931 0.0178 0.0106 0.0281 0.0168 
        D510  2 0.0260 0.0210 0.2732 0.1103 0.0698 0.0158 0.2652 0.0316 0.0720 0.0229 0.0636 0.0286 
        D511  2 0.0420 0.0421 0.0200 0.0341 0.0366 0.0450 0.0197 0.6098 0.0340 0.0477 0.0442 0.0248 
        D512  2 0.0418 0.1617 0.0714 0.0315 0.0562 0.0286 0.0135 0.0304 0.0234 0.0181 0.0627 0.4610 
        D513  2 0.1023 0.4307 0.0311 0.0673 0.0706 0.0210 0.0533 0.0243 0.0464 0.0385 0.0725 0.0420 
        D635  2 0.0348 0.0440 0.0173 0.0229 0.0685 0.4407 0.0256 0.0280 0.0168 0.2076 0.0645 0.0293 
        D636  2 0.0577 0.0181 0.0142 0.0124 0.0184 0.7461 0.0203 0.0177 0.0117 0.0277 0.0245 0.0311 
        D637  2 0.0745 0.1011 0.0650 0.0338 0.0949 0.0218 0.0534 0.2190 0.1699 0.0268 0.0969 0.0430 
        D658  2 0.0193 0.3596 0.0586 0.0294 0.0456 0.0198 0.0910 0.1825 0.0525 0.0226 0.0520 0.0670 
        D659  2 0.0333 0.0256 0.0235 0.0640 0.0687 0.0537 0.0280 0.0591 0.0716 0.4967 0.0593 0.0164 
        D677  2 0.1134 0.0437 0.0479 0.0595 0.0539 0.0719 0.0145 0.0214 0.3863 0.0694 0.0603 0.0578 
        D678  2 0.0478 0.4900 0.1099 0.0248 0.0990 0.0290 0.0168 0.0223 0.0195 0.0187 0.0917 0.0304 
        D679  2 0.3283 0.0323 0.0224 0.0809 0.0847 0.0314 0.0313 0.0537 0.0522 0.1533 0.1021 0.0272 
        D719  2 0.0430 0.1605 0.0243 0.0878 0.0434 0.0162 0.3008 0.0466 0.0264 0.1245 0.0497 0.0769 
        D720  2 0.0605 0.0368 0.0236 0.0304 0.0418 0.0247 0.0744 0.0262 0.0277 0.5664 0.0409 0.0465 
        D721  2 0.0290 0.0456 0.0126 0.0288 0.0417 0.6413 0.0342 0.0375 0.0255 0.0327 0.0520 0.0191 
        D722  2 0.0461 0.0363 0.5727 0.0334 0.0394 0.0136 0.1080 0.0204 0.0229 0.0186 0.0352 0.0534 
        D734  2 0.0289 0.0511 0.0242 0.0273 0.0405 0.0149 0.1402 0.5764 0.0332 0.0166 0.0332 0.0136 
        D735  2 0.2251 0.0445 0.0238 0.0457 0.1402 0.0407 0.0631 0.0755 0.0282 0.1188 0.1259 0.0686 
        D736  2 0.0289 0.0673 0.0284 0.2169 0.0763 0.0339 0.2168 0.0568 0.0822 0.0576 0.0691 0.0659 
        D737  2 0.0235 0.4119 0.0564 0.0819 0.0620 0.0530 0.0409 0.1015 0.0475 0.0177 0.0518 0.0518 
        D807  2 0.0573 0.0433 0.0624 0.1155 0.0644 0.0397 0.1165 0.0958 0.1224 0.1406 0.0620 0.0801 
        D808  2 0.0283 0.0693 0.0439 0.0548 0.1444 0.0499 0.0307 0.0609 0.0810 0.0739 0.1503 0.2125 
        D817  2 0.5861 0.0196 0.0434 0.0304 0.0399 0.0214 0.0186 0.0434 0.0312 0.0737 0.0490 0.0431 
        D818  2 0.0284 0.1370 0.0241 0.0920 0.1656 0.1300 0.0224 0.0321 0.1210 0.0423 0.1883 0.0169 
        D819  2 0.4767 0.0219 0.0320 0.0260 0.0611 0.0350 0.0220 0.0276 0.0232 0.0777 0.0647 0.1322 
        D820  2 0.0144 0.0482 0.0177 0.0404 0.0534 0.0174 0.0191 0.1703 0.1085 0.4454 0.0420 0.0233 
        D895  2 0.1829 0.0428 0.0378 0.0316 0.1002 0.0950 0.0414 0.0687 0.0504 0.1962 0.1022 0.0508 
        D896  2 0.0122 0.0148 0.0184 0.0148 0.0157 0.0128 0.0168 0.0135 0.0172 0.0124 0.0153 0.8361 
        D897  2 0.0685 0.3510 0.0507 0.0366 0.1330 0.0231 0.0225 0.0406 0.0949 0.0267 0.1107 0.0417 
        D898  2 0.0991 0.0249 0.0893 0.1089 0.1313 0.0309 0.0300 0.0599 0.0369 0.0415 0.1131 0.2342 
        D918  2 0.0364 0.0403 0.0361 0.0490 0.1084 0.0715 0.0582 0.0953 0.2441 0.0201 0.1003 0.1402 
        D919  2 0.0183 0.0615 0.0713 0.0820 0.1157 0.0328 0.0199 0.3325 0.0310 0.0932 0.1198 0.0221 
        D920  2 0.0218 0.0297 0.0526 0.0240 0.0485 0.4768 0.0849 0.0389 0.1091 0.0409 0.0324 0.0404 
        D923  2 0.0342 0.0333 0.0467 0.0252 0.0707 0.0228 0.0214 0.0941 0.0321 0.5236 0.0709 0.0249 
        D930  2 0.0836 0.0303 0.0433 0.0466 0.1251 0.0194 0.0645 0.1468 0.0544 0.1160 0.1731 0.0970 
        D931  2 0.0443 0.0981 0.0438 0.0379 0.0588 0.0435 0.0393 0.2772 0.0366 0.2167 0.0692 0.0346 
        D968  2 0.0224 0.7005 0.0238 0.0691 0.0325 0.0142 0.0148 0.0324 0.0205 0.0228 0.0253 0.0216 
        D969  2 0.0406 0.1387 0.0365 0.1762 0.0898 0.0383 0.0554 0.0560 0.0460 0.2041 0.0772 0.0413 
        D977  2 0.0297 0.6711 0.0313 0.0290 0.0466 0.0200 0.0217 0.0278 0.0420 0.0278 0.0367 0.0163 
        D978  2 0.1944 0.0834 0.0885 0.2171 0.1200 0.0279 0.0315 0.0269 0.0490 0.0249 0.1189 0.0175 
        D211  3 0.0674 0.0135 0.0160 0.0370 0.0395 0.4649 0.0209 0.0226 0.2152 0.0527 0.0371 0.0132 
     D229639  3 0.0495 0.0418 0.0475 0.4899 0.0437 0.0339 0.0867 0.0201 0.0384 0.0672 0.0465 0.0347 
     D237212  3 0.0936 0.0484 0.0321 0.1818 0.0693 0.0604 0.0234 0.1961 0.1118 0.0690 0.0707 0.0436 
     D237213  3 0.3314 0.0267 0.0420 0.0381 0.0574 0.0484 0.0141 0.0825 0.1408 0.0285 0.0600 0.1299 
     D237214  3 0.0133 0.0127 0.0159 0.0105 0.0216 0.7876 0.0245 0.0172 0.0355 0.0204 0.0222 0.0186 
     D237215  3 0.0497 0.3244 0.2246 0.1349 0.0461 0.0211 0.0722 0.0148 0.0169 0.0166 0.0415 0.0372 
     D237216  3 0.0742 0.0259 0.0293 0.0286 0.3028 0.0613 0.0227 0.0339 0.0592 0.0343 0.3044 0.0232 
     D237217  3 0.0296 0.0171 0.0149 0.0526 0.1573 0.1046 0.0128 0.0202 0.3227 0.0550 0.1750 0.0381 
     D237218  3 0.0405 0.0343 0.0163 0.2538 0.0706 0.0277 0.0463 0.1746 0.2047 0.0495 0.0626 0.0192 
     D237219  3 0.2678 0.0218 0.0209 0.1050 0.0498 0.0370 0.0800 0.0145 0.2286 0.0235 0.0643 0.0867 
     D237382  3 0.0442 0.0473 0.1867 0.0323 0.1010 0.0355 0.0865 0.0368 0.0763 0.0683 0.1191 0.1660 
     D244127  3 0.0805 0.0519 0.0374 0.0828 0.0692 0.0304 0.0193 0.0348 0.0671 0.0179 0.1010 0.4075 
     D244129  3 0.0703 0.0526 0.0327 0.0686 0.1123 0.0857 0.0381 0.0874 0.0945 0.0729 0.0890 0.1960 
     D244133  3 0.6128 0.0669 0.0282 0.0248 0.0345 0.0245 0.0587 0.0108 0.0336 0.0388 0.0413 0.0251 
     D244134  3 0.1476 0.0280 0.0171 0.3490 0.0471 0.0393 0.1702 0.0210 0.0518 0.0251 0.0492 0.0547 
     D244135  3 0.0521 0.0462 0.0164 0.0260 0.0471 0.6425 0.0175 0.0198 0.0410 0.0303 0.0429 0.0184 
     D244136  3 0.3734 0.0512 0.0516 0.0469 0.0814 0.0350 0.0933 0.0238 0.0436 0.0812 0.0897 0.0289 
        D416  3 0.2225 0.0942 0.0266 0.0462 0.1320 0.0719 0.0281 0.0382 0.0598 0.0853 0.1629 0.0323 
        D417  3 0.0279 0.0162 0.0298 0.0220 0.0457 0.0177 0.0241 0.0226 0.2798 0.4080 0.0649 0.0414 
        D419  3 0.1293 0.0406 0.0217 0.1649 0.0614 0.0338 0.0538 0.0287 0.2272 0.0812 0.0764 0.0810 
        D565  3 0.0425 0.0165 0.0236 0.0629 0.0303 0.0260 0.6561 0.0173 0.0196 0.0545 0.0277 0.0231 
        D566  3 0.1006 0.0560 0.0732 0.2283 0.0760 0.0249 0.1821 0.0188 0.0250 0.0697 0.0875 0.0579 
        D567  3 0.0652 0.0369 0.0367 0.0282 0.0495 0.0673 0.0214 0.0673 0.0594 0.4575 0.0501 0.0603 
        D568  3 0.0388 0.0760 0.0323 0.0547 0.0862 0.0660 0.0149 0.1120 0.2905 0.0680 0.0991 0.0614 
        D569  3 0.0348 0.0609 0.0920 0.0357 0.0871 0.0691 0.0374 0.4009 0.0348 0.0183 0.1080 0.0211 
        D573  3 0.0241 0.1248 0.0195 0.3556 0.0688 0.0191 0.0251 0.0386 0.0300 0.2005 0.0646 0.0294 
        D574  3 0.0985 0.0356 0.1056 0.0837 0.0730 0.0529 0.2558 0.0333 0.0401 0.0394 0.1013 0.0808 
        D575  3 0.7274 0.0246 0.0139 0.0241 0.0233 0.0307 0.0354 0.0170 0.0198 0.0167 0.0317 0.0353 
        D576  3 0.1165 0.4018 0.1888 0.0771 0.0450 0.0354 0.0249 0.0166 0.0199 0.0090 0.0484 0.0166 
        D577  3 0.1368 0.0202 0.0597 0.0327 0.0555 0.0777 0.0278 0.0458 0.0448 0.4322 0.0430 0.0238 
        D578  3 0.0176 0.0250 0.0173 0.0145 0.0246 0.7666 0.0170 0.0143 0.0292 0.0138 0.0264 0.0337 
        D579  3 0.0854 0.0568 0.0330 0.1111 0.0814 0.0439 0.1112 0.1175 0.0897 0.1255 0.1014 0.0431 
        D660  3 0.1415 0.4221 0.0440 0.0288 0.0737 0.0541 0.0160 0.0334 0.0433 0.0190 0.0818 0.0422 
        D661  3 0.0363 0.1125 0.0276 0.1530 0.1258 0.0345 0.0167 0.0791 0.2392 0.0287 0.1204 0.0263 
        D663  3 0.0389 0.0530 0.0769 0.4527 0.1042 0.0385 0.0184 0.0276 0.0266 0.0487 0.0998 0.0148 
        D664  3 0.2688 0.0898 0.0521 0.0316 0.0851 0.0793 0.0463 0.0234 0.1648 0.0156 0.0709 0.0725 
        D665  3 0.1921 0.0305 0.1110 0.0356 0.1500 0.1149 0.0135 0.0820 0.0631 0.0168 0.1474 0.0430 
        D666  3 0.5399 0.0186 0.0137 0.0290 0.0481 0.0236 0.0573 0.0194 0.0455 0.0410 0.0405 0.1235 
        D009  4 0.0267 0.0225 0.0679 0.0284 0.1185 0.1063 0.0309 0.1169 0.1902 0.1051 0.1182 0.0684 
        D057  4 0.0127 0.1044 0.0301 0.0673 0.0472 0.1898 0.0256 0.3703 0.0607 0.0323 0.0467 0.0127 
        D109  4 0.1017 0.0178 0.0372 0.0233 0.1043 0.0525 0.0472 0.0327 0.0449 0.0427 0.1341 0.3618 
     D237222  4 0.0180 0.0246 0.1237 0.0273 0.0342 0.4978 0.1102 0.0303 0.0421 0.0264 0.0400 0.0252 
     D237223  4 0.0209 0.0379 0.0336 0.0345 0.0440 0.0321 0.0710 0.0366 0.5766 0.0175 0.0540 0.0413 
     D237224  4 0.0887 0.1474 0.0372 0.1833 0.0749 0.0532 0.0255 0.1585 0.0305 0.0890 0.0773 0.0345 
     D237225  4 0.0490 0.0309 0.0319 0.0552 0.1873 0.0643 0.0337 0.0620 0.1997 0.0631 0.1821 0.0408 
     D237299  4 0.0258 0.0191 0.0650 0.0978 0.1846 0.0212 0.0413 0.0273 0.2800 0.0175 0.1587 0.0615 
     D237300  4 0.1474 0.0412 0.0261 0.5349 0.0515 0.0180 0.0352 0.0220 0.0436 0.0163 0.0453 0.0185 
     D237306  4 0.0171 0.0206 0.0899 0.0231 0.0447 0.0221 0.2519 0.0330 0.3163 0.0617 0.0493 0.0703 
     D237307  4 0.2006 0.0448 0.0694 0.0662 0.0668 0.0380 0.1152 0.0177 0.0649 0.2101 0.0701 0.0361 
     D237308  4 0.0386 0.3471 0.0493 0.0352 0.0679 0.0375 0.0832 0.1372 0.0471 0.0218 0.0657 0.0694 
     D237309  4 0.0363 0.0359 0.0931 0.0455 0.1754 0.0735 0.0222 0.0894 0.0861 0.1095 0.1902 0.0430 
     D237317  4 0.0449 0.0250 0.0507 0.0483 0.1574 0.0705 0.1985 0.0378 0.0440 0.1164 0.1659 0.0405 
     D237318  4 0.0521 0.0441 0.0306 0.6502 0.0423 0.0206 0.0224 0.0166 0.0250 0.0331 0.0453 0.0178 
     D237319  4 0.0529 0.0392 0.0781 0.0487 0.1057 0.0495 0.0363 0.0252 0.3080 0.0283 0.1460 0.0821 
     D237320  4 0.0217 0.0372 0.0148 0.0484 0.0403 0.0249 0.0174 0.0190 0.6855 0.0298 0.0311 0.0299 
     D237321  4 0.0788 0.0851 0.0380 0.4030 0.0702 0.0372 0.0478 0.0239 0.0387 0.0739 0.0635 0.0399 
     D237397  4 0.0325 0.0477 0.0554 0.0891 0.0472 0.0384 0.0833 0.0206 0.4755 0.0267 0.0539 0.0299 
     D237398  4 0.0337 0.0327 0.0257 0.4990 0.1036 0.0305 0.0146 0.0549 0.0655 0.0455 0.0731 0.0212 
     D237399  4 0.0285 0.0284 0.0489 0.2371 0.0614 0.0803 0.1361 0.0453 0.1567 0.0539 0.0716 0.0517 
     D244001  4 0.0210 0.0855 0.1940 0.0297 0.0957 0.2063 0.0248 0.0579 0.1421 0.0300 0.0917 0.0213 
        D289  4 0.0233 0.0439 0.0284 0.0993 0.0656 0.0663 0.1736 0.2376 0.1037 0.0547 0.0644 0.0392 
        D290  4 0.0163 0.0284 0.3294 0.1243 0.1417 0.0477 0.0300 0.0496 0.0431 0.0498 0.1102 0.0294 
        D294  4 0.0273 0.0238 0.0689 0.0590 0.1696 0.0468 0.0384 0.2538 0.0438 0.0695 0.1791 0.0199 
        D295  4 0.0894 0.0232 0.0412 0.0433 0.0547 0.0250 0.0391 0.0465 0.3823 0.1141 0.0503 0.0911 
        D301  4 0.0526 0.0293 0.1465 0.1012 0.0430 0.3229 0.0397 0.0268 0.1176 0.0191 0.0560 0.0453 
        D302  4 0.0227 0.0144 0.0408 0.0204 0.0348 0.0351 0.0150 0.6909 0.0372 0.0292 0.0456 0.0137 
        D303  4 0.0492 0.0485 0.0596 0.0321 0.0474 0.0243 0.4641 0.0836 0.0414 0.0351 0.0357 0.0789 
        D304  4 0.0475 0.0198 0.1838 0.2455 0.1096 0.0370 0.0651 0.0358 0.0399 0.0656 0.1297 0.0207 
        D305  4 0.0273 0.0738 0.0488 0.0373 0.2256 0.0306 0.0119 0.2286 0.0351 0.0183 0.2467 0.0159 
        D306  4 0.0188 0.0179 0.3431 0.0337 0.1893 0.0539 0.0295 0.0268 0.0302 0.0346 0.1975 0.0247 
        D307  4 0.0404 0.0201 0.0235 0.0533 0.0269 0.6037 0.0887 0.0387 0.0309 0.0183 0.0252 0.0300 
        D327  4 0.0951 0.0534 0.0435 0.0346 0.0789 0.0224 0.0581 0.0372 0.0628 0.4198 0.0724 0.0218 
        D328  4 0.0546 0.0208 0.2228 0.0305 0.0598 0.0267 0.1084 0.2074 0.1317 0.0182 0.0525 0.0665 
        D329  4 0.0283 0.0855 0.0522 0.0888 0.1439 0.0584 0.0432 0.1970 0.0433 0.0455 0.1518 0.0622 
        D330  4 0.0349 0.0517 0.0734 0.0177 0.0876 0.0668 0.0149 0.0811 0.1649 0.2044 0.0745 0.1280 
        D331  4 0.0501 0.0295 0.1767 0.1914 0.0889 0.0450 0.0528 0.0243 0.0321 0.1421 0.1123 0.0548 
        D333  4 0.0473 0.0702 0.1297 0.0694 0.0834 0.0397 0.0645 0.1392 0.1639 0.0585 0.0772 0.0570 
        D334  4 0.0495 0.0176 0.0299 0.0477 0.0586 0.0887 0.4436 0.0651 0.0553 0.0554 0.0658 0.0228 
        D335  4 0.0442 0.0392 0.1156 0.0229 0.0715 0.0388 0.0275 0.4279 0.0305 0.0719 0.0746 0.0354 
        D370  4 0.0700 0.0340 0.4892 0.0264 0.0482 0.0282 0.0373 0.0414 0.0281 0.0253 0.0458 0.1258 
        D371  4 0.0751 0.0320 0.0491 0.0258 0.0349 0.0133 0.5346 0.0259 0.0211 0.1242 0.0445 0.0195 
        D372  4 0.0310 0.0403 0.1061 0.5029 0.1076 0.0130 0.0279 0.0183 0.0333 0.0143 0.0791 0.0264 
        D373  4 0.0618 0.0547 0.0246 0.0850 0.0395 0.5256 0.0184 0.0444 0.0229 0.0532 0.0511 0.0189 
        D455  4 0.0189 0.0315 0.0286 0.0474 0.0356 0.6229 0.0266 0.0699 0.0233 0.0376 0.0339 0.0236 
        D490  4 0.0257 0.0117 0.0202 0.0160 0.0230 0.6428 0.0210 0.0288 0.1495 0.0209 0.0215 0.0191 
        D497  4 0.0465 0.0150 0.0328 0.0274 0.0529 0.5082 0.0194 0.0502 0.1481 0.0134 0.0591 0.0272 
        D498  4 0.0480 0.0334 0.2744 0.1124 0.0989 0.0393 0.0676 0.0187 0.0411 0.0505 0.0881 0.1276 
        D499  4 0.1759 0.1159 0.0459 0.0570 0.1287 0.0154 0.0839 0.0860 0.0605 0.0214 0.1397 0.0698 
        D514  4 0.0786 0.0275 0.1249 0.0488 0.1173 0.0384 0.0135 0.1173 0.0487 0.2155 0.1059 0.0636 
        D515  4 0.0222 0.0214 0.0449 0.0159 0.0400 0.0310 0.0228 0.0255 0.6677 0.0334 0.0421 0.0330 
        D516  4 0.2757 0.0547 0.0398 0.0430 0.0438 0.0405 0.0337 0.0196 0.2312 0.0556 0.0595 0.1030 
        D517  4 0.0167 0.0300 0.0247 0.0566 0.1473 0.3675 0.0226 0.0308 0.0929 0.0592 0.1167 0.0351 
        D518  4 0.0133 0.0305 0.0885 0.0219 0.0457 0.1392 0.0724 0.4285 0.0702 0.0214 0.0497 0.0188 
        D519  4 0.0160 0.0200 0.0126 0.0260 0.0215 0.0231 0.0185 0.0134 0.7962 0.0182 0.0182 0.0163 
        D560  4 0.0199 0.0284 0.0262 0.0342 0.0428 0.0191 0.0131 0.0280 0.6785 0.0612 0.0287 0.0201 
        D561  4 0.0200 0.0499 0.0336 0.0243 0.2469 0.0881 0.0167 0.0805 0.0409 0.0711 0.2705 0.0576 
        D562  4 0.0314 0.0491 0.1066 0.0671 0.1323 0.2292 0.0375 0.0860 0.0556 0.0459 0.1249 0.0344 
        D563  4 0.0666 0.3136 0.0410 0.0531 0.1017 0.0739 0.0198 0.1191 0.0413 0.0205 0.1133 0.0361 
        D572  4 0.0166 0.0296 0.0608 0.0218 0.0448 0.0607 0.0270 0.5856 0.0459 0.0491 0.0372 0.0209 
        D629  4 0.3032 0.0212 0.0185 0.0519 0.0456 0.2056 0.0203 0.0528 0.0467 0.1597 0.0523 0.0223 
        D630  4 0.0243 0.0231 0.0916 0.0632 0.0912 0.1059 0.0344 0.0585 0.3426 0.0465 0.0934 0.0253 
        D631  4 0.0203 0.0568 0.0261 0.0384 0.0545 0.0274 0.0210 0.6222 0.0478 0.0205 0.0481 0.0167 
        D632  4 0.0593 0.1446 0.0336 0.0184 0.0823 0.2119 0.0204 0.1968 0.0283 0.0472 0.0586 0.0986 
        D646  4 0.0176 0.0257 0.0233 0.0331 0.0384 0.0228 0.0183 0.0392 0.6140 0.0449 0.0546 0.0682 
        D647  4 0.0231 0.0526 0.0802 0.0531 0.0645 0.0577 0.0123 0.0602 0.2293 0.2379 0.0544 0.0747 
        D648  4 0.0555 0.0241 0.4340 0.0157 0.0426 0.0166 0.0492 0.2318 0.0482 0.0162 0.0466 0.0194 
        D649  4 0.0579 0.0201 0.0240 0.0339 0.0603 0.0428 0.0235 0.2094 0.0388 0.1512 0.0538 0.2843 
        D650  4 0.0756 0.0239 0.0432 0.0740 0.0906 0.0784 0.0869 0.0884 0.1690 0.1051 0.0942 0.0707 
        D708  4 0.1441 0.0254 0.0585 0.0747 0.0940 0.0327 0.1063 0.2125 0.0769 0.0312 0.1079 0.0358 
        D709  4 0.0732 0.0237 0.2909 0.0253 0.1003 0.0165 0.0289 0.0420 0.0334 0.0224 0.0759 0.2675 
        D738  4 0.0192 0.0152 0.0422 0.0415 0.0416 0.0410 0.3382 0.0224 0.2551 0.0469 0.0477 0.0889 
        D739  4 0.0386 0.0250 0.0992 0.0513 0.1088 0.2787 0.0301 0.0486 0.1569 0.0222 0.1029 0.0377 
        D740  4 0.0552 0.0488 0.0216 0.1021 0.1723 0.0374 0.1201 0.0746 0.0548 0.0264 0.1763 0.1104 
        D741  4 0.0234 0.0329 0.0230 0.0242 0.0493 0.0185 0.0126 0.0202 0.6841 0.0364 0.0505 0.0248 
        D742  4 0.0360 0.1691 0.0325 0.1237 0.1050 0.0606 0.0630 0.0715 0.1633 0.0330 0.1043 0.0381 
        D743  4 0.0431 0.0471 0.0243 0.0350 0.0373 0.0316 0.0174 0.4474 0.0461 0.2133 0.0392 0.0183 
        D744  4 0.0162 0.0269 0.0165 0.0194 0.0242 0.0207 0.0185 0.7567 0.0255 0.0245 0.0291 0.0219 
        D745  4 0.0273 0.0140 0.0158 0.0210 0.0252 0.0298 0.0153 0.0236 0.7639 0.0191 0.0255 0.0197 
        D814  4 0.0228 0.1014 0.0615 0.0440 0.1664 0.0578 0.0180 0.0433 0.2676 0.0233 0.1837 0.0101 
        D815  4 0.0496 0.0347 0.1819 0.0426 0.0728 0.0238 0.0241 0.3076 0.0469 0.0831 0.0627 0.0700 
        D828  4 0.0336 0.0314 0.6005 0.0428 0.0460 0.0231 0.0440 0.0445 0.0388 0.0120 0.0595 0.0238 
        D845  4 0.0301 0.0258 0.0146 0.7479 0.0291 0.0128 0.0376 0.0227 0.0228 0.0169 0.0225 0.0173 
        D846  4 0.0507 0.1147 0.0450 0.0510 0.1154 0.1239 0.0105 0.2324 0.0394 0.0669 0.1312 0.0189 
        D847  4 0.0290 0.0480 0.0378 0.0984 0.1096 0.2166 0.0857 0.0392 0.0988 0.0874 0.1064 0.0430 
        D848  4 0.0200 0.0492 0.0260 0.1577 0.0451 0.5678 0.0177 0.0258 0.0118 0.0179 0.0428 0.0180 
        D849  4 0.0547 0.0269 0.0525 0.0248 0.0790 0.1278 0.0215 0.0426 0.4024 0.0249 0.1074 0.0354 
        D850  4 0.0382 0.0355 0.0171 0.1372 0.1458 0.1856 0.0590 0.0409 0.0909 0.0651 0.1420 0.0428 
        D856  4 0.0510 0.0212 0.0796 0.0413 0.1863 0.0319 0.0360 0.0502 0.0577 0.0483 0.1875 0.2090 
        D857  4 0.0124 0.0752 0.2051 0.0175 0.0387 0.0361 0.0240 0.0185 0.0274 0.0084 0.0388 0.4980 
        D859  4 0.0204 0.0350 0.0681 0.0775 0.0691 0.0199 0.0210 0.3708 0.1770 0.0530 0.0651 0.0230 
        D860  4 0.0241 0.0555 0.0337 0.1661 0.0704 0.0306 0.3395 0.0782 0.0202 0.0802 0.0677 0.0338 
        D883  4 0.0983 0.0271 0.0762 0.0620 0.0786 0.1262 0.0503 0.0577 0.1159 0.1509 0.0797 0.0771 
        D884  4 0.0301 0.0119 0.0335 0.0160 0.0222 0.0149 0.0317 0.0265 0.7452 0.0179 0.0199 0.0302 
        D885  4 0.0631 0.0858 0.0127 0.1374 0.1397 0.0464 0.0257 0.0650 0.1610 0.0617 0.1591 0.0425 
        D886  4 0.0259 0.0426 0.1952 0.0388 0.0738 0.1374 0.0217 0.0492 0.0783 0.1580 0.0722 0.1071 
        D887  4 0.0303 0.0705 0.0726 0.2033 0.0907 0.0353 0.0461 0.0661 0.0919 0.1428 0.1032 0.0472 
        D889  4 0.0197 0.0111 0.1129 0.5448 0.0661 0.0148 0.0172 0.0550 0.0565 0.0261 0.0629 0.0130 
        D890  4 0.4270 0.0433 0.0883 0.0317 0.0739 0.0582 0.0530 0.0647 0.0220 0.0282 0.0530 0.0567 
        D891  4 0.0233 0.0134 0.0113 0.8508 0.0165 0.0108 0.0098 0.0116 0.0124 0.0124 0.0172 0.0106 
        D899  4 0.0469 0.3090 0.0646 0.1420 0.0890 0.0317 0.0582 0.0819 0.0410 0.0275 0.0818 0.0265 
        D900  4 0.0375 0.0718 0.0861 0.0616 0.1556 0.0825 0.0488 0.0929 0.0637 0.0884 0.1582 0.0528 
        D970  4 0.0506 0.0397 0.0300 0.0933 0.1115 0.0598 0.0370 0.2590 0.0413 0.1238 0.1090 0.0450 
        D971  4 0.0327 0.3467 0.0563 0.0224 0.0723 0.0328 0.0519 0.1642 0.0217 0.0331 0.0811 0.0848 
        D979  4 0.0847 0.0397 0.1201 0.0465 0.0748 0.0255 0.0437 0.2877 0.0406 0.1267 0.0841 0.0261 
        D093  5 0.0273 0.0232 0.0301 0.0540 0.0438 0.0190 0.6012 0.0172 0.0859 0.0440 0.0303 0.0241 
        D154  5 0.2649 0.0549 0.0747 0.0650 0.1058 0.0143 0.0269 0.0287 0.2013 0.0248 0.1127 0.0261 
        D168  5 0.3013 0.1428 0.0380 0.0747 0.0872 0.0604 0.0125 0.0309 0.0933 0.0511 0.0750 0.0328 
