        D174  1 0.0239 0.1061 0.0812 0.0282 0.0513 0.3859 0.0415 0.1030 0.0984 0.0805 
        D199  1 0.0382 0.0816 0.0984 0.1047 0.1767 0.1009 0.1651 0.0842 0.0324 0.1178 
        D203  1 0.0525 0.0927 0.0728 0.0869 0.2355 0.0562 0.1360 0.0617 0.1193 0.0863 
        D204  1 0.1379 0.0344 0.0259 0.0222 0.6322 0.0247 0.0369 0.0223 0.0326 0.0311 
     D237366  1 0.1007 0.0867 0.0588 0.0528 0.0538 0.0626 0.0427 0.4250 0.0300 0.0870 
     D237367  1 0.0402 0.0797 0.1227 0.0239 0.1981 0.0390 0.0747 0.2428 0.0545 0.1244 
     D237368  1 0.0488 0.0342 0.0840 0.0260 0.2057 0.0932 0.0815 0.2890 0.0538 0.0839 
     D244101  1 0.4135 0.0464 0.0868 0.1051 0.1228 0.0194 0.0627 0.0314 0.0294 0.0824 
     D244102  1 0.0867 0.2743 0.0972 0.0638 0.0711 0.0428 0.0512 0.0856 0.1342 0.0931 
     D244103  1 0.0386 0.0907 0.2110 0.0394 0.1206 0.0425 0.0480 0.1700 0.0652 0.1740 
     D244104  1 0.0289 0.0184 0.0344 0.0356 0.6595 0.0747 0.0337 0.0388 0.0302 0.0457 
     D244105  1 0.0269 0.0615 0.1709 0.0506 0.0517 0.0222 0.0221 0.2703 0.1143 0.2094 
     D244106  1 0.0284 0.0696 0.0797 0.0603 0.0795 0.4555 0.0922 0.0265 0.0397 0.0686 
     D244107  1 0.0726 0.0266 0.1096 0.0282 0.0524 0.0198 0.0960 0.3087 0.1712 0.1149 
     D244108  1 0.0312 0.0730 0.0690 0.0449 0.0528 0.2777 0.0420 0.0357 0.3010 0.0726 
     D244113  1 0.0759 0.4258 0.0461 0.0214 0.0172 0.2634 0.0431 0.0302 0.0343 0.0427 
     D244114  1 0.0462 0.0853 0.2326 0.1302 0.0530 0.0593 0.0400 0.0527 0.0448 0.2561 
     D244115  1 0.0284 0.0458 0.1605 0.0397 0.1025 0.2052 0.0316 0.0505 0.1784 0.1576 
     D267365  1 0.0378 0.0470 0.0625 0.1452 0.3328 0.1473 0.0388 0.0677 0.0366 0.0844 
        D404  1 0.0942 0.4289 0.0472 0.0191 0.0289 0.2080 0.0377 0.0209 0.0613 0.0537 
        D405  1 0.0652 0.4291 0.0671 0.0421 0.0979 0.0439 0.0849 0.0320 0.0700 0.0679 
        D406  1 0.0469 0.0316 0.0387 0.0214 0.0506 0.0519 0.0215 0.5774 0.1263 0.0338 
        D407  1 0.0231 0.0308 0.1041 0.0243 0.3349 0.0397 0.1039 0.2278 0.0154 0.0960 
        D408  1 0.0438 0.0935 0.0532 0.1551 0.0704 0.4239 0.0216 0.0281 0.0551 0.0553 
        D409  1 0.0355 0.0367 0.2302 0.0574 0.0931 0.0341 0.0732 0.0798 0.0731 0.2868 
        D410  1 0.0309 0.0301 0.0359 0.0153 0.0672 0.0231 0.0125 0.0282 0.7197 0.0372 
        D421  1 0.0139 0.0124 0.0212 0.0187 0.8185 0.0224 0.0383 0.0215 0.0126 0.0206 
        D422  1 0.0191 0.0180 0.0509 0.0314 0.0511 0.0159 0.0321 0.6918 0.0432 0.0464 
        D423  1 0.0194 0.0282 0.0467 0.0161 0.0518 0.0240 0.0599 0.0750 0.6321 0.0468 
        D424  1 0.0233 0.0283 0.1234 0.0157 0.5073 0.0443 0.0192 0.0684 0.0253 0.1448 
        D425  1 0.0409 0.1109 0.1181 0.0513 0.2911 0.0813 0.0281 0.0415 0.0893 0.1474 
        D426  1 0.0242 0.0235 0.2481 0.1545 0.0563 0.0267 0.0391 0.1298 0.0319 0.2659 
        D427  1 0.0179 0.0133 0.0280 0.0265 0.3422 0.1718 0.3237 0.0279 0.0183 0.0303 
        D428  1 0.0892 0.0983 0.1394 0.0288 0.1604 0.1534 0.0466 0.0859 0.0731 0.1248 
        D429  1 0.0369 0.0790 0.1039 0.0694 0.3540 0.1293 0.0320 0.0482 0.0474 0.0998 
        D430  1 0.0319 0.1031 0.1667 0.1229 0.0783 0.1093 0.0830 0.0631 0.0607 0.1810 
        D491  1 0.0297 0.0425 0.0504 0.0429 0.0658 0.6325 0.0171 0.0291 0.0399 0.0501 
        D492  1 0.0655 0.0855 0.1448 0.0236 0.1688 0.1077 0.0548 0.1136 0.0543 0.1812 
        D537  1 0.0700 0.0890 0.0757 0.0190 0.4227 0.0331 0.0425 0.0919 0.0645 0.0915 
        D538  1 0.0600 0.1586 0.1378 0.0374 0.0647 0.0905 0.0856 0.0917 0.1324 0.1412 
        D539  1 0.0529 0.1008 0.1104 0.3117 0.0385 0.1011 0.0440 0.0657 0.0751 0.0998 
        D540  1 0.0264 0.0553 0.1848 0.0653 0.2679 0.0299 0.0254 0.0991 0.0527 0.1932 
        D541  1 0.0173 0.0151 0.0257 0.0209 0.8193 0.0165 0.0198 0.0172 0.0212 0.0269 
        D551  1 0.0267 0.0399 0.2163 0.1201 0.0467 0.0409 0.1151 0.0888 0.0296 0.2759 
        D552  1 0.0664 0.0289 0.1262 0.0732 0.1262 0.1764 0.0371 0.1058 0.1576 0.1023 
        D553  1 0.0172 0.0133 0.0216 0.0237 0.8247 0.0195 0.0140 0.0214 0.0194 0.0251 
        D615  1 0.0256 0.0702 0.0834 0.0571 0.4076 0.0490 0.0588 0.0355 0.1253 0.0874 
        D616  1 0.0246 0.0278 0.1319 0.0918 0.2768 0.0454 0.0817 0.0743 0.1123 0.1334 
        D621  1 0.2519 0.0867 0.0497 0.0382 0.0157 0.0945 0.0323 0.2066 0.1794 0.0451 
        D622  1 0.0552 0.0345 0.0626 0.0378 0.0370 0.0483 0.0250 0.4460 0.1818 0.0719 
        D623  1 0.1873 0.1940 0.0608 0.0351 0.0250 0.2163 0.1365 0.0274 0.0631 0.0545 
        D624  1 0.0145 0.0267 0.0709 0.0307 0.0313 0.6795 0.0187 0.0360 0.0239 0.0679 
        D625  1 0.0598 0.0307 0.0684 0.0301 0.4905 0.0659 0.0241 0.0700 0.0880 0.0725 
        D626  1 0.0331 0.0749 0.0765 0.0598 0.0871 0.3006 0.0386 0.1151 0.1190 0.0952 
        D627  1 0.0253 0.0244 0.2591 0.1764 0.0876 0.0391 0.0240 0.1043 0.0226 0.2374 
        D690  1 0.0353 0.0182 0.0288 0.0178 0.7152 0.0499 0.0149 0.0404 0.0514 0.0281 
        D691  1 0.0284 0.0333 0.0342 0.0314 0.0558 0.0466 0.0229 0.6363 0.0829 0.0281 
        D710  1 0.1166 0.0487 0.1141 0.0350 0.2632 0.1078 0.0433 0.1014 0.0766 0.0933 
        D711  1 0.0553 0.0360 0.0425 0.0241 0.6620 0.0251 0.0263 0.0439 0.0323 0.0525 
        D712  1 0.0463 0.0668 0.0586 0.0961 0.0344 0.4929 0.0422 0.0684 0.0381 0.0563 
        D713  1 0.1292 0.3088 0.0946 0.0246 0.0911 0.0917 0.0224 0.0561 0.0646 0.1167 
        D746  1 0.0301 0.0182 0.0381 0.0236 0.0737 0.0288 0.0351 0.6384 0.0828 0.0313 
        D747  1 0.0299 0.0150 0.0168 0.0226 0.8139 0.0195 0.0253 0.0159 0.0161 0.0251 
        D748  1 0.0757 0.0594 0.0685 0.0388 0.1558 0.0397 0.0214 0.3063 0.1441 0.0903 
        D749  1 0.0929 0.0771 0.1708 0.0391 0.0291 0.0780 0.0441 0.2090 0.0858 0.1740 
        D750  1 0.0471 0.0325 0.0482 0.0254 0.1279 0.5237 0.0288 0.0437 0.0802 0.0423 
        D763  1 0.1649 0.0429 0.1217 0.1879 0.0770 0.0230 0.1053 0.1121 0.0330 0.1322 
        D764  1 0.0187 0.0198 0.0666 0.0262 0.4298 0.2182 0.0183 0.0556 0.0904 0.0563 
        D765  1 0.0174 0.0476 0.0680 0.0388 0.0337 0.0962 0.0172 0.0702 0.5470 0.0639 
        D766  1 0.1211 0.0533 0.0661 0.0236 0.0657 0.0428 0.0275 0.1357 0.3961 0.0682 
        D767  1 0.2161 0.2242 0.1041 0.0305 0.0802 0.0270 0.0703 0.0863 0.0869 0.0744 
        D768  1 0.0184 0.0181 0.0356 0.0199 0.7808 0.0171 0.0217 0.0316 0.0233 0.0335 
        D811  1 0.0312 0.4544 0.0703 0.0358 0.0318 0.0951 0.0228 0.0255 0.1674 0.0657 
        D816  1 0.0297 0.0205 0.0348 0.0211 0.7685 0.0236 0.0198 0.0221 0.0199 0.0399 
        D825  1 0.0285 0.1485 0.1004 0.0263 0.0986 0.1296 0.0197 0.0349 0.3112 0.1023 
        D866  1 0.0231 0.0489 0.0805 0.3565 0.0645 0.1586 0.0954 0.0323 0.0660 0.0742 
        D867  1 0.1178 0.0515 0.0547 0.0197 0.0212 0.0276 0.0496 0.5810 0.0366 0.0401 
        D871  1 0.0417 0.0334 0.2627 0.0696 0.0831 0.0543 0.0271 0.0899 0.0496 0.2887 
        D872  1 0.0698 0.1404 0.0977 0.0245 0.1904 0.0452 0.0595 0.0783 0.2021 0.0920 
        D873  1 0.0389 0.0813 0.0273 0.0121 0.0119 0.0158 0.0327 0.0426 0.7101 0.0271 
        D874  1 0.6552 0.0514 0.0336 0.0275 0.0491 0.0747 0.0267 0.0196 0.0207 0.0416 
        D875  1 0.0318 0.0374 0.2456 0.0298 0.0446 0.0221 0.0198 0.1446 0.1501 0.2742 
        D876  1 0.0884 0.0427 0.0985 0.0526 0.3277 0.1211 0.0229 0.0861 0.0615 0.0985 
        D877  1 0.0691 0.5638 0.0484 0.0244 0.0352 0.1239 0.0233 0.0160 0.0343 0.0617 
        D892  1 0.0526 0.0962 0.0835 0.0242 0.1987 0.1576 0.0240 0.2006 0.0664 0.0962 
        D893  1 0.0581 0.0269 0.0798 0.0542 0.5674 0.0206 0.0315 0.0625 0.0418 0.0572 
        D894  1 0.0371 0.0297 0.0795 0.0450 0.5913 0.0433 0.0306 0.0343 0.0350 0.0743 
        D915  1 0.0398 0.0407 0.0666 0.0310 0.3902 0.0459 0.0347 0.0958 0.1886 0.0667 
        D916  1 0.0173 0.0132 0.0201 0.0133 0.8410 0.0224 0.0131 0.0209 0.0173 0.0214 
        D917  1 0.1074 0.0712 0.1342 0.1035 0.1093 0.2092 0.0600 0.0532 0.0322 0.1197 
        D925  1 0.0195 0.0394 0.0429 0.0327 0.2392 0.0948 0.0208 0.0465 0.4307 0.0336 
        D926  1 0.0766 0.0526 0.1979 0.0389 0.2713 0.0493 0.0265 0.0690 0.0487 0.1693 
        D927  1 0.0507 0.0499 0.1196 0.0911 0.1729 0.0575 0.2346 0.0745 0.0273 0.1219 
        D928  1 0.0247 0.0424 0.0293 0.0143 0.0850 0.7050 0.0220 0.0144 0.0371 0.0258 
        D929  1 0.3438 0.2726 0.0499 0.0282 0.0339 0.0516 0.0302 0.0872 0.0410 0.0616 
        D936  1 0.1725 0.0325 0.0657 0.1002 0.4214 0.0297 0.0429 0.0294 0.0388 0.0670 
        D938  1 0.0696 0.0247 0.0332 0.0256 0.0249 0.0391 0.0175 0.5754 0.1414 0.0485 
        D956  1 0.0335 0.0948 0.0658 0.0393 0.0411 0.5191 0.0419 0.0260 0.0688 0.0697 
        D957  1 0.0593 0.1275 0.0695 0.0288 0.1103 0.0411 0.0432 0.0555 0.3852 0.0796 
        D958  1 0.1101 0.0680 0.0821 0.0191 0.1225 0.1411 0.0302 0.0865 0.2644 0.0761 
        D959  1 0.0173 0.0312 0.1348 0.0150 0.3008 0.0293 0.0941 0.2378 0.0232 0.1166 
        D960  1 0.0389 0.0921 0.0668 0.0241 0.0298 0.0439 0.0266 0.4974 0.1167 0.0638 
        D989  1 0.0272 0.0492 0.0674 0.0818 0.0454 0.4925 0.0874 0.0483 0.0261 0.0747 
        D990  1 0.0259 0.0215 0.0868 0.1096 0.0220 0.0724 0.0345 0.0439 0.5206 0.0629 
        D023  2 0.0241 0.0130 0.0302 0.0156 0.0837 0.0203 0.0269 0.7329 0.0247 0.0286 
        D130  2 0.0306 0.0895 0.0371 0.0205 0.0781 0.0176 0.0501 0.5738 0.0532 0.0495 
        D131  2 0.0683 0.0396 0.2132 0.0814 0.1606 0.0539 0.0353 0.0399 0.0773 0.2306 
        D163  2 0.0344 0.0245 0.0643 0.0350 0.0694 0.0531 0.0179 0.5781 0.0609 0.0624 
        D164  2 0.0199 0.0245 0.0183 0.0147 0.0138 0.0110 0.4993 0.0335 0.3431 0.0219 
        D165  2 0.0363 0.0133 0.0408 0.0284 0.0526 0.0213 0.0293 0.7178 0.0290 0.0314 
        D166  2 0.0817 0.3079 0.1417 0.0576 0.0385 0.0194 0.0456 0.0731 0.0623 0.1722 
        D167  2 0.0149 0.0516 0.0262 0.0208 0.0150 0.0316 0.7866 0.0148 0.0167 0.0219 
        D192  2 0.0213 0.0262 0.0200 0.0315 0.0105 0.0193 0.8172 0.0159 0.0161 0.0219 
        D193  2 0.0564 0.5310 0.0863 0.0612 0.0223 0.0708 0.0292 0.0282 0.0428 0.0716 
        D206  2 0.0386 0.0722 0.1534 0.0406 0.0956 0.0272 0.2994 0.0895 0.0406 0.1428 
        D207  2 0.0276 0.1073 0.0839 0.0624 0.0362 0.0233 0.5200 0.0365 0.0280 0.0748 
        D208  2 0.0601 0.0819 0.0803 0.2690 0.0572 0.1562 0.0964 0.0511 0.0520 0.0960 
        D209  2 0.0908 0.0402 0.2063 0.0266 0.0376 0.0261 0.3460 0.0340 0.0424 0.1499 
        D210  2 0.0409 0.0350 0.0587 0.1673 0.0684 0.4067 0.0926 0.0318 0.0336 0.0651 
     D229599  2 0.1445 0.0530 0.1394 0.1099 0.1848 0.0543 0.0467 0.0790 0.0643 0.1242 
     D229600  2 0.0242 0.0563 0.0687 0.0278 0.0301 0.0195 0.3148 0.3374 0.0614 0.0598 
     D237227  2 0.0267 0.0368 0.0649 0.0974 0.0569 0.3620 0.0680 0.0438 0.1664 0.0770 
     D237228  2 0.0161 0.0506 0.0750 0.0491 0.0126 0.1251 0.0491 0.0171 0.5392 0.0662 
     D237258  2 0.0557 0.0916 0.1216 0.0962 0.0834 0.0780 0.1722 0.1177 0.0691 0.1146 
     D237310  2 0.0479 0.1030 0.0556 0.0277 0.0148 0.0404 0.0473 0.0298 0.5864 0.0472 
     D237311  2 0.0237 0.0532 0.0373 0.0276 0.0146 0.0267 0.1639 0.0399 0.5740 0.0391 
     D237312  2 0.0824 0.2516 0.0692 0.0293 0.0223 0.0382 0.0278 0.0871 0.3176 0.0746 
     D237313  2 0.0698 0.0557 0.1694 0.0995 0.1299 0.0796 0.0273 0.0488 0.1590 0.1610 
     D237322  2 0.1027 0.0728 0.1710 0.1652 0.0277 0.0798 0.0486 0.0395 0.1044 0.1884 
     D237323  2 0.0342 0.0667 0.0395 0.0574 0.0162 0.1405 0.0272 0.0542 0.5153 0.0488 
     D237324  2 0.0533 0.0236 0.2383 0.0854 0.0546 0.0170 0.1392 0.1523 0.0409 0.1954 
     D237325  2 0.0619 0.0893 0.0815 0.0361 0.0239 0.0610 0.0691 0.1073 0.3801 0.0897 
     D237326  2 0.0412 0.0270 0.0386 0.0249 0.0577 0.0554 0.0335 0.0487 0.6299 0.0431 
     D237327  2 0.0966 0.0320 0.1733 0.2829 0.0620 0.0390 0.0700 0.0836 0.0319 0.1287 
     D237337  2 0.0170 0.0313 0.0288 0.0187 0.0226 0.0313 0.0167 0.0262 0.7783 0.0290 
     D237338  2 0.1065 0.0520 0.1030 0.0904 0.0382 0.1110 0.0710 0.1176 0.1939 0.1165 
     D237339  2 0.5293 0.0673 0.0861 0.0439 0.0346 0.0171 0.0934 0.0236 0.0276 0.0772 
     D237340  2 0.0360 0.0918 0.0687 0.0456 0.0191 0.1162 0.1702 0.0806 0.3110 0.0608 
     D237389  2 0.0322 0.1403 0.0521 0.0183 0.0215 0.0205 0.0832 0.0472 0.5305 0.0544 
     D237390  2 0.0550 0.1551 0.0767 0.0586 0.0369 0.0582 0.0270 0.0897 0.3849 0.0578 
     D244017  2 0.0237 0.1338 0.0707 0.0335 0.0282 0.1730 0.4005 0.0418 0.0340 0.0607 
     D244112  2 0.0187 0.0318 0.0299 0.0189 0.0180 0.0214 0.7853 0.0275 0.0185 0.0302 
     D244118  2 0.0302 0.0314 0.0265 0.0289 0.0141 0.0285 0.5990 0.1749 0.0423 0.0242 
     D244119  2 0.0133 0.0223 0.0254 0.0193 0.0192 0.5722 0.2550 0.0210 0.0247 0.0275 
     D244120  2 0.0597 0.2578 0.0436 0.1052 0.0159 0.0354 0.3648 0.0338 0.0438 0.0400 
     D244122  2 0.0296 0.0836 0.0382 0.0297 0.0286 0.0366 0.6335 0.0462 0.0276 0.0464 
        D291  2 0.0229 0.0490 0.1173 0.4593 0.0717 0.0206 0.0487 0.0640 0.0335 0.1131 
        D292  2 0.0475 0.0413 0.0720 0.1689 0.2389 0.0648 0.1958 0.0267 0.0736 0.0705 
        D293  2 0.2246 0.0193 0.0519 0.0350 0.1413 0.0174 0.3833 0.0337 0.0177 0.0758 
        D322  2 0.2327 0.0269 0.0570 0.0291 0.1351 0.0215 0.3425 0.0347 0.0535 0.0670 
        D323  2 0.0950 0.2160 0.1762 0.0461 0.0497 0.0406 0.1242 0.0357 0.0590 0.1575 
        D324  2 0.0312 0.0309 0.1116 0.3092 0.1274 0.0596 0.0422 0.0873 0.0949 0.1059 
        D325  2 0.0308 0.0145 0.0435 0.0438 0.0376 0.0160 0.7022 0.0542 0.0212 0.0363 
        D326  2 0.0235 0.0165 0.0354 0.0266 0.7900 0.0313 0.0161 0.0159 0.0146 0.0301 
        D340  2 0.0257 0.0151 0.0242 0.0295 0.0293 0.0260 0.7860 0.0215 0.0182 0.0246 
        D341  2 0.0635 0.0548 0.0718 0.0918 0.0487 0.0439 0.4568 0.0386 0.0705 0.0596 
        D342  2 0.0231 0.0443 0.0879 0.0394 0.0239 0.0187 0.5191 0.0658 0.0849 0.0928 
        D343  2 0.0188 0.0121 0.0182 0.0160 0.0199 0.0114 0.8509 0.0237 0.0126 0.0163 
        D344  2 0.3042 0.2127 0.1086 0.0345 0.0782 0.0200 0.0426 0.0201 0.0680 0.1110 
        D345  2 0.1756 0.0352 0.1120 0.0576 0.1035 0.0424 0.0512 0.0608 0.2298 0.1319 
        D346  2 0.0615 0.0611 0.0725 0.0734 0.0530 0.4568 0.0771 0.0378 0.0466 0.0602 
        D351  2 0.1197 0.0340 0.1440 0.0969 0.2204 0.0288 0.0504 0.0810 0.0957 0.1290 
        D352  2 0.5607 0.0500 0.0742 0.0326 0.0223 0.0597 0.0541 0.0228 0.0566 0.0670 
        D353  2 0.0810 0.0294 0.3440 0.0298 0.0948 0.0162 0.0313 0.0217 0.0189 0.3330 
        D354  2 0.5618 0.0810 0.0664 0.0245 0.0657 0.0483 0.0190 0.0211 0.0533 0.0588 
        D362  2 0.0250 0.0324 0.0339 0.0240 0.7102 0.0245 0.0297 0.0494 0.0337 0.0372 
        D363  2 0.0265 0.0283 0.0315 0.0282 0.7211 0.0408 0.0243 0.0391 0.0271 0.0330 
        D364  2 0.2716 0.0724 0.0870 0.0283 0.2909 0.0336 0.0248 0.0241 0.0663 0.1011 
        D365  2 0.0484 0.0143 0.0231 0.0151 0.0208 0.0244 0.7971 0.0140 0.0185 0.0243 
        D369  2 0.0278 0.0486 0.1019 0.0883 0.1897 0.1721 0.1081 0.0515 0.1079 0.1040 
        D374  2 0.0214 0.5927 0.0365 0.0199 0.0212 0.2083 0.0167 0.0132 0.0369 0.0331 
        D375  2 0.6250 0.1270 0.0499 0.0158 0.0229 0.0177 0.0195 0.0281 0.0308 0.0632 
        D376  2 0.0630 0.2988 0.0839 0.0385 0.0244 0.2916 0.0538 0.0221 0.0522 0.0718 
        D377  2 0.0660 0.2233 0.1014 0.0508 0.0308 0.0658 0.0577 0.0583 0.2240 0.1220 
        D378  2 0.2494 0.0249 0.1023 0.0512 0.1191 0.0247 0.1919 0.1034 0.0344 0.0988 
        D379  2 0.0502 0.0473 0.0925 0.0397 0.5433 0.0295 0.0279 0.0320 0.0364 0.1013 
        D384  2 0.0231 0.0187 0.0414 0.0208 0.7403 0.0508 0.0184 0.0183 0.0244 0.0439 
        D385  2 0.1235 0.0455 0.0323 0.0239 0.0216 0.0431 0.6409 0.0184 0.0225 0.0284 
        D386  2 0.4387 0.0497 0.0965 0.0273 0.0694 0.0249 0.0821 0.0617 0.0397 0.1101 
        D391  2 0.1621 0.0249 0.0409 0.0218 0.0345 0.0206 0.6062 0.0186 0.0292 0.0412 
        D392  2 0.0343 0.0347 0.0614 0.0419 0.0793 0.0578 0.4792 0.0459 0.1124 0.0530 
        D393  2 0.2998 0.0263 0.0675 0.1272 0.2326 0.0256 0.0600 0.0469 0.0555 0.0586 
        D394  2 0.1762 0.0650 0.1218 0.0494 0.0960 0.0374 0.0788 0.1219 0.1360 0.1175 
        D395  2 0.3864 0.0467 0.0610 0.0327 0.0174 0.0231 0.3106 0.0292 0.0217 0.0712 
        D401  2 0.0133 0.0461 0.0343 0.0242 0.0184 0.0368 0.0338 0.0190 0.7390 0.0351 
        D402  2 0.0897 0.0273 0.0341 0.0758 0.0244 0.0181 0.6461 0.0196 0.0345 0.0304 
        D403  2 0.0715 0.0888 0.2757 0.0392 0.1437 0.0183 0.0328 0.0788 0.0282 0.2228 
        D415  2 0.0431 0.0256 0.1638 0.0221 0.3473 0.0161 0.0296 0.0505 0.1326 0.1693 
        D435  2 0.0601 0.0214 0.0518 0.0581 0.4961 0.0173 0.1649 0.0327 0.0439 0.0537 
        D436  2 0.3629 0.1532 0.0896 0.0287 0.1032 0.0478 0.0299 0.0525 0.0458 0.0864 
        D438  2 0.0172 0.0237 0.0220 0.0183 0.0148 0.0236 0.8166 0.0217 0.0162 0.0258 
        D439  2 0.5343 0.0277 0.1024 0.0358 0.0561 0.0153 0.0503 0.0458 0.0421 0.0904 
        D449  2 0.0249 0.0212 0.1293 0.0236 0.0750 0.0278 0.4754 0.0666 0.0273 0.1288 
        D450  2 0.1682 0.0668 0.1419 0.0829 0.1100 0.1083 0.0302 0.0590 0.0545 0.1781 
        D456  2 0.0222 0.0179 0.0501 0.0245 0.7685 0.0242 0.0115 0.0217 0.0187 0.0407 
        D462  2 0.1577 0.0194 0.0281 0.0256 0.0546 0.0152 0.6263 0.0277 0.0165 0.0288 
        D463  2 0.0305 0.0225 0.0614 0.0183 0.7289 0.0390 0.0156 0.0185 0.0234 0.0420 
        D464  2 0.2607 0.1249 0.2003 0.0240 0.0365 0.0356 0.0724 0.0237 0.0267 0.1952 
        D465  2 0.0366 0.0381 0.0663 0.0334 0.1315 0.0282 0.4578 0.0472 0.0910 0.0700 
        D473  2 0.0961 0.0600 0.0514 0.0402 0.0247 0.4441 0.0463 0.0609 0.1238 0.0526 
        D474  2 0.0353 0.0167 0.0519 0.1250 0.5551 0.0457 0.0505 0.0422 0.0383 0.0392 
        D476  2 0.4579 0.0223 0.0433 0.0344 0.0262 0.0168 0.0503 0.2863 0.0286 0.0340 
        D477  2 0.2715 0.0344 0.0831 0.1077 0.2081 0.0529 0.0295 0.0256 0.1103 0.0770 
        D478  2 0.0787 0.0817 0.1274 0.0472 0.0438 0.0806 0.0823 0.2687 0.0375 0.1522 
        D480  2 0.2403 0.0635 0.1169 0.1086 0.1698 0.0984 0.0633 0.0256 0.0301 0.0836 
        D481  2 0.1582 0.0325 0.1073 0.0506 0.2697 0.0817 0.0535 0.0884 0.0555 0.1026 
        D482  2 0.2530 0.0785 0.1155 0.1712 0.0267 0.0748 0.0400 0.0465 0.0709 0.1230 
        D483  2 0.0191 0.0242 0.0260 0.0244 0.0165 0.0710 0.7465 0.0267 0.0197 0.0259 
        D484  2 0.7231 0.0961 0.0252 0.0257 0.0118 0.0233 0.0263 0.0208 0.0196 0.0280 
        D510  2 0.0331 0.1993 0.0657 0.1458 0.0286 0.3790 0.0285 0.0257 0.0408 0.0535 
        D511  2 0.6048 0.0304 0.0527 0.0452 0.0792 0.0233 0.0448 0.0401 0.0290 0.0506 
        D512  2 0.0365 0.0634 0.0619 0.0334 0.0201 0.0166 0.1372 0.0389 0.5185 0.0736 
        D513  2 0.0310 0.0430 0.0846 0.0644 0.0514 0.0678 0.4618 0.0521 0.0462 0.0977 
        D635  2 0.0269 0.0167 0.0693 0.0226 0.2963 0.0355 0.0557 0.3729 0.0301 0.0739 
        D636  2 0.0189 0.0148 0.0269 0.0147 0.0370 0.0268 0.0253 0.7231 0.0831 0.0293 
        D637  2 0.2302 0.0999 0.1009 0.0673 0.0325 0.0674 0.1685 0.0351 0.0790 0.1191 
        D658  2 0.1938 0.0685 0.0556 0.0274 0.0228 0.0821 0.4068 0.0283 0.0634 0.0513 
        D659  2 0.0635 0.0265 0.0641 0.0749 0.5185 0.0340 0.0308 0.0861 0.0242 0.0775 
        D677  2 0.0413 0.1322 0.1098 0.0920 0.2145 0.0207 0.0652 0.1368 0.0969 0.0908 
        D678  2 0.0242 0.0914 0.0791 0.0323 0.0220 0.0166 0.5478 0.0313 0.0322 0.1231 
        D679  2 0.0691 0.0354 0.1592 0.1098 0.2802 0.0685 0.0443 0.0425 0.0449 0.1462 
        D719  2 0.0700 0.0327 0.0570 0.0634 0.1353 0.3351 0.1517 0.0175 0.0817 0.0558 
        D720  2 0.0258 0.0265 0.0461 0.0290 0.6288 0.0778 0.0355 0.0320 0.0356 0.0628 
        D721  2 0.0437 0.0193 0.0409 0.0286 0.0520 0.0427 0.0795 0.6308 0.0248 0.0377 
        D722  2 0.0309 0.5241 0.0532 0.0436 0.0207 0.1328 0.0471 0.0228 0.0643 0.0605 
        D734  2 0.5997 0.0386 0.0402 0.0319 0.0282 0.1209 0.0696 0.0177 0.0153 0.0379 
        D735  2 0.0807 0.0482 0.1515 0.0665 0.1634 0.0945 0.0698 0.0520 0.1081 0.1653 
        D736  2 0.0620 0.0359 0.0781 0.2409 0.0500 0.2499 0.0643 0.0539 0.0811 0.0838 
        D737  2 0.1025 0.0580 0.0586 0.0514 0.0195 0.0465 0.5120 0.0525 0.0440 0.0550 
        D807  2 0.1146 0.0608 0.0662 0.1403 0.1528 0.1679 0.0596 0.0602 0.1095 0.0681 
        D808  2 0.0780 0.0826 0.1443 0.0630 0.0711 0.0342 0.0751 0.0707 0.2216 0.1594 
        D817  2 0.0872 0.1284 0.1243 0.0593 0.2577 0.0296 0.0278 0.0431 0.0891 0.1533 
        D818  2 0.0395 0.0404 0.1694 0.1153 0.0550 0.0261 0.2063 0.1481 0.0230 0.1769 
        D819  2 0.0415 0.0926 0.1412 0.0509 0.1814 0.0417 0.0350 0.0618 0.2074 0.1466 
        D820  2 0.1869 0.0261 0.0422 0.0325 0.5689 0.0233 0.0315 0.0285 0.0194 0.0407 
        D895  2 0.0570 0.0385 0.1741 0.0366 0.2510 0.0437 0.0531 0.1192 0.0673 0.1596 
        D896  2 0.0170 0.0257 0.0164 0.0174 0.0161 0.0239 0.0157 0.0219 0.8275 0.0184 
        D897  2 0.0510 0.0462 0.1200 0.0562 0.0280 0.0260 0.4604 0.0364 0.0633 0.1125 
        D898  2 0.0511 0.0867 0.1489 0.1286 0.0443 0.0457 0.0324 0.0331 0.2828 0.1464 
        D918  2 0.1074 0.0621 0.1563 0.0797 0.0353 0.0692 0.0734 0.1215 0.1497 0.1453 
        D919  2 0.3560 0.0652 0.0959 0.0586 0.1318 0.0216 0.0790 0.0471 0.0209 0.1240 
        D920  2 0.0369 0.0649 0.0619 0.0265 0.0380 0.0928 0.0386 0.5155 0.0783 0.0465 
        D923  2 0.1215 0.0523 0.1006 0.0278 0.5083 0.0237 0.0351 0.0295 0.0239 0.0774 
        D930  2 0.1742 0.0755 0.1150 0.0766 0.1410 0.1141 0.0458 0.0314 0.1022 0.1243 
        D931  2 0.2746 0.0460 0.0722 0.0533 0.2320 0.0405 0.1288 0.0419 0.0361 0.0747 
        D968  2 0.0340 0.0254 0.0410 0.0639 0.0296 0.0190 0.7096 0.0201 0.0222 0.0352 
        D969  2 0.0566 0.0431 0.1166 0.1494 0.2016 0.0531 0.1636 0.0472 0.0581 0.1107 
        D977  2 0.0342 0.0253 0.0522 0.0306 0.0297 0.0236 0.6919 0.0445 0.0200 0.0480 
        D978  2 0.0316 0.1165 0.1401 0.3296 0.0287 0.0324 0.1035 0.0250 0.0277 0.1649 
        D211  3 0.0536 0.0775 0.0781 0.0467 0.0674 0.0324 0.0264 0.5069 0.0386 0.0725 
     D229639  3 0.0280 0.0458 0.0669 0.5110 0.0899 0.0786 0.0483 0.0301 0.0507 0.0506 
     D237212  3 0.2614 0.0461 0.0944 0.2044 0.0854 0.0234 0.0616 0.0687 0.0675 0.0871 
     D237213  3 0.1047 0.1327 0.0983 0.0663 0.0384 0.0202 0.0363 0.1129 0.2716 0.1187 
     D237214  3 0.0189 0.0169 0.0330 0.0126 0.0253 0.0249 0.0155 0.7935 0.0188 0.0405 
     D237215  3 0.0190 0.1770 0.0411 0.1105 0.0217 0.0763 0.4459 0.0199 0.0378 0.0509 
     D237216  3 0.0332 0.0432 0.3173 0.0372 0.0450 0.0267 0.0251 0.0835 0.0371 0.3517 
     D237217  3 0.0244 0.0431 0.2292 0.0734 0.1026 0.0198 0.0265 0.1894 0.0782 0.2137 
     D237218  3 0.1730 0.0568 0.0830 0.3364 0.0589 0.0591 0.0467 0.0481 0.0227 0.1153 
     D237219  3 0.0228 0.0603 0.1661 0.1363 0.0408 0.1037 0.0308 0.1101 0.2067 0.1223 
     D237382  3 0.0480 0.2373 0.1175 0.0443 0.0845 0.1019 0.0434 0.0670 0.1569 0.0992 
     D244127  3 0.0420 0.0503 0.0770 0.0891 0.0247 0.0235 0.0688 0.0465 0.4998 0.0783 
     D244129  3 0.0967 0.0437 0.1164 0.0908 0.0954 0.0507 0.0663 0.1213 0.2028 0.1159 
     D244133  3 0.0163 0.0801 0.1785 0.0567 0.0917 0.1242 0.1609 0.0928 0.0568 0.1419 
     D244134  3 0.0291 0.0222 0.0567 0.3429 0.0427 0.2907 0.0357 0.0438 0.0828 0.0534 
     D244135  3 0.0258 0.0270 0.0527 0.0297 0.0435 0.0190 0.0802 0.6477 0.0308 0.0437 
     D244136  3 0.0360 0.0793 0.1245 0.0943 0.1609 0.1636 0.0789 0.0793 0.0518 0.1313 
        D416  3 0.0509 0.0338 0.1647 0.0757 0.1020 0.0411 0.1561 0.0973 0.1048 0.1737 
        D417  3 0.0413 0.0760 0.0775 0.0331 0.5162 0.0268 0.0195 0.0583 0.0623 0.0889 
        D419  3 0.0431 0.0376 0.1392 0.1945 0.0985 0.0726 0.0677 0.0698 0.1213 0.1557 
        D565  3 0.0179 0.0212 0.0280 0.0368 0.0555 0.7425 0.0177 0.0222 0.0259 0.0322 
        D566  3 0.0225 0.0664 0.0736 0.3025 0.0794 0.2248 0.0622 0.0335 0.0591 0.0760 
        D567  3 0.0799 0.0376 0.0885 0.0290 0.4476 0.0247 0.0513 0.0863 0.0821 0.0729 
        D568  3 0.1353 0.0590 0.1302 0.0956 0.1136 0.0199 0.1164 0.1127 0.0792 0.1382 
        D569  3 0.4702 0.0836 0.0838 0.0469 0.0203 0.0411 0.0746 0.0738 0.0239 0.0818 
        D573  3 0.0395 0.0216 0.0937 0.3487 0.1822 0.0298 0.1354 0.0277 0.0321 0.0893 
        D574  3 0.0355 0.1133 0.0961 0.1084 0.0438 0.3084 0.0469 0.0581 0.0774 0.1121 
        D575  3 0.0466 0.0367 0.0993 0.0883 0.0863 0.1672 0.0571 0.1301 0.1586 0.1297 
        D576  3 0.0240 0.1496 0.0658 0.0862 0.0092 0.0414 0.5139 0.0399 0.0198 0.0502 
        D577  3 0.0515 0.0742 0.0798 0.0460 0.4719 0.0373 0.0258 0.1019 0.0256 0.0861 
        D578  3 0.0165 0.0248 0.0370 0.0176 0.0174 0.0184 0.0337 0.7829 0.0250 0.0268 
        D579  3 0.1280 0.0360 0.0841 0.1750 0.1433 0.1629 0.0691 0.0552 0.0652 0.0812 
        D660  3 0.0475 0.0361 0.0672 0.0303 0.0184 0.0191 0.5976 0.0503 0.0566 0.0768 
        D661  3 0.0901 0.0530 0.1343 0.2726 0.0372 0.0218 0.1481 0.0873 0.0337 0.1220 
        D663  3 0.0439 0.0838 0.1219 0.4487 0.0553 0.0210 0.0627 0.0325 0.0248 0.1054 
        D664  3 0.0353 0.0834 0.1356 0.0504 0.0213 0.0680 0.2025 0.1306 0.1456 0.1273 
        D665  3 0.0954 0.1310 0.2453 0.0347 0.0189 0.0152 0.0377 0.1232 0.0732 0.2253 
        D666  3 0.0401 0.0503 0.0997 0.0849 0.1054 0.1311 0.0301 0.0436 0.2907 0.1241 
        D009  4 0.1253 0.0683 0.1757 0.0463 0.1064 0.0313 0.0320 0.1622 0.0974 0.1551 
        D057  4 0.3692 0.0678 0.0482 0.0611 0.0509 0.0269 0.1212 0.1903 0.0215 0.0431 
        D109  4 0.0375 0.0559 0.1345 0.0379 0.0495 0.0545 0.0264 0.0790 0.3682 0.1568 
     D237222  4 0.0389 0.1389 0.0595 0.0380 0.0432 0.1045 0.0344 0.4204 0.0537 0.0687 
     D237223  4 0.0620 0.1015 0.1256 0.0625 0.0364 0.1009 0.0558 0.1584 0.1645 0.1323 
     D237224  4 0.1624 0.0530 0.0936 0.1852 0.1318 0.0305 0.1711 0.0491 0.0452 0.0780 
     D237225  4 0.0920 0.0607 0.2222 0.1001 0.0970 0.0483 0.0289 0.0921 0.0557 0.2031 
     D237299  4 0.0288 0.0962 0.1908 0.1835 0.0210 0.0425 0.0275 0.0663 0.1786 0.1649 
     D237300  4 0.0262 0.0328 0.0383 0.7140 0.0189 0.0353 0.0386 0.0273 0.0289 0.0397 
     D237306  4 0.0570 0.1641 0.0664 0.0360 0.0902 0.3022 0.0263 0.0417 0.1517 0.0642 
     D237307  4 0.0199 0.0827 0.1130 0.0672 0.2860 0.1688 0.0557 0.0448 0.0389 0.1230 
     D237308  4 0.1437 0.0609 0.0752 0.0417 0.0309 0.0840 0.3389 0.0446 0.0886 0.0915 
     D237309  4 0.1108 0.0720 0.1757 0.0640 0.1307 0.0255 0.0458 0.1029 0.0811 0.1916 
     D237317  4 0.0364 0.0627 0.1562 0.0620 0.1493 0.2365 0.0286 0.0487 0.0520 0.1677 
     D237318  4 0.0177 0.0309 0.0431 0.7281 0.0414 0.0217 0.0464 0.0152 0.0214 0.0340 
     D237319  4 0.0307 0.1406 0.1944 0.0666 0.0546 0.0381 0.0515 0.1280 0.1022 0.1932 
     D237320  4 0.0411 0.0753 0.0883 0.1410 0.0794 0.0344 0.0781 0.1872 0.1704 0.1048 
     D237321  4 0.0298 0.0363 0.0641 0.4853 0.0676 0.0552 0.1024 0.0457 0.0502 0.0633 
     D237397  4 0.0336 0.1103 0.0928 0.1965 0.0562 0.1345 0.0848 0.1003 0.0903 0.1007 
     D237398  4 0.0498 0.0514 0.0638 0.5857 0.0545 0.0170 0.0338 0.0396 0.0241 0.0803 
     D237399  4 0.0465 0.0648 0.0738 0.2588 0.0788 0.1748 0.0444 0.1090 0.0699 0.0791 
     D244001  4 0.0553 0.1606 0.1292 0.0320 0.0392 0.0264 0.1184 0.3007 0.0358 0.1026 
        D289  4 0.2396 0.0380 0.0945 0.0904 0.0865 0.1729 0.0738 0.0606 0.0477 0.0961 
        D290  4 0.0540 0.2975 0.1471 0.1011 0.0633 0.0295 0.0331 0.0569 0.0399 0.1776 
        D294  4 0.2247 0.0947 0.2002 0.0578 0.0771 0.0356 0.0314 0.0704 0.0237 0.1845 
        D295  4 0.0774 0.1207 0.0909 0.0673 0.2130 0.0594 0.0316 0.0652 0.1709 0.1035 
        D301  4 0.0249 0.1274 0.0540 0.1191 0.0245 0.0514 0.0492 0.4127 0.0774 0.0594 
        D302  4 0.6529 0.0610 0.0529 0.0248 0.0676 0.0165 0.0154 0.0421 0.0236 0.0431 
        D303  4 0.0903 0.0753 0.0672 0.0397 0.0368 0.4448 0.0676 0.0322 0.0852 0.0608 
        D304  4 0.0403 0.2101 0.1617 0.2001 0.0760 0.0690 0.0330 0.0430 0.0257 0.1412 
        D305  4 0.2245 0.0589 0.2188 0.0372 0.0259 0.0134 0.0932 0.0425 0.0303 0.2554 
        D306  4 0.0331 0.2970 0.2522 0.0327 0.0394 0.0293 0.0225 0.0539 0.0342 0.2057 
        D307  4 0.0396 0.0361 0.0383 0.0634 0.0212 0.0951 0.0309 0.5712 0.0601 0.0441 
        D327  4 0.0498 0.0506 0.0950 0.0510 0.4809 0.0719 0.0554 0.0380 0.0248 0.0824 
        D328  4 0.2985 0.2960 0.0548 0.0285 0.0218 0.1014 0.0267 0.0273 0.0798 0.0652 
        D329  4 0.1892 0.0731 0.1657 0.0797 0.0617 0.0396 0.1246 0.0498 0.0671 0.1497 
        D330  4 0.0982 0.0848 0.1280 0.0213 0.1820 0.0175 0.0635 0.1001 0.1908 0.1136 
        D331  4 0.0336 0.1730 0.0965 0.1550 0.1780 0.0736 0.0366 0.0469 0.0762 0.1306 
        D333  4 0.2114 0.1618 0.0900 0.0955 0.0671 0.0681 0.0780 0.0512 0.0720 0.1049 
        D334  4 0.0607 0.0521 0.0722 0.0499 0.0792 0.4803 0.0228 0.0791 0.0307 0.0729 
        D335  4 0.3610 0.2036 0.0673 0.0253 0.1220 0.0340 0.0502 0.0375 0.0335 0.0655 
        D370  4 0.0534 0.4155 0.0899 0.0349 0.0419 0.0582 0.0439 0.0369 0.1501 0.0752 
        D371  4 0.0283 0.0923 0.0527 0.0349 0.1261 0.5535 0.0307 0.0223 0.0247 0.0343 
        D372  4 0.0162 0.0694 0.1104 0.4911 0.0136 0.0289 0.0742 0.0224 0.0293 0.1445 
        D373  4 0.0569 0.0288 0.0630 0.0842 0.0435 0.0319 0.0927 0.4957 0.0358 0.0674 
        D455  4 0.0994 0.0552 0.0424 0.0462 0.0482 0.0288 0.0359 0.5491 0.0525 0.0422 
        D490  4 0.0293 0.0548 0.0416 0.0206 0.0241 0.0257 0.0130 0.7138 0.0437 0.0334 
        D497  4 0.0656 0.0531 0.0749 0.0372 0.0166 0.0219 0.0225 0.5827 0.0539 0.0716 
        D498  4 0.0324 0.2734 0.1144 0.1032 0.0665 0.1001 0.0417 0.0473 0.1237 0.0972 
        D499  4 0.1580 0.0857 0.1316 0.0982 0.0302 0.0968 0.1454 0.0206 0.0825 0.1512 
        D514  4 0.1317 0.1425 0.1269 0.0608 0.2340 0.0182 0.0298 0.0576 0.0547 0.1438 
        D515  4 0.0636 0.1938 0.0853 0.0445 0.0419 0.0359 0.0348 0.2051 0.1992 0.0959 
        D516  4 0.0269 0.0920 0.1328 0.0900 0.1459 0.0562 0.0654 0.0850 0.1788 0.1269 
        D517  4 0.0366 0.0292 0.1202 0.0696 0.0689 0.0243 0.0467 0.3906 0.0476 0.1663 
        D518  4 0.3833 0.1602 0.0640 0.0256 0.0293 0.0630 0.0351 0.1618 0.0247 0.0531 
        D519  4 0.0304 0.0784 0.0720 0.1401 0.0450 0.0310 0.0369 0.2667 0.2078 0.0917 
        D560  4 0.0532 0.1258 0.1210 0.1717 0.0934 0.0168 0.0529 0.1348 0.1108 0.1195 
        D561  4 0.0789 0.0396 0.2078 0.0297 0.0715 0.0194 0.0618 0.1774 0.0681 0.2458 
        D562  4 0.1534 0.1249 0.1156 0.0750 0.0607 0.0501 0.0748 0.1762 0.0499 0.1193 
        D563  4 0.1936 0.0477 0.1366 0.0686 0.0278 0.0194 0.3039 0.0537 0.0508 0.0978 
        D572  4 0.6335 0.0636 0.0457 0.0219 0.0498 0.0258 0.0368 0.0554 0.0223 0.0451 
        D629  4 0.0913 0.0330 0.0772 0.0840 0.2282 0.0242 0.0328 0.2976 0.0416 0.0902 
        D630  4 0.0952 0.1969 0.1106 0.0866 0.0718 0.0504 0.0330 0.2096 0.0467 0.0993 
        D631  4 0.5694 0.0790 0.0596 0.0417 0.0266 0.0269 0.0811 0.0373 0.0236 0.0547 
        D632  4 0.2011 0.0442 0.0691 0.0233 0.0570 0.0229 0.1724 0.2709 0.0799 0.0593 
        D646  4 0.0470 0.0480 0.1271 0.0821 0.1198 0.0291 0.0455 0.0974 0.2743 0.1297 
        D647  4 0.0885 0.1034 0.0634 0.0475 0.3666 0.0152 0.0408 0.1032 0.0939 0.0776 
        D648  4 0.2454 0.5631 0.0284 0.0152 0.0178 0.0410 0.0260 0.0202 0.0177 0.0253 
        D649  4 0.2044 0.0374 0.0897 0.0379 0.2033 0.0281 0.0220 0.0576 0.2513 0.0683 
        D650  4 0.1234 0.0878 0.1009 0.0868 0.1518 0.0907 0.0311 0.1183 0.1044 0.1047 
        D708  4 0.1466 0.1033 0.1500 0.1084 0.0409 0.1587 0.0304 0.0468 0.0429 0.1719 
        D709  4 0.0509 0.3316 0.1188 0.0348 0.0295 0.0378 0.0306 0.0305 0.2201 0.1155 
        D738  4 0.0324 0.0776 0.0724 0.0559 0.0879 0.3738 0.0188 0.0761 0.1505 0.0545 
        D739  4 0.0562 0.2287 0.1315 0.0659 0.0300 0.0345 0.0345 0.2370 0.0530 0.1288 
        D740  4 0.0654 0.0319 0.1891 0.0986 0.0266 0.1167 0.0615 0.0452 0.1664 0.1985 
        D741  4 0.0415 0.0761 0.1914 0.0477 0.1171 0.0209 0.0691 0.1129 0.1221 0.2011 
        D742  4 0.1007 0.0638 0.1050 0.1209 0.0494 0.0777 0.2461 0.0760 0.0571 0.1033 
        D743  4 0.3662 0.0344 0.0552 0.0429 0.3291 0.0219 0.0521 0.0368 0.0192 0.0422 
        D744  4 0.7708 0.0235 0.0239 0.0264 0.0262 0.0200 0.0280 0.0273 0.0238 0.0302 
        D745  4 0.0472 0.0887 0.0811 0.0674 0.0303 0.0274 0.0256 0.3359 0.2169 0.0796 
        D814  4 0.0644 0.0923 0.2169 0.0649 0.0348 0.0219 0.1709 0.0874 0.0186 0.2280 
        D815  4 0.3380 0.1540 0.0726 0.0528 0.1226 0.0377 0.0366 0.0308 0.0749 0.0799 
        D828  4 0.0735 0.5585 0.0586 0.0602 0.0147 0.0544 0.0720 0.0303 0.0302 0.0476 
        D845  4 0.0295 0.0168 0.0282 0.7731 0.0218 0.0473 0.0296 0.0140 0.0171 0.0226 
        D846  4 0.2283 0.0775 0.1154 0.0487 0.1063 0.0147 0.1597 0.1141 0.0212 0.1142 
        D847  4 0.0653 0.0811 0.1013 0.1250 0.0781 0.0915 0.0596 0.2399 0.0589 0.0995 
        D848  4 0.0416 0.0285 0.0499 0.1724 0.0224 0.0246 0.0799 0.5065 0.0326 0.0415 
        D849  4 0.0603 0.1504 0.1581 0.0339 0.0459 0.0237 0.0346 0.2236 0.0897 0.1798 
        D850  4 0.0495 0.0361 0.1575 0.1546 0.0805 0.0752 0.0378 0.1960 0.0403 0.1725 
        D856  4 0.0595 0.1072 0.1899 0.0424 0.0382 0.0446 0.0291 0.0518 0.1927 0.2447 
        D857  4 0.0255 0.1757 0.0396 0.0199 0.0114 0.0260 0.0831 0.0375 0.5457 0.0355 
        D859  4 0.4405 0.0718 0.0871 0.1201 0.0674 0.0268 0.0391 0.0399 0.0305 0.0767 
        D860  4 0.0843 0.0267 0.0733 0.1191 0.0940 0.3858 0.0890 0.0374 0.0310 0.0595 
        D883  4 0.0731 0.1155 0.0896 0.0815 0.2027 0.0649 0.0393 0.1274 0.1045 0.1016 
        D884  4 0.0698 0.2008 0.0924 0.0436 0.0565 0.0723 0.0234 0.0884 0.2637 0.0891 
        D885  4 0.0991 0.0357 0.1611 0.2231 0.0953 0.0331 0.0771 0.0679 0.0503 0.1573 
        D886  4 0.0799 0.1892 0.0748 0.0396 0.1502 0.0328 0.0519 0.1530 0.1476 0.0809 
        D887  4 0.1174 0.0732 0.0978 0.1997 0.1076 0.0558 0.1345 0.0557 0.0681 0.0903 
        D889  4 0.0522 0.1360 0.0716 0.5620 0.0390 0.0200 0.0165 0.0221 0.0196 0.0610 
        D890  4 0.1074 0.2035 0.1027 0.0450 0.0435 0.0937 0.0851 0.0851 0.1279 0.1062 
        D891  4 0.0127 0.0108 0.0131 0.8757 0.0166 0.0144 0.0159 0.0135 0.0126 0.0147 
        D899  4 0.1069 0.0602 0.0695 0.1554 0.0335 0.0725 0.3536 0.0304 0.0312 0.0868 
        D900  4 0.1178 0.1031 0.1591 0.0608 0.0995 0.0557 0.0855 0.0971 0.0623 0.1591 
        D970  4 0.3085 0.0448 0.1066 0.0943 0.1387 0.0477 0.0546 0.0598 0.0435 0.1016 
        D971  4 0.1294 0.0838 0.0982 0.0218 0.0562 0.0525 0.3595 0.0378 0.0775 0.0833 
        D979  4 0.2618 0.1598 0.0714 0.0395 0.2565 0.0307 0.0373 0.0338 0.0242 0.0849 
        D093  5 0.0351 0.0607 0.0439 0.0692 0.0459 0.6018 0.0296 0.0309 0.0440 0.0388 
        D154  5 0.0358 0.1577 0.1985 0.1722 0.0309 0.0459 0.0906 0.0265 0.0606 0.1813 
        D168  5 0.0386 0.0637 0.1818 0.1162 0.0708 0.0179 0.1907 0.1141 0.0626 0.1437 
        D189  5 0.0344 0.1996 0.0738 0.2181 0.0480 0.2562 0.0298 0.0338 0.0393 0.0670 
        D190  5 0.0512 0.0645 0.0465 0.0458 0.0346 0.6029 0.0361 0.0193 0.0475 0.0517 
     D237220  5 0.0864 0.0656 0.0999 0.1704 0.0309 0.1119 0.0263 0.1722 0.1300 0.1065 
     D237221  5 0.0750 0.0366 0.0689 0.2065 0.0590 0.2537 0.1118 0.0399 0.0770 0.0717 
     D237274  5 0.2214 0.0887 0.0664 0.0345 0.2754 0.0184 0.0598 0.0415 0.1095 0.0845 
     D237275  5 0.0175 0.1544 0.0918 0.1089 0.0188 0.0294 0.4011 0.0225 0.0588 0.0967 
     D237276  5 0.0522 0.1541 0.0899 0.0486 0.0973 0.1673 0.0408 0.0806 0.1662 0.1029 
     D237277  5 0.0627 0.0334 0.0426 0.1308 0.0250 0.5437 0.0550 0.0198 0.0466 0.0405 
     D237278  5 0.0751 0.0526 0.1216 0.0386 0.0678 0.1581 0.2675 0.0438 0.0835 0.0912 
     D237279  5 0.0670 0.0267 0.2066 0.0334 0.0483 0.0264 0.0251 0.1062 0.2860 0.1743 
     D237280  5 0.0410 0.0458 0.1479 0.0310 0.1400 0.0719 0.0232 0.0701 0.2780 0.1512 
     D237281  5 0.0282 0.0287 0.0827 0.4812 0.0639 0.0275 0.1560 0.0210 0.0220 0.0889 
     D237351  5 0.0248 0.0262 0.0412 0.0365 0.0263 0.0587 0.0246 0.0357 0.6780 0.0479 
     D237352  5 0.1662 0.1353 0.0752 0.0348 0.0512 0.0594 0.0615 0.2802 0.0495 0.0866 
     D237353  5 0.0389 0.0461 0.0330 0.0706 0.0192 0.6635 0.0199 0.0169 0.0573 0.0345 
     D237359  5 0.0684 0.0832 0.1359 0.2946 0.0411 0.0596 0.0298 0.1230 0.0552 0.1091 
     D237361  5 0.0196 0.0374 0.0422 0.0277 0.0200 0.7367 0.0229 0.0169 0.0454 0.0312 
     D237362  5 0.0675 0.1237 0.1248 0.1064 0.1277 0.1012 0.0622 0.0527 0.0785 0.1553 
     D237363  5 0.0234 0.0475 0.3305 0.0488 0.0324 0.0546 0.0715 0.0291 0.0408 0.3214 
     D237364  5 0.1294 0.1217 0.1146 0.1107 0.0710 0.0180 0.0935 0.1064 0.0755 0.1590 
     D237376  5 0.1398 0.6315 0.0261 0.0311 0.0127 0.0609 0.0261 0.0165 0.0236 0.0316 
     D237377  5 0.0537 0.0284 0.1080 0.0400 0.1147 0.1304 0.0412 0.0463 0.2879 0.1493 
     D237378  5 0.0881 0.1870 0.0568 0.1041 0.0237 0.3216 0.0765 0.0374 0.0335 0.0713 
     D237379  5 0.1999 0.1600 0.1197 0.0608 0.0379 0.1841 0.0429 0.0549 0.0346 0.1053 
     D237380  5 0.0724 0.2891 0.0564 0.0175 0.0166 0.0403 0.0183 0.0425 0.3804 0.0666 
     D237381  5 0.1063 0.1171 0.0910 0.0493 0.0438 0.0559 0.0577 0.1572 0.2454 0.0761 
     D237391  5 0.0222 0.0171 0.0336 0.0612 0.0253 0.7451 0.0182 0.0212 0.0254 0.0307 
     D237392  5 0.1089 0.1391 0.0838 0.0330 0.1713 0.0228 0.2022 0.0514 0.1025 0.0850 
     D237393  5 0.0449 0.0588 0.0607 0.0558 0.3671 0.1474 0.0693 0.0339 0.0841 0.0780 
     D237394  5 0.0266 0.0299 0.0240 0.0215 0.0275 0.7766 0.0149 0.0191 0.0285 0.0314 
     D237395  5 0.0283 0.1436 0.0968 0.1407 0.0392 0.2557 0.0527 0.0548 0.0854 0.1028 
     D237396  5 0.0624 0.0186 0.1011 0.0589 0.2770 0.1625 0.0645 0.0876 0.0773 0.0901 
     D244016  5 0.2002 0.0926 0.1544 0.0721 0.0191 0.2129 0.0456 0.0341 0.0500 0.1190 
     D244018  5 0.0276 0.0275 0.0942 0.0961 0.0474 0.2131 0.2891 0.0573 0.0497 0.0982 
     D244019  5 0.0829 0.1088 0.2059 0.1036 0.0813 0.0472 0.0853 0.0320 0.0734 0.1796 
        D279  5 0.0813 0.0381 0.1133 0.4198 0.0326 0.0652 0.0558 0.0284 0.0527 0.1128 
        D280  5 0.0356 0.0452 0.1576 0.1784 0.0967 0.1365 0.0376 0.0851 0.0732 0.1542 
        D281  5 0.0376 0.0569 0.1034 0.5052 0.0272 0.0765 0.0551 0.0188 0.0228 0.0965 
        D283  5 0.0452 0.0292 0.0787 0.1748 0.0929 0.3314 0.0307 0.0279 0.0694 0.1199 
        D284  5 0.0428 0.1226 0.1502 0.0952 0.0461 0.0375 0.0450 0.2408 0.0777 0.1420 
        D285  5 0.0481 0.0475 0.0764 0.2027 0.0683 0.3580 0.0189 0.0337 0.0769 0.0694 
        D286  5 0.1092 0.2172 0.1045 0.0749 0.0817 0.1629 0.0316 0.0608 0.0617 0.0955 
        D287  5 0.1641 0.3974 0.0806 0.0395 0.0225 0.1125 0.0287 0.0389 0.0479 0.0679 
        D288  5 0.0240 0.0281 0.1329 0.3231 0.1774 0.0579 0.0334 0.0344 0.0653 0.1237 
        D308  5 0.0318 0.0287 0.0418 0.0241 0.0610 0.0414 0.0292 0.0271 0.6738 0.0410 
        D309  5 0.7354 0.0307 0.0393 0.0165 0.0269 0.0235 0.0166 0.0377 0.0306 0.0428 
        D310  5 0.0205 0.0513 0.1407 0.0509 0.0199 0.5359 0.0138 0.0128 0.0361 0.1181 
        D311  5 0.0884 0.3040 0.1437 0.0623 0.0752 0.0659 0.0324 0.0348 0.0412 0.1521 
        D312  5 0.1928 0.1353 0.0983 0.0693 0.0938 0.1383 0.0430 0.0772 0.0476 0.1045 
        D313  5 0.0126 0.0160 0.0304 0.0148 0.0201 0.0298 0.0136 0.3224 0.5147 0.0257 
        D314  5 0.0670 0.1800 0.1420 0.1413 0.0280 0.0598 0.0763 0.0577 0.0976 0.1503 
        D315  5 0.0603 0.0804 0.1106 0.0437 0.2445 0.1746 0.0576 0.0627 0.0680 0.0976 
        D317  5 0.0186 0.1063 0.0424 0.0529 0.0608 0.5977 0.0226 0.0261 0.0251 0.0475 
        D318  5 0.1562 0.0552 0.1277 0.0514 0.0724 0.0579 0.1031 0.1608 0.0425 0.1728 
        D319  5 0.0218 0.0441 0.0367 0.0425 0.0256 0.6532 0.0193 0.0180 0.0898 0.0490 
        D320  5 0.0634 0.0568 0.0571 0.0771 0.0332 0.5501 0.0193 0.0313 0.0491 0.0625 
        D321  5 0.0194 0.0237 0.0441 0.1289 0.0992 0.0682 0.0135 0.0256 0.5313 0.0460 
        D336  5 0.0392 0.2170 0.0571 0.0215 0.0272 0.5157 0.0201 0.0211 0.0213 0.0598 
        D337  5 0.0359 0.0407 0.0363 0.0849 0.0302 0.6690 0.0241 0.0162 0.0272 0.0356 
        D338  5 0.0546 0.0797 0.1300 0.1301 0.1599 0.1250 0.0610 0.0444 0.0616 0.1537 
        D339  5 0.0230 0.0475 0.1138 0.1176 0.0443 0.3932 0.0421 0.0258 0.0692 0.1236 
        D347  5 0.0523 0.4871 0.0794 0.0663 0.0886 0.0266 0.0561 0.0357 0.0279 0.0800 
        D348  5 0.1110 0.1297 0.0724 0.0539 0.0232 0.4625 0.0306 0.0241 0.0271 0.0655 
