        D174  1 0.1114 0.5178 0.3708 
        D199  1 0.5425 0.3635 0.0940 
        D203  1 0.4657 0.1526 0.3817 
        D204  1 0.8930 0.0289 0.0781 
     D237366  1 0.2557 0.1043 0.6400 
     D237367  1 0.5475 0.0638 0.3887 
     D237368  1 0.3340 0.0822 0.5838 
     D244101  1 0.9159 0.0501 0.0340 
     D244102  1 0.1746 0.3772 0.4483 
     D244103  1 0.3882 0.0626 0.5492 
     D244104  1 0.5313 0.3475 0.1212 
     D244105  1 0.1085 0.0294 0.8621 
     D244106  1 0.1042 0.7813 0.1145 
     D244107  1 0.4954 0.0246 0.4800 
     D244108  1 0.1517 0.4815 0.3668 
     D244113  1 0.0772 0.7981 0.1247 
     D244114  1 0.4148 0.2947 0.2905 
     D244115  1 0.1367 0.5129 0.3504 
     D267365  1 0.2146 0.6544 0.1310 
        D404  1 0.1199 0.6778 0.2023 
        D405  1 0.2417 0.5068 0.2515 
        D406  1 0.0366 0.0293 0.9342 
        D407  1 0.8690 0.0261 0.1049 
        D408  1 0.0352 0.9277 0.0371 
        D409  1 0.3249 0.0768 0.5983 
        D410  1 0.0450 0.0463 0.9087 
        D421  1 0.9118 0.0640 0.0242 
        D422  1 0.1581 0.0199 0.8220 
        D423  1 0.1684 0.0166 0.8150 
        D424  1 0.5792 0.0490 0.3718 
        D425  1 0.4176 0.4205 0.1619 
        D426  1 0.4082 0.0809 0.5110 
        D427  1 0.7594 0.1854 0.0551 
        D428  1 0.5003 0.2293 0.2704 
        D429  1 0.3276 0.4511 0.2213 
        D430  1 0.3185 0.4167 0.2648 
        D491  1 0.0446 0.9064 0.0490 
        D492  1 0.5235 0.2057 0.2708 
        D537  1 0.7085 0.0451 0.2465 
        D538  1 0.2263 0.1956 0.5781 
        D539  1 0.0667 0.6736 0.2597 
        D540  1 0.3547 0.2854 0.3599 
        D541  1 0.8379 0.0670 0.0951 
        D551  1 0.6385 0.1537 0.2078 
        D552  1 0.1882 0.3791 0.4327 
        D553  1 0.8061 0.0962 0.0976 
        D615  1 0.2794 0.3140 0.4067 
        D616  1 0.4231 0.2074 0.3694 
        D621  1 0.0721 0.1215 0.8064 
        D622  1 0.0738 0.0537 0.8724 
        D623  1 0.2583 0.6413 0.1004 
        D624  1 0.0607 0.8460 0.0933 
        D625  1 0.4145 0.1627 0.4228 
        D626  1 0.1047 0.5875 0.3079 
        D627  1 0.4322 0.1040 0.4639 
        D690  1 0.4374 0.2554 0.3072 
        D691  1 0.0970 0.0324 0.8705 
        D710  1 0.5241 0.3256 0.1503 
        D711  1 0.6330 0.1131 0.2540 
        D712  1 0.0406 0.8751 0.0843 
        D713  1 0.3313 0.3256 0.3431 
        D746  1 0.0916 0.0312 0.8772 
        D747  1 0.8860 0.0550 0.0590 
        D748  1 0.2451 0.0757 0.6792 
        D749  1 0.1172 0.0954 0.7874 
        D750  1 0.1421 0.6836 0.1742 
        D763  1 0.6792 0.1528 0.1681 
        D764  1 0.2514 0.4290 0.3197 
        D765  1 0.0350 0.1431 0.8218 
        D766  1 0.3036 0.0588 0.6376 
        D767  1 0.3908 0.0850 0.5243 
        D768  1 0.8940 0.0265 0.0795 
        D811  1 0.0533 0.7484 0.1983 
        D816  1 0.5709 0.2773 0.1518 
        D825  1 0.1126 0.5003 0.3871 
        D866  1 0.0805 0.8072 0.1123 
        D867  1 0.0651 0.0279 0.9070 
        D871  1 0.3554 0.0868 0.5579 
        D872  1 0.3651 0.0832 0.5518 
        D873  1 0.0158 0.0168 0.9674 
        D874  1 0.4126 0.5211 0.0664 
        D875  1 0.2339 0.0376 0.7286 
        D876  1 0.3089 0.3202 0.3708 
        D877  1 0.1896 0.6659 0.1445 
        D892  1 0.2190 0.1748 0.6062 
        D893  1 0.5697 0.1257 0.3047 
        D894  1 0.4233 0.3250 0.2517 
        D915  1 0.4629 0.1219 0.4152 
        D916  1 0.7147 0.0966 0.1887 
        D917  1 0.3657 0.5495 0.0848 
        D925  1 0.0585 0.1332 0.8082 
        D926  1 0.4564 0.2488 0.2948 
        D927  1 0.6478 0.2492 0.1030 
        D928  1 0.1044 0.8445 0.0511 
        D929  1 0.1550 0.3306 0.5145 
        D936  1 0.6439 0.2802 0.0758 
        D938  1 0.0455 0.0243 0.9302 
        D956  1 0.0428 0.8341 0.1231 
        D957  1 0.2202 0.0763 0.7035 
        D958  1 0.3094 0.1055 0.5850 
        D959  1 0.8699 0.0223 0.1078 
        D960  1 0.0315 0.0247 0.9438 
        D989  1 0.1041 0.8429 0.0529 
        D990  1 0.0250 0.1064 0.8685 
        D023  2 0.3645 0.0389 0.5966 
        D130  2 0.0738 0.0216 0.9046 
        D131  2 0.6527 0.1160 0.2314 
        D163  2 0.1172 0.0396 0.8432 
        D164  2 0.4351 0.0312 0.5338 
        D165  2 0.2209 0.0325 0.7466 
        D166  2 0.1906 0.2533 0.5561 
        D167  2 0.6031 0.2744 0.1225 
        D192  2 0.7114 0.1623 0.1263 
        D193  2 0.0939 0.5984 0.3078 
        D206  2 0.6935 0.0729 0.2335 
        D207  2 0.6982 0.1872 0.1146 
        D208  2 0.0866 0.8416 0.0718 
        D209  2 0.6667 0.0970 0.2363 
        D210  2 0.1879 0.7409 0.0712 
     D229599  2 0.3084 0.4599 0.2317 
     D229600  2 0.2612 0.0378 0.7010 
     D237227  2 0.0613 0.7971 0.1416 
     D237228  2 0.0820 0.3779 0.5401 
     D237258  2 0.2705 0.4216 0.3079 
     D237310  2 0.0473 0.1235 0.8292 
     D237311  2 0.0874 0.0764 0.8362 
     D237312  2 0.0847 0.1796 0.7358 
     D237313  2 0.2548 0.4006 0.3447 
     D237322  2 0.1096 0.7133 0.1770 
     D237323  2 0.0335 0.2122 0.7543 
     D237324  2 0.4776 0.0429 0.4796 
     D237325  2 0.1250 0.1561 0.7189 
     D237326  2 0.2133 0.0936 0.6932 
     D237327  2 0.4622 0.3467 0.1911 
     D237337  2 0.0583 0.1104 0.8314 
     D237338  2 0.1541 0.2881 0.5578 
     D237339  2 0.8888 0.0547 0.0565 
     D237340  2 0.1018 0.3939 0.5043 
     D237389  2 0.0736 0.0612 0.8652 
     D237390  2 0.1076 0.2321 0.6603 
     D244017  2 0.0940 0.7699 0.1362 
     D244112  2 0.3981 0.1415 0.4604 
     D244118  2 0.2180 0.0712 0.7108 
     D244119  2 0.1282 0.8143 0.0574 
     D244120  2 0.0961 0.6402 0.2637 
     D244122  2 0.4242 0.3176 0.2582 
        D291  2 0.2582 0.5370 0.2048 
        D292  2 0.3355 0.5628 0.1017 
        D293  2 0.9710 0.0172 0.0117 
        D322  2 0.9260 0.0387 0.0353 
        D323  2 0.6034 0.2816 0.1149 
        D324  2 0.4095 0.3541 0.2364 
        D325  2 0.9671 0.0147 0.0181 
        D326  2 0.8676 0.0952 0.0372 
        D340  2 0.9561 0.0191 0.0248 
        D341  2 0.8609 0.0666 0.0725 
        D342  2 0.4348 0.1189 0.4463 
        D343  2 0.9771 0.0102 0.0127 
        D344  2 0.6589 0.0929 0.2482 
        D345  2 0.4078 0.2516 0.3406 
        D346  2 0.1454 0.7969 0.0577 
        D351  2 0.7332 0.0884 0.1784 
        D352  2 0.4433 0.2926 0.2641 
        D353  2 0.8686 0.0514 0.0800 
        D354  2 0.3339 0.3831 0.2831 
        D362  2 0.5212 0.2589 0.2199 
        D363  2 0.5039 0.3911 0.1051 
        D364  2 0.5368 0.2310 0.2322 
        D365  2 0.9666 0.0204 0.0130 
        D369  2 0.4882 0.3647 0.1472 
        D374  2 0.0342 0.8474 0.1183 
        D375  2 0.4246 0.1841 0.3913 
        D376  2 0.0345 0.8159 0.1496 
        D377  2 0.1691 0.3943 0.4366 
        D378  2 0.8860 0.0542 0.0598 
        D379  2 0.7783 0.1064 0.1154 
        D384  2 0.8253 0.1210 0.0538 
        D385  2 0.9366 0.0408 0.0226 
        D386  2 0.8298 0.0392 0.1310 
        D391  2 0.9505 0.0258 0.0237 
        D392  2 0.7340 0.1213 0.1446 
        D393  2 0.8015 0.1102 0.0883 
        D394  2 0.3254 0.1353 0.5394 
        D395  2 0.8748 0.0648 0.0603 
        D401  2 0.0392 0.0743 0.8865 
        D402  2 0.9172 0.0495 0.0333 
        D403  2 0.5088 0.0393 0.4519 
        D415  2 0.7452 0.0223 0.2325 
        D435  2 0.8934 0.0288 0.0778 
        D436  2 0.6200 0.1465 0.2335 
        D438  2 0.9418 0.0281 0.0301 
        D439  2 0.7492 0.0531 0.1977 
        D449  2 0.8858 0.0212 0.0930 
        D450  2 0.1293 0.6140 0.2567 
        D456  2 0.8594 0.0453 0.0953 
        D462  2 0.9617 0.0180 0.0203 
        D463  2 0.8873 0.0691 0.0436 
        D464  2 0.7906 0.1146 0.0948 
        D465  2 0.9109 0.0314 0.0577 
        D473  2 0.0743 0.6991 0.2266 
        D474  2 0.5542 0.3473 0.0985 
        D476  2 0.3669 0.0274 0.6057 
        D477  2 0.3861 0.4930 0.1210 
        D478  2 0.2327 0.4314 0.3359 
        D480  2 0.7452 0.2046 0.0502 
        D481  2 0.4157 0.3668 0.2175 
        D482  2 0.0894 0.7290 0.1815 
        D483  2 0.6681 0.2056 0.1264 
        D484  2 0.4398 0.3747 0.1855 
        D510  2 0.0347 0.9105 0.0549 
        D511  2 0.8489 0.0847 0.0665 
        D512  2 0.2590 0.0391 0.7019 
        D513  2 0.8133 0.1121 0.0746 
        D635  2 0.6337 0.1115 0.2548 
        D636  2 0.0718 0.0434 0.8848 
        D637  2 0.4770 0.3098 0.2132 
        D658  2 0.3631 0.4274 0.2095 
        D659  2 0.8159 0.0728 0.1113 
        D677  2 0.4542 0.1336 0.4122 
        D678  2 0.5216 0.2083 0.2700 
        D679  2 0.7532 0.1718 0.0751 
        D719  2 0.3768 0.5923 0.0309 
        D720  2 0.6380 0.2116 0.1504 
        D721  2 0.4579 0.0625 0.4796 
        D722  2 0.0691 0.7767 0.1542 
        D734  2 0.2391 0.7326 0.0283 
        D735  2 0.5456 0.2676 0.1867 
        D736  2 0.1565 0.7392 0.1043 
        D737  2 0.2327 0.4230 0.3443 
        D807  2 0.2105 0.6440 0.1455 
        D808  2 0.3167 0.0887 0.5946 
        D817  2 0.3650 0.4655 0.1695 
        D818  2 0.7657 0.0611 0.1732 
        D819  2 0.3696 0.2961 0.3343 
        D820  2 0.9082 0.0429 0.0489 
        D895  2 0.6475 0.0941 0.2584 
        D896  2 0.0241 0.0660 0.9098 
        D897  2 0.6531 0.1474 0.1995 
        D898  2 0.1057 0.6672 0.2272 
        D918  2 0.2395 0.1483 0.6121 
        D919  2 0.8640 0.0535 0.0825 
        D920  2 0.0243 0.0394 0.9363 
        D923  2 0.7891 0.0803 0.1307 
        D930  2 0.4580 0.2998 0.2423 
        D931  2 0.6335 0.2561 0.1104 
        D968  2 0.9401 0.0373 0.0225 
        D969  2 0.5882 0.3213 0.0905 
        D977  2 0.8910 0.0347 0.0742 
        D978  2 0.3428 0.4942 0.1630 
        D211  3 0.1846 0.0765 0.7390 
     D229639  3 0.0865 0.8630 0.0505 
     D237212  3 0.4856 0.3059 0.2085 
     D237213  3 0.3376 0.1019 0.5605 
     D237214  3 0.2158 0.0480 0.7362 
     D237215  3 0.0959 0.8416 0.0625 
     D237216  3 0.4335 0.0887 0.4777 
     D237217  3 0.2843 0.0405 0.6752 
     D237218  3 0.5663 0.2423 0.1914 
     D237219  3 0.0696 0.4725 0.4578 
     D237382  3 0.2678 0.1948 0.5374 
     D244127  3 0.1315 0.0809 0.7875 
     D244129  3 0.4488 0.1645 0.3867 
     D244133  3 0.1977 0.5987 0.2037 
     D244134  3 0.0527 0.8615 0.0858 
     D244135  3 0.2932 0.0321 0.6747 
     D244136  3 0.2837 0.5798 0.1365 
        D416  3 0.5969 0.1416 0.2615 
        D417  3 0.7219 0.0442 0.2339 
        D419  3 0.3104 0.3536 0.3360 
        D565  3 0.0333 0.9373 0.0294 
        D566  3 0.0589 0.9090 0.0321 
        D567  3 0.6400 0.0716 0.2884 
        D568  3 0.5153 0.0491 0.4356 
        D569  3 0.6694 0.1338 0.1967 
        D573  3 0.8424 0.1045 0.0531 
        D574  3 0.0655 0.8191 0.1154 
        D575  3 0.2790 0.5263 0.1947 
        D576  3 0.1589 0.7244 0.1167 
        D577  3 0.4936 0.2073 0.2991 
        D578  3 0.1057 0.0222 0.8722 
        D579  3 0.4058 0.5010 0.0932 
        D660  3 0.4049 0.1981 0.3970 
        D661  3 0.3202 0.4026 0.2772 
        D663  3 0.5372 0.3678 0.0950 
        D664  3 0.1005 0.3602 0.5393 
        D665  3 0.2374 0.0788 0.6838 
        D666  3 0.1569 0.4901 0.3531 
        D009  4 0.2807 0.0866 0.6327 
        D057  4 0.5060 0.1308 0.3633 
        D109  4 0.0507 0.0944 0.8548 
     D237222  4 0.0643 0.0692 0.8665 
     D237223  4 0.2657 0.1035 0.6308 
     D237224  4 0.5642 0.3072 0.1286 
     D237225  4 0.4648 0.1198 0.4155 
     D237299  4 0.1363 0.0821 0.7816 
     D237300  4 0.0663 0.8862 0.0475 
     D237306  4 0.2205 0.4672 0.3123 
     D237307  4 0.3415 0.5135 0.1450 
     D237308  4 0.5824 0.1991 0.2185 
     D237309  4 0.2681 0.1145 0.6174 
     D237317  4 0.1531 0.7099 0.1371 
     D237318  4 0.1327 0.8295 0.0377 
     D237319  4 0.2003 0.1358 0.6639 
     D237320  4 0.3271 0.1362 0.5368 
     D237321  4 0.0857 0.8013 0.1130 
     D237397  4 0.3062 0.3646 0.3292 
     D237398  4 0.5069 0.3298 0.1634 
     D237399  4 0.1863 0.5979 0.2158 
     D244001  4 0.1465 0.0475 0.8060 
        D289  4 0.5412 0.3503 0.1086 
        D290  4 0.2388 0.3642 0.3970 
        D294  4 0.4901 0.2277 0.2822 
        D295  4 0.3793 0.1979 0.4228 
        D301  4 0.0317 0.0740 0.8943 
        D302  4 0.7409 0.0946 0.1645 
        D303  4 0.1163 0.7367 0.1470 
        D304  4 0.1264 0.6521 0.2215 
        D305  4 0.5992 0.0340 0.3668 
        D306  4 0.1760 0.4547 0.3693 
        D307  4 0.0321 0.0755 0.8924 
        D327  4 0.7045 0.1819 0.1137 
        D328  4 0.1095 0.6773 0.2131 
        D329  4 0.4525 0.1938 0.3536 
        D330  4 0.5748 0.0305 0.3947 
        D331  4 0.1728 0.5194 0.3078 
        D333  4 0.2458 0.4333 0.3209 
        D334  4 0.1468 0.6168 0.2364 
        D335  4 0.8115 0.0926 0.0959 
        D370  4 0.0923 0.4905 0.4172 
        D371  4 0.1617 0.7914 0.0469 
        D372  4 0.0461 0.8677 0.0861 
        D373  4 0.1615 0.0648 0.7738 
        D455  4 0.0556 0.0401 0.9044 
        D490  4 0.0275 0.0260 0.9465 
        D497  4 0.0435 0.0466 0.9099 
        D498  4 0.1257 0.5464 0.3279 
        D499  4 0.2083 0.6723 0.1194 
        D514  4 0.5571 0.1402 0.3027 
        D515  4 0.1856 0.0360 0.7784 
        D516  4 0.3387 0.1817 0.4797 
        D517  4 0.1033 0.0437 0.8530 
        D518  4 0.4233 0.1543 0.4224 
        D519  4 0.2687 0.0486 0.6827 
        D560  4 0.3131 0.0513 0.6356 
        D561  4 0.4711 0.0215 0.5073 
        D562  4 0.3285 0.2649 0.4066 
        D563  4 0.7936 0.0630 0.1434 
        D572  4 0.6215 0.1033 0.2752 
        D629  4 0.4408 0.2297 0.3295 
        D630  4 0.2869 0.2842 0.4289 
        D631  4 0.5591 0.2577 0.1832 
        D632  4 0.2906 0.0427 0.6666 
        D646  4 0.5976 0.0421 0.3603 
        D647  4 0.5668 0.0395 0.3937 
        D648  4 0.1395 0.5725 0.2880 
        D649  4 0.3721 0.0737 0.5542 
        D650  4 0.2980 0.3611 0.3410 
        D708  4 0.1062 0.7236 0.1702 
        D709  4 0.1522 0.4413 0.4064 
        D738  4 0.1927 0.3952 0.4122 
        D739  4 0.1881 0.1447 0.6672 
        D740  4 0.1441 0.5176 0.3383 
        D741  4 0.7142 0.0274 0.2584 
        D742  4 0.4585 0.4000 0.1415 
        D743  4 0.7944 0.1292 0.0764 
        D744  4 0.8408 0.0843 0.0748 
        D745  4 0.1343 0.0390 0.8267 
        D814  4 0.7355 0.0794 0.1851 
        D815  4 0.4720 0.2779 0.2501 
        D828  4 0.0444 0.7472 0.2084 
        D845  4 0.1631 0.8073 0.0296 
        D846  4 0.7354 0.0512 0.2134 
        D847  4 0.2399 0.3465 0.4137 
        D848  4 0.1814 0.0679 0.7507 
        D849  4 0.1402 0.0409 0.8189 
        D850  4 0.5447 0.1791 0.2761 
        D856  4 0.1681 0.1139 0.7180 
        D857  4 0.0223 0.0358 0.9419 
        D859  4 0.4972 0.3135 0.1893 
        D860  4 0.2810 0.6640 0.0550 
        D883  4 0.2497 0.3717 0.3786 
        D884  4 0.2325 0.1638 0.6037 
        D885  4 0.7803 0.0826 0.1371 
        D886  4 0.2431 0.0878 0.6691 
        D887  4 0.3686 0.4046 0.2268 
        D889  4 0.1004 0.7777 0.1219 
        D890  4 0.1338 0.6111 0.2552 
        D891  4 0.0704 0.9135 0.0161 
        D899  4 0.2765 0.6681 0.0554 
        D900  4 0.4656 0.2546 0.2798 
        D970  4 0.5520 0.2520 0.1961 
        D971  4 0.8489 0.0516 0.0995 
        D979  4 0.7729 0.1357 0.0914 
        D093  5 0.0844 0.8012 0.1145 
        D154  5 0.4553 0.3313 0.2135 
        D168  5 0.6017 0.1229 0.2753 
        D189  5 0.1183 0.7596 0.1222 
        D190  5 0.0817 0.8566 0.0617 
     D237220  5 0.1365 0.3043 0.5592 
     D237221  5 0.1826 0.7206 0.0968 
     D237274  5 0.8227 0.0608 0.1165 
     D237275  5 0.4490 0.3209 0.2301 
     D237276  5 0.1709 0.2836 0.5455 
     D237277  5 0.0852 0.8697 0.0451 
     D237278  5 0.3139 0.4311 0.2549 
     D237279  5 0.2600 0.0433 0.6967 
     D237280  5 0.1955 0.2363 0.5682 
     D237281  5 0.7710 0.1568 0.0722 
     D237351  5 0.0682 0.2433 0.6885 
     D237352  5 0.4605 0.1066 0.4329 
     D237353  5 0.0280 0.9345 0.0375 
     D237359  5 0.2378 0.3637 0.3985 
     D237361  5 0.0294 0.9255 0.0451 
     D237362  5 0.3800 0.5016 0.1184 
     D237363  5 0.4822 0.2709 0.2469 
     D237364  5 0.5009 0.0892 0.4099 
     D237376  5 0.0440 0.8066 0.1494 
     D237377  5 0.4956 0.2068 0.2976 
     D237378  5 0.0549 0.8573 0.0878 
     D237379  5 0.1635 0.6729 0.1636 
     D237380  5 0.0415 0.0621 0.8963 
     D237381  5 0.1899 0.1448 0.6653 
     D237391  5 0.0741 0.8561 0.0698 
     D237392  5 0.7839 0.0717 0.1444 
     D237393  5 0.3503 0.4622 0.1875 
     D237394  5 0.0377 0.9176 0.0447 
     D237395  5 0.0803 0.6105 0.3092 
     D237396  5 0.7115 0.1744 0.1142 
     D244016  5 0.1900 0.7567 0.0533 
     D244018  5 0.5871 0.2781 0.1349 
     D244019  5 0.5779 0.3271 0.0950 
        D279  5 0.4478 0.3987 0.1535 
        D280  5 0.1047 0.7609 0.1344 
        D281  5 0.3479 0.5806 0.0715 
        D283  5 0.1794 0.7784 0.0422 
        D284  5 0.1634 0.1537 0.6828 
        D285  5 0.0629 0.8443 0.0928 
        D286  5 0.1992 0.4874 0.3134 
        D287  5 0.0342 0.6958 0.2699 
        D288  5 0.1703 0.7883 0.0413 
        D308  5 0.0677 0.0531 0.8792 
        D309  5 0.8889 0.0378 0.0734 
        D310  5 0.0456 0.9243 0.0301 
        D311  5 0.3134 0.4882 0.1985 
        D312  5 0.1711 0.6641 0.1647 
        D313  5 0.0205 0.0264 0.9532 
        D314  5 0.2773 0.3245 0.3982 
        D315  5 0.1654 0.6182 0.2165 
        D317  5 0.0565 0.8872 0.0564 
        D318  5 0.5578 0.2211 0.2210 
        D319  5 0.0504 0.8624 0.0872 
        D320  5 0.0480 0.8798 0.0721 
        D321  5 0.0707 0.2870 0.6423 
        D336  5 0.0728 0.8052 0.1220 
        D337  5 0.0384 0.9403 0.0213 
        D338  5 0.2969 0.3239 0.3792 
        D339  5 0.0858 0.8012 0.1130 
        D347  5 0.3696 0.4838 0.1465 
        D348  5 0.0975 0.8518 0.0507 
        D349  5 0.0392 0.1712 0.7896 
        D350  5 0.8585 0.0518 0.0897 
        D355  5 0.8366 0.1168 0.0466 
        D356  5 0.0967 0.6831 0.2202 
        D357  5 0.1238 0.6061 0.2701 
        D358  5 0.2250 0.5772 0.1978 
        D359  5 0.2626 0.6646 0.0728 
        D360  5 0.0668 0.7398 0.1933 
        D361  5 0.0293 0.0858 0.8850 
        D366  5 0.9413 0.0308 0.0279 
        D367  5 0.0631 0.7734 0.1634 
        D368  5 0.1006 0.5664 0.3330 
        D380  5 0.7646 0.1075 0.1280 
        D381  5 0.1427 0.7861 0.0713 
        D400  5 0.2103 0.6227 0.1670 
        D411  5 0.0424 0.0248 0.9328 
        D412  5 0.2578 0.4257 0.3165 
        D413  5 0.8497 0.0591 0.0911 
        D414  5 0.7315 0.1416 0.1269 
        D420  5 0.1058 0.5402 0.3540 
        D431  5 0.0396 0.7643 0.1961 
        D432  5 0.1037 0.7123 0.1840 
        D433  5 0.0693 0.8738 0.0569 
        D434  5 0.1331 0.6998 0.1672 
        D440  5 0.8627 0.0302 0.1071 
        D447  5 0.8582 0.0267 0.1150 
        D448  5 0.0825 0.8401 0.0774 
        D459  5 0.8061 0.1672 0.0267 
        D460  5 0.1082 0.1989 0.6929 
        D461  5 0.8759 0.0793 0.0448 
        D468  5 0.3950 0.4098 0.1952 
        D469  5 0.4140 0.3030 0.2830 
        D470  5 0.1931 0.1794 0.6275 
        D471  5 0.1063 0.8295 0.0643 
        D472  5 0.9216 0.0497 0.0287 
        D479  5 0.8670 0.0576 0.0755 
        D485  5 0.1624 0.4814 0.3561 
        D486  5 0.3515 0.2545 0.3940 
        D487  5 0.0904 0.8013 0.1083 
        D555  5 0.0533 0.9097 0.0369 
        D556  5 0.0386 0.8786 0.0828 
        D557  5 0.0497 0.9233 0.0270 
        D564  5 0.1110 0.6502 0.2388 
        D594  5 0.6532 0.2006 0.1462 
        D595  5 0.2225 0.6509 0.1266 
        D596  5 0.0325 0.9331 0.0344 
        D597  5 0.4718 0.4679 0.0602 
        D598  5 0.2226 0.4588 0.3186 
        D617  5 0.1599 0.0457 0.7944 
        D618  5 0.0905 0.8241 0.0854 
        D619  5 0.3392 0.2991 0.3617 
        D620  5 0.8936 0.0667 0.0398 
        D628  5 0.3072 0.1757 0.5170 
        D714  5 0.0605 0.8772 0.0623 
        D715  5 0.0864 0.8805 0.0331 
        D716  5 0.3368 0.4836 0.1796 
        D717  5 0.3156 0.4932 0.1912 
        D718  5 0.0612 0.3123 0.6265 
        D769  5 0.1279 0.0456 0.8266 
        D770  5 0.4344 0.4539 0.1117 
        D771  5 0.2855 0.4146 0.2999 
        D772  5 0.1443 0.7477 0.1080 
        D782  5 0.5250 0.1029 0.3721 
        D783  5 0.5615 0.3132 0.1254 
        D784  5 0.5610 0.3270 0.1120 
        D785  5 0.0630 0.8389 0.0981 
        D786  5 0.3309 0.0426 0.6265 
        D821  5 0.0202 0.9648 0.0151 
        D822  5 0.6427 0.2857 0.0716 
        D826  5 0.1867 0.7343 0.0791 
        D827  5 0.8564 0.0475 0.0961 
        D851  5 0.3067 0.4319 0.2614 
        D852  5 0.1338 0.6533 0.2129 
        D853  5 0.1113 0.7262 0.1625 
        D854  5 0.5138 0.2171 0.2691 
        D861  5 0.3053 0.4715 0.2232 
        D862  5 0.3900 0.4925 0.1176 
        D865  5 0.0405 0.9149 0.0446 
        D868  5 0.5128 0.2487 0.2385 
        D869  5 0.1067 0.0387 0.8546 
        D870  5 0.3902 0.0243 0.5856 
        D907  5 0.0455 0.8318 0.1227 
        D908  5 0.0578 0.8353 0.1069 
        D910  5 0.1722 0.7656 0.0623 
        D911  5 0.7634 0.1982 0.0384 
        D934  5 0.2754 0.5941 0.1305 
        D946  5 0.0745 0.6830 0.2425 
        D947  5 0.2458 0.4412 0.3129 
        D948  5 0.0652 0.2383 0.6964 
        D949  5 0.0540 0.1558 0.7902 
        D950  5 0.7469 0.2106 0.0425 
        D951  5 0.6969 0.1182 0.1848 
        D952  5 0.4937 0.3860 0.1203 
        D953  5 0.0586 0.8397 0.1017 
        D954  5 0.2955 0.6044 0.1001 
        D961  5 0.0923 0.4944 0.4133 
        D962  5 0.0601 0.8585 0.0814 
        D963  5 0.4320 0.4787 0.0893 
        D964  5 0.1355 0.4821 0.3824 
        D965  5 0.3872 0.2659 0.3469 
        D966  5 0.3127 0.5975 0.0898 
        D967  5 0.1093 0.6945 0.1962 
        D991  5 0.1494 0.2651 0.5855 
        D502  6 0.3721 0.0932 0.5347 
        D503  6 0.1626 0.2562 0.5812 
        D504  6 0.5857 0.2599 0.1544 
        D505  6 0.3173 0.5267 0.1560 
        D506  6 0.0414 0.9006 0.0581 
        D507  6 0.4186 0.2706 0.3108 
        D508  6 0.4498 0.3304 0.2198 
        D529  6 0.2205 0.4173 0.3622 
        D530  6 0.1160 0.4143 0.4697 
        D531  6 0.4148 0.3185 0.2667 
        D532  6 0.4649 0.4031 0.1320 
        D534  6 0.1062 0.0426 0.8511 
        D535  6 0.3111 0.5375 0.1514 
        D536  6 0.6822 0.0415 0.2763 
        D554  6 0.1401 0.5114 0.3485 
        D587  6 0.1486 0.7487 0.1027 
        D588  6 0.4619 0.4525 0.0855 
        D589  6 0.2426 0.5494 0.2079 
        D590  6 0.8568 0.0592 0.0840 
        D591  6 0.1208 0.7398 0.1395 
        D592  6 0.0620 0.0977 0.8403 
        D593  6 0.0955 0.6044 0.3001 
        D682  6 0.0543 0.8779 0.0677 
        D683  6 0.2982 0.5109 0.1909 
        D684  6 0.3913 0.0521 0.5566 
        D685  6 0.1561 0.5115 0.3324 
        D686  6 0.1446 0.6370 0.2184 
        D724  6 0.3791 0.1647 0.4562 
        D725  6 0.2579 0.5221 0.2200 
        D726  6 0.0534 0.8697 0.0769 
        D727  6 0.8894 0.0520 0.0586 
        D728  6 0.0946 0.7610 0.1444 
        D729  6 0.7940 0.0256 0.1803 
        D730  6 0.2667 0.1690 0.5643 
        D731  6 0.0342 0.9427 0.0231 
        D732  6 0.5628 0.2311 0.2060 
        D733  6 0.2073 0.3277 0.4650 
     D237251  7 0.0774 0.7808 0.1418 
     D237252  7 0.1712 0.1013 0.7276 
     D237253  7 0.1835 0.6686 0.1479 
     D237254  7 0.1568 0.0313 0.8119 
     D237255  7 0.1586 0.7337 0.1077 
     D237256  7 0.7028 0.1856 0.1117 
     D237257  7 0.2577 0.1024 0.6400 
     D237282  7 0.7740 0.0386 0.1874 
     D237283  7 0.0377 0.0418 0.9205 
     D237284  7 0.1467 0.0313 0.8219 
     D237285  7 0.2409 0.5057 0.2534 
     D237286  7 0.4337 0.4421 0.1242 
     D237287  7 0.6767 0.1667 0.1566 
     D244006  7 0.1213 0.0224 0.8563 
     D244007  7 0.8369 0.0580 0.1051 
     D244008  7 0.0377 0.0612 0.9012 
     D244009  7 0.0883 0.1027 0.8089 
     D244010  7 0.1495 0.1689 0.6816 
     D244011  7 0.1229 0.6614 0.2158 
     D244012  7 0.4970 0.1586 0.3444 
     D244013  7 0.2694 0.5832 0.1474 
     D244014  7 0.2572 0.2935 0.4493 
     D244015  7 0.4656 0.0392 0.4951 
     D244125  7 0.1922 0.7596 0.0482 
     D244126  7 0.0322 0.0212 0.9466 
     D244130  7 0.2411 0.1861 0.5728 
     D244131  7 0.2912 0.4983 0.2105 
     D244132  7 0.2662 0.5881 0.1457 
        D520  7 0.0834 0.3222 0.5944 
        D521  7 0.3450 0.1786 0.4764 
        D522  7 0.2437 0.1023 0.6541 
        D523  7 0.1593 0.7333 0.1074 
        D524  7 0.1417 0.6039 0.2544 
        D525  7 0.1182 0.2282 0.6536 
        D526  7 0.1574 0.0355 0.8072 
        D527  7 0.2567 0.4214 0.3219 
        D528  7 0.3692 0.0168 0.6139 
        D558  7 0.7330 0.0554 0.2115 
        D559  7 0.7305 0.0624 0.2071 
        D640  7 0.1773 0.6959 0.1268 
        D641  7 0.0572 0.7628 0.1799 
        D642  7 0.2295 0.1143 0.6562 
        D644  7 0.1499 0.4417 0.4084 
        D645  7 0.2997 0.3410 0.3594 
        D662  7 0.1463 0.1584 0.6953 
        D687  7 0.2512 0.5431 0.2057 
        D688  7 0.6561 0.0691 0.2748 
        D689  7 0.0944 0.8231 0.0824 
        D700  7 0.4041 0.0153 0.5805 
        D797  7 0.1910 0.5777 0.2313 
        D798  7 0.1503 0.0623 0.7874 
        D799  7 0.1283 0.5632 0.3085 
        D800  7 0.6757 0.0556 0.2687 
        D132  8 0.0797 0.0379 0.8824 
        D133  8 0.7635 0.0374 0.1990 
        D200  8 0.1301 0.4216 0.4483 
        D500  8 0.0286 0.0298 0.9416 
        D614  8 0.0979 0.5940 0.3081 
        D723  8 0.5956 0.0959 0.3085 
        D888  8 0.0658 0.8674 0.0668 
        D901  8 0.0981 0.1080 0.7940 
        D902  8 0.0844 0.7118 0.2038 
        D903  8 0.6703 0.2368 0.0930 
        D904  8 0.4571 0.1927 0.3502 
        D905  8 0.0267 0.9460 0.0274 
        D906  8 0.6930 0.1280 0.1789 
        D937  8 0.0312 0.8518 0.1171 
        D943  8 0.3055 0.1222 0.5723 
        D972  8 0.4533 0.0519 0.4949 
        D973  8 0.5557 0.0566 0.3877 
        D974  8 0.3161 0.2984 0.3855 
        D975  8 0.1709 0.4560 0.3731 
        D976  8 0.1838 0.4144 0.4017 
        D201  9 0.3585 0.2634 0.3780 
        D202  9 0.1224 0.4288 0.4489 
     D237259  9 0.7545 0.0417 0.2038 
     D237260  9 0.1636 0.2379 0.5985 
     D237262  9 0.0296 0.0418 0.9286 
     D237263  9 0.1819 0.1462 0.6719 
     D237264  9 0.3081 0.2392 0.4527 
     D237265  9 0.0925 0.7142 0.1934 
     D237266  9 0.6695 0.0775 0.2530 
     D237267  9 0.2070 0.4299 0.3631 
     D237268  9 0.1214 0.1706 0.7080 
     D237289  9 0.1486 0.6477 0.2037 
     D237290  9 0.2451 0.5173 0.2376 
     D237291  9 0.3082 0.4561 0.2357 
     D237292  9 0.4163 0.0833 0.5004 
     D237293  9 0.2138 0.2919 0.4943 
     D237294  9 0.0442 0.1434 0.8124 
     D237295  9 0.1827 0.3514 0.4659 
     D237296  9 0.1345 0.5093 0.3562 
     D237297  9 0.1554 0.6598 0.1848 
     D237298  9 0.4211 0.2044 0.3745 
     D237341  9 0.3070 0.5242 0.1689 
     D237342  9 0.0941 0.0848 0.8210 
     D237343  9 0.2536 0.1133 0.6331 
     D237344  9 0.1436 0.7013 0.1551 
     D237345  9 0.0377 0.0193 0.9430 
     D237346  9 0.1116 0.6800 0.2084 
     D237347  9 0.0945 0.8337 0.0718 
     D237348  9 0.2060 0.3338 0.4601 
     D237349  9 0.8761 0.0296 0.0943 
     D244109  9 0.6924 0.0299 0.2777 
     D244110  9 0.5795 0.1647 0.2558 
     D244111  9 0.4250 0.2598 0.3152 
     D244128  9 0.0381 0.0369 0.9250 
     D244137  9 0.7067 0.1102 0.1832 
     D244138  9 0.2062 0.5238 0.2700 
        D580  9 0.1410 0.0371 0.8219 
        D581  9 0.3336 0.2901 0.3762 
        D582  9 0.0253 0.0225 0.9523 
        D583  9 0.3239 0.1868 0.4893 
        D584  9 0.1070 0.4560 0.4370 
        D585  9 0.0997 0.1210 0.7793 
        D586  9 0.0316 0.9230 0.0454 
        D651  9 0.5953 0.2777 0.1269 
        D652  9 0.6209 0.0414 0.3377 
        D653  9 0.7094 0.2231 0.0675 
        D654  9 0.8026 0.0396 0.1578 
        D655  9 0.0857 0.8647 0.0497 
        D656  9 0.1557 0.0351 0.8091 
        D657  9 0.3863 0.1378 0.4759 
        D667  9 0.0655 0.8850 0.0495 
        D668  9 0.1189 0.3807 0.5004 
        D669  9 0.2001 0.4777 0.3222 
        D670  9 0.8488 0.0663 0.0849 
        D671  9 0.5528 0.1967 0.2505 
        D672  9 0.0650 0.0412 0.8938 
        D673  9 0.0865 0.4182 0.4953 
        D692  9 0.4095 0.0374 0.5531 
        D693  9 0.1632 0.4860 0.3508 
        D694  9 0.0756 0.0758 0.8486 
        D695  9 0.1800 0.2741 0.5459 
        D696  9 0.0309 0.9052 0.0639 
        D697  9 0.1674 0.7241 0.1085 
        D698  9 0.2513 0.5486 0.2002 
        D699  9 0.0433 0.7566 0.2001 
        D787  9 0.5625 0.1079 0.3296 
        D788  9 0.1328 0.6128 0.2545 
        D789  9 0.1348 0.2738 0.5914 
        D790  9 0.4984 0.2736 0.2280 
        D791  9 0.1284 0.6752 0.1963 
        D792  9 0.7651 0.0839 0.1509 
        D793  9 0.1202 0.8397 0.0401 
        D794  9 0.4757 0.3867 0.1376 
        D795  9 0.0292 0.1447 0.8261 
        D796  9 0.1248 0.7051 0.1700 
        D142 10 0.2641 0.5517 0.1842 
        D143 10 0.8190 0.0591 0.1219 
        D144 10 0.2272 0.4359 0.3369 
        D145 10 0.1571 0.7245 0.1184 
        D146 10 0.1203 0.0815 0.7982 
        D147 10 0.3600 0.0942 0.5458 
        D148 10 0.3857 0.1051 0.5093 
        D149 10 0.6921 0.1627 0.1452 
        D151 10 0.2675 0.1198 0.6127 
        D152 10 0.5611 0.2922 0.1466 
        D153 10 0.3469 0.3094 0.3436 
        D156 10 0.7981 0.1051 0.0968 
        D157 10 0.0808 0.5750 0.3442 
        D158 10 0.0758 0.5151 0.4091 
        D159 10 0.8960 0.0646 0.0394 
        D160 10 0.0208 0.9484 0.0308 
        D161 10 0.4604 0.3226 0.2170 
        D162 10 0.6441 0.2686 0.0873 
        D169 10 0.0914 0.0649 0.8438 
        D170 10 0.0743 0.0734 0.8523 
        D171 10 0.2702 0.3512 0.3786 
        D172 10 0.4209 0.1513 0.4279 
        D173 10 0.9500 0.0158 0.0342 
        D181 10 0.1882 0.7088 0.1029 
        D182 10 0.5849 0.1523 0.2628 
        D183 10 0.0536 0.8055 0.1409 
        D184 10 0.0448 0.0156 0.9396 
        D185 10 0.4742 0.2156 0.3103 
        D186 10 0.0364 0.0346 0.9290 
        D194 10 0.1519 0.1024 0.7457 
        D195 10 0.2720 0.6439 0.0841 
        D196 10 0.5666 0.3808 0.0526 
        D197 10 0.1084 0.0852 0.8064 
        D198 10 0.2470 0.3818 0.3712 
     D237226 10 0.2410 0.4757 0.2833 
     D237232 10 0.0712 0.8221 0.1068 
     D237233 10 0.1833 0.5614 0.2553 
     D237234 10 0.1460 0.6382 0.2158 
     D237354 10 0.1205 0.8417 0.0378 
     D237355 10 0.0505 0.9019 0.0476 
     D237356 10 0.2572 0.4589 0.2839 
     D237357 10 0.5728 0.0784 0.3488 
     D237358 10 0.7199 0.0495 0.2306 
     D237369 10 0.2291 0.0206 0.7503 
     D237370 10 0.1151 0.7757 0.1092 
     D237371 10 0.4054 0.2076 0.3870 
     D237372 10 0.4217 0.0618 0.5166 
     D237373 10 0.0905 0.7757 0.1338 
     D237374 10 0.0383 0.9366 0.0251 
     D237375 10 0.6797 0.1161 0.2042 
     D237400 10 0.6096 0.2875 0.1029 
     D244002 10 0.3375 0.0260 0.6366 
     D244003 10 0.0216 0.9114 0.0669 
     D244004 10 0.0133 0.9306 0.0562 
     D244005 10 0.1755 0.4677 0.3568 
     D244020 10 0.2246 0.6314 0.1440 
     D244021 10 0.3146 0.0668 0.6186 
     D244116 10 0.2224 0.0856 0.6921 
     D244117 10 0.1076 0.7687 0.1236 
     D244121 10 0.0735 0.6686 0.2579 
     D244123 10 0.1058 0.7527 0.1415 
     D244124 10 0.1529 0.1534 0.6937 
        D332 10 0.7771 0.0940 0.1289 
        D570 10 0.1042 0.7581 0.1376 
        D602 10 0.9007 0.0487 0.0507 
        D603 10 0.1958 0.4067 0.3975 
        D604 10 0.8124 0.1327 0.0548 
        D605 10 0.4115 0.2194 0.3691 
        D606 10 0.0559 0.1667 0.7774 
        D607 10 0.9008 0.0368 0.0624 
        D608 10 0.9542 0.0226 0.0232 
        D609 10 0.1238 0.7296 0.1466 
        D610 10 0.2162 0.6665 0.1173 
        D611 10 0.0236 0.9384 0.0380 
        D613 10 0.4481 0.4349 0.1170 
        D633 10 0.7874 0.0586 0.1540 
        D634 10 0.1726 0.5463 0.2811 
        D638 10 0.4021 0.4499 0.1480 
        D681 10 0.1554 0.3147 0.5299 
        D754 10 0.0387 0.2033 0.7580 
        D755 10 0.0589 0.8518 0.0893 
        D756 10 0.0791 0.6089 0.3120 
        D757 10 0.2855 0.4186 0.2959 
        D758 10 0.2555 0.3551 0.3894 
        D759 10 0.0901 0.8259 0.0840 
        D760 10 0.2783 0.5907 0.1310 
        D761 10 0.0337 0.9282 0.0381 
        D762 10 0.7297 0.1389 0.1314 
        D775 10 0.0336 0.8942 0.0722 
        D776 10 0.1253 0.8114 0.0633 
        D777 10 0.0506 0.8210 0.1284 
        D778 10 0.1632 0.4423 0.3945 
        D779 10 0.1198 0.3833 0.4969 
        D780 10 0.3767 0.4669 0.1564 
        D781 10 0.8342 0.0678 0.0980 
        D858 10 0.0531 0.0305 0.9164 
        D933 10 0.3373 0.6056 0.0571 
        D038 11 0.1325 0.6175 0.2501 
        D063 11 0.1561 0.6322 0.2118 
        D155 11 0.1135 0.7782 0.1083 
        D175 11 0.0839 0.3296 0.5865 
        D176 11 0.2982 0.4446 0.2572 
        D205 11 0.0513 0.4885 0.4602 
     D237229 11 0.6642 0.0447 0.2912 
     D237230 11 0.8820 0.0220 0.0961 
     D237231 11 0.8331 0.0561 0.1108 
     D237269 11 0.5552 0.2785 0.1663 
     D237270 11 0.0989 0.0641 0.8370 
     D237271 11 0.1586 0.4675 0.3739 
     D237272 11 0.7182 0.0398 0.2420 
     D237273 11 0.1075 0.6415 0.2510 
     D237301 11 0.6838 0.1810 0.1352 
     D237302 11 0.2552 0.1276 0.6171 
     D237303 11 0.3203 0.0343 0.6454 
     D237304 11 0.3536 0.2160 0.4304 
     D237305 11 0.1033 0.1066 0.7901 
     D237314 11 0.1103 0.6382 0.2515 
     D237315 11 0.1093 0.0895 0.8012 
     D237316 11 0.7152 0.1507 0.1340 
     D237328 11 0.3849 0.1395 0.4756 
     D237329 11 0.3183 0.3629 0.3188 
     D237330 11 0.0772 0.7893 0.1334 
     D237331 11 0.1257 0.7724 0.1019 
     D237332 11 0.3528 0.3210 0.3262 
     D237333 11 0.1103 0.8488 0.0409 
     D237334 11 0.7043 0.1585 0.1372 
     D237335 11 0.2700 0.3243 0.4057 
     D237336 11 0.0814 0.7269 0.1917 
     D237350 11 0.3303 0.4730 0.1967 
     D237383 11 0.1028 0.3690 0.5282 
     D237384 11 0.3737 0.2290 0.3973 
     D237385 11 0.3427 0.2226 0.4346 
     D237386 11 0.6596 0.1953 0.1451 
     D237387 11 0.4753 0.1059 0.4188 
     D237388 11 0.1576 0.7335 0.1089 
        D239 11 0.1348 0.7513 0.1138 
        D240 11 0.2264 0.5373 0.2363 
        D241 11 0.4207 0.0956 0.4837 
        D242 11 0.5938 0.1900 0.2162 
        D243 11 0.0797 0.7514 0.1689 
        D244 11 0.0336 0.8292 0.1372 
        D245 11 0.2683 0.0553 0.6764 
        D246 11 0.1599 0.3815 0.4587 
        D247 11 0.4444 0.1997 0.3559 
        D248 11 0.7316 0.1721 0.0963 
        D249 11 0.0991 0.2884 0.6125 
        D250 11 0.6448 0.2954 0.0598 
        D251 11 0.1137 0.6225 0.2638 
        D252 11 0.3611 0.2278 0.4112 
        D253 11 0.0948 0.6352 0.2700 
        D254 11 0.4724 0.0333 0.4943 
        D255 11 0.3294 0.4352 0.2354 
        D256 11 0.1544 0.6121 0.2335 
        D257 11 0.1424 0.1006 0.7571 
        D258 11 0.1469 0.1511 0.7020 
        D259 11 0.1006 0.0399 0.8595 
        D260 11 0.3142 0.2377 0.4481 
        D261 11 0.3019 0.4392 0.2589 
        D262 11 0.2535 0.2151 0.5314 
        D263 11 0.1708 0.4810 0.3482 
        D264 11 0.2696 0.0539 0.6765 
        D265 11 0.4690 0.1979 0.3331 
        D266 11 0.4531 0.4734 0.0735 
        D267 11 0.1317 0.5060 0.3623 
        D268 11 0.1518 0.7937 0.0545 
        D269 11 0.5241 0.3205 0.1554 
        D270 11 0.4758 0.1677 0.3565 
        D271 11 0.1375 0.3727 0.4898 
        D272 11 0.3767 0.3875 0.2358 
        D273 11 0.0274 0.0230 0.9496 
        D274 11 0.2042 0.5053 0.2905 
        D275 11 0.3628 0.3805 0.2567 
        D276 11 0.1947 0.7047 0.1007 
        D277 11 0.4415 0.3755 0.1830 
        D278 11 0.1327 0.3837 0.4836 
        D282 11 0.0667 0.0836 0.8497 
        D296 11 0.2513 0.6336 0.1150 
        D297 11 0.2354 0.5026 0.2620 
        D298 11 0.3159 0.5503 0.1338 
        D299 11 0.1976 0.5664 0.2359 
        D300 11 0.3146 0.4861 0.1993 
        D382 11 0.2251 0.5845 0.1904 
        D383 11 0.0344 0.5129 0.4528 
        D387 11 0.1475 0.6916 0.1609 
        D388 11 0.7897 0.1260 0.0844 
        D389 11 0.3868 0.4122 0.2010 
        D390 11 0.6770 0.2376 0.0854 
        D396 11 0.7409 0.1618 0.0973 
        D397 11 0.0600 0.0537 0.8863 
        D398 11 0.0627 0.6498 0.2875 
        D399 11 0.7195 0.0554 0.2251 
        D437 11 0.2373 0.0716 0.6911 
        D441 11 0.0926 0.8549 0.0525 
        D442 11 0.3013 0.3650 0.3337 
        D443 11 0.0370 0.9332 0.0298 
        D444 11 0.6393 0.2096 0.1511 
        D445 11 0.4169 0.0683 0.5149 
        D446 11 0.5601 0.0494 0.3904 
        D451 11 0.3070 0.3596 0.3333 
        D452 11 0.5298 0.2637 0.2065 
        D453 11 0.7295 0.1115 0.1591 
        D454 11 0.2032 0.0730 0.7239 
        D457 11 0.1311 0.3444 0.5245 
        D458 11 0.2565 0.5952 0.1484 
        D466 11 0.6787 0.0705 0.2509 
        D467 11 0.1500 0.5630 0.2870 
        D475 11 0.0662 0.0733 0.8605 
        D488 11 0.6701 0.1886 0.1413 
        D489 11 0.3153 0.0937 0.5910 
        D493 11 0.3890 0.0899 0.5211 
        D494 11 0.6139 0.2248 0.1613 
        D495 11 0.2487 0.1164 0.6350 
        D496 11 0.1954 0.7625 0.0421 
        D674 11 0.1463 0.6970 0.1567 
        D675 11 0.1836 0.7869 0.0295 
        D676 11 0.1108 0.2111 0.6781 
        D680 11 0.0291 0.8495 0.1213 
        D701 11 0.3365 0.2441 0.4195 
        D702 11 0.2617 0.0639 0.6744 
        D703 11 0.4221 0.3354 0.2426 
        D704 11 0.2595 0.3937 0.3468 
        D705 11 0.6878 0.0218 0.2904 
        D706 11 0.1872 0.3002 0.5126 
        D707 11 0.4071 0.1672 0.4257 
        D751 11 0.3141 0.3636 0.3224 
        D752 11 0.1763 0.6200 0.2037 
        D753 11 0.8156 0.0567 0.1277 
        D773 11 0.0258 0.0165 0.9577 
        D774 11 0.5501 0.2146 0.2353 
        D801 11 0.3530 0.5371 0.1099 
        D802 11 0.6253 0.0919 0.2828 
        D803 11 0.0664 0.8319 0.1017 
        D804 11 0.4764 0.2499 0.2737 
        D805 11 0.2802 0.3677 0.3520 
        D806 11 0.0622 0.0351 0.9026 
        D809 11 0.2819 0.5364 0.1817 
        D810 11 0.1483 0.7896 0.0621 
        D812 11 0.2957 0.1829 0.5214 
        D813 11 0.2053 0.6545 0.1402 
        D823 11 0.2486 0.4684 0.2830 
        D824 11 0.4001 0.3950 0.2050 
        D829 11 0.7807 0.1573 0.0620 
        D830 11 0.4984 0.0627 0.4389 
        D831 11 0.2784 0.3853 0.3363 
        D832 11 0.3805 0.2966 0.3229 
        D833 11 0.2816 0.5811 0.1373 
        D834 11 0.3508 0.4647 0.1845 
        D835 11 0.0526 0.1968 0.7506 
        D855 11 0.2541 0.5267 0.2192 
        D863 11 0.0425 0.9199 0.0377 
        D864 11 0.1821 0.5690 0.2489 
        D878 11 0.1669 0.7160 0.1171 
        D879 11 0.1407 0.0933 0.7660 
        D880 11 0.6356 0.3211 0.0433 
        D881 11 0.0298 0.9237 0.0465 
        D882 11 0.6489 0.2420 0.1091 
        D909 11 0.5478 0.2986 0.1536 
        D921 11 0.1714 0.6160 0.2126 
        D924 11 0.3028 0.6431 0.0541 
        D935 11 0.5819 0.1464 0.2717 
        D940 11 0.0476 0.9061 0.0463 
        D941 11 0.1898 0.7025 0.1076 
        D942 11 0.0473 0.0345 0.9182 
        D980 11 0.5625 0.1584 0.2791 
        D981 11 0.1344 0.1169 0.7488 
        D982 11 0.8764 0.0476 0.0760 
        D983 11 0.2171 0.6734 0.1095 
        D984 11 0.5161 0.3508 0.1332 
        D992 11 0.1567 0.0437 0.7996 
        D993 11 0.2265 0.6405 0.1330 
        D994 11 0.1847 0.4112 0.4041 
        D995 11 0.0971 0.2443 0.6586 
        H354 11 0.3892 0.0488 0.5621 
        D005 12 0.4334 0.0662 0.5005 
        D035 12 0.1046 0.7337 0.1616 
        D067 12 0.3692 0.4897 0.1412 
        D134 12 0.1692 0.5007 0.3302 
        D135 12 0.3985 0.3224 0.2791 
        D136 12 0.7677 0.0465 0.1858 
        D137 12 0.7872 0.0779 0.1349 
        D138 12 0.3757 0.3823 0.2420 
        D139 12 0.6687 0.2323 0.0989 
        D140 12 0.2908 0.5018 0.2074 
        D141 12 0.0269 0.0203 0.9528 
        D150 12 0.0764 0.0956 0.8280 
        D177 12 0.5429 0.2827 0.1744 
        D178 12 0.9134 0.0249 0.0617 
        D179 12 0.7637 0.0599 0.1764 
        D180 12 0.8008 0.0435 0.1557 
        D187 12 0.1268 0.7139 0.1593 
        D188 12 0.0347 0.0243 0.9411 
        D191 12 0.0436 0.0512 0.9051 
        D418 12 0.0650 0.0329 0.9022 
        D601 12 0.3089 0.0513 0.6398 
        D836 12 0.1238 0.0590 0.8172 
        D837 12 0.3503 0.3686 0.2811 
        D838 12 0.0806 0.8749 0.0445 
        D839 12 0.6906 0.1742 0.1352 
        D840 12 0.3179 0.5851 0.0971 
        D841 12 0.1211 0.6240 0.2549 
        D842 12 0.0173 0.0204 0.9622 
        D843 12 0.2533 0.5526 0.1941 
        D844 12 0.2731 0.0710 0.6559 
        D912 12 0.4129 0.5087 0.0784 
        D913 12 0.8072 0.1442 0.0486 
