        D174  1 0.7635 0.1869 0.0496 
        D199  1 0.5436 0.1141 0.3424 
        D203  1 0.4019 0.2144 0.3837 
        D204  1 0.7647 0.1334 0.1019 
     D237366  1 0.2382 0.5475 0.2143 
     D237367  1 0.1457 0.7655 0.0888 
     D237368  1 0.2480 0.5647 0.1873 
     D244101  1 0.3444 0.0931 0.5626 
     D244102  1 0.5060 0.2818 0.2122 
     D244103  1 0.1341 0.8117 0.0542 
     D244104  1 0.5723 0.2134 0.2143 
     D244105  1 0.0357 0.9222 0.0422 
     D244106  1 0.6172 0.0881 0.2947 
     D244107  1 0.0343 0.8627 0.1030 
     D244108  1 0.7797 0.1268 0.0934 
     D244113  1 0.8836 0.0449 0.0715 
     D244114  1 0.2818 0.1659 0.5522 
     D244115  1 0.5746 0.3439 0.0816 
     D267365  1 0.8292 0.0791 0.0917 
        D404  1 0.7931 0.0689 0.1381 
        D405  1 0.6458 0.1293 0.2248 
        D406  1 0.1095 0.8659 0.0247 
        D407  1 0.0898 0.8087 0.1016 
        D408  1 0.5980 0.1135 0.2885 
        D409  1 0.0564 0.8690 0.0746 
        D410  1 0.0655 0.9160 0.0185 
        D421  1 0.4430 0.3536 0.2034 
        D422  1 0.0184 0.9588 0.0228 
        D423  1 0.0179 0.9651 0.0170 
        D424  1 0.1984 0.7767 0.0250 
        D425  1 0.8204 0.1124 0.0672 
        D426  1 0.0245 0.8402 0.1352 
        D427  1 0.1237 0.0588 0.8175 
        D428  1 0.5552 0.3195 0.1253 
        D429  1 0.7373 0.1526 0.1101 
        D430  1 0.3329 0.2563 0.4109 
        D491  1 0.9072 0.0516 0.0412 
        D492  1 0.6275 0.2946 0.0779 
        D537  1 0.5613 0.3850 0.0537 
        D538  1 0.4672 0.3130 0.2198 
        D539  1 0.4113 0.1653 0.4235 
        D540  1 0.3094 0.5684 0.1222 
        D541  1 0.5629 0.3055 0.1317 
        D551  1 0.0652 0.1309 0.8040 
        D552  1 0.5238 0.3445 0.1316 
        D553  1 0.4031 0.4990 0.0980 
        D615  1 0.5147 0.2766 0.2087 
        D616  1 0.2303 0.4731 0.2966 
        D621  1 0.2598 0.6809 0.0593 
        D622  1 0.0816 0.8709 0.0475 
        D623  1 0.6662 0.0468 0.2870 
        D624  1 0.8658 0.0857 0.0485 
        D625  1 0.7829 0.1811 0.0360 
        D626  1 0.5026 0.3018 0.1957 
        D627  1 0.0451 0.8456 0.1094 
        D690  1 0.7056 0.2666 0.0278 
        D691  1 0.0956 0.8629 0.0415 
        D710  1 0.5977 0.2267 0.1755 
        D711  1 0.7395 0.1892 0.0713 
        D712  1 0.7650 0.0950 0.1399 
        D713  1 0.8512 0.1114 0.0374 
        D746  1 0.0410 0.9261 0.0329 
        D747  1 0.6759 0.1765 0.1476 
        D748  1 0.3956 0.5503 0.0540 
        D749  1 0.1725 0.5920 0.2354 
        D750  1 0.8170 0.1315 0.0516 
        D763  1 0.1190 0.2200 0.6611 
        D764  1 0.7332 0.2249 0.0419 
        D765  1 0.1820 0.7716 0.0464 
        D766  1 0.3175 0.6451 0.0374 
        D767  1 0.5090 0.2728 0.2182 
        D768  1 0.2569 0.6439 0.0992 
        D811  1 0.6905 0.2009 0.1086 
        D816  1 0.8265 0.1340 0.0395 
        D825  1 0.7097 0.2479 0.0425 
        D866  1 0.3036 0.0939 0.6025 
        D867  1 0.0324 0.9347 0.0329 
        D871  1 0.0911 0.8655 0.0433 
        D872  1 0.7519 0.1920 0.0561 
        D873  1 0.0212 0.9598 0.0190 
        D874  1 0.8729 0.0309 0.0962 
        D875  1 0.0348 0.9451 0.0201 
        D876  1 0.8492 0.1050 0.0457 
        D877  1 0.9436 0.0230 0.0333 
        D892  1 0.7447 0.2162 0.0390 
        D893  1 0.3315 0.4429 0.2256 
        D894  1 0.5536 0.3130 0.1334 
        D915  1 0.5057 0.4321 0.0622 
        D916  1 0.7055 0.2399 0.0546 
        D917  1 0.7482 0.0864 0.1654 
        D925  1 0.1590 0.8104 0.0306 
        D926  1 0.5642 0.3719 0.0639 
        D927  1 0.2453 0.1058 0.6489 
        D928  1 0.9653 0.0185 0.0162 
        D929  1 0.7043 0.1717 0.1241 
        D936  1 0.4860 0.1099 0.4041 
        D938  1 0.0387 0.9448 0.0165 
        D956  1 0.7211 0.1026 0.1763 
        D957  1 0.6030 0.3372 0.0598 
        D958  1 0.8430 0.1359 0.0210 
        D959  1 0.0757 0.8579 0.0664 
        D960  1 0.0755 0.9018 0.0227 
        D989  1 0.5741 0.0557 0.3702 
        D990  1 0.0258 0.9005 0.0737 
        D023  2 0.0420 0.9216 0.0364 
        D130  2 0.0631 0.9043 0.0326 
        D131  2 0.1784 0.6270 0.1946 
        D163  2 0.0387 0.9322 0.0291 
        D164  2 0.0189 0.4976 0.4834 
        D165  2 0.0290 0.9216 0.0494 
        D166  2 0.2924 0.3994 0.3082 
        D167  2 0.0366 0.0221 0.9414 
        D192  2 0.0161 0.0152 0.9688 
        D193  2 0.7333 0.1644 0.1023 
        D206  2 0.1380 0.5821 0.2798 
        D207  2 0.1220 0.1198 0.7582 
        D208  2 0.3133 0.0979 0.5888 
        D209  2 0.0640 0.1717 0.7644 
        D210  2 0.4240 0.0741 0.5019 
     D229599  2 0.3943 0.2949 0.3109 
     D229600  2 0.0535 0.5676 0.3788 
     D237227  2 0.3805 0.3990 0.2205 
     D237228  2 0.2201 0.5680 0.2119 
     D237258  2 0.2840 0.2782 0.4379 
     D237310  2 0.0955 0.7460 0.1585 
     D237311  2 0.0526 0.6564 0.2910 
     D237312  2 0.3112 0.5963 0.0925 
     D237313  2 0.5323 0.3205 0.1472 
     D237322  2 0.1809 0.1498 0.6693 
     D237323  2 0.2045 0.6834 0.1120 
     D237324  2 0.0378 0.6360 0.3261 
     D237325  2 0.3183 0.5413 0.1403 
     D237326  2 0.2455 0.6961 0.0584 
     D237327  2 0.1003 0.1048 0.7948 
     D237337  2 0.1712 0.7910 0.0378 
     D237338  2 0.2093 0.5537 0.2369 
     D237339  2 0.2307 0.0920 0.6774 
     D237340  2 0.2187 0.3216 0.4597 
     D237389  2 0.0919 0.7829 0.1252 
     D237390  2 0.4172 0.4589 0.1239 
     D244017  2 0.3964 0.0847 0.5189 
     D244112  2 0.0255 0.0935 0.8810 
     D244118  2 0.0370 0.2069 0.7562 
     D244119  2 0.3158 0.0575 0.6268 
     D244120  2 0.1228 0.0817 0.7956 
     D244122  2 0.0742 0.0771 0.8487 
        D291  2 0.0874 0.2444 0.6682 
        D292  2 0.2609 0.0796 0.6594 
        D293  2 0.0898 0.0267 0.8835 
        D322  2 0.2102 0.0833 0.7065 
        D323  2 0.4059 0.1777 0.4164 
        D324  2 0.2739 0.3416 0.3844 
        D325  2 0.0153 0.0939 0.8908 
        D326  2 0.7644 0.1053 0.1303 
        D340  2 0.0188 0.0430 0.9382 
        D341  2 0.0332 0.0330 0.9338 
        D342  2 0.0416 0.2012 0.7572 
        D343  2 0.0116 0.0197 0.9688 
        D344  2 0.5944 0.2601 0.1455 
        D345  2 0.3724 0.4723 0.1553 
        D346  2 0.5124 0.1069 0.3806 
        D351  2 0.2159 0.4243 0.3598 
        D352  2 0.3787 0.2714 0.3499 
        D353  2 0.3660 0.3329 0.3011 
        D354  2 0.7653 0.1829 0.0518 
        D362  2 0.6087 0.3234 0.0679 
        D363  2 0.7036 0.2212 0.0752 
        D364  2 0.6837 0.2152 0.1011 
        D365  2 0.0213 0.0211 0.9575 
        D369  2 0.2814 0.2550 0.4636 
        D374  2 0.9346 0.0297 0.0356 
        D375  2 0.4944 0.3629 0.1426 
        D376  2 0.8661 0.0584 0.0754 
        D377  2 0.3597 0.3885 0.2518 
        D378  2 0.2265 0.1466 0.6269 
        D379  2 0.8050 0.1092 0.0858 
        D384  2 0.8851 0.0706 0.0443 
        D385  2 0.0269 0.0324 0.9407 
        D386  2 0.4757 0.2781 0.2461 
        D391  2 0.0273 0.0260 0.9468 
        D392  2 0.0912 0.0909 0.8179 
        D393  2 0.2758 0.2033 0.5209 
        D394  2 0.2816 0.4627 0.2557 
        D395  2 0.0689 0.1237 0.8074 
        D401  2 0.0292 0.9289 0.0419 
        D402  2 0.0174 0.0179 0.9647 
        D403  2 0.3578 0.5159 0.1263 
        D415  2 0.1595 0.7943 0.0462 
        D435  2 0.0898 0.3269 0.5833 
        D436  2 0.7361 0.1549 0.1090 
        D438  2 0.0207 0.0207 0.9586 
        D439  2 0.1422 0.4662 0.3916 
        D449  2 0.0403 0.2112 0.7485 
        D450  2 0.7915 0.1448 0.0637 
        D456  2 0.4295 0.5179 0.0526 
        D462  2 0.0272 0.0235 0.9493 
        D463  2 0.8619 0.0879 0.0503 
        D464  2 0.5307 0.1213 0.3480 
        D465  2 0.0948 0.4387 0.4665 
        D473  2 0.6863 0.1628 0.1509 
        D474  2 0.2907 0.2417 0.4676 
        D476  2 0.0563 0.7265 0.2173 
        D477  2 0.5569 0.1707 0.2723 
        D478  2 0.4821 0.3787 0.1392 
        D480  2 0.5537 0.0361 0.4102 
        D481  2 0.4955 0.2311 0.2734 
        D482  2 0.1913 0.1807 0.6280 
        D483  2 0.0347 0.0278 0.9375 
        D484  2 0.3301 0.1318 0.5381 
        D510  2 0.7717 0.0414 0.1869 
        D511  2 0.2945 0.1605 0.5451 
        D512  2 0.0278 0.7898 0.1824 
        D513  2 0.1458 0.2563 0.5979 
        D635  2 0.2201 0.7079 0.0719 
        D636  2 0.0350 0.9329 0.0321 
        D637  2 0.1394 0.1253 0.7353 
        D658  2 0.1613 0.0479 0.7908 
        D659  2 0.4352 0.3874 0.1774 
        D677  2 0.2516 0.4681 0.2803 
        D678  2 0.0366 0.0747 0.8888 
        D679  2 0.4256 0.1773 0.3971 
        D719  2 0.6728 0.0363 0.2909 
        D720  2 0.7995 0.1226 0.0779 
        D721  2 0.0907 0.6969 0.2124 
        D722  2 0.8315 0.0725 0.0960 
        D734  2 0.5139 0.0266 0.4595 
        D735  2 0.6062 0.1702 0.2236 
        D736  2 0.4997 0.1548 0.3455 
        D737  2 0.0845 0.0707 0.8448 
        D807  2 0.6021 0.0932 0.3047 
        D808  2 0.1719 0.4116 0.4165 
        D817  2 0.6474 0.2486 0.1040 
        D818  2 0.0545 0.2666 0.6789 
        D819  2 0.2425 0.5704 0.1872 
        D820  2 0.7737 0.0684 0.1579 
        D895  2 0.2672 0.6073 0.1255 
        D896  2 0.0621 0.9152 0.0227 
        D897  2 0.0532 0.0866 0.8601 
        D898  2 0.3567 0.3887 0.2545 
        D918  2 0.1189 0.4523 0.4288 
        D919  2 0.1977 0.1652 0.6371 
        D920  2 0.0541 0.8907 0.0551 
        D923  2 0.7126 0.1522 0.1351 
        D930  2 0.7625 0.1279 0.1096 
        D931  2 0.4515 0.1324 0.4161 
        D968  2 0.0245 0.0237 0.9518 
        D969  2 0.2898 0.0941 0.6161 
        D977  2 0.0302 0.1247 0.8451 
        D978  2 0.1636 0.1026 0.7338 
        D211  3 0.1181 0.7691 0.1128 
     D229639  3 0.1119 0.0568 0.8313 
     D237212  3 0.1493 0.2853 0.5654 
     D237213  3 0.1994 0.6450 0.1556 
     D237214  3 0.0704 0.9044 0.0252 
     D237215  3 0.0678 0.0301 0.9021 
     D237216  3 0.0612 0.6824 0.2564 
     D237217  3 0.0608 0.8475 0.0917 
     D237218  3 0.1716 0.1457 0.6827 
     D237219  3 0.1167 0.6216 0.2617 
     D237382  3 0.6465 0.2237 0.1298 
     D244127  3 0.0355 0.7968 0.1677 
     D244129  3 0.2759 0.3982 0.3259 
     D244133  3 0.2665 0.4653 0.2682 
     D244134  3 0.2033 0.1885 0.6083 
     D244135  3 0.0340 0.8678 0.0982 
     D244136  3 0.5788 0.2028 0.2184 
        D416  3 0.0733 0.3235 0.6031 
        D417  3 0.7213 0.2076 0.0711 
        D419  3 0.2212 0.3636 0.4152 
        D565  3 0.9085 0.0434 0.0480 
        D566  3 0.3385 0.0948 0.5667 
        D567  3 0.4481 0.4541 0.0978 
        D568  3 0.1381 0.4884 0.3735 
        D569  3 0.1835 0.2315 0.5851 
        D573  3 0.0367 0.0891 0.8741 
        D574  3 0.6218 0.2390 0.1391 
        D575  3 0.2958 0.4613 0.2429 
        D576  3 0.0249 0.0321 0.9430 
        D577  3 0.6599 0.2400 0.1001 
        D578  3 0.0186 0.9448 0.0366 
        D579  3 0.5065 0.1723 0.3212 
        D660  3 0.0362 0.2933 0.6705 
        D661  3 0.0464 0.0625 0.8911 
        D663  3 0.0785 0.0705 0.8511 
        D664  3 0.1663 0.4803 0.3534 
        D665  3 0.0409 0.7707 0.1883 
        D666  3 0.2679 0.5134 0.2186 
        D009  4 0.2198 0.6991 0.0811 
        D057  4 0.1247 0.2023 0.6730 
        D109  4 0.0977 0.8391 0.0632 
     D237222  4 0.2954 0.6329 0.0717 
     D237223  4 0.2199 0.6051 0.1750 
     D237224  4 0.1426 0.0986 0.7588 
     D237225  4 0.2435 0.6306 0.1259 
     D237299  4 0.0393 0.8465 0.1142 
     D237300  4 0.0329 0.0319 0.9352 
     D237306  4 0.7839 0.1462 0.0699 
     D237307  4 0.6379 0.2031 0.1590 
     D237308  4 0.1560 0.1151 0.7289 
     D237309  4 0.1799 0.7064 0.1138 
     D237317  4 0.8678 0.0892 0.0430 
     D237318  4 0.0315 0.0212 0.9474 
     D237319  4 0.2766 0.5415 0.1818 
     D237320  4 0.1015 0.4838 0.4147 
     D237321  4 0.0843 0.1119 0.8039 
     D237397  4 0.3918 0.2492 0.3590 
     D237398  4 0.0674 0.1632 0.7694 
     D237399  4 0.4802 0.2217 0.2981 
     D244001  4 0.0881 0.8424 0.0695 
        D289  4 0.4857 0.1198 0.3945 
        D290  4 0.6309 0.1475 0.2216 
        D294  4 0.4430 0.1292 0.4278 
        D295  4 0.5737 0.2645 0.1618 
        D301  4 0.0501 0.8048 0.1451 
        D302  4 0.7338 0.1746 0.0915 
        D303  4 0.6665 0.1300 0.2035 
        D304  4 0.7247 0.0797 0.1955 
        D305  4 0.0565 0.3764 0.5671 
        D306  4 0.7952 0.1367 0.0681 
        D307  4 0.0561 0.8504 0.0935 
        D327  4 0.6910 0.1645 0.1445 
        D328  4 0.7695 0.1105 0.1200 
        D329  4 0.1809 0.1354 0.6837 
        D330  4 0.2456 0.6506 0.1038 
        D331  4 0.5077 0.2174 0.2749 
        D333  4 0.5543 0.1848 0.2609 
        D334  4 0.8477 0.0955 0.0568 
        D335  4 0.8213 0.0591 0.1196 
        D370  4 0.7279 0.2005 0.0716 
        D371  4 0.8846 0.0506 0.0648 
        D372  4 0.0577 0.0401 0.9023 
        D373  4 0.0229 0.8088 0.1683 
        D455  4 0.0508 0.8271 0.1220 
        D490  4 0.0335 0.9447 0.0217 
        D497  4 0.0469 0.8973 0.0558 
        D498  4 0.4975 0.2548 0.2476 
        D499  4 0.1733 0.0740 0.7527 
        D514  4 0.4235 0.4153 0.1612 
        D515  4 0.2012 0.7031 0.0957 
        D516  4 0.3841 0.3612 0.2547 
        D517  4 0.0335 0.8842 0.0822 
        D518  4 0.6422 0.1939 0.1639 
        D519  4 0.0619 0.7110 0.2271 
        D560  4 0.1056 0.5911 0.3033 
        D561  4 0.0391 0.9034 0.0575 
        D562  4 0.3145 0.3138 0.3716 
        D563  4 0.0535 0.1626 0.7839 
        D572  4 0.5964 0.1857 0.2179 
        D629  4 0.2669 0.5944 0.1387 
        D630  4 0.4654 0.3192 0.2154 
        D631  4 0.2386 0.0745 0.6869 
        D632  4 0.0665 0.6913 0.2422 
        D646  4 0.1342 0.6806 0.1851 
        D647  4 0.3675 0.4007 0.2319 
        D648  4 0.7577 0.0930 0.1493 
        D649  4 0.3531 0.5649 0.0819 
        D650  4 0.5771 0.2877 0.1353 
        D708  4 0.6345 0.1771 0.1884 
        D709  4 0.8064 0.1161 0.0775 
        D738  4 0.7629 0.1841 0.0530 
        D739  4 0.2402 0.5216 0.2382 
        D740  4 0.1316 0.3149 0.5535 
        D741  4 0.0709 0.5653 0.3638 
        D742  4 0.1531 0.0856 0.7614 
        D743  4 0.5463 0.1187 0.3349 
        D744  4 0.3020 0.1595 0.5384 
        D745  4 0.0671 0.8420 0.0909 
        D814  4 0.0621 0.1551 0.7828 
        D815  4 0.7264 0.1168 0.1568 
        D828  4 0.3843 0.1275 0.4882 
        D845  4 0.0574 0.0277 0.9149 
        D846  4 0.0933 0.3854 0.5213 
        D847  4 0.3277 0.3494 0.3229 
        D848  4 0.0229 0.6941 0.2830 
        D849  4 0.1047 0.8024 0.0930 
        D850  4 0.2446 0.5280 0.2273 
        D856  4 0.2758 0.5694 0.1548 
        D857  4 0.0427 0.8930 0.0643 
        D859  4 0.3999 0.1361 0.4640 
        D860  4 0.6206 0.0446 0.3348 
        D883  4 0.5706 0.3446 0.0849 
        D884  4 0.5122 0.3867 0.1011 
        D885  4 0.0693 0.3666 0.5641 
        D886  4 0.4252 0.4106 0.1642 
        D887  4 0.2033 0.1612 0.6356 
        D889  4 0.3674 0.0673 0.5652 
        D890  4 0.4893 0.2806 0.2301 
        D891  4 0.0158 0.0210 0.9632 
        D899  4 0.2498 0.0384 0.7117 
        D900  4 0.4262 0.3104 0.2634 
        D970  4 0.3866 0.1980 0.4154 
        D971  4 0.2447 0.0974 0.6580 
        D979  4 0.8417 0.0504 0.1080 
        D093  5 0.7157 0.1135 0.1708 
        D154  5 0.1246 0.1349 0.7405 
        D168  5 0.0673 0.4579 0.4748 
        D189  5 0.5419 0.0743 0.3838 
        D190  5 0.8293 0.0495 0.1212 
     D237220  5 0.2089 0.4980 0.2930 
     D237221  5 0.5313 0.1036 0.3651 
     D237274  5 0.6996 0.2340 0.0665 
     D237275  5 0.0419 0.0566 0.9015 
     D237276  5 0.6447 0.2328 0.1225 
     D237277  5 0.5227 0.0719 0.4054 
     D237278  5 0.1926 0.1460 0.6614 
     D237279  5 0.0261 0.9306 0.0433 
     D237280  5 0.3310 0.5888 0.0801 
     D237281  5 0.0261 0.0383 0.9356 
     D237351  5 0.1324 0.7563 0.1113 
     D237352  5 0.3871 0.4987 0.1143 
     D237353  5 0.7739 0.0525 0.1736 
     D237359  5 0.1612 0.4268 0.4120 
     D237361  5 0.8994 0.0489 0.0518 
     D237362  5 0.4486 0.2714 0.2801 
     D237363  5 0.1276 0.5081 0.3643 
     D237364  5 0.1158 0.3591 0.5251 
     D237376  5 0.6849 0.0682 0.2470 
     D237377  5 0.3861 0.5247 0.0892 
     D237378  5 0.4271 0.0693 0.5036 
     D237379  5 0.5415 0.1715 0.2870 
     D237380  5 0.4291 0.5414 0.0294 
     D237381  5 0.2592 0.6098 0.1310 
     D237391  5 0.7728 0.0983 0.1289 
     D237392  5 0.4872 0.2705 0.2423 
     D237393  5 0.7188 0.1491 0.1321 
     D237394  5 0.8855 0.0777 0.0368 
     D237395  5 0.4295 0.3077 0.2628 
     D237396  5 0.4846 0.3617 0.1536 
     D244016  5 0.5090 0.1571 0.3339 
     D244018  5 0.1450 0.2930 0.5620 
     D244019  5 0.4837 0.1712 0.3451 
        D279  5 0.0667 0.1757 0.7575 
        D280  5 0.4275 0.1686 0.4039 
        D281  5 0.0663 0.0333 0.9004 
        D283  5 0.7680 0.0741 0.1579 
        D284  5 0.1088 0.7239 0.1673 
        D285  5 0.7046 0.1183 0.1771 
        D286  5 0.6707 0.1499 0.1794 
        D287  5 0.6597 0.1540 0.1863 
        D288  5 0.4972 0.1069 0.3959 
        D308  5 0.0591 0.9190 0.0219 
        D309  5 0.6623 0.2070 0.1307 
        D310  5 0.7905 0.0649 0.1447 
        D311  5 0.7007 0.1164 0.1829 
        D312  5 0.8017 0.0996 0.0987 
        D313  5 0.0229 0.9594 0.0177 
        D314  5 0.1401 0.2625 0.5974 
        D315  5 0.6624 0.1875 0.1501 
        D317  5 0.8780 0.0519 0.0701 
        D318  5 0.2835 0.3979 0.3186 
        D319  5 0.7973 0.0489 0.1538 
        D320  5 0.8142 0.0851 0.1007 
        D321  5 0.0729 0.8468 0.0803 
        D336  5 0.9422 0.0294 0.0284 
        D337  5 0.8134 0.0217 0.1649 
        D338  5 0.4349 0.2541 0.3111 
        D339  5 0.6424 0.1085 0.2492 
        D347  5 0.7572 0.0561 0.1867 
        D348  5 0.8582 0.0348 0.1070 
        D349  5 0.0587 0.8941 0.0472 
        D350  5 0.5863 0.1249 0.2888 
        D355  5 0.1317 0.0775 0.7908 
        D356  5 0.7767 0.1423 0.0811 
        D357  5 0.5795 0.2177 0.2028 
        D358  5 0.7873 0.1130 0.0998 
        D359  5 0.9037 0.0620 0.0343 
        D360  5 0.8199 0.1281 0.0521 
        D361  5 0.0319 0.9369 0.0312 
        D366  5 0.1718 0.4013 0.4269 
        D367  5 0.7123 0.1490 0.1386 
        D368  5 0.5392 0.3728 0.0880 
        D380  5 0.4117 0.3708 0.2175 
        D381  5 0.7253 0.1203 0.1544 
        D400  5 0.5268 0.0582 0.4150 
        D411  5 0.0198 0.9524 0.0279 
        D412  5 0.4013 0.2024 0.3963 
        D413  5 0.0493 0.0933 0.8574 
        D414  5 0.1166 0.0772 0.8062 
        D420  5 0.0986 0.6074 0.2940 
        D431  5 0.2101 0.2118 0.5782 
        D432  5 0.4900 0.2156 0.2944 
        D433  5 0.6645 0.0751 0.2604 
        D434  5 0.8346 0.0848 0.0806 
        D440  5 0.5792 0.1818 0.2390 
        D447  5 0.1851 0.5781 0.2368 
        D448  5 0.8426 0.0336 0.1238 
        D459  5 0.0667 0.0313 0.9020 
        D460  5 0.0733 0.8796 0.0471 
        D461  5 0.7729 0.0902 0.1369 
        D468  5 0.4689 0.3784 0.1527 
        D469  5 0.5420 0.3288 0.1293 
        D470  5 0.4176 0.4625 0.1199 
        D471  5 0.7483 0.0371 0.2146 
        D472  5 0.3337 0.1006 0.5657 
        D479  5 0.0389 0.0335 0.9276 
        D485  5 0.6092 0.1599 0.2309 
        D486  5 0.3632 0.5389 0.0979 
        D487  5 0.1378 0.0812 0.7810 
        D555  5 0.7851 0.0478 0.1671 
        D556  5 0.3614 0.1236 0.5150 
        D557  5 0.8468 0.0275 0.1257 
        D564  5 0.6324 0.1924 0.1752 
        D594  5 0.6189 0.2320 0.1491 
        D595  5 0.6098 0.1723 0.2178 
        D596  5 0.8480 0.0483 0.1037 
        D597  5 0.5614 0.0544 0.3842 
        D598  5 0.6758 0.1688 0.1554 
        D617  5 0.0320 0.8346 0.1334 
        D618  5 0.6318 0.0885 0.2797 
        D619  5 0.5840 0.3481 0.0679 
        D620  5 0.0346 0.0349 0.9305 
        D628  5 0.6232 0.1751 0.2017 
        D714  5 0.2294 0.0924 0.6782 
        D715  5 0.6572 0.0629 0.2799 
        D716  5 0.6044 0.1183 0.2773 
        D717  5 0.7148 0.1466 0.1386 
        D718  5 0.3107 0.4578 0.2315 
        D769  5 0.0549 0.7967 0.1484 
        D770  5 0.1822 0.1050 0.7129 
        D771  5 0.2179 0.1887 0.5934 
        D772  5 0.6725 0.1040 0.2235 
        D782  5 0.0478 0.7494 0.2028 
        D783  5 0.2175 0.1109 0.6716 
        D784  5 0.6325 0.1684 0.1991 
        D785  5 0.8205 0.1178 0.0617 
        D786  5 0.2333 0.6613 0.1054 
        D821  5 0.8914 0.0280 0.0805 
        D822  5 0.8032 0.0806 0.1162 
        D826  5 0.2615 0.0668 0.6717 
        D827  5 0.4249 0.3364 0.2388 
        D851  5 0.5117 0.2818 0.2064 
        D852  5 0.1671 0.1312 0.7017 
        D853  5 0.6338 0.1484 0.2178 
        D854  5 0.1672 0.3693 0.4635 
        D861  5 0.2854 0.2445 0.4701 
        D862  5 0.8623 0.0975 0.0402 
        D865  5 0.6362 0.0931 0.2707 
        D868  5 0.6447 0.1946 0.1606 
        D869  5 0.0335 0.9330 0.0336 
        D870  5 0.0293 0.9282 0.0425 
        D907  5 0.6902 0.1652 0.1446 
        D908  5 0.1312 0.0712 0.7976 
        D910  5 0.4958 0.0622 0.4420 
        D911  5 0.0877 0.0396 0.8727 
        D934  5 0.0994 0.1167 0.7839 
        D946  5 0.1476 0.1462 0.7062 
        D947  5 0.3904 0.2837 0.3259 
        D948  5 0.0980 0.8504 0.0517 
        D949  5 0.0685 0.8866 0.0449 
        D950  5 0.0481 0.0419 0.9100 
        D951  5 0.7307 0.2146 0.0546 
        D952  5 0.7716 0.1030 0.1253 
        D953  5 0.8009 0.0894 0.1098 
        D954  5 0.8145 0.1153 0.0702 
        D961  5 0.5574 0.1734 0.2692 
        D962  5 0.9093 0.0437 0.0470 
        D963  5 0.7678 0.0660 0.1662 
        D964  5 0.1704 0.4326 0.3969 
        D965  5 0.4530 0.1882 0.3588 
        D966  5 0.4397 0.0900 0.4703 
        D967  5 0.3272 0.1861 0.4867 
        D991  5 0.5861 0.2872 0.1267 
        D502  6 0.0770 0.5006 0.4224 
        D503  6 0.0422 0.2431 0.7147 
        D504  6 0.5587 0.2175 0.2238 
        D505  6 0.3882 0.2101 0.4018 
        D506  6 0.8882 0.0687 0.0431 
        D507  6 0.1237 0.3323 0.5440 
        D508  6 0.4171 0.1900 0.3928 
        D529  6 0.3229 0.4613 0.2158 
        D530  6 0.5595 0.2428 0.1977 
        D531  6 0.4406 0.2417 0.3177 
        D532  6 0.6946 0.1733 0.1321 
        D534  6 0.0584 0.8793 0.0623 
        D535  6 0.7665 0.1626 0.0709 
        D536  6 0.0307 0.1918 0.7776 
        D554  6 0.6729 0.2260 0.1011 
        D587  6 0.8278 0.0783 0.0938 
        D588  6 0.6915 0.1721 0.1364 
        D589  6 0.1101 0.1565 0.7334 
        D590  6 0.0504 0.1745 0.7751 
        D591  6 0.2234 0.3501 0.4265 
        D592  6 0.0710 0.8309 0.0981 
        D593  6 0.5908 0.1382 0.2711 
        D682  6 0.7823 0.1118 0.1059 
        D683  6 0.7636 0.1793 0.0572 
        D684  6 0.0257 0.5257 0.4486 
        D685  6 0.0905 0.4153 0.4942 
        D686  6 0.8787 0.0839 0.0374 
        D724  6 0.2551 0.3789 0.3660 
        D725  6 0.4138 0.1933 0.3929 
        D726  6 0.8661 0.0622 0.0718 
        D727  6 0.2005 0.3590 0.4405 
        D728  6 0.7324 0.1661 0.1015 
        D729  6 0.0488 0.8513 0.0999 
        D730  6 0.1863 0.4327 0.3810 
        D731  6 0.3065 0.0401 0.6534 
        D732  6 0.4879 0.2179 0.2942 
        D733  6 0.4004 0.2464 0.3532 
     D237251  7 0.1622 0.0557 0.7821 
     D237252  7 0.0777 0.5153 0.4070 
     D237253  7 0.2245 0.1273 0.6482 
     D237254  7 0.0215 0.9504 0.0282 
     D237255  7 0.0790 0.0445 0.8765 
     D237256  7 0.1460 0.0830 0.7710 
     D237257  7 0.0867 0.7396 0.1737 
     D237282  7 0.3342 0.4029 0.2629 
     D237283  7 0.0219 0.9302 0.0479 
     D237284  7 0.0360 0.9040 0.0600 
     D237285  7 0.6165 0.1476 0.2359 
     D237286  7 0.3962 0.2447 0.3591 
     D237287  7 0.1076 0.2733 0.6191 
     D244006  7 0.0215 0.9504 0.0281 
     D244007  7 0.1426 0.3066 0.5508 
     D244008  7 0.0507 0.9009 0.0484 
     D244009  7 0.3183 0.5966 0.0851 
     D244010  7 0.0902 0.6081 0.3016 
     D244011  7 0.2952 0.1386 0.5661 
     D244012  7 0.0983 0.3497 0.5520 
     D244013  7 0.3055 0.0654 0.6291 
     D244014  7 0.0763 0.3608 0.5629 
     D244015  7 0.0584 0.7985 0.1431 
     D244125  7 0.3713 0.1169 0.5119 
     D244126  7 0.0256 0.9328 0.0416 
     D244130  7 0.2965 0.5070 0.1965 
     D244131  7 0.6372 0.2037 0.1591 
     D244132  7 0.8275 0.0773 0.0952 
        D520  7 0.2825 0.6494 0.0681 
        D521  7 0.4186 0.3044 0.2770 
        D522  7 0.2427 0.6460 0.1113 
        D523  7 0.1128 0.0597 0.8275 
        D524  7 0.3080 0.1814 0.5106 
        D525  7 0.0554 0.6165 0.3281 
        D526  7 0.0296 0.9188 0.0516 
        D527  7 0.3076 0.3547 0.3377 
        D528  7 0.0150 0.9727 0.0123 
        D558  7 0.2289 0.3056 0.4655 
        D559  7 0.1312 0.3341 0.5348 
        D640  7 0.3647 0.1682 0.4672 
        D641  7 0.1495 0.3039 0.5466 
        D642  7 0.1446 0.6558 0.1997 
        D644  7 0.4893 0.2833 0.2274 
        D645  7 0.1810 0.2371 0.5819 
        D662  7 0.3438 0.6215 0.0347 
        D687  7 0.2502 0.1634 0.5864 
        D688  7 0.2605 0.4843 0.2552 
        D689  7 0.3392 0.2274 0.4334 
        D700  7 0.0166 0.9654 0.0180 
        D797  7 0.4491 0.2048 0.3461 
        D798  7 0.0735 0.8685 0.0580 
        D799  7 0.0517 0.1318 0.8165 
        D800  7 0.1833 0.3757 0.4411 
        D132  8 0.0284 0.9337 0.0379 
        D133  8 0.0186 0.0445 0.9369 
        D200  8 0.4621 0.1497 0.3882 
        D500  8 0.0309 0.9493 0.0197 
        D614  8 0.6935 0.1924 0.1141 
        D723  8 0.2260 0.5445 0.2295 
        D888  8 0.0402 0.0279 0.9319 
        D901  8 0.0619 0.7114 0.2267 
        D902  8 0.8234 0.0937 0.0828 
        D903  8 0.7941 0.0750 0.1310 
        D904  8 0.4635 0.2745 0.2620 
        D905  8 0.0562 0.0256 0.9182 
        D906  8 0.0479 0.1961 0.7560 
        D937  8 0.7889 0.0602 0.1509 
        D943  8 0.1142 0.5488 0.3370 
        D972  8 0.2121 0.6386 0.1493 
        D973  8 0.6381 0.3114 0.0505 
        D974  8 0.4532 0.3250 0.2218 
        D975  8 0.6384 0.1395 0.2221 
        D976  8 0.2206 0.3422 0.4372 
        D201  9 0.1096 0.1503 0.7401 
        D202  9 0.1398 0.2490 0.6112 
     D237259  9 0.0707 0.7745 0.1548 
     D237260  9 0.0364 0.2662 0.6974 
     D237262  9 0.0391 0.9271 0.0337 
     D237263  9 0.0797 0.5445 0.3759 
     D237264  9 0.2133 0.4829 0.3038 
     D237265  9 0.0413 0.1441 0.8146 
     D237266  9 0.0358 0.3291 0.6351 
     D237267  9 0.3857 0.5167 0.0976 
     D237268  9 0.2266 0.6547 0.1187 
     D237289  9 0.1344 0.1145 0.7511 
     D237290  9 0.0224 0.0563 0.9213 
     D237291  9 0.0573 0.0972 0.8455 
     D237292  9 0.0328 0.4011 0.5661 
     D237293  9 0.4295 0.3885 0.1821 
     D237294  9 0.0912 0.5192 0.3896 
     D237295  9 0.4988 0.4233 0.0779 
     D237296  9 0.2733 0.3651 0.3616 
     D237297  9 0.6284 0.1259 0.2457 
     D237298  9 0.3114 0.2888 0.3998 
     D237341  9 0.1721 0.1399 0.6881 
     D237342  9 0.1326 0.6503 0.2170 
     D237343  9 0.0704 0.3702 0.5594 
     D237344  9 0.3684 0.2223 0.4093 
     D237345  9 0.0258 0.8960 0.0783 
     D237346  9 0.1336 0.0999 0.7665 
     D237347  9 0.5397 0.0975 0.3628 
     D237348  9 0.3203 0.3915 0.2882 
     D237349  9 0.0571 0.5614 0.3815 
     D244109  9 0.0252 0.2811 0.6937 
     D244110  9 0.0578 0.1620 0.7802 
     D244111  9 0.2000 0.2914 0.5085 
     D244128  9 0.0520 0.8215 0.1265 
     D244137  9 0.5065 0.3295 0.1640 
     D244138  9 0.1394 0.2150 0.6456 
        D580  9 0.1128 0.8507 0.0365 
        D581  9 0.0265 0.0576 0.9158 
        D582  9 0.0386 0.9034 0.0580 
        D583  9 0.0251 0.0832 0.8917 
        D584  9 0.3785 0.4698 0.1516 
        D585  9 0.0416 0.6778 0.2806 
        D586  9 0.0517 0.0543 0.8939 
        D651  9 0.5523 0.1746 0.2731 
        D652  9 0.0931 0.7349 0.1720 
        D653  9 0.1952 0.1880 0.6168 
        D654  9 0.1423 0.3492 0.5084 
        D655  9 0.3291 0.1260 0.5450 
        D656  9 0.0536 0.9082 0.0382 
        D657  9 0.2149 0.4506 0.3345 
        D667  9 0.3825 0.1347 0.4828 
        D668  9 0.1164 0.5028 0.3808 
        D669  9 0.0666 0.1284 0.8050 
        D670  9 0.2805 0.5292 0.1904 
        D671  9 0.0518 0.1386 0.8096 
        D672  9 0.0644 0.7608 0.1748 
        D673  9 0.3382 0.3439 0.3179 
        D692  9 0.0327 0.8131 0.1542 
        D693  9 0.3973 0.4130 0.1897 
        D694  9 0.0616 0.8038 0.1347 
        D695  9 0.2006 0.6354 0.1640 
        D696  9 0.9307 0.0285 0.0409 
        D697  9 0.5101 0.1496 0.3404 
        D698  9 0.2319 0.1034 0.6647 
        D699  9 0.3747 0.2502 0.3751 
        D787  9 0.1035 0.6202 0.2763 
        D788  9 0.6431 0.2706 0.0863 
        D789  9 0.2415 0.4420 0.3165 
        D790  9 0.1429 0.5125 0.3445 
        D791  9 0.0718 0.0822 0.8460 
        D792  9 0.1434 0.4765 0.3801 
        D793  9 0.6671 0.1203 0.2126 
        D794  9 0.5377 0.1859 0.2764 
        D795  9 0.0796 0.7590 0.1615 
        D796  9 0.0842 0.1884 0.7273 
        D142 10 0.7312 0.0715 0.1973 
        D143 10 0.0938 0.0594 0.8467 
        D144 10 0.4527 0.3559 0.1914 
        D145 10 0.0408 0.0505 0.9087 
        D146 10 0.1004 0.8255 0.0740 
        D147 10 0.1411 0.5911 0.2678 
        D148 10 0.1273 0.7906 0.0820 
        D149 10 0.0468 0.0789 0.8743 
        D151 10 0.0488 0.8049 0.1463 
        D152 10 0.0162 0.0192 0.9646 
        D153 10 0.8831 0.0809 0.0360 
        D156 10 0.5380 0.0928 0.3691 
        D157 10 0.6931 0.1884 0.1185 
        D158 10 0.2025 0.2477 0.5498 
        D159 10 0.0292 0.0290 0.9418 
        D160 10 0.0695 0.0497 0.8808 
        D161 10 0.3657 0.3020 0.3323 
        D162 10 0.4636 0.0498 0.4866 
        D169 10 0.0299 0.9177 0.0525 
        D170 10 0.0877 0.8410 0.0713 
        D171 10 0.5471 0.2407 0.2121 
        D172 10 0.3292 0.2686 0.4021 
        D173 10 0.0238 0.0485 0.9277 
        D181 10 0.5485 0.1204 0.3311 
        D182 10 0.0522 0.3022 0.6456 
        D183 10 0.8299 0.1143 0.0558 
        D184 10 0.0288 0.9541 0.0171 
        D185 10 0.3423 0.4360 0.2217 
        D186 10 0.0298 0.9038 0.0664 
        D194 10 0.2712 0.6312 0.0976 
        D195 10 0.2553 0.0816 0.6631 
        D196 10 0.4337 0.0455 0.5207 
        D197 10 0.0390 0.7779 0.1832 
        D198 10 0.4835 0.4630 0.0535 
     D237226 10 0.0489 0.2671 0.6841 
     D237232 10 0.2444 0.1966 0.5590 
     D237233 10 0.1126 0.0874 0.7999 
     D237234 10 0.5355 0.1598 0.3048 
     D237354 10 0.0267 0.0234 0.9499 
     D237355 10 0.0600 0.1013 0.8387 
     D237356 10 0.7338 0.2178 0.0484 
     D237357 10 0.0943 0.4306 0.4751 
     D237358 10 0.1470 0.7131 0.1399 
     D237369 10 0.0345 0.8739 0.0916 
     D237370 10 0.6762 0.1035 0.2203 
     D237371 10 0.2484 0.5398 0.2118 
     D237372 10 0.0360 0.7214 0.2425 
     D237373 10 0.2679 0.0753 0.6568 
     D237374 10 0.0670 0.0479 0.8850 
     D237375 10 0.1815 0.3851 0.4334 
     D237400 10 0.0196 0.0161 0.9642 
     D244002 10 0.0503 0.8720 0.0777 
     D244003 10 0.1127 0.0567 0.8307 
     D244004 10 0.7447 0.1216 0.1337 
     D244005 10 0.0455 0.3686 0.5859 
     D244020 10 0.5449 0.2219 0.2331 
     D244021 10 0.0856 0.5327 0.3816 
     D244116 10 0.2199 0.5972 0.1828 
     D244117 10 0.3118 0.0881 0.6000 
     D244121 10 0.4905 0.1414 0.3681 
     D244123 10 0.3904 0.1010 0.5087 
     D244124 10 0.1264 0.3914 0.4822 
        D332 10 0.7442 0.1435 0.1123 
        D570 10 0.8333 0.0791 0.0876 
        D602 10 0.6553 0.1561 0.1887 
        D603 10 0.3951 0.2067 0.3982 
        D604 10 0.3493 0.1204 0.5303 
        D605 10 0.5281 0.1774 0.2945 
        D606 10 0.2204 0.7271 0.0526 
        D607 10 0.5589 0.2905 0.1507 
        D608 10 0.0269 0.0202 0.9529 
        D609 10 0.8573 0.1039 0.0388 
        D610 10 0.4382 0.2962 0.2656 
        D611 10 0.9271 0.0238 0.0491 
        D613 10 0.6240 0.0915 0.2846 
        D633 10 0.3089 0.2236 0.4675 
        D634 10 0.4559 0.3122 0.2319 
        D638 10 0.0312 0.0230 0.9457 
        D681 10 0.4168 0.3437 0.2395 
        D754 10 0.2539 0.5472 0.1989 
        D755 10 0.1494 0.0497 0.8009 
        D756 10 0.3796 0.2886 0.3317 
        D757 10 0.2139 0.3003 0.4859 
        D758 10 0.3634 0.3075 0.3291 
        D759 10 0.1205 0.0559 0.8237 
        D760 10 0.3243 0.1808 0.4949 
        D761 10 0.0213 0.0228 0.9558 
        D762 10 0.5984 0.2324 0.1692 
        D775 10 0.3753 0.1155 0.5092 
        D776 10 0.0418 0.0560 0.9022 
        D777 10 0.2424 0.2663 0.4913 
        D778 10 0.0300 0.2571 0.7129 
        D779 10 0.2862 0.3375 0.3762 
        D780 10 0.1614 0.0566 0.7820 
        D781 10 0.5630 0.0936 0.3434 
        D858 10 0.0158 0.9177 0.0665 
        D933 10 0.3749 0.2872 0.3379 
        D038 11 0.1095 0.1806 0.7099 
        D063 11 0.2972 0.1056 0.5973 
        D155 11 0.2543 0.1842 0.5615 
        D175 11 0.4422 0.4009 0.1569 
        D176 11 0.0951 0.0711 0.8338 
        D205 11 0.6991 0.2513 0.0496 
     D237229 11 0.0695 0.4282 0.5023 
     D237230 11 0.0809 0.7870 0.1321 
     D237231 11 0.7895 0.0730 0.1375 
     D237269 11 0.2113 0.1357 0.6531 
     D237270 11 0.1309 0.7301 0.1390 
     D237271 11 0.7275 0.1151 0.1574 
     D237272 11 0.1838 0.6703 0.1459 
     D237273 11 0.6424 0.0720 0.2856 
     D237301 11 0.7936 0.0936 0.1128 
     D237302 11 0.1319 0.6031 0.2651 
     D237303 11 0.0392 0.7835 0.1773 
     D237304 11 0.5574 0.2177 0.2249 
     D237305 11 0.0816 0.7645 0.1539 
     D237314 11 0.2965 0.2403 0.4632 
     D237315 11 0.0937 0.7449 0.1613 
     D237316 11 0.8672 0.0880 0.0449 
     D237328 11 0.5229 0.4346 0.0425 
     D237329 11 0.1184 0.4233 0.4582 
     D237330 11 0.5761 0.0631 0.3608 
     D237331 11 0.2896 0.1788 0.5316 
     D237332 11 0.6956 0.2038 0.1006 
     D237333 11 0.1632 0.0472 0.7897 
     D237334 11 0.6396 0.2399 0.1204 
     D237335 11 0.6744 0.2312 0.0944 
     D237336 11 0.1129 0.1645 0.7226 
     D237350 11 0.7770 0.0719 0.1511 
     D237383 11 0.1312 0.4133 0.4555 
     D237384 11 0.3695 0.4686 0.1618 
     D237385 11 0.4149 0.2435 0.3416 
     D237386 11 0.6874 0.1078 0.2048 
     D237387 11 0.5970 0.3397 0.0634 
     D237388 11 0.8203 0.0774 0.1023 
        D239 11 0.3725 0.1079 0.5196 
        D240 11 0.0294 0.0996 0.8710 
        D241 11 0.0946 0.7296 0.1758 
        D242 11 0.3261 0.2473 0.4266 
        D243 11 0.5620 0.1866 0.2514 
        D244 11 0.8344 0.1047 0.0609 
        D245 11 0.0565 0.6543 0.2892 
        D246 11 0.7518 0.1465 0.1018 
        D247 11 0.1580 0.3555 0.4865 
        D248 11 0.6959 0.0990 0.2051 
        D249 11 0.3476 0.5535 0.0990 
        D250 11 0.7454 0.0527 0.2019 
        D251 11 0.7381 0.1650 0.0969 
        D252 11 0.5845 0.3553 0.0601 
        D253 11 0.3902 0.2027 0.4071 
        D254 11 0.0338 0.8280 0.1383 
        D255 11 0.8806 0.0754 0.0440 
        D256 11 0.3572 0.2813 0.3614 
        D257 11 0.0539 0.8524 0.0936 
        D258 11 0.0886 0.8580 0.0535 
        D259 11 0.0529 0.8057 0.1414 
        D260 11 0.4007 0.2107 0.3886 
        D261 11 0.7068 0.0981 0.1951 
        D262 11 0.0526 0.4961 0.4513 
        D263 11 0.7259 0.1920 0.0821 
        D264 11 0.2426 0.6245 0.1329 
        D265 11 0.1483 0.4154 0.4363 
        D266 11 0.5178 0.1016 0.3807 
        D267 11 0.7023 0.2187 0.0790 
        D268 11 0.8260 0.0539 0.1201 
        D269 11 0.8773 0.0965 0.0262 
        D270 11 0.4277 0.4345 0.1378 
        D271 11 0.2897 0.3872 0.3231 
        D272 11 0.2904 0.1435 0.5661 
        D273 11 0.0285 0.9456 0.0260 
        D274 11 0.5369 0.3048 0.1583 
        D275 11 0.6850 0.1729 0.1421 
        D276 11 0.9226 0.0438 0.0336 
        D277 11 0.6723 0.1871 0.1407 
        D278 11 0.5247 0.1751 0.3002 
        D282 11 0.0930 0.8735 0.0334 
        D296 11 0.5643 0.1220 0.3137 
        D297 11 0.8109 0.1400 0.0492 
        D298 11 0.5066 0.1076 0.3858 
        D299 11 0.8527 0.0489 0.0984 
        D300 11 0.0976 0.0847 0.8177 
        D382 11 0.8073 0.1643 0.0284 
        D383 11 0.5673 0.3596 0.0731 
        D387 11 0.2868 0.1720 0.5412 
        D388 11 0.5464 0.2349 0.2186 
        D389 11 0.8380 0.0408 0.1212 
        D390 11 0.7272 0.1160 0.1568 
        D396 11 0.1824 0.1288 0.6888 
        D397 11 0.1520 0.7904 0.0576 
        D398 11 0.2976 0.3940 0.3084 
        D399 11 0.2550 0.3959 0.3490 
        D437 11 0.0501 0.4234 0.5265 
        D441 11 0.6945 0.0789 0.2267 
        D442 11 0.3024 0.2010 0.4966 
        D443 11 0.3337 0.0614 0.6049 
        D444 11 0.6547 0.1511 0.1942 
        D445 11 0.5514 0.4071 0.0415 
        D446 11 0.0655 0.6220 0.3125 
        D451 11 0.4773 0.4277 0.0950 
        D452 11 0.1863 0.1380 0.6757 
        D453 11 0.7725 0.1332 0.0943 
        D454 11 0.0651 0.6626 0.2723 
        D457 11 0.3760 0.3829 0.2411 
        D458 11 0.7434 0.1444 0.1122 
        D466 11 0.0347 0.0839 0.8814 
        D467 11 0.7598 0.0971 0.1431 
        D475 11 0.0442 0.9234 0.0324 
        D488 11 0.2836 0.2263 0.4901 
        D489 11 0.1619 0.6031 0.2350 
        D493 11 0.1285 0.7879 0.0836 
        D494 11 0.6281 0.1671 0.2048 
        D495 11 0.0318 0.3505 0.6178 
        D496 11 0.0722 0.0240 0.9038 
        D674 11 0.0402 0.0573 0.9024 
        D675 11 0.0582 0.0283 0.9135 
        D676 11 0.6849 0.2297 0.0853 
        D680 11 0.1493 0.2046 0.6461 
        D701 11 0.1172 0.2461 0.6367 
        D702 11 0.1080 0.7795 0.1125 
        D703 11 0.2281 0.2267 0.5452 
        D704 11 0.4868 0.2886 0.2246 
        D705 11 0.0555 0.9011 0.0434 
        D706 11 0.0730 0.2346 0.6924 
        D707 11 0.4625 0.4411 0.0964 
        D751 11 0.5647 0.3558 0.0795 
        D752 11 0.2298 0.1222 0.6480 
        D753 11 0.2882 0.5013 0.2105 
        D773 11 0.0129 0.9661 0.0210 
        D774 11 0.2986 0.1430 0.5584 
        D801 11 0.5384 0.1532 0.3083 
        D802 11 0.1284 0.7449 0.1267 
        D803 11 0.3962 0.1362 0.4675 
        D804 11 0.1749 0.4366 0.3885 
        D805 11 0.3153 0.4803 0.2044 
        D806 11 0.0445 0.8999 0.0556 
        D809 11 0.7106 0.1165 0.1730 
        D810 11 0.7700 0.0553 0.1747 
        D812 11 0.4102 0.4979 0.0919 
        D813 11 0.0848 0.0847 0.8305 
        D823 11 0.6864 0.1359 0.1777 
        D824 11 0.4578 0.0739 0.4682 
        D829 11 0.5341 0.1074 0.3584 
        D830 11 0.2155 0.7381 0.0463 
        D831 11 0.0634 0.2186 0.7180 
        D832 11 0.1432 0.2054 0.6513 
        D833 11 0.8558 0.0554 0.0889 
        D834 11 0.8292 0.0975 0.0732 
        D835 11 0.2081 0.6878 0.1041 
        D855 11 0.6574 0.2115 0.1311 
        D863 11 0.0228 0.0210 0.9562 
        D864 11 0.6399 0.1821 0.1779 
        D878 11 0.7387 0.0996 0.1617 
        D879 11 0.1413 0.7906 0.0681 
        D880 11 0.3439 0.0452 0.6109 
        D881 11 0.6311 0.1326 0.2363 
        D882 11 0.1162 0.0973 0.7865 
        D909 11 0.5311 0.1955 0.2734 
        D921 11 0.8177 0.0597 0.1226 
        D924 11 0.2164 0.0694 0.7142 
        D935 11 0.8555 0.1020 0.0425 
        D940 11 0.0328 0.0431 0.9240 
        D941 11 0.4057 0.2168 0.3775 
        D942 11 0.0829 0.8938 0.0234 
        D980 11 0.4428 0.2808 0.2764 
        D981 11 0.2209 0.6685 0.1106 
        D982 11 0.1314 0.0370 0.8316 
        D983 11 0.8997 0.0481 0.0522 
        D984 11 0.6365 0.0978 0.2656 
        D992 11 0.1411 0.6788 0.1801 
        D993 11 0.8294 0.1289 0.0418 
        D994 11 0.4309 0.1918 0.3773 
        D995 11 0.2092 0.7618 0.0290 
        H354 11 0.2181 0.7016 0.0804 
        D005 12 0.0768 0.5842 0.3391 
        D035 12 0.1990 0.3461 0.4549 
        D067 12 0.5809 0.1714 0.2477 
        D134 12 0.1867 0.2090 0.6043 
        D135 12 0.2062 0.4209 0.3729 
        D136 12 0.3986 0.5382 0.0633 
        D137 12 0.0915 0.2784 0.6300 
        D138 12 0.3386 0.2052 0.4562 
        D139 12 0.4295 0.1015 0.4690 
        D140 12 0.2821 0.4784 0.2394 
        D141 12 0.0199 0.9632 0.0168 
        D150 12 0.0922 0.7531 0.1546 
        D177 12 0.0511 0.1383 0.8106 
        D178 12 0.7801 0.1036 0.1164 
        D179 12 0.2582 0.4932 0.2486 
        D180 12 0.2272 0.5630 0.2098 
        D187 12 0.1308 0.2189 0.6503 
        D188 12 0.0228 0.9547 0.0226 
        D191 12 0.0356 0.8604 0.1040 
        D418 12 0.0362 0.8806 0.0832 
        D601 12 0.0870 0.8469 0.0662 
        D836 12 0.0356 0.8786 0.0857 
        D837 12 0.3815 0.2558 0.3627 
        D838 12 0.3144 0.0568 0.6288 
        D839 12 0.0475 0.1255 0.8270 
        D840 12 0.3135 0.1214 0.5651 
        D841 12 0.2054 0.5358 0.2589 
        D842 12 0.0208 0.9457 0.0336 
        D843 12 0.5906 0.1516 0.2577 
        D844 12 0.0523 0.3252 0.6225 
        D912 12 0.7600 0.0663 0.1737 
        D913 12 0.0239 0.0211 0.9549 
