        D174  1 0.0712 0.0371 0.0931 0.5650 0.1207 0.1129 
        D199  1 0.3205 0.2009 0.1474 0.2153 0.0593 0.0565 
        D203  1 0.2831 0.2195 0.0963 0.0748 0.1549 0.1714 
        D204  1 0.8462 0.0222 0.0301 0.0195 0.0260 0.0559 
     D237366  1 0.0904 0.0880 0.1933 0.0908 0.3328 0.2046 
     D237367  1 0.3943 0.0573 0.1975 0.0462 0.1706 0.1341 
     D237368  1 0.1706 0.0615 0.1084 0.0956 0.5211 0.0427 
     D244101  1 0.5873 0.1589 0.1325 0.0282 0.0314 0.0617 
     D244102  1 0.1086 0.0687 0.1353 0.0960 0.1509 0.4405 
     D244103  1 0.2453 0.0623 0.3427 0.0651 0.1453 0.1393 
     D244104  1 0.6914 0.0421 0.0606 0.1292 0.0532 0.0235 
     D244105  1 0.1227 0.0342 0.3088 0.0254 0.3741 0.1348 
     D244106  1 0.0611 0.1299 0.0780 0.6051 0.0349 0.0910 
     D244107  1 0.0975 0.0705 0.1858 0.0197 0.5948 0.0318 
     D244108  1 0.1272 0.0522 0.0830 0.4241 0.2198 0.0937 
     D244113  1 0.0240 0.0354 0.0658 0.5630 0.0414 0.2704 
     D244114  1 0.0783 0.1240 0.4009 0.1140 0.0398 0.2430 
     D244115  1 0.1140 0.0376 0.2439 0.3807 0.1678 0.0561 
     D267365  1 0.3517 0.0649 0.0920 0.3667 0.0536 0.0711 
        D404  1 0.0358 0.0412 0.0699 0.4220 0.0384 0.3927 
        D405  1 0.1361 0.1026 0.1426 0.1339 0.0869 0.3979 
        D406  1 0.0701 0.0243 0.0290 0.0344 0.8092 0.0329 
        D407  1 0.5429 0.0804 0.2078 0.0417 0.0986 0.0285 
        D408  1 0.0539 0.0598 0.0711 0.7036 0.0353 0.0763 
        D409  1 0.0727 0.0539 0.6007 0.0576 0.0933 0.1218 
        D410  1 0.0919 0.0150 0.0577 0.0316 0.7681 0.0356 
        D421  1 0.8715 0.0388 0.0259 0.0332 0.0172 0.0134 
        D422  1 0.0546 0.0313 0.0542 0.0196 0.8227 0.0176 
        D423  1 0.0737 0.0360 0.0622 0.0210 0.7833 0.0238 
        D424  1 0.6200 0.0179 0.2175 0.0442 0.0667 0.0337 
        D425  1 0.4015 0.0430 0.1911 0.1986 0.0570 0.1088 
        D426  1 0.0479 0.1140 0.7281 0.0382 0.0488 0.0230 
        D427  1 0.1895 0.5079 0.0423 0.2071 0.0303 0.0229 
        D428  1 0.3490 0.0638 0.1591 0.1946 0.1427 0.0909 
        D429  1 0.3670 0.0495 0.1270 0.2781 0.0655 0.1129 
        D430  1 0.1050 0.1425 0.3034 0.2124 0.0543 0.1823 
        D491  1 0.0829 0.0207 0.0456 0.7923 0.0277 0.0307 
        D492  1 0.2554 0.0519 0.2555 0.1868 0.1224 0.1280 
        D537  1 0.6716 0.0288 0.1126 0.0341 0.0800 0.0729 
        D538  1 0.0914 0.0846 0.2148 0.1286 0.3017 0.1789 
        D539  1 0.0610 0.1879 0.1547 0.2858 0.1300 0.1806 
        D540  1 0.2856 0.0517 0.4150 0.0716 0.1285 0.0477 
        D541  1 0.8765 0.0215 0.0285 0.0180 0.0372 0.0182 
        D551  1 0.0720 0.3225 0.4673 0.0396 0.0538 0.0448 
        D552  1 0.2517 0.0427 0.1158 0.2588 0.3026 0.0284 
        D553  1 0.8771 0.0205 0.0338 0.0331 0.0224 0.0131 
        D615  1 0.4152 0.1190 0.1203 0.1140 0.1646 0.0669 
        D616  1 0.2505 0.1655 0.1904 0.1042 0.2485 0.0410 
        D621  1 0.0325 0.0362 0.0776 0.1024 0.6686 0.0827 
        D622  1 0.0504 0.0299 0.0731 0.0531 0.7474 0.0461 
        D623  1 0.0497 0.1533 0.1090 0.3221 0.0462 0.3198 
        D624  1 0.0400 0.0235 0.0726 0.8152 0.0224 0.0262 
        D625  1 0.7005 0.0225 0.0764 0.0950 0.0596 0.0460 
        D626  1 0.0794 0.0589 0.1011 0.4461 0.1881 0.1264 
        D627  1 0.0926 0.0869 0.6634 0.0624 0.0425 0.0521 
        D690  1 0.7468 0.0128 0.0409 0.1059 0.0704 0.0232 
        D691  1 0.0940 0.0281 0.0556 0.0506 0.7096 0.0621 
        D710  1 0.4052 0.0459 0.1575 0.1804 0.1133 0.0977 
        D711  1 0.7412 0.0352 0.0493 0.0466 0.0594 0.0682 
        D712  1 0.0480 0.0485 0.0513 0.7164 0.0513 0.0845 
        D713  1 0.2468 0.0306 0.1452 0.2071 0.0855 0.2848 
        D746  1 0.0743 0.0253 0.0340 0.0297 0.8138 0.0230 
        D747  1 0.8829 0.0222 0.0291 0.0280 0.0181 0.0197 
        D748  1 0.3427 0.0238 0.0883 0.0590 0.2711 0.2151 
        D749  1 0.0343 0.0617 0.2384 0.1457 0.4478 0.0721 
        D750  1 0.1400 0.0259 0.0464 0.6863 0.0640 0.0374 
        D763  1 0.2133 0.2333 0.2766 0.0546 0.0919 0.1303 
        D764  1 0.4776 0.0211 0.0690 0.2983 0.1090 0.0251 
        D765  1 0.0532 0.0280 0.1417 0.1822 0.5411 0.0538 
        D766  1 0.2275 0.0228 0.1008 0.0668 0.5129 0.0692 
        D767  1 0.1873 0.0856 0.1084 0.0466 0.1404 0.4317 
        D768  1 0.8773 0.0219 0.0387 0.0181 0.0255 0.0186 
        D811  1 0.0360 0.0361 0.1063 0.3328 0.0638 0.4250 
        D816  1 0.8632 0.0158 0.0292 0.0457 0.0253 0.0208 
        D825  1 0.1941 0.0226 0.1526 0.3390 0.1596 0.1320 
        D866  1 0.0664 0.3800 0.1018 0.3415 0.0611 0.0491 
        D867  1 0.0383 0.0407 0.0906 0.0392 0.7169 0.0743 
        D871  1 0.0803 0.0358 0.6825 0.0643 0.0344 0.1027 
        D872  1 0.4644 0.0461 0.0917 0.0418 0.1950 0.1610 
        D873  1 0.0134 0.0171 0.0238 0.0164 0.8953 0.0340 
        D874  1 0.2812 0.0420 0.1004 0.2077 0.0215 0.3472 
        D875  1 0.0508 0.0255 0.6691 0.0365 0.1146 0.1035 
        D876  1 0.6238 0.0266 0.0871 0.1454 0.0592 0.0578 
        D877  1 0.0570 0.0354 0.1355 0.2504 0.0266 0.4951 
        D892  1 0.3382 0.0187 0.1359 0.1723 0.1293 0.2056 
        D893  1 0.6528 0.0621 0.1136 0.0371 0.0729 0.0615 
        D894  1 0.5186 0.0549 0.1452 0.1444 0.0683 0.0686 
        D915  1 0.5768 0.0308 0.1003 0.0662 0.1653 0.0606 
        D916  1 0.8812 0.0142 0.0259 0.0315 0.0329 0.0143 
        D917  1 0.1918 0.1095 0.1750 0.3902 0.0440 0.0896 
        D925  1 0.1327 0.0293 0.0402 0.0978 0.6754 0.0246 
        D926  1 0.4424 0.0291 0.2619 0.1150 0.0830 0.0686 
        D927  1 0.3841 0.2893 0.1232 0.0815 0.0483 0.0735 
        D928  1 0.1129 0.0199 0.0269 0.7788 0.0222 0.0394 
        D929  1 0.0513 0.0235 0.0526 0.0635 0.0486 0.7606 
        D936  1 0.6481 0.0787 0.1045 0.0460 0.0316 0.0910 
        D938  1 0.0416 0.0161 0.0267 0.0309 0.8558 0.0289 
        D956  1 0.0279 0.0487 0.0702 0.6975 0.0459 0.1098 
        D957  1 0.3184 0.0432 0.0752 0.0429 0.3697 0.1506 
        D958  1 0.4373 0.0197 0.0743 0.1343 0.2608 0.0735 
        D959  1 0.5287 0.0784 0.2231 0.0319 0.1146 0.0234 
        D960  1 0.0403 0.0220 0.0340 0.0293 0.8265 0.0479 
        D989  1 0.0604 0.1148 0.0689 0.6763 0.0279 0.0517 
        D990  1 0.0237 0.0444 0.0492 0.0595 0.8032 0.0199 
        D023  2 0.1666 0.0325 0.0692 0.0308 0.6810 0.0199 
        D130  2 0.1212 0.0411 0.0377 0.0183 0.7075 0.0742 
        D131  2 0.3605 0.0694 0.3559 0.0621 0.0578 0.0943 
        D163  2 0.0860 0.0203 0.0684 0.0528 0.7368 0.0358 
        D164  2 0.0183 0.4519 0.0224 0.0128 0.4770 0.0176 
        D165  2 0.0989 0.0342 0.0694 0.0256 0.7463 0.0256 
        D166  2 0.0620 0.0635 0.1778 0.0323 0.0744 0.5900 
        D167  2 0.0190 0.8578 0.0240 0.0417 0.0187 0.0387 
        D192  2 0.0111 0.9115 0.0199 0.0208 0.0158 0.0210 
        D193  2 0.0351 0.0583 0.1424 0.2331 0.0612 0.4699 
        D206  2 0.2208 0.2859 0.2690 0.0379 0.1166 0.0698 
        D207  2 0.0654 0.6673 0.1188 0.0274 0.0254 0.0956 
        D208  2 0.0705 0.2870 0.1188 0.3326 0.0479 0.1431 
        D209  2 0.0684 0.2896 0.4402 0.0330 0.0795 0.0893 
        D210  2 0.0883 0.1906 0.0703 0.5686 0.0426 0.0396 
     D229599  2 0.2660 0.0927 0.2165 0.1189 0.1144 0.1914 
     D229600  2 0.0486 0.3351 0.1069 0.0321 0.4173 0.0600 
     D237227  2 0.0543 0.0831 0.0827 0.6187 0.1162 0.0449 
     D237228  2 0.0187 0.0744 0.1662 0.3211 0.3435 0.0761 
     D237258  2 0.1216 0.2937 0.1668 0.1490 0.1445 0.1244 
     D237310  2 0.0195 0.0681 0.1276 0.0640 0.4854 0.2353 
     D237311  2 0.0225 0.1961 0.0811 0.0394 0.5672 0.0937 
     D237312  2 0.0312 0.0272 0.0744 0.0664 0.1883 0.6124 
     D237313  2 0.3037 0.0471 0.2246 0.1493 0.1835 0.0918 
     D237322  2 0.0425 0.1568 0.3641 0.1216 0.0801 0.2349 
     D237323  2 0.0217 0.0480 0.0557 0.1987 0.6070 0.0689 
     D237324  2 0.0750 0.2126 0.4355 0.0217 0.2161 0.0392 
     D237325  2 0.0564 0.0730 0.1213 0.0979 0.4469 0.2045 
     D237326  2 0.1028 0.0416 0.0874 0.0947 0.6361 0.0374 
     D237327  2 0.0849 0.3330 0.3351 0.0755 0.0595 0.1121 
     D237337  2 0.0442 0.0222 0.0613 0.0596 0.7493 0.0633 
     D237338  2 0.0735 0.1140 0.1826 0.1908 0.2744 0.1646 
     D237339  2 0.2067 0.3009 0.1963 0.0348 0.0332 0.2280 
     D237340  2 0.0326 0.2350 0.1023 0.2079 0.2308 0.1914 
     D237389  2 0.0227 0.0894 0.0816 0.0355 0.5834 0.1874 
     D237390  2 0.0678 0.0373 0.0804 0.1066 0.2366 0.4714 
     D244017  2 0.0368 0.2635 0.1334 0.3715 0.0450 0.1498 
     D244112  2 0.0180 0.7968 0.0466 0.0281 0.0527 0.0577 
     D244118  2 0.0185 0.5189 0.0316 0.0279 0.3627 0.0404 
     D244119  2 0.0244 0.2939 0.0362 0.5904 0.0339 0.0213 
     D244120  2 0.0180 0.5172 0.0597 0.0827 0.0323 0.2902 
     D244122  2 0.0461 0.6839 0.0630 0.0555 0.0534 0.0981 
        D291  2 0.0874 0.3819 0.3197 0.0549 0.0889 0.0672 
        D292  2 0.2602 0.3994 0.0876 0.1184 0.0578 0.0765 
        D293  2 0.2542 0.6044 0.0786 0.0158 0.0158 0.0312 
        D322  2 0.3421 0.4278 0.1051 0.0300 0.0513 0.0436 
        D323  2 0.1720 0.1696 0.2751 0.0740 0.0628 0.2465 
        D324  2 0.2719 0.1702 0.2412 0.1355 0.1294 0.0519 
        D325  2 0.0575 0.8463 0.0309 0.0144 0.0185 0.0323 
        D326  2 0.8733 0.0215 0.0366 0.0348 0.0142 0.0196 
        D340  2 0.0235 0.9010 0.0234 0.0189 0.0182 0.0151 
        D341  2 0.0531 0.7370 0.0521 0.0403 0.0381 0.0794 
        D342  2 0.0345 0.6287 0.1151 0.0254 0.1491 0.0472 
        D343  2 0.0207 0.9186 0.0207 0.0123 0.0123 0.0153 
        D344  2 0.3373 0.0565 0.2058 0.0391 0.0441 0.3173 
        D345  2 0.3819 0.0481 0.1920 0.0752 0.2553 0.0475 
        D346  2 0.0687 0.0935 0.0872 0.6575 0.0362 0.0570 
        D351  2 0.3907 0.1100 0.2646 0.0358 0.0931 0.1058 
        D352  2 0.0645 0.0897 0.3436 0.1262 0.0496 0.3264 
        D353  2 0.1908 0.0352 0.6884 0.0229 0.0208 0.0418 
        D354  2 0.3326 0.0263 0.1531 0.1323 0.0870 0.2687 
        D362  2 0.7921 0.0254 0.0423 0.0502 0.0556 0.0344 
        D363  2 0.7767 0.0255 0.0469 0.0814 0.0408 0.0288 
        D364  2 0.6105 0.0280 0.1113 0.0617 0.0653 0.1231 
        D365  2 0.0449 0.8738 0.0324 0.0184 0.0130 0.0176 
        D369  2 0.2660 0.2474 0.1122 0.2423 0.0876 0.0444 
        D374  2 0.0244 0.0247 0.0611 0.5918 0.0308 0.2671 
        D375  2 0.1380 0.0298 0.2420 0.0484 0.0537 0.4881 
        D376  2 0.0221 0.0419 0.0668 0.6070 0.0586 0.2036 
        D377  2 0.0626 0.0948 0.2143 0.1513 0.1520 0.3250 
        D378  2 0.4170 0.2348 0.1746 0.0374 0.0593 0.0770 
        D379  2 0.7808 0.0290 0.0732 0.0427 0.0314 0.0428 
        D384  2 0.8839 0.0166 0.0255 0.0390 0.0164 0.0186 
        D385  2 0.0268 0.7978 0.0430 0.0464 0.0168 0.0692 
        D386  2 0.4901 0.0757 0.2124 0.0295 0.0714 0.1210 
        D391  2 0.0739 0.8018 0.0494 0.0207 0.0195 0.0348 
        D392  2 0.0966 0.6426 0.0827 0.0777 0.0723 0.0281 
        D393  2 0.6336 0.1289 0.0822 0.0356 0.0529 0.0668 
        D394  2 0.1296 0.0835 0.1559 0.0665 0.3889 0.1756 
        D395  2 0.0494 0.3489 0.3045 0.0341 0.0284 0.2347 
        D401  2 0.0277 0.0416 0.0587 0.0635 0.7729 0.0356 
        D402  2 0.0307 0.8634 0.0289 0.0221 0.0219 0.0330 
        D403  2 0.3839 0.0430 0.3570 0.0249 0.0922 0.0990 
        D415  2 0.6231 0.0211 0.2147 0.0186 0.0828 0.0398 
        D435  2 0.6835 0.1483 0.0633 0.0224 0.0520 0.0305 
        D436  2 0.2511 0.0454 0.1240 0.0684 0.0355 0.4756 
        D438  2 0.0171 0.8970 0.0253 0.0243 0.0169 0.0193 
        D439  2 0.2613 0.1182 0.3782 0.0320 0.0804 0.1298 
        D449  2 0.1320 0.4517 0.3026 0.0414 0.0451 0.0272 
        D450  2 0.1530 0.0366 0.2537 0.3050 0.0694 0.1823 
        D456  2 0.8877 0.0159 0.0376 0.0239 0.0160 0.0189 
        D462  2 0.0992 0.7981 0.0410 0.0167 0.0193 0.0257 
        D463  2 0.8928 0.0144 0.0204 0.0330 0.0188 0.0207 
        D464  2 0.1372 0.0856 0.4744 0.0565 0.0285 0.2178 
        D465  2 0.3192 0.4022 0.1083 0.0391 0.0694 0.0618 
        D473  2 0.0314 0.0516 0.0707 0.6156 0.1197 0.1110 
        D474  2 0.6409 0.1106 0.0657 0.1048 0.0524 0.0257 
        D476  2 0.1287 0.1189 0.1647 0.0240 0.4353 0.1285 
        D477  2 0.5323 0.0619 0.1440 0.1068 0.0563 0.0988 
        D478  2 0.0887 0.0710 0.3453 0.1642 0.1399 0.1910 
        D480  2 0.4745 0.1381 0.1094 0.1465 0.0257 0.1058 
        D481  2 0.3547 0.0772 0.1478 0.1606 0.1717 0.0880 
        D482  2 0.0540 0.1026 0.2083 0.2404 0.1018 0.2929 
        D483  2 0.0296 0.8276 0.0305 0.0635 0.0302 0.0186 
        D484  2 0.0406 0.0719 0.1311 0.0481 0.0350 0.6733 
        D510  2 0.0312 0.0707 0.0683 0.7019 0.0335 0.0944 
        D511  2 0.4786 0.1198 0.1301 0.0359 0.0585 0.1771 
        D512  2 0.0455 0.1627 0.1476 0.0232 0.4889 0.1322 
        D513  2 0.1466 0.5076 0.1651 0.0771 0.0477 0.0558 
        D635  2 0.5696 0.0468 0.1204 0.0580 0.1824 0.0228 
        D636  2 0.0350 0.0165 0.0360 0.0209 0.8736 0.0181 
        D637  2 0.0552 0.2338 0.1683 0.1210 0.0506 0.3711 
        D658  2 0.0354 0.4888 0.0578 0.1126 0.0671 0.2384 
        D659  2 0.6853 0.0360 0.1166 0.0661 0.0559 0.0400 
        D677  2 0.3846 0.1284 0.1270 0.0306 0.1613 0.1681 
        D678  2 0.0349 0.6163 0.1903 0.0306 0.0445 0.0834 
        D679  2 0.5029 0.1098 0.1935 0.0753 0.0497 0.0689 
        D719  2 0.2763 0.1953 0.0545 0.4139 0.0262 0.0339 
        D720  2 0.7355 0.0427 0.0603 0.0918 0.0390 0.0308 
        D721  2 0.1257 0.1261 0.1769 0.0565 0.4847 0.0300 
        D722  2 0.0330 0.0719 0.1095 0.4699 0.0665 0.2492 
        D734  2 0.0681 0.1415 0.0807 0.5243 0.0184 0.1670 
        D735  2 0.3928 0.0964 0.2012 0.1326 0.1023 0.0746 
        D736  2 0.0979 0.1294 0.0977 0.5700 0.0619 0.0431 
        D737  2 0.0372 0.5929 0.1083 0.0519 0.0830 0.1267 
        D807  2 0.2336 0.1097 0.0911 0.3479 0.0805 0.1371 
        D808  2 0.1684 0.1926 0.2093 0.0474 0.2446 0.1377 
        D817  2 0.4780 0.0452 0.1544 0.1125 0.0591 0.1506 
        D818  2 0.0867 0.3652 0.3219 0.0385 0.0534 0.1342 
        D819  2 0.3278 0.0529 0.2367 0.0823 0.1697 0.1307 
        D820  2 0.7885 0.0483 0.0443 0.0305 0.0212 0.0672 
        D895  2 0.4560 0.0349 0.2359 0.0537 0.1863 0.0331 
        D896  2 0.0202 0.0243 0.0299 0.0593 0.8186 0.0477 
        D897  2 0.0449 0.5870 0.1987 0.0362 0.0561 0.0770 
        D898  2 0.1030 0.0700 0.3083 0.1200 0.1312 0.2674 
        D918  2 0.0636 0.1215 0.2080 0.1238 0.1687 0.3144 
        D919  2 0.3114 0.2252 0.2226 0.0357 0.0414 0.1636 
        D920  2 0.0303 0.0318 0.0443 0.0541 0.7776 0.0619 
        D923  2 0.7705 0.0359 0.0821 0.0350 0.0274 0.0491 
        D930  2 0.3006 0.0683 0.2328 0.1931 0.0559 0.1492 
        D931  2 0.4943 0.1300 0.1133 0.0883 0.0485 0.1255 
        D968  2 0.0303 0.8844 0.0283 0.0178 0.0151 0.0241 
        D969  2 0.4082 0.2798 0.1383 0.0821 0.0411 0.0505 
        D977  2 0.0370 0.7408 0.1144 0.0307 0.0270 0.0502 
        D978  2 0.0704 0.3416 0.2955 0.0623 0.0273 0.2029 
        D211  3 0.1222 0.0556 0.1733 0.0433 0.4070 0.1986 
     D229639  3 0.0874 0.5005 0.0883 0.2263 0.0453 0.0522 
     D237212  3 0.1751 0.2316 0.1716 0.0625 0.1031 0.2562 
     D237213  3 0.1398 0.0597 0.1899 0.0376 0.2598 0.3131 
     D237214  3 0.0503 0.0239 0.3580 0.0609 0.4474 0.0596 
     D237215  3 0.0218 0.7206 0.0439 0.0956 0.0282 0.0901 
     D237216  3 0.0462 0.0370 0.7490 0.0305 0.0738 0.0635 
     D237217  3 0.1591 0.0477 0.4116 0.0214 0.3189 0.0413 
     D237218  3 0.1881 0.1734 0.2477 0.1149 0.0743 0.2015 
     D237219  3 0.0508 0.0728 0.1530 0.1939 0.4197 0.1098 
     D237382  3 0.1382 0.0585 0.1483 0.1227 0.1019 0.4306 
     D244127  3 0.0434 0.1406 0.1445 0.0307 0.5694 0.0713 
     D244129  3 0.1860 0.1189 0.2253 0.0592 0.2322 0.1783 
     D244133  3 0.1043 0.2109 0.2670 0.2488 0.0991 0.0700 
     D244134  3 0.0575 0.1630 0.1073 0.4985 0.1355 0.0381 
     D244135  3 0.0815 0.0879 0.0824 0.0278 0.6639 0.0566 
     D244136  3 0.2131 0.1225 0.1636 0.3201 0.0753 0.1054 
        D416  3 0.1936 0.2086 0.3059 0.0545 0.1442 0.0932 
        D417  3 0.7520 0.0239 0.0713 0.0354 0.0423 0.0751 
        D419  3 0.2299 0.1809 0.1955 0.1080 0.2100 0.0757 
        D565  3 0.0498 0.0273 0.0320 0.8470 0.0248 0.0190 
        D566  3 0.0735 0.2745 0.0880 0.4787 0.0405 0.0448 
        D567  3 0.7222 0.0368 0.0516 0.0333 0.1157 0.0403 
        D568  3 0.3197 0.1646 0.1704 0.0263 0.2131 0.1057 
        D569  3 0.0645 0.1629 0.2466 0.0501 0.0894 0.3865 
        D573  3 0.1468 0.6500 0.1196 0.0320 0.0276 0.0240 
        D574  3 0.0447 0.0647 0.1359 0.5759 0.0936 0.0852 
        D575  3 0.1452 0.0944 0.1634 0.2795 0.2560 0.0616 
        D576  3 0.0094 0.8094 0.0496 0.0377 0.0230 0.0710 
        D577  3 0.6460 0.0333 0.1011 0.0681 0.0617 0.0898 
        D578  3 0.0215 0.0342 0.1383 0.0235 0.7491 0.0334 
        D579  3 0.2469 0.1399 0.1363 0.3202 0.0756 0.0811 
        D660  3 0.0334 0.4883 0.2072 0.0346 0.1330 0.1035 
        D661  3 0.0552 0.5128 0.1846 0.0316 0.0481 0.1677 
        D663  3 0.0521 0.5820 0.2377 0.0346 0.0343 0.0594 
        D664  3 0.0295 0.1888 0.1908 0.1473 0.2867 0.1569 
        D665  3 0.0320 0.0634 0.3951 0.0167 0.1905 0.3024 
        D666  3 0.1205 0.0611 0.1605 0.3018 0.2440 0.1122 
        D009  4 0.1979 0.0292 0.2201 0.0402 0.3132 0.1993 
        D057  4 0.1269 0.3376 0.0679 0.0500 0.2329 0.1847 
        D109  4 0.0521 0.0271 0.2379 0.0938 0.5069 0.0821 
     D237222  4 0.0522 0.0491 0.0726 0.1007 0.6137 0.1117 
     D237223  4 0.0595 0.0985 0.2361 0.1138 0.2690 0.2231 
     D237224  4 0.3143 0.3137 0.1176 0.0568 0.0697 0.1279 
     D237225  4 0.1313 0.0544 0.4498 0.0571 0.1498 0.1575 
     D237299  4 0.0255 0.0555 0.4094 0.0643 0.0669 0.3784 
     D237300  4 0.0231 0.6846 0.1105 0.0917 0.0371 0.0530 
     D237306  4 0.1014 0.0458 0.0889 0.4748 0.0907 0.1983 
     D237307  4 0.3978 0.0742 0.1126 0.2681 0.0713 0.0760 
     D237308  4 0.0883 0.4694 0.1090 0.1043 0.1265 0.1025 
     D237309  4 0.2335 0.0719 0.3077 0.0449 0.2028 0.1392 
     D237317  4 0.1848 0.0380 0.2191 0.4432 0.0630 0.0519 
     D237318  4 0.0266 0.8025 0.0862 0.0370 0.0208 0.0268 
     D237319  4 0.1135 0.0922 0.2326 0.0647 0.2743 0.2227 
     D237320  4 0.1262 0.2298 0.1163 0.0513 0.2849 0.1915 
     D237321  4 0.0648 0.5943 0.1335 0.0890 0.0588 0.0596 
     D237397  4 0.0778 0.2354 0.1406 0.2433 0.1506 0.1523 
     D237398  4 0.1262 0.4488 0.2778 0.0404 0.0448 0.0620 
     D237399  4 0.1603 0.1191 0.1258 0.3164 0.1011 0.1773 
     D244001  4 0.0622 0.0958 0.1407 0.0375 0.5804 0.0834 
        D289  4 0.2136 0.1481 0.1433 0.3225 0.0610 0.1116 
        D290  4 0.0955 0.0654 0.1817 0.0342 0.0452 0.5780 
        D294  4 0.1594 0.0629 0.2775 0.0574 0.0300 0.4128 
        D295  4 0.3521 0.0525 0.0924 0.0699 0.1071 0.3259 
        D301  4 0.0310 0.0754 0.0545 0.0570 0.6883 0.0938 
        D302  4 0.4475 0.0302 0.1166 0.0336 0.0335 0.3387 
        D303  4 0.0545 0.0570 0.0652 0.6388 0.0900 0.0945 
        D304  4 0.1126 0.0960 0.2132 0.1209 0.0394 0.4179 
        D305  4 0.0482 0.0937 0.6354 0.0214 0.0513 0.1499 
        D306  4 0.0556 0.0283 0.3711 0.0641 0.0600 0.4208 
        D307  4 0.0256 0.0439 0.0462 0.0937 0.7501 0.0405 
        D327  4 0.6066 0.0797 0.1045 0.0917 0.0422 0.0752 
        D328  4 0.0451 0.0456 0.0902 0.2452 0.0717 0.5021 
        D329  4 0.1680 0.1451 0.2821 0.0774 0.1073 0.2200 
        D330  4 0.3876 0.0588 0.1691 0.0220 0.1650 0.1974 
        D331  4 0.2280 0.1104 0.1421 0.1591 0.1219 0.2384 
        D333  4 0.1051 0.1559 0.1296 0.1437 0.1395 0.3261 
        D334  4 0.1204 0.0361 0.0836 0.6369 0.0372 0.0857 
        D335  4 0.5919 0.0567 0.0713 0.0373 0.0296 0.2133 
        D370  4 0.0614 0.0509 0.1566 0.1486 0.2321 0.3503 
        D371  4 0.1033 0.0359 0.0456 0.7578 0.0228 0.0346 
        D372  4 0.0189 0.4564 0.3545 0.0621 0.0226 0.0855 
        D373  4 0.0533 0.1303 0.1030 0.0340 0.6325 0.0470 
        D455  4 0.0482 0.0553 0.0446 0.0390 0.7332 0.0796 
        D490  4 0.0318 0.0181 0.0319 0.0266 0.8242 0.0672 
        D497  4 0.0210 0.0318 0.0637 0.0357 0.7720 0.0758 
        D498  4 0.0967 0.0933 0.1691 0.1768 0.1470 0.3171 
        D499  4 0.0588 0.3216 0.1756 0.2496 0.0431 0.1514 
        D514  4 0.3312 0.0418 0.1899 0.0290 0.0548 0.3532 
        D515  4 0.0735 0.0415 0.1358 0.0334 0.2124 0.5033 
        D516  4 0.2187 0.1341 0.1621 0.1071 0.2542 0.1239 
        D517  4 0.0689 0.0879 0.2390 0.0294 0.5174 0.0574 
        D518  4 0.1676 0.0720 0.1082 0.1560 0.2132 0.2829 
        D519  4 0.0817 0.0894 0.1710 0.0465 0.2991 0.3123 
        D560  4 0.1179 0.1341 0.2158 0.0253 0.1411 0.3657 
        D561  4 0.1543 0.0608 0.5584 0.0187 0.1109 0.0969 
        D562  4 0.0900 0.1237 0.2341 0.0990 0.1379 0.3154 
        D563  4 0.0751 0.4972 0.2005 0.0330 0.0597 0.1343 
        D572  4 0.2137 0.0536 0.1595 0.0516 0.0884 0.4333 
        D629  4 0.4740 0.0418 0.1397 0.0539 0.2015 0.0891 
        D630  4 0.1727 0.0700 0.1435 0.0981 0.0956 0.4200 
        D631  4 0.1169 0.3078 0.1325 0.0632 0.0553 0.3242 
        D632  4 0.0949 0.1453 0.0775 0.0295 0.5840 0.0688 
        D646  4 0.2924 0.0857 0.1963 0.0449 0.2688 0.1119 
        D647  4 0.5267 0.0597 0.0791 0.0218 0.1319 0.1808 
        D648  4 0.0254 0.0285 0.0580 0.1008 0.0280 0.7592 
        D649  4 0.5693 0.0276 0.0711 0.0350 0.2087 0.0883 
        D650  4 0.2591 0.0577 0.1361 0.1788 0.1405 0.2279 
        D708  4 0.0805 0.0485 0.2048 0.3617 0.0636 0.2407 
        D709  4 0.0547 0.0459 0.1792 0.0602 0.0534 0.6067 
        D738  4 0.1062 0.0342 0.0657 0.5330 0.1598 0.1011 
        D739  4 0.0603 0.0573 0.1721 0.0519 0.2151 0.4432 
        D740  4 0.0389 0.0872 0.3590 0.2365 0.1676 0.1108 
        D741  4 0.1924 0.1737 0.3023 0.0263 0.1036 0.2016 
        D742  4 0.0646 0.4461 0.1133 0.1529 0.0586 0.1645 
        D743  4 0.6283 0.0795 0.0890 0.0466 0.0331 0.1235 
        D744  4 0.2693 0.1461 0.1888 0.0432 0.0660 0.2865 
        D745  4 0.0418 0.0384 0.1415 0.0351 0.4293 0.3139 
        D814  4 0.0551 0.3007 0.4256 0.0262 0.0441 0.1483 
        D815  4 0.3280 0.0497 0.0950 0.0638 0.0585 0.4050 
        D828  4 0.0181 0.1080 0.0711 0.1338 0.0381 0.6310 
        D845  4 0.0370 0.6978 0.0660 0.1445 0.0210 0.0337 
        D846  4 0.2995 0.2186 0.2046 0.0217 0.0804 0.1751 
        D847  4 0.1666 0.1236 0.1677 0.1948 0.1512 0.1960 
        D848  4 0.0302 0.2117 0.1047 0.0342 0.5812 0.0380 
        D849  4 0.0815 0.0466 0.1934 0.0252 0.3413 0.3120 
        D850  4 0.2462 0.1413 0.3412 0.1133 0.1021 0.0560 
        D856  4 0.0933 0.0391 0.3595 0.0562 0.1964 0.2556 
        D857  4 0.0138 0.0495 0.0368 0.0445 0.7447 0.1107 
        D859  4 0.1724 0.1031 0.1734 0.0552 0.0520 0.4439 
        D860  4 0.1596 0.1940 0.0964 0.4699 0.0353 0.0448 
        D883  4 0.2827 0.0450 0.1018 0.1226 0.2699 0.1779 
        D884  4 0.1245 0.0362 0.0991 0.0941 0.1846 0.4615 
        D885  4 0.1650 0.1507 0.4553 0.0494 0.0485 0.1311 
        D886  4 0.2439 0.0555 0.0763 0.0288 0.3260 0.2695 
        D887  4 0.1720 0.2363 0.2061 0.1211 0.0932 0.1713 
        D889  4 0.0451 0.1507 0.2478 0.0391 0.0199 0.4974 
        D890  4 0.0913 0.0755 0.1812 0.2080 0.1755 0.2685 
        D891  4 0.0213 0.8389 0.0676 0.0328 0.0170 0.0224 
        D899  4 0.0604 0.5201 0.0872 0.1876 0.0352 0.1094 
        D900  4 0.2155 0.1044 0.2580 0.1154 0.1184 0.1883 
        D970  4 0.3150 0.1102 0.2337 0.0985 0.0882 0.1544 
        D971  4 0.1632 0.4777 0.1200 0.0854 0.0774 0.0763 
        D979  4 0.7234 0.0291 0.0666 0.0294 0.0185 0.1330 
        D093  5 0.0567 0.0499 0.0489 0.7241 0.0371 0.0834 
        D154  5 0.0457 0.3572 0.2944 0.0830 0.0355 0.1843 
        D168  5 0.1173 0.3032 0.2404 0.0309 0.1765 0.1316 
        D189  5 0.0571 0.1674 0.1193 0.3987 0.0390 0.2185 
        D190  5 0.0530 0.0414 0.0370 0.7694 0.0316 0.0676 
     D237220  5 0.0659 0.0754 0.2109 0.1595 0.2801 0.2082 
     D237221  5 0.1259 0.1972 0.1112 0.4332 0.0568 0.0757 
     D237274  5 0.7192 0.0470 0.1019 0.0232 0.0352 0.0736 
     D237275  5 0.0210 0.7382 0.0927 0.0288 0.0343 0.0851 
     D237276  5 0.1570 0.0633 0.0963 0.2058 0.1517 0.3260 
     D237277  5 0.0469 0.1079 0.0625 0.6926 0.0321 0.0581 
     D237278  5 0.0629 0.3303 0.1165 0.2666 0.1257 0.0981 
     D237279  5 0.0541 0.0324 0.3773 0.0322 0.4793 0.0246 
     D237280  5 0.1962 0.0241 0.1183 0.1012 0.5129 0.0474 
     D237281  5 0.0506 0.7842 0.0826 0.0337 0.0226 0.0262 
     D237351  5 0.0422 0.0408 0.0728 0.1244 0.6525 0.0674 
     D237352  5 0.2118 0.0661 0.1111 0.0901 0.4172 0.1036 
     D237353  5 0.0308 0.0326 0.0524 0.8195 0.0319 0.0328 
     D237359  5 0.0869 0.0955 0.2623 0.1451 0.1787 0.2314 
     D237361  5 0.0319 0.0265 0.0363 0.8459 0.0248 0.0346 
     D237362  5 0.2980 0.0901 0.1819 0.2204 0.0835 0.1261 
     D237363  5 0.0438 0.1371 0.6606 0.0658 0.0353 0.0574 
     D237364  5 0.1501 0.1788 0.2040 0.0208 0.0910 0.3554 
     D237376  5 0.0198 0.0466 0.0409 0.2388 0.0220 0.6319 
     D237377  5 0.2969 0.0529 0.2211 0.1324 0.2623 0.0345 
     D237378  5 0.0307 0.0991 0.0689 0.6005 0.0408 0.1601 
     D237379  5 0.0557 0.0548 0.1471 0.3111 0.0472 0.3842 
     D237380  5 0.0475 0.0161 0.0746 0.0824 0.6232 0.1562 
     D237381  5 0.0847 0.0683 0.0920 0.0758 0.5627 0.1164 
     D237391  5 0.0499 0.0259 0.0417 0.8256 0.0306 0.0264 
     D237392  5 0.4878 0.1417 0.1629 0.0420 0.0679 0.0977 
     D237393  5 0.3745 0.0763 0.0713 0.2837 0.1378 0.0564 
     D237394  5 0.0303 0.0154 0.0263 0.8809 0.0256 0.0215 
     D237395  5 0.0461 0.0853 0.1777 0.4177 0.1206 0.1526 
     D237396  5 0.5385 0.0762 0.0924 0.1875 0.0838 0.0217 
     D244016  5 0.0761 0.0962 0.3889 0.3014 0.0381 0.0993 
     D244018  5 0.0757 0.3783 0.1666 0.2535 0.0941 0.0319 
     D244019  5 0.2532 0.1666 0.3158 0.0876 0.0378 0.1390 
        D279  5 0.0479 0.2131 0.3630 0.1260 0.0597 0.1903 
        D280  5 0.0984 0.1107 0.2818 0.3698 0.0902 0.0492 
        D281  5 0.0355 0.6276 0.1645 0.0900 0.0192 0.0633 
        D283  5 0.1425 0.0567 0.1034 0.6289 0.0346 0.0339 
        D284  5 0.1013 0.0743 0.2803 0.0544 0.2700 0.2197 
        D285  5 0.1023 0.0482 0.1392 0.5439 0.0436 0.1227 
        D286  5 0.1254 0.0616 0.1222 0.2112 0.0702 0.4094 
        D287  5 0.0223 0.0281 0.0686 0.2304 0.0567 0.5938 
        D288  5 0.2013 0.1426 0.3049 0.2558 0.0417 0.0537 
        D308  5 0.1111 0.0232 0.0721 0.0449 0.7231 0.0257 
        D309  5 0.3977 0.0224 0.1960 0.0300 0.0483 0.3056 
        D310  5 0.0222 0.0191 0.2356 0.6621 0.0170 0.0440 
        D311  5 0.1640 0.0550 0.1888 0.1357 0.0426 0.4139 
        D312  5 0.1354 0.0694 0.1366 0.2873 0.1057 0.2656 
        D313  5 0.0154 0.0121 0.0234 0.0328 0.9001 0.0161 
        D314  5 0.0536 0.1583 0.2050 0.1157 0.0764 0.3911 
        D315  5 0.2239 0.0738 0.1060 0.4142 0.1087 0.0732 
        D317  5 0.0428 0.0271 0.0374 0.8203 0.0316 0.0409 
        D318  5 0.1842 0.1184 0.2930 0.1152 0.0949 0.1942 
        D319  5 0.0315 0.0372 0.0464 0.8132 0.0288 0.0430 
        D320  5 0.0407 0.0332 0.0514 0.7645 0.0366 0.0736 
        D321  5 0.0850 0.0586 0.0515 0.1361 0.6440 0.0248 
        D336  5 0.0287 0.0246 0.0654 0.5739 0.0232 0.2843 
        D337  5 0.0268 0.0398 0.0327 0.8480 0.0152 0.0373 
        D338  5 0.2095 0.1121 0.1836 0.2513 0.0902 0.1533 
        D339  5 0.0483 0.0833 0.1207 0.6255 0.0666 0.0555 
        D347  5 0.2383 0.1157 0.1592 0.0678 0.0318 0.3872 
        D348  5 0.0418 0.0334 0.0828 0.7425 0.0222 0.0774 
        D349  5 0.0383 0.0259 0.0392 0.0868 0.7796 0.0303 
        D350  5 0.2832 0.0391 0.1676 0.0258 0.0399 0.4443 
        D355  5 0.1124 0.3255 0.3675 0.0333 0.0232 0.1381 
        D356  5 0.2619 0.0425 0.0944 0.3862 0.0999 0.1151 
        D357  5 0.0882 0.0807 0.3228 0.1683 0.0657 0.2744 
        D358  5 0.0859 0.0641 0.1622 0.4782 0.0913 0.1182 
        D359  5 0.2680 0.0256 0.0991 0.5395 0.0275 0.0402 
        D360  5 0.1025 0.0308 0.0893 0.6006 0.0986 0.0781 
        D361  5 0.0471 0.0285 0.0332 0.0429 0.8225 0.0258 
        D366  5 0.5767 0.2567 0.0645 0.0286 0.0415 0.0319 
        D367  5 0.0286 0.0229 0.1934 0.4983 0.0451 0.2117 
        D368  5 0.1300 0.0468 0.2085 0.3389 0.1983 0.0775 
        D380  5 0.3743 0.0805 0.2897 0.0560 0.0701 0.1295 
        D381  5 0.0719 0.0557 0.1822 0.6149 0.0371 0.0382 
        D400  5 0.0906 0.1806 0.1182 0.2181 0.0365 0.3561 
        D411  5 0.0181 0.0326 0.0785 0.0191 0.7739 0.0778 
        D412  5 0.0999 0.1723 0.3299 0.0989 0.1660 0.1331 
        D413  5 0.1065 0.6510 0.1027 0.0449 0.0491 0.0458 
        D414  5 0.0766 0.2204 0.1623 0.0271 0.0339 0.4797 
        D420  5 0.0489 0.1240 0.3118 0.0979 0.2188 0.1986 
        D431  5 0.0248 0.1250 0.1851 0.1143 0.0722 0.4786 
        D432  5 0.0749 0.0877 0.1171 0.5983 0.0674 0.0546 
        D433  5 0.0703 0.1040 0.0808 0.5969 0.0498 0.0982 
        D434  5 0.1071 0.0403 0.1214 0.5733 0.0903 0.0676 
        D440  5 0.2740 0.0278 0.2274 0.0260 0.0422 0.4027 
        D447  5 0.3341 0.0787 0.3636 0.0380 0.0860 0.0996 
        D448  5 0.0696 0.0712 0.1049 0.4225 0.0208 0.3111 
        D459  5 0.1090 0.6950 0.0764 0.0346 0.0233 0.0616 
        D460  5 0.0676 0.0307 0.0534 0.1230 0.7000 0.0253 
        D461  5 0.4669 0.0197 0.0990 0.0408 0.0245 0.3492 
        D468  5 0.2124 0.0634 0.2491 0.2294 0.0917 0.1540 
        D469  5 0.4985 0.0443 0.1134 0.1010 0.1185 0.1243 
        D470  5 0.0928 0.0489 0.1805 0.0982 0.1140 0.4656 
        D471  5 0.0614 0.0858 0.0825 0.4859 0.0206 0.2637 
        D472  5 0.7726 0.1233 0.0384 0.0279 0.0179 0.0198 
        D479  5 0.0399 0.6978 0.0497 0.0295 0.0352 0.1480 
        D485  5 0.0470 0.0597 0.0694 0.0819 0.0456 0.6963 
        D486  5 0.1482 0.0500 0.2088 0.1307 0.1682 0.2941 
        D487  5 0.0356 0.2538 0.1883 0.2620 0.0418 0.2185 
        D555  5 0.0433 0.0657 0.0363 0.7706 0.0286 0.0556 
        D556  5 0.0640 0.1134 0.1331 0.3158 0.0859 0.2878 
        D557  5 0.0483 0.0485 0.0442 0.7883 0.0268 0.0439 
        D564  5 0.0702 0.0508 0.1609 0.3911 0.1446 0.1824 
        D594  5 0.2111 0.1152 0.2804 0.0776 0.0768 0.2389 
        D595  5 0.1804 0.1302 0.1353 0.3857 0.0775 0.0909 
        D596  5 0.0280 0.0310 0.0287 0.8334 0.0379 0.0410 
        D597  5 0.1520 0.3110 0.0979 0.3478 0.0390 0.0523 
        D598  5 0.1188 0.0640 0.1063 0.4509 0.1405 0.1194 
        D617  5 0.0332 0.1518 0.1533 0.0241 0.5489 0.0887 
        D618  5 0.1104 0.1196 0.0928 0.5506 0.0555 0.0710 
        D619  5 0.2557 0.0599 0.1457 0.1673 0.2882 0.0832 
        D620  5 0.0534 0.8319 0.0321 0.0296 0.0284 0.0246 
        D628  5 0.1331 0.0557 0.1892 0.0955 0.1285 0.3980 
        D714  5 0.0268 0.2291 0.1741 0.3087 0.0436 0.2177 
        D715  5 0.0999 0.0602 0.0422 0.7415 0.0265 0.0295 
        D716  5 0.0954 0.1181 0.1556 0.0654 0.0273 0.5382 
        D717  5 0.4227 0.0490 0.1119 0.2409 0.0966 0.0790 
        D718  5 0.0240 0.0480 0.1783 0.0894 0.0578 0.6025 
        D769  5 0.0383 0.1069 0.2041 0.0277 0.4480 0.1749 
        D770  5 0.0685 0.3080 0.1880 0.1242 0.0357 0.2757 
        D771  5 0.0748 0.2662 0.1857 0.1179 0.1045 0.2509 
        D772  5 0.0942 0.0603 0.0807 0.3772 0.0505 0.3371 
        D782  5 0.0524 0.1701 0.4580 0.0461 0.2440 0.0293 
        D783  5 0.0432 0.3666 0.2235 0.1283 0.0331 0.2053 
        D784  5 0.4979 0.0625 0.1600 0.1559 0.0474 0.0763 
        D785  5 0.0439 0.0234 0.0531 0.6975 0.0708 0.1112 
        D786  5 0.2299 0.0536 0.0567 0.0216 0.4889 0.1493 
        D821  5 0.0177 0.0185 0.0221 0.8927 0.0137 0.0353 
        D822  5 0.3903 0.0808 0.2204 0.1395 0.0378 0.1313 
        D826  5 0.0799 0.2272 0.1428 0.4005 0.0412 0.1084 
        D827  5 0.3223 0.1011 0.3363 0.0513 0.0455 0.1435 
        D851  5 0.1525 0.0748 0.3791 0.2034 0.0982 0.0921 
        D852  5 0.0508 0.2542 0.1263 0.2829 0.1045 0.1812 
        D853  5 0.1080 0.1166 0.1506 0.3089 0.0631 0.2529 
        D854  5 0.1390 0.1571 0.2571 0.0281 0.0740 0.3448 
        D861  5 0.0912 0.1606 0.3238 0.2055 0.0979 0.1209 
        D862  5 0.3486 0.0458 0.1357 0.2758 0.0543 0.1397 
        D865  5 0.0277 0.0580 0.0595 0.7571 0.0443 0.0534 
        D868  5 0.7017 0.0424 0.0657 0.0967 0.0391 0.0545 
        D869  5 0.0466 0.0427 0.0584 0.0575 0.7597 0.0350 
        D870  5 0.0665 0.0533 0.7681 0.0183 0.0472 0.0465 
        D907  5 0.0373 0.0488 0.1103 0.6564 0.0785 0.0686 
        D908  5 0.0397 0.3885 0.0969 0.2761 0.0636 0.1352 
        D910  5 0.0834 0.2999 0.1083 0.3518 0.0355 0.1212 
        D911  5 0.0828 0.3758 0.3760 0.0422 0.0214 0.1018 
        D934  5 0.0779 0.3155 0.2602 0.0926 0.0384 0.2154 
        D946  5 0.0241 0.1574 0.1348 0.0706 0.0682 0.5449 
        D947  5 0.1790 0.0714 0.2011 0.0756 0.0703 0.4025 
        D948  5 0.0498 0.0209 0.0293 0.1633 0.7132 0.0234 
        D949  5 0.0676 0.0224 0.0395 0.0956 0.7425 0.0325 
        D950  5 0.0948 0.4055 0.3461 0.0589 0.0275 0.0672 
        D951  5 0.3763 0.0394 0.3460 0.0371 0.0528 0.1485 
        D952  5 0.6962 0.0548 0.0487 0.1115 0.0440 0.0449 
        D953  5 0.1005 0.0369 0.0679 0.6927 0.0527 0.0492 
        D954  5 0.4828 0.0316 0.0990 0.3105 0.0453 0.0308 
        D961  5 0.0299 0.0434 0.1416 0.1218 0.0364 0.6269 
        D962  5 0.0722 0.0183 0.0599 0.5397 0.0334 0.2766 
        D963  5 0.3820 0.0573 0.1065 0.2907 0.0392 0.1244 
        D964  5 0.0570 0.1154 0.1898 0.1161 0.1157 0.4060 
        D965  5 0.0684 0.0953 0.1536 0.0590 0.0505 0.5733 
        D966  5 0.1943 0.1544 0.1728 0.2879 0.0455 0.1450 
        D967  5 0.0673 0.2584 0.1567 0.3134 0.1430 0.0612 
        D991  5 0.1228 0.0391 0.1258 0.1153 0.2665 0.3305 
        D502  6 0.0298 0.1394 0.3228 0.0141 0.0584 0.4355 
        D503  6 0.0380 0.3051 0.2718 0.0897 0.2325 0.0630 
        D504  6 0.4211 0.0776 0.1710 0.1492 0.0948 0.0862 
        D505  6 0.1075 0.1333 0.2099 0.3497 0.0939 0.1056 
        D506  6 0.0260 0.0171 0.0303 0.8773 0.0237 0.0255 
        D507  6 0.0993 0.1929 0.2574 0.0620 0.1354 0.2530 
        D508  6 0.1910 0.0834 0.2856 0.0348 0.0385 0.3668 
        D529  6 0.1403 0.0588 0.2704 0.1840 0.1618 0.1847 
        D530  6 0.0290 0.0806 0.1128 0.1197 0.1116 0.5462 
        D531  6 0.2433 0.0765 0.1654 0.1311 0.0767 0.3070 
        D532  6 0.2231 0.0775 0.1853 0.2152 0.0501 0.2488 
        D534  6 0.0641 0.0362 0.0751 0.0265 0.7539 0.0443 
        D535  6 0.1743 0.0489 0.1965 0.3605 0.1082 0.1116 
        D536  6 0.0243 0.6602 0.1610 0.0270 0.0622 0.0654 
        D554  6 0.0584 0.0466 0.1581 0.2190 0.0973 0.4205 
        D587  6 0.0884 0.0643 0.0719 0.6747 0.0443 0.0563 
        D588  6 0.1743 0.0571 0.2894 0.3675 0.0677 0.0441 
        D589  6 0.0556 0.2497 0.4004 0.1457 0.0654 0.0833 
        D590  6 0.0565 0.6361 0.1628 0.0413 0.0541 0.0493 
        D591  6 0.0588 0.1213 0.4636 0.1988 0.1035 0.0541 
        D592  6 0.0436 0.0443 0.0491 0.0616 0.7753 0.0260 
        D593  6 0.0241 0.0458 0.0481 0.1208 0.0311 0.7302 
        D682  6 0.0247 0.0250 0.0375 0.8603 0.0265 0.0260 
        D683  6 0.4872 0.0284 0.0985 0.3094 0.0430 0.0335 
        D684  6 0.0536 0.2151 0.3629 0.0262 0.2699 0.0723 
        D685  6 0.0176 0.0629 0.7200 0.0382 0.0494 0.1119 
        D686  6 0.0523 0.0362 0.2104 0.2748 0.0409 0.3855 
        D724  6 0.1943 0.0896 0.1880 0.0320 0.1141 0.3819 
        D725  6 0.0543 0.1859 0.1759 0.1191 0.0667 0.3981 
        D726  6 0.0275 0.0134 0.0288 0.8804 0.0202 0.0296 
        D727  6 0.2366 0.3651 0.1731 0.0789 0.0782 0.0681 
        D728  6 0.0695 0.0378 0.1291 0.5704 0.0619 0.1313 
        D729  6 0.2631 0.1519 0.1867 0.0234 0.3459 0.0291 
        D730  6 0.1798 0.1580 0.1872 0.0347 0.1872 0.2531 
        D731  6 0.0154 0.1297 0.0354 0.7641 0.0198 0.0356 
        D732  6 0.3693 0.0651 0.1259 0.0423 0.0618 0.3355 
        D733  6 0.0867 0.0543 0.1155 0.0728 0.1578 0.5129 
     D237251  7 0.0467 0.3084 0.1151 0.0631 0.0414 0.4253 
     D237252  7 0.0589 0.2017 0.1775 0.0287 0.3443 0.1889 
     D237253  7 0.0682 0.2441 0.2152 0.2460 0.0432 0.1833 
     D237254  7 0.0283 0.0370 0.1835 0.0266 0.6987 0.0259 
     D237255  7 0.0316 0.6924 0.0953 0.0547 0.0290 0.0971 
     D237256  7 0.0550 0.2687 0.3485 0.0448 0.0265 0.2564 
     D237257  7 0.0568 0.0995 0.4520 0.0351 0.1460 0.2107 
     D237282  7 0.6145 0.0998 0.0844 0.0216 0.1021 0.0776 
     D237283  7 0.0176 0.0374 0.2138 0.0329 0.6627 0.0357 
     D237284  7 0.0612 0.0371 0.0879 0.0314 0.7387 0.0437 
     D237285  7 0.0573 0.1806 0.1262 0.1171 0.0545 0.4642 
     D237286  7 0.1668 0.1161 0.2398 0.2587 0.0836 0.1351 
     D237287  7 0.1339 0.4060 0.2330 0.0752 0.0563 0.0957 
     D244006  7 0.0345 0.0364 0.0529 0.0219 0.8245 0.0299 
     D244007  7 0.1779 0.4778 0.1771 0.0504 0.0712 0.0456 
     D244008  7 0.0243 0.0302 0.2571 0.0603 0.5868 0.0413 
     D244009  7 0.1593 0.0297 0.1662 0.0868 0.3502 0.2077 
     D244010  7 0.0475 0.0945 0.3846 0.0523 0.1830 0.2381 
     D244011  7 0.0438 0.1109 0.1888 0.2406 0.0971 0.3188 
     D244012  7 0.0871 0.2429 0.3124 0.0444 0.1029 0.2102 
     D244013  7 0.1203 0.3212 0.0748 0.1729 0.0691 0.2417 
     D244014  7 0.0694 0.1474 0.2693 0.0573 0.3184 0.1382 
     D244015  7 0.1014 0.0803 0.4057 0.0418 0.2685 0.1023 
     D244125  7 0.1560 0.1479 0.1326 0.4640 0.0449 0.0545 
     D244126  7 0.0267 0.0199 0.1413 0.0171 0.7239 0.0711 
     D244130  7 0.0588 0.0701 0.3124 0.0473 0.2400 0.2714 
     D244131  7 0.1998 0.0727 0.1089 0.3973 0.1544 0.0670 
     D244132  7 0.2939 0.0419 0.1143 0.2646 0.0705 0.2148 
        D520  7 0.0526 0.0275 0.4475 0.1117 0.1922 0.1684 
        D521  7 0.1265 0.0713 0.1186 0.0479 0.0906 0.5451 
        D522  7 0.1111 0.0448 0.1199 0.1282 0.5642 0.0318 
        D523  7 0.0515 0.4889 0.1978 0.1162 0.0535 0.0922 
        D524  7 0.0755 0.2926 0.1320 0.2011 0.1008 0.1980 
        D525  7 0.0514 0.1797 0.1230 0.0507 0.5536 0.0415 
        D526  7 0.0568 0.0259 0.1013 0.0243 0.7649 0.0267 
        D527  7 0.2342 0.0696 0.2583 0.1270 0.1157 0.1953 
        D528  7 0.0140 0.0116 0.9274 0.0116 0.0164 0.0190 
        D558  7 0.2808 0.0874 0.0942 0.0233 0.1597 0.3545 
        D559  7 0.2091 0.1025 0.2206 0.0227 0.1106 0.3345 
        D640  7 0.1333 0.1401 0.2409 0.2625 0.0785 0.1446 
        D641  7 0.0301 0.1625 0.1480 0.3079 0.1660 0.1854 
        D642  7 0.0771 0.1132 0.1214 0.0625 0.5441 0.0818 
        D644  7 0.0912 0.1016 0.1440 0.2082 0.2727 0.1823 
        D645  7 0.1111 0.1824 0.1785 0.1415 0.1052 0.2813 
        D662  7 0.1809 0.0202 0.0818 0.1207 0.5639 0.0326 
        D687  7 0.0866 0.0848 0.4363 0.1190 0.0572 0.2161 
        D688  7 0.3385 0.0975 0.1716 0.0265 0.1405 0.2254 
        D689  7 0.1694 0.1200 0.2155 0.2812 0.1135 0.1004 
        D700  7 0.0185 0.0149 0.9253 0.0148 0.0131 0.0133 
        D797  7 0.1932 0.1121 0.2145 0.1888 0.1094 0.1820 
        D798  7 0.0667 0.0314 0.2490 0.0399 0.5073 0.1057 
        D799  7 0.0608 0.3017 0.2770 0.0460 0.1945 0.1200 
        D800  7 0.4429 0.0676 0.2859 0.0302 0.0798 0.0936 
        D132  8 0.0399 0.0237 0.0399 0.0546 0.7954 0.0465 
        D133  8 0.0202 0.8317 0.0427 0.0233 0.0484 0.0337 
        D200  8 0.0235 0.0570 0.0899 0.0204 0.0282 0.7810 
        D500  8 0.0385 0.0183 0.0226 0.0251 0.8550 0.0406 
        D614  8 0.0879 0.0375 0.0824 0.3284 0.1362 0.3276 
        D723  8 0.3672 0.1229 0.1254 0.0389 0.2156 0.1300 
        D888  8 0.0548 0.6053 0.1340 0.0602 0.0366 0.1090 
        D901  8 0.0209 0.0440 0.1777 0.0649 0.1122 0.5803 
        D902  8 0.0416 0.0434 0.0786 0.6696 0.0490 0.1178 
        D903  8 0.5210 0.0452 0.1349 0.0964 0.0317 0.1707 
        D904  8 0.2907 0.0648 0.1483 0.0702 0.1618 0.2642 
        D905  8 0.0187 0.5193 0.0875 0.2346 0.0252 0.1147 
        D906  8 0.0809 0.4809 0.2888 0.0384 0.0458 0.0652 
        D937  8 0.0174 0.0361 0.0396 0.8244 0.0235 0.0590 
        D943  8 0.0703 0.0882 0.3390 0.0484 0.2456 0.2086 
        D972  8 0.2400 0.0874 0.1590 0.0348 0.2416 0.2372 
        D973  8 0.6741 0.0369 0.0684 0.0450 0.0916 0.0841 
        D974  8 0.1640 0.1258 0.1416 0.0911 0.1582 0.3194 
        D975  8 0.0343 0.0869 0.1672 0.0645 0.0380 0.6092 
        D976  8 0.0397 0.0801 0.3887 0.1551 0.0985 0.2378 
        D201  9 0.0866 0.2253 0.2923 0.0456 0.0781 0.2722 
        D202  9 0.0202 0.0746 0.1568 0.0371 0.0590 0.6522 
     D237259  9 0.0771 0.0625 0.7220 0.0206 0.0783 0.0395 
     D237260  9 0.0220 0.3675 0.2127 0.0528 0.1315 0.2135 
     D237262  9 0.0284 0.0211 0.0374 0.0367 0.8507 0.0256 
