        D174  1 0.0624 0.0339 0.0811 0.0881 0.4395 0.1155 0.1245 0.0181 0.0368 
        D199  1 0.2102 0.1253 0.1178 0.1135 0.1613 0.0246 0.0813 0.0304 0.1357 
        D203  1 0.2615 0.0871 0.0531 0.0734 0.0702 0.1561 0.0801 0.0461 0.1724 
        D204  1 0.7728 0.0181 0.0135 0.0308 0.0147 0.0244 0.0333 0.0561 0.0363 
     D237366  1 0.0665 0.0436 0.4865 0.0732 0.0563 0.0321 0.0733 0.1192 0.0493 
     D237367  1 0.3375 0.0224 0.2099 0.1044 0.0406 0.0454 0.0963 0.0515 0.0920 
     D237368  1 0.1060 0.0260 0.4070 0.0748 0.1033 0.0813 0.0376 0.0491 0.1147 
     D244101  1 0.2067 0.1069 0.0172 0.0897 0.0179 0.0228 0.0341 0.4247 0.0799 
     D244102  1 0.0769 0.0659 0.0971 0.1119 0.0429 0.1212 0.3201 0.1193 0.0447 
     D244103  1 0.1630 0.0344 0.1303 0.3262 0.0462 0.0501 0.1664 0.0451 0.0385 
     D244104  1 0.6337 0.0622 0.0513 0.0321 0.1218 0.0312 0.0166 0.0236 0.0275 
     D244105  1 0.1022 0.0330 0.2091 0.2563 0.0144 0.2731 0.0544 0.0292 0.0283 
     D244106  1 0.0597 0.0438 0.0235 0.0793 0.5336 0.0284 0.1139 0.0257 0.0923 
     D244107  1 0.0766 0.0287 0.3755 0.0850 0.0135 0.1996 0.0155 0.0674 0.1382 
     D244108  1 0.0596 0.0461 0.0299 0.0743 0.2839 0.3647 0.0731 0.0278 0.0407 
     D244113  1 0.0183 0.0251 0.0339 0.0409 0.4041 0.0233 0.3337 0.0823 0.0385 
     D244114  1 0.0930 0.1390 0.0638 0.3382 0.0752 0.0751 0.0963 0.0809 0.0386 
     D244115  1 0.1450 0.0400 0.0689 0.1234 0.2453 0.2367 0.0805 0.0295 0.0306 
     D267365  1 0.2689 0.2341 0.0893 0.0635 0.1848 0.0385 0.0502 0.0413 0.0293 
        D404  1 0.0258 0.0183 0.0190 0.0442 0.1763 0.0334 0.5738 0.0800 0.0291 
        D405  1 0.0827 0.0435 0.0348 0.0644 0.0482 0.0621 0.5281 0.0641 0.0720 
        D406  1 0.0611 0.0176 0.5118 0.0250 0.0431 0.2428 0.0262 0.0516 0.0209 
        D407  1 0.5928 0.0171 0.1237 0.0730 0.0209 0.0151 0.0267 0.0127 0.1182 
        D408  1 0.0636 0.2271 0.0221 0.0710 0.4357 0.0349 0.0989 0.0312 0.0155 
        D409  1 0.0649 0.0406 0.0350 0.4622 0.0334 0.0458 0.2605 0.0260 0.0316 
        D410  1 0.0535 0.0152 0.0173 0.0256 0.0196 0.8081 0.0238 0.0255 0.0114 
        D421  1 0.8849 0.0131 0.0168 0.0127 0.0189 0.0095 0.0080 0.0098 0.0261 
        D422  1 0.0426 0.0299 0.7376 0.0356 0.0112 0.0943 0.0149 0.0152 0.0186 
        D423  1 0.0788 0.0117 0.0518 0.0287 0.0191 0.7187 0.0226 0.0143 0.0543 
        D424  1 0.6488 0.0165 0.0749 0.1454 0.0333 0.0229 0.0232 0.0175 0.0177 
        D425  1 0.4404 0.0455 0.0429 0.1171 0.1254 0.0883 0.0923 0.0259 0.0224 
        D426  1 0.0688 0.1552 0.0657 0.5393 0.0248 0.0161 0.0907 0.0154 0.0239 
        D427  1 0.2455 0.0267 0.0325 0.0255 0.2069 0.0209 0.0139 0.0131 0.4150 
        D428  1 0.3499 0.0409 0.0850 0.1102 0.1550 0.0786 0.0659 0.0662 0.0484 
        D429  1 0.3703 0.0453 0.0500 0.0902 0.2223 0.0446 0.1035 0.0406 0.0331 
        D430  1 0.0579 0.1024 0.0433 0.2421 0.1571 0.0385 0.2838 0.0243 0.0506 
        D491  1 0.0739 0.0350 0.0288 0.0461 0.6925 0.0324 0.0558 0.0208 0.0146 
        D492  1 0.2831 0.0260 0.1358 0.1244 0.1251 0.0538 0.1407 0.0434 0.0676 
        D537  1 0.6718 0.0153 0.0497 0.0602 0.0243 0.0461 0.0345 0.0717 0.0264 
        D538  1 0.0499 0.0312 0.1103 0.1521 0.0908 0.1053 0.2836 0.0669 0.1100 
        D539  1 0.0343 0.3753 0.0588 0.0868 0.1305 0.0947 0.0901 0.0864 0.0431 
        D540  1 0.3270 0.0873 0.0834 0.2839 0.0287 0.0624 0.0792 0.0245 0.0237 
        D541  1 0.8584 0.0179 0.0200 0.0199 0.0132 0.0242 0.0130 0.0139 0.0195 
        D551  1 0.0899 0.1484 0.0792 0.3574 0.0271 0.0349 0.0292 0.0283 0.2056 
        D552  1 0.1705 0.0679 0.0783 0.0971 0.2189 0.2438 0.0220 0.0578 0.0436 
        D553  1 0.8702 0.0230 0.0152 0.0237 0.0174 0.0167 0.0090 0.0122 0.0126 
        D615  1 0.3734 0.0847 0.0503 0.0863 0.0536 0.1436 0.1186 0.0207 0.0687 
        D616  1 0.2496 0.0824 0.0923 0.1642 0.0632 0.1716 0.0536 0.0195 0.1036 
        D621  1 0.0166 0.0293 0.1715 0.0489 0.0773 0.3014 0.0526 0.2792 0.0233 
        D622  1 0.0316 0.0321 0.3430 0.1008 0.0334 0.3634 0.0276 0.0502 0.0180 
        D623  1 0.0285 0.0443 0.0192 0.0655 0.2562 0.0587 0.1741 0.2158 0.1379 
        D624  1 0.0332 0.0173 0.0212 0.0423 0.8237 0.0192 0.0185 0.0110 0.0137 
        D625  1 0.6088 0.0238 0.0543 0.0624 0.0702 0.0862 0.0397 0.0383 0.0161 
        D626  1 0.0780 0.0554 0.1695 0.0803 0.3352 0.1508 0.0605 0.0330 0.0372 
        D627  1 0.0500 0.1292 0.0755 0.5436 0.0303 0.0140 0.1169 0.0244 0.0161 
        D690  1 0.7450 0.0176 0.0466 0.0182 0.0629 0.0603 0.0158 0.0229 0.0108 
        D691  1 0.0759 0.0256 0.5052 0.0379 0.0482 0.2426 0.0193 0.0252 0.0202 
        D710  1 0.2200 0.0378 0.1524 0.1226 0.1384 0.0800 0.0505 0.1557 0.0426 
        D711  1 0.7454 0.0236 0.0370 0.0248 0.0326 0.0319 0.0368 0.0480 0.0198 
        D712  1 0.0354 0.1255 0.0858 0.0426 0.5266 0.0342 0.0700 0.0467 0.0333 
        D713  1 0.1662 0.0225 0.0618 0.0817 0.1521 0.0836 0.2003 0.2121 0.0197 
        D746  1 0.0693 0.0191 0.6142 0.0384 0.0246 0.1629 0.0164 0.0233 0.0318 
        D747  1 0.8661 0.0216 0.0144 0.0130 0.0167 0.0116 0.0129 0.0246 0.0190 
        D748  1 0.2847 0.0356 0.2051 0.0869 0.0368 0.2177 0.0542 0.0574 0.0215 
        D749  1 0.0226 0.0211 0.2279 0.1766 0.1235 0.2138 0.0770 0.0934 0.0440 
        D750  1 0.0892 0.0258 0.0264 0.0347 0.6413 0.1024 0.0298 0.0327 0.0177 
        D763  1 0.0937 0.2598 0.1084 0.1372 0.0250 0.0435 0.0458 0.1860 0.1006 
        D764  1 0.4667 0.0240 0.0618 0.0714 0.2175 0.1056 0.0246 0.0130 0.0153 
        D765  1 0.0319 0.0312 0.0589 0.0391 0.0988 0.6469 0.0600 0.0164 0.0167 
        D766  1 0.0856 0.0180 0.0976 0.0720 0.0303 0.5152 0.0431 0.1100 0.0282 
        D767  1 0.0964 0.0223 0.1056 0.0747 0.0300 0.0787 0.2458 0.2433 0.1033 
        D768  1 0.8610 0.0137 0.0278 0.0256 0.0122 0.0187 0.0109 0.0129 0.0173 
        D811  1 0.0273 0.0375 0.0155 0.0751 0.1078 0.0666 0.6346 0.0190 0.0166 
        D816  1 0.8277 0.0207 0.0267 0.0286 0.0298 0.0189 0.0182 0.0178 0.0116 
        D825  1 0.1153 0.0251 0.0381 0.1413 0.1814 0.2883 0.1679 0.0238 0.0188 
        D866  1 0.0544 0.4393 0.0329 0.0746 0.1628 0.0638 0.0628 0.0143 0.0950 
        D867  1 0.0195 0.0224 0.6866 0.0442 0.0225 0.0347 0.0342 0.0866 0.0492 
        D871  1 0.0492 0.0481 0.0309 0.4847 0.0496 0.0199 0.2710 0.0294 0.0172 
        D872  1 0.2363 0.0258 0.0481 0.0541 0.0404 0.1878 0.3163 0.0418 0.0494 
        D873  1 0.0082 0.0091 0.0297 0.0209 0.0121 0.7951 0.0549 0.0413 0.0288 
        D874  1 0.0573 0.0345 0.0145 0.0469 0.0570 0.0172 0.0353 0.7172 0.0202 
        D875  1 0.0264 0.0216 0.0341 0.5426 0.0150 0.0625 0.2655 0.0195 0.0129 
        D876  1 0.4009 0.0852 0.0760 0.0888 0.1102 0.0710 0.0422 0.1005 0.0252 
        D877  1 0.0254 0.0172 0.0116 0.0557 0.1147 0.0192 0.6836 0.0547 0.0179 
        D892  1 0.3459 0.0206 0.1525 0.0868 0.1671 0.0807 0.0893 0.0409 0.0164 
        D893  1 0.6069 0.0657 0.0762 0.0736 0.0183 0.0462 0.0218 0.0626 0.0286 
        D894  1 0.5799 0.0428 0.0636 0.1004 0.0433 0.0426 0.0683 0.0253 0.0338 
        D915  1 0.4678 0.0284 0.0698 0.0639 0.0549 0.2357 0.0286 0.0207 0.0302 
        D916  1 0.8651 0.0136 0.0175 0.0176 0.0162 0.0265 0.0153 0.0138 0.0145 
        D917  1 0.0913 0.1236 0.0725 0.1387 0.3261 0.0316 0.0488 0.1145 0.0530 
        D925  1 0.1585 0.0400 0.0716 0.0371 0.1119 0.5189 0.0285 0.0160 0.0176 
        D926  1 0.4098 0.0358 0.0779 0.2395 0.0644 0.0508 0.0389 0.0626 0.0202 
        D927  1 0.2815 0.1060 0.0808 0.1067 0.0670 0.0261 0.0545 0.0460 0.2314 
        D928  1 0.0589 0.0162 0.0123 0.0216 0.7893 0.0374 0.0319 0.0177 0.0147 
        D929  1 0.0330 0.0210 0.0636 0.0372 0.0481 0.0303 0.2870 0.4612 0.0186 
        D936  1 0.4643 0.0985 0.0250 0.0758 0.0262 0.0455 0.0319 0.1906 0.0422 
        D938  1 0.0216 0.0249 0.4986 0.0327 0.0272 0.3026 0.0159 0.0602 0.0162 
        D956  1 0.0352 0.0243 0.0303 0.0861 0.4745 0.0559 0.2329 0.0284 0.0324 
        D957  1 0.1199 0.0235 0.0683 0.0513 0.0398 0.5006 0.0999 0.0566 0.0402 
        D958  1 0.1852 0.0194 0.0557 0.0645 0.1361 0.3643 0.0739 0.0751 0.0258 
        D959  1 0.5988 0.0141 0.1241 0.0972 0.0208 0.0142 0.0166 0.0117 0.1024 
        D960  1 0.0318 0.0159 0.4300 0.0465 0.0390 0.3126 0.0523 0.0434 0.0285 
        D989  1 0.0328 0.0697 0.0382 0.0472 0.6477 0.0233 0.0394 0.0200 0.0818 
        D990  1 0.0156 0.0940 0.0968 0.0434 0.0568 0.6180 0.0119 0.0314 0.0321 
        D023  2 0.0279 0.0128 0.8530 0.0391 0.0157 0.0128 0.0099 0.0119 0.0167 
        D130  2 0.0911 0.0122 0.5623 0.0393 0.0140 0.0885 0.1224 0.0216 0.0485 
        D131  2 0.2044 0.1287 0.0287 0.4014 0.0298 0.0396 0.0791 0.0534 0.0349 
        D163  2 0.0835 0.0296 0.6163 0.0538 0.0462 0.1056 0.0182 0.0350 0.0118 
        D164  2 0.0111 0.0108 0.0118 0.0149 0.0102 0.3657 0.0133 0.0156 0.5467 
        D165  2 0.0331 0.0226 0.8122 0.0417 0.0180 0.0211 0.0097 0.0187 0.0229 
        D166  2 0.0327 0.0311 0.0618 0.1333 0.0157 0.0411 0.6008 0.0568 0.0267 
        D167  2 0.0123 0.0195 0.0122 0.0138 0.0237 0.0117 0.0817 0.0117 0.8134 
        D192  2 0.0087 0.0207 0.0111 0.0135 0.0167 0.0140 0.0163 0.0169 0.8821 
        D193  2 0.0266 0.0455 0.0262 0.1353 0.0908 0.0795 0.4951 0.0723 0.0286 
        D206  2 0.1130 0.0377 0.0819 0.2024 0.0189 0.0295 0.0571 0.0330 0.4264 
        D207  2 0.0383 0.0511 0.0228 0.1192 0.0192 0.0200 0.1569 0.0216 0.5509 
        D208  2 0.0381 0.3278 0.0681 0.0621 0.2292 0.0593 0.0657 0.0621 0.0877 
        D209  2 0.0306 0.0324 0.0479 0.1699 0.0273 0.0363 0.0366 0.1609 0.4581 
        D210  2 0.0540 0.1422 0.0281 0.0346 0.5664 0.0250 0.0231 0.0295 0.0971 
     D229599  2 0.1400 0.1988 0.1326 0.1317 0.0512 0.0872 0.0415 0.1832 0.0338 
     D229600  2 0.0267 0.0234 0.3240 0.0347 0.0189 0.0980 0.0592 0.0236 0.3916 
     D237227  2 0.0515 0.1261 0.0767 0.0622 0.4335 0.1305 0.0320 0.0340 0.0534 
     D237228  2 0.0138 0.0463 0.0193 0.0730 0.1436 0.5697 0.0681 0.0141 0.0522 
     D237258  2 0.0692 0.1493 0.1254 0.1007 0.0985 0.0893 0.0945 0.0630 0.2100 
     D237310  2 0.0111 0.0181 0.0219 0.0830 0.0297 0.4760 0.2811 0.0213 0.0577 
     D237311  2 0.0107 0.0188 0.0332 0.0260 0.0221 0.6538 0.0858 0.0130 0.1365 
     D237312  2 0.0294 0.0233 0.0719 0.0706 0.0435 0.3602 0.3191 0.0600 0.0220 
     D237313  2 0.2060 0.1151 0.0421 0.2121 0.0851 0.1689 0.0501 0.0929 0.0277 
     D237322  2 0.0288 0.2718 0.0362 0.2193 0.0670 0.1117 0.1160 0.1032 0.0459 
     D237323  2 0.0151 0.0425 0.0464 0.0509 0.1262 0.5649 0.0911 0.0414 0.0216 
     D237324  2 0.0647 0.0823 0.1972 0.2126 0.0134 0.0846 0.0314 0.0440 0.2699 
     D237325  2 0.0264 0.0242 0.0745 0.0626 0.0637 0.5367 0.0769 0.0669 0.0681 
     D237326  2 0.0414 0.0252 0.0267 0.0414 0.0459 0.7292 0.0168 0.0374 0.0360 
     D237327  2 0.0714 0.2747 0.1284 0.1647 0.0382 0.0366 0.0442 0.1017 0.1402 
     D237337  2 0.0213 0.0159 0.0197 0.0343 0.0260 0.8229 0.0247 0.0214 0.0138 
     D237338  2 0.0543 0.0883 0.1032 0.1295 0.1087 0.2645 0.0533 0.1250 0.0732 
     D237339  2 0.0342 0.0333 0.0179 0.0670 0.0140 0.0342 0.0345 0.6327 0.1322 
     D237340  2 0.0185 0.0302 0.0485 0.0511 0.1042 0.4134 0.1212 0.0443 0.1686 
     D237389  2 0.0169 0.0191 0.0312 0.0366 0.0162 0.5606 0.2096 0.0259 0.0840 
     D237390  2 0.0331 0.0500 0.0594 0.0610 0.0595 0.4989 0.1647 0.0532 0.0202 
     D244017  2 0.0223 0.0464 0.0478 0.0736 0.2009 0.0265 0.3346 0.0216 0.2263 
     D244112  2 0.0103 0.0172 0.0317 0.0201 0.0203 0.0154 0.0279 0.0137 0.8434 
     D244118  2 0.0123 0.0231 0.1695 0.0185 0.0257 0.0666 0.0275 0.0238 0.6329 
     D244119  2 0.0190 0.0227 0.0130 0.0238 0.6009 0.0274 0.0257 0.0101 0.2574 
     D244120  2 0.0115 0.0659 0.0212 0.0406 0.0359 0.0251 0.4217 0.0388 0.3394 
     D244122  2 0.0281 0.0278 0.0422 0.0323 0.0362 0.0223 0.1042 0.0277 0.6790 
        D291  2 0.0657 0.5774 0.0879 0.1126 0.0137 0.0217 0.0586 0.0206 0.0419 
        D292  2 0.2157 0.2117 0.0334 0.0676 0.0791 0.0913 0.0592 0.0620 0.1800 
        D293  2 0.1131 0.0251 0.0142 0.0547 0.0150 0.0175 0.0146 0.1144 0.6314 
        D322  2 0.0978 0.0447 0.0261 0.0617 0.0168 0.0394 0.0242 0.1289 0.5603 
        D323  2 0.0653 0.0739 0.0495 0.2214 0.0425 0.0645 0.1637 0.1260 0.1933 
        D324  2 0.1037 0.4032 0.0656 0.1682 0.0447 0.1203 0.0361 0.0223 0.0359 
        D325  2 0.0325 0.0437 0.0180 0.0263 0.0102 0.0177 0.0111 0.0279 0.8126 
        D326  2 0.8620 0.0209 0.0106 0.0246 0.0269 0.0135 0.0125 0.0156 0.0135 
        D340  2 0.0179 0.0229 0.0146 0.0180 0.0185 0.0173 0.0115 0.0170 0.8624 
        D341  2 0.0401 0.0523 0.0385 0.0497 0.0304 0.0620 0.0445 0.0442 0.6383 
        D342  2 0.0200 0.0414 0.0551 0.0499 0.0164 0.0560 0.0367 0.0169 0.7076 
        D343  2 0.0165 0.0101 0.0099 0.0145 0.0089 0.0085 0.0081 0.0118 0.9118 
        D344  2 0.0941 0.0173 0.0145 0.1145 0.0190 0.0403 0.1626 0.5070 0.0306 
        D345  2 0.1208 0.0907 0.0847 0.1087 0.0326 0.2767 0.0234 0.2080 0.0544 
        D346  2 0.0460 0.1152 0.0320 0.0774 0.5147 0.0333 0.0672 0.0427 0.0716 
        D351  2 0.2255 0.1837 0.0597 0.2376 0.0221 0.0838 0.0766 0.0697 0.0413 
        D352  2 0.0183 0.0259 0.0244 0.1106 0.0530 0.0350 0.0270 0.6687 0.0370 
        D353  2 0.1911 0.0285 0.0215 0.5462 0.0148 0.0174 0.0309 0.1211 0.0285 
        D354  2 0.0550 0.0189 0.0152 0.0433 0.0392 0.0437 0.0257 0.7410 0.0180 
        D362  2 0.6982 0.0261 0.0906 0.0391 0.0274 0.0332 0.0333 0.0223 0.0299 
        D363  2 0.7297 0.0253 0.0575 0.0454 0.0447 0.0323 0.0196 0.0228 0.0227 
        D364  2 0.2474 0.0213 0.0333 0.0695 0.0428 0.0884 0.0363 0.4342 0.0268 
        D365  2 0.0182 0.0119 0.0094 0.0155 0.0159 0.0121 0.0113 0.0155 0.8903 
        D369  2 0.1638 0.1895 0.0475 0.1175 0.1520 0.1137 0.0619 0.0238 0.1303 
        D374  2 0.0171 0.0230 0.0127 0.0574 0.3506 0.0368 0.4616 0.0220 0.0187 
        D375  2 0.0134 0.0121 0.0174 0.0678 0.0145 0.0220 0.0406 0.8003 0.0120 
        D376  2 0.0158 0.0298 0.0217 0.0710 0.3887 0.0564 0.3177 0.0579 0.0409 
        D377  2 0.0315 0.1035 0.0563 0.1711 0.0645 0.2169 0.2126 0.0742 0.0694 
        D378  2 0.1414 0.0743 0.0995 0.0867 0.0270 0.0299 0.0180 0.2623 0.2610 
        D379  2 0.7633 0.0213 0.0177 0.0533 0.0275 0.0267 0.0219 0.0435 0.0247 
        D384  2 0.8665 0.0191 0.0127 0.0168 0.0302 0.0166 0.0133 0.0132 0.0116 
        D385  2 0.0204 0.0215 0.0148 0.0250 0.0298 0.0223 0.0275 0.0961 0.7425 
        D386  2 0.0888 0.0299 0.0508 0.1460 0.0183 0.0437 0.0407 0.5015 0.0804 
        D391  2 0.0265 0.0253 0.0141 0.0313 0.0156 0.0199 0.0196 0.0873 0.7603 
        D392  2 0.0546 0.0244 0.0388 0.0602 0.0477 0.0833 0.0523 0.0262 0.6126 
        D393  2 0.1905 0.2695 0.0512 0.0753 0.0285 0.0572 0.0215 0.2257 0.0807 
        D394  2 0.0702 0.0427 0.1490 0.1208 0.0370 0.1900 0.0589 0.2474 0.0840 
        D395  2 0.0190 0.0242 0.0223 0.0766 0.0197 0.0167 0.0406 0.4738 0.3071 
        D401  2 0.0183 0.0178 0.0129 0.0335 0.0281 0.8084 0.0421 0.0120 0.0269 
        D402  2 0.0199 0.0534 0.0129 0.0221 0.0150 0.0247 0.0230 0.0499 0.7792 
        D403  2 0.2950 0.0292 0.0981 0.2586 0.0216 0.0415 0.0758 0.1322 0.0480 
        D415  2 0.5776 0.0129 0.0264 0.2148 0.0132 0.0770 0.0305 0.0273 0.0204 
        D435  2 0.5139 0.0579 0.0279 0.0596 0.0169 0.0576 0.0151 0.0486 0.2026 
        D436  2 0.1077 0.0239 0.0309 0.0789 0.0458 0.0486 0.0948 0.5402 0.0293 
        D438  2 0.0114 0.0135 0.0144 0.0188 0.0191 0.0110 0.0112 0.0133 0.8873 
        D439  2 0.0566 0.0281 0.0640 0.1169 0.0160 0.0388 0.0143 0.6077 0.0574 
        D449  2 0.0818 0.0198 0.0319 0.1057 0.0232 0.0239 0.0197 0.0197 0.6742 
        D450  2 0.1086 0.0770 0.0782 0.2190 0.1232 0.0431 0.0960 0.2339 0.0209 
        D456  2 0.8424 0.0194 0.0159 0.0406 0.0237 0.0158 0.0155 0.0157 0.0111 
        D462  2 0.0290 0.0186 0.0213 0.0225 0.0129 0.0129 0.0139 0.0866 0.7823 
        D463  2 0.8475 0.0153 0.0125 0.0188 0.0365 0.0170 0.0154 0.0253 0.0116 
        D464  2 0.0545 0.0221 0.0173 0.3246 0.0394 0.0242 0.1330 0.3095 0.0755 
        D465  2 0.2162 0.0295 0.0289 0.0703 0.0248 0.0572 0.0595 0.0170 0.4967 
        D473  2 0.0259 0.0520 0.0493 0.0659 0.4518 0.1319 0.0626 0.1188 0.0418 
        D474  2 0.4864 0.2266 0.0706 0.0413 0.0432 0.0412 0.0136 0.0355 0.0417 
        D476  2 0.0212 0.0199 0.2769 0.0312 0.0123 0.0231 0.0165 0.5457 0.0534 
        D477  2 0.2257 0.1223 0.0242 0.1369 0.0444 0.1294 0.0385 0.2545 0.0241 
        D478  2 0.0412 0.0443 0.2862 0.1971 0.1132 0.0453 0.1359 0.0656 0.0712 
        D480  2 0.2288 0.1406 0.0263 0.0976 0.1052 0.0322 0.0371 0.2296 0.1028 
        D481  2 0.2030 0.0523 0.1388 0.1189 0.0831 0.0557 0.0439 0.2376 0.0667 
        D482  2 0.0212 0.2075 0.0442 0.0926 0.0715 0.0733 0.0653 0.3968 0.0276 
        D483  2 0.0133 0.0207 0.0176 0.0159 0.0602 0.0191 0.0177 0.0169 0.8184 
        D484  2 0.0096 0.0178 0.0196 0.0276 0.0222 0.0118 0.0439 0.8222 0.0252 
        D510  2 0.0264 0.1642 0.0173 0.0393 0.5622 0.0415 0.0974 0.0312 0.0205 
        D511  2 0.0710 0.0343 0.0423 0.0542 0.0207 0.0359 0.0169 0.6590 0.0659 
        D512  2 0.0269 0.0342 0.0318 0.0961 0.0150 0.4274 0.1857 0.0325 0.1504 
        D513  2 0.0923 0.0667 0.0297 0.0790 0.0560 0.0377 0.0408 0.0240 0.5738 
        D635  2 0.2051 0.0284 0.5614 0.0771 0.0363 0.0283 0.0137 0.0190 0.0306 
        D636  2 0.0210 0.0113 0.8560 0.0196 0.0155 0.0336 0.0142 0.0137 0.0151 
        D637  2 0.0277 0.0550 0.0355 0.1291 0.0770 0.1270 0.1045 0.2460 0.1982 
        D658  2 0.0179 0.0209 0.0243 0.0377 0.0774 0.0614 0.0713 0.2085 0.4806 
        D659  2 0.6674 0.0603 0.0584 0.0520 0.0346 0.0259 0.0161 0.0536 0.0316 
        D677  2 0.3241 0.0691 0.1375 0.1083 0.0225 0.1312 0.0806 0.0466 0.0803 
        D678  2 0.0180 0.0235 0.0340 0.0936 0.0153 0.0280 0.1421 0.0261 0.6194 
        D679  2 0.3620 0.1648 0.0498 0.1923 0.0503 0.0395 0.0380 0.0443 0.0589 
        D719  2 0.1798 0.0943 0.0150 0.0402 0.4012 0.0604 0.0206 0.0463 0.1421 
        D720  2 0.7175 0.0272 0.0169 0.0514 0.0546 0.0455 0.0285 0.0168 0.0417 
        D721  2 0.0516 0.0258 0.7387 0.0517 0.0269 0.0203 0.0131 0.0256 0.0465 
        D722  2 0.0255 0.0551 0.0219 0.0848 0.2369 0.0852 0.4001 0.0296 0.0608 
        D734  2 0.0194 0.0308 0.0119 0.0430 0.1448 0.0131 0.0258 0.6592 0.0521 
        D735  2 0.2449 0.1196 0.0629 0.1708 0.0693 0.0889 0.0656 0.1007 0.0775 
        D736  2 0.0487 0.3233 0.0410 0.0765 0.2795 0.1003 0.0267 0.0525 0.0515 
        D737  2 0.0225 0.0599 0.0575 0.0445 0.0425 0.0468 0.0387 0.1233 0.5644 
        D807  2 0.1345 0.1945 0.0598 0.0598 0.2170 0.1262 0.0623 0.0885 0.0574 
        D808  2 0.0904 0.0826 0.0520 0.2348 0.0291 0.1900 0.1547 0.0682 0.0984 
        D817  2 0.3455 0.0672 0.0413 0.1999 0.0381 0.0812 0.0955 0.1065 0.0247 
        D818  2 0.0766 0.1420 0.1424 0.2946 0.0194 0.0291 0.0571 0.0464 0.1925 
        D819  2 0.1736 0.0940 0.0677 0.2178 0.0296 0.2052 0.1393 0.0389 0.0339 
        D820  2 0.7433 0.0347 0.0190 0.0387 0.0184 0.0179 0.0145 0.0812 0.0321 
        D895  2 0.3828 0.0527 0.1568 0.1463 0.0416 0.0773 0.0243 0.0632 0.0550 
        D896  2 0.0121 0.0124 0.0126 0.0157 0.0201 0.8674 0.0331 0.0125 0.0142 
        D897  2 0.0275 0.0579 0.0246 0.0879 0.0223 0.0461 0.0583 0.0343 0.6412 
        D898  2 0.0519 0.1208 0.0504 0.2215 0.0483 0.2241 0.1967 0.0556 0.0307 
        D918  2 0.0378 0.0850 0.1149 0.1460 0.0530 0.2494 0.1073 0.1131 0.0934 
        D919  2 0.1147 0.0668 0.0465 0.1118 0.0191 0.0248 0.0399 0.4966 0.0797 
        D920  2 0.0256 0.0253 0.6616 0.0343 0.0713 0.0583 0.0397 0.0452 0.0387 
        D923  2 0.6325 0.0287 0.0237 0.0835 0.0226 0.0273 0.0392 0.1123 0.0302 
        D930  2 0.1724 0.0638 0.0236 0.2238 0.1174 0.0924 0.1145 0.1469 0.0453 
        D931  2 0.2114 0.0639 0.0402 0.1012 0.0425 0.0489 0.0713 0.2814 0.1391 
        D968  2 0.0194 0.0756 0.0097 0.0285 0.0140 0.0148 0.0210 0.0221 0.7947 
        D969  2 0.2345 0.1847 0.0374 0.1464 0.0750 0.0547 0.0433 0.0390 0.1850 
        D977  2 0.0254 0.0285 0.0180 0.0657 0.0161 0.0166 0.0231 0.0213 0.7853 
        D978  2 0.0258 0.3574 0.0261 0.2301 0.0261 0.0191 0.1556 0.0326 0.1273 
        D211  3 0.0520 0.0415 0.7369 0.0438 0.0230 0.0264 0.0198 0.0334 0.0233 
     D229639  3 0.0789 0.5965 0.0373 0.0478 0.0857 0.0417 0.0452 0.0225 0.0444 
     D237212  3 0.0532 0.2755 0.0839 0.1127 0.0280 0.0909 0.0511 0.2391 0.0657 
     D237213  3 0.0565 0.0752 0.1267 0.1959 0.0187 0.2770 0.1190 0.0909 0.0400 
     D237214  3 0.0219 0.0109 0.8059 0.0747 0.0214 0.0152 0.0249 0.0139 0.0113 
     D237215  3 0.0149 0.1084 0.0199 0.0365 0.0807 0.0338 0.2057 0.0181 0.4821 
     D237216  3 0.0533 0.0558 0.1150 0.5911 0.0215 0.0339 0.0352 0.0575 0.0368 
     D237217  3 0.1199 0.0529 0.3914 0.2253 0.0135 0.1276 0.0228 0.0198 0.0268 
     D237218  3 0.0559 0.3499 0.0504 0.1175 0.0766 0.0324 0.0211 0.2524 0.0438 
     D237219  3 0.0379 0.1807 0.1495 0.0986 0.0988 0.3398 0.0498 0.0213 0.0236 
     D237382  3 0.0849 0.0296 0.0407 0.1011 0.0606 0.1012 0.5052 0.0299 0.0467 
     D244127  3 0.0185 0.0752 0.0515 0.0811 0.0195 0.5807 0.0530 0.0394 0.0810 
     D244129  3 0.0997 0.0998 0.1069 0.1725 0.0432 0.2410 0.0732 0.0713 0.0924 
     D244133  3 0.0957 0.0883 0.1037 0.1877 0.1380 0.0508 0.1890 0.0111 0.1356 
     D244134  3 0.0221 0.6075 0.0317 0.0428 0.1456 0.0905 0.0177 0.0223 0.0199 
     D244135  3 0.0287 0.0236 0.7533 0.0428 0.0152 0.0236 0.0186 0.0264 0.0678 
     D244136  3 0.1893 0.0979 0.0660 0.1663 0.1998 0.0444 0.1141 0.0252 0.0972 
        D416  3 0.1158 0.0924 0.1083 0.2153 0.0273 0.1197 0.0366 0.0396 0.2450 
        D417  3 0.7419 0.0181 0.0335 0.0438 0.0280 0.0513 0.0365 0.0299 0.0170 
        D419  3 0.1035 0.2262 0.0869 0.1171 0.0713 0.2361 0.0301 0.0503 0.0785 
        D565  3 0.0372 0.0643 0.0244 0.0175 0.7920 0.0200 0.0183 0.0141 0.0123 
        D566  3 0.0531 0.4289 0.0254 0.0790 0.2279 0.0551 0.0630 0.0153 0.0523 
        D567  3 0.5358 0.0278 0.1176 0.0491 0.0256 0.1110 0.0370 0.0594 0.0367 
        D568  3 0.1367 0.0597 0.1329 0.1127 0.0175 0.1284 0.0401 0.2111 0.1609 
        D569  3 0.0181 0.0460 0.1084 0.1096 0.0434 0.0225 0.0536 0.5309 0.0676 
        D573  3 0.1576 0.4250 0.0269 0.1220 0.0240 0.0304 0.0223 0.0411 0.1506 
        D574  3 0.0311 0.1065 0.0493 0.1835 0.2956 0.0549 0.1931 0.0380 0.0480 
        D575  3 0.0871 0.1464 0.1874 0.1099 0.1285 0.1841 0.0375 0.0473 0.0717 
        D576  3 0.0077 0.0989 0.0323 0.0344 0.0255 0.0157 0.2078 0.0170 0.5607 
        D577  3 0.5571 0.0475 0.1177 0.0615 0.0395 0.0267 0.0647 0.0567 0.0287 
        D578  3 0.0143 0.0132 0.8218 0.0463 0.0116 0.0217 0.0306 0.0109 0.0296 
        D579  3 0.1425 0.2511 0.0488 0.0991 0.1915 0.0697 0.0319 0.1074 0.0578 
        D660  3 0.0162 0.0314 0.0377 0.0937 0.0143 0.0419 0.0526 0.0422 0.6699 
        D661  3 0.0364 0.3033 0.0841 0.0992 0.0175 0.0325 0.0391 0.1106 0.2774 
        D663  3 0.0713 0.5331 0.0318 0.1415 0.0182 0.0209 0.0825 0.0450 0.0556 
        D664  3 0.0219 0.0627 0.1943 0.1355 0.0664 0.1779 0.1069 0.0254 0.2091 
        D665  3 0.0148 0.0458 0.2071 0.2709 0.0105 0.0851 0.2525 0.0778 0.0355 
        D666  3 0.0942 0.1138 0.0567 0.1254 0.1033 0.3912 0.0399 0.0516 0.0239 
        D009  4 0.1299 0.0379 0.2991 0.1195 0.0367 0.1136 0.0647 0.1769 0.0215 
        D057  4 0.0241 0.0345 0.1650 0.0371 0.0231 0.0232 0.0131 0.5290 0.1510 
        D109  4 0.0484 0.0373 0.0914 0.1417 0.0581 0.4625 0.1036 0.0384 0.0186 
     D237222  4 0.0331 0.0308 0.6104 0.0356 0.1281 0.0253 0.0695 0.0404 0.0269 
     D237223  4 0.0389 0.0615 0.1267 0.1517 0.1182 0.2904 0.0614 0.0646 0.0864 
     D237224  4 0.1201 0.1724 0.0602 0.0923 0.0289 0.0423 0.0351 0.2654 0.1833 
     D237225  4 0.1535 0.1151 0.1550 0.2273 0.0670 0.0670 0.0768 0.1024 0.0359 
     D237299  4 0.0173 0.0565 0.0247 0.3441 0.0265 0.1500 0.3338 0.0274 0.0196 
     D237300  4 0.0167 0.7981 0.0240 0.0333 0.0261 0.0166 0.0239 0.0257 0.0357 
     D237306  4 0.0742 0.0338 0.0283 0.0692 0.4669 0.1868 0.0825 0.0343 0.0240 
     D237307  4 0.4112 0.0756 0.0555 0.0732 0.1854 0.0353 0.0741 0.0196 0.0700 
     D237308  4 0.0345 0.0396 0.0384 0.0441 0.0677 0.1202 0.0347 0.1846 0.4361 
     D237309  4 0.2299 0.0582 0.1424 0.2444 0.0290 0.0979 0.0788 0.0809 0.0384 
     D237317  4 0.1614 0.0673 0.0551 0.1102 0.4458 0.0398 0.0594 0.0323 0.0288 
     D237318  4 0.0287 0.7924 0.0163 0.0368 0.0198 0.0188 0.0280 0.0164 0.0429 
     D237319  4 0.0910 0.0504 0.1235 0.1910 0.0386 0.1326 0.2616 0.0446 0.0667 
     D237320  4 0.0829 0.1527 0.1238 0.1096 0.0402 0.3207 0.0447 0.0228 0.1026 
     D237321  4 0.0496 0.6381 0.0362 0.0584 0.0427 0.0509 0.0388 0.0216 0.0637 
     D237397  4 0.0562 0.1612 0.1007 0.1007 0.1962 0.1766 0.0512 0.0285 0.1287 
     D237398  4 0.0553 0.6439 0.0349 0.1256 0.0131 0.0254 0.0252 0.0469 0.0296 
     D237399  4 0.1027 0.3176 0.1041 0.0688 0.1963 0.0724 0.0587 0.0409 0.0384 
     D244001  4 0.0366 0.0274 0.3682 0.1326 0.0367 0.0682 0.0862 0.1117 0.1324 
        D289  4 0.0708 0.0755 0.0602 0.0940 0.2725 0.0442 0.0226 0.2794 0.0808 
        D290  4 0.0690 0.0453 0.0404 0.0653 0.0295 0.0264 0.6418 0.0476 0.0347 
        D294  4 0.0988 0.0639 0.0804 0.2407 0.0329 0.0230 0.1343 0.2961 0.0299 
        D295  4 0.3057 0.0779 0.0511 0.0875 0.0499 0.2269 0.0907 0.0823 0.0279 
        D301  4 0.0162 0.1099 0.4576 0.0481 0.0502 0.1251 0.1117 0.0326 0.0484 
        D302  4 0.0710 0.0187 0.0402 0.0438 0.0194 0.0153 0.0499 0.7278 0.0138 
        D303  4 0.0286 0.0346 0.0306 0.0507 0.5766 0.0821 0.0568 0.0867 0.0532 
        D304  4 0.0864 0.2335 0.0513 0.1051 0.0743 0.0241 0.3641 0.0280 0.0331 
        D305  4 0.0334 0.0353 0.0564 0.2760 0.0100 0.0223 0.0340 0.4557 0.0769 
        D306  4 0.0282 0.0290 0.0459 0.1483 0.0282 0.0210 0.6579 0.0234 0.0180 
        D307  4 0.0146 0.0347 0.7291 0.0232 0.0797 0.0297 0.0260 0.0439 0.0192 
        D327  4 0.5741 0.0589 0.0256 0.1195 0.0593 0.0264 0.0359 0.0466 0.0537 
        D328  4 0.0198 0.0275 0.0241 0.0692 0.1350 0.0823 0.1041 0.5107 0.0273 
        D329  4 0.0702 0.0688 0.0829 0.1264 0.0491 0.0618 0.0764 0.3491 0.1153 
        D330  4 0.2680 0.0171 0.1078 0.1157 0.0171 0.2360 0.1110 0.0677 0.0596 
        D331  4 0.1611 0.1846 0.0494 0.1006 0.0676 0.0528 0.3126 0.0332 0.0381 
        D333  4 0.0708 0.0903 0.0694 0.0879 0.0792 0.1068 0.1231 0.2850 0.0874 
        D334  4 0.0652 0.0525 0.0975 0.0693 0.5745 0.0212 0.0402 0.0580 0.0216 
        D335  4 0.1820 0.0259 0.0203 0.0580 0.0344 0.0242 0.0688 0.5530 0.0334 
        D370  4 0.0408 0.0320 0.0396 0.0643 0.0448 0.1971 0.4766 0.0578 0.0470 
        D371  4 0.1092 0.0233 0.0129 0.0275 0.7247 0.0177 0.0323 0.0225 0.0299 
        D372  4 0.0109 0.6179 0.0169 0.1062 0.0248 0.0183 0.1300 0.0157 0.0593 
        D373  4 0.0254 0.0701 0.6719 0.0468 0.0240 0.0198 0.0192 0.0637 0.0592 
        D455  4 0.0220 0.0379 0.7309 0.0241 0.0225 0.0226 0.0227 0.0940 0.0233 
        D490  4 0.0153 0.0128 0.8531 0.0214 0.0231 0.0240 0.0177 0.0229 0.0097 
        D497  4 0.0169 0.0290 0.7362 0.0452 0.0201 0.0411 0.0275 0.0644 0.0196 
        D498  4 0.0471 0.1011 0.0448 0.0869 0.0746 0.0995 0.4818 0.0245 0.0397 
        D499  4 0.0215 0.1302 0.0160 0.2172 0.0914 0.0793 0.1207 0.1174 0.2064 
        D514  4 0.2905 0.0539 0.0587 0.1713 0.0173 0.0481 0.2247 0.1113 0.0242 
        D515  4 0.0458 0.0217 0.0937 0.1799 0.0274 0.3063 0.2425 0.0407 0.0420 
        D516  4 0.1853 0.0865 0.1142 0.1301 0.0671 0.2246 0.0825 0.0249 0.0848 
        D517  4 0.0679 0.0550 0.6168 0.0884 0.0182 0.0601 0.0169 0.0335 0.0433 
        D518  4 0.0235 0.0167 0.0914 0.0359 0.0505 0.0257 0.0230 0.6930 0.0404 
        D519  4 0.0527 0.0900 0.1701 0.1698 0.0295 0.3380 0.0691 0.0192 0.0615 
        D560  4 0.0909 0.0846 0.0641 0.2096 0.0281 0.2137 0.1236 0.0638 0.1218 
        D561  4 0.0840 0.0205 0.1411 0.4400 0.0164 0.0434 0.1296 0.0754 0.0496 
        D562  4 0.0477 0.0493 0.3015 0.1679 0.0514 0.0412 0.1075 0.1596 0.0739 
        D563  4 0.0262 0.0618 0.0565 0.1786 0.0188 0.0581 0.0415 0.1668 0.3917 
        D572  4 0.0433 0.0146 0.0572 0.0468 0.0280 0.0157 0.0322 0.7393 0.0229 
        D629  4 0.1789 0.1063 0.4213 0.0985 0.0219 0.0295 0.0303 0.0867 0.0267 
        D630  4 0.0969 0.1046 0.2281 0.1172 0.0658 0.0513 0.1800 0.1220 0.0342 
        D631  4 0.0182 0.0265 0.0240 0.0331 0.0208 0.0204 0.0264 0.7503 0.0803 
        D632  4 0.0530 0.0170 0.2555 0.0587 0.0186 0.1692 0.0384 0.1993 0.1904 
        D646  4 0.1706 0.0337 0.0510 0.0953 0.0283 0.4815 0.0381 0.0377 0.0638 
        D647  4 0.4591 0.0522 0.0765 0.0700 0.0163 0.1079 0.0856 0.0806 0.0518 
        D648  4 0.0145 0.0144 0.0146 0.0265 0.0385 0.0159 0.4762 0.3747 0.0247 
        D649  4 0.2753 0.0401 0.0585 0.0748 0.0195 0.2726 0.0256 0.2131 0.0205 
        D650  4 0.2310 0.0706 0.1044 0.1634 0.0939 0.0905 0.0855 0.1292 0.0316 
        D708  4 0.0466 0.0975 0.0493 0.1854 0.1770 0.0505 0.1037 0.2619 0.0281 
        D709  4 0.0262 0.0242 0.0157 0.0693 0.0331 0.1525 0.6181 0.0367 0.0240 
        D738  4 0.0740 0.0426 0.0553 0.0374 0.5507 0.1711 0.0270 0.0269 0.0150 
        D739  4 0.0304 0.0420 0.4721 0.1085 0.0289 0.0414 0.1764 0.0729 0.0274 
        D740  4 0.0244 0.1313 0.0834 0.2745 0.1481 0.1469 0.0573 0.0731 0.0611 
        D741  4 0.1360 0.0336 0.0682 0.2652 0.0200 0.2687 0.0646 0.0355 0.1082 
        D742  4 0.0363 0.0985 0.0912 0.1165 0.1449 0.0602 0.0427 0.0717 0.3380 
        D743  4 0.3480 0.0390 0.0273 0.0725 0.0236 0.0167 0.0305 0.3954 0.0469 
        D744  4 0.0227 0.0190 0.0223 0.0428 0.0194 0.0231 0.0204 0.7954 0.0349 
        D745  4 0.0327 0.0431 0.2376 0.1606 0.0246 0.3335 0.0950 0.0351 0.0379 
        D814  4 0.0470 0.0634 0.1182 0.2238 0.0200 0.0202 0.0718 0.0848 0.3509 
        D815  4 0.1370 0.0527 0.0282 0.0610 0.0365 0.0714 0.2411 0.3381 0.0339 
        D828  4 0.0120 0.0362 0.0232 0.0500 0.0485 0.0218 0.7137 0.0552 0.0395 
        D845  4 0.0140 0.8596 0.0113 0.0146 0.0356 0.0102 0.0098 0.0220 0.0229 
        D846  4 0.1026 0.0353 0.1272 0.1187 0.0114 0.0182 0.0362 0.4049 0.1455 
        D847  4 0.1032 0.1158 0.3087 0.1266 0.1282 0.0497 0.0624 0.0564 0.0489 
        D848  4 0.0187 0.1079 0.6694 0.0373 0.0206 0.0174 0.0228 0.0435 0.0624 
        D849  4 0.0533 0.0302 0.4236 0.1691 0.0193 0.1056 0.0992 0.0628 0.0370 
        D850  4 0.1060 0.2168 0.2409 0.2008 0.0614 0.0517 0.0225 0.0591 0.0409 
        D856  4 0.0475 0.0424 0.0446 0.2971 0.0355 0.1491 0.3145 0.0498 0.0196 
        D857  4 0.0090 0.0160 0.0328 0.0273 0.0231 0.6186 0.1893 0.0271 0.0567 
        D859  4 0.0613 0.0697 0.0346 0.0552 0.0212 0.0298 0.0279 0.6718 0.0286 
        D860  4 0.0654 0.1256 0.0310 0.0585 0.4985 0.0316 0.0282 0.0832 0.0781 
        D883  4 0.2041 0.0866 0.2174 0.0674 0.0764 0.1339 0.0968 0.0867 0.0307 
        D884  4 0.0901 0.0354 0.0439 0.1349 0.1034 0.4039 0.0928 0.0782 0.0175 
        D885  4 0.1159 0.2053 0.0635 0.3562 0.0286 0.0436 0.0237 0.0928 0.0704 
        D886  4 0.1364 0.0389 0.1663 0.0628 0.0297 0.1842 0.2468 0.0700 0.0650 
        D887  4 0.0956 0.2226 0.0502 0.1280 0.0617 0.0854 0.0904 0.1349 0.1311 
        D889  4 0.0298 0.6480 0.0177 0.0474 0.0157 0.0129 0.1764 0.0407 0.0113 
        D890  4 0.0440 0.0570 0.0875 0.1173 0.1035 0.0958 0.2569 0.1515 0.0866 
        D891  4 0.0102 0.9194 0.0108 0.0128 0.0092 0.0091 0.0089 0.0089 0.0108 
        D899  4 0.0306 0.2014 0.0284 0.0482 0.0993 0.0405 0.0725 0.0841 0.3949 
        D900  4 0.1236 0.0546 0.1152 0.1682 0.0782 0.0633 0.1721 0.1459 0.0789 
        D970  4 0.0999 0.0756 0.0876 0.0882 0.0576 0.0389 0.0251 0.4780 0.0491 
        D971  4 0.0658 0.0205 0.0386 0.0868 0.0652 0.0638 0.0673 0.1681 0.4239 
        D979  4 0.2970 0.0384 0.0247 0.0639 0.0300 0.0247 0.0736 0.4155 0.0322 
        D093  5 0.0342 0.0472 0.0209 0.0306 0.7641 0.0272 0.0386 0.0184 0.0187 
        D154  5 0.0286 0.2028 0.0285 0.2811 0.0425 0.0592 0.1741 0.0396 0.1435 
        D168  5 0.0616 0.1161 0.1780 0.2433 0.0161 0.0578 0.0635 0.0333 0.2302 
        D189  5 0.0446 0.1837 0.0349 0.0812 0.2987 0.0330 0.2623 0.0374 0.0241 
        D190  5 0.0330 0.0427 0.0141 0.0398 0.6812 0.0577 0.0419 0.0586 0.0309 
     D237220  5 0.0314 0.1723 0.2498 0.1058 0.1255 0.1224 0.0562 0.1131 0.0234 
     D237221  5 0.0658 0.2648 0.0323 0.0924 0.2720 0.0676 0.0415 0.0662 0.0974 
     D237274  5 0.4389 0.0192 0.0217 0.1014 0.0158 0.1101 0.0813 0.1570 0.0548 
     D237275  5 0.0191 0.0764 0.0231 0.0722 0.0275 0.0343 0.2493 0.0168 0.4813 
     D237276  5 0.1477 0.0475 0.0582 0.0919 0.1835 0.2223 0.1448 0.0595 0.0445 
     D237277  5 0.0236 0.2286 0.0157 0.0407 0.4951 0.0389 0.0319 0.0717 0.0539 
     D237278  5 0.0454 0.0260 0.0700 0.0865 0.1956 0.0801 0.0701 0.0847 0.3417 
     D237279  5 0.0489 0.0768 0.1222 0.2554 0.0152 0.3369 0.0342 0.0871 0.0233 
     D237280  5 0.1285 0.0318 0.1791 0.1605 0.0769 0.2879 0.0459 0.0648 0.0245 
     D237281  5 0.0489 0.5274 0.0179 0.1151 0.0299 0.0287 0.0226 0.0411 0.1685 
     D237351  5 0.0267 0.0289 0.0320 0.0369 0.0503 0.7645 0.0195 0.0181 0.0230 
     D237352  5 0.0687 0.0361 0.3258 0.0587 0.0628 0.0518 0.0567 0.2675 0.0720 
     D237353  5 0.0172 0.0887 0.0128 0.0336 0.6965 0.0635 0.0279 0.0420 0.0178 
     D237359  5 0.0370 0.2734 0.2441 0.1350 0.0659 0.0559 0.0552 0.1046 0.0290 
     D237361  5 0.0222 0.0294 0.0157 0.0325 0.8056 0.0301 0.0324 0.0168 0.0153 
     D237362  5 0.2018 0.1616 0.0488 0.2422 0.1039 0.0762 0.0656 0.0453 0.0546 
     D237363  5 0.0381 0.0689 0.0188 0.6344 0.0425 0.0323 0.0511 0.0205 0.0934 
     D237364  5 0.1213 0.0907 0.1123 0.2188 0.0170 0.0774 0.1051 0.1475 0.1100 
     D237376  5 0.0121 0.0203 0.0158 0.0391 0.0630 0.0217 0.7246 0.0850 0.0184 
     D237377  5 0.1424 0.0514 0.0383 0.1589 0.1316 0.3547 0.0249 0.0519 0.0458 
     D237378  5 0.0190 0.0667 0.0436 0.0530 0.5062 0.0273 0.1294 0.0924 0.0622 
     D237379  5 0.0296 0.0380 0.0560 0.1282 0.2149 0.0321 0.1697 0.2911 0.0404 
     D237380  5 0.0279 0.0125 0.0330 0.0408 0.0407 0.5264 0.1889 0.1109 0.0190 
     D237381  5 0.0388 0.0386 0.1391 0.0849 0.0489 0.3445 0.0765 0.1467 0.0820 
     D237391  5 0.0216 0.0822 0.0168 0.0226 0.7801 0.0253 0.0138 0.0229 0.0146 
     D237392  5 0.2887 0.0361 0.0287 0.1450 0.0266 0.0939 0.1344 0.0527 0.1939 
     D237393  5 0.3807 0.0601 0.0623 0.0530 0.1859 0.1080 0.0450 0.0426 0.0623 
     D237394  5 0.0193 0.0195 0.0187 0.0221 0.8484 0.0230 0.0180 0.0187 0.0124 
     D237395  5 0.0363 0.1536 0.0580 0.1015 0.2395 0.0875 0.2292 0.0243 0.0702 
     D237396  5 0.2982 0.0863 0.0995 0.1277 0.1770 0.0829 0.0140 0.0469 0.0674 
     D244016  5 0.0239 0.1088 0.0205 0.2606 0.1934 0.0411 0.0883 0.2070 0.0563 
     D244018  5 0.0744 0.0896 0.0676 0.0740 0.2525 0.0581 0.0196 0.0256 0.3386 
     D244019  5 0.1206 0.1475 0.0215 0.2732 0.0412 0.0657 0.1273 0.0940 0.1090 
        D279  5 0.0345 0.4592 0.0405 0.1386 0.0625 0.0410 0.0314 0.1302 0.0623 
        D280  5 0.0769 0.2598 0.1334 0.2168 0.1426 0.0501 0.0496 0.0242 0.0467 
        D281  5 0.0268 0.5899 0.0134 0.0890 0.0656 0.0165 0.0846 0.0283 0.0859 
        D283  5 0.1247 0.1661 0.0323 0.0777 0.4341 0.0755 0.0202 0.0333 0.0363 
        D284  5 0.0606 0.0772 0.2330 0.1850 0.0289 0.0536 0.2769 0.0394 0.0454 
        D285  5 0.0585 0.3012 0.0276 0.0818 0.3222 0.0617 0.0544 0.0760 0.0167 
        D286  5 0.0798 0.0974 0.0723 0.0798 0.2356 0.0626 0.2083 0.1332 0.0310 
        D287  5 0.0125 0.0340 0.0382 0.0437 0.0896 0.0396 0.6271 0.0996 0.0158 
        D288  5 0.2049 0.3220 0.0410 0.2073 0.0677 0.0543 0.0490 0.0196 0.0343 
        D308  5 0.0573 0.0209 0.0185 0.0362 0.0338 0.7811 0.0203 0.0164 0.0154 
        D309  5 0.0198 0.0136 0.0310 0.0252 0.0203 0.0203 0.0210 0.8339 0.0149 
        D310  5 0.0228 0.0514 0.0169 0.0748 0.7112 0.0310 0.0645 0.0163 0.0110 
        D311  5 0.1446 0.0618 0.0315 0.2572 0.0864 0.0434 0.1913 0.1407 0.0431 
        D312  5 0.0912 0.1216 0.1034 0.0839 0.1573 0.0432 0.1784 0.1796 0.0414 
        D313  5 0.0165 0.0117 0.2618 0.0254 0.0275 0.6224 0.0142 0.0106 0.0099 
        D314  5 0.0303 0.1513 0.0677 0.1990 0.0704 0.1130 0.1533 0.0987 0.1163 
        D315  5 0.1896 0.0494 0.1184 0.1049 0.2055 0.0837 0.1505 0.0509 0.0472 
        D317  5 0.0430 0.0342 0.0196 0.0286 0.7690 0.0190 0.0592 0.0121 0.0153 
        D318  5 0.0887 0.0497 0.1649 0.2288 0.0566 0.0362 0.0931 0.1682 0.1138 
        D319  5 0.0212 0.0337 0.0150 0.0238 0.7856 0.0593 0.0305 0.0163 0.0146 
        D320  5 0.0239 0.0805 0.0284 0.0333 0.6603 0.0556 0.0465 0.0588 0.0127 
        D321  5 0.0593 0.1652 0.0241 0.0305 0.0551 0.6207 0.0130 0.0208 0.0113 
        D336  5 0.0247 0.0172 0.0170 0.0392 0.5767 0.0250 0.2448 0.0408 0.0145 
        D337  5 0.0225 0.0770 0.0102 0.0161 0.7863 0.0214 0.0242 0.0231 0.0192 
        D338  5 0.1909 0.1064 0.0813 0.1704 0.2102 0.0564 0.0538 0.0745 0.0561 
        D339  5 0.0436 0.1122 0.0235 0.0817 0.5615 0.0693 0.0502 0.0241 0.0338 
        D347  5 0.1338 0.0322 0.0283 0.0814 0.0441 0.0265 0.5336 0.0476 0.0725 
        D348  5 0.0241 0.0296 0.0196 0.0323 0.6978 0.0201 0.0539 0.1000 0.0227 
        D349  5 0.0179 0.0276 0.0135 0.0220 0.0356 0.8291 0.0178 0.0185 0.0180 
        D350  5 0.0143 0.0214 0.0138 0.0264 0.0149 0.0206 0.0143 0.8526 0.0217 
        D355  5 0.1438 0.2842 0.0173 0.2847 0.0189 0.0416 0.0767 0.0597 0.0732 
        D356  5 0.2141 0.0886 0.1396 0.1018 0.2081 0.0588 0.1042 0.0589 0.0259 
        D357  5 0.0559 0.0842 0.0348 0.1476 0.0560 0.1036 0.4348 0.0439 0.0392 
        D358  5 0.0372 0.0725 0.0599 0.1328 0.3902 0.0970 0.0660 0.0897 0.0548 
        D359  5 0.1731 0.0648 0.0187 0.0682 0.4727 0.1071 0.0216 0.0602 0.0135 
        D360  5 0.0820 0.0863 0.1779 0.0684 0.4143 0.0350 0.0814 0.0355 0.0190 
        D361  5 0.0271 0.0149 0.0163 0.0187 0.0195 0.8547 0.0160 0.0141 0.0187 
        D366  5 0.5088 0.0188 0.0255 0.0449 0.0176 0.0222 0.0206 0.0177 0.3240 
        D367  5 0.0180 0.0450 0.0295 0.1087 0.4154 0.1176 0.1339 0.1143 0.0176 
        D368  5 0.0796 0.0523 0.0298 0.2269 0.1328 0.3738 0.0481 0.0370 0.0197 
        D380  5 0.0383 0.0686 0.0660 0.1999 0.0311 0.0554 0.0358 0.4580 0.0470 
        D381  5 0.0424 0.1209 0.0336 0.1266 0.5304 0.0493 0.0206 0.0456 0.0305 
        D400  5 0.0701 0.1404 0.0376 0.1125 0.1940 0.0366 0.1907 0.1424 0.0757 
        D411  5 0.0247 0.0214 0.6643 0.0585 0.0134 0.0656 0.0856 0.0164 0.0500 
        D412  5 0.0684 0.0787 0.1413 0.2447 0.0675 0.0966 0.1581 0.0471 0.0976 
        D413  5 0.0909 0.0402 0.0620 0.0803 0.0305 0.0185 0.0407 0.0734 0.5634 
        D414  5 0.0291 0.0508 0.0158 0.0879 0.0187 0.0307 0.0504 0.6535 0.0630 
        D420  5 0.0204 0.3393 0.2739 0.1258 0.0237 0.0257 0.1611 0.0154 0.0147 
        D431  5 0.0152 0.1404 0.0472 0.1640 0.0358 0.1294 0.2796 0.1359 0.0525 
        D432  5 0.0603 0.0650 0.0694 0.0469 0.5550 0.0747 0.0346 0.0344 0.0595 
        D433  5 0.0654 0.2226 0.0173 0.0546 0.3896 0.1166 0.0807 0.0278 0.0253 
        D434  5 0.0852 0.0850 0.0372 0.1230 0.4104 0.1467 0.0540 0.0321 0.0265 
        D440  5 0.0146 0.0135 0.0179 0.0263 0.0263 0.0280 0.0230 0.8366 0.0138 
        D447  5 0.1882 0.0270 0.1322 0.2721 0.0242 0.1064 0.0584 0.1145 0.0770 
        D448  5 0.0609 0.0462 0.0190 0.0756 0.3261 0.0308 0.3855 0.0300 0.0259 
        D459  5 0.0954 0.4146 0.0201 0.0740 0.0258 0.0274 0.0293 0.0903 0.2231 
        D460  5 0.0431 0.0243 0.0160 0.0220 0.0540 0.7899 0.0127 0.0219 0.0161 
        D461  5 0.0422 0.0204 0.0160 0.0255 0.0170 0.0201 0.0137 0.8306 0.0144 
        D468  5 0.1875 0.0478 0.0439 0.2181 0.0887 0.0832 0.2274 0.0332 0.0702 
        D469  5 0.4698 0.0511 0.0792 0.0896 0.0748 0.0811 0.0550 0.0730 0.0264 
        D470  5 0.0701 0.0350 0.2800 0.1570 0.0734 0.0437 0.2377 0.0684 0.0347 
        D471  5 0.0580 0.0948 0.0174 0.0737 0.3630 0.0222 0.2938 0.0480 0.0291 
        D472  5 0.6616 0.0820 0.0242 0.0601 0.0243 0.0217 0.0133 0.0180 0.0949 
        D479  5 0.0262 0.0148 0.0258 0.0304 0.0196 0.0192 0.1064 0.0793 0.6783 
        D485  5 0.0230 0.0328 0.0534 0.0553 0.0324 0.0351 0.5385 0.1921 0.0374 
        D486  5 0.0879 0.0219 0.1047 0.1625 0.0513 0.0505 0.4476 0.0296 0.0441 
        D487  5 0.0321 0.3058 0.0317 0.0844 0.1862 0.0645 0.0607 0.1485 0.0862 
        D555  5 0.0267 0.0438 0.0204 0.0232 0.7398 0.0221 0.0521 0.0167 0.0552 
        D556  5 0.0267 0.4321 0.0387 0.0657 0.0582 0.0667 0.0633 0.2257 0.0229 
