        D174  1 0.4331 0.1489 0.1135 0.0348 0.0773 0.0352 0.1019 0.0554 
        D199  1 0.1354 0.0330 0.0852 0.0576 0.2478 0.1028 0.1508 0.1875 
        D203  1 0.0645 0.1575 0.0855 0.0647 0.2478 0.1158 0.0877 0.1767 
        D204  1 0.0274 0.0339 0.0277 0.0697 0.7409 0.0254 0.0384 0.0367 
     D237366  1 0.0647 0.0372 0.5011 0.1013 0.0658 0.0763 0.0906 0.0630 
     D237367  1 0.0537 0.0693 0.2608 0.0548 0.2267 0.0397 0.1688 0.1261 
     D237368  1 0.1178 0.0684 0.3768 0.0454 0.1707 0.0413 0.0879 0.0917 
     D244101  1 0.0273 0.0332 0.0250 0.3135 0.2562 0.1268 0.1117 0.1064 
     D244102  1 0.0737 0.1722 0.1455 0.2142 0.1015 0.1097 0.1191 0.0640 
     D244103  1 0.0799 0.0689 0.2323 0.0789 0.2407 0.0683 0.1777 0.0533 
     D244104  1 0.1349 0.0330 0.0473 0.0244 0.6329 0.0446 0.0423 0.0406 
     D244105  1 0.0254 0.2233 0.3254 0.0452 0.0735 0.0684 0.2118 0.0271 
     D244106  1 0.4842 0.0714 0.0303 0.0427 0.0723 0.0890 0.0909 0.1191 
     D244107  1 0.0241 0.1556 0.3507 0.0531 0.1006 0.0342 0.1658 0.1159 
     D244108  1 0.3455 0.2783 0.0483 0.0920 0.0715 0.0423 0.0763 0.0459 
     D244113  1 0.3774 0.0338 0.0365 0.3985 0.0236 0.0297 0.0543 0.0462 
     D244114  1 0.0920 0.1025 0.1024 0.0572 0.0959 0.2052 0.2776 0.0672 
     D244115  1 0.2643 0.2302 0.0708 0.0579 0.1269 0.0539 0.1613 0.0347 
     D267365  1 0.2100 0.0400 0.0920 0.0520 0.3600 0.1258 0.0780 0.0423 
        D404  1 0.2729 0.0843 0.0246 0.4539 0.0313 0.0291 0.0543 0.0497 
        D405  1 0.0889 0.1409 0.0504 0.3145 0.1215 0.0633 0.1134 0.1070 
        D406  1 0.0596 0.0884 0.6072 0.0475 0.0919 0.0322 0.0495 0.0236 
        D407  1 0.0467 0.0289 0.1797 0.0281 0.3847 0.0244 0.1114 0.1961 
        D408  1 0.4962 0.0678 0.0372 0.0768 0.0646 0.1634 0.0671 0.0268 
        D409  1 0.1100 0.1116 0.1323 0.0467 0.2015 0.0585 0.2759 0.0636 
        D410  1 0.0374 0.7207 0.0339 0.0346 0.0850 0.0187 0.0528 0.0168 
        D421  1 0.0326 0.0134 0.0215 0.0130 0.8136 0.0195 0.0206 0.0658 
        D422  1 0.0219 0.0413 0.7334 0.0179 0.0612 0.0370 0.0539 0.0333 
        D423  1 0.0226 0.6470 0.0670 0.0319 0.0647 0.0178 0.0569 0.0921 
        D424  1 0.0449 0.0424 0.1114 0.0311 0.5503 0.0256 0.1677 0.0267 
        D425  1 0.1079 0.1046 0.0507 0.0894 0.3708 0.0480 0.1893 0.0393 
        D426  1 0.0740 0.0273 0.1577 0.0284 0.1395 0.1487 0.3798 0.0445 
        D427  1 0.1950 0.0247 0.0364 0.0160 0.2449 0.0367 0.0394 0.4071 
        D428  1 0.1871 0.0713 0.1235 0.1493 0.2267 0.0351 0.1253 0.0817 
        D429  1 0.1951 0.0760 0.0565 0.0542 0.3589 0.0909 0.1136 0.0548 
        D430  1 0.1319 0.1054 0.0642 0.0587 0.0836 0.1879 0.2715 0.0968 
        D491  1 0.6999 0.0431 0.0253 0.0424 0.0895 0.0367 0.0437 0.0195 
        D492  1 0.1525 0.0732 0.1145 0.0963 0.2464 0.0377 0.1919 0.0875 
        D537  1 0.0351 0.0693 0.0966 0.1132 0.5225 0.0226 0.0850 0.0558 
        D538  1 0.1349 0.1762 0.1475 0.1173 0.0886 0.0541 0.1755 0.1059 
        D539  1 0.1573 0.1040 0.0741 0.1054 0.0568 0.3219 0.1204 0.0599 
        D540  1 0.0476 0.0852 0.0987 0.0462 0.3088 0.0874 0.2831 0.0429 
        D541  1 0.0219 0.0226 0.0302 0.0185 0.8307 0.0228 0.0293 0.0240 
        D551  1 0.0582 0.0290 0.1414 0.0350 0.0610 0.1668 0.3477 0.1609 
        D552  1 0.2893 0.1387 0.1318 0.0479 0.1777 0.0646 0.1019 0.0481 
        D553  1 0.0270 0.0196 0.0235 0.0159 0.8474 0.0235 0.0249 0.0182 
        D615  1 0.0933 0.1484 0.0661 0.0446 0.3763 0.0884 0.0985 0.0844 
        D616  1 0.0788 0.1330 0.1190 0.0267 0.2764 0.0793 0.1575 0.1294 
        D621  1 0.1370 0.1364 0.2635 0.3110 0.0227 0.0416 0.0569 0.0311 
        D622  1 0.0678 0.1739 0.4909 0.0489 0.0464 0.0479 0.0907 0.0334 
        D623  1 0.2003 0.0525 0.0324 0.4482 0.0285 0.0402 0.0606 0.1372 
        D624  1 0.6752 0.0348 0.0357 0.0213 0.0690 0.0400 0.0980 0.0261 
        D625  1 0.0759 0.0645 0.0612 0.0464 0.6377 0.0336 0.0569 0.0239 
        D626  1 0.3156 0.1686 0.1680 0.0462 0.0874 0.0905 0.0767 0.0470 
        D627  1 0.0828 0.0411 0.1330 0.0241 0.1647 0.2261 0.2992 0.0290 
        D690  1 0.0828 0.0515 0.0551 0.0295 0.7162 0.0195 0.0280 0.0175 
        D691  1 0.0480 0.1098 0.6099 0.0267 0.0969 0.0313 0.0507 0.0267 
        D710  1 0.1836 0.0895 0.1282 0.1071 0.2509 0.0542 0.1259 0.0606 
        D711  1 0.0529 0.0427 0.0611 0.0476 0.6861 0.0306 0.0422 0.0368 
        D712  1 0.5924 0.0365 0.0874 0.0636 0.0422 0.0841 0.0470 0.0469 
        D713  1 0.1526 0.0686 0.0730 0.3761 0.1482 0.0276 0.1235 0.0304 
        D746  1 0.0408 0.0617 0.6567 0.0218 0.1045 0.0293 0.0386 0.0464 
        D747  1 0.0232 0.0209 0.0232 0.0208 0.8226 0.0260 0.0272 0.0360 
        D748  1 0.0555 0.1897 0.3165 0.0585 0.2201 0.0583 0.0714 0.0300 
        D749  1 0.1027 0.1139 0.2608 0.1544 0.0367 0.0604 0.2173 0.0537 
        D750  1 0.5773 0.0746 0.0467 0.0406 0.1556 0.0302 0.0510 0.0240 
        D763  1 0.0305 0.0603 0.1277 0.1339 0.1123 0.2411 0.1386 0.1556 
        D764  1 0.2570 0.0856 0.0812 0.0209 0.4336 0.0309 0.0616 0.0292 
        D765  1 0.1078 0.5726 0.0924 0.0257 0.0455 0.0435 0.0913 0.0211 
        D766  1 0.0631 0.3461 0.1298 0.1817 0.1188 0.0296 0.0904 0.0404 
        D767  1 0.0355 0.1099 0.1575 0.2936 0.1256 0.0524 0.1046 0.1209 
        D768  1 0.0164 0.0229 0.0315 0.0173 0.8354 0.0226 0.0275 0.0265 
        D811  1 0.2057 0.3825 0.0355 0.1566 0.0366 0.0611 0.0874 0.0347 
        D816  1 0.0296 0.0261 0.0328 0.0210 0.8125 0.0196 0.0373 0.0211 
        D825  1 0.1908 0.3812 0.0539 0.0505 0.1058 0.0424 0.1499 0.0255 
        D866  1 0.1847 0.0984 0.0375 0.0331 0.0643 0.3614 0.1042 0.1164 
        D867  1 0.0360 0.0410 0.6295 0.1064 0.0306 0.0235 0.0749 0.0582 
        D871  1 0.1396 0.0625 0.1137 0.0358 0.1954 0.0841 0.3402 0.0288 
        D872  1 0.0567 0.1407 0.1441 0.1150 0.2999 0.0368 0.1196 0.0872 
        D873  1 0.0181 0.7323 0.0314 0.1383 0.0133 0.0130 0.0268 0.0267 
        D874  1 0.1724 0.0350 0.0248 0.5094 0.0996 0.0673 0.0581 0.0335 
        D875  1 0.0849 0.1858 0.1703 0.0314 0.1170 0.0347 0.3537 0.0222 
        D876  1 0.1333 0.0490 0.0995 0.0730 0.4504 0.0605 0.0992 0.0350 
        D877  1 0.1998 0.0547 0.0193 0.5000 0.0486 0.0312 0.1127 0.0337 
        D892  1 0.1880 0.1076 0.2065 0.0575 0.2807 0.0421 0.0875 0.0301 
        D893  1 0.0278 0.0570 0.0841 0.0363 0.5894 0.0722 0.0895 0.0437 
        D894  1 0.1036 0.0596 0.0704 0.0273 0.5368 0.0629 0.0958 0.0436 
        D915  1 0.0539 0.1986 0.0994 0.0305 0.4550 0.0428 0.0778 0.0418 
        D916  1 0.0260 0.0218 0.0261 0.0161 0.8511 0.0184 0.0206 0.0199 
        D917  1 0.2302 0.0391 0.0651 0.1363 0.1854 0.1030 0.1487 0.0922 
        D925  1 0.1209 0.4256 0.0681 0.0234 0.2426 0.0419 0.0521 0.0255 
        D926  1 0.0671 0.0768 0.0754 0.0636 0.4245 0.0535 0.2087 0.0305 
        D927  1 0.0627 0.0379 0.0889 0.0415 0.2879 0.0940 0.1134 0.2738 
        D928  1 0.7554 0.0339 0.0172 0.0385 0.0764 0.0177 0.0355 0.0253 
        D929  1 0.0903 0.0488 0.1467 0.5140 0.0559 0.0451 0.0714 0.0278 
        D936  1 0.0404 0.0450 0.0280 0.0990 0.5595 0.1119 0.0678 0.0484 
        D938  1 0.0340 0.1431 0.6315 0.0558 0.0394 0.0311 0.0417 0.0233 
        D956  1 0.5963 0.1020 0.0314 0.0614 0.0399 0.0463 0.0741 0.0485 
        D957  1 0.0548 0.3218 0.1258 0.1511 0.1515 0.0316 0.1022 0.0611 
        D958  1 0.1749 0.2121 0.1136 0.1014 0.2230 0.0299 0.1012 0.0439 
        D959  1 0.0357 0.0250 0.2089 0.0247 0.4026 0.0189 0.1291 0.1551 
        D960  1 0.0553 0.1247 0.4817 0.1671 0.0417 0.0313 0.0741 0.0243 
        D989  1 0.5025 0.0384 0.0525 0.0337 0.0704 0.1158 0.0819 0.1049 
        D990  1 0.0710 0.5964 0.0758 0.0194 0.0249 0.1005 0.0712 0.0407 
        D023  2 0.0238 0.0237 0.7527 0.0202 0.0724 0.0204 0.0561 0.0307 
        D130  2 0.0218 0.0579 0.6389 0.0406 0.0990 0.0315 0.0589 0.0514 
        D131  2 0.0578 0.1211 0.0635 0.0447 0.2723 0.1299 0.2417 0.0690 
        D163  2 0.0483 0.0596 0.6099 0.0341 0.1026 0.0464 0.0763 0.0228 
        D164  2 0.0155 0.3282 0.0396 0.0272 0.0187 0.0187 0.0289 0.5232 
        D165  2 0.0245 0.0265 0.7546 0.0269 0.0411 0.0402 0.0480 0.0381 
        D166  2 0.0328 0.1544 0.1347 0.2149 0.0628 0.1023 0.2220 0.0760 
        D167  2 0.0418 0.0298 0.0191 0.0358 0.0198 0.0304 0.0265 0.7968 
        D192  2 0.0260 0.0217 0.0184 0.0360 0.0140 0.0339 0.0272 0.8227 
        D193  2 0.1063 0.0861 0.0524 0.4600 0.0374 0.0884 0.1271 0.0423 
        D206  2 0.0350 0.0542 0.1337 0.0556 0.1339 0.0540 0.1725 0.3611 
        D207  2 0.0261 0.0412 0.0396 0.0498 0.0436 0.0847 0.1128 0.6022 
        D208  2 0.2209 0.0905 0.0665 0.0631 0.0676 0.2736 0.1117 0.1063 
        D209  2 0.0355 0.0667 0.0647 0.1162 0.0507 0.0453 0.2293 0.3916 
        D210  2 0.3904 0.0415 0.0383 0.0386 0.0863 0.2391 0.0654 0.1003 
     D229599  2 0.0722 0.0770 0.1184 0.1512 0.1782 0.1902 0.1614 0.0514 
     D229600  2 0.0316 0.0582 0.4020 0.0375 0.0328 0.0433 0.0888 0.3058 
     D237227  2 0.4079 0.1872 0.0595 0.0303 0.0577 0.1198 0.0741 0.0635 
     D237228  2 0.1625 0.5573 0.0201 0.0435 0.0155 0.0609 0.0921 0.0480 
     D237258  2 0.0782 0.0832 0.1706 0.1258 0.0705 0.1144 0.1525 0.2049 
     D237310  2 0.0389 0.6901 0.0359 0.0602 0.0192 0.0467 0.0549 0.0541 
     D237311  2 0.0308 0.6315 0.0514 0.0338 0.0198 0.0294 0.0421 0.1612 
     D237312  2 0.0526 0.4793 0.1217 0.1649 0.0331 0.0446 0.0720 0.0318 
     D237313  2 0.0918 0.1765 0.0592 0.0810 0.2101 0.1429 0.1915 0.0471 
     D237322  2 0.0967 0.1356 0.0558 0.0873 0.0403 0.2836 0.2326 0.0680 
     D237323  2 0.1657 0.5757 0.0719 0.0351 0.0221 0.0507 0.0445 0.0343 
     D237324  2 0.0238 0.0534 0.1840 0.0285 0.0750 0.0933 0.3592 0.1828 
     D237325  2 0.0770 0.4445 0.1242 0.0856 0.0432 0.0513 0.1012 0.0730 
     D237326  2 0.0769 0.5609 0.0702 0.0545 0.0822 0.0282 0.0728 0.0544 
     D237327  2 0.0402 0.0452 0.1028 0.0659 0.0748 0.3244 0.2075 0.1393 
     D237337  2 0.0337 0.7831 0.0332 0.0299 0.0303 0.0283 0.0398 0.0216 
     D237338  2 0.1210 0.2626 0.1670 0.0656 0.0608 0.0939 0.1328 0.0962 
     D237339  2 0.0250 0.0318 0.0295 0.4545 0.0569 0.0530 0.1111 0.2382 
     D237340  2 0.1309 0.3501 0.0964 0.1006 0.0238 0.0473 0.0737 0.1771 
     D237389  2 0.0264 0.6590 0.0371 0.0828 0.0245 0.0220 0.0553 0.0928 
     D237390  2 0.0665 0.5069 0.1096 0.1072 0.0428 0.0654 0.0703 0.0314 
     D244017  2 0.2323 0.0442 0.0519 0.0514 0.0363 0.0716 0.1237 0.3886 
     D244112  2 0.0260 0.0502 0.0420 0.0279 0.0218 0.0261 0.0320 0.7740 
     D244118  2 0.0357 0.0365 0.2411 0.0525 0.0162 0.0352 0.0473 0.5355 
     D244119  2 0.5451 0.0356 0.0197 0.0187 0.0248 0.0339 0.0406 0.2817 
     D244120  2 0.0541 0.1050 0.0406 0.2416 0.0184 0.1151 0.0587 0.3664 
     D244122  2 0.0488 0.0361 0.0662 0.0725 0.0408 0.0383 0.0459 0.6513 
        D291  2 0.0260 0.0476 0.1151 0.0244 0.0944 0.5099 0.1294 0.0531 
        D292  2 0.0899 0.0903 0.0343 0.0566 0.2187 0.2031 0.0769 0.2300 
        D293  2 0.0239 0.0210 0.0182 0.0348 0.1502 0.0371 0.0643 0.6505 
        D322  2 0.0303 0.0519 0.0449 0.0627 0.1332 0.0451 0.0846 0.5472 
        D323  2 0.0564 0.0861 0.0693 0.1971 0.0626 0.1213 0.2180 0.1894 
        D324  2 0.0660 0.1049 0.1026 0.0325 0.2014 0.2841 0.1574 0.0513 
        D325  2 0.0137 0.0236 0.0243 0.0263 0.0674 0.0513 0.0477 0.7456 
        D326  2 0.0387 0.0160 0.0190 0.0210 0.8063 0.0308 0.0454 0.0227 
        D340  2 0.0263 0.0207 0.0219 0.0271 0.0324 0.0277 0.0221 0.8220 
        D341  2 0.0498 0.0959 0.0468 0.0420 0.0536 0.0984 0.0635 0.5500 
        D342  2 0.0268 0.0897 0.1159 0.0367 0.0343 0.0742 0.0875 0.5348 
        D343  2 0.0127 0.0143 0.0169 0.0142 0.0201 0.0199 0.0214 0.8804 
        D344  2 0.0281 0.0528 0.0266 0.5744 0.1207 0.0398 0.1017 0.0560 
        D345  2 0.0659 0.1884 0.1066 0.1543 0.1581 0.0731 0.1954 0.0583 
        D346  2 0.5397 0.0551 0.0341 0.0621 0.0682 0.0825 0.0613 0.0970 
        D351  2 0.0324 0.0908 0.1201 0.0588 0.2647 0.1568 0.1941 0.0823 
        D352  2 0.0484 0.0490 0.0348 0.6178 0.0315 0.0334 0.1373 0.0478 
        D353  2 0.0219 0.0213 0.0288 0.0812 0.1572 0.0534 0.5988 0.0376 
        D354  2 0.0579 0.0542 0.0275 0.6650 0.0860 0.0301 0.0583 0.0209 
        D362  2 0.0421 0.0455 0.0781 0.0307 0.6648 0.0303 0.0744 0.0341 
        D363  2 0.0594 0.0480 0.0457 0.0250 0.6965 0.0286 0.0620 0.0347 
        D364  2 0.0491 0.0534 0.0387 0.3224 0.3715 0.0364 0.0952 0.0333 
        D365  2 0.0246 0.0189 0.0138 0.0217 0.0262 0.0211 0.0248 0.8489 
        D369  2 0.1732 0.1275 0.0476 0.0269 0.2418 0.1063 0.1070 0.1698 
        D374  2 0.3490 0.0377 0.0219 0.4534 0.0255 0.0316 0.0545 0.0264 
        D375  2 0.0250 0.0329 0.0279 0.7906 0.0210 0.0185 0.0609 0.0231 
        D376  2 0.3521 0.0433 0.0245 0.4014 0.0232 0.0395 0.0729 0.0430 
        D377  2 0.0947 0.3364 0.0844 0.1730 0.0376 0.0751 0.1228 0.0761 
        D378  2 0.0476 0.0341 0.1250 0.0647 0.1856 0.0719 0.1351 0.3361 
        D379  2 0.0352 0.0358 0.0389 0.0637 0.6489 0.0545 0.0961 0.0268 
        D384  2 0.0539 0.0229 0.0179 0.0197 0.8011 0.0239 0.0370 0.0237 
        D385  2 0.0425 0.0288 0.0208 0.1474 0.0275 0.0277 0.0308 0.6744 
        D386  2 0.0359 0.0376 0.1023 0.3451 0.1319 0.0431 0.1556 0.1485 
        D391  2 0.0202 0.0287 0.0246 0.0599 0.0423 0.0374 0.0393 0.7476 
        D392  2 0.0931 0.0973 0.0557 0.0277 0.0838 0.0369 0.0737 0.5318 
        D393  2 0.0392 0.0642 0.0748 0.0757 0.3241 0.2074 0.0767 0.1380 
        D394  2 0.0609 0.1756 0.1913 0.1473 0.0987 0.0557 0.1526 0.1180 
        D395  2 0.0265 0.0306 0.0299 0.4322 0.0232 0.0424 0.0949 0.3204 
        D401  2 0.0382 0.8027 0.0225 0.0174 0.0244 0.0283 0.0300 0.0367 
        D402  2 0.0271 0.0329 0.0231 0.0555 0.0305 0.0692 0.0361 0.7256 
        D403  2 0.0351 0.0329 0.1110 0.1269 0.2506 0.0561 0.3344 0.0530 
        D415  2 0.0230 0.1213 0.0429 0.0387 0.5388 0.0253 0.1724 0.0376 
        D435  2 0.0236 0.0413 0.0422 0.0405 0.5123 0.0617 0.0446 0.2338 
        D436  2 0.0719 0.0660 0.0569 0.4926 0.1388 0.0383 0.0909 0.0446 
        D438  2 0.0346 0.0171 0.0212 0.0192 0.0165 0.0235 0.0256 0.8425 
        D439  2 0.0245 0.0563 0.1020 0.3561 0.1094 0.0465 0.1970 0.1083 
        D449  2 0.0342 0.0327 0.0391 0.0276 0.1208 0.0273 0.1768 0.5416 
        D450  2 0.1612 0.0755 0.0810 0.1734 0.1706 0.0993 0.2072 0.0318 
        D456  2 0.0249 0.0156 0.0211 0.0218 0.8304 0.0323 0.0367 0.0172 
        D462  2 0.0190 0.0201 0.0298 0.0463 0.0536 0.0256 0.0300 0.7757 
        D463  2 0.0381 0.0258 0.0195 0.0308 0.8134 0.0209 0.0349 0.0165 
        D464  2 0.0543 0.0339 0.0279 0.3136 0.0738 0.0417 0.3504 0.1044 
        D465  2 0.0305 0.1044 0.0403 0.0388 0.1722 0.0361 0.0692 0.5085 
        D473  2 0.4747 0.1232 0.0679 0.1205 0.0276 0.0530 0.0676 0.0654 
        D474  2 0.0654 0.0495 0.0525 0.0277 0.5363 0.1430 0.0580 0.0675 
        D476  2 0.0196 0.0362 0.4041 0.2571 0.0528 0.0470 0.0893 0.0939 
        D477  2 0.0671 0.1271 0.0297 0.1404 0.3606 0.1333 0.1071 0.0347 
        D478  2 0.1058 0.0557 0.2972 0.1356 0.0654 0.0519 0.1897 0.0987 
        D480  2 0.1307 0.0453 0.0340 0.0851 0.2824 0.1671 0.1183 0.1370 
        D481  2 0.1233 0.0788 0.1249 0.1319 0.2622 0.0591 0.1273 0.0925 
        D482  2 0.1200 0.1001 0.0720 0.2679 0.0336 0.2552 0.1079 0.0434 
        D483  2 0.0697 0.0256 0.0277 0.0302 0.0215 0.0322 0.0328 0.7603 
        D484  2 0.0291 0.0208 0.0207 0.8319 0.0139 0.0260 0.0308 0.0268 
        D510  2 0.5085 0.0539 0.0328 0.1029 0.0315 0.1563 0.0708 0.0433 
        D511  2 0.0433 0.0540 0.0749 0.3208 0.1594 0.0925 0.1113 0.1438 
        D512  2 0.0196 0.5525 0.0398 0.0450 0.0286 0.0455 0.1073 0.1616 
        D513  2 0.0770 0.0590 0.0436 0.0363 0.1038 0.0862 0.0885 0.5056 
        D635  2 0.0374 0.0414 0.3951 0.0213 0.2655 0.0366 0.1422 0.0605 
        D636  2 0.0317 0.0613 0.7861 0.0202 0.0330 0.0153 0.0294 0.0229 
        D637  2 0.0984 0.1480 0.0528 0.2490 0.0410 0.1016 0.1197 0.1893 
        D658  2 0.0744 0.0833 0.0426 0.2301 0.0279 0.0388 0.0746 0.4282 
        D659  2 0.0494 0.0218 0.0757 0.0482 0.6215 0.0759 0.0710 0.0366 
        D677  2 0.0290 0.1344 0.1613 0.0546 0.2894 0.1448 0.1095 0.0771 
        D678  2 0.0243 0.0588 0.0488 0.0514 0.0271 0.0429 0.1276 0.6192 
        D679  2 0.0795 0.0583 0.0646 0.0583 0.3882 0.1242 0.1509 0.0759 
        D719  2 0.3889 0.0478 0.0206 0.0363 0.1648 0.0799 0.0551 0.2066 
        D720  2 0.0959 0.0360 0.0413 0.0216 0.6723 0.0333 0.0580 0.0416 
        D721  2 0.0440 0.0243 0.6495 0.0330 0.0535 0.0417 0.0783 0.0757 
        D722  2 0.2068 0.0634 0.0304 0.4531 0.0334 0.0491 0.0986 0.0652 
        D734  2 0.3398 0.0296 0.0247 0.2768 0.0345 0.0894 0.0685 0.1368 
        D735  2 0.1243 0.1286 0.0651 0.0606 0.2016 0.0989 0.2297 0.0912 
        D736  2 0.3192 0.0682 0.0618 0.0657 0.0816 0.2443 0.0862 0.0730 
        D737  2 0.0511 0.0633 0.0784 0.1172 0.0265 0.1148 0.0814 0.4674 
        D807  2 0.2084 0.1355 0.0615 0.0865 0.2153 0.1498 0.0665 0.0766 
        D808  2 0.0485 0.2567 0.1037 0.0566 0.0890 0.1028 0.1939 0.1487 
        D817  2 0.0664 0.1084 0.0747 0.1298 0.3713 0.0815 0.1323 0.0357 
        D818  2 0.0352 0.0499 0.1710 0.0363 0.0812 0.1751 0.2048 0.2466 
        D819  2 0.0631 0.3134 0.0888 0.0448 0.2067 0.0731 0.1516 0.0584 
        D820  2 0.0375 0.0195 0.0322 0.0484 0.7079 0.0446 0.0528 0.0571 
        D895  2 0.0670 0.0549 0.1796 0.0627 0.3544 0.0408 0.1807 0.0599 
        D896  2 0.0302 0.8410 0.0236 0.0244 0.0191 0.0198 0.0226 0.0193 
        D897  2 0.0304 0.0717 0.0495 0.0344 0.0392 0.0839 0.1316 0.5593 
        D898  2 0.0555 0.3608 0.0471 0.0683 0.0581 0.1739 0.1898 0.0467 
        D918  2 0.0906 0.2219 0.1375 0.0792 0.0491 0.1254 0.2072 0.0890 
        D919  2 0.0292 0.0287 0.0661 0.3269 0.1753 0.0880 0.1637 0.1223 
        D920  2 0.0894 0.0929 0.5953 0.0547 0.0355 0.0333 0.0585 0.0405 
        D923  2 0.0372 0.0260 0.0441 0.0930 0.6481 0.0355 0.0786 0.0375 
        D930  2 0.1386 0.0974 0.0331 0.1549 0.2668 0.0975 0.1577 0.0539 
        D931  2 0.0573 0.0547 0.0500 0.1769 0.3202 0.0750 0.0785 0.1874 
        D968  2 0.0199 0.0219 0.0189 0.0346 0.0349 0.0477 0.0391 0.7830 
        D969  2 0.0661 0.0487 0.0398 0.0391 0.2392 0.1941 0.1323 0.2408 
        D977  2 0.0277 0.0261 0.0340 0.0497 0.0409 0.0579 0.0681 0.6955 
        D978  2 0.0467 0.0347 0.0392 0.0399 0.0372 0.5092 0.1924 0.1006 
        D211  3 0.0318 0.0505 0.6514 0.0302 0.0831 0.0585 0.0647 0.0299 
     D229639  3 0.1127 0.0561 0.0390 0.0399 0.0813 0.5260 0.0816 0.0634 
     D237212  3 0.0343 0.1106 0.0955 0.1407 0.1022 0.3016 0.1170 0.0981 
     D237213  3 0.0339 0.3725 0.1376 0.1319 0.0668 0.0731 0.1263 0.0579 
     D237214  3 0.0409 0.0285 0.7787 0.0222 0.0329 0.0152 0.0558 0.0259 
     D237215  3 0.1048 0.0602 0.0256 0.0732 0.0226 0.1246 0.0673 0.5217 
     D237216  3 0.0349 0.0623 0.1695 0.0492 0.0564 0.0793 0.5051 0.0433 
     D237217  3 0.0198 0.1315 0.2849 0.0284 0.1153 0.0950 0.2866 0.0385 
     D237218  3 0.0650 0.0440 0.0548 0.0524 0.0583 0.5575 0.1156 0.0523 
     D237219  3 0.0930 0.3980 0.1211 0.0218 0.0413 0.1659 0.1193 0.0396 
     D237382  3 0.1338 0.2374 0.0821 0.1282 0.1112 0.0803 0.1517 0.0753 
     D244127  3 0.0267 0.5676 0.0565 0.0423 0.0324 0.0750 0.1004 0.0991 
     D244129  3 0.0607 0.2499 0.1397 0.0753 0.1422 0.0985 0.1327 0.1009 
     D244133  3 0.1635 0.1383 0.1137 0.0281 0.0954 0.0725 0.1681 0.2204 
     D244134  3 0.2772 0.1177 0.0532 0.0246 0.0421 0.3768 0.0593 0.0490 
     D244135  3 0.0246 0.0314 0.7138 0.0229 0.0478 0.0319 0.0577 0.0699 
     D244136  3 0.2286 0.0727 0.0871 0.0555 0.1931 0.0882 0.1372 0.1376 
        D416  3 0.0579 0.1343 0.1263 0.0492 0.1373 0.1167 0.1898 0.1885 
        D417  3 0.0367 0.0805 0.0464 0.0441 0.6351 0.0438 0.0851 0.0283 
        D419  3 0.0851 0.1975 0.0984 0.0422 0.1369 0.2187 0.1112 0.1099 
        D565  3 0.7815 0.0282 0.0262 0.0286 0.0450 0.0382 0.0317 0.0206 
        D566  3 0.2932 0.0818 0.0393 0.0560 0.0789 0.2894 0.0968 0.0647 
        D567  3 0.0296 0.0841 0.0976 0.0542 0.5756 0.0335 0.0666 0.0588 
        D568  3 0.0261 0.0954 0.1918 0.1233 0.2058 0.0977 0.1181 0.1418 
        D569  3 0.0460 0.0432 0.1108 0.4943 0.0302 0.0555 0.1120 0.1080 
        D573  3 0.0321 0.0461 0.0305 0.0295 0.2183 0.2787 0.1163 0.2486 
        D574  3 0.4518 0.0950 0.0660 0.0592 0.0473 0.1059 0.1161 0.0587 
        D575  3 0.1878 0.2320 0.1896 0.0466 0.0810 0.0809 0.1071 0.0750 
        D576  3 0.0419 0.0494 0.0564 0.0846 0.0124 0.0865 0.0774 0.5915 
        D577  3 0.0566 0.0368 0.1265 0.0666 0.5283 0.0541 0.0954 0.0358 
        D578  3 0.0238 0.0362 0.8047 0.0196 0.0230 0.0209 0.0397 0.0321 
        D579  3 0.1769 0.0744 0.0710 0.0788 0.1708 0.2216 0.0982 0.1082 
        D660  3 0.0252 0.1123 0.0669 0.0452 0.0235 0.0564 0.0976 0.5730 
        D661  3 0.0298 0.0427 0.0895 0.0522 0.0445 0.4105 0.1106 0.2201 
        D663  3 0.0313 0.0273 0.0489 0.0866 0.0689 0.4883 0.1616 0.0871 
        D664  3 0.1017 0.2553 0.1844 0.0436 0.0264 0.0651 0.1198 0.2038 
        D665  3 0.0201 0.2356 0.2418 0.1361 0.0267 0.0746 0.2083 0.0568 
        D666  3 0.1369 0.4347 0.0556 0.0373 0.0984 0.1097 0.0835 0.0440 
        D009  4 0.0394 0.1243 0.3248 0.1101 0.1247 0.0821 0.1620 0.0325 
        D057  4 0.0390 0.0233 0.2697 0.1681 0.0568 0.1399 0.0906 0.2126 
        D109  4 0.0525 0.4953 0.0976 0.0488 0.0627 0.0460 0.1693 0.0278 
     D237222  4 0.1274 0.0425 0.5571 0.0765 0.0514 0.0441 0.0554 0.0457 
     D237223  4 0.0938 0.2920 0.1612 0.0901 0.0506 0.0849 0.1319 0.0956 
     D237224  4 0.0438 0.0591 0.0681 0.1328 0.1891 0.2103 0.1003 0.1965 
     D237225  4 0.0606 0.0782 0.1670 0.0643 0.1435 0.1540 0.2844 0.0479 
     D237299  4 0.0481 0.3294 0.0604 0.0351 0.0317 0.2222 0.2316 0.0414 
     D237300  4 0.0471 0.0325 0.0275 0.0317 0.0262 0.7508 0.0436 0.0407 
     D237306  4 0.3367 0.2178 0.0400 0.1394 0.0972 0.0438 0.0899 0.0352 
     D237307  4 0.1865 0.0557 0.0687 0.0410 0.3438 0.1054 0.1208 0.0780 
     D237308  4 0.0869 0.0780 0.0628 0.1635 0.0490 0.0578 0.0972 0.4048 
     D237309  4 0.0295 0.1059 0.1940 0.1376 0.1503 0.0873 0.2425 0.0530 
     D237317  4 0.2753 0.0490 0.0746 0.0542 0.2129 0.0644 0.2210 0.0486 
     D237318  4 0.0306 0.0269 0.0260 0.0221 0.0458 0.7236 0.0520 0.0730 
     D237319  4 0.0499 0.2290 0.1900 0.0689 0.0913 0.1141 0.1907 0.0661 
     D237320  4 0.0373 0.2822 0.1861 0.0299 0.0852 0.1981 0.0736 0.1076 
     D237321  4 0.0687 0.0645 0.0478 0.0456 0.0687 0.5319 0.0699 0.1028 
     D237397  4 0.1590 0.1418 0.1378 0.0505 0.0701 0.2190 0.1073 0.1146 
     D237398  4 0.0199 0.0318 0.0407 0.0390 0.0676 0.6622 0.0947 0.0442 
     D237399  4 0.1653 0.0893 0.1431 0.0481 0.1147 0.3109 0.0760 0.0525 
     D244001  4 0.0341 0.0488 0.4236 0.1459 0.0414 0.0446 0.1256 0.1361 
        D289  4 0.2390 0.0538 0.0963 0.1571 0.1250 0.0967 0.1176 0.1144 
        D290  4 0.0371 0.0721 0.1102 0.1236 0.0850 0.2807 0.2252 0.0662 
        D294  4 0.0709 0.0396 0.1304 0.2118 0.1364 0.1460 0.2162 0.0487 
        D295  4 0.0663 0.2583 0.0845 0.0935 0.2794 0.0859 0.0923 0.0399 
        D301  4 0.0716 0.0907 0.4778 0.0828 0.0297 0.1302 0.0639 0.0534 
        D302  4 0.0280 0.0219 0.0565 0.6450 0.0926 0.0414 0.0902 0.0243 
        D303  4 0.5615 0.0916 0.0378 0.0939 0.0442 0.0517 0.0575 0.0618 
        D304  4 0.0888 0.0370 0.0724 0.0702 0.0844 0.3631 0.2371 0.0468 
        D305  4 0.0182 0.0379 0.0609 0.2942 0.0316 0.0712 0.3569 0.1291 
        D306  4 0.0541 0.0538 0.0897 0.0948 0.0534 0.0830 0.5403 0.0308 
        D307  4 0.0786 0.0444 0.6573 0.0398 0.0235 0.0753 0.0491 0.0320 
        D327  4 0.0779 0.0382 0.0467 0.0528 0.5416 0.0626 0.1085 0.0717 
        D328  4 0.1240 0.0957 0.0329 0.5864 0.0326 0.0325 0.0593 0.0366 
        D329  4 0.0636 0.0672 0.1384 0.1738 0.0781 0.1479 0.1603 0.1707 
        D330  4 0.0267 0.1919 0.1393 0.1349 0.2492 0.0234 0.1458 0.0889 
        D331  4 0.0839 0.1004 0.0821 0.0625 0.1861 0.2683 0.1425 0.0742 
        D333  4 0.1121 0.1173 0.1047 0.2245 0.0755 0.1376 0.1129 0.1155 
        D334  4 0.5297 0.0351 0.1144 0.0531 0.0876 0.0683 0.0806 0.0313 
        D335  4 0.0403 0.0402 0.0383 0.5016 0.1826 0.0408 0.0902 0.0660 
        D370  4 0.0785 0.1610 0.0424 0.5047 0.0489 0.0415 0.0715 0.0516 
        D371  4 0.6450 0.0260 0.0184 0.0574 0.1254 0.0333 0.0529 0.0415 
        D372  4 0.0337 0.0404 0.0232 0.0440 0.0180 0.6453 0.1370 0.0585 
        D373  4 0.0289 0.0328 0.5897 0.0448 0.0378 0.1017 0.0745 0.0899 
        D455  4 0.0335 0.0299 0.6979 0.0553 0.0410 0.0598 0.0356 0.0469 
        D490  4 0.0323 0.0353 0.8076 0.0269 0.0294 0.0253 0.0258 0.0173 
        D497  4 0.0319 0.0642 0.6776 0.0538 0.0239 0.0476 0.0727 0.0284 
        D498  4 0.1221 0.2363 0.0741 0.0907 0.0758 0.2000 0.1347 0.0662 
        D499  4 0.1763 0.1394 0.0269 0.0812 0.0367 0.1794 0.1312 0.2288 
        D514  4 0.0278 0.0903 0.0700 0.2056 0.3172 0.0968 0.1467 0.0456 
        D515  4 0.0432 0.3656 0.1900 0.1188 0.0625 0.0695 0.1044 0.0460 
        D516  4 0.0844 0.2761 0.1236 0.0406 0.1525 0.0920 0.1289 0.1018 
        D517  4 0.0275 0.0533 0.5320 0.0316 0.0806 0.0729 0.1579 0.0442 
        D518  4 0.0994 0.0271 0.2195 0.3753 0.0535 0.0431 0.1159 0.0662 
        D519  4 0.0314 0.3601 0.1775 0.0241 0.0563 0.1936 0.0804 0.0766 
        D560  4 0.0251 0.1934 0.1000 0.0646 0.1409 0.2594 0.1270 0.0896 
        D561  4 0.0305 0.0662 0.2354 0.0676 0.1715 0.0401 0.3063 0.0823 
        D562  4 0.0700 0.0712 0.2863 0.1541 0.0744 0.1058 0.1499 0.0884 
        D563  4 0.0252 0.0684 0.0743 0.1295 0.0343 0.0960 0.1428 0.4293 
        D572  4 0.0461 0.0305 0.1238 0.5316 0.1062 0.0354 0.0733 0.0530 
        D629  4 0.0392 0.0538 0.3679 0.0533 0.2752 0.0836 0.0890 0.0379 
        D630  4 0.0734 0.0887 0.2755 0.1425 0.1172 0.1227 0.1221 0.0579 
        D631  4 0.0429 0.0462 0.0905 0.2609 0.0570 0.1595 0.1120 0.2312 
        D632  4 0.0285 0.0780 0.3126 0.2308 0.0821 0.0306 0.0697 0.1677 
        D646  4 0.0387 0.2621 0.1119 0.0474 0.2108 0.0697 0.1694 0.0900 
        D647  4 0.0181 0.1043 0.1533 0.0816 0.4555 0.0622 0.0661 0.0589 
        D648  4 0.0421 0.0303 0.0290 0.7985 0.0195 0.0190 0.0316 0.0299 
        D649  4 0.0356 0.2192 0.0891 0.1393 0.3436 0.0582 0.0845 0.0305 
        D650  4 0.1271 0.1280 0.1235 0.0899 0.2294 0.1374 0.1179 0.0467 
        D708  4 0.2326 0.0762 0.0670 0.1950 0.0702 0.1746 0.1475 0.0369 
        D709  4 0.0473 0.2480 0.0429 0.2071 0.0466 0.0765 0.2817 0.0500 
        D738  4 0.3828 0.1850 0.0932 0.0528 0.1123 0.0671 0.0799 0.0268 
        D739  4 0.0417 0.0737 0.4534 0.1036 0.0442 0.1117 0.1332 0.0385 
        D740  4 0.1512 0.1742 0.0799 0.0449 0.0360 0.2210 0.2043 0.0885 
        D741  4 0.0259 0.2270 0.0915 0.0498 0.1823 0.0551 0.2061 0.1624 
        D742  4 0.1161 0.0701 0.0942 0.0537 0.0616 0.1535 0.1256 0.3253 
        D743  4 0.0454 0.0281 0.0464 0.1524 0.5041 0.0766 0.0728 0.0742 
        D744  4 0.0366 0.0549 0.0623 0.4840 0.0599 0.0720 0.0973 0.1332 
        D745  4 0.0339 0.3919 0.2305 0.0350 0.0428 0.1350 0.0868 0.0441 
        D814  4 0.0241 0.0280 0.1357 0.0954 0.0479 0.0909 0.3241 0.2539 
        D815  4 0.0564 0.0663 0.0402 0.5035 0.1554 0.0694 0.0607 0.0481 
        D828  4 0.1178 0.0755 0.0444 0.4759 0.0209 0.0969 0.0815 0.0871 
        D845  4 0.0662 0.0222 0.0225 0.0279 0.0326 0.7429 0.0290 0.0567 
        D846  4 0.0164 0.0326 0.2474 0.1947 0.1491 0.0733 0.1177 0.1688 
        D847  4 0.1319 0.0723 0.2973 0.0495 0.1115 0.1613 0.0997 0.0765 
        D848  4 0.0221 0.0205 0.5856 0.0518 0.0224 0.1768 0.0430 0.0778 
        D849  4 0.0270 0.1977 0.4029 0.0856 0.0511 0.0574 0.1319 0.0463 
        D850  4 0.0904 0.0468 0.2431 0.0521 0.1771 0.1280 0.2029 0.0596 
        D856  4 0.0703 0.2853 0.0899 0.0782 0.0632 0.0792 0.2930 0.0409 
        D857  4 0.0429 0.6162 0.0530 0.0955 0.0168 0.0294 0.0450 0.1012 
        D859  4 0.0359 0.0565 0.0536 0.4358 0.1182 0.1400 0.0976 0.0624 
        D860  4 0.4259 0.0310 0.0475 0.0757 0.1123 0.1316 0.0717 0.1042 
        D883  4 0.1038 0.1192 0.2226 0.1123 0.2312 0.0857 0.0783 0.0470 
        D884  4 0.1020 0.4336 0.0889 0.1041 0.0836 0.0579 0.0984 0.0316 
        D885  4 0.0354 0.0737 0.0850 0.0418 0.1414 0.3094 0.2045 0.1089 
        D886  4 0.0354 0.1655 0.2697 0.1113 0.1722 0.0680 0.0850 0.0929 
        D887  4 0.0677 0.0888 0.0562 0.1443 0.1014 0.3108 0.1028 0.1280 
        D889  4 0.0294 0.0219 0.0305 0.0671 0.0515 0.7120 0.0706 0.0170 
        D890  4 0.1588 0.1490 0.1159 0.2471 0.0570 0.0608 0.1136 0.0978 
        D891  4 0.0179 0.0154 0.0164 0.0145 0.0223 0.8716 0.0210 0.0209 
        D899  4 0.1141 0.0458 0.0432 0.0807 0.0453 0.1568 0.0709 0.4432 
        D900  4 0.0726 0.0844 0.1500 0.1474 0.1487 0.1000 0.1934 0.1035 
        D970  4 0.0632 0.0546 0.1236 0.1623 0.1858 0.1648 0.1460 0.0997 
        D971  4 0.0680 0.0775 0.0510 0.1652 0.0920 0.0310 0.1199 0.3954 
        D979  4 0.0504 0.0330 0.0419 0.3320 0.3342 0.0520 0.1118 0.0446 
        D093  5 0.6521 0.0432 0.0362 0.0391 0.0426 0.1116 0.0419 0.0333 
        D154  5 0.0726 0.1011 0.0352 0.0834 0.0409 0.2226 0.2740 0.1704 
        D168  5 0.0241 0.1260 0.1525 0.0493 0.0741 0.1462 0.1661 0.2616 
        D189  5 0.2696 0.0639 0.0382 0.1025 0.0606 0.2918 0.1225 0.0508 
        D190  5 0.6386 0.0616 0.0267 0.0932 0.0412 0.0574 0.0438 0.0374 
     D237220  5 0.1174 0.1156 0.2666 0.0604 0.0414 0.2667 0.1006 0.0313 
     D237221  5 0.2897 0.0835 0.0458 0.0525 0.0690 0.2488 0.0759 0.1349 
     D237274  5 0.0184 0.0683 0.0366 0.2552 0.4334 0.0339 0.0933 0.0610 
     D237275  5 0.0377 0.0900 0.0346 0.0503 0.0288 0.1133 0.1369 0.5084 
     D237276  5 0.1747 0.2535 0.1110 0.1038 0.1292 0.0794 0.0975 0.0508 
     D237277  5 0.5141 0.0517 0.0238 0.0616 0.0356 0.1864 0.0567 0.0701 
     D237278  5 0.2295 0.0947 0.0595 0.0821 0.0578 0.0545 0.1176 0.3042 
     D237279  5 0.0395 0.2738 0.1247 0.0606 0.0584 0.0580 0.3487 0.0363 
     D237280  5 0.1097 0.2758 0.1917 0.0706 0.1372 0.0522 0.1309 0.0319 
     D237281  5 0.0379 0.0331 0.0270 0.0390 0.0811 0.3941 0.1324 0.2554 
     D237351  5 0.0844 0.6836 0.0421 0.0301 0.0285 0.0568 0.0470 0.0275 
     D237352  5 0.0827 0.0552 0.3575 0.2112 0.0622 0.0356 0.1029 0.0926 
     D237353  5 0.7172 0.0708 0.0188 0.0510 0.0236 0.0599 0.0365 0.0222 
     D237359  5 0.0637 0.0772 0.1799 0.0484 0.0489 0.4288 0.1142 0.0390 
     D237361  5 0.7667 0.0457 0.0202 0.0331 0.0245 0.0410 0.0405 0.0282 
     D237362  5 0.1686 0.1402 0.0633 0.0755 0.1951 0.1353 0.1323 0.0896 
     D237363  5 0.0596 0.0584 0.0395 0.0401 0.0395 0.0612 0.5877 0.1140 
     D237364  5 0.0199 0.1326 0.1375 0.1111 0.1005 0.1693 0.1780 0.1512 
     D237376  5 0.0850 0.0498 0.0205 0.7115 0.0174 0.0419 0.0356 0.0383 
     D237377  5 0.1482 0.3114 0.0580 0.0390 0.1105 0.0615 0.2043 0.0672 
     D237378  5 0.3847 0.0571 0.0491 0.1499 0.0347 0.1553 0.0710 0.0981 
     D237379  5 0.2555 0.0537 0.0630 0.3221 0.0461 0.0788 0.1233 0.0575 
     D237380  5 0.0612 0.3015 0.0283 0.4732 0.0305 0.0240 0.0599 0.0215 
     D237381  5 0.0763 0.1893 0.2315 0.1719 0.0614 0.0621 0.1306 0.0769 
     D237391  5 0.7474 0.0357 0.0237 0.0263 0.0337 0.0748 0.0346 0.0237 
     D237392  5 0.0367 0.0713 0.0457 0.1718 0.3272 0.0350 0.0955 0.2169 
     D237393  5 0.2118 0.1072 0.0572 0.0539 0.3724 0.0584 0.0717 0.0674 
     D237394  5 0.8276 0.0266 0.0213 0.0280 0.0318 0.0238 0.0259 0.0150 
     D237395  5 0.2711 0.1345 0.0876 0.0551 0.0468 0.2212 0.1112 0.0724 
     D237396  5 0.1512 0.0643 0.0921 0.0353 0.3035 0.0794 0.1606 0.1136 
     D244016  5 0.2543 0.0695 0.0314 0.1790 0.0382 0.0921 0.2521 0.0834 
     D244018  5 0.1878 0.0655 0.0678 0.0282 0.0810 0.1330 0.1292 0.3075 
     D244019  5 0.0602 0.0916 0.0418 0.1236 0.1227 0.1543 0.2636 0.1421 
        D279  5 0.0588 0.0711 0.0420 0.0479 0.0365 0.5897 0.0896 0.0644 
        D280  5 0.1945 0.0888 0.1166 0.0355 0.1161 0.1835 0.2118 0.0532 
        D281  5 0.0734 0.0308 0.0243 0.0472 0.0406 0.5053 0.1572 0.1211 
        D283  5 0.3779 0.0651 0.0459 0.0423 0.1687 0.1217 0.1321 0.0463 
        D284  5 0.0440 0.1457 0.2480 0.0715 0.0764 0.1669 0.1746 0.0728 
        D285  5 0.3471 0.0731 0.0356 0.0574 0.0632 0.3089 0.0847 0.0300 
        D286  5 0.1957 0.1019 0.1099 0.1618 0.1105 0.1475 0.1230 0.0496 
        D287  5 0.1975 0.0891 0.0616 0.4700 0.0218 0.0462 0.0806 0.0331 
        D288  5 0.0864 0.0801 0.0481 0.0325 0.2095 0.2737 0.2174 0.0522 
        D308  5 0.0465 0.6501 0.0350 0.0361 0.1160 0.0359 0.0533 0.0272 
        D309  5 0.0281 0.0314 0.0493 0.6593 0.0599 0.0220 0.1251 0.0250 
        D310  5 0.5666 0.0449 0.0169 0.0319 0.0223 0.0603 0.2375 0.0196 
        D311  5 0.1331 0.0684 0.0595 0.2195 0.1415 0.1113 0.2045 0.0622 
        D312  5 0.2531 0.0587 0.1078 0.2179 0.1039 0.0838 0.1025 0.0723 
        D313  5 0.0366 0.5252 0.3324 0.0177 0.0197 0.0182 0.0344 0.0159 
        D314  5 0.0903 0.1734 0.0736 0.1223 0.0371 0.2171 0.1905 0.0957 
        D315  5 0.2882 0.1020 0.0916 0.0644 0.2262 0.0555 0.1088 0.0632 
        D317  5 0.6680 0.0325 0.0354 0.0383 0.0846 0.0681 0.0488 0.0243 
        D318  5 0.0843 0.0747 0.1637 0.1128 0.1189 0.0666 0.2194 0.1596 
        D319  5 0.6255 0.1329 0.0223 0.0324 0.0362 0.0625 0.0599 0.0283 
        D320  5 0.6114 0.0770 0.0465 0.0629 0.0448 0.0812 0.0565 0.0196 
        D321  5 0.1019 0.5402 0.0352 0.0275 0.1000 0.1213 0.0523 0.0215 
        D336  5 0.5402 0.0430 0.0275 0.1847 0.0338 0.0367 0.1102 0.0238 
        D337  5 0.7236 0.0303 0.0176 0.0442 0.0355 0.0687 0.0466 0.0335 
        D338  5 0.1148 0.1075 0.0718 0.0404 0.1839 0.2494 0.1587 0.0734 
        D339  5 0.4703 0.1101 0.0356 0.0328 0.0565 0.1415 0.1100 0.0431 
        D347  5 0.0473 0.0437 0.0515 0.3574 0.1446 0.0909 0.1551 0.1094 
        D348  5 0.5274 0.0328 0.0231 0.1940 0.0389 0.0399 0.1142 0.0298 
        D349  5 0.0708 0.7628 0.0201 0.0252 0.0304 0.0408 0.0253 0.0246 
        D350  5 0.0271 0.0451 0.0323 0.6878 0.0377 0.0382 0.0931 0.0386 
        D355  5 0.0345 0.0678 0.0261 0.0947 0.1104 0.2670 0.2946 0.1050 
        D356  5 0.2955 0.0733 0.1563 0.0586 0.1939 0.0906 0.0941 0.0378 
        D357  5 0.0750 0.1529 0.0599 0.2235 0.0646 0.1119 0.2621 0.0500 
        D358  5 0.3559 0.0873 0.0660 0.1877 0.0533 0.0673 0.1263 0.0561 
        D359  5 0.2785 0.0730 0.0233 0.0863 0.2714 0.0848 0.1578 0.0250 
        D360  5 0.4940 0.0468 0.1508 0.0402 0.1036 0.0613 0.0753 0.0280 
        D361  5 0.0296 0.8006 0.0224 0.0188 0.0440 0.0246 0.0346 0.0253 
        D366  5 0.0245 0.0332 0.0311 0.0302 0.3615 0.0313 0.0598 0.4285 
        D367  5 0.3014 0.1459 0.0392 0.1538 0.0311 0.0925 0.2086 0.0274 
        D368  5 0.1398 0.4504 0.0369 0.0488 0.0836 0.0654 0.1449 0.0302 
        D380  5 0.0462 0.0981 0.0937 0.2544 0.0711 0.0956 0.2659 0.0749 
        D381  5 0.3504 0.0559 0.0305 0.0528 0.0812 0.1587 0.2310 0.0395 
        D400  5 0.2106 0.0564 0.0631 0.1415 0.0827 0.2038 0.1399 0.1021 
        D411  5 0.0163 0.1236 0.6400 0.0436 0.0251 0.0289 0.0790 0.0434 
        D412  5 0.0581 0.0929 0.1076 0.1011 0.0808 0.1001 0.3563 0.1030 
        D413  5 0.0460 0.0345 0.1008 0.0575 0.0962 0.0517 0.0794 0.5340 
        D414  5 0.0212 0.0382 0.0236 0.6272 0.0339 0.1005 0.0768 0.0785 
        D420  5 0.0505 0.0896 0.2900 0.0346 0.0333 0.3485 0.1318 0.0218 
        D431  5 0.0796 0.1985 0.0658 0.2151 0.0231 0.2151 0.1538 0.0491 
        D432  5 0.3776 0.0827 0.0975 0.0578 0.0777 0.1036 0.1128 0.0903 
        D433  5 0.4011 0.1362 0.0258 0.0533 0.0875 0.1711 0.0773 0.0478 
        D434  5 0.3541 0.1247 0.0557 0.0717 0.1011 0.0753 0.1871 0.0303 
        D440  5 0.0277 0.0464 0.0334 0.6940 0.0355 0.0343 0.1057 0.0231 
        D447  5 0.0341 0.0511 0.1756 0.1408 0.2216 0.0395 0.2368 0.1005 
        D448  5 0.2857 0.0638 0.0366 0.2058 0.1025 0.1099 0.1392 0.0565 
        D459  5 0.0336 0.0388 0.0295 0.0489 0.0975 0.3041 0.1103 0.3372 
        D460  5 0.0917 0.7028 0.0260 0.0229 0.0786 0.0233 0.0298 0.0249 
        D461  5 0.0456 0.0297 0.0275 0.6244 0.1550 0.0409 0.0514 0.0256 
        D468  5 0.1456 0.2447 0.0657 0.0923 0.1653 0.0484 0.1519 0.0861 
        D469  5 0.0949 0.1188 0.0754 0.0673 0.4377 0.0697 0.0908 0.0455 
        D470  5 0.0898 0.0866 0.2876 0.1868 0.0905 0.0696 0.1410 0.0482 
        D471  5 0.3841 0.0519 0.0229 0.1554 0.0924 0.1567 0.0804 0.0561 
        D472  5 0.0212 0.0202 0.0261 0.0187 0.6606 0.1105 0.0415 0.1011 
        D479  5 0.0286 0.0300 0.0331 0.2160 0.0375 0.0285 0.0474 0.5789 
        D485  5 0.0569 0.0522 0.0634 0.6047 0.0355 0.0432 0.0848 0.0592 
        D486  5 0.0896 0.2000 0.1819 0.1000 0.1144 0.0420 0.1910 0.0811 
        D487  5 0.1248 0.0625 0.0406 0.1031 0.0296 0.4035 0.1284 0.1076 
        D555  5 0.7137 0.0314 0.0230 0.0401 0.0288 0.0399 0.0348 0.0883 
        D556  5 0.1598 0.1125 0.0549 0.1452 0.0472 0.3592 0.0852 0.0360 
        D557  5 0.7165 0.0489 0.0250 0.0420 0.0369 0.0375 0.0435 0.0498 
        D564  5 0.2656 0.1716 0.0549 0.2546 0.0624 0.0386 0.1083 0.0440 
        D594  5 0.0521 0.0815 0.0458 0.2307 0.1410 0.0437 0.2770 0.1283 
        D595  5 0.2520 0.1087 0.0546 0.0737 0.1686 0.0948 0.1053 0.1423 
        D596  5 0.7612 0.0304 0.0281 0.0370 0.0279 0.0328 0.0339 0.0488 
        D597  5 0.2608 0.0416 0.0358 0.0754 0.1043 0.1758 0.0670 0.2391 
        D598  5 0.3469 0.0633 0.1241 0.1107 0.1058 0.0934 0.0882 0.0676 
        D617  5 0.0196 0.0744 0.4992 0.0393 0.0328 0.0520 0.0953 0.1874 
        D618  5 0.3906 0.0772 0.0476 0.0612 0.0608 0.2423 0.0645 0.0558 
        D619  5 0.0799 0.2505 0.0243 0.1988 0.1983 0.0470 0.1359 0.0652 
        D620  5 0.0403 0.0290 0.0290 0.0228 0.0896 0.0728 0.0423 0.6743 
        D628  5 0.0456 0.0479 0.0530 0.7068 0.0312 0.0330 0.0464 0.0360 
        D714  5 0.1157 0.0766 0.0355 0.3354 0.0258 0.2746 0.0905 0.0458 
        D715  5 0.6441 0.0406 0.0259 0.0290 0.0765 0.1005 0.0459 0.0374 
        D716  5 0.0508 0.0361 0.0671 0.3640 0.0820 0.1023 0.1944 0.1032 
        D717  5 0.2241 0.0864 0.1216 0.0676 0.2021 0.1282 0.1179 0.0522 
        D718  5 0.0942 0.1669 0.0723 0.2451 0.0236 0.1044 0.2349 0.0585 
        D769  5 0.0383 0.0480 0.4914 0.1128 0.0399 0.0463 0.1238 0.0996 
        D770  5 0.0713 0.0617 0.0350 0.3708 0.0518 0.0982 0.0999 0.2114 
        D771  5 0.0771 0.0794 0.1198 0.1428 0.0624 0.1631 0.1676 0.1879 
        D772  5 0.2040 0.0419 0.0852 0.4447 0.0455 0.0893 0.0547 0.0347 
        D782  5 0.0457 0.1797 0.0457 0.0420 0.0494 0.2090 0.3548 0.0737 
        D783  5 0.1105 0.0570 0.0298 0.3267 0.0272 0.1004 0.1526 0.1957 
        D784  5 0.1328 0.0477 0.0684 0.1149 0.2379 0.2129 0.1329 0.0525 
        D785  5 0.5446 0.1104 0.0411 0.1402 0.0391 0.0493 0.0463 0.0290 
        D786  5 0.0277 0.0684 0.3257 0.2273 0.1726 0.0369 0.0762 0.0652 
        D821  5 0.8387 0.0272 0.0136 0.0365 0.0164 0.0347 0.0186 0.0142 
        D822  5 0.1170 0.1206 0.0327 0.1468 0.1718 0.0694 0.2609 0.0808 
        D826  5 0.2538 0.0762 0.0381 0.0535 0.0682 0.3219 0.0939 0.0945 
        D827  5 0.0429 0.0618 0.0923 0.1314 0.2729 0.0519 0.2475 0.0994 
        D851  5 0.1027 0.1096 0.0620 0.0587 0.0770 0.1138 0.4117 0.0647 
        D852  5 0.0922 0.1059 0.0376 0.2057 0.0368 0.3588 0.0830 0.0801 
        D853  5 0.2072 0.1040 0.0668 0.0633 0.0832 0.2911 0.1326 0.0518 
        D854  5 0.0248 0.1791 0.0576 0.1199 0.1046 0.2323 0.1766 0.1051 
        D861  5 0.1151 0.1408 0.0502 0.0662 0.0768 0.2055 0.2285 0.1170 
        D862  5 0.2091 0.0721 0.0479 0.1427 0.2975 0.0496 0.1373 0.0438 
        D865  5 0.5248 0.1332 0.0369 0.0548 0.0384 0.0639 0.0748 0.0732 
        D868  5 0.0780 0.0427 0.0460 0.0369 0.6131 0.0911 0.0575 0.0348 
        D869  5 0.0545 0.0858 0.6331 0.0210 0.0490 0.0260 0.0712 0.0594 
        D870  5 0.0516 0.0356 0.2293 0.0455 0.1109 0.0291 0.3935 0.1045 
        D907  5 0.5255 0.0967 0.0646 0.0454 0.0485 0.0565 0.1168 0.0460 
        D908  5 0.1465 0.1352 0.0230 0.1334 0.0323 0.3532 0.0538 0.1226 
        D910  5 0.2004 0.0731 0.0409 0.0828 0.0814 0.2302 0.1380 0.1533 
        D911  5 0.0315 0.0396 0.0207 0.0417 0.0843 0.5048 0.2320 0.0453 
        D934  5 0.0495 0.0756 0.0445 0.1927 0.0542 0.3067 0.1432 0.1336 
        D946  5 0.0441 0.2116 0.0483 0.3276 0.0224 0.1581 0.1189 0.0689 
        D947  5 0.0578 0.0922 0.0816 0.1870 0.1334 0.2809 0.1256 0.0415 
