        D174  1 0.0199 0.5322 0.0822 0.0690 0.2258 0.0347 0.0361 
        D199  1 0.0374 0.2047 0.2819 0.0678 0.0743 0.1931 0.1409 
        D203  1 0.0674 0.0876 0.2751 0.1117 0.1654 0.2260 0.0668 
        D204  1 0.0652 0.0210 0.8054 0.0268 0.0297 0.0310 0.0208 
     D237366  1 0.2184 0.0556 0.0989 0.3066 0.1301 0.1041 0.0863 
     D237367  1 0.0522 0.0374 0.4395 0.1501 0.1727 0.1035 0.0445 
     D237368  1 0.0511 0.1064 0.1338 0.4710 0.0635 0.1327 0.0415 
     D244101  1 0.3265 0.0242 0.3406 0.0210 0.0464 0.1367 0.1046 
     D244102  1 0.2419 0.0902 0.1002 0.1340 0.2628 0.0774 0.0935 
     D244103  1 0.0791 0.0681 0.2241 0.1018 0.2858 0.0508 0.1902 
     D244104  1 0.0292 0.0944 0.6490 0.0464 0.0228 0.0557 0.1024 
     D244105  1 0.0418 0.0205 0.2080 0.4386 0.2124 0.0373 0.0414 
     D244106  1 0.0320 0.5767 0.0708 0.0320 0.1399 0.0894 0.0593 
     D244107  1 0.0790 0.0303 0.0860 0.5597 0.0432 0.1602 0.0417 
     D244108  1 0.0519 0.5107 0.1188 0.1506 0.0772 0.0550 0.0358 
     D244113  1 0.1380 0.5314 0.0205 0.0305 0.1964 0.0450 0.0381 
     D244114  1 0.0901 0.1205 0.1202 0.0586 0.2499 0.1390 0.2216 
     D244115  1 0.0366 0.4596 0.1827 0.1451 0.0998 0.0259 0.0504 
     D267365  1 0.0441 0.2493 0.3723 0.0633 0.0505 0.0351 0.1854 
        D404  1 0.1187 0.4647 0.0270 0.0272 0.2844 0.0545 0.0234 
        D405  1 0.1109 0.2243 0.1499 0.0606 0.2793 0.1190 0.0561 
        D406  1 0.0304 0.0381 0.0662 0.7991 0.0241 0.0204 0.0215 
        D407  1 0.0198 0.0321 0.5955 0.0569 0.0672 0.1948 0.0338 
        D408  1 0.0322 0.4505 0.0639 0.0244 0.1071 0.0251 0.2969 
        D409  1 0.0398 0.0511 0.1015 0.0488 0.2777 0.0651 0.4160 
        D410  1 0.0288 0.1508 0.1000 0.6305 0.0510 0.0165 0.0224 
        D421  1 0.0096 0.0144 0.8849 0.0143 0.0114 0.0481 0.0174 
        D422  1 0.0180 0.0163 0.0559 0.8063 0.0290 0.0368 0.0376 
        D423  1 0.0163 0.0961 0.0982 0.6774 0.0324 0.0608 0.0188 
        D424  1 0.0235 0.0416 0.7685 0.0715 0.0483 0.0216 0.0250 
        D425  1 0.0452 0.2248 0.5431 0.0375 0.0527 0.0365 0.0603 
        D426  1 0.0200 0.0225 0.1121 0.0360 0.2077 0.0458 0.5559 
        D427  1 0.0174 0.1478 0.2454 0.0239 0.0190 0.4992 0.0472 
        D428  1 0.0694 0.2279 0.4103 0.0784 0.0698 0.0844 0.0597 
        D429  1 0.0480 0.2559 0.3901 0.0518 0.1157 0.0734 0.0651 
        D430  1 0.0440 0.1572 0.0860 0.0408 0.4003 0.1079 0.1637 
        D491  1 0.0304 0.7249 0.0851 0.0275 0.0479 0.0207 0.0635 
        D492  1 0.0711 0.2224 0.2991 0.1379 0.1305 0.0951 0.0440 
        D537  1 0.0391 0.0239 0.8033 0.0475 0.0309 0.0367 0.0186 
        D538  1 0.0690 0.1445 0.0608 0.1765 0.3951 0.1014 0.0527 
        D539  1 0.1608 0.2153 0.0458 0.1287 0.1304 0.0726 0.2463 
        D540  1 0.0316 0.0630 0.3518 0.0903 0.2505 0.0444 0.1683 
        D541  1 0.0199 0.0155 0.8734 0.0219 0.0163 0.0327 0.0203 
        D551  1 0.0330 0.0436 0.1250 0.0481 0.1025 0.3689 0.2789 
        D552  1 0.0802 0.1796 0.2213 0.2880 0.0480 0.0323 0.1506 
        D553  1 0.0141 0.0200 0.9000 0.0153 0.0151 0.0130 0.0225 
        D615  1 0.0350 0.0973 0.4082 0.1100 0.1261 0.1108 0.1126 
        D616  1 0.0280 0.0867 0.2517 0.1972 0.0741 0.2567 0.1056 
        D621  1 0.2218 0.0829 0.0212 0.5798 0.0344 0.0291 0.0308 
        D622  1 0.0663 0.0354 0.0520 0.7218 0.0513 0.0267 0.0466 
        D623  1 0.2268 0.4164 0.0339 0.0364 0.0966 0.1404 0.0496 
        D624  1 0.0114 0.8608 0.0399 0.0231 0.0230 0.0150 0.0268 
        D625  1 0.0327 0.0837 0.6290 0.0974 0.0733 0.0282 0.0557 
        D626  1 0.0508 0.3927 0.1256 0.2056 0.0761 0.0509 0.0982 
        D627  1 0.0182 0.0250 0.0691 0.0299 0.3097 0.0242 0.5238 
        D690  1 0.0274 0.0773 0.7696 0.0612 0.0222 0.0130 0.0292 
        D691  1 0.0367 0.0398 0.1149 0.6862 0.0591 0.0279 0.0353 
        D710  1 0.1319 0.2115 0.2816 0.1451 0.0801 0.0627 0.0872 
        D711  1 0.0472 0.0437 0.7645 0.0441 0.0471 0.0296 0.0238 
        D712  1 0.0740 0.5035 0.0479 0.0572 0.0833 0.0428 0.1914 
        D713  1 0.1750 0.2989 0.2375 0.0744 0.1484 0.0248 0.0410 
        D746  1 0.0248 0.0243 0.0628 0.8011 0.0202 0.0420 0.0247 
        D747  1 0.0230 0.0243 0.8710 0.0150 0.0161 0.0254 0.0251 
        D748  1 0.0832 0.0452 0.4464 0.2160 0.1336 0.0224 0.0532 
        D749  1 0.1117 0.1754 0.0275 0.4764 0.0782 0.0818 0.0489 
        D750  1 0.0397 0.6152 0.1472 0.0837 0.0470 0.0236 0.0437 
        D763  1 0.2321 0.0235 0.1462 0.0713 0.0550 0.1261 0.3458 
        D764  1 0.0168 0.2106 0.5363 0.1090 0.0436 0.0187 0.0650 
        D765  1 0.0256 0.1999 0.0657 0.5306 0.1133 0.0181 0.0467 
        D766  1 0.1225 0.0518 0.2145 0.4768 0.0691 0.0346 0.0307 
        D767  1 0.3482 0.0364 0.1245 0.1189 0.2251 0.1162 0.0306 
        D768  1 0.0144 0.0122 0.9060 0.0185 0.0162 0.0161 0.0166 
        D811  1 0.0465 0.3664 0.0423 0.0546 0.3784 0.0332 0.0786 
        D816  1 0.0191 0.0315 0.8782 0.0196 0.0169 0.0166 0.0182 
        D825  1 0.0388 0.4081 0.1613 0.1515 0.1623 0.0242 0.0537 
        D866  1 0.0254 0.2619 0.0540 0.0557 0.0780 0.1426 0.3824 
        D867  1 0.0967 0.0262 0.0255 0.7204 0.0532 0.0524 0.0256 
        D871  1 0.0363 0.0371 0.0650 0.0196 0.3180 0.0221 0.5018 
        D872  1 0.0556 0.0561 0.3994 0.1997 0.1663 0.0898 0.0330 
        D873  1 0.0350 0.1330 0.0097 0.7407 0.0388 0.0292 0.0137 
        D874  1 0.6427 0.1082 0.0918 0.0187 0.0558 0.0231 0.0598 
        D875  1 0.0276 0.0228 0.0596 0.0866 0.4402 0.0187 0.3444 
        D876  1 0.0911 0.0829 0.6223 0.0686 0.0364 0.0194 0.0793 
        D877  1 0.1061 0.3616 0.0463 0.0148 0.4137 0.0332 0.0244 
        D892  1 0.0571 0.1457 0.4757 0.0974 0.1821 0.0162 0.0257 
        D893  1 0.0902 0.0225 0.6462 0.0535 0.0533 0.0446 0.0897 
        D894  1 0.0429 0.0851 0.5765 0.0591 0.0963 0.0518 0.0883 
        D915  1 0.0321 0.0599 0.6677 0.0949 0.0680 0.0318 0.0456 
        D916  1 0.0151 0.0237 0.8715 0.0339 0.0195 0.0170 0.0194 
        D917  1 0.0852 0.3563 0.1407 0.0450 0.0700 0.0925 0.2104 
        D925  1 0.0200 0.1868 0.1633 0.5463 0.0269 0.0201 0.0366 
        D926  1 0.0893 0.1243 0.5364 0.0647 0.1038 0.0340 0.0476 
        D927  1 0.0581 0.0756 0.3360 0.0421 0.1015 0.2891 0.0977 
        D928  1 0.0153 0.7855 0.0939 0.0142 0.0508 0.0194 0.0210 
        D929  1 0.6051 0.0477 0.0343 0.0465 0.2164 0.0218 0.0282 
        D936  1 0.1950 0.0477 0.5315 0.0332 0.0412 0.0718 0.0795 
        D938  1 0.0391 0.0272 0.0361 0.8340 0.0270 0.0153 0.0213 
        D956  1 0.0306 0.6308 0.0314 0.0317 0.2015 0.0334 0.0406 
        D957  1 0.0929 0.0775 0.2538 0.3642 0.1177 0.0611 0.0328 
        D958  1 0.0729 0.1250 0.3795 0.2499 0.0848 0.0372 0.0507 
        D959  1 0.0112 0.0257 0.6338 0.0554 0.0772 0.1672 0.0294 
        D960  1 0.0388 0.0495 0.0311 0.8017 0.0397 0.0209 0.0182 
        D989  1 0.0372 0.5325 0.0670 0.0383 0.0811 0.1002 0.1436 
        D990  1 0.0212 0.1610 0.0168 0.6596 0.0429 0.0338 0.0646 
        D023  2 0.0198 0.0255 0.0994 0.7627 0.0166 0.0470 0.0291 
        D130  2 0.0256 0.0153 0.1005 0.6796 0.1090 0.0443 0.0257 
        D131  2 0.0485 0.0301 0.3288 0.0682 0.2175 0.0583 0.2485 
        D163  2 0.0354 0.0422 0.1141 0.7283 0.0255 0.0159 0.0386 
        D164  2 0.0191 0.0431 0.0145 0.3677 0.0137 0.5268 0.0151 
        D165  2 0.0233 0.0267 0.0398 0.7690 0.0273 0.0652 0.0487 
        D166  2 0.1436 0.0261 0.0498 0.0552 0.6010 0.0537 0.0706 
        D167  2 0.0132 0.0409 0.0166 0.0149 0.0360 0.8621 0.0164 
        D192  2 0.0235 0.0203 0.0105 0.0152 0.0157 0.8942 0.0206 
        D193  2 0.1577 0.3681 0.0264 0.0453 0.3130 0.0483 0.0412 
        D206  2 0.0562 0.0287 0.2330 0.0860 0.0966 0.4621 0.0374 
        D207  2 0.0279 0.0266 0.0572 0.0264 0.1416 0.6541 0.0662 
        D208  2 0.1069 0.2577 0.0553 0.0625 0.0895 0.1044 0.3238 
        D209  2 0.1376 0.0354 0.0472 0.0757 0.0660 0.5933 0.0448 
        D210  2 0.0482 0.4284 0.0736 0.0391 0.0414 0.1473 0.2221 
     D229599  2 0.2443 0.0976 0.2371 0.1235 0.0773 0.0599 0.1602 
     D229600  2 0.0305 0.0267 0.0398 0.3766 0.0684 0.4208 0.0372 
     D237227  2 0.0337 0.5051 0.0440 0.1386 0.0600 0.0702 0.1483 
     D237228  2 0.0240 0.4638 0.0230 0.2584 0.0991 0.0791 0.0525 
     D237258  2 0.0727 0.1131 0.0884 0.1610 0.1109 0.2911 0.1628 
     D237310  2 0.0442 0.0942 0.0168 0.3005 0.4132 0.0879 0.0432 
     D237311  2 0.0305 0.0962 0.0224 0.4765 0.1475 0.1814 0.0454 
     D237312  2 0.1177 0.0942 0.0340 0.1655 0.5181 0.0340 0.0365 
     D237313  2 0.1075 0.1507 0.3572 0.1307 0.0912 0.0348 0.1279 
     D237322  2 0.1797 0.0960 0.0296 0.0534 0.1801 0.0681 0.3931 
     D237323  2 0.0411 0.2316 0.0150 0.4960 0.1407 0.0359 0.0398 
     D237324  2 0.0629 0.0212 0.0610 0.2396 0.0720 0.4458 0.0976 
     D237325  2 0.1377 0.1059 0.0563 0.3725 0.1793 0.1000 0.0483 
     D237326  2 0.0384 0.1748 0.0969 0.5831 0.0352 0.0316 0.0400 
     D237327  2 0.1488 0.0391 0.0660 0.0766 0.0956 0.2490 0.3250 
     D237337  2 0.0345 0.1873 0.0359 0.6001 0.0920 0.0217 0.0287 
     D237338  2 0.2351 0.1451 0.0712 0.2616 0.1057 0.0887 0.0927 
     D237339  2 0.6966 0.0219 0.0370 0.0261 0.0316 0.1446 0.0422 
     D237340  2 0.0643 0.2550 0.0304 0.2731 0.1489 0.1790 0.0493 
     D237389  2 0.0405 0.0619 0.0299 0.3918 0.2913 0.1588 0.0257 
     D237390  2 0.1304 0.1416 0.0697 0.2378 0.3224 0.0316 0.0664 
     D244017  2 0.0337 0.3649 0.0247 0.0349 0.2455 0.2540 0.0423 
     D244112  2 0.0154 0.0208 0.0136 0.0342 0.0498 0.8514 0.0147 
     D244118  2 0.0462 0.0275 0.0127 0.3009 0.0177 0.5676 0.0274 
     D244119  2 0.0128 0.6290 0.0234 0.0260 0.0266 0.2466 0.0355 
     D244120  2 0.0849 0.1144 0.0152 0.0359 0.2366 0.4392 0.0738 
     D244122  2 0.0408 0.0570 0.0302 0.0516 0.0693 0.7141 0.0370 
        D291  2 0.0217 0.0192 0.0673 0.0413 0.1080 0.0678 0.6747 
        D292  2 0.0646 0.1343 0.2302 0.0559 0.0422 0.3526 0.1201 
        D293  2 0.0863 0.0181 0.1002 0.0149 0.0309 0.7179 0.0317 
        D322  2 0.1529 0.0233 0.1158 0.0411 0.0489 0.5465 0.0715 
        D323  2 0.1574 0.1062 0.1170 0.0507 0.1762 0.2214 0.1711 
        D324  2 0.0258 0.0525 0.1306 0.0770 0.0676 0.0487 0.5978 
        D325  2 0.0239 0.0105 0.0277 0.0176 0.0254 0.8652 0.0297 
        D326  2 0.0171 0.0252 0.8835 0.0130 0.0199 0.0159 0.0252 
        D340  2 0.0179 0.0173 0.0187 0.0131 0.0150 0.8967 0.0212 
        D341  2 0.0387 0.0432 0.0549 0.0387 0.0584 0.7292 0.0369 
        D342  2 0.0323 0.0198 0.0219 0.1102 0.0872 0.6395 0.0890 
        D343  2 0.0141 0.0083 0.0167 0.0095 0.0120 0.9277 0.0117 
        D344  2 0.4768 0.0353 0.2115 0.0330 0.1427 0.0696 0.0309 
        D345  2 0.2750 0.0548 0.2100 0.2254 0.0473 0.0526 0.1350 
        D346  2 0.0450 0.5002 0.0659 0.0293 0.0803 0.0881 0.1913 
        D351  2 0.1060 0.0266 0.2506 0.0572 0.2329 0.0564 0.2703 
        D352  2 0.7375 0.0739 0.0330 0.0269 0.0570 0.0272 0.0445 
        D353  2 0.2397 0.0236 0.4479 0.0267 0.1641 0.0432 0.0547 
        D354  2 0.6993 0.0811 0.0901 0.0465 0.0345 0.0170 0.0316 
        D362  2 0.0204 0.0478 0.7628 0.0545 0.0405 0.0458 0.0282 
        D363  2 0.0263 0.0699 0.7633 0.0349 0.0328 0.0366 0.0362 
        D364  2 0.3893 0.0797 0.3867 0.0430 0.0404 0.0352 0.0257 
        D365  2 0.0170 0.0144 0.0256 0.0112 0.0140 0.8971 0.0207 
        D369  2 0.0265 0.1979 0.1886 0.0796 0.0923 0.2530 0.1621 
        D374  2 0.0358 0.6620 0.0175 0.0241 0.2250 0.0180 0.0175 
        D375  2 0.8649 0.0227 0.0228 0.0225 0.0371 0.0129 0.0172 
        D376  2 0.0781 0.6485 0.0167 0.0345 0.1716 0.0302 0.0204 
        D377  2 0.1349 0.1290 0.0578 0.1414 0.2989 0.0953 0.1426 
        D378  2 0.3260 0.0279 0.1783 0.0559 0.0350 0.2421 0.1348 
        D379  2 0.0483 0.0338 0.8104 0.0225 0.0277 0.0211 0.0362 
        D384  2 0.0147 0.0323 0.8895 0.0133 0.0132 0.0155 0.0216 
        D385  2 0.1307 0.0490 0.0207 0.0165 0.0370 0.7240 0.0221 
        D386  2 0.5645 0.0187 0.1818 0.0649 0.0575 0.0790 0.0335 
        D391  2 0.0818 0.0171 0.0338 0.0181 0.0234 0.8015 0.0242 
        D392  2 0.0286 0.0510 0.0560 0.0592 0.0572 0.7039 0.0442 
        D393  2 0.2006 0.0254 0.2779 0.0514 0.0407 0.1064 0.2977 
        D394  2 0.2422 0.0678 0.0944 0.2784 0.1235 0.1367 0.0570 
        D395  2 0.6206 0.0234 0.0183 0.0204 0.0518 0.2417 0.0239 
        D401  2 0.0159 0.1566 0.0267 0.6230 0.0896 0.0507 0.0375 
        D402  2 0.0402 0.0183 0.0212 0.0177 0.0280 0.8153 0.0594 
        D403  2 0.1637 0.0283 0.4560 0.1005 0.1423 0.0644 0.0448 
        D415  2 0.0332 0.0190 0.7464 0.0586 0.0861 0.0319 0.0249 
        D435  2 0.0611 0.0194 0.5444 0.0505 0.0267 0.2512 0.0466 
        D436  2 0.5325 0.0699 0.2037 0.0308 0.0969 0.0355 0.0306 
        D438  2 0.0161 0.0202 0.0140 0.0140 0.0176 0.8948 0.0232 
        D439  2 0.7084 0.0178 0.0674 0.0429 0.0446 0.0616 0.0573 
        D449  2 0.0172 0.0262 0.1001 0.0271 0.0255 0.7460 0.0578 
        D450  2 0.2135 0.2290 0.1362 0.0506 0.1593 0.0230 0.1885 
        D456  2 0.0168 0.0185 0.8758 0.0170 0.0184 0.0147 0.0387 
        D462  2 0.0741 0.0152 0.0329 0.0140 0.0177 0.8271 0.0190 
        D463  2 0.0187 0.0319 0.8829 0.0163 0.0185 0.0133 0.0183 
        D464  2 0.5124 0.0371 0.1246 0.0202 0.2043 0.0797 0.0218 
        D465  2 0.0265 0.0267 0.1750 0.0331 0.0681 0.6372 0.0332 
        D473  2 0.1532 0.4805 0.0401 0.1126 0.0769 0.0547 0.0819 
        D474  2 0.0373 0.0709 0.4863 0.0688 0.0307 0.1227 0.1834 
        D476  2 0.5112 0.0126 0.0284 0.3220 0.0266 0.0717 0.0275 
        D477  2 0.2599 0.0682 0.3256 0.0399 0.0475 0.0334 0.2255 
        D478  2 0.1339 0.2010 0.0592 0.1395 0.2393 0.0845 0.1426 
        D480  2 0.2627 0.0809 0.2518 0.0238 0.0595 0.0991 0.2223 
        D481  2 0.2439 0.1169 0.2140 0.1396 0.0788 0.1240 0.0828 
        D482  2 0.4908 0.0919 0.0277 0.0774 0.0832 0.0314 0.1978 
        D483  2 0.0204 0.0567 0.0174 0.0236 0.0214 0.8393 0.0214 
        D484  2 0.8564 0.0275 0.0111 0.0213 0.0443 0.0199 0.0195 
        D510  2 0.0521 0.6818 0.0257 0.0262 0.1055 0.0297 0.0791 
        D511  2 0.6678 0.0202 0.1014 0.0324 0.0353 0.0884 0.0545 
        D512  2 0.0415 0.0385 0.0319 0.2446 0.2885 0.3050 0.0501 
        D513  2 0.0282 0.0632 0.1012 0.0414 0.0553 0.6038 0.1068 
        D635  2 0.0221 0.0339 0.4042 0.2945 0.0632 0.0959 0.0862 
        D636  2 0.0180 0.0206 0.0255 0.8623 0.0289 0.0190 0.0257 
        D637  2 0.3940 0.0906 0.0364 0.0476 0.1679 0.1970 0.0665 
        D658  2 0.3130 0.1739 0.0255 0.0462 0.0546 0.3589 0.0279 
        D659  2 0.0496 0.0297 0.7333 0.0415 0.0286 0.0315 0.0858 
        D677  2 0.0764 0.0227 0.4324 0.1520 0.1306 0.1066 0.0791 
        D678  2 0.0302 0.0237 0.0264 0.0277 0.0680 0.7893 0.0347 
        D679  2 0.0535 0.0394 0.5249 0.0380 0.0537 0.0571 0.2335 
        D719  2 0.0377 0.3717 0.1636 0.0242 0.0231 0.2358 0.1439 
        D720  2 0.0197 0.0563 0.7729 0.0315 0.0310 0.0442 0.0445 
        D721  2 0.0505 0.0377 0.0689 0.6390 0.0334 0.0953 0.0753 
        D722  2 0.0509 0.5582 0.0307 0.0453 0.2101 0.0562 0.0485 
        D734  2 0.6560 0.1152 0.0294 0.0126 0.0382 0.0677 0.0811 
        D735  2 0.0972 0.1099 0.2718 0.0893 0.1014 0.0719 0.2585 
        D736  2 0.0452 0.3155 0.0625 0.0735 0.0412 0.0968 0.3654 
        D737  2 0.2688 0.0445 0.0240 0.0712 0.0345 0.5186 0.0385 
        D807  2 0.1032 0.2770 0.1985 0.0724 0.1056 0.0944 0.1490 
        D808  2 0.1140 0.0327 0.0802 0.1622 0.3341 0.1579 0.1189 
        D817  2 0.1126 0.0835 0.4890 0.0486 0.1051 0.0331 0.1280 
        D818  2 0.0687 0.0289 0.0955 0.0621 0.3047 0.2779 0.1622 
        D819  2 0.0535 0.0726 0.2550 0.1442 0.2416 0.0626 0.1705 
        D820  2 0.0840 0.0260 0.7644 0.0141 0.0273 0.0505 0.0337 
        D895  2 0.0817 0.0404 0.5440 0.1407 0.0353 0.0726 0.0854 
        D896  2 0.0250 0.1837 0.0243 0.6528 0.0673 0.0216 0.0253 
        D897  2 0.0493 0.0325 0.0308 0.0290 0.0829 0.6870 0.0886 
        D898  2 0.1357 0.1053 0.0768 0.0898 0.2782 0.0509 0.2633 
        D918  2 0.1242 0.0953 0.0544 0.1779 0.3295 0.1486 0.0700 
        D919  2 0.5045 0.0289 0.1492 0.0352 0.0732 0.1393 0.0697 
        D920  2 0.0457 0.0480 0.0304 0.7611 0.0532 0.0366 0.0250 
        D923  2 0.1159 0.0269 0.6881 0.0337 0.0471 0.0414 0.0469 
        D930  2 0.1580 0.1535 0.2293 0.0668 0.1741 0.0513 0.1669 
        D931  2 0.2660 0.0645 0.3169 0.0435 0.0742 0.1764 0.0586 
        D968  2 0.0245 0.0169 0.0216 0.0128 0.0203 0.8578 0.0462 
        D969  2 0.0436 0.0651 0.3007 0.0427 0.0752 0.2954 0.1772 
        D977  2 0.0361 0.0210 0.0302 0.0307 0.0563 0.7932 0.0324 
        D978  2 0.0292 0.0360 0.0350 0.0180 0.2021 0.1332 0.5465 
        D211  3 0.0802 0.0248 0.0821 0.3455 0.3472 0.0346 0.0858 
     D229639  3 0.0350 0.1442 0.1068 0.0452 0.0512 0.1178 0.4999 
     D237212  3 0.2318 0.0325 0.0925 0.0641 0.1183 0.1327 0.3280 
     D237213  3 0.1503 0.0308 0.1058 0.2580 0.2676 0.0492 0.1382 
     D237214  3 0.0311 0.0469 0.0542 0.5095 0.2496 0.0333 0.0755 
     D237215  3 0.0313 0.1983 0.0194 0.0304 0.0671 0.5668 0.0866 
     D237216  3 0.1092 0.0476 0.1003 0.1391 0.2726 0.0610 0.2701 
     D237217  3 0.0430 0.0178 0.1872 0.4082 0.1979 0.0594 0.0865 
     D237218  3 0.3269 0.0584 0.0778 0.0530 0.0774 0.0595 0.3470 
     D237219  3 0.0276 0.1501 0.0656 0.3456 0.1055 0.0559 0.2497 
     D237382  3 0.0594 0.1392 0.1214 0.0789 0.4842 0.0684 0.0484 
     D244127  3 0.0558 0.0554 0.0321 0.4606 0.1405 0.1417 0.1139 
     D244129  3 0.1151 0.0770 0.1335 0.1967 0.2086 0.1297 0.1394 
     D244133  3 0.0164 0.1697 0.1107 0.0779 0.1660 0.2507 0.2086 
     D244134  3 0.0354 0.2691 0.0360 0.0700 0.0265 0.0377 0.5252 
     D244135  3 0.0435 0.0201 0.0624 0.5997 0.0911 0.1340 0.0493 
     D244136  3 0.0347 0.2106 0.2209 0.0618 0.1153 0.1389 0.2179 
        D416  3 0.0671 0.0495 0.2178 0.1186 0.1074 0.2348 0.2049 
        D417  3 0.0396 0.0254 0.7893 0.0348 0.0658 0.0217 0.0233 
        D419  3 0.0623 0.1088 0.1749 0.2047 0.0782 0.1400 0.2312 
        D565  3 0.0149 0.7520 0.0460 0.0220 0.0233 0.0169 0.1250 
        D566  3 0.0197 0.3546 0.0631 0.0406 0.0549 0.0768 0.3903 
        D567  3 0.0660 0.0344 0.6286 0.1154 0.0439 0.0773 0.0343 
        D568  3 0.2285 0.0208 0.2672 0.2048 0.0703 0.1621 0.0463 
        D569  3 0.6067 0.0479 0.0221 0.0574 0.0843 0.1217 0.0599 
        D573  3 0.0442 0.0251 0.1569 0.0290 0.0418 0.4220 0.2810 
        D574  3 0.0591 0.3610 0.0421 0.0798 0.1851 0.0764 0.1965 
        D575  3 0.0444 0.1592 0.1024 0.1834 0.0600 0.1044 0.3463 
        D576  3 0.0293 0.0616 0.0095 0.0298 0.1046 0.6133 0.1520 
        D577  3 0.0771 0.0350 0.5627 0.0612 0.0990 0.0416 0.1235 
        D578  3 0.0207 0.0169 0.0186 0.6057 0.2236 0.0632 0.0513 
        D579  3 0.1218 0.1685 0.1667 0.0635 0.0709 0.0973 0.3114 
        D660  3 0.0496 0.0193 0.0213 0.0770 0.1132 0.6685 0.0510 
        D661  3 0.1801 0.0253 0.0369 0.0492 0.0529 0.2909 0.3646 
        D663  3 0.0654 0.0286 0.0695 0.0200 0.1335 0.1270 0.5559 
        D664  3 0.0501 0.1070 0.0265 0.2805 0.1980 0.2396 0.0983 
        D665  3 0.0980 0.0161 0.0197 0.1066 0.5932 0.0452 0.1213 
        D666  3 0.0701 0.2264 0.1447 0.1939 0.1010 0.0508 0.2132 
        D009  4 0.2680 0.0378 0.1412 0.2854 0.1879 0.0295 0.0502 
        D057  4 0.5881 0.0255 0.0357 0.1757 0.0232 0.1235 0.0284 
        D109  4 0.0441 0.1378 0.0461 0.4854 0.2005 0.0289 0.0573 
     D237222  4 0.0573 0.1153 0.0586 0.5774 0.1064 0.0538 0.0313 
     D237223  4 0.1025 0.1398 0.0674 0.2631 0.2643 0.1056 0.0574 
     D237224  4 0.3025 0.0388 0.1593 0.0614 0.0584 0.1910 0.1886 
     D237225  4 0.1486 0.0632 0.2054 0.1508 0.2075 0.0503 0.1742 
     D237299  4 0.0252 0.0345 0.0189 0.0497 0.6057 0.0281 0.2379 
     D237300  4 0.0349 0.0414 0.0219 0.0252 0.0364 0.0693 0.7710 
     D237306  4 0.0535 0.6227 0.0812 0.0576 0.1188 0.0278 0.0383 
     D237307  4 0.0248 0.1946 0.4433 0.0420 0.1060 0.0858 0.1034 
     D237308  4 0.1973 0.0889 0.0604 0.1096 0.0337 0.4549 0.0552 
     D237309  4 0.1645 0.0389 0.3002 0.2317 0.1305 0.0738 0.0604 
     D237317  4 0.0649 0.5638 0.1671 0.0538 0.0577 0.0250 0.0676 
     D237318  4 0.0149 0.0249 0.0287 0.0159 0.0529 0.1012 0.7615 
     D237319  4 0.0593 0.0530 0.1464 0.2006 0.3675 0.1048 0.0684 
     D237320  4 0.0490 0.0580 0.1442 0.2571 0.1744 0.1428 0.1745 
     D237321  4 0.0350 0.0509 0.0516 0.0454 0.0468 0.1203 0.6500 
     D237397  4 0.0463 0.3154 0.0850 0.1379 0.1275 0.1635 0.1243 
     D237398  4 0.0379 0.0163 0.0864 0.0216 0.0654 0.0331 0.7392 
     D237399  4 0.0888 0.1647 0.1345 0.0851 0.1107 0.0555 0.3606 
     D244001  4 0.1495 0.0457 0.0480 0.4443 0.0612 0.2269 0.0243 
        D289  4 0.2928 0.2365 0.0927 0.0442 0.0632 0.1536 0.1170 
        D290  4 0.0557 0.0311 0.0803 0.0382 0.6958 0.0484 0.0505 
        D294  4 0.4029 0.0406 0.1217 0.0293 0.1840 0.0619 0.1594 
        D295  4 0.1076 0.0739 0.4651 0.1076 0.1325 0.0456 0.0678 
        D301  4 0.0505 0.0513 0.0262 0.6894 0.0734 0.0389 0.0702 
        D302  4 0.7702 0.0193 0.1078 0.0182 0.0433 0.0186 0.0227 
        D303  4 0.0994 0.6091 0.0361 0.0660 0.0618 0.0779 0.0497 
        D304  4 0.0523 0.0641 0.0713 0.0346 0.4470 0.0481 0.2826 
        D305  4 0.7275 0.0156 0.0216 0.0436 0.0612 0.0982 0.0322 
        D306  4 0.0285 0.0339 0.0528 0.0374 0.7867 0.0289 0.0317 
        D307  4 0.0538 0.0494 0.0180 0.7684 0.0305 0.0263 0.0535 
        D327  4 0.0455 0.0779 0.6590 0.0220 0.0721 0.0666 0.0569 
        D328  4 0.5121 0.2026 0.0299 0.0503 0.1354 0.0341 0.0357 
        D329  4 0.3336 0.0486 0.1061 0.1054 0.0858 0.2389 0.0816 
        D330  4 0.1271 0.0267 0.3988 0.1164 0.2126 0.0911 0.0272 
        D331  4 0.0643 0.1262 0.2060 0.0830 0.2717 0.0575 0.1912 
        D333  4 0.3814 0.1470 0.0675 0.0846 0.1178 0.1190 0.0826 
        D334  4 0.1095 0.4358 0.1073 0.0826 0.1166 0.0278 0.1204 
        D335  4 0.4273 0.0440 0.3797 0.0281 0.0407 0.0523 0.0277 
        D370  4 0.1698 0.2581 0.0742 0.1617 0.2335 0.0555 0.0471 
        D371  4 0.0258 0.7247 0.0961 0.0159 0.0614 0.0429 0.0332 
        D372  4 0.0244 0.0334 0.0138 0.0185 0.1171 0.0903 0.7026 
        D373  4 0.0941 0.0275 0.0314 0.6603 0.0354 0.0769 0.0744 
        D455  4 0.1300 0.0247 0.0407 0.6893 0.0437 0.0365 0.0351 
        D490  4 0.0461 0.0207 0.0287 0.8321 0.0390 0.0136 0.0199 
        D497  4 0.0841 0.0224 0.0225 0.7351 0.0647 0.0224 0.0487 
        D498  4 0.0446 0.1809 0.0861 0.0934 0.3862 0.0740 0.1346 
        D499  4 0.2072 0.1119 0.0245 0.0338 0.1699 0.2541 0.1985 
        D514  4 0.1482 0.0255 0.4010 0.0515 0.2030 0.0475 0.1232 
        D515  4 0.0779 0.0333 0.0710 0.1979 0.5423 0.0332 0.0444 
        D516  4 0.0372 0.1073 0.2927 0.2130 0.1447 0.1238 0.0813 
        D517  4 0.0629 0.0296 0.0934 0.6214 0.0462 0.0846 0.0618 
        D518  4 0.6900 0.0514 0.0448 0.1198 0.0340 0.0418 0.0182 
        D519  4 0.0438 0.0490 0.0848 0.2903 0.3700 0.0712 0.0910 
        D560  4 0.1290 0.0270 0.1239 0.1568 0.3337 0.1347 0.0949 
        D561  4 0.1325 0.0162 0.0902 0.0848 0.3839 0.1022 0.1902 
        D562  4 0.2622 0.0735 0.0437 0.1206 0.2825 0.0871 0.1303 
        D563  4 0.2416 0.0232 0.0382 0.0471 0.1071 0.4548 0.0881 
        D572  4 0.7792 0.0200 0.0654 0.0255 0.0509 0.0361 0.0229 
        D629  4 0.1191 0.0348 0.2614 0.1741 0.0996 0.0387 0.2724 
        D630  4 0.2315 0.0750 0.1308 0.1131 0.2672 0.0468 0.1355 
        D631  4 0.8113 0.0186 0.0241 0.0230 0.0309 0.0578 0.0343 
        D632  4 0.1723 0.0280 0.0593 0.5159 0.0296 0.1662 0.0287 
        D646  4 0.0655 0.0500 0.4068 0.2169 0.1273 0.0863 0.0472 
        D647  4 0.1091 0.0191 0.5543 0.1017 0.0998 0.0752 0.0408 
        D648  4 0.6237 0.0996 0.0194 0.0257 0.1899 0.0251 0.0166 
        D649  4 0.1849 0.0326 0.4200 0.2177 0.0578 0.0286 0.0584 
        D650  4 0.1682 0.1412 0.2441 0.1107 0.1629 0.0391 0.1338 
        D708  4 0.3235 0.2517 0.0596 0.0596 0.1172 0.0368 0.1516 
        D709  4 0.0702 0.0679 0.0597 0.0771 0.6162 0.0443 0.0646 
        D738  4 0.0288 0.6226 0.1265 0.1145 0.0489 0.0205 0.0382 
        D739  4 0.2288 0.0478 0.0376 0.1809 0.3787 0.0378 0.0884 
        D740  4 0.1390 0.1674 0.0248 0.1714 0.1410 0.0848 0.2716 
        D741  4 0.0484 0.0273 0.2111 0.1090 0.3425 0.2006 0.0611 
        D742  4 0.1399 0.1152 0.0383 0.0609 0.1564 0.3365 0.1527 
        D743  4 0.3703 0.0261 0.4206 0.0256 0.0436 0.0579 0.0559 
        D744  4 0.7555 0.0197 0.0487 0.0265 0.0408 0.0484 0.0604 
        D745  4 0.0553 0.0277 0.0442 0.3882 0.3892 0.0432 0.0522 
        D814  4 0.1400 0.0242 0.0756 0.0735 0.1947 0.3943 0.0978 
        D815  4 0.4665 0.0505 0.1888 0.0416 0.1453 0.0515 0.0558 
        D828  4 0.1913 0.2156 0.0169 0.0294 0.3928 0.0833 0.0708 
        D845  4 0.0272 0.0599 0.0258 0.0134 0.0191 0.0721 0.7824 
        D846  4 0.4993 0.0131 0.1775 0.0516 0.0784 0.1476 0.0325 
        D847  4 0.0945 0.0874 0.1238 0.1321 0.3056 0.0611 0.1954 
        D848  4 0.0714 0.0245 0.0177 0.5889 0.0327 0.1367 0.1282 
        D849  4 0.1305 0.0248 0.0792 0.2713 0.4241 0.0390 0.0312 
        D850  4 0.0591 0.0664 0.2350 0.1036 0.1301 0.0773 0.3285 
        D856  4 0.1072 0.0540 0.0624 0.1142 0.5087 0.0458 0.1076 
        D857  4 0.0333 0.1190 0.0115 0.6143 0.1084 0.0952 0.0182 
        D859  4 0.6795 0.0322 0.1042 0.0304 0.0587 0.0463 0.0487 
        D860  4 0.0936 0.4777 0.1043 0.0337 0.0296 0.1196 0.1415 
        D883  4 0.1276 0.1343 0.2869 0.1932 0.0943 0.0553 0.1084 
        D884  4 0.1649 0.2031 0.1614 0.1426 0.2616 0.0255 0.0408 
        D885  4 0.1508 0.0401 0.1625 0.0645 0.1459 0.1440 0.2920 
        D886  4 0.1331 0.0457 0.1929 0.2173 0.2710 0.0914 0.0487 
        D887  4 0.2200 0.0817 0.1202 0.0922 0.1260 0.1833 0.1764 
        D889  4 0.0642 0.0258 0.0401 0.0166 0.2039 0.0188 0.6306 
        D890  4 0.2346 0.2074 0.0728 0.1501 0.1576 0.1052 0.0723 
        D891  4 0.0117 0.0111 0.0154 0.0107 0.0137 0.0236 0.9137 
        D899  4 0.1066 0.0933 0.0370 0.0349 0.0522 0.5320 0.1440 
        D900  4 0.1620 0.0829 0.1601 0.0965 0.2863 0.1287 0.0834 
        D970  4 0.5004 0.0492 0.1256 0.0617 0.0799 0.0677 0.1155 
        D971  4 0.1349 0.0866 0.1134 0.0538 0.0782 0.4827 0.0503 
        D979  4 0.3138 0.0539 0.4962 0.0206 0.0319 0.0395 0.0440 
        D093  5 0.0376 0.7212 0.0454 0.0420 0.0544 0.0315 0.0680 
        D154  5 0.0624 0.0590 0.0356 0.0378 0.2897 0.2654 0.2500 
        D168  5 0.0653 0.0301 0.1033 0.1431 0.1626 0.3489 0.1468 
        D189  5 0.0487 0.3527 0.0496 0.0316 0.2683 0.0632 0.1859 
        D190  5 0.0748 0.7082 0.0415 0.0221 0.0440 0.0277 0.0817 
     D237220  5 0.1715 0.0935 0.0373 0.2547 0.1843 0.0341 0.2247 
     D237221  5 0.0748 0.2631 0.0695 0.0464 0.0633 0.1068 0.3761 
     D237274  5 0.1148 0.0233 0.6709 0.0356 0.0654 0.0570 0.0330 
     D237275  5 0.0227 0.0469 0.0189 0.0275 0.1755 0.6137 0.0946 
     D237276  5 0.1151 0.1966 0.1948 0.1608 0.2173 0.0602 0.0553 
     D237277  5 0.0883 0.3886 0.0294 0.0236 0.0421 0.0833 0.3448 
     D237278  5 0.1036 0.2560 0.0474 0.1029 0.0977 0.3506 0.0419 
     D237279  5 0.0849 0.0376 0.0406 0.3687 0.1285 0.0663 0.2734 
     D237280  5 0.0768 0.1067 0.1672 0.5130 0.0585 0.0287 0.0492 
     D237281  5 0.0445 0.0307 0.0496 0.0248 0.0388 0.5099 0.3017 
     D237351  5 0.0262 0.2175 0.0315 0.5612 0.0601 0.0342 0.0693 
     D237352  5 0.2172 0.0652 0.1267 0.3548 0.0646 0.1149 0.0566 
     D237353  5 0.0478 0.6698 0.0200 0.0246 0.0217 0.0206 0.1956 
     D237359  5 0.1309 0.0548 0.0453 0.1468 0.2164 0.0425 0.3634 
     D237361  5 0.0225 0.8017 0.0252 0.0288 0.0254 0.0182 0.0782 
     D237362  5 0.0698 0.1739 0.2632 0.0718 0.0690 0.0894 0.2629 
     D237363  5 0.0347 0.0744 0.0696 0.0473 0.2785 0.2957 0.1997 
     D237364  5 0.2397 0.0206 0.1477 0.1051 0.2162 0.1639 0.1067 
     D237376  5 0.2295 0.3055 0.0167 0.0266 0.3583 0.0309 0.0324 
     D237377  5 0.0362 0.2183 0.1972 0.2985 0.0511 0.1250 0.0737 
     D237378  5 0.2192 0.4270 0.0259 0.0343 0.1084 0.1040 0.0812 
     D237379  5 0.3204 0.2776 0.0415 0.0320 0.2031 0.0505 0.0750 
     D237380  5 0.1490 0.1018 0.0256 0.5687 0.1158 0.0216 0.0174 
     D237381  5 0.1238 0.1149 0.0555 0.4720 0.0918 0.0888 0.0532 
     D237391  5 0.0287 0.5597 0.0539 0.0357 0.0285 0.0205 0.2729 
     D237392  5 0.0632 0.0384 0.3990 0.0542 0.0806 0.3043 0.0604 
     D237393  5 0.0470 0.2721 0.3646 0.1036 0.0517 0.0946 0.0664 
     D237394  5 0.0258 0.7946 0.0249 0.0275 0.0211 0.0136 0.0925 
     D237395  5 0.0310 0.2491 0.0404 0.0932 0.2246 0.0981 0.2635 
     D237396  5 0.0339 0.1843 0.3231 0.1284 0.0340 0.1780 0.1182 
     D244016  5 0.1645 0.1646 0.0241 0.0251 0.0752 0.0576 0.4888 
     D244018  5 0.0409 0.2088 0.0787 0.0946 0.0475 0.3997 0.1298 
     D244019  5 0.0795 0.0719 0.1974 0.0282 0.1528 0.1430 0.3272 
        D279  5 0.1702 0.0787 0.0436 0.0595 0.0972 0.1047 0.4461 
        D280  5 0.0404 0.1831 0.1198 0.0688 0.1267 0.0596 0.4016 
        D281  5 0.0377 0.0620 0.0311 0.0176 0.1360 0.1425 0.5730 
        D283  5 0.0491 0.4244 0.1697 0.0278 0.0349 0.0382 0.2559 
        D284  5 0.0474 0.0348 0.0694 0.1549 0.5071 0.0808 0.1055 
        D285  5 0.0731 0.2455 0.0706 0.0404 0.0627 0.0309 0.4768 
        D286  5 0.2222 0.1917 0.1178 0.0718 0.2376 0.0377 0.1213 
        D287  5 0.2520 0.2080 0.0200 0.0498 0.3871 0.0310 0.0521 
        D288  5 0.0321 0.1116 0.2046 0.0280 0.0414 0.0468 0.5354 
        D308  5 0.0225 0.1522 0.0909 0.6464 0.0319 0.0263 0.0298 
        D309  5 0.8317 0.0214 0.0380 0.0377 0.0263 0.0218 0.0231 
        D310  5 0.0283 0.8065 0.0168 0.0170 0.0490 0.0158 0.0667 
        D311  5 0.2072 0.1470 0.2566 0.0422 0.1912 0.0548 0.1011 
        D312  5 0.2102 0.2155 0.1393 0.0626 0.1429 0.0635 0.1661 
        D313  5 0.0121 0.1180 0.0165 0.8061 0.0202 0.0140 0.0131 
        D314  5 0.1657 0.1349 0.0422 0.0778 0.2581 0.1380 0.1832 
        D315  5 0.0651 0.3359 0.2196 0.0956 0.1121 0.0855 0.0863 
        D317  5 0.0192 0.7888 0.0633 0.0249 0.0468 0.0247 0.0324 
        D318  5 0.1509 0.0834 0.1030 0.0808 0.2646 0.1618 0.1555 
        D319  5 0.0197 0.8457 0.0322 0.0186 0.0291 0.0280 0.0268 
        D320  5 0.0869 0.6277 0.0355 0.0448 0.0606 0.0215 0.1229 
        D321  5 0.0212 0.2111 0.0730 0.4503 0.0259 0.0167 0.2017 
        D336  5 0.0453 0.6324 0.0288 0.0153 0.2384 0.0213 0.0184 
        D337  5 0.0244 0.8365 0.0266 0.0128 0.0261 0.0218 0.0518 
        D338  5 0.0812 0.1660 0.2030 0.0658 0.2664 0.0844 0.1332 
        D339  5 0.0297 0.6641 0.0456 0.0400 0.0579 0.0549 0.1078 
        D347  5 0.1067 0.1875 0.1930 0.0293 0.3067 0.1248 0.0519 
        D348  5 0.0907 0.7629 0.0263 0.0189 0.0469 0.0229 0.0313 
        D349  5 0.0262 0.2209 0.0218 0.6336 0.0212 0.0234 0.0530 
        D350  5 0.8705 0.0210 0.0232 0.0174 0.0235 0.0234 0.0210 
        D355  5 0.0856 0.0380 0.1707 0.0191 0.1480 0.2041 0.3345 
        D356  5 0.0692 0.2328 0.2572 0.1198 0.1126 0.0363 0.1720 
        D357  5 0.0917 0.1850 0.0585 0.0509 0.4353 0.0434 0.1353 
        D358  5 0.1358 0.4716 0.0520 0.0878 0.0889 0.0761 0.0878 
        D359  5 0.0623 0.5385 0.2384 0.0234 0.0306 0.0197 0.0871 
        D360  5 0.0594 0.4015 0.1161 0.1145 0.1267 0.0269 0.1549 
        D361  5 0.0170 0.1987 0.0322 0.6762 0.0284 0.0252 0.0224 
        D366  5 0.0161 0.0213 0.4422 0.0241 0.0190 0.4484 0.0289 
        D367  5 0.1138 0.6465 0.0277 0.0483 0.1032 0.0211 0.0394 
        D368  5 0.0749 0.3644 0.1193 0.1467 0.1660 0.0311 0.0976 
        D380  5 0.4172 0.0465 0.0832 0.0713 0.0927 0.0978 0.1913 
        D381  5 0.0543 0.6475 0.0528 0.0283 0.0367 0.0403 0.1401 
        D400  5 0.1932 0.2630 0.1096 0.0402 0.1617 0.1253 0.1070 
        D411  5 0.0261 0.0150 0.0227 0.6875 0.1588 0.0685 0.0215 
        D412  5 0.0948 0.1693 0.1241 0.1243 0.1803 0.2150 0.0922 
        D413  5 0.0537 0.0326 0.0668 0.0488 0.0637 0.6396 0.0948 
        D414  5 0.7149 0.0206 0.0279 0.0206 0.0653 0.0991 0.0517 
        D420  5 0.0228 0.0347 0.0273 0.0783 0.2791 0.0268 0.5309 
        D431  5 0.2649 0.0638 0.0195 0.0712 0.3027 0.0646 0.2133 
        D432  5 0.0696 0.4086 0.0927 0.1507 0.0430 0.1187 0.1167 
        D433  5 0.0320 0.6842 0.0597 0.0414 0.0435 0.0538 0.0853 
        D434  5 0.0540 0.5085 0.1202 0.0767 0.0650 0.0377 0.1379 
        D440  5 0.8551 0.0261 0.0219 0.0257 0.0357 0.0158 0.0199 
        D447  5 0.1252 0.0357 0.3324 0.0790 0.1697 0.1478 0.1100 
        D448  5 0.0553 0.5318 0.0551 0.0209 0.2489 0.0498 0.0383 
        D459  5 0.0784 0.0440 0.1197 0.0189 0.0586 0.4551 0.2253 
        D460  5 0.0295 0.2326 0.0695 0.5801 0.0236 0.0283 0.0366 
        D461  5 0.8142 0.0239 0.0751 0.0190 0.0244 0.0172 0.0262 
        D468  5 0.0365 0.1866 0.2087 0.0674 0.3152 0.1165 0.0690 
        D469  5 0.0915 0.0889 0.5193 0.0819 0.1135 0.0357 0.0692 
        D470  5 0.1187 0.1095 0.0987 0.1779 0.3868 0.0555 0.0528 
        D471  5 0.0495 0.5440 0.0697 0.0167 0.1717 0.0467 0.1016 
        D472  5 0.0196 0.0168 0.6717 0.0224 0.0202 0.1288 0.1205 
        D479  5 0.1027 0.0254 0.0291 0.0237 0.0495 0.7424 0.0271 
        D485  5 0.3771 0.0826 0.0369 0.0426 0.3566 0.0621 0.0420 
        D486  5 0.0563 0.1023 0.1254 0.0804 0.5164 0.0732 0.0459 
        D487  5 0.3033 0.2414 0.0366 0.0407 0.0666 0.1171 0.1944 
        D555  5 0.0253 0.7614 0.0270 0.0270 0.0508 0.0538 0.0547 
        D556  5 0.2841 0.0980 0.0302 0.0630 0.0777 0.0361 0.4110 
        D557  5 0.0484 0.7575 0.0295 0.0190 0.0276 0.0422 0.0759 
        D564  5 0.3747 0.3226 0.0375 0.0911 0.0840 0.0478 0.0425 
        D594  5 0.0959 0.1874 0.1977 0.0487 0.2394 0.1794 0.0514 
        D595  5 0.0725 0.3403 0.1783 0.0656 0.1122 0.1344 0.0966 
        D596  5 0.0189 0.7831 0.0220 0.0225 0.0665 0.0447 0.0423 
        D597  5 0.0992 0.2251 0.1255 0.0333 0.0346 0.2089 0.2734 
        D598  5 0.1163 0.3750 0.0848 0.1641 0.0817 0.0875 0.0906 
        D617  5 0.0315 0.0214 0.0292 0.4340 0.1344 0.2925 0.0570 
        D618  5 0.0829 0.3762 0.0737 0.0538 0.0430 0.0637 0.3067 
        D619  5 0.0383 0.2877 0.1634 0.2774 0.0859 0.0952 0.0521 
        D620  5 0.0236 0.0426 0.0563 0.0236 0.0179 0.8033 0.0328 
        D628  5 0.6601 0.0497 0.0386 0.0954 0.0871 0.0458 0.0232 
        D714  5 0.2986 0.1464 0.0168 0.0287 0.0924 0.0537 0.3633 
        D715  5 0.0512 0.4985 0.0761 0.0191 0.0319 0.0425 0.2807 
        D716  5 0.1620 0.0970 0.1090 0.0278 0.3597 0.1126 0.1319 
        D717  5 0.1161 0.1518 0.2506 0.1098 0.0808 0.0512 0.2396 
        D718  5 0.0363 0.0988 0.0256 0.0467 0.7177 0.0386 0.0365 
        D769  5 0.0822 0.0300 0.0484 0.4292 0.1663 0.1981 0.0460 
        D770  5 0.3008 0.1462 0.0456 0.0430 0.1261 0.2719 0.0663 
        D771  5 0.1009 0.1083 0.0618 0.1078 0.1966 0.3046 0.1200 
        D772  5 0.5238 0.1322 0.0448 0.0339 0.0823 0.0300 0.1530 
        D782  5 0.0337 0.0471 0.0472 0.1714 0.1180 0.1778 0.4049 
        D783  5 0.4349 0.0967 0.0236 0.0358 0.0865 0.1899 0.1326 
        D784  5 0.2461 0.0572 0.2218 0.0444 0.0394 0.0395 0.3517 
        D785  5 0.1358 0.5078 0.0509 0.0641 0.0755 0.0285 0.1372 
        D786  5 0.1365 0.0277 0.1831 0.3967 0.1109 0.1179 0.0272 
        D821  5 0.0306 0.7828 0.0159 0.0133 0.0245 0.0136 0.1193 
        D822  5 0.1195 0.1547 0.2923 0.0347 0.1457 0.1106 0.1426 
        D826  5 0.0762 0.3769 0.0660 0.0389 0.0895 0.1413 0.2113 
        D827  5 0.0995 0.0479 0.4446 0.0544 0.1673 0.0811 0.1053 
        D851  5 0.1103 0.2346 0.0743 0.0978 0.2019 0.0749 0.2064 
        D852  5 0.5085 0.1381 0.0221 0.0541 0.0333 0.0681 0.1758 
        D853  5 0.0664 0.2286 0.0802 0.0486 0.2145 0.0525 0.3092 
        D854  5 0.0743 0.0272 0.1600 0.0481 0.3665 0.1654 0.1586 
        D861  5 0.0711 0.1784 0.0798 0.0721 0.1925 0.2303 0.1758 
        D862  5 0.0754 0.3063 0.3177 0.0368 0.1183 0.0319 0.1136 
        D865  5 0.0475 0.6672 0.0325 0.0484 0.0603 0.0614 0.0826 
        D868  5 0.0397 0.0674 0.7315 0.0357 0.0385 0.0299 0.0574 
        D869  5 0.0154 0.0437 0.0571 0.6948 0.0665 0.0808 0.0418 
        D870  5 0.0440 0.0138 0.0587 0.0464 0.3100 0.0712 0.4559 
        D907  5 0.0273 0.7375 0.0319 0.0468 0.0781 0.0383 0.0401 
        D908  5 0.3420 0.1847 0.0187 0.0600 0.0395 0.1626 0.1926 
        D910  5 0.0703 0.4008 0.0982 0.0267 0.0941 0.1781 0.1318 
        D911  5 0.0430 0.0435 0.1167 0.0220 0.1188 0.1432 0.5127 
        D934  5 0.2965 0.0448 0.0469 0.0296 0.0874 0.1361 0.3587 
        D946  5 0.5638 0.0514 0.0199 0.0608 0.1270 0.0692 0.1079 
        D947  5 0.2529 0.0292 0.1172 0.0495 0.1726 0.0364 0.3422 
        D948  5 0.0167 0.2564 0.0411 0.6026 0.0145 0.0159 0.0528 
        D949  5 0.0187 0.2322 0.0514 0.6145 0.0276 0.0166 0.0391 
        D950  5 0.0414 0.0447 0.1008 0.0176 0.0663 0.1803 0.5490 
        D951  5 0.0694 0.0466 0.3126 0.0617 0.3344 0.1383 0.0371 
        D952  5 0.0550 0.0974 0.7007 0.0260 0.0409 0.0253 0.0546 
        D953  5 0.0425 0.5241 0.1370 0.0631 0.0575 0.0428 0.1331 
        D954  5 0.0410 0.3358 0.3708 0.0408 0.0579 0.0418 0.1118 
        D961  5 0.2563 0.1376 0.0219 0.0434 0.4567 0.0412 0.0429 
        D962  5 0.3229 0.4191 0.0593 0.0276 0.1060 0.0158 0.0493 
        D963  5 0.1828 0.1968 0.2958 0.0290 0.0928 0.0618 0.1409 
        D964  5 0.1918 0.0469 0.0397 0.0896 0.2755 0.0902 0.2664 
        D965  5 0.5694 0.0623 0.0369 0.0506 0.1552 0.0796 0.0459 
        D966  5 0.2476 0.1973 0.1705 0.0345 0.0684 0.1013 0.1804 
        D967  5 0.0517 0.1420 0.0272 0.0927 0.0571 0.1417 0.4876 
        D991  5 0.4906 0.1023 0.0909 0.1530 0.1002 0.0313 0.0316 
        D502  6 0.0860 0.0158 0.0210 0.0418 0.5673 0.1430 0.1250 
        D503  6 0.0397 0.0804 0.0262 0.2270 0.1005 0.2205 0.3056 
        D504  6 0.1970 0.1213 0.2897 0.0786 0.0782 0.0598 0.1754 
        D505  6 0.1151 0.2881 0.0807 0.0888 0.0951 0.1767 0.1555 
        D506  6 0.0161 0.8512 0.0255 0.0239 0.0337 0.0188 0.0310 
        D507  6 0.5244 0.0427 0.0467 0.0870 0.0905 0.0728 0.1360 
        D508  6 0.1643 0.0364 0.1978 0.0407 0.2166 0.0591 0.2851 
        D529  6 0.0628 0.1208 0.1369 0.1917 0.2560 0.0557 0.1761 
        D530  6 0.0948 0.2321 0.0213 0.0828 0.4172 0.1035 0.0483 
        D531  6 0.1261 0.1088 0.2294 0.0452 0.2918 0.0582 0.1405 
        D532  6 0.0696 0.2989 0.2003 0.0269 0.2319 0.1059 0.0665 
        D534  6 0.0555 0.0235 0.0418 0.7172 0.0570 0.0495 0.0556 
        D535  6 0.0529 0.4477 0.1571 0.1087 0.1005 0.0506 0.0826 
        D536  6 0.0290 0.0235 0.0251 0.0589 0.0618 0.7575 0.0443 
        D554  6 0.1526 0.2660 0.0466 0.0859 0.3411 0.0564 0.0514 
        D587  6 0.0393 0.6230 0.1036 0.0461 0.0433 0.0352 0.1094 
        D588  6 0.0339 0.5437 0.1308 0.0571 0.0666 0.0765 0.0913 
        D589  6 0.0653 0.1402 0.0448 0.0586 0.1559 0.2456 0.2895 
        D590  6 0.0250 0.0581 0.0442 0.0309 0.0367 0.7736 0.0315 
        D591  6 0.0264 0.0556 0.0468 0.0423 0.0437 0.0250 0.7602 
        D592  6 0.0238 0.0493 0.0411 0.7746 0.0280 0.0437 0.0395 
        D593  6 0.1652 0.1903 0.0194 0.0313 0.5018 0.0399 0.0521 
        D682  6 0.0250 0.7910 0.0349 0.0307 0.0369 0.0232 0.0582 
        D683  6 0.0324 0.2276 0.4164 0.0444 0.0781 0.0239 0.1772 
        D684  6 0.0734 0.0192 0.0441 0.2342 0.2137 0.0852 0.3301 
        D685  6 0.0515 0.0365 0.0168 0.0509 0.3570 0.0438 0.4435 
        D686  6 0.0322 0.4885 0.0429 0.0324 0.3313 0.0449 0.0279 
        D724  6 0.2608 0.0223 0.1833 0.0782 0.2620 0.0840 0.1093 
        D725  6 0.2323 0.0859 0.0435 0.0678 0.2038 0.1549 0.2118 
        D726  6 0.0360 0.8075 0.0255 0.0237 0.0360 0.0195 0.0519 
        D727  6 0.0234 0.0976 0.1629 0.0388 0.0664 0.5546 0.0564 
        D728  6 0.1116 0.5213 0.0550 0.0582 0.1427 0.0385 0.0727 
        D729  6 0.0135 0.0374 0.2313 0.2090 0.0418 0.4333 0.0336 
        D730  6 0.3056 0.0286 0.1366 0.1244 0.2051 0.1313 0.0685 
        D731  6 0.0180 0.7665 0.0160 0.0148 0.0300 0.0913 0.0635 
        D732  6 0.4567 0.0295 0.2186 0.0561 0.1111 0.0606 0.0674 
        D733  6 0.6454 0.0440 0.0475 0.0951 0.0697 0.0434 0.0550 
     D237251  7 0.2985 0.0413 0.0493 0.0502 0.2152 0.0819 0.2637 
     D237252  7 0.1182 0.0261 0.0433 0.2220 0.2542 0.2366 0.0995 
     D237253  7 0.0535 0.1244 0.0563 0.0299 0.2577 0.1123 0.3658 
     D237254  7 0.0208 0.0197 0.0264 0.6537 0.1356 0.0308 0.1130 
     D237255  7 0.0408 0.0372 0.0304 0.0264 0.0766 0.2517 0.5369 
     D237256  7 0.1042 0.0521 0.0728 0.0256 0.4092 0.1722 0.1639 
     D237257  7 0.0522 0.0198 0.0361 0.1001 0.6190 0.0622 0.1106 
