        D174  1 0.0359 0.0720 0.0181 0.0782 0.0299 0.0762 0.1495 0.0840 0.3791 0.0771 
        D199  1 0.1264 0.1629 0.0276 0.0997 0.1604 0.0873 0.0408 0.1326 0.1276 0.0347 
        D203  1 0.1264 0.2476 0.0427 0.0513 0.0989 0.0783 0.1210 0.0790 0.0560 0.0986 
        D204  1 0.0285 0.7070 0.0913 0.0181 0.0204 0.0310 0.0230 0.0308 0.0209 0.0291 
     D237366  1 0.0382 0.0419 0.1074 0.4293 0.0527 0.0560 0.1264 0.0858 0.0430 0.0191 
     D237367  1 0.0675 0.2539 0.0472 0.2216 0.0258 0.0857 0.1185 0.0998 0.0377 0.0422 
     D237368  1 0.0730 0.1586 0.0477 0.3694 0.0279 0.0382 0.0272 0.0958 0.1004 0.0619 
     D244101  1 0.0695 0.1387 0.4535 0.0220 0.1170 0.0347 0.0362 0.0850 0.0179 0.0255 
     D244102  1 0.0483 0.0522 0.0804 0.0684 0.0763 0.3818 0.0582 0.0818 0.0403 0.1121 
     D244103  1 0.0347 0.1479 0.0361 0.1942 0.0274 0.0727 0.2941 0.1097 0.0491 0.0342 
     D244104  1 0.0281 0.6194 0.0279 0.0483 0.0458 0.0158 0.0278 0.0475 0.0794 0.0600 
     D244105  1 0.0237 0.0397 0.0241 0.1413 0.0418 0.0434 0.3936 0.1776 0.0155 0.0993 
     D244106  1 0.0868 0.0716 0.0260 0.0247 0.0349 0.0925 0.1143 0.0705 0.4562 0.0225 
     D244107  1 0.0862 0.0464 0.0912 0.3779 0.0246 0.0213 0.0405 0.1151 0.0185 0.1784 
     D244108  1 0.0395 0.0571 0.0246 0.0300 0.0321 0.0805 0.0438 0.0512 0.2503 0.3910 
     D244113  1 0.0493 0.0189 0.0830 0.0327 0.0253 0.3490 0.0218 0.0476 0.3346 0.0378 
     D244114  1 0.0452 0.0534 0.0430 0.0409 0.1222 0.0554 0.3246 0.2102 0.0719 0.0331 
     D244115  1 0.0305 0.1346 0.0299 0.0822 0.0405 0.0617 0.0626 0.1518 0.1909 0.2153 
     D267365  1 0.0329 0.2489 0.0409 0.1001 0.2161 0.0494 0.0524 0.0671 0.1540 0.0382 
        D404  1 0.0395 0.0215 0.0681 0.0196 0.0200 0.5755 0.0341 0.0316 0.1516 0.0385 
        D405  1 0.0758 0.0893 0.0465 0.0361 0.0458 0.4783 0.0568 0.0693 0.0474 0.0547 
        D406  1 0.0190 0.1000 0.0499 0.5540 0.0228 0.0353 0.0307 0.0380 0.0530 0.0974 
        D407  1 0.0915 0.4202 0.0175 0.1648 0.0202 0.0263 0.1155 0.0941 0.0300 0.0198 
        D408  1 0.0224 0.0719 0.0402 0.0327 0.1898 0.0959 0.0320 0.0676 0.3839 0.0637 
        D409  1 0.0630 0.1095 0.0370 0.1901 0.0540 0.0454 0.1992 0.1860 0.0482 0.0677 
        D410  1 0.0127 0.0620 0.0325 0.0212 0.0174 0.0328 0.0279 0.0362 0.0231 0.7341 
        D421  1 0.0403 0.8188 0.0116 0.0178 0.0160 0.0096 0.0293 0.0219 0.0231 0.0117 
        D422  1 0.0256 0.0604 0.0166 0.7128 0.0213 0.0160 0.0666 0.0432 0.0153 0.0223 
        D423  1 0.0696 0.0744 0.0191 0.0790 0.0183 0.0288 0.0693 0.0431 0.0174 0.5811 
        D424  1 0.0201 0.4867 0.0269 0.0657 0.0184 0.0258 0.0629 0.2216 0.0491 0.0229 
        D425  1 0.0242 0.3353 0.0273 0.0438 0.0482 0.1052 0.1018 0.1275 0.0918 0.0948 
        D426  1 0.0299 0.0942 0.0207 0.1819 0.1570 0.0188 0.2169 0.2294 0.0308 0.0205 
        D427  1 0.3624 0.2828 0.0159 0.0246 0.0284 0.0126 0.0189 0.0326 0.1998 0.0219 
        D428  1 0.0474 0.1978 0.0642 0.0868 0.0378 0.1184 0.0545 0.1316 0.1643 0.0972 
        D429  1 0.0342 0.3359 0.0296 0.0373 0.0537 0.0786 0.1709 0.0842 0.1394 0.0361 
        D430  1 0.0596 0.0676 0.0294 0.0520 0.1329 0.1896 0.1797 0.1414 0.1138 0.0339 
        D491  1 0.0139 0.0596 0.0249 0.0238 0.0412 0.0413 0.0287 0.0543 0.6368 0.0757 
        D492  1 0.0684 0.2244 0.0383 0.1285 0.0302 0.1143 0.0619 0.1826 0.1045 0.0468 
        D537  1 0.0339 0.4956 0.0589 0.0858 0.0159 0.0578 0.1120 0.0674 0.0261 0.0465 
        D538  1 0.0846 0.0678 0.0616 0.1121 0.0333 0.2323 0.0457 0.1481 0.0856 0.1289 
        D539  1 0.0414 0.0290 0.0595 0.0424 0.2680 0.0750 0.2068 0.1114 0.1105 0.0558 
        D540  1 0.0278 0.3012 0.0234 0.0742 0.0608 0.0783 0.0843 0.2504 0.0353 0.0644 
        D541  1 0.0176 0.8362 0.0181 0.0177 0.0213 0.0149 0.0165 0.0200 0.0130 0.0247 
        D551  1 0.1211 0.0594 0.0242 0.0570 0.1237 0.0327 0.2602 0.2617 0.0355 0.0246 
        D552  1 0.0322 0.1297 0.0566 0.0809 0.0494 0.0240 0.0502 0.1196 0.1956 0.2618 
        D553  1 0.0134 0.8397 0.0179 0.0213 0.0192 0.0101 0.0175 0.0188 0.0169 0.0252 
        D615  1 0.0693 0.3901 0.0271 0.0390 0.0680 0.0709 0.0564 0.1111 0.0604 0.1078 
        D616  1 0.1049 0.2704 0.0236 0.1001 0.0626 0.0301 0.0830 0.1541 0.0696 0.1015 
        D621  1 0.0253 0.0166 0.3141 0.1834 0.0322 0.0563 0.0371 0.0488 0.0980 0.1883 
        D622  1 0.0260 0.0412 0.0641 0.4185 0.0333 0.0269 0.1101 0.0694 0.0499 0.1605 
        D623  1 0.1631 0.0305 0.1874 0.0271 0.0360 0.1752 0.0237 0.0748 0.2267 0.0555 
        D624  1 0.0150 0.0388 0.0135 0.0352 0.0244 0.0225 0.0374 0.0705 0.7205 0.0222 
        D625  1 0.0161 0.5652 0.0533 0.0617 0.0205 0.0266 0.0550 0.0623 0.0857 0.0535 
        D626  1 0.0340 0.0695 0.0252 0.1384 0.0595 0.0512 0.1206 0.0790 0.2519 0.1706 
        D627  1 0.0224 0.1246 0.0295 0.1534 0.1590 0.0278 0.1647 0.2649 0.0360 0.0177 
        D690  1 0.0122 0.7084 0.0273 0.0410 0.0171 0.0165 0.0217 0.0227 0.0523 0.0807 
        D691  1 0.0234 0.0614 0.0319 0.5771 0.0233 0.0157 0.1456 0.0365 0.0374 0.0477 
        D710  1 0.0523 0.2381 0.1242 0.1222 0.0413 0.0464 0.0248 0.1069 0.1257 0.1181 
        D711  1 0.0269 0.6484 0.0505 0.0534 0.0216 0.0449 0.0363 0.0438 0.0390 0.0352 
        D712  1 0.0387 0.0389 0.0401 0.0849 0.0923 0.0703 0.0344 0.0704 0.4766 0.0536 
        D713  1 0.0227 0.1511 0.1203 0.0638 0.0292 0.2385 0.1091 0.0931 0.1233 0.0488 
        D746  1 0.0433 0.0776 0.0254 0.6469 0.0204 0.0150 0.0450 0.0376 0.0332 0.0556 
        D747  1 0.0241 0.8158 0.0285 0.0207 0.0191 0.0136 0.0191 0.0184 0.0190 0.0217 
        D748  1 0.0163 0.1911 0.0535 0.2454 0.0265 0.0256 0.2869 0.0576 0.0301 0.0669 
        D749  1 0.0562 0.0295 0.0959 0.2133 0.0330 0.0663 0.0690 0.2664 0.0872 0.0831 
        D750  1 0.0238 0.1269 0.0421 0.0408 0.0274 0.0251 0.0546 0.0411 0.5508 0.0674 
        D763  1 0.0861 0.0654 0.1767 0.0734 0.2422 0.0391 0.1088 0.1386 0.0226 0.0471 
        D764  1 0.0186 0.5012 0.0192 0.0578 0.0253 0.0190 0.0296 0.0506 0.1848 0.0940 
        D765  1 0.0199 0.0310 0.0166 0.0583 0.0355 0.0548 0.0723 0.0785 0.0821 0.5510 
        D766  1 0.0261 0.0740 0.1170 0.1003 0.0219 0.0435 0.0895 0.1184 0.0424 0.3668 
        D767  1 0.0949 0.0785 0.1940 0.0964 0.0318 0.2512 0.0844 0.0816 0.0332 0.0539 
        D768  1 0.0192 0.8205 0.0138 0.0255 0.0176 0.0151 0.0269 0.0276 0.0139 0.0199 
        D811  1 0.0188 0.0310 0.0173 0.0212 0.0309 0.5528 0.0333 0.0517 0.0806 0.1625 
        D816  1 0.0160 0.7809 0.0239 0.0267 0.0224 0.0221 0.0259 0.0289 0.0291 0.0241 
        D825  1 0.0182 0.0841 0.0239 0.0429 0.0298 0.1759 0.0457 0.0919 0.1295 0.3580 
        D866  1 0.1172 0.0542 0.0195 0.0272 0.3749 0.0545 0.0403 0.0887 0.1526 0.0709 
        D867  1 0.0492 0.0232 0.0946 0.6323 0.0232 0.0336 0.0392 0.0530 0.0265 0.0252 
        D871  1 0.0225 0.0972 0.0407 0.1535 0.0500 0.0493 0.2752 0.2212 0.0577 0.0327 
        D872  1 0.0534 0.2450 0.0482 0.0750 0.0214 0.2267 0.0241 0.0795 0.0462 0.1804 
        D873  1 0.0294 0.0091 0.0425 0.0405 0.0117 0.0716 0.0175 0.0267 0.0137 0.7374 
        D874  1 0.0194 0.0630 0.6558 0.0179 0.0359 0.0342 0.0301 0.0408 0.0832 0.0196 
        D875  1 0.0195 0.0759 0.0219 0.2444 0.0212 0.0404 0.2917 0.1777 0.0212 0.0861 
        D876  1 0.0255 0.3990 0.1022 0.0723 0.0690 0.0393 0.0374 0.0855 0.0924 0.0774 
        D877  1 0.0204 0.0285 0.0574 0.0139 0.0195 0.7017 0.0258 0.0523 0.0588 0.0217 
        D892  1 0.0197 0.2547 0.0491 0.1589 0.0261 0.0553 0.2182 0.0622 0.1120 0.0439 
        D893  1 0.0289 0.6012 0.0540 0.0646 0.0621 0.0203 0.0583 0.0595 0.0153 0.0358 
        D894  1 0.0269 0.5804 0.0295 0.0551 0.0376 0.0357 0.0963 0.0587 0.0447 0.0352 
        D915  1 0.0294 0.3979 0.0279 0.0620 0.0312 0.0296 0.1506 0.0751 0.0486 0.1476 
        D916  1 0.0125 0.8458 0.0158 0.0196 0.0152 0.0110 0.0195 0.0184 0.0226 0.0196 
        D917  1 0.0494 0.1243 0.1376 0.0525 0.1080 0.0732 0.0359 0.1498 0.2327 0.0366 
        D925  1 0.0212 0.2038 0.0174 0.0473 0.0325 0.0326 0.0192 0.0400 0.0734 0.5126 
        D926  1 0.0218 0.3173 0.0855 0.0590 0.0378 0.0419 0.1202 0.2235 0.0520 0.0409 
        D927  1 0.1777 0.2369 0.0380 0.0899 0.1207 0.0483 0.0580 0.1456 0.0571 0.0277 
        D928  1 0.0157 0.0645 0.0217 0.0132 0.0160 0.0434 0.0123 0.0223 0.7612 0.0296 
        D929  1 0.0233 0.0314 0.4266 0.0775 0.0317 0.2400 0.0443 0.0479 0.0447 0.0325 
        D936  1 0.0448 0.3480 0.2113 0.0286 0.0972 0.0289 0.0880 0.0906 0.0277 0.0347 
        D938  1 0.0226 0.0308 0.0749 0.5603 0.0223 0.0207 0.0517 0.0396 0.0331 0.1440 
        D956  1 0.0427 0.0427 0.0302 0.0235 0.0323 0.1224 0.0637 0.0600 0.5268 0.0557 
        D957  1 0.0379 0.1123 0.0506 0.0639 0.0228 0.1415 0.0403 0.0851 0.0436 0.4020 
        D958  1 0.0264 0.1905 0.0848 0.0907 0.0176 0.0921 0.0468 0.0874 0.1530 0.2106 
        D959  1 0.0703 0.3806 0.0164 0.2029 0.0156 0.0257 0.1447 0.0994 0.0309 0.0133 
        D960  1 0.0219 0.0328 0.0450 0.4876 0.0211 0.0862 0.0584 0.1001 0.0448 0.1022 
        D989  1 0.1032 0.0427 0.0226 0.0463 0.0686 0.0450 0.0499 0.0979 0.4997 0.0241 
        D990  1 0.0405 0.0216 0.0282 0.0527 0.1086 0.0179 0.0250 0.0708 0.0614 0.5732 
        D023  2 0.0183 0.0585 0.0182 0.8088 0.0152 0.0111 0.0140 0.0236 0.0148 0.0176 
        D130  2 0.0486 0.1021 0.0212 0.5521 0.0248 0.1070 0.0584 0.0451 0.0191 0.0215 
        D131  2 0.0351 0.2031 0.0548 0.0473 0.1012 0.0479 0.0708 0.3196 0.0492 0.0710 
        D163  2 0.0164 0.0802 0.0367 0.5771 0.0445 0.0208 0.0612 0.0721 0.0531 0.0379 
        D164  2 0.5185 0.0151 0.0189 0.0219 0.0112 0.0194 0.0149 0.0213 0.0123 0.3465 
        D165  2 0.0269 0.0396 0.0325 0.7676 0.0298 0.0111 0.0194 0.0301 0.0202 0.0228 
        D166  2 0.0342 0.0393 0.0739 0.0557 0.0543 0.4779 0.0925 0.1019 0.0180 0.0523 
        D167  2 0.7745 0.0161 0.0148 0.0161 0.0196 0.0798 0.0132 0.0194 0.0308 0.0158 
        D192  2 0.8316 0.0113 0.0206 0.0138 0.0249 0.0262 0.0147 0.0207 0.0218 0.0144 
        D193  2 0.0291 0.0219 0.0608 0.0236 0.0438 0.5193 0.0997 0.1031 0.0762 0.0224 
        D206  2 0.2780 0.1242 0.0334 0.0805 0.0355 0.0483 0.2043 0.1338 0.0248 0.0374 
        D207  2 0.4823 0.0331 0.0208 0.0306 0.0731 0.1780 0.0559 0.0849 0.0209 0.0204 
        D208  2 0.0744 0.0565 0.0614 0.0515 0.2546 0.0705 0.0823 0.0988 0.1492 0.1009 
        D209  2 0.4517 0.0316 0.1191 0.0444 0.0319 0.0335 0.0409 0.1620 0.0307 0.0541 
        D210  2 0.0958 0.0586 0.0328 0.0293 0.1352 0.0296 0.0707 0.0677 0.4502 0.0301 
     D229599  2 0.0406 0.1220 0.1385 0.0999 0.2351 0.0396 0.0663 0.1427 0.0432 0.0721 
     D229600  2 0.3681 0.0389 0.0232 0.3201 0.0252 0.0633 0.0584 0.0517 0.0206 0.0306 
     D237227  2 0.0593 0.0512 0.0239 0.0641 0.1081 0.0292 0.0317 0.0796 0.3665 0.1864 
     D237228  2 0.0507 0.0151 0.0155 0.0207 0.0622 0.0769 0.0452 0.0947 0.1366 0.4823 
     D237258  2 0.1902 0.0668 0.0600 0.1218 0.1499 0.1019 0.0428 0.1170 0.0637 0.0859 
     D237310  2 0.0628 0.0126 0.0384 0.0313 0.0245 0.2830 0.0884 0.0444 0.0378 0.3768 
     D237311  2 0.1974 0.0175 0.0189 0.0402 0.0274 0.0996 0.0727 0.0456 0.0261 0.4548 
     D237312  2 0.0245 0.0259 0.0552 0.0756 0.0242 0.2582 0.2610 0.0547 0.0360 0.1848 
     D237313  2 0.0270 0.1149 0.0686 0.0410 0.1136 0.0529 0.1110 0.1611 0.0827 0.2272 
     D237322  2 0.0448 0.0335 0.0964 0.0444 0.2337 0.0945 0.0964 0.1999 0.0726 0.0839 
     D237323  2 0.0401 0.0173 0.0374 0.0770 0.0668 0.1096 0.0495 0.0508 0.1399 0.4115 
     D237324  2 0.1846 0.0496 0.0557 0.1623 0.0750 0.0279 0.0400 0.3490 0.0155 0.0403 
     D237325  2 0.0616 0.0256 0.0627 0.0933 0.0354 0.0852 0.2291 0.0949 0.0697 0.2426 
     D237326  2 0.0398 0.0660 0.0435 0.0551 0.0304 0.0263 0.0493 0.0779 0.0660 0.5458 
     D237327  2 0.0862 0.0628 0.1143 0.1134 0.2646 0.0340 0.0958 0.1637 0.0409 0.0243 
     D237337  2 0.0163 0.0258 0.0237 0.0321 0.0168 0.0400 0.0675 0.0345 0.0400 0.7033 
     D237338  2 0.0804 0.0440 0.1179 0.1366 0.0740 0.0359 0.1732 0.1088 0.0924 0.1368 
     D237339  2 0.0966 0.0289 0.6186 0.0204 0.0384 0.0348 0.0360 0.0810 0.0188 0.0264 
     D237340  2 0.1968 0.0215 0.0373 0.0632 0.0376 0.1088 0.0956 0.0626 0.1446 0.2319 
     D237389  2 0.1099 0.0192 0.0320 0.0330 0.0217 0.2025 0.0986 0.0484 0.0225 0.4123 
     D237390  2 0.0241 0.0310 0.0536 0.0640 0.0487 0.1467 0.2576 0.0512 0.0671 0.2561 
     D244017  2 0.2863 0.0224 0.0206 0.0489 0.0380 0.2794 0.0224 0.0756 0.1742 0.0322 
     D244112  2 0.7958 0.0172 0.0162 0.0272 0.0180 0.0338 0.0271 0.0275 0.0148 0.0225 
     D244118  2 0.6237 0.0122 0.0315 0.1797 0.0223 0.0272 0.0149 0.0288 0.0301 0.0296 
     D244119  2 0.2832 0.0233 0.0124 0.0144 0.0238 0.0221 0.0186 0.0259 0.5457 0.0306 
     D244120  2 0.3680 0.0124 0.0596 0.0251 0.0685 0.2639 0.0913 0.0492 0.0333 0.0288 
     D244122  2 0.6347 0.0306 0.0330 0.0393 0.0243 0.0780 0.0483 0.0420 0.0324 0.0373 
        D291  2 0.0373 0.0663 0.0244 0.0876 0.5330 0.0652 0.0309 0.0946 0.0202 0.0406 
        D292  2 0.1933 0.1679 0.0479 0.0291 0.2423 0.0490 0.0337 0.0657 0.0622 0.1089 
        D293  2 0.4456 0.1386 0.1598 0.0140 0.0349 0.0171 0.0557 0.0972 0.0224 0.0146 
        D322  2 0.4067 0.1434 0.1806 0.0382 0.0283 0.0235 0.0266 0.0857 0.0263 0.0407 
        D323  2 0.1535 0.0487 0.1004 0.0408 0.0525 0.2254 0.0786 0.1900 0.0448 0.0653 
        D324  2 0.0365 0.1331 0.0329 0.0925 0.3068 0.0301 0.0800 0.1462 0.0623 0.0795 
        D325  2 0.6669 0.0397 0.0304 0.0221 0.0445 0.0143 0.1274 0.0263 0.0129 0.0154 
        D326  2 0.0148 0.8193 0.0171 0.0168 0.0277 0.0170 0.0225 0.0233 0.0278 0.0138 
        D340  2 0.7935 0.0287 0.0311 0.0185 0.0289 0.0143 0.0211 0.0208 0.0247 0.0184 
        D341  2 0.4666 0.0271 0.0416 0.0211 0.0430 0.0239 0.2256 0.0558 0.0326 0.0627 
        D342  2 0.5154 0.0234 0.0243 0.0769 0.0287 0.0461 0.0698 0.1012 0.0183 0.0958 
        D343  2 0.8439 0.0187 0.0197 0.0146 0.0141 0.0102 0.0395 0.0180 0.0115 0.0097 
        D344  2 0.0473 0.1320 0.3825 0.0190 0.0326 0.1601 0.0636 0.0994 0.0234 0.0401 
        D345  2 0.0400 0.0865 0.2237 0.0569 0.0476 0.0290 0.0192 0.1419 0.0398 0.3153 
        D346  2 0.0698 0.0659 0.0478 0.0345 0.0701 0.0431 0.0648 0.0687 0.4836 0.0518 
        D351  2 0.0396 0.2216 0.1029 0.0662 0.1557 0.0625 0.0786 0.1599 0.0299 0.0831 
        D352  2 0.0304 0.0210 0.6549 0.0240 0.0302 0.0442 0.0284 0.0687 0.0545 0.0438 
        D353  2 0.0264 0.1498 0.0754 0.0182 0.0335 0.0381 0.0367 0.5883 0.0160 0.0176 
        D354  2 0.0146 0.0600 0.6489 0.0193 0.0254 0.0465 0.0288 0.0516 0.0418 0.0631 
        D362  2 0.0260 0.6497 0.0249 0.0760 0.0302 0.0364 0.0244 0.0425 0.0309 0.0589 
        D363  2 0.0275 0.6891 0.0247 0.0522 0.0335 0.0306 0.0173 0.0441 0.0369 0.0441 
        D364  2 0.0232 0.3037 0.2879 0.0271 0.0281 0.0393 0.0420 0.1210 0.0380 0.0898 
        D365  2 0.8197 0.0299 0.0339 0.0114 0.0158 0.0148 0.0200 0.0196 0.0213 0.0137 
        D369  2 0.1394 0.1860 0.0250 0.0623 0.1212 0.0363 0.0611 0.0948 0.1543 0.1197 
        D374  2 0.0180 0.0205 0.0231 0.0119 0.0225 0.5890 0.0218 0.0333 0.2354 0.0244 
        D375  2 0.0154 0.0189 0.7593 0.0214 0.0137 0.0394 0.0366 0.0518 0.0185 0.0248 
        D376  2 0.0339 0.0170 0.0700 0.0195 0.0252 0.2923 0.0586 0.0802 0.3621 0.0411 
        D377  2 0.0711 0.0316 0.0638 0.0571 0.0614 0.1419 0.1292 0.1176 0.0762 0.2500 
        D378  2 0.1881 0.1799 0.2625 0.0916 0.0510 0.0170 0.0443 0.1103 0.0215 0.0337 
        D379  2 0.0255 0.5708 0.0519 0.0261 0.0302 0.0326 0.0943 0.1094 0.0309 0.0282 
        D384  2 0.0171 0.8112 0.0158 0.0136 0.0239 0.0145 0.0245 0.0282 0.0309 0.0202 
        D385  2 0.6475 0.0218 0.1288 0.0205 0.0241 0.0345 0.0277 0.0267 0.0433 0.0251 
        D386  2 0.0693 0.1197 0.4478 0.0632 0.0241 0.0378 0.0377 0.1367 0.0212 0.0425 
        D391  2 0.6456 0.0287 0.1386 0.0201 0.0261 0.0264 0.0275 0.0400 0.0184 0.0285 
        D392  2 0.5069 0.0803 0.0233 0.0602 0.0288 0.0468 0.0243 0.0611 0.0528 0.1155 
        D393  2 0.0746 0.1936 0.3048 0.0513 0.1671 0.0213 0.0480 0.0655 0.0225 0.0512 
        D394  2 0.1047 0.0791 0.1957 0.1458 0.0374 0.0613 0.0889 0.1094 0.0492 0.1286 
        D395  2 0.3123 0.0195 0.3820 0.0291 0.0346 0.0446 0.0423 0.0901 0.0239 0.0216 
        D401  2 0.0388 0.0229 0.0137 0.0195 0.0187 0.0780 0.0273 0.0319 0.0441 0.7052 
        D402  2 0.6823 0.0200 0.0782 0.0132 0.0630 0.0232 0.0331 0.0383 0.0209 0.0277 
        D403  2 0.0342 0.2291 0.1053 0.0559 0.0395 0.0517 0.0878 0.3362 0.0235 0.0368 
        D415  2 0.0280 0.5210 0.0328 0.0412 0.0173 0.0243 0.0775 0.1692 0.0126 0.0760 
        D435  2 0.1617 0.4738 0.0676 0.0339 0.0724 0.0155 0.0768 0.0418 0.0188 0.0376 
        D436  2 0.0278 0.1016 0.4127 0.0345 0.0280 0.0871 0.1733 0.0619 0.0504 0.0228 
        D438  2 0.8312 0.0135 0.0174 0.0189 0.0165 0.0174 0.0217 0.0188 0.0310 0.0137 
        D439  2 0.0431 0.0639 0.6131 0.0445 0.0260 0.0176 0.0215 0.0925 0.0162 0.0615 
        D449  2 0.4901 0.0934 0.0251 0.0367 0.0243 0.0195 0.1588 0.1036 0.0283 0.0203 
        D450  2 0.0232 0.1127 0.2143 0.0721 0.0603 0.0806 0.0976 0.1350 0.1549 0.0493 
        D456  2 0.0126 0.8204 0.0253 0.0164 0.0243 0.0130 0.0264 0.0229 0.0231 0.0156 
        D462  2 0.6427 0.0500 0.1584 0.0255 0.0231 0.0174 0.0220 0.0291 0.0164 0.0154 
        D463  2 0.0114 0.8012 0.0320 0.0144 0.0138 0.0206 0.0243 0.0280 0.0334 0.0210 
        D464  2 0.0837 0.0527 0.2199 0.0208 0.0270 0.1400 0.0562 0.3359 0.0429 0.0210 
        D465  2 0.4882 0.1657 0.0207 0.0379 0.0288 0.0456 0.0638 0.0605 0.0241 0.0646 
        D473  2 0.0490 0.0263 0.1069 0.0628 0.0342 0.0437 0.0419 0.0627 0.4633 0.1091 
        D474  2 0.0502 0.4898 0.0365 0.0537 0.1760 0.0157 0.0398 0.0482 0.0478 0.0423 
        D476  2 0.0422 0.0265 0.5042 0.2885 0.0295 0.0143 0.0227 0.0408 0.0137 0.0175 
        D477  2 0.0273 0.1932 0.2615 0.0245 0.1124 0.0327 0.0455 0.0918 0.0539 0.1572 
        D478  2 0.0600 0.0363 0.0783 0.3275 0.0459 0.0903 0.0605 0.1631 0.1083 0.0296 
        D480  2 0.0690 0.1928 0.2634 0.0213 0.0851 0.0433 0.1087 0.1100 0.0796 0.0269 
        D481  2 0.0531 0.2423 0.1820 0.1071 0.0510 0.0405 0.0254 0.1034 0.1035 0.0916 
        D482  2 0.0265 0.0228 0.2526 0.0501 0.2076 0.0863 0.0914 0.1055 0.0760 0.0812 
        D483  2 0.7728 0.0164 0.0169 0.0246 0.0203 0.0211 0.0162 0.0260 0.0646 0.0211 
        D484  2 0.0188 0.0113 0.7850 0.0181 0.0243 0.0591 0.0203 0.0239 0.0204 0.0188 
        D510  2 0.0252 0.0281 0.0398 0.0222 0.1940 0.1564 0.0536 0.0617 0.3806 0.0385 
        D511  2 0.0493 0.0599 0.6640 0.0409 0.0441 0.0219 0.0252 0.0483 0.0205 0.0260 
        D512  2 0.2183 0.0196 0.0281 0.0426 0.0363 0.1584 0.0735 0.0691 0.0153 0.3387 
        D513  2 0.4636 0.0747 0.0234 0.0325 0.0682 0.0332 0.1007 0.0707 0.0877 0.0454 
        D635  2 0.0359 0.2031 0.0273 0.5146 0.0276 0.0183 0.0214 0.0871 0.0291 0.0356 
        D636  2 0.0211 0.0244 0.0162 0.7891 0.0135 0.0159 0.0143 0.0218 0.0214 0.0623 
        D637  2 0.1229 0.0283 0.2660 0.0343 0.0532 0.0785 0.2134 0.0864 0.0594 0.0578 
        D658  2 0.4062 0.0271 0.2010 0.0212 0.0288 0.0645 0.0770 0.0460 0.0859 0.0423 
        D659  2 0.0211 0.4313 0.0775 0.1046 0.0861 0.0224 0.1266 0.0697 0.0393 0.0215 
        D677  2 0.0418 0.1857 0.0312 0.0778 0.0670 0.0619 0.3642 0.0868 0.0222 0.0614 
        D678  2 0.6221 0.0175 0.0266 0.0286 0.0268 0.1158 0.0390 0.0755 0.0151 0.0331 
        D679  2 0.0469 0.2975 0.0755 0.0466 0.1119 0.0254 0.1062 0.1882 0.0565 0.0453 
        D719  2 0.1334 0.1692 0.0525 0.0136 0.0678 0.0244 0.0294 0.0658 0.3868 0.0570 
        D720  2 0.0224 0.6835 0.0195 0.0354 0.0271 0.0257 0.0342 0.0451 0.0724 0.0345 
        D721  2 0.0522 0.0486 0.0336 0.6846 0.0366 0.0127 0.0326 0.0419 0.0352 0.0220 
        D722  2 0.0437 0.0232 0.0320 0.0205 0.0498 0.5114 0.0288 0.0639 0.1705 0.0561 
        D734  2 0.0559 0.0229 0.6591 0.0162 0.0246 0.0236 0.0338 0.0319 0.1170 0.0152 
        D735  2 0.0670 0.2461 0.0928 0.0605 0.0568 0.0375 0.0453 0.1530 0.0921 0.1488 
        D736  2 0.0621 0.0573 0.0543 0.0482 0.2712 0.0279 0.0909 0.0745 0.2751 0.0385 
        D737  2 0.5105 0.0220 0.1255 0.0538 0.0782 0.0382 0.0397 0.0400 0.0434 0.0488 
        D807  2 0.0526 0.1313 0.1144 0.0346 0.1367 0.0548 0.1011 0.0765 0.1896 0.1084 
        D808  2 0.1417 0.0815 0.0621 0.0769 0.0805 0.0875 0.0942 0.1678 0.0335 0.1744 
        D817  2 0.0271 0.2577 0.0926 0.0509 0.0529 0.1327 0.0920 0.1350 0.0468 0.1121 
        D818  2 0.1682 0.0518 0.0363 0.1439 0.1013 0.0382 0.1973 0.2150 0.0286 0.0195 
        D819  2 0.0390 0.1732 0.0341 0.0804 0.0520 0.0945 0.0443 0.1352 0.0318 0.3157 
        D820  2 0.0372 0.6055 0.1199 0.0320 0.0277 0.0194 0.0760 0.0415 0.0227 0.0181 
        D895  2 0.0390 0.2592 0.0631 0.1409 0.0401 0.0379 0.1105 0.1599 0.0440 0.1055 
        D896  2 0.0198 0.0203 0.0190 0.0235 0.0178 0.0602 0.0360 0.0232 0.0361 0.7441 
        D897  2 0.4362 0.0242 0.0441 0.0347 0.0510 0.0493 0.1189 0.1515 0.0284 0.0616 
        D898  2 0.0371 0.0421 0.0627 0.0480 0.1321 0.1280 0.0664 0.1413 0.0473 0.2950 
        D918  2 0.0589 0.0337 0.1080 0.1058 0.0510 0.0609 0.2711 0.1398 0.0675 0.1032 
        D919  2 0.0539 0.1237 0.4589 0.0594 0.0839 0.0532 0.0304 0.0952 0.0203 0.0210 
        D920  2 0.0411 0.0362 0.0423 0.5285 0.0295 0.0548 0.0612 0.0686 0.0787 0.0591 
        D923  2 0.0262 0.6034 0.1231 0.0297 0.0318 0.0402 0.0392 0.0571 0.0239 0.0254 
        D930  2 0.0373 0.1934 0.1730 0.0228 0.0631 0.0677 0.0942 0.1385 0.1224 0.0876 
        D931  2 0.1431 0.2396 0.2673 0.0405 0.0535 0.0653 0.0462 0.0655 0.0411 0.0380 
        D968  2 0.7050 0.0275 0.0366 0.0177 0.0874 0.0314 0.0209 0.0322 0.0179 0.0233 
        D969  2 0.1649 0.2278 0.0490 0.0375 0.1724 0.0511 0.0614 0.1218 0.0631 0.0512 
        D977  2 0.6386 0.0246 0.0359 0.0286 0.0358 0.0244 0.1158 0.0552 0.0218 0.0193 
        D978  2 0.0999 0.0394 0.0335 0.0315 0.3311 0.1471 0.1036 0.1568 0.0345 0.0226 
        D211  3 0.0181 0.0669 0.0567 0.4286 0.0417 0.0294 0.1953 0.0795 0.0273 0.0564 
     D229639  3 0.0465 0.0594 0.0251 0.0264 0.5655 0.0428 0.0445 0.0529 0.0775 0.0594 
     D237212  3 0.0506 0.0591 0.2306 0.0722 0.2124 0.0399 0.1618 0.0801 0.0279 0.0652 
     D237213  3 0.0380 0.0545 0.1065 0.0750 0.0519 0.0882 0.2149 0.0923 0.0199 0.2589 
     D237214  3 0.0137 0.0265 0.0168 0.8200 0.0118 0.0183 0.0264 0.0262 0.0247 0.0155 
     D237215  3 0.4537 0.0163 0.0195 0.0189 0.1173 0.2041 0.0189 0.0471 0.0613 0.0427 
     D237216  3 0.0264 0.0351 0.0342 0.0924 0.0379 0.0281 0.0985 0.5726 0.0264 0.0484 
     D237217  3 0.0320 0.0859 0.0305 0.1603 0.0642 0.0171 0.2076 0.3102 0.0161 0.0762 
     D237218  3 0.0352 0.0553 0.1777 0.0377 0.2035 0.0163 0.2831 0.1001 0.0588 0.0323 
     D237219  3 0.0293 0.0384 0.0191 0.0701 0.1332 0.0277 0.2088 0.1088 0.0726 0.2920 
     D237382  3 0.0464 0.0942 0.0394 0.0487 0.0354 0.3136 0.1235 0.0824 0.0885 0.1280 
     D244127  3 0.0981 0.0197 0.0416 0.0477 0.0728 0.0464 0.0681 0.0893 0.0201 0.4961 
     D244129  3 0.0633 0.1148 0.0926 0.1318 0.0796 0.0618 0.0995 0.1478 0.0487 0.1602 
     D244133  3 0.1851 0.0828 0.0144 0.0946 0.0567 0.1077 0.0884 0.1583 0.1310 0.0811 
     D244134  3 0.0299 0.0307 0.0287 0.0385 0.4131 0.0200 0.0394 0.0587 0.1922 0.1489 
     D244135  3 0.0549 0.0381 0.0244 0.6964 0.0215 0.0225 0.0449 0.0545 0.0209 0.0219 
     D244136  3 0.0915 0.1717 0.0282 0.0699 0.1007 0.0845 0.0808 0.1620 0.1610 0.0497 
        D416  3 0.1600 0.0700 0.0482 0.1083 0.0702 0.0345 0.1414 0.2076 0.0295 0.1303 
        D417  3 0.0168 0.5208 0.0333 0.0265 0.0247 0.0385 0.2142 0.0536 0.0331 0.0387 
        D419  3 0.0671 0.1077 0.0401 0.0540 0.1854 0.0307 0.1744 0.1159 0.0612 0.1635 
        D565  3 0.0162 0.0543 0.0162 0.0223 0.0635 0.0202 0.0209 0.0278 0.7311 0.0275 
        D566  3 0.0677 0.0798 0.0222 0.0368 0.3337 0.0617 0.0301 0.0845 0.2149 0.0686 
        D567  3 0.0416 0.4937 0.0646 0.0600 0.0317 0.0374 0.0537 0.0845 0.0243 0.1084 
        D568  3 0.1028 0.1142 0.1434 0.0991 0.0891 0.0381 0.1734 0.1448 0.0202 0.0749 
        D569  3 0.0760 0.0267 0.4988 0.0669 0.0398 0.0824 0.0432 0.0851 0.0468 0.0342 
        D573  3 0.1266 0.1576 0.0422 0.0226 0.4470 0.0214 0.0508 0.0736 0.0253 0.0328 
        D574  3 0.0436 0.0375 0.0451 0.0673 0.0886 0.1188 0.0671 0.0980 0.3495 0.0845 
        D575  3 0.0596 0.0513 0.0309 0.1314 0.0829 0.0252 0.0662 0.0762 0.1080 0.3685 
        D576  3 0.5342 0.0089 0.0186 0.0355 0.0898 0.1900 0.0286 0.0464 0.0259 0.0221 
        D577  3 0.0247 0.4883 0.0529 0.0915 0.0446 0.0678 0.0629 0.0761 0.0487 0.0424 
        D578  3 0.0268 0.0152 0.0143 0.8078 0.0164 0.0250 0.0242 0.0324 0.0150 0.0229 
        D579  3 0.0666 0.1095 0.1471 0.0473 0.1512 0.0295 0.1189 0.0964 0.1762 0.0572 
        D660  3 0.5810 0.0180 0.0395 0.0655 0.0347 0.0544 0.0595 0.0629 0.0200 0.0645 
        D661  3 0.1360 0.0310 0.1046 0.0326 0.2236 0.0273 0.2576 0.1368 0.0246 0.0258 
        D663  3 0.0940 0.0775 0.0363 0.0314 0.5080 0.0681 0.0340 0.1092 0.0212 0.0203 
        D664  3 0.1788 0.0208 0.0299 0.1481 0.0513 0.0740 0.1694 0.0994 0.0717 0.1564 
        D665  3 0.0419 0.0197 0.0892 0.1485 0.0405 0.2357 0.0869 0.1865 0.0150 0.1362 
        D666  3 0.0273 0.0714 0.0437 0.0501 0.0902 0.0279 0.1246 0.0804 0.0746 0.4099 
        D009  4 0.0260 0.0940 0.1246 0.1523 0.0285 0.0625 0.2186 0.1663 0.0390 0.0883 
        D057  4 0.0982 0.0383 0.4413 0.1906 0.0609 0.0269 0.0576 0.0451 0.0258 0.0152 
        D109  4 0.0212 0.0420 0.0314 0.0642 0.0281 0.0422 0.0485 0.1399 0.0448 0.5378 
     D237222  4 0.0380 0.0425 0.0374 0.4712 0.0336 0.1132 0.0374 0.0698 0.1080 0.0488 
     D237223  4 0.0485 0.0294 0.0602 0.0668 0.0525 0.0434 0.4094 0.1372 0.0898 0.0627 
     D237224  4 0.1933 0.1026 0.1587 0.0576 0.2202 0.0443 0.0491 0.0884 0.0287 0.0571 
     D237225  4 0.0364 0.0711 0.0978 0.0894 0.0556 0.0376 0.2431 0.2615 0.0614 0.0462 
     D237299  4 0.0253 0.0214 0.0218 0.0430 0.0656 0.1066 0.5115 0.1238 0.0344 0.0466 
     D237300  4 0.0357 0.0204 0.0237 0.0241 0.6841 0.0254 0.0729 0.0471 0.0305 0.0361 
     D237306  4 0.0280 0.0600 0.0615 0.0302 0.0355 0.0985 0.2344 0.0587 0.3147 0.0785 
     D237307  4 0.0429 0.3020 0.0197 0.0503 0.0808 0.0805 0.1107 0.1007 0.1728 0.0395 
     D237308  4 0.3784 0.0320 0.1855 0.0499 0.0384 0.0357 0.0439 0.0557 0.0864 0.0941 
     D237309  4 0.0548 0.1116 0.1165 0.0920 0.0632 0.0669 0.1466 0.2523 0.0290 0.0670 
     D237317  4 0.0297 0.1411 0.0400 0.0707 0.0556 0.0543 0.0476 0.2241 0.2864 0.0505 
     D237318  4 0.0485 0.0343 0.0177 0.0265 0.7253 0.0259 0.0283 0.0509 0.0214 0.0212 
     D237319  4 0.0594 0.0528 0.0351 0.1133 0.0623 0.1445 0.2513 0.1451 0.0422 0.0941 
     D237320  4 0.0719 0.0440 0.0238 0.0937 0.0959 0.0179 0.5102 0.0648 0.0287 0.0490 
     D237321  4 0.0825 0.0594 0.0280 0.0444 0.5323 0.0419 0.0476 0.0743 0.0450 0.0447 
     D237397  4 0.0648 0.0427 0.0275 0.0565 0.1311 0.0520 0.3913 0.0765 0.1114 0.0461 
     D237398  4 0.0341 0.0462 0.0464 0.0381 0.6403 0.0303 0.0806 0.0501 0.0168 0.0172 
     D237399  4 0.0469 0.0788 0.0603 0.1097 0.2259 0.0511 0.1408 0.0733 0.1695 0.0437 
     D244001  4 0.1482 0.0272 0.0740 0.3105 0.0285 0.1136 0.1230 0.1197 0.0315 0.0239 
        D289  4 0.0602 0.0768 0.3174 0.0537 0.0729 0.0249 0.0883 0.0767 0.1994 0.0297 
        D290  4 0.0405 0.0641 0.0443 0.0404 0.0765 0.5353 0.0548 0.0914 0.0254 0.0273 
        D294  4 0.0414 0.0828 0.2971 0.0731 0.0602 0.0865 0.1412 0.1571 0.0395 0.0211 
        D295  4 0.0316 0.1691 0.0658 0.0388 0.0500 0.0768 0.3047 0.0651 0.0442 0.1539 
        D301  4 0.0468 0.0205 0.0276 0.3943 0.1065 0.1535 0.0730 0.0542 0.0610 0.0626 
        D302  4 0.0148 0.0589 0.7049 0.0364 0.0232 0.0620 0.0304 0.0391 0.0135 0.0167 
        D303  4 0.0583 0.0366 0.0731 0.0256 0.0330 0.0661 0.0568 0.0547 0.4995 0.0964 
        D304  4 0.0264 0.0800 0.0428 0.0473 0.2682 0.2587 0.0496 0.1354 0.0668 0.0248 
        D305  4 0.0762 0.0217 0.3199 0.0335 0.0376 0.0517 0.0380 0.3739 0.0133 0.0341 
        D306  4 0.0220 0.0390 0.0336 0.0473 0.0304 0.5532 0.0279 0.1827 0.0320 0.0319 
        D307  4 0.0374 0.0177 0.0558 0.6160 0.0568 0.0291 0.0297 0.0283 0.0892 0.0400 
        D327  4 0.0449 0.4779 0.0419 0.0405 0.0595 0.0518 0.0843 0.0993 0.0770 0.0231 
        D328  4 0.0228 0.0240 0.3935 0.0268 0.0293 0.1765 0.0957 0.0564 0.1199 0.0551 
        D329  4 0.1430 0.0717 0.2785 0.0597 0.0661 0.0469 0.0833 0.1188 0.0491 0.0829 
        D330  4 0.0666 0.2498 0.0833 0.0971 0.0167 0.0686 0.1691 0.0912 0.0169 0.1406 
        D331  4 0.0387 0.1433 0.0297 0.0518 0.1827 0.2585 0.0566 0.1081 0.0623 0.0683 
        D333  4 0.0720 0.0590 0.2135 0.0561 0.0667 0.1128 0.1728 0.0966 0.0735 0.0771 
        D334  4 0.0215 0.0613 0.0639 0.0890 0.0359 0.0454 0.0755 0.0599 0.5193 0.0284 
        D335  4 0.0492 0.1583 0.4134 0.0299 0.0340 0.1394 0.0379 0.0689 0.0318 0.0372 
        D370  4 0.0468 0.0392 0.0435 0.0402 0.0334 0.4577 0.0287 0.0786 0.0510 0.1808 
        D371  4 0.0328 0.1262 0.0268 0.0167 0.0290 0.0591 0.0367 0.0423 0.6023 0.0282 
        D372  4 0.0625 0.0152 0.0189 0.0156 0.5870 0.1172 0.0333 0.0975 0.0274 0.0255 
        D373  4 0.0791 0.0395 0.0591 0.5561 0.1039 0.0249 0.0337 0.0579 0.0232 0.0226 
        D455  4 0.0338 0.0388 0.0921 0.6513 0.0424 0.0269 0.0272 0.0352 0.0273 0.0250 
        D490  4 0.0126 0.0221 0.0325 0.7173 0.0185 0.0301 0.0988 0.0242 0.0209 0.0230 
        D497  4 0.0210 0.0151 0.0848 0.5931 0.0315 0.0286 0.0965 0.0572 0.0238 0.0482 
        D498  4 0.0447 0.0664 0.0222 0.0366 0.1194 0.4079 0.0502 0.0865 0.0743 0.0917 
        D499  4 0.1608 0.0293 0.1560 0.0216 0.0972 0.0720 0.1429 0.1203 0.1092 0.0908 
        D514  4 0.0261 0.2276 0.1139 0.0565 0.0898 0.2280 0.0674 0.1172 0.0171 0.0564 
        D515  4 0.0276 0.0481 0.0414 0.0532 0.0202 0.0822 0.5909 0.0646 0.0311 0.0407 
        D516  4 0.0750 0.1213 0.0234 0.0579 0.0600 0.0604 0.2024 0.1080 0.0582 0.2335 
        D517  4 0.0546 0.0543 0.0332 0.4504 0.0698 0.0160 0.0804 0.1649 0.0209 0.0554 
        D518  4 0.0287 0.0292 0.5602 0.1347 0.0195 0.0604 0.0555 0.0407 0.0536 0.0176 
        D519  4 0.0287 0.0277 0.0174 0.0462 0.0333 0.0148 0.7378 0.0378 0.0239 0.0323 
        D560  4 0.0362 0.0684 0.0377 0.0305 0.0466 0.0303 0.6689 0.0505 0.0144 0.0165 
        D561  4 0.0601 0.1202 0.0879 0.2778 0.0372 0.0401 0.1099 0.2022 0.0176 0.0470 
        D562  4 0.0631 0.0656 0.1764 0.2348 0.0733 0.1123 0.0648 0.1192 0.0493 0.0413 
        D563  4 0.4011 0.0344 0.1340 0.0646 0.0750 0.0496 0.0724 0.1084 0.0173 0.0433 
        D572  4 0.0265 0.0494 0.6933 0.0584 0.0192 0.0429 0.0313 0.0344 0.0259 0.0187 
        D629  4 0.0213 0.1959 0.0885 0.3464 0.0818 0.0287 0.0711 0.0817 0.0228 0.0619 
        D630  4 0.0352 0.0631 0.0942 0.1843 0.0794 0.1299 0.2636 0.0684 0.0528 0.0291 
        D631  4 0.0505 0.0218 0.7068 0.0296 0.0256 0.0292 0.0534 0.0457 0.0207 0.0166 
        D632  4 0.1916 0.0524 0.2172 0.2737 0.0210 0.0360 0.0343 0.0443 0.0215 0.1081 
        D646  4 0.0494 0.1101 0.0479 0.0387 0.0319 0.0248 0.5048 0.1047 0.0281 0.0596 
        D647  4 0.0480 0.4032 0.0800 0.0918 0.0488 0.0687 0.1285 0.0648 0.0162 0.0500 
        D648  4 0.0263 0.0195 0.3146 0.0202 0.0174 0.4639 0.0545 0.0279 0.0363 0.0192 
        D649  4 0.0245 0.2338 0.2153 0.0497 0.0404 0.0288 0.0535 0.0762 0.0231 0.2548 
        D650  4 0.0261 0.1740 0.1144 0.0898 0.0644 0.0549 0.2334 0.0856 0.0947 0.0627 
        D708  4 0.0280 0.0379 0.2601 0.0429 0.1112 0.0697 0.1361 0.1196 0.1411 0.0534 
        D709  4 0.0298 0.0264 0.0466 0.0206 0.0282 0.5661 0.0325 0.1060 0.0285 0.1152 
        D738  4 0.0181 0.0757 0.0373 0.0527 0.0332 0.0394 0.1748 0.0512 0.4273 0.0903 
        D739  4 0.0280 0.0348 0.0741 0.2581 0.0583 0.1748 0.1794 0.1057 0.0309 0.0558 
        D740  4 0.0603 0.0276 0.0804 0.0503 0.0848 0.0329 0.1269 0.2342 0.1474 0.1552 
        D741  4 0.0588 0.0818 0.0363 0.0282 0.0361 0.0232 0.5883 0.0915 0.0156 0.0402 
        D742  4 0.2389 0.0463 0.0892 0.0544 0.1068 0.0410 0.1799 0.1075 0.0900 0.0461 
        D743  4 0.0434 0.2845 0.4047 0.0475 0.0445 0.0228 0.0540 0.0547 0.0268 0.0171 
        D744  4 0.0291 0.0214 0.7884 0.0225 0.0227 0.0197 0.0295 0.0271 0.0191 0.0206 
        D745  4 0.0158 0.0233 0.0284 0.0651 0.0249 0.0191 0.7445 0.0361 0.0198 0.0231 
        D814  4 0.1460 0.0314 0.0697 0.0761 0.0519 0.0592 0.3257 0.2041 0.0227 0.0131 
        D815  4 0.0298 0.1051 0.3570 0.0245 0.0501 0.2475 0.0362 0.0494 0.0295 0.0710 
        D828  4 0.0408 0.0149 0.0500 0.0255 0.0424 0.6862 0.0442 0.0373 0.0355 0.0233 
        D845  4 0.0253 0.0216 0.0280 0.0142 0.7800 0.0143 0.0307 0.0219 0.0455 0.0186 
        D846  4 0.1346 0.1080 0.2963 0.1724 0.0526 0.0522 0.0669 0.0836 0.0123 0.0210 
        D847  4 0.0594 0.0965 0.0663 0.2662 0.1041 0.0448 0.1296 0.0980 0.0874 0.0477 
        D848  4 0.0787 0.0193 0.0332 0.5703 0.1622 0.0316 0.0162 0.0454 0.0204 0.0227 
        D849  4 0.0336 0.0402 0.0503 0.1624 0.0262 0.0910 0.3414 0.1274 0.0242 0.1033 
        D850  4 0.0392 0.1216 0.0623 0.2096 0.1704 0.0177 0.0985 0.1752 0.0724 0.0330 
        D856  4 0.0279 0.0595 0.0644 0.0675 0.0602 0.2154 0.0957 0.1659 0.0395 0.2039 
        D857  4 0.1022 0.0105 0.0254 0.0388 0.0237 0.2111 0.0331 0.0291 0.0317 0.4944 
        D859  4 0.0325 0.0569 0.4486 0.0237 0.0974 0.0418 0.1740 0.0710 0.0222 0.0319 
        D860  4 0.0971 0.0921 0.0841 0.0367 0.1543 0.0246 0.0209 0.0614 0.4023 0.0265 
        D883  4 0.0279 0.1741 0.0831 0.1533 0.0696 0.0836 0.1310 0.0834 0.0714 0.1226 
        D884  4 0.0168 0.0451 0.0362 0.0327 0.0282 0.0630 0.5668 0.0515 0.0522 0.1073 
        D885  4 0.0645 0.0820 0.0510 0.0523 0.1341 0.0209 0.3764 0.1621 0.0269 0.0297 
        D886  4 0.0558 0.1452 0.0713 0.1503 0.0393 0.2552 0.0820 0.0728 0.0236 0.1044 
        D887  4 0.1025 0.0849 0.0936 0.0467 0.2517 0.0651 0.1472 0.0915 0.0531 0.0638 
        D889  4 0.0116 0.0274 0.0566 0.0232 0.5757 0.1735 0.0495 0.0489 0.0195 0.0140 
        D890  4 0.1019 0.0465 0.0978 0.1050 0.0447 0.1555 0.0422 0.1068 0.0924 0.2071 
        D891  4 0.0112 0.0149 0.0121 0.0100 0.8900 0.0100 0.0118 0.0155 0.0123 0.0123 
        D899  4 0.3612 0.0376 0.1067 0.0343 0.1444 0.0855 0.0385 0.0928 0.0705 0.0285 
        D900  4 0.0763 0.0983 0.1265 0.1260 0.0704 0.1244 0.1106 0.1465 0.0666 0.0545 
        D970  4 0.0532 0.1571 0.3348 0.0721 0.0903 0.0318 0.0572 0.1110 0.0454 0.0471 
        D971  4 0.3830 0.0540 0.1848 0.0365 0.0211 0.0788 0.0270 0.0891 0.0644 0.0612 
        D979  4 0.0329 0.3428 0.2677 0.0341 0.0422 0.0984 0.0600 0.0617 0.0369 0.0234 
        D093  5 0.0322 0.0385 0.0238 0.0240 0.0555 0.0433 0.0991 0.0399 0.6177 0.0259 
        D154  5 0.0816 0.0288 0.0396 0.0216 0.1437 0.1094 0.3171 0.1634 0.0408 0.0541 
        D168  5 0.1856 0.0655 0.0337 0.0811 0.0993 0.0817 0.2152 0.1446 0.0178 0.0755 
        D189  5 0.0319 0.0425 0.0424 0.0279 0.2013 0.1654 0.0817 0.0874 0.2886 0.0309 
        D190  5 0.0273 0.0311 0.0647 0.0158 0.0408 0.0403 0.0447 0.0366 0.6459 0.0530 
     D237220  5 0.0275 0.0306 0.0695 0.1664 0.1290 0.0533 0.1564 0.1160 0.1274 0.1239 
     D237221  5 0.0952 0.0708 0.0789 0.0394 0.1855 0.0381 0.0764 0.0857 0.2471 0.0830 
     D237274  5 0.0621 0.3639 0.1925 0.0272 0.0284 0.0660 0.0730 0.0978 0.0184 0.0707 
     D237275  5 0.4319 0.0203 0.0195 0.0194 0.0895 0.2537 0.0321 0.0656 0.0314 0.0366 
     D237276  5 0.0364 0.0961 0.0383 0.0468 0.0408 0.0883 0.3038 0.0865 0.1245 0.1384 
     D237277  5 0.0513 0.0247 0.0663 0.0192 0.1165 0.0308 0.0557 0.0565 0.5249 0.0542 
     D237278  5 0.3188 0.0622 0.0773 0.0599 0.0382 0.0504 0.0647 0.0728 0.1663 0.0895 
     D237279  5 0.0235 0.0431 0.1024 0.1364 0.0416 0.0282 0.0478 0.3037 0.0252 0.2482 
     D237280  5 0.0215 0.0697 0.0289 0.0676 0.0254 0.0324 0.0303 0.0862 0.0539 0.5839 
     D237281  5 0.1676 0.0423 0.0422 0.0195 0.5111 0.0332 0.0622 0.0716 0.0245 0.0258 
     D237351  5 0.0176 0.0215 0.0235 0.0224 0.0276 0.0178 0.0815 0.0357 0.0513 0.7010 
     D237352  5 0.0734 0.0571 0.1801 0.3185 0.0384 0.0852 0.0508 0.0740 0.0791 0.0434 
     D237353  5 0.0182 0.0225 0.0357 0.0181 0.0657 0.0336 0.0269 0.0371 0.6119 0.1303 
     D237359  5 0.0238 0.0383 0.0594 0.1187 0.2015 0.0477 0.2445 0.1352 0.0656 0.0653 
     D237361  5 0.0181 0.0203 0.0205 0.0173 0.0281 0.0336 0.0226 0.0282 0.7698 0.0416 
     D237362  5 0.0476 0.1312 0.0511 0.0459 0.1107 0.0665 0.1692 0.1325 0.1004 0.1448 
     D237363  5 0.0743 0.0396 0.0178 0.0262 0.0478 0.0491 0.0657 0.5649 0.0568 0.0578 
     D237364  5 0.0884 0.0663 0.0983 0.0619 0.0829 0.0674 0.3633 0.1159 0.0154 0.0401 
     D237376  5 0.0224 0.0120 0.0441 0.0160 0.0274 0.7477 0.0379 0.0254 0.0493 0.0179 
     D237377  5 0.0527 0.1025 0.0580 0.0448 0.0502 0.0219 0.0439 0.1451 0.1127 0.3683 
     D237378  5 0.0651 0.0276 0.0971 0.0379 0.0844 0.1333 0.0964 0.0646 0.3680 0.0257 
     D237379  5 0.0445 0.0320 0.1970 0.0533 0.0614 0.1587 0.1273 0.0943 0.2063 0.0252 
     D237380  5 0.0213 0.0240 0.0744 0.0306 0.0162 0.2623 0.0377 0.0592 0.0436 0.4306 
     D237381  5 0.0808 0.0373 0.1105 0.1634 0.0469 0.0987 0.0487 0.1283 0.0656 0.2196 
     D237391  5 0.0154 0.0243 0.0266 0.0221 0.0431 0.0134 0.0324 0.0358 0.7638 0.0230 
     D237392  5 0.2048 0.2068 0.0608 0.0427 0.0429 0.1575 0.0637 0.1237 0.0235 0.0735 
     D237393  5 0.0571 0.3041 0.0514 0.0451 0.0554 0.0522 0.0342 0.0679 0.1439 0.1887 
     D237394  5 0.0117 0.0263 0.0273 0.0219 0.0190 0.0228 0.0239 0.0212 0.7830 0.0429 
     D237395  5 0.0658 0.0358 0.0217 0.0550 0.1104 0.1478 0.1634 0.0892 0.2313 0.0796 
     D237396  5 0.0700 0.2729 0.0691 0.1278 0.0670 0.0137 0.0369 0.1145 0.1651 0.0629 
     D244016  5 0.0395 0.0232 0.2201 0.0283 0.0870 0.0882 0.0447 0.1820 0.2085 0.0784 
     D244018  5 0.3043 0.0703 0.0293 0.0566 0.0819 0.0258 0.0738 0.0958 0.2091 0.0531 
     D244019  5 0.0978 0.0997 0.0680 0.0287 0.1201 0.1265 0.0691 0.2729 0.0414 0.0759 
        D279  5 0.0568 0.0360 0.0567 0.0235 0.2435 0.0234 0.3566 0.1073 0.0546 0.0416 
        D280  5 0.0392 0.0830 0.0350 0.1054 0.1915 0.0440 0.0597 0.2003 0.1479 0.0940 
        D281  5 0.0597 0.0257 0.0350 0.0174 0.5239 0.0591 0.0855 0.1207 0.0506 0.0224 
        D283  5 0.0310 0.1368 0.0509 0.0376 0.1172 0.0208 0.0664 0.0896 0.3733 0.0765 
        D284  5 0.0384 0.0526 0.0406 0.2041 0.0845 0.1533 0.1993 0.1372 0.0342 0.0558 
        D285  5 0.0195 0.0549 0.0617 0.0309 0.2695 0.0422 0.0806 0.0660 0.3202 0.0545 
        D286  5 0.0343 0.0785 0.1065 0.0548 0.0679 0.1446 0.2043 0.0991 0.1591 0.0508 
        D287  5 0.0180 0.0167 0.0695 0.0355 0.0263 0.5513 0.0764 0.0714 0.0926 0.0423 
        D288  5 0.0388 0.2043 0.0265 0.0334 0.2912 0.0304 0.0509 0.1779 0.0648 0.0818 
        D308  5 0.0225 0.0735 0.0246 0.0236 0.0223 0.0272 0.0350 0.0434 0.0357 0.6922 
        D309  5 0.0165 0.0232 0.7814 0.0322 0.0129 0.0226 0.0193 0.0454 0.0201 0.0263 
        D310  5 0.0112 0.0214 0.0182 0.0139 0.0493 0.0513 0.0340 0.2024 0.5577 0.0406 
        D311  5 0.0303 0.0777 0.0945 0.0305 0.0564 0.2490 0.2087 0.1271 0.0820 0.0438 
        D312  5 0.0412 0.0940 0.1927 0.0853 0.0731 0.1571 0.0528 0.0915 0.1436 0.0687 
        D313  5 0.0127 0.0162 0.0124 0.3353 0.0146 0.0165 0.0269 0.0269 0.0309 0.5075 
        D314  5 0.0628 0.0282 0.0461 0.0407 0.0989 0.1002 0.3915 0.1051 0.0465 0.0801 
        D315  5 0.0617 0.2449 0.0516 0.0710 0.0400 0.0892 0.0450 0.1138 0.1781 0.1047 
        D317  5 0.0205 0.0529 0.0164 0.0282 0.0461 0.0630 0.0457 0.0512 0.6486 0.0273 
        D318  5 0.0992 0.0887 0.1459 0.1441 0.0529 0.0882 0.1144 0.1619 0.0605 0.0442 
        D319  5 0.0202 0.0221 0.0165 0.0156 0.0460 0.0298 0.0516 0.0443 0.6519 0.1020 
        D320  5 0.0196 0.0291 0.0837 0.0348 0.0854 0.0555 0.0365 0.0595 0.5221 0.0739 
        D321  5 0.0124 0.0699 0.0205 0.0279 0.1358 0.0164 0.0296 0.0403 0.0491 0.5981 
        D336  5 0.0207 0.0257 0.0413 0.0181 0.0231 0.2857 0.0249 0.0570 0.4797 0.0237 
        D337  5 0.0215 0.0237 0.0267 0.0151 0.0898 0.0321 0.0210 0.0389 0.7101 0.0211 
        D338  5 0.0470 0.1598 0.0521 0.0410 0.1169 0.0328 0.2740 0.0940 0.1411 0.0414 
        D339  5 0.0362 0.0392 0.0233 0.0211 0.0818 0.0483 0.0843 0.1451 0.4344 0.0863 
        D347  5 0.0588 0.0654 0.0399 0.0222 0.0481 0.6293 0.0359 0.0517 0.0297 0.0190 
        D348  5 0.0262 0.0270 0.1320 0.0213 0.0340 0.0836 0.0234 0.0822 0.5479 0.0223 
