        D174  1 0.4200 0.1510 0.1844 0.0693 0.1752 
        D199  1 0.1903 0.3665 0.0803 0.2767 0.0861 
        D203  1 0.1114 0.2284 0.2171 0.2696 0.1735 
        D204  1 0.0368 0.7372 0.0468 0.0872 0.0919 
     D237366  1 0.1108 0.1464 0.3473 0.1470 0.2485 
     D237367  1 0.0724 0.3566 0.2642 0.1559 0.1509 
     D237368  1 0.1184 0.2420 0.4215 0.1449 0.0732 
     D244101  1 0.0524 0.5078 0.0397 0.2645 0.1357 
     D244102  1 0.1328 0.1503 0.1789 0.1061 0.4319 
     D244103  1 0.0818 0.5247 0.1537 0.1107 0.1291 
     D244104  1 0.2446 0.5648 0.0660 0.0812 0.0434 
     D244105  1 0.0399 0.1111 0.6212 0.0643 0.1635 
     D244106  1 0.4903 0.1307 0.0598 0.1385 0.1808 
     D244107  1 0.0338 0.1622 0.5514 0.2091 0.0436 
     D244108  1 0.4196 0.1485 0.2104 0.0791 0.1424 
     D244113  1 0.4096 0.0558 0.0570 0.0661 0.4115 
     D244114  1 0.1731 0.2172 0.0970 0.2243 0.2884 
     D244115  1 0.4140 0.2395 0.1859 0.0534 0.1072 
     D267365  1 0.3380 0.4368 0.0746 0.0729 0.0777 
        D404  1 0.3076 0.0523 0.0550 0.0561 0.5290 
        D405  1 0.1294 0.1350 0.1079 0.1406 0.4870 
        D406  1 0.0522 0.0866 0.7782 0.0277 0.0553 
        D407  1 0.0514 0.6089 0.0941 0.2143 0.0313 
        D408  1 0.7020 0.0922 0.0489 0.0596 0.0974 
        D409  1 0.0822 0.5228 0.1027 0.1979 0.0944 
        D410  1 0.0405 0.1144 0.7663 0.0283 0.0504 
        D421  1 0.0618 0.7865 0.0324 0.0971 0.0222 
        D422  1 0.0297 0.0875 0.7811 0.0752 0.0265 
        D423  1 0.0276 0.0845 0.7777 0.0761 0.0339 
        D424  1 0.0498 0.7562 0.1031 0.0432 0.0477 
        D425  1 0.2069 0.4894 0.0771 0.0717 0.1549 
        D426  1 0.1094 0.5086 0.0648 0.2848 0.0324 
        D427  1 0.2268 0.2404 0.0410 0.4611 0.0307 
        D428  1 0.1994 0.4174 0.1456 0.1040 0.1336 
        D429  1 0.2184 0.4442 0.0820 0.0877 0.1676 
        D430  1 0.2398 0.2251 0.0844 0.1930 0.2577 
        D491  1 0.7007 0.1597 0.0440 0.0388 0.0569 
        D492  1 0.1448 0.3877 0.1589 0.1517 0.1569 
        D537  1 0.0422 0.7179 0.0959 0.0688 0.0753 
        D538  1 0.1284 0.1338 0.3174 0.1698 0.2506 
        D539  1 0.3760 0.0760 0.1835 0.1106 0.2538 
        D540  1 0.1583 0.4663 0.1609 0.1206 0.0939 
        D541  1 0.0313 0.8521 0.0457 0.0429 0.0280 
        D551  1 0.1270 0.2061 0.0891 0.5064 0.0714 
        D552  1 0.3348 0.2381 0.2909 0.0747 0.0616 
        D553  1 0.0510 0.8518 0.0426 0.0320 0.0226 
        D615  1 0.1739 0.3905 0.1993 0.1345 0.1018 
        D616  1 0.1321 0.3381 0.2218 0.2576 0.0505 
        D621  1 0.1497 0.0467 0.6049 0.0436 0.1550 
        D622  1 0.0749 0.0748 0.7356 0.0434 0.0713 
        D623  1 0.2798 0.0747 0.0579 0.1958 0.3917 
        D624  1 0.7208 0.1012 0.0692 0.0478 0.0608 
        D625  1 0.0656 0.7663 0.0882 0.0354 0.0445 
        D626  1 0.4838 0.1121 0.2099 0.0663 0.1279 
        D627  1 0.1369 0.5277 0.0715 0.2065 0.0574 
        D690  1 0.0741 0.7689 0.0901 0.0251 0.0418 
        D691  1 0.0560 0.1224 0.7298 0.0496 0.0422 
        D710  1 0.1864 0.4861 0.1098 0.1131 0.1047 
        D711  1 0.0503 0.7287 0.0887 0.0488 0.0835 
        D712  1 0.6616 0.0717 0.0851 0.0724 0.1093 
        D713  1 0.1771 0.3175 0.1356 0.0563 0.3135 
        D746  1 0.0440 0.1007 0.7721 0.0514 0.0319 
        D747  1 0.0375 0.8417 0.0333 0.0528 0.0348 
        D748  1 0.0715 0.4202 0.3416 0.0507 0.1161 
        D749  1 0.1383 0.0669 0.4881 0.1312 0.1756 
        D750  1 0.4671 0.2968 0.1070 0.0478 0.0813 
        D763  1 0.0859 0.3005 0.1340 0.3000 0.1794 
        D764  1 0.2068 0.6276 0.1016 0.0366 0.0275 
        D765  1 0.2008 0.0642 0.6043 0.0392 0.0915 
        D766  1 0.0794 0.2406 0.5212 0.0573 0.1014 
        D767  1 0.0552 0.1562 0.2192 0.1344 0.4350 
        D768  1 0.0316 0.8498 0.0441 0.0453 0.0292 
        D811  1 0.3884 0.0675 0.0919 0.0484 0.4037 
        D816  1 0.0449 0.8362 0.0452 0.0324 0.0413 
        D825  1 0.3477 0.2119 0.2011 0.0493 0.1900 
        D866  1 0.5171 0.0857 0.0693 0.2554 0.0725 
        D867  1 0.0421 0.0543 0.7316 0.0764 0.0956 
        D871  1 0.1001 0.5826 0.0428 0.1810 0.0934 
        D872  1 0.0655 0.3650 0.2945 0.0817 0.1933 
        D873  1 0.0275 0.0199 0.8517 0.0298 0.0710 
        D874  1 0.1836 0.2828 0.0294 0.0826 0.4216 
        D875  1 0.0558 0.5323 0.1796 0.1375 0.0948 
        D876  1 0.1791 0.5684 0.1101 0.0418 0.1007 
        D877  1 0.2025 0.1317 0.0311 0.0534 0.5812 
        D892  1 0.1473 0.4259 0.1681 0.0452 0.2135 
        D893  1 0.0653 0.6203 0.1210 0.0895 0.1039 
        D894  1 0.0868 0.6940 0.0779 0.0610 0.0803 
        D915  1 0.1005 0.5245 0.2313 0.0832 0.0605 
        D916  1 0.0316 0.8745 0.0387 0.0297 0.0255 
        D917  1 0.2841 0.3468 0.0542 0.1810 0.1339 
        D925  1 0.1286 0.1820 0.6158 0.0383 0.0353 
        D926  1 0.1373 0.5527 0.0969 0.0718 0.1413 
        D927  1 0.0967 0.4101 0.0534 0.3296 0.1102 
        D928  1 0.6476 0.1681 0.0392 0.0386 0.1065 
        D929  1 0.0908 0.0744 0.1241 0.0461 0.6647 
        D936  1 0.0797 0.5980 0.0584 0.1311 0.1327 
        D938  1 0.0442 0.0493 0.8328 0.0294 0.0443 
        D956  1 0.5626 0.0799 0.0720 0.0734 0.2121 
        D957  1 0.0725 0.2318 0.4168 0.0659 0.2130 
        D958  1 0.1476 0.3843 0.3210 0.0421 0.1050 
        D959  1 0.0386 0.6183 0.0996 0.2137 0.0297 
        D960  1 0.0501 0.0494 0.7575 0.0353 0.1077 
        D989  1 0.6054 0.1044 0.0549 0.1462 0.0891 
        D990  1 0.1352 0.0278 0.7525 0.0579 0.0266 
        D023  2 0.0347 0.3466 0.5438 0.0514 0.0235 
        D130  2 0.0293 0.1211 0.7005 0.0545 0.0946 
        D131  2 0.0982 0.5629 0.0957 0.1438 0.0993 
        D163  2 0.0658 0.1590 0.6868 0.0437 0.0447 
        D164  2 0.0240 0.0273 0.4843 0.4331 0.0314 
        D165  2 0.0479 0.1554 0.6628 0.1016 0.0323 
        D166  2 0.0432 0.0822 0.1207 0.0812 0.6727 
        D167  2 0.0501 0.0286 0.0330 0.7964 0.0919 
        D192  2 0.0495 0.0251 0.0328 0.8325 0.0601 
        D193  2 0.1916 0.0441 0.0671 0.0747 0.6226 
        D206  2 0.0607 0.3289 0.1677 0.3286 0.1143 
        D207  2 0.0471 0.1008 0.0437 0.6327 0.1757 
        D208  2 0.5063 0.0866 0.0848 0.1859 0.1364 
        D209  2 0.0640 0.1045 0.1234 0.5520 0.1561 
        D210  2 0.5647 0.1237 0.0577 0.1918 0.0621 
     D229599  2 0.1705 0.3197 0.1298 0.1181 0.2619 
     D229600  2 0.0439 0.0705 0.4249 0.3664 0.0942 
     D237227  2 0.6532 0.0728 0.1253 0.0821 0.0666 
     D237228  2 0.3805 0.0457 0.3510 0.1158 0.1069 
     D237258  2 0.1960 0.1672 0.1930 0.2878 0.1560 
     D237310  2 0.0952 0.0362 0.4786 0.0987 0.2914 
     D237311  2 0.0601 0.0369 0.6165 0.1669 0.1196 
     D237312  2 0.0907 0.0671 0.3541 0.0559 0.4322 
     D237313  2 0.2536 0.2839 0.1992 0.0855 0.1778 
     D237322  2 0.3103 0.0758 0.1257 0.2145 0.2736 
     D237323  2 0.1829 0.0397 0.6242 0.0432 0.1100 
     D237324  2 0.0425 0.0943 0.3608 0.4387 0.0637 
     D237325  2 0.1170 0.0694 0.5229 0.0879 0.2029 
     D237326  2 0.0986 0.1398 0.6451 0.0661 0.0504 
     D237327  2 0.2049 0.1352 0.0767 0.3882 0.1950 
     D237337  2 0.0904 0.0635 0.7503 0.0341 0.0618 
     D237338  2 0.2128 0.0999 0.3863 0.1318 0.1693 
     D237339  2 0.0442 0.1523 0.0424 0.3951 0.3660 
     D237340  2 0.2185 0.0430 0.3579 0.1808 0.1998 
     D237389  2 0.0394 0.0473 0.5474 0.1136 0.2523 
     D237390  2 0.1488 0.0989 0.3527 0.0548 0.3448 
     D244017  2 0.2718 0.0691 0.0797 0.3156 0.2637 
     D244112  2 0.0393 0.0267 0.0903 0.7644 0.0792 
     D244118  2 0.0435 0.0282 0.3992 0.4462 0.0829 
     D244119  2 0.5883 0.0480 0.0490 0.2678 0.0470 
     D244120  2 0.1025 0.0311 0.0535 0.3421 0.4709 
     D244122  2 0.0786 0.0596 0.0982 0.6251 0.1385 
        D291  2 0.2435 0.1631 0.1240 0.3732 0.0962 
        D292  2 0.2311 0.2603 0.0692 0.3207 0.1188 
        D293  2 0.0266 0.1765 0.0192 0.7363 0.0414 
        D322  2 0.0390 0.2345 0.0581 0.5948 0.0737 
        D323  2 0.1259 0.2151 0.0878 0.2996 0.2716 
        D324  2 0.2452 0.3578 0.1402 0.2114 0.0454 
        D325  2 0.0210 0.0688 0.0267 0.8530 0.0307 
        D326  2 0.0503 0.8517 0.0245 0.0434 0.0301 
        D340  2 0.0371 0.0348 0.0280 0.8741 0.0260 
        D341  2 0.0729 0.0429 0.0647 0.7145 0.1050 
        D342  2 0.0431 0.0484 0.2290 0.6061 0.0735 
        D343  2 0.0172 0.0276 0.0198 0.9138 0.0216 
        D344  2 0.0437 0.3167 0.0568 0.0900 0.4928 
        D345  2 0.1433 0.3434 0.3042 0.0957 0.1134 
        D346  2 0.6089 0.1354 0.0472 0.1326 0.0758 
        D351  2 0.0575 0.5248 0.1257 0.1589 0.1331 
        D352  2 0.1043 0.1346 0.1050 0.2191 0.4371 
        D353  2 0.0473 0.5927 0.0359 0.0869 0.2372 
        D354  2 0.1257 0.3004 0.1068 0.0543 0.4128 
        D362  2 0.0624 0.7452 0.0866 0.0559 0.0499 
        D363  2 0.1055 0.7378 0.0508 0.0626 0.0432 
        D364  2 0.0721 0.5211 0.0847 0.0637 0.2584 
        D365  2 0.0283 0.0519 0.0218 0.8713 0.0266 
        D369  2 0.2329 0.3422 0.1169 0.2442 0.0638 
        D374  2 0.4224 0.0333 0.0401 0.0389 0.4653 
        D375  2 0.0388 0.1360 0.0739 0.0584 0.6929 
        D376  2 0.3972 0.0379 0.0547 0.0619 0.4483 
        D377  2 0.2260 0.1044 0.2546 0.1305 0.2845 
        D378  2 0.0536 0.4028 0.0819 0.3642 0.0975 
        D379  2 0.0846 0.7354 0.0487 0.0539 0.0773 
        D384  2 0.0657 0.8331 0.0291 0.0454 0.0267 
        D385  2 0.0565 0.0433 0.0355 0.7621 0.1027 
        D386  2 0.0405 0.5040 0.0864 0.1508 0.2183 
        D391  2 0.0307 0.0669 0.0329 0.8105 0.0590 
        D392  2 0.0983 0.1055 0.0974 0.6454 0.0534 
        D393  2 0.0837 0.5199 0.0977 0.2189 0.0797 
        D394  2 0.0800 0.1609 0.3365 0.1664 0.2562 
        D395  2 0.0400 0.0775 0.0495 0.5340 0.2990 
        D401  2 0.0830 0.0465 0.7434 0.0638 0.0633 
        D402  2 0.0405 0.0371 0.0296 0.8427 0.0501 
        D403  2 0.0485 0.4846 0.1432 0.1031 0.2206 
        D415  2 0.0274 0.7803 0.0827 0.0591 0.0505 
        D435  2 0.0386 0.5023 0.0746 0.3276 0.0569 
        D436  2 0.0788 0.2528 0.0737 0.1140 0.4807 
        D438  2 0.0367 0.0357 0.0288 0.8687 0.0301 
        D439  2 0.0420 0.3109 0.1485 0.2571 0.2415 
        D449  2 0.0390 0.1844 0.0470 0.6974 0.0322 
        D450  2 0.2392 0.3583 0.1080 0.0637 0.2307 
        D456  2 0.0334 0.8872 0.0291 0.0252 0.0252 
        D462  2 0.0215 0.0681 0.0294 0.8229 0.0581 
        D463  2 0.0458 0.8615 0.0280 0.0294 0.0353 
        D464  2 0.0618 0.3028 0.0330 0.1413 0.4611 
        D465  2 0.0526 0.3037 0.0694 0.5179 0.0563 
        D473  2 0.4864 0.0755 0.1995 0.0732 0.1654 
        D474  2 0.1754 0.5669 0.0745 0.1466 0.0366 
        D476  2 0.0371 0.1152 0.4745 0.2005 0.1727 
        D477  2 0.1590 0.5626 0.0638 0.0828 0.1318 
        D478  2 0.2022 0.1766 0.1897 0.1637 0.2678 
        D480  2 0.2124 0.3839 0.0505 0.2132 0.1400 
        D481  2 0.1596 0.4406 0.1421 0.1389 0.1187 
        D482  2 0.3034 0.0575 0.1450 0.0939 0.4001 
        D483  2 0.0904 0.0397 0.0431 0.7851 0.0417 
        D484  2 0.0630 0.0453 0.0497 0.1103 0.7316 
        D510  2 0.6558 0.0463 0.0439 0.0651 0.1889 
        D511  2 0.0595 0.4063 0.0801 0.2299 0.2241 
        D512  2 0.0382 0.0823 0.4116 0.3081 0.1598 
        D513  2 0.1265 0.1668 0.0646 0.5802 0.0619 
        D635  2 0.0498 0.6978 0.1399 0.0824 0.0301 
        D636  2 0.0401 0.0742 0.8229 0.0363 0.0265 
        D637  2 0.1607 0.0631 0.0796 0.2883 0.4083 
        D658  2 0.1364 0.0508 0.1004 0.3831 0.3292 
        D659  2 0.0651 0.7372 0.0611 0.0839 0.0527 
        D677  2 0.0702 0.3362 0.2452 0.1621 0.1863 
        D678  2 0.0510 0.0557 0.0778 0.6859 0.1297 
        D679  2 0.1410 0.5642 0.0768 0.1476 0.0705 
        D719  2 0.4848 0.2365 0.0336 0.1900 0.0551 
        D720  2 0.1202 0.7071 0.0451 0.0907 0.0368 
        D721  2 0.0766 0.2294 0.4682 0.1741 0.0517 
        D722  2 0.3863 0.0518 0.0624 0.0955 0.4040 
        D734  2 0.3433 0.1016 0.0289 0.1971 0.3291 
        D735  2 0.1739 0.4590 0.1147 0.1720 0.0803 
        D736  2 0.5539 0.1382 0.0739 0.1639 0.0700 
        D737  2 0.1173 0.0503 0.1073 0.4203 0.3047 
        D807  2 0.3338 0.2807 0.1017 0.1302 0.1536 
        D808  2 0.0681 0.2002 0.2975 0.2308 0.2033 
        D817  2 0.1658 0.5347 0.0816 0.0571 0.1607 
        D818  2 0.0569 0.1930 0.0908 0.5244 0.1349 
        D819  2 0.1413 0.4210 0.1962 0.1145 0.1270 
        D820  2 0.0467 0.7562 0.0302 0.1066 0.0603 
        D895  2 0.0813 0.5306 0.2325 0.0840 0.0715 
        D896  2 0.0593 0.0373 0.8050 0.0348 0.0636 
        D897  2 0.0667 0.0669 0.0874 0.6753 0.1037 
        D898  2 0.2131 0.1702 0.1605 0.1129 0.3433 
        D918  2 0.1362 0.0826 0.3181 0.2143 0.2488 
        D919  2 0.0527 0.3607 0.0536 0.3356 0.1974 
        D920  2 0.0554 0.0430 0.7764 0.0415 0.0837 
        D923  2 0.0467 0.7865 0.0371 0.0637 0.0659 
        D930  2 0.1687 0.4540 0.0752 0.1155 0.1866 
        D931  2 0.1044 0.4224 0.0647 0.2210 0.1875 
        D968  2 0.0329 0.0456 0.0255 0.8593 0.0367 
        D969  2 0.1406 0.4063 0.0631 0.3086 0.0815 
        D977  2 0.0486 0.0680 0.0532 0.7642 0.0660 
        D978  2 0.1897 0.1102 0.0481 0.4307 0.2212 
        D211  3 0.0754 0.1439 0.6049 0.0778 0.0979 
     D229639  3 0.4782 0.0920 0.0605 0.2689 0.1003 
     D237212  3 0.1182 0.2190 0.1739 0.2800 0.2089 
     D237213  3 0.0766 0.1487 0.3653 0.1455 0.2640 
     D237214  3 0.0556 0.2089 0.5873 0.0708 0.0774 
     D237215  3 0.2681 0.0366 0.0476 0.5060 0.1416 
     D237216  3 0.1036 0.1905 0.2322 0.2716 0.2021 
     D237217  3 0.0470 0.1595 0.6342 0.1034 0.0560 
     D237218  3 0.1826 0.1594 0.1213 0.2700 0.2666 
     D237219  3 0.3460 0.0609 0.4343 0.0687 0.0900 
     D237382  3 0.1542 0.1897 0.1793 0.1378 0.3391 
     D244127  3 0.0631 0.0436 0.6209 0.1980 0.0744 
     D244129  3 0.1259 0.2705 0.2714 0.1916 0.1406 
     D244133  3 0.4241 0.1582 0.1378 0.2079 0.0720 
     D244134  3 0.7178 0.0469 0.1054 0.0872 0.0427 
     D244135  3 0.0364 0.1090 0.6702 0.1367 0.0477 
     D244136  3 0.3510 0.3100 0.0844 0.1597 0.0950 
        D416  3 0.0984 0.2628 0.1920 0.3370 0.1099 
        D417  3 0.0525 0.6774 0.1028 0.0499 0.1174 
        D419  3 0.2201 0.1586 0.3686 0.1573 0.0953 
        D565  3 0.8251 0.0802 0.0353 0.0311 0.0283 
        D566  3 0.5884 0.1083 0.0426 0.2029 0.0579 
        D567  3 0.0551 0.6236 0.1890 0.0693 0.0631 
        D568  3 0.0497 0.2676 0.3120 0.1992 0.1715 
        D569  3 0.0651 0.0839 0.1192 0.3062 0.4257 
        D573  3 0.0939 0.2276 0.0433 0.5896 0.0455 
        D574  3 0.5528 0.0955 0.0930 0.1025 0.1562 
        D575  3 0.4105 0.1465 0.2631 0.1242 0.0556 
        D576  3 0.1444 0.0220 0.0473 0.6650 0.1213 
        D577  3 0.0884 0.6306 0.1028 0.0618 0.1164 
        D578  3 0.0289 0.0466 0.8083 0.0820 0.0340 
        D579  3 0.3392 0.2688 0.1012 0.1944 0.0964 
        D660  3 0.0567 0.0498 0.1896 0.5622 0.1417 
        D661  3 0.1237 0.0869 0.1006 0.4634 0.2253 
        D663  3 0.1695 0.1446 0.0429 0.5168 0.1263 
        D664  3 0.1567 0.0466 0.4399 0.2090 0.1478 
        D665  3 0.0433 0.0575 0.4000 0.1681 0.3311 
        D666  3 0.4268 0.1535 0.2542 0.0658 0.0997 
        D009  4 0.0580 0.1758 0.4096 0.0644 0.2922 
        D057  4 0.0918 0.0847 0.2433 0.3067 0.2735 
        D109  4 0.1116 0.0992 0.6451 0.0442 0.0999 
     D237222  4 0.1119 0.0731 0.5913 0.0685 0.1552 
     D237223  4 0.1497 0.0884 0.4319 0.1711 0.1590 
     D237224  4 0.1249 0.3032 0.0784 0.2889 0.2045 
     D237225  4 0.1087 0.1894 0.2511 0.1520 0.2988 
     D237299  4 0.1291 0.1170 0.2034 0.1742 0.3763 
     D237300  4 0.4647 0.0411 0.0590 0.3362 0.0990 
     D237306  4 0.3336 0.1602 0.1508 0.0882 0.2672 
     D237307  4 0.2937 0.4058 0.0839 0.1172 0.0994 
     D237308  4 0.1431 0.0978 0.1826 0.4215 0.1550 
     D237309  4 0.0766 0.2887 0.2644 0.1223 0.2480 
     D237317  4 0.5024 0.2519 0.0917 0.0719 0.0821 
     D237318  4 0.3116 0.0631 0.0338 0.5464 0.0451 
     D237319  4 0.1004 0.1418 0.3451 0.1358 0.2769 
     D237320  4 0.1009 0.1383 0.3461 0.3064 0.1083 
     D237321  4 0.3802 0.1044 0.0800 0.3306 0.1048 
     D237397  4 0.2740 0.0815 0.2656 0.2369 0.1420 
     D237398  4 0.2058 0.2399 0.0685 0.3807 0.1050 
     D237399  4 0.3988 0.1731 0.1402 0.1281 0.1600 
     D244001  4 0.0564 0.0561 0.5525 0.1528 0.1821 
        D289  4 0.2380 0.2374 0.0859 0.2705 0.1682 
        D290  4 0.0650 0.1302 0.0780 0.0944 0.6324 
        D294  4 0.0876 0.2935 0.0641 0.1297 0.4251 
        D295  4 0.1185 0.3178 0.1953 0.0653 0.3031 
        D301  4 0.1099 0.0314 0.6602 0.0727 0.1258 
        D302  4 0.0397 0.5159 0.0612 0.0579 0.3253 
        D303  4 0.5325 0.0844 0.1214 0.0870 0.1748 
        D304  4 0.2437 0.1471 0.0600 0.0881 0.4611 
        D305  4 0.0391 0.0896 0.1012 0.3794 0.3908 
        D306  4 0.0984 0.1458 0.0997 0.0665 0.5896 
        D307  4 0.1162 0.0352 0.7386 0.0415 0.0685 
        D327  4 0.1166 0.6291 0.0551 0.1115 0.0877 
        D328  4 0.1936 0.0585 0.0936 0.0516 0.6026 
        D329  4 0.1099 0.1476 0.1639 0.2280 0.3506 
        D330  4 0.0337 0.3413 0.2880 0.1563 0.1807 
        D331  4 0.2765 0.2064 0.1379 0.1318 0.2475 
        D333  4 0.1975 0.0909 0.1780 0.1602 0.3735 
        D334  4 0.4796 0.2259 0.1110 0.0623 0.1213 
        D335  4 0.0573 0.5400 0.0506 0.1173 0.2348 
        D370  4 0.1830 0.0816 0.1716 0.0677 0.4961 
        D371  4 0.5961 0.2025 0.0434 0.0792 0.0788 
        D372  4 0.3442 0.0300 0.0542 0.3703 0.2012 
        D373  4 0.0699 0.0752 0.5888 0.1776 0.0885 
        D455  4 0.0551 0.0574 0.7047 0.0711 0.1117 
        D490  4 0.0355 0.0436 0.8163 0.0276 0.0770 
        D497  4 0.0529 0.0382 0.7494 0.0468 0.1127 
        D498  4 0.2855 0.1095 0.1591 0.1191 0.3267 
        D499  4 0.2269 0.0889 0.0625 0.3171 0.3046 
        D514  4 0.0431 0.4537 0.0888 0.0856 0.3288 
        D515  4 0.0559 0.1018 0.3729 0.1185 0.3509 
        D516  4 0.1619 0.2078 0.3585 0.1701 0.1017 
        D517  4 0.0646 0.0894 0.6778 0.0797 0.0885 
        D518  4 0.1069 0.1152 0.2426 0.1125 0.4228 
        D519  4 0.0805 0.1220 0.4182 0.2265 0.1528 
        D560  4 0.0577 0.1682 0.2433 0.2232 0.3077 
        D561  4 0.0294 0.5015 0.1560 0.1936 0.1195 
        D562  4 0.1078 0.1446 0.2106 0.2033 0.3336 
        D563  4 0.0474 0.1115 0.0866 0.5901 0.1644 
        D572  4 0.0476 0.2230 0.1024 0.1527 0.4744 
        D629  4 0.0841 0.5039 0.2615 0.0659 0.0846 
        D630  4 0.1392 0.2010 0.1689 0.1094 0.3814 
        D631  4 0.0706 0.1130 0.0916 0.2810 0.4438 
        D632  4 0.0485 0.1375 0.5488 0.1580 0.1072 
        D646  4 0.0675 0.2591 0.3167 0.2362 0.1205 
        D647  4 0.0308 0.4676 0.2032 0.1113 0.1870 
        D648  4 0.0993 0.0404 0.0393 0.0433 0.7776 
        D649  4 0.0610 0.4857 0.2707 0.0497 0.1330 
        D650  4 0.2258 0.3065 0.1860 0.0965 0.1852 
        D708  4 0.3928 0.1203 0.0764 0.0749 0.3357 
        D709  4 0.0935 0.0855 0.0975 0.0559 0.6675 
        D738  4 0.3894 0.1773 0.2589 0.0612 0.1133 
        D739  4 0.0704 0.0975 0.2888 0.1013 0.4420 
        D740  4 0.3518 0.0654 0.2196 0.1856 0.1776 
        D741  4 0.0372 0.2291 0.2260 0.3817 0.1260 
        D742  4 0.1895 0.0876 0.1065 0.4648 0.1516 
        D743  4 0.0645 0.6239 0.0404 0.1105 0.1608 
        D744  4 0.0536 0.3267 0.0682 0.2610 0.2905 
        D745  4 0.0633 0.0713 0.6006 0.0963 0.1684 
        D814  4 0.0479 0.1005 0.0846 0.5398 0.2271 
        D815  4 0.0819 0.2320 0.1036 0.0796 0.5029 
        D828  4 0.1462 0.0316 0.0484 0.1013 0.6725 
        D845  4 0.5135 0.0470 0.0275 0.3638 0.0483 
        D846  4 0.0376 0.3068 0.1069 0.3023 0.2463 
        D847  4 0.1825 0.2244 0.2278 0.1585 0.2068 
        D848  4 0.0964 0.0451 0.5695 0.2250 0.0641 
        D849  4 0.0460 0.0883 0.4991 0.0987 0.2679 
        D850  4 0.1669 0.4311 0.1542 0.2038 0.0440 
        D856  4 0.0884 0.1734 0.2663 0.0907 0.3812 
        D857  4 0.0395 0.0208 0.7057 0.0640 0.1699 
        D859  4 0.0677 0.1422 0.0681 0.1218 0.6003 
        D860  4 0.5184 0.1753 0.0447 0.1854 0.0762 
        D883  4 0.1862 0.2677 0.2862 0.0813 0.1786 
        D884  4 0.1314 0.1148 0.3317 0.0724 0.3496 
        D885  4 0.0991 0.2603 0.1084 0.3882 0.1439 
        D886  4 0.0507 0.1629 0.4512 0.1005 0.2348 
        D887  4 0.1429 0.1776 0.1259 0.2746 0.2791 
        D889  4 0.2297 0.0920 0.0314 0.1120 0.5349 
        D890  4 0.2741 0.1203 0.2097 0.0942 0.3017 
        D891  4 0.4379 0.0375 0.0224 0.4761 0.0262 
        D899  4 0.2268 0.0776 0.0551 0.4867 0.1538 
        D900  4 0.1154 0.2846 0.1185 0.1724 0.3090 
        D970  4 0.1406 0.3085 0.1172 0.1792 0.2545 
        D971  4 0.0750 0.2007 0.0948 0.5311 0.0984 
        D979  4 0.0600 0.6305 0.0305 0.0931 0.1858 
        D093  5 0.6886 0.0665 0.0651 0.0585 0.1214 
        D154  5 0.1877 0.0687 0.0659 0.4278 0.2499 
        D168  5 0.0613 0.1377 0.2311 0.4723 0.0976 
        D189  5 0.4977 0.0944 0.0567 0.1373 0.2138 
        D190  5 0.7124 0.0646 0.0508 0.0572 0.1150 
     D237220  5 0.1982 0.0803 0.3714 0.0831 0.2671 
     D237221  5 0.4707 0.1313 0.0723 0.2089 0.1167 
     D237274  5 0.0392 0.6566 0.0639 0.1011 0.1393 
     D237275  5 0.0713 0.0382 0.0560 0.6959 0.1386 
     D237276  5 0.2427 0.1440 0.2451 0.0816 0.2866 
     D237277  5 0.7359 0.0548 0.0428 0.0910 0.0755 
     D237278  5 0.2285 0.1055 0.1566 0.3360 0.1734 
     D237279  5 0.0670 0.2328 0.5232 0.1294 0.0477 
     D237280  5 0.1609 0.1863 0.4813 0.0502 0.1214 
     D237281  5 0.1001 0.1016 0.0352 0.7142 0.0490 
     D237351  5 0.1880 0.0576 0.6250 0.0617 0.0677 
     D237352  5 0.1072 0.2141 0.3619 0.1468 0.1700 
     D237353  5 0.8455 0.0380 0.0337 0.0360 0.0467 
     D237359  5 0.2060 0.1171 0.2247 0.1463 0.3059 
     D237361  5 0.8274 0.0420 0.0427 0.0333 0.0546 
     D237362  5 0.3509 0.2990 0.0894 0.1469 0.1138 
     D237363  5 0.1521 0.1843 0.0776 0.4733 0.1127 
     D237364  5 0.0367 0.1881 0.1317 0.2629 0.3807 
     D237376  5 0.1870 0.0347 0.0377 0.0842 0.6563 
     D237377  5 0.1898 0.4004 0.2547 0.1005 0.0546 
     D237378  5 0.4403 0.0472 0.0640 0.1128 0.3357 
     D237379  5 0.2780 0.0786 0.0593 0.0889 0.4952 
     D237380  5 0.0819 0.0498 0.5258 0.0292 0.3133 
     D237381  5 0.1119 0.0825 0.4810 0.1150 0.2096 
     D237391  5 0.8110 0.0693 0.0419 0.0370 0.0409 
     D237392  5 0.0545 0.5061 0.0686 0.2373 0.1335 
     D237393  5 0.3028 0.3443 0.1536 0.1075 0.0919 
     D237394  5 0.8155 0.0656 0.0508 0.0287 0.0394 
     D237395  5 0.5065 0.0685 0.1161 0.1306 0.1782 
     D237396  5 0.1670 0.5648 0.0897 0.1461 0.0324 
     D244016  5 0.5148 0.1384 0.0521 0.1342 0.1605 
     D244018  5 0.2940 0.1009 0.1054 0.4421 0.0576 
     D244019  5 0.2010 0.2829 0.0555 0.2784 0.1822 
        D279  5 0.2337 0.0785 0.1014 0.3401 0.2463 
        D280  5 0.4841 0.1867 0.0915 0.1455 0.0921 
        D281  5 0.2591 0.0784 0.0342 0.5213 0.1071 
        D283  5 0.6524 0.1594 0.0548 0.0827 0.0508 
        D284  5 0.0903 0.1487 0.3512 0.1683 0.2416 
        D285  5 0.6196 0.1147 0.0538 0.0581 0.1539 
        D286  5 0.2315 0.1458 0.1027 0.0741 0.4459 
        D287  5 0.2419 0.0326 0.1034 0.0451 0.5771 
        D288  5 0.4884 0.2297 0.0537 0.1622 0.0660 
        D308  5 0.0612 0.1456 0.6959 0.0459 0.0514 
        D309  5 0.0351 0.4298 0.0891 0.1190 0.3269 
        D310  5 0.7706 0.0458 0.0328 0.0399 0.1108 
        D311  5 0.1829 0.1852 0.0624 0.1204 0.4491 
        D312  5 0.3111 0.2169 0.1024 0.1052 0.2644 
        D313  5 0.0464 0.0242 0.8748 0.0261 0.0285 
        D314  5 0.1839 0.0749 0.1546 0.2140 0.3725 
        D315  5 0.3258 0.3259 0.1210 0.0960 0.1313 
        D317  5 0.7425 0.0883 0.0440 0.0419 0.0833 
        D318  5 0.1175 0.2720 0.1506 0.2722 0.1876 
        D319  5 0.7449 0.0494 0.0574 0.0665 0.0819 
        D320  5 0.6834 0.0568 0.0871 0.0488 0.1238 
        D321  5 0.2653 0.0980 0.5428 0.0593 0.0345 
        D336  5 0.4366 0.0777 0.0432 0.0412 0.4013 
        D337  5 0.8544 0.0411 0.0225 0.0407 0.0413 
        D338  5 0.2591 0.2528 0.1561 0.1586 0.1733 
        D339  5 0.6687 0.0661 0.0783 0.0996 0.0873 
        D347  5 0.0886 0.1770 0.0486 0.1653 0.5205 
        D348  5 0.6243 0.0609 0.0440 0.0717 0.1990 
        D349  5 0.1553 0.0429 0.7105 0.0421 0.0492 
        D350  5 0.0423 0.2204 0.0593 0.1723 0.5057 
        D355  5 0.0693 0.1842 0.0375 0.5303 0.1787 
        D356  5 0.3694 0.3148 0.1329 0.0656 0.1172 
        D357  5 0.1890 0.1195 0.0948 0.1591 0.4376 
        D358  5 0.4129 0.2104 0.1169 0.1087 0.1511 
        D359  5 0.4435 0.3744 0.0514 0.0461 0.0846 
        D360  5 0.5562 0.1771 0.1131 0.0530 0.1006 
        D361  5 0.0531 0.0533 0.8132 0.0380 0.0424 
        D366  5 0.0409 0.4872 0.0465 0.3821 0.0433 
        D367  5 0.4485 0.0566 0.1014 0.0539 0.3396 
        D368  5 0.4073 0.2139 0.2061 0.0817 0.0911 
        D380  5 0.0791 0.4567 0.1171 0.2110 0.1360 
        D381  5 0.6084 0.1444 0.0652 0.1071 0.0749 
        D400  5 0.2717 0.0989 0.0705 0.1749 0.3840 
        D411  5 0.0288 0.0416 0.7561 0.0751 0.0983 
        D412  5 0.1713 0.1289 0.1673 0.2869 0.2456 
        D413  5 0.0702 0.1287 0.0543 0.6914 0.0554 
        D414  5 0.0461 0.0840 0.0488 0.2960 0.5252 
        D420  5 0.3509 0.0972 0.2490 0.1705 0.1324 
        D431  5 0.2209 0.0446 0.1514 0.1323 0.4509 
        D432  5 0.5388 0.1041 0.1406 0.1178 0.0987 
        D433  5 0.6654 0.0853 0.0567 0.0725 0.1201 
        D434  5 0.5697 0.1181 0.1334 0.0667 0.1121 
        D440  5 0.0408 0.1897 0.0658 0.1595 0.5441 
        D447  5 0.0472 0.4664 0.0971 0.2556 0.1336 
        D448  5 0.3309 0.0986 0.0381 0.0733 0.4591 
        D459  5 0.0940 0.1151 0.0336 0.6906 0.0666 
        D460  5 0.1516 0.1754 0.5755 0.0605 0.0370 
        D461  5 0.0664 0.4098 0.0406 0.0922 0.3909 
        D468  5 0.2238 0.3354 0.1103 0.1504 0.1801 
        D469  5 0.1296 0.5373 0.1456 0.0784 0.1091 
        D470  5 0.1264 0.1225 0.2622 0.0795 0.4094 
        D471  5 0.4548 0.0970 0.0292 0.0926 0.3264 
        D472  5 0.0729 0.6257 0.0434 0.2253 0.0327 
        D479  5 0.0430 0.0543 0.0462 0.6497 0.2068 
        D485  5 0.0889 0.0774 0.0727 0.0976 0.6634 
        D486  5 0.1440 0.2413 0.1966 0.1159 0.3023 
        D487  5 0.3596 0.0568 0.0618 0.1960 0.3259 
        D555  5 0.7199 0.0579 0.0495 0.1005 0.0721 
        D556  5 0.4388 0.0949 0.0869 0.1109 0.2685 
        D557  5 0.7522 0.0713 0.0451 0.0532 0.0782 
        D564  5 0.2731 0.1410 0.1710 0.0864 0.3286 
        D594  5 0.1012 0.2480 0.0735 0.2478 0.3295 
        D595  5 0.3825 0.2280 0.0981 0.1620 0.1295 
        D596  5 0.7769 0.0475 0.0492 0.0511 0.0754 
        D597  5 0.4067 0.1392 0.0432 0.3293 0.0816 
        D598  5 0.3815 0.1469 0.2220 0.0961 0.1535 
        D617  5 0.0431 0.0509 0.5806 0.2333 0.0921 
        D618  5 0.6368 0.1119 0.0702 0.0720 0.1091 
        D619  5 0.1466 0.2921 0.2263 0.1183 0.2167 
        D620  5 0.0678 0.0751 0.0592 0.7599 0.0380 
        D628  5 0.0926 0.1153 0.1471 0.0952 0.5498 
        D714  5 0.4297 0.0482 0.0520 0.1667 0.3034 
        D715  5 0.7537 0.1029 0.0358 0.0688 0.0388 
        D716  5 0.0994 0.1288 0.0373 0.1515 0.5830 
        D717  5 0.2755 0.4193 0.1300 0.0830 0.0921 
        D718  5 0.1140 0.0378 0.1200 0.0923 0.6360 
        D769  5 0.0461 0.0573 0.4968 0.1834 0.2164 
        D770  5 0.1442 0.1123 0.0623 0.3424 0.3387 
        D771  5 0.1527 0.0910 0.1495 0.2801 0.3267 
        D772  5 0.3813 0.1405 0.0816 0.0748 0.3218 
        D782  5 0.1511 0.1859 0.2524 0.3624 0.0483 
        D783  5 0.1930 0.0660 0.0623 0.4548 0.2240 
        D784  5 0.2070 0.5265 0.0665 0.0948 0.1052 
        D785  5 0.6505 0.0806 0.0856 0.0457 0.1376 
        D786  5 0.0483 0.1906 0.4336 0.1127 0.2148 
        D821  5 0.8814 0.0272 0.0194 0.0226 0.0494 
        D822  5 0.1923 0.4018 0.0640 0.1886 0.1533 
        D826  5 0.5181 0.0847 0.0673 0.1934 0.1366 
        D827  5 0.0617 0.4959 0.0703 0.2174 0.1547 
        D851  5 0.2313 0.3579 0.1225 0.1475 0.1408 
        D852  5 0.3346 0.0473 0.1474 0.1768 0.2939 
        D853  5 0.4177 0.1315 0.1040 0.1086 0.2383 
        D854  5 0.0674 0.2357 0.1055 0.2740 0.3174 
        D861  5 0.2527 0.1231 0.1291 0.3101 0.1850 
        D862  5 0.2863 0.4071 0.0849 0.0694 0.1524 
        D865  5 0.6806 0.0551 0.0799 0.1000 0.0844 
        D868  5 0.1706 0.5909 0.0838 0.0749 0.0798 
        D869  5 0.0865 0.0816 0.7128 0.0846 0.0346 
        D870  5 0.0447 0.5131 0.1190 0.2622 0.0611 
        D907  5 0.6160 0.0617 0.1168 0.0631 0.1424 
        D908  5 0.4393 0.0449 0.0855 0.1989 0.2314 
        D910  5 0.3886 0.1072 0.0536 0.2463 0.2044 
        D911  5 0.1377 0.1675 0.0359 0.5630 0.0960 
        D934  5 0.2054 0.1260 0.0623 0.3003 0.3060 
        D946  5 0.0964 0.0384 0.1392 0.1075 0.6185 
        D947  5 0.1524 0.2372 0.0994 0.1014 0.4096 
        D948  5 0.2306 0.0576 0.6406 0.0382 0.0330 
        D949  5 0.1407 0.0696 0.7112 0.0326 0.0459 
        D950  5 0.1378 0.1325 0.0322 0.6214 0.0761 
        D951  5 0.0486 0.6128 0.0538 0.0791 0.2057 
        D952  5 0.1866 0.5387 0.0741 0.1000 0.1007 
        D953  5 0.6900 0.1077 0.0598 0.0501 0.0924 
        D954  5 0.2761 0.5574 0.0559 0.0586 0.0521 
        D961  5 0.1137 0.0431 0.0605 0.0609 0.7218 
        D962  5 0.3640 0.1355 0.0495 0.0347 0.4164 
        D963  5 0.2857 0.3575 0.0433 0.1079 0.2056 
        D964  5 0.1666 0.1314 0.2014 0.1662 0.3344 
        D965  5 0.0616 0.0971 0.1002 0.1506 0.5906 
        D966  5 0.3533 0.2162 0.0598 0.1760 0.1948 
        D967  5 0.4595 0.0600 0.1527 0.2507 0.0771 
        D991  5 0.1253 0.1106 0.2882 0.0683 0.4076 
        D502  6 0.0310 0.0870 0.1122 0.3428 0.4270 
        D503  6 0.2000 0.0634 0.3435 0.3185 0.0746 
        D504  6 0.1681 0.4807 0.0966 0.1122 0.1424 
        D505  6 0.2965 0.2029 0.1156 0.2232 0.1619 
        D506  6 0.7460 0.0952 0.0413 0.0408 0.0767 
        D507  6 0.1108 0.1149 0.1552 0.2080 0.4112 
        D508  6 0.0755 0.2820 0.0732 0.1479 0.4214 
        D529  6 0.2051 0.2234 0.2820 0.1325 0.1570 
        D530  6 0.1602 0.0513 0.1241 0.1130 0.5515 
        D531  6 0.1586 0.3390 0.0948 0.1353 0.2723 
        D532  6 0.1720 0.2960 0.0518 0.1651 0.3151 
        D534  6 0.0406 0.0946 0.7412 0.0560 0.0676 
        D535  6 0.3560 0.3185 0.1211 0.0833 0.1212 
        D536  6 0.0313 0.0536 0.0916 0.7454 0.0782 
        D554  6 0.2052 0.1201 0.1481 0.0889 0.4377 
        D587  6 0.6468 0.1321 0.0683 0.0761 0.0767 
        D588  6 0.3519 0.3241 0.0819 0.1779 0.0642 
        D589  6 0.2983 0.0799 0.0966 0.3727 0.1525 
        D590  6 0.0552 0.0835 0.0677 0.7337 0.0599 
        D591  6 0.5101 0.1537 0.1014 0.1624 0.0724 
        D592  6 0.0930 0.0819 0.7235 0.0597 0.0419 
        D593  6 0.1512 0.0298 0.0635 0.0741 0.6813 
        D682  6 0.7728 0.0621 0.0563 0.0450 0.0638 
        D683  6 0.2334 0.6032 0.0612 0.0490 0.0532 
        D684  6 0.0678 0.1115 0.3551 0.3603 0.1054 
        D685  6 0.2121 0.0664 0.1735 0.2541 0.2940 
        D686  6 0.2103 0.0794 0.0534 0.0922 0.5648 
        D724  6 0.0497 0.2301 0.1271 0.1340 0.4591 
        D725  6 0.1444 0.0946 0.0995 0.2824 0.3791 
        D726  6 0.7509 0.0685 0.0513 0.0360 0.0933 
        D727  6 0.1165 0.2357 0.0637 0.5015 0.0826 
        D728  6 0.4730 0.1389 0.1127 0.0725 0.2029 
        D729  6 0.0365 0.2703 0.2278 0.4169 0.0485 
        D730  6 0.0597 0.1586 0.2116 0.1772 0.3928 
        D731  6 0.7780 0.0256 0.0306 0.1219 0.0439 
        D732  6 0.0649 0.3688 0.0799 0.1215 0.3649 
        D733  6 0.1072 0.1020 0.1724 0.0892 0.5293 
     D237251  7 0.1725 0.0560 0.0773 0.1994 0.4948 
     D237252  7 0.0585 0.0673 0.3914 0.2347 0.2482 
     D237253  7 0.2848 0.1101 0.0551 0.2687 0.2813 
     D237254  7 0.0348 0.0745 0.7946 0.0641 0.0321 
     D237255  7 0.2476 0.0650 0.0428 0.4660 0.1786 
     D237256  7 0.0598 0.1280 0.0423 0.3199 0.4500 
     D237257  7 0.0580 0.1692 0.2777 0.2262 0.2689 
     D237282  7 0.0396 0.5019 0.1551 0.1813 0.1222 
     D237283  7 0.0567 0.0313 0.8072 0.0646 0.0402 
     D237284  7 0.0394 0.1025 0.7472 0.0574 0.0535 
     D237285  7 0.1184 0.0843 0.0699 0.1817 0.5458 
     D237286  7 0.2173 0.3338 0.0932 0.1841 0.1716 
     D237287  7 0.1323 0.1786 0.0816 0.4977 0.1098 
     D244006  7 0.0278 0.0668 0.7720 0.0845 0.0489 
     D244007  7 0.0524 0.2058 0.0804 0.5856 0.0758 
     D244008  7 0.1160 0.0466 0.7383 0.0561 0.0430 
     D244009  7 0.1097 0.1057 0.5084 0.0516 0.2245 
     D244010  7 0.0886 0.1293 0.3206 0.2301 0.2313 
     D244011  7 0.2321 0.0623 0.1269 0.1417 0.4371 
     D244012  7 0.0633 0.1307 0.1551 0.3842 0.2667 
     D244013  7 0.2577 0.0890 0.1014 0.2675 0.2844 
     D244014  7 0.1168 0.0846 0.2835 0.2312 0.2839 
     D244015  7 0.0581 0.1842 0.3926 0.2539 0.1112 
     D244125  7 0.5756 0.1461 0.0564 0.1479 0.0741 
     D244126  7 0.0223 0.0390 0.8264 0.0364 0.0758 
     D244130  7 0.0655 0.0926 0.2970 0.1318 0.4131 
     D244131  7 0.3292 0.2390 0.1817 0.1334 0.1166 
     D244132  7 0.2413 0.2774 0.0906 0.0588 0.3320 
        D520  7 0.2116 0.1738 0.2836 0.0932 0.2379 
        D521  7 0.0754 0.1354 0.1581 0.1457 0.4853 
        D522  7 0.1522 0.1491 0.5355 0.0876 0.0755 
        D523  7 0.3163 0.0685 0.0779 0.3282 0.2091 
        D524  7 0.3301 0.1075 0.1364 0.1961 0.2299 
        D525  7 0.1843 0.0924 0.4663 0.1750 0.0820 
        D526  7 0.0395 0.1048 0.7611 0.0638 0.0307 
        D527  7 0.2051 0.2257 0.1662 0.0745 0.3285 
        D528  7 0.0316 0.3713 0.2255 0.3166 0.0549 
        D558  7 0.0400 0.1606 0.1327 0.2744 0.3923 
        D559  7 0.0355 0.1347 0.1004 0.2486 0.4809 
        D640  7 0.4359 0.1044 0.1071 0.1184 0.2342 
        D641  7 0.3746 0.0407 0.1853 0.1647 0.2347 
        D642  7 0.0987 0.0933 0.4315 0.2323 0.1443 
        D644  7 0.2312 0.1143 0.2986 0.1263 0.2296 
        D645  7 0.2508 0.1130 0.1788 0.2063 0.2511 
        D662  7 0.1481 0.1934 0.5825 0.0322 0.0437 
        D687  7 0.2681 0.1200 0.1032 0.1288 0.3798 
        D688  7 0.0367 0.2956 0.1882 0.2183 0.2611 
        D689  7 0.5217 0.1655 0.1071 0.1248 0.0809 
        D700  7 0.0305 0.3924 0.1342 0.3983 0.0447 
        D797  7 0.2934 0.2027 0.1239 0.0968 0.2833 
        D798  7 0.0742 0.1229 0.6120 0.0578 0.1331 
        D799  7 0.1310 0.0666 0.2519 0.2448 0.3057 
        D800  7 0.0418 0.5960 0.1088 0.1502 0.1032 
        D132  8 0.0553 0.0667 0.7625 0.0490 0.0665 
        D133  8 0.0419 0.0311 0.0804 0.8000 0.0466 
        D200  8 0.0294 0.0436 0.0460 0.0625 0.8184 
        D500  8 0.0375 0.0469 0.8401 0.0299 0.0456 
        D614  8 0.3823 0.1136 0.1878 0.0638 0.2525 
        D723  8 0.0729 0.3115 0.3049 0.2102 0.1005 
        D888  8 0.3712 0.0761 0.0470 0.3490 0.1567 
        D901  8 0.0936 0.0455 0.2584 0.1203 0.4822 
        D902  8 0.5478 0.0766 0.0860 0.0744 0.2151 
        D903  8 0.1246 0.5692 0.0434 0.0899 0.1729 
        D904  8 0.1018 0.3423 0.1517 0.1272 0.2770 
        D905  8 0.5252 0.0290 0.0361 0.2437 0.1660 
        D906  8 0.0714 0.1161 0.0821 0.6173 0.1130 
        D937  8 0.6841 0.0324 0.0548 0.0592 0.1695 
        D943  8 0.0675 0.1599 0.3413 0.1845 0.2468 
        D972  8 0.0541 0.2098 0.3981 0.1808 0.1571 
        D973  8 0.0557 0.6160 0.1738 0.0658 0.0888 
        D974  8 0.1273 0.1663 0.1763 0.2180 0.3121 
        D975  8 0.0982 0.0608 0.0895 0.1042 0.6473 
        D976  8 0.1855 0.0738 0.1693 0.1728 0.3986 
        D201  9 0.0927 0.1520 0.1074 0.2844 0.3634 
        D202  9 0.0589 0.0348 0.0682 0.1066 0.7315 
     D237259  9 0.0537 0.3698 0.1400 0.3684 0.0681 
     D237260  9 0.0975 0.0426 0.2556 0.3672 0.2370 
     D237262  9 0.0429 0.0510 0.8336 0.0325 0.0400 
     D237263  9 0.0567 0.0875 0.5236 0.2277 0.1045 
     D237264  9 0.1687 0.1179 0.3189 0.2581 0.1364 
     D237265  9 0.3494 0.0480 0.1082 0.3701 0.1243 
     D237266  9 0.0557 0.0790 0.2282 0.6061 0.0309 
     D237267  9 0.1909 0.1458 0.1449 0.1348 0.3836 
     D237268  9 0.0936 0.1445 0.5286 0.0594 0.1739 
     D237289  9 0.2816 0.0438 0.1120 0.3614 0.2012 
     D237290  9 0.2048 0.0451 0.1005 0.5651 0.0844 
     D237291  9 0.1332 0.0558 0.0816 0.5999 0.1294 
     D237292  9 0.0637 0.0700 0.1808 0.5462 0.1393 
     D237293  9 0.1909 0.1182 0.2527 0.1207 0.3174 
     D237294  9 0.0611 0.0344 0.3906 0.0792 0.4347 
     D237295  9 0.1952 0.3648 0.2396 0.0529 0.1474 
     D237296  9 0.1865 0.1358 0.1943 0.1921 0.2913 
     D237297  9 0.1841 0.0512 0.0657 0.0717 0.6273 
     D237298  9 0.1402 0.2062 0.1647 0.1936 0.2953 
     D237341  9 0.1970 0.1484 0.1322 0.3684 0.1541 
     D237342  9 0.0749 0.0514 0.4996 0.0946 0.2795 
     D237343  9 0.0900 0.0847 0.4171 0.2689 0.1393 
     D237344  9 0.2925 0.1034 0.1275 0.2432 0.2334 
     D237345  9 0.0233 0.0497 0.7179 0.0779 0.1313 
     D237346  9 0.2739 0.0697 0.2317 0.3211 0.1036 
     D237347  9 0.6793 0.0653 0.0653 0.0961 0.0940 
     D237348  9 0.1354 0.1202 0.3217 0.2323 0.1905 
     D237349  9 0.0458 0.2014 0.1567 0.5370 0.0591 
     D244109  9 0.0280 0.1173 0.1320 0.6644 0.0584 
     D244110  9 0.0522 0.0692 0.0936 0.7242 0.0609 
     D244111  9 0.0922 0.1278 0.1110 0.2903 0.3787 
     D244128  9 0.0342 0.0532 0.4966 0.1253 0.2907 
     D244137  9 0.0808 0.4960 0.1810 0.1803 0.0619 
     D244138  9 0.1647 0.0521 0.1400 0.3359 0.3073 
        D580  9 0.0537 0.1979 0.3463 0.0747 0.3274 
        D581  9 0.0801 0.0393 0.0830 0.6759 0.1217 
        D582  9 0.0318 0.0399 0.7875 0.0323 0.1085 
        D583  9 0.0477 0.0401 0.1721 0.6240 0.1161 
        D584  9 0.2878 0.0595 0.2510 0.1532 0.2484 
        D585  9 0.1041 0.0664 0.5401 0.1720 0.1174 
        D586  9 0.5623 0.0445 0.0416 0.3129 0.0387 
        D651  9 0.2763 0.3695 0.1116 0.1954 0.0472 
        D652  9 0.0408 0.2077 0.4018 0.2707 0.0791 
        D653  9 0.2351 0.2610 0.0657 0.3727 0.0655 
        D654  9 0.0458 0.2448 0.2310 0.3837 0.0947 
        D655  9 0.4908 0.1174 0.0786 0.2335 0.0797 
        D656  9 0.0411 0.0943 0.6377 0.1060 0.1210 
        D657  9 0.0531 0.0712 0.2371 0.2005 0.4381 
        D667  9 0.6450 0.0794 0.0659 0.1422 0.0675 
        D668  9 0.2175 0.0732 0.4594 0.1178 0.1322 
        D669  9 0.2402 0.1052 0.1149 0.2497 0.2900 
        D670  9 0.0811 0.6398 0.1028 0.1157 0.0606 
        D671  9 0.0824 0.0709 0.0994 0.5139 0.2333 
        D672  9 0.0626 0.0676 0.5391 0.1040 0.2268 
        D673  9 0.2456 0.0976 0.2028 0.0655 0.3884 
        D692  9 0.0405 0.0943 0.3131 0.4445 0.1076 
        D693  9 0.2744 0.1543 0.2396 0.1462 0.1854 
        D694  9 0.0546 0.0457 0.6628 0.0760 0.1610 
        D695  9 0.1076 0.2289 0.5046 0.0839 0.0750 
        D696  9 0.6165 0.0548 0.0351 0.0438 0.2499 
        D697  9 0.5649 0.0903 0.1155 0.1672 0.0620 
        D698  9 0.3460 0.0632 0.1094 0.3372 0.1442 
        D699  9 0.4843 0.0383 0.1131 0.1061 0.2582 
        D787  9 0.0673 0.3655 0.2722 0.2356 0.0594 
        D788  9 0.2989 0.0813 0.1344 0.0666 0.4187 
        D789  9 0.1265 0.0615 0.2264 0.1867 0.3989 
        D790  9 0.2774 0.1579 0.2314 0.2767 0.0566 
        D791  9 0.0965 0.0358 0.0742 0.2152 0.5783 
        D792  9 0.1321 0.2853 0.2227 0.3138 0.0462 
        D793  9 0.6882 0.1670 0.0465 0.0641 0.0341 
        D794  9 0.2837 0.3117 0.1181 0.2101 0.0764 
        D795  9 0.1396 0.0375 0.4958 0.0712 0.2558 
        D796  9 0.3294 0.0708 0.0979 0.3391 0.1629 
        D142 10 0.1647 0.1441 0.0569 0.1538 0.4804 
        D143 10 0.0810 0.0704 0.0818 0.6805 0.0864 
        D144 10 0.2430 0.2825 0.2021 0.1216 0.1509 
        D145 10 0.3230 0.0670 0.0756 0.2411 0.2933 
        D146 10 0.0576 0.1144 0.4713 0.0621 0.2946 
        D147 10 0.0454 0.1445 0.1656 0.1569 0.4875 
        D148 10 0.0957 0.5456 0.0418 0.1737 0.1433 
        D149 10 0.1002 0.0993 0.0952 0.6236 0.0818 
        D151 10 0.2054 0.3266 0.0916 0.2664 0.1099 
        D152 10 0.0530 0.0299 0.0402 0.7733 0.1035 
        D153 10 0.1283 0.4168 0.1157 0.0654 0.2738 
        D156 10 0.0395 0.1811 0.0460 0.1418 0.5915 
        D157 10 0.2833 0.0892 0.2341 0.0731 0.3204 
        D158 10 0.1562 0.0475 0.0798 0.1389 0.5776 
        D159 10 0.0559 0.0589 0.0389 0.7951 0.0512 
        D160 10 0.7921 0.0235 0.0311 0.1253 0.0281 
        D161 10 0.1797 0.3723 0.1298 0.1927 0.1256 
        D162 10 0.0836 0.2179 0.0398 0.1702 0.4886 
        D169 10 0.0996 0.0846 0.7000 0.0838 0.0320 
        D170 10 0.0789 0.1008 0.5449 0.0531 0.2223 
        D171 10 0.1047 0.0987 0.0765 0.0731 0.6470 
        D172 10 0.0421 0.0883 0.0956 0.0941 0.6799 
