        D174  1 0.3866 0.0780 0.0383 0.0616 0.0689 0.0752 0.0667 0.1057 0.0967 0.0224 
        D199  1 0.1303 0.0811 0.1571 0.1071 0.1597 0.1061 0.1543 0.0273 0.0440 0.0331 
        D203  1 0.0595 0.0517 0.1690 0.0521 0.2289 0.0918 0.0998 0.1128 0.0947 0.0398 
        D204  1 0.0163 0.0167 0.0284 0.0197 0.7308 0.0288 0.0207 0.0360 0.0190 0.0837 
     D237366  1 0.0527 0.3786 0.0437 0.0426 0.0510 0.0546 0.0807 0.0244 0.1654 0.1063 
     D237367  1 0.0380 0.1780 0.0741 0.0556 0.3098 0.0626 0.1136 0.0622 0.0685 0.0376 
     D237368  1 0.1264 0.3781 0.0791 0.0357 0.1157 0.0431 0.0895 0.0519 0.0257 0.0548 
     D244101  1 0.0242 0.0166 0.1019 0.0794 0.1015 0.0438 0.0680 0.0295 0.0414 0.4938 
     D244102  1 0.0354 0.0809 0.0485 0.0742 0.0581 0.3389 0.0822 0.1543 0.0631 0.0644 
     D244103  1 0.0465 0.1233 0.0376 0.0775 0.1714 0.0848 0.1232 0.0433 0.2370 0.0554 
     D244104  1 0.0827 0.0427 0.0354 0.0911 0.5835 0.0178 0.0437 0.0307 0.0371 0.0354 
     D244105  1 0.0190 0.1409 0.0294 0.0332 0.0564 0.0415 0.2207 0.1538 0.2821 0.0231 
     D244106  1 0.4776 0.0187 0.0599 0.0322 0.0553 0.0735 0.0747 0.0357 0.1472 0.0253 
     D244107  1 0.0167 0.3709 0.1140 0.0347 0.0539 0.0221 0.1213 0.1488 0.0346 0.0830 
     D244108  1 0.2922 0.0229 0.0333 0.0367 0.0479 0.0801 0.0573 0.3681 0.0272 0.0343 
     D244113  1 0.2857 0.0337 0.0377 0.0658 0.0144 0.3965 0.0493 0.0313 0.0177 0.0680 
     D244114  1 0.0737 0.0308 0.0402 0.0848 0.0559 0.0553 0.2622 0.0549 0.2982 0.0440 
     D244115  1 0.2338 0.0403 0.0211 0.0420 0.1156 0.0495 0.1759 0.2416 0.0498 0.0303 
     D267365  1 0.1855 0.0946 0.0386 0.1312 0.2973 0.0560 0.0704 0.0376 0.0461 0.0429 
        D404  1 0.1568 0.0208 0.0355 0.0312 0.0234 0.5269 0.0390 0.0385 0.0335 0.0944 
        D405  1 0.0379 0.0325 0.0755 0.0411 0.0835 0.5517 0.0602 0.0408 0.0313 0.0454 
        D406  1 0.0450 0.4883 0.0217 0.0185 0.0668 0.0236 0.0527 0.2063 0.0300 0.0470 
        D407  1 0.0268 0.1316 0.0674 0.0415 0.5892 0.0261 0.0559 0.0161 0.0295 0.0161 
        D408  1 0.3191 0.0226 0.0286 0.2879 0.0588 0.0623 0.0709 0.0773 0.0389 0.0335 
        D409  1 0.0457 0.0930 0.0393 0.0799 0.0889 0.0776 0.2186 0.0669 0.2369 0.0532 
        D410  1 0.0222 0.0205 0.0113 0.0151 0.0630 0.0220 0.0287 0.7646 0.0217 0.0309 
        D421  1 0.0219 0.0149 0.0295 0.0142 0.8625 0.0087 0.0136 0.0086 0.0139 0.0122 
        D422  1 0.0162 0.6871 0.0297 0.0248 0.0729 0.0172 0.0445 0.0307 0.0609 0.0160 
        D423  1 0.0170 0.0552 0.0555 0.0170 0.1005 0.0308 0.0576 0.6235 0.0229 0.0199 
        D424  1 0.0361 0.0479 0.0223 0.0308 0.5871 0.0330 0.1264 0.0412 0.0538 0.0216 
        D425  1 0.0905 0.0259 0.0260 0.0559 0.3565 0.1192 0.1673 0.0989 0.0318 0.0280 
        D426  1 0.0289 0.1168 0.0470 0.1617 0.0766 0.0184 0.2558 0.0199 0.2474 0.0274 
        D427  1 0.2385 0.0276 0.3575 0.0274 0.2415 0.0139 0.0315 0.0204 0.0221 0.0197 
        D428  1 0.1557 0.0705 0.0393 0.0448 0.2808 0.1060 0.1158 0.0849 0.0238 0.0783 
        D429  1 0.1444 0.0295 0.0353 0.0361 0.3137 0.1153 0.0964 0.0520 0.1512 0.0261 
        D430  1 0.1252 0.0367 0.0593 0.0658 0.0677 0.1649 0.1901 0.0487 0.2127 0.0290 
        D491  1 0.6467 0.0245 0.0125 0.0612 0.0559 0.0413 0.0485 0.0392 0.0411 0.0290 
        D492  1 0.1061 0.0667 0.0346 0.0288 0.2678 0.1474 0.1870 0.0611 0.0471 0.0533 
        D537  1 0.0257 0.0381 0.0257 0.0341 0.6511 0.0400 0.0503 0.0547 0.0302 0.0501 
        D538  1 0.1002 0.1379 0.0643 0.0323 0.0541 0.2200 0.1338 0.1573 0.0401 0.0600 
        D539  1 0.1473 0.0564 0.0503 0.1646 0.0302 0.0893 0.1000 0.0652 0.2473 0.0496 
        D540  1 0.0343 0.0882 0.0262 0.1993 0.2172 0.0657 0.1739 0.0724 0.0953 0.0276 
        D541  1 0.0149 0.0180 0.0184 0.0173 0.8355 0.0132 0.0213 0.0253 0.0180 0.0181 
        D551  1 0.0329 0.0356 0.1039 0.0980 0.0547 0.0310 0.2685 0.0270 0.3261 0.0223 
        D552  1 0.2234 0.0702 0.0312 0.0693 0.1298 0.0258 0.0793 0.2238 0.0638 0.0835 
        D553  1 0.0179 0.0210 0.0151 0.0304 0.8307 0.0107 0.0210 0.0148 0.0187 0.0196 
        D615  1 0.0630 0.0421 0.0765 0.0536 0.3547 0.0783 0.1202 0.1073 0.0791 0.0253 
        D616  1 0.0688 0.1007 0.1139 0.0508 0.2395 0.0342 0.1513 0.1330 0.0838 0.0240 
        D621  1 0.0880 0.1885 0.0220 0.0468 0.0158 0.0573 0.0621 0.1992 0.0333 0.2870 
        D622  1 0.0443 0.3730 0.0318 0.0596 0.0448 0.0327 0.0794 0.2277 0.0664 0.0401 
        D623  1 0.2411 0.0277 0.0989 0.0458 0.0231 0.2014 0.0548 0.0700 0.0210 0.2162 
        D624  1 0.7473 0.0362 0.0172 0.0223 0.0309 0.0238 0.0594 0.0270 0.0238 0.0122 
        D625  1 0.0605 0.0614 0.0184 0.0342 0.5604 0.0216 0.0542 0.0841 0.0493 0.0561 
        D626  1 0.2545 0.1470 0.0367 0.1172 0.0693 0.0624 0.0751 0.1263 0.0811 0.0305 
        D627  1 0.0364 0.0766 0.0338 0.1615 0.0762 0.0194 0.2591 0.0166 0.2918 0.0286 
        D690  1 0.0466 0.0454 0.0129 0.0240 0.7289 0.0165 0.0243 0.0563 0.0162 0.0290 
        D691  1 0.0500 0.4572 0.0247 0.0276 0.1004 0.0150 0.0434 0.1505 0.1078 0.0235 
        D710  1 0.1286 0.1406 0.0377 0.0569 0.1934 0.0468 0.1285 0.0899 0.0263 0.1514 
        D711  1 0.0288 0.0393 0.0230 0.0147 0.7040 0.0460 0.0375 0.0350 0.0285 0.0432 
        D712  1 0.4925 0.0889 0.0372 0.0926 0.0341 0.0844 0.0519 0.0359 0.0350 0.0473 
        D713  1 0.1062 0.0417 0.0198 0.0378 0.1679 0.2288 0.1525 0.0748 0.0412 0.1292 
        D746  1 0.0281 0.5836 0.0434 0.0417 0.0924 0.0145 0.0406 0.0856 0.0433 0.0267 
        D747  1 0.0220 0.0187 0.0239 0.0200 0.8172 0.0144 0.0176 0.0157 0.0185 0.0321 
        D748  1 0.0336 0.1463 0.0225 0.0358 0.2773 0.0227 0.0543 0.1653 0.1935 0.0487 
        D749  1 0.0738 0.1926 0.0398 0.0327 0.0254 0.1011 0.3008 0.0834 0.0642 0.0864 
        D750  1 0.5802 0.0267 0.0203 0.0253 0.1064 0.0292 0.0319 0.0991 0.0319 0.0490 
        D763  1 0.0228 0.0868 0.0995 0.1810 0.0699 0.0484 0.1860 0.0359 0.1028 0.1670 
        D764  1 0.2584 0.0462 0.0192 0.0320 0.3923 0.0228 0.0486 0.1386 0.0256 0.0163 
        D765  1 0.0887 0.0463 0.0219 0.0300 0.0389 0.0562 0.0892 0.5505 0.0640 0.0143 
        D766  1 0.0348 0.0581 0.0264 0.0722 0.0762 0.0350 0.0597 0.4729 0.0563 0.1084 
        D767  1 0.0346 0.0892 0.0851 0.0244 0.0896 0.2105 0.0998 0.1171 0.0533 0.1964 
        D768  1 0.0145 0.0209 0.0266 0.0243 0.8126 0.0149 0.0284 0.0227 0.0202 0.0149 
        D811  1 0.0890 0.0201 0.0173 0.1391 0.0284 0.4579 0.0495 0.1511 0.0280 0.0197 
        D816  1 0.0255 0.0210 0.0198 0.0175 0.7958 0.0245 0.0305 0.0274 0.0167 0.0212 
        D825  1 0.1281 0.0356 0.0168 0.0404 0.0849 0.1673 0.1077 0.3458 0.0495 0.0240 
        D866  1 0.2221 0.0302 0.1130 0.2475 0.0455 0.0539 0.0905 0.0706 0.1056 0.0212 
        D867  1 0.0219 0.5888 0.0433 0.0353 0.0253 0.0562 0.0540 0.0389 0.0321 0.1042 
        D871  1 0.0548 0.0665 0.0197 0.1094 0.0714 0.0564 0.2106 0.0413 0.3007 0.0692 
        D872  1 0.0462 0.0718 0.0456 0.0330 0.1675 0.1546 0.0927 0.2944 0.0305 0.0637 
        D873  1 0.0145 0.0405 0.0267 0.0151 0.0090 0.1014 0.0313 0.7073 0.0176 0.0367 
        D874  1 0.0772 0.0155 0.0201 0.0340 0.0464 0.0406 0.0381 0.0238 0.0291 0.6751 
        D875  1 0.0201 0.1101 0.0157 0.0554 0.0498 0.0432 0.2237 0.1380 0.3116 0.0324 
        D876  1 0.1197 0.0719 0.0238 0.0534 0.3254 0.0396 0.1117 0.0772 0.0575 0.1199 
        D877  1 0.1041 0.0140 0.0220 0.0289 0.0321 0.6238 0.0603 0.0291 0.0249 0.0608 
        D892  1 0.1604 0.1014 0.0175 0.0217 0.3297 0.0447 0.0677 0.0787 0.1298 0.0483 
        D893  1 0.0232 0.0653 0.0313 0.0683 0.5745 0.0209 0.0618 0.0469 0.0582 0.0495 
        D894  1 0.0578 0.0452 0.0226 0.0350 0.5193 0.0273 0.1041 0.0354 0.1266 0.0266 
        D915  1 0.0467 0.0532 0.0329 0.0356 0.4740 0.0273 0.0512 0.1801 0.0700 0.0290 
        D916  1 0.0194 0.0204 0.0125 0.0153 0.8412 0.0109 0.0207 0.0241 0.0196 0.0157 
        D917  1 0.2508 0.0696 0.0536 0.1331 0.0980 0.0755 0.1063 0.0277 0.0324 0.1530 
        D925  1 0.1044 0.0662 0.0249 0.0350 0.1892 0.0392 0.0387 0.4620 0.0241 0.0161 
        D926  1 0.0721 0.0620 0.0266 0.0375 0.3143 0.0460 0.2033 0.0684 0.0953 0.0744 
        D927  1 0.0695 0.0856 0.2237 0.0703 0.2323 0.0524 0.1453 0.0245 0.0576 0.0389 
        D928  1 0.7315 0.0113 0.0155 0.0190 0.0661 0.0453 0.0272 0.0510 0.0122 0.0208 
        D929  1 0.0560 0.1129 0.0238 0.0345 0.0309 0.2313 0.0588 0.0369 0.0541 0.3608 
        D936  1 0.0299 0.0253 0.0492 0.0664 0.4120 0.0423 0.0917 0.0371 0.0513 0.1949 
        D938  1 0.0297 0.4929 0.0185 0.0484 0.0363 0.0229 0.0394 0.2172 0.0337 0.0610 
        D956  1 0.5035 0.0245 0.0266 0.0466 0.0388 0.1438 0.0649 0.0446 0.0764 0.0304 
        D957  1 0.0304 0.0345 0.0338 0.0183 0.0743 0.0749 0.0688 0.5893 0.0261 0.0495 
        D958  1 0.1025 0.0526 0.0238 0.0271 0.1131 0.0411 0.0694 0.4438 0.0313 0.0954 
        D959  1 0.0254 0.1355 0.0583 0.0220 0.6313 0.0245 0.0521 0.0168 0.0207 0.0134 
        D960  1 0.0413 0.4404 0.0218 0.0168 0.0263 0.0897 0.0786 0.1928 0.0522 0.0400 
        D989  1 0.5820 0.0370 0.0770 0.0693 0.0326 0.0410 0.0682 0.0273 0.0403 0.0253 
        D990  1 0.0706 0.0994 0.0333 0.0668 0.0147 0.0139 0.1040 0.5394 0.0346 0.0232 
        D023  2 0.0171 0.8247 0.0179 0.0157 0.0428 0.0100 0.0236 0.0162 0.0122 0.0196 
        D130  2 0.0162 0.5118 0.0524 0.0231 0.1144 0.0827 0.0533 0.0518 0.0720 0.0224 
        D131  2 0.0445 0.0343 0.0406 0.1498 0.1688 0.0386 0.2567 0.0937 0.1148 0.0581 
        D163  2 0.0504 0.5853 0.0154 0.0315 0.0973 0.0207 0.0761 0.0403 0.0310 0.0521 
        D164  2 0.0107 0.0323 0.5002 0.0173 0.0116 0.0163 0.0277 0.3522 0.0136 0.0182 
        D165  2 0.0166 0.7868 0.0261 0.0302 0.0309 0.0116 0.0257 0.0186 0.0231 0.0304 
        D166  2 0.0155 0.0571 0.0384 0.0458 0.0486 0.3790 0.1904 0.0587 0.0983 0.0683 
        D167  2 0.0348 0.0177 0.7148 0.0179 0.0147 0.1218 0.0267 0.0198 0.0178 0.0141 
        D192  2 0.0210 0.0138 0.8320 0.0183 0.0110 0.0311 0.0175 0.0153 0.0186 0.0215 
        D193  2 0.0381 0.0182 0.0269 0.0291 0.0200 0.6552 0.0711 0.0261 0.0810 0.0343 
        D206  2 0.0215 0.0584 0.3275 0.1590 0.1071 0.0544 0.1290 0.0357 0.0781 0.0294 
        D207  2 0.0216 0.0242 0.5154 0.0510 0.0352 0.1602 0.0826 0.0302 0.0569 0.0227 
        D208  2 0.1907 0.0552 0.1084 0.2877 0.0426 0.0591 0.0881 0.0379 0.0851 0.0452 
        D209  2 0.0300 0.0542 0.3498 0.0473 0.0311 0.0477 0.1652 0.0638 0.0412 0.1697 
        D210  2 0.5277 0.0324 0.0781 0.0753 0.0507 0.0317 0.0506 0.0261 0.0882 0.0392 
     D229599  2 0.0554 0.0985 0.0495 0.1181 0.1418 0.0573 0.1620 0.0686 0.0509 0.1979 
     D229600  2 0.0229 0.3103 0.3101 0.0254 0.0386 0.0680 0.1022 0.0469 0.0469 0.0287 
     D237227  2 0.3881 0.0617 0.0491 0.0740 0.0473 0.0256 0.0606 0.2376 0.0337 0.0223 
     D237228  2 0.1443 0.0185 0.0418 0.0500 0.0146 0.0426 0.0861 0.5478 0.0376 0.0167 
     D237258  2 0.0660 0.1272 0.1817 0.1113 0.0581 0.1086 0.1397 0.0988 0.0398 0.0689 
     D237310  2 0.0252 0.0258 0.0299 0.0201 0.0138 0.1186 0.0512 0.6127 0.0718 0.0309 
     D237311  2 0.0239 0.0264 0.1312 0.0238 0.0118 0.0432 0.0419 0.6492 0.0307 0.0180 
     D237312  2 0.0422 0.0769 0.0229 0.0338 0.0279 0.2025 0.0824 0.2918 0.1511 0.0685 
     D237313  2 0.0745 0.0387 0.0282 0.1827 0.1241 0.0405 0.1457 0.1585 0.1287 0.0784 
     D237322  2 0.0771 0.0332 0.0574 0.1122 0.0274 0.0499 0.2835 0.1455 0.0974 0.1164 
     D237323  2 0.1329 0.0468 0.0257 0.0300 0.0136 0.0370 0.0337 0.6138 0.0408 0.0256 
     D237324  2 0.0154 0.1261 0.2118 0.0595 0.0439 0.0188 0.3950 0.0500 0.0412 0.0383 
     D237325  2 0.0589 0.0550 0.0457 0.0308 0.0246 0.0521 0.0659 0.4976 0.0985 0.0709 
     D237326  2 0.0412 0.0304 0.0323 0.0232 0.0437 0.0183 0.0344 0.7208 0.0223 0.0333 
     D237327  2 0.0496 0.0726 0.1229 0.1682 0.0483 0.0390 0.1982 0.0290 0.1642 0.1081 
     D237337  2 0.0244 0.0209 0.0144 0.0209 0.0163 0.0210 0.0262 0.8019 0.0324 0.0215 
     D237338  2 0.1084 0.1045 0.0773 0.0806 0.0477 0.0309 0.1325 0.2092 0.1021 0.1067 
     D237339  2 0.0190 0.0199 0.1045 0.0358 0.0285 0.0473 0.0702 0.0225 0.0256 0.6269 
     D237340  2 0.1099 0.0412 0.1488 0.0353 0.0181 0.0905 0.0483 0.4355 0.0410 0.0313 
     D237389  2 0.0217 0.0246 0.0722 0.0263 0.0233 0.1871 0.0470 0.5079 0.0603 0.0296 
     D237390  2 0.0704 0.0470 0.0218 0.0519 0.0383 0.0917 0.0541 0.4623 0.1114 0.0512 
     D244017  2 0.1837 0.0473 0.2042 0.0269 0.0223 0.3555 0.0766 0.0343 0.0253 0.0239 
     D244112  2 0.0200 0.0425 0.7185 0.0175 0.0160 0.0701 0.0319 0.0151 0.0479 0.0203 
     D244118  2 0.0385 0.2177 0.5457 0.0164 0.0114 0.0469 0.0401 0.0408 0.0154 0.0272 
     D244119  2 0.5894 0.0143 0.2523 0.0198 0.0209 0.0248 0.0207 0.0290 0.0154 0.0135 
     D244120  2 0.0404 0.0230 0.2686 0.0506 0.0128 0.3380 0.0648 0.0368 0.1124 0.0526 
     D244122  2 0.0307 0.0557 0.5798 0.0437 0.0253 0.1144 0.0417 0.0256 0.0493 0.0341 
        D291  2 0.0219 0.1310 0.1088 0.4126 0.0640 0.0501 0.0882 0.0298 0.0754 0.0183 
        D292  2 0.0825 0.0310 0.2373 0.1419 0.1696 0.0663 0.0907 0.0859 0.0449 0.0498 
        D293  2 0.0161 0.0118 0.5487 0.0357 0.0943 0.0145 0.0898 0.0173 0.0260 0.1458 
        D322  2 0.0184 0.0324 0.4028 0.0383 0.0798 0.0257 0.0692 0.0581 0.0295 0.2457 
        D323  2 0.0367 0.0317 0.1241 0.2644 0.0487 0.2016 0.1079 0.0588 0.0509 0.0752 
        D324  2 0.0645 0.0804 0.0583 0.2817 0.1245 0.0272 0.1062 0.1189 0.1073 0.0310 
        D325  2 0.0139 0.0185 0.7763 0.0271 0.0377 0.0131 0.0224 0.0179 0.0454 0.0277 
        D326  2 0.0310 0.0165 0.0170 0.0229 0.8216 0.0157 0.0216 0.0138 0.0204 0.0194 
        D340  2 0.0220 0.0156 0.8016 0.0179 0.0279 0.0145 0.0252 0.0213 0.0242 0.0297 
        D341  2 0.0347 0.0283 0.4645 0.0566 0.0405 0.0331 0.0429 0.0489 0.2152 0.0354 
        D342  2 0.0184 0.0973 0.4297 0.0594 0.0195 0.0601 0.0814 0.0511 0.1602 0.0229 
        D343  2 0.0109 0.0114 0.8773 0.0125 0.0175 0.0110 0.0154 0.0101 0.0174 0.0164 
        D344  2 0.0200 0.0144 0.0459 0.0278 0.0509 0.2314 0.0715 0.0414 0.0576 0.4391 
        D345  2 0.0403 0.0580 0.0382 0.0766 0.0647 0.0335 0.1511 0.2303 0.0306 0.2767 
        D346  2 0.3712 0.0270 0.0532 0.2472 0.0473 0.0417 0.0525 0.0439 0.0724 0.0436 
        D351  2 0.0222 0.0563 0.0527 0.0926 0.2128 0.0480 0.2144 0.1157 0.0748 0.1104 
        D352  2 0.0461 0.0218 0.0265 0.0277 0.0179 0.0323 0.0670 0.0493 0.0209 0.6905 
        D353  2 0.0179 0.0154 0.0231 0.0225 0.1177 0.0284 0.6464 0.0198 0.0338 0.0751 
        D354  2 0.0444 0.0152 0.0152 0.0241 0.0318 0.0480 0.0337 0.0423 0.0199 0.7252 
        D362  2 0.0311 0.0626 0.0278 0.0245 0.7015 0.0439 0.0378 0.0310 0.0171 0.0227 
        D363  2 0.0388 0.0712 0.0252 0.0364 0.6809 0.0284 0.0351 0.0361 0.0182 0.0297 
        D364  2 0.0467 0.0283 0.0251 0.0340 0.1871 0.0898 0.0737 0.0623 0.0485 0.4046 
        D365  2 0.0238 0.0114 0.8156 0.0213 0.0256 0.0133 0.0194 0.0197 0.0187 0.0312 
        D369  2 0.1574 0.0425 0.1165 0.1419 0.1746 0.0335 0.1075 0.1549 0.0448 0.0266 
        D374  2 0.1154 0.0128 0.0144 0.0203 0.0157 0.7367 0.0245 0.0219 0.0198 0.0186 
        D375  2 0.0161 0.0167 0.0142 0.0203 0.0165 0.0668 0.0449 0.0191 0.0268 0.7586 
        D376  2 0.2160 0.0190 0.0336 0.0285 0.0175 0.4595 0.0733 0.0371 0.0485 0.0670 
        D377  2 0.0615 0.0365 0.0501 0.2704 0.0230 0.1191 0.0827 0.2125 0.0982 0.0459 
        D378  2 0.0279 0.1104 0.2022 0.0820 0.0788 0.0178 0.1047 0.0292 0.0502 0.2968 
        D379  2 0.0271 0.0197 0.0187 0.0673 0.6383 0.0409 0.0485 0.0359 0.0568 0.0469 
        D384  2 0.0393 0.0111 0.0144 0.0255 0.8137 0.0134 0.0259 0.0191 0.0184 0.0191 
        D385  2 0.0381 0.0163 0.6080 0.0299 0.0219 0.0329 0.0368 0.0232 0.0274 0.1656 
        D386  2 0.0199 0.0602 0.0667 0.0409 0.0636 0.0373 0.1276 0.0327 0.0502 0.5009 
        D391  2 0.0194 0.0196 0.6468 0.0320 0.0289 0.0226 0.0257 0.0349 0.0295 0.1406 
        D392  2 0.0458 0.0472 0.4950 0.0395 0.0472 0.0363 0.0568 0.1688 0.0295 0.0340 
        D393  2 0.0242 0.0529 0.0944 0.1740 0.1447 0.0163 0.0750 0.0504 0.0642 0.3041 
        D394  2 0.0408 0.1492 0.0828 0.0408 0.0722 0.0768 0.1420 0.1733 0.0666 0.1555 
        D395  2 0.0257 0.0245 0.2366 0.0284 0.0163 0.0449 0.0815 0.0193 0.0328 0.4899 
        D401  2 0.0266 0.0116 0.0235 0.0399 0.0200 0.0328 0.0218 0.7955 0.0170 0.0113 
        D402  2 0.0166 0.0156 0.6914 0.0636 0.0179 0.0248 0.0276 0.0340 0.0351 0.0734 
        D403  2 0.0199 0.0597 0.0310 0.0447 0.1425 0.0928 0.3423 0.0253 0.1168 0.1250 
        D415  2 0.0157 0.0308 0.0239 0.0198 0.4836 0.0294 0.1594 0.1246 0.0755 0.0372 
        D435  2 0.0197 0.0260 0.1592 0.0345 0.5408 0.0178 0.0420 0.0381 0.0559 0.0658 
        D436  2 0.0440 0.0289 0.0308 0.0253 0.1418 0.1296 0.0696 0.0446 0.0810 0.4044 
        D438  2 0.0244 0.0167 0.8281 0.0363 0.0131 0.0150 0.0190 0.0130 0.0199 0.0145 
        D439  2 0.0142 0.0483 0.0297 0.0414 0.0387 0.0199 0.0534 0.0343 0.0247 0.6955 
        D449  2 0.0225 0.0302 0.4748 0.0351 0.1091 0.0328 0.1208 0.0258 0.1193 0.0296 
        D450  2 0.1173 0.0678 0.0221 0.0837 0.0934 0.0606 0.1720 0.0420 0.1275 0.2136 
        D456  2 0.0193 0.0248 0.0142 0.0311 0.8107 0.0133 0.0259 0.0150 0.0208 0.0249 
        D462  2 0.0130 0.0214 0.7125 0.0207 0.0305 0.0185 0.0256 0.0169 0.0192 0.1218 
        D463  2 0.0378 0.0164 0.0118 0.0204 0.8000 0.0228 0.0219 0.0215 0.0168 0.0307 
        D464  2 0.0313 0.0185 0.0574 0.0288 0.0526 0.1334 0.3437 0.0277 0.0527 0.2540 
        D465  2 0.0287 0.0243 0.3897 0.0663 0.1839 0.0389 0.0674 0.1284 0.0482 0.0243 
        D473  2 0.3804 0.0706 0.0361 0.0561 0.0233 0.0461 0.0722 0.1594 0.0568 0.0989 
        D474  2 0.0524 0.0562 0.0557 0.1322 0.5020 0.0167 0.0483 0.0518 0.0412 0.0434 
        D476  2 0.0150 0.2865 0.0345 0.0150 0.0199 0.0152 0.0254 0.0189 0.0194 0.5503 
        D477  2 0.0540 0.0261 0.0223 0.1244 0.1439 0.0325 0.0749 0.1328 0.0625 0.3265 
        D478  2 0.0853 0.3239 0.0490 0.0547 0.0348 0.1223 0.1610 0.0435 0.0415 0.0841 
        D480  2 0.1075 0.0242 0.0878 0.1204 0.1448 0.0339 0.1078 0.0316 0.0948 0.2472 
        D481  2 0.1171 0.1269 0.0580 0.0508 0.1765 0.0379 0.1238 0.0741 0.0357 0.1992 
        D482  2 0.0905 0.0487 0.0336 0.1599 0.0219 0.0999 0.1256 0.0742 0.0727 0.2730 
        D483  2 0.0765 0.0269 0.7494 0.0234 0.0158 0.0267 0.0260 0.0269 0.0133 0.0151 
        D484  2 0.0227 0.0174 0.0211 0.0234 0.0134 0.0616 0.0238 0.0196 0.0159 0.7811 
        D510  2 0.4027 0.0192 0.0252 0.1065 0.0265 0.2482 0.0424 0.0318 0.0624 0.0351 
        D511  2 0.0200 0.0426 0.0414 0.0469 0.0511 0.0202 0.0379 0.0301 0.0288 0.6810 
        D512  2 0.0146 0.0343 0.1046 0.0389 0.0248 0.0717 0.0647 0.5558 0.0619 0.0286 
        D513  2 0.0600 0.0329 0.4455 0.1190 0.0993 0.0430 0.0762 0.0478 0.0506 0.0257 
        D635  2 0.0248 0.5345 0.0324 0.0315 0.2031 0.0160 0.0782 0.0272 0.0282 0.0240 
        D636  2 0.0195 0.7948 0.0146 0.0428 0.0261 0.0156 0.0248 0.0313 0.0140 0.0165 
        D637  2 0.0579 0.0257 0.1366 0.0800 0.0245 0.0831 0.1114 0.0676 0.1285 0.2848 
        D658  2 0.0885 0.0211 0.3528 0.0227 0.0239 0.0745 0.0668 0.0805 0.0612 0.2082 
        D659  2 0.0421 0.0642 0.0278 0.0660 0.5950 0.0205 0.0492 0.0184 0.0511 0.0658 
        D677  2 0.0208 0.0969 0.0556 0.0800 0.2586 0.0577 0.1065 0.0680 0.2326 0.0235 
        D678  2 0.0186 0.0352 0.4992 0.0462 0.0183 0.1556 0.0957 0.0542 0.0447 0.0322 
        D679  2 0.0562 0.0372 0.0573 0.2103 0.3193 0.0230 0.1176 0.0380 0.0718 0.0693 
        D719  2 0.3676 0.0122 0.1720 0.0811 0.1197 0.0238 0.0642 0.0794 0.0236 0.0563 
        D720  2 0.0677 0.0238 0.0251 0.0394 0.7132 0.0188 0.0370 0.0351 0.0224 0.0173 
        D721  2 0.0360 0.7020 0.0481 0.0312 0.0408 0.0141 0.0524 0.0201 0.0294 0.0258 
        D722  2 0.1128 0.0192 0.0358 0.0459 0.0220 0.6122 0.0515 0.0567 0.0212 0.0227 
        D734  2 0.1205 0.0148 0.0425 0.0280 0.0200 0.0250 0.0320 0.0150 0.0366 0.6657 
        D735  2 0.0963 0.0486 0.0616 0.1655 0.1558 0.0348 0.1405 0.1226 0.0762 0.0981 
        D736  2 0.3230 0.0373 0.0822 0.1789 0.0556 0.0332 0.0573 0.0758 0.0990 0.0577 
        D737  2 0.0517 0.0539 0.4884 0.0369 0.0163 0.0674 0.0584 0.0570 0.0336 0.1364 
        D807  2 0.2016 0.0602 0.0574 0.1532 0.1120 0.0545 0.0587 0.0915 0.0890 0.1219 
        D808  2 0.0298 0.0528 0.0796 0.0477 0.0592 0.0828 0.1529 0.3134 0.1109 0.0709 
        D817  2 0.0337 0.0374 0.0213 0.2810 0.2373 0.0832 0.0733 0.1033 0.0477 0.0819 
        D818  2 0.0303 0.1365 0.1881 0.0654 0.0513 0.0311 0.2297 0.0279 0.1996 0.0400 
        D819  2 0.0394 0.0595 0.0325 0.2319 0.1138 0.0534 0.0843 0.3176 0.0374 0.0303 
        D820  2 0.0211 0.0194 0.0500 0.0325 0.6432 0.0176 0.0498 0.0180 0.0299 0.1187 
        D895  2 0.0438 0.1312 0.0490 0.0786 0.3104 0.0343 0.1873 0.0486 0.0446 0.0722 
        D896  2 0.0188 0.0114 0.0115 0.0137 0.0137 0.0247 0.0149 0.8627 0.0148 0.0137 
        D897  2 0.0272 0.0319 0.3760 0.0663 0.0399 0.0438 0.1105 0.0502 0.2041 0.0500 
        D898  2 0.0447 0.0514 0.0320 0.1517 0.0326 0.1120 0.1604 0.2413 0.1035 0.0703 
        D918  2 0.0604 0.0737 0.0683 0.0573 0.0331 0.0425 0.1652 0.1945 0.2043 0.1007 
        D919  2 0.0254 0.0385 0.0735 0.0542 0.1035 0.0706 0.1129 0.0243 0.0332 0.4639 
        D920  2 0.0859 0.5532 0.0477 0.0277 0.0345 0.0541 0.0490 0.0491 0.0579 0.0410 
        D923  2 0.0224 0.0277 0.0360 0.0352 0.5623 0.0443 0.0852 0.0379 0.0285 0.1205 
        D930  2 0.0880 0.0255 0.0392 0.0950 0.1654 0.0521 0.1324 0.0762 0.1614 0.1647 
        D931  2 0.0433 0.0354 0.1060 0.0543 0.1964 0.0615 0.0839 0.0653 0.0427 0.3112 
        D968  2 0.0171 0.0128 0.7849 0.0395 0.0279 0.0214 0.0279 0.0230 0.0185 0.0270 
        D969  2 0.0653 0.0356 0.2340 0.1150 0.1532 0.0463 0.1472 0.0736 0.0818 0.0481 
        D977  2 0.0214 0.0275 0.6754 0.0303 0.0327 0.0258 0.0523 0.0172 0.0925 0.0249 
        D978  2 0.0312 0.0312 0.1019 0.3129 0.0210 0.0728 0.1048 0.0187 0.2782 0.0274 
        D211  3 0.0208 0.5605 0.0195 0.0491 0.0523 0.0177 0.0474 0.0131 0.1927 0.0269 
     D229639  3 0.1155 0.0338 0.1248 0.3372 0.0771 0.0539 0.0806 0.0344 0.1117 0.0310 
     D237212  3 0.0229 0.0668 0.0769 0.2206 0.0660 0.0334 0.0965 0.0492 0.1003 0.2674 
     D237213  3 0.0185 0.0776 0.0354 0.2209 0.0434 0.0781 0.1084 0.1703 0.1571 0.0902 
     D237214  3 0.0239 0.8065 0.0121 0.0145 0.0286 0.0189 0.0392 0.0168 0.0243 0.0153 
     D237215  3 0.0757 0.0210 0.4091 0.0803 0.0181 0.2644 0.0574 0.0371 0.0212 0.0157 
     D237216  3 0.0253 0.1245 0.0260 0.0601 0.0548 0.0416 0.4478 0.0348 0.1448 0.0404 
     D237217  3 0.0178 0.2092 0.0442 0.0509 0.0848 0.0178 0.3282 0.0395 0.1806 0.0270 
     D237218  3 0.0669 0.0337 0.0529 0.1034 0.0446 0.0197 0.0719 0.0239 0.4416 0.1414 
     D237219  3 0.0979 0.0945 0.0301 0.2608 0.0457 0.0361 0.0907 0.1690 0.1593 0.0160 
     D237382  3 0.0932 0.0365 0.0462 0.0477 0.1031 0.2496 0.0777 0.1778 0.1328 0.0355 
     D244127  3 0.0212 0.0553 0.0683 0.0965 0.0233 0.0456 0.0882 0.5004 0.0639 0.0372 
     D244129  3 0.0513 0.1305 0.0725 0.0982 0.0771 0.0435 0.1286 0.2321 0.0748 0.0914 
     D244133  3 0.1005 0.0612 0.0985 0.3431 0.0845 0.0683 0.1164 0.0570 0.0573 0.0133 
     D244134  3 0.2622 0.0573 0.0405 0.3708 0.0351 0.0195 0.0628 0.0759 0.0524 0.0234 
     D244135  3 0.0176 0.6828 0.0548 0.0367 0.0454 0.0207 0.0488 0.0205 0.0413 0.0314 
     D244136  3 0.1480 0.0596 0.0833 0.2296 0.1660 0.0891 0.0955 0.0451 0.0579 0.0260 
        D416  3 0.0376 0.0974 0.1316 0.1384 0.0905 0.0326 0.1655 0.0726 0.1797 0.0541 
        D417  3 0.0239 0.0220 0.0162 0.0188 0.5967 0.0349 0.0569 0.0477 0.1554 0.0275 
        D419  3 0.0656 0.0617 0.0931 0.2092 0.1164 0.0279 0.1204 0.1253 0.1367 0.0437 
        D565  3 0.7480 0.0227 0.0178 0.0650 0.0373 0.0185 0.0310 0.0245 0.0172 0.0179 
        D566  3 0.2181 0.0286 0.1032 0.2923 0.0724 0.0755 0.0612 0.0694 0.0630 0.0164 
        D567  3 0.0316 0.0766 0.0454 0.0415 0.4325 0.0550 0.0915 0.0916 0.0569 0.0774 
        D568  3 0.0187 0.0927 0.1100 0.0522 0.1255 0.0440 0.1273 0.0876 0.1436 0.1985 
        D569  3 0.0393 0.0948 0.0640 0.0425 0.0197 0.0855 0.0823 0.0225 0.0582 0.4912 
        D573  3 0.0373 0.0204 0.2736 0.2358 0.1664 0.0250 0.0933 0.0389 0.0634 0.0458 
        D574  3 0.2644 0.0591 0.0335 0.1332 0.0377 0.1600 0.1049 0.0814 0.0794 0.0463 
        D575  3 0.0879 0.1098 0.0409 0.4198 0.0725 0.0256 0.0842 0.0689 0.0574 0.0329 
        D576  3 0.0256 0.0362 0.4943 0.1310 0.0101 0.1941 0.0419 0.0194 0.0290 0.0183 
        D577  3 0.0290 0.0914 0.0258 0.1022 0.4517 0.0673 0.0774 0.0256 0.0843 0.0453 
        D578  3 0.0157 0.8032 0.0245 0.0174 0.0156 0.0172 0.0388 0.0323 0.0210 0.0144 
        D579  3 0.1911 0.0453 0.0707 0.1351 0.1365 0.0343 0.0841 0.0571 0.1093 0.1364 
        D660  3 0.0203 0.0721 0.4600 0.1095 0.0183 0.0590 0.0999 0.0617 0.0567 0.0425 
        D661  3 0.0210 0.0360 0.1375 0.1050 0.0282 0.0265 0.1007 0.0300 0.4429 0.0723 
        D663  3 0.0185 0.0314 0.2074 0.3191 0.0569 0.0880 0.1467 0.0177 0.0786 0.0357 
        D664  3 0.0580 0.1308 0.1191 0.1904 0.0248 0.0710 0.1068 0.1084 0.1651 0.0255 
        D665  3 0.0128 0.1977 0.0383 0.1270 0.0188 0.1554 0.2208 0.0709 0.0735 0.0849 
        D666  3 0.0911 0.0549 0.0211 0.3026 0.0641 0.0201 0.0651 0.2510 0.0954 0.0344 
        D009  4 0.0317 0.1464 0.0219 0.0307 0.1256 0.0719 0.1318 0.0770 0.2414 0.1214 
        D057  4 0.0364 0.1898 0.1303 0.0318 0.0374 0.0267 0.0675 0.0193 0.0367 0.4241 
        D109  4 0.0463 0.0754 0.0183 0.0730 0.0502 0.0491 0.1724 0.4131 0.0663 0.0357 
     D237222  4 0.1259 0.5164 0.0265 0.0337 0.0290 0.1207 0.0496 0.0287 0.0316 0.0379 
     D237223  4 0.1159 0.0688 0.0582 0.0402 0.0345 0.0617 0.1552 0.0947 0.3202 0.0508 
     D237224  4 0.0350 0.0574 0.1848 0.1452 0.0897 0.0461 0.1113 0.0442 0.0644 0.2220 
     D237225  4 0.0500 0.1137 0.0308 0.0720 0.1348 0.0462 0.1933 0.0435 0.2212 0.0945 
     D237299  4 0.0295 0.0238 0.0236 0.0537 0.0171 0.0442 0.0940 0.0476 0.6429 0.0237 
     D237300  4 0.0304 0.0298 0.1293 0.5270 0.0186 0.0349 0.0544 0.0204 0.1307 0.0245 
     D237306  4 0.3617 0.0261 0.0283 0.0240 0.0848 0.1691 0.0569 0.1068 0.1060 0.0364 
     D237307  4 0.1222 0.0463 0.0511 0.0896 0.3740 0.0793 0.0779 0.0353 0.1050 0.0192 
     D237308  4 0.0778 0.0392 0.3471 0.0508 0.0414 0.0469 0.0715 0.0913 0.0351 0.1990 
     D237309  4 0.0275 0.0909 0.0518 0.0553 0.1283 0.0817 0.2567 0.0815 0.1202 0.1059 
     D237317  4 0.3101 0.0602 0.0312 0.0582 0.1392 0.0698 0.2078 0.0428 0.0345 0.0461 
     D237318  4 0.0201 0.0187 0.2261 0.4859 0.0279 0.0290 0.0308 0.0178 0.1280 0.0157 
     D237319  4 0.0404 0.0651 0.0442 0.0617 0.0588 0.1243 0.1712 0.1652 0.2351 0.0339 
     D237320  4 0.0314 0.0918 0.0860 0.0749 0.0566 0.0258 0.0683 0.0843 0.4544 0.0265 
     D237321  4 0.0507 0.0434 0.1480 0.3950 0.0534 0.0443 0.0709 0.0581 0.1053 0.0310 
     D237397  4 0.1487 0.0568 0.0994 0.0924 0.0606 0.0778 0.1016 0.0543 0.2857 0.0226 
     D237398  4 0.0168 0.0322 0.0843 0.3648 0.0561 0.0256 0.0809 0.0218 0.2652 0.0523 
     D237399  4 0.2046 0.0933 0.0539 0.1524 0.0879 0.0497 0.0839 0.0795 0.1372 0.0576 
     D244001  4 0.0258 0.2717 0.1639 0.0237 0.0415 0.1926 0.1097 0.0313 0.0744 0.0655 
        D289  4 0.2434 0.0554 0.0829 0.0655 0.0670 0.0250 0.0686 0.0403 0.0787 0.2731 
        D290  4 0.0319 0.0442 0.0363 0.0423 0.0905 0.3768 0.1595 0.0429 0.1345 0.0411 
        D294  4 0.0381 0.0618 0.0258 0.0427 0.0759 0.0729 0.1754 0.0299 0.2313 0.2462 
        D295  4 0.0498 0.0436 0.0287 0.0757 0.2538 0.0615 0.0713 0.1658 0.1662 0.0836 
        D301  4 0.0597 0.4186 0.0393 0.0693 0.0223 0.1763 0.0704 0.0551 0.0607 0.0283 
        D302  4 0.0163 0.0320 0.0147 0.0242 0.0647 0.0519 0.0496 0.0154 0.0295 0.7018 
        D303  4 0.4872 0.0255 0.0520 0.0479 0.0373 0.0676 0.0589 0.0866 0.0545 0.0825 
        D304  4 0.0718 0.0543 0.0425 0.1608 0.1076 0.2367 0.1253 0.0272 0.1436 0.0303 
        D305  4 0.0131 0.0396 0.0754 0.0440 0.0240 0.0597 0.3274 0.0274 0.0443 0.3450 
        D306  4 0.0360 0.0505 0.0209 0.0253 0.0350 0.4082 0.3010 0.0303 0.0648 0.0280 
        D307  4 0.0795 0.6539 0.0284 0.0422 0.0186 0.0313 0.0452 0.0324 0.0284 0.0400 
        D327  4 0.0641 0.0277 0.0498 0.0661 0.5276 0.0511 0.0913 0.0268 0.0628 0.0328 
        D328  4 0.0971 0.0232 0.0319 0.0487 0.0208 0.2708 0.0717 0.0747 0.0645 0.2966 
        D329  4 0.0431 0.0526 0.0909 0.0483 0.0502 0.0527 0.1841 0.0911 0.1002 0.2868 
        D330  4 0.0182 0.0668 0.0772 0.0303 0.2607 0.0807 0.1138 0.1863 0.0658 0.1002 
        D331  4 0.0750 0.0678 0.0285 0.1074 0.1725 0.2429 0.1228 0.0856 0.0652 0.0325 
        D333  4 0.0648 0.0458 0.0812 0.0638 0.0736 0.1601 0.0789 0.0733 0.1633 0.1953 
        D334  4 0.5602 0.0807 0.0219 0.0422 0.0602 0.0334 0.0502 0.0235 0.0797 0.0481 
        D335  4 0.0352 0.0284 0.0425 0.0336 0.1500 0.1248 0.0508 0.0426 0.0222 0.4700 
        D370  4 0.0369 0.0304 0.0307 0.0363 0.0373 0.5487 0.0647 0.1498 0.0259 0.0394 
        D371  4 0.5782 0.0163 0.0310 0.0559 0.1372 0.0671 0.0400 0.0276 0.0224 0.0243 
        D372  4 0.0293 0.0176 0.1213 0.3696 0.0134 0.1090 0.1487 0.0247 0.1466 0.0198 
        D373  4 0.0264 0.6051 0.0646 0.0636 0.0385 0.0292 0.0637 0.0215 0.0374 0.0501 
        D455  4 0.0267 0.6879 0.0338 0.0269 0.0326 0.0232 0.0330 0.0232 0.0246 0.0881 
        D490  4 0.0212 0.7614 0.0111 0.0230 0.0270 0.0268 0.0292 0.0225 0.0566 0.0213 
        D497  4 0.0274 0.6140 0.0217 0.0445 0.0128 0.0336 0.0647 0.0471 0.0740 0.0600 
        D498  4 0.0800 0.0405 0.0389 0.0765 0.0707 0.3689 0.0831 0.1575 0.0539 0.0299 
        D499  4 0.0940 0.0184 0.1417 0.1551 0.0202 0.0681 0.1311 0.0960 0.1472 0.1281 
        D514  4 0.0159 0.0520 0.0321 0.0888 0.2417 0.1849 0.1369 0.0549 0.0583 0.1345 
        D515  4 0.0260 0.0446 0.0293 0.0260 0.0518 0.0922 0.0877 0.0980 0.4861 0.0583 
        D516  4 0.0603 0.0765 0.0764 0.1547 0.1651 0.0563 0.1064 0.1520 0.1270 0.0253 
        D517  4 0.0209 0.4300 0.0375 0.0411 0.0641 0.0242 0.2168 0.0449 0.0819 0.0387 
        D518  4 0.0550 0.1221 0.0482 0.0227 0.0303 0.0758 0.0660 0.0273 0.0469 0.5058 
        D519  4 0.0222 0.0342 0.0364 0.0301 0.0365 0.0147 0.0450 0.0642 0.6970 0.0197 
        D560  4 0.0159 0.0205 0.0517 0.0284 0.0717 0.0255 0.0562 0.0384 0.6533 0.0384 
        D561  4 0.0190 0.1829 0.0754 0.0342 0.0931 0.0436 0.2385 0.1031 0.0986 0.1117 
        D562  4 0.0522 0.2926 0.0640 0.0637 0.0407 0.1085 0.1608 0.0337 0.0818 0.1020 
        D563  4 0.0212 0.0643 0.3181 0.0816 0.0221 0.0455 0.1315 0.0518 0.0738 0.1902 
        D572  4 0.0233 0.0868 0.0304 0.0191 0.0503 0.0574 0.0488 0.0234 0.0535 0.6071 
        D629  4 0.0225 0.3772 0.0242 0.1852 0.1223 0.0220 0.0669 0.0222 0.0626 0.0950 
        D630  4 0.0646 0.1745 0.0376 0.0508 0.0895 0.1315 0.1227 0.0489 0.1792 0.1008 
        D631  4 0.0195 0.0303 0.0772 0.0243 0.0247 0.0235 0.0493 0.0218 0.0710 0.6584 
        D632  4 0.0157 0.2511 0.1472 0.0419 0.0400 0.0403 0.0773 0.1028 0.0234 0.2603 
        D646  4 0.0251 0.0271 0.0595 0.0379 0.2056 0.0278 0.0896 0.1646 0.3156 0.0472 
        D647  4 0.0153 0.0849 0.0652 0.0386 0.3796 0.0733 0.0703 0.1080 0.0887 0.0761 
        D648  4 0.0372 0.0187 0.0208 0.0384 0.0181 0.5834 0.0369 0.0217 0.0355 0.1894 
        D649  4 0.0241 0.0395 0.0207 0.0551 0.1741 0.0309 0.0630 0.3284 0.0565 0.2076 
        D650  4 0.0905 0.0814 0.0329 0.0896 0.1788 0.0497 0.0919 0.0882 0.2128 0.0840 
        D708  4 0.1389 0.0383 0.0262 0.1159 0.0376 0.0921 0.1192 0.0421 0.1649 0.2249 
        D709  4 0.0291 0.0189 0.0248 0.0487 0.0287 0.3672 0.0988 0.3067 0.0319 0.0452 
        D738  4 0.4881 0.0379 0.0210 0.0363 0.0940 0.0451 0.0471 0.1348 0.0715 0.0241 
        D739  4 0.0332 0.3280 0.0307 0.0389 0.0297 0.1635 0.1327 0.0378 0.1523 0.0533 
        D740  4 0.1255 0.0697 0.0537 0.0677 0.0236 0.0274 0.1996 0.1140 0.2546 0.0640 
        D741  4 0.0170 0.0303 0.1203 0.0395 0.1504 0.0324 0.1484 0.0761 0.3544 0.0312 
        D742  4 0.0999 0.0729 0.2283 0.0856 0.0266 0.0342 0.1117 0.0485 0.2076 0.0848 
        D743  4 0.0260 0.0306 0.0421 0.0477 0.3078 0.0220 0.0435 0.0219 0.0630 0.3953 
        D744  4 0.0196 0.0213 0.0222 0.0233 0.0161 0.0150 0.0281 0.0199 0.0309 0.8037 
        D745  4 0.0209 0.0478 0.0176 0.0334 0.0206 0.0221 0.0468 0.0730 0.6902 0.0274 
        D814  4 0.0240 0.0842 0.1355 0.0375 0.0337 0.0643 0.2155 0.0134 0.3323 0.0598 
        D815  4 0.0366 0.0330 0.0349 0.0533 0.0942 0.1810 0.0837 0.0839 0.0322 0.3672 
        D828  4 0.0450 0.0261 0.0376 0.0463 0.0119 0.6500 0.0552 0.0270 0.0544 0.0464 
        D845  4 0.0645 0.0152 0.1858 0.5256 0.0216 0.0153 0.0308 0.0184 0.0997 0.0232 
        D846  4 0.0136 0.1500 0.1188 0.0444 0.1190 0.0620 0.1085 0.0231 0.0293 0.3313 
        D847  4 0.0973 0.2395 0.0551 0.0785 0.0686 0.0387 0.1175 0.0545 0.1873 0.0630 
        D848  4 0.0190 0.6315 0.0822 0.0959 0.0177 0.0275 0.0380 0.0203 0.0312 0.0366 
        D849  4 0.0227 0.2512 0.0395 0.0569 0.0475 0.0705 0.1026 0.0453 0.3139 0.0499 
        D850  4 0.0769 0.1763 0.0809 0.1534 0.1313 0.0214 0.1646 0.0542 0.0765 0.0645 
        D856  4 0.0412 0.0514 0.0259 0.0476 0.0378 0.1417 0.2852 0.2258 0.0936 0.0499 
        D857  4 0.0236 0.0323 0.0786 0.0138 0.0100 0.2134 0.0442 0.5362 0.0281 0.0198 
        D859  4 0.0235 0.0299 0.0418 0.0401 0.0765 0.0593 0.1093 0.0319 0.0939 0.4938 
        D860  4 0.4875 0.0332 0.0832 0.0843 0.0689 0.0245 0.0626 0.0279 0.0363 0.0916 
        D883  4 0.0684 0.1527 0.0344 0.0862 0.1809 0.1088 0.0878 0.1170 0.0862 0.0775 
        D884  4 0.0440 0.0319 0.0222 0.0578 0.0796 0.0810 0.0522 0.1916 0.3867 0.0531 
        D885  4 0.0294 0.0417 0.0647 0.1056 0.0933 0.0185 0.1153 0.0306 0.4603 0.0407 
        D886  4 0.0251 0.1755 0.0627 0.0312 0.1410 0.1939 0.0761 0.1503 0.0853 0.0590 
        D887  4 0.0532 0.0483 0.1248 0.0997 0.0867 0.0899 0.1248 0.0706 0.1988 0.1032 
        D889  4 0.0228 0.0170 0.0304 0.3589 0.0363 0.1328 0.0703 0.0185 0.2586 0.0544 
        D890  4 0.0696 0.0924 0.0743 0.2044 0.0333 0.1783 0.1212 0.0962 0.0426 0.0880 
        D891  4 0.0119 0.0143 0.2142 0.5492 0.0160 0.0111 0.0179 0.0120 0.1405 0.0129 
        D899  4 0.0806 0.0298 0.4064 0.1168 0.0262 0.0801 0.0799 0.0315 0.0379 0.1109 
        D900  4 0.0685 0.1096 0.0914 0.0450 0.0893 0.1172 0.1619 0.0720 0.0945 0.1507 
        D970  4 0.0567 0.0786 0.0536 0.0858 0.0859 0.0280 0.1241 0.0573 0.0715 0.3584 
        D971  4 0.0611 0.0457 0.3617 0.0315 0.0548 0.0682 0.0665 0.0936 0.0201 0.1970 
        D979  4 0.0318 0.0262 0.0345 0.0427 0.3291 0.1115 0.0727 0.0271 0.0314 0.2929 
        D093  5 0.6417 0.0223 0.0261 0.0391 0.0537 0.0473 0.0395 0.0351 0.0755 0.0198 
        D154  5 0.0360 0.0187 0.1087 0.1870 0.0251 0.0924 0.1233 0.0309 0.3470 0.0310 
        D168  5 0.0190 0.1284 0.1514 0.1933 0.0656 0.0551 0.1306 0.0503 0.1749 0.0315 
        D189  5 0.2968 0.0282 0.0480 0.1379 0.0446 0.1889 0.0690 0.0286 0.1247 0.0332 
        D190  5 0.5651 0.0173 0.0294 0.1188 0.0293 0.0441 0.0350 0.0544 0.0482 0.0584 
     D237220  5 0.1322 0.1715 0.0290 0.0476 0.0294 0.0353 0.1160 0.1529 0.2255 0.0606 
     D237221  5 0.2285 0.0375 0.1269 0.1984 0.0519 0.0351 0.0680 0.0868 0.0973 0.0696 
     D237274  5 0.0168 0.0211 0.0565 0.0277 0.3200 0.1067 0.0608 0.0995 0.0287 0.2623 
     D237275  5 0.0242 0.0254 0.4187 0.0969 0.0191 0.1907 0.0798 0.0680 0.0618 0.0154 
     D237276  5 0.1558 0.0456 0.0332 0.0516 0.1050 0.0794 0.0782 0.1190 0.2892 0.0430 
     D237277  5 0.4452 0.0174 0.0455 0.2213 0.0262 0.0383 0.0416 0.0456 0.0647 0.0542 
     D237278  5 0.1888 0.0537 0.2669 0.0286 0.0434 0.0625 0.1506 0.0684 0.0715 0.0655 
     D237279  5 0.0222 0.1081 0.0334 0.0971 0.0397 0.0259 0.2067 0.3401 0.0426 0.0841 
     D237280  5 0.0712 0.1367 0.0244 0.1003 0.1057 0.0425 0.1563 0.2454 0.0463 0.0713 
     D237281  5 0.0324 0.0174 0.3681 0.2773 0.0590 0.0279 0.0719 0.0198 0.0909 0.0354 
     D237351  5 0.0561 0.0296 0.0212 0.1606 0.0205 0.0195 0.0384 0.5444 0.0912 0.0184 
     D237352  5 0.0586 0.2811 0.0600 0.1084 0.0600 0.0728 0.0707 0.0510 0.0338 0.2037 
     D237353  5 0.5591 0.0120 0.0216 0.1904 0.0171 0.0347 0.0250 0.0864 0.0186 0.0351 
     D237359  5 0.0582 0.1380 0.0261 0.0808 0.0368 0.0386 0.1002 0.0426 0.4353 0.0434 
     D237361  5 0.7451 0.0157 0.0178 0.0401 0.0214 0.0372 0.0388 0.0430 0.0233 0.0177 
     D237362  5 0.0666 0.0346 0.0413 0.4248 0.1043 0.0608 0.0572 0.0540 0.1217 0.0347 
     D237363  5 0.0454 0.0267 0.0700 0.0955 0.0389 0.0568 0.5340 0.0429 0.0655 0.0243 
     D237364  5 0.0155 0.0617 0.0718 0.0511 0.0449 0.0577 0.0850 0.0445 0.4788 0.0890 
     D237376  5 0.0413 0.0150 0.0251 0.0249 0.0107 0.7364 0.0244 0.0214 0.0297 0.0712 
     D237377  5 0.1392 0.0442 0.0453 0.1485 0.0716 0.0200 0.1375 0.3189 0.0233 0.0514 
     D237378  5 0.3346 0.0313 0.0645 0.0794 0.0255 0.1907 0.0827 0.0333 0.0848 0.0733 
     D237379  5 0.2130 0.0506 0.0419 0.0471 0.0338 0.1450 0.0991 0.0327 0.1172 0.2197 
     D237380  5 0.0389 0.0239 0.0145 0.0178 0.0237 0.3007 0.0465 0.4253 0.0338 0.0749 
     D237381  5 0.0699 0.1810 0.0641 0.0469 0.0357 0.1254 0.0994 0.2122 0.0417 0.1235 
     D237391  5 0.7578 0.0190 0.0169 0.0501 0.0245 0.0132 0.0266 0.0282 0.0408 0.0228 
     D237392  5 0.0227 0.0312 0.1591 0.0686 0.2187 0.1595 0.0895 0.1185 0.0359 0.0964 
     D237393  5 0.1641 0.0542 0.0677 0.0497 0.3231 0.0882 0.0843 0.0961 0.0301 0.0425 
     D237394  5 0.7048 0.0226 0.0119 0.0917 0.0237 0.0203 0.0278 0.0435 0.0201 0.0336 
     D237395  5 0.1710 0.0531 0.0440 0.1385 0.0317 0.1125 0.0833 0.0815 0.2618 0.0226 
     D237396  5 0.1850 0.0746 0.0859 0.0758 0.2653 0.0165 0.1025 0.0882 0.0345 0.0717 
     D244016  5 0.1324 0.0240 0.0347 0.3314 0.0169 0.0702 0.1066 0.0582 0.0376 0.1879 
     D244018  5 0.2375 0.0464 0.2722 0.0723 0.0814 0.0272 0.1064 0.0661 0.0631 0.0275 
     D244019  5 0.0374 0.0231 0.0719 0.3838 0.0629 0.1208 0.1168 0.0576 0.0547 0.0709 
        D279  5 0.0445 0.0243 0.0497 0.1053 0.0369 0.0282 0.0856 0.0306 0.5482 0.0467 
        D280  5 0.1510 0.1085 0.0445 0.1884 0.0895 0.0505 0.1981 0.0599 0.0753 0.0343 
        D281  5 0.0769 0.0153 0.1949 0.3444 0.0273 0.0482 0.0805 0.0205 0.1567 0.0354 
        D283  5 0.3842 0.0284 0.0404 0.1824 0.1023 0.0276 0.0871 0.0573 0.0437 0.0466 
        D284  5 0.0324 0.1731 0.0344 0.1023 0.0634 0.0934 0.1374 0.0806 0.2445 0.0386 
        D285  5 0.3162 0.0243 0.0239 0.1435 0.0582 0.0548 0.0926 0.0680 0.1573 0.0613 
        D286  5 0.1853 0.0600 0.0269 0.0588 0.0857 0.1658 0.1144 0.0493 0.1753 0.0785 
        D287  5 0.0829 0.0355 0.0200 0.0705 0.0179 0.4937 0.0702 0.0657 0.0650 0.0786 
        D288  5 0.0783 0.0309 0.0529 0.4102 0.1328 0.0280 0.1500 0.0501 0.0439 0.0229 
        D308  5 0.0358 0.0227 0.0210 0.0294 0.0647 0.0246 0.0407 0.6980 0.0353 0.0278 
        D309  5 0.0256 0.0357 0.0131 0.0160 0.0189 0.0219 0.0367 0.0216 0.0169 0.7936 
        D310  5 0.6082 0.0147 0.0129 0.0427 0.0191 0.0497 0.1791 0.0257 0.0282 0.0195 
        D311  5 0.0773 0.0304 0.0346 0.1403 0.1041 0.2405 0.1331 0.0412 0.1353 0.0633 
        D312  5 0.0990 0.0951 0.0423 0.1138 0.0787 0.1475 0.1095 0.0509 0.0609 0.2021 
        D313  5 0.0370 0.3394 0.0119 0.0183 0.0185 0.0138 0.0308 0.4911 0.0275 0.0116 
        D314  5 0.0434 0.0372 0.0437 0.1378 0.0220 0.0888 0.0936 0.0415 0.4571 0.0350 
        D315  5 0.2200 0.0914 0.0508 0.0510 0.1893 0.1011 0.1301 0.0679 0.0485 0.0500 
        D317  5 0.6568 0.0219 0.0186 0.0442 0.0699 0.0878 0.0323 0.0271 0.0280 0.0133 
        D318  5 0.0508 0.1578 0.0957 0.0688 0.0938 0.0782 0.1896 0.0370 0.0860 0.1423 
        D319  5 0.7070 0.0158 0.0218 0.0407 0.0296 0.0238 0.0320 0.0763 0.0337 0.0193 
        D320  5 0.5886 0.0338 0.0178 0.0784 0.0330 0.0492 0.0568 0.0533 0.0397 0.0493 
        D321  5 0.0530 0.0265 0.0232 0.1576 0.0809 0.0176 0.0433 0.5409 0.0336 0.0233 
        D336  5 0.4877 0.0201 0.0159 0.0214 0.0257 0.2676 0.0782 0.0295 0.0231 0.0309 
        D337  5 0.7099 0.0139 0.0227 0.0884 0.0268 0.0356 0.0321 0.0206 0.0188 0.0311 
        D338  5 0.1260 0.0397 0.0453 0.0529 0.1184 0.0269 0.1006 0.0400 0.4180 0.0323 
        D339  5 0.4918 0.0213 0.0368 0.0971 0.0415 0.0715 0.0867 0.0424 0.0932 0.0176 
        D347  5 0.0206 0.0187 0.0410 0.0281 0.0400 0.7348 0.0457 0.0171 0.0205 0.0335 
        D348  5 0.5433 0.0171 0.0210 0.0509 0.0229 0.1240 0.0527 0.0242 0.0266 0.1173 
