        D174  1 0.0446 0.6602 0.1099 0.0740 0.1113 
        D199  1 0.2494 0.2231 0.0548 0.0715 0.4012 
        D203  1 0.2360 0.0986 0.2282 0.1750 0.2623 
        D204  1 0.0339 0.0273 0.0254 0.0519 0.8615 
     D237366  1 0.1229 0.0975 0.4146 0.2433 0.1216 
     D237367  1 0.0607 0.0471 0.1640 0.1328 0.5954 
     D237368  1 0.0661 0.1038 0.5636 0.0566 0.2098 
     D244101  1 0.1724 0.0325 0.0285 0.1015 0.6650 
     D244102  1 0.0788 0.1419 0.1803 0.4742 0.1248 
     D244103  1 0.0531 0.0825 0.0926 0.2134 0.5583 
     D244104  1 0.0608 0.1436 0.0603 0.0313 0.7040 
     D244105  1 0.0400 0.0235 0.6362 0.1232 0.1771 
     D244106  1 0.1570 0.6643 0.0383 0.0711 0.0693 
     D244107  1 0.0707 0.0177 0.6330 0.0472 0.2313 
     D244108  1 0.0619 0.5339 0.2418 0.0663 0.0961 
     D244113  1 0.0447 0.7548 0.0414 0.1268 0.0322 
     D244114  1 0.1925 0.1808 0.0767 0.3489 0.2011 
     D244115  1 0.0279 0.5611 0.1452 0.1013 0.1645 
     D267365  1 0.0523 0.3948 0.0812 0.0661 0.4055 
        D404  1 0.0445 0.6334 0.0346 0.2342 0.0533 
        D405  1 0.1318 0.2805 0.0990 0.3175 0.1713 
        D406  1 0.0153 0.0343 0.8715 0.0288 0.0501 
        D407  1 0.0376 0.0259 0.0645 0.0412 0.8308 
        D408  1 0.0692 0.7534 0.0321 0.0637 0.0816 
        D409  1 0.0436 0.0507 0.0518 0.2476 0.6062 
        D410  1 0.0131 0.0389 0.8273 0.0380 0.0828 
        D421  1 0.0246 0.0335 0.0153 0.0110 0.9155 
        D422  1 0.0329 0.0152 0.8421 0.0339 0.0760 
        D423  1 0.0419 0.0178 0.8305 0.0276 0.0821 
        D424  1 0.0202 0.0333 0.0910 0.0360 0.8195 
        D425  1 0.0509 0.2585 0.0618 0.0789 0.5498 
        D426  1 0.1318 0.0412 0.0300 0.1787 0.6183 
        D427  1 0.5621 0.1880 0.0268 0.0216 0.2014 
        D428  1 0.0485 0.2454 0.0896 0.1001 0.5164 
        D429  1 0.0529 0.3795 0.0640 0.1171 0.3865 
        D430  1 0.1915 0.2233 0.0601 0.3646 0.1605 
        D491  1 0.0229 0.8088 0.0278 0.0356 0.1049 
        D492  1 0.0570 0.2555 0.1967 0.1204 0.3704 
        D537  1 0.0203 0.0311 0.0586 0.0384 0.8516 
        D538  1 0.0917 0.1452 0.2588 0.3942 0.1101 
        D539  1 0.2360 0.3410 0.1833 0.1798 0.0599 
        D540  1 0.0546 0.1538 0.1605 0.1760 0.4552 
        D541  1 0.0261 0.0243 0.0319 0.0251 0.8927 
        D551  1 0.5817 0.0558 0.0535 0.0882 0.2209 
        D552  1 0.0586 0.2534 0.4120 0.0605 0.2156 
        D553  1 0.0195 0.0283 0.0231 0.0225 0.9066 
        D615  1 0.1538 0.1351 0.2112 0.1295 0.3704 
        D616  1 0.1918 0.1061 0.2701 0.0752 0.3568 
        D621  1 0.0310 0.0985 0.7781 0.0524 0.0399 
        D622  1 0.0262 0.0554 0.8174 0.0446 0.0563 
        D623  1 0.2401 0.4599 0.0404 0.1763 0.0834 
        D624  1 0.0247 0.8595 0.0359 0.0229 0.0569 
        D625  1 0.0218 0.1062 0.0967 0.0714 0.7038 
        D626  1 0.0517 0.4683 0.2720 0.0938 0.1143 
        D627  1 0.1084 0.0668 0.0603 0.2439 0.5207 
        D690  1 0.0137 0.1006 0.0838 0.0242 0.7777 
        D691  1 0.0325 0.0422 0.7981 0.0311 0.0961 
        D710  1 0.0597 0.2340 0.1212 0.1112 0.4738 
        D711  1 0.0343 0.0685 0.0902 0.0810 0.7260 
        D712  1 0.0522 0.7636 0.0697 0.0685 0.0459 
        D713  1 0.0304 0.3779 0.1109 0.2042 0.2766 
        D746  1 0.0249 0.0283 0.8696 0.0182 0.0590 
        D747  1 0.0283 0.0259 0.0288 0.0225 0.8945 
        D748  1 0.0273 0.0577 0.3079 0.0908 0.5162 
        D749  1 0.0771 0.1180 0.6655 0.1031 0.0363 
        D750  1 0.0323 0.6371 0.0953 0.0442 0.1911 
        D763  1 0.3190 0.0400 0.0891 0.2167 0.3353 
        D764  1 0.0251 0.2872 0.1422 0.0309 0.5146 
        D765  1 0.0230 0.1598 0.6777 0.0904 0.0491 
        D766  1 0.0272 0.0658 0.5410 0.0654 0.3006 
        D767  1 0.0978 0.0737 0.2078 0.4684 0.1523 
        D768  1 0.0235 0.0167 0.0267 0.0196 0.9135 
        D811  1 0.0337 0.5177 0.0856 0.3097 0.0534 
        D816  1 0.0209 0.0949 0.0283 0.0278 0.8280 
        D825  1 0.0234 0.4665 0.1829 0.1471 0.1800 
        D866  1 0.3700 0.4337 0.0602 0.0809 0.0553 
        D867  1 0.0548 0.0388 0.8137 0.0592 0.0336 
        D871  1 0.0247 0.0570 0.0190 0.2709 0.6284 
        D872  1 0.0348 0.0735 0.2878 0.1633 0.4405 
        D873  1 0.0147 0.0152 0.9295 0.0273 0.0133 
        D874  1 0.0720 0.3046 0.0179 0.3028 0.3027 
        D875  1 0.0170 0.0328 0.0765 0.2818 0.5919 
        D876  1 0.0370 0.1438 0.1268 0.1349 0.5575 
        D877  1 0.0297 0.5292 0.0260 0.3413 0.0738 
        D892  1 0.0233 0.2822 0.1300 0.1396 0.4248 
        D893  1 0.0668 0.0414 0.1044 0.1113 0.6761 
        D894  1 0.0498 0.1204 0.0535 0.1270 0.6493 
        D915  1 0.0301 0.0933 0.1915 0.0504 0.6346 
        D916  1 0.0195 0.0441 0.0346 0.0201 0.8818 
        D917  1 0.1324 0.4502 0.0416 0.1138 0.2620 
        D925  1 0.0236 0.1099 0.7387 0.0257 0.1021 
        D926  1 0.0388 0.2662 0.0714 0.1399 0.4837 
        D927  1 0.3344 0.0984 0.0501 0.1192 0.3979 
        D928  1 0.0188 0.8377 0.0270 0.0300 0.0865 
        D929  1 0.0359 0.1702 0.0863 0.6517 0.0558 
        D936  1 0.1265 0.0811 0.0411 0.1269 0.6244 
        D938  1 0.0161 0.0213 0.8931 0.0271 0.0424 
        D956  1 0.0469 0.7719 0.0427 0.0968 0.0416 
        D957  1 0.0348 0.0869 0.4900 0.1388 0.2494 
        D958  1 0.0248 0.1431 0.3349 0.0762 0.4210 
        D959  1 0.0216 0.0207 0.0263 0.0376 0.8938 
        D960  1 0.0207 0.0355 0.8940 0.0246 0.0251 
        D989  1 0.1813 0.6414 0.0437 0.0646 0.0691 
        D990  1 0.0432 0.0480 0.8704 0.0222 0.0163 
        D023  2 0.0273 0.0307 0.6297 0.0296 0.2827 
        D130  2 0.0354 0.0212 0.7838 0.0648 0.0949 
        D131  2 0.0908 0.0580 0.0512 0.2309 0.5691 
        D163  2 0.0210 0.0543 0.7973 0.0327 0.0947 
        D164  2 0.4548 0.0105 0.4993 0.0127 0.0228 
        D165  2 0.0416 0.0234 0.7595 0.0348 0.1405 
        D166  2 0.0509 0.0396 0.0883 0.7409 0.0802 
        D167  2 0.8943 0.0345 0.0185 0.0344 0.0182 
        D192  2 0.9358 0.0185 0.0146 0.0183 0.0128 
        D193  2 0.0698 0.4438 0.0875 0.3666 0.0323 
        D206  2 0.2057 0.0505 0.1463 0.1150 0.4825 
        D207  2 0.7158 0.0332 0.0262 0.1471 0.0777 
        D208  2 0.2439 0.5393 0.0614 0.0957 0.0597 
        D209  2 0.5467 0.0530 0.0805 0.1847 0.1352 
        D210  2 0.2984 0.4906 0.0546 0.0358 0.1206 
     D229599  2 0.1649 0.1470 0.1611 0.2714 0.2556 
     D229600  2 0.3816 0.0254 0.4768 0.0699 0.0463 
     D237227  2 0.0774 0.6934 0.1217 0.0556 0.0518 
     D237228  2 0.0983 0.4450 0.3563 0.0697 0.0308 
     D237258  2 0.3429 0.1385 0.2669 0.1290 0.1228 
     D237310  2 0.0753 0.0820 0.5438 0.2753 0.0235 
     D237311  2 0.1585 0.0433 0.6884 0.0851 0.0246 
     D237312  2 0.0336 0.1412 0.3490 0.4276 0.0486 
     D237313  2 0.0515 0.2405 0.2408 0.1726 0.2946 
     D237322  2 0.2229 0.1473 0.0939 0.4856 0.0503 
     D237323  2 0.0339 0.1605 0.6817 0.0924 0.0314 
     D237324  2 0.3318 0.0215 0.4680 0.1017 0.0771 
     D237325  2 0.0641 0.1611 0.5752 0.1443 0.0553 
     D237326  2 0.0430 0.0958 0.7007 0.0374 0.1231 
     D237327  2 0.5294 0.1019 0.0628 0.1577 0.1483 
     D237337  2 0.0258 0.0897 0.7514 0.0753 0.0579 
     D237338  2 0.1418 0.2012 0.4050 0.1512 0.1008 
     D237339  2 0.3778 0.0433 0.0362 0.3537 0.1890 
     D237340  2 0.2046 0.2742 0.3773 0.1142 0.0298 
     D237389  2 0.0777 0.0567 0.6802 0.1496 0.0358 
     D237390  2 0.0557 0.2229 0.3809 0.2519 0.0886 
     D244017  2 0.3228 0.4308 0.0570 0.1401 0.0493 
     D244112  2 0.8252 0.0277 0.0490 0.0780 0.0201 
     D244118  2 0.5113 0.0208 0.4208 0.0304 0.0167 
     D244119  2 0.3213 0.6001 0.0288 0.0232 0.0266 
     D244120  2 0.5531 0.1522 0.0581 0.2190 0.0176 
     D244122  2 0.7306 0.0606 0.0863 0.0765 0.0459 
        D291  2 0.5203 0.0582 0.0957 0.1964 0.1293 
        D292  2 0.4838 0.1796 0.0603 0.0793 0.1971 
        D293  2 0.7065 0.0187 0.0147 0.0513 0.2088 
        D322  2 0.5166 0.0321 0.0447 0.1117 0.2949 
        D323  2 0.1964 0.1306 0.0879 0.3102 0.2749 
        D324  2 0.2238 0.0972 0.1573 0.0861 0.4356 
        D325  2 0.8728 0.0134 0.0174 0.0188 0.0776 
        D326  2 0.0240 0.0315 0.0146 0.0211 0.9088 
        D340  2 0.9177 0.0191 0.0209 0.0143 0.0279 
        D341  2 0.8210 0.0323 0.0477 0.0578 0.0412 
        D342  2 0.6677 0.0384 0.1622 0.0926 0.0391 
        D343  2 0.9464 0.0105 0.0115 0.0128 0.0188 
        D344  2 0.0656 0.0545 0.0671 0.4753 0.3374 
        D345  2 0.0584 0.0823 0.3197 0.1457 0.3939 
        D346  2 0.1221 0.6527 0.0395 0.0507 0.1350 
        D351  2 0.1375 0.0374 0.1032 0.3077 0.4142 
        D352  2 0.1569 0.1325 0.0651 0.5522 0.0932 
        D353  2 0.0515 0.0364 0.0252 0.2787 0.6082 
        D354  2 0.0382 0.2348 0.0988 0.3437 0.2845 
        D362  2 0.0403 0.0816 0.0912 0.0442 0.7427 
        D363  2 0.0427 0.1528 0.0479 0.0350 0.7215 
        D364  2 0.0362 0.0972 0.1008 0.2320 0.5339 
        D365  2 0.9031 0.0177 0.0140 0.0204 0.0449 
        D369  2 0.2862 0.2278 0.1204 0.0729 0.2926 
        D374  2 0.0277 0.8129 0.0259 0.1122 0.0214 
        D375  2 0.0301 0.0861 0.0995 0.6620 0.1223 
        D376  2 0.0569 0.7311 0.0515 0.1416 0.0190 
        D377  2 0.1144 0.2548 0.2198 0.2983 0.1127 
        D378  2 0.2701 0.0352 0.0592 0.1208 0.5147 
        D379  2 0.0244 0.0436 0.0339 0.0709 0.8272 
        D384  2 0.0178 0.0405 0.0173 0.0282 0.8961 
        D385  2 0.8712 0.0432 0.0182 0.0398 0.0276 
        D386  2 0.0540 0.0317 0.0802 0.2839 0.5502 
        D391  2 0.8542 0.0247 0.0207 0.0421 0.0583 
        D392  2 0.7180 0.0635 0.0851 0.0553 0.0781 
        D393  2 0.2232 0.0289 0.0865 0.1127 0.5486 
        D394  2 0.1176 0.0831 0.4106 0.2456 0.1430 
        D395  2 0.5078 0.0306 0.0261 0.3780 0.0575 
        D401  2 0.0378 0.0639 0.8293 0.0395 0.0295 
        D402  2 0.9125 0.0185 0.0152 0.0286 0.0252 
        D403  2 0.0520 0.0453 0.1427 0.2332 0.5268 
        D415  2 0.0217 0.0195 0.0482 0.0741 0.8364 
        D435  2 0.2104 0.0224 0.0743 0.0455 0.6475 
        D436  2 0.0565 0.1201 0.0707 0.3555 0.3971 
        D438  2 0.9235 0.0178 0.0186 0.0124 0.0277 
        D439  2 0.2091 0.0289 0.1063 0.3881 0.2676 
        D449  2 0.5757 0.0250 0.0244 0.0561 0.3188 
        D450  2 0.0368 0.3572 0.0819 0.3305 0.1935 
        D456  2 0.0169 0.0208 0.0207 0.0192 0.9223 
        D462  2 0.8636 0.0160 0.0183 0.0486 0.0535 
        D463  2 0.0149 0.0378 0.0195 0.0384 0.8894 
        D464  2 0.0837 0.0654 0.0288 0.5100 0.3121 
        D465  2 0.3226 0.0410 0.0485 0.0772 0.5108 
        D473  2 0.0713 0.6483 0.1421 0.0928 0.0455 
        D474  2 0.1535 0.1099 0.0943 0.0393 0.6030 
        D476  2 0.1633 0.0206 0.4963 0.1966 0.1233 
        D477  2 0.0560 0.1425 0.0736 0.2012 0.5268 
        D478  2 0.0945 0.2935 0.1507 0.3098 0.1515 
        D480  2 0.2310 0.1407 0.0328 0.1511 0.4444 
        D481  2 0.0996 0.2268 0.1549 0.1618 0.3568 
        D482  2 0.1521 0.2263 0.1561 0.4201 0.0454 
        D483  2 0.8711 0.0564 0.0315 0.0199 0.0210 
        D484  2 0.1548 0.0850 0.0432 0.6794 0.0376 
        D510  2 0.0734 0.8223 0.0283 0.0524 0.0237 
        D511  2 0.1890 0.0397 0.0789 0.2581 0.4343 
        D512  2 0.1794 0.0243 0.4358 0.2673 0.0932 
        D513  2 0.5305 0.0793 0.0506 0.0565 0.2831 
        D635  2 0.0451 0.0425 0.2156 0.0687 0.6281 
        D636  2 0.0180 0.0231 0.8824 0.0187 0.0578 
        D637  2 0.3196 0.2035 0.0707 0.3473 0.0590 
        D658  2 0.5807 0.1414 0.0818 0.1673 0.0287 
        D659  2 0.0398 0.0472 0.0594 0.0473 0.8064 
        D677  2 0.1492 0.0406 0.2110 0.2100 0.3892 
        D678  2 0.7547 0.0321 0.0558 0.1168 0.0407 
        D679  2 0.1254 0.0645 0.0509 0.0738 0.6854 
        D719  2 0.1993 0.5174 0.0287 0.0408 0.2138 
        D720  2 0.0489 0.1368 0.0437 0.0370 0.7335 
        D721  2 0.1125 0.0635 0.5260 0.0531 0.2450 
        D722  2 0.1156 0.6327 0.0719 0.1334 0.0464 
        D734  2 0.1979 0.5017 0.0223 0.1946 0.0836 
        D735  2 0.1180 0.1381 0.1093 0.1676 0.4670 
        D736  2 0.2082 0.5142 0.0937 0.0497 0.1342 
        D737  2 0.5925 0.0803 0.1306 0.1584 0.0382 
        D807  2 0.1439 0.3999 0.1091 0.1138 0.2333 
        D808  2 0.1980 0.0473 0.2263 0.3870 0.1414 
        D817  2 0.0358 0.1400 0.0664 0.1488 0.6091 
        D818  2 0.4119 0.0380 0.0790 0.3147 0.1564 
        D819  2 0.0560 0.0837 0.1775 0.2056 0.4771 
        D820  2 0.0513 0.0313 0.0180 0.0512 0.8482 
        D895  2 0.0339 0.0504 0.1628 0.0689 0.6839 
        D896  2 0.0179 0.0575 0.8661 0.0354 0.0231 
        D897  2 0.7513 0.0380 0.0457 0.1179 0.0471 
        D898  2 0.0774 0.1778 0.1280 0.4907 0.1261 
        D918  2 0.1709 0.1202 0.2769 0.3612 0.0707 
        D919  2 0.3455 0.0286 0.0382 0.2537 0.3339 
        D920  2 0.0318 0.0472 0.8485 0.0486 0.0239 
        D923  2 0.0332 0.0295 0.0294 0.0829 0.8250 
        D930  2 0.0787 0.2436 0.0839 0.2374 0.3564 
        D931  2 0.2032 0.1071 0.0638 0.1525 0.4734 
        D968  2 0.9191 0.0151 0.0120 0.0260 0.0277 
        D969  2 0.3444 0.0902 0.0422 0.1040 0.4192 
        D977  2 0.7851 0.0292 0.0353 0.0898 0.0606 
        D978  2 0.4518 0.0598 0.0353 0.3719 0.0811 
        D211  3 0.0742 0.0506 0.4779 0.2736 0.1237 
     D229639  3 0.5727 0.2018 0.0519 0.0592 0.1144 
     D237212  3 0.3162 0.0743 0.1474 0.2771 0.1851 
     D237213  3 0.0780 0.0408 0.3564 0.3488 0.1759 
     D237214  3 0.0261 0.0536 0.4061 0.1859 0.3282 
     D237215  3 0.7572 0.1515 0.0275 0.0426 0.0212 
     D237216  3 0.1208 0.0598 0.1943 0.4265 0.1986 
     D237217  3 0.0606 0.0216 0.6668 0.0784 0.1726 
     D237218  3 0.3186 0.0831 0.1178 0.3217 0.1589 
     D237219  3 0.0789 0.2064 0.5615 0.0914 0.0618 
     D237382  3 0.0714 0.1850 0.1638 0.4264 0.1535 
     D244127  3 0.1409 0.0407 0.6699 0.1125 0.0360 
     D244129  3 0.1520 0.0725 0.2891 0.2736 0.2129 
     D244133  3 0.2139 0.3117 0.1090 0.1008 0.2646 
     D244134  3 0.2368 0.4656 0.1791 0.0498 0.0687 
     D244135  3 0.1018 0.0263 0.6931 0.0654 0.1135 
     D244136  3 0.1176 0.3645 0.0782 0.0871 0.3527 
        D416  3 0.2905 0.0484 0.1879 0.1753 0.2978 
        D417  3 0.0260 0.0411 0.0622 0.1277 0.7430 
        D419  3 0.1880 0.1571 0.3760 0.1045 0.1745 
        D565  3 0.0270 0.8633 0.0258 0.0208 0.0630 
        D566  3 0.3352 0.4998 0.0335 0.0465 0.0850 
        D567  3 0.0433 0.0493 0.1584 0.0600 0.6890 
        D568  3 0.1489 0.0271 0.3597 0.1487 0.3156 
        D569  3 0.2157 0.0672 0.1038 0.5278 0.0855 
        D573  3 0.7112 0.0313 0.0230 0.0316 0.2029 
        D574  3 0.0804 0.6051 0.0814 0.1558 0.0772 
        D575  3 0.1140 0.3064 0.2321 0.0897 0.2579 
        D576  3 0.8487 0.0595 0.0233 0.0551 0.0135 
        D577  3 0.0366 0.0670 0.0765 0.1292 0.6907 
        D578  3 0.0383 0.0202 0.7933 0.0935 0.0547 
        D579  3 0.1821 0.2934 0.1059 0.1089 0.3098 
        D660  3 0.5560 0.0442 0.1542 0.2020 0.0436 
        D661  3 0.6507 0.0264 0.0743 0.2078 0.0408 
        D663  3 0.7017 0.0479 0.0264 0.1258 0.0982 
        D664  3 0.1694 0.2443 0.3978 0.1505 0.0381 
        D665  3 0.0556 0.0232 0.1683 0.7209 0.0320 
        D666  3 0.0635 0.3268 0.3113 0.1213 0.1771 
        D009  4 0.0307 0.0526 0.3587 0.3881 0.1699 
        D057  4 0.3722 0.0669 0.2922 0.2122 0.0566 
        D109  4 0.0265 0.0915 0.5825 0.2245 0.0750 
     D237222  4 0.0607 0.1464 0.6419 0.1009 0.0501 
     D237223  4 0.1469 0.1865 0.4152 0.1611 0.0903 
     D237224  4 0.3883 0.0667 0.0688 0.2293 0.2469 
     D237225  4 0.0615 0.0677 0.2553 0.3418 0.2737 
     D237299  4 0.0615 0.0693 0.1793 0.6229 0.0670 
     D237300  4 0.8070 0.0708 0.0310 0.0608 0.0303 
     D237306  4 0.0520 0.6092 0.1101 0.1121 0.1166 
     D237307  4 0.0768 0.3342 0.0685 0.0870 0.4336 
     D237308  4 0.5113 0.1158 0.2031 0.0820 0.0879 
     D237309  4 0.0813 0.0510 0.3085 0.2257 0.3335 
     D237317  4 0.0425 0.6363 0.0702 0.0535 0.1975 
     D237318  4 0.8640 0.0425 0.0167 0.0400 0.0368 
     D237319  4 0.0767 0.0821 0.3858 0.2868 0.1686 
     D237320  4 0.2588 0.0582 0.4130 0.1118 0.1582 
     D237321  4 0.6398 0.1206 0.0887 0.0787 0.0721 
     D237397  4 0.2288 0.3222 0.2375 0.1351 0.0764 
     D237398  4 0.5919 0.0314 0.0505 0.1067 0.2194 
     D237399  4 0.1612 0.3193 0.1436 0.1847 0.1912 
     D244001  4 0.0952 0.0474 0.6811 0.1007 0.0756 
        D289  4 0.1878 0.3356 0.0714 0.1827 0.2225 
        D290  4 0.0783 0.0500 0.0510 0.7364 0.0843 
        D294  4 0.1018 0.0750 0.0425 0.5211 0.2596 
        D295  4 0.0647 0.1036 0.1652 0.2559 0.4106 
        D301  4 0.0674 0.0620 0.7874 0.0598 0.0233 
        D302  4 0.0286 0.0439 0.0434 0.4934 0.3908 
        D303  4 0.0637 0.7299 0.0750 0.0754 0.0560 
        D304  4 0.1092 0.1455 0.0407 0.6108 0.0939 
        D305  4 0.1900 0.0225 0.1136 0.6154 0.0584 
        D306  4 0.0357 0.0913 0.0448 0.7459 0.0824 
        D307  4 0.0433 0.0767 0.8199 0.0379 0.0221 
        D327  4 0.0718 0.1088 0.0364 0.1152 0.6678 
        D328  4 0.0408 0.4677 0.0807 0.3639 0.0469 
        D329  4 0.2657 0.1105 0.1581 0.2851 0.1806 
        D330  4 0.0464 0.0282 0.2226 0.2153 0.4875 
        D331  4 0.1632 0.2027 0.1265 0.3511 0.1565 
        D333  4 0.1309 0.2465 0.2105 0.3126 0.0995 
        D334  4 0.0339 0.6888 0.0653 0.1042 0.1079 
        D335  4 0.0689 0.0645 0.0382 0.2080 0.6204 
        D370  4 0.0560 0.3644 0.2575 0.2441 0.0781 
        D371  4 0.0319 0.8135 0.0264 0.0199 0.1083 
        D372  4 0.5308 0.0836 0.0246 0.3428 0.0182 
        D373  4 0.1431 0.0483 0.6945 0.0539 0.0602 
        D455  4 0.0571 0.0339 0.8038 0.0675 0.0378 
        D490  4 0.0149 0.0276 0.8918 0.0457 0.0199 
        D497  4 0.0351 0.0385 0.8202 0.0741 0.0321 
        D498  4 0.1309 0.2747 0.1720 0.3290 0.0935 
        D499  4 0.4230 0.1939 0.0412 0.2920 0.0499 
        D514  4 0.0415 0.0313 0.0524 0.4245 0.4503 
        D515  4 0.0505 0.0492 0.4479 0.3603 0.0921 
        D516  4 0.1354 0.1500 0.3518 0.1084 0.2544 
        D517  4 0.1086 0.0340 0.6944 0.0811 0.0819 
        D518  4 0.1074 0.1836 0.2658 0.3154 0.1278 
        D519  4 0.1193 0.0420 0.5364 0.1817 0.1207 
        D560  4 0.1718 0.0377 0.3144 0.3335 0.1426 
        D561  4 0.0506 0.0192 0.1230 0.3274 0.4797 
        D562  4 0.1280 0.1319 0.1211 0.5225 0.0966 
        D563  4 0.5273 0.0290 0.0740 0.2709 0.0988 
        D572  4 0.0740 0.0763 0.0804 0.5105 0.2588 
        D629  4 0.0453 0.0625 0.2429 0.1112 0.5381 
        D630  4 0.1144 0.1262 0.1322 0.4164 0.2107 
        D631  4 0.4090 0.1054 0.0586 0.3554 0.0716 
        D632  4 0.1285 0.0275 0.7162 0.0629 0.0649 
        D646  4 0.1030 0.0607 0.3780 0.0952 0.3632 
        D647  4 0.0798 0.0277 0.2379 0.1916 0.4630 
        D648  4 0.0416 0.2925 0.0421 0.5945 0.0293 
        D649  4 0.0317 0.0433 0.3222 0.1126 0.4902 
        D650  4 0.0708 0.2482 0.1674 0.2208 0.2927 
        D708  4 0.0505 0.5177 0.0784 0.2501 0.1033 
        D709  4 0.0406 0.0828 0.1054 0.7039 0.0673 
        D738  4 0.0349 0.5599 0.2116 0.0606 0.1330 
        D739  4 0.0556 0.0595 0.2321 0.5926 0.0602 
        D740  4 0.1767 0.2269 0.2505 0.2889 0.0570 
        D741  4 0.2583 0.0338 0.1859 0.2715 0.2505 
        D742  4 0.4812 0.1987 0.0685 0.1857 0.0659 
        D743  4 0.0793 0.0722 0.0298 0.0994 0.7193 
        D744  4 0.2295 0.0416 0.0797 0.3186 0.3306 
        D745  4 0.0528 0.0368 0.6249 0.2211 0.0644 
        D814  4 0.4965 0.0307 0.0627 0.2738 0.1363 
        D815  4 0.0870 0.0992 0.0951 0.4094 0.3093 
        D828  4 0.1542 0.3739 0.0583 0.3903 0.0234 
        D845  4 0.8059 0.0983 0.0212 0.0309 0.0437 
        D846  4 0.2466 0.0209 0.0819 0.3399 0.3108 
        D847  4 0.1345 0.1603 0.2049 0.2923 0.2080 
        D848  4 0.2462 0.0382 0.6344 0.0532 0.0280 
        D849  4 0.0490 0.0353 0.4145 0.4124 0.0888 
        D850  4 0.1855 0.1249 0.1213 0.0628 0.5056 
        D856  4 0.0364 0.0627 0.2377 0.5658 0.0974 
        D857  4 0.0523 0.0413 0.8244 0.0691 0.0128 
        D859  4 0.1570 0.0849 0.0585 0.5086 0.1911 
        D860  4 0.2356 0.5385 0.0325 0.0457 0.1478 
        D883  4 0.0430 0.2007 0.3235 0.1380 0.2947 
        D884  4 0.0459 0.2394 0.3379 0.2351 0.1417 
        D885  4 0.2606 0.0545 0.0964 0.3152 0.2733 
        D886  4 0.0851 0.0497 0.4517 0.2660 0.1475 
        D887  4 0.3513 0.1189 0.1013 0.2659 0.1626 
        D889  4 0.2120 0.0451 0.0180 0.6572 0.0676 
        D890  4 0.0896 0.3840 0.1680 0.2068 0.1516 
        D891  4 0.9188 0.0267 0.0157 0.0197 0.0191 
        D899  4 0.5974 0.1979 0.0382 0.1038 0.0627 
        D900  4 0.0874 0.1188 0.0957 0.3930 0.3050 
        D970  4 0.1445 0.1349 0.0907 0.3635 0.2664 
        D971  4 0.5431 0.0791 0.0865 0.1426 0.1486 
        D979  4 0.0573 0.0579 0.0252 0.1936 0.6660 
        D093  5 0.0435 0.8072 0.0416 0.0590 0.0487 
        D154  5 0.4900 0.1150 0.0611 0.2666 0.0674 
        D168  5 0.4108 0.0405 0.2069 0.1665 0.1753 
        D189  5 0.2134 0.5098 0.0405 0.1673 0.0691 
        D190  5 0.0448 0.8080 0.0387 0.0619 0.0467 
     D237220  5 0.0693 0.1262 0.3385 0.4119 0.0542 
     D237221  5 0.1977 0.4741 0.0842 0.1278 0.1163 
     D237274  5 0.0329 0.0333 0.0482 0.0913 0.7942 
     D237275  5 0.7887 0.0446 0.0347 0.1087 0.0232 
     D237276  5 0.0701 0.3045 0.2472 0.2145 0.1638 
     D237277  5 0.1442 0.7056 0.0396 0.0624 0.0481 
     D237278  5 0.3599 0.3026 0.1482 0.1315 0.0578 
     D237279  5 0.0537 0.0359 0.4862 0.1585 0.2658 
     D237280  5 0.0287 0.1136 0.5199 0.0908 0.2470 
     D237281  5 0.8517 0.0278 0.0300 0.0355 0.0550 
     D237351  5 0.0426 0.1221 0.7486 0.0477 0.0390 
     D237352  5 0.0979 0.0971 0.4337 0.1354 0.2359 
     D237353  5 0.0308 0.8983 0.0222 0.0281 0.0206 
     D237359  5 0.1201 0.0879 0.1920 0.4967 0.1032 
     D237361  5 0.0261 0.8972 0.0222 0.0228 0.0317 
     D237362  5 0.1080 0.2958 0.0905 0.1062 0.3995 
     D237363  5 0.3038 0.1117 0.0583 0.3455 0.1807 
     D237364  5 0.2447 0.0266 0.1152 0.4206 0.1929 
     D237376  5 0.0828 0.4782 0.0387 0.3778 0.0225 
     D237377  5 0.0574 0.1366 0.2761 0.0692 0.4608 
     D237378  5 0.0934 0.7327 0.0451 0.1048 0.0240 
     D237379  5 0.0608 0.5315 0.0460 0.3059 0.0558 
     D237380  5 0.0229 0.1020 0.7208 0.0870 0.0673 
     D237381  5 0.0628 0.1198 0.6132 0.1269 0.0775 
     D237391  5 0.0446 0.8050 0.0547 0.0363 0.0594 
     D237392  5 0.1309 0.0425 0.0693 0.0866 0.6707 
     D237393  5 0.0749 0.3553 0.1615 0.0625 0.3459 
     D237394  5 0.0159 0.9042 0.0268 0.0227 0.0303 
     D237395  5 0.1261 0.4635 0.1445 0.2036 0.0623 
     D237396  5 0.0888 0.1525 0.1284 0.0316 0.5986 
     D244016  5 0.1195 0.4105 0.0391 0.2496 0.1812 
     D244018  5 0.4513 0.2861 0.0928 0.0540 0.1158 
     D244019  5 0.1927 0.1638 0.0480 0.2588 0.3366 
        D279  5 0.4019 0.1157 0.0890 0.3229 0.0705 
        D280  5 0.1875 0.4052 0.0909 0.1331 0.1832 
        D281  5 0.7668 0.0731 0.0209 0.0953 0.0439 
        D283  5 0.0821 0.6178 0.0474 0.0375 0.2152 
        D284  5 0.0977 0.0762 0.2874 0.4153 0.1234 
        D285  5 0.0819 0.5500 0.0501 0.1682 0.1498 
        D286  5 0.0772 0.3134 0.1109 0.3721 0.1265 
        D287  5 0.0480 0.4386 0.0911 0.4043 0.0180 
        D288  5 0.2305 0.3109 0.0496 0.1030 0.3059 
        D308  5 0.0238 0.0364 0.8206 0.0302 0.0890 
        D309  5 0.0296 0.0299 0.0490 0.5118 0.3797 
        D310  5 0.0318 0.8659 0.0278 0.0473 0.0271 
        D311  5 0.0517 0.3163 0.0602 0.3494 0.2225 
        D312  5 0.0654 0.4367 0.0975 0.1831 0.2172 
        D313  5 0.0111 0.0285 0.9289 0.0162 0.0153 
        D314  5 0.2458 0.1841 0.1249 0.3759 0.0693 
        D315  5 0.0740 0.4644 0.1151 0.0866 0.2598 
        D317  5 0.0240 0.8601 0.0268 0.0380 0.0511 
        D318  5 0.1968 0.1270 0.0986 0.3291 0.2485 
        D319  5 0.0229 0.8810 0.0282 0.0411 0.0267 
        D320  5 0.0325 0.8485 0.0369 0.0494 0.0327 
        D321  5 0.0594 0.1110 0.6912 0.0296 0.1088 
        D336  5 0.0200 0.7590 0.0180 0.1669 0.0360 
        D337  5 0.0352 0.9081 0.0138 0.0188 0.0241 
        D338  5 0.1618 0.2519 0.1042 0.3058 0.1764 
        D339  5 0.0647 0.7789 0.0671 0.0507 0.0386 
        D347  5 0.1384 0.2104 0.0358 0.3784 0.2369 
        D348  5 0.0276 0.8527 0.0199 0.0579 0.0419 
        D349  5 0.0358 0.0737 0.8192 0.0393 0.0321 
        D350  5 0.0631 0.0350 0.0542 0.6001 0.2477 
        D355  5 0.4962 0.0565 0.0250 0.2208 0.2015 
        D356  5 0.0405 0.4820 0.1246 0.1249 0.2281 
        D357  5 0.1326 0.2818 0.0805 0.4269 0.0782 
        D358  5 0.0589 0.5779 0.1079 0.1268 0.1284 
        D359  5 0.0210 0.6647 0.0357 0.0459 0.2327 
        D360  5 0.0265 0.6489 0.0935 0.0998 0.1312 
        D361  5 0.0225 0.0458 0.8696 0.0336 0.0285 
        D366  5 0.1617 0.0333 0.0234 0.0315 0.7501 
        D367  5 0.0320 0.6417 0.0705 0.2321 0.0237 
        D368  5 0.0569 0.4584 0.1919 0.1584 0.1343 
        D380  5 0.1414 0.0521 0.1276 0.2828 0.3961 
        D381  5 0.0490 0.7653 0.0391 0.0630 0.0836 
        D400  5 0.1983 0.3974 0.0659 0.2526 0.0858 
        D411  5 0.0365 0.0189 0.8281 0.0869 0.0296 
        D412  5 0.2364 0.1925 0.1934 0.2711 0.1066 
        D413  5 0.7456 0.0413 0.0379 0.0666 0.1086 
        D414  5 0.3827 0.0431 0.0426 0.4254 0.1061 
        D420  5 0.1728 0.1148 0.2667 0.3467 0.0990 
        D431  5 0.1892 0.1716 0.1420 0.4671 0.0301 
        D432  5 0.1077 0.5846 0.1643 0.0642 0.0792 
        D433  5 0.0657 0.7740 0.0571 0.0502 0.0530 
        D434  5 0.0513 0.6692 0.0891 0.0746 0.1158 
        D440  5 0.0325 0.0310 0.0416 0.6506 0.2443 
        D447  5 0.0863 0.0306 0.0797 0.1567 0.6467 
        D448  5 0.0933 0.6434 0.0252 0.1644 0.0737 
        D459  5 0.7944 0.0383 0.0188 0.0418 0.1068 
        D460  5 0.0329 0.0951 0.7536 0.0247 0.0938 
        D461  5 0.0268 0.0422 0.0246 0.4281 0.4784 
        D468  5 0.0606 0.2932 0.0755 0.1682 0.4026 
        D469  5 0.0675 0.1493 0.1747 0.1325 0.4759 
        D470  5 0.0752 0.1821 0.2271 0.3739 0.1416 
        D471  5 0.1045 0.6649 0.0224 0.1372 0.0711 
        D472  5 0.1943 0.0328 0.0216 0.0247 0.7266 
        D479  5 0.7603 0.0434 0.0357 0.1140 0.0466 
        D485  5 0.0960 0.1480 0.0807 0.5988 0.0765 
        D486  5 0.0624 0.1992 0.1434 0.3074 0.2875 
        D487  5 0.3554 0.3016 0.0639 0.2423 0.0367 
        D555  5 0.0554 0.8596 0.0238 0.0305 0.0307 
        D556  5 0.1916 0.3123 0.1324 0.2874 0.0764 
        D557  5 0.0369 0.8847 0.0240 0.0215 0.0330 
        D564  5 0.0690 0.4602 0.1662 0.2388 0.0660 
        D594  5 0.1262 0.2087 0.0799 0.2390 0.3461 
        D595  5 0.1349 0.4923 0.0752 0.0894 0.2082 
        D596  5 0.0353 0.8861 0.0257 0.0251 0.0279 
        D597  5 0.3537 0.3887 0.0397 0.0529 0.1650 
        D598  5 0.0915 0.4658 0.2401 0.1022 0.1004 
        D617  5 0.1557 0.0212 0.6757 0.1031 0.0443 
        D618  5 0.1522 0.5918 0.0711 0.0912 0.0937 
        D619  5 0.0811 0.2557 0.3037 0.0661 0.2933 
        D620  5 0.8640 0.0322 0.0258 0.0231 0.0549 
        D628  5 0.0688 0.1199 0.2877 0.3969 0.1267 
        D714  5 0.2967 0.4592 0.0508 0.1591 0.0341 
        D715  5 0.0760 0.7352 0.0296 0.0427 0.1165 
        D716  5 0.1829 0.1700 0.0366 0.4991 0.1115 
        D717  5 0.0644 0.2210 0.1416 0.1335 0.4396 
        D718  5 0.0748 0.1657 0.1220 0.6051 0.0324 
        D769  5 0.1469 0.0385 0.5947 0.1488 0.0710 
        D770  5 0.3864 0.2360 0.0570 0.2527 0.0679 
        D771  5 0.3021 0.1202 0.1387 0.3588 0.0801 
        D772  5 0.0699 0.4638 0.0888 0.2651 0.1125 
        D782  5 0.3020 0.0576 0.2670 0.1169 0.2566 
        D783  5 0.5318 0.1342 0.0369 0.2410 0.0561 
        D784  5 0.0829 0.1225 0.0708 0.1898 0.5340 
        D785  5 0.0310 0.7488 0.0912 0.0687 0.0602 
        D786  5 0.0509 0.0290 0.5583 0.1582 0.2035 
        D821  5 0.0236 0.9218 0.0130 0.0206 0.0210 
        D822  5 0.0960 0.1827 0.0549 0.2280 0.4384 
        D826  5 0.2559 0.4797 0.0569 0.1220 0.0855 
        D827  5 0.1020 0.0565 0.0575 0.1501 0.6339 
        D851  5 0.1134 0.2870 0.1264 0.2703 0.2029 
        D852  5 0.3439 0.2787 0.1533 0.1829 0.0411 
        D853  5 0.1196 0.4191 0.0732 0.2957 0.0925 
        D854  5 0.1944 0.0430 0.0839 0.4931 0.1855 
        D861  5 0.2100 0.2761 0.1474 0.2431 0.1235 
        D862  5 0.0302 0.4152 0.0418 0.1090 0.4039 
        D865  5 0.0756 0.7890 0.0532 0.0483 0.0338 
        D868  5 0.0538 0.1322 0.0500 0.0574 0.7067 
        D869  5 0.0363 0.0667 0.7905 0.0435 0.0630 
        D870  5 0.0372 0.0222 0.0427 0.2763 0.6215 
        D907  5 0.0329 0.7554 0.0935 0.0792 0.0392 
        D908  5 0.4192 0.3242 0.0875 0.1378 0.0314 
        D910  5 0.2382 0.5517 0.0377 0.0847 0.0877 
        D911  5 0.5775 0.0620 0.0220 0.1878 0.1508 
        D934  5 0.3906 0.1446 0.0426 0.3074 0.1148 
        D946  5 0.1950 0.1106 0.0748 0.5946 0.0251 
        D947  5 0.0806 0.0685 0.0960 0.5273 0.2277 
        D948  5 0.0257 0.1030 0.7911 0.0231 0.0571 
        D949  5 0.0253 0.0760 0.8139 0.0299 0.0549 
        D950  5 0.6740 0.0846 0.0268 0.1121 0.1025 
        D951  5 0.0272 0.0608 0.0730 0.2781 0.5609 
        D952  5 0.0662 0.1937 0.0552 0.0908 0.5942 
        D953  5 0.0525 0.7396 0.0662 0.0516 0.0901 
        D954  5 0.0348 0.4293 0.0382 0.0571 0.4405 
        D961  5 0.0809 0.2467 0.0976 0.5310 0.0438 
        D962  5 0.0210 0.7214 0.0347 0.1458 0.0770 
        D963  5 0.1047 0.3361 0.0451 0.1364 0.3777 
        D964  5 0.1379 0.1381 0.1851 0.4543 0.0847 
        D965  5 0.1521 0.1418 0.0929 0.5024 0.1108 
        D966  5 0.1913 0.3834 0.0511 0.1491 0.2251 
        D967  5 0.3316 0.3134 0.1705 0.1190 0.0655 
        D991  5 0.0552 0.2161 0.3028 0.3211 0.1047 
        D502  6 0.1813 0.0205 0.1181 0.6175 0.0625 
        D503  6 0.4627 0.0611 0.2983 0.1374 0.0405 
        D504  6 0.1230 0.1580 0.1209 0.1523 0.4459 
        D505  6 0.1560 0.4396 0.0798 0.1572 0.1674 
        D506  6 0.0161 0.9064 0.0243 0.0271 0.0260 
        D507  6 0.2806 0.0792 0.1221 0.4178 0.1003 
        D508  6 0.0830 0.0487 0.0535 0.5902 0.2246 
        D529  6 0.1079 0.1902 0.2709 0.2256 0.2054 
        D530  6 0.0906 0.3233 0.1586 0.3820 0.0455 
        D531  6 0.1085 0.1720 0.1012 0.3282 0.2901 
        D532  6 0.0903 0.3786 0.0385 0.1847 0.3078 
        D534  6 0.0439 0.0263 0.7840 0.0789 0.0668 
        D535  6 0.0457 0.4812 0.1202 0.0972 0.2558 
        D536  6 0.7265 0.0261 0.0801 0.1156 0.0517 
        D554  6 0.0550 0.4002 0.1480 0.3183 0.0785 
        D587  6 0.0528 0.7524 0.0420 0.0437 0.1091 
        D588  6 0.0560 0.4992 0.0727 0.0822 0.2899 
        D589  6 0.4042 0.1750 0.1063 0.2530 0.0616 
        D590  6 0.7807 0.0366 0.0611 0.0565 0.0652 
        D591  6 0.2067 0.2044 0.1499 0.1611 0.2779 
        D592  6 0.0515 0.0623 0.7831 0.0396 0.0634 
        D593  6 0.0776 0.3340 0.0550 0.4979 0.0356 
        D682  6 0.0330 0.8742 0.0330 0.0305 0.0293 
        D683  6 0.0328 0.3385 0.0676 0.0993 0.4618 
        D684  6 0.2852 0.0231 0.2919 0.2759 0.1238 
        D685  6 0.1408 0.0772 0.0525 0.7007 0.0288 
        D686  6 0.0481 0.5249 0.0616 0.2866 0.0789 
        D724  6 0.1035 0.0268 0.0960 0.5693 0.2044 
        D725  6 0.2534 0.2024 0.0826 0.3357 0.1258 
        D726  6 0.0228 0.8598 0.0368 0.0452 0.0354 
        D727  6 0.4068 0.1011 0.0631 0.0585 0.3705 
        D728  6 0.0362 0.6781 0.0682 0.1344 0.0831 
        D729  6 0.1761 0.0247 0.3061 0.0391 0.4540 
        D730  6 0.1998 0.0511 0.2282 0.3763 0.1446 
        D731  6 0.1744 0.7666 0.0186 0.0224 0.0180 
        D732  6 0.0941 0.0765 0.0862 0.3286 0.4147 
        D733  6 0.0889 0.1516 0.2345 0.4205 0.1045 
     D237251  7 0.4402 0.0974 0.0554 0.3518 0.0553 
     D237252  7 0.2082 0.0332 0.4551 0.2508 0.0527 
     D237253  7 0.3669 0.1855 0.0562 0.3001 0.0914 
     D237254  7 0.0368 0.0234 0.7687 0.0862 0.0849 
     D237255  7 0.7725 0.0596 0.0316 0.0998 0.0365 
     D237256  7 0.4489 0.0462 0.0226 0.3976 0.0847 
     D237257  7 0.1029 0.0437 0.1555 0.6022 0.0957 
     D237282  7 0.0971 0.0246 0.1558 0.0969 0.6256 
     D237283  7 0.0439 0.0281 0.7838 0.1225 0.0217 
     D237284  7 0.0351 0.0269 0.8085 0.0509 0.0786 
     D237285  7 0.2003 0.2230 0.0684 0.4325 0.0759 
     D237286  7 0.1462 0.2546 0.0833 0.2466 0.2693 
     D237287  7 0.5084 0.0654 0.0670 0.1560 0.2032 
     D244006  7 0.0324 0.0237 0.8169 0.0639 0.0631 
     D244007  7 0.4495 0.0554 0.0625 0.0954 0.3372 
     D244008  7 0.0446 0.0699 0.7264 0.1312 0.0279 
     D244009  7 0.0325 0.1083 0.5890 0.1794 0.0908 
     D244010  7 0.1190 0.0494 0.1995 0.5695 0.0626 
     D244011  7 0.1191 0.2399 0.0926 0.5046 0.0439 
     D244012  7 0.2547 0.0385 0.0964 0.4987 0.1118 
     D244013  7 0.3592 0.2848 0.0748 0.1986 0.0825 
     D244014  7 0.2149 0.0674 0.2953 0.3458 0.0766 
     D244015  7 0.0959 0.0412 0.4161 0.2022 0.2445 
     D244125  7 0.2465 0.4181 0.0699 0.0812 0.1843 
     D244126  7 0.0204 0.0122 0.8302 0.1134 0.0239 
     D244130  7 0.1178 0.0834 0.2541 0.4685 0.0763 
     D244131  7 0.0875 0.4244 0.1662 0.1410 0.1809 
     D244132  7 0.0392 0.3911 0.0930 0.2186 0.2581 
        D520  7 0.0394 0.1396 0.2068 0.5254 0.0888 
        D521  7 0.0905 0.0922 0.1300 0.5582 0.1291 
        D522  7 0.0473 0.0817 0.6894 0.0465 0.1351 
        D523  7 0.6029 0.1243 0.0532 0.1700 0.0496 
        D524  7 0.3469 0.2179 0.1707 0.1715 0.0931 
        D525  7 0.2326 0.0468 0.6009 0.0673 0.0524 
        D526  7 0.0369 0.0205 0.7550 0.0611 0.1265 
        D527  7 0.0842 0.1172 0.1465 0.4305 0.2215 
        D528  7 0.0198 0.0153 0.0296 0.9103 0.0250 
        D558  7 0.1650 0.0452 0.1830 0.4226 0.1841 
        D559  7 0.1488 0.0257 0.1340 0.5371 0.1544 
        D640  7 0.1552 0.3834 0.1308 0.2083 0.1223 
        D641  7 0.1616 0.3715 0.2098 0.2305 0.0265 
        D642  7 0.1971 0.0689 0.5551 0.1005 0.0784 
        D644  7 0.1049 0.2966 0.3149 0.1783 0.1053 
        D645  7 0.3014 0.1819 0.2071 0.1903 0.1192 
        D662  7 0.0234 0.1221 0.6157 0.0287 0.2101 
        D687  7 0.1433 0.1129 0.0833 0.5526 0.1080 
        D688  7 0.1547 0.0316 0.1660 0.3509 0.2968 
        D689  7 0.1527 0.3133 0.1404 0.1561 0.2374 
        D700  7 0.0159 0.0204 0.0181 0.9056 0.0400 
        D797  7 0.1231 0.2273 0.1169 0.3395 0.1932 
        D798  7 0.0381 0.0420 0.6651 0.1845 0.0703 
        D799  7 0.3252 0.0560 0.1840 0.4000 0.0348 
        D800  7 0.0965 0.0317 0.0931 0.1506 0.6281 
        D132  8 0.0233 0.0447 0.8431 0.0402 0.0487 
        D133  8 0.8777 0.0178 0.0502 0.0372 0.0170 
        D200  8 0.0675 0.0216 0.0259 0.8556 0.0293 
        D500  8 0.0170 0.0201 0.9067 0.0243 0.0320 
        D614  8 0.0454 0.5112 0.1506 0.2133 0.0795 
        D723  8 0.1273 0.0601 0.2790 0.1089 0.4246 
        D888  8 0.7293 0.0626 0.0373 0.1270 0.0437 
        D901  8 0.0693 0.0756 0.2177 0.6161 0.0213 
        D902  8 0.0415 0.8018 0.0454 0.0807 0.0306 
        D903  8 0.0609 0.1216 0.0305 0.2129 0.5741 
        D904  8 0.1019 0.1194 0.1800 0.3544 0.2443 
        D905  8 0.5913 0.2434 0.0260 0.1198 0.0195 
        D906  8 0.5955 0.0400 0.0721 0.1793 0.1131 
        D937  8 0.0326 0.8736 0.0170 0.0615 0.0153 
        D943  8 0.0913 0.0467 0.2497 0.5064 0.1060 
        D972  8 0.0928 0.0619 0.3473 0.1237 0.3743 
        D973  8 0.0425 0.0544 0.1726 0.0856 0.6448 
        D974  8 0.1399 0.1572 0.1772 0.2931 0.2325 
        D975  8 0.0996 0.1231 0.0431 0.6825 0.0517 
        D976  8 0.1196 0.1496 0.1068 0.5707 0.0534 
        D201  9 0.3302 0.0493 0.1213 0.3606 0.1385 
        D202  9 0.1319 0.0535 0.0497 0.7411 0.0237 
     D237259  9 0.1264 0.0261 0.1223 0.3429 0.3823 
     D237260  9 0.4601 0.0652 0.1864 0.2656 0.0228 
     D237262  9 0.0180 0.0379 0.8646 0.0529 0.0267 
     D237263  9 0.1996 0.0470 0.5383 0.1416 0.0735 
     D237264  9 0.1920 0.2342 0.2805 0.1788 0.1145 
     D237265  9 0.6508 0.0835 0.0642 0.1713 0.0301 
     D237266  9 0.5634 0.0269 0.3066 0.0297 0.0735 
     D237267  9 0.0591 0.1726 0.0823 0.6094 0.0766 
     D237268  9 0.0487 0.0633 0.3473 0.4013 0.1393 
     D237289  9 0.4354 0.2863 0.0959 0.1499 0.0326 
     D237290  9 0.8659 0.0232 0.0432 0.0459 0.0218 
     D237291  9 0.6767 0.1021 0.0572 0.1226 0.0413 
     D237292  9 0.5718 0.0293 0.1574 0.1846 0.0569 
     D237293  9 0.0806 0.1836 0.2712 0.3385 0.1261 
     D237294  9 0.1224 0.0728 0.3855 0.3970 0.0224 
     D237295  9 0.0403 0.1976 0.2111 0.2443 0.3068 
     D237296  9 0.2286 0.1027 0.1707 0.4058 0.0922 
     D237297  9 0.0691 0.4129 0.0702 0.4036 0.0442 
     D237298  9 0.1738 0.0696 0.1709 0.3530 0.2326 
     D237341  9 0.4693 0.0606 0.1212 0.2325 0.1164 
     D237342  9 0.0572 0.0700 0.4049 0.4393 0.0285 
     D237343  9 0.3194 0.0564 0.4255 0.1372 0.0616 
     D237344  9 0.2220 0.3741 0.1341 0.1462 0.1237 
     D237345  9 0.0526 0.0169 0.7488 0.1467 0.0351 
     D237346  9 0.4935 0.1823 0.1717 0.1185 0.0342 
     D237347  9 0.1112 0.6419 0.0746 0.1098 0.0625 
     D237348  9 0.2068 0.1322 0.3612 0.1613 0.1384 
     D237349  9 0.4190 0.0227 0.1500 0.0381 0.3701 
     D244109  9 0.6525 0.0167 0.1025 0.1187 0.1095 
     D244110  9 0.7906 0.0269 0.0557 0.0721 0.0547 
     D244111  9 0.2533 0.0751 0.1036 0.4700 0.0981 
     D244128  9 0.0613 0.0243 0.3803 0.5055 0.0286 
     D244137  9 0.0885 0.0880 0.1821 0.0643 0.5772 
     D244138  9 0.3571 0.1396 0.1304 0.3296 0.0433 
        D580  9 0.0230 0.0664 0.2944 0.4584 0.1579 
        D581  9 0.7672 0.0223 0.0440 0.1460 0.0205 
        D582  9 0.0208 0.0230 0.5917 0.3374 0.0271 
        D583  9 0.7365 0.0276 0.1435 0.0683 0.0240 
        D584  9 0.0573 0.3856 0.2498 0.2617 0.0456 
        D585  9 0.1937 0.0287 0.3908 0.3271 0.0598 
        D586  9 0.7274 0.1490 0.0376 0.0413 0.0446 
        D651  9 0.1426 0.1884 0.0858 0.0465 0.5368 
        D652  9 0.1357 0.0246 0.5525 0.0523 0.2349 
        D653  9 0.4729 0.0746 0.0617 0.1257 0.2651 
        D654  9 0.3104 0.0429 0.2534 0.0962 0.2971 
        D655  9 0.3362 0.3300 0.0812 0.1373 0.1152 
        D656  9 0.0403 0.0360 0.7426 0.1068 0.0743 
        D657  9 0.1026 0.0648 0.2718 0.4939 0.0669 
        D667  9 0.2144 0.5212 0.0721 0.1026 0.0897 
        D668  9 0.1687 0.1271 0.5186 0.1337 0.0519 
        D669  9 0.3723 0.0609 0.0646 0.4389 0.0634 
        D670  9 0.0458 0.0468 0.0352 0.0342 0.8379 
        D671  9 0.5934 0.0772 0.0902 0.1916 0.0477 
        D672  9 0.0935 0.0338 0.5190 0.2964 0.0573 
        D673  9 0.0795 0.2007 0.2628 0.3378 0.1192 
        D692  9 0.3605 0.0351 0.3080 0.2035 0.0928 
        D693  9 0.1132 0.2624 0.2408 0.1943 0.1893 
        D694  9 0.0593 0.0607 0.4928 0.3587 0.0285 
        D695  9 0.0611 0.0684 0.5751 0.0836 0.2120 
        D696  9 0.0363 0.8731 0.0166 0.0511 0.0230 
        D697  9 0.1820 0.4705 0.1622 0.0527 0.1326 
        D698  9 0.4138 0.3098 0.0814 0.1450 0.0499 
        D699  9 0.1156 0.5198 0.1049 0.2309 0.0289 
        D787  9 0.1780 0.0346 0.2982 0.0572 0.4320 
        D788  9 0.0348 0.4702 0.0767 0.3400 0.0784 
        D789  9 0.1218 0.1644 0.1679 0.4959 0.0500 
        D790  9 0.3326 0.1147 0.2577 0.0449 0.2501 
        D791  9 0.3669 0.1124 0.0618 0.4350 0.0239 
        D792  9 0.2753 0.0723 0.2377 0.0297 0.3850 
        D793  9 0.0758 0.6118 0.0562 0.0288 0.2274 
        D794  9 0.1593 0.3346 0.1116 0.0464 0.3481 
        D795  9 0.0530 0.0927 0.4506 0.3790 0.0246 
        D796  9 0.4396 0.1256 0.0954 0.2871 0.0523 
        D142 10 0.1768 0.2703 0.0491 0.3417 0.1621 
        D143 10 0.7756 0.0724 0.0603 0.0398 0.0518 
        D144 10 0.1021 0.2632 0.2070 0.1915 0.2362 
        D145 10 0.5431 0.0517 0.0614 0.3029 0.0409 
        D146 10 0.0398 0.0564 0.4732 0.3469 0.0837 
        D147 10 0.0475 0.0350 0.0720 0.7523 0.0932 
        D148 10 0.0351 0.0706 0.0283 0.3085 0.5575 
        D149 10 0.7119 0.0482 0.0705 0.0735 0.0960 
        D151 10 0.1235 0.1280 0.0636 0.3527 0.3323 
        D152 10 0.8878 0.0142 0.0212 0.0584 0.0183 
        D153 10 0.0398 0.1779 0.0895 0.2532 0.4396 
        D156 10 0.0943 0.0373 0.0517 0.5420 0.2747 
        D157 10 0.0736 0.4433 0.1814 0.2291 0.0726 
        D158 10 0.1204 0.1070 0.0834 0.6675 0.0217 
        D159 10 0.8807 0.0344 0.0248 0.0307 0.0295 
        D160 10 0.4237 0.4959 0.0365 0.0234 0.0205 
        D161 10 0.1515 0.1558 0.1474 0.1009 0.4445 
        D162 10 0.2138 0.1136 0.0417 0.4001 0.2308 
        D169 10 0.0626 0.0458 0.8018 0.0314 0.0583 
        D170 10 0.0335 0.0646 0.6823 0.1586 0.0609 
        D171 10 0.0514 0.1950 0.0825 0.5628 0.1082 
        D172 10 0.1069 0.0517 0.1017 0.6381 0.1016 
