        D174  1 0.0769 0.7092 0.0616 0.1209 0.0314 
        D199  1 0.1911 0.2053 0.3412 0.0499 0.2125 
        D203  1 0.1438 0.0963 0.3091 0.2221 0.2288 
        D204  1 0.0492 0.0259 0.8601 0.0285 0.0364 
     D237366  1 0.2391 0.1333 0.1351 0.3806 0.1120 
     D237367  1 0.3065 0.0614 0.3259 0.2430 0.0631 
     D237368  1 0.1423 0.0604 0.1833 0.5428 0.0711 
     D244101  1 0.1604 0.0371 0.5967 0.0254 0.1804 
     D244102  1 0.1933 0.2811 0.1878 0.2359 0.1019 
     D244103  1 0.4801 0.1070 0.2171 0.1406 0.0552 
     D244104  1 0.0541 0.0824 0.7591 0.0504 0.0540 
     D244105  1 0.2923 0.0279 0.1010 0.5460 0.0328 
     D244106  1 0.1146 0.5856 0.0563 0.0419 0.2016 
     D244107  1 0.2477 0.0213 0.1211 0.5573 0.0525 
     D244108  1 0.0886 0.5091 0.1223 0.2262 0.0537 
     D244113  1 0.0290 0.8850 0.0232 0.0266 0.0361 
     D244114  1 0.4538 0.1661 0.1405 0.0706 0.1691 
     D244115  1 0.2064 0.4057 0.1804 0.1630 0.0446 
     D267365  1 0.0992 0.2299 0.5409 0.0658 0.0641 
        D404  1 0.0542 0.8548 0.0313 0.0311 0.0286 
        D405  1 0.1418 0.5196 0.1360 0.0877 0.1148 
        D406  1 0.0257 0.0292 0.0624 0.8644 0.0183 
        D407  1 0.4445 0.0446 0.3712 0.0803 0.0594 
        D408  1 0.0779 0.7207 0.0660 0.0286 0.1067 
        D409  1 0.6860 0.0712 0.1259 0.0668 0.0502 
        D410  1 0.0304 0.0415 0.0779 0.8374 0.0128 
        D421  1 0.0730 0.0274 0.8262 0.0167 0.0566 
        D422  1 0.1295 0.0148 0.0316 0.8005 0.0235 
        D423  1 0.0582 0.0171 0.0390 0.8618 0.0240 
        D424  1 0.3112 0.0500 0.5561 0.0665 0.0162 
        D425  1 0.2309 0.1900 0.4961 0.0507 0.0323 
        D426  1 0.7739 0.0271 0.0473 0.0300 0.1216 
        D427  1 0.0428 0.1238 0.1568 0.0308 0.6459 
        D428  1 0.2009 0.2382 0.3838 0.1142 0.0630 
        D429  1 0.1105 0.3510 0.4148 0.0698 0.0539 
        D430  1 0.3272 0.2351 0.1339 0.0731 0.2307 
        D491  1 0.0598 0.7115 0.1587 0.0488 0.0212 
        D492  1 0.2643 0.2417 0.2852 0.1639 0.0450 
        D537  1 0.1094 0.0638 0.7012 0.1018 0.0238 
        D538  1 0.2360 0.1848 0.0912 0.3725 0.1154 
        D539  1 0.1214 0.3736 0.0798 0.1784 0.2469 
        D540  1 0.3839 0.1144 0.2901 0.1554 0.0561 
        D541  1 0.0442 0.0195 0.8674 0.0395 0.0294 
        D551  1 0.5209 0.0364 0.0671 0.0472 0.3284 
        D552  1 0.1321 0.1315 0.3559 0.3078 0.0727 
        D553  1 0.0287 0.0197 0.9123 0.0217 0.0177 
        D615  1 0.1398 0.0991 0.4083 0.2216 0.1313 
        D616  1 0.2837 0.0832 0.2575 0.2217 0.1539 
        D621  1 0.0731 0.1601 0.0394 0.6934 0.0341 
        D622  1 0.0706 0.0414 0.0449 0.8169 0.0262 
        D623  1 0.1013 0.5722 0.0705 0.0388 0.2171 
        D624  1 0.1132 0.7421 0.0577 0.0488 0.0382 
        D625  1 0.0881 0.0544 0.7537 0.0807 0.0232 
        D626  1 0.1102 0.5134 0.1138 0.1878 0.0748 
        D627  1 0.7422 0.0331 0.0954 0.0537 0.0757 
        D690  1 0.0309 0.0586 0.8273 0.0707 0.0125 
        D691  1 0.0606 0.0324 0.0856 0.7871 0.0343 
        D710  1 0.1576 0.2051 0.4909 0.0974 0.0490 
        D711  1 0.0679 0.0554 0.7882 0.0597 0.0287 
        D712  1 0.0660 0.7404 0.0606 0.0664 0.0666 
        D713  1 0.1234 0.5815 0.1720 0.1023 0.0208 
        D746  1 0.0441 0.0172 0.0612 0.8416 0.0358 
        D747  1 0.0375 0.0258 0.8875 0.0239 0.0253 
        D748  1 0.1242 0.0634 0.4641 0.3257 0.0225 
        D749  1 0.3245 0.1263 0.0320 0.4561 0.0611 
        D750  1 0.0629 0.5625 0.2538 0.0946 0.0262 
        D763  1 0.2416 0.0450 0.3466 0.0871 0.2798 
        D764  1 0.0665 0.1775 0.5800 0.1510 0.0250 
        D765  1 0.0621 0.0940 0.0535 0.7644 0.0259 
        D766  1 0.1039 0.0938 0.2270 0.5519 0.0234 
        D767  1 0.1680 0.1110 0.2681 0.3484 0.1046 
        D768  1 0.0603 0.0177 0.8779 0.0248 0.0192 
        D811  1 0.1034 0.7413 0.0332 0.0882 0.0339 
        D816  1 0.0497 0.0607 0.8427 0.0292 0.0177 
        D825  1 0.1389 0.4917 0.1302 0.2189 0.0202 
        D866  1 0.1271 0.2011 0.0847 0.0693 0.5179 
        D867  1 0.1013 0.0394 0.0341 0.7832 0.0420 
        D871  1 0.7375 0.0617 0.1178 0.0465 0.0365 
        D872  1 0.1390 0.0716 0.4694 0.2773 0.0428 
        D873  1 0.0222 0.0189 0.0097 0.9344 0.0148 
        D874  1 0.1040 0.3532 0.4652 0.0210 0.0567 
        D875  1 0.7369 0.0258 0.0627 0.1575 0.0171 
        D876  1 0.0727 0.1079 0.7170 0.0773 0.0251 
        D877  1 0.0900 0.8166 0.0479 0.0183 0.0271 
        D892  1 0.1151 0.2729 0.3810 0.2053 0.0257 
        D893  1 0.1266 0.0376 0.6958 0.0870 0.0531 
        D894  1 0.1409 0.0757 0.6829 0.0555 0.0451 
        D915  1 0.0938 0.0791 0.5571 0.2366 0.0334 
        D916  1 0.0250 0.0218 0.8986 0.0349 0.0196 
        D917  1 0.2058 0.2819 0.3371 0.0558 0.1193 
        D925  1 0.0345 0.0512 0.1493 0.7419 0.0230 
        D926  1 0.3112 0.1454 0.4459 0.0671 0.0304 
        D927  1 0.2041 0.0684 0.4081 0.0376 0.2818 
        D928  1 0.0349 0.8222 0.0982 0.0228 0.0219 
        D929  1 0.1746 0.4604 0.1490 0.1634 0.0526 
        D936  1 0.0763 0.0575 0.7342 0.0337 0.0983 
        D938  1 0.0246 0.0324 0.0321 0.8948 0.0161 
        D956  1 0.0789 0.7723 0.0392 0.0594 0.0501 
        D957  1 0.0865 0.0730 0.2931 0.5115 0.0359 
        D958  1 0.0864 0.1385 0.4271 0.3243 0.0236 
        D959  1 0.4973 0.0312 0.3291 0.0947 0.0477 
        D960  1 0.0569 0.0393 0.0287 0.8584 0.0167 
        D989  1 0.0660 0.5806 0.1040 0.0290 0.2204 
        D990  1 0.0389 0.0257 0.0179 0.8519 0.0655 
        D023  2 0.2004 0.0198 0.2300 0.5262 0.0236 
        D130  2 0.0567 0.0217 0.0528 0.8465 0.0224 
        D131  2 0.3435 0.0466 0.4906 0.0517 0.0676 
        D163  2 0.1418 0.0281 0.0793 0.7357 0.0152 
        D164  2 0.0202 0.0120 0.0120 0.4959 0.4600 
        D165  2 0.1946 0.0187 0.0964 0.6359 0.0544 
        D166  2 0.4208 0.1177 0.1186 0.2247 0.1182 
        D167  2 0.0327 0.0452 0.0167 0.0164 0.8890 
        D192  2 0.0163 0.0149 0.0136 0.0119 0.9432 
        D193  2 0.1787 0.6622 0.0431 0.0752 0.0408 
        D206  2 0.3819 0.0900 0.1569 0.1401 0.2311 
        D207  2 0.2350 0.0503 0.0534 0.0343 0.6270 
        D208  2 0.0766 0.3582 0.0836 0.0619 0.4196 
        D209  2 0.3966 0.0499 0.0966 0.0723 0.3847 
        D210  2 0.0688 0.3748 0.1616 0.0446 0.3501 
     D229599  2 0.2236 0.1383 0.3982 0.0941 0.1459 
     D229600  2 0.1232 0.0276 0.0374 0.4935 0.3183 
     D237227  2 0.1139 0.4555 0.0815 0.2346 0.1146 
     D237228  2 0.2092 0.2719 0.0192 0.3858 0.1139 
     D237258  2 0.2314 0.1875 0.1249 0.1552 0.3010 
     D237310  2 0.1290 0.1192 0.0177 0.6465 0.0876 
     D237311  2 0.0786 0.0523 0.0237 0.6510 0.1944 
     D237312  2 0.1709 0.2397 0.0477 0.5041 0.0375 
     D237313  2 0.2144 0.1844 0.3590 0.1960 0.0462 
     D237322  2 0.3734 0.1546 0.0639 0.0853 0.3227 
     D237323  2 0.0676 0.1257 0.0213 0.7469 0.0384 
     D237324  2 0.4119 0.0224 0.0579 0.3112 0.1966 
     D237325  2 0.1101 0.1511 0.0521 0.6119 0.0747 
     D237326  2 0.0664 0.0850 0.1160 0.6998 0.0328 
     D237327  2 0.2799 0.0352 0.1428 0.0735 0.4686 
     D237337  2 0.0853 0.0486 0.0352 0.8077 0.0232 
     D237338  2 0.1805 0.1614 0.1145 0.3942 0.1493 
     D237339  2 0.2401 0.0354 0.3928 0.0307 0.3009 
     D237340  2 0.0870 0.2643 0.0288 0.3359 0.2840 
     D237389  2 0.1087 0.0570 0.0229 0.7533 0.0581 
     D237390  2 0.1233 0.2627 0.0935 0.4651 0.0554 
     D244017  2 0.1356 0.4260 0.0438 0.0483 0.3463 
     D244112  2 0.0628 0.0328 0.0172 0.0655 0.8217 
     D244118  2 0.0475 0.0262 0.0164 0.3596 0.5503 
     D244119  2 0.0363 0.4221 0.0310 0.0368 0.4738 
     D244120  2 0.0707 0.2109 0.0176 0.0511 0.6498 
     D244122  2 0.0702 0.0919 0.0379 0.0636 0.7363 
        D291  2 0.3048 0.0582 0.1337 0.0647 0.4386 
        D292  2 0.0936 0.1054 0.3264 0.0417 0.4328 
        D293  2 0.1021 0.0152 0.2959 0.0147 0.5721 
        D322  2 0.1146 0.0269 0.4226 0.0401 0.3958 
        D323  2 0.3240 0.1965 0.1994 0.0754 0.2047 
        D324  2 0.2857 0.0835 0.2951 0.1355 0.2002 
        D325  2 0.1152 0.0122 0.0460 0.0247 0.8019 
        D326  2 0.0471 0.0330 0.8730 0.0165 0.0304 
        D340  2 0.0301 0.0154 0.0273 0.0160 0.9113 
        D341  2 0.0479 0.0357 0.0413 0.0416 0.8335 
        D342  2 0.2303 0.0296 0.0315 0.1616 0.5470 
        D343  2 0.0249 0.0094 0.0196 0.0104 0.9358 
        D344  2 0.3172 0.0822 0.4688 0.0735 0.0583 
        D345  2 0.1541 0.0470 0.5893 0.1632 0.0464 
        D346  2 0.0767 0.6192 0.0883 0.0430 0.1728 
        D351  2 0.2209 0.0356 0.5546 0.0703 0.1187 
        D352  2 0.4509 0.1755 0.1648 0.0645 0.1444 
        D353  2 0.4716 0.0209 0.4399 0.0235 0.0440 
        D354  2 0.1729 0.2826 0.4228 0.0935 0.0283 
        D362  2 0.0767 0.0657 0.7460 0.0736 0.0381 
        D363  2 0.0849 0.0633 0.7840 0.0380 0.0298 
        D364  2 0.1772 0.0999 0.6318 0.0670 0.0241 
        D365  2 0.0341 0.0148 0.0330 0.0120 0.9061 
        D369  2 0.1575 0.1588 0.3278 0.1144 0.2416 
        D374  2 0.0398 0.9118 0.0133 0.0191 0.0159 
        D375  2 0.4167 0.1846 0.2491 0.1132 0.0365 
        D376  2 0.0387 0.8670 0.0202 0.0353 0.0387 
        D377  2 0.1878 0.4051 0.0828 0.2121 0.1123 
        D378  2 0.1593 0.0293 0.5552 0.0474 0.2088 
        D379  2 0.0814 0.0390 0.8160 0.0344 0.0292 
        D384  2 0.0293 0.0311 0.9036 0.0170 0.0191 
        D385  2 0.0585 0.0447 0.0229 0.0199 0.8541 
        D386  2 0.1721 0.0422 0.6529 0.0733 0.0594 
        D391  2 0.0492 0.0163 0.0716 0.0194 0.8435 
        D392  2 0.0742 0.0546 0.0784 0.0670 0.7259 
        D393  2 0.0747 0.0165 0.7416 0.0509 0.1163 
        D394  2 0.2299 0.0861 0.2030 0.3762 0.1047 
        D395  2 0.3654 0.0522 0.0571 0.0342 0.4911 
        D401  2 0.0427 0.0555 0.0202 0.8539 0.0277 
        D402  2 0.0313 0.0189 0.0341 0.0180 0.8976 
        D403  2 0.4804 0.0381 0.3549 0.0985 0.0281 
        D415  2 0.3029 0.0216 0.5806 0.0751 0.0198 
        D435  2 0.1009 0.0172 0.6176 0.0626 0.2018 
        D436  2 0.2039 0.2846 0.3728 0.0705 0.0682 
        D438  2 0.0283 0.0294 0.0156 0.0156 0.9110 
        D439  2 0.3364 0.0241 0.4083 0.0903 0.1408 
        D449  2 0.3993 0.0294 0.1214 0.0446 0.4052 
        D450  2 0.2701 0.3401 0.2699 0.0752 0.0446 
        D456  2 0.0540 0.0136 0.9047 0.0153 0.0124 
        D462  2 0.0406 0.0153 0.0672 0.0185 0.8584 
        D463  2 0.0402 0.0337 0.8983 0.0161 0.0117 
        D464  2 0.5241 0.1087 0.2515 0.0350 0.0807 
        D465  2 0.2840 0.0385 0.2526 0.0844 0.3404 
        D473  2 0.0676 0.6994 0.0422 0.1153 0.0755 
        D474  2 0.0756 0.0371 0.6886 0.0586 0.1401 
        D476  2 0.1614 0.0212 0.1564 0.5054 0.1555 
        D477  2 0.1132 0.1016 0.6765 0.0540 0.0546 
        D478  2 0.3920 0.2717 0.1416 0.1265 0.0682 
        D480  2 0.1115 0.0719 0.5983 0.0291 0.1892 
        D481  2 0.1700 0.1206 0.5100 0.1070 0.0925 
        D482  2 0.1988 0.3296 0.0631 0.1633 0.2453 
        D483  2 0.0206 0.0505 0.0243 0.0207 0.8839 
        D484  2 0.2909 0.2963 0.1082 0.0733 0.2313 
        D510  2 0.0496 0.8294 0.0256 0.0325 0.0629 
        D511  2 0.1650 0.0317 0.5640 0.0623 0.1770 
        D512  2 0.2241 0.0336 0.0359 0.5794 0.1271 
        D513  2 0.2027 0.0802 0.1315 0.0557 0.5299 
        D635  2 0.2077 0.0326 0.6191 0.1052 0.0353 
        D636  2 0.0480 0.0278 0.0422 0.8597 0.0223 
        D637  2 0.1924 0.1985 0.1206 0.0982 0.3903 
        D658  2 0.0538 0.1990 0.0353 0.0601 0.6517 
        D659  2 0.1270 0.0270 0.7626 0.0556 0.0278 
        D677  2 0.1841 0.0541 0.3677 0.2670 0.1272 
        D678  2 0.1933 0.0509 0.0341 0.0736 0.6481 
        D679  2 0.1900 0.0573 0.6020 0.0435 0.1072 
        D719  2 0.0632 0.2761 0.3746 0.0224 0.2638 
        D720  2 0.0849 0.0998 0.7204 0.0503 0.0445 
        D721  2 0.3137 0.0452 0.1559 0.3673 0.1180 
        D722  2 0.0974 0.7795 0.0280 0.0403 0.0549 
        D734  2 0.1027 0.4528 0.1293 0.0200 0.2952 
        D735  2 0.1783 0.0901 0.5453 0.0981 0.0882 
        D736  2 0.1337 0.3974 0.1597 0.0718 0.2374 
        D737  2 0.0827 0.0687 0.0519 0.0777 0.7189 
        D807  2 0.0894 0.2911 0.3942 0.0721 0.1532 
        D808  2 0.2192 0.0375 0.1954 0.3340 0.2139 
        D817  2 0.1759 0.1788 0.5314 0.0715 0.0424 
        D818  2 0.4564 0.0330 0.1017 0.0634 0.3455 
        D819  2 0.2229 0.1175 0.3668 0.2140 0.0788 
        D820  2 0.0428 0.0221 0.8936 0.0145 0.0270 
        D895  2 0.2576 0.0688 0.5021 0.1325 0.0390 
        D896  2 0.0322 0.0340 0.0176 0.8974 0.0189 
        D897  2 0.2497 0.0425 0.0477 0.0494 0.6107 
        D898  2 0.3984 0.1525 0.1763 0.1949 0.0779 
        D918  2 0.3242 0.1119 0.0829 0.3059 0.1751 
        D919  2 0.2585 0.0301 0.4610 0.0446 0.2058 
        D920  2 0.0390 0.0390 0.0230 0.8743 0.0247 
        D923  2 0.0501 0.0320 0.8696 0.0214 0.0269 
        D930  2 0.2129 0.1977 0.4374 0.0904 0.0616 
        D931  2 0.1093 0.1088 0.5598 0.0466 0.1755 
        D968  2 0.0296 0.0151 0.0257 0.0119 0.9177 
        D969  2 0.1112 0.0345 0.5275 0.0436 0.2832 
        D977  2 0.1974 0.0293 0.0570 0.0353 0.6809 
        D978  2 0.3117 0.0807 0.0871 0.0361 0.4844 
        D211  3 0.2014 0.0500 0.1581 0.5297 0.0608 
     D229639  3 0.0858 0.1331 0.0998 0.0430 0.6382 
     D237212  3 0.2161 0.0575 0.2983 0.1368 0.2913 
     D237213  3 0.2684 0.0556 0.2159 0.3940 0.0661 
     D237214  3 0.4986 0.0423 0.0507 0.3860 0.0224 
     D237215  3 0.0516 0.1131 0.0186 0.0217 0.7949 
     D237216  3 0.8056 0.0359 0.0460 0.0729 0.0396 
     D237217  3 0.4047 0.0185 0.1206 0.4181 0.0381 
     D237218  3 0.1948 0.0422 0.3447 0.0837 0.3346 
     D237219  3 0.1234 0.1665 0.0422 0.5633 0.1047 
     D237382  3 0.2161 0.2515 0.1900 0.2692 0.0732 
     D244127  3 0.1412 0.0275 0.0369 0.6914 0.1029 
     D244129  3 0.2090 0.0708 0.2806 0.2823 0.1573 
     D244133  3 0.2771 0.2833 0.0975 0.1135 0.2286 
     D244134  3 0.0986 0.2291 0.0810 0.1980 0.3934 
     D244135  3 0.1847 0.0318 0.0805 0.6389 0.0641 
     D244136  3 0.1580 0.4450 0.1933 0.0755 0.1282 
        D416  3 0.2938 0.0534 0.2270 0.1700 0.2557 
        D417  3 0.1123 0.0386 0.7570 0.0696 0.0226 
        D419  3 0.1606 0.1306 0.2280 0.2894 0.1913 
        D565  3 0.0300 0.8268 0.0836 0.0264 0.0332 
        D566  3 0.1037 0.3250 0.0659 0.0426 0.4628 
        D567  3 0.0788 0.0501 0.7055 0.1279 0.0376 
        D568  3 0.1814 0.0303 0.3395 0.2967 0.1521 
        D569  3 0.4271 0.1155 0.1434 0.1090 0.2050 
        D573  3 0.1030 0.0222 0.1721 0.0194 0.6833 
        D574  3 0.1647 0.6004 0.0612 0.0933 0.0805 
        D575  3 0.2082 0.2642 0.1691 0.2354 0.1233 
        D576  3 0.0302 0.0463 0.0115 0.0177 0.8944 
        D577  3 0.1117 0.0897 0.6928 0.0728 0.0331 
        D578  3 0.2381 0.0148 0.0163 0.6926 0.0382 
        D579  3 0.1397 0.1921 0.4041 0.0861 0.1780 
        D660  3 0.2232 0.0450 0.0266 0.1674 0.5378 
        D661  3 0.1779 0.0271 0.0678 0.0682 0.6589 
        D663  3 0.1785 0.0385 0.0510 0.0228 0.7092 
        D664  3 0.1509 0.2943 0.0322 0.3615 0.1610 
        D665  3 0.6196 0.0358 0.0328 0.2451 0.0668 
        D666  3 0.1493 0.2708 0.1765 0.3181 0.0852 
        D009  4 0.3263 0.0493 0.2590 0.3360 0.0294 
        D057  4 0.1075 0.0527 0.1824 0.2590 0.3984 
        D109  4 0.1887 0.1099 0.0677 0.6000 0.0337 
     D237222  4 0.0665 0.1511 0.0589 0.6778 0.0456 
     D237223  4 0.2391 0.1341 0.0596 0.4312 0.1360 
     D237224  4 0.1289 0.0746 0.3554 0.0524 0.3886 
     D237225  4 0.4814 0.0537 0.2395 0.1751 0.0503 
     D237299  4 0.5879 0.0521 0.0277 0.2480 0.0843 
     D237300  4 0.1021 0.0486 0.0236 0.0250 0.8007 
     D237306  4 0.0965 0.6502 0.0946 0.1182 0.0405 
     D237307  4 0.1334 0.3708 0.3444 0.0681 0.0834 
     D237308  4 0.0955 0.1364 0.0735 0.1520 0.5426 
     D237309  4 0.3770 0.0451 0.2773 0.2375 0.0630 
     D237317  4 0.2751 0.4072 0.2241 0.0569 0.0367 
     D237318  4 0.0647 0.0245 0.0280 0.0171 0.8657 
     D237319  4 0.2710 0.0970 0.1325 0.3950 0.1045 
     D237320  4 0.1956 0.0675 0.1320 0.3994 0.2055 
     D237321  4 0.0946 0.0661 0.0601 0.0565 0.7226 
     D237397  4 0.1450 0.3442 0.0861 0.2162 0.2085 
     D237398  4 0.2671 0.0239 0.1443 0.0442 0.5205 
     D237399  4 0.1635 0.1907 0.3057 0.1245 0.2156 
     D244001  4 0.2025 0.0632 0.0579 0.6204 0.0560 
        D289  4 0.1521 0.2426 0.3754 0.0596 0.1704 
        D290  4 0.4754 0.0897 0.2160 0.0911 0.1279 
        D294  4 0.4589 0.0786 0.3106 0.0518 0.1002 
        D295  4 0.1162 0.1316 0.5038 0.1832 0.0651 
        D301  4 0.0523 0.0565 0.0273 0.7879 0.0760 
        D302  4 0.1825 0.0473 0.7081 0.0330 0.0291 
        D303  4 0.0515 0.7415 0.0590 0.0730 0.0751 
        D304  4 0.3349 0.1713 0.2488 0.0609 0.1841 
        D305  4 0.7260 0.0252 0.0540 0.0729 0.1219 
        D306  4 0.6551 0.1404 0.1029 0.0648 0.0368 
        D307  4 0.0330 0.0732 0.0272 0.8254 0.0412 
        D327  4 0.2037 0.1427 0.5523 0.0369 0.0645 
        D328  4 0.0791 0.7582 0.0530 0.0628 0.0469 
        D329  4 0.3176 0.0691 0.2328 0.1446 0.2359 
        D330  4 0.2546 0.0327 0.3855 0.2876 0.0396 
        D331  4 0.1882 0.1465 0.2722 0.1931 0.2001 
        D333  4 0.1400 0.3373 0.1737 0.1862 0.1627 
        D334  4 0.0991 0.5775 0.2129 0.0727 0.0379 
        D335  4 0.0944 0.0649 0.7474 0.0399 0.0533 
        D370  4 0.1320 0.5158 0.0699 0.2308 0.0516 
        D371  4 0.0349 0.8264 0.0840 0.0201 0.0346 
        D372  4 0.2670 0.0431 0.0163 0.0285 0.6451 
        D373  4 0.1018 0.0469 0.0394 0.6270 0.1850 
        D455  4 0.0649 0.0308 0.0537 0.7968 0.0538 
        D490  4 0.0437 0.0281 0.0300 0.8826 0.0156 
        D497  4 0.0786 0.0295 0.0315 0.8184 0.0420 
        D498  4 0.2303 0.2913 0.1128 0.2289 0.1366 
        D499  4 0.1797 0.1989 0.0617 0.0482 0.5115 
        D514  4 0.2336 0.0574 0.5787 0.0796 0.0507 
        D515  4 0.2355 0.0553 0.0858 0.5775 0.0460 
        D516  4 0.1768 0.1658 0.1821 0.3470 0.1283 
        D517  4 0.1773 0.0272 0.0807 0.6362 0.0787 
        D518  4 0.1634 0.2303 0.2268 0.2657 0.1138 
        D519  4 0.2113 0.0403 0.0621 0.5941 0.0922 
        D560  4 0.2787 0.0286 0.1353 0.4141 0.1432 
        D561  4 0.6089 0.0206 0.1774 0.1372 0.0558 
        D562  4 0.3273 0.1916 0.1410 0.1931 0.1468 
        D563  4 0.2460 0.0290 0.0938 0.0805 0.5506 
        D572  4 0.1950 0.1644 0.4338 0.1321 0.0748 
        D629  4 0.1501 0.0740 0.5657 0.1642 0.0460 
        D630  4 0.2519 0.1847 0.2919 0.1551 0.1164 
        D631  4 0.2017 0.0951 0.1971 0.0731 0.4330 
        D632  4 0.1046 0.0332 0.1089 0.5958 0.1575 
        D646  4 0.2508 0.0400 0.2568 0.3941 0.0583 
        D647  4 0.0862 0.0277 0.6026 0.2220 0.0615 
        D648  4 0.0483 0.8421 0.0278 0.0476 0.0342 
        D649  4 0.0893 0.0389 0.6101 0.2334 0.0283 
        D650  4 0.1718 0.2340 0.3330 0.1836 0.0775 
        D708  4 0.2059 0.5499 0.1152 0.0677 0.0613 
        D709  4 0.4101 0.2308 0.1350 0.1469 0.0772 
        D738  4 0.0914 0.5025 0.1316 0.2328 0.0417 
        D739  4 0.3584 0.1466 0.1033 0.3083 0.0835 
        D740  4 0.4418 0.1648 0.0659 0.1674 0.1601 
        D741  4 0.4330 0.0327 0.1861 0.1986 0.1496 
        D742  4 0.1419 0.1341 0.0880 0.0701 0.5659 
        D743  4 0.0655 0.0481 0.7946 0.0264 0.0653 
        D744  4 0.2224 0.0375 0.4808 0.0687 0.1905 
        D745  4 0.2272 0.0296 0.0424 0.6548 0.0460 
        D814  4 0.5353 0.0333 0.0620 0.0592 0.3102 
        D815  4 0.1411 0.1002 0.6237 0.0733 0.0618 
        D828  4 0.1178 0.6089 0.0194 0.0561 0.1978 
        D845  4 0.0454 0.0415 0.0394 0.0187 0.8550 
        D846  4 0.2510 0.0254 0.4026 0.0887 0.2323 
        D847  4 0.2337 0.1317 0.2803 0.1956 0.1587 
        D848  4 0.1224 0.0262 0.0252 0.5393 0.2870 
        D849  4 0.3262 0.0345 0.0736 0.5230 0.0426 
        D850  4 0.3072 0.1045 0.2969 0.1393 0.1521 
        D856  4 0.3864 0.1059 0.1167 0.3303 0.0607 
        D857  4 0.0258 0.0594 0.0122 0.8627 0.0399 
        D859  4 0.2248 0.1507 0.3415 0.0784 0.2046 
        D860  4 0.0747 0.3486 0.2473 0.0322 0.2972 
        D883  4 0.1124 0.2606 0.3285 0.2573 0.0411 
        D884  4 0.1272 0.3316 0.1118 0.4016 0.0279 
        D885  4 0.5454 0.0365 0.1641 0.0640 0.1901 
        D886  4 0.1225 0.0551 0.2732 0.4733 0.0759 
        D887  4 0.2011 0.1063 0.2070 0.1158 0.3698 
        D889  4 0.4147 0.0546 0.1663 0.0285 0.3359 
        D890  4 0.1361 0.5688 0.0813 0.1309 0.0828 
        D891  4 0.0506 0.0142 0.0212 0.0127 0.9014 
        D899  4 0.0942 0.1528 0.0644 0.0325 0.6561 
        D900  4 0.3373 0.1372 0.3280 0.1073 0.0902 
        D970  4 0.1864 0.1076 0.4601 0.0914 0.1545 
        D971  4 0.1766 0.0816 0.1603 0.0798 0.5017 
        D979  4 0.0869 0.0851 0.7319 0.0328 0.0633 
        D093  5 0.0448 0.8108 0.0476 0.0428 0.0540 
        D154  5 0.3467 0.1433 0.0471 0.0553 0.4076 
        D168  5 0.3483 0.0394 0.0994 0.1980 0.3149 
        D189  5 0.1359 0.5583 0.0509 0.0391 0.2158 
        D190  5 0.0312 0.8458 0.0475 0.0284 0.0470 
     D237220  5 0.2708 0.1127 0.1147 0.4079 0.0939 
     D237221  5 0.1169 0.3692 0.1651 0.0694 0.2793 
     D237274  5 0.1160 0.0250 0.7919 0.0362 0.0308 
     D237275  5 0.1001 0.0483 0.0233 0.0389 0.7894 
     D237276  5 0.0989 0.3898 0.1766 0.2725 0.0622 
     D237277  5 0.0670 0.5694 0.0748 0.0378 0.2509 
     D237278  5 0.1368 0.2573 0.0501 0.1415 0.4144 
     D237279  5 0.5295 0.0289 0.0626 0.3413 0.0377 
     D237280  5 0.1741 0.1152 0.2876 0.3927 0.0304 
     D237281  5 0.0994 0.0314 0.0494 0.0240 0.7957 
     D237351  5 0.1048 0.1185 0.0353 0.6947 0.0468 
     D237352  5 0.1831 0.1052 0.2559 0.3823 0.0735 
     D237353  5 0.0357 0.8551 0.0368 0.0314 0.0410 
     D237359  5 0.3221 0.1371 0.1658 0.2229 0.1522 
     D237361  5 0.0371 0.8915 0.0263 0.0247 0.0205 
     D237362  5 0.2196 0.3598 0.2418 0.0825 0.0962 
     D237363  5 0.7738 0.0440 0.0510 0.0342 0.0971 
     D237364  5 0.3890 0.0306 0.1654 0.1686 0.2464 
     D237376  5 0.0464 0.8408 0.0199 0.0315 0.0614 
     D237377  5 0.1933 0.0913 0.3980 0.2650 0.0524 
     D237378  5 0.0350 0.7927 0.0240 0.0514 0.0970 
     D237379  5 0.1719 0.6359 0.0495 0.0588 0.0839 
     D237380  5 0.0842 0.1576 0.0375 0.7049 0.0158 
     D237381  5 0.1248 0.0962 0.0850 0.6288 0.0653 
     D237391  5 0.0871 0.6651 0.1021 0.0579 0.0878 
     D237392  5 0.1845 0.0617 0.5060 0.0962 0.1516 
     D237393  5 0.0680 0.1973 0.5383 0.1226 0.0738 
     D237394  5 0.0226 0.8748 0.0474 0.0340 0.0213 
     D237395  5 0.1338 0.5011 0.0544 0.1666 0.1441 
     D237396  5 0.1436 0.0512 0.6444 0.0793 0.0815 
     D244016  5 0.3681 0.2924 0.1029 0.0431 0.1935 
     D244018  5 0.1856 0.1565 0.0601 0.1278 0.4699 
     D244019  5 0.3218 0.1344 0.3366 0.0358 0.1714 
        D279  5 0.3486 0.0773 0.0603 0.0985 0.4153 
        D280  5 0.3354 0.1463 0.2397 0.1051 0.1734 
        D281  5 0.1540 0.0624 0.0319 0.0290 0.7227 
        D283  5 0.1461 0.3064 0.3923 0.0558 0.0995 
        D284  5 0.3623 0.0790 0.0943 0.3574 0.1069 
        D285  5 0.1611 0.4927 0.1900 0.0635 0.0928 
        D286  5 0.1544 0.4550 0.1897 0.1159 0.0850 
        D287  5 0.1015 0.7301 0.0211 0.0952 0.0520 
        D288  5 0.2767 0.0831 0.3860 0.0366 0.2176 
        D308  5 0.0561 0.0267 0.0826 0.8179 0.0167 
        D309  5 0.2485 0.0272 0.6481 0.0560 0.0202 
        D310  5 0.2745 0.6609 0.0213 0.0239 0.0195 
        D311  5 0.2126 0.5332 0.1468 0.0452 0.0622 
        D312  5 0.0979 0.5850 0.1872 0.0681 0.0618 
        D313  5 0.0197 0.0334 0.0151 0.9191 0.0127 
        D314  5 0.2811 0.2447 0.0539 0.1906 0.2297 
        D315  5 0.1333 0.3916 0.2885 0.1082 0.0783 
        D317  5 0.0403 0.8576 0.0513 0.0206 0.0302 
        D318  5 0.4119 0.1350 0.2282 0.1106 0.1142 
        D319  5 0.0638 0.8081 0.0355 0.0404 0.0522 
        D320  5 0.0534 0.7939 0.0625 0.0459 0.0443 
        D321  5 0.0765 0.0785 0.0816 0.6936 0.0698 
        D336  5 0.0384 0.9055 0.0229 0.0136 0.0196 
        D337  5 0.0255 0.8961 0.0273 0.0138 0.0372 
        D338  5 0.3162 0.1379 0.2463 0.1442 0.1554 
        D339  5 0.1027 0.6993 0.0544 0.0723 0.0713 
        D347  5 0.3450 0.1946 0.3176 0.0368 0.1060 
        D348  5 0.0913 0.8110 0.0408 0.0189 0.0381 
        D349  5 0.0305 0.0547 0.0289 0.8613 0.0247 
        D350  5 0.2576 0.0484 0.5720 0.0693 0.0527 
        D355  5 0.5111 0.0338 0.1985 0.0246 0.2319 
        D356  5 0.1027 0.3632 0.3421 0.1341 0.0579 
        D357  5 0.3861 0.2382 0.1235 0.1398 0.1125 
        D358  5 0.1841 0.5259 0.1357 0.0846 0.0697 
        D359  5 0.1077 0.3181 0.5028 0.0383 0.0331 
        D360  5 0.1054 0.4880 0.2377 0.1234 0.0455 
        D361  5 0.0342 0.0344 0.0279 0.8810 0.0225 
        D366  5 0.1863 0.0361 0.4549 0.0511 0.2715 
        D367  5 0.1044 0.7824 0.0289 0.0552 0.0291 
        D368  5 0.2797 0.3133 0.1152 0.2407 0.0512 
        D380  5 0.3162 0.0422 0.4841 0.0844 0.0731 
        D381  5 0.2834 0.4774 0.1120 0.0541 0.0731 
        D400  5 0.1508 0.4470 0.1167 0.0624 0.2232 
        D411  5 0.0987 0.0239 0.0243 0.8209 0.0323 
        D412  5 0.4387 0.1311 0.1337 0.1576 0.1389 
        D413  5 0.1000 0.0304 0.0988 0.0406 0.7302 
        D414  5 0.2241 0.0826 0.1789 0.0528 0.4617 
        D420  5 0.4332 0.1344 0.0479 0.2071 0.1773 
        D431  5 0.2762 0.3017 0.0296 0.1280 0.2644 
        D432  5 0.1394 0.4468 0.1231 0.1400 0.1507 
        D433  5 0.0664 0.6396 0.0830 0.0547 0.1563 
        D434  5 0.1808 0.3732 0.2329 0.1221 0.0909 
        D440  5 0.3201 0.0392 0.5280 0.0759 0.0368 
        D447  5 0.4434 0.0215 0.4139 0.0799 0.0413 
        D448  5 0.0653 0.8212 0.0495 0.0209 0.0431 
        D459  5 0.0651 0.0250 0.1266 0.0242 0.7592 
        D460  5 0.0530 0.0754 0.0833 0.7526 0.0357 
        D461  5 0.1151 0.0434 0.7816 0.0274 0.0325 
        D468  5 0.2462 0.4428 0.1583 0.0933 0.0594 
        D469  5 0.0993 0.1523 0.5476 0.1492 0.0517 
        D470  5 0.2431 0.3624 0.0875 0.2557 0.0514 
        D471  5 0.0563 0.7452 0.0694 0.0250 0.1041 
        D472  5 0.0742 0.0207 0.7270 0.0250 0.1532 
        D479  5 0.0746 0.0584 0.0455 0.0360 0.7855 
        D485  5 0.2466 0.4282 0.0965 0.1103 0.1184 
        D486  5 0.2764 0.3469 0.1446 0.1839 0.0483 
        D487  5 0.1132 0.2647 0.0500 0.0612 0.5108 
        D555  5 0.0321 0.8276 0.0392 0.0260 0.0750 
        D556  5 0.1506 0.3825 0.1276 0.0851 0.2541 
        D557  5 0.0421 0.8054 0.0698 0.0237 0.0590 
        D564  5 0.1726 0.4778 0.1478 0.1406 0.0611 
        D594  5 0.4241 0.1816 0.2526 0.0722 0.0695 
        D595  5 0.1643 0.3836 0.2016 0.0848 0.1657 
        D596  5 0.0306 0.8832 0.0253 0.0239 0.0370 
        D597  5 0.1027 0.2562 0.2641 0.0358 0.3412 
        D598  5 0.1070 0.4683 0.1597 0.1748 0.0902 
        D617  5 0.1974 0.0280 0.0272 0.6142 0.1333 
        D618  5 0.0740 0.4901 0.1315 0.0910 0.2134 
        D619  5 0.2172 0.1898 0.2309 0.3097 0.0523 
        D620  5 0.0248 0.0261 0.0462 0.0265 0.8763 
        D628  5 0.2444 0.2803 0.1856 0.1968 0.0928 
        D714  5 0.1174 0.5005 0.0272 0.0453 0.3096 
        D715  5 0.0646 0.5423 0.1962 0.0327 0.1641 
        D716  5 0.3056 0.3133 0.1737 0.0456 0.1619 
        D717  5 0.1305 0.1232 0.5727 0.1045 0.0691 
        D718  5 0.3180 0.3796 0.0282 0.1845 0.0898 
        D769  5 0.2341 0.0437 0.0390 0.5974 0.0858 
        D770  5 0.1893 0.3352 0.0536 0.0486 0.3734 
        D771  5 0.2636 0.1951 0.0930 0.1295 0.3189 
        D772  5 0.0884 0.5759 0.1767 0.0677 0.0912 
        D782  5 0.5637 0.0391 0.0456 0.1542 0.1974 
        D783  5 0.2101 0.1760 0.0538 0.0466 0.5135 
        D784  5 0.1002 0.0685 0.7069 0.0443 0.0801 
        D785  5 0.0438 0.7929 0.0595 0.0824 0.0214 
        D786  5 0.1482 0.0379 0.2601 0.4979 0.0559 
        D821  5 0.0182 0.9196 0.0228 0.0179 0.0215 
        D822  5 0.2613 0.1378 0.4654 0.0512 0.0843 
        D826  5 0.1340 0.3669 0.0933 0.0499 0.3559 
        D827  5 0.3810 0.0658 0.4375 0.0455 0.0703 
        D851  5 0.4411 0.1438 0.2196 0.1001 0.0954 
        D852  5 0.0916 0.2493 0.0770 0.1450 0.4371 
        D853  5 0.1472 0.4211 0.1780 0.0956 0.1580 
        D854  5 0.4604 0.0786 0.1580 0.1033 0.1997 
        D861  5 0.4093 0.2408 0.0879 0.1112 0.1509 
        D862  5 0.1196 0.5059 0.2842 0.0537 0.0366 
        D865  5 0.0510 0.7598 0.0460 0.0645 0.0787 
        D868  5 0.0621 0.0739 0.7471 0.0757 0.0412 
        D869  5 0.0833 0.0512 0.0368 0.8020 0.0266 
        D870  5 0.8141 0.0224 0.0656 0.0419 0.0560 
        D907  5 0.1265 0.7553 0.0307 0.0585 0.0290 
        D908  5 0.0713 0.2850 0.0453 0.0788 0.5197 
        D910  5 0.0938 0.4732 0.0822 0.0396 0.3112 
        D911  5 0.4801 0.0415 0.1398 0.0248 0.3138 
        D934  5 0.2073 0.1879 0.1230 0.0528 0.4290 
        D946  5 0.2370 0.2417 0.0470 0.1153 0.3590 
        D947  5 0.2621 0.1240 0.3842 0.1230 0.1068 
        D948  5 0.0302 0.0807 0.0825 0.7770 0.0296 
        D949  5 0.0311 0.0887 0.0502 0.8070 0.0230 
        D950  5 0.3637 0.0484 0.1180 0.0225 0.4474 
        D951  5 0.4352 0.0772 0.4214 0.0369 0.0293 
        D952  5 0.0796 0.0729 0.7597 0.0404 0.0474 
        D953  5 0.0773 0.5627 0.1910 0.0745 0.0944 
        D954  5 0.1203 0.2637 0.5227 0.0495 0.0438 
        D961  5 0.1832 0.6184 0.0444 0.0843 0.0696 
        D962  5 0.0366 0.8301 0.0872 0.0285 0.0176 
        D963  5 0.1056 0.3445 0.4188 0.0422 0.0888 
        D964  5 0.3585 0.1495 0.0970 0.2014 0.1936 
        D965  5 0.2654 0.2898 0.1390 0.0992 0.2066 
        D966  5 0.1619 0.3611 0.2265 0.0565 0.1940 
        D967  5 0.1608 0.1765 0.1125 0.1776 0.3726 
        D991  5 0.1334 0.3131 0.1611 0.3401 0.0523 
        D502  6 0.6215 0.0542 0.0369 0.1103 0.1772 
        D503  6 0.2316 0.0505 0.0318 0.2585 0.4275 
        D504  6 0.1603 0.1013 0.5022 0.1087 0.1274 
        D505  6 0.1920 0.4093 0.1501 0.0882 0.1603 
        D506  6 0.0397 0.8631 0.0470 0.0295 0.0207 
        D507  6 0.3398 0.0833 0.1268 0.1711 0.2791 
        D508  6 0.3559 0.0632 0.3842 0.0641 0.1326 
        D529  6 0.3720 0.1767 0.1543 0.2022 0.0948 
        D530  6 0.1588 0.5976 0.0349 0.1321 0.0766 
        D531  6 0.2126 0.2055 0.3473 0.1202 0.1144 
        D532  6 0.2564 0.3883 0.2422 0.0531 0.0600 
        D534  6 0.1004 0.0302 0.0526 0.7731 0.0437 
        D535  6 0.1843 0.4154 0.2490 0.1155 0.0359 
        D536  6 0.2322 0.0268 0.0254 0.0841 0.6315 
        D554  6 0.1683 0.6112 0.0440 0.1232 0.0533 
        D587  6 0.0748 0.7073 0.1117 0.0498 0.0564 
        D588  6 0.3427 0.3343 0.2182 0.0650 0.0398 
        D589  6 0.4306 0.1086 0.0522 0.0761 0.3325 
        D590  6 0.2420 0.0399 0.0406 0.0539 0.6236 
        D591  6 0.3780 0.1173 0.1169 0.1017 0.2861 
        D592  6 0.0966 0.0419 0.0524 0.7479 0.0612 
        D593  6 0.0850 0.7785 0.0271 0.0513 0.0580 
        D682  6 0.0668 0.7946 0.0398 0.0467 0.0521 
        D683  6 0.1206 0.1355 0.6653 0.0469 0.0318 
        D684  6 0.4373 0.0208 0.0683 0.2517 0.2220 
        D685  6 0.8054 0.0526 0.0173 0.0505 0.0742 
        D686  6 0.1889 0.7089 0.0380 0.0319 0.0322 
        D724  6 0.2791 0.0505 0.3552 0.2002 0.1151 
        D725  6 0.2176 0.4099 0.0746 0.0699 0.2280 
        D726  6 0.0318 0.8662 0.0400 0.0349 0.0272 
        D727  6 0.3753 0.0965 0.1755 0.0569 0.2959 
        D728  6 0.0941 0.7764 0.0483 0.0578 0.0233 
        D729  6 0.3897 0.0197 0.1486 0.3577 0.0843 
        D730  6 0.2546 0.0642 0.2028 0.2956 0.1829 
        D731  6 0.0325 0.5970 0.0194 0.0251 0.3260 
        D732  6 0.1779 0.1223 0.5193 0.0920 0.0885 
        D733  6 0.1803 0.2439 0.2019 0.2513 0.1226 
     D237251  7 0.1864 0.1288 0.0734 0.0588 0.5526 
     D237252  7 0.2481 0.0452 0.0660 0.4216 0.2190 
     D237253  7 0.3163 0.1857 0.0887 0.0652 0.3441 
     D237254  7 0.2632 0.0176 0.0309 0.6503 0.0380 
     D237255  7 0.0755 0.0498 0.0398 0.0243 0.8106 
     D237256  7 0.3109 0.0618 0.1063 0.0329 0.4880 
     D237257  7 0.5661 0.0480 0.0657 0.2349 0.0854 
     D237282  7 0.1535 0.0295 0.5993 0.1301 0.0877 
     D237283  7 0.1995 0.0318 0.0147 0.7226 0.0314 
     D237284  7 0.1564 0.0273 0.0588 0.7184 0.0391 
     D237285  7 0.2146 0.4414 0.0768 0.0657 0.2014 
     D237286  7 0.2405 0.2167 0.3207 0.0643 0.1577 
     D237287  7 0.2925 0.0720 0.1552 0.0660 0.4142 
     D244006  7 0.1179 0.0252 0.0323 0.7908 0.0338 
     D244007  7 0.2795 0.0504 0.1624 0.0496 0.4581 
     D244008  7 0.1900 0.0563 0.0292 0.6925 0.0320 
     D244009  7 0.0968 0.1077 0.1634 0.6014 0.0306 
     D244010  7 0.4445 0.0634 0.0732 0.3010 0.1179 
     D244011  7 0.2980 0.3026 0.0767 0.1054 0.2173 
     D244012  7 0.4065 0.0711 0.1331 0.1353 0.2540 
     D244013  7 0.1123 0.1424 0.1695 0.0898 0.4859 
     D244014  7 0.3090 0.0835 0.0808 0.2835 0.2433 
     D244015  7 0.3943 0.0528 0.1114 0.3801 0.0615 
     D244125  7 0.1578 0.2392 0.2492 0.0631 0.2907 
     D244126  7 0.1312 0.0135 0.0223 0.8143 0.0188 
     D244130  7 0.3787 0.1169 0.0811 0.3220 0.1013 
     D244131  7 0.1490 0.2313 0.3737 0.1479 0.0981 
     D244132  7 0.1113 0.3959 0.3711 0.0727 0.0490 
        D520  7 0.5478 0.1818 0.0472 0.1870 0.0361 
        D521  7 0.2316 0.1171 0.2483 0.2893 0.1137 
        D522  7 0.1473 0.0525 0.1677 0.5625 0.0700 
        D523  7 0.1943 0.0783 0.0570 0.0405 0.6300 
        D524  7 0.1310 0.2067 0.1077 0.1748 0.3798 
        D525  7 0.1654 0.0367 0.0424 0.5306 0.2249 
        D526  7 0.2131 0.0196 0.0538 0.6800 0.0336 
        D527  7 0.2314 0.1290 0.4116 0.1469 0.0811 
        D528  7 0.9434 0.0122 0.0149 0.0191 0.0104 
        D558  7 0.2180 0.0557 0.4029 0.1855 0.1378 
        D559  7 0.2715 0.0256 0.4391 0.1121 0.1517 
        D640  7 0.1635 0.3383 0.2242 0.0851 0.1889 
        D641  7 0.1390 0.3693 0.0382 0.2025 0.2511 
        D642  7 0.2018 0.0682 0.0743 0.5003 0.1554 
        D644  7 0.1594 0.3489 0.1085 0.2816 0.1017 
        D645  7 0.1965 0.1855 0.1023 0.2076 0.3080 
        D662  7 0.0585 0.1048 0.1524 0.6644 0.0198 
        D687  7 0.3914 0.0998 0.2020 0.0728 0.2340 
        D688  7 0.2830 0.0363 0.3954 0.1771 0.1082 
        D689  7 0.2112 0.2207 0.2788 0.0927 0.1966 
        D700  7 0.9496 0.0146 0.0131 0.0113 0.0113 
        D797  7 0.2046 0.2589 0.2504 0.1204 0.1657 
        D798  7 0.1801 0.0423 0.0920 0.6503 0.0354 
        D799  7 0.3457 0.0345 0.1032 0.1417 0.3748 
        D800  7 0.2228 0.0247 0.5890 0.0997 0.0638 
        D132  8 0.0505 0.0378 0.0390 0.8497 0.0231 
        D133  8 0.0569 0.0179 0.0227 0.0521 0.8504 
        D200  8 0.5072 0.0790 0.0951 0.0896 0.2291 
        D500  8 0.0352 0.0269 0.0374 0.8873 0.0133 
        D614  8 0.1450 0.4826 0.1259 0.1938 0.0528 
        D723  8 0.1551 0.0705 0.3692 0.3069 0.0983 
        D888  8 0.0775 0.0305 0.0527 0.0269 0.8124 
        D901  8 0.3390 0.0997 0.0324 0.4272 0.1016 
        D902  8 0.1113 0.7434 0.0443 0.0648 0.0362 
        D903  8 0.1493 0.1460 0.5758 0.0408 0.0881 
        D904  8 0.1657 0.1061 0.4712 0.1607 0.0963 
        D905  8 0.0632 0.1390 0.0189 0.0216 0.7573 
        D906  8 0.3241 0.0330 0.1067 0.0663 0.4699 
        D937  8 0.0504 0.8743 0.0167 0.0300 0.0286 
        D943  8 0.4520 0.0484 0.1288 0.2691 0.1017 
        D972  8 0.2368 0.0679 0.1960 0.4295 0.0698 
        D973  8 0.0662 0.0469 0.7151 0.1425 0.0293 
        D974  8 0.2603 0.2495 0.1572 0.2043 0.1287 
        D975  8 0.5051 0.1408 0.1187 0.0759 0.1596 
        D976  8 0.4465 0.2501 0.0526 0.1195 0.1313 
        D201  9 0.4100 0.0490 0.1158 0.1125 0.3128 
        D202  9 0.4098 0.1436 0.0337 0.1640 0.2488 
     D237259  9 0.7914 0.0208 0.0854 0.0587 0.0437 
     D237260  9 0.2302 0.0528 0.0223 0.2004 0.4943 
     D237262  9 0.0550 0.0255 0.0350 0.8652 0.0193 
     D237263  9 0.1356 0.0318 0.0779 0.5719 0.1828 
     D237264  9 0.2285 0.1671 0.0919 0.3482 0.1643 
     D237265  9 0.1606 0.0542 0.0302 0.0647 0.6903 
     D237266  9 0.0747 0.0232 0.0527 0.2406 0.6088 
     D237267  9 0.7106 0.1785 0.0297 0.0447 0.0364 
     D237268  9 0.2250 0.0959 0.1483 0.4775 0.0533 
     D237289  9 0.0929 0.3487 0.0359 0.0936 0.4288 
     D237290  9 0.0789 0.0238 0.0323 0.0350 0.8300 
     D237291  9 0.1796 0.0633 0.0339 0.0759 0.6473 
     D237292  9 0.2880 0.0424 0.0282 0.1450 0.4965 
     D237293  9 0.3023 0.2249 0.1265 0.2646 0.0818 
     D237294  9 0.2103 0.0891 0.0253 0.4961 0.1792 
     D237295  9 0.1462 0.2038 0.3815 0.2267 0.0418 
     D237296  9 0.4603 0.1157 0.1018 0.1486 0.1736 
     D237297  9 0.1135 0.7111 0.0468 0.0621 0.0666 
     D237298  9 0.2057 0.0606 0.3494 0.1976 0.1867 
     D237341  9 0.3078 0.0454 0.1684 0.1057 0.3727 
     D237342  9 0.2352 0.0888 0.0438 0.5625 0.0697 
     D237343  9 0.1881 0.0505 0.0799 0.3825 0.2990 
     D237344  9 0.1603 0.4582 0.0588 0.1233 0.1994 
     D237345  9 0.0604 0.0148 0.0270 0.8643 0.0334 
     D237346  9 0.1335 0.1232 0.0408 0.1463 0.5562 
     D237347  9 0.1403 0.4250 0.1135 0.0810 0.2402 
     D237348  9 0.1847 0.1590 0.1070 0.3412 0.2081 
     D237349  9 0.1764 0.0281 0.2220 0.1858 0.3876 
     D244109  9 0.2356 0.0144 0.0834 0.1036 0.5630 
     D244110  9 0.1587 0.0257 0.0555 0.0949 0.6652 
     D244111  9 0.3231 0.0965 0.1650 0.1293 0.2860 
     D244128  9 0.2212 0.0371 0.0293 0.6577 0.0548 
     D244137  9 0.1106 0.0465 0.6148 0.1525 0.0756 
     D244138  9 0.3969 0.1672 0.0433 0.1245 0.2681 
        D580  9 0.4385 0.0963 0.0796 0.3661 0.0195 
        D581  9 0.1323 0.0260 0.0246 0.0561 0.7610 
        D582  9 0.0969 0.0202 0.0190 0.8440 0.0200 
        D583  9 0.0550 0.0242 0.0237 0.1027 0.7943 
        D584  9 0.2429 0.4668 0.0305 0.2114 0.0483 
        D585  9 0.2655 0.0315 0.0400 0.4746 0.1884 
        D586  9 0.0716 0.0558 0.0422 0.0318 0.7985 
        D651  9 0.1122 0.1382 0.4893 0.0834 0.1768 
        D652  9 0.1605 0.0267 0.2113 0.5080 0.0934 
        D653  9 0.2935 0.0486 0.2521 0.0415 0.3643 
        D654  9 0.1460 0.0403 0.2912 0.1913 0.3312 
        D655  9 0.2684 0.1784 0.1296 0.0716 0.3520 
        D656  9 0.2715 0.0467 0.0459 0.6096 0.0263 
        D657  9 0.3168 0.1124 0.1009 0.3481 0.1217 
        D667  9 0.1590 0.4705 0.0813 0.0607 0.2286 
        D668  9 0.1794 0.1063 0.0464 0.4947 0.1732 
        D669  9 0.3238 0.0734 0.0795 0.0925 0.4308 
        D670  9 0.4229 0.0655 0.4227 0.0488 0.0401 
        D671  9 0.1764 0.0684 0.0485 0.0920 0.6147 
        D672  9 0.1911 0.0382 0.0450 0.6293 0.0964 
        D673  9 0.2762 0.2756 0.0982 0.2561 0.0939 
        D692  9 0.3284 0.0368 0.0445 0.3635 0.2268 
        D693  9 0.2405 0.2962 0.1295 0.2219 0.1119 
        D694  9 0.2179 0.0389 0.0207 0.6635 0.0590 
        D695  9 0.1576 0.0613 0.2740 0.4599 0.0472 
        D696  9 0.0206 0.9251 0.0186 0.0155 0.0202 
        D697  9 0.1999 0.2788 0.1411 0.1456 0.2346 
        D698  9 0.1193 0.3602 0.0430 0.0735 0.4040 
        D699  9 0.1210 0.6625 0.0280 0.1054 0.0830 
        D787  9 0.1277 0.0271 0.3498 0.3063 0.1891 
        D788  9 0.1889 0.6433 0.0544 0.0943 0.0191 
        D789  9 0.3318 0.2493 0.0325 0.2445 0.1420 
        D790  9 0.1776 0.0965 0.1604 0.2912 0.2743 
        D791  9 0.1657 0.1799 0.0326 0.0646 0.5571 
        D792  9 0.1677 0.0493 0.3563 0.2181 0.2086 
        D793  9 0.0673 0.5309 0.2164 0.0536 0.1318 
        D794  9 0.0922 0.3825 0.2868 0.0856 0.1529 
        D795  9 0.1727 0.0895 0.0202 0.6675 0.0501 
        D796  9 0.2403 0.1172 0.0444 0.0739 0.5242 
        D142 10 0.1367 0.4924 0.1484 0.0518 0.1708 
        D143 10 0.0622 0.0947 0.0420 0.0454 0.7557 
        D144 10 0.1919 0.2892 0.2038 0.2006 0.1145 
        D145 10 0.1494 0.0434 0.0609 0.0513 0.6950 
        D146 10 0.2560 0.1272 0.0554 0.5225 0.0388 
        D147 10 0.7515 0.0537 0.0483 0.0931 0.0535 
        D148 10 0.6642 0.1114 0.1246 0.0319 0.0679 
        D149 10 0.1929 0.0406 0.0723 0.0513 0.6428 
        D151 10 0.7631 0.0605 0.0345 0.0560 0.0859 
        D152 10 0.0284 0.0162 0.0157 0.0213 0.9185 
        D153 10 0.1172 0.2614 0.4911 0.0957 0.0346 
        D156 10 0.1839 0.0522 0.6110 0.0420 0.1109 
        D157 10 0.1040 0.6066 0.0646 0.1647 0.0601 
        D158 10 0.3216 0.2555 0.0252 0.1573 0.2404 
        D159 10 0.0229 0.0350 0.0369 0.0264 0.8787 
        D160 10 0.0398 0.2304 0.0170 0.0294 0.6834 
        D161 10 0.1998 0.2347 0.3029 0.1171 0.1455 
        D162 10 0.1245 0.1520 0.5033 0.0414 0.1789 
        D169 10 0.1390 0.0259 0.0583 0.7153 0.0615 
        D170 10 0.0854 0.1174 0.0695 0.6904 0.0373 
        D171 10 0.1487 0.6549 0.0769 0.0780 0.0415 
        D172 10 0.2562 0.1498 0.2587 0.1962 0.1390 
