        D174  1 0.1001 0.2056 0.0486 0.3457 0.1002 0.1401 0.0597 
        D199  1 0.1703 0.0451 0.1809 0.1634 0.3017 0.0642 0.0744 
        D203  1 0.1038 0.1332 0.2298 0.0873 0.2412 0.1367 0.0680 
        D204  1 0.0409 0.0284 0.0399 0.0212 0.7556 0.0263 0.0877 
     D237366  1 0.0745 0.0233 0.0507 0.0668 0.0676 0.6363 0.0807 
     D237367  1 0.1586 0.0594 0.0594 0.0455 0.3074 0.3198 0.0498 
     D237368  1 0.1648 0.0859 0.0766 0.0954 0.1967 0.3226 0.0580 
     D244101  1 0.1383 0.0319 0.1836 0.0481 0.2978 0.0260 0.2742 
     D244102  1 0.1146 0.2112 0.0645 0.0703 0.1061 0.1248 0.3085 
     D244103  1 0.2245 0.0601 0.0470 0.0632 0.2509 0.2919 0.0623 
     D244104  1 0.0416 0.0573 0.0461 0.1046 0.6921 0.0358 0.0225 
     D244105  1 0.2134 0.1205 0.0252 0.0276 0.0510 0.5290 0.0333 
     D244106  1 0.1130 0.0573 0.1019 0.5734 0.0695 0.0370 0.0479 
     D244107  1 0.2291 0.2140 0.1116 0.0224 0.0926 0.2782 0.0522 
     D244108  1 0.0934 0.3911 0.0381 0.2497 0.0844 0.0537 0.0897 
     D244113  1 0.0645 0.0801 0.0389 0.2350 0.0283 0.0365 0.5167 
     D244114  1 0.3153 0.0727 0.1029 0.1449 0.1073 0.1661 0.0908 
     D244115  1 0.1935 0.2503 0.0285 0.2499 0.1507 0.0791 0.0479 
     D267365  1 0.0704 0.0617 0.0469 0.2607 0.4168 0.0905 0.0530 
        D404  1 0.0566 0.0874 0.0396 0.2074 0.0293 0.0268 0.5529 
        D405  1 0.0792 0.1732 0.0898 0.0753 0.1141 0.0637 0.4047 
        D406  1 0.0412 0.0520 0.0217 0.0458 0.0945 0.7061 0.0387 
        D407  1 0.0905 0.0267 0.1048 0.0293 0.4909 0.2301 0.0277 
        D408  1 0.0804 0.1552 0.0486 0.5098 0.0908 0.0357 0.0795 
        D409  1 0.4516 0.0803 0.0558 0.0686 0.1432 0.1542 0.0465 
        D410  1 0.0543 0.7561 0.0153 0.0327 0.0685 0.0453 0.0278 
        D421  1 0.0394 0.0166 0.0454 0.0287 0.8350 0.0248 0.0102 
        D422  1 0.0559 0.0261 0.0339 0.0171 0.0507 0.8000 0.0163 
        D423  1 0.0718 0.6363 0.0583 0.0209 0.0870 0.1007 0.0249 
        D424  1 0.1461 0.0292 0.0186 0.0457 0.6331 0.1005 0.0268 
        D425  1 0.2108 0.1753 0.0365 0.1072 0.3438 0.0628 0.0636 
        D426  1 0.5740 0.0254 0.0664 0.0654 0.0985 0.1448 0.0255 
        D427  1 0.0300 0.0472 0.4196 0.1711 0.2854 0.0326 0.0141 
        D428  1 0.1338 0.1189 0.0510 0.1179 0.3030 0.1230 0.1525 
        D429  1 0.1103 0.0578 0.0525 0.2604 0.3695 0.0712 0.0783 
        D430  1 0.3302 0.0590 0.1105 0.2327 0.1145 0.0934 0.0597 
        D491  1 0.0552 0.1483 0.0215 0.5871 0.1155 0.0280 0.0445 
        D492  1 0.2000 0.0589 0.0668 0.1413 0.2599 0.1487 0.1242 
        D537  1 0.0685 0.0519 0.0310 0.0262 0.6220 0.1036 0.0968 
        D538  1 0.2597 0.1923 0.0744 0.1227 0.0910 0.1445 0.1155 
        D539  1 0.1087 0.1386 0.0835 0.3133 0.0607 0.1244 0.1708 
        D540  1 0.3289 0.1166 0.0377 0.0588 0.2935 0.1235 0.0411 
        D541  1 0.0314 0.0214 0.0217 0.0165 0.8699 0.0222 0.0169 
        D551  1 0.4754 0.0267 0.1985 0.0860 0.0659 0.1163 0.0311 
        D552  1 0.1054 0.2613 0.0376 0.1793 0.2695 0.1060 0.0410 
        D553  1 0.0261 0.0214 0.0192 0.0235 0.8727 0.0207 0.0165 
        D615  1 0.1335 0.1744 0.0854 0.0905 0.3993 0.0775 0.0394 
        D616  1 0.1838 0.1539 0.1335 0.0899 0.2975 0.1156 0.0258 
        D621  1 0.0638 0.1483 0.0316 0.0873 0.0294 0.2793 0.3603 
        D622  1 0.1031 0.1281 0.0358 0.0625 0.0503 0.5690 0.0511 
        D623  1 0.0618 0.0672 0.1053 0.1833 0.0328 0.0238 0.5258 
        D624  1 0.1140 0.1143 0.0249 0.6147 0.0690 0.0368 0.0264 
        D625  1 0.0808 0.0551 0.0220 0.0585 0.6854 0.0605 0.0378 
        D626  1 0.0926 0.2527 0.0476 0.3027 0.0910 0.1676 0.0458 
        D627  1 0.4987 0.0246 0.0663 0.1199 0.1182 0.1483 0.0240 
        D690  1 0.0231 0.0746 0.0143 0.0446 0.7704 0.0462 0.0269 
        D691  1 0.0441 0.0551 0.0242 0.0498 0.0765 0.7215 0.0287 
        D710  1 0.1341 0.1614 0.0479 0.1270 0.3486 0.0808 0.1002 
        D711  1 0.0408 0.0422 0.0351 0.0397 0.7169 0.0694 0.0559 
        D712  1 0.0749 0.1032 0.0535 0.5263 0.0522 0.0850 0.1049 
        D713  1 0.1223 0.0830 0.0224 0.0953 0.1635 0.1221 0.3914 
        D746  1 0.0447 0.0482 0.0328 0.0315 0.0877 0.7311 0.0239 
        D747  1 0.0301 0.0256 0.0282 0.0245 0.8445 0.0234 0.0236 
        D748  1 0.0545 0.0932 0.0210 0.0417 0.3125 0.4273 0.0498 
        D749  1 0.2149 0.1010 0.0661 0.1077 0.0361 0.3378 0.1365 
        D750  1 0.0683 0.1271 0.0280 0.4406 0.2335 0.0507 0.0518 
        D763  1 0.2020 0.0707 0.1761 0.0642 0.1668 0.1575 0.1629 
        D764  1 0.0441 0.1227 0.0181 0.1201 0.6344 0.0401 0.0205 
        D765  1 0.1080 0.5252 0.0209 0.1412 0.0368 0.1458 0.0222 
        D766  1 0.0801 0.3459 0.0325 0.0414 0.1407 0.2083 0.1511 
        D767  1 0.0860 0.0926 0.0979 0.0411 0.0953 0.2138 0.3732 
        D768  1 0.0266 0.0229 0.0251 0.0167 0.8604 0.0309 0.0175 
        D811  1 0.1374 0.4507 0.0261 0.1438 0.0443 0.0392 0.1585 
        D816  1 0.0258 0.0351 0.0182 0.0283 0.8445 0.0251 0.0229 
        D825  1 0.1347 0.4381 0.0199 0.1359 0.1412 0.0632 0.0671 
        D866  1 0.1077 0.1719 0.2166 0.3587 0.0721 0.0399 0.0331 
        D867  1 0.0635 0.0292 0.0391 0.0273 0.0346 0.7130 0.0932 
        D871  1 0.4978 0.0421 0.0311 0.0699 0.1512 0.1647 0.0431 
        D872  1 0.1398 0.1771 0.0694 0.0393 0.3310 0.1572 0.0862 
        D873  1 0.0304 0.7528 0.0221 0.0181 0.0136 0.0256 0.1375 
        D874  1 0.0675 0.0292 0.0340 0.1196 0.1358 0.0246 0.5894 
        D875  1 0.4674 0.1085 0.0168 0.0305 0.1069 0.2390 0.0309 
        D876  1 0.0926 0.0688 0.0295 0.0845 0.5779 0.0796 0.0672 
        D877  1 0.1079 0.0582 0.0268 0.1427 0.0440 0.0189 0.6016 
        D892  1 0.0745 0.0629 0.0219 0.1318 0.3802 0.2738 0.0550 
        D893  1 0.0786 0.0577 0.0515 0.0442 0.6104 0.1058 0.0518 
        D894  1 0.0916 0.0524 0.0348 0.0778 0.6425 0.0648 0.0361 
        D915  1 0.0734 0.1704 0.0372 0.0554 0.5307 0.1045 0.0284 
        D916  1 0.0197 0.0205 0.0130 0.0223 0.8887 0.0212 0.0146 
        D917  1 0.1472 0.0639 0.0861 0.2980 0.1992 0.0427 0.1629 
        D925  1 0.0379 0.5702 0.0268 0.0752 0.2171 0.0468 0.0261 
        D926  1 0.2342 0.0637 0.0308 0.0901 0.4164 0.0944 0.0706 
        D927  1 0.1277 0.0295 0.2464 0.0943 0.3903 0.0643 0.0475 
        D928  1 0.0412 0.1369 0.0238 0.5970 0.1184 0.0167 0.0660 
        D929  1 0.0625 0.0562 0.0223 0.0719 0.0421 0.1621 0.5829 
        D936  1 0.0944 0.0544 0.0837 0.0557 0.5426 0.0355 0.1338 
        D938  1 0.0426 0.0845 0.0213 0.0389 0.0393 0.7141 0.0593 
        D956  1 0.1245 0.1723 0.0452 0.5027 0.0424 0.0377 0.0752 
        D957  1 0.0948 0.3576 0.0433 0.0517 0.1652 0.1540 0.1334 
        D958  1 0.0968 0.2081 0.0295 0.0976 0.3424 0.1214 0.1043 
        D959  1 0.0975 0.0256 0.0838 0.0228 0.4946 0.2535 0.0222 
        D960  1 0.0855 0.0616 0.0230 0.0523 0.0341 0.5898 0.1538 
        D989  1 0.0802 0.0672 0.0997 0.5898 0.0742 0.0467 0.0420 
        D990  1 0.0919 0.6633 0.0441 0.1002 0.0221 0.0613 0.0171 
        D023  2 0.0629 0.0348 0.0291 0.0191 0.2161 0.6177 0.0203 
        D130  2 0.0414 0.0238 0.0343 0.0182 0.0926 0.7556 0.0341 
        D131  2 0.3348 0.1106 0.0625 0.0733 0.3024 0.0691 0.0472 
        D163  2 0.0957 0.0577 0.0194 0.0704 0.0860 0.6376 0.0332 
        D164  2 0.0291 0.3495 0.5286 0.0129 0.0224 0.0327 0.0247 
        D165  2 0.0677 0.0324 0.0406 0.0291 0.0894 0.7165 0.0243 
        D166  2 0.2200 0.1102 0.0783 0.0356 0.0731 0.2412 0.2416 
        D167  2 0.0320 0.0251 0.8321 0.0395 0.0170 0.0234 0.0309 
        D192  2 0.0197 0.0210 0.8720 0.0238 0.0132 0.0183 0.0320 
        D193  2 0.1337 0.0750 0.0383 0.1684 0.0294 0.0642 0.4909 
        D206  2 0.2138 0.0778 0.2309 0.0332 0.1810 0.2045 0.0588 
        D207  2 0.1379 0.0297 0.6469 0.0312 0.0594 0.0383 0.0566 
        D208  2 0.1101 0.1610 0.1981 0.3216 0.0686 0.0638 0.0769 
        D209  2 0.3603 0.0799 0.2835 0.0312 0.0419 0.0691 0.1340 
        D210  2 0.0560 0.0466 0.1505 0.5999 0.0744 0.0388 0.0339 
     D229599  2 0.1804 0.1039 0.0812 0.1243 0.2471 0.1132 0.1500 
     D229600  2 0.0815 0.0353 0.3064 0.0266 0.0409 0.4721 0.0371 
     D237227  2 0.0597 0.2348 0.0456 0.5272 0.0585 0.0472 0.0270 
     D237228  2 0.1093 0.5671 0.0565 0.1848 0.0167 0.0268 0.0387 
     D237258  2 0.1853 0.1159 0.2008 0.1120 0.1005 0.1529 0.1326 
     D237310  2 0.1161 0.5557 0.0813 0.0575 0.0175 0.0754 0.0963 
     D237311  2 0.0748 0.5506 0.1725 0.0490 0.0205 0.0931 0.0393 
     D237312  2 0.0818 0.3220 0.0346 0.0599 0.0342 0.2158 0.2517 
     D237313  2 0.2053 0.2587 0.0395 0.1002 0.2372 0.0822 0.0770 
     D237322  2 0.3668 0.1407 0.0900 0.1654 0.0431 0.0635 0.1305 
     D237323  2 0.0583 0.5632 0.0415 0.1740 0.0220 0.0916 0.0493 
     D237324  2 0.3968 0.0510 0.1945 0.0402 0.0549 0.2352 0.0274 
     D237325  2 0.1109 0.3033 0.0638 0.0831 0.0452 0.2633 0.1304 
     D237326  2 0.0894 0.5302 0.0485 0.0813 0.1142 0.0843 0.0521 
     D237327  2 0.2405 0.0477 0.3284 0.1119 0.0795 0.1338 0.0582 
     D237337  2 0.0418 0.7783 0.0184 0.0321 0.0373 0.0558 0.0363 
     D237338  2 0.1253 0.2166 0.0828 0.1437 0.0672 0.2694 0.0951 
     D237339  2 0.1242 0.0301 0.2748 0.0311 0.0572 0.0334 0.4492 
     D237340  2 0.0892 0.2688 0.2005 0.1639 0.0302 0.1382 0.1092 
     D237389  2 0.0779 0.5895 0.0902 0.0291 0.0284 0.0897 0.0951 
     D237390  2 0.0871 0.3862 0.0368 0.0909 0.0574 0.1994 0.1421 
     D244017  2 0.1641 0.0822 0.2933 0.3013 0.0320 0.0580 0.0691 
     D244112  2 0.0363 0.0445 0.8056 0.0233 0.0178 0.0501 0.0224 
     D244118  2 0.0443 0.0359 0.6018 0.0283 0.0177 0.2240 0.0480 
     D244119  2 0.0366 0.0830 0.2981 0.5082 0.0291 0.0240 0.0211 
     D244120  2 0.0766 0.0535 0.4753 0.0659 0.0159 0.0583 0.2544 
     D244122  2 0.0604 0.0540 0.6399 0.0390 0.0372 0.0774 0.0921 
        D291  2 0.2284 0.0798 0.2798 0.1161 0.1076 0.1469 0.0415 
        D292  2 0.0911 0.1392 0.3467 0.1512 0.1780 0.0354 0.0585 
        D293  2 0.1193 0.0177 0.6607 0.0248 0.1291 0.0192 0.0292 
        D322  2 0.1336 0.0392 0.5418 0.0280 0.1576 0.0412 0.0586 
        D323  2 0.2045 0.1278 0.1633 0.0611 0.0985 0.0661 0.2787 
        D324  2 0.1840 0.1158 0.1173 0.1517 0.2693 0.1304 0.0316 
        D325  2 0.0496 0.0202 0.8231 0.0167 0.0378 0.0335 0.0191 
        D326  2 0.0314 0.0204 0.0204 0.0326 0.8656 0.0158 0.0137 
        D340  2 0.0244 0.0221 0.8603 0.0263 0.0281 0.0190 0.0198 
        D341  2 0.0625 0.0640 0.6488 0.0581 0.0441 0.0834 0.0390 
        D342  2 0.1788 0.1487 0.4824 0.0254 0.0316 0.0943 0.0389 
        D343  2 0.0183 0.0107 0.9055 0.0127 0.0259 0.0149 0.0120 
        D344  2 0.1450 0.0641 0.0597 0.0257 0.1342 0.0388 0.5325 
        D345  2 0.1336 0.3789 0.0459 0.0636 0.1884 0.0717 0.1179 
        D346  2 0.0820 0.1465 0.0934 0.4638 0.0992 0.0301 0.0850 
        D351  2 0.2116 0.0859 0.1036 0.0601 0.3608 0.1163 0.0618 
        D352  2 0.1052 0.0601 0.0538 0.0656 0.0417 0.0265 0.6470 
        D353  2 0.6113 0.0275 0.0270 0.0255 0.2218 0.0208 0.0660 
        D354  2 0.0710 0.0566 0.0186 0.0496 0.1029 0.0299 0.6714 
        D362  2 0.0430 0.0550 0.0303 0.0378 0.7423 0.0628 0.0288 
        D363  2 0.0466 0.0629 0.0272 0.0502 0.7594 0.0245 0.0292 
        D364  2 0.1203 0.0905 0.0352 0.0421 0.3467 0.0390 0.3261 
        D365  2 0.0304 0.0155 0.8554 0.0275 0.0330 0.0129 0.0252 
        D369  2 0.1197 0.1855 0.1761 0.1985 0.2424 0.0530 0.0249 
        D374  2 0.0443 0.0652 0.0254 0.2902 0.0215 0.0187 0.5347 
        D375  2 0.0679 0.0418 0.0154 0.0226 0.0279 0.0303 0.7941 
        D376  2 0.0700 0.0785 0.0365 0.3179 0.0212 0.0265 0.4494 
        D377  2 0.1558 0.4039 0.0604 0.0755 0.0486 0.0841 0.1718 
        D378  2 0.1954 0.0447 0.2740 0.0434 0.3022 0.0765 0.0639 
        D379  2 0.0948 0.0532 0.0235 0.0428 0.6706 0.0453 0.0699 
        D384  2 0.0309 0.0275 0.0162 0.0313 0.8597 0.0170 0.0175 
        D385  2 0.0447 0.0364 0.6886 0.0346 0.0263 0.0241 0.1454 
        D386  2 0.1900 0.0349 0.0981 0.0320 0.2395 0.0693 0.3363 
        D391  2 0.0463 0.0282 0.7603 0.0212 0.0546 0.0263 0.0632 
        D392  2 0.0773 0.1198 0.5634 0.0578 0.1124 0.0444 0.0248 
        D393  2 0.0987 0.0814 0.1593 0.0710 0.4263 0.0681 0.0952 
        D394  2 0.1751 0.2257 0.0919 0.0544 0.0992 0.1794 0.1743 
        D395  2 0.1049 0.0249 0.2843 0.0310 0.0273 0.0310 0.4965 
        D401  2 0.0388 0.8228 0.0348 0.0420 0.0192 0.0232 0.0191 
        D402  2 0.0343 0.0303 0.8130 0.0242 0.0239 0.0201 0.0542 
        D403  2 0.4423 0.0251 0.0441 0.0297 0.2242 0.1409 0.0937 
        D415  2 0.2095 0.0645 0.0294 0.0177 0.5777 0.0644 0.0368 
        D435  2 0.0567 0.0474 0.2561 0.0401 0.5009 0.0561 0.0427 
        D436  2 0.1100 0.0550 0.0493 0.0551 0.1570 0.1057 0.4680 
        D438  2 0.0253 0.0167 0.8681 0.0248 0.0200 0.0221 0.0229 
        D439  2 0.1908 0.0855 0.0994 0.0241 0.1406 0.0817 0.3779 
        D449  2 0.2564 0.0339 0.4918 0.0294 0.1053 0.0542 0.0290 
        D450  2 0.1780 0.0895 0.0326 0.2057 0.2204 0.0918 0.1819 
        D456  2 0.0324 0.0184 0.0156 0.0241 0.8697 0.0218 0.0179 
        D462  2 0.0362 0.0173 0.8070 0.0203 0.0514 0.0284 0.0395 
        D463  2 0.0435 0.0261 0.0141 0.0382 0.8268 0.0229 0.0284 
        D464  2 0.3991 0.0328 0.0604 0.0430 0.0965 0.0259 0.3425 
        D465  2 0.0725 0.0813 0.4065 0.0367 0.3033 0.0626 0.0371 
        D473  2 0.0789 0.1978 0.0426 0.4274 0.0443 0.0790 0.1302 
        D474  2 0.0728 0.0756 0.1055 0.1050 0.5663 0.0483 0.0264 
        D476  2 0.0669 0.0280 0.1125 0.0238 0.0558 0.4635 0.2494 
        D477  2 0.0863 0.1835 0.0407 0.0881 0.3980 0.0376 0.1658 
        D478  2 0.2571 0.0629 0.0796 0.1085 0.0947 0.2535 0.1438 
        D480  2 0.1500 0.0476 0.1283 0.1918 0.3471 0.0351 0.1002 
        D481  2 0.1486 0.1262 0.0702 0.1171 0.3225 0.0891 0.1263 
        D482  2 0.1269 0.1570 0.0693 0.2233 0.0294 0.0737 0.3204 
        D483  2 0.0349 0.0334 0.7754 0.0711 0.0266 0.0368 0.0218 
        D484  2 0.0271 0.0238 0.0218 0.0253 0.0150 0.0217 0.8653 
        D510  2 0.0577 0.0815 0.0573 0.5439 0.0280 0.0305 0.2011 
        D511  2 0.1434 0.0570 0.1271 0.0452 0.1908 0.0682 0.3683 
        D512  2 0.1704 0.4390 0.1795 0.0246 0.0392 0.0656 0.0818 
        D513  2 0.1110 0.0486 0.5253 0.0904 0.1239 0.0654 0.0353 
        D635  2 0.1090 0.0566 0.0430 0.0338 0.5134 0.2241 0.0201 
        D636  2 0.0400 0.1258 0.0241 0.0287 0.0603 0.7041 0.0169 
        D637  2 0.1528 0.1518 0.1964 0.0851 0.0486 0.0609 0.3045 
        D658  2 0.0654 0.0826 0.4278 0.0764 0.0267 0.0488 0.2725 
        D659  2 0.0867 0.0263 0.0450 0.0466 0.6647 0.0831 0.0477 
        D677  2 0.1390 0.1280 0.0866 0.0353 0.3082 0.2341 0.0688 
        D678  2 0.1815 0.0901 0.5647 0.0252 0.0278 0.0513 0.0595 
        D679  2 0.1269 0.0668 0.0708 0.0747 0.5509 0.0568 0.0531 
        D719  2 0.0766 0.0832 0.2030 0.3808 0.2045 0.0199 0.0319 
        D720  2 0.0461 0.0452 0.0408 0.0667 0.7323 0.0418 0.0270 
        D721  2 0.0951 0.0273 0.0631 0.0487 0.1815 0.5511 0.0332 
        D722  2 0.0907 0.0880 0.0615 0.2099 0.0317 0.0255 0.4927 
        D734  2 0.0981 0.0364 0.1388 0.3207 0.0550 0.0323 0.3187 
        D735  2 0.1833 0.1596 0.0733 0.1050 0.3702 0.0515 0.0570 
        D736  2 0.0822 0.0845 0.1299 0.4857 0.0937 0.0664 0.0575 
        D737  2 0.1085 0.0659 0.4418 0.0780 0.0275 0.0950 0.1833 
        D807  2 0.0761 0.1898 0.1064 0.2260 0.2317 0.0611 0.1089 
        D808  2 0.2349 0.2133 0.1622 0.0501 0.1306 0.1517 0.0571 
        D817  2 0.1289 0.1849 0.0343 0.0461 0.4218 0.0405 0.1435 
        D818  2 0.2809 0.0297 0.2667 0.0390 0.1072 0.2359 0.0407 
        D819  2 0.1829 0.3728 0.0434 0.0518 0.2372 0.0667 0.0451 
        D820  2 0.0701 0.0211 0.0592 0.0324 0.7309 0.0415 0.0449 
        D895  2 0.1878 0.1113 0.0440 0.0375 0.4239 0.1495 0.0460 
        D896  2 0.0282 0.8270 0.0181 0.0387 0.0247 0.0345 0.0288 
        D897  2 0.1615 0.0842 0.5843 0.0355 0.0359 0.0463 0.0523 
        D898  2 0.1915 0.4350 0.0681 0.0873 0.0808 0.0579 0.0794 
        D918  2 0.2106 0.1752 0.1003 0.0929 0.0574 0.2948 0.0688 
        D919  2 0.1858 0.0329 0.1951 0.0416 0.1928 0.0699 0.2818 
        D920  2 0.0550 0.0603 0.0376 0.0654 0.0368 0.6940 0.0508 
        D923  2 0.0679 0.0357 0.0363 0.0269 0.7056 0.0419 0.0856 
        D930  2 0.1608 0.1251 0.0619 0.1309 0.3423 0.0369 0.1421 
        D931  2 0.0939 0.0670 0.1330 0.0724 0.3725 0.0496 0.2116 
        D968  2 0.0260 0.0179 0.8701 0.0206 0.0267 0.0177 0.0210 
        D969  2 0.1420 0.0859 0.2488 0.1303 0.3163 0.0411 0.0357 
        D977  2 0.1225 0.0281 0.6741 0.0324 0.0430 0.0605 0.0393 
        D978  2 0.3120 0.0509 0.2970 0.1396 0.0543 0.0695 0.0767 
        D211  3 0.0768 0.0922 0.0288 0.0405 0.0814 0.6464 0.0339 
     D229639  3 0.1008 0.0853 0.3208 0.3392 0.0770 0.0398 0.0371 
     D237212  3 0.1351 0.1537 0.1692 0.1000 0.1347 0.1316 0.1758 
     D237213  3 0.1043 0.3938 0.0551 0.0296 0.0818 0.1749 0.1606 
     D237214  3 0.0992 0.0234 0.0193 0.0335 0.0451 0.7550 0.0246 
     D237215  3 0.0444 0.0801 0.6507 0.1171 0.0216 0.0219 0.0641 
     D237216  3 0.6657 0.0746 0.0303 0.0345 0.0576 0.0933 0.0441 
     D237217  3 0.3148 0.1357 0.0470 0.0270 0.1154 0.3389 0.0214 
     D237218  3 0.1797 0.0701 0.1322 0.2633 0.1122 0.1381 0.1045 
     D237219  3 0.1026 0.4887 0.0362 0.1387 0.0369 0.1718 0.0251 
     D237382  3 0.1597 0.2131 0.0932 0.1219 0.1454 0.1212 0.1455 
     D244127  3 0.0897 0.6057 0.1098 0.0374 0.0338 0.0832 0.0404 
     D244129  3 0.1890 0.2158 0.1117 0.0758 0.1634 0.1580 0.0862 
     D244133  3 0.2309 0.1747 0.1758 0.1534 0.1032 0.1345 0.0275 
     D244134  3 0.0701 0.2265 0.0802 0.4938 0.0552 0.0471 0.0271 
     D244135  3 0.0652 0.0342 0.0549 0.0203 0.0579 0.7411 0.0264 
     D244136  3 0.1460 0.1112 0.1107 0.2113 0.2622 0.0902 0.0685 
        D416  3 0.2294 0.2378 0.1671 0.0578 0.1585 0.0976 0.0518 
        D417  3 0.1085 0.0473 0.0255 0.0390 0.6256 0.1096 0.0445 
        D419  3 0.1755 0.2695 0.1146 0.1301 0.1157 0.1545 0.0400 
        D565  3 0.0439 0.1085 0.0213 0.7188 0.0595 0.0221 0.0260 
        D566  3 0.0964 0.1253 0.1807 0.4234 0.0881 0.0354 0.0506 
        D567  3 0.0812 0.1203 0.0433 0.0336 0.5712 0.0943 0.0562 
        D568  3 0.1190 0.1079 0.1561 0.0320 0.1856 0.2676 0.1318 
        D569  3 0.0952 0.0351 0.0816 0.0450 0.0340 0.0821 0.6270 
        D573  3 0.1000 0.0425 0.5540 0.1009 0.1422 0.0295 0.0308 
        D574  3 0.1402 0.1218 0.0736 0.4665 0.0560 0.0631 0.0788 
        D575  3 0.1047 0.4347 0.0733 0.1119 0.1119 0.1178 0.0457 
        D576  3 0.0703 0.0381 0.7189 0.0435 0.0114 0.0426 0.0752 
        D577  3 0.0828 0.0469 0.0325 0.0485 0.6005 0.1281 0.0607 
        D578  3 0.0451 0.0252 0.0254 0.0172 0.0224 0.8481 0.0166 
        D579  3 0.1046 0.1016 0.1235 0.2680 0.2241 0.0896 0.0885 
        D660  3 0.1632 0.1643 0.4350 0.0337 0.0269 0.1068 0.0701 
        D661  3 0.1931 0.0382 0.4318 0.0820 0.0487 0.1440 0.0621 
        D663  3 0.2051 0.0336 0.4575 0.1254 0.0732 0.0395 0.0657 
        D664  3 0.1440 0.3611 0.1525 0.0789 0.0295 0.1911 0.0429 
        D665  3 0.3491 0.2143 0.0634 0.0230 0.0236 0.1836 0.1431 
        D666  3 0.0642 0.6328 0.0298 0.1150 0.0718 0.0564 0.0301 
        D009  4 0.1715 0.1397 0.0313 0.0517 0.1127 0.3096 0.1835 
        D057  4 0.0732 0.0230 0.2547 0.0639 0.0625 0.3456 0.1772 
        D109  4 0.1809 0.5460 0.0219 0.0546 0.0607 0.1031 0.0328 
     D237222  4 0.0617 0.0637 0.0471 0.1160 0.0508 0.5805 0.0802 
     D237223  4 0.1844 0.1545 0.1067 0.1227 0.0502 0.2817 0.0998 
     D237224  4 0.1436 0.1066 0.2219 0.0753 0.2146 0.0657 0.1722 
     D237225  4 0.3230 0.0831 0.0490 0.0781 0.1382 0.2473 0.0814 
     D237299  4 0.3787 0.1465 0.0424 0.1175 0.0302 0.2408 0.0440 
     D237300  4 0.1091 0.0905 0.4259 0.2772 0.0250 0.0373 0.0350 
     D237306  4 0.0994 0.1890 0.0416 0.3513 0.0963 0.0755 0.1469 
     D237307  4 0.1123 0.0729 0.0654 0.2286 0.3757 0.0991 0.0461 
     D237308  4 0.1135 0.0926 0.3776 0.0909 0.0681 0.0704 0.1869 
     D237309  4 0.2548 0.1015 0.0650 0.0346 0.1739 0.2294 0.1408 
     D237317  4 0.2017 0.0961 0.0462 0.2808 0.2495 0.0681 0.0576 
     D237318  4 0.0929 0.0398 0.5752 0.2195 0.0291 0.0200 0.0235 
     D237319  4 0.2207 0.1176 0.0714 0.0688 0.0830 0.3750 0.0634 
     D237320  4 0.1220 0.1603 0.1683 0.0575 0.0972 0.3613 0.0333 
     D237321  4 0.1129 0.0610 0.3729 0.2743 0.0710 0.0676 0.0402 
     D237397  4 0.1570 0.1373 0.1712 0.2093 0.0739 0.1984 0.0530 
     D237398  4 0.2473 0.0265 0.2934 0.1868 0.1224 0.0786 0.0449 
     D237399  4 0.0699 0.0685 0.0814 0.3959 0.1169 0.2106 0.0568 
     D244001  4 0.1016 0.0346 0.0728 0.0436 0.0293 0.5932 0.1250 
        D289  4 0.1137 0.0739 0.1541 0.2793 0.1114 0.0974 0.1701 
        D290  4 0.3619 0.0625 0.0863 0.0848 0.0917 0.1574 0.1554 
        D294  4 0.2802 0.0338 0.0460 0.0719 0.1730 0.1108 0.2843 
        D295  4 0.0968 0.2832 0.0528 0.0739 0.2501 0.1336 0.1097 
        D301  4 0.0520 0.0733 0.0525 0.0776 0.0297 0.6454 0.0696 
        D302  4 0.0754 0.0254 0.0221 0.0265 0.1555 0.0520 0.6431 
        D303  4 0.0848 0.1671 0.0699 0.4371 0.0605 0.0495 0.1311 
        D304  4 0.3245 0.0505 0.0685 0.2306 0.1322 0.0823 0.1114 
        D305  4 0.4597 0.0382 0.0732 0.0213 0.0266 0.0489 0.3321 
        D306  4 0.6336 0.0507 0.0264 0.0456 0.0618 0.0884 0.0936 
        D307  4 0.0466 0.0545 0.0281 0.1115 0.0268 0.6916 0.0408 
        D327  4 0.1406 0.0352 0.0747 0.0875 0.5462 0.0608 0.0550 
        D328  4 0.0650 0.1140 0.0355 0.1264 0.0317 0.0601 0.5673 
        D329  4 0.2296 0.1090 0.1585 0.0634 0.0860 0.1349 0.2186 
        D330  4 0.1391 0.1876 0.0749 0.0200 0.2276 0.2146 0.1362 
        D331  4 0.1808 0.1427 0.0742 0.2047 0.2174 0.1020 0.0781 
        D333  4 0.0967 0.1704 0.1064 0.1344 0.0621 0.1456 0.2844 
        D334  4 0.0821 0.0738 0.0333 0.4850 0.1313 0.1313 0.0631 
        D335  4 0.0627 0.0403 0.0418 0.0360 0.2723 0.0347 0.5121 
        D370  4 0.0977 0.2439 0.0344 0.0639 0.0399 0.0517 0.4684 
        D371  4 0.0600 0.0736 0.0490 0.5473 0.1661 0.0245 0.0795 
        D372  4 0.3991 0.0451 0.2864 0.1824 0.0190 0.0279 0.0400 
        D373  4 0.0765 0.0439 0.1073 0.0562 0.0513 0.6084 0.0564 
        D455  4 0.0443 0.0286 0.0477 0.0437 0.0434 0.7320 0.0603 
        D490  4 0.0200 0.0365 0.0137 0.0230 0.0218 0.8568 0.0282 
        D497  4 0.0588 0.0751 0.0247 0.0323 0.0233 0.7220 0.0637 
        D498  4 0.1694 0.2566 0.0817 0.2221 0.0863 0.0895 0.0944 
        D499  4 0.2322 0.1213 0.2471 0.2105 0.0440 0.0381 0.1067 
        D514  4 0.1739 0.0919 0.0408 0.0325 0.3391 0.0871 0.2347 
        D515  4 0.1263 0.1196 0.0574 0.0403 0.0747 0.4770 0.1048 
        D516  4 0.1296 0.3809 0.0989 0.0681 0.1511 0.1279 0.0435 
        D517  4 0.1203 0.0672 0.0535 0.0378 0.0585 0.6308 0.0319 
        D518  4 0.0722 0.0242 0.0553 0.0815 0.0579 0.2957 0.4133 
        D519  4 0.1088 0.1372 0.0792 0.0480 0.0676 0.5339 0.0254 
        D560  4 0.2062 0.0727 0.1190 0.0510 0.0968 0.3836 0.0708 
        D561  4 0.3231 0.0443 0.0741 0.0202 0.1761 0.3039 0.0584 
        D562  4 0.1780 0.0740 0.1092 0.0867 0.1041 0.2698 0.1782 
        D563  4 0.1864 0.0554 0.4369 0.0310 0.0567 0.0732 0.1605 
        D572  4 0.0717 0.0286 0.0468 0.0445 0.0871 0.1085 0.6128 
        D629  4 0.0831 0.1100 0.0399 0.0425 0.3858 0.2757 0.0631 
        D630  4 0.1161 0.0526 0.0552 0.0807 0.1294 0.4176 0.1485 
        D631  4 0.1209 0.0369 0.2058 0.0684 0.0558 0.1338 0.3783 
        D632  4 0.0815 0.0800 0.1561 0.0254 0.0720 0.3435 0.2415 
        D646  4 0.2073 0.2093 0.0864 0.0421 0.1600 0.2351 0.0597 
        D647  4 0.0774 0.0750 0.0807 0.0250 0.4009 0.2351 0.1060 
        D648  4 0.0365 0.0289 0.0228 0.0352 0.0223 0.0268 0.8275 
        D649  4 0.0733 0.1968 0.0266 0.0320 0.4126 0.1072 0.1515 
        D650  4 0.1144 0.1140 0.0476 0.1515 0.2831 0.1896 0.0997 
        D708  4 0.1859 0.0959 0.0402 0.2044 0.0840 0.0965 0.2932 
        D709  4 0.2678 0.2584 0.0448 0.0565 0.0489 0.0540 0.2696 
        D738  4 0.0680 0.2028 0.0316 0.3870 0.1413 0.1174 0.0519 
        D739  4 0.1235 0.1013 0.0450 0.0430 0.0470 0.4883 0.1521 
        D740  4 0.2830 0.2463 0.0819 0.2276 0.0355 0.0608 0.0650 
        D741  4 0.2329 0.1327 0.1805 0.0284 0.1521 0.2328 0.0407 
        D742  4 0.1242 0.0714 0.4111 0.1673 0.0562 0.0999 0.0699 
        D743  4 0.0737 0.0273 0.0579 0.0472 0.5402 0.0544 0.1993 
        D744  4 0.1064 0.0476 0.1070 0.0430 0.0909 0.0569 0.5481 
        D745  4 0.0896 0.1324 0.0400 0.0384 0.0388 0.6282 0.0326 
        D814  4 0.3782 0.0205 0.2510 0.0385 0.0384 0.1725 0.1009 
        D815  4 0.0777 0.1158 0.0396 0.0466 0.1489 0.0498 0.5217 
        D828  4 0.0807 0.0882 0.0867 0.0879 0.0166 0.0562 0.5838 
        D845  4 0.0412 0.0316 0.4345 0.4162 0.0308 0.0214 0.0243 
        D846  4 0.1557 0.0392 0.1726 0.0265 0.1712 0.2007 0.2340 
        D847  4 0.0968 0.0915 0.0857 0.1868 0.1352 0.3467 0.0573 
        D848  4 0.0807 0.0306 0.1507 0.0681 0.0254 0.5953 0.0491 
        D849  4 0.1363 0.1819 0.0494 0.0314 0.0524 0.4696 0.0790 
        D850  4 0.1591 0.0574 0.1141 0.1145 0.2268 0.2837 0.0445 
        D856  4 0.3839 0.2261 0.0487 0.0616 0.0764 0.1299 0.0734 
        D857  4 0.0819 0.6264 0.0621 0.0472 0.0129 0.0726 0.0969 
        D859  4 0.1263 0.0546 0.0866 0.0581 0.0995 0.0717 0.5033 
        D860  4 0.0770 0.0614 0.1520 0.4524 0.1413 0.0375 0.0785 
        D883  4 0.0853 0.1992 0.0456 0.0971 0.2091 0.2225 0.1411 
        D884  4 0.0987 0.3259 0.0318 0.0740 0.0861 0.2518 0.1317 
        D885  4 0.2949 0.0807 0.1258 0.1096 0.1721 0.1572 0.0597 
        D886  4 0.0909 0.1800 0.0795 0.0424 0.1795 0.2909 0.1369 
        D887  4 0.1488 0.1124 0.2005 0.1561 0.1625 0.0754 0.1443 
        D889  4 0.3615 0.0381 0.1088 0.2144 0.0702 0.0575 0.1497 
        D890  4 0.1105 0.2967 0.0707 0.0984 0.0687 0.0880 0.2669 
        D891  4 0.0566 0.0235 0.5787 0.2841 0.0227 0.0186 0.0159 
        D899  4 0.1064 0.0477 0.5357 0.1267 0.0473 0.0420 0.0941 
        D900  4 0.2324 0.1039 0.1008 0.1018 0.1553 0.1215 0.1843 
        D970  4 0.1833 0.0753 0.0977 0.1017 0.2168 0.1238 0.2014 
        D971  4 0.1203 0.0932 0.4000 0.0512 0.1287 0.0310 0.1756 
        D979  4 0.0604 0.0251 0.0420 0.0398 0.4621 0.0403 0.3303 
        D093  5 0.0541 0.0647 0.0384 0.6953 0.0578 0.0405 0.0492 
        D154  5 0.3616 0.1120 0.2468 0.0892 0.0367 0.0646 0.0891 
        D168  5 0.2215 0.1596 0.2908 0.0326 0.0781 0.1580 0.0595 
        D189  5 0.1112 0.0678 0.1090 0.4933 0.0565 0.0547 0.1074 
        D190  5 0.0575 0.1375 0.0385 0.5816 0.0451 0.0294 0.1102 
     D237220  5 0.1296 0.1780 0.0400 0.2248 0.0363 0.2940 0.0973 
     D237221  5 0.0967 0.1514 0.1376 0.3768 0.1009 0.0621 0.0746 
     D237274  5 0.0841 0.0611 0.0555 0.0218 0.4678 0.0372 0.2725 
     D237275  5 0.1020 0.0777 0.6668 0.0423 0.0242 0.0326 0.0543 
     D237276  5 0.1239 0.2388 0.0481 0.1733 0.1428 0.1686 0.1044 
     D237277  5 0.0527 0.1032 0.0730 0.6424 0.0362 0.0285 0.0640 
     D237278  5 0.1616 0.1349 0.2926 0.1839 0.0636 0.0656 0.0977 
     D237279  5 0.4465 0.2592 0.0347 0.0340 0.0655 0.1122 0.0480 
     D237280  5 0.0914 0.5349 0.0277 0.0598 0.1186 0.1097 0.0577 
     D237281  5 0.1029 0.0277 0.6639 0.1046 0.0465 0.0221 0.0323 
     D237351  5 0.0320 0.7890 0.0207 0.0560 0.0268 0.0413 0.0342 
     D237352  5 0.0879 0.0571 0.0633 0.0668 0.1167 0.3542 0.2541 
     D237353  5 0.0284 0.2210 0.0250 0.6117 0.0284 0.0171 0.0684 
     D237359  5 0.1866 0.1149 0.0567 0.1939 0.0552 0.3308 0.0620 
     D237361  5 0.0381 0.1542 0.0251 0.7011 0.0323 0.0201 0.0290 
     D237362  5 0.1822 0.2581 0.0791 0.1081 0.2310 0.0678 0.0736 
     D237363  5 0.6023 0.0683 0.1260 0.0614 0.0439 0.0591 0.0390 
     D237364  5 0.1887 0.0890 0.1625 0.0358 0.1422 0.2197 0.1621 
     D237376  5 0.0334 0.0375 0.0291 0.0999 0.0161 0.0246 0.7595 
     D237377  5 0.1568 0.4039 0.0470 0.1144 0.2016 0.0364 0.0400 
     D237378  5 0.0666 0.0708 0.0840 0.5419 0.0390 0.0528 0.1449 
     D237379  5 0.1525 0.0341 0.0480 0.2879 0.0354 0.0770 0.3651 
     D237380  5 0.1058 0.2991 0.0199 0.0593 0.0305 0.0711 0.4141 
     D237381  5 0.1290 0.2719 0.0575 0.0719 0.0478 0.2481 0.1738 
     D237391  5 0.0304 0.0666 0.0232 0.7859 0.0366 0.0370 0.0204 
     D237392  5 0.1332 0.0781 0.1919 0.0276 0.3142 0.0546 0.2003 
     D237393  5 0.0662 0.1802 0.0673 0.2089 0.3639 0.0536 0.0599 
     D237394  5 0.0433 0.1656 0.0169 0.6557 0.0499 0.0306 0.0381 
     D237395  5 0.1561 0.1800 0.0871 0.3477 0.0532 0.1203 0.0557 
     D237396  5 0.1487 0.0836 0.0801 0.1564 0.4323 0.0728 0.0261 
     D244016  5 0.2978 0.1327 0.0810 0.1895 0.0481 0.0274 0.2235 
     D244018  5 0.1313 0.0749 0.3231 0.2582 0.0940 0.0812 0.0373 
     D244019  5 0.2437 0.1591 0.1706 0.0754 0.1300 0.0527 0.1685 
        D279  5 0.2228 0.1167 0.1427 0.3044 0.0464 0.0734 0.0936 
        D280  5 0.2451 0.1860 0.0815 0.2610 0.1019 0.0877 0.0368 
        D281  5 0.1255 0.0245 0.4908 0.2461 0.0414 0.0268 0.0448 
        D283  5 0.1179 0.1869 0.0501 0.3784 0.1750 0.0465 0.0451 
        D284  5 0.2033 0.1050 0.0615 0.0595 0.0794 0.4141 0.0772 
        D285  5 0.0933 0.0734 0.0404 0.5909 0.0921 0.0422 0.0678 
        D286  5 0.1321 0.0718 0.0518 0.2554 0.1414 0.1468 0.2008 
        D287  5 0.0871 0.0908 0.0296 0.1718 0.0232 0.0600 0.5374 
        D288  5 0.2029 0.2355 0.1172 0.1408 0.2323 0.0401 0.0312 
        D308  5 0.0713 0.6921 0.0267 0.0402 0.1048 0.0351 0.0296 
        D309  5 0.0560 0.0270 0.0195 0.0235 0.0672 0.0399 0.7670 
        D310  5 0.3119 0.0876 0.0243 0.4964 0.0287 0.0178 0.0333 
        D311  5 0.1809 0.0820 0.0627 0.1172 0.1798 0.0744 0.3030 
        D312  5 0.0992 0.1031 0.0695 0.1385 0.1695 0.1055 0.3147 
        D313  5 0.0293 0.5305 0.0156 0.0288 0.0194 0.3626 0.0139 
        D314  5 0.2119 0.2164 0.1384 0.1133 0.0402 0.1136 0.1662 
        D315  5 0.1515 0.1846 0.0635 0.1813 0.2594 0.0753 0.0844 
        D317  5 0.0507 0.0823 0.0326 0.6677 0.0902 0.0331 0.0434 
        D318  5 0.2463 0.0724 0.1409 0.0879 0.1400 0.1725 0.1399 
        D319  5 0.0438 0.2507 0.0265 0.5914 0.0327 0.0240 0.0308 
        D320  5 0.0509 0.1338 0.0235 0.6369 0.0410 0.0433 0.0706 
        D321  5 0.0438 0.6980 0.0382 0.0982 0.0722 0.0269 0.0227 
        D336  5 0.1088 0.0706 0.0278 0.5093 0.0382 0.0330 0.2122 
        D337  5 0.0417 0.0863 0.0451 0.7330 0.0360 0.0162 0.0417 
        D338  5 0.1575 0.0778 0.0905 0.3129 0.2216 0.0992 0.0406 
        D339  5 0.1426 0.1605 0.0690 0.5003 0.0531 0.0398 0.0348 
        D347  5 0.1617 0.0581 0.1211 0.0572 0.1521 0.0432 0.4066 
        D348  5 0.0916 0.0657 0.0397 0.4722 0.0357 0.0281 0.2669 
        D349  5 0.0167 0.8756 0.0156 0.0312 0.0190 0.0173 0.0246 
        D350  5 0.0344 0.0295 0.0339 0.0245 0.0324 0.0324 0.8128 
        D355  5 0.2750 0.0615 0.3193 0.0645 0.1250 0.0380 0.1167 
        D356  5 0.1073 0.0690 0.0316 0.2969 0.2918 0.1364 0.0670 
        D357  5 0.2583 0.1390 0.0768 0.1026 0.0727 0.0696 0.2809 
        D358  5 0.1482 0.1120 0.0535 0.3803 0.0732 0.0689 0.1638 
        D359  5 0.0837 0.1331 0.0275 0.3798 0.2815 0.0232 0.0712 
        D360  5 0.0695 0.0706 0.0285 0.4877 0.1365 0.1501 0.0572 
        D361  5 0.0255 0.8536 0.0226 0.0281 0.0309 0.0205 0.0187 
        D366  5 0.0868 0.0366 0.2994 0.0297 0.4711 0.0480 0.0284 
        D367  5 0.1659 0.2201 0.0279 0.3118 0.0337 0.0463 0.1942 
        D368  5 0.1112 0.5209 0.0272 0.1598 0.0947 0.0359 0.0502 
        D380  5 0.2399 0.0942 0.0758 0.0544 0.1389 0.0850 0.3118 
        D381  5 0.1473 0.1103 0.0520 0.5115 0.0956 0.0291 0.0542 
        D400  5 0.1484 0.0600 0.1487 0.2893 0.0880 0.0837 0.1819 
        D411  5 0.0567 0.0674 0.0386 0.0176 0.0243 0.7581 0.0373 
        D412  5 0.4224 0.1149 0.1222 0.0935 0.0696 0.0732 0.1043 
        D413  5 0.0877 0.0386 0.5758 0.0424 0.1149 0.0899 0.0505 
        D414  5 0.0815 0.0271 0.1074 0.0376 0.0290 0.0296 0.6879 
        D420  5 0.2363 0.1050 0.0780 0.1236 0.0423 0.3638 0.0510 
        D431  5 0.1321 0.3078 0.0810 0.1134 0.0276 0.0657 0.2724 
        D432  5 0.0995 0.1044 0.0772 0.5070 0.0832 0.0754 0.0533 
        D433  5 0.0718 0.3171 0.0771 0.3576 0.0722 0.0338 0.0703 
        D434  5 0.1349 0.2461 0.0431 0.3270 0.1107 0.0601 0.0780 
        D440  5 0.0522 0.0352 0.0231 0.0241 0.0348 0.0296 0.8010 
        D447  5 0.2775 0.0343 0.0970 0.0303 0.2610 0.1470 0.1529 
        D448  5 0.1556 0.0837 0.0830 0.2833 0.0803 0.0414 0.2727 
        D459  5 0.0783 0.0286 0.6372 0.1132 0.0594 0.0395 0.0437 
        D460  5 0.0260 0.7981 0.0212 0.0534 0.0631 0.0203 0.0179 
        D461  5 0.0414 0.0323 0.0194 0.0326 0.1021 0.0266 0.7457 
        D468  5 0.1952 0.2779 0.0555 0.0992 0.2203 0.0701 0.0819 
        D469  5 0.0713 0.1371 0.0390 0.0803 0.5283 0.0799 0.0642 
        D470  5 0.1240 0.0855 0.0467 0.0847 0.0882 0.3646 0.2064 
        D471  5 0.1202 0.0732 0.0749 0.3747 0.0764 0.0245 0.2561 
        D472  5 0.0451 0.0332 0.1569 0.0525 0.6649 0.0258 0.0215 
        D479  5 0.0673 0.0278 0.5829 0.0237 0.0388 0.0271 0.2325 
        D485  5 0.0562 0.0304 0.0456 0.0337 0.0312 0.0548 0.7482 
        D486  5 0.1830 0.1781 0.0614 0.0782 0.1345 0.2320 0.1329 
        D487  5 0.1178 0.0741 0.2001 0.3486 0.0410 0.0575 0.1608 
        D555  5 0.0468 0.0888 0.0775 0.6874 0.0300 0.0240 0.0456 
        D556  5 0.1287 0.2801 0.0710 0.1978 0.0650 0.0550 0.2024 
        D557  5 0.0518 0.1640 0.0596 0.5821 0.0532 0.0217 0.0676 
        D564  5 0.1320 0.2529 0.0424 0.1736 0.0627 0.0598 0.2767 
        D594  5 0.2619 0.1015 0.0980 0.0593 0.1476 0.0554 0.2763 
        D595  5 0.1369 0.1151 0.0980 0.3008 0.2007 0.0670 0.0816 
        D596  5 0.0440 0.1430 0.0544 0.6512 0.0291 0.0258 0.0526 
        D597  5 0.0820 0.0538 0.3481 0.2917 0.1103 0.0303 0.0838 
        D598  5 0.1102 0.0862 0.0592 0.3818 0.1083 0.1304 0.1240 
        D617  5 0.0980 0.1012 0.1452 0.0226 0.0289 0.5596 0.0445 
        D618  5 0.0664 0.1007 0.0784 0.5791 0.0701 0.0499 0.0552 
        D619  5 0.1071 0.3924 0.0560 0.0683 0.1445 0.0253 0.2065 
        D620  5 0.0242 0.0363 0.7791 0.0483 0.0604 0.0300 0.0216 
        D628  5 0.0702 0.0299 0.0295 0.0534 0.0367 0.0703 0.7100 
        D714  5 0.0820 0.0709 0.1232 0.2505 0.0238 0.0341 0.4154 
        D715  5 0.0568 0.1211 0.0565 0.5909 0.1157 0.0240 0.0348 
        D716  5 0.1551 0.0390 0.1291 0.0626 0.0931 0.0643 0.4568 
        D717  5 0.1115 0.1276 0.0498 0.1987 0.3277 0.1038 0.0810 
        D718  5 0.2639 0.1502 0.0603 0.0999 0.0231 0.1364 0.2662 
        D769  5 0.0905 0.0401 0.0894 0.0328 0.0366 0.5836 0.1271 
        D770  5 0.1356 0.0616 0.2010 0.1018 0.0472 0.0443 0.4085 
        D771  5 0.2190 0.1005 0.2487 0.0996 0.0670 0.1071 0.1581 
        D772  5 0.0528 0.0827 0.0458 0.1320 0.0596 0.0753 0.5518 
        D782  5 0.4554 0.1597 0.1713 0.0780 0.0477 0.0510 0.0369 
        D783  5 0.1353 0.0442 0.2492 0.1334 0.0292 0.0401 0.3686 
        D784  5 0.1098 0.0613 0.0562 0.2058 0.3829 0.0602 0.1237 
        D785  5 0.0580 0.2880 0.0260 0.3432 0.0589 0.0451 0.1808 
        D786  5 0.0642 0.0583 0.0625 0.0255 0.1542 0.3904 0.2449 
        D821  5 0.0256 0.0916 0.0187 0.7904 0.0179 0.0136 0.0423 
        D822  5 0.2243 0.1524 0.0840 0.1071 0.2336 0.0324 0.1663 
        D826  5 0.0996 0.1489 0.1657 0.3772 0.0741 0.0529 0.0816 
        D827  5 0.2585 0.0449 0.1133 0.0458 0.3119 0.1140 0.1117 
        D851  5 0.3795 0.1146 0.0572 0.1541 0.1271 0.0825 0.0850 
        D852  5 0.1060 0.1680 0.1259 0.2211 0.0306 0.0578 0.2905 
        D853  5 0.1431 0.1370 0.0646 0.3885 0.1124 0.0756 0.0788 
        D854  5 0.2865 0.1654 0.1454 0.0405 0.1128 0.1023 0.1471 
        D861  5 0.3833 0.1510 0.1207 0.1359 0.0692 0.0802 0.0596 
        D862  5 0.1226 0.1327 0.0355 0.1428 0.3361 0.0553 0.1751 
        D865  5 0.0807 0.2653 0.0759 0.4384 0.0329 0.0349 0.0719 
        D868  5 0.0566 0.0592 0.0426 0.1451 0.5885 0.0723 0.0358 
        D869  5 0.0721 0.0878 0.0374 0.0386 0.0512 0.6899 0.0230 
        D870  5 0.5379 0.0337 0.0670 0.0176 0.0873 0.2231 0.0333 
        D907  5 0.1711 0.1918 0.0384 0.4360 0.0450 0.0702 0.0476 
        D908  5 0.0742 0.1723 0.1820 0.3201 0.0318 0.0275 0.1921 
        D910  5 0.1180 0.0885 0.2238 0.2959 0.0971 0.0438 0.1328 
        D911  5 0.2765 0.0389 0.3832 0.1496 0.0685 0.0387 0.0447 
        D934  5 0.2442 0.1107 0.1835 0.0881 0.0650 0.0482 0.2602 
        D946  5 0.1470 0.2821 0.0884 0.0518 0.0225 0.0531 0.3552 
        D947  5 0.1718 0.1226 0.0536 0.0925 0.1905 0.1017 0.2673 
        D948  5 0.0211 0.8221 0.0179 0.0653 0.0397 0.0171 0.0167 
        D949  5 0.0257 0.8330 0.0156 0.0416 0.0465 0.0207 0.0170 
        D950  5 0.2302 0.0474 0.3846 0.1629 0.0963 0.0292 0.0494 
        D951  5 0.3453 0.0654 0.0467 0.0236 0.2855 0.0468 0.1866 
        D952  5 0.0747 0.0764 0.0458 0.1019 0.6066 0.0475 0.0473 
        D953  5 0.0765 0.1472 0.0403 0.5180 0.1282 0.0421 0.0477 
        D954  5 0.0884 0.1587 0.0358 0.1670 0.4929 0.0218 0.0354 
        D961  5 0.0881 0.0601 0.0297 0.0644 0.0219 0.0329 0.7030 
        D962  5 0.0464 0.0662 0.0170 0.2446 0.0713 0.0511 0.5033 
        D963  5 0.1256 0.0479 0.0508 0.3121 0.2595 0.0420 0.1622 
        D964  5 0.1670 0.1554 0.0897 0.1029 0.0665 0.2120 0.2065 
        D965  5 0.0877 0.0361 0.0756 0.0560 0.0506 0.0926 0.6014 
        D966  5 0.1608 0.0500 0.1240 0.2259 0.1815 0.0498 0.2079 
        D967  5 0.1013 0.3319 0.1690 0.2446 0.0495 0.0588 0.0449 
        D991  5 0.0945 0.0889 0.0334 0.0819 0.0575 0.2210 0.4228 
        D502  6 0.3089 0.0978 0.1089 0.0161 0.0266 0.1415 0.3002 
        D503  6 0.2424 0.1462 0.2140 0.1450 0.0371 0.1807 0.0347 
        D504  6 0.1314 0.0708 0.0680 0.1464 0.3592 0.0950 0.1292 
        D505  6 0.1970 0.0942 0.1143 0.2365 0.1304 0.1205 0.1071 
        D506  6 0.0582 0.0861 0.0257 0.6907 0.0672 0.0272 0.0449 
        D507  6 0.1845 0.0868 0.0934 0.0718 0.0549 0.0774 0.4311 
        D508  6 0.2342 0.1146 0.0849 0.0598 0.2322 0.0851 0.1893 
        D529  6 0.1817 0.0706 0.0578 0.1612 0.1157 0.3413 0.0717 
        D530  6 0.0837 0.1018 0.0525 0.0574 0.0229 0.0803 0.6013 
        D531  6 0.2050 0.0977 0.0633 0.1324 0.2738 0.1148 0.1130 
        D532  6 0.1469 0.0775 0.0965 0.1091 0.1561 0.0537 0.3602 
        D534  6 0.0957 0.1023 0.0504 0.0335 0.0635 0.5966 0.0580 
        D535  6 0.1681 0.2476 0.0357 0.2007 0.1755 0.0756 0.0968 
        D536  6 0.1349 0.0240 0.5954 0.0249 0.0320 0.1315 0.0572 
        D554  6 0.1113 0.0923 0.0413 0.1182 0.0710 0.1143 0.4516 
        D587  6 0.0985 0.0879 0.0474 0.5831 0.0925 0.0431 0.0475 
        D588  6 0.3291 0.1335 0.0580 0.2368 0.1649 0.0363 0.0415 
        D589  6 0.3188 0.0792 0.2259 0.1961 0.0607 0.0589 0.0604 
        D590  6 0.1141 0.0412 0.6576 0.0445 0.0360 0.0458 0.0608 
        D591  6 0.3082 0.0928 0.0867 0.2606 0.0851 0.1146 0.0520 
        D592  6 0.1074 0.1099 0.0446 0.1110 0.0751 0.5202 0.0319 
        D593  6 0.0582 0.0705 0.0262 0.0474 0.0192 0.0434 0.7352 
        D682  6 0.0543 0.0834 0.0294 0.7165 0.0489 0.0353 0.0322 
        D683  6 0.0932 0.0417 0.0247 0.2771 0.4708 0.0573 0.0353 
        D684  6 0.2817 0.0932 0.1515 0.0683 0.0519 0.3179 0.0355 
        D685  6 0.6773 0.0573 0.0553 0.0588 0.0205 0.0634 0.0674 
        D686  6 0.1729 0.0609 0.0381 0.1295 0.0443 0.0280 0.5264 
        D724  6 0.1964 0.1489 0.0879 0.0289 0.1979 0.1108 0.2292 
        D725  6 0.1394 0.0518 0.1485 0.0847 0.0464 0.1039 0.4252 
        D726  6 0.0460 0.0817 0.0220 0.7025 0.0511 0.0306 0.0660 
        D727  6 0.2139 0.0406 0.3903 0.0666 0.1854 0.0613 0.0420 
        D728  6 0.1304 0.2191 0.0363 0.2829 0.0870 0.0466 0.1977 
        D729  6 0.2001 0.1588 0.2754 0.0334 0.2237 0.0799 0.0286 
        D730  6 0.1870 0.1536 0.1157 0.0394 0.1371 0.1587 0.2084 
        D731  6 0.0259 0.0878 0.0945 0.7297 0.0168 0.0170 0.0282 
        D732  6 0.1241 0.0503 0.0565 0.0400 0.2190 0.0927 0.4174 
        D733  6 0.0807 0.0776 0.0391 0.0439 0.0470 0.1287 0.5830 
     D237251  7 0.1451 0.1294 0.2938 0.1254 0.0363 0.0957 0.1742 
     D237252  7 0.1781 0.1776 0.2015 0.0366 0.0446 0.2857 0.0759 
     D237253  7 0.2299 0.0756 0.1647 0.3247 0.0633 0.0730 0.0687 
     D237254  7 0.0666 0.0152 0.0214 0.0195 0.0221 0.8417 0.0136 
     D237255  7 0.0874 0.0298 0.5661 0.1730 0.0369 0.0519 0.0548 
     D237256  7 0.3063 0.0619 0.2873 0.0807 0.0649 0.0333 0.1655 
     D237257  7 0.3518 0.1395 0.0862 0.0325 0.0598 0.2731 0.0571 
