        D174  1 0.1059 0.0413 0.1442 0.1064 0.5561 0.0462 
        D199  1 0.3600 0.2324 0.0864 0.0429 0.2307 0.0476 
        D203  1 0.3151 0.2101 0.1626 0.1493 0.0866 0.0764 
        D204  1 0.8386 0.0295 0.0224 0.0218 0.0170 0.0706 
     D237366  1 0.1028 0.0649 0.2922 0.2478 0.0741 0.2181 
     D237367  1 0.4659 0.0674 0.2143 0.1378 0.0462 0.0684 
     D237368  1 0.1616 0.0764 0.0994 0.4913 0.1267 0.0445 
     D244101  1 0.4749 0.1790 0.0520 0.0262 0.0309 0.2370 
     D244102  1 0.1196 0.1012 0.1918 0.1615 0.1006 0.3253 
     D244103  1 0.1685 0.0345 0.6029 0.0884 0.0500 0.0556 
     D244104  1 0.6908 0.0468 0.0263 0.0485 0.1622 0.0254 
     D244105  1 0.2401 0.0341 0.2233 0.4328 0.0217 0.0480 
     D244106  1 0.0547 0.0994 0.1109 0.0354 0.6546 0.0450 
     D244107  1 0.1498 0.0911 0.0699 0.6156 0.0208 0.0528 
     D244108  1 0.1420 0.0430 0.0575 0.2294 0.4645 0.0635 
     D244113  1 0.0220 0.0481 0.0720 0.0436 0.4987 0.3156 
     D244114  1 0.1742 0.1290 0.4013 0.0541 0.1215 0.1199 
     D244115  1 0.1983 0.0348 0.1250 0.2490 0.3412 0.0516 
     D267365  1 0.3754 0.0463 0.0697 0.0815 0.3594 0.0676 
        D404  1 0.0287 0.0469 0.1250 0.0404 0.4195 0.3395 
        D405  1 0.1454 0.1357 0.1859 0.1010 0.1244 0.3076 
        D406  1 0.0681 0.0142 0.0272 0.8280 0.0318 0.0308 
        D407  1 0.7381 0.0561 0.1075 0.0521 0.0309 0.0154 
        D408  1 0.0511 0.0553 0.0834 0.0380 0.7342 0.0380 
        D409  1 0.0897 0.0380 0.7289 0.0484 0.0596 0.0355 
        D410  1 0.0941 0.0133 0.0338 0.7853 0.0359 0.0376 
        D421  1 0.9078 0.0197 0.0172 0.0144 0.0311 0.0098 
        D422  1 0.0757 0.0312 0.0343 0.8240 0.0191 0.0157 
        D423  1 0.1107 0.0390 0.0296 0.7828 0.0201 0.0178 
        D424  1 0.7714 0.0183 0.0915 0.0572 0.0364 0.0252 
        D425  1 0.6361 0.0350 0.0467 0.0405 0.1936 0.0482 
        D426  1 0.0888 0.1427 0.6618 0.0428 0.0394 0.0245 
        D427  1 0.2058 0.4747 0.0265 0.0263 0.2488 0.0179 
        D428  1 0.4311 0.0502 0.1068 0.0896 0.2332 0.0890 
        D429  1 0.3997 0.0536 0.0885 0.0604 0.3394 0.0584 
        D430  1 0.1041 0.0902 0.5195 0.0418 0.1928 0.0515 
        D491  1 0.0663 0.0174 0.0307 0.0209 0.8450 0.0197 
        D492  1 0.3169 0.0615 0.1482 0.1317 0.2391 0.1027 
        D537  1 0.7745 0.0192 0.0370 0.0583 0.0318 0.0793 
        D538  1 0.0801 0.0693 0.4031 0.2451 0.1226 0.0798 
        D539  1 0.0670 0.1494 0.1116 0.1787 0.3156 0.1777 
        D540  1 0.3301 0.0571 0.3858 0.0848 0.1085 0.0337 
        D541  1 0.8914 0.0211 0.0252 0.0307 0.0180 0.0137 
        D551  1 0.1243 0.5562 0.1913 0.0482 0.0401 0.0398 
        D552  1 0.2367 0.0338 0.0566 0.3445 0.2783 0.0501 
        D553  1 0.9096 0.0177 0.0181 0.0185 0.0204 0.0158 
        D615  1 0.4002 0.1267 0.1344 0.1847 0.1192 0.0348 
        D616  1 0.3198 0.1519 0.1623 0.2266 0.1164 0.0229 
        D621  1 0.0277 0.0263 0.0360 0.5653 0.0910 0.2538 
        D622  1 0.0581 0.0300 0.0565 0.7528 0.0460 0.0566 
        D623  1 0.0441 0.1048 0.0620 0.0399 0.2943 0.4548 
        D624  1 0.0468 0.0202 0.0287 0.0284 0.8621 0.0138 
        D625  1 0.6551 0.0230 0.0884 0.1120 0.0714 0.0501 
        D626  1 0.1297 0.0413 0.0824 0.1917 0.5037 0.0512 
        D627  1 0.0943 0.0511 0.7734 0.0283 0.0375 0.0154 
        D690  1 0.7609 0.0141 0.0246 0.0939 0.0807 0.0258 
        D691  1 0.1295 0.0275 0.0713 0.7000 0.0416 0.0301 
        D710  1 0.3777 0.0556 0.1023 0.1276 0.2354 0.1015 
        D711  1 0.7394 0.0300 0.0593 0.0650 0.0481 0.0583 
        D712  1 0.0356 0.0528 0.0618 0.0616 0.7164 0.0719 
        D713  1 0.1770 0.0233 0.0957 0.0802 0.1804 0.4435 
        D746  1 0.0657 0.0235 0.0284 0.8346 0.0281 0.0197 
        D747  1 0.8807 0.0311 0.0231 0.0222 0.0282 0.0147 
        D748  1 0.4381 0.0244 0.1237 0.2602 0.0521 0.1014 
        D749  1 0.0410 0.0761 0.0784 0.5629 0.1226 0.1190 
        D750  1 0.1490 0.0247 0.0452 0.0874 0.6473 0.0464 
        D763  1 0.2399 0.2224 0.1463 0.0811 0.0391 0.2712 
        D764  1 0.5130 0.0213 0.0596 0.1552 0.2315 0.0194 
        D765  1 0.0727 0.0217 0.1459 0.5299 0.2022 0.0276 
        D766  1 0.2481 0.0229 0.0591 0.4986 0.0518 0.1196 
        D767  1 0.1342 0.0653 0.2062 0.1371 0.0398 0.4173 
        D768  1 0.9149 0.0198 0.0179 0.0199 0.0147 0.0127 
        D811  1 0.0628 0.0375 0.2636 0.0743 0.4407 0.1211 
        D816  1 0.8939 0.0154 0.0169 0.0207 0.0321 0.0209 
        D825  1 0.2201 0.0235 0.1734 0.1574 0.3616 0.0640 
        D866  1 0.0657 0.3314 0.0934 0.0685 0.4069 0.0341 
        D867  1 0.0259 0.0356 0.0442 0.7850 0.0320 0.0774 
        D871  1 0.0496 0.0203 0.8499 0.0195 0.0365 0.0243 
        D872  1 0.4400 0.0546 0.1320 0.2419 0.0495 0.0820 
        D873  1 0.0114 0.0139 0.0186 0.9131 0.0150 0.0281 
        D874  1 0.0803 0.0240 0.0318 0.0165 0.1025 0.7450 
        D875  1 0.0386 0.0150 0.8332 0.0659 0.0226 0.0246 
        D876  1 0.5726 0.0314 0.0838 0.0996 0.1163 0.0963 
        D877  1 0.0617 0.0269 0.2368 0.0240 0.2884 0.3622 
        D892  1 0.4627 0.0207 0.1570 0.1392 0.1441 0.0762 
        D893  1 0.6451 0.0487 0.0849 0.0906 0.0321 0.0985 
        D894  1 0.5468 0.0466 0.1749 0.0795 0.1135 0.0388 
        D915  1 0.6744 0.0330 0.0607 0.1548 0.0505 0.0267 
        D916  1 0.8747 0.0151 0.0257 0.0393 0.0305 0.0147 
        D917  1 0.1949 0.0843 0.0995 0.0419 0.4214 0.1580 
        D925  1 0.1296 0.0197 0.0268 0.7140 0.0929 0.0170 
        D926  1 0.5648 0.0276 0.1430 0.0774 0.1008 0.0864 
        D927  1 0.4121 0.2847 0.1161 0.0378 0.0911 0.0581 
        D928  1 0.0881 0.0134 0.0206 0.0212 0.8352 0.0215 
        D929  1 0.0327 0.0197 0.1773 0.0450 0.0521 0.6731 
        D936  1 0.6092 0.0856 0.0461 0.0370 0.0529 0.1693 
        D938  1 0.0322 0.0153 0.0228 0.8612 0.0292 0.0393 
        D956  1 0.0329 0.0436 0.1006 0.0417 0.7304 0.0509 
        D957  1 0.3138 0.0416 0.0836 0.4022 0.0549 0.1039 
        D958  1 0.3851 0.0253 0.0839 0.2894 0.1267 0.0896 
        D959  1 0.7735 0.0322 0.0935 0.0607 0.0226 0.0175 
        D960  1 0.0277 0.0158 0.0329 0.8494 0.0324 0.0418 
        D989  1 0.0633 0.0948 0.0478 0.0291 0.7302 0.0348 
        D990  1 0.0193 0.0406 0.0298 0.8236 0.0628 0.0238 
        D023  2 0.1165 0.0237 0.0370 0.7772 0.0243 0.0214 
        D130  2 0.1174 0.0318 0.1108 0.6863 0.0179 0.0357 
        D131  2 0.3568 0.0882 0.3974 0.0533 0.0477 0.0568 
        D163  2 0.1124 0.0194 0.0419 0.7437 0.0473 0.0352 
        D164  2 0.0257 0.4586 0.0145 0.4708 0.0118 0.0186 
        D165  2 0.0624 0.0381 0.0496 0.8051 0.0229 0.0220 
        D166  2 0.0601 0.0634 0.5926 0.0839 0.0271 0.1730 
        D167  2 0.0165 0.8857 0.0296 0.0160 0.0335 0.0186 
        D192  2 0.0124 0.9160 0.0143 0.0216 0.0161 0.0196 
        D193  2 0.0407 0.0508 0.1458 0.0952 0.3103 0.3571 
        D206  2 0.3275 0.2817 0.1391 0.1290 0.0330 0.0897 
        D207  2 0.0667 0.6896 0.1521 0.0279 0.0237 0.0400 
        D208  2 0.0588 0.3188 0.0727 0.0644 0.3742 0.1112 
        D209  2 0.0870 0.4720 0.1006 0.0847 0.0443 0.2114 
        D210  2 0.0515 0.1792 0.0449 0.0289 0.6566 0.0388 
     D229599  2 0.2683 0.0732 0.1013 0.1326 0.1155 0.3090 
     D229600  2 0.0410 0.3142 0.0832 0.4980 0.0270 0.0366 
     D237227  2 0.0448 0.0691 0.0591 0.2214 0.5683 0.0373 
     D237228  2 0.0219 0.0973 0.1251 0.4575 0.2538 0.0445 
     D237258  2 0.1114 0.2644 0.1352 0.1767 0.1737 0.1386 
     D237310  2 0.0186 0.0538 0.3733 0.4437 0.0421 0.0684 
     D237311  2 0.0239 0.1695 0.0980 0.6373 0.0324 0.0389 
     D237312  2 0.0411 0.0311 0.3331 0.2959 0.0571 0.2417 
     D237313  2 0.3645 0.0395 0.1358 0.1781 0.1445 0.1377 
     D237322  2 0.0472 0.1455 0.3180 0.0804 0.1346 0.2743 
     D237323  2 0.0184 0.0341 0.1313 0.6452 0.1187 0.0523 
     D237324  2 0.0555 0.3153 0.1311 0.4184 0.0209 0.0588 
     D237325  2 0.0590 0.0417 0.1419 0.5064 0.0931 0.1580 
     D237326  2 0.1208 0.0406 0.0372 0.6760 0.0879 0.0375 
     D237327  2 0.1153 0.4000 0.1572 0.0670 0.1321 0.1285 
     D237337  2 0.0373 0.0192 0.0656 0.7942 0.0475 0.0361 
     D237338  2 0.0719 0.0843 0.1344 0.3699 0.1390 0.2004 
     D237339  2 0.1131 0.1572 0.0634 0.0318 0.0205 0.6141 
     D237340  2 0.0312 0.1809 0.0961 0.3733 0.2018 0.1167 
     D237389  2 0.0328 0.0954 0.1656 0.6045 0.0314 0.0704 
     D237390  2 0.1061 0.0332 0.2169 0.3569 0.0970 0.1899 
     D244017  2 0.0417 0.2774 0.2148 0.0485 0.3812 0.0363 
     D244112  2 0.0158 0.8173 0.0591 0.0670 0.0225 0.0183 
     D244118  2 0.0153 0.5324 0.0195 0.3684 0.0261 0.0382 
     D244119  2 0.0257 0.2397 0.0282 0.0383 0.6533 0.0148 
     D244120  2 0.0153 0.5533 0.1336 0.0413 0.0863 0.1701 
     D244122  2 0.0321 0.7731 0.0449 0.0582 0.0413 0.0503 
        D291  2 0.1004 0.3717 0.3897 0.0656 0.0364 0.0362 
        D292  2 0.2704 0.3905 0.0609 0.0627 0.1559 0.0596 
        D293  2 0.1973 0.6652 0.0395 0.0146 0.0150 0.0683 
        D322  2 0.2462 0.5058 0.0777 0.0488 0.0255 0.0960 
        D323  2 0.1875 0.1691 0.2122 0.0562 0.0848 0.2902 
        D324  2 0.3118 0.2169 0.1890 0.1396 0.1131 0.0296 
        D325  2 0.0650 0.8618 0.0262 0.0163 0.0117 0.0191 
        D326  2 0.8990 0.0217 0.0237 0.0134 0.0293 0.0129 
        D340  2 0.0250 0.8955 0.0158 0.0197 0.0223 0.0218 
        D341  2 0.0478 0.7846 0.0423 0.0337 0.0475 0.0441 
        D342  2 0.0236 0.6887 0.1000 0.1329 0.0238 0.0310 
        D343  2 0.0224 0.9302 0.0161 0.0107 0.0083 0.0124 
        D344  2 0.2417 0.0609 0.1146 0.0406 0.0330 0.5091 
        D345  2 0.3559 0.0696 0.0665 0.2622 0.0829 0.1629 
        D346  2 0.0842 0.0862 0.0756 0.0299 0.6797 0.0444 
        D351  2 0.3302 0.1024 0.3930 0.0606 0.0311 0.0827 
        D352  2 0.0272 0.0331 0.0726 0.0367 0.0672 0.7632 
        D353  2 0.5682 0.0538 0.1230 0.0141 0.0346 0.2064 
        D354  2 0.1042 0.0160 0.0366 0.0513 0.0738 0.7182 
        D362  2 0.8266 0.0321 0.0249 0.0512 0.0380 0.0272 
        D363  2 0.7691 0.0277 0.0431 0.0401 0.0956 0.0244 
        D364  2 0.4715 0.0287 0.0490 0.0696 0.0775 0.3037 
        D365  2 0.0388 0.8801 0.0197 0.0121 0.0179 0.0314 
        D369  2 0.2874 0.2424 0.1017 0.0943 0.2470 0.0273 
        D374  2 0.0242 0.0218 0.0357 0.0276 0.7103 0.1804 
        D375  2 0.0304 0.0146 0.0325 0.0252 0.0223 0.8750 
        D376  2 0.0202 0.0306 0.0341 0.0476 0.6785 0.1890 
        D377  2 0.0683 0.1227 0.2626 0.1998 0.1422 0.2044 
        D378  2 0.2889 0.2869 0.0866 0.0651 0.0319 0.2406 
        D379  2 0.8406 0.0217 0.0435 0.0201 0.0332 0.0410 
        D384  2 0.8924 0.0189 0.0188 0.0136 0.0365 0.0198 
        D385  2 0.0209 0.7388 0.0228 0.0209 0.0376 0.1591 
        D386  2 0.2596 0.0808 0.1022 0.0714 0.0241 0.4618 
        D391  2 0.0457 0.7953 0.0292 0.0189 0.0213 0.0896 
        D392  2 0.0674 0.7010 0.0631 0.0760 0.0646 0.0280 
        D393  2 0.4820 0.1875 0.0678 0.0803 0.0373 0.1450 
        D394  2 0.1226 0.0886 0.1493 0.3336 0.0659 0.2400 
        D395  2 0.0251 0.1691 0.0569 0.0257 0.0191 0.7042 
        D401  2 0.0288 0.0299 0.0478 0.8274 0.0498 0.0162 
        D402  2 0.0203 0.8709 0.0261 0.0152 0.0192 0.0484 
        D403  2 0.4190 0.0545 0.2048 0.1061 0.0303 0.1853 
        D415  2 0.7464 0.0198 0.1233 0.0646 0.0164 0.0295 
        D435  2 0.6902 0.1645 0.0270 0.0411 0.0220 0.0552 
        D436  2 0.1892 0.0311 0.0614 0.0330 0.0507 0.6346 
        D438  2 0.0164 0.9101 0.0187 0.0134 0.0247 0.0167 
        D439  2 0.1391 0.0606 0.0924 0.0896 0.0270 0.5914 
        D449  2 0.1913 0.6410 0.0902 0.0259 0.0307 0.0209 
        D450  2 0.0980 0.0302 0.2514 0.0643 0.1835 0.3725 
        D456  2 0.8843 0.0129 0.0503 0.0155 0.0214 0.0156 
        D462  2 0.0389 0.8450 0.0235 0.0198 0.0142 0.0586 
        D463  2 0.8861 0.0148 0.0189 0.0189 0.0345 0.0269 
        D464  2 0.1267 0.0758 0.1722 0.0181 0.0297 0.5775 
        D465  2 0.3868 0.3713 0.1306 0.0568 0.0243 0.0301 
        D473  2 0.0391 0.0452 0.0751 0.1196 0.5339 0.1871 
        D474  2 0.6264 0.1289 0.0363 0.0689 0.1137 0.0258 
        D476  2 0.0504 0.0665 0.0422 0.3653 0.0144 0.4612 
        D477  2 0.3941 0.0584 0.0947 0.0713 0.1080 0.2735 
        D478  2 0.0697 0.0670 0.4293 0.1167 0.1728 0.1444 
        D480  2 0.3090 0.1579 0.0889 0.0279 0.1724 0.2438 
        D481  2 0.2842 0.0755 0.0907 0.1808 0.1882 0.1806 
        D482  2 0.0356 0.0797 0.0904 0.0873 0.1807 0.5263 
        D483  2 0.0196 0.8372 0.0214 0.0353 0.0669 0.0197 
        D484  2 0.0133 0.0192 0.0226 0.0165 0.0271 0.9013 
        D510  2 0.0288 0.0469 0.0342 0.0233 0.7634 0.1033 
        D511  2 0.1943 0.0859 0.0625 0.0554 0.0327 0.5692 
        D512  2 0.0387 0.1588 0.2847 0.4557 0.0156 0.0465 
        D513  2 0.1556 0.6264 0.0783 0.0371 0.0705 0.0321 
        D635  2 0.4882 0.0442 0.1148 0.2719 0.0572 0.0237 
        D636  2 0.0316 0.0181 0.0284 0.8829 0.0194 0.0197 
        D637  2 0.0613 0.2734 0.1613 0.0545 0.1006 0.3489 
        D658  2 0.0258 0.3922 0.0438 0.0658 0.0941 0.3783 
        D659  2 0.8153 0.0354 0.0389 0.0314 0.0412 0.0378 
        D677  2 0.5389 0.0958 0.1105 0.1432 0.0327 0.0788 
        D678  2 0.0306 0.7142 0.1120 0.0737 0.0238 0.0457 
        D679  2 0.6378 0.1155 0.0741 0.0415 0.0766 0.0546 
        D719  2 0.1747 0.1923 0.0251 0.0236 0.5354 0.0487 
        D720  2 0.7449 0.0363 0.0532 0.0404 0.1005 0.0247 
        D721  2 0.1123 0.1056 0.0513 0.6034 0.0539 0.0734 
        D722  2 0.0381 0.0645 0.0529 0.0613 0.5793 0.2039 
        D734  2 0.0291 0.0789 0.0473 0.0140 0.1826 0.6480 
        D735  2 0.3238 0.1041 0.2014 0.1210 0.1224 0.1274 
        D736  2 0.0947 0.1621 0.0562 0.0678 0.5615 0.0577 
        D737  2 0.0240 0.5526 0.0401 0.0692 0.0578 0.2565 
        D807  2 0.2159 0.1425 0.0882 0.0992 0.3361 0.1181 
        D808  2 0.1125 0.1590 0.3701 0.2528 0.0364 0.0692 
        D817  2 0.5855 0.0294 0.1178 0.0496 0.0743 0.1435 
        D818  2 0.1018 0.3404 0.4050 0.0546 0.0356 0.0626 
        D819  2 0.3185 0.0640 0.2829 0.2127 0.0629 0.0589 
        D820  2 0.8136 0.0365 0.0338 0.0146 0.0252 0.0762 
        D895  2 0.6490 0.0436 0.0721 0.1213 0.0386 0.0754 
        D896  2 0.0252 0.0171 0.0374 0.8473 0.0420 0.0311 
        D897  2 0.0326 0.7011 0.1287 0.0476 0.0343 0.0557 
        D898  2 0.1079 0.0868 0.4710 0.1102 0.1152 0.1089 
        D918  2 0.0670 0.1468 0.3599 0.1888 0.0894 0.1482 
        D919  2 0.2279 0.1525 0.1194 0.0319 0.0300 0.4383 
        D920  2 0.0221 0.0355 0.0504 0.8063 0.0464 0.0393 
        D923  2 0.7654 0.0340 0.0412 0.0233 0.0326 0.1035 
        D930  2 0.2406 0.0651 0.1826 0.0629 0.1873 0.2616 
        D931  2 0.3764 0.1537 0.0799 0.0686 0.0746 0.2467 
        D968  2 0.0221 0.9086 0.0216 0.0122 0.0160 0.0194 
        D969  2 0.3509 0.3805 0.0874 0.0432 0.0986 0.0394 
        D977  2 0.0443 0.7831 0.0859 0.0234 0.0233 0.0400 
        D978  2 0.0395 0.2810 0.5738 0.0204 0.0394 0.0459 
        D211  3 0.1035 0.0505 0.3869 0.3214 0.0493 0.0885 
     D229639  3 0.0712 0.4885 0.0484 0.0353 0.3187 0.0379 
     D237212  3 0.1359 0.1998 0.1891 0.0915 0.0558 0.3279 
     D237213  3 0.1221 0.0561 0.3218 0.2811 0.0268 0.1921 
     D237214  3 0.0720 0.0185 0.5802 0.2544 0.0413 0.0335 
     D237215  3 0.0181 0.7433 0.0382 0.0254 0.1380 0.0369 
     D237216  3 0.0698 0.0577 0.6445 0.0687 0.0407 0.1186 
     D237217  3 0.2572 0.0905 0.1835 0.4174 0.0203 0.0312 
     D237218  3 0.1241 0.1518 0.2138 0.0618 0.1033 0.3452 
     D237219  3 0.0537 0.0819 0.0940 0.5409 0.1877 0.0419 
     D237382  3 0.1136 0.0493 0.5318 0.1052 0.1070 0.0932 
     D244127  3 0.0348 0.1286 0.1019 0.6458 0.0267 0.0622 
     D244129  3 0.1915 0.1220 0.2871 0.2429 0.0711 0.0853 
     D244133  3 0.1463 0.2731 0.2287 0.0845 0.2484 0.0191 
     D244134  3 0.0688 0.1375 0.0496 0.1649 0.5439 0.0352 
     D244135  3 0.0962 0.1086 0.1695 0.5389 0.0219 0.0650 
     D244136  3 0.3074 0.1254 0.1088 0.0520 0.3621 0.0443 
        D416  3 0.2479 0.3400 0.1492 0.1525 0.0515 0.0590 
        D417  3 0.7775 0.0228 0.0573 0.0602 0.0355 0.0468 
        D419  3 0.2203 0.1997 0.1009 0.2812 0.1246 0.0733 
        D565  3 0.0386 0.0174 0.0258 0.0210 0.8779 0.0194 
        D566  3 0.0684 0.2797 0.0627 0.0457 0.5176 0.0258 
        D567  3 0.6717 0.0378 0.0470 0.1585 0.0332 0.0518 
        D568  3 0.3920 0.1763 0.0765 0.1793 0.0223 0.1536 
        D569  3 0.0261 0.0775 0.1237 0.0561 0.0484 0.6682 
        D573  3 0.1891 0.6519 0.0581 0.0318 0.0435 0.0257 
        D574  3 0.0507 0.0664 0.2253 0.0617 0.5404 0.0555 
        D575  3 0.2007 0.1244 0.0870 0.2187 0.3125 0.0567 
        D576  3 0.0102 0.8058 0.0770 0.0232 0.0511 0.0327 
        D577  3 0.5604 0.0499 0.1608 0.0837 0.0639 0.0814 
        D578  3 0.0181 0.0328 0.4957 0.4194 0.0188 0.0153 
        D579  3 0.2382 0.1420 0.0866 0.0823 0.3253 0.1256 
        D660  3 0.0284 0.5484 0.1931 0.1121 0.0315 0.0866 
        D661  3 0.0485 0.6194 0.0895 0.0845 0.0356 0.1226 
        D663  3 0.0503 0.7345 0.1080 0.0234 0.0341 0.0495 
        D664  3 0.0304 0.2291 0.1891 0.3742 0.1095 0.0677 
        D665  3 0.0198 0.0497 0.6918 0.1290 0.0150 0.0946 
        D666  3 0.1701 0.0474 0.1204 0.3097 0.2654 0.0870 
        D009  4 0.1225 0.0259 0.2400 0.3123 0.0395 0.2598 
        D057  4 0.0440 0.1804 0.0336 0.1824 0.0432 0.5163 
        D109  4 0.0642 0.0292 0.2120 0.5729 0.0689 0.0528 
     D237222  4 0.0499 0.0383 0.1053 0.6016 0.1272 0.0778 
     D237223  4 0.0991 0.1189 0.1869 0.3180 0.1548 0.1224 
     D237224  4 0.2282 0.3012 0.0814 0.0471 0.0632 0.2788 
     D237225  4 0.2067 0.0375 0.3646 0.1683 0.0580 0.1649 
     D237299  4 0.0156 0.0316 0.8506 0.0463 0.0303 0.0256 
     D237300  4 0.0249 0.7430 0.0496 0.0308 0.1069 0.0448 
     D237306  4 0.1398 0.0376 0.0911 0.1242 0.5069 0.1003 
     D237307  4 0.4316 0.0759 0.1464 0.0363 0.2739 0.0359 
     D237308  4 0.0844 0.3290 0.0411 0.1803 0.1030 0.2622 
     D237309  4 0.3366 0.0804 0.1872 0.2439 0.0417 0.1102 
     D237317  4 0.2182 0.0353 0.0632 0.0663 0.5653 0.0517 
     D237318  4 0.0340 0.8006 0.0879 0.0179 0.0417 0.0178 
     D237319  4 0.1733 0.0700 0.3648 0.2542 0.0604 0.0773 
     D237320  4 0.1821 0.2143 0.2185 0.2836 0.0571 0.0445 
     D237321  4 0.0741 0.6496 0.0626 0.0654 0.1094 0.0390 
     D237397  4 0.1229 0.2367 0.1276 0.1679 0.2788 0.0661 
     D237398  4 0.1354 0.4919 0.2487 0.0350 0.0428 0.0461 
     D237399  4 0.1790 0.1156 0.2488 0.0919 0.2737 0.0910 
     D244001  4 0.0767 0.0982 0.0649 0.5963 0.0349 0.1291 
        D289  4 0.1163 0.1491 0.0822 0.0524 0.3049 0.2949 
        D290  4 0.0560 0.0398 0.7696 0.0326 0.0322 0.0699 
        D294  4 0.1516 0.0594 0.3402 0.0379 0.0552 0.3557 
        D295  4 0.4982 0.0491 0.1220 0.1141 0.0879 0.1287 
        D301  4 0.0278 0.0686 0.0476 0.7254 0.0694 0.0612 
        D302  4 0.1379 0.0160 0.0504 0.0294 0.0179 0.7484 
        D303  4 0.0417 0.0675 0.0538 0.0659 0.6317 0.1393 
        D304  4 0.0757 0.0658 0.6239 0.0284 0.1385 0.0677 
        D305  4 0.0444 0.0673 0.2128 0.0601 0.0161 0.5993 
        D306  4 0.0545 0.0238 0.8081 0.0340 0.0424 0.0372 
        D307  4 0.0191 0.0379 0.0327 0.7691 0.0647 0.0765 
        D327  4 0.6876 0.0514 0.0936 0.0275 0.0809 0.0591 
        D328  4 0.0253 0.0237 0.0403 0.0468 0.1067 0.7573 
        D329  4 0.1481 0.2121 0.1558 0.1184 0.0571 0.3085 
        D330  4 0.4695 0.0600 0.2058 0.1469 0.0237 0.0941 
        D331  4 0.2037 0.0755 0.3044 0.1174 0.2125 0.0864 
        D333  4 0.0761 0.1292 0.0914 0.1260 0.1680 0.4093 
        D334  4 0.0786 0.0320 0.1276 0.0590 0.6173 0.0855 
        D335  4 0.3262 0.0358 0.0378 0.0283 0.0352 0.5366 
        D370  4 0.0673 0.0466 0.0783 0.2944 0.1974 0.3160 
        D371  4 0.1169 0.0273 0.0292 0.0191 0.7691 0.0384 
        D372  4 0.0157 0.5591 0.2949 0.0229 0.0759 0.0314 
        D373  4 0.0371 0.0921 0.0618 0.6572 0.0342 0.1177 
        D455  4 0.0328 0.0537 0.0597 0.7009 0.0323 0.1206 
        D490  4 0.0230 0.0151 0.0397 0.8448 0.0255 0.0518 
        D497  4 0.0322 0.0283 0.0413 0.7662 0.0457 0.0862 
        D498  4 0.1007 0.1116 0.3472 0.1137 0.2469 0.0800 
        D499  4 0.0437 0.3796 0.1838 0.0494 0.1719 0.1716 
        D514  4 0.4295 0.0402 0.3003 0.0453 0.0241 0.1606 
        D515  4 0.0833 0.0428 0.4338 0.2953 0.0376 0.1072 
        D516  4 0.3410 0.1059 0.1058 0.2539 0.1416 0.0518 
        D517  4 0.0801 0.0828 0.0644 0.6902 0.0300 0.0526 
        D518  4 0.0309 0.0313 0.0243 0.1067 0.0513 0.7555 
        D519  4 0.1175 0.1296 0.3426 0.3269 0.0438 0.0396 
        D560  4 0.1326 0.1515 0.3548 0.1773 0.0316 0.1521 
        D561  4 0.0970 0.0387 0.7135 0.0688 0.0169 0.0650 
        D562  4 0.0635 0.1038 0.4308 0.1107 0.0778 0.2133 
        D563  4 0.0536 0.4903 0.1022 0.1072 0.0240 0.2226 
        D572  4 0.0567 0.0243 0.0602 0.0452 0.0289 0.7847 
        D629  4 0.3771 0.0728 0.1608 0.2020 0.0468 0.1405 
        D630  4 0.1661 0.0724 0.3246 0.0953 0.0857 0.2559 
        D631  4 0.0224 0.0791 0.0416 0.0306 0.0246 0.8017 
        D632  4 0.0531 0.1133 0.0381 0.5763 0.0230 0.1961 
        D646  4 0.5036 0.0848 0.0577 0.2684 0.0360 0.0494 
        D647  4 0.5721 0.0630 0.0766 0.1489 0.0199 0.1195 
        D648  4 0.0153 0.0231 0.0576 0.0211 0.0400 0.8430 
        D649  4 0.4917 0.0264 0.0572 0.2147 0.0281 0.1819 
        D650  4 0.2470 0.0465 0.2025 0.1252 0.1601 0.2187 
        D708  4 0.0569 0.0458 0.1527 0.0560 0.2327 0.4558 
        D709  4 0.0645 0.0326 0.5558 0.1248 0.0771 0.1452 
        D738  4 0.1755 0.0246 0.0551 0.1831 0.5181 0.0436 
        D739  4 0.0458 0.0452 0.4407 0.1768 0.0540 0.2375 
        D740  4 0.0329 0.1061 0.3211 0.1707 0.2444 0.1249 
        D741  4 0.2553 0.2085 0.3112 0.1350 0.0296 0.0605 
        D742  4 0.0535 0.4778 0.1086 0.0597 0.1456 0.1549 
        D743  4 0.4682 0.0621 0.0667 0.0218 0.0347 0.3466 
        D744  4 0.0588 0.0619 0.0725 0.0274 0.0272 0.7521 
        D745  4 0.0478 0.0498 0.4051 0.3894 0.0341 0.0738 
        D814  4 0.0949 0.4459 0.2402 0.0381 0.0202 0.1607 
        D815  4 0.2137 0.0568 0.1398 0.0601 0.0683 0.4613 
        D828  4 0.0159 0.1083 0.2606 0.0468 0.1574 0.4110 
        D845  4 0.0348 0.7134 0.0384 0.0181 0.1551 0.0402 
        D846  4 0.1836 0.1557 0.1012 0.0607 0.0170 0.4818 
        D847  4 0.1405 0.0939 0.4360 0.1021 0.1320 0.0955 
        D848  4 0.0184 0.2253 0.0519 0.6031 0.0329 0.0684 
        D849  4 0.0829 0.0421 0.3507 0.3604 0.0290 0.1350 
        D850  4 0.2881 0.1623 0.2131 0.1288 0.1398 0.0679 
        D856  4 0.0691 0.0427 0.5870 0.1738 0.0411 0.0863 
        D857  4 0.0121 0.0501 0.0598 0.7832 0.0281 0.0667 
        D859  4 0.1165 0.0703 0.0588 0.0307 0.0261 0.6976 
        D860  4 0.1146 0.1247 0.0371 0.0288 0.6122 0.0826 
        D883  4 0.3467 0.0432 0.1038 0.1940 0.1479 0.1644 
        D884  4 0.2080 0.0385 0.1604 0.2717 0.1208 0.2006 
        D885  4 0.1741 0.1569 0.2269 0.1053 0.0466 0.2902 
        D886  4 0.1920 0.0718 0.2507 0.3216 0.0336 0.1302 
        D887  4 0.1519 0.2581 0.1699 0.0873 0.1159 0.2169 
        D889  4 0.0606 0.1236 0.6527 0.0215 0.0498 0.0918 
        D890  4 0.0703 0.0800 0.1541 0.2110 0.1880 0.2965 
        D891  4 0.0212 0.8766 0.0475 0.0121 0.0311 0.0115 
        D899  4 0.0403 0.5478 0.0603 0.0336 0.1767 0.1414 
        D900  4 0.2087 0.0708 0.4023 0.0664 0.0994 0.1524 
        D970  4 0.1614 0.0803 0.1291 0.0562 0.0824 0.4905 
        D971  4 0.1098 0.4326 0.0931 0.0782 0.0741 0.2122 
        D979  4 0.4223 0.0382 0.0406 0.0177 0.0359 0.4452 
        D093  5 0.0379 0.0368 0.0474 0.0333 0.7992 0.0454 
        D154  5 0.0473 0.4403 0.2829 0.0394 0.1088 0.0813 
        D168  5 0.1380 0.3636 0.1754 0.2077 0.0319 0.0834 
        D189  5 0.0516 0.1266 0.1721 0.0317 0.5523 0.0658 
        D190  5 0.0415 0.0373 0.0292 0.0307 0.7810 0.0802 
     D237220  5 0.0479 0.0400 0.3678 0.2097 0.1521 0.1825 
     D237221  5 0.0968 0.2135 0.1111 0.0747 0.3906 0.1133 
     D237274  5 0.7650 0.0365 0.0383 0.0385 0.0227 0.0989 
     D237275  5 0.0226 0.7140 0.1617 0.0405 0.0314 0.0299 
     D237276  5 0.2133 0.0557 0.1426 0.2187 0.2540 0.1157 
     D237277  5 0.0330 0.1202 0.0383 0.0360 0.6814 0.0910 
     D237278  5 0.0441 0.2854 0.1307 0.1691 0.2558 0.1149 
     D237279  5 0.0691 0.0454 0.3061 0.4838 0.0298 0.0658 
     D237280  5 0.2289 0.0245 0.0688 0.5082 0.1116 0.0580 
     D237281  5 0.0490 0.8069 0.0566 0.0163 0.0376 0.0336 
     D237351  5 0.0499 0.0360 0.0543 0.7078 0.1069 0.0451 
     D237352  5 0.1668 0.0808 0.1146 0.3192 0.0725 0.2461 
     D237353  5 0.0217 0.0244 0.0166 0.0196 0.8744 0.0433 
     D237359  5 0.0582 0.0581 0.4673 0.1021 0.0961 0.2183 
     D237361  5 0.0296 0.0218 0.0315 0.0234 0.8696 0.0240 
     D237362  5 0.4167 0.0905 0.1050 0.0778 0.2093 0.1006 
     D237363  5 0.0808 0.2140 0.4768 0.0538 0.1406 0.0341 
     D237364  5 0.1308 0.1889 0.2446 0.1226 0.0229 0.2903 
     D237376  5 0.0167 0.0585 0.1291 0.0319 0.1630 0.6008 
     D237377  5 0.3202 0.0463 0.0512 0.3835 0.1435 0.0553 
     D237378  5 0.0223 0.0976 0.0380 0.0500 0.5061 0.2860 
     D237379  5 0.0269 0.0324 0.1653 0.0383 0.2055 0.5316 
     D237380  5 0.0475 0.0171 0.0286 0.6616 0.0520 0.1932 
     D237381  5 0.0757 0.0584 0.0698 0.5851 0.0834 0.1276 
     D237391  5 0.0332 0.0272 0.0348 0.0262 0.8485 0.0300 
     D237392  5 0.5640 0.1546 0.0650 0.0715 0.0341 0.1108 
     D237393  5 0.3999 0.0746 0.0484 0.1101 0.3220 0.0450 
     D237394  5 0.0304 0.0157 0.0205 0.0200 0.8874 0.0260 
     D237395  5 0.0376 0.1148 0.3111 0.1115 0.3789 0.0461 
     D237396  5 0.4235 0.0953 0.0652 0.1398 0.2258 0.0504 
     D244016  5 0.0494 0.1318 0.2416 0.0360 0.3537 0.1876 
     D244018  5 0.0925 0.3970 0.0654 0.1017 0.2794 0.0640 
     D244019  5 0.2700 0.1583 0.2975 0.0389 0.0968 0.1385 
        D279  5 0.0676 0.1925 0.1753 0.0761 0.1738 0.3147 
        D280  5 0.1376 0.1155 0.1706 0.0707 0.4752 0.0305 
        D281  5 0.0218 0.6489 0.1857 0.0161 0.0940 0.0334 
        D283  5 0.2034 0.0455 0.0306 0.0260 0.6582 0.0364 
        D284  5 0.0726 0.0489 0.6372 0.1414 0.0461 0.0539 
        D285  5 0.1004 0.0425 0.1504 0.0346 0.5637 0.1085 
        D286  5 0.1243 0.0448 0.2259 0.0729 0.2426 0.2895 
        D287  5 0.0245 0.0336 0.2055 0.0528 0.2443 0.4393 
        D288  5 0.4148 0.1622 0.1188 0.0389 0.2269 0.0382 
        D308  5 0.1292 0.0258 0.0294 0.7611 0.0339 0.0206 
        D309  5 0.0556 0.0168 0.0464 0.0439 0.0209 0.8164 
        D310  5 0.0194 0.0169 0.0629 0.0231 0.8476 0.0301 
        D311  5 0.1914 0.0465 0.1658 0.0306 0.1710 0.3947 
        D312  5 0.1260 0.0621 0.1423 0.0701 0.2722 0.3273 
        D313  5 0.0154 0.0112 0.0239 0.9109 0.0282 0.0104 
        D314  5 0.0511 0.1538 0.2661 0.1177 0.1159 0.2954 
        D315  5 0.2348 0.0692 0.1223 0.1284 0.3795 0.0659 
        D317  5 0.0650 0.0272 0.0275 0.0267 0.8310 0.0227 
        D318  5 0.1260 0.1404 0.3574 0.0846 0.1359 0.1557 
        D319  5 0.0279 0.0260 0.0262 0.0262 0.8688 0.0249 
        D320  5 0.0291 0.0225 0.0576 0.0336 0.7590 0.0982 
        D321  5 0.0908 0.0683 0.0308 0.6359 0.1539 0.0203 
        D336  5 0.0298 0.0171 0.1259 0.0213 0.6431 0.1629 
        D337  5 0.0275 0.0253 0.0172 0.0136 0.8855 0.0308 
        D338  5 0.1378 0.0888 0.3107 0.0853 0.2422 0.1351 
        D339  5 0.0503 0.0600 0.0663 0.0571 0.7324 0.0340 
        D347  5 0.2955 0.1097 0.2849 0.0305 0.0906 0.1888 
        D348  5 0.0259 0.0301 0.0396 0.0215 0.7427 0.1402 
        D349  5 0.0479 0.0274 0.0266 0.7879 0.0790 0.0312 
        D350  5 0.0198 0.0218 0.0304 0.0216 0.0224 0.8839 
        D355  5 0.2220 0.4365 0.2172 0.0175 0.0371 0.0697 
        D356  5 0.2540 0.0424 0.1131 0.1268 0.3841 0.0797 
        D357  5 0.0775 0.0670 0.4772 0.0680 0.1860 0.1244 
        D358  5 0.0614 0.0573 0.0917 0.1122 0.4385 0.2390 
        D359  5 0.3399 0.0206 0.0391 0.0325 0.4933 0.0746 
        D360  5 0.1130 0.0300 0.0993 0.0695 0.6374 0.0507 
        D361  5 0.0543 0.0259 0.0296 0.8334 0.0360 0.0208 
        D366  5 0.7181 0.1747 0.0241 0.0315 0.0207 0.0309 
        D367  5 0.0235 0.0217 0.1239 0.0599 0.5251 0.2459 
        D368  5 0.1353 0.0516 0.1738 0.2231 0.3252 0.0911 
        D380  5 0.1285 0.0886 0.1436 0.1118 0.0552 0.4722 
        D381  5 0.0597 0.0430 0.0821 0.0316 0.6847 0.0988 
        D400  5 0.0924 0.1367 0.1299 0.0420 0.3354 0.2636 
        D411  5 0.0286 0.0337 0.1588 0.7214 0.0183 0.0392 
        D412  5 0.1287 0.1957 0.2553 0.1455 0.1959 0.0790 
        D413  5 0.0823 0.6980 0.1005 0.0393 0.0285 0.0514 
        D414  5 0.0350 0.0920 0.0492 0.0205 0.0184 0.7849 
        D420  5 0.0338 0.0717 0.6851 0.1131 0.0628 0.0334 
        D431  5 0.0231 0.1588 0.2786 0.1099 0.0921 0.3375 
        D432  5 0.0824 0.0677 0.0472 0.1180 0.6296 0.0551 
        D433  5 0.0645 0.0656 0.0290 0.0349 0.7562 0.0497 
        D434  5 0.1676 0.0387 0.0584 0.0594 0.6317 0.0441 
        D440  5 0.0253 0.0179 0.0315 0.0204 0.0213 0.8835 
        D447  5 0.4825 0.0783 0.2287 0.0962 0.0362 0.0780 
        D448  5 0.0955 0.0650 0.0855 0.0317 0.5812 0.1411 
        D459  5 0.1162 0.7154 0.0462 0.0214 0.0427 0.0582 
        D460  5 0.1055 0.0269 0.0197 0.7048 0.1137 0.0295 
        D461  5 0.0814 0.0167 0.0271 0.0189 0.0205 0.8354 
        D468  5 0.2983 0.0639 0.2916 0.0954 0.1807 0.0702 
        D469  5 0.4986 0.0407 0.1177 0.1215 0.1229 0.0986 
        D470  5 0.1381 0.0646 0.2564 0.1903 0.1112 0.2394 
        D471  5 0.0890 0.1127 0.0794 0.0195 0.5641 0.1353 
        D472  5 0.7459 0.1698 0.0171 0.0159 0.0327 0.0187 
        D479  5 0.0429 0.7104 0.0418 0.0276 0.0275 0.1498 
        D485  5 0.0381 0.0608 0.2388 0.0435 0.0666 0.5521 
        D486  5 0.1620 0.0444 0.4498 0.1440 0.1148 0.0850 
        D487  5 0.0341 0.1982 0.0682 0.0665 0.2901 0.3430 
        D555  5 0.0318 0.0519 0.0215 0.0241 0.8459 0.0247 
        D556  5 0.0496 0.1151 0.1268 0.0837 0.2003 0.4244 
        D557  5 0.0328 0.0334 0.0157 0.0217 0.8511 0.0453 
        D564  5 0.0487 0.0411 0.0813 0.1505 0.2813 0.3970 
        D594  5 0.3000 0.1187 0.2150 0.0835 0.1248 0.1581 
        D595  5 0.2122 0.1076 0.1084 0.0890 0.3922 0.0904 
        D596  5 0.0231 0.0390 0.0211 0.0277 0.8627 0.0264 
        D597  5 0.1338 0.3104 0.0422 0.0291 0.3805 0.1040 
        D598  5 0.0793 0.0519 0.0532 0.1340 0.5257 0.1559 
        D617  5 0.0411 0.2202 0.1550 0.5246 0.0193 0.0398 
        D618  5 0.0637 0.0906 0.0457 0.0528 0.6605 0.0867 
        D619  5 0.3204 0.0755 0.0460 0.3086 0.1616 0.0879 
        D620  5 0.0541 0.8423 0.0232 0.0254 0.0308 0.0242 
        D628  5 0.0416 0.0337 0.0649 0.0940 0.0701 0.6957 
        D714  5 0.0217 0.1972 0.1047 0.0371 0.1933 0.4461 
        D715  5 0.0673 0.0840 0.0360 0.0211 0.7498 0.0418 
        D716  5 0.1546 0.1552 0.2598 0.0301 0.0794 0.3209 
        D717  5 0.3174 0.0499 0.1346 0.1230 0.2635 0.1116 
        D718  5 0.0278 0.0649 0.5819 0.1207 0.0950 0.1095 
        D769  5 0.0536 0.1518 0.1889 0.4757 0.0320 0.0979 
        D770  5 0.0365 0.2452 0.0923 0.0485 0.0985 0.4790 
        D771  5 0.0657 0.2988 0.2637 0.1143 0.1147 0.1428 
        D772  5 0.0440 0.0375 0.0610 0.0452 0.1610 0.6513 
        D782  5 0.0672 0.2687 0.3103 0.2724 0.0533 0.0280 
        D783  5 0.0380 0.2331 0.0962 0.0307 0.1259 0.4761 
        D784  5 0.3090 0.0760 0.1351 0.0576 0.1367 0.2856 
        D785  5 0.0468 0.0247 0.0585 0.0831 0.6481 0.1387 
        D786  5 0.1992 0.0565 0.1446 0.4167 0.0264 0.1566 
        D821  5 0.0156 0.0164 0.0155 0.0130 0.9139 0.0256 
        D822  5 0.3486 0.0882 0.2328 0.0464 0.1223 0.1617 
        D826  5 0.0744 0.2256 0.1108 0.0390 0.4297 0.1206 
        D827  5 0.5479 0.1057 0.1382 0.0373 0.0467 0.1243 
        D851  5 0.1077 0.1060 0.2554 0.1345 0.2695 0.1269 
        D852  5 0.0276 0.0957 0.0326 0.0911 0.1915 0.5615 
        D853  5 0.0861 0.0930 0.2900 0.0668 0.3661 0.0980 
        D854  5 0.1512 0.1913 0.4397 0.0584 0.0299 0.1295 
        D861  5 0.1261 0.2022 0.2818 0.0957 0.2191 0.0752 
        D862  5 0.3633 0.0376 0.1456 0.0455 0.2858 0.1222 
        D865  5 0.0255 0.0793 0.0395 0.0498 0.7361 0.0699 
        D868  5 0.7279 0.0387 0.0588 0.0470 0.0959 0.0317 
        D869  5 0.0596 0.0531 0.0699 0.7651 0.0344 0.0178 
        D870  5 0.0386 0.0452 0.8347 0.0379 0.0149 0.0286 
        D907  5 0.0350 0.0264 0.0817 0.0655 0.7552 0.0363 
        D908  5 0.0267 0.2410 0.0308 0.0922 0.2922 0.3170 
        D910  5 0.1103 0.2532 0.0728 0.0424 0.4010 0.1202 
        D911  5 0.1941 0.4812 0.2146 0.0194 0.0453 0.0454 
        D934  5 0.0580 0.2653 0.1187 0.0294 0.0640 0.4647 
        D946  5 0.0247 0.1197 0.0842 0.0818 0.0621 0.6275 
        D947  5 0.1225 0.0870 0.3228 0.0678 0.0665 0.3334 
        D948  5 0.0848 0.0238 0.0199 0.7095 0.1439 0.0182 
        D949  5 0.0768 0.0193 0.0205 0.7891 0.0646 0.0299 
        D950  5 0.1602 0.5500 0.1267 0.0209 0.0704 0.0717 
        D951  5 0.4200 0.0415 0.3112 0.0661 0.0354 0.1258 
        D952  5 0.7240 0.0410 0.0411 0.0304 0.1249 0.0387 
        D953  5 0.0885 0.0412 0.0480 0.0696 0.7110 0.0417 
        D954  5 0.4094 0.0418 0.0767 0.0416 0.3823 0.0483 
        D961  5 0.0298 0.0567 0.1951 0.0618 0.1267 0.5299 
        D962  5 0.0536 0.0137 0.0738 0.0304 0.3474 0.4812 
        D963  5 0.3178 0.0484 0.0961 0.0337 0.2977 0.2064 
        D964  5 0.0496 0.1078 0.3905 0.1032 0.0895 0.2594 
        D965  5 0.0468 0.0785 0.1155 0.0573 0.0611 0.6409 
        D966  5 0.1756 0.1426 0.0513 0.0383 0.2078 0.3843 
        D967  5 0.0339 0.3621 0.1060 0.1573 0.2915 0.0492 
        D991  5 0.0707 0.0332 0.0850 0.1906 0.1014 0.5191 
        D502  6 0.0290 0.1192 0.6380 0.0652 0.0132 0.1354 
        D503  6 0.0291 0.4282 0.1278 0.3074 0.0714 0.0361 
        D504  6 0.3663 0.0821 0.1069 0.0970 0.1409 0.2068 
        D505  6 0.0871 0.1479 0.1449 0.1009 0.3196 0.1996 
        D506  6 0.0213 0.0109 0.0310 0.0187 0.8984 0.0197 
        D507  6 0.0407 0.0720 0.0842 0.0758 0.0304 0.6968 
        D508  6 0.1925 0.1050 0.4171 0.0504 0.0345 0.2005 
        D529  6 0.1571 0.0786 0.2991 0.1824 0.1923 0.0905 
        D530  6 0.0341 0.0714 0.3471 0.1176 0.1140 0.3159 
        D531  6 0.2690 0.0777 0.3255 0.0643 0.1185 0.1451 
        D532  6 0.2821 0.0818 0.2229 0.0335 0.2315 0.1482 
        D534  6 0.0479 0.0275 0.0594 0.7938 0.0237 0.0476 
        D535  6 0.2524 0.0447 0.1152 0.1363 0.3685 0.0830 
        D536  6 0.0296 0.6775 0.1748 0.0608 0.0220 0.0353 
        D554  6 0.0478 0.0557 0.2232 0.1404 0.2168 0.3161 
        D587  6 0.0688 0.0446 0.0580 0.0465 0.7376 0.0443 
        D588  6 0.1976 0.0756 0.1074 0.0859 0.4875 0.0460 
        D589  6 0.0463 0.3612 0.3126 0.0762 0.1541 0.0497 
        D590  6 0.0682 0.7300 0.0558 0.0541 0.0508 0.0410 
        D591  6 0.0986 0.2213 0.2858 0.1104 0.2223 0.0616 
        D592  6 0.0479 0.0260 0.0301 0.8348 0.0431 0.0181 
        D593  6 0.0202 0.0505 0.2837 0.0465 0.1043 0.4948 
        D682  6 0.0235 0.0236 0.0332 0.0246 0.8656 0.0294 
        D683  6 0.4367 0.0293 0.1191 0.0533 0.3194 0.0422 
        D684  6 0.0387 0.1798 0.5316 0.1832 0.0244 0.0424 
        D685  6 0.0205 0.1090 0.7138 0.0567 0.0343 0.0656 
        D686  6 0.0827 0.0405 0.2634 0.0573 0.3898 0.1663 
        D724  6 0.1858 0.0984 0.3528 0.1289 0.0330 0.2011 
        D725  6 0.0560 0.2012 0.2191 0.0541 0.0682 0.4015 
        D726  6 0.0258 0.0153 0.0354 0.0297 0.8407 0.0530 
        D727  6 0.3522 0.3840 0.0900 0.0565 0.0881 0.0292 
        D728  6 0.0586 0.0437 0.1513 0.0663 0.5130 0.1672 
        D729  6 0.3348 0.2109 0.1188 0.2939 0.0228 0.0186 
        D730  6 0.1654 0.1360 0.1725 0.1613 0.0409 0.3239 
        D731  6 0.0117 0.1512 0.0197 0.0190 0.7747 0.0237 
        D732  6 0.2291 0.0489 0.1324 0.0607 0.0331 0.4957 
        D733  6 0.0530 0.0452 0.0756 0.0973 0.0507 0.6783 
     D237251  7 0.0549 0.3479 0.1131 0.0613 0.0569 0.3659 
     D237252  7 0.0482 0.2707 0.2835 0.2739 0.0272 0.0965 
     D237253  7 0.0832 0.2204 0.3168 0.0374 0.2730 0.0693 
     D237254  7 0.0323 0.0426 0.4358 0.4477 0.0214 0.0203 
     D237255  7 0.0386 0.7790 0.0779 0.0205 0.0465 0.0375 
     D237256  7 0.0719 0.4269 0.2515 0.0277 0.0462 0.1758 
     D237257  7 0.0496 0.0782 0.6733 0.1136 0.0241 0.0611 
     D237282  7 0.5799 0.1084 0.0596 0.1326 0.0220 0.0975 
     D237283  7 0.0173 0.0308 0.1468 0.7522 0.0271 0.0259 
     D237284  7 0.0834 0.0424 0.2229 0.5951 0.0235 0.0326 
     D237285  7 0.0572 0.1767 0.3580 0.0510 0.1218 0.2353 
     D237286  7 0.1777 0.1311 0.2126 0.0769 0.1796 0.2221 
     D237287  7 0.1458 0.4642 0.1419 0.0724 0.0662 0.1095 
     D244006  7 0.0344 0.0274 0.2144 0.6688 0.0168 0.0381 
     D244007  7 0.1871 0.5352 0.1258 0.0437 0.0556 0.0527 
     D244008  7 0.0258 0.0330 0.2126 0.6383 0.0672 0.0230 
     D244009  7 0.1051 0.0259 0.1335 0.4056 0.0893 0.2407 
     D244010  7 0.0322 0.0580 0.7658 0.0693 0.0334 0.0413 
     D244011  7 0.0248 0.0693 0.2802 0.1018 0.1847 0.3392 
     D244012  7 0.0642 0.2145 0.4651 0.0886 0.0295 0.1382 
     D244013  7 0.0897 0.2798 0.0678 0.0794 0.1778 0.3055 
     D244014  7 0.0457 0.1455 0.1634 0.3458 0.0551 0.2444 
     D244015  7 0.1247 0.0830 0.3325 0.3760 0.0389 0.0449 
     D244125  7 0.1587 0.1320 0.0671 0.0518 0.4955 0.0948 
     D244126  7 0.0158 0.0200 0.1474 0.7602 0.0133 0.0433 
     D244130  7 0.0637 0.0768 0.1948 0.4257 0.0611 0.1778 
     D244131  7 0.1498 0.0705 0.0862 0.1743 0.3821 0.1372 
     D244132  7 0.1101 0.0207 0.0325 0.0471 0.1161 0.6735 
        D520  7 0.0539 0.0223 0.7032 0.1091 0.0730 0.0385 
        D521  7 0.1125 0.0974 0.3972 0.1284 0.0603 0.2043 
        D522  7 0.0886 0.0488 0.0379 0.6274 0.0786 0.1186 
        D523  7 0.0480 0.6054 0.1039 0.0364 0.1023 0.1040 
        D524  7 0.0885 0.2327 0.1204 0.0966 0.2354 0.2264 
        D525  7 0.0292 0.2241 0.1241 0.5138 0.0529 0.0559 
        D526  7 0.1041 0.0411 0.3139 0.5021 0.0241 0.0148 
        D527  7 0.1760 0.0552 0.1553 0.1364 0.1066 0.3705 
        D528  7 0.0180 0.0107 0.9146 0.0279 0.0137 0.0152 
        D558  7 0.0513 0.0382 0.0533 0.0656 0.0202 0.7713 
        D559  7 0.0390 0.0278 0.0354 0.0281 0.0134 0.8563 
        D640  7 0.1182 0.0908 0.0642 0.0702 0.2276 0.4289 
        D641  7 0.0195 0.1816 0.1701 0.2345 0.2288 0.1655 
        D642  7 0.0430 0.1616 0.1264 0.5213 0.0706 0.0772 
        D644  7 0.0912 0.1004 0.1195 0.2690 0.2212 0.1987 
        D645  7 0.1714 0.2037 0.1462 0.1455 0.2032 0.1301 
        D662  7 0.1916 0.0177 0.0292 0.6182 0.1119 0.0314 
        D687  7 0.0587 0.0881 0.2916 0.0712 0.1085 0.3819 
        D688  7 0.2902 0.1025 0.1621 0.1617 0.0224 0.2611 
        D689  7 0.2369 0.1553 0.1545 0.1450 0.2310 0.0773 
        D700  7 0.0182 0.0132 0.9119 0.0222 0.0161 0.0185 
        D797  7 0.1873 0.1333 0.1481 0.0902 0.1597 0.2814 
        D798  7 0.0498 0.0254 0.1177 0.6978 0.0368 0.0725 
        D799  7 0.0438 0.2765 0.1704 0.2252 0.0454 0.2388 
        D800  7 0.6024 0.0802 0.1509 0.0847 0.0233 0.0585 
        D132  8 0.0458 0.0262 0.0559 0.7831 0.0365 0.0525 
        D133  8 0.0178 0.8536 0.0440 0.0398 0.0196 0.0252 
        D200  8 0.0257 0.0379 0.8051 0.0252 0.0156 0.0906 
        D500  8 0.0365 0.0147 0.0456 0.8467 0.0278 0.0286 
        D614  8 0.0867 0.0451 0.2684 0.1039 0.3817 0.1143 
        D723  8 0.5424 0.0995 0.0908 0.1737 0.0371 0.0565 
        D888  8 0.0436 0.6713 0.1069 0.0333 0.0589 0.0861 
        D901  8 0.0155 0.0515 0.7534 0.0933 0.0365 0.0499 
        D902  8 0.0353 0.0333 0.0602 0.0505 0.6698 0.1509 
        D903  8 0.3914 0.0480 0.1143 0.0322 0.0702 0.3440 
        D904  8 0.1853 0.0549 0.1347 0.1080 0.0694 0.4476 
        D905  8 0.0161 0.5498 0.1042 0.0229 0.2182 0.0889 
        D906  8 0.0716 0.5196 0.1752 0.0665 0.0452 0.1219 
        D937  8 0.0122 0.0221 0.0423 0.0221 0.8665 0.0348 
        D943  8 0.0518 0.0763 0.5867 0.1461 0.0404 0.0986 
        D972  8 0.4175 0.0748 0.1990 0.2119 0.0437 0.0530 
        D973  8 0.7269 0.0302 0.0649 0.0896 0.0434 0.0451 
        D974  8 0.1891 0.1338 0.3699 0.1169 0.0828 0.1074 
        D975  8 0.0250 0.0531 0.7672 0.0303 0.0640 0.0603 
        D976  8 0.0350 0.0735 0.4935 0.0831 0.1615 0.1535 
        D201  9 0.0924 0.2851 0.2065 0.1120 0.0445 0.2595 
        D202  9 0.0220 0.0894 0.5474 0.0449 0.0278 0.2685 
     D237259  9 0.0968 0.0928 0.5339 0.1639 0.0211 0.0915 
     D237260  9 0.0189 0.3097 0.3450 0.1607 0.0801 0.0856 
     D237262  9 0.0249 0.0169 0.0423 0.8620 0.0343 0.0197 
