        D174  1 0.0913 0.0425 0.0715 0.4424 0.1235 0.0352 0.0853 0.0203 0.0675 0.0205 
        D199  1 0.1354 0.1637 0.0235 0.1770 0.0336 0.1649 0.0369 0.1187 0.1087 0.0378 
        D203  1 0.0842 0.2157 0.1373 0.0527 0.1469 0.1495 0.0198 0.0844 0.0665 0.0430 
        D204  1 0.0247 0.7449 0.0308 0.0197 0.0197 0.0402 0.0206 0.0154 0.0164 0.0676 
     D237366  1 0.0636 0.0510 0.0194 0.0473 0.1374 0.0381 0.0268 0.0398 0.4968 0.0798 
     D237367  1 0.1133 0.2000 0.0642 0.0342 0.0966 0.0732 0.1080 0.0313 0.2286 0.0506 
     D237368  1 0.0748 0.1615 0.0555 0.0833 0.0351 0.0627 0.0299 0.0254 0.4358 0.0361 
     D244101  1 0.0963 0.1484 0.0397 0.0257 0.0243 0.0747 0.0292 0.0929 0.0282 0.4406 
     D244102  1 0.1222 0.0826 0.1942 0.0481 0.1318 0.0476 0.1058 0.0798 0.0753 0.1128 
     D244103  1 0.1079 0.1983 0.0282 0.0334 0.1008 0.0306 0.0900 0.0306 0.3420 0.0382 
     D244104  1 0.0266 0.6377 0.0288 0.0656 0.0187 0.0310 0.0971 0.0316 0.0430 0.0200 
     D244105  1 0.1915 0.0256 0.1005 0.0163 0.3519 0.0220 0.0282 0.0484 0.1942 0.0214 
     D244106  1 0.0717 0.0644 0.0370 0.4567 0.1391 0.0817 0.0270 0.0691 0.0281 0.0252 
     D244107  1 0.1326 0.0433 0.1603 0.0135 0.0235 0.0816 0.0395 0.0267 0.4284 0.0507 
     D244108  1 0.0682 0.0359 0.4092 0.2828 0.0438 0.0338 0.0331 0.0309 0.0316 0.0307 
     D244113  1 0.0485 0.0164 0.0343 0.4904 0.0304 0.0440 0.1831 0.0190 0.0327 0.1010 
     D244114  1 0.2585 0.0478 0.0362 0.0932 0.2824 0.0331 0.0434 0.1247 0.0408 0.0398 
     D244115  1 0.1260 0.1986 0.2031 0.1944 0.0512 0.0239 0.0733 0.0476 0.0486 0.0333 
     D267365  1 0.0697 0.3572 0.0356 0.1524 0.0402 0.0288 0.0362 0.1586 0.0843 0.0370 
        D404  1 0.0653 0.0264 0.0747 0.3770 0.1086 0.0485 0.0830 0.0210 0.0202 0.1754 
        D405  1 0.1235 0.1105 0.1154 0.1050 0.1217 0.0966 0.1361 0.0501 0.0418 0.0992 
        D406  1 0.0276 0.0553 0.1181 0.0485 0.0246 0.0178 0.0139 0.0169 0.6440 0.0331 
        D407  1 0.0461 0.4373 0.0179 0.0269 0.0180 0.0982 0.0921 0.0152 0.2313 0.0169 
        D408  1 0.0682 0.0700 0.0590 0.2584 0.0289 0.0178 0.3195 0.1120 0.0288 0.0375 
        D409  1 0.1342 0.2115 0.0404 0.0395 0.0468 0.0453 0.0335 0.0395 0.3745 0.0348 
        D410  1 0.0234 0.0492 0.7906 0.0219 0.0239 0.0096 0.0206 0.0123 0.0237 0.0249 
        D421  1 0.0159 0.8490 0.0095 0.0141 0.0111 0.0332 0.0185 0.0146 0.0234 0.0105 
        D422  1 0.0441 0.0582 0.0216 0.0118 0.0279 0.0235 0.0156 0.0229 0.7612 0.0133 
        D423  1 0.0594 0.0645 0.6469 0.0159 0.0415 0.0591 0.0187 0.0153 0.0533 0.0254 
        D424  1 0.1296 0.5800 0.0247 0.0415 0.0442 0.0181 0.0397 0.0144 0.0834 0.0243 
        D425  1 0.1860 0.2726 0.1316 0.1457 0.0792 0.0218 0.0411 0.0446 0.0368 0.0406 
        D426  1 0.2099 0.1259 0.0201 0.0245 0.0232 0.0229 0.0906 0.1028 0.3633 0.0167 
        D427  1 0.0230 0.3714 0.0150 0.1037 0.0160 0.3655 0.0456 0.0194 0.0292 0.0112 
        D428  1 0.1126 0.2320 0.0990 0.1815 0.0327 0.0559 0.0658 0.0393 0.1001 0.0811 
        D429  1 0.0714 0.3835 0.0291 0.2016 0.1436 0.0387 0.0230 0.0413 0.0337 0.0341 
        D430  1 0.1607 0.0752 0.0452 0.1168 0.2782 0.0658 0.0805 0.1127 0.0377 0.0271 
        D491  1 0.0564 0.0719 0.0309 0.6469 0.0214 0.0138 0.0750 0.0319 0.0286 0.0232 
        D492  1 0.1770 0.2511 0.0446 0.1571 0.0755 0.0546 0.0428 0.0230 0.1126 0.0618 
        D537  1 0.0894 0.3676 0.0623 0.0349 0.0399 0.0423 0.0881 0.0163 0.1690 0.0902 
        D538  1 0.1557 0.0738 0.2076 0.1116 0.1340 0.0739 0.0449 0.0309 0.1096 0.0581 
        D539  1 0.0801 0.0313 0.0489 0.1110 0.1949 0.0394 0.0647 0.3265 0.0490 0.0541 
        D540  1 0.2271 0.1614 0.0562 0.0304 0.0365 0.0302 0.2831 0.0698 0.0797 0.0256 
        D541  1 0.0136 0.8769 0.0174 0.0105 0.0129 0.0151 0.0140 0.0143 0.0136 0.0117 
        D551  1 0.3794 0.0421 0.0191 0.0297 0.0805 0.1108 0.0709 0.1391 0.1026 0.0257 
        D552  1 0.1191 0.1489 0.1676 0.1841 0.0487 0.0300 0.0700 0.0559 0.1257 0.0500 
        D553  1 0.0205 0.8687 0.0132 0.0124 0.0107 0.0129 0.0200 0.0137 0.0151 0.0129 
        D615  1 0.0858 0.4512 0.1156 0.0490 0.0848 0.0506 0.0447 0.0597 0.0395 0.0192 
        D616  1 0.1116 0.3201 0.1037 0.0513 0.0550 0.1140 0.0666 0.0563 0.1027 0.0187 
        D621  1 0.0508 0.0146 0.1472 0.0779 0.0329 0.0221 0.0602 0.0303 0.3096 0.2545 
        D622  1 0.0590 0.0381 0.1314 0.0375 0.0690 0.0166 0.0556 0.0333 0.5276 0.0319 
        D623  1 0.0604 0.0210 0.0739 0.2787 0.0268 0.1498 0.0373 0.0322 0.0203 0.2996 
        D624  1 0.0520 0.0475 0.0166 0.7034 0.0278 0.0160 0.0502 0.0348 0.0407 0.0110 
        D625  1 0.0640 0.6104 0.0495 0.0548 0.0386 0.0174 0.0514 0.0247 0.0455 0.0437 
        D626  1 0.0755 0.0599 0.1022 0.2234 0.0978 0.0291 0.2072 0.0684 0.1061 0.0305 
        D627  1 0.2476 0.1712 0.0183 0.0300 0.0775 0.0240 0.0268 0.1463 0.2343 0.0240 
        D690  1 0.0179 0.7761 0.0540 0.0329 0.0211 0.0086 0.0240 0.0156 0.0294 0.0204 
        D691  1 0.0261 0.0626 0.0513 0.0303 0.1284 0.0172 0.0282 0.0320 0.6026 0.0213 
        D710  1 0.1211 0.2558 0.0781 0.1554 0.0328 0.0315 0.0706 0.0383 0.1204 0.0960 
        D711  1 0.0331 0.7562 0.0249 0.0240 0.0322 0.0218 0.0136 0.0240 0.0348 0.0355 
        D712  1 0.0544 0.0332 0.0254 0.5226 0.0385 0.0325 0.0777 0.0799 0.0982 0.0378 
        D713  1 0.1515 0.0968 0.0541 0.1866 0.1006 0.0213 0.0809 0.0243 0.1164 0.1675 
        D746  1 0.0252 0.0752 0.0354 0.0240 0.0328 0.0299 0.0300 0.0195 0.7116 0.0165 
        D747  1 0.0157 0.8648 0.0140 0.0125 0.0126 0.0164 0.0140 0.0166 0.0140 0.0194 
        D748  1 0.0497 0.1465 0.0884 0.0335 0.3210 0.0155 0.0443 0.0263 0.2135 0.0613 
        D749  1 0.2428 0.0334 0.0792 0.0941 0.0861 0.0367 0.0308 0.0362 0.3047 0.0560 
        D750  1 0.0340 0.1612 0.0674 0.5284 0.0414 0.0204 0.0336 0.0242 0.0485 0.0408 
        D763  1 0.1073 0.0560 0.0324 0.0149 0.0568 0.0978 0.1682 0.2163 0.0824 0.1679 
        D764  1 0.0384 0.5590 0.0883 0.1377 0.0251 0.0172 0.0383 0.0185 0.0610 0.0164 
        D765  1 0.0445 0.0243 0.6666 0.0683 0.0689 0.0132 0.0157 0.0352 0.0520 0.0114 
        D766  1 0.0667 0.0531 0.4132 0.0294 0.0462 0.0272 0.0985 0.0190 0.1565 0.0901 
        D767  1 0.0816 0.0719 0.1213 0.0288 0.2015 0.0808 0.0285 0.0268 0.1042 0.2546 
        D768  1 0.0263 0.8310 0.0175 0.0127 0.0207 0.0173 0.0237 0.0148 0.0238 0.0122 
        D811  1 0.0403 0.0182 0.1887 0.0871 0.0450 0.0154 0.5422 0.0231 0.0152 0.0246 
        D816  1 0.0206 0.8449 0.0177 0.0205 0.0198 0.0122 0.0107 0.0162 0.0196 0.0178 
        D825  1 0.0899 0.0719 0.5060 0.1345 0.0444 0.0163 0.0694 0.0269 0.0223 0.0184 
        D866  1 0.0779 0.0629 0.0789 0.1583 0.0749 0.0893 0.0727 0.3374 0.0284 0.0195 
        D867  1 0.0450 0.0186 0.0305 0.0241 0.0284 0.0395 0.0439 0.0184 0.6713 0.0804 
        D871  1 0.1900 0.2056 0.0215 0.0415 0.0865 0.0247 0.0477 0.0445 0.3084 0.0295 
        D872  1 0.1066 0.1561 0.3606 0.0501 0.0460 0.0635 0.0343 0.0302 0.0954 0.0573 
        D873  1 0.0220 0.0102 0.8078 0.0170 0.0211 0.0237 0.0138 0.0112 0.0277 0.0455 
        D874  1 0.0363 0.0605 0.0164 0.0667 0.0293 0.0205 0.0349 0.0272 0.0158 0.6926 
        D875  1 0.1329 0.1340 0.0572 0.0204 0.1121 0.0165 0.0321 0.0243 0.4471 0.0234 
        D876  1 0.1010 0.3846 0.0768 0.0992 0.0371 0.0246 0.0401 0.0734 0.0957 0.0674 
        D877  1 0.1513 0.0374 0.0453 0.3409 0.1233 0.0339 0.1028 0.0237 0.0191 0.1223 
        D892  1 0.0755 0.1697 0.0404 0.1539 0.3112 0.0142 0.0196 0.0253 0.1446 0.0458 
        D893  1 0.0679 0.6102 0.0387 0.0154 0.0398 0.0268 0.0494 0.0467 0.0668 0.0383 
        D894  1 0.0437 0.6640 0.0276 0.0295 0.1042 0.0215 0.0265 0.0365 0.0274 0.0191 
        D915  1 0.0593 0.4185 0.1403 0.0422 0.1525 0.0224 0.0353 0.0325 0.0730 0.0238 
        D916  1 0.0126 0.8798 0.0140 0.0160 0.0152 0.0087 0.0139 0.0130 0.0153 0.0115 
        D917  1 0.1236 0.1346 0.0250 0.3264 0.0243 0.0581 0.0384 0.0949 0.0515 0.1231 
        D925  1 0.0396 0.2294 0.4610 0.0818 0.0225 0.0185 0.0439 0.0299 0.0580 0.0153 
        D926  1 0.1619 0.4391 0.0549 0.0567 0.0721 0.0232 0.0323 0.0400 0.0601 0.0598 
        D927  1 0.1287 0.2134 0.0230 0.0549 0.0504 0.2694 0.0322 0.1197 0.0610 0.0473 
        D928  1 0.0251 0.0782 0.0468 0.7608 0.0117 0.0170 0.0180 0.0124 0.0129 0.0169 
        D929  1 0.0458 0.0287 0.0303 0.0407 0.1566 0.0188 0.0403 0.0318 0.0564 0.5505 
        D936  1 0.0490 0.5582 0.0457 0.0240 0.0342 0.0398 0.0284 0.1037 0.0239 0.0932 
        D938  1 0.0288 0.0256 0.1109 0.0230 0.0367 0.0145 0.0572 0.0173 0.6455 0.0405 
        D956  1 0.0799 0.0430 0.0485 0.5089 0.1621 0.0297 0.0532 0.0301 0.0210 0.0238 
        D957  1 0.0447 0.0537 0.6577 0.0292 0.0420 0.0276 0.0160 0.0253 0.0566 0.0472 
        D958  1 0.0551 0.1412 0.3517 0.1182 0.0452 0.0295 0.0504 0.0231 0.1137 0.0718 
        D959  1 0.0589 0.3925 0.0175 0.0246 0.0234 0.0951 0.0693 0.0156 0.2882 0.0148 
        D960  1 0.0731 0.0299 0.1450 0.1022 0.0380 0.0167 0.0120 0.0245 0.5245 0.0341 
        D989  1 0.0695 0.0373 0.0186 0.5920 0.0421 0.0744 0.0497 0.0574 0.0344 0.0247 
        D990  1 0.0675 0.0169 0.5548 0.0559 0.0649 0.0302 0.0226 0.1303 0.0385 0.0183 
        D023  2 0.0265 0.0435 0.0143 0.0139 0.0106 0.0200 0.0196 0.0112 0.8255 0.0148 
        D130  2 0.0432 0.0790 0.0334 0.0174 0.0659 0.0503 0.0292 0.0179 0.6425 0.0214 
        D131  2 0.2098 0.2502 0.0750 0.0350 0.0570 0.0429 0.1530 0.0928 0.0393 0.0450 
        D163  2 0.0591 0.0694 0.0495 0.0422 0.0326 0.0150 0.0232 0.0399 0.6328 0.0364 
        D164  2 0.0183 0.0113 0.3529 0.0117 0.0123 0.5135 0.0221 0.0109 0.0277 0.0193 
        D165  2 0.0288 0.0327 0.0186 0.0140 0.0177 0.0276 0.0236 0.0201 0.8005 0.0165 
        D166  2 0.1148 0.0445 0.0674 0.0159 0.4045 0.0426 0.1119 0.0500 0.0607 0.0878 
        D167  2 0.0189 0.0142 0.0199 0.0442 0.0181 0.8245 0.0150 0.0182 0.0144 0.0126 
        D192  2 0.0204 0.0088 0.0157 0.0214 0.0128 0.8458 0.0165 0.0257 0.0147 0.0182 
        D193  2 0.1076 0.0224 0.0900 0.3141 0.2189 0.0282 0.0215 0.0634 0.0326 0.1012 
        D206  2 0.1175 0.0477 0.0296 0.0273 0.0395 0.2771 0.2699 0.0293 0.1308 0.0313 
        D207  2 0.0475 0.0314 0.0287 0.0225 0.0629 0.6473 0.0465 0.0644 0.0302 0.0187 
        D208  2 0.0888 0.0527 0.0443 0.0887 0.0733 0.0761 0.2849 0.2205 0.0348 0.0360 
        D209  2 0.2282 0.0303 0.0584 0.0279 0.0204 0.3440 0.0693 0.0284 0.0549 0.1382 
        D210  2 0.0626 0.0655 0.0349 0.4300 0.0565 0.0893 0.0271 0.1677 0.0323 0.0341 
     D229599  2 0.1501 0.1486 0.0776 0.0630 0.0550 0.0374 0.0393 0.1906 0.0915 0.1470 
     D229600  2 0.0635 0.0261 0.0454 0.0240 0.0541 0.2854 0.0261 0.0346 0.4192 0.0217 
     D237227  2 0.0744 0.0537 0.2605 0.3088 0.0277 0.0572 0.0434 0.1070 0.0461 0.0213 
     D237228  2 0.0543 0.0150 0.5912 0.1447 0.0250 0.0388 0.0340 0.0630 0.0174 0.0166 
     D237258  2 0.1348 0.0668 0.0942 0.0744 0.0465 0.1663 0.1423 0.0963 0.1132 0.0651 
     D237310  2 0.0455 0.0107 0.6536 0.0322 0.0964 0.0375 0.0358 0.0231 0.0271 0.0381 
     D237311  2 0.0228 0.0135 0.6234 0.0296 0.0651 0.1529 0.0212 0.0213 0.0342 0.0159 
     D237312  2 0.0426 0.0204 0.2083 0.0351 0.4632 0.0235 0.0510 0.0203 0.0581 0.0775 
     D237313  2 0.1943 0.1110 0.1544 0.0699 0.0551 0.0231 0.1731 0.0989 0.0592 0.0610 
     D237322  2 0.1966 0.0270 0.1052 0.0634 0.1050 0.0439 0.0754 0.2572 0.0292 0.0970 
     D237323  2 0.0350 0.0147 0.6265 0.0992 0.0579 0.0231 0.0183 0.0546 0.0395 0.0311 
     D237324  2 0.2765 0.0614 0.0484 0.0152 0.0296 0.1560 0.0232 0.1049 0.2493 0.0355 
     D237325  2 0.0694 0.0175 0.3746 0.0731 0.1863 0.0576 0.0286 0.0295 0.0832 0.0802 
     D237326  2 0.0271 0.0429 0.6864 0.0599 0.0272 0.0265 0.0155 0.0199 0.0530 0.0415 
     D237327  2 0.1897 0.0683 0.0304 0.0367 0.0808 0.1122 0.0323 0.2902 0.0860 0.0735 
     D237337  2 0.0236 0.0155 0.8070 0.0279 0.0342 0.0135 0.0245 0.0183 0.0171 0.0184 
     D237338  2 0.1356 0.0469 0.1495 0.0938 0.1292 0.0724 0.0461 0.0931 0.1331 0.1004 
     D237339  2 0.0736 0.0258 0.0258 0.0182 0.0307 0.1402 0.0218 0.0410 0.0239 0.5989 
     D237340  2 0.0443 0.0167 0.3528 0.1208 0.1108 0.1681 0.0376 0.0401 0.0562 0.0527 
     D237389  2 0.0458 0.0157 0.5806 0.0161 0.1512 0.0735 0.0348 0.0184 0.0290 0.0348 
     D237390  2 0.0658 0.0221 0.2929 0.0495 0.3444 0.0204 0.0503 0.0449 0.0521 0.0574 
     D244017  2 0.0807 0.0233 0.0479 0.2999 0.0345 0.3854 0.0195 0.0466 0.0430 0.0191 
     D244112  2 0.0350 0.0178 0.0179 0.0205 0.0567 0.7784 0.0153 0.0131 0.0299 0.0154 
     D244118  2 0.0314 0.0106 0.0483 0.0273 0.0191 0.5264 0.0114 0.0229 0.2706 0.0320 
     D244119  2 0.0172 0.0193 0.0357 0.5925 0.0156 0.2556 0.0176 0.0197 0.0155 0.0114 
     D244120  2 0.0414 0.0142 0.0307 0.0654 0.2229 0.4005 0.0343 0.0933 0.0192 0.0782 
     D244122  2 0.0438 0.0292 0.0245 0.0414 0.0637 0.6437 0.0584 0.0253 0.0406 0.0294 
        D291  2 0.1769 0.0636 0.0312 0.0175 0.0348 0.0412 0.1300 0.4212 0.0685 0.0151 
        D292  2 0.0762 0.2327 0.0869 0.0703 0.0340 0.1979 0.0228 0.2144 0.0269 0.0379 
        D293  2 0.0506 0.0972 0.0151 0.0174 0.0175 0.6607 0.0177 0.0301 0.0148 0.0789 
        D322  2 0.0795 0.1097 0.0501 0.0184 0.0317 0.4938 0.0211 0.0317 0.0366 0.1274 
        D323  2 0.0917 0.0221 0.0341 0.0267 0.0374 0.0827 0.5828 0.0348 0.0271 0.0608 
        D324  2 0.1224 0.1484 0.1148 0.0595 0.0575 0.0339 0.0795 0.2487 0.1111 0.0242 
        D325  2 0.0328 0.0439 0.0169 0.0125 0.0248 0.7812 0.0166 0.0304 0.0185 0.0224 
        D326  2 0.0187 0.8552 0.0109 0.0236 0.0147 0.0129 0.0170 0.0195 0.0126 0.0150 
        D340  2 0.0171 0.0205 0.0187 0.0182 0.0131 0.8214 0.0166 0.0289 0.0186 0.0269 
        D341  2 0.0528 0.0241 0.0497 0.0211 0.1885 0.4888 0.0521 0.0758 0.0221 0.0250 
        D342  2 0.1015 0.0199 0.0849 0.0212 0.0636 0.5204 0.0656 0.0496 0.0551 0.0180 
        D343  2 0.0155 0.0198 0.0087 0.0080 0.0113 0.8897 0.0093 0.0137 0.0098 0.0141 
        D344  2 0.1379 0.0966 0.0746 0.0247 0.0674 0.0459 0.0291 0.0244 0.0245 0.4750 
        D345  2 0.1813 0.0938 0.3192 0.0331 0.0196 0.0408 0.0518 0.0618 0.0687 0.1299 
        D346  2 0.0532 0.0427 0.0333 0.2128 0.0389 0.0452 0.4734 0.0413 0.0289 0.0303 
        D351  2 0.1552 0.2411 0.0927 0.0214 0.0794 0.0616 0.0515 0.1490 0.0709 0.0771 
        D352  2 0.0864 0.0200 0.0389 0.0505 0.0252 0.0321 0.0323 0.0252 0.0235 0.6659 
        D353  2 0.6595 0.1199 0.0184 0.0141 0.0239 0.0197 0.0275 0.0292 0.0156 0.0723 
        D354  2 0.0615 0.0605 0.0433 0.0348 0.0192 0.0132 0.0301 0.0220 0.0197 0.6956 
        D362  2 0.0422 0.7081 0.0366 0.0246 0.0183 0.0267 0.0261 0.0193 0.0758 0.0224 
        D363  2 0.0352 0.7242 0.0299 0.0520 0.0159 0.0178 0.0421 0.0266 0.0364 0.0198 
        D364  2 0.1477 0.2801 0.0745 0.0451 0.0298 0.0256 0.0248 0.0219 0.0272 0.3232 
        D365  2 0.0176 0.0179 0.0156 0.0200 0.0128 0.8487 0.0182 0.0153 0.0125 0.0214 
        D369  2 0.0920 0.1697 0.1437 0.1273 0.0430 0.1129 0.1597 0.0872 0.0452 0.0192 
        D374  2 0.0535 0.0161 0.0516 0.7421 0.0246 0.0178 0.0310 0.0198 0.0118 0.0318 
        D375  2 0.0646 0.0204 0.0219 0.0191 0.0375 0.0120 0.0261 0.0107 0.0191 0.7686 
        D376  2 0.0475 0.0122 0.0455 0.7088 0.0353 0.0204 0.0257 0.0258 0.0183 0.0605 
        D377  2 0.0478 0.0176 0.1609 0.0367 0.0757 0.0469 0.5006 0.0414 0.0369 0.0355 
        D378  2 0.1085 0.1444 0.0298 0.0256 0.0284 0.2595 0.0999 0.0493 0.1104 0.1443 
        D379  2 0.0933 0.5723 0.0303 0.0291 0.0585 0.0222 0.0895 0.0308 0.0258 0.0482 
        D384  2 0.0189 0.8257 0.0186 0.0317 0.0157 0.0145 0.0263 0.0196 0.0141 0.0149 
        D385  2 0.0363 0.0208 0.0223 0.0329 0.0201 0.6480 0.0401 0.0185 0.0154 0.1457 
        D386  2 0.1547 0.0751 0.0295 0.0195 0.0322 0.0918 0.0549 0.0345 0.0752 0.4326 
        D391  2 0.0272 0.0250 0.0256 0.0144 0.0257 0.7379 0.0320 0.0206 0.0142 0.0776 
        D392  2 0.0575 0.0687 0.1571 0.0485 0.0293 0.5083 0.0348 0.0266 0.0446 0.0246 
        D393  2 0.0606 0.2616 0.0524 0.0204 0.0372 0.0901 0.1341 0.1627 0.0338 0.1470 
        D394  2 0.1020 0.0872 0.2211 0.0472 0.0891 0.0696 0.0208 0.0638 0.1469 0.1522 
        D395  2 0.0974 0.0159 0.0265 0.0229 0.0304 0.2860 0.0287 0.0298 0.0233 0.4391 
        D401  2 0.0222 0.0156 0.7940 0.0273 0.0171 0.0252 0.0579 0.0167 0.0139 0.0101 
        D402  2 0.0210 0.0225 0.0288 0.0133 0.0231 0.6995 0.0610 0.0541 0.0176 0.0592 
        D403  2 0.3825 0.1479 0.0326 0.0229 0.1130 0.0288 0.0386 0.0412 0.0779 0.1147 
        D415  2 0.1670 0.5113 0.1271 0.0133 0.0544 0.0231 0.0224 0.0212 0.0355 0.0247 
        D435  2 0.0545 0.5737 0.0403 0.0133 0.0274 0.1592 0.0225 0.0453 0.0290 0.0349 
        D436  2 0.0627 0.0658 0.0362 0.0562 0.1728 0.0259 0.0222 0.0310 0.0338 0.4935 
        D438  2 0.0168 0.0103 0.0109 0.0207 0.0152 0.8461 0.0349 0.0140 0.0177 0.0134 
        D439  2 0.1337 0.0752 0.0368 0.0148 0.0300 0.0510 0.0498 0.0394 0.0588 0.5105 
        D449  2 0.1938 0.0807 0.0249 0.0256 0.0411 0.4921 0.0451 0.0226 0.0536 0.0207 
        D450  2 0.1719 0.1208 0.0341 0.1251 0.1119 0.0198 0.0939 0.0749 0.0511 0.1966 
        D456  2 0.0248 0.8376 0.0136 0.0203 0.0185 0.0115 0.0201 0.0172 0.0180 0.0184 
        D462  2 0.0243 0.0367 0.0145 0.0155 0.0206 0.7505 0.0159 0.0198 0.0194 0.0827 
        D463  2 0.0205 0.8247 0.0181 0.0292 0.0175 0.0131 0.0240 0.0137 0.0151 0.0241 
        D464  2 0.3870 0.0498 0.0279 0.0427 0.0357 0.0764 0.0428 0.0246 0.0205 0.2927 
        D465  2 0.0448 0.1505 0.0916 0.0220 0.0325 0.4946 0.0805 0.0201 0.0413 0.0222 
        D473  2 0.0615 0.0225 0.1334 0.3895 0.0412 0.0421 0.0908 0.0519 0.0766 0.0905 
        D474  2 0.0342 0.5961 0.0431 0.0319 0.0204 0.0476 0.0290 0.1295 0.0461 0.0221 
        D476  2 0.0360 0.0243 0.0197 0.0129 0.0213 0.0395 0.0138 0.0318 0.3370 0.4636 
        D477  2 0.0708 0.3067 0.1434 0.0400 0.0300 0.0253 0.1132 0.0769 0.0209 0.1729 
        D478  2 0.1652 0.0391 0.0416 0.1169 0.0494 0.0650 0.0402 0.0597 0.3403 0.0826 
        D480  2 0.1164 0.1769 0.0223 0.0741 0.0744 0.0842 0.1126 0.1137 0.0219 0.2036 
        D481  2 0.0981 0.3143 0.0724 0.0663 0.0259 0.0601 0.0347 0.0449 0.1456 0.1378 
        D482  2 0.1365 0.0190 0.0668 0.0634 0.0570 0.0273 0.0734 0.2213 0.0467 0.2886 
        D483  2 0.0235 0.0136 0.0210 0.0771 0.0159 0.7712 0.0144 0.0206 0.0264 0.0162 
        D484  2 0.0173 0.0106 0.0126 0.0170 0.0246 0.0177 0.0197 0.0195 0.0141 0.8468 
        D510  2 0.0329 0.0216 0.0353 0.6634 0.0478 0.0253 0.0390 0.0799 0.0206 0.0343 
        D511  2 0.0483 0.0816 0.0313 0.0235 0.0205 0.0748 0.0574 0.0372 0.0428 0.5826 
        D512  2 0.0545 0.0163 0.5906 0.0130 0.0459 0.1216 0.0652 0.0334 0.0342 0.0254 
        D513  2 0.0686 0.0422 0.0524 0.0451 0.0417 0.5154 0.0940 0.0794 0.0402 0.0210 
        D635  2 0.0576 0.2509 0.0299 0.0245 0.0173 0.0396 0.0385 0.0231 0.5025 0.0160 
        D636  2 0.0251 0.0194 0.0347 0.0165 0.0134 0.0148 0.0626 0.0141 0.7857 0.0136 
        D637  2 0.0980 0.0249 0.0746 0.0579 0.1653 0.1385 0.1009 0.0478 0.0236 0.2684 
        D658  2 0.0481 0.0192 0.0659 0.0955 0.0761 0.3843 0.0224 0.0326 0.0210 0.2350 
        D659  2 0.0725 0.5688 0.0179 0.0280 0.0329 0.0254 0.0229 0.0845 0.0971 0.0502 
        D677  2 0.1011 0.1258 0.0721 0.0231 0.2934 0.0601 0.1041 0.1019 0.0738 0.0447 
        D678  2 0.1085 0.0194 0.0451 0.0188 0.0387 0.5888 0.0963 0.0297 0.0304 0.0243 
        D679  2 0.1208 0.2169 0.0291 0.0424 0.0431 0.0500 0.3219 0.0912 0.0424 0.0423 
        D719  2 0.0467 0.1392 0.1089 0.3226 0.0183 0.2068 0.0310 0.0709 0.0158 0.0399 
        D720  2 0.0373 0.6918 0.0289 0.0712 0.0194 0.0291 0.0502 0.0281 0.0269 0.0170 
        D721  2 0.0298 0.0416 0.0173 0.0290 0.0182 0.0441 0.0317 0.0242 0.7437 0.0204 
        D722  2 0.0904 0.0243 0.1137 0.4944 0.0306 0.0582 0.0773 0.0396 0.0277 0.0436 
        D734  2 0.0464 0.0202 0.0150 0.1159 0.0331 0.0701 0.0295 0.0409 0.0141 0.6147 
        D735  2 0.1070 0.1793 0.0928 0.0568 0.0394 0.0481 0.3176 0.0631 0.0354 0.0606 
        D736  2 0.0776 0.0534 0.0629 0.2724 0.0500 0.0514 0.0430 0.2841 0.0548 0.0506 
        D737  2 0.0620 0.0207 0.0617 0.0387 0.0370 0.4758 0.0200 0.0909 0.0565 0.1366 
        D807  2 0.0798 0.1630 0.0857 0.1596 0.1436 0.0508 0.0818 0.1178 0.0336 0.0844 
        D808  2 0.1158 0.0879 0.3033 0.0298 0.1751 0.0988 0.0277 0.0600 0.0592 0.0423 
        D817  2 0.0708 0.1251 0.0467 0.0261 0.0317 0.0220 0.5725 0.0336 0.0267 0.0448 
        D818  2 0.1730 0.0694 0.0193 0.0243 0.1841 0.2410 0.0406 0.1102 0.1057 0.0325 
        D819  2 0.0693 0.1161 0.1898 0.0231 0.0323 0.0216 0.4590 0.0272 0.0402 0.0215 
        D820  2 0.0488 0.6427 0.0194 0.0179 0.0431 0.0506 0.0179 0.0425 0.0283 0.0889 
        D895  2 0.1906 0.2195 0.0617 0.0410 0.0200 0.0450 0.1332 0.0578 0.1807 0.0506 
        D896  2 0.0150 0.0138 0.8688 0.0174 0.0176 0.0124 0.0150 0.0108 0.0132 0.0159 
        D897  2 0.1012 0.0227 0.0529 0.0230 0.0949 0.5206 0.0661 0.0547 0.0304 0.0336 
        D898  2 0.1538 0.0526 0.3124 0.0423 0.1124 0.0348 0.0892 0.1204 0.0322 0.0498 
        D918  2 0.1479 0.0310 0.1725 0.0533 0.2407 0.0709 0.0620 0.0713 0.0740 0.0765 
        D919  2 0.1065 0.1107 0.0217 0.0242 0.0429 0.1104 0.0220 0.0766 0.0633 0.4218 
        D920  2 0.0463 0.0308 0.0497 0.0765 0.1206 0.0341 0.0251 0.0256 0.5505 0.0407 
        D923  2 0.0647 0.6314 0.0289 0.0229 0.0258 0.0329 0.0321 0.0244 0.0349 0.1020 
        D930  2 0.1491 0.2165 0.0576 0.0910 0.0698 0.0367 0.1665 0.0741 0.0265 0.1122 
        D931  2 0.0941 0.2635 0.0579 0.0446 0.0426 0.1515 0.0541 0.0507 0.0365 0.2046 
        D968  2 0.0219 0.0236 0.0183 0.0157 0.0172 0.8032 0.0203 0.0415 0.0139 0.0243 
        D969  2 0.1211 0.2253 0.0494 0.0617 0.0347 0.1701 0.0373 0.2356 0.0302 0.0346 
        D977  2 0.0581 0.0283 0.0184 0.0227 0.0419 0.7210 0.0280 0.0285 0.0261 0.0269 
        D978  2 0.1097 0.0217 0.0171 0.0283 0.1258 0.0804 0.2983 0.2800 0.0186 0.0202 
        D211  3 0.0559 0.0742 0.0149 0.0205 0.3369 0.0184 0.1171 0.0493 0.2835 0.0292 
     D229639  3 0.0704 0.0591 0.0512 0.0983 0.0451 0.0513 0.0392 0.5333 0.0259 0.0263 
     D237212  3 0.0735 0.0987 0.0523 0.0204 0.1129 0.0576 0.1215 0.2173 0.0615 0.1844 
     D237213  3 0.0703 0.0306 0.1164 0.0171 0.1798 0.0298 0.3884 0.0429 0.0547 0.0700 
     D237214  3 0.0224 0.0215 0.0137 0.0232 0.0304 0.0117 0.0148 0.0119 0.8328 0.0176 
     D237215  3 0.0396 0.0146 0.0638 0.1044 0.0212 0.5435 0.0681 0.1076 0.0178 0.0194 
     D237216  3 0.5553 0.0465 0.0325 0.0250 0.0639 0.0269 0.0801 0.0518 0.0823 0.0356 
     D237217  3 0.3318 0.0749 0.0404 0.0142 0.2347 0.0232 0.0265 0.0739 0.1531 0.0273 
     D237218  3 0.0539 0.0418 0.0193 0.0361 0.1385 0.0299 0.0400 0.4948 0.0315 0.1142 
     D237219  3 0.0723 0.0225 0.1769 0.0576 0.1555 0.0200 0.2870 0.1434 0.0500 0.0147 
     D237382  3 0.0819 0.0936 0.2086 0.1041 0.2801 0.0609 0.0508 0.0425 0.0388 0.0385 
     D244127  3 0.0912 0.0210 0.5187 0.0190 0.0924 0.0621 0.0575 0.0621 0.0370 0.0390 
     D244129  3 0.1016 0.0991 0.2146 0.0359 0.1482 0.0814 0.0911 0.0561 0.1021 0.0698 
     D244133  3 0.0430 0.0336 0.0268 0.0443 0.0250 0.0620 0.6908 0.0260 0.0374 0.0111 
     D244134  3 0.0434 0.0306 0.0979 0.1507 0.0326 0.0305 0.1183 0.4437 0.0331 0.0193 
     D244135  3 0.0435 0.0315 0.0151 0.0149 0.0401 0.0496 0.0640 0.0264 0.6891 0.0258 
     D244136  3 0.0911 0.1039 0.0366 0.1327 0.0499 0.0850 0.3692 0.0428 0.0656 0.0233 
        D416  3 0.2259 0.0744 0.0771 0.0257 0.0782 0.1058 0.2499 0.0707 0.0583 0.0341 
        D417  3 0.0478 0.5808 0.0383 0.0253 0.1887 0.0149 0.0277 0.0214 0.0228 0.0322 
        D419  3 0.1226 0.1086 0.1063 0.0519 0.1144 0.0638 0.1489 0.1932 0.0537 0.0364 
        D565  3 0.0238 0.0418 0.0215 0.7639 0.0140 0.0141 0.0431 0.0421 0.0208 0.0150 
        D566  3 0.0810 0.0779 0.0693 0.2548 0.0228 0.0676 0.1367 0.2345 0.0333 0.0221 
        D567  3 0.0560 0.5126 0.0971 0.0182 0.0521 0.0417 0.0580 0.0273 0.0836 0.0534 
        D568  3 0.1352 0.0993 0.0876 0.0191 0.1391 0.1222 0.0359 0.0964 0.1362 0.1290 
        D569  3 0.0953 0.0171 0.0261 0.0407 0.0523 0.0707 0.0442 0.0405 0.0659 0.5471 
        D573  3 0.1268 0.2006 0.0344 0.0207 0.0299 0.2010 0.0281 0.3076 0.0193 0.0316 
        D574  3 0.0987 0.0386 0.0945 0.3591 0.0638 0.0420 0.1124 0.0847 0.0642 0.0419 
        D575  3 0.0251 0.0224 0.0505 0.0244 0.0195 0.0264 0.7459 0.0335 0.0377 0.0147 
        D576  3 0.0478 0.0079 0.0171 0.0296 0.0367 0.5630 0.1896 0.0483 0.0390 0.0210 
        D577  3 0.0661 0.4372 0.0265 0.0284 0.0711 0.0274 0.1663 0.0411 0.0905 0.0454 
        D578  3 0.0298 0.0128 0.0261 0.0143 0.0295 0.0215 0.0165 0.0179 0.8181 0.0135 
        D579  3 0.1027 0.1548 0.0581 0.1230 0.0783 0.0579 0.0915 0.1850 0.0565 0.0920 
        D660  3 0.0712 0.0154 0.0580 0.0154 0.0443 0.5393 0.1538 0.0306 0.0412 0.0309 
        D661  3 0.1338 0.0264 0.0254 0.0194 0.1571 0.2149 0.0342 0.2721 0.0587 0.0580 
        D663  3 0.1539 0.0604 0.0265 0.0199 0.0370 0.0727 0.0498 0.4944 0.0339 0.0515 
        D664  3 0.0910 0.0154 0.0745 0.0553 0.1442 0.1240 0.3343 0.0366 0.1029 0.0218 
        D665  3 0.1868 0.0144 0.0838 0.0129 0.1659 0.0346 0.2960 0.0328 0.0846 0.0881 
        D666  3 0.0533 0.0399 0.1605 0.0403 0.0596 0.0187 0.5347 0.0374 0.0356 0.0198 
        D009  4 0.1694 0.0992 0.1044 0.0434 0.1920 0.0254 0.0366 0.0638 0.1537 0.1121 
        D057  4 0.0609 0.0281 0.0151 0.0242 0.0337 0.1497 0.0106 0.0726 0.2326 0.3725 
        D109  4 0.1580 0.0427 0.3961 0.0563 0.0527 0.0193 0.1457 0.0295 0.0708 0.0289 
     D237222  4 0.0475 0.0339 0.0266 0.1644 0.0870 0.0274 0.0179 0.0317 0.5205 0.0430 
     D237223  4 0.0893 0.0219 0.0472 0.1141 0.4958 0.0437 0.0222 0.0415 0.0725 0.0520 
     D237224  4 0.1017 0.1184 0.0430 0.0252 0.0317 0.1682 0.0936 0.2070 0.0530 0.1582 
     D237225  4 0.2776 0.0723 0.0506 0.0451 0.1871 0.0262 0.0607 0.0924 0.1172 0.0708 
     D237299  4 0.1053 0.0308 0.0498 0.0249 0.5284 0.0180 0.0361 0.1019 0.0789 0.0259 
     D237300  4 0.0674 0.0150 0.0209 0.0320 0.0550 0.0358 0.1399 0.5885 0.0235 0.0220 
     D237306  4 0.0447 0.0603 0.0724 0.4561 0.2291 0.0183 0.0184 0.0252 0.0241 0.0513 
     D237307  4 0.0853 0.3211 0.0503 0.1287 0.0560 0.0420 0.1606 0.0906 0.0471 0.0184 
     D237308  4 0.0863 0.0276 0.0880 0.0697 0.0282 0.3746 0.0423 0.0443 0.0498 0.1892 
     D237309  4 0.2789 0.1504 0.0604 0.0251 0.1153 0.0480 0.0410 0.0571 0.1327 0.0911 
     D237317  4 0.1464 0.1277 0.0430 0.3767 0.0315 0.0248 0.0669 0.0767 0.0668 0.0395 
     D237318  4 0.0553 0.0336 0.0203 0.0298 0.0353 0.0581 0.0487 0.6854 0.0187 0.0147 
     D237319  4 0.1758 0.0414 0.1555 0.0331 0.3023 0.0460 0.0505 0.0696 0.0967 0.0289 
     D237320  4 0.0652 0.0444 0.0468 0.0200 0.5672 0.0635 0.0311 0.0827 0.0602 0.0190 
     D237321  4 0.0737 0.0645 0.0499 0.0399 0.0357 0.0858 0.0878 0.4975 0.0452 0.0200 
     D237397  4 0.0683 0.0398 0.0486 0.1621 0.3079 0.0636 0.0414 0.1687 0.0703 0.0292 
     D237398  4 0.0628 0.0623 0.0183 0.0149 0.0713 0.0415 0.0440 0.6104 0.0313 0.0430 
     D237399  4 0.0572 0.0697 0.0602 0.1266 0.1643 0.0443 0.0254 0.3540 0.0628 0.0356 
     D244001  4 0.1109 0.0252 0.0255 0.0366 0.0657 0.1124 0.0210 0.0407 0.4695 0.0924 
        D289  4 0.1063 0.0972 0.0397 0.1814 0.0800 0.0677 0.0285 0.0960 0.0622 0.2410 
        D290  4 0.1513 0.0625 0.0470 0.0249 0.3497 0.0348 0.0192 0.2052 0.0336 0.0716 
        D294  4 0.2342 0.1041 0.0171 0.0344 0.1048 0.0297 0.0657 0.0997 0.0751 0.2351 
        D295  4 0.0741 0.1353 0.1468 0.0329 0.3678 0.0251 0.0862 0.0422 0.0284 0.0611 
        D301  4 0.0592 0.0136 0.0791 0.0491 0.0780 0.0442 0.0455 0.1414 0.4554 0.0346 
        D302  4 0.0429 0.0608 0.0147 0.0154 0.0226 0.0114 0.0229 0.0174 0.0303 0.7616 
        D303  4 0.0513 0.0385 0.0879 0.4628 0.0548 0.0600 0.0844 0.0410 0.0314 0.0878 
        D304  4 0.1589 0.0595 0.0252 0.0678 0.1250 0.0321 0.0536 0.3951 0.0435 0.0393 
        D305  4 0.3613 0.0189 0.0312 0.0127 0.0272 0.0697 0.0280 0.0408 0.0418 0.3684 
        D306  4 0.4057 0.0438 0.0273 0.0389 0.3113 0.0219 0.0230 0.0371 0.0556 0.0353 
        D307  4 0.0356 0.0175 0.0381 0.0701 0.0305 0.0190 0.0452 0.0684 0.6269 0.0486 
        D327  4 0.0900 0.5432 0.0206 0.0581 0.0421 0.0543 0.0686 0.0474 0.0380 0.0378 
        D328  4 0.0493 0.0179 0.0637 0.1347 0.0871 0.0266 0.0668 0.0331 0.0174 0.5035 
        D329  4 0.2078 0.0508 0.0924 0.0336 0.0566 0.1066 0.0287 0.1301 0.0563 0.2373 
        D330  4 0.1261 0.1692 0.1635 0.0184 0.2430 0.0604 0.0410 0.0148 0.0864 0.0772 
        D331  4 0.1037 0.1470 0.1004 0.0593 0.0771 0.0347 0.0743 0.3084 0.0535 0.0417 
        D333  4 0.0872 0.0646 0.0834 0.0857 0.1536 0.0640 0.0461 0.1105 0.0534 0.2516 
        D334  4 0.0567 0.0890 0.0243 0.4621 0.0816 0.0207 0.0470 0.0627 0.0944 0.0614 
        D335  4 0.0526 0.0849 0.0363 0.0413 0.0319 0.0406 0.0442 0.0263 0.0289 0.6128 
        D370  4 0.0871 0.0369 0.4623 0.1178 0.0378 0.0407 0.0731 0.0328 0.0298 0.0816 
        D371  4 0.0374 0.1252 0.0254 0.6352 0.0174 0.0256 0.0691 0.0250 0.0176 0.0223 
        D372  4 0.0987 0.0116 0.0299 0.0194 0.0423 0.0451 0.0338 0.6868 0.0139 0.0185 
        D373  4 0.0470 0.0314 0.0174 0.0171 0.0176 0.0591 0.0495 0.0870 0.6167 0.0572 
        D455  4 0.0433 0.0409 0.0275 0.0221 0.0378 0.0312 0.0157 0.0536 0.6469 0.0810 
        D490  4 0.0271 0.0209 0.0170 0.0207 0.1101 0.0108 0.0253 0.0252 0.7067 0.0363 
        D497  4 0.0736 0.0154 0.0397 0.0214 0.1410 0.0153 0.0494 0.0363 0.5488 0.0591 
        D498  4 0.1291 0.0611 0.2053 0.0861 0.1055 0.0452 0.0936 0.1976 0.0410 0.0356 
        D499  4 0.1315 0.0244 0.0898 0.1049 0.0861 0.2195 0.1618 0.0836 0.0167 0.0818 
        D514  4 0.1089 0.2866 0.0680 0.0142 0.1157 0.0310 0.1428 0.0520 0.0599 0.1209 
        D515  4 0.0340 0.0361 0.0264 0.0244 0.7370 0.0278 0.0303 0.0155 0.0296 0.0389 
        D516  4 0.0866 0.0735 0.2073 0.0546 0.1492 0.0652 0.2210 0.0607 0.0629 0.0190 
        D517  4 0.1720 0.0615 0.0383 0.0194 0.0623 0.0329 0.0169 0.0691 0.4975 0.0300 
        D518  4 0.0419 0.0267 0.0210 0.0845 0.0313 0.0416 0.0146 0.0234 0.1849 0.5300 
        D519  4 0.0262 0.0271 0.0230 0.0178 0.7778 0.0239 0.0178 0.0342 0.0338 0.0184 
        D560  4 0.0696 0.0670 0.0272 0.0131 0.6143 0.0409 0.0242 0.0722 0.0303 0.0412 
        D561  4 0.1534 0.1591 0.0567 0.0166 0.0446 0.0545 0.0234 0.0243 0.4096 0.0579 
        D562  4 0.1433 0.0487 0.0443 0.0510 0.1523 0.0460 0.0519 0.1094 0.1963 0.1569 
        D563  4 0.1023 0.0206 0.0615 0.0170 0.0748 0.3537 0.0792 0.0674 0.0470 0.1765 
        D572  4 0.0357 0.0407 0.0172 0.0245 0.0321 0.0236 0.0184 0.0191 0.0646 0.7241 
        D629  4 0.0609 0.1598 0.0241 0.0184 0.0333 0.0206 0.3946 0.0602 0.1885 0.0397 
        D630  4 0.0912 0.0571 0.0265 0.0467 0.4211 0.0254 0.0315 0.0748 0.1237 0.1019 
        D631  4 0.0450 0.0203 0.0237 0.0249 0.0537 0.1028 0.0178 0.0423 0.0339 0.6356 
        D632  4 0.0622 0.0469 0.0581 0.0185 0.0282 0.1477 0.0564 0.0166 0.3821 0.1832 
        D646  4 0.1313 0.0933 0.1192 0.0342 0.3996 0.0560 0.0177 0.0405 0.0714 0.0369 
        D647  4 0.0672 0.3543 0.0657 0.0173 0.2071 0.0489 0.0204 0.0453 0.1023 0.0715 
        D648  4 0.0401 0.0143 0.0221 0.0355 0.0745 0.0275 0.0886 0.0160 0.0242 0.6572 
        D649  4 0.0617 0.2411 0.2821 0.0201 0.0409 0.0207 0.0737 0.0331 0.0706 0.1559 
        D650  4 0.0999 0.1621 0.0582 0.0832 0.1507 0.0273 0.1251 0.0968 0.1003 0.0964 
        D708  4 0.1150 0.0375 0.0338 0.1738 0.1029 0.0258 0.1399 0.1147 0.0497 0.2070 
        D709  4 0.1536 0.0264 0.3193 0.0434 0.1925 0.0405 0.0782 0.0611 0.0205 0.0645 
        D738  4 0.0515 0.0645 0.0813 0.5124 0.1232 0.0147 0.0260 0.0461 0.0503 0.0300 
        D739  4 0.1291 0.0247 0.0500 0.0308 0.2879 0.0256 0.0645 0.0810 0.2204 0.0859 
        D740  4 0.2024 0.0256 0.1595 0.1190 0.0849 0.0591 0.0633 0.1818 0.0556 0.0489 
        D741  4 0.0877 0.0623 0.0355 0.0144 0.6077 0.0844 0.0311 0.0282 0.0255 0.0233 
        D742  4 0.1475 0.0380 0.0387 0.0723 0.1556 0.2606 0.0439 0.1347 0.0434 0.0653 
        D743  4 0.0592 0.3621 0.0180 0.0240 0.0361 0.0417 0.0363 0.0553 0.0459 0.3214 
        D744  4 0.0256 0.0271 0.0204 0.0169 0.0324 0.0267 0.0244 0.0268 0.0257 0.7740 
        D745  4 0.0291 0.0205 0.0234 0.0147 0.7683 0.0188 0.0379 0.0254 0.0404 0.0215 
        D814  4 0.3415 0.0235 0.0126 0.0201 0.1679 0.1618 0.0303 0.0722 0.0903 0.0797 
        D815  4 0.0706 0.0895 0.1328 0.0252 0.0588 0.0309 0.0498 0.0532 0.0309 0.4584 
        D828  4 0.0989 0.0139 0.0527 0.1210 0.2320 0.1039 0.1161 0.0754 0.0354 0.1507 
        D845  4 0.0168 0.0147 0.0117 0.0247 0.0171 0.0279 0.0276 0.8277 0.0128 0.0189 
        D846  4 0.1025 0.0956 0.0202 0.0100 0.0296 0.1441 0.0547 0.0586 0.1506 0.3341 
        D847  4 0.1281 0.0995 0.0377 0.0621 0.2409 0.0391 0.0359 0.1290 0.1649 0.0627 
        D848  4 0.0393 0.0180 0.0237 0.0212 0.0138 0.0531 0.0236 0.1769 0.6011 0.0293 
        D849  4 0.1136 0.0268 0.0489 0.0213 0.4899 0.0299 0.0661 0.0368 0.1258 0.0409 
        D850  4 0.1865 0.1073 0.0363 0.0655 0.0630 0.0421 0.0510 0.1102 0.2767 0.0615 
        D856  4 0.2357 0.0498 0.3049 0.0374 0.1381 0.0253 0.0669 0.0410 0.0503 0.0507 
        D857  4 0.0309 0.0102 0.6887 0.0346 0.0379 0.0841 0.0174 0.0223 0.0385 0.0354 
        D859  4 0.0927 0.0551 0.0281 0.0305 0.1602 0.0372 0.0185 0.1043 0.0271 0.4463 
        D860  4 0.0802 0.0852 0.0344 0.4494 0.0186 0.0947 0.0161 0.1216 0.0380 0.0620 
        D883  4 0.0678 0.1823 0.0994 0.0866 0.1171 0.0334 0.1135 0.0830 0.1432 0.0737 
        D884  4 0.0679 0.0301 0.0558 0.0412 0.6488 0.0150 0.0461 0.0247 0.0251 0.0452 
        D885  4 0.1795 0.1041 0.0396 0.0223 0.1474 0.0700 0.0864 0.2549 0.0526 0.0433 
        D886  4 0.0821 0.1502 0.2130 0.0310 0.1501 0.0551 0.0326 0.0509 0.1344 0.1006 
        D887  4 0.1383 0.1243 0.0605 0.0478 0.1061 0.1064 0.0493 0.2139 0.0473 0.1062 
        D889  4 0.0393 0.0307 0.0125 0.0154 0.1239 0.0136 0.0215 0.6779 0.0145 0.0507 
        D890  4 0.0667 0.0289 0.1287 0.0754 0.0248 0.0522 0.4555 0.0349 0.0694 0.0635 
        D891  4 0.0115 0.0123 0.0109 0.0108 0.0121 0.0107 0.0212 0.8893 0.0104 0.0108 
        D899  4 0.0831 0.0293 0.0318 0.0694 0.0371 0.3972 0.0665 0.1691 0.0324 0.0842 
        D900  4 0.1857 0.1080 0.0789 0.0611 0.0991 0.0907 0.0618 0.0723 0.0939 0.1485 
        D970  4 0.1406 0.1312 0.0467 0.0417 0.0536 0.0542 0.0610 0.1426 0.0578 0.2705 
        D971  4 0.0895 0.0533 0.0707 0.0564 0.0217 0.3989 0.0730 0.0269 0.0339 0.1758 
        D979  4 0.0917 0.2152 0.0256 0.0404 0.0300 0.0527 0.0753 0.0451 0.0352 0.3890 
        D093  5 0.0436 0.0437 0.0358 0.6103 0.0664 0.0193 0.0379 0.0873 0.0263 0.0294 
        D154  5 0.1233 0.0231 0.0277 0.0309 0.2047 0.1217 0.3483 0.0695 0.0182 0.0325 
        D168  5 0.1093 0.0373 0.0522 0.0153 0.0959 0.1822 0.3023 0.1025 0.0744 0.0285 
        D189  5 0.0766 0.0379 0.0293 0.3614 0.1814 0.0265 0.0348 0.1859 0.0210 0.0453 
        D190  5 0.0322 0.0281 0.0411 0.6074 0.0370 0.0208 0.1282 0.0367 0.0176 0.0509 
     D237220  5 0.1155 0.0234 0.1349 0.0719 0.1432 0.0241 0.0219 0.3203 0.0780 0.0668 
     D237221  5 0.0871 0.0653 0.0676 0.1942 0.0553 0.0876 0.1303 0.2227 0.0319 0.0580 
     D237274  5 0.0923 0.3179 0.1112 0.0224 0.0427 0.0866 0.0323 0.0237 0.0375 0.2335 
     D237275  5 0.0754 0.0192 0.0797 0.0368 0.0467 0.5407 0.0626 0.1003 0.0223 0.0162 
     D237276  5 0.0736 0.0498 0.0881 0.1135 0.4546 0.0311 0.0579 0.0503 0.0418 0.0393 
     D237277  5 0.0406 0.0252 0.0498 0.3190 0.0234 0.0606 0.2394 0.1730 0.0174 0.0516 
     D237278  5 0.1044 0.0644 0.0839 0.1722 0.0570 0.2855 0.0320 0.0437 0.0805 0.0764 
     D237279  5 0.2316 0.0386 0.2223 0.0212 0.0239 0.0257 0.1536 0.0299 0.1884 0.0647 
     D237280  5 0.1221 0.0878 0.3551 0.0536 0.0307 0.0253 0.1138 0.0458 0.1207 0.0452 
     D237281  5 0.1471 0.0584 0.0235 0.0283 0.0378 0.2682 0.0245 0.3501 0.0293 0.0326 
     D237351  5 0.0433 0.0167 0.5069 0.0378 0.0534 0.0192 0.2504 0.0276 0.0238 0.0211 
     D237352  5 0.0684 0.0420 0.0301 0.0432 0.0325 0.0573 0.1685 0.0237 0.3497 0.1846 
     D237353  5 0.0312 0.0179 0.0791 0.5110 0.0144 0.0201 0.2198 0.0524 0.0127 0.0414 
     D237359  5 0.1011 0.0338 0.0393 0.0386 0.1565 0.0209 0.0422 0.4580 0.0731 0.0365 
     D237361  5 0.0314 0.0246 0.0512 0.7171 0.0206 0.0209 0.0602 0.0360 0.0167 0.0212 
     D237362  5 0.0289 0.0267 0.0242 0.0304 0.0188 0.0205 0.7799 0.0308 0.0206 0.0192 
     D237363  5 0.5350 0.0295 0.0460 0.0454 0.0393 0.0855 0.1290 0.0403 0.0292 0.0210 
     D237364  5 0.1189 0.0764 0.0467 0.0156 0.3226 0.0980 0.0540 0.0979 0.0813 0.0887 
     D237376  5 0.0708 0.0143 0.0328 0.1533 0.2090 0.0469 0.1479 0.0378 0.0173 0.2700 
     D237377  5 0.0985 0.0887 0.3008 0.0976 0.0211 0.0327 0.2414 0.0432 0.0358 0.0403 
     D237378  5 0.0560 0.0243 0.0325 0.3978 0.0930 0.0623 0.1108 0.0876 0.0348 0.1009 
     D237379  5 0.1098 0.0330 0.0323 0.2100 0.1160 0.0452 0.0589 0.0563 0.0535 0.2852 
     D237380  5 0.0431 0.0139 0.6100 0.0748 0.0441 0.0156 0.0211 0.0218 0.0350 0.1205 
     D237381  5 0.0865 0.0327 0.2938 0.0705 0.0519 0.0597 0.0404 0.0575 0.2005 0.1064 
     D237391  5 0.0334 0.0291 0.0421 0.5981 0.0380 0.0171 0.0674 0.1212 0.0290 0.0246 
     D237392  5 0.1082 0.1941 0.0997 0.0229 0.0512 0.2824 0.0905 0.0247 0.0521 0.0743 
     D237393  5 0.0606 0.4049 0.0952 0.1661 0.0354 0.0575 0.0279 0.0554 0.0510 0.0460 
     D237394  5 0.0203 0.0248 0.0276 0.6146 0.0164 0.0089 0.2155 0.0225 0.0196 0.0298 
     D237395  5 0.0703 0.0343 0.0649 0.1771 0.2052 0.0463 0.1931 0.1426 0.0429 0.0234 
     D237396  5 0.0964 0.3138 0.0772 0.1444 0.0199 0.0736 0.0530 0.0717 0.1048 0.0452 
     D244016  5 0.0574 0.0181 0.0270 0.1048 0.0177 0.0215 0.6005 0.0522 0.0176 0.0831 
     D244018  5 0.0931 0.0538 0.0543 0.2091 0.0351 0.2930 0.0464 0.1329 0.0609 0.0213 
     D244019  5 0.0916 0.0363 0.0408 0.0310 0.0275 0.0502 0.6203 0.0427 0.0192 0.0403 
        D279  5 0.0704 0.0270 0.0302 0.0452 0.1071 0.0312 0.0377 0.5801 0.0163 0.0547 
        D280  5 0.2038 0.1247 0.0648 0.1257 0.1020 0.0312 0.0867 0.1666 0.0725 0.0222 
        D281  5 0.1395 0.0289 0.0199 0.0973 0.1084 0.1021 0.0395 0.4176 0.0172 0.0296 
        D283  5 0.1200 0.1171 0.0522 0.3845 0.0368 0.0263 0.0834 0.1151 0.0277 0.0369 
        D284  5 0.1262 0.0453 0.0767 0.0291 0.1918 0.0351 0.2091 0.0791 0.1635 0.0442 
        D285  5 0.0800 0.0503 0.0554 0.2914 0.0492 0.0163 0.0378 0.3437 0.0292 0.0467 
        D286  5 0.0809 0.0953 0.0455 0.1372 0.2993 0.0273 0.0603 0.0927 0.0393 0.1222 
        D287  5 0.0840 0.0182 0.0572 0.1222 0.2163 0.0258 0.2002 0.0491 0.0374 0.1898 
        D288  5 0.1462 0.1449 0.0354 0.0671 0.0328 0.0297 0.3840 0.1148 0.0269 0.0182 
        D308  5 0.0407 0.0491 0.7376 0.0283 0.0287 0.0179 0.0295 0.0206 0.0246 0.0232 
        D309  5 0.0380 0.0216 0.0185 0.0225 0.0196 0.0136 0.0231 0.0134 0.0289 0.8007 
        D310  5 0.1791 0.0152 0.0175 0.6402 0.0387 0.0116 0.0294 0.0397 0.0101 0.0185 
        D311  5 0.1748 0.0662 0.0484 0.0909 0.1347 0.0336 0.2534 0.0568 0.0358 0.1055 
        D312  5 0.0955 0.0924 0.0427 0.1218 0.0707 0.0452 0.1751 0.0579 0.0975 0.2013 
        D313  5 0.0283 0.0165 0.4958 0.0334 0.0290 0.0129 0.0172 0.0135 0.3425 0.0109 
        D314  5 0.1403 0.0184 0.0683 0.0354 0.2721 0.0485 0.2188 0.1277 0.0251 0.0453 
        D315  5 0.1138 0.2941 0.0707 0.1714 0.0839 0.0539 0.0666 0.0318 0.0683 0.0455 
        D317  5 0.0238 0.0375 0.0178 0.7640 0.0388 0.0155 0.0311 0.0303 0.0272 0.0140 
        D318  5 0.2046 0.0895 0.0283 0.0511 0.1007 0.1279 0.0768 0.0450 0.1320 0.1442 
        D319  5 0.0373 0.0212 0.0799 0.7013 0.0556 0.0149 0.0225 0.0406 0.0132 0.0135 
        D320  5 0.0559 0.0275 0.0719 0.4920 0.0410 0.0207 0.0552 0.1276 0.0334 0.0747 
        D321  5 0.0380 0.0628 0.5565 0.0535 0.0238 0.0132 0.0915 0.1107 0.0284 0.0216 
        D336  5 0.0740 0.0265 0.0205 0.6655 0.0768 0.0178 0.0216 0.0218 0.0166 0.0590 
        D337  5 0.0295 0.0222 0.0227 0.7566 0.0151 0.0211 0.0411 0.0484 0.0146 0.0288 
        D338  5 0.1506 0.1745 0.0414 0.0983 0.1934 0.0401 0.0235 0.2052 0.0279 0.0451 
        D339  5 0.1195 0.0366 0.0616 0.4714 0.0563 0.0308 0.0428 0.1379 0.0229 0.0202 
        D347  5 0.2464 0.0882 0.0622 0.1136 0.1030 0.1190 0.0253 0.0953 0.0294 0.1176 
        D348  5 0.0435 0.0186 0.0221 0.7042 0.0181 0.0202 0.0157 0.0305 0.0211 0.1059 
