        D174  1 0.1591 0.0531 0.7878 
        D199  1 0.1301 0.3741 0.4958 
        D203  1 0.2359 0.3878 0.3763 
        D204  1 0.2155 0.1714 0.6131 
     D237366  1 0.5618 0.2074 0.2309 
     D237367  1 0.7139 0.1448 0.1412 
     D237368  1 0.6287 0.1422 0.2290 
     D244101  1 0.1296 0.5652 0.3052 
     D244102  1 0.2530 0.2121 0.5348 
     D244103  1 0.7985 0.0556 0.1459 
     D244104  1 0.2771 0.2414 0.4815 
     D244105  1 0.9207 0.0424 0.0369 
     D244106  1 0.0881 0.3190 0.5929 
     D244107  1 0.9144 0.0528 0.0328 
     D244108  1 0.1130 0.0792 0.8078 
     D244113  1 0.0429 0.0613 0.8957 
     D244114  1 0.2961 0.4361 0.2678 
     D244115  1 0.3282 0.0598 0.6120 
     D267365  1 0.0952 0.1193 0.7855 
        D404  1 0.0555 0.0759 0.8686 
        D405  1 0.1494 0.2147 0.6359 
        D406  1 0.8717 0.0275 0.1007 
        D407  1 0.7861 0.1274 0.0864 
        D408  1 0.1308 0.2292 0.6399 
        D409  1 0.8708 0.0508 0.0784 
        D410  1 0.8840 0.0170 0.0989 
        D421  1 0.4223 0.2465 0.3312 
        D422  1 0.9517 0.0311 0.0171 
        D423  1 0.9408 0.0233 0.0359 
        D424  1 0.8701 0.0249 0.1050 
        D425  1 0.1230 0.0709 0.8061 
        D426  1 0.8655 0.1069 0.0276 
        D427  1 0.0738 0.8249 0.1013 
        D428  1 0.3145 0.1362 0.5493 
        D429  1 0.2369 0.1211 0.6421 
        D430  1 0.2593 0.4067 0.3340 
        D491  1 0.0810 0.0308 0.8882 
        D492  1 0.4043 0.0868 0.5089 
        D537  1 0.4187 0.0577 0.5236 
        D538  1 0.3337 0.1722 0.4941 
        D539  1 0.1636 0.3840 0.4524 
        D540  1 0.6074 0.0931 0.2994 
        D541  1 0.3576 0.1666 0.4759 
        D551  1 0.3742 0.5709 0.0549 
        D552  1 0.4046 0.1356 0.4599 
        D553  1 0.6567 0.0975 0.2458 
        D615  1 0.3541 0.2449 0.4010 
        D616  1 0.4770 0.2655 0.2575 
        D621  1 0.6177 0.0832 0.2991 
        D622  1 0.8393 0.0666 0.0941 
        D623  1 0.0406 0.3338 0.6256 
        D624  1 0.1133 0.0530 0.8337 
        D625  1 0.2484 0.0353 0.7163 
        D626  1 0.2996 0.1545 0.5459 
        D627  1 0.8823 0.0745 0.0432 
        D690  1 0.3340 0.0254 0.6406 
        D691  1 0.8345 0.0550 0.1105 
        D710  1 0.2449 0.1777 0.5774 
        D711  1 0.2793 0.1112 0.6095 
        D712  1 0.0827 0.1178 0.7995 
        D713  1 0.0977 0.0304 0.8719 
        D746  1 0.8933 0.0627 0.0440 
        D747  1 0.2466 0.2351 0.5183 
        D748  1 0.6212 0.0569 0.3219 
        D749  1 0.6393 0.1532 0.2075 
        D750  1 0.1545 0.0510 0.7945 
        D763  1 0.2545 0.6355 0.1100 
        D764  1 0.3213 0.0414 0.6374 
        D765  1 0.6819 0.0423 0.2758 
        D766  1 0.6616 0.0396 0.2988 
        D767  1 0.2864 0.2362 0.4774 
        D768  1 0.7789 0.0720 0.1491 
        D811  1 0.1523 0.0958 0.7519 
        D816  1 0.2346 0.0667 0.6987 
        D825  1 0.2417 0.0404 0.7179 
        D866  1 0.0771 0.5943 0.3286 
        D867  1 0.9113 0.0454 0.0433 
        D871  1 0.8622 0.0476 0.0902 
        D872  1 0.2481 0.0759 0.6759 
        D873  1 0.9485 0.0198 0.0317 
        D874  1 0.0341 0.1132 0.8527 
        D875  1 0.9452 0.0213 0.0335 
        D876  1 0.1592 0.0822 0.7586 
        D877  1 0.0308 0.0371 0.9321 
        D892  1 0.1947 0.0377 0.7676 
        D893  1 0.4974 0.2596 0.2430 
        D894  1 0.3896 0.1599 0.4505 
        D915  1 0.4363 0.0743 0.4894 
        D916  1 0.3711 0.0816 0.5473 
        D917  1 0.0779 0.1639 0.7582 
        D925  1 0.7477 0.0346 0.2178 
        D926  1 0.3354 0.0645 0.6001 
        D927  1 0.1357 0.6462 0.2181 
        D928  1 0.0229 0.0171 0.9600 
        D929  1 0.1932 0.1196 0.6872 
        D936  1 0.1398 0.4312 0.4290 
        D938  1 0.9240 0.0339 0.0421 
        D956  1 0.1366 0.1466 0.7168 
        D957  1 0.3196 0.0844 0.5960 
        D958  1 0.1894 0.0368 0.7737 
        D959  1 0.8965 0.0490 0.0546 
        D960  1 0.8588 0.0338 0.1074 
        D989  1 0.0848 0.4437 0.4714 
        D990  1 0.8843 0.0829 0.0328 
        D023  2 0.9099 0.0328 0.0573 
        D130  2 0.9056 0.0405 0.0538 
        D131  2 0.6664 0.1781 0.1555 
        D163  2 0.9211 0.0375 0.0414 
        D164  2 0.4712 0.5051 0.0236 
        D165  2 0.9219 0.0490 0.0290 
        D166  2 0.3686 0.3082 0.3232 
        D167  2 0.0301 0.9251 0.0448 
        D192  2 0.0212 0.9635 0.0153 
        D193  2 0.1346 0.0835 0.7819 
        D206  2 0.6392 0.1965 0.1643 
        D207  2 0.0862 0.8321 0.0816 
        D208  2 0.0749 0.6365 0.2886 
        D209  2 0.3081 0.6293 0.0626 
        D210  2 0.0736 0.5480 0.3784 
     D229599  2 0.2961 0.3328 0.3710 
     D229600  2 0.5121 0.4193 0.0686 
     D237227  2 0.3017 0.3303 0.3681 
     D237228  2 0.3849 0.2107 0.4044 
     D237258  2 0.2478 0.4826 0.2696 
     D237310  2 0.6597 0.1687 0.1716 
     D237311  2 0.5335 0.3484 0.1181 
     D237312  2 0.4639 0.0755 0.4606 
     D237313  2 0.3365 0.0917 0.5718 
     D237322  2 0.1762 0.6509 0.1729 
     D237323  2 0.5304 0.1224 0.3472 
     D237324  2 0.4923 0.4788 0.0290 
     D237325  2 0.4772 0.1340 0.3888 
     D237326  2 0.5882 0.0721 0.3398 
     D237327  2 0.1422 0.7853 0.0725 
     D237337  2 0.6910 0.0325 0.2764 
     D237338  2 0.5050 0.3047 0.1903 
     D237339  2 0.1100 0.6348 0.2552 
     D237340  2 0.2140 0.4669 0.3190 
     D237389  2 0.7853 0.0882 0.1266 
     D237390  2 0.3398 0.1094 0.5508 
     D244017  2 0.0942 0.5531 0.3527 
     D244112  2 0.0791 0.8946 0.0262 
     D244118  2 0.1856 0.7823 0.0321 
     D244119  2 0.0417 0.5783 0.3799 
     D244120  2 0.0525 0.7856 0.1619 
     D244122  2 0.0864 0.8099 0.1037 
        D291  2 0.2253 0.6992 0.0755 
        D292  2 0.0717 0.6690 0.2593 
        D293  2 0.0314 0.9250 0.0436 
        D322  2 0.1025 0.8090 0.0885 
        D323  2 0.2084 0.3593 0.4323 
        D324  2 0.3909 0.3788 0.2303 
        D325  2 0.0689 0.9159 0.0152 
        D326  2 0.1880 0.2251 0.5869 
        D340  2 0.0304 0.9530 0.0166 
        D341  2 0.0463 0.9205 0.0333 
        D342  2 0.3088 0.6364 0.0548 
        D343  2 0.0180 0.9706 0.0114 
        D344  2 0.2916 0.1392 0.5692 
        D345  2 0.5350 0.1240 0.3410 
        D346  2 0.1300 0.3274 0.5425 
        D351  2 0.3353 0.4671 0.1977 
        D352  2 0.2569 0.3231 0.4200 
        D353  2 0.6188 0.1878 0.1934 
        D354  2 0.1719 0.0429 0.7852 
        D362  2 0.3377 0.0848 0.5775 
        D363  2 0.2800 0.1047 0.6153 
        D364  2 0.2644 0.0546 0.6810 
        D365  2 0.0183 0.9597 0.0220 
        D369  2 0.2413 0.4886 0.2702 
        D374  2 0.0289 0.0237 0.9474 
        D375  2 0.3343 0.1160 0.5497 
        D376  2 0.0603 0.0745 0.8651 
        D377  2 0.3503 0.1878 0.4620 
        D378  2 0.1896 0.6592 0.1512 
        D379  2 0.2555 0.0892 0.6553 
        D384  2 0.1866 0.0623 0.7510 
        D385  2 0.0247 0.9416 0.0337 
        D386  2 0.3776 0.2968 0.3256 
        D391  2 0.0273 0.9433 0.0295 
        D392  2 0.0589 0.8611 0.0800 
        D393  2 0.2059 0.5808 0.2133 
        D394  2 0.4553 0.2476 0.2971 
        D395  2 0.0957 0.8080 0.0962 
        D401  2 0.8816 0.0397 0.0787 
        D402  2 0.0228 0.9543 0.0229 
        D403  2 0.5779 0.0734 0.3487 
        D415  2 0.8890 0.0378 0.0732 
        D435  2 0.3204 0.6184 0.0611 
        D436  2 0.1652 0.1128 0.7220 
        D438  2 0.0246 0.9539 0.0215 
        D439  2 0.4749 0.3782 0.1469 
        D449  2 0.4611 0.4852 0.0537 
        D450  2 0.1899 0.0705 0.7397 
        D456  2 0.6508 0.0543 0.2950 
        D462  2 0.0227 0.9538 0.0235 
        D463  2 0.2580 0.0565 0.6855 
        D464  2 0.2468 0.3223 0.4308 
        D465  2 0.3784 0.5511 0.0705 
        D473  2 0.1550 0.1375 0.7074 
        D474  2 0.2969 0.4509 0.2522 
        D476  2 0.6667 0.2803 0.0530 
        D477  2 0.2130 0.2313 0.5558 
        D478  2 0.3318 0.1306 0.5376 
        D480  2 0.0713 0.5262 0.4024 
        D481  2 0.2521 0.3097 0.4382 
        D482  2 0.1617 0.6287 0.2095 
        D483  2 0.0309 0.9250 0.0441 
        D484  2 0.0894 0.5381 0.3725 
        D510  2 0.0423 0.1431 0.8147 
        D511  2 0.1561 0.6303 0.2136 
        D512  2 0.7141 0.2401 0.0458 
        D513  2 0.2080 0.6893 0.1027 
        D635  2 0.7582 0.0778 0.1640 
        D636  2 0.9466 0.0221 0.0313 
        D637  2 0.1120 0.7419 0.1461 
        D658  2 0.0602 0.7635 0.1763 
        D659  2 0.5145 0.1685 0.3170 
        D677  2 0.4735 0.2547 0.2718 
        D678  2 0.1140 0.8379 0.0481 
        D679  2 0.2603 0.4040 0.3357 
        D719  2 0.0391 0.4059 0.5550 
        D720  2 0.1737 0.0877 0.7387 
        D721  2 0.7003 0.2242 0.0755 
        D722  2 0.0599 0.0713 0.8687 
        D734  2 0.0296 0.5552 0.4153 
        D735  2 0.2767 0.2445 0.4787 
        D736  2 0.1584 0.3133 0.5283 
        D737  2 0.0675 0.8248 0.1077 
        D807  2 0.1197 0.2437 0.6366 
        D808  2 0.4226 0.4079 0.1694 
        D817  2 0.2211 0.0812 0.6977 
        D818  2 0.2278 0.7095 0.0627 
        D819  2 0.5679 0.1880 0.2441 
        D820  2 0.1119 0.2688 0.6193 
        D895  2 0.7258 0.1189 0.1552 
        D896  2 0.8249 0.0322 0.1429 
        D897  2 0.1395 0.7755 0.0850 
        D898  2 0.3799 0.2353 0.3848 
        D918  2 0.4037 0.4239 0.1724 
        D919  2 0.1620 0.6389 0.1992 
        D920  2 0.8990 0.0491 0.0519 
        D923  2 0.2766 0.1525 0.5709 
        D930  2 0.1779 0.0988 0.7233 
        D931  2 0.1545 0.4525 0.3929 
        D968  2 0.0191 0.9576 0.0234 
        D969  2 0.1181 0.6914 0.1905 
        D977  2 0.0843 0.8826 0.0330 
        D978  2 0.1200 0.7086 0.1714 
        D211  3 0.8095 0.0936 0.0969 
     D229639  3 0.0568 0.7891 0.1541 
     D237212  3 0.2473 0.6178 0.1349 
     D237213  3 0.5983 0.1741 0.2276 
     D237214  3 0.8914 0.0360 0.0726 
     D237215  3 0.0260 0.8979 0.0760 
     D237216  3 0.7209 0.2096 0.0695 
     D237217  3 0.8896 0.0695 0.0409 
     D237218  3 0.1532 0.7036 0.1432 
     D237219  3 0.5599 0.3044 0.1356 
     D237382  3 0.2123 0.1115 0.6762 
     D244127  3 0.7176 0.2229 0.0595 
     D244129  3 0.3518 0.3459 0.3023 
     D244133  3 0.4097 0.3398 0.2505 
     D244134  3 0.1723 0.5678 0.2598 
     D244135  3 0.8622 0.0874 0.0505 
     D244136  3 0.2218 0.2045 0.5737 
        D416  3 0.5104 0.4194 0.0702 
        D417  3 0.3766 0.0554 0.5680 
        D419  3 0.3854 0.4192 0.1954 
        D565  3 0.0474 0.0480 0.9046 
        D566  3 0.1214 0.5327 0.3459 
        D567  3 0.5444 0.0858 0.3697 
        D568  3 0.5456 0.3310 0.1234 
        D569  3 0.2185 0.5618 0.2197 
        D573  3 0.0784 0.8816 0.0401 
        D574  3 0.2082 0.0953 0.6965 
        D575  3 0.5088 0.2034 0.2878 
        D576  3 0.0325 0.9341 0.0335 
        D577  3 0.2774 0.0995 0.6230 
        D578  3 0.9502 0.0318 0.0180 
        D579  3 0.2028 0.3492 0.4481 
        D660  3 0.2650 0.6876 0.0474 
        D661  3 0.1056 0.8644 0.0301 
        D663  3 0.0818 0.8572 0.0610 
        D664  3 0.4617 0.3561 0.1821 
        D665  3 0.6999 0.2556 0.0445 
        D666  3 0.5432 0.2316 0.2251 
        D009  4 0.7244 0.0930 0.1826 
        D057  4 0.1759 0.7577 0.0664 
        D109  4 0.8216 0.0539 0.1244 
     D237222  4 0.6174 0.0781 0.3045 
     D237223  4 0.5602 0.1833 0.2565 
     D237224  4 0.1302 0.7343 0.1355 
     D237225  4 0.6862 0.1195 0.1943 
     D237299  4 0.7888 0.1435 0.0678 
     D237300  4 0.0507 0.8789 0.0704 
     D237306  4 0.0997 0.0576 0.8427 
     D237307  4 0.1865 0.1369 0.6766 
     D237308  4 0.1317 0.7037 0.1646 
     D237309  4 0.7444 0.1082 0.1474 
     D237317  4 0.1462 0.0493 0.8045 
     D237318  4 0.0323 0.9281 0.0396 
     D237319  4 0.4937 0.1740 0.3323 
     D237320  4 0.4415 0.4291 0.1294 
     D237321  4 0.1182 0.8077 0.0740 
     D237397  4 0.2626 0.3390 0.3984 
     D237398  4 0.1680 0.7684 0.0636 
     D237399  4 0.1800 0.3381 0.4819 
     D244001  4 0.8376 0.0897 0.0728 
        D289  4 0.1267 0.3891 0.4842 
        D290  4 0.1456 0.2768 0.5775 
        D294  4 0.2836 0.3945 0.3218 
        D295  4 0.3012 0.1749 0.5240 
        D301  4 0.6809 0.2325 0.0865 
        D302  4 0.2063 0.1094 0.6843 
        D303  4 0.1352 0.1794 0.6854 
        D304  4 0.1087 0.2334 0.6579 
        D305  4 0.4947 0.4531 0.0522 
        D306  4 0.1505 0.0528 0.7967 
        D307  4 0.7928 0.1334 0.0738 
        D327  4 0.2368 0.1905 0.5727 
        D328  4 0.0898 0.0902 0.8200 
        D329  4 0.2704 0.5719 0.1577 
        D330  4 0.7350 0.0607 0.2043 
        D331  4 0.1621 0.3258 0.5120 
        D333  4 0.1767 0.2927 0.5305 
        D334  4 0.1314 0.0753 0.7932 
        D335  4 0.0885 0.1640 0.7475 
        D370  4 0.1676 0.0815 0.7509 
        D371  4 0.0778 0.0965 0.8256 
        D372  4 0.0617 0.8831 0.0552 
        D373  4 0.7701 0.1980 0.0319 
        D455  4 0.8064 0.1528 0.0408 
        D490  4 0.9332 0.0286 0.0382 
        D497  4 0.9201 0.0461 0.0338 
        D498  4 0.1654 0.2931 0.5415 
        D499  4 0.0794 0.7694 0.1512 
        D514  4 0.4094 0.2058 0.3849 
        D515  4 0.7184 0.0900 0.1916 
        D516  4 0.3946 0.2207 0.3848 
        D517  4 0.8335 0.1288 0.0377 
        D518  4 0.2255 0.2103 0.5642 
        D519  4 0.7362 0.2050 0.0588 
        D560  4 0.6397 0.2564 0.1039 
        D561  4 0.9173 0.0492 0.0335 
        D562  4 0.3185 0.3703 0.3112 
        D563  4 0.1601 0.7905 0.0493 
        D572  4 0.2318 0.2506 0.5176 
        D629  4 0.6351 0.1370 0.2279 
        D630  4 0.2853 0.2221 0.4926 
        D631  4 0.1017 0.7265 0.1719 
        D632  4 0.6428 0.2857 0.0715 
        D646  4 0.7226 0.1587 0.1187 
        D647  4 0.4081 0.2756 0.3164 
        D648  4 0.1060 0.1208 0.7733 
        D649  4 0.6297 0.0797 0.2907 
        D650  4 0.2450 0.1412 0.6138 
        D708  4 0.1798 0.1399 0.6802 
        D709  4 0.1270 0.0904 0.7827 
        D738  4 0.1490 0.0498 0.8012 
        D739  4 0.5046 0.2315 0.2638 
        D740  4 0.3605 0.4724 0.1671 
        D741  4 0.5218 0.4011 0.0771 
        D742  4 0.0975 0.8037 0.0988 
        D743  4 0.1579 0.3504 0.4917 
        D744  4 0.1840 0.5836 0.2325 
        D745  4 0.8855 0.0710 0.0434 
        D814  4 0.3509 0.6000 0.0491 
        D815  4 0.1091 0.2100 0.6809 
        D828  4 0.0789 0.4190 0.5022 
        D845  4 0.0205 0.9466 0.0329 
        D846  4 0.3626 0.5446 0.0928 
        D847  4 0.3970 0.3295 0.2735 
        D848  4 0.5534 0.4230 0.0236 
        D849  4 0.8036 0.1036 0.0928 
        D850  4 0.5412 0.2048 0.2540 
        D856  4 0.5376 0.1631 0.2993 
        D857  4 0.8289 0.0917 0.0793 
        D859  4 0.1491 0.4338 0.4171 
        D860  4 0.0399 0.3770 0.5831 
        D883  4 0.3696 0.1078 0.5226 
        D884  4 0.3678 0.0819 0.5503 
        D885  4 0.3694 0.5739 0.0567 
        D886  4 0.4119 0.1819 0.4062 
        D887  4 0.1889 0.6329 0.1783 
        D889  4 0.0887 0.5625 0.3489 
        D890  4 0.2364 0.1826 0.5811 
        D891  4 0.0186 0.9622 0.0193 
        D899  4 0.0414 0.7628 0.1958 
        D900  4 0.3924 0.2096 0.3979 
        D970  4 0.2801 0.4010 0.3189 
        D971  4 0.1080 0.6719 0.2201 
        D979  4 0.0639 0.1278 0.8083 
        D093  5 0.1154 0.1967 0.6879 
        D154  5 0.1587 0.7335 0.1078 
        D168  5 0.3538 0.5757 0.0705 
        D189  5 0.0875 0.3187 0.5938 
        D190  5 0.0447 0.1086 0.8467 
     D237220  5 0.4369 0.3544 0.2087 
     D237221  5 0.1293 0.3631 0.5076 
     D237274  5 0.2939 0.0774 0.6287 
     D237275  5 0.0502 0.9081 0.0416 
     D237276  5 0.2077 0.1127 0.6797 
     D237277  5 0.0603 0.3968 0.5429 
     D237278  5 0.1541 0.6479 0.1980 
     D237279  5 0.9203 0.0416 0.0381 
     D237280  5 0.6120 0.0708 0.3172 
     D237281  5 0.0496 0.9133 0.0371 
     D237351  5 0.7316 0.0871 0.1813 
     D237352  5 0.4662 0.1289 0.4049 
     D237353  5 0.0463 0.1667 0.7869 
     D237359  5 0.4237 0.4168 0.1596 
     D237361  5 0.0416 0.0659 0.8925 
     D237362  5 0.3308 0.2508 0.4184 
     D237363  5 0.5137 0.3661 0.1201 
     D237364  5 0.4146 0.4863 0.0990 
     D237376  5 0.0734 0.1488 0.7778 
     D237377  5 0.5232 0.0923 0.3845 
     D237378  5 0.0983 0.5020 0.3998 
     D237379  5 0.1630 0.3140 0.5230 
     D237380  5 0.4978 0.0235 0.4787 
     D237381  5 0.5742 0.1290 0.2968 
     D237391  5 0.1046 0.1902 0.7051 
     D237392  5 0.3131 0.2590 0.4279 
     D237393  5 0.2065 0.1582 0.6353 
     D237394  5 0.0626 0.0410 0.8964 
     D237395  5 0.3160 0.2391 0.4449 
     D237396  5 0.3981 0.1887 0.4131 
     D244016  5 0.1561 0.3548 0.4891 
     D244018  5 0.1882 0.7009 0.1110 
     D244019  5 0.2014 0.2791 0.5195 
        D279  5 0.1525 0.7718 0.0757 
        D280  5 0.2760 0.3362 0.3878 
        D281  5 0.0465 0.8809 0.0725 
        D283  5 0.0987 0.1115 0.7899 
        D284  5 0.6283 0.2008 0.1709 
        D285  5 0.1379 0.2258 0.6363 
        D286  5 0.1452 0.2032 0.6516 
        D287  5 0.1329 0.1527 0.7143 
        D288  5 0.1777 0.3680 0.4543 
        D308  5 0.8724 0.0230 0.1046 
        D309  5 0.3125 0.1164 0.5711 
        D310  5 0.0759 0.0759 0.8482 
        D311  5 0.1289 0.1753 0.6957 
        D312  5 0.1361 0.1324 0.7315 
        D313  5 0.9532 0.0172 0.0296 
        D314  5 0.2773 0.5570 0.1657 
        D315  5 0.1892 0.1494 0.6613 
        D317  5 0.0571 0.0721 0.8708 
        D318  5 0.4131 0.3876 0.1992 
        D319  5 0.0309 0.0951 0.8740 
        D320  5 0.0847 0.1352 0.7801 
        D321  5 0.8031 0.0636 0.1332 
        D336  5 0.0277 0.0263 0.9460 
        D337  5 0.0226 0.1167 0.8607 
        D338  5 0.3505 0.2530 0.3965 
        D339  5 0.1422 0.2173 0.6405 
        D347  5 0.0766 0.1316 0.7918 
        D348  5 0.0232 0.0693 0.9075 
        D349  5 0.8355 0.0485 0.1160 
        D350  5 0.2021 0.2919 0.5060 
        D355  5 0.0912 0.7906 0.1182 
        D356  5 0.1683 0.0875 0.7442 
        D357  5 0.2342 0.1720 0.5938 
        D358  5 0.1141 0.1011 0.7848 
        D359  5 0.0576 0.0220 0.9204 
        D360  5 0.1445 0.0626 0.7929 
        D361  5 0.8903 0.0319 0.0778 
        D366  5 0.3569 0.5028 0.1404 
        D367  5 0.0901 0.0711 0.8388 
        D368  5 0.3908 0.0997 0.5095 
        D380  5 0.4401 0.2225 0.3374 
        D381  5 0.0836 0.1188 0.7977 
        D400  5 0.0776 0.3655 0.5569 
        D411  5 0.9495 0.0326 0.0179 
        D412  5 0.2733 0.3107 0.4160 
        D413  5 0.1003 0.8702 0.0295 
        D414  5 0.0805 0.8256 0.0939 
        D420  5 0.5011 0.3030 0.1960 
        D431  5 0.1918 0.5488 0.2594 
        D432  5 0.1983 0.3781 0.4236 
        D433  5 0.0612 0.2941 0.6447 
        D434  5 0.1225 0.0749 0.8026 
        D440  5 0.3054 0.2329 0.4617 
        D447  5 0.6724 0.1622 0.1655 
        D448  5 0.0316 0.1027 0.8657 
        D459  5 0.0305 0.9097 0.0598 
        D460  5 0.8351 0.0405 0.1243 
        D461  5 0.1644 0.1878 0.6478 
        D468  5 0.4074 0.1458 0.4468 
        D469  5 0.4042 0.1444 0.4514 
        D470  5 0.5017 0.1020 0.3963 
        D471  5 0.0308 0.1333 0.8359 
        D472  5 0.1379 0.6331 0.2290 
        D479  5 0.0327 0.9206 0.0467 
        D485  5 0.1576 0.2240 0.6184 
        D486  5 0.4485 0.1019 0.4496 
        D487  5 0.0710 0.8003 0.1286 
        D555  5 0.0400 0.1284 0.8316 
        D556  5 0.1446 0.4550 0.4003 
        D557  5 0.0410 0.1771 0.7820 
        D564  5 0.1990 0.1629 0.6381 
        D594  5 0.2507 0.1318 0.6175 
        D595  5 0.1718 0.2638 0.5644 
        D596  5 0.0420 0.0973 0.8607 
        D597  5 0.0579 0.4205 0.5216 
        D598  5 0.2108 0.1980 0.5912 
        D617  5 0.7783 0.1770 0.0447 
        D618  5 0.0901 0.3000 0.6099 
        D619  5 0.2719 0.0635 0.6646 
        D620  5 0.0285 0.9355 0.0360 
        D628  5 0.2186 0.2076 0.5738 
        D714  5 0.0771 0.6529 0.2700 
        D715  5 0.0640 0.3307 0.6053 
        D716  5 0.1002 0.3015 0.5983 
        D717  5 0.1707 0.1703 0.6590 
        D718  5 0.4167 0.1738 0.4095 
        D769  5 0.7877 0.1470 0.0653 
        D770  5 0.1209 0.6781 0.2011 
        D771  5 0.1972 0.5797 0.2231 
        D772  5 0.1206 0.2220 0.6573 
        D782  5 0.7371 0.2049 0.0580 
        D783  5 0.0790 0.7266 0.1944 
        D784  5 0.1878 0.2259 0.5863 
        D785  5 0.1100 0.0785 0.8115 
        D786  5 0.6363 0.1156 0.2481 
        D821  5 0.0254 0.0775 0.8971 
        D822  5 0.1061 0.0913 0.8026 
        D826  5 0.0711 0.6447 0.2842 
        D827  5 0.4206 0.2067 0.3727 
        D851  5 0.3264 0.2146 0.4589 
        D852  5 0.1031 0.7304 0.1666 
        D853  5 0.1082 0.2306 0.6612 
        D854  5 0.3466 0.4468 0.2067 
        D861  5 0.3342 0.3600 0.3058 
        D862  5 0.1004 0.0538 0.8458 
        D865  5 0.0840 0.2215 0.6946 
        D868  5 0.2116 0.1533 0.6352 
        D869  5 0.9221 0.0431 0.0347 
        D870  5 0.9342 0.0365 0.0292 
        D907  5 0.1411 0.0894 0.7695 
        D908  5 0.0533 0.8236 0.1231 
        D910  5 0.0697 0.4082 0.5221 
        D911  5 0.0611 0.8459 0.0930 
        D934  5 0.1078 0.8140 0.0782 
        D946  5 0.1259 0.6315 0.2426 
        D947  5 0.3264 0.3280 0.3456 
        D948  5 0.7801 0.0467 0.1732 
        D949  5 0.8452 0.0351 0.1197 
        D950  5 0.0439 0.8880 0.0680 
        D951  5 0.3135 0.0470 0.6395 
        D952  5 0.1306 0.1181 0.7512 
        D953  5 0.0684 0.1194 0.8122 
        D954  5 0.1323 0.0626 0.8051 
        D961  5 0.1576 0.2052 0.6372 
        D962  5 0.0459 0.0460 0.9081 
        D963  5 0.0794 0.2129 0.7077 
        D964  5 0.3731 0.4116 0.2153 
        D965  5 0.1669 0.3401 0.4930 
        D966  5 0.0981 0.4797 0.4222 
        D967  5 0.1849 0.4796 0.3354 
        D991  5 0.2657 0.0989 0.6354 
        D502  6 0.5335 0.3814 0.0851 
        D503  6 0.4621 0.4943 0.0436 
        D504  6 0.2374 0.2190 0.5436 
        D505  6 0.2315 0.4178 0.3507 
        D506  6 0.0871 0.0498 0.8631 
        D507  6 0.3149 0.5772 0.1079 
        D508  6 0.2000 0.4240 0.3760 
        D529  6 0.4751 0.2195 0.3054 
        D530  6 0.2045 0.1469 0.6486 
        D531  6 0.2280 0.3352 0.4368 
        D532  6 0.1758 0.1059 0.7182 
        D534  6 0.8681 0.0791 0.0527 
        D535  6 0.2062 0.0883 0.7055 
        D536  6 0.1773 0.7938 0.0288 
        D554  6 0.2455 0.0795 0.6750 
        D587  6 0.0811 0.0908 0.8281 
        D588  6 0.1879 0.0920 0.7202 
        D589  6 0.2294 0.6398 0.1308 
        D590  6 0.1121 0.8382 0.0497 
        D591  6 0.3561 0.4525 0.1914 
        D592  6 0.7881 0.1227 0.0892 
        D593  6 0.1229 0.1676 0.7095 
        D682  6 0.1184 0.0926 0.7889 
        D683  6 0.2386 0.0615 0.6999 
        D684  6 0.5327 0.4382 0.0290 
        D685  6 0.3868 0.5133 0.0999 
        D686  6 0.0765 0.0430 0.8805 
        D724  6 0.4099 0.3460 0.2441 
        D725  6 0.1724 0.4079 0.4197 
        D726  6 0.0787 0.0787 0.8426 
        D727  6 0.3136 0.5370 0.1494 
        D728  6 0.1569 0.1054 0.7377 
        D729  6 0.7925 0.1547 0.0529 
        D730  6 0.4021 0.3975 0.2004 
        D731  6 0.0348 0.6053 0.3598 
        D732  6 0.2539 0.2667 0.4794 
        D733  6 0.2803 0.2804 0.4393 
     D237251  7 0.0694 0.6971 0.2335 
     D237252  7 0.5682 0.3391 0.0927 
     D237253  7 0.1229 0.6904 0.1867 
     D237254  7 0.9442 0.0322 0.0236 
     D237255  7 0.0464 0.8891 0.0645 
     D237256  7 0.0999 0.7877 0.1125 
     D237257  7 0.7367 0.1747 0.0886 
     D237282  7 0.4587 0.2747 0.2666 
     D237283  7 0.9242 0.0494 0.0264 
     D237284  7 0.9173 0.0496 0.0331 
     D237285  7 0.1481 0.2461 0.6058 
     D237286  7 0.2288 0.4109 0.3602 
     D237287  7 0.2608 0.6044 0.1348 
     D244006  7 0.9288 0.0454 0.0258 
     D244007  7 0.2513 0.6434 0.1053 
     D244008  7 0.9107 0.0363 0.0530 
     D244009  7 0.5872 0.0905 0.3224 
     D244010  7 0.6485 0.2407 0.1108 
     D244011  7 0.1376 0.5824 0.2800 
     D244012  7 0.4028 0.4865 0.1108 
     D244013  7 0.0622 0.7070 0.2308 
     D244014  7 0.3491 0.5836 0.0673 
     D244015  7 0.8278 0.1041 0.0681 
     D244125  7 0.0954 0.5488 0.3558 
     D244126  7 0.9390 0.0375 0.0235 
     D244130  7 0.4436 0.1903 0.3661 
     D244131  7 0.2441 0.2063 0.5495 
     D244132  7 0.0649 0.0589 0.8763 
        D520  7 0.5806 0.0693 0.3500 
        D521  7 0.2805 0.2569 0.4627 
        D522  7 0.6990 0.0848 0.2162 
        D523  7 0.0864 0.8338 0.0798 
        D524  7 0.1404 0.5209 0.3387 
        D525  7 0.5575 0.3957 0.0468 
        D526  7 0.9406 0.0301 0.0293 
        D527  7 0.4113 0.3401 0.2486 
        D528  7 0.9676 0.0147 0.0177 
        D558  7 0.3473 0.4571 0.1956 
        D559  7 0.3500 0.5082 0.1418 
        D640  7 0.1814 0.4413 0.3772 
        D641  7 0.2268 0.6161 0.1571 
        D642  7 0.5701 0.2841 0.1457 
        D644  7 0.2727 0.2229 0.5044 
        D645  7 0.2546 0.5503 0.1950 
        D662  7 0.5815 0.0317 0.3869 
        D687  7 0.1974 0.5974 0.2052 
        D688  7 0.4726 0.2612 0.2662 
        D689  7 0.2398 0.4181 0.3421 
        D700  7 0.9621 0.0228 0.0151 
        D797  7 0.2867 0.3278 0.3855 
        D798  7 0.8354 0.0634 0.1012 
        D799  7 0.1524 0.7955 0.0522 
        D800  7 0.5703 0.3243 0.1055 
        D132  8 0.9229 0.0358 0.0413 
        D133  8 0.0495 0.9344 0.0161 
        D200  8 0.1576 0.4032 0.4392 
        D500  8 0.9436 0.0209 0.0355 
        D614  8 0.1960 0.1129 0.6911 
        D723  8 0.5117 0.2534 0.2348 
        D888  8 0.0347 0.9254 0.0399 
        D901  8 0.6354 0.2146 0.1500 
        D902  8 0.0745 0.0752 0.8502 
        D903  8 0.0988 0.1427 0.7585 
        D904  8 0.2833 0.2448 0.4719 
        D905  8 0.0248 0.8963 0.0789 
        D906  8 0.1667 0.7955 0.0378 
        D937  8 0.0617 0.1068 0.8315 
        D943  8 0.5753 0.3219 0.1028 
        D972  8 0.6579 0.1414 0.2007 
        D973  8 0.3891 0.0874 0.5235 
        D974  8 0.3038 0.2432 0.4530 
        D975  8 0.1428 0.2746 0.5826 
        D976  8 0.3648 0.4486 0.1866 
        D201  9 0.3224 0.5746 0.1030 
        D202  9 0.2305 0.6015 0.1680 
     D237259  9 0.8312 0.1173 0.0515 
     D237260  9 0.1965 0.7504 0.0531 
     D237262  9 0.9251 0.0342 0.0407 
     D237263  9 0.5331 0.3766 0.0903 
     D237264  9 0.4744 0.2922 0.2335 
     D237265  9 0.1405 0.8101 0.0494 
     D237266  9 0.2368 0.7232 0.0400 
     D237267  9 0.5817 0.1196 0.2987 
     D237268  9 0.6027 0.1352 0.2621 
     D237289  9 0.1486 0.6494 0.2020 
     D237290  9 0.0621 0.9088 0.0291 
     D237291  9 0.1138 0.7992 0.0870 
     D237292  9 0.3446 0.6284 0.0271 
     D237293  9 0.4132 0.1697 0.4171 
     D237294  9 0.5378 0.3285 0.1337 
     D237295  9 0.3708 0.0712 0.5580 
     D237296  9 0.3199 0.3671 0.3130 
     D237297  9 0.1126 0.1889 0.6985 
     D237298  9 0.2537 0.4818 0.2645 
     D237341  9 0.1904 0.6259 0.1837 
     D237342  9 0.6433 0.1645 0.1921 
     D237343  9 0.3685 0.5434 0.0881 
     D237344  9 0.1900 0.4416 0.3685 
     D237345  9 0.8783 0.0920 0.0298 
     D237346  9 0.1360 0.6768 0.1872 
     D237347  9 0.1081 0.4188 0.4732 
     D237348  9 0.3063 0.3170 0.3767 
     D237349  9 0.4878 0.4588 0.0534 
     D244109  9 0.2372 0.7388 0.0240 
     D244110  9 0.1826 0.7645 0.0529 
     D244111  9 0.2197 0.5799 0.2004 
     D244128  9 0.7701 0.1531 0.0768 
     D244137  9 0.3958 0.2519 0.3524 
     D244138  9 0.2555 0.5348 0.2097 
        D580  9 0.8538 0.0396 0.1066 
        D581  9 0.0706 0.9045 0.0249 
        D582  9 0.8945 0.0405 0.0651 
        D583  9 0.0819 0.8886 0.0295 
        D584  9 0.4395 0.1160 0.4445 
        D585  9 0.6667 0.2890 0.0443 
        D586  9 0.0458 0.9197 0.0345 
        D651  9 0.2477 0.3131 0.4392 
        D652  9 0.7195 0.1910 0.0895 
        D653  9 0.2087 0.6225 0.1688 
        D654  9 0.3155 0.5561 0.1284 
        D655  9 0.1489 0.5424 0.3087 
        D656  9 0.8683 0.0549 0.0769 
        D657  9 0.4317 0.3583 0.2100 
        D667  9 0.1559 0.4322 0.4118 
        D668  9 0.4753 0.3625 0.1622 
        D669  9 0.1671 0.7636 0.0693 
        D670  9 0.6405 0.1112 0.2483 
        D671  9 0.1302 0.8162 0.0536 
        D672  9 0.7815 0.1653 0.0532 
        D673  9 0.3767 0.2427 0.3807 
        D692  9 0.7693 0.1978 0.0329 
        D693  9 0.4052 0.1864 0.4084 
        D694  9 0.7608 0.1355 0.1038 
        D695  9 0.6222 0.1589 0.2189 
        D696  9 0.0239 0.0324 0.9437 
        D697  9 0.2115 0.3537 0.4348 
        D698  9 0.1273 0.5375 0.3352 
        D699  9 0.2122 0.2958 0.4919 
        D787  9 0.5677 0.3076 0.1247 
        D788  9 0.2425 0.0628 0.6947 
        D789  9 0.4293 0.2509 0.3199 
        D790  9 0.4904 0.3376 0.1721 
        D791  9 0.0628 0.8129 0.1243 
        D792  9 0.4328 0.4363 0.1309 
        D793  9 0.1187 0.2347 0.6466 
        D794  9 0.2051 0.2757 0.5193 
        D795  9 0.6696 0.1487 0.1817 
        D796  9 0.2152 0.6756 0.1093 
        D142 10 0.0741 0.1840 0.7419 
        D143 10 0.0382 0.8886 0.0732 
        D144 10 0.3214 0.1916 0.4870 
        D145 10 0.0705 0.8824 0.0471 
        D146 10 0.7914 0.0690 0.1396 
        D147 10 0.5985 0.2143 0.1872 
        D148 10 0.7866 0.0802 0.1332 
        D149 10 0.1509 0.8053 0.0437 
        D151 10 0.8225 0.1075 0.0700 
        D152 10 0.0307 0.9494 0.0199 
        D153 10 0.1047 0.0638 0.8315 
        D156 10 0.1240 0.4141 0.4619 
        D157 10 0.1637 0.1059 0.7304 
        D158 10 0.2389 0.4975 0.2636 
        D159 10 0.0259 0.9409 0.0332 
        D160 10 0.0400 0.8382 0.1218 
        D161 10 0.3765 0.2959 0.3275 
        D162 10 0.0688 0.4604 0.4707 
        D169 10 0.8680 0.0934 0.0386 
        D170 10 0.8259 0.0720 0.1021 
        D171 10 0.2225 0.1269 0.6507 
        D172 10 0.2660 0.3886 0.3454 
        D173 10 0.0564 0.9183 0.0253 
        D181 10 0.0983 0.3181 0.5836 
        D182 10 0.4205 0.5327 0.0468 
        D183 10 0.1176 0.0636 0.8187 
        D184 10 0.9522 0.0220 0.0259 
        D185 10 0.5008 0.2121 0.2871 
        D186 10 0.9155 0.0572 0.0273 
        D194 10 0.6288 0.0975 0.2737 
        D195 10 0.1006 0.6861 0.2132 
        D196 10 0.0498 0.6336 0.3165 
        D197 10 0.7648 0.1925 0.0428 
        D198 10 0.5602 0.0528 0.3870 
     D237226 10 0.2113 0.7428 0.0459 
     D237232 10 0.1282 0.5785 0.2933 
     D237233 10 0.0928 0.7282 0.1790 
     D237234 10 0.1388 0.2891 0.5721 
     D237354 10 0.0251 0.9488 0.0260 
     D237355 10 0.1080 0.8412 0.0509 
     D237356 10 0.2898 0.0380 0.6722 
     D237357 10 0.3789 0.5135 0.1075 
     D237358 10 0.7111 0.1766 0.1123 
     D237369 10 0.8870 0.0802 0.0328 
     D237370 10 0.0923 0.1914 0.7163 
     D237371 10 0.6288 0.1721 0.1991 
     D237372 10 0.6643 0.3001 0.0355 
     D237373 10 0.0847 0.5790 0.3363 
     D237374 10 0.0400 0.8685 0.0915 
     D237375 10 0.3773 0.4433 0.1794 
     D237400 10 0.0240 0.9539 0.0221 
     D244002 10 0.8904 0.0653 0.0443 
     D244003 10 0.0445 0.8488 0.1067 
     D244004 10 0.0730 0.0796 0.8474 
     D244005 10 0.3381 0.6162 0.0457 
     D244020 10 0.1928 0.2061 0.6011 
     D244021 10 0.5653 0.3323 0.1023 
     D244116 10 0.5208 0.2258 0.2534 
     D244117 10 0.0731 0.5801 0.3468 
     D244121 10 0.1414 0.3201 0.5385 
     D244123 10 0.1205 0.4659 0.4136 
     D244124 10 0.3238 0.5299 0.1463 
        D332 10 0.1717 0.1388 0.6895 
        D570 10 0.0886 0.0818 0.8296 
        D602 10 0.2134 0.2478 0.5388 
        D603 10 0.1725 0.4679 0.3596 
        D604 10 0.1222 0.6497 0.2281 
        D605 10 0.1903 0.3296 0.4801 
        D606 10 0.6599 0.0654 0.2747 
        D607 10 0.4019 0.1606 0.4375 
        D608 10 0.0234 0.9522 0.0245 
        D609 10 0.1347 0.0439 0.8215 
        D610 10 0.3921 0.2447 0.3632 
        D611 10 0.0262 0.0470 0.9268 
        D613 10 0.1112 0.3051 0.5837 
        D633 10 0.2101 0.4991 0.2909 
        D634 10 0.3262 0.2028 0.4710 
        D638 10 0.0252 0.9450 0.0298 
        D681 10 0.2976 0.1860 0.5163 
        D754 10 0.4902 0.1604 0.3494 
        D755 10 0.0302 0.7982 0.1716 
        D756 10 0.2553 0.3155 0.4291 
        D757 10 0.2858 0.5489 0.1653 
        D758 10 0.4057 0.2801 0.3141 
        D759 10 0.0686 0.7876 0.1438 
        D760 10 0.1600 0.5091 0.3309 
        D761 10 0.0194 0.9546 0.0260 
        D762 10 0.3043 0.1813 0.5144 
        D775 10 0.0954 0.4651 0.4395 
        D776 10 0.0642 0.8824 0.0534 
        D777 10 0.2462 0.4718 0.2820 
        D778 10 0.1833 0.7729 0.0437 
        D779 10 0.3246 0.3364 0.3390 
        D780 10 0.0666 0.7942 0.1392 
        D781 10 0.1679 0.3120 0.5202 
        D858 10 0.9106 0.0731 0.0163 
        D933 10 0.3156 0.3612 0.3232 
        D038 11 0.1776 0.7014 0.1211 
        D063 11 0.1021 0.6152 0.2828 
        D155 11 0.1682 0.5810 0.2508 
        D175 11 0.3675 0.1216 0.5109 
        D176 11 0.0817 0.7983 0.1199 
        D205 11 0.1642 0.0357 0.8001 
     D237229 11 0.3975 0.5408 0.0618 
     D237230 11 0.6944 0.2046 0.1010 
     D237231 11 0.1257 0.2290 0.6453 
     D237269 11 0.1840 0.6429 0.1731 
     D237270 11 0.7080 0.1651 0.1270 
     D237271 11 0.1119 0.1486 0.7395 
     D237272 11 0.6005 0.1834 0.2161 
     D237273 11 0.0579 0.2286 0.7135 
     D237301 11 0.1010 0.1646 0.7344 
     D237302 11 0.5285 0.3347 0.1368 
     D237303 11 0.7923 0.1644 0.0434 
     D237304 11 0.2217 0.2391 0.5392 
     D237305 11 0.6740 0.1744 0.1516 
     D237314 11 0.1792 0.4446 0.3762 
     D237315 11 0.7452 0.1450 0.1097 
     D237316 11 0.1032 0.0540 0.8428 
     D237328 11 0.4422 0.0343 0.5235 
     D237329 11 0.3880 0.4765 0.1355 
     D237330 11 0.0529 0.3431 0.6040 
     D237331 11 0.2233 0.5660 0.2107 
     D237332 11 0.2266 0.1190 0.6543 
     D237333 11 0.0463 0.8265 0.1273 
     D237334 11 0.2945 0.1299 0.5757 
     D237335 11 0.1614 0.0711 0.7675 
     D237336 11 0.1796 0.7362 0.0842 
     D237350 11 0.0577 0.1490 0.7933 
     D237383 11 0.4001 0.4366 0.1633 
     D237384 11 0.5303 0.1699 0.2998 
     D237385 11 0.2787 0.4111 0.3102 
     D237386 11 0.1497 0.2970 0.5532 
     D237387 11 0.3599 0.0718 0.5682 
     D237388 11 0.0722 0.0875 0.8403 
        D239 11 0.1513 0.4818 0.3669 
        D240 11 0.0795 0.8898 0.0307 
        D241 11 0.7768 0.1599 0.0634 
        D242 11 0.2159 0.4769 0.3072 
        D243 11 0.2022 0.2629 0.5349 
        D244 11 0.1019 0.0631 0.8350 
        D245 11 0.6170 0.3079 0.0751 
        D246 11 0.1450 0.0975 0.7575 
        D247 11 0.3840 0.4795 0.1365 
        D248 11 0.0875 0.2282 0.6843 
        D249 11 0.5128 0.1048 0.3824 
        D250 11 0.0546 0.2070 0.7383 
        D251 11 0.1835 0.0931 0.7235 
        D252 11 0.3818 0.0531 0.5652 
        D253 11 0.2291 0.3997 0.3712 
        D254 11 0.8315 0.1360 0.0325 
        D255 11 0.0710 0.0444 0.8846 
        D256 11 0.2737 0.3872 0.3391 
        D257 11 0.8429 0.0901 0.0669 
        D258 11 0.8321 0.0457 0.1223 
        D259 11 0.8264 0.1166 0.0570 
        D260 11 0.3083 0.3310 0.3606 
        D261 11 0.1148 0.2016 0.6836 
        D262 11 0.5170 0.4218 0.0612 
        D263 11 0.2001 0.0550 0.7450 
        D264 11 0.5870 0.1401 0.2729 
        D265 11 0.4161 0.3944 0.1895 
        D266 11 0.1062 0.3499 0.5438 
        D267 11 0.2068 0.0901 0.7031 
        D268 11 0.0599 0.1144 0.8256 
        D269 11 0.1338 0.0334 0.8328 
        D270 11 0.4855 0.1444 0.3701 
        D271 11 0.3561 0.3321 0.3118 
        D272 11 0.1621 0.5820 0.2559 
        D273 11 0.9346 0.0300 0.0353 
        D274 11 0.2700 0.1350 0.5949 
        D275 11 0.2050 0.1718 0.6232 
        D276 11 0.0620 0.0415 0.8964 
        D277 11 0.2092 0.1376 0.6532 
        D278 11 0.1553 0.3107 0.5340 
        D282 11 0.8609 0.0340 0.1051 
        D296 11 0.1445 0.3266 0.5288 
        D297 11 0.1613 0.0548 0.7839 
        D298 11 0.1189 0.3327 0.5484 
        D299 11 0.0608 0.0858 0.8534 
        D300 11 0.1096 0.7971 0.0933 
        D382 11 0.1564 0.0304 0.8132 
        D383 11 0.2504 0.0732 0.6764 
        D387 11 0.1638 0.5252 0.3110 
        D388 11 0.3540 0.2332 0.4127 
        D389 11 0.0521 0.1396 0.8083 
        D390 11 0.1212 0.1886 0.6903 
        D396 11 0.1237 0.7031 0.1731 
        D397 11 0.7938 0.0663 0.1399 
        D398 11 0.4213 0.2606 0.3181 
        D399 11 0.3849 0.3264 0.2887 
        D437 11 0.4956 0.4507 0.0537 
        D441 11 0.0677 0.2262 0.7061 
        D442 11 0.1718 0.5611 0.2672 
        D443 11 0.0637 0.6223 0.3140 
        D444 11 0.1708 0.2101 0.6191 
        D445 11 0.4771 0.0475 0.4755 
        D446 11 0.7342 0.2012 0.0646 
        D451 11 0.3914 0.1125 0.4961 
        D452 11 0.1092 0.6865 0.2043 
        D453 11 0.1852 0.0974 0.7174 
        D454 11 0.6627 0.2613 0.0760 
        D457 11 0.3762 0.2242 0.3996 
        D458 11 0.1426 0.0996 0.7578 
        D466 11 0.1080 0.8420 0.0500 
        D467 11 0.0653 0.1315 0.8032 
        D475 11 0.8974 0.0507 0.0519 
        D488 11 0.1755 0.5657 0.2588 
        D489 11 0.6096 0.2092 0.1812 
        D493 11 0.8314 0.0562 0.1124 
        D494 11 0.1686 0.2282 0.6032 
        D495 11 0.3211 0.6439 0.0351 
        D496 11 0.0266 0.9070 0.0664 
        D674 11 0.0829 0.8602 0.0570 
        D675 11 0.0429 0.8956 0.0615 
        D676 11 0.1801 0.0508 0.7690 
        D680 11 0.2128 0.5999 0.1873 
        D701 11 0.2559 0.6425 0.1016 
        D702 11 0.7602 0.1506 0.0892 
        D703 11 0.2042 0.5746 0.2213 
        D704 11 0.2297 0.2421 0.5282 
        D705 11 0.8913 0.0519 0.0568 
        D706 11 0.1859 0.7412 0.0729 
        D707 11 0.4568 0.1128 0.4304 
        D751 11 0.3775 0.0961 0.5264 
        D752 11 0.1344 0.6757 0.1899 
        D753 11 0.4720 0.2400 0.2880 
        D773 11 0.9631 0.0156 0.0213 
        D774 11 0.1490 0.6195 0.2314 
        D801 11 0.1497 0.2919 0.5584 
        D802 11 0.8170 0.0750 0.1080 
        D803 11 0.1263 0.4678 0.4059 
        D804 11 0.4464 0.3845 0.1691 
        D805 11 0.5221 0.2077 0.2701 
        D806 11 0.8871 0.0537 0.0592 
        D809 11 0.1051 0.1738 0.7211 
        D810 11 0.0783 0.1751 0.7467 
        D812 11 0.4605 0.1169 0.4226 
        D813 11 0.0904 0.8423 0.0672 
        D823 11 0.1324 0.1590 0.7086 
        D824 11 0.1055 0.4102 0.4843 
        D829 11 0.1959 0.3197 0.4844 
        D830 11 0.7366 0.0487 0.2147 
        D831 11 0.2175 0.7122 0.0703 
        D832 11 0.3903 0.4851 0.1246 
        D833 11 0.0586 0.1005 0.8408 
        D834 11 0.0714 0.0586 0.8700 
        D835 11 0.6729 0.0955 0.2316 
        D855 11 0.1751 0.1174 0.7075 
        D863 11 0.0246 0.9561 0.0193 
        D864 11 0.1732 0.1557 0.6711 
        D878 11 0.1110 0.1591 0.7299 
        D879 11 0.7876 0.0419 0.1705 
        D880 11 0.0467 0.7022 0.2511 
        D881 11 0.1071 0.1791 0.7138 
        D882 11 0.1309 0.7676 0.1015 
        D909 11 0.1527 0.3138 0.5335 
        D921 11 0.0648 0.1211 0.8141 
        D924 11 0.0573 0.7618 0.1808 
        D935 11 0.1420 0.0528 0.8053 
        D940 11 0.0408 0.9187 0.0405 
        D941 11 0.1813 0.3634 0.4553 
        D942 11 0.8589 0.0286 0.1125 
        D980 11 0.3262 0.3055 0.3683 
        D981 11 0.7042 0.0801 0.2157 
        D982 11 0.0459 0.8271 0.1270 
        D983 11 0.0495 0.0583 0.8922 
        D984 11 0.1008 0.2388 0.6604 
        D992 11 0.6718 0.1521 0.1762 
        D993 11 0.1552 0.0278 0.8170 
        D994 11 0.2059 0.4187 0.3754 
        D995 11 0.7220 0.0339 0.2441 
        H354 11 0.7500 0.0676 0.1824 
        D005 12 0.4763 0.4475 0.0762 
        D035 12 0.4188 0.4590 0.1221 
        D067 12 0.1985 0.2404 0.5611 
        D134 12 0.2003 0.6444 0.1553 
        D135 12 0.4335 0.3252 0.2413 
        D136 12 0.6558 0.0546 0.2896 
        D137 12 0.3305 0.5703 0.0992 
        D138 12 0.2347 0.4290 0.3363 
        D139 12 0.0963 0.4706 0.4331 
        D140 12 0.5838 0.2116 0.2046 
        D141 12 0.9505 0.0259 0.0236 
        D150 12 0.7464 0.1005 0.1531 
        D177 12 0.1165 0.7902 0.0933 
        D178 12 0.2198 0.2096 0.5706 
        D179 12 0.5367 0.2360 0.2273 
        D180 12 0.7013 0.1441 0.1545 
        D187 12 0.2376 0.6283 0.1341 
        D188 12 0.9526 0.0217 0.0257 
        D191 12 0.8299 0.1296 0.0405 
        D418 12 0.8560 0.1025 0.0415 
        D601 12 0.8548 0.0569 0.0884 
        D836 12 0.8674 0.0904 0.0422 
        D837 12 0.2465 0.4594 0.2941 
        D838 12 0.0697 0.6156 0.3147 
        D839 12 0.1308 0.8191 0.0501 
        D840 12 0.1479 0.6452 0.2069 
        D841 12 0.5162 0.2805 0.2033 
        D842 12 0.9367 0.0451 0.0182 
        D843 12 0.2005 0.2562 0.5433 
        D844 12 0.4969 0.4663 0.0367 
        D912 12 0.0796 0.1924 0.7280 
        D913 12 0.0230 0.9537 0.0234 
