        D174  1 0.0457 0.1706 0.0947 0.6891 
        D199  1 0.2376 0.0940 0.4021 0.2662 
        D203  1 0.2921 0.2258 0.3525 0.1296 
        D204  1 0.0468 0.0433 0.8577 0.0521 
     D237366  1 0.1639 0.4806 0.2157 0.1398 
     D237367  1 0.1217 0.4412 0.3305 0.1065 
     D237368  1 0.1099 0.5049 0.2831 0.1022 
     D244101  1 0.1939 0.0421 0.7182 0.0458 
     D244102  1 0.1468 0.2552 0.2344 0.3636 
     D244103  1 0.1252 0.4137 0.3504 0.1107 
     D244104  1 0.0932 0.0771 0.6896 0.1400 
     D244105  1 0.0627 0.7475 0.1470 0.0428 
     D244106  1 0.2042 0.0790 0.0791 0.6377 
     D244107  1 0.0888 0.6673 0.2072 0.0368 
     D244108  1 0.0716 0.2001 0.1452 0.5831 
     D244113  1 0.0393 0.0428 0.0391 0.8788 
     D244114  1 0.2951 0.1203 0.2923 0.2923 
     D244115  1 0.0686 0.2064 0.2333 0.4917 
     D267365  1 0.0855 0.0849 0.4883 0.3413 
        D404  1 0.0570 0.0557 0.0580 0.8293 
        D405  1 0.1475 0.1339 0.1733 0.5454 
        D406  1 0.0325 0.8248 0.0924 0.0504 
        D407  1 0.1853 0.3159 0.4213 0.0775 
        D408  1 0.1441 0.0695 0.0934 0.6929 
        D409  1 0.2217 0.3154 0.3605 0.1024 
        D410  1 0.0240 0.7999 0.1093 0.0668 
        D421  1 0.1005 0.0581 0.7737 0.0677 
        D422  1 0.0517 0.8553 0.0704 0.0226 
        D423  1 0.0368 0.8755 0.0583 0.0294 
        D424  1 0.0378 0.1807 0.7119 0.0696 
        D425  1 0.0513 0.0806 0.5478 0.3203 
        D426  1 0.3965 0.3196 0.2349 0.0489 
        D427  1 0.5900 0.0520 0.2141 0.1439 
        D428  1 0.1005 0.2060 0.3481 0.3454 
        D429  1 0.0946 0.1045 0.4675 0.3334 
        D430  1 0.3152 0.1421 0.2178 0.3249 
        D491  1 0.0332 0.0556 0.1681 0.7430 
        D492  1 0.0884 0.1950 0.4210 0.2956 
        D537  1 0.0501 0.1647 0.6690 0.1162 
        D538  1 0.1473 0.3959 0.1995 0.2573 
        D539  1 0.2583 0.2175 0.1086 0.4156 
        D540  1 0.1203 0.3017 0.4071 0.1709 
        D541  1 0.0354 0.0477 0.8843 0.0326 
        D551  1 0.6831 0.1180 0.1186 0.0804 
        D552  1 0.0882 0.3066 0.3982 0.2070 
        D553  1 0.0478 0.0409 0.8756 0.0356 
        D615  1 0.1673 0.2233 0.4640 0.1455 
        D616  1 0.2311 0.3203 0.3409 0.1077 
        D621  1 0.0550 0.6589 0.0759 0.2102 
        D622  1 0.0537 0.7999 0.0721 0.0742 
        D623  1 0.1988 0.0591 0.1205 0.6217 
        D624  1 0.0546 0.0727 0.0912 0.7814 
        D625  1 0.0389 0.1342 0.7307 0.0962 
        D626  1 0.0865 0.2620 0.1283 0.5232 
        D627  1 0.3347 0.2991 0.3107 0.0554 
        D690  1 0.0250 0.0982 0.7804 0.0964 
        D691  1 0.0452 0.7682 0.1206 0.0660 
        D710  1 0.0737 0.0945 0.6226 0.2092 
        D711  1 0.0470 0.0726 0.7953 0.0852 
        D712  1 0.0691 0.0881 0.0756 0.7672 
        D713  1 0.0438 0.1237 0.2402 0.5923 
        D746  1 0.0432 0.8115 0.1054 0.0399 
        D747  1 0.0554 0.0324 0.8745 0.0377 
        D748  1 0.0543 0.3586 0.4709 0.1161 
        D749  1 0.1517 0.5538 0.0809 0.2135 
        D750  1 0.0406 0.0909 0.2667 0.6018 
        D763  1 0.3641 0.1339 0.4084 0.0936 
        D764  1 0.0389 0.1660 0.5740 0.2210 
        D765  1 0.0434 0.7167 0.0712 0.1687 
        D766  1 0.0410 0.5816 0.2548 0.1226 
        D767  1 0.1501 0.2951 0.3484 0.2064 
        D768  1 0.0392 0.0528 0.8766 0.0315 
        D811  1 0.0502 0.1098 0.0540 0.7859 
        D816  1 0.0295 0.0498 0.8325 0.0881 
        D825  1 0.0401 0.1973 0.1585 0.6041 
        D866  1 0.4541 0.0826 0.1128 0.3504 
        D867  1 0.0532 0.8282 0.0579 0.0606 
        D871  1 0.2185 0.2958 0.3921 0.0936 
        D872  1 0.0514 0.2850 0.5262 0.1374 
        D873  1 0.0264 0.9098 0.0237 0.0401 
        D874  1 0.0906 0.0375 0.5751 0.2968 
        D875  1 0.1220 0.5360 0.2855 0.0565 
        D876  1 0.0393 0.0836 0.7327 0.1444 
        D877  1 0.0412 0.0395 0.0883 0.8310 
        D892  1 0.0317 0.2160 0.4205 0.3318 
        D893  1 0.0944 0.1533 0.6970 0.0553 
        D894  1 0.0975 0.1053 0.6790 0.1183 
        D915  1 0.0596 0.2884 0.5461 0.1058 
        D916  1 0.0297 0.0643 0.8616 0.0444 
        D917  1 0.1463 0.0727 0.4421 0.3390 
        D925  1 0.0444 0.6472 0.1827 0.1258 
        D926  1 0.0664 0.1424 0.6025 0.1886 
        D927  1 0.3000 0.0819 0.5151 0.1029 
        D928  1 0.0268 0.0363 0.1029 0.8340 
        D929  1 0.0771 0.2168 0.2116 0.4945 
        D936  1 0.1378 0.0538 0.7322 0.0762 
        D938  1 0.0313 0.8630 0.0563 0.0494 
        D956  1 0.0808 0.0866 0.0645 0.7681 
        D957  1 0.0563 0.4446 0.3694 0.1297 
        D958  1 0.0308 0.2615 0.5034 0.2043 
        D959  1 0.1503 0.3551 0.4269 0.0677 
        D960  1 0.0364 0.8297 0.0583 0.0757 
        D989  1 0.1705 0.0480 0.1361 0.6454 
        D990  1 0.0804 0.8231 0.0333 0.0632 
        D023  2 0.0450 0.5860 0.3292 0.0398 
        D130  2 0.0540 0.8046 0.1081 0.0333 
        D131  2 0.1588 0.1641 0.5988 0.0784 
        D163  2 0.0408 0.7861 0.1193 0.0538 
        D164  2 0.4260 0.5120 0.0364 0.0256 
        D165  2 0.0719 0.7124 0.1819 0.0338 
        D166  2 0.1929 0.3334 0.2204 0.2533 
        D167  2 0.8315 0.0381 0.0296 0.1009 
        D192  2 0.8962 0.0330 0.0274 0.0434 
        D193  2 0.1027 0.1153 0.0660 0.7160 
        D206  2 0.3125 0.2999 0.2743 0.1133 
        D207  2 0.6994 0.0729 0.1382 0.0895 
        D208  2 0.3196 0.0860 0.1074 0.4870 
        D209  2 0.5376 0.1658 0.1970 0.0996 
        D210  2 0.3720 0.0635 0.1592 0.4054 
     D229599  2 0.1733 0.1581 0.4856 0.1830 
     D229600  2 0.3798 0.5008 0.0615 0.0580 
     D237227  2 0.1229 0.1641 0.1018 0.6112 
     D237228  2 0.1582 0.3796 0.0453 0.4169 
     D237258  2 0.3302 0.2466 0.1965 0.2267 
     D237310  2 0.1235 0.6510 0.0371 0.1884 
     D237311  2 0.2300 0.6341 0.0391 0.0968 
     D237312  2 0.0569 0.5601 0.0679 0.3151 
     D237313  2 0.1026 0.2706 0.3893 0.2376 
     D237322  2 0.4397 0.1598 0.1203 0.2802 
     D237323  2 0.0624 0.6311 0.0395 0.2671 
     D237324  2 0.4057 0.4259 0.1319 0.0365 
     D237325  2 0.0879 0.5624 0.0793 0.2704 
     D237326  2 0.0547 0.6387 0.1810 0.1255 
     D237327  2 0.5715 0.0958 0.2609 0.0718 
     D237337  2 0.0385 0.7649 0.0781 0.1185 
     D237338  2 0.1863 0.4216 0.1589 0.2332 
     D237339  2 0.3827 0.0647 0.4857 0.0669 
     D237340  2 0.2490 0.2780 0.0511 0.4219 
     D237389  2 0.1059 0.7267 0.0456 0.1218 
     D237390  2 0.0698 0.4362 0.1423 0.3518 
     D244017  2 0.2630 0.0781 0.0796 0.5792 
     D244112  2 0.7976 0.1089 0.0293 0.0642 
     D244118  2 0.5562 0.3537 0.0365 0.0536 
     D244119  2 0.3166 0.0496 0.0402 0.5935 
     D244120  2 0.5861 0.0872 0.0400 0.2866 
     D244122  2 0.6671 0.1032 0.0550 0.1747 
        D291  2 0.6077 0.1478 0.1593 0.0851 
        D292  2 0.4026 0.0730 0.3239 0.2006 
        D293  2 0.5677 0.0257 0.3822 0.0244 
        D322  2 0.3778 0.0671 0.5185 0.0367 
        D323  2 0.2752 0.1120 0.3361 0.2767 
        D324  2 0.2484 0.2248 0.3923 0.1345 
        D325  2 0.8648 0.0374 0.0804 0.0173 
        D326  2 0.0494 0.0305 0.8796 0.0405 
        D340  2 0.9016 0.0308 0.0401 0.0275 
        D341  2 0.8251 0.0645 0.0614 0.0490 
        D342  2 0.6663 0.2009 0.0632 0.0696 
        D343  2 0.9215 0.0218 0.0408 0.0159 
        D344  2 0.1258 0.1389 0.5901 0.1452 
        D345  2 0.0774 0.2514 0.5871 0.0842 
        D346  2 0.1495 0.0677 0.1358 0.6470 
        D351  2 0.1532 0.1760 0.6138 0.0570 
        D352  2 0.2175 0.1972 0.3247 0.2607 
        D353  2 0.0769 0.0388 0.8361 0.0481 
        D354  2 0.0538 0.1497 0.4799 0.3166 
        D362  2 0.0581 0.1199 0.7109 0.1111 
        D363  2 0.0590 0.0889 0.7003 0.1518 
        D364  2 0.0512 0.1244 0.6649 0.1595 
        D365  2 0.8718 0.0238 0.0730 0.0314 
        D369  2 0.2821 0.1534 0.3559 0.2086 
        D374  2 0.0271 0.0285 0.0282 0.9161 
        D375  2 0.0752 0.2450 0.4347 0.2450 
        D376  2 0.0559 0.0625 0.0372 0.8444 
        D377  2 0.1251 0.2992 0.1366 0.4390 
        D378  2 0.1926 0.0783 0.6920 0.0371 
        D379  2 0.0520 0.0606 0.8167 0.0708 
        D384  2 0.0403 0.0310 0.8623 0.0664 
        D385  2 0.8368 0.0405 0.0491 0.0736 
        D386  2 0.1060 0.0767 0.7585 0.0588 
        D391  2 0.7935 0.0379 0.1302 0.0384 
        D392  2 0.6371 0.1041 0.1463 0.1124 
        D393  2 0.1726 0.0647 0.7297 0.0330 
        D394  2 0.1351 0.4238 0.2907 0.1503 
        D395  2 0.6387 0.0858 0.1946 0.0808 
        D401  2 0.0512 0.8112 0.0309 0.1067 
        D402  2 0.8846 0.0315 0.0495 0.0344 
        D403  2 0.1022 0.2961 0.5122 0.0895 
        D415  2 0.0429 0.1366 0.7818 0.0388 
        D435  2 0.2958 0.1009 0.5706 0.0327 
        D436  2 0.1037 0.1335 0.4522 0.3106 
        D438  2 0.8977 0.0297 0.0297 0.0430 
        D439  2 0.1768 0.2111 0.5605 0.0515 
        D449  2 0.6718 0.0805 0.1955 0.0522 
        D450  2 0.0915 0.1730 0.3839 0.3515 
        D456  2 0.0276 0.0301 0.9092 0.0331 
        D462  2 0.7862 0.0353 0.1551 0.0234 
        D463  2 0.0231 0.0285 0.9073 0.0411 
        D464  2 0.1502 0.0559 0.6430 0.1509 
        D465  2 0.3920 0.1937 0.3503 0.0641 
        D473  2 0.0696 0.1411 0.0849 0.7044 
        D474  2 0.1809 0.0841 0.6602 0.0747 
        D476  2 0.1847 0.5524 0.2285 0.0343 
        D477  2 0.0776 0.0717 0.6944 0.1563 
        D478  2 0.1328 0.2281 0.2949 0.3442 
        D480  2 0.2401 0.0477 0.6014 0.1109 
        D481  2 0.1295 0.1530 0.5403 0.1772 
        D482  2 0.2596 0.1761 0.1343 0.4300 
        D483  2 0.8135 0.0477 0.0399 0.0989 
        D484  2 0.2856 0.1372 0.1882 0.3891 
        D510  2 0.0767 0.0420 0.0482 0.8331 
        D511  2 0.1515 0.0763 0.7199 0.0523 
        D512  2 0.1929 0.6751 0.0750 0.0570 
        D513  2 0.6082 0.1092 0.1699 0.1126 
        D635  2 0.0680 0.2068 0.6771 0.0481 
        D636  2 0.0314 0.8644 0.0657 0.0385 
        D637  2 0.4222 0.1207 0.1462 0.3109 
        D658  2 0.5374 0.1117 0.0693 0.2816 
        D659  2 0.0939 0.0857 0.7528 0.0675 
        D677  2 0.2185 0.3343 0.3554 0.0917 
        D678  2 0.7566 0.0927 0.0521 0.0986 
        D679  2 0.1692 0.0816 0.6156 0.1336 
        D719  2 0.1785 0.0414 0.4067 0.3734 
        D720  2 0.0692 0.0959 0.6919 0.1430 
        D721  2 0.1351 0.5098 0.2924 0.0627 
        D722  2 0.0568 0.0568 0.0504 0.8360 
        D734  2 0.2200 0.0342 0.2354 0.5104 
        D735  2 0.1589 0.1234 0.5867 0.1310 
        D736  2 0.2662 0.0991 0.2169 0.4178 
        D737  2 0.6256 0.1334 0.0933 0.1476 
        D807  2 0.1718 0.1084 0.3172 0.4027 
        D808  2 0.2332 0.4030 0.2941 0.0696 
        D817  2 0.0648 0.1139 0.5459 0.2754 
        D818  2 0.5722 0.1282 0.2234 0.0762 
        D819  2 0.1022 0.2861 0.4476 0.1641 
        D820  2 0.0559 0.0339 0.8662 0.0440 
        D895  2 0.0862 0.2372 0.5655 0.1111 
        D896  2 0.0311 0.8328 0.0379 0.0982 
        D897  2 0.7931 0.0860 0.0584 0.0625 
        D898  2 0.1702 0.2617 0.2499 0.3182 
        D918  2 0.2855 0.4301 0.1308 0.1536 
        D919  2 0.2749 0.0733 0.5934 0.0584 
        D920  2 0.0571 0.8347 0.0468 0.0614 
        D923  2 0.0412 0.0519 0.8556 0.0513 
        D930  2 0.0994 0.1192 0.5443 0.2371 
        D931  2 0.1915 0.0663 0.5898 0.1524 
        D968  2 0.8748 0.0285 0.0688 0.0279 
        D969  2 0.2894 0.0548 0.5755 0.0802 
        D977  2 0.8182 0.0766 0.0638 0.0414 
        D978  2 0.6820 0.0653 0.1327 0.1201 
        D211  3 0.0909 0.6842 0.1628 0.0620 
     D229639  3 0.6469 0.0589 0.1114 0.1828 
     D237212  3 0.3958 0.1888 0.3247 0.0908 
     D237213  3 0.1510 0.4784 0.2842 0.0863 
     D237214  3 0.0576 0.7142 0.1375 0.0908 
     D237215  3 0.6715 0.0375 0.0317 0.2593 
     D237216  3 0.3805 0.3727 0.1541 0.0927 
     D237217  3 0.0964 0.6706 0.1977 0.0353 
     D237218  3 0.5602 0.1078 0.2717 0.0603 
     D237219  3 0.1341 0.5268 0.0556 0.2835 
     D237382  3 0.1565 0.2300 0.2074 0.4060 
     D244127  3 0.1956 0.6886 0.0529 0.0629 
     D244129  3 0.1801 0.3163 0.3893 0.1143 
     D244133  3 0.2368 0.2339 0.1150 0.4143 
     D244134  3 0.2994 0.2005 0.1110 0.3891 
     D244135  3 0.1056 0.7388 0.1098 0.0458 
     D244136  3 0.1647 0.1062 0.2736 0.4556 
        D416  3 0.3978 0.2047 0.2976 0.0999 
        D417  3 0.0496 0.1610 0.7183 0.0711 
        D419  3 0.2414 0.3411 0.2280 0.1895 
        D565  3 0.0528 0.0468 0.1084 0.7920 
        D566  3 0.3983 0.0670 0.1086 0.4261 
        D567  3 0.0501 0.1844 0.6863 0.0791 
        D568  3 0.2595 0.3379 0.3542 0.0484 
        D569  3 0.4177 0.2139 0.2386 0.1299 
        D573  3 0.6937 0.0514 0.2138 0.0411 
        D574  3 0.1020 0.1281 0.0983 0.6716 
        D575  3 0.1596 0.3209 0.1946 0.3249 
        D576  3 0.7949 0.0455 0.0211 0.1385 
        D577  3 0.0652 0.1242 0.7000 0.1106 
        D578  3 0.0538 0.8776 0.0325 0.0361 
        D579  3 0.2607 0.1129 0.3581 0.2683 
        D660  3 0.5674 0.2671 0.0613 0.1042 
        D661  3 0.7435 0.0863 0.1226 0.0476 
        D663  3 0.7957 0.0496 0.0905 0.0642 
        D664  3 0.1993 0.3806 0.0515 0.3686 
        D665  3 0.2064 0.6584 0.0746 0.0606 
        D666  3 0.0922 0.3312 0.1810 0.3956 
        D009  4 0.0927 0.5509 0.2725 0.0839 
        D057  4 0.4364 0.2330 0.2384 0.0922 
        D109  4 0.0515 0.7584 0.0810 0.1091 
     D237222  4 0.0720 0.6670 0.0690 0.1921 
     D237223  4 0.1830 0.5287 0.0962 0.1921 
     D237224  4 0.3947 0.0788 0.4207 0.1058 
     D237225  4 0.1538 0.3947 0.3243 0.1272 
     D237299  4 0.3121 0.5107 0.0800 0.0972 
     D237300  4 0.8301 0.0484 0.0401 0.0815 
     D237306  4 0.0646 0.1374 0.1131 0.6849 
     D237307  4 0.1665 0.1122 0.2913 0.4300 
     D237308  4 0.4974 0.1528 0.1448 0.2050 
     D237309  4 0.1303 0.3173 0.4654 0.0871 
     D237317  4 0.0724 0.1082 0.3256 0.4939 
     D237318  4 0.8649 0.0340 0.0473 0.0538 
     D237319  4 0.1710 0.4668 0.1825 0.1797 
     D237320  4 0.3478 0.4017 0.1715 0.0790 
     D237321  4 0.6462 0.0991 0.1294 0.1252 
     D237397  4 0.3251 0.2270 0.1209 0.3270 
     D237398  4 0.6891 0.0697 0.1992 0.0420 
     D237399  4 0.2346 0.1687 0.3251 0.2716 
     D244001  4 0.1362 0.6784 0.0858 0.0995 
        D289  4 0.2164 0.1026 0.4137 0.2672 
        D290  4 0.2679 0.1293 0.3081 0.2946 
        D294  4 0.1857 0.0882 0.5522 0.1740 
        D295  4 0.0891 0.2270 0.4583 0.2256 
        D301  4 0.1166 0.7219 0.0460 0.1154 
        D302  4 0.0520 0.0772 0.7806 0.0903 
        D303  4 0.0785 0.0673 0.0802 0.7740 
        D304  4 0.3079 0.0623 0.2794 0.3504 
        D305  4 0.4414 0.2523 0.2612 0.0451 
        D306  4 0.1278 0.1356 0.2863 0.4502 
        D307  4 0.0577 0.7953 0.0368 0.1102 
        D327  4 0.1096 0.0877 0.6557 0.1470 
        D328  4 0.0665 0.0892 0.0961 0.7481 
        D329  4 0.3605 0.1398 0.3625 0.1372 
        D330  4 0.0779 0.3752 0.4868 0.0601 
        D331  4 0.2220 0.1758 0.2850 0.3172 
        D333  4 0.2517 0.1934 0.1856 0.3694 
        D334  4 0.0566 0.0911 0.2015 0.6508 
        D335  4 0.0927 0.0699 0.7151 0.1223 
        D370  4 0.0822 0.2021 0.1224 0.5932 
        D371  4 0.0656 0.0451 0.1342 0.7551 
        D372  4 0.8023 0.0497 0.0385 0.1096 
        D373  4 0.1690 0.7032 0.0662 0.0616 
        D455  4 0.0857 0.7720 0.0880 0.0543 
        D490  4 0.0302 0.8745 0.0448 0.0506 
        D497  4 0.0497 0.8448 0.0548 0.0507 
        D498  4 0.1756 0.2001 0.1366 0.4877 
        D499  4 0.4969 0.0936 0.1177 0.2918 
        D514  4 0.0872 0.1215 0.7056 0.0857 
        D515  4 0.1313 0.5949 0.1525 0.1212 
        D516  4 0.1549 0.3523 0.2231 0.2697 
        D517  4 0.1086 0.7432 0.1023 0.0459 
        D518  4 0.1507 0.2976 0.2622 0.2895 
        D519  4 0.2601 0.5486 0.1354 0.0558 
        D560  4 0.3424 0.3984 0.2060 0.0531 
        D561  4 0.1378 0.4207 0.4065 0.0351 
        D562  4 0.2396 0.2543 0.2627 0.2434 
        D563  4 0.6052 0.1234 0.2151 0.0563 
        D572  4 0.1140 0.1503 0.5595 0.1762 
        D629  4 0.0881 0.2569 0.5702 0.0848 
        D630  4 0.1897 0.2452 0.3222 0.2429 
        D631  4 0.4539 0.1200 0.2618 0.1642 
        D632  4 0.1860 0.6079 0.1385 0.0676 
        D646  4 0.1621 0.4124 0.3516 0.0738 
        D647  4 0.1132 0.1894 0.6496 0.0479 
        D648  4 0.0688 0.0764 0.0640 0.7909 
        D649  4 0.0471 0.2750 0.6118 0.0660 
        D650  4 0.1320 0.2175 0.3808 0.2698 
        D708  4 0.1020 0.1024 0.1249 0.6707 
        D709  4 0.1231 0.1798 0.2428 0.4544 
        D738  4 0.0584 0.1932 0.1690 0.5795 
        D739  4 0.1420 0.5261 0.1478 0.1841 
        D740  4 0.3701 0.2771 0.0959 0.2569 
        D741  4 0.3533 0.3532 0.2414 0.0522 
        D742  4 0.5879 0.1138 0.1281 0.1702 
        D743  4 0.1039 0.0573 0.7651 0.0737 
        D744  4 0.2108 0.0930 0.6350 0.0612 
        D745  4 0.1430 0.7072 0.0804 0.0694 
        D814  4 0.7180 0.1258 0.0872 0.0689 
        D815  4 0.1081 0.1189 0.5409 0.2321 
        D828  4 0.2080 0.0701 0.0433 0.6786 
        D845  4 0.8296 0.0295 0.0684 0.0725 
        D846  4 0.3210 0.1558 0.4814 0.0418 
        D847  4 0.2195 0.2592 0.3514 0.1699 
        D848  4 0.2903 0.6162 0.0489 0.0446 
        D849  4 0.0834 0.7383 0.1022 0.0761 
        D850  4 0.2219 0.2550 0.3701 0.1531 
        D856  4 0.1264 0.4741 0.2184 0.1811 
        D857  4 0.0633 0.8070 0.0244 0.1053 
        D859  4 0.2751 0.1232 0.4156 0.1862 
        D860  4 0.2231 0.0452 0.3109 0.4208 
        D883  4 0.0868 0.2907 0.3249 0.2975 
        D884  4 0.0606 0.3934 0.1690 0.3770 
        D885  4 0.4701 0.1926 0.2506 0.0867 
        D886  4 0.1253 0.4450 0.3152 0.1145 
        D887  4 0.4581 0.1256 0.2560 0.1603 
        D889  4 0.5330 0.0472 0.2572 0.1625 
        D890  4 0.1015 0.1946 0.1381 0.5658 
        D891  4 0.9183 0.0250 0.0327 0.0239 
        D899  4 0.5746 0.0500 0.1105 0.2649 
        D900  4 0.1882 0.1910 0.4257 0.1951 
        D970  4 0.1889 0.1218 0.5524 0.1369 
        D971  4 0.5112 0.1296 0.2406 0.1186 
        D979  4 0.0800 0.0405 0.7844 0.0951 
        D093  5 0.0892 0.0694 0.0796 0.7619 
        D154  5 0.6643 0.0782 0.0814 0.1761 
        D168  5 0.4581 0.3368 0.1300 0.0752 
        D189  5 0.2737 0.0730 0.0712 0.5821 
        D190  5 0.0678 0.0452 0.0668 0.8202 
     D237220  5 0.2061 0.4681 0.1646 0.1611 
     D237221  5 0.2826 0.1110 0.1943 0.4121 
     D237274  5 0.0569 0.0664 0.8272 0.0495 
     D237275  5 0.7889 0.0756 0.0425 0.0930 
     D237276  5 0.1227 0.2727 0.1600 0.4446 
     D237277  5 0.2165 0.0525 0.0892 0.6418 
     D237278  5 0.4232 0.1736 0.0910 0.3122 
     D237279  5 0.0955 0.6967 0.1632 0.0446 
     D237280  5 0.0629 0.5100 0.2521 0.1750 
     D237281  5 0.8421 0.0419 0.0767 0.0392 
     D237351  5 0.0731 0.7074 0.0535 0.1660 
     D237352  5 0.1485 0.4305 0.2814 0.1396 
     D237353  5 0.0644 0.0440 0.0457 0.8460 
     D237359  5 0.3292 0.3313 0.1975 0.1420 
     D237361  5 0.0441 0.0356 0.0409 0.8794 
     D237362  5 0.1418 0.1325 0.2831 0.4426 
     D237363  5 0.4306 0.2162 0.1583 0.1948 
     D237364  5 0.4023 0.2543 0.2774 0.0660 
     D237376  5 0.0751 0.0575 0.0346 0.8327 
     D237377  5 0.0790 0.2616 0.5079 0.1514 
     D237378  5 0.1330 0.0545 0.0442 0.7682 
     D237379  5 0.1198 0.0954 0.0769 0.7078 
     D237380  5 0.0347 0.6482 0.0873 0.2299 
     D237381  5 0.1165 0.5594 0.1413 0.1828 
     D237391  5 0.0901 0.0772 0.1245 0.7082 
     D237392  5 0.1852 0.1257 0.5887 0.1004 
     D237393  5 0.1064 0.1392 0.4764 0.2780 
     D237394  5 0.0347 0.0523 0.0871 0.8259 
     D237395  5 0.2054 0.2001 0.0868 0.5077 
     D237396  5 0.1147 0.1193 0.6702 0.0957 
     D244016  5 0.2412 0.1052 0.2127 0.4408 
     D244018  5 0.5030 0.1353 0.0984 0.2633 
     D244019  5 0.2631 0.0877 0.4151 0.2341 
        D279  5 0.6806 0.1249 0.0789 0.1156 
        D280  5 0.2247 0.1580 0.3648 0.2525 
        D281  5 0.7905 0.0359 0.0830 0.0906 
        D283  5 0.0998 0.0663 0.4057 0.4281 
        D284  5 0.1932 0.5812 0.1135 0.1120 
        D285  5 0.1426 0.0849 0.2390 0.5336 
        D286  5 0.1319 0.1569 0.2258 0.4854 
        D287  5 0.0623 0.0927 0.0421 0.8029 
        D288  5 0.2323 0.0737 0.4743 0.2197 
        D308  5 0.0410 0.7779 0.1365 0.0446 
        D309  5 0.0453 0.0794 0.8240 0.0513 
        D310  5 0.0485 0.0372 0.0485 0.8658 
        D311  5 0.1122 0.0781 0.2280 0.5816 
        D312  5 0.0971 0.1095 0.2896 0.5037 
        D313  5 0.0240 0.9063 0.0257 0.0439 
        D314  5 0.3808 0.2314 0.0896 0.2982 
        D315  5 0.0982 0.1337 0.3136 0.4545 
        D317  5 0.0518 0.0522 0.0770 0.8190 
        D318  5 0.2210 0.2060 0.3807 0.1924 
        D319  5 0.0644 0.0609 0.0566 0.8181 
        D320  5 0.0634 0.0639 0.0784 0.7943 
        D321  5 0.1017 0.6691 0.1119 0.1173 
        D336  5 0.0279 0.0289 0.0438 0.8994 
        D337  5 0.0616 0.0236 0.0587 0.8560 
        D338  5 0.2943 0.2233 0.2982 0.1841 
        D339  5 0.1169 0.0923 0.0661 0.7247 
        D347  5 0.1819 0.0776 0.3549 0.3856 
        D348  5 0.0690 0.0338 0.0999 0.7973 
        D349  5 0.0506 0.7839 0.0521 0.1133 
        D350  5 0.1341 0.0707 0.7059 0.0893 
        D355  5 0.6045 0.0394 0.2700 0.0861 
        D356  5 0.0661 0.1495 0.3259 0.4585 
        D357  5 0.2138 0.1703 0.2033 0.4126 
        D358  5 0.0928 0.1175 0.2395 0.5502 
        D359  5 0.0520 0.0597 0.4742 0.4142 
        D360  5 0.0581 0.1446 0.2516 0.5457 
        D361  5 0.0426 0.8434 0.0598 0.0542 
        D366  5 0.3089 0.1054 0.5242 0.0614 
        D367  5 0.0625 0.0896 0.0564 0.7916 
        D368  5 0.1108 0.3336 0.2012 0.3544 
        D380  5 0.1498 0.1612 0.6137 0.0753 
        D381  5 0.1747 0.0960 0.1920 0.5374 
        D400  5 0.2802 0.0870 0.1536 0.4792 
        D411  5 0.0490 0.8802 0.0335 0.0373 
        D412  5 0.3181 0.2279 0.2003 0.2537 
        D413  5 0.7037 0.0903 0.1476 0.0584 
        D414  5 0.6170 0.0737 0.2256 0.0838 
        D420  5 0.3001 0.3739 0.1075 0.2185 
        D431  5 0.3196 0.2337 0.0594 0.3873 
        D432  5 0.1620 0.1362 0.1542 0.5476 
        D433  5 0.1343 0.0735 0.0979 0.6943 
        D434  5 0.0820 0.1350 0.2553 0.5277 
        D440  5 0.1240 0.1130 0.6835 0.0795 
        D447  5 0.1378 0.1441 0.6621 0.0561 
        D448  5 0.0827 0.0342 0.0785 0.8045 
        D459  5 0.7577 0.0405 0.1293 0.0724 
        D460  5 0.0524 0.6821 0.1622 0.1033 
        D461  5 0.0422 0.0385 0.8575 0.0618 
        D468  5 0.0917 0.1740 0.2165 0.5178 
        D469  5 0.0817 0.1878 0.5741 0.1565 
        D470  5 0.1038 0.3974 0.1351 0.3637 
        D471  5 0.1139 0.0299 0.0926 0.7636 
        D472  5 0.1665 0.0344 0.7589 0.0402 
        D479  5 0.7627 0.0597 0.0817 0.0960 
        D485  5 0.1680 0.1638 0.1647 0.5036 
        D486  5 0.0734 0.2801 0.1720 0.4745 
        D487  5 0.4894 0.0902 0.0793 0.3412 
        D555  5 0.0808 0.0377 0.0467 0.8348 
        D556  5 0.2939 0.1417 0.1757 0.3887 
        D557  5 0.0660 0.0434 0.0907 0.8000 
        D564  5 0.0774 0.1726 0.2069 0.5432 
        D594  5 0.1673 0.1439 0.3762 0.3127 
        D595  5 0.1776 0.1069 0.2169 0.4986 
        D596  5 0.0509 0.0435 0.0413 0.8643 
        D597  5 0.3545 0.0604 0.2907 0.2943 
        D598  5 0.1185 0.1861 0.1989 0.4965 
        D617  5 0.2195 0.6744 0.0415 0.0646 
        D618  5 0.1976 0.0738 0.1478 0.5808 
        D619  5 0.0832 0.3053 0.2976 0.3139 
        D620  5 0.8478 0.0426 0.0707 0.0389 
        D628  5 0.1461 0.2453 0.2955 0.3131 
        D714  5 0.3045 0.0856 0.0811 0.5288 
        D715  5 0.1739 0.0509 0.1918 0.5835 
        D716  5 0.3075 0.0830 0.2187 0.3908 
        D717  5 0.0933 0.1326 0.5698 0.2043 
        D718  5 0.1652 0.3246 0.0455 0.4647 
        D769  5 0.1852 0.6551 0.0695 0.0902 
        D770  5 0.4584 0.0828 0.1072 0.3516 
        D771  5 0.4541 0.1380 0.1599 0.2481 
        D772  5 0.1116 0.0916 0.2314 0.5654 
        D782  5 0.3331 0.4593 0.1404 0.0673 
        D783  5 0.5831 0.0761 0.1132 0.2276 
        D784  5 0.0880 0.0728 0.7283 0.1109 
        D785  5 0.0453 0.0909 0.0827 0.7810 
        D786  5 0.0855 0.5872 0.2636 0.0637 
        D821  5 0.0353 0.0250 0.0384 0.9013 
        D822  5 0.1246 0.0689 0.5868 0.2197 
        D826  5 0.3946 0.0703 0.1014 0.4337 
        D827  5 0.1505 0.0939 0.6527 0.1029 
        D851  5 0.1660 0.1878 0.3569 0.2892 
        D852  5 0.4064 0.1541 0.1143 0.3252 
        D853  5 0.1728 0.1205 0.1855 0.5212 
        D854  5 0.3941 0.2036 0.2555 0.1468 
        D861  5 0.3551 0.1782 0.1446 0.3222 
        D862  5 0.0638 0.0832 0.3445 0.5086 
        D865  5 0.0981 0.0733 0.0529 0.7757 
        D868  5 0.0776 0.0989 0.7074 0.1161 
        D869  5 0.0502 0.8171 0.0556 0.0770 
        D870  5 0.2207 0.4007 0.3374 0.0411 
        D907  5 0.0747 0.1048 0.0614 0.7591 
        D908  5 0.4503 0.0818 0.0710 0.3969 
        D910  5 0.2931 0.0572 0.1154 0.5343 
        D911  5 0.7129 0.0357 0.1802 0.0712 
        D934  5 0.4851 0.0811 0.1495 0.2843 
        D946  5 0.3931 0.2062 0.0837 0.3170 
        D947  5 0.2356 0.1624 0.4519 0.1501 
        D948  5 0.0495 0.6944 0.0939 0.1621 
        D949  5 0.0490 0.7360 0.0918 0.1232 
        D950  5 0.7613 0.0358 0.1367 0.0661 
        D951  5 0.0590 0.1082 0.6831 0.1497 
        D952  5 0.1034 0.0890 0.6458 0.1618 
        D953  5 0.0783 0.0792 0.1634 0.6790 
        D954  5 0.0625 0.0895 0.5299 0.3180 
        D961  5 0.1651 0.1528 0.0898 0.5923 
        D962  5 0.0300 0.0490 0.1321 0.7889 
        D963  5 0.1263 0.0574 0.4033 0.4129 
        D964  5 0.2621 0.3332 0.1562 0.2486 
        D965  5 0.2196 0.1662 0.2572 0.3570 
        D966  5 0.2197 0.0809 0.2752 0.4242 
        D967  5 0.3350 0.2061 0.1587 0.3002 
        D991  5 0.0801 0.3422 0.2203 0.3574 
        D502  6 0.4911 0.3165 0.1116 0.0807 
        D503  6 0.5330 0.3231 0.0542 0.0897 
        D504  6 0.1546 0.1157 0.5737 0.1560 
        D505  6 0.2373 0.1461 0.2231 0.3935 
        D506  6 0.0341 0.0353 0.0558 0.8748 
        D507  6 0.4590 0.2400 0.1687 0.1322 
        D508  6 0.2307 0.1040 0.5249 0.1404 
        D529  6 0.1583 0.3437 0.2604 0.2376 
        D530  6 0.1230 0.1982 0.0589 0.6198 
        D531  6 0.1927 0.1311 0.4061 0.2702 
        D532  6 0.1321 0.0897 0.2917 0.4864 
        D534  6 0.0626 0.7814 0.1124 0.0436 
        D535  6 0.0637 0.1128 0.2905 0.5329 
        D536  6 0.7942 0.1179 0.0423 0.0456 
        D554  6 0.0707 0.1645 0.0957 0.6691 
        D587  6 0.0838 0.0620 0.1443 0.7099 
        D588  6 0.0804 0.1082 0.3573 0.4541 
        D589  6 0.5680 0.1248 0.1016 0.2056 
        D590  6 0.7744 0.0928 0.0705 0.0624 
        D591  6 0.3737 0.2405 0.1867 0.1991 
        D592  6 0.0909 0.7323 0.0903 0.0865 
        D593  6 0.1193 0.1022 0.0455 0.7330 
        D682  6 0.0765 0.0681 0.0603 0.7951 
        D683  6 0.0704 0.0997 0.6740 0.1559 
        D684  6 0.5104 0.3613 0.0921 0.0362 
        D685  6 0.4576 0.2832 0.0629 0.1963 
        D686  6 0.0503 0.0849 0.0832 0.7816 
        D724  6 0.2109 0.2355 0.4593 0.0943 
        D725  6 0.3052 0.1438 0.1355 0.4155 
        D726  6 0.0414 0.0490 0.0675 0.8421 
        D727  6 0.4458 0.1396 0.2706 0.1440 
        D728  6 0.0618 0.0870 0.0791 0.7720 
        D729  6 0.1858 0.4961 0.2661 0.0520 
        D730  6 0.2873 0.3388 0.2813 0.0926 
        D731  6 0.2350 0.0317 0.0347 0.6985 
        D732  6 0.1473 0.1495 0.5161 0.1872 
        D733  6 0.1835 0.2620 0.2718 0.2827 
     D237251  7 0.5625 0.1144 0.0923 0.2308 
     D237252  7 0.4069 0.4292 0.0905 0.0734 
     D237253  7 0.4860 0.1007 0.1582 0.2551 
     D237254  7 0.0603 0.8466 0.0630 0.0301 
     D237255  7 0.7639 0.0568 0.0726 0.1068 
     D237256  7 0.6264 0.0551 0.1910 0.1275 
     D237257  7 0.1717 0.5649 0.1690 0.0944 
     D237282  7 0.1150 0.1603 0.6841 0.0406 
     D237283  7 0.0593 0.8689 0.0295 0.0423 
     D237284  7 0.0466 0.8181 0.0933 0.0420 
     D237285  7 0.2605 0.0955 0.1149 0.5291 
     D237286  7 0.2033 0.1389 0.3903 0.2675 
     D237287  7 0.5361 0.1489 0.2169 0.0981 
     D244006  7 0.0473 0.8414 0.0753 0.0360 
     D244007  7 0.4972 0.1597 0.2537 0.0893 
     D244008  7 0.0656 0.7968 0.0482 0.0894 
     D244009  7 0.0791 0.6139 0.1523 0.1547 
     D244010  7 0.2699 0.4939 0.1379 0.0983 
     D244011  7 0.3117 0.1632 0.1197 0.4054 
     D244012  7 0.4695 0.2541 0.1844 0.0920 
     D244013  7 0.4168 0.0994 0.2165 0.2673 
     D244014  7 0.3518 0.3700 0.1246 0.1536 
     D244015  7 0.1319 0.5908 0.2015 0.0758 
     D244125  7 0.2731 0.0883 0.2779 0.3607 
     D244126  7 0.0365 0.8959 0.0423 0.0252 
     D244130  7 0.1785 0.4531 0.1473 0.2211 
     D244131  7 0.1238 0.1829 0.4318 0.2615 
     D244132  7 0.0581 0.0803 0.4289 0.4327 
        D520  7 0.0890 0.4791 0.1400 0.2919 
        D521  7 0.1809 0.2417 0.3140 0.2634 
        D522  7 0.0897 0.5305 0.2982 0.0816 
        D523  7 0.7116 0.0838 0.0855 0.1191 
        D524  7 0.4107 0.1970 0.1338 0.2585 
        D525  7 0.3269 0.5478 0.0687 0.0566 
        D526  7 0.0561 0.8290 0.0839 0.0310 
        D527  7 0.1961 0.2283 0.4168 0.1587 
        D528  7 0.1533 0.4361 0.3725 0.0381 
        D558  7 0.1981 0.1878 0.5520 0.0621 
        D559  7 0.2871 0.1770 0.4923 0.0437 
        D640  7 0.2566 0.1197 0.2041 0.4196 
        D641  7 0.2349 0.2413 0.0556 0.4682 
        D642  7 0.1960 0.5755 0.1028 0.1257 
        D644  7 0.1512 0.3172 0.1311 0.4005 
        D645  7 0.4236 0.1948 0.1409 0.2407 
        D662  7 0.0366 0.5628 0.2445 0.1561 
        D687  7 0.4521 0.1467 0.2454 0.1559 
        D688  7 0.1870 0.2692 0.4751 0.0686 
        D689  7 0.1999 0.1703 0.2957 0.3341 
        D700  7 0.2002 0.3371 0.4331 0.0296 
        D797  7 0.2315 0.1688 0.2837 0.3160 
        D798  7 0.0541 0.7282 0.1436 0.0741 
        D799  7 0.5414 0.2567 0.1062 0.0956 
        D800  7 0.1611 0.1052 0.6769 0.0569 
        D132  8 0.0463 0.8240 0.0644 0.0653 
        D133  8 0.8539 0.0844 0.0338 0.0279 
        D200  8 0.4067 0.1088 0.2087 0.2757 
        D500  8 0.0272 0.8673 0.0499 0.0557 
        D614  8 0.0797 0.1851 0.1621 0.5732 
        D723  8 0.1695 0.3834 0.3582 0.0889 
        D888  8 0.7931 0.0498 0.0925 0.0645 
        D901  8 0.2815 0.4991 0.0558 0.1636 
        D902  8 0.0979 0.1081 0.0791 0.7150 
        D903  8 0.0883 0.0669 0.6490 0.1958 
        D904  8 0.1292 0.1981 0.5199 0.1528 
        D905  8 0.7231 0.0398 0.0342 0.2029 
        D906  8 0.6026 0.1417 0.1982 0.0574 
        D937  8 0.0710 0.0637 0.0302 0.8351 
        D943  8 0.2693 0.4611 0.1804 0.0892 
        D972  8 0.1266 0.4848 0.2716 0.1170 
        D973  8 0.0488 0.2078 0.6575 0.0859 
        D974  8 0.1939 0.2591 0.2357 0.3113 
        D975  8 0.2967 0.1324 0.1902 0.3806 
        D976  8 0.2890 0.2751 0.1022 0.3337 
        D201  9 0.5444 0.1418 0.2300 0.0838 
        D202  9 0.5165 0.1701 0.0699 0.2434 
     D237259  9 0.2331 0.3552 0.3681 0.0435 
     D237260  9 0.5435 0.2852 0.0417 0.1297 
     D237262  9 0.0314 0.8610 0.0614 0.0462 
     D237263  9 0.2907 0.4979 0.1390 0.0724 
     D237264  9 0.2164 0.3603 0.1436 0.2798 
     D237265  9 0.7339 0.1141 0.0446 0.1073 
     D237266  9 0.5758 0.2798 0.1000 0.0444 
     D237267  9 0.1459 0.2724 0.1039 0.4778 
     D237268  9 0.0809 0.5805 0.1841 0.1545 
     D237289  9 0.4203 0.1293 0.0612 0.3891 
     D237290  9 0.8538 0.0622 0.0454 0.0385 
     D237291  9 0.7280 0.1095 0.0583 0.1042 
     D237292  9 0.5767 0.3109 0.0559 0.0564 
     D237293  9 0.1669 0.3485 0.1521 0.3325 
     D237294  9 0.2436 0.5702 0.0523 0.1339 
     D237295  9 0.0636 0.2836 0.4144 0.2385 
     D237296  9 0.3055 0.3488 0.1551 0.1906 
     D237297  9 0.1034 0.0975 0.0935 0.7056 
     D237298  9 0.3032 0.2109 0.3735 0.1124 
     D237341  9 0.4566 0.1996 0.2641 0.0798 
     D237342  9 0.1207 0.6591 0.0844 0.1357 
     D237343  9 0.3228 0.4669 0.1222 0.0882 
     D237344  9 0.1986 0.1501 0.0879 0.5635 
     D237345  9 0.0685 0.8254 0.0743 0.0317 
     D237346  9 0.4887 0.2013 0.0597 0.2504 
     D237347  9 0.1925 0.0951 0.1562 0.5562 
     D237348  9 0.2442 0.3769 0.1299 0.2490 
     D237349  9 0.3922 0.2520 0.3137 0.0421 
     D244109  9 0.6726 0.1624 0.1413 0.0237 
     D244110  9 0.7811 0.0922 0.0743 0.0524 
     D244111  9 0.3444 0.1846 0.2791 0.1920 
     D244128  9 0.1167 0.7464 0.0745 0.0624 
     D244137  9 0.0916 0.1582 0.6679 0.0822 
     D244138  9 0.4952 0.1940 0.0918 0.2190 
        D580  9 0.0649 0.6349 0.1627 0.1375 
        D581  9 0.8327 0.0712 0.0476 0.0484 
        D582  9 0.0343 0.8863 0.0377 0.0417 
        D583  9 0.7689 0.1332 0.0413 0.0567 
        D584  9 0.0932 0.2689 0.0558 0.5820 
        D585  9 0.2695 0.6036 0.0717 0.0551 
        D586  9 0.7470 0.0608 0.0667 0.1256 
        D651  9 0.1546 0.1320 0.5111 0.2023 
        D652  9 0.1586 0.4591 0.3423 0.0400 
        D653  9 0.4482 0.1145 0.3513 0.0860 
        D654  9 0.3134 0.2258 0.3929 0.0679 
        D655  9 0.3574 0.1257 0.1854 0.3315 
        D656  9 0.0755 0.7639 0.0756 0.0849 
        D657  9 0.2173 0.4244 0.1796 0.1787 
        D667  9 0.2334 0.1198 0.1176 0.5292 
        D668  9 0.2332 0.4750 0.0861 0.2058 
        D669  9 0.5759 0.1715 0.1194 0.1332 
        D670  9 0.0982 0.1314 0.6627 0.1077 
        D671  9 0.7011 0.1216 0.0902 0.0871 
        D672  9 0.1503 0.7031 0.0691 0.0774 
        D673  9 0.1492 0.3037 0.1780 0.3692 
        D692  9 0.2874 0.5911 0.0664 0.0551 
        D693  9 0.1672 0.3007 0.1740 0.3581 
        D694  9 0.0726 0.8040 0.0445 0.0789 
        D695  9 0.1099 0.5031 0.2911 0.0959 
        D696  9 0.0285 0.0259 0.0398 0.9058 
        D697  9 0.2189 0.1375 0.1778 0.4659 
        D698  9 0.4097 0.1194 0.0626 0.4084 
        D699  9 0.1384 0.1239 0.0473 0.6904 
        D787  9 0.1947 0.3578 0.3856 0.0619 
        D788  9 0.0481 0.1527 0.0749 0.7243 
        D789  9 0.2445 0.3198 0.0683 0.3675 
        D790  9 0.2846 0.3474 0.2233 0.1447 
        D791  9 0.5302 0.0965 0.0512 0.3222 
        D792  9 0.2862 0.2326 0.4133 0.0679 
        D793  9 0.1387 0.0791 0.2635 0.5187 
        D794  9 0.1688 0.1343 0.3316 0.3652 
        D795  9 0.1097 0.6418 0.0389 0.2096 
        D796  9 0.6071 0.1776 0.0789 0.1364 
        D142 10 0.1855 0.1041 0.2043 0.5061 
        D143 10 0.7061 0.0725 0.0771 0.1443 
        D144 10 0.1406 0.2380 0.2649 0.3566 
        D145 10 0.8150 0.0535 0.0711 0.0604 
        D146 10 0.0645 0.6926 0.0909 0.1520 
        D147 10 0.2437 0.3695 0.2322 0.1545 
        D148 10 0.2082 0.2548 0.3904 0.1467 
        D149 10 0.7858 0.0777 0.0822 0.0543 
        D151 10 0.3866 0.3305 0.2014 0.0815 
        D152 10 0.9011 0.0369 0.0324 0.0297 
        D153 10 0.0613 0.1300 0.5420 0.2668 
        D156 10 0.1595 0.0784 0.6641 0.0980 
        D157 10 0.0689 0.1660 0.0805 0.6846 
        D158 10 0.4500 0.1766 0.0596 0.3137 
        D159 10 0.8616 0.0344 0.0563 0.0477 
        D160 10 0.6042 0.0557 0.0295 0.3106 
        D161 10 0.1959 0.1495 0.4037 0.2509 
        D162 10 0.2233 0.0532 0.5398 0.1837 
        D169 10 0.0940 0.7843 0.0765 0.0452 
        D170 10 0.0474 0.6739 0.1112 0.1675 
        D171 10 0.0857 0.1498 0.1420 0.6225 
        D172 10 0.2627 0.2218 0.3381 0.1774 
        D173 10 0.8202 0.0577 0.0966 0.0255 
        D181 10 0.1666 0.0891 0.1624 0.5819 
        D182 10 0.5694 0.2085 0.1507 0.0713 
        D183 10 0.0514 0.0729 0.1017 0.7741 
        D184 10 0.0269 0.8661 0.0783 0.0288 
        D185 10 0.1164 0.2107 0.5443 0.1286 
        D186 10 0.1328 0.7773 0.0432 0.0468 
        D194 10 0.1044 0.5934 0.1645 0.1377 
        D195 10 0.3809 0.0791 0.2092 0.3308 
        D196 10 0.2764 0.0533 0.5079 0.1624 
        D197 10 0.1868 0.6727 0.0447 0.0959 
        D198 10 0.0721 0.2692 0.4419 0.2168 
     D237226 10 0.6142 0.2261 0.1152 0.0445 
     D237232 10 0.3699 0.1624 0.0885 0.3791 
     D237233 10 0.6324 0.1166 0.0528 0.1982 
     D237234 10 0.2003 0.1349 0.1578 0.5069 
     D237354 10 0.8889 0.0270 0.0419 0.0422 
     D237355 10 0.7110 0.0978 0.0744 0.1168 
     D237356 10 0.0454 0.1802 0.3453 0.4291 
     D237357 10 0.4754 0.3074 0.0962 0.1210 
     D237358 10 0.1724 0.3890 0.3497 0.0890 
     D237369 10 0.1353 0.7305 0.0947 0.0395 
     D237370 10 0.1155 0.0794 0.0616 0.7436 
     D237371 10 0.0867 0.2712 0.5614 0.0808 
     D237372 10 0.4212 0.4211 0.1058 0.0519 
     D237373 10 0.3830 0.0799 0.1163 0.4209 
     D237374 10 0.6754 0.0490 0.0458 0.2299 
     D237375 10 0.3662 0.2002 0.3147 0.1189 
     D237400 10 0.8716 0.0321 0.0408 0.0554 
     D244002 10 0.1965 0.5101 0.2398 0.0536 
     D244003 10 0.4168 0.0747 0.0330 0.4754 
     D244004 10 0.0311 0.0406 0.0230 0.9053 
     D244005 10 0.6093 0.2428 0.0960 0.0519 
     D244020 10 0.1334 0.1410 0.3084 0.4172 
     D244021 10 0.4277 0.4027 0.0799 0.0897 
     D244116 10 0.1291 0.5333 0.1779 0.1596 
     D244117 10 0.3309 0.0771 0.0717 0.5204 
     D244121 10 0.1673 0.1127 0.0493 0.6707 
     D244123 10 0.3446 0.1003 0.1002 0.4549 
     D244124 10 0.2989 0.4413 0.0531 0.2067 
        D332 10 0.0921 0.0864 0.6868 0.1347 
        D570 10 0.0561 0.0611 0.1256 0.7571 
        D602 10 0.0791 0.0671 0.7726 0.0813 
        D603 10 0.2594 0.1716 0.1082 0.4608 
        D604 10 0.3619 0.0645 0.4552 0.1183 
        D605 10 0.1584 0.1640 0.5794 0.0982 
        D606 10 0.0497 0.6058 0.0590 0.2854 
        D607 10 0.0608 0.0698 0.8260 0.0434 
        D608 10 0.8673 0.0264 0.0745 0.0318 
        D609 10 0.0498 0.1005 0.2294 0.6202 
        D610 10 0.2123 0.1742 0.3052 0.3083 
        D611 10 0.0279 0.0261 0.0274 0.9185 
        D613 10 0.1244 0.0778 0.5679 0.2298 
        D633 10 0.1248 0.1308 0.7020 0.0424 
        D634 10 0.1585 0.1738 0.1263 0.5414 
        D638 10 0.8275 0.0427 0.0502 0.0796 
        D681 10 0.1326 0.2434 0.1021 0.5219 
        D754 10 0.1333 0.4063 0.0501 0.4103 
        D755 10 0.4404 0.0499 0.0270 0.4827 
        D756 10 0.1390 0.1509 0.0609 0.6492 
        D757 10 0.4280 0.2514 0.2050 0.1156 
        D758 10 0.2025 0.3020 0.2130 0.2825 
        D759 10 0.4079 0.0770 0.0744 0.4407 
        D760 10 0.3271 0.1392 0.1602 0.3735 
        D761 10 0.8680 0.0350 0.0301 0.0669 
        D762 10 0.0991 0.0949 0.7340 0.0720 
        D775 10 0.1698 0.0811 0.0420 0.7071 
        D776 10 0.8222 0.0633 0.0371 0.0774 
        D777 10 0.2006 0.1961 0.0766 0.5268 
        D778 10 0.7104 0.2001 0.0397 0.0497 
        D779 10 0.1514 0.2707 0.0639 0.5140 
        D780 10 0.4875 0.0765 0.2193 0.2167 
        D781 10 0.1920 0.0967 0.5645 0.1468 
        D858 10 0.1020 0.8357 0.0356 0.0267 
        D933 10 0.3204 0.0895 0.3976 0.1925 
        D038 11 0.4475 0.1985 0.1741 0.1799 
        D063 11 0.3958 0.0876 0.1122 0.4043 
        D155 11 0.2721 0.1176 0.1479 0.4623 
        D175 11 0.0991 0.2722 0.0619 0.5667 
        D176 11 0.6697 0.0697 0.0403 0.2203 
        D205 11 0.0373 0.1873 0.0646 0.7107 
     D237229 11 0.3494 0.2500 0.3446 0.0559 
     D237230 11 0.1865 0.3053 0.4449 0.0632 
     D237231 11 0.0823 0.0559 0.7918 0.0699 
     D237269 11 0.3311 0.1451 0.3960 0.1277 
     D237270 11 0.0681 0.7511 0.1325 0.0483 
     D237271 11 0.0794 0.1233 0.2116 0.5857 
     D237272 11 0.1969 0.3289 0.4076 0.0666 
     D237273 11 0.1773 0.0691 0.1031 0.6506 
     D237301 11 0.0710 0.0590 0.6668 0.2032 
     D237302 11 0.2130 0.5285 0.1661 0.0924 
     D237303 11 0.1891 0.5901 0.1743 0.0465 
     D237304 11 0.2080 0.2162 0.3715 0.2043 
     D237305 11 0.1372 0.6715 0.0538 0.1374 
     D237314 11 0.2130 0.1836 0.1562 0.4472 
     D237315 11 0.1155 0.6574 0.1678 0.0592 
     D237316 11 0.0440 0.0608 0.7652 0.1301 
     D237328 11 0.0490 0.3192 0.3659 0.2659 
     D237329 11 0.4191 0.3271 0.1259 0.1279 
     D237330 11 0.1552 0.0695 0.0681 0.7072 
     D237331 11 0.2268 0.1160 0.2424 0.4149 
     D237332 11 0.1536 0.1851 0.3621 0.2992 
     D237333 11 0.3874 0.0478 0.0745 0.4904 
     D237334 11 0.0822 0.0799 0.7301 0.1078 
     D237335 11 0.0915 0.2070 0.3505 0.3509 
     D237336 11 0.4828 0.1737 0.1271 0.2164 
     D237350 11 0.1159 0.0680 0.1181 0.6980 
     D237383 11 0.3365 0.3848 0.0724 0.2063 
     D237384 11 0.0795 0.2354 0.6001 0.0850 
     D237385 11 0.2115 0.2417 0.3234 0.2233 
     D237386 11 0.1391 0.1124 0.5461 0.2024 
     D237387 11 0.0699 0.2480 0.5137 0.1683 
     D237388 11 0.0599 0.0500 0.1272 0.7629 
        D239 11 0.2769 0.0898 0.2342 0.3991 
        D240 11 0.7808 0.0836 0.0508 0.0847 
        D241 11 0.3081 0.1955 0.4423 0.0541 
        D242 11 0.2348 0.1229 0.5328 0.1094 
        D243 11 0.1957 0.1534 0.1604 0.4906 
        D244 11 0.0639 0.1519 0.0977 0.6865 
