        D174  1 0.0412 0.4986 0.0454 0.1624 0.1344 0.1180 
        D199  1 0.0540 0.2070 0.2644 0.1015 0.3082 0.0650 
        D203  1 0.0800 0.0866 0.2629 0.1291 0.2705 0.1709 
        D204  1 0.1144 0.0241 0.0369 0.0376 0.7507 0.0364 
     D237366  1 0.2163 0.0944 0.0977 0.1753 0.1048 0.3115 
     D237367  1 0.0770 0.0489 0.0493 0.1595 0.5453 0.1199 
     D237368  1 0.0483 0.1231 0.0698 0.0848 0.1715 0.5025 
     D244101  1 0.3368 0.0377 0.2155 0.0798 0.2912 0.0389 
     D244102  1 0.3398 0.1099 0.0798 0.1802 0.1311 0.1592 
     D244103  1 0.0662 0.0660 0.0432 0.4444 0.2932 0.0869 
     D244104  1 0.0294 0.1244 0.0512 0.0326 0.7129 0.0495 
     D244105  1 0.0620 0.0257 0.0327 0.1968 0.1886 0.4941 
     D244106  1 0.0376 0.6475 0.0969 0.1186 0.0645 0.0348 
     D244107  1 0.0789 0.0212 0.0987 0.0947 0.1543 0.5522 
     D244108  1 0.0584 0.4831 0.0472 0.0664 0.1454 0.1996 
     D244113  1 0.2066 0.5720 0.0466 0.0914 0.0346 0.0488 
     D244114  1 0.1662 0.1349 0.1547 0.3400 0.1299 0.0742 
     D244115  1 0.0435 0.3898 0.0373 0.1363 0.1924 0.2007 
     D267365  1 0.0857 0.3276 0.0734 0.0773 0.3463 0.0898 
        D404  1 0.2120 0.5016 0.0477 0.1650 0.0372 0.0365 
        D405  1 0.2417 0.1961 0.1335 0.1753 0.1580 0.0954 
        D406  1 0.0372 0.0373 0.0187 0.0332 0.0548 0.8187 
        D407  1 0.0219 0.0368 0.0516 0.0835 0.7558 0.0505 
        D408  1 0.0628 0.6211 0.0762 0.1169 0.0868 0.0363 
        D409  1 0.0518 0.0736 0.0497 0.6611 0.1067 0.0572 
        D410  1 0.0420 0.0445 0.0174 0.0404 0.0982 0.7576 
        D421  1 0.0142 0.0291 0.0239 0.0179 0.8985 0.0164 
        D422  1 0.0218 0.0209 0.0424 0.0509 0.0892 0.7748 
        D423  1 0.0236 0.0223 0.0363 0.0376 0.1217 0.7585 
        D424  1 0.0364 0.0505 0.0224 0.0874 0.7372 0.0659 
        D425  1 0.0530 0.1563 0.0323 0.0788 0.6385 0.0410 
        D426  1 0.0257 0.0390 0.1585 0.6072 0.1229 0.0467 
        D427  1 0.0212 0.2157 0.4321 0.0391 0.2572 0.0348 
        D428  1 0.0799 0.2338 0.0489 0.0679 0.4612 0.1082 
        D429  1 0.0666 0.3165 0.0586 0.1135 0.3645 0.0802 
        D430  1 0.0551 0.1968 0.1035 0.4732 0.1151 0.0564 
        D491  1 0.0339 0.7970 0.0195 0.0396 0.0810 0.0290 
        D492  1 0.1000 0.2084 0.0544 0.1485 0.3522 0.1365 
        D537  1 0.0662 0.0364 0.0239 0.0519 0.7486 0.0731 
        D538  1 0.0927 0.1590 0.0682 0.3688 0.0724 0.2388 
        D539  1 0.1906 0.3036 0.1398 0.1585 0.0623 0.1453 
        D540  1 0.0441 0.0897 0.0543 0.2929 0.4410 0.0780 
        D541  1 0.0230 0.0229 0.0301 0.0319 0.8620 0.0301 
        D551  1 0.0626 0.0434 0.5438 0.1642 0.1171 0.0690 
        D552  1 0.0746 0.2824 0.0469 0.0747 0.2305 0.2910 
        D553  1 0.0229 0.0282 0.0206 0.0189 0.8870 0.0224 
        D615  1 0.0393 0.1130 0.1123 0.1424 0.4164 0.1765 
        D616  1 0.0329 0.1092 0.1392 0.1481 0.3404 0.2303 
        D621  1 0.1598 0.1184 0.0314 0.0412 0.0321 0.6171 
        D622  1 0.0729 0.0490 0.0267 0.0483 0.0571 0.7459 
        D623  1 0.3560 0.3609 0.1216 0.0670 0.0408 0.0537 
        D624  1 0.0192 0.8300 0.0287 0.0438 0.0489 0.0295 
        D625  1 0.0723 0.0837 0.0253 0.0963 0.6209 0.1014 
        D626  1 0.0676 0.4251 0.0467 0.0746 0.1986 0.1874 
        D627  1 0.0302 0.0454 0.0553 0.7274 0.1028 0.0390 
        D690  1 0.0347 0.0567 0.0156 0.0313 0.7726 0.0891 
        D691  1 0.0275 0.0488 0.0296 0.0626 0.0987 0.7327 
        D710  1 0.1427 0.1876 0.0567 0.1167 0.3794 0.1169 
        D711  1 0.0633 0.0615 0.0381 0.0513 0.6991 0.0867 
        D712  1 0.0813 0.6594 0.0599 0.0704 0.0524 0.0765 
        D713  1 0.3039 0.2215 0.0308 0.1121 0.2256 0.1061 
        D746  1 0.0280 0.0296 0.0230 0.0314 0.0632 0.8248 
        D747  1 0.0339 0.0319 0.0356 0.0289 0.8393 0.0304 
        D748  1 0.1061 0.0484 0.0282 0.1623 0.3840 0.2711 
        D749  1 0.1082 0.1471 0.0556 0.0924 0.0359 0.5607 
        D750  1 0.0434 0.6623 0.0224 0.0362 0.1402 0.0955 
        D763  1 0.3147 0.0360 0.2052 0.1754 0.1837 0.0851 
        D764  1 0.0200 0.2992 0.0211 0.0506 0.4962 0.1129 
        D765  1 0.0232 0.2236 0.0254 0.1012 0.0704 0.5562 
        D766  1 0.1085 0.0612 0.0280 0.0676 0.2333 0.5014 
        D767  1 0.4440 0.0464 0.0714 0.1522 0.1179 0.1681 
        D768  1 0.0191 0.0209 0.0200 0.0287 0.8853 0.0261 
        D811  1 0.0781 0.3768 0.0423 0.3275 0.0776 0.0977 
        D816  1 0.0262 0.0464 0.0220 0.0275 0.8450 0.0329 
        D825  1 0.0501 0.3653 0.0229 0.1831 0.2251 0.1536 
        D866  1 0.0325 0.3383 0.3713 0.1332 0.0608 0.0640 
        D867  1 0.1069 0.0358 0.0387 0.0529 0.0402 0.7256 
        D871  1 0.0489 0.0595 0.0296 0.7670 0.0675 0.0275 
        D872  1 0.0921 0.0611 0.0458 0.1148 0.4052 0.2810 
        D873  1 0.0261 0.0250 0.0147 0.0275 0.0134 0.8934 
        D874  1 0.6793 0.1440 0.0306 0.0550 0.0729 0.0181 
        D875  1 0.0254 0.0235 0.0156 0.8182 0.0510 0.0663 
        D876  1 0.1378 0.1487 0.0346 0.0715 0.5119 0.0955 
        D877  1 0.1895 0.4082 0.0416 0.2617 0.0743 0.0247 
        D892  1 0.1094 0.1746 0.0276 0.1412 0.4109 0.1364 
        D893  1 0.1201 0.0317 0.0558 0.0750 0.6310 0.0864 
        D894  1 0.0508 0.1230 0.0486 0.1807 0.5259 0.0709 
        D915  1 0.0381 0.0578 0.0365 0.0654 0.6539 0.1483 
        D916  1 0.0195 0.0279 0.0187 0.0222 0.8717 0.0401 
        D917  1 0.1373 0.4139 0.1296 0.1105 0.1672 0.0415 
        D925  1 0.0241 0.1125 0.0291 0.0371 0.1339 0.6634 
        D926  1 0.0792 0.1469 0.0459 0.1476 0.5108 0.0696 
        D927  1 0.0869 0.0805 0.3223 0.1313 0.3343 0.0447 
        D928  1 0.0201 0.8347 0.0184 0.0273 0.0796 0.0198 
        D929  1 0.6709 0.0696 0.0233 0.1448 0.0418 0.0497 
        D936  1 0.2203 0.0669 0.1020 0.0588 0.5134 0.0386 
        D938  1 0.0396 0.0295 0.0225 0.0313 0.0365 0.8405 
        D956  1 0.0422 0.6663 0.0410 0.1792 0.0345 0.0368 
        D957  1 0.1124 0.0666 0.0424 0.0844 0.2199 0.4743 
        D958  1 0.0754 0.1474 0.0229 0.0811 0.3765 0.2967 
        D959  1 0.0122 0.0280 0.0411 0.0873 0.7806 0.0508 
        D960  1 0.0361 0.0457 0.0210 0.0324 0.0306 0.8343 
        D989  1 0.0487 0.6569 0.1223 0.0615 0.0743 0.0362 
        D990  1 0.0248 0.0723 0.0673 0.0490 0.0234 0.7632 
        D023  2 0.0262 0.0260 0.0273 0.0572 0.1565 0.7069 
        D130  2 0.0451 0.0231 0.0303 0.0851 0.1023 0.7141 
        D131  2 0.0843 0.0526 0.0779 0.4189 0.3037 0.0625 
        D163  2 0.0365 0.0521 0.0224 0.0460 0.1294 0.7136 
        D164  2 0.0205 0.0133 0.4426 0.0161 0.0189 0.4885 
        D165  2 0.0466 0.0269 0.0349 0.0603 0.0794 0.7519 
        D166  2 0.2147 0.0289 0.0537 0.5640 0.0601 0.0787 
        D167  2 0.0207 0.0457 0.8461 0.0426 0.0206 0.0242 
        D192  2 0.0266 0.0278 0.8844 0.0247 0.0145 0.0219 
        D193  2 0.1930 0.4374 0.0594 0.1594 0.0479 0.1029 
        D206  2 0.0863 0.0471 0.2033 0.1045 0.4620 0.0968 
        D207  2 0.0395 0.0307 0.7088 0.1172 0.0721 0.0317 
        D208  2 0.1448 0.3385 0.2768 0.1006 0.0784 0.0608 
        D209  2 0.2626 0.0515 0.3223 0.1665 0.0876 0.1095 
        D210  2 0.0533 0.5408 0.2278 0.0455 0.0959 0.0367 
     D229599  2 0.3036 0.1302 0.0809 0.1290 0.2313 0.1250 
     D229600  2 0.0372 0.0280 0.2852 0.0977 0.0437 0.5083 
     D237227  2 0.0469 0.5713 0.0871 0.0751 0.0626 0.1570 
     D237228  2 0.0401 0.3388 0.1124 0.1057 0.0227 0.3803 
     D237258  2 0.1079 0.1367 0.2392 0.1599 0.1283 0.2281 
     D237310  2 0.0646 0.0782 0.0485 0.3312 0.0214 0.4561 
     D237311  2 0.0364 0.0546 0.1597 0.0812 0.0261 0.6419 
     D237312  2 0.1830 0.0851 0.0350 0.3619 0.0489 0.2861 
     D237313  2 0.1282 0.1982 0.0508 0.1423 0.3116 0.1690 
     D237322  2 0.2231 0.1329 0.1838 0.3361 0.0500 0.0741 
     D237323  2 0.0506 0.1558 0.0437 0.1111 0.0207 0.6181 
     D237324  2 0.0683 0.0308 0.2756 0.1354 0.0721 0.4178 
     D237325  2 0.1310 0.1039 0.0584 0.1247 0.0533 0.5286 
     D237326  2 0.0348 0.0726 0.0321 0.0377 0.0773 0.7455 
     D237327  2 0.1665 0.0695 0.4345 0.1639 0.0993 0.0662 
     D237337  2 0.0448 0.0778 0.0277 0.0773 0.0525 0.7198 
     D237338  2 0.2270 0.1414 0.1036 0.1191 0.0831 0.3258 
     D237339  2 0.6172 0.0280 0.1812 0.0662 0.0751 0.0323 
     D237340  2 0.1059 0.2254 0.1976 0.1004 0.0311 0.3396 
     D237389  2 0.0567 0.0465 0.0940 0.1559 0.0439 0.6029 
     D237390  2 0.1684 0.1372 0.0437 0.1924 0.1050 0.3532 
     D244017  2 0.0543 0.4013 0.2597 0.1904 0.0411 0.0532 
     D244112  2 0.0264 0.0354 0.7832 0.0829 0.0211 0.0510 
     D244118  2 0.0392 0.0325 0.4513 0.0335 0.0188 0.4247 
     D244119  2 0.0160 0.6254 0.2635 0.0288 0.0278 0.0385 
     D244120  2 0.1092 0.1179 0.5359 0.1709 0.0192 0.0468 
     D244122  2 0.0583 0.0625 0.6975 0.0578 0.0460 0.0779 
        D291  2 0.0528 0.0397 0.4183 0.3029 0.1156 0.0706 
        D292  2 0.0792 0.1542 0.4324 0.0532 0.2242 0.0568 
        D293  2 0.0750 0.0216 0.7196 0.0428 0.1239 0.0171 
        D322  2 0.1463 0.0297 0.5036 0.0948 0.1522 0.0734 
        D323  2 0.2598 0.0902 0.1589 0.2433 0.1881 0.0597 
        D324  2 0.0413 0.1202 0.2019 0.2138 0.2611 0.1618 
        D325  2 0.0305 0.0152 0.8486 0.0323 0.0539 0.0195 
        D326  2 0.0231 0.0361 0.0213 0.0255 0.8796 0.0143 
        D340  2 0.0226 0.0253 0.8714 0.0270 0.0281 0.0256 
        D341  2 0.0594 0.0570 0.7018 0.0693 0.0655 0.0469 
        D342  2 0.0392 0.0287 0.6030 0.1237 0.0390 0.1664 
        D343  2 0.0188 0.0104 0.9091 0.0187 0.0289 0.0142 
        D344  2 0.5078 0.0483 0.0553 0.1110 0.2161 0.0615 
        D345  2 0.2054 0.0853 0.0641 0.1046 0.2731 0.2674 
        D346  2 0.0660 0.5385 0.1264 0.1039 0.1264 0.0389 
        D351  2 0.1527 0.0359 0.1007 0.3042 0.3171 0.0894 
        D352  2 0.7076 0.0822 0.0414 0.0857 0.0425 0.0406 
        D353  2 0.1938 0.0287 0.0527 0.1980 0.5043 0.0225 
        D354  2 0.6165 0.1067 0.0219 0.0743 0.1202 0.0605 
        D362  2 0.0274 0.0430 0.0294 0.0374 0.8184 0.0444 
        D363  2 0.0300 0.0824 0.0359 0.0403 0.7685 0.0430 
        D364  2 0.3350 0.0703 0.0281 0.0622 0.4474 0.0570 
        D365  2 0.0337 0.0275 0.8564 0.0228 0.0447 0.0149 
        D369  2 0.0324 0.2218 0.2328 0.1223 0.2754 0.1153 
        D374  2 0.0889 0.7768 0.0223 0.0455 0.0303 0.0362 
        D375  2 0.8204 0.0249 0.0170 0.0682 0.0397 0.0298 
        D376  2 0.1228 0.7140 0.0308 0.0543 0.0250 0.0531 
        D377  2 0.1758 0.1669 0.0919 0.2838 0.1048 0.1768 
        D378  2 0.3000 0.0368 0.2433 0.0961 0.2504 0.0734 
        D379  2 0.0597 0.0420 0.0260 0.0314 0.8144 0.0265 
        D384  2 0.0206 0.0357 0.0213 0.0152 0.8858 0.0214 
        D385  2 0.1707 0.0527 0.6659 0.0525 0.0355 0.0228 
        D386  2 0.5018 0.0298 0.0691 0.0916 0.2328 0.0749 
        D391  2 0.1067 0.0313 0.7467 0.0347 0.0570 0.0236 
        D392  2 0.0273 0.0857 0.5981 0.0927 0.1014 0.0948 
        D393  2 0.2489 0.0434 0.2212 0.0747 0.3366 0.0751 
        D394  2 0.2138 0.0739 0.0856 0.1425 0.1045 0.3796 
        D395  2 0.6929 0.0258 0.1411 0.0890 0.0290 0.0222 
        D401  2 0.0178 0.0720 0.0458 0.0669 0.0387 0.7588 
        D402  2 0.0597 0.0245 0.8352 0.0395 0.0206 0.0206 
        D403  2 0.1708 0.0338 0.0718 0.1505 0.5071 0.0661 
        D415  2 0.0479 0.0238 0.0265 0.1395 0.6999 0.0624 
        D435  2 0.0676 0.0220 0.2009 0.0365 0.6164 0.0566 
        D436  2 0.5606 0.0754 0.0375 0.0737 0.2115 0.0414 
        D438  2 0.0217 0.0312 0.8755 0.0267 0.0258 0.0192 
        D439  2 0.6572 0.0240 0.0740 0.0990 0.0899 0.0560 
        D449  2 0.0253 0.0347 0.6218 0.0802 0.1989 0.0391 
        D450  2 0.2575 0.2425 0.0331 0.2802 0.1205 0.0662 
        D456  2 0.0204 0.0238 0.0185 0.0328 0.8846 0.0200 
        D462  2 0.1093 0.0173 0.7754 0.0260 0.0501 0.0218 
        D463  2 0.0328 0.0292 0.0150 0.0259 0.8793 0.0178 
        D464  2 0.5450 0.0511 0.0657 0.1878 0.1257 0.0248 
        D465  2 0.0425 0.0393 0.3091 0.1369 0.4047 0.0674 
        D473  2 0.1729 0.5316 0.0475 0.0789 0.0407 0.1285 
        D474  2 0.0405 0.1170 0.1528 0.0495 0.5551 0.0852 
        D476  2 0.4497 0.0213 0.0670 0.0396 0.0413 0.3811 
        D477  2 0.3272 0.1331 0.0585 0.1183 0.2851 0.0777 
        D478  2 0.1646 0.1837 0.0727 0.2986 0.1027 0.1778 
        D480  2 0.2821 0.1642 0.1627 0.1073 0.2466 0.0371 
        D481  2 0.2179 0.1735 0.0751 0.1087 0.2712 0.1536 
        D482  2 0.5758 0.1508 0.0595 0.1076 0.0284 0.0780 
        D483  2 0.0262 0.0778 0.7983 0.0246 0.0269 0.0462 
        D484  2 0.8840 0.0300 0.0254 0.0262 0.0152 0.0192 
        D510  2 0.0573 0.7506 0.0723 0.0484 0.0318 0.0397 
        D511  2 0.6138 0.0299 0.0914 0.0675 0.1380 0.0594 
        D512  2 0.0694 0.0250 0.1506 0.3047 0.0425 0.4077 
        D513  2 0.0437 0.0891 0.5245 0.0886 0.2125 0.0416 
        D635  2 0.0316 0.0628 0.0522 0.1148 0.4637 0.2750 
        D636  2 0.0211 0.0304 0.0218 0.0357 0.0512 0.8397 
        D637  2 0.3865 0.1247 0.2332 0.1508 0.0443 0.0605 
        D658  2 0.3509 0.1278 0.3652 0.0548 0.0292 0.0721 
        D659  2 0.0599 0.0434 0.0521 0.0470 0.7494 0.0484 
        D677  2 0.0961 0.0409 0.0975 0.1055 0.5220 0.1381 
        D678  2 0.0553 0.0318 0.6184 0.1819 0.0395 0.0731 
        D679  2 0.0869 0.0874 0.1232 0.0828 0.5823 0.0375 
        D719  2 0.0550 0.5093 0.1945 0.0351 0.1740 0.0321 
        D720  2 0.0253 0.0720 0.0379 0.0401 0.7753 0.0495 
        D721  2 0.0714 0.0680 0.0842 0.0589 0.1403 0.5772 
        D722  2 0.1004 0.5901 0.0829 0.0989 0.0500 0.0776 
        D734  2 0.5530 0.2620 0.0822 0.0498 0.0338 0.0192 
        D735  2 0.1227 0.1440 0.0904 0.2198 0.2982 0.1248 
        D736  2 0.0723 0.5197 0.1708 0.0615 0.0869 0.0888 
        D737  2 0.3110 0.0643 0.4377 0.0530 0.0291 0.1050 
        D807  2 0.1176 0.2970 0.1647 0.0818 0.2576 0.0813 
        D808  2 0.1010 0.0445 0.1448 0.3691 0.0787 0.2619 
        D817  2 0.1239 0.0741 0.0318 0.1032 0.6242 0.0428 
        D818  2 0.0625 0.0420 0.4118 0.3260 0.1064 0.0514 
        D819  2 0.0610 0.0708 0.0575 0.2837 0.3449 0.1822 
        D820  2 0.1108 0.0383 0.0716 0.0444 0.7148 0.0201 
        D895  2 0.0726 0.0607 0.0502 0.1016 0.5737 0.1413 
        D896  2 0.0282 0.0575 0.0215 0.0439 0.0278 0.8211 
        D897  2 0.0672 0.0427 0.6588 0.1219 0.0529 0.0566 
        D898  2 0.1622 0.1196 0.0689 0.4242 0.1002 0.1249 
        D918  2 0.2029 0.0976 0.1616 0.3006 0.0614 0.1759 
        D919  2 0.4375 0.0342 0.1991 0.1374 0.1527 0.0391 
        D920  2 0.0467 0.0562 0.0290 0.0565 0.0327 0.7789 
        D923  2 0.1317 0.0420 0.0350 0.0570 0.7039 0.0303 
        D930  2 0.2041 0.1676 0.0726 0.2490 0.2280 0.0786 
        D931  2 0.2871 0.0882 0.1392 0.0888 0.3312 0.0655 
        D968  2 0.0233 0.0176 0.8823 0.0261 0.0329 0.0178 
        D969  2 0.0778 0.1175 0.4053 0.0981 0.2442 0.0571 
        D977  2 0.0606 0.0336 0.7165 0.1061 0.0501 0.0332 
        D978  2 0.0659 0.0462 0.2786 0.5414 0.0460 0.0220 
        D211  3 0.0973 0.0452 0.0596 0.3619 0.1339 0.3022 
     D229639  3 0.0449 0.2408 0.4979 0.0582 0.1025 0.0557 
     D237212  3 0.3647 0.0550 0.2013 0.1652 0.1109 0.1029 
     D237213  3 0.2142 0.0319 0.0550 0.3386 0.1184 0.2419 
     D237214  3 0.0311 0.0473 0.0270 0.3596 0.1062 0.4287 
     D237215  3 0.0387 0.1085 0.7341 0.0616 0.0245 0.0327 
     D237216  3 0.1144 0.0595 0.0523 0.5062 0.1140 0.1536 
     D237217  3 0.0392 0.0290 0.0847 0.1678 0.1962 0.4831 
     D237218  3 0.4030 0.0952 0.1504 0.1846 0.0983 0.0684 
     D237219  3 0.0517 0.1836 0.0757 0.1693 0.0952 0.4245 
     D237382  3 0.0874 0.1316 0.0648 0.4792 0.1418 0.0952 
     D244127  3 0.0721 0.0356 0.1422 0.1048 0.0407 0.6045 
     D244129  3 0.1165 0.0725 0.1118 0.2446 0.1956 0.2589 
     D244133  3 0.0243 0.2040 0.1835 0.2825 0.2056 0.1001 
     D244134  3 0.0544 0.4559 0.2119 0.0590 0.0795 0.1392 
     D244135  3 0.0641 0.0260 0.0740 0.1357 0.1319 0.5683 
     D244136  3 0.0473 0.2795 0.1117 0.1441 0.3463 0.0712 
        D416  3 0.0892 0.0593 0.2478 0.2121 0.2545 0.1370 
        D417  3 0.0435 0.0431 0.0251 0.0805 0.7532 0.0545 
        D419  3 0.0840 0.1216 0.2214 0.0998 0.2281 0.2452 
        D565  3 0.0192 0.8308 0.0301 0.0270 0.0687 0.0241 
        D566  3 0.0290 0.4754 0.3082 0.0653 0.0806 0.0416 
        D567  3 0.0631 0.0391 0.0448 0.0569 0.6270 0.1691 
        D568  3 0.2367 0.0366 0.1650 0.0558 0.2948 0.2111 
        D569  3 0.6677 0.0488 0.0844 0.1115 0.0327 0.0550 
        D573  3 0.0322 0.0370 0.7258 0.0523 0.1242 0.0285 
        D574  3 0.0543 0.5724 0.0602 0.1859 0.0565 0.0707 
        D575  3 0.0720 0.1601 0.1003 0.1432 0.3513 0.1731 
        D576  3 0.0368 0.0417 0.7789 0.1030 0.0126 0.0269 
        D577  3 0.1057 0.0623 0.0480 0.1426 0.5783 0.0631 
        D578  3 0.0225 0.0307 0.0336 0.2959 0.0302 0.5870 
        D579  3 0.1353 0.2670 0.1863 0.0844 0.2368 0.0901 
        D660  3 0.1200 0.0285 0.4342 0.2784 0.0343 0.1046 
        D661  3 0.1850 0.0322 0.5532 0.1110 0.0469 0.0717 
        D663  3 0.0704 0.0354 0.6820 0.1083 0.0761 0.0278 
        D664  3 0.0869 0.1208 0.1558 0.2872 0.0486 0.3007 
        D665  3 0.1292 0.0174 0.0505 0.6714 0.0317 0.0998 
        D666  3 0.0973 0.1986 0.0637 0.1826 0.2199 0.2379 
        D009  4 0.2947 0.0519 0.0267 0.1589 0.1604 0.3074 
        D057  4 0.4729 0.0409 0.2141 0.0314 0.0388 0.2019 
        D109  4 0.0519 0.0877 0.0327 0.2757 0.0647 0.4872 
     D237222  4 0.0574 0.1636 0.0582 0.1136 0.0533 0.5539 
     D237223  4 0.1054 0.1377 0.1095 0.1850 0.0924 0.3700 
     D237224  4 0.3941 0.0601 0.2485 0.0880 0.1563 0.0531 
     D237225  4 0.1570 0.0859 0.0512 0.2728 0.2737 0.1594 
     D237299  4 0.0383 0.0583 0.0366 0.7902 0.0218 0.0547 
     D237300  4 0.0414 0.0682 0.7439 0.0784 0.0308 0.0373 
     D237306  4 0.0798 0.5902 0.0467 0.0860 0.1091 0.0881 
     D237307  4 0.0356 0.2621 0.0737 0.1159 0.4671 0.0456 
     D237308  4 0.2157 0.1381 0.3607 0.0513 0.0816 0.1526 
     D237309  4 0.1969 0.0437 0.0671 0.1299 0.3363 0.2261 
     D237317  4 0.0541 0.4504 0.0456 0.0929 0.2962 0.0608 
     D237318  4 0.0197 0.0270 0.8506 0.0564 0.0293 0.0169 
     D237319  4 0.0923 0.0757 0.0725 0.3088 0.1902 0.2605 
     D237320  4 0.0568 0.0630 0.2746 0.1499 0.1537 0.3021 
     D237321  4 0.0512 0.0947 0.6112 0.0757 0.0812 0.0861 
     D237397  4 0.0660 0.3059 0.2336 0.0940 0.1151 0.1853 
     D237398  4 0.0741 0.0339 0.4930 0.2208 0.1371 0.0411 
     D237399  4 0.1199 0.3462 0.1264 0.1523 0.1559 0.0992 
     D244001  4 0.1439 0.0441 0.0829 0.0490 0.0722 0.6078 
        D289  4 0.3264 0.2971 0.1471 0.0768 0.0953 0.0572 
        D290  4 0.2178 0.0392 0.0555 0.5393 0.0950 0.0533 
        D294  4 0.4759 0.0465 0.0491 0.2933 0.0985 0.0367 
        D295  4 0.1742 0.0832 0.0457 0.0984 0.4908 0.1078 
        D301  4 0.0678 0.0660 0.0733 0.0557 0.0352 0.7020 
        D302  4 0.7534 0.0265 0.0203 0.0573 0.1131 0.0294 
        D303  4 0.1208 0.6258 0.0452 0.0593 0.0481 0.1006 
        D304  4 0.1636 0.1579 0.0912 0.4164 0.1304 0.0405 
        D305  4 0.5972 0.0216 0.1134 0.1838 0.0379 0.0461 
        D306  4 0.1399 0.0541 0.0289 0.6678 0.0622 0.0471 
        D307  4 0.0824 0.0739 0.0420 0.0426 0.0258 0.7333 
        D327  4 0.0655 0.0862 0.0470 0.0835 0.6813 0.0364 
        D328  4 0.6374 0.2004 0.0251 0.0638 0.0286 0.0445 
        D329  4 0.4188 0.0720 0.1897 0.1146 0.0798 0.1252 
        D330  4 0.1519 0.0229 0.0486 0.1574 0.4322 0.1869 
        D331  4 0.0957 0.1607 0.1094 0.2792 0.2386 0.1164 
        D333  4 0.3855 0.1694 0.1251 0.0806 0.0970 0.1424 
        D334  4 0.1038 0.5722 0.0378 0.1264 0.1010 0.0588 
        D335  4 0.5593 0.0436 0.0383 0.0510 0.2709 0.0369 
        D370  4 0.2002 0.2599 0.0569 0.1377 0.0933 0.2520 
        D371  4 0.0312 0.7885 0.0309 0.0270 0.1008 0.0216 
        D372  4 0.0517 0.0704 0.5520 0.2757 0.0231 0.0269 
        D373  4 0.1381 0.0389 0.1140 0.0540 0.0497 0.6052 
        D455  4 0.1404 0.0426 0.0499 0.0504 0.0510 0.6657 
        D490  4 0.0687 0.0304 0.0172 0.0420 0.0349 0.8068 
        D497  4 0.1145 0.0347 0.0277 0.0863 0.0341 0.7026 
        D498  4 0.0830 0.2679 0.1038 0.2804 0.1186 0.1463 
        D499  4 0.1576 0.1994 0.3072 0.2489 0.0369 0.0500 
        D514  4 0.2502 0.0297 0.0428 0.2824 0.3513 0.0437 
        D515  4 0.0865 0.0460 0.0503 0.4349 0.0823 0.2999 
        D516  4 0.0507 0.1231 0.0986 0.1086 0.4056 0.2133 
        D517  4 0.0550 0.0316 0.0876 0.0760 0.1143 0.6354 
        D518  4 0.6145 0.0716 0.0441 0.0375 0.0556 0.1767 
        D519  4 0.0459 0.0511 0.1504 0.2967 0.1281 0.3279 
        D560  4 0.1454 0.0324 0.1590 0.3111 0.1642 0.1879 
        D561  4 0.1086 0.0226 0.0581 0.5420 0.1388 0.1300 
        D562  4 0.3476 0.0914 0.0821 0.3263 0.0488 0.1037 
        D563  4 0.3027 0.0310 0.3473 0.1814 0.0519 0.0858 
        D572  4 0.8136 0.0249 0.0280 0.0484 0.0504 0.0347 
        D629  4 0.1710 0.0396 0.0502 0.1577 0.4419 0.1396 
        D630  4 0.2606 0.1005 0.0755 0.2933 0.1556 0.1144 
        D631  4 0.7686 0.0367 0.0880 0.0386 0.0306 0.0373 
        D632  4 0.1468 0.0323 0.1192 0.0495 0.0633 0.5889 
        D646  4 0.0557 0.0532 0.1167 0.0759 0.3964 0.3021 
        D647  4 0.1580 0.0286 0.0996 0.0776 0.4938 0.1424 
        D648  4 0.7590 0.0912 0.0279 0.0700 0.0230 0.0289 
        D649  4 0.1977 0.0409 0.0289 0.0691 0.4039 0.2595 
        D650  4 0.2153 0.1780 0.0621 0.1666 0.2354 0.1427 
        D708  4 0.3390 0.3391 0.0464 0.1536 0.0681 0.0537 
        D709  4 0.2269 0.0931 0.0441 0.4270 0.0915 0.1173 
        D738  4 0.0453 0.5673 0.0300 0.0449 0.1361 0.1764 
        D739  4 0.3347 0.0518 0.0535 0.3457 0.0492 0.1651 
        D740  4 0.1413 0.2201 0.1078 0.3288 0.0352 0.1668 
        D741  4 0.0629 0.0337 0.2572 0.2776 0.2287 0.1399 
        D742  4 0.1967 0.1270 0.4217 0.1340 0.0544 0.0661 
        D743  4 0.4106 0.0513 0.0727 0.0647 0.3723 0.0284 
        D744  4 0.7544 0.0278 0.0613 0.0802 0.0370 0.0393 
        D745  4 0.0703 0.0366 0.0610 0.3507 0.0666 0.4148 
        D814  4 0.1718 0.0349 0.4529 0.1914 0.0968 0.0521 
        D815  4 0.5123 0.0550 0.0564 0.1197 0.1888 0.0679 
        D828  4 0.2428 0.2237 0.1204 0.3463 0.0243 0.0424 
        D845  4 0.0423 0.1552 0.7178 0.0252 0.0365 0.0231 
        D846  4 0.5793 0.0177 0.1259 0.0780 0.1520 0.0472 
        D847  4 0.1702 0.1380 0.1281 0.2982 0.1396 0.1260 
        D848  4 0.0691 0.0390 0.2034 0.0629 0.0297 0.5958 
        D849  4 0.1530 0.0340 0.0407 0.4098 0.0975 0.2650 
        D850  4 0.0608 0.1173 0.1522 0.1726 0.3538 0.1433 
        D856  4 0.0994 0.0616 0.0445 0.5548 0.0742 0.1656 
        D857  4 0.0549 0.0490 0.0482 0.0596 0.0155 0.7728 
        D859  4 0.7469 0.0429 0.0616 0.0486 0.0700 0.0299 
        D860  4 0.1064 0.5433 0.1511 0.0442 0.1171 0.0378 
        D883  4 0.1592 0.1502 0.0547 0.0985 0.3298 0.2076 
        D884  4 0.2188 0.1505 0.0384 0.1498 0.2160 0.2265 
        D885  4 0.2565 0.0552 0.1435 0.2652 0.2107 0.0690 
        D886  4 0.1689 0.0425 0.0684 0.1569 0.2086 0.3548 
        D887  4 0.2796 0.0849 0.2661 0.1761 0.1117 0.0817 
        D889  4 0.2398 0.0450 0.1741 0.4546 0.0637 0.0228 
        D890  4 0.3051 0.1994 0.0714 0.1536 0.1207 0.1497 
        D891  4 0.0181 0.0249 0.8840 0.0327 0.0232 0.0170 
        D899  4 0.1087 0.1370 0.6064 0.0673 0.0409 0.0397 
        D900  4 0.2451 0.0976 0.0884 0.2849 0.1897 0.0943 
        D970  4 0.5682 0.0730 0.0726 0.0827 0.1512 0.0524 
        D971  4 0.1951 0.0989 0.4163 0.1148 0.0922 0.0826 
        D979  4 0.4315 0.0509 0.0363 0.0578 0.3968 0.0267 
        D093  5 0.0487 0.7859 0.0341 0.0451 0.0487 0.0375 
        D154  5 0.0755 0.0930 0.4048 0.3232 0.0614 0.0421 
        D168  5 0.0796 0.0313 0.3377 0.2298 0.1639 0.1578 
        D189  5 0.0735 0.5136 0.1342 0.1569 0.0796 0.0423 
        D190  5 0.0798 0.7626 0.0355 0.0312 0.0555 0.0353 
     D237220  5 0.2404 0.1485 0.0484 0.2908 0.0412 0.2307 
     D237221  5 0.1237 0.3812 0.2148 0.1137 0.0983 0.0682 
     D237274  5 0.1279 0.0363 0.0447 0.0696 0.6671 0.0545 
     D237275  5 0.0256 0.0432 0.7610 0.1143 0.0260 0.0298 
     D237276  5 0.1167 0.2721 0.0573 0.1396 0.2532 0.1611 
     D237277  5 0.0946 0.6082 0.1493 0.0573 0.0557 0.0349 
     D237278  5 0.1355 0.2770 0.2968 0.1178 0.0524 0.1205 
     D237279  5 0.0587 0.0247 0.0294 0.2679 0.0715 0.5478 
     D237280  5 0.0802 0.1226 0.0327 0.0977 0.2666 0.4002 
     D237281  5 0.0275 0.0324 0.8309 0.0416 0.0448 0.0228 
     D237351  5 0.0497 0.1379 0.0354 0.0882 0.0645 0.6243 
     D237352  5 0.2306 0.0903 0.0796 0.1013 0.1668 0.3314 
     D237353  5 0.0508 0.8183 0.0339 0.0313 0.0354 0.0304 
     D237359  5 0.2215 0.1221 0.0929 0.3518 0.0766 0.1351 
     D237361  5 0.0298 0.8321 0.0286 0.0376 0.0443 0.0276 
     D237362  5 0.0828 0.1834 0.0850 0.1652 0.4033 0.0803 
     D237363  5 0.0526 0.0831 0.2050 0.5280 0.0792 0.0521 
     D237364  5 0.3321 0.0222 0.1888 0.2340 0.1266 0.0963 
     D237376  5 0.4116 0.3056 0.0709 0.1555 0.0226 0.0339 
     D237377  5 0.0539 0.1549 0.0590 0.0949 0.2886 0.3487 
     D237378  5 0.2730 0.4720 0.1014 0.0774 0.0308 0.0454 
     D237379  5 0.4520 0.3001 0.0446 0.1319 0.0352 0.0361 
     D237380  5 0.1080 0.1176 0.0207 0.0579 0.0510 0.6448 
     D237381  5 0.1229 0.1277 0.0648 0.0645 0.0734 0.5466 
     D237391  5 0.0353 0.8076 0.0331 0.0400 0.0561 0.0279 
     D237392  5 0.0702 0.0482 0.1725 0.0852 0.5377 0.0862 
     D237393  5 0.0499 0.3239 0.0939 0.0628 0.3552 0.1143 
     D237394  5 0.0322 0.8506 0.0191 0.0271 0.0425 0.0284 
     D237395  5 0.0532 0.3829 0.0918 0.3026 0.0589 0.1106 
     D237396  5 0.0493 0.2345 0.1166 0.0778 0.3614 0.1604 
     D244016  5 0.1953 0.3471 0.0895 0.2807 0.0496 0.0378 
     D244018  5 0.0531 0.2985 0.3445 0.0682 0.1551 0.0806 
     D244019  5 0.1239 0.1118 0.1539 0.3129 0.2505 0.0470 
        D279  5 0.2777 0.1140 0.2634 0.2088 0.0726 0.0635 
        D280  5 0.0727 0.2869 0.1337 0.2601 0.1809 0.0657 
        D281  5 0.0356 0.0825 0.6787 0.1480 0.0342 0.0211 
        D283  5 0.0474 0.5365 0.0595 0.0459 0.2716 0.0391 
        D284  5 0.0753 0.0642 0.0872 0.5423 0.0915 0.1395 
        D285  5 0.1158 0.5667 0.0592 0.1291 0.0883 0.0409 
        D286  5 0.2775 0.2538 0.0615 0.1927 0.1395 0.0750 
        D287  5 0.3794 0.2422 0.0321 0.2583 0.0254 0.0626 
        D288  5 0.0463 0.1542 0.1751 0.1155 0.4637 0.0452 
        D308  5 0.0319 0.0546 0.0282 0.0466 0.1166 0.7222 
        D309  5 0.7808 0.0275 0.0232 0.0462 0.0684 0.0539 
        D310  5 0.0338 0.8202 0.0334 0.0578 0.0353 0.0194 
        D311  5 0.3034 0.2112 0.0386 0.1581 0.2450 0.0438 
        D312  5 0.2651 0.2391 0.0787 0.1625 0.1713 0.0832 
        D313  5 0.0134 0.0376 0.0157 0.0252 0.0214 0.8866 
        D314  5 0.2644 0.1237 0.1555 0.2841 0.0675 0.1048 
        D315  5 0.0771 0.3651 0.0652 0.1489 0.2237 0.1200 
        D317  5 0.0211 0.8531 0.0221 0.0285 0.0539 0.0215 
        D318  5 0.2175 0.1041 0.1197 0.3366 0.1395 0.0826 
        D319  5 0.0266 0.8438 0.0287 0.0379 0.0306 0.0324 
        D320  5 0.1041 0.7111 0.0251 0.0726 0.0437 0.0434 
        D321  5 0.0223 0.1330 0.0749 0.0375 0.1679 0.5644 
        D336  5 0.1020 0.6871 0.0221 0.1272 0.0358 0.0259 
        D337  5 0.0342 0.8317 0.0558 0.0256 0.0350 0.0177 
        D338  5 0.1508 0.2268 0.1115 0.2622 0.1627 0.0861 
        D339  5 0.0356 0.7321 0.0753 0.0691 0.0519 0.0360 
        D347  5 0.1634 0.1501 0.1859 0.2217 0.2400 0.0390 
        D348  5 0.1082 0.7591 0.0374 0.0356 0.0356 0.0242 
        D349  5 0.0406 0.0912 0.0264 0.0422 0.0543 0.7452 
        D350  5 0.8750 0.0215 0.0277 0.0291 0.0246 0.0222 
        D355  5 0.0802 0.0439 0.5510 0.1617 0.1329 0.0303 
        D356  5 0.0784 0.3947 0.0465 0.1371 0.2277 0.1156 
        D357  5 0.1422 0.2256 0.0835 0.3912 0.0768 0.0807 
        D358  5 0.1815 0.4405 0.0621 0.1172 0.0751 0.1237 
        D359  5 0.0621 0.5476 0.0271 0.0558 0.2776 0.0298 
        D360  5 0.0640 0.5602 0.0313 0.1148 0.1508 0.0789 
        D361  5 0.0215 0.0593 0.0313 0.0390 0.0435 0.8054 
        D366  5 0.0317 0.0307 0.1683 0.0368 0.7003 0.0322 
        D367  5 0.1496 0.5983 0.0290 0.1123 0.0366 0.0743 
        D368  5 0.0708 0.3591 0.0541 0.2169 0.1466 0.1524 
        D380  5 0.4587 0.0544 0.0724 0.2166 0.0891 0.1087 
        D381  5 0.0719 0.6718 0.0725 0.0671 0.0717 0.0451 
        D400  5 0.2581 0.3107 0.1729 0.1066 0.0970 0.0547 
        D411  5 0.0354 0.0199 0.0394 0.1951 0.0281 0.6821 
        D412  5 0.1010 0.1559 0.2564 0.2077 0.1243 0.1548 
        D413  5 0.0810 0.0381 0.6160 0.1160 0.1013 0.0476 
        D414  5 0.7475 0.0257 0.1165 0.0563 0.0285 0.0255 
        D420  5 0.0331 0.0750 0.0893 0.6197 0.0440 0.1388 
        D431  5 0.3322 0.0714 0.0815 0.3983 0.0290 0.0877 
        D432  5 0.0709 0.5991 0.0855 0.0472 0.0781 0.1191 
        D433  5 0.0566 0.6530 0.0905 0.0602 0.0829 0.0568 
        D434  5 0.0513 0.6144 0.0383 0.0504 0.1534 0.0922 
        D440  5 0.8546 0.0339 0.0213 0.0381 0.0246 0.0276 
        D447  5 0.1218 0.0409 0.1068 0.1864 0.4164 0.1278 
        D448  5 0.1267 0.5389 0.0781 0.1172 0.1125 0.0266 
        D459  5 0.0797 0.0328 0.7540 0.0547 0.0560 0.0228 
        D460  5 0.0443 0.1089 0.0474 0.0444 0.1194 0.6355 
        D461  5 0.8271 0.0291 0.0229 0.0292 0.0709 0.0208 
        D468  5 0.0661 0.1753 0.0656 0.2940 0.3266 0.0723 
        D469  5 0.1160 0.0967 0.0408 0.1130 0.5332 0.1003 
        D470  5 0.2037 0.1334 0.0563 0.2934 0.1425 0.1707 
        D471  5 0.0715 0.6634 0.0648 0.0889 0.0904 0.0211 
        D472  5 0.0280 0.0321 0.2002 0.0305 0.6840 0.0250 
        D479  5 0.2243 0.0303 0.5970 0.0514 0.0531 0.0439 
        D485  5 0.5453 0.0882 0.0544 0.2212 0.0456 0.0452 
        D486  5 0.1056 0.0812 0.0509 0.4804 0.1734 0.1086 
        D487  5 0.2934 0.3081 0.1961 0.0980 0.0427 0.0616 
        D555  5 0.0315 0.8074 0.0621 0.0351 0.0335 0.0304 
        D556  5 0.3990 0.1472 0.1196 0.1706 0.0764 0.0873 
        D557  5 0.0626 0.7902 0.0457 0.0273 0.0527 0.0215 
        D564  5 0.3461 0.3486 0.0308 0.0964 0.0637 0.1143 
        D594  5 0.1320 0.1532 0.1326 0.1698 0.3332 0.0792 
        D595  5 0.0932 0.4170 0.0964 0.1283 0.1808 0.0843 
        D596  5 0.0292 0.8477 0.0359 0.0277 0.0308 0.0287 
        D597  5 0.1074 0.2773 0.3669 0.0579 0.1483 0.0422 
        D598  5 0.1416 0.4457 0.0641 0.0720 0.0974 0.1792 
        D617  5 0.0400 0.0283 0.1951 0.1698 0.0515 0.5152 
        D618  5 0.1066 0.5846 0.1113 0.0576 0.0923 0.0476 
        D619  5 0.0507 0.2601 0.0816 0.0676 0.2447 0.2953 
        D620  5 0.0348 0.0359 0.8312 0.0191 0.0465 0.0326 
        D628  5 0.6757 0.0808 0.0355 0.0681 0.0340 0.1059 
        D714  5 0.4061 0.2045 0.1727 0.1469 0.0284 0.0413 
        D715  5 0.0385 0.6895 0.0797 0.0496 0.1185 0.0243 
        D716  5 0.2628 0.1080 0.1860 0.2537 0.1601 0.0294 
        D717  5 0.1701 0.2409 0.0678 0.1233 0.2451 0.1528 
        D718  5 0.0703 0.1231 0.0595 0.6366 0.0325 0.0779 
        D769  5 0.1133 0.0512 0.1561 0.1631 0.0595 0.4568 
        D770  5 0.4535 0.1097 0.1973 0.1475 0.0503 0.0416 
        D771  5 0.1586 0.1242 0.2649 0.2516 0.0811 0.1197 
        D772  5 0.6399 0.1450 0.0478 0.0646 0.0585 0.0442 
        D782  5 0.0308 0.0520 0.2572 0.2737 0.0899 0.2964 
        D783  5 0.4589 0.1344 0.2145 0.1106 0.0402 0.0414 
        D784  5 0.3396 0.1645 0.0555 0.1094 0.2543 0.0768 
        D785  5 0.1304 0.6153 0.0266 0.0745 0.0650 0.0882 
        D786  5 0.1410 0.0344 0.0621 0.1026 0.2078 0.4521 
        D821  5 0.0296 0.8920 0.0197 0.0190 0.0233 0.0164 
        D822  5 0.1504 0.1911 0.0968 0.2086 0.2910 0.0622 
        D826  5 0.1311 0.3910 0.2208 0.1175 0.0937 0.0459 
        D827  5 0.1134 0.0586 0.0836 0.1019 0.5836 0.0589 
        D851  5 0.1243 0.2454 0.0867 0.3228 0.0949 0.1258 
        D852  5 0.4709 0.2273 0.1374 0.0466 0.0332 0.0847 
        D853  5 0.1049 0.3473 0.0995 0.2799 0.0959 0.0724 
        D854  5 0.1366 0.0349 0.2023 0.4080 0.1502 0.0680 
        D861  5 0.0952 0.2156 0.2000 0.2467 0.1224 0.1201 
        D862  5 0.1009 0.2705 0.0400 0.1121 0.4285 0.0480 
        D865  5 0.0468 0.7437 0.0617 0.0548 0.0379 0.0550 
        D868  5 0.0565 0.0979 0.0522 0.0712 0.6717 0.0505 
        D869  5 0.0197 0.0434 0.0386 0.1154 0.1161 0.6668 
        D870  5 0.0321 0.0198 0.0665 0.7363 0.0959 0.0495 
        D907  5 0.0326 0.7189 0.0392 0.0923 0.0422 0.0747 
        D908  5 0.2764 0.2837 0.2715 0.0458 0.0364 0.0861 
        D910  5 0.0959 0.3987 0.2574 0.0634 0.1481 0.0365 
        D911  5 0.0473 0.0498 0.6421 0.1466 0.0866 0.0277 
        D934  5 0.4670 0.0565 0.1834 0.2019 0.0612 0.0301 
        D946  5 0.5914 0.0601 0.1151 0.1329 0.0304 0.0702 
        D947  5 0.3486 0.0492 0.0794 0.3297 0.1414 0.0517 
        D948  5 0.0218 0.1693 0.0297 0.0283 0.0730 0.6779 
        D949  5 0.0344 0.0885 0.0259 0.0405 0.0997 0.7110 
        D950  5 0.0608 0.0617 0.6786 0.0915 0.0831 0.0244 
        D951  5 0.1193 0.0592 0.0485 0.3426 0.3423 0.0880 
        D952  5 0.0508 0.1036 0.0500 0.0386 0.7135 0.0435 
        D953  5 0.0601 0.6829 0.0456 0.0574 0.1022 0.0518 
        D954  5 0.0517 0.3565 0.0424 0.1113 0.3867 0.0514 
        D961  5 0.3677 0.1611 0.0519 0.3219 0.0355 0.0619 
        D962  5 0.4124 0.4120 0.0208 0.0668 0.0503 0.0377 
        D963  5 0.2338 0.2702 0.0719 0.0907 0.2957 0.0378 
        D964  5 0.2548 0.0652 0.0816 0.4260 0.0575 0.1150 
        D965  5 0.5978 0.0703 0.0844 0.1301 0.0565 0.0608 
        D966  5 0.3085 0.2506 0.1577 0.0610 0.1825 0.0397 
        D967  5 0.0840 0.2700 0.2877 0.1332 0.0504 0.1747 
        D991  5 0.5142 0.1152 0.0329 0.1014 0.0771 0.1592 
        D502  6 0.1090 0.0159 0.1018 0.6966 0.0242 0.0525 
        D503  6 0.0489 0.0964 0.3437 0.1969 0.0497 0.2644 
        D504  6 0.2195 0.1634 0.0787 0.1172 0.3028 0.1184 
        D505  6 0.1859 0.2956 0.1616 0.1426 0.1148 0.0995 
        D506  6 0.0202 0.8870 0.0170 0.0294 0.0263 0.0201 
        D507  6 0.6076 0.0495 0.0894 0.1156 0.0662 0.0716 
        D508  6 0.2542 0.0395 0.1084 0.4043 0.1447 0.0489 
        D529  6 0.0878 0.1796 0.0740 0.2975 0.1686 0.1926 
        D530  6 0.1588 0.1649 0.0603 0.4312 0.0359 0.1488 
        D531  6 0.1755 0.1411 0.0704 0.2786 0.2580 0.0763 
        D532  6 0.1108 0.2427 0.0831 0.1827 0.3352 0.0455 
        D534  6 0.0592 0.0281 0.0399 0.0691 0.0518 0.7519 
        D535  6 0.0848 0.3288 0.0504 0.1255 0.2856 0.1248 
        D536  6 0.0560 0.0272 0.6450 0.1533 0.0363 0.0821 
        D554  6 0.2498 0.2503 0.0510 0.2571 0.0681 0.1237 
        D587  6 0.0522 0.6916 0.0448 0.0594 0.0975 0.0544 
        D588  6 0.0457 0.5055 0.0579 0.1293 0.1916 0.0700 
        D589  6 0.0855 0.1875 0.3283 0.2637 0.0601 0.0748 
        D590  6 0.0426 0.0455 0.7216 0.0615 0.0609 0.0679 
        D591  6 0.0682 0.1734 0.1789 0.3436 0.1200 0.1160 
        D592  6 0.0287 0.0550 0.0369 0.0510 0.0514 0.7769 
        D593  6 0.3339 0.1325 0.0534 0.4017 0.0222 0.0563 
        D682  6 0.0320 0.8203 0.0306 0.0418 0.0339 0.0415 
        D683  6 0.0613 0.3280 0.0395 0.1405 0.3797 0.0510 
        D684  6 0.0660 0.0271 0.2241 0.4018 0.0603 0.2208 
        D685  6 0.0842 0.0347 0.1175 0.6934 0.0233 0.0468 
        D686  6 0.0848 0.5092 0.0483 0.2234 0.0744 0.0599 
        D724  6 0.2624 0.0293 0.1003 0.3189 0.1745 0.1146 
        D725  6 0.3867 0.0887 0.1428 0.2484 0.0594 0.0740 
        D726  6 0.0455 0.8375 0.0188 0.0369 0.0346 0.0268 
        D727  6 0.0308 0.1033 0.3600 0.1013 0.3466 0.0579 
        D728  6 0.1493 0.5214 0.0325 0.1645 0.0718 0.0604 
        D729  6 0.0193 0.0340 0.1885 0.0809 0.3875 0.2899 
        D730  6 0.2926 0.0461 0.1279 0.1944 0.1777 0.1613 
        D731  6 0.0275 0.7497 0.1469 0.0348 0.0196 0.0215 
        D732  6 0.5711 0.0375 0.0615 0.1096 0.1748 0.0456 
        D733  6 0.6395 0.0586 0.0485 0.1025 0.0486 0.1022 
     D237251  7 0.2907 0.0698 0.3922 0.1300 0.0597 0.0576 
     D237252  7 0.1075 0.0355 0.1991 0.2947 0.0539 0.3094 
     D237253  7 0.1003 0.2031 0.3015 0.2747 0.0820 0.0385 
     D237254  7 0.0248 0.0240 0.0394 0.2626 0.0394 0.6099 
     D237255  7 0.0435 0.0471 0.7753 0.0675 0.0364 0.0303 
     D237256  7 0.1553 0.0547 0.3635 0.3188 0.0842 0.0235 
     D237257  7 0.0676 0.0266 0.0535 0.7087 0.0483 0.0953 
     D237282  7 0.1083 0.0285 0.1257 0.0637 0.5255 0.1483 
     D237283  7 0.0296 0.0321 0.0480 0.3577 0.0189 0.5138 
     D237284  7 0.0495 0.0331 0.0382 0.1189 0.0759 0.6844 
     D237285  7 0.2375 0.1472 0.1867 0.3117 0.0658 0.0511 
     D237286  7 0.2046 0.2318 0.1238 0.2307 0.1243 0.0848 
     D237287  7 0.1074 0.0738 0.4520 0.1393 0.1570 0.0704 
     D244006  7 0.0419 0.0246 0.0328 0.1205 0.0334 0.7468 
     D244007  7 0.0651 0.0668 0.4603 0.1364 0.2078 0.0636 
     D244008  7 0.0278 0.0579 0.0350 0.4538 0.0351 0.3904 
     D244009  7 0.2535 0.0873 0.0334 0.1403 0.0910 0.3945 
     D244010  7 0.0476 0.0330 0.0538 0.7346 0.0370 0.0941 
     D244011  7 0.3369 0.1897 0.0804 0.2635 0.0341 0.0954 
     D244012  7 0.1094 0.0291 0.2035 0.5427 0.0539 0.0614 
     D244013  7 0.3545 0.1526 0.2703 0.0701 0.0705 0.0819 
     D244014  7 0.3438 0.0649 0.1050 0.1606 0.0631 0.2627 
     D244015  7 0.0723 0.0444 0.0910 0.3310 0.1439 0.3173 
     D244125  7 0.0958 0.4245 0.1854 0.0920 0.1481 0.0543 
     D244126  7 0.0707 0.0166 0.0217 0.3593 0.0263 0.5055 
     D244130  7 0.1357 0.0897 0.0750 0.2862 0.0608 0.3525 
     D244131  7 0.1364 0.3392 0.0833 0.0962 0.1646 0.1804 
     D244132  7 0.6062 0.1515 0.0291 0.0500 0.1138 0.0494 
        D520  7 0.0376 0.0713 0.0307 0.7136 0.0558 0.0909 
        D521  7 0.2194 0.0837 0.1178 0.3228 0.1085 0.1479 
        D522  7 0.1111 0.1061 0.0438 0.0620 0.0881 0.5887 
        D523  7 0.1005 0.0849 0.5836 0.1321 0.0477 0.0510 
        D524  7 0.2064 0.2083 0.2683 0.1206 0.0716 0.1249 
        D525  7 0.0612 0.0575 0.2324 0.0884 0.0437 0.5169 
        D526  7 0.0225 0.0232 0.0438 0.1568 0.1030 0.6507 
        D527  7 0.3784 0.1152 0.0522 0.1384 0.2107 0.1051 
        D528  7 0.0202 0.0163 0.0124 0.8989 0.0246 0.0276 
        D558  7 0.7725 0.0213 0.0436 0.0365 0.0423 0.0838 
        D559  7 0.8538 0.0182 0.0308 0.0291 0.0299 0.0383 
        D640  7 0.4257 0.2061 0.1153 0.0824 0.1068 0.0638 
        D641  7 0.2198 0.2413 0.1343 0.1846 0.0318 0.1882 
        D642  7 0.0663 0.0720 0.1256 0.1197 0.0634 0.5530 
        D644  7 0.1683 0.2350 0.1220 0.1247 0.0889 0.2610 
        D645  7 0.1398 0.1747 0.1874 0.1791 0.1802 0.1387 
        D662  7 0.0356 0.1403 0.0220 0.0368 0.1559 0.6094 
        D687  7 0.3829 0.1297 0.0836 0.2825 0.0644 0.0570 
        D688  7 0.3244 0.0327 0.0966 0.1420 0.2606 0.1436 
        D689  7 0.0892 0.1866 0.1219 0.1965 0.3006 0.1051 
        D700  7 0.0232 0.0166 0.0225 0.8880 0.0216 0.0281 
        D797  7 0.2791 0.1576 0.1168 0.1554 0.1766 0.1145 
        D798  7 0.0926 0.0630 0.0307 0.1662 0.0784 0.5691 
        D799  7 0.2684 0.0353 0.2224 0.2479 0.0443 0.1818 
        D800  7 0.1095 0.0311 0.0921 0.1866 0.4513 0.1294 
        D132  8 0.0526 0.0498 0.0353 0.0548 0.0625 0.7449 
        D133  8 0.0286 0.0229 0.8187 0.0568 0.0201 0.0528 
        D200  8 0.2265 0.0262 0.0593 0.6430 0.0193 0.0257 
        D500  8 0.0324 0.0332 0.0196 0.0318 0.0487 0.8343 
        D614  8 0.1387 0.3838 0.0404 0.2199 0.1046 0.1126 
        D723  8 0.0527 0.0425 0.1079 0.0886 0.4981 0.2102 
        D888  8 0.1227 0.0611 0.6549 0.0784 0.0504 0.0326 
        D901  8 0.0582 0.0536 0.0548 0.7074 0.0235 0.1025 
        D902  8 0.1475 0.6077 0.0401 0.1074 0.0430 0.0543 
        D903  8 0.3438 0.1047 0.0395 0.1576 0.3085 0.0458 
        D904  8 0.4699 0.0798 0.0495 0.0933 0.2028 0.1047 
        D905  8 0.0840 0.2106 0.5915 0.0677 0.0176 0.0286 
        D906  8 0.2555 0.0409 0.3868 0.1396 0.0958 0.0815 
        D937  8 0.0352 0.8364 0.0359 0.0491 0.0184 0.0250 
        D943  8 0.1788 0.0534 0.0931 0.4394 0.0732 0.1621 
        D972  8 0.0733 0.0409 0.0793 0.1790 0.3613 0.2661 
        D973  8 0.0714 0.0471 0.0342 0.0708 0.6393 0.1372 
        D974  8 0.1017 0.1030 0.1370 0.3187 0.2218 0.1178 
        D975  8 0.2070 0.0795 0.0643 0.5762 0.0352 0.0378 
        D976  8 0.1550 0.1690 0.0697 0.4784 0.0363 0.0916 
        D201  9 0.3261 0.0454 0.2517 0.2062 0.0760 0.0947 
        D202  9 0.1989 0.0452 0.0916 0.5862 0.0259 0.0521 
     D237259  9 0.0919 0.0287 0.0846 0.5705 0.0801 0.1442 
     D237260  9 0.1205 0.0717 0.3358 0.3295 0.0243 0.1182 
     D237262  9 0.0294 0.0411 0.0209 0.0888 0.0303 0.7895 
