        D174  1 0.0997 0.0619 0.6697 0.0388 0.1299 
        D199  1 0.1113 0.3671 0.2152 0.2262 0.0802 
        D203  1 0.1437 0.3219 0.0953 0.2477 0.1914 
        D204  1 0.0344 0.8871 0.0289 0.0254 0.0242 
     D237366  1 0.2572 0.1404 0.1181 0.0988 0.3855 
     D237367  1 0.3658 0.3148 0.0658 0.0665 0.1871 
     D237368  1 0.1007 0.2152 0.0735 0.0651 0.5454 
     D244101  1 0.1032 0.6132 0.0335 0.2148 0.0353 
     D244102  1 0.2020 0.1675 0.2753 0.1020 0.2531 
     D244103  1 0.5729 0.1437 0.1070 0.0503 0.1262 
     D244104  1 0.0538 0.7195 0.1108 0.0512 0.0648 
     D244105  1 0.3674 0.0840 0.0306 0.0427 0.4753 
     D244106  1 0.1515 0.0751 0.5330 0.1918 0.0485 
     D244107  1 0.1397 0.1270 0.0220 0.0614 0.6499 
     D244108  1 0.0664 0.1227 0.5186 0.0707 0.2217 
     D244113  1 0.0412 0.0243 0.8782 0.0277 0.0287 
     D244114  1 0.4575 0.1238 0.2214 0.1267 0.0707 
     D244115  1 0.2076 0.1673 0.3880 0.0441 0.1930 
     D267365  1 0.0970 0.5115 0.2466 0.0764 0.0684 
        D404  1 0.0658 0.0361 0.8154 0.0385 0.0443 
        D405  1 0.1631 0.1451 0.4447 0.1341 0.1130 
        D406  1 0.0318 0.0836 0.0452 0.0185 0.8208 
        D407  1 0.3745 0.3745 0.0492 0.0710 0.1308 
        D408  1 0.0751 0.0519 0.7250 0.1023 0.0458 
        D409  1 0.7056 0.0942 0.0721 0.0615 0.0666 
        D410  1 0.0412 0.0914 0.0364 0.0149 0.8161 
        D421  1 0.0583 0.8126 0.0317 0.0573 0.0401 
        D422  1 0.0621 0.0485 0.0165 0.0322 0.8407 
        D423  1 0.0479 0.0442 0.0212 0.0264 0.8603 
        D424  1 0.2868 0.5249 0.0587 0.0221 0.1074 
        D425  1 0.1644 0.5292 0.1868 0.0534 0.0663 
        D426  1 0.7401 0.0486 0.0440 0.1107 0.0565 
        D427  1 0.0394 0.1770 0.1353 0.6018 0.0465 
        D428  1 0.1623 0.3414 0.2995 0.0587 0.1381 
        D429  1 0.1238 0.3876 0.3482 0.0570 0.0834 
        D430  1 0.3733 0.1058 0.2504 0.1905 0.0799 
        D491  1 0.0516 0.1034 0.7760 0.0231 0.0459 
        D492  1 0.2116 0.2882 0.2467 0.0613 0.1922 
        D537  1 0.1072 0.6996 0.0698 0.0262 0.0972 
        D538  1 0.2889 0.1471 0.1789 0.0985 0.2865 
        D539  1 0.1590 0.0801 0.2897 0.2881 0.1830 
        D540  1 0.3845 0.2945 0.1036 0.0666 0.1508 
        D541  1 0.0318 0.8851 0.0181 0.0284 0.0366 
        D551  1 0.4836 0.0657 0.0597 0.3215 0.0695 
        D552  1 0.0904 0.3196 0.1616 0.0610 0.3674 
        D553  1 0.0357 0.8999 0.0200 0.0195 0.0249 
        D615  1 0.1246 0.4300 0.1071 0.1263 0.2119 
        D616  1 0.2090 0.2795 0.1003 0.1409 0.2703 
        D621  1 0.0592 0.0381 0.1655 0.0439 0.6933 
        D622  1 0.0631 0.0467 0.0452 0.0320 0.8130 
        D623  1 0.0769 0.0770 0.5453 0.2505 0.0503 
        D624  1 0.0917 0.0528 0.7667 0.0298 0.0590 
        D625  1 0.0694 0.7521 0.0781 0.0203 0.0801 
        D626  1 0.1052 0.1033 0.4560 0.0822 0.2533 
        D627  1 0.7576 0.0840 0.0282 0.0865 0.0436 
        D690  1 0.0375 0.7891 0.0673 0.0155 0.0906 
        D691  1 0.0746 0.0782 0.0397 0.0301 0.7774 
        D710  1 0.1201 0.4953 0.2039 0.0510 0.1298 
        D711  1 0.0613 0.7854 0.0463 0.0316 0.0754 
        D712  1 0.0661 0.0606 0.7401 0.0582 0.0750 
        D713  1 0.1107 0.1683 0.5979 0.0234 0.0996 
        D746  1 0.0408 0.0696 0.0301 0.0289 0.8305 
        D747  1 0.0244 0.8950 0.0235 0.0290 0.0280 
        D748  1 0.1612 0.3800 0.0816 0.0291 0.3481 
        D749  1 0.1285 0.0363 0.1809 0.0691 0.5852 
        D750  1 0.0623 0.2746 0.5359 0.0310 0.0962 
        D763  1 0.2345 0.3335 0.0557 0.2758 0.1005 
        D764  1 0.0699 0.5402 0.1957 0.0234 0.1708 
        D765  1 0.1214 0.0599 0.1125 0.0331 0.6731 
        D766  1 0.1056 0.2234 0.0907 0.0300 0.5503 
        D767  1 0.2219 0.2983 0.0941 0.0914 0.2944 
        D768  1 0.0792 0.8281 0.0250 0.0318 0.0359 
        D811  1 0.1016 0.0322 0.7580 0.0354 0.0728 
        D816  1 0.0452 0.8471 0.0480 0.0190 0.0406 
        D825  1 0.1363 0.1386 0.5143 0.0264 0.1844 
        D866  1 0.0949 0.1031 0.2150 0.5165 0.0704 
        D867  1 0.0612 0.0405 0.0461 0.0484 0.8038 
        D871  1 0.8120 0.0675 0.0448 0.0350 0.0408 
        D872  1 0.0939 0.5098 0.0882 0.0439 0.2642 
        D873  1 0.0284 0.0121 0.0267 0.0130 0.9198 
        D874  1 0.0976 0.5276 0.2970 0.0544 0.0234 
        D875  1 0.7998 0.0396 0.0336 0.0218 0.1052 
        D876  1 0.0576 0.7279 0.1054 0.0308 0.0783 
        D877  1 0.1206 0.0626 0.7556 0.0428 0.0184 
        D892  1 0.1695 0.3540 0.2729 0.0221 0.1815 
        D893  1 0.1031 0.6978 0.0325 0.0687 0.0979 
        D894  1 0.1762 0.6043 0.0791 0.0556 0.0848 
        D915  1 0.1055 0.5856 0.0866 0.0312 0.1910 
        D916  1 0.0276 0.8879 0.0241 0.0206 0.0397 
        D917  1 0.1235 0.3647 0.3373 0.1179 0.0566 
        D925  1 0.0385 0.1236 0.0873 0.0303 0.7203 
        D926  1 0.2735 0.4400 0.1710 0.0282 0.0873 
        D927  1 0.1234 0.4423 0.0794 0.3023 0.0527 
        D928  1 0.0300 0.1051 0.8118 0.0248 0.0282 
        D929  1 0.2482 0.1637 0.3671 0.0498 0.1712 
        D936  1 0.0616 0.7648 0.0479 0.0955 0.0302 
        D938  1 0.0338 0.0388 0.0364 0.0229 0.8680 
        D956  1 0.1080 0.0412 0.7282 0.0669 0.0558 
        D957  1 0.0804 0.3132 0.0881 0.0500 0.4684 
        D958  1 0.0714 0.4773 0.1595 0.0293 0.2625 
        D959  1 0.4181 0.3377 0.0402 0.0556 0.1484 
        D960  1 0.0328 0.0364 0.0469 0.0175 0.8666 
        D989  1 0.0840 0.0818 0.6037 0.1993 0.0312 
        D990  1 0.0463 0.0238 0.0391 0.0644 0.8265 
        D023  2 0.0631 0.2313 0.0239 0.0236 0.6581 
        D130  2 0.0730 0.0922 0.0236 0.0311 0.7801 
        D131  2 0.3943 0.4019 0.0487 0.0902 0.0649 
        D163  2 0.0773 0.0873 0.0327 0.0282 0.7744 
        D164  2 0.0190 0.0209 0.0145 0.4135 0.5320 
        D165  2 0.0757 0.1149 0.0232 0.0397 0.7466 
        D166  2 0.5112 0.1162 0.0881 0.0971 0.1874 
        D167  2 0.0367 0.0207 0.0495 0.8685 0.0245 
        D192  2 0.0215 0.0186 0.0290 0.9126 0.0183 
        D193  2 0.1776 0.0413 0.6354 0.0572 0.0885 
        D206  2 0.3065 0.1919 0.0756 0.2773 0.1487 
        D207  2 0.2331 0.0690 0.0502 0.6175 0.0302 
        D208  2 0.0792 0.0863 0.3659 0.3959 0.0727 
        D209  2 0.2897 0.1210 0.0631 0.3882 0.1379 
        D210  2 0.0644 0.1515 0.3690 0.3727 0.0424 
     D229599  2 0.1904 0.3803 0.1160 0.1624 0.1508 
     D229600  2 0.0899 0.0469 0.0350 0.3357 0.4926 
     D237227  2 0.0843 0.0716 0.5225 0.1088 0.2127 
     D237228  2 0.1435 0.0229 0.3697 0.1012 0.3626 
     D237258  2 0.1599 0.1142 0.2152 0.2620 0.2488 
     D237310  2 0.2138 0.0250 0.1200 0.0685 0.5727 
     D237311  2 0.0789 0.0234 0.0636 0.1980 0.6361 
     D237312  2 0.2778 0.0386 0.2585 0.0370 0.3881 
     D237313  2 0.2074 0.3517 0.1642 0.0760 0.2007 
     D237322  2 0.3980 0.0771 0.1305 0.3069 0.0875 
     D237323  2 0.0880 0.0287 0.1446 0.0515 0.6873 
     D237324  2 0.2333 0.0949 0.0302 0.2244 0.4172 
     D237325  2 0.1809 0.0637 0.1756 0.0636 0.5163 
     D237326  2 0.0511 0.1392 0.0981 0.0412 0.6704 
     D237327  2 0.2511 0.1469 0.0365 0.4886 0.0770 
     D237337  2 0.1050 0.0633 0.0697 0.0287 0.7333 
     D237338  2 0.2077 0.0967 0.1727 0.1594 0.3635 
     D237339  2 0.1755 0.4341 0.0377 0.3169 0.0358 
     D237340  2 0.1114 0.0322 0.2980 0.2774 0.2810 
     D237389  2 0.1408 0.0337 0.0771 0.0670 0.6814 
     D237390  2 0.1832 0.0974 0.3167 0.0608 0.3419 
     D244017  2 0.1874 0.0434 0.3723 0.3331 0.0638 
     D244112  2 0.0769 0.0198 0.0353 0.7873 0.0806 
     D244118  2 0.0309 0.0258 0.0304 0.5379 0.3751 
     D244119  2 0.0325 0.0396 0.4640 0.4294 0.0344 
     D244120  2 0.1130 0.0211 0.2057 0.6038 0.0563 
     D244122  2 0.0687 0.0532 0.1334 0.6684 0.0763 
        D291  2 0.3235 0.1056 0.0489 0.4377 0.0843 
        D292  2 0.0599 0.2956 0.1169 0.4576 0.0700 
        D293  2 0.0981 0.3787 0.0203 0.4843 0.0186 
        D322  2 0.1007 0.5067 0.0213 0.3210 0.0503 
        D323  2 0.3077 0.2108 0.2082 0.2064 0.0668 
        D324  2 0.2056 0.2974 0.1057 0.2249 0.1664 
        D325  2 0.0926 0.0636 0.0131 0.8037 0.0269 
        D326  2 0.0358 0.8917 0.0296 0.0267 0.0163 
        D340  2 0.0190 0.0262 0.0187 0.9166 0.0195 
        D341  2 0.0735 0.0414 0.0368 0.8088 0.0395 
        D342  2 0.1821 0.0379 0.0408 0.5335 0.2058 
        D343  2 0.0213 0.0228 0.0114 0.9304 0.0140 
        D344  2 0.3077 0.4239 0.1216 0.0714 0.0755 
        D345  2 0.1207 0.5383 0.0547 0.0568 0.2295 
        D346  2 0.0963 0.0797 0.6393 0.1396 0.0450 
        D351  2 0.2862 0.4842 0.0331 0.1126 0.0838 
        D352  2 0.4653 0.1660 0.1563 0.1355 0.0770 
        D353  2 0.4178 0.4782 0.0263 0.0507 0.0270 
        D354  2 0.1222 0.4951 0.2631 0.0312 0.0883 
        D362  2 0.0820 0.7472 0.0629 0.0321 0.0758 
        D363  2 0.0509 0.7562 0.1171 0.0263 0.0495 
        D364  2 0.0992 0.6698 0.1099 0.0331 0.0880 
        D365  2 0.0263 0.0462 0.0191 0.8932 0.0151 
        D369  2 0.1583 0.2446 0.1622 0.3184 0.1166 
        D374  2 0.0225 0.0194 0.9096 0.0209 0.0276 
        D375  2 0.4125 0.2592 0.1701 0.0423 0.1159 
        D376  2 0.0424 0.0211 0.8587 0.0320 0.0458 
        D377  2 0.1992 0.0693 0.4430 0.1092 0.1794 
        D378  2 0.1032 0.6525 0.0286 0.1678 0.0478 
        D379  2 0.0908 0.8042 0.0403 0.0252 0.0396 
        D384  2 0.0321 0.8745 0.0584 0.0179 0.0171 
        D385  2 0.0422 0.0277 0.0558 0.8497 0.0245 
        D386  2 0.1708 0.6247 0.0480 0.0750 0.0815 
        D391  2 0.0364 0.0904 0.0232 0.8269 0.0232 
        D392  2 0.0590 0.0986 0.0522 0.6898 0.1004 
        D393  2 0.0747 0.7527 0.0220 0.1019 0.0488 
        D394  2 0.2416 0.2202 0.0869 0.0885 0.3628 
        D395  2 0.3109 0.0898 0.0569 0.5034 0.0390 
        D401  2 0.0491 0.0224 0.0666 0.0425 0.8194 
        D402  2 0.0305 0.0456 0.0269 0.8766 0.0204 
        D403  2 0.3799 0.3797 0.0563 0.0569 0.1272 
        D415  2 0.3012 0.5640 0.0177 0.0256 0.0916 
        D435  2 0.0729 0.6561 0.0187 0.1777 0.0745 
        D436  2 0.2424 0.3816 0.2492 0.0645 0.0624 
        D438  2 0.0290 0.0186 0.0288 0.8997 0.0239 
        D439  2 0.2859 0.4664 0.0342 0.1107 0.1028 
        D449  2 0.3595 0.1027 0.0377 0.4433 0.0568 
        D450  2 0.2655 0.2700 0.3190 0.0514 0.0941 
        D456  2 0.0402 0.8910 0.0247 0.0211 0.0230 
        D462  2 0.0344 0.1081 0.0188 0.8186 0.0201 
        D463  2 0.0343 0.8935 0.0386 0.0168 0.0167 
        D464  2 0.4205 0.3460 0.1096 0.0897 0.0341 
        D465  2 0.2816 0.2395 0.0446 0.3408 0.0934 
        D473  2 0.0802 0.0566 0.7032 0.0550 0.1050 
        D474  2 0.0573 0.6155 0.0578 0.1582 0.1112 
        D476  2 0.1260 0.1665 0.0218 0.1773 0.5084 
        D477  2 0.0974 0.6776 0.1098 0.0602 0.0550 
        D478  2 0.4168 0.1402 0.2267 0.0739 0.1424 
        D480  2 0.0732 0.6674 0.0802 0.1486 0.0305 
        D481  2 0.1384 0.4816 0.1372 0.0777 0.1650 
        D482  2 0.2018 0.0816 0.3113 0.2544 0.1510 
        D483  2 0.0317 0.0278 0.0546 0.8503 0.0357 
        D484  2 0.3575 0.1157 0.2435 0.2102 0.0730 
        D510  2 0.0460 0.0308 0.8221 0.0728 0.0284 
        D511  2 0.1159 0.6764 0.0380 0.1016 0.0681 
        D512  2 0.2941 0.0368 0.0412 0.1409 0.4870 
        D513  2 0.2040 0.1229 0.0988 0.5051 0.0691 
        D635  2 0.1339 0.5907 0.0340 0.0353 0.2061 
        D636  2 0.0300 0.0341 0.0253 0.0221 0.8884 
        D637  2 0.1905 0.1135 0.2506 0.3659 0.0796 
        D658  2 0.0711 0.0540 0.1391 0.6714 0.0645 
        D659  2 0.0931 0.7529 0.0509 0.0480 0.0551 
        D677  2 0.2354 0.3633 0.0576 0.1428 0.2010 
        D678  2 0.1782 0.0373 0.0563 0.6383 0.0898 
        D679  2 0.1292 0.5984 0.0772 0.1394 0.0558 
        D719  2 0.0433 0.3828 0.3207 0.2208 0.0324 
        D720  2 0.0793 0.7002 0.1034 0.0623 0.0548 
        D721  2 0.1183 0.1343 0.0529 0.0931 0.6014 
        D722  2 0.0446 0.0260 0.8026 0.0696 0.0572 
        D734  2 0.0990 0.1708 0.4549 0.2532 0.0221 
        D735  2 0.1669 0.5191 0.0901 0.1000 0.1240 
        D736  2 0.0907 0.1769 0.3702 0.2651 0.0970 
        D737  2 0.0759 0.0584 0.0796 0.6754 0.1107 
        D807  2 0.1015 0.3489 0.3021 0.1587 0.0888 
        D808  2 0.3529 0.1593 0.0481 0.1979 0.2419 
        D817  2 0.1802 0.5084 0.1811 0.0559 0.0745 
        D818  2 0.4417 0.1195 0.0482 0.3305 0.0601 
        D819  2 0.3199 0.2787 0.1256 0.0678 0.2080 
        D820  2 0.0367 0.8882 0.0255 0.0312 0.0184 
        D895  2 0.1841 0.5170 0.0591 0.0450 0.1948 
        D896  2 0.0376 0.0244 0.0660 0.0246 0.8474 
        D897  2 0.2582 0.0465 0.0521 0.5874 0.0558 
        D898  2 0.4377 0.1389 0.1476 0.0877 0.1880 
        D918  2 0.3551 0.1154 0.0976 0.1991 0.2329 
        D919  2 0.2205 0.4898 0.0351 0.2117 0.0428 
        D920  2 0.0669 0.0335 0.0450 0.0410 0.8136 
        D923  2 0.0662 0.8399 0.0360 0.0353 0.0226 
        D930  2 0.1946 0.4440 0.2203 0.0652 0.0758 
        D931  2 0.0992 0.5871 0.1116 0.1527 0.0494 
        D968  2 0.0282 0.0359 0.0159 0.9031 0.0168 
        D969  2 0.1283 0.4607 0.0518 0.2919 0.0672 
        D977  2 0.1925 0.0697 0.0350 0.6666 0.0362 
        D978  2 0.4692 0.0640 0.0564 0.3836 0.0267 
        D211  3 0.3174 0.1606 0.0472 0.0527 0.4221 
     D229639  3 0.0845 0.0839 0.1294 0.6539 0.0482 
     D237212  3 0.2398 0.2919 0.0693 0.2430 0.1559 
     D237213  3 0.3057 0.2368 0.0591 0.0747 0.3238 
     D237214  3 0.4600 0.0628 0.0464 0.0234 0.4074 
     D237215  3 0.0331 0.0203 0.1296 0.7866 0.0304 
     D237216  3 0.7614 0.0578 0.0400 0.0560 0.0847 
     D237217  3 0.3016 0.1807 0.0202 0.0572 0.4403 
     D237218  3 0.2523 0.2953 0.0547 0.2998 0.0980 
     D237219  3 0.1403 0.0445 0.2214 0.1048 0.4890 
     D237382  3 0.3315 0.1901 0.2313 0.0754 0.1716 
     D244127  3 0.1371 0.0514 0.0481 0.1193 0.6441 
     D244129  3 0.2404 0.2815 0.0795 0.1499 0.2487 
     D244133  3 0.2441 0.0900 0.3013 0.2344 0.1303 
     D244134  3 0.0919 0.0729 0.2744 0.3815 0.1793 
     D244135  3 0.1552 0.0790 0.0377 0.0759 0.6522 
     D244136  3 0.1531 0.1712 0.4418 0.1365 0.0974 
        D416  3 0.2746 0.2006 0.0717 0.2404 0.2127 
        D417  3 0.1323 0.7105 0.0496 0.0248 0.0828 
        D419  3 0.1303 0.2018 0.1332 0.2263 0.3084 
        D565  3 0.0339 0.1052 0.7915 0.0368 0.0326 
        D566  3 0.1072 0.0678 0.3767 0.3968 0.0514 
        D567  3 0.0765 0.6827 0.0516 0.0331 0.1562 
        D568  3 0.1605 0.3194 0.0311 0.1979 0.2911 
        D569  3 0.3853 0.1669 0.1101 0.2136 0.1241 
        D573  3 0.1043 0.1448 0.0292 0.6946 0.0271 
        D574  3 0.1654 0.0702 0.5803 0.0943 0.0898 
        D575  3 0.1731 0.1834 0.2592 0.1288 0.2555 
        D576  3 0.0590 0.0130 0.0592 0.8425 0.0263 
        D577  3 0.1305 0.6679 0.0941 0.0444 0.0632 
        D578  3 0.2545 0.0214 0.0225 0.0447 0.6569 
        D579  3 0.1253 0.3858 0.2127 0.1791 0.0970 
        D660  3 0.2154 0.0344 0.0475 0.5751 0.1276 
        D661  3 0.1939 0.0843 0.0312 0.6190 0.0716 
        D663  3 0.1321 0.0565 0.0516 0.7380 0.0219 
        D664  3 0.1594 0.0306 0.2794 0.1702 0.3604 
        D665  3 0.7058 0.0321 0.0285 0.0634 0.1702 
        D666  3 0.1542 0.1474 0.2809 0.0907 0.3269 
        D009  4 0.3417 0.2329 0.0479 0.0412 0.3363 
        D057  4 0.0855 0.2107 0.0651 0.3974 0.2413 
        D109  4 0.2130 0.0609 0.0988 0.0303 0.5971 
     D237222  4 0.0798 0.0579 0.1541 0.0471 0.6611 
     D237223  4 0.2392 0.0764 0.1827 0.1163 0.3854 
     D237224  4 0.1105 0.3699 0.0551 0.3931 0.0713 
     D237225  4 0.4872 0.2429 0.0569 0.0506 0.1623 
     D237299  4 0.7686 0.0266 0.0632 0.0474 0.0941 
     D237300  4 0.0693 0.0257 0.0586 0.8056 0.0407 
     D237306  4 0.0791 0.0983 0.6850 0.0389 0.0987 
     D237307  4 0.1420 0.3042 0.3972 0.0857 0.0710 
     D237308  4 0.0725 0.1036 0.1394 0.5279 0.1566 
     D237309  4 0.3366 0.2409 0.0505 0.0832 0.2888 
     D237317  4 0.1391 0.2293 0.5003 0.0507 0.0806 
     D237318  4 0.0671 0.0250 0.0341 0.8561 0.0176 
     D237319  4 0.4210 0.1225 0.0995 0.0738 0.2832 
     D237320  4 0.2169 0.1329 0.0623 0.2371 0.3508 
     D237321  4 0.1296 0.0716 0.0741 0.6671 0.0577 
     D237397  4 0.1563 0.0897 0.3163 0.2154 0.2222 
     D237398  4 0.2887 0.1229 0.0311 0.5155 0.0418 
     D237399  4 0.1820 0.2929 0.2075 0.1952 0.1224 
     D244001  4 0.1236 0.0440 0.0652 0.0990 0.6682 
        D289  4 0.1652 0.3489 0.2457 0.1735 0.0667 
        D290  4 0.5989 0.1369 0.0547 0.1157 0.0938 
        D294  4 0.4550 0.2878 0.1114 0.0836 0.0622 
        D295  4 0.1453 0.4901 0.1346 0.0684 0.1616 
        D301  4 0.0714 0.0301 0.0651 0.0863 0.7470 
        D302  4 0.1084 0.7693 0.0531 0.0293 0.0399 
        D303  4 0.0523 0.0615 0.7300 0.0798 0.0764 
        D304  4 0.5588 0.1428 0.0954 0.1573 0.0457 
        D305  4 0.6400 0.1012 0.0308 0.1433 0.0847 
        D306  4 0.6887 0.0811 0.1119 0.0386 0.0797 
        D307  4 0.0372 0.0303 0.0801 0.0465 0.8059 
        D327  4 0.1528 0.5690 0.1389 0.0866 0.0526 
        D328  4 0.0749 0.0723 0.7351 0.0575 0.0602 
        D329  4 0.2674 0.2205 0.0855 0.2436 0.1830 
        D330  4 0.2613 0.3893 0.0427 0.0470 0.2597 
        D331  4 0.2322 0.2381 0.2125 0.1541 0.1631 
        D333  4 0.1441 0.1777 0.2912 0.1634 0.2236 
        D334  4 0.1124 0.1880 0.5927 0.0350 0.0720 
        D335  4 0.0730 0.7719 0.0649 0.0582 0.0320 
        D370  4 0.0953 0.0782 0.5418 0.0674 0.2173 
        D371  4 0.0260 0.0669 0.8421 0.0314 0.0335 
        D372  4 0.3154 0.0216 0.0511 0.5822 0.0296 
        D373  4 0.0889 0.0476 0.0403 0.1380 0.6852 
        D455  4 0.0563 0.0645 0.0429 0.0685 0.7678 
        D490  4 0.0510 0.0338 0.0418 0.0187 0.8548 
        D497  4 0.1111 0.0327 0.0321 0.0431 0.7810 
        D498  4 0.2256 0.1183 0.2912 0.1623 0.2026 
        D499  4 0.1957 0.0617 0.2303 0.4638 0.0485 
        D514  4 0.2746 0.5130 0.0731 0.0501 0.0892 
        D515  4 0.4316 0.0930 0.0805 0.0506 0.3443 
        D516  4 0.1777 0.1700 0.1715 0.1490 0.3318 
        D517  4 0.1304 0.0442 0.0298 0.0904 0.7051 
        D518  4 0.0959 0.2563 0.2402 0.1146 0.2930 
        D519  4 0.3368 0.0788 0.0448 0.1234 0.4162 
        D560  4 0.4135 0.1527 0.0365 0.1431 0.2542 
        D561  4 0.6950 0.1232 0.0196 0.0568 0.1054 
        D562  4 0.4308 0.1547 0.1458 0.1175 0.1513 
        D563  4 0.2362 0.1012 0.0424 0.5267 0.0936 
        D572  4 0.2128 0.4867 0.1120 0.0777 0.1109 
        D629  4 0.1458 0.5277 0.0656 0.0560 0.2050 
        D630  4 0.3074 0.2656 0.1623 0.1236 0.1410 
        D631  4 0.1782 0.2179 0.1069 0.3919 0.1050 
        D632  4 0.0807 0.0801 0.0463 0.1706 0.6224 
        D646  4 0.2564 0.2630 0.0436 0.0895 0.3475 
        D647  4 0.0987 0.6249 0.0272 0.0848 0.1644 
        D648  4 0.0895 0.0450 0.7808 0.0445 0.0402 
        D649  4 0.0645 0.6971 0.0336 0.0308 0.1739 
        D650  4 0.2083 0.3185 0.2387 0.0792 0.1552 
        D708  4 0.1911 0.0958 0.5801 0.0623 0.0708 
        D709  4 0.5023 0.1132 0.1818 0.0895 0.1132 
        D738  4 0.0643 0.1245 0.5414 0.0351 0.2347 
        D739  4 0.4202 0.0890 0.1200 0.0670 0.3038 
        D740  4 0.4035 0.0555 0.1508 0.1815 0.2087 
        D741  4 0.4528 0.1709 0.0394 0.1916 0.1453 
        D742  4 0.1565 0.1096 0.1490 0.5131 0.0718 
        D743  4 0.0718 0.7815 0.0545 0.0571 0.0351 
        D744  4 0.2376 0.4939 0.0414 0.1559 0.0712 
        D745  4 0.3406 0.0520 0.0391 0.0606 0.5077 
        D814  4 0.4877 0.0545 0.0454 0.3398 0.0725 
        D815  4 0.1417 0.5567 0.1308 0.0843 0.0865 
        D828  4 0.1673 0.0267 0.5415 0.1911 0.0733 
        D845  4 0.0496 0.0462 0.0601 0.8204 0.0236 
        D846  4 0.2492 0.3737 0.0290 0.2622 0.0860 
        D847  4 0.3227 0.2443 0.1155 0.1317 0.1858 
        D848  4 0.0761 0.0241 0.0333 0.2231 0.6434 
        D849  4 0.4233 0.0818 0.0501 0.0550 0.3897 
        D850  4 0.2963 0.2141 0.1251 0.1776 0.1870 
        D856  4 0.4956 0.1009 0.0822 0.0501 0.2712 
        D857  4 0.0540 0.0150 0.0725 0.0528 0.8057 
        D859  4 0.2222 0.3407 0.1059 0.2591 0.0721 
        D860  4 0.0714 0.2702 0.3262 0.2930 0.0391 
        D883  4 0.1194 0.3474 0.1981 0.0590 0.2761 
        D884  4 0.1882 0.1361 0.3124 0.0460 0.3172 
        D885  4 0.4424 0.1582 0.0572 0.2422 0.1000 
        D886  4 0.1703 0.3146 0.0557 0.0769 0.3825 
        D887  4 0.1802 0.1791 0.1381 0.3887 0.1140 
        D889  4 0.5688 0.0836 0.0550 0.2588 0.0338 
        D890  4 0.1381 0.0913 0.5106 0.0824 0.1776 
        D891  4 0.0556 0.0247 0.0152 0.8863 0.0182 
        D899  4 0.0639 0.0836 0.1868 0.6240 0.0417 
        D900  4 0.3666 0.2539 0.1406 0.1153 0.1235 
        D970  4 0.2423 0.4704 0.0715 0.1332 0.0826 
        D971  4 0.1304 0.2103 0.0803 0.4950 0.0840 
        D979  4 0.0714 0.7571 0.0786 0.0669 0.0260 
        D093  5 0.0546 0.0475 0.7891 0.0592 0.0496 
        D154  5 0.3223 0.0499 0.1317 0.4465 0.0496 
        D168  5 0.3310 0.0916 0.0504 0.3203 0.2067 
        D189  5 0.1370 0.0511 0.5309 0.2389 0.0421 
        D190  5 0.0403 0.0454 0.8372 0.0482 0.0289 
     D237220  5 0.3628 0.1025 0.1134 0.0948 0.3265 
     D237221  5 0.1396 0.1774 0.3312 0.2633 0.0885 
     D237274  5 0.1054 0.7757 0.0403 0.0357 0.0429 
     D237275  5 0.1046 0.0224 0.0436 0.7892 0.0403 
     D237276  5 0.1438 0.1656 0.3541 0.0746 0.2620 
     D237277  5 0.0600 0.0860 0.6006 0.2067 0.0467 
     D237278  5 0.1549 0.0627 0.2346 0.3859 0.1620 
     D237279  5 0.3629 0.0718 0.0331 0.0380 0.4942 
     D237280  5 0.1301 0.2328 0.1052 0.0287 0.5032 
     D237281  5 0.0821 0.0563 0.0268 0.8094 0.0255 
     D237351  5 0.0926 0.0329 0.1268 0.0506 0.6971 
     D237352  5 0.1192 0.2516 0.1262 0.0910 0.4120 
     D237353  5 0.0489 0.0390 0.8346 0.0492 0.0283 
     D237359  5 0.4277 0.1377 0.1001 0.1362 0.1982 
     D237361  5 0.0328 0.0405 0.8709 0.0259 0.0299 
     D237362  5 0.1936 0.1969 0.3855 0.1304 0.0936 
     D237363  5 0.6399 0.0543 0.0953 0.1438 0.0667 
     D237364  5 0.4011 0.1693 0.0379 0.2629 0.1289 
     D237376  5 0.0666 0.0244 0.7938 0.0852 0.0300 
     D237377  5 0.1168 0.4226 0.1034 0.0622 0.2950 
     D237378  5 0.0622 0.0344 0.7539 0.1158 0.0338 
     D237379  5 0.1872 0.0564 0.6400 0.0659 0.0506 
     D237380  5 0.0539 0.0458 0.1684 0.0193 0.7127 
     D237381  5 0.1168 0.1000 0.1197 0.0797 0.5838 
     D237391  5 0.0782 0.1078 0.6690 0.0884 0.0565 
     D237392  5 0.1451 0.5305 0.0868 0.1502 0.0874 
     D237393  5 0.0798 0.5024 0.1978 0.0885 0.1315 
     D237394  5 0.0287 0.0493 0.8650 0.0225 0.0346 
     D237395  5 0.2386 0.0545 0.4339 0.1327 0.1403 
     D237396  5 0.0829 0.6539 0.0714 0.0766 0.1153 
     D244016  5 0.2947 0.1055 0.3658 0.1830 0.0510 
     D244018  5 0.1290 0.0778 0.1974 0.4776 0.1182 
     D244019  5 0.3771 0.3033 0.1117 0.1618 0.0461 
        D279  5 0.3837 0.0647 0.0817 0.3859 0.0841 
        D280  5 0.3196 0.2179 0.1510 0.1733 0.1382 
        D281  5 0.1674 0.0370 0.0714 0.7016 0.0225 
        D283  5 0.1136 0.3462 0.3221 0.1600 0.0581 
        D284  5 0.4351 0.0921 0.0705 0.0997 0.3026 
        D285  5 0.1715 0.1893 0.4673 0.1062 0.0656 
        D286  5 0.2102 0.2033 0.3934 0.0971 0.0960 
        D287  5 0.1220 0.0264 0.7147 0.0529 0.0840 
        D288  5 0.2466 0.3350 0.1158 0.2522 0.0504 
        D308  5 0.0536 0.0908 0.0321 0.0229 0.8006 
        D309  5 0.1540 0.7290 0.0345 0.0187 0.0637 
        D310  5 0.1649 0.0309 0.7450 0.0377 0.0214 
        D311  5 0.2923 0.1403 0.4265 0.0857 0.0553 
        D312  5 0.1077 0.2013 0.4866 0.0789 0.1255 
        D313  5 0.0220 0.0171 0.0311 0.0156 0.9142 
        D314  5 0.2868 0.0653 0.2611 0.2577 0.1290 
        D315  5 0.1167 0.2632 0.3878 0.0826 0.1497 
        D317  5 0.0348 0.0581 0.8381 0.0378 0.0312 
        D318  5 0.4318 0.2118 0.1042 0.1463 0.1058 
        D319  5 0.0464 0.0399 0.8071 0.0549 0.0516 
        D320  5 0.0649 0.0812 0.7320 0.0551 0.0668 
        D321  5 0.0940 0.0806 0.0929 0.0807 0.6518 
        D336  5 0.0674 0.0309 0.8641 0.0189 0.0187 
        D337  5 0.0266 0.0329 0.8766 0.0467 0.0172 
        D338  5 0.3879 0.2402 0.1147 0.1470 0.1102 
        D339  5 0.1381 0.0542 0.6602 0.0864 0.0610 
        D347  5 0.2926 0.3004 0.2168 0.1371 0.0531 
        D348  5 0.0448 0.0578 0.8421 0.0311 0.0242 
        D349  5 0.0357 0.0376 0.0852 0.0343 0.8071 
        D350  5 0.2151 0.6192 0.0534 0.0563 0.0560 
        D355  5 0.3820 0.1391 0.0485 0.4016 0.0288 
        D356  5 0.1328 0.3375 0.3512 0.0523 0.1262 
        D357  5 0.4678 0.1022 0.2407 0.0826 0.1067 
        D358  5 0.1117 0.1686 0.4987 0.0900 0.1310 
        D359  5 0.0845 0.4833 0.3722 0.0279 0.0321 
        D360  5 0.1258 0.2411 0.4775 0.0419 0.1137 
        D361  5 0.0325 0.0343 0.0375 0.0251 0.8705 
        D366  5 0.1294 0.4915 0.0434 0.2795 0.0562 
        D367  5 0.1260 0.0364 0.7175 0.0352 0.0849 
        D368  5 0.2325 0.1361 0.3288 0.0631 0.2395 
        D380  5 0.2426 0.5113 0.0513 0.0718 0.1231 
        D381  5 0.1722 0.1397 0.5259 0.0994 0.0627 
        D400  5 0.1751 0.1255 0.3540 0.2759 0.0695 
        D411  5 0.0948 0.0274 0.0301 0.0402 0.8074 
        D412  5 0.3789 0.1537 0.1318 0.1584 0.1773 
        D413  5 0.1093 0.0933 0.0397 0.7076 0.0501 
        D414  5 0.3186 0.2027 0.0761 0.3572 0.0455 
        D420  5 0.4943 0.0405 0.0933 0.1265 0.2454 
        D431  5 0.2930 0.0342 0.2366 0.2731 0.1631 
        D432  5 0.0775 0.0983 0.4874 0.1448 0.1921 
        D433  5 0.0721 0.0735 0.6595 0.1390 0.0558 
        D434  5 0.1431 0.2021 0.4401 0.0886 0.1262 
        D440  5 0.2954 0.5429 0.0461 0.0515 0.0641 
        D447  5 0.3952 0.4171 0.0420 0.0498 0.0958 
        D448  5 0.0640 0.0671 0.7706 0.0670 0.0313 
        D459  5 0.0613 0.1124 0.0387 0.7610 0.0266 
        D460  5 0.0420 0.1151 0.0779 0.0343 0.7307 
        D461  5 0.0706 0.8296 0.0458 0.0234 0.0305 
        D468  5 0.2377 0.1067 0.4927 0.0767 0.0862 
        D469  5 0.1099 0.5354 0.1653 0.0504 0.1390 
        D470  5 0.2291 0.1136 0.3496 0.0642 0.2435 
        D471  5 0.0813 0.0759 0.7250 0.0943 0.0236 
        D472  5 0.0354 0.7717 0.0218 0.1474 0.0236 
        D479  5 0.0749 0.0609 0.0688 0.7454 0.0500 
        D485  5 0.3030 0.0870 0.3834 0.1157 0.1109 
        D486  5 0.3350 0.1325 0.3280 0.0416 0.1629 
        D487  5 0.1376 0.0625 0.2391 0.4821 0.0787 
        D555  5 0.0317 0.0314 0.8068 0.0916 0.0385 
        D556  5 0.1850 0.1276 0.3170 0.2485 0.1220 
        D557  5 0.0292 0.0855 0.7929 0.0656 0.0268 
        D564  5 0.1445 0.1533 0.4736 0.0635 0.1651 
        D594  5 0.3787 0.2296 0.2029 0.0971 0.0918 
        D595  5 0.1157 0.2315 0.4122 0.1653 0.0752 
        D596  5 0.0249 0.0353 0.8604 0.0454 0.0340 
        D597  5 0.0755 0.2850 0.2551 0.3413 0.0430 
        D598  5 0.0871 0.1388 0.4937 0.0754 0.2049 
        D617  5 0.1530 0.0274 0.0372 0.1754 0.6069 
        D618  5 0.0740 0.1526 0.5343 0.1714 0.0677 
        D619  5 0.0945 0.2569 0.2270 0.0733 0.3484 
        D620  5 0.0263 0.0619 0.0294 0.8568 0.0256 
        D628  5 0.1687 0.2124 0.2746 0.0856 0.2587 
        D714  5 0.0991 0.0378 0.5008 0.3162 0.0461 
        D715  5 0.0680 0.1812 0.5580 0.1561 0.0368 
        D716  5 0.3482 0.1370 0.2660 0.2069 0.0420 
        D717  5 0.1255 0.5443 0.1392 0.0659 0.1251 
        D718  5 0.3841 0.0241 0.3554 0.0821 0.1543 
        D769  5 0.2216 0.0391 0.0541 0.1193 0.5659 
        D770  5 0.1394 0.0663 0.3962 0.3459 0.0522 
        D771  5 0.2086 0.0856 0.1950 0.3766 0.1341 
        D772  5 0.1021 0.1586 0.5752 0.0824 0.0817 
        D782  5 0.3840 0.0616 0.0508 0.2076 0.2959 
        D783  5 0.2316 0.0543 0.1912 0.4774 0.0454 
        D784  5 0.1184 0.6864 0.0749 0.0781 0.0423 
        D785  5 0.0629 0.0525 0.7699 0.0339 0.0808 
        D786  5 0.1102 0.2703 0.0421 0.0573 0.5201 
        D821  5 0.0272 0.0316 0.9015 0.0224 0.0173 
        D822  5 0.2039 0.5243 0.1563 0.0686 0.0470 
        D826  5 0.1493 0.0825 0.3984 0.3172 0.0526 
        D827  5 0.3905 0.3745 0.0857 0.0892 0.0602 
        D851  5 0.3767 0.2216 0.1897 0.1045 0.1075 
        D852  5 0.1089 0.0720 0.2712 0.3879 0.1600 
        D853  5 0.2281 0.1657 0.3766 0.1439 0.0858 
        D854  5 0.4436 0.1645 0.0653 0.2294 0.0972 
        D861  5 0.3629 0.1053 0.2339 0.1815 0.1165 
        D862  5 0.1138 0.3126 0.4637 0.0430 0.0670 
        D865  5 0.0553 0.0384 0.7655 0.0818 0.0589 
        D868  5 0.0630 0.7718 0.0650 0.0464 0.0537 
        D869  5 0.0780 0.0403 0.0725 0.0378 0.7713 
        D870  5 0.7921 0.0654 0.0231 0.0427 0.0767 
        D907  5 0.1452 0.0438 0.6774 0.0445 0.0891 
        D908  5 0.0668 0.0408 0.2813 0.5316 0.0795 
        D910  5 0.0841 0.0782 0.4825 0.3175 0.0377 
        D911  5 0.3122 0.0942 0.0443 0.5236 0.0257 
        D934  5 0.2153 0.0957 0.2146 0.4281 0.0463 
        D946  5 0.2768 0.0479 0.1742 0.3638 0.1373 
        D947  5 0.3137 0.3538 0.0940 0.1136 0.1250 
        D948  5 0.0235 0.0713 0.1231 0.0314 0.7507 
        D949  5 0.0359 0.0582 0.0892 0.0227 0.7940 
        D950  5 0.2447 0.1020 0.0496 0.5758 0.0279 
        D951  5 0.2813 0.5115 0.1052 0.0339 0.0681 
        D952  5 0.0722 0.7314 0.0833 0.0701 0.0430 
        D953  5 0.0703 0.1697 0.6107 0.0802 0.0691 
        D954  5 0.1161 0.5237 0.2664 0.0407 0.0531 
        D961  5 0.1865 0.0455 0.5632 0.1058 0.0989 
        D962  5 0.0586 0.1009 0.7737 0.0224 0.0444 
        D963  5 0.1079 0.4589 0.3063 0.0836 0.0433 
        D964  5 0.3780 0.0989 0.1417 0.1707 0.2108 
        D965  5 0.2777 0.1750 0.2456 0.1936 0.1081 
        D966  5 0.0962 0.2284 0.4100 0.2113 0.0541 
        D967  5 0.1466 0.1151 0.1841 0.3874 0.1668 
        D991  5 0.1217 0.1895 0.2619 0.0498 0.3771 
        D502  6 0.6336 0.0313 0.0429 0.1627 0.1296 
        D503  6 0.2360 0.0377 0.0590 0.3780 0.2893 
        D504  6 0.1643 0.4942 0.1361 0.1018 0.1036 
        D505  6 0.1852 0.1267 0.3861 0.1709 0.1312 
        D506  6 0.0370 0.0284 0.8927 0.0187 0.0232 
        D507  6 0.2736 0.1285 0.0933 0.3057 0.1990 
        D508  6 0.3869 0.3276 0.0785 0.1406 0.0665 
        D529  6 0.3111 0.1509 0.1930 0.0889 0.2560 
        D530  6 0.1530 0.0329 0.5879 0.0720 0.1542 
        D531  6 0.2977 0.2570 0.2333 0.1228 0.0893 
        D532  6 0.2296 0.1852 0.4645 0.0730 0.0476 
        D534  6 0.0809 0.0738 0.0360 0.0452 0.7641 
        D535  6 0.1475 0.1859 0.4826 0.0486 0.1354 
        D536  6 0.2480 0.0268 0.0371 0.5802 0.1079 
        D554  6 0.1636 0.0521 0.6145 0.0551 0.1147 
        D587  6 0.0620 0.1276 0.6866 0.0642 0.0596 
        D588  6 0.1669 0.2548 0.4403 0.0579 0.0800 
        D589  6 0.3888 0.0528 0.1409 0.3013 0.1162 
        D590  6 0.1325 0.0408 0.0605 0.6990 0.0672 
        D591  6 0.4200 0.0959 0.1397 0.2348 0.1096 
        D592  6 0.0450 0.0569 0.0480 0.0620 0.7881 
        D593  6 0.1651 0.0287 0.6670 0.0786 0.0606 
        D682  6 0.0642 0.0401 0.7804 0.0551 0.0602 
        D683  6 0.1221 0.6351 0.1427 0.0389 0.0612 
        D684  6 0.4915 0.0654 0.0216 0.2044 0.2171 
        D685  6 0.7520 0.0256 0.0578 0.1044 0.0602 
        D686  6 0.1629 0.0434 0.7075 0.0372 0.0489 
        D724  6 0.3350 0.3071 0.0453 0.1329 0.1796 
        D725  6 0.2195 0.0831 0.3876 0.2152 0.0947 
        D726  6 0.0344 0.0369 0.8601 0.0271 0.0415 
        D727  6 0.2554 0.1864 0.1138 0.3358 0.1087 
        D728  6 0.0809 0.0440 0.7905 0.0298 0.0548 
        D729  6 0.2580 0.1758 0.0238 0.1205 0.4219 
        D730  6 0.2483 0.2328 0.0608 0.2095 0.2486 
        D731  6 0.0358 0.0219 0.6770 0.2435 0.0218 
        D732  6 0.1677 0.5376 0.1251 0.0859 0.0837 
        D733  6 0.2026 0.2284 0.2093 0.1030 0.2568 
     D237251  7 0.1597 0.0520 0.0780 0.6401 0.0702 
     D237252  7 0.3696 0.0605 0.0356 0.2146 0.3197 
     D237253  7 0.2809 0.0653 0.1737 0.4267 0.0533 
     D237254  7 0.2194 0.0296 0.0258 0.0407 0.6846 
     D237255  7 0.1168 0.0399 0.0645 0.7403 0.0385 
     D237256  7 0.3180 0.0779 0.0759 0.4979 0.0303 
     D237257  7 0.6702 0.0456 0.0493 0.0834 0.1515 
     D237282  7 0.0985 0.6623 0.0284 0.0861 0.1248 
     D237283  7 0.2589 0.0188 0.0314 0.0416 0.6493 
     D237284  7 0.1109 0.0670 0.0273 0.0435 0.7514 
     D237285  7 0.2566 0.0755 0.4137 0.1741 0.0801 
     D237286  7 0.2280 0.2620 0.2322 0.1847 0.0931 
     D237287  7 0.2200 0.1182 0.0670 0.5329 0.0619 
     D244006  7 0.1259 0.0410 0.0263 0.0368 0.7700 
     D244007  7 0.2405 0.1990 0.0533 0.4118 0.0955 
     D244008  7 0.2484 0.0282 0.0591 0.0323 0.6320 
     D244009  7 0.1280 0.1634 0.1321 0.0439 0.5325 
     D244010  7 0.6408 0.0459 0.0477 0.0967 0.1688 
     D244011  7 0.3311 0.0894 0.2758 0.1790 0.1247 
     D244012  7 0.4529 0.1256 0.0573 0.2436 0.1207 
     D244013  7 0.0873 0.1998 0.1536 0.4858 0.0734 
     D244014  7 0.2511 0.0747 0.1039 0.2182 0.3521 
     D244015  7 0.4801 0.0917 0.0490 0.0816 0.2976 
     D244125  7 0.1182 0.2726 0.2752 0.2678 0.0662 
     D244126  7 0.1901 0.0267 0.0181 0.0195 0.7456 
     D244130  7 0.3622 0.0776 0.1189 0.1477 0.2937 
     D244131  7 0.1216 0.4517 0.2096 0.0735 0.1436 
     D244132  7 0.1013 0.3616 0.4025 0.0532 0.0814 
        D520  7 0.6153 0.0433 0.1410 0.0347 0.1657 
        D521  7 0.3257 0.2164 0.1245 0.1430 0.1904 
        D522  7 0.0686 0.2010 0.0714 0.0622 0.5969 
        D523  7 0.1520 0.0610 0.0698 0.6560 0.0612 
        D524  7 0.1216 0.1105 0.2091 0.4124 0.1464 
        D525  7 0.1323 0.0367 0.0372 0.2452 0.5487 
        D526  7 0.1796 0.0578 0.0208 0.0323 0.7094 
        D527  7 0.2563 0.3886 0.1147 0.0943 0.1461 
        D528  7 0.9337 0.0155 0.0169 0.0122 0.0218 
        D558  7 0.1905 0.4632 0.0481 0.1097 0.1885 
        D559  7 0.2910 0.4208 0.0297 0.1350 0.1237 
        D640  7 0.1722 0.2054 0.2918 0.2172 0.1134 
        D641  7 0.1511 0.0372 0.3821 0.2284 0.2013 
        D642  7 0.1214 0.0815 0.0914 0.1669 0.5389 
        D644  7 0.1190 0.1299 0.3615 0.1317 0.2579 
        D645  7 0.2318 0.1160 0.2077 0.2823 0.1622 
        D662  7 0.0467 0.1793 0.1055 0.0267 0.6418 
        D687  7 0.4282 0.2118 0.0848 0.1846 0.0905 
        D688  7 0.2606 0.4148 0.0314 0.1212 0.1720 
        D689  7 0.1817 0.2781 0.2070 0.1963 0.1369 
        D700  7 0.9276 0.0228 0.0165 0.0156 0.0175 
        D797  7 0.2181 0.2860 0.2114 0.1622 0.1224 
        D798  7 0.2589 0.0670 0.0483 0.0412 0.5845 
        D799  7 0.2637 0.0537 0.0433 0.4298 0.2094 
        D800  7 0.2230 0.4918 0.0368 0.0738 0.1746 
        D132  8 0.0638 0.0487 0.0608 0.0287 0.7980 
        D133  8 0.0644 0.0258 0.0209 0.8301 0.0587 
        D200  8 0.6910 0.0501 0.0454 0.1494 0.0641 
        D500  8 0.0296 0.0312 0.0352 0.0182 0.8857 
        D614  8 0.1855 0.1328 0.4365 0.0649 0.1803 
        D723  8 0.1562 0.3598 0.0581 0.1336 0.2924 
        D888  8 0.0803 0.0761 0.0379 0.7720 0.0337 
        D901  8 0.6046 0.0252 0.0819 0.0711 0.2172 
        D902  8 0.0996 0.0458 0.7179 0.0667 0.0700 
        D903  8 0.1709 0.6090 0.1194 0.0643 0.0363 
        D904  8 0.1620 0.5121 0.1092 0.0674 0.1492 
        D905  8 0.0857 0.0229 0.1624 0.7009 0.0282 
        D906  8 0.2897 0.1069 0.0439 0.4888 0.0707 
        D937  8 0.0759 0.0214 0.8349 0.0395 0.0283 
        D943  8 0.5294 0.0958 0.0537 0.0837 0.2374 
        D972  8 0.2855 0.2431 0.0600 0.0745 0.3368 
        D973  8 0.0824 0.7172 0.0643 0.0310 0.1052 
        D974  8 0.2672 0.1742 0.2216 0.1352 0.2019 
        D975  8 0.5915 0.0644 0.1119 0.1504 0.0817 
        D976  8 0.4885 0.0467 0.2126 0.1292 0.1230 
        D201  9 0.3793 0.1061 0.0655 0.2956 0.1534 
        D202  9 0.5364 0.0320 0.1319 0.2111 0.0885 
     D237259  9 0.6469 0.1406 0.0275 0.0793 0.1057 
     D237260  9 0.2894 0.0242 0.0700 0.4267 0.1896 
     D237262  9 0.0488 0.0352 0.0326 0.0253 0.8581 
     D237263  9 0.1984 0.0855 0.0388 0.1863 0.4910 
     D237264  9 0.2504 0.1001 0.1659 0.1664 0.3172 
     D237265  9 0.2528 0.0309 0.0671 0.5799 0.0693 
     D237266  9 0.0509 0.0723 0.0271 0.5561 0.2936 
     D237267  9 0.7316 0.0248 0.1365 0.0467 0.0604 
     D237268  9 0.3164 0.1141 0.0911 0.0521 0.4263 
     D237289  9 0.1093 0.0351 0.3273 0.4316 0.0968 
     D237290  9 0.1000 0.0302 0.0243 0.8077 0.0378 
     D237291  9 0.1535 0.0377 0.0800 0.6505 0.0783 
     D237292  9 0.3900 0.0305 0.0393 0.4028 0.1374 
     D237293  9 0.3381 0.1348 0.1928 0.0720 0.2623 
     D237294  9 0.3021 0.0292 0.1024 0.1381 0.4282 
     D237295  9 0.1772 0.3498 0.1943 0.0423 0.2364 
     D237296  9 0.4839 0.0726 0.0950 0.1820 0.1666 
     D237297  9 0.1131 0.0677 0.6872 0.0749 0.0572 
     D237298  9 0.2403 0.3852 0.0715 0.1507 0.1523 
     D237341  9 0.3265 0.1295 0.0518 0.3723 0.1200 
     D237342  9 0.2875 0.0503 0.0936 0.0684 0.5003 
     D237343  9 0.1831 0.0798 0.0548 0.2616 0.4206 
     D237344  9 0.1367 0.0573 0.4947 0.2009 0.1104 
     D237345  9 0.0925 0.0481 0.0188 0.0414 0.7993 
     D237346  9 0.1072 0.0511 0.1243 0.5386 0.1789 
     D237347  9 0.1235 0.1272 0.4506 0.2201 0.0786 
     D237348  9 0.1755 0.1322 0.1684 0.1885 0.3354 
     D237349  9 0.1274 0.2608 0.0333 0.3352 0.2434 
     D244109  9 0.2360 0.1121 0.0180 0.4895 0.1445 
     D244110  9 0.1369 0.0643 0.0370 0.6807 0.0811 
     D244111  9 0.3516 0.1611 0.1037 0.2664 0.1173 
     D244128  9 0.3806 0.0364 0.0362 0.0664 0.4804 
     D244137  9 0.0893 0.6082 0.0528 0.0721 0.1775 
     D244138  9 0.4134 0.0422 0.1342 0.2710 0.1393 
        D580  9 0.4951 0.0777 0.0957 0.0288 0.3028 
        D581  9 0.1780 0.0324 0.0281 0.7000 0.0616 
        D582  9 0.2510 0.0211 0.0326 0.0214 0.6739 
        D583  9 0.0473 0.0272 0.0313 0.7488 0.1454 
        D584  9 0.3046 0.0294 0.4303 0.0473 0.1884 
        D585  9 0.3555 0.0578 0.0362 0.1957 0.3549 
        D586  9 0.0706 0.0465 0.1044 0.7388 0.0398 
        D651  9 0.0858 0.5643 0.1107 0.1391 0.1000 
        D652  9 0.1136 0.1941 0.0246 0.1139 0.5537 
        D653  9 0.2767 0.2201 0.0568 0.3901 0.0563 
        D654  9 0.1207 0.3423 0.0391 0.2919 0.2060 
        D655  9 0.2407 0.1459 0.1950 0.3286 0.0898 
        D656  9 0.1261 0.0390 0.0607 0.0353 0.7389 
        D657  9 0.3969 0.0861 0.0925 0.1285 0.2959 
        D667  9 0.1473 0.0638 0.4500 0.2538 0.0852 
        D668  9 0.1630 0.0480 0.1403 0.1892 0.4595 
        D669  9 0.3839 0.0638 0.0630 0.3836 0.1057 
        D670  9 0.2839 0.4968 0.0744 0.0539 0.0910 
        D671  9 0.2075 0.0509 0.0650 0.5923 0.0844 
        D672  9 0.2569 0.0383 0.0401 0.0985 0.5662 
        D673  9 0.2437 0.1178 0.2953 0.0956 0.2476 
        D692  9 0.3285 0.0581 0.0487 0.2319 0.3329 
        D693  9 0.2365 0.1348 0.3065 0.1176 0.2046 
        D694  9 0.3135 0.0283 0.0561 0.0407 0.5615 
        D695  9 0.0865 0.2272 0.0565 0.0595 0.5704 
        D696  9 0.0258 0.0234 0.9094 0.0236 0.0178 
        D697  9 0.1397 0.1170 0.3564 0.2515 0.1353 
        D698  9 0.1412 0.0433 0.3014 0.4245 0.0895 
        D699  9 0.1446 0.0350 0.5892 0.1215 0.1098 
        D787  9 0.0756 0.3638 0.0440 0.1617 0.3549 
        D788  9 0.2451 0.0547 0.5689 0.0364 0.0949 
        D789  9 0.4302 0.0373 0.2186 0.1272 0.1867 
        D790  9 0.1265 0.1520 0.1075 0.2643 0.3498 
        D791  9 0.2081 0.0381 0.1936 0.4861 0.0742 
        D792  9 0.0749 0.3710 0.0644 0.2030 0.2867 
        D793  9 0.0555 0.2025 0.5457 0.1132 0.0831 
        D794  9 0.0826 0.2642 0.3695 0.1656 0.1181 
        D795  9 0.2723 0.0212 0.1120 0.0616 0.5329 
        D796  9 0.3279 0.0395 0.0853 0.4693 0.0779 
        D142 10 0.1771 0.1414 0.4730 0.1534 0.0551 
        D143 10 0.0380 0.0559 0.1214 0.7115 0.0733 
        D144 10 0.2077 0.1652 0.2869 0.0965 0.2438 
        D145 10 0.1881 0.0741 0.0483 0.6371 0.0524 
        D146 10 0.3506 0.0408 0.1059 0.0405 0.4622 
        D147 10 0.7753 0.0536 0.0425 0.0639 0.0647 
        D148 10 0.7130 0.0938 0.1135 0.0488 0.0308 
        D149 10 0.1907 0.0561 0.0310 0.6654 0.0568 
        D151 10 0.7671 0.0294 0.0479 0.1130 0.0427 
        D152 10 0.0342 0.0178 0.0210 0.9027 0.0243 
        D153 10 0.1141 0.5019 0.2470 0.0336 0.1035 
        D156 10 0.1998 0.6270 0.0545 0.0774 0.0413 
        D157 10 0.1137 0.0789 0.5396 0.0645 0.2033 
        D158 10 0.5586 0.0301 0.1755 0.1589 0.0769 
        D159 10 0.0432 0.0481 0.0406 0.8451 0.0230 
        D160 10 0.0436 0.0176 0.2768 0.6282 0.0339 
        D161 10 0.1720 0.2996 0.2428 0.1598 0.1258 
        D162 10 0.1175 0.5360 0.1533 0.1524 0.0408 
        D169 10 0.0616 0.0481 0.0317 0.0744 0.7841 
        D170 10 0.0911 0.0861 0.1613 0.0428 0.6187 
        D171 10 0.1945 0.0840 0.5912 0.0454 0.0850 
        D172 10 0.2688 0.2552 0.1291 0.1563 0.1906 
