        D174  1 0.0481 0.1937 0.7582 
        D199  1 0.3578 0.1066 0.5356 
        D203  1 0.4185 0.2413 0.3402 
        D204  1 0.1630 0.1783 0.6587 
     D237366  1 0.2008 0.6031 0.1961 
     D237367  1 0.1391 0.7075 0.1534 
     D237368  1 0.1941 0.5770 0.2289 
     D244101  1 0.6010 0.1012 0.2978 
     D244102  1 0.2221 0.2656 0.5123 
     D244103  1 0.0508 0.8082 0.1410 
     D244104  1 0.2140 0.2330 0.5530 
     D244105  1 0.0524 0.9068 0.0407 
     D244106  1 0.2892 0.1125 0.5983 
     D244107  1 0.0790 0.8923 0.0287 
     D244108  1 0.0825 0.1241 0.7934 
     D244113  1 0.0860 0.0531 0.8609 
     D244114  1 0.4284 0.2550 0.3165 
     D244115  1 0.0758 0.3320 0.5922 
     D267365  1 0.0955 0.1073 0.7972 
        D404  1 0.1208 0.0685 0.8107 
        D405  1 0.2169 0.1521 0.6310 
        D406  1 0.0230 0.8742 0.1028 
        D407  1 0.1023 0.7988 0.0989 
        D408  1 0.2292 0.1115 0.6592 
        D409  1 0.0718 0.8493 0.0789 
        D410  1 0.0160 0.9079 0.0761 
        D421  1 0.2057 0.3621 0.4322 
        D422  1 0.0283 0.9548 0.0169 
        D423  1 0.0238 0.9485 0.0277 
        D424  1 0.0250 0.7598 0.2152 
        D425  1 0.0781 0.1206 0.8012 
        D426  1 0.1357 0.8318 0.0325 
        D427  1 0.7775 0.0745 0.1480 
        D428  1 0.1318 0.3044 0.5638 
        D429  1 0.1183 0.2251 0.6566 
        D430  1 0.4091 0.2737 0.3172 
        D491  1 0.0341 0.0763 0.8896 
        D492  1 0.0945 0.3512 0.5543 
        D537  1 0.0528 0.4224 0.5248 
        D538  1 0.2196 0.3887 0.3917 
        D539  1 0.3765 0.1733 0.4502 
        D540  1 0.1019 0.5410 0.3571 
        D541  1 0.1340 0.2918 0.5743 
        D551  1 0.6594 0.2788 0.0618 
        D552  1 0.1087 0.3235 0.5677 
        D553  1 0.0572 0.5073 0.4355 
        D615  1 0.2336 0.3279 0.4385 
        D616  1 0.3005 0.4071 0.2924 
        D621  1 0.0785 0.6776 0.2439 
        D622  1 0.0634 0.8651 0.0716 
        D623  1 0.3487 0.0588 0.5925 
        D624  1 0.0619 0.0792 0.8589 
        D625  1 0.0421 0.2600 0.6978 
        D626  1 0.1379 0.3240 0.5381 
        D627  1 0.0876 0.8493 0.0631 
        D690  1 0.0339 0.2837 0.6824 
        D691  1 0.0548 0.8391 0.1061 
        D710  1 0.2023 0.2367 0.5610 
        D711  1 0.1144 0.2550 0.6306 
        D712  1 0.1124 0.0716 0.8159 
        D713  1 0.0453 0.1062 0.8485 
        D746  1 0.0371 0.9143 0.0486 
        D747  1 0.1796 0.2430 0.5774 
        D748  1 0.0439 0.6153 0.3409 
        D749  1 0.2169 0.6010 0.1821 
        D750  1 0.0638 0.1448 0.7913 
        D763  1 0.6346 0.2288 0.1366 
        D764  1 0.0362 0.2499 0.7139 
        D765  1 0.0617 0.6968 0.2415 
        D766  1 0.0316 0.6361 0.3323 
        D767  1 0.2439 0.3192 0.4368 
        D768  1 0.0640 0.6584 0.2776 
        D811  1 0.1094 0.1880 0.7026 
        D816  1 0.0514 0.1762 0.7724 
        D825  1 0.0514 0.2583 0.6903 
        D866  1 0.5986 0.0712 0.3302 
        D867  1 0.0408 0.9220 0.0372 
        D871  1 0.0527 0.8282 0.1191 
        D872  1 0.0823 0.2377 0.6799 
        D873  1 0.0281 0.9483 0.0236 
        D874  1 0.1239 0.0368 0.8394 
        D875  1 0.0247 0.9211 0.0541 
        D876  1 0.0548 0.1260 0.8192 
        D877  1 0.0532 0.0480 0.8989 
        D892  1 0.0455 0.2484 0.7061 
        D893  1 0.1846 0.4991 0.3163 
        D894  1 0.1665 0.3074 0.5262 
        D915  1 0.0612 0.4468 0.4920 
        D916  1 0.0696 0.3124 0.6179 
        D917  1 0.1694 0.0889 0.7417 
        D925  1 0.0415 0.7684 0.1901 
        D926  1 0.0632 0.3289 0.6079 
        D927  1 0.5766 0.1214 0.3019 
        D928  1 0.0216 0.0253 0.9531 
        D929  1 0.1294 0.2180 0.6526 
        D936  1 0.4297 0.1582 0.4121 
        D938  1 0.0230 0.9290 0.0480 
        D956  1 0.1528 0.1172 0.7299 
        D957  1 0.0838 0.3771 0.5391 
        D958  1 0.0346 0.2005 0.7648 
        D959  1 0.0540 0.8895 0.0565 
        D960  1 0.0309 0.8952 0.0739 
        D989  1 0.3110 0.0618 0.6272 
        D990  1 0.0998 0.8614 0.0388 
        D023  2 0.0366 0.8854 0.0780 
        D130  2 0.0411 0.8942 0.0647 
        D131  2 0.1908 0.6411 0.1682 
        D163  2 0.0422 0.9157 0.0421 
        D164  2 0.5352 0.4455 0.0192 
        D165  2 0.0576 0.9058 0.0366 
        D166  2 0.3185 0.4329 0.2486 
        D167  2 0.9358 0.0231 0.0411 
        D192  2 0.9644 0.0159 0.0198 
        D193  2 0.1210 0.1386 0.7404 
        D206  2 0.2447 0.5997 0.1556 
        D207  2 0.8153 0.0917 0.0929 
        D208  2 0.4859 0.0889 0.4252 
        D209  2 0.7013 0.2246 0.0741 
        D210  2 0.4760 0.0695 0.4546 
     D229599  2 0.3556 0.2544 0.3900 
     D229600  2 0.4775 0.4607 0.0618 
     D237227  2 0.2502 0.2837 0.4660 
     D237228  2 0.1931 0.4699 0.3371 
     D237258  2 0.4962 0.2322 0.2717 
     D237310  2 0.1352 0.7358 0.1290 
     D237311  2 0.3229 0.5968 0.0803 
     D237312  2 0.0762 0.5686 0.3552 
     D237313  2 0.0999 0.2864 0.6137 
     D237322  2 0.6414 0.1553 0.2033 
     D237323  2 0.1269 0.5965 0.2765 
     D237324  2 0.4075 0.5453 0.0472 
     D237325  2 0.1263 0.5307 0.3430 
     D237326  2 0.0661 0.6027 0.3311 
     D237327  2 0.8116 0.0976 0.0908 
     D237337  2 0.0333 0.7606 0.2060 
     D237338  2 0.2214 0.5706 0.2079 
     D237339  2 0.7064 0.0725 0.2211 
     D237340  2 0.4912 0.2422 0.2667 
     D237389  2 0.1018 0.8019 0.0963 
     D237390  2 0.0996 0.4386 0.4618 
     D244017  2 0.4936 0.0909 0.4155 
     D244112  2 0.8740 0.0972 0.0288 
     D244118  2 0.7866 0.1792 0.0342 
     D244119  2 0.6008 0.0426 0.3566 
     D244120  2 0.8203 0.0590 0.1207 
     D244122  2 0.8293 0.0777 0.0930 
        D291  2 0.6352 0.2556 0.1093 
        D292  2 0.6728 0.0653 0.2619 
        D293  2 0.8770 0.0327 0.0902 
        D322  2 0.7962 0.0654 0.1384 
        D323  2 0.3785 0.1740 0.4475 
        D324  2 0.3611 0.3406 0.2983 
        D325  2 0.8898 0.0916 0.0185 
        D326  2 0.1273 0.1695 0.7032 
        D340  2 0.9465 0.0337 0.0198 
        D341  2 0.9187 0.0381 0.0431 
        D342  2 0.7468 0.1997 0.0535 
        D343  2 0.9705 0.0183 0.0112 
        D344  2 0.1535 0.3425 0.5040 
        D345  2 0.1257 0.4522 0.4222 
        D346  2 0.2742 0.0996 0.6262 
        D351  2 0.4142 0.3845 0.2012 
        D352  2 0.3647 0.2717 0.3636 
        D353  2 0.1559 0.4560 0.3882 
        D354  2 0.0635 0.2000 0.7365 
        D362  2 0.0720 0.3401 0.5879 
        D363  2 0.0699 0.2172 0.7129 
        D364  2 0.0776 0.2705 0.6518 
        D365  2 0.9625 0.0190 0.0185 
        D369  2 0.4893 0.2136 0.2971 
        D374  2 0.0313 0.0312 0.9374 
        D375  2 0.1450 0.3719 0.4831 
        D376  2 0.0909 0.0897 0.8195 
        D377  2 0.2216 0.4071 0.3713 
        D378  2 0.6909 0.1407 0.1684 
        D379  2 0.0595 0.1983 0.7423 
        D384  2 0.0533 0.1433 0.8034 
        D385  2 0.9413 0.0282 0.0305 
        D386  2 0.3179 0.3082 0.3739 
        D391  2 0.9400 0.0240 0.0360 
        D392  2 0.8228 0.0718 0.1054 
        D393  2 0.5966 0.1897 0.2137 
        D394  2 0.2603 0.4625 0.2773 
        D395  2 0.8137 0.1127 0.0737 
        D401  2 0.0462 0.8924 0.0614 
        D402  2 0.9509 0.0241 0.0250 
        D403  2 0.0940 0.6298 0.2761 
        D415  2 0.0404 0.8368 0.1228 
        D435  2 0.5781 0.3262 0.0957 
        D436  2 0.1372 0.1970 0.6659 
        D438  2 0.9395 0.0320 0.0286 
        D439  2 0.4193 0.4097 0.1710 
        D449  2 0.6348 0.3152 0.0500 
        D450  2 0.0736 0.1527 0.7737 
        D456  2 0.0458 0.4814 0.4728 
        D462  2 0.9459 0.0255 0.0286 
        D463  2 0.0384 0.1844 0.7772 
        D464  2 0.2878 0.2393 0.4729 
        D465  2 0.4986 0.4059 0.0956 
        D473  2 0.1521 0.1363 0.7116 
        D474  2 0.3948 0.2602 0.3450 
        D476  2 0.2607 0.6863 0.0529 
        D477  2 0.2559 0.1862 0.5579 
        D478  2 0.1521 0.3459 0.5020 
        D480  2 0.5300 0.0622 0.4079 
        D481  2 0.2623 0.2300 0.5077 
        D482  2 0.5818 0.1774 0.2409 
        D483  2 0.9248 0.0298 0.0454 
        D484  2 0.5811 0.1236 0.2952 
        D510  2 0.1146 0.0452 0.8402 
        D511  2 0.6404 0.1400 0.2196 
        D512  2 0.2042 0.7662 0.0296 
        D513  2 0.6201 0.2414 0.1385 
        D635  2 0.0831 0.6763 0.2406 
        D636  2 0.0325 0.9315 0.0360 
        D637  2 0.6864 0.1431 0.1705 
        D658  2 0.7975 0.0558 0.1466 
        D659  2 0.1699 0.4678 0.3623 
        D677  2 0.2912 0.4897 0.2191 
        D678  2 0.8406 0.0999 0.0596 
        D679  2 0.3657 0.2105 0.4238 
        D719  2 0.2707 0.0361 0.6932 
        D720  2 0.0862 0.1505 0.7633 
        D721  2 0.2510 0.6709 0.0781 
        D722  2 0.0678 0.0769 0.8553 
        D734  2 0.4977 0.0415 0.4608 
        D735  2 0.3034 0.2273 0.4693 
        D736  2 0.3058 0.1584 0.5358 
        D737  2 0.8396 0.0779 0.0825 
        D807  2 0.2812 0.1007 0.6181 
        D808  2 0.4353 0.4330 0.1317 
        D817  2 0.0796 0.2034 0.7170 
        D818  2 0.6259 0.2976 0.0765 
        D819  2 0.1962 0.5559 0.2479 
        D820  2 0.1848 0.1034 0.7118 
        D895  2 0.1116 0.6637 0.2247 
        D896  2 0.0317 0.8703 0.0980 
        D897  2 0.8422 0.1042 0.0535 
        D898  2 0.2531 0.3195 0.4274 
        D918  2 0.3617 0.4864 0.1519 
        D919  2 0.6321 0.1701 0.1978 
        D920  2 0.0493 0.8981 0.0526 
        D923  2 0.1550 0.2381 0.6069 
        D930  2 0.1321 0.1651 0.7028 
        D931  2 0.4347 0.1673 0.3981 
        D968  2 0.9582 0.0194 0.0224 
        D969  2 0.6492 0.1027 0.2480 
        D977  2 0.8052 0.1648 0.0300 
        D978  2 0.7455 0.1078 0.1468 
        D211  3 0.0967 0.7991 0.1042 
     D229639  3 0.7752 0.0729 0.1519 
     D237212  3 0.5971 0.2696 0.1333 
     D237213  3 0.1742 0.6333 0.1925 
     D237214  3 0.0330 0.8769 0.0901 
     D237215  3 0.8616 0.0286 0.1098 
     D237216  3 0.2630 0.6579 0.0791 
     D237217  3 0.0989 0.8420 0.0591 
     D237218  3 0.7346 0.1414 0.1241 
     D237219  3 0.2222 0.6280 0.1499 
     D237382  3 0.1236 0.2636 0.6128 
     D244127  3 0.1977 0.7504 0.0519 
     D244129  3 0.2990 0.4132 0.2878 
     D244133  3 0.3144 0.4270 0.2586 
     D244134  3 0.4945 0.2000 0.3055 
     D244135  3 0.0847 0.8702 0.0451 
     D244136  3 0.1721 0.1874 0.6406 
        D416  3 0.4638 0.4396 0.0966 
        D417  3 0.0520 0.3738 0.5742 
        D419  3 0.3706 0.3969 0.2326 
        D565  3 0.0435 0.0482 0.9083 
        D566  3 0.5136 0.1187 0.3677 
        D567  3 0.0835 0.5279 0.3886 
        D568  3 0.3519 0.4910 0.1571 
        D569  3 0.6179 0.2158 0.1663 
        D573  3 0.8929 0.0688 0.0384 
        D574  3 0.1364 0.2129 0.6507 
        D575  3 0.2060 0.4368 0.3573 
        D576  3 0.9242 0.0386 0.0372 
        D577  3 0.0818 0.2800 0.6382 
        D578  3 0.0314 0.9437 0.0249 
        D579  3 0.2955 0.2213 0.4833 
        D660  3 0.6530 0.2950 0.0520 
        D661  3 0.8833 0.0742 0.0425 
        D663  3 0.8790 0.0574 0.0636 
        D664  3 0.2842 0.4883 0.2276 
        D665  3 0.2437 0.7200 0.0364 
        D666  3 0.1558 0.5133 0.3309 
        D009  4 0.0746 0.7660 0.1593 
        D057  4 0.7214 0.1686 0.1100 
        D109  4 0.0627 0.8191 0.1182 
     D237222  4 0.0838 0.6454 0.2708 
     D237223  4 0.1896 0.6007 0.2097 
     D237224  4 0.6965 0.1225 0.1810 
     D237225  4 0.1070 0.7096 0.1834 
     D237299  4 0.0862 0.8620 0.0518 
     D237300  4 0.8783 0.0547 0.0670 
     D237306  4 0.0897 0.1637 0.7466 
     D237307  4 0.1300 0.2030 0.6669 
     D237308  4 0.7428 0.1122 0.1450 
     D237309  4 0.1215 0.7044 0.1741 
     D237317  4 0.0442 0.0987 0.8572 
     D237318  4 0.9299 0.0275 0.0427 
     D237319  4 0.1720 0.5937 0.2343 
     D237320  4 0.3739 0.5044 0.1217 
     D237321  4 0.8335 0.0829 0.0836 
     D237397  4 0.3259 0.2619 0.4122 
     D237398  4 0.7773 0.1614 0.0613 
     D237399  4 0.3285 0.1990 0.4725 
     D244001  4 0.0905 0.8252 0.0843 
        D289  4 0.3940 0.1263 0.4797 
        D290  4 0.3435 0.1930 0.4635 
        D294  4 0.4435 0.1891 0.3674 
        D295  4 0.1574 0.3134 0.5292 
        D301  4 0.2215 0.7015 0.0770 
        D302  4 0.1728 0.2163 0.6109 
        D303  4 0.1779 0.1254 0.6967 
        D304  4 0.3307 0.0911 0.5782 
        D305  4 0.6225 0.3259 0.0517 
        D306  4 0.1570 0.1894 0.6536 
        D307  4 0.1192 0.8133 0.0676 
        D327  4 0.1619 0.1899 0.6482 
        D328  4 0.1399 0.1241 0.7360 
        D329  4 0.6399 0.1881 0.1720 
        D330  4 0.0844 0.6896 0.2260 
        D331  4 0.2835 0.2105 0.5060 
        D333  4 0.2876 0.2121 0.5003 
        D334  4 0.0592 0.1323 0.8084 
        D335  4 0.1913 0.0744 0.7343 
        D370  4 0.0982 0.2112 0.6906 
        D371  4 0.0645 0.0434 0.8921 
        D372  4 0.9035 0.0506 0.0458 
        D373  4 0.2012 0.7670 0.0318 
        D455  4 0.1584 0.7892 0.0524 
        D490  4 0.0262 0.9327 0.0411 
        D497  4 0.0683 0.8842 0.0475 
        D498  4 0.2805 0.2047 0.5147 
        D499  4 0.7543 0.0860 0.1597 
        D514  4 0.2093 0.4323 0.3584 
        D515  4 0.0724 0.7663 0.1614 
        D516  4 0.1950 0.4012 0.4038 
        D517  4 0.1017 0.8653 0.0330 
        D518  4 0.2374 0.1989 0.5637 
        D519  4 0.1582 0.7730 0.0688 
        D560  4 0.2065 0.7020 0.0916 
        D561  4 0.0569 0.9052 0.0379 
        D562  4 0.3785 0.3115 0.3100 
        D563  4 0.8415 0.1145 0.0440 
        D572  4 0.2710 0.2406 0.4884 
        D629  4 0.1319 0.5651 0.3030 
        D630  4 0.2092 0.3269 0.4639 
        D631  4 0.7236 0.0909 0.1855 
        D632  4 0.3163 0.5991 0.0847 
        D646  4 0.1332 0.7145 0.1523 
        D647  4 0.2619 0.4397 0.2984 
        D648  4 0.1859 0.1028 0.7113 
        D649  4 0.0926 0.5530 0.3544 
        D650  4 0.1123 0.2417 0.6459 
        D708  4 0.1482 0.1751 0.6766 
        D709  4 0.1594 0.1664 0.6742 
        D738  4 0.0599 0.1722 0.7679 
        D739  4 0.2148 0.5728 0.2125 
        D740  4 0.5288 0.3250 0.1462 
        D741  4 0.2931 0.6409 0.0661 
        D742  4 0.7681 0.0782 0.1538 
        D743  4 0.3340 0.1427 0.5233 
        D744  4 0.6455 0.1622 0.1923 
        D745  4 0.0665 0.8801 0.0534 
        D814  4 0.6791 0.2615 0.0594 
        D815  4 0.2155 0.1267 0.6578 
        D828  4 0.4914 0.0878 0.4209 
        D845  4 0.9136 0.0301 0.0563 
        D846  4 0.5310 0.3660 0.1030 
        D847  4 0.3004 0.3873 0.3123 
        D848  4 0.3592 0.6106 0.0302 
        D849  4 0.0808 0.8343 0.0849 
        D850  4 0.2252 0.5005 0.2743 
        D856  4 0.1456 0.6076 0.2467 
        D857  4 0.1102 0.8397 0.0500 
        D859  4 0.4633 0.1598 0.3768 
        D860  4 0.3171 0.0514 0.6315 
        D883  4 0.1248 0.3542 0.5210 
        D884  4 0.0802 0.4206 0.4992 
        D885  4 0.4829 0.4266 0.0905 
        D886  4 0.1628 0.4711 0.3660 
        D887  4 0.6360 0.1743 0.1897 
        D889  4 0.6651 0.0567 0.2782 
        D890  4 0.1906 0.2265 0.5830 
        D891  4 0.9653 0.0172 0.0175 
        D899  4 0.7382 0.0418 0.2201 
        D900  4 0.2095 0.3843 0.4062 
        D970  4 0.3998 0.2333 0.3669 
        D971  4 0.7384 0.0838 0.1777 
        D979  4 0.1775 0.0790 0.7435 
        D093  5 0.1526 0.1222 0.7252 
        D154  5 0.6768 0.1678 0.1554 
        D168  5 0.5038 0.4046 0.0916 
        D189  5 0.4061 0.0995 0.4944 
        D190  5 0.1238 0.0413 0.8349 
     D237220  5 0.3415 0.4757 0.1827 
     D237221  5 0.3910 0.1060 0.5030 
     D237274  5 0.0748 0.2606 0.6646 
     D237275  5 0.9026 0.0495 0.0479 
     D237276  5 0.1134 0.2551 0.6315 
     D237277  5 0.3841 0.0726 0.5432 
     D237278  5 0.7028 0.1274 0.1698 
     D237279  5 0.0487 0.9155 0.0357 
     D237280  5 0.0874 0.6267 0.2859 
     D237281  5 0.9301 0.0394 0.0305 
     D237351  5 0.0913 0.7453 0.1635 
     D237352  5 0.1481 0.4641 0.3878 
     D237353  5 0.1226 0.0432 0.8342 
     D237359  5 0.4057 0.4489 0.1454 
     D237361  5 0.0575 0.0481 0.8943 
     D237362  5 0.2059 0.2779 0.5161 
     D237363  5 0.2798 0.5365 0.1837 
     D237364  5 0.5194 0.3772 0.1034 
     D237376  5 0.2819 0.0684 0.6497 
     D237377  5 0.1138 0.5280 0.3581 
     D237378  5 0.4221 0.1065 0.4714 
     D237379  5 0.2467 0.1711 0.5822 
     D237380  5 0.0233 0.5978 0.3789 
     D237381  5 0.1427 0.5856 0.2717 
     D237391  5 0.1506 0.0990 0.7504 
     D237392  5 0.2153 0.2744 0.5103 
     D237393  5 0.1583 0.1871 0.6547 
     D237394  5 0.0329 0.0494 0.9177 
     D237395  5 0.2587 0.3275 0.4139 
     D237396  5 0.2056 0.2928 0.5017 
     D244016  5 0.3324 0.1581 0.5095 
     D244018  5 0.5876 0.2396 0.1727 
     D244019  5 0.2949 0.1812 0.5239 
        D279  5 0.7264 0.1818 0.0918 
        D280  5 0.3139 0.2066 0.4795 
        D281  5 0.8679 0.0551 0.0770 
        D283  5 0.1317 0.0841 0.7842 
        D284  5 0.2113 0.6513 0.1375 
        D285  5 0.2149 0.1062 0.6788 
        D286  5 0.2126 0.1750 0.6124 
        D287  5 0.1948 0.1620 0.6432 
        D288  5 0.2676 0.0949 0.6376 
        D308  5 0.0282 0.8879 0.0839 
        D309  5 0.3063 0.2330 0.4608 
        D310  5 0.1091 0.0675 0.8235 
        D311  5 0.1544 0.1394 0.7063 
        D312  5 0.1130 0.1002 0.7868 
        D313  5 0.0228 0.9523 0.0249 
        D314  5 0.4845 0.3371 0.1784 
        D315  5 0.1488 0.1786 0.6726 
        D317  5 0.0488 0.0352 0.9160 
        D318  5 0.3132 0.4240 0.2628 
        D319  5 0.1247 0.0586 0.8168 
        D320  5 0.1062 0.0656 0.8283 
        D321  5 0.0761 0.8224 0.1015 
        D336  5 0.0332 0.0459 0.9209 
        D337  5 0.0814 0.0244 0.8942 
        D338  5 0.3137 0.3023 0.3840 
        D339  5 0.1885 0.1128 0.6986 
        D347  5 0.1691 0.0682 0.7627 
        D348  5 0.0623 0.0294 0.9082 
        D349  5 0.0673 0.8366 0.0962 
        D350  5 0.5127 0.1443 0.3429 
        D355  5 0.7791 0.0817 0.1392 
        D356  5 0.0659 0.1515 0.7825 
        D357  5 0.1882 0.2138 0.5980 
        D358  5 0.1510 0.1249 0.7241 
        D359  5 0.0405 0.0574 0.9021 
        D360  5 0.0633 0.1609 0.7758 
        D361  5 0.0329 0.9056 0.0615 
        D366  5 0.4175 0.3980 0.1845 
        D367  5 0.1444 0.1663 0.6893 
        D368  5 0.0852 0.3444 0.5704 
        D380  5 0.3445 0.3552 0.3002 
        D381  5 0.1290 0.0910 0.7800 
        D400  5 0.3939 0.0742 0.5318 
        D411  5 0.0346 0.9422 0.0232 
        D412  5 0.4120 0.2180 0.3700 
        D413  5 0.8778 0.0841 0.0382 
        D414  5 0.8298 0.0742 0.0960 
        D420  5 0.3174 0.5261 0.1565 
        D431  5 0.5995 0.1706 0.2298 
        D432  5 0.3381 0.1400 0.5218 
        D433  5 0.1956 0.0741 0.7303 
        D434  5 0.0664 0.0864 0.8472 
        D440  5 0.4887 0.1784 0.3328 
        D447  5 0.1999 0.6093 0.1908 
        D448  5 0.1543 0.0544 0.7913 
        D459  5 0.8817 0.0405 0.0778 
        D460  5 0.0617 0.8314 0.1070 
        D461  5 0.3500 0.1321 0.5179 
        D468  5 0.1469 0.3838 0.4693 
        D469  5 0.1377 0.3135 0.5488 
        D470  5 0.1013 0.5166 0.3821 
        D471  5 0.2348 0.0438 0.7214 
        D472  5 0.5384 0.1051 0.3566 
        D479  5 0.9134 0.0327 0.0540 
        D485  5 0.3121 0.1551 0.5328 
        D486  5 0.1019 0.5299 0.3682 
        D487  5 0.7717 0.0716 0.1567 
        D555  5 0.1692 0.0520 0.7788 
        D556  5 0.4438 0.1221 0.4340 
        D557  5 0.1097 0.0341 0.8561 
        D564  5 0.1804 0.2422 0.5774 
        D594  5 0.1557 0.2500 0.5943 
        D595  5 0.2602 0.1900 0.5498 
        D596  5 0.0910 0.0388 0.8702 
        D597  5 0.4056 0.0646 0.5297 
        D598  5 0.2029 0.1634 0.6337 
        D617  5 0.2181 0.7442 0.0376 
        D618  5 0.2755 0.1162 0.6083 
        D619  5 0.0528 0.3513 0.5959 
        D620  5 0.9348 0.0251 0.0401 
        D628  5 0.3035 0.2211 0.4754 
        D714  5 0.6380 0.0827 0.2794 
        D715  5 0.2302 0.0433 0.7265 
        D716  5 0.2868 0.1111 0.6020 
        D717  5 0.1521 0.1480 0.6999 
        D718  5 0.1928 0.5628 0.2444 
        D769  5 0.1486 0.7853 0.0661 
        D770  5 0.6670 0.1051 0.2279 
        D771  5 0.5961 0.1764 0.2276 
        D772  5 0.2108 0.1399 0.6493 
        D782  5 0.1961 0.7467 0.0572 
        D783  5 0.7230 0.0901 0.1869 
        D784  5 0.2283 0.1855 0.5862 
        D785  5 0.0660 0.1358 0.7983 
        D786  5 0.1226 0.6729 0.2045 
        D821  5 0.0831 0.0358 0.8810 
        D822  5 0.1260 0.1149 0.7591 
        D826  5 0.5697 0.0832 0.3471 
        D827  5 0.1816 0.3183 0.5001 
        D851  5 0.2448 0.2949 0.4603 
        D852  5 0.7152 0.1009 0.1838 
        D853  5 0.2660 0.1633 0.5707 
        D854  5 0.4702 0.3625 0.1673 
        D861  5 0.4126 0.2777 0.3097 
        D862  5 0.0405 0.0835 0.8759 
        D865  5 0.1859 0.0888 0.7252 
        D868  5 0.1399 0.2318 0.6283 
        D869  5 0.0256 0.9401 0.0343 
        D870  5 0.0593 0.9093 0.0314 
        D907  5 0.1119 0.1592 0.7289 
        D908  5 0.7746 0.0652 0.1603 
        D910  5 0.3176 0.0608 0.6217 
        D911  5 0.8276 0.0491 0.1233 
        D934  5 0.7161 0.1356 0.1483 
        D946  5 0.7091 0.1309 0.1599 
        D947  5 0.3432 0.2874 0.3693 
        D948  5 0.0622 0.7797 0.1581 
        D949  5 0.0513 0.8246 0.1241 
        D950  5 0.8584 0.0546 0.0870 
        D951  5 0.0657 0.2549 0.6795 
        D952  5 0.1128 0.1035 0.7837 
        D953  5 0.1129 0.0872 0.7999 
        D954  5 0.0575 0.1219 0.8206 
        D961  5 0.2572 0.1759 0.5669 
        D962  5 0.0462 0.0539 0.8999 
        D963  5 0.2426 0.0855 0.6719 
        D964  5 0.3964 0.4061 0.1975 
        D965  5 0.3899 0.1614 0.4487 
        D966  5 0.4076 0.1012 0.4912 
        D967  5 0.5209 0.1744 0.3046 
        D991  5 0.1490 0.2986 0.5525 
        D502  6 0.4958 0.4404 0.0638 
        D503  6 0.6159 0.3355 0.0487 
        D504  6 0.2498 0.2417 0.5085 
        D505  6 0.3381 0.2229 0.4390 
        D506  6 0.0267 0.0681 0.9052 
        D507  6 0.5533 0.3149 0.1318 
        D508  6 0.4751 0.1993 0.3256 
        D529  6 0.1756 0.4863 0.3381 
        D530  6 0.2238 0.2315 0.5447 
        D531  6 0.2788 0.2582 0.4630 
        D532  6 0.0986 0.1281 0.7733 
        D534  6 0.0747 0.8704 0.0549 
        D535  6 0.0831 0.1802 0.7367 
        D536  6 0.8058 0.1615 0.0328 
        D554  6 0.1269 0.2605 0.6125 
        D587  6 0.0947 0.0701 0.8352 
        D588  6 0.1153 0.1854 0.6993 
        D589  6 0.6851 0.1965 0.1184 
        D590  6 0.8451 0.1028 0.0521 
        D591  6 0.4616 0.3483 0.1901 
        D592  6 0.1404 0.7611 0.0985 
        D593  6 0.2500 0.1667 0.5834 
        D682  6 0.0894 0.1209 0.7897 
        D683  6 0.0587 0.2210 0.7202 
        D684  6 0.5331 0.4356 0.0312 
        D685  6 0.4537 0.4747 0.0715 
        D686  6 0.0466 0.0894 0.8639 
        D724  6 0.3550 0.4055 0.2395 
        D725  6 0.4573 0.1885 0.3542 
        D726  6 0.0705 0.0736 0.8559 
        D727  6 0.4738 0.3502 0.1760 
        D728  6 0.0676 0.1395 0.7929 
        D729  6 0.1100 0.8488 0.0412 
        D730  6 0.3831 0.4275 0.1894 
        D731  6 0.5700 0.0394 0.3906 
        D732  6 0.2756 0.2704 0.4540 
        D733  6 0.3254 0.2311 0.4435 
     D237251  7 0.7031 0.0720 0.2249 
     D237252  7 0.3944 0.5191 0.0866 
     D237253  7 0.6396 0.1276 0.2329 
     D237254  7 0.0390 0.9323 0.0287 
     D237255  7 0.8307 0.0534 0.1159 
     D237256  7 0.7719 0.0917 0.1364 
     D237257  7 0.1493 0.7723 0.0784 
     D237282  7 0.3129 0.4086 0.2785 
     D237283  7 0.0649 0.9028 0.0323 
     D237284  7 0.0469 0.9086 0.0445 
     D237285  7 0.2801 0.1455 0.5745 
     D237286  7 0.3963 0.2264 0.3772 
     D237287  7 0.6025 0.2501 0.1474 
     D244006  7 0.0436 0.9252 0.0313 
     D244007  7 0.6095 0.2407 0.1498 
     D244008  7 0.0603 0.8818 0.0579 
     D244009  7 0.0873 0.5896 0.3231 
     D244010  7 0.2597 0.6512 0.0891 
     D244011  7 0.6357 0.1370 0.2273 
     D244012  7 0.5747 0.3498 0.0755 
     D244013  7 0.6726 0.0584 0.2690 
     D244014  7 0.5612 0.3632 0.0756 
     D244015  7 0.0766 0.8747 0.0486 
     D244125  7 0.4729 0.0976 0.4295 
     D244126  7 0.0619 0.9165 0.0216 
     D244130  7 0.2528 0.4597 0.2875 
     D244131  7 0.2033 0.1999 0.5967 
     D244132  7 0.0627 0.0656 0.8716 
        D520  7 0.0724 0.6272 0.3004 
        D521  7 0.2851 0.3348 0.3801 
        D522  7 0.1288 0.6381 0.2331 
        D523  7 0.8271 0.0680 0.1049 
        D524  7 0.5007 0.1731 0.3262 
        D525  7 0.3749 0.5793 0.0458 
        D526  7 0.0381 0.9319 0.0300 
        D527  7 0.3590 0.3827 0.2583 
        D528  7 0.0155 0.8761 0.1084 
        D558  7 0.5046 0.3027 0.1927 
        D559  7 0.5690 0.3034 0.1277 
        D640  7 0.4013 0.1466 0.4522 
        D641  7 0.5172 0.2894 0.1934 
        D642  7 0.3334 0.5209 0.1458 
        D644  7 0.1997 0.2833 0.5170 
        D645  7 0.4709 0.3154 0.2138 
        D662  7 0.0333 0.5805 0.3861 
        D687  7 0.6541 0.1975 0.1483 
        D688  7 0.2967 0.4852 0.2181 
        D689  7 0.3567 0.1888 0.4545 
        D700  7 0.0226 0.8791 0.0984 
        D797  7 0.3485 0.2508 0.4007 
        D798  7 0.0729 0.8467 0.0803 
        D799  7 0.7931 0.1352 0.0716 
        D800  7 0.4039 0.4398 0.1563 
        D132  8 0.0502 0.8980 0.0519 
        D133  8 0.9306 0.0493 0.0201 
        D200  8 0.5378 0.1502 0.3120 
        D500  8 0.0232 0.9350 0.0419 
        D614  8 0.1299 0.1966 0.6735 
        D723  8 0.2143 0.5559 0.2298 
        D888  8 0.9264 0.0312 0.0424 
        D901  8 0.1714 0.7356 0.0930 
        D902  8 0.1339 0.1041 0.7620 
        D903  8 0.1926 0.1085 0.6990 
        D904  8 0.2681 0.3342 0.3977 
        D905  8 0.8856 0.0214 0.0929 
        D906  8 0.7554 0.1796 0.0650 
        D937  8 0.1385 0.0670 0.7945 
        D943  8 0.3537 0.5421 0.1042 
        D972  8 0.1455 0.6687 0.1857 
        D973  8 0.0611 0.3349 0.6040 
        D974  8 0.2136 0.3616 0.4248 
        D975  8 0.3986 0.1363 0.4651 
        D976  8 0.4523 0.3563 0.1915 
        D201  9 0.6803 0.2271 0.0927 
        D202  9 0.6421 0.2332 0.1247 
     D237259  9 0.1618 0.7776 0.0606 
     D237260  9 0.7485 0.2027 0.0488 
     D237262  9 0.0496 0.9095 0.0409 
     D237263  9 0.4218 0.4993 0.0789 
     D237264  9 0.2808 0.4755 0.2437 
     D237265  9 0.8245 0.1247 0.0507 
     D237266  9 0.6895 0.2640 0.0465 
     D237267  9 0.1221 0.5148 0.3631 
     D237268  9 0.1179 0.6341 0.2479 
     D237289  9 0.6825 0.1362 0.1813 
     D237290  9 0.9210 0.0525 0.0265 
     D237291  9 0.8207 0.0986 0.0808 
     D237292  9 0.5960 0.3681 0.0360 
     D237293  9 0.1465 0.4631 0.3905 
     D237294  9 0.3832 0.5314 0.0853 
     D237295  9 0.0693 0.3567 0.5740 
     D237296  9 0.3299 0.3340 0.3361 
     D237297  9 0.2355 0.1212 0.6432 
     D237298  9 0.4574 0.2773 0.2653 
     D237341  9 0.6952 0.1392 0.1657 
     D237342  9 0.2061 0.6621 0.1318 
     D237343  9 0.6173 0.3135 0.0692 
     D237344  9 0.3791 0.1732 0.4477 
     D237345  9 0.0880 0.8844 0.0276 
     D237346  9 0.7742 0.0895 0.1363 
     D237347  9 0.3921 0.0852 0.5227 
     D237348  9 0.3131 0.3243 0.3626 
     D237349  9 0.4738 0.4706 0.0556 
     D244109  9 0.7060 0.2669 0.0271 
     D244110  9 0.7252 0.2177 0.0571 
     D244111  9 0.5564 0.2594 0.1842 
     D244128  9 0.1455 0.7986 0.0559 
     D244137  9 0.2289 0.3366 0.4345 
     D244138  9 0.6268 0.2252 0.1480 
        D580  9 0.0479 0.8473 0.1047 
        D581  9 0.8848 0.0808 0.0344 
        D582  9 0.0347 0.9294 0.0359 
        D583  9 0.8792 0.0888 0.0320 
        D584  9 0.1516 0.4655 0.3829 
        D585  9 0.3381 0.6221 0.0397 
        D586  9 0.9010 0.0465 0.0525 
        D651  9 0.2560 0.2021 0.5418 
        D652  9 0.2358 0.6954 0.0688 
        D653  9 0.6733 0.1558 0.1709 
        D654  9 0.5857 0.2991 0.1152 
        D655  9 0.4534 0.1515 0.3951 
        D656  9 0.0582 0.8893 0.0525 
        D657  9 0.3578 0.4343 0.2079 
        D667  9 0.3087 0.1379 0.5534 
        D668  9 0.3850 0.4817 0.1333 
        D669  9 0.7779 0.1457 0.0763 
        D670  9 0.1167 0.5029 0.3804 
        D671  9 0.7876 0.1504 0.0620 
        D672  9 0.1490 0.7913 0.0596 
        D673  9 0.2365 0.4029 0.3606 
        D692  9 0.1584 0.8061 0.0356 
        D693  9 0.1617 0.3863 0.4521 
        D694  9 0.1433 0.7844 0.0723 
        D695  9 0.1797 0.5563 0.2640 
        D696  9 0.0628 0.0311 0.9061 
        D697  9 0.2719 0.1680 0.5600 
        D698  9 0.6160 0.1144 0.2696 
        D699  9 0.3006 0.2174 0.4820 
        D787  9 0.2407 0.6320 0.1273 
        D788  9 0.0640 0.2759 0.6601 
        D789  9 0.3156 0.4502 0.2341 
        D790  9 0.3296 0.5195 0.1510 
        D791  9 0.8215 0.0725 0.1060 
        D792  9 0.4420 0.4205 0.1375 
        D793  9 0.1666 0.0943 0.7391 
        D794  9 0.2375 0.1887 0.5737 
        D795  9 0.1314 0.7680 0.1006 
        D796  9 0.6799 0.1947 0.1255 
        D142 10 0.1998 0.0803 0.7199 
        D143 10 0.8514 0.0550 0.0936 
        D144 10 0.2022 0.3165 0.4813 
        D145 10 0.8726 0.0714 0.0560 
        D146 10 0.0825 0.7527 0.1648 
        D147 10 0.2779 0.5727 0.1494 
        D148 10 0.0961 0.7574 0.1465 
        D149 10 0.8456 0.1097 0.0447 
        D151 10 0.1451 0.7634 0.0915 
        D152 10 0.9546 0.0252 0.0202 
        D153 10 0.0576 0.1228 0.8196 
        D156 10 0.4756 0.1370 0.3874 
        D157 10 0.1420 0.2026 0.6554 
        D158 10 0.5085 0.2824 0.2092 
        D159 10 0.9345 0.0238 0.0417 
        D160 10 0.8076 0.0446 0.1478 
        D161 10 0.3037 0.3195 0.3767 
        D162 10 0.5325 0.0642 0.4033 
        D169 10 0.0767 0.8769 0.0464 
        D170 10 0.0754 0.8149 0.1097 
        D171 10 0.1686 0.2664 0.5650 
        D172 10 0.4156 0.3044 0.2800 
        D173 10 0.9294 0.0441 0.0265 
        D181 10 0.3356 0.1111 0.5533 
        D182 10 0.5304 0.4070 0.0626 
        D183 10 0.0555 0.1326 0.8119 
        D184 10 0.0208 0.9520 0.0272 
        D185 10 0.1831 0.4247 0.3922 
        D186 10 0.0636 0.9075 0.0289 
        D194 10 0.0803 0.6225 0.2972 
        D195 10 0.6502 0.0958 0.2540 
        D196 10 0.5598 0.0500 0.3902 
        D197 10 0.1687 0.7742 0.0572 
        D198 10 0.0501 0.4937 0.4562 
     D237226 10 0.7262 0.2196 0.0543 
     D237232 10 0.5470 0.1664 0.2867 
     D237233 10 0.7739 0.0845 0.1416 
     D237234 10 0.3215 0.1686 0.5099 
     D237354 10 0.9451 0.0259 0.0290 
     D237355 10 0.8220 0.1125 0.0655 
     D237356 10 0.0316 0.2495 0.7188 
     D237357 10 0.5012 0.4064 0.0923 
     D237358 10 0.1614 0.6854 0.1532 
     D237369 10 0.0429 0.9252 0.0319 
     D237370 10 0.1907 0.1077 0.7017 
     D237371 10 0.1692 0.5827 0.2481 
     D237372 10 0.2830 0.6725 0.0445 
     D237373 10 0.6081 0.0961 0.2958 
     D237374 10 0.8496 0.0533 0.0971 
     D237375 10 0.4677 0.3580 0.1743 
     D237400 10 0.9504 0.0187 0.0309 
     D244002 10 0.0620 0.8906 0.0474 
     D244003 10 0.8141 0.0579 0.1281 
     D244004 10 0.0684 0.1035 0.8281 
     D244005 10 0.6658 0.2883 0.0459 
     D244020 10 0.1904 0.2131 0.5965 
     D244021 10 0.2518 0.6609 0.0873 
     D244116 10 0.2025 0.5828 0.2147 
     D244117 10 0.5772 0.1080 0.3149 
     D244121 10 0.2928 0.1687 0.5385 
     D244123 10 0.4964 0.1037 0.3999 
     D244124 10 0.5330 0.3327 0.1342 
        D332 10 0.1705 0.2039 0.6255 
        D570 10 0.0890 0.0775 0.8335 
        D602 10 0.3993 0.1489 0.4518 
        D603 10 0.4484 0.1872 0.3644 
        D604 10 0.6279 0.1167 0.2554 
        D605 10 0.2918 0.1711 0.5371 
        D606 10 0.0668 0.6568 0.2764 
        D607 10 0.1600 0.3045 0.5356 
        D608 10 0.9485 0.0230 0.0285 
        D609 10 0.0527 0.1293 0.8180 
        D610 10 0.2352 0.3297 0.4351 
        D611 10 0.0273 0.0222 0.9505 
        D613 10 0.3055 0.1083 0.5862 
        D633 10 0.5270 0.2063 0.2667 
        D634 10 0.2362 0.2974 0.4664 
        D638 10 0.9379 0.0264 0.0356 
        D681 10 0.2552 0.3370 0.4078 
        D754 10 0.1749 0.6037 0.2214 
        D755 10 0.7755 0.0388 0.1857 
        D756 10 0.2647 0.2960 0.4393 
        D757 10 0.5215 0.2659 0.2127 
        D758 10 0.2869 0.3861 0.3269 
        D759 10 0.7660 0.0671 0.1669 
        D760 10 0.4679 0.1700 0.3621 
        D761 10 0.9370 0.0263 0.0366 
        D762 10 0.2108 0.2058 0.5835 
        D775 10 0.4569 0.1061 0.4370 
        D776 10 0.8735 0.0659 0.0605 
        D777 10 0.3460 0.3414 0.3125 
        D778 10 0.7586 0.2028 0.0387 
        D779 10 0.3081 0.3711 0.3208 
        D780 10 0.7896 0.0756 0.1348 
        D781 10 0.5370 0.0928 0.3703 
        D858 10 0.0948 0.8884 0.0168 
        D933 10 0.3438 0.2559 0.4003 
        D038 11 0.6938 0.1872 0.1190 
        D063 11 0.5651 0.1060 0.3289 
        D155 11 0.4863 0.1778 0.3359 
        D175 11 0.1358 0.4306 0.4336 
        D176 11 0.8032 0.1013 0.0955 
        D205 11 0.0390 0.2051 0.7559 
     D237229 11 0.5673 0.3666 0.0661 
     D237230 11 0.1567 0.7647 0.0786 
     D237231 11 0.1892 0.1372 0.6736 
     D237269 11 0.6729 0.1280 0.1991 
     D237270 11 0.2194 0.6615 0.1191 
     D237271 11 0.1775 0.1300 0.6924 
     D237272 11 0.1712 0.6607 0.1681 
     D237273 11 0.3417 0.0763 0.5820 
     D237301 11 0.1304 0.1166 0.7530 
     D237302 11 0.2901 0.5672 0.1427 
     D237303 11 0.2188 0.7398 0.0414 
     D237304 11 0.2867 0.2461 0.4672 
     D237305 11 0.2006 0.6690 0.1304 
     D237314 11 0.4595 0.2041 0.3365 
     D237315 11 0.1475 0.7524 0.1001 
     D237316 11 0.0709 0.1320 0.7971 
     D237328 11 0.0445 0.4588 0.4967 
     D237329 11 0.4392 0.4212 0.1395 
     D237330 11 0.3797 0.0461 0.5743 
     D237331 11 0.4548 0.1974 0.3478 
     D237332 11 0.1074 0.3055 0.5871 
     D237333 11 0.7857 0.0422 0.1721 
     D237334 11 0.1493 0.2541 0.5966 
     D237335 11 0.0935 0.2472 0.6593 
     D237336 11 0.6861 0.1788 0.1351 
     D237350 11 0.1719 0.0745 0.7537 
     D237383 11 0.4454 0.3924 0.1621 
     D237384 11 0.1533 0.5022 0.3445 
     D237385 11 0.3729 0.2855 0.3416 
     D237386 11 0.2296 0.1181 0.6523 
     D237387 11 0.0700 0.4216 0.5084 
     D237388 11 0.1139 0.0813 0.8049 
        D239 11 0.4887 0.1259 0.3854 
        D240 11 0.8685 0.0961 0.0353 
        D241 11 0.1766 0.6528 0.1706 
        D242 11 0.5282 0.2470 0.2248 
        D243 11 0.2357 0.2096 0.5547 
        D244 11 0.0536 0.1018 0.8446 
        D245 11 0.2446 0.6823 0.0731 
        D246 11 0.1108 0.1912 0.6980 
        D247 11 0.5187 0.3119 0.1695 
        D248 11 0.1874 0.0953 0.7172 
        D249 11 0.1008 0.5539 0.3453 
        D250 11 0.2288 0.0477 0.7235 
        D251 11 0.0990 0.1740 0.7270 
        D252 11 0.0552 0.3447 0.6001 
        D253 11 0.4084 0.2287 0.3629 
        D254 11 0.0906 0.8804 0.0290 
        D255 11 0.0596 0.0911 0.8493 
        D256 11 0.3350 0.2768 0.3882 
        D257 11 0.0961 0.8407 0.0632 
        D258 11 0.0591 0.8586 0.0823 
        D259 11 0.1457 0.8122 0.0422 
        D260 11 0.3519 0.2729 0.3752 
        D261 11 0.2496 0.1305 0.6199 
        D262 11 0.4282 0.5112 0.0606 
        D263 11 0.0658 0.2021 0.7321 
        D264 11 0.0827 0.7196 0.1977 
        D265 11 0.3020 0.5102 0.1877 
        D266 11 0.4069 0.1141 0.4790 
        D267 11 0.1146 0.1943 0.6911 
        D268 11 0.0920 0.0523 0.8557 
        D269 11 0.0412 0.1395 0.8193 
        D270 11 0.1179 0.5287 0.3534 
        D271 11 0.3052 0.3928 0.3020 
        D272 11 0.5652 0.1878 0.2469 
        D273 11 0.0317 0.9360 0.0323 
        D274 11 0.1882 0.2543 0.5575 
        D275 11 0.1569 0.1894 0.6538 
        D276 11 0.0354 0.0495 0.9151 
        D277 11 0.1436 0.1758 0.6806 
        D278 11 0.3773 0.1510 0.4716 
        D282 11 0.0352 0.8603 0.1045 
        D296 11 0.2505 0.1129 0.6366 
        D297 11 0.0640 0.1507 0.7853 
        D298 11 0.3452 0.1189 0.5359 
        D299 11 0.1512 0.0533 0.7955 
        D300 11 0.7695 0.1262 0.1044 
        D382 11 0.0273 0.1241 0.8486 
        D383 11 0.0824 0.2363 0.6814 
        D387 11 0.5521 0.1852 0.2626 
        D388 11 0.1685 0.2851 0.5464 
        D389 11 0.1916 0.0568 0.7517 
        D390 11 0.1588 0.1008 0.7404 
        D396 11 0.6392 0.1337 0.2271 
        D397 11 0.0765 0.8234 0.1001 
        D398 11 0.3224 0.3446 0.3330 
        D399 11 0.3613 0.3896 0.2491 
        D437 11 0.6494 0.3090 0.0415 
        D441 11 0.2040 0.0652 0.7308 
        D442 11 0.5723 0.2001 0.2276 
        D443 11 0.6031 0.0781 0.3188 
        D444 11 0.2157 0.1714 0.6129 
        D445 11 0.0454 0.5638 0.3908 
        D446 11 0.3034 0.6077 0.0889 
        D451 11 0.1017 0.3954 0.5028 
        D452 11 0.6815 0.1238 0.1947 
        D453 11 0.1262 0.1762 0.6977 
        D454 11 0.2552 0.6817 0.0631 
        D457 11 0.2344 0.4289 0.3367 
        D458 11 0.0992 0.1215 0.7793 
        D466 11 0.8613 0.0930 0.0457 
        D467 11 0.1820 0.0706 0.7474 
        D475 11 0.0376 0.9084 0.0541 
        D488 11 0.4815 0.2213 0.2971 
        D489 11 0.1701 0.6544 0.1755 
        D493 11 0.0604 0.8041 0.1356 
        D494 11 0.1936 0.1779 0.6284 
        D495 11 0.6195 0.3406 0.0399 
        D496 11 0.8998 0.0294 0.0709 
        D674 11 0.8873 0.0603 0.0524 
        D675 11 0.8884 0.0410 0.0706 
        D676 11 0.0726 0.2609 0.6665 
        D680 11 0.6177 0.1919 0.1904 
        D701 11 0.6483 0.2470 0.1047 
        D702 11 0.1269 0.7654 0.1077 
        D703 11 0.5660 0.2209 0.2130 
        D704 11 0.2357 0.3037 0.4606 
        D705 11 0.0455 0.9058 0.0487 
        D706 11 0.7184 0.2273 0.0543 
        D707 11 0.0884 0.5483 0.3633 
        D751 11 0.0781 0.3483 0.5736 
        D752 11 0.5734 0.1412 0.2854 
        D753 11 0.1958 0.5531 0.2511 
        D773 11 0.0191 0.9596 0.0212 
        D774 11 0.5813 0.1581 0.2606 
        D801 11 0.2957 0.1661 0.5382 
        D802 11 0.1114 0.7087 0.1799 
        D803 11 0.4156 0.1187 0.4656 
        D804 11 0.3523 0.4420 0.2057 
        D805 11 0.1824 0.5312 0.2864 
        D806 11 0.0716 0.8854 0.0430 
        D809 11 0.2061 0.1086 0.6853 
        D810 11 0.2086 0.0791 0.7123 
        D812 11 0.0991 0.4777 0.4232 
        D813 11 0.7862 0.0983 0.1155 
        D823 11 0.1886 0.1622 0.6491 
        D824 11 0.4852 0.0888 0.4260 
        D829 11 0.3561 0.1399 0.5040 
        D830 11 0.0429 0.7293 0.2278 
        D831 11 0.6925 0.2213 0.0863 
        D832 11 0.5741 0.2889 0.1370 
        D833 11 0.1405 0.0610 0.7985 
        D834 11 0.0692 0.0950 0.8358 
        D835 11 0.1035 0.7068 0.1898 
        D855 11 0.1357 0.1874 0.6769 
        D863 11 0.9466 0.0255 0.0279 
        D864 11 0.1683 0.2101 0.6215 
        D878 11 0.1546 0.1218 0.7236 
        D879 11 0.0567 0.8112 0.1321 
        D880 11 0.6362 0.0449 0.3189 
        D881 11 0.1908 0.1313 0.6780 
        D882 11 0.7491 0.1167 0.1342 
        D909 11 0.2780 0.1760 0.5460 
        D921 11 0.1398 0.0794 0.7809 
        D924 11 0.7848 0.0631 0.1521 
        D935 11 0.0557 0.1724 0.7719 
        D940 11 0.9115 0.0416 0.0469 
        D941 11 0.3323 0.2035 0.4642 
        D942 11 0.0320 0.8904 0.0776 
        D980 11 0.2988 0.3287 0.3725 
        D981 11 0.1085 0.6661 0.2253 
        D982 11 0.8454 0.0339 0.1207 
        D983 11 0.0490 0.0573 0.8936 
        D984 11 0.2686 0.1118 0.6196 
        D992 11 0.1368 0.7242 0.1389 
        D993 11 0.0455 0.1724 0.7821 
        D994 11 0.4289 0.2110 0.3601 
        D995 11 0.0342 0.7608 0.2050 
        H354 11 0.0799 0.7202 0.1999 
        D005 12 0.3397 0.5783 0.0821 
        D035 12 0.4589 0.3608 0.1804 
        D067 12 0.2095 0.2195 0.5710 
        D134 12 0.6352 0.1766 0.1882 
        D135 12 0.3752 0.3398 0.2850 
        D136 12 0.0709 0.5040 0.4251 
        D137 12 0.6126 0.2798 0.1076 
        D138 12 0.4111 0.2249 0.3640 
        D139 12 0.5165 0.1239 0.3596 
        D140 12 0.2279 0.4954 0.2767 
        D141 12 0.0206 0.9536 0.0257 
        D150 12 0.1981 0.6721 0.1298 
        D177 12 0.8049 0.1189 0.0762 
        D178 12 0.1711 0.2056 0.6233 
        D179 12 0.2566 0.4862 0.2572 
        D180 12 0.1688 0.5921 0.2391 
        D187 12 0.5885 0.2542 0.1574 
        D188 12 0.0314 0.9418 0.0268 
        D191 12 0.1297 0.8228 0.0475 
        D418 12 0.0799 0.8704 0.0497 
        D601 12 0.0723 0.8201 0.1076 
        D836 12 0.0696 0.8892 0.0412 
        D837 12 0.4301 0.2384 0.3316 
        D838 12 0.4747 0.0732 0.4521 
        D839 12 0.8373 0.1163 0.0464 
        D840 12 0.5517 0.1290 0.3193 
        D841 12 0.2344 0.5453 0.2203 
        D842 12 0.0489 0.9300 0.0211 
        D843 12 0.2705 0.1745 0.5549 
        D844 12 0.5547 0.4019 0.0434 
        D912 12 0.1839 0.0790 0.7371 
        D913 12 0.9443 0.0282 0.0275 
