        D174  1 0.0378 0.7534 0.0751 0.1338 
        D199  1 0.2873 0.2951 0.3246 0.0930 
        D203  1 0.2704 0.1310 0.3308 0.2678 
        D204  1 0.0453 0.0500 0.8726 0.0321 
     D237366  1 0.1104 0.1565 0.1958 0.5373 
     D237367  1 0.1147 0.1208 0.3522 0.4124 
     D237368  1 0.1067 0.0770 0.2724 0.5439 
     D244101  1 0.1751 0.0421 0.7411 0.0417 
     D244102  1 0.1279 0.3414 0.2556 0.2750 
     D244103  1 0.0917 0.1083 0.5683 0.2317 
     D244104  1 0.1021 0.1470 0.6614 0.0895 
     D244105  1 0.0482 0.0338 0.1802 0.7379 
     D244106  1 0.1939 0.6743 0.0673 0.0645 
     D244107  1 0.0976 0.0262 0.2852 0.5910 
     D244108  1 0.0615 0.6254 0.1145 0.1985 
     D244113  1 0.0383 0.8868 0.0393 0.0356 
     D244114  1 0.3074 0.2359 0.3214 0.1353 
     D244115  1 0.0533 0.5032 0.2271 0.2164 
     D267365  1 0.0937 0.3742 0.4379 0.0942 
        D404  1 0.0387 0.8616 0.0506 0.0490 
        D405  1 0.1303 0.5932 0.1789 0.0977 
        D406  1 0.0246 0.0480 0.0864 0.8409 
        D407  1 0.1604 0.0598 0.4551 0.3248 
        D408  1 0.1401 0.7061 0.1065 0.0472 
        D409  1 0.0947 0.0859 0.7268 0.0926 
        D410  1 0.0183 0.0642 0.0949 0.8227 
        D421  1 0.1356 0.0626 0.7450 0.0567 
        D422  1 0.0366 0.0231 0.0658 0.8745 
        D423  1 0.0347 0.0272 0.0507 0.8874 
        D424  1 0.0299 0.0646 0.8012 0.1043 
        D425  1 0.0582 0.4222 0.4531 0.0665 
        D426  1 0.3225 0.0462 0.5000 0.1312 
        D427  1 0.6693 0.1402 0.1443 0.0463 
        D428  1 0.0971 0.3462 0.3727 0.1839 
        D429  1 0.0877 0.3804 0.4480 0.0840 
        D430  1 0.3219 0.3284 0.1923 0.1574 
        D491  1 0.0349 0.7823 0.1438 0.0391 
        D492  1 0.0743 0.4154 0.3122 0.1981 
        D537  1 0.0453 0.1298 0.6386 0.1863 
        D538  1 0.1370 0.2518 0.2224 0.3888 
        D539  1 0.2659 0.4418 0.0683 0.2240 
        D540  1 0.1207 0.1755 0.4459 0.2579 
        D541  1 0.0448 0.0309 0.8711 0.0532 
        D551  1 0.6873 0.0552 0.1347 0.1229 
        D552  1 0.0977 0.2153 0.3657 0.3213 
        D553  1 0.0297 0.0300 0.9023 0.0380 
        D615  1 0.1698 0.1430 0.3867 0.3006 
        D616  1 0.2265 0.1141 0.3062 0.3533 
        D621  1 0.0484 0.1956 0.0699 0.6862 
        D622  1 0.0506 0.0556 0.0851 0.8087 
        D623  1 0.1920 0.6565 0.0958 0.0557 
        D624  1 0.0386 0.8653 0.0428 0.0533 
        D625  1 0.0369 0.1023 0.6977 0.1631 
        D626  1 0.0934 0.5752 0.1152 0.2162 
        D627  1 0.1834 0.0615 0.6667 0.0884 
        D690  1 0.0212 0.1008 0.7804 0.0976 
        D691  1 0.0406 0.0480 0.0899 0.8214 
        D710  1 0.0751 0.2291 0.5765 0.1192 
        D711  1 0.0391 0.0929 0.7747 0.0934 
        D712  1 0.0569 0.8008 0.0794 0.0628 
        D713  1 0.0366 0.6845 0.1488 0.1300 
        D746  1 0.0358 0.0272 0.0764 0.8607 
        D747  1 0.0526 0.0403 0.8722 0.0348 
        D748  1 0.0362 0.1091 0.3715 0.4832 
        D749  1 0.1104 0.1641 0.0740 0.6516 
        D750  1 0.0438 0.6242 0.2289 0.1031 
        D763  1 0.3992 0.0707 0.3971 0.1329 
        D764  1 0.0394 0.2187 0.5079 0.2339 
        D765  1 0.0408 0.1520 0.0651 0.7421 
        D766  1 0.0361 0.1226 0.2814 0.5600 
        D767  1 0.1235 0.1654 0.3998 0.3112 
        D768  1 0.0398 0.0308 0.8778 0.0515 
        D811  1 0.0465 0.8409 0.0375 0.0751 
        D816  1 0.0309 0.0938 0.8161 0.0592 
        D825  1 0.0367 0.5928 0.1606 0.2099 
        D866  1 0.5534 0.2689 0.0925 0.0852 
        D867  1 0.0385 0.0525 0.0511 0.8579 
        D871  1 0.0591 0.1049 0.7911 0.0450 
        D872  1 0.0649 0.1577 0.5265 0.2509 
        D873  1 0.0200 0.0291 0.0205 0.9304 
        D874  1 0.0841 0.2976 0.5849 0.0334 
        D875  1 0.0424 0.0676 0.6599 0.2301 
        D876  1 0.0434 0.1586 0.7089 0.0891 
        D877  1 0.0381 0.8536 0.0752 0.0330 
        D892  1 0.0285 0.3693 0.3749 0.2273 
        D893  1 0.0797 0.0594 0.7179 0.1429 
        D894  1 0.0710 0.1187 0.7286 0.0817 
        D915  1 0.0459 0.1329 0.4950 0.3262 
        D916  1 0.0283 0.0347 0.8808 0.0562 
        D917  1 0.1204 0.4609 0.3504 0.0683 
        D925  1 0.0384 0.1071 0.1052 0.7493 
        D926  1 0.0545 0.1816 0.6171 0.1468 
        D927  1 0.4017 0.1073 0.4057 0.0853 
        D928  1 0.0251 0.8399 0.1034 0.0317 
        D929  1 0.0606 0.4760 0.2620 0.2013 
        D936  1 0.1374 0.0683 0.7408 0.0534 
        D938  1 0.0258 0.0433 0.0555 0.8754 
        D956  1 0.0743 0.7958 0.0572 0.0726 
        D957  1 0.0456 0.1344 0.4003 0.4197 
        D958  1 0.0325 0.2111 0.4500 0.3064 
        D959  1 0.1359 0.0518 0.4470 0.3652 
        D960  1 0.0257 0.0562 0.0369 0.8811 
        D989  1 0.2435 0.6144 0.0910 0.0511 
        D990  1 0.0734 0.0412 0.0287 0.8566 
        D023  2 0.0582 0.0316 0.2797 0.6306 
        D130  2 0.0326 0.0324 0.0749 0.8601 
        D131  2 0.1191 0.0754 0.6990 0.1064 
        D163  2 0.0394 0.0523 0.0978 0.8106 
        D164  2 0.4735 0.0175 0.0283 0.4807 
        D165  2 0.0705 0.0273 0.1570 0.7452 
        D166  2 0.1814 0.1953 0.2726 0.3507 
        D167  2 0.8780 0.0671 0.0262 0.0287 
        D192  2 0.9249 0.0280 0.0222 0.0250 
        D193  2 0.0857 0.7463 0.0596 0.1084 
        D206  2 0.3522 0.0764 0.3594 0.2120 
        D207  2 0.7575 0.0738 0.1077 0.0610 
        D208  2 0.3204 0.5039 0.0961 0.0796 
        D209  2 0.5143 0.0690 0.2920 0.1246 
        D210  2 0.3859 0.4356 0.1122 0.0663 
     D229599  2 0.1962 0.1540 0.4994 0.1505 
     D229600  2 0.3333 0.0525 0.0512 0.5631 
     D237227  2 0.1611 0.4947 0.1147 0.2296 
     D237228  2 0.1307 0.4124 0.0400 0.4169 
     D237258  2 0.3799 0.2326 0.1359 0.2516 
     D237310  2 0.0749 0.1950 0.0323 0.6978 
     D237311  2 0.2131 0.0939 0.0323 0.6607 
     D237312  2 0.0519 0.3393 0.0708 0.5380 
     D237313  2 0.1014 0.2713 0.3690 0.2582 
     D237322  2 0.4914 0.2546 0.0937 0.1604 
     D237323  2 0.0675 0.2486 0.0420 0.6420 
     D237324  2 0.3545 0.0286 0.1607 0.4563 
     D237325  2 0.0897 0.2396 0.1087 0.5620 
     D237326  2 0.0625 0.1238 0.1580 0.6558 
     D237327  2 0.5541 0.0855 0.2724 0.0879 
     D237337  2 0.0392 0.1123 0.0664 0.7821 
     D237338  2 0.1814 0.2056 0.1837 0.4294 
     D237339  2 0.2804 0.0514 0.6149 0.0532 
     D237340  2 0.2457 0.4125 0.0447 0.2971 
     D237389  2 0.0900 0.1010 0.0499 0.7591 
     D237390  2 0.0671 0.3469 0.1377 0.4483 
     D244017  2 0.3541 0.5052 0.0575 0.0832 
     D244112  2 0.8308 0.0329 0.0265 0.1098 
     D244118  2 0.5753 0.0363 0.0317 0.3567 
     D244119  2 0.3850 0.5493 0.0322 0.0336 
     D244120  2 0.5547 0.3292 0.0380 0.0781 
     D244122  2 0.7271 0.1344 0.0565 0.0820 
        D291  2 0.5596 0.0916 0.2033 0.1455 
        D292  2 0.5675 0.1423 0.2284 0.0618 
        D293  2 0.5101 0.0218 0.4454 0.0227 
        D322  2 0.3492 0.0387 0.5491 0.0630 
        D323  2 0.2919 0.2898 0.3189 0.0994 
        D324  2 0.2626 0.1241 0.4058 0.2075 
        D325  2 0.8699 0.0161 0.0800 0.0340 
        D326  2 0.0404 0.0476 0.8893 0.0227 
        D340  2 0.9145 0.0225 0.0378 0.0253 
        D341  2 0.8426 0.0429 0.0523 0.0621 
        D342  2 0.6944 0.0528 0.0522 0.2006 
        D343  2 0.9387 0.0130 0.0303 0.0181 
        D344  2 0.0898 0.1269 0.6901 0.0933 
        D345  2 0.0806 0.0765 0.6583 0.1846 
        D346  2 0.1626 0.6304 0.1490 0.0580 
        D351  2 0.1484 0.0531 0.6825 0.1160 
        D352  2 0.1815 0.2791 0.3937 0.1457 
        D353  2 0.0988 0.0436 0.8249 0.0327 
        D354  2 0.0443 0.3041 0.5285 0.1232 
        D362  2 0.0602 0.1053 0.6425 0.1920 
        D363  2 0.0519 0.1450 0.7026 0.1004 
        D364  2 0.0458 0.1162 0.7461 0.0920 
        D365  2 0.9106 0.0272 0.0417 0.0205 
        D369  2 0.3296 0.1829 0.3390 0.1485 
        D374  2 0.0274 0.9204 0.0253 0.0269 
        D375  2 0.0486 0.1850 0.6173 0.1491 
        D376  2 0.0590 0.8468 0.0296 0.0646 
        D377  2 0.1515 0.4709 0.1278 0.2498 
        D378  2 0.1803 0.0330 0.7280 0.0587 
        D379  2 0.0475 0.0631 0.8433 0.0461 
        D384  2 0.0405 0.0555 0.8705 0.0335 
        D385  2 0.8777 0.0527 0.0403 0.0293 
        D386  2 0.0617 0.0438 0.8111 0.0835 
        D391  2 0.8595 0.0253 0.0819 0.0333 
        D392  2 0.7241 0.0855 0.1036 0.0869 
        D393  2 0.1840 0.0407 0.6734 0.1020 
        D394  2 0.1249 0.1230 0.3586 0.3935 
        D395  2 0.6408 0.0692 0.2224 0.0675 
        D401  2 0.0413 0.0810 0.0299 0.8478 
        D402  2 0.9074 0.0247 0.0376 0.0303 
        D403  2 0.0826 0.0606 0.6299 0.2270 
        D415  2 0.0282 0.0355 0.8524 0.0839 
        D435  2 0.2773 0.0254 0.5578 0.1395 
        D436  2 0.0813 0.3087 0.5038 0.1063 
        D438  2 0.9116 0.0325 0.0266 0.0293 
        D439  2 0.1428 0.0378 0.6934 0.1260 
        D449  2 0.6815 0.0390 0.2173 0.0622 
        D450  2 0.0682 0.4315 0.3641 0.1362 
        D456  2 0.0208 0.0325 0.9198 0.0269 
        D462  2 0.8506 0.0200 0.1041 0.0252 
        D463  2 0.0238 0.0398 0.9133 0.0232 
        D464  2 0.1454 0.1380 0.6747 0.0420 
        D465  2 0.4573 0.0553 0.3067 0.1807 
        D473  2 0.0804 0.7421 0.0756 0.1020 
        D474  2 0.2427 0.0863 0.5637 0.1074 
        D476  2 0.1542 0.0295 0.2355 0.5808 
        D477  2 0.0806 0.1215 0.7379 0.0600 
        D478  2 0.1095 0.4151 0.2888 0.1866 
        D480  2 0.2286 0.1199 0.5928 0.0587 
        D481  2 0.1132 0.1803 0.5569 0.1496 
        D482  2 0.3046 0.3857 0.1250 0.1847 
        D483  2 0.8695 0.0695 0.0312 0.0298 
        D484  2 0.2937 0.3655 0.2353 0.1055 
        D510  2 0.0662 0.8580 0.0371 0.0386 
        D511  2 0.1461 0.0481 0.7257 0.0800 
        D512  2 0.2125 0.0617 0.0910 0.6349 
        D513  2 0.6478 0.0969 0.1285 0.1268 
        D635  2 0.0834 0.0368 0.6565 0.2232 
        D636  2 0.0262 0.0292 0.0611 0.8835 
        D637  2 0.3980 0.2986 0.1721 0.1313 
        D658  2 0.6063 0.2419 0.0554 0.0964 
        D659  2 0.0732 0.0584 0.7914 0.0770 
        D677  2 0.2221 0.1087 0.3087 0.3605 
        D678  2 0.7739 0.0680 0.0751 0.0831 
        D679  2 0.2317 0.1308 0.5617 0.0758 
        D719  2 0.3046 0.3242 0.3403 0.0309 
        D720  2 0.0926 0.1581 0.6590 0.0902 
        D721  2 0.1571 0.0492 0.2357 0.5580 
        D722  2 0.0455 0.8793 0.0293 0.0458 
        D734  2 0.3066 0.3930 0.2755 0.0249 
        D735  2 0.1524 0.1327 0.5781 0.1368 
        D736  2 0.2605 0.4279 0.2038 0.1078 
        D737  2 0.6823 0.1154 0.0827 0.1196 
        D807  2 0.1830 0.4270 0.2800 0.1100 
        D808  2 0.1959 0.0630 0.3400 0.4011 
        D817  2 0.0750 0.3210 0.5104 0.0935 
        D818  2 0.5572 0.0612 0.2441 0.1375 
        D819  2 0.0938 0.1392 0.5077 0.2593 
        D820  2 0.0549 0.0349 0.8713 0.0389 
        D895  2 0.0828 0.0782 0.6585 0.1805 
        D896  2 0.0252 0.0833 0.0310 0.8605 
        D897  2 0.7893 0.0516 0.0770 0.0821 
        D898  2 0.1477 0.3177 0.3560 0.1786 
        D918  2 0.2521 0.1534 0.1285 0.4660 
        D919  2 0.2186 0.0497 0.6690 0.0628 
        D920  2 0.0378 0.0604 0.0407 0.8610 
        D923  2 0.0428 0.0457 0.8806 0.0310 
        D930  2 0.1006 0.2970 0.4957 0.1067 
        D931  2 0.1916 0.1278 0.6085 0.0721 
        D968  2 0.9113 0.0199 0.0414 0.0274 
        D969  2 0.4061 0.0836 0.4407 0.0696 
        D977  2 0.8318 0.0373 0.0690 0.0620 
        D978  2 0.6537 0.1129 0.1609 0.0725 
        D211  3 0.0862 0.0527 0.1653 0.6958 
     D229639  3 0.7150 0.1582 0.0735 0.0533 
     D237212  3 0.3439 0.0982 0.3932 0.1647 
     D237213  3 0.1319 0.0874 0.2565 0.5241 
     D237214  3 0.0477 0.0903 0.1517 0.7104 
     D237215  3 0.7398 0.2067 0.0268 0.0268 
     D237216  3 0.2384 0.0867 0.2317 0.4432 
     D237217  3 0.0902 0.0300 0.1589 0.7209 
     D237218  3 0.4647 0.0543 0.3235 0.1575 
     D237219  3 0.1497 0.2203 0.0628 0.5672 
     D237382  3 0.0951 0.3986 0.2516 0.2547 
     D244127  3 0.1503 0.0476 0.0609 0.7412 
     D244129  3 0.1691 0.1016 0.3640 0.3653 
     D244133  3 0.3046 0.3951 0.1196 0.1807 
     D244134  3 0.4132 0.3366 0.0905 0.1597 
     D244135  3 0.1006 0.0408 0.1152 0.7433 
     D244136  3 0.1676 0.4982 0.2271 0.1070 
        D416  3 0.4085 0.0607 0.3463 0.1845 
        D417  3 0.0321 0.0517 0.7828 0.1334 
        D419  3 0.2351 0.1835 0.2403 0.3411 
        D565  3 0.0469 0.8520 0.0684 0.0327 
        D566  3 0.4637 0.4057 0.0742 0.0564 
        D567  3 0.0430 0.0561 0.7284 0.1725 
        D568  3 0.2270 0.0401 0.4289 0.3039 
        D569  3 0.3803 0.1363 0.3159 0.1675 
        D573  3 0.6562 0.0307 0.2697 0.0434 
        D574  3 0.1007 0.6476 0.1182 0.1334 
        D575  3 0.1958 0.3231 0.1854 0.2957 
        D576  3 0.8448 0.0995 0.0186 0.0370 
        D577  3 0.0596 0.1137 0.7134 0.1132 
        D578  3 0.0467 0.0298 0.0313 0.8921 
        D579  3 0.2677 0.2547 0.3209 0.1567 
        D660  3 0.6551 0.0686 0.0715 0.2048 
        D661  3 0.7602 0.0366 0.1137 0.0895 
        D663  3 0.7874 0.0611 0.1122 0.0394 
        D664  3 0.2021 0.3068 0.0574 0.4338 
        D665  3 0.1967 0.0635 0.0988 0.6410 
        D666  3 0.0986 0.3688 0.2053 0.3273 
        D009  4 0.0730 0.0652 0.4104 0.4514 
        D057  4 0.4061 0.0666 0.2424 0.2850 
        D109  4 0.0516 0.1219 0.1098 0.7166 
     D237222  4 0.0487 0.1776 0.0527 0.7210 
     D237223  4 0.1299 0.2043 0.0901 0.5757 
     D237224  4 0.4598 0.0893 0.3771 0.0738 
     D237225  4 0.1079 0.1086 0.3914 0.3921 
     D237299  4 0.1656 0.1250 0.1841 0.5252 
     D237300  4 0.8471 0.0773 0.0335 0.0421 
     D237306  4 0.0454 0.7322 0.0982 0.1242 
     D237307  4 0.1383 0.4542 0.2894 0.1181 
     D237308  4 0.5326 0.1670 0.1319 0.1685 
     D237309  4 0.1146 0.0877 0.5539 0.2438 
     D237317  4 0.0630 0.6702 0.1834 0.0834 
     D237318  4 0.8951 0.0487 0.0300 0.0263 
     D237319  4 0.1392 0.1665 0.2156 0.4787 
     D237320  4 0.2818 0.0983 0.1904 0.4295 
     D237321  4 0.7293 0.0897 0.1059 0.0752 
     D237397  4 0.2859 0.3113 0.1111 0.2916 
     D237398  4 0.6417 0.0385 0.2128 0.1069 
     D237399  4 0.2325 0.2943 0.2892 0.1840 
     D244001  4 0.0927 0.0833 0.0764 0.7476 
        D289  4 0.2425 0.2169 0.4488 0.0918 
        D290  4 0.1609 0.3795 0.3271 0.1325 
        D294  4 0.1508 0.1639 0.6104 0.0749 
        D295  4 0.0772 0.2022 0.4808 0.2397 
        D301  4 0.1118 0.0949 0.0334 0.7600 
        D302  4 0.0610 0.0820 0.7867 0.0703 
        D303  4 0.1002 0.7047 0.0904 0.1047 
        D304  4 0.2165 0.4546 0.2553 0.0736 
        D305  4 0.4537 0.0400 0.3027 0.2036 
        D306  4 0.0958 0.4700 0.3034 0.1308 
        D307  4 0.0631 0.0971 0.0372 0.8026 
        D327  4 0.1042 0.1648 0.6606 0.0704 
        D328  4 0.0590 0.7480 0.1123 0.0807 
        D329  4 0.3250 0.1178 0.3997 0.1575 
        D330  4 0.0619 0.0542 0.6049 0.2790 
        D331  4 0.2401 0.3523 0.2112 0.1964 
        D333  4 0.1939 0.3669 0.1952 0.2440 
        D334  4 0.0666 0.6620 0.1653 0.1060 
        D335  4 0.0946 0.1566 0.6800 0.0687 
        D370  4 0.0599 0.6716 0.0892 0.1794 
        D371  4 0.0585 0.7995 0.1126 0.0294 
        D372  4 0.8279 0.1051 0.0296 0.0375 
        D373  4 0.1750 0.0437 0.0628 0.7185 
        D455  4 0.0666 0.0613 0.0723 0.7998 
        D490  4 0.0217 0.0374 0.0335 0.9073 
        D497  4 0.0442 0.0530 0.0406 0.8622 
        D498  4 0.1701 0.5243 0.0993 0.2063 
        D499  4 0.5583 0.1945 0.1647 0.0825 
        D514  4 0.0614 0.0800 0.7740 0.0846 
        D515  4 0.0583 0.1083 0.1231 0.7104 
        D516  4 0.2030 0.2577 0.1782 0.3611 
        D517  4 0.0980 0.0323 0.0827 0.7870 
        D518  4 0.1540 0.2612 0.2445 0.3403 
        D519  4 0.1319 0.0441 0.1207 0.7033 
        D560  4 0.1816 0.0476 0.2106 0.5601 
        D561  4 0.0643 0.0299 0.7561 0.1497 
        D562  4 0.2148 0.2340 0.2845 0.2667 
        D563  4 0.6465 0.0467 0.1894 0.1173 
        D572  4 0.0866 0.1579 0.6486 0.1069 
        D629  4 0.0817 0.0780 0.6072 0.2331 
        D630  4 0.1447 0.2567 0.3446 0.2541 
        D631  4 0.4102 0.1261 0.3448 0.1189 
        D632  4 0.2004 0.0616 0.1381 0.5999 
        D646  4 0.0867 0.0716 0.3899 0.4518 
        D647  4 0.0896 0.0464 0.6388 0.2252 
        D648  4 0.0546 0.8233 0.0569 0.0652 
        D649  4 0.0471 0.0582 0.6657 0.2291 
        D650  4 0.1116 0.3456 0.2743 0.2684 
        D708  4 0.1150 0.5447 0.2092 0.1311 
        D709  4 0.0943 0.5164 0.2329 0.1564 
        D738  4 0.0549 0.5932 0.1245 0.2275 
        D739  4 0.1337 0.1929 0.1428 0.5307 
        D740  4 0.4113 0.1672 0.1205 0.3010 
        D741  4 0.2438 0.0532 0.3341 0.3688 
        D742  4 0.6382 0.1457 0.1065 0.1097 
        D743  4 0.0808 0.0719 0.8043 0.0431 
        D744  4 0.1827 0.0516 0.6783 0.0875 
        D745  4 0.0493 0.0618 0.0800 0.8089 
        D814  4 0.7243 0.0525 0.1030 0.1203 
        D815  4 0.1076 0.1947 0.5894 0.1084 
        D828  4 0.1901 0.6842 0.0438 0.0819 
        D845  4 0.8539 0.0752 0.0426 0.0283 
        D846  4 0.2881 0.0358 0.5429 0.1331 
        D847  4 0.1892 0.1868 0.3587 0.2653 
        D848  4 0.2736 0.0422 0.0473 0.6369 
        D849  4 0.0697 0.0631 0.1054 0.7618 
        D850  4 0.1923 0.1695 0.3989 0.2394 
        D856  4 0.0891 0.1318 0.3386 0.4404 
        D857  4 0.0613 0.0719 0.0239 0.8428 
        D859  4 0.2425 0.1713 0.4785 0.1077 
        D860  4 0.2789 0.4240 0.2520 0.0450 
        D883  4 0.0780 0.3212 0.3319 0.2688 
        D884  4 0.0491 0.3426 0.1410 0.4673 
        D885  4 0.4705 0.0605 0.2812 0.1878 
        D886  4 0.0872 0.0994 0.3014 0.5121 
        D887  4 0.4667 0.1664 0.2327 0.1342 
        D889  4 0.4553 0.2176 0.2739 0.0532 
        D890  4 0.0933 0.5894 0.1573 0.1601 
        D891  4 0.9362 0.0217 0.0229 0.0192 
        D899  4 0.6398 0.2160 0.1033 0.0408 
        D900  4 0.1401 0.2103 0.4894 0.1602 
        D970  4 0.1430 0.0943 0.6639 0.0989 
        D971  4 0.5485 0.1109 0.2476 0.0929 
        D979  4 0.0714 0.1444 0.7391 0.0451 
        D093  5 0.1062 0.7064 0.0999 0.0875 
        D154  5 0.6178 0.1914 0.1109 0.0799 
        D168  5 0.5167 0.0612 0.1420 0.2801 
        D189  5 0.1886 0.6721 0.0740 0.0653 
        D190  5 0.0711 0.8269 0.0649 0.0372 
     D237220  5 0.1450 0.1453 0.1878 0.5219 
     D237221  5 0.3324 0.3807 0.1990 0.0879 
     D237274  5 0.0315 0.0456 0.8679 0.0550 
     D237275  5 0.8297 0.0768 0.0399 0.0535 
     D237276  5 0.0738 0.4801 0.1411 0.3050 
     D237277  5 0.2845 0.5660 0.0882 0.0613 
     D237278  5 0.4774 0.2523 0.0978 0.1724 
     D237279  5 0.1013 0.0330 0.2333 0.6324 
     D237280  5 0.0628 0.1485 0.2826 0.5061 
     D237281  5 0.8432 0.0392 0.0842 0.0333 
     D237351  5 0.0768 0.1407 0.0484 0.7341 
     D237352  5 0.1460 0.1567 0.2206 0.4766 
     D237353  5 0.0762 0.8400 0.0459 0.0379 
     D237359  5 0.3235 0.1232 0.2306 0.3227 
     D237361  5 0.0430 0.8815 0.0384 0.0372 
     D237362  5 0.1720 0.4107 0.2751 0.1421 
     D237363  5 0.4476 0.1830 0.2210 0.1485 
     D237364  5 0.4248 0.0555 0.3169 0.2028 
     D237376  5 0.0651 0.8632 0.0329 0.0388 
     D237377  5 0.1265 0.1422 0.4421 0.2893 
     D237378  5 0.1350 0.7650 0.0478 0.0522 
     D237379  5 0.1225 0.6826 0.1022 0.0927 
     D237380  5 0.0244 0.2350 0.0825 0.6581 
     D237381  5 0.0990 0.1809 0.1331 0.5870 
     D237391  5 0.1102 0.6530 0.1412 0.0956 
     D237392  5 0.1579 0.1124 0.6169 0.1128 
     D237393  5 0.1193 0.2840 0.4357 0.1611 
     D237394  5 0.0326 0.8596 0.0580 0.0499 
     D237395  5 0.1675 0.5493 0.0782 0.2051 
     D237396  5 0.1690 0.0814 0.6099 0.1396 
     D244016  5 0.2604 0.4504 0.2239 0.0653 
     D244018  5 0.5482 0.1954 0.0970 0.1594 
     D244019  5 0.2642 0.2586 0.3915 0.0857 
        D279  5 0.6600 0.1023 0.0965 0.1412 
        D280  5 0.2430 0.3511 0.2941 0.1118 
        D281  5 0.7897 0.1055 0.0708 0.0340 
        D283  5 0.1319 0.5568 0.2544 0.0570 
        D284  5 0.1544 0.1333 0.1357 0.5766 
        D285  5 0.1289 0.5823 0.2125 0.0762 
        D286  5 0.1232 0.4728 0.2470 0.1569 
        D287  5 0.0665 0.8024 0.0394 0.0917 
        D288  5 0.2866 0.3312 0.3108 0.0714 
        D308  5 0.0312 0.0492 0.1034 0.8161 
        D309  5 0.0283 0.0416 0.8620 0.0681 
        D310  5 0.0322 0.9032 0.0379 0.0268 
        D311  5 0.1212 0.6140 0.1788 0.0861 
        D312  5 0.0969 0.5685 0.2178 0.1168 
        D313  5 0.0193 0.0388 0.0193 0.9226 
        D314  5 0.3444 0.2896 0.0767 0.2893 
        D315  5 0.0921 0.4202 0.3396 0.1480 
        D317  5 0.0420 0.8637 0.0522 0.0420 
        D318  5 0.2208 0.1804 0.3938 0.2049 
        D319  5 0.0657 0.8604 0.0337 0.0402 
        D320  5 0.0673 0.7867 0.0750 0.0710 
        D321  5 0.1003 0.1071 0.0902 0.7024 
        D336  5 0.0291 0.8931 0.0478 0.0301 
        D337  5 0.0578 0.8948 0.0274 0.0199 
        D338  5 0.2351 0.1998 0.2888 0.2763 
        D339  5 0.1246 0.7263 0.0604 0.0888 
        D347  5 0.1508 0.4460 0.3422 0.0610 
        D348  5 0.0431 0.8671 0.0646 0.0252 
        D349  5 0.0425 0.0816 0.0459 0.8300 
        D350  5 0.0923 0.0586 0.7662 0.0829 
        D355  5 0.5585 0.0770 0.3184 0.0461 
        D356  5 0.0809 0.4996 0.2924 0.1271 
        D357  5 0.1605 0.5234 0.1704 0.1457 
        D358  5 0.1073 0.5679 0.2088 0.1161 
        D359  5 0.0401 0.5053 0.4094 0.0452 
        D360  5 0.0537 0.5947 0.2008 0.1507 
        D361  5 0.0432 0.0449 0.0428 0.8692 
        D366  5 0.3737 0.0506 0.4604 0.1153 
        D367  5 0.0506 0.8198 0.0429 0.0866 
        D368  5 0.1063 0.3957 0.1865 0.3115 
        D380  5 0.1186 0.0796 0.6151 0.1868 
        D381  5 0.1353 0.6296 0.1510 0.0841 
        D400  5 0.2493 0.5333 0.1336 0.0838 
        D411  5 0.0334 0.0337 0.0320 0.9009 
        D412  5 0.3531 0.2658 0.1748 0.2063 
        D413  5 0.7555 0.0447 0.1319 0.0678 
        D414  5 0.5392 0.0949 0.2677 0.0981 
        D420  5 0.2746 0.2204 0.1230 0.3820 
        D431  5 0.3545 0.4099 0.0491 0.1866 
        D432  5 0.1637 0.5663 0.1086 0.1615 
        D433  5 0.1715 0.6695 0.0845 0.0745 
        D434  5 0.0693 0.6673 0.1645 0.0989 
        D440  5 0.0605 0.0572 0.7754 0.1068 
        D447  5 0.0960 0.0544 0.7089 0.1407 
        D448  5 0.0533 0.8551 0.0586 0.0329 
        D459  5 0.7583 0.0592 0.1423 0.0403 
        D460  5 0.0502 0.0743 0.1602 0.7153 
        D461  5 0.0315 0.0579 0.8812 0.0293 
        D468  5 0.0947 0.5471 0.2083 0.1500 
        D469  5 0.0672 0.1924 0.5585 0.1819 
        D470  5 0.1002 0.3400 0.1449 0.4149 
        D471  5 0.1250 0.7770 0.0688 0.0292 
        D472  5 0.2613 0.0355 0.6635 0.0397 
        D479  5 0.8272 0.0691 0.0530 0.0507 
        D485  5 0.1333 0.5926 0.1315 0.1425 
        D486  5 0.0732 0.4588 0.1901 0.2779 
        D487  5 0.5416 0.3033 0.0716 0.0835 
        D555  5 0.0968 0.8232 0.0452 0.0348 
        D556  5 0.3210 0.4710 0.0964 0.1115 
        D557  5 0.0914 0.8044 0.0709 0.0333 
        D564  5 0.0827 0.4539 0.2817 0.1818 
        D594  5 0.1233 0.4008 0.3598 0.1161 
        D595  5 0.1938 0.4372 0.2601 0.1088 
        D596  5 0.0527 0.8760 0.0395 0.0318 
        D597  5 0.3841 0.3559 0.2017 0.0584 
        D598  5 0.1209 0.5208 0.1641 0.1942 
        D617  5 0.1989 0.0455 0.0513 0.7043 
        D618  5 0.2375 0.5413 0.1310 0.0902 
        D619  5 0.0785 0.3479 0.2600 0.3136 
        D620  5 0.8792 0.0370 0.0492 0.0346 
        D628  5 0.1187 0.3147 0.2959 0.2707 
        D714  5 0.2762 0.6040 0.0636 0.0562 
        D715  5 0.2323 0.5651 0.1436 0.0590 
        D716  5 0.2451 0.4962 0.1909 0.0678 
        D717  5 0.1071 0.1909 0.5620 0.1400 
        D718  5 0.1132 0.4890 0.0442 0.3536 
        D769  5 0.1790 0.0695 0.0701 0.6813 
        D770  5 0.4547 0.3302 0.1081 0.1069 
        D771  5 0.4271 0.2724 0.1144 0.1862 
        D772  5 0.1112 0.6518 0.1414 0.0956 
        D782  5 0.3590 0.0636 0.2088 0.3686 
        D783  5 0.5896 0.2152 0.1191 0.0762 
        D784  5 0.0793 0.0848 0.7687 0.0672 
        D785  5 0.0507 0.7793 0.0834 0.0866 
        D786  5 0.0644 0.0808 0.2241 0.6306 
        D821  5 0.0433 0.8933 0.0371 0.0263 
        D822  5 0.1105 0.2896 0.5417 0.0582 
        D826  5 0.4480 0.3772 0.1169 0.0579 
        D827  5 0.1294 0.1139 0.6625 0.0942 
        D851  5 0.2444 0.2070 0.3166 0.2320 
        D852  5 0.4501 0.2860 0.0990 0.1649 
        D853  5 0.1811 0.5393 0.1508 0.1289 
        D854  5 0.4076 0.1232 0.3029 0.1663 
        D861  5 0.3448 0.2986 0.1512 0.2054 
        D862  5 0.0449 0.6510 0.2258 0.0783 
        D865  5 0.1236 0.7525 0.0505 0.0735 
        D868  5 0.0796 0.1300 0.6936 0.0969 
        D869  5 0.0407 0.0741 0.0523 0.8329 
        D870  5 0.1038 0.0467 0.7042 0.1453 
        D907  5 0.0520 0.7917 0.0526 0.1037 
        D908  5 0.5469 0.3183 0.0633 0.0715 
        D910  5 0.3031 0.5663 0.0876 0.0430 
        D911  5 0.6650 0.0739 0.2160 0.0452 
        D934  5 0.5352 0.1992 0.2048 0.0607 
        D946  5 0.4472 0.2994 0.0727 0.1808 
        D947  5 0.1946 0.1645 0.4851 0.1558 
        D948  5 0.0421 0.1368 0.0686 0.7525 
        D949  5 0.0424 0.1018 0.0521 0.8037 
        D950  5 0.7390 0.0614 0.1563 0.0433 
        D951  5 0.0555 0.1316 0.6708 0.1420 
        D952  5 0.0930 0.2215 0.6208 0.0647 
        D953  5 0.1067 0.6912 0.1223 0.0798 
        D954  5 0.0629 0.3458 0.5206 0.0707 
        D961  5 0.1134 0.6936 0.0690 0.1240 
        D962  5 0.0264 0.7768 0.1547 0.0421 
        D963  5 0.1324 0.4029 0.4013 0.0633 
        D964  5 0.2618 0.2536 0.1946 0.2900 
        D965  5 0.2117 0.3840 0.2786 0.1257 
        D966  5 0.2645 0.4107 0.2496 0.0753 
        D967  5 0.4148 0.2496 0.1535 0.1821 
        D991  5 0.0666 0.3272 0.2708 0.3355 
        D502  6 0.3935 0.0940 0.1456 0.3669 
        D503  6 0.5005 0.0573 0.0544 0.3878 
        D504  6 0.1436 0.1547 0.5526 0.1491 
        D505  6 0.2785 0.3765 0.2232 0.1218 
        D506  6 0.0358 0.8726 0.0536 0.0380 
        D507  6 0.4087 0.1341 0.2060 0.2512 
        D508  6 0.2002 0.1485 0.5507 0.1006 
        D529  6 0.1633 0.2918 0.2137 0.3312 
        D530  6 0.0824 0.7138 0.0488 0.1550 
        D531  6 0.1672 0.3263 0.3640 0.1425 
        D532  6 0.0963 0.5747 0.2591 0.0699 
        D534  6 0.0619 0.0426 0.1057 0.7898 
        D535  6 0.0518 0.6262 0.2027 0.1192 
        D536  6 0.7695 0.0476 0.0489 0.1340 
        D554  6 0.0630 0.6829 0.0833 0.1709 
        D587  6 0.0919 0.7232 0.1102 0.0746 
        D588  6 0.1186 0.4452 0.3205 0.1157 
        D589  6 0.5469 0.2003 0.0967 0.1561 
        D590  6 0.7765 0.0735 0.0639 0.0860 
        D591  6 0.4213 0.1923 0.1922 0.1942 
        D592  6 0.0840 0.0874 0.0776 0.7509 
        D593  6 0.0776 0.7982 0.0440 0.0802 
        D682  6 0.0771 0.7972 0.0666 0.0592 
        D683  6 0.0660 0.2250 0.5927 0.1163 
        D684  6 0.4259 0.0318 0.1608 0.3815 
        D685  6 0.4731 0.1865 0.0828 0.2577 
        D686  6 0.0332 0.8756 0.0520 0.0392 
        D724  6 0.1644 0.0834 0.5729 0.1793 
        D725  6 0.3101 0.4556 0.1170 0.1173 
        D726  6 0.0344 0.8636 0.0603 0.0417 
        D727  6 0.3916 0.1998 0.2331 0.1755 
        D728  6 0.0434 0.8079 0.0712 0.0775 
        D729  6 0.2021 0.0424 0.2414 0.5141 
        D730  6 0.2919 0.0941 0.2611 0.3529 
        D731  6 0.3134 0.6219 0.0271 0.0375 
        D732  6 0.1338 0.1470 0.6018 0.1174 
        D733  6 0.1421 0.2636 0.3309 0.2633 
     D237251  7 0.5781 0.2365 0.0693 0.1162 
     D237252  7 0.2989 0.0585 0.1215 0.5212 
     D237253  7 0.4794 0.2956 0.1479 0.0772 
     D237254  7 0.0522 0.0291 0.0497 0.8691 
     D237255  7 0.7838 0.0963 0.0701 0.0498 
     D237256  7 0.6244 0.1168 0.2154 0.0434 
     D237257  7 0.1778 0.1081 0.2103 0.5039 
     D237282  7 0.1281 0.0423 0.6839 0.1457 
     D237283  7 0.0627 0.0350 0.0221 0.8802 
     D237284  7 0.0416 0.0384 0.0798 0.8402 
     D237285  7 0.1786 0.6187 0.1082 0.0945 
     D237286  7 0.2174 0.2210 0.4301 0.1315 
     D237287  7 0.5354 0.0836 0.2764 0.1047 
     D244006  7 0.0337 0.0341 0.0707 0.8615 
     D244007  7 0.4797 0.0757 0.3221 0.1224 
     D244008  7 0.0583 0.0862 0.0443 0.8112 
     D244009  7 0.0406 0.1381 0.1994 0.6219 
     D244010  7 0.2146 0.0942 0.1937 0.4974 
     D244011  7 0.3346 0.3379 0.1580 0.1695 
     D244012  7 0.3857 0.0822 0.2938 0.2383 
     D244013  7 0.4464 0.2345 0.2209 0.0983 
     D244014  7 0.4042 0.1160 0.1686 0.3112 
     D244015  7 0.1239 0.0604 0.3345 0.4811 
     D244125  7 0.3863 0.2861 0.2552 0.0724 
     D244126  7 0.0408 0.0238 0.0468 0.8886 
     D244130  7 0.1763 0.2003 0.1821 0.4413 
     D244131  7 0.1299 0.2243 0.4661 0.1797 
     D244132  7 0.0597 0.4787 0.3972 0.0645 
        D520  7 0.0792 0.4376 0.1449 0.3382 
        D521  7 0.1602 0.2595 0.2785 0.3018 
        D522  7 0.0716 0.0734 0.2850 0.5700 
        D523  7 0.7479 0.0942 0.0878 0.0700 
        D524  7 0.4001 0.2631 0.1280 0.2087 
        D525  7 0.2865 0.0553 0.0828 0.5754 
        D526  7 0.0563 0.0309 0.0852 0.8277 
        D527  7 0.1803 0.1269 0.4910 0.2018 
        D528  7 0.1448 0.0337 0.4319 0.3896 
        D558  7 0.1523 0.0578 0.6148 0.1751 
        D559  7 0.1779 0.0354 0.6545 0.1321 
        D640  7 0.2335 0.4267 0.1998 0.1400 
        D641  7 0.2906 0.4142 0.0583 0.2369 
        D642  7 0.2213 0.1050 0.1187 0.5551 
        D644  7 0.1453 0.4108 0.1353 0.3086 
        D645  7 0.3457 0.2103 0.1802 0.2639 
        D662  7 0.0368 0.1754 0.2212 0.5666 
        D687  7 0.4092 0.1069 0.3054 0.1785 
        D688  7 0.1483 0.0685 0.5108 0.2724 
        D689  7 0.2588 0.3485 0.2471 0.1456 
        D700  7 0.1920 0.0206 0.4522 0.3353 
        D797  7 0.2468 0.2708 0.3077 0.1747 
        D798  7 0.0470 0.0753 0.1645 0.7132 
        D799  7 0.6300 0.0851 0.1002 0.1848 
        D800  7 0.1224 0.0405 0.7212 0.1159 
        D132  8 0.0329 0.0494 0.0526 0.8652 
        D133  8 0.8679 0.0253 0.0231 0.0837 
        D200  8 0.2934 0.3190 0.2541 0.1334 
        D500  8 0.0217 0.0425 0.0443 0.8916 
        D614  8 0.0797 0.5574 0.1347 0.2282 
        D723  8 0.1694 0.1133 0.3480 0.3694 
        D888  8 0.8054 0.0561 0.0942 0.0442 
        D901  8 0.1304 0.1735 0.0730 0.6231 
        D902  8 0.0549 0.8081 0.0664 0.0706 
        D903  8 0.1105 0.2598 0.5665 0.0631 
        D904  8 0.1239 0.1445 0.5304 0.2013 
        D905  8 0.7460 0.2024 0.0252 0.0265 
        D906  8 0.6050 0.0533 0.2143 0.1274 
        D937  8 0.0450 0.8766 0.0288 0.0497 
        D943  8 0.1778 0.0966 0.2972 0.4284 
        D972  8 0.0954 0.1175 0.3032 0.4838 
        D973  8 0.0461 0.0900 0.6653 0.1986 
        D974  8 0.1921 0.3861 0.1766 0.2451 
        D975  8 0.1977 0.4447 0.2591 0.0984 
        D976  8 0.2771 0.3055 0.1351 0.2823 
        D201  9 0.4665 0.0881 0.3026 0.1428 
        D202  9 0.4716 0.2677 0.0678 0.1929 
     D237259  9 0.2335 0.0388 0.4392 0.2885 
     D237260  9 0.5456 0.0851 0.0374 0.3318 
     D237262  9 0.0321 0.0372 0.0379 0.8927 
     D237263  9 0.2280 0.0582 0.1253 0.5885 
     D237264  9 0.2166 0.2283 0.1495 0.4056 
     D237265  9 0.7836 0.0688 0.0454 0.1021 
     D237266  9 0.6274 0.0363 0.0778 0.2586 
     D237267  9 0.1622 0.4286 0.1127 0.2965 
     D237268  9 0.0679 0.1556 0.2037 0.5728 
     D237289  9 0.4659 0.3543 0.0480 0.1318 
     D237290  9 0.8541 0.0422 0.0374 0.0662 
     D237291  9 0.7519 0.0973 0.0633 0.0875 
     D237292  9 0.5507 0.0567 0.0548 0.3378 
     D237293  9 0.1139 0.3666 0.1606 0.3589 
     D237294  9 0.1682 0.0937 0.0476 0.6906 
     D237295  9 0.0568 0.3119 0.3592 0.2721 
     D237296  9 0.3025 0.2662 0.1481 0.2832 
     D237297  9 0.0875 0.7787 0.0689 0.0650 
     D237298  9 0.2469 0.1112 0.3456 0.2964 
     D237341  9 0.4941 0.1105 0.2233 0.1721 
     D237342  9 0.1075 0.1179 0.0661 0.7086 
     D237343  9 0.3356 0.0630 0.1204 0.4809 
     D237344  9 0.1886 0.6086 0.0919 0.1109 
     D237345  9 0.0676 0.0293 0.0649 0.8382 
     D237346  9 0.5986 0.1941 0.0570 0.1503 
     D237347  9 0.2699 0.4771 0.1563 0.0967 
     D237348  9 0.2776 0.2696 0.1392 0.3136 
     D237349  9 0.3944 0.0372 0.2905 0.2780 
     D244109  9 0.6373 0.0213 0.1897 0.1517 
     D244110  9 0.7519 0.0377 0.1041 0.1063 
     D244111  9 0.3392 0.1738 0.3144 0.1726 
     D244128  9 0.1007 0.0550 0.0630 0.7813 
     D244137  9 0.0793 0.0670 0.6801 0.1737 
     D244138  9 0.4421 0.2471 0.1029 0.2080 
        D580  9 0.0555 0.1405 0.3531 0.4510 
        D581  9 0.8305 0.0404 0.0420 0.0871 
        D582  9 0.0277 0.0422 0.0475 0.8827 
        D583  9 0.8340 0.0404 0.0328 0.0927 
        D584  9 0.0829 0.6123 0.0529 0.2519 
        D585  9 0.2446 0.0487 0.0697 0.6370 
        D586  9 0.8312 0.0741 0.0512 0.0435 
        D651  9 0.2590 0.1987 0.4097 0.1326 
        D652  9 0.1278 0.0410 0.2758 0.5554 
        D653  9 0.4244 0.0893 0.4036 0.0828 
        D654  9 0.3476 0.0514 0.4433 0.1577 
        D655  9 0.4795 0.3042 0.1323 0.0839 
        D656  9 0.0627 0.0666 0.0657 0.8049 
        D657  9 0.1944 0.1733 0.2314 0.4009 
        D667  9 0.2743 0.5933 0.0623 0.0701 
        D668  9 0.2591 0.1482 0.0811 0.5116 
        D669  9 0.6207 0.0875 0.1062 0.1856 
        D670  9 0.1281 0.1014 0.6607 0.1098 
        D671  9 0.7010 0.0764 0.0928 0.1299 
        D672  9 0.1261 0.0653 0.0749 0.7337 
        D673  9 0.1646 0.3438 0.2133 0.2783 
        D692  9 0.2724 0.0494 0.0685 0.6097 
        D693  9 0.1531 0.4233 0.1535 0.2701 
        D694  9 0.0665 0.0744 0.0469 0.8122 
        D695  9 0.1106 0.0961 0.2786 0.5147 
        D696  9 0.0276 0.9190 0.0264 0.0270 
        D697  9 0.2403 0.5147 0.1144 0.1307 
        D698  9 0.4414 0.4049 0.0496 0.1041 
        D699  9 0.1160 0.7121 0.0398 0.1321 
        D787  9 0.2310 0.0468 0.3926 0.3295 
        D788  9 0.0504 0.7169 0.0965 0.1363 
        D789  9 0.2354 0.3814 0.0815 0.3016 
        D790  9 0.3525 0.1285 0.2032 0.3158 
        D791  9 0.5791 0.2269 0.0699 0.1241 
        D792  9 0.2874 0.0527 0.3254 0.3345 
        D793  9 0.1561 0.5714 0.1934 0.0791 
        D794  9 0.2026 0.3795 0.2880 0.1300 
        D795  9 0.0688 0.1771 0.0440 0.7102 
        D796  9 0.6554 0.1419 0.0667 0.1360 
        D142 10 0.1512 0.6017 0.1861 0.0611 
        D143 10 0.7643 0.1159 0.0586 0.0612 
        D144 10 0.1300 0.3241 0.3033 0.2426 
        D145 10 0.7767 0.0614 0.1002 0.0616 
        D146 10 0.0551 0.1307 0.1415 0.6727 
        D147 10 0.1671 0.1205 0.3675 0.3450 
        D148 10 0.0974 0.1016 0.7608 0.0402 
        D149 10 0.8169 0.0438 0.0887 0.0505 
        D151 10 0.2431 0.1305 0.4993 0.1270 
        D152 10 0.9089 0.0287 0.0255 0.0369 
        D153 10 0.0542 0.3618 0.4660 0.1180 
        D156 10 0.1201 0.0748 0.7369 0.0682 
        D157 10 0.0768 0.6662 0.0795 0.1775 
        D158 10 0.3182 0.4277 0.0742 0.1799 
        D159 10 0.8744 0.0420 0.0440 0.0396 
        D160 10 0.6380 0.2914 0.0233 0.0473 
        D161 10 0.1906 0.2422 0.4009 0.1663 
        D162 10 0.2256 0.1772 0.5510 0.0461 
        D169 10 0.0788 0.0520 0.0704 0.7989 
        D170 10 0.0506 0.1368 0.0997 0.7130 
        D171 10 0.0682 0.6317 0.1423 0.1579 
        D172 10 0.1968 0.1428 0.4049 0.2555 
        D173 10 0.8287 0.0197 0.0880 0.0635 
        D181 10 0.1858 0.5120 0.2139 0.0883 
        D182 10 0.6140 0.0460 0.1623 0.1777 
        D183 10 0.0373 0.8482 0.0497 0.0648 
        D184 10 0.0207 0.0291 0.0715 0.8787 
        D185 10 0.1096 0.1087 0.6140 0.1677 
        D186 10 0.0732 0.0397 0.0452 0.8419 
        D194 10 0.0860 0.1299 0.2070 0.5772 
        D195 10 0.4182 0.2567 0.2493 0.0759 
        D196 10 0.3379 0.1412 0.4775 0.0435 
        D197 10 0.1535 0.0757 0.0309 0.7399 
        D198 10 0.0588 0.2776 0.4309 0.2327 
     D237226 10 0.6742 0.0432 0.1137 0.1690 
     D237232 10 0.3779 0.4306 0.0778 0.1136 
     D237233 10 0.6081 0.2072 0.0416 0.1431 
     D237234 10 0.1829 0.5187 0.1631 0.1353 
     D237354 10 0.9000 0.0390 0.0338 0.0271 
     D237355 10 0.7483 0.1148 0.0672 0.0697 
     D237356 10 0.0482 0.4711 0.2991 0.1816 
     D237357 10 0.4042 0.1214 0.1054 0.3690 
     D237358 10 0.1807 0.0751 0.2748 0.4695 
     D237369 10 0.0473 0.0274 0.0967 0.8286 
     D237370 10 0.0894 0.8147 0.0427 0.0533 
     D237371 10 0.1045 0.0729 0.6680 0.1546 
     D237372 10 0.4776 0.0480 0.1076 0.3668 
     D237373 10 0.4106 0.4323 0.1015 0.0556 
     D237374 10 0.7011 0.2042 0.0554 0.0394 
     D237375 10 0.3593 0.1354 0.3348 0.1705 
     D237400 10 0.9114 0.0349 0.0261 0.0276 
     D244002 10 0.1071 0.0447 0.5693 0.2789 
     D244003 10 0.5128 0.3812 0.0280 0.0780 
     D244004 10 0.0281 0.9084 0.0201 0.0434 
     D244005 10 0.6043 0.0596 0.0591 0.2771 
     D244020 10 0.1435 0.4171 0.3045 0.1349 
     D244021 10 0.2018 0.1204 0.1126 0.5651 
     D244116 10 0.1232 0.1617 0.1234 0.5917 
     D244117 10 0.3929 0.4541 0.0811 0.0719 
     D244121 10 0.2025 0.6198 0.0410 0.1367 
     D244123 10 0.2974 0.4883 0.1158 0.0985 
     D244124 10 0.3231 0.1952 0.0443 0.4373 
        D332 10 0.0789 0.1324 0.7079 0.0807 
        D570 10 0.0584 0.7715 0.1173 0.0528 
        D602 10 0.0660 0.0483 0.8310 0.0547 
        D603 10 0.3201 0.4134 0.0832 0.1833 
        D604 10 0.3157 0.1386 0.4855 0.0602 
        D605 10 0.1876 0.0868 0.5521 0.1735 
        D606 10 0.0530 0.2753 0.0550 0.6167 
        D607 10 0.0460 0.0389 0.8554 0.0597 
        D608 10 0.8966 0.0210 0.0631 0.0192 
        D609 10 0.0372 0.6512 0.1948 0.1168 
        D610 10 0.1542 0.4230 0.3022 0.1205 
        D611 10 0.0221 0.9337 0.0258 0.0183 
        D613 10 0.1458 0.2954 0.4837 0.0751 
        D633 10 0.1245 0.0415 0.7369 0.0971 
        D634 10 0.1396 0.5912 0.1300 0.1392 
        D638 10 0.8460 0.0630 0.0427 0.0483 
        D681 10 0.1088 0.4893 0.1294 0.2725 
        D754 10 0.0882 0.3909 0.0594 0.4615 
        D755 10 0.5131 0.4010 0.0270 0.0588 
        D756 10 0.1361 0.6196 0.0690 0.1754 
        D757 10 0.4429 0.0981 0.1763 0.2827 
        D758 10 0.2012 0.2920 0.2401 0.2666 
        D759 10 0.5609 0.3127 0.0538 0.0725 
        D760 10 0.3396 0.3715 0.1658 0.1231 
        D761 10 0.8726 0.0725 0.0266 0.0283 
        D762 10 0.0990 0.0915 0.7185 0.0910 
        D775 10 0.2252 0.6595 0.0278 0.0875 
        D776 10 0.8237 0.0829 0.0347 0.0587 
        D777 10 0.2850 0.4419 0.0729 0.2003 
        D778 10 0.7322 0.0395 0.0345 0.1939 
        D779 10 0.1154 0.4957 0.0840 0.3049 
        D780 10 0.4526 0.1491 0.3012 0.0971 
        D781 10 0.1509 0.1272 0.6167 0.1052 
        D858 10 0.0631 0.0189 0.0289 0.8890 
        D933 10 0.3518 0.2179 0.3556 0.0746 
        D038 11 0.5179 0.1218 0.1808 0.1795 
        D063 11 0.3648 0.4071 0.1203 0.1078 
        D155 11 0.4005 0.3714 0.1218 0.1063 
        D175 11 0.0632 0.6315 0.0684 0.2369 
        D176 11 0.7322 0.1512 0.0556 0.0610 
        D205 11 0.0301 0.7566 0.0433 0.1700 
     D237229 11 0.3488 0.0458 0.3575 0.2479 
     D237230 11 0.1760 0.0553 0.5201 0.2486 
     D237231 11 0.0964 0.0717 0.7821 0.0498 
     D237269 11 0.3636 0.0955 0.4047 0.1363 
     D237270 11 0.0758 0.0383 0.1240 0.7619 
     D237271 11 0.0734 0.6029 0.2174 0.1063 
     D237272 11 0.1807 0.0704 0.3567 0.3922 
     D237273 11 0.1350 0.7237 0.0795 0.0618 
     D237301 11 0.0850 0.1995 0.6559 0.0596 
     D237302 11 0.1659 0.0992 0.1557 0.5792 
     D237303 11 0.1592 0.0381 0.2111 0.5915 
     D237304 11 0.1608 0.1838 0.3771 0.2783 
     D237305 11 0.0887 0.1242 0.0429 0.7441 
     D237314 11 0.2346 0.3948 0.1702 0.2004 
     D237315 11 0.0950 0.0701 0.1511 0.6838 
     D237316 11 0.0340 0.1499 0.7571 0.0590 
     D237328 11 0.0389 0.3302 0.3575 0.2734 
     D237329 11 0.4658 0.1200 0.0873 0.3269 
     D237330 11 0.1788 0.7027 0.0559 0.0627 
     D237331 11 0.2743 0.3505 0.2780 0.0972 
     D237332 11 0.0998 0.3698 0.3180 0.2124 
     D237333 11 0.6108 0.2897 0.0647 0.0348 
     D237334 11 0.0675 0.1088 0.7525 0.0713 
     D237335 11 0.0630 0.3731 0.3320 0.2319 
     D237336 11 0.5044 0.1635 0.1658 0.1663 
     D237350 11 0.1230 0.7076 0.1152 0.0542 
     D237383 11 0.3454 0.2155 0.0924 0.3468 
     D237384 11 0.0853 0.0781 0.6184 0.2183 
     D237385 11 0.2431 0.1975 0.3136 0.2457 
     D237386 11 0.1602 0.1747 0.5741 0.0910 
     D237387 11 0.0559 0.1706 0.5105 0.2630 
     D237388 11 0.0496 0.7849 0.1256 0.0400 
        D239 11 0.2867 0.4252 0.2129 0.0753 
        D240 11 0.8165 0.0544 0.0419 0.0871 
        D241 11 0.2708 0.0586 0.4658 0.2048 
        D242 11 0.1924 0.1137 0.5780 0.1158 
        D243 11 0.2025 0.4801 0.1620 0.1554 
        D244 11 0.0494 0.7274 0.0628 0.1604 
