        D174  1 0.1910 0.0788 0.7302 
        D199  1 0.1499 0.3667 0.4834 
        D203  1 0.2457 0.4084 0.3459 
        D204  1 0.2502 0.1967 0.5531 
     D237366  1 0.4940 0.2432 0.2628 
     D237367  1 0.6684 0.1398 0.1918 
     D237368  1 0.5691 0.1832 0.2477 
     D244101  1 0.1377 0.5479 0.3144 
     D244102  1 0.2800 0.2352 0.4848 
     D244103  1 0.6570 0.0980 0.2450 
     D244104  1 0.2993 0.2015 0.4992 
     D244105  1 0.8395 0.0802 0.0804 
     D244106  1 0.1037 0.3243 0.5719 
     D244107  1 0.8304 0.1142 0.0553 
     D244108  1 0.1626 0.1199 0.7176 
     D244113  1 0.0716 0.0949 0.8334 
     D244114  1 0.2337 0.4588 0.3076 
     D244115  1 0.3369 0.0946 0.5685 
     D267365  1 0.1182 0.1394 0.7424 
        D404  1 0.1045 0.1369 0.7586 
        D405  1 0.2135 0.2606 0.5259 
        D406  1 0.7742 0.0513 0.1745 
        D407  1 0.7347 0.1345 0.1308 
        D408  1 0.1247 0.2130 0.6623 
        D409  1 0.7014 0.1690 0.1296 
        D410  1 0.8301 0.0361 0.1338 
        D421  1 0.4104 0.2006 0.3889 
        D422  1 0.9104 0.0531 0.0365 
        D423  1 0.9118 0.0448 0.0434 
        D424  1 0.7011 0.0470 0.2519 
        D425  1 0.1710 0.1247 0.7043 
        D426  1 0.6894 0.2417 0.0689 
        D427  1 0.0964 0.7138 0.1898 
        D428  1 0.3313 0.1526 0.5161 
        D429  1 0.2630 0.1594 0.5775 
        D430  1 0.2633 0.4362 0.3006 
        D491  1 0.0921 0.0561 0.8519 
        D492  1 0.4388 0.1226 0.4386 
        D537  1 0.4268 0.0726 0.5006 
        D538  1 0.3403 0.2311 0.4285 
        D539  1 0.2048 0.3943 0.4009 
        D540  1 0.5425 0.1345 0.3230 
        D541  1 0.4054 0.1486 0.4460 
        D551  1 0.2524 0.6494 0.0982 
        D552  1 0.3052 0.1431 0.5516 
        D553  1 0.4696 0.0921 0.4383 
        D615  1 0.3422 0.2216 0.4362 
        D616  1 0.4781 0.2585 0.2634 
        D621  1 0.5957 0.0993 0.3050 
        D622  1 0.7886 0.0882 0.1232 
        D623  1 0.0759 0.3276 0.5965 
        D624  1 0.1310 0.1013 0.7677 
        D625  1 0.2815 0.0657 0.6527 
        D626  1 0.3448 0.1686 0.4866 
        D627  1 0.6958 0.2023 0.1018 
        D690  1 0.3625 0.0547 0.5828 
        D691  1 0.7907 0.0753 0.1339 
        D710  1 0.2528 0.2035 0.5437 
        D711  1 0.3555 0.1345 0.5100 
        D712  1 0.0985 0.1354 0.7662 
        D713  1 0.1325 0.0630 0.8045 
        D746  1 0.8499 0.0754 0.0747 
        D747  1 0.2797 0.2120 0.5082 
        D748  1 0.5557 0.0955 0.3488 
        D749  1 0.5641 0.2231 0.2128 
        D750  1 0.1737 0.0814 0.7449 
        D763  1 0.2786 0.5725 0.1489 
        D764  1 0.2935 0.0555 0.6510 
        D765  1 0.6457 0.0879 0.2663 
        D766  1 0.5988 0.0580 0.3432 
        D767  1 0.3267 0.2605 0.4128 
        D768  1 0.6065 0.1157 0.2777 
        D811  1 0.2288 0.1462 0.6251 
        D816  1 0.2186 0.0764 0.7050 
        D825  1 0.2923 0.0728 0.6349 
        D866  1 0.1225 0.5595 0.3180 
        D867  1 0.8474 0.0883 0.0643 
        D871  1 0.6947 0.1347 0.1706 
        D872  1 0.2539 0.1169 0.6292 
        D873  1 0.8998 0.0459 0.0543 
        D874  1 0.0529 0.1208 0.8263 
        D875  1 0.8509 0.0791 0.0700 
        D876  1 0.1569 0.0779 0.7652 
        D877  1 0.0475 0.0640 0.8885 
        D892  1 0.2433 0.0727 0.6841 
        D893  1 0.4278 0.2394 0.3329 
        D894  1 0.4505 0.1724 0.3771 
        D915  1 0.4360 0.0848 0.4792 
        D916  1 0.3799 0.0864 0.5338 
        D917  1 0.1057 0.1760 0.7183 
        D925  1 0.6914 0.0646 0.2440 
        D926  1 0.3542 0.1053 0.5404 
        D927  1 0.1276 0.5521 0.3203 
        D928  1 0.0380 0.0410 0.9211 
        D929  1 0.2143 0.1474 0.6383 
        D936  1 0.1608 0.3810 0.4582 
        D938  1 0.8756 0.0440 0.0804 
        D956  1 0.1842 0.1872 0.6285 
        D957  1 0.3807 0.1233 0.4960 
        D958  1 0.2035 0.0479 0.7485 
        D959  1 0.8084 0.0839 0.1077 
        D960  1 0.7876 0.0645 0.1479 
        D989  1 0.0876 0.3637 0.5487 
        D990  1 0.7843 0.1459 0.0698 
        D023  2 0.8502 0.0600 0.0898 
        D130  2 0.8293 0.0692 0.1015 
        D131  2 0.5448 0.2115 0.2437 
        D163  2 0.8505 0.0655 0.0840 
        D164  2 0.4603 0.4955 0.0443 
        D165  2 0.8576 0.0894 0.0529 
        D166  2 0.4260 0.3237 0.2503 
        D167  2 0.0448 0.8830 0.0722 
        D192  2 0.0326 0.9212 0.0462 
        D193  2 0.1844 0.1994 0.6162 
        D206  2 0.5097 0.3018 0.1885 
        D207  2 0.1312 0.7629 0.1059 
        D208  2 0.1058 0.5073 0.3869 
        D209  2 0.2498 0.6565 0.0937 
        D210  2 0.0971 0.4345 0.4683 
     D229599  2 0.3015 0.3457 0.3528 
     D229600  2 0.4019 0.5112 0.0870 
     D237227  2 0.2597 0.3021 0.4382 
     D237228  2 0.4482 0.2271 0.3247 
     D237258  2 0.2989 0.4244 0.2767 
     D237310  2 0.6571 0.1994 0.1435 
     D237311  2 0.5409 0.3476 0.1114 
     D237312  2 0.5172 0.1179 0.3649 
     D237313  2 0.2705 0.1507 0.5788 
     D237322  2 0.1871 0.5836 0.2294 
     D237323  2 0.5370 0.1735 0.2895 
     D237324  2 0.5163 0.4241 0.0595 
     D237325  2 0.4796 0.1838 0.3366 
     D237326  2 0.5630 0.0940 0.3430 
     D237327  2 0.1709 0.7035 0.1256 
     D237337  2 0.6690 0.0635 0.2675 
     D237338  2 0.4262 0.2847 0.2891 
     D237339  2 0.1258 0.5923 0.2818 
     D237340  2 0.2266 0.4333 0.3401 
     D237389  2 0.7620 0.1225 0.1155 
     D237390  2 0.4216 0.1353 0.4431 
     D244017  2 0.1125 0.5044 0.3831 
     D244112  2 0.1302 0.8240 0.0458 
     D244118  2 0.2069 0.7297 0.0634 
     D244119  2 0.0631 0.5001 0.4368 
     D244120  2 0.0801 0.7457 0.1742 
     D244122  2 0.1097 0.7675 0.1228 
        D291  2 0.2337 0.6631 0.1032 
        D292  2 0.1017 0.6353 0.2630 
        D293  2 0.0621 0.7746 0.1632 
        D322  2 0.1535 0.6320 0.2146 
        D323  2 0.2089 0.3603 0.4309 
        D324  2 0.3297 0.3719 0.2984 
        D325  2 0.1158 0.8514 0.0328 
        D326  2 0.2248 0.1613 0.6138 
        D340  2 0.0558 0.9071 0.0371 
        D341  2 0.0801 0.8498 0.0701 
        D342  2 0.2638 0.6623 0.0740 
        D343  2 0.0357 0.9399 0.0244 
        D344  2 0.3111 0.1978 0.4911 
        D345  2 0.4422 0.1808 0.3769 
        D346  2 0.1210 0.2553 0.6237 
        D351  2 0.3827 0.3373 0.2800 
        D352  2 0.2599 0.3594 0.3808 
        D353  2 0.4765 0.2200 0.3035 
        D354  2 0.1813 0.0785 0.7402 
        D362  2 0.3654 0.1002 0.5343 
        D363  2 0.2844 0.1036 0.6120 
        D364  2 0.2708 0.1030 0.6261 
        D365  2 0.0380 0.9065 0.0554 
        D369  2 0.2286 0.4089 0.3626 
        D374  2 0.0676 0.0794 0.8529 
        D375  2 0.3634 0.1585 0.4781 
        D376  2 0.0863 0.1468 0.7668 
        D377  2 0.3419 0.2314 0.4267 
        D378  2 0.1971 0.5550 0.2479 
        D379  2 0.2860 0.0882 0.6258 
        D384  2 0.1991 0.0650 0.7359 
        D385  2 0.0564 0.8769 0.0667 
        D386  2 0.3376 0.2784 0.3840 
        D391  2 0.0467 0.8926 0.0608 
        D392  2 0.1293 0.7126 0.1581 
        D393  2 0.2539 0.4796 0.2665 
        D394  2 0.4390 0.3099 0.2512 
        D395  2 0.1311 0.7576 0.1113 
        D401  2 0.7967 0.1045 0.0988 
        D402  2 0.0450 0.9074 0.0476 
        D403  2 0.5553 0.1230 0.3217 
        D415  2 0.7832 0.0644 0.1524 
        D435  2 0.3505 0.5217 0.1279 
        D436  2 0.1957 0.1410 0.6632 
        D438  2 0.0546 0.8864 0.0590 
        D439  2 0.3941 0.3919 0.2140 
        D449  2 0.3566 0.5688 0.0746 
        D450  2 0.2139 0.1200 0.6661 
        D456  2 0.4333 0.0829 0.4838 
        D462  2 0.0520 0.8893 0.0587 
        D463  2 0.2946 0.0633 0.6421 
        D464  2 0.2495 0.3151 0.4354 
        D465  2 0.4164 0.4630 0.1205 
        D473  2 0.1664 0.1523 0.6813 
        D474  2 0.2736 0.3974 0.3290 
        D476  2 0.6023 0.3259 0.0718 
        D477  2 0.2197 0.2385 0.5419 
        D478  2 0.3272 0.1874 0.4854 
        D480  2 0.0885 0.4388 0.4727 
        D481  2 0.2432 0.3055 0.4512 
        D482  2 0.2011 0.5433 0.2556 
        D483  2 0.0469 0.8605 0.0926 
        D484  2 0.1260 0.5699 0.3041 
        D510  2 0.0758 0.1903 0.7338 
        D511  2 0.1931 0.5511 0.2558 
        D512  2 0.6706 0.2588 0.0706 
        D513  2 0.2609 0.5553 0.1838 
        D635  2 0.7376 0.0911 0.1713 
        D636  2 0.8941 0.0505 0.0554 
        D637  2 0.1463 0.6043 0.2494 
        D658  2 0.0885 0.6910 0.2205 
        D659  2 0.4600 0.2096 0.3303 
        D677  2 0.4938 0.2776 0.2286 
        D678  2 0.1104 0.8151 0.0745 
        D679  2 0.2375 0.3569 0.4055 
        D719  2 0.0516 0.2350 0.7135 
        D720  2 0.1571 0.1015 0.7414 
        D721  2 0.6209 0.2643 0.1149 
        D722  2 0.0923 0.1332 0.7745 
        D734  2 0.0581 0.4400 0.5019 
        D735  2 0.2627 0.2642 0.4732 
        D736  2 0.1467 0.3020 0.5513 
        D737  2 0.0852 0.7936 0.1212 
        D807  2 0.1403 0.2595 0.6002 
        D808  2 0.3648 0.4257 0.2095 
        D817  2 0.2136 0.1086 0.6778 
        D818  2 0.2646 0.6286 0.1068 
        D819  2 0.5301 0.1920 0.2779 
        D820  2 0.1309 0.2237 0.6455 
        D895  2 0.6328 0.1406 0.2267 
        D896  2 0.7895 0.0621 0.1484 
        D897  2 0.1673 0.7452 0.0875 
        D898  2 0.3770 0.2557 0.3672 
        D918  2 0.4346 0.3628 0.2026 
        D919  2 0.1741 0.6126 0.2133 
        D920  2 0.8327 0.0618 0.1055 
        D923  2 0.2703 0.1817 0.5480 
        D930  2 0.1688 0.1311 0.7001 
        D931  2 0.1554 0.3865 0.4582 
        D968  2 0.0412 0.9080 0.0508 
        D969  2 0.1541 0.5887 0.2572 
        D977  2 0.1616 0.7725 0.0659 
        D978  2 0.1300 0.7171 0.1529 
        D211  3 0.7302 0.1422 0.1276 
     D229639  3 0.0954 0.7245 0.1800 
     D237212  3 0.2852 0.5450 0.1698 
     D237213  3 0.6007 0.1968 0.2025 
     D237214  3 0.8278 0.0643 0.1079 
     D237215  3 0.0436 0.8135 0.1430 
     D237216  3 0.6397 0.2599 0.1005 
     D237217  3 0.8125 0.1074 0.0801 
     D237218  3 0.1921 0.5961 0.2119 
     D237219  3 0.5175 0.2725 0.2100 
     D237382  3 0.2825 0.1837 0.5338 
     D244127  3 0.6658 0.2373 0.0970 
     D244129  3 0.4163 0.2940 0.2897 
     D244133  3 0.4189 0.2669 0.3142 
     D244134  3 0.2034 0.4700 0.3266 
     D244135  3 0.8253 0.1022 0.0724 
     D244136  3 0.2373 0.1798 0.5829 
        D416  3 0.4722 0.4172 0.1107 
        D417  3 0.4603 0.0858 0.4539 
        D419  3 0.3298 0.3852 0.2850 
        D565  3 0.0576 0.0652 0.8772 
        D566  3 0.1181 0.4886 0.3933 
        D567  3 0.5182 0.1179 0.3639 
        D568  3 0.4698 0.3925 0.1377 
        D569  3 0.2279 0.5672 0.2050 
        D573  3 0.0939 0.8280 0.0781 
        D574  3 0.1948 0.1745 0.6307 
        D575  3 0.4561 0.2091 0.3347 
        D576  3 0.0611 0.8659 0.0731 
        D577  3 0.3147 0.1221 0.5632 
        D578  3 0.8916 0.0692 0.0392 
        D579  3 0.2032 0.2974 0.4995 
        D660  3 0.3214 0.6102 0.0684 
        D661  3 0.1216 0.8080 0.0704 
        D663  3 0.0770 0.8349 0.0881 
        D664  3 0.4351 0.3006 0.2643 
        D665  3 0.6916 0.2485 0.0598 
        D666  3 0.4714 0.1948 0.3337 
        D009  4 0.6977 0.1130 0.1894 
        D057  4 0.1844 0.6678 0.1478 
        D109  4 0.7545 0.0801 0.1654 
     D237222  4 0.5988 0.1139 0.2873 
     D237223  4 0.5342 0.2198 0.2460 
     D237224  4 0.1298 0.7047 0.1655 
     D237225  4 0.6443 0.1614 0.1943 
     D237299  4 0.6813 0.2123 0.1064 
     D237300  4 0.0690 0.8387 0.0923 
     D237306  4 0.1683 0.0892 0.7425 
     D237307  4 0.1834 0.1873 0.6293 
     D237308  4 0.1383 0.6432 0.2185 
     D237309  4 0.6469 0.1618 0.1913 
     D237317  4 0.1451 0.0751 0.7798 
     D237318  4 0.0516 0.8947 0.0538 
     D237319  4 0.4751 0.2363 0.2886 
     D237320  4 0.4584 0.3987 0.1429 
     D237321  4 0.1288 0.7481 0.1231 
     D237397  4 0.2321 0.3799 0.3880 
     D237398  4 0.1464 0.7691 0.0845 
     D237399  4 0.2195 0.3230 0.4574 
     D244001  4 0.7038 0.1693 0.1270 
        D289  4 0.1356 0.3546 0.5098 
        D290  4 0.2097 0.4845 0.3058 
        D294  4 0.2282 0.4392 0.3326 
        D295  4 0.3500 0.2038 0.4462 
        D301  4 0.6314 0.2562 0.1124 
        D302  4 0.3012 0.1494 0.5494 
        D303  4 0.1408 0.1808 0.6783 
        D304  4 0.1271 0.4217 0.4512 
        D305  4 0.4042 0.5174 0.0783 
        D306  4 0.3013 0.2340 0.4647 
        D307  4 0.6959 0.1666 0.1375 
        D327  4 0.2411 0.1747 0.5842 
        D328  4 0.1298 0.1302 0.7401 
        D329  4 0.2015 0.6253 0.1732 
        D330  4 0.7070 0.1209 0.1721 
        D331  4 0.2025 0.3625 0.4350 
        D333  4 0.2302 0.3552 0.4145 
        D334  4 0.1172 0.0910 0.7917 
        D335  4 0.1283 0.2167 0.6549 
        D370  4 0.2423 0.1362 0.6215 
        D371  4 0.0770 0.0954 0.8276 
        D372  4 0.0783 0.8483 0.0734 
        D373  4 0.6482 0.2917 0.0601 
        D455  4 0.6589 0.2480 0.0931 
        D490  4 0.8671 0.0536 0.0793 
        D497  4 0.8443 0.0927 0.0630 
        D498  4 0.2201 0.3313 0.4486 
        D499  4 0.1228 0.6564 0.2208 
        D514  4 0.4971 0.2111 0.2918 
        D515  4 0.6489 0.1236 0.2275 
        D516  4 0.3842 0.2292 0.3866 
        D517  4 0.7233 0.2017 0.0750 
        D518  4 0.2270 0.2366 0.5364 
        D519  4 0.6890 0.2164 0.0947 
        D560  4 0.5184 0.3192 0.1624 
        D561  4 0.7767 0.1301 0.0932 
        D562  4 0.3136 0.3863 0.3000 
        D563  4 0.1820 0.7567 0.0613 
        D572  4 0.2162 0.2898 0.4939 
        D629  4 0.5532 0.1569 0.2899 
        D630  4 0.3293 0.2720 0.3987 
        D631  4 0.1159 0.6547 0.2294 
        D632  4 0.5895 0.2940 0.1165 
        D646  4 0.6472 0.1829 0.1699 
        D647  4 0.4608 0.2634 0.2758 
        D648  4 0.1160 0.1908 0.6932 
        D649  4 0.5773 0.1023 0.3204 
        D650  4 0.2411 0.1346 0.6243 
        D708  4 0.1743 0.2134 0.6123 
        D709  4 0.2395 0.2228 0.5378 
        D738  4 0.1628 0.0819 0.7553 
        D739  4 0.4766 0.2723 0.2511 
        D740  4 0.3584 0.4560 0.1856 
        D741  4 0.5826 0.3062 0.1112 
        D742  4 0.1191 0.7042 0.1767 
        D743  4 0.1739 0.3147 0.5114 
        D744  4 0.2171 0.5185 0.2644 
        D745  4 0.7886 0.1186 0.0928 
        D814  4 0.2485 0.6685 0.0830 
        D815  4 0.1660 0.2342 0.5998 
        D828  4 0.1333 0.4718 0.3949 
        D845  4 0.0468 0.8579 0.0952 
        D846  4 0.3246 0.5411 0.1343 
        D847  4 0.3458 0.3339 0.3202 
        D848  4 0.5019 0.4530 0.0450 
        D849  4 0.7887 0.1034 0.1079 
        D850  4 0.4168 0.2742 0.3090 
        D856  4 0.5283 0.1973 0.2744 
        D857  4 0.7719 0.1310 0.0971 
        D859  4 0.1911 0.4319 0.3770 
        D860  4 0.0660 0.3168 0.6173 
        D883  4 0.3843 0.1266 0.4891 
        D884  4 0.3934 0.1086 0.4980 
        D885  4 0.3723 0.5233 0.1044 
        D886  4 0.4688 0.2148 0.3164 
        D887  4 0.2019 0.5760 0.2222 
        D889  4 0.0911 0.6857 0.2231 
        D890  4 0.2685 0.1771 0.5544 
        D891  4 0.0358 0.9291 0.0352 
        D899  4 0.0694 0.6711 0.2595 
        D900  4 0.3514 0.2606 0.3879 
        D970  4 0.2061 0.3947 0.3992 
        D971  4 0.1240 0.5795 0.2965 
        D979  4 0.1186 0.1997 0.6817 
        D093  5 0.1207 0.1948 0.6845 
        D154  5 0.1861 0.6275 0.1864 
        D168  5 0.4189 0.4787 0.1025 
        D189  5 0.0907 0.4288 0.4805 
        D190  5 0.0677 0.1120 0.8203 
     D237220  5 0.4317 0.3540 0.2143 
     D237221  5 0.1123 0.3157 0.5721 
     D237274  5 0.2713 0.1272 0.6015 
     D237275  5 0.0904 0.8310 0.0786 
     D237276  5 0.2794 0.1554 0.5652 
     D237277  5 0.0791 0.3079 0.6130 
     D237278  5 0.1685 0.6051 0.2265 
     D237279  5 0.8698 0.0607 0.0695 
     D237280  5 0.6194 0.1036 0.2770 
     D237281  5 0.0599 0.8747 0.0654 
     D237351  5 0.6917 0.0891 0.2192 
     D237352  5 0.4551 0.1594 0.3855 
     D237353  5 0.0695 0.1386 0.7919 
     D237359  5 0.3913 0.4188 0.1899 
     D237361  5 0.0795 0.0861 0.8344 
     D237362  5 0.2713 0.2479 0.4807 
     D237363  5 0.4631 0.3599 0.1770 
     D237364  5 0.3895 0.4938 0.1167 
     D237376  5 0.0846 0.2565 0.6589 
     D237377  5 0.5702 0.0957 0.3341 
     D237378  5 0.0904 0.3879 0.5217 
     D237379  5 0.1588 0.2992 0.5421 
     D237380  5 0.5277 0.0556 0.4167 
     D237381  5 0.5448 0.1953 0.2600 
     D237391  5 0.1068 0.1299 0.7633 
     D237392  5 0.2772 0.2561 0.4667 
     D237393  5 0.2187 0.1729 0.6084 
     D237394  5 0.0815 0.0490 0.8695 
     D237395  5 0.2742 0.3149 0.4109 
     D237396  5 0.3494 0.1896 0.4611 
     D244016  5 0.1780 0.2790 0.5430 
     D244018  5 0.2179 0.5878 0.1942 
     D244019  5 0.2070 0.3095 0.4836 
        D279  5 0.1710 0.7096 0.1194 
        D280  5 0.2711 0.3633 0.3656 
        D281  5 0.0596 0.8307 0.1098 
        D283  5 0.1106 0.1517 0.7376 
        D284  5 0.6772 0.1880 0.1348 
        D285  5 0.1440 0.2319 0.6241 
        D286  5 0.2108 0.2249 0.5642 
        D287  5 0.1568 0.1872 0.6560 
        D288  5 0.2006 0.3432 0.4562 
        D308  5 0.8296 0.0536 0.1169 
        D309  5 0.4265 0.1702 0.4033 
        D310  5 0.1123 0.1311 0.7566 
        D311  5 0.1518 0.1958 0.6524 
        D312  5 0.1436 0.1277 0.7288 
        D313  5 0.9032 0.0375 0.0593 
        D314  5 0.2704 0.5212 0.2084 
        D315  5 0.2390 0.1596 0.6015 
        D317  5 0.0735 0.0815 0.8450 
        D318  5 0.4342 0.3193 0.2465 
        D319  5 0.0796 0.1676 0.7528 
        D320  5 0.0922 0.1213 0.7865 
        D321  5 0.7460 0.1067 0.1474 
        D336  5 0.0525 0.0641 0.8835 
        D337  5 0.0448 0.1353 0.8199 
        D338  5 0.2951 0.3171 0.3878 
        D339  5 0.1495 0.2737 0.5768 
        D347  5 0.1234 0.2863 0.5903 
        D348  5 0.0412 0.0974 0.8615 
        D349  5 0.7675 0.0841 0.1484 
        D350  5 0.2649 0.3827 0.3524 
        D355  5 0.1186 0.7448 0.1365 
        D356  5 0.1709 0.1077 0.7215 
        D357  5 0.2804 0.2262 0.4934 
        D358  5 0.1452 0.1223 0.7326 
        D359  5 0.0846 0.0544 0.8610 
        D360  5 0.1339 0.0806 0.7855 
        D361  5 0.8547 0.0610 0.0842 
        D366  5 0.3448 0.4475 0.2077 
        D367  5 0.1610 0.1610 0.6780 
        D368  5 0.3743 0.0984 0.5273 
        D380  5 0.4403 0.2360 0.3237 
        D381  5 0.1208 0.1933 0.6859 
        D400  5 0.0945 0.4251 0.4803 
        D411  5 0.8814 0.0790 0.0395 
        D412  5 0.2498 0.4685 0.2817 
        D413  5 0.1425 0.7676 0.0899 
        D414  5 0.1133 0.7597 0.1270 
        D420  5 0.4445 0.4018 0.1538 
        D431  5 0.2621 0.4913 0.2465 
        D432  5 0.1860 0.3087 0.5053 
        D433  5 0.0906 0.2576 0.6517 
        D434  5 0.1296 0.1260 0.7444 
        D440  5 0.3713 0.3032 0.3255 
        D447  5 0.5826 0.2267 0.1907 
        D448  5 0.0702 0.1890 0.7407 
        D459  5 0.0665 0.8290 0.1045 
        D460  5 0.7691 0.0774 0.1535 
        D461  5 0.2670 0.2041 0.5289 
        D468  5 0.3919 0.1450 0.4632 
        D469  5 0.3810 0.1292 0.4898 
        D470  5 0.4689 0.1315 0.3995 
        D471  5 0.0588 0.2518 0.6894 
        D472  5 0.1698 0.5319 0.2983 
        D479  5 0.0662 0.8492 0.0846 
        D485  5 0.2081 0.2859 0.5060 
        D486  5 0.4933 0.1417 0.3649 
        D487  5 0.0861 0.6965 0.2173 
        D555  5 0.0613 0.1383 0.8004 
        D556  5 0.1587 0.4047 0.4366 
        D557  5 0.0565 0.1285 0.8149 
        D564  5 0.2104 0.1788 0.6108 
        D594  5 0.3152 0.1973 0.4875 
        D595  5 0.2096 0.2614 0.5290 
        D596  5 0.0480 0.1311 0.8209 
        D597  5 0.0908 0.3766 0.5326 
        D598  5 0.1936 0.1895 0.6170 
        D617  5 0.6796 0.2620 0.0584 
        D618  5 0.0963 0.2519 0.6518 
        D619  5 0.3612 0.1113 0.5275 
        D620  5 0.0529 0.8711 0.0760 
        D628  5 0.2165 0.2744 0.5091 
        D714  5 0.0841 0.5647 0.3512 
        D715  5 0.0571 0.2110 0.7318 
        D716  5 0.1412 0.3628 0.4960 
        D717  5 0.1892 0.1733 0.6375 
        D718  5 0.4490 0.2678 0.2833 
        D769  5 0.6913 0.2038 0.1049 
        D770  5 0.1321 0.5995 0.2684 
        D771  5 0.2054 0.5693 0.2254 
        D772  5 0.1193 0.1796 0.7011 
        D782  5 0.6558 0.2515 0.0927 
        D783  5 0.0952 0.6538 0.2510 
        D784  5 0.1874 0.2234 0.5891 
        D785  5 0.1233 0.0681 0.8086 
        D786  5 0.6202 0.1690 0.2108 
        D821  5 0.0370 0.0674 0.8956 
        D822  5 0.1642 0.1905 0.6454 
        D826  5 0.1127 0.5517 0.3356 
        D827  5 0.3850 0.2202 0.3948 
        D851  5 0.3600 0.2168 0.4232 
        D852  5 0.1101 0.6723 0.2175 
        D853  5 0.1514 0.2998 0.5488 
        D854  5 0.3684 0.4642 0.1675 
        D861  5 0.2699 0.4053 0.3248 
        D862  5 0.1246 0.0653 0.8100 
        D865  5 0.1186 0.2388 0.6426 
        D868  5 0.2499 0.1678 0.5823 
        D869  5 0.8904 0.0514 0.0583 
        D870  5 0.7957 0.1370 0.0673 
        D907  5 0.2263 0.1674 0.6063 
        D908  5 0.0863 0.6745 0.2392 
        D910  5 0.0728 0.3545 0.5727 
        D911  5 0.0807 0.7843 0.1350 
        D934  5 0.1326 0.6807 0.1866 
        D946  5 0.1863 0.6093 0.2044 
        D947  5 0.3623 0.2997 0.3380 
        D948  5 0.7270 0.0688 0.2041 
        D949  5 0.7681 0.0658 0.1661 
        D950  5 0.0677 0.8392 0.0931 
        D951  5 0.3913 0.1006 0.5082 
        D952  5 0.1365 0.1735 0.6900 
        D953  5 0.0843 0.1362 0.7796 
        D954  5 0.1320 0.0816 0.7865 
        D961  5 0.1876 0.2820 0.5304 
        D962  5 0.0832 0.0681 0.8487 
        D963  5 0.0855 0.2214 0.6931 
        D964  5 0.3565 0.3935 0.2501 
        D965  5 0.1879 0.3772 0.4349 
        D966  5 0.0914 0.4079 0.5007 
        D967  5 0.2034 0.4688 0.3278 
        D991  5 0.3030 0.1365 0.5605 
        D502  6 0.4928 0.4108 0.0964 
        D503  6 0.3474 0.5545 0.0980 
        D504  6 0.2226 0.2489 0.5285 
        D505  6 0.2334 0.3567 0.4099 
        D506  6 0.1004 0.0667 0.8328 
        D507  6 0.3055 0.5290 0.1655 
        D508  6 0.2462 0.4740 0.2798 
        D529  6 0.4980 0.1980 0.3040 
        D530  6 0.2564 0.2325 0.5111 
        D531  6 0.2700 0.3352 0.3947 
        D532  6 0.1249 0.1244 0.7507 
        D534  6 0.7690 0.1333 0.0978 
        D535  6 0.2620 0.1194 0.6186 
        D536  6 0.2210 0.7263 0.0528 
        D554  6 0.2737 0.1342 0.5921 
        D587  6 0.0929 0.1179 0.7893 
        D588  6 0.2440 0.1536 0.6025 
        D589  6 0.1580 0.6836 0.1584 
        D590  6 0.2051 0.7183 0.0766 
        D591  6 0.3653 0.3690 0.2657 
        D592  6 0.7301 0.1313 0.1387 
        D593  6 0.1654 0.2698 0.5649 
        D682  6 0.1290 0.1221 0.7489 
        D683  6 0.2044 0.0917 0.7039 
        D684  6 0.4638 0.4854 0.0508 
        D685  6 0.4114 0.4750 0.1136 
        D686  6 0.1329 0.1044 0.7626 
        D724  6 0.4433 0.3591 0.1975 
        D725  6 0.1989 0.4562 0.3449 
        D726  6 0.1107 0.0852 0.8041 
        D727  6 0.3366 0.4793 0.1841 
        D728  6 0.1790 0.1090 0.7120 
        D729  6 0.7824 0.1485 0.0691 
        D730  6 0.3753 0.4091 0.2156 
        D731  6 0.0563 0.5189 0.4247 
        D732  6 0.2598 0.3107 0.4295 
        D733  6 0.2783 0.3143 0.4073 
     D237251  7 0.1190 0.6952 0.1858 
     D237252  7 0.5174 0.3896 0.0930 
     D237253  7 0.1475 0.6211 0.2315 
     D237254  7 0.8650 0.0849 0.0501 
     D237255  7 0.0723 0.7969 0.1308 
     D237256  7 0.1240 0.7319 0.1441 
     D237257  7 0.6645 0.2334 0.1021 
     D237282  7 0.4445 0.2995 0.2560 
     D237283  7 0.8351 0.1142 0.0507 
     D237284  7 0.8683 0.0638 0.0679 
     D237285  7 0.1836 0.3144 0.5020 
     D237286  7 0.2499 0.2938 0.4563 
     D237287  7 0.2807 0.5256 0.1937 
     D244006  7 0.8710 0.0754 0.0535 
     D244007  7 0.2806 0.5172 0.2022 
     D244008  7 0.8109 0.0759 0.1132 
     D244009  7 0.5454 0.1032 0.3514 
     D244010  7 0.6217 0.2776 0.1006 
     D244011  7 0.1766 0.5419 0.2815 
     D244012  7 0.3920 0.4894 0.1185 
     D244013  7 0.0836 0.5900 0.3264 
     D244014  7 0.3450 0.5486 0.1065 
     D244015  7 0.7440 0.1689 0.0870 
     D244125  7 0.1013 0.4542 0.4444 
     D244126  7 0.8797 0.0818 0.0386 
     D244130  7 0.4662 0.2734 0.2604 
     D244131  7 0.2516 0.1869 0.5615 
     D244132  7 0.0994 0.0712 0.8294 
        D520  7 0.6135 0.1119 0.2746 
        D521  7 0.3290 0.3362 0.3348 
        D522  7 0.6026 0.1358 0.2616 
        D523  7 0.1050 0.7691 0.1259 
        D524  7 0.1648 0.4470 0.3882 
        D525  7 0.4873 0.4331 0.0795 
        D526  7 0.8731 0.0712 0.0557 
        D527  7 0.3930 0.3137 0.2933 
        D528  7 0.9273 0.0349 0.0378 
        D558  7 0.3146 0.4683 0.2171 
        D559  7 0.3274 0.5068 0.1658 
        D640  7 0.1580 0.3894 0.4526 
        D641  7 0.2507 0.4784 0.2709 
        D642  7 0.4876 0.3325 0.1798 
        D644  7 0.2480 0.2289 0.5230 
        D645  7 0.2943 0.4798 0.2259 
        D662  7 0.5766 0.0481 0.3753 
        D687  7 0.2063 0.5636 0.2300 
        D688  7 0.4758 0.3106 0.2136 
        D689  7 0.3090 0.3457 0.3453 
        D700  7 0.9042 0.0534 0.0424 
        D797  7 0.2471 0.3086 0.4443 
        D798  7 0.7827 0.0969 0.1204 
        D799  7 0.2340 0.6751 0.0909 
        D800  7 0.5113 0.3499 0.1388 
        D132  8 0.8372 0.0747 0.0881 
        D133  8 0.1141 0.8460 0.0399 
        D200  8 0.1826 0.6136 0.2038 
        D500  8 0.8806 0.0417 0.0777 
        D614  8 0.2041 0.1463 0.6496 
        D723  8 0.5456 0.2246 0.2298 
        D888  8 0.0639 0.8585 0.0776 
        D901  8 0.5822 0.2819 0.1359 
        D902  8 0.1166 0.1392 0.7442 
        D903  8 0.1100 0.1665 0.7234 
        D904  8 0.2974 0.2956 0.4071 
        D905  8 0.0467 0.8168 0.1365 
        D906  8 0.2031 0.7017 0.0952 
        D937  8 0.0814 0.1763 0.7423 
        D943  8 0.5215 0.3451 0.1334 
        D972  8 0.6758 0.1600 0.1641 
        D973  8 0.4469 0.0985 0.4546 
        D974  8 0.3593 0.2520 0.3887 
        D975  8 0.1717 0.4857 0.3426 
        D976  8 0.3756 0.4056 0.2187 
        D201  9 0.2657 0.6123 0.1220 
        D202  9 0.2392 0.6059 0.1549 
     D237259  9 0.7379 0.1528 0.1093 
     D237260  9 0.2475 0.6839 0.0687 
     D237262  9 0.8620 0.0631 0.0749 
     D237263  9 0.4801 0.4146 0.1053 
     D237264  9 0.4362 0.3158 0.2480 
     D237265  9 0.1367 0.7795 0.0837 
     D237266  9 0.3264 0.6101 0.0636 
     D237267  9 0.5634 0.1607 0.2760 
     D237268  9 0.6131 0.1437 0.2432 
     D237289  9 0.1530 0.5774 0.2696 
     D237290  9 0.0869 0.8667 0.0464 
     D237291  9 0.1248 0.7511 0.1241 
     D237292  9 0.3640 0.5802 0.0557 
     D237293  9 0.4719 0.1959 0.3322 
     D237294  9 0.4501 0.4109 0.1390 
     D237295  9 0.4170 0.1018 0.4811 
     D237296  9 0.4193 0.3522 0.2285 
     D237297  9 0.1312 0.2392 0.6296 
     D237298  9 0.2490 0.4656 0.2854 
     D237341  9 0.2693 0.5413 0.1894 
     D237342  9 0.6268 0.2124 0.1608 
     D237343  9 0.3760 0.5115 0.1126 
     D237344  9 0.2070 0.4054 0.3876 
     D237345  9 0.8251 0.1321 0.0429 
     D237346  9 0.1641 0.6186 0.2174 
     D237347  9 0.1085 0.3165 0.5749 
     D237348  9 0.3971 0.3128 0.2901 
     D237349  9 0.4950 0.4139 0.0911 
     D244109  9 0.2712 0.6842 0.0446 
     D244110  9 0.1470 0.7728 0.0801 
     D244111  9 0.2583 0.5233 0.2185 
     D244128  9 0.7418 0.1845 0.0737 
     D244137  9 0.3761 0.2197 0.4042 
     D244138  9 0.1956 0.6523 0.1521 
        D580  9 0.7405 0.0760 0.1834 
        D581  9 0.0960 0.8535 0.0505 
        D582  9 0.8607 0.0686 0.0706 
        D583  9 0.1054 0.8426 0.0520 
        D584  9 0.4315 0.1886 0.3799 
        D585  9 0.5688 0.3628 0.0684 
        D586  9 0.0633 0.8387 0.0980 
        D651  9 0.2065 0.2605 0.5330 
        D652  9 0.6622 0.2299 0.1078 
        D653  9 0.1737 0.5751 0.2512 
        D654  9 0.3508 0.4908 0.1584 
        D655  9 0.1913 0.4729 0.3358 
        D656  9 0.8367 0.0736 0.0897 
        D657  9 0.3970 0.4177 0.1854 
        D667  9 0.1895 0.3748 0.4357 
        D668  9 0.4522 0.3527 0.1951 
        D669  9 0.1591 0.7406 0.1003 
        D670  9 0.5789 0.1280 0.2931 
        D671  9 0.1541 0.7449 0.1010 
        D672  9 0.7513 0.1660 0.0827 
        D673  9 0.3566 0.2909 0.3524 
        D692  9 0.7037 0.2226 0.0737 
        D693  9 0.3928 0.1815 0.4258 
        D694  9 0.7526 0.1622 0.0852 
        D695  9 0.5890 0.1579 0.2531 
        D696  9 0.0431 0.0711 0.8858 
        D697  9 0.1894 0.3099 0.5007 
        D698  9 0.1403 0.5274 0.3323 
        D699  9 0.2053 0.3365 0.4582 
        D787  9 0.5955 0.2524 0.1521 
        D788  9 0.3004 0.0969 0.6027 
        D789  9 0.4123 0.3617 0.2259 
        D790  9 0.4735 0.3227 0.2038 
        D791  9 0.1075 0.7479 0.1446 
        D792  9 0.4104 0.4057 0.1839 
        D793  9 0.1374 0.1710 0.6916 
        D794  9 0.1875 0.2533 0.5592 
        D795  9 0.6762 0.1746 0.1492 
        D796  9 0.2196 0.6449 0.1355 
        D142 10 0.1156 0.1845 0.6998 
        D143 10 0.0887 0.7550 0.1564 
        D144 10 0.3337 0.1706 0.4957 
        D145 10 0.0822 0.8405 0.0773 
        D146 10 0.7274 0.0913 0.1813 
        D147 10 0.5875 0.1994 0.2131 
        D148 10 0.5717 0.2024 0.2259 
        D149 10 0.1437 0.7737 0.0826 
        D151 10 0.5918 0.2770 0.1312 
        D152 10 0.0559 0.9091 0.0350 
        D153 10 0.1801 0.0815 0.7384 
        D156 10 0.1741 0.4617 0.3642 
        D157 10 0.2480 0.1706 0.5813 
        D158 10 0.2457 0.5617 0.1926 
        D159 10 0.0492 0.8737 0.0771 
        D160 10 0.0631 0.7504 0.1865 
        D161 10 0.3095 0.2736 0.4169 
        D162 10 0.0745 0.4798 0.4457 
        D169 10 0.8093 0.1261 0.0645 
        D170 10 0.7313 0.1092 0.1595 
        D171 10 0.2247 0.1408 0.6345 
        D172 10 0.2721 0.3869 0.3410 
        D173 10 0.0893 0.8565 0.0542 
        D181 10 0.1350 0.2492 0.6158 
        D182 10 0.3676 0.5256 0.1068 
        D183 10 0.1241 0.0847 0.7912 
        D184 10 0.9230 0.0338 0.0432 
        D185 10 0.4399 0.1901 0.3700 
        D186 10 0.7992 0.1376 0.0631 
        D194 10 0.5774 0.1171 0.3054 
        D195 10 0.1215 0.6083 0.2701 
        D196 10 0.0820 0.5116 0.4063 
        D197 10 0.6557 0.2670 0.0772 
        D198 10 0.4281 0.0859 0.4859 
     D237226 10 0.2560 0.6503 0.0937 
     D237232 10 0.1752 0.5204 0.3044 
     D237233 10 0.1340 0.6845 0.1815 
     D237234 10 0.1666 0.3317 0.5017 
     D237354 10 0.0426 0.9039 0.0535 
     D237355 10 0.1203 0.7527 0.1270 
     D237356 10 0.2571 0.0527 0.6902 
     D237357 10 0.3907 0.4945 0.1148 
     D237358 10 0.6712 0.1661 0.1627 
     D237369 10 0.8327 0.1061 0.0612 
     D237370 10 0.1123 0.2148 0.6729 
     D237371 10 0.5745 0.1759 0.2496 
     D237372 10 0.5486 0.3736 0.0778 
     D237373 10 0.1382 0.6102 0.2516 
     D237374 10 0.0524 0.8150 0.1326 
     D237375 10 0.3203 0.4931 0.1866 
     D237400 10 0.0394 0.9137 0.0469 
     D244002 10 0.7509 0.1562 0.0928 
     D244003 10 0.0768 0.7471 0.1761 
     D244004 10 0.1239 0.1056 0.7705 
     D244005 10 0.2857 0.6332 0.0811 
     D244020 10 0.2042 0.1956 0.6002 
     D244021 10 0.5347 0.3299 0.1354 
     D244116 10 0.5208 0.2368 0.2425 
     D244117 10 0.1023 0.4899 0.4078 
     D244121 10 0.1456 0.3276 0.5268 
     D244123 10 0.1490 0.5051 0.3459 
     D244124 10 0.3241 0.5024 0.1735 
        D332 10 0.2284 0.1607 0.6109 
        D570 10 0.1008 0.0982 0.8009 
        D602 10 0.3185 0.2870 0.3945 
        D603 10 0.2143 0.4341 0.3516 
        D604 10 0.1611 0.5959 0.2430 
        D605 10 0.2291 0.2999 0.4710 
        D606 10 0.5546 0.0752 0.3702 
        D607 10 0.3785 0.1740 0.4474 
        D608 10 0.0488 0.9081 0.0432 
        D609 10 0.1133 0.0662 0.8205 
        D610 10 0.3778 0.2773 0.3448 
        D611 10 0.0506 0.0628 0.8866 
        D613 10 0.1522 0.2573 0.5904 
        D633 10 0.2520 0.4482 0.2998 
        D634 10 0.2945 0.2255 0.4801 
        D638 10 0.0533 0.8808 0.0659 
        D681 10 0.2944 0.2570 0.4486 
        D754 10 0.5087 0.2513 0.2400 
        D755 10 0.0554 0.6467 0.2979 
        D756 10 0.2425 0.3119 0.4455 
        D757 10 0.2857 0.4821 0.2322 
        D758 10 0.3494 0.2889 0.3617 
        D759 10 0.0857 0.6492 0.2651 
        D760 10 0.1616 0.4862 0.3522 
        D761 10 0.0401 0.9045 0.0554 
        D762 10 0.2793 0.1986 0.5221 
        D775 10 0.1227 0.3913 0.4860 
        D776 10 0.0731 0.8467 0.0802 
        D777 10 0.2745 0.3983 0.3272 
        D778 10 0.2341 0.6949 0.0710 
        D779 10 0.2955 0.3349 0.3696 
        D780 10 0.1021 0.7437 0.1542 
        D781 10 0.2423 0.4163 0.3413 
        D858 10 0.8362 0.1247 0.0391 
        D933 10 0.2858 0.3356 0.3786 
        D038 11 0.2161 0.6158 0.1681 
        D063 11 0.0811 0.5895 0.3294 
        D155 11 0.1943 0.4370 0.3687 
        D175 11 0.3826 0.1742 0.4432 
        D176 11 0.0965 0.7642 0.1393 
        D205 11 0.2196 0.0656 0.7148 
     D237229 11 0.3680 0.5491 0.0829 
     D237230 11 0.6667 0.1999 0.1335 
     D237231 11 0.1307 0.2347 0.6345 
     D237269 11 0.2036 0.5830 0.2134 
     D237270 11 0.6926 0.1595 0.1479 
     D237271 11 0.1850 0.2199 0.5951 
     D237272 11 0.6074 0.2216 0.1710 
     D237273 11 0.0952 0.3912 0.5135 
     D237301 11 0.1365 0.1689 0.6946 
     D237302 11 0.4715 0.3248 0.2038 
     D237303 11 0.7147 0.2127 0.0726 
     D237304 11 0.2393 0.2774 0.4832 
     D237305 11 0.6116 0.2216 0.1667 
     D237314 11 0.2176 0.3916 0.3908 
     D237315 11 0.7580 0.1470 0.0950 
     D237316 11 0.1665 0.1005 0.7330 
     D237328 11 0.4604 0.0711 0.4685 
     D237329 11 0.3857 0.4668 0.1475 
     D237330 11 0.0851 0.3570 0.5579 
     D237331 11 0.2230 0.4411 0.3359 
     D237332 11 0.2884 0.1673 0.5443 
     D237333 11 0.0617 0.7073 0.2310 
     D237334 11 0.2848 0.1547 0.5606 
     D237335 11 0.2223 0.1160 0.6617 
     D237336 11 0.1810 0.6443 0.1747 
     D237350 11 0.0911 0.2295 0.6794 
     D237383 11 0.4102 0.4457 0.1441 
     D237384 11 0.4290 0.1962 0.3749 
     D237385 11 0.2742 0.3569 0.3689 
     D237386 11 0.1519 0.2285 0.6196 
     D237387 11 0.4620 0.1055 0.4325 
     D237388 11 0.0861 0.1478 0.7661 
        D239 11 0.1796 0.4511 0.3693 
        D240 11 0.1185 0.8237 0.0578 
        D241 11 0.6841 0.1916 0.1243 
        D242 11 0.2424 0.4381 0.3195 
        D243 11 0.1938 0.2639 0.5423 
        D244 11 0.1320 0.0808 0.7871 
        D245 11 0.6134 0.2810 0.1056 
        D246 11 0.1850 0.1252 0.6898 
        D247 11 0.3754 0.4505 0.1741 
        D248 11 0.1168 0.2234 0.6597 
        D249 11 0.5355 0.1314 0.3331 
        D250 11 0.0739 0.2095 0.7166 
        D251 11 0.2198 0.1407 0.6394 
        D252 11 0.4352 0.0870 0.4779 
        D253 11 0.2119 0.4619 0.3262 
        D254 11 0.7485 0.1849 0.0666 
        D255 11 0.1314 0.1101 0.7585 
        D256 11 0.2555 0.3553 0.3892 
        D257 11 0.7254 0.1686 0.1060 
        D258 11 0.7784 0.0712 0.1504 
        D259 11 0.7604 0.1655 0.0740 
        D260 11 0.2933 0.3686 0.3381 
        D261 11 0.1770 0.2607 0.5623 
        D262 11 0.5039 0.4032 0.0929 
        D263 11 0.2086 0.0810 0.7104 
        D264 11 0.5745 0.1673 0.2582 
        D265 11 0.3547 0.4253 0.2201 
        D266 11 0.1331 0.4014 0.4655 
        D267 11 0.2045 0.1069 0.6885 
        D268 11 0.0719 0.1225 0.8056 
        D269 11 0.1810 0.0611 0.7579 
        D270 11 0.5063 0.1661 0.3276 
        D271 11 0.3923 0.3413 0.2664 
        D272 11 0.1698 0.5618 0.2685 
        D273 11 0.8891 0.0553 0.0556 
        D274 11 0.3006 0.1517 0.5477 
        D275 11 0.1857 0.1646 0.6497 
        D276 11 0.0715 0.0516 0.8769 
        D277 11 0.1922 0.1621 0.6457 
        D278 11 0.2297 0.3671 0.4032 
        D282 11 0.7859 0.0624 0.1518 
        D296 11 0.1260 0.2580 0.6160 
        D297 11 0.2173 0.0916 0.6911 
        D298 11 0.1420 0.3509 0.5071 
        D299 11 0.0708 0.1808 0.7484 
        D300 11 0.1280 0.7323 0.1397 
        D382 11 0.1331 0.0495 0.8175 
        D383 11 0.3011 0.1064 0.5926 
        D387 11 0.1915 0.5170 0.2915 
        D388 11 0.3716 0.1990 0.4294 
        D389 11 0.0692 0.2501 0.6806 
        D390 11 0.1340 0.2091 0.6569 
        D396 11 0.1483 0.6563 0.1954 
        D397 11 0.7273 0.1177 0.1549 
        D398 11 0.3801 0.2713 0.3486 
        D399 11 0.3885 0.3419 0.2696 
        D437 11 0.3988 0.5129 0.0883 
        D441 11 0.0880 0.1928 0.7191 
        D442 11 0.1796 0.5829 0.2375 
        D443 11 0.0816 0.5052 0.4132 
        D444 11 0.1886 0.2243 0.5871 
        D445 11 0.5807 0.0770 0.3423 
        D446 11 0.6483 0.2624 0.0893 
        D451 11 0.4234 0.1260 0.4506 
        D452 11 0.1192 0.6764 0.2044 
        D453 11 0.1984 0.1269 0.6746 
        D454 11 0.6114 0.2942 0.0944 
        D457 11 0.3672 0.2436 0.3891 
        D458 11 0.1384 0.1157 0.7459 
        D466 11 0.1494 0.7753 0.0753 
        D467 11 0.1187 0.2547 0.6266 
        D475 11 0.8281 0.0727 0.0992 
        D488 11 0.2413 0.5127 0.2460 
        D489 11 0.5265 0.2381 0.2354 
        D493 11 0.6084 0.1757 0.2159 
        D494 11 0.1707 0.1996 0.6297 
        D495 11 0.3609 0.5697 0.0694 
        D496 11 0.0413 0.8460 0.1127 
        D674 11 0.0872 0.8070 0.1058 
        D675 11 0.0508 0.8489 0.1003 
        D676 11 0.2471 0.1100 0.6429 
        D680 11 0.2206 0.5283 0.2511 
        D701 11 0.2671 0.6083 0.1246 
        D702 11 0.6624 0.1980 0.1397 
        D703 11 0.2670 0.5237 0.2093 
        D704 11 0.2777 0.2463 0.4760 
        D705 11 0.8328 0.0892 0.0780 
        D706 11 0.2173 0.7058 0.0769 
        D707 11 0.5229 0.1233 0.3538 
        D751 11 0.4023 0.1184 0.4793 
        D752 11 0.1141 0.5875 0.2984 
        D753 11 0.4997 0.2492 0.2510 
        D773 11 0.9226 0.0389 0.0386 
        D774 11 0.1944 0.5522 0.2534 
        D801 11 0.1654 0.3820 0.4526 
        D802 11 0.7114 0.1619 0.1267 
        D803 11 0.1688 0.5226 0.3086 
        D804 11 0.3940 0.3939 0.2120 
        D805 11 0.5107 0.2045 0.2848 
        D806 11 0.8311 0.0890 0.0799 
        D809 11 0.1337 0.1927 0.6736 
        D810 11 0.0779 0.2293 0.6927 
        D812 11 0.4682 0.1230 0.4088 
        D813 11 0.1661 0.7117 0.1222 
        D823 11 0.1464 0.2413 0.6123 
        D824 11 0.1134 0.4264 0.4602 
        D829 11 0.1722 0.3633 0.4645 
        D830 11 0.6884 0.0796 0.2320 
        D831 11 0.2039 0.6759 0.1203 
        D832 11 0.2761 0.5519 0.1720 
        D833 11 0.0818 0.1308 0.7874 
        D834 11 0.0943 0.0822 0.8235 
        D835 11 0.6665 0.1183 0.2152 
        D855 11 0.1975 0.1519 0.6506 
        D863 11 0.0421 0.9074 0.0505 
        D864 11 0.2174 0.2229 0.5598 
        D878 11 0.1277 0.1740 0.6983 
        D879 11 0.7736 0.0907 0.1357 
        D880 11 0.0747 0.5850 0.3403 
        D881 11 0.1055 0.2137 0.6808 
        D882 11 0.1515 0.6801 0.1685 
        D909 11 0.1810 0.2886 0.5304 
        D921 11 0.1005 0.1653 0.7342 
        D924 11 0.0829 0.7083 0.2087 
        D935 11 0.2245 0.0978 0.6778 
        D940 11 0.0621 0.8599 0.0780 
        D941 11 0.1874 0.3321 0.4805 
        D942 11 0.8312 0.0536 0.1152 
        D980 11 0.3471 0.3240 0.3289 
        D981 11 0.6718 0.1133 0.2149 
        D982 11 0.0630 0.7454 0.1915 
        D983 11 0.0831 0.0788 0.8381 
        D984 11 0.1114 0.2989 0.5897 
        D992 11 0.6598 0.1713 0.1689 
        D993 11 0.1748 0.0828 0.7424 
        D994 11 0.2060 0.4967 0.2973 
        D995 11 0.7067 0.0552 0.2382 
        H354 11 0.7175 0.1042 0.1783 
        D005 12 0.5385 0.3770 0.0845 
        D035 12 0.3422 0.4430 0.2148 
        D067 12 0.2387 0.2354 0.5259 
        D134 12 0.2016 0.6302 0.1682 
        D135 12 0.3672 0.3474 0.2854 
        D136 12 0.6054 0.0973 0.2973 
        D137 12 0.3442 0.5050 0.1509 
        D138 12 0.2220 0.4252 0.3528 
        D139 12 0.1330 0.5315 0.3354 
        D140 12 0.5168 0.2200 0.2632 
        D141 12 0.9095 0.0435 0.0470 
        D150 12 0.6581 0.1999 0.1419 
        D177 12 0.1508 0.7367 0.1125 
        D178 12 0.2983 0.2175 0.4842 
        D179 12 0.5109 0.2596 0.2295 
        D180 12 0.5928 0.1986 0.2086 
        D187 12 0.2201 0.5825 0.1974 
        D188 12 0.9010 0.0545 0.0445 
        D191 12 0.7176 0.2014 0.0810 
        D418 12 0.7731 0.1582 0.0687 
        D601 12 0.7943 0.0957 0.1101 
        D836 12 0.8353 0.0931 0.0716 
        D837 12 0.2696 0.3691 0.3613 
        D838 12 0.0832 0.4852 0.4316 
        D839 12 0.1320 0.8004 0.0676 
        D840 12 0.1601 0.4636 0.3763 
        D841 12 0.5144 0.2402 0.2454 
        D842 12 0.8641 0.0913 0.0447 
        D843 12 0.2079 0.2841 0.5080 
        D844 12 0.3704 0.5625 0.0671 
        D912 12 0.0959 0.1748 0.7293 
        D913 12 0.0477 0.8927 0.0597 
