        D174  1 0.1321 0.5237 0.3442 
        D199  1 0.4858 0.3895 0.1247 
        D203  1 0.5318 0.1926 0.2756 
        D204  1 0.8282 0.0855 0.0863 
     D237366  1 0.2540 0.1434 0.6025 
     D237367  1 0.4925 0.1036 0.4040 
     D237368  1 0.3330 0.1295 0.5375 
     D244101  1 0.8598 0.0921 0.0481 
     D244102  1 0.2127 0.4061 0.3812 
     D244103  1 0.3321 0.1110 0.5569 
     D244104  1 0.5653 0.3004 0.1344 
     D244105  1 0.1302 0.0559 0.8139 
     D244106  1 0.1336 0.7524 0.1139 
     D244107  1 0.3801 0.0394 0.5805 
     D244108  1 0.1550 0.5569 0.2880 
     D244113  1 0.0855 0.7926 0.1219 
     D244114  1 0.3629 0.3417 0.2954 
     D244115  1 0.1288 0.5410 0.3302 
     D267365  1 0.2386 0.6235 0.1379 
        D404  1 0.0897 0.7906 0.1198 
        D405  1 0.2361 0.5459 0.2180 
        D406  1 0.0842 0.0662 0.8495 
        D407  1 0.6835 0.0564 0.2600 
        D408  1 0.0834 0.8524 0.0643 
        D409  1 0.2713 0.1419 0.5867 
        D410  1 0.0702 0.0642 0.8656 
        D421  1 0.8135 0.1025 0.0839 
        D422  1 0.0999 0.0317 0.8684 
        D423  1 0.1272 0.0370 0.8358 
        D424  1 0.4967 0.0790 0.4243 
        D425  1 0.3796 0.4634 0.1570 
        D426  1 0.3360 0.1242 0.5398 
        D427  1 0.7454 0.1735 0.0812 
        D428  1 0.4263 0.2846 0.2890 
        D429  1 0.3237 0.4871 0.1892 
        D430  1 0.2433 0.5312 0.2255 
        D491  1 0.0843 0.8378 0.0779 
        D492  1 0.4139 0.2956 0.2905 
        D537  1 0.6543 0.1177 0.2280 
        D538  1 0.2292 0.2482 0.5225 
        D539  1 0.1146 0.6119 0.2735 
        D540  1 0.3655 0.2570 0.3775 
        D541  1 0.8077 0.0725 0.1198 
        D551  1 0.4393 0.1970 0.3637 
        D552  1 0.2271 0.3311 0.4418 
        D553  1 0.7597 0.0861 0.1542 
        D615  1 0.3084 0.2673 0.4243 
        D616  1 0.4047 0.1864 0.4089 
        D621  1 0.0900 0.1984 0.7116 
        D622  1 0.1001 0.0815 0.8184 
        D623  1 0.2963 0.6098 0.0939 
        D624  1 0.0725 0.8041 0.1235 
        D625  1 0.4428 0.1762 0.3810 
        D626  1 0.1320 0.6131 0.2548 
        D627  1 0.3497 0.1473 0.5030 
        D690  1 0.4318 0.2592 0.3090 
        D691  1 0.1475 0.0689 0.7836 
        D710  1 0.5017 0.3005 0.1978 
        D711  1 0.5942 0.1795 0.2263 
        D712  1 0.0683 0.8094 0.1223 
        D713  1 0.2475 0.4221 0.3303 
        D746  1 0.0936 0.0437 0.8627 
        D747  1 0.8345 0.0881 0.0774 
        D748  1 0.2711 0.0965 0.6324 
        D749  1 0.1082 0.1996 0.6923 
        D750  1 0.1916 0.6239 0.1844 
        D763  1 0.6392 0.1538 0.2070 
        D764  1 0.3173 0.3455 0.3372 
        D765  1 0.0510 0.2264 0.7226 
        D766  1 0.2697 0.1392 0.5911 
        D767  1 0.4285 0.1727 0.3988 
        D768  1 0.7476 0.0527 0.1997 
        D811  1 0.0659 0.7724 0.1617 
        D816  1 0.6186 0.2357 0.1457 
        D825  1 0.1119 0.5216 0.3665 
        D866  1 0.1784 0.6971 0.1244 
        D867  1 0.1058 0.0597 0.8345 
        D871  1 0.2679 0.1659 0.5663 
        D872  1 0.3823 0.1904 0.4273 
        D873  1 0.0343 0.0419 0.9237 
        D874  1 0.4562 0.4888 0.0550 
        D875  1 0.1889 0.0708 0.7403 
        D876  1 0.3814 0.3474 0.2712 
        D877  1 0.1318 0.7862 0.0820 
        D892  1 0.2422 0.3166 0.4412 
        D893  1 0.5551 0.1365 0.3084 
        D894  1 0.4202 0.2987 0.2811 
        D915  1 0.4125 0.1553 0.4321 
        D916  1 0.7017 0.1108 0.1875 
        D917  1 0.3836 0.5095 0.1069 
        D925  1 0.0999 0.1311 0.7690 
        D926  1 0.4068 0.2648 0.3284 
        D927  1 0.6575 0.2106 0.1320 
        D928  1 0.1196 0.8292 0.0512 
        D929  1 0.2037 0.4403 0.3560 
        D936  1 0.7186 0.1770 0.1044 
        D938  1 0.0585 0.0603 0.8812 
        D956  1 0.0741 0.8073 0.1185 
        D957  1 0.2899 0.1703 0.5398 
        D958  1 0.3250 0.2054 0.4697 
        D959  1 0.7016 0.0503 0.2481 
        D960  1 0.0547 0.0730 0.8723 
        D989  1 0.1663 0.7586 0.0750 
        D990  1 0.0640 0.1118 0.8241 
        D023  2 0.3061 0.0484 0.6456 
        D130  2 0.1004 0.0442 0.8554 
        D131  2 0.5984 0.1207 0.2809 
        D163  2 0.0995 0.0707 0.8299 
        D164  2 0.3326 0.0369 0.6306 
        D165  2 0.2390 0.0461 0.7149 
        D166  2 0.1932 0.2884 0.5184 
        D167  2 0.5008 0.3198 0.1793 
        D192  2 0.5801 0.2281 0.1918 
        D193  2 0.0869 0.6873 0.2258 
        D206  2 0.6115 0.0962 0.2922 
        D207  2 0.5885 0.2402 0.1713 
        D208  2 0.1524 0.7517 0.0959 
        D209  2 0.5611 0.1296 0.3093 
        D210  2 0.2489 0.6310 0.1202 
     D229599  2 0.3452 0.4438 0.2110 
     D229600  2 0.2254 0.0676 0.7070 
     D237227  2 0.1388 0.6811 0.1801 
     D237228  2 0.0796 0.4135 0.5069 
     D237258  2 0.2787 0.3800 0.3413 
     D237310  2 0.0738 0.1683 0.7580 
     D237311  2 0.1306 0.1221 0.7473 
     D237312  2 0.0921 0.2363 0.6717 
     D237313  2 0.3034 0.3477 0.3490 
     D237322  2 0.1663 0.6589 0.1748 
     D237323  2 0.0585 0.3141 0.6274 
     D237324  2 0.3479 0.0765 0.5756 
     D237325  2 0.1785 0.2357 0.5858 
     D237326  2 0.2329 0.1228 0.6443 
     D237327  2 0.4488 0.3465 0.2047 
     D237337  2 0.0674 0.1212 0.8114 
     D237338  2 0.2410 0.2689 0.4901 
     D237339  2 0.8672 0.0674 0.0655 
     D237340  2 0.1548 0.4448 0.4005 
     D237389  2 0.0838 0.1158 0.8004 
     D237390  2 0.1758 0.3264 0.4977 
     D244017  2 0.1326 0.7518 0.1156 
     D244112  2 0.3433 0.1800 0.4766 
     D244118  2 0.2531 0.0867 0.6602 
     D244119  2 0.1957 0.7081 0.0962 
     D244120  2 0.1581 0.6610 0.1809 
     D244122  2 0.4046 0.3050 0.2905 
        D291  2 0.3014 0.4759 0.2227 
        D292  2 0.4326 0.4662 0.1012 
        D293  2 0.9457 0.0301 0.0241 
        D322  2 0.8763 0.0526 0.0711 
        D323  2 0.5252 0.3175 0.1572 
        D324  2 0.4020 0.3073 0.2907 
        D325  2 0.9252 0.0259 0.0489 
        D326  2 0.8175 0.1183 0.0641 
        D340  2 0.8994 0.0389 0.0617 
        D341  2 0.7544 0.1135 0.1321 
        D342  2 0.2917 0.1399 0.5684 
        D343  2 0.9523 0.0223 0.0254 
        D344  2 0.6363 0.1739 0.1898 
        D345  2 0.4569 0.2193 0.3238 
        D346  2 0.1936 0.6892 0.1172 
        D351  2 0.6562 0.1112 0.2326 
        D352  2 0.5169 0.2696 0.2134 
        D353  2 0.7259 0.1090 0.1651 
        D354  2 0.3869 0.3834 0.2297 
        D362  2 0.5877 0.1994 0.2129 
        D363  2 0.5632 0.2896 0.1472 
        D364  2 0.5835 0.2437 0.1728 
        D365  2 0.9361 0.0330 0.0309 
        D369  2 0.4709 0.3484 0.1807 
        D374  2 0.0422 0.8800 0.0778 
        D375  2 0.4422 0.2427 0.3151 
        D376  2 0.0632 0.8112 0.1256 
        D377  2 0.1879 0.4060 0.4062 
        D378  2 0.8389 0.0583 0.1028 
        D379  2 0.7047 0.1706 0.1247 
        D384  2 0.7594 0.1521 0.0885 
        D385  2 0.8523 0.0803 0.0674 
        D386  2 0.7457 0.0819 0.1724 
        D391  2 0.9203 0.0393 0.0404 
        D392  2 0.7105 0.1185 0.1711 
        D393  2 0.7964 0.0864 0.1173 
        D394  2 0.3418 0.1541 0.5041 
        D395  2 0.8061 0.0918 0.1021 
        D401  2 0.0547 0.0976 0.8477 
        D402  2 0.8696 0.0663 0.0641 
        D403  2 0.4563 0.0909 0.4528 
        D415  2 0.6264 0.0543 0.3193 
        D435  2 0.8323 0.0439 0.1238 
        D436  2 0.5655 0.2344 0.2000 
        D438  2 0.8845 0.0524 0.0631 
        D439  2 0.7561 0.0630 0.1809 
        D449  2 0.7324 0.0589 0.2087 
        D450  2 0.1499 0.5768 0.2733 
        D456  2 0.7761 0.0742 0.1497 
        D462  2 0.9250 0.0316 0.0434 
        D463  2 0.7950 0.1260 0.0790 
        D464  2 0.6932 0.1885 0.1183 
        D465  2 0.8151 0.0590 0.1259 
        D473  2 0.1163 0.6380 0.2456 
        D474  2 0.5896 0.2331 0.1772 
        D476  2 0.4412 0.0526 0.5062 
        D477  2 0.4516 0.3737 0.1747 
        D478  2 0.2508 0.4042 0.3449 
        D480  2 0.7067 0.2198 0.0734 
        D481  2 0.4942 0.2859 0.2199 
        D482  2 0.1355 0.6690 0.1955 
        D483  2 0.6041 0.2339 0.1621 
        D484  2 0.4617 0.3684 0.1699 
        D510  2 0.0755 0.8594 0.0651 
        D511  2 0.8351 0.0767 0.0882 
        D512  2 0.2189 0.0703 0.7108 
        D513  2 0.7268 0.1438 0.1294 
        D635  2 0.5856 0.0744 0.3400 
        D636  2 0.0592 0.0463 0.8944 
        D637  2 0.4682 0.3373 0.1945 
        D658  2 0.4446 0.3737 0.1817 
        D659  2 0.7302 0.1208 0.1490 
        D677  2 0.4522 0.1791 0.3686 
        D678  2 0.4230 0.2353 0.3417 
        D679  2 0.6826 0.1876 0.1298 
        D719  2 0.5063 0.4473 0.0464 
        D720  2 0.6488 0.2060 0.1452 
        D721  2 0.3824 0.0717 0.5459 
        D722  2 0.0877 0.7873 0.1250 
        D734  2 0.3869 0.5657 0.0474 
        D735  2 0.5238 0.2390 0.2371 
        D736  2 0.2497 0.6120 0.1383 
        D737  2 0.3205 0.3822 0.2973 
        D807  2 0.2786 0.5742 0.1472 
        D808  2 0.3242 0.1398 0.5360 
        D817  2 0.4248 0.3997 0.1755 
        D818  2 0.6941 0.1080 0.1979 
        D819  2 0.3845 0.2574 0.3581 
        D820  2 0.8519 0.0877 0.0604 
        D895  2 0.5392 0.1322 0.3286 
        D896  2 0.0597 0.0860 0.8543 
        D897  2 0.4837 0.1938 0.3225 
        D898  2 0.1263 0.6435 0.2303 
        D918  2 0.3046 0.2046 0.4907 
        D919  2 0.7764 0.0955 0.1281 
        D920  2 0.0498 0.0736 0.8766 
        D923  2 0.7494 0.1356 0.1150 
        D930  2 0.3800 0.3401 0.2799 
        D931  2 0.6730 0.2070 0.1199 
        D968  2 0.9187 0.0430 0.0382 
        D969  2 0.6458 0.2635 0.0907 
        D977  2 0.8010 0.0630 0.1360 
        D978  2 0.3268 0.4782 0.1950 
        D211  3 0.1642 0.0885 0.7474 
     D229639  3 0.1631 0.7611 0.0758 
     D237212  3 0.5349 0.2429 0.2222 
     D237213  3 0.3358 0.1261 0.5382 
     D237214  3 0.1686 0.0882 0.7432 
     D237215  3 0.1755 0.7575 0.0670 
     D237216  3 0.2594 0.0906 0.6500 
     D237217  3 0.2068 0.0555 0.7377 
     D237218  3 0.5342 0.2238 0.2421 
     D237219  3 0.0937 0.4542 0.4521 
     D237382  3 0.2885 0.2939 0.4176 
     D244127  3 0.1631 0.0956 0.7413 
     D244129  3 0.4694 0.1584 0.3722 
     D244133  3 0.1992 0.5067 0.2942 
     D244134  3 0.1404 0.7058 0.1538 
     D244135  3 0.2076 0.0516 0.7408 
     D244136  3 0.2580 0.5606 0.1814 
        D416  3 0.4693 0.1683 0.3624 
        D417  3 0.5749 0.1071 0.3180 
        D419  3 0.3093 0.3517 0.3389 
        D565  3 0.0806 0.8606 0.0588 
        D566  3 0.1349 0.7813 0.0838 
        D567  3 0.6241 0.1150 0.2609 
        D568  3 0.5358 0.0804 0.3839 
        D569  3 0.6098 0.1392 0.2511 
        D573  3 0.8068 0.1167 0.0764 
        D574  3 0.1045 0.7376 0.1579 
        D575  3 0.2906 0.3967 0.3127 
        D576  3 0.2225 0.6104 0.1671 
        D577  3 0.5118 0.2123 0.2759 
        D578  3 0.0644 0.0340 0.9016 
        D579  3 0.4356 0.3957 0.1687 
        D660  3 0.3708 0.2006 0.4286 
        D661  3 0.3947 0.2994 0.3059 
        D663  3 0.4079 0.4627 0.1295 
        D664  3 0.1138 0.3428 0.5435 
        D665  3 0.1663 0.0846 0.7491 
        D666  3 0.2057 0.4397 0.3546 
        D009  4 0.2686 0.1014 0.6300 
        D057  4 0.5141 0.1780 0.3079 
        D109  4 0.0786 0.1239 0.7975 
     D237222  4 0.0957 0.1594 0.7449 
     D237223  4 0.2223 0.1709 0.6069 
     D237224  4 0.6222 0.2601 0.1176 
     D237225  4 0.3326 0.1540 0.5134 
     D237299  4 0.1158 0.1381 0.7461 
     D237300  4 0.1787 0.7371 0.0841 
     D237306  4 0.2257 0.5321 0.2422 
     D237307  4 0.3264 0.4952 0.1784 
     D237308  4 0.5166 0.2459 0.2375 
     D237309  4 0.3296 0.1421 0.5283 
     D237317  4 0.1890 0.6404 0.1706 
     D237318  4 0.2483 0.6983 0.0534 
     D237319  4 0.2042 0.2388 0.5570 
     D237320  4 0.3223 0.1591 0.5186 
     D237321  4 0.1941 0.6475 0.1584 
     D237397  4 0.2788 0.3907 0.3305 
     D237398  4 0.4864 0.3124 0.2012 
     D237399  4 0.2353 0.5484 0.2164 
     D244001  4 0.1541 0.0851 0.7608 
        D289  4 0.5492 0.3180 0.1328 
        D290  4 0.2206 0.4621 0.3173 
        D294  4 0.4091 0.3102 0.2806 
        D295  4 0.3491 0.3045 0.3464 
        D301  4 0.0730 0.1504 0.7767 
        D302  4 0.6900 0.1606 0.1494 
        D303  4 0.1405 0.7076 0.1520 
        D304  4 0.1568 0.6814 0.1618 
        D305  4 0.4238 0.0623 0.5138 
        D306  4 0.1080 0.5751 0.3168 
        D307  4 0.0567 0.1451 0.7981 
        D327  4 0.6725 0.2125 0.1149 
        D328  4 0.1418 0.6795 0.1787 
        D329  4 0.4204 0.2483 0.3313 
        D330  4 0.5458 0.0657 0.3885 
        D331  4 0.2129 0.5547 0.2325 
        D333  4 0.2557 0.4620 0.2823 
        D334  4 0.1958 0.6198 0.1844 
        D335  4 0.7632 0.1537 0.0832 
        D370  4 0.1037 0.6064 0.2899 
        D371  4 0.1837 0.7531 0.0633 
        D372  4 0.1211 0.7767 0.1022 
        D373  4 0.1606 0.0930 0.7464 
        D455  4 0.1189 0.0903 0.7908 
        D490  4 0.0466 0.0521 0.9012 
        D497  4 0.0622 0.0715 0.8663 
        D498  4 0.1599 0.5749 0.2652 
        D499  4 0.3270 0.5038 0.1692 
        D514  4 0.4943 0.2190 0.2867 
        D515  4 0.1584 0.0904 0.7512 
        D516  4 0.3291 0.2655 0.4054 
        D517  4 0.1192 0.0741 0.8067 
        D518  4 0.4025 0.2283 0.3693 
        D519  4 0.2343 0.0685 0.6972 
        D560  4 0.2774 0.0787 0.6440 
        D561  4 0.4312 0.0445 0.5243 
        D562  4 0.3489 0.2969 0.3542 
        D563  4 0.7056 0.0877 0.2067 
        D572  4 0.6398 0.1531 0.2071 
        D629  4 0.4601 0.1638 0.3761 
        D630  4 0.3273 0.3534 0.3192 
        D631  4 0.5792 0.2406 0.1802 
        D632  4 0.3112 0.0773 0.6115 
        D646  4 0.5116 0.0633 0.4251 
        D647  4 0.5769 0.0788 0.3444 
        D648  4 0.1726 0.5980 0.2294 
        D649  4 0.4636 0.1202 0.4163 
        D650  4 0.3560 0.3343 0.3097 
        D708  4 0.1524 0.6690 0.1785 
        D709  4 0.1371 0.5869 0.2759 
        D738  4 0.1877 0.5019 0.3103 
        D739  4 0.1807 0.2031 0.6162 
        D740  4 0.1870 0.4104 0.4026 
        D741  4 0.6862 0.0441 0.2698 
        D742  4 0.5209 0.3211 0.1580 
        D743  4 0.7999 0.1222 0.0780 
        D744  4 0.8016 0.0827 0.1157 
        D745  4 0.1238 0.0680 0.8083 
        D814  4 0.5223 0.1235 0.3542 
        D815  4 0.5267 0.3049 0.1685 
        D828  4 0.0754 0.7622 0.1624 
        D845  4 0.2954 0.6613 0.0433 
        D846  4 0.7593 0.0676 0.1731 
        D847  4 0.2897 0.3384 0.3719 
        D848  4 0.1751 0.1093 0.7156 
        D849  4 0.1425 0.0691 0.7884 
        D850  4 0.4888 0.1936 0.3176 
        D856  4 0.1717 0.1883 0.6399 
        D857  4 0.0448 0.0856 0.8696 
        D859  4 0.4998 0.3346 0.1656 
        D860  4 0.3719 0.5656 0.0624 
        D883  4 0.2538 0.3936 0.3526 
        D884  4 0.2061 0.2442 0.5497 
        D885  4 0.7135 0.0814 0.2050 
        D886  4 0.3024 0.1417 0.5559 
        D887  4 0.3921 0.3648 0.2431 
        D889  4 0.1473 0.7384 0.1143 
        D890  4 0.1755 0.5491 0.2755 
        D891  4 0.2344 0.7251 0.0406 
        D899  4 0.3973 0.5258 0.0769 
        D900  4 0.4399 0.3065 0.2536 
        D970  4 0.5663 0.2677 0.1660 
        D971  4 0.7495 0.1134 0.1371 
        D979  4 0.7155 0.1983 0.0862 
        D093  5 0.0993 0.7802 0.1205 
        D154  5 0.4167 0.3777 0.2056 
        D168  5 0.4646 0.1307 0.4047 
        D189  5 0.1328 0.7700 0.0971 
        D190  5 0.1144 0.8110 0.0746 
     D237220  5 0.1713 0.3054 0.5233 
     D237221  5 0.2671 0.6144 0.1184 
     D237274  5 0.7619 0.1182 0.1199 
     D237275  5 0.4026 0.3628 0.2346 
     D237276  5 0.1748 0.4020 0.4232 
     D237277  5 0.1287 0.7943 0.0770 
     D237278  5 0.3318 0.3877 0.2805 
     D237279  5 0.2172 0.0508 0.7320 
     D237280  5 0.1875 0.2189 0.5936 
     D237281  5 0.6972 0.2102 0.0926 
     D237351  5 0.0755 0.1890 0.7355 
     D237352  5 0.3771 0.1522 0.4707 
     D237353  5 0.0674 0.8776 0.0550 
     D237359  5 0.2344 0.3374 0.4281 
     D237361  5 0.0435 0.9014 0.0551 
     D237362  5 0.4016 0.4264 0.1720 
     D237363  5 0.3614 0.2107 0.4279 
     D237364  5 0.5068 0.1144 0.3788 
     D237376  5 0.0671 0.8325 0.1005 
     D237377  5 0.4728 0.1934 0.3338 
     D237378  5 0.0956 0.8233 0.0811 
     D237379  5 0.1624 0.6740 0.1636 
     D237380  5 0.0644 0.1920 0.7436 
     D237381  5 0.1958 0.2107 0.5934 
     D237391  5 0.1174 0.7925 0.0901 
     D237392  5 0.7023 0.1296 0.1681 
     D237393  5 0.3625 0.4435 0.1939 
     D237394  5 0.0890 0.8346 0.0764 
     D237395  5 0.1031 0.6384 0.2586 
     D237396  5 0.6901 0.1461 0.1637 
     D244016  5 0.2664 0.6095 0.1241 
     D244018  5 0.4905 0.3023 0.2072 
     D244019  5 0.5571 0.3265 0.1164 
        D279  5 0.4257 0.3364 0.2379 
        D280  5 0.1746 0.6312 0.1942 
        D281  5 0.3469 0.5551 0.0980 
        D283  5 0.2268 0.6834 0.0897 
        D284  5 0.1747 0.1597 0.6656 
        D285  5 0.1191 0.7867 0.0942 
        D286  5 0.2109 0.5589 0.2302 
        D287  5 0.0495 0.7522 0.1983 
        D288  5 0.2560 0.6418 0.1022 
        D308  5 0.0908 0.0689 0.8403 
        D309  5 0.7553 0.0873 0.1574 
        D310  5 0.0508 0.8831 0.0661 
        D311  5 0.3067 0.5333 0.1600 
        D312  5 0.2082 0.5826 0.2093 
        D313  5 0.0266 0.0416 0.9318 
        D314  5 0.2572 0.3505 0.3923 
        D315  5 0.1825 0.6072 0.2103 
        D317  5 0.0787 0.8515 0.0698 
        D318  5 0.4942 0.2282 0.2776 
        D319  5 0.0744 0.8458 0.0798 
        D320  5 0.0744 0.8454 0.0803 
        D321  5 0.0868 0.2219 0.6913 
        D336  5 0.0704 0.8576 0.0720 
        D337  5 0.0690 0.8953 0.0358 
        D338  5 0.3241 0.3391 0.3368 
        D339  5 0.1026 0.7653 0.1321 
        D347  5 0.3324 0.5493 0.1183 
        D348  5 0.1248 0.8153 0.0599 
        D349  5 0.0776 0.1450 0.7773 
        D350  5 0.7360 0.1094 0.1545 
        D355  5 0.7295 0.1979 0.0726 
        D356  5 0.1459 0.6348 0.2193 
        D357  5 0.1562 0.6130 0.2308 
        D358  5 0.2528 0.5362 0.2110 
        D359  5 0.2999 0.6085 0.0916 
        D360  5 0.1149 0.6806 0.2045 
        D361  5 0.0592 0.0619 0.8789 
        D366  5 0.8563 0.0638 0.0799 
        D367  5 0.0651 0.8014 0.1334 
        D368  5 0.1476 0.4329 0.4195 
        D380  5 0.6676 0.1050 0.2273 
        D381  5 0.1758 0.7218 0.1024 
        D400  5 0.2088 0.6563 0.1348 
        D411  5 0.0601 0.0422 0.8977 
        D412  5 0.2598 0.4070 0.3332 
        D413  5 0.7660 0.0792 0.1548 
        D414  5 0.6959 0.1455 0.1586 
        D420  5 0.1303 0.5189 0.3508 
        D431  5 0.0983 0.6551 0.2466 
        D432  5 0.1480 0.6222 0.2297 
        D433  5 0.1213 0.7871 0.0915 
        D434  5 0.1695 0.6495 0.1810 
        D440  5 0.7096 0.1037 0.1867 
        D447  5 0.6806 0.0751 0.2444 
        D448  5 0.0939 0.8388 0.0673 
        D459  5 0.7824 0.1753 0.0423 
        D460  5 0.1427 0.1228 0.7345 
        D461  5 0.7502 0.1388 0.1109 
        D468  5 0.3627 0.3850 0.2524 
        D469  5 0.4630 0.2321 0.3049 
        D470  5 0.1680 0.2757 0.5564 
        D471  5 0.1204 0.8249 0.0547 
        D472  5 0.8845 0.0705 0.0450 
        D479  5 0.7552 0.1016 0.1432 
        D485  5 0.1951 0.5151 0.2898 
        D486  5 0.2794 0.2953 0.4253 
        D487  5 0.1684 0.7166 0.1150 
        D555  5 0.0967 0.8461 0.0572 
        D556  5 0.1050 0.7594 0.1356 
        D557  5 0.1418 0.8081 0.0501 
        D564  5 0.1766 0.6102 0.2132 
        D594  5 0.5100 0.3259 0.1641 
        D595  5 0.2881 0.5562 0.1557 
        D596  5 0.0501 0.8937 0.0563 
        D597  5 0.4778 0.4378 0.0844 
        D598  5 0.1898 0.5337 0.2765 
        D617  5 0.1225 0.0634 0.8141 
        D618  5 0.1764 0.7049 0.1187 
        D619  5 0.3303 0.3286 0.3411 
        D620  5 0.8744 0.0610 0.0646 
        D628  5 0.2929 0.2807 0.4264 
        D714  5 0.1189 0.8143 0.0668 
        D715  5 0.1779 0.7563 0.0657 
        D716  5 0.3336 0.5401 0.1264 
        D717  5 0.4234 0.3507 0.2260 
        D718  5 0.0656 0.4250 0.5093 
        D769  5 0.1188 0.0902 0.7911 
        D770  5 0.4005 0.4490 0.1506 
        D771  5 0.2498 0.4295 0.3207 
        D772  5 0.1830 0.6663 0.1507 
        D782  5 0.3651 0.1242 0.5107 
        D783  5 0.5435 0.3270 0.1294 
        D784  5 0.6248 0.2349 0.1404 
        D785  5 0.1083 0.7553 0.1364 
        D786  5 0.3943 0.0799 0.5258 
        D821  5 0.0499 0.9133 0.0368 
        D822  5 0.6006 0.2776 0.1218 
        D826  5 0.2341 0.6696 0.0963 
        D827  5 0.7181 0.1073 0.1746 
        D851  5 0.3115 0.3202 0.3683 
        D852  5 0.2165 0.6328 0.1507 
        D853  5 0.1611 0.6905 0.1484 
        D854  5 0.4701 0.2416 0.2883 
        D861  5 0.3001 0.4551 0.2448 
        D862  5 0.3574 0.4962 0.1463 
        D865  5 0.0820 0.8324 0.0857 
        D868  5 0.5100 0.2759 0.2141 
        D869  5 0.0911 0.0614 0.8475 
        D870  5 0.3214 0.0550 0.6236 
        D907  5 0.0740 0.7523 0.1737 
        D908  5 0.1531 0.7366 0.1102 
        D910  5 0.2635 0.6651 0.0714 
        D911  5 0.6344 0.3029 0.0626 
        D934  5 0.3766 0.4845 0.1389 
        D946  5 0.1524 0.6134 0.2342 
        D947  5 0.2896 0.4081 0.3023 
        D948  5 0.0904 0.2065 0.7031 
        D949  5 0.0786 0.1573 0.7640 
        D950  5 0.6635 0.2633 0.0731 
        D951  5 0.5801 0.1952 0.2247 
        D952  5 0.5334 0.3586 0.1081 
        D953  5 0.0826 0.8368 0.0806 
        D954  5 0.3554 0.5033 0.1413 
        D961  5 0.0964 0.5714 0.3322 
        D962  5 0.0963 0.8292 0.0745 
        D963  5 0.4267 0.4735 0.0997 
        D964  5 0.1728 0.3703 0.4570 
        D965  5 0.4363 0.2962 0.2676 
        D966  5 0.3241 0.5990 0.0770 
        D967  5 0.1919 0.6074 0.2007 
        D991  5 0.2080 0.3515 0.4405 
        D502  6 0.2884 0.1237 0.5879 
        D503  6 0.1665 0.2494 0.5841 
        D504  6 0.5560 0.2448 0.1992 
        D505  6 0.3639 0.4313 0.2047 
        D506  6 0.0558 0.8559 0.0883 
        D507  6 0.4549 0.2012 0.3439 
        D508  6 0.3870 0.4148 0.1982 
        D529  6 0.2133 0.3807 0.4061 
        D530  6 0.1061 0.5343 0.3595 
        D531  6 0.4235 0.3535 0.2229 
        D532  6 0.4155 0.4558 0.1287 
        D534  6 0.1284 0.0828 0.7888 
        D535  6 0.2492 0.5742 0.1766 
        D536  6 0.4830 0.0755 0.4415 
        D554  6 0.1264 0.5461 0.3274 
        D587  6 0.1667 0.7056 0.1277 
        D588  6 0.4254 0.4266 0.1479 
        D589  6 0.2580 0.4926 0.2494 
        D590  6 0.6473 0.1444 0.2083 
        D591  6 0.1753 0.5581 0.2666 
        D592  6 0.0832 0.1292 0.7876 
        D593  6 0.0840 0.6602 0.2557 
        D682  6 0.0604 0.8397 0.1000 
        D683  6 0.3356 0.4233 0.2411 
        D684  6 0.2914 0.0769 0.6317 
        D685  6 0.1258 0.4199 0.4542 
        D686  6 0.1206 0.7247 0.1547 
        D724  6 0.3831 0.1914 0.4254 
        D725  6 0.2963 0.4870 0.2167 
        D726  6 0.0557 0.8354 0.1089 
        D727  6 0.6962 0.1596 0.1442 
        D728  6 0.1508 0.6465 0.2027 
        D729  6 0.5665 0.0462 0.3873 
        D730  6 0.3227 0.1741 0.5033 
        D731  6 0.0803 0.8747 0.0449 
        D732  6 0.5697 0.2348 0.1954 
        D733  6 0.2463 0.3523 0.4014 
     D237251  7 0.1795 0.6916 0.1288 
     D237252  7 0.1986 0.1189 0.6825 
     D237253  7 0.1902 0.6569 0.1529 
     D237254  7 0.0779 0.0417 0.8804 
     D237255  7 0.2415 0.6662 0.0923 
     D237256  7 0.5381 0.3248 0.1371 
     D237257  7 0.2479 0.1508 0.6013 
     D237282  7 0.7463 0.0687 0.1851 
     D237283  7 0.0504 0.0674 0.8822 
     D237284  7 0.1283 0.0496 0.8221 
     D237285  7 0.2054 0.5861 0.2085 
     D237286  7 0.4531 0.3718 0.1751 
     D237287  7 0.6552 0.1665 0.1783 
     D244006  7 0.1147 0.0382 0.8471 
     D244007  7 0.7428 0.0988 0.1584 
     D244008  7 0.0489 0.0895 0.8616 
     D244009  7 0.1333 0.1663 0.7004 
     D244010  7 0.1555 0.1852 0.6593 
     D244011  7 0.2068 0.5056 0.2876 
     D244012  7 0.4091 0.1859 0.4050 
     D244013  7 0.3873 0.4881 0.1247 
     D244014  7 0.2567 0.2497 0.4935 
     D244015  7 0.3870 0.0656 0.5474 
     D244125  7 0.2683 0.6417 0.0899 
     D244126  7 0.0434 0.0355 0.9210 
     D244130  7 0.2737 0.2603 0.4660 
     D244131  7 0.3750 0.3673 0.2577 
     D244132  7 0.3003 0.5510 0.1487 
        D520  7 0.0874 0.3308 0.5819 
        D521  7 0.3846 0.2471 0.3683 
        D522  7 0.2544 0.1258 0.6198 
        D523  7 0.2614 0.5786 0.1600 
        D524  7 0.2016 0.5536 0.2448 
        D525  7 0.1345 0.2162 0.6492 
        D526  7 0.1103 0.0431 0.8466 
        D527  7 0.3168 0.3846 0.2986 
        D528  7 0.2006 0.0366 0.7628 
        D558  7 0.7156 0.0793 0.2051 
        D559  7 0.6972 0.0721 0.2307 
        D640  7 0.2192 0.6501 0.1307 
        D641  7 0.1323 0.6607 0.2069 
        D642  7 0.2479 0.1447 0.6074 
        D644  7 0.1660 0.4880 0.3459 
        D645  7 0.3362 0.3658 0.2980 
        D662  7 0.1660 0.1667 0.6672 
        D687  7 0.2906 0.4555 0.2539 
        D688  7 0.6674 0.0791 0.2535 
        D689  7 0.1937 0.6434 0.1629 
        D700  7 0.2525 0.0336 0.7139 
        D797  7 0.2352 0.5322 0.2326 
        D798  7 0.1753 0.1065 0.7182 
        D799  7 0.1895 0.4316 0.3789 
        D800  7 0.5422 0.0980 0.3598 
        D132  8 0.0825 0.0662 0.8513 
        D133  8 0.5814 0.0677 0.3508 
        D200  8 0.1555 0.5181 0.3264 
        D500  8 0.0397 0.0530 0.9073 
        D614  8 0.1197 0.6095 0.2708 
        D723  8 0.5498 0.1207 0.3295 
        D888  8 0.2038 0.7353 0.0609 
        D901  8 0.0802 0.1602 0.7596 
        D902  8 0.1116 0.6499 0.2385 
        D903  8 0.6134 0.2893 0.0973 
        D904  8 0.5119 0.1962 0.2919 
        D905  8 0.1110 0.8517 0.0374 
        D906  8 0.6915 0.1065 0.2020 
        D937  8 0.0484 0.8565 0.0950 
        D943  8 0.2613 0.1703 0.5684 
        D972  8 0.3759 0.0923 0.5318 
        D973  8 0.5372 0.1344 0.3284 
        D974  8 0.2762 0.3524 0.3714 
        D975  8 0.1708 0.5468 0.2824 
        D976  8 0.1838 0.4105 0.4057 
        D201  9 0.3510 0.2570 0.3921 
        D202  9 0.1387 0.4970 0.3642 
     D237259  9 0.6106 0.0546 0.3347 
     D237260  9 0.1848 0.2846 0.5307 
     D237262  9 0.0372 0.0757 0.8872 
     D237263  9 0.2261 0.1374 0.6364 
     D237264  9 0.3260 0.2617 0.4123 
     D237265  9 0.1687 0.5646 0.2667 
     D237266  9 0.5672 0.0967 0.3361 
     D237267  9 0.1105 0.4375 0.4520 
     D237268  9 0.1325 0.1616 0.7059 
     D237289  9 0.1857 0.5615 0.2528 
     D237290  9 0.2694 0.4612 0.2694 
     D237291  9 0.3273 0.4066 0.2661 
     D237292  9 0.3213 0.1112 0.5676 
     D237293  9 0.1450 0.3907 0.4643 
     D237294  9 0.0767 0.2040 0.7193 
     D237295  9 0.2287 0.3471 0.4243 
     D237296  9 0.1423 0.4409 0.4168 
     D237297  9 0.2050 0.6611 0.1339 
     D237298  9 0.4521 0.2313 0.3167 
     D237341  9 0.3424 0.3583 0.2993 
     D237342  9 0.0977 0.1650 0.7373 
     D237343  9 0.3066 0.1242 0.5692 
     D237344  9 0.1519 0.6724 0.1757 
     D237345  9 0.0786 0.0413 0.8802 
     D237346  9 0.1988 0.5134 0.2878 
     D237347  9 0.1963 0.6764 0.1273 
     D237348  9 0.2574 0.3012 0.4415 
     D237349  9 0.7422 0.0587 0.1991 
     D244109  9 0.6371 0.0592 0.3037 
     D244110  9 0.5051 0.1982 0.2967 
     D244111  9 0.4630 0.2554 0.2816 
     D244128  9 0.0749 0.0715 0.8536 
     D244137  9 0.6639 0.1274 0.2087 
     D244138  9 0.2030 0.5389 0.2581 
        D580  9 0.1430 0.1090 0.7480 
        D581  9 0.3127 0.2783 0.4090 
        D582  9 0.0460 0.0499 0.9041 
        D583  9 0.3572 0.1532 0.4895 
        D584  9 0.0894 0.4901 0.4205 
        D585  9 0.1112 0.1638 0.7250 
        D586  9 0.1803 0.7660 0.0538 
        D651  9 0.6027 0.2528 0.1445 
        D652  9 0.5027 0.0623 0.4350 
        D653  9 0.6612 0.2171 0.1217 
        D654  9 0.7427 0.0639 0.1934 
        D655  9 0.1674 0.6799 0.1527 
        D656  9 0.1504 0.0679 0.7818 
        D657  9 0.3122 0.1774 0.5104 
        D667  9 0.1226 0.7723 0.1051 
        D668  9 0.1339 0.3587 0.5074 
        D669  9 0.2882 0.3853 0.3266 
        D670  9 0.6687 0.1302 0.2011 
        D671  9 0.5310 0.2177 0.2513 
        D672  9 0.0907 0.0983 0.8110 
        D673  9 0.1201 0.5112 0.3687 
        D692  9 0.2846 0.0621 0.6533 
        D693  9 0.1806 0.4291 0.3904 
        D694  9 0.0782 0.0879 0.8338 
        D695  9 0.1927 0.2058 0.6016 
        D696  9 0.0539 0.8979 0.0482 
        D697  9 0.2301 0.5546 0.2153 
        D698  9 0.2398 0.5142 0.2460 
        D699  9 0.0679 0.7077 0.2244 
        D787  9 0.5479 0.0931 0.3590 
        D788  9 0.1295 0.5363 0.3341 
        D789  9 0.1464 0.3333 0.5204 
        D790  9 0.4377 0.2065 0.3558 
        D791  9 0.1787 0.6372 0.1841 
        D792  9 0.6735 0.0882 0.2382 
        D793  9 0.2098 0.6898 0.1004 
        D794  9 0.4589 0.3625 0.1786 
        D795  9 0.0387 0.2364 0.7250 
        D796  9 0.1801 0.5658 0.2541 
        D142 10 0.2874 0.5607 0.1519 
        D143 10 0.7140 0.1253 0.1606 
        D144 10 0.2252 0.3885 0.3863 
        D145 10 0.2446 0.5937 0.1617 
        D146 10 0.1149 0.1055 0.7796 
        D147 10 0.3329 0.1221 0.5450 
        D148 10 0.3598 0.1970 0.4432 
        D149 10 0.5554 0.1651 0.2795 
        D151 10 0.2195 0.2087 0.5718 
        D152 10 0.5449 0.2894 0.1658 
        D153 10 0.3568 0.3909 0.2523 
        D156 10 0.7321 0.1412 0.1267 
        D157 10 0.0946 0.6289 0.2765 
        D158 10 0.0953 0.5475 0.3573 
        D159 10 0.8424 0.0852 0.0724 
        D160 10 0.1007 0.8536 0.0458 
        D161 10 0.4935 0.2725 0.2340 
        D162 10 0.6442 0.2799 0.0759 
        D169 10 0.1041 0.0806 0.8153 
        D170 10 0.1116 0.1361 0.7523 
        D171 10 0.2549 0.3978 0.3472 
        D172 10 0.4633 0.1887 0.3479 
        D173 10 0.9036 0.0323 0.0641 
        D181 10 0.2948 0.5952 0.1100 
        D182 10 0.4412 0.1782 0.3806 
        D183 10 0.0569 0.8134 0.1297 
        D184 10 0.0566 0.0367 0.9068 
        D185 10 0.4932 0.1890 0.3178 
        D186 10 0.0562 0.0727 0.8710 
        D194 10 0.1656 0.1469 0.6876 
        D195 10 0.3212 0.5624 0.1164 
        D196 10 0.6126 0.3180 0.0694 
        D197 10 0.0953 0.0839 0.8208 
        D198 10 0.2787 0.2626 0.4587 
     D237226 10 0.2963 0.3519 0.3518 
     D237232 10 0.1606 0.7242 0.1152 
     D237233 10 0.2030 0.5541 0.2429 
     D237234 10 0.1660 0.6582 0.1758 
     D237354 10 0.2456 0.7025 0.0519 
     D237355 10 0.1814 0.7175 0.1011 
     D237356 10 0.2496 0.4315 0.3189 
     D237357 10 0.4489 0.1616 0.3894 
     D237358 10 0.5308 0.0950 0.3742 
     D237369 10 0.1343 0.0345 0.8311 
     D237370 10 0.1615 0.6972 0.1413 
     D237371 10 0.4066 0.1954 0.3980 
     D237372 10 0.3796 0.0875 0.5329 
     D237373 10 0.1377 0.7273 0.1350 
     D237374 10 0.1375 0.8090 0.0535 
     D237375 10 0.6075 0.1317 0.2608 
     D237400 10 0.5022 0.3172 0.1805 
     D244002 10 0.3309 0.0585 0.6106 
     D244003 10 0.0971 0.8090 0.0939 
     D244004 10 0.0319 0.9045 0.0636 
     D244005 10 0.2056 0.4155 0.3788 
     D244020 10 0.2746 0.5427 0.1826 
     D244021 10 0.2813 0.1279 0.5908 
     D244116 10 0.2250 0.1494 0.6256 
     D244117 10 0.1779 0.7212 0.1009 
     D244121 10 0.1082 0.6791 0.2127 
     D244123 10 0.1363 0.7178 0.1459 
     D244124 10 0.1844 0.2372 0.5784 
        D332 10 0.6869 0.1722 0.1409 
        D570 10 0.1435 0.7354 0.1211 
        D602 10 0.7806 0.0955 0.1238 
        D603 10 0.1921 0.5010 0.3069 
        D604 10 0.7415 0.1653 0.0932 
        D605 10 0.5165 0.2365 0.2470 
        D606 10 0.0647 0.2487 0.6866 
        D607 10 0.8055 0.0913 0.1032 
        D608 10 0.9049 0.0449 0.0502 
        D609 10 0.1501 0.6890 0.1609 
        D610 10 0.2133 0.6228 0.1639 
        D611 10 0.0330 0.9321 0.0349 
        D613 10 0.4430 0.3901 0.1669 
        D633 10 0.7746 0.0846 0.1408 
        D634 10 0.1904 0.5094 0.3003 
        D638 10 0.4141 0.4294 0.1566 
        D681 10 0.1439 0.3608 0.4953 
        D754 10 0.0590 0.3227 0.6183 
        D755 10 0.1145 0.7855 0.1000 
        D756 10 0.0890 0.6415 0.2695 
        D757 10 0.3449 0.3480 0.3071 
        D758 10 0.2539 0.3554 0.3907 
        D759 10 0.1987 0.6760 0.1252 
        D760 10 0.3034 0.5285 0.1680 
        D761 10 0.1546 0.7944 0.0509 
        D762 10 0.6629 0.1541 0.1831 
        D775 10 0.0501 0.8414 0.1085 
        D776 10 0.2232 0.6711 0.1058 
        D777 10 0.0967 0.7362 0.1671 
        D778 10 0.1908 0.4070 0.4022 
        D779 10 0.1199 0.5093 0.3709 
        D780 10 0.3988 0.4413 0.1599 
        D781 10 0.6998 0.1317 0.1684 
        D858 10 0.0587 0.0461 0.8952 
        D933 10 0.3554 0.4905 0.1541 
        D038 11 0.2102 0.5605 0.2293 
        D063 11 0.1791 0.6519 0.1691 
        D155 11 0.2083 0.6518 0.1400 
        D175 11 0.0935 0.3948 0.5116 
        D176 11 0.2160 0.4974 0.2865 
        D205 11 0.0707 0.5618 0.3676 
     D237229 11 0.5345 0.0858 0.3797 
     D237230 11 0.7788 0.0476 0.1736 
     D237231 11 0.7983 0.1075 0.0942 
     D237269 11 0.5979 0.2243 0.1778 
     D237270 11 0.1511 0.0856 0.7633 
     D237271 11 0.1894 0.5764 0.2341 
     D237272 11 0.5520 0.0848 0.3632 
     D237273 11 0.1005 0.7516 0.1479 
     D237301 11 0.6557 0.2311 0.1132 
     D237302 11 0.2759 0.1824 0.5418 
     D237303 11 0.3683 0.0513 0.5804 
     D237304 11 0.3656 0.2834 0.3510 
     D237305 11 0.0892 0.1592 0.7516 
     D237314 11 0.1732 0.6105 0.2163 
     D237315 11 0.1323 0.1186 0.7492 
     D237316 11 0.6578 0.2454 0.0968 
     D237328 11 0.2932 0.2058 0.5009 
     D237329 11 0.3265 0.2601 0.4134 
     D237330 11 0.1172 0.8011 0.0817 
     D237331 11 0.1622 0.7207 0.1171 
     D237332 11 0.2795 0.4339 0.2866 
     D237333 11 0.2141 0.7318 0.0541 
     D237334 11 0.6425 0.2129 0.1446 
     D237335 11 0.2556 0.3941 0.3503 
     D237336 11 0.1737 0.6178 0.2086 
     D237350 11 0.3093 0.5511 0.1396 
     D237383 11 0.1158 0.3908 0.4935 
     D237384 11 0.3644 0.2153 0.4203 
     D237385 11 0.3857 0.2619 0.3524 
     D237386 11 0.6301 0.2310 0.1389 
     D237387 11 0.4272 0.2101 0.3628 
     D237388 11 0.1333 0.7636 0.1030 
        D239 11 0.1782 0.6854 0.1364 
        D240 11 0.2493 0.4433 0.3075 
        D241 11 0.3395 0.1512 0.5093 
        D242 11 0.5673 0.2214 0.2112 
        D243 11 0.1088 0.6766 0.2146 
        D244 11 0.0485 0.7953 0.1563 
        D245 11 0.2946 0.0757 0.6297 
        D246 11 0.1764 0.5029 0.3206 
        D247 11 0.3681 0.2061 0.4258 
        D248 11 0.7008 0.1866 0.1126 
        D249 11 0.1148 0.3440 0.5411 
        D250 11 0.5965 0.3293 0.0742 
        D251 11 0.1364 0.6236 0.2400 
        D252 11 0.3589 0.2454 0.3957 
        D253 11 0.1050 0.6907 0.2043 
        D254 11 0.2838 0.0574 0.6588 
        D255 11 0.2695 0.5234 0.2071 
        D256 11 0.2061 0.5597 0.2341 
        D257 11 0.1145 0.1242 0.7613 
        D258 11 0.1197 0.1141 0.7662 
        D259 11 0.1236 0.0698 0.8066 
        D260 11 0.2596 0.3438 0.3966 
        D261 11 0.3005 0.4960 0.2035 
        D262 11 0.2624 0.1966 0.5409 
        D263 11 0.2175 0.4791 0.3034 
        D264 11 0.2368 0.1433 0.6200 
        D265 11 0.3560 0.2231 0.4209 
        D266 11 0.4109 0.4799 0.1092 
        D267 11 0.2090 0.4909 0.3000 
        D268 11 0.2131 0.7058 0.0811 
        D269 11 0.5077 0.3478 0.1445 
        D270 11 0.4068 0.2347 0.3585 
        D271 11 0.1761 0.3904 0.4335 
        D272 11 0.4357 0.3618 0.2025 
        D273 11 0.0648 0.0390 0.8962 
        D274 11 0.2225 0.4112 0.3663 
        D275 11 0.3635 0.3774 0.2591 
        D276 11 0.2852 0.5929 0.1219 
        D277 11 0.4309 0.3399 0.2292 
        D278 11 0.1338 0.4963 0.3699 
        D282 11 0.0983 0.1312 0.7705 
        D296 11 0.3384 0.5079 0.1537 
        D297 11 0.2652 0.5015 0.2333 
        D298 11 0.3580 0.4563 0.1857 
        D299 11 0.1415 0.7324 0.1261 
        D300 11 0.3166 0.4917 0.1917 
        D382 11 0.2895 0.5078 0.2028 
        D383 11 0.0599 0.5160 0.4240 
        D387 11 0.2019 0.5849 0.2131 
        D388 11 0.7603 0.1366 0.1032 
        D389 11 0.3238 0.5628 0.1135 
        D390 11 0.6135 0.2627 0.1238 
        D396 11 0.6590 0.2137 0.1274 
        D397 11 0.1011 0.1523 0.7465 
        D398 11 0.1120 0.5264 0.3616 
        D399 11 0.6559 0.0886 0.2555 
        D437 11 0.1654 0.0914 0.7432 
        D441 11 0.1623 0.7628 0.0749 
        D442 11 0.3151 0.4099 0.2750 
        D443 11 0.1289 0.8152 0.0559 
        D444 11 0.6005 0.2571 0.1424 
        D445 11 0.3740 0.1517 0.4743 
        D446 11 0.3414 0.0871 0.5715 
        D451 11 0.2930 0.3386 0.3684 
        D452 11 0.6062 0.2102 0.1836 
        D453 11 0.6903 0.1782 0.1314 
        D454 11 0.1755 0.1098 0.7147 
        D457 11 0.1553 0.4531 0.3916 
        D458 11 0.3273 0.5357 0.1370 
        D466 11 0.5134 0.1129 0.3737 
        D467 11 0.1253 0.6984 0.1763 
        D475 11 0.0799 0.0963 0.8238 
        D488 11 0.7069 0.1707 0.1224 
        D489 11 0.2164 0.1861 0.5975 
        D493 11 0.2978 0.1830 0.5192 
        D494 11 0.5531 0.2370 0.2099 
        D495 11 0.3035 0.1359 0.5605 
        D496 11 0.2771 0.6646 0.0583 
        D674 11 0.2694 0.5739 0.1567 
        D675 11 0.2836 0.6663 0.0501 
        D676 11 0.1541 0.3294 0.5165 
        D680 11 0.0926 0.7030 0.2044 
        D701 11 0.3621 0.2444 0.3934 
        D702 11 0.3198 0.0938 0.5864 
        D703 11 0.4076 0.3557 0.2368 
        D704 11 0.2389 0.4938 0.2672 
        D705 11 0.4209 0.0419 0.5372 
        D706 11 0.1858 0.3869 0.4273 
        D707 11 0.3360 0.2304 0.4336 
        D751 11 0.3123 0.3589 0.3288 
        D752 11 0.2440 0.5662 0.1899 
        D753 11 0.6707 0.0988 0.2305 
        D773 11 0.0364 0.0282 0.9354 
        D774 11 0.5683 0.2323 0.1994 
        D801 11 0.2435 0.6303 0.1262 
        D802 11 0.4629 0.1213 0.4158 
        D803 11 0.1176 0.7541 0.1283 
        D804 11 0.4298 0.2342 0.3361 
        D805 11 0.2628 0.3418 0.3954 
        D806 11 0.1049 0.0613 0.8338 
        D809 11 0.2798 0.5406 0.1796 
        D810 11 0.1504 0.7868 0.0628 
        D812 11 0.2935 0.2145 0.4921 
        D813 11 0.3228 0.4839 0.1933 
        D823 11 0.2394 0.5316 0.2290 
        D824 11 0.2106 0.5737 0.2156 
        D829 11 0.7098 0.1619 0.1283 
        D830 11 0.4269 0.1238 0.4493 
        D831 11 0.3014 0.3126 0.3860 
        D832 11 0.3101 0.3183 0.3716 
        D833 11 0.3401 0.5548 0.1051 
        D834 11 0.4382 0.4384 0.1234 
        D835 11 0.0965 0.1858 0.7177 
        D855 11 0.2412 0.4568 0.3021 
        D863 11 0.1692 0.7764 0.0544 
        D864 11 0.1492 0.6543 0.1965 
        D878 11 0.1642 0.6826 0.1533 
        D879 11 0.1291 0.1537 0.7171 
        D880 11 0.7359 0.2118 0.0523 
        D881 11 0.0526 0.8778 0.0696 
        D882 11 0.4971 0.3071 0.1958 
        D909 11 0.4849 0.3129 0.2022 
        D921 11 0.2187 0.6241 0.1572 
        D924 11 0.4271 0.4966 0.0763 
        D935 11 0.6162 0.2015 0.1823 
        D940 11 0.1921 0.7304 0.0775 
        D941 11 0.2883 0.5751 0.1366 
        D942 11 0.0680 0.0587 0.8733 
        D980 11 0.5768 0.1761 0.2471 
        D981 11 0.1473 0.1503 0.7025 
        D982 11 0.8056 0.1063 0.0881 
        D983 11 0.2162 0.6635 0.1204 
        D984 11 0.5244 0.3615 0.1141 
        D992 11 0.2161 0.0944 0.6895 
        D993 11 0.2243 0.5659 0.2098 
        D994 11 0.1656 0.5797 0.2547 
        D995 11 0.0945 0.2204 0.6851 
        H354 11 0.3561 0.0955 0.5485 
        D005 12 0.4200 0.0928 0.4872 
        D035 12 0.1633 0.5827 0.2541 
        D067 12 0.3705 0.4807 0.1488 
        D134 12 0.1865 0.5237 0.2898 
        D135 12 0.2795 0.3046 0.4158 
        D136 12 0.6199 0.0800 0.3001 
        D137 12 0.6570 0.1162 0.2268 
        D138 12 0.3126 0.4460 0.2414 
        D139 12 0.6904 0.2239 0.0858 
        D140 12 0.2524 0.4038 0.3438 
        D141 12 0.0555 0.0416 0.9029 
        D150 12 0.0964 0.1387 0.7650 
        D177 12 0.4128 0.3944 0.1928 
        D178 12 0.8317 0.0787 0.0896 
        D179 12 0.5759 0.1092 0.3149 
        D180 12 0.6687 0.0813 0.2500 
        D187 12 0.1716 0.6037 0.2246 
        D188 12 0.0505 0.0437 0.9058 
        D191 12 0.0745 0.0816 0.8439 
        D418 12 0.0987 0.0642 0.8370 
        D601 12 0.1801 0.0774 0.7425 
        D836 12 0.0909 0.0849 0.8241 
        D837 12 0.4631 0.3177 0.2192 
        D838 12 0.1568 0.7745 0.0688 
        D839 12 0.6319 0.1720 0.1961 
        D840 12 0.5013 0.3606 0.1381 
        D841 12 0.1316 0.4813 0.3870 
        D842 12 0.0395 0.0400 0.9205 
        D843 12 0.2030 0.6041 0.1929 
        D844 12 0.2548 0.0784 0.6668 
        D912 12 0.5081 0.4126 0.0792 
        D913 12 0.7534 0.1494 0.0972 
