        D174  1 0.0963 0.4690 0.0807 0.0806 0.0243 0.1014 0.0316 0.0547 0.0614 
        D199  1 0.0724 0.1552 0.0404 0.1160 0.0388 0.0956 0.2008 0.2193 0.0613 
        D203  1 0.1526 0.0562 0.0318 0.0703 0.0495 0.0841 0.2163 0.2479 0.0913 
        D204  1 0.0337 0.0228 0.0247 0.0306 0.0733 0.0215 0.0305 0.7419 0.0210 
     D237366  1 0.0530 0.0676 0.0220 0.0726 0.0945 0.4434 0.0474 0.0650 0.1345 
     D237367  1 0.0810 0.0407 0.0873 0.1292 0.0539 0.2437 0.0655 0.2446 0.0542 
     D237368  1 0.0355 0.1167 0.0446 0.0799 0.0378 0.4508 0.0571 0.1450 0.0325 
     D244101  1 0.0324 0.0239 0.0241 0.0988 0.3994 0.0215 0.1924 0.1658 0.0417 
     D244102  1 0.3535 0.0580 0.0842 0.0929 0.0944 0.0954 0.0569 0.0809 0.0837 
     D244103  1 0.1030 0.0424 0.0866 0.2393 0.0561 0.1446 0.0406 0.1285 0.1589 
     D244104  1 0.0166 0.0756 0.1796 0.0351 0.0274 0.0425 0.0368 0.5556 0.0308 
     D244105  1 0.1184 0.0208 0.0686 0.2178 0.0281 0.2449 0.0266 0.0677 0.2071 
     D244106  1 0.0651 0.5339 0.0231 0.0604 0.0225 0.0254 0.0654 0.0649 0.1394 
     D244107  1 0.0541 0.0220 0.1578 0.1410 0.0774 0.3717 0.0804 0.0664 0.0291 
     D244108  1 0.2334 0.3710 0.0852 0.0731 0.0306 0.0500 0.0405 0.0764 0.0398 
     D244113  1 0.2316 0.4070 0.0723 0.0653 0.1097 0.0372 0.0308 0.0212 0.0249 
     D244114  1 0.0769 0.0674 0.0289 0.2231 0.0471 0.0354 0.0576 0.0614 0.4022 
     D244115  1 0.0920 0.2293 0.1039 0.2198 0.0348 0.0802 0.0295 0.1448 0.0657 
     D267365  1 0.0542 0.1823 0.0457 0.0612 0.0532 0.1120 0.0546 0.3588 0.0778 
        D404  1 0.3764 0.2965 0.0402 0.0433 0.1204 0.0220 0.0448 0.0286 0.0279 
        D405  1 0.4272 0.0746 0.0652 0.0879 0.1002 0.0453 0.0662 0.0932 0.0403 
        D406  1 0.0662 0.0526 0.0289 0.0340 0.0437 0.6479 0.0194 0.0802 0.0271 
        D407  1 0.0214 0.0355 0.0735 0.0948 0.0198 0.2056 0.1184 0.3944 0.0367 
        D408  1 0.0544 0.3994 0.2200 0.0819 0.0466 0.0292 0.0380 0.0525 0.0780 
        D409  1 0.1378 0.0436 0.0762 0.3294 0.0500 0.0591 0.0387 0.1024 0.1627 
        D410  1 0.2967 0.0311 0.3233 0.0580 0.0456 0.1181 0.0143 0.0882 0.0247 
        D421  1 0.0111 0.0244 0.0280 0.0216 0.0125 0.0192 0.0482 0.8203 0.0148 
        D422  1 0.0190 0.0170 0.0325 0.0452 0.0184 0.7211 0.0245 0.0525 0.0698 
        D423  1 0.2465 0.0197 0.2446 0.0966 0.0218 0.1755 0.0851 0.0603 0.0499 
        D424  1 0.0372 0.0427 0.0378 0.1736 0.0228 0.0639 0.0200 0.5726 0.0294 
        D425  1 0.1682 0.0973 0.0586 0.1428 0.0347 0.0394 0.0290 0.3876 0.0425 
        D426  1 0.0448 0.0290 0.0878 0.4327 0.0237 0.0838 0.0564 0.0438 0.1980 
        D427  1 0.0142 0.1485 0.0421 0.0326 0.0168 0.0334 0.3633 0.3234 0.0258 
        D428  1 0.0999 0.1700 0.0861 0.1676 0.0873 0.1381 0.0486 0.1759 0.0263 
        D429  1 0.0777 0.1748 0.0281 0.0976 0.0318 0.0346 0.0388 0.3583 0.1583 
        D430  1 0.1444 0.1492 0.0286 0.1707 0.0342 0.0572 0.0705 0.0850 0.2602 
        D491  1 0.0343 0.6203 0.1126 0.0400 0.0281 0.0206 0.0152 0.0909 0.0380 
        D492  1 0.0944 0.1347 0.0313 0.1762 0.0583 0.1415 0.0533 0.2407 0.0697 
        D537  1 0.0498 0.0376 0.0633 0.0740 0.1022 0.0847 0.0299 0.5270 0.0314 
        D538  1 0.2870 0.1017 0.0657 0.1446 0.0576 0.1661 0.0679 0.0608 0.0485 
        D539  1 0.0814 0.1617 0.0810 0.0922 0.0668 0.0651 0.0564 0.0419 0.3535 
        D540  1 0.0634 0.0325 0.2242 0.1949 0.0316 0.0891 0.0312 0.2506 0.0824 
        D541  1 0.0118 0.0145 0.0209 0.0253 0.0173 0.0199 0.0223 0.8539 0.0141 
        D551  1 0.0315 0.0387 0.0343 0.3146 0.0248 0.0494 0.0909 0.0531 0.3626 
        D552  1 0.0375 0.1833 0.3004 0.0904 0.0569 0.1081 0.0309 0.1294 0.0630 
        D553  1 0.0120 0.0184 0.0332 0.0224 0.0167 0.0190 0.0166 0.8434 0.0184 
        D615  1 0.0796 0.0579 0.1333 0.0908 0.0260 0.0504 0.0598 0.4134 0.0888 
        D616  1 0.0697 0.0750 0.0567 0.1812 0.0276 0.1155 0.1127 0.2822 0.0795 
        D621  1 0.0652 0.0955 0.1277 0.0687 0.2977 0.2528 0.0299 0.0206 0.0419 
        D622  1 0.0636 0.0469 0.1188 0.0996 0.0626 0.4695 0.0249 0.0482 0.0659 
        D623  1 0.2080 0.2638 0.0293 0.0639 0.1997 0.0376 0.1328 0.0268 0.0379 
        D624  1 0.0204 0.7638 0.0259 0.0680 0.0127 0.0308 0.0169 0.0340 0.0276 
        D625  1 0.0315 0.0669 0.0420 0.0737 0.0475 0.0532 0.0188 0.6206 0.0458 
        D626  1 0.0584 0.2731 0.3255 0.0608 0.0328 0.0979 0.0278 0.0526 0.0711 
        D627  1 0.0449 0.0444 0.0247 0.3960 0.0254 0.0862 0.0424 0.0896 0.2465 
        D690  1 0.0170 0.0496 0.0586 0.0217 0.0287 0.0468 0.0114 0.7484 0.0178 
        D691  1 0.0476 0.0481 0.0260 0.0474 0.0227 0.5806 0.0208 0.0986 0.1083 
        D710  1 0.0452 0.1344 0.1345 0.1203 0.1415 0.1326 0.0438 0.2124 0.0352 
        D711  1 0.0438 0.0308 0.0173 0.0389 0.0443 0.0423 0.0277 0.7269 0.0279 
        D712  1 0.0565 0.5069 0.0872 0.0580 0.0452 0.0998 0.0413 0.0436 0.0616 
        D713  1 0.1756 0.1333 0.0484 0.1417 0.2029 0.0798 0.0289 0.1383 0.0511 
        D746  1 0.0218 0.0299 0.0553 0.0330 0.0322 0.6652 0.0319 0.0862 0.0445 
        D747  1 0.0150 0.0207 0.0186 0.0252 0.0260 0.0193 0.0253 0.8304 0.0194 
        D748  1 0.0982 0.0429 0.0613 0.0812 0.0648 0.1841 0.0190 0.2466 0.2019 
        D749  1 0.0736 0.1180 0.0475 0.2345 0.0874 0.2892 0.0376 0.0293 0.0831 
        D750  1 0.0366 0.5748 0.0425 0.0437 0.0459 0.0336 0.0208 0.1713 0.0307 
        D763  1 0.0400 0.0236 0.1515 0.1497 0.1781 0.0929 0.1409 0.0672 0.1561 
        D764  1 0.0286 0.2065 0.0694 0.0489 0.0188 0.0534 0.0178 0.5298 0.0267 
        D765  1 0.2830 0.1560 0.1815 0.0921 0.0209 0.1383 0.0173 0.0494 0.0616 
        D766  1 0.1579 0.0500 0.2518 0.0997 0.1286 0.1601 0.0223 0.0885 0.0411 
        D767  1 0.3039 0.0352 0.0282 0.0801 0.2597 0.0996 0.0619 0.0889 0.0425 
        D768  1 0.0155 0.0135 0.0268 0.0378 0.0149 0.0208 0.0216 0.8288 0.0205 
        D811  1 0.4109 0.1198 0.2756 0.0660 0.0232 0.0242 0.0190 0.0259 0.0354 
        D816  1 0.0227 0.0301 0.0164 0.0367 0.0216 0.0248 0.0153 0.8136 0.0188 
        D825  1 0.2753 0.1788 0.1449 0.1303 0.0258 0.0611 0.0153 0.1159 0.0525 
        D866  1 0.0751 0.2386 0.0923 0.0980 0.0231 0.0382 0.1863 0.0745 0.1740 
        D867  1 0.0450 0.0259 0.0365 0.0454 0.1096 0.6439 0.0319 0.0238 0.0380 
        D871  1 0.0992 0.0689 0.0561 0.3996 0.0450 0.0478 0.0244 0.0661 0.1928 
        D872  1 0.3847 0.0390 0.0520 0.0735 0.0396 0.1325 0.0430 0.2050 0.0307 
        D873  1 0.4094 0.0152 0.3148 0.0319 0.0366 0.1467 0.0193 0.0100 0.0160 
        D874  1 0.0360 0.0772 0.0258 0.0380 0.6714 0.0164 0.0265 0.0680 0.0406 
        D875  1 0.1868 0.0214 0.0477 0.3675 0.0317 0.0932 0.0153 0.0349 0.2015 
        D876  1 0.0394 0.0924 0.0680 0.0713 0.0816 0.0798 0.0220 0.5020 0.0436 
        D877  1 0.4366 0.2297 0.0325 0.0972 0.1049 0.0188 0.0214 0.0330 0.0259 
        D892  1 0.1199 0.2111 0.0191 0.0753 0.0426 0.1537 0.0179 0.2651 0.0953 
        D893  1 0.0265 0.0223 0.0522 0.0907 0.0522 0.0605 0.0446 0.6031 0.0479 
        D894  1 0.0352 0.0377 0.0283 0.0768 0.0318 0.0438 0.0243 0.5995 0.1225 
        D915  1 0.0799 0.0561 0.0806 0.0982 0.0294 0.0768 0.0330 0.4725 0.0734 
        D916  1 0.0131 0.0200 0.0205 0.0188 0.0157 0.0208 0.0133 0.8617 0.0161 
        D917  1 0.0621 0.2948 0.0464 0.1427 0.1337 0.0604 0.0817 0.1454 0.0328 
        D925  1 0.0509 0.0670 0.4648 0.0454 0.0178 0.0996 0.0187 0.2162 0.0196 
        D926  1 0.0564 0.0758 0.0349 0.2750 0.0814 0.0672 0.0220 0.3246 0.0625 
        D927  1 0.0582 0.0647 0.0346 0.0977 0.0446 0.0839 0.2807 0.2424 0.0931 
        D928  1 0.0424 0.7330 0.0231 0.0238 0.0250 0.0127 0.0187 0.1098 0.0114 
        D929  1 0.1978 0.0548 0.0295 0.0438 0.4556 0.0978 0.0211 0.0390 0.0607 
        D936  1 0.0344 0.0360 0.0393 0.0769 0.1665 0.0281 0.0643 0.4861 0.0684 
        D938  1 0.0486 0.0337 0.1031 0.0455 0.0615 0.6217 0.0179 0.0349 0.0330 
        D956  1 0.1205 0.5350 0.0585 0.0573 0.0353 0.0302 0.0307 0.0434 0.0893 
        D957  1 0.4206 0.0490 0.0602 0.0621 0.0725 0.1298 0.0340 0.1432 0.0286 
        D958  1 0.1776 0.1551 0.0873 0.0900 0.0969 0.1309 0.0222 0.1968 0.0432 
        D959  1 0.0321 0.0296 0.0644 0.1504 0.0159 0.2267 0.1038 0.3523 0.0248 
        D960  1 0.1941 0.0487 0.0282 0.0639 0.0274 0.5416 0.0206 0.0306 0.0448 
        D989  1 0.0346 0.5867 0.0380 0.0639 0.0265 0.0395 0.0961 0.0500 0.0648 
        D990  1 0.1390 0.0973 0.3217 0.1301 0.0342 0.1509 0.0503 0.0272 0.0493 
        D023  2 0.0135 0.0150 0.0229 0.0269 0.0179 0.8265 0.0189 0.0457 0.0127 
        D130  2 0.0968 0.0204 0.0187 0.0363 0.0240 0.6169 0.0297 0.0946 0.0626 
        D131  2 0.0728 0.0546 0.1068 0.2774 0.0513 0.0437 0.0609 0.2520 0.0805 
        D163  2 0.0247 0.0524 0.0347 0.0567 0.0410 0.6423 0.0185 0.0955 0.0343 
        D164  2 0.0693 0.0118 0.2794 0.0206 0.0230 0.0921 0.4738 0.0137 0.0164 
        D165  2 0.0149 0.0216 0.0332 0.0366 0.0237 0.7775 0.0278 0.0437 0.0210 
        D166  2 0.4651 0.0218 0.0554 0.1189 0.0893 0.0668 0.0386 0.0385 0.1056 
        D167  2 0.1261 0.0333 0.0171 0.0215 0.0162 0.0180 0.7322 0.0148 0.0208 
        D192  2 0.0258 0.0215 0.0203 0.0199 0.0290 0.0168 0.8344 0.0126 0.0197 
        D193  2 0.6138 0.0807 0.0194 0.0675 0.0584 0.0289 0.0261 0.0244 0.0808 
        D206  2 0.0440 0.0282 0.1732 0.2022 0.0425 0.0956 0.2263 0.1105 0.0775 
        D207  2 0.1133 0.0195 0.0277 0.0866 0.0275 0.0295 0.5901 0.0398 0.0660 
        D208  2 0.0538 0.2038 0.2268 0.0969 0.0720 0.0495 0.1122 0.0623 0.1228 
        D209  2 0.0516 0.0290 0.0766 0.2560 0.1795 0.0680 0.2340 0.0464 0.0590 
        D210  2 0.0249 0.5016 0.0314 0.0469 0.0372 0.0343 0.1101 0.0837 0.1299 
     D229599  2 0.0868 0.0585 0.0759 0.1368 0.1971 0.1047 0.0566 0.1797 0.1039 
     D229600  2 0.0746 0.0225 0.0191 0.1015 0.0269 0.3959 0.2680 0.0317 0.0596 
     D237227  2 0.0691 0.4411 0.0672 0.0996 0.0297 0.0926 0.0659 0.0572 0.0777 
     D237228  2 0.3161 0.2005 0.1347 0.1354 0.0201 0.0663 0.0620 0.0163 0.0486 
     D237258  2 0.1067 0.0844 0.0793 0.1423 0.0715 0.1830 0.1871 0.0797 0.0659 
     D237310  2 0.5521 0.0373 0.0984 0.0709 0.0391 0.0776 0.0283 0.0126 0.0837 
     D237311  2 0.4141 0.0411 0.1410 0.0566 0.0218 0.1003 0.1590 0.0189 0.0473 
     D237312  2 0.4916 0.0448 0.0755 0.0603 0.0621 0.0907 0.0226 0.0291 0.1232 
     D237313  2 0.0503 0.0841 0.3414 0.1218 0.0747 0.0599 0.0275 0.1337 0.1066 
     D237322  2 0.0974 0.0977 0.0936 0.2615 0.1256 0.0553 0.0615 0.0344 0.1730 
     D237323  2 0.3770 0.1731 0.0982 0.0491 0.0296 0.1698 0.0377 0.0186 0.0467 
     D237324  2 0.0291 0.0184 0.0270 0.2814 0.0349 0.2587 0.2417 0.0549 0.0538 
     D237325  2 0.3456 0.0787 0.0542 0.0944 0.0775 0.1784 0.0417 0.0261 0.1034 
     D237326  2 0.3223 0.1065 0.1522 0.0690 0.0547 0.1370 0.0439 0.0859 0.0285 
     D237327  2 0.0445 0.0487 0.0314 0.1641 0.1042 0.1316 0.1752 0.0852 0.2153 
     D237337  2 0.3502 0.0674 0.3016 0.0687 0.0297 0.0946 0.0174 0.0299 0.0406 
     D237338  2 0.1332 0.1145 0.0707 0.1269 0.1247 0.1793 0.0752 0.0576 0.1179 
     D237339  2 0.0520 0.0200 0.0356 0.0699 0.5539 0.0312 0.1567 0.0503 0.0303 
     D237340  2 0.3102 0.1630 0.0410 0.0798 0.0512 0.1032 0.1637 0.0205 0.0675 
     D237389  2 0.5166 0.0224 0.1219 0.0736 0.0351 0.0701 0.0821 0.0251 0.0531 
     D237390  2 0.4818 0.0804 0.0679 0.0635 0.0643 0.0934 0.0251 0.0349 0.0888 
     D244017  2 0.2984 0.1868 0.0252 0.0999 0.0254 0.0618 0.2404 0.0278 0.0343 
     D244112  2 0.0878 0.0252 0.0264 0.0356 0.0191 0.0431 0.6998 0.0186 0.0442 
     D244118  2 0.0424 0.0264 0.0202 0.0378 0.0394 0.3215 0.4809 0.0131 0.0183 
     D244119  2 0.0376 0.6022 0.0192 0.0286 0.0141 0.0211 0.2365 0.0235 0.0171 
     D244120  2 0.2858 0.0568 0.0182 0.0544 0.0924 0.0328 0.3251 0.0136 0.1210 
     D244122  2 0.1042 0.0411 0.0609 0.0618 0.0441 0.0694 0.5346 0.0335 0.0504 
        D291  2 0.0645 0.0262 0.1097 0.1464 0.0276 0.1459 0.2075 0.0834 0.1888 
        D292  2 0.0686 0.0761 0.0605 0.0663 0.0507 0.0325 0.3295 0.2354 0.0804 
        D293  2 0.0178 0.0149 0.0128 0.0452 0.0898 0.0189 0.6575 0.1210 0.0221 
        D322  2 0.0445 0.0239 0.0373 0.1023 0.1718 0.0474 0.3929 0.1478 0.0322 
        D323  2 0.1372 0.0492 0.2550 0.1537 0.1505 0.0478 0.0958 0.0565 0.0544 
        D324  2 0.0537 0.0755 0.1039 0.1627 0.0275 0.1307 0.1256 0.1577 0.1627 
        D325  2 0.0153 0.0131 0.0144 0.0400 0.0267 0.0210 0.7801 0.0348 0.0545 
        D326  2 0.0136 0.0310 0.0223 0.0275 0.0174 0.0154 0.0295 0.8241 0.0191 
        D340  2 0.0163 0.0259 0.0204 0.0252 0.0289 0.0232 0.8072 0.0249 0.0279 
        D341  2 0.0365 0.0341 0.0973 0.0530 0.0392 0.0249 0.4859 0.0356 0.1933 
        D342  2 0.1048 0.0186 0.1263 0.1596 0.0244 0.1166 0.3104 0.0243 0.1149 
        D343  2 0.0108 0.0098 0.0100 0.0163 0.0160 0.0123 0.8794 0.0223 0.0231 
        D344  2 0.1636 0.0230 0.0236 0.1607 0.3948 0.0281 0.0381 0.1154 0.0528 
        D345  2 0.0465 0.0340 0.3813 0.1386 0.1797 0.0554 0.0331 0.1045 0.0270 
        D346  2 0.0424 0.3741 0.2405 0.0631 0.0512 0.0319 0.0672 0.0657 0.0641 
        D351  2 0.0878 0.0296 0.0622 0.2170 0.0913 0.0754 0.0823 0.2722 0.0820 
        D352  2 0.0399 0.0589 0.0358 0.0778 0.6763 0.0280 0.0304 0.0235 0.0293 
        D353  2 0.0267 0.0208 0.0289 0.5531 0.1157 0.0186 0.0324 0.1747 0.0291 
        D354  2 0.0453 0.0442 0.0558 0.0718 0.6415 0.0226 0.0129 0.0646 0.0414 
        D362  2 0.0336 0.0232 0.0448 0.0410 0.0279 0.0750 0.0302 0.7069 0.0174 
        D363  2 0.0295 0.0471 0.0483 0.0561 0.0252 0.0458 0.0278 0.6981 0.0223 
        D364  2 0.0390 0.0409 0.0780 0.1206 0.3099 0.0272 0.0216 0.3215 0.0414 
        D365  2 0.0166 0.0315 0.0147 0.0235 0.0379 0.0166 0.8038 0.0348 0.0205 
        D369  2 0.0685 0.1635 0.1127 0.0989 0.0307 0.0527 0.2210 0.2067 0.0454 
        D374  2 0.5025 0.2975 0.0311 0.0568 0.0309 0.0173 0.0237 0.0205 0.0196 
        D375  2 0.0477 0.0177 0.0285 0.0482 0.7794 0.0212 0.0125 0.0233 0.0215 
        D376  2 0.3212 0.3650 0.0390 0.0721 0.0679 0.0228 0.0294 0.0213 0.0612 
        D377  2 0.1676 0.0629 0.4256 0.1122 0.0611 0.0457 0.0447 0.0283 0.0518 
        D378  2 0.0200 0.0346 0.0795 0.1481 0.1909 0.1077 0.2112 0.1447 0.0633 
        D379  2 0.0376 0.0332 0.0765 0.0882 0.0649 0.0267 0.0236 0.6016 0.0477 
        D384  2 0.0161 0.0380 0.0381 0.0328 0.0210 0.0148 0.0194 0.8035 0.0163 
        D385  2 0.0296 0.0392 0.0379 0.0498 0.1603 0.0204 0.6085 0.0240 0.0304 
        D386  2 0.0376 0.0223 0.0660 0.1633 0.3969 0.0762 0.0740 0.1189 0.0449 
        D391  2 0.0256 0.0188 0.0321 0.0320 0.1241 0.0184 0.6958 0.0308 0.0223 
        D392  2 0.0618 0.0530 0.0653 0.0647 0.0241 0.0684 0.5597 0.0816 0.0215 
        D393  2 0.0210 0.0216 0.1229 0.0838 0.2127 0.0499 0.1331 0.2319 0.1231 
        D394  2 0.1713 0.0419 0.0459 0.1216 0.1782 0.2098 0.0800 0.0833 0.0681 
        D395  2 0.0405 0.0289 0.0211 0.1254 0.4446 0.0299 0.2395 0.0198 0.0503 
        D401  2 0.3708 0.0469 0.3329 0.0515 0.0126 0.0925 0.0414 0.0259 0.0256 
        D402  2 0.0274 0.0185 0.0402 0.0299 0.0704 0.0157 0.7430 0.0186 0.0362 
        D403  2 0.0675 0.0263 0.0458 0.3613 0.0813 0.0944 0.0288 0.2006 0.0940 
        D415  2 0.0655 0.0160 0.0272 0.2142 0.0268 0.0493 0.0242 0.5058 0.0710 
        D435  2 0.0223 0.0194 0.0408 0.0566 0.0416 0.0324 0.2031 0.5083 0.0754 
        D436  2 0.0779 0.0470 0.0258 0.0756 0.5355 0.0420 0.0308 0.1076 0.0578 
        D438  2 0.0139 0.0280 0.0311 0.0243 0.0200 0.0229 0.8222 0.0140 0.0236 
        D439  2 0.0241 0.0157 0.0853 0.1135 0.5669 0.0702 0.0479 0.0455 0.0309 
        D449  2 0.0305 0.0348 0.0511 0.2524 0.0273 0.0422 0.3379 0.1528 0.0710 
        D450  2 0.0526 0.1266 0.0737 0.1498 0.2438 0.0610 0.0224 0.1514 0.1188 
        D456  2 0.0147 0.0253 0.0207 0.0269 0.0177 0.0206 0.0137 0.8345 0.0259 
        D462  2 0.0195 0.0143 0.0169 0.0261 0.1090 0.0246 0.7357 0.0336 0.0203 
        D463  2 0.0240 0.0390 0.0302 0.0400 0.0276 0.0199 0.0130 0.7862 0.0201 
        D464  2 0.0681 0.0351 0.0233 0.3585 0.3302 0.0251 0.0477 0.0588 0.0531 
        D465  2 0.0710 0.0252 0.0526 0.0830 0.0253 0.0463 0.4929 0.1597 0.0440 
        D473  2 0.0672 0.4842 0.0762 0.0713 0.1097 0.0722 0.0368 0.0259 0.0565 
        D474  2 0.0192 0.0524 0.0534 0.0594 0.0309 0.0500 0.0732 0.5934 0.0681 
        D476  2 0.0209 0.0152 0.0177 0.0442 0.4771 0.3249 0.0449 0.0270 0.0280 
        D477  2 0.0431 0.0529 0.1346 0.0926 0.2480 0.0320 0.0302 0.3028 0.0637 
        D478  2 0.1437 0.1012 0.0326 0.1514 0.1089 0.3172 0.0581 0.0503 0.0366 
        D480  2 0.0363 0.0901 0.0590 0.0897 0.2150 0.0298 0.0849 0.2076 0.1876 
        D481  2 0.0613 0.0812 0.0657 0.0987 0.1985 0.1348 0.0560 0.2662 0.0377 
        D482  2 0.0716 0.0985 0.1197 0.1012 0.3547 0.0636 0.0396 0.0285 0.1225 
        D483  2 0.0315 0.0874 0.0171 0.0309 0.0216 0.0460 0.7240 0.0204 0.0211 
        D484  2 0.0527 0.0241 0.0173 0.0208 0.8074 0.0205 0.0235 0.0117 0.0221 
        D510  2 0.1680 0.5076 0.0458 0.0625 0.0345 0.0255 0.0400 0.0277 0.0882 
        D511  2 0.0229 0.0218 0.0480 0.0505 0.6154 0.0469 0.0706 0.0882 0.0357 
        D512  2 0.3802 0.0169 0.0991 0.1142 0.0349 0.1133 0.1364 0.0239 0.0810 
        D513  2 0.0500 0.0601 0.0743 0.1025 0.0296 0.0361 0.4933 0.0859 0.0683 
        D635  2 0.0199 0.0269 0.0669 0.1063 0.0274 0.4188 0.0279 0.2805 0.0253 
        D636  2 0.0171 0.0205 0.1213 0.0265 0.0201 0.7371 0.0166 0.0270 0.0138 
        D637  2 0.0835 0.0590 0.1155 0.1059 0.3208 0.0301 0.1429 0.0301 0.1122 
        D658  2 0.0901 0.1071 0.0307 0.0751 0.2303 0.0337 0.3357 0.0303 0.0672 
        D659  2 0.0236 0.0377 0.0343 0.0777 0.0686 0.0710 0.0359 0.5825 0.0688 
        D677  2 0.0969 0.0241 0.1069 0.1125 0.0526 0.1257 0.0737 0.2149 0.1926 
        D678  2 0.1291 0.0184 0.0521 0.1713 0.0316 0.0453 0.4773 0.0219 0.0529 
        D679  2 0.0267 0.0564 0.2498 0.1238 0.0680 0.0376 0.0590 0.2855 0.0933 
        D719  2 0.0339 0.3063 0.0599 0.0558 0.0532 0.0178 0.2169 0.2161 0.0400 
        D720  2 0.0294 0.0768 0.0693 0.0588 0.0259 0.0336 0.0385 0.6421 0.0255 
        D721  2 0.0146 0.0503 0.0313 0.0408 0.0420 0.6865 0.0464 0.0513 0.0367 
        D722  2 0.5705 0.1788 0.0537 0.0398 0.0287 0.0238 0.0480 0.0301 0.0266 
        D734  2 0.0225 0.1424 0.0249 0.0457 0.6393 0.0147 0.0456 0.0226 0.0423 
        D735  2 0.0439 0.0690 0.2813 0.1569 0.0773 0.0517 0.0537 0.1979 0.0682 
        D736  2 0.0358 0.3326 0.0432 0.1217 0.0665 0.0690 0.1120 0.0692 0.1500 
        D737  2 0.1107 0.0510 0.0252 0.0725 0.1509 0.0960 0.4006 0.0254 0.0678 
        D807  2 0.0742 0.2342 0.1107 0.0828 0.1054 0.0465 0.0782 0.1778 0.0903 
        D808  2 0.2411 0.0349 0.0473 0.1494 0.0620 0.1377 0.1568 0.0763 0.0946 
        D817  2 0.0612 0.0301 0.4636 0.1019 0.0753 0.0304 0.0284 0.1806 0.0287 
        D818  2 0.0488 0.0349 0.0277 0.2132 0.0334 0.1253 0.2638 0.0722 0.1808 
        D819  2 0.1257 0.0343 0.3692 0.1171 0.0362 0.0634 0.0452 0.1705 0.0385 
        D820  2 0.0237 0.0232 0.0182 0.0476 0.0978 0.0234 0.0521 0.6846 0.0294 
        D895  2 0.0352 0.0455 0.2324 0.1559 0.0701 0.1256 0.0390 0.2586 0.0377 
        D896  2 0.4371 0.0501 0.2582 0.0342 0.0207 0.1281 0.0221 0.0228 0.0267 
        D897  2 0.0820 0.0306 0.0888 0.2020 0.0529 0.0381 0.2821 0.0310 0.1924 
        D898  2 0.3292 0.0383 0.1475 0.1755 0.0765 0.0422 0.0330 0.0499 0.1078 
        D918  2 0.1387 0.0631 0.0667 0.1743 0.1176 0.1280 0.0784 0.0398 0.1934 
        D919  2 0.0528 0.0250 0.0262 0.1300 0.3943 0.0539 0.1257 0.1490 0.0429 
        D920  2 0.0688 0.0741 0.0393 0.0418 0.0506 0.6013 0.0369 0.0334 0.0537 
        D923  2 0.0325 0.0261 0.0314 0.0685 0.1147 0.0274 0.0300 0.6398 0.0297 
        D930  2 0.0712 0.1009 0.1671 0.1281 0.1367 0.0272 0.0407 0.2101 0.1181 
        D931  2 0.0563 0.0540 0.0423 0.0722 0.2895 0.0564 0.1244 0.2545 0.0503 
        D968  2 0.0253 0.0123 0.0194 0.0271 0.0222 0.0162 0.8274 0.0220 0.0280 
        D969  2 0.0515 0.0514 0.0456 0.1544 0.0505 0.0377 0.2274 0.2581 0.1234 
        D977  2 0.0260 0.0229 0.0348 0.0588 0.0298 0.0229 0.6632 0.0367 0.1050 
        D978  2 0.0512 0.0401 0.1120 0.1819 0.0408 0.0287 0.1329 0.0319 0.3804 
        D211  3 0.0219 0.0252 0.0903 0.0606 0.0402 0.4136 0.0209 0.0758 0.2515 
     D229639  3 0.0487 0.1395 0.1104 0.0699 0.0302 0.0281 0.2616 0.0882 0.2234 
     D237212  3 0.0500 0.0312 0.1038 0.0985 0.2631 0.0790 0.1168 0.0871 0.1704 
     D237213  3 0.1054 0.0228 0.3814 0.1082 0.1070 0.0867 0.0380 0.0351 0.1154 
     D237214  3 0.0325 0.0327 0.0156 0.0576 0.0236 0.7761 0.0144 0.0257 0.0217 
     D237215  3 0.1650 0.0854 0.0557 0.0436 0.0252 0.0192 0.5353 0.0177 0.0531 
     D237216  3 0.0256 0.0236 0.1033 0.5158 0.0431 0.0937 0.0272 0.0437 0.1240 
     D237217  3 0.0299 0.0217 0.1175 0.3377 0.0258 0.2241 0.0436 0.0914 0.1083 
     D237218  3 0.0185 0.0565 0.0417 0.0761 0.1164 0.0302 0.0645 0.0598 0.5363 
     D237219  3 0.0520 0.0737 0.4795 0.0992 0.0259 0.0887 0.0328 0.0294 0.1190 
     D237382  3 0.4290 0.1209 0.0526 0.0819 0.0398 0.0468 0.0475 0.0970 0.0845 
     D244127  3 0.2454 0.0239 0.2394 0.1288 0.0390 0.1150 0.1130 0.0271 0.0683 
     D244129  3 0.1359 0.0514 0.1271 0.1315 0.0828 0.1679 0.1013 0.1222 0.0798 
     D244133  3 0.0605 0.0950 0.4261 0.0976 0.0150 0.0637 0.1132 0.0730 0.0558 
     D244134  3 0.0242 0.2420 0.3636 0.0648 0.0324 0.0490 0.0656 0.0346 0.1239 
     D244135  3 0.0224 0.0183 0.0626 0.0691 0.0283 0.6531 0.0511 0.0500 0.0450 
     D244136  3 0.0648 0.1631 0.2362 0.1369 0.0352 0.0626 0.0920 0.1585 0.0508 
        D416  3 0.0381 0.0314 0.3166 0.1710 0.0559 0.0710 0.0909 0.0795 0.1457 
        D417  3 0.0831 0.0349 0.0323 0.0664 0.0304 0.0345 0.0172 0.5549 0.1463 
        D419  3 0.0510 0.0659 0.2208 0.1576 0.0523 0.0729 0.0880 0.1211 0.1704 
        D565  3 0.0220 0.7370 0.0615 0.0288 0.0197 0.0226 0.0191 0.0558 0.0336 
        D566  3 0.0641 0.2862 0.1168 0.0917 0.0239 0.0328 0.1790 0.0796 0.1259 
        D567  3 0.0361 0.0259 0.0904 0.0691 0.0649 0.0959 0.0349 0.5403 0.0425 
        D568  3 0.0688 0.0237 0.0731 0.1254 0.1786 0.1209 0.1182 0.1583 0.1330 
        D569  3 0.0617 0.0477 0.0334 0.1120 0.5005 0.0802 0.0839 0.0234 0.0573 
        D573  3 0.0265 0.0298 0.0286 0.0619 0.0278 0.0290 0.5484 0.1405 0.1076 
        D574  3 0.1934 0.2702 0.1055 0.1297 0.0552 0.0628 0.0499 0.0464 0.0868 
        D575  3 0.0154 0.0301 0.8186 0.0290 0.0205 0.0239 0.0215 0.0219 0.0191 
        D576  3 0.0960 0.0304 0.0699 0.0534 0.0274 0.0458 0.6206 0.0092 0.0473 
        D577  3 0.0496 0.0258 0.1558 0.0910 0.0601 0.1090 0.0270 0.3968 0.0849 
        D578  3 0.0305 0.0181 0.0184 0.0438 0.0189 0.8068 0.0278 0.0152 0.0205 
        D579  3 0.0397 0.1655 0.1199 0.0989 0.1432 0.0615 0.0808 0.1520 0.1386 
        D660  3 0.0921 0.0187 0.0996 0.1601 0.0801 0.0768 0.3652 0.0212 0.0862 
        D661  3 0.0339 0.0200 0.0360 0.0839 0.0761 0.0498 0.1446 0.0347 0.5211 
        D663  3 0.0522 0.0296 0.0280 0.1838 0.0494 0.0327 0.3830 0.0487 0.1927 
        D664  3 0.0970 0.0673 0.3091 0.1359 0.0400 0.1389 0.1101 0.0206 0.0811 
        D665  3 0.1731 0.0171 0.1650 0.2308 0.1200 0.1450 0.0530 0.0214 0.0747 
        D666  3 0.0313 0.0413 0.7266 0.0412 0.0251 0.0360 0.0254 0.0355 0.0375 
        D009  4 0.0923 0.0375 0.0601 0.1548 0.1165 0.1671 0.0236 0.1279 0.2202 
        D057  4 0.0269 0.0326 0.0147 0.0411 0.3606 0.2516 0.1563 0.0512 0.0650 
        D109  4 0.1100 0.0439 0.4523 0.1142 0.0346 0.1182 0.0217 0.0441 0.0609 
     D237222  4 0.1048 0.1301 0.0235 0.0535 0.0369 0.5364 0.0337 0.0453 0.0359 
     D237223  4 0.1209 0.1416 0.0531 0.1563 0.0587 0.1099 0.0730 0.0361 0.2505 
     D237224  4 0.0440 0.0342 0.1329 0.0972 0.2090 0.0591 0.1793 0.1444 0.0998 
     D237225  4 0.0636 0.0493 0.0625 0.2520 0.0768 0.1247 0.0335 0.1268 0.2107 
     D237299  4 0.1845 0.0407 0.0258 0.1165 0.0226 0.0292 0.0212 0.0191 0.5403 
     D237300  4 0.0241 0.0443 0.1969 0.0739 0.0237 0.0265 0.3173 0.0186 0.2747 
     D237306  4 0.1533 0.4771 0.0238 0.0595 0.0530 0.0352 0.0261 0.0862 0.0858 
     D237307  4 0.0649 0.1695 0.1299 0.0823 0.0239 0.0474 0.0559 0.3292 0.0971 
     D237308  4 0.0507 0.0838 0.0805 0.0755 0.2646 0.0793 0.2867 0.0412 0.0377 
     D237309  4 0.1050 0.0274 0.0527 0.3007 0.0998 0.1312 0.0434 0.1512 0.0886 
     D237317  4 0.0562 0.3280 0.0735 0.2032 0.0487 0.0795 0.0295 0.1386 0.0427 
     D237318  4 0.0224 0.0307 0.0351 0.0581 0.0153 0.0168 0.5244 0.0287 0.2684 
     D237319  4 0.2501 0.0422 0.0399 0.1783 0.0331 0.1653 0.0515 0.0521 0.1875 
     D237320  4 0.0867 0.0354 0.0394 0.0796 0.0371 0.1030 0.1161 0.0739 0.4289 
     D237321  4 0.0645 0.0623 0.1214 0.0813 0.0314 0.0440 0.2884 0.0693 0.2374 
     D237397  4 0.0738 0.1782 0.0463 0.0830 0.0330 0.0732 0.0890 0.0552 0.3683 
     D237398  4 0.0332 0.0288 0.0240 0.1253 0.0563 0.0394 0.1489 0.0694 0.4747 
     D237399  4 0.0980 0.2324 0.0336 0.0697 0.0581 0.1297 0.0733 0.1069 0.1983 
     D244001  4 0.1152 0.0394 0.0277 0.1155 0.0710 0.4484 0.0840 0.0344 0.0644 
        D289  4 0.0295 0.2517 0.0294 0.0794 0.2799 0.0637 0.0872 0.0887 0.0906 
        D290  4 0.4792 0.0369 0.0182 0.1056 0.0418 0.0514 0.0362 0.0994 0.1313 
        D294  4 0.0577 0.0347 0.0309 0.1520 0.2870 0.0552 0.0337 0.1040 0.2448 
        D295  4 0.1364 0.0589 0.1436 0.0812 0.0862 0.0625 0.0416 0.2787 0.1108 
        D301  4 0.1406 0.0625 0.0592 0.0561 0.0301 0.4938 0.0393 0.0242 0.0942 
        D302  4 0.0382 0.0176 0.0159 0.0408 0.7515 0.0354 0.0134 0.0610 0.0262 
        D303  4 0.0729 0.5015 0.0542 0.0602 0.1007 0.0383 0.0477 0.0478 0.0767 
        D304  4 0.2596 0.0796 0.0456 0.1861 0.0380 0.0588 0.0401 0.1140 0.1783 
        D305  4 0.0574 0.0142 0.0332 0.3423 0.3615 0.0504 0.0826 0.0253 0.0332 
        D306  4 0.4271 0.0468 0.0287 0.2874 0.0316 0.0575 0.0177 0.0559 0.0474 
        D307  4 0.0286 0.0757 0.0419 0.0391 0.0456 0.6810 0.0250 0.0217 0.0414 
        D327  4 0.0474 0.0764 0.0516 0.0943 0.0496 0.0361 0.0481 0.5324 0.0640 
        D328  4 0.1462 0.1184 0.0451 0.0610 0.5035 0.0301 0.0239 0.0264 0.0453 
        D329  4 0.0578 0.0607 0.0477 0.1383 0.2684 0.0803 0.0934 0.1031 0.1502 
        D330  4 0.2148 0.0157 0.0563 0.1207 0.1058 0.0971 0.0597 0.2722 0.0577 
        D331  4 0.2710 0.0957 0.0632 0.1097 0.0417 0.0728 0.0493 0.1709 0.1257 
        D333  4 0.1270 0.0769 0.0907 0.0996 0.2293 0.0697 0.0562 0.0703 0.1802 
        D334  4 0.0394 0.5534 0.0321 0.0484 0.0558 0.0756 0.0245 0.0734 0.0976 
        D335  4 0.0903 0.0393 0.0289 0.0624 0.5658 0.0327 0.0321 0.1255 0.0229 
        D370  4 0.6098 0.0531 0.0842 0.0599 0.0494 0.0411 0.0361 0.0306 0.0358 
        D371  4 0.0495 0.6158 0.0516 0.0481 0.0252 0.0189 0.0363 0.1254 0.0293 
        D372  4 0.1604 0.0390 0.0456 0.1944 0.0203 0.0196 0.1506 0.0149 0.3551 
        D373  4 0.0228 0.0279 0.0638 0.0575 0.0636 0.5731 0.0896 0.0396 0.0621 
        D455  4 0.0243 0.0326 0.0225 0.0257 0.0871 0.7082 0.0280 0.0350 0.0365 
        D490  4 0.0211 0.0257 0.0286 0.0265 0.0387 0.7421 0.0111 0.0278 0.0783 
        D497  4 0.0347 0.0236 0.0502 0.0621 0.0706 0.6345 0.0232 0.0174 0.0836 
        D498  4 0.4452 0.0838 0.0485 0.1092 0.0323 0.0573 0.0476 0.0656 0.1104 
        D499  4 0.0969 0.0903 0.1165 0.1704 0.1396 0.0249 0.1626 0.0288 0.1700 
        D514  4 0.1832 0.0208 0.0868 0.1506 0.1490 0.0564 0.0408 0.2556 0.0570 
        D515  4 0.2588 0.0363 0.0286 0.0923 0.0664 0.0602 0.0337 0.0628 0.3609 
        D516  4 0.0939 0.0705 0.3731 0.0976 0.0265 0.0680 0.0824 0.1219 0.0661 
        D517  4 0.0297 0.0251 0.0432 0.1590 0.0361 0.5225 0.0423 0.0645 0.0776 
        D518  4 0.0544 0.0581 0.0176 0.0509 0.5150 0.1881 0.0252 0.0374 0.0533 
        D519  4 0.1041 0.0346 0.0320 0.0567 0.0235 0.0528 0.0403 0.0456 0.6105 
        D560  4 0.1051 0.0179 0.0235 0.0549 0.0334 0.0272 0.0473 0.0868 0.6037 
        D561  4 0.1835 0.0200 0.0223 0.2796 0.0640 0.2016 0.0707 0.1083 0.0501 
        D562  4 0.1308 0.0590 0.0420 0.1250 0.1614 0.2759 0.0700 0.0485 0.0874 
        D563  4 0.0580 0.0238 0.0517 0.1370 0.1662 0.0789 0.3523 0.0293 0.1027 
        D572  4 0.0416 0.0274 0.0222 0.0425 0.6992 0.0504 0.0283 0.0484 0.0399 
        D629  4 0.0225 0.0251 0.2750 0.0955 0.0774 0.2225 0.0312 0.1928 0.0579 
        D630  4 0.1421 0.0658 0.0245 0.0988 0.1272 0.1864 0.0475 0.0906 0.2172 
        D631  4 0.0322 0.0200 0.0187 0.0396 0.7008 0.0348 0.0528 0.0266 0.0744 
        D632  4 0.0402 0.0207 0.1020 0.0724 0.1918 0.3535 0.1248 0.0580 0.0366 
        D646  4 0.1461 0.0409 0.0333 0.1797 0.0412 0.0611 0.0656 0.1598 0.2724 
        D647  4 0.1942 0.0183 0.0256 0.0587 0.0762 0.1108 0.0704 0.3760 0.0697 
        D648  4 0.2072 0.0633 0.0330 0.0347 0.5537 0.0267 0.0192 0.0184 0.0439 
        D649  4 0.0701 0.0273 0.1982 0.0735 0.1652 0.0752 0.0245 0.3190 0.0468 
        D650  4 0.0603 0.1115 0.0799 0.1012 0.1180 0.0835 0.0295 0.1699 0.2462 
        D708  4 0.0526 0.1578 0.1253 0.0843 0.3048 0.0454 0.0249 0.0451 0.1598 
        D709  4 0.6374 0.0336 0.0791 0.1004 0.0434 0.0232 0.0230 0.0277 0.0323 
        D738  4 0.0871 0.5686 0.0297 0.0389 0.0326 0.0712 0.0213 0.0808 0.0698 
        D739  4 0.1494 0.0408 0.0452 0.1432 0.0972 0.2695 0.0357 0.0357 0.1833 
        D740  4 0.0499 0.1568 0.1460 0.2244 0.0645 0.0557 0.0461 0.0281 0.2286 
        D741  4 0.1049 0.0253 0.0271 0.1910 0.0359 0.0481 0.1616 0.1309 0.2752 
        D742  4 0.0386 0.1001 0.0495 0.0963 0.0914 0.0647 0.2595 0.0449 0.2550 
        D743  4 0.0237 0.0228 0.0263 0.0475 0.3906 0.0288 0.0520 0.3665 0.0419 
        D744  4 0.0192 0.0199 0.0198 0.0234 0.8089 0.0262 0.0243 0.0261 0.0321 
        D745  4 0.1241 0.0272 0.0403 0.0566 0.0412 0.0912 0.0259 0.0334 0.5601 
        D814  4 0.0547 0.0247 0.0273 0.2972 0.0808 0.0908 0.1101 0.0317 0.2826 
        D815  4 0.2299 0.0385 0.0734 0.0627 0.3786 0.0306 0.0373 0.1193 0.0297 
        D828  4 0.5283 0.0837 0.0423 0.0603 0.1240 0.0259 0.0499 0.0116 0.0740 
        D845  4 0.0183 0.0774 0.0377 0.0442 0.0337 0.0206 0.4181 0.0348 0.3154 
        D846  4 0.0571 0.0146 0.0438 0.1159 0.3226 0.1886 0.1060 0.1158 0.0356 
        D847  4 0.0589 0.1086 0.0472 0.1048 0.0562 0.2250 0.0595 0.1141 0.2257 
        D848  4 0.0240 0.0217 0.0236 0.0377 0.0339 0.6346 0.1258 0.0223 0.0765 
        D849  4 0.1383 0.0250 0.1014 0.1569 0.0671 0.2475 0.0373 0.0421 0.1844 
        D850  4 0.0300 0.1119 0.0511 0.2257 0.0633 0.1922 0.1007 0.1288 0.0962 
        D856  4 0.3217 0.0421 0.0958 0.2176 0.0620 0.0900 0.0343 0.0565 0.0800 
        D857  4 0.4632 0.0281 0.1959 0.0487 0.0302 0.1372 0.0495 0.0091 0.0381 
        D859  4 0.0464 0.0281 0.0257 0.0685 0.5776 0.0323 0.0434 0.0756 0.1024 
        D860  4 0.0327 0.4539 0.0379 0.0684 0.0949 0.0404 0.1370 0.0833 0.0514 
        D883  4 0.0882 0.0740 0.1544 0.1097 0.0812 0.1781 0.0359 0.1924 0.0860 
        D884  4 0.1963 0.1101 0.0953 0.0908 0.0939 0.0615 0.0200 0.0704 0.2617 
        D885  4 0.0297 0.0275 0.0728 0.1648 0.0462 0.0370 0.0622 0.0762 0.4836 
        D886  4 0.3478 0.0279 0.0385 0.0703 0.0676 0.1895 0.0454 0.1489 0.0640 
        D887  4 0.0729 0.0490 0.0748 0.1143 0.1240 0.0510 0.1357 0.1075 0.2707 
        D889  4 0.2154 0.0260 0.0277 0.1317 0.0699 0.0253 0.0725 0.0550 0.3765 
        D890  4 0.1268 0.0920 0.3626 0.0876 0.1210 0.0894 0.0428 0.0382 0.0395 
        D891  4 0.0154 0.0231 0.0327 0.0365 0.0137 0.0163 0.4903 0.0192 0.3528 
        D899  4 0.0678 0.0770 0.0518 0.0786 0.1188 0.0347 0.4219 0.0362 0.1132 
        D900  4 0.1537 0.0853 0.0475 0.1747 0.1253 0.1278 0.0843 0.1092 0.0921 
        D970  4 0.0467 0.0571 0.0660 0.1206 0.2891 0.0965 0.0653 0.1645 0.0942 
        D971  4 0.0831 0.0732 0.0503 0.0996 0.1627 0.0457 0.3742 0.0850 0.0262 
        D979  4 0.0545 0.0395 0.0333 0.0712 0.4096 0.0311 0.0388 0.2847 0.0374 
        D093  5 0.0331 0.6740 0.0312 0.0289 0.0275 0.0335 0.0278 0.0463 0.0977 
        D154  5 0.0977 0.0461 0.2160 0.1550 0.0341 0.0226 0.1638 0.0292 0.2356 
        D168  5 0.0631 0.0172 0.2283 0.1627 0.0358 0.0988 0.1662 0.0597 0.1683 
        D189  5 0.1379 0.4060 0.0264 0.0766 0.0359 0.0328 0.0797 0.0447 0.1602 
        D190  5 0.0540 0.5527 0.1539 0.0442 0.0670 0.0196 0.0260 0.0302 0.0525 
     D237220  5 0.0706 0.1512 0.0450 0.1084 0.1060 0.1370 0.0300 0.0312 0.3205 
     D237221  5 0.0504 0.2612 0.1325 0.0803 0.0960 0.0417 0.1088 0.0827 0.1463 
     D237274  5 0.1045 0.0218 0.0331 0.1255 0.1580 0.0324 0.0681 0.4221 0.0345 
     D237275  5 0.1721 0.0355 0.0360 0.0629 0.0180 0.0286 0.5688 0.0211 0.0569 
     D237276  5 0.1499 0.1983 0.1467 0.0770 0.0576 0.0693 0.0340 0.0929 0.1743 
     D237277  5 0.0378 0.4125 0.1982 0.0597 0.0710 0.0201 0.0608 0.0305 0.1094 
     D237278  5 0.0661 0.1712 0.0470 0.1069 0.0975 0.0798 0.2552 0.0572 0.1191 
     D237279  5 0.0586 0.0233 0.2079 0.3450 0.0701 0.1572 0.0282 0.0674 0.0422 
     D237280  5 0.0368 0.0469 0.5546 0.0768 0.0588 0.0979 0.0218 0.0717 0.0348 
     D237281  5 0.0229 0.0278 0.0190 0.0461 0.0260 0.0190 0.6628 0.0490 0.1274 
     D237351  5 0.0274 0.0302 0.7740 0.0272 0.0175 0.0536 0.0151 0.0163 0.0388 
     D237352  5 0.0540 0.0624 0.1009 0.0770 0.2319 0.3256 0.0550 0.0675 0.0257 
     D237353  5 0.0389 0.4720 0.3092 0.0332 0.0519 0.0155 0.0237 0.0220 0.0336 
     D237359  5 0.0397 0.0544 0.0506 0.0968 0.0592 0.0766 0.0336 0.0411 0.5481 
     D237361  5 0.0331 0.7665 0.0522 0.0324 0.0242 0.0206 0.0204 0.0279 0.0227 
     D237362  5 0.0271 0.0580 0.6045 0.0697 0.0371 0.0321 0.0374 0.0808 0.0533 
     D237363  5 0.0903 0.0483 0.0926 0.5282 0.0244 0.0279 0.1076 0.0385 0.0423 
     D237364  5 0.0844 0.0159 0.0417 0.1278 0.0971 0.0636 0.0706 0.0702 0.4287 
     D237376  5 0.5072 0.1021 0.0343 0.0428 0.1631 0.0202 0.0474 0.0160 0.0668 
     D237377  5 0.0299 0.1028 0.4778 0.1082 0.0615 0.0575 0.0384 0.0915 0.0325 
     D237378  5 0.1027 0.4079 0.0551 0.0675 0.0983 0.0439 0.0749 0.0264 0.1233 
     D237379  5 0.0977 0.2244 0.0293 0.0932 0.2939 0.0533 0.0411 0.0303 0.1368 
     D237380  5 0.4946 0.0537 0.1151 0.0620 0.0880 0.1042 0.0171 0.0264 0.0389 
     D237381  5 0.1883 0.0815 0.0745 0.1078 0.1302 0.2641 0.0603 0.0523 0.0410 
     D237391  5 0.0188 0.7462 0.0407 0.0353 0.0317 0.0237 0.0198 0.0351 0.0487 
     D237392  5 0.1666 0.0276 0.0699 0.1283 0.0588 0.0391 0.2214 0.2542 0.0341 
     D237393  5 0.0683 0.1404 0.1469 0.0721 0.0473 0.0564 0.0613 0.3681 0.0391 
     D237394  5 0.0181 0.7163 0.1178 0.0314 0.0333 0.0247 0.0143 0.0243 0.0197 
     D237395  5 0.1013 0.2412 0.1186 0.0981 0.0288 0.0519 0.0455 0.0363 0.2785 
     D237396  5 0.0214 0.1885 0.0542 0.1424 0.0597 0.1116 0.0803 0.2986 0.0434 
     D244016  5 0.0448 0.1419 0.2864 0.2059 0.1935 0.0240 0.0448 0.0256 0.0331 
     D244018  5 0.0337 0.2633 0.0566 0.1333 0.0255 0.0791 0.2633 0.0679 0.0774 
     D244019  5 0.0735 0.0362 0.3470 0.2175 0.0766 0.0261 0.0827 0.0668 0.0735 
        D279  5 0.0230 0.0512 0.0661 0.0703 0.0454 0.0254 0.0432 0.0352 0.6402 
        D280  5 0.0632 0.1674 0.1817 0.1803 0.0369 0.0903 0.0551 0.1103 0.1149 
        D281  5 0.0469 0.0981 0.0285 0.1106 0.0374 0.0204 0.3701 0.0328 0.2553 
        D283  5 0.0201 0.3607 0.1731 0.1073 0.0344 0.0245 0.0396 0.1740 0.0664 
        D284  5 0.1621 0.0365 0.0743 0.1396 0.0391 0.1772 0.0503 0.0564 0.2645 
        D285  5 0.0596 0.3483 0.0625 0.1038 0.0755 0.0261 0.0282 0.0813 0.2146 
        D286  5 0.1661 0.1900 0.0570 0.1071 0.1221 0.0641 0.0275 0.0894 0.1766 
        D287  5 0.4021 0.1347 0.0585 0.0727 0.1669 0.0510 0.0225 0.0192 0.0722 
        D288  5 0.0285 0.0667 0.3913 0.1550 0.0317 0.0290 0.0534 0.1859 0.0585 
        D308  5 0.1166 0.0325 0.5233 0.0559 0.0270 0.0868 0.0272 0.0981 0.0327 
        D309  5 0.0246 0.0218 0.0178 0.0444 0.7923 0.0397 0.0156 0.0253 0.0185 
        D310  5 0.0337 0.6876 0.0427 0.1261 0.0207 0.0165 0.0190 0.0197 0.0341 
        D311  5 0.1654 0.0837 0.1889 0.1458 0.1777 0.0356 0.0311 0.0811 0.0906 
        D312  5 0.1056 0.1331 0.1196 0.0977 0.2384 0.0887 0.0450 0.1034 0.0686 
        D313  5 0.1124 0.0467 0.2692 0.0315 0.0137 0.4678 0.0147 0.0178 0.0262 
        D314  5 0.0900 0.0530 0.1641 0.1233 0.0470 0.0473 0.0428 0.0272 0.4052 
        D315  5 0.0742 0.1829 0.1298 0.1181 0.0494 0.0962 0.0501 0.2494 0.0500 
        D317  5 0.0582 0.6994 0.0381 0.0397 0.0170 0.0215 0.0241 0.0677 0.0341 
        D318  5 0.0980 0.0617 0.0629 0.1794 0.2126 0.1296 0.0948 0.0822 0.0787 
        D319  5 0.0328 0.7862 0.0307 0.0293 0.0232 0.0179 0.0181 0.0249 0.0368 
        D320  5 0.0607 0.5886 0.0649 0.0554 0.0718 0.0346 0.0224 0.0404 0.0611 
        D321  5 0.0330 0.0454 0.6741 0.0377 0.0200 0.0632 0.0284 0.0529 0.0452 
        D336  5 0.1714 0.6035 0.0157 0.0624 0.0457 0.0266 0.0168 0.0264 0.0315 
        D337  5 0.0243 0.7255 0.0422 0.0408 0.0318 0.0165 0.0444 0.0308 0.0438 
        D338  5 0.0399 0.1579 0.0426 0.0980 0.0346 0.0381 0.0377 0.1682 0.3830 
        D339  5 0.0492 0.5680 0.0692 0.0676 0.0204 0.0358 0.0484 0.0493 0.0920 
        D347  5 0.5150 0.0470 0.0167 0.1232 0.0798 0.0383 0.0827 0.0590 0.0382 
        D348  5 0.0575 0.6342 0.0146 0.0535 0.1259 0.0227 0.0306 0.0349 0.0260 
        D349  5 0.0457 0.0322 0.7803 0.0155 0.0207 0.0577 0.0157 0.0146 0.0174 
        D350  5 0.0218 0.0225 0.0238 0.0305 0.7828 0.0192 0.0198 0.0222 0.0575 
        D355  5 0.0973 0.0334 0.0352 0.2592 0.0688 0.0178 0.2395 0.0914 0.1573 
        D356  5 0.0950 0.2444 0.0534 0.0878 0.0591 0.1427 0.0282 0.2076 0.0817 
        D357  5 0.3779 0.0578 0.0458 0.1893 0.0643 0.0427 0.0402 0.0676 0.1144 
        D358  5 0.0751 0.3665 0.0416 0.1644 0.1285 0.0686 0.0483 0.0476 0.0595 
        D359  5 0.0405 0.3937 0.0438 0.0897 0.1020 0.0178 0.0215 0.2568 0.0341 
        D360  5 0.0651 0.4365 0.0540 0.0804 0.0389 0.1335 0.0236 0.1067 0.0613 
        D361  5 0.0818 0.0263 0.6714 0.0338 0.0174 0.0880 0.0224 0.0316 0.0274 
        D366  5 0.0354 0.0265 0.0307 0.0699 0.0254 0.0311 0.3641 0.3748 0.0421 
        D367  5 0.1249 0.3886 0.0459 0.1632 0.0971 0.0387 0.0169 0.0254 0.0992 
        D368  5 0.0470 0.0927 0.5009 0.1071 0.0384 0.0307 0.0245 0.0759 0.0828 
        D380  5 0.0348 0.0403 0.0835 0.1923 0.4213 0.0499 0.0530 0.0496 0.0753 
        D381  5 0.0324 0.4837 0.0292 0.1633 0.0677 0.0216 0.0527 0.0758 0.0734 
        D400  5 0.1403 0.2560 0.0429 0.1027 0.1181 0.0412 0.1093 0.0782 0.1112 
        D411  5 0.0853 0.0163 0.0563 0.0567 0.0270 0.6444 0.0380 0.0210 0.0550 
        D412  5 0.1539 0.0703 0.0529 0.3300 0.0538 0.1251 0.0848 0.0726 0.0567 
        D413  5 0.0235 0.0251 0.0922 0.0772 0.0721 0.0693 0.4780 0.1064 0.0561 
        D414  5 0.0716 0.0230 0.0231 0.0727 0.5295 0.0246 0.0846 0.0325 0.1383 
        D420  5 0.1519 0.0467 0.0712 0.1173 0.0247 0.3134 0.0528 0.0251 0.1967 
        D431  5 0.1475 0.0492 0.2644 0.1223 0.1512 0.0446 0.0388 0.0184 0.1636 
        D432  5 0.0603 0.4345 0.0563 0.0884 0.0413 0.0954 0.0636 0.0987 0.0614 
        D433  5 0.0918 0.3845 0.2353 0.0477 0.0320 0.0288 0.0582 0.0607 0.0611 
        D434  5 0.1182 0.3958 0.1065 0.1120 0.0389 0.0395 0.0331 0.0888 0.0673 
        D440  5 0.0290 0.0351 0.0219 0.0448 0.7560 0.0175 0.0158 0.0229 0.0570 
        D447  5 0.0837 0.0271 0.0202 0.2549 0.1380 0.1812 0.0645 0.1675 0.0629 
        D448  5 0.3174 0.2961 0.0485 0.1008 0.0638 0.0240 0.0382 0.0610 0.0503 
        D459  5 0.0335 0.0289 0.0161 0.0574 0.0641 0.0233 0.5882 0.0672 0.1213 
        D460  5 0.0558 0.0425 0.6661 0.0285 0.0214 0.0761 0.0208 0.0647 0.0241 
        D461  5 0.0173 0.0213 0.0365 0.0259 0.7892 0.0190 0.0190 0.0486 0.0234 
        D468  5 0.0762 0.0580 0.4208 0.1518 0.0315 0.0393 0.0379 0.1082 0.0764 
        D469  5 0.0434 0.0656 0.1420 0.0671 0.0643 0.0526 0.0268 0.4280 0.1101 
        D470  5 0.1530 0.0696 0.1651 0.1130 0.1189 0.1409 0.0293 0.0715 0.1387 
        D471  5 0.1807 0.4178 0.0601 0.0619 0.0485 0.0138 0.0404 0.0664 0.1103 
        D472  5 0.0205 0.0205 0.0347 0.0299 0.0224 0.0227 0.1654 0.6543 0.0296 
        D479  5 0.1172 0.0238 0.0445 0.0617 0.1323 0.0324 0.5262 0.0359 0.0260 
        D485  5 0.4369 0.0405 0.0299 0.0728 0.2617 0.0477 0.0450 0.0267 0.0388 
        D486  5 0.2348 0.0559 0.1839 0.1506 0.0538 0.1295 0.0442 0.0710 0.0763 
        D487  5 0.0562 0.1654 0.0307 0.1325 0.1208 0.0352 0.0992 0.0305 0.3295 
        D555  5 0.0533 0.7101 0.0297 0.0368 0.0244 0.0289 0.0626 0.0254 0.0288 
        D556  5 0.0368 0.0558 0.4275 0.0699 0.1747 0.0301 0.0390 0.0350 0.1311 
