        D174  1 0.0835 0.0716 0.0714 0.1302 0.0523 0.0324 0.4859 0.0726 
        D199  1 0.0900 0.0792 0.1141 0.0257 0.1863 0.1045 0.1595 0.2406 
        D203  1 0.0783 0.0754 0.0550 0.1898 0.1554 0.1136 0.0664 0.2660 
        D204  1 0.0218 0.0635 0.0470 0.0356 0.0592 0.0271 0.0244 0.7213 
     D237366  1 0.4962 0.0737 0.0923 0.0465 0.0521 0.0895 0.0792 0.0704 
     D237367  1 0.2551 0.0678 0.1754 0.0834 0.1112 0.0292 0.0440 0.2339 
     D237368  1 0.3898 0.0491 0.0663 0.0526 0.1233 0.0300 0.1205 0.1683 
     D244101  1 0.0232 0.1929 0.1741 0.0364 0.1257 0.1399 0.0238 0.2841 
     D244102  1 0.1201 0.3203 0.1271 0.1390 0.0635 0.0915 0.0545 0.0839 
     D244103  1 0.1359 0.0893 0.3718 0.0886 0.0577 0.0605 0.0539 0.1424 
     D244104  1 0.0391 0.0176 0.0346 0.0225 0.0437 0.0477 0.1035 0.6914 
     D244105  1 0.3548 0.0367 0.1467 0.2966 0.0301 0.0505 0.0193 0.0653 
     D244106  1 0.0269 0.0525 0.0711 0.0831 0.0843 0.0696 0.5329 0.0796 
     D244107  1 0.3766 0.0380 0.1389 0.1573 0.1641 0.0273 0.0209 0.0770 
     D244108  1 0.0439 0.0720 0.0739 0.2946 0.0439 0.0412 0.3363 0.0941 
     D244113  1 0.0387 0.4150 0.0666 0.0305 0.0450 0.0235 0.3535 0.0272 
     D244114  1 0.0699 0.0632 0.2598 0.1283 0.0954 0.2128 0.0891 0.0814 
     D244115  1 0.0654 0.0432 0.1409 0.2214 0.0297 0.0462 0.3130 0.1403 
     D267365  1 0.0811 0.0442 0.0704 0.0297 0.0349 0.1558 0.1652 0.4187 
        D404  1 0.0260 0.5399 0.0619 0.0721 0.0352 0.0286 0.2081 0.0282 
        D405  1 0.0436 0.4379 0.0862 0.0864 0.1004 0.0590 0.0791 0.1074 
        D406  1 0.6550 0.0339 0.0364 0.0827 0.0194 0.0255 0.0533 0.0937 
        D407  1 0.1570 0.0275 0.2292 0.0281 0.1796 0.0282 0.0430 0.3074 
        D408  1 0.0270 0.0897 0.1063 0.0444 0.0202 0.1633 0.4893 0.0599 
        D409  1 0.0503 0.0450 0.5252 0.0702 0.0458 0.1129 0.0492 0.1014 
        D410  1 0.0317 0.0333 0.0398 0.7599 0.0167 0.0178 0.0268 0.0739 
        D421  1 0.0234 0.0118 0.0340 0.0128 0.0691 0.0204 0.0240 0.8045 
        D422  1 0.7509 0.0181 0.0519 0.0367 0.0346 0.0371 0.0153 0.0554 
        D423  1 0.0542 0.0226 0.0413 0.7235 0.0697 0.0182 0.0177 0.0529 
        D424  1 0.0955 0.0298 0.1695 0.0382 0.0303 0.0224 0.0589 0.5554 
        D425  1 0.0553 0.0782 0.1682 0.1263 0.0371 0.0509 0.1358 0.3482 
        D426  1 0.0692 0.0192 0.5949 0.0207 0.0492 0.1801 0.0303 0.0365 
        D427  1 0.0343 0.0133 0.0257 0.0209 0.3788 0.0291 0.2026 0.2954 
        D428  1 0.1156 0.1190 0.1861 0.0836 0.0673 0.0424 0.1917 0.1943 
        D429  1 0.0443 0.0915 0.0845 0.0707 0.0492 0.0880 0.2056 0.3663 
        D430  1 0.0656 0.1020 0.2798 0.0793 0.0948 0.1601 0.1413 0.0771 
        D491  1 0.0268 0.0439 0.0592 0.0435 0.0166 0.0414 0.6825 0.0860 
        D492  1 0.1060 0.1392 0.1668 0.0893 0.0835 0.0390 0.1401 0.2361 
        D537  1 0.0885 0.0776 0.1707 0.0578 0.0546 0.0193 0.0327 0.4989 
        D538  1 0.1507 0.1935 0.1177 0.1457 0.1428 0.0463 0.1251 0.0782 
        D539  1 0.0744 0.1047 0.0733 0.1040 0.0661 0.3677 0.1540 0.0558 
        D540  1 0.0843 0.0504 0.3011 0.0780 0.0401 0.0894 0.0436 0.3130 
        D541  1 0.0229 0.0166 0.0198 0.0186 0.0243 0.0201 0.0177 0.8599 
        D551  1 0.0764 0.0346 0.3414 0.0372 0.2183 0.1900 0.0460 0.0560 
        D552  1 0.1175 0.0326 0.1084 0.1624 0.0570 0.0716 0.2346 0.2158 
        D553  1 0.0211 0.0138 0.0199 0.0161 0.0143 0.0242 0.0196 0.8709 
        D615  1 0.0554 0.0553 0.0742 0.1282 0.0863 0.0810 0.0821 0.4375 
        D616  1 0.1063 0.0300 0.1287 0.1623 0.1674 0.0819 0.0885 0.2350 
        D621  1 0.3011 0.1681 0.0929 0.1694 0.0428 0.0503 0.1494 0.0261 
        D622  1 0.5189 0.0380 0.0799 0.1929 0.0311 0.0431 0.0580 0.0381 
        D623  1 0.0242 0.4038 0.0759 0.0664 0.1498 0.0390 0.2054 0.0355 
        D624  1 0.0351 0.0209 0.0377 0.0335 0.0202 0.0324 0.7664 0.0538 
        D625  1 0.0569 0.0372 0.0906 0.0529 0.0252 0.0285 0.0661 0.6425 
        D626  1 0.2188 0.0557 0.0746 0.1190 0.0405 0.0673 0.3429 0.0812 
        D627  1 0.0735 0.0226 0.4458 0.0348 0.0308 0.2492 0.0441 0.0993 
        D690  1 0.0472 0.0219 0.0333 0.0410 0.0144 0.0250 0.0702 0.7470 
        D691  1 0.6408 0.0226 0.0368 0.1233 0.0268 0.0340 0.0441 0.0716 
        D710  1 0.1155 0.0903 0.1747 0.0689 0.0634 0.0514 0.1601 0.2758 
        D711  1 0.0557 0.0427 0.0456 0.0357 0.0286 0.0253 0.0354 0.7311 
        D712  1 0.0952 0.0741 0.0546 0.0333 0.0464 0.0791 0.5763 0.0409 
        D713  1 0.0857 0.3179 0.1845 0.0865 0.0281 0.0318 0.1421 0.1233 
        D746  1 0.6884 0.0207 0.0375 0.0601 0.0516 0.0265 0.0399 0.0753 
        D747  1 0.0186 0.0198 0.0218 0.0175 0.0258 0.0171 0.0236 0.8558 
        D748  1 0.2972 0.0380 0.1135 0.2148 0.0247 0.0500 0.0457 0.2160 
        D749  1 0.3242 0.1002 0.1443 0.1535 0.0722 0.0498 0.1273 0.0285 
        D750  1 0.0344 0.0317 0.0427 0.0842 0.0214 0.0279 0.6624 0.0952 
        D763  1 0.1095 0.0689 0.2285 0.0564 0.1508 0.2735 0.0272 0.0852 
        D764  1 0.0499 0.0196 0.0796 0.0911 0.0214 0.0285 0.2655 0.4444 
        D765  1 0.1038 0.0301 0.0431 0.6303 0.0202 0.0351 0.1022 0.0351 
        D766  1 0.1563 0.0884 0.1252 0.4267 0.0399 0.0254 0.0505 0.0875 
        D767  1 0.1694 0.3247 0.0703 0.1122 0.1113 0.0461 0.0428 0.1232 
        D768  1 0.0242 0.0182 0.0393 0.0252 0.0213 0.0233 0.0145 0.8340 
        D811  1 0.0320 0.3398 0.1596 0.1884 0.0234 0.0437 0.1824 0.0308 
        D816  1 0.0219 0.0221 0.0269 0.0226 0.0182 0.0192 0.0288 0.8402 
        D825  1 0.0561 0.0996 0.1345 0.3673 0.0242 0.0379 0.1891 0.0912 
        D866  1 0.0398 0.0418 0.0610 0.0932 0.1033 0.3089 0.2781 0.0739 
        D867  1 0.6517 0.0879 0.0596 0.0453 0.0761 0.0237 0.0266 0.0291 
        D871  1 0.0422 0.0437 0.6209 0.0323 0.0302 0.1138 0.0573 0.0597 
        D872  1 0.1493 0.1594 0.0650 0.1631 0.0842 0.0283 0.0611 0.2896 
        D873  1 0.0282 0.1077 0.0314 0.7571 0.0294 0.0153 0.0163 0.0145 
        D874  1 0.0230 0.3206 0.1431 0.0369 0.0488 0.0794 0.1823 0.1657 
        D875  1 0.0622 0.0345 0.6096 0.1352 0.0225 0.0781 0.0231 0.0348 
        D876  1 0.0921 0.0489 0.0704 0.0379 0.0199 0.0610 0.0961 0.5739 
        D877  1 0.0204 0.6548 0.0815 0.0422 0.0308 0.0266 0.1123 0.0314 
        D892  1 0.2083 0.0660 0.0650 0.1174 0.0199 0.0397 0.1554 0.3283 
        D893  1 0.0789 0.0355 0.0755 0.0480 0.0492 0.0758 0.0238 0.6133 
        D894  1 0.0500 0.0356 0.1170 0.0520 0.0409 0.0494 0.0834 0.5718 
        D915  1 0.0950 0.0284 0.0780 0.2391 0.0377 0.0402 0.0610 0.4207 
        D916  1 0.0261 0.0143 0.0250 0.0215 0.0183 0.0180 0.0217 0.8549 
        D917  1 0.0562 0.1403 0.1426 0.0399 0.0761 0.1176 0.2306 0.1967 
        D925  1 0.0796 0.0273 0.0370 0.4015 0.0270 0.0416 0.1167 0.2692 
        D926  1 0.0797 0.0513 0.1704 0.0917 0.0283 0.0631 0.0716 0.4439 
        D927  1 0.0834 0.0445 0.1079 0.0322 0.2647 0.1190 0.0570 0.2913 
        D928  1 0.0147 0.0441 0.0308 0.0282 0.0196 0.0179 0.7587 0.0860 
        D929  1 0.1252 0.5606 0.0599 0.0641 0.0283 0.0455 0.0620 0.0545 
        D936  1 0.0261 0.0496 0.0948 0.0443 0.0557 0.1257 0.0336 0.5702 
        D938  1 0.6769 0.0393 0.0403 0.1168 0.0230 0.0295 0.0357 0.0386 
        D956  1 0.0282 0.0984 0.0492 0.0742 0.0417 0.0325 0.6427 0.0331 
        D957  1 0.1008 0.1341 0.0589 0.4410 0.0399 0.0296 0.0466 0.1491 
        D958  1 0.1133 0.0687 0.0983 0.2808 0.0380 0.0240 0.1495 0.2274 
        D959  1 0.1418 0.0260 0.2751 0.0297 0.1603 0.0215 0.0362 0.3095 
        D960  1 0.5154 0.1122 0.0538 0.1685 0.0282 0.0255 0.0486 0.0479 
        D989  1 0.0491 0.0372 0.0669 0.0266 0.0835 0.0790 0.6069 0.0509 
        D990  1 0.0999 0.0183 0.0420 0.6016 0.0432 0.0984 0.0704 0.0262 
        D023  2 0.7541 0.0158 0.0543 0.0188 0.0278 0.0178 0.0215 0.0899 
        D130  2 0.6457 0.0693 0.0396 0.0461 0.0669 0.0262 0.0191 0.0872 
        D131  2 0.0431 0.0529 0.3374 0.0818 0.0585 0.1418 0.0605 0.2240 
        D163  2 0.6458 0.0269 0.0681 0.0602 0.0190 0.0383 0.0465 0.0952 
        D164  2 0.0289 0.0248 0.0244 0.3212 0.5536 0.0165 0.0135 0.0171 
        D165  2 0.7360 0.0200 0.0643 0.0304 0.0485 0.0305 0.0247 0.0456 
        D166  2 0.1032 0.3705 0.1832 0.1306 0.0650 0.0706 0.0275 0.0494 
        D167  2 0.0181 0.0543 0.0221 0.0255 0.7983 0.0211 0.0417 0.0188 
        D192  2 0.0150 0.0287 0.0203 0.0160 0.8496 0.0345 0.0239 0.0121 
        D193  2 0.0397 0.5163 0.0788 0.1444 0.0308 0.0593 0.0975 0.0332 
        D206  2 0.0856 0.0602 0.2750 0.0453 0.3332 0.0398 0.0310 0.1300 
        D207  2 0.0359 0.0935 0.1177 0.0442 0.5673 0.0767 0.0266 0.0381 
        D208  2 0.0695 0.0691 0.0765 0.0636 0.1164 0.2888 0.2496 0.0665 
        D209  2 0.0577 0.0938 0.1668 0.0411 0.5218 0.0345 0.0348 0.0495 
        D210  2 0.0405 0.0306 0.0427 0.0439 0.1024 0.1487 0.5179 0.0734 
     D229599  2 0.1415 0.0912 0.1456 0.0735 0.0505 0.2058 0.0618 0.2301 
     D229600  2 0.3898 0.0476 0.0670 0.0614 0.3382 0.0361 0.0262 0.0336 
     D237227  2 0.0627 0.0331 0.0713 0.1362 0.0540 0.1150 0.4726 0.0551 
     D237228  2 0.0238 0.0486 0.0708 0.5642 0.0398 0.0652 0.1707 0.0169 
     D237258  2 0.1502 0.0930 0.1350 0.1066 0.2176 0.1219 0.0940 0.0815 
     D237310  2 0.0309 0.1300 0.0496 0.6577 0.0456 0.0321 0.0401 0.0139 
     D237311  2 0.0336 0.0390 0.0302 0.6910 0.1365 0.0243 0.0294 0.0160 
     D237312  2 0.0797 0.2143 0.0512 0.5222 0.0288 0.0326 0.0460 0.0252 
     D237313  2 0.0607 0.0670 0.1579 0.1603 0.0403 0.1453 0.1002 0.2683 
     D237322  2 0.0555 0.1300 0.1519 0.1401 0.0657 0.3223 0.0961 0.0385 
     D237323  2 0.0814 0.0453 0.0304 0.5888 0.0268 0.0772 0.1277 0.0224 
     D237324  2 0.2327 0.0283 0.1947 0.0394 0.3086 0.1101 0.0242 0.0621 
     D237325  2 0.0978 0.0700 0.0812 0.5544 0.0649 0.0447 0.0545 0.0325 
     D237326  2 0.0373 0.0339 0.0478 0.7078 0.0427 0.0247 0.0560 0.0499 
     D237327  2 0.1118 0.0556 0.1442 0.0516 0.1389 0.3839 0.0485 0.0656 
     D237337  2 0.0260 0.0285 0.0249 0.8294 0.0159 0.0242 0.0290 0.0221 
     D237338  2 0.1612 0.0536 0.1033 0.3034 0.0843 0.0974 0.1406 0.0561 
     D237339  2 0.0328 0.3123 0.1578 0.0385 0.2628 0.0895 0.0285 0.0778 
     D237340  2 0.0785 0.0947 0.0514 0.4552 0.1477 0.0471 0.1008 0.0245 
     D237389  2 0.0347 0.1004 0.0479 0.6690 0.0738 0.0252 0.0268 0.0221 
     D237390  2 0.0828 0.0965 0.0589 0.5872 0.0236 0.0628 0.0593 0.0290 
     D244017  2 0.0578 0.1526 0.0735 0.0384 0.3107 0.0543 0.2714 0.0411 
     D244112  2 0.0465 0.0306 0.0235 0.0263 0.8101 0.0195 0.0259 0.0177 
     D244118  2 0.2362 0.0410 0.0309 0.0418 0.5770 0.0267 0.0322 0.0142 
     D244119  2 0.0172 0.0220 0.0312 0.0234 0.2616 0.0205 0.6015 0.0226 
     D244120  2 0.0302 0.3119 0.0464 0.0769 0.3014 0.1465 0.0664 0.0203 
     D244122  2 0.0710 0.0761 0.0471 0.0361 0.6561 0.0309 0.0484 0.0344 
        D291  2 0.0991 0.0411 0.1323 0.0371 0.0660 0.5238 0.0241 0.0766 
        D292  2 0.0335 0.0559 0.0585 0.0838 0.1740 0.2000 0.0739 0.3204 
        D293  2 0.0159 0.0220 0.0827 0.0223 0.6535 0.0563 0.0176 0.1297 
        D322  2 0.0310 0.0385 0.0603 0.0484 0.6432 0.0421 0.0226 0.1140 
        D323  2 0.0550 0.1955 0.2819 0.0724 0.1896 0.0809 0.0638 0.0608 
        D324  2 0.0979 0.0287 0.1912 0.1047 0.0502 0.3336 0.0679 0.1258 
        D325  2 0.0247 0.0192 0.0424 0.0223 0.7870 0.0471 0.0147 0.0425 
        D326  2 0.0156 0.0174 0.0234 0.0183 0.0181 0.0257 0.0328 0.8488 
        D340  2 0.0192 0.0175 0.0247 0.0228 0.8388 0.0290 0.0260 0.0220 
        D341  2 0.0460 0.0493 0.0538 0.0857 0.5667 0.0960 0.0486 0.0539 
        D342  2 0.1119 0.0356 0.0621 0.0742 0.6035 0.0613 0.0215 0.0299 
        D343  2 0.0140 0.0129 0.0168 0.0115 0.8985 0.0179 0.0120 0.0164 
        D344  2 0.0281 0.3702 0.1732 0.0949 0.0706 0.0416 0.0275 0.1938 
        D345  2 0.1237 0.0711 0.2386 0.1577 0.0659 0.0699 0.0615 0.2117 
        D346  2 0.0307 0.0527 0.0763 0.0566 0.0656 0.0853 0.5585 0.0742 
        D351  2 0.0832 0.0585 0.2469 0.0969 0.0627 0.1793 0.0358 0.2365 
        D352  2 0.0404 0.3722 0.2209 0.1093 0.0949 0.0466 0.0619 0.0538 
        D353  2 0.0333 0.0630 0.5332 0.0277 0.0386 0.0537 0.0260 0.2245 
        D354  2 0.0313 0.3690 0.1956 0.1117 0.0263 0.0391 0.0556 0.1715 
        D362  2 0.0796 0.0271 0.0456 0.0232 0.0252 0.0239 0.0270 0.7484 
        D363  2 0.0426 0.0219 0.0424 0.0244 0.0293 0.0266 0.0353 0.7775 
        D364  2 0.0334 0.1567 0.1118 0.0797 0.0309 0.0277 0.0357 0.5240 
        D365  2 0.0127 0.0208 0.0247 0.0157 0.8623 0.0156 0.0221 0.0260 
        D369  2 0.0474 0.0338 0.1178 0.1208 0.1478 0.1190 0.1975 0.2159 
        D374  2 0.0161 0.5328 0.0561 0.0614 0.0283 0.0228 0.2618 0.0207 
        D375  2 0.0429 0.5453 0.2000 0.0838 0.0280 0.0215 0.0227 0.0559 
        D376  2 0.0227 0.3620 0.0506 0.0775 0.0445 0.0339 0.3855 0.0233 
        D377  2 0.0751 0.1594 0.2136 0.2426 0.0887 0.0882 0.0915 0.0408 
        D378  2 0.0994 0.0469 0.1439 0.0339 0.3910 0.0688 0.0360 0.1802 
        D379  2 0.0400 0.0489 0.0967 0.0351 0.0227 0.0488 0.0348 0.6731 
        D384  2 0.0164 0.0171 0.0288 0.0211 0.0170 0.0243 0.0421 0.8332 
        D385  2 0.0222 0.0839 0.0399 0.0322 0.7356 0.0228 0.0381 0.0253 
        D386  2 0.1031 0.2130 0.2852 0.0318 0.1181 0.0435 0.0254 0.1799 
        D391  2 0.0250 0.0372 0.0358 0.0265 0.7829 0.0350 0.0212 0.0364 
        D392  2 0.0582 0.0342 0.0560 0.1007 0.5792 0.0331 0.0623 0.0764 
        D393  2 0.0615 0.0520 0.1092 0.0583 0.1247 0.2152 0.0337 0.3453 
        D394  2 0.2118 0.1068 0.1116 0.2042 0.1258 0.0756 0.0613 0.1030 
        D395  2 0.0317 0.2384 0.1646 0.0317 0.4340 0.0505 0.0262 0.0227 
        D401  2 0.0195 0.0264 0.0477 0.7922 0.0396 0.0216 0.0353 0.0177 
        D402  2 0.0203 0.0466 0.0413 0.0301 0.7496 0.0645 0.0223 0.0252 
        D403  2 0.1616 0.0869 0.2102 0.0463 0.0503 0.0494 0.0262 0.3692 
        D415  2 0.0418 0.0323 0.1998 0.1245 0.0285 0.0252 0.0186 0.5292 
        D435  2 0.0364 0.0262 0.0536 0.0483 0.2320 0.0811 0.0190 0.5033 
        D436  2 0.0649 0.3323 0.1515 0.1029 0.0426 0.0502 0.0735 0.1821 
        D438  2 0.0166 0.0186 0.0232 0.0152 0.8699 0.0204 0.0240 0.0122 
        D439  2 0.0931 0.1850 0.2509 0.0846 0.1209 0.0547 0.0246 0.1862 
        D449  2 0.0361 0.0264 0.1389 0.0362 0.5968 0.0262 0.0295 0.1100 
        D450  2 0.0906 0.1123 0.2310 0.0670 0.0306 0.1272 0.1558 0.1856 
        D456  2 0.0245 0.0182 0.0446 0.0168 0.0143 0.0327 0.0218 0.8271 
        D462  2 0.0245 0.0347 0.0323 0.0220 0.7969 0.0243 0.0201 0.0452 
        D463  2 0.0154 0.0224 0.0246 0.0228 0.0164 0.0164 0.0363 0.8456 
        D464  2 0.0235 0.2558 0.3993 0.0382 0.1104 0.0419 0.0523 0.0787 
        D465  2 0.0335 0.0349 0.1183 0.1036 0.5508 0.0309 0.0289 0.0992 
        D473  2 0.0677 0.1034 0.0644 0.1198 0.0543 0.0401 0.5216 0.0287 
        D474  2 0.0516 0.0201 0.0453 0.0482 0.0462 0.1653 0.0630 0.5603 
        D476  2 0.4378 0.1511 0.0856 0.0365 0.1348 0.0660 0.0228 0.0653 
        D477  2 0.0232 0.0912 0.1657 0.1094 0.0345 0.1184 0.0663 0.3914 
        D478  2 0.2488 0.1600 0.1985 0.0689 0.0760 0.0790 0.1065 0.0623 
        D480  2 0.0335 0.0811 0.1309 0.0419 0.1374 0.1828 0.1352 0.2573 
        D481  2 0.1176 0.0889 0.0811 0.0650 0.0880 0.0686 0.0992 0.3915 
        D482  2 0.0998 0.2150 0.1521 0.0917 0.0412 0.2723 0.0985 0.0294 
        D483  2 0.0284 0.0262 0.0246 0.0231 0.7633 0.0283 0.0853 0.0208 
        D484  2 0.0324 0.6795 0.0975 0.0443 0.0460 0.0490 0.0312 0.0200 
        D510  2 0.0287 0.1458 0.0591 0.0453 0.0332 0.1575 0.5016 0.0289 
        D511  2 0.0720 0.1863 0.1540 0.0525 0.1991 0.0789 0.0315 0.2258 
        D512  2 0.0373 0.1037 0.1477 0.4862 0.1453 0.0374 0.0174 0.0250 
        D513  2 0.0332 0.0501 0.1365 0.0642 0.4807 0.0806 0.0768 0.0778 
        D635  2 0.3816 0.0177 0.1513 0.0338 0.0568 0.0336 0.0407 0.2844 
        D636  2 0.8051 0.0196 0.0354 0.0342 0.0276 0.0162 0.0285 0.0333 
        D637  2 0.0543 0.2216 0.1408 0.1916 0.1631 0.0975 0.0880 0.0431 
        D658  2 0.0361 0.1873 0.0632 0.1032 0.4479 0.0375 0.0941 0.0307 
        D659  2 0.0969 0.0358 0.1063 0.0298 0.0382 0.0763 0.0495 0.5672 
        D677  2 0.1702 0.0790 0.1088 0.1842 0.0853 0.1140 0.0294 0.2291 
        D678  2 0.0436 0.0766 0.0885 0.0330 0.6721 0.0391 0.0224 0.0248 
        D679  2 0.0587 0.0478 0.1694 0.0454 0.0635 0.1416 0.0765 0.3972 
        D719  2 0.0143 0.0283 0.0380 0.0505 0.1562 0.0733 0.4852 0.1542 
        D720  2 0.0294 0.0245 0.0645 0.0425 0.0550 0.0417 0.0845 0.6578 
        D721  2 0.6219 0.0221 0.0934 0.0208 0.0961 0.0412 0.0477 0.0568 
        D722  2 0.0265 0.4534 0.0709 0.1010 0.0704 0.0439 0.2036 0.0302 
        D734  2 0.0187 0.1997 0.0832 0.0263 0.1744 0.0715 0.3834 0.0428 
        D735  2 0.0718 0.0590 0.2392 0.0799 0.1009 0.1040 0.1091 0.2360 
        D736  2 0.0462 0.0429 0.0967 0.0925 0.0707 0.2548 0.3203 0.0760 
        D737  2 0.0753 0.0750 0.0504 0.0548 0.5614 0.0966 0.0589 0.0277 
        D807  2 0.0674 0.0813 0.0708 0.1231 0.0604 0.1365 0.2604 0.2002 
        D808  2 0.0882 0.0812 0.1590 0.2829 0.1282 0.1221 0.0411 0.0973 
        D817  2 0.0563 0.1542 0.2326 0.0769 0.0336 0.0681 0.0548 0.3235 
        D818  2 0.1589 0.0436 0.2438 0.0539 0.2133 0.1936 0.0323 0.0606 
        D819  2 0.0742 0.0812 0.2988 0.1842 0.0566 0.0754 0.0505 0.1791 
        D820  2 0.0252 0.0364 0.0719 0.0304 0.0606 0.0501 0.0344 0.6908 
        D895  2 0.1980 0.0382 0.2701 0.0485 0.0699 0.0390 0.0546 0.2816 
        D896  2 0.0172 0.0253 0.0213 0.8557 0.0173 0.0168 0.0292 0.0171 
        D897  2 0.0396 0.0482 0.0849 0.0707 0.6112 0.0759 0.0354 0.0342 
        D898  2 0.0498 0.1093 0.1845 0.2970 0.0324 0.1971 0.0615 0.0685 
        D918  2 0.1517 0.0787 0.1268 0.3781 0.0713 0.0810 0.0754 0.0371 
        D919  2 0.0558 0.2354 0.1515 0.0285 0.1549 0.0915 0.0245 0.2580 
        D920  2 0.6449 0.0613 0.0391 0.0622 0.0413 0.0275 0.0798 0.0439 
        D923  2 0.0307 0.0641 0.0827 0.0290 0.0406 0.0310 0.0276 0.6943 
        D930  2 0.0401 0.0982 0.2035 0.0994 0.0545 0.1029 0.1207 0.2807 
        D931  2 0.0447 0.1360 0.1006 0.0673 0.1805 0.0699 0.0566 0.3444 
        D968  2 0.0143 0.0261 0.0396 0.0241 0.7778 0.0707 0.0173 0.0301 
        D969  2 0.0359 0.0392 0.1534 0.0542 0.1616 0.2051 0.0723 0.2783 
        D977  2 0.0270 0.0367 0.0768 0.0283 0.7260 0.0457 0.0293 0.0301 
        D978  2 0.0372 0.0705 0.1892 0.0405 0.1321 0.4427 0.0448 0.0430 
        D211  3 0.7142 0.0323 0.0472 0.0335 0.0209 0.0482 0.0287 0.0751 
     D229639  3 0.0437 0.0401 0.0504 0.0500 0.0550 0.5459 0.1213 0.0937 
     D237212  3 0.0936 0.1051 0.1308 0.1387 0.1047 0.2727 0.0414 0.1130 
     D237213  3 0.1331 0.1347 0.1835 0.3500 0.0418 0.0749 0.0254 0.0564 
     D237214  3 0.7096 0.0244 0.1269 0.0282 0.0190 0.0171 0.0386 0.0362 
     D237215  3 0.0231 0.1444 0.0492 0.0372 0.4958 0.1199 0.1061 0.0242 
     D237216  3 0.1286 0.0468 0.5242 0.0558 0.0508 0.1073 0.0372 0.0494 
     D237217  3 0.4265 0.0174 0.1233 0.1323 0.0378 0.0742 0.0206 0.1678 
     D237218  3 0.0721 0.0410 0.0967 0.0501 0.0544 0.5613 0.0536 0.0705 
     D237219  3 0.1980 0.0340 0.0775 0.3405 0.0367 0.1380 0.1383 0.0370 
     D237382  3 0.0888 0.2326 0.1227 0.1899 0.0588 0.0615 0.1295 0.1163 
     D244127  3 0.0682 0.0391 0.0816 0.5836 0.0980 0.0705 0.0284 0.0307 
     D244129  3 0.1184 0.0835 0.1420 0.2534 0.1113 0.1266 0.0498 0.1150 
     D244133  3 0.1054 0.0536 0.2266 0.0668 0.1778 0.0715 0.2184 0.0799 
     D244134  3 0.0628 0.0228 0.0643 0.0678 0.0507 0.3735 0.3083 0.0498 
     D244135  3 0.6950 0.0246 0.0722 0.0310 0.0788 0.0246 0.0228 0.0508 
     D244136  3 0.0674 0.0826 0.1706 0.0523 0.1008 0.0907 0.2622 0.1734 
        D416  3 0.1061 0.0459 0.1900 0.1563 0.2205 0.1052 0.0643 0.1116 
        D417  3 0.0508 0.0492 0.0692 0.0984 0.0234 0.0461 0.0329 0.6301 
        D419  3 0.1405 0.0399 0.0900 0.2044 0.1258 0.1602 0.1054 0.1337 
        D565  3 0.0221 0.0192 0.0333 0.0212 0.0159 0.0314 0.8098 0.0471 
        D566  3 0.0262 0.0558 0.1195 0.0648 0.0493 0.2840 0.3201 0.0804 
        D567  3 0.1164 0.0432 0.0648 0.0724 0.0479 0.0345 0.0251 0.5956 
        D568  3 0.1946 0.0810 0.1340 0.1280 0.1448 0.0912 0.0219 0.2047 
        D569  3 0.1017 0.3913 0.1647 0.0342 0.1586 0.0765 0.0392 0.0338 
        D573  3 0.0275 0.0254 0.1031 0.0432 0.2159 0.3437 0.0355 0.2056 
        D574  3 0.0613 0.0866 0.1322 0.0833 0.0603 0.1330 0.3965 0.0468 
        D575  3 0.1992 0.0345 0.1869 0.1058 0.0973 0.1065 0.2100 0.0597 
        D576  3 0.0366 0.1767 0.0734 0.0238 0.5471 0.0908 0.0398 0.0119 
        D577  3 0.1263 0.0772 0.1010 0.0285 0.0307 0.0658 0.0404 0.5300 
        D578  3 0.8015 0.0195 0.0537 0.0351 0.0322 0.0219 0.0198 0.0162 
        D579  3 0.0551 0.0564 0.1071 0.0772 0.0972 0.2060 0.2070 0.1942 
        D660  3 0.0750 0.0444 0.1002 0.0745 0.6226 0.0384 0.0223 0.0225 
        D661  3 0.0812 0.0460 0.0925 0.0483 0.2485 0.4169 0.0279 0.0387 
        D663  3 0.0429 0.0830 0.1735 0.0260 0.0586 0.5169 0.0217 0.0774 
        D664  3 0.1779 0.0665 0.1210 0.2038 0.2194 0.0688 0.1183 0.0241 
        D665  3 0.1993 0.1722 0.3591 0.1160 0.0529 0.0622 0.0186 0.0196 
        D666  3 0.0930 0.0486 0.1063 0.3193 0.0333 0.0978 0.1977 0.1040 
        D009  4 0.2967 0.1299 0.1659 0.1206 0.0278 0.0928 0.0398 0.1264 
        D057  4 0.2926 0.1095 0.0419 0.0221 0.2598 0.1640 0.0390 0.0713 
        D109  4 0.1090 0.0486 0.1539 0.4825 0.0273 0.0408 0.0807 0.0573 
     D237222  4 0.6072 0.0945 0.0320 0.0308 0.0341 0.0336 0.1277 0.0401 
     D237223  4 0.1554 0.0793 0.0825 0.4061 0.0883 0.0735 0.0823 0.0325 
     D237224  4 0.0774 0.0953 0.1172 0.0439 0.1783 0.2190 0.0421 0.2268 
     D237225  4 0.1835 0.0686 0.2586 0.0856 0.0473 0.1493 0.0612 0.1459 
     D237299  4 0.0523 0.0796 0.2209 0.3674 0.0264 0.1891 0.0422 0.0222 
     D237300  4 0.0339 0.0277 0.0404 0.0271 0.0444 0.7633 0.0435 0.0197 
     D237306  4 0.0388 0.0806 0.0725 0.2389 0.0292 0.0380 0.4301 0.0719 
     D237307  4 0.0702 0.0603 0.1095 0.0427 0.0719 0.0949 0.2171 0.3334 
     D237308  4 0.0647 0.1071 0.0702 0.0825 0.4802 0.0560 0.0878 0.0515 
     D237309  4 0.1967 0.1061 0.1953 0.1224 0.0707 0.0972 0.0278 0.1837 
     D237317  4 0.0730 0.0511 0.0969 0.0571 0.0340 0.0752 0.3456 0.2670 
     D237318  4 0.0242 0.0228 0.0575 0.0252 0.0527 0.7577 0.0281 0.0318 
     D237319  4 0.1660 0.1233 0.1492 0.2480 0.0721 0.1094 0.0498 0.0821 
     D237320  4 0.1602 0.0317 0.0674 0.3813 0.0939 0.1752 0.0337 0.0566 
     D237321  4 0.0467 0.0435 0.0710 0.0555 0.0930 0.5629 0.0578 0.0695 
     D237397  4 0.1338 0.0556 0.0700 0.1689 0.1309 0.2319 0.1518 0.0571 
     D237398  4 0.0297 0.0305 0.0800 0.0388 0.0361 0.6961 0.0188 0.0699 
     D237399  4 0.1137 0.0529 0.0546 0.1130 0.0400 0.3258 0.1970 0.1030 
     D244001  4 0.4706 0.1365 0.0764 0.0381 0.1698 0.0408 0.0288 0.0389 
        D289  4 0.0817 0.0816 0.1345 0.0634 0.1106 0.1229 0.2948 0.1105 
        D290  4 0.0983 0.3551 0.0964 0.0640 0.0574 0.2125 0.0381 0.0782 
        D294  4 0.1013 0.2315 0.1901 0.0306 0.0626 0.1605 0.0572 0.1662 
        D295  4 0.1160 0.0999 0.0830 0.2652 0.0347 0.0796 0.0689 0.2528 
        D301  4 0.5480 0.0994 0.0429 0.0588 0.0456 0.1177 0.0616 0.0260 
        D302  4 0.0646 0.4097 0.1517 0.0382 0.0287 0.0416 0.0242 0.2413 
        D303  4 0.0349 0.0805 0.0521 0.0977 0.0707 0.0375 0.5888 0.0377 
        D304  4 0.0769 0.1835 0.1343 0.0267 0.0348 0.3443 0.0936 0.1059 
        D305  4 0.0475 0.2984 0.3637 0.0462 0.1233 0.0764 0.0156 0.0289 
        D306  4 0.0958 0.3807 0.2310 0.0573 0.0294 0.0928 0.0479 0.0651 
        D307  4 0.6810 0.0326 0.0256 0.0348 0.0299 0.0730 0.0996 0.0236 
        D327  4 0.0500 0.0613 0.1124 0.0343 0.0641 0.0682 0.0894 0.5202 
        D328  4 0.0411 0.4741 0.0845 0.1516 0.0333 0.0467 0.1407 0.0282 
        D329  4 0.1453 0.1432 0.0975 0.0684 0.2142 0.1386 0.0779 0.1149 
        D330  4 0.1068 0.1053 0.1115 0.3295 0.0736 0.0177 0.0209 0.2346 
        D331  4 0.0915 0.1368 0.0974 0.0942 0.0561 0.2398 0.0910 0.1932 
        D333  4 0.1007 0.2183 0.0991 0.1360 0.1164 0.1612 0.1044 0.0638 
        D334  4 0.1050 0.0495 0.0696 0.0384 0.0282 0.0731 0.5549 0.0812 
        D335  4 0.0388 0.3970 0.1225 0.0444 0.0665 0.0344 0.0425 0.2541 
        D370  4 0.0456 0.4839 0.0683 0.1979 0.0454 0.0339 0.0820 0.0430 
        D371  4 0.0209 0.0410 0.0486 0.0394 0.0454 0.0320 0.6550 0.1177 
        D372  4 0.0220 0.0916 0.0810 0.0357 0.0641 0.6517 0.0355 0.0184 
        D373  4 0.6208 0.0367 0.0629 0.0246 0.0969 0.0723 0.0397 0.0461 
        D455  4 0.7300 0.0450 0.0300 0.0261 0.0365 0.0599 0.0350 0.0375 
        D490  4 0.8290 0.0251 0.0209 0.0351 0.0163 0.0212 0.0255 0.0269 
        D497  4 0.7249 0.0534 0.0520 0.0521 0.0269 0.0418 0.0270 0.0219 
        D498  4 0.0700 0.1991 0.1026 0.1755 0.0600 0.1855 0.1209 0.0864 
        D499  4 0.0232 0.1057 0.1853 0.1200 0.1820 0.1502 0.1974 0.0363 
        D514  4 0.0603 0.1915 0.2376 0.0673 0.0374 0.0807 0.0231 0.3023 
        D515  4 0.1521 0.1150 0.0846 0.4872 0.0356 0.0541 0.0344 0.0371 
        D516  4 0.1486 0.0576 0.1257 0.2366 0.1039 0.0912 0.0955 0.1407 
        D517  4 0.6160 0.0289 0.0678 0.0630 0.0680 0.0642 0.0272 0.0649 
        D518  4 0.2390 0.3113 0.1019 0.0345 0.0922 0.0429 0.1055 0.0727 
        D519  4 0.1717 0.0202 0.0476 0.5135 0.0352 0.1423 0.0304 0.0393 
        D560  4 0.1249 0.0601 0.0938 0.2990 0.0608 0.2052 0.0226 0.1337 
        D561  4 0.1293 0.0560 0.4893 0.0757 0.0812 0.0417 0.0209 0.1058 
        D562  4 0.2799 0.1746 0.1375 0.0690 0.0913 0.0921 0.0804 0.0751 
        D563  4 0.0867 0.1027 0.1854 0.0671 0.3993 0.0949 0.0248 0.0391 
        D572  4 0.1415 0.3962 0.1320 0.0382 0.0905 0.0432 0.0396 0.1188 
        D629  4 0.3796 0.0381 0.1116 0.0406 0.0367 0.0805 0.0326 0.2803 
        D630  4 0.2855 0.1727 0.1145 0.0862 0.0401 0.1246 0.0646 0.1118 
        D631  4 0.0703 0.2394 0.1104 0.0510 0.2990 0.1125 0.0457 0.0718 
        D632  4 0.3674 0.1057 0.0825 0.0939 0.2201 0.0311 0.0261 0.0733 
        D646  4 0.0799 0.0381 0.0989 0.5053 0.0656 0.0689 0.0419 0.1014 
        D647  4 0.1552 0.0997 0.0749 0.1280 0.0571 0.0550 0.0187 0.4114 
        D648  4 0.0226 0.7818 0.0424 0.0299 0.0266 0.0183 0.0566 0.0218 
        D649  4 0.0785 0.0775 0.1307 0.1940 0.0278 0.0533 0.0347 0.4035 
        D650  4 0.1234 0.0875 0.1076 0.1609 0.0384 0.1179 0.1077 0.2567 
        D708  4 0.0664 0.1637 0.1852 0.0722 0.0432 0.1694 0.2400 0.0598 
        D709  4 0.0340 0.3862 0.1390 0.2834 0.0349 0.0544 0.0348 0.0332 
        D738  4 0.0805 0.0474 0.0385 0.2460 0.0206 0.0522 0.4192 0.0956 
        D739  4 0.4373 0.1667 0.1225 0.0675 0.0374 0.0886 0.0395 0.0404 
        D740  4 0.0804 0.0557 0.1533 0.1918 0.0595 0.2369 0.1900 0.0325 
        D741  4 0.1003 0.0360 0.1920 0.3842 0.1072 0.0593 0.0229 0.0982 
        D742  4 0.0907 0.0637 0.0783 0.0892 0.2632 0.1726 0.1928 0.0497 
        D743  4 0.0418 0.1212 0.1108 0.0280 0.0806 0.0720 0.0286 0.5170 
        D744  4 0.0603 0.2580 0.2117 0.0957 0.1724 0.0711 0.0358 0.0950 
        D745  4 0.2274 0.0239 0.0548 0.5351 0.0250 0.0757 0.0288 0.0293 
        D814  4 0.1471 0.1335 0.2049 0.0310 0.3031 0.1032 0.0297 0.0476 
        D815  4 0.0493 0.3965 0.1163 0.0808 0.0498 0.0699 0.0418 0.1956 
        D828  4 0.0305 0.5996 0.0528 0.0545 0.0690 0.0957 0.0789 0.0191 
        D845  4 0.0202 0.0179 0.0303 0.0197 0.0410 0.7831 0.0549 0.0329 
        D846  4 0.2057 0.1420 0.1515 0.0257 0.2313 0.0606 0.0156 0.1675 
        D847  4 0.2925 0.0537 0.0928 0.0555 0.0771 0.1976 0.1139 0.1169 
        D848  4 0.5940 0.0411 0.0477 0.0215 0.0867 0.1602 0.0277 0.0211 
        D849  4 0.4290 0.1165 0.1244 0.1489 0.0488 0.0530 0.0305 0.0487 
        D850  4 0.2204 0.0307 0.2244 0.0592 0.0611 0.1678 0.0920 0.1446 
        D856  4 0.0834 0.1398 0.2598 0.2773 0.0352 0.0731 0.0579 0.0735 
        D857  4 0.0486 0.1225 0.0322 0.6510 0.0784 0.0250 0.0299 0.0124 
        D859  4 0.0631 0.2522 0.1522 0.0728 0.0578 0.1876 0.0385 0.1758 
        D860  4 0.0378 0.0602 0.0605 0.0281 0.1075 0.1354 0.4471 0.1233 
        D883  4 0.2275 0.1101 0.0880 0.1256 0.0507 0.0958 0.0994 0.2028 
        D884  4 0.1219 0.1006 0.0632 0.5182 0.0242 0.0417 0.0728 0.0573 
        D885  4 0.0696 0.0386 0.3523 0.0699 0.0861 0.2573 0.0348 0.0914 
        D886  4 0.2325 0.1705 0.0662 0.1857 0.0874 0.0566 0.0330 0.1680 
        D887  4 0.0498 0.1111 0.1237 0.1163 0.1220 0.2998 0.0620 0.1153 
        D889  4 0.0239 0.1541 0.0607 0.0228 0.0155 0.6518 0.0232 0.0480 
        D890  4 0.1163 0.2497 0.1697 0.0914 0.1166 0.0630 0.1388 0.0544 
        D891  4 0.0148 0.0112 0.0164 0.0136 0.0163 0.8929 0.0138 0.0210 
        D899  4 0.0369 0.0764 0.0561 0.0343 0.4334 0.1975 0.1285 0.0370 
        D900  4 0.1359 0.1716 0.1804 0.0718 0.0958 0.1083 0.0650 0.1712 
        D970  4 0.1009 0.1345 0.1258 0.0502 0.1004 0.2039 0.0509 0.2334 
        D971  4 0.0472 0.1293 0.1309 0.0739 0.4368 0.0284 0.0530 0.1005 
        D979  4 0.0426 0.2256 0.1586 0.0290 0.0497 0.0435 0.0422 0.4088 
        D093  5 0.0254 0.0362 0.0398 0.0523 0.0261 0.0949 0.6764 0.0489 
        D154  5 0.0262 0.1095 0.2794 0.1100 0.1508 0.2377 0.0571 0.0293 
        D168  5 0.1440 0.0638 0.2005 0.0950 0.2834 0.1166 0.0238 0.0729 
        D189  5 0.0411 0.1755 0.0858 0.0696 0.0415 0.2511 0.2750 0.0603 
        D190  5 0.0244 0.0839 0.0569 0.0515 0.0374 0.0480 0.6522 0.0456 
     D237220  5 0.2421 0.0657 0.0835 0.1629 0.0340 0.2706 0.1059 0.0354 
     D237221  5 0.0443 0.0496 0.0858 0.0830 0.1272 0.2317 0.2813 0.0971 
     D237274  5 0.0299 0.1456 0.1482 0.1132 0.0579 0.0326 0.0206 0.4519 
     D237275  5 0.0286 0.1405 0.0930 0.0655 0.4869 0.1297 0.0371 0.0188 
     D237276  5 0.1439 0.1274 0.0588 0.2727 0.0450 0.0704 0.1688 0.1130 
     D237277  5 0.0255 0.0476 0.0532 0.0468 0.0622 0.1382 0.5957 0.0308 
     D237278  5 0.0764 0.0810 0.0809 0.0724 0.3608 0.0494 0.2137 0.0653 
     D237279  5 0.0773 0.0256 0.4619 0.2549 0.0287 0.0791 0.0273 0.0453 
     D237280  5 0.2577 0.0657 0.1335 0.1908 0.0350 0.0494 0.1079 0.1600 
     D237281  5 0.0225 0.0336 0.0916 0.0302 0.2429 0.4718 0.0305 0.0769 
     D237351  5 0.0451 0.0331 0.0398 0.7108 0.0239 0.0398 0.0756 0.0318 
     D237352  5 0.3805 0.1497 0.1474 0.0516 0.0904 0.0490 0.0701 0.0614 
     D237353  5 0.0168 0.0488 0.0346 0.0478 0.0264 0.0594 0.7405 0.0257 
     D237359  5 0.2021 0.0526 0.0908 0.0582 0.0335 0.4646 0.0569 0.0413 
     D237361  5 0.0183 0.0342 0.0383 0.0421 0.0218 0.0339 0.7894 0.0219 
     D237362  5 0.0678 0.0911 0.2369 0.0824 0.0714 0.1202 0.1646 0.1657 
     D237363  5 0.0502 0.0533 0.5534 0.0646 0.1169 0.0669 0.0470 0.0477 
     D237364  5 0.1151 0.1411 0.1869 0.1359 0.1335 0.1740 0.0202 0.0934 
     D237376  5 0.0173 0.7686 0.0395 0.0368 0.0242 0.0260 0.0715 0.0160 
     D237377  5 0.0596 0.0437 0.1852 0.2541 0.0647 0.0489 0.1983 0.1456 
     D237378  5 0.0497 0.1567 0.0545 0.0591 0.0854 0.1229 0.4417 0.0299 
     D237379  5 0.0644 0.3509 0.1070 0.0684 0.0689 0.0720 0.2237 0.0448 
     D237380  5 0.0405 0.3465 0.0422 0.4492 0.0206 0.0232 0.0432 0.0346 
     D237381  5 0.2320 0.1673 0.0816 0.2274 0.0748 0.0582 0.0896 0.0691 
     D237391  5 0.0215 0.0178 0.0333 0.0279 0.0196 0.0569 0.7887 0.0342 
     D237392  5 0.0457 0.1610 0.1462 0.1042 0.2078 0.0468 0.0351 0.2532 
     D237393  5 0.0666 0.0488 0.0472 0.0744 0.0632 0.0569 0.2289 0.4141 
     D237394  5 0.0275 0.0235 0.0269 0.0261 0.0156 0.0283 0.8285 0.0236 
     D237395  5 0.0783 0.0933 0.0889 0.1301 0.0742 0.1993 0.2984 0.0375 
     D237396  5 0.0776 0.0216 0.1638 0.0646 0.0959 0.0842 0.2188 0.2735 
     D244016  5 0.0272 0.1199 0.4273 0.0458 0.0573 0.0973 0.1919 0.0332 
     D244018  5 0.0705 0.0282 0.0963 0.0586 0.3546 0.1063 0.2321 0.0535 
     D244019  5 0.0309 0.1115 0.3552 0.0595 0.1233 0.1324 0.0564 0.1309 
        D279  5 0.0390 0.0430 0.0856 0.0689 0.0810 0.5794 0.0637 0.0394 
        D280  5 0.1101 0.0411 0.1645 0.0631 0.0585 0.2131 0.2545 0.0951 
        D281  5 0.0220 0.0594 0.1367 0.0252 0.0720 0.5780 0.0784 0.0283 
        D283  5 0.0416 0.0281 0.1008 0.0632 0.0298 0.1576 0.4562 0.1228 
        D284  5 0.2621 0.1317 0.1770 0.1367 0.0535 0.1313 0.0431 0.0644 
        D285  5 0.0277 0.0569 0.0972 0.0699 0.0233 0.3140 0.3403 0.0708 
        D286  5 0.1015 0.2081 0.1150 0.1267 0.0378 0.1057 0.1832 0.1220 
        D287  5 0.0541 0.5368 0.0793 0.0823 0.0328 0.0481 0.1439 0.0227 
        D288  5 0.0383 0.0296 0.1681 0.0573 0.0458 0.2993 0.1272 0.2344 
        D308  5 0.0286 0.0242 0.0394 0.7290 0.0306 0.0208 0.0329 0.0943 
        D309  5 0.0593 0.4026 0.3174 0.0403 0.0397 0.0233 0.0315 0.0859 
        D310  5 0.0187 0.0430 0.1170 0.0348 0.0162 0.0614 0.6890 0.0199 
        D311  5 0.0499 0.3032 0.2549 0.0540 0.0516 0.0731 0.1026 0.1108 
        D312  5 0.1096 0.2148 0.1234 0.0604 0.0764 0.0874 0.2065 0.1215 
        D313  5 0.3758 0.0146 0.0214 0.5026 0.0155 0.0175 0.0344 0.0181 
        D314  5 0.0822 0.1544 0.1672 0.1834 0.0978 0.1902 0.0903 0.0344 
        D315  5 0.1093 0.0814 0.0934 0.0734 0.0562 0.0522 0.2935 0.2406 
        D317  5 0.0253 0.0417 0.0334 0.0296 0.0208 0.0550 0.7345 0.0597 
        D318  5 0.1518 0.1159 0.2551 0.0720 0.1484 0.0710 0.0837 0.1021 
        D319  5 0.0220 0.0267 0.0278 0.0703 0.0174 0.0429 0.7614 0.0314 
        D320  5 0.0495 0.0702 0.0544 0.0647 0.0246 0.0889 0.6070 0.0406 
        D321  5 0.0375 0.0240 0.0470 0.5552 0.0168 0.1381 0.0830 0.0984 
        D336  5 0.0223 0.2611 0.0556 0.0362 0.0140 0.0341 0.5484 0.0283 
        D337  5 0.0146 0.0330 0.0293 0.0210 0.0257 0.0729 0.7725 0.0310 
        D338  5 0.0921 0.0462 0.0836 0.0898 0.0851 0.2459 0.1161 0.2411 
        D339  5 0.0267 0.0410 0.0557 0.0659 0.0570 0.1399 0.5605 0.0532 
        D347  5 0.0362 0.5359 0.0925 0.0332 0.0745 0.0574 0.0374 0.1328 
        D348  5 0.0220 0.1584 0.0783 0.0384 0.0278 0.0498 0.5776 0.0477 
        D349  5 0.0211 0.0332 0.0361 0.7499 0.0241 0.0363 0.0721 0.0273 
        D350  5 0.0375 0.4428 0.2616 0.0590 0.0619 0.0558 0.0253 0.0562 
        D355  5 0.0230 0.1095 0.2315 0.0717 0.0976 0.3527 0.0327 0.0812 
        D356  5 0.1507 0.0635 0.0852 0.0532 0.0338 0.0912 0.2651 0.2572 
        D357  5 0.0465 0.3269 0.1237 0.1755 0.0474 0.1155 0.0868 0.0777 
        D358  5 0.0673 0.1003 0.1373 0.1212 0.0524 0.0636 0.4006 0.0573 
        D359  5 0.0237 0.0395 0.0960 0.1409 0.0200 0.0706 0.3355 0.2738 
        D360  5 0.1621 0.0653 0.0768 0.0543 0.0275 0.0879 0.4071 0.1190 
        D361  5 0.0245 0.0189 0.0233 0.8198 0.0233 0.0178 0.0324 0.0399 
        D366  5 0.0250 0.0265 0.0691 0.0349 0.4643 0.0331 0.0303 0.3168 
        D367  5 0.0513 0.1183 0.1330 0.2012 0.0286 0.0805 0.3594 0.0277 
        D368  5 0.0405 0.0556 0.1347 0.4040 0.0283 0.0842 0.1443 0.1083 
        D380  5 0.0709 0.1150 0.4314 0.0948 0.0702 0.1020 0.0422 0.0734 
        D381  5 0.0332 0.0489 0.1066 0.0942 0.0337 0.1774 0.4321 0.0739 
        D400  5 0.0545 0.1882 0.0854 0.0554 0.1087 0.2334 0.1863 0.0881 
        D411  5 0.6275 0.0721 0.1007 0.0878 0.0391 0.0312 0.0164 0.0253 
        D412  5 0.1556 0.1515 0.1483 0.0876 0.1320 0.1018 0.1110 0.1123 
        D413  5 0.0709 0.0372 0.1029 0.0351 0.5693 0.0450 0.0299 0.1096 
        D414  5 0.0243 0.4239 0.1420 0.0630 0.1359 0.1484 0.0233 0.0393 
        D420  5 0.2758 0.0700 0.1524 0.0552 0.0221 0.3428 0.0495 0.0322 
        D431  5 0.0575 0.1954 0.1431 0.2576 0.0589 0.1926 0.0750 0.0199 
        D432  5 0.1052 0.0425 0.0754 0.0651 0.0830 0.0807 0.4699 0.0781 
        D433  5 0.0255 0.0558 0.0557 0.1072 0.0446 0.1808 0.4588 0.0715 
        D434  5 0.0412 0.0730 0.0986 0.1621 0.0315 0.1010 0.4122 0.0803 
        D440  5 0.0317 0.4547 0.3170 0.0451 0.0363 0.0304 0.0341 0.0507 
        D447  5 0.1425 0.1235 0.2986 0.0972 0.1041 0.0420 0.0279 0.1641 
        D448  5 0.0273 0.3760 0.0856 0.0419 0.0393 0.0863 0.2659 0.0777 
        D459  5 0.0266 0.0434 0.0691 0.0439 0.2961 0.3749 0.0508 0.0952 
        D460  5 0.0200 0.0235 0.0262 0.7256 0.0259 0.0264 0.0818 0.0706 
        D461  5 0.0321 0.3748 0.2290 0.0328 0.0277 0.0370 0.0403 0.2263 
        D468  5 0.0536 0.1179 0.2875 0.1460 0.0812 0.0399 0.1458 0.1280 
        D469  5 0.0820 0.0597 0.0744 0.0823 0.0364 0.0650 0.0888 0.5115 
        D470  5 0.2895 0.2400 0.1388 0.0558 0.0406 0.0472 0.0973 0.0909 
        D471  5 0.0230 0.2316 0.0758 0.0537 0.0415 0.1390 0.3580 0.0774 
        D472  5 0.0261 0.0179 0.0340 0.0259 0.0808 0.0790 0.0273 0.7090 
        D479  5 0.0300 0.2069 0.0324 0.0228 0.6281 0.0222 0.0242 0.0336 
        D485  5 0.0501 0.6518 0.0784 0.0466 0.0433 0.0427 0.0531 0.0340 
        D486  5 0.1118 0.2337 0.2639 0.1149 0.0646 0.0438 0.0915 0.0758 
        D487  5 0.0368 0.0999 0.0653 0.0898 0.1114 0.4156 0.1407 0.0406 
        D555  5 0.0232 0.0390 0.0289 0.0305 0.0761 0.0344 0.7433 0.0245 
        D556  5 0.0530 0.1121 0.1000 0.0858 0.0496 0.3881 0.1544 0.0569 
        D557  5 0.0228 0.0385 0.0361 0.0284 0.0464 0.0346 0.7634 0.0297 
        D564  5 0.0709 0.1605 0.1407 0.2101 0.0541 0.0401 0.2493 0.0742 
        D594  5 0.0359 0.3483 0.1965 0.0868 0.0945 0.0386 0.0563 0.1431 
        D595  5 0.0452 0.0754 0.0951 0.1059 0.0960 0.0941 0.2985 0.1898 
        D596  5 0.0221 0.0411 0.0241 0.0309 0.0472 0.0362 0.7699 0.0286 
        D597  5 0.0337 0.0585 0.0783 0.0450 0.2741 0.1894 0.2237 0.0973 
        D598  5 0.1467 0.0872 0.0739 0.0771 0.0642 0.0744 0.3793 0.0972 
        D617  5 0.4991 0.0626 0.0822 0.0686 0.1972 0.0438 0.0174 0.0290 
        D618  5 0.0400 0.0483 0.0601 0.0940 0.0496 0.2070 0.4207 0.0802 
        D619  5 0.0268 0.1956 0.0654 0.3352 0.0704 0.0400 0.0856 0.1809 
        D620  5 0.0354 0.0229 0.0251 0.0324 0.6983 0.0649 0.0381 0.0829 
        D628  5 0.0946 0.4706 0.0919 0.0996 0.0684 0.0439 0.0793 0.0516 
        D714  5 0.0311 0.2714 0.1168 0.0626 0.0547 0.3164 0.1230 0.0240 
        D715  5 0.0253 0.0312 0.0485 0.0325 0.0422 0.1251 0.6144 0.0808 
        D716  5 0.0434 0.5651 0.1407 0.0320 0.0683 0.0687 0.0378 0.0441 
        D717  5 0.1149 0.0638 0.1123 0.0732 0.0501 0.1606 0.1578 0.2673 
        D718  5 0.0628 0.4806 0.1505 0.0970 0.0330 0.0753 0.0783 0.0226 
        D769  5 0.5405 0.1395 0.0728 0.0495 0.1023 0.0434 0.0273 0.0247 
        D770  5 0.0350 0.2574 0.1546 0.0838 0.2336 0.0984 0.0903 0.0470 
        D771  5 0.1397 0.1772 0.1121 0.0774 0.1851 0.1599 0.0925 0.0561 
        D772  5 0.0910 0.3329 0.1123 0.0500 0.0404 0.1170 0.2036 0.0528 
        D782  5 0.0364 0.0382 0.3654 0.1738 0.0775 0.2241 0.0421 0.0425 
        D783  5 0.0319 0.1968 0.1759 0.0563 0.2540 0.1354 0.1275 0.0222 
        D784  5 0.0583 0.0733 0.1969 0.0453 0.0518 0.2173 0.1013 0.2557 
        D785  5 0.0425 0.1043 0.0783 0.1091 0.0258 0.0519 0.5460 0.0421 
        D786  5 0.3554 0.2074 0.0753 0.0555 0.0778 0.0311 0.0211 0.1765 
        D821  5 0.0145 0.0245 0.0211 0.0202 0.0175 0.0271 0.8580 0.0170 
        D822  5 0.0345 0.1103 0.2589 0.1279 0.0929 0.0752 0.1090 0.1913 
        D826  5 0.0387 0.0582 0.0792 0.0646 0.1139 0.2867 0.2951 0.0636 
        D827  5 0.0762 0.0901 0.3709 0.0958 0.0851 0.0621 0.0366 0.1831 
        D851  5 0.0629 0.0608 0.3535 0.1113 0.0580 0.1032 0.1485 0.1017 
        D852  5 0.0345 0.1218 0.0659 0.1597 0.0641 0.4022 0.1153 0.0365 
        D853  5 0.0643 0.1116 0.0980 0.0952 0.0522 0.2555 0.2398 0.0835 
        D854  5 0.0491 0.1866 0.2639 0.1234 0.0879 0.1893 0.0200 0.0800 
        D861  5 0.0563 0.0603 0.2484 0.1603 0.1245 0.1846 0.1084 0.0572 
        D862  5 0.0480 0.1626 0.1802 0.0745 0.0338 0.0625 0.1936 0.2449 
        D865  5 0.0383 0.0516 0.0420 0.0797 0.0703 0.0623 0.6251 0.0307 
        D868  5 0.0525 0.0278 0.0467 0.0453 0.0249 0.0789 0.0785 0.6454 
        D869  5 0.6066 0.0298 0.1475 0.0451 0.0507 0.0272 0.0559 0.0371 
        D870  5 0.0773 0.0317 0.6603 0.0207 0.0882 0.0571 0.0157 0.0491 
        D907  5 0.0850 0.0492 0.0699 0.0839 0.0439 0.0519 0.5735 0.0426 
        D908  5 0.0234 0.1184 0.0471 0.1059 0.1124 0.3949 0.1607 0.0371 
        D910  5 0.0298 0.1262 0.0843 0.0618 0.1285 0.2614 0.2210 0.0869 
        D911  5 0.0219 0.0439 0.1179 0.0456 0.0361 0.6457 0.0249 0.0640 
        D934  5 0.0413 0.1737 0.2606 0.0793 0.1293 0.2192 0.0493 0.0472 
        D946  5 0.0427 0.2356 0.1274 0.2834 0.0795 0.1553 0.0449 0.0311 
        D947  5 0.0627 0.1385 0.1662 0.0801 0.0301 0.3552 0.0367 0.1305 
