        D174  1 0.1438 0.2551 0.1399 0.2297 0.0640 0.1676 
        D199  1 0.3423 0.0984 0.0614 0.1510 0.2215 0.1255 
        D203  1 0.2010 0.1196 0.1369 0.0790 0.3275 0.1360 
        D204  1 0.8189 0.0592 0.0279 0.0200 0.0382 0.0359 
     D237366  1 0.0885 0.1381 0.3100 0.0717 0.1234 0.2684 
     D237367  1 0.4888 0.0841 0.1544 0.0358 0.0743 0.1627 
     D237368  1 0.1457 0.0466 0.5407 0.0812 0.1060 0.0799 
     D244101  1 0.4774 0.2004 0.0278 0.0364 0.1473 0.1106 
     D244102  1 0.1026 0.4920 0.1452 0.0677 0.0755 0.1171 
     D244103  1 0.1635 0.0924 0.0735 0.0361 0.0475 0.5869 
     D244104  1 0.7113 0.0219 0.0457 0.1406 0.0428 0.0377 
     D244105  1 0.1326 0.0694 0.4773 0.0283 0.0340 0.2584 
     D244106  1 0.0930 0.1037 0.0463 0.4290 0.1584 0.1696 
     D244107  1 0.0963 0.0340 0.6183 0.0162 0.1325 0.1028 
     D244108  1 0.1585 0.1971 0.2613 0.2353 0.0630 0.0847 
     D244113  1 0.0229 0.7035 0.0336 0.1483 0.0407 0.0510 
     D244114  1 0.1192 0.1321 0.0556 0.1194 0.1221 0.4517 
     D244115  1 0.1890 0.0671 0.2168 0.3403 0.0272 0.1596 
     D267365  1 0.3662 0.0716 0.0847 0.3629 0.0441 0.0705 
        D404  1 0.0328 0.6890 0.0270 0.1313 0.0661 0.0539 
        D405  1 0.1004 0.5641 0.0780 0.0632 0.1146 0.0797 
        D406  1 0.0492 0.0301 0.8619 0.0206 0.0156 0.0225 
        D407  1 0.7000 0.0226 0.0586 0.0244 0.0594 0.1351 
        D408  1 0.0625 0.0730 0.0337 0.7371 0.0295 0.0643 
        D409  1 0.0711 0.0485 0.0425 0.0583 0.0461 0.7336 
        D410  1 0.0885 0.0376 0.8057 0.0237 0.0148 0.0297 
        D421  1 0.8830 0.0120 0.0233 0.0283 0.0272 0.0262 
        D422  1 0.0478 0.0151 0.8585 0.0136 0.0262 0.0388 
        D423  1 0.0739 0.0246 0.8124 0.0176 0.0465 0.0251 
        D424  1 0.7417 0.0305 0.0639 0.0262 0.0206 0.1172 
        D425  1 0.5324 0.1327 0.0501 0.1430 0.0367 0.1051 
        D426  1 0.0636 0.0208 0.0278 0.0617 0.0526 0.7735 
        D427  1 0.2198 0.0154 0.0380 0.2222 0.4588 0.0458 
        D428  1 0.5172 0.1226 0.1008 0.1045 0.0622 0.0927 
        D429  1 0.5269 0.0803 0.0687 0.1980 0.0476 0.0786 
        D430  1 0.1284 0.1123 0.0435 0.2164 0.0873 0.4121 
        D491  1 0.1360 0.0494 0.0325 0.7158 0.0153 0.0509 
        D492  1 0.3739 0.1678 0.1267 0.1162 0.0727 0.1427 
        D537  1 0.7799 0.0649 0.0660 0.0164 0.0303 0.0426 
        D538  1 0.0952 0.1969 0.2497 0.1044 0.1108 0.2431 
        D539  1 0.0649 0.1475 0.1385 0.4162 0.0797 0.1532 
        D540  1 0.3619 0.0481 0.0844 0.0809 0.0514 0.3733 
        D541  1 0.8966 0.0136 0.0255 0.0203 0.0270 0.0169 
        D551  1 0.0991 0.0338 0.0624 0.0603 0.3576 0.3868 
        D552  1 0.2387 0.0460 0.3034 0.2594 0.0516 0.1008 
        D553  1 0.8938 0.0142 0.0183 0.0264 0.0157 0.0315 
        D615  1 0.4665 0.0536 0.1563 0.1063 0.1107 0.1066 
        D616  1 0.2481 0.0307 0.2650 0.1142 0.1485 0.1935 
        D621  1 0.0274 0.1564 0.7020 0.0553 0.0270 0.0319 
        D622  1 0.0469 0.0372 0.7652 0.0429 0.0383 0.0696 
        D623  1 0.0302 0.5848 0.0337 0.1346 0.1737 0.0430 
        D624  1 0.0933 0.0479 0.0399 0.7151 0.0198 0.0840 
        D625  1 0.7471 0.0332 0.0695 0.0562 0.0169 0.0771 
        D626  1 0.1142 0.1005 0.1258 0.5177 0.0437 0.0980 
        D627  1 0.0623 0.0182 0.0202 0.0554 0.0278 0.8160 
        D690  1 0.8262 0.0182 0.0699 0.0464 0.0132 0.0261 
        D691  1 0.0929 0.0245 0.7705 0.0398 0.0243 0.0480 
        D710  1 0.3814 0.1404 0.1061 0.1847 0.0724 0.1151 
        D711  1 0.7884 0.0410 0.0710 0.0297 0.0338 0.0360 
        D712  1 0.0346 0.1101 0.0564 0.6971 0.0309 0.0709 
        D713  1 0.2209 0.4574 0.1133 0.0976 0.0351 0.0757 
        D746  1 0.0618 0.0120 0.8440 0.0251 0.0302 0.0269 
        D747  1 0.8960 0.0186 0.0154 0.0199 0.0323 0.0178 
        D748  1 0.4264 0.0699 0.2235 0.0393 0.0279 0.2129 
        D749  1 0.0292 0.1074 0.5726 0.0791 0.0796 0.1321 
        D750  1 0.2994 0.0625 0.1101 0.4656 0.0219 0.0406 
        D763  1 0.2172 0.1458 0.1082 0.0806 0.2175 0.2307 
        D764  1 0.5993 0.0225 0.1198 0.1848 0.0216 0.0520 
        D765  1 0.0557 0.0490 0.5611 0.1726 0.0190 0.1425 
        D766  1 0.2048 0.0970 0.5440 0.0412 0.0320 0.0809 
        D767  1 0.1426 0.4893 0.1232 0.0300 0.1192 0.0957 
        D768  1 0.9075 0.0159 0.0200 0.0137 0.0205 0.0225 
        D811  1 0.0393 0.4690 0.0888 0.2508 0.0375 0.1145 
        D816  1 0.8882 0.0229 0.0224 0.0284 0.0147 0.0234 
        D825  1 0.2089 0.1990 0.2116 0.2258 0.0252 0.1295 
        D866  1 0.0548 0.0475 0.0608 0.5500 0.1552 0.1317 
        D867  1 0.0324 0.0981 0.7688 0.0223 0.0431 0.0354 
        D871  1 0.0645 0.0316 0.0181 0.0327 0.0238 0.8292 
        D872  1 0.3566 0.2221 0.2515 0.0348 0.0691 0.0659 
        D873  1 0.0102 0.0424 0.9043 0.0101 0.0162 0.0167 
        D874  1 0.2736 0.4860 0.0225 0.1118 0.0460 0.0600 
        D875  1 0.0291 0.0285 0.0603 0.0213 0.0187 0.8422 
        D876  1 0.6132 0.0871 0.1010 0.0969 0.0256 0.0763 
        D877  1 0.0336 0.8025 0.0134 0.0686 0.0249 0.0570 
        D892  1 0.3923 0.1625 0.1343 0.1297 0.0237 0.1574 
        D893  1 0.6109 0.0414 0.0961 0.0421 0.0773 0.1323 
        D894  1 0.6308 0.0277 0.0509 0.1170 0.0395 0.1342 
        D915  1 0.6218 0.0526 0.1479 0.0502 0.0461 0.0814 
        D916  1 0.9040 0.0114 0.0198 0.0250 0.0148 0.0250 
        D917  1 0.2013 0.1538 0.0514 0.2813 0.1335 0.1788 
        D925  1 0.1277 0.0260 0.7278 0.0677 0.0251 0.0257 
        D926  1 0.5061 0.0849 0.0734 0.0991 0.0322 0.2042 
        D927  1 0.2801 0.0703 0.0333 0.0914 0.3781 0.1468 
        D928  1 0.1762 0.1048 0.0261 0.6421 0.0238 0.0269 
        D929  1 0.0543 0.6814 0.0582 0.0520 0.0343 0.1198 
        D936  1 0.6077 0.1164 0.0392 0.0595 0.0966 0.0806 
        D938  1 0.0268 0.0260 0.8867 0.0221 0.0161 0.0224 
        D956  1 0.0404 0.1649 0.0480 0.5665 0.0497 0.1304 
        D957  1 0.1979 0.2384 0.4229 0.0317 0.0467 0.0625 
        D958  1 0.3758 0.1228 0.3348 0.0771 0.0314 0.0581 
        D959  1 0.7096 0.0161 0.0566 0.0188 0.0545 0.1444 
        D960  1 0.0259 0.0512 0.8504 0.0202 0.0221 0.0302 
        D989  1 0.0492 0.0606 0.0265 0.7325 0.0756 0.0556 
        D990  1 0.0180 0.0139 0.7981 0.0965 0.0400 0.0336 
        D023  2 0.1069 0.0161 0.7611 0.0200 0.0243 0.0716 
        D130  2 0.0820 0.0450 0.7677 0.0150 0.0570 0.0332 
        D131  2 0.3018 0.0568 0.0715 0.0519 0.0743 0.4437 
        D163  2 0.0755 0.0212 0.7962 0.0419 0.0208 0.0444 
        D164  2 0.0141 0.0183 0.4572 0.0113 0.4856 0.0135 
        D165  2 0.0584 0.0255 0.7955 0.0223 0.0402 0.0580 
        D166  2 0.0612 0.4055 0.0559 0.0354 0.0535 0.3885 
        D167  2 0.0160 0.0342 0.0125 0.0236 0.8950 0.0188 
        D192  2 0.0092 0.0262 0.0171 0.0194 0.9138 0.0143 
        D193  2 0.0275 0.7166 0.0439 0.0646 0.0428 0.1045 
        D206  2 0.2452 0.1269 0.1236 0.0368 0.2773 0.1902 
        D207  2 0.0417 0.0898 0.0244 0.0266 0.7054 0.1121 
        D208  2 0.0575 0.0814 0.0535 0.5508 0.1738 0.0830 
        D209  2 0.0696 0.1691 0.0908 0.0332 0.4850 0.1524 
        D210  2 0.0877 0.0265 0.0376 0.6427 0.1564 0.0490 
     D229599  2 0.2166 0.2053 0.1558 0.1787 0.0809 0.1627 
     D229600  2 0.0466 0.0445 0.4928 0.0187 0.3396 0.0578 
     D237227  2 0.0405 0.0364 0.1394 0.6880 0.0430 0.0527 
     D237228  2 0.0202 0.0686 0.4412 0.2739 0.0798 0.1163 
     D237258  2 0.0884 0.1544 0.1738 0.1725 0.2907 0.1201 
     D237310  2 0.0182 0.1651 0.5330 0.0409 0.0767 0.1660 
     D237311  2 0.0211 0.0658 0.6462 0.0348 0.1665 0.0656 
     D237312  2 0.0400 0.4181 0.2201 0.0379 0.0372 0.2467 
     D237313  2 0.3070 0.1185 0.1834 0.1647 0.0520 0.1744 
     D237322  2 0.0483 0.1565 0.0752 0.2754 0.1278 0.3168 
     D237323  2 0.0147 0.0813 0.6517 0.1457 0.0333 0.0732 
     D237324  2 0.0475 0.0248 0.3125 0.0337 0.3733 0.2081 
     D237325  2 0.0523 0.2384 0.4645 0.0623 0.0788 0.1037 
     D237326  2 0.0775 0.0596 0.7125 0.0559 0.0388 0.0558 
     D237327  2 0.0907 0.0646 0.0485 0.1805 0.3462 0.2694 
     D237337  2 0.0323 0.0607 0.7750 0.0404 0.0258 0.0658 
     D237338  2 0.0740 0.1103 0.3209 0.2156 0.1165 0.1627 
     D237339  2 0.0946 0.2863 0.0274 0.0252 0.4977 0.0689 
     D237340  2 0.0253 0.2018 0.3336 0.1695 0.2047 0.0651 
     D237389  2 0.0311 0.1796 0.5457 0.0229 0.1338 0.0870 
     D237390  2 0.0624 0.4332 0.2417 0.0924 0.0333 0.1370 
     D244017  2 0.0299 0.1720 0.0470 0.2629 0.3895 0.0988 
     D244112  2 0.0139 0.0261 0.0425 0.0204 0.8696 0.0276 
     D244118  2 0.0123 0.0320 0.3230 0.0209 0.5921 0.0197 
     D244119  2 0.0254 0.0392 0.0299 0.4828 0.3747 0.0480 
     D244120  2 0.0169 0.3247 0.0349 0.0931 0.4377 0.0926 
     D244122  2 0.0254 0.0775 0.0591 0.0277 0.7702 0.0401 
        D291  2 0.0914 0.0450 0.0663 0.1510 0.2316 0.4147 
        D292  2 0.2281 0.0857 0.0450 0.2010 0.3800 0.0602 
        D293  2 0.0579 0.0170 0.0129 0.0122 0.8521 0.0478 
        D322  2 0.0973 0.0407 0.0364 0.0235 0.7671 0.0350 
        D323  2 0.1759 0.3345 0.0544 0.0830 0.1714 0.1808 
        D324  2 0.2559 0.0275 0.1113 0.2309 0.1048 0.2696 
        D325  2 0.0318 0.0139 0.0151 0.0146 0.8819 0.0427 
        D326  2 0.8777 0.0174 0.0142 0.0385 0.0169 0.0353 
        D340  2 0.0207 0.0167 0.0198 0.0199 0.9013 0.0215 
        D341  2 0.0437 0.0339 0.0327 0.0471 0.7924 0.0501 
        D342  2 0.0236 0.0497 0.1060 0.0252 0.6917 0.1038 
        D343  2 0.0159 0.0092 0.0085 0.0089 0.9448 0.0127 
        D344  2 0.2404 0.5173 0.0380 0.0198 0.0637 0.1209 
        D345  2 0.3584 0.0957 0.2787 0.0963 0.0686 0.1024 
        D346  2 0.0820 0.0762 0.0338 0.6099 0.0947 0.1035 
        D351  2 0.3361 0.0710 0.0722 0.0487 0.1167 0.3554 
        D352  2 0.0592 0.5146 0.0529 0.0711 0.1184 0.1837 
        D353  2 0.4179 0.1262 0.0251 0.0261 0.0448 0.3599 
        D354  2 0.1864 0.6169 0.0704 0.0426 0.0201 0.0636 
        D362  2 0.7773 0.0393 0.0626 0.0361 0.0368 0.0480 
        D363  2 0.8258 0.0285 0.0290 0.0532 0.0286 0.0350 
        D364  2 0.4481 0.3468 0.0866 0.0278 0.0325 0.0582 
        D365  2 0.0223 0.0155 0.0137 0.0152 0.9183 0.0150 
        D369  2 0.2135 0.0424 0.0957 0.2810 0.2572 0.1101 
        D374  2 0.0255 0.6926 0.0336 0.1829 0.0244 0.0410 
        D375  2 0.0552 0.7840 0.0265 0.0160 0.0316 0.0867 
        D376  2 0.0206 0.6062 0.0536 0.2167 0.0542 0.0486 
        D377  2 0.0520 0.3663 0.1996 0.0949 0.0744 0.2128 
        D378  2 0.3250 0.0498 0.0606 0.0406 0.3973 0.1267 
        D379  2 0.8500 0.0341 0.0248 0.0312 0.0238 0.0362 
        D384  2 0.9047 0.0137 0.0177 0.0316 0.0168 0.0155 
        D385  2 0.0230 0.0946 0.0204 0.0315 0.8040 0.0265 
        D386  2 0.3831 0.2854 0.0685 0.0209 0.1007 0.1415 
        D391  2 0.0352 0.0286 0.0183 0.0161 0.8765 0.0253 
        D392  2 0.0629 0.0323 0.0692 0.0513 0.7353 0.0490 
        D393  2 0.5600 0.0425 0.0673 0.0522 0.1927 0.0854 
        D394  2 0.1221 0.2309 0.3159 0.0536 0.1135 0.1640 
        D395  2 0.0237 0.3779 0.0226 0.0229 0.4780 0.0749 
        D401  2 0.0221 0.0373 0.8404 0.0323 0.0319 0.0360 
        D402  2 0.0187 0.0337 0.0158 0.0227 0.8781 0.0309 
        D403  2 0.4777 0.1618 0.1125 0.0201 0.0426 0.1855 
        D415  2 0.6763 0.0364 0.0612 0.0117 0.0259 0.1885 
        D435  2 0.6133 0.0254 0.0475 0.0252 0.2502 0.0384 
        D436  2 0.2666 0.4990 0.0434 0.0462 0.0574 0.0874 
        D438  2 0.0157 0.0157 0.0125 0.0194 0.9174 0.0192 
        D439  2 0.1211 0.2487 0.0908 0.0403 0.2723 0.2268 
        D449  2 0.1331 0.0300 0.0318 0.0199 0.6399 0.1452 
        D450  2 0.2350 0.1531 0.0711 0.1863 0.0300 0.3245 
        D456  2 0.8969 0.0139 0.0119 0.0174 0.0142 0.0457 
        D462  2 0.0310 0.0269 0.0148 0.0121 0.8920 0.0231 
        D463  2 0.9073 0.0188 0.0171 0.0218 0.0125 0.0225 
        D464  2 0.2280 0.3803 0.0235 0.0293 0.0882 0.2507 
        D465  2 0.2473 0.0439 0.0504 0.0299 0.5418 0.0867 
        D473  2 0.0471 0.2556 0.1562 0.3912 0.0602 0.0897 
        D474  2 0.5740 0.0141 0.0687 0.2068 0.0880 0.0483 
        D476  2 0.0638 0.1421 0.5038 0.0226 0.2003 0.0672 
        D477  2 0.4930 0.1727 0.0590 0.1273 0.0383 0.1096 
        D478  2 0.0792 0.2569 0.1286 0.1002 0.1008 0.3344 
        D480  2 0.4052 0.0904 0.0271 0.1948 0.1699 0.1126 
        D481  2 0.3030 0.1509 0.1541 0.1653 0.1140 0.1126 
        D482  2 0.0298 0.3142 0.0720 0.4215 0.0583 0.1041 
        D483  2 0.0184 0.0250 0.0258 0.0547 0.8546 0.0215 
        D484  2 0.0200 0.7921 0.0287 0.0357 0.0854 0.0380 
        D510  2 0.0313 0.2471 0.0318 0.6028 0.0375 0.0497 
        D511  2 0.3535 0.2533 0.0572 0.0359 0.2085 0.0916 
        D512  2 0.0246 0.0841 0.4544 0.0183 0.2087 0.2100 
        D513  2 0.1670 0.0462 0.0461 0.0720 0.5646 0.1042 
        D635  2 0.5259 0.0219 0.2487 0.0446 0.0415 0.1174 
        D636  2 0.0354 0.0127 0.8879 0.0162 0.0180 0.0298 
        D637  2 0.0467 0.3352 0.0495 0.1263 0.2860 0.1564 
        D658  2 0.0280 0.2429 0.0668 0.0588 0.5503 0.0532 
        D659  2 0.8109 0.0274 0.0317 0.0408 0.0279 0.0614 
        D677  2 0.4206 0.1209 0.1520 0.0320 0.1174 0.1572 
        D678  2 0.0233 0.0885 0.0443 0.0251 0.7163 0.1026 
        D679  2 0.5708 0.0502 0.0366 0.0969 0.0857 0.1597 
        D719  2 0.1545 0.0437 0.0222 0.5507 0.2014 0.0274 
        D720  2 0.7467 0.0344 0.0357 0.0626 0.0630 0.0576 
        D721  2 0.1092 0.0333 0.5564 0.0470 0.1081 0.1460 
        D722  2 0.0315 0.5983 0.0748 0.1600 0.0715 0.0639 
        D734  2 0.0507 0.2528 0.0153 0.3788 0.2158 0.0865 
        D735  2 0.3855 0.0585 0.1223 0.0996 0.1056 0.2284 
        D736  2 0.0973 0.0377 0.0561 0.6492 0.0808 0.0789 
        D737  2 0.0276 0.1791 0.0866 0.0771 0.5784 0.0512 
        D807  2 0.2519 0.1362 0.0778 0.3131 0.1313 0.0896 
        D808  2 0.0989 0.0800 0.2594 0.0504 0.2373 0.2742 
        D817  2 0.4931 0.2122 0.0559 0.0832 0.0407 0.1149 
        D818  2 0.0910 0.0465 0.0418 0.0339 0.2642 0.5225 
        D819  2 0.3291 0.1168 0.2256 0.0719 0.0505 0.2062 
        D820  2 0.8108 0.0365 0.0170 0.0233 0.0709 0.0416 
        D895  2 0.6164 0.0485 0.1376 0.0431 0.0408 0.1137 
        D896  2 0.0178 0.0415 0.8707 0.0278 0.0172 0.0249 
        D897  2 0.0286 0.0401 0.0406 0.0311 0.7700 0.0896 
        D898  2 0.0892 0.1968 0.1237 0.1844 0.0660 0.3399 
        D918  2 0.0541 0.1359 0.1724 0.1272 0.1836 0.3269 
        D919  2 0.2193 0.2475 0.0390 0.0303 0.2940 0.1699 
        D920  2 0.0288 0.0468 0.8131 0.0362 0.0320 0.0431 
        D923  2 0.7969 0.0573 0.0255 0.0245 0.0350 0.0608 
        D930  2 0.3449 0.1323 0.0714 0.1211 0.0796 0.2506 
        D931  2 0.4278 0.2168 0.0437 0.0670 0.1521 0.0926 
        D968  2 0.0213 0.0193 0.0120 0.0161 0.9123 0.0190 
        D969  2 0.3797 0.0400 0.0521 0.1329 0.2918 0.1035 
        D977  2 0.0360 0.0292 0.0207 0.0205 0.8131 0.0806 
        D978  2 0.0393 0.0626 0.0219 0.0990 0.2890 0.4882 
        D211  3 0.1427 0.0509 0.2818 0.0473 0.0705 0.4069 
     D229639  3 0.0692 0.0512 0.0331 0.6295 0.1353 0.0817 
     D237212  3 0.1635 0.1651 0.1073 0.1231 0.2109 0.2301 
     D237213  3 0.1179 0.1875 0.2827 0.0364 0.0687 0.3068 
     D237214  3 0.0499 0.0313 0.3158 0.0272 0.0277 0.5481 
     D237215  3 0.0178 0.1089 0.0229 0.1599 0.6552 0.0354 
     D237216  3 0.0701 0.0388 0.0589 0.0313 0.0436 0.7573 
     D237217  3 0.1778 0.0431 0.3780 0.0204 0.0459 0.3348 
     D237218  3 0.1899 0.0936 0.0827 0.1971 0.1418 0.2949 
     D237219  3 0.0520 0.0451 0.3423 0.4213 0.0373 0.1021 
     D237382  3 0.1336 0.2948 0.1055 0.0881 0.1013 0.2767 
     D244127  3 0.0304 0.0616 0.6166 0.0439 0.1092 0.1383 
     D244129  3 0.1911 0.1042 0.2260 0.0928 0.1405 0.2454 
     D244133  3 0.1186 0.0656 0.1503 0.2846 0.1922 0.1888 
     D244134  3 0.0310 0.0202 0.0648 0.8101 0.0466 0.0272 
     D244135  3 0.0725 0.0314 0.5367 0.0242 0.1309 0.2042 
     D244136  3 0.2845 0.0918 0.0731 0.3135 0.1203 0.1167 
        D416  3 0.2133 0.0585 0.1316 0.0672 0.2616 0.2677 
        D417  3 0.8319 0.0500 0.0401 0.0212 0.0147 0.0421 
        D419  3 0.1713 0.0647 0.2105 0.2870 0.1438 0.1227 
        D565  3 0.0760 0.0209 0.0253 0.8355 0.0209 0.0213 
        D566  3 0.0617 0.0517 0.0380 0.7094 0.0704 0.0689 
        D567  3 0.6426 0.0569 0.1762 0.0341 0.0543 0.0359 
        D568  3 0.2884 0.1133 0.2530 0.0268 0.1889 0.1296 
        D569  3 0.0429 0.4360 0.0586 0.0333 0.2260 0.2032 
        D573  3 0.1933 0.0251 0.0279 0.1060 0.5324 0.1154 
        D574  3 0.0485 0.1134 0.0708 0.5023 0.0575 0.2075 
        D575  3 0.1971 0.0390 0.1647 0.3833 0.0851 0.1308 
        D576  3 0.0104 0.0595 0.0254 0.0775 0.7582 0.0690 
        D577  3 0.6663 0.0627 0.0635 0.0549 0.0458 0.1069 
        D578  3 0.0213 0.0166 0.5681 0.0165 0.0433 0.3342 
        D579  3 0.2931 0.0751 0.1057 0.2961 0.1308 0.0993 
        D660  3 0.0203 0.0710 0.0690 0.0312 0.6610 0.1474 
        D661  3 0.0517 0.0436 0.0432 0.0666 0.6293 0.1655 
        D663  3 0.0654 0.0695 0.0292 0.1150 0.3047 0.4163 
        D664  3 0.0336 0.1201 0.2774 0.1069 0.2609 0.2011 
        D665  3 0.0207 0.1660 0.1521 0.0167 0.0621 0.5824 
        D666  3 0.1196 0.0589 0.2125 0.4313 0.0369 0.1409 
        D009  4 0.1707 0.1931 0.3236 0.0308 0.0254 0.2565 
        D057  4 0.0578 0.1040 0.3035 0.0445 0.4604 0.0299 
        D109  4 0.0594 0.0653 0.5531 0.0604 0.0256 0.2361 
     D237222  4 0.0491 0.1227 0.6559 0.0711 0.0344 0.0667 
     D237223  4 0.0762 0.1960 0.2857 0.1189 0.0992 0.2240 
     D237224  4 0.2381 0.1586 0.0709 0.1220 0.2741 0.1363 
     D237225  4 0.2304 0.0791 0.1640 0.0649 0.0540 0.4076 
     D237299  4 0.0214 0.0480 0.0425 0.0418 0.0375 0.8088 
     D237300  4 0.0239 0.0375 0.0434 0.5726 0.1991 0.1234 
     D237306  4 0.1612 0.3140 0.1244 0.2084 0.0509 0.1411 
     D237307  4 0.4370 0.0742 0.0612 0.2153 0.0878 0.1246 
     D237308  4 0.0788 0.1047 0.1809 0.0837 0.4998 0.0520 
     D237309  4 0.3139 0.1266 0.2583 0.0398 0.0881 0.1732 
     D237317  4 0.2525 0.0799 0.0724 0.4407 0.0364 0.1182 
     D237318  4 0.0308 0.0268 0.0168 0.3907 0.3210 0.2139 
     D237319  4 0.1278 0.1779 0.2239 0.0581 0.0984 0.3140 
     D237320  4 0.1156 0.0651 0.2496 0.0821 0.2405 0.2471 
     D237321  4 0.0640 0.0526 0.0656 0.5189 0.2077 0.0911 
     D237397  4 0.0932 0.1260 0.1452 0.2657 0.2367 0.1332 
     D237398  4 0.1607 0.0377 0.0500 0.1655 0.1450 0.4412 
     D237399  4 0.1608 0.0930 0.0909 0.4032 0.0901 0.1620 
     D244001  4 0.0488 0.1409 0.5567 0.0207 0.1834 0.0495 
        D289  4 0.1825 0.1331 0.0606 0.2225 0.2154 0.1858 
        D290  4 0.0851 0.4248 0.0348 0.0351 0.0761 0.3441 
        D294  4 0.1884 0.2620 0.0313 0.0577 0.1034 0.3571 
        D295  4 0.4701 0.1744 0.1207 0.0683 0.0532 0.1133 
        D301  4 0.0217 0.0731 0.7432 0.0741 0.0522 0.0358 
        D302  4 0.3660 0.4774 0.0310 0.0181 0.0262 0.0812 
        D303  4 0.0563 0.1444 0.0841 0.5781 0.0771 0.0600 
        D304  4 0.1290 0.2959 0.0397 0.1778 0.0805 0.2771 
        D305  4 0.0364 0.3289 0.0539 0.0242 0.1641 0.3925 
        D306  4 0.0321 0.4522 0.0376 0.0274 0.0313 0.4194 
        D307  4 0.0173 0.0367 0.8049 0.0898 0.0240 0.0273 
        D327  4 0.6421 0.0754 0.0265 0.0812 0.0690 0.1059 
        D328  4 0.0327 0.7087 0.0456 0.0998 0.0333 0.0800 
        D329  4 0.1445 0.1866 0.1569 0.0606 0.2599 0.1916 
        D330  4 0.3361 0.1904 0.1952 0.0177 0.1075 0.1531 
        D331  4 0.2052 0.1701 0.1086 0.2260 0.0887 0.2014 
        D333  4 0.1205 0.3495 0.1474 0.1203 0.1585 0.1038 
        D334  4 0.1825 0.0795 0.0645 0.5046 0.0305 0.1383 
        D335  4 0.4471 0.3909 0.0251 0.0200 0.0699 0.0469 
        D370  4 0.0414 0.6891 0.1254 0.0452 0.0442 0.0548 
        D371  4 0.1798 0.0813 0.0341 0.6404 0.0323 0.0322 
        D372  4 0.0180 0.0991 0.0254 0.3013 0.2126 0.3436 
        D373  4 0.0394 0.0518 0.6903 0.0555 0.1024 0.0607 
        D455  4 0.0387 0.0487 0.7695 0.0405 0.0538 0.0488 
        D490  4 0.0295 0.0362 0.8668 0.0229 0.0137 0.0310 
        D497  4 0.0220 0.0552 0.7879 0.0418 0.0238 0.0693 
        D498  4 0.1088 0.2959 0.1332 0.1927 0.1035 0.1659 
        D499  4 0.0310 0.1165 0.0396 0.2423 0.3405 0.2300 
        D514  4 0.4629 0.2423 0.0554 0.0264 0.0469 0.1661 
        D515  4 0.0743 0.2387 0.1691 0.0267 0.0675 0.4237 
        D516  4 0.2511 0.1120 0.2412 0.0980 0.1610 0.1367 
        D517  4 0.0645 0.0362 0.6412 0.0359 0.1356 0.0866 
        D518  4 0.1015 0.3485 0.2637 0.0635 0.1689 0.0539 
        D519  4 0.0895 0.0467 0.2852 0.0443 0.1059 0.4285 
        D560  4 0.1267 0.1087 0.1587 0.0289 0.1609 0.4160 
        D561  4 0.0797 0.0486 0.0983 0.0156 0.0661 0.6917 
        D562  4 0.0742 0.1850 0.1140 0.0653 0.1702 0.3913 
        D563  4 0.0421 0.1255 0.0728 0.0303 0.5574 0.1718 
        D572  4 0.1945 0.4992 0.0703 0.0264 0.1096 0.1001 
        D629  4 0.4885 0.0532 0.1518 0.0421 0.0466 0.2178 
        D630  4 0.2026 0.2766 0.1028 0.0874 0.0653 0.2654 
        D631  4 0.0661 0.2603 0.0538 0.0565 0.4449 0.1183 
        D632  4 0.0630 0.0877 0.6345 0.0187 0.1553 0.0408 
        D646  4 0.3670 0.0809 0.2394 0.0374 0.1403 0.1350 
        D647  4 0.5347 0.1432 0.1215 0.0202 0.0912 0.0892 
        D648  4 0.0177 0.8798 0.0204 0.0222 0.0287 0.0311 
        D649  4 0.5237 0.1095 0.2536 0.0285 0.0198 0.0650 
        D650  4 0.2879 0.1533 0.1379 0.1554 0.0619 0.2035 
        D708  4 0.0700 0.2921 0.0535 0.3158 0.0436 0.2249 
        D709  4 0.0560 0.5872 0.0773 0.0367 0.0417 0.2011 
        D738  4 0.2184 0.1137 0.2162 0.3372 0.0341 0.0803 
        D739  4 0.0524 0.2847 0.2066 0.0525 0.0476 0.3562 
        D740  4 0.0296 0.0680 0.1400 0.3467 0.0856 0.3299 
        D741  4 0.1368 0.0827 0.0988 0.0240 0.2287 0.4290 
        D742  4 0.0378 0.0876 0.0569 0.1391 0.5269 0.1516 
        D743  4 0.6084 0.1589 0.0260 0.0367 0.0845 0.0856 
        D744  4 0.1839 0.3359 0.0481 0.0430 0.2175 0.1717 
        D745  4 0.0538 0.0855 0.3306 0.0353 0.0534 0.4415 
        D814  4 0.0762 0.0959 0.0387 0.0293 0.4124 0.3475 
        D815  4 0.2620 0.4601 0.0714 0.0564 0.0661 0.0840 
        D828  4 0.0144 0.6491 0.0389 0.0888 0.1201 0.0887 
        D845  4 0.0269 0.0177 0.0167 0.7012 0.2041 0.0334 
        D846  4 0.2095 0.1642 0.0686 0.0208 0.3123 0.2246 
        D847  4 0.1405 0.0671 0.1306 0.1779 0.1177 0.3662 
        D848  4 0.0194 0.0263 0.6841 0.0669 0.1287 0.0746 
        D849  4 0.0813 0.1991 0.3202 0.0255 0.0516 0.3223 
        D850  4 0.3193 0.0519 0.1261 0.1379 0.0798 0.2850 
        D856  4 0.0746 0.1433 0.1779 0.0514 0.0529 0.4999 
        D857  4 0.0128 0.1071 0.7590 0.0276 0.0518 0.0417 
        D859  4 0.1368 0.4896 0.0435 0.0522 0.1207 0.1572 
        D860  4 0.1110 0.0687 0.0389 0.5895 0.1428 0.0490 
        D883  4 0.3122 0.1846 0.2300 0.1376 0.0478 0.0877 
        D884  4 0.1447 0.3393 0.1951 0.0821 0.0313 0.2075 
        D885  4 0.1675 0.0690 0.0735 0.0717 0.1310 0.4873 
        D886  4 0.1701 0.2511 0.3152 0.0347 0.1037 0.1251 
        D887  4 0.1400 0.1738 0.0880 0.1558 0.2124 0.2298 
        D889  4 0.0684 0.2397 0.0217 0.1980 0.0507 0.4215 
        D890  4 0.0800 0.4537 0.1728 0.1097 0.0818 0.1020 
        D891  4 0.0161 0.0136 0.0138 0.6159 0.2238 0.1169 
        D899  4 0.0356 0.1043 0.0349 0.2036 0.5736 0.0480 
        D900  4 0.1833 0.2009 0.0765 0.0892 0.1090 0.3411 
        D970  4 0.2754 0.1730 0.0901 0.1357 0.1503 0.1755 
        D971  4 0.1589 0.0857 0.0781 0.0417 0.5513 0.0843 
        D979  4 0.6004 0.2441 0.0250 0.0255 0.0421 0.0628 
        D093  5 0.0704 0.0734 0.0382 0.7382 0.0327 0.0469 
        D154  5 0.0376 0.1840 0.0345 0.1191 0.3140 0.3108 
        D168  5 0.1151 0.0932 0.1502 0.0418 0.3708 0.2290 
        D189  5 0.0560 0.2214 0.0328 0.4592 0.1060 0.1246 
        D190  5 0.0621 0.1575 0.0329 0.6618 0.0353 0.0505 
     D237220  5 0.0531 0.1041 0.2066 0.2414 0.0400 0.3548 
     D237221  5 0.0817 0.0581 0.0505 0.4929 0.1947 0.1221 
     D237274  5 0.6646 0.1623 0.0456 0.0224 0.0551 0.0499 
     D237275  5 0.0197 0.0600 0.0330 0.0338 0.7672 0.0864 
     D237276  5 0.2323 0.2380 0.1896 0.1429 0.0642 0.1330 
     D237277  5 0.0394 0.0606 0.0236 0.7575 0.0691 0.0498 
     D237278  5 0.0503 0.0935 0.1592 0.1829 0.4055 0.1085 
     D237279  5 0.0709 0.0277 0.5383 0.0226 0.0322 0.3083 
     D237280  5 0.1931 0.0631 0.5499 0.0793 0.0239 0.0907 
     D237281  5 0.0566 0.0279 0.0248 0.0994 0.6953 0.0959 
     D237351  5 0.0421 0.0376 0.6790 0.1218 0.0350 0.0845 
     D237352  5 0.1709 0.1623 0.4169 0.0503 0.1112 0.0884 
     D237353  5 0.0231 0.0353 0.0173 0.8827 0.0225 0.0190 
     D237359  5 0.0739 0.0853 0.1051 0.1996 0.0552 0.4809 
     D237361  5 0.0313 0.0702 0.0247 0.8231 0.0210 0.0297 
     D237362  5 0.3142 0.1174 0.0853 0.2750 0.0751 0.1331 
     D237363  5 0.0684 0.0615 0.0469 0.0536 0.2129 0.5566 
     D237364  5 0.1072 0.1940 0.0947 0.0240 0.2826 0.2975 
     D237376  5 0.0136 0.8353 0.0174 0.0575 0.0332 0.0430 
     D237377  5 0.3251 0.0359 0.3066 0.2068 0.0475 0.0781 
     D237378  5 0.0249 0.2162 0.0340 0.6025 0.0790 0.0434 
     D237379  5 0.0478 0.4168 0.0359 0.2479 0.0601 0.1916 
     D237380  5 0.0364 0.2962 0.5943 0.0257 0.0153 0.0320 
     D237381  5 0.0586 0.1442 0.5789 0.0565 0.0939 0.0679 
     D237391  5 0.0333 0.0210 0.0197 0.8809 0.0171 0.0280 
     D237392  5 0.4187 0.1707 0.0719 0.0303 0.2208 0.0877 
     D237393  5 0.4406 0.0688 0.1507 0.2043 0.0908 0.0449 
     D237394  5 0.0313 0.0241 0.0250 0.8845 0.0116 0.0236 
     D237395  5 0.0527 0.0897 0.1111 0.4374 0.0744 0.2347 
     D237396  5 0.4980 0.0265 0.0969 0.1686 0.0796 0.1304 
     D244016  5 0.0806 0.1874 0.0365 0.3681 0.1079 0.2195 
     D244018  5 0.1061 0.0418 0.0901 0.3367 0.3405 0.0848 
     D244019  5 0.2282 0.1518 0.0365 0.1221 0.1764 0.2850 
        D279  5 0.0523 0.1066 0.0587 0.2868 0.1513 0.3442 
        D280  5 0.1291 0.0411 0.0599 0.5089 0.0666 0.1944 
        D281  5 0.0363 0.0529 0.0224 0.1968 0.4510 0.2406 
        D283  5 0.1653 0.0337 0.0271 0.6641 0.0506 0.0593 
        D284  5 0.0934 0.0900 0.1905 0.0517 0.0815 0.4929 
        D285  5 0.1115 0.0635 0.0364 0.6349 0.0351 0.1186 
        D286  5 0.1523 0.3218 0.0627 0.2330 0.0596 0.1706 
        D287  5 0.0205 0.7129 0.0401 0.1293 0.0306 0.0667 
        D288  5 0.2841 0.0470 0.0320 0.3683 0.0903 0.1782 
        D308  5 0.1041 0.0224 0.7686 0.0383 0.0228 0.0438 
        D309  5 0.3305 0.4692 0.0638 0.0204 0.0316 0.0845 
        D310  5 0.0236 0.0551 0.0138 0.7956 0.0182 0.0938 
        D311  5 0.1950 0.3782 0.0435 0.1144 0.0706 0.1982 
        D312  5 0.1762 0.3246 0.0771 0.2118 0.0856 0.1248 
        D313  5 0.0149 0.0126 0.9228 0.0206 0.0119 0.0172 
        D314  5 0.0490 0.2788 0.0865 0.1412 0.1827 0.2617 
        D315  5 0.2375 0.1285 0.1357 0.3028 0.0867 0.1088 
        D317  5 0.0811 0.0801 0.0235 0.7462 0.0202 0.0489 
        D318  5 0.1285 0.1309 0.0702 0.0958 0.1890 0.3855 
        D319  5 0.0340 0.0534 0.0305 0.8047 0.0366 0.0410 
        D320  5 0.0341 0.0846 0.0409 0.7594 0.0223 0.0588 
        D321  5 0.0993 0.0228 0.6076 0.2049 0.0227 0.0427 
        D336  5 0.0410 0.5208 0.0252 0.3246 0.0230 0.0653 
        D337  5 0.0271 0.0249 0.0150 0.8876 0.0273 0.0181 
        D338  5 0.2176 0.0509 0.0964 0.1840 0.1272 0.3239 
        D339  5 0.0385 0.0597 0.0574 0.7053 0.0650 0.0742 
        D347  5 0.1504 0.5717 0.0265 0.0407 0.1218 0.0890 
        D348  5 0.0309 0.2751 0.0239 0.5710 0.0425 0.0566 
        D349  5 0.0308 0.0367 0.7791 0.0938 0.0255 0.0341 
        D350  5 0.2278 0.5389 0.0298 0.0233 0.0757 0.1045 
        D355  5 0.1251 0.1233 0.0221 0.0269 0.4378 0.2648 
        D356  5 0.3134 0.0959 0.1087 0.3399 0.0376 0.1045 
        D357  5 0.0717 0.3731 0.0722 0.1278 0.0911 0.2640 
        D358  5 0.1135 0.2068 0.1169 0.3744 0.0737 0.1146 
        D359  5 0.4227 0.0756 0.0427 0.3708 0.0203 0.0680 
        D360  5 0.1409 0.0669 0.0769 0.6064 0.0223 0.0866 
        D361  5 0.0335 0.0198 0.8628 0.0312 0.0223 0.0304 
        D366  5 0.5001 0.0298 0.0363 0.0303 0.3600 0.0435 
        D367  5 0.0208 0.3387 0.0452 0.4284 0.0217 0.1452 
        D368  5 0.1529 0.0652 0.1886 0.2811 0.0522 0.2600 
        D380  5 0.2542 0.2025 0.1040 0.0512 0.0896 0.2984 
        D381  5 0.0719 0.0516 0.0498 0.6601 0.0445 0.1221 
        D400  5 0.0932 0.3292 0.0407 0.2506 0.1560 0.1302 
        D411  5 0.0245 0.0395 0.7774 0.0156 0.0376 0.1055 
        D412  5 0.0876 0.1746 0.1362 0.1255 0.2615 0.2145 
        D413  5 0.0850 0.0334 0.0348 0.0437 0.7201 0.0830 
        D414  5 0.0611 0.4610 0.0230 0.0370 0.2427 0.1752 
        D420  5 0.0375 0.0830 0.1222 0.2500 0.0450 0.4623 
        D431  5 0.0251 0.3385 0.0752 0.2030 0.0875 0.2706 
        D432  5 0.0898 0.0528 0.1160 0.6104 0.0727 0.0582 
        D433  5 0.0569 0.0988 0.0522 0.6830 0.0718 0.0373 
        D434  5 0.1468 0.1100 0.0839 0.5275 0.0478 0.0841 
        D440  5 0.2507 0.5409 0.0409 0.0181 0.0245 0.1248 
        D447  5 0.3752 0.1235 0.0631 0.0214 0.1266 0.2902 
        D448  5 0.0849 0.4994 0.0261 0.2587 0.0646 0.0663 
        D459  5 0.0574 0.0416 0.0209 0.0720 0.7265 0.0816 
        D460  5 0.0991 0.0239 0.7155 0.0837 0.0340 0.0437 
        D461  5 0.4068 0.4786 0.0196 0.0257 0.0243 0.0450 
        D468  5 0.2932 0.1681 0.0944 0.1325 0.0849 0.2269 
        D469  5 0.5467 0.0650 0.1144 0.1146 0.0491 0.1102 
        D470  5 0.1133 0.4068 0.1498 0.0645 0.0645 0.2011 
        D471  5 0.0768 0.3671 0.0245 0.3523 0.0761 0.1031 
        D472  5 0.7162 0.0196 0.0222 0.0371 0.1675 0.0374 
        D479  5 0.0270 0.1520 0.0237 0.0180 0.7504 0.0289 
        D485  5 0.0310 0.7914 0.0285 0.0364 0.0434 0.0693 
        D486  5 0.1755 0.2625 0.1627 0.0684 0.0723 0.2585 
        D487  5 0.0342 0.1705 0.0554 0.4664 0.1808 0.0928 
        D555  5 0.0205 0.0683 0.0303 0.7953 0.0686 0.0171 
        D556  5 0.0609 0.2097 0.0719 0.4417 0.0481 0.1676 
        D557  5 0.0349 0.0591 0.0287 0.8114 0.0412 0.0247 
        D564  5 0.0864 0.3745 0.1520 0.2458 0.0552 0.0859 
        D594  5 0.1904 0.4143 0.0645 0.0390 0.1317 0.1601 
        D595  5 0.2182 0.1020 0.0829 0.3540 0.1110 0.1319 
        D596  5 0.0264 0.0781 0.0318 0.8032 0.0344 0.0260 
        D597  5 0.1583 0.0813 0.0333 0.3967 0.2770 0.0534 
        D598  5 0.1457 0.1356 0.1460 0.4204 0.0789 0.0734 
        D617  5 0.0323 0.0718 0.4803 0.0220 0.2402 0.1534 
        D618  5 0.0847 0.0565 0.0418 0.7050 0.0475 0.0645 
        D619  5 0.2079 0.2148 0.3601 0.0869 0.0710 0.0594 
        D620  5 0.0501 0.0165 0.0258 0.0296 0.8595 0.0184 
        D628  5 0.0987 0.5565 0.1409 0.0429 0.0720 0.0891 
        D714  5 0.0234 0.3617 0.0333 0.4401 0.0629 0.0786 
        D715  5 0.0567 0.0271 0.0266 0.8107 0.0481 0.0308 
        D716  5 0.0877 0.6343 0.0216 0.0451 0.1057 0.1056 
        D717  5 0.3575 0.0887 0.0955 0.2691 0.0457 0.1436 
        D718  5 0.0302 0.5213 0.0739 0.0699 0.0454 0.2593 
        D769  5 0.0360 0.1232 0.4782 0.0240 0.2259 0.1127 
        D770  5 0.0590 0.3790 0.0361 0.1225 0.2713 0.1321 
        D771  5 0.0512 0.2127 0.1068 0.1314 0.2939 0.2040 
        D772  5 0.0987 0.3813 0.0728 0.3298 0.0355 0.0819 
        D782  5 0.0844 0.0310 0.3275 0.1011 0.1257 0.3302 
        D783  5 0.0387 0.2694 0.0341 0.1551 0.3473 0.1554 
        D784  5 0.4387 0.0913 0.0517 0.1865 0.0690 0.1628 
        D785  5 0.0698 0.1920 0.0728 0.5892 0.0268 0.0494 
        D786  5 0.1782 0.1841 0.4669 0.0143 0.0789 0.0777 
        D821  5 0.0171 0.0318 0.0129 0.9079 0.0134 0.0171 
        D822  5 0.3768 0.1724 0.0395 0.0938 0.1166 0.2009 
        D826  5 0.0531 0.0958 0.0306 0.5333 0.1756 0.1116 
        D827  5 0.4393 0.1289 0.0352 0.0272 0.1016 0.2679 
        D851  5 0.1384 0.0905 0.0923 0.1958 0.0897 0.3933 
        D852  5 0.0363 0.2394 0.0949 0.4058 0.1440 0.0796 
        D853  5 0.1019 0.1117 0.0615 0.4789 0.0644 0.1816 
        D854  5 0.1354 0.2587 0.0797 0.0390 0.1397 0.3474 
        D861  5 0.0855 0.1033 0.0854 0.1965 0.1676 0.3617 
        D862  5 0.3440 0.2307 0.0476 0.1786 0.0424 0.1567 
        D865  5 0.0286 0.0720 0.0513 0.7490 0.0551 0.0439 
        D868  5 0.7674 0.0260 0.0360 0.0894 0.0431 0.0381 
        D869  5 0.0482 0.0246 0.8041 0.0287 0.0312 0.0633 
        D870  5 0.0438 0.0307 0.0327 0.0162 0.0530 0.8236 
        D907  5 0.0438 0.0919 0.1000 0.6285 0.0358 0.1000 
        D908  5 0.0265 0.1427 0.0666 0.5420 0.1715 0.0507 
        D910  5 0.0898 0.1888 0.0342 0.3955 0.2234 0.0683 
        D911  5 0.0960 0.0508 0.0175 0.0713 0.4367 0.3277 
        D934  5 0.0524 0.3071 0.0347 0.1570 0.1811 0.2677 
        D946  5 0.0261 0.5183 0.0683 0.0877 0.1515 0.1482 
        D947  5 0.2733 0.2033 0.0696 0.1145 0.0726 0.2667 
        D948  5 0.0652 0.0206 0.7261 0.1519 0.0180 0.0182 
        D949  5 0.0677 0.0210 0.7474 0.1142 0.0199 0.0298 
        D950  5 0.0819 0.0653 0.0198 0.1156 0.4868 0.2305 
        D951  5 0.3040 0.3479 0.0726 0.0184 0.0539 0.2033 
        D952  5 0.6665 0.0752 0.0353 0.1038 0.0610 0.0582 
        D953  5 0.0913 0.0531 0.0591 0.7189 0.0339 0.0437 
        D954  5 0.5804 0.0519 0.0360 0.2227 0.0317 0.0774 
        D961  5 0.0192 0.7499 0.0297 0.0462 0.0303 0.1248 
        D962  5 0.0971 0.4841 0.0348 0.2937 0.0197 0.0706 
        D963  5 0.3533 0.2051 0.0307 0.2328 0.0784 0.0998 
        D964  5 0.0594 0.2019 0.1060 0.1385 0.1295 0.3647 
        D965  5 0.0458 0.7202 0.0419 0.0294 0.0820 0.0806 
        D966  5 0.1653 0.2243 0.0428 0.3664 0.1148 0.0864 
        D967  5 0.0435 0.0381 0.1174 0.4816 0.2175 0.1019 
        D991  5 0.1183 0.4215 0.2467 0.0654 0.0401 0.1080 
        D502  6 0.0295 0.2690 0.0718 0.0132 0.1781 0.4384 
        D503  6 0.0314 0.0269 0.2313 0.1565 0.2844 0.2695 
        D504  6 0.4398 0.1154 0.0996 0.1207 0.0674 0.1571 
        D505  6 0.1105 0.1479 0.1020 0.2686 0.1899 0.1812 
        D506  6 0.0426 0.0348 0.0261 0.8337 0.0207 0.0420 
        D507  6 0.0710 0.3722 0.1288 0.0627 0.1248 0.2404 
        D508  6 0.1953 0.2618 0.0521 0.0499 0.0884 0.3525 
        D529  6 0.1288 0.1031 0.1641 0.2322 0.0548 0.3170 
        D530  6 0.0239 0.6768 0.0909 0.0380 0.0884 0.0820 
        D531  6 0.2397 0.2103 0.0545 0.1246 0.0710 0.2998 
        D532  6 0.2120 0.4101 0.0376 0.0729 0.0991 0.1683 
        D534  6 0.0421 0.0390 0.7892 0.0239 0.0415 0.0643 
        D535  6 0.2363 0.2035 0.1291 0.2534 0.0388 0.1389 
        D536  6 0.0276 0.0460 0.0589 0.0200 0.7295 0.1180 
        D554  6 0.0506 0.5078 0.1109 0.1158 0.0488 0.1660 
        D587  6 0.1227 0.0723 0.0471 0.6535 0.0497 0.0547 
        D588  6 0.2225 0.0789 0.0987 0.3207 0.0455 0.2338 
        D589  6 0.0407 0.0657 0.0704 0.2400 0.2794 0.3038 
        D590  6 0.0475 0.0389 0.0450 0.0364 0.7811 0.0511 
        D591  6 0.0731 0.0354 0.1008 0.4221 0.0562 0.3124 
        D592  6 0.0450 0.0240 0.8077 0.0480 0.0345 0.0407 
        D593  6 0.0175 0.7884 0.0306 0.0366 0.0486 0.0783 
        D682  6 0.0330 0.0347 0.0334 0.8149 0.0257 0.0583 
        D683  6 0.5435 0.0266 0.0483 0.2139 0.0216 0.1461 
        D684  6 0.0510 0.0337 0.1850 0.0362 0.1065 0.5876 
        D685  6 0.0252 0.1263 0.0622 0.0816 0.0890 0.6157 
        D686  6 0.0529 0.7266 0.0347 0.0468 0.0339 0.1051 
        D724  6 0.2158 0.2946 0.1130 0.0303 0.1252 0.2211 
        D725  6 0.0478 0.5060 0.0481 0.0902 0.1759 0.1320 
        D726  6 0.0456 0.0682 0.0316 0.7899 0.0212 0.0435 
        D727  6 0.2833 0.0700 0.0630 0.0723 0.3856 0.1258 
        D728  6 0.1016 0.2441 0.0953 0.3512 0.0396 0.1682 
        D729  6 0.2737 0.0237 0.3769 0.0179 0.1882 0.1195 
        D730  6 0.1434 0.2532 0.2141 0.0390 0.1891 0.1611 
        D731  6 0.0140 0.0260 0.0146 0.8311 0.0912 0.0231 
        D732  6 0.3025 0.4043 0.0662 0.0323 0.0664 0.1283 
        D733  6 0.0454 0.6389 0.1018 0.0587 0.0636 0.0916 
     D237251  7 0.0546 0.3707 0.0466 0.1503 0.2143 0.1635 
     D237252  7 0.0491 0.1087 0.3041 0.0327 0.2251 0.2802 
     D237253  7 0.0776 0.1069 0.0368 0.3060 0.1736 0.2992 
     D237254  7 0.0272 0.0155 0.5269 0.0211 0.0357 0.3737 
     D237255  7 0.0362 0.0916 0.0265 0.2355 0.4943 0.1159 
     D237256  7 0.0670 0.2199 0.0163 0.0382 0.3134 0.3453 
     D237257  7 0.0431 0.1034 0.0892 0.0281 0.1103 0.6259 
     D237282  7 0.4447 0.1167 0.1807 0.0190 0.1583 0.0805 
     D237283  7 0.0162 0.0157 0.6634 0.0337 0.0285 0.2425 
     D237284  7 0.0696 0.0300 0.6649 0.0215 0.0371 0.1769 
     D237285  7 0.0488 0.5874 0.0384 0.0527 0.1625 0.1103 
     D237286  7 0.1690 0.1427 0.0893 0.2260 0.1050 0.2680 
     D237287  7 0.1298 0.0961 0.0491 0.0926 0.4210 0.2114 
     D244006  7 0.0265 0.0292 0.7777 0.0167 0.0411 0.1088 
     D244007  7 0.1090 0.0300 0.0402 0.0287 0.7154 0.0767 
     D244008  7 0.0290 0.0203 0.6037 0.0473 0.0273 0.2723 
     D244009  7 0.1271 0.1567 0.4269 0.0834 0.0294 0.1766 
     D244010  7 0.0400 0.0493 0.1062 0.0394 0.0601 0.7050 
     D244011  7 0.0398 0.2053 0.0954 0.2291 0.1069 0.3234 
     D244012  7 0.0709 0.0826 0.0707 0.0359 0.2888 0.4511 
     D244013  7 0.1031 0.0936 0.0655 0.2355 0.4165 0.0858 
     D244014  7 0.0477 0.1662 0.3593 0.0908 0.1418 0.1941 
     D244015  7 0.0947 0.0782 0.3310 0.0255 0.1162 0.3544 
     D244125  7 0.0884 0.0567 0.0501 0.6464 0.0735 0.0849 
     D244126  7 0.0205 0.0373 0.6899 0.0148 0.0199 0.2176 
     D244130  7 0.0456 0.4242 0.2351 0.0305 0.0874 0.1772 
     D244131  7 0.2072 0.0631 0.2118 0.3081 0.1108 0.0990 
     D244132  7 0.2064 0.4945 0.0620 0.1489 0.0270 0.0613 
        D520  7 0.0509 0.1084 0.1282 0.0578 0.0219 0.6329 
        D521  7 0.1487 0.3708 0.1019 0.0377 0.1090 0.2319 
        D522  7 0.0935 0.0501 0.6492 0.1004 0.0537 0.0532 
        D523  7 0.0315 0.0579 0.0348 0.2563 0.5197 0.0998 
        D524  7 0.0738 0.1713 0.1207 0.3122 0.1779 0.1441 
        D525  7 0.0387 0.0409 0.5411 0.1268 0.0835 0.1690 
        D526  7 0.0626 0.0164 0.6294 0.0215 0.0449 0.2252 
        D527  7 0.2658 0.1484 0.1355 0.2038 0.0399 0.2065 
        D528  7 0.0136 0.0117 0.0172 0.0092 0.0101 0.9382 
        D558  7 0.1336 0.4857 0.0843 0.0190 0.2045 0.0728 
        D559  7 0.1471 0.5165 0.0600 0.0202 0.1105 0.1457 
        D640  7 0.0736 0.1786 0.0571 0.5305 0.0566 0.1036 
        D641  7 0.0204 0.1166 0.1418 0.4679 0.1214 0.1320 
        D642  7 0.0406 0.1231 0.4855 0.0377 0.2284 0.0848 
        D644  7 0.0872 0.2757 0.2420 0.1835 0.1001 0.1115 
        D645  7 0.1251 0.1216 0.1220 0.2317 0.1604 0.2393 
        D662  7 0.1800 0.0344 0.6530 0.0723 0.0189 0.0415 
        D687  7 0.1059 0.1368 0.0534 0.3097 0.0619 0.3324 
        D688  7 0.2430 0.2654 0.1482 0.0241 0.1399 0.1794 
        D689  7 0.1485 0.0402 0.0796 0.5320 0.0713 0.1284 
        D700  7 0.0157 0.0133 0.0136 0.0124 0.0137 0.9312 
        D797  7 0.2560 0.1383 0.0844 0.2482 0.1052 0.1680 
        D798  7 0.0595 0.0853 0.6285 0.0468 0.0306 0.1493 
        D799  7 0.0411 0.1792 0.1610 0.1265 0.2185 0.2735 
        D800  7 0.4936 0.0454 0.1123 0.0243 0.0877 0.2367 
        D132  8 0.0550 0.0340 0.8159 0.0296 0.0261 0.0395 
        D133  8 0.0153 0.0206 0.0349 0.0251 0.8678 0.0363 
        D200  8 0.0313 0.4825 0.0287 0.0242 0.0683 0.3651 
        D500  8 0.0266 0.0289 0.8834 0.0248 0.0140 0.0224 
        D614  8 0.1089 0.2444 0.1285 0.2910 0.0395 0.1877 
        D723  8 0.4135 0.0746 0.1963 0.0545 0.1532 0.1080 
        D888  8 0.0386 0.0459 0.0315 0.5043 0.2284 0.1514 
        D901  8 0.0211 0.1210 0.1134 0.0428 0.0561 0.6456 
        D902  8 0.0512 0.1880 0.0655 0.5245 0.0550 0.1157 
        D903  8 0.4476 0.2051 0.0325 0.0780 0.0578 0.1790 
        D904  8 0.2826 0.3294 0.1016 0.0561 0.0937 0.1365 
        D905  8 0.0132 0.0514 0.0155 0.7268 0.1313 0.0617 
        D906  8 0.0565 0.0697 0.0493 0.0560 0.5245 0.2440 
        D937  8 0.0182 0.1620 0.0339 0.6872 0.0374 0.0612 
        D943  8 0.0653 0.1030 0.1471 0.0508 0.0751 0.5587 
        D972  8 0.2674 0.1394 0.2132 0.0395 0.1463 0.1942 
        D973  8 0.6902 0.0638 0.1134 0.0319 0.0458 0.0548 
        D974  8 0.1909 0.3167 0.1194 0.0628 0.1446 0.1656 
        D975  8 0.0363 0.3905 0.0274 0.0516 0.0853 0.4090 
        D976  8 0.0314 0.1877 0.0711 0.1572 0.0819 0.4708 
        D201  9 0.0909 0.1625 0.0882 0.0581 0.3197 0.2805 
        D202  9 0.0232 0.6015 0.0293 0.0278 0.0876 0.2307 
     D237259  9 0.1054 0.0639 0.1001 0.0232 0.0710 0.6363 
     D237260  9 0.0192 0.0802 0.1064 0.1053 0.3743 0.3148 
     D237262  9 0.0212 0.0161 0.8866 0.0263 0.0163 0.0334 
