        D174  1 0.0408 0.1525 0.0713 0.7354 
        D199  1 0.3178 0.0672 0.3238 0.2912 
        D203  1 0.3037 0.2755 0.2862 0.1346 
        D204  1 0.0474 0.0394 0.8529 0.0603 
     D237366  1 0.1288 0.5322 0.2412 0.0978 
     D237367  1 0.1111 0.4022 0.3831 0.1036 
     D237368  1 0.0981 0.6112 0.2244 0.0663 
     D244101  1 0.1851 0.0443 0.7252 0.0454 
     D244102  1 0.1387 0.2805 0.1824 0.3984 
     D244103  1 0.0462 0.2185 0.6375 0.0978 
     D244104  1 0.1027 0.0936 0.6056 0.1982 
     D244105  1 0.0521 0.7151 0.2019 0.0308 
     D244106  1 0.3287 0.0654 0.0911 0.5148 
     D244107  1 0.0538 0.6296 0.2952 0.0213 
     D244108  1 0.0769 0.3011 0.1122 0.5099 
     D244113  1 0.0233 0.0270 0.0308 0.9189 
     D244114  1 0.2943 0.1258 0.3199 0.2600 
     D244115  1 0.0581 0.1823 0.2227 0.5369 
     D267365  1 0.0869 0.0990 0.3662 0.4479 
        D404  1 0.0580 0.0408 0.0524 0.8487 
        D405  1 0.1289 0.1052 0.1570 0.6089 
        D406  1 0.0201 0.9044 0.0358 0.0397 
        D407  1 0.0513 0.2060 0.6765 0.0661 
        D408  1 0.1100 0.0405 0.0841 0.7654 
        D409  1 0.0529 0.1814 0.7064 0.0593 
        D410  1 0.0139 0.8715 0.0734 0.0411 
        D421  1 0.0524 0.0434 0.8238 0.0804 
        D422  1 0.0281 0.8765 0.0786 0.0168 
        D423  1 0.0202 0.9137 0.0511 0.0150 
        D424  1 0.0233 0.0979 0.8210 0.0578 
        D425  1 0.0504 0.0736 0.4577 0.4183 
        D426  1 0.1344 0.1406 0.6871 0.0379 
        D427  1 0.6909 0.0403 0.1518 0.1170 
        D428  1 0.0662 0.1620 0.4373 0.3345 
        D429  1 0.0735 0.0788 0.4369 0.4107 
        D430  1 0.3059 0.1240 0.2969 0.2732 
        D491  1 0.0269 0.0397 0.0916 0.8418 
        D492  1 0.0679 0.2314 0.3690 0.3317 
        D537  1 0.0301 0.1391 0.6948 0.1359 
        D538  1 0.1439 0.4277 0.1910 0.2374 
        D539  1 0.3225 0.1898 0.0687 0.4190 
        D540  1 0.0807 0.1955 0.5320 0.1918 
        D541  1 0.0417 0.0576 0.8612 0.0395 
        D551  1 0.6582 0.0642 0.2284 0.0492 
        D552  1 0.1013 0.3635 0.2902 0.2451 
        D553  1 0.0247 0.0400 0.8951 0.0401 
        D615  1 0.1761 0.3432 0.3307 0.1499 
        D616  1 0.1751 0.3258 0.3819 0.1172 
        D621  1 0.0445 0.7727 0.0492 0.1335 
        D622  1 0.0332 0.8433 0.0656 0.0579 
        D623  1 0.2642 0.0463 0.0895 0.6000 
        D624  1 0.0474 0.0574 0.0744 0.8208 
        D625  1 0.0288 0.1515 0.7008 0.1188 
        D626  1 0.0905 0.2530 0.1111 0.5454 
        D627  1 0.0917 0.1597 0.6997 0.0489 
        D690  1 0.0221 0.1578 0.6477 0.1723 
        D691  1 0.0278 0.8668 0.0620 0.0434 
        D710  1 0.0771 0.1263 0.5532 0.2434 
        D711  1 0.0522 0.1287 0.6945 0.1246 
        D712  1 0.0739 0.0664 0.0534 0.8063 
        D713  1 0.0282 0.1225 0.1437 0.7057 
        D746  1 0.0240 0.8964 0.0563 0.0234 
        D747  1 0.0544 0.0358 0.8676 0.0422 
        D748  1 0.0434 0.5046 0.3094 0.1426 
        D749  1 0.1257 0.6956 0.0663 0.1124 
        D750  1 0.0438 0.1061 0.1763 0.6738 
        D763  1 0.3634 0.1436 0.4211 0.0719 
        D764  1 0.0280 0.2015 0.4440 0.3265 
        D765  1 0.0331 0.7871 0.0512 0.1285 
        D766  1 0.0276 0.6770 0.1940 0.1013 
        D767  1 0.1546 0.3568 0.2846 0.2040 
        D768  1 0.0312 0.0535 0.8869 0.0285 
        D811  1 0.0332 0.0979 0.0465 0.8224 
        D816  1 0.0306 0.0697 0.7185 0.1813 
        D825  1 0.0280 0.2186 0.1390 0.6144 
        D866  1 0.5461 0.0797 0.0874 0.2868 
        D867  1 0.0407 0.8810 0.0438 0.0345 
        D871  1 0.0358 0.1442 0.7600 0.0600 
        D872  1 0.0645 0.4544 0.3256 0.1555 
        D873  1 0.0169 0.9493 0.0141 0.0198 
        D874  1 0.0931 0.0296 0.4175 0.4597 
        D875  1 0.0202 0.3013 0.6455 0.0330 
        D876  1 0.0541 0.1580 0.5699 0.2181 
        D877  1 0.0454 0.0214 0.0919 0.8412 
        D892  1 0.0340 0.2993 0.3292 0.3376 
        D893  1 0.0970 0.1789 0.6412 0.0829 
        D894  1 0.0706 0.0886 0.7234 0.1174 
        D915  1 0.0403 0.2599 0.5288 0.1709 
        D916  1 0.0278 0.0748 0.8348 0.0627 
        D917  1 0.1065 0.0472 0.3864 0.4599 
        D925  1 0.0316 0.7881 0.0819 0.0984 
        D926  1 0.0599 0.1007 0.6135 0.2259 
        D927  1 0.4769 0.0633 0.3398 0.1200 
        D928  1 0.0240 0.0280 0.0571 0.8909 
        D929  1 0.1007 0.2310 0.1896 0.4787 
        D936  1 0.1723 0.0523 0.6613 0.1141 
        D938  1 0.0166 0.9205 0.0308 0.0321 
        D956  1 0.0836 0.0791 0.0592 0.7781 
        D957  1 0.0529 0.5835 0.2452 0.1184 
        D958  1 0.0284 0.4596 0.3075 0.2045 
        D959  1 0.0409 0.1845 0.7247 0.0499 
        D960  1 0.0240 0.9072 0.0275 0.0412 
        D989  1 0.2674 0.0604 0.1043 0.5679 
        D990  1 0.0634 0.8850 0.0203 0.0312 
        D023  2 0.0246 0.6159 0.3405 0.0190 
        D130  2 0.0256 0.8812 0.0611 0.0321 
        D131  2 0.0964 0.1177 0.7222 0.0637 
        D163  2 0.0345 0.8373 0.0966 0.0316 
        D164  2 0.4301 0.5315 0.0185 0.0199 
        D165  2 0.0511 0.7330 0.1908 0.0251 
        D166  2 0.1863 0.3783 0.2504 0.1849 
        D167  2 0.9108 0.0191 0.0219 0.0482 
        D192  2 0.9457 0.0177 0.0158 0.0208 
        D193  2 0.0852 0.1360 0.0671 0.7116 
        D206  2 0.2627 0.2186 0.4248 0.0939 
        D207  2 0.7396 0.0510 0.1518 0.0576 
        D208  2 0.3852 0.0724 0.0738 0.4687 
        D209  2 0.5867 0.1044 0.2460 0.0629 
        D210  2 0.4660 0.0665 0.1135 0.3540 
     D229599  2 0.1865 0.1751 0.4586 0.1798 
     D229600  2 0.3342 0.5665 0.0594 0.0398 
     D237227  2 0.1472 0.2444 0.0871 0.5213 
     D237228  2 0.1143 0.4807 0.0468 0.3583 
     D237258  2 0.3498 0.2503 0.1463 0.2536 
     D237310  2 0.0811 0.7762 0.0293 0.1134 
     D237311  2 0.1804 0.7327 0.0348 0.0522 
     D237312  2 0.0584 0.5459 0.0842 0.3115 
     D237313  2 0.0820 0.2694 0.3588 0.2897 
     D237322  2 0.4756 0.1773 0.1179 0.2292 
     D237323  2 0.0517 0.7704 0.0242 0.1538 
     D237324  2 0.3188 0.4470 0.2119 0.0222 
     D237325  2 0.0941 0.6235 0.0846 0.1978 
     D237326  2 0.0426 0.7395 0.1325 0.0854 
     D237327  2 0.6945 0.0854 0.1790 0.0411 
     D237337  2 0.0274 0.8375 0.0454 0.0897 
     D237338  2 0.1864 0.4892 0.1296 0.1948 
     D237339  2 0.3642 0.0418 0.5379 0.0561 
     D237340  2 0.2846 0.3585 0.0459 0.3110 
     D237389  2 0.0714 0.7920 0.0634 0.0732 
     D237390  2 0.0687 0.4718 0.1143 0.3451 
     D244017  2 0.4304 0.0729 0.0677 0.4290 
     D244112  2 0.8410 0.1052 0.0268 0.0270 
     D244118  2 0.6029 0.3428 0.0254 0.0289 
     D244119  2 0.4780 0.0410 0.0289 0.4521 
     D244120  2 0.6726 0.0745 0.0373 0.2156 
     D244122  2 0.7408 0.0999 0.0518 0.1075 
        D291  2 0.5259 0.1242 0.2267 0.1231 
        D292  2 0.5819 0.0736 0.2219 0.1227 
        D293  2 0.5738 0.0129 0.3949 0.0185 
        D322  2 0.4173 0.0648 0.4871 0.0308 
        D323  2 0.2352 0.0936 0.3602 0.3109 
        D324  2 0.2315 0.1804 0.4460 0.1421 
        D325  2 0.8054 0.0258 0.1571 0.0117 
        D326  2 0.0266 0.0233 0.9118 0.0383 
        D340  2 0.9376 0.0234 0.0248 0.0143 
        D341  2 0.9001 0.0352 0.0348 0.0299 
        D342  2 0.7074 0.1694 0.0693 0.0539 
        D343  2 0.9537 0.0124 0.0236 0.0103 
        D344  2 0.0788 0.0926 0.7065 0.1221 
        D345  2 0.0804 0.2692 0.5643 0.0861 
        D346  2 0.1729 0.0435 0.0884 0.6952 
        D351  2 0.1233 0.1071 0.7204 0.0492 
        D352  2 0.2377 0.1438 0.3844 0.2341 
        D353  2 0.0591 0.0280 0.8740 0.0389 
        D354  2 0.0504 0.1369 0.4573 0.3554 
        D362  2 0.0479 0.1227 0.6574 0.1720 
        D363  2 0.0422 0.0592 0.6608 0.2378 
        D364  2 0.0422 0.1369 0.6856 0.1354 
        D365  2 0.9310 0.0162 0.0358 0.0170 
        D369  2 0.2670 0.1555 0.3273 0.2502 
        D374  2 0.0321 0.0307 0.0230 0.9142 
        D375  2 0.0580 0.2054 0.5052 0.2314 
        D376  2 0.0879 0.0577 0.0321 0.8223 
        D377  2 0.1122 0.2347 0.1339 0.5191 
        D378  2 0.2442 0.0628 0.6560 0.0371 
        D379  2 0.0412 0.0448 0.8307 0.0834 
        D384  2 0.0283 0.0244 0.8586 0.0887 
        D385  2 0.9072 0.0240 0.0248 0.0440 
        D386  2 0.1095 0.0877 0.7526 0.0502 
        D391  2 0.8714 0.0258 0.0789 0.0240 
        D392  2 0.7649 0.0822 0.0807 0.0722 
        D393  2 0.2246 0.0912 0.6361 0.0481 
        D394  2 0.1354 0.4673 0.2991 0.0982 
        D395  2 0.7440 0.0459 0.1605 0.0497 
        D401  2 0.0292 0.8844 0.0271 0.0593 
        D402  2 0.9079 0.0236 0.0431 0.0254 
        D403  2 0.0460 0.2171 0.6751 0.0618 
        D415  2 0.0217 0.1150 0.8364 0.0270 
        D435  2 0.2801 0.1074 0.5937 0.0189 
        D436  2 0.0837 0.1094 0.4966 0.3102 
        D438  2 0.9313 0.0219 0.0171 0.0297 
        D439  2 0.1832 0.1286 0.6480 0.0402 
        D449  2 0.5717 0.0392 0.3627 0.0264 
        D450  2 0.0596 0.0894 0.3416 0.5094 
        D456  2 0.0226 0.0275 0.9260 0.0239 
        D462  2 0.8693 0.0246 0.0873 0.0187 
        D463  2 0.0179 0.0212 0.9054 0.0556 
        D464  2 0.1466 0.0443 0.6227 0.1864 
        D465  2 0.3256 0.1818 0.4443 0.0484 
        D473  2 0.0861 0.1716 0.0516 0.6908 
        D474  2 0.2578 0.1326 0.5315 0.0782 
        D476  2 0.1713 0.6622 0.1444 0.0221 
        D477  2 0.0943 0.0687 0.6315 0.2055 
        D478  2 0.0843 0.1808 0.2813 0.4536 
        D480  2 0.3842 0.0350 0.4346 0.1462 
        D481  2 0.1482 0.1816 0.4997 0.1706 
        D482  2 0.4527 0.1633 0.1060 0.2779 
        D483  2 0.9090 0.0277 0.0235 0.0398 
        D484  2 0.4007 0.1029 0.1957 0.3007 
        D510  2 0.0645 0.0292 0.0408 0.8655 
        D511  2 0.1948 0.0700 0.6929 0.0422 
        D512  2 0.1414 0.7234 0.0932 0.0420 
        D513  2 0.5538 0.1164 0.2258 0.1040 
        D635  2 0.0438 0.2015 0.7166 0.0381 
        D636  2 0.0206 0.9111 0.0361 0.0322 
        D637  2 0.4866 0.1131 0.1808 0.2196 
        D658  2 0.7365 0.0793 0.0370 0.1472 
        D659  2 0.0508 0.0571 0.8350 0.0571 
        D677  2 0.2048 0.3056 0.3754 0.1142 
        D678  2 0.8087 0.0721 0.0588 0.0604 
        D679  2 0.1980 0.0482 0.6139 0.1400 
        D719  2 0.2248 0.0276 0.2739 0.4737 
        D720  2 0.0709 0.0750 0.6390 0.2152 
        D721  2 0.1556 0.4949 0.2879 0.0617 
        D722  2 0.0745 0.0602 0.0422 0.8231 
        D734  2 0.2927 0.0319 0.1657 0.5097 
        D735  2 0.1617 0.1712 0.5108 0.1564 
        D736  2 0.2780 0.0992 0.1757 0.4471 
        D737  2 0.7715 0.1050 0.0523 0.0712 
        D807  2 0.1925 0.1071 0.2622 0.4382 
        D808  2 0.2544 0.3993 0.2867 0.0596 
        D817  2 0.0423 0.0819 0.4667 0.4091 
        D818  2 0.5232 0.0791 0.3482 0.0494 
        D819  2 0.0672 0.2398 0.5002 0.1928 
        D820  2 0.0590 0.0304 0.8454 0.0652 
        D895  2 0.0848 0.1530 0.6853 0.0768 
        D896  2 0.0222 0.8953 0.0267 0.0559 
        D897  2 0.7953 0.0683 0.0864 0.0500 
        D898  2 0.1582 0.2324 0.3119 0.2974 
        D918  2 0.3236 0.4361 0.1219 0.1183 
        D919  2 0.3071 0.0498 0.5949 0.0482 
        D920  2 0.0303 0.8962 0.0237 0.0498 
        D923  2 0.0376 0.0364 0.8601 0.0659 
        D930  2 0.0868 0.1151 0.4828 0.3153 
        D931  2 0.2431 0.0889 0.4873 0.1808 
        D968  2 0.9187 0.0161 0.0457 0.0195 
        D969  2 0.3558 0.0480 0.5274 0.0689 
        D977  2 0.8106 0.0519 0.1057 0.0318 
        D978  2 0.6106 0.0571 0.2121 0.1202 
        D211  3 0.0711 0.6722 0.1950 0.0617 
     D229639  3 0.7310 0.0643 0.0752 0.1294 
     D237212  3 0.3235 0.2020 0.3743 0.1002 
     D237213  3 0.0902 0.4706 0.3232 0.1160 
     D237214  3 0.0250 0.6469 0.2475 0.0807 
     D237215  3 0.7979 0.0275 0.0193 0.1554 
     D237216  3 0.1341 0.2412 0.5497 0.0749 
     D237217  3 0.0747 0.5858 0.3035 0.0360 
     D237218  3 0.5814 0.0976 0.2642 0.0567 
     D237219  3 0.1357 0.6195 0.0616 0.1831 
     D237382  3 0.1015 0.2597 0.2585 0.3803 
     D244127  3 0.1409 0.7447 0.0684 0.0460 
     D244129  3 0.1687 0.3359 0.3738 0.1216 
     D244133  3 0.1770 0.1814 0.1301 0.5114 
     D244134  3 0.4282 0.2134 0.0755 0.2829 
     D244135  3 0.0823 0.7193 0.1648 0.0336 
     D244136  3 0.1187 0.1059 0.2434 0.5320 
        D416  3 0.3582 0.1667 0.4030 0.0721 
        D417  3 0.0308 0.0965 0.8085 0.0642 
        D419  3 0.2145 0.4253 0.2222 0.1380 
        D565  3 0.0296 0.0207 0.0524 0.8974 
        D566  3 0.4093 0.0555 0.1027 0.4326 
        D567  3 0.0341 0.2010 0.6848 0.0801 
        D568  3 0.1970 0.3381 0.4320 0.0329 
        D569  3 0.3580 0.1514 0.3695 0.1211 
        D573  3 0.6849 0.0307 0.2627 0.0217 
        D574  3 0.0715 0.1018 0.0925 0.7341 
        D575  3 0.1485 0.2586 0.1807 0.4122 
        D576  3 0.8581 0.0267 0.0196 0.0956 
        D577  3 0.0587 0.1124 0.6493 0.1796 
        D578  3 0.0362 0.8930 0.0499 0.0209 
        D579  3 0.2510 0.1221 0.3260 0.3008 
        D660  3 0.6379 0.2164 0.0896 0.0561 
        D661  3 0.7910 0.0756 0.0962 0.0372 
        D663  3 0.7570 0.0297 0.1444 0.0688 
        D664  3 0.1840 0.4160 0.0585 0.3415 
        D665  3 0.1695 0.6038 0.1569 0.0698 
        D666  3 0.0952 0.3523 0.1661 0.3865 
        D009  4 0.0574 0.4575 0.4211 0.0640 
        D057  4 0.5204 0.3054 0.1259 0.0482 
        D109  4 0.0404 0.7988 0.0796 0.0813 
     D237222  4 0.0541 0.7487 0.0425 0.1548 
     D237223  4 0.1518 0.5870 0.1046 0.1566 
     D237224  4 0.5159 0.0798 0.3212 0.0831 
     D237225  4 0.0920 0.3501 0.4563 0.1017 
     D237299  4 0.1942 0.5243 0.2047 0.0768 
     D237300  4 0.8316 0.0332 0.0331 0.1021 
     D237306  4 0.0472 0.1357 0.1193 0.6978 
     D237307  4 0.1126 0.1059 0.3227 0.4589 
     D237308  4 0.5887 0.1825 0.1010 0.1279 
     D237309  4 0.1239 0.3155 0.4925 0.0681 
     D237317  4 0.0467 0.0812 0.2526 0.6196 
     D237318  4 0.8682 0.0219 0.0539 0.0559 
     D237319  4 0.1286 0.5228 0.2345 0.1141 
     D237320  4 0.2825 0.4470 0.1932 0.0774 
     D237321  4 0.7263 0.0773 0.0942 0.1022 
     D237397  4 0.2765 0.2769 0.1066 0.3401 
     D237398  4 0.5759 0.0700 0.3210 0.0331 
     D237399  4 0.2669 0.1990 0.2527 0.2814 
     D244001  4 0.0911 0.7746 0.0663 0.0679 
        D289  4 0.2434 0.0641 0.3593 0.3331 
        D290  4 0.2769 0.1553 0.2871 0.2807 
        D294  4 0.2281 0.0710 0.5085 0.1923 
        D295  4 0.0930 0.2889 0.3720 0.2461 
        D301  4 0.0896 0.8283 0.0233 0.0588 
        D302  4 0.0440 0.0537 0.7914 0.1109 
        D303  4 0.1134 0.0975 0.0551 0.7340 
        D304  4 0.2831 0.0573 0.2550 0.4046 
        D305  4 0.3858 0.1345 0.4427 0.0370 
        D306  4 0.1018 0.1091 0.3286 0.4605 
        D307  4 0.0601 0.8542 0.0262 0.0594 
        D327  4 0.0639 0.0675 0.7134 0.1552 
        D328  4 0.0622 0.0799 0.0827 0.7752 
        D329  4 0.5355 0.1577 0.1926 0.1142 
        D330  4 0.0459 0.3241 0.5792 0.0508 
        D331  4 0.2400 0.2320 0.2151 0.3129 
        D333  4 0.2349 0.2252 0.1477 0.3923 
        D334  4 0.0499 0.0902 0.1167 0.7433 
        D335  4 0.0875 0.0593 0.6839 0.1693 
        D370  4 0.0778 0.2091 0.0749 0.6382 
        D371  4 0.0345 0.0282 0.0730 0.8643 
        D372  4 0.8296 0.0555 0.0327 0.0822 
        D373  4 0.1740 0.7257 0.0675 0.0329 
        D455  4 0.0768 0.8471 0.0405 0.0356 
        D490  4 0.0175 0.9267 0.0255 0.0303 
        D497  4 0.0477 0.8716 0.0389 0.0418 
        D498  4 0.2273 0.2716 0.1034 0.3977 
        D499  4 0.5895 0.0747 0.1318 0.2040 
        D514  4 0.0463 0.0767 0.8095 0.0675 
        D515  4 0.0658 0.6344 0.1852 0.1146 
        D516  4 0.1529 0.3839 0.2253 0.2378 
        D517  4 0.1056 0.7871 0.0837 0.0236 
        D518  4 0.1818 0.3396 0.1656 0.3130 
        D519  4 0.1557 0.5930 0.2000 0.0514 
        D560  4 0.2443 0.4814 0.2347 0.0396 
        D561  4 0.0306 0.2355 0.7164 0.0176 
        D562  4 0.2285 0.2247 0.3142 0.2326 
        D563  4 0.5860 0.1155 0.2620 0.0365 
        D572  4 0.1332 0.1531 0.5248 0.1889 
        D629  4 0.0645 0.2584 0.5521 0.1251 
        D630  4 0.1655 0.2412 0.3142 0.2791 
        D631  4 0.5784 0.1106 0.1784 0.1326 
        D632  4 0.1690 0.6766 0.1125 0.0418 
        D646  4 0.1136 0.3495 0.4799 0.0570 
        D647  4 0.0985 0.2900 0.5645 0.0469 
        D648  4 0.0522 0.0483 0.0479 0.8516 
        D649  4 0.0350 0.3362 0.5741 0.0548 
        D650  4 0.1061 0.2082 0.2733 0.4124 
        D708  4 0.0887 0.0832 0.1369 0.6913 
        D709  4 0.1074 0.1884 0.2072 0.4970 
        D738  4 0.0555 0.2297 0.0955 0.6193 
        D739  4 0.1286 0.4682 0.2086 0.1946 
        D740  4 0.3714 0.2957 0.1524 0.1806 
        D741  4 0.2231 0.2561 0.4862 0.0346 
        D742  4 0.6590 0.0826 0.1249 0.1334 
        D743  4 0.1187 0.0403 0.7623 0.0788 
        D744  4 0.1928 0.0680 0.6901 0.0491 
        D745  4 0.0756 0.7326 0.1357 0.0561 
        D814  4 0.6163 0.0832 0.2650 0.0355 
        D815  4 0.1103 0.1092 0.5672 0.2132 
        D828  4 0.2655 0.0699 0.0412 0.6233 
        D845  4 0.8704 0.0224 0.0573 0.0499 
        D846  4 0.3240 0.1378 0.5088 0.0294 
        D847  4 0.2559 0.2628 0.3175 0.1638 
        D848  4 0.3026 0.6144 0.0482 0.0347 
        D849  4 0.0723 0.6890 0.1713 0.0674 
        D850  4 0.1487 0.2058 0.4923 0.1532 
        D856  4 0.0605 0.5106 0.3163 0.1126 
        D857  4 0.0430 0.8781 0.0198 0.0591 
        D859  4 0.3269 0.0987 0.4233 0.1511 
        D860  4 0.3528 0.0431 0.1856 0.4185 
        D883  4 0.0699 0.2670 0.2719 0.3911 
        D884  4 0.0516 0.3918 0.1641 0.3924 
        D885  4 0.3528 0.1443 0.4507 0.0522 
        D886  4 0.1185 0.5761 0.2090 0.0964 
        D887  4 0.5160 0.1276 0.2216 0.1349 
        D889  4 0.5393 0.0490 0.2554 0.1564 
        D890  4 0.0829 0.1559 0.1005 0.6607 
        D891  4 0.9361 0.0156 0.0299 0.0185 
        D899  4 0.6503 0.0420 0.0747 0.2329 
        D900  4 0.1568 0.1738 0.4529 0.2165 
        D970  4 0.2320 0.1190 0.4895 0.1595 
        D971  4 0.6281 0.0857 0.1823 0.1039 
        D979  4 0.0894 0.0394 0.6998 0.1713 
        D093  5 0.1270 0.0946 0.0821 0.6964 
        D154  5 0.5840 0.0708 0.1537 0.1914 
        D168  5 0.4336 0.3268 0.1686 0.0710 
        D189  5 0.3117 0.0532 0.0865 0.5486 
        D190  5 0.0562 0.0279 0.0347 0.8813 
     D237220  5 0.2070 0.4733 0.1681 0.1516 
     D237221  5 0.2927 0.0810 0.1458 0.4805 
     D237274  5 0.0360 0.0608 0.8595 0.0437 
     D237275  5 0.8520 0.0545 0.0425 0.0510 
     D237276  5 0.1095 0.3763 0.1243 0.3899 
     D237277  5 0.2708 0.0528 0.0758 0.6005 
     D237278  5 0.5479 0.1657 0.0802 0.2062 
     D237279  5 0.0312 0.6434 0.2862 0.0392 
     D237280  5 0.0594 0.5589 0.2540 0.1277 
     D237281  5 0.8011 0.0341 0.1333 0.0315 
     D237351  5 0.0411 0.8303 0.0281 0.1005 
     D237352  5 0.0961 0.4989 0.2433 0.1617 
     D237353  5 0.0579 0.0345 0.0266 0.8810 
     D237359  5 0.3556 0.2857 0.2451 0.1137 
     D237361  5 0.0252 0.0323 0.0292 0.9134 
     D237362  5 0.1104 0.1173 0.2865 0.4857 
     D237363  5 0.2970 0.1302 0.3612 0.2116 
     D237364  5 0.4009 0.1973 0.3331 0.0687 
     D237376  5 0.1053 0.0483 0.0242 0.8222 
     D237377  5 0.0509 0.3305 0.4964 0.1223 
     D237378  5 0.1903 0.0543 0.0330 0.7224 
     D237379  5 0.1351 0.0869 0.1093 0.6688 
     D237380  5 0.0247 0.7921 0.0427 0.1405 
     D237381  5 0.0836 0.6751 0.1115 0.1298 
     D237391  5 0.1040 0.0773 0.1000 0.7187 
     D237392  5 0.1209 0.1164 0.6688 0.0939 
     D237393  5 0.1185 0.1453 0.3720 0.3643 
     D237394  5 0.0212 0.0276 0.0379 0.9132 
     D237395  5 0.2117 0.1900 0.0780 0.5203 
     D237396  5 0.0915 0.1307 0.6936 0.0842 
     D244016  5 0.1503 0.0512 0.2271 0.5714 
     D244018  5 0.5532 0.1705 0.1058 0.1705 
     D244019  5 0.1841 0.0562 0.4728 0.2869 
        D279  5 0.6887 0.1015 0.1191 0.0906 
        D280  5 0.2741 0.1305 0.2669 0.3285 
        D281  5 0.7921 0.0227 0.0933 0.0919 
        D283  5 0.1036 0.0547 0.2915 0.5503 
        D284  5 0.1747 0.5566 0.1607 0.1080 
        D285  5 0.1608 0.0913 0.2159 0.5320 
        D286  5 0.1486 0.1582 0.1876 0.5056 
        D287  5 0.0695 0.0973 0.0349 0.7983 
        D288  5 0.1938 0.0553 0.3572 0.3937 
        D308  5 0.0209 0.8821 0.0625 0.0345 
        D309  5 0.0391 0.0586 0.8662 0.0360 
        D310  5 0.0372 0.0302 0.0471 0.8854 
        D311  5 0.0995 0.0709 0.2580 0.5716 
        D312  5 0.0891 0.1007 0.1663 0.6439 
        D313  5 0.0125 0.9463 0.0154 0.0258 
        D314  5 0.4344 0.2207 0.1001 0.2447 
        D315  5 0.0929 0.1500 0.2827 0.4743 
        D317  5 0.0471 0.0384 0.0408 0.8737 
        D318  5 0.2032 0.1557 0.5001 0.1411 
        D319  5 0.0474 0.0503 0.0346 0.8677 
        D320  5 0.0451 0.0505 0.0510 0.8534 
        D321  5 0.0765 0.7304 0.0838 0.1093 
        D336  5 0.0336 0.0213 0.0424 0.9027 
        D337  5 0.0654 0.0162 0.0336 0.8848 
        D338  5 0.2611 0.2306 0.2953 0.2131 
        D339  5 0.1181 0.0903 0.0722 0.7195 
        D347  5 0.1674 0.0576 0.4054 0.3696 
        D348  5 0.0586 0.0187 0.0560 0.8667 
        D349  5 0.0377 0.8535 0.0362 0.0726 
        D350  5 0.1510 0.0792 0.6978 0.0720 
        D355  5 0.4152 0.0331 0.4799 0.0717 
        D356  5 0.0660 0.1429 0.1802 0.6109 
        D357  5 0.1803 0.1640 0.1766 0.4790 
        D358  5 0.0989 0.1090 0.2538 0.5383 
        D359  5 0.0241 0.0271 0.3617 0.5871 
        D360  5 0.0520 0.1324 0.1160 0.6996 
        D361  5 0.0248 0.9040 0.0340 0.0372 
        D366  5 0.2234 0.0812 0.6516 0.0437 
        D367  5 0.0575 0.0839 0.0495 0.8091 
        D368  5 0.0574 0.3030 0.1578 0.4818 
        D380  5 0.1115 0.0995 0.7259 0.0631 
        D381  5 0.0968 0.0651 0.1747 0.6635 
        D400  5 0.3189 0.0838 0.1170 0.4803 
        D411  5 0.0295 0.9118 0.0317 0.0270 
        D412  5 0.3153 0.1826 0.2367 0.2654 
        D413  5 0.7884 0.0584 0.1059 0.0474 
        D414  5 0.6419 0.0700 0.2129 0.0753 
        D420  5 0.2506 0.3769 0.1577 0.2148 
        D431  5 0.3754 0.1743 0.0500 0.4003 
        D432  5 0.2412 0.1651 0.0867 0.5070 
        D433  5 0.1637 0.0665 0.0683 0.7015 
        D434  5 0.0789 0.1104 0.1280 0.6827 
        D440  5 0.0961 0.0666 0.7951 0.0422 
        D447  5 0.0603 0.0779 0.8294 0.0324 
        D448  5 0.0819 0.0232 0.0651 0.8297 
        D459  5 0.7812 0.0247 0.1522 0.0420 
        D460  5 0.0354 0.7839 0.1019 0.0789 
        D461  5 0.0643 0.0350 0.8476 0.0531 
        D468  5 0.0740 0.1168 0.2733 0.5359 
        D469  5 0.0927 0.2044 0.5209 0.1820 
        D470  5 0.0773 0.3638 0.1758 0.3831 
        D471  5 0.1482 0.0313 0.1052 0.7154 
        D472  5 0.2079 0.0276 0.7219 0.0427 
        D479  5 0.8631 0.0347 0.0453 0.0569 
        D485  5 0.1639 0.1428 0.1272 0.5660 
        D486  5 0.0465 0.2840 0.2229 0.4466 
        D487  5 0.7249 0.0564 0.0481 0.1705 
        D555  5 0.0892 0.0281 0.0323 0.8505 
        D556  5 0.2656 0.1009 0.1043 0.5291 
        D557  5 0.0552 0.0294 0.0398 0.8756 
        D564  5 0.1150 0.2123 0.1653 0.5074 
        D594  5 0.0971 0.0995 0.4478 0.3556 
        D595  5 0.1729 0.1145 0.2519 0.4607 
        D596  5 0.0541 0.0338 0.0290 0.8831 
        D597  5 0.3498 0.0457 0.2116 0.3930 
        D598  5 0.1353 0.2259 0.1349 0.5039 
        D617  5 0.1446 0.7570 0.0581 0.0403 
        D618  5 0.2513 0.0917 0.1213 0.5356 
        D619  5 0.0639 0.3441 0.2922 0.2999 
        D620  5 0.8937 0.0307 0.0494 0.0263 
        D628  5 0.1964 0.3217 0.2148 0.2671 
        D714  5 0.3460 0.0464 0.0501 0.5575 
        D715  5 0.1469 0.0321 0.1369 0.6841 
        D716  5 0.2180 0.0534 0.2805 0.4480 
        D717  5 0.1310 0.1865 0.4045 0.2781 
        D718  5 0.1240 0.3952 0.0680 0.4128 
        D769  5 0.1601 0.6980 0.0832 0.0587 
        D770  5 0.5312 0.0629 0.1077 0.2982 
        D771  5 0.5329 0.1370 0.1188 0.2113 
        D772  5 0.0847 0.0595 0.0994 0.7564 
        D782  5 0.2417 0.3737 0.3304 0.0542 
        D783  5 0.5886 0.0577 0.1384 0.2152 
        D784  5 0.1189 0.0782 0.6597 0.1432 
        D785  5 0.0306 0.0789 0.0510 0.8395 
        D786  5 0.0856 0.6377 0.2188 0.0578 
        D821  5 0.0357 0.0176 0.0229 0.9238 
        D822  5 0.0742 0.0544 0.5499 0.3215 
        D826  5 0.4991 0.0585 0.0863 0.3561 
        D827  5 0.1032 0.0507 0.7487 0.0974 
        D851  5 0.1560 0.1769 0.4561 0.2110 
        D852  5 0.6180 0.1328 0.0676 0.1816 
        D853  5 0.1770 0.1325 0.1505 0.5400 
        D854  5 0.2351 0.1581 0.4921 0.1147 
        D861  5 0.3001 0.1983 0.2246 0.2770 
        D862  5 0.0416 0.0596 0.2448 0.6540 
        D865  5 0.1041 0.0701 0.0381 0.7878 
        D868  5 0.0841 0.1348 0.6149 0.1662 
        D869  5 0.0273 0.8657 0.0466 0.0604 
        D870  5 0.0504 0.1864 0.7327 0.0305 
        D907  5 0.0545 0.1271 0.0631 0.7552 
        D908  5 0.6712 0.0812 0.0389 0.2087 
        D910  5 0.2795 0.0365 0.0844 0.5996 
        D911  5 0.5187 0.0271 0.3626 0.0916 
        D934  5 0.5203 0.0546 0.1812 0.2439 
        D946  5 0.5352 0.1680 0.1008 0.1961 
        D947  5 0.2087 0.1598 0.4478 0.1837 
        D948  5 0.0304 0.7942 0.0581 0.1173 
        D949  5 0.0294 0.8263 0.0560 0.0883 
        D950  5 0.5882 0.0302 0.3173 0.0642 
        D951  5 0.0310 0.0538 0.7811 0.1341 
        D952  5 0.0948 0.0651 0.5911 0.2490 
        D953  5 0.0902 0.0793 0.0881 0.7424 
        D954  5 0.0631 0.0716 0.4699 0.3954 
        D961  5 0.1511 0.1751 0.0855 0.5883 
        D962  5 0.0266 0.0381 0.0731 0.8622 
        D963  5 0.1590 0.0497 0.3095 0.4818 
        D964  5 0.2958 0.2997 0.1867 0.2179 
        D965  5 0.2438 0.1374 0.2447 0.3741 
        D966  5 0.2565 0.0649 0.2456 0.4330 
        D967  5 0.3759 0.1947 0.1089 0.3205 
        D991  5 0.1030 0.3784 0.1742 0.3444 
        D502  6 0.3700 0.2854 0.2372 0.1074 
        D503  6 0.5876 0.3160 0.0490 0.0474 
        D504  6 0.1810 0.1510 0.4861 0.1819 
        D505  6 0.2133 0.1232 0.2615 0.4020 
        D506  6 0.0237 0.0386 0.0392 0.8984 
        D507  6 0.4974 0.2166 0.1856 0.1004 
        D508  6 0.2217 0.0741 0.5701 0.1341 
        D529  6 0.1529 0.3567 0.2309 0.2594 
        D530  6 0.0832 0.1511 0.0480 0.7177 
        D531  6 0.1621 0.1155 0.4608 0.2616 
        D532  6 0.0633 0.0493 0.3192 0.5682 
        D534  6 0.0523 0.8195 0.0949 0.0333 
        D535  6 0.0556 0.1123 0.2053 0.6268 
        D536  6 0.7850 0.1164 0.0643 0.0344 
        D554  6 0.0617 0.1386 0.0726 0.7270 
        D587  6 0.0733 0.0590 0.0955 0.7722 
        D588  6 0.0673 0.0899 0.4610 0.3818 
        D589  6 0.5983 0.1608 0.1042 0.1366 
        D590  6 0.7879 0.0888 0.0805 0.0427 
        D591  6 0.3049 0.1923 0.2358 0.2670 
        D592  6 0.0736 0.8171 0.0509 0.0584 
        D593  6 0.0782 0.0624 0.0291 0.8302 
        D682  6 0.0633 0.0672 0.0684 0.8011 
        D683  6 0.0508 0.1053 0.5802 0.2637 
        D684  6 0.3934 0.3720 0.2091 0.0255 
        D685  6 0.4561 0.2229 0.1091 0.2119 
        D686  6 0.0508 0.0590 0.0644 0.8258 
        D724  6 0.1850 0.2167 0.5361 0.0622 
        D725  6 0.2448 0.1122 0.1171 0.5259 
        D726  6 0.0273 0.0380 0.0389 0.8958 
        D727  6 0.3469 0.1185 0.4003 0.1344 
        D728  6 0.0402 0.0615 0.0742 0.8241 
        D729  6 0.0959 0.4842 0.3916 0.0283 
        D730  6 0.3121 0.3527 0.2386 0.0967 
        D731  6 0.3782 0.0239 0.0212 0.5767 
        D732  6 0.1410 0.0989 0.5690 0.1911 
        D733  6 0.1900 0.2788 0.1998 0.3314 
     D237251  7 0.5961 0.0793 0.0888 0.2358 
     D237252  7 0.2831 0.5403 0.1214 0.0552 
     D237253  7 0.6327 0.0704 0.0930 0.2039 
     D237254  7 0.0451 0.8356 0.0917 0.0277 
     D237255  7 0.7883 0.0350 0.0821 0.0946 
     D237256  7 0.6288 0.0408 0.2492 0.0812 
     D237257  7 0.1295 0.4287 0.3560 0.0858 
     D237282  7 0.0916 0.1469 0.7291 0.0324 
     D237283  7 0.0435 0.8908 0.0376 0.0281 
     D237284  7 0.0368 0.8569 0.0775 0.0289 
     D237285  7 0.2282 0.0727 0.1309 0.5682 
     D237286  7 0.1786 0.1099 0.4174 0.2942 
     D237287  7 0.4619 0.1251 0.3362 0.0767 
     D244006  7 0.0368 0.8790 0.0588 0.0254 
     D244007  7 0.4634 0.1171 0.3555 0.0641 
     D244008  7 0.0368 0.8559 0.0435 0.0639 
     D244009  7 0.0527 0.6845 0.1407 0.1221 
     D244010  7 0.1674 0.4408 0.2623 0.1295 
     D244011  7 0.3652 0.1645 0.1279 0.3424 
     D244012  7 0.3369 0.2056 0.3751 0.0823 
     D244013  7 0.5350 0.0997 0.1216 0.2438 
     D244014  7 0.4257 0.3276 0.1544 0.0923 
     D244015  7 0.0844 0.4931 0.3697 0.0528 
     D244125  7 0.3709 0.0839 0.2628 0.2825 
     D244126  7 0.0219 0.9283 0.0360 0.0138 
     D244130  7 0.1763 0.4626 0.2036 0.1575 
     D244131  7 0.1485 0.2303 0.2627 0.3584 
     D244132  7 0.0496 0.0942 0.3067 0.5494 
        D520  7 0.0507 0.3520 0.1844 0.4130 
        D521  7 0.1742 0.3031 0.3014 0.2213 
        D522  7 0.0831 0.6715 0.1698 0.0756 
        D523  7 0.8111 0.0469 0.0683 0.0737 
        D524  7 0.4249 0.1677 0.1234 0.2840 
        D525  7 0.3254 0.5534 0.0710 0.0502 
        D526  7 0.0306 0.8479 0.0955 0.0259 
        D527  7 0.1899 0.2112 0.4615 0.1374 
        D528  7 0.0148 0.0419 0.9213 0.0220 
        D558  7 0.2141 0.2298 0.4888 0.0673 
        D559  7 0.2220 0.1582 0.5832 0.0366 
        D640  7 0.2434 0.1105 0.1969 0.4492 
        D641  7 0.3166 0.2607 0.0533 0.3694 
        D642  7 0.2094 0.5770 0.1172 0.0964 
        D644  7 0.1332 0.3086 0.1199 0.4383 
        D645  7 0.4042 0.2251 0.1620 0.2088 
        D662  7 0.0190 0.6577 0.1707 0.1525 
        D687  7 0.5033 0.1512 0.2429 0.1026 
        D688  7 0.1719 0.1950 0.5686 0.0646 
        D689  7 0.2107 0.1049 0.2476 0.4368 
        D700  7 0.0171 0.0141 0.9539 0.0149 
        D797  7 0.2479 0.2146 0.2577 0.2798 
        D798  7 0.0412 0.7738 0.1331 0.0519 
        D799  7 0.6723 0.1607 0.1129 0.0540 
        D800  7 0.1593 0.1057 0.6950 0.0400 
        D132  8 0.0261 0.8874 0.0456 0.0410 
        D133  8 0.8973 0.0612 0.0233 0.0182 
        D200  8 0.4302 0.1313 0.1946 0.2439 
        D500  8 0.0164 0.9190 0.0324 0.0322 
        D614  8 0.0579 0.2122 0.1040 0.6260 
        D723  8 0.1291 0.4076 0.3698 0.0935 
        D888  8 0.8356 0.0436 0.0630 0.0577 
        D901  8 0.1754 0.6180 0.0681 0.1384 
        D902  8 0.0957 0.0972 0.0626 0.7444 
        D903  8 0.1071 0.0397 0.5546 0.2987 
        D904  8 0.1364 0.2157 0.4721 0.1759 
        D905  8 0.8255 0.0230 0.0259 0.1256 
        D906  8 0.6182 0.1109 0.2228 0.0481 
        D937  8 0.0677 0.0538 0.0236 0.8549 
        D943  8 0.1993 0.3769 0.3542 0.0696 
        D972  8 0.0836 0.4876 0.3258 0.1031 
        D973  8 0.0371 0.2702 0.5746 0.1181 
        D974  8 0.1880 0.2876 0.1643 0.3601 
        D975  8 0.3116 0.1451 0.1826 0.3608 
        D976  8 0.3317 0.2307 0.1513 0.2863 
        D201  9 0.6033 0.1232 0.2017 0.0718 
        D202  9 0.5493 0.1762 0.0733 0.2012 
     D237259  9 0.0604 0.1855 0.7149 0.0392 
     D237260  9 0.6598 0.2602 0.0319 0.0480 
     D237262  9 0.0288 0.9067 0.0376 0.0269 
     D237263  9 0.2542 0.5659 0.1261 0.0539 
     D237264  9 0.1823 0.4287 0.1679 0.2212 
     D237265  9 0.8393 0.0715 0.0279 0.0614 
     D237266  9 0.5349 0.3510 0.0787 0.0354 
     D237267  9 0.1193 0.1738 0.1895 0.5174 
     D237268  9 0.0716 0.5454 0.1801 0.2029 
     D237289  9 0.5359 0.1173 0.0484 0.2984 
     D237290  9 0.8725 0.0448 0.0507 0.0319 
     D237291  9 0.7894 0.0760 0.0647 0.0698 
     D237292  9 0.6052 0.2866 0.0695 0.0387 
     D237293  9 0.1113 0.4080 0.1431 0.3376 
     D237294  9 0.2469 0.6442 0.0559 0.0529 
     D237295  9 0.0526 0.2687 0.2870 0.3916 
     D237296  9 0.2562 0.2693 0.2014 0.2731 
     D237297  9 0.1076 0.0645 0.0883 0.7395 
     D237298  9 0.3372 0.2904 0.2663 0.1062 
     D237341  9 0.4737 0.1353 0.2463 0.1446 
     D237342  9 0.1068 0.7373 0.0809 0.0750 
     D237343  9 0.3958 0.4331 0.1234 0.0477 
     D237344  9 0.1962 0.0992 0.0757 0.6289 
     D237345  9 0.0511 0.8859 0.0437 0.0193 
     D237346  9 0.5993 0.1240 0.0592 0.2175 
     D237347  9 0.2870 0.0732 0.1029 0.5370 
     D237348  9 0.2088 0.3407 0.1402 0.3103 
     D237349  9 0.2466 0.3054 0.4223 0.0257 
     D244109  9 0.5888 0.1470 0.2461 0.0181 
     D244110  9 0.7411 0.0895 0.1314 0.0379 
     D244111  9 0.3540 0.1632 0.2922 0.1906 
     D244128  9 0.0795 0.8129 0.0612 0.0464 
     D244137  9 0.1021 0.2432 0.5778 0.0770 
     D244138  9 0.5209 0.1748 0.0922 0.2122 
        D580  9 0.0358 0.5487 0.3299 0.0856 
        D581  9 0.8730 0.0610 0.0366 0.0294 
        D582  9 0.0249 0.8962 0.0376 0.0412 
        D583  9 0.8320 0.1155 0.0268 0.0257 
        D584  9 0.0726 0.2449 0.0559 0.6266 
        D585  9 0.2346 0.6158 0.1054 0.0443 
        D586  9 0.8228 0.0443 0.0446 0.0883 
        D651  9 0.2085 0.1543 0.3901 0.2471 
        D652  9 0.0966 0.5598 0.3102 0.0335 
        D653  9 0.3991 0.0719 0.4285 0.1005 
        D654  9 0.3696 0.2114 0.3731 0.0459 
        D655  9 0.3530 0.0712 0.1757 0.4001 
        D656  9 0.0426 0.8033 0.0912 0.0629 
        D657  9 0.2628 0.4126 0.1925 0.1321 
        D667  9 0.2026 0.0733 0.1021 0.6220 
        D668  9 0.2429 0.5574 0.0798 0.1199 
        D669  9 0.6817 0.1251 0.1046 0.0887 
        D670  9 0.0630 0.0895 0.7451 0.1024 
        D671  9 0.7775 0.0813 0.0872 0.0540 
        D672  9 0.1332 0.7423 0.0744 0.0501 
        D673  9 0.1716 0.3950 0.1614 0.2720 
        D692  9 0.2297 0.6225 0.1079 0.0400 
        D693  9 0.1230 0.2816 0.1572 0.4382 
        D694  9 0.0725 0.8190 0.0612 0.0473 
        D695  9 0.0611 0.5905 0.2623 0.0861 
        D696  9 0.0234 0.0231 0.0206 0.9329 
        D697  9 0.2209 0.1319 0.1065 0.5407 
        D698  9 0.5197 0.1179 0.0467 0.3156 
        D699  9 0.1111 0.0983 0.0435 0.7471 
        D787  9 0.1267 0.3898 0.4387 0.0448 
        D788  9 0.0439 0.1002 0.0787 0.7772 
        D789  9 0.2143 0.3554 0.0960 0.3342 
        D790  9 0.2856 0.3482 0.2306 0.1356 
        D791  9 0.6611 0.0841 0.0572 0.1976 
        D792  9 0.2322 0.2925 0.4092 0.0661 
        D793  9 0.1400 0.0790 0.1876 0.5934 
        D794  9 0.1428 0.1227 0.2647 0.4698 
        D795  9 0.1142 0.7337 0.0352 0.1169 
        D796  9 0.5613 0.1481 0.0957 0.1950 
        D142 10 0.1605 0.0864 0.2254 0.5277 
        D143 10 0.7918 0.0582 0.0496 0.1004 
        D144 10 0.1190 0.2291 0.2573 0.3946 
        D145 10 0.8243 0.0564 0.0732 0.0461 
        D146 10 0.0600 0.6418 0.1293 0.1689 
        D147 10 0.1405 0.2748 0.4717 0.1130 
        D148 10 0.0652 0.1217 0.7250 0.0881 
        D149 10 0.7730 0.0562 0.1312 0.0396 
        D151 10 0.1782 0.2157 0.5313 0.0748 
        D152 10 0.9266 0.0263 0.0223 0.0247 
        D153 10 0.0499 0.1353 0.4322 0.3826 
        D156 10 0.1808 0.0670 0.6504 0.1018 
        D157 10 0.0881 0.2357 0.0732 0.6030 
        D158 10 0.4402 0.1901 0.0673 0.3023 
        D159 10 0.9091 0.0278 0.0320 0.0311 
        D160 10 0.7620 0.0432 0.0185 0.1764 
        D161 10 0.1605 0.1405 0.3920 0.3071 
        D162 10 0.2695 0.0512 0.4881 0.1912 
        D169 10 0.0577 0.8113 0.0919 0.0391 
        D170 10 0.0494 0.7360 0.0799 0.1347 
        D171 10 0.0601 0.1208 0.1623 0.6568 
        D172 10 0.2878 0.2601 0.3200 0.1321 
        D173 10 0.8525 0.0377 0.0936 0.0162 
        D181 10 0.1185 0.0617 0.1343 0.6854 
        D182 10 0.4667 0.2037 0.2767 0.0529 
        D183 10 0.0371 0.0625 0.0459 0.8545 
        D184 10 0.0137 0.9024 0.0659 0.0180 
        D185 10 0.0909 0.1767 0.5407 0.1918 
        D186 10 0.1076 0.8180 0.0415 0.0330 
        D194 10 0.0830 0.6093 0.1666 0.1411 
        D195 10 0.4349 0.0702 0.1868 0.3081 
        D196 10 0.4300 0.0367 0.3692 0.1641 
        D197 10 0.1426 0.7679 0.0310 0.0585 
        D198 10 0.0478 0.1891 0.4486 0.3145 
     D237226 10 0.6567 0.1889 0.1117 0.0427 
     D237232 10 0.3905 0.1161 0.1088 0.3846 
     D237233 10 0.6857 0.1289 0.0323 0.1531 
     D237234 10 0.2410 0.1532 0.1248 0.4809 
     D237354 10 0.9089 0.0221 0.0349 0.0341 
     D237355 10 0.7823 0.0526 0.0767 0.0884 
     D237356 10 0.0311 0.1396 0.1667 0.6626 
     D237357 10 0.4322 0.3587 0.1229 0.0862 
     D237358 10 0.1223 0.3711 0.4426 0.0639 
     D237369 10 0.0745 0.6930 0.2093 0.0233 
     D237370 10 0.0850 0.0550 0.0317 0.8284 
     D237371 10 0.0688 0.2198 0.6223 0.0891 
     D237372 10 0.4116 0.4006 0.1446 0.0431 
     D237373 10 0.4141 0.0539 0.1143 0.4176 
     D237374 10 0.7790 0.0369 0.0391 0.1450 
     D237375 10 0.3208 0.1586 0.4092 0.1113 
     D237400 10 0.9301 0.0234 0.0207 0.0258 
     D244002 10 0.0958 0.3103 0.5565 0.0374 
     D244003 10 0.7111 0.0527 0.0178 0.2185 
     D244004 10 0.0392 0.0750 0.0188 0.8670 
     D244005 10 0.6077 0.2629 0.0869 0.0425 
     D244020 10 0.0992 0.0944 0.2600 0.5464 
     D244021 10 0.3083 0.4273 0.1487 0.1158 
     D244116 10 0.1052 0.6171 0.1602 0.1175 
     D244117 10 0.6065 0.0616 0.0505 0.2814 
     D244121 10 0.2634 0.1565 0.0319 0.5482 
     D244123 10 0.3154 0.1039 0.1278 0.4528 
     D244124 10 0.3546 0.4791 0.0465 0.1198 
        D332 10 0.0743 0.0803 0.6426 0.2027 
        D570 10 0.0376 0.0554 0.0695 0.8375 
        D602 10 0.0978 0.0635 0.7627 0.0760 
        D603 10 0.2938 0.1992 0.1066 0.4003 
        D604 10 0.4036 0.0594 0.4398 0.0971 
        D605 10 0.1961 0.1943 0.5053 0.1042 
        D606 10 0.0371 0.7065 0.0405 0.2158 
        D607 10 0.0442 0.0384 0.8733 0.0441 
        D608 10 0.9169 0.0168 0.0463 0.0200 
        D609 10 0.0333 0.1031 0.1371 0.7265 
        D610 10 0.1539 0.1122 0.3530 0.3809 
        D611 10 0.0176 0.0250 0.0213 0.9361 
        D613 10 0.1739 0.0825 0.4172 0.3265 
        D633 10 0.1422 0.1485 0.6541 0.0552 
        D634 10 0.1020 0.1252 0.1485 0.6243 
        D638 10 0.9148 0.0283 0.0223 0.0347 
        D681 10 0.1182 0.2724 0.1075 0.5020 
        D754 10 0.1236 0.5234 0.0547 0.2983 
        D755 10 0.6540 0.0488 0.0165 0.2806 
        D756 10 0.1669 0.2089 0.0761 0.5480 
        D757 10 0.4429 0.2657 0.1945 0.0970 
        D758 10 0.2001 0.2806 0.2450 0.2743 
        D759 10 0.6179 0.0962 0.0512 0.2348 
        D760 10 0.3690 0.0955 0.1686 0.3669 
        D761 10 0.9231 0.0222 0.0166 0.0382 
        D762 10 0.0811 0.0777 0.7300 0.1113 
        D775 10 0.3182 0.1176 0.0278 0.5365 
        D776 10 0.8274 0.0372 0.0424 0.0930 
        D777 10 0.3588 0.2213 0.0641 0.3558 
        D778 10 0.7001 0.2273 0.0402 0.0323 
        D779 10 0.1513 0.2888 0.0776 0.4824 
        D780 10 0.6888 0.0571 0.1322 0.1219 
        D781 10 0.2054 0.0724 0.6429 0.0793 
        D858 10 0.0590 0.8978 0.0283 0.0149 
        D933 10 0.1948 0.0564 0.4245 0.3243 
        D038 11 0.5357 0.1943 0.1644 0.1056 
        D063 11 0.4720 0.0840 0.0708 0.3733 
        D155 11 0.3830 0.1193 0.1670 0.3308 
        D175 11 0.0723 0.2352 0.0754 0.6171 
        D176 11 0.7830 0.0647 0.0344 0.1179 
        D205 11 0.0244 0.1693 0.0455 0.7607 
     D237229 11 0.2791 0.1860 0.4987 0.0363 
     D237230 11 0.0964 0.2058 0.6628 0.0351 
     D237231 11 0.0837 0.0595 0.7768 0.0800 
     D237269 11 0.4084 0.1501 0.3249 0.1166 
     D237270 11 0.0759 0.7861 0.1029 0.0350 
     D237271 11 0.1004 0.1268 0.1508 0.6220 
     D237272 11 0.0748 0.3934 0.4879 0.0438 
     D237273 11 0.2490 0.0706 0.0719 0.6086 
     D237301 11 0.0622 0.0659 0.6374 0.2345 
     D237302 11 0.1671 0.6089 0.1386 0.0854 
     D237303 11 0.1771 0.5465 0.2492 0.0272 
     D237304 11 0.1771 0.3092 0.3078 0.2060 
     D237305 11 0.0918 0.7644 0.0591 0.0847 
     D237314 11 0.2871 0.2510 0.1303 0.3316 
     D237315 11 0.1052 0.6457 0.1745 0.0746 
     D237316 11 0.0295 0.0700 0.7060 0.1946 
     D237328 11 0.0357 0.2682 0.3887 0.3074 
     D237329 11 0.3846 0.3937 0.1122 0.1095 
     D237330 11 0.2342 0.0808 0.0452 0.6398 
     D237331 11 0.2747 0.0935 0.2280 0.4038 
     D237332 11 0.0920 0.1815 0.3644 0.3621 
     D237333 11 0.6109 0.0348 0.0655 0.2888 
     D237334 11 0.0574 0.0771 0.7550 0.1105 
     D237335 11 0.0717 0.2704 0.2410 0.4168 
     D237336 11 0.6240 0.1450 0.1105 0.1205 
     D237350 11 0.1411 0.0812 0.1093 0.6684 
     D237383 11 0.3495 0.3862 0.1031 0.1612 
     D237384 11 0.0709 0.2803 0.5612 0.0876 
     D237385 11 0.2871 0.2643 0.2642 0.1844 
     D237386 11 0.1656 0.1218 0.4850 0.2276 
     D237387 11 0.0401 0.2757 0.5127 0.1714 
     D237388 11 0.0570 0.0372 0.1294 0.7765 
        D239 11 0.3289 0.0707 0.2050 0.3955 
        D240 11 0.8659 0.0641 0.0437 0.0262 
        D241 11 0.0537 0.0206 0.8974 0.0282 
        D242 11 0.2243 0.1143 0.5537 0.1077 
        D243 11 0.2571 0.1533 0.1263 0.4633 
        D244 11 0.0464 0.1641 0.0502 0.7393 
