        D174  1 0.1927 0.6323 0.0739 0.1010 
        D199  1 0.1180 0.3251 0.3087 0.2482 
        D203  1 0.1849 0.1505 0.2959 0.3687 
        D204  1 0.0577 0.1403 0.0610 0.7411 
     D237366  1 0.4663 0.1429 0.1479 0.2429 
     D237367  1 0.4835 0.1062 0.1087 0.3016 
     D237368  1 0.4601 0.1745 0.1152 0.2502 
     D244101  1 0.0621 0.0803 0.2374 0.6201 
     D244102  1 0.2218 0.2976 0.1528 0.3279 
     D244103  1 0.5065 0.1441 0.0773 0.2721 
     D244104  1 0.0926 0.3499 0.0932 0.4642 
     D244105  1 0.6318 0.0596 0.0700 0.2386 
     D244106  1 0.0723 0.6228 0.2058 0.0991 
     D244107  1 0.6359 0.0463 0.1124 0.2053 
     D244108  1 0.1415 0.6049 0.0841 0.1695 
     D244113  1 0.0647 0.6832 0.0659 0.1862 
     D244114  1 0.1600 0.2470 0.2912 0.3018 
     D244115  1 0.2070 0.5555 0.0759 0.1616 
     D267365  1 0.0974 0.4444 0.1109 0.3472 
        D404  1 0.0688 0.6247 0.0745 0.2319 
        D405  1 0.1245 0.3450 0.1737 0.3568 
        D406  1 0.7307 0.0997 0.0352 0.1343 
        D407  1 0.5129 0.1138 0.1082 0.2651 
        D408  1 0.0746 0.6657 0.1456 0.1141 
        D409  1 0.4565 0.1170 0.0939 0.3326 
        D410  1 0.7052 0.1051 0.0307 0.1590 
        D421  1 0.0926 0.2721 0.0989 0.5364 
        D422  1 0.8488 0.0344 0.0478 0.0689 
        D423  1 0.8497 0.0424 0.0420 0.0660 
        D424  1 0.2198 0.2339 0.0351 0.5111 
        D425  1 0.1229 0.3924 0.0700 0.4147 
        D426  1 0.5039 0.0720 0.2390 0.1851 
        D427  1 0.0631 0.2489 0.5235 0.1644 
        D428  1 0.1995 0.3864 0.0992 0.3149 
        D429  1 0.1039 0.4393 0.0947 0.3621 
        D430  1 0.2002 0.3210 0.2943 0.1845 
        D491  1 0.0569 0.7825 0.0363 0.1243 
        D492  1 0.2831 0.3317 0.0943 0.2909 
        D537  1 0.2031 0.1654 0.0551 0.5765 
        D538  1 0.3318 0.2653 0.1452 0.2577 
        D539  1 0.1665 0.4105 0.2997 0.1232 
        D540  1 0.2593 0.2447 0.0984 0.3977 
        D541  1 0.0931 0.2325 0.0660 0.6085 
        D551  1 0.1931 0.0902 0.5778 0.1389 
        D552  1 0.2553 0.3954 0.1067 0.2425 
        D553  1 0.0698 0.2683 0.0411 0.6209 
        D615  1 0.2148 0.3086 0.1787 0.2979 
        D616  1 0.3482 0.2320 0.1924 0.2274 
        D621  1 0.5170 0.2544 0.0739 0.1547 
        D622  1 0.7234 0.1110 0.0669 0.0986 
        D623  1 0.0654 0.4430 0.2436 0.2480 
        D624  1 0.0888 0.7726 0.0620 0.0766 
        D625  1 0.1364 0.3273 0.0454 0.4909 
        D626  1 0.2143 0.5394 0.1103 0.1360 
        D627  1 0.4703 0.1051 0.1643 0.2603 
        D690  1 0.1291 0.3311 0.0315 0.5083 
        D691  1 0.7660 0.0839 0.0499 0.1002 
        D710  1 0.1521 0.3015 0.0947 0.4517 
        D711  1 0.1167 0.2215 0.0644 0.5974 
        D712  1 0.0901 0.6917 0.1091 0.1090 
        D713  1 0.1316 0.5487 0.0454 0.2743 
        D746  1 0.7818 0.0589 0.0492 0.1100 
        D747  1 0.0679 0.2067 0.0686 0.6568 
        D748  1 0.4611 0.1485 0.0570 0.3335 
        D749  1 0.5207 0.2180 0.1398 0.1215 
        D750  1 0.0894 0.6985 0.0531 0.1590 
        D763  1 0.1920 0.1154 0.3942 0.2983 
        D764  1 0.1951 0.4588 0.0389 0.3072 
        D765  1 0.5304 0.3017 0.0551 0.1128 
        D766  1 0.4685 0.1858 0.0493 0.2965 
        D767  1 0.2419 0.1260 0.1459 0.4862 
        D768  1 0.1185 0.2009 0.0724 0.6081 
        D811  1 0.1150 0.6434 0.0717 0.1700 
        D816  1 0.0667 0.3185 0.0481 0.5668 
        D825  1 0.2012 0.5874 0.0519 0.1595 
        D866  1 0.1030 0.3407 0.4731 0.0832 
        D867  1 0.7705 0.0711 0.0673 0.0911 
        D871  1 0.4453 0.1496 0.0825 0.3225 
        D872  1 0.2173 0.1979 0.0779 0.5069 
        D873  1 0.8490 0.0522 0.0366 0.0622 
        D874  1 0.0448 0.3134 0.0890 0.5528 
        D875  1 0.6644 0.0648 0.0485 0.2223 
        D876  1 0.1182 0.3236 0.0549 0.5033 
        D877  1 0.0420 0.5936 0.0571 0.3073 
        D892  1 0.2252 0.3474 0.0514 0.3760 
        D893  1 0.2052 0.1502 0.1317 0.5129 
        D894  1 0.1290 0.3186 0.0754 0.4770 
        D915  1 0.2989 0.2289 0.0696 0.4025 
        D916  1 0.0825 0.2847 0.0433 0.5895 
        D917  1 0.1023 0.4468 0.1646 0.2862 
        D925  1 0.4946 0.3245 0.0462 0.1347 
        D926  1 0.1960 0.2845 0.0708 0.4487 
        D927  1 0.1192 0.1707 0.4157 0.2945 
        D928  1 0.0352 0.8072 0.0350 0.1227 
        D929  1 0.1896 0.2941 0.0710 0.4453 
        D936  1 0.0765 0.1552 0.1979 0.5704 
        D938  1 0.7958 0.0734 0.0398 0.0910 
        D956  1 0.0786 0.7397 0.0963 0.0854 
        D957  1 0.2877 0.1721 0.0693 0.4709 
        D958  1 0.1938 0.3390 0.0413 0.4260 
        D959  1 0.5744 0.0944 0.0870 0.2442 
        D960  1 0.7599 0.0879 0.0440 0.1083 
        D989  1 0.0659 0.5856 0.2265 0.1220 
        D990  1 0.7306 0.0970 0.1249 0.0475 
        D023  2 0.6953 0.0682 0.0462 0.1902 
        D130  2 0.7587 0.0518 0.0554 0.1342 
        D131  2 0.2239 0.1834 0.1612 0.4315 
        D163  2 0.7237 0.0813 0.0522 0.1428 
        D164  2 0.4316 0.0389 0.4815 0.0480 
        D165  2 0.7649 0.0474 0.0708 0.1169 
        D166  2 0.2731 0.1795 0.1780 0.3694 
        D167  2 0.0400 0.0937 0.8188 0.0475 
        D192  2 0.0338 0.0404 0.8874 0.0385 
        D193  2 0.1128 0.4882 0.1181 0.2809 
        D206  2 0.2973 0.1100 0.2798 0.3129 
        D207  2 0.0823 0.0719 0.7024 0.1434 
        D208  2 0.0858 0.3793 0.4217 0.1132 
        D209  2 0.1827 0.0930 0.4690 0.2552 
        D210  2 0.0809 0.4463 0.3459 0.1268 
     D229599  2 0.1511 0.1847 0.2133 0.4509 
     D229600  2 0.5235 0.0614 0.3239 0.0911 
     D237227  2 0.2126 0.4725 0.2096 0.1053 
     D237228  2 0.3639 0.3953 0.1715 0.0693 
     D237258  2 0.2714 0.2441 0.3378 0.1467 
     D237310  2 0.6107 0.1797 0.1123 0.0974 
     D237311  2 0.5687 0.1091 0.2388 0.0833 
     D237312  2 0.4304 0.2908 0.0621 0.2168 
     D237313  2 0.1828 0.3620 0.1105 0.3447 
     D237322  2 0.1332 0.2265 0.4690 0.1713 
     D237323  2 0.5669 0.2570 0.0911 0.0851 
     D237324  2 0.4560 0.0490 0.3383 0.1568 
     D237325  2 0.4510 0.2200 0.1227 0.2062 
     D237326  2 0.5167 0.2254 0.0619 0.1960 
     D237327  2 0.1318 0.1013 0.5303 0.2366 
     D237337  2 0.6721 0.1731 0.0506 0.1042 
     D237338  2 0.3735 0.2254 0.2054 0.1957 
     D237339  2 0.0647 0.0731 0.3366 0.5256 
     D237340  2 0.2396 0.3468 0.2952 0.1184 
     D237389  2 0.6472 0.1177 0.1057 0.1294 
     D237390  2 0.3448 0.2889 0.0838 0.2824 
     D244017  2 0.1089 0.3591 0.4087 0.1233 
     D244112  2 0.1272 0.0577 0.7581 0.0570 
     D244118  2 0.3073 0.0580 0.5626 0.0721 
     D244119  2 0.0574 0.4658 0.4219 0.0549 
     D244120  2 0.0810 0.2104 0.5851 0.1236 
     D244122  2 0.1039 0.1356 0.6532 0.1073 
        D291  2 0.2102 0.1011 0.5356 0.1531 
        D292  2 0.0670 0.1912 0.5177 0.2242 
        D293  2 0.0365 0.0436 0.6426 0.2773 
        D322  2 0.1067 0.0721 0.4655 0.3556 
        D323  2 0.1464 0.2176 0.2498 0.3862 
        D324  2 0.2694 0.2006 0.2770 0.2530 
        D325  2 0.0542 0.0266 0.8164 0.1028 
        D326  2 0.0424 0.2720 0.0527 0.6329 
        D340  2 0.0500 0.0373 0.8661 0.0466 
        D341  2 0.0773 0.0792 0.7697 0.0738 
        D342  2 0.2513 0.0612 0.6075 0.0800 
        D343  2 0.0308 0.0225 0.8978 0.0489 
        D344  2 0.0850 0.1301 0.0974 0.6874 
        D345  2 0.2410 0.1811 0.1008 0.4772 
        D346  2 0.0737 0.6149 0.1892 0.1222 
        D351  2 0.1696 0.1113 0.1801 0.5390 
        D352  2 0.1512 0.2105 0.2082 0.4301 
        D353  2 0.1029 0.1532 0.0821 0.6619 
        D354  2 0.1078 0.2680 0.0596 0.5646 
        D362  2 0.1608 0.2752 0.0740 0.4900 
        D363  2 0.1146 0.3345 0.0681 0.4828 
        D364  2 0.0826 0.2084 0.0593 0.6497 
        D365  2 0.0390 0.0412 0.8641 0.0557 
        D369  2 0.1542 0.3215 0.3100 0.2143 
        D374  2 0.0469 0.6899 0.0581 0.2051 
        D375  2 0.1543 0.1494 0.0749 0.6215 
        D376  2 0.0765 0.6046 0.1143 0.2046 
        D377  2 0.2584 0.3880 0.1717 0.1819 
        D378  2 0.1186 0.0992 0.3314 0.4507 
        D379  2 0.0723 0.2345 0.0716 0.6215 
        D384  2 0.0483 0.2904 0.0409 0.6203 
        D385  2 0.0449 0.0737 0.8124 0.0689 
        D386  2 0.1216 0.0985 0.1225 0.6575 
        D391  2 0.0420 0.0457 0.7954 0.1170 
        D392  2 0.1135 0.1243 0.6436 0.1186 
        D393  2 0.1384 0.1036 0.2781 0.4799 
        D394  2 0.3822 0.1165 0.1675 0.3337 
        D395  2 0.0861 0.0668 0.5929 0.2542 
        D401  2 0.7411 0.1405 0.0542 0.0642 
        D402  2 0.0388 0.0386 0.8626 0.0600 
        D403  2 0.2488 0.1281 0.1059 0.5171 
        D415  2 0.2900 0.0930 0.0448 0.5721 
        D435  2 0.1607 0.0829 0.3421 0.4143 
        D436  2 0.1047 0.2352 0.0890 0.5711 
        D438  2 0.0501 0.0453 0.8671 0.0376 
        D439  2 0.1577 0.0553 0.1877 0.5994 
        D449  2 0.1499 0.0650 0.5605 0.2246 
        D450  2 0.1579 0.4962 0.0870 0.2590 
        D456  2 0.0666 0.2345 0.0363 0.6626 
        D462  2 0.0461 0.0392 0.7807 0.1341 
        D463  2 0.0374 0.2529 0.0269 0.6828 
        D464  2 0.0836 0.1726 0.1281 0.6157 
        D465  2 0.2496 0.0858 0.4034 0.2612 
        D473  2 0.1453 0.6268 0.1023 0.1256 
        D474  2 0.1256 0.2488 0.2291 0.3965 
        D476  2 0.4742 0.0417 0.2006 0.2835 
        D477  2 0.0971 0.2812 0.1154 0.5063 
        D478  2 0.2727 0.3158 0.1305 0.2810 
        D480  2 0.0599 0.2306 0.2896 0.4199 
        D481  2 0.1773 0.2536 0.1479 0.4213 
        D482  2 0.1358 0.3187 0.3187 0.2268 
        D483  2 0.0530 0.0922 0.8072 0.0476 
        D484  2 0.0989 0.2351 0.2908 0.3752 
        D510  2 0.0518 0.6969 0.1245 0.1267 
        D511  2 0.0890 0.0816 0.1842 0.6453 
        D512  2 0.6525 0.0591 0.1811 0.1073 
        D513  2 0.1425 0.1400 0.5676 0.1499 
        D635  2 0.3913 0.1430 0.0705 0.3952 
        D636  2 0.8361 0.0629 0.0345 0.0664 
        D637  2 0.1034 0.2027 0.4392 0.2547 
        D658  2 0.0828 0.1869 0.5861 0.1442 
        D659  2 0.1322 0.2001 0.0898 0.5779 
        D677  2 0.3023 0.1189 0.2038 0.3751 
        D678  2 0.1232 0.0804 0.6743 0.1221 
        D679  2 0.1004 0.2406 0.1978 0.4612 
        D719  2 0.0471 0.4861 0.2305 0.2363 
        D720  2 0.0981 0.3596 0.0939 0.4484 
        D721  2 0.5691 0.0860 0.1679 0.1770 
        D722  2 0.0723 0.6105 0.1070 0.2102 
        D734  2 0.0483 0.3873 0.3254 0.2391 
        D735  2 0.1706 0.2797 0.1618 0.3879 
        D736  2 0.1176 0.4795 0.2635 0.1394 
        D737  2 0.0861 0.1061 0.6487 0.1591 
        D807  2 0.1003 0.4689 0.1820 0.2488 
        D808  2 0.3486 0.1010 0.2726 0.2777 
        D817  2 0.1286 0.3847 0.0718 0.4150 
        D818  2 0.1749 0.0798 0.5102 0.2351 
        D819  2 0.2815 0.2202 0.1142 0.3841 
        D820  2 0.0624 0.1644 0.0889 0.6842 
        D895  2 0.2710 0.1603 0.0969 0.4719 
        D896  2 0.7313 0.1469 0.0405 0.0813 
        D897  2 0.1114 0.0824 0.7106 0.0956 
        D898  2 0.2406 0.2758 0.1642 0.3194 
        D918  2 0.3401 0.1856 0.2925 0.1818 
        D919  2 0.0988 0.0777 0.3101 0.5134 
        D920  2 0.7525 0.1077 0.0566 0.0832 
        D923  2 0.0784 0.1445 0.0805 0.6966 
        D930  2 0.1285 0.3896 0.1246 0.3573 
        D931  2 0.0798 0.2134 0.2248 0.4820 
        D968  2 0.0324 0.0341 0.8718 0.0618 
        D969  2 0.0832 0.1522 0.3966 0.3679 
        D977  2 0.1009 0.0494 0.7513 0.0985 
        D978  2 0.0997 0.1257 0.6104 0.1642 
        D211  3 0.6105 0.0985 0.1031 0.1878 
     D229639  3 0.0729 0.2017 0.6290 0.0963 
     D237212  3 0.1991 0.1076 0.3833 0.3099 
     D237213  3 0.4160 0.1076 0.1219 0.3544 
     D237214  3 0.7931 0.0760 0.0447 0.0862 
     D237215  3 0.0435 0.1738 0.7402 0.0425 
     D237216  3 0.4834 0.1142 0.2066 0.1958 
     D237217  3 0.6068 0.0627 0.1055 0.2250 
     D237218  3 0.1409 0.1056 0.4963 0.2573 
     D237219  3 0.4294 0.2674 0.1970 0.1062 
     D237382  3 0.2427 0.3121 0.1035 0.3418 
     D244127  3 0.6241 0.0785 0.1985 0.0990 
     D244129  3 0.3152 0.1484 0.1954 0.3411 
     D244133  3 0.2519 0.4039 0.2419 0.1023 
     D244134  3 0.1410 0.3836 0.3716 0.1038 
     D244135  3 0.7379 0.0556 0.0911 0.1155 
     D244136  3 0.1418 0.5012 0.1522 0.2048 
        D416  3 0.2517 0.1284 0.3393 0.2806 
        D417  3 0.1698 0.1675 0.0610 0.6017 
        D419  3 0.2675 0.1784 0.3194 0.2346 
        D565  3 0.0484 0.8361 0.0464 0.0691 
        D566  3 0.0758 0.4507 0.3880 0.0856 
        D567  3 0.2026 0.1631 0.0858 0.5485 
        D568  3 0.2476 0.0646 0.2359 0.4518 
        D569  3 0.2034 0.1029 0.3359 0.3578 
        D573  3 0.0620 0.0618 0.7006 0.1756 
        D574  3 0.1438 0.6129 0.1260 0.1173 
        D575  3 0.2858 0.3865 0.1792 0.1485 
        D576  3 0.0644 0.0925 0.8093 0.0338 
        D577  3 0.1291 0.2507 0.0789 0.5413 
        D578  3 0.8680 0.0371 0.0519 0.0430 
        D579  3 0.1335 0.3431 0.2439 0.2795 
        D660  3 0.2616 0.0627 0.5781 0.0976 
        D661  3 0.1272 0.0529 0.7044 0.1156 
        D663  3 0.0597 0.0820 0.7358 0.1226 
        D664  3 0.4158 0.2471 0.2579 0.0792 
        D665  3 0.6448 0.0591 0.1576 0.1385 
        D666  3 0.2930 0.3723 0.1302 0.2045 
        D009  4 0.4447 0.0966 0.0681 0.3905 
        D057  4 0.2021 0.0913 0.4393 0.2673 
        D109  4 0.6224 0.1880 0.0653 0.1243 
     D237222  4 0.5622 0.2326 0.0801 0.1251 
     D237223  4 0.5028 0.1717 0.1523 0.1732 
     D237224  4 0.0860 0.1248 0.4230 0.3662 
     D237225  4 0.3921 0.1345 0.1158 0.3576 
     D237299  4 0.5829 0.1226 0.1700 0.1245 
     D237300  4 0.0641 0.1148 0.7721 0.0490 
     D237306  4 0.1301 0.5979 0.0796 0.1924 
     D237307  4 0.1337 0.4615 0.1351 0.2697 
     D237308  4 0.1354 0.1668 0.5060 0.1918 
     D237309  4 0.2955 0.1081 0.1000 0.4964 
     D237317  4 0.1145 0.5659 0.0705 0.2492 
     D237318  4 0.0499 0.0583 0.8381 0.0537 
     D237319  4 0.3971 0.1620 0.1794 0.2615 
     D237320  4 0.4219 0.1092 0.3034 0.1656 
     D237321  4 0.0833 0.1120 0.6957 0.1089 
     D237397  4 0.2014 0.3082 0.3374 0.1530 
     D237398  4 0.1163 0.0541 0.6318 0.1978 
     D237399  4 0.1623 0.3085 0.2478 0.2814 
     D244001  4 0.5729 0.0995 0.1493 0.1784 
        D289  4 0.1145 0.3052 0.2505 0.3298 
        D290  4 0.1298 0.2213 0.1957 0.4531 
        D294  4 0.1209 0.1613 0.1933 0.5245 
        D295  4 0.1636 0.2215 0.1044 0.5104 
        D301  4 0.6295 0.1259 0.1685 0.0761 
        D302  4 0.0824 0.0916 0.0568 0.7691 
        D303  4 0.0852 0.6615 0.1174 0.1359 
        D304  4 0.0764 0.3376 0.2318 0.3541 
        D305  4 0.2391 0.0481 0.3580 0.3548 
        D306  4 0.1528 0.3269 0.1116 0.4086 
        D307  4 0.7126 0.1248 0.0992 0.0634 
        D327  4 0.0924 0.2569 0.1282 0.5225 
        D328  4 0.0955 0.5324 0.0891 0.2829 
        D329  4 0.1496 0.1153 0.3656 0.3694 
        D330  4 0.3030 0.0652 0.0764 0.5555 
        D331  4 0.1734 0.3005 0.2565 0.2696 
        D333  4 0.1461 0.2836 0.2408 0.3295 
        D334  4 0.1276 0.6088 0.0779 0.1857 
        D335  4 0.0757 0.1516 0.0958 0.6768 
        D370  4 0.1483 0.4446 0.1002 0.3069 
        D371  4 0.0506 0.7772 0.0643 0.1078 
        D372  4 0.0641 0.0868 0.7883 0.0609 
        D373  4 0.6548 0.0585 0.1976 0.0890 
        D455  4 0.6695 0.0697 0.1245 0.1364 
        D490  4 0.8401 0.0535 0.0359 0.0705 
        D497  4 0.7849 0.0615 0.0649 0.0888 
        D498  4 0.2068 0.3917 0.2100 0.1915 
        D499  4 0.1073 0.2492 0.5040 0.1394 
        D514  4 0.1466 0.1018 0.0934 0.6583 
        D515  4 0.5813 0.1160 0.0864 0.2163 
        D516  4 0.2929 0.2667 0.2082 0.2323 
        D517  4 0.6378 0.0589 0.1586 0.1447 
        D518  4 0.2521 0.2706 0.1477 0.3296 
        D519  4 0.6360 0.0807 0.1548 0.1285 
        D560  4 0.4262 0.0686 0.2524 0.2527 
        D561  4 0.5521 0.0399 0.0795 0.3285 
        D562  4 0.2690 0.2016 0.2483 0.2810 
        D563  4 0.1586 0.0552 0.6155 0.1707 
        D572  4 0.1383 0.1443 0.0999 0.6174 
        D629  4 0.3098 0.1752 0.0883 0.4267 
        D630  4 0.2318 0.2153 0.1784 0.3746 
        D631  4 0.1194 0.1149 0.4583 0.3073 
        D632  4 0.4948 0.0869 0.2185 0.1999 
        D646  4 0.3702 0.0865 0.1519 0.3915 
        D647  4 0.2048 0.0609 0.1327 0.6016 
        D648  4 0.0697 0.5441 0.0806 0.3056 
        D649  4 0.2593 0.1538 0.0592 0.5277 
        D650  4 0.2352 0.3470 0.1063 0.3115 
        D708  4 0.1447 0.5264 0.1162 0.2127 
        D709  4 0.1310 0.3236 0.1072 0.4382 
        D738  4 0.2053 0.5710 0.0734 0.1503 
        D739  4 0.4432 0.1383 0.1409 0.2776 
        D740  4 0.3063 0.2157 0.3404 0.1377 
        D741  4 0.3701 0.0702 0.2756 0.2842 
        D742  4 0.1287 0.1446 0.6209 0.1058 
        D743  4 0.0725 0.1306 0.1226 0.6743 
        D744  4 0.1351 0.0785 0.2218 0.5646 
        D745  4 0.7485 0.0708 0.0821 0.0986 
        D814  4 0.1857 0.0753 0.5469 0.1921 
        D815  4 0.0829 0.1603 0.1017 0.6551 
        D828  4 0.0842 0.4516 0.2506 0.2136 
        D845  4 0.0343 0.0778 0.8237 0.0642 
        D846  4 0.1713 0.0483 0.2700 0.5104 
        D847  4 0.2916 0.2132 0.2078 0.2873 
        D848  4 0.5849 0.0463 0.3022 0.0666 
        D849  4 0.6079 0.0803 0.0914 0.2204 
        D850  4 0.3417 0.1966 0.2160 0.2457 
        D856  4 0.4220 0.1658 0.0958 0.3164 
        D857  4 0.6699 0.1129 0.1174 0.0998 
        D859  4 0.0887 0.1252 0.2462 0.5399 
        D860  4 0.0606 0.4262 0.3215 0.1917 
        D883  4 0.2505 0.3214 0.0933 0.3348 
        D884  4 0.3125 0.3024 0.0736 0.3115 
        D885  4 0.2917 0.0911 0.4143 0.2028 
        D886  4 0.3529 0.1056 0.1402 0.4012 
        D887  4 0.1366 0.1921 0.4240 0.2473 
        D889  4 0.0565 0.1567 0.4675 0.3193 
        D890  4 0.1974 0.4354 0.1457 0.2214 
        D891  4 0.0281 0.0333 0.9021 0.0365 
        D899  4 0.0603 0.1876 0.6208 0.1313 
        D900  4 0.1931 0.1879 0.1418 0.4772 
        D970  4 0.1219 0.1731 0.2013 0.5037 
        D971  4 0.1271 0.1764 0.4690 0.2274 
        D979  4 0.0497 0.1525 0.0961 0.7017 
        D093  5 0.0672 0.7072 0.1183 0.1073 
        D154  5 0.0918 0.1830 0.5999 0.1253 
        D168  5 0.3258 0.0853 0.4364 0.1525 
        D189  5 0.0962 0.4833 0.2802 0.1403 
        D190  5 0.0519 0.7440 0.0975 0.1066 
     D237220  5 0.4430 0.1660 0.1913 0.1998 
     D237221  5 0.1012 0.4102 0.3201 0.1684 
     D237274  5 0.0664 0.1165 0.0482 0.7689 
     D237275  5 0.0712 0.0897 0.7681 0.0710 
     D237276  5 0.1930 0.4125 0.1202 0.2744 
     D237277  5 0.0623 0.5423 0.2727 0.1226 
     D237278  5 0.1662 0.2988 0.4076 0.1275 
     D237279  5 0.7531 0.0713 0.0656 0.1100 
     D237280  5 0.3962 0.2227 0.0735 0.3076 
     D237281  5 0.0471 0.0458 0.8369 0.0702 
     D237351  5 0.5325 0.2995 0.0909 0.0771 
     D237352  5 0.3818 0.2028 0.1120 0.3034 
     D237353  5 0.0483 0.8017 0.0827 0.0674 
     D237359  5 0.3589 0.1388 0.2494 0.2530 
     D237361  5 0.0554 0.8174 0.0674 0.0598 
     D237362  5 0.1653 0.4485 0.1463 0.2399 
     D237363  5 0.2478 0.1893 0.4009 0.1619 
     D237364  5 0.2433 0.0667 0.3878 0.3022 
     D237376  5 0.0570 0.5966 0.1018 0.2446 
     D237377  5 0.2656 0.2941 0.0837 0.3565 
     D237378  5 0.0688 0.5189 0.2738 0.1386 
     D237379  5 0.1392 0.4814 0.1558 0.2236 
     D237380  5 0.4322 0.2849 0.0440 0.2390 
     D237381  5 0.4432 0.1949 0.1280 0.2339 
     D237391  5 0.0901 0.6956 0.0996 0.1148 
     D237392  5 0.1480 0.1613 0.1860 0.5047 
     D237393  5 0.1215 0.4188 0.1109 0.3487 
     D237394  5 0.0587 0.8112 0.0480 0.0821 
     D237395  5 0.2102 0.4685 0.2146 0.1067 
     D237396  5 0.1744 0.2629 0.1336 0.4291 
     D244016  5 0.1146 0.4239 0.2664 0.1950 
     D244018  5 0.1819 0.2255 0.5090 0.0836 
     D244019  5 0.1110 0.2191 0.2584 0.4115 
        D279  5 0.1347 0.1262 0.6047 0.1344 
        D280  5 0.1791 0.4089 0.1993 0.2127 
        D281  5 0.0513 0.1179 0.7591 0.0716 
        D283  5 0.0715 0.5623 0.1170 0.2493 
        D284  5 0.5560 0.1294 0.1638 0.1508 
        D285  5 0.1020 0.5504 0.1342 0.2134 
        D286  5 0.1342 0.4119 0.1540 0.2999 
        D287  5 0.1259 0.5655 0.0995 0.2091 
        D288  5 0.0890 0.3891 0.2170 0.3049 
        D308  5 0.6376 0.1920 0.0424 0.1280 
        D309  5 0.1118 0.0621 0.0548 0.7714 
        D310  5 0.0414 0.8124 0.0696 0.0766 
        D311  5 0.1093 0.4383 0.1316 0.3208 
        D312  5 0.1102 0.5413 0.1054 0.2431 
        D313  5 0.8688 0.0671 0.0294 0.0347 
        D314  5 0.2319 0.1861 0.4389 0.1431 
        D315  5 0.1384 0.5025 0.1183 0.2408 
        D317  5 0.0547 0.7887 0.0670 0.0896 
        D318  5 0.2840 0.1815 0.2188 0.3157 
        D319  5 0.0513 0.8066 0.0789 0.0632 
        D320  5 0.0816 0.7135 0.0821 0.1228 
        D321  5 0.5066 0.2639 0.1154 0.1141 
        D336  5 0.0516 0.6585 0.0526 0.2373 
        D337  5 0.0356 0.8254 0.0795 0.0595 
        D338  5 0.2226 0.2749 0.2735 0.2289 
        D339  5 0.0977 0.6133 0.1965 0.0926 
        D347  5 0.0729 0.2209 0.1578 0.5484 
        D348  5 0.0454 0.7351 0.0664 0.1531 
        D349  5 0.5880 0.2769 0.0615 0.0737 
        D350  5 0.0934 0.0809 0.1400 0.6856 
        D355  5 0.0633 0.0843 0.5055 0.3470 
        D356  5 0.1677 0.5457 0.0759 0.2107 
        D357  5 0.1774 0.3534 0.1622 0.3070 
        D358  5 0.1572 0.5350 0.1165 0.1913 
        D359  5 0.0552 0.5644 0.0473 0.3330 
        D360  5 0.1559 0.6086 0.0651 0.1705 
        D361  5 0.7180 0.1666 0.0546 0.0607 
        D366  5 0.1633 0.1034 0.3579 0.3754 
        D367  5 0.1092 0.6414 0.0883 0.1611 
        D368  5 0.2511 0.5361 0.0819 0.1309 
        D380  5 0.2549 0.1252 0.1590 0.4609 
        D381  5 0.0921 0.6152 0.1542 0.1385 
        D400  5 0.0798 0.3714 0.3202 0.2287 
        D411  5 0.8569 0.0405 0.0519 0.0507 
        D412  5 0.2234 0.2322 0.2940 0.2503 
        D413  5 0.1154 0.0869 0.6639 0.1337 
        D414  5 0.0763 0.0866 0.4907 0.3464 
        D420  5 0.5362 0.1412 0.2191 0.1034 
        D431  5 0.2231 0.3317 0.3175 0.1277 
        D432  5 0.1578 0.4978 0.2183 0.1260 
        D433  5 0.0699 0.6351 0.1822 0.1128 
        D434  5 0.1181 0.6014 0.0884 0.1921 
        D440  5 0.1037 0.0715 0.0770 0.7478 
        D447  5 0.2719 0.0736 0.0972 0.5574 
        D448  5 0.0486 0.6734 0.1029 0.1751 
        D459  5 0.0478 0.0588 0.7517 0.1418 
        D460  5 0.5471 0.2777 0.0574 0.1178 
        D461  5 0.0506 0.0966 0.0630 0.7899 
        D468  5 0.2141 0.4553 0.1100 0.2205 
        D469  5 0.1824 0.3216 0.1017 0.3943 
        D470  5 0.3227 0.2849 0.0978 0.2946 
        D471  5 0.0446 0.6410 0.1417 0.1727 
        D472  5 0.0665 0.1393 0.2598 0.5344 
        D479  5 0.0541 0.0915 0.7175 0.1369 
        D485  5 0.1452 0.3717 0.1374 0.3457 
        D486  5 0.3744 0.3429 0.0756 0.2071 
        D487  5 0.0799 0.2178 0.5913 0.1110 
        D555  5 0.0656 0.7250 0.1245 0.0849 
        D556  5 0.1262 0.4533 0.2674 0.1530 
        D557  5 0.0387 0.7659 0.1052 0.0903 
        D564  5 0.1529 0.4884 0.1050 0.2538 
        D594  5 0.1736 0.2659 0.1276 0.4330 
        D595  5 0.1087 0.4843 0.1913 0.2157 
        D596  5 0.0507 0.7936 0.0891 0.0666 
        D597  5 0.0644 0.3715 0.3711 0.1929 
        D598  5 0.1831 0.4789 0.1458 0.1922 
        D617  5 0.6777 0.0567 0.1993 0.0663 
        D618  5 0.0911 0.5094 0.2464 0.1531 
        D619  5 0.2289 0.3489 0.0970 0.3252 
        D620  5 0.0537 0.0603 0.8016 0.0844 
        D628  5 0.1959 0.2680 0.1259 0.4102 
        D714  5 0.0937 0.3887 0.3756 0.1420 
        D715  5 0.0550 0.6157 0.1733 0.1561 
        D716  5 0.1054 0.2816 0.2365 0.3765 
        D717  5 0.1664 0.3479 0.1118 0.3738 
        D718  5 0.2723 0.3764 0.1335 0.2178 
        D769  5 0.5721 0.0906 0.1652 0.1722 
        D770  5 0.0983 0.2792 0.4696 0.1529 
        D771  5 0.1775 0.2315 0.3842 0.2069 
        D772  5 0.1110 0.5028 0.1203 0.2659 
        D782  5 0.5523 0.0830 0.2664 0.0983 
        D783  5 0.0836 0.1797 0.5856 0.1511 
        D784  5 0.1101 0.2387 0.1301 0.5210 
        D785  5 0.1003 0.7099 0.0628 0.1270 
        D786  5 0.4412 0.0778 0.0858 0.3952 
        D821  5 0.0343 0.8481 0.0552 0.0624 
        D822  5 0.0955 0.3079 0.1242 0.4725 
        D826  5 0.0789 0.3637 0.4296 0.1278 
        D827  5 0.1455 0.1556 0.1304 0.5685 
        D851  5 0.2737 0.2998 0.1974 0.2291 
        D852  5 0.1190 0.1997 0.5020 0.1793 
        D853  5 0.1296 0.4676 0.2081 0.1946 
        D854  5 0.2235 0.1287 0.3031 0.3447 
        D861  5 0.2034 0.2849 0.3366 0.1750 
        D862  5 0.1021 0.5583 0.0628 0.2768 
        D865  5 0.0701 0.7239 0.1376 0.0683 
        D868  5 0.0952 0.2812 0.1073 0.5163 
        D869  5 0.7945 0.0848 0.0585 0.0622 
        D870  5 0.5673 0.0463 0.1026 0.2838 
        D907  5 0.1596 0.6681 0.0831 0.0892 
        D908  5 0.0724 0.2516 0.5701 0.1059 
        D910  5 0.0673 0.4328 0.3858 0.1141 
        D911  5 0.0584 0.0793 0.6084 0.2539 
        D934  5 0.1201 0.1808 0.4982 0.2009 
        D946  5 0.1483 0.2361 0.3998 0.2158 
        D947  5 0.1773 0.1842 0.1908 0.4477 
        D948  5 0.5304 0.3085 0.0567 0.1044 
        D949  5 0.5424 0.3059 0.0521 0.0996 
        D950  5 0.0603 0.0925 0.6596 0.1876 
        D951  5 0.1685 0.1474 0.0638 0.6203 
        D952  5 0.0725 0.3022 0.1041 0.5212 
        D953  5 0.0784 0.6793 0.1168 0.1254 
        D954  5 0.0909 0.5232 0.0695 0.3163 
        D961  5 0.1261 0.4725 0.1299 0.2715 
        D962  5 0.0618 0.6721 0.0360 0.2301 
        D963  5 0.0748 0.4274 0.1540 0.3437 
        D964  5 0.3592 0.2185 0.2552 0.1671 
        D965  5 0.1457 0.2592 0.2115 0.3836 
        D966  5 0.0871 0.3296 0.2973 0.2860 
        D967  5 0.1667 0.2943 0.4061 0.1330 
        D991  5 0.2475 0.2907 0.1024 0.3594 
        D502  6 0.3869 0.0884 0.2916 0.2332 
        D503  6 0.3218 0.1198 0.4874 0.0710 
        D504  6 0.1507 0.2447 0.1555 0.4491 
        D505  6 0.1773 0.3685 0.2745 0.1796 
        D506  6 0.0508 0.8579 0.0424 0.0489 
        D507  6 0.2538 0.1077 0.3914 0.2472 
        D508  6 0.1311 0.1311 0.2028 0.5350 
        D529  6 0.3927 0.2547 0.1408 0.2118 
        D530  6 0.1945 0.4787 0.0968 0.2300 
        D531  6 0.1624 0.2647 0.2027 0.3702 
        D532  6 0.1053 0.4376 0.1183 0.3388 
        D534  6 0.7251 0.0663 0.0804 0.1282 
        D535  6 0.1637 0.5349 0.0740 0.2274 
        D536  6 0.2369 0.0573 0.6445 0.0613 
        D554  6 0.2197 0.5135 0.0852 0.1817 
        D587  6 0.0810 0.7038 0.1042 0.1111 
        D588  6 0.1689 0.4576 0.1221 0.2515 
        D589  6 0.1613 0.1836 0.5370 0.1181 
        D590  6 0.1505 0.0830 0.6708 0.0957 
        D591  6 0.2536 0.2604 0.3488 0.1373 
        D592  6 0.6961 0.1200 0.1028 0.0811 
        D593  6 0.1508 0.4803 0.1388 0.2302 
        D682  6 0.0935 0.7460 0.0837 0.0767 
        D683  6 0.1273 0.4183 0.0678 0.3866 
        D684  6 0.4955 0.0485 0.3430 0.1129 
        D685  6 0.3655 0.1701 0.3547 0.1098 
        D686  6 0.0900 0.5340 0.0669 0.3090 
        D724  6 0.1889 0.0926 0.1767 0.5418 
        D725  6 0.1779 0.2949 0.3016 0.2256 
        D726  6 0.0574 0.8052 0.0471 0.0904 
        D727  6 0.2107 0.1753 0.4073 0.2068 
        D728  6 0.1088 0.7026 0.0637 0.1248 
        D729  6 0.6499 0.0586 0.1339 0.1576 
        D730  6 0.2756 0.1089 0.2684 0.3471 
        D731  6 0.0477 0.5087 0.3952 0.0483 
        D732  6 0.1322 0.1358 0.1331 0.5989 
        D733  6 0.2105 0.2458 0.1515 0.3922 
     D237251  7 0.0893 0.1935 0.5585 0.1587 
     D237252  7 0.4120 0.0799 0.3449 0.1632 
     D237253  7 0.1182 0.2520 0.4809 0.1490 
     D237254  7 0.8511 0.0388 0.0551 0.0550 
     D237255  7 0.0574 0.0937 0.7559 0.0930 
     D237256  7 0.0696 0.1211 0.5333 0.2759 
     D237257  7 0.5758 0.0834 0.1658 0.1750 
     D237282  7 0.1795 0.0843 0.1299 0.6063 
     D237283  7 0.8089 0.0647 0.0851 0.0413 
     D237284  7 0.7758 0.0593 0.0584 0.1064 
     D237285  7 0.1244 0.3457 0.2118 0.3181 
     D237286  7 0.1604 0.3171 0.2232 0.2993 
     D237287  7 0.1379 0.1292 0.5107 0.2222 
     D244006  7 0.8344 0.0434 0.0491 0.0731 
     D244007  7 0.2388 0.0978 0.4370 0.2263 
     D244008  7 0.7452 0.1316 0.0701 0.0531 
     D244009  7 0.4851 0.1977 0.0793 0.2380 
     D244010  7 0.5688 0.1088 0.1873 0.1351 
     D244011  7 0.2003 0.2961 0.2976 0.2060 
     D244012  7 0.2828 0.1028 0.3895 0.2249 
     D244013  7 0.0891 0.2087 0.4973 0.2049 
     D244014  7 0.3393 0.1097 0.3452 0.2058 
     D244015  7 0.5768 0.0770 0.1227 0.2235 
     D244125  7 0.0927 0.3677 0.3554 0.1843 
     D244126  7 0.8471 0.0342 0.0485 0.0701 
     D244130  7 0.3056 0.1754 0.1996 0.3194 
     D244131  7 0.1998 0.3881 0.1332 0.2789 
     D244132  7 0.0678 0.4289 0.0693 0.4341 
        D520  7 0.5207 0.2800 0.0683 0.1310 
        D521  7 0.2094 0.1894 0.1880 0.4132 
        D522  7 0.4631 0.1911 0.0904 0.2554 
        D523  7 0.0893 0.1313 0.6974 0.0820 
        D524  7 0.1611 0.2467 0.4225 0.1698 
        D525  7 0.5517 0.0726 0.2798 0.0958 
        D526  7 0.8136 0.0423 0.0579 0.0863 
        D527  7 0.1896 0.1890 0.2118 0.4097 
        D528  7 0.7733 0.0404 0.0365 0.1498 
        D558  7 0.1535 0.0708 0.1790 0.5967 
        D559  7 0.1364 0.0466 0.2056 0.6113 
        D640  7 0.1192 0.3594 0.2446 0.2768 
        D641  7 0.2227 0.3090 0.3399 0.1283 
        D642  7 0.5172 0.1347 0.2038 0.1444 
        D644  7 0.2682 0.3701 0.1577 0.2040 
        D645  7 0.2162 0.2231 0.3938 0.1668 
        D662  7 0.4365 0.3399 0.0417 0.1818 
        D687  7 0.1542 0.1718 0.3869 0.2871 
        D688  7 0.2366 0.0748 0.1826 0.5061 
        D689  7 0.1357 0.4029 0.2118 0.2497 
        D700  7 0.7226 0.0346 0.0622 0.1806 
        D797  7 0.1274 0.3064 0.2245 0.3418 
        D798  7 0.5620 0.1197 0.0762 0.2420 
        D799  7 0.2204 0.0895 0.5478 0.1423 
        D800  7 0.2181 0.1028 0.1939 0.4853 
        D132  8 0.7904 0.0752 0.0563 0.0781 
        D133  8 0.1027 0.0364 0.8089 0.0520 
        D200  8 0.1205 0.1985 0.2930 0.3880 
        D500  8 0.8314 0.0608 0.0401 0.0677 
        D614  8 0.1733 0.4902 0.0939 0.2425 
        D723  8 0.3327 0.1442 0.1627 0.3604 
        D888  8 0.0534 0.0685 0.7756 0.1025 
        D901  8 0.5561 0.1747 0.1576 0.1117 
        D902  8 0.1150 0.6979 0.0788 0.1083 
        D903  8 0.1047 0.2599 0.1278 0.5076 
        D904  8 0.1630 0.1785 0.1306 0.5279 
        D905  8 0.0474 0.1621 0.7392 0.0514 
        D906  8 0.1385 0.0665 0.6404 0.1546 
        D937  8 0.0690 0.7524 0.0975 0.0812 
        D943  8 0.4550 0.0931 0.1929 0.2590 
        D972  8 0.4619 0.0987 0.1309 0.3086 
        D973  8 0.1878 0.1873 0.0615 0.5634 
        D974  8 0.2655 0.2937 0.1850 0.2558 
        D975  8 0.1504 0.3051 0.2291 0.3154 
        D976  8 0.3196 0.2645 0.2669 0.1490 
        D201  9 0.1911 0.1019 0.4399 0.2671 
        D202  9 0.1729 0.2064 0.3814 0.2393 
     D237259  9 0.4982 0.0620 0.1505 0.2893 
     D237260  9 0.2205 0.0940 0.6174 0.0682 
     D237262  9 0.7995 0.0674 0.0486 0.0844 
     D237263  9 0.5095 0.0868 0.2657 0.1380 
     D237264  9 0.3875 0.2010 0.2384 0.1731 
     D237265  9 0.1699 0.0998 0.6731 0.0572 
     D237266  9 0.2623 0.0715 0.5763 0.0898 
     D237267  9 0.3988 0.3152 0.1191 0.1669 
     D237268  9 0.5685 0.1537 0.0950 0.1828 
     D237289  9 0.1481 0.2833 0.4892 0.0794 
     D237290  9 0.0780 0.0508 0.8159 0.0553 
     D237291  9 0.1121 0.1036 0.6893 0.0950 
     D237292  9 0.3894 0.0628 0.4860 0.0618 
     D237293  9 0.3051 0.3062 0.1447 0.2441 
     D237294  9 0.4192 0.1503 0.2906 0.1399 
     D237295  9 0.2857 0.3488 0.0664 0.2991 
     D237296  9 0.3408 0.2440 0.2394 0.1757 
     D237297  9 0.0839 0.4873 0.1240 0.3048 
     D237298  9 0.2372 0.1271 0.2970 0.3387 
     D237341  9 0.2153 0.1346 0.4401 0.2099 
     D237342  9 0.5246 0.1513 0.1333 0.1907 
     D237343  9 0.3614 0.0967 0.3718 0.1701 
     D237344  9 0.1676 0.4029 0.2647 0.1649 
     D237345  9 0.7497 0.0404 0.0863 0.1236 
     D237346  9 0.1751 0.2544 0.4905 0.0800 
     D237347  9 0.1043 0.5069 0.2341 0.1547 
     D237348  9 0.3521 0.2254 0.2192 0.2032 
     D237349  9 0.2842 0.0639 0.3977 0.2542 
     D244109  9 0.2444 0.0348 0.5824 0.1384 
     D244110  9 0.1359 0.0660 0.6864 0.1117 
     D244111  9 0.1936 0.1320 0.3573 0.3171 
     D244128  9 0.7040 0.0691 0.1017 0.1252 
     D244137  9 0.2465 0.2118 0.1201 0.4215 
     D244138  9 0.2075 0.1590 0.4580 0.1754 
        D580  9 0.5648 0.1268 0.0626 0.2458 
        D581  9 0.0831 0.0530 0.8060 0.0578 
        D582  9 0.8555 0.0515 0.0324 0.0606 
        D583  9 0.1135 0.0497 0.7677 0.0691 
        D584  9 0.3741 0.4274 0.0981 0.1003 
        D585  9 0.5792 0.0589 0.2565 0.1054 
        D586  9 0.0655 0.1400 0.7294 0.0651 
        D651  9 0.1286 0.3541 0.1882 0.3290 
        D652  9 0.4944 0.0853 0.1596 0.2608 
        D653  9 0.1193 0.1420 0.4826 0.2561 
        D654  9 0.1942 0.0794 0.3300 0.3964 
        D655  9 0.1293 0.4008 0.3182 0.1517 
        D656  9 0.7689 0.0779 0.0635 0.0897 
        D657  9 0.3450 0.1319 0.1898 0.3334 
        D667  9 0.1152 0.5970 0.2114 0.0765 
        D668  9 0.3761 0.2073 0.2737 0.1430 
        D669  9 0.1970 0.1092 0.5578 0.1360 
        D670  9 0.2403 0.2271 0.0982 0.4343 
        D671  9 0.1293 0.0681 0.6929 0.1097 
        D672  9 0.6350 0.0743 0.1492 0.1415 
        D673  9 0.2249 0.3174 0.1595 0.2982 
        D692  9 0.6676 0.0729 0.1820 0.0774 
        D693  9 0.3010 0.3687 0.1443 0.1860 
        D694  9 0.7242 0.0999 0.0996 0.0763 
        D695  9 0.4321 0.2162 0.1152 0.2365 
        D696  9 0.0383 0.8156 0.0556 0.0905 
        D697  9 0.1435 0.5032 0.2203 0.1331 
        D698  9 0.1226 0.3661 0.4257 0.0855 
        D699  9 0.1539 0.5319 0.1848 0.1294 
        D787  9 0.3232 0.1484 0.2019 0.3265 
        D788  9 0.1634 0.5675 0.0607 0.2084 
        D789  9 0.3362 0.2979 0.2120 0.1539 
        D790  9 0.3078 0.2371 0.2957 0.1594 
        D791  9 0.0927 0.1656 0.5924 0.1494 
        D792  9 0.2916 0.1442 0.2702 0.2941 
        D793  9 0.0700 0.6497 0.1234 0.1568 
        D794  9 0.1335 0.4517 0.1877 0.2271 
        D795  9 0.6045 0.1803 0.1020 0.1131 
        D796  9 0.1835 0.2048 0.5098 0.1019 
        D142 10 0.0852 0.4077 0.1730 0.3341 
        D143 10 0.0751 0.1359 0.6996 0.0893 
        D144 10 0.2896 0.3502 0.1291 0.2311 
        D145 10 0.0756 0.0723 0.7327 0.1194 
        D146 10 0.5713 0.1638 0.0744 0.1905 
        D147 10 0.3285 0.1403 0.1428 0.3885 
        D148 10 0.3363 0.1623 0.1158 0.3856 
        D149 10 0.0997 0.0771 0.7236 0.0996 
        D151 10 0.4692 0.1181 0.2264 0.1863 
        D152 10 0.0504 0.0361 0.8671 0.0464 
        D153 10 0.1073 0.3578 0.0639 0.4711 
        D156 10 0.0633 0.0755 0.1167 0.7446 
        D157 10 0.1901 0.5134 0.1135 0.1830 
        D158 10 0.2058 0.3290 0.3363 0.1289 
        D159 10 0.0409 0.0676 0.8249 0.0667 
        D160 10 0.0576 0.3075 0.5998 0.0351 
        D161 10 0.1931 0.2795 0.2185 0.3089 
        D162 10 0.0546 0.1622 0.2001 0.5830 
        D169 10 0.7790 0.0667 0.0816 0.0727 
        D170 10 0.5930 0.1496 0.0602 0.1973 
        D171 10 0.1726 0.4060 0.0900 0.3314 
        D172 10 0.1644 0.1352 0.1947 0.5057 
        D173 10 0.0857 0.0349 0.7533 0.1261 
        D181 10 0.0906 0.4173 0.1867 0.3054 
        D182 10 0.2249 0.0928 0.4994 0.1829 
        D183 10 0.0755 0.8025 0.0545 0.0676 
        D184 10 0.8262 0.0431 0.0304 0.1003 
        D185 10 0.2708 0.1820 0.1138 0.4335 
        D186 10 0.7646 0.0600 0.1141 0.0614 
        D194 10 0.4969 0.1976 0.0915 0.2140 
        D195 10 0.0858 0.2554 0.4137 0.2451 
        D196 10 0.0594 0.2071 0.3701 0.3634 
        D197 10 0.6299 0.1031 0.2197 0.0473 
        D198 10 0.3413 0.3373 0.0754 0.2460 
     D237226 10 0.2336 0.0970 0.5760 0.0935 
     D237232 10 0.1714 0.3049 0.4206 0.1031 
     D237233 10 0.0881 0.1819 0.6287 0.1013 
     D237234 10 0.1100 0.3944 0.1592 0.3365 
     D237354 10 0.0365 0.0468 0.8613 0.0554 
     D237355 10 0.0997 0.1531 0.6724 0.0748 
     D237356 10 0.1623 0.6081 0.0406 0.1889 
     D237357 10 0.3594 0.1180 0.3780 0.1446 
     D237358 10 0.5327 0.1189 0.1713 0.1770 
     D237369 10 0.7516 0.0455 0.0688 0.1342 
     D237370 10 0.0914 0.6065 0.1849 0.1172 
     D237371 10 0.2282 0.2042 0.1118 0.4557 
     D237372 10 0.3951 0.0673 0.3986 0.1391 
     D237373 10 0.0837 0.3794 0.3549 0.1820 
     D237374 10 0.0583 0.1834 0.6835 0.0747 
     D237375 10 0.2453 0.1488 0.3523 0.2536 
     D237400 10 0.0344 0.0476 0.8613 0.0567 
     D244002 10 0.4903 0.0542 0.1020 0.3535 
     D244003 10 0.0565 0.3136 0.5858 0.0441 
     D244004 10 0.0632 0.8328 0.0643 0.0397 
     D244005 10 0.3141 0.0896 0.5355 0.0609 
     D244020 10 0.1529 0.4186 0.1382 0.2902 
     D244021 10 0.3902 0.1287 0.3239 0.1573 
     D244116 10 0.4196 0.1498 0.1431 0.2874 
     D244117 10 0.0676 0.3974 0.4257 0.1093 
     D244121 10 0.1342 0.5663 0.2229 0.0767 
     D244123 10 0.1077 0.3813 0.3100 0.2009 
     D244124 10 0.3740 0.1740 0.3337 0.1183 
        D332 10 0.0864 0.2253 0.1045 0.5838 
        D570 10 0.0749 0.6183 0.0761 0.2306 
        D602 10 0.0871 0.0902 0.0918 0.7309 
        D603 10 0.1786 0.3086 0.3514 0.1614 
        D604 10 0.0890 0.1310 0.3735 0.4065 
        D605 10 0.1629 0.1490 0.2098 0.4784 
        D606 10 0.5278 0.3420 0.0572 0.0730 
        D607 10 0.0944 0.1360 0.0782 0.6914 
        D608 10 0.0402 0.0349 0.8429 0.0820 
        D609 10 0.0885 0.6889 0.0426 0.1800 
        D610 10 0.2793 0.3434 0.1844 0.1929 
        D611 10 0.0301 0.8258 0.0390 0.1051 
        D613 10 0.0876 0.2316 0.1234 0.5574 
        D633 10 0.1167 0.0666 0.1456 0.6712 
        D634 10 0.2070 0.4416 0.1309 0.2205 
        D638 10 0.0418 0.0567 0.8395 0.0620 
        D681 10 0.1994 0.3409 0.1211 0.3386 
        D754 10 0.4339 0.3008 0.1121 0.1532 
        D755 10 0.0474 0.3580 0.5557 0.0389 
        D756 10 0.1983 0.4648 0.1848 0.1521 
        D757 10 0.2543 0.1631 0.4028 0.1799 
        D758 10 0.2147 0.2327 0.1965 0.3561 
        D759 10 0.0755 0.3335 0.5169 0.0740 
        D760 10 0.1392 0.3165 0.3537 0.1906 
        D761 10 0.0346 0.0543 0.8637 0.0474 
        D762 10 0.1503 0.1988 0.1107 0.5401 
        D775 10 0.0858 0.6297 0.2347 0.0498 
        D776 10 0.0755 0.0845 0.7947 0.0453 
        D777 10 0.1795 0.4348 0.2965 0.0892 
        D778 10 0.2206 0.0762 0.6534 0.0498 
        D779 10 0.2274 0.3742 0.1665 0.2320 
        D780 10 0.0698 0.1272 0.4996 0.3034 
        D781 10 0.1044 0.1143 0.1940 0.5873 
        D858 10 0.8002 0.0468 0.0990 0.0541 
        D933 10 0.1492 0.2822 0.3079 0.2607 
        D038 11 0.1428 0.1414 0.4795 0.2362 
        D063 11 0.0826 0.2476 0.4445 0.2252 
        D155 11 0.1286 0.3785 0.3517 0.1412 
        D175 11 0.3131 0.3916 0.1024 0.1929 
        D176 11 0.0939 0.1745 0.6332 0.0984 
        D205 11 0.1999 0.6678 0.0445 0.0877 
     D237229 11 0.3257 0.0565 0.3539 0.2639 
     D237230 11 0.3822 0.0749 0.1594 0.3836 
     D237231 11 0.0688 0.1263 0.1101 0.6948 
     D237269 11 0.1782 0.1353 0.3913 0.2952 
     D237270 11 0.6358 0.1102 0.1017 0.1523 
     D237271 11 0.1240 0.3327 0.0943 0.4489 
     D237272 11 0.3246 0.1003 0.1901 0.3849 
     D237273 11 0.0744 0.4527 0.1721 0.3008 
     D237301 11 0.0771 0.2115 0.0987 0.6127 
     D237302 11 0.4457 0.1217 0.2131 0.2195 
     D237303 11 0.5272 0.0563 0.2007 0.2158 
     D237304 11 0.1828 0.1950 0.1614 0.4608 
     D237305 11 0.6022 0.1875 0.1228 0.0874 
     D237314 11 0.1567 0.2962 0.2762 0.2709 
     D237315 11 0.6148 0.0935 0.1244 0.1673 
     D237316 11 0.0538 0.1644 0.0543 0.7276 
     D237328 11 0.3727 0.3147 0.0492 0.2634 
     D237329 11 0.2833 0.1871 0.4239 0.1057 
     D237330 11 0.0692 0.5167 0.2167 0.1973 
     D237331 11 0.1389 0.2904 0.2846 0.2861 
     D237332 11 0.1448 0.2781 0.1094 0.4677 
     D237333 11 0.0613 0.2389 0.5987 0.1011 
     D237334 11 0.0856 0.2329 0.0817 0.5997 
     D237335 11 0.1953 0.3361 0.0828 0.3857 
     D237336 11 0.1723 0.1765 0.4955 0.1556 
     D237350 11 0.0711 0.4470 0.1267 0.3551 
     D237383 11 0.3465 0.1490 0.3483 0.1562 
     D237384 11 0.2608 0.1711 0.1183 0.4499 
     D237385 11 0.2162 0.2056 0.2309 0.3474 
     D237386 11 0.1053 0.3300 0.1376 0.4271 
     D237387 11 0.1864 0.1372 0.0569 0.6195 
     D237388 11 0.0605 0.5709 0.0654 0.3032 
        D239 11 0.0940 0.3904 0.2598 0.2558 
        D240 11 0.1339 0.0636 0.7535 0.0490 
        D241 11 0.4081 0.0830 0.1920 0.3169 
        D242 11 0.1463 0.1328 0.2378 0.4832 
        D243 11 0.1463 0.5551 0.1875 0.1111 
        D244 11 0.1454 0.7122 0.0681 0.0743 
