        D174  1 0.0246 0.0737 0.0562 0.0940 0.0191 0.0710 0.0797 0.3773 0.0355 0.0990 0.0699 
        D199  1 0.1405 0.1092 0.2039 0.0224 0.0351 0.0785 0.0283 0.1315 0.1437 0.0307 0.0762 
        D203  1 0.0882 0.0854 0.2200 0.0983 0.0385 0.0473 0.0194 0.0615 0.1488 0.1020 0.0907 
        D204  1 0.0189 0.0318 0.6912 0.0192 0.0777 0.0167 0.0279 0.0164 0.0373 0.0292 0.0338 
     D237366  1 0.0347 0.0753 0.0483 0.1645 0.0903 0.4081 0.0205 0.0442 0.0357 0.0307 0.0477 
     D237367  1 0.0208 0.0912 0.1836 0.0558 0.0390 0.2886 0.0950 0.0297 0.0748 0.0450 0.0764 
     D237368  1 0.0261 0.0939 0.1560 0.0220 0.0476 0.3168 0.0297 0.1000 0.1064 0.0709 0.0306 
     D244101  1 0.1141 0.1007 0.1379 0.0218 0.4391 0.0182 0.0241 0.0174 0.0704 0.0274 0.0288 
     D244102  1 0.0672 0.0882 0.0603 0.0395 0.0506 0.0637 0.0683 0.0308 0.0404 0.1260 0.3649 
     D244103  1 0.0279 0.2534 0.1154 0.1524 0.0401 0.1547 0.0873 0.0449 0.0323 0.0317 0.0598 
     D244104  1 0.0294 0.0250 0.5728 0.0204 0.0278 0.0317 0.1652 0.0556 0.0337 0.0255 0.0130 
     D244105  1 0.0331 0.0896 0.0250 0.3533 0.0268 0.2813 0.0280 0.0161 0.0146 0.0824 0.0498 
     D244106  1 0.0398 0.0548 0.0704 0.1220 0.0208 0.0207 0.0209 0.4747 0.0748 0.0274 0.0736 
     D244107  1 0.0288 0.1098 0.0356 0.0252 0.0576 0.4167 0.0511 0.0134 0.0950 0.1455 0.0211 
     D244108  1 0.0433 0.0441 0.0391 0.0315 0.0264 0.0218 0.0317 0.2631 0.0318 0.3781 0.0893 
     D244113  1 0.0185 0.0641 0.0153 0.0142 0.0603 0.0273 0.1257 0.3032 0.0457 0.0278 0.2978 
     D244114  1 0.0933 0.1488 0.0508 0.4333 0.0379 0.0345 0.0265 0.0671 0.0353 0.0258 0.0467 
     D244115  1 0.0340 0.1761 0.1579 0.0595 0.0305 0.0434 0.0492 0.1885 0.0295 0.1855 0.0459 
     D267365  1 0.1753 0.0839 0.2994 0.0293 0.0435 0.0811 0.0336 0.1475 0.0288 0.0341 0.0434 
        D404  1 0.0186 0.0496 0.0221 0.0276 0.0755 0.0172 0.0360 0.1466 0.0328 0.0448 0.5291 
        D405  1 0.0488 0.0758 0.0893 0.0436 0.0559 0.0270 0.0455 0.0354 0.0614 0.0612 0.4561 
        D406  1 0.0227 0.0309 0.0655 0.0237 0.0388 0.5242 0.0137 0.0505 0.0178 0.1888 0.0235 
        D407  1 0.0152 0.0702 0.4039 0.0254 0.0159 0.1936 0.1112 0.0258 0.1047 0.0137 0.0205 
        D408  1 0.1596 0.0501 0.0607 0.0210 0.0388 0.0243 0.2394 0.2725 0.0161 0.0544 0.0631 
        D409  1 0.0536 0.4613 0.0863 0.0485 0.0270 0.1421 0.0389 0.0377 0.0325 0.0308 0.0411 
        D410  1 0.0154 0.0328 0.0533 0.0219 0.0348 0.0190 0.0401 0.0192 0.0118 0.7304 0.0212 
        D421  1 0.0134 0.0206 0.8294 0.0115 0.0106 0.0202 0.0201 0.0165 0.0391 0.0088 0.0098 
        D422  1 0.0257 0.0401 0.0507 0.0359 0.0144 0.7292 0.0212 0.0143 0.0222 0.0277 0.0188 
        D423  1 0.0160 0.0618 0.0509 0.0369 0.0170 0.0785 0.0225 0.0177 0.0643 0.6081 0.0262 
        D424  1 0.0170 0.1435 0.5270 0.0350 0.0264 0.0989 0.0387 0.0420 0.0157 0.0244 0.0314 
        D425  1 0.0535 0.1513 0.3521 0.0309 0.0260 0.0318 0.0410 0.0879 0.0276 0.0987 0.0992 
        D426  1 0.1384 0.4450 0.0633 0.0435 0.0145 0.1520 0.0693 0.0212 0.0247 0.0137 0.0144 
        D427  1 0.0281 0.0201 0.3506 0.0172 0.0113 0.0307 0.0397 0.1234 0.3557 0.0126 0.0106 
        D428  1 0.0353 0.1147 0.1811 0.0219 0.0916 0.0838 0.0674 0.1571 0.0507 0.0884 0.1081 
        D429  1 0.0402 0.0704 0.3389 0.1787 0.0258 0.0268 0.0246 0.1469 0.0296 0.0385 0.0798 
        D430  1 0.0919 0.2264 0.0787 0.1354 0.0255 0.0397 0.0532 0.1123 0.0544 0.0300 0.1527 
        D491  1 0.0297 0.0483 0.0783 0.0239 0.0381 0.0235 0.0855 0.5878 0.0124 0.0378 0.0348 
        D492  1 0.0253 0.1619 0.2323 0.0584 0.0467 0.0937 0.0298 0.1029 0.0623 0.0592 0.1276 
        D537  1 0.0152 0.0683 0.4509 0.0420 0.0678 0.1065 0.0663 0.0240 0.0321 0.0680 0.0588 
        D538  1 0.0331 0.1609 0.0539 0.0313 0.0478 0.0778 0.0322 0.0850 0.0754 0.1716 0.2310 
        D539  1 0.2374 0.0658 0.0244 0.2390 0.0493 0.0328 0.0718 0.1057 0.0311 0.0611 0.0815 
        D540  1 0.0538 0.1522 0.1688 0.0493 0.0261 0.0610 0.3393 0.0290 0.0204 0.0593 0.0407 
        D541  1 0.0166 0.0179 0.8358 0.0164 0.0157 0.0163 0.0205 0.0128 0.0188 0.0170 0.0122 
        D551  1 0.1307 0.1296 0.0361 0.4250 0.0224 0.0644 0.0368 0.0279 0.0844 0.0172 0.0256 
        D552  1 0.0322 0.0928 0.1105 0.0521 0.0584 0.0680 0.0962 0.2062 0.0284 0.2327 0.0225 
        D553  1 0.0191 0.0189 0.8424 0.0161 0.0178 0.0154 0.0233 0.0148 0.0113 0.0118 0.0092 
        D615  1 0.0443 0.0819 0.4231 0.0511 0.0246 0.0254 0.0432 0.0514 0.0539 0.1128 0.0883 
        D616  1 0.0661 0.1080 0.2843 0.0666 0.0222 0.0844 0.0400 0.0623 0.1181 0.1192 0.0287 
        D621  1 0.0206 0.0525 0.0139 0.0269 0.2915 0.1793 0.0579 0.0786 0.0229 0.2159 0.0400 
        D622  1 0.0242 0.0655 0.0329 0.0831 0.0392 0.3916 0.0750 0.0297 0.0219 0.2143 0.0226 
        D623  1 0.0659 0.0527 0.0210 0.0167 0.1450 0.0191 0.0234 0.1953 0.1683 0.0669 0.2256 
        D624  1 0.0263 0.0373 0.0264 0.0223 0.0109 0.0273 0.0344 0.7578 0.0122 0.0193 0.0256 
        D625  1 0.0266 0.0552 0.5808 0.0338 0.0438 0.0549 0.0456 0.0590 0.0156 0.0623 0.0224 
        D626  1 0.0508 0.0687 0.0498 0.0637 0.0266 0.1177 0.2390 0.2129 0.0304 0.0903 0.0500 
        D627  1 0.1215 0.4727 0.0907 0.0593 0.0226 0.1160 0.0259 0.0319 0.0255 0.0174 0.0165 
        D690  1 0.0148 0.0170 0.7620 0.0179 0.0219 0.0342 0.0219 0.0300 0.0109 0.0552 0.0144 
        D691  1 0.0249 0.0348 0.0578 0.1210 0.0224 0.5232 0.0257 0.0394 0.0182 0.1169 0.0157 
        D710  1 0.0428 0.1355 0.1650 0.0181 0.1558 0.1249 0.0813 0.1146 0.0400 0.0810 0.0410 
        D711  1 0.0222 0.0327 0.7320 0.0174 0.0382 0.0359 0.0103 0.0205 0.0237 0.0259 0.0412 
        D712  1 0.0884 0.0713 0.0356 0.0273 0.0495 0.0816 0.0833 0.4167 0.0383 0.0454 0.0626 
        D713  1 0.0266 0.1174 0.1287 0.0505 0.1449 0.0715 0.0473 0.1456 0.0244 0.0702 0.1728 
        D746  1 0.0169 0.0215 0.0834 0.0377 0.0234 0.6038 0.0484 0.0269 0.0255 0.0988 0.0138 
        D747  1 0.0233 0.0136 0.8288 0.0139 0.0226 0.0126 0.0140 0.0146 0.0264 0.0150 0.0151 
        D748  1 0.0256 0.0723 0.2342 0.2537 0.0599 0.1362 0.0467 0.0336 0.0158 0.1012 0.0209 
        D749  1 0.0337 0.2087 0.0256 0.1048 0.0649 0.2158 0.0210 0.1095 0.0401 0.1120 0.0638 
        D750  1 0.0270 0.0356 0.1469 0.0388 0.0426 0.0308 0.0271 0.5213 0.0228 0.0765 0.0305 
        D763  1 0.1626 0.1034 0.0542 0.0891 0.1946 0.0893 0.1396 0.0170 0.0852 0.0345 0.0304 
        D764  1 0.0180 0.0477 0.4722 0.0183 0.0215 0.0413 0.0348 0.2328 0.0161 0.0819 0.0153 
        D765  1 0.0350 0.0631 0.0271 0.0432 0.0127 0.0638 0.0291 0.0945 0.0135 0.5736 0.0444 
        D766  1 0.0159 0.0735 0.0477 0.0474 0.1220 0.1143 0.1118 0.0368 0.0255 0.3682 0.0370 
        D767  1 0.0278 0.0749 0.0798 0.0769 0.1703 0.0830 0.0271 0.0262 0.0655 0.0663 0.3023 
        D768  1 0.0162 0.0350 0.8062 0.0227 0.0149 0.0247 0.0192 0.0114 0.0187 0.0190 0.0120 
        D811  1 0.0215 0.0366 0.0180 0.0188 0.0172 0.0164 0.3386 0.0522 0.0155 0.1333 0.3318 
        D816  1 0.0187 0.0285 0.8081 0.0204 0.0174 0.0168 0.0145 0.0230 0.0147 0.0217 0.0161 
        D825  1 0.0249 0.1122 0.0577 0.0377 0.0186 0.0252 0.0819 0.1311 0.0171 0.3718 0.1219 
        D866  1 0.3302 0.0740 0.0797 0.0561 0.0165 0.0218 0.0672 0.1400 0.0975 0.0711 0.0459 
        D867  1 0.0219 0.0572 0.0177 0.0306 0.0920 0.6064 0.0314 0.0212 0.0490 0.0347 0.0379 
        D871  1 0.0557 0.4815 0.0863 0.0614 0.0352 0.1200 0.0456 0.0408 0.0181 0.0198 0.0356 
        D872  1 0.0270 0.0760 0.1321 0.0230 0.0496 0.0715 0.0283 0.0473 0.0497 0.2368 0.2586 
        D873  1 0.0098 0.0250 0.0080 0.0131 0.0422 0.0336 0.0294 0.0153 0.0287 0.7209 0.0740 
        D874  1 0.0270 0.0369 0.0557 0.0240 0.6644 0.0142 0.0333 0.0745 0.0205 0.0159 0.0335 
        D875  1 0.0222 0.4976 0.0597 0.0734 0.0223 0.1903 0.0212 0.0170 0.0129 0.0614 0.0220 
        D876  1 0.0719 0.0810 0.3954 0.0334 0.1036 0.0511 0.0374 0.0870 0.0257 0.0856 0.0278 
        D877  1 0.0198 0.0339 0.0245 0.0175 0.0529 0.0110 0.0271 0.0805 0.0228 0.0232 0.6869 
        D892  1 0.0253 0.0948 0.2688 0.1321 0.0363 0.1417 0.0189 0.1371 0.0185 0.0620 0.0644 
        D893  1 0.0605 0.0593 0.6093 0.0468 0.0430 0.0428 0.0428 0.0167 0.0283 0.0310 0.0196 
        D894  1 0.0289 0.1099 0.6128 0.0558 0.0228 0.0327 0.0173 0.0490 0.0209 0.0243 0.0256 
        D915  1 0.0305 0.0658 0.4434 0.1275 0.0230 0.0542 0.0303 0.0435 0.0275 0.1280 0.0263 
        D916  1 0.0121 0.0181 0.8631 0.0157 0.0136 0.0134 0.0124 0.0150 0.0107 0.0168 0.0089 
        D917  1 0.1900 0.1028 0.1323 0.0187 0.1249 0.0445 0.0346 0.2061 0.0455 0.0331 0.0675 
        D925  1 0.0300 0.0267 0.2184 0.0168 0.0156 0.0480 0.0596 0.0706 0.0200 0.4663 0.0279 
        D926  1 0.0335 0.2079 0.3494 0.0998 0.0683 0.0552 0.0273 0.0453 0.0238 0.0390 0.0504 
        D927  1 0.1097 0.1070 0.2303 0.0498 0.0484 0.0676 0.0215 0.0533 0.2360 0.0284 0.0480 
        D928  1 0.0157 0.0249 0.0753 0.0098 0.0180 0.0118 0.0224 0.7245 0.0152 0.0435 0.0388 
        D929  1 0.0266 0.0481 0.0295 0.0528 0.3146 0.0811 0.0304 0.0424 0.0188 0.0330 0.3227 
        D936  1 0.0975 0.0791 0.4202 0.0506 0.1556 0.0219 0.0261 0.0238 0.0489 0.0341 0.0422 
        D938  1 0.0172 0.0319 0.0179 0.0346 0.0627 0.5118 0.0452 0.0289 0.0133 0.2181 0.0185 
        D956  1 0.0280 0.0726 0.0406 0.0641 0.0248 0.0175 0.0412 0.4842 0.0291 0.0586 0.1394 
        D957  1 0.0262 0.0638 0.1001 0.0248 0.0454 0.0408 0.0143 0.0361 0.0367 0.4684 0.1435 
        D958  1 0.0213 0.0587 0.1110 0.0371 0.0974 0.0686 0.0374 0.1094 0.0294 0.3553 0.0744 
        D959  1 0.0131 0.1075 0.3644 0.0240 0.0135 0.2620 0.0805 0.0292 0.0687 0.0158 0.0213 
        D960  1 0.0206 0.0569 0.0360 0.0549 0.0378 0.4668 0.0128 0.0473 0.0207 0.1666 0.0797 
        D989  1 0.0924 0.0554 0.0435 0.0377 0.0230 0.0383 0.0452 0.5268 0.0712 0.0245 0.0419 
        D990  1 0.1226 0.0351 0.0196 0.0229 0.0262 0.0495 0.0252 0.0492 0.0355 0.6012 0.0128 
        D023  2 0.0140 0.0156 0.0392 0.0108 0.0173 0.8190 0.0206 0.0158 0.0233 0.0155 0.0090 
        D130  2 0.0159 0.0283 0.0805 0.0410 0.0258 0.5494 0.0180 0.0160 0.0429 0.0708 0.1114 
        D131  2 0.0723 0.3123 0.1521 0.0634 0.0472 0.0260 0.1665 0.0398 0.0316 0.0599 0.0289 
        D163  2 0.0364 0.0710 0.0546 0.0343 0.0518 0.6103 0.0277 0.0408 0.0136 0.0443 0.0152 
        D164  2 0.0122 0.0156 0.0103 0.0163 0.0140 0.0253 0.0264 0.0096 0.5219 0.3352 0.0130 
        D165  2 0.0227 0.0270 0.0253 0.0187 0.0243 0.7806 0.0254 0.0188 0.0262 0.0196 0.0114 
        D166  2 0.0541 0.1451 0.0305 0.0630 0.0776 0.0498 0.0497 0.0171 0.0335 0.0457 0.4338 
        D167  2 0.0210 0.0198 0.0139 0.0132 0.0120 0.0160 0.0128 0.0250 0.7701 0.0148 0.0814 
        D192  2 0.0281 0.0168 0.0092 0.0132 0.0193 0.0114 0.0147 0.0187 0.8339 0.0129 0.0217 
        D193  2 0.0388 0.0480 0.0188 0.1118 0.0352 0.0229 0.0168 0.0729 0.0253 0.0274 0.5821 
        D206  2 0.0245 0.0902 0.0446 0.0710 0.0246 0.0885 0.3561 0.0202 0.2247 0.0221 0.0337 
        D207  2 0.0612 0.0978 0.0287 0.0382 0.0181 0.0247 0.0302 0.0172 0.5103 0.0163 0.1573 
        D208  2 0.2713 0.0606 0.0451 0.0623 0.0383 0.0345 0.2158 0.1284 0.0582 0.0356 0.0498 
        D209  2 0.0301 0.1178 0.0226 0.0534 0.1490 0.0365 0.0609 0.0218 0.4200 0.0558 0.0320 
        D210  2 0.1514 0.0510 0.0643 0.0684 0.0334 0.0277 0.0265 0.4643 0.0656 0.0264 0.0212 
     D229599  2 0.2603 0.1317 0.1439 0.0351 0.1057 0.1161 0.0327 0.0501 0.0418 0.0451 0.0376 
     D229600  2 0.0302 0.0615 0.0295 0.0479 0.0256 0.3350 0.0201 0.0208 0.3245 0.0552 0.0498 
     D237227  2 0.1188 0.0647 0.0437 0.0309 0.0211 0.0460 0.0404 0.3771 0.0547 0.1773 0.0253 
     D237228  2 0.0648 0.0736 0.0133 0.0366 0.0147 0.0156 0.0272 0.0988 0.0461 0.5565 0.0529 
     D237258  2 0.1209 0.1180 0.0649 0.0375 0.0472 0.1185 0.0977 0.0615 0.1750 0.0750 0.0839 
     D237310  2 0.0209 0.0553 0.0148 0.0612 0.0262 0.0306 0.0187 0.0323 0.0430 0.5182 0.1788 
     D237311  2 0.0232 0.0391 0.0129 0.0441 0.0196 0.0336 0.0235 0.0250 0.1248 0.5810 0.0730 
     D237312  2 0.0213 0.0711 0.0243 0.1739 0.0646 0.0663 0.0502 0.0401 0.0239 0.2250 0.2392 
     D237313  2 0.0748 0.1389 0.0862 0.1039 0.0603 0.0322 0.2313 0.0642 0.0224 0.1415 0.0443 
     D237322  2 0.2481 0.1409 0.0262 0.0790 0.0979 0.0325 0.0596 0.0688 0.0350 0.1070 0.1049 
     D237323  2 0.0493 0.0301 0.0129 0.0321 0.0261 0.0534 0.0233 0.1067 0.0261 0.5597 0.0803 
     D237324  2 0.1035 0.2113 0.0467 0.0443 0.0419 0.1855 0.0195 0.0128 0.2475 0.0608 0.0261 
     D237325  2 0.0238 0.0684 0.0204 0.1811 0.0581 0.0884 0.0259 0.0580 0.0525 0.3628 0.0607 
     D237326  2 0.0247 0.0392 0.0496 0.0218 0.0403 0.0504 0.0149 0.0639 0.0364 0.6331 0.0257 
     D237327  2 0.2910 0.1423 0.0511 0.0962 0.1014 0.0948 0.0268 0.0394 0.0959 0.0275 0.0337 
     D237337  2 0.0192 0.0216 0.0185 0.0377 0.0168 0.0238 0.0317 0.0296 0.0141 0.7566 0.0303 
     D237338  2 0.0908 0.0989 0.0399 0.1411 0.0750 0.1423 0.0462 0.1079 0.0686 0.1496 0.0397 
     D237339  2 0.0410 0.0459 0.0257 0.0264 0.5921 0.0194 0.0262 0.0138 0.1504 0.0191 0.0400 
     D237340  2 0.0368 0.0631 0.0150 0.0692 0.0329 0.0562 0.0205 0.0958 0.1482 0.3560 0.1063 
     D237389  2 0.0176 0.0456 0.0204 0.0499 0.0231 0.0272 0.0259 0.0166 0.0757 0.4853 0.2128 
     D237390  2 0.0485 0.0444 0.0283 0.1643 0.0409 0.0535 0.0331 0.0472 0.0189 0.3710 0.1498 
     D244017  2 0.0368 0.0930 0.0234 0.0138 0.0181 0.0431 0.0189 0.1450 0.2860 0.0305 0.2913 
     D244112  2 0.0171 0.0285 0.0176 0.0241 0.0138 0.0220 0.0127 0.0189 0.7840 0.0194 0.0419 
     D244118  2 0.0255 0.0244 0.0099 0.0145 0.0264 0.1658 0.0101 0.0241 0.6024 0.0669 0.0300 
     D244119  2 0.0237 0.0229 0.0204 0.0153 0.0120 0.0140 0.0191 0.5464 0.2665 0.0354 0.0243 
     D244120  2 0.0713 0.0555 0.0131 0.1214 0.0443 0.0195 0.0170 0.0398 0.2447 0.0271 0.3462 
     D244122  2 0.0213 0.0328 0.0308 0.0527 0.0312 0.0449 0.0563 0.0412 0.5744 0.0185 0.0959 
        D291  2 0.4965 0.1188 0.0570 0.0233 0.0161 0.0748 0.0809 0.0170 0.0359 0.0264 0.0533 
        D292  2 0.2821 0.0601 0.2219 0.0260 0.0313 0.0222 0.0248 0.0558 0.1421 0.0714 0.0622 
        D293  2 0.0348 0.0416 0.0942 0.0311 0.1343 0.0137 0.0148 0.0151 0.5910 0.0149 0.0145 
        D322  2 0.0312 0.0664 0.0661 0.0184 0.1740 0.0267 0.0221 0.0213 0.5080 0.0409 0.0247 
        D323  2 0.0268 0.0881 0.0232 0.0333 0.0504 0.0280 0.5408 0.0232 0.0752 0.0350 0.0760 
        D324  2 0.3298 0.1286 0.1132 0.0378 0.0251 0.0635 0.0748 0.0514 0.0312 0.1172 0.0274 
        D325  2 0.0441 0.0281 0.0329 0.0498 0.0243 0.0203 0.0149 0.0087 0.7503 0.0132 0.0134 
        D326  2 0.0205 0.0236 0.8256 0.0136 0.0144 0.0126 0.0215 0.0258 0.0160 0.0116 0.0147 
        D340  2 0.0323 0.0203 0.0248 0.0178 0.0231 0.0163 0.0156 0.0205 0.7977 0.0181 0.0135 
        D341  2 0.0412 0.0395 0.0288 0.2415 0.0253 0.0182 0.0675 0.0313 0.4418 0.0413 0.0237 
        D342  2 0.0280 0.1026 0.0206 0.1076 0.0213 0.0804 0.0654 0.0155 0.4218 0.0786 0.0582 
        D343  2 0.0123 0.0137 0.0146 0.0219 0.0148 0.0119 0.0098 0.0080 0.8748 0.0096 0.0087 
        D344  2 0.0284 0.1600 0.0709 0.0641 0.3611 0.0179 0.0257 0.0193 0.0509 0.0408 0.1609 
        D345  2 0.0357 0.1198 0.0772 0.0200 0.2663 0.0615 0.0883 0.0338 0.0441 0.2313 0.0220 
        D346  2 0.0435 0.0616 0.0444 0.0476 0.0313 0.0253 0.4074 0.2356 0.0481 0.0292 0.0260 
        D351  2 0.1753 0.1976 0.2096 0.0523 0.0893 0.0568 0.0474 0.0275 0.0441 0.0528 0.0474 
        D352  2 0.0468 0.0955 0.0166 0.0173 0.5945 0.0209 0.0270 0.0527 0.0501 0.0435 0.0350 
        D353  2 0.0245 0.5404 0.1395 0.0387 0.1338 0.0135 0.0299 0.0134 0.0211 0.0167 0.0285 
        D354  2 0.0132 0.0421 0.0449 0.0264 0.7160 0.0158 0.0272 0.0409 0.0136 0.0343 0.0257 
        D362  2 0.0234 0.0488 0.5984 0.0166 0.0254 0.1010 0.0375 0.0342 0.0301 0.0429 0.0417 
        D363  2 0.0269 0.0345 0.7024 0.0136 0.0251 0.0398 0.0507 0.0316 0.0204 0.0341 0.0207 
        D364  2 0.0215 0.0927 0.2646 0.0474 0.3866 0.0212 0.0345 0.0340 0.0250 0.0493 0.0231 
        D365  2 0.0114 0.0160 0.0192 0.0159 0.0224 0.0105 0.0175 0.0196 0.8394 0.0163 0.0118 
        D369  2 0.0930 0.0817 0.1761 0.0319 0.0210 0.0380 0.1484 0.1365 0.1156 0.1312 0.0265 
        D374  2 0.0206 0.0276 0.0158 0.0168 0.0203 0.0113 0.0303 0.2835 0.0140 0.0231 0.5367 
        D375  2 0.0127 0.0527 0.0177 0.0378 0.7526 0.0189 0.0237 0.0176 0.0167 0.0185 0.0309 
        D376  2 0.0243 0.0518 0.0175 0.0475 0.0559 0.0156 0.0319 0.4075 0.0277 0.0366 0.2838 
        D377  2 0.0306 0.0558 0.0233 0.0528 0.0279 0.0360 0.5209 0.0374 0.0381 0.1128 0.0645 
        D378  2 0.0392 0.1102 0.1058 0.0415 0.2039 0.0829 0.0995 0.0254 0.2392 0.0349 0.0175 
        D379  2 0.0268 0.0931 0.4303 0.0805 0.0558 0.0237 0.1860 0.0295 0.0214 0.0249 0.0279 
        D384  2 0.0186 0.0341 0.7984 0.0207 0.0143 0.0138 0.0288 0.0297 0.0122 0.0163 0.0131 
        D385  2 0.0185 0.0295 0.0187 0.0233 0.1055 0.0129 0.0308 0.0387 0.6784 0.0227 0.0210 
        D386  2 0.0219 0.1443 0.0629 0.0416 0.4760 0.0462 0.0638 0.0168 0.0695 0.0296 0.0274 
        D391  2 0.0196 0.0310 0.0222 0.0195 0.0970 0.0203 0.0362 0.0143 0.6979 0.0214 0.0205 
        D392  2 0.0332 0.0554 0.0643 0.0160 0.0257 0.0428 0.0325 0.0499 0.5389 0.1117 0.0297 
        D393  2 0.1107 0.0529 0.1556 0.0630 0.2832 0.0373 0.1465 0.0230 0.0620 0.0492 0.0166 
        D394  2 0.0448 0.1221 0.0587 0.0639 0.2014 0.1391 0.0215 0.0383 0.0958 0.1507 0.0637 
        D395  2 0.0284 0.0905 0.0121 0.0368 0.3090 0.0255 0.0259 0.0209 0.3875 0.0214 0.0420 
        D401  2 0.0229 0.0312 0.0192 0.0185 0.0096 0.0147 0.0632 0.0316 0.0279 0.7243 0.0369 
        D402  2 0.0546 0.0267 0.0169 0.0281 0.0769 0.0117 0.0465 0.0160 0.6758 0.0225 0.0244 
        D403  2 0.0266 0.2612 0.1953 0.1198 0.1035 0.0849 0.0511 0.0210 0.0369 0.0285 0.0712 
        D415  2 0.0156 0.2414 0.4185 0.0708 0.0335 0.0388 0.0257 0.0137 0.0258 0.0959 0.0203 
        D435  2 0.0470 0.0514 0.4774 0.0615 0.0578 0.0297 0.0220 0.0162 0.1875 0.0345 0.0150 
        D436  2 0.0346 0.1005 0.1043 0.1360 0.3691 0.0406 0.0188 0.0600 0.0274 0.0298 0.0788 
        D438  2 0.0164 0.0133 0.0102 0.0185 0.0135 0.0148 0.0396 0.0223 0.8250 0.0112 0.0153 
        D439  2 0.0305 0.1257 0.0401 0.0258 0.5345 0.0534 0.0509 0.0151 0.0612 0.0462 0.0166 
        D449  2 0.0231 0.1215 0.0698 0.0754 0.0243 0.0405 0.0477 0.0311 0.5224 0.0213 0.0229 
        D450  2 0.0741 0.1806 0.1174 0.0638 0.2184 0.0453 0.0743 0.1201 0.0171 0.0369 0.0521 
        D456  2 0.0252 0.0366 0.7879 0.0196 0.0253 0.0208 0.0237 0.0250 0.0114 0.0133 0.0111 
        D462  2 0.0230 0.0254 0.0356 0.0207 0.0907 0.0169 0.0190 0.0134 0.7286 0.0138 0.0129 
        D463  2 0.0158 0.0413 0.7607 0.0187 0.0353 0.0175 0.0263 0.0338 0.0117 0.0175 0.0214 
        D464  2 0.0162 0.3533 0.0548 0.0420 0.2834 0.0130 0.0343 0.0347 0.0677 0.0210 0.0797 
        D465  2 0.0260 0.0613 0.1192 0.0316 0.0178 0.0375 0.0653 0.0195 0.5064 0.0675 0.0479 
        D473  2 0.0430 0.0616 0.0214 0.0393 0.0807 0.0661 0.0697 0.3890 0.0529 0.1223 0.0539 
        D474  2 0.1304 0.0444 0.5111 0.0400 0.0348 0.0594 0.0338 0.0362 0.0460 0.0522 0.0115 
        D476  2 0.0304 0.0267 0.0204 0.0169 0.4855 0.3184 0.0136 0.0135 0.0405 0.0187 0.0153 
        D477  2 0.0834 0.0694 0.2233 0.0372 0.2837 0.0207 0.1105 0.0357 0.0245 0.0904 0.0214 
        D478  2 0.0462 0.1939 0.0338 0.0324 0.0711 0.3267 0.0383 0.0757 0.0567 0.0254 0.0998 
        D480  2 0.0693 0.0812 0.1403 0.0835 0.2431 0.0219 0.1166 0.1044 0.0776 0.0316 0.0305 
        D481  2 0.0641 0.0819 0.2604 0.0224 0.2084 0.0863 0.0318 0.0833 0.0514 0.0734 0.0366 
        D482  2 0.1342 0.1327 0.0202 0.0657 0.3209 0.0366 0.0705 0.0571 0.0273 0.0688 0.0659 
        D483  2 0.0234 0.0228 0.0140 0.0156 0.0158 0.0195 0.0146 0.0544 0.7784 0.0177 0.0237 
        D484  2 0.0269 0.0315 0.0093 0.0174 0.7579 0.0181 0.0211 0.0252 0.0219 0.0161 0.0545 
        D510  2 0.1530 0.0531 0.0193 0.0557 0.0273 0.0201 0.0271 0.4624 0.0188 0.0287 0.1345 
        D511  2 0.0357 0.0390 0.0611 0.0247 0.6176 0.0387 0.0467 0.0162 0.0660 0.0337 0.0205 
        D512  2 0.0279 0.0650 0.0189 0.0485 0.0212 0.0433 0.0741 0.0119 0.1737 0.4196 0.0960 
        D513  2 0.0726 0.0696 0.0577 0.0472 0.0210 0.0383 0.1079 0.0492 0.4693 0.0360 0.0311 
        D635  2 0.0285 0.0931 0.2137 0.0197 0.0193 0.4895 0.0359 0.0221 0.0339 0.0289 0.0154 
        D636  2 0.0100 0.0236 0.0227 0.0121 0.0162 0.7592 0.0581 0.0163 0.0188 0.0504 0.0125 
        D637  2 0.0482 0.0705 0.0213 0.1818 0.2639 0.0232 0.0947 0.0539 0.1520 0.0359 0.0546 
        D658  2 0.0277 0.0490 0.0247 0.0671 0.1361 0.0227 0.0189 0.1048 0.4150 0.0590 0.0750 
        D659  2 0.0855 0.0655 0.5275 0.0592 0.0613 0.0823 0.0306 0.0307 0.0198 0.0180 0.0196 
        D677  2 0.0585 0.0773 0.1436 0.2718 0.0332 0.0785 0.1411 0.0172 0.0452 0.0592 0.0743 
        D678  2 0.0224 0.0911 0.0188 0.0498 0.0261 0.0330 0.0409 0.0159 0.5755 0.0347 0.0917 
        D679  2 0.0680 0.0892 0.2210 0.0521 0.0517 0.0350 0.3574 0.0396 0.0378 0.0289 0.0193 
        D719  2 0.0906 0.0590 0.1271 0.0205 0.0405 0.0165 0.0377 0.3861 0.1492 0.0520 0.0210 
        D720  2 0.0358 0.0587 0.5953 0.0223 0.0216 0.0362 0.0594 0.0696 0.0309 0.0457 0.0245 
        D721  2 0.0243 0.0334 0.0415 0.0297 0.0298 0.6873 0.0350 0.0373 0.0518 0.0176 0.0122 
        D722  2 0.0386 0.0494 0.0229 0.0184 0.0231 0.0220 0.0620 0.1869 0.0588 0.0480 0.4697 
        D734  2 0.0333 0.0390 0.0192 0.0308 0.6381 0.0134 0.0266 0.1088 0.0551 0.0142 0.0216 
        D735  2 0.0348 0.1218 0.1359 0.0383 0.0725 0.0337 0.3107 0.0618 0.0667 0.0944 0.0294 
        D736  2 0.3175 0.0637 0.0510 0.0543 0.0493 0.0422 0.0354 0.2688 0.0569 0.0379 0.0231 
        D737  2 0.0819 0.0445 0.0164 0.0402 0.1277 0.0370 0.0209 0.0363 0.4962 0.0466 0.0522 
        D807  2 0.1348 0.0676 0.1567 0.0790 0.1204 0.0354 0.0698 0.1563 0.0412 0.0946 0.0441 
        D808  2 0.0639 0.2089 0.0755 0.0773 0.0583 0.0364 0.0313 0.0350 0.0767 0.2477 0.0889 
        D817  2 0.0312 0.0551 0.0719 0.0232 0.0445 0.0221 0.6419 0.0195 0.0143 0.0324 0.0439 
        D818  2 0.0858 0.1483 0.0465 0.2314 0.0399 0.1333 0.0394 0.0314 0.1998 0.0168 0.0275 
        D819  2 0.0352 0.0841 0.0876 0.0207 0.0305 0.0454 0.4359 0.0269 0.0259 0.1667 0.0411 
        D820  2 0.0400 0.0470 0.6117 0.0426 0.1318 0.0185 0.0145 0.0225 0.0363 0.0168 0.0183 
        D895  2 0.0344 0.1451 0.2167 0.0572 0.0828 0.1370 0.1642 0.0385 0.0406 0.0561 0.0273 
        D896  2 0.0157 0.0171 0.0169 0.0193 0.0144 0.0144 0.0177 0.0244 0.0163 0.8091 0.0347 
        D897  2 0.0358 0.0878 0.0259 0.1678 0.0364 0.0305 0.0772 0.0222 0.4106 0.0434 0.0623 
        D898  2 0.1412 0.2335 0.0334 0.0474 0.0465 0.0293 0.0949 0.0296 0.0293 0.2004 0.1145 
        D918  2 0.0465 0.0940 0.0260 0.3150 0.0894 0.0929 0.0561 0.0519 0.0680 0.1149 0.0453 
        D919  2 0.0923 0.1515 0.1089 0.0237 0.3323 0.0545 0.0200 0.0211 0.1013 0.0246 0.0699 
        D920  2 0.0247 0.0488 0.0328 0.0552 0.0402 0.5096 0.0249 0.0926 0.0359 0.0736 0.0619 
        D923  2 0.0321 0.0747 0.5740 0.0218 0.1291 0.0193 0.0374 0.0240 0.0364 0.0221 0.0290 
        D930  2 0.0534 0.1353 0.1680 0.0939 0.1207 0.0211 0.1355 0.0894 0.0321 0.0926 0.0578 
        D931  2 0.0522 0.0816 0.2244 0.0383 0.2984 0.0307 0.0415 0.0364 0.1191 0.0330 0.0445 
        D968  2 0.0759 0.0279 0.0251 0.0138 0.0294 0.0158 0.0270 0.0157 0.7215 0.0240 0.0237 
        D969  2 0.1536 0.1249 0.2356 0.0776 0.0430 0.0389 0.0374 0.0548 0.1521 0.0446 0.0375 
        D977  2 0.0199 0.0481 0.0285 0.0939 0.0353 0.0223 0.0338 0.0166 0.6627 0.0150 0.0240 
        D978  2 0.1679 0.1250 0.0273 0.1568 0.0256 0.0199 0.2888 0.0295 0.0741 0.0189 0.0664 
        D211  3 0.0297 0.0423 0.0806 0.3457 0.0277 0.3155 0.0798 0.0198 0.0172 0.0225 0.0192 
     D229639  3 0.5817 0.0360 0.0706 0.0343 0.0196 0.0280 0.0417 0.0599 0.0338 0.0524 0.0418 
     D237212  3 0.2132 0.0796 0.0769 0.1155 0.2222 0.0511 0.0812 0.0207 0.0577 0.0465 0.0352 
     D237213  3 0.0356 0.0957 0.0352 0.1079 0.0728 0.0547 0.3726 0.0160 0.0219 0.1398 0.0478 
     D237214  3 0.0120 0.0641 0.0197 0.0200 0.0159 0.7945 0.0112 0.0197 0.0111 0.0140 0.0179 
     D237215  3 0.1612 0.0355 0.0166 0.0154 0.0150 0.0185 0.0418 0.0559 0.3723 0.0544 0.2134 
     D237216  3 0.0353 0.4653 0.0531 0.1384 0.0398 0.0651 0.0899 0.0252 0.0247 0.0332 0.0300 
     D237217  3 0.0686 0.1627 0.0807 0.2663 0.0279 0.2298 0.0334 0.0147 0.0227 0.0741 0.0190 
     D237218  3 0.1079 0.0586 0.0405 0.4922 0.1080 0.0279 0.0386 0.0516 0.0401 0.0194 0.0153 
     D237219  3 0.1018 0.0599 0.0268 0.1780 0.0160 0.0531 0.2889 0.0551 0.0207 0.1734 0.0262 
     D237382  3 0.0327 0.1015 0.0918 0.0757 0.0338 0.0383 0.0564 0.0944 0.0390 0.1346 0.3019 
     D244127  3 0.0788 0.0617 0.0182 0.0532 0.0300 0.0500 0.0881 0.0161 0.0808 0.4741 0.0491 
     D244129  3 0.0995 0.1235 0.0727 0.0758 0.0764 0.1080 0.0784 0.0389 0.0652 0.1961 0.0656 
     D244133  3 0.0307 0.0410 0.0426 0.0264 0.0121 0.0280 0.6510 0.0480 0.0595 0.0235 0.0372 
     D244134  3 0.4213 0.0455 0.0269 0.0341 0.0195 0.0265 0.1608 0.1427 0.0264 0.0815 0.0149 
     D244135  3 0.0186 0.0525 0.0359 0.0598 0.0189 0.6541 0.0559 0.0160 0.0482 0.0225 0.0177 
     D244136  3 0.0691 0.0921 0.1093 0.0369 0.0240 0.0584 0.3310 0.1221 0.0628 0.0370 0.0573 
        D416  3 0.0436 0.2111 0.0618 0.1280 0.0452 0.0645 0.2442 0.0247 0.0965 0.0507 0.0298 
        D417  3 0.0171 0.0622 0.5110 0.2192 0.0331 0.0200 0.0256 0.0276 0.0175 0.0325 0.0341 
        D419  3 0.1384 0.0885 0.0877 0.2239 0.0388 0.0532 0.1325 0.0586 0.0446 0.1088 0.0250 
        D565  3 0.0507 0.0211 0.0328 0.0118 0.0212 0.0176 0.0468 0.7427 0.0174 0.0192 0.0185 
        D566  3 0.3317 0.0458 0.0540 0.0241 0.0189 0.0283 0.1340 0.1994 0.0387 0.0667 0.0584 
        D567  3 0.0242 0.0519 0.4852 0.0645 0.0833 0.0810 0.0414 0.0222 0.0421 0.0742 0.0301 
        D568  3 0.0617 0.0809 0.0799 0.2185 0.1587 0.1098 0.0425 0.0169 0.1002 0.0966 0.0343 
        D569  3 0.0404 0.0850 0.0190 0.0604 0.4392 0.0781 0.0332 0.0395 0.0957 0.0238 0.0857 
        D573  3 0.4131 0.0937 0.1700 0.0207 0.0352 0.0253 0.0230 0.0221 0.1449 0.0305 0.0214 
        D574  3 0.1050 0.1325 0.0350 0.0455 0.0322 0.0528 0.1335 0.2603 0.0459 0.0709 0.0862 
        D575  3 0.0214 0.0193 0.0177 0.0209 0.0154 0.0422 0.7047 0.0342 0.0211 0.0913 0.0117 
        D576  3 0.0853 0.0362 0.0082 0.0181 0.0162 0.0401 0.1271 0.0313 0.4654 0.0161 0.1559 
        D577  3 0.0299 0.0747 0.4165 0.0806 0.0407 0.0717 0.1527 0.0249 0.0193 0.0242 0.0649 
        D578  3 0.0162 0.0284 0.0120 0.0164 0.0123 0.8135 0.0206 0.0144 0.0245 0.0231 0.0184 
        D579  3 0.1198 0.0754 0.1151 0.1148 0.1400 0.0498 0.1066 0.1387 0.0607 0.0474 0.0317 
        D660  3 0.0294 0.1202 0.0171 0.0577 0.0417 0.0543 0.1051 0.0177 0.4607 0.0432 0.0529 
        D661  3 0.0989 0.0748 0.0183 0.5427 0.0554 0.0329 0.0312 0.0159 0.0888 0.0197 0.0214 
        D663  3 0.4946 0.1423 0.0565 0.0284 0.0305 0.0318 0.0545 0.0184 0.0625 0.0163 0.0642 
        D664  3 0.0336 0.0981 0.0176 0.1571 0.0209 0.0876 0.2833 0.0510 0.1007 0.0900 0.0600 
        D665  3 0.0320 0.1540 0.0152 0.0783 0.0865 0.1298 0.2044 0.0123 0.0328 0.0969 0.1578 
        D666  3 0.0342 0.0316 0.0451 0.0470 0.0242 0.0319 0.5493 0.0407 0.0189 0.1586 0.0184 
        D009  4 0.0187 0.0923 0.1038 0.3699 0.0809 0.1369 0.0293 0.0387 0.0221 0.0543 0.0531 
        D057  4 0.0649 0.0367 0.0417 0.0336 0.3764 0.2343 0.0112 0.0251 0.1239 0.0198 0.0323 
        D109  4 0.0215 0.0763 0.0405 0.0457 0.0282 0.0527 0.0893 0.0473 0.0152 0.5412 0.0421 
     D237222  4 0.0287 0.0404 0.0372 0.0339 0.0350 0.4496 0.0184 0.1420 0.0412 0.0579 0.1157 
     D237223  4 0.0455 0.0737 0.0237 0.4202 0.0486 0.0639 0.0215 0.0990 0.0560 0.0968 0.0512 
     D237224  4 0.1763 0.0856 0.1218 0.0432 0.1638 0.0552 0.0944 0.0236 0.1680 0.0364 0.0318 
     D237225  4 0.0402 0.1926 0.0826 0.2476 0.0904 0.1132 0.0609 0.0490 0.0343 0.0407 0.0485 
     D237299  4 0.0613 0.2662 0.0169 0.3794 0.0206 0.0320 0.0297 0.0359 0.0182 0.0440 0.0959 
     D237300  4 0.5912 0.0482 0.0138 0.0571 0.0166 0.0200 0.1444 0.0311 0.0356 0.0205 0.0213 
     D237306  4 0.0278 0.0657 0.0686 0.1544 0.0356 0.0218 0.0210 0.4359 0.0212 0.0575 0.0905 
     D237307  4 0.0517 0.0800 0.2835 0.0789 0.0201 0.0477 0.1880 0.1163 0.0416 0.0286 0.0636 
     D237308  4 0.0419 0.0540 0.0252 0.0400 0.1918 0.0516 0.0407 0.0585 0.3659 0.0883 0.0421 
     D237309  4 0.0584 0.1744 0.0911 0.0907 0.1114 0.1968 0.0431 0.0290 0.0377 0.0493 0.1181 
     D237317  4 0.0840 0.1020 0.1274 0.0246 0.0410 0.0730 0.0587 0.3556 0.0283 0.0395 0.0660 
     D237318  4 0.7129 0.0374 0.0302 0.0244 0.0126 0.0157 0.0586 0.0215 0.0441 0.0172 0.0253 
     D237319  4 0.0444 0.1579 0.0389 0.2591 0.0301 0.0980 0.0585 0.0354 0.0433 0.1078 0.1266 
     D237320  4 0.0742 0.0376 0.0354 0.6099 0.0182 0.0574 0.0277 0.0268 0.0427 0.0498 0.0202 
     D237321  4 0.5152 0.0536 0.0590 0.0447 0.0245 0.0347 0.0643 0.0406 0.0672 0.0470 0.0492 
     D237397  4 0.0974 0.0568 0.0343 0.4313 0.0194 0.0402 0.0363 0.1378 0.0506 0.0516 0.0443 
     D237398  4 0.5796 0.0824 0.0430 0.0766 0.0579 0.0272 0.0404 0.0171 0.0345 0.0157 0.0257 
     D237399  4 0.2854 0.0746 0.0806 0.0933 0.0437 0.0964 0.0217 0.1628 0.0389 0.0553 0.0476 
     D244001  4 0.0250 0.0854 0.0198 0.0714 0.0608 0.3943 0.0271 0.0309 0.1188 0.0330 0.1335 
        D289  4 0.0772 0.0765 0.0704 0.1040 0.2233 0.0575 0.0261 0.2385 0.0659 0.0306 0.0298 
        D290  4 0.0697 0.0748 0.0578 0.0310 0.0368 0.0348 0.0151 0.0236 0.0297 0.0273 0.5993 
        D294  4 0.0370 0.1614 0.0711 0.2188 0.2660 0.0511 0.0338 0.0412 0.0324 0.0205 0.0667 
        D295  4 0.0479 0.0673 0.1706 0.2087 0.0666 0.0420 0.0972 0.0389 0.0251 0.1472 0.0885 
        D301  4 0.0865 0.0422 0.0164 0.0547 0.0215 0.4044 0.0498 0.0372 0.0433 0.1058 0.1382 
        D302  4 0.0172 0.0452 0.0355 0.0201 0.7395 0.0320 0.0301 0.0125 0.0120 0.0166 0.0393 
        D303  4 0.0327 0.0592 0.0395 0.0657 0.0695 0.0276 0.0440 0.4541 0.0572 0.0924 0.0580 
        D304  4 0.1923 0.1216 0.0705 0.0474 0.0308 0.0364 0.0693 0.0797 0.0217 0.0216 0.3088 
        D305  4 0.0451 0.2592 0.0201 0.0769 0.3141 0.0364 0.0277 0.0109 0.1097 0.0261 0.0738 
        D306  4 0.0257 0.0996 0.0329 0.0322 0.0258 0.0507 0.0149 0.0292 0.0190 0.0333 0.6367 
        D307  4 0.0485 0.0271 0.0181 0.0292 0.0423 0.6138 0.0323 0.1003 0.0258 0.0349 0.0277 
        D327  4 0.0543 0.1142 0.4473 0.0611 0.0359 0.0296 0.0794 0.0583 0.0527 0.0195 0.0476 
        D328  4 0.0301 0.0634 0.0210 0.0860 0.3014 0.0247 0.0609 0.1228 0.0266 0.0645 0.1987 
        D329  4 0.0766 0.1060 0.0452 0.1093 0.2888 0.0518 0.0286 0.0477 0.1113 0.0669 0.0678 
        D330  4 0.0195 0.1723 0.1902 0.0939 0.0742 0.1040 0.0366 0.0132 0.0678 0.1289 0.0995 
        D331  4 0.1987 0.0738 0.1160 0.0282 0.0265 0.0436 0.0697 0.0584 0.0305 0.0613 0.2934 
        D333  4 0.0664 0.0593 0.0588 0.1999 0.2114 0.0398 0.0391 0.0833 0.0652 0.0604 0.1163 
        D334  4 0.0358 0.0621 0.0620 0.0533 0.0570 0.0759 0.0407 0.5338 0.0174 0.0280 0.0339 
        D335  4 0.0261 0.0631 0.0763 0.0180 0.4994 0.0300 0.0347 0.0316 0.0420 0.0372 0.1417 
        D370  4 0.0278 0.0527 0.0322 0.0237 0.0444 0.0296 0.0635 0.0499 0.0415 0.1836 0.4512 
        D371  4 0.0215 0.0294 0.1486 0.0253 0.0216 0.0152 0.0675 0.5800 0.0308 0.0213 0.0389 
        D372  4 0.5827 0.0734 0.0112 0.0425 0.0161 0.0142 0.0298 0.0212 0.0326 0.0293 0.1469 
        D373  4 0.0930 0.0444 0.0377 0.0297 0.0399 0.5805 0.0465 0.0186 0.0697 0.0189 0.0211 
        D455  4 0.0548 0.0317 0.0310 0.0199 0.0920 0.6493 0.0156 0.0244 0.0333 0.0207 0.0274 
        D490  4 0.0136 0.0217 0.0223 0.1356 0.0235 0.6883 0.0138 0.0259 0.0086 0.0221 0.0245 
        D497  4 0.0231 0.0668 0.0131 0.1149 0.0496 0.5452 0.0470 0.0211 0.0168 0.0523 0.0499 
        D498  4 0.1318 0.0631 0.0448 0.0305 0.0262 0.0397 0.0565 0.0477 0.0348 0.1159 0.4091 
        D499  4 0.0543 0.1452 0.0208 0.0966 0.1250 0.0152 0.1836 0.0948 0.1374 0.0652 0.0618 
        D514  4 0.0580 0.1759 0.1699 0.0417 0.1377 0.0478 0.1005 0.0135 0.0246 0.0615 0.1690 
        D515  4 0.0206 0.0494 0.0375 0.5979 0.0314 0.0343 0.0272 0.0293 0.0248 0.0419 0.1057 
        D516  4 0.0508 0.0627 0.0789 0.1316 0.0203 0.0533 0.2998 0.0455 0.0546 0.1584 0.0440 
        D517  4 0.0795 0.0880 0.0464 0.0538 0.0294 0.5558 0.0185 0.0183 0.0333 0.0493 0.0278 
        D518  4 0.0149 0.0433 0.0287 0.0423 0.5378 0.1394 0.0168 0.0578 0.0350 0.0283 0.0556 
        D519  4 0.0367 0.0202 0.0212 0.7919 0.0146 0.0207 0.0195 0.0195 0.0194 0.0231 0.0131 
        D560  4 0.0229 0.0240 0.0494 0.7629 0.0232 0.0179 0.0184 0.0111 0.0320 0.0156 0.0225 
        D561  4 0.0189 0.4149 0.0656 0.0380 0.0546 0.2464 0.0169 0.0135 0.0518 0.0475 0.0318 
        D562  4 0.0799 0.1457 0.0477 0.0623 0.0940 0.2814 0.0346 0.0481 0.0629 0.0429 0.1005 
        D563  4 0.0633 0.1260 0.0221 0.0707 0.1022 0.0712 0.0815 0.0174 0.3722 0.0398 0.0335 
        D572  4 0.0185 0.0434 0.0459 0.0411 0.6656 0.0497 0.0176 0.0199 0.0296 0.0194 0.0492 
        D629  4 0.0502 0.0716 0.1690 0.0536 0.0732 0.1950 0.3019 0.0190 0.0178 0.0275 0.0212 
        D630  4 0.0835 0.0988 0.0649 0.2195 0.0699 0.1727 0.0281 0.0464 0.0293 0.0270 0.1599 
        D631  4 0.0268 0.0347 0.0184 0.0812 0.6315 0.0356 0.0159 0.0201 0.0710 0.0169 0.0480 
        D632  4 0.0142 0.0545 0.0465 0.0219 0.2387 0.2557 0.0580 0.0155 0.1597 0.1142 0.0211 
        D646  4 0.0322 0.0762 0.0906 0.5730 0.0425 0.0358 0.0169 0.0230 0.0341 0.0496 0.0262 
        D647  4 0.0471 0.0691 0.3090 0.1153 0.0716 0.0844 0.0218 0.0128 0.0628 0.1172 0.0890 
        D648  4 0.0126 0.0343 0.0178 0.0503 0.3288 0.0161 0.0530 0.0426 0.0204 0.0238 0.4004 
        D649  4 0.0330 0.0431 0.2156 0.0492 0.2288 0.0488 0.0739 0.0229 0.0192 0.2468 0.0189 
        D650  4 0.0635 0.0901 0.1445 0.2298 0.0788 0.0722 0.0924 0.0979 0.0271 0.0616 0.0421 
        D708  4 0.0739 0.1136 0.0466 0.1106 0.2420 0.0354 0.1448 0.1211 0.0265 0.0390 0.0465 
        D709  4 0.0247 0.0715 0.0207 0.0217 0.0371 0.0177 0.0724 0.0243 0.0184 0.1172 0.5743 
        D738  4 0.0411 0.0370 0.0721 0.1210 0.0219 0.0515 0.0231 0.4874 0.0161 0.0917 0.0370 
        D739  4 0.0385 0.0943 0.0243 0.2357 0.0535 0.2349 0.0401 0.0285 0.0292 0.0406 0.1803 
        D740  4 0.0956 0.1851 0.0228 0.1480 0.0636 0.0508 0.0519 0.1478 0.0528 0.1514 0.0302 
        D741  4 0.0283 0.0563 0.0735 0.6215 0.0379 0.0272 0.0235 0.0141 0.0538 0.0399 0.0239 
        D742  4 0.1048 0.0872 0.0398 0.3170 0.0530 0.0489 0.0369 0.0883 0.1556 0.0332 0.0354 
        D743  4 0.0375 0.0528 0.2862 0.0421 0.4182 0.0327 0.0384 0.0180 0.0374 0.0143 0.0224 
        D744  4 0.0194 0.0290 0.0159 0.0290 0.7804 0.0227 0.0225 0.0165 0.0298 0.0187 0.0162 
        D745  4 0.0192 0.0226 0.0173 0.7958 0.0180 0.0327 0.0259 0.0169 0.0127 0.0245 0.0143 
        D814  4 0.0352 0.1670 0.0166 0.4302 0.0535 0.0749 0.0273 0.0183 0.1105 0.0116 0.0549 
        D815  4 0.0602 0.0517 0.0841 0.0296 0.3562 0.0349 0.0471 0.0237 0.0296 0.0871 0.1957 
        D828  4 0.0379 0.0427 0.0099 0.0452 0.0410 0.0180 0.0308 0.0401 0.0354 0.0278 0.6712 
        D845  4 0.8127 0.0137 0.0175 0.0255 0.0213 0.0105 0.0216 0.0292 0.0231 0.0138 0.0111 
        D846  4 0.0514 0.1235 0.0736 0.0239 0.2874 0.1811 0.0395 0.0097 0.1355 0.0210 0.0533 
        D847  4 0.1189 0.1122 0.0963 0.1519 0.0432 0.2242 0.0296 0.0918 0.0448 0.0469 0.0400 
        D848  4 0.1915 0.0349 0.0159 0.0180 0.0322 0.5690 0.0185 0.0142 0.0574 0.0209 0.0276 
        D849  4 0.0257 0.0687 0.0433 0.3595 0.0408 0.1861 0.0591 0.0184 0.0390 0.0786 0.0809 
        D850  4 0.1775 0.2030 0.1040 0.0498 0.0439 0.1903 0.0608 0.0629 0.0436 0.0438 0.0205 
        D856  4 0.0409 0.3004 0.0449 0.0771 0.0545 0.0378 0.0626 0.0358 0.0240 0.1844 0.1375 
        D857  4 0.0152 0.0393 0.0087 0.0433 0.0225 0.0300 0.0238 0.0284 0.0718 0.5215 0.1955 
        D859  4 0.0787 0.0673 0.0722 0.1808 0.4064 0.0315 0.0218 0.0226 0.0334 0.0295 0.0559 
        D860  4 0.2657 0.0501 0.0888 0.0172 0.0667 0.0248 0.0255 0.3417 0.0694 0.0236 0.0266 
        D883  4 0.0645 0.0669 0.1496 0.1057 0.0716 0.1507 0.0986 0.0737 0.0290 0.0996 0.0902 
        D884  4 0.0250 0.0420 0.0316 0.6077 0.0425 0.0233 0.0462 0.0308 0.0140 0.0790 0.0579 
        D885  4 0.0708 0.1003 0.0650 0.5557 0.0241 0.0240 0.0654 0.0217 0.0373 0.0231 0.0126 
        D886  4 0.0433 0.0556 0.1386 0.0690 0.0625 0.1178 0.0306 0.0314 0.0575 0.1243 0.2694 
        D887  4 0.1691 0.1138 0.1134 0.1916 0.0908 0.0375 0.0273 0.0504 0.1011 0.0496 0.0553 
        D889  4 0.5806 0.0589 0.0297 0.0492 0.0453 0.0209 0.0213 0.0170 0.0109 0.0151 0.1511 
        D890  4 0.0311 0.0676 0.0275 0.0218 0.0578 0.0576 0.4610 0.0568 0.0528 0.0715 0.0944 
        D891  4 0.8849 0.0132 0.0125 0.0126 0.0089 0.0096 0.0211 0.0090 0.0115 0.0080 0.0085 
        D899  4 0.1615 0.0636 0.0300 0.0392 0.1033 0.0305 0.0506 0.0774 0.3354 0.0305 0.0780 
        D900  4 0.0718 0.1582 0.0947 0.1001 0.1205 0.0926 0.0460 0.0622 0.0815 0.0435 0.1288 
        D970  4 0.0752 0.1382 0.1214 0.0802 0.2856 0.0686 0.0616 0.0431 0.0564 0.0350 0.0348 
        D971  4 0.0231 0.0569 0.0463 0.0162 0.1571 0.0327 0.0456 0.0601 0.3944 0.0904 0.0772 
        D979  4 0.0396 0.1087 0.2597 0.0248 0.2647 0.0352 0.0726 0.0332 0.0379 0.0241 0.0994 
        D093  5 0.0364 0.0285 0.0301 0.0686 0.0186 0.0182 0.0252 0.6962 0.0190 0.0224 0.0367 
        D154  5 0.0521 0.0858 0.0188 0.2743 0.0383 0.0131 0.3099 0.0350 0.0976 0.0206 0.0544 
        D168  5 0.0809 0.0783 0.0374 0.1891 0.0216 0.0615 0.2858 0.0141 0.1281 0.0455 0.0578 
        D189  5 0.1692 0.0985 0.0396 0.0732 0.0355 0.0228 0.0303 0.2593 0.0291 0.0276 0.2150 
        D190  5 0.0280 0.0306 0.0236 0.0451 0.0487 0.0139 0.2143 0.4961 0.0263 0.0355 0.0380 
     D237220  5 0.1237 0.0808 0.0261 0.2646 0.0678 0.1290 0.0159 0.1204 0.0234 0.1044 0.0438 
     D237221  5 0.1657 0.0725 0.0596 0.0873 0.0585 0.0357 0.1404 0.2090 0.0858 0.0530 0.0325 
     D237274  5 0.0268 0.1387 0.2248 0.0341 0.2874 0.0373 0.0313 0.0155 0.0532 0.0643 0.0866 
     D237275  5 0.1077 0.0589 0.0203 0.0290 0.0163 0.0224 0.0535 0.0256 0.4056 0.0594 0.2016 
     D237276  5 0.0319 0.0448 0.0589 0.3276 0.0366 0.0385 0.1034 0.1144 0.0261 0.1200 0.0977 
     D237277  5 0.0880 0.0401 0.0227 0.0449 0.0500 0.0171 0.2641 0.3623 0.0438 0.0361 0.0309 
     D237278  5 0.0265 0.0984 0.0630 0.0596 0.0760 0.0434 0.0308 0.1677 0.2993 0.0764 0.0590 
     D237279  5 0.0330 0.1689 0.0518 0.0283 0.0982 0.1425 0.1607 0.0214 0.0262 0.2522 0.0167 
     D237280  5 0.0211 0.0731 0.0678 0.0402 0.0492 0.0808 0.1542 0.0535 0.0181 0.4020 0.0398 
     D237281  5 0.5335 0.0734 0.0411 0.0307 0.0290 0.0141 0.0258 0.0234 0.1870 0.0204 0.0218 
     D237351  5 0.0225 0.0205 0.0145 0.0555 0.0181 0.0174 0.2608 0.0400 0.0166 0.5158 0.0183 
     D237352  5 0.0276 0.0667 0.0416 0.0208 0.2026 0.2734 0.1561 0.0482 0.0657 0.0347 0.0625 
     D237353  5 0.0606 0.0224 0.0136 0.0205 0.0302 0.0116 0.3271 0.4209 0.0185 0.0509 0.0238 
     D237359  5 0.1464 0.1038 0.0316 0.3951 0.0538 0.0972 0.0393 0.0464 0.0218 0.0361 0.0285 
     D237361  5 0.0244 0.0275 0.0213 0.0173 0.0167 0.0136 0.0327 0.7614 0.0252 0.0355 0.0244 
     D237362  5 0.0197 0.0207 0.0278 0.0289 0.0157 0.0144 0.8000 0.0236 0.0188 0.0156 0.0148 
     D237363  5 0.0714 0.4361 0.0262 0.0368 0.0239 0.0234 0.1450 0.0412 0.1063 0.0335 0.0562 
     D237364  5 0.0462 0.0827 0.0528 0.4995 0.0603 0.0566 0.0368 0.0114 0.0620 0.0404 0.0514 
     D237376  5 0.0284 0.0443 0.0125 0.0404 0.0402 0.0128 0.0381 0.0554 0.0242 0.0213 0.6823 
     D237377  5 0.0297 0.1237 0.0736 0.0216 0.0480 0.0386 0.2432 0.0876 0.0376 0.2785 0.0179 
     D237378  5 0.0733 0.0713 0.0248 0.0976 0.0702 0.0318 0.0524 0.3704 0.0563 0.0267 0.1253 
     D237379  5 0.0545 0.1226 0.0401 0.1354 0.2060 0.0426 0.0342 0.1851 0.0360 0.0300 0.1135 
     D237380  5 0.0133 0.0370 0.0161 0.0361 0.0829 0.0249 0.0202 0.0457 0.0149 0.4519 0.2569 
     D237381  5 0.0641 0.0841 0.0358 0.0323 0.1015 0.1653 0.0452 0.0668 0.0709 0.2070 0.1270 
     D237391  5 0.0429 0.0233 0.0235 0.0339 0.0200 0.0190 0.0387 0.7482 0.0158 0.0216 0.0130 
     D237392  5 0.0379 0.1035 0.1723 0.0368 0.0818 0.0421 0.0739 0.0218 0.2081 0.0965 0.1254 
     D237393  5 0.0490 0.0604 0.3404 0.0268 0.0398 0.0486 0.0404 0.1392 0.0567 0.1252 0.0734 
