        D174  1 0.0286 0.0373 0.1267 0.1328 0.1114 0.4610 0.1021 
        D199  1 0.0558 0.2302 0.1090 0.0630 0.0922 0.1825 0.2672 
        D203  1 0.0594 0.2104 0.1370 0.0915 0.1397 0.0809 0.2810 
        D204  1 0.0564 0.0280 0.0344 0.0302 0.0170 0.0227 0.8113 
     D237366  1 0.1326 0.0402 0.0942 0.0269 0.6030 0.0496 0.0534 
     D237367  1 0.0549 0.0350 0.1361 0.0527 0.2389 0.0416 0.4409 
     D237368  1 0.0417 0.0538 0.0903 0.1015 0.4401 0.1237 0.1490 
     D244101  1 0.3605 0.2023 0.0728 0.0371 0.0300 0.0260 0.2714 
     D244102  1 0.2406 0.0597 0.1793 0.1951 0.1576 0.0644 0.1033 
     D244103  1 0.0614 0.0323 0.3478 0.0404 0.2781 0.0575 0.1825 
     D244104  1 0.0211 0.0397 0.0240 0.0715 0.0565 0.1246 0.6625 
     D244105  1 0.0356 0.0263 0.1092 0.1831 0.5077 0.0183 0.1198 
     D244106  1 0.0307 0.0892 0.0998 0.0268 0.0498 0.6511 0.0526 
     D244107  1 0.0739 0.0938 0.0840 0.2904 0.3380 0.0185 0.1014 
     D244108  1 0.0550 0.0438 0.0606 0.3997 0.0461 0.3028 0.0921 
     D244113  1 0.2063 0.0316 0.1387 0.0590 0.0328 0.5046 0.0269 
     D244114  1 0.1323 0.1062 0.3034 0.0607 0.1632 0.1268 0.1074 
     D244115  1 0.0337 0.0228 0.1140 0.2511 0.0777 0.3022 0.1986 
     D267365  1 0.0473 0.0523 0.0679 0.0537 0.0979 0.2646 0.4163 
        D404  1 0.2626 0.0428 0.1766 0.0894 0.0230 0.3748 0.0307 
        D405  1 0.2313 0.0966 0.2247 0.1569 0.0667 0.0947 0.1290 
        D406  1 0.0536 0.0165 0.0346 0.0615 0.7001 0.0446 0.0890 
        D407  1 0.0212 0.0349 0.0365 0.0159 0.2638 0.0256 0.6020 
        D408  1 0.0499 0.0584 0.0789 0.0822 0.0294 0.6381 0.0630 
        D409  1 0.0355 0.0418 0.5995 0.0578 0.1346 0.0495 0.0814 
        D410  1 0.0254 0.0123 0.0390 0.8177 0.0262 0.0258 0.0537 
        D421  1 0.0107 0.0268 0.0143 0.0164 0.0382 0.0298 0.8638 
        D422  1 0.0135 0.0286 0.0290 0.0271 0.8232 0.0122 0.0663 
        D423  1 0.0193 0.0413 0.0334 0.6961 0.0822 0.0199 0.1078 
        D424  1 0.0260 0.0139 0.0660 0.0249 0.1448 0.0408 0.6835 
        D425  1 0.0397 0.0291 0.1474 0.1051 0.0422 0.1762 0.4603 
        D426  1 0.0223 0.1459 0.4555 0.0301 0.2354 0.0424 0.0683 
        D427  1 0.0175 0.4110 0.0315 0.0365 0.0419 0.2538 0.2078 
        D428  1 0.1003 0.0492 0.0914 0.1040 0.1121 0.1840 0.3590 
        D429  1 0.0480 0.0587 0.0960 0.0504 0.0892 0.3122 0.3454 
        D430  1 0.0360 0.1008 0.4576 0.0494 0.0892 0.1869 0.0801 
        D491  1 0.0240 0.0205 0.0427 0.0620 0.0242 0.7306 0.0961 
        D492  1 0.0848 0.0468 0.1398 0.0625 0.1789 0.1672 0.3200 
        D537  1 0.0803 0.0174 0.0409 0.0330 0.1260 0.0275 0.6749 
        D538  1 0.0759 0.0617 0.3282 0.1910 0.1403 0.1199 0.0829 
        D539  1 0.1888 0.1018 0.1284 0.1231 0.1504 0.2551 0.0523 
        D540  1 0.0342 0.0529 0.2626 0.1028 0.1404 0.0723 0.3349 
        D541  1 0.0209 0.0211 0.0240 0.0264 0.0264 0.0220 0.8591 
        D551  1 0.0423 0.4123 0.1378 0.0321 0.2426 0.0463 0.0865 
        D552  1 0.0549 0.0299 0.0446 0.3170 0.1558 0.2332 0.1645 
        D553  1 0.0195 0.0145 0.0202 0.0256 0.0196 0.0219 0.8787 
        D615  1 0.0295 0.0812 0.1504 0.1904 0.0795 0.0918 0.3772 
        D616  1 0.0236 0.1708 0.1233 0.1344 0.2175 0.0818 0.2486 
        D621  1 0.2652 0.0309 0.0402 0.2106 0.3245 0.1027 0.0259 
        D622  1 0.0777 0.0239 0.0449 0.2007 0.5504 0.0557 0.0468 
        D623  1 0.3589 0.1021 0.0716 0.0711 0.0309 0.3355 0.0298 
        D624  1 0.0149 0.0176 0.0332 0.0253 0.0504 0.8168 0.0417 
        D625  1 0.0395 0.0162 0.0680 0.0507 0.0790 0.0685 0.6780 
        D626  1 0.0563 0.0376 0.0671 0.2831 0.1349 0.3058 0.1152 
        D627  1 0.0245 0.0769 0.5360 0.0243 0.1833 0.0428 0.1123 
        D690  1 0.0236 0.0128 0.0291 0.0681 0.0329 0.0754 0.7582 
        D691  1 0.0238 0.0243 0.0354 0.0486 0.7459 0.0414 0.0805 
        D710  1 0.1090 0.0412 0.1254 0.1322 0.0842 0.2017 0.3063 
        D711  1 0.0352 0.0268 0.0494 0.0312 0.0509 0.0389 0.7674 
        D712  1 0.0584 0.0560 0.0679 0.1034 0.0851 0.5797 0.0496 
        D713  1 0.3260 0.0201 0.1169 0.0647 0.0937 0.1634 0.2151 
        D746  1 0.0238 0.0262 0.0241 0.0562 0.7719 0.0247 0.0732 
        D747  1 0.0212 0.0290 0.0195 0.0182 0.0222 0.0275 0.8624 
        D748  1 0.0691 0.0212 0.0739 0.0887 0.3613 0.0405 0.3453 
        D749  1 0.1291 0.0496 0.0904 0.1551 0.4065 0.1362 0.0331 
        D750  1 0.0295 0.0184 0.0375 0.0689 0.0449 0.6613 0.1396 
        D763  1 0.2655 0.1809 0.1314 0.0770 0.1671 0.0345 0.1436 
        D764  1 0.0158 0.0204 0.0479 0.0781 0.0895 0.2478 0.5005 
        D765  1 0.0201 0.0153 0.0802 0.6065 0.1077 0.1268 0.0434 
        D766  1 0.0996 0.0244 0.0519 0.4091 0.2018 0.0445 0.1688 
        D767  1 0.3553 0.0601 0.1366 0.0906 0.1917 0.0404 0.1251 
        D768  1 0.0134 0.0193 0.0194 0.0218 0.0351 0.0160 0.8751 
        D811  1 0.0608 0.0294 0.3198 0.2584 0.0345 0.2447 0.0524 
        D816  1 0.0239 0.0160 0.0229 0.0218 0.0262 0.0298 0.8595 
        D825  1 0.0420 0.0185 0.1545 0.3687 0.0579 0.2082 0.1503 
        D866  1 0.0217 0.2979 0.1216 0.1143 0.0470 0.3305 0.0669 
        D867  1 0.0901 0.0322 0.0427 0.0433 0.7383 0.0276 0.0258 
        D871  1 0.0356 0.0224 0.7053 0.0295 0.0963 0.0490 0.0619 
        D872  1 0.0664 0.0457 0.1320 0.1396 0.1279 0.0542 0.4342 
        D873  1 0.0375 0.0157 0.0235 0.8765 0.0239 0.0130 0.0100 
        D874  1 0.7061 0.0287 0.0407 0.0280 0.0202 0.1029 0.0733 
        D875  1 0.0232 0.0157 0.6953 0.0611 0.1490 0.0215 0.0342 
        D876  1 0.0992 0.0287 0.0710 0.0833 0.0982 0.1017 0.5179 
        D877  1 0.2783 0.0298 0.2509 0.0736 0.0186 0.2943 0.0545 
        D892  1 0.0665 0.0172 0.0919 0.0542 0.1988 0.1659 0.4056 
        D893  1 0.0838 0.0485 0.0655 0.0790 0.1167 0.0233 0.5832 
        D894  1 0.0397 0.0425 0.1572 0.0639 0.0805 0.0778 0.5384 
        D915  1 0.0215 0.0277 0.0402 0.1478 0.0862 0.0560 0.6205 
        D916  1 0.0144 0.0148 0.0189 0.0224 0.0441 0.0353 0.8502 
        D917  1 0.1038 0.0848 0.1103 0.0583 0.0602 0.4124 0.1702 
        D925  1 0.0220 0.0204 0.0313 0.6398 0.0469 0.0728 0.1669 
        D926  1 0.0720 0.0222 0.1092 0.0753 0.0953 0.0956 0.5305 
        D927  1 0.0708 0.2727 0.1078 0.0401 0.1016 0.0678 0.3392 
        D928  1 0.0229 0.0202 0.0287 0.0455 0.0147 0.7850 0.0830 
        D929  1 0.6457 0.0175 0.1254 0.0378 0.0807 0.0573 0.0357 
        D936  1 0.1791 0.0728 0.0461 0.0518 0.0433 0.0400 0.5669 
        D938  1 0.0457 0.0172 0.0293 0.1127 0.7251 0.0301 0.0399 
        D956  1 0.0283 0.0333 0.1345 0.0658 0.0288 0.6812 0.0281 
        D957  1 0.0788 0.0329 0.0753 0.3963 0.1132 0.0540 0.2495 
        D958  1 0.0878 0.0155 0.0810 0.1817 0.1499 0.1410 0.3432 
        D959  1 0.0148 0.0364 0.0433 0.0149 0.2717 0.0217 0.5972 
        D960  1 0.0793 0.0210 0.0423 0.0847 0.6611 0.0778 0.0338 
        D989  1 0.0395 0.1088 0.0704 0.0381 0.0456 0.6484 0.0493 
        D990  1 0.0256 0.0559 0.0331 0.7151 0.0635 0.0847 0.0220 
        D023  2 0.0194 0.0171 0.0325 0.0291 0.7959 0.0165 0.0896 
        D130  2 0.0337 0.0250 0.0686 0.0246 0.7421 0.0174 0.0885 
        D131  2 0.0505 0.0749 0.3237 0.1058 0.0721 0.0374 0.3356 
        D163  2 0.0337 0.0218 0.0335 0.0504 0.6928 0.0568 0.1111 
        D164  2 0.0201 0.4970 0.0184 0.3989 0.0331 0.0112 0.0213 
        D165  2 0.0231 0.0322 0.0320 0.0398 0.8106 0.0263 0.0361 
        D166  2 0.1490 0.0403 0.5470 0.0822 0.1038 0.0189 0.0588 
        D167  2 0.0162 0.8430 0.0456 0.0201 0.0179 0.0395 0.0178 
        D192  2 0.0250 0.8900 0.0196 0.0203 0.0170 0.0174 0.0107 
        D193  2 0.2677 0.0446 0.1996 0.1077 0.0795 0.2577 0.0432 
        D206  2 0.0686 0.2346 0.1043 0.0725 0.2090 0.0335 0.2775 
        D207  2 0.0401 0.6040 0.1801 0.0347 0.0548 0.0313 0.0550 
        D208  2 0.1045 0.1882 0.0992 0.1629 0.0627 0.3249 0.0577 
        D209  2 0.2312 0.3156 0.1401 0.1079 0.1133 0.0327 0.0592 
        D210  2 0.0348 0.1622 0.0409 0.0310 0.0503 0.6110 0.0698 
     D229599  2 0.1872 0.0659 0.1163 0.1470 0.1162 0.0877 0.2796 
     D229600  2 0.0248 0.2548 0.1073 0.0399 0.5097 0.0205 0.0429 
     D237227  2 0.0329 0.0676 0.0607 0.1726 0.0864 0.5216 0.0582 
     D237228  2 0.0243 0.0592 0.0906 0.5450 0.0287 0.2328 0.0195 
     D237258  2 0.1140 0.2139 0.1499 0.1227 0.1942 0.1139 0.0914 
     D237310  2 0.0625 0.0386 0.3444 0.4397 0.0445 0.0531 0.0171 
     D237311  2 0.0318 0.1503 0.0870 0.6048 0.0737 0.0328 0.0195 
     D237312  2 0.1211 0.0252 0.2620 0.3724 0.1330 0.0539 0.0324 
     D237313  2 0.1175 0.0347 0.1160 0.2396 0.0789 0.1254 0.2879 
     D237322  2 0.1881 0.1458 0.3238 0.1430 0.0766 0.0849 0.0379 
     D237323  2 0.0489 0.0416 0.1283 0.4786 0.0827 0.2015 0.0184 
     D237324  2 0.0648 0.3195 0.1223 0.0577 0.3414 0.0223 0.0719 
     D237325  2 0.1448 0.0556 0.1177 0.2747 0.2654 0.0848 0.0569 
     D237326  2 0.0415 0.0392 0.0379 0.5851 0.0756 0.0957 0.1250 
     D237327  2 0.1469 0.3221 0.1783 0.0359 0.1579 0.0812 0.0775 
     D237337  2 0.0357 0.0168 0.0422 0.7993 0.0341 0.0399 0.0320 
     D237338  2 0.1954 0.0700 0.0833 0.2117 0.2474 0.1170 0.0752 
     D237339  2 0.6388 0.1560 0.0716 0.0366 0.0271 0.0182 0.0517 
     D237340  2 0.0728 0.1523 0.1023 0.3685 0.1110 0.1653 0.0277 
     D237389  2 0.0431 0.0577 0.1472 0.6085 0.0797 0.0347 0.0292 
     D237390  2 0.1278 0.0346 0.1514 0.3758 0.1643 0.0797 0.0663 
     D244017  2 0.0374 0.2702 0.2293 0.0627 0.0574 0.3016 0.0414 
     D244112  2 0.0186 0.7829 0.0533 0.0528 0.0533 0.0238 0.0152 
     D244118  2 0.0622 0.5015 0.0303 0.0728 0.2909 0.0247 0.0176 
     D244119  2 0.0128 0.2594 0.0211 0.0346 0.0175 0.6307 0.0240 
     D244120  2 0.0830 0.5758 0.1821 0.0396 0.0350 0.0712 0.0133 
     D244122  2 0.0444 0.6818 0.0539 0.0718 0.0707 0.0491 0.0283 
        D291  2 0.0262 0.2793 0.3548 0.0639 0.1396 0.0304 0.1058 
        D292  2 0.0542 0.3578 0.0602 0.1361 0.0291 0.1006 0.2621 
        D293  2 0.0526 0.6846 0.0574 0.0163 0.0223 0.0178 0.1490 
        D322  2 0.1350 0.3963 0.0764 0.0699 0.0722 0.0362 0.2141 
        D323  2 0.2519 0.1335 0.2105 0.1450 0.0558 0.0678 0.1356 
        D324  2 0.0302 0.1595 0.1473 0.1230 0.2109 0.1082 0.2209 
        D325  2 0.0198 0.8536 0.0242 0.0162 0.0317 0.0127 0.0419 
        D326  2 0.0212 0.0170 0.0208 0.0150 0.0157 0.0310 0.8793 
        D340  2 0.0233 0.8728 0.0210 0.0210 0.0219 0.0199 0.0202 
        D341  2 0.0478 0.6823 0.0510 0.0751 0.0500 0.0396 0.0543 
        D342  2 0.0353 0.5199 0.1211 0.1797 0.0954 0.0219 0.0267 
        D343  2 0.0163 0.9167 0.0126 0.0101 0.0143 0.0104 0.0197 
        D344  2 0.4913 0.0440 0.1483 0.0874 0.0304 0.0356 0.1630 
        D345  2 0.1148 0.0475 0.0604 0.5044 0.0681 0.0377 0.1670 
        D346  2 0.0354 0.0708 0.0684 0.0669 0.0448 0.6483 0.0653 
        D351  2 0.0711 0.1041 0.2529 0.0826 0.1288 0.0358 0.3248 
        D352  2 0.6913 0.0301 0.0809 0.0630 0.0197 0.0799 0.0350 
        D353  2 0.2223 0.0553 0.2439 0.0316 0.0396 0.0256 0.3818 
        D354  2 0.6859 0.0126 0.0477 0.0808 0.0229 0.0604 0.0897 
        D362  2 0.0182 0.0259 0.0278 0.0578 0.0628 0.0335 0.7740 
        D363  2 0.0241 0.0248 0.0283 0.0571 0.0459 0.0456 0.7741 
        D364  2 0.3247 0.0253 0.0608 0.1514 0.0346 0.0507 0.3525 
        D365  2 0.0236 0.8805 0.0168 0.0139 0.0147 0.0229 0.0276 
        D369  2 0.0285 0.1939 0.0796 0.1758 0.0715 0.2129 0.2379 
        D374  2 0.1237 0.0198 0.0711 0.0799 0.0169 0.6662 0.0224 
        D375  2 0.8166 0.0139 0.0514 0.0414 0.0256 0.0180 0.0330 
        D376  2 0.1463 0.0213 0.0533 0.0660 0.0272 0.6668 0.0190 
        D377  2 0.1242 0.0606 0.1790 0.4191 0.0759 0.0823 0.0588 
        D378  2 0.2308 0.2363 0.0815 0.0648 0.0991 0.0399 0.2476 
        D379  2 0.0531 0.0229 0.0662 0.0339 0.0443 0.0360 0.7437 
        D384  2 0.0156 0.0161 0.0186 0.0218 0.0128 0.0346 0.8805 
        D385  2 0.1516 0.6958 0.0309 0.0361 0.0230 0.0385 0.0242 
        D386  2 0.5574 0.0585 0.0859 0.0396 0.0746 0.0232 0.1608 
        D391  2 0.1067 0.7463 0.0339 0.0245 0.0224 0.0179 0.0484 
        D392  2 0.0247 0.5915 0.0710 0.1214 0.0495 0.0590 0.0829 
        D393  2 0.1992 0.1551 0.0574 0.0897 0.0874 0.0388 0.3723 
        D394  2 0.1857 0.0490 0.1423 0.2611 0.2121 0.0575 0.0923 
        D395  2 0.6652 0.1505 0.0728 0.0244 0.0336 0.0273 0.0261 
        D401  2 0.0134 0.0297 0.0602 0.8079 0.0261 0.0369 0.0258 
        D402  2 0.0420 0.8371 0.0296 0.0350 0.0156 0.0176 0.0230 
        D403  2 0.1854 0.0333 0.1321 0.0447 0.1748 0.0426 0.3871 
        D415  2 0.0295 0.0229 0.1183 0.0640 0.0726 0.0148 0.6779 
        D435  2 0.0570 0.1905 0.0259 0.0476 0.0679 0.0213 0.5897 
        D436  2 0.6295 0.0249 0.0634 0.0284 0.0550 0.0457 0.1532 
        D438  2 0.0192 0.8871 0.0190 0.0140 0.0205 0.0243 0.0159 
        D439  2 0.5091 0.0426 0.1143 0.1409 0.0752 0.0178 0.1002 
        D449  2 0.0222 0.5562 0.0933 0.0281 0.1167 0.0259 0.1576 
        D450  2 0.2384 0.0250 0.2669 0.0734 0.0751 0.1782 0.1428 
        D456  2 0.0177 0.0149 0.0330 0.0177 0.0256 0.0234 0.8678 
        D462  2 0.0976 0.7701 0.0250 0.0168 0.0234 0.0127 0.0544 
        D463  2 0.0269 0.0122 0.0174 0.0153 0.0166 0.0341 0.8776 
        D464  2 0.5046 0.0523 0.2415 0.0255 0.0246 0.0380 0.1136 
        D465  2 0.0306 0.3340 0.1160 0.0648 0.0914 0.0299 0.3333 
        D473  2 0.1190 0.0368 0.0767 0.1202 0.0762 0.5383 0.0328 
        D474  2 0.0305 0.0940 0.0339 0.0814 0.0758 0.0920 0.5925 
        D476  2 0.4863 0.0513 0.0242 0.0299 0.3562 0.0171 0.0349 
        D477  2 0.2523 0.0345 0.0675 0.2283 0.0372 0.0675 0.3127 
        D478  2 0.0991 0.0575 0.2741 0.0492 0.3051 0.1354 0.0797 
        D480  2 0.2420 0.1235 0.0977 0.0401 0.0460 0.2039 0.2468 
        D481  2 0.1439 0.0573 0.0976 0.1623 0.1112 0.1448 0.2828 
        D482  2 0.4877 0.0640 0.0978 0.1487 0.0530 0.1237 0.0252 
        D483  2 0.0268 0.7920 0.0226 0.0293 0.0347 0.0717 0.0229 
        D484  2 0.8724 0.0211 0.0253 0.0218 0.0196 0.0268 0.0130 
        D510  2 0.0610 0.0504 0.0616 0.0465 0.0345 0.7146 0.0313 
        D511  2 0.6213 0.0833 0.0457 0.0400 0.0508 0.0307 0.1281 
        D512  2 0.0603 0.1025 0.2603 0.3986 0.1115 0.0240 0.0428 
        D513  2 0.0347 0.5288 0.0893 0.0474 0.0725 0.0805 0.1467 
        D635  2 0.0193 0.0370 0.0754 0.0705 0.4563 0.0322 0.3093 
        D636  2 0.0170 0.0199 0.0284 0.1170 0.7521 0.0214 0.0441 
        D637  2 0.3193 0.1953 0.1171 0.1716 0.0622 0.0959 0.0386 
        D658  2 0.3361 0.3598 0.0471 0.0784 0.0356 0.1138 0.0292 
        D659  2 0.0572 0.0386 0.0509 0.0245 0.1017 0.0410 0.6860 
        D677  2 0.0698 0.0892 0.0716 0.0875 0.2590 0.0304 0.3925 
        D678  2 0.0450 0.6167 0.1414 0.0701 0.0716 0.0236 0.0316 
        D679  2 0.0617 0.0910 0.0900 0.0790 0.0627 0.0649 0.5506 
        D719  2 0.0404 0.1644 0.0290 0.0498 0.0182 0.5112 0.1871 
        D720  2 0.0218 0.0289 0.0272 0.0301 0.0396 0.0833 0.7691 
        D721  2 0.0513 0.0439 0.0500 0.0379 0.7105 0.0419 0.0644 
        D722  2 0.1063 0.0707 0.1162 0.1860 0.0403 0.4408 0.0396 
        D734  2 0.5703 0.0835 0.0571 0.0192 0.0203 0.2207 0.0288 
        D735  2 0.0860 0.0653 0.1514 0.2625 0.0539 0.1333 0.2475 
        D736  2 0.0745 0.1236 0.0650 0.0634 0.1084 0.4731 0.0920 
        D737  2 0.2758 0.4654 0.0410 0.0703 0.0696 0.0512 0.0267 
        D807  2 0.0862 0.1105 0.0734 0.1608 0.0654 0.3005 0.2033 
        D808  2 0.0616 0.1345 0.3098 0.1769 0.1631 0.0481 0.1060 
        D817  2 0.1140 0.0265 0.0910 0.1264 0.0571 0.0562 0.5287 
        D818  2 0.0496 0.3785 0.2080 0.0231 0.2170 0.0312 0.0926 
        D819  2 0.0385 0.0379 0.2324 0.3624 0.0539 0.0477 0.2272 
        D820  2 0.0721 0.0447 0.0429 0.0186 0.0298 0.0345 0.7573 
        D895  2 0.0798 0.0433 0.0729 0.1561 0.1586 0.0463 0.4429 
        D896  2 0.0228 0.0221 0.0337 0.8258 0.0258 0.0475 0.0224 
        D897  2 0.0493 0.5770 0.1549 0.0920 0.0561 0.0349 0.0357 
        D898  2 0.0514 0.0516 0.3029 0.4440 0.0407 0.0509 0.0584 
        D918  2 0.1429 0.1258 0.1974 0.1741 0.2206 0.0815 0.0578 
        D919  2 0.4758 0.1067 0.1010 0.0328 0.0629 0.0305 0.1903 
        D920  2 0.0520 0.0278 0.0396 0.0848 0.7056 0.0573 0.0329 
        D923  2 0.1227 0.0266 0.0568 0.0298 0.0374 0.0357 0.6909 
        D930  2 0.1607 0.0524 0.2105 0.1114 0.0360 0.1591 0.2699 
        D931  2 0.3137 0.1422 0.0731 0.0555 0.0672 0.0562 0.2920 
        D968  2 0.0177 0.8939 0.0178 0.0164 0.0132 0.0153 0.0256 
        D969  2 0.0583 0.3562 0.1007 0.0758 0.0489 0.0978 0.2623 
        D977  2 0.0335 0.7673 0.0636 0.0266 0.0524 0.0227 0.0339 
        D978  2 0.0413 0.2387 0.5657 0.0389 0.0390 0.0434 0.0330 
        D211  3 0.0509 0.0312 0.1151 0.0921 0.5760 0.0306 0.1041 
     D229639  3 0.0306 0.5273 0.0624 0.0790 0.0366 0.1865 0.0775 
     D237212  3 0.2544 0.1775 0.1525 0.1256 0.1252 0.0410 0.1238 
     D237213  3 0.1173 0.0305 0.1244 0.5436 0.1092 0.0192 0.0558 
     D237214  3 0.0206 0.0129 0.0857 0.0172 0.8009 0.0328 0.0298 
     D237215  3 0.0271 0.7086 0.0646 0.0597 0.0208 0.0987 0.0205 
     D237216  3 0.0993 0.0415 0.3742 0.1186 0.2450 0.0316 0.0898 
     D237217  3 0.0245 0.0493 0.0796 0.2218 0.3993 0.0226 0.2029 
     D237218  3 0.3336 0.1279 0.1195 0.0744 0.1406 0.1024 0.1016 
     D237219  3 0.0331 0.0424 0.0965 0.5069 0.1607 0.1194 0.0410 
     D237382  3 0.0693 0.0452 0.3897 0.2081 0.0680 0.0950 0.1247 
     D244127  3 0.0424 0.0911 0.0593 0.6914 0.0680 0.0223 0.0254 
     D244129  3 0.0782 0.0930 0.1874 0.2417 0.1756 0.0665 0.1576 
     D244133  3 0.0196 0.1320 0.2489 0.1548 0.1384 0.1808 0.1255 
     D244134  3 0.0290 0.1357 0.0356 0.3238 0.0477 0.3781 0.0501 
     D244135  3 0.0323 0.0456 0.0504 0.0354 0.7648 0.0202 0.0513 
     D244136  3 0.0433 0.1079 0.1097 0.1078 0.1055 0.2705 0.2554 
        D416  3 0.0426 0.1795 0.1383 0.3274 0.1076 0.0438 0.1608 
        D417  3 0.0429 0.0206 0.0532 0.0509 0.1116 0.0319 0.6888 
        D419  3 0.0522 0.1304 0.0896 0.3058 0.1594 0.0984 0.1643 
        D565  3 0.0162 0.0158 0.0252 0.0278 0.0196 0.8489 0.0465 
        D566  3 0.0273 0.2811 0.0658 0.0652 0.0353 0.4598 0.0655 
        D567  3 0.0603 0.0376 0.0484 0.1111 0.1139 0.0253 0.6033 
        D568  3 0.2325 0.1096 0.0534 0.1156 0.2077 0.0233 0.2579 
        D569  3 0.5900 0.0674 0.1156 0.0443 0.1001 0.0548 0.0277 
        D573  3 0.0268 0.6887 0.0543 0.0388 0.0246 0.0339 0.1328 
        D574  3 0.0345 0.0671 0.2441 0.0903 0.0674 0.4451 0.0514 
        D575  3 0.0421 0.0593 0.0778 0.4965 0.0771 0.1458 0.1014 
        D576  3 0.0333 0.7490 0.1105 0.0292 0.0342 0.0341 0.0098 
        D577  3 0.0656 0.0348 0.1377 0.0524 0.1428 0.0509 0.5158 
        D578  3 0.0155 0.0229 0.0804 0.0250 0.8206 0.0170 0.0187 
        D579  3 0.1203 0.1234 0.0699 0.1001 0.0920 0.2859 0.2084 
        D660  3 0.0684 0.4357 0.1948 0.1508 0.0964 0.0291 0.0248 
        D661  3 0.1323 0.4958 0.0908 0.0560 0.1447 0.0295 0.0509 
        D663  3 0.0394 0.7331 0.1071 0.0195 0.0320 0.0254 0.0435 
        D664  3 0.0450 0.1140 0.1953 0.3606 0.1747 0.0847 0.0256 
        D665  3 0.1006 0.0432 0.5179 0.1771 0.1253 0.0148 0.0211 
        D666  3 0.0454 0.0265 0.0750 0.6228 0.0525 0.0806 0.0973 
        D009  4 0.2039 0.0196 0.1496 0.1225 0.3250 0.0379 0.1415 
        D057  4 0.5061 0.1424 0.0310 0.0178 0.2386 0.0377 0.0264 
        D109  4 0.0403 0.0220 0.1504 0.5910 0.0923 0.0565 0.0474 
     D237222  4 0.0547 0.0423 0.0697 0.0739 0.5627 0.1580 0.0388 
     D237223  4 0.1107 0.1065 0.0810 0.1745 0.3170 0.1445 0.0657 
     D237224  4 0.2689 0.2729 0.0917 0.0927 0.0514 0.0455 0.1768 
     D237225  4 0.1205 0.0372 0.2513 0.0861 0.2110 0.0762 0.2177 
     D237299  4 0.0259 0.0377 0.7110 0.0569 0.1098 0.0374 0.0213 
     D237300  4 0.0354 0.7233 0.0570 0.0880 0.0324 0.0433 0.0206 
     D237306  4 0.0768 0.0314 0.0655 0.1101 0.0670 0.5527 0.0965 
     D237307  4 0.0284 0.0624 0.1274 0.0607 0.0883 0.2190 0.4139 
     D237308  4 0.2568 0.3335 0.0457 0.1351 0.0809 0.0919 0.0562 
     D237309  4 0.1312 0.0630 0.1695 0.1084 0.2807 0.0365 0.2108 
     D237317  4 0.0380 0.0357 0.1106 0.0789 0.1055 0.4049 0.2264 
     D237318  4 0.0130 0.8434 0.0471 0.0237 0.0165 0.0316 0.0247 
     D237319  4 0.0498 0.0656 0.2628 0.0972 0.3347 0.0530 0.1368 
     D237320  4 0.0427 0.1579 0.0861 0.1297 0.4237 0.0548 0.1052 
     D237321  4 0.0401 0.5590 0.0953 0.0869 0.0754 0.0687 0.0746 
     D237397  4 0.0607 0.1718 0.0767 0.1024 0.2207 0.2758 0.0918 
     D237398  4 0.0589 0.5307 0.1379 0.0344 0.0955 0.0303 0.1123 
     D237399  4 0.0667 0.1089 0.1455 0.0672 0.1946 0.2770 0.1401 
     D244001  4 0.1208 0.0713 0.0499 0.0397 0.6177 0.0380 0.0627 
        D289  4 0.2579 0.1279 0.0766 0.0454 0.0794 0.3152 0.0977 
        D290  4 0.0888 0.0536 0.6374 0.0466 0.0620 0.0354 0.0763 
        D294  4 0.4067 0.0482 0.2393 0.0259 0.1184 0.0521 0.1094 
        D295  4 0.1312 0.0418 0.0926 0.2591 0.0864 0.0547 0.3343 
        D301  4 0.0651 0.0579 0.0642 0.0753 0.6434 0.0668 0.0273 
        D302  4 0.7122 0.0159 0.0534 0.0226 0.0383 0.0181 0.1395 
        D303  4 0.1076 0.0578 0.0597 0.1121 0.0418 0.5751 0.0460 
        D304  4 0.0716 0.0765 0.4983 0.0413 0.0669 0.1254 0.1201 
        D305  4 0.5835 0.0630 0.2107 0.0537 0.0424 0.0130 0.0339 
        D306  4 0.0567 0.0191 0.7395 0.0473 0.0479 0.0364 0.0532 
        D307  4 0.1038 0.0269 0.0329 0.0406 0.7062 0.0687 0.0209 
        D327  4 0.0502 0.0371 0.0825 0.0277 0.0460 0.0754 0.6811 
        D328  4 0.6754 0.0263 0.0470 0.0854 0.0305 0.1083 0.0270 
        D329  4 0.4025 0.1331 0.1225 0.0771 0.1288 0.0535 0.0825 
        D330  4 0.0830 0.0419 0.1249 0.2193 0.1586 0.0168 0.3556 
        D331  4 0.0639 0.0843 0.3109 0.1184 0.0840 0.1332 0.2053 
        D333  4 0.3612 0.0891 0.0865 0.1404 0.1006 0.1303 0.0920 
        D334  4 0.0815 0.0307 0.0888 0.0339 0.1243 0.5429 0.0978 
        D335  4 0.5996 0.0318 0.0393 0.0309 0.0284 0.0290 0.2410 
        D370  4 0.1795 0.0401 0.1084 0.4496 0.0434 0.1256 0.0536 
        D371  4 0.0372 0.0307 0.0272 0.0294 0.0223 0.7547 0.0985 
        D372  4 0.0259 0.4849 0.3712 0.0377 0.0280 0.0339 0.0186 
        D373  4 0.0960 0.0844 0.0355 0.0396 0.6714 0.0291 0.0440 
        D455  4 0.1422 0.0448 0.0364 0.0365 0.6704 0.0285 0.0412 
        D490  4 0.0480 0.0131 0.0331 0.0381 0.8267 0.0202 0.0207 
        D497  4 0.0960 0.0198 0.0402 0.0672 0.7259 0.0311 0.0197 
        D498  4 0.0530 0.0784 0.3462 0.1959 0.0806 0.1468 0.0990 
        D499  4 0.1359 0.2415 0.2539 0.1130 0.0315 0.1870 0.0372 
        D514  4 0.1521 0.0346 0.3144 0.0700 0.0637 0.0211 0.3440 
        D515  4 0.0623 0.0314 0.2568 0.1269 0.4262 0.0295 0.0669 
        D516  4 0.0467 0.0915 0.0971 0.3484 0.1283 0.0810 0.2071 
        D517  4 0.0521 0.0511 0.0754 0.1376 0.5995 0.0211 0.0632 
        D518  4 0.6735 0.0284 0.0284 0.0175 0.1746 0.0475 0.0302 
        D519  4 0.0268 0.0657 0.1311 0.1597 0.5165 0.0323 0.0680 
        D560  4 0.1260 0.0937 0.1487 0.0632 0.3937 0.0259 0.1488 
        D561  4 0.0791 0.0485 0.4272 0.0390 0.2748 0.0188 0.1126 
        D562  4 0.1741 0.0672 0.3114 0.0749 0.2207 0.0816 0.0700 
        D563  4 0.2402 0.3903 0.1279 0.0690 0.1021 0.0254 0.0452 
        D572  4 0.7405 0.0225 0.0406 0.0217 0.0780 0.0282 0.0685 
        D629  4 0.1154 0.0364 0.0806 0.1228 0.2756 0.0334 0.3358 
        D630  4 0.1706 0.0546 0.1826 0.0389 0.3369 0.0732 0.1433 
        D631  4 0.7451 0.0791 0.0436 0.0198 0.0503 0.0372 0.0249 
        D632  4 0.2010 0.1170 0.0467 0.1585 0.3923 0.0266 0.0578 
        D646  4 0.0578 0.1006 0.0748 0.1777 0.2293 0.0349 0.3250 
        D647  4 0.0901 0.0595 0.0694 0.0718 0.1772 0.0180 0.5140 
        D648  4 0.7525 0.0185 0.1003 0.0270 0.0254 0.0588 0.0176 
        D649  4 0.1993 0.0248 0.0558 0.2775 0.0682 0.0274 0.3470 
        D650  4 0.1822 0.0403 0.1266 0.0842 0.1785 0.1279 0.2603 
        D708  4 0.3451 0.0373 0.1653 0.1002 0.0563 0.2397 0.0562 
        D709  4 0.1159 0.0267 0.5324 0.1874 0.0301 0.0522 0.0553 
        D738  4 0.0439 0.0220 0.0468 0.0858 0.1157 0.5598 0.1261 
        D739  4 0.1634 0.0417 0.2310 0.0869 0.3812 0.0450 0.0508 
        D740  4 0.0884 0.0604 0.1780 0.3700 0.0842 0.1846 0.0343 
        D741  4 0.0520 0.2183 0.1464 0.1206 0.2429 0.0254 0.1944 
        D742  4 0.1297 0.3980 0.1239 0.0649 0.0989 0.1391 0.0455 
        D743  4 0.3531 0.0623 0.0521 0.0251 0.0454 0.0314 0.4307 
        D744  4 0.7612 0.0455 0.0598 0.0338 0.0341 0.0230 0.0426 
        D745  4 0.0469 0.0313 0.1057 0.1694 0.5669 0.0310 0.0489 
        D814  4 0.1214 0.3389 0.1677 0.0225 0.2494 0.0330 0.0671 
        D815  4 0.4202 0.0443 0.1196 0.1168 0.0401 0.0433 0.2157 
        D828  4 0.2460 0.0977 0.3615 0.0993 0.0440 0.1328 0.0186 
        D845  4 0.0412 0.7446 0.0297 0.0262 0.0235 0.1029 0.0319 
        D846  4 0.5011 0.1044 0.0958 0.0303 0.1211 0.0132 0.1341 
        D847  4 0.0913 0.0836 0.2208 0.0672 0.3038 0.1047 0.1286 
        D848  4 0.0716 0.1552 0.0503 0.0253 0.6443 0.0334 0.0200 
        D849  4 0.1129 0.0352 0.1629 0.2303 0.3635 0.0295 0.0657 
        D850  4 0.0610 0.1171 0.1286 0.0478 0.3326 0.1064 0.2065 
        D856  4 0.0694 0.0253 0.4838 0.2244 0.0903 0.0448 0.0619 
        D857  4 0.0490 0.0472 0.0844 0.7218 0.0445 0.0399 0.0131 
        D859  4 0.7064 0.0532 0.0568 0.0294 0.0512 0.0340 0.0689 
        D860  4 0.0791 0.1174 0.0413 0.0371 0.0338 0.5716 0.1196 
        D883  4 0.1149 0.0457 0.0646 0.1814 0.2488 0.1036 0.2410 
        D884  4 0.1990 0.0219 0.0814 0.2894 0.1650 0.1014 0.1420 
        D885  4 0.1839 0.1238 0.2084 0.0921 0.1622 0.0446 0.1850 
        D886  4 0.1127 0.0547 0.1590 0.1825 0.2450 0.0376 0.2087 
        D887  4 0.2035 0.2300 0.1824 0.1136 0.0826 0.0859 0.1019 
        D889  4 0.1151 0.1542 0.5344 0.0332 0.0415 0.0522 0.0693 
        D890  4 0.2063 0.0411 0.1286 0.3432 0.0919 0.1231 0.0657 
        D891  4 0.0135 0.8946 0.0224 0.0177 0.0163 0.0181 0.0173 
        D899  4 0.1446 0.5495 0.0642 0.0474 0.0336 0.1211 0.0396 
        D900  4 0.1747 0.0882 0.2497 0.0874 0.1281 0.0818 0.1901 
        D970  4 0.4108 0.0770 0.1076 0.0824 0.1003 0.0692 0.1526 
        D971  4 0.1929 0.4009 0.1104 0.0825 0.0409 0.0640 0.1085 
        D979  4 0.4118 0.0311 0.0547 0.0245 0.0289 0.0413 0.4077 
        D093  5 0.0367 0.0267 0.0459 0.0309 0.0442 0.7793 0.0363 
        D154  5 0.0716 0.4348 0.2290 0.0979 0.0497 0.0797 0.0373 
        D168  5 0.0774 0.2971 0.1415 0.1403 0.2163 0.0253 0.1019 
        D189  5 0.0773 0.1377 0.1463 0.0389 0.0472 0.4938 0.0589 
        D190  5 0.0925 0.0267 0.0282 0.0706 0.0260 0.7169 0.0391 
     D237220  5 0.1738 0.0411 0.1973 0.1539 0.2438 0.1478 0.0421 
     D237221  5 0.0821 0.1999 0.1006 0.1077 0.0474 0.3610 0.1013 
     D237274  5 0.1368 0.0398 0.0855 0.0634 0.0385 0.0218 0.6142 
     D237275  5 0.0234 0.6648 0.1894 0.0474 0.0254 0.0308 0.0188 
     D237276  5 0.1163 0.0390 0.1249 0.2543 0.1187 0.1772 0.1696 
     D237277  5 0.0772 0.0954 0.0388 0.0956 0.0282 0.6376 0.0271 
     D237278  5 0.1064 0.2702 0.1115 0.1190 0.0735 0.2659 0.0535 
     D237279  5 0.0727 0.0277 0.2394 0.3381 0.2305 0.0289 0.0626 
     D237280  5 0.0508 0.0170 0.0654 0.6142 0.0934 0.0546 0.1045 
     D237281  5 0.0232 0.8319 0.0307 0.0232 0.0192 0.0278 0.0440 
     D237351  5 0.0272 0.0245 0.0323 0.8089 0.0273 0.0557 0.0243 
     D237352  5 0.2411 0.0525 0.0931 0.0946 0.3494 0.0699 0.0994 
     D237353  5 0.0468 0.0284 0.0242 0.1197 0.0178 0.7405 0.0225 
     D237359  5 0.1523 0.0661 0.2678 0.1121 0.2395 0.1049 0.0572 
     D237361  5 0.0231 0.0245 0.0343 0.0516 0.0225 0.8203 0.0237 
     D237362  5 0.0984 0.0731 0.1097 0.2415 0.0885 0.1478 0.2410 
     D237363  5 0.0292 0.1059 0.5313 0.1011 0.0877 0.0670 0.0777 
     D237364  5 0.2643 0.1378 0.2071 0.0610 0.1932 0.0174 0.1192 
     D237376  5 0.4629 0.0508 0.2386 0.0424 0.0263 0.1631 0.0158 
     D237377  5 0.0485 0.0343 0.0714 0.4747 0.0550 0.1136 0.2025 
     D237378  5 0.2021 0.0856 0.0721 0.0452 0.0496 0.5130 0.0325 
     D237379  5 0.3918 0.0342 0.1692 0.0277 0.0574 0.2791 0.0405 
     D237380  5 0.1898 0.0163 0.0482 0.5527 0.0746 0.0829 0.0355 
     D237381  5 0.1295 0.0607 0.1099 0.3090 0.2305 0.0918 0.0686 
     D237391  5 0.0239 0.0192 0.0352 0.0323 0.0250 0.8390 0.0254 
     D237392  5 0.1022 0.1573 0.1005 0.0775 0.0723 0.0315 0.4586 
     D237393  5 0.0439 0.0684 0.0432 0.2259 0.0517 0.2592 0.3077 
     D237394  5 0.0271 0.0140 0.0210 0.0428 0.0232 0.8438 0.0282 
     D237395  5 0.0419 0.0817 0.2897 0.1312 0.1139 0.2904 0.0511 
     D237396  5 0.0405 0.0757 0.0494 0.0892 0.1335 0.2511 0.3608 
     D244016  5 0.2090 0.0715 0.2545 0.1203 0.0358 0.2694 0.0395 
     D244018  5 0.0603 0.3218 0.0564 0.0492 0.1260 0.2709 0.1154 
     D244019  5 0.1043 0.1379 0.3058 0.1614 0.0334 0.0701 0.1871 
        D279  5 0.2398 0.1496 0.1770 0.1353 0.0861 0.1412 0.0710 
        D280  5 0.0341 0.1040 0.2176 0.1641 0.1107 0.2639 0.1057 
        D281  5 0.0377 0.6425 0.1418 0.0219 0.0255 0.0986 0.0321 
        D283  5 0.0317 0.0482 0.0560 0.0874 0.0357 0.6106 0.1303 
        D284  5 0.0629 0.0558 0.3827 0.0883 0.3114 0.0344 0.0645 
        D285  5 0.0834 0.0418 0.1659 0.0695 0.0380 0.5045 0.0970 
        D286  5 0.2192 0.0413 0.2303 0.0779 0.1089 0.1981 0.1243 
        D287  5 0.3725 0.0256 0.2653 0.0913 0.0686 0.1572 0.0196 
        D288  5 0.0244 0.1331 0.1503 0.2481 0.0610 0.1044 0.2787 
        D308  5 0.0241 0.0180 0.0320 0.7516 0.0368 0.0361 0.1015 
        D309  5 0.8033 0.0120 0.0369 0.0271 0.0481 0.0265 0.0461 
        D310  5 0.0243 0.0182 0.0786 0.0275 0.0172 0.8099 0.0243 
        D311  5 0.3304 0.0295 0.2023 0.0590 0.0448 0.1177 0.2164 
        D312  5 0.2386 0.0562 0.1705 0.0698 0.1359 0.2039 0.1250 
        D313  5 0.0127 0.0129 0.0216 0.5577 0.3513 0.0270 0.0170 
        D314  5 0.1705 0.0984 0.2572 0.2237 0.1202 0.0854 0.0446 
        D315  5 0.0498 0.0522 0.1052 0.1943 0.0983 0.2690 0.2313 
        D317  5 0.0245 0.0195 0.0230 0.0313 0.0329 0.8228 0.0460 
        D318  5 0.1420 0.0907 0.3138 0.0784 0.1664 0.0854 0.1233 
        D319  5 0.0232 0.0280 0.0401 0.0886 0.0182 0.7648 0.0370 
        D320  5 0.0733 0.0278 0.0679 0.0900 0.0396 0.6634 0.0380 
        D321  5 0.0165 0.0449 0.0286 0.7283 0.0183 0.0863 0.0771 
        D336  5 0.1227 0.0237 0.1228 0.0325 0.0225 0.6415 0.0342 
        D337  5 0.0239 0.0272 0.0287 0.0175 0.0164 0.8632 0.0232 
        D338  5 0.1044 0.0942 0.1808 0.0679 0.1070 0.2422 0.2034 
        D339  5 0.0325 0.0635 0.0584 0.0905 0.0439 0.6605 0.0505 
        D347  5 0.1515 0.1411 0.2964 0.0498 0.0465 0.0654 0.2492 
        D348  5 0.1028 0.0229 0.0400 0.0220 0.0166 0.7656 0.0302 
        D349  5 0.0181 0.0174 0.0168 0.8863 0.0135 0.0297 0.0182 
        D350  5 0.8676 0.0248 0.0257 0.0227 0.0200 0.0193 0.0200 
        D355  5 0.0766 0.5065 0.1959 0.0419 0.0267 0.0344 0.1180 
        D356  5 0.0720 0.0365 0.1017 0.0640 0.1942 0.2705 0.2611 
        D357  5 0.0948 0.0645 0.4889 0.1178 0.0564 0.1261 0.0515 
        D358  5 0.1749 0.0462 0.1028 0.0994 0.0970 0.4230 0.0567 
        D359  5 0.0670 0.0218 0.0506 0.0673 0.0334 0.5327 0.2272 
        D360  5 0.0503 0.0284 0.1087 0.0408 0.1759 0.4496 0.1464 
        D361  5 0.0174 0.0168 0.0206 0.8725 0.0206 0.0227 0.0294 
        D366  5 0.0229 0.1781 0.0318 0.0315 0.0801 0.0273 0.6282 
        D367  5 0.1735 0.0219 0.1227 0.1168 0.0394 0.4957 0.0299 
        D368  5 0.0481 0.0296 0.1059 0.4713 0.0319 0.2027 0.1105 
        D380  5 0.4111 0.0575 0.1535 0.1350 0.1072 0.0492 0.0865 
        D381  5 0.0629 0.0540 0.0687 0.0773 0.0369 0.6439 0.0562 
        D400  5 0.2922 0.1343 0.1431 0.0401 0.0478 0.2359 0.1065 
        D411  5 0.0301 0.0257 0.0951 0.0592 0.7508 0.0145 0.0248 
        D412  5 0.0911 0.1428 0.2354 0.1741 0.1396 0.1094 0.1076 
        D413  5 0.0561 0.5893 0.0824 0.0336 0.0928 0.0378 0.1079 
        D414  5 0.7421 0.0780 0.0811 0.0276 0.0269 0.0210 0.0233 
        D420  5 0.0314 0.0701 0.4199 0.0790 0.2987 0.0604 0.0406 
        D431  5 0.1944 0.0821 0.2459 0.3426 0.0653 0.0502 0.0195 
        D432  5 0.0627 0.0782 0.0529 0.0597 0.1021 0.5757 0.0687 
        D433  5 0.0404 0.0704 0.0499 0.1908 0.0224 0.5503 0.0759 
        D434  5 0.0396 0.0282 0.0783 0.1166 0.0483 0.5923 0.0967 
        D440  5 0.8540 0.0139 0.0290 0.0352 0.0166 0.0329 0.0183 
        D447  5 0.0972 0.0492 0.1772 0.0356 0.3044 0.0336 0.3029 
        D448  5 0.1291 0.0794 0.1476 0.0481 0.0350 0.4711 0.0897 
        D459  5 0.0528 0.7279 0.0380 0.0300 0.0291 0.0398 0.0825 
        D460  5 0.0204 0.0216 0.0216 0.8200 0.0181 0.0497 0.0487 
        D461  5 0.7999 0.0164 0.0252 0.0298 0.0223 0.0257 0.0808 
        D468  5 0.0604 0.0473 0.2664 0.1508 0.1031 0.1555 0.2164 
        D469  5 0.0968 0.0349 0.0878 0.1211 0.1103 0.0929 0.4561 
        D470  5 0.1694 0.0337 0.1826 0.1056 0.3209 0.0861 0.1018 
        D471  5 0.0938 0.0805 0.1376 0.0544 0.0271 0.5047 0.1019 
        D472  5 0.0175 0.1806 0.0325 0.0302 0.0191 0.0251 0.6950 
        D479  5 0.1938 0.6053 0.0634 0.0390 0.0353 0.0288 0.0344 
        D485  5 0.4861 0.0445 0.2620 0.0455 0.0736 0.0520 0.0364 
        D486  5 0.0761 0.0396 0.3915 0.1077 0.1799 0.0826 0.1226 
        D487  5 0.2554 0.1810 0.1046 0.0802 0.0676 0.2648 0.0464 
        D555  5 0.0264 0.0571 0.0324 0.0265 0.0240 0.8060 0.0276 
        D556  5 0.2708 0.0739 0.1224 0.3117 0.0581 0.1154 0.0478 
        D557  5 0.0594 0.0307 0.0311 0.0657 0.0182 0.7578 0.0372 
        D564  5 0.3008 0.0262 0.0633 0.2392 0.0471 0.2696 0.0539 
        D594  5 0.0905 0.1142 0.3068 0.1210 0.0707 0.0743 0.2225 
        D595  5 0.0618 0.1188 0.1187 0.1065 0.0620 0.3619 0.1703 
        D596  5 0.0215 0.0391 0.0346 0.0478 0.0218 0.8062 0.0291 
        D597  5 0.1015 0.2793 0.0572 0.0654 0.0373 0.3452 0.1140 
        D598  5 0.1324 0.0522 0.0720 0.0769 0.1565 0.4242 0.0859 
        D617  5 0.0383 0.1155 0.1169 0.0661 0.6066 0.0195 0.0372 
        D618  5 0.1086 0.0644 0.0459 0.1103 0.0405 0.5564 0.0740 
        D619  5 0.0462 0.0580 0.0783 0.4916 0.0356 0.1159 0.1744 
        D620  5 0.0264 0.7994 0.0198 0.0295 0.0213 0.0371 0.0665 
        D628  5 0.7289 0.0255 0.0708 0.0269 0.0711 0.0502 0.0266 
        D714  5 0.3953 0.1725 0.1146 0.0629 0.0447 0.1873 0.0227 
        D715  5 0.0450 0.0439 0.0343 0.0495 0.0253 0.7306 0.0715 
        D716  5 0.2456 0.1548 0.3474 0.0372 0.0577 0.0517 0.1055 
        D717  5 0.1165 0.0547 0.0913 0.1059 0.1116 0.2402 0.2798 
        D718  5 0.0872 0.0471 0.6060 0.0658 0.0873 0.0806 0.0260 
        D769  5 0.0715 0.0985 0.1179 0.0424 0.5950 0.0345 0.0402 
        D770  5 0.4264 0.1951 0.1305 0.0420 0.0567 0.0971 0.0521 
        D771  5 0.1016 0.2593 0.2669 0.1089 0.1226 0.0809 0.0598 
        D772  5 0.6608 0.0250 0.0615 0.0525 0.0567 0.1003 0.0432 
        D782  5 0.0309 0.2115 0.2390 0.2665 0.1333 0.0724 0.0464 
        D783  5 0.4256 0.2023 0.1172 0.0602 0.0329 0.1348 0.0269 
        D784  5 0.2986 0.0536 0.0960 0.0805 0.0666 0.1220 0.2826 
        D785  5 0.1056 0.0222 0.0479 0.2208 0.0416 0.5122 0.0497 
        D786  5 0.1487 0.0594 0.1001 0.0803 0.3704 0.0229 0.2181 
        D821  5 0.0331 0.0141 0.0226 0.0289 0.0122 0.8673 0.0220 
        D822  5 0.1432 0.0914 0.2180 0.1283 0.0374 0.1451 0.2367 
        D826  5 0.0960 0.2193 0.0878 0.1001 0.0350 0.3901 0.0717 
        D827  5 0.1030 0.0976 0.1484 0.0369 0.1420 0.0434 0.4287 
        D851  5 0.0765 0.0606 0.2907 0.1520 0.1170 0.1911 0.1120 
        D852  5 0.4287 0.1031 0.0565 0.1841 0.0439 0.1539 0.0298 
        D853  5 0.0701 0.0793 0.2813 0.1034 0.0679 0.2880 0.1101 
        D854  5 0.1012 0.1784 0.3443 0.1603 0.0663 0.0214 0.1281 
        D861  5 0.0839 0.2008 0.1814 0.1252 0.1247 0.1909 0.0932 
        D862  5 0.0892 0.0253 0.1567 0.0856 0.0485 0.2528 0.3419 
        D865  5 0.0433 0.0725 0.0579 0.1765 0.0355 0.5833 0.0310 
        D868  5 0.0361 0.0368 0.0367 0.0496 0.0479 0.1027 0.6902 
        D869  5 0.0159 0.0316 0.0670 0.0619 0.7294 0.0345 0.0598 
        D870  5 0.0262 0.0501 0.6458 0.0294 0.1777 0.0155 0.0554 
        D907  5 0.0304 0.0305 0.0939 0.0732 0.0516 0.6894 0.0310 
        D908  5 0.2304 0.1999 0.0617 0.2680 0.0265 0.1885 0.0249 
        D910  5 0.1060 0.2966 0.0652 0.0598 0.0387 0.3376 0.0961 
        D911  5 0.0349 0.5674 0.2161 0.0297 0.0272 0.0386 0.0861 
        D934  5 0.3421 0.2054 0.1899 0.1053 0.0549 0.0488 0.0536 
        D946  5 0.3820 0.0760 0.1035 0.3395 0.0401 0.0389 0.0201 
        D947  5 0.2845 0.0490 0.2798 0.1108 0.0819 0.0386 0.1554 
        D948  5 0.0148 0.0173 0.0171 0.8468 0.0158 0.0555 0.0327 
        D949  5 0.0196 0.0147 0.0178 0.8421 0.0202 0.0485 0.0372 
        D950  5 0.0499 0.5720 0.1489 0.0452 0.0266 0.0612 0.0962 
        D951  5 0.0999 0.0368 0.3073 0.0839 0.0843 0.0273 0.3605 
        D952  5 0.0388 0.0425 0.0353 0.0744 0.0365 0.0841 0.6885 
        D953  5 0.0416 0.0482 0.0577 0.0872 0.0413 0.6364 0.0875 
        D954  5 0.0342 0.0306 0.0770 0.0986 0.0225 0.2823 0.4548 
        D961  5 0.3385 0.0384 0.3857 0.0694 0.0615 0.0747 0.0318 
        D962  5 0.4405 0.0174 0.0662 0.0495 0.0364 0.3485 0.0416 
        D963  5 0.1778 0.0687 0.0887 0.0422 0.0460 0.3150 0.2615 
        D964  5 0.1757 0.0978 0.2866 0.1235 0.2055 0.0577 0.0531 
        D965  5 0.5839 0.0477 0.1317 0.0624 0.0739 0.0540 0.0463 
        D966  5 0.2580 0.1300 0.0893 0.0624 0.0524 0.2021 0.2058 
        D967  5 0.0425 0.1863 0.1019 0.3834 0.0520 0.1907 0.0432 
        D991  5 0.4638 0.0282 0.0797 0.1127 0.1682 0.0780 0.0695 
        D502  6 0.1130 0.0879 0.6200 0.0601 0.0894 0.0108 0.0188 
        D503  6 0.0313 0.3030 0.1503 0.2080 0.2080 0.0718 0.0275 
        D504  6 0.1775 0.0649 0.0884 0.0621 0.1034 0.1643 0.3395 
        D505  6 0.1415 0.0996 0.1451 0.1115 0.1247 0.2972 0.0805 
        D506  6 0.0180 0.0143 0.0345 0.0186 0.0236 0.8606 0.0304 
        D507  6 0.5607 0.0735 0.1274 0.0701 0.0751 0.0455 0.0477 
        D508  6 0.1635 0.0898 0.3851 0.0734 0.0701 0.0302 0.1879 
        D529  6 0.0612 0.0441 0.1699 0.0530 0.4214 0.1231 0.1273 
        D530  6 0.2026 0.0576 0.4493 0.1108 0.0861 0.0667 0.0269 
        D531  6 0.1201 0.0601 0.2483 0.0670 0.0964 0.1301 0.2780 
        D532  6 0.1244 0.0678 0.2318 0.0617 0.0670 0.2055 0.2419 
        D534  6 0.0657 0.0486 0.0650 0.0924 0.6374 0.0303 0.0605 
        D535  6 0.0753 0.0340 0.1548 0.1874 0.0647 0.2977 0.1861 
        D536  6 0.0380 0.5836 0.1070 0.0349 0.1802 0.0226 0.0338 
        D554  6 0.2189 0.0350 0.3285 0.0668 0.1243 0.1773 0.0492 
        D587  6 0.0379 0.0385 0.0443 0.0358 0.0468 0.7227 0.0740 
        D588  6 0.0240 0.0501 0.1559 0.0870 0.0595 0.4753 0.1482 
        D589  6 0.0553 0.2853 0.2798 0.0817 0.0993 0.1464 0.0522 
        D590  6 0.0295 0.6998 0.0748 0.0493 0.0545 0.0385 0.0536 
        D591  6 0.0553 0.1362 0.2333 0.1296 0.1679 0.2047 0.0729 
        D592  6 0.0321 0.0399 0.0419 0.1019 0.6360 0.0913 0.0570 
        D593  6 0.2986 0.0398 0.4659 0.0789 0.0411 0.0585 0.0172 
        D682  6 0.0228 0.0230 0.0370 0.0328 0.0260 0.8327 0.0257 
        D683  6 0.0325 0.0270 0.0835 0.0445 0.0548 0.2998 0.4580 
        D684  6 0.0445 0.1943 0.1968 0.0887 0.3985 0.0293 0.0478 
        D685  6 0.0575 0.0627 0.7389 0.0616 0.0364 0.0270 0.0159 
        D686  6 0.1160 0.0444 0.3573 0.1114 0.0331 0.2751 0.0627 
        D724  6 0.1795 0.0717 0.2859 0.1263 0.1279 0.0195 0.1891 
        D725  6 0.3025 0.1486 0.2678 0.0716 0.1002 0.0649 0.0446 
        D726  6 0.0387 0.0177 0.0284 0.0218 0.0306 0.8326 0.0303 
        D727  6 0.0228 0.4294 0.1024 0.0457 0.0897 0.0796 0.2305 
        D728  6 0.1192 0.0288 0.1605 0.1690 0.0490 0.4065 0.0669 
        D729  6 0.0164 0.2002 0.0978 0.1999 0.1716 0.0237 0.2905 
        D730  6 0.2527 0.0838 0.1698 0.1651 0.1679 0.0266 0.1341 
        D731  6 0.0165 0.1314 0.0275 0.0308 0.0166 0.7629 0.0143 
        D732  6 0.4689 0.0585 0.0959 0.0443 0.0716 0.0255 0.2353 
        D733  6 0.6113 0.0346 0.0615 0.0668 0.1480 0.0400 0.0378 
     D237251  7 0.2810 0.3248 0.1120 0.1299 0.0689 0.0408 0.0424 
     D237252  7 0.0853 0.1621 0.1753 0.2815 0.2210 0.0265 0.0483 
     D237253  7 0.0654 0.2316 0.3304 0.0490 0.0652 0.1897 0.0686 
     D237254  7 0.0159 0.0229 0.0468 0.0179 0.8617 0.0143 0.0205 
     D237255  7 0.0375 0.7111 0.1293 0.0251 0.0338 0.0351 0.0281 
     D237256  7 0.1244 0.3431 0.3430 0.0469 0.0235 0.0514 0.0679 
     D237257  7 0.0411 0.0476 0.5633 0.1095 0.1646 0.0275 0.0465 
