        D174  1 0.0342 0.0755 0.1197 0.6389 0.1317 
        D199  1 0.2222 0.4200 0.0741 0.2228 0.0608 
        D203  1 0.2333 0.3427 0.1751 0.0774 0.1715 
        D204  1 0.0290 0.8875 0.0384 0.0200 0.0252 
     D237366  1 0.1086 0.1265 0.2761 0.1061 0.3828 
     D237367  1 0.0605 0.4516 0.2475 0.0572 0.1832 
     D237368  1 0.0841 0.2110 0.0568 0.0882 0.5598 
     D244101  1 0.2104 0.6606 0.0678 0.0338 0.0273 
     D244102  1 0.1080 0.1723 0.3263 0.1734 0.2200 
     D244103  1 0.0405 0.1765 0.6320 0.0480 0.1030 
     D244104  1 0.0470 0.7108 0.0364 0.1477 0.0582 
     D244105  1 0.0440 0.1834 0.2441 0.0207 0.5079 
     D244106  1 0.1048 0.0609 0.0964 0.7066 0.0312 
     D244107  1 0.0838 0.1132 0.0650 0.0209 0.7171 
     D244108  1 0.0580 0.1531 0.0530 0.5240 0.2119 
     D244113  1 0.0345 0.0265 0.0838 0.8161 0.0391 
     D244114  1 0.2309 0.1873 0.3886 0.1333 0.0598 
     D244115  1 0.0463 0.1577 0.1128 0.4710 0.2122 
     D267365  1 0.0715 0.4138 0.0870 0.3492 0.0785 
        D404  1 0.0366 0.0365 0.1932 0.6985 0.0352 
        D405  1 0.1336 0.1490 0.2608 0.3267 0.1300 
        D406  1 0.0154 0.0481 0.0295 0.0270 0.8800 
        D407  1 0.0778 0.6117 0.1857 0.0367 0.0881 
        D408  1 0.0540 0.0464 0.1112 0.7533 0.0352 
        D409  1 0.0340 0.0602 0.7943 0.0661 0.0454 
        D410  1 0.0096 0.0651 0.0293 0.0344 0.8617 
        D421  1 0.0423 0.8470 0.0350 0.0544 0.0213 
        D422  1 0.0303 0.0346 0.0270 0.0145 0.8935 
        D423  1 0.0283 0.0696 0.0302 0.0162 0.8556 
        D424  1 0.0196 0.7478 0.0744 0.0511 0.1072 
        D425  1 0.0343 0.5306 0.0978 0.2771 0.0602 
        D426  1 0.2211 0.0636 0.6336 0.0317 0.0500 
        D427  1 0.5745 0.1433 0.0390 0.2035 0.0397 
        D428  1 0.0511 0.4534 0.0981 0.2476 0.1497 
        D429  1 0.0681 0.3639 0.1154 0.3756 0.0769 
        D430  1 0.1504 0.1271 0.4395 0.2341 0.0489 
        D491  1 0.0168 0.0885 0.0321 0.8340 0.0286 
        D492  1 0.0609 0.3385 0.1076 0.2794 0.2136 
        D537  1 0.0208 0.7507 0.0760 0.0558 0.0967 
        D538  1 0.1013 0.1051 0.3661 0.1466 0.2809 
        D539  1 0.2250 0.0861 0.1908 0.3104 0.1877 
        D540  1 0.0777 0.3286 0.3504 0.1372 0.1061 
        D541  1 0.0258 0.9065 0.0212 0.0192 0.0273 
        D551  1 0.6729 0.0771 0.1566 0.0475 0.0458 
        D552  1 0.0571 0.2880 0.0567 0.2405 0.3576 
        D553  1 0.0207 0.8911 0.0282 0.0284 0.0317 
        D615  1 0.1308 0.3675 0.1718 0.1115 0.2184 
        D616  1 0.1986 0.3110 0.1124 0.1030 0.2750 
        D621  1 0.0276 0.0424 0.0527 0.1238 0.7536 
        D622  1 0.0283 0.0440 0.0443 0.0425 0.8408 
        D623  1 0.1871 0.0865 0.1296 0.5396 0.0572 
        D624  1 0.0307 0.0571 0.0372 0.8473 0.0276 
        D625  1 0.0212 0.7355 0.0671 0.0671 0.1092 
        D626  1 0.0481 0.0958 0.1136 0.5261 0.2164 
        D627  1 0.1068 0.1191 0.6964 0.0364 0.0414 
        D690  1 0.0152 0.8071 0.0269 0.0734 0.0774 
        D691  1 0.0301 0.1151 0.0532 0.0438 0.7577 
        D710  1 0.0471 0.4614 0.1086 0.2624 0.1205 
        D711  1 0.0260 0.8019 0.0640 0.0431 0.0650 
        D712  1 0.0462 0.0561 0.0485 0.7910 0.0581 
        D713  1 0.0282 0.3101 0.1755 0.3543 0.1319 
        D746  1 0.0209 0.0504 0.0268 0.0229 0.8789 
        D747  1 0.0321 0.8977 0.0245 0.0274 0.0183 
        D748  1 0.0216 0.4560 0.1965 0.0526 0.2733 
        D749  1 0.0923 0.0380 0.1022 0.1236 0.6439 
        D750  1 0.0224 0.1928 0.0388 0.6735 0.0725 
        D763  1 0.2584 0.3485 0.2403 0.0490 0.1038 
        D764  1 0.0253 0.5219 0.0558 0.2239 0.1731 
        D765  1 0.0275 0.0492 0.0916 0.1955 0.6362 
        D766  1 0.0205 0.2460 0.0721 0.0582 0.6032 
        D767  1 0.1002 0.2347 0.3573 0.0703 0.2375 
        D768  1 0.0228 0.8937 0.0370 0.0195 0.0270 
        D811  1 0.0259 0.0486 0.2902 0.5625 0.0729 
        D816  1 0.0182 0.8683 0.0247 0.0542 0.0345 
        D825  1 0.0233 0.1755 0.1304 0.4807 0.1901 
        D866  1 0.3957 0.0562 0.0977 0.3778 0.0725 
        D867  1 0.0381 0.0290 0.0416 0.0335 0.8577 
        D871  1 0.0237 0.0465 0.8725 0.0358 0.0214 
        D872  1 0.0348 0.5639 0.1062 0.0572 0.2379 
        D873  1 0.0152 0.0099 0.0171 0.0199 0.9379 
        D874  1 0.0607 0.4750 0.1677 0.2741 0.0224 
        D875  1 0.0135 0.0395 0.8816 0.0211 0.0443 
        D876  1 0.0251 0.7503 0.0677 0.0829 0.0740 
        D877  1 0.0266 0.0910 0.2836 0.5776 0.0213 
        D892  1 0.0269 0.3909 0.1882 0.2242 0.1698 
        D893  1 0.0647 0.7011 0.0904 0.0401 0.1036 
        D894  1 0.0539 0.5695 0.1880 0.1155 0.0730 
        D915  1 0.0334 0.5749 0.0898 0.0784 0.2235 
        D916  1 0.0140 0.9076 0.0243 0.0214 0.0327 
        D917  1 0.1296 0.2458 0.1255 0.4475 0.0517 
        D925  1 0.0277 0.1233 0.0229 0.0812 0.7449 
        D926  1 0.0341 0.5532 0.1302 0.1713 0.1113 
        D927  1 0.2994 0.4971 0.0940 0.0792 0.0303 
        D928  1 0.0192 0.0869 0.0240 0.8464 0.0234 
        D929  1 0.0317 0.1354 0.5273 0.1914 0.1142 
        D936  1 0.0968 0.7546 0.0571 0.0475 0.0440 
        D938  1 0.0143 0.0277 0.0229 0.0190 0.9161 
        D956  1 0.0441 0.0318 0.1156 0.7717 0.0368 
        D957  1 0.0321 0.3367 0.0840 0.0619 0.4853 
        D958  1 0.0192 0.5169 0.0709 0.0963 0.2967 
        D959  1 0.0634 0.5813 0.1684 0.0279 0.1590 
        D960  1 0.0154 0.0264 0.0272 0.0325 0.8985 
        D989  1 0.1263 0.0625 0.0433 0.7387 0.0291 
        D990  1 0.0556 0.0157 0.0266 0.0399 0.8622 
        D023  2 0.0247 0.1962 0.0255 0.0239 0.7296 
        D130  2 0.0291 0.0883 0.0763 0.0156 0.7906 
        D131  2 0.1051 0.4868 0.2923 0.0462 0.0696 
        D163  2 0.0228 0.0781 0.0342 0.0361 0.8289 
        D164  2 0.4106 0.0168 0.0170 0.0098 0.5458 
        D165  2 0.0291 0.0880 0.0201 0.0273 0.8355 
        D166  2 0.0549 0.0642 0.7686 0.0349 0.0775 
        D167  2 0.8940 0.0178 0.0254 0.0468 0.0159 
        D192  2 0.9271 0.0137 0.0162 0.0231 0.0199 
        D193  2 0.0814 0.0422 0.2396 0.5393 0.0976 
        D206  2 0.3142 0.2895 0.1839 0.0477 0.1647 
        D207  2 0.6908 0.0617 0.1954 0.0276 0.0244 
        D208  2 0.2954 0.0562 0.0785 0.5073 0.0626 
        D209  2 0.5889 0.1364 0.0908 0.0441 0.1398 
        D210  2 0.2186 0.1067 0.0412 0.6001 0.0334 
     D229599  2 0.1262 0.3662 0.1855 0.1564 0.1657 
     D229600  2 0.2716 0.0338 0.0831 0.0283 0.5832 
     D237227  2 0.0646 0.0600 0.0459 0.6045 0.2250 
     D237228  2 0.1228 0.0200 0.0744 0.3189 0.4639 
     D237258  2 0.3158 0.1518 0.1343 0.1623 0.2357 
     D237310  2 0.0613 0.0184 0.3303 0.0586 0.5315 
     D237311  2 0.1354 0.0209 0.0567 0.0480 0.7390 
     D237312  2 0.0302 0.0383 0.4964 0.1162 0.3190 
     D237313  2 0.0593 0.3792 0.1592 0.2250 0.1773 
     D237322  2 0.3904 0.0628 0.2900 0.1587 0.0981 
     D237323  2 0.0382 0.0214 0.0915 0.1598 0.6891 
     D237324  2 0.3134 0.0839 0.1132 0.0274 0.4621 
     D237325  2 0.0736 0.0809 0.1365 0.1305 0.5786 
     D237326  2 0.0433 0.1758 0.0379 0.0692 0.6738 
     D237327  2 0.4666 0.1777 0.1839 0.0838 0.0880 
     D237337  2 0.0197 0.0281 0.0625 0.0486 0.8411 
     D237338  2 0.1215 0.0722 0.1720 0.1820 0.4524 
     D237339  2 0.3434 0.3740 0.2155 0.0335 0.0335 
     D237340  2 0.2118 0.0244 0.0961 0.2350 0.4327 
     D237389  2 0.0911 0.0264 0.1954 0.0478 0.6393 
     D237390  2 0.0477 0.0881 0.3068 0.1512 0.4062 
     D244017  2 0.2540 0.0427 0.1524 0.5027 0.0482 
     D244112  2 0.8433 0.0158 0.0527 0.0233 0.0649 
     D244118  2 0.4459 0.0201 0.0202 0.0234 0.4905 
     D244119  2 0.2994 0.0229 0.0196 0.6158 0.0423 
     D244120  2 0.5797 0.0159 0.1980 0.1711 0.0352 
     D244122  2 0.7268 0.0387 0.0814 0.0624 0.0907 
        D291  2 0.4871 0.1133 0.2391 0.0624 0.0981 
        D292  2 0.3995 0.2773 0.0533 0.1984 0.0715 
        D293  2 0.6381 0.2659 0.0635 0.0164 0.0161 
        D322  2 0.4329 0.3779 0.1127 0.0243 0.0522 
        D323  2 0.2247 0.2818 0.2989 0.1311 0.0634 
        D324  2 0.2004 0.2749 0.2023 0.1203 0.2021 
        D325  2 0.8882 0.0559 0.0295 0.0109 0.0155 
        D326  2 0.0269 0.8993 0.0208 0.0406 0.0124 
        D340  2 0.9278 0.0205 0.0182 0.0160 0.0176 
        D341  2 0.8371 0.0469 0.0439 0.0309 0.0411 
        D342  2 0.7013 0.0282 0.1050 0.0228 0.1427 
        D343  2 0.9511 0.0165 0.0117 0.0096 0.0110 
        D344  2 0.0641 0.4083 0.4099 0.0487 0.0691 
        D345  2 0.0646 0.5251 0.0779 0.0536 0.2789 
        D346  2 0.0862 0.0648 0.1089 0.7018 0.0382 
        D351  2 0.1244 0.4358 0.3228 0.0272 0.0898 
        D352  2 0.1951 0.1570 0.4182 0.1545 0.0752 
        D353  2 0.0323 0.7639 0.1579 0.0269 0.0189 
        D354  2 0.0252 0.4491 0.1593 0.2387 0.1276 
        D362  2 0.0385 0.8143 0.0345 0.0471 0.0656 
        D363  2 0.0282 0.7192 0.0354 0.1469 0.0704 
        D364  2 0.0324 0.6406 0.1135 0.1132 0.1003 
        D365  2 0.9072 0.0423 0.0203 0.0165 0.0137 
        D369  2 0.2710 0.2635 0.1000 0.2473 0.1183 
        D374  2 0.0230 0.0211 0.0505 0.8721 0.0332 
        D375  2 0.0370 0.2640 0.4969 0.1020 0.1002 
        D376  2 0.0401 0.0181 0.0574 0.8444 0.0400 
        D377  2 0.1057 0.0849 0.3420 0.2462 0.2213 
        D378  2 0.2747 0.5359 0.0865 0.0305 0.0725 
        D379  2 0.0213 0.8590 0.0542 0.0380 0.0275 
        D384  2 0.0187 0.9088 0.0190 0.0343 0.0193 
        D385  2 0.8769 0.0311 0.0342 0.0372 0.0207 
        D386  2 0.0767 0.6968 0.1272 0.0299 0.0694 
        D391  2 0.8565 0.0819 0.0261 0.0183 0.0172 
        D392  2 0.7102 0.0627 0.0619 0.0750 0.0902 
        D393  2 0.1606 0.6883 0.0719 0.0226 0.0566 
        D394  2 0.0979 0.1662 0.2312 0.0920 0.4126 
        D395  2 0.5639 0.1203 0.2427 0.0258 0.0474 
        D401  2 0.0279 0.0210 0.0483 0.0494 0.8533 
        D402  2 0.9011 0.0291 0.0296 0.0200 0.0202 
        D403  2 0.0526 0.5649 0.2322 0.0444 0.1059 
        D415  2 0.0268 0.7442 0.1286 0.0157 0.0847 
        D435  2 0.2006 0.6701 0.0417 0.0167 0.0709 
        D436  2 0.0541 0.3762 0.3503 0.1510 0.0684 
        D438  2 0.9128 0.0198 0.0193 0.0285 0.0195 
        D439  2 0.1710 0.4309 0.2562 0.0356 0.1063 
        D449  2 0.7576 0.0887 0.0876 0.0358 0.0303 
        D450  2 0.0410 0.1909 0.3977 0.2975 0.0728 
        D456  2 0.0154 0.9106 0.0344 0.0213 0.0183 
        D462  2 0.8863 0.0564 0.0266 0.0134 0.0173 
        D463  2 0.0105 0.9349 0.0185 0.0212 0.0149 
        D464  2 0.0708 0.5117 0.3232 0.0714 0.0229 
        D465  2 0.4097 0.3537 0.1317 0.0408 0.0640 
        D473  2 0.0465 0.0439 0.0930 0.6726 0.1440 
        D474  2 0.1079 0.6829 0.0347 0.0822 0.0923 
        D476  2 0.1499 0.1518 0.0933 0.0214 0.5836 
        D477  2 0.0703 0.6486 0.1064 0.1140 0.0608 
        D478  2 0.0747 0.1217 0.3532 0.3057 0.1448 
        D480  2 0.1770 0.5999 0.0989 0.0990 0.0252 
        D481  2 0.0870 0.4046 0.1148 0.2176 0.1760 
        D482  2 0.1926 0.0793 0.2327 0.3609 0.1345 
        D483  2 0.8690 0.0178 0.0174 0.0626 0.0333 
        D484  2 0.2168 0.1089 0.4642 0.1628 0.0473 
        D510  2 0.0508 0.0259 0.0468 0.8444 0.0321 
        D511  2 0.1406 0.6549 0.1211 0.0246 0.0587 
        D512  2 0.1752 0.0394 0.2767 0.0251 0.4836 
        D513  2 0.6027 0.1731 0.0951 0.0731 0.0560 
        D635  2 0.0318 0.6730 0.0665 0.0404 0.1882 
        D636  2 0.0193 0.0298 0.0185 0.0201 0.9123 
        D637  2 0.3963 0.0993 0.2440 0.1656 0.0948 
        D658  2 0.6105 0.0401 0.0912 0.1783 0.0799 
        D659  2 0.0460 0.8304 0.0487 0.0329 0.0420 
        D677  2 0.1483 0.3821 0.2339 0.0398 0.1960 
        D678  2 0.7738 0.0293 0.0787 0.0397 0.0784 
        D679  2 0.1249 0.6426 0.1182 0.0710 0.0434 
        D719  2 0.2233 0.2403 0.0315 0.4754 0.0295 
        D720  2 0.0524 0.7339 0.0539 0.1030 0.0567 
        D721  2 0.1045 0.1843 0.0760 0.0394 0.5958 
        D722  2 0.0936 0.0307 0.0846 0.7222 0.0689 
        D734  2 0.2613 0.1222 0.1106 0.4863 0.0196 
        D735  2 0.1129 0.5367 0.1327 0.0992 0.1184 
        D736  2 0.1930 0.1475 0.0619 0.5016 0.0960 
        D737  2 0.6874 0.0483 0.0647 0.0845 0.1152 
        D807  2 0.1180 0.2665 0.0839 0.4313 0.1003 
        D808  2 0.2092 0.1453 0.3733 0.0345 0.2377 
        D817  2 0.0409 0.5830 0.1733 0.1475 0.0554 
        D818  2 0.4217 0.1378 0.3425 0.0386 0.0595 
        D819  2 0.0609 0.3086 0.3393 0.0790 0.2122 
        D820  2 0.0397 0.8833 0.0346 0.0274 0.0150 
        D895  2 0.0493 0.6482 0.0759 0.0527 0.1739 
        D896  2 0.0158 0.0248 0.0361 0.0452 0.8781 
        D897  2 0.7593 0.0345 0.1287 0.0323 0.0453 
        D898  2 0.0760 0.1231 0.4551 0.1899 0.1559 
        D918  2 0.1531 0.0754 0.4356 0.1184 0.2175 
        D919  2 0.2563 0.4455 0.2340 0.0280 0.0363 
        D920  2 0.0292 0.0259 0.0386 0.0431 0.8632 
        D923  2 0.0279 0.8456 0.0762 0.0251 0.0253 
        D930  2 0.0649 0.3606 0.3040 0.1942 0.0762 
        D931  2 0.1687 0.5670 0.1008 0.1095 0.0539 
        D968  2 0.9263 0.0260 0.0215 0.0126 0.0136 
        D969  2 0.3541 0.4468 0.0740 0.0825 0.0426 
        D977  2 0.7921 0.0564 0.0976 0.0226 0.0313 
        D978  2 0.3813 0.0604 0.4818 0.0481 0.0283 
        D211  3 0.0482 0.1030 0.4385 0.0441 0.3662 
     D229639  3 0.5614 0.0714 0.0568 0.2636 0.0468 
     D237212  3 0.2841 0.2394 0.2995 0.0610 0.1159 
     D237213  3 0.0745 0.2284 0.3741 0.0449 0.2781 
     D237214  3 0.0322 0.0709 0.3611 0.0412 0.4946 
     D237215  3 0.7981 0.0181 0.0328 0.1305 0.0205 
     D237216  3 0.1141 0.1163 0.5104 0.0538 0.2054 
     D237217  3 0.1021 0.1789 0.1530 0.0190 0.5469 
     D237218  3 0.2832 0.2945 0.2543 0.0757 0.0922 
     D237219  3 0.0849 0.0531 0.1206 0.2753 0.4661 
     D237382  3 0.0610 0.1791 0.4745 0.1692 0.1162 
     D244127  3 0.1535 0.0430 0.0967 0.0339 0.6729 
     D244129  3 0.1450 0.2303 0.3036 0.0675 0.2536 
     D244133  3 0.1980 0.1127 0.2156 0.3118 0.1619 
     D244134  3 0.2323 0.0543 0.0537 0.4808 0.1790 
     D244135  3 0.0792 0.0904 0.1396 0.0243 0.6665 
     D244136  3 0.1464 0.2408 0.1393 0.3962 0.0772 
        D416  3 0.3476 0.2616 0.1611 0.0661 0.1635 
        D417  3 0.0227 0.7849 0.1111 0.0376 0.0437 
        D419  3 0.2378 0.2247 0.1089 0.1312 0.2974 
        D565  3 0.0163 0.0337 0.0233 0.9036 0.0231 
        D566  3 0.3218 0.0515 0.0523 0.5287 0.0457 
        D567  3 0.0393 0.7275 0.0488 0.0442 0.1403 
        D568  3 0.1862 0.3907 0.1192 0.0244 0.2796 
        D569  3 0.2552 0.1277 0.4008 0.0881 0.1283 
        D573  3 0.7479 0.1463 0.0477 0.0267 0.0314 
        D574  3 0.0726 0.0444 0.1705 0.6260 0.0865 
        D575  3 0.1110 0.2412 0.1278 0.3038 0.2162 
        D576  3 0.8579 0.0107 0.0580 0.0500 0.0234 
        D577  3 0.0561 0.5778 0.2130 0.0704 0.0827 
        D578  3 0.0276 0.0195 0.2668 0.0179 0.6682 
        D579  3 0.1889 0.3207 0.0882 0.2992 0.1031 
        D660  3 0.5684 0.0350 0.2071 0.0398 0.1496 
        D661  3 0.6665 0.0592 0.1851 0.0263 0.0629 
        D663  3 0.7813 0.0557 0.1076 0.0340 0.0214 
        D664  3 0.1819 0.0309 0.1992 0.2268 0.3612 
        D665  3 0.0564 0.0230 0.7748 0.0186 0.1272 
        D666  3 0.0641 0.1622 0.1569 0.2876 0.3292 
        D009  4 0.0239 0.2139 0.3381 0.0386 0.3855 
        D057  4 0.4104 0.1585 0.0759 0.0627 0.2924 
        D109  4 0.0318 0.0550 0.2533 0.0889 0.5710 
     D237222  4 0.0326 0.0636 0.0601 0.1179 0.7258 
     D237223  4 0.1211 0.0867 0.2335 0.1474 0.4114 
     D237224  4 0.3813 0.3516 0.1184 0.0838 0.0650 
     D237225  4 0.0588 0.2949 0.4031 0.0676 0.1755 
     D237299  4 0.0316 0.0213 0.8573 0.0320 0.0577 
     D237300  4 0.8032 0.0224 0.0574 0.0762 0.0409 
     D237306  4 0.0382 0.1014 0.1056 0.6325 0.1223 
     D237307  4 0.0870 0.3349 0.1408 0.3775 0.0598 
     D237308  4 0.4969 0.1076 0.0472 0.1077 0.2406 
     D237309  4 0.0812 0.3664 0.2132 0.0368 0.3024 
     D237317  4 0.0426 0.1970 0.0847 0.5859 0.0897 
     D237318  4 0.8980 0.0191 0.0386 0.0314 0.0129 
     D237319  4 0.1163 0.1501 0.3835 0.0802 0.2699 
     D237320  4 0.2450 0.1360 0.2259 0.0594 0.3337 
     D237321  4 0.6774 0.0606 0.0801 0.1125 0.0695 
     D237397  4 0.2409 0.0879 0.1270 0.3158 0.2285 
     D237398  4 0.5937 0.1427 0.1891 0.0287 0.0458 
     D237399  4 0.1600 0.2010 0.1900 0.3191 0.1300 
     D244001  4 0.1187 0.0571 0.0585 0.0476 0.7180 
        D289  4 0.1796 0.2950 0.1032 0.3599 0.0624 
        D290  4 0.0833 0.1268 0.6773 0.0576 0.0550 
        D294  4 0.0983 0.3024 0.4642 0.0905 0.0445 
        D295  4 0.0573 0.4733 0.2365 0.1082 0.1247 
        D301  4 0.0684 0.0267 0.0482 0.0520 0.8047 
        D302  4 0.0255 0.7162 0.1785 0.0361 0.0437 
        D303  4 0.0484 0.0546 0.0591 0.7785 0.0594 
        D304  4 0.1200 0.1256 0.5791 0.1397 0.0357 
        D305  4 0.2721 0.1320 0.4329 0.0285 0.1345 
        D306  4 0.0343 0.1032 0.7244 0.0926 0.0455 
        D307  4 0.0294 0.0222 0.0347 0.0639 0.8499 
        D327  4 0.0748 0.6223 0.1538 0.1114 0.0377 
        D328  4 0.0580 0.0654 0.2156 0.5881 0.0729 
        D329  4 0.3346 0.2700 0.1655 0.0642 0.1657 
        D330  4 0.0511 0.3797 0.3246 0.0343 0.2103 
        D331  4 0.1349 0.2168 0.2970 0.2094 0.1419 
        D333  4 0.1598 0.1402 0.1960 0.2527 0.2513 
        D334  4 0.0393 0.1498 0.1080 0.6610 0.0420 
        D335  4 0.0489 0.8094 0.0732 0.0435 0.0250 
        D370  4 0.0671 0.0766 0.1602 0.3929 0.3031 
        D371  4 0.0298 0.0885 0.0205 0.8349 0.0264 
        D372  4 0.7419 0.0164 0.1581 0.0606 0.0230 
        D373  4 0.1426 0.0471 0.0384 0.0348 0.7371 
        D455  4 0.0521 0.0424 0.0360 0.0430 0.8265 
        D490  4 0.0170 0.0256 0.0462 0.0244 0.8869 
        D497  4 0.0288 0.0248 0.0522 0.0318 0.8625 
        D498  4 0.1379 0.0938 0.3016 0.2875 0.1791 
        D499  4 0.4259 0.0561 0.2441 0.2304 0.0435 
        D514  4 0.0461 0.4445 0.4274 0.0322 0.0498 
        D515  4 0.0379 0.0726 0.6133 0.0452 0.2310 
        D516  4 0.1532 0.2595 0.1101 0.1378 0.3395 
        D517  4 0.1070 0.0737 0.0605 0.0295 0.7293 
        D518  4 0.1342 0.2127 0.1304 0.1769 0.3459 
        D519  4 0.1231 0.1028 0.4110 0.0404 0.3226 
        D560  4 0.1498 0.1412 0.4649 0.0265 0.2174 
        D561  4 0.0454 0.1427 0.6769 0.0196 0.1154 
        D562  4 0.1502 0.1051 0.5050 0.1035 0.1362 
        D563  4 0.5917 0.1190 0.1812 0.0261 0.0820 
        D572  4 0.0695 0.4515 0.3168 0.0716 0.0906 
        D629  4 0.0523 0.4404 0.2015 0.0703 0.2356 
        D630  4 0.0851 0.2479 0.4035 0.1467 0.1168 
        D631  4 0.4312 0.1619 0.2179 0.1091 0.0799 
        D632  4 0.1297 0.0867 0.0473 0.0276 0.7087 
        D646  4 0.1170 0.3170 0.1551 0.0478 0.3631 
        D647  4 0.0829 0.5420 0.1498 0.0230 0.2022 
        D648  4 0.0550 0.0414 0.4100 0.4380 0.0556 
        D649  4 0.0262 0.6312 0.0653 0.0294 0.2480 
        D650  4 0.0630 0.2675 0.3319 0.1699 0.1678 
        D708  4 0.0561 0.0830 0.2960 0.4959 0.0689 
        D709  4 0.0355 0.0878 0.6826 0.0977 0.0964 
        D738  4 0.0333 0.1344 0.0504 0.5655 0.2165 
        D739  4 0.0618 0.0594 0.5569 0.0628 0.2591 
        D740  4 0.2179 0.0529 0.3107 0.1938 0.2248 
        D741  4 0.2334 0.2004 0.3710 0.0278 0.1674 
        D742  4 0.5603 0.0781 0.1260 0.1781 0.0574 
        D743  4 0.0705 0.7611 0.0963 0.0401 0.0319 
        D744  4 0.1890 0.4153 0.2966 0.0416 0.0575 
        D745  4 0.0483 0.0534 0.5180 0.0285 0.3518 
        D814  4 0.6391 0.0573 0.2166 0.0291 0.0579 
        D815  4 0.0569 0.4514 0.3113 0.0987 0.0817 
        D828  4 0.1584 0.0194 0.4042 0.3615 0.0565 
        D845  4 0.8279 0.0344 0.0363 0.0855 0.0158 
        D846  4 0.2733 0.3608 0.2437 0.0204 0.1018 
        D847  4 0.1311 0.2180 0.3192 0.1788 0.1529 
        D848  4 0.2232 0.0228 0.0391 0.0292 0.6857 
        D849  4 0.0435 0.0795 0.5130 0.0336 0.3303 
        D850  4 0.1664 0.2822 0.1576 0.1562 0.2377 
        D856  4 0.0380 0.0939 0.6288 0.0578 0.1815 
        D857  4 0.0430 0.0114 0.0552 0.0400 0.8503 
        D859  4 0.2118 0.3532 0.2547 0.1041 0.0761 
        D860  4 0.2108 0.1713 0.0397 0.5477 0.0305 
        D883  4 0.0453 0.3119 0.1449 0.2253 0.2726 
        D884  4 0.0462 0.1658 0.3161 0.2020 0.2699 
        D885  4 0.3097 0.2777 0.2678 0.0403 0.1045 
        D886  4 0.0846 0.2125 0.2588 0.0430 0.4011 
        D887  4 0.3266 0.2348 0.2267 0.1187 0.0931 
        D889  4 0.1987 0.0797 0.6314 0.0704 0.0199 
        D890  4 0.0856 0.0953 0.1843 0.4291 0.2058 
        D891  4 0.9394 0.0163 0.0197 0.0125 0.0121 
        D899  4 0.6405 0.0578 0.0731 0.1871 0.0416 
        D900  4 0.0847 0.3205 0.3752 0.1330 0.0866 
        D970  4 0.1468 0.4051 0.2090 0.1187 0.1205 
        D971  4 0.5448 0.1954 0.1043 0.0803 0.0751 
        D979  4 0.0688 0.7206 0.1178 0.0685 0.0244 
        D093  5 0.0436 0.0546 0.0603 0.7935 0.0480 
        D154  5 0.4555 0.0408 0.3469 0.1064 0.0505 
        D168  5 0.4707 0.1255 0.1824 0.0337 0.1877 
        D189  5 0.1564 0.0430 0.1659 0.5908 0.0439 
        D190  5 0.0356 0.0468 0.0428 0.8371 0.0377 
     D237220  5 0.0756 0.0960 0.3624 0.1321 0.3339 
     D237221  5 0.2611 0.1278 0.1002 0.4361 0.0748 
     D237274  5 0.0287 0.8422 0.0751 0.0249 0.0291 
     D237275  5 0.8199 0.0205 0.0914 0.0376 0.0306 
     D237276  5 0.0502 0.1678 0.2407 0.2909 0.2504 
     D237277  5 0.1387 0.0570 0.0473 0.7176 0.0395 
     D237278  5 0.3573 0.0447 0.1092 0.2889 0.2000 
     D237279  5 0.0511 0.1325 0.2161 0.0285 0.5718 
     D237280  5 0.0284 0.2291 0.0901 0.0880 0.5643 
     D237281  5 0.8506 0.0427 0.0516 0.0325 0.0225 
     D237351  5 0.0475 0.0460 0.0667 0.1397 0.7002 
     D237352  5 0.0806 0.2739 0.1077 0.0914 0.4464 
     D237353  5 0.0336 0.0292 0.0251 0.8859 0.0262 
     D237359  5 0.1268 0.1031 0.4927 0.1146 0.1628 
     D237361  5 0.0221 0.0259 0.0299 0.9013 0.0207 
     D237362  5 0.1237 0.2786 0.2082 0.2880 0.1014 
     D237363  5 0.3383 0.0731 0.3809 0.1374 0.0703 
     D237364  5 0.2546 0.1858 0.3963 0.0239 0.1394 
     D237376  5 0.0746 0.0263 0.3305 0.5466 0.0219 
     D237377  5 0.0519 0.4481 0.0528 0.1363 0.3110 
     D237378  5 0.1032 0.0280 0.1011 0.7399 0.0279 
     D237379  5 0.0761 0.0517 0.3222 0.5005 0.0494 
     D237380  5 0.0158 0.0704 0.0621 0.0811 0.7706 
     D237381  5 0.0713 0.0778 0.0809 0.1016 0.6684 
     D237391  5 0.0338 0.0768 0.0317 0.8276 0.0300 
     D237392  5 0.1700 0.5888 0.1010 0.0463 0.0939 
     D237393  5 0.0677 0.4274 0.0554 0.3130 0.1366 
     D237394  5 0.0156 0.0408 0.0209 0.8974 0.0251 
     D237395  5 0.1379 0.0431 0.2844 0.4061 0.1286 
     D237396  5 0.0550 0.7024 0.0228 0.0965 0.1233 
     D244016  5 0.1412 0.1104 0.3024 0.3984 0.0476 
     D244018  5 0.5114 0.0768 0.0442 0.2513 0.1163 
     D244019  5 0.1887 0.3450 0.2729 0.1421 0.0512 
        D279  5 0.4026 0.0884 0.2913 0.1168 0.1009 
        D280  5 0.1696 0.1726 0.1475 0.3963 0.1140 
        D281  5 0.6923 0.0224 0.1706 0.0934 0.0214 
        D283  5 0.0479 0.2087 0.0398 0.6743 0.0293 
        D284  5 0.0715 0.0987 0.6134 0.0458 0.1705 
        D285  5 0.0703 0.1184 0.1521 0.6192 0.0399 
        D286  5 0.0751 0.1537 0.3353 0.3511 0.0848 
        D287  5 0.0411 0.0293 0.3492 0.4906 0.0899 
        D288  5 0.1994 0.3597 0.1328 0.2572 0.0509 
        D308  5 0.0197 0.1080 0.0406 0.0362 0.7956 
        D309  5 0.0237 0.6633 0.2404 0.0255 0.0470 
        D310  5 0.0245 0.0241 0.0564 0.8764 0.0186 
        D311  5 0.0798 0.1800 0.4080 0.2853 0.0468 
        D312  5 0.0618 0.1842 0.1910 0.4704 0.0926 
        D313  5 0.0128 0.0135 0.0186 0.0209 0.9342 
        D314  5 0.2737 0.0519 0.3775 0.1698 0.1271 
        D315  5 0.0611 0.2149 0.0957 0.5211 0.1072 
        D317  5 0.0227 0.0365 0.0242 0.8962 0.0205 
        D318  5 0.1698 0.1940 0.3952 0.1501 0.0909 
        D319  5 0.0317 0.0304 0.0256 0.8797 0.0326 
        D320  5 0.0291 0.0423 0.0709 0.7977 0.0600 
        D321  5 0.0658 0.0690 0.0357 0.1351 0.6945 
        D336  5 0.0179 0.0380 0.1280 0.7939 0.0222 
        D337  5 0.0334 0.0235 0.0196 0.9109 0.0127 
        D338  5 0.1241 0.2499 0.2995 0.2185 0.1080 
        D339  5 0.0764 0.0525 0.0617 0.7326 0.0767 
        D347  5 0.1332 0.2784 0.3548 0.1913 0.0423 
        D348  5 0.0316 0.0367 0.0318 0.8824 0.0175 
        D349  5 0.0310 0.0350 0.0354 0.0727 0.8259 
        D350  5 0.0627 0.5124 0.3556 0.0328 0.0365 
        D355  5 0.5724 0.1854 0.1874 0.0349 0.0199 
        D356  5 0.0379 0.2710 0.0979 0.4493 0.1438 
        D357  5 0.1053 0.1081 0.4392 0.2373 0.1101 
        D358  5 0.0892 0.1653 0.0916 0.5123 0.1416 
        D359  5 0.0224 0.2991 0.0481 0.5994 0.0310 
        D360  5 0.0338 0.1369 0.1240 0.6146 0.0907 
        D361  5 0.0219 0.0289 0.0285 0.0328 0.8879 
        D366  5 0.3009 0.5815 0.0507 0.0294 0.0374 
        D367  5 0.0346 0.0321 0.1863 0.6801 0.0669 
        D368  5 0.0519 0.1277 0.1917 0.4094 0.2193 
        D380  5 0.0844 0.5455 0.2061 0.0635 0.1005 
        D381  5 0.0814 0.1075 0.0774 0.6673 0.0664 
        D400  5 0.2334 0.1095 0.2115 0.3839 0.0616 
        D411  5 0.0414 0.0216 0.1370 0.0183 0.7816 
        D412  5 0.2590 0.1279 0.2175 0.1844 0.2112 
        D413  5 0.7504 0.1020 0.0669 0.0370 0.0438 
        D414  5 0.3778 0.1531 0.3721 0.0504 0.0465 
        D420  5 0.1076 0.0481 0.5630 0.0880 0.1932 
        D431  5 0.1679 0.0247 0.4975 0.2089 0.1010 
        D432  5 0.0766 0.0961 0.0315 0.6100 0.1859 
        D433  5 0.0772 0.0734 0.0559 0.7391 0.0544 
        D434  5 0.0457 0.1568 0.0575 0.6667 0.0733 
        D440  5 0.0353 0.5009 0.3811 0.0363 0.0464 
        D447  5 0.1052 0.5380 0.2391 0.0308 0.0870 
        D448  5 0.0563 0.0550 0.1132 0.7563 0.0192 
        D459  5 0.8201 0.0882 0.0434 0.0267 0.0216 
        D460  5 0.0239 0.1010 0.0218 0.0949 0.7583 
        D461  5 0.0284 0.7133 0.1805 0.0520 0.0257 
        D468  5 0.0745 0.2473 0.2995 0.3041 0.0746 
        D469  5 0.0468 0.5764 0.1285 0.1374 0.1109 
        D470  5 0.0631 0.1239 0.4635 0.1530 0.1965 
        D471  5 0.0855 0.0767 0.0908 0.7244 0.0226 
        D472  5 0.1728 0.7613 0.0255 0.0197 0.0207 
        D479  5 0.8353 0.0313 0.0716 0.0312 0.0306 
        D485  5 0.1021 0.0833 0.5308 0.1897 0.0941 
        D486  5 0.0566 0.1673 0.4876 0.1743 0.1142 
        D487  5 0.3923 0.0500 0.1106 0.3897 0.0574 
        D555  5 0.0514 0.0314 0.0225 0.8695 0.0252 
        D556  5 0.1734 0.0953 0.2819 0.3356 0.1138 
        D557  5 0.0326 0.0427 0.0220 0.8851 0.0176 
        D564  5 0.0487 0.1275 0.1097 0.5375 0.1765 
        D594  5 0.1434 0.2789 0.2370 0.2472 0.0936 
        D595  5 0.1257 0.1711 0.1525 0.4690 0.0817 
        D596  5 0.0246 0.0175 0.0203 0.9102 0.0273 
        D597  5 0.3443 0.2454 0.0537 0.3228 0.0339 
        D598  5 0.0726 0.1494 0.0817 0.4783 0.2180 
        D617  5 0.2076 0.0311 0.1243 0.0253 0.6116 
        D618  5 0.1206 0.1199 0.0640 0.6406 0.0550 
        D619  5 0.0595 0.2789 0.0584 0.2681 0.3350 
        D620  5 0.8930 0.0423 0.0136 0.0321 0.0189 
        D628  5 0.0650 0.2117 0.2774 0.1835 0.2624 
        D714  5 0.2721 0.0269 0.1547 0.4954 0.0510 
        D715  5 0.0945 0.0928 0.0459 0.7276 0.0391 
        D716  5 0.2398 0.1400 0.4196 0.1662 0.0344 
        D717  5 0.0593 0.4871 0.1153 0.2143 0.1240 
        D718  5 0.0755 0.0216 0.6802 0.1459 0.0767 
        D769  5 0.1659 0.0378 0.1864 0.0402 0.5697 
        D770  5 0.4286 0.0716 0.2383 0.2000 0.0616 
        D771  5 0.3544 0.0955 0.2827 0.1457 0.1216 
        D772  5 0.0848 0.1333 0.2328 0.4886 0.0605 
        D782  5 0.2426 0.1418 0.1880 0.0471 0.3805 
        D783  5 0.5149 0.0578 0.2178 0.1719 0.0376 
        D784  5 0.0662 0.6769 0.0966 0.1024 0.0579 
        D785  5 0.0298 0.0477 0.0746 0.7855 0.0624 
        D786  5 0.0426 0.2318 0.1212 0.0250 0.5792 
        D821  5 0.0127 0.0216 0.0167 0.9387 0.0103 
        D822  5 0.1081 0.4922 0.1568 0.1769 0.0661 
        D826  5 0.3161 0.0730 0.1108 0.4399 0.0602 
        D827  5 0.0929 0.5190 0.2922 0.0479 0.0480 
        D851  5 0.1042 0.2101 0.2966 0.2343 0.1548 
        D852  5 0.3416 0.0623 0.0782 0.3464 0.1715 
        D853  5 0.1138 0.1309 0.3140 0.3647 0.0766 
        D854  5 0.2494 0.1670 0.4840 0.0340 0.0656 
        D861  5 0.2619 0.1161 0.2429 0.2456 0.1335 
        D862  5 0.0375 0.2978 0.1771 0.4415 0.0461 
        D865  5 0.0629 0.0318 0.0370 0.8159 0.0524 
        D868  5 0.0371 0.7347 0.0740 0.1152 0.0390 
        D869  5 0.0342 0.0471 0.0690 0.0398 0.8098 
        D870  5 0.0328 0.0534 0.8396 0.0173 0.0569 
        D907  5 0.0388 0.0304 0.0920 0.7656 0.0731 
        D908  5 0.4790 0.0327 0.0477 0.3591 0.0815 
        D910  5 0.2982 0.0852 0.0800 0.5097 0.0269 
        D911  5 0.6740 0.1103 0.1436 0.0495 0.0226 
        D934  5 0.4514 0.0951 0.2738 0.1355 0.0442 
        D946  5 0.2470 0.0555 0.4118 0.1627 0.1230 
        D947  5 0.0999 0.2796 0.4846 0.0613 0.0746 
        D948  5 0.0274 0.0571 0.0193 0.1118 0.7844 
        D949  5 0.0201 0.0465 0.0295 0.0834 0.8205 
        D950  5 0.7417 0.1027 0.0863 0.0477 0.0217 
        D951  5 0.0348 0.6161 0.2603 0.0458 0.0430 
        D952  5 0.0598 0.6730 0.0593 0.1555 0.0524 
        D953  5 0.0496 0.0920 0.0538 0.7528 0.0518 
        D954  5 0.0406 0.4928 0.0621 0.3621 0.0424 
        D961  5 0.0799 0.0501 0.5205 0.2678 0.0817 
        D962  5 0.0150 0.0777 0.1102 0.7646 0.0324 
        D963  5 0.0678 0.4567 0.1146 0.3242 0.0367 
        D964  5 0.1289 0.0656 0.5369 0.1095 0.1591 
        D965  5 0.1945 0.1410 0.4488 0.1357 0.0801 
        D966  5 0.2144 0.2722 0.0758 0.3893 0.0482 
        D967  5 0.3298 0.0750 0.1207 0.2885 0.1861 
        D991  5 0.0488 0.1797 0.2089 0.2366 0.3259 
        D502  6 0.1749 0.0351 0.7031 0.0203 0.0666 
        D503  6 0.5134 0.0282 0.1664 0.0608 0.2313 
        D504  6 0.0931 0.5381 0.1222 0.1320 0.1146 
        D505  6 0.1576 0.1225 0.1983 0.4258 0.0959 
        D506  6 0.0168 0.0230 0.0310 0.9066 0.0225 
        D507  6 0.2772 0.1537 0.3161 0.0648 0.1883 
        D508  6 0.1214 0.2619 0.5202 0.0473 0.0492 
        D529  6 0.0818 0.1764 0.3178 0.1897 0.2343 
        D530  6 0.0796 0.0351 0.4243 0.2515 0.2095 
        D531  6 0.0964 0.3408 0.3425 0.1556 0.0647 
        D532  6 0.0936 0.2455 0.2346 0.3811 0.0453 
        D534  6 0.0435 0.0580 0.0525 0.0231 0.8230 
        D535  6 0.0519 0.2665 0.0929 0.4355 0.1533 
        D536  6 0.7619 0.0330 0.1064 0.0212 0.0775 
        D554  6 0.0425 0.0567 0.3211 0.4502 0.1295 
        D587  6 0.0419 0.1242 0.0431 0.7501 0.0407 
        D588  6 0.0677 0.2547 0.0774 0.5035 0.0966 
        D589  6 0.4352 0.0586 0.2435 0.1581 0.1045 
        D590  6 0.7798 0.0555 0.0469 0.0442 0.0735 
        D591  6 0.2425 0.1054 0.3058 0.2324 0.1140 
        D592  6 0.0443 0.0467 0.0243 0.0426 0.8422 
        D593  6 0.0505 0.0265 0.5882 0.2815 0.0532 
        D682  6 0.0336 0.0261 0.0368 0.8732 0.0302 
        D683  6 0.0333 0.5447 0.1096 0.2469 0.0655 
        D684  6 0.2417 0.0670 0.3726 0.0217 0.2971 
        D685  6 0.1442 0.0204 0.7304 0.0389 0.0662 
        D686  6 0.0401 0.0505 0.2219 0.6387 0.0488 
        D724  6 0.1209 0.2212 0.5164 0.0338 0.1076 
        D725  6 0.2430 0.0689 0.4274 0.1962 0.0645 
        D726  6 0.0135 0.0283 0.0325 0.8993 0.0265 
        D727  6 0.4525 0.2917 0.0834 0.0953 0.0772 
        D728  6 0.0330 0.0602 0.1352 0.7191 0.0526 
        D729  6 0.1722 0.3567 0.0568 0.0199 0.3944 
        D730  6 0.2245 0.2238 0.2900 0.0567 0.2049 
        D731  6 0.1567 0.0183 0.0295 0.7744 0.0211 
        D732  6 0.1082 0.4924 0.2459 0.0860 0.0675 
        D733  6 0.0940 0.1575 0.3142 0.1523 0.2819 
     D237251  7 0.5263 0.0732 0.2578 0.0779 0.0648 
     D237252  7 0.2097 0.0752 0.3348 0.0354 0.3450 
     D237253  7 0.3214 0.0710 0.3441 0.2232 0.0404 
     D237254  7 0.0413 0.0311 0.2643 0.0187 0.6446 
     D237255  7 0.8056 0.0349 0.0880 0.0510 0.0205 
     D237256  7 0.4536 0.0768 0.3970 0.0510 0.0216 
     D237257  7 0.0680 0.0566 0.7003 0.0339 0.1412 
     D237282  7 0.0932 0.6905 0.0758 0.0254 0.1151 
     D237283  7 0.0439 0.0148 0.1355 0.0321 0.7737 
     D237284  7 0.0316 0.0717 0.1598 0.0256 0.7113 
     D237285  7 0.1936 0.0633 0.4595 0.2269 0.0566 
     D237286  7 0.1473 0.2907 0.2407 0.2396 0.0818 
     D237287  7 0.5115 0.1454 0.2072 0.0636 0.0722 
     D244006  7 0.0249 0.0301 0.1062 0.0210 0.8179 
     D244007  7 0.4802 0.2372 0.1465 0.0682 0.0679 
     D244008  7 0.0373 0.0289 0.2069 0.0697 0.6572 
     D244009  7 0.0344 0.1579 0.1962 0.1085 0.5030 
     D244010  7 0.0615 0.0322 0.7542 0.0352 0.1168 
     D244011  7 0.1292 0.0460 0.4277 0.3029 0.0942 
     D244012  7 0.2305 0.1088 0.5379 0.0373 0.0854 
     D244013  7 0.4387 0.1165 0.0905 0.2830 0.0713 
     D244014  7 0.2244 0.0645 0.2127 0.0739 0.4245 
     D244015  7 0.0750 0.1149 0.3933 0.0329 0.3840 
     D244125  7 0.2094 0.2251 0.0958 0.4158 0.0540 
     D244126  7 0.0241 0.0226 0.1472 0.0168 0.7893 
     D244130  7 0.1129 0.1071 0.2751 0.1076 0.3973 
     D244131  7 0.0832 0.3063 0.0870 0.3501 0.1735 
     D244132  7 0.0427 0.4028 0.1239 0.3539 0.0766 
        D520  7 0.0282 0.0431 0.6841 0.1120 0.1326 
        D521  7 0.1284 0.2169 0.4301 0.0879 0.1368 
        D522  7 0.0381 0.2045 0.0446 0.0688 0.6440 
        D523  7 0.6393 0.0319 0.1805 0.1001 0.0482 
        D524  7 0.3160 0.1140 0.1595 0.2183 0.1923 
        D525  7 0.2518 0.0379 0.0784 0.0439 0.5881 
        D526  7 0.0378 0.0599 0.1710 0.0190 0.7123 
        D527  7 0.0783 0.3318 0.2910 0.1288 0.1701 
        D528  7 0.0120 0.0735 0.8663 0.0115 0.0367 
        D558  7 0.1444 0.3983 0.2026 0.0362 0.2185 
        D559  7 0.1601 0.3833 0.3091 0.0212 0.1263 
        D640  7 0.1733 0.1627 0.1250 0.4135 0.1254 
        D641  7 0.2083 0.0314 0.1805 0.3633 0.2166 
        D642  7 0.1819 0.0633 0.1031 0.0671 0.5846 
        D644  7 0.1143 0.1179 0.1230 0.3271 0.3176 
        D645  7 0.2948 0.1436 0.2100 0.2063 0.1453 
        D662  7 0.0165 0.1977 0.0283 0.1037 0.6539 
        D687  7 0.1658 0.1868 0.4822 0.0934 0.0719 
        D688  7 0.1291 0.4180 0.2367 0.0307 0.1854 
        D689  7 0.1550 0.2322 0.1819 0.3063 0.1246 
        D700  7 0.0155 0.1013 0.8494 0.0154 0.0184 
        D797  7 0.1370 0.2319 0.3275 0.1968 0.1068 
        D798  7 0.0344 0.0815 0.1634 0.0432 0.6775 
        D799  7 0.4152 0.0756 0.2301 0.0612 0.2180 
        D800  7 0.1162 0.5853 0.1586 0.0301 0.1099 
        D132  8 0.0285 0.0514 0.0664 0.0409 0.8127 
        D133  8 0.8868 0.0151 0.0394 0.0181 0.0406 
        D200  8 0.0735 0.0495 0.8179 0.0258 0.0332 
        D500  8 0.0131 0.0288 0.0291 0.0219 0.9071 
        D614  8 0.0542 0.1094 0.2508 0.4553 0.1303 
        D723  8 0.1296 0.4041 0.1141 0.0609 0.2913 
        D888  8 0.7856 0.0441 0.0940 0.0440 0.0322 
        D901  8 0.0402 0.0198 0.7414 0.0640 0.1345 
        D902  8 0.0348 0.0377 0.0924 0.7875 0.0476 
        D903  8 0.0526 0.6305 0.1782 0.1133 0.0254 
        D904  8 0.0940 0.4141 0.2028 0.1159 0.1732 
        D905  8 0.6546 0.0160 0.1036 0.2029 0.0229 
        D906  8 0.6213 0.1013 0.1588 0.0440 0.0746 
        D937  8 0.0307 0.0142 0.0417 0.8913 0.0221 
        D943  8 0.0987 0.1090 0.4960 0.0570 0.2392 
        D972  8 0.0835 0.2784 0.2752 0.0387 0.3243 
        D973  8 0.0347 0.7719 0.0607 0.0307 0.1020 
        D974  8 0.1536 0.1820 0.3514 0.1682 0.1448 
        D975  8 0.0735 0.0471 0.7028 0.1335 0.0431 
        D976  8 0.1159 0.0639 0.5095 0.2103 0.1004 
        D201  9 0.3872 0.1364 0.3115 0.0447 0.1202 
        D202  9 0.1175 0.0277 0.7387 0.0538 0.0623 
     D237259  9 0.1255 0.2882 0.3932 0.0246 0.1685 
     D237260  9 0.4297 0.0236 0.3617 0.0492 0.1356 
     D237262  9 0.0161 0.0267 0.0489 0.0262 0.8820 
     D237263  9 0.2066 0.0754 0.1614 0.0375 0.5191 
     D237264  9 0.2017 0.0960 0.1802 0.2202 0.3020 
     D237265  9 0.6736 0.0229 0.1873 0.0506 0.0657 
     D237266  9 0.5754 0.0680 0.0228 0.0256 0.3081 
     D237267  9 0.0287 0.0396 0.8069 0.0886 0.0361 
     D237268  9 0.0519 0.0961 0.4626 0.0659 0.3234 
     D237289  9 0.4707 0.0289 0.1372 0.2694 0.0937 
     D237290  9 0.8673 0.0211 0.0618 0.0204 0.0294 
     D237291  9 0.7136 0.0393 0.1013 0.0856 0.0602 
     D237292  9 0.4687 0.0334 0.3710 0.0225 0.1044 
     D237293  9 0.0881 0.1570 0.3522 0.1650 0.2377 
     D237294  9 0.1178 0.0283 0.4647 0.0660 0.3231 
     D237295  9 0.0350 0.3178 0.2255 0.1608 0.2610 
     D237296  9 0.1582 0.0748 0.5326 0.0951 0.1393 
     D237297  9 0.0695 0.0504 0.2313 0.5809 0.0679 
     D237298  9 0.1541 0.3628 0.2303 0.0849 0.1679 
     D237341  9 0.4489 0.1375 0.2315 0.0574 0.1247 
     D237342  9 0.0865 0.0354 0.3662 0.0773 0.4346 
     D237343  9 0.2440 0.0845 0.1789 0.0619 0.4307 
     D237344  9 0.2183 0.0592 0.1724 0.4141 0.1361 
     D237345  9 0.0524 0.0331 0.1640 0.0176 0.7329 
     D237346  9 0.5005 0.0439 0.0941 0.1420 0.2195 
     D237347  9 0.1273 0.0647 0.0848 0.6701 0.0532 
     D237348  9 0.2090 0.1017 0.1943 0.1178 0.3772 
     D237349  9 0.4194 0.3130 0.0373 0.0265 0.2038 
     D244109  9 0.6973 0.0646 0.1350 0.0152 0.0879 
     D244110  9 0.7654 0.0487 0.1063 0.0271 0.0524 
     D244111  9 0.2988 0.1515 0.3920 0.0674 0.0902 
     D244128  9 0.0533 0.0295 0.5466 0.0224 0.3482 
     D244137  9 0.0958 0.5692 0.0678 0.0633 0.2040 
     D244138  9 0.3606 0.0448 0.2867 0.1133 0.1946 
        D580  9 0.0225 0.0525 0.6984 0.0332 0.1933 
        D581  9 0.7901 0.0258 0.1211 0.0171 0.0460 
        D582  9 0.0173 0.0182 0.3972 0.0177 0.5496 
        D583  9 0.7222 0.0215 0.0393 0.0287 0.1885 
        D584  9 0.0557 0.0299 0.3130 0.3353 0.2662 
        D585  9 0.1850 0.0287 0.4021 0.0247 0.3594 
        D586  9 0.7704 0.0342 0.0389 0.1201 0.0365 
        D651  9 0.1568 0.5148 0.0703 0.1581 0.1000 
        D652  9 0.1284 0.2498 0.0401 0.0255 0.5562 
        D653  9 0.4087 0.2297 0.2180 0.0798 0.0637 
        D654  9 0.2913 0.2482 0.0670 0.0384 0.3551 
        D655  9 0.2946 0.1192 0.1814 0.3207 0.0840 
        D656  9 0.0377 0.0376 0.0911 0.0328 0.8007 
        D657  9 0.1253 0.0829 0.4228 0.0796 0.2894 
        D667  9 0.1956 0.0787 0.1509 0.4845 0.0903 
        D668  9 0.1436 0.0501 0.1533 0.1104 0.5426 
        D669  9 0.3597 0.0641 0.4555 0.0441 0.0766 
        D670  9 0.0519 0.7064 0.1243 0.0442 0.0732 
        D671  9 0.6469 0.0680 0.1282 0.0676 0.0893 
        D672  9 0.0740 0.0409 0.4370 0.0300 0.4181 
        D673  9 0.0856 0.1366 0.2619 0.2535 0.2624 
        D692  9 0.2893 0.0610 0.3540 0.0345 0.2613 
        D693  9 0.0911 0.1455 0.2738 0.2550 0.2345 
        D694  9 0.0449 0.0244 0.4486 0.0366 0.4455 
        D695  9 0.0556 0.2457 0.0806 0.0648 0.5532 
        D696  9 0.0178 0.0170 0.0276 0.9237 0.0139 
        D697  9 0.1445 0.1073 0.0670 0.5468 0.1344 
        D698  9 0.3973 0.0429 0.1321 0.3287 0.0990 
        D699  9 0.0980 0.0256 0.2392 0.5353 0.1019 
        D787  9 0.1683 0.4457 0.0367 0.0291 0.3202 
        D788  9 0.0274 0.0577 0.4182 0.4239 0.0729 
        D789  9 0.1042 0.0289 0.6377 0.0972 0.1320 
        D790  9 0.2649 0.2248 0.0644 0.1109 0.3350 
        D791  9 0.4974 0.0268 0.2950 0.1293 0.0516 
        D792  9 0.2513 0.3752 0.0431 0.0667 0.2638 
        D793  9 0.0736 0.1816 0.0419 0.6316 0.0713 
        D794  9 0.1820 0.2482 0.0868 0.3462 0.1367 
        D795  9 0.0467 0.0162 0.3498 0.1158 0.4715 
        D796  9 0.3914 0.0365 0.4134 0.0904 0.0683 
        D142 10 0.1763 0.1222 0.4295 0.2289 0.0431 
        D143 10 0.7891 0.0443 0.0300 0.0660 0.0705 
        D144 10 0.1123 0.1479 0.2250 0.2902 0.2245 
        D145 10 0.6472 0.0635 0.1850 0.0526 0.0517 
        D146 10 0.0349 0.0503 0.4202 0.0613 0.4334 
        D147 10 0.0420 0.0616 0.8228 0.0190 0.0546 
        D148 10 0.0384 0.0627 0.8268 0.0554 0.0167 
        D149 10 0.7838 0.0586 0.0813 0.0342 0.0421 
        D151 10 0.0922 0.0286 0.7754 0.0668 0.0370 
        D152 10 0.9000 0.0190 0.0481 0.0148 0.0181 
        D153 10 0.0355 0.4868 0.2056 0.1879 0.0841 
        D156 10 0.0832 0.5897 0.2511 0.0384 0.0377 
        D157 10 0.0451 0.0480 0.2083 0.4923 0.2062 
        D158 10 0.1089 0.0194 0.7269 0.1093 0.0354 
        D159 10 0.8886 0.0262 0.0286 0.0320 0.0245 
        D160 10 0.3866 0.0161 0.0250 0.5528 0.0195 
        D161 10 0.1291 0.3476 0.1786 0.2083 0.1364 
        D162 10 0.1631 0.5119 0.1778 0.1101 0.0371 
        D169 10 0.0529 0.0406 0.0416 0.0377 0.8273 
        D170 10 0.0434 0.0799 0.1139 0.0772 0.6855 
        D171 10 0.0470 0.0677 0.5519 0.2601 0.0733 
        D172 10 0.1167 0.2734 0.3900 0.0763 0.1436 
