        D174  1 0.0820 0.0713 0.0796 0.0157 0.0660 0.0257 0.0814 0.3670 0.0324 0.0800 0.0455 0.0534 
        D199  1 0.0878 0.0281 0.0300 0.0316 0.1174 0.1277 0.0356 0.1162 0.1183 0.0349 0.1304 0.1419 
        D203  1 0.0370 0.0739 0.1004 0.0317 0.0602 0.0803 0.2376 0.0440 0.0777 0.0191 0.1825 0.0557 
        D204  1 0.0199 0.0338 0.0209 0.0797 0.0317 0.0240 0.0490 0.0239 0.0773 0.0288 0.5855 0.0253 
     D237366  1 0.4225 0.0187 0.1293 0.0702 0.0636 0.0443 0.0558 0.0488 0.0343 0.0217 0.0439 0.0468 
     D237367  1 0.1415 0.0474 0.0651 0.0329 0.0984 0.0225 0.2228 0.0396 0.1226 0.0789 0.0976 0.0307 
     D237368  1 0.2949 0.0333 0.0250 0.0339 0.0765 0.0269 0.1405 0.0957 0.0496 0.0376 0.1566 0.0294 
     D244101  1 0.0215 0.0266 0.0232 0.3932 0.0556 0.1123 0.0383 0.0164 0.1331 0.0334 0.1118 0.0344 
     D244102  1 0.0464 0.1490 0.0479 0.0524 0.0576 0.0498 0.2432 0.0294 0.0330 0.0642 0.0629 0.1642 
     D244103  1 0.1530 0.0424 0.1658 0.0293 0.1398 0.0369 0.0676 0.0404 0.0460 0.1147 0.0987 0.0653 
     D244104  1 0.0337 0.0273 0.0244 0.0254 0.0383 0.0312 0.0220 0.0488 0.0303 0.0968 0.6028 0.0189 
     D244105  1 0.2146 0.0783 0.3130 0.0201 0.1560 0.0324 0.0547 0.0195 0.0251 0.0318 0.0280 0.0265 
     D244106  1 0.0219 0.0316 0.1316 0.0245 0.0616 0.0366 0.0394 0.4316 0.0705 0.0257 0.0644 0.0606 
     D244107  1 0.2967 0.1662 0.0326 0.0708 0.1442 0.0354 0.0637 0.0164 0.0712 0.0417 0.0340 0.0271 
     D244108  1 0.0279 0.2517 0.0313 0.0321 0.0608 0.0462 0.0696 0.2993 0.0380 0.0316 0.0365 0.0751 
     D244113  1 0.0274 0.0289 0.0193 0.0660 0.0401 0.0213 0.0961 0.2406 0.0269 0.1124 0.0161 0.3048 
     D244114  1 0.0408 0.0401 0.3273 0.0377 0.1978 0.1029 0.0344 0.0594 0.0305 0.0336 0.0402 0.0552 
     D244115  1 0.0435 0.1829 0.0495 0.0268 0.1940 0.0296 0.0399 0.2030 0.0259 0.0404 0.1243 0.0403 
     D267365  1 0.1153 0.0357 0.0315 0.0370 0.0806 0.2035 0.0335 0.1071 0.0304 0.0363 0.2239 0.0654 
        D404  1 0.0213 0.0611 0.0239 0.0881 0.0428 0.0227 0.1114 0.2296 0.0445 0.0526 0.0226 0.2795 
        D405  1 0.0262 0.0423 0.0303 0.0336 0.0470 0.0336 0.0401 0.0318 0.0369 0.0455 0.0846 0.5481 
        D406  1 0.5456 0.0736 0.0330 0.0434 0.0396 0.0227 0.0722 0.0527 0.0252 0.0152 0.0548 0.0220 
        D407  1 0.2012 0.0207 0.0262 0.0182 0.0518 0.0208 0.0248 0.0361 0.2383 0.1116 0.2168 0.0335 
        D408  1 0.0267 0.0583 0.0245 0.0349 0.0399 0.1417 0.0375 0.2936 0.0189 0.2168 0.0576 0.0497 
        D409  1 0.0732 0.0686 0.1003 0.0362 0.2544 0.0557 0.0650 0.0359 0.0317 0.0999 0.1030 0.0762 
        D410  1 0.0209 0.6891 0.0266 0.0351 0.0324 0.0176 0.0353 0.0207 0.0144 0.0239 0.0612 0.0226 
        D421  1 0.0159 0.0127 0.0141 0.0120 0.0236 0.0169 0.0131 0.0230 0.0908 0.0204 0.7469 0.0106 
        D422  1 0.6754 0.0340 0.0490 0.0190 0.0448 0.0303 0.0215 0.0138 0.0316 0.0238 0.0369 0.0199 
        D423  1 0.0581 0.5399 0.0516 0.0226 0.0472 0.0201 0.0427 0.0200 0.1094 0.0170 0.0418 0.0297 
        D424  1 0.1022 0.0248 0.0485 0.0219 0.0770 0.0157 0.0275 0.0384 0.0285 0.0317 0.5604 0.0235 
        D425  1 0.0330 0.1194 0.0683 0.0302 0.1303 0.0712 0.0607 0.0698 0.0342 0.0475 0.2046 0.1309 
        D426  1 0.1434 0.0167 0.1054 0.0224 0.2847 0.1316 0.0193 0.0317 0.0264 0.1636 0.0366 0.0182 
        D427  1 0.0221 0.0159 0.0175 0.0174 0.0274 0.0230 0.0253 0.1285 0.2917 0.0277 0.3685 0.0349 
        D428  1 0.0836 0.0807 0.0195 0.0749 0.1071 0.0318 0.0573 0.1597 0.0847 0.0665 0.1209 0.1133 
        D429  1 0.0327 0.0316 0.1283 0.0277 0.0588 0.0443 0.0437 0.0994 0.0296 0.0162 0.4018 0.0859 
        D430  1 0.0457 0.0457 0.1220 0.0267 0.1340 0.0768 0.1215 0.1297 0.0725 0.0571 0.0888 0.0795 
        D491  1 0.0260 0.0422 0.0257 0.0323 0.0459 0.0425 0.0325 0.5501 0.0129 0.0724 0.0837 0.0337 
        D492  1 0.1008 0.0407 0.0479 0.0569 0.1448 0.0248 0.0604 0.1107 0.0957 0.0283 0.2035 0.0856 
        D537  1 0.1266 0.0702 0.0845 0.0725 0.0664 0.0194 0.0328 0.0266 0.0892 0.0881 0.2202 0.1035 
        D538  1 0.0500 0.0716 0.0296 0.0334 0.0765 0.0252 0.4907 0.0573 0.0456 0.0266 0.0475 0.0461 
        D539  1 0.0423 0.0418 0.1952 0.0391 0.0980 0.2061 0.0801 0.1128 0.0289 0.0523 0.0300 0.0734 
        D540  1 0.0615 0.0552 0.0361 0.0257 0.1087 0.0630 0.0573 0.0184 0.0256 0.2854 0.2068 0.0563 
        D541  1 0.0177 0.0169 0.0137 0.0157 0.0228 0.0174 0.0206 0.0130 0.0219 0.0185 0.8092 0.0125 
        D551  1 0.0838 0.0214 0.2472 0.0209 0.1999 0.1299 0.0290 0.0365 0.0992 0.0661 0.0268 0.0393 
        D552  1 0.0946 0.1520 0.0472 0.0649 0.1268 0.0463 0.0437 0.1624 0.0310 0.0703 0.1389 0.0220 
        D553  1 0.0157 0.0146 0.0140 0.0147 0.0156 0.0185 0.0145 0.0166 0.0142 0.0213 0.8291 0.0113 
        D615  1 0.0289 0.0809 0.0541 0.0197 0.0634 0.0463 0.0968 0.0495 0.0457 0.0325 0.4204 0.0619 
        D616  1 0.0618 0.1220 0.0667 0.0232 0.1334 0.0716 0.0437 0.0577 0.1010 0.0564 0.2358 0.0268 
        D621  1 0.2180 0.1424 0.0360 0.2860 0.0410 0.0263 0.0282 0.0644 0.0239 0.0655 0.0159 0.0523 
        D622  1 0.4189 0.0996 0.1057 0.0396 0.0577 0.0312 0.0554 0.0426 0.0273 0.0681 0.0324 0.0214 
        D623  1 0.0253 0.0647 0.0175 0.1614 0.0434 0.0557 0.0591 0.2252 0.1114 0.0360 0.0211 0.1792 
        D624  1 0.0333 0.0204 0.0425 0.0134 0.0590 0.0282 0.0214 0.6872 0.0169 0.0235 0.0306 0.0236 
        D625  1 0.0605 0.0672 0.0512 0.0506 0.0778 0.0277 0.0620 0.0473 0.0228 0.0339 0.4767 0.0223 
        D626  1 0.0656 0.0804 0.0687 0.0209 0.0860 0.0374 0.1406 0.2482 0.0288 0.1463 0.0412 0.0359 
        D627  1 0.0951 0.0176 0.1220 0.0256 0.2158 0.1795 0.0841 0.0421 0.0259 0.0472 0.1269 0.0182 
        D690  1 0.0405 0.0498 0.0158 0.0221 0.0229 0.0156 0.0255 0.0375 0.0149 0.0216 0.7188 0.0150 
        D691  1 0.5283 0.0476 0.1296 0.0266 0.0362 0.0335 0.0368 0.0427 0.0334 0.0249 0.0479 0.0127 
        D710  1 0.0900 0.0648 0.0222 0.1285 0.1096 0.0371 0.0804 0.0868 0.0369 0.0686 0.2361 0.0391 
        D711  1 0.0355 0.0294 0.0239 0.0352 0.0297 0.0188 0.0735 0.0313 0.0217 0.0117 0.6638 0.0254 
        D712  1 0.0841 0.0373 0.0294 0.0528 0.0787 0.0733 0.0755 0.3697 0.0292 0.0608 0.0321 0.0771 
        D713  1 0.1003 0.0466 0.0922 0.1319 0.0954 0.0237 0.0372 0.1045 0.0272 0.0564 0.0718 0.2128 
        D746  1 0.5909 0.0419 0.0513 0.0270 0.0436 0.0197 0.0255 0.0301 0.0310 0.0450 0.0804 0.0135 
        D747  1 0.0140 0.0176 0.0163 0.0237 0.0183 0.0206 0.0171 0.0155 0.0289 0.0130 0.8013 0.0138 
        D748  1 0.2047 0.0720 0.3004 0.0637 0.0406 0.0324 0.0574 0.0355 0.0235 0.0463 0.1045 0.0189 
        D749  1 0.2213 0.0505 0.0869 0.0613 0.2416 0.0284 0.0439 0.0891 0.0304 0.0248 0.0283 0.0934 
        D750  1 0.0454 0.0701 0.0396 0.0563 0.0396 0.0246 0.0190 0.4568 0.0240 0.0267 0.1698 0.0282 
        D763  1 0.0890 0.0329 0.0941 0.1567 0.1013 0.1407 0.0381 0.0194 0.1091 0.1333 0.0568 0.0286 
        D764  1 0.0531 0.0969 0.0245 0.0187 0.0553 0.0229 0.0252 0.1721 0.0200 0.0366 0.4581 0.0165 
        D765  1 0.0498 0.5290 0.0541 0.0141 0.0753 0.0267 0.0519 0.0859 0.0134 0.0240 0.0263 0.0494 
        D766  1 0.1178 0.3459 0.0586 0.1037 0.0712 0.0195 0.0344 0.0385 0.0499 0.0959 0.0369 0.0277 
        D767  1 0.0430 0.0450 0.0666 0.0809 0.0458 0.0239 0.4632 0.0264 0.0442 0.0255 0.0582 0.0773 
        D768  1 0.0320 0.0222 0.0363 0.0164 0.0283 0.0209 0.0169 0.0140 0.0273 0.0213 0.7458 0.0185 
        D811  1 0.0184 0.1178 0.0234 0.0192 0.0375 0.0230 0.0776 0.0628 0.0168 0.3911 0.0170 0.1952 
        D816  1 0.0209 0.0234 0.0190 0.0198 0.0220 0.0202 0.0192 0.0212 0.0203 0.0139 0.7732 0.0267 
        D825  1 0.0320 0.3903 0.0404 0.0198 0.0812 0.0176 0.0800 0.1006 0.0180 0.0579 0.0734 0.0888 
        D866  1 0.0251 0.0627 0.0500 0.0180 0.0884 0.3309 0.0500 0.1405 0.0615 0.0524 0.0508 0.0698 
        D867  1 0.5677 0.0342 0.0304 0.1100 0.0432 0.0196 0.0188 0.0190 0.0461 0.0421 0.0161 0.0528 
        D871  1 0.0670 0.0341 0.1298 0.0343 0.2129 0.0581 0.1480 0.0662 0.0273 0.1209 0.0758 0.0255 
        D872  1 0.0341 0.0819 0.0200 0.0275 0.0562 0.0212 0.5601 0.0332 0.0385 0.0262 0.0587 0.0423 
        D873  1 0.0286 0.6385 0.0165 0.0394 0.0330 0.0114 0.0354 0.0139 0.0249 0.0199 0.0117 0.1268 
        D874  1 0.0167 0.0180 0.0328 0.6426 0.0355 0.0253 0.0243 0.0644 0.0197 0.0327 0.0555 0.0325 
        D875  1 0.1511 0.1166 0.1971 0.0308 0.2284 0.0327 0.0555 0.0236 0.0176 0.0936 0.0330 0.0200 
        D876  1 0.0581 0.0484 0.0418 0.0880 0.0816 0.0552 0.1061 0.0858 0.0218 0.0491 0.3390 0.0251 
        D877  1 0.0157 0.0338 0.0293 0.0911 0.0752 0.0228 0.1593 0.1523 0.0253 0.0550 0.0316 0.3087 
        D892  1 0.1690 0.0396 0.1682 0.0304 0.0542 0.0273 0.1581 0.1729 0.0210 0.0182 0.1106 0.0307 
        D893  1 0.0578 0.0414 0.0590 0.0367 0.0765 0.0703 0.0426 0.0159 0.0391 0.0386 0.4969 0.0251 
        D894  1 0.0305 0.0227 0.0552 0.0299 0.0517 0.0249 0.0401 0.0328 0.0195 0.0203 0.6472 0.0250 
        D915  1 0.0733 0.1520 0.1484 0.0255 0.0552 0.0322 0.0436 0.0439 0.0368 0.0351 0.3205 0.0336 
        D916  1 0.0162 0.0146 0.0180 0.0172 0.0149 0.0121 0.0173 0.0156 0.0143 0.0144 0.8361 0.0095 
        D917  1 0.0571 0.0292 0.0251 0.1233 0.0924 0.1463 0.0388 0.1288 0.0372 0.0366 0.1101 0.1752 
        D925  1 0.0564 0.3898 0.0161 0.0205 0.0432 0.0414 0.0365 0.0764 0.0171 0.0380 0.2223 0.0423 
        D926  1 0.0504 0.0439 0.0958 0.0571 0.2068 0.0446 0.0450 0.0448 0.0253 0.0315 0.3192 0.0356 
        D927  1 0.0839 0.0259 0.0538 0.0339 0.1085 0.1117 0.0721 0.0494 0.2294 0.0339 0.1576 0.0399 
        D928  1 0.0117 0.0349 0.0104 0.0237 0.0258 0.0162 0.0300 0.6776 0.0200 0.0193 0.0958 0.0345 
        D929  1 0.0402 0.0228 0.0303 0.1621 0.0270 0.0197 0.5116 0.0343 0.0162 0.0244 0.0290 0.0826 
        D936  1 0.0299 0.0332 0.0629 0.1616 0.0525 0.0907 0.0245 0.0238 0.0496 0.0240 0.4066 0.0407 
        D938  1 0.5386 0.1022 0.0417 0.0724 0.0365 0.0186 0.0290 0.0267 0.0221 0.0732 0.0205 0.0186 
        D956  1 0.0212 0.0512 0.0730 0.0338 0.0712 0.0235 0.0704 0.4684 0.0277 0.0338 0.0565 0.0693 
        D957  1 0.0416 0.3108 0.0321 0.0434 0.0555 0.0242 0.3041 0.0392 0.0254 0.0160 0.0506 0.0571 
        D958  1 0.0654 0.2019 0.0419 0.0698 0.0640 0.0197 0.1861 0.1538 0.0491 0.0443 0.0766 0.0275 
        D959  1 0.2370 0.0241 0.0337 0.0170 0.0802 0.0170 0.0158 0.0293 0.2386 0.0932 0.1755 0.0384 
        D960  1 0.4676 0.0766 0.0690 0.0302 0.0757 0.0212 0.0336 0.0430 0.0225 0.0130 0.0305 0.1170 
        D989  1 0.0389 0.0242 0.0348 0.0295 0.0624 0.0853 0.0349 0.4763 0.0570 0.0431 0.0477 0.0657 
        D990  1 0.0303 0.4712 0.0261 0.0216 0.0935 0.1413 0.0674 0.0659 0.0314 0.0204 0.0168 0.0142 
        D023  2 0.7886 0.0160 0.0131 0.0164 0.0223 0.0176 0.0136 0.0151 0.0204 0.0189 0.0459 0.0121 
        D130  2 0.5126 0.0242 0.0600 0.0186 0.0417 0.0177 0.1314 0.0169 0.0451 0.0219 0.0587 0.0510 
        D131  2 0.0342 0.0752 0.0629 0.0578 0.1469 0.0640 0.0836 0.0437 0.0800 0.1595 0.1721 0.0201 
        D163  2 0.5663 0.0336 0.0475 0.0441 0.0739 0.0385 0.0308 0.0416 0.0171 0.0216 0.0661 0.0189 
        D164  2 0.0313 0.3215 0.0203 0.0198 0.0225 0.0180 0.0181 0.0123 0.4478 0.0244 0.0127 0.0513 
        D165  2 0.7353 0.0218 0.0180 0.0270 0.0249 0.0273 0.0175 0.0180 0.0239 0.0293 0.0407 0.0163 
        D166  2 0.0377 0.0507 0.0914 0.0671 0.1373 0.0475 0.2953 0.0166 0.0337 0.0941 0.0321 0.0966 
        D167  2 0.0118 0.0141 0.0123 0.0117 0.0187 0.0161 0.0196 0.0263 0.4441 0.0127 0.0143 0.3984 
        D192  2 0.0122 0.0143 0.0129 0.0172 0.0162 0.0237 0.0144 0.0192 0.5099 0.0165 0.0119 0.3317 
        D193  2 0.0169 0.0250 0.0674 0.0373 0.0450 0.0370 0.0380 0.0366 0.0220 0.0177 0.0191 0.6382 
        D206  2 0.0650 0.0268 0.0804 0.0253 0.0843 0.0295 0.0280 0.0226 0.2578 0.2805 0.0415 0.0583 
        D207  2 0.0317 0.0256 0.0452 0.0198 0.0815 0.0582 0.0572 0.0237 0.3891 0.0352 0.0349 0.1980 
        D208  2 0.0229 0.0357 0.0591 0.0355 0.0518 0.2626 0.0774 0.1077 0.0469 0.1838 0.0500 0.0667 
        D209  2 0.0388 0.0459 0.0279 0.0863 0.1736 0.0307 0.0355 0.0235 0.2184 0.0690 0.0309 0.2194 
        D210  2 0.0318 0.0240 0.0904 0.0351 0.0447 0.1587 0.0345 0.3637 0.0782 0.0281 0.0704 0.0405 
     D229599  2 0.1118 0.0452 0.0436 0.1264 0.1410 0.1432 0.0567 0.0471 0.0294 0.0344 0.1480 0.0732 
     D229600  2 0.3039 0.0330 0.0594 0.0254 0.0814 0.0309 0.0374 0.0216 0.1969 0.0223 0.0225 0.1652 
     D237227  2 0.0505 0.2144 0.0297 0.0188 0.0619 0.0991 0.0447 0.3097 0.0497 0.0395 0.0594 0.0228 
     D237228  2 0.0154 0.5216 0.0349 0.0172 0.0675 0.0704 0.0218 0.1166 0.0389 0.0261 0.0129 0.0567 
     D237258  2 0.1266 0.0654 0.0336 0.0539 0.1067 0.1033 0.0745 0.0612 0.1070 0.0903 0.0526 0.1249 
     D237310  2 0.0219 0.5326 0.0635 0.0457 0.0586 0.0190 0.0974 0.0331 0.0402 0.0323 0.0113 0.0444 
     D237311  2 0.0335 0.5363 0.0470 0.0171 0.0346 0.0238 0.0573 0.0289 0.1054 0.0247 0.0112 0.0802 
     D237312  2 0.0575 0.2988 0.1516 0.0590 0.0539 0.0242 0.1224 0.0425 0.0251 0.0422 0.0216 0.1014 
     D237313  2 0.0327 0.1395 0.0812 0.0556 0.1363 0.0706 0.0779 0.0638 0.0309 0.1725 0.1095 0.0296 
     D237322  2 0.0304 0.0948 0.0695 0.0900 0.1748 0.1154 0.2229 0.0633 0.0373 0.0396 0.0249 0.0371 
     D237323  2 0.0432 0.4247 0.0357 0.0217 0.0381 0.0410 0.1809 0.1298 0.0266 0.0198 0.0152 0.0233 
     D237324  2 0.1593 0.0364 0.0416 0.0320 0.3435 0.0811 0.0409 0.0162 0.1391 0.0279 0.0494 0.0327 
     D237325  2 0.0686 0.2978 0.1842 0.0476 0.0623 0.0294 0.0848 0.0657 0.0501 0.0262 0.0181 0.0652 
     D237326  2 0.0472 0.6199 0.0294 0.0414 0.0400 0.0247 0.0244 0.0447 0.0363 0.0155 0.0409 0.0357 
     D237327  2 0.0912 0.0289 0.0865 0.0782 0.1388 0.2755 0.0951 0.0349 0.0596 0.0322 0.0441 0.0350 
     D237337  2 0.0245 0.7455 0.0326 0.0166 0.0297 0.0186 0.0305 0.0273 0.0164 0.0236 0.0189 0.0157 
     D237338  2 0.1059 0.1613 0.1252 0.0677 0.0996 0.0760 0.0608 0.1299 0.0681 0.0360 0.0305 0.0389 
     D237339  2 0.0223 0.0271 0.0269 0.4369 0.0815 0.0458 0.0426 0.0180 0.1793 0.0309 0.0247 0.0641 
     D237340  2 0.0587 0.2877 0.0648 0.0274 0.0477 0.0333 0.0676 0.1186 0.1169 0.0283 0.0156 0.1332 
     D237389  2 0.0257 0.4673 0.0650 0.0307 0.0396 0.0172 0.0474 0.0209 0.0668 0.0283 0.0162 0.1750 
     D237390  2 0.0595 0.3140 0.2110 0.0397 0.0399 0.0488 0.0941 0.0534 0.0226 0.0337 0.0191 0.0642 
     D244017  2 0.0340 0.0274 0.0150 0.0179 0.0685 0.0332 0.0569 0.1626 0.1851 0.0169 0.0214 0.3611 
     D244112  2 0.0267 0.0182 0.0303 0.0170 0.0292 0.0170 0.0424 0.0219 0.5121 0.0146 0.0204 0.2502 
     D244118  2 0.1606 0.0334 0.0172 0.0224 0.0237 0.0257 0.0325 0.0280 0.3044 0.0103 0.0116 0.3302 
     D244119  2 0.0178 0.0315 0.0167 0.0117 0.0250 0.0256 0.0231 0.5489 0.1768 0.0202 0.0184 0.0843 
     D244120  2 0.0195 0.0262 0.0663 0.0497 0.0336 0.0534 0.0280 0.0304 0.1734 0.0160 0.0136 0.4899 
     D244122  2 0.0333 0.0207 0.0451 0.0202 0.0393 0.0227 0.0559 0.0292 0.3326 0.0564 0.0349 0.3097 
        D291  2 0.0495 0.0306 0.0241 0.0170 0.0986 0.4425 0.1039 0.0187 0.0245 0.0686 0.0698 0.0522 
        D292  2 0.0268 0.0691 0.0316 0.0335 0.0810 0.2094 0.0543 0.0595 0.1055 0.0243 0.1905 0.1147 
        D293  2 0.0153 0.0162 0.0204 0.0724 0.0629 0.0498 0.0266 0.0188 0.6155 0.0171 0.0686 0.0164 
        D322  2 0.0371 0.0469 0.0270 0.1703 0.0649 0.0398 0.0527 0.0193 0.4116 0.0224 0.0876 0.0203 
        D323  2 0.0226 0.0358 0.0292 0.0562 0.0418 0.0300 0.0680 0.0304 0.0680 0.4921 0.0208 0.1051 
        D324  2 0.0661 0.1137 0.0599 0.0251 0.1040 0.3023 0.0389 0.0524 0.0377 0.0894 0.0901 0.0203 
        D325  2 0.0171 0.0177 0.0297 0.0260 0.0299 0.0496 0.0196 0.0112 0.7376 0.0176 0.0310 0.0129 
        D326  2 0.0136 0.0111 0.0165 0.0194 0.0253 0.0252 0.0187 0.0299 0.0136 0.0204 0.7906 0.0157 
        D340  2 0.0200 0.0250 0.0213 0.0272 0.0230 0.0321 0.0129 0.0245 0.7488 0.0184 0.0242 0.0226 
        D341  2 0.0248 0.0445 0.2567 0.0308 0.0349 0.0395 0.0377 0.0254 0.4084 0.0521 0.0193 0.0262 
        D342  2 0.0729 0.0623 0.0780 0.0188 0.0977 0.0379 0.0887 0.0168 0.2918 0.0517 0.0281 0.1554 
        D343  2 0.0125 0.0117 0.0157 0.0163 0.0148 0.0136 0.0128 0.0113 0.8539 0.0095 0.0177 0.0102 
        D344  2 0.0158 0.0478 0.0466 0.2655 0.1059 0.0259 0.1155 0.0200 0.0411 0.0330 0.1018 0.1812 
        D345  2 0.0617 0.1908 0.0238 0.2214 0.1714 0.0530 0.0295 0.0282 0.0331 0.0752 0.0697 0.0423 
        D346  2 0.0291 0.0318 0.0449 0.0381 0.0434 0.0441 0.0226 0.2667 0.0445 0.3543 0.0465 0.0342 
        D351  2 0.0608 0.0588 0.0609 0.0597 0.1122 0.1452 0.1298 0.0270 0.0838 0.0543 0.1821 0.0253 
        D352  2 0.0203 0.0447 0.0200 0.6366 0.0599 0.0337 0.0261 0.0339 0.0306 0.0319 0.0169 0.0454 
        D353  2 0.0199 0.0188 0.0311 0.0886 0.4220 0.0318 0.0536 0.0176 0.0337 0.0393 0.2151 0.0285 
        D354  2 0.0189 0.0411 0.0254 0.6144 0.0524 0.0201 0.0333 0.0339 0.0168 0.0318 0.0720 0.0399 
        D362  2 0.0640 0.0327 0.0171 0.0201 0.0415 0.0279 0.0291 0.0192 0.0370 0.0363 0.6198 0.0552 
        D363  2 0.0417 0.0355 0.0132 0.0266 0.0330 0.0289 0.0275 0.0304 0.0218 0.0462 0.6519 0.0432 
        D364  2 0.0259 0.0434 0.0371 0.2049 0.1028 0.0207 0.0440 0.0306 0.0223 0.0353 0.3780 0.0551 
        D365  2 0.0117 0.0189 0.0155 0.0299 0.0178 0.0157 0.0128 0.0242 0.8088 0.0158 0.0150 0.0140 
        D369  2 0.0373 0.1362 0.0356 0.0212 0.0564 0.1012 0.0385 0.1465 0.1061 0.1361 0.1457 0.0393 
        D374  2 0.0117 0.0271 0.0174 0.0224 0.0201 0.0168 0.0423 0.0746 0.0148 0.0240 0.0140 0.7149 
        D375  2 0.0206 0.0193 0.0241 0.7126 0.0435 0.0144 0.0247 0.0169 0.0161 0.0382 0.0217 0.0479 
        D376  2 0.0162 0.0295 0.0466 0.0561 0.0622 0.0264 0.0327 0.2304 0.0250 0.0281 0.0207 0.4261 
        D377  2 0.0374 0.1452 0.0585 0.0420 0.0437 0.0321 0.0410 0.0444 0.0367 0.4413 0.0194 0.0582 
        D378  2 0.1213 0.0301 0.0377 0.1719 0.0998 0.0480 0.0478 0.0270 0.2043 0.0716 0.1184 0.0221 
        D379  2 0.0256 0.0278 0.0694 0.0448 0.1023 0.0231 0.0407 0.0279 0.0298 0.1386 0.4328 0.0372 
        D384  2 0.0157 0.0239 0.0235 0.0196 0.0237 0.0199 0.0188 0.0414 0.0242 0.0354 0.7357 0.0182 
        D385  2 0.0147 0.0197 0.0229 0.1620 0.0370 0.0160 0.0219 0.0420 0.5755 0.0428 0.0200 0.0254 
        D386  2 0.0868 0.0270 0.0305 0.4301 0.0730 0.0235 0.0710 0.0204 0.0932 0.0465 0.0682 0.0296 
        D391  2 0.0186 0.0318 0.0258 0.1090 0.0284 0.0235 0.0276 0.0168 0.6394 0.0373 0.0227 0.0191 
        D392  2 0.0401 0.1407 0.0212 0.0295 0.0467 0.0359 0.0708 0.0442 0.4405 0.0311 0.0575 0.0416 
        D393  2 0.0380 0.0358 0.0548 0.2177 0.0538 0.1315 0.0357 0.0205 0.0935 0.1226 0.1783 0.0177 
        D394  2 0.1296 0.1176 0.0700 0.1251 0.1067 0.0421 0.1058 0.0389 0.0583 0.0216 0.0808 0.1037 
        D395  2 0.0266 0.0194 0.0341 0.3905 0.0541 0.0318 0.0353 0.0277 0.2984 0.0277 0.0143 0.0400 
        D401  2 0.0140 0.7356 0.0169 0.0122 0.0228 0.0201 0.0154 0.0298 0.0265 0.0607 0.0135 0.0324 
        D402  2 0.0141 0.0274 0.0290 0.0932 0.0300 0.0549 0.0226 0.0159 0.5936 0.0587 0.0193 0.0414 
        D403  2 0.0379 0.0264 0.0523 0.0417 0.3076 0.0280 0.2093 0.0187 0.0291 0.0392 0.1617 0.0481 
        D415  2 0.0315 0.1360 0.0765 0.0255 0.0964 0.0200 0.0358 0.0173 0.0539 0.0254 0.4612 0.0205 
        D435  2 0.0239 0.0372 0.0419 0.0585 0.0448 0.0482 0.0259 0.0159 0.1967 0.0217 0.4683 0.0168 
        D436  2 0.0401 0.0367 0.1895 0.3187 0.0674 0.0239 0.0703 0.0555 0.0340 0.0230 0.0465 0.0944 
        D438  2 0.0201 0.0128 0.0210 0.0158 0.0172 0.0158 0.0141 0.0249 0.7787 0.0439 0.0125 0.0232 
        D439  2 0.0416 0.0419 0.0224 0.5543 0.0995 0.0312 0.0316 0.0156 0.0400 0.0477 0.0476 0.0268 
        D449  2 0.0379 0.0311 0.0761 0.0257 0.1428 0.0217 0.0182 0.0284 0.4181 0.0439 0.0667 0.0894 
        D450  2 0.0576 0.0422 0.0899 0.2622 0.1217 0.0581 0.0438 0.0702 0.0223 0.0636 0.1150 0.0535 
        D456  2 0.0186 0.0120 0.0211 0.0224 0.0224 0.0260 0.0248 0.0166 0.0134 0.0159 0.7914 0.0155 
        D462  2 0.0221 0.0161 0.0210 0.1052 0.0244 0.0230 0.0290 0.0141 0.6646 0.0223 0.0348 0.0235 
        D463  2 0.0157 0.0233 0.0176 0.0288 0.0301 0.0167 0.0253 0.0329 0.0144 0.0211 0.7510 0.0231 
        D464  2 0.0196 0.0292 0.0383 0.2805 0.2448 0.0181 0.0708 0.0408 0.0871 0.0405 0.0652 0.0652 
        D465  2 0.0250 0.1283 0.0255 0.0309 0.0376 0.0252 0.0363 0.0247 0.5109 0.0552 0.0762 0.0242 
        D473  2 0.0618 0.0880 0.0353 0.0832 0.0464 0.0343 0.0644 0.4402 0.0386 0.0593 0.0231 0.0254 
        D474  2 0.0465 0.0456 0.0317 0.0296 0.0416 0.1323 0.0203 0.0306 0.0415 0.0321 0.5328 0.0153 
        D476  2 0.2904 0.0153 0.0203 0.4772 0.0249 0.0219 0.0241 0.0143 0.0548 0.0136 0.0288 0.0146 
        D477  2 0.0215 0.1114 0.0308 0.2544 0.0719 0.0730 0.0268 0.0407 0.0249 0.0960 0.2232 0.0253 
        D478  2 0.2499 0.0304 0.0335 0.0745 0.1233 0.0517 0.0810 0.0666 0.0371 0.0321 0.0395 0.1804 
        D480  2 0.0202 0.0240 0.1152 0.1913 0.0976 0.0726 0.0689 0.0764 0.1024 0.0902 0.1172 0.0239 
        D481  2 0.0846 0.0676 0.0204 0.1817 0.0778 0.0466 0.0719 0.0703 0.0364 0.0378 0.2648 0.0400 
        D482  2 0.0484 0.0544 0.0592 0.2575 0.0921 0.1256 0.1137 0.0907 0.0244 0.0730 0.0193 0.0416 
        D483  2 0.0242 0.0190 0.0146 0.0148 0.0288 0.0235 0.0213 0.0739 0.4557 0.0165 0.0158 0.2918 
        D484  2 0.0147 0.0170 0.0182 0.7329 0.0282 0.0267 0.0291 0.0235 0.0226 0.0263 0.0104 0.0505 
        D510  2 0.0221 0.0311 0.0448 0.0307 0.0401 0.1150 0.0223 0.2157 0.0193 0.0255 0.0280 0.4054 
        D511  2 0.0398 0.0268 0.0276 0.5661 0.0310 0.0429 0.0590 0.0193 0.0565 0.0551 0.0583 0.0174 
        D512  2 0.0266 0.4970 0.0417 0.0235 0.0455 0.0316 0.0567 0.0135 0.1643 0.0464 0.0177 0.0354 
        D513  2 0.0273 0.0518 0.0408 0.0258 0.0512 0.0579 0.0252 0.0585 0.4997 0.0906 0.0297 0.0416 
        D635  2 0.4689 0.0453 0.0207 0.0219 0.0676 0.0318 0.0193 0.0228 0.0410 0.0322 0.2063 0.0219 
        D636  2 0.7056 0.0481 0.0134 0.0168 0.0296 0.0111 0.0261 0.0203 0.0164 0.0690 0.0299 0.0138 
        D637  2 0.0296 0.0567 0.1298 0.2339 0.0760 0.0486 0.0703 0.0599 0.1220 0.0833 0.0311 0.0588 
        D658  2 0.0251 0.0474 0.0625 0.1973 0.0586 0.0219 0.0615 0.1055 0.3054 0.0207 0.0256 0.0685 
        D659  2 0.1036 0.0203 0.0527 0.0693 0.0769 0.0794 0.0222 0.0364 0.0387 0.0271 0.4343 0.0391 
        D677  2 0.0702 0.0684 0.2921 0.0298 0.0747 0.0559 0.0776 0.0194 0.0678 0.0991 0.0795 0.0655 
        D678  2 0.0251 0.0307 0.0258 0.0165 0.0655 0.0237 0.0416 0.0166 0.3408 0.0583 0.0189 0.3364 
        D679  2 0.0389 0.0404 0.0559 0.0553 0.0899 0.0825 0.0398 0.0412 0.0513 0.3091 0.1735 0.0222 
        D719  2 0.0162 0.0608 0.0196 0.0428 0.0602 0.1058 0.0221 0.3040 0.1933 0.0391 0.1009 0.0351 
        D720  2 0.0294 0.0480 0.0278 0.0237 0.0506 0.0310 0.0354 0.0814 0.0968 0.0532 0.4992 0.0237 
        D721  2 0.7015 0.0171 0.0355 0.0250 0.0244 0.0259 0.0135 0.0327 0.0495 0.0318 0.0290 0.0141 
        D722  2 0.0173 0.0411 0.0191 0.0256 0.0326 0.0295 0.0202 0.0481 0.0265 0.0446 0.0153 0.6800 
        D734  2 0.0163 0.0156 0.0287 0.6218 0.0337 0.0392 0.0179 0.1131 0.0434 0.0293 0.0179 0.0232 
        D735  2 0.0424 0.0714 0.0438 0.0776 0.1355 0.0369 0.0962 0.0638 0.0660 0.2116 0.1322 0.0226 
        D736  2 0.0475 0.0563 0.0618 0.0540 0.0638 0.3110 0.0143 0.2081 0.0487 0.0383 0.0345 0.0618 
        D737  2 0.0390 0.0359 0.0316 0.0724 0.0528 0.0559 0.0811 0.0422 0.2718 0.0166 0.0186 0.2821 
        D807  2 0.0436 0.0772 0.0784 0.0792 0.0584 0.1439 0.0590 0.1589 0.0376 0.0777 0.1219 0.0642 
        D808  2 0.0358 0.1663 0.0654 0.0505 0.1438 0.0668 0.2559 0.0299 0.0784 0.0260 0.0541 0.0271 
        D817  2 0.0223 0.0637 0.0282 0.0452 0.0479 0.0432 0.0537 0.0196 0.0178 0.5219 0.0966 0.0399 
        D818  2 0.1296 0.0225 0.1137 0.0276 0.1436 0.1107 0.0802 0.0271 0.2257 0.0354 0.0581 0.0258 
        D819  2 0.0364 0.1468 0.0189 0.0227 0.0564 0.0298 0.0630 0.0270 0.0275 0.4800 0.0640 0.0275 
        D820  2 0.0354 0.0208 0.0865 0.0879 0.0560 0.0566 0.0292 0.0251 0.1170 0.0170 0.4446 0.0240 
        D895  2 0.1175 0.0678 0.0446 0.0714 0.1982 0.0326 0.0337 0.0366 0.0454 0.1470 0.1420 0.0632 
        D896  2 0.0152 0.8076 0.0187 0.0159 0.0132 0.0163 0.0275 0.0260 0.0138 0.0154 0.0133 0.0171 
        D897  2 0.0288 0.0510 0.1202 0.0396 0.1080 0.0490 0.0686 0.0236 0.3492 0.0801 0.0266 0.0554 
        D898  2 0.0322 0.2464 0.0476 0.0561 0.1446 0.0977 0.1014 0.0356 0.0270 0.0940 0.0412 0.0763 
        D918  2 0.0963 0.1257 0.1878 0.0805 0.1099 0.0629 0.0896 0.0561 0.0832 0.0556 0.0246 0.0278 
        D919  2 0.0440 0.0223 0.0304 0.3434 0.1027 0.1010 0.0817 0.0172 0.0767 0.0211 0.0934 0.0660 
        D920  2 0.4378 0.0561 0.0579 0.0376 0.0753 0.0264 0.0911 0.0766 0.0341 0.0216 0.0349 0.0506 
        D923  2 0.0312 0.0241 0.0269 0.1085 0.0647 0.0332 0.0340 0.0199 0.0506 0.0368 0.5219 0.0481 
        D930  2 0.0233 0.0715 0.1220 0.1203 0.1107 0.0464 0.0478 0.0662 0.0482 0.1166 0.1790 0.0480 
        D931  2 0.0406 0.0412 0.0344 0.2403 0.0681 0.0545 0.0449 0.0439 0.1161 0.0566 0.2107 0.0486 
        D968  2 0.0143 0.0191 0.0163 0.0268 0.0264 0.0717 0.0192 0.0159 0.7115 0.0232 0.0236 0.0321 
        D969  2 0.0290 0.0633 0.0536 0.0497 0.0937 0.1298 0.0491 0.0509 0.1352 0.0399 0.2309 0.0749 
        D977  2 0.0267 0.0184 0.0612 0.0330 0.0616 0.0308 0.0377 0.0224 0.5899 0.0421 0.0330 0.0431 
        D978  2 0.0204 0.0201 0.0958 0.0265 0.1122 0.1352 0.1869 0.0285 0.0477 0.2130 0.0341 0.0796 
        D211  3 0.1886 0.0184 0.1954 0.0291 0.0743 0.0426 0.2504 0.0212 0.0198 0.0589 0.0821 0.0192 
     D229639  3 0.0269 0.0370 0.0455 0.0251 0.0570 0.4652 0.0529 0.0774 0.0339 0.0420 0.0746 0.0625 
     D237212  3 0.0538 0.0470 0.0907 0.2371 0.0549 0.2013 0.0557 0.0243 0.0554 0.0895 0.0645 0.0257 
     D237213  3 0.0496 0.1491 0.1196 0.0719 0.0673 0.0409 0.0743 0.0151 0.0303 0.3133 0.0290 0.0396 
     D237214  3 0.7903 0.0145 0.0247 0.0177 0.0280 0.0125 0.0252 0.0278 0.0135 0.0146 0.0161 0.0150 
     D237215  3 0.0189 0.0359 0.0161 0.0183 0.0340 0.1104 0.0344 0.0843 0.2093 0.0317 0.0162 0.3905 
     D237216  3 0.0774 0.0422 0.1163 0.0326 0.4045 0.0330 0.0696 0.0259 0.0386 0.0807 0.0506 0.0286 
     D237217  3 0.1138 0.0480 0.2069 0.0259 0.2843 0.0779 0.0750 0.0156 0.0259 0.0330 0.0708 0.0229 
     D237218  3 0.0279 0.0238 0.3627 0.1391 0.0550 0.1323 0.0556 0.0442 0.0532 0.0358 0.0537 0.0165 
     D237219  3 0.0565 0.1211 0.1466 0.0152 0.0904 0.0949 0.0645 0.0696 0.0235 0.2666 0.0273 0.0237 
     D237382  3 0.0278 0.1032 0.0608 0.0228 0.0534 0.0202 0.4820 0.0661 0.0345 0.0363 0.0437 0.0492 
     D244127  3 0.0399 0.4434 0.0574 0.0365 0.0635 0.0800 0.0522 0.0204 0.0537 0.0738 0.0206 0.0587 
     D244129  3 0.0683 0.1527 0.0722 0.0791 0.0987 0.0710 0.1681 0.0376 0.0658 0.0787 0.0786 0.0292 
     D244133  3 0.0276 0.0256 0.0319 0.0133 0.0483 0.0273 0.0290 0.0810 0.0608 0.5728 0.0382 0.0443 
     D244134  3 0.0309 0.0724 0.0347 0.0243 0.0450 0.3690 0.0415 0.1677 0.0273 0.1468 0.0243 0.0162 
     D244135  3 0.5630 0.0206 0.0492 0.0239 0.0515 0.0247 0.0487 0.0196 0.0622 0.0708 0.0408 0.0250 
     D244136  3 0.0595 0.0345 0.0420 0.0319 0.0841 0.0622 0.0329 0.1200 0.0670 0.3041 0.0965 0.0654 
        D416  3 0.0597 0.0644 0.0909 0.0461 0.1674 0.0397 0.0470 0.0328 0.0942 0.2552 0.0682 0.0345 
        D417  3 0.0232 0.0412 0.2054 0.0251 0.0562 0.0165 0.0738 0.0271 0.0191 0.0255 0.4579 0.0291 
        D419  3 0.0361 0.0777 0.1537 0.0269 0.0885 0.1920 0.0796 0.0515 0.0506 0.1215 0.0774 0.0445 
        D565  3 0.0270 0.0266 0.0193 0.0218 0.0324 0.0715 0.0174 0.6076 0.0179 0.0553 0.0662 0.0370 
        D566  3 0.0371 0.0507 0.0236 0.0208 0.0510 0.2811 0.0218 0.1849 0.0487 0.1299 0.0681 0.0823 
        D567  3 0.0560 0.0603 0.0421 0.0565 0.0724 0.0240 0.0555 0.0222 0.0453 0.0462 0.4745 0.0449 
        D568  3 0.0814 0.0583 0.1892 0.1032 0.0980 0.0615 0.1350 0.0158 0.0944 0.0417 0.0791 0.0422 
        D569  3 0.0618 0.0202 0.0545 0.3874 0.0772 0.0410 0.0764 0.0338 0.0581 0.0491 0.0199 0.1204 
        D573  3 0.0174 0.0327 0.0225 0.0335 0.0724 0.3799 0.0316 0.0314 0.1671 0.0248 0.1632 0.0237 
        D574  3 0.0391 0.0687 0.0500 0.0350 0.1046 0.0786 0.0514 0.2133 0.0386 0.1334 0.0402 0.1470 
        D575  3 0.0342 0.0644 0.0206 0.0250 0.0326 0.0302 0.0200 0.0334 0.0314 0.6708 0.0223 0.0150 
        D576  3 0.0369 0.0149 0.0176 0.0199 0.0363 0.0621 0.0215 0.0227 0.2414 0.1138 0.0084 0.4045 
        D577  3 0.0802 0.0204 0.0573 0.0493 0.0771 0.0391 0.0606 0.0265 0.0301 0.1412 0.3761 0.0421 
        D578  3 0.7357 0.0296 0.0214 0.0153 0.0373 0.0190 0.0383 0.0187 0.0313 0.0201 0.0147 0.0187 
        D579  3 0.0501 0.0481 0.0857 0.1008 0.0771 0.1537 0.0364 0.1087 0.0836 0.0952 0.1289 0.0316 
        D660  3 0.0368 0.0578 0.0492 0.0429 0.0668 0.0313 0.0423 0.0202 0.3567 0.1668 0.0174 0.1117 
        D661  3 0.0382 0.0218 0.4271 0.0633 0.0880 0.1655 0.0225 0.0164 0.0661 0.0282 0.0266 0.0363 
        D663  3 0.0254 0.0235 0.0293 0.0409 0.0918 0.4579 0.0557 0.0175 0.0614 0.0455 0.0719 0.0793 
        D664  3 0.0809 0.0951 0.1206 0.0234 0.0732 0.0455 0.0521 0.0483 0.0805 0.2614 0.0197 0.0994 
        D665  3 0.0544 0.0585 0.0547 0.0727 0.1195 0.0353 0.2892 0.0118 0.0348 0.2172 0.0145 0.0373 
        D666  3 0.0379 0.1571 0.0502 0.0252 0.0565 0.0346 0.0267 0.0578 0.0226 0.4721 0.0406 0.0186 
        D009  4 0.0906 0.0605 0.2450 0.0868 0.0975 0.0248 0.1542 0.0284 0.0279 0.0249 0.1099 0.0495 
        D057  4 0.2414 0.0173 0.0379 0.2620 0.0445 0.0747 0.0797 0.0321 0.1379 0.0115 0.0310 0.0300 
        D109  4 0.0656 0.3776 0.0647 0.0328 0.1308 0.0276 0.0578 0.0386 0.0236 0.0987 0.0460 0.0362 
     D237222  4 0.3390 0.0272 0.0311 0.0291 0.0722 0.0323 0.1598 0.1132 0.0253 0.0154 0.0340 0.1214 
     D237223  4 0.0606 0.0636 0.4080 0.0473 0.0790 0.0552 0.0430 0.0933 0.0594 0.0242 0.0201 0.0463 
     D237224  4 0.0474 0.0380 0.0360 0.1682 0.0968 0.1243 0.0674 0.0315 0.1042 0.0916 0.1290 0.0655 
     D237225  4 0.1133 0.0389 0.2044 0.0648 0.2256 0.0448 0.0856 0.0428 0.0339 0.0435 0.0569 0.0456 
     D237299  4 0.0271 0.0592 0.4087 0.0239 0.1390 0.0652 0.1358 0.0444 0.0265 0.0280 0.0182 0.0240 
     D237300  4 0.0241 0.0210 0.0639 0.0234 0.0482 0.5483 0.0269 0.0366 0.0293 0.1237 0.0192 0.0355 
     D237306  4 0.0313 0.0737 0.2035 0.0393 0.0535 0.0350 0.0346 0.2525 0.0221 0.0206 0.0609 0.1730 
     D237307  4 0.0388 0.0297 0.0621 0.0187 0.0903 0.0544 0.1046 0.1345 0.0633 0.1227 0.2160 0.0648 
     D237308  4 0.0523 0.0803 0.0461 0.1658 0.0936 0.0406 0.0342 0.0650 0.2668 0.0329 0.0245 0.0978 
     D237309  4 0.1686 0.0604 0.0910 0.0945 0.1864 0.0624 0.0571 0.0209 0.0404 0.0358 0.1101 0.0723 
     D237317  4 0.0734 0.0408 0.0333 0.0375 0.2474 0.0602 0.0476 0.2041 0.0320 0.0413 0.0994 0.0829 
     D237318  4 0.0197 0.0222 0.0247 0.0151 0.0368 0.6712 0.0301 0.0226 0.0484 0.0457 0.0327 0.0309 
     D237319  4 0.0743 0.0782 0.1727 0.0239 0.0992 0.0430 0.2849 0.0373 0.0446 0.0458 0.0330 0.0630 
     D237320  4 0.0544 0.0530 0.5649 0.0183 0.0395 0.0717 0.0393 0.0259 0.0446 0.0284 0.0324 0.0275 
     D237321  4 0.0446 0.0416 0.0401 0.0232 0.0649 0.4049 0.0389 0.0459 0.0660 0.0693 0.0713 0.0894 
     D237397  4 0.0423 0.0414 0.3867 0.0200 0.0463 0.1215 0.0499 0.0854 0.0481 0.0384 0.0302 0.0900 
     D237398  4 0.0326 0.0213 0.1004 0.0559 0.0779 0.4676 0.0486 0.0163 0.0536 0.0454 0.0587 0.0217 
     D237399  4 0.0697 0.0569 0.1123 0.0429 0.0784 0.2354 0.1000 0.1462 0.0321 0.0248 0.0601 0.0412 
     D244001  4 0.3169 0.0214 0.0760 0.0385 0.0714 0.0243 0.0610 0.0252 0.0958 0.0214 0.0271 0.2209 
        D289  4 0.0472 0.0310 0.0863 0.2140 0.0753 0.1226 0.0405 0.1507 0.0713 0.0305 0.0782 0.0522 
        D290  4 0.0166 0.0147 0.0163 0.0180 0.0239 0.0207 0.7847 0.0178 0.0198 0.0154 0.0302 0.0220 
        D294  4 0.0590 0.0194 0.1398 0.2344 0.1480 0.0505 0.1271 0.0364 0.0245 0.0406 0.0729 0.0474 
        D295  4 0.0267 0.1315 0.2082 0.0626 0.0720 0.0427 0.1651 0.0378 0.0282 0.0781 0.1096 0.0376 
        D301  4 0.3595 0.0490 0.0626 0.0239 0.0559 0.0750 0.0715 0.0406 0.0332 0.0474 0.0165 0.1649 
        D302  4 0.0317 0.0161 0.0271 0.6743 0.0537 0.0232 0.0511 0.0136 0.0192 0.0286 0.0253 0.0361 
        D303  4 0.0261 0.0698 0.0583 0.0859 0.0525 0.0326 0.0465 0.4337 0.0474 0.0579 0.0355 0.0539 
        D304  4 0.0296 0.0165 0.0362 0.0252 0.0740 0.1222 0.4675 0.0613 0.0249 0.0484 0.0505 0.0438 
        D305  4 0.0415 0.0378 0.0314 0.2295 0.3234 0.0438 0.0540 0.0131 0.0791 0.0385 0.0221 0.0858 
        D306  4 0.0262 0.0225 0.0192 0.0231 0.0968 0.0197 0.6672 0.0236 0.0143 0.0185 0.0305 0.0383 
        D307  4 0.5518 0.0313 0.0329 0.0319 0.0478 0.0541 0.0477 0.0889 0.0200 0.0436 0.0177 0.0322 
        D327  4 0.0302 0.0215 0.0570 0.0360 0.0697 0.0368 0.0575 0.0581 0.0667 0.0845 0.4429 0.0392 
        D328  4 0.0250 0.0621 0.0832 0.2701 0.0604 0.0356 0.0477 0.1030 0.0245 0.0620 0.0194 0.2071 
        D329  4 0.0453 0.0550 0.0662 0.1164 0.1353 0.0797 0.2358 0.0422 0.0746 0.0301 0.0594 0.0598 
        D330  4 0.0576 0.1438 0.1079 0.0624 0.1046 0.0226 0.1787 0.0160 0.0670 0.0347 0.1487 0.0561 
        D331  4 0.0275 0.0454 0.0234 0.0224 0.0663 0.0946 0.4602 0.0532 0.0329 0.0342 0.0822 0.0576 
        D333  4 0.0349 0.0610 0.1358 0.1088 0.0868 0.0675 0.1686 0.0642 0.0506 0.0385 0.0600 0.1234 
        D334  4 0.0691 0.0239 0.0533 0.0594 0.0520 0.0419 0.1088 0.4517 0.0184 0.0476 0.0506 0.0233 
        D335  4 0.0300 0.0364 0.0242 0.4044 0.0542 0.0338 0.0648 0.0332 0.0933 0.0348 0.0457 0.1452 
        D370  4 0.0337 0.1232 0.0224 0.0311 0.0522 0.0246 0.0518 0.0375 0.0302 0.0681 0.0267 0.4985 
        D371  4 0.0162 0.0270 0.0258 0.0336 0.0585 0.0264 0.0175 0.4331 0.0463 0.0819 0.1547 0.0790 
        D372  4 0.0148 0.0204 0.0436 0.0176 0.1312 0.3644 0.1261 0.0322 0.0347 0.0250 0.0156 0.1744 
        D373  4 0.5153 0.0225 0.0360 0.0419 0.0532 0.0748 0.0327 0.0206 0.0587 0.0624 0.0510 0.0310 
        D455  4 0.5293 0.0225 0.0213 0.0615 0.0308 0.0496 0.1534 0.0318 0.0272 0.0178 0.0339 0.0209 
        D490  4 0.5981 0.0217 0.1106 0.0329 0.0311 0.0211 0.0845 0.0220 0.0126 0.0224 0.0235 0.0193 
        D497  4 0.4689 0.0411 0.1287 0.0603 0.0568 0.0331 0.0745 0.0188 0.0192 0.0522 0.0163 0.0302 
        D498  4 0.0172 0.0754 0.0279 0.0220 0.0530 0.0522 0.5110 0.0621 0.0272 0.0336 0.0359 0.0825 
        D499  4 0.0189 0.0811 0.1016 0.1044 0.1121 0.0532 0.0346 0.0869 0.1113 0.2088 0.0251 0.0621 
        D514  4 0.0475 0.0674 0.0433 0.1350 0.1014 0.0599 0.0786 0.0160 0.0271 0.0960 0.1965 0.1312 
        D515  4 0.0460 0.0425 0.5743 0.0403 0.0495 0.0194 0.0613 0.0276 0.0298 0.0302 0.0316 0.0474 
        D516  4 0.0431 0.1417 0.1328 0.0187 0.0606 0.0688 0.0944 0.0441 0.0619 0.2208 0.0660 0.0469 
        D517  4 0.4386 0.0449 0.0656 0.0267 0.1717 0.0718 0.0284 0.0252 0.0244 0.0183 0.0523 0.0322 
        D518  4 0.1740 0.0177 0.0521 0.3496 0.0592 0.0230 0.0704 0.0609 0.0461 0.0170 0.0173 0.1127 
        D519  4 0.0331 0.0231 0.7201 0.0149 0.0316 0.0477 0.0259 0.0201 0.0181 0.0229 0.0279 0.0147 
        D560  4 0.0225 0.0184 0.6723 0.0261 0.0416 0.0373 0.0340 0.0128 0.0324 0.0189 0.0588 0.0249 
        D561  4 0.1971 0.0722 0.0517 0.0580 0.2286 0.0285 0.1187 0.0158 0.1001 0.0321 0.0699 0.0273 
        D562  4 0.1661 0.0334 0.0517 0.0940 0.1225 0.0827 0.1957 0.0350 0.0473 0.0410 0.0443 0.0863 
        D563  4 0.0538 0.0494 0.0755 0.1568 0.0869 0.0625 0.0614 0.0220 0.2799 0.0851 0.0268 0.0399 
        D572  4 0.0644 0.0195 0.0482 0.5213 0.0417 0.0204 0.0959 0.0253 0.0350 0.0207 0.0533 0.0541 
        D629  4 0.1801 0.0236 0.0414 0.0526 0.0420 0.0622 0.0449 0.0144 0.0246 0.3048 0.1875 0.0218 
        D630  4 0.1365 0.0290 0.2235 0.0830 0.0854 0.0689 0.1456 0.0467 0.0289 0.0279 0.0518 0.0728 
        D631  4 0.0339 0.0206 0.0877 0.4933 0.0699 0.0500 0.0562 0.0253 0.0878 0.0234 0.0206 0.0312 
        D632  4 0.2997 0.0646 0.0272 0.1929 0.0555 0.0156 0.0278 0.0176 0.1241 0.0605 0.0484 0.0661 
        D646  4 0.0486 0.1068 0.4814 0.0339 0.0922 0.0416 0.0238 0.0242 0.0440 0.0210 0.0449 0.0377 
        D647  4 0.0626 0.0638 0.1234 0.0506 0.0521 0.0620 0.1723 0.0150 0.0587 0.0228 0.2468 0.0699 
        D648  4 0.0200 0.0191 0.0468 0.2912 0.0346 0.0164 0.0801 0.0429 0.0233 0.0781 0.0166 0.3310 
        D649  4 0.0435 0.2467 0.0379 0.2078 0.0666 0.0345 0.0402 0.0243 0.0263 0.0570 0.1934 0.0217 
        D650  4 0.0809 0.0709 0.2172 0.0717 0.0754 0.0716 0.0695 0.0775 0.0503 0.0776 0.1046 0.0328 
        D708  4 0.0417 0.0375 0.1059 0.2082 0.1251 0.0543 0.0375 0.1037 0.0230 0.1538 0.0355 0.0739 
        D709  4 0.0165 0.1624 0.0300 0.0492 0.0541 0.0180 0.4339 0.0379 0.0251 0.0797 0.0204 0.0728 
        D738  4 0.0527 0.0934 0.1765 0.0230 0.0410 0.0508 0.0594 0.3621 0.0203 0.0230 0.0491 0.0487 
        D739  4 0.1395 0.0317 0.1799 0.0424 0.0749 0.0504 0.2418 0.0289 0.0276 0.0459 0.0244 0.1125 
        D740  4 0.0420 0.1148 0.1295 0.0785 0.1518 0.0620 0.0851 0.1780 0.0453 0.0588 0.0275 0.0269 
        D741  4 0.0302 0.0516 0.4995 0.0217 0.0737 0.0473 0.0283 0.0159 0.1045 0.0312 0.0656 0.0306 
        D742  4 0.0524 0.0447 0.2001 0.0579 0.0888 0.1230 0.0501 0.0831 0.1720 0.0357 0.0415 0.0507 
        D743  4 0.0326 0.0152 0.0476 0.3169 0.0368 0.0459 0.0325 0.0251 0.0717 0.0422 0.3132 0.0202 
        D744  4 0.0208 0.0206 0.0294 0.7570 0.0288 0.0190 0.0187 0.0201 0.0277 0.0244 0.0204 0.0131 
        D745  4 0.0418 0.0274 0.7112 0.0278 0.0242 0.0226 0.0364 0.0209 0.0170 0.0362 0.0176 0.0168 
        D814  4 0.0694 0.0130 0.3313 0.0491 0.1510 0.0353 0.0497 0.0192 0.1282 0.0293 0.0213 0.1033 
        D815  4 0.0225 0.0554 0.0301 0.2879 0.0709 0.0454 0.2280 0.0267 0.0287 0.0449 0.0767 0.0828 
        D828  4 0.0224 0.0274 0.0507 0.0610 0.0563 0.0427 0.0847 0.0547 0.0327 0.0447 0.0140 0.5088 
        D845  4 0.0107 0.0152 0.0275 0.0225 0.0211 0.7702 0.0147 0.0293 0.0342 0.0228 0.0175 0.0143 
        D846  4 0.1298 0.0217 0.0378 0.2023 0.1058 0.0504 0.1291 0.0118 0.1226 0.0532 0.0626 0.0730 
        D847  4 0.1297 0.0297 0.0787 0.0421 0.0760 0.0705 0.3367 0.0760 0.0426 0.0236 0.0694 0.0250 
        D848  4 0.5004 0.0194 0.0156 0.0304 0.0377 0.1906 0.0578 0.0196 0.0585 0.0171 0.0174 0.0353 
        D849  4 0.0965 0.0474 0.2885 0.0350 0.1048 0.0294 0.1953 0.0212 0.0387 0.0602 0.0289 0.0541 
        D850  4 0.2185 0.0453 0.0717 0.0425 0.1079 0.2180 0.0267 0.0646 0.0676 0.0442 0.0692 0.0238 
        D856  4 0.0316 0.1605 0.0540 0.0431 0.1715 0.0331 0.3126 0.0386 0.0337 0.0473 0.0429 0.0311 
        D857  4 0.0298 0.4458 0.0265 0.0187 0.0308 0.0158 0.0734 0.0292 0.0546 0.0169 0.0097 0.2491 
        D859  4 0.0308 0.0251 0.2098 0.3649 0.0551 0.0762 0.0396 0.0229 0.0249 0.0247 0.0715 0.0546 
        D860  4 0.0398 0.0250 0.0212 0.0768 0.0625 0.1868 0.0349 0.3287 0.0754 0.0248 0.0801 0.0438 
        D883  4 0.1183 0.0780 0.0775 0.0590 0.1021 0.0544 0.1075 0.0518 0.0303 0.0883 0.1420 0.0907 
        D884  4 0.0295 0.0801 0.5481 0.0357 0.0379 0.0244 0.0605 0.0418 0.0188 0.0463 0.0248 0.0522 
        D885  4 0.0359 0.0343 0.4079 0.0454 0.0755 0.1025 0.0234 0.0214 0.1001 0.0737 0.0624 0.0175 
        D886  4 0.0508 0.0582 0.0335 0.0260 0.0366 0.0216 0.5900 0.0174 0.0269 0.0180 0.0787 0.0421 
        D887  4 0.0481 0.0571 0.1307 0.0902 0.0922 0.1207 0.0575 0.0420 0.0701 0.0268 0.1631 0.1013 
        D889  4 0.0209 0.0147 0.0544 0.0558 0.0644 0.5049 0.1730 0.0174 0.0122 0.0245 0.0300 0.0279 
        D890  4 0.0536 0.0756 0.0275 0.0624 0.0523 0.0265 0.0758 0.0559 0.0543 0.3836 0.0323 0.1000 
        D891  4 0.0114 0.0112 0.0143 0.0128 0.0166 0.8524 0.0123 0.0104 0.0129 0.0213 0.0136 0.0107 
        D899  4 0.0309 0.0253 0.0348 0.0722 0.0686 0.1721 0.0533 0.0815 0.2647 0.0622 0.0264 0.1081 
        D900  4 0.0628 0.0521 0.0445 0.0711 0.1064 0.0441 0.3210 0.0544 0.0654 0.0457 0.0804 0.0522 
        D970  4 0.0584 0.0399 0.0633 0.1927 0.0968 0.0898 0.1548 0.0382 0.0553 0.0513 0.1296 0.0300 
        D971  4 0.0303 0.0855 0.0186 0.1605 0.0631 0.0227 0.1001 0.0444 0.3266 0.0384 0.0357 0.0741 
        D979  4 0.0354 0.0265 0.0439 0.2683 0.0684 0.0447 0.0699 0.0314 0.1038 0.0649 0.1287 0.1141 
        D093  5 0.0292 0.0306 0.0793 0.0259 0.0429 0.0544 0.0376 0.5619 0.0254 0.0322 0.0501 0.0307 
        D154  5 0.0172 0.0296 0.1685 0.0349 0.0955 0.0765 0.0359 0.0303 0.1183 0.2924 0.0205 0.0804 
        D168  5 0.0446 0.0480 0.1548 0.0244 0.0697 0.0864 0.0879 0.0138 0.1341 0.2563 0.0426 0.0374 
