        D174  1 0.1078 0.1513 0.0908 0.0325 0.1263 0.4538 0.0375 
        D199  1 0.1281 0.0457 0.3181 0.0548 0.0638 0.1639 0.2256 
        D203  1 0.0885 0.1362 0.2859 0.0470 0.1344 0.0884 0.2196 
        D204  1 0.0337 0.0278 0.8000 0.0600 0.0241 0.0231 0.0312 
     D237366  1 0.0626 0.0191 0.0572 0.0720 0.6724 0.0769 0.0397 
     D237367  1 0.1357 0.0717 0.4299 0.0673 0.2207 0.0330 0.0417 
     D237368  1 0.0912 0.0909 0.2096 0.0398 0.3857 0.1200 0.0628 
     D244101  1 0.0827 0.0346 0.3034 0.3601 0.0249 0.0249 0.1693 
     D244102  1 0.1509 0.2535 0.0915 0.2148 0.1527 0.0685 0.0680 
     D244103  1 0.3821 0.0582 0.1984 0.0528 0.2140 0.0519 0.0426 
     D244104  1 0.0281 0.0490 0.6856 0.0178 0.0363 0.1504 0.0328 
     D244105  1 0.0998 0.0981 0.0596 0.0206 0.6865 0.0185 0.0170 
     D244106  1 0.0727 0.0499 0.0789 0.0362 0.0433 0.6334 0.0856 
     D244107  1 0.1529 0.3029 0.1345 0.0710 0.2215 0.0183 0.0988 
     D244108  1 0.0621 0.4244 0.0936 0.0559 0.0440 0.2790 0.0409 
     D244113  1 0.1087 0.0772 0.0238 0.3019 0.0308 0.4229 0.0346 
     D244114  1 0.3336 0.0836 0.1049 0.0623 0.2367 0.0955 0.0834 
     D244115  1 0.1501 0.2165 0.1381 0.0382 0.0532 0.3807 0.0231 
     D267365  1 0.1034 0.0576 0.3351 0.0589 0.1060 0.2847 0.0543 
        D404  1 0.1120 0.1465 0.0318 0.3646 0.0242 0.2833 0.0376 
        D405  1 0.1382 0.2025 0.1217 0.2926 0.0592 0.0852 0.1006 
        D406  1 0.0281 0.0413 0.0653 0.0283 0.7843 0.0383 0.0143 
        D407  1 0.0541 0.0165 0.7533 0.0176 0.1032 0.0209 0.0343 
        D408  1 0.1593 0.1057 0.0524 0.0585 0.0284 0.5380 0.0577 
        D409  1 0.6464 0.1249 0.0662 0.0348 0.0423 0.0541 0.0312 
        D410  1 0.0288 0.8278 0.0502 0.0278 0.0297 0.0237 0.0119 
        D421  1 0.0162 0.0105 0.9080 0.0103 0.0126 0.0254 0.0170 
        D422  1 0.0399 0.0353 0.0688 0.0138 0.7974 0.0167 0.0279 
        D423  1 0.0264 0.7208 0.1132 0.0232 0.0583 0.0159 0.0421 
        D424  1 0.1412 0.0253 0.6718 0.0247 0.0784 0.0432 0.0155 
        D425  1 0.1053 0.1411 0.5444 0.0397 0.0324 0.1080 0.0290 
        D426  1 0.6861 0.0346 0.0747 0.0215 0.0527 0.0301 0.1005 
        D427  1 0.0271 0.0243 0.2337 0.0107 0.0232 0.2736 0.4073 
        D428  1 0.1310 0.0825 0.4173 0.1059 0.0841 0.1367 0.0425 
        D429  1 0.0924 0.0655 0.3431 0.0445 0.1170 0.2877 0.0498 
        D430  1 0.4340 0.0686 0.0848 0.0486 0.0983 0.1569 0.1086 
        D491  1 0.0424 0.0544 0.0806 0.0238 0.0229 0.7600 0.0158 
        D492  1 0.1748 0.0934 0.2846 0.0883 0.1804 0.1425 0.0360 
        D537  1 0.0541 0.0296 0.7661 0.0424 0.0637 0.0237 0.0205 
        D538  1 0.3142 0.2562 0.0834 0.0709 0.1070 0.1111 0.0572 
        D539  1 0.1276 0.0915 0.0528 0.1646 0.1985 0.2033 0.1617 
        D540  1 0.2970 0.0822 0.3793 0.0303 0.0980 0.0707 0.0424 
        D541  1 0.0232 0.0239 0.8831 0.0149 0.0180 0.0176 0.0192 
        D551  1 0.2654 0.0308 0.1124 0.0374 0.1764 0.0366 0.3408 
        D552  1 0.0774 0.1504 0.1979 0.0432 0.1764 0.3199 0.0348 
        D553  1 0.0182 0.0139 0.8887 0.0190 0.0211 0.0226 0.0165 
        D615  1 0.1299 0.1791 0.3880 0.0263 0.0913 0.1016 0.0838 
        D616  1 0.1447 0.1479 0.2988 0.0251 0.1670 0.0886 0.1279 
        D621  1 0.0586 0.1090 0.0257 0.3083 0.3766 0.0956 0.0262 
        D622  1 0.0596 0.1096 0.0435 0.0511 0.6704 0.0436 0.0221 
        D623  1 0.0517 0.0987 0.0260 0.4951 0.0184 0.2047 0.1054 
        D624  1 0.0385 0.0184 0.0442 0.0143 0.0355 0.8309 0.0182 
        D625  1 0.0679 0.0446 0.6616 0.0469 0.0611 0.1000 0.0179 
        D626  1 0.0627 0.1853 0.0909 0.0519 0.1694 0.4067 0.0330 
        D627  1 0.7174 0.0248 0.0607 0.0195 0.0678 0.0474 0.0625 
        D690  1 0.0347 0.0901 0.7301 0.0252 0.0409 0.0676 0.0115 
        D691  1 0.0246 0.0275 0.0637 0.0215 0.7981 0.0437 0.0210 
        D710  1 0.1509 0.1314 0.3667 0.0960 0.0580 0.1644 0.0326 
        D711  1 0.0533 0.0389 0.7302 0.0503 0.0564 0.0452 0.0256 
        D712  1 0.0723 0.0476 0.0386 0.0714 0.0715 0.6577 0.0409 
        D713  1 0.1142 0.0746 0.1796 0.3936 0.1001 0.1199 0.0180 
        D746  1 0.0230 0.0261 0.0783 0.0166 0.8124 0.0263 0.0173 
        D747  1 0.0192 0.0229 0.8771 0.0175 0.0164 0.0240 0.0229 
        D748  1 0.0492 0.0660 0.3036 0.0669 0.4579 0.0350 0.0213 
        D749  1 0.1200 0.1946 0.0277 0.1145 0.3856 0.1146 0.0430 
        D750  1 0.0454 0.0768 0.1250 0.0400 0.0504 0.6427 0.0197 
        D763  1 0.2163 0.0483 0.1374 0.2554 0.1335 0.0397 0.1693 
        D764  1 0.0643 0.0602 0.4932 0.0146 0.0554 0.2967 0.0156 
        D765  1 0.0632 0.6241 0.0402 0.0167 0.1150 0.1212 0.0195 
        D766  1 0.0736 0.2761 0.2291 0.1045 0.2528 0.0437 0.0202 
        D767  1 0.0837 0.1592 0.1259 0.3214 0.1883 0.0400 0.0816 
        D768  1 0.0288 0.0162 0.8840 0.0144 0.0217 0.0166 0.0182 
        D811  1 0.2612 0.4187 0.0386 0.0999 0.0249 0.1332 0.0235 
        D816  1 0.0217 0.0198 0.8757 0.0201 0.0202 0.0265 0.0159 
        D825  1 0.1372 0.4920 0.1067 0.0373 0.0484 0.1616 0.0168 
        D866  1 0.0812 0.1211 0.0540 0.0234 0.0283 0.4064 0.2856 
        D867  1 0.0538 0.0409 0.0302 0.0841 0.7366 0.0208 0.0336 
        D871  1 0.7691 0.0535 0.0606 0.0233 0.0298 0.0424 0.0215 
        D872  1 0.1015 0.2505 0.3673 0.0626 0.1249 0.0490 0.0441 
        D873  1 0.0158 0.8902 0.0090 0.0438 0.0176 0.0113 0.0123 
        D874  1 0.0472 0.0228 0.0676 0.7369 0.0177 0.0859 0.0219 
        D875  1 0.6961 0.1296 0.0436 0.0252 0.0729 0.0182 0.0144 
        D876  1 0.0835 0.0654 0.5030 0.0895 0.1146 0.1167 0.0273 
        D877  1 0.2074 0.0724 0.0646 0.3910 0.0167 0.2182 0.0297 
        D892  1 0.0808 0.0630 0.3223 0.0468 0.3253 0.1417 0.0201 
        D893  1 0.0812 0.0584 0.6567 0.0499 0.0920 0.0250 0.0369 
        D894  1 0.1702 0.0498 0.5161 0.0338 0.0699 0.1262 0.0340 
        D915  1 0.0454 0.1494 0.6046 0.0231 0.1009 0.0518 0.0248 
        D916  1 0.0219 0.0219 0.8895 0.0118 0.0182 0.0232 0.0135 
        D917  1 0.1536 0.0441 0.1648 0.1635 0.0381 0.3542 0.0817 
        D925  1 0.0359 0.5716 0.1951 0.0217 0.0427 0.1107 0.0223 
        D926  1 0.1773 0.0715 0.4619 0.0575 0.1027 0.1031 0.0260 
        D927  1 0.1165 0.0308 0.3577 0.0537 0.0675 0.0837 0.2900 
        D928  1 0.0364 0.0365 0.0927 0.0276 0.0116 0.7799 0.0152 
        D929  1 0.0828 0.0640 0.0355 0.6390 0.1032 0.0571 0.0183 
        D936  1 0.0595 0.0505 0.5206 0.2103 0.0363 0.0403 0.0824 
        D938  1 0.0298 0.0637 0.0461 0.0382 0.7771 0.0301 0.0149 
        D956  1 0.0739 0.0725 0.0360 0.0384 0.0193 0.7331 0.0268 
        D957  1 0.0609 0.5236 0.1635 0.0842 0.1051 0.0357 0.0270 
        D958  1 0.0780 0.1811 0.3630 0.0697 0.1567 0.1302 0.0214 
        D959  1 0.0549 0.0159 0.7840 0.0126 0.0856 0.0202 0.0267 
        D960  1 0.0398 0.1022 0.0291 0.0621 0.7041 0.0418 0.0210 
        D989  1 0.0669 0.0245 0.0384 0.0346 0.0445 0.7090 0.0820 
        D990  1 0.0534 0.7382 0.0198 0.0207 0.0432 0.0734 0.0514 
        D023  2 0.0846 0.0305 0.1823 0.0221 0.6328 0.0264 0.0213 
        D130  2 0.0337 0.0269 0.0777 0.0246 0.7985 0.0149 0.0238 
        D131  2 0.4402 0.0872 0.2746 0.0459 0.0388 0.0468 0.0664 
        D163  2 0.0535 0.0534 0.0963 0.0327 0.6809 0.0618 0.0213 
        D164  2 0.0183 0.4165 0.0187 0.0211 0.0338 0.0110 0.4805 
        D165  2 0.0591 0.0245 0.0886 0.0311 0.7434 0.0251 0.0281 
        D166  2 0.3722 0.1735 0.0584 0.1652 0.1510 0.0226 0.0572 
        D167  2 0.0249 0.0339 0.0176 0.0156 0.0177 0.0372 0.8531 
        D192  2 0.0186 0.0192 0.0103 0.0252 0.0146 0.0174 0.8947 
        D193  2 0.1081 0.1807 0.0320 0.2842 0.1184 0.2289 0.0477 
        D206  2 0.1737 0.0596 0.3221 0.0758 0.1551 0.0291 0.1845 
        D207  2 0.1095 0.0402 0.0479 0.0441 0.0399 0.0266 0.6918 
        D208  2 0.1098 0.1288 0.0748 0.0973 0.0675 0.3082 0.2136 
        D209  2 0.2733 0.1449 0.0738 0.1930 0.0626 0.0289 0.2235 
        D210  2 0.0450 0.0253 0.0811 0.0350 0.0535 0.6193 0.1408 
     D229599  2 0.1686 0.1485 0.2223 0.2180 0.0743 0.1043 0.0640 
     D229600  2 0.0599 0.0674 0.0351 0.0346 0.5547 0.0234 0.2249 
     D237227  2 0.0576 0.2812 0.0447 0.0339 0.0420 0.4910 0.0495 
     D237228  2 0.0903 0.6276 0.0143 0.0238 0.0201 0.1826 0.0414 
     D237258  2 0.1590 0.1470 0.0916 0.1395 0.1410 0.0948 0.2271 
     D237310  2 0.1605 0.6229 0.0174 0.0804 0.0510 0.0399 0.0278 
     D237311  2 0.0513 0.6790 0.0148 0.0297 0.0733 0.0263 0.1256 
     D237312  2 0.1285 0.4208 0.0295 0.1887 0.1671 0.0457 0.0197 
     D237313  2 0.1689 0.2149 0.2425 0.1117 0.0954 0.1246 0.0420 
     D237322  2 0.3311 0.1721 0.0358 0.1370 0.0786 0.1225 0.1231 
     D237323  2 0.0671 0.5911 0.0223 0.0373 0.0702 0.1849 0.0270 
     D237324  2 0.2311 0.0548 0.0773 0.0433 0.3114 0.0215 0.2606 
     D237325  2 0.0788 0.3711 0.0350 0.0944 0.2948 0.0776 0.0483 
     D237326  2 0.0374 0.6493 0.1000 0.0425 0.0547 0.0770 0.0391 
     D237327  2 0.2277 0.0406 0.0801 0.0832 0.1794 0.0774 0.3116 
     D237337  2 0.0263 0.8512 0.0190 0.0194 0.0396 0.0274 0.0170 
     D237338  2 0.1077 0.2603 0.0643 0.1145 0.2601 0.1234 0.0697 
     D237339  2 0.0867 0.0343 0.0625 0.5590 0.0257 0.0244 0.2073 
     D237340  2 0.0828 0.3674 0.0217 0.0761 0.1579 0.1495 0.1446 
     D237389  2 0.0470 0.7510 0.0225 0.0554 0.0513 0.0249 0.0480 
     D237390  2 0.0721 0.4163 0.0536 0.1183 0.2480 0.0558 0.0359 
     D244017  2 0.1365 0.1601 0.0322 0.0487 0.0326 0.3269 0.2630 
     D244112  2 0.0455 0.0650 0.0151 0.0182 0.0543 0.0220 0.7799 
     D244118  2 0.0248 0.0705 0.0135 0.0477 0.3374 0.0309 0.4752 
     D244119  2 0.0209 0.0365 0.0218 0.0130 0.0167 0.6791 0.2120 
     D244120  2 0.0758 0.1043 0.0132 0.1593 0.0505 0.0643 0.5326 
     D244122  2 0.0615 0.0696 0.0385 0.0618 0.0927 0.0501 0.6258 
        D291  2 0.3703 0.0622 0.0752 0.0299 0.0931 0.0302 0.3391 
        D292  2 0.0641 0.1516 0.2118 0.0642 0.0324 0.1355 0.3404 
        D293  2 0.0321 0.0158 0.1344 0.0455 0.0126 0.0185 0.7410 
        D322  2 0.0675 0.0556 0.2054 0.0918 0.0391 0.0267 0.5140 
        D323  2 0.2649 0.1340 0.1110 0.2553 0.0653 0.0549 0.1147 
        D324  2 0.2609 0.1021 0.2211 0.0334 0.1367 0.0911 0.1547 
        D325  2 0.0233 0.0131 0.0306 0.0172 0.0121 0.0129 0.8907 
        D326  2 0.0222 0.0141 0.8855 0.0187 0.0127 0.0306 0.0162 
        D340  2 0.0174 0.0205 0.0285 0.0188 0.0180 0.0159 0.8809 
        D341  2 0.0468 0.0487 0.0367 0.0395 0.0712 0.0515 0.7056 
        D342  2 0.0897 0.1394 0.0257 0.0303 0.0999 0.0219 0.5932 
        D343  2 0.0151 0.0095 0.0176 0.0115 0.0134 0.0105 0.9224 
        D344  2 0.1131 0.0838 0.2013 0.5010 0.0361 0.0197 0.0451 
        D345  2 0.1049 0.3958 0.1985 0.1192 0.0746 0.0599 0.0471 
        D346  2 0.0997 0.0524 0.0791 0.0476 0.0343 0.6110 0.0760 
        D351  2 0.3287 0.0905 0.2774 0.0667 0.0807 0.0291 0.1268 
        D352  2 0.0749 0.0656 0.0222 0.7520 0.0202 0.0377 0.0274 
        D353  2 0.4387 0.0188 0.3337 0.1343 0.0252 0.0148 0.0345 
        D354  2 0.0565 0.0652 0.0787 0.7178 0.0195 0.0497 0.0126 
        D362  2 0.0339 0.0504 0.8111 0.0220 0.0292 0.0336 0.0199 
        D363  2 0.0395 0.0548 0.7878 0.0255 0.0227 0.0463 0.0235 
        D364  2 0.0491 0.1432 0.3789 0.3053 0.0441 0.0560 0.0234 
        D365  2 0.0189 0.0156 0.0374 0.0286 0.0133 0.0216 0.8646 
        D369  2 0.1196 0.1614 0.2189 0.0281 0.0627 0.2210 0.1883 
        D374  2 0.0389 0.1448 0.0261 0.2024 0.0258 0.5382 0.0238 
        D375  2 0.0445 0.0358 0.0236 0.8336 0.0295 0.0213 0.0117 
        D376  2 0.0458 0.1345 0.0174 0.1979 0.0281 0.5423 0.0339 
        D377  2 0.1897 0.4125 0.0439 0.1168 0.0920 0.0782 0.0668 
        D378  2 0.1378 0.0401 0.2612 0.1423 0.0987 0.0326 0.2873 
        D379  2 0.0347 0.0321 0.8051 0.0494 0.0300 0.0302 0.0186 
        D384  2 0.0193 0.0153 0.8837 0.0134 0.0138 0.0394 0.0151 
        D385  2 0.0332 0.0370 0.0235 0.1853 0.0242 0.0373 0.6596 
        D386  2 0.1236 0.0423 0.2325 0.4280 0.0822 0.0238 0.0676 
        D391  2 0.0373 0.0305 0.0434 0.0694 0.0194 0.0205 0.7795 
        D392  2 0.0627 0.1375 0.0776 0.0248 0.0370 0.0684 0.5921 
        D393  2 0.0892 0.0773 0.3596 0.1879 0.0862 0.0407 0.1591 
        D394  2 0.1347 0.2811 0.0868 0.2012 0.1962 0.0478 0.0523 
        D395  2 0.0578 0.0266 0.0236 0.6785 0.0255 0.0204 0.1677 
        D401  2 0.0297 0.8621 0.0215 0.0132 0.0170 0.0381 0.0183 
        D402  2 0.0254 0.0212 0.0163 0.0556 0.0165 0.0178 0.8474 
        D403  2 0.2038 0.0452 0.3734 0.1387 0.1813 0.0277 0.0299 
        D415  2 0.1469 0.1150 0.6221 0.0306 0.0510 0.0146 0.0198 
        D435  2 0.0422 0.0404 0.6336 0.0434 0.0465 0.0193 0.1746 
        D436  2 0.0529 0.0518 0.2081 0.5498 0.0639 0.0492 0.0243 
        D438  2 0.0207 0.0157 0.0163 0.0190 0.0183 0.0200 0.8900 
        D439  2 0.1149 0.1252 0.1216 0.4875 0.0518 0.0247 0.0743 
        D449  2 0.1634 0.0519 0.1971 0.0314 0.0412 0.0242 0.4908 
        D450  2 0.2322 0.0490 0.1191 0.2513 0.0884 0.2276 0.0323 
        D456  2 0.0324 0.0120 0.8761 0.0142 0.0224 0.0285 0.0144 
        D462  2 0.0244 0.0162 0.0493 0.0559 0.0194 0.0160 0.8186 
        D463  2 0.0202 0.0187 0.8778 0.0220 0.0129 0.0363 0.0121 
        D464  2 0.3163 0.0347 0.1020 0.4444 0.0247 0.0347 0.0432 
        D465  2 0.1068 0.1177 0.3519 0.0318 0.0297 0.0355 0.3268 
        D473  2 0.0738 0.1441 0.0335 0.1198 0.0654 0.5295 0.0339 
        D474  2 0.0412 0.0778 0.6274 0.0294 0.0376 0.0904 0.0963 
        D476  2 0.0466 0.0242 0.0344 0.3877 0.4224 0.0172 0.0675 
        D477  2 0.1058 0.1735 0.2966 0.2857 0.0307 0.0786 0.0290 
        D478  2 0.2679 0.0854 0.0683 0.1421 0.2204 0.1555 0.0605 
        D480  2 0.0896 0.0357 0.3250 0.1833 0.0331 0.2009 0.1324 
        D481  2 0.1058 0.1442 0.3125 0.1514 0.0924 0.1377 0.0560 
        D482  2 0.1091 0.1282 0.0197 0.4732 0.0644 0.1460 0.0594 
        D483  2 0.0296 0.0292 0.0222 0.0216 0.0244 0.0781 0.7948 
        D484  2 0.0302 0.0201 0.0121 0.8842 0.0135 0.0175 0.0224 
        D510  2 0.0376 0.0549 0.0257 0.0825 0.0429 0.7022 0.0542 
        D511  2 0.0886 0.0437 0.1190 0.5768 0.0568 0.0255 0.0896 
        D512  2 0.1719 0.5896 0.0350 0.0445 0.0494 0.0176 0.0920 
        D513  2 0.0789 0.0521 0.1535 0.0299 0.0451 0.0590 0.5814 
        D635  2 0.1324 0.0534 0.4942 0.0174 0.2231 0.0428 0.0367 
        D636  2 0.0531 0.1196 0.0595 0.0177 0.7045 0.0287 0.0170 
        D637  2 0.1192 0.1287 0.0381 0.3476 0.0725 0.0833 0.2106 
        D658  2 0.0480 0.0766 0.0331 0.3118 0.0494 0.1311 0.3500 
        D659  2 0.0508 0.0216 0.7544 0.0431 0.0611 0.0368 0.0323 
        D677  2 0.0697 0.0837 0.3189 0.0583 0.3444 0.0246 0.1004 
        D678  2 0.1658 0.1529 0.0285 0.0464 0.0451 0.0189 0.5423 
        D679  2 0.1364 0.0410 0.5322 0.0845 0.0498 0.0660 0.0900 
        D719  2 0.0406 0.0590 0.1645 0.0379 0.0179 0.5374 0.1427 
        D720  2 0.0402 0.0313 0.7685 0.0213 0.0407 0.0677 0.0302 
        D721  2 0.1004 0.0341 0.1138 0.0413 0.6320 0.0402 0.0382 
        D722  2 0.0681 0.1938 0.0374 0.2270 0.0367 0.3608 0.0761 
        D734  2 0.0361 0.0172 0.0249 0.5563 0.0157 0.2886 0.0611 
        D735  2 0.2588 0.1293 0.2444 0.0879 0.0684 0.1433 0.0679 
        D736  2 0.0789 0.0635 0.0835 0.0648 0.0692 0.5324 0.1078 
        D737  2 0.0717 0.0826 0.0286 0.2406 0.1106 0.0743 0.3917 
        D807  2 0.0729 0.1344 0.1632 0.1271 0.0708 0.3308 0.1010 
        D808  2 0.2380 0.3262 0.0773 0.0464 0.1551 0.0462 0.1109 
        D817  2 0.1107 0.1108 0.5273 0.1342 0.0379 0.0457 0.0333 
        D818  2 0.2467 0.0284 0.0715 0.0327 0.1842 0.0291 0.4074 
        D819  2 0.2461 0.3589 0.1914 0.0508 0.0629 0.0509 0.0390 
        D820  2 0.0355 0.0159 0.7795 0.0594 0.0335 0.0295 0.0467 
        D895  2 0.1775 0.0899 0.5040 0.0621 0.0907 0.0472 0.0286 
        D896  2 0.0168 0.8853 0.0160 0.0165 0.0198 0.0324 0.0133 
        D897  2 0.1122 0.0622 0.0534 0.0645 0.0533 0.0282 0.6264 
        D898  2 0.2331 0.5074 0.0559 0.0664 0.0437 0.0532 0.0402 
        D918  2 0.1426 0.1232 0.0381 0.1047 0.3903 0.0832 0.1179 
        D919  2 0.1331 0.0365 0.1832 0.4177 0.0437 0.0301 0.1557 
        D920  2 0.0415 0.0433 0.0285 0.0346 0.7713 0.0588 0.0219 
        D923  2 0.0527 0.0312 0.7475 0.0922 0.0206 0.0330 0.0228 
        D930  2 0.2243 0.0879 0.2131 0.1870 0.0485 0.1813 0.0579 
        D931  2 0.0782 0.0594 0.3080 0.3345 0.0411 0.0522 0.1265 
        D968  2 0.0239 0.0132 0.0206 0.0185 0.0111 0.0122 0.9006 
        D969  2 0.1290 0.0843 0.2571 0.0494 0.0490 0.1222 0.3091 
        D977  2 0.0710 0.0233 0.0392 0.0344 0.0395 0.0228 0.7698 
        D978  2 0.4817 0.0418 0.0315 0.0481 0.0536 0.0586 0.2847 
        D211  3 0.0845 0.0524 0.0664 0.0359 0.7081 0.0310 0.0217 
     D229639  3 0.0886 0.0967 0.0941 0.0361 0.0322 0.1994 0.4529 
     D237212  3 0.1637 0.1129 0.1012 0.3155 0.1133 0.0426 0.1508 
     D237213  3 0.1962 0.3411 0.0805 0.1602 0.1524 0.0243 0.0454 
     D237214  3 0.1950 0.0251 0.0482 0.0169 0.6660 0.0315 0.0174 
     D237215  3 0.0425 0.0813 0.0217 0.0361 0.0162 0.1130 0.6892 
     D237216  3 0.6204 0.0420 0.0787 0.0622 0.1325 0.0271 0.0370 
     D237217  3 0.1796 0.0957 0.1528 0.0277 0.4625 0.0252 0.0565 
     D237218  3 0.1754 0.0379 0.0879 0.2002 0.2419 0.1081 0.1486 
     D237219  3 0.1386 0.4227 0.0513 0.0273 0.1974 0.1129 0.0498 
     D237382  3 0.2934 0.2963 0.0951 0.0662 0.0820 0.1208 0.0462 
     D244127  3 0.0600 0.6940 0.0285 0.0405 0.0615 0.0253 0.0903 
     D244129  3 0.2231 0.2111 0.1608 0.0951 0.1346 0.0649 0.1103 
     D244133  3 0.3128 0.1096 0.1143 0.0177 0.1162 0.2054 0.1240 
     D244134  3 0.0684 0.2031 0.0549 0.0297 0.0618 0.4718 0.1103 
     D244135  3 0.0673 0.0454 0.0507 0.0358 0.7275 0.0180 0.0555 
     D244136  3 0.2085 0.0628 0.2415 0.0583 0.0709 0.2674 0.0906 
        D416  3 0.2567 0.2267 0.2071 0.0460 0.0903 0.0450 0.1282 
        D417  3 0.0425 0.0507 0.7236 0.0276 0.1085 0.0258 0.0214 
        D419  3 0.1096 0.2059 0.1600 0.0455 0.2307 0.0953 0.1529 
        D565  3 0.0266 0.0174 0.0373 0.0185 0.0153 0.8705 0.0144 
        D566  3 0.0914 0.0788 0.0725 0.0308 0.0258 0.4152 0.2856 
        D567  3 0.0618 0.1037 0.6115 0.0556 0.0977 0.0343 0.0354 
        D568  3 0.0756 0.1033 0.2078 0.1837 0.2869 0.0190 0.1236 
        D569  3 0.1021 0.0330 0.0199 0.7007 0.0460 0.0356 0.0628 
        D573  3 0.0623 0.0320 0.1277 0.0249 0.0184 0.0306 0.7041 
        D574  3 0.1979 0.0962 0.0432 0.0590 0.0668 0.4712 0.0657 
        D575  3 0.1488 0.3039 0.1747 0.0476 0.0911 0.1740 0.0600 
        D576  3 0.0849 0.0263 0.0087 0.0293 0.0388 0.0395 0.7724 
        D577  3 0.1038 0.0346 0.6075 0.0529 0.1215 0.0521 0.0276 
        D578  3 0.1007 0.0391 0.0196 0.0124 0.7822 0.0173 0.0287 
        D579  3 0.0891 0.0799 0.1978 0.1162 0.0916 0.2944 0.1311 
        D660  3 0.2713 0.1720 0.0258 0.0844 0.0637 0.0219 0.3610 
        D661  3 0.1010 0.0337 0.0341 0.0856 0.2205 0.0319 0.4932 
        D663  3 0.1274 0.0301 0.0562 0.0440 0.0282 0.0310 0.6831 
        D664  3 0.1811 0.3281 0.0245 0.0518 0.2052 0.0769 0.1324 
        D665  3 0.5391 0.1614 0.0161 0.1302 0.0976 0.0138 0.0418 
        D666  3 0.0959 0.4907 0.1239 0.0464 0.0628 0.1491 0.0313 
        D009  4 0.1815 0.1472 0.1225 0.1706 0.3191 0.0353 0.0238 
        D057  4 0.0412 0.0190 0.0506 0.3279 0.3297 0.0455 0.1862 
        D109  4 0.1486 0.5716 0.0496 0.0429 0.1043 0.0620 0.0210 
     D237222  4 0.0591 0.0738 0.0369 0.0552 0.5969 0.1377 0.0404 
     D237223  4 0.1027 0.1286 0.0629 0.0824 0.4115 0.1286 0.0833 
     D237224  4 0.1140 0.1091 0.1862 0.2540 0.0628 0.0568 0.2171 
     D237225  4 0.2928 0.0922 0.1816 0.1019 0.2314 0.0662 0.0339 
     D237299  4 0.5736 0.1438 0.0173 0.0309 0.1520 0.0448 0.0376 
     D237300  4 0.0852 0.0596 0.0237 0.0305 0.0352 0.0694 0.6964 
     D237306  4 0.0604 0.1435 0.1077 0.0776 0.0835 0.4946 0.0327 
     D237307  4 0.1340 0.0441 0.4419 0.0323 0.0779 0.2106 0.0591 
     D237308  4 0.0827 0.1132 0.0641 0.2824 0.0738 0.0915 0.2924 
     D237309  4 0.1925 0.1269 0.2167 0.1316 0.2392 0.0328 0.0604 
     D237317  4 0.0823 0.0629 0.1916 0.0343 0.0567 0.5397 0.0324 
     D237318  4 0.0583 0.0246 0.0259 0.0146 0.0140 0.0252 0.8375 
     D237319  4 0.1660 0.1628 0.1132 0.0391 0.4053 0.0560 0.0575 
     D237320  4 0.0599 0.0981 0.0690 0.0355 0.5528 0.0421 0.1425 
     D237321  4 0.1329 0.0704 0.0672 0.0373 0.0600 0.0927 0.5394 
     D237397  4 0.0901 0.0840 0.0663 0.0557 0.3804 0.1620 0.1614 
     D237398  4 0.2307 0.0302 0.1066 0.0401 0.1033 0.0340 0.4551 
     D237399  4 0.1127 0.0728 0.1146 0.0557 0.2054 0.3417 0.0972 
     D244001  4 0.0428 0.0340 0.0337 0.0822 0.7107 0.0285 0.0681 
        D289  4 0.0816 0.0463 0.1045 0.2272 0.0963 0.3271 0.1170 
        D290  4 0.4665 0.1724 0.0876 0.0934 0.0954 0.0325 0.0521 
        D294  4 0.3215 0.0355 0.1181 0.2932 0.1498 0.0482 0.0336 
        D295  4 0.1040 0.2924 0.2939 0.0936 0.1152 0.0612 0.0397 
        D301  4 0.0358 0.0619 0.0248 0.0366 0.7223 0.0658 0.0528 
        D302  4 0.0605 0.0210 0.1583 0.6927 0.0343 0.0183 0.0150 
        D303  4 0.0517 0.1184 0.0362 0.1171 0.0404 0.5925 0.0436 
        D304  4 0.4303 0.0539 0.1178 0.0632 0.1001 0.1214 0.1132 
        D305  4 0.2778 0.0404 0.0197 0.5632 0.0489 0.0135 0.0364 
        D306  4 0.6256 0.1220 0.0573 0.0551 0.0504 0.0616 0.0280 
        D307  4 0.0341 0.0390 0.0161 0.0550 0.7421 0.0868 0.0268 
        D327  4 0.1199 0.0394 0.5955 0.0526 0.0565 0.0872 0.0491 
        D328  4 0.0430 0.1054 0.0258 0.6664 0.0316 0.1077 0.0201 
        D329  4 0.1939 0.1364 0.0981 0.2676 0.1571 0.0430 0.1040 
        D330  4 0.0829 0.2962 0.3604 0.1016 0.1053 0.0163 0.0373 
        D331  4 0.2221 0.1732 0.2232 0.0709 0.0859 0.1330 0.0918 
        D333  4 0.0719 0.1211 0.0891 0.3177 0.1678 0.1299 0.1025 
        D334  4 0.0966 0.0323 0.0805 0.0740 0.1259 0.5664 0.0245 
        D335  4 0.0617 0.0448 0.2872 0.5190 0.0236 0.0282 0.0355 
        D370  4 0.0516 0.5648 0.0454 0.2128 0.0343 0.0605 0.0306 
        D371  4 0.0440 0.0347 0.1445 0.0433 0.0203 0.6817 0.0315 
        D372  4 0.3642 0.0661 0.0153 0.0346 0.0275 0.0670 0.4254 
        D373  4 0.0635 0.0292 0.0446 0.0729 0.6645 0.0371 0.0882 
        D455  4 0.0362 0.0304 0.0299 0.0731 0.7639 0.0275 0.0391 
        D490  4 0.0220 0.0210 0.0182 0.0244 0.8834 0.0204 0.0105 
        D497  4 0.0408 0.0377 0.0173 0.0589 0.8008 0.0253 0.0192 
        D498  4 0.1930 0.3530 0.0981 0.0622 0.0758 0.1380 0.0800 
        D499  4 0.2085 0.1367 0.0327 0.1455 0.0316 0.1913 0.2536 
        D514  4 0.2504 0.1180 0.3072 0.1936 0.0718 0.0222 0.0368 
        D515  4 0.0826 0.0873 0.0583 0.0532 0.6552 0.0324 0.0310 
        D516  4 0.0780 0.2875 0.2472 0.0431 0.1748 0.0923 0.0771 
        D517  4 0.0733 0.0879 0.0522 0.0308 0.6684 0.0253 0.0621 
        D518  4 0.0324 0.0196 0.0423 0.5100 0.2828 0.0814 0.0315 
        D519  4 0.0436 0.0446 0.0425 0.0210 0.7590 0.0260 0.0634 
        D560  4 0.0558 0.0321 0.0799 0.0426 0.7146 0.0173 0.0577 
        D561  4 0.5092 0.1358 0.1066 0.0649 0.1010 0.0198 0.0627 
        D562  4 0.2736 0.0824 0.0600 0.1907 0.2102 0.0928 0.0902 
        D563  4 0.1567 0.0562 0.0470 0.2389 0.0805 0.0248 0.3958 
        D572  4 0.0619 0.0265 0.0887 0.6628 0.0965 0.0355 0.0281 
        D629  4 0.1471 0.0635 0.3702 0.0907 0.2556 0.0357 0.0371 
        D630  4 0.1383 0.0469 0.1414 0.1173 0.4160 0.0772 0.0629 
        D631  4 0.0492 0.0373 0.0269 0.6625 0.0717 0.0376 0.1148 
        D632  4 0.0584 0.0940 0.0686 0.2061 0.4456 0.0222 0.1051 
        D646  4 0.0507 0.1989 0.3023 0.0442 0.2986 0.0373 0.0680 
        D647  4 0.0585 0.0945 0.4425 0.0861 0.2395 0.0203 0.0586 
        D648  4 0.0362 0.0209 0.0139 0.8375 0.0244 0.0479 0.0193 
        D649  4 0.0753 0.1993 0.3505 0.2206 0.1070 0.0238 0.0235 
        D650  4 0.1424 0.0639 0.2501 0.1669 0.1947 0.1376 0.0444 
        D708  4 0.1865 0.0664 0.0444 0.3626 0.0659 0.2422 0.0319 
        D709  4 0.3437 0.4279 0.0342 0.0909 0.0420 0.0364 0.0249 
        D738  4 0.0526 0.1085 0.1239 0.0477 0.1632 0.4831 0.0210 
        D739  4 0.1805 0.0987 0.0402 0.1300 0.4823 0.0365 0.0319 
        D740  4 0.2967 0.2811 0.0227 0.0766 0.0669 0.1805 0.0755 
        D741  4 0.1551 0.0923 0.1552 0.0414 0.3380 0.0224 0.1956 
        D742  4 0.0919 0.0565 0.0502 0.1503 0.1081 0.1434 0.3996 
        D743  4 0.0630 0.0201 0.4743 0.3266 0.0332 0.0291 0.0537 
        D744  4 0.0685 0.0285 0.0418 0.7476 0.0363 0.0258 0.0514 
        D745  4 0.0447 0.0445 0.0325 0.0263 0.8000 0.0278 0.0242 
        D814  4 0.2502 0.0302 0.0764 0.1289 0.1695 0.0250 0.3199 
        D815  4 0.0998 0.1497 0.1388 0.4904 0.0388 0.0390 0.0434 
        D828  4 0.1876 0.1136 0.0149 0.4137 0.0459 0.1311 0.0931 
        D845  4 0.0469 0.0262 0.0310 0.0319 0.0207 0.1016 0.7416 
        D846  4 0.1171 0.0314 0.1947 0.4343 0.1068 0.0130 0.1026 
        D847  4 0.1914 0.0744 0.1084 0.0631 0.3095 0.1651 0.0882 
        D848  4 0.0773 0.0401 0.0196 0.0582 0.5957 0.0329 0.1762 
        D849  4 0.1685 0.1554 0.0521 0.0888 0.4788 0.0241 0.0323 
        D850  4 0.1656 0.0475 0.2775 0.0528 0.2034 0.1116 0.1416 
        D856  4 0.3870 0.3195 0.0479 0.0601 0.1140 0.0418 0.0297 
        D857  4 0.0346 0.7695 0.0105 0.0438 0.0531 0.0348 0.0537 
        D859  4 0.0667 0.0342 0.0791 0.6845 0.0545 0.0290 0.0521 
        D860  4 0.0551 0.0283 0.1067 0.0756 0.0264 0.5708 0.1370 
        D883  4 0.0865 0.1656 0.2242 0.1196 0.2570 0.1117 0.0354 
        D884  4 0.0694 0.2751 0.1291 0.1274 0.2924 0.0826 0.0240 
        D885  4 0.3039 0.0654 0.1955 0.1569 0.1289 0.0391 0.1103 
        D886  4 0.1005 0.2473 0.1755 0.0803 0.3124 0.0261 0.0580 
        D887  4 0.1404 0.1074 0.1106 0.2029 0.0823 0.1067 0.2496 
        D889  4 0.5214 0.0332 0.0639 0.1260 0.0474 0.0402 0.1678 
        D890  4 0.1628 0.2842 0.0714 0.2297 0.0847 0.1124 0.0548 
        D891  4 0.0453 0.0207 0.0140 0.0117 0.0165 0.0185 0.8732 
        D899  4 0.0672 0.0394 0.0404 0.1175 0.0328 0.1333 0.5694 
        D900  4 0.2507 0.1093 0.1704 0.1767 0.1143 0.0844 0.0943 
        D970  4 0.1923 0.0691 0.1771 0.3030 0.1032 0.0880 0.0674 
        D971  4 0.1325 0.0941 0.0879 0.1993 0.0470 0.0535 0.3858 
        D979  4 0.0563 0.0216 0.4173 0.3973 0.0322 0.0435 0.0317 
        D093  5 0.0362 0.0292 0.0432 0.0305 0.0561 0.7761 0.0286 
        D154  5 0.2827 0.0688 0.0330 0.0721 0.0558 0.0682 0.4194 
        D168  5 0.2435 0.1043 0.1197 0.0641 0.1581 0.0247 0.2856 
        D189  5 0.1080 0.0570 0.0564 0.0630 0.0581 0.5076 0.1499 
        D190  5 0.0315 0.0671 0.0348 0.0724 0.0245 0.7442 0.0256 
     D237220  5 0.1795 0.1459 0.0359 0.1129 0.3583 0.1330 0.0344 
     D237221  5 0.1063 0.0807 0.0838 0.0772 0.0608 0.4299 0.1613 
     D237274  5 0.0608 0.1008 0.5820 0.1696 0.0268 0.0175 0.0424 
     D237275  5 0.1114 0.0717 0.0195 0.0229 0.0259 0.0242 0.7244 
     D237276  5 0.0782 0.2364 0.1521 0.0853 0.2100 0.2025 0.0354 
     D237277  5 0.0658 0.0516 0.0335 0.0717 0.0282 0.6535 0.0956 
     D237278  5 0.1101 0.1502 0.0521 0.0989 0.0726 0.2758 0.2404 
     D237279  5 0.4359 0.2549 0.0501 0.0627 0.1287 0.0266 0.0412 
     D237280  5 0.1321 0.4667 0.1762 0.0489 0.0952 0.0638 0.0171 
     D237281  5 0.0367 0.0184 0.0255 0.0270 0.0154 0.0243 0.8527 
     D237351  5 0.0575 0.6962 0.0396 0.0360 0.0517 0.0922 0.0268 
     D237352  5 0.0791 0.0760 0.1206 0.2272 0.3741 0.0631 0.0599 
     D237353  5 0.0390 0.0663 0.0222 0.0541 0.0147 0.7819 0.0218 
     D237359  5 0.2572 0.0925 0.0424 0.0979 0.3516 0.0875 0.0710 
     D237361  5 0.0211 0.0551 0.0249 0.0227 0.0170 0.8366 0.0225 
     D237362  5 0.2054 0.1137 0.2698 0.1101 0.0744 0.1524 0.0743 
     D237363  5 0.6133 0.0797 0.0554 0.0311 0.0443 0.0538 0.1224 
     D237364  5 0.1697 0.0814 0.0958 0.2243 0.2441 0.0231 0.1616 
     D237376  5 0.1144 0.0643 0.0167 0.6210 0.0274 0.1129 0.0433 
     D237377  5 0.1403 0.3557 0.2095 0.0409 0.0349 0.1809 0.0378 
     D237378  5 0.0669 0.0577 0.0272 0.2199 0.0659 0.5077 0.0547 
     D237379  5 0.1285 0.0413 0.0287 0.4554 0.0548 0.2626 0.0286 
     D237380  5 0.0530 0.5715 0.0358 0.2038 0.0807 0.0375 0.0178 
     D237381  5 0.0902 0.3701 0.0606 0.1262 0.2037 0.0814 0.0678 
     D237391  5 0.0261 0.0217 0.0194 0.0202 0.0236 0.8731 0.0159 
     D237392  5 0.1055 0.0998 0.4878 0.0923 0.0485 0.0280 0.1381 
     D237393  5 0.0619 0.1729 0.3278 0.0374 0.0635 0.2768 0.0598 
     D237394  5 0.0248 0.0482 0.0236 0.0246 0.0169 0.8498 0.0121 
     D237395  5 0.2304 0.1096 0.0368 0.0430 0.1321 0.3806 0.0676 
     D237396  5 0.0872 0.0664 0.4759 0.0292 0.0590 0.2080 0.0743 
     D244016  5 0.3484 0.0818 0.0305 0.1912 0.0285 0.2452 0.0744 
     D244018  5 0.1024 0.0704 0.1134 0.0428 0.0804 0.2614 0.3292 
     D244019  5 0.3497 0.1118 0.1790 0.1314 0.0331 0.0613 0.1336 
        D279  5 0.2234 0.0913 0.0675 0.1873 0.1119 0.1171 0.2014 
        D280  5 0.2233 0.1467 0.1141 0.0361 0.0712 0.3205 0.0881 
        D281  5 0.1575 0.0234 0.0299 0.0283 0.0217 0.1003 0.6390 
        D283  5 0.0603 0.0747 0.1879 0.0343 0.0351 0.5452 0.0625 
        D284  5 0.3159 0.0923 0.0665 0.0550 0.3656 0.0401 0.0647 
        D285  5 0.1884 0.0669 0.0743 0.0587 0.0521 0.5130 0.0466 
        D286  5 0.1363 0.1046 0.1232 0.1796 0.1470 0.2641 0.0451 
        D287  5 0.1636 0.1343 0.0187 0.4138 0.0833 0.1571 0.0291 
        D288  5 0.1877 0.1629 0.3181 0.0214 0.0380 0.1446 0.1273 
        D308  5 0.0540 0.7653 0.0657 0.0237 0.0379 0.0337 0.0198 
        D309  5 0.0603 0.0283 0.0471 0.7902 0.0375 0.0213 0.0153 
        D310  5 0.1246 0.0352 0.0211 0.0289 0.0121 0.7596 0.0186 
        D311  5 0.1847 0.0624 0.1718 0.3265 0.0730 0.1381 0.0436 
        D312  5 0.1468 0.0668 0.1252 0.3205 0.1077 0.1775 0.0554 
        D313  5 0.0199 0.5593 0.0171 0.0122 0.3563 0.0239 0.0112 
        D314  5 0.2309 0.2031 0.0453 0.1547 0.1604 0.0921 0.1134 
        D315  5 0.1081 0.1777 0.1596 0.0572 0.0726 0.3768 0.0480 
        D317  5 0.0237 0.0202 0.0442 0.0181 0.0211 0.8545 0.0182 
        D318  5 0.2674 0.0822 0.1207 0.1831 0.1310 0.0925 0.1231 
        D319  5 0.0422 0.1153 0.0272 0.0231 0.0218 0.7427 0.0277 
        D320  5 0.0548 0.0737 0.0257 0.0801 0.0332 0.7056 0.0268 
        D321  5 0.0424 0.6522 0.0897 0.0203 0.0268 0.1182 0.0504 
        D336  5 0.0987 0.0402 0.0275 0.1494 0.0223 0.6430 0.0188 
        D337  5 0.0219 0.0211 0.0279 0.0447 0.0116 0.8445 0.0283 
        D338  5 0.1679 0.0737 0.1643 0.0663 0.1193 0.3148 0.0937 
        D339  5 0.0815 0.0646 0.0472 0.0289 0.0359 0.6832 0.0586 
        D347  5 0.1926 0.1007 0.2141 0.2365 0.0424 0.0771 0.1366 
        D348  5 0.0594 0.0334 0.0282 0.1868 0.0208 0.6413 0.0301 
        D349  5 0.0243 0.8619 0.0240 0.0196 0.0129 0.0384 0.0189 
        D350  5 0.0326 0.0260 0.0203 0.8521 0.0271 0.0188 0.0232 
        D355  5 0.2665 0.0299 0.0946 0.1085 0.0222 0.0323 0.4459 
        D356  5 0.0897 0.0806 0.2231 0.0712 0.1468 0.3554 0.0331 
        D357  5 0.2417 0.2759 0.0710 0.1386 0.0539 0.1487 0.0701 
        D358  5 0.1230 0.0991 0.0623 0.2054 0.0605 0.4105 0.0391 
        D359  5 0.0656 0.0750 0.2586 0.0780 0.0221 0.4848 0.0159 
        D360  5 0.0790 0.0438 0.0918 0.0422 0.1514 0.5674 0.0244 
        D361  5 0.0247 0.8570 0.0337 0.0165 0.0227 0.0261 0.0193 
        D366  5 0.0342 0.0213 0.7178 0.0189 0.0230 0.0247 0.1600 
        D367  5 0.1293 0.1861 0.0326 0.1909 0.0472 0.3900 0.0240 
        D368  5 0.1556 0.3386 0.0904 0.0564 0.0421 0.2904 0.0266 
        D380  5 0.2233 0.0745 0.0903 0.4534 0.0772 0.0411 0.0403 
        D381  5 0.0957 0.0877 0.0661 0.0636 0.0221 0.6024 0.0623 
        D400  5 0.1190 0.0480 0.0924 0.2265 0.0802 0.2840 0.1500 
        D411  5 0.1266 0.0502 0.0219 0.0277 0.7331 0.0129 0.0274 
        D412  5 0.2475 0.2160 0.1091 0.0911 0.0688 0.0971 0.1704 
        D413  5 0.1056 0.0304 0.0938 0.0604 0.0784 0.0387 0.5927 
        D414  5 0.0643 0.0278 0.0350 0.7247 0.0313 0.0224 0.0946 
        D420  5 0.4613 0.1049 0.0406 0.0289 0.2378 0.0523 0.0742 
        D431  5 0.2038 0.2745 0.0180 0.2441 0.0845 0.0726 0.1024 
        D432  5 0.0636 0.1150 0.0720 0.0511 0.0921 0.5473 0.0589 
        D433  5 0.0506 0.1947 0.0728 0.0521 0.0224 0.5328 0.0746 
        D434  5 0.0645 0.1389 0.1062 0.0518 0.0460 0.5631 0.0296 
        D440  5 0.0544 0.0271 0.0258 0.8385 0.0174 0.0195 0.0174 
        D447  5 0.2518 0.0622 0.3656 0.1024 0.1298 0.0295 0.0586 
        D448  5 0.1388 0.0628 0.0843 0.1586 0.0358 0.4300 0.0897 
        D459  5 0.0302 0.0261 0.0698 0.0481 0.0230 0.0280 0.7747 
        D460  5 0.0222 0.7933 0.0529 0.0272 0.0210 0.0657 0.0176 
        D461  5 0.0335 0.0336 0.0685 0.7982 0.0243 0.0276 0.0143 
        D468  5 0.2935 0.1645 0.2467 0.0688 0.0529 0.1273 0.0464 
        D469  5 0.0985 0.0875 0.5218 0.0740 0.0831 0.0945 0.0406 
        D470  5 0.1385 0.0808 0.0785 0.1866 0.3903 0.0839 0.0415 
        D471  5 0.0800 0.0545 0.0843 0.1400 0.0246 0.5480 0.0687 
        D472  5 0.0401 0.0184 0.6855 0.0148 0.0182 0.0230 0.2000 
        D479  5 0.0574 0.0432 0.0488 0.2072 0.0242 0.0280 0.5912 
        D485  5 0.1080 0.0988 0.0340 0.5899 0.0684 0.0587 0.0421 
        D486  5 0.4046 0.1252 0.1516 0.1055 0.1086 0.0615 0.0430 
        D487  5 0.0986 0.1134 0.0409 0.2229 0.0747 0.2969 0.1526 
        D555  5 0.0267 0.0330 0.0276 0.0252 0.0182 0.8271 0.0422 
        D556  5 0.2061 0.1353 0.0547 0.3068 0.0617 0.1489 0.0866 
        D557  5 0.0309 0.0580 0.0270 0.0464 0.0147 0.7901 0.0327 
        D564  5 0.0577 0.2795 0.0469 0.2874 0.0615 0.2442 0.0227 
        D594  5 0.1951 0.2293 0.2182 0.1765 0.0326 0.0674 0.0810 
        D595  5 0.1523 0.1021 0.1646 0.0870 0.0500 0.3393 0.1047 
        D596  5 0.0313 0.0489 0.0227 0.0240 0.0185 0.8213 0.0334 
        D597  5 0.0664 0.0418 0.1180 0.0939 0.0297 0.3397 0.3105 
        D598  5 0.0615 0.0837 0.0885 0.1113 0.1963 0.4080 0.0507 
        D617  5 0.1287 0.0623 0.0272 0.0402 0.5806 0.0157 0.1452 
        D618  5 0.0604 0.0711 0.0692 0.0651 0.0504 0.6216 0.0621 
        D619  5 0.0438 0.5894 0.1400 0.0849 0.0175 0.0706 0.0538 
        D620  5 0.0212 0.0238 0.0538 0.0188 0.0246 0.0376 0.8200 
        D628  5 0.0490 0.0576 0.0295 0.7056 0.0857 0.0508 0.0218 
        D714  5 0.1424 0.0576 0.0197 0.4895 0.0346 0.1558 0.1004 
        D715  5 0.0282 0.0360 0.0474 0.0365 0.0248 0.7819 0.0453 
        D716  5 0.2629 0.0446 0.1400 0.2794 0.0663 0.0528 0.1541 
        D717  5 0.1476 0.0991 0.2318 0.1106 0.1122 0.2407 0.0581 
        D718  5 0.4680 0.2025 0.0249 0.0904 0.0919 0.0634 0.0590 
        D769  5 0.1039 0.0598 0.0361 0.0817 0.5931 0.0257 0.0997 
        D770  5 0.1226 0.0573 0.0412 0.4791 0.0286 0.0884 0.1828 
        D771  5 0.1817 0.1268 0.0526 0.1389 0.1156 0.0771 0.3073 
        D772  5 0.0551 0.0350 0.0314 0.7015 0.0562 0.0994 0.0215 
        D782  5 0.3670 0.1885 0.0662 0.0310 0.0508 0.0464 0.2500 
        D783  5 0.1134 0.0514 0.0251 0.4879 0.0323 0.0879 0.2020 
        D784  5 0.1703 0.0588 0.2436 0.2463 0.0646 0.1613 0.0551 
        D785  5 0.0478 0.1461 0.0468 0.1371 0.0466 0.5541 0.0216 
        D786  5 0.0944 0.0702 0.1838 0.1939 0.3861 0.0231 0.0485 
        D821  5 0.0226 0.0197 0.0133 0.0383 0.0100 0.8839 0.0122 
        D822  5 0.2217 0.1336 0.2440 0.1602 0.0303 0.1235 0.0866 
        D826  5 0.1494 0.0990 0.0541 0.1006 0.0405 0.3600 0.1964 
        D827  5 0.1340 0.0390 0.4634 0.1020 0.1356 0.0336 0.0924 
        D851  5 0.3296 0.1339 0.1143 0.0921 0.0703 0.1959 0.0639 
        D852  5 0.0500 0.1788 0.0257 0.4501 0.0523 0.1466 0.0965 
        D853  5 0.2121 0.1203 0.0864 0.0612 0.0783 0.3616 0.0802 
        D854  5 0.3293 0.1406 0.1185 0.1373 0.0709 0.0236 0.1797 
        D861  5 0.2520 0.1714 0.0749 0.0746 0.1121 0.1480 0.1670 
        D862  5 0.1437 0.1037 0.3436 0.1365 0.0425 0.1951 0.0349 
        D865  5 0.0591 0.1528 0.0262 0.0496 0.0324 0.6204 0.0594 
        D868  5 0.0496 0.0477 0.6408 0.0269 0.0779 0.1231 0.0340 
        D869  5 0.0742 0.0657 0.0605 0.0211 0.7066 0.0353 0.0366 
        D870  5 0.7807 0.0680 0.0415 0.0190 0.0327 0.0153 0.0428 
        D907  5 0.1238 0.1383 0.0338 0.0274 0.0448 0.5941 0.0377 
        D908  5 0.0428 0.2032 0.0236 0.2586 0.0305 0.2477 0.1936 
        D910  5 0.0773 0.0646 0.1100 0.0969 0.0413 0.3062 0.3036 
        D911  5 0.2390 0.0371 0.0765 0.0321 0.0357 0.0423 0.5373 
        D934  5 0.2663 0.0680 0.0490 0.4142 0.0386 0.0429 0.1211 
        D946  5 0.0932 0.3014 0.0209 0.4244 0.0454 0.0414 0.0733 
        D947  5 0.3044 0.0804 0.1620 0.2526 0.0983 0.0427 0.0595 
        D948  5 0.0210 0.7897 0.0365 0.0141 0.0154 0.1016 0.0218 
        D949  5 0.0256 0.7797 0.0635 0.0193 0.0229 0.0730 0.0160 
        D950  5 0.1667 0.0301 0.0739 0.0567 0.0230 0.0460 0.6035 
        D951  5 0.3178 0.1079 0.3613 0.1150 0.0353 0.0267 0.0359 
        D952  5 0.0331 0.0445 0.7026 0.0450 0.0327 0.0973 0.0448 
        D953  5 0.0538 0.0781 0.0669 0.0388 0.0323 0.6991 0.0310 
        D954  5 0.1096 0.1101 0.4094 0.0387 0.0206 0.2807 0.0309 
        D961  5 0.1640 0.1380 0.0269 0.5226 0.0569 0.0563 0.0352 
        D962  5 0.0580 0.0519 0.0394 0.5418 0.0328 0.2638 0.0122 
        D963  5 0.1157 0.0378 0.2999 0.1705 0.0511 0.2819 0.0432 
        D964  5 0.3199 0.1487 0.0430 0.1817 0.1634 0.0611 0.0822 
        D965  5 0.1147 0.0636 0.0575 0.5487 0.0817 0.0516 0.0822 
        D966  5 0.1082 0.0402 0.1790 0.2731 0.0504 0.2565 0.0925 
        D967  5 0.1276 0.3273 0.0352 0.0420 0.0421 0.2391 0.1866 
        D991  5 0.0865 0.1055 0.0658 0.4380 0.1901 0.0824 0.0316 
        D502  6 0.5520 0.0772 0.0201 0.1455 0.0972 0.0112 0.0968 
        D503  6 0.1742 0.1426 0.0290 0.0319 0.2574 0.0925 0.2723 
        D504  6 0.1179 0.0772 0.3222 0.1651 0.1046 0.1407 0.0722 
        D505  6 0.1742 0.0783 0.0959 0.1471 0.0969 0.2802 0.1275 
        D506  6 0.0250 0.0210 0.0272 0.0198 0.0172 0.8758 0.0139 
        D507  6 0.1224 0.0479 0.0417 0.6311 0.0548 0.0319 0.0702 
        D508  6 0.3520 0.1272 0.1759 0.1544 0.0616 0.0384 0.0905 
        D529  6 0.1770 0.0741 0.1196 0.0556 0.3512 0.1607 0.0617 
        D530  6 0.2391 0.2098 0.0259 0.3491 0.0713 0.0577 0.0472 
        D531  6 0.2076 0.0933 0.2377 0.1317 0.1455 0.1234 0.0609 
        D532  6 0.1821 0.0966 0.2562 0.1885 0.0429 0.1556 0.0780 
        D534  6 0.0617 0.1378 0.0526 0.0592 0.6001 0.0332 0.0553 
        D535  6 0.1303 0.2269 0.2292 0.0817 0.0424 0.2572 0.0324 
        D536  6 0.1254 0.0419 0.0311 0.0581 0.1314 0.0200 0.5921 
        D554  6 0.2303 0.1438 0.0503 0.3040 0.1048 0.1345 0.0323 
        D587  6 0.0410 0.0403 0.0834 0.0342 0.0426 0.7221 0.0364 
        D588  6 0.1801 0.1302 0.2211 0.0332 0.0357 0.3498 0.0499 
        D589  6 0.3011 0.1108 0.0585 0.0529 0.0806 0.1207 0.2753 
        D590  6 0.0529 0.0769 0.0586 0.0352 0.0368 0.0399 0.6997 
        D591  6 0.4647 0.0671 0.0520 0.0421 0.1034 0.1520 0.1186 
        D592  6 0.0698 0.1448 0.0587 0.0257 0.5635 0.1005 0.0370 
        D593  6 0.2129 0.0730 0.0164 0.5673 0.0341 0.0611 0.0353 
        D682  6 0.0376 0.0305 0.0264 0.0212 0.0240 0.8367 0.0235 
        D683  6 0.1069 0.0337 0.4341 0.0294 0.0459 0.3273 0.0228 
        D684  6 0.3591 0.0863 0.0347 0.0338 0.2663 0.0215 0.1983 
        D685  6 0.6958 0.0957 0.0142 0.0447 0.0435 0.0277 0.0784 
        D686  6 0.1469 0.3499 0.0613 0.1970 0.0238 0.1823 0.0388 
        D724  6 0.2607 0.2187 0.1349 0.1911 0.0925 0.0205 0.0817 
        D725  6 0.2126 0.0509 0.0419 0.4197 0.0729 0.0597 0.1424 
        D726  6 0.0320 0.0270 0.0266 0.0269 0.0299 0.8404 0.0171 
        D727  6 0.1159 0.0625 0.3188 0.0262 0.0307 0.0606 0.3852 
        D728  6 0.2105 0.1406 0.0572 0.1593 0.0503 0.3592 0.0229 
        D729  6 0.0798 0.2599 0.4070 0.0170 0.0273 0.0202 0.1888 
        D730  6 0.1358 0.2098 0.1419 0.1961 0.1834 0.0285 0.1046 
        D731  6 0.0188 0.0298 0.0138 0.0181 0.0161 0.7944 0.1090 
        D732  6 0.0983 0.0343 0.2117 0.5191 0.0689 0.0273 0.0404 
        D733  6 0.0657 0.0650 0.0443 0.6230 0.1228 0.0451 0.0340 
     D237251  7 0.1156 0.1308 0.0486 0.2013 0.0858 0.0574 0.3605 
     D237252  7 0.1664 0.1643 0.0321 0.0716 0.4016 0.0221 0.1418 
     D237253  7 0.2747 0.0867 0.0635 0.0566 0.0689 0.2098 0.2398 
     D237254  7 0.0830 0.0154 0.0189 0.0126 0.8352 0.0167 0.0181 
     D237255  7 0.0799 0.0236 0.0252 0.0421 0.0377 0.0362 0.7553 
     D237256  7 0.3600 0.0584 0.0714 0.1245 0.0253 0.0350 0.3254 
     D237257  7 0.4715 0.1518 0.0511 0.0574 0.1768 0.0236 0.0678 
