        D174  1 0.2131 0.4476 0.0438 0.1700 0.1255 
        D199  1 0.1007 0.2149 0.2667 0.0528 0.3648 
        D203  1 0.1283 0.0819 0.2681 0.1850 0.3366 
        D204  1 0.0501 0.0245 0.0419 0.0310 0.8525 
     D237366  1 0.2401 0.0838 0.1232 0.4153 0.1376 
     D237367  1 0.1863 0.0429 0.0713 0.1676 0.5320 
     D237368  1 0.0589 0.0714 0.1402 0.5315 0.1981 
     D244101  1 0.0818 0.0447 0.2267 0.0268 0.6200 
     D244102  1 0.3795 0.1524 0.0954 0.2225 0.1502 
     D244103  1 0.4671 0.0523 0.0699 0.0997 0.3111 
     D244104  1 0.0226 0.1716 0.0547 0.0551 0.6960 
     D244105  1 0.1629 0.0237 0.0242 0.5946 0.1946 
     D244106  1 0.2002 0.5632 0.1129 0.0531 0.0706 
     D244107  1 0.0539 0.0170 0.1353 0.6170 0.1768 
     D244108  1 0.1198 0.4070 0.0524 0.2586 0.1621 
     D244113  1 0.3257 0.5528 0.0526 0.0389 0.0299 
     D244114  1 0.3971 0.1630 0.2273 0.0671 0.1455 
     D244115  1 0.1458 0.4077 0.0397 0.2019 0.2049 
     D267365  1 0.0912 0.3933 0.0477 0.0691 0.3988 
        D404  1 0.3896 0.5002 0.0476 0.0276 0.0351 
        D405  1 0.3678 0.2204 0.1604 0.0960 0.1554 
        D406  1 0.0220 0.0278 0.0142 0.8805 0.0555 
        D407  1 0.0724 0.0254 0.1079 0.0953 0.6990 
        D408  1 0.1142 0.7563 0.0501 0.0301 0.0493 
        D409  1 0.7566 0.0652 0.0416 0.0493 0.0873 
        D410  1 0.0379 0.0272 0.0134 0.8346 0.0869 
        D421  1 0.0147 0.0314 0.0313 0.0159 0.9066 
        D422  1 0.0297 0.0153 0.0356 0.8741 0.0452 
        D423  1 0.0229 0.0153 0.0471 0.8693 0.0455 
        D424  1 0.0838 0.0342 0.0193 0.0801 0.7826 
        D425  1 0.1295 0.2007 0.0356 0.0568 0.5774 
        D426  1 0.5205 0.0631 0.2307 0.0713 0.1145 
        D427  1 0.0257 0.1690 0.5539 0.0339 0.2175 
        D428  1 0.1152 0.1679 0.0825 0.1535 0.4809 
        D429  1 0.1377 0.2818 0.0727 0.0508 0.4571 
        D430  1 0.4834 0.2139 0.1306 0.0550 0.1172 
        D491  1 0.0816 0.7051 0.0228 0.0542 0.1364 
        D492  1 0.1622 0.2032 0.0868 0.1751 0.3727 
        D537  1 0.0428 0.0302 0.0247 0.0709 0.8315 
        D538  1 0.3616 0.1278 0.1385 0.3030 0.0691 
        D539  1 0.1659 0.4234 0.1342 0.1953 0.0811 
        D540  1 0.2675 0.0865 0.0722 0.1281 0.4458 
        D541  1 0.0263 0.0281 0.0190 0.0365 0.8901 
        D551  1 0.1540 0.0671 0.6017 0.0635 0.1137 
        D552  1 0.0542 0.2552 0.0594 0.4000 0.2311 
        D553  1 0.0202 0.0191 0.0170 0.0195 0.9242 
        D615  1 0.1487 0.1394 0.1308 0.1863 0.3947 
        D616  1 0.1143 0.1407 0.1997 0.2750 0.2704 
        D621  1 0.0623 0.0888 0.0540 0.7628 0.0321 
        D622  1 0.0536 0.0474 0.0330 0.8148 0.0513 
        D623  1 0.1985 0.4251 0.2696 0.0455 0.0614 
        D624  1 0.0526 0.8086 0.0256 0.0624 0.0508 
        D625  1 0.0668 0.0715 0.0240 0.0921 0.7455 
        D626  1 0.0855 0.4450 0.0551 0.2718 0.1426 
        D627  1 0.5696 0.0920 0.0968 0.0662 0.1753 
        D690  1 0.0284 0.0690 0.0148 0.0889 0.7988 
        D691  1 0.0311 0.0350 0.0265 0.8144 0.0929 
        D710  1 0.1484 0.2481 0.0991 0.1246 0.3799 
        D711  1 0.0630 0.0380 0.0376 0.0570 0.8044 
        D712  1 0.0661 0.7537 0.0454 0.0855 0.0493 
        D713  1 0.2638 0.2450 0.0326 0.1001 0.3584 
        D746  1 0.0208 0.0228 0.0302 0.8642 0.0619 
        D747  1 0.0212 0.0190 0.0347 0.0181 0.9069 
        D748  1 0.1049 0.0478 0.0248 0.3731 0.4494 
        D749  1 0.1274 0.1311 0.1001 0.6147 0.0268 
        D750  1 0.0705 0.5594 0.0324 0.1006 0.2372 
        D763  1 0.1726 0.0687 0.2981 0.0873 0.3732 
        D764  1 0.0463 0.2051 0.0258 0.1205 0.6024 
        D765  1 0.0995 0.1277 0.0224 0.6877 0.0627 
        D766  1 0.0580 0.0435 0.0316 0.6125 0.2543 
        D767  1 0.3600 0.0567 0.1852 0.2064 0.1916 
        D768  1 0.0173 0.0148 0.0191 0.0226 0.9262 
        D811  1 0.4362 0.4347 0.0293 0.0497 0.0501 
        D816  1 0.0154 0.0326 0.0176 0.0265 0.9079 
        D825  1 0.2681 0.3442 0.0273 0.1814 0.1790 
        D866  1 0.0846 0.5649 0.2469 0.0599 0.0437 
        D867  1 0.0579 0.0291 0.0497 0.8263 0.0370 
        D871  1 0.8123 0.0445 0.0238 0.0268 0.0927 
        D872  1 0.1487 0.0420 0.0456 0.2760 0.4876 
        D873  1 0.0196 0.0158 0.0149 0.9403 0.0093 
        D874  1 0.2376 0.2717 0.0692 0.0252 0.3962 
        D875  1 0.8291 0.0209 0.0187 0.0771 0.0541 
        D876  1 0.0865 0.1209 0.0299 0.1070 0.6558 
        D877  1 0.5546 0.3286 0.0414 0.0135 0.0619 
        D892  1 0.1741 0.1414 0.0280 0.1956 0.4609 
        D893  1 0.0837 0.0466 0.0605 0.1321 0.6771 
        D894  1 0.1996 0.1390 0.0537 0.0653 0.5424 
        D915  1 0.0762 0.0706 0.0357 0.1871 0.6304 
        D916  1 0.0214 0.0287 0.0213 0.0340 0.8947 
        D917  1 0.1576 0.4532 0.1279 0.0498 0.2116 
        D925  1 0.0184 0.0768 0.0204 0.7916 0.0927 
        D926  1 0.1139 0.1221 0.0542 0.0846 0.6251 
        D927  1 0.1010 0.0846 0.2854 0.0406 0.4885 
        D928  1 0.0562 0.7287 0.0244 0.0296 0.1612 
        D929  1 0.5366 0.1627 0.0702 0.1376 0.0928 
        D936  1 0.0597 0.0578 0.0956 0.0289 0.7579 
        D938  1 0.0223 0.0293 0.0151 0.9032 0.0301 
        D956  1 0.2190 0.6560 0.0443 0.0459 0.0348 
        D957  1 0.1310 0.0602 0.0418 0.5453 0.2217 
        D958  1 0.0878 0.0848 0.0249 0.3190 0.4835 
        D959  1 0.0733 0.0197 0.0924 0.0841 0.7304 
        D960  1 0.0307 0.0326 0.0226 0.8895 0.0246 
        D989  1 0.0658 0.7188 0.0943 0.0312 0.0900 
        D990  1 0.0167 0.0591 0.0362 0.8713 0.0166 
        D023  2 0.0310 0.0194 0.0358 0.7668 0.1470 
        D130  2 0.0614 0.0244 0.0418 0.7917 0.0807 
        D131  2 0.3298 0.0615 0.0750 0.0611 0.4725 
        D163  2 0.0378 0.0377 0.0272 0.8218 0.0755 
        D164  2 0.0135 0.0132 0.5069 0.4503 0.0160 
        D165  2 0.0303 0.0267 0.0436 0.8283 0.0711 
        D166  2 0.7539 0.0413 0.0609 0.0838 0.0602 
        D167  2 0.0341 0.0438 0.8858 0.0202 0.0161 
        D192  2 0.0148 0.0268 0.9306 0.0168 0.0110 
        D193  2 0.3956 0.4038 0.0590 0.1043 0.0372 
        D206  2 0.1415 0.0379 0.3193 0.1026 0.3986 
        D207  2 0.2486 0.0400 0.6093 0.0269 0.0753 
        D208  2 0.0703 0.6595 0.1486 0.0643 0.0572 
        D209  2 0.1402 0.0460 0.6523 0.0822 0.0794 
        D210  2 0.0383 0.6323 0.1807 0.0451 0.1036 
     D229599  2 0.2138 0.2194 0.1368 0.1543 0.2757 
     D229600  2 0.0506 0.0283 0.4239 0.4577 0.0396 
     D237227  2 0.0576 0.6714 0.0724 0.1498 0.0489 
     D237228  2 0.1058 0.3574 0.0962 0.4141 0.0265 
     D237258  2 0.1619 0.1582 0.2811 0.2526 0.1462 
     D237310  2 0.3632 0.0633 0.0679 0.4862 0.0194 
     D237311  2 0.0751 0.0325 0.1484 0.7217 0.0223 
     D237312  2 0.4216 0.0974 0.0385 0.3866 0.0560 
     D237313  2 0.1631 0.1692 0.0560 0.1907 0.4209 
     D237322  2 0.3467 0.2762 0.1950 0.1210 0.0612 
     D237323  2 0.0981 0.1275 0.0384 0.7211 0.0148 
     D237324  2 0.1064 0.0272 0.5073 0.2994 0.0597 
     D237325  2 0.1788 0.0905 0.0741 0.5743 0.0823 
     D237326  2 0.0410 0.0687 0.0467 0.7315 0.1121 
     D237327  2 0.1602 0.1585 0.4544 0.1058 0.1211 
     D237337  2 0.0591 0.0410 0.0252 0.8268 0.0478 
     D237338  2 0.1545 0.2396 0.1131 0.3976 0.0952 
     D237339  2 0.1627 0.0339 0.5609 0.0372 0.2053 
     D237340  2 0.1639 0.1894 0.1990 0.4163 0.0314 
     D237389  2 0.2161 0.0310 0.1056 0.6223 0.0250 
     D237390  2 0.2669 0.1237 0.0375 0.4668 0.1050 
     D244017  2 0.2841 0.3665 0.2597 0.0521 0.0376 
     D244112  2 0.0446 0.0237 0.8685 0.0490 0.0142 
     D244118  2 0.0203 0.0317 0.6012 0.3325 0.0143 
     D244119  2 0.0303 0.6076 0.3018 0.0340 0.0262 
     D244120  2 0.2893 0.1844 0.4630 0.0476 0.0157 
     D244122  2 0.0723 0.0528 0.8015 0.0504 0.0229 
        D291  2 0.2060 0.1818 0.4419 0.0757 0.0945 
        D292  2 0.0815 0.2313 0.4331 0.0541 0.2000 
        D293  2 0.0304 0.0157 0.7799 0.0129 0.1610 
        D322  2 0.0770 0.0325 0.6312 0.0439 0.2155 
        D323  2 0.3135 0.1322 0.2330 0.0748 0.2465 
        D324  2 0.1278 0.2206 0.2035 0.1303 0.3178 
        D325  2 0.0231 0.0143 0.8969 0.0163 0.0493 
        D326  2 0.0193 0.0246 0.0172 0.0127 0.9263 
        D340  2 0.0153 0.0193 0.9250 0.0177 0.0227 
        D341  2 0.0376 0.0359 0.8401 0.0397 0.0466 
        D342  2 0.0892 0.0249 0.6705 0.1847 0.0308 
        D343  2 0.0126 0.0093 0.9515 0.0085 0.0181 
        D344  2 0.4113 0.0417 0.0872 0.0573 0.4025 
        D345  2 0.1000 0.1003 0.0701 0.2703 0.4592 
        D346  2 0.1058 0.6834 0.0955 0.0360 0.0794 
        D351  2 0.2916 0.0468 0.0932 0.0948 0.4736 
        D352  2 0.5323 0.1348 0.1825 0.0635 0.0869 
        D353  2 0.3105 0.0278 0.0336 0.0210 0.6072 
        D354  2 0.2497 0.1990 0.0524 0.1311 0.3678 
        D362  2 0.0387 0.0372 0.0412 0.0637 0.8192 
        D363  2 0.0424 0.0752 0.0290 0.0567 0.7967 
        D364  2 0.1246 0.0901 0.0519 0.0824 0.6509 
        D365  2 0.0156 0.0162 0.9293 0.0123 0.0266 
        D369  2 0.1035 0.2643 0.2410 0.1272 0.2639 
        D374  2 0.2689 0.6682 0.0184 0.0206 0.0239 
        D375  2 0.5936 0.0675 0.0884 0.0984 0.1521 
        D376  2 0.2139 0.6464 0.0510 0.0684 0.0203 
        D377  2 0.4073 0.1718 0.0987 0.2105 0.1117 
        D378  2 0.0858 0.0340 0.3777 0.0390 0.4636 
        D379  2 0.0498 0.0314 0.0301 0.0218 0.8669 
        D384  2 0.0186 0.0364 0.0188 0.0192 0.9071 
        D385  2 0.0415 0.0413 0.8771 0.0175 0.0226 
        D386  2 0.2114 0.0233 0.1283 0.0595 0.5775 
        D391  2 0.0253 0.0203 0.8659 0.0152 0.0733 
        D392  2 0.0759 0.0507 0.7370 0.0767 0.0598 
        D393  2 0.0477 0.0557 0.1802 0.0538 0.6626 
        D394  2 0.2203 0.0873 0.1762 0.3739 0.1423 
        D395  2 0.2562 0.0396 0.6181 0.0347 0.0514 
        D401  2 0.0532 0.0509 0.0277 0.8428 0.0255 
        D402  2 0.0238 0.0181 0.9171 0.0183 0.0228 
        D403  2 0.1686 0.0279 0.0361 0.1468 0.6206 
        D415  2 0.1664 0.0142 0.0228 0.0704 0.7261 
        D435  2 0.0298 0.0237 0.2675 0.0626 0.6164 
        D436  2 0.3286 0.0949 0.0681 0.0473 0.4610 
        D438  2 0.0151 0.0198 0.9350 0.0162 0.0138 
        D439  2 0.2946 0.0357 0.2723 0.1106 0.2868 
        D449  2 0.0856 0.0269 0.7160 0.0318 0.1397 
        D450  2 0.3927 0.2601 0.0330 0.0883 0.2258 
        D456  2 0.0249 0.0173 0.0138 0.0160 0.9280 
        D462  2 0.0308 0.0169 0.8856 0.0189 0.0478 
        D463  2 0.0173 0.0280 0.0124 0.0134 0.9290 
        D464  2 0.4964 0.0472 0.1128 0.0217 0.3219 
        D465  2 0.1103 0.0260 0.5192 0.0643 0.2801 
        D473  2 0.1527 0.5607 0.0532 0.1876 0.0458 
        D474  2 0.0335 0.1471 0.1225 0.0865 0.6103 
        D476  2 0.1147 0.0258 0.2465 0.5012 0.1119 
        D477  2 0.1172 0.1855 0.0748 0.0655 0.5570 
        D478  2 0.4720 0.2098 0.0854 0.1354 0.0974 
        D480  2 0.0901 0.1541 0.2157 0.0277 0.5123 
        D481  2 0.1275 0.1972 0.1317 0.2050 0.3386 
        D482  2 0.2831 0.4203 0.0866 0.1443 0.0656 
        D483  2 0.0218 0.0657 0.8672 0.0257 0.0196 
        D484  2 0.4696 0.1327 0.2887 0.0504 0.0586 
        D510  2 0.0642 0.8512 0.0354 0.0249 0.0243 
        D511  2 0.1463 0.0395 0.2648 0.0668 0.4825 
        D512  2 0.2888 0.0250 0.1977 0.4523 0.0362 
        D513  2 0.1063 0.0782 0.5852 0.0426 0.1877 
        D635  2 0.0545 0.0409 0.0573 0.1988 0.6484 
        D636  2 0.0240 0.0212 0.0143 0.9081 0.0324 
        D637  2 0.3166 0.1717 0.3529 0.0713 0.0876 
        D658  2 0.1215 0.1355 0.6210 0.0917 0.0303 
        D659  2 0.0348 0.0496 0.0470 0.0396 0.8291 
        D677  2 0.1357 0.0372 0.1146 0.2034 0.5091 
        D678  2 0.1093 0.0306 0.7814 0.0574 0.0214 
        D679  2 0.0759 0.0751 0.0649 0.0367 0.7474 
        D719  2 0.0453 0.5593 0.1278 0.0234 0.2442 
        D720  2 0.0428 0.0880 0.0483 0.0441 0.7769 
        D721  2 0.0613 0.0625 0.1654 0.5759 0.1349 
        D722  2 0.2390 0.5752 0.0818 0.0649 0.0391 
        D734  2 0.1577 0.5236 0.2160 0.0184 0.0843 
        D735  2 0.2042 0.1207 0.1335 0.1012 0.4405 
        D736  2 0.0517 0.6428 0.1104 0.0738 0.1213 
        D737  2 0.1116 0.0853 0.6393 0.1241 0.0397 
        D807  2 0.1053 0.3869 0.1323 0.1048 0.2706 
        D808  2 0.3914 0.0552 0.1814 0.2578 0.1142 
        D817  2 0.1076 0.1322 0.0277 0.0607 0.6718 
        D818  2 0.3152 0.0582 0.3333 0.0884 0.2049 
        D819  2 0.2940 0.1032 0.0683 0.1913 0.3431 
        D820  2 0.0383 0.0279 0.0646 0.0141 0.8552 
        D895  2 0.0655 0.0435 0.0531 0.1162 0.7217 
        D896  2 0.0356 0.0310 0.0190 0.8931 0.0213 
        D897  2 0.0841 0.0451 0.7911 0.0459 0.0338 
        D898  2 0.5479 0.1733 0.0638 0.1247 0.0902 
        D918  2 0.4152 0.0849 0.1558 0.2357 0.1084 
        D919  2 0.2177 0.0349 0.3471 0.0353 0.3650 
        D920  2 0.0317 0.0370 0.0240 0.8800 0.0273 
        D923  2 0.0788 0.0289 0.0297 0.0275 0.8351 
        D930  2 0.2973 0.1427 0.0765 0.0737 0.4098 
        D931  2 0.1294 0.0876 0.1936 0.0524 0.5370 
        D968  2 0.0238 0.0226 0.9072 0.0131 0.0333 
        D969  2 0.0941 0.1772 0.2624 0.0522 0.4142 
        D977  2 0.1062 0.0217 0.7728 0.0329 0.0664 
        D978  2 0.4613 0.1146 0.3228 0.0280 0.0733 
        D211  3 0.1571 0.0527 0.0526 0.5593 0.1783 
     D229639  3 0.0490 0.4383 0.4028 0.0408 0.0692 
     D237212  3 0.2303 0.1171 0.2799 0.1330 0.2397 
     D237213  3 0.2942 0.0491 0.0784 0.3347 0.2436 
     D237214  3 0.2682 0.0389 0.0330 0.5892 0.0707 
     D237215  3 0.0703 0.2365 0.6497 0.0238 0.0196 
     D237216  3 0.3840 0.0895 0.1330 0.2509 0.1426 
     D237217  3 0.0687 0.0340 0.0609 0.5811 0.2554 
     D237218  3 0.1656 0.1886 0.3057 0.0967 0.2433 
     D237219  3 0.0912 0.3185 0.0621 0.4656 0.0626 
     D237382  3 0.4771 0.1297 0.0863 0.1419 0.1650 
     D244127  3 0.0761 0.0452 0.1715 0.6651 0.0420 
     D244129  3 0.1984 0.0946 0.1975 0.2715 0.2380 
     D244133  3 0.2154 0.3254 0.1666 0.1541 0.1385 
     D244134  3 0.0317 0.6363 0.1349 0.1413 0.0559 
     D244135  3 0.0915 0.0276 0.1023 0.6738 0.1048 
     D244136  3 0.1299 0.4195 0.1142 0.0758 0.2606 
        D416  3 0.1756 0.0815 0.2907 0.1661 0.2861 
        D417  3 0.0874 0.0300 0.0281 0.0570 0.7976 
        D419  3 0.0743 0.2252 0.1568 0.3097 0.2339 
        D565  3 0.0181 0.8837 0.0219 0.0272 0.0492 
        D566  3 0.0712 0.5933 0.2309 0.0341 0.0705 
        D567  3 0.0489 0.0420 0.0378 0.1277 0.7436 
        D568  3 0.0890 0.0310 0.2230 0.2843 0.3727 
        D569  3 0.3592 0.0674 0.3924 0.1099 0.0710 
        D573  3 0.0409 0.1213 0.6503 0.0300 0.1575 
        D574  3 0.2781 0.5464 0.0583 0.0691 0.0482 
        D575  3 0.0747 0.3349 0.1303 0.2360 0.2241 
        D576  3 0.0995 0.0722 0.7921 0.0258 0.0104 
        D577  3 0.1224 0.0558 0.0422 0.0787 0.7009 
        D578  3 0.1092 0.0169 0.0283 0.8282 0.0175 
        D579  3 0.0806 0.3267 0.1620 0.1047 0.3260 
        D660  3 0.2492 0.0305 0.5656 0.1204 0.0344 
        D661  3 0.1296 0.0655 0.6938 0.0600 0.0511 
        D663  3 0.1775 0.1265 0.5803 0.0241 0.0915 
        D664  3 0.2094 0.1923 0.1664 0.4000 0.0319 
        D665  3 0.6567 0.0191 0.0749 0.2183 0.0310 
        D666  3 0.1038 0.3255 0.0691 0.3436 0.1579 
        D009  4 0.2738 0.0405 0.0644 0.4248 0.1965 
        D057  4 0.0516 0.0831 0.4738 0.2685 0.1230 
        D109  4 0.2671 0.0845 0.0376 0.5524 0.0584 
     D237222  4 0.0684 0.0912 0.0400 0.7453 0.0551 
     D237223  4 0.1627 0.1385 0.1564 0.4252 0.1172 
     D237224  4 0.1547 0.1093 0.3490 0.0797 0.3073 
     D237225  4 0.3158 0.0731 0.0875 0.1756 0.3481 
     D237299  4 0.7935 0.0419 0.0482 0.0974 0.0190 
     D237300  4 0.0436 0.3371 0.5646 0.0347 0.0201 
     D237306  4 0.1701 0.4670 0.0480 0.1384 0.1765 
     D237307  4 0.1370 0.2662 0.0730 0.0684 0.4554 
     D237308  4 0.0741 0.1049 0.6072 0.1242 0.0896 
     D237309  4 0.2064 0.0428 0.1038 0.2673 0.3796 
     D237317  4 0.0919 0.5322 0.0541 0.0797 0.2421 
     D237318  4 0.0702 0.2592 0.6246 0.0194 0.0266 
     D237319  4 0.3603 0.0634 0.0706 0.3448 0.1609 
     D237320  4 0.1209 0.0754 0.2285 0.4316 0.1436 
     D237321  4 0.0716 0.3276 0.4727 0.0740 0.0541 
     D237397  4 0.0995 0.3110 0.2470 0.2169 0.1256 
     D237398  4 0.1299 0.1947 0.4669 0.0529 0.1556 
     D237399  4 0.1638 0.3836 0.1107 0.1450 0.1968 
     D244001  4 0.0659 0.0358 0.1612 0.6810 0.0560 
        D289  4 0.1264 0.3795 0.2036 0.0660 0.2245 
        D290  4 0.7415 0.0625 0.0607 0.0639 0.0715 
        D294  4 0.4732 0.0735 0.1535 0.0595 0.2403 
        D295  4 0.1454 0.0957 0.0579 0.1433 0.5578 
        D301  4 0.0537 0.0605 0.0642 0.7978 0.0239 
        D302  4 0.2288 0.0271 0.0340 0.0350 0.6750 
        D303  4 0.0936 0.6819 0.0927 0.0781 0.0537 
        D304  4 0.6076 0.1785 0.0806 0.0377 0.0956 
        D305  4 0.3824 0.0266 0.3869 0.1389 0.0652 
        D306  4 0.8527 0.0498 0.0263 0.0297 0.0415 
        D307  4 0.0267 0.0803 0.0293 0.8418 0.0219 
        D327  4 0.1262 0.0972 0.0904 0.0317 0.6544 
        D328  4 0.3397 0.4152 0.0631 0.1139 0.0682 
        D329  4 0.1676 0.1049 0.3890 0.1785 0.1600 
        D330  4 0.2617 0.0274 0.0921 0.2247 0.3941 
        D331  4 0.2523 0.2772 0.1183 0.1353 0.2169 
        D333  4 0.1878 0.2305 0.2541 0.1806 0.1470 
        D334  4 0.1293 0.5535 0.0475 0.0873 0.1825 
        D335  4 0.1008 0.0351 0.1007 0.0376 0.7258 
        D370  4 0.3339 0.2539 0.0665 0.2597 0.0861 
        D371  4 0.0515 0.7339 0.0353 0.0295 0.1498 
        D372  4 0.2289 0.2463 0.4777 0.0299 0.0171 
        D373  4 0.0440 0.0394 0.1354 0.7387 0.0426 
        D455  4 0.0341 0.0398 0.0591 0.8330 0.0341 
        D490  4 0.0304 0.0223 0.0153 0.9048 0.0271 
        D497  4 0.0469 0.0315 0.0233 0.8773 0.0211 
        D498  4 0.3580 0.2753 0.0900 0.1800 0.0967 
        D499  4 0.3016 0.2722 0.3364 0.0520 0.0378 
        D514  4 0.4395 0.0325 0.0674 0.0521 0.4085 
        D515  4 0.4360 0.0352 0.0426 0.3871 0.0992 
        D516  4 0.0996 0.1338 0.1017 0.3425 0.3224 
        D517  4 0.0498 0.0353 0.0885 0.7422 0.0843 
        D518  4 0.1307 0.1285 0.2463 0.2914 0.2031 
        D519  4 0.1804 0.0509 0.1407 0.5306 0.0973 
        D560  4 0.3515 0.0367 0.1735 0.2841 0.1542 
        D561  4 0.6103 0.0192 0.0845 0.1357 0.1503 
        D562  4 0.3702 0.1630 0.1908 0.1841 0.0919 
        D563  4 0.1649 0.0380 0.6773 0.0662 0.0535 
        D572  4 0.3270 0.0725 0.1886 0.0975 0.3144 
        D629  4 0.0874 0.0587 0.0532 0.2087 0.5920 
        D630  4 0.3727 0.1139 0.0842 0.1496 0.2796 
        D631  4 0.1665 0.1138 0.5346 0.0790 0.1061 
        D632  4 0.0674 0.0297 0.2060 0.6125 0.0843 
        D646  4 0.0872 0.0372 0.1253 0.2684 0.4819 
        D647  4 0.1117 0.0247 0.1083 0.1878 0.5675 
        D648  4 0.5702 0.2884 0.0582 0.0411 0.0421 
        D649  4 0.0662 0.0434 0.0322 0.2566 0.6016 
        D650  4 0.1615 0.1699 0.0624 0.1993 0.4068 
        D708  4 0.2992 0.4778 0.0579 0.0770 0.0881 
        D709  4 0.7864 0.0749 0.0313 0.0595 0.0480 
        D738  4 0.0563 0.4622 0.0302 0.2631 0.1883 
        D739  4 0.4466 0.0600 0.0696 0.3568 0.0670 
        D740  4 0.2762 0.2847 0.1825 0.2209 0.0357 
        D741  4 0.2708 0.0265 0.2174 0.1965 0.2888 
        D742  4 0.1154 0.2269 0.5114 0.0812 0.0652 
        D743  4 0.0689 0.0539 0.0993 0.0313 0.7465 
        D744  4 0.2854 0.0423 0.3630 0.0504 0.2589 
        D745  4 0.2194 0.0366 0.0488 0.6358 0.0593 
        D814  4 0.2253 0.0373 0.5920 0.0476 0.0978 
        D815  4 0.3541 0.0722 0.0841 0.0675 0.4221 
        D828  4 0.4980 0.2731 0.1412 0.0597 0.0279 
        D845  4 0.0178 0.3770 0.5595 0.0141 0.0316 
        D846  4 0.2131 0.0263 0.3398 0.0849 0.3359 
        D847  4 0.2969 0.1772 0.1098 0.2008 0.2152 
        D848  4 0.0287 0.0427 0.2900 0.6178 0.0207 
        D849  4 0.2720 0.0263 0.0456 0.5617 0.0944 
        D850  4 0.1259 0.1377 0.1623 0.1533 0.4209 
        D856  4 0.6447 0.0568 0.0410 0.2047 0.0528 
        D857  4 0.0815 0.0437 0.0416 0.8221 0.0111 
        D859  4 0.3188 0.1320 0.2033 0.0708 0.2751 
        D860  4 0.0525 0.6271 0.1680 0.0365 0.1158 
        D883  4 0.1127 0.1832 0.0602 0.2635 0.3803 
        D884  4 0.1770 0.1677 0.0387 0.3682 0.2485 
        D885  4 0.2187 0.0934 0.3307 0.1067 0.2505 
        D886  4 0.1893 0.0354 0.1090 0.4615 0.2048 
        D887  4 0.2220 0.1862 0.2964 0.1147 0.1807 
        D889  4 0.6064 0.1648 0.1294 0.0177 0.0817 
        D890  4 0.2744 0.3006 0.1128 0.1928 0.1194 
        D891  4 0.0201 0.3170 0.6309 0.0163 0.0157 
        D899  4 0.0879 0.2819 0.5497 0.0332 0.0473 
        D900  4 0.3753 0.1018 0.1162 0.1320 0.2747 
        D970  4 0.1920 0.1524 0.2085 0.1108 0.3363 
        D971  4 0.0993 0.0578 0.6084 0.0696 0.1650 
        D979  4 0.1350 0.0428 0.0674 0.0223 0.7325 
        D093  5 0.0496 0.7926 0.0355 0.0582 0.0640 
        D154  5 0.3510 0.1387 0.4117 0.0463 0.0523 
        D168  5 0.1635 0.0480 0.4302 0.2125 0.1458 
        D189  5 0.1863 0.5522 0.1577 0.0438 0.0600 
        D190  5 0.0681 0.7611 0.0580 0.0314 0.0813 
     D237220  5 0.2959 0.2028 0.0688 0.3713 0.0612 
     D237221  5 0.1047 0.5207 0.2011 0.0603 0.1132 
     D237274  5 0.0891 0.0189 0.0553 0.0336 0.8031 
     D237275  5 0.1954 0.0531 0.6929 0.0356 0.0229 
     D237276  5 0.1758 0.1817 0.0648 0.2773 0.3004 
     D237277  5 0.0689 0.7280 0.1055 0.0305 0.0671 
     D237278  5 0.1214 0.2436 0.4494 0.1301 0.0555 
     D237279  5 0.1585 0.0334 0.0853 0.6098 0.1131 
     D237280  5 0.0821 0.1069 0.0378 0.5203 0.2529 
     D237281  5 0.0599 0.1136 0.7336 0.0200 0.0729 
     D237351  5 0.0584 0.1019 0.0542 0.7354 0.0501 
     D237352  5 0.1311 0.0753 0.1501 0.3880 0.2554 
     D237353  5 0.0329 0.8905 0.0267 0.0211 0.0288 
     D237359  5 0.3647 0.2138 0.1093 0.2177 0.0945 
     D237361  5 0.0484 0.8649 0.0276 0.0303 0.0287 
     D237362  5 0.1344 0.3142 0.0846 0.0926 0.3743 
     D237363  5 0.5407 0.0936 0.2459 0.0549 0.0649 
     D237364  5 0.2977 0.0302 0.3654 0.1612 0.1455 
     D237376  5 0.4523 0.4356 0.0643 0.0271 0.0206 
     D237377  5 0.0713 0.1692 0.0522 0.2171 0.4903 
     D237378  5 0.1041 0.7392 0.0852 0.0468 0.0247 
     D237379  5 0.3927 0.4490 0.0557 0.0500 0.0526 
     D237380  5 0.0926 0.0810 0.0163 0.7505 0.0597 
     D237381  5 0.0960 0.0836 0.1353 0.5891 0.0961 
     D237391  5 0.0439 0.8120 0.0377 0.0442 0.0622 
     D237392  5 0.1588 0.0452 0.1975 0.0776 0.5209 
     D237393  5 0.0620 0.2681 0.0893 0.1389 0.4417 
     D237394  5 0.0320 0.8709 0.0197 0.0257 0.0518 
     D237395  5 0.2528 0.4312 0.1102 0.1425 0.0633 
     D237396  5 0.0341 0.1822 0.0986 0.0882 0.5970 
     D244016  5 0.3224 0.4257 0.1243 0.0324 0.0952 
     D244018  5 0.0604 0.3168 0.4145 0.1013 0.1070 
     D244019  5 0.2823 0.1354 0.1760 0.0475 0.3589 
        D279  5 0.1742 0.2512 0.4070 0.0918 0.0758 
        D280  5 0.1515 0.4278 0.1328 0.1262 0.1617 
        D281  5 0.1488 0.2190 0.5735 0.0197 0.0390 
        D283  5 0.0366 0.6087 0.0686 0.0427 0.2434 
        D284  5 0.4873 0.0509 0.0808 0.2729 0.1082 
        D285  5 0.1578 0.6303 0.0501 0.0510 0.1109 
        D286  5 0.3395 0.2821 0.0731 0.0943 0.2112 
        D287  5 0.5168 0.3436 0.0394 0.0798 0.0204 
        D288  5 0.1013 0.3871 0.1359 0.0517 0.3239 
        D308  5 0.0339 0.0303 0.0201 0.8306 0.0851 
        D309  5 0.2900 0.0235 0.1757 0.0497 0.4611 
        D310  5 0.0748 0.8594 0.0238 0.0195 0.0225 
        D311  5 0.3631 0.2318 0.0727 0.0542 0.2782 
        D312  5 0.2325 0.3815 0.0818 0.0965 0.2077 
        D313  5 0.0129 0.0245 0.0124 0.9353 0.0150 
        D314  5 0.3137 0.2194 0.2630 0.1365 0.0674 
        D315  5 0.1436 0.4785 0.0974 0.1223 0.1582 
        D317  5 0.0435 0.8425 0.0253 0.0240 0.0646 
        D318  5 0.3736 0.1406 0.1804 0.1132 0.1922 
        D319  5 0.0474 0.8427 0.0426 0.0353 0.0320 
        D320  5 0.0850 0.7877 0.0283 0.0576 0.0415 
        D321  5 0.0259 0.1383 0.0502 0.6953 0.0903 
        D336  5 0.3696 0.5272 0.0285 0.0317 0.0430 
        D337  5 0.0327 0.8975 0.0392 0.0102 0.0204 
        D338  5 0.1939 0.2363 0.1379 0.1471 0.2848 
        D339  5 0.0616 0.7878 0.0593 0.0489 0.0424 
        D347  5 0.4187 0.1107 0.1521 0.0394 0.2790 
        D348  5 0.0756 0.8175 0.0523 0.0206 0.0340 
        D349  5 0.0345 0.0762 0.0256 0.8267 0.0370 
        D350  5 0.3311 0.0379 0.2906 0.0388 0.3016 
        D355  5 0.2589 0.0768 0.4343 0.0249 0.2050 
        D356  5 0.1524 0.3991 0.0410 0.1108 0.2966 
        D357  5 0.6044 0.1857 0.0670 0.0652 0.0777 
        D358  5 0.1774 0.5033 0.0886 0.1154 0.1153 
        D359  5 0.0730 0.4352 0.0270 0.0354 0.4294 
        D360  5 0.1023 0.5607 0.0266 0.1263 0.1841 
        D361  5 0.0275 0.0265 0.0207 0.8988 0.0265 
        D366  5 0.0391 0.0309 0.3268 0.0346 0.5687 
        D367  5 0.2200 0.6286 0.0496 0.0731 0.0287 
        D368  5 0.1905 0.4052 0.0379 0.2244 0.1420 
        D380  5 0.2526 0.0780 0.1888 0.1048 0.3758 
        D381  5 0.0667 0.7459 0.0625 0.0419 0.0830 
        D400  5 0.1854 0.4051 0.2008 0.0555 0.1533 
        D411  5 0.0799 0.0194 0.0348 0.8462 0.0197 
        D412  5 0.2605 0.1849 0.2894 0.1772 0.0881 
        D413  5 0.0680 0.0456 0.7703 0.0437 0.0723 
        D414  5 0.3104 0.0449 0.4944 0.0411 0.1092 
        D420  5 0.3715 0.2255 0.1251 0.2348 0.0430 
        D431  5 0.4843 0.2162 0.1572 0.1114 0.0309 
        D432  5 0.0524 0.5803 0.0925 0.1703 0.1044 
        D433  5 0.0779 0.7475 0.0561 0.0529 0.0655 
        D434  5 0.0845 0.5650 0.0464 0.1015 0.2026 
        D440  5 0.3985 0.0294 0.2181 0.0551 0.2989 
        D447  5 0.2638 0.0286 0.1538 0.0959 0.4580 
        D448  5 0.2480 0.5918 0.0562 0.0250 0.0789 
        D459  5 0.0460 0.1285 0.7239 0.0197 0.0820 
        D460  5 0.0322 0.0837 0.0330 0.7608 0.0903 
        D461  5 0.2099 0.0343 0.1426 0.0210 0.5922 
        D468  5 0.3189 0.2817 0.0681 0.0683 0.2630 
        D469  5 0.0966 0.1347 0.0485 0.1454 0.5747 
        D470  5 0.3209 0.1677 0.0642 0.2661 0.1810 
        D471  5 0.1879 0.6262 0.0691 0.0254 0.0914 
        D472  5 0.0186 0.0317 0.1413 0.0237 0.7846 
        D479  5 0.0784 0.0365 0.8232 0.0286 0.0334 
        D485  5 0.6637 0.1113 0.0875 0.0641 0.0734 
        D486  5 0.4874 0.1649 0.0561 0.1305 0.1610 
        D487  5 0.1141 0.5312 0.2685 0.0482 0.0379 
        D555  5 0.0453 0.8475 0.0591 0.0210 0.0271 
        D556  5 0.2343 0.4435 0.1651 0.0745 0.0825 
        D557  5 0.0388 0.8478 0.0412 0.0215 0.0507 
        D564  5 0.2468 0.4321 0.0827 0.1590 0.0794 
        D594  5 0.3807 0.1263 0.1929 0.0752 0.2248 
        D595  5 0.1430 0.4402 0.1299 0.0703 0.2166 
        D596  5 0.0486 0.8719 0.0352 0.0207 0.0236 
        D597  5 0.0532 0.4169 0.3257 0.0323 0.1718 
        D598  5 0.1049 0.4411 0.0800 0.2181 0.1559 
        D617  5 0.1233 0.0273 0.2178 0.5882 0.0434 
        D618  5 0.0740 0.6130 0.1200 0.0637 0.1293 
        D619  5 0.1100 0.1843 0.0915 0.3126 0.3015 
        D620  5 0.0160 0.0361 0.8666 0.0260 0.0553 
        D628  5 0.3344 0.1222 0.1577 0.2476 0.1382 
        D714  5 0.1718 0.6263 0.1411 0.0363 0.0244 
        D715  5 0.0335 0.7758 0.0534 0.0292 0.1081 
        D716  5 0.5273 0.1246 0.1588 0.0309 0.1584 
        D717  5 0.1115 0.2503 0.0791 0.1350 0.4243 
        D718  5 0.7026 0.1263 0.0516 0.0845 0.0351 
        D769  5 0.1542 0.0432 0.2038 0.5415 0.0573 
        D770  5 0.2490 0.2287 0.3819 0.0609 0.0795 
        D771  5 0.3357 0.1419 0.3170 0.1348 0.0706 
        D772  5 0.2162 0.4735 0.0648 0.0828 0.1627 
        D782  5 0.1354 0.0992 0.3472 0.2848 0.1334 
        D783  5 0.2237 0.1927 0.4892 0.0373 0.0571 
        D784  5 0.1303 0.1883 0.0871 0.0534 0.5409 
        D785  5 0.0979 0.7169 0.0297 0.0767 0.0789 
        D786  5 0.1353 0.0253 0.1378 0.4908 0.2108 
        D821  5 0.0402 0.9155 0.0147 0.0141 0.0154 
        D822  5 0.2196 0.1523 0.1255 0.0337 0.4689 
        D826  5 0.0912 0.6111 0.1872 0.0482 0.0623 
        D827  5 0.2055 0.0455 0.0902 0.0411 0.6177 
        D851  5 0.3190 0.2652 0.1195 0.1323 0.1640 
        D852  5 0.0922 0.4206 0.3099 0.1345 0.0429 
        D853  5 0.2555 0.4392 0.1030 0.0750 0.1273 
        D854  5 0.4825 0.0516 0.1922 0.0790 0.1947 
        D861  5 0.2488 0.2576 0.2644 0.1227 0.1066 
        D862  5 0.1383 0.3182 0.0422 0.0475 0.4538 
        D865  5 0.0494 0.8215 0.0557 0.0445 0.0290 
        D868  5 0.0331 0.0865 0.0326 0.0415 0.8064 
        D869  5 0.0519 0.0386 0.0304 0.8248 0.0543 
        D870  5 0.7969 0.0152 0.0765 0.0326 0.0787 
        D907  5 0.1292 0.6890 0.0461 0.0992 0.0365 
        D908  5 0.0640 0.4975 0.3320 0.0738 0.0328 
        D910  5 0.0953 0.5325 0.2446 0.0321 0.0956 
        D911  5 0.1699 0.1406 0.4684 0.0255 0.1956 
        D934  5 0.3095 0.1920 0.3406 0.0502 0.1077 
        D946  5 0.3977 0.1424 0.2898 0.1299 0.0402 
        D947  5 0.3862 0.1213 0.1016 0.0983 0.2926 
        D948  5 0.0187 0.1406 0.0236 0.7548 0.0624 
        D949  5 0.0326 0.0865 0.0205 0.7932 0.0672 
        D950  5 0.0949 0.1711 0.5307 0.0306 0.1727 
        D951  5 0.4781 0.0395 0.0492 0.0557 0.3775 
        D952  5 0.0350 0.0909 0.0563 0.0425 0.7753 
        D953  5 0.0676 0.6976 0.0399 0.0659 0.1290 
        D954  5 0.1332 0.3002 0.0401 0.0458 0.4809 
        D961  5 0.6264 0.2171 0.0500 0.0755 0.0311 
        D962  5 0.2911 0.5597 0.0225 0.0313 0.0955 
        D963  5 0.1281 0.3166 0.0920 0.0501 0.4132 
        D964  5 0.4617 0.1459 0.1481 0.1774 0.0668 
        D965  5 0.4507 0.1194 0.2072 0.1062 0.1164 
        D966  5 0.0983 0.4766 0.1500 0.0436 0.2315 
        D967  5 0.1164 0.4170 0.2739 0.1349 0.0579 
        D991  5 0.2177 0.1840 0.0828 0.3828 0.1327 
        D502  6 0.7586 0.0171 0.1326 0.0555 0.0362 
        D503  6 0.1412 0.1278 0.3806 0.3198 0.0306 
        D504  6 0.1290 0.1656 0.1042 0.0963 0.5048 
        D505  6 0.1492 0.4334 0.1939 0.1068 0.1168 
        D506  6 0.0977 0.8118 0.0193 0.0265 0.0447 
        D507  6 0.3049 0.0713 0.3569 0.1610 0.1059 
        D508  6 0.5468 0.0665 0.1108 0.0439 0.2319 
        D529  6 0.2602 0.1811 0.0714 0.2961 0.1911 
        D530  6 0.5551 0.1997 0.0890 0.1277 0.0285 
        D531  6 0.3747 0.1891 0.0890 0.0940 0.2533 
        D532  6 0.3489 0.2184 0.1035 0.0315 0.2977 
        D534  6 0.0499 0.0253 0.0414 0.8263 0.0571 
        D535  6 0.1593 0.4068 0.0590 0.1486 0.2262 
        D536  6 0.0966 0.0235 0.7810 0.0661 0.0328 
        D554  6 0.4446 0.2909 0.0610 0.1336 0.0700 
        D587  6 0.0826 0.6677 0.0646 0.0571 0.1279 
        D588  6 0.1308 0.4721 0.0908 0.0697 0.2366 
        D589  6 0.2068 0.2493 0.4298 0.0759 0.0382 
        D590  6 0.0578 0.0341 0.8272 0.0507 0.0303 
        D591  6 0.2350 0.3679 0.1960 0.1070 0.0941 
        D592  6 0.0255 0.0490 0.0426 0.8437 0.0392 
        D593  6 0.5974 0.2763 0.0582 0.0474 0.0206 
        D682  6 0.0554 0.8536 0.0301 0.0340 0.0269 
        D683  6 0.0884 0.2535 0.0324 0.0598 0.5659 
        D684  6 0.2063 0.0512 0.2838 0.3876 0.0711 
        D685  6 0.7338 0.0629 0.1309 0.0559 0.0165 
        D686  6 0.5596 0.3141 0.0349 0.0407 0.0508 
        D724  6 0.4317 0.0309 0.1907 0.1196 0.2272 
        D725  6 0.4102 0.1631 0.2883 0.0686 0.0697 
        D726  6 0.0657 0.8079 0.0257 0.0404 0.0604 
        D727  6 0.1286 0.0908 0.5018 0.0715 0.2072 
        D728  6 0.2203 0.5774 0.0425 0.0718 0.0879 
        D729  6 0.0771 0.0204 0.3466 0.3024 0.2535 
        D730  6 0.3044 0.0435 0.2226 0.2344 0.1951 
        D731  6 0.0241 0.8629 0.0782 0.0210 0.0138 
        D732  6 0.2862 0.0788 0.1077 0.0878 0.4395 
        D733  6 0.2930 0.1641 0.1300 0.2729 0.1400 
     D237251  7 0.3040 0.1983 0.3851 0.0544 0.0582 
     D237252  7 0.2519 0.0460 0.2372 0.4142 0.0508 
     D237253  7 0.3547 0.3119 0.1972 0.0452 0.0909 
     D237254  7 0.0812 0.0205 0.0546 0.8109 0.0328 
     D237255  7 0.1328 0.2279 0.5770 0.0301 0.0322 
     D237256  7 0.5106 0.0685 0.3097 0.0203 0.0909 
     D237257  7 0.6322 0.0401 0.0787 0.1863 0.0627 
     D237282  7 0.0865 0.0254 0.1838 0.1303 0.5740 
     D237283  7 0.0834 0.0262 0.0373 0.8378 0.0153 
     D237284  7 0.0444 0.0237 0.0437 0.8176 0.0706 
     D237285  7 0.4890 0.1924 0.1936 0.0488 0.0761 
     D237286  7 0.3258 0.2911 0.1224 0.0608 0.2000 
     D237287  7 0.1504 0.1129 0.4929 0.0583 0.1855 
     D244006  7 0.0853 0.0187 0.0533 0.8151 0.0276 
     D244007  7 0.1344 0.0399 0.5892 0.0591 0.1774 
     D244008  7 0.1254 0.0623 0.0277 0.7628 0.0219 
     D244009  7 0.1296 0.0915 0.0362 0.6299 0.1129 
     D244010  7 0.6552 0.0600 0.0852 0.1504 0.0492 
     D244011  7 0.4264 0.2833 0.1730 0.0812 0.0360 
     D244012  7 0.5468 0.0477 0.2371 0.0882 0.0803 
     D244013  7 0.0915 0.3048 0.3823 0.0843 0.1372 
     D244014  7 0.2418 0.0777 0.2853 0.3390 0.0562 
     D244015  7 0.3321 0.0373 0.1528 0.3512 0.1267 
     D244125  7 0.0923 0.5443 0.1541 0.0485 0.1608 
     D244126  7 0.0958 0.0143 0.0132 0.8610 0.0157 
     D244130  7 0.4584 0.0572 0.1130 0.2846 0.0868 
     D244131  7 0.1417 0.3226 0.1539 0.1667 0.2151 
     D244132  7 0.1650 0.2928 0.0416 0.0771 0.4236 
        D520  7 0.6671 0.1023 0.0262 0.1414 0.0630 
        D521  7 0.4600 0.0800 0.1134 0.1632 0.1834 
        D522  7 0.0431 0.0915 0.0845 0.6191 0.1618 
        D523  7 0.0959 0.2271 0.6029 0.0425 0.0316 
        D524  7 0.1268 0.3148 0.2776 0.1713 0.1096 
        D525  7 0.0705 0.1201 0.2119 0.5518 0.0457 
        D526  7 0.0498 0.0202 0.0571 0.8209 0.0520 
        D527  7 0.2046 0.2357 0.0839 0.1257 0.3501 
        D528  7 0.9374 0.0115 0.0119 0.0244 0.0149 
        D558  7 0.2787 0.0247 0.3241 0.1382 0.2343 
        D559  7 0.3263 0.0275 0.3293 0.1065 0.2104 
        D640  7 0.1381 0.5038 0.1075 0.0851 0.1656 
        D641  7 0.2159 0.4173 0.1355 0.2050 0.0263 
        D642  7 0.1259 0.0711 0.2522 0.5038 0.0471 
        D644  7 0.1270 0.2707 0.1237 0.3894 0.0892 
        D645  7 0.1371 0.2726 0.2069 0.1963 0.1870 
        D662  7 0.0286 0.0698 0.0188 0.6428 0.2400 
        D687  7 0.4217 0.2388 0.1310 0.0550 0.1534 
        D688  7 0.1935 0.0445 0.2183 0.1869 0.3568 
        D689  7 0.1103 0.4299 0.1266 0.1252 0.2080 
        D700  7 0.9316 0.0137 0.0167 0.0167 0.0212 
        D797  7 0.2281 0.2620 0.1516 0.1224 0.2358 
        D798  7 0.1584 0.0423 0.0297 0.6653 0.1043 
        D799  7 0.2834 0.0872 0.3628 0.2214 0.0453 
        D800  7 0.1922 0.0379 0.1520 0.1266 0.4913 
        D132  8 0.0413 0.0352 0.0238 0.8605 0.0392 
        D133  8 0.0294 0.0213 0.8746 0.0566 0.0182 
        D200  8 0.8804 0.0309 0.0427 0.0230 0.0230 
        D500  8 0.0236 0.0265 0.0188 0.8981 0.0330 
        D614  8 0.2172 0.4430 0.0448 0.1870 0.1081 
        D723  8 0.1064 0.0456 0.1015 0.2464 0.5001 
        D888  8 0.0841 0.3112 0.5118 0.0384 0.0545 
        D901  8 0.6509 0.0573 0.0619 0.2101 0.0198 
        D902  8 0.1881 0.6067 0.0598 0.0878 0.0576 
        D903  8 0.1901 0.0882 0.0626 0.0252 0.6339 
        D904  8 0.1718 0.1022 0.1517 0.1931 0.3812 
        D905  8 0.0664 0.5004 0.3980 0.0196 0.0156 
        D906  8 0.1561 0.0649 0.6463 0.0650 0.0677 
        D937  8 0.1245 0.7784 0.0461 0.0337 0.0173 
        D943  8 0.4335 0.0572 0.1114 0.3023 0.0956 
        D972  8 0.2117 0.0408 0.0947 0.3096 0.3431 
        D973  8 0.0661 0.0346 0.0334 0.1148 0.7511 
        D974  8 0.3559 0.1157 0.1654 0.1545 0.2085 
        D975  8 0.7126 0.1003 0.0967 0.0495 0.0409 
        D976  8 0.5570 0.1658 0.1224 0.1199 0.0349 
        D201  9 0.2543 0.0567 0.4746 0.1244 0.0900 
        D202  9 0.7546 0.0391 0.1291 0.0527 0.0245 
     D237259  9 0.4292 0.0369 0.2273 0.0746 0.2320 
     D237260  9 0.3153 0.0977 0.3950 0.1733 0.0187 
     D237262  9 0.0299 0.0287 0.0234 0.8943 0.0238 
     D237263  9 0.1170 0.0559 0.2006 0.5649 0.0616 
     D237264  9 0.1922 0.1882 0.1772 0.3355 0.1069 
     D237265  9 0.1272 0.2449 0.5401 0.0647 0.0231 
     D237266  9 0.0233 0.0273 0.6507 0.2387 0.0600 
     D237267  9 0.8340 0.0702 0.0293 0.0416 0.0248 
     D237268  9 0.2754 0.0720 0.0463 0.4876 0.1187 
     D237289  9 0.1361 0.3248 0.4119 0.0957 0.0314 
     D237290  9 0.0798 0.1448 0.6929 0.0560 0.0265 
     D237291  9 0.1286 0.1080 0.6721 0.0510 0.0403 
     D237292  9 0.2305 0.0442 0.5534 0.1279 0.0440 
     D237293  9 0.3948 0.1493 0.0796 0.2266 0.1496 
     D237294  9 0.4330 0.0400 0.1305 0.3761 0.0204 
     D237295  9 0.1669 0.1898 0.0427 0.3134 0.2873 
     D237296  9 0.4781 0.1578 0.1141 0.1639 0.0861 
     D237297  9 0.4069 0.4023 0.0770 0.0607 0.0532 
     D237298  9 0.2171 0.1126 0.1728 0.1685 0.3290 
     D237341  9 0.2518 0.1235 0.4251 0.1013 0.0982 
     D237342  9 0.3687 0.0569 0.0883 0.4517 0.0344 
     D237343  9 0.1204 0.0602 0.3100 0.4618 0.0475 
     D237344  9 0.2861 0.3423 0.1958 0.1050 0.0707 
     D237345  9 0.0789 0.0155 0.0579 0.8154 0.0322 
     D237346  9 0.0905 0.2029 0.4765 0.1934 0.0368 
     D237347  9 0.0809 0.7206 0.0879 0.0659 0.0448 
     D237348  9 0.2282 0.1102 0.2208 0.3490 0.0919 
     D237349  9 0.0436 0.0239 0.5496 0.1333 0.2495 
     D244109  9 0.0889 0.0159 0.7418 0.1003 0.0531 
     D244110  9 0.0960 0.0479 0.7635 0.0535 0.0391 
     D244111  9 0.4925 0.0649 0.2554 0.0892 0.0980 
     D244128  9 0.4013 0.0290 0.0747 0.4715 0.0235 
     D244137  9 0.0790 0.0651 0.1763 0.2310 0.4487 
     D244138  9 0.3374 0.1530 0.3676 0.1121 0.0299 
        D580  9 0.6629 0.0437 0.0256 0.2208 0.0470 
        D581  9 0.1162 0.0651 0.7479 0.0489 0.0219 
        D582  9 0.1724 0.0207 0.0195 0.7662 0.0212 
        D583  9 0.0470 0.0199 0.8162 0.0970 0.0199 
        D584  9 0.3987 0.3017 0.0591 0.2084 0.0322 
        D585  9 0.2011 0.0535 0.1659 0.5294 0.0500 
        D586  9 0.0444 0.4518 0.4409 0.0320 0.0309 
        D651  9 0.0492 0.1682 0.1500 0.0821 0.5505 
        D652  9 0.0534 0.0228 0.2835 0.4865 0.1539 
        D653  9 0.1559 0.1884 0.3856 0.0363 0.2339 
        D654  9 0.0712 0.0315 0.4977 0.1788 0.2208 
        D655  9 0.1621 0.4849 0.2082 0.0534 0.0914 
        D656  9 0.0802 0.0254 0.0630 0.7942 0.0373 
        D657  9 0.3796 0.0635 0.2208 0.2766 0.0595 
        D667  9 0.0722 0.6210 0.1795 0.0782 0.0491 
        D668  9 0.1361 0.1707 0.0974 0.5379 0.0580 
        D669  9 0.3564 0.1396 0.3441 0.0976 0.0623 
        D670  9 0.0713 0.0358 0.0378 0.0561 0.7990 
        D671  9 0.1369 0.0924 0.6130 0.1090 0.0486 
        D672  9 0.2047 0.0431 0.0799 0.6191 0.0533 
        D673  9 0.2873 0.2834 0.0568 0.2277 0.1447 
        D692  9 0.1681 0.0229 0.4214 0.3360 0.0516 
        D693  9 0.2300 0.2335 0.1045 0.2759 0.1562 
        D694  9 0.3871 0.0309 0.0491 0.5139 0.0190 
        D695  9 0.0817 0.0885 0.0455 0.5572 0.2271 
        D696  9 0.1620 0.7713 0.0204 0.0214 0.0249 
        D697  9 0.0645 0.5334 0.1814 0.1206 0.1001 
        D698  9 0.1776 0.2579 0.4393 0.0821 0.0431 
        D699  9 0.2876 0.4844 0.0879 0.1110 0.0292 
        D787  9 0.0490 0.0457 0.1834 0.3027 0.4192 
        D788  9 0.4592 0.3122 0.0444 0.0883 0.0959 
        D789  9 0.6099 0.0897 0.1157 0.1518 0.0329 
        D790  9 0.0446 0.1582 0.3404 0.2640 0.1929 
        D791  9 0.3354 0.1790 0.4019 0.0565 0.0272 
        D792  9 0.0270 0.0913 0.3329 0.2254 0.3234 
        D793  9 0.0350 0.6874 0.0540 0.0477 0.1760 
        D794  9 0.0800 0.2814 0.1619 0.1203 0.3564 
        D795  9 0.3088 0.0846 0.0312 0.5582 0.0172 
        D796  9 0.2918 0.2427 0.3493 0.0731 0.0431 
        D142 10 0.5280 0.1592 0.1503 0.0366 0.1259 
        D143 10 0.0461 0.0476 0.8291 0.0407 0.0364 
        D144 10 0.2449 0.2533 0.1030 0.2209 0.1779 
        D145 10 0.1475 0.2683 0.4817 0.0560 0.0464 
        D146 10 0.3658 0.0534 0.0375 0.4678 0.0755 
        D147 10 0.7870 0.0216 0.0716 0.0544 0.0654 
        D148 10 0.8120 0.0570 0.0367 0.0193 0.0750 
        D149 10 0.0610 0.0551 0.7605 0.0475 0.0759 
        D151 10 0.8057 0.0601 0.0779 0.0270 0.0292 
        D152 10 0.0383 0.0226 0.9054 0.0192 0.0145 
        D153 10 0.2793 0.1330 0.0416 0.0865 0.4596 
        D156 10 0.3918 0.0327 0.1936 0.0365 0.3453 
        D157 10 0.2785 0.3674 0.0550 0.2331 0.0659 
        D158 10 0.7048 0.1291 0.0949 0.0487 0.0224 
        D159 10 0.0222 0.0301 0.8805 0.0259 0.0413 
        D160 10 0.0179 0.7215 0.2160 0.0310 0.0136 
        D161 10 0.1128 0.1555 0.1508 0.1257 0.4551 
        D162 10 0.2200 0.1207 0.3129 0.0328 0.3137 
        D169 10 0.0355 0.0471 0.0635 0.8155 0.0384 
        D170 10 0.0944 0.0903 0.0476 0.6922 0.0755 
        D171 10 0.5568 0.1659 0.0505 0.0892 0.1377 
        D172 10 0.3994 0.0743 0.1928 0.1673 0.1662 
