        D174  1 0.0395 0.7525 0.0818 0.1263 
        D199  1 0.2897 0.2715 0.3653 0.0735 
        D203  1 0.2880 0.1157 0.3977 0.1986 
        D204  1 0.0365 0.0312 0.9016 0.0307 
     D237366  1 0.1520 0.1179 0.2314 0.4987 
     D237367  1 0.0770 0.0801 0.3659 0.4771 
     D237368  1 0.1095 0.0866 0.2450 0.5589 
     D244101  1 0.2179 0.0443 0.6916 0.0463 
     D244102  1 0.1511 0.3593 0.2209 0.2687 
     D244103  1 0.0497 0.0828 0.2706 0.5969 
     D244104  1 0.0835 0.1728 0.6741 0.0696 
     D244105  1 0.0555 0.0398 0.2170 0.6877 
     D244106  1 0.1936 0.6747 0.0673 0.0645 
     D244107  1 0.0871 0.0255 0.1433 0.7441 
     D244108  1 0.0564 0.6468 0.1443 0.1525 
     D244113  1 0.0257 0.9178 0.0242 0.0323 
     D244114  1 0.3485 0.2928 0.2268 0.1318 
     D244115  1 0.0434 0.6573 0.1739 0.1254 
     D267365  1 0.0792 0.3775 0.4477 0.0955 
        D404  1 0.0547 0.8544 0.0483 0.0426 
        D405  1 0.1518 0.5542 0.1811 0.1129 
        D406  1 0.0218 0.0458 0.0770 0.8554 
        D407  1 0.1095 0.0622 0.3925 0.4359 
        D408  1 0.0835 0.8077 0.0574 0.0514 
        D409  1 0.0489 0.0853 0.2576 0.6082 
        D410  1 0.0166 0.0560 0.0953 0.8320 
        D421  1 0.0686 0.0605 0.7887 0.0822 
        D422  1 0.0309 0.0176 0.0376 0.9139 
        D423  1 0.0213 0.0229 0.0364 0.9194 
        D424  1 0.0262 0.0625 0.7148 0.1965 
        D425  1 0.0492 0.4180 0.4609 0.0719 
        D426  1 0.1540 0.0441 0.1821 0.6198 
        D427  1 0.6407 0.1587 0.1561 0.0445 
        D428  1 0.0764 0.2898 0.4460 0.1878 
        D429  1 0.0692 0.4072 0.4279 0.0956 
        D430  1 0.2737 0.3672 0.1974 0.1616 
        D491  1 0.0238 0.8495 0.0855 0.0412 
        D492  1 0.0786 0.3662 0.3576 0.1977 
        D537  1 0.0286 0.0999 0.7145 0.1571 
        D538  1 0.1424 0.2491 0.2128 0.3957 
        D539  1 0.2689 0.4364 0.0766 0.2181 
        D540  1 0.0984 0.2107 0.3928 0.2981 
        D541  1 0.0303 0.0251 0.9004 0.0442 
        D551  1 0.7269 0.0633 0.0887 0.1211 
        D552  1 0.0685 0.2260 0.3627 0.3428 
        D553  1 0.0227 0.0287 0.9176 0.0310 
        D615  1 0.1594 0.1670 0.4393 0.2343 
        D616  1 0.2278 0.1337 0.2564 0.3821 
        D621  1 0.0574 0.2306 0.0665 0.6455 
        D622  1 0.0460 0.0643 0.0778 0.8120 
        D623  1 0.2210 0.6411 0.0913 0.0466 
        D624  1 0.0343 0.8263 0.0604 0.0791 
        D625  1 0.0281 0.1150 0.7351 0.1218 
        D626  1 0.0804 0.5731 0.1394 0.2071 
        D627  1 0.1007 0.0571 0.2960 0.5463 
        D690  1 0.0196 0.1081 0.7844 0.0879 
        D691  1 0.0272 0.0411 0.0996 0.8321 
        D710  1 0.0594 0.2662 0.5411 0.1332 
        D711  1 0.0398 0.0777 0.8030 0.0796 
        D712  1 0.0602 0.7943 0.0749 0.0706 
        D713  1 0.0329 0.6643 0.2014 0.1014 
        D746  1 0.0323 0.0313 0.0835 0.8529 
        D747  1 0.0343 0.0253 0.9103 0.0302 
        D748  1 0.0396 0.1006 0.4172 0.4426 
        D749  1 0.1514 0.1849 0.0595 0.6042 
        D750  1 0.0376 0.6594 0.2164 0.0867 
        D763  1 0.3806 0.0673 0.4282 0.1239 
        D764  1 0.0308 0.2563 0.4942 0.2187 
        D765  1 0.0423 0.2005 0.0728 0.6843 
        D766  1 0.0340 0.1183 0.3017 0.5460 
        D767  1 0.1675 0.1377 0.4245 0.2702 
        D768  1 0.0295 0.0274 0.8685 0.0747 
        D811  1 0.0291 0.8334 0.0454 0.0921 
        D816  1 0.0309 0.0818 0.8410 0.0463 
        D825  1 0.0390 0.6367 0.1448 0.1795 
        D866  1 0.4579 0.4046 0.0734 0.0641 
        D867  1 0.0355 0.0554 0.0447 0.8644 
        D871  1 0.0488 0.0943 0.2835 0.5735 
        D872  1 0.0544 0.1084 0.6158 0.2215 
        D873  1 0.0183 0.0259 0.0157 0.9401 
        D874  1 0.0732 0.2847 0.6135 0.0287 
        D875  1 0.0190 0.0368 0.2152 0.7291 
        D876  1 0.0366 0.1366 0.7449 0.0819 
        D877  1 0.0313 0.8284 0.1111 0.0292 
        D892  1 0.0397 0.3287 0.3961 0.2355 
        D893  1 0.0862 0.0606 0.7029 0.1503 
        D894  1 0.0681 0.1281 0.6812 0.1227 
        D915  1 0.0449 0.1161 0.6193 0.2196 
        D916  1 0.0186 0.0363 0.8937 0.0514 
        D917  1 0.1362 0.4131 0.3812 0.0695 
        D925  1 0.0301 0.1488 0.1095 0.7116 
        D926  1 0.0469 0.2538 0.5520 0.1473 
        D927  1 0.3811 0.0921 0.4696 0.0571 
        D928  1 0.0235 0.8744 0.0722 0.0299 
        D929  1 0.0717 0.4274 0.2980 0.2029 
        D936  1 0.0838 0.0676 0.8151 0.0335 
        D938  1 0.0214 0.0347 0.0427 0.9012 
        D956  1 0.0770 0.8210 0.0418 0.0602 
        D957  1 0.0506 0.1411 0.4393 0.3690 
        D958  1 0.0278 0.2207 0.5068 0.2447 
        D959  1 0.0643 0.0403 0.3683 0.5271 
        D960  1 0.0200 0.0519 0.0388 0.8893 
        D989  1 0.1983 0.6697 0.0912 0.0408 
        D990  1 0.0755 0.0439 0.0252 0.8554 
        D023  2 0.0286 0.0305 0.1797 0.7612 
        D130  2 0.0318 0.0240 0.0610 0.8832 
        D131  2 0.1096 0.0708 0.6552 0.1643 
        D163  2 0.0326 0.0334 0.0906 0.8434 
        D164  2 0.4882 0.0192 0.0261 0.4665 
        D165  2 0.0587 0.0227 0.0849 0.8338 
        D166  2 0.1892 0.2106 0.2808 0.3194 
        D167  2 0.9119 0.0474 0.0182 0.0226 
        D192  2 0.9357 0.0293 0.0171 0.0179 
        D193  2 0.1177 0.6682 0.0703 0.1438 
        D206  2 0.3299 0.1144 0.2931 0.2625 
        D207  2 0.7498 0.0699 0.1293 0.0510 
        D208  2 0.3449 0.5188 0.0807 0.0555 
        D209  2 0.6417 0.0680 0.1582 0.1322 
        D210  2 0.3459 0.4548 0.1320 0.0673 
     D229599  2 0.1652 0.1696 0.5115 0.1537 
     D229600  2 0.3752 0.0449 0.0459 0.5341 
     D237227  2 0.1197 0.6319 0.0934 0.1550 
     D237228  2 0.1248 0.5432 0.0280 0.3041 
     D237258  2 0.3692 0.2538 0.1456 0.2314 
     D237310  2 0.0839 0.1691 0.0282 0.7187 
     D237311  2 0.2083 0.0866 0.0380 0.6671 
     D237312  2 0.0636 0.3685 0.0808 0.4871 
     D237313  2 0.0827 0.2807 0.4512 0.1854 
     D237322  2 0.5765 0.1783 0.1321 0.1131 
     D237323  2 0.0527 0.2350 0.0348 0.6776 
     D237324  2 0.3727 0.0305 0.1054 0.4915 
     D237325  2 0.0955 0.2657 0.1158 0.5230 
     D237326  2 0.0430 0.1051 0.1985 0.6533 
     D237327  2 0.5930 0.0947 0.1978 0.1146 
     D237337  2 0.0304 0.1154 0.0668 0.7873 
     D237338  2 0.1918 0.2525 0.1816 0.3741 
     D237339  2 0.3118 0.0411 0.6056 0.0415 
     D237340  2 0.2697 0.3890 0.0478 0.2934 
     D237389  2 0.0791 0.1001 0.0364 0.7845 
     D237390  2 0.0733 0.3733 0.1346 0.4188 
     D244017  2 0.3705 0.4982 0.0598 0.0715 
     D244112  2 0.8699 0.0364 0.0194 0.0743 
     D244118  2 0.6709 0.0326 0.0279 0.2686 
     D244119  2 0.3686 0.5580 0.0295 0.0440 
     D244120  2 0.6120 0.2918 0.0279 0.0683 
     D244122  2 0.7465 0.1405 0.0508 0.0622 
        D291  2 0.5858 0.0985 0.1511 0.1647 
        D292  2 0.5453 0.1584 0.2438 0.0526 
        D293  2 0.5611 0.0154 0.4037 0.0199 
        D322  2 0.3913 0.0313 0.5091 0.0683 
        D323  2 0.2400 0.2751 0.3802 0.1047 
        D324  2 0.2144 0.1313 0.3532 0.3011 
        D325  2 0.8423 0.0147 0.1071 0.0359 
        D326  2 0.0260 0.0332 0.9220 0.0188 
        D340  2 0.9314 0.0204 0.0253 0.0229 
        D341  2 0.8715 0.0400 0.0471 0.0413 
        D342  2 0.7725 0.0464 0.0447 0.1365 
        D343  2 0.9480 0.0117 0.0254 0.0149 
        D344  2 0.0735 0.1322 0.6877 0.1066 
        D345  2 0.0782 0.0804 0.6788 0.1625 
        D346  2 0.1528 0.6843 0.1040 0.0588 
        D351  2 0.1344 0.0390 0.7084 0.1181 
        D352  2 0.2067 0.2713 0.3511 0.1710 
        D353  2 0.0570 0.0479 0.8628 0.0323 
        D354  2 0.0456 0.2764 0.5696 0.1084 
        D362  2 0.0492 0.1086 0.7201 0.1221 
        D363  2 0.0517 0.1566 0.7101 0.0815 
        D364  2 0.0420 0.1571 0.7178 0.0832 
        D365  2 0.9192 0.0176 0.0466 0.0166 
        D369  2 0.2939 0.2339 0.3139 0.1582 
        D374  2 0.0343 0.9208 0.0212 0.0237 
        D375  2 0.0660 0.2444 0.5156 0.1740 
        D376  2 0.0551 0.8709 0.0285 0.0455 
        D377  2 0.1437 0.5369 0.1100 0.2093 
        D378  2 0.2073 0.0298 0.6976 0.0653 
        D379  2 0.0316 0.0559 0.8737 0.0388 
        D384  2 0.0236 0.0467 0.9077 0.0221 
        D385  2 0.8922 0.0517 0.0302 0.0260 
        D386  2 0.0713 0.0428 0.8187 0.0672 
        D391  2 0.8673 0.0228 0.0844 0.0256 
        D392  2 0.7246 0.0836 0.1065 0.0854 
        D393  2 0.1563 0.0306 0.7480 0.0651 
        D394  2 0.1506 0.1092 0.3185 0.4216 
        D395  2 0.6896 0.0688 0.1769 0.0647 
        D401  2 0.0325 0.1062 0.0250 0.8362 
        D402  2 0.9173 0.0224 0.0380 0.0223 
        D403  2 0.0859 0.0930 0.5294 0.2917 
        D415  2 0.0286 0.0314 0.7580 0.1820 
        D435  2 0.2629 0.0227 0.5947 0.1197 
        D436  2 0.0570 0.2575 0.6003 0.0852 
        D438  2 0.9283 0.0279 0.0204 0.0235 
        D439  2 0.1518 0.0382 0.7107 0.0994 
        D449  2 0.7335 0.0373 0.1384 0.0908 
        D450  2 0.0492 0.4721 0.3265 0.1522 
        D456  2 0.0202 0.0205 0.9157 0.0436 
        D462  2 0.8604 0.0198 0.0934 0.0264 
        D463  2 0.0185 0.0243 0.9378 0.0194 
        D464  2 0.1431 0.1275 0.6908 0.0385 
        D465  2 0.3766 0.0653 0.3650 0.1932 
        D473  2 0.0778 0.7654 0.0593 0.0975 
        D474  2 0.1948 0.0850 0.6273 0.0929 
        D476  2 0.1444 0.0242 0.2254 0.6060 
        D477  2 0.0716 0.1375 0.7219 0.0691 
        D478  2 0.1177 0.3459 0.2838 0.2527 
        D480  2 0.2277 0.0963 0.6299 0.0461 
        D481  2 0.1288 0.1554 0.5415 0.1743 
        D482  2 0.3305 0.3994 0.1301 0.1401 
        D483  2 0.8992 0.0548 0.0219 0.0240 
        D484  2 0.3331 0.3527 0.2215 0.0928 
        D510  2 0.0766 0.8513 0.0343 0.0378 
        D511  2 0.1646 0.0328 0.7355 0.0670 
        D512  2 0.1439 0.0468 0.0520 0.7573 
        D513  2 0.6218 0.0878 0.1748 0.1157 
        D635  2 0.0593 0.0552 0.6237 0.2618 
        D636  2 0.0199 0.0288 0.0413 0.9101 
        D637  2 0.4937 0.2314 0.1786 0.0962 
        D658  2 0.6615 0.2189 0.0480 0.0716 
        D659  2 0.0739 0.0420 0.8251 0.0590 
        D677  2 0.2324 0.0870 0.4194 0.2612 
        D678  2 0.8148 0.0823 0.0398 0.0630 
        D679  2 0.1542 0.0887 0.7023 0.0548 
        D719  2 0.2315 0.3328 0.4037 0.0320 
        D720  2 0.0643 0.1545 0.6858 0.0954 
        D721  2 0.1386 0.0521 0.2151 0.5942 
        D722  2 0.0581 0.8635 0.0285 0.0498 
        D734  2 0.3092 0.4216 0.2422 0.0270 
        D735  2 0.1293 0.1333 0.5978 0.1395 
        D736  2 0.2101 0.4915 0.1850 0.1134 
        D737  2 0.7638 0.0956 0.0721 0.0685 
        D807  2 0.1854 0.4481 0.2918 0.0747 
        D808  2 0.2552 0.0667 0.3067 0.3715 
        D817  2 0.0510 0.3161 0.5181 0.1147 
        D818  2 0.5752 0.0552 0.2548 0.1148 
        D819  2 0.0810 0.1747 0.4826 0.2616 
        D820  2 0.0408 0.0353 0.8985 0.0255 
        D895  2 0.0815 0.0811 0.6357 0.2017 
        D896  2 0.0236 0.1093 0.0288 0.8384 
        D897  2 0.8578 0.0429 0.0453 0.0540 
        D898  2 0.1447 0.3418 0.2906 0.2228 
        D918  2 0.3066 0.1675 0.1696 0.3562 
        D919  2 0.2764 0.0391 0.6067 0.0778 
        D920  2 0.0354 0.0494 0.0279 0.8873 
        D923  2 0.0422 0.0565 0.8393 0.0620 
        D930  2 0.0919 0.2832 0.5155 0.1094 
        D931  2 0.2235 0.1563 0.5495 0.0707 
        D968  2 0.9266 0.0177 0.0408 0.0149 
        D969  2 0.3748 0.0664 0.5200 0.0388 
        D977  2 0.8331 0.0321 0.0853 0.0494 
        D978  2 0.6923 0.1058 0.1512 0.0507 
        D211  3 0.0742 0.0621 0.1893 0.6743 
     D229639  3 0.6814 0.1820 0.0736 0.0629 
     D237212  3 0.3597 0.0887 0.3917 0.1599 
     D237213  3 0.1077 0.1046 0.3874 0.4003 
     D237214  3 0.0321 0.0656 0.1014 0.8009 
     D237215  3 0.7524 0.1988 0.0235 0.0252 
     D237216  3 0.3020 0.0858 0.1819 0.4303 
     D237217  3 0.0846 0.0284 0.2041 0.6829 
     D237218  3 0.4642 0.0573 0.3710 0.1075 
     D237219  3 0.1494 0.2977 0.0640 0.4889 
     D237382  3 0.1123 0.3677 0.2816 0.2384 
     D244127  3 0.1976 0.0573 0.0711 0.6739 
     D244129  3 0.1933 0.1083 0.4041 0.2942 
     D244133  3 0.2033 0.4883 0.1001 0.2083 
     D244134  3 0.3690 0.3803 0.1062 0.1445 
     D244135  3 0.0936 0.0334 0.1038 0.7693 
     D244136  3 0.1367 0.5224 0.2121 0.1288 
        D416  3 0.4236 0.0740 0.2633 0.2390 
        D417  3 0.0393 0.0490 0.8129 0.0988 
        D419  3 0.2629 0.2004 0.3228 0.2139 
        D565  3 0.0402 0.8725 0.0534 0.0340 
        D566  3 0.3444 0.5510 0.0563 0.0482 
        D567  3 0.0349 0.0603 0.7811 0.1237 
        D568  3 0.1985 0.0370 0.5406 0.2240 
        D569  3 0.4382 0.1137 0.2834 0.1647 
        D573  3 0.7281 0.0312 0.2038 0.0368 
        D574  3 0.0947 0.6674 0.0887 0.1492 
        D575  3 0.1421 0.3984 0.1803 0.2792 
        D576  3 0.8526 0.1015 0.0141 0.0317 
        D577  3 0.0609 0.1185 0.6894 0.1312 
        D578  3 0.0296 0.0267 0.0247 0.9190 
        D579  3 0.2424 0.3222 0.3132 0.1222 
        D660  3 0.6499 0.0751 0.0710 0.2040 
        D661  3 0.7916 0.0395 0.0828 0.0861 
        D663  3 0.7856 0.0556 0.1055 0.0533 
        D664  3 0.2080 0.4080 0.0483 0.3357 
        D665  3 0.2108 0.0540 0.0661 0.6691 
        D666  3 0.0866 0.4611 0.1847 0.2676 
        D009  4 0.0704 0.0619 0.4051 0.4626 
        D057  4 0.5300 0.0444 0.2100 0.2155 
        D109  4 0.0439 0.1216 0.0999 0.7345 
     D237222  4 0.0571 0.1778 0.0723 0.6928 
     D237223  4 0.1562 0.1754 0.1093 0.5591 
     D237224  4 0.4582 0.0878 0.3856 0.0684 
     D237225  4 0.1120 0.0856 0.4274 0.3751 
     D237299  4 0.1299 0.0821 0.0527 0.7353 
     D237300  4 0.8335 0.0987 0.0281 0.0397 
     D237306  4 0.0458 0.7373 0.1095 0.1075 
     D237307  4 0.1448 0.4313 0.3172 0.1067 
     D237308  4 0.6011 0.1564 0.1140 0.1285 
     D237309  4 0.1040 0.0574 0.4958 0.3428 
     D237317  4 0.0361 0.5696 0.2640 0.1303 
     D237318  4 0.8901 0.0553 0.0327 0.0219 
     D237319  4 0.1487 0.1548 0.2121 0.4845 
     D237320  4 0.3336 0.1066 0.1871 0.3727 
     D237321  4 0.6864 0.1065 0.1125 0.0945 
     D237397  4 0.3337 0.3302 0.1202 0.2160 
     D237398  4 0.6489 0.0324 0.2053 0.1134 
     D237399  4 0.2013 0.2760 0.3852 0.1375 
     D244001  4 0.1558 0.0668 0.0999 0.6774 
        D289  4 0.2281 0.2589 0.4326 0.0804 
        D290  4 0.2809 0.1933 0.3812 0.1446 
        D294  4 0.2079 0.1516 0.5314 0.1091 
        D295  4 0.0813 0.1770 0.5755 0.1662 
        D301  4 0.1192 0.0818 0.0359 0.7631 
        D302  4 0.0388 0.0540 0.8614 0.0459 
        D303  4 0.0854 0.7345 0.0909 0.0892 
        D304  4 0.3437 0.2693 0.2970 0.0899 
        D305  4 0.4846 0.0440 0.2988 0.1726 
        D306  4 0.1543 0.3254 0.3720 0.1484 
        D307  4 0.0528 0.0900 0.0305 0.8267 
        D327  4 0.0806 0.1536 0.6941 0.0716 
        D328  4 0.0620 0.7639 0.1018 0.0723 
        D329  4 0.4017 0.1245 0.3391 0.1347 
        D330  4 0.0599 0.0559 0.5923 0.2920 
        D331  4 0.2496 0.2799 0.2768 0.1937 
        D333  4 0.2694 0.3289 0.2076 0.1942 
        D334  4 0.0552 0.6430 0.2074 0.0945 
        D335  4 0.0861 0.0788 0.7817 0.0534 
        D370  4 0.0692 0.6584 0.0905 0.1819 
        D371  4 0.0401 0.8296 0.1051 0.0253 
        D372  4 0.8866 0.0613 0.0258 0.0264 
        D373  4 0.1704 0.0374 0.0462 0.7461 
        D455  4 0.0913 0.0481 0.0841 0.7765 
        D490  4 0.0263 0.0326 0.0358 0.9053 
        D497  4 0.0384 0.0444 0.0440 0.8732 
        D498  4 0.2031 0.4326 0.1329 0.2313 
        D499  4 0.5782 0.2392 0.0988 0.0839 
        D514  4 0.0657 0.0790 0.7477 0.1077 
        D515  4 0.0786 0.1392 0.1709 0.6112 
        D516  4 0.1803 0.2764 0.2345 0.3089 
        D517  4 0.1269 0.0283 0.1043 0.7406 
        D518  4 0.1612 0.2092 0.3169 0.3127 
        D519  4 0.1657 0.0525 0.1364 0.6454 
        D560  4 0.2605 0.0516 0.2044 0.4834 
        D561  4 0.0446 0.0221 0.3124 0.6210 
        D562  4 0.2253 0.2351 0.2820 0.2575 
        D563  4 0.6658 0.0477 0.1816 0.1049 
        D572  4 0.1004 0.1181 0.6579 0.1236 
        D629  4 0.0646 0.0962 0.5407 0.2985 
        D630  4 0.1620 0.2281 0.3874 0.2225 
        D631  4 0.5198 0.1146 0.2597 0.1059 
        D632  4 0.1540 0.0533 0.1327 0.6600 
        D646  4 0.1467 0.0646 0.3987 0.3900 
        D647  4 0.1192 0.0352 0.6588 0.1869 
        D648  4 0.0669 0.7827 0.0702 0.0802 
        D649  4 0.0372 0.0749 0.6906 0.1973 
        D650  4 0.0912 0.3024 0.3765 0.2299 
        D708  4 0.1026 0.6326 0.1684 0.0965 
        D709  4 0.1502 0.3639 0.3260 0.1598 
        D738  4 0.0446 0.5841 0.1521 0.2191 
        D739  4 0.1661 0.1880 0.1791 0.4669 
        D740  4 0.4337 0.1929 0.0958 0.2776 
        D741  4 0.3275 0.0518 0.3311 0.2896 
        D742  4 0.6214 0.1867 0.1167 0.0753 
        D743  4 0.0891 0.0609 0.8065 0.0435 
        D744  4 0.1680 0.0484 0.7079 0.0757 
        D745  4 0.0645 0.0736 0.0872 0.7747 
        D814  4 0.7367 0.0474 0.1022 0.1138 
        D815  4 0.0724 0.1329 0.7305 0.0642 
        D828  4 0.2547 0.6195 0.0404 0.0855 
        D845  4 0.8510 0.0736 0.0499 0.0255 
        D846  4 0.3191 0.0320 0.4982 0.1507 
        D847  4 0.2106 0.1732 0.3653 0.2508 
        D848  4 0.3045 0.0264 0.0346 0.6345 
        D849  4 0.0982 0.0530 0.1548 0.6940 
        D850  4 0.1563 0.1761 0.3949 0.2727 
        D856  4 0.0887 0.1783 0.2713 0.4617 
        D857  4 0.0609 0.0885 0.0188 0.8318 
        D859  4 0.2527 0.1793 0.4758 0.0923 
        D860  4 0.2828 0.4114 0.2663 0.0394 
        D883  4 0.0788 0.3025 0.3931 0.2257 
        D884  4 0.0654 0.4010 0.1995 0.3341 
        D885  4 0.4895 0.0596 0.2674 0.1835 
        D886  4 0.1143 0.0909 0.3609 0.4339 
        D887  4 0.4198 0.1690 0.2572 0.1540 
        D889  4 0.5119 0.1400 0.3082 0.0398 
        D890  4 0.0985 0.6326 0.1224 0.1466 
        D891  4 0.9454 0.0179 0.0217 0.0150 
        D899  4 0.6441 0.2108 0.0979 0.0473 
        D900  4 0.1373 0.1800 0.4922 0.1905 
        D970  4 0.1754 0.1330 0.5749 0.1168 
        D971  4 0.5704 0.0709 0.2525 0.1062 
        D979  4 0.0830 0.0660 0.8138 0.0372 
        D093  5 0.0732 0.7769 0.0883 0.0617 
        D154  5 0.6534 0.1913 0.0668 0.0884 
        D168  5 0.4584 0.0644 0.1565 0.3206 
        D189  5 0.2335 0.6047 0.0724 0.0894 
        D190  5 0.0833 0.8125 0.0731 0.0311 
     D237220  5 0.2127 0.1653 0.2110 0.4110 
     D237221  5 0.2850 0.4075 0.2124 0.0951 
     D237274  5 0.0334 0.0365 0.8898 0.0403 
     D237275  5 0.8585 0.0630 0.0294 0.0491 
     D237276  5 0.0991 0.4875 0.2051 0.2083 
     D237277  5 0.2091 0.6764 0.0737 0.0407 
     D237278  5 0.4594 0.2968 0.0766 0.1672 
     D237279  5 0.0516 0.0354 0.0869 0.8261 
     D237280  5 0.0506 0.1735 0.3420 0.4339 
     D237281  5 0.8799 0.0271 0.0600 0.0330 
     D237351  5 0.0813 0.2565 0.0410 0.6211 
     D237352  5 0.1028 0.1437 0.3034 0.4501 
     D237353  5 0.0369 0.9044 0.0284 0.0303 
     D237359  5 0.3086 0.1310 0.2615 0.2988 
     D237361  5 0.0299 0.8995 0.0364 0.0342 
     D237362  5 0.1314 0.4445 0.2935 0.1306 
     D237363  5 0.4269 0.2090 0.1558 0.2084 
     D237364  5 0.4197 0.0654 0.2767 0.2382 
     D237376  5 0.0455 0.8877 0.0232 0.0436 
     D237377  5 0.0694 0.1779 0.4681 0.2845 
     D237378  5 0.1262 0.7969 0.0369 0.0400 
     D237379  5 0.1067 0.7090 0.0934 0.0910 
     D237380  5 0.0254 0.2563 0.0530 0.6653 
     D237381  5 0.1125 0.1793 0.1635 0.5446 
     D237391  5 0.0824 0.7672 0.0864 0.0640 
     D237392  5 0.1541 0.1025 0.6331 0.1103 
     D237393  5 0.0983 0.2938 0.5091 0.0988 
     D237394  5 0.0231 0.8972 0.0459 0.0338 
     D237395  5 0.1550 0.5932 0.0682 0.1836 
     D237396  5 0.1274 0.1074 0.6126 0.1526 
     D244016  5 0.2428 0.5028 0.1510 0.1034 
     D244018  5 0.5321 0.2094 0.0850 0.1735 
     D244019  5 0.2514 0.2169 0.4611 0.0705 
        D279  5 0.7117 0.0837 0.0857 0.1189 
        D280  5 0.2289 0.3725 0.2605 0.1381 
        D281  5 0.8194 0.0862 0.0638 0.0307 
        D283  5 0.0860 0.5843 0.2730 0.0567 
        D284  5 0.1672 0.1080 0.1104 0.6144 
        D285  5 0.1214 0.5790 0.2199 0.0798 
        D286  5 0.1220 0.4610 0.2823 0.1348 
        D287  5 0.0546 0.8220 0.0368 0.0865 
        D288  5 0.2028 0.4082 0.3367 0.0523 
        D308  5 0.0291 0.0526 0.0816 0.8368 
        D309  5 0.0296 0.0366 0.8867 0.0470 
        D310  5 0.0447 0.8989 0.0229 0.0335 
        D311  5 0.1113 0.5738 0.2415 0.0733 
        D312  5 0.0692 0.5997 0.2348 0.0963 
        D313  5 0.0172 0.0289 0.0169 0.9369 
        D314  5 0.3961 0.3143 0.0779 0.2117 
        D315  5 0.0842 0.5278 0.2637 0.1243 
        D317  5 0.0315 0.8895 0.0506 0.0284 
        D318  5 0.2182 0.1846 0.3548 0.2423 
        D319  5 0.0451 0.8966 0.0334 0.0248 
        D320  5 0.0494 0.8222 0.0699 0.0585 
        D321  5 0.0644 0.1337 0.0632 0.7386 
        D336  5 0.0255 0.8878 0.0623 0.0243 
        D337  5 0.0553 0.8904 0.0331 0.0212 
        D338  5 0.2644 0.1828 0.2877 0.2651 
        D339  5 0.1431 0.7395 0.0503 0.0671 
        D347  5 0.1780 0.3343 0.4345 0.0532 
        D348  5 0.0401 0.8820 0.0554 0.0225 
        D349  5 0.0371 0.1422 0.0447 0.7761 
        D350  5 0.0857 0.0538 0.7940 0.0665 
        D355  5 0.7176 0.0631 0.1874 0.0319 
        D356  5 0.0562 0.4916 0.3177 0.1344 
        D357  5 0.1808 0.5044 0.1759 0.1389 
        D358  5 0.1009 0.5907 0.1747 0.1337 
        D359  5 0.0395 0.4376 0.4831 0.0399 
        D360  5 0.0419 0.6246 0.1878 0.1457 
        D361  5 0.0305 0.0728 0.0453 0.8515 
        D366  5 0.2973 0.0493 0.5280 0.1254 
        D367  5 0.0456 0.8503 0.0392 0.0649 
        D368  5 0.0727 0.4625 0.1533 0.3115 
        D380  5 0.1249 0.0895 0.6386 0.1470 
        D381  5 0.1483 0.6220 0.1487 0.0809 
        D400  5 0.3317 0.4377 0.1800 0.0506 
        D411  5 0.0317 0.0240 0.0216 0.9227 
        D412  5 0.4523 0.1854 0.1677 0.1947 
        D413  5 0.7666 0.0496 0.1003 0.0835 
        D414  5 0.5918 0.0900 0.2386 0.0796 
        D420  5 0.2106 0.2043 0.0940 0.4911 
        D431  5 0.3259 0.5103 0.0415 0.1223 
        D432  5 0.2074 0.5467 0.1142 0.1316 
        D433  5 0.1348 0.7365 0.0699 0.0588 
        D434  5 0.0617 0.6445 0.1811 0.1126 
        D440  5 0.0716 0.0492 0.7954 0.0838 
        D447  5 0.0895 0.0448 0.7024 0.1633 
        D448  5 0.0675 0.8273 0.0810 0.0243 
        D459  5 0.7891 0.0420 0.1409 0.0280 
        D460  5 0.0391 0.1313 0.1019 0.7277 
        D461  5 0.0240 0.0419 0.9042 0.0300 
        D468  5 0.0685 0.6046 0.1722 0.1546 
        D469  5 0.0746 0.1903 0.5560 0.1790 
        D470  5 0.0822 0.4098 0.1639 0.3441 
        D471  5 0.1211 0.7607 0.0854 0.0329 
        D472  5 0.1953 0.0223 0.7532 0.0292 
        D479  5 0.8209 0.0766 0.0543 0.0483 
        D485  5 0.1649 0.5459 0.1506 0.1387 
        D486  5 0.0592 0.4693 0.1411 0.3304 
        D487  5 0.5731 0.3033 0.0572 0.0664 
        D555  5 0.0862 0.8409 0.0419 0.0310 
        D556  5 0.2200 0.5684 0.1404 0.0712 
        D557  5 0.0505 0.8378 0.0868 0.0250 
        D564  5 0.0877 0.5694 0.2112 0.1318 
        D594  5 0.1404 0.3283 0.4115 0.1198 
        D595  5 0.1655 0.5170 0.2151 0.1024 
        D596  5 0.0454 0.8719 0.0396 0.0431 
        D597  5 0.3686 0.3150 0.2734 0.0429 
        D598  5 0.1135 0.5623 0.1691 0.1550 
        D617  5 0.2036 0.0470 0.0393 0.7100 
        D618  5 0.2245 0.5508 0.1552 0.0695 
        D619  5 0.0714 0.3733 0.2697 0.2856 
        D620  5 0.8966 0.0348 0.0424 0.0262 
        D628  5 0.1551 0.3111 0.3192 0.2146 
        D714  5 0.2734 0.6253 0.0415 0.0598 
        D715  5 0.1474 0.6753 0.1373 0.0400 
        D716  5 0.3066 0.3871 0.2344 0.0719 
        D717  5 0.1048 0.1572 0.6016 0.1363 
        D718  5 0.1243 0.4947 0.0459 0.3351 
        D769  5 0.2012 0.0632 0.0516 0.6840 
        D770  5 0.4265 0.4160 0.0895 0.0679 
        D771  5 0.4827 0.2554 0.1300 0.1319 
        D772  5 0.0837 0.6258 0.2015 0.0890 
        D782  5 0.2064 0.0695 0.1142 0.6099 
        D783  5 0.5888 0.2245 0.1272 0.0595 
        D784  5 0.0867 0.0843 0.7693 0.0597 
        D785  5 0.0415 0.8188 0.0702 0.0695 
        D786  5 0.0696 0.0514 0.2973 0.5816 
        D821  5 0.0266 0.9276 0.0278 0.0180 
        D822  5 0.0969 0.2092 0.6305 0.0633 
        D826  5 0.3546 0.4890 0.1083 0.0482 
        D827  5 0.0983 0.0840 0.7292 0.0885 
        D851  5 0.2036 0.2645 0.3010 0.2309 
        D852  5 0.4822 0.3256 0.0778 0.1144 
        D853  5 0.1834 0.5546 0.1710 0.0911 
        D854  5 0.3547 0.1329 0.3017 0.2108 
        D861  5 0.3402 0.3352 0.1303 0.1943 
        D862  5 0.0419 0.5795 0.3057 0.0729 
        D865  5 0.0960 0.8230 0.0371 0.0440 
        D868  5 0.0682 0.1142 0.7339 0.0836 
        D869  5 0.0285 0.0585 0.0375 0.8755 
        D870  5 0.0485 0.0300 0.2470 0.6745 
        D907  5 0.0537 0.8095 0.0435 0.0932 
        D908  5 0.5193 0.3675 0.0491 0.0641 
        D910  5 0.3053 0.5533 0.1043 0.0372 
        D911  5 0.7859 0.0457 0.1385 0.0299 
        D934  5 0.5146 0.2880 0.1275 0.0699 
        D946  5 0.4425 0.3779 0.0811 0.0985 
        D947  5 0.1846 0.1815 0.4427 0.1912 
        D948  5 0.0394 0.1867 0.0752 0.6987 
        D949  5 0.0332 0.1755 0.0561 0.7351 
        D950  5 0.8177 0.0548 0.1011 0.0264 
        D951  5 0.0491 0.1309 0.7167 0.1033 
        D952  5 0.0747 0.1271 0.7377 0.0605 
        D953  5 0.0841 0.6946 0.1529 0.0684 
        D954  5 0.0576 0.3613 0.4725 0.1087 
        D961  5 0.1133 0.6945 0.0622 0.1300 
        D962  5 0.0188 0.7898 0.1468 0.0446 
        D963  5 0.1577 0.3757 0.3982 0.0684 
        D964  5 0.2614 0.2653 0.1898 0.2835 
        D965  5 0.2511 0.3596 0.2361 0.1532 
        D966  5 0.2313 0.4651 0.2531 0.0505 
        D967  5 0.3699 0.3149 0.1598 0.1554 
        D991  5 0.0813 0.3403 0.2713 0.3071 
        D502  6 0.4411 0.0830 0.1072 0.3687 
        D503  6 0.5864 0.0740 0.0534 0.2863 
        D504  6 0.1374 0.1557 0.5491 0.1579 
        D505  6 0.2301 0.4396 0.1909 0.1394 
        D506  6 0.0231 0.8956 0.0439 0.0375 
        D507  6 0.4723 0.1030 0.1814 0.2434 
        D508  6 0.2207 0.1318 0.5508 0.0967 
        D529  6 0.1587 0.2866 0.2320 0.3227 
        D530  6 0.0806 0.7071 0.0388 0.1736 
        D531  6 0.1567 0.2688 0.4184 0.1560 
        D532  6 0.0861 0.5383 0.2942 0.0813 
        D534  6 0.0416 0.0291 0.0783 0.8510 
        D535  6 0.0483 0.5954 0.2287 0.1276 
        D536  6 0.8002 0.0303 0.0311 0.1383 
        D554  6 0.0485 0.7167 0.0617 0.1731 
        D587  6 0.0668 0.7613 0.1263 0.0456 
        D588  6 0.0889 0.5269 0.2652 0.1190 
        D589  6 0.6309 0.1537 0.0743 0.1411 
        D590  6 0.8046 0.0631 0.0498 0.0826 
        D591  6 0.3121 0.2770 0.1606 0.2503 
        D592  6 0.0559 0.0630 0.0468 0.8343 
        D593  6 0.0825 0.7955 0.0352 0.0868 
        D682  6 0.0495 0.8456 0.0527 0.0522 
        D683  6 0.0513 0.2300 0.5994 0.1193 
        D684  6 0.4226 0.0307 0.1128 0.4339 
        D685  6 0.3788 0.2104 0.0365 0.3743 
        D686  6 0.0465 0.8450 0.0480 0.0605 
        D724  6 0.2161 0.0762 0.4596 0.2481 
        D725  6 0.3137 0.4078 0.1239 0.1546 
        D726  6 0.0305 0.8605 0.0674 0.0416 
        D727  6 0.4172 0.1509 0.2750 0.1569 
        D728  6 0.0400 0.8198 0.0613 0.0789 
        D729  6 0.1060 0.0361 0.1613 0.6966 
        D730  6 0.3169 0.0742 0.2869 0.3220 
        D731  6 0.2220 0.7332 0.0202 0.0246 
        D732  6 0.1113 0.1420 0.6131 0.1336 
        D733  6 0.1519 0.3007 0.2998 0.2476 
     D237251  7 0.6403 0.2037 0.0928 0.0632 
     D237252  7 0.3912 0.0719 0.0926 0.4443 
     D237253  7 0.5049 0.2670 0.1159 0.1122 
     D237254  7 0.0403 0.0267 0.0313 0.9016 
     D237255  7 0.8142 0.0980 0.0522 0.0357 
     D237256  7 0.6825 0.0919 0.1845 0.0411 
     D237257  7 0.1966 0.0983 0.1720 0.5331 
     D237282  7 0.1009 0.0390 0.7609 0.0991 
     D237283  7 0.0561 0.0349 0.0194 0.8895 
     D237284  7 0.0419 0.0316 0.0695 0.8570 
     D237285  7 0.2421 0.5226 0.1260 0.1093 
     D237286  7 0.1812 0.2688 0.4305 0.1195 
     D237287  7 0.6040 0.0789 0.1984 0.1187 
     D244006  7 0.0398 0.0250 0.0491 0.8861 
     D244007  7 0.4944 0.0790 0.2513 0.1752 
     D244008  7 0.0458 0.0709 0.0381 0.8453 
     D244009  7 0.0480 0.1752 0.2475 0.5293 
     D244010  7 0.1854 0.1085 0.1507 0.5554 
     D244011  7 0.3282 0.3525 0.1486 0.1706 
     D244012  7 0.4323 0.0947 0.2451 0.2279 
     D244013  7 0.5012 0.1815 0.2604 0.0569 
     D244014  7 0.4138 0.1176 0.1200 0.3487 
     D244015  7 0.1100 0.0708 0.2258 0.5934 
     D244125  7 0.3229 0.3294 0.2824 0.0653 
     D244126  7 0.0330 0.0231 0.0367 0.9072 
     D244130  7 0.1863 0.1726 0.1996 0.4415 
     D244131  7 0.1206 0.2713 0.4205 0.1876 
     D244132  7 0.0494 0.4391 0.4327 0.0788 
        D520  7 0.0655 0.4238 0.0817 0.4289 
        D521  7 0.1840 0.2173 0.3482 0.2506 
        D522  7 0.0739 0.0762 0.2556 0.5943 
        D523  7 0.7955 0.0807 0.0607 0.0631 
        D524  7 0.4663 0.2427 0.1369 0.1541 
        D525  7 0.2622 0.0501 0.0496 0.6381 
        D526  7 0.0313 0.0232 0.0571 0.8884 
        D527  7 0.1508 0.1342 0.5418 0.1731 
        D528  7 0.1045 0.0204 0.2446 0.6305 
        D558  7 0.1865 0.0535 0.5753 0.1848 
        D559  7 0.1880 0.0327 0.6531 0.1262 
        D640  7 0.2645 0.4351 0.2162 0.0843 
        D641  7 0.2622 0.5216 0.0593 0.1569 
        D642  7 0.2196 0.0835 0.0775 0.6194 
        D644  7 0.1264 0.4344 0.1350 0.3041 
        D645  7 0.4043 0.2193 0.1556 0.2208 
        D662  7 0.0336 0.1806 0.2416 0.5442 
        D687  7 0.4097 0.1408 0.3170 0.1325 
        D688  7 0.1769 0.0564 0.5389 0.2278 
        D689  7 0.2056 0.4558 0.2399 0.0987 
        D700  7 0.1497 0.0244 0.2616 0.5643 
        D797  7 0.2119 0.3201 0.3144 0.1537 
        D798  7 0.0428 0.1098 0.1340 0.7134 
        D799  7 0.7193 0.0843 0.0871 0.1093 
        D800  7 0.1528 0.0400 0.6860 0.1212 
        D132  8 0.0390 0.0477 0.0515 0.8617 
        D133  8 0.8999 0.0232 0.0242 0.0527 
        D200  8 0.4111 0.1889 0.2889 0.1111 
        D500  8 0.0235 0.0377 0.0327 0.9061 
        D614  8 0.0721 0.5983 0.1564 0.1732 
        D723  8 0.1575 0.0770 0.4558 0.3096 
        D888  8 0.8427 0.0466 0.0844 0.0263 
        D901  8 0.2106 0.1410 0.0466 0.6018 
        D902  8 0.0724 0.7970 0.0513 0.0794 
        D903  8 0.0887 0.1973 0.6568 0.0572 
        D904  8 0.1262 0.1091 0.5306 0.2341 
        D905  8 0.7426 0.1970 0.0297 0.0307 
        D906  8 0.6711 0.0399 0.1774 0.1117 
        D937  8 0.0637 0.8819 0.0202 0.0342 
        D943  8 0.2324 0.0726 0.2667 0.4284 
        D972  8 0.1187 0.1014 0.3387 0.4411 
        D973  8 0.0423 0.0698 0.7468 0.1412 
        D974  8 0.2043 0.3354 0.2064 0.2539 
        D975  8 0.3264 0.3010 0.2526 0.1200 
        D976  8 0.2739 0.3310 0.1129 0.2823 
        D201  9 0.5625 0.0741 0.1935 0.1700 
        D202  9 0.5623 0.2009 0.0589 0.1779 
     D237259  9 0.1578 0.0360 0.3197 0.4865 
     D237260  9 0.6795 0.0705 0.0285 0.2215 
     D237262  9 0.0288 0.0352 0.0324 0.9036 
     D237263  9 0.2908 0.0498 0.1160 0.5434 
     D237264  9 0.2371 0.2668 0.1496 0.3465 
     D237265  9 0.8219 0.0604 0.0298 0.0879 
     D237266  9 0.6387 0.0371 0.0622 0.2620 
     D237267  9 0.1284 0.4567 0.1111 0.3039 
     D237268  9 0.0737 0.1704 0.1834 0.5724 
     D237289  9 0.4247 0.4400 0.0421 0.0933 
     D237290  9 0.8889 0.0304 0.0317 0.0489 
     D237291  9 0.7426 0.1121 0.0474 0.0979 
     D237292  9 0.5609 0.0470 0.0352 0.3570 
     D237293  9 0.1549 0.3520 0.1861 0.3070 
     D237294  9 0.2158 0.1618 0.0370 0.5854 
     D237295  9 0.0398 0.2607 0.3731 0.3263 
     D237296  9 0.2885 0.2908 0.1576 0.2631 
     D237297  9 0.0788 0.7832 0.0778 0.0603 
     D237298  9 0.2824 0.0993 0.4108 0.2075 
     D237341  9 0.5210 0.1091 0.2200 0.1499 
     D237342  9 0.1184 0.1355 0.0951 0.6510 
     D237343  9 0.3797 0.0739 0.1113 0.4350 
     D237344  9 0.2135 0.6013 0.0672 0.1180 
     D237345  9 0.0575 0.0236 0.0515 0.8674 
     D237346  9 0.5344 0.2871 0.0586 0.1199 
     D237347  9 0.2602 0.4927 0.1436 0.1035 
     D237348  9 0.2428 0.2359 0.1644 0.3569 
     D237349  9 0.3376 0.0350 0.3302 0.2972 
     D244109  9 0.6716 0.0203 0.1184 0.1896 
     D244110  9 0.7962 0.0363 0.0790 0.0884 
     D244111  9 0.4039 0.1312 0.2944 0.1705 
     D244128  9 0.0871 0.0459 0.0710 0.7960 
     D244137  9 0.0790 0.0710 0.7054 0.1446 
     D244138  9 0.5284 0.2035 0.0637 0.2045 
        D580  9 0.0411 0.0789 0.1153 0.7647 
        D581  9 0.8719 0.0272 0.0310 0.0699 
        D582  9 0.0220 0.0385 0.0414 0.8980 
        D583  9 0.8453 0.0326 0.0281 0.0940 
        D584  9 0.0866 0.5575 0.0441 0.3117 
        D585  9 0.2364 0.0406 0.0734 0.6496 
        D586  9 0.8182 0.0840 0.0479 0.0498 
        D651  9 0.2008 0.1941 0.4796 0.1254 
        D652  9 0.1697 0.0353 0.2631 0.5319 
        D653  9 0.4149 0.1052 0.3671 0.1128 
        D654  9 0.3554 0.0572 0.3856 0.2019 
        D655  9 0.3336 0.4363 0.1350 0.0951 
        D656  9 0.0400 0.0436 0.0365 0.8799 
        D657  9 0.2614 0.1461 0.1862 0.4062 
        D667  9 0.1719 0.7193 0.0522 0.0566 
        D668  9 0.2153 0.1745 0.0809 0.5292 
        D669  9 0.6461 0.0836 0.0877 0.1825 
        D670  9 0.0867 0.0972 0.6848 0.1314 
        D671  9 0.7332 0.0835 0.0794 0.1039 
        D672  9 0.1588 0.0659 0.0849 0.6903 
        D673  9 0.1584 0.3518 0.1925 0.2973 
        D692  9 0.2247 0.0382 0.0417 0.6954 
        D693  9 0.1531 0.4019 0.1555 0.2894 
        D694  9 0.0481 0.0755 0.0302 0.8462 
        D695  9 0.0865 0.1406 0.3143 0.4586 
        D696  9 0.0267 0.9291 0.0258 0.0183 
        D697  9 0.1825 0.5732 0.1183 0.1261 
        D698  9 0.4282 0.4287 0.0503 0.0928 
        D699  9 0.1272 0.7475 0.0305 0.0948 
        D787  9 0.2121 0.0477 0.3962 0.3440 
        D788  9 0.0522 0.7516 0.0715 0.1247 
        D789  9 0.2522 0.3704 0.0590 0.3185 
        D790  9 0.2722 0.1754 0.1901 0.3623 
        D791  9 0.6487 0.2214 0.0562 0.0736 
        D792  9 0.2658 0.0518 0.4284 0.2540 
        D793  9 0.1106 0.6490 0.1640 0.0764 
        D794  9 0.1653 0.4395 0.2861 0.1091 
        D795  9 0.0644 0.1452 0.0310 0.7595 
        D796  9 0.6010 0.2152 0.0598 0.1239 
        D142 10 0.1712 0.5383 0.2007 0.0899 
        D143 10 0.7979 0.0851 0.0549 0.0621 
        D144 10 0.1162 0.3949 0.2363 0.2525 
        D145 10 0.8426 0.0496 0.0690 0.0388 
        D146 10 0.0511 0.1563 0.1088 0.6838 
        D147 10 0.1949 0.1066 0.3029 0.3957 
        D148 10 0.0629 0.1328 0.3331 0.4712 
        D149 10 0.8287 0.0389 0.0771 0.0552 
        D151 10 0.1568 0.0802 0.1717 0.5913 
        D152 10 0.9324 0.0193 0.0270 0.0213 
        D153 10 0.0440 0.3181 0.5313 0.1066 
        D156 10 0.1129 0.0531 0.7930 0.0410 
        D157 10 0.0820 0.6749 0.0713 0.1719 
        D158 10 0.3931 0.3800 0.0462 0.1807 
        D159 10 0.9027 0.0363 0.0313 0.0298 
        D160 10 0.5864 0.3443 0.0216 0.0477 
        D161 10 0.1683 0.3037 0.3774 0.1506 
        D162 10 0.2248 0.1531 0.5770 0.0451 
        D169 10 0.0520 0.0355 0.0427 0.8698 
        D170 10 0.0666 0.1133 0.0967 0.7234 
        D171 10 0.0713 0.6540 0.1550 0.1197 
        D172 10 0.2164 0.1630 0.4299 0.1907 
        D173 10 0.8547 0.0185 0.0794 0.0474 
        D181 10 0.1281 0.6232 0.1867 0.0621 
        D182 10 0.5730 0.0697 0.1858 0.1714 
        D183 10 0.0328 0.8584 0.0473 0.0615 
        D184 10 0.0176 0.0231 0.0611 0.8982 
        D185 10 0.0843 0.1426 0.5624 0.2107 
        D186 10 0.0743 0.0359 0.0377 0.8522 
        D194 10 0.0860 0.1144 0.1834 0.6163 
        D195 10 0.4314 0.3060 0.1957 0.0669 
        D196 10 0.3430 0.1337 0.4881 0.0352 
        D197 10 0.1883 0.0797 0.0300 0.7019 
        D198 10 0.0462 0.3060 0.3033 0.3444 
     D237226 10 0.6183 0.0474 0.0819 0.2524 
     D237232 10 0.3464 0.4578 0.0588 0.1370 
     D237233 10 0.6605 0.1868 0.0413 0.1114 
     D237234 10 0.1961 0.4699 0.2121 0.1219 
     D237354 10 0.9160 0.0297 0.0337 0.0205 
     D237355 10 0.6949 0.1457 0.0531 0.1064 
     D237356 10 0.0324 0.5460 0.2418 0.1798 
     D237357 10 0.5059 0.1075 0.0969 0.2897 
     D237358 10 0.1520 0.0819 0.2421 0.5239 
     D237369 10 0.0541 0.0251 0.0901 0.8306 
     D237370 10 0.1071 0.7879 0.0425 0.0625 
     D237371 10 0.0825 0.1101 0.6013 0.2061 
     D237372 10 0.4374 0.0508 0.0988 0.4131 
     D237373 10 0.3509 0.4946 0.0868 0.0678 
     D237374 10 0.6966 0.2200 0.0416 0.0418 
     D237375 10 0.3427 0.1376 0.2822 0.2374 
     D237400 10 0.9231 0.0331 0.0237 0.0200 
     D244002 10 0.0800 0.0438 0.2450 0.6312 
     D244003 10 0.5896 0.3402 0.0219 0.0483 
     D244004 10 0.0252 0.9059 0.0175 0.0514 
     D244005 10 0.5611 0.0410 0.0549 0.3430 
     D244020 10 0.1211 0.4786 0.2800 0.1203 
     D244021 10 0.3836 0.1203 0.0819 0.4141 
     D244116 10 0.1578 0.1485 0.1755 0.5182 
     D244117 10 0.3920 0.4924 0.0667 0.0489 
     D244121 10 0.1879 0.6648 0.0403 0.1071 
     D244123 10 0.2937 0.5150 0.0962 0.0950 
     D244124 10 0.3695 0.1783 0.0436 0.4085 
        D332 10 0.0660 0.1202 0.7458 0.0680 
        D570 10 0.0423 0.8093 0.1037 0.0447 
        D602 10 0.0476 0.0490 0.8507 0.0527 
        D603 10 0.3383 0.4006 0.0785 0.1826 
        D604 10 0.3914 0.1151 0.4222 0.0712 
        D605 10 0.1907 0.0799 0.5907 0.1388 
        D606 10 0.0377 0.2964 0.0382 0.6277 
        D607 10 0.0402 0.0304 0.8794 0.0500 
        D608 10 0.9094 0.0178 0.0565 0.0163 
        D609 10 0.0377 0.7002 0.1850 0.0770 
        D610 10 0.1393 0.4647 0.2149 0.1811 
        D611 10 0.0249 0.9357 0.0212 0.0183 
        D613 10 0.1268 0.2299 0.5704 0.0729 
        D633 10 0.1262 0.0320 0.7540 0.0878 
        D634 10 0.1035 0.6255 0.1128 0.1582 
        D638 10 0.8951 0.0396 0.0334 0.0319 
        D681 10 0.1205 0.5407 0.1167 0.2221 
        D754 10 0.1187 0.3991 0.0455 0.4367 
        D755 10 0.5461 0.3916 0.0199 0.0424 
        D756 10 0.1436 0.6536 0.0570 0.1458 
        D757 10 0.4682 0.1231 0.2232 0.1855 
        D758 10 0.1864 0.2670 0.2485 0.2981 
        D759 10 0.4689 0.4161 0.0408 0.0743 
        D760 10 0.3423 0.3629 0.1534 0.1413 
        D761 10 0.9134 0.0425 0.0186 0.0254 
        D762 10 0.0670 0.0974 0.7538 0.0819 
        D775 10 0.1833 0.7142 0.0227 0.0798 
        D776 10 0.8435 0.0798 0.0273 0.0495 
        D777 10 0.2685 0.4772 0.0594 0.1950 
        D778 10 0.6808 0.0652 0.0283 0.2257 
        D779 10 0.1575 0.5416 0.0670 0.2339 
        D780 10 0.5312 0.1639 0.2303 0.0746 
        D781 10 0.1335 0.1028 0.6999 0.0639 
        D858 10 0.0717 0.0186 0.0263 0.8833 
        D933 10 0.2959 0.2819 0.3026 0.1196 
        D038 11 0.5250 0.1361 0.1721 0.1668 
        D063 11 0.4737 0.3468 0.1125 0.0669 
        D155 11 0.3511 0.4140 0.1406 0.0943 
        D175 11 0.0800 0.5942 0.0505 0.2753 
        D176 11 0.7638 0.1476 0.0331 0.0555 
        D205 11 0.0273 0.7466 0.0436 0.1825 
     D237229 11 0.4050 0.0370 0.2627 0.2953 
     D237230 11 0.1741 0.0485 0.4856 0.2918 
     D237231 11 0.0740 0.0362 0.8419 0.0479 
     D237269 11 0.3430 0.1101 0.4195 0.1274 
     D237270 11 0.0945 0.0446 0.1347 0.7262 
     D237271 11 0.0871 0.4995 0.2795 0.1340 
     D237272 11 0.1360 0.0562 0.4313 0.3766 
     D237273 11 0.2513 0.5753 0.0951 0.0784 
     D237301 11 0.0732 0.1691 0.7109 0.0469 
     D237302 11 0.1843 0.1004 0.1694 0.5459 
     D237303 11 0.1742 0.0355 0.1857 0.6046 
     D237304 11 0.1830 0.1705 0.4355 0.2110 
     D237305 11 0.1171 0.1325 0.0524 0.6980 
     D237314 11 0.2404 0.4296 0.1525 0.1775 
     D237315 11 0.0846 0.0703 0.1587 0.6864 
     D237316 11 0.0339 0.1083 0.8105 0.0473 
     D237328 11 0.0379 0.3275 0.2899 0.3446 
     D237329 11 0.4668 0.1493 0.1019 0.2819 
     D237330 11 0.1900 0.6694 0.0749 0.0656 
     D237331 11 0.2535 0.4288 0.2275 0.0902 
     D237332 11 0.1020 0.2598 0.4986 0.1397 
     D237333 11 0.5314 0.3690 0.0657 0.0339 
     D237334 11 0.0529 0.0860 0.8068 0.0544 
     D237335 11 0.0828 0.3407 0.3890 0.1875 
     D237336 11 0.5221 0.1708 0.1088 0.1983 
     D237350 11 0.1480 0.5970 0.1832 0.0718 
     D237383 11 0.3816 0.1978 0.0714 0.3491 
     D237384 11 0.0649 0.0824 0.6411 0.2116 
     D237385 11 0.2568 0.1917 0.3347 0.2168 
     D237386 11 0.1205 0.1647 0.6228 0.0920 
     D237387 11 0.0345 0.1129 0.6901 0.1624 
     D237388 11 0.0459 0.7794 0.1349 0.0397 
        D239 11 0.2892 0.4137 0.2226 0.0745 
        D240 11 0.8115 0.0492 0.0325 0.1068 
        D241 11 0.2342 0.0538 0.3521 0.3599 
        D242 11 0.2213 0.0868 0.5552 0.1366 
        D243 11 0.2261 0.4634 0.1536 0.1570 
        D244 11 0.0517 0.7770 0.0622 0.1091 
