        D174  1 0.1562 0.0706 0.7732 
        D199  1 0.1684 0.4431 0.3884 
        D203  1 0.2896 0.3656 0.3448 
        D204  1 0.3719 0.2637 0.3643 
     D237366  1 0.7041 0.1843 0.1115 
     D237367  1 0.7349 0.1220 0.1432 
     D237368  1 0.5810 0.1581 0.2610 
     D244101  1 0.1709 0.6694 0.1597 
     D244102  1 0.3065 0.2385 0.4550 
     D244103  1 0.7718 0.0818 0.1464 
     D244104  1 0.2890 0.2182 0.4928 
     D244105  1 0.8914 0.0515 0.0571 
     D244106  1 0.1050 0.2603 0.6347 
     D244107  1 0.7889 0.1231 0.0880 
     D244108  1 0.1065 0.0799 0.8136 
     D244113  1 0.0768 0.0998 0.8234 
     D244114  1 0.3566 0.4070 0.2364 
     D244115  1 0.1924 0.0638 0.7438 
     D267365  1 0.1891 0.1609 0.6500 
        D404  1 0.0797 0.1247 0.7956 
        D405  1 0.1963 0.2439 0.5598 
        D406  1 0.8196 0.0493 0.1311 
        D407  1 0.7669 0.1173 0.1159 
        D408  1 0.0955 0.1636 0.7409 
        D409  1 0.8318 0.0863 0.0819 
        D410  1 0.3241 0.0285 0.6475 
        D421  1 0.4994 0.1575 0.3431 
        D422  1 0.9303 0.0371 0.0325 
        D423  1 0.4837 0.0603 0.4561 
        D424  1 0.8018 0.0380 0.1602 
        D425  1 0.2345 0.1012 0.6643 
        D426  1 0.7664 0.1697 0.0639 
        D427  1 0.1286 0.6660 0.2054 
        D428  1 0.3139 0.1482 0.5379 
        D429  1 0.3065 0.1276 0.5659 
        D430  1 0.3132 0.3606 0.3262 
        D491  1 0.0741 0.0544 0.8715 
        D492  1 0.4252 0.1392 0.4355 
        D537  1 0.5242 0.0898 0.3860 
        D538  1 0.3329 0.2008 0.4663 
        D539  1 0.1928 0.3305 0.4767 
        D540  1 0.5559 0.0954 0.3488 
        D541  1 0.5043 0.1316 0.3642 
        D551  1 0.3528 0.5675 0.0797 
        D552  1 0.2781 0.1167 0.6051 
        D553  1 0.6868 0.0752 0.2380 
        D615  1 0.3069 0.1791 0.5140 
        D616  1 0.3736 0.2258 0.4006 
        D621  1 0.4775 0.1069 0.4156 
        D622  1 0.7721 0.0823 0.1456 
        D623  1 0.0566 0.4359 0.5075 
        D624  1 0.0829 0.0490 0.8681 
        D625  1 0.3797 0.0733 0.5470 
        D626  1 0.2953 0.1241 0.5805 
        D627  1 0.8275 0.1179 0.0546 
        D690  1 0.3142 0.0516 0.6342 
        D691  1 0.7680 0.0848 0.1472 
        D710  1 0.2944 0.1950 0.5106 
        D711  1 0.3946 0.1308 0.4747 
        D712  1 0.1206 0.1381 0.7414 
        D713  1 0.1601 0.0638 0.7761 
        D746  1 0.8731 0.0619 0.0650 
        D747  1 0.3998 0.2339 0.3663 
        D748  1 0.6356 0.0792 0.2852 
        D749  1 0.4845 0.1758 0.3397 
        D750  1 0.0968 0.0592 0.8440 
        D763  1 0.2925 0.6007 0.1068 
        D764  1 0.2046 0.0421 0.7533 
        D765  1 0.3795 0.0594 0.5610 
        D766  1 0.5243 0.0483 0.4273 
        D767  1 0.3745 0.3364 0.2890 
        D768  1 0.7444 0.0858 0.1698 
        D811  1 0.1097 0.0773 0.8130 
        D816  1 0.3271 0.0757 0.5972 
        D825  1 0.1589 0.0545 0.7867 
        D866  1 0.0846 0.4585 0.4570 
        D867  1 0.8769 0.0550 0.0681 
        D871  1 0.8310 0.0695 0.0996 
        D872  1 0.3101 0.1278 0.5620 
        D873  1 0.2885 0.0443 0.6671 
        D874  1 0.1228 0.3090 0.5683 
        D875  1 0.8935 0.0354 0.0711 
        D876  1 0.2609 0.0825 0.6566 
        D877  1 0.0695 0.0945 0.8360 
        D892  1 0.4154 0.0523 0.5322 
        D893  1 0.5798 0.1969 0.2233 
        D894  1 0.4877 0.1334 0.3789 
        D915  1 0.4625 0.0716 0.4658 
        D916  1 0.4714 0.0828 0.4458 
        D917  1 0.1758 0.2590 0.5652 
        D925  1 0.2247 0.0448 0.7304 
        D926  1 0.4745 0.0823 0.4432 
        D927  1 0.2056 0.5727 0.2217 
        D928  1 0.0366 0.0291 0.9343 
        D929  1 0.4216 0.2165 0.3619 
        D936  1 0.2080 0.4953 0.2967 
        D938  1 0.8857 0.0343 0.0800 
        D956  1 0.0869 0.0967 0.8164 
        D957  1 0.3404 0.1189 0.5407 
        D958  1 0.1898 0.0604 0.7498 
        D959  1 0.8441 0.0765 0.0794 
        D960  1 0.7429 0.0506 0.2065 
        D989  1 0.0992 0.3307 0.5701 
        D990  1 0.3379 0.1460 0.5160 
        D023  2 0.8372 0.0639 0.0989 
        D130  2 0.8835 0.0521 0.0644 
        D131  2 0.6217 0.1959 0.1824 
        D163  2 0.8676 0.0503 0.0821 
        D164  2 0.1889 0.5290 0.2820 
        D165  2 0.8613 0.0886 0.0501 
        D166  2 0.5040 0.2875 0.2085 
        D167  2 0.0396 0.8872 0.0732 
        D192  2 0.0256 0.9397 0.0347 
        D193  2 0.1907 0.1638 0.6455 
        D206  2 0.6363 0.2178 0.1459 
        D207  2 0.1271 0.7518 0.1210 
        D208  2 0.0846 0.4962 0.4192 
        D209  2 0.2721 0.6350 0.0929 
        D210  2 0.1026 0.4518 0.4456 
     D229599  2 0.3680 0.3551 0.2769 
     D229600  2 0.4648 0.4596 0.0757 
     D237227  2 0.1358 0.2302 0.6340 
     D237228  2 0.1612 0.1338 0.7049 
     D237258  2 0.2271 0.4068 0.3661 
     D237310  2 0.2987 0.1681 0.5332 
     D237311  2 0.2661 0.3300 0.4039 
     D237312  2 0.4185 0.1072 0.4743 
     D237313  2 0.2942 0.1032 0.6026 
     D237322  2 0.1701 0.5666 0.2633 
     D237323  2 0.2311 0.1135 0.6555 
     D237324  2 0.5016 0.4462 0.0522 
     D237325  2 0.3315 0.1852 0.4833 
     D237326  2 0.2368 0.0869 0.6763 
     D237327  2 0.1908 0.7178 0.0914 
     D237337  2 0.3173 0.0450 0.6378 
     D237338  2 0.4105 0.2804 0.3091 
     D237339  2 0.1652 0.7227 0.1121 
     D237340  2 0.1636 0.4082 0.4282 
     D237389  2 0.3618 0.1255 0.5128 
     D237390  2 0.3484 0.1199 0.5318 
     D244017  2 0.1088 0.4323 0.4590 
     D244112  2 0.1513 0.7988 0.0499 
     D244118  2 0.1634 0.7774 0.0592 
     D244119  2 0.0437 0.4116 0.5446 
     D244120  2 0.0963 0.7392 0.1645 
     D244122  2 0.1083 0.7767 0.1151 
        D291  2 0.3029 0.6033 0.0938 
        D292  2 0.0825 0.6114 0.3061 
        D293  2 0.0609 0.8837 0.0554 
        D322  2 0.1311 0.7617 0.1072 
        D323  2 0.2421 0.4303 0.3276 
        D324  2 0.3390 0.3992 0.2619 
        D325  2 0.1047 0.8729 0.0224 
        D326  2 0.4986 0.1763 0.3251 
        D340  2 0.0399 0.9306 0.0295 
        D341  2 0.0686 0.8833 0.0481 
        D342  2 0.3006 0.6092 0.0901 
        D343  2 0.0329 0.9493 0.0178 
        D344  2 0.4533 0.1868 0.3600 
        D345  2 0.4299 0.1803 0.3898 
        D346  2 0.0969 0.2389 0.6642 
        D351  2 0.4317 0.4086 0.1597 
        D352  2 0.2993 0.4127 0.2880 
        D353  2 0.6788 0.1606 0.1605 
        D354  2 0.2741 0.0939 0.6320 
        D362  2 0.3849 0.1072 0.5079 
        D363  2 0.2687 0.0917 0.6395 
        D364  2 0.3327 0.0917 0.5756 
        D365  2 0.0310 0.9363 0.0327 
        D369  2 0.1702 0.3608 0.4690 
        D374  2 0.0498 0.0607 0.8895 
        D375  2 0.5666 0.1296 0.3038 
        D376  2 0.0816 0.1053 0.8130 
        D377  2 0.2808 0.2132 0.5059 
        D378  2 0.2476 0.6537 0.0987 
        D379  2 0.5442 0.0823 0.3735 
        D384  2 0.4442 0.0736 0.4822 
        D385  2 0.0386 0.9136 0.0478 
        D386  2 0.5050 0.3390 0.1560 
        D391  2 0.0420 0.9160 0.0419 
        D392  2 0.0900 0.7344 0.1755 
        D393  2 0.2338 0.6434 0.1229 
        D394  2 0.4925 0.2827 0.2248 
        D395  2 0.1064 0.8330 0.0606 
        D401  2 0.2732 0.0679 0.6589 
        D402  2 0.0377 0.9224 0.0399 
        D403  2 0.7562 0.1029 0.1409 
        D415  2 0.8224 0.0551 0.1225 
        D435  2 0.3388 0.5642 0.0970 
        D436  2 0.4203 0.1697 0.4100 
        D438  2 0.0560 0.9064 0.0376 
        D439  2 0.5769 0.3211 0.1019 
        D449  2 0.4308 0.4939 0.0753 
        D450  2 0.2961 0.1043 0.5996 
        D456  2 0.7239 0.0533 0.2228 
        D462  2 0.0538 0.9113 0.0349 
        D463  2 0.6074 0.0560 0.3366 
        D464  2 0.3193 0.4015 0.2793 
        D465  2 0.3639 0.4834 0.1527 
        D473  2 0.1272 0.1745 0.6984 
        D474  2 0.2881 0.3752 0.3367 
        D476  2 0.6668 0.2927 0.0405 
        D477  2 0.2264 0.3258 0.4478 
        D478  2 0.5036 0.1540 0.3424 
        D480  2 0.1001 0.6705 0.2294 
        D481  2 0.3143 0.3292 0.3565 
        D482  2 0.2193 0.4928 0.2879 
        D483  2 0.0402 0.8792 0.0806 
        D484  2 0.1496 0.6670 0.1834 
        D510  2 0.0721 0.1410 0.7869 
        D511  2 0.2183 0.6521 0.1296 
        D512  2 0.3959 0.3290 0.2750 
        D513  2 0.2593 0.5578 0.1829 
        D635  2 0.7097 0.1028 0.1875 
        D636  2 0.8817 0.0381 0.0802 
        D637  2 0.1735 0.6116 0.2149 
        D658  2 0.0709 0.7293 0.1998 
        D659  2 0.6128 0.1704 0.2168 
        D677  2 0.5781 0.2277 0.1942 
        D678  2 0.1548 0.7571 0.0882 
        D679  2 0.3392 0.4184 0.2423 
        D719  2 0.0604 0.3228 0.6169 
        D720  2 0.2800 0.1367 0.5833 
        D721  2 0.6844 0.2272 0.0884 
        D722  2 0.0630 0.0935 0.8434 
        D734  2 0.0712 0.6310 0.2978 
        D735  2 0.2430 0.3266 0.4304 
        D736  2 0.1358 0.2806 0.5835 
        D737  2 0.0954 0.8026 0.1020 
        D807  2 0.1148 0.3000 0.5852 
        D808  2 0.3897 0.4041 0.2063 
        D817  2 0.2773 0.0968 0.6259 
        D818  2 0.3970 0.5379 0.0652 
        D819  2 0.4261 0.1937 0.3801 
        D820  2 0.3359 0.3581 0.3059 
        D895  2 0.6970 0.1047 0.1983 
        D896  2 0.2579 0.0356 0.7065 
        D897  2 0.1355 0.7754 0.0891 
        D898  2 0.3197 0.2381 0.4421 
        D918  2 0.4951 0.3378 0.1671 
        D919  2 0.2491 0.6439 0.1070 
        D920  2 0.8516 0.0607 0.0877 
        D923  2 0.4769 0.2079 0.3152 
        D930  2 0.2278 0.1696 0.6026 
        D931  2 0.2073 0.5281 0.2647 
        D968  2 0.0499 0.9178 0.0322 
        D969  2 0.1703 0.6272 0.2026 
        D977  2 0.1999 0.7470 0.0531 
        D978  2 0.1848 0.6814 0.1338 
        D211  3 0.8389 0.0837 0.0774 
     D229639  3 0.0863 0.6844 0.2293 
     D237212  3 0.3162 0.5434 0.1404 
     D237213  3 0.5813 0.2240 0.1947 
     D237214  3 0.8826 0.0430 0.0744 
     D237215  3 0.0393 0.8078 0.1529 
     D237216  3 0.6782 0.2332 0.0886 
     D237217  3 0.8618 0.0815 0.0567 
     D237218  3 0.2561 0.6511 0.0929 
     D237219  3 0.4403 0.1786 0.3811 
     D237382  3 0.2863 0.1628 0.5510 
     D244127  3 0.3790 0.3382 0.2828 
     D244129  3 0.4067 0.2978 0.2955 
     D244133  3 0.3856 0.1910 0.4233 
     D244134  3 0.1410 0.3600 0.4990 
     D244135  3 0.8457 0.1002 0.0541 
     D244136  3 0.2521 0.1603 0.5876 
        D416  3 0.4523 0.4196 0.1281 
        D417  3 0.6782 0.0634 0.2584 
        D419  3 0.3960 0.3117 0.2922 
        D565  3 0.0528 0.0525 0.8947 
        D566  3 0.0911 0.3692 0.5397 
        D567  3 0.5757 0.0990 0.3254 
        D568  3 0.5982 0.3006 0.1012 
        D569  3 0.2640 0.6295 0.1065 
        D573  3 0.1007 0.8403 0.0590 
        D574  3 0.2034 0.1343 0.6623 
        D575  3 0.3308 0.1517 0.5175 
        D576  3 0.0557 0.8846 0.0597 
        D577  3 0.5790 0.1014 0.3196 
        D578  3 0.9087 0.0506 0.0407 
        D579  3 0.1930 0.3638 0.4432 
        D660  3 0.2259 0.7042 0.0699 
        D661  3 0.1308 0.8201 0.0491 
        D663  3 0.1104 0.8424 0.0472 
        D664  3 0.3512 0.2810 0.3678 
        D665  3 0.6015 0.3238 0.0748 
        D666  3 0.3269 0.1575 0.5155 
        D009  4 0.7699 0.1000 0.1301 
        D057  4 0.2449 0.6994 0.0557 
        D109  4 0.5267 0.0630 0.4103 
     D237222  4 0.6302 0.1340 0.2358 
     D237223  4 0.5272 0.2155 0.2573 
     D237224  4 0.1633 0.7086 0.1280 
     D237225  4 0.7130 0.1330 0.1539 
     D237299  4 0.7236 0.1604 0.1160 
     D237300  4 0.0838 0.7616 0.1546 
     D237306  4 0.1171 0.0925 0.7904 
     D237307  4 0.2828 0.1357 0.5815 
     D237308  4 0.1198 0.6699 0.2103 
     D237309  4 0.7274 0.1299 0.1427 
     D237317  4 0.1696 0.0668 0.7636 
     D237318  4 0.0448 0.9101 0.0451 
     D237319  4 0.5719 0.1653 0.2627 
     D237320  4 0.4373 0.3987 0.1640 
     D237321  4 0.1358 0.7032 0.1610 
     D237397  4 0.2454 0.3295 0.4251 
     D237398  4 0.1768 0.7616 0.0616 
     D237399  4 0.2954 0.3653 0.3392 
     D244001  4 0.7775 0.1384 0.0841 
        D289  4 0.2033 0.4799 0.3169 
        D290  4 0.3086 0.4606 0.2308 
        D294  4 0.4300 0.4089 0.1612 
        D295  4 0.4285 0.1618 0.4097 
        D301  4 0.6861 0.1922 0.1217 
        D302  4 0.4683 0.2547 0.2770 
        D303  4 0.1056 0.1560 0.7384 
        D304  4 0.2361 0.4116 0.3523 
        D305  4 0.4473 0.5000 0.0527 
        D306  4 0.3842 0.1593 0.4566 
        D307  4 0.7215 0.1465 0.1319 
        D327  4 0.4061 0.1957 0.3982 
        D328  4 0.1664 0.1844 0.6492 
        D329  4 0.2762 0.5703 0.1535 
        D330  4 0.7406 0.1028 0.1566 
        D331  4 0.2274 0.3312 0.4414 
        D333  4 0.2505 0.3300 0.4195 
        D334  4 0.1932 0.1116 0.6952 
        D335  4 0.1921 0.4109 0.3969 
        D370  4 0.1484 0.1101 0.7415 
        D371  4 0.0639 0.0661 0.8700 
        D372  4 0.0686 0.8474 0.0840 
        D373  4 0.7568 0.1927 0.0505 
        D455  4 0.7598 0.1723 0.0679 
        D490  4 0.9122 0.0400 0.0478 
        D497  4 0.8687 0.0824 0.0489 
        D498  4 0.1809 0.2822 0.5369 
        D499  4 0.1003 0.6730 0.2267 
        D514  4 0.5586 0.2193 0.2221 
        D515  4 0.7357 0.0979 0.1664 
        D516  4 0.3252 0.1798 0.4950 
        D517  4 0.8237 0.1219 0.0543 
        D518  4 0.3851 0.3237 0.2911 
        D519  4 0.7522 0.1548 0.0930 
        D560  4 0.6978 0.2357 0.0665 
        D561  4 0.8849 0.0782 0.0369 
        D562  4 0.3985 0.4083 0.1932 
        D563  4 0.1493 0.7879 0.0627 
        D572  4 0.4710 0.3303 0.1987 
        D629  4 0.7000 0.1406 0.1594 
        D630  4 0.4786 0.2572 0.2642 
        D631  4 0.1409 0.7536 0.1055 
        D632  4 0.5557 0.3261 0.1183 
        D646  4 0.6663 0.1430 0.1907 
        D647  4 0.5746 0.2547 0.1707 
        D648  4 0.1890 0.2255 0.5854 
        D649  4 0.4978 0.1334 0.3688 
        D650  4 0.3192 0.1642 0.5166 
        D708  4 0.2333 0.2178 0.5489 
        D709  4 0.2227 0.1646 0.6126 
        D738  4 0.1473 0.0699 0.7829 
        D739  4 0.6348 0.2251 0.1401 
        D740  4 0.2828 0.4565 0.2607 
        D741  4 0.6055 0.2955 0.0989 
        D742  4 0.1021 0.7510 0.1469 
        D743  4 0.3097 0.4763 0.2140 
        D744  4 0.2126 0.6774 0.1100 
        D745  4 0.8229 0.1016 0.0755 
        D814  4 0.4619 0.4902 0.0478 
        D815  4 0.2476 0.2965 0.4559 
        D828  4 0.1199 0.4455 0.4346 
        D845  4 0.0518 0.8509 0.0972 
        D846  4 0.4461 0.5011 0.0528 
        D847  4 0.4771 0.2829 0.2399 
        D848  4 0.5228 0.4338 0.0434 
        D849  4 0.8322 0.0890 0.0788 
        D850  4 0.5050 0.2768 0.2182 
        D856  4 0.4860 0.1385 0.3755 
        D857  4 0.3425 0.1264 0.5310 
        D859  4 0.3102 0.4593 0.2304 
        D860  4 0.0720 0.4152 0.5127 
        D883  4 0.4485 0.1115 0.4400 
        D884  4 0.3553 0.0987 0.5460 
        D885  4 0.4350 0.4631 0.1019 
        D886  4 0.4750 0.2352 0.2899 
        D887  4 0.2174 0.5542 0.2284 
        D889  4 0.1821 0.6669 0.1510 
        D890  4 0.2327 0.1929 0.5744 
        D891  4 0.0276 0.9454 0.0270 
        D899  4 0.0675 0.7662 0.1663 
        D900  4 0.4580 0.2227 0.3192 
        D970  4 0.3767 0.4012 0.2221 
        D971  4 0.1144 0.6699 0.2157 
        D979  4 0.2526 0.3559 0.3915 
        D093  5 0.1189 0.1350 0.7461 
        D154  5 0.1943 0.6220 0.1837 
        D168  5 0.4215 0.4754 0.1030 
        D189  5 0.1138 0.4181 0.4680 
        D190  5 0.0630 0.1416 0.7954 
     D237220  5 0.4541 0.3538 0.1922 
     D237221  5 0.1471 0.3564 0.4964 
     D237274  5 0.4654 0.1175 0.4171 
     D237275  5 0.0718 0.8514 0.0768 
     D237276  5 0.3091 0.1123 0.5786 
     D237277  5 0.0704 0.3335 0.5960 
     D237278  5 0.1348 0.5755 0.2898 
     D237279  5 0.6476 0.1328 0.2196 
     D237280  5 0.4403 0.0902 0.4695 
     D237281  5 0.0600 0.8888 0.0512 
     D237351  5 0.2547 0.0698 0.6754 
     D237352  5 0.5535 0.1884 0.2581 
     D237353  5 0.0480 0.1064 0.8456 
     D237359  5 0.4814 0.3962 0.1224 
     D237361  5 0.0468 0.0653 0.8879 
     D237362  5 0.2582 0.1823 0.5595 
     D237363  5 0.4898 0.3247 0.1854 
     D237364  5 0.4016 0.5105 0.0880 
     D237376  5 0.0844 0.2638 0.6517 
     D237377  5 0.2488 0.0927 0.6585 
     D237378  5 0.1071 0.4004 0.4925 
     D237379  5 0.2341 0.3479 0.4179 
     D237380  5 0.2585 0.0484 0.6932 
     D237381  5 0.4559 0.1692 0.3750 
     D237391  5 0.0849 0.1308 0.7843 
     D237392  5 0.3360 0.2806 0.3833 
     D237393  5 0.1931 0.1530 0.6539 
     D237394  5 0.0724 0.0554 0.8721 
     D237395  5 0.2549 0.2198 0.5252 
     D237396  5 0.3054 0.2461 0.4485 
     D244016  5 0.1522 0.3941 0.4537 
     D244018  5 0.1952 0.5659 0.2389 
     D244019  5 0.2263 0.2962 0.4775 
        D279  5 0.1907 0.7128 0.0964 
        D280  5 0.2643 0.2793 0.4563 
        D281  5 0.0486 0.8701 0.0813 
        D283  5 0.1069 0.1217 0.7714 
        D284  5 0.6721 0.1691 0.1589 
        D285  5 0.1696 0.2389 0.5915 
        D286  5 0.3062 0.2395 0.4543 
        D287  5 0.1579 0.1633 0.6788 
        D288  5 0.2224 0.2880 0.4896 
        D308  5 0.3041 0.0378 0.6581 
        D309  5 0.4229 0.4366 0.1405 
        D310  5 0.0611 0.0860 0.8529 
        D311  5 0.2922 0.1947 0.5131 
        D312  5 0.2038 0.1518 0.6445 
        D313  5 0.5676 0.0335 0.3989 
        D314  5 0.2887 0.4601 0.2511 
        D315  5 0.2163 0.1332 0.6505 
        D317  5 0.0713 0.0551 0.8736 
        D318  5 0.5041 0.2988 0.1971 
        D319  5 0.0433 0.0814 0.8754 
        D320  5 0.0989 0.1520 0.7491 
        D321  5 0.2337 0.0833 0.6831 
        D336  5 0.0823 0.0785 0.8392 
        D337  5 0.0340 0.1081 0.8579 
        D338  5 0.3539 0.2964 0.3496 
        D339  5 0.0862 0.1619 0.7518 
        D347  5 0.2049 0.3166 0.4785 
        D348  5 0.0398 0.0863 0.8738 
        D349  5 0.2436 0.0488 0.7077 
        D350  5 0.2557 0.6411 0.1032 
        D355  5 0.0933 0.8329 0.0738 
        D356  5 0.2333 0.1109 0.6558 
        D357  5 0.1982 0.2100 0.5918 
        D358  5 0.1307 0.1760 0.6933 
        D359  5 0.0965 0.0556 0.8479 
        D360  5 0.2152 0.0917 0.6931 
        D361  5 0.2619 0.0449 0.6932 
        D366  5 0.4060 0.4310 0.1629 
        D367  5 0.1133 0.1215 0.7652 
        D368  5 0.1882 0.0814 0.7304 
        D380  5 0.3825 0.4064 0.2111 
        D381  5 0.0829 0.1466 0.7705 
        D400  5 0.1178 0.4547 0.4276 
        D411  5 0.9085 0.0514 0.0401 
        D412  5 0.2514 0.3771 0.3714 
        D413  5 0.1406 0.8048 0.0546 
        D414  5 0.1191 0.8210 0.0599 
        D420  5 0.4652 0.3572 0.1776 
        D431  5 0.2030 0.4352 0.3617 
        D432  5 0.1308 0.2484 0.6208 
        D433  5 0.0669 0.1834 0.7497 
        D434  5 0.1071 0.1051 0.7878 
        D440  5 0.3332 0.5526 0.1142 
        D447  5 0.6660 0.2062 0.1278 
        D448  5 0.0902 0.1567 0.7531 
        D459  5 0.0517 0.8849 0.0634 
        D460  5 0.2486 0.0536 0.6978 
        D461  5 0.3231 0.4589 0.2180 
        D468  5 0.3033 0.1226 0.5741 
        D469  5 0.4133 0.1534 0.4333 
        D470  5 0.6279 0.1070 0.2650 
        D471  5 0.0703 0.2407 0.6890 
        D472  5 0.2825 0.5641 0.1535 
        D479  5 0.0681 0.8661 0.0659 
        D485  5 0.2210 0.3800 0.3990 
        D486  5 0.4655 0.1057 0.4288 
        D487  5 0.0994 0.6805 0.2201 
        D555  5 0.0541 0.1494 0.7964 
        D556  5 0.1228 0.4194 0.4578 
        D557  5 0.0459 0.1486 0.8055 
        D564  5 0.2061 0.1881 0.6058 
        D594  5 0.3156 0.2128 0.4716 
        D595  5 0.2013 0.2191 0.5796 
        D596  5 0.0588 0.0953 0.8458 
        D597  5 0.0823 0.5025 0.4152 
        D598  5 0.1760 0.1850 0.6391 
        D617  5 0.7527 0.1893 0.0580 
        D618  5 0.1274 0.3266 0.5461 
        D619  5 0.1228 0.0758 0.8013 
        D620  5 0.0538 0.8838 0.0624 
        D628  5 0.2577 0.3162 0.4260 
        D714  5 0.0956 0.6095 0.2949 
        D715  5 0.0792 0.2628 0.6580 
        D716  5 0.2578 0.4319 0.3102 
        D717  5 0.2354 0.2758 0.4887 
        D718  5 0.4025 0.1979 0.3996 
        D769  5 0.7790 0.1500 0.0710 
        D770  5 0.1240 0.6341 0.2420 
        D771  5 0.2093 0.5513 0.2394 
        D772  5 0.1591 0.2653 0.5756 
        D782  5 0.4137 0.3550 0.2313 
        D783  5 0.0948 0.7092 0.1960 
        D784  5 0.2921 0.3652 0.3427 
        D785  5 0.1002 0.0719 0.8279 
        D786  5 0.6969 0.1666 0.1366 
        D821  5 0.0461 0.0940 0.8598 
        D822  5 0.1578 0.2349 0.6073 
        D826  5 0.0869 0.4997 0.4134 
        D827  5 0.6325 0.1792 0.1883 
        D851  5 0.3064 0.2558 0.4378 
        D852  5 0.1040 0.6999 0.1961 
        D853  5 0.1894 0.2864 0.5241 
        D854  5 0.3967 0.4305 0.1728 
        D861  5 0.2286 0.3276 0.4437 
        D862  5 0.1677 0.0752 0.7571 
        D865  5 0.0713 0.1404 0.7884 
        D868  5 0.4244 0.1729 0.4027 
        D869  5 0.8601 0.0537 0.0862 
        D870  5 0.8941 0.0620 0.0439 
        D907  5 0.1011 0.0879 0.8111 
        D908  5 0.0650 0.6483 0.2866 
        D910  5 0.0744 0.3520 0.5736 
        D911  5 0.0831 0.8290 0.0879 
        D934  5 0.1681 0.7023 0.1296 
        D946  5 0.2045 0.5535 0.2420 
        D947  5 0.4166 0.3222 0.2612 
        D948  5 0.2054 0.0429 0.7516 
        D949  5 0.2326 0.0334 0.7340 
        D950  5 0.0602 0.8671 0.0727 
        D951  5 0.4465 0.0980 0.4555 
        D952  5 0.2571 0.1808 0.5621 
        D953  5 0.0802 0.1173 0.8025 
        D954  5 0.1293 0.0854 0.7854 
        D961  5 0.1886 0.2537 0.5577 
        D962  5 0.1128 0.0812 0.8060 
        D963  5 0.1528 0.3780 0.4692 
        D964  5 0.3979 0.3741 0.2280 
        D965  5 0.3311 0.4107 0.2583 
        D966  5 0.1727 0.3864 0.4409 
        D967  5 0.1526 0.4104 0.4370 
        D991  5 0.3850 0.1862 0.4288 
        D502  6 0.4036 0.5220 0.0744 
        D503  6 0.4009 0.4899 0.1092 
        D504  6 0.2843 0.3331 0.3826 
        D505  6 0.2545 0.3556 0.3899 
        D506  6 0.0544 0.0367 0.9089 
        D507  6 0.2741 0.5764 0.1495 
        D508  6 0.2924 0.5036 0.2040 
        D529  6 0.4695 0.2098 0.3207 
        D530  6 0.1709 0.2090 0.6201 
        D531  6 0.3467 0.3208 0.3325 
        D532  6 0.2381 0.1426 0.6193 
        D534  6 0.7652 0.1372 0.0976 
        D535  6 0.1582 0.0949 0.7469 
        D536  6 0.2062 0.7490 0.0447 
        D554  6 0.2342 0.1234 0.6424 
        D587  6 0.0914 0.1340 0.7747 
        D588  6 0.1711 0.1463 0.6825 
        D589  6 0.1575 0.6462 0.1964 
        D590  6 0.1116 0.8012 0.0872 
        D591  6 0.3096 0.4176 0.2729 
        D592  6 0.6161 0.1502 0.2337 
        D593  6 0.1340 0.2920 0.5740 
        D682  6 0.0852 0.0967 0.8181 
        D683  6 0.3523 0.1024 0.5452 
        D684  6 0.4400 0.5160 0.0441 
        D685  6 0.3461 0.4660 0.1879 
        D686  6 0.1051 0.0735 0.8214 
        D724  6 0.5010 0.3569 0.1420 
        D725  6 0.2227 0.4673 0.3100 
        D726  6 0.0749 0.0690 0.8562 
        D727  6 0.2908 0.4884 0.2207 
        D728  6 0.1374 0.0937 0.7689 
        D729  6 0.5327 0.2262 0.2412 
        D730  6 0.4433 0.3778 0.1789 
        D731  6 0.0465 0.3725 0.5810 
        D732  6 0.4138 0.3580 0.2283 
        D733  6 0.3563 0.3276 0.3161 
     D237251  7 0.1297 0.6753 0.1950 
     D237252  7 0.5116 0.3838 0.1046 
     D237253  7 0.1725 0.6073 0.2202 
     D237254  7 0.9168 0.0509 0.0323 
     D237255  7 0.0814 0.8070 0.1116 
     D237256  7 0.1549 0.7477 0.0974 
     D237257  7 0.7438 0.1497 0.1065 
     D237282  7 0.5355 0.2712 0.1933 
     D237283  7 0.7648 0.0983 0.1369 
     D237284  7 0.9008 0.0533 0.0459 
     D237285  7 0.2376 0.3564 0.4060 
     D237286  7 0.2137 0.3922 0.3942 
     D237287  7 0.3176 0.5256 0.1568 
     D244006  7 0.8909 0.0610 0.0481 
     D244007  7 0.3105 0.5518 0.1377 
     D244008  7 0.7218 0.0670 0.2112 
     D244009  7 0.5531 0.1027 0.3442 
     D244010  7 0.5971 0.2544 0.1485 
     D244011  7 0.1773 0.5571 0.2656 
     D244012  7 0.3828 0.4935 0.1237 
     D244013  7 0.0891 0.6716 0.2393 
     D244014  7 0.3122 0.5614 0.1264 
     D244015  7 0.7718 0.1323 0.0960 
     D244125  7 0.0968 0.4901 0.4131 
     D244126  7 0.8831 0.0667 0.0502 
     D244130  7 0.2896 0.2316 0.4788 
     D244131  7 0.2454 0.2195 0.5352 
     D244132  7 0.1011 0.0944 0.8045 
        D520  7 0.4635 0.0780 0.4585 
        D521  7 0.2932 0.3623 0.3445 
        D522  7 0.5491 0.1508 0.3000 
        D523  7 0.1086 0.7895 0.1019 
        D524  7 0.1863 0.5031 0.3105 
        D525  7 0.4624 0.4422 0.0954 
        D526  7 0.9038 0.0545 0.0417 
        D527  7 0.4995 0.2847 0.2159 
        D528  7 0.9428 0.0242 0.0330 
        D558  7 0.3319 0.5685 0.0996 
        D559  7 0.3872 0.5196 0.0933 
        D640  7 0.1653 0.3535 0.4812 
        D641  7 0.1709 0.4841 0.3450 
        D642  7 0.4925 0.3223 0.1852 
        D644  7 0.2924 0.2420 0.4656 
        D645  7 0.3046 0.4380 0.2574 
        D662  7 0.1876 0.0282 0.7842 
        D687  7 0.2932 0.5189 0.1879 
        D688  7 0.6116 0.2841 0.1043 
        D689  7 0.2396 0.2964 0.4640 
        D700  7 0.9272 0.0337 0.0392 
        D797  7 0.3962 0.2695 0.3343 
        D798  7 0.4126 0.0889 0.4985 
        D799  7 0.1938 0.6877 0.1185 
        D800  7 0.5610 0.2924 0.1467 
        D132  8 0.8752 0.0585 0.0664 
        D133  8 0.0936 0.8687 0.0377 
        D200  8 0.2424 0.5910 0.1665 
        D500  8 0.9049 0.0324 0.0627 
        D614  8 0.1858 0.1439 0.6704 
        D723  8 0.4947 0.2103 0.2949 
        D888  8 0.0508 0.8899 0.0593 
        D901  8 0.5985 0.2314 0.1701 
        D902  8 0.0822 0.1080 0.8098 
        D903  8 0.2255 0.3113 0.4633 
        D904  8 0.4256 0.2972 0.2772 
        D905  8 0.0389 0.8480 0.1131 
        D906  8 0.2798 0.6561 0.0641 
        D937  8 0.0435 0.1330 0.8235 
        D943  8 0.6366 0.2929 0.0705 
        D972  8 0.6783 0.1423 0.1793 
        D973  8 0.4471 0.0853 0.4675 
        D974  8 0.2647 0.2994 0.4359 
        D975  8 0.2554 0.4503 0.2943 
        D976  8 0.3422 0.4193 0.2384 
        D201  9 0.3543 0.5562 0.0895 
        D202  9 0.1861 0.6102 0.2036 
     D237259  9 0.6034 0.2898 0.1068 
     D237260  9 0.2858 0.6312 0.0830 
     D237262  9 0.8120 0.0611 0.1269 
     D237263  9 0.4204 0.4326 0.1470 
     D237264  9 0.3615 0.2778 0.3607 
     D237265  9 0.1429 0.7621 0.0949 
     D237266  9 0.1435 0.6218 0.2348 
     D237267  9 0.5427 0.1242 0.3331 
     D237268  9 0.6626 0.1462 0.1911 
     D237289  9 0.1219 0.6182 0.2598 
     D237290  9 0.0690 0.8795 0.0514 
     D237291  9 0.1536 0.7121 0.1343 
     D237292  9 0.3936 0.5568 0.0496 
     D237293  9 0.3237 0.1540 0.5223 
     D237294  9 0.5174 0.3114 0.1712 
     D237295  9 0.4399 0.1211 0.4390 
     D237296  9 0.4049 0.3038 0.2913 
     D237297  9 0.1459 0.2866 0.5675 
     D237298  9 0.2869 0.5281 0.1850 
     D237341  9 0.1897 0.6381 0.1722 
     D237342  9 0.5651 0.2128 0.2221 
     D237343  9 0.3186 0.5384 0.1430 
     D237344  9 0.1837 0.3622 0.4541 
     D237345  9 0.8553 0.1079 0.0368 
     D237346  9 0.1044 0.6070 0.2886 
     D237347  9 0.1164 0.3689 0.5147 
     D237348  9 0.2845 0.3683 0.3473 
     D237349  9 0.2515 0.5498 0.1987 
     D244109  9 0.3126 0.6491 0.0383 
     D244110  9 0.2454 0.6762 0.0784 
     D244111  9 0.2328 0.5593 0.2079 
     D244128  9 0.7635 0.1587 0.0778 
     D244137  9 0.3322 0.2973 0.3705 
     D244138  9 0.1697 0.6463 0.1840 
        D580  9 0.7709 0.0603 0.1689 
        D581  9 0.0799 0.8712 0.0490 
        D582  9 0.8703 0.0625 0.0672 
        D583  9 0.1119 0.8239 0.0642 
        D584  9 0.2279 0.1237 0.6483 
        D585  9 0.6010 0.3273 0.0717 
        D586  9 0.0640 0.8435 0.0925 
        D651  9 0.2117 0.2385 0.5497 
        D652  9 0.3452 0.3474 0.3074 
        D653  9 0.1457 0.6994 0.1549 
        D654  9 0.3060 0.5622 0.1318 
        D655  9 0.1659 0.3981 0.4360 
        D656  9 0.8194 0.0816 0.0989 
        D657  9 0.4128 0.4226 0.1646 
        D667  9 0.1392 0.2409 0.6199 
        D668  9 0.2383 0.2819 0.4798 
        D669  9 0.2248 0.6953 0.0798 
        D670  9 0.6098 0.1368 0.2533 
        D671  9 0.1906 0.7237 0.0857 
        D672  9 0.7571 0.1457 0.0971 
        D673  9 0.3303 0.1823 0.4874 
        D692  9 0.6897 0.2381 0.0722 
        D693  9 0.3708 0.1933 0.4359 
        D694  9 0.7127 0.1646 0.1226 
        D695  9 0.4373 0.1334 0.4293 
        D696  9 0.0472 0.0724 0.8804 
        D697  9 0.1538 0.2225 0.6237 
        D698  9 0.0953 0.5055 0.3991 
        D699  9 0.1492 0.2110 0.6398 
        D787  9 0.3299 0.2953 0.3749 
        D788  9 0.2034 0.0669 0.7298 
        D789  9 0.4095 0.2804 0.3100 
        D790  9 0.1975 0.3062 0.4963 
        D791  9 0.0991 0.7823 0.1186 
        D792  9 0.4329 0.4175 0.1496 
        D793  9 0.0882 0.1541 0.7577 
        D794  9 0.2710 0.2518 0.4772 
        D795  9 0.5350 0.1779 0.2871 
        D796  9 0.2104 0.5668 0.2228 
        D142 10 0.1626 0.2511 0.5863 
        D143 10 0.0601 0.8152 0.1246 
        D144 10 0.3516 0.2069 0.4415 
        D145 10 0.0975 0.8398 0.0627 
        D146 10 0.7117 0.0871 0.2012 
        D147 10 0.6088 0.2257 0.1654 
        D148 10 0.7206 0.1264 0.1530 
        D149 10 0.1937 0.7452 0.0611 
        D151 10 0.6233 0.2406 0.1361 
        D152 10 0.0478 0.9137 0.0385 
        D153 10 0.2201 0.1036 0.6763 
        D156 10 0.2076 0.6177 0.1747 
        D157 10 0.1695 0.1309 0.6996 
        D158 10 0.2714 0.4748 0.2538 
        D159 10 0.0485 0.8901 0.0614 
        D160 10 0.0514 0.6946 0.2540 
        D161 10 0.3990 0.3055 0.2955 
        D162 10 0.1241 0.6757 0.2002 
        D169 10 0.7694 0.1476 0.0830 
        D170 10 0.8109 0.0944 0.0947 
        D171 10 0.3546 0.1855 0.4599 
        D172 10 0.3443 0.4419 0.2138 
        D173 10 0.0852 0.8815 0.0333 
        D181 10 0.1648 0.3894 0.4458 
        D182 10 0.4595 0.4562 0.0843 
        D183 10 0.1073 0.0600 0.8327 
        D184 10 0.9337 0.0280 0.0383 
        D185 10 0.6006 0.1808 0.2186 
        D186 10 0.8858 0.0748 0.0395 
        D194 10 0.6274 0.1021 0.2705 
        D195 10 0.0836 0.6359 0.2805 
        D196 10 0.0999 0.6777 0.2224 
        D197 10 0.6706 0.2347 0.0947 
        D198 10 0.5488 0.0603 0.3909 
     D237226 10 0.1945 0.6749 0.1307 
     D237232 10 0.1335 0.4950 0.3715 
     D237233 10 0.1009 0.7054 0.1937 
     D237234 10 0.2046 0.3923 0.4030 
     D237354 10 0.0388 0.9175 0.0436 
     D237355 10 0.1331 0.7587 0.1081 
     D237356 10 0.2926 0.0479 0.6595 
     D237357 10 0.2404 0.6283 0.1313 
     D237358 10 0.5979 0.2202 0.1819 
     D237369 10 0.8650 0.0737 0.0614 
     D237370 10 0.1004 0.2066 0.6930 
     D237371 10 0.6456 0.1154 0.2390 
     D237372 10 0.6551 0.2902 0.0547 
     D237373 10 0.1160 0.5198 0.3642 
     D237374 10 0.0639 0.8111 0.1250 
     D237375 10 0.3598 0.4676 0.1727 
     D237400 10 0.0437 0.9175 0.0388 
     D244002 10 0.8502 0.0943 0.0555 
     D244003 10 0.0611 0.6601 0.2788 
     D244004 10 0.0455 0.0471 0.9074 
     D244005 10 0.3058 0.6239 0.0703 
     D244020 10 0.2366 0.2526 0.5108 
     D244021 10 0.6022 0.2679 0.1299 
     D244116 10 0.5456 0.2470 0.2073 
     D244117 10 0.0873 0.4320 0.4807 
     D244121 10 0.0970 0.2649 0.6381 
     D244123 10 0.1825 0.4630 0.3545 
     D244124 10 0.3454 0.5031 0.1515 
        D332 10 0.3203 0.1893 0.4904 
        D570 10 0.1349 0.1393 0.7258 
        D602 10 0.2974 0.5250 0.1776 
        D603 10 0.1498 0.3583 0.4919 
        D604 10 0.1239 0.7411 0.1350 
        D605 10 0.2806 0.3782 0.3412 
        D606 10 0.5745 0.0772 0.3483 
        D607 10 0.6021 0.1780 0.2198 
        D608 10 0.0456 0.9230 0.0314 
        D609 10 0.1117 0.0624 0.8259 
        D610 10 0.4162 0.2763 0.3075 
        D611 10 0.0410 0.0582 0.9008 
        D613 10 0.1637 0.4237 0.4126 
        D633 10 0.2735 0.5630 0.1636 
        D634 10 0.3288 0.2241 0.4471 
        D638 10 0.0344 0.9052 0.0604 
        D681 10 0.4556 0.2391 0.3053 
        D754 10 0.4759 0.1547 0.3694 
        D755 10 0.0432 0.5884 0.3684 
        D756 10 0.2557 0.2397 0.5046 
        D757 10 0.2912 0.4936 0.2152 
        D758 10 0.4734 0.2467 0.2799 
        D759 10 0.0569 0.6225 0.3206 
        D760 10 0.1856 0.5577 0.2567 
        D761 10 0.0306 0.9197 0.0497 
        D762 10 0.4250 0.2636 0.3114 
        D775 10 0.0584 0.2558 0.6857 
        D776 10 0.0721 0.8532 0.0747 
        D777 10 0.2065 0.2949 0.4986 
        D778 10 0.1138 0.7190 0.1672 
        D779 10 0.3431 0.2818 0.3751 
        D780 10 0.1040 0.7961 0.0999 
        D781 10 0.1980 0.6736 0.1284 
        D858 10 0.4087 0.2591 0.3322 
        D933 10 0.2911 0.3496 0.3593 
        D038 11 0.1613 0.6088 0.2298 
        D063 11 0.1618 0.6451 0.1932 
        D155 11 0.1972 0.4053 0.3975 
        D175 11 0.4382 0.1661 0.3957 
        D176 11 0.1289 0.6861 0.1850 
        D205 11 0.1491 0.0524 0.7985 
     D237229 11 0.4223 0.5075 0.0702 
     D237230 11 0.7004 0.1823 0.1172 
     D237231 11 0.3572 0.3345 0.3082 
     D237269 11 0.2244 0.6407 0.1349 
     D237270 11 0.5292 0.1778 0.2930 
     D237271 11 0.2113 0.2605 0.5281 
     D237272 11 0.5096 0.2075 0.2828 
     D237273 11 0.1229 0.4185 0.4586 
     D237301 11 0.2216 0.2189 0.5595 
     D237302 11 0.5353 0.3341 0.1306 
     D237303 11 0.7203 0.1976 0.0821 
     D237304 11 0.2662 0.3343 0.3996 
     D237305 11 0.5522 0.1920 0.2558 
     D237314 11 0.1799 0.3591 0.4610 
     D237315 11 0.6907 0.1685 0.1408 
     D237316 11 0.2723 0.0990 0.6287 
     D237328 11 0.5174 0.0658 0.4168 
     D237329 11 0.1614 0.4318 0.4068 
     D237330 11 0.0657 0.3879 0.5464 
     D237331 11 0.2822 0.4234 0.2944 
     D237332 11 0.4541 0.1760 0.3699 
     D237333 11 0.0666 0.7207 0.2127 
     D237334 11 0.4756 0.1565 0.3679 
     D237335 11 0.2500 0.1183 0.6317 
     D237336 11 0.2447 0.6301 0.1252 
     D237350 11 0.1122 0.3454 0.5424 
     D237383 11 0.4530 0.3814 0.1656 
     D237384 11 0.4709 0.1812 0.3479 
     D237385 11 0.3429 0.3741 0.2830 
     D237386 11 0.1784 0.2810 0.5406 
     D237387 11 0.6198 0.1061 0.2741 
     D237388 11 0.1256 0.1295 0.7449 
        D239 11 0.2135 0.4028 0.3837 
        D240 11 0.1375 0.7931 0.0695 
        D241 11 0.7289 0.1715 0.0996 
        D242 11 0.2678 0.5363 0.1959 
        D243 11 0.2725 0.2568 0.4707 
        D244 11 0.0819 0.0658 0.8523 
        D245 11 0.6754 0.2492 0.0754 
        D246 11 0.2686 0.1410 0.5904 
        D247 11 0.3617 0.4771 0.1612 
        D248 11 0.1933 0.3196 0.4870 
        D249 11 0.5185 0.1038 0.3777 
        D250 11 0.0949 0.3325 0.5726 
        D251 11 0.1466 0.1179 0.7355 
        D252 11 0.4204 0.0783 0.5013 
        D253 11 0.2839 0.3799 0.3362 
        D254 11 0.7945 0.1539 0.0517 
        D255 11 0.1755 0.1228 0.7017 
        D256 11 0.4137 0.2920 0.2943 
        D257 11 0.3132 0.1284 0.5584 
        D258 11 0.2359 0.0516 0.7125 
        D259 11 0.8178 0.1112 0.0710 
        D260 11 0.3637 0.3529 0.2834 
        D261 11 0.3127 0.3311 0.3562 
        D262 11 0.5293 0.3575 0.1132 
        D263 11 0.1769 0.0897 0.7334 
        D264 11 0.7816 0.1008 0.1176 
        D265 11 0.4102 0.3992 0.1906 
        D266 11 0.1640 0.4164 0.4196 
        D267 11 0.2888 0.1555 0.5556 
        D268 11 0.0935 0.1388 0.7678 
        D269 11 0.3178 0.0701 0.6122 
        D270 11 0.5266 0.1299 0.3435 
        D271 11 0.4043 0.3080 0.2877 
        D272 11 0.2543 0.5843 0.1613 
        D273 11 0.4556 0.0701 0.4743 
        D274 11 0.1814 0.1499 0.6686 
        D275 11 0.2333 0.1998 0.5669 
        D276 11 0.1181 0.0854 0.7965 
        D277 11 0.2364 0.1867 0.5769 
        D278 11 0.2167 0.3702 0.4131 
        D282 11 0.8103 0.0525 0.1372 
        D296 11 0.2331 0.3187 0.4483 
        D297 11 0.2232 0.0932 0.6836 
        D298 11 0.2221 0.4517 0.3262 
        D299 11 0.1069 0.2605 0.6326 
        D300 11 0.1753 0.6602 0.1646 
        D382 11 0.1302 0.0520 0.8178 
        D383 11 0.1657 0.0617 0.7725 
        D387 11 0.1456 0.5054 0.3491 
        D388 11 0.5711 0.1553 0.2736 
        D389 11 0.1720 0.3718 0.4562 
        D390 11 0.2601 0.2942 0.4457 
        D396 11 0.2591 0.6097 0.1312 
        D397 11 0.8374 0.0792 0.0835 
        D398 11 0.2954 0.1854 0.5192 
        D399 11 0.4563 0.4036 0.1401 
        D437 11 0.4501 0.4816 0.0684 
        D441 11 0.0821 0.1857 0.7322 
        D442 11 0.2006 0.6001 0.1993 
        D443 11 0.0626 0.5043 0.4331 
        D444 11 0.2763 0.3476 0.3762 
        D445 11 0.7033 0.0644 0.2323 
        D446 11 0.6608 0.2559 0.0833 
        D451 11 0.5043 0.1168 0.3789 
        D452 11 0.1532 0.7383 0.1084 
        D453 11 0.4876 0.1446 0.3678 
        D454 11 0.6551 0.2545 0.0904 
        D457 11 0.4368 0.2105 0.3528 
        D458 11 0.2849 0.1082 0.6069 
        D466 11 0.1752 0.7569 0.0679 
        D467 11 0.0932 0.2205 0.6863 
        D475 11 0.8694 0.0542 0.0764 
        D488 11 0.2604 0.5574 0.1821 
        D489 11 0.6146 0.2138 0.1716 
        D493 11 0.7615 0.0959 0.1427 
        D494 11 0.2940 0.2417 0.4643 
        D495 11 0.3952 0.5472 0.0576 
        D496 11 0.0437 0.8719 0.0844 
        D674 11 0.0870 0.8003 0.1127 
        D675 11 0.0407 0.8950 0.0643 
        D676 11 0.2828 0.1080 0.6092 
        D680 11 0.2002 0.4422 0.3577 
        D701 11 0.3210 0.5937 0.0853 
        D702 11 0.7416 0.1531 0.1053 
        D703 11 0.2195 0.5518 0.2286 
        D704 11 0.3055 0.2788 0.4157 
        D705 11 0.8428 0.0777 0.0794 
        D706 11 0.2430 0.6882 0.0688 
        D707 11 0.6065 0.1114 0.2821 
        D751 11 0.4410 0.0942 0.4647 
        D752 11 0.1873 0.5824 0.2302 
        D753 11 0.5333 0.2263 0.2404 
        D773 11 0.8102 0.0463 0.1435 
        D774 11 0.2441 0.5636 0.1923 
        D801 11 0.1370 0.3109 0.5520 
        D802 11 0.7136 0.1038 0.1825 
        D803 11 0.2108 0.4867 0.3025 
        D804 11 0.5397 0.3077 0.1526 
        D805 11 0.5170 0.1589 0.3240 
        D806 11 0.3776 0.1119 0.5105 
        D809 11 0.1735 0.2166 0.6099 
        D810 11 0.1448 0.3401 0.5151 
        D812 11 0.5395 0.1577 0.3028 
        D813 11 0.1645 0.7404 0.0950 
        D823 11 0.2493 0.2594 0.4912 
        D824 11 0.1211 0.3983 0.4806 
        D829 11 0.3298 0.4161 0.2540 
        D830 11 0.6885 0.0773 0.2341 
        D831 11 0.3103 0.6039 0.0858 
        D832 11 0.2756 0.5012 0.2231 
        D833 11 0.1680 0.2086 0.6234 
        D834 11 0.1507 0.0948 0.7545 
        D835 11 0.7402 0.0814 0.1785 
        D855 11 0.1930 0.1497 0.6573 
        D863 11 0.0404 0.9035 0.0561 
        D864 11 0.3121 0.1670 0.5209 
        D878 11 0.1532 0.1814 0.6655 
        D879 11 0.7062 0.0737 0.2202 
        D880 11 0.0755 0.7535 0.1710 
        D881 11 0.0624 0.1255 0.8120 
        D882 11 0.2301 0.6354 0.1345 
        D909 11 0.2733 0.3090 0.4177 
        D921 11 0.1927 0.2915 0.5158 
        D924 11 0.1033 0.7471 0.1497 
        D935 11 0.2873 0.0923 0.6205 
        D940 11 0.0756 0.8552 0.0693 
        D941 11 0.2743 0.3159 0.4098 
        D942 11 0.3059 0.0613 0.6328 
        D980 11 0.4410 0.3606 0.1985 
        D981 11 0.7554 0.0988 0.1458 
        D982 11 0.0606 0.8156 0.1238 
        D983 11 0.1734 0.1041 0.7225 
        D984 11 0.1775 0.4171 0.4054 
        D992 11 0.6949 0.1579 0.1472 
        D993 11 0.1761 0.0667 0.7572 
        D994 11 0.2793 0.5045 0.2162 
        D995 11 0.5277 0.0498 0.4225 
        H354 11 0.3629 0.0968 0.5402 
        D005 12 0.6048 0.3339 0.0613 
        D035 12 0.3779 0.3425 0.2796 
        D067 12 0.3567 0.2215 0.4218 
        D134 12 0.2392 0.5970 0.1638 
        D135 12 0.3945 0.3417 0.2638 
        D136 12 0.6984 0.0889 0.2127 
        D137 12 0.3435 0.5058 0.1507 
        D138 12 0.2472 0.3747 0.3781 
        D139 12 0.1577 0.6214 0.2209 
        D140 12 0.4612 0.1909 0.3480 
        D141 12 0.9178 0.0338 0.0484 
        D150 12 0.2221 0.1351 0.6429 
        D177 12 0.1360 0.7525 0.1115 
        D178 12 0.5209 0.2458 0.2334 
        D179 12 0.5846 0.2075 0.2079 
        D180 12 0.7180 0.1506 0.1314 
        D187 12 0.2540 0.4685 0.2775 
        D188 12 0.9183 0.0444 0.0372 
        D191 12 0.7829 0.1449 0.0723 
        D418 12 0.8499 0.1058 0.0443 
        D601 12 0.7958 0.0896 0.1146 
        D836 12 0.8658 0.0735 0.0607 
        D837 12 0.2318 0.4081 0.3600 
        D838 12 0.0896 0.4383 0.4721 
        D839 12 0.1809 0.7635 0.0556 
        D840 12 0.2021 0.5912 0.2067 
        D841 12 0.4814 0.2041 0.3145 
        D842 12 0.5693 0.0889 0.3418 
        D843 12 0.2194 0.2575 0.5232 
        D844 12 0.5599 0.3944 0.0457 
        D912 12 0.1747 0.2942 0.5311 
        D913 12 0.0458 0.9086 0.0456 
