        D174  1 0.6957 0.0982 0.1473 0.0587 
        D199  1 0.2645 0.3309 0.0979 0.3067 
        D203  1 0.1194 0.4282 0.1817 0.2707 
        D204  1 0.0477 0.8661 0.0469 0.0393 
     D237366  1 0.1698 0.2285 0.4558 0.1459 
     D237367  1 0.0982 0.3890 0.3996 0.1131 
     D237368  1 0.1297 0.2869 0.4566 0.1267 
     D244101  1 0.0551 0.6637 0.0484 0.2327 
     D244102  1 0.3423 0.2232 0.2726 0.1619 
     D244103  1 0.1217 0.1807 0.6257 0.0719 
     D244104  1 0.1346 0.6843 0.0791 0.1019 
     D244105  1 0.0501 0.2538 0.6307 0.0654 
     D244106  1 0.5657 0.1079 0.0722 0.2542 
     D244107  1 0.0402 0.1824 0.6863 0.0911 
     D244108  1 0.5844 0.1617 0.1714 0.0824 
     D244113  1 0.8668 0.0358 0.0491 0.0483 
     D244114  1 0.2631 0.2370 0.1893 0.3105 
     D244115  1 0.6242 0.1797 0.1394 0.0567 
     D267365  1 0.3900 0.4041 0.0918 0.1141 
        D404  1 0.8023 0.0632 0.0583 0.0762 
        D405  1 0.4798 0.2392 0.1085 0.1726 
        D406  1 0.0679 0.1279 0.7626 0.0416 
        D407  1 0.0697 0.4697 0.3260 0.1346 
        D408  1 0.6985 0.0972 0.0721 0.1322 
        D409  1 0.1175 0.1208 0.6754 0.0862 
        D410  1 0.0732 0.1293 0.7715 0.0260 
        D421  1 0.0650 0.7924 0.0619 0.0807 
        D422  1 0.0283 0.0706 0.8568 0.0444 
        D423  1 0.0358 0.1046 0.8173 0.0422 
        D424  1 0.0837 0.7121 0.1599 0.0443 
        D425  1 0.2644 0.5954 0.0780 0.0622 
        D426  1 0.0692 0.0684 0.6190 0.2434 
        D427  1 0.1745 0.1692 0.0661 0.5902 
        D428  1 0.3512 0.3833 0.1753 0.0901 
        D429  1 0.3794 0.4365 0.0914 0.0927 
        D430  1 0.2905 0.2114 0.1685 0.3296 
        D491  1 0.7414 0.1498 0.0662 0.0425 
        D492  1 0.3298 0.3863 0.1947 0.0892 
        D537  1 0.0992 0.7143 0.1417 0.0448 
        D538  1 0.2871 0.1969 0.3677 0.1483 
        D539  1 0.4046 0.1244 0.1846 0.2864 
        D540  1 0.1789 0.3842 0.3204 0.1165 
        D541  1 0.0418 0.8481 0.0609 0.0492 
        D551  1 0.0927 0.1260 0.1437 0.6375 
        D552  1 0.2474 0.3475 0.3060 0.0991 
        D553  1 0.0493 0.8692 0.0444 0.0371 
        D615  1 0.1648 0.4458 0.2059 0.1835 
        D616  1 0.1471 0.3411 0.2942 0.2177 
        D621  1 0.2980 0.1142 0.5262 0.0617 
        D622  1 0.0984 0.1318 0.7143 0.0555 
        D623  1 0.5807 0.1247 0.0579 0.2367 
        D624  1 0.7774 0.0909 0.0710 0.0608 
        D625  1 0.1489 0.6595 0.1511 0.0405 
        D626  1 0.5263 0.1617 0.2121 0.1000 
        D627  1 0.0793 0.2195 0.5264 0.1749 
        D690  1 0.1283 0.7476 0.0963 0.0277 
        D691  1 0.0698 0.1689 0.7134 0.0479 
        D710  1 0.2423 0.5380 0.1277 0.0920 
        D711  1 0.0890 0.7545 0.0965 0.0600 
        D712  1 0.7422 0.0835 0.0805 0.0938 
        D713  1 0.5154 0.2712 0.1533 0.0601 
        D746  1 0.0500 0.1145 0.7821 0.0535 
        D747  1 0.0443 0.8736 0.0338 0.0482 
        D748  1 0.1005 0.4601 0.3950 0.0443 
        D749  1 0.2295 0.0824 0.5339 0.1542 
        D750  1 0.5711 0.2849 0.0974 0.0466 
        D763  1 0.0789 0.3899 0.1555 0.3756 
        D764  1 0.2936 0.4503 0.2110 0.0452 
        D765  1 0.1900 0.1005 0.6539 0.0556 
        D766  1 0.1421 0.3320 0.4818 0.0441 
        D767  1 0.1638 0.3990 0.2862 0.1509 
        D768  1 0.0314 0.8643 0.0604 0.0440 
        D811  1 0.7802 0.0599 0.1040 0.0559 
        D816  1 0.1060 0.8090 0.0481 0.0369 
        D825  1 0.5748 0.1625 0.2148 0.0479 
        D866  1 0.3876 0.1033 0.0876 0.4214 
        D867  1 0.0768 0.0716 0.7949 0.0567 
        D871  1 0.1239 0.1533 0.6452 0.0776 
        D872  1 0.1383 0.6196 0.1767 0.0655 
        D873  1 0.0406 0.0225 0.9076 0.0293 
        D874  1 0.3801 0.5085 0.0375 0.0739 
        D875  1 0.0602 0.0599 0.8424 0.0375 
        D876  1 0.1729 0.6622 0.1055 0.0594 
        D877  1 0.7843 0.1111 0.0466 0.0579 
        D892  1 0.3014 0.4353 0.2188 0.0444 
        D893  1 0.0556 0.6814 0.1655 0.0975 
        D894  1 0.1878 0.5887 0.1354 0.0880 
        D915  1 0.1112 0.6231 0.2080 0.0576 
        D916  1 0.0514 0.8640 0.0517 0.0329 
        D917  1 0.4816 0.2773 0.0870 0.1540 
        D925  1 0.1544 0.1721 0.6272 0.0464 
        D926  1 0.2477 0.5570 0.1370 0.0583 
        D927  1 0.1081 0.4103 0.0906 0.3911 
        D928  1 0.8119 0.1173 0.0389 0.0318 
        D929  1 0.4600 0.2434 0.2156 0.0809 
        D936  1 0.0900 0.7064 0.0674 0.1363 
        D938  1 0.0629 0.0955 0.8095 0.0321 
        D956  1 0.7789 0.0562 0.0895 0.0754 
        D957  1 0.1563 0.4346 0.3414 0.0677 
        D958  1 0.2401 0.4876 0.2278 0.0445 
        D959  1 0.0714 0.4387 0.3946 0.0953 
        D960  1 0.0867 0.0622 0.8135 0.0375 
        D989  1 0.5930 0.1321 0.0587 0.2162 
        D990  1 0.0728 0.0352 0.7906 0.1015 
        D023  2 0.0489 0.2724 0.6379 0.0407 
        D130  2 0.0409 0.1194 0.7917 0.0480 
        D131  2 0.1105 0.5501 0.1735 0.1659 
        D163  2 0.0692 0.1603 0.7273 0.0432 
        D164  2 0.0291 0.0382 0.4536 0.4792 
        D165  2 0.0343 0.1623 0.7247 0.0786 
        D166  2 0.2195 0.2115 0.3582 0.2107 
        D167  2 0.0862 0.0327 0.0305 0.8507 
        D192  2 0.0458 0.0273 0.0287 0.8983 
        D193  2 0.6820 0.0730 0.1131 0.1318 
        D206  2 0.0931 0.2971 0.3157 0.2942 
        D207  2 0.0714 0.1241 0.0966 0.7080 
        D208  2 0.4232 0.1131 0.0965 0.3672 
        D209  2 0.1000 0.1712 0.1603 0.5685 
        D210  2 0.3475 0.1452 0.0688 0.4386 
     D229599  2 0.2083 0.4111 0.1803 0.2004 
     D229600  2 0.0641 0.0783 0.5111 0.3465 
     D237227  2 0.5778 0.0981 0.1670 0.1571 
     D237228  2 0.4972 0.0385 0.3287 0.1356 
     D237258  2 0.2322 0.1865 0.2103 0.3710 
     D237310  2 0.1795 0.0371 0.6646 0.1188 
     D237311  2 0.1112 0.0492 0.6158 0.2237 
     D237312  2 0.3311 0.0816 0.5197 0.0676 
     D237313  2 0.2282 0.4445 0.2195 0.1078 
     D237322  2 0.2688 0.1407 0.1636 0.4268 
     D237323  2 0.2892 0.0480 0.5932 0.0696 
     D237324  2 0.0386 0.1811 0.4303 0.3500 
     D237325  2 0.2513 0.1233 0.5071 0.1184 
     D237326  2 0.1622 0.2087 0.5736 0.0555 
     D237327  2 0.0824 0.2225 0.1321 0.5630 
     D237337  2 0.1335 0.0711 0.7511 0.0443 
     D237338  2 0.2128 0.1761 0.4246 0.1865 
     D237339  2 0.0687 0.5543 0.0618 0.3152 
     D237340  2 0.4056 0.0653 0.2523 0.2769 
     D237389  2 0.1317 0.0561 0.7015 0.1107 
     D237390  2 0.3390 0.1694 0.4117 0.0799 
     D244017  2 0.4836 0.0900 0.0910 0.3354 
     D244112  2 0.0667 0.0320 0.1002 0.8011 
     D244118  2 0.0541 0.0406 0.2444 0.6609 
     D244119  2 0.5140 0.0488 0.0452 0.3920 
     D244120  2 0.3030 0.0359 0.0712 0.5899 
     D244122  2 0.1377 0.0721 0.0936 0.6966 
        D291  2 0.0942 0.1455 0.1875 0.5728 
        D292  2 0.1490 0.3252 0.0646 0.4612 
        D293  2 0.0296 0.4562 0.0305 0.4837 
        D322  2 0.0435 0.4772 0.0723 0.4070 
        D323  2 0.2555 0.3197 0.1320 0.2927 
        D324  2 0.1446 0.3039 0.2332 0.3182 
        D325  2 0.0225 0.1232 0.0390 0.8153 
        D326  2 0.0617 0.8736 0.0305 0.0342 
        D340  2 0.0307 0.0410 0.0342 0.8941 
        D341  2 0.0570 0.0782 0.0649 0.7999 
        D342  2 0.0768 0.0692 0.2328 0.6212 
        D343  2 0.0185 0.0519 0.0263 0.9033 
        D344  2 0.1348 0.6080 0.1379 0.1193 
        D345  2 0.0999 0.6115 0.1917 0.0969 
        D346  2 0.6545 0.1080 0.0662 0.1713 
        D351  2 0.0596 0.6144 0.1532 0.1728 
        D352  2 0.3106 0.2515 0.2223 0.2156 
        D353  2 0.0510 0.8412 0.0476 0.0603 
        D354  2 0.3526 0.4630 0.1331 0.0513 
        D362  2 0.1248 0.6956 0.1136 0.0660 
        D363  2 0.1588 0.7097 0.0768 0.0546 
        D364  2 0.1447 0.6929 0.1084 0.0540 
        D365  2 0.0325 0.0809 0.0292 0.8573 
        D369  2 0.2438 0.3230 0.1309 0.3023 
        D374  2 0.8898 0.0348 0.0332 0.0422 
        D375  2 0.2913 0.4032 0.2234 0.0821 
        D376  2 0.8374 0.0336 0.0608 0.0683 
        D377  2 0.4415 0.1216 0.2805 0.1564 
        D378  2 0.0502 0.6372 0.0951 0.2176 
        D379  2 0.0618 0.8412 0.0496 0.0474 
        D384  2 0.0742 0.8517 0.0369 0.0372 
        D385  2 0.0849 0.0551 0.0379 0.8221 
        D386  2 0.0630 0.7163 0.1009 0.1198 
        D391  2 0.0341 0.1308 0.0399 0.7952 
        D392  2 0.1047 0.1244 0.1062 0.6647 
        D393  2 0.0447 0.6631 0.0773 0.2149 
        D394  2 0.1409 0.3224 0.3743 0.1624 
        D395  2 0.0911 0.1856 0.0783 0.6450 
        D401  2 0.1212 0.0362 0.7880 0.0546 
        D402  2 0.0362 0.0560 0.0313 0.8765 
        D403  2 0.0773 0.5933 0.2418 0.0876 
        D415  2 0.0398 0.7415 0.1801 0.0385 
        D435  2 0.0324 0.6436 0.0894 0.2346 
        D436  2 0.2251 0.5809 0.1149 0.0791 
        D438  2 0.0582 0.0355 0.0376 0.8687 
        D439  2 0.0683 0.5349 0.1934 0.2035 
        D449  2 0.0537 0.1976 0.1163 0.6324 
        D450  2 0.5045 0.2601 0.1607 0.0747 
        D456  2 0.0379 0.8894 0.0421 0.0307 
        D462  2 0.0309 0.1410 0.0430 0.7851 
        D463  2 0.0564 0.8837 0.0334 0.0265 
        D464  2 0.1617 0.6381 0.0687 0.1315 
        D465  2 0.0698 0.3648 0.1599 0.4056 
        D473  2 0.7112 0.0780 0.1331 0.0777 
        D474  2 0.0949 0.5583 0.1082 0.2387 
        D476  2 0.0476 0.2219 0.5136 0.2169 
        D477  2 0.2105 0.5817 0.1000 0.1079 
        D478  2 0.3659 0.2374 0.2672 0.1295 
        D480  2 0.1480 0.5777 0.0532 0.2211 
        D481  2 0.1920 0.4899 0.1734 0.1447 
        D482  2 0.3728 0.1353 0.1821 0.3098 
        D483  2 0.0896 0.0396 0.0457 0.8251 
        D484  2 0.3636 0.1882 0.1313 0.3169 
        D510  2 0.8058 0.0526 0.0416 0.1000 
        D511  2 0.0597 0.7121 0.0705 0.1577 
        D512  2 0.0572 0.0695 0.6886 0.1847 
        D513  2 0.1334 0.1747 0.1209 0.5710 
        D635  2 0.0574 0.5801 0.2903 0.0721 
        D636  2 0.0435 0.0724 0.8515 0.0326 
        D637  2 0.2951 0.1895 0.1199 0.3954 
        D658  2 0.2420 0.0708 0.0804 0.6068 
        D659  2 0.0717 0.7612 0.0977 0.0694 
        D677  2 0.0834 0.4630 0.2511 0.2025 
        D678  2 0.0982 0.0587 0.0987 0.7443 
        D679  2 0.1142 0.6127 0.0757 0.1974 
        D719  2 0.3804 0.3387 0.0516 0.2293 
        D720  2 0.1714 0.6524 0.1015 0.0748 
        D721  2 0.0757 0.2544 0.4953 0.1746 
        D722  2 0.8086 0.0517 0.0597 0.0801 
        D734  2 0.5377 0.1800 0.0371 0.2452 
        D735  2 0.1629 0.5005 0.1523 0.1843 
        D736  2 0.4271 0.1675 0.1134 0.2921 
        D737  2 0.1352 0.0893 0.0929 0.6826 
        D807  2 0.4010 0.3161 0.0891 0.1938 
        D808  2 0.1002 0.2810 0.3916 0.2272 
        D817  2 0.2366 0.5576 0.1344 0.0713 
        D818  2 0.0696 0.2349 0.1711 0.5244 
        D819  2 0.1928 0.3820 0.3209 0.1043 
        D820  2 0.0453 0.8666 0.0342 0.0539 
        D895  2 0.0872 0.6613 0.1709 0.0806 
        D896  2 0.1240 0.0540 0.7869 0.0351 
        D897  2 0.0754 0.0772 0.0962 0.7512 
        D898  2 0.3460 0.2283 0.2476 0.1781 
        D918  2 0.1758 0.1746 0.3814 0.2681 
        D919  2 0.0566 0.5309 0.0929 0.3196 
        D920  2 0.0785 0.0570 0.8051 0.0594 
        D923  2 0.0708 0.8119 0.0591 0.0582 
        D930  2 0.3303 0.4066 0.1520 0.1111 
        D931  2 0.1650 0.5497 0.0769 0.2084 
        D968  2 0.0286 0.0554 0.0321 0.8840 
        D969  2 0.0702 0.5147 0.0548 0.3603 
        D977  2 0.0471 0.1203 0.0881 0.7446 
        D978  2 0.1338 0.1267 0.0852 0.6543 
        D211  3 0.0894 0.1666 0.6617 0.0824 
     D229639  3 0.1832 0.1014 0.0518 0.6637 
     D237212  3 0.1230 0.3403 0.1928 0.3439 
     D237213  3 0.1197 0.2923 0.4428 0.1451 
     D237214  3 0.0904 0.0777 0.7958 0.0361 
     D237215  3 0.2042 0.0342 0.0478 0.7139 
     D237216  3 0.1134 0.1618 0.4917 0.2331 
     D237217  3 0.0418 0.2617 0.5970 0.0994 
     D237218  3 0.0798 0.3645 0.1340 0.4217 
     D237219  3 0.2627 0.1137 0.4580 0.1655 
     D237382  3 0.3298 0.2936 0.2513 0.1253 
     D244127  3 0.0671 0.0791 0.6599 0.1938 
     D244129  3 0.1280 0.3744 0.3120 0.1856 
     D244133  3 0.4256 0.1105 0.2315 0.2324 
     D244134  3 0.3515 0.1230 0.1434 0.3822 
     D244135  3 0.0489 0.1257 0.7178 0.1076 
     D244136  3 0.4952 0.1996 0.1367 0.1686 
        D416  3 0.1028 0.2950 0.2302 0.3721 
        D417  3 0.0717 0.7589 0.1224 0.0470 
        D419  3 0.1899 0.3113 0.2459 0.2528 
        D565  3 0.8089 0.0980 0.0407 0.0524 
        D566  3 0.4014 0.0984 0.0715 0.4288 
        D567  3 0.0769 0.7094 0.1535 0.0601 
        D568  3 0.0552 0.4659 0.2581 0.2208 
        D569  3 0.1685 0.2449 0.2098 0.3767 
        D573  3 0.0455 0.2339 0.0599 0.6606 
        D574  3 0.6877 0.0736 0.1271 0.1116 
        D575  3 0.3296 0.2270 0.2650 0.1784 
        D576  3 0.1205 0.0184 0.0619 0.7992 
        D577  3 0.1327 0.6459 0.1486 0.0728 
        D578  3 0.0334 0.0341 0.8849 0.0476 
        D579  3 0.2413 0.3868 0.1275 0.2445 
        D660  3 0.0825 0.0698 0.2403 0.6074 
        D661  3 0.0554 0.1147 0.1150 0.7149 
        D663  3 0.0759 0.1176 0.0639 0.7426 
        D664  3 0.3384 0.0604 0.3896 0.2116 
        D665  3 0.0639 0.0676 0.6597 0.2089 
        D666  3 0.3663 0.2273 0.3018 0.1045 
        D009  4 0.0836 0.3654 0.4620 0.0890 
        D057  4 0.0927 0.2694 0.2255 0.4125 
        D109  4 0.1780 0.0965 0.6665 0.0589 
     D237222  4 0.2237 0.0960 0.5943 0.0860 
     D237223  4 0.1840 0.1332 0.5164 0.1665 
     D237224  4 0.0959 0.4090 0.0859 0.4092 
     D237225  4 0.1117 0.4404 0.3108 0.1371 
     D237299  4 0.1027 0.0521 0.7119 0.1333 
     D237300  4 0.1210 0.0446 0.0509 0.7835 
     D237306  4 0.6249 0.1637 0.1330 0.0784 
     D237307  4 0.3487 0.3636 0.1350 0.1527 
     D237308  4 0.1677 0.1399 0.1339 0.5585 
     D237309  4 0.0808 0.4716 0.3135 0.1341 
     D237317  4 0.5097 0.2971 0.1086 0.0846 
     D237318  4 0.0583 0.0453 0.0405 0.8559 
     D237319  4 0.1491 0.2387 0.4608 0.1514 
     D237320  4 0.0938 0.2268 0.3851 0.2943 
     D237321  4 0.1369 0.1137 0.1013 0.6481 
     D237397  4 0.2842 0.1795 0.2295 0.3067 
     D237398  4 0.0515 0.1858 0.0938 0.6690 
     D237399  4 0.2899 0.3181 0.1654 0.2266 
     D244001  4 0.0991 0.1473 0.5809 0.1726 
        D289  4 0.3256 0.3278 0.1037 0.2430 
        D290  4 0.2204 0.3738 0.1724 0.2334 
        D294  4 0.2025 0.4115 0.1455 0.2405 
        D295  4 0.1466 0.6043 0.1677 0.0814 
        D301  4 0.1233 0.0525 0.6500 0.1742 
        D302  4 0.0661 0.8027 0.0785 0.0526 
        D303  4 0.7368 0.0836 0.0877 0.0920 
        D304  4 0.3153 0.3142 0.0796 0.2909 
        D305  4 0.0629 0.2664 0.2617 0.4090 
        D306  4 0.3625 0.3120 0.2010 0.1245 
        D307  4 0.1309 0.0406 0.7591 0.0695 
        D327  4 0.1550 0.6656 0.0803 0.0991 
        D328  4 0.7159 0.1120 0.0898 0.0822 
        D329  4 0.1497 0.3231 0.1485 0.3787 
        D330  4 0.0616 0.5048 0.3495 0.0841 
        D331  4 0.2862 0.2859 0.1950 0.2329 
        D333  4 0.3186 0.2571 0.1867 0.2375 
        D334  4 0.6005 0.1959 0.1375 0.0661 
        D335  4 0.1051 0.7425 0.0576 0.0947 
        D370  4 0.5876 0.1522 0.1771 0.0831 
        D371  4 0.7405 0.1555 0.0394 0.0646 
        D372  4 0.1018 0.0408 0.0659 0.7916 
        D373  4 0.0582 0.0750 0.6580 0.2089 
        D455  4 0.0639 0.1084 0.7316 0.0962 
        D490  4 0.0461 0.0484 0.8715 0.0340 
        D497  4 0.0591 0.0500 0.8327 0.0582 
        D498  4 0.4207 0.1600 0.2037 0.2157 
        D499  4 0.3070 0.0977 0.1000 0.4953 
        D514  4 0.0926 0.6402 0.1615 0.1058 
        D515  4 0.1274 0.1954 0.5946 0.0826 
        D516  4 0.2296 0.2706 0.3154 0.1844 
        D517  4 0.0533 0.1404 0.6510 0.1552 
        D518  4 0.2765 0.3391 0.2525 0.1319 
        D519  4 0.0606 0.1768 0.6005 0.1621 
        D560  4 0.0625 0.3006 0.4327 0.2043 
        D561  4 0.0383 0.1708 0.7058 0.0852 
        D562  4 0.2356 0.1984 0.3333 0.2327 
        D563  4 0.0609 0.1664 0.1342 0.6385 
        D572  4 0.1732 0.5686 0.1439 0.1142 
        D629  4 0.1116 0.4740 0.3330 0.0815 
        D630  4 0.2365 0.3585 0.2405 0.1645 
        D631  4 0.1649 0.2677 0.1295 0.4379 
        D632  4 0.0758 0.1920 0.5334 0.1988 
        D646  4 0.0649 0.5039 0.3087 0.1226 
        D647  4 0.0530 0.6640 0.1808 0.1022 
        D648  4 0.7744 0.0661 0.0799 0.0796 
        D649  4 0.0805 0.6442 0.2194 0.0559 
        D650  4 0.2809 0.3228 0.2703 0.1260 
        D708  4 0.6283 0.1454 0.1196 0.1067 
        D709  4 0.3968 0.2985 0.1716 0.1332 
        D738  4 0.5345 0.2198 0.1843 0.0615 
        D739  4 0.1800 0.1425 0.5233 0.1541 
        D740  4 0.2255 0.1106 0.2947 0.3692 
        D741  4 0.0556 0.3636 0.3686 0.2123 
        D742  4 0.1965 0.1328 0.1191 0.5516 
        D743  4 0.0700 0.7759 0.0536 0.1006 
        D744  4 0.0819 0.5394 0.1205 0.2582 
        D745  4 0.0682 0.1193 0.7504 0.0621 
        D814  4 0.0796 0.1377 0.1332 0.6494 
        D815  4 0.1772 0.6033 0.1051 0.1143 
        D828  4 0.6519 0.0453 0.0858 0.2170 
        D845  4 0.0706 0.0663 0.0374 0.8258 
        D846  4 0.0534 0.5009 0.1541 0.2916 
        D847  4 0.1903 0.3094 0.3002 0.2002 
        D848  4 0.0547 0.0585 0.5605 0.3263 
        D849  4 0.0744 0.1628 0.6668 0.0960 
        D850  4 0.1660 0.3056 0.3154 0.2130 
        D856  4 0.1739 0.2100 0.5194 0.0967 
        D857  4 0.1104 0.0302 0.7820 0.0774 
        D859  4 0.2091 0.4465 0.1009 0.2435 
        D860  4 0.4219 0.2358 0.0462 0.2961 
        D883  4 0.2649 0.4229 0.2284 0.0838 
        D884  4 0.3178 0.2654 0.3417 0.0751 
        D885  4 0.0899 0.2821 0.2234 0.4046 
        D886  4 0.1181 0.3981 0.3669 0.1169 
        D887  4 0.1576 0.2679 0.1464 0.4281 
        D889  4 0.1515 0.2853 0.0666 0.4965 
        D890  4 0.5339 0.1450 0.1872 0.1339 
        D891  4 0.0343 0.0366 0.0277 0.9014 
        D899  4 0.2376 0.1041 0.0565 0.6017 
        D900  4 0.2050 0.4349 0.2061 0.1539 
        D970  4 0.1481 0.5087 0.1438 0.1994 
        D971  4 0.1374 0.1905 0.1313 0.5408 
        D979  4 0.1185 0.7583 0.0519 0.0713 
        D093  5 0.7096 0.1103 0.0668 0.1133 
        D154  5 0.1836 0.1033 0.1058 0.6073 
        D168  5 0.0734 0.1790 0.2647 0.4829 
        D189  5 0.5109 0.0924 0.0762 0.3205 
        D190  5 0.7960 0.0864 0.0424 0.0752 
     D237220  5 0.1790 0.1670 0.4911 0.1629 
     D237221  5 0.4555 0.1971 0.1005 0.2468 
     D237274  5 0.0466 0.8557 0.0509 0.0468 
     D237275  5 0.0826 0.0430 0.0663 0.8081 
     D237276  5 0.3948 0.2770 0.2322 0.0960 
     D237277  5 0.6134 0.1198 0.0604 0.2064 
     D237278  5 0.3277 0.0885 0.1828 0.4010 
     D237279  5 0.0608 0.1437 0.7109 0.0845 
     D237280  5 0.1663 0.4040 0.3595 0.0703 
     D237281  5 0.0394 0.0816 0.0371 0.8418 
     D237351  5 0.1994 0.0789 0.6346 0.0871 
     D237352  5 0.1641 0.3502 0.3717 0.1140 
     D237353  5 0.7925 0.0634 0.0437 0.1004 
     D237359  5 0.1399 0.2009 0.3950 0.2642 
     D237361  5 0.8569 0.0452 0.0480 0.0499 
     D237362  5 0.3622 0.3225 0.1489 0.1664 
     D237363  5 0.1934 0.1273 0.3076 0.3717 
     D237364  5 0.0742 0.2469 0.2743 0.4047 
     D237376  5 0.8005 0.0417 0.0617 0.0960 
     D237377  5 0.1526 0.5080 0.2537 0.0857 
     D237378  5 0.7192 0.0506 0.0683 0.1619 
     D237379  5 0.6644 0.0923 0.1077 0.1355 
     D237380  5 0.3109 0.1046 0.5427 0.0419 
     D237381  5 0.2050 0.1857 0.4851 0.1241 
     D237391  5 0.6717 0.1542 0.0770 0.0971 
     D237392  5 0.1101 0.6042 0.1109 0.1748 
     D237393  5 0.2817 0.4920 0.1174 0.1089 
     D237394  5 0.8290 0.0767 0.0515 0.0428 
     D237395  5 0.5094 0.0957 0.2074 0.1874 
     D237396  5 0.1057 0.6262 0.1589 0.1092 
     D244016  5 0.4619 0.1632 0.1263 0.2486 
     D244018  5 0.2429 0.1159 0.1386 0.5027 
     D244019  5 0.2127 0.4016 0.1063 0.2795 
        D279  5 0.1105 0.1209 0.1340 0.6346 
        D280  5 0.2961 0.2801 0.1476 0.2762 
        D281  5 0.0985 0.0586 0.0413 0.8016 
        D283  5 0.4336 0.3577 0.0658 0.1429 
        D284  5 0.1225 0.1248 0.5594 0.1932 
        D285  5 0.5682 0.1895 0.0862 0.1561 
        D286  5 0.4135 0.2524 0.1636 0.1705 
        D287  5 0.7650 0.0493 0.0943 0.0914 
        D288  5 0.2532 0.4119 0.0699 0.2650 
        D308  5 0.0679 0.1596 0.7276 0.0449 
        D309  5 0.0549 0.7841 0.1043 0.0568 
        D310  5 0.8535 0.0526 0.0456 0.0484 
        D311  5 0.4935 0.2650 0.1206 0.1209 
        D312  5 0.5602 0.2162 0.1118 0.1118 
        D313  5 0.0536 0.0326 0.8890 0.0248 
        D314  5 0.2548 0.0994 0.2181 0.4277 
        D315  5 0.5381 0.2384 0.1259 0.0977 
        D317  5 0.8186 0.0890 0.0471 0.0454 
        D318  5 0.1748 0.2896 0.2828 0.2528 
        D319  5 0.8199 0.0484 0.0561 0.0755 
        D320  5 0.7945 0.0794 0.0657 0.0604 
        D321  5 0.1487 0.1347 0.6159 0.1007 
        D336  5 0.8544 0.0691 0.0400 0.0364 
        D337  5 0.8375 0.0522 0.0284 0.0819 
        D338  5 0.2031 0.2604 0.2880 0.2484 
        D339  5 0.6883 0.0792 0.0827 0.1498 
        D347  5 0.3278 0.4107 0.0687 0.1928 
        D348  5 0.8172 0.0835 0.0394 0.0598 
        D349  5 0.1594 0.0864 0.6925 0.0618 
        D350  5 0.0840 0.6708 0.0927 0.1524 
        D355  5 0.0996 0.3273 0.0502 0.5230 
        D356  5 0.4803 0.3170 0.1306 0.0721 
        D357  5 0.4580 0.1744 0.1649 0.2027 
        D358  5 0.5312 0.1882 0.1554 0.1252 
        D359  5 0.5107 0.3903 0.0506 0.0485 
        D360  5 0.6412 0.1924 0.1094 0.0569 
        D361  5 0.0637 0.0525 0.8367 0.0471 
        D366  5 0.0619 0.5742 0.0996 0.2643 
        D367  5 0.7838 0.0583 0.0866 0.0713 
        D368  5 0.4137 0.1646 0.3260 0.0957 
        D380  5 0.1063 0.5027 0.2026 0.1884 
        D381  5 0.6357 0.1448 0.0842 0.1353 
        D400  5 0.4014 0.1914 0.0905 0.3167 
        D411  5 0.0346 0.0361 0.8866 0.0427 
        D412  5 0.2614 0.2300 0.1817 0.3269 
        D413  5 0.0561 0.1238 0.1208 0.6994 
        D414  5 0.0937 0.2513 0.0861 0.5690 
        D420  5 0.1907 0.0844 0.4639 0.2611 
        D431  5 0.3750 0.0588 0.1890 0.3773 
        D432  5 0.4722 0.1537 0.1342 0.2399 
        D433  5 0.6352 0.1383 0.0725 0.1540 
        D434  5 0.5048 0.2865 0.1056 0.1031 
        D440  5 0.0777 0.6690 0.1301 0.1233 
        D447  5 0.0755 0.6244 0.1990 0.1011 
        D448  5 0.7568 0.1082 0.0415 0.0935 
        D459  5 0.0578 0.1815 0.0471 0.7135 
        D460  5 0.1311 0.1626 0.6490 0.0573 
        D461  5 0.0705 0.8335 0.0392 0.0568 
        D468  5 0.4783 0.2216 0.1882 0.1119 
        D469  5 0.1833 0.5331 0.1866 0.0971 
        D470  5 0.3613 0.1737 0.3542 0.1108 
        D471  5 0.7195 0.1054 0.0435 0.1316 
        D472  5 0.0403 0.7253 0.0436 0.1909 
        D479  5 0.0981 0.0928 0.0585 0.7506 
        D485  5 0.4848 0.1701 0.1702 0.1749 
        D486  5 0.3784 0.1823 0.3418 0.0975 
        D487  5 0.3123 0.0793 0.0735 0.5350 
        D555  5 0.8035 0.0526 0.0450 0.0990 
        D556  5 0.4676 0.1312 0.1261 0.2751 
        D557  5 0.7983 0.0858 0.0323 0.0836 
        D564  5 0.6075 0.1658 0.1509 0.0759 
        D594  5 0.3414 0.3675 0.1372 0.1540 
        D595  5 0.4685 0.2504 0.1197 0.1614 
        D596  5 0.8430 0.0389 0.0467 0.0713 
        D597  5 0.3274 0.2471 0.0622 0.3634 
        D598  5 0.4687 0.2173 0.1674 0.1465 
        D617  5 0.0599 0.0549 0.6903 0.1948 
        D618  5 0.5004 0.1694 0.0941 0.2361 
        D619  5 0.3782 0.2845 0.2436 0.0936 
        D620  5 0.0446 0.0718 0.0401 0.8435 
        D628  5 0.3248 0.3165 0.2010 0.1577 
        D714  5 0.5450 0.0566 0.0818 0.3167 
        D715  5 0.5758 0.2047 0.0512 0.1682 
        D716  5 0.3575 0.2449 0.0985 0.2991 
        D717  5 0.2176 0.5145 0.1641 0.1039 
        D718  5 0.4453 0.0634 0.3252 0.1661 
        D769  5 0.0889 0.0651 0.6531 0.1929 
        D770  5 0.3461 0.1281 0.0861 0.4397 
        D771  5 0.2256 0.1764 0.1803 0.4177 
        D772  5 0.5994 0.2012 0.0886 0.1108 
        D782  5 0.0715 0.1253 0.4716 0.3316 
        D783  5 0.2102 0.1148 0.0814 0.5936 
        D784  5 0.1399 0.6367 0.0949 0.1285 
        D785  5 0.7816 0.0843 0.0848 0.0493 
        D786  5 0.0917 0.3527 0.4649 0.0907 
        D821  5 0.8878 0.0426 0.0271 0.0424 
        D822  5 0.2627 0.5104 0.0941 0.1328 
        D826  5 0.3917 0.1219 0.0733 0.4131 
        D827  5 0.1129 0.6407 0.1142 0.1322 
        D851  5 0.2551 0.2752 0.2613 0.2085 
        D852  5 0.3340 0.0942 0.1090 0.4629 
        D853  5 0.5159 0.1802 0.1229 0.1810 
        D854  5 0.1308 0.2699 0.2216 0.3777 
        D861  5 0.3016 0.1727 0.1820 0.3437 
        D862  5 0.5159 0.3288 0.0863 0.0690 
        D865  5 0.7323 0.0582 0.0655 0.1439 
        D868  5 0.1171 0.7124 0.0899 0.0805 
        D869  5 0.0876 0.0714 0.7866 0.0545 
        D870  5 0.0442 0.0940 0.7609 0.1009 
        D907  5 0.7706 0.0643 0.0940 0.0711 
        D908  5 0.3477 0.0656 0.0675 0.5192 
        D910  5 0.5084 0.1395 0.0494 0.3027 
        D911  5 0.0844 0.2137 0.0552 0.6467 
        D934  5 0.2358 0.1411 0.1013 0.5217 
        D946  5 0.3381 0.0749 0.1639 0.4231 
        D947  5 0.1864 0.4458 0.1547 0.2130 
        D948  5 0.2079 0.1503 0.5829 0.0589 
        D949  5 0.1556 0.1327 0.6592 0.0525 
        D950  5 0.0810 0.1424 0.0458 0.7307 
        D951  5 0.1273 0.6640 0.1440 0.0646 
        D952  5 0.1649 0.6860 0.0575 0.0916 
        D953  5 0.6594 0.1766 0.0705 0.0935 
        D954  5 0.4072 0.4175 0.1031 0.0722 
        D961  5 0.5936 0.0744 0.1709 0.1611 
        D962  5 0.8098 0.1142 0.0435 0.0325 
        D963  5 0.3697 0.4233 0.0744 0.1326 
        D964  5 0.2302 0.1257 0.3374 0.3068 
        D965  5 0.3363 0.2421 0.1801 0.2415 
        D966  5 0.4093 0.3014 0.0688 0.2205 
        D967  5 0.3480 0.1277 0.1566 0.3676 
        D991  5 0.3287 0.2596 0.3134 0.0983 
        D502  6 0.0924 0.1135 0.3344 0.4596 
        D503  6 0.0991 0.0540 0.3232 0.5236 
        D504  6 0.1628 0.5302 0.1545 0.1525 
        D505  6 0.4116 0.1908 0.1552 0.2424 
        D506  6 0.8585 0.0600 0.0402 0.0413 
        D507  6 0.1276 0.1713 0.2923 0.4088 
        D508  6 0.1741 0.4201 0.1546 0.2512 
        D529  6 0.2230 0.2997 0.3266 0.1506 
        D530  6 0.6322 0.0637 0.1590 0.1451 
        D531  6 0.2876 0.3813 0.1720 0.1590 
        D532  6 0.5055 0.2998 0.0868 0.1080 
        D534  6 0.0643 0.1142 0.7386 0.0829 
        D535  6 0.5604 0.2458 0.1259 0.0679 
        D536  6 0.0496 0.0569 0.1497 0.7437 
        D554  6 0.6291 0.1111 0.1864 0.0734 
        D587  6 0.6669 0.1573 0.0715 0.1043 
        D588  6 0.4392 0.3116 0.1270 0.1222 
        D589  6 0.2053 0.0842 0.1472 0.5633 
        D590  6 0.0700 0.0994 0.0994 0.7313 
        D591  6 0.2347 0.1789 0.2259 0.3605 
        D592  6 0.1061 0.1138 0.6609 0.1192 
        D593  6 0.7313 0.0523 0.1096 0.1069 
        D682  6 0.8005 0.0599 0.0759 0.0636 
        D683  6 0.2940 0.4957 0.1464 0.0639 
        D684  6 0.0418 0.1152 0.4523 0.3908 
        D685  6 0.2055 0.0593 0.3755 0.3597 
        D686  6 0.7303 0.1132 0.0841 0.0723 
        D724  6 0.0962 0.4278 0.2577 0.2183 
        D725  6 0.4140 0.1093 0.1388 0.3379 
        D726  6 0.8297 0.0823 0.0419 0.0462 
        D727  6 0.1590 0.3293 0.1377 0.3740 
        D728  6 0.7695 0.0741 0.1044 0.0520 
        D729  6 0.0519 0.2912 0.4915 0.1654 
        D730  6 0.1094 0.3168 0.3034 0.2704 
        D731  6 0.6235 0.0319 0.0302 0.3144 
        D732  6 0.1556 0.5827 0.1410 0.1206 
        D733  6 0.2976 0.2907 0.2320 0.1797 
     D237251  7 0.1950 0.1143 0.0965 0.5943 
     D237252  7 0.0806 0.1028 0.4803 0.3362 
     D237253  7 0.2310 0.1214 0.1274 0.5202 
     D237254  7 0.0341 0.0471 0.8541 0.0647 
     D237255  7 0.0970 0.0673 0.0628 0.7729 
     D237256  7 0.1198 0.1668 0.0723 0.6411 
     D237257  7 0.0979 0.1307 0.6281 0.1434 
     D237282  7 0.0546 0.7125 0.1142 0.1188 
     D237283  7 0.0539 0.0314 0.8293 0.0854 
     D237284  7 0.0491 0.1018 0.7934 0.0557 
     D237285  7 0.5059 0.1275 0.1224 0.2442 
     D237286  7 0.3338 0.2934 0.1760 0.1968 
     D237287  7 0.1141 0.2230 0.1477 0.5152 
     D244006  7 0.0443 0.0652 0.8488 0.0417 
     D244007  7 0.0905 0.2919 0.1772 0.4404 
     D244008  7 0.1040 0.0444 0.7930 0.0586 
     D244009  7 0.1764 0.2373 0.5134 0.0728 
     D244010  7 0.1158 0.0976 0.5939 0.1926 
     D244011  7 0.3819 0.1221 0.2205 0.2755 
     D244012  7 0.1139 0.1761 0.2934 0.4166 
     D244013  7 0.2350 0.2788 0.0926 0.3936 
     D244014  7 0.1350 0.1439 0.3563 0.3649 
     D244015  7 0.0765 0.2004 0.5871 0.1359 
     D244125  7 0.3329 0.2291 0.0862 0.3519 
     D244126  7 0.0331 0.0519 0.8655 0.0495 
     D244130  7 0.2412 0.1735 0.3678 0.2175 
     D244131  7 0.3182 0.3912 0.1758 0.1148 
     D244132  7 0.4307 0.4269 0.0824 0.0600 
        D520  7 0.3405 0.0866 0.4843 0.0887 
        D521  7 0.2061 0.3481 0.2715 0.1744 
        D522  7 0.1302 0.3085 0.4655 0.0958 
        D523  7 0.1116 0.0758 0.0893 0.7234 
        D524  7 0.3027 0.1540 0.1640 0.3793 
        D525  7 0.0697 0.0825 0.5526 0.2952 
        D526  7 0.0364 0.0795 0.8257 0.0585 
        D527  7 0.1605 0.5075 0.1799 0.1521 
        D528  7 0.0328 0.0848 0.8550 0.0274 
        D558  7 0.0859 0.5340 0.1908 0.1894 
        D559  7 0.0512 0.5741 0.1516 0.2231 
        D640  7 0.3982 0.2352 0.1237 0.2429 
        D641  7 0.4206 0.0682 0.2279 0.2833 
        D642  7 0.1352 0.1150 0.5103 0.2395 
        D644  7 0.4088 0.1596 0.2691 0.1625 
        D645  7 0.2051 0.2008 0.2207 0.3734 
        D662  7 0.1995 0.2913 0.4717 0.0374 
        D687  7 0.1689 0.2733 0.1607 0.3970 
        D688  7 0.0618 0.5253 0.2305 0.1823 
        D689  7 0.3879 0.2380 0.1288 0.2452 
        D700  7 0.0325 0.1207 0.7911 0.0557 
        D797  7 0.3034 0.3198 0.1549 0.2219 
        D798  7 0.1181 0.1530 0.6638 0.0651 
        D799  7 0.0868 0.1080 0.2364 0.5689 
        D800  7 0.0575 0.6327 0.1485 0.1613 
        D132  8 0.0802 0.0686 0.8087 0.0424 
        D133  8 0.0357 0.0357 0.0910 0.8376 
        D200  8 0.2208 0.2419 0.1674 0.3699 
        D500  8 0.0604 0.0669 0.8405 0.0321 
        D614  8 0.5449 0.1969 0.1770 0.0811 
        D723  8 0.0868 0.4882 0.2714 0.1535 
        D888  8 0.0785 0.1023 0.0611 0.7581 
        D901  8 0.1777 0.0692 0.6060 0.1472 
        D902  8 0.7381 0.0821 0.0958 0.0840 
        D903  8 0.2056 0.5878 0.0830 0.1236 
        D904  8 0.1569 0.5375 0.1837 0.1219 
        D905  8 0.2144 0.0364 0.0448 0.7044 
        D906  8 0.0691 0.1668 0.1484 0.6156 
        D937  8 0.8357 0.0341 0.0530 0.0771 
        D943  8 0.0830 0.1991 0.5144 0.2035 
        D972  8 0.0976 0.4163 0.3882 0.0979 
        D973  8 0.0898 0.6815 0.1738 0.0548 
        D974  8 0.3087 0.2199 0.2444 0.2271 
        D975  8 0.3089 0.2637 0.1748 0.2525 
        D976  8 0.2912 0.0947 0.3628 0.2513 
        D201  9 0.1132 0.1923 0.1775 0.5171 
        D202  9 0.2280 0.0731 0.2300 0.4688 
     D237259  9 0.0518 0.3044 0.4286 0.2152 
     D237260  9 0.0792 0.0395 0.2741 0.6072 
     D237262  9 0.0590 0.0702 0.8234 0.0475 
     D237263  9 0.0766 0.1449 0.4833 0.2953 
     D237264  9 0.3132 0.1355 0.3402 0.2111 
     D237265  9 0.0981 0.0480 0.1348 0.7191 
     D237266  9 0.0500 0.1016 0.2370 0.6113 
     D237267  9 0.3427 0.1013 0.3959 0.1601 
     D237268  9 0.1540 0.1439 0.6129 0.0892 
     D237289  9 0.3576 0.0613 0.1209 0.4602 
     D237290  9 0.0368 0.0437 0.0639 0.8556 
     D237291  9 0.1113 0.0739 0.1220 0.6928 
     D237292  9 0.0612 0.0597 0.3477 0.5315 
     D237293  9 0.3378 0.2023 0.2714 0.1885 
     D237294  9 0.1409 0.0600 0.5262 0.2729 
     D237295  9 0.2797 0.3395 0.3108 0.0700 
     D237296  9 0.2455 0.1499 0.3292 0.2755 
     D237297  9 0.6873 0.1054 0.0854 0.1220 
     D237298  9 0.0998 0.4069 0.2331 0.2602 
     D237341  9 0.1261 0.2146 0.1645 0.4948 
     D237342  9 0.1896 0.0934 0.5926 0.1244 
     D237343  9 0.0908 0.1434 0.3957 0.3701 
     D237344  9 0.5612 0.0865 0.1338 0.2185 
     D237345  9 0.0343 0.0827 0.8089 0.0740 
     D237346  9 0.2588 0.0630 0.1627 0.5156 
     D237347  9 0.5727 0.1312 0.1076 0.1885 
     D237348  9 0.2811 0.1716 0.2966 0.2507 
     D237349  9 0.0538 0.3752 0.2041 0.3669 
     D244109  9 0.0317 0.1397 0.2367 0.5918 
     D244110  9 0.0520 0.0913 0.1310 0.7257 
     D244111  9 0.1854 0.2515 0.2055 0.3576 
     D244128  9 0.0610 0.0796 0.7604 0.0990 
     D244137  9 0.1044 0.6207 0.1764 0.0985 
     D244138  9 0.2251 0.0916 0.1822 0.5011 
        D580  9 0.1202 0.0655 0.7722 0.0421 
        D581  9 0.0452 0.0470 0.0863 0.8215 
        D582  9 0.0601 0.0455 0.8545 0.0400 
        D583  9 0.0474 0.0414 0.1228 0.7884 
        D584  9 0.5881 0.0524 0.2636 0.0959 
        D585  9 0.0543 0.0774 0.6332 0.2352 
        D586  9 0.1365 0.0685 0.0504 0.7446 
        D651  9 0.1701 0.5125 0.1158 0.2016 
        D652  9 0.0576 0.3874 0.3961 0.1589 
        D653  9 0.1096 0.3164 0.1019 0.4721 
        D654  9 0.0660 0.4186 0.2080 0.3074 
        D655  9 0.3977 0.1513 0.1128 0.3382 
        D656  9 0.0831 0.0813 0.7621 0.0735 
        D657  9 0.1806 0.1922 0.4025 0.2247 
        D667  9 0.5698 0.0867 0.0913 0.2522 
        D668  9 0.2047 0.1184 0.4057 0.2712 
        D669  9 0.1116 0.1201 0.1910 0.5772 
        D670  9 0.1179 0.6345 0.1444 0.1032 
        D671  9 0.1143 0.1018 0.1328 0.6510 
        D672  9 0.0733 0.0940 0.7090 0.1237 
        D673  9 0.2912 0.2400 0.2877 0.1811 
        D692  9 0.0631 0.0833 0.6030 0.2507 
        D693  9 0.3666 0.1703 0.2904 0.1727 
        D694  9 0.0993 0.0393 0.7651 0.0962 
        D695  9 0.1223 0.3244 0.4427 0.1105 
        D696  9 0.8875 0.0383 0.0359 0.0383 
        D697  9 0.4316 0.1856 0.1282 0.2546 
        D698  9 0.3774 0.0624 0.1132 0.4470 
        D699  9 0.6662 0.0455 0.1336 0.1547 
        D787  9 0.0696 0.4054 0.3227 0.2024 
        D788  9 0.6549 0.1044 0.1762 0.0644 
        D789  9 0.3411 0.0675 0.3773 0.2141 
        D790  9 0.1742 0.2052 0.3254 0.2952 
        D791  9 0.2469 0.0650 0.0965 0.5916 
        D792  9 0.0702 0.4494 0.2368 0.2436 
        D793  9 0.5103 0.2135 0.0900 0.1862 
        D794  9 0.4159 0.2662 0.1270 0.1909 
        D795  9 0.1964 0.0464 0.6442 0.1130 
        D796  9 0.1668 0.0643 0.1662 0.6027 
        D142 10 0.4943 0.2201 0.0986 0.1870 
        D143 10 0.1463 0.0862 0.0698 0.6977 
        D144 10 0.4148 0.1894 0.2650 0.1308 
        D145 10 0.0665 0.0869 0.0833 0.7634 
        D146 10 0.1649 0.1135 0.6558 0.0658 
        D147 10 0.1608 0.2309 0.4108 0.1975 
        D148 10 0.2042 0.1906 0.4896 0.1157 
        D149 10 0.0471 0.1087 0.0865 0.7577 
        D151 10 0.1104 0.0484 0.6266 0.2146 
        D152 10 0.0369 0.0302 0.0434 0.8895 
        D153 10 0.2943 0.5263 0.1131 0.0663 
        D156 10 0.0839 0.7202 0.0584 0.1375 
        D157 10 0.6323 0.0843 0.1755 0.1079 
        D158 10 0.3516 0.0555 0.2347 0.3583 
        D159 10 0.0645 0.0678 0.0432 0.8246 
        D160 10 0.2821 0.0317 0.0478 0.6384 
        D161 10 0.2554 0.3571 0.2070 0.1805 
        D162 10 0.2196 0.5199 0.0508 0.2097 
        D169 10 0.0572 0.0725 0.7649 0.1054 
        D170 10 0.1774 0.1230 0.6315 0.0681 
        D171 10 0.6120 0.1412 0.1505 0.0963 
        D172 10 0.1814 0.4050 0.1970 0.2166 
        D173 10 0.0266 0.1354 0.0785 0.7595 
        D181 10 0.5884 0.1642 0.0885 0.1589 
        D182 10 0.0797 0.2204 0.2298 0.4701 
        D183 10 0.7418 0.1020 0.1052 0.0509 
        D184 10 0.0315 0.1103 0.8321 0.0261 
        D185 10 0.1815 0.4398 0.2675 0.1112 
        D186 10 0.0514 0.0687 0.7762 0.1037 
        D194 10 0.1622 0.1934 0.5359 0.1086 
        D195 10 0.2901 0.2408 0.0811 0.3880 
        D196 10 0.1666 0.4599 0.0460 0.3275 
        D197 10 0.1027 0.0405 0.6725 0.1844 
        D198 10 0.3066 0.2375 0.3851 0.0708 
     D237226 10 0.0663 0.0855 0.2267 0.6215 
     D237232 10 0.3665 0.0671 0.1466 0.4199 
     D237233 10 0.1976 0.0700 0.0849 0.6475 
     D237234 10 0.5084 0.1685 0.1193 0.2039 
     D237354 10 0.0477 0.0451 0.0311 0.8761 
     D237355 10 0.1463 0.0767 0.0960 0.6811 
     D237356 10 0.4856 0.2790 0.1812 0.0541 
     D237357 10 0.1182 0.1084 0.3346 0.4388 
     D237358 10 0.1149 0.3141 0.3837 0.1874 
     D237369 10 0.0402 0.1315 0.7629 0.0653 
     D237370 10 0.7446 0.0606 0.0703 0.1245 
     D237371 10 0.1009 0.5199 0.2755 0.1037 
     D237372 10 0.0620 0.1095 0.3770 0.4514 
     D237373 10 0.4244 0.0907 0.1033 0.3817 
     D237374 10 0.2200 0.0608 0.0542 0.6651 
     D237375 10 0.1453 0.2686 0.2538 0.3323 
     D237400 10 0.0496 0.0420 0.0367 0.8717 
     D244002 10 0.0581 0.1353 0.7085 0.0981 
     D244003 10 0.3736 0.0310 0.0832 0.5122 
     D244004 10 0.8836 0.0237 0.0488 0.0440 
     D244005 10 0.0708 0.0755 0.2763 0.5774 
     D244020 10 0.4776 0.2578 0.1384 0.1262 
     D244021 10 0.1123 0.1780 0.4559 0.2538 
     D244116 10 0.1719 0.2116 0.4660 0.1506 
     D244117 10 0.4416 0.0810 0.0782 0.3992 
     D244121 10 0.5967 0.0598 0.1254 0.2181 
     D244123 10 0.4975 0.0870 0.1082 0.3073 
     D244124 10 0.2055 0.0613 0.3929 0.3403 
        D332 10 0.1191 0.7172 0.0824 0.0813 
        D570 10 0.7441 0.1283 0.0623 0.0653 
        D602 10 0.0697 0.7731 0.0628 0.0944 
        D603 10 0.3810 0.1046 0.2193 0.2952 
        D604 10 0.1081 0.4335 0.0790 0.3794 
        D605 10 0.0985 0.5402 0.1657 0.1956 
        D606 10 0.3235 0.0673 0.5612 0.0481 
        D607 10 0.0496 0.8382 0.0576 0.0545 
        D608 10 0.0343 0.0793 0.0295 0.8568 
        D609 10 0.6168 0.2473 0.0866 0.0493 
        D610 10 0.3360 0.2176 0.2362 0.2101 
        D611 10 0.9119 0.0325 0.0241 0.0315 
        D613 10 0.2464 0.5322 0.0840 0.1374 
        D633 10 0.0628 0.6906 0.1136 0.1330 
        D634 10 0.5762 0.1071 0.1908 0.1259 
        D638 10 0.0668 0.0551 0.0469 0.8312 
        D681 10 0.4678 0.1426 0.2414 0.1481 
        D754 10 0.3330 0.0585 0.4711 0.1374 
        D755 10 0.3914 0.0306 0.0455 0.5325 
        D756 10 0.6212 0.0734 0.1694 0.1360 
        D757 10 0.1235 0.2212 0.2283 0.4270 
        D758 10 0.2597 0.2909 0.2603 0.1892 
        D759 10 0.3539 0.0688 0.0827 0.4946 
        D760 10 0.3556 0.1675 0.1408 0.3361 
        D761 10 0.0711 0.0326 0.0407 0.8556 
        D762 10 0.1228 0.6039 0.1637 0.1095 
        D775 10 0.6239 0.0401 0.0856 0.2503 
        D776 10 0.0962 0.0351 0.0600 0.8087 
        D777 10 0.4472 0.0722 0.2029 0.2776 
        D778 10 0.0594 0.0422 0.1761 0.7223 
        D779 10 0.4297 0.1018 0.3040 0.1645 
        D780 10 0.2001 0.2484 0.0911 0.4605 
        D781 10 0.1410 0.5418 0.1216 0.1956 
        D858 10 0.0384 0.0424 0.8291 0.0901 
        D933 10 0.2411 0.3072 0.1215 0.3302 
        D038 11 0.1402 0.2137 0.1703 0.4759 
        D063 11 0.3911 0.1163 0.1134 0.3791 
        D155 11 0.3862 0.1655 0.1113 0.3370 
        D175 11 0.4791 0.0688 0.3546 0.0975 
        D176 11 0.1869 0.0476 0.0857 0.6798 
        D205 11 0.7200 0.0600 0.1756 0.0444 
     D237229 11 0.0545 0.3030 0.2998 0.3427 
     D237230 11 0.0584 0.5304 0.2377 0.1735 
     D237231 11 0.0809 0.7730 0.0691 0.0770 
     D237269 11 0.1202 0.3339 0.1729 0.3729 
     D237270 11 0.0641 0.1834 0.6270 0.1255 
     D237271 11 0.5104 0.2603 0.1289 0.1004 
     D237272 11 0.0632 0.5192 0.2554 0.1622 
     D237273 11 0.5791 0.1189 0.0694 0.2325 
     D237301 11 0.1360 0.7326 0.0557 0.0757 
     D237302 11 0.1194 0.2020 0.4801 0.1986 
     D237303 11 0.0414 0.1634 0.6038 0.1915 
     D237304 11 0.2080 0.4173 0.2030 0.1717 
     D237305 11 0.1502 0.0787 0.6381 0.1330 
     D237314 11 0.4070 0.1667 0.2176 0.2086 
     D237315 11 0.0761 0.1500 0.6479 0.1260 
     D237316 11 0.0971 0.8048 0.0516 0.0466 
     D237328 11 0.2725 0.3782 0.3013 0.0480 
     D237329 11 0.1425 0.1167 0.3012 0.4396 
     D237330 11 0.6671 0.0716 0.0616 0.1997 
     D237331 11 0.4160 0.2257 0.1242 0.2341 
     D237332 11 0.2763 0.4573 0.1402 0.1262 
     D237333 11 0.4106 0.0715 0.0509 0.4670 
     D237334 11 0.1011 0.7545 0.0709 0.0735 
     D237335 11 0.3202 0.4029 0.1853 0.0916 
     D237336 11 0.1998 0.1292 0.1936 0.4774 
     D237350 11 0.6129 0.1671 0.0656 0.1544 
     D237383 11 0.2180 0.0805 0.3797 0.3217 
     D237384 11 0.1076 0.5422 0.2542 0.0961 
     D237385 11 0.1857 0.3485 0.2491 0.2166 
     D237386 11 0.2265 0.4968 0.1264 0.1503 
     D237387 11 0.0999 0.6889 0.1665 0.0447 
     D237388 11 0.7455 0.1364 0.0566 0.0616 
        D239 11 0.3798 0.2428 0.0944 0.2830 
        D240 11 0.0762 0.0471 0.1221 0.7545 
        D241 11 0.0761 0.2522 0.4893 0.1824 
        D242 11 0.1236 0.5049 0.1308 0.2407 
        D243 11 0.4878 0.1310 0.1774 0.2039 
        D244 11 0.7166 0.0805 0.1355 0.0675 
