        D174  1 0.0815 0.3225 0.0181 0.0818 0.0221 0.0396 0.0593 0.0857 0.0479 0.0986 0.0761 0.0670 
        D199  1 0.0275 0.0881 0.0277 0.0954 0.1443 0.1255 0.0659 0.0321 0.1117 0.0407 0.1008 0.1403 
        D203  1 0.0848 0.0481 0.0296 0.0468 0.0795 0.1006 0.1640 0.0152 0.1586 0.1263 0.0742 0.0723 
        D204  1 0.0280 0.0183 0.0980 0.0178 0.0159 0.0962 0.0356 0.0206 0.5943 0.0251 0.0291 0.0209 
     D237366  1 0.0181 0.0456 0.0658 0.3710 0.0380 0.0426 0.0625 0.0184 0.0340 0.1811 0.0727 0.0503 
     D237367  1 0.0403 0.0349 0.0367 0.1548 0.0215 0.1203 0.1419 0.0876 0.1155 0.1061 0.1128 0.0275 
     D237368  1 0.0331 0.0810 0.0386 0.3217 0.0236 0.0521 0.0748 0.0292 0.1862 0.0273 0.0784 0.0539 
     D244101  1 0.0224 0.0148 0.3559 0.0213 0.0915 0.1811 0.0513 0.0211 0.1011 0.0312 0.0682 0.0403 
     D244102  1 0.1068 0.0328 0.0707 0.0620 0.0665 0.0306 0.1876 0.0601 0.0692 0.0545 0.0963 0.1630 
     D244103  1 0.0277 0.0346 0.0235 0.1711 0.0338 0.0489 0.1375 0.0808 0.1120 0.1870 0.0938 0.0493 
     D244104  1 0.0278 0.0807 0.0244 0.0300 0.0286 0.0252 0.0193 0.1062 0.5877 0.0262 0.0245 0.0192 
     D244105  1 0.0670 0.0153 0.0216 0.1171 0.0447 0.0166 0.0600 0.0278 0.0311 0.4068 0.1558 0.0362 
     D244106  1 0.0252 0.4325 0.0230 0.0221 0.0434 0.0620 0.0684 0.0243 0.0683 0.0770 0.0719 0.0819 
     D244107  1 0.1597 0.0162 0.0725 0.3126 0.0296 0.1075 0.0372 0.0487 0.0360 0.0809 0.0681 0.0311 
     D244108  1 0.2951 0.2852 0.0259 0.0294 0.0342 0.0413 0.0530 0.0274 0.0308 0.0382 0.0719 0.0676 
     D244113  1 0.0257 0.2481 0.0487 0.0344 0.0184 0.0244 0.1307 0.1076 0.0155 0.0141 0.0425 0.2899 
     D244114  1 0.0368 0.0639 0.0310 0.0318 0.1205 0.0335 0.0712 0.0282 0.0300 0.3154 0.1646 0.0732 
     D244115  1 0.2321 0.1515 0.0293 0.0441 0.0278 0.0239 0.0388 0.0264 0.1620 0.0495 0.1760 0.0386 
     D267365  1 0.0366 0.1270 0.0338 0.0939 0.1839 0.0277 0.0447 0.0365 0.2494 0.0378 0.0841 0.0445 
        D404  1 0.0535 0.1987 0.0932 0.0186 0.0155 0.0362 0.1893 0.0444 0.0210 0.0386 0.0387 0.2522 
        D405  1 0.0462 0.0266 0.0334 0.0220 0.0309 0.0265 0.1321 0.0392 0.0830 0.0323 0.0378 0.4900 
        D406  1 0.0962 0.0445 0.0375 0.5964 0.0208 0.0213 0.0375 0.0135 0.0474 0.0300 0.0356 0.0194 
        D407  1 0.0150 0.0296 0.0151 0.1152 0.0192 0.2474 0.0289 0.0674 0.3112 0.0708 0.0527 0.0276 
        D408  1 0.0647 0.2806 0.0366 0.0255 0.1723 0.0181 0.0395 0.2029 0.0533 0.0197 0.0480 0.0386 
        D409  1 0.0487 0.0401 0.0296 0.1260 0.0347 0.0244 0.2519 0.0427 0.1125 0.1189 0.0953 0.0751 
        D410  1 0.7235 0.0192 0.0330 0.0266 0.0142 0.0121 0.0368 0.0200 0.0483 0.0243 0.0252 0.0166 
        D421  1 0.0109 0.0269 0.0106 0.0153 0.0134 0.1003 0.0106 0.0182 0.7524 0.0155 0.0169 0.0091 
        D422  1 0.0207 0.0127 0.0158 0.6186 0.0301 0.0234 0.0186 0.0211 0.0584 0.1212 0.0350 0.0246 
        D423  1 0.5725 0.0183 0.0152 0.0468 0.0160 0.1103 0.0255 0.0134 0.0350 0.0989 0.0278 0.0203 
        D424  1 0.0189 0.0326 0.0174 0.0493 0.0192 0.0246 0.0276 0.0285 0.6169 0.0494 0.0882 0.0275 
        D425  1 0.1143 0.0732 0.0273 0.0382 0.0457 0.0289 0.1367 0.0429 0.1122 0.1151 0.1851 0.0803 
        D426  1 0.0157 0.0245 0.0246 0.1570 0.1581 0.0254 0.0974 0.1016 0.0599 0.1639 0.1508 0.0211 
        D427  1 0.0117 0.1227 0.0132 0.0188 0.0245 0.2464 0.0145 0.0266 0.3848 0.0177 0.0191 0.1001 
        D428  1 0.0710 0.1412 0.0667 0.0760 0.0280 0.0693 0.0836 0.0522 0.1861 0.0256 0.1093 0.0910 
        D429  1 0.0218 0.0643 0.0305 0.0290 0.0396 0.0223 0.0720 0.0184 0.4747 0.0790 0.0575 0.0910 
        D430  1 0.0291 0.0790 0.0218 0.0329 0.0958 0.0656 0.2028 0.0552 0.0722 0.1449 0.1443 0.0566 
        D491  1 0.0391 0.5640 0.0260 0.0217 0.0319 0.0138 0.0444 0.0709 0.1023 0.0261 0.0317 0.0279 
        D492  1 0.0355 0.0904 0.0441 0.0927 0.0247 0.1067 0.0714 0.0229 0.2163 0.0538 0.1548 0.0869 
        D537  1 0.0580 0.0282 0.0647 0.0992 0.0163 0.1234 0.0670 0.0755 0.1933 0.1298 0.0808 0.0639 
        D538  1 0.0961 0.0548 0.0394 0.0839 0.0203 0.0600 0.3412 0.0312 0.0440 0.0506 0.1134 0.0650 
        D539  1 0.0484 0.0845 0.0411 0.0388 0.2584 0.0297 0.0723 0.0844 0.0313 0.1425 0.0934 0.0752 
        D540  1 0.0604 0.0303 0.0223 0.0638 0.0589 0.0192 0.0483 0.3261 0.1953 0.0442 0.0887 0.0424 
        D541  1 0.0156 0.0119 0.0150 0.0125 0.0165 0.0273 0.0152 0.0167 0.8296 0.0140 0.0147 0.0110 
        D551  1 0.0225 0.0248 0.0200 0.0689 0.1391 0.0700 0.0354 0.0463 0.0328 0.2889 0.1610 0.0903 
        D552  1 0.1581 0.1630 0.0691 0.0855 0.0409 0.0301 0.0400 0.0778 0.1471 0.0437 0.1193 0.0255 
        D553  1 0.0119 0.0121 0.0146 0.0127 0.0138 0.0122 0.0107 0.0185 0.8580 0.0118 0.0133 0.0106 
        D615  1 0.0812 0.0345 0.0205 0.0283 0.0426 0.0374 0.0767 0.0313 0.4582 0.0542 0.0760 0.0591 
        D616  1 0.1175 0.0530 0.0175 0.0686 0.0539 0.1403 0.0430 0.0356 0.2705 0.0547 0.1092 0.0363 
        D621  1 0.1278 0.0843 0.2915 0.2094 0.0272 0.0256 0.0327 0.0490 0.0135 0.0468 0.0450 0.0471 
        D622  1 0.1256 0.0409 0.0535 0.3971 0.0282 0.0281 0.0407 0.0564 0.0264 0.1091 0.0762 0.0178 
        D623  1 0.0598 0.1998 0.1461 0.0241 0.0341 0.1177 0.1087 0.0240 0.0159 0.0194 0.0657 0.1848 
        D624  1 0.0196 0.6433 0.0094 0.0355 0.0286 0.0158 0.0263 0.0309 0.0394 0.0357 0.0877 0.0281 
        D625  1 0.0603 0.0568 0.0438 0.0467 0.0201 0.0253 0.0644 0.0366 0.5330 0.0421 0.0536 0.0173 
        D626  1 0.0852 0.2731 0.0191 0.0948 0.0414 0.0275 0.0745 0.1289 0.0536 0.0858 0.0761 0.0401 
        D627  1 0.0123 0.0267 0.0201 0.1372 0.1271 0.0240 0.2261 0.0254 0.1110 0.1405 0.1354 0.0143 
        D690  1 0.0366 0.0409 0.0210 0.0347 0.0123 0.0107 0.0197 0.0218 0.7530 0.0191 0.0186 0.0118 
        D691  1 0.0639 0.0319 0.0256 0.5110 0.0235 0.0309 0.0349 0.0227 0.0380 0.1742 0.0320 0.0115 
        D710  1 0.0562 0.1143 0.1103 0.0888 0.0366 0.0450 0.0712 0.0694 0.2467 0.0298 0.0975 0.0342 
        D711  1 0.0247 0.0252 0.0406 0.0284 0.0192 0.0238 0.0507 0.0107 0.6949 0.0280 0.0295 0.0245 
        D712  1 0.0327 0.4015 0.0490 0.0894 0.0819 0.0314 0.0584 0.0577 0.0430 0.0276 0.0641 0.0633 
        D713  1 0.0490 0.0628 0.0785 0.0722 0.0272 0.0564 0.1172 0.0532 0.0492 0.1107 0.1238 0.1997 
        D746  1 0.0432 0.0267 0.0300 0.6276 0.0214 0.0423 0.0218 0.0404 0.0560 0.0334 0.0356 0.0216 
        D747  1 0.0153 0.0136 0.0327 0.0133 0.0162 0.0329 0.0174 0.0110 0.7993 0.0174 0.0169 0.0141 
        D748  1 0.0946 0.0341 0.0546 0.1913 0.0288 0.0320 0.0511 0.0486 0.0620 0.3299 0.0573 0.0158 
        D749  1 0.0716 0.0811 0.0615 0.2096 0.0274 0.0231 0.0527 0.0205 0.0246 0.0869 0.1754 0.1654 
        D750  1 0.0678 0.4904 0.0376 0.0414 0.0195 0.0217 0.0285 0.0250 0.1598 0.0406 0.0402 0.0276 
        D763  1 0.0281 0.0211 0.1294 0.0762 0.1678 0.0894 0.0408 0.1640 0.0465 0.0894 0.1172 0.0302 
        D764  1 0.0777 0.1409 0.0149 0.0511 0.0196 0.0174 0.0212 0.0380 0.5422 0.0207 0.0408 0.0155 
        D765  1 0.5251 0.0867 0.0138 0.0532 0.0256 0.0130 0.0519 0.0260 0.0276 0.0640 0.0756 0.0374 
        D766  1 0.3344 0.0340 0.1180 0.1040 0.0187 0.0501 0.0361 0.1071 0.0275 0.0817 0.0611 0.0273 
        D767  1 0.0613 0.0248 0.1593 0.0908 0.0277 0.0610 0.2746 0.0200 0.0549 0.0731 0.0684 0.0841 
        D768  1 0.0249 0.0140 0.0148 0.0351 0.0207 0.0261 0.0154 0.0165 0.7402 0.0470 0.0296 0.0157 
        D811  1 0.1183 0.0649 0.0167 0.0162 0.0218 0.0160 0.1445 0.3976 0.0165 0.0323 0.0396 0.1156 
        D816  1 0.0220 0.0216 0.0185 0.0191 0.0194 0.0143 0.0239 0.0149 0.7751 0.0237 0.0262 0.0213 
        D825  1 0.2894 0.1229 0.0182 0.0363 0.0270 0.0184 0.1102 0.0627 0.0809 0.0463 0.1282 0.0595 
        D866  1 0.0820 0.1366 0.0162 0.0230 0.2816 0.0607 0.0533 0.0665 0.0640 0.0427 0.0861 0.0874 
        D867  1 0.0215 0.0206 0.1107 0.5758 0.0193 0.0455 0.0238 0.0330 0.0163 0.0294 0.0463 0.0577 
        D871  1 0.0212 0.0364 0.0335 0.1114 0.0364 0.0204 0.3349 0.0421 0.0792 0.1767 0.0880 0.0199 
        D872  1 0.1390 0.0419 0.0384 0.0841 0.0162 0.0492 0.3494 0.0275 0.1008 0.0289 0.0830 0.0415 
        D873  1 0.6474 0.0117 0.0376 0.0339 0.0100 0.0180 0.0438 0.0169 0.0097 0.0151 0.0271 0.1288 
        D874  1 0.0170 0.0581 0.6678 0.0135 0.0309 0.0202 0.0357 0.0254 0.0404 0.0299 0.0333 0.0277 
        D875  1 0.0679 0.0178 0.0256 0.1909 0.0218 0.0194 0.2609 0.0273 0.0246 0.2093 0.1158 0.0188 
        D876  1 0.0481 0.0845 0.0998 0.0878 0.0597 0.0260 0.0761 0.0471 0.3095 0.0280 0.1044 0.0289 
        D877  1 0.0266 0.1050 0.0565 0.0128 0.0204 0.0275 0.2509 0.0579 0.0297 0.0391 0.0688 0.3047 
        D892  1 0.0551 0.1607 0.0377 0.1625 0.0184 0.0239 0.0832 0.0162 0.1097 0.2274 0.0748 0.0304 
        D893  1 0.0462 0.0163 0.0385 0.0551 0.0560 0.0336 0.0305 0.0482 0.4957 0.0657 0.0864 0.0279 
        D894  1 0.0182 0.0277 0.0254 0.0323 0.0253 0.0193 0.0465 0.0158 0.6877 0.0425 0.0372 0.0221 
        D915  1 0.1946 0.0367 0.0251 0.0754 0.0305 0.0498 0.0332 0.0368 0.2213 0.1727 0.0983 0.0257 
        D916  1 0.0143 0.0132 0.0113 0.0112 0.0102 0.0120 0.0121 0.0109 0.8695 0.0119 0.0133 0.0101 
        D917  1 0.0345 0.1647 0.0904 0.0479 0.0940 0.0424 0.0522 0.0345 0.1197 0.0346 0.1249 0.1602 
        D925  1 0.4177 0.0509 0.0170 0.0560 0.0300 0.0179 0.0274 0.0358 0.2532 0.0170 0.0420 0.0351 
        D926  1 0.0410 0.0392 0.0548 0.0460 0.0325 0.0264 0.0591 0.0259 0.4182 0.0702 0.1566 0.0302 
        D927  1 0.0252 0.0456 0.0325 0.0789 0.1016 0.2341 0.0529 0.0322 0.1940 0.0464 0.1098 0.0468 
        D928  1 0.0239 0.7006 0.0209 0.0105 0.0128 0.0189 0.0355 0.0178 0.0829 0.0131 0.0213 0.0417 
        D929  1 0.0273 0.0425 0.2580 0.0619 0.0215 0.0157 0.2913 0.0274 0.0299 0.0623 0.0439 0.1183 
        D936  1 0.0333 0.0287 0.1677 0.0269 0.0779 0.0513 0.0292 0.0245 0.4120 0.0468 0.0641 0.0376 
        D938  1 0.1175 0.0260 0.0647 0.5486 0.0206 0.0162 0.0236 0.0674 0.0179 0.0441 0.0358 0.0177 
        D956  1 0.0479 0.4313 0.0318 0.0212 0.0241 0.0225 0.0733 0.0364 0.0571 0.0665 0.0786 0.1092 
        D957  1 0.4382 0.0414 0.0511 0.0526 0.0278 0.0311 0.1487 0.0160 0.0518 0.0334 0.0529 0.0550 
        D958  1 0.2731 0.0992 0.0884 0.1035 0.0185 0.0612 0.1010 0.0478 0.0732 0.0365 0.0751 0.0223 
        D959  1 0.0183 0.0229 0.0116 0.1440 0.0141 0.2413 0.0241 0.0523 0.2572 0.1277 0.0647 0.0218 
        D960  1 0.0890 0.0328 0.0344 0.4951 0.0194 0.0222 0.0535 0.0131 0.0232 0.0421 0.0619 0.1133 
        D989  1 0.0240 0.4724 0.0274 0.0388 0.0691 0.0462 0.0409 0.0344 0.0377 0.0409 0.0532 0.1151 
        D990  1 0.5528 0.0697 0.0236 0.0286 0.1170 0.0262 0.0428 0.0208 0.0171 0.0342 0.0497 0.0175 
        D023  2 0.0134 0.0116 0.0122 0.8225 0.0132 0.0147 0.0104 0.0170 0.0378 0.0125 0.0195 0.0153 
        D130  2 0.0255 0.0136 0.0203 0.5433 0.0191 0.0467 0.1303 0.0200 0.0486 0.0543 0.0386 0.0398 
        D131  2 0.0766 0.0401 0.0522 0.0338 0.0548 0.0702 0.0946 0.1386 0.1751 0.0595 0.1861 0.0183 
        D163  2 0.0351 0.0509 0.0336 0.5317 0.0306 0.0147 0.0292 0.0231 0.0701 0.1107 0.0493 0.0210 
        D164  2 0.3181 0.0112 0.0171 0.0400 0.0159 0.4127 0.0163 0.0314 0.0124 0.0143 0.0241 0.0866 
        D165  2 0.0209 0.0176 0.0234 0.7470 0.0258 0.0222 0.0141 0.0243 0.0349 0.0164 0.0306 0.0229 
        D166  2 0.0469 0.0160 0.0660 0.0452 0.0380 0.0284 0.3259 0.0656 0.0249 0.0934 0.1327 0.1170 
        D167  2 0.0130 0.0265 0.0110 0.0091 0.0126 0.3967 0.0191 0.0103 0.0110 0.0112 0.0192 0.4603 
        D192  2 0.0101 0.0171 0.0161 0.0142 0.0210 0.4391 0.0156 0.0153 0.0091 0.0107 0.0158 0.4159 
        D193  2 0.0150 0.0293 0.0333 0.0226 0.0261 0.0186 0.2059 0.0167 0.0190 0.0726 0.0465 0.4943 
        D206  2 0.0225 0.0187 0.0258 0.0528 0.0220 0.2150 0.0435 0.3448 0.0364 0.1020 0.0701 0.0464 
        D207  2 0.0228 0.0187 0.0210 0.0257 0.0826 0.3789 0.0888 0.0279 0.0308 0.0544 0.0756 0.1729 
        D208  2 0.0498 0.1262 0.0361 0.0367 0.2017 0.0337 0.0426 0.1909 0.0467 0.0659 0.0856 0.0842 
        D209  2 0.0395 0.0227 0.1182 0.0394 0.0315 0.1942 0.0282 0.0634 0.0246 0.0360 0.0958 0.3066 
        D210  2 0.0271 0.4327 0.0314 0.0291 0.1223 0.0725 0.0372 0.0276 0.0608 0.0704 0.0505 0.0382 
     D229599  2 0.0570 0.0448 0.1508 0.0792 0.1397 0.0312 0.0597 0.0284 0.1437 0.0504 0.1334 0.0818 
     D229600  2 0.0343 0.0162 0.0189 0.3076 0.0272 0.1895 0.0498 0.0212 0.0264 0.0629 0.0596 0.1865 
     D237227  2 0.1741 0.3496 0.0209 0.0610 0.1179 0.0388 0.0300 0.0307 0.0511 0.0229 0.0695 0.0334 
     D237228  2 0.5951 0.0819 0.0148 0.0177 0.0529 0.0391 0.0283 0.0175 0.0127 0.0282 0.0646 0.0472 
     D237258  2 0.0761 0.0572 0.0444 0.1126 0.1005 0.1090 0.0560 0.0809 0.0606 0.0414 0.1184 0.1429 
     D237310  2 0.5353 0.0322 0.0288 0.0203 0.0210 0.0521 0.1598 0.0211 0.0108 0.0447 0.0364 0.0375 
     D237311  2 0.5766 0.0234 0.0156 0.0301 0.0215 0.1059 0.0360 0.0187 0.0107 0.0440 0.0345 0.0831 
     D237312  2 0.3119 0.0389 0.0520 0.0583 0.0188 0.0253 0.1321 0.0442 0.0180 0.1713 0.0623 0.0667 
     D237313  2 0.1061 0.0759 0.0596 0.0437 0.0685 0.0308 0.0699 0.2106 0.0950 0.0638 0.1457 0.0304 
     D237322  2 0.0918 0.0606 0.0875 0.0315 0.1377 0.0333 0.1620 0.0424 0.0251 0.0677 0.2292 0.0312 
     D237323  2 0.5386 0.1070 0.0272 0.0411 0.0462 0.0197 0.1070 0.0168 0.0156 0.0314 0.0253 0.0241 
     D237324  2 0.0330 0.0156 0.0382 0.1729 0.1051 0.1673 0.0287 0.0222 0.0480 0.0312 0.2861 0.0517 
     D237325  2 0.3400 0.0535 0.0497 0.0671 0.0280 0.0593 0.0642 0.0261 0.0185 0.1573 0.0825 0.0537 
     D237326  2 0.6602 0.0375 0.0369 0.0436 0.0216 0.0434 0.0200 0.0144 0.0309 0.0339 0.0289 0.0288 
     D237327  2 0.0269 0.0388 0.0961 0.0884 0.2383 0.0755 0.1110 0.0229 0.0345 0.0925 0.1354 0.0396 
     D237337  2 0.7761 0.0236 0.0142 0.0205 0.0161 0.0131 0.0284 0.0223 0.0127 0.0324 0.0227 0.0178 
     D237338  2 0.1736 0.0974 0.1074 0.1258 0.0681 0.0655 0.0465 0.0304 0.0319 0.1151 0.1024 0.0359 
     D237339  2 0.0242 0.0162 0.4989 0.0210 0.0402 0.1483 0.0388 0.0258 0.0241 0.0349 0.0875 0.0401 
     D237340  2 0.3288 0.0893 0.0323 0.0413 0.0263 0.1144 0.0691 0.0219 0.0124 0.0774 0.0582 0.1286 
     D237389  2 0.4814 0.0175 0.0238 0.0235 0.0159 0.0601 0.0634 0.0242 0.0137 0.0674 0.0289 0.1802 
     D237390  2 0.3599 0.0444 0.0334 0.0416 0.0474 0.0204 0.0755 0.0274 0.0163 0.2277 0.0548 0.0513 
     D244017  2 0.0295 0.1288 0.0170 0.0339 0.0346 0.1652 0.0670 0.0125 0.0208 0.0149 0.0767 0.3991 
     D244112  2 0.0169 0.0150 0.0162 0.0274 0.0175 0.4188 0.0360 0.0137 0.0177 0.0279 0.0282 0.3648 
     D244118  2 0.0265 0.0214 0.0203 0.1289 0.0204 0.3134 0.0148 0.0087 0.0103 0.0173 0.0198 0.3982 
     D244119  2 0.0285 0.5597 0.0106 0.0146 0.0195 0.1891 0.0186 0.0170 0.0211 0.0121 0.0217 0.0875 
     D244120  2 0.0233 0.0272 0.0447 0.0142 0.0631 0.1368 0.0516 0.0137 0.0130 0.0428 0.0368 0.5328 
     D244122  2 0.0256 0.0249 0.0244 0.0388 0.0207 0.2904 0.0350 0.0540 0.0276 0.0374 0.0311 0.3901 
        D291  2 0.0252 0.0147 0.0179 0.0639 0.4901 0.0317 0.0661 0.0640 0.0480 0.0311 0.0949 0.0524 
        D292  2 0.0742 0.0570 0.0383 0.0216 0.1561 0.1148 0.0546 0.0215 0.1603 0.0315 0.0535 0.2166 
        D293  2 0.0129 0.0152 0.0511 0.0138 0.0302 0.7131 0.0207 0.0133 0.0512 0.0376 0.0298 0.0110 
        D322  2 0.0562 0.0174 0.1229 0.0325 0.0297 0.5149 0.0252 0.0237 0.0712 0.0272 0.0563 0.0228 
        D323  2 0.0299 0.0305 0.0609 0.0226 0.0384 0.0935 0.0930 0.4007 0.0249 0.0485 0.0852 0.0719 
        D324  2 0.0960 0.0452 0.0261 0.0660 0.2767 0.0577 0.0404 0.0796 0.0842 0.0815 0.1259 0.0207 
        D325  2 0.0154 0.0114 0.0253 0.0150 0.0448 0.7279 0.0156 0.0151 0.0315 0.0545 0.0282 0.0154 
        D326  2 0.0124 0.0304 0.0148 0.0115 0.0203 0.0182 0.0186 0.0197 0.7964 0.0174 0.0265 0.0139 
        D340  2 0.0182 0.0193 0.0274 0.0142 0.0295 0.7858 0.0139 0.0146 0.0169 0.0209 0.0180 0.0213 
        D341  2 0.0367 0.0329 0.0257 0.0203 0.0270 0.4533 0.0488 0.0586 0.0180 0.2110 0.0389 0.0286 
        D342  2 0.0742 0.0154 0.0175 0.0661 0.0298 0.2734 0.0478 0.0626 0.0231 0.0453 0.0871 0.2578 
        D343  2 0.0079 0.0096 0.0137 0.0127 0.0137 0.8660 0.0109 0.0105 0.0143 0.0171 0.0125 0.0112 
        D344  2 0.0404 0.0161 0.3088 0.0145 0.0290 0.0377 0.1319 0.0311 0.0871 0.0489 0.0768 0.1779 
        D345  2 0.1948 0.0291 0.2375 0.0592 0.0529 0.0322 0.0341 0.0833 0.0824 0.0233 0.1249 0.0464 
        D346  2 0.0278 0.2899 0.0417 0.0223 0.0482 0.0465 0.0290 0.3435 0.0422 0.0410 0.0404 0.0276 
        D351  2 0.0628 0.0236 0.0593 0.0455 0.0900 0.0854 0.1008 0.0385 0.1880 0.1050 0.1788 0.0223 
        D352  2 0.0459 0.0431 0.6010 0.0186 0.0273 0.0504 0.0381 0.0300 0.0177 0.0265 0.0582 0.0433 
        D353  2 0.0166 0.0134 0.0668 0.0171 0.0205 0.0170 0.0408 0.0256 0.1135 0.0273 0.6103 0.0310 
        D354  2 0.0252 0.0286 0.6330 0.0192 0.0136 0.0139 0.0334 0.0318 0.0635 0.0161 0.0405 0.0812 
        D362  2 0.0208 0.0209 0.0220 0.0691 0.0177 0.0258 0.0267 0.0292 0.6762 0.0231 0.0319 0.0365 
        D363  2 0.0277 0.0275 0.0176 0.0210 0.0176 0.0176 0.0207 0.0355 0.7441 0.0137 0.0258 0.0312 
        D364  2 0.0284 0.0259 0.2861 0.0164 0.0201 0.0206 0.0359 0.0372 0.3656 0.0211 0.0551 0.0875 
        D365  2 0.0131 0.0197 0.0190 0.0113 0.0117 0.8498 0.0114 0.0122 0.0136 0.0130 0.0135 0.0117 
        D369  2 0.1163 0.1397 0.0188 0.0425 0.0723 0.1169 0.0324 0.1333 0.1942 0.0377 0.0541 0.0418 
        D374  2 0.0155 0.0744 0.0171 0.0102 0.0185 0.0122 0.2327 0.0231 0.0146 0.0148 0.0237 0.5432 
        D375  2 0.0172 0.0172 0.7205 0.0152 0.0111 0.0130 0.0275 0.0331 0.0224 0.0219 0.0365 0.0644 
        D376  2 0.0211 0.1669 0.0751 0.0175 0.0263 0.0269 0.1332 0.0259 0.0216 0.0273 0.0551 0.4031 
        D377  2 0.0973 0.0304 0.0324 0.0274 0.0369 0.0388 0.0517 0.5153 0.0126 0.0525 0.0522 0.0525 
        D378  2 0.0295 0.0257 0.1571 0.0992 0.0385 0.2328 0.0504 0.0797 0.1035 0.0298 0.1293 0.0245 
        D379  2 0.0265 0.0221 0.0461 0.0209 0.0275 0.0244 0.0414 0.0993 0.5203 0.0675 0.0693 0.0346 
        D384  2 0.0248 0.0416 0.0174 0.0128 0.0205 0.0256 0.0177 0.0257 0.7589 0.0186 0.0234 0.0130 
        D385  2 0.0186 0.0306 0.1388 0.0118 0.0148 0.6261 0.0186 0.0336 0.0186 0.0174 0.0297 0.0413 
        D386  2 0.0246 0.0163 0.3715 0.0690 0.0214 0.1280 0.0637 0.0457 0.0880 0.0328 0.1066 0.0325 
        D391  2 0.0262 0.0160 0.0633 0.0163 0.0200 0.7151 0.0252 0.0279 0.0212 0.0206 0.0288 0.0194 
        D392  2 0.1584 0.0438 0.0235 0.0332 0.0242 0.4476 0.0409 0.0345 0.0660 0.0185 0.0463 0.0631 
        D393  2 0.0447 0.0224 0.2423 0.0355 0.1148 0.1103 0.0302 0.1026 0.1800 0.0471 0.0542 0.0159 
        D394  2 0.1270 0.0297 0.1517 0.1338 0.0435 0.0697 0.0863 0.0243 0.0662 0.0589 0.1079 0.1010 
        D395  2 0.0173 0.0250 0.3168 0.0274 0.0356 0.3755 0.0281 0.0231 0.0109 0.0260 0.0734 0.0410 
        D401  2 0.7491 0.0254 0.0107 0.0120 0.0172 0.0290 0.0181 0.0500 0.0162 0.0179 0.0219 0.0325 
        D402  2 0.0271 0.0202 0.0626 0.0147 0.0499 0.6446 0.0221 0.0468 0.0169 0.0261 0.0256 0.0435 
        D403  2 0.0227 0.0168 0.0785 0.0459 0.0237 0.0274 0.1799 0.0387 0.1861 0.0986 0.2179 0.0639 
        D415  2 0.1202 0.0125 0.0349 0.0519 0.0173 0.0565 0.0525 0.0321 0.3583 0.0620 0.1833 0.0185 
        D435  2 0.0296 0.0138 0.0557 0.0239 0.0523 0.2021 0.0216 0.0170 0.4865 0.0380 0.0410 0.0184 
        D436  2 0.0309 0.0415 0.2892 0.0275 0.0252 0.0526 0.0812 0.0178 0.0437 0.2390 0.0652 0.0860 
        D438  2 0.0121 0.0223 0.0135 0.0155 0.0175 0.7897 0.0124 0.0403 0.0108 0.0175 0.0205 0.0279 
        D439  2 0.0359 0.0133 0.5408 0.0346 0.0264 0.0583 0.0274 0.0503 0.0452 0.0247 0.1093 0.0339 
        D449  2 0.0180 0.0257 0.0216 0.0215 0.0196 0.2821 0.0188 0.0481 0.0532 0.2151 0.0720 0.2043 
        D450  2 0.0450 0.0977 0.1756 0.0516 0.0621 0.0204 0.0782 0.0627 0.1328 0.0666 0.1526 0.0546 
        D456  2 0.0141 0.0206 0.0196 0.0182 0.0201 0.0140 0.0245 0.0237 0.7854 0.0217 0.0262 0.0121 
        D462  2 0.0130 0.0123 0.0904 0.0190 0.0168 0.7139 0.0189 0.0206 0.0269 0.0179 0.0268 0.0235 
        D463  2 0.0199 0.0322 0.0270 0.0134 0.0129 0.0134 0.0213 0.0247 0.7763 0.0155 0.0221 0.0215 
        D464  2 0.0227 0.0412 0.2237 0.0177 0.0195 0.0749 0.0909 0.0360 0.0610 0.0388 0.3150 0.0587 
        D465  2 0.0721 0.0170 0.0204 0.0213 0.0218 0.5532 0.0282 0.0643 0.0845 0.0366 0.0551 0.0254 
        D473  2 0.1289 0.4108 0.0755 0.0680 0.0356 0.0389 0.0480 0.0632 0.0163 0.0411 0.0452 0.0285 
        D474  2 0.0323 0.0411 0.0276 0.0468 0.1116 0.0494 0.0155 0.0327 0.5423 0.0299 0.0365 0.0345 
        D476  2 0.0157 0.0124 0.4632 0.3057 0.0235 0.0685 0.0207 0.0133 0.0181 0.0195 0.0233 0.0160 
        D477  2 0.0843 0.0369 0.3058 0.0211 0.0652 0.0173 0.0345 0.1041 0.2099 0.0325 0.0658 0.0226 
        D478  2 0.0273 0.0812 0.0676 0.2546 0.0417 0.0308 0.0836 0.0333 0.0325 0.0452 0.1470 0.1552 
        D480  2 0.0265 0.0940 0.1711 0.0233 0.0717 0.1434 0.0679 0.1063 0.1244 0.0810 0.0691 0.0213 
        D481  2 0.0451 0.0731 0.1571 0.0874 0.0432 0.0378 0.0487 0.0350 0.3094 0.0222 0.0891 0.0519 
        D482  2 0.0572 0.0845 0.2624 0.0416 0.1769 0.0230 0.0652 0.0643 0.0238 0.0550 0.1063 0.0397 
        D483  2 0.0151 0.0530 0.0123 0.0216 0.0180 0.4171 0.0165 0.0133 0.0131 0.0129 0.0202 0.3868 
        D484  2 0.0151 0.0263 0.7269 0.0147 0.0213 0.0231 0.0287 0.0214 0.0115 0.0187 0.0265 0.0658 
        D510  2 0.0291 0.2399 0.0265 0.0147 0.1086 0.0161 0.1064 0.0247 0.0205 0.0521 0.0537 0.3079 
        D511  2 0.0252 0.0220 0.5614 0.0435 0.0331 0.0799 0.0400 0.0448 0.0516 0.0260 0.0498 0.0227 
        D512  2 0.4706 0.0118 0.0240 0.0209 0.0359 0.1836 0.0651 0.0480 0.0211 0.0369 0.0521 0.0301 
        D513  2 0.0340 0.0598 0.0191 0.0265 0.0477 0.4960 0.0307 0.0965 0.0228 0.0740 0.0667 0.0262 
        D635  2 0.0268 0.0255 0.0204 0.5023 0.0225 0.0313 0.0177 0.0401 0.2005 0.0188 0.0700 0.0241 
        D636  2 0.0440 0.0181 0.0161 0.7345 0.0104 0.0139 0.0165 0.0670 0.0266 0.0143 0.0226 0.0162 
        D637  2 0.0517 0.0473 0.2528 0.0222 0.0437 0.1000 0.0420 0.0930 0.0299 0.1589 0.1027 0.0558 
        D658  2 0.0556 0.0969 0.1711 0.0226 0.0188 0.3521 0.0491 0.0177 0.0234 0.0479 0.0540 0.0908 
        D659  2 0.0181 0.0361 0.0612 0.0632 0.0600 0.0361 0.0332 0.0285 0.4411 0.1466 0.0428 0.0330 
        D677  2 0.0589 0.0153 0.0246 0.0515 0.0587 0.0488 0.0833 0.1127 0.0864 0.3620 0.0571 0.0406 
        D678  2 0.0250 0.0131 0.0164 0.0221 0.0253 0.2718 0.0328 0.0450 0.0159 0.0244 0.0736 0.4346 
        D679  2 0.0324 0.0351 0.0486 0.0335 0.0772 0.0562 0.0357 0.3870 0.1369 0.0429 0.0935 0.0209 
        D719  2 0.0537 0.3557 0.0374 0.0150 0.0647 0.2045 0.0233 0.0272 0.1003 0.0249 0.0548 0.0386 
        D720  2 0.0425 0.0753 0.0173 0.0264 0.0256 0.1203 0.0265 0.0421 0.5253 0.0274 0.0502 0.0210 
        D721  2 0.0162 0.0279 0.0211 0.7276 0.0248 0.0345 0.0161 0.0268 0.0266 0.0223 0.0325 0.0236 
        D722  2 0.0377 0.0582 0.0193 0.0159 0.0253 0.0208 0.1853 0.0375 0.0156 0.0178 0.0379 0.5288 
        D734  2 0.0126 0.1547 0.5824 0.0142 0.0304 0.0528 0.0234 0.0332 0.0152 0.0234 0.0390 0.0187 
        D735  2 0.0763 0.0537 0.0753 0.0356 0.0363 0.0744 0.0665 0.2726 0.1392 0.0388 0.1123 0.0190 
        D736  2 0.0534 0.2198 0.0568 0.0463 0.2257 0.0504 0.0193 0.0373 0.0424 0.0824 0.0767 0.0896 
        D737  2 0.0254 0.0379 0.0688 0.0402 0.0533 0.2709 0.0314 0.0145 0.0120 0.0198 0.0485 0.3773 
        D807  2 0.0743 0.1616 0.0996 0.0346 0.0923 0.0455 0.0559 0.0635 0.1466 0.1109 0.0597 0.0556 
        D808  2 0.1971 0.0251 0.0587 0.0539 0.0412 0.1021 0.1617 0.0268 0.0529 0.0840 0.1690 0.0275 
        D817  2 0.0454 0.0230 0.0405 0.0194 0.0342 0.0187 0.0462 0.5720 0.0810 0.0399 0.0516 0.0279 
        D818  2 0.0196 0.0228 0.0314 0.1209 0.0872 0.2082 0.0805 0.0323 0.0484 0.1802 0.1464 0.0220 
        D819  2 0.1447 0.0259 0.0229 0.0294 0.0278 0.0269 0.0564 0.4617 0.0841 0.0234 0.0713 0.0257 
        D820  2 0.0199 0.0254 0.1013 0.0232 0.0330 0.1907 0.0275 0.0220 0.3377 0.1418 0.0615 0.0161 
        D895  2 0.0527 0.0436 0.0570 0.1046 0.0326 0.0456 0.0393 0.1622 0.1860 0.0988 0.1149 0.0626 
        D896  2 0.8377 0.0184 0.0124 0.0123 0.0115 0.0152 0.0199 0.0139 0.0123 0.0156 0.0143 0.0164 
        D897  2 0.0517 0.0259 0.0455 0.0230 0.0488 0.2908 0.0474 0.0808 0.0271 0.1012 0.1257 0.1321 
        D898  2 0.2269 0.0309 0.0543 0.0298 0.0969 0.0233 0.1243 0.1178 0.0563 0.0528 0.1157 0.0708 
        D918  2 0.1288 0.0644 0.0808 0.0817 0.0470 0.0841 0.0712 0.0557 0.0259 0.2184 0.1188 0.0233 
        D919  2 0.0180 0.0194 0.3045 0.0461 0.0803 0.1004 0.0649 0.0206 0.0958 0.0376 0.1482 0.0642 
        D920  2 0.0422 0.0631 0.0307 0.4968 0.0236 0.0322 0.0688 0.0236 0.0408 0.0608 0.0545 0.0630 
        D923  2 0.0233 0.0209 0.1023 0.0283 0.0333 0.0534 0.0441 0.0450 0.4745 0.0382 0.1023 0.0344 
        D930  2 0.0655 0.0854 0.1082 0.0264 0.0509 0.0696 0.0736 0.1421 0.1449 0.0585 0.1383 0.0365 
        D931  2 0.0420 0.0316 0.2212 0.0351 0.0417 0.1196 0.0425 0.0598 0.2391 0.0402 0.0700 0.0573 
        D968  2 0.0207 0.0145 0.0264 0.0142 0.0566 0.7229 0.0221 0.0243 0.0162 0.0164 0.0234 0.0423 
        D969  2 0.0457 0.0447 0.0434 0.0297 0.1420 0.1458 0.0463 0.0342 0.2097 0.0506 0.0960 0.1119 
        D977  2 0.0163 0.0224 0.0334 0.0267 0.0392 0.5704 0.0328 0.0340 0.0238 0.0817 0.0642 0.0549 
        D978  2 0.0162 0.0270 0.0236 0.0171 0.1691 0.0476 0.2680 0.1379 0.0237 0.1247 0.0963 0.0489 
        D211  3 0.0161 0.0208 0.0241 0.2785 0.0323 0.0163 0.1165 0.0857 0.0784 0.2559 0.0604 0.0151 
     D229639  3 0.0306 0.0753 0.0215 0.0263 0.4687 0.0285 0.0539 0.0354 0.0591 0.0456 0.0505 0.1045 
     D237212  3 0.0439 0.0238 0.2407 0.0367 0.1773 0.0472 0.0463 0.0858 0.0664 0.1452 0.0515 0.0351 
     D237213  3 0.1282 0.0161 0.0621 0.0475 0.0283 0.0317 0.0499 0.3846 0.0217 0.1322 0.0695 0.0282 
     D237214  3 0.0163 0.0187 0.0120 0.8241 0.0114 0.0132 0.0182 0.0106 0.0156 0.0259 0.0221 0.0120 
     D237215  3 0.0319 0.0634 0.0149 0.0175 0.0797 0.2070 0.0652 0.0360 0.0145 0.0155 0.0356 0.4188 
     D237216  3 0.0288 0.0189 0.0332 0.0470 0.0365 0.0179 0.0874 0.0784 0.0380 0.0657 0.5205 0.0277 
     D237217  3 0.0636 0.0165 0.0215 0.1042 0.0585 0.0291 0.0384 0.0345 0.0622 0.2982 0.2459 0.0273 
     D237218  3 0.0177 0.0506 0.1530 0.0238 0.2033 0.0734 0.0921 0.0333 0.0427 0.2077 0.0876 0.0148 
     D237219  3 0.1303 0.0902 0.0157 0.0467 0.1018 0.0197 0.0309 0.2728 0.0214 0.1598 0.0792 0.0316 
     D237382  3 0.0886 0.0606 0.0308 0.0312 0.0313 0.0564 0.3845 0.0356 0.0467 0.1117 0.0849 0.0378 
     D244127  3 0.4493 0.0161 0.0352 0.0416 0.0744 0.0463 0.0343 0.0634 0.0177 0.0665 0.0861 0.0693 
     D244129  3 0.1629 0.0398 0.0725 0.0900 0.0681 0.0948 0.0764 0.0781 0.0789 0.1031 0.1083 0.0271 
     D244133  3 0.0340 0.0516 0.0119 0.0337 0.0262 0.0424 0.0330 0.5969 0.0338 0.0330 0.0474 0.0561 
     D244134  3 0.0740 0.1854 0.0213 0.0320 0.3716 0.0275 0.0258 0.1367 0.0235 0.0388 0.0383 0.0250 
     D244135  3 0.0212 0.0174 0.0223 0.5917 0.0232 0.0535 0.0358 0.0533 0.0431 0.0666 0.0447 0.0273 
     D244136  3 0.0324 0.1281 0.0218 0.0477 0.0569 0.0575 0.0418 0.2878 0.1127 0.0535 0.0891 0.0707 
        D416  3 0.0575 0.0281 0.0401 0.0516 0.0474 0.0788 0.0438 0.2601 0.0963 0.1214 0.0930 0.0820 
        D417  3 0.0300 0.0220 0.0219 0.0207 0.0206 0.0160 0.0639 0.0231 0.5173 0.1985 0.0410 0.0249 
        D419  3 0.0883 0.0489 0.0313 0.0407 0.1655 0.0409 0.0328 0.1388 0.0767 0.1735 0.0867 0.0758 
        D565  3 0.0210 0.6907 0.0148 0.0233 0.0435 0.0147 0.0186 0.0548 0.0469 0.0192 0.0225 0.0299 
        D566  3 0.0421 0.1924 0.0205 0.0364 0.3068 0.0403 0.0336 0.0908 0.0772 0.0282 0.0564 0.0753 
        D567  3 0.0669 0.0190 0.0590 0.0582 0.0226 0.0346 0.0286 0.0580 0.5008 0.0431 0.0572 0.0519 
        D568  3 0.0623 0.0175 0.1022 0.0937 0.0618 0.0809 0.0948 0.0405 0.0778 0.2020 0.1001 0.0663 
        D569  3 0.0182 0.0367 0.4521 0.0479 0.0370 0.0487 0.0551 0.0349 0.0171 0.0498 0.0908 0.1118 
        D573  3 0.0276 0.0238 0.0323 0.0160 0.2673 0.3088 0.0355 0.0235 0.1526 0.0290 0.0565 0.0270 
        D574  3 0.0588 0.2186 0.0313 0.0487 0.0690 0.0292 0.0869 0.1267 0.0355 0.0444 0.1269 0.1240 
        D575  3 0.0405 0.0350 0.0123 0.0281 0.0252 0.0229 0.0169 0.7337 0.0235 0.0229 0.0282 0.0110 
        D576  3 0.0140 0.0223 0.0188 0.0355 0.0561 0.2230 0.0379 0.1030 0.0090 0.0162 0.0452 0.4191 
        D577  3 0.0160 0.0277 0.0406 0.0785 0.0393 0.0332 0.0750 0.1263 0.3960 0.0455 0.0781 0.0438 
        D578  3 0.0221 0.0159 0.0129 0.7901 0.0164 0.0242 0.0235 0.0171 0.0121 0.0254 0.0252 0.0151 
        D579  3 0.0429 0.1077 0.1152 0.0387 0.1358 0.0750 0.0311 0.0935 0.1604 0.0982 0.0711 0.0304 
        D660  3 0.0553 0.0173 0.0464 0.0387 0.0310 0.2697 0.0426 0.1396 0.0143 0.0546 0.0988 0.1917 
        D661  3 0.0266 0.0223 0.0750 0.0594 0.2528 0.0962 0.0673 0.0338 0.0266 0.1660 0.1110 0.0630 
        D663  3 0.0228 0.0158 0.0250 0.0316 0.4849 0.0475 0.0599 0.0433 0.0540 0.0244 0.1083 0.0825 
        D664  3 0.1108 0.0392 0.0193 0.0785 0.0376 0.0553 0.0332 0.2854 0.0127 0.1138 0.0944 0.1197 
        D665  3 0.0600 0.0119 0.0788 0.0716 0.0288 0.0297 0.2069 0.2244 0.0145 0.0905 0.1461 0.0368 
        D666  3 0.1487 0.0641 0.0305 0.0427 0.0399 0.0217 0.0268 0.4715 0.0361 0.0478 0.0507 0.0194 
        D009  4 0.0563 0.0296 0.1356 0.0856 0.0326 0.0227 0.1425 0.0255 0.1385 0.1552 0.1263 0.0496 
        D057  4 0.0149 0.0272 0.3097 0.2258 0.0617 0.1538 0.0472 0.0095 0.0327 0.0441 0.0400 0.0334 
        D109  4 0.4452 0.0451 0.0336 0.0637 0.0249 0.0170 0.0534 0.1002 0.0411 0.0488 0.0981 0.0289 
     D237222  4 0.0273 0.1010 0.0259 0.4396 0.0253 0.0239 0.1292 0.0140 0.0307 0.0458 0.0455 0.0918 
     D237223  4 0.0694 0.0870 0.0344 0.0447 0.0457 0.0589 0.0436 0.0217 0.0171 0.4734 0.0662 0.0378 
     D237224  4 0.0377 0.0276 0.1942 0.0385 0.1369 0.0943 0.0581 0.0626 0.1124 0.0368 0.0775 0.1233 
     D237225  4 0.0330 0.0494 0.0769 0.0689 0.0553 0.0383 0.1226 0.0431 0.0515 0.2219 0.2097 0.0294 
     D237299  4 0.0432 0.0398 0.0208 0.0334 0.0511 0.0218 0.3295 0.0212 0.0166 0.3453 0.0605 0.0170 
     D237300  4 0.0190 0.0281 0.0262 0.0226 0.5813 0.0262 0.0276 0.1177 0.0138 0.0369 0.0497 0.0509 
     D237306  4 0.0748 0.2410 0.0305 0.0236 0.0295 0.0225 0.0867 0.0211 0.0535 0.2480 0.0463 0.1227 
     D237307  4 0.0269 0.1235 0.0162 0.0380 0.0513 0.0571 0.0924 0.1402 0.2488 0.0717 0.0791 0.0550 
     D237308  4 0.0672 0.0777 0.1504 0.0426 0.0428 0.2904 0.0410 0.0392 0.0238 0.0393 0.0556 0.1300 
     D237309  4 0.0454 0.0187 0.1017 0.1175 0.0633 0.0337 0.0950 0.0353 0.1523 0.0879 0.1747 0.0745 
     D237317  4 0.0359 0.2158 0.0298 0.0730 0.0723 0.0235 0.0650 0.0408 0.1220 0.0284 0.2178 0.0758 
     D237318  4 0.0195 0.0223 0.0155 0.0153 0.6688 0.0555 0.0421 0.0396 0.0313 0.0215 0.0379 0.0308 
     D237319  4 0.0864 0.0380 0.0234 0.0607 0.0392 0.0464 0.2617 0.0467 0.0361 0.1850 0.1163 0.0603 
     D237320  4 0.0745 0.0192 0.0177 0.0390 0.0604 0.0372 0.0282 0.0218 0.0301 0.5973 0.0397 0.0349 
     D237321  4 0.0399 0.0413 0.0249 0.0385 0.4661 0.0532 0.0319 0.0448 0.0669 0.0277 0.0575 0.1073 
     D237397  4 0.0404 0.0737 0.0184 0.0421 0.0862 0.0704 0.0762 0.0408 0.0329 0.3706 0.0676 0.0807 
     D237398  4 0.0218 0.0162 0.0546 0.0238 0.5010 0.0400 0.0601 0.0380 0.0469 0.1177 0.0637 0.0162 
     D237399  4 0.0492 0.1642 0.0444 0.0773 0.1882 0.0376 0.0950 0.0225 0.0532 0.1612 0.0742 0.0331 
     D244001  4 0.0258 0.0200 0.0422 0.2683 0.0315 0.0588 0.1021 0.0185 0.0240 0.0827 0.0570 0.2690 
        D289  4 0.0285 0.1930 0.2415 0.0595 0.0742 0.0496 0.0381 0.0303 0.0501 0.1112 0.0659 0.0581 
        D290  4 0.0162 0.0213 0.0210 0.0200 0.0370 0.0265 0.6138 0.0150 0.0427 0.1105 0.0509 0.0252 
        D294  4 0.0208 0.0382 0.2195 0.0462 0.0721 0.0282 0.1624 0.0303 0.0919 0.0986 0.1486 0.0430 
        D295  4 0.1314 0.0478 0.0616 0.0260 0.0359 0.0288 0.1131 0.0949 0.1132 0.2428 0.0699 0.0346 
        D301  4 0.0366 0.0455 0.0219 0.3809 0.0776 0.0265 0.0919 0.0405 0.0143 0.0635 0.0602 0.1405 
        D302  4 0.0142 0.0130 0.6737 0.0341 0.0175 0.0174 0.0543 0.0290 0.0456 0.0317 0.0439 0.0255 
        D303  4 0.0930 0.4428 0.0698 0.0252 0.0230 0.0459 0.0457 0.0474 0.0397 0.0454 0.0461 0.0760 
        D304  4 0.0190 0.0607 0.0242 0.0333 0.1184 0.0272 0.3913 0.0347 0.0780 0.0840 0.0777 0.0515 
        D305  4 0.0289 0.0110 0.3259 0.0256 0.0246 0.0479 0.0596 0.0284 0.0143 0.0374 0.3095 0.0868 
        D306  4 0.0222 0.0258 0.0221 0.0234 0.0223 0.0193 0.5506 0.0171 0.0368 0.0775 0.1422 0.0407 
        D307  4 0.0299 0.0691 0.0371 0.6030 0.0627 0.0221 0.0322 0.0344 0.0177 0.0273 0.0310 0.0335 
        D327  4 0.0196 0.0503 0.0335 0.0292 0.0468 0.0775 0.0499 0.0666 0.4485 0.0727 0.0681 0.0373 
        D328  4 0.0596 0.0806 0.2790 0.0160 0.0254 0.0241 0.1009 0.0621 0.0178 0.0778 0.0496 0.2070 
        D329  4 0.0522 0.0441 0.2300 0.0508 0.0880 0.0514 0.1306 0.0197 0.0469 0.0627 0.0978 0.1259 
        D330  4 0.1489 0.0163 0.0781 0.0550 0.0186 0.0627 0.0535 0.0382 0.1152 0.2474 0.1071 0.0589 
        D331  4 0.0560 0.0528 0.0200 0.0284 0.1525 0.0377 0.3230 0.0497 0.1137 0.0483 0.0694 0.0485 
        D333  4 0.0590 0.0607 0.1338 0.0464 0.0568 0.0612 0.1421 0.0353 0.0614 0.1342 0.0964 0.1127 
        D334  4 0.0248 0.4097 0.0579 0.0710 0.0366 0.0240 0.0921 0.0625 0.0715 0.0596 0.0669 0.0235 
        D335  4 0.0341 0.0277 0.3355 0.0328 0.0263 0.1346 0.1188 0.0338 0.0571 0.0304 0.0722 0.0967 
        D370  4 0.0963 0.0368 0.0385 0.0312 0.0261 0.0295 0.1843 0.0574 0.0306 0.0171 0.0439 0.4083 
        D371  4 0.0202 0.4639 0.0239 0.0163 0.0217 0.0344 0.0345 0.0681 0.1573 0.0217 0.0434 0.0946 
        D372  4 0.0265 0.0236 0.0156 0.0131 0.4569 0.0264 0.1395 0.0285 0.0144 0.0297 0.1063 0.1195 
        D373  4 0.0183 0.0216 0.0465 0.5528 0.0882 0.0436 0.0221 0.0612 0.0361 0.0217 0.0454 0.0425 
        D455  4 0.0191 0.0248 0.0750 0.6214 0.0430 0.0229 0.0702 0.0158 0.0292 0.0258 0.0277 0.0251 
        D490  4 0.0258 0.0227 0.0341 0.6494 0.0160 0.0098 0.0542 0.0257 0.0250 0.0854 0.0295 0.0222 
        D497  4 0.0405 0.0205 0.1009 0.5298 0.0265 0.0146 0.0436 0.0437 0.0148 0.0742 0.0604 0.0306 
        D498  4 0.1009 0.0714 0.0195 0.0228 0.0921 0.0356 0.3659 0.0469 0.0433 0.0531 0.0720 0.0763 
        D499  4 0.0708 0.0967 0.1241 0.0170 0.0506 0.0967 0.0665 0.2035 0.0254 0.0693 0.1067 0.0727 
        D514  4 0.0498 0.0150 0.1080 0.0395 0.0515 0.0296 0.1369 0.0770 0.2281 0.0507 0.1252 0.0887 
        D515  4 0.0316 0.0229 0.0276 0.0268 0.0181 0.0263 0.0438 0.0240 0.0254 0.6502 0.0533 0.0501 
        D516  4 0.1369 0.0357 0.0175 0.0435 0.0486 0.0589 0.0615 0.2164 0.0595 0.1945 0.0821 0.0450 
        D517  4 0.0410 0.0203 0.0322 0.4698 0.0931 0.0254 0.0277 0.0148 0.0505 0.0772 0.0868 0.0611 
        D518  4 0.0163 0.0577 0.3577 0.1723 0.0174 0.0698 0.0695 0.0168 0.0265 0.0423 0.0593 0.0944 
        D519  4 0.0238 0.0173 0.0167 0.0264 0.0315 0.0244 0.0190 0.0155 0.0220 0.7621 0.0253 0.0159 
        D560  4 0.0175 0.0120 0.0282 0.0234 0.0421 0.0320 0.0722 0.0196 0.0601 0.5982 0.0674 0.0273 
        D561  4 0.0388 0.0130 0.0626 0.2295 0.0202 0.0889 0.1885 0.0213 0.0581 0.0800 0.1790 0.0202 
        D562  4 0.0383 0.0380 0.1001 0.1750 0.0792 0.0476 0.1200 0.0351 0.0339 0.0737 0.1329 0.1261 
        D563  4 0.0391 0.0187 0.1459 0.0610 0.0463 0.2812 0.0564 0.0949 0.0211 0.0505 0.1157 0.0691 
        D572  4 0.0185 0.0230 0.5404 0.0715 0.0178 0.0359 0.0727 0.0195 0.0466 0.0479 0.0472 0.0588 
        D629  4 0.0232 0.0166 0.0528 0.1632 0.0514 0.0239 0.0303 0.3634 0.1550 0.0620 0.0376 0.0206 
        D630  4 0.0299 0.0380 0.0635 0.1269 0.0624 0.0313 0.0993 0.0215 0.0441 0.3259 0.0906 0.0667 
        D631  4 0.0205 0.0212 0.6104 0.0374 0.0320 0.0667 0.0351 0.0201 0.0211 0.0496 0.0571 0.0289 
        D632  4 0.0461 0.0151 0.2184 0.2771 0.0170 0.1084 0.0330 0.0590 0.0552 0.0233 0.0500 0.0974 
        D646  4 0.0942 0.0192 0.0333 0.0307 0.0303 0.0513 0.0368 0.0190 0.0378 0.5580 0.0475 0.0419 
        D647  4 0.0672 0.0130 0.0545 0.0801 0.0449 0.0648 0.1011 0.0189 0.2386 0.1754 0.0840 0.0576 
        D648  4 0.0211 0.0515 0.2195 0.0211 0.0156 0.0225 0.1561 0.0675 0.0191 0.0303 0.0335 0.3421 
        D649  4 0.2251 0.0212 0.2217 0.0520 0.0298 0.0247 0.0339 0.0656 0.2013 0.0396 0.0679 0.0173 
        D650  4 0.0580 0.0831 0.0754 0.0949 0.0719 0.0647 0.0938 0.0856 0.1061 0.1674 0.0711 0.0281 
        D708  4 0.0361 0.1217 0.2228 0.0396 0.0668 0.0250 0.0643 0.1522 0.0322 0.0724 0.1026 0.0645 
        D709  4 0.2338 0.0241 0.0486 0.0189 0.0249 0.0269 0.3219 0.0668 0.0217 0.0395 0.1085 0.0643 
        D738  4 0.1066 0.3556 0.0222 0.0542 0.0394 0.0292 0.0548 0.0236 0.0493 0.1862 0.0474 0.0317 
        D739  4 0.0454 0.0279 0.0617 0.1857 0.0369 0.0231 0.1898 0.0447 0.0243 0.1737 0.0850 0.1017 
        D740  4 0.1180 0.1730 0.0823 0.0439 0.0842 0.0365 0.1139 0.0403 0.0237 0.0893 0.1597 0.0352 
        D741  4 0.0303 0.0120 0.0220 0.0197 0.0203 0.1435 0.0260 0.0196 0.0303 0.6056 0.0521 0.0185 
        D742  4 0.0416 0.0862 0.0836 0.0642 0.1142 0.1741 0.0435 0.0337 0.0319 0.1752 0.1088 0.0430 
        D743  4 0.0169 0.0182 0.3943 0.0372 0.0370 0.0701 0.0411 0.0356 0.2516 0.0382 0.0395 0.0201 
        D744  4 0.0154 0.0142 0.7535 0.0200 0.0194 0.0400 0.0170 0.0202 0.0170 0.0306 0.0360 0.0167 
        D745  4 0.0303 0.0168 0.0195 0.0408 0.0194 0.0153 0.0219 0.0272 0.0181 0.7521 0.0242 0.0144 
        D814  4 0.0091 0.0213 0.0414 0.0474 0.0459 0.0691 0.0502 0.0245 0.0211 0.3298 0.1096 0.2305 
        D815  4 0.0642 0.0206 0.3074 0.0263 0.0443 0.0302 0.2030 0.0436 0.0685 0.0363 0.0653 0.0904 
        D828  4 0.0235 0.0528 0.0485 0.0231 0.0509 0.0301 0.2007 0.0423 0.0112 0.0439 0.0752 0.3978 
        D845  4 0.0167 0.0380 0.0239 0.0125 0.7593 0.0376 0.0148 0.0240 0.0165 0.0230 0.0189 0.0147 
        D846  4 0.0209 0.0106 0.2580 0.1181 0.0488 0.1308 0.0772 0.0529 0.0616 0.0465 0.1090 0.0654 
        D847  4 0.0333 0.0707 0.0398 0.1556 0.0735 0.0382 0.2042 0.0252 0.0904 0.1693 0.0794 0.0204 
        D848  4 0.0179 0.0170 0.0278 0.5690 0.1649 0.0508 0.0334 0.0166 0.0178 0.0132 0.0349 0.0367 
        D849  4 0.0529 0.0207 0.0459 0.1204 0.0218 0.0344 0.1341 0.0782 0.0233 0.3255 0.0990 0.0437 
        D850  4 0.0400 0.0481 0.0322 0.2253 0.1567 0.1142 0.0291 0.0478 0.0521 0.1213 0.1109 0.0224 
        D856  4 0.1553 0.0411 0.0408 0.0455 0.0326 0.0298 0.2687 0.0430 0.0377 0.0486 0.2295 0.0275 
        D857  4 0.5114 0.0254 0.0203 0.0323 0.0154 0.0451 0.0684 0.0129 0.0091 0.0308 0.0366 0.1923 
        D859  4 0.0266 0.0200 0.4221 0.0241 0.0893 0.0266 0.0626 0.0212 0.0535 0.1221 0.0573 0.0746 
        D860  4 0.0271 0.3986 0.0825 0.0288 0.1163 0.0768 0.0355 0.0178 0.0644 0.0213 0.0751 0.0558 
        D883  4 0.0907 0.0398 0.0568 0.0991 0.0607 0.0302 0.0852 0.0840 0.1949 0.0956 0.0714 0.0916 
        D884  4 0.0699 0.0340 0.0351 0.0194 0.0199 0.0201 0.0685 0.0439 0.0201 0.5982 0.0365 0.0343 
        D885  4 0.0256 0.0242 0.0665 0.0410 0.1396 0.1776 0.0501 0.0732 0.0596 0.2175 0.1115 0.0134 
        D886  4 0.0920 0.0177 0.0394 0.1011 0.0378 0.0393 0.3111 0.0241 0.1426 0.0668 0.0605 0.0676 
        D887  4 0.0539 0.0367 0.0934 0.0433 0.1806 0.0488 0.0537 0.0275 0.1353 0.1152 0.0990 0.1126 
        D889  4 0.0153 0.0155 0.0461 0.0137 0.5321 0.0124 0.1804 0.0185 0.0267 0.0643 0.0459 0.0291 
        D890  4 0.0669 0.0510 0.0706 0.0552 0.0320 0.0406 0.0684 0.3929 0.0316 0.0208 0.0772 0.0929 
        D891  4 0.0104 0.0114 0.0118 0.0114 0.8588 0.0133 0.0115 0.0230 0.0128 0.0117 0.0136 0.0102 
        D899  4 0.0268 0.0748 0.0635 0.0307 0.1734 0.2646 0.0549 0.0482 0.0271 0.0402 0.0744 0.1214 
        D900  4 0.0410 0.0505 0.0900 0.0757 0.0523 0.0695 0.2219 0.0540 0.0908 0.0889 0.1101 0.0553 
        D970  4 0.0354 0.0413 0.2740 0.0583 0.1009 0.0444 0.0718 0.0491 0.1315 0.0426 0.1020 0.0485 
        D971  4 0.0788 0.0521 0.1043 0.0310 0.0211 0.4176 0.0653 0.0386 0.0442 0.0198 0.0662 0.0611 
        D979  4 0.0193 0.0316 0.1962 0.0353 0.0348 0.1360 0.1197 0.0714 0.1186 0.0558 0.1018 0.0794 
        D093  5 0.0257 0.6258 0.0192 0.0180 0.0443 0.0249 0.0439 0.0221 0.0378 0.0528 0.0549 0.0306 
        D154  5 0.0275 0.0341 0.0339 0.0160 0.0945 0.1004 0.0524 0.3036 0.0218 0.1639 0.1059 0.0461 
        D168  5 0.0565 0.0141 0.0228 0.0559 0.0927 0.1399 0.0532 0.2816 0.0379 0.1028 0.0946 0.0482 
