        D174  1 0.0795 0.0764 0.1139 0.3466 0.0677 0.0452 0.0373 0.1173 0.0157 0.0752 0.0252 
        D199  1 0.0846 0.0248 0.0278 0.1140 0.0988 0.1537 0.1660 0.0270 0.0271 0.1257 0.1505 
        D203  1 0.0866 0.0983 0.0179 0.0553 0.0530 0.2023 0.1311 0.1161 0.0376 0.1001 0.1015 
        D204  1 0.0388 0.0388 0.0299 0.0180 0.0166 0.6634 0.0249 0.0292 0.0903 0.0333 0.0168 
     D237366  1 0.0615 0.0176 0.0232 0.0402 0.3456 0.0384 0.0310 0.2432 0.0698 0.0857 0.0438 
     D237367  1 0.0734 0.0557 0.1713 0.0412 0.1533 0.1895 0.0644 0.0952 0.0368 0.0926 0.0267 
     D237368  1 0.0455 0.0352 0.0271 0.0996 0.3212 0.2109 0.0771 0.0329 0.0358 0.0942 0.0204 
     D244101  1 0.0368 0.0247 0.0361 0.0169 0.0162 0.1436 0.0511 0.0294 0.4431 0.0785 0.1235 
     D244102  1 0.3156 0.1627 0.0573 0.0279 0.0741 0.0578 0.0453 0.0506 0.0660 0.0760 0.0667 
     D244103  1 0.1163 0.0334 0.1550 0.0309 0.1057 0.1280 0.0303 0.1830 0.0320 0.1358 0.0495 
     D244104  1 0.0132 0.0168 0.1268 0.0548 0.0273 0.6257 0.0338 0.0221 0.0220 0.0319 0.0257 
     D244105  1 0.0313 0.0840 0.0284 0.0149 0.1035 0.0342 0.0211 0.5011 0.0183 0.1348 0.0285 
     D244106  1 0.0698 0.0274 0.0223 0.5037 0.0157 0.0726 0.0707 0.1189 0.0185 0.0421 0.0383 
     D244107  1 0.0228 0.1368 0.0557 0.0160 0.3758 0.0611 0.0692 0.0280 0.0607 0.1458 0.0282 
     D244108  1 0.0945 0.3284 0.0333 0.2922 0.0181 0.0427 0.0265 0.0451 0.0253 0.0609 0.0330 
     D244113  1 0.3166 0.0300 0.0849 0.2974 0.0290 0.0209 0.0428 0.0160 0.0787 0.0652 0.0187 
     D244114  1 0.0502 0.0461 0.0277 0.0589 0.0258 0.0410 0.0289 0.3701 0.0280 0.1928 0.1305 
     D244115  1 0.0579 0.2575 0.0365 0.1820 0.0498 0.1344 0.0223 0.0577 0.0248 0.1446 0.0326 
     D267365  1 0.0504 0.0385 0.0401 0.1449 0.0894 0.2600 0.0265 0.0351 0.0358 0.0815 0.1978 
        D404  1 0.4374 0.0518 0.0370 0.1928 0.0165 0.0256 0.0426 0.0309 0.1027 0.0382 0.0244 
        D405  1 0.5295 0.0611 0.0406 0.0367 0.0276 0.0746 0.0509 0.0370 0.0425 0.0573 0.0423 
        D406  1 0.0285 0.1496 0.0157 0.0578 0.4303 0.0499 0.0173 0.1506 0.0440 0.0353 0.0209 
        D407  1 0.0367 0.0153 0.2122 0.0206 0.0780 0.4527 0.0666 0.0332 0.0173 0.0526 0.0147 
        D408  1 0.0632 0.0654 0.2628 0.2948 0.0216 0.0633 0.0140 0.0169 0.0323 0.0528 0.1129 
        D409  1 0.1329 0.0604 0.1260 0.0435 0.0461 0.1031 0.0416 0.1036 0.0395 0.1475 0.1558 
        D410  1 0.0220 0.7837 0.0243 0.0185 0.0160 0.0474 0.0105 0.0209 0.0219 0.0202 0.0144 
        D421  1 0.0108 0.0086 0.0178 0.0133 0.0108 0.8604 0.0267 0.0127 0.0091 0.0156 0.0141 
        D422  1 0.0164 0.0170 0.0305 0.0136 0.6429 0.0707 0.0196 0.1012 0.0166 0.0434 0.0282 
        D423  1 0.0279 0.6366 0.0206 0.0163 0.0459 0.0672 0.0589 0.0551 0.0158 0.0433 0.0124 
        D424  1 0.0344 0.0250 0.0440 0.0277 0.0469 0.5783 0.0141 0.0671 0.0200 0.1285 0.0140 
        D425  1 0.1119 0.0888 0.0566 0.0888 0.0326 0.2768 0.0232 0.0778 0.0254 0.1629 0.0552 
        D426  1 0.0652 0.0137 0.2343 0.0196 0.0559 0.0819 0.0253 0.0887 0.0180 0.2057 0.1916 
        D427  1 0.0096 0.0169 0.0321 0.1745 0.0206 0.3374 0.3445 0.0149 0.0145 0.0173 0.0175 
        D428  1 0.1324 0.0974 0.0988 0.1193 0.0642 0.2008 0.0407 0.0223 0.0812 0.1137 0.0292 
        D429  1 0.0732 0.0327 0.0258 0.1019 0.0311 0.4120 0.0259 0.1367 0.0266 0.0849 0.0491 
        D430  1 0.1601 0.0441 0.0622 0.1146 0.0323 0.0939 0.0519 0.1669 0.0219 0.1597 0.0924 
        D491  1 0.0414 0.0293 0.0822 0.6055 0.0208 0.0851 0.0118 0.0189 0.0359 0.0366 0.0326 
        D492  1 0.1486 0.0609 0.0326 0.1018 0.0812 0.2081 0.0617 0.0615 0.0512 0.1705 0.0220 
        D537  1 0.0777 0.0607 0.1255 0.0272 0.0479 0.3658 0.0359 0.0809 0.0689 0.0957 0.0140 
        D538  1 0.2590 0.1171 0.0271 0.0858 0.1171 0.0501 0.0923 0.0641 0.0333 0.1244 0.0298 
        D539  1 0.0702 0.0501 0.0644 0.1087 0.0410 0.0325 0.0380 0.2145 0.0495 0.0970 0.2340 
        D540  1 0.0549 0.0487 0.3702 0.0237 0.0699 0.1946 0.0246 0.0356 0.0213 0.1088 0.0477 
        D541  1 0.0117 0.0169 0.0124 0.0117 0.0166 0.8581 0.0156 0.0122 0.0141 0.0154 0.0153 
        D551  1 0.0293 0.0174 0.0782 0.0256 0.0422 0.0649 0.1005 0.2040 0.0231 0.2988 0.1160 
        D552  1 0.0247 0.1647 0.0896 0.1892 0.0656 0.1717 0.0289 0.0543 0.0636 0.1079 0.0397 
        D553  1 0.0096 0.0143 0.0359 0.0183 0.0185 0.8273 0.0116 0.0126 0.0141 0.0204 0.0174 
        D615  1 0.0830 0.0905 0.0404 0.0573 0.0317 0.4093 0.0567 0.0681 0.0196 0.0992 0.0442 
        D616  1 0.0287 0.1161 0.0504 0.0565 0.0838 0.3217 0.0953 0.0527 0.0184 0.1265 0.0500 
        D621  1 0.0581 0.1434 0.0578 0.0837 0.1381 0.0170 0.0186 0.0726 0.3296 0.0540 0.0273 
        D622  1 0.0232 0.1939 0.0562 0.0422 0.2515 0.0351 0.0255 0.1868 0.0510 0.1000 0.0347 
        D623  1 0.1792 0.0986 0.0261 0.1655 0.0212 0.0196 0.1607 0.0170 0.1846 0.0815 0.0460 
        D624  1 0.0254 0.0179 0.0238 0.7021 0.0267 0.0431 0.0171 0.0304 0.0115 0.0752 0.0270 
        D625  1 0.0299 0.1023 0.0385 0.0588 0.0565 0.5162 0.0153 0.0497 0.0546 0.0565 0.0217 
        D626  1 0.0430 0.1075 0.1733 0.2362 0.1196 0.0512 0.0308 0.0905 0.0217 0.0747 0.0515 
        D627  1 0.0701 0.0197 0.1019 0.0390 0.0803 0.1030 0.0230 0.0958 0.0199 0.2354 0.2119 
        D690  1 0.0152 0.0579 0.0247 0.0334 0.0314 0.7578 0.0089 0.0147 0.0234 0.0204 0.0122 
        D691  1 0.0149 0.0786 0.0273 0.0338 0.3660 0.0449 0.0170 0.3374 0.0258 0.0331 0.0213 
        D710  1 0.0457 0.0749 0.0648 0.1181 0.1118 0.2722 0.0402 0.0214 0.1131 0.0997 0.0379 
        D711  1 0.0367 0.0348 0.0127 0.0286 0.0290 0.6902 0.0228 0.0235 0.0501 0.0489 0.0226 
        D712  1 0.0690 0.0365 0.0731 0.4541 0.1254 0.0283 0.0378 0.0247 0.0409 0.0527 0.0576 
        D713  1 0.2525 0.0529 0.0622 0.0907 0.0489 0.0955 0.0203 0.0884 0.1359 0.1272 0.0255 
        D746  1 0.0166 0.0720 0.0432 0.0270 0.4719 0.0889 0.0265 0.1531 0.0290 0.0512 0.0205 
        D747  1 0.0116 0.0130 0.0123 0.0144 0.0144 0.8409 0.0204 0.0130 0.0219 0.0156 0.0225 
        D748  1 0.0228 0.1056 0.0555 0.0276 0.0827 0.1035 0.0140 0.4541 0.0618 0.0508 0.0216 
        D749  1 0.0695 0.0851 0.0166 0.0743 0.1353 0.0202 0.0335 0.1124 0.0576 0.3671 0.0286 
        D750  1 0.0219 0.0861 0.0227 0.5101 0.0301 0.1689 0.0216 0.0401 0.0340 0.0415 0.0230 
        D763  1 0.0277 0.0330 0.1562 0.0177 0.0704 0.0473 0.0828 0.0816 0.1688 0.1250 0.1896 
        D764  1 0.0154 0.1159 0.0382 0.1654 0.0338 0.5225 0.0139 0.0208 0.0143 0.0396 0.0201 
        D765  1 0.0562 0.5744 0.0286 0.0861 0.0485 0.0259 0.0159 0.0498 0.0104 0.0713 0.0328 
        D766  1 0.0344 0.4455 0.1159 0.0290 0.0455 0.0626 0.0207 0.0893 0.0987 0.0433 0.0149 
        D767  1 0.2029 0.0878 0.0254 0.0305 0.1036 0.0628 0.0752 0.1153 0.1711 0.0941 0.0312 
        D768  1 0.0133 0.0243 0.0270 0.0131 0.0222 0.7903 0.0251 0.0323 0.0153 0.0201 0.0169 
        D811  1 0.3413 0.1598 0.2857 0.0548 0.0163 0.0185 0.0150 0.0305 0.0187 0.0361 0.0234 
        D816  1 0.0216 0.0235 0.0157 0.0229 0.0170 0.8058 0.0142 0.0205 0.0180 0.0253 0.0154 
        D825  1 0.1430 0.3565 0.0709 0.1125 0.0298 0.0800 0.0160 0.0427 0.0179 0.1057 0.0251 
        D866  1 0.0534 0.0619 0.0503 0.1753 0.0254 0.0635 0.0931 0.0557 0.0157 0.0735 0.3322 
        D867  1 0.0522 0.0267 0.0448 0.0179 0.5587 0.0169 0.0512 0.0509 0.1108 0.0511 0.0187 
        D871  1 0.1674 0.0209 0.1544 0.0443 0.0422 0.0748 0.0159 0.1027 0.0386 0.1888 0.1500 
        D872  1 0.2539 0.2836 0.0334 0.0372 0.0515 0.1302 0.0408 0.0389 0.0353 0.0720 0.0230 
        D873  1 0.0899 0.7066 0.0151 0.0124 0.0424 0.0096 0.0307 0.0160 0.0416 0.0261 0.0095 
        D874  1 0.0267 0.0153 0.0286 0.0728 0.0117 0.0402 0.0152 0.0257 0.7057 0.0306 0.0276 
        D875  1 0.1603 0.1228 0.1304 0.0216 0.0380 0.0326 0.0140 0.2082 0.0260 0.1650 0.0810 
        D876  1 0.0454 0.0498 0.0727 0.1184 0.0545 0.3573 0.0241 0.0509 0.0784 0.0922 0.0563 
        D877  1 0.7160 0.0241 0.0264 0.0545 0.0128 0.0230 0.0166 0.0256 0.0521 0.0333 0.0158 
        D892  1 0.0635 0.0533 0.0189 0.1608 0.0997 0.1386 0.0172 0.3227 0.0407 0.0620 0.0226 
        D893  1 0.0258 0.0532 0.0645 0.0151 0.0692 0.5005 0.0320 0.0746 0.0365 0.0614 0.0671 
        D894  1 0.0334 0.0244 0.0174 0.0330 0.0289 0.6699 0.0258 0.0638 0.0266 0.0474 0.0295 
        D915  1 0.0365 0.1765 0.0382 0.0438 0.0388 0.3476 0.0251 0.1720 0.0197 0.0637 0.0382 
        D916  1 0.0109 0.0154 0.0128 0.0127 0.0145 0.8744 0.0093 0.0150 0.0126 0.0126 0.0097 
        D917  1 0.0868 0.0250 0.0317 0.1726 0.0685 0.1037 0.0449 0.0233 0.1240 0.1634 0.1562 
        D925  1 0.0382 0.4629 0.0489 0.0699 0.0685 0.1849 0.0184 0.0193 0.0140 0.0475 0.0275 
        D926  1 0.0478 0.0563 0.0364 0.0358 0.0598 0.3062 0.0220 0.0991 0.0659 0.2280 0.0427 
        D927  1 0.0368 0.0243 0.0288 0.0515 0.0509 0.1919 0.2657 0.0475 0.0342 0.1351 0.1334 
        D928  1 0.0420 0.0448 0.0157 0.7185 0.0105 0.0850 0.0142 0.0119 0.0196 0.0216 0.0163 
        D929  1 0.2481 0.0340 0.0282 0.0414 0.1189 0.0322 0.0192 0.0614 0.3324 0.0552 0.0290 
        D936  1 0.0379 0.0385 0.0255 0.0239 0.0180 0.4188 0.0422 0.0516 0.1548 0.0551 0.1337 
        D938  1 0.0237 0.1507 0.0695 0.0268 0.3952 0.0325 0.0164 0.1669 0.0652 0.0333 0.0199 
        D956  1 0.1568 0.0498 0.0321 0.4844 0.0234 0.0410 0.0360 0.0800 0.0241 0.0455 0.0268 
        D957  1 0.1127 0.5756 0.0133 0.0260 0.0322 0.0651 0.0249 0.0492 0.0359 0.0413 0.0239 
        D958  1 0.0591 0.3785 0.0373 0.1192 0.0399 0.0945 0.0193 0.0799 0.0852 0.0697 0.0173 
        D959  1 0.0363 0.0170 0.1983 0.0189 0.0966 0.4417 0.0560 0.0458 0.0131 0.0624 0.0138 
        D960  1 0.1036 0.1207 0.0127 0.0541 0.3734 0.0277 0.0213 0.1575 0.0399 0.0675 0.0215 
        D989  1 0.0354 0.0222 0.0450 0.5244 0.0373 0.0442 0.0743 0.0452 0.0224 0.0563 0.0933 
        D990  1 0.0128 0.5337 0.0168 0.0585 0.0893 0.0144 0.0269 0.0239 0.0231 0.0806 0.1202 
        D023  2 0.0087 0.0134 0.0202 0.0140 0.8216 0.0485 0.0171 0.0110 0.0178 0.0149 0.0127 
        D130  2 0.1141 0.0361 0.0200 0.0154 0.4299 0.0759 0.0379 0.1908 0.0219 0.0404 0.0176 
        D131  2 0.0307 0.0925 0.1978 0.0353 0.0290 0.1501 0.0330 0.0663 0.0546 0.1979 0.1129 
        D163  2 0.0170 0.0351 0.0300 0.0479 0.5243 0.0786 0.0130 0.1143 0.0316 0.0723 0.0361 
        D164  2 0.0134 0.3455 0.0195 0.0113 0.0218 0.0103 0.5135 0.0169 0.0173 0.0182 0.0123 
        D165  2 0.0098 0.0184 0.0259 0.0197 0.7667 0.0418 0.0253 0.0193 0.0212 0.0268 0.0252 
        D166  2 0.3041 0.0515 0.0584 0.0168 0.0512 0.0369 0.0437 0.2195 0.0634 0.1133 0.0412 
        D167  2 0.0763 0.0131 0.0117 0.0317 0.0117 0.0134 0.7747 0.0148 0.0121 0.0228 0.0177 
        D192  2 0.0211 0.0115 0.0136 0.0168 0.0102 0.0098 0.8466 0.0138 0.0176 0.0168 0.0221 
        D193  2 0.5688 0.0323 0.0199 0.0796 0.0231 0.0201 0.0300 0.1042 0.0308 0.0551 0.0362 
        D206  2 0.0331 0.0247 0.4485 0.0155 0.0382 0.0524 0.1842 0.0692 0.0241 0.0852 0.0249 
        D207  2 0.1231 0.0231 0.0251 0.0184 0.0174 0.0272 0.5621 0.0674 0.0156 0.0694 0.0512 
        D208  2 0.0520 0.0319 0.2238 0.1234 0.0492 0.0410 0.0548 0.0603 0.0385 0.0756 0.2494 
        D209  2 0.0375 0.0411 0.0684 0.0249 0.0387 0.0305 0.3873 0.0322 0.1375 0.1710 0.0309 
        D210  2 0.0279 0.0241 0.0247 0.4594 0.0260 0.0756 0.0917 0.0620 0.0321 0.0525 0.1238 
     D229599  2 0.0435 0.0656 0.0307 0.0499 0.0896 0.1363 0.0359 0.0542 0.1073 0.1390 0.2479 
     D229600  2 0.0602 0.0408 0.0186 0.0189 0.2509 0.0254 0.3281 0.1162 0.0248 0.0867 0.0294 
     D237227  2 0.0275 0.2661 0.0378 0.2979 0.0594 0.0483 0.0412 0.0209 0.0232 0.0676 0.1101 
     D237228  2 0.0468 0.6214 0.0172 0.0772 0.0181 0.0120 0.0380 0.0287 0.0132 0.0665 0.0609 
     D237258  2 0.0945 0.0723 0.0967 0.0612 0.1088 0.0746 0.1898 0.0396 0.0515 0.1111 0.1000 
     D237310  2 0.1126 0.6149 0.0210 0.0374 0.0228 0.0107 0.0424 0.0551 0.0255 0.0332 0.0245 
     D237311  2 0.0353 0.6696 0.0146 0.0223 0.0205 0.0103 0.1218 0.0394 0.0143 0.0298 0.0221 
     D237312  2 0.1630 0.3436 0.0329 0.0353 0.0534 0.0169 0.0236 0.2216 0.0486 0.0427 0.0183 
     D237313  2 0.0485 0.1270 0.2794 0.0612 0.0326 0.1022 0.0186 0.0802 0.0576 0.1205 0.0724 
     D237322  2 0.0655 0.1031 0.0641 0.0759 0.0433 0.0300 0.0448 0.0760 0.1042 0.2090 0.1843 
     D237323  2 0.0400 0.5981 0.0148 0.1155 0.0498 0.0139 0.0246 0.0336 0.0292 0.0334 0.0473 
     D237324  2 0.0232 0.0367 0.0236 0.0169 0.1176 0.0552 0.2164 0.0584 0.0354 0.3349 0.0818 
     D237325  2 0.0529 0.4263 0.0340 0.0462 0.0634 0.0167 0.0512 0.1828 0.0425 0.0511 0.0329 
     D237326  2 0.0201 0.7265 0.0134 0.0412 0.0244 0.0369 0.0280 0.0259 0.0284 0.0283 0.0268 
     D237327  2 0.0503 0.0246 0.0257 0.0336 0.0850 0.0623 0.0812 0.0825 0.0805 0.2146 0.2595 
     D237337  2 0.0172 0.8181 0.0187 0.0222 0.0175 0.0130 0.0134 0.0304 0.0147 0.0170 0.0178 
     D237338  2 0.0273 0.2109 0.0523 0.0882 0.0850 0.0312 0.0559 0.1596 0.0874 0.1073 0.0949 
     D237339  2 0.0405 0.0233 0.0322 0.0147 0.0176 0.0268 0.1416 0.0302 0.5700 0.0597 0.0433 
     D237340  2 0.0617 0.4645 0.0161 0.0889 0.0301 0.0134 0.1356 0.0782 0.0290 0.0472 0.0354 
     D237389  2 0.1518 0.5252 0.0203 0.0192 0.0275 0.0167 0.0783 0.0795 0.0242 0.0388 0.0185 
     D237390  2 0.0747 0.4337 0.0351 0.0491 0.0359 0.0188 0.0217 0.2241 0.0304 0.0406 0.0358 
     D244017  2 0.2882 0.0267 0.0128 0.1783 0.0342 0.0242 0.2985 0.0147 0.0169 0.0661 0.0394 
     D244112  2 0.0353 0.0111 0.0130 0.0181 0.0329 0.0145 0.7716 0.0453 0.0153 0.0269 0.0161 
     D244118  2 0.0321 0.0363 0.0085 0.0186 0.1689 0.0097 0.6320 0.0244 0.0220 0.0246 0.0229 
     D244119  2 0.0200 0.0257 0.0209 0.5940 0.0109 0.0173 0.2503 0.0128 0.0107 0.0189 0.0184 
     D244120  2 0.2355 0.0246 0.0179 0.0371 0.0188 0.0107 0.3662 0.0926 0.0660 0.0439 0.0867 
     D244122  2 0.0818 0.0222 0.0542 0.0284 0.0437 0.0273 0.6010 0.0466 0.0315 0.0383 0.0251 
        D291  2 0.0404 0.0246 0.1184 0.0131 0.0987 0.0521 0.0331 0.0263 0.0158 0.1122 0.4655 
        D292  2 0.0464 0.0668 0.0267 0.0663 0.0238 0.1832 0.1860 0.0289 0.0375 0.0649 0.2694 
        D293  2 0.0143 0.0175 0.0182 0.0193 0.0126 0.0986 0.5871 0.0325 0.0965 0.0624 0.0411 
        D322  2 0.0198 0.0401 0.0157 0.0220 0.0252 0.1077 0.5112 0.0283 0.1231 0.0807 0.0262 
        D323  2 0.1029 0.0433 0.5357 0.0285 0.0231 0.0236 0.0813 0.0359 0.0410 0.0531 0.0316 
        D324  2 0.0220 0.1315 0.1036 0.0397 0.0542 0.1203 0.0295 0.0810 0.0220 0.1376 0.2585 
        D325  2 0.0132 0.0161 0.0161 0.0113 0.0197 0.0359 0.7228 0.0418 0.0290 0.0440 0.0501 
        D326  2 0.0132 0.0143 0.0218 0.0233 0.0095 0.8298 0.0129 0.0167 0.0142 0.0171 0.0271 
        D340  2 0.0153 0.0189 0.0210 0.0173 0.0145 0.0223 0.8005 0.0193 0.0213 0.0176 0.0319 
        D341  2 0.0266 0.0305 0.0564 0.0328 0.0241 0.0262 0.4165 0.2649 0.0257 0.0503 0.0460 
        D342  2 0.0416 0.0500 0.0370 0.0160 0.0831 0.0196 0.4945 0.1292 0.0146 0.0810 0.0334 
        D343  2 0.0078 0.0107 0.0097 0.0101 0.0119 0.0191 0.8715 0.0141 0.0149 0.0174 0.0128 
        D344  2 0.2051 0.0364 0.0371 0.0169 0.0128 0.1072 0.0445 0.0681 0.3635 0.0831 0.0252 
        D345  2 0.0309 0.1826 0.1121 0.0390 0.0638 0.1140 0.0394 0.0199 0.2282 0.1183 0.0518 
        D346  2 0.0351 0.0254 0.3109 0.3195 0.0231 0.0497 0.0547 0.0460 0.0393 0.0520 0.0443 
        D351  2 0.0496 0.1119 0.0496 0.0239 0.0459 0.1779 0.0383 0.0989 0.0728 0.1485 0.1826 
        D352  2 0.0316 0.0463 0.0236 0.0298 0.0193 0.0160 0.0280 0.0199 0.6839 0.0636 0.0378 
        D353  2 0.0251 0.0147 0.0351 0.0159 0.0154 0.1474 0.0234 0.0301 0.0668 0.6057 0.0206 
        D354  2 0.0407 0.0336 0.0342 0.0349 0.0148 0.0618 0.0114 0.0160 0.6839 0.0467 0.0221 
        D362  2 0.0359 0.0400 0.0404 0.0213 0.0754 0.6622 0.0297 0.0164 0.0163 0.0400 0.0222 
        D363  2 0.0239 0.0301 0.0450 0.0255 0.0398 0.7314 0.0226 0.0115 0.0212 0.0254 0.0238 
        D364  2 0.0353 0.0440 0.0451 0.0331 0.0233 0.3528 0.0217 0.0320 0.3283 0.0643 0.0199 
        D365  2 0.0131 0.0147 0.0155 0.0192 0.0085 0.0200 0.8377 0.0135 0.0261 0.0177 0.0139 
        D369  2 0.0322 0.1320 0.1195 0.1365 0.0354 0.1758 0.1242 0.0388 0.0213 0.0598 0.1245 
        D374  2 0.6461 0.0221 0.0180 0.1990 0.0107 0.0161 0.0126 0.0147 0.0164 0.0275 0.0167 
        D375  2 0.0410 0.0176 0.0341 0.0158 0.0128 0.0154 0.0134 0.0217 0.7948 0.0235 0.0099 
        D376  2 0.3663 0.0278 0.0281 0.3285 0.0163 0.0144 0.0306 0.0403 0.0519 0.0760 0.0198 
        D377  2 0.0728 0.1435 0.4986 0.0321 0.0263 0.0176 0.0354 0.0527 0.0421 0.0503 0.0287 
        D378  2 0.0162 0.0305 0.0853 0.0253 0.1102 0.1188 0.2426 0.0377 0.1770 0.1068 0.0496 
        D379  2 0.0320 0.0265 0.1746 0.0207 0.0172 0.5061 0.0170 0.0561 0.0533 0.0726 0.0239 
        D384  2 0.0139 0.0220 0.0320 0.0451 0.0110 0.7936 0.0125 0.0182 0.0168 0.0194 0.0156 
        D385  2 0.0250 0.0193 0.0316 0.0364 0.0186 0.0207 0.6310 0.0241 0.1420 0.0296 0.0217 
        D386  2 0.0533 0.0205 0.0547 0.0189 0.0712 0.0662 0.0705 0.0306 0.4754 0.1169 0.0216 
        D391  2 0.0159 0.0221 0.0370 0.0153 0.0177 0.0222 0.6923 0.0172 0.1041 0.0349 0.0214 
        D392  2 0.0358 0.1482 0.0447 0.0464 0.0361 0.0518 0.5226 0.0220 0.0226 0.0435 0.0263 
        D393  2 0.0133 0.0404 0.1180 0.0223 0.0461 0.1975 0.0596 0.0514 0.2805 0.0513 0.1197 
        D394  2 0.0643 0.1598 0.0295 0.0507 0.1135 0.1040 0.0795 0.0851 0.1543 0.1158 0.0435 
        D395  2 0.0401 0.0217 0.0248 0.0183 0.0202 0.0135 0.3062 0.0362 0.4116 0.0667 0.0407 
        D401  2 0.0259 0.8102 0.0403 0.0212 0.0107 0.0138 0.0232 0.0130 0.0085 0.0159 0.0174 
        D402  2 0.0234 0.0255 0.0403 0.0182 0.0131 0.0180 0.6882 0.0255 0.0655 0.0263 0.0560 
        D403  2 0.0767 0.0174 0.0525 0.0166 0.0655 0.2169 0.0250 0.0911 0.0863 0.3215 0.0302 
        D415  2 0.0293 0.1721 0.0292 0.0124 0.0176 0.4284 0.0274 0.0752 0.0210 0.1706 0.0167 
        D435  2 0.0160 0.0315 0.0231 0.0133 0.0222 0.6145 0.1035 0.0369 0.0380 0.0394 0.0616 
        D436  2 0.1027 0.0356 0.0309 0.0419 0.0252 0.0966 0.0247 0.1740 0.3399 0.1041 0.0243 
        D438  2 0.0141 0.0112 0.0323 0.0178 0.0147 0.0099 0.8385 0.0184 0.0135 0.0148 0.0147 
        D439  2 0.0199 0.0379 0.0642 0.0131 0.0553 0.0570 0.0520 0.0250 0.5034 0.1400 0.0322 
        D449  2 0.0194 0.0195 0.0819 0.0212 0.0228 0.1411 0.4124 0.1115 0.0228 0.1255 0.0217 
        D450  2 0.0542 0.0385 0.0657 0.1191 0.0542 0.0920 0.0224 0.0802 0.2645 0.1395 0.0698 
        D456  2 0.0132 0.0117 0.0364 0.0167 0.0153 0.8078 0.0115 0.0201 0.0164 0.0287 0.0220 
        D462  2 0.0141 0.0150 0.0169 0.0119 0.0277 0.0344 0.7331 0.0212 0.0828 0.0219 0.0211 
        D463  2 0.0226 0.0205 0.0303 0.0373 0.0166 0.7787 0.0093 0.0144 0.0252 0.0295 0.0156 
        D464  2 0.1293 0.0342 0.0444 0.0327 0.0165 0.0541 0.0879 0.0345 0.2774 0.2671 0.0220 
        D465  2 0.0361 0.1333 0.0918 0.0200 0.0225 0.1383 0.4202 0.0280 0.0242 0.0569 0.0287 
        D473  2 0.0297 0.1551 0.0505 0.3726 0.0775 0.0168 0.0314 0.0421 0.1123 0.0669 0.0451 
        D474  2 0.0119 0.0418 0.0334 0.0366 0.0436 0.5340 0.0377 0.0351 0.0256 0.0402 0.1601 
        D476  2 0.0142 0.0137 0.0115 0.0124 0.2775 0.0188 0.0385 0.0294 0.5372 0.0248 0.0221 
        D477  2 0.0262 0.1266 0.1120 0.0384 0.0223 0.2268 0.0187 0.0279 0.2368 0.0777 0.0865 
        D478  2 0.1026 0.0396 0.0523 0.0862 0.2950 0.0334 0.0631 0.0445 0.0848 0.1553 0.0433 
        D480  2 0.0308 0.0259 0.1012 0.0975 0.0216 0.1478 0.0702 0.1032 0.2464 0.0774 0.0779 
        D481  2 0.0451 0.0672 0.0429 0.0757 0.0985 0.3049 0.0545 0.0216 0.1647 0.0770 0.0480 
        D482  2 0.0607 0.0465 0.0753 0.0767 0.0451 0.0199 0.0222 0.0630 0.2947 0.1409 0.1549 
        D483  2 0.0207 0.0166 0.0142 0.0678 0.0168 0.0122 0.7867 0.0124 0.0121 0.0220 0.0184 
        D484  2 0.0479 0.0134 0.0160 0.0200 0.0134 0.0088 0.0216 0.0160 0.7963 0.0245 0.0220 
        D510  2 0.2101 0.0319 0.0300 0.3968 0.0210 0.0213 0.0234 0.0547 0.0237 0.0488 0.1383 
        D511  2 0.0193 0.0235 0.0574 0.0177 0.0397 0.0555 0.0438 0.0267 0.6370 0.0449 0.0347 
        D512  2 0.0515 0.5930 0.0407 0.0129 0.0361 0.0182 0.1097 0.0337 0.0243 0.0504 0.0294 
        D513  2 0.0367 0.0453 0.1232 0.0502 0.0242 0.0482 0.4323 0.0527 0.0222 0.0866 0.0785 
        D635  2 0.0144 0.0331 0.0504 0.0223 0.3636 0.3478 0.0356 0.0189 0.0171 0.0689 0.0278 
        D636  2 0.0122 0.0291 0.0547 0.0201 0.7781 0.0251 0.0143 0.0148 0.0167 0.0239 0.0112 
        D637  2 0.0573 0.0592 0.0974 0.0486 0.0237 0.0215 0.1140 0.1505 0.2858 0.0974 0.0447 
        D658  2 0.0561 0.0630 0.0224 0.0860 0.0237 0.0208 0.3893 0.0580 0.1967 0.0518 0.0322 
        D659  2 0.0199 0.0144 0.0509 0.0295 0.0518 0.5604 0.0217 0.0654 0.0568 0.0701 0.0591 
        D677  2 0.0643 0.0671 0.1486 0.0161 0.0725 0.0974 0.0423 0.3334 0.0268 0.0745 0.0571 
        D678  2 0.1152 0.0377 0.0402 0.0133 0.0222 0.0201 0.5691 0.0284 0.0237 0.1036 0.0264 
        D679  2 0.0234 0.0243 0.3935 0.0505 0.0406 0.1536 0.0350 0.0569 0.0485 0.0994 0.0743 
        D719  2 0.0247 0.0753 0.0438 0.3828 0.0125 0.1392 0.1434 0.0244 0.0350 0.0471 0.0717 
        D720  2 0.0306 0.0405 0.0731 0.0560 0.0178 0.6314 0.0265 0.0290 0.0188 0.0515 0.0247 
        D721  2 0.0116 0.0172 0.0363 0.0322 0.6676 0.0411 0.0519 0.0269 0.0331 0.0480 0.0341 
        D722  2 0.5808 0.0536 0.0661 0.1108 0.0163 0.0150 0.0340 0.0173 0.0209 0.0493 0.0359 
        D734  2 0.0181 0.0144 0.0285 0.1063 0.0117 0.0174 0.0429 0.0307 0.6776 0.0278 0.0246 
        D735  2 0.0429 0.0773 0.2713 0.0837 0.0415 0.1183 0.0614 0.0433 0.0804 0.1309 0.0490 
        D736  2 0.0261 0.0583 0.0343 0.2683 0.0299 0.0506 0.0507 0.0788 0.0605 0.0766 0.2658 
        D737  2 0.0447 0.0347 0.0185 0.0371 0.0606 0.0154 0.5537 0.0306 0.0827 0.0487 0.0732 
        D807  2 0.0433 0.0828 0.0754 0.1527 0.0402 0.1508 0.0517 0.0883 0.1017 0.0693 0.1437 
        D808  2 0.0896 0.3168 0.0283 0.0316 0.0361 0.0540 0.0747 0.0878 0.0505 0.1644 0.0661 
        D817  2 0.0354 0.0411 0.6489 0.0217 0.0203 0.0797 0.0173 0.0182 0.0451 0.0454 0.0269 
        D818  2 0.0343 0.0207 0.0408 0.0227 0.1629 0.0493 0.1701 0.1491 0.0301 0.1930 0.1270 
        D819  2 0.0383 0.2537 0.4068 0.0231 0.0372 0.0966 0.0216 0.0205 0.0236 0.0515 0.0272 
        D820  2 0.0184 0.0179 0.0160 0.0187 0.0208 0.5320 0.0385 0.1309 0.1197 0.0445 0.0426 
        D895  2 0.0440 0.0520 0.2486 0.0390 0.0887 0.2541 0.0411 0.0421 0.0659 0.0952 0.0292 
        D896  2 0.0168 0.8724 0.0126 0.0170 0.0116 0.0116 0.0098 0.0152 0.0104 0.0127 0.0098 
        D897  2 0.0293 0.0453 0.0605 0.0199 0.0240 0.0230 0.4277 0.1853 0.0368 0.1110 0.0372 
        D898  2 0.1151 0.2682 0.1372 0.0365 0.0434 0.0423 0.0358 0.0553 0.0566 0.1009 0.1087 
        D918  2 0.0447 0.1636 0.0659 0.0586 0.0758 0.0247 0.0457 0.2359 0.0988 0.1429 0.0434 
        D919  2 0.0615 0.0209 0.0236 0.0227 0.0394 0.1239 0.0764 0.0325 0.3338 0.1507 0.1146 
        D920  2 0.0480 0.0385 0.0241 0.0840 0.4878 0.0326 0.0290 0.1442 0.0365 0.0517 0.0236 
        D923  2 0.0294 0.0285 0.0474 0.0203 0.0231 0.5732 0.0297 0.0344 0.1287 0.0613 0.0239 
        D930  2 0.0523 0.0772 0.1062 0.0856 0.0199 0.1344 0.0320 0.0851 0.1507 0.1816 0.0752 
        D931  2 0.0544 0.0433 0.0507 0.0347 0.0367 0.2541 0.1098 0.0361 0.2825 0.0610 0.0367 
        D968  2 0.0234 0.0241 0.0248 0.0152 0.0102 0.0226 0.7487 0.0143 0.0233 0.0290 0.0645 
        D969  2 0.0568 0.0490 0.0381 0.0542 0.0319 0.2324 0.1716 0.0521 0.0445 0.1169 0.1525 
        D977  2 0.0282 0.0153 0.0316 0.0184 0.0205 0.0244 0.6838 0.0680 0.0243 0.0611 0.0244 
        D978  2 0.1077 0.0186 0.2440 0.0300 0.0287 0.0182 0.1072 0.1010 0.0217 0.1192 0.2037 
        D211  3 0.0198 0.0119 0.0513 0.0212 0.5361 0.0463 0.0130 0.2050 0.0238 0.0355 0.0360 
     D229639  3 0.0467 0.0306 0.0343 0.0677 0.0264 0.0587 0.0425 0.0362 0.0194 0.0686 0.5689 
     D237212  3 0.0256 0.0510 0.0834 0.0215 0.0721 0.0582 0.0427 0.1145 0.2558 0.0594 0.2159 
     D237213  3 0.0425 0.1202 0.3933 0.0155 0.0630 0.0300 0.0231 0.1269 0.0668 0.0770 0.0416 
     D237214  3 0.0163 0.0159 0.0143 0.0206 0.8155 0.0172 0.0113 0.0342 0.0142 0.0299 0.0108 
     D237215  3 0.1785 0.0335 0.0326 0.0741 0.0137 0.0137 0.4204 0.0178 0.0151 0.0520 0.1485 
     D237216  3 0.0333 0.0254 0.1041 0.0251 0.0995 0.0414 0.0250 0.0629 0.0288 0.5291 0.0256 
     D237217  3 0.0150 0.0323 0.0320 0.0165 0.2433 0.0699 0.0241 0.2758 0.0225 0.2207 0.0479 
     D237218  3 0.0213 0.0199 0.0502 0.0621 0.0396 0.0516 0.0452 0.1895 0.1650 0.1023 0.2534 
     D237219  3 0.0259 0.1072 0.3227 0.0823 0.0525 0.0239 0.0195 0.1679 0.0160 0.0638 0.1183 
     D237382  3 0.3229 0.1488 0.0481 0.0792 0.0319 0.0579 0.0472 0.1315 0.0301 0.0583 0.0442 
     D244127  3 0.0458 0.4467 0.0773 0.0193 0.0477 0.0199 0.0800 0.0716 0.0286 0.0852 0.0779 
     D244129  3 0.0446 0.2515 0.0676 0.0474 0.0904 0.0945 0.0554 0.0900 0.0744 0.1228 0.0614 
     D244133  3 0.0421 0.0228 0.5733 0.0792 0.0323 0.0414 0.0752 0.0342 0.0117 0.0590 0.0288 
     D244134  3 0.0170 0.0751 0.1492 0.2242 0.0405 0.0221 0.0278 0.0261 0.0218 0.0423 0.3540 
     D244135  3 0.0227 0.0165 0.0563 0.0149 0.6919 0.0375 0.0443 0.0568 0.0150 0.0288 0.0153 
     D244136  3 0.0614 0.0363 0.3630 0.1201 0.0339 0.1245 0.0539 0.0452 0.0227 0.0772 0.0618 
        D416  3 0.0270 0.0528 0.2982 0.0242 0.0643 0.0815 0.1224 0.1143 0.0410 0.1214 0.0528 
        D417  3 0.0439 0.0422 0.0328 0.0210 0.0185 0.5407 0.0135 0.1783 0.0285 0.0623 0.0183 
        D419  3 0.0244 0.0937 0.2043 0.0563 0.0425 0.0794 0.0518 0.1788 0.0263 0.0917 0.1508 
        D565  3 0.0199 0.0272 0.0635 0.7355 0.0194 0.0381 0.0146 0.0137 0.0155 0.0219 0.0309 
        D566  3 0.0710 0.0566 0.1308 0.1861 0.0241 0.0785 0.0468 0.0236 0.0201 0.0821 0.2804 
        D567  3 0.0369 0.0779 0.0721 0.0183 0.0696 0.5094 0.0318 0.0500 0.0571 0.0552 0.0218 
        D568  3 0.0350 0.0639 0.0599 0.0151 0.0760 0.1179 0.0976 0.2331 0.1190 0.1160 0.0666 
        D569  3 0.0931 0.0186 0.0290 0.0361 0.0837 0.0200 0.0636 0.0282 0.5008 0.0866 0.0403 
        D573  3 0.0174 0.0341 0.0338 0.0204 0.0182 0.1812 0.1206 0.0275 0.0297 0.0703 0.4468 
        D574  3 0.1375 0.0713 0.1033 0.3080 0.0403 0.0368 0.0470 0.0436 0.0391 0.0910 0.0821 
        D575  3 0.0114 0.0271 0.7114 0.0505 0.0458 0.0246 0.0228 0.0261 0.0152 0.0312 0.0339 
        D576  3 0.1600 0.0114 0.0862 0.0240 0.0524 0.0075 0.4996 0.0237 0.0205 0.0468 0.0677 
        D577  3 0.0629 0.0177 0.1594 0.0301 0.0818 0.4337 0.0209 0.0401 0.0496 0.0709 0.0330 
        D578  3 0.0194 0.0250 0.0190 0.0149 0.8014 0.0125 0.0248 0.0262 0.0122 0.0289 0.0157 
        D579  3 0.0300 0.0546 0.1036 0.1325 0.0451 0.1568 0.0553 0.0896 0.1309 0.0668 0.1348 
        D660  3 0.0450 0.0528 0.1189 0.0168 0.0406 0.0139 0.5265 0.0656 0.0401 0.0539 0.0259 
        D661  3 0.0234 0.0208 0.0331 0.0175 0.0352 0.0233 0.1622 0.3216 0.0575 0.1120 0.1935 
        D663  3 0.0763 0.0179 0.0535 0.0187 0.0330 0.0487 0.0570 0.0218 0.0274 0.1444 0.5015 
        D664  3 0.0503 0.0940 0.2577 0.0593 0.1120 0.0150 0.1185 0.1358 0.0215 0.1015 0.0343 
        D665  3 0.0980 0.0886 0.1738 0.0122 0.1993 0.0147 0.0278 0.0646 0.0852 0.2005 0.0354 
        D666  3 0.0182 0.1591 0.5200 0.0627 0.0289 0.0423 0.0200 0.0493 0.0196 0.0394 0.0405 
        D009  4 0.0689 0.0788 0.0429 0.0308 0.2026 0.1204 0.0230 0.1433 0.1363 0.1195 0.0336 
        D057  4 0.0203 0.0158 0.0130 0.0254 0.1976 0.0331 0.1075 0.0998 0.3695 0.0449 0.0732 
        D109  4 0.0437 0.4389 0.1088 0.0409 0.0651 0.0413 0.0184 0.0484 0.0334 0.1305 0.0306 
     D237222  4 0.0892 0.0241 0.0159 0.1022 0.5827 0.0270 0.0263 0.0321 0.0300 0.0372 0.0332 
     D237223  4 0.0376 0.0454 0.0179 0.0716 0.0282 0.0182 0.0332 0.6126 0.0341 0.0587 0.0426 
     D237224  4 0.0355 0.0375 0.0878 0.0222 0.0512 0.1089 0.1583 0.0363 0.1718 0.0844 0.2060 
     D237225  4 0.0614 0.0399 0.0646 0.0465 0.0856 0.0674 0.0289 0.1962 0.0638 0.2814 0.0644 
     D237299  4 0.1546 0.0435 0.0345 0.0364 0.0183 0.0176 0.0167 0.4843 0.0210 0.0741 0.0989 
     D237300  4 0.0223 0.0181 0.1549 0.0278 0.0226 0.0158 0.0434 0.0408 0.0195 0.0453 0.5893 
     D237306  4 0.1146 0.0991 0.0197 0.2841 0.0213 0.0655 0.0190 0.2639 0.0291 0.0492 0.0345 
     D237307  4 0.0892 0.0341 0.2136 0.1297 0.0324 0.2565 0.0408 0.0487 0.0179 0.0773 0.0598 
     D237308  4 0.0363 0.1047 0.0332 0.0629 0.0416 0.0269 0.3766 0.0421 0.1481 0.0836 0.0439 
     D237309  4 0.0823 0.0554 0.0430 0.0217 0.0978 0.1429 0.0421 0.1478 0.0891 0.2269 0.0508 
     D237317  4 0.0525 0.0411 0.0593 0.2690 0.0694 0.1649 0.0272 0.0312 0.0270 0.2030 0.0554 
     D237318  4 0.0265 0.0151 0.0511 0.0196 0.0168 0.0336 0.0445 0.0241 0.0117 0.0432 0.7137 
     D237319  4 0.1232 0.1187 0.0672 0.0424 0.0707 0.0420 0.0476 0.2843 0.0248 0.1314 0.0476 
     D237320  4 0.0178 0.0405 0.0223 0.0208 0.0496 0.0242 0.0455 0.6754 0.0181 0.0365 0.0493 
     D237321  4 0.0448 0.0487 0.0748 0.0460 0.0303 0.0607 0.0732 0.0437 0.0214 0.0713 0.4851 
     D237397  4 0.0596 0.0364 0.0433 0.1178 0.0469 0.0333 0.0687 0.3777 0.0233 0.0842 0.1088 
     D237398  4 0.0250 0.0181 0.0510 0.0167 0.0235 0.0394 0.0328 0.1159 0.0379 0.0662 0.5735 
     D237399  4 0.0451 0.0568 0.0325 0.1760 0.0772 0.0535 0.0300 0.1732 0.0407 0.0850 0.2299 
     D244001  4 0.1782 0.0232 0.0228 0.0241 0.2743 0.0246 0.1068 0.1630 0.0479 0.1139 0.0210 
        D289  4 0.0259 0.0322 0.0317 0.2188 0.0620 0.0694 0.0618 0.0752 0.2281 0.1010 0.0940 
        D290  4 0.4504 0.0387 0.0175 0.0284 0.0442 0.0511 0.0270 0.0573 0.0414 0.1148 0.1291 
        D294  4 0.0992 0.0203 0.0311 0.0280 0.0587 0.0889 0.0259 0.0888 0.3368 0.1602 0.0621 
        D295  4 0.0618 0.1614 0.1083 0.0329 0.0304 0.1680 0.0244 0.2603 0.0441 0.0643 0.0441 
        D301  4 0.1511 0.0500 0.0388 0.0521 0.3380 0.0152 0.0376 0.1533 0.0228 0.0439 0.0973 
        D302  4 0.0400 0.0134 0.0205 0.0145 0.0201 0.0540 0.0108 0.0213 0.7626 0.0234 0.0196 
        D303  4 0.0505 0.0913 0.0493 0.4944 0.0284 0.0386 0.0495 0.0519 0.0758 0.0432 0.0271 
        D304  4 0.2770 0.0202 0.0529 0.0601 0.0606 0.0681 0.0266 0.0422 0.0259 0.1373 0.2292 
        D305  4 0.0573 0.0283 0.0238 0.0116 0.0319 0.0178 0.0779 0.0340 0.2102 0.4619 0.0453 
        D306  4 0.5188 0.0198 0.0166 0.0274 0.0542 0.0363 0.0167 0.0410 0.0249 0.2116 0.0327 
        D307  4 0.0285 0.0238 0.0302 0.0670 0.6500 0.0149 0.0189 0.0387 0.0384 0.0362 0.0533 
        D327  4 0.0626 0.0184 0.0838 0.0564 0.0279 0.4752 0.0402 0.0676 0.0332 0.0831 0.0515 
        D328  4 0.2012 0.0675 0.0453 0.0969 0.0278 0.0186 0.0212 0.0732 0.3549 0.0656 0.0277 
        D329  4 0.0489 0.0557 0.0251 0.0394 0.0680 0.0601 0.1128 0.0791 0.2609 0.1676 0.0824 
        D330  4 0.0709 0.1461 0.0415 0.0138 0.0792 0.1883 0.0494 0.2217 0.0521 0.1183 0.0188 
        D331  4 0.2680 0.0592 0.0535 0.0603 0.0538 0.1284 0.0288 0.0368 0.0306 0.1135 0.1671 
        D333  4 0.1563 0.0573 0.0502 0.0766 0.0498 0.0658 0.0566 0.1676 0.1813 0.0714 0.0670 
        D334  4 0.0300 0.0190 0.0456 0.5027 0.1009 0.0502 0.0147 0.0654 0.0626 0.0587 0.0503 
        D335  4 0.1528 0.0430 0.0363 0.0290 0.0236 0.0795 0.0391 0.0269 0.4819 0.0622 0.0257 
        D370  4 0.4849 0.1740 0.0857 0.0379 0.0242 0.0241 0.0310 0.0280 0.0383 0.0488 0.0231 
        D371  4 0.0523 0.0267 0.0749 0.5385 0.0122 0.1529 0.0258 0.0200 0.0238 0.0509 0.0220 
        D372  4 0.1035 0.0220 0.0285 0.0299 0.0178 0.0125 0.0597 0.0335 0.0191 0.1344 0.5390 
        D373  4 0.0231 0.0149 0.0662 0.0176 0.5490 0.0309 0.0575 0.0399 0.0470 0.0719 0.0820 
        D455  4 0.0234 0.0205 0.0146 0.0175 0.6953 0.0274 0.0213 0.0309 0.0757 0.0333 0.0401 
        D490  4 0.0137 0.0179 0.0186 0.0170 0.7599 0.0237 0.0093 0.0835 0.0198 0.0215 0.0150 
        D497  4 0.0295 0.0277 0.0391 0.0226 0.6087 0.0175 0.0197 0.1180 0.0546 0.0359 0.0265 
        D498  4 0.3624 0.1228 0.0542 0.0786 0.0383 0.0469 0.0256 0.0539 0.0233 0.0876 0.1065 
        D499  4 0.0587 0.0889 0.1548 0.1139 0.0152 0.0216 0.1617 0.0923 0.1203 0.0921 0.0805 
        D514  4 0.1433 0.0762 0.0967 0.0134 0.0475 0.2260 0.0230 0.0804 0.1265 0.1174 0.0496 
        D515  4 0.0482 0.0398 0.0196 0.0198 0.0215 0.0273 0.0184 0.7295 0.0231 0.0374 0.0153 
        D516  4 0.0435 0.1331 0.2812 0.0433 0.0603 0.0838 0.0483 0.1504 0.0179 0.0830 0.0551 
        D517  4 0.0219 0.0331 0.0226 0.0183 0.4289 0.0454 0.0427 0.1595 0.0305 0.1411 0.0560 
        D518  4 0.0641 0.0147 0.0141 0.0578 0.1182 0.0169 0.0388 0.1188 0.4882 0.0510 0.0174 
        D519  4 0.0114 0.0165 0.0159 0.0152 0.0244 0.0198 0.0178 0.8216 0.0138 0.0185 0.0251 
        D560  4 0.0254 0.0202 0.0146 0.0132 0.0171 0.0594 0.0230 0.7449 0.0228 0.0313 0.0281 
        D561  4 0.0826 0.1038 0.0719 0.0175 0.1209 0.0831 0.0497 0.0930 0.0619 0.2413 0.0742 
        D562  4 0.1097 0.0341 0.0360 0.0420 0.3006 0.0435 0.0515 0.0726 0.0979 0.1408 0.0712 
        D563  4 0.0308 0.0578 0.0891 0.0145 0.0600 0.0246 0.3514 0.0581 0.1117 0.1450 0.0570 
        D572  4 0.0548 0.0192 0.0207 0.0215 0.0778 0.0446 0.0293 0.0380 0.6307 0.0429 0.0204 
        D629  4 0.0215 0.0244 0.3163 0.0142 0.2667 0.1593 0.0180 0.0450 0.0459 0.0403 0.0483 
        D630  4 0.1173 0.0272 0.0362 0.0456 0.1482 0.0631 0.0288 0.3118 0.0719 0.0829 0.0671 
        D631  4 0.0234 0.0208 0.0186 0.0184 0.0251 0.0170 0.0565 0.0806 0.6592 0.0489 0.0316 
        D632  4 0.0352 0.0908 0.0506 0.0157 0.1827 0.0622 0.1493 0.0548 0.2747 0.0650 0.0190 
        D646  4 0.0292 0.0781 0.0244 0.0233 0.0194 0.0930 0.0375 0.5759 0.0341 0.0426 0.0424 
        D647  4 0.0763 0.1171 0.0222 0.0134 0.0546 0.2552 0.0492 0.2470 0.0416 0.0723 0.0510 
        D648  4 0.4040 0.0194 0.0540 0.0312 0.0161 0.0148 0.0247 0.0432 0.3500 0.0293 0.0133 
        D649  4 0.0215 0.3237 0.0627 0.0231 0.0339 0.1985 0.0163 0.0407 0.2021 0.0495 0.0279 
        D650  4 0.0489 0.0789 0.1105 0.0804 0.0742 0.1170 0.0253 0.1838 0.1104 0.0846 0.0860 
        D708  4 0.0603 0.0305 0.1523 0.1502 0.0434 0.0277 0.0226 0.0940 0.2348 0.1074 0.0769 
        D709  4 0.4136 0.2430 0.0567 0.0245 0.0120 0.0188 0.0249 0.0313 0.0354 0.1101 0.0297 
        D738  4 0.0411 0.1272 0.0193 0.4313 0.0351 0.0499 0.0142 0.1787 0.0211 0.0517 0.0303 
        D739  4 0.1564 0.0379 0.0371 0.0268 0.3851 0.0214 0.0236 0.1266 0.0469 0.0885 0.0499 
        D740  4 0.0300 0.0985 0.0755 0.1650 0.0575 0.0235 0.0503 0.0993 0.0804 0.2140 0.1059 
        D741  4 0.0190 0.0375 0.0252 0.0116 0.0201 0.0593 0.0413 0.6585 0.0181 0.0784 0.0310 
        D742  4 0.0306 0.0452 0.0364 0.0877 0.0882 0.0353 0.1766 0.1965 0.0537 0.1216 0.1281 
        D743  4 0.0235 0.0139 0.0472 0.0179 0.0238 0.3105 0.0391 0.0393 0.4049 0.0330 0.0468 
        D744  4 0.0118 0.0159 0.0190 0.0149 0.0207 0.0161 0.0244 0.0196 0.8170 0.0218 0.0189 
        D745  4 0.0149 0.0247 0.0281 0.0144 0.0386 0.0150 0.0122 0.7914 0.0210 0.0206 0.0191 
        D814  4 0.0530 0.0112 0.0435 0.0195 0.0694 0.0313 0.1347 0.3267 0.0400 0.2243 0.0464 
        D815  4 0.1730 0.1016 0.0477 0.0255 0.0228 0.0764 0.0360 0.0490 0.3526 0.0600 0.0553 
        D828  4 0.6417 0.0251 0.0242 0.0491 0.0264 0.0118 0.0441 0.0490 0.0576 0.0330 0.0380 
        D845  4 0.0135 0.0137 0.0297 0.0316 0.0120 0.0182 0.0206 0.0263 0.0220 0.0256 0.7868 
        D846  4 0.0583 0.0224 0.0578 0.0122 0.1185 0.0888 0.1318 0.0408 0.2776 0.1254 0.0663 
        D847  4 0.0601 0.0439 0.0257 0.0818 0.2935 0.0842 0.0399 0.1182 0.0505 0.0887 0.1133 
        D848  4 0.0314 0.0189 0.0183 0.0186 0.6044 0.0126 0.0497 0.0117 0.0262 0.0483 0.1599 
        D849  4 0.0638 0.0451 0.0812 0.0164 0.2047 0.0269 0.0294 0.3598 0.0461 0.1001 0.0263 
        D850  4 0.0217 0.0394 0.0627 0.0644 0.1644 0.0685 0.0375 0.1051 0.0423 0.1995 0.1945 
        D856  4 0.1444 0.2725 0.0626 0.0473 0.0390 0.0317 0.0213 0.0729 0.0546 0.2116 0.0423 
        D857  4 0.1809 0.5613 0.0129 0.0282 0.0335 0.0090 0.0750 0.0251 0.0166 0.0380 0.0196 
        D859  4 0.0475 0.0235 0.0272 0.0234 0.0289 0.0588 0.0276 0.1559 0.4139 0.0820 0.1114 
        D860  4 0.0300 0.0338 0.0247 0.4044 0.0312 0.0727 0.0772 0.0204 0.0824 0.0716 0.1516 
        D883  4 0.1050 0.0915 0.0936 0.0586 0.2027 0.1437 0.0262 0.0851 0.0668 0.0731 0.0537 
        D884  4 0.0317 0.0761 0.0428 0.0365 0.0230 0.0263 0.0131 0.6605 0.0315 0.0341 0.0243 
        D885  4 0.0166 0.0395 0.1747 0.0199 0.0383 0.0723 0.0545 0.1971 0.0527 0.1519 0.1824 
        D886  4 0.2014 0.1265 0.0222 0.0266 0.1910 0.1443 0.0534 0.0665 0.0547 0.0746 0.0388 
        D887  4 0.0683 0.0483 0.0247 0.0551 0.0431 0.1288 0.0915 0.1585 0.1021 0.1033 0.1763 
        D889  4 0.1289 0.0145 0.0302 0.0161 0.0176 0.0280 0.0111 0.0544 0.0355 0.0659 0.5977 
        D890  4 0.1284 0.0810 0.3799 0.0625 0.0557 0.0269 0.0644 0.0253 0.0709 0.0704 0.0345 
        D891  4 0.0085 0.0088 0.0153 0.0106 0.0109 0.0131 0.0099 0.0104 0.0097 0.0144 0.8883 
        D899  4 0.0670 0.0261 0.0448 0.0719 0.0303 0.0284 0.3794 0.0358 0.0881 0.0820 0.1463 
        D900  4 0.1553 0.0584 0.0477 0.0529 0.0956 0.0948 0.0735 0.0624 0.1215 0.1727 0.0653 
        D970  4 0.0324 0.0474 0.0787 0.0415 0.0719 0.1354 0.0536 0.0402 0.2789 0.1127 0.1072 
        D971  4 0.0668 0.0766 0.0462 0.0566 0.0305 0.0359 0.3830 0.0212 0.1564 0.0977 0.0291 
        D979  4 0.1314 0.0287 0.0826 0.0421 0.0252 0.1688 0.0309 0.0483 0.3026 0.0933 0.0460 
        D093  5 0.0376 0.0264 0.0250 0.6606 0.0228 0.0378 0.0192 0.0722 0.0210 0.0306 0.0467 
        D154  5 0.0845 0.0244 0.3198 0.0284 0.0126 0.0255 0.0734 0.1706 0.0307 0.1475 0.0826 
        D168  5 0.0445 0.0342 0.3316 0.0117 0.0636 0.0445 0.1408 0.1068 0.0281 0.1102 0.0841 
        D189  5 0.1802 0.0215 0.0309 0.2596 0.0265 0.0422 0.0355 0.0971 0.0309 0.0852 0.1903 
        D190  5 0.0457 0.0382 0.1654 0.5531 0.0132 0.0259 0.0196 0.0410 0.0421 0.0270 0.0288 
     D237220  5 0.0413 0.1181 0.0177 0.1321 0.2198 0.0226 0.0204 0.1189 0.0741 0.0858 0.1493 
     D237221  5 0.0417 0.0811 0.1545 0.2208 0.0312 0.0586 0.0867 0.0432 0.0631 0.0606 0.1585 
     D237274  5 0.1257 0.0812 0.0316 0.0165 0.0189 0.3504 0.0521 0.0660 0.1675 0.0654 0.0247 
     D237275  5 0.1996 0.0458 0.0326 0.0273 0.0204 0.0146 0.4447 0.0284 0.0149 0.0585 0.1131 
     D237276  5 0.0993 0.1037 0.0598 0.0979 0.0391 0.0781 0.0277 0.3727 0.0336 0.0616 0.0266 
     D237277  5 0.0288 0.0405 0.2083 0.4339 0.0138 0.0249 0.0375 0.0324 0.0531 0.0317 0.0953 
     D237278  5 0.0722 0.0658 0.0282 0.1818 0.0564 0.0764 0.2834 0.0425 0.0832 0.0839 0.0262 
     D237279  5 0.0201 0.2878 0.1839 0.0148 0.0865 0.0483 0.0160 0.0376 0.0786 0.1946 0.0318 
     D237280  5 0.0639 0.1988 0.1925 0.0713 0.1271 0.1051 0.0225 0.0310 0.0450 0.1069 0.0359 
     D237281  5 0.0329 0.0192 0.0233 0.0203 0.0141 0.0492 0.1434 0.0458 0.0225 0.0736 0.5557 
     D237351  5 0.0166 0.5249 0.2114 0.0438 0.0218 0.0138 0.0166 0.0660 0.0180 0.0378 0.0294 
     D237352  5 0.0808 0.0357 0.1600 0.0435 0.2888 0.0326 0.0602 0.0389 0.1741 0.0624 0.0231 
     D237353  5 0.0263 0.0489 0.1865 0.5726 0.0116 0.0168 0.0176 0.0151 0.0345 0.0245 0.0454 
     D237359  5 0.0474 0.0423 0.0486 0.0556 0.1336 0.0358 0.0262 0.1564 0.0535 0.1137 0.2870 
     D237361  5 0.0299 0.0397 0.0284 0.7601 0.0142 0.0168 0.0152 0.0234 0.0170 0.0330 0.0221 
     D237362  5 0.0147 0.0187 0.7887 0.0232 0.0149 0.0268 0.0202 0.0272 0.0197 0.0225 0.0234 
     D237363  5 0.0611 0.0331 0.1577 0.0411 0.0244 0.0253 0.0800 0.0532 0.0188 0.4557 0.0495 
     D237364  5 0.0608 0.0688 0.0705 0.0127 0.0722 0.0466 0.0873 0.3076 0.0978 0.1033 0.0724 
     D237376  5 0.6439 0.0260 0.0227 0.0399 0.0147 0.0122 0.0231 0.0477 0.1090 0.0345 0.0261 
     D237377  5 0.0193 0.2927 0.2101 0.1313 0.0309 0.0664 0.0363 0.0247 0.0360 0.1217 0.0306 
     D237378  5 0.1456 0.0266 0.0710 0.3536 0.0345 0.0219 0.0611 0.0664 0.0648 0.0766 0.0779 
     D237379  5 0.1250 0.0320 0.0522 0.2100 0.0533 0.0297 0.0340 0.0672 0.2476 0.0790 0.0700 
     D237380  5 0.2981 0.4025 0.0146 0.0451 0.0231 0.0213 0.0146 0.0480 0.0590 0.0611 0.0126 
     D237381  5 0.1098 0.1872 0.0381 0.0631 0.1658 0.0362 0.0548 0.0695 0.0759 0.1451 0.0546 
     D237391  5 0.0122 0.0287 0.0263 0.7496 0.0182 0.0251 0.0144 0.0307 0.0193 0.0365 0.0390 
     D237392  5 0.1375 0.0926 0.0844 0.0221 0.0234 0.2269 0.1728 0.0628 0.0636 0.0810 0.0329 
     D237393  5 0.0677 0.0790 0.0313 0.1472 0.0476 0.4262 0.0519 0.0261 0.0345 0.0469 0.0417 
