        D174  1 0.1394 0.4975 0.1133 0.1224 0.0414 0.0859 
        D199  1 0.0573 0.2038 0.0658 0.1386 0.2172 0.3173 
        D203  1 0.1602 0.0881 0.1440 0.1233 0.2407 0.2438 
        D204  1 0.0479 0.0263 0.0247 0.0345 0.0316 0.8350 
     D237366  1 0.2277 0.0795 0.3531 0.1836 0.0824 0.0737 
     D237367  1 0.1035 0.0596 0.1307 0.2905 0.0535 0.3621 
     D237368  1 0.0629 0.1133 0.5159 0.0949 0.0623 0.1507 
     D244101  1 0.1477 0.0364 0.0284 0.1332 0.1831 0.4713 
     D244102  1 0.4855 0.0831 0.1130 0.1067 0.0740 0.1377 
     D244103  1 0.1022 0.0580 0.1396 0.4807 0.0455 0.1740 
     D244104  1 0.0264 0.1331 0.0491 0.0491 0.0537 0.6886 
     D244105  1 0.1230 0.0341 0.4180 0.3228 0.0294 0.0726 
     D244106  1 0.0901 0.5635 0.0430 0.1099 0.1102 0.0832 
     D244107  1 0.0526 0.0230 0.5843 0.1448 0.0863 0.1089 
     D244108  1 0.1325 0.4357 0.1822 0.0733 0.0539 0.1224 
     D244113  1 0.3349 0.5020 0.0501 0.0506 0.0332 0.0292 
     D244114  1 0.1713 0.1220 0.0613 0.3797 0.1405 0.1252 
     D244115  1 0.0725 0.3508 0.1752 0.2006 0.0400 0.1609 
     D267365  1 0.0683 0.3570 0.0644 0.0798 0.0539 0.3767 
        D404  1 0.4154 0.4113 0.0297 0.0664 0.0392 0.0380 
        D405  1 0.3874 0.1542 0.0860 0.1202 0.1161 0.1360 
        D406  1 0.0386 0.0391 0.7914 0.0289 0.0225 0.0796 
        D407  1 0.0294 0.0315 0.0839 0.2400 0.0656 0.5495 
        D408  1 0.0703 0.6800 0.0375 0.0826 0.0745 0.0551 
        D409  1 0.0751 0.0646 0.0803 0.6304 0.0571 0.0926 
        D410  1 0.0352 0.0400 0.7753 0.0413 0.0163 0.0918 
        D421  1 0.0146 0.0383 0.0208 0.0534 0.0340 0.8388 
        D422  1 0.0231 0.0237 0.8090 0.0617 0.0332 0.0493 
        D423  1 0.0257 0.0234 0.8098 0.0490 0.0420 0.0502 
        D424  1 0.0354 0.0473 0.0685 0.2840 0.0203 0.5445 
        D425  1 0.0980 0.2019 0.0412 0.2012 0.0369 0.4208 
        D426  1 0.0221 0.0474 0.0595 0.7168 0.0887 0.0656 
        D427  1 0.0188 0.2071 0.0352 0.0400 0.4670 0.2319 
        D428  1 0.1151 0.1597 0.1367 0.1323 0.0574 0.3987 
        D429  1 0.1181 0.2878 0.0621 0.1050 0.0590 0.3679 
        D430  1 0.1835 0.1910 0.0519 0.3429 0.1255 0.1053 
        D491  1 0.0466 0.7300 0.0303 0.0452 0.0181 0.1297 
        D492  1 0.1153 0.1763 0.1331 0.2466 0.0475 0.2812 
        D537  1 0.0621 0.0382 0.0716 0.0878 0.0242 0.7161 
        D538  1 0.2359 0.1143 0.2575 0.2371 0.0813 0.0738 
        D539  1 0.2382 0.2685 0.1378 0.1228 0.1588 0.0739 
        D540  1 0.0642 0.0782 0.1173 0.4012 0.0532 0.2860 
        D541  1 0.0171 0.0227 0.0281 0.0299 0.0222 0.8799 
        D551  1 0.0357 0.0631 0.0483 0.4847 0.2750 0.0931 
        D552  1 0.0738 0.2148 0.3433 0.0988 0.0524 0.2170 
        D553  1 0.0150 0.0361 0.0209 0.0376 0.0206 0.8699 
        D615  1 0.0833 0.1156 0.1548 0.0966 0.1123 0.4374 
        D616  1 0.0377 0.0936 0.2313 0.2163 0.1459 0.2752 
        D621  1 0.0930 0.1097 0.6817 0.0475 0.0303 0.0380 
        D622  1 0.0629 0.0457 0.7276 0.0809 0.0282 0.0546 
        D623  1 0.3113 0.3097 0.0491 0.0739 0.2050 0.0510 
        D624  1 0.0384 0.7648 0.0378 0.0930 0.0214 0.0446 
        D625  1 0.0416 0.0615 0.0704 0.0690 0.0196 0.7379 
        D626  1 0.1048 0.4642 0.2090 0.0847 0.0543 0.0830 
        D627  1 0.0293 0.0507 0.0336 0.7649 0.0612 0.0602 
        D690  1 0.0247 0.0753 0.0762 0.0305 0.0139 0.7793 
        D691  1 0.0380 0.0458 0.7167 0.0536 0.0331 0.1127 
        D710  1 0.0899 0.2212 0.0988 0.1414 0.0614 0.3872 
        D711  1 0.0632 0.0397 0.0668 0.0447 0.0315 0.7542 
        D712  1 0.1130 0.6430 0.0777 0.0603 0.0658 0.0401 
        D713  1 0.2926 0.2172 0.0998 0.1368 0.0273 0.2264 
        D746  1 0.0257 0.0245 0.8124 0.0385 0.0277 0.0712 
        D747  1 0.0222 0.0238 0.0198 0.0219 0.0238 0.8885 
        D748  1 0.1173 0.0478 0.2278 0.1105 0.0330 0.4636 
        D749  1 0.1011 0.1300 0.4835 0.1905 0.0603 0.0346 
        D750  1 0.0585 0.5803 0.0871 0.0428 0.0292 0.2021 
        D763  1 0.1703 0.0650 0.0977 0.2030 0.2327 0.2312 
        D764  1 0.0219 0.2306 0.1198 0.0511 0.0232 0.5533 
        D765  1 0.0561 0.2248 0.5250 0.1003 0.0295 0.0645 
        D766  1 0.0831 0.0540 0.5040 0.0951 0.0329 0.2309 
        D767  1 0.4394 0.0431 0.1606 0.0935 0.0913 0.1721 
        D768  1 0.0224 0.0203 0.0294 0.0618 0.0288 0.8372 
        D811  1 0.3474 0.3320 0.0631 0.1753 0.0324 0.0497 
        D816  1 0.0329 0.0502 0.0308 0.0377 0.0176 0.8307 
        D825  1 0.1414 0.3760 0.1342 0.1721 0.0210 0.1553 
        D866  1 0.0542 0.4036 0.0569 0.1210 0.2859 0.0784 
        D867  1 0.0770 0.0363 0.7360 0.0678 0.0450 0.0379 
        D871  1 0.0613 0.0630 0.0315 0.7208 0.0372 0.0862 
        D872  1 0.1842 0.0484 0.2352 0.0775 0.0433 0.4114 
        D873  1 0.0429 0.0166 0.8836 0.0245 0.0201 0.0123 
        D874  1 0.3676 0.1859 0.0216 0.0818 0.0433 0.2998 
        D875  1 0.0568 0.0299 0.0904 0.7624 0.0214 0.0390 
        D876  1 0.0981 0.1422 0.0753 0.0794 0.0346 0.5704 
        D877  1 0.4897 0.2642 0.0226 0.1106 0.0463 0.0667 
        D892  1 0.1621 0.2044 0.1493 0.1294 0.0226 0.3322 
        D893  1 0.0644 0.0384 0.0675 0.1036 0.0691 0.6571 
        D894  1 0.0590 0.0856 0.0597 0.1431 0.0483 0.6044 
        D915  1 0.0473 0.0835 0.1433 0.0869 0.0348 0.6041 
        D916  1 0.0201 0.0232 0.0377 0.0320 0.0190 0.8680 
        D917  1 0.0949 0.3275 0.0424 0.1468 0.1226 0.2659 
        D925  1 0.0247 0.0997 0.6474 0.0357 0.0267 0.1659 
        D926  1 0.1008 0.1115 0.0801 0.2544 0.0358 0.4174 
        D927  1 0.0891 0.0888 0.0454 0.1222 0.2660 0.3884 
        D928  1 0.0760 0.7564 0.0193 0.0370 0.0161 0.0950 
        D929  1 0.7209 0.0777 0.0574 0.0565 0.0289 0.0585 
        D936  1 0.0977 0.0546 0.0327 0.0690 0.0812 0.6648 
        D938  1 0.0341 0.0353 0.8552 0.0244 0.0148 0.0361 
        D956  1 0.1579 0.6230 0.0457 0.0898 0.0504 0.0332 
        D957  1 0.1521 0.0604 0.3986 0.0804 0.0417 0.2668 
        D958  1 0.1086 0.1391 0.2912 0.0757 0.0245 0.3609 
        D959  1 0.0199 0.0256 0.0841 0.3389 0.0461 0.4854 
        D960  1 0.0669 0.0366 0.8106 0.0315 0.0199 0.0346 
        D989  1 0.0645 0.6529 0.0344 0.0666 0.1077 0.0739 
        D990  1 0.0229 0.0831 0.7567 0.0547 0.0582 0.0245 
        D023  2 0.0181 0.0259 0.6974 0.0496 0.0250 0.1840 
        D130  2 0.0731 0.0213 0.7125 0.0541 0.0327 0.1063 
        D131  2 0.0766 0.0485 0.0473 0.4867 0.0572 0.2837 
        D163  2 0.0264 0.0505 0.7444 0.0589 0.0227 0.0972 
        D164  2 0.0199 0.0137 0.4817 0.0189 0.4477 0.0182 
        D165  2 0.0221 0.0325 0.7588 0.0524 0.0412 0.0930 
        D166  2 0.5288 0.0359 0.0655 0.2529 0.0643 0.0526 
        D167  2 0.0486 0.0427 0.0248 0.0269 0.8365 0.0205 
        D192  2 0.0249 0.0265 0.0193 0.0221 0.8936 0.0137 
        D193  2 0.5147 0.2073 0.0665 0.1307 0.0507 0.0301 
        D206  2 0.1090 0.0437 0.1154 0.2972 0.2021 0.2326 
        D207  2 0.1020 0.0353 0.0316 0.1637 0.6182 0.0492 
        D208  2 0.0982 0.3835 0.0645 0.0916 0.2870 0.0752 
        D209  2 0.1192 0.0434 0.0820 0.2851 0.3881 0.0821 
        D210  2 0.0504 0.5462 0.0454 0.0605 0.2087 0.0888 
     D229599  2 0.2084 0.1156 0.1363 0.1740 0.1156 0.2502 
     D229600  2 0.0648 0.0281 0.4791 0.1002 0.2755 0.0523 
     D237227  2 0.0405 0.6155 0.1523 0.0708 0.0680 0.0529 
     D237228  2 0.0773 0.2898 0.3696 0.1525 0.0895 0.0212 
     D237258  2 0.1332 0.1304 0.1941 0.1828 0.2412 0.1183 
     D237310  2 0.2304 0.0645 0.4558 0.1651 0.0638 0.0204 
     D237311  2 0.0836 0.0438 0.5719 0.0888 0.1923 0.0196 
     D237312  2 0.4848 0.0574 0.2154 0.1757 0.0303 0.0364 
     D237313  2 0.1347 0.1655 0.1566 0.2082 0.0476 0.2874 
     D237322  2 0.2724 0.1482 0.0886 0.2628 0.1809 0.0471 
     D237323  2 0.0944 0.1381 0.6404 0.0630 0.0381 0.0260 
     D237324  2 0.0453 0.0266 0.3518 0.2758 0.2210 0.0797 
     D237325  2 0.1841 0.1103 0.4805 0.1005 0.0694 0.0551 
     D237326  2 0.0478 0.1030 0.6174 0.0868 0.0375 0.1076 
     D237327  2 0.1297 0.1184 0.0668 0.2418 0.3481 0.0953 
     D237337  2 0.0736 0.0686 0.6887 0.0988 0.0256 0.0446 
     D237338  2 0.1589 0.1790 0.3329 0.1482 0.1094 0.0715 
     D237339  2 0.3080 0.0284 0.0320 0.1211 0.3385 0.1720 
     D237340  2 0.1971 0.1963 0.2846 0.0728 0.2136 0.0356 
     D237389  2 0.2070 0.0392 0.5284 0.1087 0.0800 0.0368 
     D237390  2 0.3831 0.1114 0.2495 0.1410 0.0469 0.0680 
     D244017  2 0.1433 0.3627 0.0510 0.1186 0.2900 0.0344 
     D244112  2 0.0612 0.0345 0.0522 0.0663 0.7669 0.0189 
     D244118  2 0.0415 0.0238 0.3925 0.0257 0.4983 0.0182 
     D244119  2 0.0320 0.5862 0.0243 0.0379 0.2896 0.0300 
     D244120  2 0.2926 0.0889 0.0472 0.0609 0.4912 0.0193 
     D244122  2 0.0880 0.0479 0.0632 0.0601 0.7081 0.0328 
        D291  2 0.0661 0.0951 0.0744 0.2786 0.3816 0.1042 
        D292  2 0.0741 0.1468 0.0514 0.0640 0.3777 0.2860 
        D293  2 0.0314 0.0250 0.0143 0.0598 0.6383 0.2313 
        D322  2 0.0753 0.0311 0.0541 0.1135 0.4543 0.2717 
        D323  2 0.2299 0.0998 0.0617 0.2767 0.1576 0.1743 
        D324  2 0.0395 0.1306 0.1355 0.1975 0.1904 0.3065 
        D325  2 0.0213 0.0171 0.0170 0.0722 0.8183 0.0541 
        D326  2 0.0244 0.0421 0.0165 0.0442 0.0237 0.8490 
        D340  2 0.0159 0.0213 0.0207 0.0270 0.8835 0.0317 
        D341  2 0.0714 0.0550 0.0523 0.0729 0.6848 0.0637 
        D342  2 0.0650 0.0299 0.1487 0.1221 0.5995 0.0348 
        D343  2 0.0152 0.0131 0.0143 0.0212 0.9139 0.0223 
        D344  2 0.4646 0.0374 0.0510 0.1712 0.0651 0.2107 
        D345  2 0.1048 0.0834 0.2755 0.1342 0.0803 0.3218 
        D346  2 0.0600 0.6072 0.0456 0.0779 0.1220 0.0872 
        D351  2 0.1212 0.0517 0.0769 0.2681 0.1229 0.3593 
        D352  2 0.4088 0.1060 0.0472 0.2220 0.1254 0.0906 
        D353  2 0.1176 0.0239 0.0247 0.5492 0.0532 0.2315 
        D354  2 0.4183 0.1200 0.0760 0.1038 0.0413 0.2406 
        D362  2 0.0330 0.0514 0.0598 0.0594 0.0324 0.7640 
        D363  2 0.0326 0.0812 0.0320 0.0448 0.0304 0.7790 
        D364  2 0.2493 0.0622 0.0763 0.1068 0.0456 0.4597 
        D365  2 0.0211 0.0217 0.0176 0.0296 0.8662 0.0438 
        D369  2 0.0346 0.2417 0.0931 0.1244 0.2327 0.2735 
        D374  2 0.2782 0.5979 0.0369 0.0421 0.0246 0.0203 
        D375  2 0.6343 0.0300 0.0478 0.1566 0.0509 0.0803 
        D376  2 0.2842 0.5712 0.0402 0.0444 0.0401 0.0198 
        D377  2 0.2649 0.1343 0.1499 0.2732 0.1077 0.0700 
        D378  2 0.1609 0.0370 0.0529 0.1230 0.2409 0.3853 
        D379  2 0.0534 0.0465 0.0279 0.1300 0.0243 0.7179 
        D384  2 0.0165 0.0400 0.0202 0.0341 0.0193 0.8700 
        D385  2 0.0991 0.0390 0.0265 0.0518 0.7520 0.0317 
        D386  2 0.2615 0.0299 0.0683 0.1586 0.0750 0.4068 
        D391  2 0.0511 0.0269 0.0251 0.0386 0.7818 0.0764 
        D392  2 0.0427 0.0651 0.0897 0.0601 0.6421 0.1004 
        D393  2 0.0804 0.0382 0.0509 0.0697 0.1320 0.6288 
        D394  2 0.2192 0.0819 0.2620 0.1761 0.1066 0.1542 
        D395  2 0.2830 0.0310 0.0368 0.2209 0.3825 0.0458 
        D401  2 0.0377 0.0600 0.7620 0.0786 0.0403 0.0214 
        D402  2 0.0330 0.0268 0.0218 0.0335 0.8566 0.0283 
        D403  2 0.1882 0.0325 0.1064 0.2904 0.0350 0.3475 
        D415  2 0.0455 0.0205 0.0858 0.2891 0.0259 0.5332 
        D435  2 0.0479 0.0249 0.0609 0.0752 0.1929 0.5982 
        D436  2 0.4410 0.0893 0.0569 0.1243 0.0538 0.2348 
        D438  2 0.0170 0.0300 0.0231 0.0338 0.8745 0.0216 
        D439  2 0.2728 0.0240 0.0783 0.2694 0.1552 0.2002 
        D449  2 0.0247 0.0298 0.0485 0.3181 0.4262 0.1528 
        D450  2 0.1982 0.2398 0.0811 0.2321 0.0471 0.2015 
        D456  2 0.0178 0.0250 0.0209 0.0617 0.0200 0.8546 
        D462  2 0.0534 0.0184 0.0203 0.0353 0.8075 0.0651 
        D463  2 0.0241 0.0449 0.0195 0.0383 0.0174 0.8559 
        D464  2 0.3192 0.0491 0.0246 0.3688 0.0950 0.1434 
        D465  2 0.0500 0.0382 0.0749 0.1600 0.3477 0.3292 
        D473  2 0.1424 0.5356 0.1348 0.0848 0.0527 0.0496 
        D474  2 0.0313 0.1210 0.0746 0.0660 0.1060 0.6011 
        D476  2 0.1985 0.0215 0.4606 0.0850 0.1465 0.0879 
        D477  2 0.1396 0.1289 0.0540 0.0897 0.0560 0.5318 
        D478  2 0.1900 0.1957 0.1323 0.3084 0.0863 0.0873 
        D480  2 0.1527 0.1398 0.0310 0.1045 0.1356 0.4364 
        D481  2 0.1576 0.1459 0.1279 0.1330 0.0865 0.3490 
        D482  2 0.3893 0.2790 0.0769 0.1093 0.1025 0.0430 
        D483  2 0.0253 0.0767 0.0413 0.0353 0.7960 0.0254 
        D484  2 0.6932 0.0480 0.0308 0.0746 0.0981 0.0553 
        D510  2 0.1193 0.7339 0.0261 0.0449 0.0431 0.0327 
        D511  2 0.2692 0.0330 0.0583 0.1010 0.1416 0.3968 
        D512  2 0.1155 0.0225 0.4826 0.2065 0.1358 0.0371 
        D513  2 0.0409 0.0897 0.0445 0.1715 0.4999 0.1536 
        D635  2 0.0238 0.0552 0.2120 0.1464 0.0441 0.5185 
        D636  2 0.0168 0.0266 0.8589 0.0308 0.0230 0.0439 
        D637  2 0.2976 0.1360 0.0575 0.1207 0.3228 0.0653 
        D658  2 0.2401 0.0905 0.0738 0.0611 0.5037 0.0308 
        D659  2 0.0416 0.0669 0.0657 0.1031 0.0465 0.6762 
        D677  2 0.1665 0.0400 0.1583 0.1577 0.0887 0.3888 
        D678  2 0.0933 0.0292 0.0459 0.1627 0.6287 0.0403 
        D679  2 0.0543 0.0913 0.0433 0.1550 0.0913 0.5648 
        D719  2 0.0367 0.4984 0.0252 0.0494 0.1714 0.2189 
        D720  2 0.0301 0.0773 0.0359 0.0612 0.0371 0.7584 
        D721  2 0.0411 0.0449 0.5883 0.1115 0.0836 0.1306 
        D722  2 0.2743 0.4563 0.0774 0.0718 0.0866 0.0336 
        D734  2 0.2570 0.4309 0.0194 0.0732 0.1485 0.0711 
        D735  2 0.0702 0.1248 0.1092 0.1646 0.0923 0.4389 
        D736  2 0.0438 0.5165 0.0710 0.0829 0.1625 0.1234 
        D737  2 0.1873 0.0647 0.1184 0.0569 0.5373 0.0354 
        D807  2 0.0948 0.3290 0.0589 0.0779 0.1111 0.3283 
        D808  2 0.1672 0.0583 0.2279 0.2465 0.1823 0.1177 
        D817  2 0.1309 0.0988 0.0604 0.1633 0.0430 0.5035 
        D818  2 0.0948 0.0367 0.0419 0.3834 0.3543 0.0889 
        D819  2 0.1023 0.0836 0.1472 0.2575 0.0680 0.3415 
        D820  2 0.0431 0.0297 0.0180 0.0608 0.0561 0.7924 
        D895  2 0.0553 0.0694 0.1809 0.1842 0.0463 0.4639 
        D896  2 0.0514 0.0566 0.8086 0.0341 0.0224 0.0269 
        D897  2 0.0777 0.0480 0.0566 0.1716 0.6013 0.0448 
        D898  2 0.2587 0.1260 0.1061 0.3321 0.0798 0.0973 
        D918  2 0.2073 0.0912 0.2070 0.2831 0.1427 0.0688 
        D919  2 0.2269 0.0342 0.0438 0.1631 0.2246 0.3076 
        D920  2 0.0649 0.0536 0.7754 0.0393 0.0314 0.0353 
        D923  2 0.0931 0.0350 0.0251 0.0717 0.0387 0.7365 
        D930  2 0.1526 0.1476 0.0674 0.2284 0.0657 0.3382 
        D931  2 0.1809 0.0764 0.0478 0.1035 0.1465 0.4449 
        D968  2 0.0248 0.0194 0.0138 0.0214 0.8921 0.0285 
        D969  2 0.0528 0.1246 0.0420 0.1186 0.2951 0.3669 
        D977  2 0.0514 0.0258 0.0315 0.1459 0.7026 0.0428 
        D978  2 0.1579 0.0812 0.0309 0.3358 0.3395 0.0547 
        D211  3 0.1710 0.0456 0.2979 0.2808 0.0497 0.1549 
     D229639  3 0.0613 0.3397 0.0498 0.0609 0.4070 0.0812 
     D237212  3 0.2057 0.0830 0.1087 0.1771 0.2272 0.1982 
     D237213  3 0.2230 0.0404 0.2288 0.2710 0.0755 0.1613 
     D237214  3 0.0492 0.0439 0.4120 0.4021 0.0270 0.0657 
     D237215  3 0.0727 0.1250 0.0294 0.0419 0.7080 0.0231 
     D237216  3 0.0872 0.0347 0.0784 0.7154 0.0397 0.0445 
     D237217  3 0.0757 0.0269 0.2933 0.3586 0.0632 0.1823 
     D237218  3 0.2354 0.1675 0.0739 0.1800 0.1569 0.1863 
     D237219  3 0.0721 0.2933 0.3543 0.1706 0.0639 0.0459 
     D237382  3 0.3737 0.1540 0.0984 0.1964 0.0679 0.1096 
     D244127  3 0.0630 0.0370 0.5436 0.1541 0.1598 0.0425 
     D244129  3 0.1553 0.0809 0.2086 0.2218 0.1292 0.2043 
     D244133  3 0.0677 0.2717 0.1046 0.2699 0.1686 0.1176 
     D244134  3 0.0380 0.5779 0.0964 0.0612 0.1659 0.0606 
     D244135  3 0.0429 0.0315 0.6224 0.1389 0.0895 0.0749 
     D244136  3 0.0786 0.2942 0.0745 0.2151 0.1202 0.2173 
        D416  3 0.0884 0.0698 0.1631 0.3075 0.2126 0.1586 
        D417  3 0.0966 0.0411 0.0575 0.1214 0.0245 0.6588 
        D419  3 0.0752 0.1916 0.1981 0.1661 0.1652 0.2037 
        D565  3 0.0241 0.8283 0.0196 0.0287 0.0232 0.0761 
        D566  3 0.0368 0.5178 0.0367 0.0785 0.2622 0.0679 
        D567  3 0.0556 0.0368 0.1108 0.0710 0.0415 0.6843 
        D568  3 0.1908 0.0287 0.2554 0.1207 0.1676 0.2369 
        D569  3 0.3798 0.0568 0.0841 0.1933 0.1955 0.0905 
        D573  3 0.0321 0.0503 0.0316 0.0793 0.6600 0.1467 
        D574  3 0.1125 0.5369 0.0706 0.1688 0.0656 0.0456 
        D575  3 0.0598 0.2717 0.2590 0.1510 0.0977 0.1607 
        D576  3 0.0635 0.0587 0.0274 0.0573 0.7814 0.0116 
        D577  3 0.0920 0.0630 0.0698 0.1006 0.0394 0.6352 
        D578  3 0.0429 0.0209 0.6990 0.1696 0.0426 0.0251 
        D579  3 0.0810 0.2914 0.0897 0.1085 0.1548 0.2747 
        D660  3 0.0949 0.0474 0.1299 0.2415 0.4541 0.0322 
        D661  3 0.1347 0.0548 0.0632 0.1462 0.5462 0.0550 
        D663  3 0.0619 0.0736 0.0266 0.1196 0.6450 0.0733 
        D664  3 0.1318 0.1632 0.3241 0.1581 0.1928 0.0299 
        D665  3 0.2455 0.0232 0.1690 0.4602 0.0657 0.0363 
        D666  3 0.0807 0.3295 0.2372 0.1760 0.0609 0.1157 
        D009  4 0.2972 0.0421 0.3093 0.1975 0.0323 0.1216 
        D057  4 0.2129 0.0538 0.2521 0.0621 0.3186 0.1005 
        D109  4 0.0813 0.0821 0.5460 0.1875 0.0324 0.0708 
     D237222  4 0.1289 0.1301 0.5676 0.0625 0.0508 0.0601 
     D237223  4 0.1894 0.1313 0.2494 0.2443 0.1046 0.0810 
     D237224  4 0.2040 0.0699 0.0660 0.1284 0.2956 0.2361 
     D237225  4 0.1611 0.0789 0.1730 0.3897 0.0638 0.1335 
     D237299  4 0.1988 0.0567 0.0661 0.6078 0.0464 0.0243 
     D237300  4 0.0552 0.1711 0.0328 0.0834 0.6293 0.0282 
     D237306  4 0.1962 0.4921 0.0792 0.1039 0.0421 0.0866 
     D237307  4 0.0749 0.2654 0.0512 0.1580 0.0622 0.3882 
     D237308  4 0.1367 0.1213 0.1632 0.0708 0.4264 0.0816 
     D237309  4 0.1771 0.0417 0.2493 0.2547 0.0750 0.2023 
     D237317  4 0.0789 0.4641 0.0790 0.1730 0.0389 0.1661 
     D237318  4 0.0287 0.1177 0.0211 0.0934 0.7057 0.0335 
     D237319  4 0.2333 0.0775 0.2256 0.2727 0.0735 0.1175 
     D237320  4 0.1120 0.0626 0.2810 0.1730 0.2329 0.1385 
     D237321  4 0.0646 0.1754 0.0707 0.1147 0.5045 0.0701 
     D237397  4 0.1177 0.2720 0.1516 0.1480 0.2177 0.0930 
     D237398  4 0.0634 0.0829 0.0464 0.2466 0.4364 0.1244 
     D237399  4 0.1322 0.3370 0.0786 0.1436 0.1352 0.1735 
     D244001  4 0.1231 0.0453 0.5704 0.1220 0.0963 0.0429 
        D289  4 0.1558 0.3267 0.0522 0.1232 0.1524 0.1897 
        D290  4 0.5035 0.0499 0.0527 0.2319 0.0756 0.0864 
        D294  4 0.3751 0.0487 0.0405 0.2743 0.0712 0.1904 
        D295  4 0.2580 0.1173 0.1029 0.0899 0.0440 0.3880 
        D301  4 0.1010 0.0861 0.6722 0.0454 0.0632 0.0321 
        D302  4 0.3699 0.0272 0.0335 0.1107 0.0348 0.4239 
        D303  4 0.1089 0.6020 0.0810 0.0623 0.0843 0.0614 
        D304  4 0.3568 0.1543 0.0423 0.2391 0.0864 0.1210 
        D305  4 0.3466 0.0213 0.0486 0.4322 0.1094 0.0419 
        D306  4 0.4333 0.0583 0.0506 0.3640 0.0364 0.0575 
        D307  4 0.0621 0.0755 0.7733 0.0300 0.0391 0.0201 
        D327  4 0.0751 0.1032 0.0500 0.1450 0.0724 0.5542 
        D328  4 0.5261 0.2283 0.0598 0.0994 0.0416 0.0448 
        D329  4 0.2869 0.0612 0.1281 0.1393 0.2135 0.1709 
        D330  4 0.1815 0.0291 0.1931 0.1846 0.0871 0.3245 
        D331  4 0.2191 0.1818 0.0837 0.1827 0.0988 0.2339 
        D333  4 0.3306 0.1805 0.1436 0.0861 0.1392 0.1200 
        D334  4 0.0935 0.5613 0.0675 0.0804 0.0415 0.1558 
        D335  4 0.2115 0.0469 0.0418 0.0632 0.0553 0.5815 
        D370  4 0.4310 0.1452 0.2019 0.1008 0.0525 0.0687 
        D371  4 0.0472 0.7135 0.0225 0.0643 0.0340 0.1184 
        D372  4 0.0889 0.1209 0.0295 0.2517 0.4873 0.0216 
        D373  4 0.0616 0.0496 0.6405 0.0951 0.0960 0.0572 
        D455  4 0.0821 0.0518 0.7317 0.0334 0.0552 0.0458 
        D490  4 0.0747 0.0251 0.8096 0.0421 0.0178 0.0307 
        D497  4 0.0907 0.0479 0.7384 0.0695 0.0313 0.0221 
        D498  4 0.2927 0.2069 0.1269 0.1634 0.0998 0.1103 
        D499  4 0.1517 0.2321 0.0442 0.2299 0.2977 0.0446 
        D514  4 0.2430 0.0300 0.0677 0.2219 0.0501 0.3872 
        D515  4 0.3422 0.0498 0.2220 0.2705 0.0353 0.0801 
        D516  4 0.1187 0.1394 0.2447 0.1672 0.0967 0.2333 
        D517  4 0.0585 0.0290 0.6067 0.1704 0.0777 0.0577 
        D518  4 0.3476 0.1294 0.2604 0.0848 0.0666 0.1112 
        D519  4 0.1410 0.0557 0.2859 0.2735 0.1307 0.1133 
        D560  4 0.2603 0.0332 0.1436 0.3069 0.1160 0.1400 
        D561  4 0.1012 0.0225 0.1227 0.5639 0.0724 0.1173 
        D562  4 0.2746 0.0962 0.1261 0.2875 0.1283 0.0872 
        D563  4 0.1501 0.0363 0.0633 0.1677 0.5078 0.0749 
        D572  4 0.5169 0.0406 0.0536 0.1014 0.0618 0.2256 
        D629  4 0.0970 0.0480 0.1396 0.1392 0.0592 0.5170 
        D630  4 0.3879 0.0867 0.0974 0.1921 0.0744 0.1615 
        D631  4 0.4106 0.0645 0.0438 0.1151 0.2749 0.0910 
        D632  4 0.1009 0.0270 0.5830 0.0614 0.1466 0.0810 
        D646  4 0.0927 0.0424 0.2770 0.2399 0.0867 0.2613 
        D647  4 0.1896 0.0231 0.1390 0.0831 0.0859 0.4793 
        D648  4 0.7905 0.0801 0.0278 0.0492 0.0311 0.0212 
        D649  4 0.1158 0.0286 0.2186 0.0641 0.0304 0.5425 
        D650  4 0.1768 0.1376 0.1481 0.1775 0.0566 0.3035 
        D708  4 0.2772 0.3682 0.0660 0.1677 0.0429 0.0781 
        D709  4 0.5724 0.0619 0.0812 0.1857 0.0420 0.0568 
        D738  4 0.0914 0.4846 0.1682 0.0700 0.0362 0.1496 
        D739  4 0.4255 0.0574 0.2004 0.1970 0.0561 0.0637 
        D740  4 0.0973 0.1997 0.1583 0.3779 0.1271 0.0396 
        D741  4 0.1131 0.0312 0.0953 0.3753 0.2049 0.1803 
        D742  4 0.1090 0.1627 0.0672 0.1487 0.4409 0.0715 
        D743  4 0.1753 0.0333 0.0284 0.0803 0.0753 0.6074 
        D744  4 0.3418 0.0424 0.0598 0.1357 0.1788 0.2414 
        D745  4 0.1985 0.0513 0.3534 0.2891 0.0479 0.0599 
        D814  4 0.1334 0.0320 0.0372 0.4627 0.2737 0.0611 
        D815  4 0.4731 0.0613 0.0716 0.0789 0.0589 0.2561 
        D828  4 0.5787 0.1666 0.0408 0.0939 0.0986 0.0214 
        D845  4 0.0324 0.2165 0.0187 0.0435 0.6546 0.0342 
        D846  4 0.2841 0.0250 0.0779 0.1982 0.2198 0.1951 
        D847  4 0.1765 0.1658 0.1435 0.2399 0.1249 0.1494 
        D848  4 0.0378 0.0450 0.6208 0.0651 0.2053 0.0259 
        D849  4 0.2895 0.0280 0.2957 0.2710 0.0467 0.0691 
        D850  4 0.0510 0.1053 0.1463 0.2424 0.1490 0.3062 
        D856  4 0.2658 0.0629 0.1801 0.3687 0.0449 0.0777 
        D857  4 0.1046 0.0402 0.7416 0.0394 0.0599 0.0142 
        D859  4 0.4699 0.0501 0.0414 0.1498 0.1233 0.1654 
        D860  4 0.0659 0.5029 0.0372 0.0677 0.1556 0.1706 
        D883  4 0.1877 0.1299 0.1991 0.1045 0.0548 0.3240 
        D884  4 0.3532 0.1199 0.2066 0.1408 0.0366 0.1429 
        D885  4 0.1101 0.0598 0.0611 0.4781 0.1473 0.1435 
        D886  4 0.2789 0.0427 0.3087 0.0952 0.0652 0.2093 
        D887  4 0.2413 0.1194 0.0996 0.1616 0.2447 0.1335 
        D889  4 0.4004 0.0893 0.0282 0.2629 0.1489 0.0702 
        D890  4 0.2969 0.2191 0.1775 0.1457 0.0731 0.0878 
        D891  4 0.0180 0.1375 0.0146 0.0421 0.7669 0.0209 
        D899  4 0.0778 0.1637 0.0351 0.0502 0.6195 0.0538 
        D900  4 0.2675 0.0890 0.0943 0.2923 0.1046 0.1523 
        D970  4 0.2558 0.1008 0.0832 0.1760 0.1416 0.2426 
        D971  4 0.0969 0.0775 0.0905 0.0958 0.4631 0.1762 
        D979  4 0.1593 0.0455 0.0274 0.0697 0.0391 0.6590 
        D093  5 0.0896 0.7093 0.0443 0.0472 0.0458 0.0637 
        D154  5 0.1572 0.0829 0.0331 0.3396 0.3373 0.0500 
        D168  5 0.0942 0.0390 0.1337 0.2984 0.3094 0.1252 
        D189  5 0.2041 0.4276 0.0332 0.1172 0.1605 0.0574 
        D190  5 0.1000 0.7405 0.0282 0.0411 0.0406 0.0496 
     D237220  5 0.2458 0.2018 0.2443 0.1924 0.0549 0.0607 
     D237221  5 0.0840 0.4851 0.0578 0.0800 0.1855 0.1075 
     D237274  5 0.1196 0.0242 0.0486 0.1246 0.0509 0.6320 
     D237275  5 0.0891 0.0367 0.0280 0.1047 0.7170 0.0244 
     D237276  5 0.2874 0.2308 0.1611 0.1070 0.0539 0.1598 
     D237277  5 0.0690 0.6990 0.0334 0.0424 0.1046 0.0515 
     D237278  5 0.1159 0.2352 0.1195 0.1143 0.3473 0.0678 
     D237279  5 0.0365 0.0305 0.4703 0.3586 0.0398 0.0644 
     D237280  5 0.0883 0.1135 0.5049 0.1201 0.0288 0.1443 
     D237281  5 0.0263 0.0463 0.0190 0.0913 0.7711 0.0460 
     D237351  5 0.0396 0.1269 0.6701 0.0935 0.0344 0.0355 
     D237352  5 0.1219 0.0818 0.3980 0.0977 0.0854 0.2153 
     D237353  5 0.0343 0.8553 0.0252 0.0270 0.0269 0.0314 
     D237359  5 0.2611 0.1614 0.1408 0.2626 0.0859 0.0882 
     D237361  5 0.0458 0.8494 0.0265 0.0291 0.0229 0.0263 
     D237362  5 0.1001 0.2389 0.0856 0.2233 0.0802 0.2719 
     D237363  5 0.0494 0.0574 0.0392 0.6958 0.1035 0.0547 
     D237364  5 0.2877 0.0264 0.1008 0.2750 0.1816 0.1284 
     D237376  5 0.6127 0.1931 0.0220 0.0913 0.0601 0.0208 
     D237377  5 0.0469 0.1603 0.3257 0.1109 0.0477 0.3086 
     D237378  5 0.1944 0.5970 0.0374 0.0601 0.0841 0.0270 
     D237379  5 0.3668 0.3033 0.0460 0.1751 0.0531 0.0557 
     D237380  5 0.2179 0.0681 0.6253 0.0408 0.0185 0.0294 
     D237381  5 0.1169 0.1066 0.5428 0.0859 0.0842 0.0636 
     D237391  5 0.0335 0.7992 0.0342 0.0492 0.0377 0.0461 
     D237392  5 0.1012 0.0491 0.0674 0.1263 0.1597 0.4964 
     D237393  5 0.0707 0.3049 0.1219 0.0716 0.0733 0.3578 
     D237394  5 0.0312 0.8585 0.0303 0.0284 0.0155 0.0362 
     D237395  5 0.1694 0.3735 0.1090 0.1972 0.0982 0.0528 
     D237396  5 0.0316 0.1745 0.1128 0.1197 0.0809 0.4805 
     D244016  5 0.0976 0.3320 0.0404 0.3099 0.1266 0.0935 
     D244018  5 0.0402 0.2975 0.1006 0.1665 0.3150 0.0803 
     D244019  5 0.1346 0.1082 0.0444 0.3265 0.1562 0.2301 
        D279  5 0.1884 0.1686 0.0621 0.3074 0.2142 0.0594 
        D280  5 0.0507 0.3978 0.0711 0.2593 0.1078 0.1132 
        D281  5 0.0546 0.1257 0.0207 0.1649 0.5949 0.0392 
        D283  5 0.0347 0.6289 0.0411 0.0825 0.0575 0.1552 
        D284  5 0.1731 0.0553 0.2149 0.3999 0.0653 0.0915 
        D285  5 0.0951 0.5685 0.0365 0.1585 0.0498 0.0915 
        D286  5 0.3735 0.2258 0.0831 0.1410 0.0569 0.1196 
        D287  5 0.6469 0.1611 0.0549 0.0846 0.0291 0.0234 
        D288  5 0.0552 0.2443 0.0436 0.2516 0.1616 0.2436 
        D308  5 0.0326 0.0558 0.7387 0.0535 0.0245 0.0950 
        D309  5 0.3418 0.0261 0.0544 0.1095 0.0352 0.4329 
        D310  5 0.0652 0.7244 0.0182 0.1466 0.0218 0.0238 
        D311  5 0.3565 0.1691 0.0366 0.2106 0.0576 0.1696 
        D312  5 0.2162 0.2741 0.0822 0.1375 0.0778 0.2123 
        D313  5 0.0188 0.0322 0.8888 0.0270 0.0159 0.0173 
        D314  5 0.3131 0.1340 0.0889 0.2535 0.1585 0.0520 
        D315  5 0.0987 0.3602 0.0941 0.1119 0.0697 0.2654 
        D317  5 0.0811 0.7304 0.0307 0.0571 0.0263 0.0743 
        D318  5 0.1417 0.1165 0.0836 0.3676 0.1374 0.1531 
        D319  5 0.0767 0.7743 0.0352 0.0503 0.0334 0.0300 
        D320  5 0.0885 0.7607 0.0353 0.0489 0.0265 0.0401 
        D321  5 0.0286 0.1866 0.5802 0.0631 0.0560 0.0856 
        D336  5 0.2868 0.5591 0.0213 0.0704 0.0284 0.0339 
        D337  5 0.0454 0.8458 0.0140 0.0354 0.0282 0.0311 
        D338  5 0.1262 0.1835 0.1021 0.2688 0.0975 0.2219 
        D339  5 0.0757 0.6843 0.0544 0.0851 0.0538 0.0466 
        D347  5 0.4186 0.0849 0.0342 0.1524 0.1192 0.1907 
        D348  5 0.1368 0.6939 0.0243 0.0737 0.0339 0.0373 
        D349  5 0.0519 0.0966 0.7507 0.0362 0.0345 0.0301 
        D350  5 0.4203 0.0378 0.0432 0.1066 0.0554 0.3368 
        D355  5 0.0827 0.0343 0.0238 0.3649 0.3480 0.1463 
        D356  5 0.1083 0.3908 0.0801 0.1032 0.0396 0.2779 
        D357  5 0.2733 0.1679 0.0647 0.3220 0.0896 0.0825 
        D358  5 0.1295 0.4058 0.1222 0.1457 0.0739 0.1228 
        D359  5 0.0573 0.4785 0.0331 0.0723 0.0304 0.3283 
        D360  5 0.0970 0.5187 0.0859 0.0761 0.0344 0.1880 
        D361  5 0.0248 0.0510 0.8209 0.0325 0.0284 0.0423 
        D366  5 0.0270 0.0343 0.0304 0.1350 0.2005 0.5727 
        D367  5 0.2241 0.4927 0.0489 0.1636 0.0411 0.0296 
        D368  5 0.1032 0.2789 0.1819 0.2485 0.0476 0.1399 
        D380  5 0.1730 0.0543 0.1052 0.2742 0.0721 0.3212 
        D381  5 0.0601 0.5811 0.0422 0.1500 0.0599 0.1068 
        D400  5 0.3050 0.2832 0.0525 0.1056 0.1570 0.0967 
        D411  5 0.0718 0.0200 0.7365 0.1145 0.0314 0.0259 
        D412  5 0.1523 0.1372 0.1267 0.2962 0.1796 0.1080 
        D413  5 0.0536 0.0413 0.0399 0.1205 0.6419 0.1028 
        D414  5 0.5116 0.0333 0.0278 0.1337 0.2131 0.0805 
        D420  5 0.1560 0.1170 0.1595 0.3858 0.1405 0.0412 
        D431  5 0.4390 0.1153 0.0715 0.2308 0.1185 0.0250 
        D432  5 0.0753 0.5564 0.1147 0.0812 0.0971 0.0753 
        D433  5 0.0826 0.6711 0.0474 0.0498 0.0719 0.0773 
        D434  5 0.0923 0.5735 0.0809 0.0919 0.0435 0.1180 
        D440  5 0.4388 0.0300 0.0446 0.1261 0.0374 0.3231 
        D447  5 0.0898 0.0384 0.0854 0.3951 0.0691 0.3222 
        D448  5 0.3295 0.4375 0.0273 0.0763 0.0614 0.0680 
        D459  5 0.0504 0.0510 0.0216 0.0715 0.6937 0.1118 
        D460  5 0.0311 0.1192 0.6503 0.0631 0.0354 0.1009 
        D461  5 0.3322 0.0342 0.0259 0.0779 0.0362 0.4936 
        D468  5 0.1346 0.1826 0.0873 0.3014 0.0581 0.2359 
        D469  5 0.0907 0.0915 0.1038 0.1050 0.0451 0.5639 
        D470  5 0.3727 0.1086 0.1302 0.2370 0.0498 0.1016 
        D471  5 0.2410 0.5336 0.0218 0.0709 0.0719 0.0607 
        D472  5 0.0204 0.0334 0.0267 0.0476 0.1545 0.7174 
        D479  5 0.1682 0.0378 0.0322 0.0548 0.6670 0.0400 
        D485  5 0.7120 0.0586 0.0407 0.0895 0.0555 0.0438 
        D486  5 0.2381 0.1134 0.1143 0.3293 0.0475 0.1575 
        D487  5 0.2479 0.2950 0.0473 0.1100 0.2611 0.0385 
        D555  5 0.0408 0.8022 0.0301 0.0342 0.0606 0.0320 
        D556  5 0.2937 0.2429 0.0776 0.1456 0.1525 0.0876 
        D557  5 0.0487 0.8229 0.0213 0.0298 0.0389 0.0383 
        D564  5 0.2681 0.3271 0.1404 0.1190 0.0703 0.0751 
        D594  5 0.1753 0.1158 0.0789 0.3482 0.1111 0.1708 
        D595  5 0.0896 0.3723 0.0786 0.1526 0.1242 0.1827 
        D596  5 0.0667 0.8035 0.0294 0.0339 0.0346 0.0318 
        D597  5 0.0686 0.3113 0.0352 0.0741 0.3468 0.1641 
        D598  5 0.1322 0.4046 0.1829 0.0826 0.0574 0.1404 
        D617  5 0.0824 0.0235 0.5387 0.1549 0.1621 0.0384 
        D618  5 0.0841 0.5817 0.0611 0.0667 0.1071 0.0994 
        D619  5 0.1224 0.1604 0.3080 0.1249 0.0646 0.2196 
        D620  5 0.0262 0.0460 0.0304 0.0336 0.8041 0.0597 
        D628  5 0.5454 0.0692 0.1262 0.0972 0.0668 0.0951 
        D714  5 0.2756 0.2995 0.0364 0.1186 0.2342 0.0357 
        D715  5 0.0364 0.7433 0.0245 0.0341 0.0621 0.0995 
        D716  5 0.4287 0.0870 0.0279 0.1997 0.1567 0.1001 
        D717  5 0.0962 0.1922 0.0959 0.0861 0.0497 0.4799 
        D718  5 0.4802 0.0950 0.0644 0.2799 0.0553 0.0253 
        D769  5 0.1799 0.0357 0.4458 0.1900 0.1091 0.0395 
        D770  5 0.2990 0.1329 0.0420 0.1801 0.2775 0.0685 
        D771  5 0.2368 0.1127 0.1124 0.2044 0.2720 0.0617 
        D772  5 0.3622 0.3236 0.0610 0.0733 0.0573 0.1226 
        D782  5 0.0369 0.0676 0.2262 0.3932 0.2231 0.0531 
        D783  5 0.2122 0.1427 0.0357 0.1785 0.3801 0.0507 
        D784  5 0.1255 0.1356 0.0557 0.1274 0.0764 0.4794 
        D785  5 0.1377 0.6379 0.0777 0.0607 0.0267 0.0593 
        D786  5 0.1513 0.0277 0.4845 0.0795 0.0550 0.2020 
        D821  5 0.0305 0.9079 0.0120 0.0164 0.0141 0.0191 
        D822  5 0.1121 0.1178 0.0429 0.1919 0.1119 0.4233 
        D826  5 0.1151 0.4314 0.0393 0.1345 0.2051 0.0746 
        D827  5 0.1343 0.0430 0.0438 0.3251 0.1052 0.3487 
        D851  5 0.0922 0.1823 0.1021 0.3862 0.0756 0.1616 
        D852  5 0.2769 0.2498 0.0970 0.0842 0.2380 0.0540 
        D853  5 0.1675 0.3779 0.0664 0.1852 0.1035 0.0994 
        D854  5 0.2998 0.0327 0.0595 0.3444 0.1542 0.1095 
        D861  5 0.1173 0.1875 0.0845 0.3478 0.1761 0.0867 
        D862  5 0.1359 0.2978 0.0540 0.1565 0.0394 0.3164 
        D865  5 0.0761 0.6877 0.0595 0.0530 0.0872 0.0365 
        D868  5 0.0535 0.1361 0.0480 0.0559 0.0484 0.6581 
        D869  5 0.0307 0.0415 0.7322 0.0959 0.0451 0.0547 
        D870  5 0.0505 0.0204 0.0615 0.7362 0.0579 0.0736 
        D907  5 0.0726 0.6640 0.0705 0.1240 0.0339 0.0350 
        D908  5 0.1661 0.3917 0.0632 0.0476 0.2997 0.0316 
        D910  5 0.1318 0.3990 0.0322 0.1008 0.2358 0.1004 
        D911  5 0.0578 0.0560 0.0231 0.3379 0.4175 0.1077 
        D934  5 0.2440 0.1112 0.0355 0.2478 0.2710 0.0905 
        D946  5 0.5683 0.0630 0.0555 0.1127 0.1754 0.0251 
        D947  5 0.3464 0.0763 0.0559 0.2145 0.0950 0.2119 
        D948  5 0.0252 0.1366 0.7265 0.0300 0.0232 0.0584 
        D949  5 0.0434 0.1072 0.7211 0.0360 0.0239 0.0685 
        D950  5 0.0546 0.0624 0.0263 0.2765 0.4659 0.1143 
        D951  5 0.1603 0.0380 0.0777 0.2770 0.0637 0.3834 
        D952  5 0.0705 0.0896 0.0402 0.0514 0.0561 0.6920 
        D953  5 0.0696 0.6476 0.0647 0.0583 0.0491 0.1108 
        D954  5 0.0372 0.2461 0.0437 0.1183 0.0392 0.5154 
        D961  5 0.6009 0.1075 0.0416 0.1760 0.0419 0.0321 
        D962  5 0.3569 0.4511 0.0339 0.0552 0.0204 0.0826 
        D963  5 0.1716 0.2694 0.0359 0.1072 0.0726 0.3433 
        D964  5 0.3336 0.0916 0.1197 0.2871 0.1067 0.0612 
        D965  5 0.6135 0.0541 0.0476 0.1069 0.1065 0.0713 
        D966  5 0.1785 0.3007 0.0517 0.1166 0.1656 0.1869 
        D967  5 0.0575 0.3367 0.1388 0.1328 0.2695 0.0647 
        D991  5 0.4314 0.1081 0.2124 0.0915 0.0502 0.1063 
        D502  6 0.3141 0.0157 0.0549 0.4454 0.1310 0.0389 
        D503  6 0.0519 0.1045 0.2462 0.2463 0.3132 0.0379 
        D504  6 0.1239 0.1318 0.1141 0.1323 0.0834 0.4145 
        D505  6 0.1174 0.2957 0.0861 0.2228 0.1537 0.1242 
        D506  6 0.0545 0.8159 0.0218 0.0547 0.0177 0.0355 
        D507  6 0.3170 0.0580 0.1469 0.2062 0.1826 0.0893 
        D508  6 0.3508 0.0473 0.0524 0.2533 0.1025 0.1936 
        D529  6 0.1456 0.1768 0.1701 0.3198 0.0696 0.1181 
        D530  6 0.4952 0.1227 0.0971 0.1777 0.0746 0.0328 
        D531  6 0.2616 0.1042 0.0587 0.2503 0.0761 0.2491 
        D532  6 0.2665 0.1888 0.0429 0.1983 0.0886 0.2149 
        D534  6 0.0538 0.0269 0.7364 0.0680 0.0421 0.0728 
        D535  6 0.1093 0.3749 0.1147 0.1674 0.0402 0.1934 
        D536  6 0.0658 0.0255 0.1041 0.1781 0.5925 0.0340 
        D554  6 0.3946 0.2132 0.0988 0.1954 0.0457 0.0523 
        D587  6 0.0635 0.6414 0.0426 0.0854 0.0628 0.1042 
        D588  6 0.0369 0.3807 0.0716 0.2675 0.0581 0.1851 
        D589  6 0.0815 0.1709 0.0742 0.3060 0.3102 0.0572 
        D590  6 0.0451 0.0410 0.0658 0.1292 0.6545 0.0644 
        D591  6 0.0487 0.2515 0.0954 0.3518 0.1633 0.0893 
        D592  6 0.0255 0.0494 0.7922 0.0461 0.0312 0.0557 
        D593  6 0.6349 0.1049 0.0402 0.1407 0.0513 0.0280 
        D682  6 0.0509 0.7839 0.0368 0.0618 0.0305 0.0360 
        D683  6 0.0360 0.2749 0.0442 0.1034 0.0321 0.5093 
        D684  6 0.0681 0.0317 0.2902 0.3191 0.2293 0.0616 
        D685  6 0.1842 0.0540 0.0495 0.6114 0.0819 0.0190 
        D686  6 0.3934 0.2932 0.0444 0.1807 0.0388 0.0494 
        D724  6 0.3705 0.0326 0.1024 0.2000 0.1043 0.1902 
        D725  6 0.3357 0.1215 0.0663 0.1937 0.2113 0.0714 
        D726  6 0.0807 0.7771 0.0407 0.0391 0.0284 0.0340 
        D727  6 0.0601 0.1007 0.0595 0.2705 0.3361 0.1732 
        D728  6 0.1774 0.4933 0.0723 0.1377 0.0409 0.0784 
        D729  6 0.0250 0.0254 0.3149 0.2370 0.1616 0.2362 
        D730  6 0.2956 0.0497 0.1435 0.1946 0.1478 0.1688 
        D731  6 0.0311 0.7871 0.0181 0.0291 0.1157 0.0189 
        D732  6 0.3342 0.0518 0.0632 0.0994 0.0706 0.3808 
        D733  6 0.5629 0.0582 0.1245 0.0908 0.0730 0.0907 
     D237251  7 0.4356 0.0754 0.0364 0.1084 0.2986 0.0456 
     D237252  7 0.2308 0.0310 0.2827 0.2136 0.1925 0.0494 
     D237253  7 0.1940 0.2467 0.0388 0.2075 0.2518 0.0612 
     D237254  7 0.0257 0.0246 0.6926 0.1797 0.0406 0.0368 
     D237255  7 0.0842 0.1051 0.0264 0.0761 0.6805 0.0277 
     D237256  7 0.2277 0.0517 0.0226 0.2929 0.3399 0.0653 
     D237257  7 0.1849 0.0296 0.0947 0.5848 0.0587 0.0473 
     D237282  7 0.1065 0.0288 0.1257 0.0960 0.0990 0.5439 
     D237283  7 0.0278 0.0353 0.5672 0.3157 0.0358 0.0182 
     D237284  7 0.0429 0.0330 0.7195 0.0995 0.0348 0.0703 
     D237285  7 0.4309 0.1321 0.0450 0.1712 0.1559 0.0649 
     D237286  7 0.1155 0.2310 0.0737 0.2451 0.1408 0.1939 
     D237287  7 0.0862 0.0823 0.0503 0.2517 0.3994 0.1301 
     D244006  7 0.0371 0.0218 0.7998 0.0782 0.0348 0.0283 
     D244007  7 0.0515 0.0556 0.0586 0.2386 0.4332 0.1625 
     D244008  7 0.0370 0.0540 0.5212 0.3192 0.0386 0.0301 
     D244009  7 0.2455 0.0958 0.3861 0.1181 0.0397 0.1148 
     D244010  7 0.1683 0.0489 0.1173 0.5281 0.0800 0.0574 
     D244011  7 0.3149 0.2443 0.0868 0.2160 0.0937 0.0443 
     D244012  7 0.1631 0.0442 0.0743 0.3928 0.2398 0.0858 
     D244013  7 0.2070 0.2254 0.0576 0.0794 0.3245 0.1060 
     D244014  7 0.2380 0.0736 0.2867 0.1922 0.1453 0.0643 
     D244015  7 0.0918 0.0310 0.2762 0.4345 0.0773 0.0891 
     D244125  7 0.0619 0.4705 0.0489 0.1156 0.1515 0.1516 
     D244126  7 0.0777 0.0163 0.6334 0.2192 0.0238 0.0296 
     D244130  7 0.2491 0.0504 0.2757 0.2461 0.1231 0.0556 
     D244131  7 0.0831 0.3561 0.1675 0.0955 0.0830 0.2146 
     D244132  7 0.3377 0.2333 0.0695 0.0823 0.0387 0.2385 
        D520  7 0.1613 0.0728 0.1114 0.5727 0.0290 0.0528 
        D521  7 0.4655 0.0556 0.1014 0.1716 0.0869 0.1190 
        D522  7 0.0668 0.1049 0.5825 0.0689 0.0486 0.1283 
        D523  7 0.1188 0.1659 0.0447 0.1571 0.4677 0.0458 
        D524  7 0.2360 0.1900 0.1150 0.1323 0.2283 0.0984 
        D525  7 0.0536 0.0844 0.5158 0.1094 0.1882 0.0487 
        D526  7 0.0312 0.0225 0.7184 0.1173 0.0475 0.0633 
        D527  7 0.2719 0.1713 0.1136 0.1680 0.0584 0.2168 
        D528  7 0.0206 0.0129 0.0218 0.9161 0.0110 0.0176 
        D558  7 0.4224 0.0251 0.1101 0.0926 0.1622 0.1876 
        D559  7 0.4687 0.0236 0.0755 0.1475 0.1246 0.1602 
        D640  7 0.2219 0.3096 0.0746 0.1563 0.1077 0.1299 
        D641  7 0.1432 0.3678 0.1685 0.1416 0.1553 0.0235 
        D642  7 0.1021 0.0510 0.5102 0.1165 0.1610 0.0592 
        D644  7 0.2244 0.2053 0.2392 0.1226 0.0991 0.1094 
        D645  7 0.1896 0.1974 0.0980 0.2222 0.1674 0.1254 
        D662  7 0.0378 0.1108 0.5876 0.0514 0.0188 0.1936 
        D687  7 0.2960 0.1700 0.0618 0.2756 0.0939 0.1027 
        D688  7 0.2367 0.0267 0.1178 0.1795 0.1331 0.3062 
        D689  7 0.0899 0.2749 0.1021 0.1926 0.1553 0.1852 
        D700  7 0.0164 0.0160 0.0156 0.9201 0.0149 0.0171 
        D797  7 0.2631 0.1614 0.0987 0.1642 0.1115 0.2011 
        D798  7 0.0999 0.0517 0.5475 0.1950 0.0389 0.0670 
        D799  7 0.2675 0.0778 0.1451 0.1870 0.2696 0.0530 
        D800  7 0.0659 0.0326 0.1037 0.2258 0.0771 0.4947 
        D132  8 0.0445 0.0465 0.7672 0.0586 0.0277 0.0556 
        D133  8 0.0359 0.0206 0.0508 0.0561 0.8127 0.0239 
        D200  8 0.6393 0.0241 0.0290 0.2184 0.0658 0.0234 
        D500  8 0.0449 0.0290 0.8387 0.0273 0.0182 0.0418 
        D614  8 0.2981 0.3534 0.1036 0.1100 0.0406 0.0943 
        D723  8 0.1055 0.0462 0.2055 0.1282 0.1120 0.4026 
        D888  8 0.0755 0.1405 0.0345 0.0969 0.6053 0.0473 
        D901  8 0.3645 0.0415 0.0900 0.4419 0.0390 0.0232 
        D902  8 0.1669 0.5677 0.0688 0.1001 0.0498 0.0467 
        D903  8 0.1297 0.1125 0.0309 0.1517 0.0522 0.5230 
        D904  8 0.3178 0.0725 0.1293 0.1221 0.0800 0.2782 
        D905  8 0.1103 0.2676 0.0217 0.0599 0.5199 0.0206 
        D906  8 0.1043 0.0519 0.0599 0.2532 0.4536 0.0771 
        D937  8 0.1265 0.7206 0.0344 0.0557 0.0447 0.0181 
        D943  8 0.2202 0.0511 0.1888 0.3572 0.0866 0.0961 
        D972  8 0.1670 0.0473 0.2285 0.2300 0.0873 0.2398 
        D973  8 0.0707 0.0465 0.1167 0.0628 0.0346 0.6687 
        D974  8 0.3020 0.0947 0.1113 0.1906 0.1222 0.1791 
        D975  8 0.5132 0.0783 0.0469 0.2308 0.0832 0.0476 
        D976  8 0.2849 0.1520 0.0902 0.3625 0.0754 0.0349 
        D201  9 0.2894 0.0486 0.0904 0.2576 0.2244 0.0896 
        D202  9 0.6174 0.0369 0.0391 0.2032 0.0818 0.0217 
     D237259  9 0.0417 0.0212 0.0747 0.7069 0.0636 0.0918 
     D237260  9 0.2063 0.0754 0.1401 0.2079 0.3467 0.0235 
     D237262  9 0.0316 0.0356 0.8258 0.0566 0.0199 0.0305 
