        D174  1 0.0669 0.1029 0.0180 0.0276 0.1074 0.0773 0.0553 0.4587 0.0649 0.0210 
        D199  1 0.1252 0.0262 0.1211 0.1511 0.0672 0.0546 0.1936 0.1251 0.0964 0.0395 
        D203  1 0.0681 0.1521 0.0888 0.1629 0.0256 0.0560 0.2580 0.0543 0.0996 0.0347 
        D204  1 0.0195 0.0179 0.0151 0.0253 0.0237 0.0215 0.7593 0.0154 0.0239 0.0785 
     D237366  1 0.3433 0.1673 0.0539 0.0501 0.0392 0.0671 0.0630 0.0476 0.0538 0.1148 
     D237367  1 0.2360 0.1026 0.0267 0.0660 0.1264 0.0550 0.2199 0.0311 0.0954 0.0408 
     D237368  1 0.3236 0.0299 0.0230 0.0834 0.0399 0.1794 0.1455 0.1055 0.0360 0.0338 
     D244101  1 0.0537 0.0238 0.1092 0.0666 0.0584 0.0217 0.1843 0.0194 0.0272 0.4357 
     D244102  1 0.0656 0.0965 0.0615 0.0471 0.0708 0.1085 0.0543 0.0342 0.3800 0.0815 
     D244103  1 0.3183 0.1317 0.0269 0.0284 0.2368 0.0357 0.1019 0.0325 0.0529 0.0348 
     D244104  1 0.0345 0.0218 0.0363 0.0289 0.1110 0.0425 0.6082 0.0798 0.0122 0.0248 
     D244105  1 0.1326 0.5150 0.0279 0.0219 0.0603 0.0735 0.0817 0.0132 0.0517 0.0222 
     D244106  1 0.0261 0.0875 0.0366 0.0784 0.0263 0.0215 0.0543 0.5732 0.0738 0.0223 
     D244107  1 0.3765 0.0399 0.0195 0.0754 0.1133 0.2485 0.0411 0.0161 0.0203 0.0494 
     D244108  1 0.0361 0.0404 0.0357 0.0339 0.0422 0.3499 0.0599 0.2954 0.0746 0.0319 
     D244113  1 0.0376 0.0158 0.0202 0.0421 0.1098 0.0332 0.0135 0.4330 0.1904 0.1044 
     D244114  1 0.1590 0.2992 0.1117 0.0296 0.0954 0.0333 0.0566 0.0821 0.0924 0.0406 
     D244115  1 0.0987 0.0438 0.0359 0.0248 0.0914 0.1749 0.1461 0.2797 0.0817 0.0230 
     D267365  1 0.0818 0.0318 0.1903 0.0230 0.0503 0.0480 0.3529 0.1339 0.0517 0.0362 
        D404  1 0.0226 0.0292 0.0233 0.0366 0.0395 0.0516 0.0184 0.2539 0.4212 0.1037 
        D405  1 0.0326 0.0439 0.0378 0.0594 0.0645 0.0525 0.0873 0.0464 0.5225 0.0533 
        D406  1 0.4140 0.0266 0.0176 0.0154 0.0154 0.3687 0.0518 0.0355 0.0225 0.0324 
        D407  1 0.3269 0.0233 0.0170 0.0785 0.2020 0.0207 0.2739 0.0235 0.0198 0.0144 
        D408  1 0.0368 0.0207 0.1209 0.0166 0.2138 0.0396 0.0488 0.3965 0.0655 0.0407 
        D409  1 0.2965 0.0273 0.0741 0.0461 0.2766 0.0904 0.0881 0.0306 0.0417 0.0286 
        D410  1 0.0259 0.0202 0.0122 0.0103 0.0317 0.7517 0.0669 0.0243 0.0255 0.0313 
        D421  1 0.0230 0.0126 0.0145 0.0300 0.0196 0.0090 0.8556 0.0187 0.0079 0.0090 
        D422  1 0.6052 0.0400 0.0220 0.0167 0.0420 0.2032 0.0306 0.0136 0.0146 0.0121 
        D423  1 0.1032 0.0329 0.0140 0.0488 0.0353 0.6482 0.0573 0.0160 0.0290 0.0152 
        D424  1 0.0827 0.0732 0.0144 0.0213 0.0858 0.0165 0.6176 0.0368 0.0309 0.0207 
        D425  1 0.0501 0.0768 0.0554 0.0189 0.0861 0.0672 0.3819 0.0970 0.1432 0.0235 
        D426  1 0.3825 0.0173 0.1001 0.0181 0.3855 0.0289 0.0215 0.0176 0.0108 0.0177 
        D427  1 0.0314 0.0160 0.0173 0.3831 0.0320 0.0151 0.2916 0.1894 0.0136 0.0106 
        D428  1 0.1122 0.0238 0.0474 0.0416 0.1530 0.0778 0.1932 0.1682 0.0930 0.0897 
        D429  1 0.0489 0.1259 0.0398 0.0275 0.0303 0.0308 0.4259 0.1829 0.0636 0.0245 
        D430  1 0.1096 0.1171 0.0876 0.0576 0.0957 0.0257 0.0612 0.1229 0.2965 0.0262 
        D491  1 0.0247 0.0231 0.0512 0.0100 0.0748 0.0606 0.0675 0.6331 0.0280 0.0270 
        D492  1 0.2038 0.0527 0.0256 0.0506 0.0535 0.0494 0.2014 0.1660 0.1341 0.0628 
        D537  1 0.1320 0.0608 0.0127 0.0346 0.1509 0.0430 0.4158 0.0287 0.0429 0.0786 
        D538  1 0.1156 0.0467 0.0260 0.0939 0.0379 0.1676 0.0519 0.0947 0.3240 0.0417 
        D539  1 0.0435 0.2260 0.2610 0.0449 0.0700 0.0607 0.0294 0.1111 0.0835 0.0699 
        D540  1 0.1302 0.0715 0.0570 0.0232 0.3745 0.0584 0.1627 0.0361 0.0640 0.0225 
        D541  1 0.0175 0.0108 0.0201 0.0146 0.0203 0.0136 0.8647 0.0120 0.0128 0.0135 
        D551  1 0.2440 0.2214 0.1007 0.0849 0.1952 0.0245 0.0399 0.0350 0.0322 0.0222 
        D552  1 0.0698 0.0650 0.0795 0.0299 0.0757 0.3078 0.1351 0.1704 0.0201 0.0466 
        D553  1 0.0136 0.0130 0.0160 0.0100 0.0234 0.0131 0.8749 0.0107 0.0095 0.0157 
        D615  1 0.0559 0.0757 0.0678 0.0593 0.0481 0.1010 0.4139 0.0544 0.1005 0.0232 
        D616  1 0.1392 0.0683 0.0542 0.1465 0.0694 0.1284 0.2682 0.0575 0.0501 0.0180 
        D621  1 0.1204 0.0295 0.0277 0.0184 0.0354 0.3896 0.0151 0.0677 0.0333 0.2628 
        D622  1 0.2891 0.0845 0.0419 0.0250 0.0662 0.3649 0.0344 0.0271 0.0211 0.0458 
        D623  1 0.0356 0.0176 0.0588 0.1414 0.0485 0.0534 0.0209 0.2450 0.1651 0.2135 
        D624  1 0.0314 0.0238 0.0215 0.0130 0.0273 0.0175 0.0358 0.7814 0.0382 0.0101 
        D625  1 0.0587 0.0338 0.0249 0.0158 0.0563 0.0468 0.6221 0.0585 0.0351 0.0481 
        D626  1 0.0879 0.1354 0.0494 0.0338 0.1940 0.1059 0.0702 0.2350 0.0635 0.0249 
        D627  1 0.2658 0.0745 0.1840 0.0190 0.2546 0.0258 0.0876 0.0337 0.0376 0.0175 
        D690  1 0.0287 0.0135 0.0153 0.0110 0.0270 0.0585 0.7571 0.0488 0.0129 0.0272 
        D691  1 0.4698 0.1067 0.0291 0.0151 0.0355 0.2037 0.0674 0.0330 0.0156 0.0242 
        D710  1 0.1644 0.0199 0.0393 0.0492 0.1096 0.1180 0.1609 0.1540 0.0462 0.1384 
        D711  1 0.0361 0.0194 0.0240 0.0175 0.0142 0.0281 0.7605 0.0294 0.0353 0.0355 
        D712  1 0.0607 0.0317 0.1065 0.0398 0.0606 0.0565 0.0308 0.4861 0.0657 0.0616 
        D713  1 0.1265 0.0609 0.0254 0.0185 0.1050 0.0555 0.1082 0.1998 0.1571 0.1431 
        D746  1 0.4971 0.0265 0.0192 0.0277 0.0307 0.2913 0.0508 0.0184 0.0139 0.0245 
        D747  1 0.0138 0.0101 0.0175 0.0188 0.0142 0.0096 0.8701 0.0141 0.0115 0.0201 
        D748  1 0.1996 0.2540 0.0300 0.0155 0.0687 0.1036 0.2122 0.0345 0.0295 0.0525 
        D749  1 0.2582 0.1109 0.0322 0.0502 0.0398 0.2025 0.0227 0.1098 0.0931 0.0805 
        D750  1 0.0459 0.0258 0.0207 0.0212 0.0300 0.0581 0.1163 0.6201 0.0251 0.0368 
        D763  1 0.1018 0.0899 0.1683 0.0828 0.1780 0.0394 0.0676 0.0195 0.0435 0.2091 
        D764  1 0.0657 0.0198 0.0242 0.0158 0.0693 0.0779 0.4722 0.2139 0.0245 0.0166 
        D765  1 0.0748 0.0904 0.0376 0.0119 0.0294 0.5664 0.0294 0.1077 0.0405 0.0119 
        D766  1 0.0851 0.0762 0.0159 0.0248 0.1083 0.4518 0.0743 0.0335 0.0304 0.0997 
        D767  1 0.0760 0.1011 0.0299 0.0775 0.0302 0.0981 0.0813 0.0267 0.2358 0.2434 
        D768  1 0.0247 0.0208 0.0147 0.0146 0.0211 0.0132 0.8567 0.0112 0.0115 0.0115 
        D811  1 0.0229 0.0340 0.0281 0.0133 0.3505 0.0804 0.0179 0.0819 0.3503 0.0207 
        D816  1 0.0145 0.0115 0.0136 0.0120 0.0117 0.0127 0.8759 0.0197 0.0132 0.0152 
        D825  1 0.0534 0.0399 0.0259 0.0138 0.0790 0.3406 0.0955 0.1721 0.1607 0.0191 
        D866  1 0.0376 0.0433 0.3974 0.0923 0.0752 0.0637 0.0588 0.1452 0.0737 0.0128 
        D867  1 0.5292 0.0331 0.0173 0.0428 0.0344 0.1943 0.0181 0.0205 0.0386 0.0717 
        D871  1 0.3101 0.0411 0.0762 0.0152 0.3402 0.0481 0.0516 0.0378 0.0479 0.0319 
        D872  1 0.0631 0.0259 0.0241 0.0329 0.0324 0.3000 0.2250 0.0342 0.2209 0.0416 
        D873  1 0.0203 0.0155 0.0088 0.0202 0.0161 0.8316 0.0087 0.0127 0.0322 0.0337 
        D874  1 0.0135 0.0232 0.0355 0.0160 0.0370 0.0154 0.0609 0.0743 0.0390 0.6852 
        D875  1 0.3806 0.0583 0.0348 0.0116 0.3391 0.0929 0.0226 0.0150 0.0289 0.0160 
        D876  1 0.0696 0.0295 0.0689 0.0170 0.0570 0.0943 0.4432 0.0946 0.0324 0.0936 
        D877  1 0.0254 0.0229 0.0155 0.0215 0.0345 0.0161 0.0239 0.0755 0.7008 0.0640 
        D892  1 0.0980 0.1688 0.0218 0.0174 0.0365 0.0487 0.3409 0.1764 0.0530 0.0385 
        D893  1 0.0479 0.0485 0.0937 0.0285 0.0475 0.0277 0.6296 0.0135 0.0196 0.0433 
        D894  1 0.0649 0.0732 0.0378 0.0233 0.0293 0.0260 0.6363 0.0413 0.0454 0.0226 
        D915  1 0.0556 0.1383 0.0263 0.0255 0.0516 0.1425 0.4623 0.0443 0.0347 0.0190 
        D916  1 0.0177 0.0145 0.0109 0.0098 0.0096 0.0139 0.8852 0.0159 0.0093 0.0132 
        D917  1 0.0794 0.0195 0.1293 0.0491 0.0952 0.0321 0.1386 0.2615 0.0655 0.1298 
        D925  1 0.0423 0.0174 0.0301 0.0199 0.0485 0.5529 0.1976 0.0528 0.0252 0.0133 
        D926  1 0.0876 0.1105 0.0292 0.0190 0.0890 0.0405 0.4377 0.0569 0.0505 0.0791 
        D927  1 0.0822 0.0414 0.1017 0.2217 0.0502 0.0270 0.3119 0.0514 0.0782 0.0344 
        D928  1 0.0144 0.0111 0.0127 0.0143 0.0164 0.0322 0.0652 0.7944 0.0254 0.0139 
        D929  1 0.0531 0.0831 0.0227 0.0193 0.0266 0.0307 0.0268 0.0338 0.2150 0.4888 
        D936  1 0.0340 0.0382 0.0542 0.0360 0.0288 0.0326 0.5796 0.0223 0.0220 0.1523 
        D938  1 0.4044 0.0297 0.0175 0.0136 0.0462 0.3712 0.0248 0.0223 0.0148 0.0556 
        D956  1 0.0259 0.0651 0.0208 0.0265 0.0335 0.0331 0.0323 0.5651 0.1773 0.0205 
        D957  1 0.0438 0.0282 0.0222 0.0303 0.0263 0.5130 0.1195 0.0367 0.1088 0.0711 
        D958  1 0.0728 0.0360 0.0218 0.0233 0.0495 0.3957 0.1402 0.1200 0.0413 0.0994 
        D959  1 0.3426 0.0217 0.0125 0.0573 0.2340 0.0182 0.2647 0.0220 0.0178 0.0091 
        D960  1 0.3575 0.0541 0.0191 0.0199 0.0229 0.3763 0.0239 0.0564 0.0311 0.0388 
        D989  1 0.0426 0.0459 0.1162 0.0636 0.0465 0.0182 0.0492 0.5526 0.0406 0.0247 
        D990  1 0.0232 0.0429 0.1134 0.0379 0.0149 0.6670 0.0180 0.0458 0.0166 0.0204 
        D023  2 0.6919 0.0094 0.0101 0.0176 0.0160 0.1895 0.0306 0.0114 0.0094 0.0140 
        D130  2 0.4770 0.0462 0.0175 0.0403 0.0190 0.2057 0.0787 0.0143 0.0794 0.0219 
        D131  2 0.0792 0.0525 0.1200 0.0423 0.2715 0.0520 0.2576 0.0291 0.0581 0.0378 
        D163  2 0.5195 0.0349 0.0369 0.0132 0.0353 0.2121 0.0510 0.0358 0.0207 0.0407 
        D164  2 0.0238 0.0156 0.0102 0.4954 0.0190 0.3935 0.0099 0.0079 0.0100 0.0147 
        D165  2 0.6702 0.0125 0.0170 0.0240 0.0291 0.1772 0.0232 0.0150 0.0098 0.0218 
        D166  2 0.0630 0.1426 0.0441 0.0334 0.0668 0.0330 0.0322 0.0180 0.5014 0.0656 
        D167  2 0.0148 0.0140 0.0176 0.8000 0.0111 0.0140 0.0133 0.0288 0.0729 0.0137 
        D192  2 0.0127 0.0103 0.0154 0.8702 0.0129 0.0118 0.0089 0.0191 0.0213 0.0173 
        D193  2 0.0300 0.1864 0.0337 0.0274 0.0326 0.0412 0.0223 0.1833 0.3900 0.0531 
        D206  2 0.1101 0.1033 0.0245 0.2913 0.3117 0.0279 0.0547 0.0176 0.0315 0.0274 
        D207  2 0.0615 0.0518 0.0437 0.4744 0.0474 0.0152 0.0255 0.0204 0.2428 0.0171 
        D208  2 0.0373 0.0789 0.2947 0.0645 0.1821 0.0403 0.0363 0.1314 0.0880 0.0464 
        D209  2 0.0909 0.0270 0.0332 0.4149 0.1107 0.0640 0.0406 0.0288 0.0364 0.1535 
        D210  2 0.0333 0.0485 0.1793 0.0858 0.0329 0.0271 0.0643 0.4695 0.0241 0.0352 
     D229599  2 0.1228 0.0417 0.1815 0.0403 0.0582 0.0567 0.2236 0.0516 0.0670 0.1565 
     D229600  2 0.3192 0.0507 0.0258 0.3034 0.0217 0.1417 0.0260 0.0192 0.0646 0.0276 
     D237227  2 0.0768 0.0238 0.1289 0.0484 0.0583 0.1867 0.0581 0.3582 0.0404 0.0204 
     D237228  2 0.0379 0.0406 0.0658 0.0535 0.0340 0.4926 0.0110 0.1542 0.0962 0.0140 
     D237258  2 0.1804 0.0446 0.1103 0.1648 0.1294 0.0748 0.0527 0.0805 0.1041 0.0583 
     D237310  2 0.0474 0.0938 0.0268 0.0557 0.0312 0.4018 0.0106 0.0410 0.2615 0.0301 
     D237311  2 0.0400 0.0572 0.0247 0.1481 0.0257 0.5466 0.0137 0.0243 0.1027 0.0169 
     D237312  2 0.0765 0.2677 0.0204 0.0192 0.0619 0.1558 0.0223 0.0431 0.2752 0.0580 
     D237313  2 0.0498 0.1093 0.0974 0.0220 0.2324 0.1510 0.1619 0.0660 0.0460 0.0643 
     D237322  2 0.0412 0.1000 0.2451 0.0457 0.0633 0.0705 0.0279 0.0684 0.1852 0.1527 
     D237323  2 0.0501 0.0393 0.0493 0.0252 0.0353 0.5179 0.0132 0.1303 0.1111 0.0282 
     D237324  2 0.3187 0.0332 0.1022 0.2203 0.0550 0.1157 0.0723 0.0172 0.0258 0.0394 
     D237325  2 0.0821 0.2033 0.0304 0.0624 0.0555 0.3243 0.0240 0.0777 0.0702 0.0701 
     D237326  2 0.0448 0.0344 0.0185 0.0323 0.0436 0.6603 0.0381 0.0675 0.0256 0.0349 
     D237327  2 0.1819 0.0625 0.3411 0.0885 0.0524 0.0253 0.0712 0.0311 0.0531 0.0929 
     D237337  2 0.0282 0.0503 0.0177 0.0151 0.0417 0.7512 0.0176 0.0317 0.0317 0.0148 
     D237338  2 0.1300 0.1414 0.0850 0.0774 0.0752 0.1907 0.0501 0.1131 0.0466 0.0905 
     D237339  2 0.0374 0.0303 0.0530 0.1353 0.0407 0.0233 0.0250 0.0129 0.0402 0.6019 
     D237340  2 0.0530 0.0802 0.0403 0.1677 0.0418 0.2891 0.0194 0.1333 0.1315 0.0437 
     D237389  2 0.0407 0.0833 0.0184 0.0974 0.0430 0.3949 0.0160 0.0214 0.2659 0.0190 
     D237390  2 0.0523 0.2934 0.0481 0.0200 0.0593 0.2065 0.0370 0.0794 0.1588 0.0452 
     D244017  2 0.0385 0.0135 0.0280 0.2714 0.0202 0.0298 0.0249 0.1861 0.3692 0.0184 
     D244112  2 0.0186 0.0279 0.0173 0.8321 0.0111 0.0152 0.0129 0.0175 0.0356 0.0118 
     D244118  2 0.1291 0.0160 0.0225 0.6073 0.0097 0.1280 0.0118 0.0213 0.0267 0.0276 
     D244119  2 0.0142 0.0132 0.0197 0.2901 0.0174 0.0290 0.0163 0.5688 0.0211 0.0102 
     D244120  2 0.0229 0.0895 0.0548 0.3509 0.0194 0.0265 0.0138 0.0431 0.3069 0.0723 
     D244122  2 0.0383 0.0620 0.0255 0.6278 0.0473 0.0262 0.0291 0.0316 0.0836 0.0285 
        D291  2 0.1110 0.0274 0.5502 0.0314 0.1004 0.0237 0.0524 0.0133 0.0727 0.0175 
        D292  2 0.0307 0.0328 0.2405 0.1603 0.0272 0.0754 0.2763 0.0513 0.0662 0.0392 
        D293  2 0.0263 0.0253 0.0315 0.7045 0.0213 0.0154 0.0772 0.0132 0.0118 0.0734 
        D322  2 0.0787 0.0210 0.0368 0.5379 0.0355 0.0375 0.0870 0.0178 0.0257 0.1221 
        D323  2 0.0418 0.0375 0.0445 0.1025 0.4987 0.0411 0.0317 0.0309 0.1047 0.0666 
        D324  2 0.1630 0.0350 0.3173 0.0359 0.1242 0.1112 0.1098 0.0507 0.0269 0.0260 
        D325  2 0.0229 0.0389 0.0309 0.8152 0.0128 0.0124 0.0279 0.0116 0.0097 0.0177 
        D326  2 0.0131 0.0114 0.0140 0.0092 0.0246 0.0103 0.8609 0.0290 0.0141 0.0134 
        D340  2 0.0185 0.0129 0.0265 0.8457 0.0118 0.0188 0.0197 0.0144 0.0118 0.0199 
        D341  2 0.0222 0.2856 0.0397 0.4848 0.0348 0.0326 0.0278 0.0238 0.0249 0.0238 
        D342  2 0.0671 0.1134 0.0291 0.5429 0.0428 0.0823 0.0218 0.0131 0.0671 0.0205 
        D343  2 0.0149 0.0145 0.0106 0.9003 0.0100 0.0077 0.0133 0.0079 0.0079 0.0129 
        D344  2 0.0353 0.0954 0.0174 0.0427 0.0723 0.0450 0.1099 0.0208 0.1862 0.3749 
        D345  2 0.0595 0.0283 0.0666 0.0332 0.0716 0.3948 0.0649 0.0323 0.0337 0.2149 
        D346  2 0.0367 0.0308 0.0600 0.0441 0.2903 0.0361 0.0416 0.3954 0.0257 0.0392 
        D351  2 0.1097 0.0756 0.1545 0.0370 0.1389 0.0406 0.2670 0.0225 0.0992 0.0550 
        D352  2 0.0437 0.0237 0.0243 0.0613 0.0615 0.0297 0.0206 0.0667 0.0333 0.6354 
        D353  2 0.1008 0.0370 0.0387 0.0268 0.1343 0.0172 0.3380 0.0177 0.1330 0.1565 
        D354  2 0.0197 0.0227 0.0174 0.0145 0.0460 0.0392 0.0854 0.0453 0.0319 0.6779 
        D362  2 0.0711 0.0163 0.0203 0.0204 0.0360 0.0408 0.7257 0.0204 0.0315 0.0176 
        D363  2 0.0467 0.0129 0.0222 0.0191 0.0631 0.0303 0.7138 0.0393 0.0319 0.0206 
        D364  2 0.0287 0.0534 0.0212 0.0263 0.0557 0.0641 0.3566 0.0460 0.0218 0.3263 
        D365  2 0.0133 0.0105 0.0149 0.8695 0.0158 0.0118 0.0117 0.0185 0.0110 0.0230 
        D369  2 0.0589 0.0356 0.1060 0.1208 0.1720 0.1003 0.2186 0.1343 0.0376 0.0159 
        D374  2 0.0158 0.0208 0.0195 0.0123 0.0195 0.0301 0.0167 0.4687 0.3774 0.0192 
        D375  2 0.0321 0.0392 0.0125 0.0135 0.0452 0.0159 0.0173 0.0189 0.0335 0.7718 
        D376  2 0.0194 0.0416 0.0242 0.0229 0.0215 0.0470 0.0143 0.5486 0.2159 0.0445 
        D377  2 0.0454 0.0929 0.0518 0.0493 0.4339 0.1228 0.0177 0.0515 0.0940 0.0408 
        D378  2 0.1102 0.0481 0.0563 0.2565 0.1004 0.0445 0.1400 0.0228 0.0192 0.2019 
        D379  2 0.0328 0.0915 0.0263 0.0174 0.1244 0.0259 0.5825 0.0272 0.0230 0.0490 
        D384  2 0.0132 0.0246 0.0143 0.0149 0.0298 0.0147 0.8274 0.0381 0.0097 0.0133 
        D385  2 0.0230 0.0263 0.0171 0.7235 0.0369 0.0159 0.0134 0.0379 0.0224 0.0837 
        D386  2 0.0807 0.0467 0.0223 0.0631 0.0673 0.0404 0.1026 0.0150 0.0430 0.5189 
        D391  2 0.0198 0.0230 0.0179 0.7547 0.0300 0.0179 0.0189 0.0158 0.0205 0.0815 
        D392  2 0.0451 0.0171 0.0246 0.6158 0.0362 0.1035 0.0593 0.0419 0.0365 0.0201 
        D393  2 0.0432 0.0615 0.1722 0.0676 0.1190 0.0436 0.2151 0.0177 0.0233 0.2366 
        D394  2 0.1600 0.0624 0.0448 0.0752 0.0441 0.2036 0.0930 0.0437 0.0674 0.2058 
        D395  2 0.0326 0.0297 0.0263 0.4289 0.0372 0.0167 0.0148 0.0209 0.0523 0.3407 
        D401  2 0.0299 0.0141 0.0209 0.0341 0.1073 0.6757 0.0175 0.0358 0.0554 0.0093 
        D402  2 0.0176 0.0165 0.0606 0.7304 0.0401 0.0205 0.0160 0.0147 0.0219 0.0618 
        D403  2 0.0859 0.3188 0.0333 0.0307 0.0587 0.0331 0.2649 0.0197 0.0647 0.0901 
        D415  2 0.0545 0.0617 0.0133 0.0227 0.0645 0.0512 0.6587 0.0124 0.0373 0.0234 
        D435  2 0.0376 0.0473 0.0522 0.1630 0.0334 0.0268 0.5523 0.0150 0.0148 0.0576 
        D436  2 0.0718 0.1512 0.0170 0.0292 0.0484 0.0250 0.1291 0.0622 0.0879 0.3782 
        D438  2 0.0145 0.0178 0.0140 0.8694 0.0200 0.0125 0.0084 0.0169 0.0146 0.0119 
        D439  2 0.0600 0.0314 0.0499 0.1111 0.0607 0.0567 0.0710 0.0146 0.0220 0.5226 
        D449  2 0.1037 0.0514 0.0190 0.5573 0.1135 0.0221 0.0614 0.0258 0.0226 0.0232 
        D450  2 0.0900 0.0952 0.0761 0.0205 0.1346 0.0372 0.1079 0.1504 0.0982 0.1899 
        D456  2 0.0254 0.0180 0.0226 0.0106 0.0261 0.0128 0.8388 0.0174 0.0110 0.0174 
        D462  2 0.0218 0.0170 0.0190 0.7887 0.0189 0.0115 0.0329 0.0106 0.0143 0.0655 
        D463  2 0.0175 0.0200 0.0160 0.0121 0.0334 0.0171 0.8027 0.0309 0.0172 0.0330 
        D464  2 0.0585 0.0312 0.0257 0.1017 0.0976 0.0145 0.0622 0.0315 0.2255 0.3516 
        D465  2 0.0745 0.0314 0.0260 0.5196 0.0773 0.0516 0.1317 0.0217 0.0501 0.0162 
        D473  2 0.0748 0.0379 0.0503 0.0455 0.0703 0.0924 0.0202 0.4501 0.0381 0.1203 
        D474  2 0.0590 0.0313 0.1190 0.0362 0.0437 0.0288 0.5982 0.0366 0.0156 0.0315 
        D476  2 0.2509 0.0172 0.0235 0.0771 0.0175 0.0813 0.0253 0.0126 0.0143 0.4803 
        D477  2 0.0352 0.0287 0.1042 0.0182 0.0970 0.1126 0.2979 0.0464 0.0229 0.2369 
        D478  2 0.3663 0.0345 0.0431 0.0654 0.0788 0.0511 0.0457 0.0860 0.1578 0.0712 
        D480  2 0.0304 0.1213 0.1059 0.0771 0.1225 0.0278 0.1648 0.0927 0.0330 0.2245 
        D481  2 0.1252 0.0178 0.0524 0.0693 0.0457 0.0788 0.2811 0.0951 0.0436 0.1909 
        D482  2 0.0377 0.0538 0.1596 0.0240 0.0645 0.0816 0.0140 0.0651 0.0680 0.4318 
        D483  2 0.0228 0.0110 0.0190 0.8145 0.0161 0.0182 0.0134 0.0528 0.0186 0.0136 
        D484  2 0.0188 0.0164 0.0227 0.0248 0.0171 0.0104 0.0093 0.0174 0.0461 0.8170 
        D510  2 0.0209 0.0658 0.1112 0.0221 0.0355 0.0360 0.0225 0.5468 0.1097 0.0293 
        D511  2 0.0434 0.0299 0.0387 0.0561 0.0476 0.0264 0.0535 0.0181 0.0231 0.6632 
        D512  2 0.0819 0.0487 0.0365 0.1610 0.1038 0.3156 0.0203 0.0125 0.1952 0.0244 
        D513  2 0.0587 0.0533 0.0606 0.5114 0.1096 0.0399 0.0522 0.0540 0.0392 0.0212 
        D635  2 0.4907 0.0166 0.0288 0.0360 0.0765 0.0807 0.2067 0.0225 0.0232 0.0181 
        D636  2 0.5899 0.0114 0.0114 0.0154 0.0403 0.2721 0.0177 0.0158 0.0152 0.0106 
        D637  2 0.0288 0.3330 0.0439 0.1325 0.0758 0.0337 0.0216 0.0526 0.0507 0.2274 
        D658  2 0.0203 0.0585 0.0287 0.5029 0.0229 0.0300 0.0212 0.0770 0.0597 0.1787 
        D659  2 0.0923 0.0478 0.0693 0.0231 0.0771 0.0238 0.5567 0.0368 0.0197 0.0534 
        D677  2 0.0657 0.4522 0.0482 0.0446 0.1123 0.0526 0.1220 0.0139 0.0602 0.0283 
        D678  2 0.0399 0.0346 0.0257 0.5832 0.0568 0.0392 0.0169 0.0162 0.1628 0.0247 
        D679  2 0.0382 0.0664 0.0819 0.0327 0.3380 0.0284 0.2876 0.0364 0.0314 0.0590 
        D719  2 0.0219 0.0196 0.1442 0.1400 0.0409 0.0404 0.1601 0.3637 0.0249 0.0443 
        D720  2 0.0341 0.0265 0.0378 0.0207 0.0868 0.0485 0.6188 0.0805 0.0256 0.0208 
        D721  2 0.6632 0.0205 0.0197 0.0446 0.0255 0.1386 0.0293 0.0262 0.0091 0.0235 
        D722  2 0.0246 0.0274 0.0443 0.0679 0.0681 0.0786 0.0198 0.3089 0.3293 0.0311 
        D734  2 0.0131 0.0245 0.0253 0.0502 0.0334 0.0107 0.0146 0.1279 0.0232 0.6770 
        D735  2 0.0698 0.0445 0.0773 0.0724 0.2334 0.1397 0.1741 0.0804 0.0426 0.0659 
        D736  2 0.0689 0.0419 0.3416 0.0533 0.0691 0.0558 0.0434 0.2543 0.0261 0.0454 
        D737  2 0.0469 0.0263 0.0809 0.5554 0.0187 0.0447 0.0126 0.0364 0.0335 0.1446 
        D807  2 0.0423 0.1013 0.1362 0.0535 0.0774 0.1025 0.1827 0.1620 0.0550 0.0871 
        D808  2 0.0877 0.1076 0.0985 0.1400 0.0769 0.2119 0.0941 0.0347 0.1048 0.0437 
        D817  2 0.0282 0.0399 0.0543 0.0146 0.5380 0.0528 0.1236 0.0202 0.0746 0.0538 
        D818  2 0.1357 0.3263 0.0992 0.2087 0.0501 0.0260 0.0416 0.0258 0.0587 0.0279 
        D819  2 0.0559 0.0242 0.0247 0.0182 0.4859 0.1360 0.1089 0.0239 0.1034 0.0189 
        D820  2 0.0342 0.0485 0.0362 0.0290 0.0313 0.0112 0.6606 0.0223 0.0223 0.1045 
        D895  2 0.1689 0.0426 0.0345 0.0410 0.2750 0.0695 0.2262 0.0498 0.0312 0.0611 
        D896  2 0.0248 0.0208 0.0170 0.0132 0.0395 0.7754 0.0147 0.0291 0.0472 0.0184 
        D897  2 0.0436 0.1537 0.0442 0.5274 0.0527 0.0433 0.0282 0.0256 0.0497 0.0317 
        D898  2 0.0717 0.0852 0.1377 0.0302 0.1723 0.1638 0.0449 0.0404 0.2031 0.0507 
        D918  2 0.0780 0.4975 0.0390 0.0556 0.0563 0.0922 0.0288 0.0522 0.0403 0.0602 
        D919  2 0.0886 0.0189 0.0958 0.1155 0.0721 0.0209 0.1406 0.0220 0.0779 0.3477 
        D920  2 0.3696 0.1357 0.0183 0.0338 0.0267 0.2460 0.0333 0.0659 0.0359 0.0347 
        D923  2 0.0366 0.0323 0.0207 0.0316 0.0458 0.0220 0.6423 0.0221 0.0340 0.1125 
        D930  2 0.0571 0.0946 0.0674 0.0404 0.1358 0.0887 0.2065 0.0944 0.0654 0.1496 
        D931  2 0.0538 0.0459 0.0504 0.1284 0.0651 0.0412 0.2849 0.0415 0.0626 0.2263 
        D968  2 0.0117 0.0170 0.0621 0.7891 0.0203 0.0139 0.0234 0.0167 0.0238 0.0221 
        D969  2 0.0485 0.0590 0.1571 0.1892 0.0613 0.0349 0.2887 0.0554 0.0553 0.0505 
        D977  2 0.0253 0.0837 0.0232 0.7298 0.0327 0.0121 0.0255 0.0177 0.0213 0.0287 
        D978  2 0.0478 0.1299 0.2969 0.1041 0.2064 0.0146 0.0258 0.0248 0.1291 0.0205 
        D211  3 0.1869 0.5229 0.0316 0.0179 0.0437 0.0374 0.0602 0.0241 0.0461 0.0293 
     D229639  3 0.0352 0.0445 0.5297 0.0458 0.0423 0.0718 0.0667 0.0846 0.0523 0.0271 
     D237212  3 0.0847 0.1011 0.2482 0.0594 0.1185 0.0404 0.0620 0.0230 0.0444 0.2183 
     D237213  3 0.0500 0.2247 0.0456 0.0296 0.2979 0.1673 0.0297 0.0170 0.0676 0.0705 
     D237214  3 0.7267 0.0161 0.0112 0.0139 0.0614 0.1065 0.0174 0.0210 0.0148 0.0111 
     D237215  3 0.0256 0.0153 0.1284 0.4479 0.0403 0.0326 0.0114 0.0735 0.2100 0.0150 
     D237216  3 0.1574 0.1962 0.1697 0.0300 0.2177 0.0451 0.0512 0.0288 0.0524 0.0515 
     D237217  3 0.0788 0.5345 0.0730 0.0215 0.0358 0.1076 0.0900 0.0143 0.0196 0.0249 
     D237218  3 0.0288 0.3069 0.2799 0.0400 0.0418 0.0285 0.0437 0.0379 0.0186 0.1738 
     D237219  3 0.0330 0.2057 0.1089 0.0204 0.2916 0.2080 0.0257 0.0645 0.0244 0.0178 
     D237382  3 0.0528 0.1384 0.0413 0.0440 0.0531 0.1083 0.0984 0.1013 0.3312 0.0312 
     D244127  3 0.0650 0.0692 0.0928 0.0757 0.0926 0.4808 0.0205 0.0225 0.0476 0.0334 
     D244129  3 0.1399 0.1078 0.0786 0.0715 0.1011 0.1811 0.0903 0.0386 0.1107 0.0804 
     D244133  3 0.0449 0.0434 0.0289 0.1150 0.5032 0.0357 0.0493 0.0837 0.0858 0.0101 
     D244134  3 0.0244 0.0423 0.4397 0.0258 0.1625 0.1201 0.0197 0.1263 0.0182 0.0211 
     D244135  3 0.5693 0.0671 0.0190 0.0654 0.0646 0.1196 0.0334 0.0147 0.0237 0.0231 
     D244136  3 0.0658 0.0492 0.0602 0.0848 0.3195 0.0400 0.1171 0.1546 0.0853 0.0235 
        D416  3 0.1078 0.1763 0.0634 0.1100 0.2620 0.0903 0.0707 0.0268 0.0488 0.0440 
        D417  3 0.0324 0.2353 0.0209 0.0132 0.0297 0.0227 0.5646 0.0267 0.0344 0.0199 
        D419  3 0.0511 0.2284 0.1476 0.0599 0.1778 0.1166 0.1029 0.0425 0.0320 0.0412 
        D565  3 0.0218 0.0137 0.0541 0.0149 0.0434 0.0182 0.0261 0.7755 0.0158 0.0165 
        D566  3 0.0655 0.0239 0.2783 0.0448 0.1506 0.0478 0.0583 0.2401 0.0707 0.0201 
        D567  3 0.0640 0.0546 0.0243 0.0389 0.0691 0.0717 0.5677 0.0241 0.0298 0.0558 
        D568  3 0.0902 0.2703 0.0581 0.1000 0.0477 0.0916 0.1460 0.0172 0.0347 0.1442 
        D569  3 0.0876 0.0381 0.0416 0.0710 0.0499 0.0219 0.0186 0.0403 0.0677 0.5631 
        D573  3 0.0491 0.0243 0.3242 0.1966 0.0874 0.0294 0.2052 0.0275 0.0279 0.0286 
        D574  3 0.0652 0.0521 0.0766 0.0441 0.1251 0.0637 0.0342 0.3630 0.1432 0.0329 
        D575  3 0.0602 0.0480 0.0387 0.0211 0.5374 0.1974 0.0234 0.0409 0.0161 0.0169 
        D576  3 0.0359 0.0206 0.0704 0.5094 0.0970 0.0161 0.0070 0.0271 0.2020 0.0144 
        D577  3 0.0802 0.0932 0.0379 0.0216 0.1534 0.0292 0.4530 0.0271 0.0596 0.0447 
        D578  3 0.7000 0.0244 0.0120 0.0285 0.0381 0.1388 0.0155 0.0129 0.0186 0.0112 
        D579  3 0.0589 0.1004 0.1630 0.0579 0.1150 0.0520 0.1395 0.1573 0.0397 0.1163 
        D660  3 0.0550 0.0485 0.0356 0.5225 0.1475 0.0517 0.0204 0.0184 0.0545 0.0459 
        D661  3 0.0449 0.4144 0.2166 0.1164 0.0390 0.0297 0.0221 0.0176 0.0280 0.0715 
        D663  3 0.0709 0.0273 0.4651 0.0686 0.1293 0.0165 0.0630 0.0161 0.1069 0.0363 
        D664  3 0.1099 0.1713 0.0454 0.1568 0.2629 0.1059 0.0154 0.0416 0.0616 0.0293 
        D665  3 0.1210 0.0938 0.0348 0.0355 0.2425 0.0701 0.0141 0.0113 0.3002 0.0767 
        D666  3 0.0357 0.0786 0.0399 0.0172 0.4678 0.2175 0.0453 0.0540 0.0205 0.0236 
        D009  4 0.1630 0.2898 0.0474 0.0190 0.0578 0.0937 0.0919 0.0301 0.0943 0.1130 
        D057  4 0.1381 0.0356 0.0917 0.1406 0.0120 0.0600 0.0351 0.0202 0.0209 0.4457 
        D109  4 0.0812 0.0633 0.0285 0.0204 0.1330 0.4809 0.0462 0.0525 0.0620 0.0319 
     D237222  4 0.3302 0.0810 0.0388 0.0325 0.0251 0.1771 0.0449 0.1267 0.1070 0.0367 
     D237223  4 0.0611 0.5250 0.0456 0.0440 0.0301 0.0751 0.0267 0.0950 0.0461 0.0513 
     D237224  4 0.0665 0.0452 0.1860 0.1434 0.0851 0.0447 0.1457 0.0236 0.0582 0.2015 
     D237225  4 0.1446 0.2036 0.0969 0.0300 0.1057 0.0778 0.1101 0.0539 0.0889 0.0884 
     D237299  4 0.0794 0.5119 0.0946 0.0246 0.1088 0.0397 0.0133 0.0335 0.0740 0.0203 
     D237300  4 0.0360 0.0557 0.6373 0.0357 0.1212 0.0254 0.0155 0.0253 0.0263 0.0215 
     D237306  4 0.0388 0.1836 0.0244 0.0182 0.0328 0.0611 0.0509 0.4657 0.0868 0.0379 
     D237307  4 0.0475 0.0956 0.0671 0.0435 0.1466 0.0308 0.3143 0.1681 0.0676 0.0190 
     D237308  4 0.0433 0.0338 0.0378 0.3735 0.0406 0.0994 0.0370 0.0636 0.0297 0.2413 
     D237309  4 0.1803 0.1712 0.0766 0.0431 0.0766 0.0768 0.1442 0.0262 0.1203 0.0847 
     D237317  4 0.0762 0.0359 0.0789 0.0316 0.0662 0.0398 0.1825 0.3838 0.0745 0.0307 
     D237318  4 0.0294 0.0240 0.7538 0.0441 0.0479 0.0151 0.0247 0.0202 0.0277 0.0132 
     D237319  4 0.1273 0.3454 0.0577 0.0492 0.0741 0.0800 0.0577 0.0376 0.1393 0.0318 
     D237320  4 0.0636 0.6321 0.0745 0.0381 0.0316 0.0475 0.0390 0.0266 0.0290 0.0180 
     D237321  4 0.0555 0.0316 0.5505 0.0793 0.0595 0.0394 0.0742 0.0312 0.0491 0.0296 
     D237397  4 0.0669 0.3695 0.1051 0.0778 0.0492 0.0382 0.0481 0.1719 0.0508 0.0226 
     D237398  4 0.0782 0.0878 0.5446 0.0302 0.0829 0.0224 0.0583 0.0168 0.0364 0.0425 
     D237399  4 0.0728 0.1271 0.3521 0.0376 0.0421 0.0475 0.0839 0.1197 0.0752 0.0419 
     D244001  4 0.3323 0.1458 0.0254 0.1613 0.0252 0.0970 0.0423 0.0288 0.0640 0.0778 
        D289  4 0.0695 0.0787 0.1139 0.0822 0.0346 0.0329 0.0815 0.2101 0.0299 0.2668 
        D290  4 0.0361 0.0553 0.1179 0.0268 0.0186 0.0224 0.0485 0.0199 0.6179 0.0366 
        D294  4 0.0923 0.1209 0.0820 0.0256 0.1024 0.0201 0.0793 0.0366 0.1208 0.3200 
        D295  4 0.0302 0.3229 0.0529 0.0239 0.0880 0.0791 0.2153 0.0360 0.0854 0.0664 
        D301  4 0.3351 0.0828 0.0971 0.0424 0.0398 0.2234 0.0153 0.0315 0.1049 0.0277 
        D302  4 0.0333 0.0256 0.0187 0.0103 0.0334 0.0156 0.0367 0.0122 0.0347 0.7794 
        D303  4 0.0342 0.0406 0.0404 0.0629 0.0460 0.0839 0.0330 0.4915 0.0549 0.1128 
        D304  4 0.0479 0.0602 0.2792 0.0197 0.0789 0.0175 0.0657 0.0659 0.3281 0.0366 
        D305  4 0.0475 0.0462 0.0701 0.0495 0.0389 0.0310 0.0227 0.0084 0.1022 0.5834 
        D306  4 0.0394 0.0408 0.0396 0.0174 0.0205 0.0304 0.0376 0.0226 0.7276 0.0242 
        D307  4 0.4810 0.0250 0.0581 0.0204 0.0305 0.2274 0.0196 0.0571 0.0279 0.0529 
        D327  4 0.0552 0.0550 0.0453 0.0483 0.1231 0.0194 0.5074 0.0675 0.0429 0.0359 
        D328  4 0.0241 0.1356 0.0354 0.0261 0.0483 0.0465 0.0202 0.0838 0.1353 0.4446 
        D329  4 0.0725 0.0620 0.1040 0.0757 0.0328 0.1014 0.0747 0.0515 0.0665 0.3589 
        D330  4 0.1417 0.1539 0.0151 0.0566 0.0677 0.0905 0.2270 0.0165 0.1405 0.0904 
        D331  4 0.0549 0.0542 0.2335 0.0304 0.0636 0.0581 0.1393 0.0729 0.2597 0.0333 
        D333  4 0.0555 0.1756 0.0896 0.0708 0.0546 0.0503 0.0637 0.0876 0.0902 0.2621 
        D334  4 0.0746 0.0588 0.0666 0.0188 0.0569 0.0281 0.0672 0.4933 0.0601 0.0755 
        D335  4 0.0294 0.0221 0.0260 0.0576 0.0763 0.0310 0.1322 0.0257 0.0625 0.5373 
        D370  4 0.0371 0.0259 0.0302 0.0348 0.0570 0.3006 0.0296 0.0674 0.3677 0.0496 
        D371  4 0.0255 0.0160 0.0206 0.0216 0.0511 0.0156 0.0752 0.7277 0.0282 0.0184 
        D372  4 0.0241 0.0266 0.6436 0.0304 0.0329 0.0152 0.0098 0.0312 0.1714 0.0148 
        D373  4 0.5070 0.0265 0.0680 0.0624 0.0385 0.1700 0.0335 0.0170 0.0174 0.0597 
        D455  4 0.4906 0.0218 0.0591 0.0285 0.0184 0.2015 0.0260 0.0237 0.0298 0.1005 
        D490  4 0.5293 0.1461 0.0146 0.0106 0.0204 0.1839 0.0199 0.0194 0.0298 0.0258 
        D497  4 0.4347 0.1521 0.0299 0.0167 0.0399 0.1998 0.0139 0.0161 0.0383 0.0586 
        D498  4 0.0432 0.0462 0.1435 0.0368 0.0752 0.0877 0.0461 0.0952 0.3994 0.0266 
        D499  4 0.0414 0.1107 0.0968 0.1808 0.2213 0.0510 0.0275 0.1060 0.0771 0.0874 
        D514  4 0.0713 0.0496 0.0489 0.0257 0.1665 0.0408 0.2308 0.0142 0.2321 0.1201 
        D515  4 0.0474 0.6727 0.0151 0.0230 0.0269 0.0341 0.0400 0.0264 0.0852 0.0291 
        D516  4 0.0571 0.1692 0.0513 0.0652 0.2881 0.1352 0.1085 0.0548 0.0483 0.0223 
        D517  4 0.4209 0.1272 0.0811 0.0577 0.0270 0.1280 0.0935 0.0176 0.0190 0.0280 
        D518  4 0.1023 0.0774 0.0223 0.0585 0.0172 0.0539 0.0289 0.0451 0.0321 0.5624 
        D519  4 0.0223 0.8370 0.0257 0.0145 0.0156 0.0209 0.0229 0.0163 0.0121 0.0128 
        D560  4 0.0282 0.7546 0.0299 0.0310 0.0170 0.0209 0.0581 0.0116 0.0226 0.0261 
        D561  4 0.3703 0.0380 0.0272 0.0501 0.2765 0.0833 0.0557 0.0121 0.0373 0.0493 
        D562  4 0.2019 0.0938 0.0903 0.0657 0.0719 0.0518 0.0518 0.0496 0.1656 0.1575 
        D563  4 0.0768 0.0770 0.0527 0.4067 0.0891 0.0375 0.0254 0.0163 0.0461 0.1723 
        D572  4 0.0490 0.0325 0.0210 0.0262 0.0204 0.0178 0.0380 0.0219 0.0369 0.7362 
        D629  4 0.1868 0.0858 0.0787 0.0180 0.3003 0.0464 0.1584 0.0220 0.0253 0.0784 
        D630  4 0.1404 0.3507 0.0694 0.0281 0.0450 0.0256 0.0757 0.0402 0.1398 0.0852 
        D631  4 0.0246 0.0465 0.0405 0.0800 0.0190 0.0161 0.0190 0.0179 0.0165 0.7200 
        D632  4 0.2430 0.0257 0.0155 0.1434 0.0456 0.2456 0.0457 0.0171 0.0243 0.1941 
        D646  4 0.0719 0.5546 0.0401 0.0445 0.0354 0.0696 0.0975 0.0278 0.0266 0.0320 
        D647  4 0.0682 0.1481 0.0432 0.0454 0.0279 0.0552 0.4677 0.0126 0.0615 0.0702 
        D648  4 0.0252 0.0386 0.0109 0.0225 0.0483 0.0186 0.0119 0.0651 0.2927 0.4662 
        D649  4 0.0546 0.0520 0.0347 0.0232 0.0765 0.2074 0.3001 0.0178 0.0258 0.2079 
        D650  4 0.0756 0.2340 0.0930 0.0299 0.0892 0.0605 0.1709 0.1064 0.0415 0.0989 
        D708  4 0.0468 0.0917 0.0863 0.0214 0.1428 0.0467 0.0307 0.1945 0.0449 0.2941 
        D709  4 0.0176 0.0301 0.0355 0.0246 0.0635 0.0989 0.0222 0.0270 0.6274 0.0531 
        D738  4 0.0538 0.1112 0.0333 0.0146 0.0311 0.0790 0.0679 0.5558 0.0294 0.0239 
        D739  4 0.2011 0.2743 0.0599 0.0205 0.0510 0.0600 0.0278 0.0272 0.2079 0.0703 
        D740  4 0.0729 0.1865 0.1477 0.0634 0.0797 0.1196 0.0204 0.1742 0.0558 0.0798 
        D741  4 0.0493 0.7033 0.0230 0.0483 0.0319 0.0221 0.0596 0.0127 0.0323 0.0174 
        D742  4 0.0624 0.2304 0.1256 0.2429 0.0538 0.0404 0.0422 0.0887 0.0455 0.0680 
        D743  4 0.0319 0.0263 0.0372 0.0416 0.0420 0.0193 0.3814 0.0246 0.0275 0.3682 
        D744  4 0.0240 0.0231 0.0151 0.0247 0.0290 0.0130 0.0175 0.0207 0.0205 0.8126 
        D745  4 0.0322 0.8220 0.0199 0.0117 0.0241 0.0228 0.0142 0.0163 0.0167 0.0200 
        D814  4 0.1124 0.4571 0.0423 0.1465 0.0530 0.0127 0.0216 0.0187 0.0705 0.0651 
        D815  4 0.0254 0.0366 0.0448 0.0323 0.0436 0.0782 0.1038 0.0274 0.2081 0.3999 
        D828  4 0.0265 0.0526 0.0456 0.0556 0.0384 0.0246 0.0116 0.0565 0.6033 0.0854 
        D845  4 0.0144 0.0168 0.8414 0.0258 0.0253 0.0107 0.0148 0.0213 0.0129 0.0166 
        D846  4 0.1576 0.0478 0.0408 0.1536 0.0606 0.0252 0.1156 0.0094 0.0807 0.3087 
        D847  4 0.1772 0.2121 0.1076 0.0527 0.0429 0.0452 0.1222 0.0836 0.1023 0.0542 
        D848  4 0.4792 0.0131 0.1879 0.0607 0.0174 0.1514 0.0145 0.0177 0.0215 0.0368 
        D849  4 0.0717 0.6239 0.0237 0.0268 0.0504 0.0537 0.0257 0.0156 0.0696 0.0391 
        D850  4 0.3304 0.0532 0.1280 0.0294 0.1649 0.0480 0.1103 0.0685 0.0249 0.0424 
        D856  4 0.1445 0.1023 0.0481 0.0274 0.1512 0.1653 0.0590 0.0430 0.2099 0.0494 
        D857  4 0.0323 0.0342 0.0167 0.0860 0.0190 0.5947 0.0075 0.0290 0.1537 0.0268 
        D859  4 0.0339 0.1365 0.0930 0.0241 0.0267 0.0258 0.0697 0.0227 0.0632 0.5045 
        D860  4 0.0510 0.0137 0.1654 0.0898 0.0260 0.0359 0.0845 0.4374 0.0219 0.0743 
        D883  4 0.1405 0.1102 0.0720 0.0299 0.1263 0.0942 0.1852 0.0801 0.0897 0.0719 
        D884  4 0.0230 0.6885 0.0172 0.0126 0.0414 0.0465 0.0266 0.0498 0.0506 0.0437 
        D885  4 0.0855 0.3503 0.2006 0.0515 0.1324 0.0277 0.0743 0.0253 0.0168 0.0355 
        D886  4 0.0970 0.1342 0.0442 0.0500 0.0327 0.1514 0.1656 0.0178 0.2563 0.0507 
        D887  4 0.0538 0.1261 0.1867 0.0968 0.0479 0.0594 0.1241 0.0489 0.1215 0.1347 
        D889  4 0.0201 0.0443 0.6442 0.0122 0.0228 0.0104 0.0265 0.0163 0.1600 0.0431 
        D890  4 0.0793 0.0276 0.0333 0.0581 0.3915 0.1282 0.0266 0.0639 0.1006 0.0909 
        D891  4 0.0094 0.0109 0.8994 0.0123 0.0202 0.0101 0.0098 0.0100 0.0082 0.0098 
        D899  4 0.0386 0.0356 0.2003 0.4034 0.0484 0.0233 0.0296 0.0626 0.0853 0.0729 
        D900  4 0.1238 0.0649 0.0604 0.0683 0.0738 0.0490 0.1213 0.0552 0.2702 0.1131 
        D970  4 0.0641 0.0366 0.1206 0.0503 0.0633 0.0371 0.1630 0.0415 0.0342 0.3892 
        D971  4 0.0407 0.0173 0.0285 0.4211 0.0699 0.0729 0.0471 0.0637 0.0524 0.1862 
        D979  4 0.0488 0.0341 0.0313 0.0430 0.1196 0.0225 0.2894 0.0300 0.0727 0.3087 
        D093  5 0.0241 0.0891 0.0325 0.0215 0.0244 0.0196 0.0357 0.6968 0.0309 0.0254 
        D154  5 0.0339 0.4577 0.0622 0.0886 0.1990 0.0213 0.0196 0.0371 0.0546 0.0259 
        D168  5 0.0836 0.2336 0.1033 0.1679 0.2106 0.0448 0.0414 0.0143 0.0694 0.0311 
        D189  5 0.0461 0.1120 0.1595 0.0235 0.0428 0.0201 0.0353 0.3391 0.1910 0.0306 
        D190  5 0.0204 0.0510 0.0354 0.0194 0.1663 0.0405 0.0268 0.5636 0.0286 0.0479 
     D237220  5 0.0908 0.2646 0.1632 0.0211 0.0353 0.1098 0.0223 0.0997 0.0637 0.1294 
     D237221  5 0.0333 0.0749 0.2152 0.0915 0.1382 0.0686 0.0741 0.1788 0.0421 0.0833 
     D237274  5 0.0527 0.0620 0.0267 0.0504 0.0559 0.0741 0.3617 0.0160 0.0923 0.2081 
     D237275  5 0.0281 0.0307 0.0824 0.4477 0.0592 0.0338 0.0166 0.0244 0.2654 0.0117 
     D237276  5 0.0311 0.4187 0.0286 0.0281 0.0656 0.1062 0.0687 0.1207 0.0929 0.0394 
     D237277  5 0.0203 0.0433 0.1750 0.0404 0.1500 0.0377 0.0213 0.4165 0.0305 0.0649 
     D237278  5 0.0782 0.0359 0.0331 0.3296 0.0356 0.0904 0.0517 0.2330 0.0543 0.0582 
     D237279  5 0.2261 0.0261 0.0524 0.0210 0.3305 0.2222 0.0266 0.0159 0.0262 0.0530 
     D237280  5 0.0509 0.0465 0.0201 0.0159 0.1406 0.5140 0.0632 0.0541 0.0391 0.0557 
     D237281  5 0.0446 0.0261 0.4240 0.2605 0.0700 0.0209 0.0814 0.0251 0.0252 0.0221 
     D237351  5 0.0170 0.0498 0.0200 0.0142 0.3115 0.4962 0.0163 0.0350 0.0181 0.0218 
     D237352  5 0.2577 0.0270 0.0279 0.0699 0.1456 0.0957 0.0593 0.0596 0.0645 0.1929 
     D237353  5 0.0122 0.0133 0.0715 0.0195 0.2046 0.0792 0.0191 0.5210 0.0206 0.0390 
     D237359  5 0.0749 0.3100 0.2255 0.0208 0.0542 0.0616 0.0475 0.0467 0.0672 0.0916 
     D237361  5 0.0168 0.0169 0.0339 0.0230 0.0307 0.0250 0.0186 0.7860 0.0268 0.0224 
     D237362  5 0.0301 0.0642 0.0508 0.0353 0.6417 0.0396 0.0401 0.0496 0.0249 0.0236 
     D237363  5 0.1436 0.0493 0.0762 0.1133 0.3757 0.0480 0.0427 0.0489 0.0872 0.0151 
     D237364  5 0.0947 0.4250 0.0739 0.0837 0.0709 0.0363 0.0586 0.0115 0.0706 0.0747 
     D237376  5 0.0150 0.0355 0.0286 0.0256 0.0226 0.0208 0.0094 0.0850 0.6569 0.1006 
     D237377  5 0.0447 0.0234 0.0328 0.0440 0.3796 0.2393 0.0688 0.0920 0.0338 0.0415 
     D237378  5 0.0421 0.0621 0.0699 0.0622 0.0634 0.0275 0.0248 0.4226 0.1092 0.1162 
     D237379  5 0.0518 0.0973 0.0619 0.0320 0.0634 0.0234 0.0305 0.2445 0.1213 0.2739 
     D237380  5 0.0241 0.0393 0.0137 0.0108 0.0154 0.6507 0.0192 0.0501 0.0951 0.0815 
     D237381  5 0.1368 0.0464 0.0665 0.0580 0.0446 0.3730 0.0403 0.0533 0.0782 0.1029 
     D237391  5 0.0193 0.0357 0.0693 0.0153 0.0341 0.0252 0.0262 0.7357 0.0151 0.0241 
     D237392  5 0.0925 0.0424 0.0307 0.1954 0.1259 0.0955 0.1968 0.0254 0.1261 0.0693 
     D237393  5 0.0542 0.0350 0.0571 0.0488 0.0383 0.1682 0.3655 0.1422 0.0577 0.0331 
     D237394  5 0.0170 0.0210 0.0227 0.0105 0.0814 0.0236 0.0211 0.7629 0.0170 0.0228 
     D237395  5 0.0625 0.1832 0.1417 0.0522 0.1224 0.0700 0.0317 0.1812 0.1317 0.0234 
     D237396  5 0.1526 0.0312 0.0838 0.0640 0.1048 0.0708 0.2808 0.1473 0.0187 0.0461 
     D244016  5 0.0497 0.0146 0.0707 0.0245 0.5433 0.0269 0.0155 0.1133 0.0362 0.1053 
     D244018  5 0.0897 0.0487 0.1155 0.3220 0.0808 0.0557 0.0477 0.1872 0.0274 0.0252 
     D244019  5 0.0356 0.0368 0.1138 0.0564 0.5018 0.0325 0.0397 0.0300 0.1063 0.0469 
        D279  5 0.0204 0.3923 0.3294 0.0388 0.0360 0.0333 0.0353 0.0592 0.0210 0.0344 
        D280  5 0.1247 0.0605 0.2371 0.0334 0.0877 0.0865 0.1200 0.1124 0.1127 0.0250 
        D281  5 0.0653 0.0629 0.4765 0.0790 0.1049 0.0135 0.0245 0.0840 0.0599 0.0294 
        D283  5 0.0400 0.0368 0.2064 0.0230 0.1244 0.0428 0.1267 0.3264 0.0308 0.0427 
        D284  5 0.2017 0.2262 0.0718 0.0399 0.1488 0.0670 0.0478 0.0242 0.1383 0.0342 
        D285  5 0.0466 0.0574 0.2954 0.0157 0.0649 0.0366 0.0632 0.3091 0.0490 0.0620 
        D286  5 0.0575 0.3010 0.0699 0.0262 0.0601 0.0303 0.0785 0.1144 0.1723 0.0898 
        D287  5 0.0305 0.0680 0.0263 0.0184 0.0499 0.0354 0.0139 0.0887 0.5629 0.1059 
        D288  5 0.0359 0.0243 0.2900 0.0284 0.3260 0.0332 0.1566 0.0388 0.0505 0.0163 
        D308  5 0.0282 0.0321 0.0185 0.0201 0.0530 0.7208 0.0536 0.0318 0.0178 0.0242 
        D309  5 0.0259 0.0174 0.0103 0.0138 0.0185 0.0207 0.0163 0.0170 0.0240 0.8361 
        D310  5 0.0346 0.0253 0.0376 0.0122 0.0410 0.0260 0.0129 0.7466 0.0479 0.0160 
        D311  5 0.0613 0.2007 0.0404 0.0309 0.2230 0.0309 0.0770 0.0871 0.1607 0.0880 
        D312  5 0.1020 0.0402 0.0615 0.0389 0.1325 0.0431 0.1052 0.1600 0.0940 0.2226 
        D313  5 0.2024 0.0235 0.0131 0.0101 0.0161 0.6655 0.0145 0.0302 0.0151 0.0095 
        D314  5 0.0309 0.4798 0.0817 0.0588 0.1195 0.0507 0.0200 0.0463 0.0693 0.0429 
        D315  5 0.0722 0.0561 0.0341 0.0656 0.0691 0.1093 0.2470 0.2223 0.0826 0.0417 
        D317  5 0.0235 0.0211 0.0315 0.0135 0.0354 0.0185 0.0458 0.7516 0.0477 0.0115 
        D318  5 0.2195 0.0746 0.0499 0.1016 0.1117 0.0325 0.0776 0.0497 0.1238 0.1590 
        D319  5 0.0228 0.0367 0.0412 0.0131 0.0217 0.0545 0.0186 0.7515 0.0224 0.0175 
        D320  5 0.0364 0.0270 0.1339 0.0150 0.0563 0.0546 0.0251 0.5320 0.0391 0.0806 
        D321  5 0.0229 0.0219 0.1051 0.0114 0.1635 0.5350 0.0595 0.0476 0.0132 0.0199 
        D336  5 0.0154 0.0289 0.0192 0.0129 0.0146 0.0192 0.0228 0.5288 0.3050 0.0331 
        D337  5 0.0168 0.0177 0.0733 0.0230 0.0319 0.0188 0.0216 0.7505 0.0206 0.0257 
        D338  5 0.0335 0.3147 0.1387 0.0437 0.0426 0.0360 0.1867 0.1258 0.0437 0.0346 
        D339  5 0.0282 0.0761 0.0980 0.0345 0.0445 0.0472 0.0431 0.5647 0.0471 0.0166 
        D347  5 0.0285 0.0275 0.0344 0.0360 0.0245 0.0173 0.0708 0.0229 0.7092 0.0289 
        D348  5 0.0306 0.0138 0.0310 0.0200 0.0186 0.0123 0.0182 0.6999 0.0473 0.1083 
