        D174  1 0.3563 0.1877 0.2859 0.1700 
        D199  1 0.2443 0.4727 0.1015 0.1815 
        D203  1 0.1675 0.3340 0.2535 0.2450 
        D204  1 0.0451 0.8287 0.0618 0.0644 
     D237366  1 0.1246 0.1828 0.3234 0.3692 
     D237367  1 0.0759 0.3451 0.2339 0.3451 
     D237368  1 0.1290 0.2583 0.0871 0.5256 
     D244101  1 0.0862 0.7623 0.0859 0.0656 
     D244102  1 0.1472 0.1765 0.5236 0.1527 
     D244103  1 0.1026 0.4614 0.2865 0.1495 
     D244104  1 0.2666 0.5720 0.0539 0.1075 
     D244105  1 0.0638 0.1994 0.3786 0.3582 
     D244106  1 0.5482 0.1250 0.2118 0.1150 
     D244107  1 0.0472 0.2158 0.0664 0.6706 
     D244108  1 0.4183 0.1689 0.1664 0.2463 
     D244113  1 0.3867 0.0783 0.4119 0.1231 
     D244114  1 0.2092 0.2445 0.4052 0.1410 
     D244115  1 0.3952 0.2260 0.1650 0.2138 
     D267365  1 0.4418 0.4117 0.0817 0.0648 
        D404  1 0.2634 0.0792 0.5545 0.1029 
        D405  1 0.1701 0.1779 0.4690 0.1830 
        D406  1 0.0708 0.1690 0.0742 0.6860 
        D407  1 0.0698 0.5067 0.0688 0.3547 
        D408  1 0.7455 0.0990 0.1080 0.0476 
        D409  1 0.1742 0.4529 0.2468 0.1261 
        D410  1 0.0677 0.2204 0.0929 0.6190 
        D421  1 0.0896 0.8062 0.0318 0.0723 
        D422  1 0.0447 0.1288 0.0545 0.7720 
        D423  1 0.0468 0.0759 0.0736 0.8038 
        D424  1 0.0630 0.7400 0.0988 0.0983 
        D425  1 0.2360 0.5231 0.1627 0.0782 
        D426  1 0.2268 0.4650 0.1571 0.1510 
        D427  1 0.2534 0.2185 0.0395 0.4886 
        D428  1 0.1898 0.4399 0.1572 0.2131 
        D429  1 0.2895 0.3899 0.2167 0.1039 
        D430  1 0.2554 0.2476 0.3557 0.1413 
        D491  1 0.7293 0.1558 0.0666 0.0483 
        D492  1 0.1620 0.3902 0.1807 0.2671 
        D537  1 0.0521 0.6835 0.1104 0.1541 
        D538  1 0.1502 0.1572 0.4172 0.2754 
        D539  1 0.5055 0.0927 0.2768 0.1250 
        D540  1 0.1814 0.4698 0.1762 0.1727 
        D541  1 0.0506 0.8425 0.0418 0.0651 
        D551  1 0.2382 0.2705 0.1318 0.3595 
        D552  1 0.3607 0.3280 0.0833 0.2280 
        D553  1 0.0723 0.8460 0.0408 0.0409 
        D615  1 0.2213 0.3944 0.1677 0.2166 
        D616  1 0.1934 0.4043 0.0816 0.3207 
        D621  1 0.1812 0.0802 0.1453 0.5934 
        D622  1 0.1164 0.1208 0.1374 0.6253 
        D623  1 0.3299 0.1587 0.3195 0.1918 
        D624  1 0.7579 0.0995 0.0845 0.0582 
        D625  1 0.0886 0.7407 0.0990 0.0717 
        D626  1 0.5381 0.1136 0.1633 0.1850 
        D627  1 0.2536 0.5069 0.1642 0.0753 
        D690  1 0.1100 0.7677 0.0570 0.0653 
        D691  1 0.0925 0.2443 0.1109 0.5523 
        D710  1 0.2096 0.5329 0.1341 0.1234 
        D711  1 0.0761 0.7043 0.1236 0.0959 
        D712  1 0.7140 0.0775 0.1265 0.0820 
        D713  1 0.1475 0.3821 0.3325 0.1378 
        D746  1 0.0615 0.1332 0.0507 0.7546 
        D747  1 0.0578 0.8500 0.0472 0.0450 
        D748  1 0.0837 0.5477 0.2485 0.1201 
        D749  1 0.1494 0.0814 0.1573 0.6119 
        D750  1 0.4908 0.2942 0.0952 0.1198 
        D763  1 0.1497 0.4098 0.2069 0.2337 
        D764  1 0.2192 0.6242 0.0648 0.0917 
        D765  1 0.2787 0.1082 0.2163 0.3968 
        D766  1 0.0992 0.3215 0.1866 0.3926 
        D767  1 0.0709 0.2229 0.4672 0.2389 
        D768  1 0.0397 0.8528 0.0395 0.0679 
        D811  1 0.3655 0.0898 0.4400 0.1047 
        D816  1 0.0813 0.7956 0.0662 0.0569 
        D825  1 0.3412 0.2400 0.2717 0.1471 
        D866  1 0.6400 0.1117 0.1126 0.1357 
        D867  1 0.0552 0.0692 0.1007 0.7749 
        D871  1 0.1612 0.5039 0.2776 0.0573 
        D872  1 0.0834 0.4660 0.2225 0.2281 
        D873  1 0.0299 0.0239 0.0679 0.8783 
        D874  1 0.2466 0.3929 0.3105 0.0500 
        D875  1 0.0879 0.4538 0.3551 0.1032 
        D876  1 0.2056 0.5922 0.1225 0.0796 
        D877  1 0.1827 0.1128 0.6559 0.0486 
        D892  1 0.1403 0.4391 0.3292 0.0914 
        D893  1 0.1062 0.6169 0.1387 0.1382 
        D894  1 0.1427 0.6612 0.1269 0.0692 
        D915  1 0.1051 0.6297 0.1387 0.1266 
        D916  1 0.0571 0.8384 0.0438 0.0607 
        D917  1 0.3939 0.4111 0.1127 0.0823 
        D925  1 0.1564 0.1976 0.0566 0.5894 
        D926  1 0.1789 0.5466 0.1718 0.1026 
        D927  1 0.1615 0.5525 0.1552 0.1309 
        D928  1 0.6828 0.1863 0.0829 0.0480 
        D929  1 0.0889 0.1002 0.7248 0.0860 
        D936  1 0.1270 0.6772 0.1278 0.0680 
        D938  1 0.0628 0.1012 0.0822 0.7538 
        D956  1 0.5349 0.0815 0.2888 0.0948 
        D957  1 0.0948 0.3417 0.2010 0.3624 
        D958  1 0.1442 0.5411 0.1323 0.1824 
        D959  1 0.0465 0.5811 0.0470 0.3254 
        D960  1 0.0596 0.0785 0.0957 0.7662 
        D989  1 0.7119 0.1202 0.0979 0.0699 
        D990  1 0.2328 0.0472 0.0519 0.6681 
        D023  2 0.0532 0.3784 0.0370 0.5315 
        D130  2 0.0386 0.1454 0.1303 0.6857 
        D131  2 0.1070 0.6973 0.1235 0.0722 
        D163  2 0.1382 0.2073 0.0662 0.5883 
        D164  2 0.0289 0.0391 0.0312 0.9008 
        D165  2 0.0589 0.2172 0.0455 0.6784 
        D166  2 0.0660 0.1078 0.7124 0.1138 
        D167  2 0.0858 0.0392 0.1097 0.7653 
        D192  2 0.0796 0.0362 0.0641 0.8201 
        D193  2 0.1894 0.0658 0.6313 0.1134 
        D206  2 0.0816 0.2713 0.1641 0.4830 
        D207  2 0.1129 0.2613 0.3832 0.2427 
        D208  2 0.6491 0.1009 0.1686 0.0814 
        D209  2 0.0854 0.1949 0.1303 0.5894 
        D210  2 0.6742 0.1474 0.0734 0.1050 
     D229599  2 0.2622 0.3616 0.2260 0.1503 
     D229600  2 0.0491 0.0684 0.0892 0.7932 
     D237227  2 0.7128 0.0750 0.0677 0.1445 
     D237228  2 0.3991 0.0556 0.1125 0.4328 
     D237258  2 0.2515 0.1953 0.1613 0.3919 
     D237310  2 0.0963 0.0434 0.3643 0.4960 
     D237311  2 0.0797 0.0528 0.1669 0.7007 
     D237312  2 0.0840 0.0825 0.6940 0.1395 
     D237313  2 0.3398 0.3483 0.1700 0.1419 
     D237322  2 0.3582 0.1030 0.4113 0.1274 
     D237323  2 0.3082 0.0528 0.2060 0.4330 
     D237324  2 0.0746 0.1446 0.0852 0.6956 
     D237325  2 0.1555 0.1181 0.3061 0.4204 
     D237326  2 0.1272 0.2801 0.0866 0.5061 
     D237327  2 0.3427 0.2917 0.1837 0.1819 
     D237337  2 0.1231 0.1243 0.2169 0.5358 
     D237338  2 0.2946 0.1414 0.2370 0.3270 
     D237339  2 0.0777 0.5106 0.2930 0.1187 
     D237340  2 0.2043 0.0558 0.2293 0.5106 
     D237389  2 0.0516 0.0504 0.2959 0.6021 
     D237390  2 0.1761 0.1409 0.5466 0.1364 
     D244017  2 0.4434 0.0931 0.2418 0.2217 
     D244112  2 0.0651 0.0431 0.1089 0.7829 
     D244118  2 0.0535 0.0424 0.0626 0.8415 
     D244119  2 0.5370 0.0642 0.0626 0.3362 
     D244120  2 0.2085 0.0484 0.5311 0.2120 
     D244122  2 0.0958 0.0638 0.1740 0.6664 
        D291  2 0.4232 0.2408 0.1572 0.1788 
        D292  2 0.3907 0.3089 0.1218 0.1785 
        D293  2 0.0422 0.8416 0.0627 0.0535 
        D322  2 0.0613 0.6391 0.1005 0.1991 
        D323  2 0.1445 0.2712 0.3762 0.2081 
        D324  2 0.2850 0.5313 0.0868 0.0969 
        D325  2 0.0497 0.4847 0.0788 0.3868 
        D326  2 0.0719 0.8506 0.0433 0.0341 
        D340  2 0.0523 0.0791 0.0354 0.8331 
        D341  2 0.1327 0.1071 0.1297 0.6304 
        D342  2 0.0601 0.0671 0.1532 0.7197 
        D343  2 0.0367 0.1793 0.0522 0.7319 
        D344  2 0.0636 0.3442 0.4825 0.1097 
        D345  2 0.1767 0.4479 0.1172 0.2582 
        D346  2 0.6171 0.1751 0.1018 0.1060 
        D351  2 0.0849 0.7108 0.1376 0.0667 
        D352  2 0.1527 0.2513 0.4486 0.1474 
        D353  2 0.0913 0.6599 0.1872 0.0615 
        D354  2 0.1627 0.3572 0.3680 0.1120 
        D362  2 0.1151 0.6627 0.0712 0.1510 
        D363  2 0.1667 0.6922 0.0633 0.0778 
        D364  2 0.0996 0.5104 0.2710 0.1189 
        D365  2 0.0595 0.2366 0.0482 0.6558 
        D369  2 0.3227 0.4657 0.0803 0.1313 
        D374  2 0.4596 0.0523 0.3735 0.1146 
        D375  2 0.0570 0.2210 0.6390 0.0830 
        D376  2 0.4493 0.0528 0.3555 0.1425 
        D377  2 0.2124 0.1348 0.4546 0.1982 
        D378  2 0.0600 0.7431 0.0867 0.1102 
        D379  2 0.1002 0.7098 0.1200 0.0700 
        D384  2 0.0913 0.8258 0.0428 0.0400 
        D385  2 0.0819 0.0743 0.1368 0.7070 
        D386  2 0.0505 0.5861 0.2079 0.1555 
        D391  2 0.0622 0.2677 0.0962 0.5739 
        D392  2 0.0849 0.1121 0.0766 0.7264 
        D393  2 0.1033 0.7047 0.0856 0.1064 
        D394  2 0.1090 0.2340 0.2875 0.3695 
        D395  2 0.0794 0.2542 0.4111 0.2553 
        D401  2 0.0948 0.0586 0.0928 0.7538 
        D402  2 0.0894 0.1187 0.0847 0.7072 
        D403  2 0.0673 0.4306 0.3547 0.1473 
        D415  2 0.0363 0.7718 0.0983 0.0935 
        D435  2 0.0672 0.6538 0.0676 0.2114 
        D436  2 0.0849 0.3455 0.4920 0.0775 
        D438  2 0.0649 0.0568 0.0512 0.8271 
        D439  2 0.0596 0.4863 0.2525 0.2015 
        D449  2 0.0599 0.3488 0.0769 0.5144 
        D450  2 0.3107 0.2847 0.3252 0.0794 
        D456  2 0.0600 0.8638 0.0416 0.0347 
        D462  2 0.0499 0.3057 0.0699 0.5745 
        D463  2 0.0659 0.8447 0.0531 0.0363 
        D464  2 0.0840 0.3821 0.4420 0.0919 
        D465  2 0.0652 0.4164 0.0930 0.4255 
        D473  2 0.5012 0.1144 0.2109 0.1735 
        D474  2 0.3027 0.5443 0.0501 0.1028 
        D476  2 0.0527 0.1810 0.1591 0.6072 
        D477  2 0.2390 0.5525 0.1350 0.0735 
        D478  2 0.2269 0.2689 0.3278 0.1764 
        D480  2 0.2073 0.5798 0.1520 0.0609 
        D481  2 0.2407 0.4766 0.1209 0.1617 
        D482  2 0.4863 0.0963 0.3176 0.0999 
        D483  2 0.1330 0.0485 0.0504 0.7682 
        D484  2 0.1046 0.1223 0.6608 0.1123 
        D510  2 0.7519 0.0611 0.1298 0.0572 
        D511  2 0.0841 0.6576 0.1630 0.0953 
        D512  2 0.0385 0.0812 0.2057 0.6746 
        D513  2 0.1875 0.3055 0.0956 0.4114 
        D635  2 0.0920 0.6619 0.0511 0.1949 
        D636  2 0.0581 0.0897 0.0419 0.8103 
        D637  2 0.2151 0.1720 0.4924 0.1205 
        D658  2 0.1446 0.0801 0.3028 0.4725 
        D659  2 0.1178 0.7381 0.0586 0.0854 
        D677  2 0.0988 0.3477 0.3294 0.2242 
        D678  2 0.0687 0.0541 0.1472 0.7300 
        D679  2 0.1867 0.6138 0.1068 0.0927 
        D719  2 0.5461 0.3405 0.0522 0.0612 
        D720  2 0.1407 0.7212 0.0623 0.0757 
        D721  2 0.0837 0.2464 0.0464 0.6235 
        D722  2 0.3901 0.0869 0.2820 0.2410 
        D734  2 0.5237 0.1948 0.2257 0.0558 
        D735  2 0.1462 0.5199 0.1373 0.1966 
        D736  2 0.6629 0.1678 0.0655 0.1038 
        D737  2 0.2072 0.0884 0.2155 0.4889 
        D807  2 0.4386 0.2971 0.1624 0.1019 
        D808  2 0.1034 0.3662 0.3246 0.2058 
        D817  2 0.1979 0.5021 0.2296 0.0703 
        D818  2 0.0911 0.4915 0.2798 0.1376 
        D819  2 0.1341 0.5382 0.1990 0.1287 
        D820  2 0.0466 0.8485 0.0673 0.0377 
        D895  2 0.1057 0.5626 0.0909 0.2408 
        D896  2 0.0876 0.0660 0.1520 0.6944 
        D897  2 0.1113 0.1430 0.2886 0.4570 
        D898  2 0.3226 0.1831 0.4026 0.0917 
        D918  2 0.2185 0.2030 0.3329 0.2456 
        D919  2 0.0771 0.6248 0.1955 0.1026 
        D920  2 0.0740 0.0629 0.1407 0.7224 
        D923  2 0.0570 0.7922 0.0893 0.0615 
        D930  2 0.1986 0.4443 0.2571 0.1000 
        D931  2 0.1387 0.5469 0.1924 0.1219 
        D968  2 0.0841 0.2147 0.0989 0.6023 
        D969  2 0.2454 0.5296 0.1282 0.0969 
        D977  2 0.0857 0.2707 0.2087 0.4349 
        D978  2 0.2552 0.1615 0.4698 0.1136 
        D211  3 0.1203 0.1858 0.4628 0.2312 
     D229639  3 0.7478 0.0968 0.0697 0.0857 
     D237212  3 0.2048 0.3783 0.2334 0.1835 
     D237213  3 0.0822 0.2307 0.4923 0.1947 
     D237214  3 0.0672 0.3126 0.2211 0.3992 
     D237215  3 0.4677 0.0479 0.1151 0.3693 
     D237216  3 0.1091 0.2076 0.4121 0.2712 
     D237217  3 0.0916 0.3144 0.2382 0.3558 
     D237218  3 0.2875 0.2619 0.2865 0.1641 
     D237219  3 0.5313 0.0786 0.1771 0.2130 
     D237382  3 0.1003 0.1546 0.6177 0.1275 
     D244127  3 0.0950 0.0767 0.1600 0.6683 
     D244129  3 0.1535 0.3834 0.2813 0.1819 
     D244133  3 0.3751 0.1589 0.1408 0.3252 
     D244134  3 0.8051 0.0723 0.0493 0.0732 
     D244135  3 0.0534 0.1685 0.1045 0.6736 
     D244136  3 0.4121 0.3165 0.1184 0.1530 
        D416  3 0.1458 0.3606 0.1613 0.3323 
        D417  3 0.0651 0.6004 0.2484 0.0861 
        D419  3 0.3802 0.2094 0.1537 0.2567 
        D565  3 0.7997 0.1121 0.0405 0.0478 
        D566  3 0.7306 0.1143 0.0711 0.0840 
        D567  3 0.0726 0.6415 0.0947 0.1911 
        D568  3 0.0735 0.3399 0.1855 0.4011 
        D569  3 0.0929 0.2209 0.4653 0.2209 
        D573  3 0.2091 0.6150 0.0752 0.1007 
        D574  3 0.6282 0.0951 0.1759 0.1008 
        D575  3 0.4405 0.1759 0.1271 0.2565 
        D576  3 0.2533 0.0336 0.1832 0.5298 
        D577  3 0.1164 0.6042 0.1951 0.0843 
        D578  3 0.0484 0.0806 0.1315 0.7394 
        D579  3 0.4035 0.3409 0.1158 0.1398 
        D660  3 0.0846 0.1009 0.1692 0.6453 
        D661  3 0.2464 0.1786 0.3150 0.2600 
        D663  3 0.4003 0.2878 0.1977 0.1142 
        D664  3 0.2200 0.0661 0.2691 0.4448 
        D665  3 0.0427 0.0912 0.6685 0.1977 
        D666  3 0.4897 0.1748 0.1617 0.1739 
        D009  4 0.0799 0.2252 0.4557 0.2391 
        D057  4 0.1332 0.2051 0.1499 0.5118 
        D109  4 0.1612 0.1903 0.2859 0.3625 
     D237222  4 0.1298 0.0945 0.2250 0.5508 
     D237223  4 0.1585 0.1382 0.4283 0.2750 
     D237224  4 0.2100 0.4118 0.2037 0.1744 
     D237225  4 0.1444 0.2804 0.3556 0.2197 
     D237299  4 0.1559 0.1086 0.6460 0.0895 
     D237300  4 0.7852 0.0472 0.0945 0.0732 
     D237306  4 0.2971 0.2141 0.3697 0.1190 
     D237307  4 0.3530 0.3307 0.1705 0.1457 
     D237308  4 0.1412 0.1125 0.0941 0.6522 
     D237309  4 0.1116 0.3227 0.2964 0.2693 
     D237317  4 0.5211 0.2499 0.1270 0.1021 
     D237318  4 0.6981 0.1354 0.0943 0.0722 
     D237319  4 0.1326 0.1714 0.4378 0.2582 
     D237320  4 0.1503 0.2628 0.2639 0.3230 
     D237321  4 0.6536 0.1050 0.1031 0.1384 
     D237397  4 0.3532 0.1524 0.2532 0.2412 
     D237398  4 0.3258 0.4013 0.1641 0.1088 
     D237399  4 0.4867 0.2283 0.1937 0.0912 
     D244001  4 0.0550 0.0645 0.1199 0.7605 
        D289  4 0.3178 0.4018 0.1803 0.1002 
        D290  4 0.0877 0.1376 0.6858 0.0888 
        D294  4 0.1261 0.3502 0.4354 0.0883 
        D295  4 0.1491 0.3127 0.4292 0.1091 
        D301  4 0.1279 0.0468 0.1425 0.6828 
        D302  4 0.0597 0.5663 0.3027 0.0714 
        D303  4 0.5713 0.1141 0.1553 0.1592 
        D304  4 0.3132 0.1269 0.4881 0.0718 
        D305  4 0.0557 0.1701 0.5596 0.2146 
        D306  4 0.0864 0.1100 0.7206 0.0829 
        D307  4 0.1735 0.0545 0.0938 0.6781 
        D327  4 0.1502 0.6362 0.1269 0.0867 
        D328  4 0.2490 0.1094 0.5559 0.0857 
        D329  4 0.1675 0.2334 0.2473 0.3518 
        D330  4 0.0400 0.5021 0.3148 0.1431 
        D331  4 0.3201 0.2281 0.3140 0.1378 
        D333  4 0.2311 0.1420 0.3912 0.2357 
        D334  4 0.4473 0.2658 0.2074 0.0795 
        D335  4 0.0634 0.6786 0.1563 0.1017 
        D370  4 0.1669 0.0997 0.4097 0.3236 
        D371  4 0.6365 0.2117 0.0740 0.0778 
        D372  4 0.5715 0.0457 0.2946 0.0882 
        D373  4 0.0817 0.0779 0.0672 0.7732 
        D455  4 0.0933 0.0838 0.1061 0.7167 
        D490  4 0.0579 0.0731 0.2252 0.6438 
        D497  4 0.0748 0.0657 0.2294 0.6301 
        D498  4 0.3142 0.1326 0.3728 0.1804 
        D499  4 0.3836 0.1908 0.3061 0.1195 
        D514  4 0.0662 0.4967 0.3498 0.0873 
        D515  4 0.0551 0.1355 0.6854 0.1240 
        D516  4 0.1950 0.2857 0.2522 0.2670 
        D517  4 0.0894 0.0966 0.1017 0.7123 
        D518  4 0.1347 0.1962 0.2572 0.4119 
        D519  4 0.1125 0.2172 0.4440 0.2263 
        D560  4 0.0815 0.1788 0.5569 0.1828 
        D561  4 0.0472 0.6108 0.2202 0.1218 
        D562  4 0.1377 0.2014 0.5026 0.1583 
        D563  4 0.0827 0.2412 0.2880 0.3881 
        D572  4 0.0725 0.3396 0.4576 0.1303 
        D629  4 0.1086 0.6004 0.1600 0.1310 
        D630  4 0.1333 0.2235 0.5403 0.1029 
        D631  4 0.1745 0.2349 0.3764 0.2141 
        D632  4 0.0517 0.1271 0.0923 0.7289 
        D646  4 0.0773 0.4403 0.1922 0.2902 
        D647  4 0.0425 0.5574 0.2518 0.1483 
        D648  4 0.0703 0.0549 0.8054 0.0693 
        D649  4 0.0809 0.6051 0.1347 0.1793 
        D650  4 0.2281 0.3602 0.2669 0.1448 
        D708  4 0.4537 0.1455 0.3179 0.0829 
        D709  4 0.1033 0.1023 0.6987 0.0958 
        D738  4 0.4284 0.2359 0.1899 0.1458 
        D739  4 0.0757 0.0909 0.6769 0.1565 
        D740  4 0.4372 0.1072 0.2259 0.2296 
        D741  4 0.0480 0.5605 0.2901 0.1014 
        D742  4 0.3041 0.2206 0.2708 0.2045 
        D743  4 0.0867 0.7234 0.1236 0.0662 
        D744  4 0.0767 0.5638 0.2480 0.1115 
        D745  4 0.0880 0.1316 0.5835 0.1969 
        D814  4 0.0892 0.1646 0.3925 0.3537 
        D815  4 0.1284 0.3684 0.4097 0.0935 
        D828  4 0.2025 0.0413 0.6585 0.0977 
        D845  4 0.8514 0.0617 0.0423 0.0445 
        D846  4 0.0622 0.3927 0.2345 0.3106 
        D847  4 0.2610 0.3164 0.2744 0.1482 
        D848  4 0.1450 0.0694 0.0587 0.7269 
        D849  4 0.0563 0.0999 0.6450 0.1987 
        D850  4 0.2157 0.5837 0.0814 0.1192 
        D856  4 0.0936 0.2509 0.5470 0.1085 
        D857  4 0.0554 0.0241 0.1267 0.7938 
        D859  4 0.1286 0.2694 0.5129 0.0891 
        D860  4 0.5819 0.2727 0.0691 0.0763 
        D883  4 0.2410 0.2994 0.2709 0.1887 
        D884  4 0.1209 0.1598 0.6132 0.1060 
        D885  4 0.1678 0.3453 0.2492 0.2378 
        D886  4 0.0713 0.2356 0.3964 0.2967 
        D887  4 0.2317 0.2515 0.3210 0.1958 
        D889  4 0.3696 0.1190 0.4737 0.0377 
        D890  4 0.2596 0.1519 0.3106 0.2779 
        D891  4 0.8576 0.0671 0.0426 0.0327 
        D899  4 0.5017 0.1742 0.1832 0.1409 
        D900  4 0.1600 0.3995 0.3095 0.1310 
        D970  4 0.2216 0.3900 0.2397 0.1487 
        D971  4 0.0666 0.2315 0.1194 0.5825 
        D979  4 0.0645 0.7116 0.1582 0.0657 
        D093  5 0.7009 0.0783 0.1422 0.0787 
        D154  5 0.2306 0.1711 0.4779 0.1205 
        D168  5 0.1063 0.2162 0.2356 0.4419 
        D189  5 0.5494 0.1130 0.2751 0.0625 
        D190  5 0.6961 0.0833 0.1470 0.0736 
     D237220  5 0.3185 0.1282 0.3796 0.1737 
     D237221  5 0.5811 0.1687 0.1286 0.1216 
     D237274  5 0.0514 0.7397 0.1331 0.0758 
     D237275  5 0.1441 0.0875 0.3078 0.4606 
     D237276  5 0.1780 0.1422 0.5133 0.1664 
     D237277  5 0.7853 0.0633 0.0697 0.0817 
     D237278  5 0.2374 0.0929 0.1395 0.5302 
     D237279  5 0.0647 0.2900 0.1090 0.5363 
     D237280  5 0.2076 0.2101 0.1636 0.4187 
     D237281  5 0.2713 0.4938 0.0967 0.1382 
     D237351  5 0.2386 0.0762 0.1399 0.5453 
     D237352  5 0.1027 0.2223 0.1413 0.5336 
     D237353  5 0.8618 0.0423 0.0531 0.0428 
     D237359  5 0.2843 0.1626 0.3993 0.1538 
     D237361  5 0.8260 0.0558 0.0605 0.0577 
     D237362  5 0.3723 0.3088 0.1808 0.1380 
     D237363  5 0.2180 0.2570 0.2679 0.2571 
     D237364  5 0.0635 0.2047 0.5112 0.2206 
     D237376  5 0.1801 0.0396 0.7172 0.0630 
     D237377  5 0.2131 0.3756 0.0650 0.3463 
     D237378  5 0.6102 0.0568 0.2331 0.1000 
     D237379  5 0.3247 0.1234 0.4604 0.0915 
     D237380  5 0.0854 0.0698 0.2549 0.5898 
     D237381  5 0.1331 0.1249 0.1668 0.5752 
     D237391  5 0.8101 0.0837 0.0537 0.0525 
     D237392  5 0.0730 0.6125 0.1265 0.1880 
     D237393  5 0.3495 0.3164 0.1114 0.2226 
     D237394  5 0.8138 0.0812 0.0606 0.0445 
     D237395  5 0.4854 0.0711 0.2857 0.1578 
     D237396  5 0.1672 0.6667 0.0458 0.1203 
     D244016  5 0.4650 0.2252 0.2106 0.0992 
     D244018  5 0.3507 0.1291 0.0699 0.4503 
     D244019  5 0.2133 0.3882 0.2691 0.1294 
        D279  5 0.4370 0.1149 0.2748 0.1733 
        D280  5 0.6112 0.1875 0.1141 0.0872 
        D281  5 0.4987 0.2206 0.2114 0.0694 
        D283  5 0.6292 0.2486 0.0625 0.0597 
        D284  5 0.1327 0.1804 0.4089 0.2780 
        D285  5 0.6836 0.1362 0.1277 0.0525 
        D286  5 0.2212 0.1417 0.5486 0.0885 
        D287  5 0.2573 0.0475 0.6204 0.0748 
        D288  5 0.5814 0.2608 0.0825 0.0753 
        D308  5 0.0929 0.2036 0.0806 0.6230 
        D309  5 0.0476 0.5848 0.2806 0.0871 
        D310  5 0.8192 0.0552 0.0826 0.0430 
        D311  5 0.1932 0.2025 0.5114 0.0929 
        D312  5 0.3340 0.2894 0.2525 0.1242 
        D313  5 0.0629 0.0400 0.0496 0.8475 
        D314  5 0.1861 0.0854 0.5237 0.2048 
        D315  5 0.3562 0.3197 0.1682 0.1559 
        D317  5 0.7568 0.0937 0.0959 0.0536 
        D318  5 0.1500 0.4130 0.2625 0.1746 
        D319  5 0.7568 0.0713 0.1068 0.0651 
        D320  5 0.7235 0.0856 0.1372 0.0536 
        D321  5 0.3875 0.1271 0.0505 0.4348 
        D336  5 0.4619 0.0753 0.4063 0.0565 
        D337  5 0.8719 0.0527 0.0394 0.0360 
        D338  5 0.3105 0.2457 0.3002 0.1436 
        D339  5 0.7445 0.0625 0.0979 0.0951 
        D347  5 0.1616 0.2447 0.4958 0.0979 
        D348  5 0.6737 0.1337 0.1304 0.0622 
        D349  5 0.2081 0.0646 0.0841 0.6432 
        D350  5 0.0696 0.3929 0.4577 0.0797 
        D355  5 0.1315 0.5538 0.2395 0.0751 
        D356  5 0.4528 0.2805 0.1618 0.1049 
        D357  5 0.2571 0.1670 0.4525 0.1234 
        D358  5 0.4284 0.2567 0.1559 0.1590 
        D359  5 0.5026 0.3729 0.0819 0.0426 
        D360  5 0.6106 0.1855 0.1281 0.0758 
        D361  5 0.0856 0.0644 0.0709 0.7791 
        D366  5 0.0671 0.5927 0.0536 0.2866 
        D367  5 0.4780 0.0777 0.3548 0.0895 
        D368  5 0.4459 0.1966 0.2048 0.1527 
        D380  5 0.0891 0.6020 0.1601 0.1488 
        D381  5 0.6938 0.1598 0.0816 0.0647 
        D400  5 0.3890 0.1370 0.3590 0.1151 
        D411  5 0.0404 0.0536 0.1901 0.7159 
        D412  5 0.2651 0.1767 0.2493 0.3089 
        D413  5 0.0660 0.2073 0.0894 0.6373 
        D414  5 0.0839 0.2162 0.5783 0.1216 
        D420  5 0.4701 0.1142 0.2897 0.1261 
        D431  5 0.3010 0.0565 0.5303 0.1122 
        D432  5 0.5876 0.1321 0.0899 0.1904 
        D433  5 0.7425 0.0826 0.1082 0.0667 
        D434  5 0.5755 0.2088 0.1226 0.0931 
        D440  5 0.0434 0.3713 0.4931 0.0922 
        D447  5 0.0468 0.6808 0.1458 0.1266 
        D448  5 0.4262 0.1160 0.4032 0.0545 
        D459  5 0.3253 0.4756 0.1055 0.0936 
        D460  5 0.1729 0.1753 0.0579 0.5940 
        D461  5 0.0839 0.5602 0.2964 0.0596 
        D468  5 0.2305 0.3161 0.2961 0.1573 
        D469  5 0.1629 0.5478 0.1921 0.0972 
        D470  5 0.1319 0.1196 0.6064 0.1421 
        D471  5 0.5118 0.1142 0.3197 0.0543 
        D472  5 0.0959 0.7904 0.0496 0.0641 
        D479  5 0.0511 0.0762 0.1817 0.6910 
        D485  5 0.0939 0.1020 0.7151 0.0890 
        D486  5 0.1068 0.2623 0.4621 0.1687 
        D487  5 0.5585 0.0698 0.2290 0.1427 
        D555  5 0.7693 0.0666 0.0705 0.0937 
        D556  5 0.5373 0.1073 0.2528 0.1025 
        D557  5 0.7845 0.0812 0.0806 0.0537 
        D564  5 0.3367 0.1542 0.3288 0.1802 
        D594  5 0.1244 0.3200 0.3379 0.2177 
        D595  5 0.4499 0.2331 0.1430 0.1740 
        D596  5 0.8147 0.0527 0.0591 0.0736 
        D597  5 0.5270 0.2512 0.0890 0.1328 
        D598  5 0.3977 0.1917 0.1679 0.2426 
        D617  5 0.0587 0.0580 0.1415 0.7418 
        D618  5 0.6893 0.1109 0.1137 0.0861 
        D619  5 0.1764 0.3050 0.1294 0.3892 
        D620  5 0.1338 0.1334 0.0562 0.6766 
        D628  5 0.1168 0.2178 0.4165 0.2490 
        D714  5 0.6767 0.0737 0.1826 0.0670 
        D715  5 0.7724 0.1191 0.0566 0.0518 
        D716  5 0.1349 0.1691 0.6296 0.0664 
        D717  5 0.3152 0.4563 0.1122 0.1164 
        D718  5 0.1124 0.0504 0.7388 0.0984 
        D769  5 0.0605 0.0859 0.2529 0.6007 
        D770  5 0.2294 0.1645 0.4255 0.1806 
        D771  5 0.2181 0.1515 0.3688 0.2616 
        D772  5 0.4285 0.1833 0.2808 0.1074 
        D782  5 0.1847 0.2689 0.0984 0.4479 
        D783  5 0.2848 0.1901 0.3314 0.1937 
        D784  5 0.1932 0.6406 0.0956 0.0706 
        D785  5 0.6386 0.0947 0.1705 0.0962 
        D786  5 0.0515 0.2279 0.1870 0.5335 
        D821  5 0.8851 0.0403 0.0422 0.0324 
        D822  5 0.1803 0.5454 0.1687 0.1056 
        D826  5 0.6636 0.1087 0.1317 0.0959 
        D827  5 0.0819 0.6043 0.2184 0.0954 
        D851  5 0.2566 0.3718 0.2010 0.1706 
        D852  5 0.5368 0.0908 0.1913 0.1811 
        D853  5 0.4544 0.1272 0.3326 0.0858 
        D854  5 0.0988 0.2401 0.5457 0.1154 
        D861  5 0.3741 0.1763 0.2367 0.2129 
        D862  5 0.2492 0.4561 0.2240 0.0708 
        D865  5 0.7286 0.0675 0.1047 0.0991 
        D868  5 0.2020 0.6006 0.1265 0.0709 
        D869  5 0.0604 0.0918 0.0945 0.7533 
        D870  5 0.0739 0.5084 0.2285 0.1892 
        D907  5 0.6720 0.0764 0.1313 0.1203 
        D908  5 0.6657 0.0560 0.1312 0.1471 
        D910  5 0.6036 0.1499 0.1667 0.0798 
        D911  5 0.3236 0.4674 0.1622 0.0469 
        D934  5 0.3112 0.1865 0.3487 0.1535 
        D946  5 0.2115 0.0592 0.6162 0.1130 
        D947  5 0.2017 0.2663 0.4433 0.0887 
        D948  5 0.2761 0.0800 0.0426 0.6014 
        D949  5 0.2088 0.0936 0.0863 0.6113 
        D950  5 0.3729 0.4163 0.1207 0.0901 
        D951  5 0.0448 0.5699 0.2780 0.1072 
        D952  5 0.2621 0.5343 0.1272 0.0764 
        D953  5 0.7293 0.1211 0.0895 0.0601 
        D954  5 0.3608 0.4897 0.0658 0.0837 
        D961  5 0.1223 0.0589 0.7370 0.0818 
        D962  5 0.4400 0.1793 0.3195 0.0612 
        D963  5 0.3242 0.3948 0.1965 0.0844 
        D964  5 0.2474 0.1604 0.4457 0.1465 
        D965  5 0.0730 0.1588 0.6622 0.1059 
        D966  5 0.5058 0.2470 0.1248 0.1223 
        D967  5 0.5894 0.0992 0.0996 0.2118 
        D991  5 0.1722 0.1846 0.4556 0.1877 
        D502  6 0.0365 0.1195 0.6925 0.1515 
        D503  6 0.2659 0.0809 0.1508 0.5024 
        D504  6 0.1798 0.5175 0.1727 0.1301 
        D505  6 0.3693 0.2511 0.1681 0.2115 
        D506  6 0.7471 0.0957 0.0902 0.0670 
        D507  6 0.1567 0.1665 0.3460 0.3309 
        D508  6 0.1105 0.3321 0.4876 0.0698 
        D529  6 0.3167 0.2894 0.2414 0.1524 
        D530  6 0.1156 0.0673 0.5422 0.2749 
        D531  6 0.1914 0.3341 0.3857 0.0888 
        D532  6 0.2006 0.3444 0.3289 0.1261 
        D534  6 0.0778 0.1924 0.1076 0.6223 
        D535  6 0.3840 0.2830 0.1686 0.1644 
        D536  6 0.0424 0.0650 0.1073 0.7852 
        D554  6 0.1729 0.1130 0.5477 0.1663 
        D587  6 0.5978 0.1936 0.1032 0.1054 
        D588  6 0.3688 0.4158 0.0941 0.1212 
        D589  6 0.4061 0.1127 0.1709 0.3103 
        D590  6 0.0986 0.1073 0.0902 0.7039 
        D591  6 0.5572 0.1930 0.1169 0.1328 
        D592  6 0.1479 0.1015 0.0595 0.6911 
        D593  6 0.0933 0.0583 0.7464 0.1020 
        D682  6 0.7590 0.0745 0.0897 0.0769 
        D683  6 0.3326 0.4975 0.1048 0.0651 
        D684  6 0.1309 0.3137 0.2396 0.3158 
        D685  6 0.2123 0.0635 0.5010 0.2232 
        D686  6 0.1907 0.1134 0.5313 0.1647 
        D724  6 0.0663 0.2487 0.5530 0.1320 
        D725  6 0.2005 0.1518 0.3947 0.2531 
        D726  6 0.7672 0.0800 0.0806 0.0721 
        D727  6 0.1601 0.3120 0.1303 0.3976 
        D728  6 0.4123 0.1484 0.3247 0.1146 
        D729  6 0.0429 0.2147 0.0449 0.6975 
        D730  6 0.0863 0.1678 0.4060 0.3399 
        D731  6 0.8414 0.0430 0.0596 0.0560 
        D732  6 0.0946 0.4093 0.3742 0.1220 
        D733  6 0.1325 0.1599 0.5381 0.1696 
     D237251  7 0.3221 0.0709 0.5122 0.0949 
     D237252  7 0.0814 0.0883 0.4022 0.4282 
     D237253  7 0.4703 0.1405 0.2830 0.1062 
     D237254  7 0.0678 0.1243 0.1045 0.7034 
     D237255  7 0.5156 0.1252 0.2490 0.1102 
     D237256  7 0.1296 0.2887 0.5202 0.0616 
     D237257  7 0.0652 0.2135 0.5509 0.1704 
     D237282  7 0.0550 0.6310 0.1062 0.2078 
     D237283  7 0.1089 0.0430 0.2681 0.5799 
     D237284  7 0.0636 0.1682 0.1119 0.6563 
     D237285  7 0.1447 0.0995 0.6201 0.1357 
     D237286  7 0.2856 0.4546 0.1583 0.1015 
     D237287  7 0.1933 0.3871 0.2164 0.2032 
     D244006  7 0.0437 0.1122 0.1086 0.7354 
     D244007  7 0.0850 0.3598 0.1090 0.4462 
     D244008  7 0.1711 0.0855 0.3031 0.4404 
     D244009  7 0.1745 0.1990 0.4226 0.2039 
     D244010  7 0.1153 0.1983 0.5433 0.1431 
     D244011  7 0.3084 0.0973 0.4372 0.1571 
     D244012  7 0.1100 0.2653 0.4303 0.1945 
     D244013  7 0.4361 0.1736 0.2523 0.1381 
     D244014  7 0.1457 0.0992 0.2526 0.5024 
     D244015  7 0.0644 0.3299 0.2335 0.3723 
     D244125  7 0.6859 0.1796 0.0681 0.0664 
     D244126  7 0.0415 0.0596 0.4101 0.4888 
     D244130  7 0.0761 0.1553 0.3782 0.3903 
     D244131  7 0.3364 0.3204 0.1064 0.2368 
     D244132  7 0.3340 0.3379 0.2380 0.0900 
        D520  7 0.2033 0.1511 0.5176 0.1279 
        D521  7 0.0760 0.1775 0.6428 0.1037 
        D522  7 0.1393 0.2017 0.0690 0.5901 
        D523  7 0.5290 0.1075 0.1877 0.1758 
        D524  7 0.4629 0.1481 0.2372 0.1518 
        D525  7 0.3124 0.0977 0.0743 0.5156 
        D526  7 0.0598 0.1663 0.0887 0.6852 
        D527  7 0.3055 0.2420 0.3337 0.1188 
        D528  7 0.0367 0.4526 0.3999 0.1109 
        D558  7 0.0559 0.3614 0.2607 0.3220 
        D559  7 0.0614 0.3438 0.4279 0.1668 
        D640  7 0.6205 0.1522 0.1489 0.0783 
        D641  7 0.5286 0.0529 0.1988 0.2197 
        D642  7 0.0901 0.0844 0.0896 0.7360 
        D644  7 0.3283 0.1689 0.3018 0.2010 
        D645  7 0.3413 0.1448 0.3728 0.1411 
        D662  7 0.1928 0.3421 0.0773 0.3878 
        D687  7 0.3612 0.1591 0.3540 0.1257 
        D688  7 0.0585 0.3953 0.3159 0.2303 
        D689  7 0.6325 0.1539 0.1182 0.0955 
        D700  7 0.0398 0.4994 0.3269 0.1338 
        D797  7 0.3490 0.1842 0.2952 0.1716 
        D798  7 0.0984 0.2616 0.2923 0.3476 
        D799  7 0.2716 0.1045 0.3666 0.2573 
        D800  7 0.0670 0.6289 0.1182 0.1859 
        D132  8 0.0962 0.1187 0.1499 0.6351 
        D133  8 0.0801 0.0566 0.0935 0.7697 
        D200  8 0.0471 0.0565 0.8454 0.0510 
        D500  8 0.0776 0.0850 0.0900 0.7473 
        D614  8 0.4042 0.1369 0.3624 0.0965 
        D723  8 0.0917 0.4123 0.2040 0.2921 
        D888  8 0.6949 0.1080 0.1276 0.0695 
        D901  8 0.0840 0.0520 0.7799 0.0841 
        D902  8 0.4937 0.1056 0.2821 0.1186 
        D903  8 0.1232 0.6204 0.1766 0.0799 
        D904  8 0.1231 0.3587 0.3476 0.1706 
        D905  8 0.8507 0.0374 0.0771 0.0348 
        D906  8 0.1634 0.2900 0.1937 0.3529 
        D937  8 0.6909 0.0432 0.1900 0.0758 
        D943  8 0.1007 0.2308 0.4879 0.1806 
        D972  8 0.0780 0.3277 0.3328 0.2615 
        D973  8 0.0727 0.6756 0.1447 0.1070 
        D974  8 0.1388 0.2165 0.3939 0.2508 
        D975  8 0.1109 0.0857 0.7114 0.0919 
        D976  8 0.2125 0.0932 0.5367 0.1576 
        D201  9 0.1556 0.1929 0.3737 0.2778 
        D202  9 0.0634 0.0426 0.7925 0.1015 
     D237259  9 0.0495 0.5932 0.1698 0.1875 
     D237260  9 0.1763 0.0637 0.3645 0.3956 
     D237262  9 0.1066 0.0827 0.0980 0.7127 
     D237263  9 0.1211 0.1557 0.2312 0.4919 
     D237264  9 0.1766 0.1796 0.2366 0.4071 
     D237265  9 0.5709 0.0562 0.1796 0.1933 
     D237266  9 0.0736 0.0830 0.0428 0.8007 
     D237267  9 0.1118 0.0872 0.6259 0.1750 
     D237268  9 0.1037 0.1839 0.5411 0.1713 
     D237289  9 0.3505 0.0788 0.3003 0.2705 
     D237290  9 0.4244 0.1063 0.2100 0.2593 
     D237291  9 0.3009 0.0947 0.1470 0.4574 
     D237292  9 0.0702 0.0763 0.2065 0.6470 
     D237293  9 0.1896 0.1281 0.4252 0.2571 
     D237294  9 0.0899 0.0390 0.4894 0.3818 
     D237295  9 0.2119 0.3900 0.2782 0.1199 
     D237296  9 0.2286 0.1621 0.4675 0.1419 
     D237297  9 0.1769 0.0870 0.6592 0.0768 
     D237298  9 0.1799 0.3006 0.3453 0.1743 
     D237341  9 0.2563 0.2447 0.2324 0.2666 
     D237342  9 0.1069 0.1020 0.5779 0.2132 
     D237343  9 0.1280 0.2080 0.1992 0.4648 
     D237344  9 0.3556 0.1383 0.2136 0.2925 
     D237345  9 0.0361 0.0736 0.2992 0.5911 
     D237346  9 0.2872 0.0706 0.1369 0.5052 
     D237347  9 0.7302 0.0907 0.0918 0.0873 
     D237348  9 0.1480 0.1438 0.2134 0.4949 
     D237349  9 0.0605 0.1889 0.0633 0.6874 
     D244109  9 0.0589 0.2610 0.1291 0.5510 
     D244110  9 0.1217 0.1892 0.1752 0.5139 
     D244111  9 0.1363 0.2124 0.4327 0.2186 
     D244128  9 0.0455 0.0717 0.5874 0.2954 
     D244137  9 0.0842 0.6268 0.0677 0.2212 
     D244138  9 0.3296 0.1154 0.3542 0.2008 
        D580  9 0.0642 0.1772 0.6033 0.1553 
        D581  9 0.1792 0.0696 0.2322 0.5189 
        D582  9 0.0562 0.0578 0.6324 0.2535 
        D583  9 0.0540 0.0382 0.0925 0.8154 
        D584  9 0.2688 0.0853 0.3183 0.3275 
        D585  9 0.1840 0.1261 0.4805 0.2094 
        D586  9 0.8687 0.0420 0.0358 0.0535 
        D651  9 0.2760 0.4650 0.0684 0.1906 
        D652  9 0.0555 0.2051 0.0809 0.6584 
        D653  9 0.2543 0.5753 0.0926 0.0778 
        D654  9 0.0495 0.2525 0.0745 0.6234 
        D655  9 0.6500 0.1099 0.1083 0.1318 
        D656  9 0.0471 0.0737 0.1147 0.7646 
        D657  9 0.0831 0.1284 0.4258 0.3627 
        D667  9 0.7576 0.0798 0.0820 0.0806 
        D668  9 0.2958 0.1307 0.1815 0.3920 
        D669  9 0.3028 0.1260 0.3552 0.2160 
        D670  9 0.0925 0.6483 0.1090 0.1502 
        D671  9 0.1381 0.1278 0.2874 0.4467 
        D672  9 0.0896 0.0905 0.6113 0.2085 
        D673  9 0.3293 0.1244 0.3652 0.1811 
        D692  9 0.0595 0.0817 0.1482 0.7106 
        D693  9 0.3183 0.1772 0.2389 0.2657 
        D694  9 0.0786 0.0831 0.3423 0.4960 
        D695  9 0.2102 0.2795 0.1324 0.3779 
        D696  9 0.6848 0.0750 0.1880 0.0522 
        D697  9 0.5881 0.1571 0.0898 0.1650 
        D698  9 0.2159 0.0896 0.2133 0.4812 
        D699  9 0.4799 0.0573 0.2967 0.1662 
        D787  9 0.1003 0.3397 0.0745 0.4855 
        D788  9 0.1768 0.0964 0.6358 0.0909 
        D789  9 0.1003 0.0733 0.5910 0.2354 
        D790  9 0.2561 0.1991 0.0732 0.4716 
        D791  9 0.2068 0.0572 0.5859 0.1500 
        D792  9 0.1600 0.4009 0.0463 0.3927 
        D793  9 0.7112 0.1755 0.0461 0.0672 
        D794  9 0.2939 0.4033 0.1041 0.1988 
        D795  9 0.1952 0.0475 0.5050 0.2523 
        D796  9 0.4812 0.1172 0.2726 0.1291 
        D142 10 0.1976 0.2037 0.4790 0.1197 
        D143 10 0.0694 0.0765 0.0881 0.7659 
        D144 10 0.2704 0.3118 0.2242 0.1936 
        D145 10 0.5487 0.0897 0.2747 0.0869 
        D146 10 0.0643 0.1809 0.5528 0.2020 
        D147 10 0.0572 0.2187 0.6470 0.0772 
        D148 10 0.1822 0.4563 0.2963 0.0651 
        D149 10 0.2129 0.1886 0.1416 0.4569 
        D151 10 0.3410 0.2885 0.2845 0.0859 
        D152 10 0.1199 0.0523 0.1739 0.6539 
        D153 10 0.1445 0.4294 0.3448 0.0814 
        D156 10 0.0620 0.4090 0.4559 0.0732 
        D157 10 0.2791 0.0984 0.3577 0.2648 
        D158 10 0.1769 0.0514 0.7148 0.0569 
        D159 10 0.0945 0.0985 0.0718 0.7352 
        D160 10 0.9124 0.0272 0.0306 0.0299 
        D161 10 0.2094 0.4629 0.1512 0.1765 
        D162 10 0.1354 0.4005 0.3825 0.0816 
        D169 10 0.1546 0.1316 0.0602 0.6537 
        D170 10 0.0986 0.1182 0.2389 0.5443 
        D171 10 0.0761 0.1285 0.7302 0.0652 
        D172 10 0.0646 0.1757 0.6608 0.0988 
        D173 10 0.0571 0.3022 0.0889 0.5518 
        D181 10 0.3253 0.1815 0.4007 0.0926 
        D182 10 0.2315 0.2264 0.2050 0.3372 
        D183 10 0.6873 0.0866 0.1689 0.0572 
        D184 10 0.0362 0.1618 0.0726 0.7294 
        D185 10 0.1174 0.5435 0.2125 0.1266 
        D186 10 0.1004 0.0570 0.3214 0.5213 
        D194 10 0.1205 0.2427 0.3423 0.2945 
        D195 10 0.4285 0.2057 0.1681 0.1977 
        D196 10 0.2580 0.5113 0.1363 0.0944 
        D197 10 0.1128 0.0523 0.0762 0.7587 
        D198 10 0.2271 0.4936 0.1517 0.1276 
     D237226 10 0.4917 0.2788 0.0690 0.1605 
     D237232 10 0.6781 0.1121 0.1276 0.0823 
     D237233 10 0.3406 0.0788 0.3047 0.2759 
     D237234 10 0.2596 0.0960 0.5289 0.1155 
     D237354 10 0.8107 0.0789 0.0571 0.0533 
     D237355 10 0.8539 0.0700 0.0408 0.0354 
     D237356 10 0.3225 0.4620 0.1006 0.1149 
     D237357 10 0.0691 0.0899 0.1830 0.6581 
     D237358 10 0.0902 0.2746 0.0381 0.5971 
     D237369 10 0.0319 0.1751 0.5285 0.2645 
     D237370 10 0.4307 0.1099 0.2184 0.2410 
     D237371 10 0.1572 0.5342 0.1590 0.1497 
     D237372 10 0.0936 0.1186 0.1186 0.6691 
     D237373 10 0.1977 0.0719 0.6841 0.0463 
     D237374 10 0.8333 0.0456 0.0803 0.0408 
     D237375 10 0.1279 0.3411 0.2040 0.3270 
     D237400 10 0.1411 0.0635 0.1567 0.6387 
     D244002 10 0.0433 0.2267 0.5582 0.1718 
     D244003 10 0.8225 0.0313 0.0706 0.0756 
     D244004 10 0.8629 0.0357 0.0609 0.0405 
     D244005 10 0.6180 0.0871 0.0432 0.2517 
     D244020 10 0.3445 0.2876 0.2343 0.1337 
     D244021 10 0.1011 0.0945 0.6436 0.1609 
     D244116 10 0.0726 0.1433 0.3268 0.4573 
     D244117 10 0.6863 0.0935 0.1189 0.1013 
     D244121 10 0.4871 0.0740 0.1419 0.2971 
     D244123 10 0.3786 0.1074 0.4117 0.1022 
     D244124 10 0.1172 0.0551 0.2321 0.5957 
        D332 10 0.1049 0.6089 0.1721 0.1140 
        D570 10 0.4399 0.1545 0.3080 0.0976 
        D602 10 0.0754 0.5427 0.2841 0.0979 
        D603 10 0.2170 0.1131 0.4833 0.1866 
        D604 10 0.1549 0.3597 0.2416 0.2438 
        D605 10 0.1646 0.5272 0.1690 0.1392 
        D606 10 0.3247 0.1099 0.0598 0.5056 
        D607 10 0.0533 0.7272 0.1487 0.0708 
        D608 10 0.0390 0.1554 0.0645 0.7411 
        D609 10 0.5564 0.1996 0.1782 0.0658 
        D610 10 0.5793 0.2283 0.1117 0.0807 
        D611 10 0.7795 0.0490 0.1339 0.0376 
        D613 10 0.1804 0.4548 0.2864 0.0785 
        D633 10 0.0593 0.5590 0.1894 0.1923 
        D634 10 0.1797 0.1439 0.5306 0.1457 
        D638 10 0.2329 0.0709 0.0995 0.5966 
        D681 10 0.0741 0.0561 0.7768 0.0931 
        D754 10 0.0867 0.0425 0.7936 0.0771 
        D755 10 0.5743 0.0361 0.0975 0.2921 
        D756 10 0.3364 0.0759 0.4445 0.1433 
        D757 10 0.3474 0.1990 0.0765 0.3771 
        D758 10 0.2217 0.1427 0.3892 0.2463 
        D759 10 0.7329 0.0801 0.0506 0.1365 
        D760 10 0.4542 0.2304 0.2015 0.1140 
        D761 10 0.7992 0.0398 0.0946 0.0664 
        D762 10 0.0806 0.6779 0.1277 0.1137 
        D775 10 0.8227 0.0444 0.0671 0.0657 
        D776 10 0.6848 0.0812 0.0942 0.1398 
        D777 10 0.7758 0.0649 0.0715 0.0879 
        D778 10 0.4353 0.0655 0.0585 0.4407 
        D779 10 0.1625 0.0553 0.6729 0.1093 
        D780 10 0.3113 0.1850 0.3302 0.1735 
        D781 10 0.0663 0.3353 0.4702 0.1283 
        D858 10 0.0903 0.0688 0.0737 0.7672 
        D933 10 0.3823 0.4513 0.0832 0.0832 
        D038 11 0.4719 0.2144 0.2141 0.0996 
        D063 11 0.2620 0.0825 0.5170 0.1385 
        D155 11 0.6779 0.1547 0.0803 0.0871 
        D175 11 0.0997 0.0571 0.7456 0.0976 
        D176 11 0.1875 0.0664 0.4054 0.3407 
        D205 11 0.4435 0.1203 0.3007 0.1355 
     D237229 11 0.0670 0.3284 0.2295 0.3751 
     D237230 11 0.0479 0.4937 0.0942 0.3642 
     D237231 11 0.0509 0.7318 0.1525 0.0648 
     D237269 11 0.1860 0.4090 0.2236 0.1813 
     D237270 11 0.0842 0.2108 0.0781 0.6270 
     D237271 11 0.1559 0.1242 0.6225 0.0974 
     D237272 11 0.0690 0.4471 0.1225 0.3613 
     D237273 11 0.1528 0.0600 0.7012 0.0860 
     D237301 11 0.0989 0.6589 0.1706 0.0716 
     D237302 11 0.1811 0.1370 0.1602 0.5217 
     D237303 11 0.0375 0.1990 0.1972 0.5663 
     D237304 11 0.1210 0.2334 0.5074 0.1382 
     D237305 11 0.1937 0.0833 0.1688 0.5541 
     D237314 11 0.4204 0.1431 0.3258 0.1107 
     D237315 11 0.1089 0.2482 0.3255 0.3175 
     D237316 11 0.0904 0.5578 0.2709 0.0809 
     D237328 11 0.1096 0.5347 0.2366 0.1191 
     D237329 11 0.2983 0.1129 0.0753 0.5134 
     D237330 11 0.5368 0.0654 0.3058 0.0920 
     D237331 11 0.5498 0.1558 0.1872 0.1071 
     D237332 11 0.2443 0.2788 0.3837 0.0931 
     D237333 11 0.6809 0.0804 0.1260 0.1126 
     D237334 11 0.1038 0.6697 0.1335 0.0930 
     D237335 11 0.2449 0.2389 0.3680 0.1483 
     D237336 11 0.5971 0.0843 0.1968 0.1218 
     D237350 11 0.1864 0.1599 0.4772 0.1765 
     D237383 11 0.2072 0.0586 0.4649 0.2694 
     D237384 11 0.1545 0.5246 0.1302 0.1908 
     D237385 11 0.1804 0.2323 0.3874 0.1999 
     D237386 11 0.1687 0.5693 0.1205 0.1415 
     D237387 11 0.0858 0.4500 0.3360 0.1282 
     D237388 11 0.3003 0.1519 0.4720 0.0758 
        D239 11 0.5699 0.1489 0.2036 0.0776 
        D240 11 0.5081 0.0806 0.1071 0.3041 
        D241 11 0.0895 0.4745 0.3863 0.0498 
        D242 11 0.1353 0.5361 0.2082 0.1205 
        D243 11 0.6750 0.1234 0.1027 0.0990 
        D244 11 0.7553 0.0844 0.0700 0.0903 
