        D174  1 0.1120 0.1204 0.1254 0.3892 0.0263 0.1948 0.0319 
        D199  1 0.2834 0.0539 0.1548 0.2351 0.0426 0.0651 0.1651 
        D203  1 0.2371 0.1036 0.1075 0.0817 0.0555 0.1786 0.2360 
        D204  1 0.7451 0.0288 0.0357 0.0218 0.0790 0.0464 0.0433 
     D237366  1 0.0987 0.2480 0.2031 0.0616 0.2123 0.1168 0.0594 
     D237367  1 0.5075 0.0988 0.1186 0.0419 0.0618 0.1316 0.0398 
     D237368  1 0.1099 0.5003 0.1246 0.1076 0.0505 0.0439 0.0633 
     D244101  1 0.1564 0.0330 0.0907 0.0316 0.4859 0.0271 0.1753 
     D244102  1 0.0797 0.1247 0.1109 0.0597 0.1594 0.4118 0.0538 
     D244103  1 0.3592 0.0919 0.2641 0.0599 0.0654 0.1247 0.0348 
     D244104  1 0.6695 0.0572 0.0365 0.1357 0.0296 0.0187 0.0527 
     D244105  1 0.1388 0.2235 0.3985 0.0209 0.0492 0.1434 0.0256 
     D244106  1 0.0683 0.0268 0.0944 0.6181 0.0325 0.0976 0.0624 
     D244107  1 0.1200 0.5406 0.1221 0.0208 0.0962 0.0232 0.0771 
     D244108  1 0.1033 0.1861 0.1009 0.4255 0.0376 0.0942 0.0524 
     D244113  1 0.0282 0.0512 0.0700 0.4379 0.1531 0.2232 0.0363 
     D244114  1 0.1071 0.0443 0.4487 0.0872 0.0967 0.1255 0.0906 
     D244115  1 0.1095 0.2102 0.2006 0.3178 0.0349 0.0914 0.0356 
     D267365  1 0.3047 0.0652 0.1043 0.3462 0.0600 0.0680 0.0516 
        D404  1 0.0282 0.0328 0.0427 0.2489 0.0856 0.5304 0.0315 
        D405  1 0.1278 0.0532 0.0950 0.0767 0.0880 0.4609 0.0983 
        D406  1 0.0476 0.8076 0.0247 0.0384 0.0358 0.0248 0.0211 
        D407  1 0.7630 0.0458 0.0862 0.0260 0.0185 0.0248 0.0357 
        D408  1 0.0800 0.0341 0.0835 0.6129 0.0369 0.1082 0.0445 
        D409  1 0.2024 0.0623 0.3707 0.0738 0.0402 0.2060 0.0446 
        D410  1 0.1111 0.7156 0.0494 0.0383 0.0382 0.0327 0.0146 
        D421  1 0.8966 0.0125 0.0215 0.0254 0.0124 0.0122 0.0193 
        D422  1 0.0873 0.7567 0.0528 0.0166 0.0162 0.0212 0.0491 
        D423  1 0.0917 0.7450 0.0544 0.0204 0.0154 0.0229 0.0502 
        D424  1 0.6999 0.0398 0.1624 0.0306 0.0195 0.0311 0.0167 
        D425  1 0.5118 0.0391 0.1572 0.1432 0.0392 0.0853 0.0242 
        D426  1 0.2453 0.0366 0.5200 0.0461 0.0234 0.0610 0.0677 
        D427  1 0.2128 0.0322 0.0454 0.2077 0.0186 0.0202 0.4631 
        D428  1 0.3831 0.1057 0.1364 0.1879 0.0826 0.0649 0.0393 
        D429  1 0.3726 0.0683 0.1251 0.2049 0.0681 0.1084 0.0526 
        D430  1 0.0856 0.0432 0.1934 0.1475 0.0396 0.4011 0.0897 
        D491  1 0.0722 0.0332 0.0395 0.7730 0.0341 0.0319 0.0161 
        D492  1 0.2605 0.1305 0.2299 0.1426 0.0523 0.1323 0.0518 
        D537  1 0.7564 0.0572 0.0609 0.0250 0.0530 0.0275 0.0200 
        D538  1 0.0528 0.2003 0.1512 0.0925 0.0551 0.3884 0.0598 
        D539  1 0.0499 0.1294 0.1443 0.2614 0.1557 0.1474 0.1119 
        D540  1 0.4233 0.0923 0.2645 0.0588 0.0413 0.0752 0.0447 
        D541  1 0.8565 0.0289 0.0286 0.0197 0.0217 0.0157 0.0289 
        D551  1 0.1434 0.0374 0.4623 0.0429 0.0370 0.0360 0.2410 
        D552  1 0.1651 0.3370 0.1209 0.2072 0.0940 0.0358 0.0400 
        D553  1 0.8809 0.0193 0.0257 0.0206 0.0226 0.0130 0.0179 
        D615  1 0.3646 0.1636 0.1102 0.0951 0.0297 0.1380 0.0989 
        D616  1 0.2779 0.2033 0.1890 0.0772 0.0251 0.0633 0.1641 
        D621  1 0.0211 0.5573 0.0503 0.1034 0.2114 0.0362 0.0204 
        D622  1 0.0425 0.7068 0.0821 0.0422 0.0684 0.0343 0.0238 
        D623  1 0.0380 0.0381 0.0850 0.3398 0.2568 0.1053 0.1370 
        D624  1 0.0518 0.0340 0.0927 0.7473 0.0154 0.0349 0.0239 
        D625  1 0.5699 0.1212 0.0860 0.0901 0.0524 0.0595 0.0208 
        D626  1 0.1352 0.1863 0.1041 0.4002 0.0541 0.0822 0.0380 
        D627  1 0.1642 0.0377 0.5448 0.0656 0.0323 0.0833 0.0721 
        D690  1 0.7295 0.0948 0.0366 0.0636 0.0359 0.0254 0.0142 
        D691  1 0.1063 0.6671 0.0602 0.0506 0.0380 0.0532 0.0245 
        D710  1 0.2722 0.1497 0.1499 0.1868 0.1437 0.0539 0.0439 
        D711  1 0.6883 0.0661 0.0420 0.0465 0.0533 0.0725 0.0314 
        D712  1 0.0426 0.0706 0.0525 0.6641 0.0571 0.0684 0.0446 
        D713  1 0.2544 0.0791 0.1568 0.1300 0.2108 0.1456 0.0234 
        D746  1 0.0560 0.8208 0.0311 0.0231 0.0242 0.0175 0.0273 
        D747  1 0.8484 0.0263 0.0271 0.0216 0.0277 0.0186 0.0303 
        D748  1 0.3834 0.2306 0.1161 0.0418 0.0920 0.1119 0.0241 
        D749  1 0.0364 0.4064 0.2668 0.0960 0.0725 0.0630 0.0589 
        D750  1 0.1262 0.0903 0.0532 0.6236 0.0406 0.0433 0.0227 
        D763  1 0.1541 0.0860 0.1825 0.0443 0.3028 0.0705 0.1598 
        D764  1 0.4626 0.1439 0.0835 0.2389 0.0172 0.0306 0.0233 
        D765  1 0.0647 0.4057 0.1545 0.2268 0.0225 0.1017 0.0241 
        D766  1 0.1632 0.5086 0.0895 0.0444 0.1292 0.0397 0.0253 
        D767  1 0.1110 0.1176 0.0867 0.0346 0.2644 0.3080 0.0776 
        D768  1 0.8629 0.0248 0.0391 0.0156 0.0185 0.0155 0.0237 
        D811  1 0.0493 0.0550 0.0778 0.1585 0.0383 0.5952 0.0258 
        D816  1 0.8282 0.0233 0.0423 0.0442 0.0243 0.0220 0.0158 
        D825  1 0.1749 0.1188 0.1579 0.2703 0.0311 0.2303 0.0168 
        D866  1 0.0426 0.0524 0.1595 0.3325 0.0273 0.0954 0.2904 
        D867  1 0.0345 0.6799 0.0928 0.0285 0.0806 0.0445 0.0393 
        D871  1 0.2393 0.0245 0.3763 0.0793 0.0489 0.2065 0.0252 
        D872  1 0.3180 0.2517 0.0697 0.0384 0.0430 0.2318 0.0474 
        D873  1 0.0097 0.8934 0.0182 0.0187 0.0191 0.0261 0.0146 
        D874  1 0.0541 0.0154 0.0401 0.0866 0.7402 0.0411 0.0226 
        D875  1 0.1945 0.0907 0.4126 0.0391 0.0249 0.2228 0.0153 
        D876  1 0.3870 0.1020 0.1218 0.1401 0.1683 0.0500 0.0308 
        D877  1 0.0466 0.0204 0.1053 0.1751 0.0626 0.5659 0.0241 
        D892  1 0.3598 0.1033 0.1354 0.1410 0.0639 0.1770 0.0195 
        D893  1 0.6642 0.0584 0.0848 0.0243 0.0802 0.0351 0.0531 
        D894  1 0.5331 0.0727 0.1258 0.0681 0.0364 0.1110 0.0529 
        D915  1 0.6198 0.1179 0.0822 0.0551 0.0263 0.0590 0.0397 
        D916  1 0.8488 0.0417 0.0242 0.0328 0.0141 0.0225 0.0159 
        D917  1 0.1164 0.0427 0.1357 0.4474 0.1437 0.0371 0.0770 
        D925  1 0.1186 0.6781 0.0470 0.0822 0.0234 0.0272 0.0234 
        D926  1 0.4050 0.0631 0.2386 0.0914 0.1023 0.0665 0.0331 
        D927  1 0.3318 0.0467 0.1616 0.0739 0.0671 0.0756 0.2435 
        D928  1 0.0698 0.0173 0.0241 0.8221 0.0226 0.0279 0.0161 
        D929  1 0.0260 0.0339 0.0427 0.0410 0.5404 0.2976 0.0184 
        D936  1 0.4550 0.0376 0.0895 0.0629 0.2533 0.0321 0.0697 
        D938  1 0.0256 0.8360 0.0266 0.0268 0.0459 0.0225 0.0167 
        D956  1 0.0302 0.0347 0.0779 0.5424 0.0302 0.2462 0.0385 
        D957  1 0.1999 0.4729 0.0713 0.0470 0.0683 0.1057 0.0350 
        D958  1 0.2545 0.3678 0.0841 0.1172 0.0781 0.0776 0.0207 
        D959  1 0.8014 0.0403 0.0849 0.0190 0.0113 0.0166 0.0265 
        D960  1 0.0283 0.7972 0.0556 0.0309 0.0369 0.0324 0.0187 
        D989  1 0.0524 0.0304 0.0653 0.6806 0.0409 0.0475 0.0829 
        D990  1 0.0186 0.7514 0.0580 0.0793 0.0277 0.0190 0.0461 
        D023  2 0.0735 0.7613 0.0780 0.0255 0.0208 0.0136 0.0272 
        D130  2 0.1067 0.6357 0.0558 0.0152 0.0336 0.1273 0.0258 
        D131  2 0.3142 0.0631 0.3305 0.0470 0.0666 0.1214 0.0573 
        D163  2 0.1290 0.6437 0.0785 0.0598 0.0423 0.0273 0.0194 
        D164  2 0.0159 0.4494 0.0169 0.0134 0.0150 0.0151 0.4743 
        D165  2 0.0433 0.7886 0.0576 0.0247 0.0305 0.0211 0.0341 
        D166  2 0.0412 0.0336 0.0652 0.0188 0.0610 0.7425 0.0376 
        D167  2 0.0186 0.0229 0.0310 0.0442 0.0144 0.0671 0.8019 
        D192  2 0.0110 0.0207 0.0221 0.0197 0.0343 0.0171 0.8751 
        D193  2 0.0387 0.0628 0.1847 0.2347 0.1167 0.3023 0.0602 
        D206  2 0.3302 0.0891 0.2182 0.0328 0.0772 0.0527 0.1996 
        D207  2 0.0442 0.0250 0.1211 0.0242 0.0260 0.1340 0.6255 
        D208  2 0.0633 0.0523 0.1308 0.2932 0.0917 0.1239 0.2448 
        D209  2 0.0649 0.0793 0.2792 0.0337 0.2441 0.0359 0.2629 
        D210  2 0.0516 0.0319 0.0490 0.6337 0.0469 0.0347 0.1521 
     D229599  2 0.1697 0.1129 0.1936 0.1107 0.2559 0.0878 0.0694 
     D229600  2 0.0442 0.4143 0.0826 0.0247 0.0332 0.0844 0.3166 
     D237227  2 0.0414 0.1857 0.0971 0.5232 0.0343 0.0541 0.0643 
     D237228  2 0.0153 0.3472 0.1808 0.2471 0.0253 0.1177 0.0664 
     D237258  2 0.0850 0.1853 0.1680 0.1127 0.0813 0.1203 0.2473 
     D237310  2 0.0150 0.3424 0.0635 0.0500 0.0404 0.4444 0.0442 
     D237311  2 0.0182 0.5177 0.0631 0.0477 0.0185 0.1503 0.1846 
     D237312  2 0.0370 0.1504 0.0672 0.0417 0.0825 0.6000 0.0211 
     D237313  2 0.2640 0.1737 0.1614 0.1430 0.1516 0.0653 0.0409 
     D237322  2 0.0434 0.0632 0.2397 0.1218 0.1779 0.2469 0.1072 
     D237323  2 0.0164 0.5681 0.0472 0.1416 0.0376 0.1559 0.0332 
     D237324  2 0.0465 0.2427 0.3516 0.0165 0.0469 0.0275 0.2682 
     D237325  2 0.0456 0.4698 0.1010 0.0900 0.1150 0.1216 0.0570 
     D237326  2 0.0757 0.7020 0.0478 0.0789 0.0324 0.0330 0.0302 
     D237327  2 0.0656 0.0517 0.2265 0.1033 0.1829 0.0696 0.3004 
     D237337  2 0.0270 0.7146 0.0738 0.0623 0.0312 0.0650 0.0261 
     D237338  2 0.0688 0.2566 0.1478 0.1430 0.1907 0.1091 0.0839 
     D237339  2 0.0529 0.0311 0.0850 0.0196 0.6135 0.0344 0.1634 
     D237340  2 0.0291 0.2872 0.0904 0.1894 0.0713 0.1449 0.1876 
     D237389  2 0.0295 0.3772 0.0680 0.0259 0.0300 0.3950 0.0745 
     D237390  2 0.0815 0.1869 0.1383 0.0817 0.0645 0.4081 0.0390 
     D244017  2 0.0339 0.0420 0.1300 0.3042 0.0276 0.2478 0.2145 
     D244112  2 0.0173 0.0294 0.0397 0.0208 0.0187 0.0965 0.7776 
     D244118  2 0.0134 0.3783 0.0349 0.0249 0.0358 0.0178 0.4950 
     D244119  2 0.0217 0.0239 0.0320 0.6114 0.0150 0.0267 0.2694 
     D244120  2 0.0162 0.0299 0.0613 0.0754 0.0566 0.3347 0.4259 
     D244122  2 0.0369 0.0573 0.0567 0.0385 0.0344 0.1010 0.6753 
        D291  2 0.1130 0.0583 0.2373 0.0352 0.0423 0.1360 0.3780 
        D292  2 0.2137 0.0647 0.1061 0.1526 0.0558 0.0503 0.3568 
        D293  2 0.0853 0.0162 0.0584 0.0200 0.0769 0.0177 0.7254 
        D322  2 0.1439 0.0597 0.0892 0.0259 0.1255 0.0320 0.5238 
        D323  2 0.1280 0.0506 0.2639 0.0554 0.2037 0.1722 0.1262 
        D324  2 0.2124 0.1821 0.2361 0.1087 0.0349 0.0672 0.1586 
        D325  2 0.0358 0.0161 0.0320 0.0132 0.0259 0.0155 0.8614 
        D326  2 0.8745 0.0143 0.0274 0.0279 0.0206 0.0153 0.0200 
        D340  2 0.0237 0.0219 0.0272 0.0236 0.0256 0.0151 0.8630 
        D341  2 0.0614 0.0382 0.0484 0.0397 0.0811 0.0632 0.6680 
        D342  2 0.0227 0.1301 0.1730 0.0197 0.0262 0.0653 0.5629 
        D343  2 0.0191 0.0103 0.0185 0.0121 0.0166 0.0123 0.9111 
        D344  2 0.1344 0.0306 0.1212 0.0295 0.5279 0.1175 0.0388 
        D345  2 0.1822 0.2599 0.1552 0.0576 0.2601 0.0323 0.0527 
        D346  2 0.0888 0.0312 0.0759 0.5827 0.0543 0.0661 0.1011 
        D351  2 0.2753 0.0625 0.2532 0.0353 0.0959 0.1814 0.0963 
        D352  2 0.0322 0.0336 0.1036 0.1131 0.6191 0.0476 0.0508 
        D353  2 0.1558 0.0201 0.6305 0.0233 0.1127 0.0332 0.0244 
        D354  2 0.0453 0.0352 0.0463 0.0456 0.7941 0.0212 0.0122 
        D362  2 0.8061 0.0409 0.0475 0.0310 0.0192 0.0280 0.0273 
        D363  2 0.7602 0.0382 0.0502 0.0704 0.0254 0.0260 0.0295 
        D364  2 0.2819 0.0484 0.1096 0.0612 0.4383 0.0343 0.0263 
        D365  2 0.0290 0.0164 0.0278 0.0197 0.0338 0.0153 0.8579 
        D369  2 0.2329 0.0939 0.1333 0.2173 0.0282 0.0699 0.2245 
        D374  2 0.0231 0.0592 0.0766 0.5531 0.0597 0.2034 0.0250 
        D375  2 0.0235 0.0240 0.0432 0.0196 0.8342 0.0429 0.0127 
        D376  2 0.0225 0.0536 0.1024 0.5539 0.1005 0.1278 0.0393 
        D377  2 0.0561 0.1293 0.2241 0.0918 0.0983 0.3336 0.0667 
        D378  2 0.1574 0.0726 0.1339 0.0305 0.3188 0.0268 0.2598 
        D379  2 0.7657 0.0250 0.0727 0.0273 0.0674 0.0222 0.0197 
        D384  2 0.8757 0.0142 0.0271 0.0388 0.0145 0.0116 0.0181 
        D385  2 0.0230 0.0178 0.0458 0.0486 0.1488 0.0315 0.6845 
        D386  2 0.1048 0.0483 0.1117 0.0237 0.6232 0.0399 0.0483 
        D391  2 0.0386 0.0194 0.0347 0.0195 0.1072 0.0263 0.7542 
        D392  2 0.0703 0.0959 0.0757 0.0635 0.0286 0.0571 0.6089 
        D393  2 0.2533 0.0626 0.0841 0.0441 0.3535 0.0352 0.1672 
        D394  2 0.1008 0.2915 0.1490 0.0609 0.2152 0.1143 0.0683 
        D395  2 0.0275 0.0207 0.1368 0.0310 0.5660 0.0498 0.1681 
        D401  2 0.0263 0.7099 0.0600 0.0546 0.0166 0.0940 0.0386 
        D402  2 0.0214 0.0209 0.0330 0.0204 0.0528 0.0275 0.8240 
        D403  2 0.2600 0.0592 0.3684 0.0236 0.1711 0.0899 0.0278 
        D415  2 0.5334 0.0750 0.2640 0.0165 0.0388 0.0436 0.0287 
        D435  2 0.5418 0.0493 0.0543 0.0217 0.0735 0.0246 0.2347 
        D436  2 0.1980 0.0326 0.0783 0.0508 0.4916 0.1171 0.0316 
        D438  2 0.0185 0.0203 0.0271 0.0201 0.0184 0.0177 0.8778 
        D439  2 0.0777 0.0449 0.1631 0.0196 0.6099 0.0252 0.0595 
        D449  2 0.2006 0.0305 0.2570 0.0307 0.0225 0.0249 0.4338 
        D450  2 0.1257 0.0711 0.1630 0.2127 0.2451 0.1527 0.0296 
        D456  2 0.8782 0.0152 0.0266 0.0265 0.0209 0.0160 0.0166 
        D462  2 0.0394 0.0166 0.0314 0.0152 0.0951 0.0208 0.7815 
        D463  2 0.8698 0.0165 0.0254 0.0292 0.0291 0.0175 0.0125 
        D464  2 0.0429 0.0196 0.2919 0.0324 0.4499 0.1184 0.0447 
        D465  2 0.3206 0.0439 0.1080 0.0253 0.0299 0.0912 0.3813 
        D473  2 0.0393 0.1240 0.0654 0.5296 0.1352 0.0718 0.0347 
        D474  2 0.4968 0.0749 0.0835 0.1231 0.0528 0.0271 0.1419 
        D476  2 0.0242 0.2555 0.0641 0.0139 0.5563 0.0265 0.0594 
        D477  2 0.2271 0.0550 0.1041 0.1124 0.3988 0.0540 0.0486 
        D478  2 0.0710 0.1311 0.2783 0.1625 0.1114 0.1659 0.0798 
        D480  2 0.1794 0.0324 0.1061 0.1354 0.3745 0.0489 0.1232 
        D481  2 0.2202 0.1801 0.1247 0.1761 0.1880 0.0487 0.0622 
        D482  2 0.0224 0.0557 0.1074 0.1770 0.4845 0.1105 0.0424 
        D483  2 0.0211 0.0342 0.0264 0.0821 0.0265 0.0180 0.7916 
        D484  2 0.0141 0.0190 0.0445 0.0265 0.8075 0.0588 0.0296 
        D510  2 0.0323 0.0308 0.0549 0.7151 0.0432 0.0751 0.0486 
        D511  2 0.0651 0.0390 0.0467 0.0234 0.7212 0.0324 0.0721 
        D512  2 0.0388 0.4044 0.0963 0.0179 0.0372 0.2755 0.1300 
        D513  2 0.1552 0.0353 0.1029 0.0756 0.0332 0.0547 0.5432 
        D635  2 0.3369 0.3130 0.2128 0.0463 0.0259 0.0231 0.0421 
        D636  2 0.0330 0.8657 0.0282 0.0201 0.0171 0.0189 0.0171 
        D637  2 0.0353 0.0486 0.1860 0.0719 0.3046 0.1449 0.2087 
        D658  2 0.0262 0.0564 0.0681 0.0996 0.2802 0.0797 0.3898 
        D659  2 0.7180 0.0417 0.0751 0.0474 0.0629 0.0231 0.0317 
        D677  2 0.4607 0.1162 0.1312 0.0353 0.0711 0.1112 0.0742 
        D678  2 0.0321 0.0481 0.1690 0.0219 0.0460 0.1059 0.5769 
        D679  2 0.5092 0.0460 0.1411 0.0765 0.0937 0.0493 0.0842 
        D719  2 0.1472 0.0316 0.0690 0.4877 0.0479 0.0243 0.1923 
        D720  2 0.7963 0.0272 0.0368 0.0657 0.0213 0.0245 0.0282 
        D721  2 0.0955 0.6063 0.1134 0.0424 0.0700 0.0179 0.0545 
        D722  2 0.0347 0.0831 0.1442 0.4106 0.0564 0.1966 0.0745 
        D734  2 0.0238 0.0150 0.0468 0.1808 0.6414 0.0308 0.0613 
        D735  2 0.2460 0.1393 0.1944 0.0987 0.1433 0.0866 0.0918 
        D736  2 0.0588 0.0698 0.1057 0.5376 0.0545 0.0340 0.1395 
        D737  2 0.0205 0.0929 0.0639 0.0648 0.2894 0.0462 0.4223 
        D807  2 0.1697 0.0596 0.1017 0.2859 0.0937 0.1454 0.1439 
        D808  2 0.0615 0.1645 0.1981 0.0387 0.0681 0.2829 0.1863 
        D817  2 0.5422 0.0441 0.1330 0.0503 0.1166 0.0823 0.0314 
        D818  2 0.0617 0.0365 0.3605 0.0330 0.0468 0.1016 0.3599 
        D819  2 0.2712 0.1682 0.1883 0.0510 0.0487 0.2230 0.0497 
        D820  2 0.6400 0.0193 0.0587 0.0345 0.1581 0.0280 0.0615 
        D895  2 0.5387 0.1210 0.1456 0.0486 0.0794 0.0292 0.0374 
        D896  2 0.0251 0.7828 0.0308 0.0483 0.0214 0.0684 0.0232 
        D897  2 0.0348 0.0423 0.1484 0.0341 0.0495 0.0932 0.5977 
        D898  2 0.0797 0.0940 0.2177 0.0978 0.0925 0.3629 0.0554 
        D918  2 0.0472 0.1204 0.2555 0.1013 0.1492 0.2104 0.1160 
        D919  2 0.1885 0.0334 0.1816 0.0271 0.3642 0.0573 0.1480 
        D920  2 0.0349 0.7097 0.0489 0.0487 0.0458 0.0821 0.0300 
        D923  2 0.6988 0.0289 0.0761 0.0291 0.0999 0.0385 0.0287 
        D930  2 0.2262 0.0724 0.1735 0.1538 0.2166 0.1086 0.0488 
        D931  2 0.2166 0.0497 0.1088 0.0583 0.3541 0.0790 0.1335 
        D968  2 0.0281 0.0129 0.0245 0.0188 0.0198 0.0184 0.8776 
        D969  2 0.2295 0.0481 0.1774 0.0906 0.0639 0.0587 0.3319 
        D977  2 0.0449 0.0236 0.0986 0.0257 0.0518 0.0453 0.7102 
        D978  2 0.0555 0.0269 0.2409 0.0506 0.0549 0.2848 0.2864 
        D211  3 0.1635 0.2184 0.1616 0.0462 0.1225 0.2360 0.0519 
     D229639  3 0.0831 0.0408 0.1001 0.3041 0.0382 0.0703 0.3634 
     D237212  3 0.0965 0.0968 0.1069 0.0428 0.3343 0.1323 0.1903 
     D237213  3 0.0888 0.1929 0.2197 0.0273 0.1382 0.2761 0.0569 
     D237214  3 0.0957 0.4034 0.3126 0.0396 0.0305 0.0911 0.0271 
     D237215  3 0.0234 0.0305 0.0516 0.0923 0.0220 0.1096 0.6706 
     D237216  3 0.0659 0.0716 0.6773 0.0274 0.0804 0.0486 0.0287 
     D237217  3 0.1451 0.2554 0.4281 0.0291 0.0311 0.0638 0.0474 
     D237218  3 0.0777 0.0486 0.1094 0.0901 0.5555 0.0458 0.0729 
     D237219  3 0.0781 0.2944 0.2107 0.1845 0.0436 0.1328 0.0559 
     D237382  3 0.0930 0.0499 0.0918 0.0715 0.0367 0.6171 0.0400 
     D244127  3 0.0377 0.4993 0.1341 0.0289 0.0550 0.0836 0.1613 
     D244129  3 0.1352 0.2543 0.1737 0.0612 0.0962 0.1709 0.1085 
     D244133  3 0.1572 0.0867 0.2012 0.1431 0.0192 0.1953 0.1973 
     D244134  3 0.0426 0.1101 0.0850 0.5933 0.0391 0.0382 0.0917 
     D244135  3 0.1026 0.5335 0.1484 0.0223 0.0609 0.0451 0.0872 
     D244136  3 0.3103 0.0628 0.1538 0.2368 0.0329 0.1016 0.1018 
        D416  3 0.2105 0.1141 0.2853 0.0518 0.0727 0.0727 0.1929 
        D417  3 0.6925 0.0372 0.0949 0.0335 0.0446 0.0796 0.0177 
        D419  3 0.1831 0.1470 0.2343 0.1007 0.0868 0.0612 0.1868 
        D565  3 0.0420 0.0231 0.0209 0.8608 0.0167 0.0173 0.0191 
        D566  3 0.0595 0.0440 0.1030 0.4786 0.0199 0.0582 0.2369 
        D567  3 0.5823 0.1522 0.0810 0.0297 0.0727 0.0356 0.0466 
        D568  3 0.2030 0.2038 0.1231 0.0236 0.2504 0.0530 0.1430 
        D569  3 0.0329 0.0525 0.1111 0.0472 0.5902 0.0800 0.0863 
        D573  3 0.1244 0.0235 0.0982 0.0469 0.0336 0.0274 0.6460 
        D574  3 0.0447 0.0672 0.1508 0.4798 0.0391 0.1604 0.0580 
        D575  3 0.2504 0.2297 0.1530 0.1556 0.0528 0.0609 0.0976 
        D576  3 0.0110 0.0240 0.0410 0.0316 0.0194 0.1456 0.7274 
        D577  3 0.6286 0.0542 0.0965 0.0383 0.0680 0.0817 0.0328 
        D578  3 0.0293 0.6108 0.1773 0.0209 0.0204 0.0970 0.0443 
        D579  3 0.1834 0.0760 0.1134 0.2669 0.1682 0.0543 0.1378 
        D660  3 0.0322 0.1005 0.1624 0.0272 0.0772 0.1261 0.4744 
        D661  3 0.0412 0.0557 0.1870 0.0233 0.1767 0.0583 0.4579 
        D663  3 0.0535 0.0205 0.2092 0.0349 0.0409 0.0891 0.5519 
        D664  3 0.0328 0.2248 0.2382 0.0848 0.0524 0.1657 0.2013 
        D665  3 0.0258 0.1149 0.2114 0.0168 0.0841 0.5010 0.0459 
        D666  3 0.1658 0.2480 0.1678 0.1951 0.0720 0.1038 0.0476 
        D009  4 0.1492 0.2035 0.1421 0.0352 0.3227 0.1243 0.0229 
        D057  4 0.0274 0.1386 0.0452 0.0222 0.6077 0.0233 0.1356 
        D109  4 0.0610 0.4948 0.1589 0.0761 0.0576 0.1276 0.0239 
     D237222  4 0.0487 0.4755 0.0713 0.1375 0.0686 0.1628 0.0358 
     D237223  4 0.0700 0.2086 0.2216 0.1430 0.0933 0.1670 0.0963 
     D237224  4 0.1430 0.0560 0.1327 0.0535 0.3359 0.0530 0.2259 
     D237225  4 0.1933 0.0908 0.3232 0.0652 0.1573 0.1204 0.0498 
     D237299  4 0.0407 0.0342 0.2299 0.0705 0.0317 0.5614 0.0315 
     D237300  4 0.0258 0.0341 0.1109 0.0835 0.0400 0.0830 0.6228 
     D237306  4 0.1095 0.0682 0.1128 0.4881 0.0675 0.1219 0.0320 
     D237307  4 0.4099 0.0430 0.1333 0.2339 0.0307 0.0988 0.0505 
     D237308  4 0.0621 0.1677 0.0796 0.0751 0.2678 0.0269 0.3208 
     D237309  4 0.2627 0.1319 0.2734 0.0322 0.1289 0.1008 0.0701 
     D237317  4 0.1981 0.0606 0.2233 0.3908 0.0409 0.0507 0.0355 
     D237318  4 0.0249 0.0159 0.0587 0.0383 0.0156 0.0491 0.7975 
     D237319  4 0.1341 0.1825 0.2208 0.0535 0.0819 0.2595 0.0678 
     D237320  4 0.1382 0.2430 0.1539 0.0534 0.0612 0.1215 0.2287 
     D237321  4 0.0636 0.0629 0.1329 0.1045 0.0320 0.0627 0.5413 
     D237397  4 0.1116 0.1410 0.1389 0.2807 0.0623 0.0871 0.1784 
     D237398  4 0.1165 0.0362 0.2586 0.0371 0.0769 0.0889 0.3858 
     D237399  4 0.1222 0.0765 0.1139 0.3512 0.0726 0.1718 0.0918 
     D244001  4 0.0629 0.4430 0.1559 0.0315 0.1418 0.0685 0.0963 
        D289  4 0.0813 0.0427 0.0713 0.3303 0.3545 0.0356 0.0843 
        D290  4 0.0565 0.0304 0.0750 0.0337 0.0440 0.7257 0.0347 
        D294  4 0.1094 0.0321 0.2231 0.0349 0.4399 0.1252 0.0353 
        D295  4 0.3309 0.0738 0.0840 0.0651 0.1217 0.2843 0.0401 
        D301  4 0.0282 0.6412 0.0729 0.0649 0.0639 0.0724 0.0565 
        D302  4 0.0727 0.0231 0.0490 0.0165 0.7655 0.0578 0.0155 
        D303  4 0.0466 0.0763 0.0592 0.5705 0.1120 0.0699 0.0654 
        D304  4 0.1098 0.0293 0.1781 0.1058 0.0650 0.4490 0.0629 
        D305  4 0.0287 0.0391 0.3314 0.0148 0.4914 0.0415 0.0531 
        D306  4 0.0384 0.0236 0.0941 0.0356 0.0231 0.7653 0.0199 
        D307  4 0.0235 0.6874 0.0442 0.0609 0.1182 0.0382 0.0275 
        D327  4 0.6369 0.0289 0.1055 0.0740 0.0531 0.0538 0.0477 
        D328  4 0.0302 0.0529 0.0665 0.1420 0.5821 0.0985 0.0278 
        D329  4 0.0722 0.0676 0.1507 0.0494 0.4549 0.0747 0.1305 
        D330  4 0.4211 0.1029 0.1470 0.0238 0.0701 0.1794 0.0557 
        D331  4 0.1953 0.0851 0.1341 0.1140 0.0560 0.3369 0.0785 
        D333  4 0.0948 0.1070 0.0982 0.1340 0.3598 0.1147 0.0915 
        D334  4 0.0615 0.0607 0.0677 0.5756 0.1146 0.0980 0.0217 
        D335  4 0.2555 0.0256 0.0507 0.0341 0.5463 0.0461 0.0417 
        D370  4 0.0661 0.2361 0.1429 0.1150 0.1224 0.2776 0.0400 
        D371  4 0.1480 0.0249 0.0609 0.6774 0.0320 0.0257 0.0311 
        D372  4 0.0207 0.0203 0.2500 0.0750 0.0311 0.2623 0.3404 
        D373  4 0.0438 0.5497 0.1073 0.0337 0.1452 0.0347 0.0855 
        D455  4 0.0355 0.5921 0.0583 0.0303 0.1889 0.0480 0.0470 
        D490  4 0.0337 0.7586 0.0364 0.0277 0.0715 0.0594 0.0126 
        D497  4 0.0236 0.6645 0.0744 0.0359 0.1070 0.0715 0.0232 
        D498  4 0.0680 0.0797 0.0961 0.1078 0.0441 0.5454 0.0588 
        D499  4 0.0323 0.0338 0.1755 0.1748 0.1758 0.1463 0.2615 
        D514  4 0.3246 0.0523 0.1010 0.0242 0.1374 0.3243 0.0361 
        D515  4 0.0704 0.1260 0.1404 0.0348 0.0410 0.5481 0.0392 
        D516  4 0.3044 0.1674 0.1456 0.1161 0.0484 0.1345 0.0836 
        D517  4 0.0984 0.3881 0.3171 0.0292 0.0453 0.0576 0.0643 
        D518  4 0.0313 0.1152 0.0328 0.0411 0.7278 0.0268 0.0251 
        D519  4 0.1374 0.2096 0.2274 0.0432 0.0442 0.2074 0.1308 
        D560  4 0.1412 0.1166 0.2049 0.0289 0.1477 0.2498 0.1110 
        D561  4 0.2169 0.1357 0.3614 0.0206 0.0818 0.1266 0.0569 
        D562  4 0.0656 0.1107 0.1967 0.0814 0.2332 0.2244 0.0879 
        D563  4 0.0332 0.0826 0.1729 0.0257 0.2069 0.0699 0.4087 
        D572  4 0.0479 0.0285 0.0346 0.0245 0.7960 0.0402 0.0284 
        D629  4 0.4076 0.1624 0.1441 0.0427 0.1477 0.0543 0.0413 
        D630  4 0.1387 0.0663 0.1561 0.0736 0.1737 0.3209 0.0707 
        D631  4 0.0196 0.0208 0.0327 0.0192 0.8270 0.0335 0.0472 
        D632  4 0.0609 0.5338 0.0623 0.0232 0.1556 0.0343 0.1298 
        D646  4 0.3584 0.1896 0.1883 0.0374 0.0811 0.0633 0.0820 
        D647  4 0.4710 0.0965 0.0953 0.0219 0.0947 0.1332 0.0874 
        D648  4 0.0223 0.0277 0.0466 0.0485 0.5762 0.2532 0.0256 
        D649  4 0.3067 0.2277 0.0674 0.0354 0.2937 0.0417 0.0273 
        D650  4 0.2598 0.1337 0.1019 0.1239 0.2033 0.1355 0.0419 
        D708  4 0.0612 0.0520 0.1028 0.2310 0.4175 0.1016 0.0339 
        D709  4 0.0620 0.0647 0.0858 0.0436 0.0495 0.6716 0.0229 
        D738  4 0.1379 0.1541 0.0548 0.5389 0.0455 0.0473 0.0215 
        D739  4 0.0566 0.1443 0.1679 0.0407 0.2081 0.3431 0.0392 
        D740  4 0.0318 0.1368 0.3255 0.2034 0.1235 0.0995 0.0795 
        D741  4 0.1890 0.0648 0.3420 0.0248 0.0471 0.1138 0.2185 
        D742  4 0.0410 0.0530 0.1627 0.1369 0.1526 0.0899 0.3639 
        D743  4 0.2951 0.0268 0.0527 0.0258 0.5233 0.0289 0.0475 
        D744  4 0.0374 0.0271 0.0499 0.0230 0.7822 0.0304 0.0500 
        D745  4 0.0821 0.2551 0.2214 0.0361 0.0664 0.2929 0.0461 
        D814  4 0.0910 0.0413 0.4141 0.0308 0.1162 0.0810 0.2255 
        D815  4 0.1709 0.0474 0.0735 0.0439 0.3542 0.2623 0.0478 
        D828  4 0.0173 0.0297 0.0748 0.0760 0.0592 0.6847 0.0583 
        D845  4 0.0321 0.0221 0.0516 0.2090 0.0438 0.0191 0.6222 
        D846  4 0.1754 0.0499 0.1053 0.0160 0.4580 0.0680 0.1274 
        D847  4 0.1188 0.1038 0.1647 0.1610 0.1314 0.2393 0.0809 
        D848  4 0.0185 0.5922 0.0832 0.0333 0.0766 0.0326 0.1637 
        D849  4 0.0679 0.1703 0.2029 0.0263 0.0961 0.3999 0.0366 
        D850  4 0.2578 0.1056 0.2763 0.1222 0.0759 0.0436 0.1186 
        D856  4 0.0569 0.1372 0.2582 0.0478 0.0727 0.3945 0.0328 
        D857  4 0.0122 0.7000 0.0383 0.0317 0.0454 0.1101 0.0624 
        D859  4 0.0733 0.0241 0.0666 0.0316 0.6969 0.0758 0.0317 
        D860  4 0.0789 0.0337 0.0608 0.6094 0.0723 0.0248 0.1200 
        D883  4 0.2837 0.1715 0.0817 0.1269 0.1553 0.1319 0.0489 
        D884  4 0.1927 0.1280 0.1350 0.0886 0.1382 0.2869 0.0307 
        D885  4 0.1711 0.0591 0.4025 0.0468 0.1603 0.0445 0.1158 
        D886  4 0.1962 0.2258 0.0859 0.0324 0.0900 0.3075 0.0623 
        D887  4 0.0890 0.0860 0.1424 0.0970 0.2456 0.1317 0.2084 
        D889  4 0.0556 0.0158 0.2378 0.0509 0.1155 0.4241 0.1003 
        D890  4 0.0895 0.1368 0.1228 0.1386 0.2340 0.2046 0.0739 
        D891  4 0.0231 0.0141 0.0447 0.0463 0.0141 0.0177 0.8400 
        D899  4 0.0364 0.0316 0.0714 0.1406 0.1052 0.0743 0.5405 
        D900  4 0.1747 0.0645 0.1558 0.0833 0.1995 0.2566 0.0656 
        D970  4 0.0842 0.0484 0.0820 0.0727 0.6089 0.0461 0.0578 
        D971  4 0.0991 0.0771 0.1264 0.0686 0.1818 0.0724 0.3745 
        D979  4 0.4069 0.0256 0.0632 0.0335 0.3977 0.0416 0.0315 
        D093  5 0.0388 0.0339 0.0379 0.7666 0.0427 0.0514 0.0287 
        D154  5 0.0474 0.0415 0.3144 0.0715 0.0800 0.1388 0.3064 
        D168  5 0.1743 0.1130 0.2148 0.0272 0.0652 0.1083 0.2971 
        D189  5 0.0457 0.0269 0.1046 0.4329 0.0582 0.2439 0.0878 
        D190  5 0.0534 0.0287 0.0522 0.6976 0.0888 0.0394 0.0398 
     D237220  5 0.0338 0.1976 0.1525 0.1835 0.2493 0.1406 0.0426 
     D237221  5 0.0821 0.0556 0.1045 0.3547 0.1380 0.0732 0.1920 
     D237274  5 0.5910 0.0507 0.0989 0.0214 0.1324 0.0489 0.0567 
     D237275  5 0.0210 0.0256 0.0654 0.0341 0.0211 0.1838 0.6489 
     D237276  5 0.1839 0.1255 0.1231 0.1789 0.0811 0.2599 0.0476 
     D237277  5 0.0323 0.0303 0.0518 0.6621 0.1170 0.0341 0.0724 
     D237278  5 0.0487 0.1077 0.1115 0.2371 0.1374 0.1012 0.2563 
     D237279  5 0.0589 0.4654 0.3061 0.0243 0.0674 0.0421 0.0357 
     D237280  5 0.1785 0.4478 0.1206 0.0765 0.0899 0.0593 0.0273 
     D237281  5 0.0413 0.0167 0.0959 0.0269 0.0304 0.0249 0.7639 
     D237351  5 0.0444 0.6584 0.0895 0.0792 0.0399 0.0542 0.0343 
     D237352  5 0.1318 0.3157 0.0955 0.0674 0.2562 0.0648 0.0686 
     D237353  5 0.0232 0.0322 0.0324 0.8279 0.0374 0.0255 0.0213 
     D237359  5 0.0693 0.0806 0.1987 0.1076 0.3095 0.1784 0.0558 
     D237361  5 0.0286 0.0283 0.0273 0.8353 0.0223 0.0352 0.0231 
     D237362  5 0.3681 0.0734 0.1625 0.1509 0.0851 0.0812 0.0788 
     D237363  5 0.0525 0.0305 0.6446 0.0504 0.0247 0.0913 0.1062 
     D237364  5 0.1475 0.1002 0.1828 0.0211 0.2525 0.1583 0.1378 
     D237376  5 0.0154 0.0187 0.0532 0.1190 0.1440 0.6077 0.0420 
     D237377  5 0.1518 0.3467 0.2263 0.1172 0.0720 0.0352 0.0508 
     D237378  5 0.0318 0.0309 0.0820 0.4554 0.2020 0.1125 0.0855 
     D237379  5 0.0310 0.0295 0.1037 0.2832 0.3528 0.1646 0.0351 
     D237380  5 0.0313 0.6561 0.0618 0.0546 0.0873 0.0903 0.0187 
     D237381  5 0.0553 0.4679 0.1014 0.0882 0.1186 0.0913 0.0773 
     D237391  5 0.0398 0.0291 0.0434 0.8108 0.0366 0.0199 0.0205 
     D237392  5 0.3887 0.0860 0.1225 0.0336 0.0738 0.1021 0.1933 
     D237393  5 0.3178 0.1211 0.0681 0.2962 0.0469 0.0600 0.0898 
     D237394  5 0.0331 0.0268 0.0292 0.8464 0.0305 0.0207 0.0133 
     D237395  5 0.0507 0.0787 0.1262 0.2744 0.0290 0.3643 0.0767 
     D237396  5 0.2459 0.1723 0.1451 0.2452 0.0686 0.0189 0.1040 
     D244016  5 0.0566 0.0343 0.2542 0.2475 0.2401 0.0899 0.0774 
     D244018  5 0.1244 0.0751 0.1370 0.2638 0.0640 0.0329 0.3028 
     D244019  5 0.2349 0.0330 0.2837 0.0672 0.1054 0.1245 0.1512 
        D279  5 0.0747 0.0547 0.2279 0.1377 0.3008 0.0612 0.1431 
        D280  5 0.1200 0.0760 0.2612 0.2928 0.0375 0.1106 0.1019 
        D281  5 0.0257 0.0219 0.1929 0.0980 0.0409 0.1088 0.5118 
        D283  5 0.1632 0.0378 0.0856 0.6060 0.0452 0.0211 0.0411 
        D284  5 0.0732 0.0980 0.2200 0.0465 0.0663 0.4337 0.0623 
        D285  5 0.0706 0.0407 0.1222 0.5270 0.1252 0.0770 0.0372 
        D286  5 0.1048 0.0526 0.1446 0.1585 0.1793 0.3171 0.0431 
        D287  5 0.0244 0.0405 0.0661 0.1185 0.1021 0.6246 0.0238 
        D288  5 0.3086 0.0367 0.2536 0.1607 0.0315 0.0581 0.1508 
        D308  5 0.0856 0.7222 0.0645 0.0430 0.0263 0.0294 0.0290 
        D309  5 0.0297 0.0350 0.0372 0.0219 0.8340 0.0267 0.0156 
        D310  5 0.0247 0.0168 0.1720 0.7057 0.0229 0.0401 0.0178 
        D311  5 0.2530 0.0307 0.2129 0.0886 0.2122 0.1640 0.0387 
        D312  5 0.1191 0.0788 0.1116 0.1903 0.2197 0.2270 0.0535 
        D313  5 0.0159 0.8695 0.0227 0.0362 0.0138 0.0246 0.0172 
        D314  5 0.0514 0.0713 0.2415 0.0894 0.1631 0.2769 0.1064 
        D315  5 0.1819 0.0931 0.1414 0.3240 0.0550 0.1443 0.0603 
        D317  5 0.0789 0.0252 0.0403 0.7465 0.0252 0.0592 0.0247 
        D318  5 0.1474 0.0731 0.2786 0.0967 0.1325 0.1515 0.1202 
        D319  5 0.0315 0.0232 0.0468 0.8153 0.0206 0.0385 0.0241 
        D320  5 0.0333 0.0478 0.0580 0.7143 0.0524 0.0673 0.0269 
        D321  5 0.1202 0.5953 0.0616 0.1265 0.0243 0.0271 0.0450 
        D336  5 0.0262 0.0226 0.0561 0.5746 0.0543 0.2484 0.0178 
        D337  5 0.0266 0.0132 0.0244 0.8665 0.0223 0.0183 0.0289 
        D338  5 0.1563 0.0644 0.1710 0.2735 0.1323 0.1273 0.0752 
        D339  5 0.0362 0.0503 0.0996 0.6709 0.0286 0.0536 0.0608 
        D347  5 0.1945 0.0266 0.1564 0.0638 0.0856 0.3622 0.1109 
        D348  5 0.0318 0.0186 0.0569 0.7202 0.1248 0.0247 0.0230 
        D349  5 0.0288 0.7711 0.0393 0.0661 0.0301 0.0361 0.0285 
        D350  5 0.0195 0.0204 0.0222 0.0199 0.8733 0.0248 0.0199 
        D355  5 0.1137 0.0238 0.2796 0.0411 0.0779 0.0996 0.3642 
        D356  5 0.2226 0.0979 0.0899 0.3678 0.0661 0.1172 0.0384 
        D357  5 0.0581 0.0513 0.2647 0.0913 0.0659 0.4090 0.0598 
        D358  5 0.0436 0.1078 0.1279 0.4065 0.2070 0.0649 0.0424 
        D359  5 0.1734 0.0252 0.0578 0.6138 0.0938 0.0174 0.0186 
        D360  5 0.1099 0.0842 0.0845 0.5428 0.0436 0.1064 0.0287 
        D361  5 0.0315 0.8336 0.0307 0.0370 0.0190 0.0236 0.0246 
        D366  5 0.6593 0.0301 0.0654 0.0227 0.0262 0.0273 0.1690 
        D367  5 0.0286 0.0589 0.1691 0.4452 0.1114 0.1580 0.0289 
        D368  5 0.1196 0.2008 0.2226 0.2962 0.0668 0.0601 0.0339 
        D380  5 0.0587 0.0796 0.1720 0.0383 0.5407 0.0469 0.0638 
        D381  5 0.0471 0.0297 0.1164 0.6725 0.0701 0.0231 0.0411 
        D400  5 0.0917 0.0365 0.1285 0.2308 0.1987 0.2131 0.1008 
        D411  5 0.0308 0.6327 0.0835 0.0141 0.0267 0.1722 0.0399 
        D412  5 0.0923 0.1221 0.3402 0.0917 0.0669 0.1082 0.1787 
        D413  5 0.0822 0.0485 0.0957 0.0375 0.0744 0.0555 0.6062 
        D414  5 0.0301 0.0206 0.0604 0.0261 0.7212 0.0674 0.0743 
        D420  5 0.0340 0.1099 0.2146 0.0713 0.0325 0.4419 0.0958 
        D431  5 0.0226 0.0672 0.1897 0.0635 0.0939 0.4577 0.1055 
        D432  5 0.0820 0.1525 0.1507 0.4371 0.0604 0.0450 0.0722 
        D433  5 0.0715 0.0415 0.0700 0.6466 0.0387 0.0764 0.0553 
        D434  5 0.1150 0.0547 0.0822 0.6212 0.0391 0.0567 0.0309 
        D440  5 0.0210 0.0197 0.0294 0.0233 0.8645 0.0261 0.0161 
        D447  5 0.3585 0.1002 0.2583 0.0294 0.1027 0.0745 0.0765 
        D448  5 0.0897 0.0245 0.1388 0.3587 0.0662 0.2623 0.0598 
        D459  5 0.0615 0.0187 0.0702 0.0414 0.0547 0.0318 0.7216 
        D460  5 0.0892 0.6752 0.0553 0.0907 0.0371 0.0235 0.0290 
        D461  5 0.0643 0.0186 0.0286 0.0232 0.8247 0.0226 0.0181 
        D468  5 0.2965 0.0620 0.1847 0.0940 0.0263 0.2902 0.0463 
        D469  5 0.5386 0.0953 0.0843 0.0796 0.0767 0.0861 0.0395 
        D470  5 0.1435 0.0767 0.1457 0.0606 0.1300 0.4035 0.0401 
        D471  5 0.0663 0.0199 0.1014 0.4257 0.0644 0.2595 0.0628 
        D472  5 0.6647 0.0180 0.0505 0.0240 0.0244 0.0177 0.2007 
        D479  5 0.0422 0.0341 0.0718 0.0278 0.1563 0.0675 0.6002 
        D485  5 0.0342 0.0297 0.0875 0.0475 0.1756 0.5808 0.0447 
        D486  5 0.1577 0.0795 0.1272 0.0547 0.0491 0.4980 0.0338 
        D487  5 0.0353 0.0403 0.1575 0.2726 0.2426 0.0835 0.1682 
        D555  5 0.0250 0.0235 0.0321 0.8132 0.0249 0.0366 0.0447 
        D556  5 0.0540 0.0821 0.1355 0.1568 0.3018 0.1780 0.0918 
        D557  5 0.0319 0.0246 0.0353 0.7845 0.0568 0.0294 0.0375 
        D564  5 0.0386 0.1148 0.1322 0.2509 0.3488 0.0796 0.0351 
        D594  5 0.2470 0.0640 0.2786 0.0611 0.0763 0.1765 0.0965 
        D595  5 0.1514 0.0625 0.1248 0.4022 0.0663 0.0939 0.0989 
        D596  5 0.0224 0.0277 0.0286 0.8248 0.0253 0.0433 0.0278 
        D597  5 0.0930 0.0365 0.0863 0.3727 0.1160 0.0330 0.2623 
        D598  5 0.0711 0.1597 0.1172 0.3830 0.1306 0.0685 0.0698 
        D617  5 0.0504 0.4339 0.1640 0.0190 0.0321 0.1185 0.1821 
        D618  5 0.0678 0.0559 0.0779 0.5970 0.1142 0.0365 0.0508 
        D619  5 0.2057 0.3097 0.1782 0.1188 0.0454 0.0834 0.0587 
        D620  5 0.0462 0.0262 0.0300 0.0441 0.0303 0.0203 0.8029 
        D628  5 0.0292 0.0946 0.0675 0.0576 0.6424 0.0856 0.0231 
        D714  5 0.0245 0.0399 0.1213 0.1668 0.3674 0.1482 0.1317 
        D715  5 0.0667 0.0275 0.0421 0.7498 0.0441 0.0208 0.0490 
        D716  5 0.1129 0.0233 0.1851 0.0490 0.0923 0.4200 0.1173 
        D717  5 0.2396 0.1029 0.1177 0.2448 0.1692 0.0781 0.0477 
        D718  5 0.0251 0.0243 0.0699 0.0361 0.0231 0.7972 0.0242 
        D769  5 0.0641 0.3129 0.2226 0.0278 0.0596 0.2087 0.1044 
        D770  5 0.0508 0.0431 0.1858 0.0918 0.2801 0.1331 0.2154 
        D771  5 0.0534 0.0852 0.2099 0.0759 0.0711 0.2974 0.2072 
        D772  5 0.0434 0.0435 0.0434 0.0978 0.6541 0.0823 0.0356 
        D782  5 0.0440 0.2432 0.3804 0.0555 0.0243 0.0382 0.2143 
        D783  5 0.0277 0.0244 0.1436 0.1149 0.3930 0.0674 0.2290 
        D784  5 0.2093 0.0497 0.0933 0.1100 0.4610 0.0300 0.0467 
        D785  5 0.0482 0.0899 0.0710 0.5541 0.1573 0.0511 0.0284 
        D786  5 0.1721 0.3971 0.0763 0.0272 0.1282 0.1462 0.0528 
        D821  5 0.0158 0.0139 0.0209 0.8826 0.0354 0.0176 0.0138 
        D822  5 0.2659 0.0395 0.1997 0.1080 0.1639 0.1272 0.0958 
        D826  5 0.0706 0.0390 0.1109 0.4130 0.1006 0.1074 0.1585 
        D827  5 0.3791 0.0321 0.2889 0.0383 0.0893 0.0773 0.0950 
        D851  5 0.0652 0.1041 0.4578 0.1557 0.0864 0.0719 0.0589 
        D852  5 0.0246 0.0565 0.0779 0.1553 0.5544 0.0342 0.0971 
        D853  5 0.0819 0.0489 0.1313 0.2309 0.0517 0.3995 0.0558 
        D854  5 0.1226 0.0462 0.1763 0.0196 0.0769 0.3856 0.1729 
        D861  5 0.0917 0.0671 0.3061 0.1482 0.1017 0.1053 0.1799 
        D862  5 0.3844 0.0338 0.1220 0.2177 0.0729 0.1389 0.0304 
        D865  5 0.0277 0.0513 0.0679 0.6814 0.0451 0.0689 0.0576 
        D868  5 0.6063 0.0340 0.0708 0.1272 0.0498 0.0704 0.0414 
        D869  5 0.0753 0.6641 0.0961 0.0382 0.0159 0.0723 0.0381 
        D870  5 0.2019 0.0430 0.4739 0.0226 0.0321 0.1687 0.0580 
        D907  5 0.0349 0.0636 0.0888 0.6374 0.0357 0.1066 0.0329 
        D908  5 0.0249 0.0714 0.0693 0.2474 0.3090 0.0440 0.2340 
        D910  5 0.0974 0.0352 0.0992 0.3677 0.0776 0.0890 0.2339 
        D911  5 0.0692 0.0188 0.3647 0.0552 0.0390 0.0497 0.4034 
        D934  5 0.0601 0.0353 0.1754 0.0517 0.4145 0.0919 0.1710 
        D946  5 0.0281 0.0478 0.1166 0.0478 0.4383 0.2164 0.1051 
        D947  5 0.1408 0.0486 0.1403 0.0334 0.3774 0.2151 0.0443 
        D948  5 0.0499 0.7172 0.0341 0.1328 0.0197 0.0213 0.0250 
        D949  5 0.0572 0.7438 0.0390 0.0872 0.0227 0.0279 0.0222 
        D950  5 0.0784 0.0244 0.2665 0.0674 0.0567 0.0330 0.4735 
        D951  5 0.2662 0.0766 0.2898 0.0229 0.0578 0.2414 0.0453 
        D952  5 0.6454 0.0353 0.0757 0.0963 0.0557 0.0398 0.0518 
        D953  5 0.0669 0.0567 0.0746 0.6661 0.0392 0.0619 0.0345 
        D954  5 0.3851 0.0472 0.1160 0.3340 0.0523 0.0366 0.0289 
        D961  5 0.0283 0.0421 0.1147 0.0619 0.1341 0.5848 0.0341 
        D962  5 0.0496 0.0393 0.0380 0.3396 0.3973 0.1218 0.0143 
        D963  5 0.2463 0.0280 0.0901 0.2344 0.2830 0.0795 0.0388 
        D964  5 0.0489 0.1046 0.1542 0.0641 0.1692 0.3612 0.0977 
        D965  5 0.0423 0.0597 0.1484 0.0458 0.4120 0.2199 0.0719 
        D966  5 0.1688 0.0377 0.1502 0.1918 0.2813 0.0555 0.1147 
        D967  5 0.0346 0.1415 0.1395 0.2477 0.0535 0.0800 0.3032 
        D991  5 0.0672 0.1412 0.0760 0.0832 0.5011 0.1039 0.0274 
        D502  6 0.0245 0.0396 0.1825 0.0111 0.0516 0.5934 0.0973 
        D503  6 0.0380 0.2338 0.2880 0.0823 0.0442 0.0654 0.2483 
        D504  6 0.2667 0.1097 0.1668 0.1343 0.1972 0.0556 0.0698 
        D505  6 0.0999 0.0993 0.1687 0.2907 0.1605 0.0654 0.1155 
        D506  6 0.0340 0.0209 0.0396 0.8312 0.0146 0.0402 0.0195 
        D507  6 0.0473 0.0622 0.1436 0.0405 0.5895 0.0545 0.0624 
        D508  6 0.1336 0.0420 0.1849 0.0309 0.1321 0.4016 0.0750 
        D529  6 0.1263 0.1378 0.2651 0.1523 0.0617 0.2024 0.0543 
        D530  6 0.0215 0.0616 0.0794 0.0483 0.0459 0.7039 0.0393 
        D531  6 0.2149 0.0609 0.2291 0.0984 0.1034 0.2185 0.0747 
        D532  6 0.2614 0.0358 0.1863 0.1338 0.0653 0.2384 0.0789 
        D534  6 0.0600 0.6578 0.0814 0.0287 0.0797 0.0462 0.0462 
        D535  6 0.1507 0.1601 0.1927 0.2795 0.0721 0.1094 0.0355 
        D536  6 0.0380 0.0576 0.1614 0.0213 0.0251 0.0664 0.6303 
        D554  6 0.0448 0.1067 0.1241 0.1159 0.0935 0.4811 0.0339 
        D587  6 0.0766 0.0412 0.0639 0.6763 0.0560 0.0450 0.0410 
        D588  6 0.1395 0.0694 0.2851 0.3736 0.0411 0.0382 0.0531 
        D589  6 0.0584 0.0518 0.3014 0.1390 0.0726 0.1074 0.2694 
        D590  6 0.0479 0.0516 0.1230 0.0412 0.0269 0.0550 0.6544 
        D591  6 0.0754 0.1057 0.4032 0.1424 0.0572 0.0918 0.1243 
        D592  6 0.0502 0.7645 0.0466 0.0614 0.0278 0.0239 0.0256 
        D593  6 0.0208 0.0209 0.0536 0.0598 0.0750 0.7342 0.0357 
        D682  6 0.0271 0.0279 0.0407 0.8215 0.0296 0.0335 0.0198 
        D683  6 0.3700 0.0408 0.0814 0.3836 0.0539 0.0450 0.0254 
        D684  6 0.0458 0.2202 0.3750 0.0290 0.0560 0.0911 0.1828 
        D685  6 0.0204 0.0390 0.5394 0.0277 0.0359 0.2932 0.0443 
        D686  6 0.0585 0.0557 0.2501 0.1903 0.0266 0.3898 0.0291 
        D724  6 0.1259 0.0920 0.1308 0.0209 0.2036 0.3501 0.0767 
        D725  6 0.0630 0.0600 0.1598 0.0639 0.2299 0.2721 0.1513 
        D726  6 0.0295 0.0260 0.0381 0.8079 0.0453 0.0365 0.0167 
        D727  6 0.2064 0.0483 0.1647 0.0796 0.0197 0.0791 0.4023 
        D728  6 0.0829 0.0492 0.1162 0.4085 0.1450 0.1684 0.0298 
        D729  6 0.2932 0.2988 0.1289 0.0218 0.0157 0.0479 0.1936 
        D730  6 0.1391 0.1182 0.1688 0.0290 0.2131 0.2357 0.0961 
        D731  6 0.0136 0.0159 0.0273 0.8138 0.0156 0.0365 0.0773 
        D732  6 0.1870 0.0429 0.0677 0.0298 0.5232 0.1027 0.0468 
        D733  6 0.0473 0.1290 0.0945 0.0498 0.5237 0.1281 0.0276 
     D237251  7 0.0407 0.0384 0.1403 0.0487 0.2050 0.3047 0.2222 
     D237252  7 0.0395 0.2315 0.1676 0.0324 0.1053 0.2347 0.1890 
     D237253  7 0.0876 0.0367 0.2122 0.1925 0.0451 0.2894 0.1365 
     D237254  7 0.0494 0.5658 0.2575 0.0238 0.0205 0.0411 0.0419 
     D237255  7 0.0291 0.0216 0.1079 0.0548 0.0340 0.1307 0.6219 
     D237256  7 0.0643 0.0208 0.2807 0.0402 0.0694 0.3087 0.2161 
     D237257  7 0.0555 0.0834 0.3640 0.0185 0.0423 0.3669 0.0694 
