        D174  1 0.0690 0.0782 0.0339 0.4850 0.0300 0.1249 0.1326 0.0463 
        D199  1 0.0452 0.2522 0.0574 0.1565 0.1153 0.0993 0.0825 0.1917 
        D203  1 0.0550 0.2668 0.0573 0.0819 0.0978 0.1686 0.1059 0.1667 
        D204  1 0.0276 0.7294 0.0642 0.0260 0.0246 0.0475 0.0277 0.0530 
     D237366  1 0.0272 0.0633 0.0953 0.0767 0.0595 0.0730 0.5532 0.0518 
     D237367  1 0.0717 0.2262 0.0547 0.0565 0.0353 0.1548 0.2718 0.1291 
     D237368  1 0.0844 0.1867 0.0468 0.1433 0.0349 0.0729 0.3229 0.1081 
     D244101  1 0.0302 0.2572 0.3270 0.0289 0.1119 0.0890 0.0297 0.1261 
     D244102  1 0.1332 0.0890 0.1693 0.0598 0.1137 0.2740 0.1020 0.0590 
     D244103  1 0.0502 0.1085 0.0593 0.0476 0.0417 0.1490 0.4982 0.0456 
     D244104  1 0.1098 0.5818 0.0273 0.1193 0.0470 0.0277 0.0447 0.0423 
     D244105  1 0.1336 0.0787 0.0447 0.0233 0.0658 0.1260 0.4965 0.0316 
     D244106  1 0.0242 0.0615 0.0375 0.5358 0.0814 0.1049 0.0551 0.0996 
     D244107  1 0.2515 0.0669 0.0756 0.0247 0.0296 0.0788 0.3279 0.1451 
     D244108  1 0.1891 0.0884 0.0517 0.3778 0.0488 0.1475 0.0498 0.0469 
     D244113  1 0.0476 0.0228 0.2697 0.4358 0.0302 0.0986 0.0376 0.0576 
     D244114  1 0.0441 0.0933 0.0702 0.1382 0.1930 0.2137 0.1669 0.0806 
     D244115  1 0.1786 0.1435 0.0506 0.3451 0.0532 0.1143 0.0748 0.0399 
     D267365  1 0.0416 0.3776 0.0506 0.1937 0.1643 0.0499 0.0829 0.0394 
        D404  1 0.0564 0.0301 0.2328 0.2913 0.0227 0.2914 0.0299 0.0454 
        D405  1 0.0779 0.1151 0.2445 0.0934 0.0609 0.2279 0.0575 0.1230 
        D406  1 0.0366 0.0805 0.0444 0.0720 0.0261 0.0387 0.6778 0.0239 
        D407  1 0.0301 0.3166 0.0252 0.0404 0.0268 0.0671 0.2838 0.2101 
        D408  1 0.0931 0.0694 0.0840 0.4520 0.1625 0.0777 0.0367 0.0246 
        D409  1 0.0618 0.0912 0.0501 0.0663 0.0546 0.1935 0.4306 0.0520 
        D410  1 0.5979 0.0845 0.0418 0.0380 0.0232 0.1289 0.0667 0.0190 
        D421  1 0.0197 0.7775 0.0143 0.0366 0.0206 0.0203 0.0285 0.0825 
        D422  1 0.0371 0.0448 0.0184 0.0179 0.0430 0.0349 0.7648 0.0391 
        D423  1 0.5360 0.0894 0.0298 0.0264 0.0207 0.0809 0.1128 0.1040 
        D424  1 0.0348 0.5807 0.0296 0.0527 0.0249 0.1004 0.1540 0.0228 
        D425  1 0.0900 0.4435 0.0526 0.1088 0.0511 0.1676 0.0527 0.0336 
        D426  1 0.0432 0.0380 0.0259 0.0462 0.1606 0.1817 0.4611 0.0434 
        D427  1 0.0357 0.2709 0.0183 0.1852 0.0342 0.0231 0.0360 0.3967 
        D428  1 0.0668 0.2326 0.1209 0.2226 0.0450 0.1015 0.1249 0.0856 
        D429  1 0.0385 0.3807 0.0503 0.2100 0.0901 0.0949 0.0774 0.0581 
        D430  1 0.0364 0.0799 0.0547 0.1354 0.1824 0.3590 0.0697 0.0826 
        D491  1 0.0820 0.1041 0.0356 0.6287 0.0568 0.0478 0.0233 0.0218 
        D492  1 0.0459 0.2716 0.0816 0.1509 0.0432 0.1448 0.1566 0.1054 
        D537  1 0.0516 0.5156 0.1148 0.0383 0.0199 0.0854 0.1209 0.0535 
        D538  1 0.0946 0.0699 0.0716 0.1137 0.0488 0.4259 0.0919 0.0836 
        D539  1 0.1074 0.0521 0.0998 0.1509 0.3641 0.0904 0.0856 0.0497 
        D540  1 0.1688 0.2865 0.0495 0.0454 0.1146 0.1819 0.1033 0.0501 
        D541  1 0.0283 0.8168 0.0215 0.0221 0.0258 0.0261 0.0280 0.0314 
        D551  1 0.0298 0.0532 0.0376 0.0459 0.2027 0.1172 0.2354 0.2782 
        D552  1 0.3303 0.1546 0.0486 0.2119 0.0578 0.0535 0.1086 0.0346 
        D553  1 0.0372 0.8347 0.0186 0.0244 0.0252 0.0195 0.0222 0.0181 
        D615  1 0.1286 0.4187 0.0387 0.0832 0.0853 0.1150 0.0575 0.0729 
        D616  1 0.1116 0.2680 0.0286 0.0785 0.0962 0.1241 0.1183 0.1748 
        D621  1 0.1679 0.0253 0.2997 0.1124 0.0342 0.0539 0.2700 0.0365 
        D622  1 0.1457 0.0543 0.0585 0.0648 0.0450 0.0547 0.5418 0.0352 
        D623  1 0.0328 0.0311 0.2899 0.2409 0.0436 0.1853 0.0287 0.1477 
        D624  1 0.0242 0.0409 0.0167 0.7969 0.0353 0.0310 0.0328 0.0222 
        D625  1 0.0513 0.6200 0.0571 0.0740 0.0355 0.0484 0.0920 0.0216 
        D626  1 0.2626 0.0763 0.0418 0.3215 0.0568 0.0615 0.1304 0.0490 
        D627  1 0.0278 0.0882 0.0234 0.0452 0.2213 0.1869 0.3738 0.0334 
        D690  1 0.0915 0.7053 0.0248 0.0654 0.0203 0.0248 0.0520 0.0159 
        D691  1 0.0304 0.0689 0.0245 0.0453 0.0306 0.0321 0.7432 0.0251 
        D710  1 0.1427 0.2363 0.1204 0.1589 0.0674 0.1255 0.0732 0.0757 
        D711  1 0.0300 0.7084 0.0444 0.0464 0.0346 0.0465 0.0533 0.0365 
        D712  1 0.0713 0.0479 0.0591 0.5552 0.0987 0.0561 0.0740 0.0377 
        D713  1 0.0465 0.1598 0.3302 0.1475 0.0339 0.1326 0.1180 0.0314 
        D746  1 0.0424 0.0701 0.0250 0.0327 0.0250 0.0243 0.7441 0.0363 
        D747  1 0.0167 0.8448 0.0222 0.0225 0.0247 0.0179 0.0184 0.0328 
        D748  1 0.0792 0.2104 0.0617 0.0499 0.0398 0.0664 0.4680 0.0246 
        D749  1 0.0974 0.0406 0.1139 0.1349 0.0468 0.1721 0.3253 0.0690 
        D750  1 0.0530 0.1413 0.0451 0.6129 0.0296 0.0406 0.0516 0.0261 
        D763  1 0.1006 0.1127 0.1766 0.0305 0.2341 0.1019 0.1221 0.1215 
        D764  1 0.0870 0.4648 0.0207 0.2645 0.0261 0.0467 0.0640 0.0262 
        D765  1 0.3318 0.0497 0.0248 0.1602 0.0624 0.2066 0.1401 0.0244 
        D766  1 0.3475 0.1204 0.1219 0.0606 0.0277 0.0933 0.1889 0.0398 
        D767  1 0.0682 0.1006 0.2510 0.0448 0.0431 0.2172 0.1487 0.1263 
        D768  1 0.0256 0.8131 0.0203 0.0179 0.0225 0.0392 0.0382 0.0232 
        D811  1 0.1802 0.0367 0.1407 0.1373 0.0561 0.3921 0.0290 0.0278 
        D816  1 0.0270 0.7959 0.0247 0.0367 0.0235 0.0304 0.0393 0.0225 
        D825  1 0.2471 0.1277 0.0540 0.1882 0.0444 0.2625 0.0517 0.0245 
        D866  1 0.1022 0.0716 0.0316 0.1966 0.3771 0.0859 0.0347 0.1004 
        D867  1 0.0351 0.0344 0.1130 0.0336 0.0241 0.0471 0.6597 0.0529 
        D871  1 0.0350 0.0752 0.0376 0.0755 0.0799 0.2395 0.4214 0.0359 
        D872  1 0.0839 0.2827 0.0790 0.0687 0.0323 0.2389 0.1451 0.0694 
        D873  1 0.6849 0.0130 0.0674 0.0231 0.0141 0.1420 0.0269 0.0286 
        D874  1 0.0293 0.1556 0.5419 0.1117 0.0471 0.0556 0.0275 0.0314 
        D875  1 0.0556 0.0292 0.0267 0.0256 0.0467 0.2239 0.5713 0.0209 
        D876  1 0.0671 0.4888 0.0905 0.1445 0.0587 0.0511 0.0750 0.0242 
        D877  1 0.0309 0.0466 0.2782 0.1666 0.0272 0.3929 0.0204 0.0372 
        D892  1 0.0432 0.2771 0.0529 0.2025 0.0338 0.0941 0.2724 0.0241 
        D893  1 0.0583 0.6352 0.0545 0.0205 0.0746 0.0436 0.0666 0.0466 
        D894  1 0.0655 0.5686 0.0364 0.0816 0.0651 0.0823 0.0594 0.0411 
        D915  1 0.1086 0.5179 0.0302 0.0649 0.0475 0.0625 0.1303 0.0382 
        D916  1 0.0272 0.8475 0.0156 0.0281 0.0190 0.0201 0.0240 0.0184 
        D917  1 0.0515 0.2007 0.1284 0.2869 0.1089 0.0991 0.0512 0.0733 
        D925  1 0.5278 0.2192 0.0219 0.0886 0.0337 0.0392 0.0462 0.0233 
        D926  1 0.0539 0.3932 0.0850 0.1133 0.0493 0.1458 0.1154 0.0441 
        D927  1 0.0411 0.2819 0.0543 0.0707 0.1110 0.1143 0.0895 0.2372 
        D928  1 0.0248 0.0878 0.0278 0.7763 0.0190 0.0301 0.0153 0.0190 
        D929  1 0.0481 0.0457 0.4958 0.0632 0.0401 0.1869 0.0896 0.0305 
        D936  1 0.0461 0.5440 0.1360 0.0389 0.0949 0.0510 0.0328 0.0563 
        D938  1 0.1051 0.0325 0.0586 0.0400 0.0240 0.0336 0.6840 0.0222 
        D956  1 0.0637 0.0374 0.0374 0.6171 0.0399 0.1300 0.0319 0.0425 
        D957  1 0.1517 0.1828 0.1113 0.0788 0.0386 0.2553 0.1083 0.0732 
        D958  1 0.1130 0.2745 0.0850 0.1933 0.0264 0.1157 0.1575 0.0346 
        D959  1 0.0305 0.2810 0.0216 0.0328 0.0211 0.0846 0.3403 0.1881 
        D960  1 0.0499 0.0371 0.0874 0.0680 0.0279 0.0845 0.6188 0.0264 
        D989  1 0.0313 0.0687 0.0410 0.5872 0.0799 0.0631 0.0549 0.0738 
        D990  1 0.5413 0.0291 0.0306 0.1176 0.1450 0.0470 0.0413 0.0480 
        D023  2 0.0366 0.1388 0.0276 0.0239 0.0221 0.0289 0.6859 0.0363 
        D130  2 0.0178 0.0781 0.0369 0.0227 0.0240 0.0794 0.6998 0.0414 
        D131  2 0.1521 0.2451 0.0667 0.0590 0.1518 0.1899 0.0806 0.0548 
        D163  2 0.0438 0.0716 0.0394 0.0625 0.0449 0.0571 0.6573 0.0233 
        D164  2 0.3348 0.0162 0.0281 0.0142 0.0167 0.0291 0.0433 0.5176 
        D165  2 0.0443 0.0750 0.0319 0.0285 0.0347 0.0387 0.6986 0.0482 
        D166  2 0.0837 0.0569 0.1850 0.0252 0.0647 0.4271 0.1075 0.0498 
        D167  2 0.0226 0.0199 0.0274 0.0399 0.0201 0.0673 0.0207 0.7821 
        D192  2 0.0197 0.0156 0.0294 0.0276 0.0356 0.0241 0.0165 0.8316 
        D193  2 0.0426 0.0324 0.2507 0.1581 0.0908 0.3135 0.0671 0.0447 
        D206  2 0.0866 0.1079 0.0603 0.0332 0.0375 0.1103 0.1516 0.4125 
        D207  2 0.0242 0.0541 0.0471 0.0271 0.0727 0.1707 0.0401 0.5640 
        D208  2 0.1537 0.0739 0.0606 0.2150 0.2738 0.0649 0.0462 0.1120 
        D209  2 0.0941 0.0455 0.1254 0.0372 0.0417 0.1348 0.0523 0.4688 
        D210  2 0.0347 0.0756 0.0406 0.4593 0.2127 0.0375 0.0413 0.0981 
     D229599  2 0.1095 0.1943 0.1696 0.0665 0.1951 0.1064 0.1078 0.0508 
     D229600  2 0.0261 0.0418 0.0347 0.0282 0.0468 0.0898 0.4064 0.3262 
     D237227  2 0.1127 0.0700 0.0259 0.4811 0.1178 0.0823 0.0388 0.0713 
     D237228  2 0.3018 0.0243 0.0423 0.2500 0.0703 0.2162 0.0275 0.0676 
     D237258  2 0.0936 0.0734 0.0959 0.0906 0.1221 0.1719 0.1155 0.2370 
     D237310  2 0.2244 0.0140 0.0696 0.0527 0.0444 0.4714 0.0580 0.0654 
     D237311  2 0.2819 0.0267 0.0458 0.0425 0.0344 0.3083 0.0798 0.1805 
     D237312  2 0.1745 0.0317 0.1506 0.0695 0.0349 0.3508 0.1520 0.0359 
     D237313  2 0.3139 0.1957 0.0691 0.1070 0.1127 0.1089 0.0568 0.0358 
     D237322  2 0.1181 0.0468 0.1333 0.1026 0.3274 0.1723 0.0425 0.0571 
     D237323  2 0.2367 0.0217 0.0435 0.2059 0.0639 0.3077 0.0825 0.0383 
     D237324  2 0.0411 0.0753 0.0372 0.0259 0.1347 0.1384 0.2818 0.2656 
     D237325  2 0.1253 0.0353 0.1260 0.1042 0.0494 0.2197 0.2572 0.0829 
     D237326  2 0.3306 0.1182 0.0698 0.1301 0.0346 0.1634 0.0937 0.0596 
     D237327  2 0.0358 0.0922 0.0939 0.0415 0.3970 0.1060 0.0874 0.1463 
     D237337  2 0.5853 0.0483 0.0363 0.0550 0.0334 0.1489 0.0691 0.0237 
     D237338  2 0.1305 0.0715 0.1133 0.1598 0.0960 0.0834 0.2425 0.1029 
     D237339  2 0.0399 0.0702 0.4524 0.0247 0.0573 0.1020 0.0338 0.2197 
     D237340  2 0.1163 0.0274 0.0946 0.1729 0.0575 0.2297 0.1249 0.1768 
     D237389  2 0.2769 0.0255 0.0713 0.0296 0.0270 0.3837 0.0670 0.1189 
     D237390  2 0.1431 0.0560 0.1355 0.1064 0.0636 0.2821 0.1831 0.0301 
     D244017  2 0.0335 0.0352 0.0484 0.2197 0.0367 0.2835 0.0338 0.3092 
     D244112  2 0.0352 0.0192 0.0222 0.0275 0.0239 0.0488 0.0282 0.7950 
     D244118  2 0.0326 0.0202 0.0444 0.0400 0.0366 0.0481 0.2019 0.5763 
     D244119  2 0.0273 0.0230 0.0158 0.6392 0.0264 0.0297 0.0188 0.2199 
     D244120  2 0.0302 0.0187 0.1814 0.0670 0.1418 0.2165 0.0505 0.2938 
     D244122  2 0.0648 0.0354 0.0497 0.0474 0.0350 0.0740 0.0494 0.6443 
        D291  2 0.0714 0.0859 0.0292 0.0238 0.5246 0.1097 0.0751 0.0804 
        D292  2 0.0785 0.2440 0.0552 0.0773 0.1849 0.0713 0.0296 0.2591 
        D293  2 0.0164 0.1998 0.0574 0.0237 0.0378 0.0295 0.0174 0.6178 
        D322  2 0.0422 0.1486 0.0767 0.0288 0.0414 0.0610 0.0432 0.5580 
        D323  2 0.1485 0.0825 0.2130 0.0589 0.0723 0.1811 0.0576 0.1860 
        D324  2 0.0938 0.1754 0.0333 0.0845 0.3371 0.0953 0.1308 0.0498 
        D325  2 0.0219 0.0349 0.0269 0.0164 0.0484 0.0321 0.0269 0.7924 
        D326  2 0.0176 0.8251 0.0220 0.0394 0.0300 0.0257 0.0190 0.0213 
        D340  2 0.0219 0.0253 0.0258 0.0229 0.0330 0.0218 0.0243 0.8251 
        D341  2 0.0905 0.0574 0.0462 0.0460 0.1170 0.0421 0.0502 0.5506 
        D342  2 0.1291 0.0269 0.0392 0.0226 0.0916 0.0936 0.0878 0.5091 
        D343  2 0.0125 0.0202 0.0169 0.0127 0.0190 0.0155 0.0168 0.8864 
        D344  2 0.0427 0.1256 0.3950 0.0344 0.0370 0.2561 0.0356 0.0735 
        D345  2 0.4939 0.1217 0.1097 0.0398 0.0544 0.0798 0.0498 0.0508 
        D346  2 0.1134 0.0848 0.0652 0.4689 0.0759 0.0675 0.0504 0.0739 
        D351  2 0.0760 0.2749 0.0768 0.0336 0.1835 0.1948 0.0973 0.0631 
        D352  2 0.0579 0.0373 0.6234 0.0698 0.0444 0.0730 0.0371 0.0571 
        D353  2 0.0394 0.3437 0.1666 0.0239 0.0431 0.2972 0.0304 0.0557 
        D354  2 0.0795 0.1055 0.5873 0.0685 0.0337 0.0777 0.0297 0.0182 
        D362  2 0.0663 0.6903 0.0312 0.0367 0.0326 0.0516 0.0529 0.0383 
        D363  2 0.0623 0.7081 0.0311 0.0492 0.0337 0.0442 0.0350 0.0364 
        D364  2 0.1154 0.3295 0.3006 0.0608 0.0356 0.0880 0.0323 0.0379 
        D365  2 0.0165 0.0351 0.0309 0.0254 0.0175 0.0164 0.0146 0.8437 
        D369  2 0.1003 0.2440 0.0313 0.1793 0.0916 0.0894 0.0531 0.2109 
        D374  2 0.0466 0.0301 0.2371 0.4206 0.0355 0.1792 0.0240 0.0269 
        D375  2 0.0426 0.0307 0.7469 0.0237 0.0184 0.0850 0.0317 0.0210 
        D376  2 0.0619 0.0242 0.1854 0.4747 0.0376 0.1424 0.0239 0.0497 
        D377  2 0.3374 0.0355 0.1280 0.0849 0.0829 0.1643 0.0778 0.0892 
        D378  2 0.0644 0.2423 0.1613 0.0336 0.0644 0.0570 0.0846 0.2923 
        D379  2 0.0502 0.6482 0.0582 0.0412 0.0394 0.0796 0.0461 0.0370 
        D384  2 0.0320 0.7997 0.0201 0.0576 0.0263 0.0243 0.0199 0.0201 
        D385  2 0.0339 0.0213 0.1511 0.0450 0.0275 0.0328 0.0196 0.6689 
        D386  2 0.0534 0.1589 0.4519 0.0242 0.0403 0.1069 0.0700 0.0945 
        D391  2 0.0320 0.0410 0.0897 0.0248 0.0302 0.0367 0.0240 0.7215 
        D392  2 0.0765 0.1028 0.0272 0.0894 0.0353 0.0842 0.0331 0.5516 
        D393  2 0.0910 0.3439 0.1463 0.0308 0.1984 0.0391 0.0539 0.0966 
        D394  2 0.1231 0.1275 0.1570 0.0633 0.0692 0.1667 0.1783 0.1149 
        D395  2 0.0252 0.0237 0.4178 0.0288 0.0409 0.0832 0.0288 0.3517 
        D401  2 0.5183 0.0264 0.0251 0.0707 0.0248 0.2465 0.0302 0.0580 
        D402  2 0.0464 0.0263 0.0754 0.0240 0.0908 0.0370 0.0229 0.6771 
        D403  2 0.0852 0.2840 0.1619 0.0293 0.0568 0.1601 0.1575 0.0651 
        D415  2 0.0640 0.6006 0.0359 0.0226 0.0284 0.1188 0.0811 0.0486 
        D435  2 0.0516 0.4388 0.0559 0.0221 0.0786 0.0301 0.0571 0.2658 
        D436  2 0.0323 0.1498 0.4844 0.0633 0.0385 0.1142 0.0731 0.0445 
        D438  2 0.0197 0.0170 0.0223 0.0287 0.0246 0.0189 0.0209 0.8479 
        D439  2 0.1609 0.0936 0.4206 0.0196 0.0500 0.1198 0.0468 0.0887 
        D449  2 0.0347 0.0555 0.0240 0.0313 0.0438 0.0935 0.0671 0.6501 
        D450  2 0.0876 0.1801 0.2252 0.1493 0.1193 0.1196 0.0863 0.0327 
        D456  2 0.0213 0.8024 0.0264 0.0305 0.0334 0.0380 0.0288 0.0193 
        D462  2 0.0166 0.0497 0.0755 0.0192 0.0275 0.0309 0.0277 0.7529 
        D463  2 0.0239 0.8000 0.0352 0.0439 0.0254 0.0333 0.0225 0.0159 
        D464  2 0.0329 0.1133 0.3933 0.0441 0.0409 0.2328 0.0331 0.1096 
        D465  2 0.0543 0.1250 0.0347 0.0366 0.0312 0.0897 0.0390 0.5896 
        D473  2 0.0704 0.0303 0.1223 0.4926 0.0693 0.0656 0.0844 0.0652 
        D474  2 0.0699 0.5297 0.0277 0.0534 0.1711 0.0327 0.0525 0.0629 
        D476  2 0.0265 0.0494 0.3491 0.0193 0.0432 0.0447 0.3665 0.1013 
        D477  2 0.1476 0.3280 0.2061 0.0634 0.1310 0.0603 0.0294 0.0343 
        D478  2 0.0460 0.0660 0.1151 0.1204 0.0601 0.2109 0.2984 0.0831 
        D480  2 0.0561 0.2916 0.1684 0.1258 0.1444 0.0647 0.0336 0.1155 
        D481  2 0.1257 0.3211 0.1453 0.0859 0.0555 0.0765 0.0899 0.1001 
        D482  2 0.1051 0.0289 0.3744 0.1018 0.1957 0.0981 0.0473 0.0486 
        D483  2 0.0239 0.0219 0.0225 0.0785 0.0295 0.0291 0.0320 0.7626 
        D484  2 0.0219 0.0172 0.7838 0.0303 0.0284 0.0612 0.0235 0.0334 
        D510  2 0.0389 0.0346 0.1070 0.5643 0.1274 0.0547 0.0363 0.0369 
        D511  2 0.0552 0.1537 0.4550 0.0304 0.0608 0.0612 0.0509 0.1327 
        D512  2 0.2177 0.0297 0.0498 0.0211 0.0551 0.3992 0.0461 0.1813 
        D513  2 0.0484 0.0640 0.0472 0.0707 0.0791 0.0640 0.0549 0.5717 
        D635  2 0.0734 0.3964 0.0246 0.0410 0.0346 0.0898 0.2732 0.0670 
        D636  2 0.1801 0.0406 0.0201 0.0285 0.0184 0.0344 0.6508 0.0271 
        D637  2 0.1172 0.0401 0.3233 0.0807 0.0871 0.0947 0.0473 0.2095 
        D658  2 0.0508 0.0291 0.2326 0.1123 0.0415 0.0856 0.0379 0.4102 
        D659  2 0.0344 0.5502 0.0565 0.0515 0.0712 0.0490 0.1381 0.0490 
        D677  2 0.0979 0.2705 0.0677 0.0278 0.1275 0.0999 0.2287 0.0800 
        D678  2 0.0569 0.0259 0.0408 0.0219 0.0341 0.1208 0.0337 0.6659 
        D679  2 0.1632 0.3404 0.0678 0.0656 0.1325 0.1044 0.0528 0.0732 
        D719  2 0.0415 0.2206 0.0511 0.3878 0.0737 0.0378 0.0207 0.1668 
        D720  2 0.0379 0.6623 0.0268 0.0874 0.0420 0.0533 0.0432 0.0471 
        D721  2 0.0397 0.0647 0.0437 0.0474 0.0428 0.0458 0.6292 0.0867 
        D722  2 0.0748 0.0310 0.2416 0.2557 0.0641 0.2374 0.0283 0.0672 
        D734  2 0.0259 0.0478 0.4278 0.2576 0.0522 0.0499 0.0253 0.1136 
        D735  2 0.2862 0.2516 0.0764 0.1017 0.0893 0.0761 0.0472 0.0715 
        D736  2 0.0489 0.0718 0.0621 0.3194 0.2951 0.0516 0.0846 0.0664 
        D737  2 0.0368 0.0279 0.1405 0.0649 0.1042 0.0757 0.0610 0.4890 
        D807  2 0.1250 0.2132 0.0966 0.2316 0.1256 0.0810 0.0587 0.0684 
        D808  2 0.1224 0.1063 0.0701 0.0538 0.0951 0.2885 0.1115 0.1523 
        D817  2 0.2542 0.2684 0.1320 0.0468 0.0586 0.1480 0.0520 0.0400 
        D818  2 0.0352 0.0735 0.0484 0.0411 0.1951 0.1356 0.2090 0.2621 
        D819  2 0.3067 0.2017 0.0643 0.0527 0.0582 0.1929 0.0627 0.0609 
        D820  2 0.0188 0.7277 0.0569 0.0294 0.0372 0.0336 0.0398 0.0567 
        D895  2 0.2197 0.2688 0.0641 0.0445 0.0423 0.1218 0.1597 0.0793 
        D896  2 0.5094 0.0279 0.0271 0.0522 0.0237 0.2997 0.0395 0.0205 
        D897  2 0.0937 0.0376 0.0399 0.0327 0.1122 0.0776 0.0488 0.5575 
        D898  2 0.3230 0.0588 0.0633 0.0572 0.1958 0.2068 0.0525 0.0425 
        D918  2 0.0862 0.0608 0.1386 0.0962 0.1037 0.1457 0.2466 0.1223 
        D919  2 0.0394 0.1706 0.3408 0.0310 0.0918 0.1333 0.0581 0.1350 
        D920  2 0.0761 0.0443 0.0414 0.0854 0.0402 0.0640 0.6071 0.0415 
        D923  2 0.0394 0.6226 0.1212 0.0374 0.0304 0.0578 0.0481 0.0432 
        D930  2 0.1338 0.2222 0.2028 0.1169 0.1005 0.1239 0.0445 0.0554 
        D931  2 0.0503 0.3352 0.2348 0.0522 0.0624 0.0767 0.0452 0.1432 
        D968  2 0.0256 0.0325 0.0315 0.0260 0.0687 0.0328 0.0189 0.7640 
        D969  2 0.0564 0.3177 0.0464 0.0661 0.2045 0.0801 0.0398 0.1890 
        D977  2 0.0320 0.0331 0.0338 0.0282 0.0385 0.0452 0.0336 0.7554 
        D978  2 0.0502 0.0392 0.0414 0.0418 0.5587 0.1204 0.0333 0.1149 
        D211  3 0.1863 0.1100 0.0466 0.0361 0.0719 0.0629 0.4545 0.0316 
     D229639  3 0.0747 0.0984 0.0316 0.1275 0.5125 0.0491 0.0358 0.0703 
     D237212  3 0.1162 0.1300 0.1775 0.0301 0.2673 0.0816 0.1008 0.0964 
     D237213  3 0.4736 0.0580 0.1201 0.0210 0.0671 0.1166 0.0967 0.0470 
     D237214  3 0.0197 0.0308 0.0221 0.0362 0.0178 0.0447 0.8102 0.0185 
     D237215  3 0.0569 0.0240 0.0592 0.0999 0.1294 0.1241 0.0231 0.4834 
     D237216  3 0.1788 0.0617 0.0741 0.0447 0.1718 0.2398 0.1604 0.0688 
     D237217  3 0.2690 0.1552 0.0308 0.0237 0.1246 0.1012 0.2498 0.0458 
     D237218  3 0.0548 0.0849 0.1408 0.0556 0.5024 0.0413 0.0681 0.0520 
     D237219  3 0.4366 0.0501 0.0361 0.1018 0.1655 0.0741 0.0970 0.0388 
     D237382  3 0.0984 0.1075 0.0846 0.1413 0.0680 0.3607 0.0785 0.0611 
     D244127  3 0.4712 0.0319 0.0481 0.0260 0.1119 0.1682 0.0531 0.0895 
     D244129  3 0.1471 0.1357 0.0788 0.0637 0.1166 0.2029 0.1414 0.1137 
     D244133  3 0.2129 0.1019 0.0246 0.1534 0.0643 0.1242 0.1257 0.1931 
     D244134  3 0.2171 0.0416 0.0256 0.2539 0.3517 0.0327 0.0355 0.0420 
     D244135  3 0.0595 0.0505 0.0339 0.0227 0.0338 0.0421 0.6712 0.0864 
     D244136  3 0.1501 0.1888 0.0553 0.2035 0.0988 0.0947 0.0880 0.1207 
        D416  3 0.3683 0.0830 0.0549 0.0473 0.0790 0.0949 0.0983 0.1742 
        D417  3 0.0481 0.6044 0.0460 0.0416 0.0483 0.0820 0.0969 0.0327 
        D419  3 0.2349 0.1572 0.0481 0.0797 0.1976 0.0829 0.0938 0.1059 
        D565  3 0.0347 0.0483 0.0244 0.7896 0.0372 0.0227 0.0225 0.0207 
        D566  3 0.0575 0.0975 0.0442 0.2998 0.2924 0.0931 0.0375 0.0779 
        D567  3 0.0976 0.5999 0.0583 0.0323 0.0321 0.0462 0.0748 0.0588 
        D568  3 0.1262 0.1783 0.1536 0.0253 0.0867 0.0844 0.1872 0.1583 
        D569  3 0.0472 0.0410 0.5085 0.0578 0.0557 0.1044 0.0726 0.1130 
        D573  3 0.0419 0.1596 0.0365 0.0351 0.3235 0.0562 0.0296 0.3176 
        D574  3 0.1098 0.0527 0.0605 0.3871 0.1076 0.1620 0.0648 0.0556 
        D575  3 0.6952 0.0367 0.0331 0.0715 0.0409 0.0332 0.0465 0.0429 
        D576  3 0.0444 0.0131 0.0610 0.0440 0.0969 0.1497 0.0384 0.5525 
        D577  3 0.0701 0.5048 0.0780 0.0492 0.0732 0.0726 0.1161 0.0361 
        D578  3 0.0241 0.0189 0.0181 0.0210 0.0220 0.0573 0.8033 0.0352 
        D579  3 0.0909 0.1878 0.1081 0.1908 0.1846 0.0638 0.0748 0.0991 
        D660  3 0.1056 0.0250 0.0512 0.0226 0.0350 0.1059 0.0463 0.6084 
        D661  3 0.0533 0.0508 0.0912 0.0281 0.3918 0.0541 0.1198 0.2108 
        D663  3 0.0292 0.0820 0.0833 0.0311 0.5211 0.1198 0.0398 0.0936 
        D664  3 0.2690 0.0351 0.0541 0.0912 0.0662 0.1149 0.1678 0.2016 
        D665  3 0.2263 0.0208 0.1043 0.0176 0.0736 0.3953 0.1011 0.0612 
        D666  3 0.6637 0.0570 0.0369 0.0772 0.0518 0.0407 0.0435 0.0291 
        D009  4 0.1158 0.1295 0.1653 0.0509 0.0923 0.1276 0.2849 0.0337 
        D057  4 0.0200 0.0625 0.3208 0.0398 0.0789 0.0357 0.2468 0.1956 
        D109  4 0.4797 0.0581 0.0592 0.0765 0.0458 0.1287 0.1231 0.0289 
     D237222  4 0.0542 0.0590 0.0625 0.1790 0.0425 0.0936 0.4652 0.0439 
     D237223  4 0.1235 0.0564 0.0811 0.1199 0.0883 0.1375 0.2998 0.0935 
     D237224  4 0.0934 0.1797 0.1946 0.0442 0.1774 0.0768 0.0537 0.1801 
     D237225  4 0.1061 0.1262 0.1065 0.0639 0.1826 0.1358 0.2291 0.0498 
     D237299  4 0.0563 0.0227 0.0346 0.0472 0.2627 0.2377 0.3074 0.0314 
     D237300  4 0.1076 0.0215 0.0356 0.0481 0.6623 0.0410 0.0309 0.0531 
     D237306  4 0.0434 0.0870 0.0783 0.4992 0.0364 0.1428 0.0770 0.0358 
     D237307  4 0.0754 0.2751 0.0436 0.2217 0.1300 0.1043 0.0821 0.0678 
     D237308  4 0.0812 0.0466 0.2112 0.0956 0.0516 0.0555 0.0612 0.3970 
     D237309  4 0.1149 0.1705 0.1270 0.0336 0.1145 0.1556 0.2049 0.0790 
     D237317  4 0.0745 0.1868 0.0608 0.3823 0.0727 0.1127 0.0667 0.0436 
     D237318  4 0.0318 0.0403 0.0208 0.0291 0.7395 0.0479 0.0241 0.0666 
     D237319  4 0.0607 0.0707 0.0565 0.0541 0.1033 0.3330 0.2433 0.0784 
     D237320  4 0.0670 0.0807 0.0338 0.0419 0.1463 0.0815 0.4441 0.1047 
     D237321  4 0.0756 0.0788 0.0404 0.0550 0.5326 0.0613 0.0600 0.0962 
     D237397  4 0.0576 0.0626 0.0457 0.2315 0.1972 0.0850 0.1903 0.1302 
     D237398  4 0.0260 0.0707 0.0454 0.0216 0.6726 0.0669 0.0602 0.0365 
     D237399  4 0.0400 0.1154 0.0542 0.1952 0.3177 0.0802 0.1524 0.0449 
     D244001  4 0.0352 0.0384 0.1270 0.0459 0.0417 0.0742 0.4963 0.1413 
        D289  4 0.0433 0.1320 0.1895 0.2879 0.0919 0.0706 0.0921 0.0927 
        D290  4 0.0317 0.0780 0.0492 0.0393 0.1584 0.5284 0.0610 0.0539 
        D294  4 0.0349 0.1186 0.2971 0.0620 0.1471 0.1405 0.1370 0.0628 
        D295  4 0.2131 0.2920 0.0895 0.0626 0.0800 0.1304 0.0918 0.0406 
        D301  4 0.0507 0.0263 0.0624 0.0717 0.1492 0.0893 0.5023 0.0481 
        D302  4 0.0255 0.1578 0.6188 0.0214 0.0324 0.0682 0.0510 0.0249 
        D303  4 0.0800 0.0405 0.1077 0.5663 0.0457 0.0553 0.0365 0.0681 
        D304  4 0.0448 0.0922 0.0527 0.0859 0.3494 0.2718 0.0565 0.0467 
        D305  4 0.0681 0.0333 0.4831 0.0217 0.0558 0.1984 0.0471 0.0924 
        D306  4 0.0383 0.0637 0.0409 0.0438 0.0539 0.6756 0.0557 0.0279 
        D307  4 0.0551 0.0251 0.0645 0.1008 0.0912 0.0424 0.5849 0.0360 
        D327  4 0.0420 0.4613 0.0709 0.0987 0.0707 0.0962 0.0773 0.0829 
        D328  4 0.0797 0.0322 0.5405 0.1397 0.0379 0.1011 0.0393 0.0297 
        D329  4 0.0876 0.0905 0.2340 0.0693 0.1346 0.1269 0.0848 0.1722 
        D330  4 0.1415 0.2223 0.0984 0.0268 0.0281 0.2160 0.1747 0.0923 
        D331  4 0.0891 0.1553 0.0469 0.0776 0.2682 0.2583 0.0469 0.0577 
        D333  4 0.1026 0.0782 0.2538 0.1200 0.1615 0.0900 0.0843 0.1095 
        D334  4 0.0358 0.0863 0.0623 0.5646 0.0645 0.0705 0.0881 0.0279 
        D335  4 0.0271 0.2310 0.4740 0.0372 0.0357 0.0885 0.0431 0.0633 
        D370  4 0.1815 0.0529 0.2562 0.0784 0.0364 0.2929 0.0479 0.0539 
        D371  4 0.0324 0.1207 0.0592 0.6335 0.0344 0.0429 0.0295 0.0474 
        D372  4 0.0439 0.0182 0.0279 0.0386 0.6572 0.1275 0.0216 0.0650 
        D373  4 0.0505 0.0522 0.0789 0.0282 0.1304 0.0461 0.5103 0.1033 
        D455  4 0.0345 0.0558 0.0991 0.0341 0.0804 0.0413 0.6003 0.0544 
        D490  4 0.0362 0.0290 0.0365 0.0307 0.0314 0.0310 0.7896 0.0156 
        D497  4 0.0801 0.0299 0.0893 0.0267 0.0530 0.0568 0.6393 0.0249 
        D498  4 0.0977 0.0621 0.0659 0.1012 0.1679 0.3960 0.0467 0.0625 
        D499  4 0.1162 0.0387 0.1479 0.1720 0.1304 0.1495 0.0406 0.2046 
        D514  4 0.0837 0.2966 0.1623 0.0250 0.0885 0.2193 0.0786 0.0460 
        D515  4 0.0468 0.0521 0.1266 0.0435 0.0530 0.1433 0.5024 0.0323 
        D516  4 0.3353 0.1744 0.0389 0.0705 0.0790 0.1097 0.0915 0.1007 
        D517  4 0.0907 0.1047 0.0420 0.0264 0.1105 0.0564 0.5139 0.0554 
        D518  4 0.0190 0.0555 0.4757 0.0964 0.0312 0.0470 0.2090 0.0662 
        D519  4 0.0548 0.0574 0.0266 0.0317 0.1507 0.0480 0.5907 0.0402 
        D560  4 0.0281 0.1195 0.0782 0.0230 0.2156 0.0760 0.3920 0.0676 
        D561  4 0.0344 0.0766 0.0536 0.0219 0.0316 0.1815 0.5045 0.0959 
        D562  4 0.0620 0.0709 0.1671 0.0735 0.1402 0.2237 0.1684 0.0943 
        D563  4 0.0702 0.0440 0.1753 0.0273 0.1178 0.1214 0.0577 0.3862 
        D572  4 0.0230 0.0997 0.5985 0.0410 0.0320 0.0794 0.0761 0.0502 
        D629  4 0.1930 0.2502 0.0883 0.0331 0.0980 0.0584 0.2452 0.0337 
        D630  4 0.0356 0.1243 0.1321 0.0662 0.1198 0.1562 0.3285 0.0373 
        D631  4 0.0277 0.0498 0.5169 0.0346 0.0818 0.0530 0.0656 0.1706 
        D632  4 0.1004 0.0779 0.1890 0.0304 0.0256 0.0579 0.3505 0.1683 
        D646  4 0.0991 0.2070 0.0525 0.0417 0.0655 0.1138 0.3055 0.1150 
        D647  4 0.0542 0.4156 0.0840 0.0221 0.0649 0.0990 0.1829 0.0773 
        D648  4 0.0259 0.0195 0.7214 0.0566 0.0196 0.1050 0.0242 0.0280 
        D649  4 0.2128 0.3570 0.1888 0.0316 0.0461 0.0549 0.0813 0.0276 
        D650  4 0.0821 0.2122 0.1259 0.1178 0.1447 0.0877 0.1871 0.0425 
        D708  4 0.1248 0.0522 0.2626 0.2145 0.1301 0.0967 0.0816 0.0374 
        D709  4 0.1204 0.0384 0.1417 0.0424 0.0499 0.5392 0.0311 0.0369 
        D738  4 0.0513 0.0949 0.0417 0.5368 0.0521 0.0709 0.1258 0.0264 
        D739  4 0.0830 0.0466 0.1326 0.0509 0.1070 0.2061 0.3292 0.0446 
        D740  4 0.3469 0.0320 0.0672 0.1440 0.2011 0.0893 0.0494 0.0701 
        D741  4 0.0746 0.2053 0.0488 0.0262 0.0723 0.1590 0.2388 0.1750 
        D742  4 0.0657 0.0689 0.0995 0.1646 0.1405 0.0805 0.0833 0.2969 
        D743  4 0.0272 0.4543 0.2856 0.0296 0.0525 0.0528 0.0392 0.0588 
        D744  4 0.0386 0.0847 0.5990 0.0276 0.0398 0.0733 0.0541 0.0829 
        D745  4 0.0829 0.0326 0.0419 0.0295 0.0877 0.0728 0.6191 0.0336 
        D814  4 0.0346 0.0466 0.0991 0.0303 0.1169 0.1793 0.1497 0.3435 
        D815  4 0.0832 0.1771 0.4368 0.0447 0.0539 0.1225 0.0342 0.0476 
        D828  4 0.0472 0.0173 0.2785 0.1015 0.0787 0.3798 0.0353 0.0618 
        D845  4 0.0287 0.0250 0.0284 0.0634 0.7720 0.0200 0.0189 0.0436 
        D846  4 0.0460 0.1535 0.3009 0.0165 0.0665 0.0920 0.1325 0.1922 
        D847  4 0.0645 0.1265 0.0597 0.1363 0.1615 0.1219 0.2642 0.0654 
        D848  4 0.0289 0.0246 0.0711 0.0379 0.1931 0.0513 0.4957 0.0975 
        D849  4 0.2397 0.0540 0.1007 0.0362 0.0574 0.1638 0.2989 0.0492 
        D850  4 0.0465 0.1606 0.0530 0.0897 0.1637 0.0766 0.3497 0.0601 
        D856  4 0.1558 0.0600 0.0792 0.0657 0.0856 0.4136 0.1041 0.0360 
        D857  4 0.3426 0.0125 0.0794 0.0413 0.0279 0.3316 0.0530 0.1117 
        D859  4 0.0424 0.1006 0.5210 0.0315 0.1332 0.0615 0.0567 0.0531 
        D860  4 0.0364 0.1306 0.0855 0.4212 0.1403 0.0499 0.0371 0.0990 
        D883  4 0.1376 0.1968 0.1198 0.1071 0.0887 0.0900 0.2151 0.0448 
        D884  4 0.2044 0.1070 0.1487 0.1147 0.0556 0.1647 0.1735 0.0315 
        D885  4 0.0989 0.1177 0.0845 0.0444 0.2985 0.1390 0.1005 0.1164 
        D886  4 0.1071 0.1794 0.0823 0.0398 0.0594 0.2297 0.2102 0.0920 
        D887  4 0.0745 0.1284 0.1460 0.0711 0.2778 0.1244 0.0551 0.1227 
        D889  4 0.0252 0.0484 0.0647 0.0229 0.6699 0.1246 0.0264 0.0179 
        D890  4 0.2588 0.0608 0.2248 0.1234 0.0531 0.1025 0.0842 0.0923 
        D891  4 0.0216 0.0197 0.0129 0.0155 0.8783 0.0186 0.0140 0.0193 
        D899  4 0.0413 0.0480 0.0788 0.0974 0.1671 0.0715 0.0413 0.4547 
        D900  4 0.0682 0.1208 0.1108 0.0810 0.0826 0.2954 0.1151 0.1260 
        D970  4 0.0538 0.2153 0.2705 0.0593 0.1583 0.1051 0.0640 0.0737 
        D971  4 0.0754 0.0974 0.1831 0.0635 0.0359 0.0970 0.0350 0.4127 
        D979  4 0.0266 0.3975 0.2968 0.0457 0.0511 0.0866 0.0389 0.0567 
        D093  5 0.0299 0.0471 0.0368 0.6886 0.0812 0.0402 0.0459 0.0302 
        D154  5 0.1748 0.0346 0.0734 0.0642 0.2731 0.1402 0.0432 0.1965 
        D168  5 0.2255 0.0736 0.0483 0.0258 0.1062 0.1514 0.0952 0.2739 
        D189  5 0.0328 0.0527 0.0599 0.3499 0.2567 0.1692 0.0412 0.0375 
        D190  5 0.0770 0.0386 0.0599 0.6682 0.0526 0.0421 0.0272 0.0342 
     D237220  5 0.0977 0.0406 0.0873 0.1280 0.2969 0.1167 0.2009 0.0319 
     D237221  5 0.0941 0.0986 0.0651 0.3146 0.1908 0.0601 0.0515 0.1253 
     D237274  5 0.0410 0.4365 0.2211 0.0260 0.0292 0.1247 0.0543 0.0672 
     D237275  5 0.0556 0.0249 0.0489 0.0386 0.1158 0.2020 0.0325 0.4817 
     D237276  5 0.2040 0.1209 0.0891 0.2138 0.0679 0.1232 0.1302 0.0508 
     D237277  5 0.1128 0.0311 0.0767 0.4515 0.1726 0.0459 0.0295 0.0799 
     D237278  5 0.0880 0.0572 0.0723 0.2529 0.0497 0.0922 0.0629 0.3249 
     D237279  5 0.4348 0.0682 0.0745 0.0309 0.0750 0.1247 0.1540 0.0378 
     D237280  5 0.6711 0.0671 0.0475 0.0534 0.0328 0.0534 0.0505 0.0242 
     D237281  5 0.0322 0.0505 0.0366 0.0391 0.3692 0.0649 0.0298 0.3777 
     D237351  5 0.7988 0.0231 0.0239 0.0471 0.0309 0.0255 0.0305 0.0201 
     D237352  5 0.0815 0.0888 0.2452 0.0701 0.0347 0.0636 0.3135 0.1026 
     D237353  5 0.1789 0.0276 0.0557 0.6053 0.0597 0.0278 0.0182 0.0269 
     D237359  5 0.0754 0.0527 0.0754 0.0761 0.4316 0.1102 0.1461 0.0326 
     D237361  5 0.0505 0.0247 0.0304 0.7688 0.0374 0.0406 0.0219 0.0256 
     D237362  5 0.3813 0.1364 0.0752 0.1028 0.0908 0.0814 0.0564 0.0758 
     D237363  5 0.1632 0.0477 0.0371 0.0808 0.0814 0.3035 0.0585 0.2278 
     D237364  5 0.0764 0.0997 0.1445 0.0213 0.1698 0.1602 0.1850 0.1431 
     D237376  5 0.0240 0.0184 0.4356 0.1082 0.0396 0.3158 0.0219 0.0365 
     D237377  5 0.4342 0.1876 0.0517 0.1228 0.0506 0.0629 0.0303 0.0599 
     D237378  5 0.0416 0.0354 0.1785 0.4618 0.0935 0.0616 0.0484 0.0792 
     D237379  5 0.0372 0.0467 0.3326 0.2376 0.0723 0.1516 0.0571 0.0649 
     D237380  5 0.2910 0.0344 0.2565 0.0777 0.0244 0.2321 0.0583 0.0256 
     D237381  5 0.1673 0.0688 0.1148 0.0884 0.0739 0.1826 0.2102 0.0939 
     D237391  5 0.0341 0.0460 0.0321 0.7351 0.0594 0.0301 0.0347 0.0285 
     D237392  5 0.0582 0.3267 0.1557 0.0338 0.0373 0.1125 0.0550 0.2207 
     D237393  5 0.1879 0.3422 0.0523 0.2081 0.0572 0.0552 0.0381 0.0591 
     D237394  5 0.0686 0.0348 0.0332 0.7771 0.0232 0.0225 0.0228 0.0178 
     D237395  5 0.1503 0.0478 0.0441 0.2593 0.2041 0.1358 0.0963 0.0625 
     D237396  5 0.0748 0.3974 0.0372 0.1521 0.0881 0.0617 0.0837 0.1049 
     D244016  5 0.2076 0.0413 0.1917 0.2283 0.1020 0.1287 0.0334 0.0671 
     D244018  5 0.0464 0.0668 0.0373 0.2504 0.1366 0.0544 0.0671 0.3409 
     D244019  5 0.1932 0.1260 0.1264 0.0579 0.1398 0.1902 0.0321 0.1344 
        D279  5 0.1007 0.0324 0.0689 0.0524 0.5918 0.0536 0.0336 0.0666 
        D280  5 0.2138 0.1361 0.0367 0.1612 0.2295 0.1110 0.0622 0.0495 
        D281  5 0.0297 0.0294 0.0432 0.0786 0.5647 0.0819 0.0260 0.1466 
        D283  5 0.1096 0.1815 0.0434 0.3746 0.1546 0.0491 0.0388 0.0483 
        D284  5 0.0901 0.0581 0.0725 0.0452 0.1271 0.2549 0.2928 0.0593 
        D285  5 0.0681 0.0812 0.0725 0.2926 0.3454 0.0694 0.0466 0.0241 
        D286  5 0.0705 0.1061 0.1717 0.1953 0.1217 0.1837 0.1121 0.0390 
        D287  5 0.0641 0.0241 0.3358 0.1321 0.0457 0.3237 0.0402 0.0343 
        D288  5 0.3064 0.2284 0.0297 0.0649 0.2222 0.0738 0.0362 0.0385 
        D308  5 0.6543 0.1162 0.0414 0.0322 0.0314 0.0624 0.0321 0.0302 
        D309  5 0.0326 0.1489 0.6162 0.0272 0.0284 0.0697 0.0453 0.0317 
        D310  5 0.0601 0.0266 0.0365 0.6761 0.0797 0.0799 0.0218 0.0192 
        D311  5 0.1095 0.1250 0.2557 0.1174 0.0755 0.2043 0.0536 0.0590 
        D312  5 0.0945 0.1404 0.2430 0.2047 0.0698 0.0811 0.0997 0.0667 
        D313  5 0.4840 0.0228 0.0144 0.0481 0.0204 0.0455 0.3447 0.0201 
        D314  5 0.2186 0.0309 0.1293 0.0860 0.1970 0.1428 0.0939 0.1015 
        D315  5 0.1386 0.2691 0.0607 0.2497 0.0476 0.1007 0.0675 0.0661 
        D317  5 0.0372 0.0658 0.0224 0.7237 0.0517 0.0434 0.0301 0.0255 
        D318  5 0.0856 0.1050 0.1629 0.0757 0.0810 0.1874 0.1490 0.1535 
        D319  5 0.0631 0.0329 0.0254 0.7524 0.0422 0.0357 0.0237 0.0246 
        D320  5 0.0694 0.0390 0.0665 0.6189 0.0860 0.0539 0.0419 0.0244 
        D321  5 0.7002 0.0593 0.0211 0.0517 0.0978 0.0290 0.0250 0.0159 
        D336  5 0.0279 0.0331 0.0935 0.5568 0.0311 0.2057 0.0275 0.0244 
        D337  5 0.0301 0.0399 0.0419 0.7537 0.0565 0.0283 0.0201 0.0296 
        D338  5 0.0740 0.2064 0.0613 0.1283 0.2727 0.1172 0.0711 0.0689 
        D339  5 0.0841 0.0498 0.0271 0.5241 0.1619 0.0744 0.0312 0.0474 
        D347  5 0.0318 0.1124 0.1501 0.0426 0.0762 0.4362 0.0332 0.1174 
        D348  5 0.0241 0.0404 0.1387 0.6161 0.0584 0.0595 0.0260 0.0366 
        D349  5 0.8476 0.0201 0.0206 0.0355 0.0234 0.0190 0.0147 0.0191 
        D350  5 0.0282 0.1046 0.6645 0.0299 0.0510 0.0499 0.0324 0.0395 
        D355  5 0.0400 0.1390 0.1000 0.0399 0.4140 0.1185 0.0288 0.1199 
        D356  5 0.0589 0.2285 0.0707 0.2856 0.0776 0.0984 0.1410 0.0393 
        D357  5 0.0896 0.0709 0.1445 0.0747 0.1220 0.4117 0.0459 0.0407 
        D358  5 0.0561 0.0923 0.1378 0.3898 0.0625 0.0909 0.0915 0.0793 
        D359  5 0.0721 0.2830 0.0909 0.3438 0.0756 0.0832 0.0274 0.0240 
        D360  5 0.0445 0.1310 0.0536 0.4160 0.0870 0.0848 0.1569 0.0260 
        D361  5 0.8073 0.0366 0.0193 0.0300 0.0210 0.0251 0.0248 0.0360 
        D366  5 0.0236 0.2762 0.0276 0.0331 0.0266 0.0396 0.0367 0.5367 
        D367  5 0.1224 0.0355 0.1237 0.3786 0.1067 0.1604 0.0457 0.0269 
        D368  5 0.5379 0.0900 0.0506 0.1147 0.0653 0.0782 0.0353 0.0280 
        D380  5 0.1389 0.1334 0.3632 0.0428 0.0723 0.1094 0.0604 0.0795 
        D381  5 0.0609 0.0930 0.0509 0.4394 0.2122 0.0829 0.0230 0.0377 
        D400  5 0.0426 0.0960 0.1498 0.2015 0.2213 0.1366 0.0533 0.0989 
        D411  5 0.0574 0.0196 0.0453 0.0157 0.0337 0.1513 0.6273 0.0496 
        D412  5 0.1233 0.1111 0.0696 0.0978 0.1263 0.2501 0.0746 0.1471 
        D413  5 0.0606 0.1266 0.0647 0.0368 0.0541 0.0487 0.0971 0.5114 
        D414  5 0.0330 0.0418 0.5819 0.0221 0.1232 0.0793 0.0320 0.0868 
        D420  5 0.0821 0.0245 0.0325 0.0373 0.4207 0.2105 0.1662 0.0262 
        D431  5 0.3770 0.0245 0.1811 0.0484 0.1291 0.1480 0.0499 0.0420 
        D432  5 0.0634 0.0970 0.0588 0.4427 0.0982 0.0713 0.0798 0.0887 
        D433  5 0.1846 0.0821 0.0487 0.3939 0.1582 0.0630 0.0247 0.0448 
        D434  5 0.1069 0.1292 0.0606 0.4104 0.0910 0.1040 0.0591 0.0387 
        D440  5 0.0397 0.0881 0.6521 0.0324 0.0432 0.0899 0.0240 0.0307 
        D447  5 0.0307 0.1739 0.1239 0.0351 0.0460 0.2140 0.2722 0.1043 
        D448  5 0.0473 0.0795 0.1850 0.3279 0.1015 0.1711 0.0391 0.0486 
        D459  5 0.0278 0.1127 0.0629 0.0439 0.3234 0.0527 0.0359 0.3407 
        D460  5 0.7678 0.0607 0.0263 0.0509 0.0237 0.0229 0.0227 0.0251 
        D461  5 0.0359 0.2056 0.6098 0.0257 0.0323 0.0412 0.0263 0.0232 
        D468  5 0.2568 0.1400 0.0729 0.1138 0.0392 0.2263 0.0567 0.0942 
        D469  5 0.1822 0.4448 0.0701 0.0783 0.0704 0.0563 0.0612 0.0368 
        D470  5 0.1524 0.0914 0.1883 0.0997 0.0583 0.1314 0.2270 0.0516 
        D471  5 0.0486 0.0718 0.0987 0.4395 0.1223 0.1440 0.0259 0.0492 
        D472  5 0.0310 0.6716 0.0234 0.0260 0.0962 0.0371 0.0272 0.0875 
        D479  5 0.0395 0.0307 0.1768 0.0314 0.0249 0.0643 0.0270 0.6053 
        D485  5 0.0367 0.0302 0.3971 0.0471 0.0359 0.3627 0.0517 0.0385 
        D486  5 0.1337 0.0807 0.0998 0.0669 0.0410 0.4053 0.1001 0.0724 
        D487  5 0.0528 0.0447 0.1344 0.1709 0.3758 0.0727 0.0493 0.0993 
        D555  5 0.0290 0.0311 0.0347 0.7231 0.0406 0.0416 0.0283 0.0717 
        D556  5 0.3143 0.0490 0.1666 0.0937 0.2259 0.0651 0.0485 0.0369 
        D557  5 0.0829 0.0382 0.0545 0.6992 0.0298 0.0275 0.0225 0.0453 
        D564  5 0.1930 0.0644 0.2794 0.2273 0.0336 0.0836 0.0605 0.0582 
        D594  5 0.0769 0.1665 0.1339 0.0659 0.0560 0.2845 0.0466 0.1697 
        D595  5 0.0694 0.1724 0.0730 0.2588 0.1043 0.1125 0.0618 0.1478 
        D596  5 0.0392 0.0325 0.0332 0.7465 0.0391 0.0382 0.0221 0.0491 
        D597  5 0.0607 0.1104 0.0835 0.2722 0.1994 0.0512 0.0373 0.1854 
        D598  5 0.0771 0.1050 0.1170 0.3653 0.0817 0.0709 0.1058 0.0773 
        D617  5 0.0803 0.0304 0.0476 0.0208 0.0559 0.1190 0.4123 0.2337 
        D618  5 0.0909 0.0839 0.0656 0.3909 0.2231 0.0449 0.0419 0.0588 
        D619  5 0.2517 0.2102 0.0915 0.0960 0.0505 0.2050 0.0257 0.0695 
        D620  5 0.0446 0.0837 0.0282 0.0482 0.0713 0.0259 0.0319 0.6662 
        D628  5 0.0300 0.0385 0.5937 0.0777 0.0320 0.1122 0.0815 0.0343 
        D714  5 0.0679 0.0261 0.3573 0.1115 0.2607 0.0810 0.0384 0.0571 
        D715  5 0.0752 0.0688 0.0410 0.6025 0.0965 0.0382 0.0292 0.0486 
        D716  5 0.0356 0.0768 0.2514 0.0476 0.1154 0.3348 0.0610 0.0775 
        D717  5 0.0814 0.2323 0.0990 0.2095 0.1595 0.0706 0.0973 0.0503 
        D718  5 0.0422 0.0211 0.1553 0.0694 0.0802 0.5291 0.0597 0.0429 
        D769  5 0.0426 0.0310 0.0908 0.0355 0.0387 0.1350 0.5326 0.0940 
        D770  5 0.0683 0.0578 0.3357 0.0796 0.0876 0.1282 0.0414 0.2012 
        D771  5 0.0788 0.0539 0.1018 0.0914 0.1804 0.2179 0.0881 0.1877 
        D772  5 0.0885 0.0451 0.5741 0.1077 0.0681 0.0353 0.0537 0.0275 
        D782  5 0.2837 0.0549 0.0351 0.0529 0.2944 0.1226 0.0538 0.1026 
        D783  5 0.0598 0.0287 0.3270 0.1103 0.0960 0.1064 0.0363 0.2356 
        D784  5 0.0640 0.3057 0.1908 0.1068 0.1636 0.0658 0.0602 0.0430 
        D785  5 0.2765 0.0364 0.1299 0.4045 0.0384 0.0413 0.0385 0.0345 
        D786  5 0.0495 0.1358 0.1719 0.0313 0.0358 0.1432 0.3277 0.1049 
        D821  5 0.0297 0.0193 0.0357 0.8424 0.0232 0.0215 0.0135 0.0148 
        D822  5 0.0838 0.2149 0.1375 0.1150 0.0940 0.2195 0.0326 0.1028 
        D826  5 0.1130 0.0659 0.0650 0.2735 0.2708 0.0754 0.0365 0.0999 
        D827  5 0.0418 0.2407 0.1332 0.0465 0.0489 0.2046 0.1725 0.1118 
        D851  5 0.1471 0.1474 0.0853 0.1573 0.1339 0.1806 0.0830 0.0654 
        D852  5 0.1073 0.0326 0.2356 0.1355 0.3417 0.0530 0.0346 0.0597 
        D853  5 0.0768 0.0980 0.0684 0.2082 0.2893 0.1670 0.0498 0.0424 
        D854  5 0.1320 0.0809 0.0886 0.0216 0.2046 0.2984 0.0559 0.1180 
        D861  5 0.1039 0.0579 0.0719 0.1132 0.2063 0.2207 0.0531 0.1730 
        D862  5 0.1512 0.2766 0.1152 0.1740 0.0621 0.1178 0.0627 0.0404 
        D865  5 0.1642 0.0386 0.0516 0.4936 0.0700 0.0838 0.0318 0.0663 
        D868  5 0.0485 0.6366 0.0360 0.0726 0.0897 0.0375 0.0435 0.0356 
        D869  5 0.1232 0.0395 0.0266 0.0438 0.0253 0.0807 0.5959 0.0651 
        D870  5 0.0329 0.0564 0.0387 0.0204 0.0354 0.2167 0.5138 0.0859 
        D907  5 0.0942 0.0486 0.0353 0.5707 0.0614 0.0940 0.0515 0.0442 
        D908  5 0.1087 0.0389 0.1517 0.1375 0.3690 0.0550 0.0234 0.1158 
        D910  5 0.0756 0.0836 0.0888 0.2435 0.2187 0.1061 0.0342 0.1495 
        D911  5 0.0251 0.0682 0.0320 0.0375 0.6822 0.0842 0.0306 0.0402 
        D934  5 0.1203 0.0598 0.2518 0.0446 0.2379 0.1086 0.0368 0.1402 
        D946  5 0.2838 0.0252 0.3402 0.0405 0.1151 0.0975 0.0363 0.0614 
        D947  5 0.1292 0.1210 0.2129 0.0356 0.2935 0.1045 0.0630 0.0403 
