        D174  1 0.6862 0.1745 0.0531 0.0862 
        D199  1 0.2461 0.0922 0.2608 0.4008 
        D203  1 0.1639 0.2305 0.2923 0.3133 
        D204  1 0.0484 0.0428 0.0453 0.8634 
     D237366  1 0.1684 0.4664 0.1792 0.1861 
     D237367  1 0.1215 0.3900 0.1302 0.3582 
     D237368  1 0.1147 0.4605 0.1171 0.3077 
     D244101  1 0.0596 0.0451 0.2270 0.6683 
     D244102  1 0.3596 0.2729 0.1484 0.2191 
     D244103  1 0.1208 0.5229 0.1250 0.2313 
     D244104  1 0.1060 0.0596 0.0989 0.7355 
     D244105  1 0.0561 0.7230 0.0688 0.1521 
     D244106  1 0.5928 0.0835 0.2218 0.1019 
     D244107  1 0.0371 0.6368 0.0785 0.2476 
     D244108  1 0.5924 0.1697 0.0881 0.1497 
     D244113  1 0.8534 0.0496 0.0526 0.0445 
     D244114  1 0.2909 0.1843 0.3377 0.1871 
     D244115  1 0.4450 0.2116 0.0887 0.2546 
     D267365  1 0.2779 0.1050 0.1175 0.4997 
        D404  1 0.8452 0.0488 0.0527 0.0533 
        D405  1 0.5345 0.1316 0.1522 0.1817 
        D406  1 0.0667 0.7665 0.0361 0.1307 
        D407  1 0.0665 0.2555 0.1401 0.5380 
        D408  1 0.6524 0.0655 0.1729 0.1092 
        D409  1 0.1237 0.5621 0.1486 0.1656 
        D410  1 0.0808 0.7177 0.0294 0.1721 
        D421  1 0.0544 0.0441 0.0894 0.8121 
        D422  1 0.0276 0.8400 0.0495 0.0829 
        D423  1 0.0383 0.8391 0.0411 0.0816 
        D424  1 0.0848 0.1562 0.0355 0.7236 
        D425  1 0.3955 0.0777 0.0680 0.4588 
        D426  1 0.0656 0.5118 0.3126 0.1100 
        D427  1 0.1412 0.0493 0.5745 0.2350 
        D428  1 0.3027 0.1531 0.0805 0.4636 
        D429  1 0.4162 0.1044 0.1090 0.3704 
        D430  1 0.3828 0.1706 0.2727 0.1738 
        D491  1 0.7007 0.0698 0.0445 0.1850 
        D492  1 0.3569 0.2060 0.0877 0.3494 
        D537  1 0.1342 0.1170 0.0466 0.7023 
        D538  1 0.2962 0.3837 0.1477 0.1724 
        D539  1 0.3991 0.2140 0.2887 0.0981 
        D540  1 0.1510 0.3070 0.0981 0.4440 
        D541  1 0.0366 0.0508 0.0524 0.8602 
        D551  1 0.0864 0.1541 0.6084 0.1511 
        D552  1 0.1536 0.2965 0.1089 0.4410 
        D553  1 0.0361 0.0451 0.0333 0.8855 
        D615  1 0.1433 0.2160 0.1727 0.4679 
        D616  1 0.1237 0.3197 0.2350 0.3216 
        D621  1 0.2533 0.5708 0.0693 0.1066 
        D622  1 0.0800 0.7647 0.0548 0.1005 
        D623  1 0.6281 0.0639 0.1989 0.1091 
        D624  1 0.7595 0.0749 0.0724 0.0932 
        D625  1 0.1083 0.1064 0.0378 0.7475 
        D626  1 0.5746 0.1918 0.1020 0.1316 
        D627  1 0.0672 0.5271 0.2067 0.1990 
        D690  1 0.0938 0.0950 0.0298 0.7814 
        D691  1 0.0652 0.7292 0.0579 0.1476 
        D710  1 0.2213 0.1390 0.0904 0.5493 
        D711  1 0.0862 0.0889 0.0572 0.7677 
        D712  1 0.6974 0.1044 0.1059 0.0923 
        D713  1 0.6254 0.1116 0.0511 0.2119 
        D746  1 0.0508 0.7615 0.0544 0.1334 
        D747  1 0.0325 0.0326 0.0484 0.8865 
        D748  1 0.1243 0.4033 0.0581 0.4143 
        D749  1 0.2550 0.5262 0.1472 0.0716 
        D750  1 0.5126 0.0924 0.0552 0.3398 
        D763  1 0.0860 0.1546 0.3609 0.3985 
        D764  1 0.1781 0.1392 0.0445 0.6382 
        D765  1 0.2130 0.6488 0.0573 0.0809 
        D766  1 0.1705 0.4499 0.0405 0.3390 
        D767  1 0.2285 0.3066 0.1407 0.3243 
        D768  1 0.0438 0.0792 0.0449 0.8322 
        D811  1 0.7990 0.0891 0.0598 0.0521 
        D816  1 0.0633 0.0527 0.0379 0.8461 
        D825  1 0.6249 0.1687 0.0407 0.1657 
        D866  1 0.2867 0.0944 0.5039 0.1149 
        D867  1 0.0641 0.7934 0.0644 0.0781 
        D871  1 0.1331 0.5292 0.1636 0.1741 
        D872  1 0.1910 0.2670 0.0691 0.4730 
        D873  1 0.0451 0.8990 0.0308 0.0251 
        D874  1 0.3017 0.0450 0.1109 0.5424 
        D875  1 0.0595 0.7768 0.0907 0.0730 
        D876  1 0.1467 0.0945 0.0576 0.7012 
        D877  1 0.8281 0.0374 0.0493 0.0852 
        D892  1 0.3948 0.2335 0.0434 0.3283 
        D893  1 0.0678 0.1803 0.1180 0.6339 
        D894  1 0.1188 0.1382 0.0766 0.6665 
        D915  1 0.1173 0.2511 0.0577 0.5739 
        D916  1 0.0393 0.0482 0.0341 0.8784 
        D917  1 0.3140 0.0976 0.1753 0.4131 
        D925  1 0.1214 0.5810 0.0501 0.2475 
        D926  1 0.1802 0.1633 0.0701 0.5864 
        D927  1 0.1066 0.0922 0.3608 0.4405 
        D928  1 0.7780 0.0368 0.0344 0.1508 
        D929  1 0.5467 0.2128 0.0865 0.1540 
        D936  1 0.0695 0.0592 0.1349 0.7363 
        D938  1 0.0701 0.8111 0.0368 0.0820 
        D956  1 0.7590 0.0844 0.0975 0.0591 
        D957  1 0.2201 0.3527 0.0668 0.3604 
        D958  1 0.2226 0.2167 0.0425 0.5182 
        D959  1 0.0648 0.2873 0.1269 0.5210 
        D960  1 0.0936 0.8107 0.0422 0.0535 
        D989  1 0.5893 0.0591 0.2249 0.1267 
        D990  1 0.0648 0.7660 0.1284 0.0408 
        D023  2 0.0401 0.5958 0.0492 0.3148 
        D130  2 0.0498 0.7840 0.0551 0.1112 
        D131  2 0.0905 0.1644 0.1512 0.5940 
        D163  2 0.0669 0.7294 0.0404 0.1634 
        D164  2 0.0334 0.4602 0.4611 0.0453 
        D165  2 0.0352 0.6873 0.0769 0.2006 
        D166  2 0.2704 0.3620 0.1850 0.1825 
        D167  2 0.1050 0.0476 0.8120 0.0355 
        D192  2 0.0440 0.0311 0.8953 0.0297 
        D193  2 0.7138 0.1242 0.1038 0.0582 
        D206  2 0.1123 0.2717 0.2998 0.3162 
        D207  2 0.1070 0.1102 0.6575 0.1253 
        D208  2 0.4051 0.0914 0.3831 0.1204 
        D209  2 0.0911 0.1569 0.5562 0.1958 
        D210  2 0.3632 0.0635 0.4094 0.1639 
     D229599  2 0.1679 0.1651 0.2141 0.4530 
     D229600  2 0.0796 0.4828 0.3622 0.0754 
     D237227  2 0.5145 0.1837 0.1954 0.1063 
     D237228  2 0.3910 0.3982 0.1555 0.0553 
     D237258  2 0.2302 0.2256 0.3587 0.1855 
     D237310  2 0.1975 0.6601 0.1052 0.0373 
     D237311  2 0.1285 0.6195 0.2106 0.0414 
     D237312  2 0.3784 0.4827 0.0603 0.0786 
     D237313  2 0.2509 0.2169 0.1101 0.4221 
     D237322  2 0.2791 0.1684 0.4420 0.1105 
     D237323  2 0.3071 0.5727 0.0822 0.0380 
     D237324  2 0.0429 0.4695 0.3693 0.1183 
     D237325  2 0.2875 0.5014 0.1092 0.1020 
     D237326  2 0.1373 0.5690 0.0687 0.2250 
     D237327  2 0.0798 0.1212 0.6282 0.1708 
     D237337  2 0.1266 0.7544 0.0470 0.0720 
     D237338  2 0.2350 0.4301 0.2007 0.1341 
     D237339  2 0.0755 0.0709 0.3322 0.5214 
     D237340  2 0.4030 0.2770 0.2637 0.0562 
     D237389  2 0.1410 0.7087 0.0879 0.0624 
     D237390  2 0.4131 0.3950 0.0730 0.1189 
     D244017  2 0.5354 0.1088 0.2890 0.0667 
     D244112  2 0.0652 0.1260 0.7715 0.0372 
     D244118  2 0.0550 0.3107 0.5894 0.0449 
     D244119  2 0.4922 0.0562 0.3982 0.0534 
     D244120  2 0.3358 0.0988 0.5269 0.0385 
     D244122  2 0.1362 0.1004 0.6894 0.0741 
        D291  2 0.0949 0.1852 0.5716 0.1483 
        D292  2 0.1489 0.0764 0.4725 0.3022 
        D293  2 0.0243 0.0352 0.5328 0.4077 
        D322  2 0.0491 0.0819 0.4164 0.4526 
        D323  2 0.2881 0.1316 0.2806 0.2998 
        D324  2 0.1202 0.2176 0.2741 0.3880 
        D325  2 0.0241 0.0529 0.8144 0.1087 
        D326  2 0.0581 0.0394 0.0591 0.8434 
        D340  2 0.0324 0.0440 0.8764 0.0472 
        D341  2 0.0632 0.0664 0.7989 0.0715 
        D342  2 0.0772 0.2194 0.6443 0.0591 
        D343  2 0.0185 0.0224 0.9122 0.0468 
        D344  2 0.1849 0.1207 0.1157 0.5787 
        D345  2 0.0674 0.1648 0.0772 0.6906 
        D346  2 0.5369 0.0736 0.2176 0.1719 
        D351  2 0.0544 0.1559 0.1559 0.6338 
        D352  2 0.2788 0.1978 0.2251 0.2984 
        D353  2 0.0623 0.0464 0.0873 0.8041 
        D354  2 0.2832 0.1379 0.0566 0.5224 
        D362  2 0.0992 0.1150 0.0633 0.7225 
        D363  2 0.1065 0.0680 0.0638 0.7617 
        D364  2 0.1220 0.0916 0.0622 0.7242 
        D365  2 0.0371 0.0282 0.8605 0.0742 
        D369  2 0.1713 0.1454 0.2723 0.4111 
        D374  2 0.8950 0.0320 0.0389 0.0341 
        D375  2 0.2465 0.2333 0.0745 0.4457 
        D376  2 0.8191 0.0599 0.0783 0.0428 
        D377  2 0.4419 0.2813 0.1459 0.1309 
        D378  2 0.0373 0.0798 0.2486 0.6342 
        D379  2 0.0783 0.0502 0.0604 0.8111 
        D384  2 0.0679 0.0381 0.0425 0.8516 
        D385  2 0.0754 0.0437 0.8287 0.0522 
        D386  2 0.0735 0.0861 0.0747 0.7657 
        D391  2 0.0431 0.0407 0.7885 0.1277 
        D392  2 0.0993 0.1273 0.6380 0.1354 
        D393  2 0.0364 0.0704 0.1714 0.7218 
        D394  2 0.1632 0.4248 0.1404 0.2715 
        D395  2 0.0884 0.1150 0.6373 0.1593 
        D401  2 0.1396 0.7573 0.0595 0.0436 
        D402  2 0.0429 0.0377 0.8473 0.0722 
        D403  2 0.1043 0.2705 0.1075 0.5177 
        D415  2 0.0471 0.1695 0.0457 0.7376 
        D435  2 0.0332 0.0930 0.2937 0.5801 
        D436  2 0.3435 0.1237 0.0861 0.4467 
        D438  2 0.0544 0.0406 0.8565 0.0485 
        D439  2 0.0507 0.1999 0.1927 0.5566 
        D449  2 0.0534 0.1120 0.5686 0.2659 
        D450  2 0.3990 0.1659 0.0822 0.3530 
        D456  2 0.0340 0.0484 0.0318 0.8859 
        D462  2 0.0278 0.0431 0.7920 0.1371 
        D463  2 0.0514 0.0364 0.0307 0.8815 
        D464  2 0.2339 0.0781 0.1479 0.5401 
        D465  2 0.0781 0.1779 0.3985 0.3454 
        D473  2 0.6806 0.1478 0.0953 0.0763 
        D474  2 0.0665 0.0926 0.2052 0.6357 
        D476  2 0.0423 0.5381 0.2062 0.2135 
        D477  2 0.1222 0.0798 0.0958 0.7021 
        D478  2 0.3486 0.2976 0.1320 0.2217 
        D480  2 0.1106 0.0564 0.2379 0.5952 
        D481  2 0.1539 0.1501 0.1322 0.5638 
        D482  2 0.4041 0.1849 0.2729 0.1382 
        D483  2 0.0931 0.0490 0.8100 0.0480 
        D484  2 0.3764 0.1314 0.3145 0.1777 
        D510  2 0.7979 0.0557 0.0922 0.0542 
        D511  2 0.0501 0.0809 0.1300 0.7389 
        D512  2 0.0716 0.6591 0.1982 0.0711 
        D513  2 0.1070 0.1169 0.5825 0.1936 
        D635  2 0.0572 0.2089 0.0756 0.6583 
        D636  2 0.0502 0.8304 0.0393 0.0801 
        D637  2 0.2761 0.1153 0.4461 0.1626 
        D658  2 0.2570 0.1015 0.5708 0.0706 
        D659  2 0.0491 0.0629 0.0715 0.8164 
        D677  2 0.1036 0.2846 0.2186 0.3933 
        D678  2 0.1059 0.1135 0.7154 0.0652 
        D679  2 0.1072 0.0670 0.1721 0.6538 
        D719  2 0.3036 0.0406 0.2599 0.3958 
        D720  2 0.1183 0.0810 0.0735 0.7273 
        D721  2 0.0649 0.4420 0.1806 0.3125 
        D722  2 0.8279 0.0527 0.0723 0.0472 
        D734  2 0.4245 0.0429 0.3158 0.2168 
        D735  2 0.1320 0.1130 0.1857 0.5694 
        D736  2 0.3149 0.1115 0.2874 0.2862 
        D737  2 0.1477 0.1252 0.6470 0.0801 
        D807  2 0.3023 0.0986 0.1818 0.4173 
        D808  2 0.0852 0.4070 0.2722 0.2356 
        D817  2 0.2300 0.1033 0.0757 0.5910 
        D818  2 0.0784 0.1805 0.5507 0.1904 
        D819  2 0.1565 0.2620 0.1069 0.4746 
        D820  2 0.0517 0.0412 0.0593 0.8478 
        D895  2 0.0876 0.1416 0.0842 0.6867 
        D896  2 0.1348 0.7781 0.0352 0.0519 
        D897  2 0.0767 0.1276 0.7124 0.0833 
        D898  2 0.3378 0.2776 0.1702 0.2144 
        D918  2 0.1640 0.4098 0.2856 0.1406 
        D919  2 0.0624 0.0971 0.3176 0.5228 
        D920  2 0.0869 0.7924 0.0563 0.0644 
        D923  2 0.0514 0.0541 0.0515 0.8429 
        D930  2 0.2491 0.1313 0.1017 0.5180 
        D931  2 0.1450 0.0828 0.2124 0.5597 
        D968  2 0.0321 0.0348 0.8747 0.0584 
        D969  2 0.0857 0.0675 0.3406 0.5062 
        D977  2 0.0488 0.0908 0.7720 0.0884 
        D978  2 0.1425 0.0783 0.6698 0.1094 
        D211  3 0.0778 0.6553 0.1013 0.1656 
     D229639  3 0.1572 0.0619 0.6739 0.1069 
     D237212  3 0.1056 0.2109 0.3595 0.3241 
     D237213  3 0.1141 0.4776 0.1213 0.2870 
     D237214  3 0.1005 0.7573 0.0402 0.1020 
     D237215  3 0.2214 0.0403 0.7027 0.0357 
     D237216  3 0.1112 0.4759 0.2013 0.2116 
     D237217  3 0.0368 0.6356 0.0988 0.2288 
     D237218  3 0.0727 0.1405 0.4422 0.3446 
     D237219  3 0.2956 0.4653 0.1611 0.0781 
     D237382  3 0.4236 0.2633 0.1198 0.1934 
     D244127  3 0.0915 0.6632 0.1710 0.0743 
     D244129  3 0.1128 0.3377 0.1916 0.3579 
     D244133  3 0.4327 0.1935 0.2509 0.1228 
     D244134  3 0.2627 0.1678 0.4273 0.1422 
     D244135  3 0.0549 0.7357 0.0979 0.1116 
     D244136  3 0.4279 0.1181 0.1806 0.2734 
        D416  3 0.0983 0.2498 0.3274 0.3245 
        D417  3 0.1022 0.1510 0.0595 0.6873 
        D419  3 0.1949 0.2539 0.2616 0.2895 
        D565  3 0.7167 0.0481 0.0649 0.1703 
        D566  3 0.3473 0.0718 0.4636 0.1173 
        D567  3 0.0712 0.1171 0.0642 0.7474 
        D568  3 0.0602 0.2636 0.2017 0.4744 
        D569  3 0.1469 0.2426 0.3844 0.2261 
        D573  3 0.0436 0.0545 0.6775 0.2244 
        D574  3 0.6358 0.1478 0.1122 0.1042 
        D575  3 0.2875 0.2769 0.1715 0.2641 
        D576  3 0.1167 0.0570 0.8022 0.0240 
        D577  3 0.1161 0.1492 0.0642 0.6705 
        D578  3 0.0437 0.8769 0.0483 0.0311 
        D579  3 0.2244 0.1155 0.2247 0.4354 
        D660  3 0.1043 0.2757 0.5569 0.0631 
        D661  3 0.0481 0.1241 0.7128 0.1151 
        D663  3 0.0898 0.0529 0.7603 0.0970 
        D664  3 0.3504 0.4016 0.1936 0.0544 
        D665  3 0.0729 0.7004 0.1525 0.0742 
        D666  3 0.3337 0.3136 0.1256 0.2271 
        D009  4 0.1009 0.4901 0.0830 0.3261 
        D057  4 0.0938 0.2358 0.4964 0.1739 
        D109  4 0.1521 0.6740 0.0596 0.1142 
     D237222  4 0.2392 0.5870 0.0782 0.0956 
     D237223  4 0.2393 0.5043 0.1638 0.0926 
     D237224  4 0.1105 0.0987 0.3594 0.4314 
     D237225  4 0.1141 0.3472 0.1338 0.4049 
     D237299  4 0.1151 0.6569 0.1846 0.0433 
     D237300  4 0.0944 0.0605 0.7946 0.0505 
     D237306  4 0.7019 0.1040 0.0686 0.1255 
     D237307  4 0.3864 0.1228 0.1730 0.3178 
     D237308  4 0.2016 0.1225 0.5206 0.1553 
     D237309  4 0.0945 0.3402 0.1268 0.4384 
     D237317  4 0.5235 0.1093 0.0899 0.2773 
     D237318  4 0.0539 0.0406 0.8542 0.0513 
     D237319  4 0.2195 0.4729 0.1408 0.1669 
     D237320  4 0.0928 0.4334 0.3064 0.1674 
     D237321  4 0.1270 0.0783 0.6911 0.1035 
     D237397  4 0.3882 0.2188 0.2804 0.1126 
     D237398  4 0.0471 0.0941 0.6752 0.1835 
     D237399  4 0.2457 0.1752 0.2896 0.2896 
     D244001  4 0.1332 0.6170 0.1351 0.1147 
        D289  4 0.2354 0.1059 0.2871 0.3717 
        D290  4 0.3840 0.1487 0.2923 0.1749 
        D294  4 0.2292 0.1533 0.2477 0.3698 
        D295  4 0.2126 0.1749 0.0930 0.5195 
        D301  4 0.1405 0.6534 0.1597 0.0463 
        D302  4 0.0867 0.0733 0.0599 0.7800 
        D303  4 0.7387 0.0823 0.0920 0.0869 
        D304  4 0.4304 0.0809 0.2985 0.1901 
        D305  4 0.0691 0.2816 0.3722 0.2770 
        D306  4 0.5708 0.1686 0.1178 0.1427 
        D307  4 0.1271 0.7434 0.0837 0.0459 
        D327  4 0.1712 0.0853 0.1312 0.6123 
        D328  4 0.7419 0.0892 0.0691 0.0998 
        D329  4 0.1457 0.1901 0.3933 0.2709 
        D330  4 0.0769 0.3809 0.0765 0.4658 
        D331  4 0.3133 0.1896 0.2676 0.2295 
        D333  4 0.3788 0.1728 0.2416 0.2067 
        D334  4 0.5687 0.1284 0.0777 0.2252 
        D335  4 0.1294 0.0516 0.0769 0.7421 
        D370  4 0.6290 0.1691 0.0844 0.1175 
        D371  4 0.7165 0.0419 0.0713 0.1702 
        D372  4 0.0992 0.0606 0.8026 0.0376 
        D373  4 0.0565 0.6377 0.2263 0.0795 
        D455  4 0.0877 0.6830 0.1439 0.0853 
        D490  4 0.0606 0.8547 0.0321 0.0525 
        D497  4 0.0640 0.8195 0.0629 0.0535 
        D498  4 0.5117 0.1711 0.2018 0.1153 
        D499  4 0.2331 0.1249 0.5242 0.1178 
        D514  4 0.1212 0.1545 0.0960 0.6284 
        D515  4 0.1492 0.6269 0.0977 0.1262 
        D516  4 0.2541 0.3258 0.1657 0.2544 
        D517  4 0.0547 0.6960 0.1341 0.1152 
        D518  4 0.3176 0.2775 0.1474 0.2574 
        D519  4 0.0667 0.6290 0.1907 0.1135 
        D560  4 0.0683 0.4876 0.2524 0.1916 
        D561  4 0.0397 0.6157 0.1163 0.2283 
        D562  4 0.2694 0.3357 0.2326 0.1622 
        D563  4 0.0652 0.1334 0.6240 0.1773 
        D572  4 0.1802 0.1686 0.1508 0.5004 
        D629  4 0.0899 0.2819 0.0826 0.5456 
        D630  4 0.2527 0.2583 0.1795 0.3095 
        D631  4 0.1768 0.1349 0.4961 0.1922 
        D632  4 0.0665 0.4890 0.2192 0.2253 
        D646  4 0.0798 0.4007 0.1256 0.3940 
        D647  4 0.0604 0.2540 0.1046 0.5810 
        D648  4 0.8177 0.0641 0.0576 0.0606 
        D649  4 0.0675 0.1775 0.0604 0.6946 
        D650  4 0.2835 0.2287 0.1394 0.3485 
        D708  4 0.5995 0.1248 0.1098 0.1658 
        D709  4 0.5431 0.1820 0.1113 0.1636 
        D738  4 0.5923 0.1723 0.0662 0.1693 
        D739  4 0.2302 0.5193 0.1358 0.1147 
        D740  4 0.2279 0.3166 0.3563 0.0992 
        D741  4 0.0705 0.3563 0.2633 0.3099 
        D742  4 0.1534 0.1297 0.6060 0.1109 
        D743  4 0.0631 0.0590 0.1045 0.7733 
        D744  4 0.0679 0.1000 0.2407 0.5913 
        D745  4 0.0653 0.7966 0.0746 0.0635 
        D814  4 0.0965 0.1949 0.6012 0.1074 
        D815  4 0.2032 0.0932 0.1056 0.5979 
        D828  4 0.6648 0.1063 0.1847 0.0442 
        D845  4 0.0721 0.0315 0.8129 0.0836 
        D846  4 0.0544 0.1889 0.3384 0.4184 
        D847  4 0.1697 0.3553 0.2140 0.2610 
        D848  4 0.0527 0.5540 0.3468 0.0465 
        D849  4 0.0857 0.7155 0.0865 0.1123 
        D850  4 0.1436 0.2648 0.2336 0.3580 
        D856  4 0.2054 0.4991 0.1040 0.1914 
        D857  4 0.1478 0.7552 0.0699 0.0271 
        D859  4 0.2112 0.1119 0.2597 0.4172 
        D860  4 0.3190 0.0603 0.3233 0.2974 
        D883  4 0.3017 0.2510 0.0921 0.3552 
        D884  4 0.4374 0.3040 0.0676 0.1911 
        D885  4 0.0679 0.2221 0.4350 0.2750 
        D886  4 0.1024 0.5194 0.1216 0.2566 
        D887  4 0.1958 0.1524 0.4293 0.2224 
        D889  4 0.2059 0.0720 0.5434 0.1787 
        D890  4 0.5627 0.1590 0.1323 0.1460 
        D891  4 0.0284 0.0277 0.9083 0.0356 
        D899  4 0.2311 0.0656 0.6005 0.1029 
        D900  4 0.2577 0.2400 0.1582 0.3441 
        D970  4 0.1406 0.1365 0.2455 0.4774 
        D971  4 0.1155 0.1198 0.4740 0.2907 
        D979  4 0.1235 0.0468 0.0804 0.7492 
        D093  5 0.7266 0.0720 0.1021 0.0994 
        D154  5 0.2251 0.1169 0.5627 0.0953 
        D168  5 0.0810 0.3193 0.4129 0.1868 
        D189  5 0.6037 0.0774 0.2538 0.0651 
        D190  5 0.7645 0.0552 0.0844 0.0959 
     D237220  5 0.1810 0.5252 0.1703 0.1235 
     D237221  5 0.3564 0.1186 0.3058 0.2192 
     D237274  5 0.0533 0.0585 0.0438 0.8444 
     D237275  5 0.0969 0.0748 0.7819 0.0463 
     D237276  5 0.4685 0.2207 0.0948 0.2160 
     D237277  5 0.5114 0.0528 0.3128 0.1230 
     D237278  5 0.2679 0.1837 0.4548 0.0936 
     D237279  5 0.0474 0.7271 0.0682 0.1573 
     D237280  5 0.1526 0.3761 0.0679 0.4034 
     D237281  5 0.0408 0.0429 0.8446 0.0717 
     D237351  5 0.2350 0.5835 0.0886 0.0929 
     D237352  5 0.1757 0.3575 0.1078 0.3590 
     D237353  5 0.7664 0.0493 0.0983 0.0860 
     D237359  5 0.1548 0.4015 0.2657 0.1779 
     D237361  5 0.8449 0.0493 0.0503 0.0556 
     D237362  5 0.3553 0.1325 0.1644 0.3477 
     D237363  5 0.1875 0.2952 0.3968 0.1206 
     D237364  5 0.0672 0.3166 0.3703 0.2459 
     D237376  5 0.8261 0.0502 0.0851 0.0386 
     D237377  5 0.1818 0.2061 0.1021 0.5100 
     D237378  5 0.7355 0.0605 0.1579 0.0462 
     D237379  5 0.6507 0.1300 0.1266 0.0927 
     D237380  5 0.3392 0.5297 0.0387 0.0924 
     D237381  5 0.2119 0.4845 0.1341 0.1694 
     D237391  5 0.5726 0.0955 0.1355 0.1964 
     D237392  5 0.0975 0.0974 0.1494 0.6558 
     D237393  5 0.2316 0.1048 0.1222 0.5415 
     D237394  5 0.7691 0.0597 0.0468 0.1244 
     D237395  5 0.4952 0.2032 0.2076 0.0940 
     D237396  5 0.0930 0.1268 0.1254 0.6548 
     D244016  5 0.4237 0.0988 0.2516 0.2258 
     D244018  5 0.2147 0.1468 0.5392 0.0993 
     D244019  5 0.2326 0.1051 0.2256 0.4366 
        D279  5 0.1198 0.1431 0.6227 0.1144 
        D280  5 0.2342 0.1738 0.2829 0.3091 
        D281  5 0.1303 0.0511 0.7355 0.0830 
        D283  5 0.3990 0.0651 0.1298 0.4062 
        D284  5 0.1335 0.5869 0.1632 0.1164 
        D285  5 0.5294 0.1034 0.1742 0.1930 
        D286  5 0.4835 0.1422 0.1553 0.2189 
        D287  5 0.7910 0.1026 0.0613 0.0450 
        D288  5 0.1990 0.0833 0.3076 0.4101 
        D308  5 0.0571 0.6783 0.0424 0.2223 
        D309  5 0.0673 0.1028 0.0611 0.7689 
        D310  5 0.8543 0.0382 0.0591 0.0484 
        D311  5 0.6257 0.0826 0.1134 0.1783 
        D312  5 0.4775 0.1153 0.1187 0.2885 
        D313  5 0.0559 0.8814 0.0293 0.0335 
        D314  5 0.3098 0.2417 0.3712 0.0773 
        D315  5 0.3921 0.1370 0.1116 0.3594 
        D317  5 0.8199 0.0459 0.0548 0.0795 
        D318  5 0.2085 0.2555 0.2307 0.3053 
        D319  5 0.8092 0.0591 0.0713 0.0605 
        D320  5 0.7545 0.0785 0.0803 0.0867 
        D321  5 0.1046 0.5776 0.1296 0.1882 
        D336  5 0.8793 0.0328 0.0383 0.0495 
        D337  5 0.8274 0.0275 0.0752 0.0700 
        D338  5 0.1699 0.2751 0.2941 0.2608 
        D339  5 0.6901 0.0760 0.1608 0.0730 
        D347  5 0.4521 0.0751 0.1672 0.3056 
        D348  5 0.8187 0.0369 0.0710 0.0734 
        D349  5 0.1363 0.6942 0.0775 0.0920 
        D350  5 0.1012 0.0914 0.1588 0.6485 
        D355  5 0.0969 0.0626 0.5797 0.2608 
        D356  5 0.3739 0.1396 0.0779 0.4086 
        D357  5 0.4398 0.1921 0.1967 0.1714 
        D358  5 0.5159 0.1329 0.1169 0.2343 
        D359  5 0.3572 0.0475 0.0413 0.5540 
        D360  5 0.5150 0.1645 0.0717 0.2488 
        D361  5 0.0699 0.7953 0.0484 0.0865 
        D366  5 0.0601 0.0964 0.2990 0.5445 
        D367  5 0.8055 0.0784 0.0634 0.0527 
        D368  5 0.3349 0.3461 0.1060 0.2130 
        D380  5 0.0762 0.1461 0.1521 0.6256 
        D381  5 0.5335 0.0991 0.1740 0.1934 
        D400  5 0.5201 0.0807 0.2719 0.1273 
        D411  5 0.0408 0.8751 0.0478 0.0362 
        D412  5 0.2763 0.2058 0.3372 0.1806 
        D413  5 0.0561 0.0912 0.6983 0.1544 
        D414  5 0.1191 0.1023 0.5560 0.2225 
        D420  5 0.1724 0.4950 0.2546 0.0780 
        D431  5 0.3644 0.2352 0.3384 0.0619 
        D432  5 0.5124 0.1375 0.2079 0.1422 
        D433  5 0.6429 0.0731 0.1731 0.1110 
        D434  5 0.5555 0.1146 0.1012 0.2286 
        D440  5 0.0978 0.1411 0.1116 0.6495 
        D447  5 0.0793 0.1985 0.1205 0.6016 
        D448  5 0.8053 0.0402 0.0833 0.0712 
        D459  5 0.0664 0.0488 0.7635 0.1213 
        D460  5 0.0905 0.5914 0.0554 0.2627 
        D461  5 0.0602 0.0414 0.0616 0.8368 
        D468  5 0.5031 0.1641 0.0959 0.2368 
        D469  5 0.1629 0.1993 0.0889 0.5489 
        D470  5 0.3897 0.3432 0.1088 0.1583 
        D471  5 0.7400 0.0381 0.1304 0.0915 
        D472  5 0.0402 0.0453 0.1809 0.7336 
        D479  5 0.1253 0.0723 0.7207 0.0817 
        D485  5 0.5447 0.1722 0.1488 0.1343 
        D486  5 0.4642 0.2752 0.0850 0.1757 
        D487  5 0.3268 0.0796 0.5171 0.0766 
        D555  5 0.7753 0.0463 0.1154 0.0630 
        D556  5 0.3698 0.1189 0.3400 0.1713 
        D557  5 0.7628 0.0372 0.0910 0.1090 
        D564  5 0.4557 0.2034 0.0995 0.2415 
        D594  5 0.4063 0.1357 0.1517 0.3064 
        D595  5 0.4142 0.1119 0.1701 0.3038 
        D596  5 0.8377 0.0412 0.0684 0.0527 
        D597  5 0.2647 0.0612 0.3868 0.2873 
        D598  5 0.4992 0.1596 0.1455 0.1958 
        D617  5 0.0650 0.6934 0.1906 0.0510 
        D618  5 0.4275 0.0854 0.2867 0.2004 
        D619  5 0.3403 0.2254 0.0915 0.3428 
        D620  5 0.0428 0.0454 0.8275 0.0844 
        D628  5 0.3468 0.2093 0.1567 0.2872 
        D714  5 0.5369 0.0864 0.3159 0.0608 
        D715  5 0.4530 0.0622 0.1998 0.2849 
        D716  5 0.4563 0.0978 0.2584 0.1875 
        D717  5 0.1838 0.1682 0.1202 0.5277 
        D718  5 0.5124 0.2982 0.1342 0.0552 
        D769  5 0.0989 0.6456 0.1823 0.0731 
        D770  5 0.3339 0.0949 0.4540 0.1172 
        D771  5 0.2772 0.2057 0.3804 0.1367 
        D772  5 0.5626 0.0927 0.1208 0.2239 
        D782  5 0.0821 0.5026 0.2869 0.1284 
        D783  5 0.2444 0.0845 0.5622 0.1090 
        D784  5 0.0987 0.0830 0.1142 0.7040 
        D785  5 0.7101 0.1069 0.0555 0.1275 
        D786  5 0.0949 0.5053 0.0922 0.3076 
        D821  5 0.8585 0.0313 0.0574 0.0527 
        D822  5 0.2465 0.0700 0.1146 0.5689 
        D826  5 0.3450 0.0829 0.4357 0.1365 
        D827  5 0.1476 0.1177 0.1521 0.5826 
        D851  5 0.2785 0.2033 0.1989 0.3193 
        D852  5 0.2594 0.1198 0.5158 0.1050 
        D853  5 0.4956 0.1237 0.1881 0.1926 
        D854  5 0.1504 0.2192 0.3531 0.2773 
        D861  5 0.3370 0.1887 0.3304 0.1439 
        D862  5 0.5186 0.0908 0.0566 0.3341 
        D865  5 0.7319 0.0702 0.1183 0.0796 
        D868  5 0.1194 0.0875 0.0897 0.7035 
        D869  5 0.0946 0.7850 0.0482 0.0722 
        D870  5 0.0510 0.6412 0.1639 0.1439 
        D907  5 0.7327 0.1133 0.0819 0.0721 
        D908  5 0.3068 0.0820 0.5402 0.0710 
        D910  5 0.5357 0.0507 0.2953 0.1183 
        D911  5 0.0916 0.0649 0.6924 0.1512 
        D934  5 0.2126 0.1100 0.5230 0.1545 
        D946  5 0.2989 0.1942 0.4153 0.0916 
        D947  5 0.1531 0.1979 0.2037 0.4453 
        D948  5 0.1679 0.5928 0.0568 0.1825 
        D949  5 0.1745 0.6056 0.0543 0.1655 
        D950  5 0.0704 0.0437 0.7439 0.1420 
        D951  5 0.2172 0.1274 0.0758 0.5796 
        D952  5 0.1412 0.0649 0.1081 0.6858 
        D953  5 0.5566 0.0942 0.1134 0.2358 
        D954  5 0.3045 0.0808 0.0758 0.5389 
        D961  5 0.6696 0.1466 0.1099 0.0740 
        D962  5 0.7992 0.0504 0.0350 0.1154 
        D963  5 0.3663 0.0692 0.1505 0.4140 
        D964  5 0.2056 0.3732 0.2863 0.1348 
        D965  5 0.4010 0.1858 0.2237 0.1894 
        D966  5 0.3295 0.0589 0.2943 0.3173 
        D967  5 0.2561 0.1959 0.3988 0.1492 
        D991  5 0.3865 0.3105 0.0917 0.2114 
        D502  6 0.1171 0.4096 0.3674 0.1060 
        D503  6 0.0860 0.3492 0.4952 0.0697 
        D504  6 0.1477 0.1429 0.1607 0.5488 
        D505  6 0.3502 0.1522 0.2816 0.2160 
        D506  6 0.8341 0.0612 0.0400 0.0647 
        D507  6 0.1507 0.2623 0.4177 0.1693 
        D508  6 0.1761 0.1398 0.2308 0.4533 
        D529  6 0.2795 0.3294 0.1551 0.2360 
        D530  6 0.6702 0.1728 0.0977 0.0594 
        D531  6 0.3164 0.1507 0.1886 0.3443 
        D532  6 0.5233 0.0960 0.1199 0.2608 
        D534  6 0.0506 0.7439 0.0780 0.1274 
        D535  6 0.5784 0.1005 0.0683 0.2528 
        D536  6 0.0491 0.1832 0.7157 0.0520 
        D554  6 0.6587 0.1739 0.0723 0.0951 
        D587  6 0.6274 0.0813 0.1136 0.1778 
        D588  6 0.4687 0.1031 0.1108 0.3175 
        D589  6 0.1787 0.1399 0.5872 0.0941 
        D590  6 0.1077 0.0918 0.7157 0.0848 
        D591  6 0.1864 0.2020 0.4012 0.2104 
        D592  6 0.1147 0.6634 0.1143 0.1076 
        D593  6 0.7732 0.0852 0.0972 0.0444 
        D682  6 0.7624 0.0831 0.0797 0.0749 
        D683  6 0.1162 0.0940 0.0548 0.7349 
        D684  6 0.0348 0.4808 0.3668 0.1176 
        D685  6 0.2264 0.3553 0.3695 0.0488 
        D686  6 0.8252 0.0627 0.0597 0.0524 
        D724  6 0.1038 0.3077 0.2181 0.3704 
        D725  6 0.4372 0.1624 0.3012 0.0993 
        D726  6 0.8066 0.0604 0.0542 0.0788 
        D727  6 0.1947 0.1596 0.4217 0.2241 
        D728  6 0.7495 0.0866 0.0667 0.0972 
        D729  6 0.0565 0.4935 0.1727 0.2773 
        D730  6 0.0966 0.3513 0.3074 0.2446 
        D731  6 0.5614 0.0411 0.3588 0.0387 
        D732  6 0.1812 0.1513 0.1425 0.5250 
        D733  6 0.2856 0.2751 0.1702 0.2691 
     D237251  7 0.1912 0.1001 0.6084 0.1003 
     D237252  7 0.0788 0.5349 0.2865 0.0998 
     D237253  7 0.3374 0.1120 0.4482 0.1024 
     D237254  7 0.0379 0.8585 0.0572 0.0464 
     D237255  7 0.1016 0.0552 0.7790 0.0642 
     D237256  7 0.1751 0.0892 0.5401 0.1956 
     D237257  7 0.1286 0.6192 0.1485 0.1037 
     D237282  7 0.0635 0.1442 0.1051 0.6871 
     D237283  7 0.0541 0.8169 0.0993 0.0297 
     D237284  7 0.0464 0.7817 0.0604 0.1115 
     D237285  7 0.5700 0.1174 0.2048 0.1078 
     D237286  7 0.2662 0.1567 0.2024 0.3748 
     D237287  7 0.1019 0.1311 0.5299 0.2371 
     D244006  7 0.0438 0.8516 0.0467 0.0578 
     D244007  7 0.0892 0.1978 0.4573 0.2556 
     D244008  7 0.0946 0.7791 0.0678 0.0585 
     D244009  7 0.1810 0.5330 0.0754 0.2106 
     D244010  7 0.1179 0.5859 0.1969 0.0994 
     D244011  7 0.4024 0.2236 0.2776 0.0963 
     D244012  7 0.1175 0.2859 0.4157 0.1809 
     D244013  7 0.2277 0.1106 0.4763 0.1854 
     D244014  7 0.1294 0.3863 0.3632 0.1211 
     D244015  7 0.0938 0.5813 0.1326 0.1923 
     D244125  7 0.2458 0.0851 0.3501 0.3190 
     D244126  7 0.0315 0.8729 0.0391 0.0565 
     D244130  7 0.2437 0.4019 0.2035 0.1508 
     D244131  7 0.2188 0.2171 0.1525 0.4117 
     D244132  7 0.4019 0.0759 0.0654 0.4568 
        D520  7 0.3746 0.4427 0.0795 0.1032 
        D521  7 0.2921 0.2709 0.1903 0.2467 
        D522  7 0.1060 0.4526 0.0962 0.3452 
        D523  7 0.1171 0.0820 0.7189 0.0820 
        D524  7 0.2440 0.1790 0.4168 0.1602 
        D525  7 0.0644 0.4965 0.3587 0.0805 
        D526  7 0.0390 0.8046 0.0632 0.0932 
        D527  7 0.1491 0.1974 0.1940 0.4596 
        D528  7 0.0762 0.8185 0.0324 0.0729 
        D558  7 0.0720 0.2064 0.1864 0.5351 
        D559  7 0.0528 0.1640 0.2283 0.5549 
        D640  7 0.3592 0.1202 0.2824 0.2382 
        D641  7 0.4415 0.2164 0.2729 0.0692 
        D642  7 0.1297 0.5291 0.2312 0.1100 
        D644  7 0.3939 0.2985 0.1593 0.1483 
        D645  7 0.2415 0.2144 0.3909 0.1532 
        D662  7 0.1726 0.4400 0.0426 0.3448 
        D687  7 0.1632 0.1564 0.3755 0.3049 
        D688  7 0.0826 0.2517 0.1952 0.4704 
        D689  7 0.2373 0.1340 0.2783 0.3504 
        D700  7 0.0805 0.7480 0.0562 0.1153 
        D797  7 0.2809 0.1478 0.2284 0.3429 
        D798  7 0.0838 0.6378 0.0762 0.2022 
        D799  7 0.0742 0.2460 0.5410 0.1387 
        D800  7 0.0603 0.1641 0.1821 0.5935 
        D132  8 0.0774 0.7976 0.0464 0.0786 
        D133  8 0.0339 0.0975 0.8325 0.0361 
        D200  8 0.3627 0.1717 0.3671 0.0984 
        D500  8 0.0586 0.8459 0.0347 0.0608 
        D614  8 0.5801 0.1778 0.0828 0.1594 
        D723  8 0.1205 0.2908 0.1692 0.4196 
        D888  8 0.0608 0.0499 0.8077 0.0816 
        D901  8 0.1710 0.5980 0.1814 0.0496 
        D902  8 0.7558 0.0996 0.0647 0.0799 
        D903  8 0.2121 0.0592 0.1120 0.6167 
        D904  8 0.1485 0.2102 0.1549 0.4864 
        D905  8 0.2169 0.0405 0.7106 0.0320 
        D906  8 0.0609 0.1402 0.6443 0.1546 
        D937  8 0.8410 0.0656 0.0618 0.0316 
        D943  8 0.1010 0.5126 0.2119 0.1745 
        D972  8 0.1483 0.4754 0.1156 0.2606 
        D973  8 0.1031 0.1640 0.0504 0.6825 
        D974  8 0.3615 0.2861 0.1759 0.1765 
        D975  8 0.4817 0.1711 0.2511 0.0961 
        D976  8 0.3646 0.3109 0.2407 0.0839 
        D201  9 0.1184 0.2100 0.4877 0.1839 
        D202  9 0.2886 0.2496 0.4031 0.0588 
     D237259  9 0.0519 0.4378 0.1424 0.3679 
     D237260  9 0.1191 0.2942 0.5427 0.0440 
     D237262  9 0.0608 0.8088 0.0508 0.0796 
     D237263  9 0.0685 0.5718 0.2503 0.1094 
     D237264  9 0.2515 0.3790 0.2240 0.1455 
     D237265  9 0.0897 0.1288 0.7351 0.0464 
     D237266  9 0.0583 0.2428 0.5784 0.1205 
     D237267  9 0.4805 0.3017 0.1472 0.0706 
     D237268  9 0.1532 0.5980 0.0883 0.1605 
     D237289  9 0.3423 0.1232 0.4757 0.0587 
     D237290  9 0.0406 0.0676 0.8395 0.0523 
     D237291  9 0.1144 0.1249 0.6806 0.0801 
     D237292  9 0.0683 0.3512 0.5227 0.0578 
     D237293  9 0.3347 0.3031 0.1606 0.2016 
     D237294  9 0.1651 0.5725 0.2110 0.0514 
     D237295  9 0.2420 0.3141 0.0804 0.3636 
     D237296  9 0.1845 0.4006 0.2711 0.1439 
     D237297  9 0.7370 0.0747 0.1001 0.0881 
     D237298  9 0.1234 0.2119 0.2763 0.3885 
     D237341  9 0.0876 0.1847 0.4831 0.2445 
     D237342  9 0.1823 0.6123 0.1209 0.0845 
     D237343  9 0.0825 0.4353 0.3464 0.1358 
     D237344  9 0.5518 0.1491 0.2104 0.0887 
     D237345  9 0.0390 0.8103 0.0733 0.0773 
     D237346  9 0.1599 0.1746 0.5786 0.0869 
     D237347  9 0.4457 0.1156 0.3045 0.1342 
     D237348  9 0.2456 0.3556 0.2409 0.1579 
     D237349  9 0.0444 0.2227 0.3421 0.3909 
     D244109  9 0.0332 0.2544 0.5759 0.1365 
     D244110  9 0.0652 0.1313 0.7043 0.0992 
     D244111  9 0.2047 0.2358 0.3597 0.1997 
     D244128  9 0.0735 0.7573 0.0994 0.0697 
     D244137  9 0.0927 0.1895 0.1163 0.6016 
     D244138  9 0.2803 0.2124 0.4302 0.0771 
        D580  9 0.1321 0.7293 0.0647 0.0738 
        D581  9 0.0507 0.1061 0.7928 0.0504 
        D582  9 0.0499 0.8774 0.0341 0.0385 
        D583  9 0.0546 0.1341 0.7643 0.0470 
        D584  9 0.5828 0.2728 0.0880 0.0563 
        D585  9 0.0467 0.6027 0.2808 0.0698 
        D586  9 0.1002 0.0565 0.7741 0.0691 
        D651  9 0.1582 0.1068 0.1670 0.5679 
        D652  9 0.0467 0.4293 0.1645 0.3595 
        D653  9 0.0830 0.0952 0.4849 0.3369 
        D654  9 0.0626 0.1856 0.3462 0.4057 
        D655  9 0.2371 0.1235 0.4233 0.2160 
        D656  9 0.0961 0.7580 0.0592 0.0867 
        D657  9 0.2016 0.4215 0.2179 0.1590 
        D667  9 0.4713 0.1179 0.2865 0.1244 
        D668  9 0.1823 0.4456 0.2686 0.1036 
        D669  9 0.1065 0.1743 0.5896 0.1297 
        D670  9 0.0943 0.1420 0.0824 0.6813 
        D671  9 0.0864 0.1551 0.6687 0.0898 
        D672  9 0.0821 0.7161 0.1276 0.0742 
        D673  9 0.4024 0.2646 0.1356 0.1975 
        D692  9 0.0733 0.5647 0.2827 0.0793 
        D693  9 0.3306 0.2892 0.1668 0.2134 
        D694  9 0.0911 0.7906 0.0714 0.0470 
        D695  9 0.1060 0.4170 0.1117 0.3653 
        D696  9 0.8706 0.0350 0.0524 0.0420 
        D697  9 0.4020 0.1268 0.2697 0.2015 
        D698  9 0.3622 0.1221 0.4450 0.0706 
        D699  9 0.6773 0.1286 0.1431 0.0509 
        D787  9 0.0567 0.3140 0.1825 0.4468 
        D788  9 0.7005 0.1477 0.0575 0.0943 
        D789  9 0.4199 0.3062 0.2095 0.0644 
        D790  9 0.1246 0.2836 0.3177 0.2742 
        D791  9 0.2459 0.1262 0.5681 0.0598 
        D792  9 0.0670 0.2054 0.2527 0.4749 
        D793  9 0.4130 0.0767 0.1841 0.3263 
        D794  9 0.3295 0.1148 0.1973 0.3584 
        D795  9 0.2088 0.6663 0.0866 0.0383 
        D796  9 0.1422 0.1586 0.6101 0.0891 
        D142 10 0.5403 0.0884 0.2068 0.1645 
        D143 10 0.1531 0.0749 0.6903 0.0817 
        D144 10 0.2989 0.2749 0.1440 0.2822 
        D145 10 0.0683 0.0816 0.7615 0.0886 
        D146 10 0.2022 0.6469 0.0569 0.0941 
        D147 10 0.2051 0.4726 0.1525 0.1697 
        D148 10 0.1637 0.4170 0.1875 0.2318 
        D149 10 0.0605 0.0915 0.7336 0.1144 
        D151 10 0.1092 0.5540 0.2711 0.0657 
        D152 10 0.0342 0.0484 0.8797 0.0377 
        D153 10 0.2843 0.1262 0.0643 0.5252 
        D156 10 0.1140 0.0581 0.1171 0.7108 
        D157 10 0.6511 0.1810 0.0849 0.0830 
        D158 10 0.3832 0.2466 0.3187 0.0516 
        D159 10 0.0540 0.0397 0.8382 0.0680 
        D160 10 0.2598 0.0536 0.6539 0.0327 
        D161 10 0.2174 0.1575 0.2053 0.4198 
        D162 10 0.1800 0.0534 0.2374 0.5293 
        D169 10 0.0554 0.7639 0.1006 0.0800 
        D170 10 0.1783 0.6075 0.0756 0.1387 
        D171 10 0.6478 0.1305 0.0811 0.1406 
        D172 10 0.2124 0.2292 0.2150 0.3434 
        D173 10 0.0299 0.0804 0.7785 0.1112 
        D181 10 0.5599 0.0845 0.1689 0.1868 
        D182 10 0.0793 0.2604 0.4285 0.2318 
        D183 10 0.7616 0.0920 0.0672 0.0792 
        D184 10 0.0370 0.8011 0.0320 0.1300 
        D185 10 0.1326 0.2564 0.1049 0.5060 
        D186 10 0.0552 0.7861 0.1109 0.0477 
        D194 10 0.1666 0.5324 0.1012 0.1998 
        D195 10 0.2568 0.0734 0.4201 0.2497 
        D196 10 0.1451 0.0593 0.3487 0.4469 
        D197 10 0.0950 0.6277 0.2338 0.0435 
        D198 10 0.1905 0.3062 0.0702 0.4331 
     D237226 10 0.0473 0.2134 0.6175 0.1217 
     D237232 10 0.3690 0.1518 0.4034 0.0758 
     D237233 10 0.2248 0.1103 0.5885 0.0764 
     D237234 10 0.5071 0.1392 0.1852 0.1686 
     D237354 10 0.0432 0.0353 0.8678 0.0536 
     D237355 10 0.1050 0.0905 0.7269 0.0776 
     D237356 10 0.3830 0.1622 0.0638 0.3909 
     D237357 10 0.1344 0.3281 0.4449 0.0926 
     D237358 10 0.0950 0.3300 0.1913 0.3837 
     D237369 10 0.0468 0.7853 0.0766 0.0912 
     D237370 10 0.7515 0.0821 0.1054 0.0609 
     D237371 10 0.0868 0.2392 0.1018 0.5722 
     D237372 10 0.0640 0.3980 0.4463 0.0917 
     D237373 10 0.4396 0.0913 0.3899 0.0793 
     D237374 10 0.1782 0.0534 0.7161 0.0522 
     D237375 10 0.1397 0.2193 0.3743 0.2667 
     D237400 10 0.0611 0.0289 0.8673 0.0426 
     D244002 10 0.0605 0.6637 0.1334 0.1424 
     D244003 10 0.4035 0.0747 0.4907 0.0311 
     D244004 10 0.8748 0.0501 0.0462 0.0290 
     D244005 10 0.0577 0.2408 0.6307 0.0709 
     D244020 10 0.3877 0.1425 0.1414 0.3284 
     D244021 10 0.1359 0.4578 0.3243 0.0820 
     D244116 10 0.2223 0.4509 0.1420 0.1848 
     D244117 10 0.4315 0.0766 0.4115 0.0805 
     D244121 10 0.6535 0.1004 0.1930 0.0531 
     D244123 10 0.4723 0.1183 0.3133 0.0960 
     D244124 10 0.2272 0.3785 0.3332 0.0611 
        D332 10 0.1530 0.0742 0.0867 0.6862 
        D570 10 0.6982 0.0790 0.0784 0.1445 
        D602 10 0.0869 0.0628 0.0935 0.7568 
        D603 10 0.4590 0.1962 0.2575 0.0874 
        D604 10 0.1463 0.0727 0.3946 0.3864 
        D605 10 0.0952 0.1832 0.1831 0.5385 
        D606 10 0.3149 0.5432 0.0592 0.0828 
        D607 10 0.0617 0.0611 0.0613 0.8159 
        D608 10 0.0399 0.0309 0.8411 0.0881 
        D609 10 0.5842 0.0882 0.0567 0.2710 
        D610 10 0.3353 0.1886 0.2527 0.2235 
        D611 10 0.9037 0.0293 0.0329 0.0341 
        D613 10 0.2082 0.0756 0.1354 0.5808 
        D633 10 0.0482 0.1179 0.1321 0.7019 
        D634 10 0.5475 0.1793 0.1411 0.1322 
        D638 10 0.0727 0.0436 0.8313 0.0524 
        D681 10 0.6012 0.1963 0.1037 0.0987 
        D754 10 0.4604 0.3956 0.1047 0.0393 
        D755 10 0.4081 0.0482 0.5123 0.0314 
        D756 10 0.6076 0.1704 0.1452 0.0768 
        D757 10 0.1079 0.2519 0.4070 0.2331 
        D758 10 0.2811 0.2865 0.1883 0.2441 
        D759 10 0.3051 0.0801 0.5288 0.0861 
        D760 10 0.3879 0.1202 0.3517 0.1402 
        D761 10 0.0756 0.0354 0.8568 0.0322 
        D762 10 0.0803 0.0879 0.0831 0.7487 
        D775 10 0.6434 0.0816 0.2338 0.0413 
        D776 10 0.0998 0.0710 0.7830 0.0462 
        D777 10 0.4423 0.2160 0.2649 0.0768 
        D778 10 0.0604 0.1793 0.7109 0.0494 
        D779 10 0.5636 0.2225 0.1471 0.0667 
        D780 10 0.1921 0.1069 0.4960 0.2050 
        D781 10 0.1754 0.1298 0.2068 0.4880 
        D858 10 0.0358 0.8351 0.0878 0.0414 
        D933 10 0.1942 0.1051 0.3383 0.3623 
        D038 11 0.1484 0.1478 0.4997 0.2041 
        D063 11 0.4222 0.1065 0.3748 0.0966 
        D155 11 0.3281 0.1201 0.3723 0.1795 
        D175 11 0.6075 0.2486 0.0934 0.0505 
        D176 11 0.2536 0.0895 0.6096 0.0473 
        D205 11 0.7305 0.1678 0.0386 0.0630 
     D237229 11 0.0633 0.3032 0.3377 0.2958 
     D237230 11 0.0602 0.2394 0.1488 0.5515 
     D237231 11 0.0907 0.0594 0.0976 0.7523 
     D237269 11 0.1146 0.1792 0.3876 0.3185 
     D237270 11 0.0537 0.6580 0.1042 0.1840 
     D237271 11 0.5939 0.1366 0.1015 0.1681 
     D237272 11 0.0723 0.2690 0.1386 0.5201 
     D237273 11 0.7045 0.0689 0.1573 0.0693 
     D237301 11 0.1579 0.0490 0.0701 0.7229 
     D237302 11 0.1219 0.4828 0.2039 0.1914 
     D237303 11 0.0529 0.6018 0.1528 0.1925 
     D237304 11 0.2437 0.2606 0.1527 0.3429 
     D237305 11 0.1517 0.6330 0.1394 0.0760 
     D237314 11 0.4374 0.1977 0.2036 0.1613 
     D237315 11 0.0865 0.6271 0.1202 0.1662 
     D237316 11 0.1306 0.0464 0.0481 0.7750 
     D237328 11 0.3093 0.2979 0.0547 0.3381 
     D237329 11 0.1092 0.2805 0.4786 0.1317 
     D237330 11 0.6914 0.0686 0.1684 0.0716 
     D237331 11 0.3881 0.1306 0.2574 0.2238 
     D237332 11 0.2931 0.1543 0.1387 0.4139 
     D237333 11 0.3006 0.0546 0.5596 0.0852 
     D237334 11 0.1022 0.0629 0.0727 0.7622 
     D237335 11 0.4018 0.1934 0.0790 0.3258 
     D237336 11 0.1779 0.1939 0.5234 0.1048 
     D237350 11 0.6817 0.0750 0.1039 0.1393 
     D237383 11 0.1972 0.4377 0.2947 0.0704 
     D237384 11 0.0747 0.2462 0.0973 0.5818 
     D237385 11 0.2548 0.2630 0.1936 0.2886 
     D237386 11 0.1816 0.1231 0.1843 0.5110 
     D237387 11 0.1314 0.1690 0.0471 0.6525 
     D237388 11 0.7693 0.0575 0.0627 0.1105 
        D239 11 0.3682 0.0911 0.3488 0.1920 
        D240 11 0.0717 0.1052 0.7738 0.0493 
        D241 11 0.1424 0.4725 0.1789 0.2062 
        D242 11 0.1215 0.1439 0.2463 0.4883 
        D243 11 0.4042 0.1855 0.2406 0.1697 
        D244 11 0.6500 0.1784 0.0683 0.1033 
