        D174  1 0.5374 0.0971 0.0467 0.1557 0.1631 
        D199  1 0.1996 0.0858 0.2574 0.3875 0.0698 
        D203  1 0.0892 0.1502 0.3247 0.2456 0.1903 
        D204  1 0.0316 0.0997 0.0415 0.7899 0.0373 
     D237366  1 0.1002 0.2564 0.0986 0.1310 0.4138 
     D237367  1 0.0397 0.1509 0.0568 0.5185 0.2341 
     D237368  1 0.0949 0.0487 0.0872 0.1948 0.5744 
     D244101  1 0.0504 0.1853 0.2082 0.5270 0.0291 
     D244102  1 0.1436 0.4302 0.1011 0.1597 0.1654 
     D244103  1 0.0437 0.2627 0.0412 0.5506 0.1017 
     D244104  1 0.2400 0.0337 0.0580 0.6085 0.0598 
     D244105  1 0.0263 0.1655 0.0519 0.1371 0.6193 
     D244106  1 0.6562 0.0846 0.1473 0.0757 0.0362 
     D244107  1 0.0192 0.0551 0.0647 0.2476 0.6134 
     D244108  1 0.5059 0.0851 0.0541 0.0985 0.2564 
     D244113  1 0.6363 0.2434 0.0417 0.0391 0.0395 
     D244114  1 0.1542 0.3543 0.2217 0.2177 0.0521 
     D244115  1 0.3829 0.1123 0.0359 0.2683 0.2007 
     D267365  1 0.4063 0.0594 0.0439 0.4215 0.0688 
        D404  1 0.4660 0.4128 0.0456 0.0346 0.0411 
        D405  1 0.1979 0.4369 0.1214 0.1499 0.0938 
        D406  1 0.0280 0.0351 0.0180 0.0413 0.8776 
        D407  1 0.0233 0.0264 0.0458 0.8481 0.0564 
        D408  1 0.7715 0.0717 0.0614 0.0590 0.0363 
        D409  1 0.0573 0.3231 0.0409 0.5288 0.0499 
        D410  1 0.0270 0.0358 0.0113 0.0512 0.8746 
        D421  1 0.0429 0.0124 0.0277 0.9007 0.0162 
        D422  1 0.0155 0.0178 0.0283 0.0900 0.8484 
        D423  1 0.0188 0.0226 0.0353 0.0531 0.8702 
        D424  1 0.0426 0.0618 0.0224 0.7859 0.0873 
        D425  1 0.2072 0.1425 0.0341 0.5797 0.0365 
        D426  1 0.0387 0.2112 0.1371 0.5727 0.0402 
        D427  1 0.2439 0.0173 0.5507 0.1626 0.0255 
        D428  1 0.2042 0.1011 0.0558 0.5153 0.1236 
        D429  1 0.3677 0.0979 0.0646 0.3995 0.0704 
        D430  1 0.2697 0.2806 0.1801 0.2077 0.0619 
        D491  1 0.8278 0.0353 0.0178 0.0920 0.0271 
        D492  1 0.2101 0.1376 0.0554 0.4420 0.1548 
        D537  1 0.0344 0.0891 0.0323 0.7614 0.0828 
        D538  1 0.1519 0.2903 0.1020 0.1390 0.3168 
        D539  1 0.3605 0.1779 0.2030 0.0648 0.1938 
        D540  1 0.1134 0.1837 0.0775 0.4919 0.1335 
        D541  1 0.0219 0.0271 0.0256 0.8942 0.0313 
        D551  1 0.0544 0.0774 0.6014 0.2165 0.0503 
        D552  1 0.3086 0.0466 0.0776 0.2070 0.3602 
        D553  1 0.0251 0.0194 0.0171 0.9091 0.0293 
        D615  1 0.1514 0.1006 0.1429 0.3956 0.2096 
        D616  1 0.1029 0.0571 0.1923 0.4051 0.2426 
        D621  1 0.1001 0.0816 0.0265 0.0297 0.7621 
        D622  1 0.0472 0.0517 0.0331 0.0549 0.8132 
        D623  1 0.4174 0.2806 0.1821 0.0672 0.0527 
        D624  1 0.8297 0.0225 0.0149 0.0932 0.0397 
        D625  1 0.0791 0.0569 0.0230 0.7303 0.1106 
        D626  1 0.5253 0.0755 0.0631 0.1227 0.2133 
        D627  1 0.0658 0.2757 0.0727 0.5454 0.0404 
        D690  1 0.1108 0.0401 0.0142 0.7092 0.1257 
        D691  1 0.0358 0.0506 0.0248 0.0792 0.8095 
        D710  1 0.2452 0.1082 0.0476 0.4759 0.1231 
        D711  1 0.0809 0.1245 0.0380 0.6545 0.1021 
        D712  1 0.7709 0.0766 0.0470 0.0498 0.0557 
        D713  1 0.2312 0.3498 0.0232 0.3005 0.0953 
        D746  1 0.0265 0.0217 0.0219 0.0533 0.8766 
        D747  1 0.0329 0.0327 0.0439 0.8591 0.0315 
        D748  1 0.0586 0.1475 0.0211 0.4417 0.3310 
        D749  1 0.1232 0.1100 0.1032 0.0520 0.6115 
        D750  1 0.6564 0.0472 0.0309 0.1601 0.1055 
        D763  1 0.0581 0.2300 0.3100 0.2790 0.1229 
        D764  1 0.2488 0.0253 0.0194 0.5843 0.1222 
        D765  1 0.1529 0.0712 0.0231 0.0522 0.7005 
        D766  1 0.0594 0.0686 0.0233 0.2163 0.6325 
        D767  1 0.0581 0.4944 0.1125 0.1472 0.1878 
        D768  1 0.0179 0.0193 0.0214 0.9193 0.0221 
        D811  1 0.4696 0.3350 0.0369 0.0620 0.0965 
        D816  1 0.0783 0.0367 0.0194 0.8351 0.0305 
        D825  1 0.3797 0.1500 0.0261 0.2138 0.2304 
        D866  1 0.4688 0.0646 0.3414 0.0615 0.0637 
        D867  1 0.0322 0.0562 0.0439 0.0368 0.8308 
        D871  1 0.0486 0.3418 0.0249 0.5659 0.0189 
        D872  1 0.0700 0.2234 0.0699 0.3557 0.2810 
        D873  1 0.0149 0.0279 0.0149 0.0097 0.9325 
        D874  1 0.2729 0.4201 0.0544 0.2312 0.0214 
        D875  1 0.0252 0.3577 0.0201 0.5344 0.0626 
        D876  1 0.1893 0.0940 0.0335 0.5765 0.1067 
        D877  1 0.3479 0.4969 0.0392 0.0908 0.0252 
        D892  1 0.1621 0.1723 0.0214 0.4569 0.1873 
        D893  1 0.0457 0.1177 0.0573 0.6804 0.0989 
        D894  1 0.0967 0.1128 0.0464 0.6843 0.0597 
        D915  1 0.0775 0.0711 0.0357 0.6200 0.1958 
        D916  1 0.0352 0.0163 0.0150 0.8944 0.0391 
        D917  1 0.4451 0.1176 0.0990 0.2892 0.0491 
        D925  1 0.0834 0.0191 0.0221 0.1232 0.7522 
        D926  1 0.1177 0.1496 0.0389 0.6110 0.0828 
        D927  1 0.0957 0.0922 0.3951 0.3766 0.0404 
        D928  1 0.8293 0.0363 0.0194 0.0919 0.0231 
        D929  1 0.1399 0.6585 0.0375 0.0710 0.0931 
        D936  1 0.0774 0.1623 0.1131 0.6038 0.0434 
        D938  1 0.0252 0.0216 0.0157 0.0253 0.9122 
        D956  1 0.7618 0.0978 0.0522 0.0462 0.0420 
        D957  1 0.0663 0.1673 0.0487 0.1997 0.5180 
        D958  1 0.1547 0.0978 0.0286 0.4172 0.3017 
        D959  1 0.0200 0.0192 0.0416 0.8607 0.0585 
        D960  1 0.0282 0.0346 0.0193 0.0236 0.8944 
        D989  1 0.7534 0.0387 0.1250 0.0610 0.0219 
        D990  1 0.0540 0.0165 0.0432 0.0159 0.8703 
        D023  2 0.0237 0.0185 0.0248 0.1953 0.7376 
        D130  2 0.0187 0.0660 0.0352 0.0952 0.7849 
        D131  2 0.0426 0.2139 0.0724 0.6211 0.0500 
        D163  2 0.0400 0.0277 0.0176 0.0826 0.8321 
        D164  2 0.0122 0.0142 0.4889 0.0198 0.4649 
        D165  2 0.0293 0.0300 0.0387 0.0814 0.8208 
        D166  2 0.0368 0.7198 0.0585 0.0857 0.0991 
        D167  2 0.0320 0.0381 0.8994 0.0135 0.0170 
        D192  2 0.0264 0.0183 0.9260 0.0119 0.0174 
        D193  2 0.3431 0.4560 0.0664 0.0498 0.0847 
        D206  2 0.0381 0.1110 0.2634 0.4441 0.1434 
        D207  2 0.0306 0.1528 0.6962 0.0903 0.0301 
        D208  2 0.5121 0.0966 0.2623 0.0788 0.0502 
        D209  2 0.0544 0.1708 0.5818 0.0976 0.0954 
        D210  2 0.5623 0.0379 0.2478 0.1072 0.0448 
     D229599  2 0.1808 0.2400 0.1381 0.2663 0.1748 
     D229600  2 0.0255 0.0670 0.3121 0.0469 0.5485 
     D237227  2 0.6742 0.0311 0.0560 0.0645 0.1742 
     D237228  2 0.3324 0.0848 0.0912 0.0400 0.4516 
     D237258  2 0.1719 0.1328 0.2943 0.1681 0.2329 
     D237310  2 0.0644 0.2563 0.0588 0.0296 0.5908 
     D237311  2 0.0430 0.0728 0.1660 0.0276 0.6906 
     D237312  2 0.0972 0.5175 0.0425 0.0447 0.2981 
     D237313  2 0.2662 0.1300 0.0629 0.3347 0.2062 
     D237322  2 0.1839 0.3074 0.3379 0.0487 0.1221 
     D237323  2 0.1731 0.0744 0.0358 0.0255 0.6912 
     D237324  2 0.0348 0.1041 0.3091 0.0846 0.4674 
     D237325  2 0.1212 0.1762 0.0747 0.0512 0.5767 
     D237326  2 0.0693 0.0380 0.0328 0.1091 0.7507 
     D237327  2 0.1398 0.1632 0.4937 0.1170 0.0862 
     D237337  2 0.0567 0.0553 0.0215 0.0476 0.8189 
     D237338  2 0.2067 0.1542 0.1458 0.0997 0.3936 
     D237339  2 0.0388 0.3939 0.3246 0.1998 0.0429 
     D237340  2 0.2265 0.1248 0.2373 0.0363 0.3751 
     D237389  2 0.0478 0.1419 0.0835 0.0401 0.6867 
     D237390  2 0.1487 0.3330 0.0505 0.1081 0.3598 
     D244017  2 0.4894 0.1427 0.2759 0.0418 0.0501 
     D244112  2 0.0225 0.0480 0.8756 0.0154 0.0385 
     D244118  2 0.0237 0.0293 0.5233 0.0138 0.4100 
     D244119  2 0.6364 0.0235 0.2773 0.0276 0.0352 
     D244120  2 0.1568 0.2631 0.5149 0.0166 0.0487 
     D244122  2 0.0505 0.0681 0.7742 0.0383 0.0689 
        D291  2 0.1089 0.1535 0.4531 0.1929 0.0917 
        D292  2 0.2295 0.0874 0.4337 0.1850 0.0644 
        D293  2 0.0152 0.0361 0.6825 0.2539 0.0123 
        D322  2 0.0299 0.0807 0.5598 0.2805 0.0491 
        D323  2 0.1361 0.3086 0.2188 0.2634 0.0731 
        D324  2 0.1461 0.0893 0.1550 0.4663 0.1433 
        D325  2 0.0146 0.0196 0.8885 0.0613 0.0161 
        D326  2 0.0438 0.0201 0.0239 0.8982 0.0140 
        D340  2 0.0184 0.0148 0.9261 0.0201 0.0206 
        D341  2 0.0438 0.0458 0.8337 0.0351 0.0417 
        D342  2 0.0288 0.0840 0.7043 0.0432 0.1397 
        D343  2 0.0092 0.0110 0.9530 0.0180 0.0089 
        D344  2 0.0618 0.4780 0.0681 0.3335 0.0586 
        D345  2 0.1156 0.0945 0.0723 0.3753 0.3423 
        D346  2 0.6871 0.0588 0.1107 0.1076 0.0358 
        D351  2 0.0427 0.2583 0.0968 0.5421 0.0601 
        D352  2 0.1811 0.4790 0.1298 0.1228 0.0873 
        D353  2 0.0368 0.1915 0.0559 0.6936 0.0223 
        D354  2 0.2521 0.3523 0.0278 0.2560 0.1118 
        D362  2 0.0796 0.0482 0.0403 0.7335 0.0984 
        D363  2 0.1477 0.0303 0.0349 0.7217 0.0654 
        D364  2 0.1276 0.2273 0.0451 0.4720 0.1280 
        D365  2 0.0179 0.0187 0.9163 0.0350 0.0121 
        D369  2 0.2288 0.0621 0.2161 0.3821 0.1110 
        D374  2 0.6015 0.3065 0.0231 0.0323 0.0367 
        D375  2 0.0757 0.7050 0.0238 0.1212 0.0744 
        D376  2 0.6304 0.2515 0.0434 0.0221 0.0526 
        D377  2 0.1874 0.3479 0.1207 0.1408 0.2032 
        D378  2 0.0474 0.0925 0.2944 0.5023 0.0633 
        D379  2 0.0393 0.0507 0.0266 0.8547 0.0288 
        D384  2 0.0488 0.0171 0.0208 0.8951 0.0181 
        D385  2 0.0345 0.0536 0.8604 0.0274 0.0242 
        D386  2 0.0292 0.2964 0.1076 0.5001 0.0668 
        D391  2 0.0259 0.0417 0.8656 0.0426 0.0243 
        D392  2 0.0751 0.0418 0.7150 0.0938 0.0743 
        D393  2 0.0664 0.1103 0.2234 0.5105 0.0894 
        D394  2 0.0770 0.3053 0.1055 0.1515 0.3607 
        D395  2 0.0337 0.3797 0.4826 0.0658 0.0383 
        D401  2 0.0623 0.0286 0.0297 0.0348 0.8446 
        D402  2 0.0183 0.0304 0.9148 0.0196 0.0168 
        D403  2 0.0356 0.2059 0.0495 0.5840 0.1250 
        D415  2 0.0162 0.0864 0.0247 0.7957 0.0770 
        D435  2 0.0278 0.0405 0.2483 0.6105 0.0729 
        D436  2 0.0976 0.4942 0.0464 0.3112 0.0506 
        D438  2 0.0200 0.0174 0.9256 0.0191 0.0179 
        D439  2 0.0375 0.3141 0.1935 0.3225 0.1325 
        D449  2 0.0256 0.0439 0.6175 0.2766 0.0364 
        D450  2 0.3188 0.2677 0.0374 0.2858 0.0902 
        D456  2 0.0238 0.0335 0.0139 0.9142 0.0146 
        D462  2 0.0133 0.0333 0.8878 0.0476 0.0180 
        D463  2 0.0322 0.0258 0.0118 0.9138 0.0164 
        D464  2 0.0513 0.5299 0.0968 0.2980 0.0240 
        D465  2 0.0346 0.0762 0.3698 0.4522 0.0673 
        D473  2 0.6328 0.1080 0.0509 0.0507 0.1576 
        D474  2 0.1687 0.0403 0.1567 0.5289 0.1053 
        D476  2 0.0212 0.1749 0.1604 0.0758 0.5676 
        D477  2 0.1722 0.1856 0.0609 0.5113 0.0701 
        D478  2 0.2729 0.3370 0.0748 0.1827 0.1327 
        D480  2 0.1848 0.1504 0.2337 0.3974 0.0336 
        D481  2 0.2247 0.1337 0.0862 0.3966 0.1587 
        D482  2 0.3805 0.3209 0.1432 0.0414 0.1140 
        D483  2 0.0590 0.0236 0.8669 0.0221 0.0283 
        D484  2 0.0870 0.7419 0.0967 0.0406 0.0337 
        D510  2 0.7891 0.0955 0.0517 0.0311 0.0326 
        D511  2 0.0529 0.2502 0.2210 0.3981 0.0779 
        D512  2 0.0234 0.1696 0.1654 0.0850 0.5566 
        D513  2 0.0804 0.0665 0.5460 0.2421 0.0650 
        D635  2 0.0483 0.0474 0.0400 0.6703 0.1939 
        D636  2 0.0188 0.0175 0.0177 0.0542 0.8918 
        D637  2 0.1617 0.3005 0.4102 0.0679 0.0597 
        D658  2 0.1177 0.1775 0.6008 0.0254 0.0786 
        D659  2 0.0399 0.0399 0.0393 0.8332 0.0477 
        D677  2 0.0441 0.2113 0.1324 0.3623 0.2499 
        D678  2 0.0337 0.1069 0.7687 0.0409 0.0498 
        D679  2 0.0915 0.0642 0.1264 0.6730 0.0449 
        D719  2 0.5840 0.0393 0.1688 0.1882 0.0198 
        D720  2 0.1179 0.0407 0.0578 0.7220 0.0616 
        D721  2 0.0508 0.0356 0.0947 0.2059 0.6131 
        D722  2 0.5197 0.2801 0.0810 0.0433 0.0760 
        D734  2 0.5854 0.1761 0.1556 0.0663 0.0167 
        D735  2 0.1653 0.1409 0.1148 0.4627 0.1163 
        D736  2 0.6209 0.0529 0.1359 0.1218 0.0686 
        D737  2 0.0841 0.1580 0.6238 0.0287 0.1054 
        D807  2 0.4246 0.1158 0.1326 0.2381 0.0889 
        D808  2 0.0595 0.2630 0.2050 0.2032 0.2693 
        D817  2 0.1339 0.1813 0.0357 0.5798 0.0693 
        D818  2 0.0400 0.2068 0.4763 0.2240 0.0529 
        D819  2 0.0929 0.1669 0.0666 0.5011 0.1725 
        D820  2 0.0465 0.1067 0.0600 0.7653 0.0215 
        D895  2 0.0556 0.0851 0.0501 0.6163 0.1929 
        D896  2 0.0450 0.0402 0.0186 0.0215 0.8747 
        D897  2 0.0328 0.0954 0.7804 0.0506 0.0407 
        D898  2 0.1618 0.4519 0.0903 0.1645 0.1316 
        D918  2 0.1089 0.3116 0.2229 0.1044 0.2522 
        D919  2 0.0312 0.2780 0.2635 0.3875 0.0399 
        D920  2 0.0323 0.0413 0.0337 0.0293 0.8635 
        D923  2 0.0334 0.0977 0.0333 0.8051 0.0306 
        D930  2 0.2020 0.2152 0.0565 0.4572 0.0691 
        D931  2 0.1072 0.2053 0.2063 0.4297 0.0515 
        D968  2 0.0124 0.0250 0.9244 0.0248 0.0134 
        D969  2 0.1382 0.0940 0.3741 0.3600 0.0338 
        D977  2 0.0232 0.0490 0.8415 0.0633 0.0231 
        D978  2 0.1073 0.3616 0.4202 0.0802 0.0307 
        D211  3 0.0549 0.2481 0.0604 0.1528 0.4837 
     D229639  3 0.3213 0.0632 0.4923 0.0730 0.0501 
     D237212  3 0.0854 0.3051 0.2857 0.1727 0.1511 
     D237213  3 0.0394 0.4216 0.0772 0.1506 0.3112 
     D237214  3 0.0402 0.2194 0.0328 0.2714 0.4361 
     D237215  3 0.1478 0.0530 0.7544 0.0191 0.0257 
     D237216  3 0.0619 0.3490 0.1671 0.2396 0.1825 
     D237217  3 0.0288 0.0835 0.0994 0.1665 0.6218 
     D237218  3 0.1511 0.2926 0.2929 0.1599 0.1035 
     D237219  3 0.2878 0.0740 0.0888 0.0581 0.4912 
     D237382  3 0.1619 0.4081 0.0889 0.1890 0.1521 
     D244127  3 0.0302 0.0701 0.1231 0.0379 0.7387 
     D244129  3 0.1005 0.2604 0.1282 0.2679 0.2430 
     D244133  3 0.3002 0.0929 0.2379 0.2210 0.1480 
     D244134  3 0.5965 0.0313 0.1919 0.0554 0.1250 
     D244135  3 0.0289 0.0713 0.1110 0.1184 0.6704 
     D244136  3 0.3941 0.0728 0.1141 0.3361 0.0829 
        D416  3 0.0713 0.1193 0.3633 0.2721 0.1741 
        D417  3 0.0303 0.0866 0.0257 0.7967 0.0607 
        D419  3 0.2219 0.0994 0.2046 0.1557 0.3184 
        D565  3 0.8789 0.0198 0.0235 0.0596 0.0181 
        D566  3 0.5894 0.0360 0.2506 0.0828 0.0413 
        D567  3 0.0495 0.0647 0.0490 0.6619 0.1749 
        D568  3 0.0316 0.1324 0.2155 0.3094 0.3111 
        D569  3 0.0489 0.6114 0.1865 0.0582 0.0951 
        D573  3 0.0377 0.0403 0.6772 0.2199 0.0250 
        D574  3 0.6274 0.1371 0.0653 0.0983 0.0720 
        D575  3 0.3460 0.0771 0.1265 0.1862 0.2642 
        D576  3 0.0528 0.0635 0.8505 0.0118 0.0216 
        D577  3 0.0855 0.1361 0.0478 0.6556 0.0750 
        D578  3 0.0192 0.1179 0.0495 0.0349 0.7785 
        D579  3 0.3443 0.0972 0.1941 0.2696 0.0949 
        D660  3 0.0393 0.1443 0.6531 0.0474 0.1159 
        D661  3 0.0313 0.1195 0.7554 0.0535 0.0403 
        D663  3 0.0430 0.0877 0.7312 0.1166 0.0215 
        D664  3 0.1944 0.1479 0.2181 0.0414 0.3982 
        D665  3 0.0195 0.6554 0.0778 0.0348 0.2125 
        D666  3 0.3447 0.0797 0.0687 0.1959 0.3111 
        D009  4 0.0450 0.3966 0.0424 0.1396 0.3764 
        D057  4 0.0526 0.2038 0.4322 0.0612 0.2502 
        D109  4 0.0795 0.1227 0.0320 0.0962 0.6697 
     D237222  4 0.0886 0.0785 0.0417 0.0441 0.7471 
     D237223  4 0.1348 0.2008 0.1644 0.1020 0.3980 
     D237224  4 0.1218 0.2093 0.3800 0.2201 0.0689 
     D237225  4 0.0917 0.3491 0.0829 0.1982 0.2781 
     D237299  4 0.0770 0.4973 0.0932 0.1672 0.1653 
     D237300  4 0.1514 0.0599 0.7324 0.0282 0.0281 
     D237306  4 0.5379 0.1570 0.0464 0.1376 0.1210 
     D237307  4 0.3164 0.0911 0.0873 0.4397 0.0655 
     D237308  4 0.1254 0.0952 0.5326 0.0713 0.1755 
     D237309  4 0.0582 0.2678 0.1160 0.2851 0.2730 
     D237317  4 0.5965 0.0585 0.0358 0.2297 0.0795 
     D237318  4 0.1014 0.0308 0.8089 0.0429 0.0160 
     D237319  4 0.0889 0.2778 0.1010 0.2036 0.3287 
     D237320  4 0.0536 0.1534 0.2893 0.1818 0.3218 
     D237321  4 0.1524 0.0792 0.6058 0.1027 0.0599 
     D237397  4 0.2804 0.1337 0.2949 0.0875 0.2035 
     D237398  4 0.0673 0.1344 0.4854 0.2612 0.0517 
     D237399  4 0.4057 0.1888 0.1441 0.1484 0.1130 
     D244001  4 0.0386 0.1308 0.1168 0.0573 0.6566 
        D289  4 0.3398 0.1591 0.2062 0.2312 0.0636 
        D290  4 0.0504 0.7516 0.0696 0.0783 0.0501 
        D294  4 0.0767 0.4784 0.1286 0.2790 0.0373 
        D295  4 0.1171 0.2976 0.0689 0.3404 0.1760 
        D301  4 0.0532 0.0511 0.0871 0.0237 0.7849 
        D302  4 0.0322 0.4878 0.0321 0.3995 0.0485 
        D303  4 0.7383 0.0938 0.0563 0.0427 0.0689 
        D304  4 0.1687 0.5614 0.1263 0.1129 0.0308 
        D305  4 0.0176 0.6317 0.2101 0.0691 0.0715 
        D306  4 0.1133 0.6980 0.0276 0.1171 0.0439 
        D307  4 0.0621 0.0369 0.0364 0.0200 0.8447 
        D327  4 0.1052 0.0725 0.0634 0.7234 0.0357 
        D328  4 0.3676 0.4718 0.0408 0.0446 0.0752 
        D329  4 0.1020 0.2865 0.3518 0.1285 0.1312 
        D330  4 0.0271 0.2924 0.0664 0.4213 0.1927 
        D331  4 0.2303 0.2658 0.1349 0.2343 0.1347 
        D333  4 0.2080 0.2888 0.1998 0.1091 0.1943 
        D334  4 0.6938 0.0931 0.0277 0.1209 0.0646 
        D335  4 0.0438 0.3304 0.0903 0.4974 0.0381 
        D370  4 0.2398 0.4078 0.0614 0.0727 0.2182 
        D371  4 0.7849 0.0270 0.0315 0.1335 0.0231 
        D372  4 0.0715 0.1628 0.7183 0.0213 0.0261 
        D373  4 0.0345 0.0414 0.1306 0.0470 0.7465 
        D455  4 0.0442 0.0424 0.0537 0.0348 0.8249 
        D490  4 0.0279 0.0337 0.0121 0.0252 0.9009 
        D497  4 0.0330 0.0660 0.0289 0.0345 0.8376 
        D498  4 0.2834 0.3346 0.1235 0.0974 0.1612 
        D499  4 0.2769 0.1956 0.3909 0.0864 0.0502 
        D514  4 0.0232 0.4572 0.0378 0.4202 0.0616 
        D515  4 0.0403 0.4712 0.0777 0.0980 0.3127 
        D516  4 0.1518 0.1087 0.1376 0.2682 0.3337 
        D517  4 0.0331 0.0590 0.1100 0.0670 0.7309 
        D518  4 0.1336 0.3300 0.1055 0.1356 0.2953 
        D519  4 0.0465 0.2543 0.1888 0.1307 0.3796 
        D560  4 0.0310 0.3454 0.2181 0.1497 0.2558 
        D561  4 0.0184 0.2969 0.0515 0.5555 0.0776 
        D562  4 0.1391 0.4651 0.1074 0.1338 0.1547 
        D563  4 0.0275 0.2706 0.5337 0.0861 0.0821 
        D572  4 0.0861 0.5518 0.0715 0.2101 0.0805 
        D629  4 0.0637 0.1041 0.0503 0.5682 0.2137 
        D630  4 0.1244 0.4451 0.0965 0.1920 0.1419 
        D631  4 0.0940 0.3900 0.3794 0.0798 0.0568 
        D632  4 0.0310 0.0634 0.1451 0.0629 0.6976 
        D646  4 0.0423 0.1323 0.1087 0.3470 0.3698 
        D647  4 0.0232 0.2139 0.0953 0.4972 0.1704 
        D648  4 0.2596 0.6561 0.0304 0.0272 0.0267 
        D649  4 0.0343 0.1148 0.0280 0.4632 0.3597 
        D650  4 0.2044 0.2103 0.0779 0.3401 0.1673 
        D708  4 0.4848 0.2946 0.0598 0.0892 0.0716 
        D709  4 0.1228 0.7117 0.0275 0.0645 0.0735 
        D738  4 0.5328 0.0639 0.0368 0.1350 0.2316 
        D739  4 0.0566 0.5677 0.0588 0.0758 0.2411 
        D740  4 0.2513 0.2520 0.2185 0.0565 0.2218 
        D741  4 0.0243 0.2528 0.2238 0.3809 0.1182 
        D742  4 0.2556 0.1305 0.4801 0.0714 0.0623 
        D743  4 0.0576 0.1707 0.1168 0.6221 0.0327 
        D744  4 0.0521 0.4356 0.1773 0.2592 0.0758 
        D745  4 0.0359 0.3266 0.0755 0.0875 0.4746 
        D814  4 0.0282 0.1940 0.5651 0.1517 0.0611 
        D815  4 0.1104 0.5282 0.0506 0.2552 0.0556 
        D828  4 0.2671 0.5085 0.1549 0.0193 0.0502 
        D845  4 0.2275 0.0312 0.6993 0.0220 0.0200 
        D846  4 0.0268 0.3088 0.2916 0.2995 0.0733 
        D847  4 0.2324 0.2782 0.1194 0.1916 0.1783 
        D848  4 0.0443 0.0298 0.2106 0.0263 0.6891 
        D849  4 0.0340 0.3575 0.0647 0.0688 0.4750 
        D850  4 0.1044 0.0676 0.1238 0.5698 0.1344 
        D856  4 0.0746 0.4822 0.0436 0.1798 0.2198 
        D857  4 0.0402 0.0572 0.0426 0.0131 0.8469 
        D859  4 0.1047 0.5448 0.1552 0.1382 0.0571 
        D860  4 0.6130 0.0535 0.1972 0.1076 0.0286 
        D883  4 0.1965 0.1908 0.0487 0.2936 0.2704 
        D884  4 0.1494 0.3719 0.0471 0.1378 0.2937 
        D885  4 0.0622 0.2604 0.3108 0.2793 0.0872 
        D886  4 0.0444 0.2877 0.1028 0.1863 0.3788 
        D887  4 0.1592 0.2534 0.3048 0.1613 0.1213 
        D889  4 0.0790 0.6243 0.1967 0.0797 0.0203 
        D890  4 0.2622 0.2965 0.1127 0.1316 0.1970 
        D891  4 0.1147 0.0202 0.8252 0.0278 0.0120 
        D899  4 0.2588 0.0926 0.5556 0.0578 0.0352 
        D900  4 0.1621 0.3606 0.1203 0.2442 0.1128 
        D970  4 0.1828 0.2853 0.1343 0.2960 0.1017 
        D971  4 0.0797 0.0984 0.5525 0.1769 0.0924 
        D979  4 0.0570 0.3023 0.0398 0.5794 0.0216 
        D093  5 0.8398 0.0419 0.0428 0.0385 0.0371 
        D154  5 0.1276 0.2299 0.5209 0.0877 0.0338 
        D168  5 0.0329 0.1502 0.4531 0.1555 0.2082 
        D189  5 0.5818 0.1548 0.1511 0.0731 0.0392 
        D190  5 0.8409 0.0644 0.0401 0.0295 0.0251 
     D237220  5 0.1785 0.2916 0.0812 0.0627 0.3860 
     D237221  5 0.5533 0.0891 0.2011 0.0926 0.0639 
     D237274  5 0.0230 0.1447 0.0336 0.7722 0.0266 
     D237275  5 0.0362 0.0881 0.8212 0.0286 0.0259 
     D237276  5 0.2283 0.2303 0.0663 0.1780 0.2972 
     D237277  5 0.7279 0.0608 0.1313 0.0425 0.0375 
     D237278  5 0.2333 0.1191 0.4297 0.0639 0.1541 
     D237279  5 0.0327 0.1166 0.0561 0.2181 0.5765 
     D237280  5 0.1252 0.1130 0.0263 0.1409 0.5946 
     D237281  5 0.0345 0.0414 0.7965 0.1090 0.0187 
     D237351  5 0.1213 0.0489 0.0465 0.0390 0.7443 
     D237352  5 0.0766 0.1753 0.0816 0.1928 0.4736 
     D237353  5 0.8888 0.0347 0.0305 0.0181 0.0280 
     D237359  5 0.1658 0.4218 0.1213 0.1177 0.1734 
     D237361  5 0.8810 0.0272 0.0249 0.0357 0.0312 
     D237362  5 0.2471 0.1483 0.1043 0.4033 0.0970 
     D237363  5 0.1255 0.3050 0.2225 0.2763 0.0707 
     D237364  5 0.0251 0.3753 0.2835 0.2022 0.1139 
     D237376  5 0.3698 0.5385 0.0466 0.0213 0.0239 
     D237377  5 0.2601 0.0510 0.0378 0.3110 0.3402 
     D237378  5 0.6788 0.1644 0.0863 0.0278 0.0428 
     D237379  5 0.4444 0.3832 0.0704 0.0557 0.0462 
     D237380  5 0.0619 0.1503 0.0180 0.0276 0.7421 
     D237381  5 0.0951 0.1229 0.0824 0.0558 0.6438 
     D237391  5 0.8561 0.0278 0.0335 0.0489 0.0337 
     D237392  5 0.0424 0.1261 0.1658 0.6040 0.0617 
     D237393  5 0.3258 0.0730 0.0949 0.3695 0.1368 
     D237394  5 0.9062 0.0207 0.0166 0.0321 0.0244 
     D237395  5 0.4585 0.1716 0.1439 0.0712 0.1549 
     D237396  5 0.2561 0.0409 0.0727 0.4771 0.1532 
     D244016  5 0.4483 0.2755 0.1298 0.1098 0.0366 
     D244018  5 0.2950 0.0401 0.4249 0.1139 0.1260 
     D244019  5 0.1683 0.2601 0.1903 0.3350 0.0463 
        D279  5 0.1543 0.2591 0.3981 0.0814 0.1071 
        D280  5 0.4963 0.1054 0.1550 0.1638 0.0794 
        D281  5 0.1355 0.1003 0.6800 0.0607 0.0235 
        D283  5 0.6818 0.0331 0.0670 0.1841 0.0339 
        D284  5 0.0652 0.3280 0.1119 0.1435 0.3515 
        D285  5 0.6351 0.1473 0.0626 0.1062 0.0489 
        D286  5 0.3033 0.4026 0.0690 0.1300 0.0952 
        D287  5 0.3797 0.4751 0.0443 0.0277 0.0732 
        D288  5 0.3522 0.0864 0.1751 0.3509 0.0354 
        D308  5 0.0469 0.0284 0.0210 0.0914 0.8122 
        D309  5 0.0320 0.5544 0.0312 0.2963 0.0862 
        D310  5 0.8830 0.0452 0.0286 0.0242 0.0188 
        D311  5 0.2432 0.3350 0.1004 0.2622 0.0592 
        D312  5 0.4063 0.2475 0.0706 0.1895 0.0861 
        D313  5 0.0214 0.0129 0.0106 0.0147 0.9403 
        D314  5 0.1617 0.3245 0.2916 0.0791 0.1430 
        D315  5 0.4840 0.0967 0.0596 0.2561 0.1036 
        D317  5 0.8326 0.0454 0.0350 0.0593 0.0278 
        D318  5 0.1399 0.2983 0.1657 0.2877 0.1083 
        D319  5 0.8711 0.0397 0.0340 0.0275 0.0277 
        D320  5 0.8163 0.0650 0.0277 0.0350 0.0560 
        D321  5 0.1707 0.0196 0.0644 0.0684 0.6769 
        D336  5 0.6007 0.2928 0.0329 0.0434 0.0303 
        D337  5 0.9127 0.0277 0.0232 0.0234 0.0130 
        D338  5 0.2403 0.1970 0.1557 0.2250 0.1820 
        D339  5 0.7361 0.0589 0.0981 0.0446 0.0624 
        D347  5 0.1521 0.4712 0.1473 0.1968 0.0327 
        D348  5 0.8046 0.1010 0.0310 0.0430 0.0204 
        D349  5 0.0869 0.0307 0.0291 0.0304 0.8230 
        D350  5 0.0341 0.6899 0.0741 0.1636 0.0384 
        D355  5 0.0537 0.2759 0.4904 0.1579 0.0222 
        D356  5 0.4166 0.1204 0.0393 0.3024 0.1214 
        D357  5 0.2463 0.4789 0.0889 0.1038 0.0821 
        D358  5 0.5884 0.1211 0.0547 0.1116 0.1241 
        D359  5 0.6399 0.0396 0.0239 0.2658 0.0308 
        D360  5 0.6630 0.0787 0.0302 0.1364 0.0918 
        D361  5 0.0331 0.0257 0.0245 0.0339 0.8828 
        D366  5 0.0295 0.0262 0.2331 0.6772 0.0341 
        D367  5 0.6056 0.2442 0.0312 0.0474 0.0716 
        D368  5 0.4601 0.1178 0.0413 0.2236 0.1573 
        D380  5 0.1057 0.3027 0.1082 0.3356 0.1478 
        D381  5 0.7530 0.0576 0.0633 0.0766 0.0495 
        D400  5 0.3885 0.2570 0.2253 0.0745 0.0547 
        D411  5 0.0146 0.0617 0.0348 0.0279 0.8610 
        D412  5 0.1802 0.2243 0.2796 0.1413 0.1745 
        D413  5 0.0345 0.0614 0.7498 0.1071 0.0473 
        D414  5 0.0329 0.5778 0.2827 0.0729 0.0337 
        D420  5 0.1457 0.3202 0.1573 0.1500 0.2268 
        D431  5 0.1739 0.5377 0.1428 0.0352 0.1104 
        D432  5 0.6566 0.0429 0.0987 0.0757 0.1261 
        D433  5 0.7170 0.0569 0.1028 0.0616 0.0616 
        D434  5 0.6873 0.0706 0.0373 0.1257 0.0792 
        D440  5 0.0311 0.7159 0.0468 0.1507 0.0555 
        D447  5 0.0376 0.1639 0.0604 0.6700 0.0681 
        D448  5 0.5456 0.2851 0.0560 0.0900 0.0234 
        D459  5 0.0580 0.0457 0.7716 0.1046 0.0201 
        D460  5 0.0894 0.0272 0.0365 0.0794 0.7674 
        D461  5 0.0433 0.5410 0.0299 0.3632 0.0226 
        D468  5 0.2673 0.1861 0.0797 0.3766 0.0904 
        D469  5 0.1386 0.1406 0.0592 0.5209 0.1407 
        D470  5 0.1290 0.4506 0.0806 0.1375 0.2022 
        D471  5 0.5958 0.1934 0.0961 0.0970 0.0178 
        D472  5 0.0304 0.0285 0.2882 0.6296 0.0232 
        D479  5 0.0290 0.1249 0.7906 0.0324 0.0232 
        D485  5 0.1454 0.6760 0.0661 0.0601 0.0523 
        D486  5 0.1641 0.2915 0.0566 0.3093 0.1785 
        D487  5 0.3934 0.1796 0.3254 0.0351 0.0664 
        D555  5 0.8605 0.0375 0.0429 0.0337 0.0254 
        D556  5 0.3459 0.3046 0.1432 0.0994 0.1069 
        D557  5 0.8954 0.0325 0.0293 0.0287 0.0141 
        D564  5 0.4793 0.2200 0.0560 0.0885 0.1563 
        D594  5 0.1762 0.3964 0.1139 0.2325 0.0809 
        D595  5 0.4981 0.1050 0.1275 0.1863 0.0830 
        D596  5 0.8844 0.0308 0.0369 0.0214 0.0264 
        D597  5 0.4201 0.0627 0.3386 0.1340 0.0446 
        D598  5 0.5388 0.0882 0.0709 0.1263 0.1757 
        D617  5 0.0233 0.0965 0.1924 0.0425 0.6453 
        D618  5 0.6661 0.0559 0.1247 0.0918 0.0614 
        D619  5 0.1905 0.1443 0.0721 0.2556 0.3375 
        D620  5 0.0330 0.0214 0.8901 0.0342 0.0214 
        D628  5 0.1351 0.4998 0.0721 0.1337 0.1594 
        D714  5 0.5040 0.2235 0.1899 0.0432 0.0394 
        D715  5 0.7399 0.0369 0.0846 0.1102 0.0283 
        D716  5 0.0818 0.6123 0.1523 0.1269 0.0267 
        D717  5 0.2829 0.1389 0.0609 0.3888 0.1285 
        D718  5 0.1145 0.6790 0.0550 0.0365 0.1150 
        D769  5 0.0268 0.1727 0.1541 0.0529 0.5934 
        D770  5 0.2220 0.2701 0.3684 0.0844 0.0551 
        D771  5 0.1758 0.2854 0.3343 0.0740 0.1305 
        D772  5 0.4592 0.3252 0.0654 0.0903 0.0598 
        D782  5 0.0814 0.1172 0.2263 0.2235 0.3516 
        D783  5 0.1604 0.2925 0.4318 0.0721 0.0432 
        D784  5 0.1992 0.1409 0.0792 0.5113 0.0693 
        D785  5 0.7464 0.0969 0.0235 0.0471 0.0862 
        D786  5 0.0240 0.1964 0.0487 0.1814 0.5494 
        D821  5 0.9297 0.0242 0.0160 0.0167 0.0133 
        D822  5 0.1962 0.2146 0.0982 0.4481 0.0429 
        D826  5 0.5333 0.1198 0.2338 0.0654 0.0478 
        D827  5 0.0375 0.1626 0.0921 0.6673 0.0405 
        D851  5 0.3384 0.1927 0.1005 0.2481 0.1203 
        D852  5 0.3497 0.2191 0.2610 0.0325 0.1378 
        D853  5 0.4458 0.2546 0.1037 0.1286 0.0673 
        D854  5 0.0367 0.4884 0.1870 0.2113 0.0765 
        D861  5 0.2651 0.1987 0.2186 0.1826 0.1349 
        D862  5 0.3528 0.1589 0.0413 0.3921 0.0549 
        D865  5 0.8264 0.0457 0.0518 0.0267 0.0494 
        D868  5 0.1585 0.0554 0.0508 0.6726 0.0626 
        D869  5 0.0480 0.0289 0.0287 0.0721 0.8223 
        D870  5 0.0179 0.3208 0.0505 0.5642 0.0465 
        D907  5 0.7746 0.0754 0.0387 0.0415 0.0698 
        D908  5 0.4374 0.0918 0.3670 0.0301 0.0738 
        D910  5 0.5038 0.1027 0.2449 0.1172 0.0313 
        D911  5 0.0712 0.2048 0.5644 0.1362 0.0233 
        D934  5 0.1712 0.2865 0.3719 0.1186 0.0518 
        D946  5 0.1033 0.5843 0.1885 0.0364 0.0875 
        D947  5 0.0828 0.4866 0.1065 0.2346 0.0896 
        D948  5 0.1143 0.0246 0.0221 0.0328 0.8062 
        D949  5 0.0881 0.0201 0.0171 0.0447 0.8301 
        D950  5 0.1129 0.1641 0.5965 0.1043 0.0222 
        D951  5 0.0660 0.2735 0.0442 0.5422 0.0741 
        D952  5 0.2006 0.1092 0.0792 0.5526 0.0584 
        D953  5 0.7281 0.0506 0.0420 0.1083 0.0710 
        D954  5 0.4253 0.0376 0.0318 0.4629 0.0425 
        D961  5 0.1931 0.6651 0.0577 0.0368 0.0473 
        D962  5 0.5147 0.3443 0.0163 0.0882 0.0365 
        D963  5 0.3468 0.1833 0.0805 0.3491 0.0404 
        D964  5 0.1291 0.4325 0.1703 0.1171 0.1509 
        D965  5 0.0859 0.6741 0.0968 0.0926 0.0506 
        D966  5 0.4725 0.1070 0.1680 0.2049 0.0476 
        D967  5 0.3690 0.0817 0.3244 0.0596 0.1653 
        D991  5 0.1675 0.4115 0.0385 0.0918 0.2907 
        D502  6 0.0175 0.6560 0.2070 0.0549 0.0646 
        D503  6 0.0842 0.0962 0.4362 0.0603 0.3230 
        D504  6 0.1724 0.1668 0.0913 0.4476 0.1220 
        D505  6 0.3952 0.1654 0.1575 0.1735 0.1084 
        D506  6 0.9063 0.0202 0.0162 0.0409 0.0165 
        D507  6 0.0826 0.3845 0.2634 0.0988 0.1706 
        D508  6 0.0515 0.5634 0.0993 0.2311 0.0548 
        D529  6 0.2502 0.1888 0.0796 0.2488 0.2327 
        D530  6 0.1934 0.5640 0.0915 0.0319 0.1193 
        D531  6 0.1746 0.3052 0.0862 0.3541 0.0800 
        D532  6 0.2466 0.2787 0.0977 0.3319 0.0451 
        D534  6 0.0291 0.0549 0.0378 0.0485 0.8297 
        D535  6 0.4544 0.1368 0.0510 0.2399 0.1179 
        D536  6 0.0200 0.0736 0.7874 0.0387 0.0804 
        D554  6 0.3216 0.4015 0.0654 0.1006 0.1109 
        D587  6 0.7747 0.0433 0.0478 0.0891 0.0450 
        D588  6 0.5151 0.0609 0.0610 0.2871 0.0759 
        D589  6 0.2133 0.1600 0.4653 0.0526 0.1088 
        D590  6 0.0355 0.0542 0.8016 0.0483 0.0605 
        D591  6 0.3520 0.1642 0.1873 0.1812 0.1153 
        D592  6 0.0524 0.0288 0.0396 0.0476 0.8316 
        D593  6 0.2166 0.6362 0.0736 0.0272 0.0463 
        D682  6 0.8675 0.0326 0.0323 0.0332 0.0344 
        D683  6 0.3584 0.0552 0.0317 0.4878 0.0670 
        D684  6 0.0299 0.2377 0.3436 0.1144 0.2744 
        D685  6 0.1210 0.5466 0.1871 0.0536 0.0917 
        D686  6 0.3793 0.4566 0.0342 0.0848 0.0451 
        D724  6 0.0315 0.4708 0.1262 0.2622 0.1092 
        D725  6 0.1819 0.4197 0.2500 0.0851 0.0632 
        D726  6 0.8830 0.0388 0.0158 0.0374 0.0251 
        D727  6 0.0953 0.0567 0.3906 0.3754 0.0820 
        D728  6 0.6124 0.1652 0.0418 0.1152 0.0655 
        D729  6 0.0270 0.0344 0.1612 0.3564 0.4210 
        D730  6 0.0491 0.2897 0.2563 0.1787 0.2262 
        D731  6 0.8126 0.0265 0.1269 0.0174 0.0166 
        D732  6 0.0732 0.3968 0.0968 0.3577 0.0755 
        D733  6 0.1092 0.4923 0.0824 0.1329 0.1832 
     D237251  7 0.0765 0.3885 0.4178 0.0570 0.0601 
     D237252  7 0.0417 0.2381 0.2825 0.0697 0.3680 
     D237253  7 0.3170 0.2447 0.3083 0.0907 0.0394 
     D237254  7 0.0219 0.1098 0.0427 0.0824 0.7432 
     D237255  7 0.0938 0.1246 0.7229 0.0346 0.0240 
     D237256  7 0.0467 0.4020 0.3826 0.1433 0.0253 
     D237257  7 0.0380 0.4411 0.1101 0.2421 0.1687 
     D237282  7 0.0259 0.1279 0.1116 0.5765 0.1582 
     D237283  7 0.0344 0.0244 0.0366 0.0151 0.8895 
     D237284  7 0.0229 0.0767 0.0459 0.0639 0.7906 
     D237285  7 0.1938 0.5387 0.1549 0.0603 0.0523 
     D237286  7 0.2554 0.2466 0.1538 0.2637 0.0806 
     D237287  7 0.0685 0.1547 0.4217 0.2808 0.0743 
     D244006  7 0.0220 0.0483 0.0308 0.0557 0.8433 
     D244007  7 0.0525 0.0860 0.4943 0.3105 0.0568 
     D244008  7 0.0826 0.0323 0.0320 0.0298 0.8233 
     D244009  7 0.1061 0.2171 0.0324 0.1102 0.5341 
     D244010  7 0.0554 0.4848 0.1096 0.1498 0.2004 
     D244011  7 0.2733 0.4585 0.1024 0.0473 0.1186 
     D244012  7 0.0388 0.4391 0.2786 0.1354 0.1081 
     D244013  7 0.2637 0.1841 0.4074 0.0788 0.0660 
     D244014  7 0.0681 0.2289 0.2131 0.0748 0.4151 
     D244015  7 0.0456 0.2318 0.0964 0.2714 0.3548 
     D244125  7 0.5566 0.0786 0.1540 0.1722 0.0386 
     D244126  7 0.0175 0.0545 0.0177 0.0201 0.8901 
     D244130  7 0.0755 0.4118 0.0991 0.0853 0.3283 
     D244131  7 0.4286 0.0791 0.0905 0.2191 0.1828 
     D244132  7 0.3883 0.2866 0.0350 0.1977 0.0923 
        D520  7 0.1545 0.3801 0.0375 0.2230 0.2049 
        D521  7 0.0665 0.5623 0.1057 0.1247 0.1408 
        D522  7 0.1113 0.0491 0.0472 0.0836 0.7087 
        D523  7 0.1350 0.0993 0.6860 0.0450 0.0348 
        D524  7 0.2250 0.1944 0.3068 0.1009 0.1729 
        D525  7 0.0687 0.0623 0.2195 0.0597 0.5898 
        D526  7 0.0245 0.0764 0.0465 0.1089 0.7437 
        D527  7 0.1680 0.3368 0.0830 0.2129 0.1992 
        D528  7 0.0144 0.3969 0.0127 0.5526 0.0234 
        D558  7 0.0361 0.4609 0.1425 0.1833 0.1772 
        D559  7 0.0214 0.6012 0.1411 0.1143 0.1219 
        D640  7 0.4655 0.1421 0.1639 0.1286 0.0999 
        D641  7 0.4338 0.1620 0.1817 0.0317 0.1907 
        D642  7 0.0662 0.1117 0.1483 0.0874 0.5864 
        D644  7 0.2334 0.2084 0.1077 0.1217 0.3288 
        D645  7 0.2027 0.1889 0.3067 0.1513 0.1505 
        D662  7 0.1232 0.0344 0.0145 0.1194 0.7085 
        D687  7 0.1648 0.5018 0.1489 0.0912 0.0933 
        D688  7 0.0322 0.3150 0.1695 0.2843 0.1991 
        D689  7 0.3433 0.1343 0.1574 0.2556 0.1094 
        D700  7 0.0194 0.3832 0.0148 0.5656 0.0170 
        D797  7 0.2490 0.3106 0.1438 0.1793 0.1173 
        D798  7 0.0466 0.1284 0.0361 0.0952 0.6937 
        D799  7 0.0665 0.3105 0.3988 0.0561 0.1682 
        D800  7 0.0357 0.1628 0.1131 0.5946 0.0938 
        D132  8 0.0397 0.0357 0.0251 0.0388 0.8607 
        D133  8 0.0171 0.0275 0.8984 0.0176 0.0394 
        D200  8 0.0147 0.8982 0.0443 0.0223 0.0205 
        D500  8 0.0209 0.0223 0.0163 0.0240 0.9165 
        D614  8 0.4287 0.2848 0.0519 0.0836 0.1510 
        D723  8 0.0499 0.1193 0.1540 0.4040 0.2728 
        D888  8 0.1069 0.1208 0.7023 0.0399 0.0301 
        D901  8 0.0720 0.5422 0.0912 0.0614 0.2331 
        D902  8 0.7816 0.0838 0.0479 0.0370 0.0496 
        D903  8 0.1059 0.2645 0.0616 0.5431 0.0249 
        D904  8 0.1047 0.2856 0.1141 0.3090 0.1866 
        D905  8 0.3131 0.1003 0.5457 0.0188 0.0221 
        D906  8 0.0449 0.1673 0.5876 0.1426 0.0576 
        D937  8 0.8684 0.0466 0.0325 0.0177 0.0348 
        D943  8 0.0387 0.4189 0.1403 0.1404 0.2617 
        D972  8 0.0447 0.1948 0.0993 0.3339 0.3273 
        D973  8 0.0539 0.0923 0.0489 0.6037 0.2012 
        D974  8 0.1214 0.3447 0.1949 0.1783 0.1607 
        D975  8 0.1247 0.6998 0.0884 0.0409 0.0462 
        D976  8 0.2345 0.4718 0.1154 0.0661 0.1122 
        D201  9 0.0525 0.3336 0.4100 0.1252 0.0787 
        D202  9 0.0484 0.7798 0.0953 0.0244 0.0521 
     D237259  9 0.0304 0.2527 0.1015 0.4004 0.2150 
     D237260  9 0.0865 0.2343 0.4963 0.0294 0.1535 
     D237262  9 0.0251 0.0272 0.0176 0.0273 0.9028 
     D237263  9 0.0408 0.1191 0.2189 0.0872 0.5340 
     D237264  9 0.2178 0.1618 0.1697 0.1420 0.3087 
     D237265  9 0.0779 0.1145 0.7156 0.0318 0.0602 
     D237266  9 0.0253 0.0233 0.6125 0.0473 0.2915 
     D237267  9 0.1197 0.5546 0.0784 0.1505 0.0968 
     D237268  9 0.0681 0.2924 0.0526 0.1661 0.4208 
     D237289  9 0.2589 0.1683 0.4564 0.0393 0.0771 
     D237290  9 0.0382 0.0502 0.8509 0.0238 0.0369 
     D237291  9 0.0710 0.0766 0.7562 0.0385 0.0577 
     D237292  9 0.0280 0.1945 0.5899 0.0684 0.1191 
     D237293  9 0.1887 0.3317 0.0951 0.1087 0.2757 
     D237294  9 0.0578 0.3140 0.1597 0.0275 0.4410 
     D237295  9 0.1876 0.2103 0.0342 0.3356 0.2323 
     D237296  9 0.1112 0.3686 0.1801 0.1871 0.1530 
     D237297  9 0.3189 0.5397 0.0568 0.0374 0.0473 
     D237298  9 0.0982 0.3605 0.1780 0.1731 0.1902 
     D237341  9 0.1310 0.2454 0.3859 0.1324 0.1052 
     D237342  9 0.0671 0.3890 0.0650 0.0490 0.4299 
     D237343  9 0.0769 0.1344 0.2812 0.0817 0.4258 
     D237344  9 0.3338 0.2172 0.2426 0.0911 0.1152 
     D237345  9 0.0146 0.1415 0.0681 0.0271 0.7487 
     D237346  9 0.2054 0.0748 0.5121 0.0516 0.1561 
     D237347  9 0.7744 0.0462 0.0829 0.0543 0.0422 
     D237348  9 0.1090 0.1877 0.2527 0.1183 0.3322 
     D237349  9 0.0280 0.0500 0.3958 0.2762 0.2501 
     D244109  9 0.0154 0.0553 0.7784 0.0811 0.0698 
     D244110  9 0.0293 0.0678 0.7989 0.0496 0.0545 
     D244111  9 0.0989 0.4120 0.2356 0.1446 0.1089 
     D244128  9 0.0235 0.4155 0.0648 0.0457 0.4505 
     D244137  9 0.0888 0.0856 0.0822 0.5388 0.2047 
     D244138  9 0.1274 0.3297 0.3700 0.0450 0.1278 
        D580  9 0.0492 0.4055 0.0272 0.2421 0.2760 
        D581  9 0.0268 0.1125 0.7894 0.0214 0.0500 
        D582  9 0.0181 0.1898 0.0186 0.0269 0.7466 
        D583  9 0.0273 0.0509 0.8041 0.0171 0.1006 
        D584  9 0.3465 0.2608 0.0745 0.0505 0.2678 
        D585  9 0.0361 0.2072 0.2229 0.0627 0.4711 
        D586  9 0.3221 0.0222 0.5796 0.0388 0.0374 
        D651  9 0.2256 0.0422 0.1520 0.4934 0.0867 
        D652  9 0.0302 0.0933 0.1216 0.1780 0.5770 
        D653  9 0.1343 0.1341 0.3476 0.3320 0.0519 
        D654  9 0.0413 0.0992 0.3764 0.2271 0.2560 
        D655  9 0.3948 0.1115 0.2976 0.1327 0.0634 
        D656  9 0.0295 0.1124 0.0396 0.0541 0.7645 
        D657  9 0.0713 0.5447 0.1046 0.0444 0.2349 
        D667  9 0.5314 0.0606 0.1943 0.1396 0.0741 
        D668  9 0.1396 0.1014 0.1384 0.0709 0.5497 
        D669  9 0.0835 0.3291 0.3958 0.0899 0.1017 
        D670  9 0.0395 0.0697 0.0435 0.7991 0.0482 
        D671  9 0.0784 0.1757 0.5793 0.0625 0.1041 
        D672  9 0.0413 0.2759 0.1130 0.0637 0.5061 
        D673  9 0.3030 0.2463 0.0851 0.1239 0.2416 
        D692  9 0.0311 0.1247 0.3649 0.0893 0.3901 
        D693  9 0.2600 0.2010 0.1123 0.1842 0.2425 
        D694  9 0.0498 0.2807 0.0674 0.0311 0.5710 
        D695  9 0.1095 0.0818 0.0537 0.2017 0.5533 
        D696  9 0.8577 0.0774 0.0231 0.0244 0.0173 
        D697  9 0.5787 0.0545 0.1485 0.1173 0.1010 
        D698  9 0.2913 0.1044 0.4400 0.0608 0.1035 
        D699  9 0.5155 0.2196 0.1028 0.0441 0.1180 
        D787  9 0.0454 0.0523 0.1897 0.3191 0.3935 
        D788  9 0.3268 0.4329 0.0311 0.1088 0.1004 
        D789  9 0.1149 0.5110 0.1385 0.0692 0.1665 
        D790  9 0.1581 0.0543 0.2823 0.2217 0.2835 
        D791  9 0.1243 0.4401 0.3583 0.0231 0.0542 
        D792  9 0.0828 0.0410 0.2451 0.3195 0.3116 
        D793  9 0.7082 0.0244 0.0677 0.1582 0.0416 
        D794  9 0.3177 0.0642 0.1755 0.3415 0.1011 
        D795  9 0.0961 0.2247 0.0663 0.0256 0.5872 
        D796  9 0.1616 0.1945 0.4582 0.0993 0.0864 
        D142 10 0.2163 0.3998 0.1700 0.1692 0.0447 
        D143 10 0.0497 0.0411 0.8178 0.0468 0.0446 
        D144 10 0.2512 0.1759 0.1178 0.2461 0.2090 
        D145 10 0.1076 0.2114 0.5732 0.0404 0.0674 
        D146 10 0.0479 0.3718 0.0433 0.1296 0.4074 
        D147 10 0.0295 0.6981 0.0577 0.1351 0.0797 
        D148 10 0.0562 0.3556 0.0378 0.5306 0.0198 
        D149 10 0.0593 0.0648 0.7534 0.0727 0.0499 
        D151 10 0.1153 0.3292 0.1270 0.3690 0.0595 
        D152 10 0.0225 0.0432 0.8922 0.0220 0.0201 
        D153 10 0.1499 0.3148 0.0322 0.4241 0.0791 
        D156 10 0.0279 0.6709 0.0488 0.2167 0.0356 
        D157 10 0.3831 0.2642 0.0882 0.0631 0.2014 
        D158 10 0.1248 0.5923 0.1428 0.0588 0.0813 
        D159 10 0.0297 0.0289 0.8914 0.0262 0.0238 
        D160 10 0.6678 0.0262 0.2615 0.0166 0.0279 
        D161 10 0.1502 0.1038 0.1572 0.4845 0.1043 
        D162 10 0.1225 0.4932 0.1417 0.2087 0.0339 
        D169 10 0.0409 0.0227 0.0564 0.0551 0.8249 
        D170 10 0.0724 0.1288 0.0340 0.0720 0.6929 
        D171 10 0.1459 0.6263 0.0385 0.1176 0.0717 
        D172 10 0.0534 0.6417 0.1182 0.0896 0.0970 
