        D174  1 0.0995 0.2439 0.6047 0.0519 
        D199  1 0.3873 0.0775 0.2706 0.2646 
        D203  1 0.3674 0.2850 0.1112 0.2364 
        D204  1 0.8757 0.0392 0.0409 0.0442 
     D237366  1 0.1783 0.5150 0.1417 0.1650 
     D237367  1 0.3553 0.4389 0.0773 0.1284 
     D237368  1 0.2834 0.5066 0.1015 0.1085 
     D244101  1 0.7359 0.0274 0.0439 0.1928 
     D244102  1 0.2186 0.3158 0.2906 0.1751 
     D244103  1 0.4547 0.3712 0.0888 0.0853 
     D244104  1 0.6372 0.0764 0.1966 0.0898 
     D244105  1 0.1471 0.7592 0.0318 0.0619 
     D244106  1 0.1000 0.0855 0.5825 0.2321 
     D244107  1 0.2883 0.5671 0.0373 0.1073 
     D244108  1 0.1466 0.2006 0.5527 0.1001 
     D244113  1 0.0507 0.0533 0.7980 0.0979 
     D244114  1 0.2603 0.1431 0.2860 0.3107 
     D244115  1 0.1955 0.1740 0.5714 0.0590 
     D267365  1 0.3778 0.0933 0.4373 0.0915 
        D404  1 0.0587 0.0627 0.7394 0.1392 
        D405  1 0.2064 0.1352 0.4282 0.2302 
        D406  1 0.0960 0.8253 0.0518 0.0269 
        D407  1 0.5708 0.1992 0.0513 0.1787 
        D408  1 0.0589 0.0396 0.8187 0.0829 
        D409  1 0.4980 0.3155 0.0751 0.1113 
        D410  1 0.0981 0.6892 0.1919 0.0209 
        D421  1 0.7934 0.0377 0.0834 0.0855 
        D422  1 0.0865 0.8519 0.0212 0.0404 
        D423  1 0.0719 0.7671 0.1140 0.0469 
        D424  1 0.7262 0.1838 0.0597 0.0303 
        D425  1 0.5057 0.0718 0.3631 0.0594 
        D426  1 0.4136 0.2826 0.0661 0.2377 
        D427  1 0.1780 0.0494 0.1466 0.6260 
        D428  1 0.4350 0.1633 0.2768 0.1249 
        D429  1 0.4169 0.1233 0.3736 0.0861 
        D430  1 0.2354 0.1653 0.3156 0.2836 
        D491  1 0.0937 0.0411 0.8391 0.0261 
        D492  1 0.3948 0.1974 0.2940 0.1138 
        D537  1 0.7470 0.1186 0.0786 0.0557 
        D538  1 0.1917 0.4434 0.2112 0.1538 
        D539  1 0.0725 0.2269 0.4452 0.2554 
        D540  1 0.4980 0.2124 0.1982 0.0914 
        D541  1 0.8671 0.0532 0.0324 0.0473 
        D551  1 0.1963 0.1100 0.0957 0.5980 
        D552  1 0.2857 0.2972 0.3159 0.1012 
        D553  1 0.8772 0.0332 0.0542 0.0354 
        D615  1 0.3708 0.2896 0.1805 0.1590 
        D616  1 0.3481 0.2798 0.1570 0.2151 
        D621  1 0.0711 0.6077 0.2513 0.0699 
        D622  1 0.0867 0.7767 0.0832 0.0535 
        D623  1 0.1237 0.0516 0.5045 0.3202 
        D624  1 0.0551 0.0574 0.8561 0.0315 
        D625  1 0.6685 0.1766 0.1209 0.0340 
        D626  1 0.1139 0.2643 0.5412 0.0806 
        D627  1 0.4717 0.3222 0.0685 0.1376 
        D690  1 0.7139 0.1331 0.1274 0.0256 
        D691  1 0.1348 0.7766 0.0506 0.0379 
        D710  1 0.6129 0.1053 0.2144 0.0674 
        D711  1 0.7393 0.1198 0.0811 0.0597 
        D712  1 0.0638 0.0721 0.8029 0.0612 
        D713  1 0.2485 0.1318 0.5492 0.0705 
        D746  1 0.0922 0.8461 0.0327 0.0291 
        D747  1 0.8491 0.0421 0.0465 0.0623 
        D748  1 0.3824 0.4951 0.0842 0.0383 
        D749  1 0.0611 0.5073 0.2389 0.1927 
        D750  1 0.2244 0.1063 0.6270 0.0423 
        D763  1 0.4055 0.1259 0.0887 0.3800 
        D764  1 0.4572 0.1625 0.3450 0.0354 
        D765  1 0.0637 0.6868 0.2135 0.0359 
        D766  1 0.3128 0.5082 0.1355 0.0435 
        D767  1 0.3126 0.3705 0.1049 0.2120 
        D768  1 0.8862 0.0541 0.0276 0.0322 
        D811  1 0.0614 0.1214 0.7519 0.0653 
        D816  1 0.7905 0.0522 0.1275 0.0298 
        D825  1 0.1437 0.2353 0.5808 0.0402 
        D866  1 0.0810 0.0956 0.4600 0.3635 
        D867  1 0.0597 0.8317 0.0452 0.0634 
        D871  1 0.5248 0.3001 0.0840 0.0911 
        D872  1 0.4622 0.3697 0.0953 0.0728 
        D873  1 0.0187 0.7721 0.1807 0.0285 
        D874  1 0.4794 0.0402 0.3772 0.1031 
        D875  1 0.4244 0.4762 0.0466 0.0528 
        D876  1 0.6282 0.1239 0.2005 0.0475 
        D877  1 0.2221 0.0393 0.6428 0.0958 
        D892  1 0.3782 0.3429 0.2433 0.0356 
        D893  1 0.6756 0.1726 0.0599 0.0920 
        D894  1 0.6500 0.1367 0.1358 0.0775 
        D915  1 0.5035 0.3114 0.1416 0.0435 
        D916  1 0.8623 0.0630 0.0447 0.0301 
        D917  1 0.3627 0.0628 0.4149 0.1596 
        D925  1 0.1056 0.6004 0.2613 0.0327 
        D926  1 0.5439 0.1449 0.2550 0.0562 
        D927  1 0.4480 0.0743 0.1070 0.3707 
        D928  1 0.1311 0.0350 0.8029 0.0311 
        D929  1 0.2505 0.3010 0.3092 0.1392 
        D936  1 0.6851 0.0587 0.0973 0.1590 
        D938  1 0.0480 0.8832 0.0424 0.0264 
        D956  1 0.0523 0.0726 0.7724 0.1026 
        D957  1 0.3153 0.4818 0.1372 0.0658 
        D958  1 0.4186 0.3319 0.2131 0.0364 
        D959  1 0.6219 0.2102 0.0445 0.1234 
        D960  1 0.0484 0.8441 0.0669 0.0405 
        D989  1 0.0996 0.0483 0.6572 0.1949 
        D990  1 0.0275 0.7406 0.1456 0.0863 
        D023  2 0.3527 0.5769 0.0286 0.0419 
        D130  2 0.0885 0.8456 0.0249 0.0410 
        D131  2 0.6291 0.1816 0.0787 0.1106 
        D163  2 0.1101 0.8132 0.0434 0.0333 
        D164  2 0.0280 0.4180 0.0704 0.4836 
        D165  2 0.1779 0.7146 0.0307 0.0767 
        D166  2 0.2129 0.4227 0.1494 0.2149 
        D167  2 0.0266 0.0342 0.0659 0.8732 
        D192  2 0.0211 0.0227 0.0298 0.9264 
        D193  2 0.0926 0.1603 0.5818 0.1653 
        D206  2 0.3750 0.2125 0.0831 0.3294 
        D207  2 0.1618 0.0774 0.0571 0.7036 
        D208  2 0.0843 0.1021 0.4910 0.3226 
        D209  2 0.2106 0.1148 0.0689 0.6056 
        D210  2 0.1367 0.0686 0.4689 0.3258 
     D229599  2 0.4729 0.1494 0.2084 0.1693 
     D229600  2 0.0581 0.4637 0.0469 0.4313 
     D237227  2 0.0682 0.1273 0.6997 0.1049 
     D237228  2 0.0503 0.3165 0.5354 0.0977 
     D237258  2 0.1507 0.2002 0.2624 0.3866 
     D237310  2 0.0333 0.6260 0.2262 0.1145 
     D237311  2 0.0337 0.5980 0.1461 0.2222 
     D237312  2 0.0735 0.6135 0.2360 0.0770 
     D237313  2 0.3479 0.2253 0.3339 0.0929 
     D237322  2 0.1067 0.1571 0.2638 0.4724 
     D237323  2 0.0388 0.6015 0.3065 0.0532 
     D237324  2 0.1530 0.4555 0.0381 0.3535 
     D237325  2 0.0927 0.6000 0.2085 0.0988 
     D237326  2 0.2095 0.5174 0.2192 0.0539 
     D237327  2 0.2111 0.0973 0.1188 0.5727 
     D237337  2 0.0607 0.6874 0.2182 0.0337 
     D237338  2 0.1227 0.4743 0.2197 0.1834 
     D237339  2 0.5000 0.0433 0.0420 0.4147 
     D237340  2 0.0506 0.3221 0.3505 0.2768 
     D237389  2 0.0554 0.6451 0.2005 0.0990 
     D237390  2 0.1090 0.5238 0.2958 0.0713 
     D244017  2 0.0812 0.0928 0.4884 0.3377 
     D244112  2 0.0248 0.1187 0.0450 0.8115 
     D244118  2 0.0288 0.2552 0.0313 0.6847 
     D244119  2 0.0465 0.0427 0.5133 0.3975 
     D244120  2 0.0417 0.1125 0.2343 0.6115 
     D244122  2 0.0547 0.0826 0.0994 0.7633 
        D291  2 0.2026 0.1776 0.1793 0.4405 
        D292  2 0.2403 0.0574 0.2141 0.4882 
        D293  2 0.4838 0.0223 0.0280 0.4660 
        D322  2 0.5164 0.0448 0.0305 0.4083 
        D323  2 0.3305 0.0980 0.2572 0.3142 
        D324  2 0.4181 0.1890 0.1922 0.2007 
        D325  2 0.1710 0.0488 0.0181 0.7622 
        D326  2 0.9216 0.0200 0.0348 0.0236 
        D340  2 0.0380 0.0256 0.0230 0.9134 
        D341  2 0.0428 0.0568 0.0521 0.8483 
        D342  2 0.0597 0.2026 0.0576 0.6801 
        D343  2 0.0343 0.0145 0.0120 0.9392 
        D344  2 0.6217 0.0999 0.1350 0.1435 
        D345  2 0.5696 0.1860 0.1444 0.1000 
        D346  2 0.1209 0.0491 0.6795 0.1505 
        D351  2 0.6775 0.1533 0.0569 0.1123 
        D352  2 0.3223 0.1360 0.2257 0.3160 
        D353  2 0.8562 0.0420 0.0432 0.0587 
        D354  2 0.5053 0.1044 0.3132 0.0772 
        D362  2 0.6684 0.1302 0.1420 0.0593 
        D363  2 0.7088 0.0643 0.1798 0.0471 
        D364  2 0.6837 0.0702 0.1635 0.0826 
        D365  2 0.0552 0.0181 0.0234 0.9033 
        D369  2 0.3241 0.1262 0.3043 0.2454 
        D374  2 0.0373 0.0409 0.8266 0.0952 
        D375  2 0.5180 0.1612 0.1791 0.1417 
        D376  2 0.0344 0.0655 0.7867 0.1134 
        D377  2 0.1285 0.3107 0.4260 0.1347 
        D378  2 0.6950 0.0697 0.0449 0.1904 
        D379  2 0.8609 0.0395 0.0516 0.0481 
        D384  2 0.8801 0.0276 0.0555 0.0368 
        D385  2 0.0458 0.0231 0.0529 0.8781 
        D386  2 0.7387 0.0919 0.0461 0.1233 
        D391  2 0.0875 0.0239 0.0312 0.8574 
        D392  2 0.1140 0.1156 0.0886 0.6819 
        D393  2 0.6631 0.0821 0.0661 0.1887 
        D394  2 0.2937 0.4353 0.1025 0.1686 
        D395  2 0.2015 0.0519 0.0634 0.6833 
        D401  2 0.0408 0.6681 0.2392 0.0519 
        D402  2 0.0389 0.0281 0.0353 0.8977 
        D403  2 0.5896 0.2688 0.0550 0.0867 
        D415  2 0.8095 0.1252 0.0297 0.0355 
        D435  2 0.6203 0.1072 0.0293 0.2431 
        D436  2 0.5939 0.1076 0.1639 0.1346 
        D438  2 0.0261 0.0222 0.0317 0.9200 
        D439  2 0.6101 0.1151 0.0392 0.2356 
        D449  2 0.2830 0.0844 0.0377 0.5949 
        D450  2 0.3048 0.1642 0.4666 0.0644 
        D456  2 0.9147 0.0405 0.0253 0.0195 
        D462  2 0.1048 0.0249 0.0228 0.8475 
        D463  2 0.9179 0.0247 0.0386 0.0188 
        D464  2 0.6559 0.0651 0.1269 0.1521 
        D465  2 0.4226 0.1281 0.0525 0.3968 
        D473  2 0.0668 0.1490 0.7068 0.0774 
        D474  2 0.5750 0.0978 0.1501 0.1770 
        D476  2 0.2044 0.4996 0.0274 0.2685 
        D477  2 0.6250 0.0692 0.2246 0.0811 
        D478  2 0.2861 0.2674 0.3253 0.1212 
        D480  2 0.5397 0.0507 0.1549 0.2547 
        D481  2 0.5154 0.1426 0.2028 0.1391 
        D482  2 0.1208 0.1633 0.4228 0.2931 
        D483  2 0.0298 0.0289 0.0617 0.8796 
        D484  2 0.2118 0.1024 0.2541 0.4316 
        D510  2 0.0388 0.0367 0.8569 0.0675 
        D511  2 0.6634 0.0670 0.0598 0.2098 
        D512  2 0.1043 0.5678 0.0898 0.2381 
        D513  2 0.2348 0.1183 0.1161 0.5308 
        D635  2 0.7140 0.1798 0.0574 0.0488 
        D636  2 0.0588 0.8682 0.0463 0.0267 
        D637  2 0.1738 0.1213 0.2487 0.4562 
        D658  2 0.0621 0.0684 0.1440 0.7255 
        D659  2 0.8040 0.0748 0.0544 0.0668 
        D677  2 0.3557 0.3792 0.0936 0.1715 
        D678  2 0.0537 0.0786 0.0649 0.8028 
        D679  2 0.6499 0.0664 0.1120 0.1718 
        D719  2 0.3073 0.0340 0.4365 0.2222 
        D720  2 0.6829 0.0689 0.1594 0.0888 
        D721  2 0.2828 0.4761 0.0669 0.1743 
        D722  2 0.0651 0.0680 0.7301 0.1368 
        D734  2 0.2071 0.0365 0.4775 0.2789 
        D735  2 0.4974 0.1525 0.1766 0.1735 
        D736  2 0.1757 0.0818 0.5635 0.1790 
        D737  2 0.0916 0.1145 0.1010 0.6929 
        D807  2 0.2899 0.1115 0.4462 0.1525 
        D808  2 0.2716 0.4395 0.0772 0.2118 
        D817  2 0.5588 0.1184 0.2561 0.0667 
        D818  2 0.3113 0.2059 0.0563 0.4265 
        D819  2 0.4742 0.2167 0.2129 0.0962 
        D820  2 0.8778 0.0328 0.0355 0.0539 
        D895  2 0.7070 0.1413 0.0800 0.0718 
        D896  2 0.0337 0.7244 0.2189 0.0230 
        D897  2 0.0647 0.1005 0.0456 0.7892 
        D898  2 0.2770 0.2289 0.3606 0.1335 
        D918  2 0.1578 0.4923 0.1312 0.2187 
        D919  2 0.5895 0.0522 0.0412 0.3172 
        D920  2 0.0439 0.8666 0.0492 0.0403 
        D923  2 0.8399 0.0512 0.0638 0.0451 
        D930  2 0.4824 0.1336 0.2682 0.1158 
        D931  2 0.5347 0.0749 0.1463 0.2440 
        D968  2 0.0564 0.0218 0.0201 0.9017 
        D969  2 0.4949 0.0617 0.1093 0.3341 
        D977  2 0.1432 0.0785 0.0389 0.7395 
        D978  2 0.1418 0.0946 0.1551 0.6085 
        D211  3 0.1298 0.7497 0.0620 0.0585 
     D229639  3 0.0776 0.0502 0.3099 0.5624 
     D237212  3 0.3544 0.1881 0.1235 0.3340 
     D237213  3 0.3009 0.4583 0.0969 0.1439 
     D237214  3 0.1490 0.7397 0.0601 0.0511 
     D237215  3 0.0254 0.0295 0.1631 0.7820 
     D237216  3 0.2118 0.4312 0.0825 0.2745 
     D237217  3 0.1818 0.6701 0.0297 0.1185 
     D237218  3 0.2885 0.1265 0.1012 0.4837 
     D237219  3 0.0636 0.5555 0.2595 0.1213 
     D237382  3 0.2576 0.3181 0.2631 0.1612 
     D244127  3 0.0755 0.6455 0.1021 0.1769 
     D244129  3 0.3959 0.3339 0.1294 0.1409 
     D244133  3 0.1502 0.1860 0.4176 0.2462 
     D244134  3 0.0754 0.1504 0.4705 0.3037 
     D244135  3 0.1180 0.7502 0.0372 0.0946 
     D244136  3 0.2829 0.1158 0.4576 0.1437 
        D416  3 0.3454 0.2156 0.0908 0.3482 
        D417  3 0.7452 0.1442 0.0595 0.0511 
        D419  3 0.2424 0.3256 0.2092 0.2228 
        D565  3 0.0625 0.0277 0.8619 0.0478 
        D566  3 0.0777 0.0515 0.5768 0.2940 
        D567  3 0.7110 0.1648 0.0656 0.0585 
        D568  3 0.3418 0.3578 0.0427 0.2578 
        D569  3 0.2764 0.1907 0.0818 0.4511 
        D573  3 0.2976 0.0525 0.0515 0.5985 
        D574  3 0.1032 0.1255 0.6951 0.0761 
        D575  3 0.2039 0.2105 0.4299 0.1557 
        D576  3 0.0192 0.0397 0.0746 0.8665 
        D577  3 0.6730 0.1227 0.1343 0.0700 
        D578  3 0.0402 0.8888 0.0218 0.0491 
        D579  3 0.3091 0.1102 0.3568 0.2239 
        D660  3 0.0758 0.2224 0.0621 0.6397 
        D661  3 0.1012 0.0771 0.0681 0.7536 
        D663  3 0.1766 0.0458 0.1117 0.6660 
        D664  3 0.0510 0.4602 0.2866 0.2022 
        D665  3 0.0882 0.6244 0.0601 0.2273 
        D666  3 0.1750 0.3100 0.3978 0.1172 
        D009  4 0.3206 0.5092 0.0634 0.1068 
        D057  4 0.1869 0.2579 0.0611 0.4941 
        D109  4 0.0944 0.6502 0.2102 0.0452 
     D237222  4 0.0847 0.7026 0.1384 0.0742 
     D237223  4 0.0929 0.5820 0.1672 0.1579 
     D237224  4 0.4095 0.0765 0.1099 0.4041 
     D237225  4 0.3392 0.4267 0.0981 0.1360 
     D237299  4 0.1422 0.6498 0.0916 0.1164 
     D237300  4 0.0323 0.0464 0.2472 0.6741 
     D237306  4 0.1284 0.1755 0.6261 0.0699 
     D237307  4 0.3491 0.1154 0.3978 0.1377 
     D237308  4 0.0930 0.1193 0.1367 0.6510 
     D237309  4 0.4805 0.3073 0.0671 0.1451 
     D237317  4 0.2045 0.0878 0.6363 0.0713 
     D237318  4 0.0596 0.0301 0.1973 0.7131 
     D237319  4 0.1925 0.5224 0.1395 0.1455 
     D237320  4 0.1788 0.4661 0.0944 0.2607 
     D237321  4 0.1027 0.0901 0.2208 0.5864 
     D237397  4 0.1320 0.3086 0.3045 0.2549 
     D237398  4 0.2756 0.0981 0.1059 0.5203 
     D237399  4 0.2503 0.2030 0.3559 0.1907 
     D244001  4 0.0725 0.6630 0.0545 0.2100 
        D289  4 0.3711 0.0911 0.3118 0.2260 
        D290  4 0.3415 0.2637 0.1079 0.2868 
        D294  4 0.4407 0.1141 0.1657 0.2796 
        D295  4 0.4472 0.2864 0.1505 0.1158 
        D301  4 0.0428 0.7331 0.0871 0.1370 
        D302  4 0.7945 0.0682 0.0585 0.0788 
        D303  4 0.0880 0.1016 0.7080 0.1024 
        D304  4 0.3341 0.1587 0.2136 0.2936 
        D305  4 0.3033 0.1827 0.0420 0.4720 
        D306  4 0.4114 0.2719 0.1791 0.1376 
        D307  4 0.0293 0.8198 0.0855 0.0654 
        D327  4 0.7139 0.0784 0.1228 0.0849 
        D328  4 0.1229 0.1168 0.6458 0.1145 
        D329  4 0.2470 0.1795 0.1199 0.4536 
        D330  4 0.5630 0.2918 0.0497 0.0955 
        D331  4 0.2361 0.2266 0.3033 0.2339 
        D333  4 0.1797 0.2264 0.3436 0.2502 
        D334  4 0.1864 0.1524 0.6055 0.0557 
        D335  4 0.6900 0.0557 0.1106 0.1437 
        D370  4 0.1148 0.2271 0.5156 0.1426 
        D371  4 0.1373 0.0292 0.7772 0.0562 
        D372  4 0.0361 0.0481 0.1854 0.7304 
        D373  4 0.0707 0.6132 0.0600 0.2561 
        D455  4 0.0668 0.7868 0.0410 0.1054 
        D490  4 0.0387 0.9045 0.0338 0.0231 
        D497  4 0.0445 0.8613 0.0462 0.0480 
        D498  4 0.1107 0.2691 0.4090 0.2112 
        D499  4 0.1270 0.0897 0.2941 0.4892 
        D514  4 0.7052 0.1276 0.0786 0.0886 
        D515  4 0.1385 0.7160 0.0812 0.0643 
        D516  4 0.2202 0.4078 0.2124 0.1596 
        D517  4 0.0956 0.7074 0.0398 0.1573 
        D518  4 0.2638 0.3056 0.2228 0.2077 
        D519  4 0.1195 0.7291 0.0452 0.1062 
        D560  4 0.1911 0.5370 0.0495 0.2224 
        D561  4 0.5145 0.3882 0.0267 0.0706 
        D562  4 0.2421 0.3372 0.2079 0.2128 
        D563  4 0.1937 0.1109 0.0426 0.6527 
        D572  4 0.5667 0.1721 0.1033 0.1579 
        D629  4 0.5496 0.2496 0.1229 0.0779 
        D630  4 0.3125 0.3115 0.2273 0.1487 
        D631  4 0.2565 0.1180 0.1265 0.4990 
        D632  4 0.1370 0.4917 0.0764 0.2949 
        D646  4 0.4348 0.4011 0.0669 0.0972 
        D647  4 0.5652 0.2802 0.0323 0.1224 
        D648  4 0.1025 0.1042 0.6077 0.1856 
        D649  4 0.5939 0.2639 0.0829 0.0593 
        D650  4 0.3260 0.2548 0.3033 0.1159 
        D708  4 0.1468 0.1046 0.6461 0.1025 
        D709  4 0.2846 0.2809 0.2773 0.1571 
        D738  4 0.1432 0.2716 0.5357 0.0495 
        D739  4 0.1576 0.5500 0.1198 0.1726 
        D740  4 0.0912 0.2734 0.2860 0.3494 
        D741  4 0.4234 0.3690 0.0399 0.1676 
        D742  4 0.1295 0.1332 0.2103 0.5269 
        D743  4 0.7943 0.0408 0.0622 0.1028 
        D744  4 0.5855 0.0715 0.0651 0.2779 
        D745  4 0.0590 0.8410 0.0483 0.0518 
        D814  4 0.1457 0.1280 0.0475 0.6788 
        D815  4 0.5464 0.1060 0.1878 0.1598 
        D828  4 0.0465 0.1081 0.5249 0.3204 
        D845  4 0.0481 0.0261 0.2773 0.6485 
        D846  4 0.4585 0.1409 0.0305 0.3701 
        D847  4 0.2854 0.3176 0.2096 0.1874 
        D848  4 0.0449 0.5700 0.0507 0.3344 
        D849  4 0.1087 0.7258 0.0564 0.1092 
        D850  4 0.4604 0.2517 0.1279 0.1599 
        D856  4 0.2265 0.5337 0.1533 0.0866 
        D857  4 0.0255 0.7189 0.1975 0.0580 
        D859  4 0.4740 0.0934 0.1538 0.2788 
        D860  4 0.2324 0.0521 0.4696 0.2460 
        D883  4 0.3075 0.2856 0.3118 0.0950 
        D884  4 0.1856 0.4853 0.2763 0.0528 
        D885  4 0.3108 0.1751 0.0810 0.4331 
        D886  4 0.2752 0.5379 0.0681 0.1188 
        D887  4 0.2536 0.1388 0.1908 0.4168 
        D889  4 0.2456 0.0866 0.1990 0.4689 
        D890  4 0.1394 0.1621 0.5354 0.1630 
        D891  4 0.0370 0.0213 0.2185 0.7232 
        D899  4 0.0923 0.0507 0.2879 0.5691 
        D900  4 0.4473 0.2208 0.1679 0.1640 
        D970  4 0.4906 0.1394 0.1471 0.2229 
        D971  4 0.1614 0.0789 0.1232 0.6365 
        D979  4 0.7064 0.0472 0.1228 0.1237 
        D093  5 0.0739 0.0888 0.7494 0.0879 
        D154  5 0.1253 0.1258 0.1915 0.5574 
        D168  5 0.1794 0.2741 0.0724 0.4741 
        D189  5 0.0764 0.1035 0.5683 0.2517 
        D190  5 0.0539 0.0364 0.8383 0.0714 
     D237220  5 0.1282 0.5253 0.1969 0.1495 
     D237221  5 0.1890 0.0887 0.4660 0.2563 
     D237274  5 0.8580 0.0425 0.0453 0.0542 
     D237275  5 0.0340 0.0582 0.0561 0.8517 
     D237276  5 0.1688 0.3714 0.3430 0.1168 
     D237277  5 0.0772 0.0473 0.6621 0.2135 
     D237278  5 0.0717 0.1361 0.2633 0.5290 
     D237279  5 0.2962 0.5519 0.0621 0.0898 
     D237280  5 0.2723 0.4544 0.1987 0.0747 
     D237281  5 0.1613 0.0347 0.0565 0.7475 
     D237351  5 0.0563 0.6035 0.2905 0.0497 
     D237352  5 0.2737 0.4358 0.1328 0.1577 
     D237353  5 0.0379 0.0257 0.8778 0.0585 
     D237359  5 0.1619 0.3910 0.1748 0.2724 
     D237361  5 0.0367 0.0309 0.8970 0.0353 
     D237362  5 0.3135 0.1163 0.4233 0.1469 
     D237363  5 0.2389 0.1982 0.1856 0.3774 
     D237364  5 0.2758 0.2284 0.0537 0.4421 
     D237376  5 0.0453 0.0520 0.7578 0.1449 
     D237377  5 0.4866 0.2086 0.2346 0.0702 
     D237378  5 0.0400 0.0630 0.7337 0.1632 
     D237379  5 0.1121 0.1209 0.5964 0.1706 
     D237380  5 0.0534 0.5699 0.3142 0.0625 
     D237381  5 0.1275 0.5441 0.1977 0.1307 
     D237391  5 0.0959 0.0623 0.7540 0.0878 
     D237392  5 0.6066 0.1075 0.1009 0.1851 
     D237393  5 0.4305 0.1295 0.3341 0.1060 
     D237394  5 0.0556 0.0270 0.8970 0.0204 
     D237395  5 0.0768 0.1965 0.5628 0.1639 
     D237396  5 0.6475 0.0949 0.1417 0.1158 
     D244016  5 0.2012 0.0768 0.4755 0.2465 
     D244018  5 0.0960 0.1495 0.2553 0.4992 
     D244019  5 0.4510 0.0871 0.2149 0.2470 
        D279  5 0.1153 0.1244 0.1778 0.5825 
        D280  5 0.2269 0.1347 0.4673 0.1711 
        D281  5 0.0895 0.0355 0.1711 0.7039 
        D283  5 0.3014 0.0586 0.5452 0.0948 
        D284  5 0.1555 0.5650 0.1048 0.1748 
        D285  5 0.1724 0.0867 0.6211 0.1198 
        D286  5 0.2498 0.1972 0.4060 0.1470 
        D287  5 0.0422 0.1379 0.7189 0.1010 
        D288  5 0.3110 0.0618 0.4103 0.2169 
        D308  5 0.1042 0.6836 0.1859 0.0263 
        D309  5 0.7939 0.0654 0.0376 0.1032 
        D310  5 0.0308 0.0312 0.9017 0.0364 
        D311  5 0.2865 0.1275 0.4197 0.1663 
        D312  5 0.2305 0.1339 0.5268 0.1087 
        D313  5 0.0193 0.8504 0.1113 0.0191 
        D314  5 0.0790 0.2451 0.2526 0.4233 
        D315  5 0.3096 0.1329 0.4684 0.0891 
        D317  5 0.0653 0.0370 0.8498 0.0479 
        D318  5 0.3928 0.2090 0.1767 0.2216 
        D319  5 0.0471 0.0534 0.8423 0.0572 
        D320  5 0.0684 0.0636 0.8222 0.0458 
        D321  5 0.1045 0.5319 0.2864 0.0771 
        D336  5 0.1296 0.0503 0.7512 0.0689 
        D337  5 0.0505 0.0218 0.8756 0.0521 
        D338  5 0.2119 0.3043 0.2307 0.2531 
        D339  5 0.0497 0.0730 0.7507 0.1266 
        D347  5 0.4192 0.0714 0.2429 0.2664 
        D348  5 0.0641 0.0267 0.8103 0.0990 
        D349  5 0.0378 0.6530 0.2676 0.0417 
        D350  5 0.6492 0.0796 0.0584 0.2128 
        D355  5 0.4180 0.0471 0.0950 0.4399 
        D356  5 0.2615 0.1888 0.4837 0.0660 
        D357  5 0.1906 0.1373 0.4600 0.2121 
        D358  5 0.2334 0.1181 0.5347 0.1138 
        D359  5 0.3914 0.0366 0.5371 0.0349 
        D360  5 0.1621 0.1455 0.6279 0.0646 
        D361  5 0.0348 0.7138 0.2191 0.0323 
        D366  5 0.5976 0.0581 0.0458 0.2985 
        D367  5 0.0526 0.0844 0.7954 0.0676 
        D368  5 0.1673 0.2511 0.5152 0.0664 
        D380  5 0.6100 0.1216 0.0946 0.1739 
        D381  5 0.1288 0.0580 0.6894 0.1239 
        D400  5 0.1558 0.0960 0.4098 0.3384 
        D411  5 0.0351 0.8922 0.0343 0.0384 
        D412  5 0.2166 0.2314 0.2067 0.3453 
        D413  5 0.0933 0.0789 0.0568 0.7710 
        D414  5 0.2247 0.0701 0.0760 0.6292 
        D420  5 0.1231 0.4243 0.2506 0.2019 
        D431  5 0.0458 0.1711 0.4687 0.3144 
        D432  5 0.0995 0.1404 0.5755 0.1847 
        D433  5 0.0763 0.0690 0.7100 0.1448 
        D434  5 0.1920 0.1063 0.6284 0.0732 
        D440  5 0.6609 0.0898 0.0612 0.1881 
        D447  5 0.7558 0.1129 0.0418 0.0895 
        D448  5 0.0917 0.0436 0.7347 0.1300 
        D459  5 0.2078 0.0349 0.0944 0.6629 
        D460  5 0.1314 0.5579 0.2657 0.0450 
        D461  5 0.7857 0.0338 0.0682 0.1122 
        D468  5 0.2919 0.1328 0.4747 0.1007 
        D469  5 0.5232 0.1968 0.2039 0.0761 
        D470  5 0.1535 0.4455 0.2758 0.1253 
        D471  5 0.1190 0.0372 0.6755 0.1683 
        D472  5 0.7571 0.0316 0.0380 0.1734 
        D479  5 0.0601 0.0399 0.0527 0.8473 
        D485  5 0.1418 0.1662 0.4210 0.2709 
        D486  5 0.2442 0.3025 0.3666 0.0867 
        D487  5 0.0565 0.0824 0.3514 0.5097 
        D555  5 0.0444 0.0347 0.8380 0.0829 
        D556  5 0.0880 0.0928 0.5746 0.2445 
        D557  5 0.0640 0.0311 0.8390 0.0660 
        D564  5 0.1934 0.1400 0.5599 0.1067 
        D594  5 0.4462 0.0993 0.2564 0.1981 
        D595  5 0.2396 0.1082 0.4795 0.1727 
        D596  5 0.0350 0.0326 0.8676 0.0648 
        D597  5 0.2487 0.0624 0.3424 0.3464 
        D598  5 0.1380 0.1779 0.5473 0.1369 
        D617  5 0.0491 0.6869 0.0427 0.2213 
        D618  5 0.1306 0.0719 0.6194 0.1781 
        D619  5 0.3093 0.2234 0.3666 0.1007 
        D620  5 0.0661 0.0345 0.0442 0.8552 
        D628  5 0.2294 0.2451 0.2742 0.2513 
        D714  5 0.0578 0.0595 0.5955 0.2872 
        D715  5 0.1666 0.0363 0.6690 0.1281 
        D716  5 0.2802 0.0845 0.2747 0.3606 
        D717  5 0.4437 0.1708 0.2673 0.1182 
        D718  5 0.0556 0.4716 0.3185 0.1543 
        D769  5 0.0695 0.6403 0.0518 0.2384 
        D770  5 0.1093 0.0661 0.3373 0.4872 
        D771  5 0.1183 0.1857 0.2051 0.4908 
        D772  5 0.1748 0.0927 0.6135 0.1190 
        D782  5 0.2785 0.3425 0.0898 0.2891 
        D783  5 0.1078 0.0636 0.1985 0.6302 
        D784  5 0.6676 0.0758 0.1634 0.0932 
        D785  5 0.0621 0.0782 0.8150 0.0446 
        D786  5 0.2821 0.5252 0.0520 0.1408 
        D821  5 0.0246 0.0205 0.9258 0.0291 
        D822  5 0.5872 0.0672 0.2452 0.1005 
        D826  5 0.0859 0.0588 0.4690 0.3864 
        D827  5 0.7083 0.1008 0.0755 0.1155 
        D851  5 0.3321 0.1779 0.2895 0.2005 
        D852  5 0.0773 0.1012 0.3468 0.4747 
        D853  5 0.1643 0.1428 0.5545 0.1384 
        D854  5 0.3611 0.2047 0.1146 0.3196 
        D861  5 0.1666 0.1755 0.3547 0.3033 
        D862  5 0.3305 0.0697 0.5424 0.0574 
        D865  5 0.0434 0.0604 0.8156 0.0807 
        D868  5 0.6176 0.1397 0.1582 0.0845 
        D869  5 0.0626 0.8185 0.0749 0.0440 
        D870  5 0.5178 0.3527 0.0300 0.0995 
        D907  5 0.0519 0.1351 0.7452 0.0678 
        D908  5 0.0395 0.0722 0.4049 0.4834 
        D910  5 0.1111 0.0566 0.5600 0.2723 
        D911  5 0.3309 0.0446 0.1162 0.5083 
        D934  5 0.1582 0.0728 0.2610 0.5081 
        D946  5 0.0738 0.1497 0.2923 0.4841 
        D947  5 0.4192 0.1575 0.2219 0.2015 
        D948  5 0.0557 0.5762 0.3380 0.0301 
        D949  5 0.0597 0.6391 0.2702 0.0310 
        D950  5 0.2285 0.0393 0.1451 0.5871 
        D951  5 0.7954 0.0839 0.0742 0.0465 
        D952  5 0.6680 0.0660 0.1671 0.0989 
        D953  5 0.1325 0.0660 0.7169 0.0846 
        D954  5 0.4582 0.0557 0.4268 0.0594 
        D961  5 0.0679 0.1667 0.5292 0.2363 
        D962  5 0.1304 0.0491 0.7773 0.0431 
        D963  5 0.4307 0.0729 0.3626 0.1338 
        D964  5 0.1459 0.3576 0.2096 0.2869 
        D965  5 0.2587 0.1652 0.2479 0.3282 
        D966  5 0.2491 0.0569 0.4398 0.2542 
        D967  5 0.1078 0.1593 0.4053 0.3276 
        D991  5 0.2287 0.3807 0.2810 0.1096 
        D502  6 0.1366 0.3127 0.0645 0.4862 
        D503  6 0.0881 0.3213 0.1068 0.4838 
        D504  6 0.5093 0.1474 0.1857 0.1576 
        D505  6 0.2136 0.1172 0.4276 0.2416 
        D506  6 0.0442 0.0299 0.8906 0.0352 
        D507  6 0.1721 0.1728 0.1050 0.5501 
        D508  6 0.5188 0.1109 0.1244 0.2459 
        D529  6 0.1987 0.3745 0.2860 0.1408 
        D530  6 0.0644 0.1921 0.5233 0.2202 
        D531  6 0.4136 0.1563 0.2716 0.1585 
        D532  6 0.3342 0.0880 0.4356 0.1422 
        D534  6 0.0967 0.7772 0.0402 0.0858 
        D535  6 0.2526 0.1153 0.5718 0.0603 
        D536  6 0.0433 0.0965 0.0361 0.8241 
        D554  6 0.0911 0.1585 0.6522 0.0983 
        D587  6 0.1335 0.0643 0.7189 0.0833 
        D588  6 0.3890 0.0761 0.4568 0.0782 
        D589  6 0.0842 0.1378 0.2228 0.5552 
        D590  6 0.0754 0.0677 0.0536 0.8034 
        D591  6 0.2161 0.1647 0.3289 0.2904 
        D592  6 0.0750 0.7437 0.0875 0.0938 
        D593  6 0.0468 0.1328 0.5977 0.2227 
        D682  6 0.0421 0.0469 0.8607 0.0503 
        D683  6 0.5155 0.1288 0.2988 0.0568 
        D684  6 0.1453 0.4572 0.0430 0.3545 
        D685  6 0.0571 0.2844 0.2232 0.4353 
        D686  6 0.1115 0.0538 0.6778 0.1570 
        D724  6 0.4436 0.2393 0.0829 0.2343 
        D725  6 0.1263 0.1440 0.3698 0.3598 
        D726  6 0.0461 0.0366 0.8786 0.0387 
        D727  6 0.3673 0.1094 0.1339 0.3895 
        D728  6 0.1087 0.1035 0.7216 0.0662 
        D729  6 0.3862 0.4045 0.0421 0.1672 
        D730  6 0.2367 0.3746 0.0826 0.3061 
        D731  6 0.0215 0.0271 0.7455 0.2059 
        D732  6 0.6182 0.1104 0.1122 0.1592 
        D733  6 0.2557 0.3269 0.2257 0.1918 
     D237251  7 0.0790 0.0881 0.2422 0.5908 
     D237252  7 0.1087 0.4979 0.0718 0.3217 
     D237253  7 0.1463 0.0998 0.2820 0.4718 
     D237254  7 0.0531 0.8549 0.0300 0.0620 
     D237255  7 0.0675 0.0592 0.1597 0.7135 
     D237256  7 0.2268 0.0557 0.0830 0.6345 
     D237257  7 0.2569 0.5173 0.0835 0.1423 
     D237282  7 0.7186 0.1204 0.0343 0.1267 
     D237283  7 0.0288 0.8648 0.0513 0.0550 
     D237284  7 0.0935 0.8277 0.0338 0.0450 
     D237285  7 0.1417 0.1211 0.3962 0.3410 
     D237286  7 0.3929 0.1225 0.3091 0.1756 
     D237287  7 0.2941 0.1158 0.1092 0.4809 
     D244006  7 0.0702 0.8636 0.0247 0.0415 
     D244007  7 0.3082 0.1262 0.0639 0.5017 
     D244008  7 0.0443 0.8142 0.0962 0.0453 
     D244009  7 0.1461 0.6226 0.1718 0.0595 
     D244010  7 0.1436 0.5641 0.1133 0.1790 
     D244011  7 0.1265 0.2190 0.3687 0.2858 
     D244012  7 0.2215 0.2738 0.0843 0.4204 
     D244013  7 0.2046 0.1094 0.2391 0.4469 
     D244014  7 0.1349 0.3239 0.1197 0.4215 
     D244015  7 0.2758 0.5157 0.0653 0.1432 
     D244125  7 0.1920 0.0601 0.4558 0.2922 
     D244126  7 0.0319 0.9122 0.0226 0.0332 
     D244130  7 0.1884 0.3600 0.2030 0.2486 
     D244131  7 0.3225 0.1721 0.3959 0.1094 
     D244132  7 0.3598 0.0680 0.4951 0.0771 
        D520  7 0.1437 0.4415 0.3434 0.0714 
        D521  7 0.2959 0.3485 0.1545 0.2011 
        D522  7 0.2512 0.4935 0.1415 0.1138 
        D523  7 0.0710 0.0670 0.1732 0.6888 
        D524  7 0.1147 0.1998 0.3338 0.3518 
        D525  7 0.0601 0.5250 0.1147 0.3002 
        D526  7 0.0807 0.8283 0.0308 0.0603 
        D527  7 0.4085 0.2001 0.1940 0.1974 
        D528  7 0.4958 0.4292 0.0231 0.0519 
        D558  7 0.5208 0.1415 0.0551 0.2826 
        D559  7 0.5349 0.1374 0.0354 0.2922 
        D640  7 0.2202 0.1112 0.4718 0.1968 
        D641  7 0.0580 0.2210 0.4800 0.2410 
        D642  7 0.1075 0.4593 0.1245 0.3087 
        D644  7 0.1321 0.3221 0.3856 0.1602 
        D645  7 0.1486 0.2859 0.2248 0.3407 
        D662  7 0.1958 0.4817 0.2940 0.0285 
        D687  7 0.2187 0.1596 0.2127 0.4089 
        D688  7 0.4809 0.2501 0.0515 0.2174 
        D689  7 0.1806 0.1017 0.4819 0.2358 
        D700  7 0.5490 0.3624 0.0251 0.0635 
        D797  7 0.2586 0.1726 0.3106 0.2581 
        D798  7 0.1576 0.6138 0.1743 0.0543 
        D799  7 0.0927 0.2197 0.1249 0.5627 
        D800  7 0.6738 0.1140 0.0570 0.1552 
        D132  8 0.0580 0.8490 0.0586 0.0344 
        D133  8 0.0237 0.0784 0.0299 0.8680 
        D200  8 0.2421 0.2474 0.1202 0.3903 
        D500  8 0.0398 0.8917 0.0412 0.0273 
        D614  8 0.1280 0.2689 0.5146 0.0884 
        D723  8 0.4260 0.3437 0.0891 0.1412 
        D888  8 0.0834 0.0573 0.1818 0.6775 
        D901  8 0.0456 0.7413 0.1011 0.1120 
        D902  8 0.0615 0.1253 0.7308 0.0823 
        D903  8 0.6161 0.0529 0.2231 0.1079 
        D904  8 0.4546 0.2154 0.1257 0.2043 
        D905  8 0.0263 0.0261 0.3110 0.6366 
        D906  8 0.2071 0.1123 0.0624 0.6181 
        D937  8 0.0236 0.0546 0.8637 0.0581 
        D943  8 0.2295 0.5146 0.0700 0.1860 
        D972  8 0.3129 0.5141 0.0812 0.0918 
        D973  8 0.6329 0.2279 0.0835 0.0558 
        D974  8 0.2135 0.3052 0.2633 0.2181 
        D975  8 0.2480 0.2700 0.1636 0.3184 
        D976  8 0.1005 0.2955 0.2984 0.3055 
        D201  9 0.2009 0.1588 0.1129 0.5274 
        D202  9 0.0553 0.2122 0.1715 0.5610 
     D237259  9 0.5291 0.2503 0.0521 0.1686 
     D237260  9 0.0341 0.3191 0.0733 0.5736 
     D237262  9 0.0420 0.8822 0.0457 0.0301 
     D237263  9 0.1164 0.5699 0.0794 0.2344 
     D237264  9 0.1475 0.3914 0.2491 0.2120 
     D237265  9 0.0355 0.1109 0.1833 0.6703 
     D237266  9 0.1091 0.2083 0.0565 0.6261 
     D237267  9 0.2300 0.4005 0.2377 0.1318 
     D237268  9 0.1668 0.6056 0.1440 0.0836 
     D237289  9 0.0482 0.1338 0.3382 0.4798 
     D237290  9 0.0477 0.0628 0.0994 0.7901 
     D237291  9 0.0580 0.0945 0.1180 0.7295 
     D237292  9 0.0479 0.3251 0.0421 0.5849 
     D237293  9 0.1764 0.3738 0.3001 0.1497 
     D237294  9 0.0420 0.6553 0.0886 0.2141 
     D237295  9 0.3041 0.3410 0.2955 0.0594 
     D237296  9 0.1389 0.3350 0.2623 0.2639 
     D237297  9 0.1159 0.0993 0.6112 0.1735 
     D237298  9 0.2930 0.2966 0.1376 0.2728 
     D237341  9 0.1874 0.1775 0.1867 0.4483 
     D237342  9 0.0708 0.6758 0.1465 0.1069 
     D237343  9 0.1508 0.4370 0.0785 0.3337 
     D237344  9 0.1101 0.1289 0.4866 0.2745 
     D237345  9 0.0438 0.8672 0.0268 0.0622 
     D237346  9 0.0473 0.1666 0.2535 0.5325 
     D237347  9 0.0883 0.0847 0.6357 0.1913 
     D237348  9 0.1605 0.3710 0.2118 0.2567 
     D237349  9 0.3977 0.1604 0.0439 0.3980 
     D244109  9 0.1352 0.1900 0.0215 0.6533 
     D244110  9 0.1212 0.1195 0.0579 0.7013 
     D244111  9 0.2606 0.1925 0.1510 0.3960 
     D244128  9 0.0469 0.8310 0.0428 0.0793 
     D244137  9 0.6072 0.1652 0.1018 0.1258 
     D244138  9 0.0927 0.1847 0.2531 0.4694 
        D580  9 0.2223 0.6124 0.0981 0.0673 
        D581  9 0.0348 0.0780 0.0513 0.8360 
        D582  9 0.0314 0.8987 0.0381 0.0318 
        D583  9 0.0406 0.0906 0.0411 0.8277 
        D584  9 0.0584 0.2771 0.5540 0.1106 
        D585  9 0.0713 0.6786 0.0608 0.1894 
        D586  9 0.0353 0.0427 0.2819 0.6401 
        D651  9 0.4574 0.1219 0.2357 0.1850 
        D652  9 0.3315 0.4168 0.0824 0.1692 
        D653  9 0.3970 0.1055 0.1514 0.3462 
        D654  9 0.3348 0.1303 0.0565 0.4784 
        D655  9 0.1127 0.0809 0.4877 0.3186 
        D656  9 0.0848 0.7194 0.0523 0.1436 
        D657  9 0.1798 0.3826 0.1175 0.3201 
        D667  9 0.0574 0.0748 0.6651 0.2027 
        D668  9 0.0924 0.4828 0.1986 0.2262 
        D669  9 0.0835 0.1591 0.1329 0.6245 
        D670  9 0.7158 0.0899 0.0886 0.1057 
        D671  9 0.0999 0.1042 0.0862 0.7096 
        D672  9 0.0627 0.7657 0.0537 0.1179 
        D673  9 0.1787 0.2979 0.3498 0.1735 
        D692  9 0.0957 0.5628 0.0412 0.3003 
        D693  9 0.1843 0.2783 0.3734 0.1640 
        D694  9 0.0428 0.7953 0.0650 0.0969 
        D695  9 0.2441 0.4514 0.1880 0.1165 
        D696  9 0.0352 0.0325 0.8892 0.0431 
        D697  9 0.1442 0.1047 0.5613 0.1899 
        D698  9 0.0666 0.1040 0.3258 0.5036 
        D699  9 0.0413 0.1318 0.6667 0.1603 
        D787  9 0.4441 0.2625 0.0856 0.2078 
        D788  9 0.1064 0.1501 0.6701 0.0733 
        D789  9 0.0970 0.4088 0.2782 0.2161 
        D790  9 0.2493 0.2281 0.2315 0.2910 
        D791  9 0.0484 0.0834 0.1892 0.6791 
        D792  9 0.4031 0.2319 0.0892 0.2758 
        D793  9 0.1793 0.0726 0.6386 0.1096 
        D794  9 0.3262 0.1076 0.3805 0.1857 
        D795  9 0.0319 0.7444 0.1384 0.0853 
        D796  9 0.0730 0.1354 0.2874 0.5041 
        D142 10 0.2788 0.1082 0.3696 0.2434 
        D143 10 0.0569 0.0511 0.0957 0.7963 
        D144 10 0.2275 0.2774 0.3766 0.1185 
        D145 10 0.0814 0.0651 0.1765 0.6770 
        D146 10 0.1273 0.6814 0.1411 0.0501 
        D147 10 0.3347 0.3818 0.1059 0.1776 
        D148 10 0.5398 0.2396 0.1018 0.1189 
        D149 10 0.1262 0.0911 0.0786 0.7041 
        D151 10 0.3098 0.3474 0.1179 0.2250 
        D152 10 0.0281 0.0347 0.0398 0.8974 
        D153 10 0.5310 0.1384 0.2691 0.0615 
        D156 10 0.6619 0.0640 0.0689 0.2052 
        D157 10 0.0932 0.2623 0.5131 0.1315 
        D158 10 0.0597 0.2809 0.3317 0.3277 
        D159 10 0.0388 0.0287 0.0385 0.8939 
        D160 10 0.0214 0.0373 0.4538 0.4875 
        D161 10 0.3997 0.1375 0.2549 0.2078 
        D162 10 0.4929 0.0416 0.1715 0.2940 
        D169 10 0.0814 0.7874 0.0651 0.0662 
        D170 10 0.0970 0.7191 0.1015 0.0824 
        D171 10 0.2055 0.1818 0.4553 0.1575 
        D172 10 0.3771 0.2313 0.1513 0.2403 
        D173 10 0.0956 0.0635 0.0225 0.8184 
        D181 10 0.1784 0.0721 0.5662 0.1834 
        D182 10 0.2305 0.2379 0.0992 0.4324 
        D183 10 0.0545 0.1024 0.7961 0.0469 
        D184 10 0.0594 0.8942 0.0201 0.0263 
        D185 10 0.5730 0.1767 0.1471 0.1031 
        D186 10 0.0355 0.8508 0.0347 0.0790 
        D194 10 0.1935 0.5480 0.1281 0.1304 
        D195 10 0.2014 0.0697 0.2974 0.4315 
        D196 10 0.4275 0.0455 0.1949 0.3321 
        D197 10 0.0348 0.6693 0.0903 0.2056 
        D198 10 0.3769 0.2465 0.3224 0.0542 
     D237226 10 0.1768 0.1656 0.1438 0.5139 
     D237232 10 0.0824 0.1320 0.4655 0.3201 
     D237233 10 0.0490 0.1252 0.2283 0.5974 
     D237234 10 0.1699 0.1399 0.4836 0.2066 
     D237354 10 0.0439 0.0247 0.1989 0.7326 
     D237355 10 0.0583 0.0612 0.3064 0.5741 
     D237356 10 0.2666 0.1964 0.4882 0.0488 
     D237357 10 0.1008 0.2371 0.1137 0.5484 
     D237358 10 0.3907 0.3233 0.0986 0.1873 
     D237369 10 0.0927 0.8275 0.0260 0.0537 
     D237370 10 0.0714 0.0858 0.6909 0.1519 
     D237371 10 0.6051 0.1979 0.1038 0.0933 
     D237372 10 0.1202 0.3885 0.0576 0.4338 
     D237373 10 0.0999 0.0768 0.4581 0.3652 
     D237374 10 0.0385 0.0412 0.3393 0.5810 
     D237375 10 0.3641 0.1805 0.1331 0.3223 
     D237400 10 0.0286 0.0254 0.0332 0.9128 
     D244002 10 0.3945 0.4232 0.0389 0.1434 
     D244003 10 0.0225 0.0722 0.4746 0.4307 
     D244004 10 0.0168 0.0473 0.9062 0.0297 
     D244005 10 0.0809 0.2350 0.2053 0.4788 
     D244020 10 0.2912 0.1036 0.4714 0.1339 
     D244021 10 0.0975 0.6122 0.0842 0.2062 
     D244116 10 0.1517 0.5083 0.1370 0.2030 
     D244117 10 0.0700 0.0567 0.5272 0.3461 
     D244121 10 0.0541 0.1542 0.6158 0.1759 
     D244123 10 0.0985 0.1392 0.4606 0.3018 
     D244124 10 0.0449 0.3997 0.1230 0.4324 
        D332 10 0.7078 0.0688 0.1344 0.0890 
        D570 10 0.1119 0.0750 0.7281 0.0850 
        D602 10 0.7338 0.0699 0.0524 0.1438 
        D603 10 0.1058 0.2367 0.3328 0.3246 
        D604 10 0.3911 0.0552 0.1048 0.4489 
        D605 10 0.5432 0.1898 0.0998 0.1672 
        D606 10 0.0691 0.6192 0.2675 0.0441 
        D607 10 0.8611 0.0443 0.0397 0.0549 
        D608 10 0.0556 0.0214 0.0224 0.9006 
        D609 10 0.1950 0.0990 0.6633 0.0427 
        D610 10 0.2585 0.1679 0.4382 0.1353 
        D611 10 0.0232 0.0232 0.9317 0.0220 
        D613 10 0.4353 0.0721 0.3053 0.1872 
        D633 10 0.6589 0.0786 0.0448 0.2177 
        D634 10 0.1520 0.1745 0.4955 0.1781 
        D638 10 0.0326 0.0374 0.0597 0.8704 
        D681 10 0.1215 0.3430 0.3377 0.1977 
        D754 10 0.0426 0.6352 0.2121 0.1101 
        D755 10 0.0233 0.0509 0.4134 0.5123 
        D756 10 0.0624 0.2223 0.5260 0.1892 
        D757 10 0.2268 0.2436 0.1616 0.3680 
        D758 10 0.2195 0.3080 0.2749 0.1976 
        D759 10 0.0541 0.0815 0.4536 0.4108 
        D760 10 0.1683 0.1129 0.3860 0.3327 
        D761 10 0.0230 0.0313 0.1754 0.7702 
        D762 10 0.7066 0.0870 0.1062 0.1002 
        D775 10 0.0275 0.0720 0.7465 0.1540 
        D776 10 0.0391 0.0465 0.2302 0.6843 
        D777 10 0.0745 0.2038 0.5125 0.2092 
        D778 10 0.0603 0.1863 0.1322 0.6212 
        D779 10 0.0837 0.3329 0.4087 0.1747 
        D780 10 0.2045 0.0833 0.1714 0.5408 
        D781 10 0.5413 0.1168 0.0802 0.2617 
        D858 10 0.0421 0.7794 0.0981 0.0803 
        D933 10 0.4122 0.0856 0.2707 0.2315 
        D038 11 0.1625 0.1643 0.2285 0.4446 
        D063 11 0.1160 0.1359 0.3022 0.4458 
        D155 11 0.1467 0.0957 0.4380 0.3195 
        D175 11 0.0672 0.4487 0.3852 0.0989 
        D176 11 0.0383 0.0668 0.1704 0.7245 
        D205 11 0.0585 0.2577 0.6378 0.0459 
     D237229 11 0.3408 0.2477 0.0478 0.3638 
     D237230 11 0.5853 0.1790 0.0387 0.1970 
     D237231 11 0.7737 0.0650 0.0456 0.1158 
     D237269 11 0.3128 0.1609 0.1385 0.3879 
     D237270 11 0.1329 0.7222 0.0703 0.0745 
     D237271 11 0.2261 0.2120 0.3981 0.1638 
     D237272 11 0.4486 0.3253 0.0547 0.1714 
     D237273 11 0.1009 0.0979 0.4729 0.3283 
     D237301 11 0.7146 0.0621 0.1493 0.0739 
     D237302 11 0.1599 0.5208 0.0984 0.2209 
     D237303 11 0.2083 0.5514 0.0351 0.2052 
     D237304 11 0.3325 0.3007 0.1688 0.1979 
     D237305 11 0.0525 0.7232 0.1229 0.1014 
     D237314 11 0.1257 0.2188 0.4440 0.2115 
     D237315 11 0.1332 0.7201 0.0603 0.0863 
     D237316 11 0.7531 0.0443 0.1207 0.0819 
     D237328 11 0.3752 0.3364 0.2379 0.0505 
     D237329 11 0.1206 0.2446 0.2012 0.4336 
     D237330 11 0.0608 0.0748 0.6739 0.1905 
     D237331 11 0.2244 0.0971 0.4378 0.2406 
     D237332 11 0.3975 0.2708 0.1962 0.1354 
     D237333 11 0.0563 0.0305 0.4174 0.4958 
     D237334 11 0.8001 0.0459 0.0866 0.0674 
     D237335 11 0.3210 0.2645 0.3235 0.0910 
     D237336 11 0.1014 0.1746 0.2619 0.4621 
     D237350 11 0.1801 0.0693 0.4636 0.2870 
     D237383 11 0.0765 0.4541 0.1579 0.3115 
     D237384 11 0.5244 0.2527 0.1350 0.0879 
     D237385 11 0.2912 0.2765 0.1941 0.2382 
     D237386 11 0.5313 0.1299 0.1848 0.1540 
     D237387 11 0.5628 0.2956 0.0819 0.0598 
     D237388 11 0.1741 0.0602 0.6516 0.1140 
        D239 11 0.2032 0.0894 0.4488 0.2586 
        D240 11 0.0386 0.0772 0.1210 0.7632 
        D241 11 0.5697 0.2791 0.0477 0.1035 
        D242 11 0.4904 0.1470 0.1038 0.2588 
        D243 11 0.1295 0.1591 0.5189 0.1925 
        D244 11 0.0570 0.1305 0.7573 0.0552 
