        D174  1 0.0473 0.0443 0.3755 0.0809 0.0171 0.1012 0.0620 0.0496 0.0262 0.0816 0.0417 0.0726 
        D199  1 0.0263 0.1126 0.0867 0.0893 0.0329 0.0391 0.0620 0.0203 0.1836 0.0683 0.1671 0.1118 
        D203  1 0.0626 0.1771 0.0492 0.0430 0.0363 0.0174 0.0979 0.0585 0.0727 0.2261 0.0672 0.0919 
        D204  1 0.0665 0.4593 0.0212 0.0216 0.1034 0.0276 0.0344 0.0183 0.0237 0.1737 0.0170 0.0334 
     D237366  1 0.0211 0.0318 0.0458 0.4004 0.0694 0.0233 0.0507 0.1377 0.0400 0.0780 0.0550 0.0469 
     D237367  1 0.1231 0.0869 0.0373 0.1117 0.0301 0.0714 0.1814 0.0315 0.0169 0.1970 0.0176 0.0951 
     D237368  1 0.0311 0.1934 0.0917 0.3417 0.0517 0.0289 0.0514 0.0289 0.0199 0.0402 0.0578 0.0634 
     D244101  1 0.0517 0.0618 0.0165 0.0196 0.4389 0.0253 0.0233 0.0181 0.1730 0.0696 0.0276 0.0746 
     D244102  1 0.0447 0.0679 0.0386 0.0471 0.0533 0.0750 0.1803 0.0489 0.0554 0.2014 0.0943 0.0931 
     D244103  1 0.0398 0.1034 0.0374 0.2314 0.0305 0.0679 0.0478 0.1859 0.0328 0.0764 0.0431 0.1035 
     D244104  1 0.0208 0.6415 0.0476 0.0348 0.0250 0.0720 0.0362 0.0233 0.0285 0.0182 0.0241 0.0280 
     D244105  1 0.0195 0.0299 0.0176 0.0629 0.0207 0.0238 0.3319 0.1107 0.0355 0.1913 0.0288 0.1272 
     D244106  1 0.0317 0.0680 0.4017 0.0257 0.0246 0.0226 0.0258 0.1955 0.0351 0.0342 0.0972 0.0380 
     D244107  1 0.2110 0.0328 0.0174 0.3501 0.0679 0.0327 0.0687 0.0233 0.0353 0.0368 0.0298 0.0942 
     D244108  1 0.0891 0.0256 0.3143 0.0314 0.0306 0.0235 0.0566 0.0259 0.0403 0.2509 0.0587 0.0529 
     D244113  1 0.0252 0.0170 0.2678 0.0317 0.0715 0.1878 0.0360 0.0190 0.0170 0.0960 0.1737 0.0573 
     D244114  1 0.0254 0.0340 0.0588 0.0384 0.0292 0.0326 0.0766 0.3311 0.0803 0.0655 0.0466 0.1814 
     D244115  1 0.0503 0.2029 0.2471 0.0557 0.0265 0.0490 0.0640 0.0578 0.0277 0.0496 0.0375 0.1319 
     D267365  1 0.0203 0.2282 0.1252 0.0964 0.0335 0.0400 0.0510 0.0302 0.1836 0.0760 0.0518 0.0636 
        D404  1 0.0447 0.0217 0.2625 0.0205 0.1508 0.0827 0.0570 0.0316 0.0317 0.0976 0.1506 0.0486 
        D405  1 0.0340 0.0917 0.0323 0.0353 0.0444 0.0625 0.0598 0.0257 0.0364 0.0495 0.4778 0.0505 
        D406  1 0.0259 0.0289 0.0364 0.5069 0.0393 0.0146 0.0267 0.0204 0.0187 0.2482 0.0129 0.0212 
        D407  1 0.2125 0.2519 0.0282 0.2068 0.0195 0.0821 0.0216 0.0355 0.0239 0.0207 0.0176 0.0796 
        D408  1 0.0267 0.0639 0.2651 0.0301 0.0341 0.3229 0.0288 0.0293 0.1028 0.0257 0.0270 0.0437 
        D409  1 0.0225 0.0793 0.0516 0.2063 0.0332 0.0423 0.0387 0.1802 0.0484 0.0966 0.0879 0.1131 
        D410  1 0.4256 0.0916 0.0339 0.0737 0.0462 0.0372 0.0363 0.0330 0.0263 0.0906 0.0227 0.0829 
        D421  1 0.0614 0.7992 0.0143 0.0158 0.0120 0.0187 0.0122 0.0128 0.0165 0.0110 0.0086 0.0173 
        D422  1 0.0239 0.0426 0.0143 0.7054 0.0170 0.0189 0.0292 0.0606 0.0206 0.0130 0.0218 0.0327 
        D423  1 0.6125 0.0214 0.0187 0.0442 0.0189 0.0198 0.1054 0.0227 0.0172 0.0679 0.0156 0.0356 
        D424  1 0.0209 0.5993 0.0345 0.0409 0.0189 0.0352 0.0475 0.0293 0.0150 0.0364 0.0177 0.1043 
        D425  1 0.0318 0.1017 0.0839 0.0318 0.0271 0.0377 0.0912 0.0234 0.0706 0.2872 0.0583 0.1553 
        D426  1 0.0195 0.0414 0.0325 0.2625 0.0196 0.1082 0.0156 0.1882 0.1308 0.0411 0.0183 0.1222 
        D427  1 0.1483 0.4729 0.0815 0.0260 0.0157 0.0261 0.0199 0.0196 0.0228 0.0178 0.1208 0.0286 
        D428  1 0.0768 0.1295 0.1422 0.0973 0.0804 0.0526 0.0392 0.0220 0.0441 0.1151 0.0492 0.1516 
        D429  1 0.0207 0.4611 0.0845 0.0240 0.0275 0.0200 0.0347 0.1596 0.0283 0.0232 0.0705 0.0459 
        D430  1 0.0453 0.0921 0.1206 0.0383 0.0245 0.0937 0.0736 0.1498 0.0896 0.0693 0.0589 0.1445 
        D491  1 0.0157 0.1306 0.5675 0.0219 0.0293 0.0600 0.0239 0.0387 0.0271 0.0181 0.0232 0.0438 
        D492  1 0.1177 0.1872 0.1107 0.1286 0.0546 0.0297 0.0419 0.0544 0.0192 0.0596 0.0486 0.1477 
        D537  1 0.0970 0.1801 0.0271 0.1083 0.0592 0.0706 0.0388 0.0274 0.0201 0.2662 0.0314 0.0738 
        D538  1 0.0650 0.0484 0.0886 0.0833 0.0515 0.0354 0.1856 0.0540 0.0245 0.1465 0.0814 0.1357 
        D539  1 0.0259 0.0312 0.0933 0.0329 0.0349 0.0656 0.0729 0.2720 0.1393 0.0543 0.0714 0.1062 
        D540  1 0.0265 0.2835 0.0193 0.0629 0.0195 0.2877 0.0400 0.0483 0.0603 0.0218 0.0463 0.0839 
        D541  1 0.0226 0.8223 0.0108 0.0148 0.0157 0.0142 0.0161 0.0130 0.0235 0.0163 0.0111 0.0196 
        D551  1 0.0358 0.0205 0.0320 0.0677 0.0187 0.0378 0.0297 0.3935 0.0848 0.0335 0.0441 0.2019 
        D552  1 0.0486 0.1593 0.1807 0.0902 0.0694 0.0592 0.0686 0.0950 0.0441 0.0495 0.0267 0.1085 
        D553  1 0.0104 0.8425 0.0151 0.0146 0.0162 0.0156 0.0169 0.0128 0.0176 0.0132 0.0100 0.0151 
        D615  1 0.0506 0.4793 0.0362 0.0275 0.0235 0.0327 0.0598 0.0673 0.0310 0.0408 0.0705 0.0807 
        D616  1 0.1910 0.2707 0.0410 0.0885 0.0190 0.0462 0.0382 0.0745 0.0791 0.0323 0.0292 0.0904 
        D621  1 0.0586 0.0148 0.0900 0.2383 0.2697 0.0815 0.0323 0.0323 0.0277 0.0669 0.0426 0.0452 
        D622  1 0.0574 0.0255 0.0412 0.4244 0.0418 0.0459 0.0788 0.0594 0.0244 0.1213 0.0162 0.0637 
        D623  1 0.0798 0.0177 0.2199 0.0218 0.1718 0.0360 0.0287 0.0144 0.0621 0.1392 0.1537 0.0549 
        D624  1 0.0142 0.0352 0.6968 0.0272 0.0116 0.0299 0.0271 0.0295 0.0196 0.0202 0.0139 0.0747 
        D625  1 0.0282 0.5168 0.0535 0.0511 0.0427 0.0399 0.0495 0.0440 0.0272 0.0888 0.0142 0.0440 
        D626  1 0.0328 0.0515 0.2165 0.0560 0.0193 0.1371 0.1932 0.0352 0.0352 0.1153 0.0335 0.0744 
        D627  1 0.0179 0.1074 0.0349 0.1800 0.0194 0.0235 0.0315 0.1708 0.1786 0.0333 0.0168 0.1861 
        D690  1 0.0212 0.7505 0.0380 0.0303 0.0270 0.0203 0.0267 0.0159 0.0129 0.0263 0.0102 0.0207 
        D691  1 0.0415 0.0361 0.0468 0.5615 0.0245 0.0208 0.0515 0.0593 0.0270 0.0896 0.0109 0.0304 
        D710  1 0.0377 0.2432 0.0854 0.1012 0.1299 0.0741 0.0526 0.0236 0.0384 0.0616 0.0447 0.1077 
        D711  1 0.0274 0.6175 0.0319 0.0327 0.0508 0.0122 0.0386 0.0293 0.0192 0.0859 0.0224 0.0322 
        D712  1 0.0184 0.0296 0.3863 0.0751 0.0474 0.0616 0.0751 0.0305 0.0747 0.0514 0.0961 0.0537 
        D713  1 0.0395 0.0327 0.0668 0.1042 0.1185 0.0681 0.0423 0.0280 0.0221 0.3429 0.0499 0.0852 
        D746  1 0.0483 0.0545 0.0271 0.6344 0.0250 0.0352 0.0291 0.0421 0.0180 0.0393 0.0136 0.0334 
        D747  1 0.0202 0.8002 0.0154 0.0148 0.0303 0.0142 0.0166 0.0128 0.0230 0.0203 0.0146 0.0177 
        D748  1 0.0400 0.0659 0.0342 0.2126 0.0568 0.0439 0.0734 0.1956 0.0279 0.1850 0.0121 0.0529 
        D749  1 0.0386 0.0255 0.0655 0.2291 0.0584 0.0197 0.0658 0.0762 0.0277 0.0481 0.1365 0.2089 
        D750  1 0.0276 0.2112 0.4695 0.0423 0.0475 0.0328 0.0215 0.0281 0.0232 0.0276 0.0281 0.0405 
        D763  1 0.0497 0.0421 0.0185 0.1139 0.1453 0.1564 0.0539 0.0702 0.1087 0.0668 0.0220 0.1525 
        D764  1 0.0277 0.5962 0.1423 0.0557 0.0144 0.0348 0.0213 0.0167 0.0186 0.0261 0.0127 0.0336 
        D765  1 0.0494 0.0407 0.2033 0.1222 0.0150 0.0276 0.1251 0.0739 0.0395 0.0671 0.0983 0.1379 
        D766  1 0.1942 0.0294 0.0405 0.1482 0.1073 0.1040 0.0609 0.0423 0.0227 0.1803 0.0222 0.0480 
        D767  1 0.0390 0.0419 0.0256 0.0307 0.1008 0.0230 0.1595 0.0342 0.0261 0.4144 0.0449 0.0601 
        D768  1 0.0273 0.6945 0.0151 0.0388 0.0179 0.0210 0.0365 0.0242 0.0175 0.0502 0.0161 0.0410 
        D811  1 0.0502 0.0175 0.0809 0.0149 0.0167 0.5692 0.0400 0.0241 0.0216 0.0815 0.0285 0.0549 
        D816  1 0.0163 0.7523 0.0223 0.0257 0.0252 0.0134 0.0200 0.0193 0.0213 0.0353 0.0208 0.0283 
        D825  1 0.0712 0.0940 0.2149 0.0410 0.0257 0.1068 0.0875 0.0708 0.0282 0.0957 0.0395 0.1247 
        D866  1 0.0400 0.0724 0.1609 0.0226 0.0196 0.0602 0.0574 0.0881 0.2509 0.0330 0.1223 0.0726 
        D867  1 0.0382 0.0157 0.0225 0.5896 0.0956 0.0331 0.0312 0.0284 0.0228 0.0383 0.0488 0.0358 
        D871  1 0.0246 0.0748 0.0477 0.1944 0.0342 0.0466 0.0568 0.2362 0.0684 0.0797 0.0211 0.1155 
        D872  1 0.0281 0.0351 0.0280 0.0393 0.0236 0.0198 0.1189 0.0147 0.0150 0.6209 0.0249 0.0318 
        D873  1 0.5860 0.0106 0.0131 0.0307 0.0378 0.0191 0.0237 0.0171 0.0095 0.0134 0.2118 0.0271 
        D874  1 0.0200 0.0346 0.0457 0.0149 0.6818 0.0313 0.0174 0.0283 0.0267 0.0433 0.0183 0.0377 
        D875  1 0.0295 0.0210 0.0213 0.3224 0.0234 0.0221 0.0358 0.2481 0.0402 0.1293 0.0170 0.0900 
        D876  1 0.0148 0.2069 0.0817 0.0568 0.0802 0.0561 0.1084 0.0444 0.0482 0.2063 0.0248 0.0714 
        D877  1 0.0300 0.0243 0.1944 0.0162 0.0963 0.0777 0.0378 0.0269 0.0283 0.2931 0.0984 0.0766 
        D892  1 0.0139 0.0500 0.1067 0.1085 0.0244 0.0144 0.0602 0.0803 0.0175 0.4637 0.0176 0.0428 
        D893  1 0.0264 0.4300 0.0160 0.0701 0.0320 0.0304 0.0946 0.0400 0.0645 0.1035 0.0262 0.0661 
        D894  1 0.0118 0.6914 0.0177 0.0269 0.0240 0.0136 0.0313 0.0941 0.0204 0.0162 0.0266 0.0259 
        D915  1 0.0658 0.2348 0.0613 0.0669 0.0269 0.0291 0.1301 0.0742 0.0333 0.1778 0.0284 0.0715 
        D916  1 0.0109 0.8661 0.0131 0.0126 0.0134 0.0105 0.0155 0.0121 0.0114 0.0130 0.0082 0.0133 
        D917  1 0.0187 0.1301 0.1240 0.0413 0.1049 0.0351 0.0465 0.0201 0.2396 0.0293 0.1428 0.0676 
        D925  1 0.2507 0.2638 0.1087 0.0572 0.0136 0.0346 0.0634 0.0209 0.0347 0.0407 0.0505 0.0612 
        D926  1 0.0289 0.3481 0.0749 0.0474 0.0619 0.0272 0.0612 0.0752 0.0287 0.0677 0.0316 0.1473 
        D927  1 0.0612 0.1458 0.0537 0.0786 0.0492 0.0351 0.0770 0.0672 0.1222 0.1069 0.0428 0.1602 
        D928  1 0.0239 0.1041 0.6879 0.0127 0.0211 0.0179 0.0142 0.0100 0.0173 0.0424 0.0273 0.0212 
        D929  1 0.0167 0.0217 0.0383 0.0400 0.2398 0.0262 0.2496 0.0345 0.0191 0.2304 0.0379 0.0460 
        D936  1 0.0340 0.3897 0.0259 0.0266 0.1855 0.0264 0.0371 0.0509 0.0912 0.0408 0.0381 0.0537 
        D938  1 0.0544 0.0174 0.0283 0.5565 0.0480 0.0565 0.0359 0.0310 0.0197 0.1032 0.0123 0.0365 
        D956  1 0.0240 0.0675 0.4665 0.0241 0.0332 0.0424 0.0437 0.0685 0.0210 0.0318 0.1122 0.0652 
        D957  1 0.0638 0.0366 0.0352 0.0501 0.0435 0.0192 0.0947 0.0185 0.0252 0.5045 0.0513 0.0573 
        D958  1 0.0854 0.0443 0.1077 0.0871 0.0681 0.0434 0.0339 0.0260 0.0168 0.4303 0.0111 0.0457 
        D959  1 0.2159 0.2105 0.0289 0.2700 0.0157 0.0564 0.0254 0.0321 0.0144 0.0199 0.0191 0.0917 
        D960  1 0.0298 0.0257 0.0380 0.4684 0.0272 0.0137 0.0241 0.0765 0.0199 0.0639 0.1641 0.0487 
        D989  1 0.0185 0.0459 0.4577 0.0455 0.0241 0.0422 0.0391 0.0305 0.0886 0.0358 0.1145 0.0574 
        D990  1 0.4120 0.0153 0.0743 0.0364 0.0200 0.0153 0.1313 0.0202 0.1474 0.0257 0.0179 0.0844 
        D023  2 0.0140 0.0397 0.0133 0.8086 0.0144 0.0211 0.0185 0.0114 0.0108 0.0131 0.0175 0.0177 
        D130  2 0.0344 0.0392 0.0159 0.5014 0.0198 0.0175 0.0362 0.0666 0.0141 0.1911 0.0269 0.0370 
        D131  2 0.0494 0.1177 0.0457 0.0403 0.0633 0.1355 0.0587 0.0594 0.1212 0.1049 0.0139 0.1900 
        D163  2 0.0162 0.0619 0.0543 0.5958 0.0364 0.0221 0.0431 0.0247 0.0419 0.0344 0.0196 0.0496 
        D164  2 0.6968 0.0119 0.0105 0.0435 0.0201 0.0363 0.0201 0.0285 0.0135 0.0363 0.0568 0.0257 
        D165  2 0.0189 0.0469 0.0160 0.7523 0.0212 0.0200 0.0195 0.0155 0.0216 0.0167 0.0221 0.0291 
        D166  2 0.0222 0.0225 0.0168 0.0436 0.0665 0.0758 0.2021 0.0739 0.0345 0.2613 0.0734 0.1074 
        D167  2 0.0154 0.0099 0.0123 0.0091 0.0081 0.0092 0.0097 0.0081 0.0089 0.0097 0.8888 0.0108 
        D192  2 0.0143 0.0095 0.0100 0.0109 0.0114 0.0128 0.0108 0.0125 0.0125 0.0089 0.8753 0.0111 
        D193  2 0.0163 0.0186 0.0454 0.0164 0.0347 0.0211 0.0381 0.0588 0.0433 0.0568 0.5963 0.0542 
        D206  2 0.1350 0.0489 0.0189 0.0534 0.0236 0.3169 0.0569 0.0610 0.0333 0.0632 0.0786 0.1104 
        D207  2 0.1066 0.0337 0.0202 0.0476 0.0227 0.0360 0.0417 0.0589 0.0984 0.0972 0.2783 0.1586 
        D208  2 0.0210 0.0470 0.1271 0.0301 0.0383 0.1232 0.1609 0.0359 0.1927 0.0643 0.0712 0.0883 
        D209  2 0.0294 0.0267 0.0175 0.0318 0.0913 0.0535 0.0279 0.0350 0.0204 0.0375 0.5082 0.1208 
        D210  2 0.0372 0.0595 0.4474 0.0368 0.0330 0.0275 0.0362 0.0862 0.1312 0.0210 0.0404 0.0437 
     D229599  2 0.0185 0.1290 0.0389 0.0767 0.1002 0.0247 0.1263 0.0319 0.1199 0.1903 0.0677 0.0759 
     D229600  2 0.1171 0.0243 0.0197 0.2682 0.0205 0.0258 0.0351 0.0633 0.0290 0.0530 0.2829 0.0610 
     D237227  2 0.1616 0.0550 0.3570 0.0513 0.0245 0.0373 0.0456 0.0392 0.0779 0.0468 0.0393 0.0645 
     D237228  2 0.4245 0.0157 0.2181 0.0167 0.0193 0.0235 0.0258 0.0317 0.0512 0.0319 0.0532 0.0883 
     D237258  2 0.0787 0.0641 0.0502 0.1222 0.0387 0.1020 0.0601 0.0346 0.1020 0.0547 0.1683 0.1245 
     D237310  2 0.5893 0.0096 0.0371 0.0185 0.0322 0.0305 0.0284 0.1274 0.0170 0.0372 0.0425 0.0303 
     D237311  2 0.5537 0.0140 0.0291 0.0420 0.0202 0.0230 0.0624 0.0334 0.0244 0.0923 0.0691 0.0363 
     D237312  2 0.1140 0.0229 0.0433 0.0738 0.0562 0.0592 0.1042 0.1700 0.0213 0.2053 0.0536 0.0762 
     D237313  2 0.0382 0.0858 0.0584 0.0334 0.0443 0.2076 0.0621 0.1047 0.0682 0.1041 0.0258 0.1674 
     D237322  2 0.0627 0.0214 0.0701 0.0370 0.0675 0.0475 0.1473 0.0646 0.1090 0.1477 0.0338 0.1915 
     D237323  2 0.3739 0.0156 0.1671 0.0514 0.0246 0.0222 0.1002 0.0367 0.0574 0.0773 0.0248 0.0490 
     D237324  2 0.0975 0.0540 0.0151 0.2129 0.0401 0.0207 0.0297 0.0357 0.0896 0.0472 0.0623 0.2952 
     D237325  2 0.1569 0.0173 0.0627 0.0884 0.0472 0.0300 0.0692 0.0804 0.0343 0.2727 0.0625 0.0785 
     D237326  2 0.4931 0.0265 0.0678 0.0599 0.0378 0.0150 0.0273 0.0196 0.0459 0.1198 0.0330 0.0543 
     D237327  2 0.0345 0.0496 0.0362 0.0828 0.0901 0.0253 0.0509 0.0994 0.3011 0.0371 0.0478 0.1452 
     D237337  2 0.5195 0.0230 0.0558 0.0345 0.0206 0.0354 0.0591 0.0471 0.0273 0.1128 0.0175 0.0474 
     D237338  2 0.0802 0.0248 0.1017 0.1109 0.0808 0.0346 0.1089 0.0655 0.0682 0.1886 0.0345 0.1014 
     D237339  2 0.0289 0.0185 0.0144 0.0204 0.5792 0.0289 0.0348 0.0208 0.0927 0.0699 0.0392 0.0524 
     D237340  2 0.2266 0.0168 0.1139 0.0451 0.0303 0.0296 0.0814 0.0341 0.0383 0.1826 0.1584 0.0430 
     D237389  2 0.3875 0.0170 0.0217 0.0352 0.0298 0.0355 0.0441 0.0628 0.0178 0.0538 0.2598 0.0350 
     D237390  2 0.0455 0.0198 0.0516 0.0492 0.0338 0.0378 0.1734 0.0448 0.0378 0.4294 0.0336 0.0435 
     D244017  2 0.0201 0.0162 0.0662 0.0324 0.0169 0.0117 0.0254 0.0132 0.0246 0.0401 0.7002 0.0330 
     D244112  2 0.0672 0.0256 0.0160 0.0304 0.0181 0.0130 0.0725 0.0432 0.0240 0.0142 0.6275 0.0482 
     D244118  2 0.0156 0.0104 0.0141 0.0838 0.0138 0.0086 0.0153 0.0126 0.0143 0.0160 0.7806 0.0149 
     D244119  2 0.1060 0.0197 0.5416 0.0159 0.0126 0.0195 0.0200 0.0149 0.0240 0.0198 0.1785 0.0275 
     D244120  2 0.0172 0.0101 0.0144 0.0132 0.0250 0.0135 0.0165 0.0299 0.0354 0.0218 0.7869 0.0160 
     D244122  2 0.0227 0.0385 0.0254 0.0271 0.0227 0.0432 0.0539 0.0372 0.0160 0.0237 0.6619 0.0276 
        D291  2 0.0202 0.0559 0.0139 0.0512 0.0191 0.0610 0.1508 0.0195 0.4060 0.0528 0.0776 0.0720 
        D292  2 0.0331 0.1839 0.0596 0.0182 0.0376 0.0209 0.0602 0.0341 0.1637 0.0710 0.2577 0.0599 
        D293  2 0.3184 0.0655 0.0152 0.0197 0.1956 0.0185 0.0270 0.0239 0.1736 0.0530 0.0107 0.0790 
        D322  2 0.3440 0.0803 0.0172 0.0439 0.2185 0.0176 0.0368 0.0318 0.0476 0.0531 0.0290 0.0802 
        D323  2 0.0409 0.0186 0.0244 0.0233 0.0470 0.4627 0.0445 0.0274 0.0325 0.1284 0.0572 0.0932 
        D324  2 0.0474 0.0901 0.0476 0.1042 0.0286 0.0594 0.0463 0.0567 0.3337 0.0543 0.0175 0.1141 
        D325  2 0.5619 0.0385 0.0120 0.0211 0.0329 0.0141 0.0566 0.0506 0.1237 0.0258 0.0174 0.0455 
        D326  2 0.0117 0.7757 0.0283 0.0145 0.0169 0.0172 0.0224 0.0131 0.0306 0.0255 0.0142 0.0299 
        D340  2 0.7834 0.0177 0.0158 0.0198 0.0247 0.0154 0.0154 0.0215 0.0330 0.0133 0.0221 0.0180 
        D341  2 0.4705 0.0209 0.0247 0.0156 0.0260 0.0318 0.0625 0.2023 0.0389 0.0330 0.0292 0.0446 
        D342  2 0.0403 0.0290 0.0163 0.0844 0.0187 0.0734 0.1270 0.1432 0.0213 0.0279 0.3397 0.0789 
        D343  2 0.7778 0.0184 0.0115 0.0176 0.0227 0.0107 0.0214 0.0299 0.0302 0.0168 0.0144 0.0286 
        D344  2 0.0331 0.0965 0.0203 0.0159 0.3248 0.0320 0.0481 0.0596 0.0246 0.0773 0.1839 0.0838 
        D345  2 0.0424 0.1030 0.0329 0.0836 0.1981 0.0529 0.1574 0.0220 0.0467 0.0741 0.0714 0.1155 
        D346  2 0.0387 0.0575 0.2276 0.0329 0.0352 0.3931 0.0245 0.0486 0.0431 0.0197 0.0362 0.0428 
        D351  2 0.0472 0.1300 0.0202 0.0464 0.0703 0.0376 0.1268 0.0272 0.1983 0.1742 0.0147 0.1069 
        D352  2 0.0340 0.0191 0.0354 0.0217 0.5704 0.0374 0.0361 0.0214 0.0453 0.0853 0.0350 0.0590 
        D353  2 0.0112 0.0891 0.0151 0.0154 0.0655 0.0278 0.0350 0.0247 0.0256 0.0534 0.0234 0.6138 
        D354  2 0.0176 0.0596 0.0357 0.0196 0.6130 0.0453 0.0251 0.0223 0.0184 0.0464 0.0448 0.0522 
        D362  2 0.0246 0.7225 0.0190 0.0342 0.0201 0.0229 0.0270 0.0148 0.0195 0.0193 0.0401 0.0360 
        D363  2 0.0148 0.7665 0.0240 0.0271 0.0193 0.0283 0.0210 0.0121 0.0224 0.0169 0.0264 0.0212 
        D364  2 0.0141 0.4169 0.0245 0.0142 0.2255 0.0339 0.0425 0.0368 0.0156 0.0391 0.0861 0.0508 
        D365  2 0.8281 0.0117 0.0170 0.0095 0.0280 0.0147 0.0116 0.0170 0.0178 0.0169 0.0109 0.0167 
        D369  2 0.0828 0.1968 0.1374 0.0419 0.0275 0.1230 0.0329 0.0245 0.1761 0.0385 0.0460 0.0727 
        D374  2 0.0144 0.0186 0.1181 0.0162 0.0231 0.0427 0.0186 0.0280 0.0180 0.0320 0.6320 0.0383 
        D375  2 0.0120 0.0186 0.0169 0.0184 0.6373 0.0376 0.0322 0.0239 0.0153 0.0827 0.0623 0.0428 
        D376  2 0.0157 0.0233 0.1704 0.0180 0.0655 0.0298 0.0296 0.0672 0.0221 0.0213 0.5003 0.0367 
        D377  2 0.0578 0.0203 0.0297 0.0344 0.0325 0.5394 0.0516 0.0378 0.0297 0.0915 0.0341 0.0411 
        D378  2 0.0830 0.1048 0.0263 0.1205 0.2095 0.0620 0.0713 0.0493 0.0672 0.0434 0.0216 0.1412 
        D379  2 0.0199 0.4418 0.0335 0.0238 0.0490 0.1126 0.0462 0.0788 0.0257 0.0504 0.0284 0.0900 
        D384  2 0.0239 0.7406 0.0457 0.0131 0.0205 0.0255 0.0205 0.0220 0.0189 0.0286 0.0144 0.0263 
        D385  2 0.5561 0.0181 0.0302 0.0124 0.1934 0.0326 0.0207 0.0195 0.0184 0.0293 0.0391 0.0300 
        D386  2 0.0387 0.0611 0.0187 0.0875 0.3686 0.0607 0.0617 0.0370 0.0253 0.0908 0.0214 0.1284 
        D391  2 0.6617 0.0175 0.0185 0.0179 0.0944 0.0321 0.0210 0.0205 0.0263 0.0417 0.0196 0.0288 
        D392  2 0.5627 0.0537 0.0408 0.0306 0.0256 0.0253 0.0361 0.0192 0.0315 0.0728 0.0633 0.0385 
        D393  2 0.0740 0.2039 0.0218 0.0485 0.2342 0.0759 0.0602 0.0675 0.1058 0.0420 0.0177 0.0485 
        D394  2 0.0454 0.0673 0.0353 0.1442 0.1596 0.0263 0.0796 0.0701 0.0447 0.0967 0.1383 0.0924 
        D395  2 0.1595 0.0136 0.0241 0.0288 0.4256 0.0329 0.0322 0.0437 0.0394 0.0765 0.0341 0.0897 
        D401  2 0.6736 0.0154 0.0455 0.0168 0.0106 0.0648 0.0225 0.0158 0.0316 0.0307 0.0467 0.0259 
        D402  2 0.6479 0.0151 0.0150 0.0153 0.0606 0.0418 0.0206 0.0361 0.0463 0.0179 0.0548 0.0287 
        D403  2 0.0222 0.2043 0.0189 0.0326 0.0541 0.0353 0.1278 0.0806 0.0253 0.0559 0.0285 0.3145 
        D415  2 0.1219 0.3418 0.0169 0.0668 0.0352 0.0282 0.0462 0.0705 0.0217 0.0782 0.0139 0.1586 
        D435  2 0.1720 0.4938 0.0155 0.0258 0.0454 0.0175 0.0323 0.0569 0.0430 0.0248 0.0202 0.0527 
        D436  2 0.0203 0.0439 0.0356 0.0315 0.2333 0.0196 0.1103 0.0400 0.0336 0.3438 0.0289 0.0592 
        D438  2 0.7254 0.0115 0.0251 0.0264 0.0187 0.0526 0.0174 0.0344 0.0224 0.0152 0.0291 0.0216 
        D439  2 0.0258 0.0411 0.0147 0.0382 0.4355 0.0342 0.1492 0.0183 0.0255 0.1260 0.0194 0.0720 
        D449  2 0.1040 0.0918 0.0256 0.0590 0.0337 0.0444 0.0395 0.1277 0.0367 0.0332 0.2331 0.1712 
        D450  2 0.0163 0.1142 0.0694 0.0516 0.1640 0.0924 0.0730 0.1195 0.0636 0.0713 0.0301 0.1346 
        D456  2 0.0139 0.7909 0.0155 0.0182 0.0189 0.0173 0.0191 0.0172 0.0298 0.0213 0.0122 0.0256 
        D462  2 0.4760 0.0302 0.0161 0.0292 0.1889 0.0180 0.0346 0.0217 0.0515 0.0437 0.0450 0.0449 
        D463  2 0.0153 0.7531 0.0355 0.0163 0.0298 0.0239 0.0213 0.0156 0.0172 0.0264 0.0157 0.0299 
        D464  2 0.0352 0.0305 0.0313 0.0211 0.2720 0.0595 0.0306 0.0434 0.0144 0.1059 0.0429 0.3132 
        D465  2 0.7680 0.0347 0.0148 0.0173 0.0204 0.0287 0.0152 0.0215 0.0173 0.0207 0.0173 0.0241 
        D473  2 0.0984 0.0223 0.4040 0.0596 0.0748 0.0663 0.0493 0.0335 0.0362 0.0622 0.0197 0.0737 
        D474  2 0.0297 0.6255 0.0329 0.0369 0.0235 0.0237 0.0273 0.0322 0.0945 0.0161 0.0177 0.0401 
        D476  2 0.0302 0.0203 0.0127 0.2788 0.4561 0.0129 0.0273 0.0190 0.0258 0.0752 0.0126 0.0290 
        D477  2 0.0412 0.2728 0.0518 0.0269 0.2022 0.1084 0.0428 0.0463 0.0731 0.0506 0.0215 0.0626 
        D478  2 0.0176 0.0329 0.0558 0.3076 0.0549 0.0343 0.0481 0.0219 0.0467 0.0716 0.2183 0.0902 
        D480  2 0.0685 0.1138 0.0747 0.0226 0.2010 0.0776 0.0438 0.1583 0.0561 0.0709 0.0171 0.0956 
        D481  2 0.0354 0.2931 0.0631 0.0896 0.1648 0.0259 0.0576 0.0255 0.0385 0.0558 0.0794 0.0714 
        D482  2 0.0186 0.0198 0.0675 0.0437 0.2488 0.0665 0.1259 0.0427 0.1191 0.1185 0.0303 0.0985 
        D483  2 0.0319 0.0142 0.0407 0.0184 0.0136 0.0106 0.0157 0.0157 0.0179 0.0178 0.7868 0.0167 
        D484  2 0.0197 0.0099 0.0219 0.0156 0.7406 0.0210 0.0250 0.0156 0.0275 0.0447 0.0253 0.0332 
        D510  2 0.0169 0.0266 0.2746 0.0261 0.0248 0.0381 0.0422 0.0398 0.1910 0.0323 0.2393 0.0484 
        D511  2 0.0490 0.0497 0.0163 0.0401 0.5964 0.0504 0.0372 0.0193 0.0409 0.0416 0.0187 0.0404 
        D512  2 0.7538 0.0142 0.0120 0.0176 0.0233 0.0428 0.0184 0.0295 0.0179 0.0256 0.0194 0.0254 
        D513  2 0.5626 0.0269 0.0469 0.0312 0.0220 0.0689 0.0242 0.0284 0.0745 0.0373 0.0229 0.0543 
        D635  2 0.0381 0.2348 0.0204 0.5104 0.0188 0.0259 0.0346 0.0157 0.0204 0.0190 0.0218 0.0400 
        D636  2 0.0190 0.0306 0.0173 0.7166 0.0167 0.0660 0.0501 0.0129 0.0110 0.0169 0.0171 0.0259 
        D637  2 0.0745 0.0303 0.0494 0.0245 0.2661 0.0835 0.0976 0.0987 0.0481 0.0685 0.0530 0.1057 
        D658  2 0.2948 0.0229 0.0703 0.0257 0.2070 0.0278 0.0394 0.0546 0.0288 0.0865 0.0886 0.0535 
        D659  2 0.0173 0.4601 0.0277 0.1112 0.0807 0.0233 0.0340 0.0405 0.0806 0.0284 0.0285 0.0679 
        D677  2 0.0610 0.1024 0.0193 0.0535 0.0283 0.1012 0.1899 0.1189 0.0577 0.1349 0.0437 0.0892 
        D678  2 0.0336 0.0159 0.0105 0.0186 0.0192 0.0535 0.0272 0.0355 0.0176 0.0227 0.6975 0.0483 
        D679  2 0.0325 0.1347 0.0401 0.0486 0.0659 0.3093 0.0672 0.0547 0.0809 0.0399 0.0167 0.1094 
        D719  2 0.1801 0.0886 0.3014 0.0142 0.0454 0.0305 0.0180 0.0193 0.1654 0.0690 0.0225 0.0456 
        D720  2 0.0772 0.4139 0.0811 0.0334 0.0247 0.0390 0.0274 0.0239 0.0405 0.1613 0.0144 0.0632 
        D721  2 0.0204 0.0336 0.0264 0.7240 0.0220 0.0302 0.0196 0.0436 0.0182 0.0185 0.0144 0.0291 
        D722  2 0.0347 0.0188 0.0678 0.0198 0.0242 0.0661 0.0193 0.0154 0.0442 0.0349 0.6180 0.0367 
        D734  2 0.0243 0.0157 0.0809 0.0145 0.6557 0.0274 0.0194 0.0323 0.0423 0.0436 0.0160 0.0278 
        D735  2 0.0985 0.1479 0.0663 0.0434 0.0665 0.1897 0.0773 0.0607 0.0366 0.0896 0.0170 0.1067 
        D736  2 0.0390 0.0567 0.2186 0.0629 0.0511 0.0298 0.0322 0.0504 0.3115 0.0248 0.0611 0.0618 
        D737  2 0.0168 0.0124 0.0349 0.0281 0.0414 0.0126 0.0239 0.0288 0.0297 0.0295 0.7173 0.0245 
        D807  2 0.0377 0.1407 0.1788 0.0350 0.0866 0.0605 0.0946 0.0498 0.1575 0.0495 0.0551 0.0542 
        D808  2 0.1133 0.0573 0.0290 0.0529 0.0700 0.0311 0.0970 0.1011 0.0801 0.2001 0.0270 0.1411 
        D817  2 0.0194 0.1048 0.0214 0.0234 0.0479 0.5190 0.0447 0.0227 0.0442 0.0681 0.0257 0.0589 
        D818  2 0.0682 0.0460 0.0197 0.1353 0.0318 0.0320 0.1369 0.1109 0.1332 0.0817 0.0209 0.1834 
        D819  2 0.0426 0.0879 0.0291 0.0350 0.0292 0.5094 0.0712 0.0215 0.0293 0.0599 0.0258 0.0591 
        D820  2 0.0413 0.2265 0.0203 0.0406 0.1441 0.0214 0.0459 0.0475 0.1080 0.2359 0.0131 0.0555 
        D895  2 0.0293 0.1794 0.0376 0.1597 0.0568 0.1400 0.0911 0.0315 0.0409 0.0434 0.0589 0.1314 
        D896  2 0.7318 0.0155 0.0463 0.0183 0.0176 0.0177 0.0267 0.0163 0.0201 0.0556 0.0189 0.0152 
        D897  2 0.1054 0.0309 0.0241 0.0313 0.0518 0.0752 0.0835 0.2457 0.0495 0.0527 0.1227 0.1272 
        D898  2 0.0283 0.0555 0.0320 0.0343 0.0584 0.0762 0.1681 0.1022 0.0957 0.1574 0.0790 0.1129 
        D918  2 0.1279 0.0269 0.0654 0.0843 0.0878 0.0501 0.1105 0.1866 0.0585 0.0678 0.0217 0.1126 
        D919  2 0.0293 0.0929 0.0162 0.0409 0.2954 0.0208 0.0759 0.0218 0.1027 0.1355 0.0498 0.1186 
        D920  2 0.0205 0.0425 0.0635 0.3931 0.0381 0.0231 0.1287 0.0559 0.0249 0.0676 0.0696 0.0724 
        D923  2 0.0258 0.4993 0.0196 0.0297 0.1041 0.0394 0.0303 0.0224 0.0281 0.1002 0.0268 0.0742 
        D930  2 0.0580 0.1223 0.0668 0.0268 0.1178 0.1559 0.0350 0.1423 0.0384 0.0859 0.0271 0.1239 
        D931  2 0.0753 0.2253 0.0359 0.0366 0.2816 0.0605 0.0317 0.0452 0.0453 0.0475 0.0489 0.0663 
        D968  2 0.4087 0.0186 0.0164 0.0158 0.0352 0.0264 0.0316 0.0134 0.2376 0.0481 0.0962 0.0521 
        D969  2 0.0555 0.2924 0.0559 0.0266 0.0441 0.0329 0.0482 0.0543 0.1143 0.0366 0.1372 0.1019 
        D977  2 0.3102 0.0381 0.0287 0.0448 0.0386 0.0488 0.0613 0.1645 0.0426 0.0225 0.0703 0.1296 
        D978  2 0.0210 0.0305 0.0281 0.0244 0.0253 0.1688 0.1165 0.2748 0.1103 0.0453 0.0758 0.0791 
        D211  3 0.0127 0.0714 0.0177 0.1061 0.0240 0.0366 0.5825 0.0581 0.0290 0.0201 0.0124 0.0292 
     D229639  3 0.0211 0.0716 0.0968 0.0227 0.0198 0.0383 0.0693 0.0310 0.4253 0.0491 0.0970 0.0581 
     D237212  3 0.0526 0.0739 0.0200 0.0533 0.2159 0.0661 0.1074 0.0747 0.1776 0.0596 0.0260 0.0729 
     D237213  3 0.0770 0.0220 0.0177 0.0485 0.0657 0.3289 0.1725 0.0592 0.0357 0.0909 0.0220 0.0600 
     D237214  3 0.0126 0.0138 0.0176 0.8148 0.0154 0.0137 0.0229 0.0167 0.0117 0.0258 0.0120 0.0231 
     D237215  3 0.0333 0.0132 0.0553 0.0162 0.0138 0.0282 0.0254 0.0127 0.0511 0.0316 0.6954 0.0237 
     D237216  3 0.0270 0.0333 0.0237 0.0674 0.0319 0.0717 0.0809 0.1332 0.0323 0.0349 0.0186 0.4452 
     D237217  3 0.0240 0.0520 0.0140 0.0700 0.0216 0.0193 0.4164 0.0575 0.0639 0.0474 0.0170 0.1969 
     D237218  3 0.0306 0.0437 0.0448 0.0261 0.0845 0.0309 0.0495 0.4851 0.1010 0.0298 0.0134 0.0605 
     D237219  3 0.0265 0.0248 0.0852 0.0474 0.0142 0.1879 0.2776 0.0468 0.0888 0.1001 0.0240 0.0766 
     D237382  3 0.0768 0.0282 0.0873 0.0273 0.0303 0.0535 0.1534 0.0833 0.0234 0.3532 0.0279 0.0553 
     D244127  3 0.3779 0.0160 0.0204 0.0342 0.0292 0.0517 0.1152 0.0439 0.0804 0.0599 0.0823 0.0889 
     D244129  3 0.1285 0.0712 0.0414 0.1075 0.0838 0.0661 0.1143 0.0489 0.0695 0.1211 0.0206 0.1272 
     D244133  3 0.0379 0.0498 0.0703 0.0481 0.0125 0.5647 0.0348 0.0316 0.0246 0.0198 0.0532 0.0526 
     D244134  3 0.0339 0.0235 0.1946 0.0347 0.0210 0.1272 0.0933 0.0294 0.3403 0.0409 0.0180 0.0432 
     D244135  3 0.0400 0.0422 0.0165 0.5487 0.0245 0.0730 0.0818 0.0432 0.0256 0.0275 0.0253 0.0518 
     D244136  3 0.0550 0.1029 0.1014 0.0723 0.0323 0.2966 0.0390 0.0330 0.0689 0.0510 0.0664 0.0812 
        D416  3 0.0323 0.0981 0.0306 0.0536 0.0459 0.2096 0.0989 0.1816 0.0369 0.0407 0.0501 0.1217 
        D417  3 0.0226 0.4875 0.0239 0.0204 0.0248 0.0173 0.0704 0.1786 0.0159 0.0660 0.0189 0.0536 
        D419  3 0.0344 0.0747 0.0473 0.0359 0.0272 0.0787 0.2474 0.0895 0.1236 0.0910 0.0519 0.0984 
        D565  3 0.0128 0.0549 0.6557 0.0309 0.0180 0.0496 0.0182 0.0152 0.0693 0.0242 0.0215 0.0297 
        D566  3 0.0570 0.0807 0.2240 0.0332 0.0194 0.0978 0.0259 0.0306 0.2635 0.0278 0.0791 0.0609 
        D567  3 0.0665 0.4602 0.0214 0.0511 0.0601 0.0384 0.1085 0.0421 0.0212 0.0338 0.0352 0.0614 
        D568  3 0.0415 0.0521 0.0169 0.0645 0.0787 0.0366 0.2570 0.1166 0.0494 0.1311 0.0650 0.0906 
        D569  3 0.0230 0.0194 0.0372 0.0555 0.4090 0.0407 0.0910 0.0438 0.0525 0.0303 0.1174 0.0802 
        D573  3 0.0558 0.1495 0.0247 0.0210 0.0341 0.0187 0.0324 0.0144 0.5313 0.0327 0.0211 0.0643 
        D574  3 0.0550 0.0427 0.2229 0.0482 0.0339 0.1179 0.0584 0.0588 0.0783 0.0505 0.1332 0.1004 
        D575  3 0.0383 0.0221 0.0354 0.0362 0.0167 0.6384 0.1178 0.0159 0.0244 0.0180 0.0126 0.0244 
        D576  3 0.0187 0.0082 0.0156 0.0320 0.0128 0.0990 0.0259 0.0141 0.0281 0.0189 0.6943 0.0325 
        D577  3 0.0212 0.3941 0.0274 0.0676 0.0374 0.1263 0.1029 0.0544 0.0268 0.0598 0.0254 0.0569 
        D578  3 0.0208 0.0106 0.0157 0.7809 0.0145 0.0153 0.0265 0.0163 0.0177 0.0335 0.0212 0.0270 
        D579  3 0.0766 0.1673 0.1263 0.0467 0.1092 0.0684 0.0471 0.0769 0.1428 0.0363 0.0274 0.0750 
        D660  3 0.1390 0.0174 0.0191 0.0549 0.0489 0.1463 0.1161 0.0518 0.0352 0.0711 0.1874 0.1129 
        D661  3 0.0303 0.0195 0.0141 0.0258 0.0494 0.0205 0.0309 0.6821 0.0370 0.0210 0.0252 0.0444 
        D663  3 0.0253 0.0383 0.0183 0.0372 0.0316 0.0521 0.0608 0.0239 0.4760 0.0456 0.0702 0.1207 
        D664  3 0.0366 0.0144 0.0399 0.0739 0.0203 0.2463 0.1743 0.0656 0.0367 0.0725 0.1202 0.0994 
        D665  3 0.0383 0.0137 0.0111 0.0374 0.0598 0.2197 0.3031 0.0475 0.0407 0.0490 0.0213 0.1585 
        D666  3 0.0454 0.0458 0.0628 0.0360 0.0243 0.4543 0.1127 0.0316 0.0382 0.0780 0.0209 0.0500 
        D009  4 0.0253 0.1559 0.0318 0.0682 0.0785 0.0268 0.1362 0.2942 0.0206 0.0455 0.0386 0.0786 
        D057  4 0.0266 0.0226 0.0240 0.1654 0.2893 0.0106 0.0349 0.0344 0.0914 0.2196 0.0287 0.0524 
        D109  4 0.0548 0.0722 0.0471 0.0853 0.0410 0.2326 0.0974 0.0916 0.0326 0.0471 0.0280 0.1702 
     D237222  4 0.0158 0.0284 0.0968 0.2765 0.0296 0.0191 0.1955 0.0326 0.0441 0.1156 0.0927 0.0535 
     D237223  4 0.0923 0.0233 0.0930 0.0692 0.0448 0.0247 0.1668 0.1453 0.0725 0.0766 0.0259 0.1655 
     D237224  4 0.0338 0.1261 0.0279 0.0486 0.1572 0.0716 0.0997 0.0392 0.1104 0.0840 0.0962 0.1052 
     D237225  4 0.0364 0.0579 0.0461 0.0945 0.0561 0.0416 0.1257 0.2150 0.0373 0.0782 0.0322 0.1789 
     D237299  4 0.0439 0.0145 0.0361 0.0525 0.0225 0.0242 0.0343 0.5854 0.0631 0.0442 0.0195 0.0599 
     D237300  4 0.0225 0.0200 0.0343 0.0209 0.0302 0.1345 0.0389 0.0854 0.4880 0.0249 0.0453 0.0552 
     D237306  4 0.0359 0.0511 0.3914 0.0303 0.0394 0.0220 0.0832 0.0805 0.0381 0.0844 0.0867 0.0571 
     D237307  4 0.0563 0.2114 0.1197 0.0333 0.0169 0.1162 0.0881 0.0973 0.0514 0.0678 0.0498 0.0917 
     D237308  4 0.2024 0.0184 0.0661 0.0501 0.1333 0.0372 0.0377 0.0312 0.0413 0.1404 0.1748 0.0671 
     D237309  4 0.0273 0.1658 0.0257 0.0700 0.0743 0.0318 0.1226 0.0875 0.0532 0.0772 0.0924 0.1724 
     D237317  4 0.0229 0.1002 0.2176 0.0567 0.0344 0.0587 0.0756 0.0285 0.0610 0.0854 0.0636 0.1955 
     D237318  4 0.0323 0.0345 0.0225 0.0160 0.0154 0.0316 0.0304 0.0254 0.7118 0.0201 0.0265 0.0335 
     D237319  4 0.0621 0.0329 0.0394 0.0631 0.0266 0.0393 0.1361 0.1362 0.0443 0.2285 0.0702 0.1211 
     D237320  4 0.0606 0.0424 0.0282 0.1058 0.0208 0.0274 0.1457 0.3624 0.0574 0.0476 0.0404 0.0613 
     D237321  4 0.0385 0.0704 0.0469 0.0504 0.0213 0.0664 0.0407 0.0602 0.2974 0.0659 0.1476 0.0942 
     D237397  4 0.0423 0.0315 0.0972 0.0535 0.0215 0.0376 0.0991 0.2959 0.0934 0.0749 0.0666 0.0867 
     D237398  4 0.0415 0.0685 0.0188 0.0320 0.0508 0.0287 0.0411 0.1330 0.4291 0.0337 0.0163 0.1065 
     D237399  4 0.0345 0.0480 0.1595 0.0895 0.0440 0.0196 0.1172 0.0488 0.2101 0.1410 0.0371 0.0508 
     D244001  4 0.0340 0.0337 0.0259 0.2055 0.0456 0.0217 0.0887 0.0729 0.0246 0.0825 0.2463 0.1184 
        D289  4 0.0260 0.0467 0.2091 0.0566 0.2205 0.0262 0.0583 0.0672 0.1503 0.0292 0.0491 0.0608 
        D290  4 0.0206 0.0282 0.0174 0.0220 0.0243 0.0148 0.2635 0.0272 0.0396 0.4757 0.0239 0.0429 
        D294  4 0.0194 0.0541 0.0303 0.0553 0.2292 0.0337 0.0565 0.2684 0.0379 0.0703 0.0370 0.1079 
        D295  4 0.0310 0.0830 0.0489 0.0207 0.0545 0.0543 0.3117 0.0501 0.0341 0.2413 0.0205 0.0500 
        D301  4 0.0228 0.0160 0.0437 0.3330 0.0220 0.0403 0.0639 0.0579 0.0581 0.0874 0.2038 0.0512 
        D302  4 0.0153 0.0371 0.0146 0.0360 0.5871 0.0279 0.0346 0.0281 0.0188 0.1213 0.0174 0.0618 
        D303  4 0.0673 0.0478 0.4448 0.0224 0.0769 0.0622 0.0334 0.0664 0.0306 0.0361 0.0648 0.0474 
        D304  4 0.0162 0.0586 0.0420 0.0261 0.0263 0.0310 0.2088 0.0390 0.1301 0.2823 0.0459 0.0936 
        D305  4 0.0230 0.0186 0.0107 0.0348 0.2260 0.0355 0.0671 0.0249 0.0345 0.0456 0.1654 0.3139 
        D306  4 0.0155 0.0275 0.0311 0.0376 0.0289 0.0162 0.2569 0.0256 0.0220 0.3844 0.0412 0.1131 
        D307  4 0.0210 0.0222 0.0829 0.5255 0.0314 0.0581 0.0691 0.0386 0.0372 0.0457 0.0327 0.0355 
        D327  4 0.0331 0.4227 0.0564 0.0384 0.0311 0.0688 0.0371 0.0389 0.0488 0.1040 0.0332 0.0875 
        D328  4 0.0234 0.0161 0.1044 0.0213 0.2339 0.0765 0.1390 0.0343 0.0309 0.2000 0.0730 0.0472 
        D329  4 0.0250 0.0484 0.0422 0.0390 0.1822 0.0235 0.1257 0.1093 0.0583 0.1147 0.1095 0.1221 
        D330  4 0.0518 0.1156 0.0144 0.0505 0.0575 0.0273 0.2630 0.0308 0.0175 0.2328 0.0518 0.0870 
        D331  4 0.0357 0.1008 0.0479 0.0258 0.0209 0.0503 0.1998 0.0357 0.0962 0.2573 0.0468 0.0829 
        D333  4 0.0507 0.0613 0.0508 0.0340 0.1319 0.0489 0.1256 0.1538 0.0749 0.1050 0.0774 0.0858 
        D334  4 0.0194 0.0381 0.4599 0.0652 0.0534 0.0373 0.0784 0.0624 0.0345 0.0823 0.0136 0.0555 
        D335  4 0.0413 0.0220 0.0250 0.0230 0.2205 0.0358 0.0208 0.0129 0.0262 0.5049 0.0227 0.0450 
        D370  4 0.0347 0.0359 0.0338 0.0294 0.0478 0.0652 0.0499 0.0255 0.0203 0.0703 0.5373 0.0499 
        D371  4 0.0484 0.1836 0.4035 0.0206 0.0271 0.0954 0.0126 0.0287 0.0273 0.0201 0.0907 0.0419 
        D372  4 0.0191 0.0117 0.0257 0.0173 0.0172 0.0339 0.1067 0.0780 0.2808 0.0385 0.2708 0.1002 
        D373  4 0.0405 0.0480 0.0194 0.5220 0.0388 0.0479 0.0482 0.0418 0.0667 0.0319 0.0360 0.0587 
        D455  4 0.0201 0.0365 0.0269 0.5274 0.0711 0.0162 0.0858 0.0202 0.0488 0.0941 0.0227 0.0303 
        D490  4 0.0138 0.0277 0.0261 0.5472 0.0241 0.0211 0.1176 0.1382 0.0148 0.0242 0.0149 0.0304 
        D497  4 0.0191 0.0148 0.0230 0.4256 0.0652 0.0499 0.1258 0.1155 0.0287 0.0319 0.0224 0.0781 
        D498  4 0.0538 0.0441 0.0626 0.0267 0.0230 0.0444 0.1743 0.0354 0.0704 0.3335 0.0547 0.0772 
        D499  4 0.0649 0.0250 0.0695 0.0187 0.1080 0.2180 0.0310 0.1438 0.0648 0.0474 0.0912 0.1179 
        D514  4 0.0382 0.2578 0.0149 0.0412 0.1318 0.0865 0.0951 0.0588 0.0500 0.0935 0.0517 0.0805 
        D515  4 0.0332 0.0294 0.0303 0.0625 0.0484 0.0337 0.1178 0.3839 0.0218 0.1436 0.0285 0.0668 
        D516  4 0.0656 0.0527 0.0514 0.0444 0.0180 0.2081 0.1925 0.0452 0.0715 0.1417 0.0339 0.0749 
        D517  4 0.0161 0.0540 0.0207 0.2964 0.0223 0.0174 0.2125 0.0438 0.0357 0.0884 0.0608 0.1320 
        D518  4 0.0248 0.0140 0.0465 0.1339 0.2561 0.0188 0.0212 0.0409 0.0227 0.3466 0.0329 0.0415 
        D519  4 0.0223 0.0278 0.0224 0.0708 0.0200 0.0190 0.1356 0.5531 0.0476 0.0248 0.0184 0.0381 
        D560  4 0.0227 0.0566 0.0121 0.0258 0.0216 0.0160 0.0771 0.6503 0.0270 0.0350 0.0209 0.0349 
        D561  4 0.0454 0.0540 0.0178 0.2513 0.0622 0.0212 0.0436 0.0652 0.0559 0.1865 0.0201 0.1768 
        D562  4 0.0279 0.0345 0.0376 0.1673 0.0822 0.0276 0.2285 0.0695 0.0557 0.0776 0.0818 0.1099 
        D563  4 0.1947 0.0235 0.0173 0.0715 0.1541 0.0748 0.0579 0.0824 0.0602 0.0743 0.0633 0.1260 
        D572  4 0.0203 0.0365 0.0258 0.0524 0.5823 0.0235 0.0620 0.0387 0.0238 0.0777 0.0223 0.0348 
        D629  4 0.0186 0.2053 0.0181 0.1529 0.0535 0.2615 0.1137 0.0304 0.0579 0.0253 0.0170 0.0458 
        D630  4 0.0224 0.0494 0.0510 0.1369 0.0655 0.0261 0.1815 0.0848 0.0768 0.1892 0.0407 0.0758 
        D631  4 0.0232 0.0156 0.0188 0.0262 0.5114 0.0179 0.0253 0.0788 0.0507 0.1584 0.0260 0.0476 
        D632  4 0.1099 0.0617 0.0153 0.2636 0.2038 0.0776 0.0257 0.0251 0.0134 0.0327 0.1354 0.0358 
        D646  4 0.0724 0.0634 0.0218 0.0573 0.0384 0.0172 0.1192 0.3308 0.0683 0.0638 0.0467 0.1008 
        D647  4 0.0324 0.1436 0.0146 0.0603 0.0411 0.0152 0.1057 0.0531 0.0535 0.3664 0.0566 0.0574 
        D648  4 0.0236 0.0170 0.0408 0.0204 0.3206 0.1779 0.0413 0.0503 0.0136 0.1196 0.1280 0.0469 
        D649  4 0.0977 0.2524 0.0231 0.0511 0.1845 0.0886 0.0568 0.0557 0.0429 0.0624 0.0166 0.0682 
        D650  4 0.0627 0.0956 0.0703 0.0773 0.0780 0.0900 0.0493 0.2128 0.0609 0.1244 0.0187 0.0600 
        D708  4 0.0178 0.0277 0.1143 0.0404 0.1794 0.1527 0.0548 0.1280 0.0507 0.0450 0.0557 0.1336 
        D709  4 0.0404 0.0205 0.0339 0.0169 0.0444 0.0739 0.1049 0.0173 0.0186 0.4806 0.0602 0.0884 
        D738  4 0.0302 0.0361 0.4172 0.0442 0.0182 0.0186 0.0648 0.0686 0.0505 0.1882 0.0239 0.0395 
        D739  4 0.0225 0.0209 0.0295 0.1137 0.0412 0.0445 0.3143 0.1466 0.0346 0.0802 0.0608 0.0912 
        D740  4 0.0691 0.0222 0.1422 0.0382 0.0633 0.0342 0.1203 0.2419 0.0621 0.0443 0.0307 0.1315 
        D741  4 0.0867 0.0687 0.0165 0.0320 0.0288 0.0280 0.1771 0.2543 0.0988 0.0772 0.0211 0.1109 
        D742  4 0.1181 0.0313 0.0822 0.0493 0.0661 0.0388 0.1049 0.2094 0.1629 0.0314 0.0319 0.0736 
        D743  4 0.0300 0.1788 0.0221 0.0376 0.4567 0.0407 0.0283 0.0445 0.0391 0.0610 0.0210 0.0403 
        D744  4 0.0288 0.0190 0.0168 0.0184 0.7625 0.0172 0.0225 0.0227 0.0209 0.0348 0.0112 0.0252 
        D745  4 0.0277 0.0204 0.0184 0.0694 0.0268 0.0294 0.1419 0.5574 0.0263 0.0268 0.0143 0.0412 
        D814  4 0.0134 0.0242 0.0189 0.0513 0.0570 0.0236 0.0767 0.3016 0.0532 0.0310 0.1868 0.1622 
        D815  4 0.0312 0.0707 0.0281 0.0195 0.2725 0.0444 0.0844 0.0201 0.0413 0.3052 0.0377 0.0450 
        D828  4 0.0164 0.0125 0.0557 0.0249 0.0666 0.0587 0.0516 0.0816 0.0410 0.0659 0.4732 0.0518 
        D845  4 0.0307 0.0168 0.0289 0.0137 0.0217 0.0179 0.0184 0.0288 0.7719 0.0174 0.0119 0.0219 
        D846  4 0.0307 0.0554 0.0125 0.0828 0.1390 0.0446 0.1729 0.0236 0.0465 0.2397 0.0554 0.0970 
        D847  4 0.0334 0.0664 0.0753 0.1228 0.0465 0.0240 0.2597 0.1207 0.0873 0.0666 0.0228 0.0745 
        D848  4 0.0259 0.0174 0.0240 0.5328 0.0254 0.0197 0.0434 0.0181 0.1670 0.0334 0.0538 0.0390 
        D849  4 0.0239 0.0221 0.0162 0.0461 0.0402 0.0426 0.4478 0.0904 0.0238 0.1387 0.0324 0.0759 
        D850  4 0.0325 0.0428 0.0494 0.2453 0.0308 0.0401 0.0481 0.0391 0.2792 0.0816 0.0137 0.0974 
        D856  4 0.0337 0.0316 0.0347 0.0412 0.0455 0.0643 0.1247 0.0818 0.0469 0.2774 0.0214 0.1967 
        D857  4 0.4201 0.0094 0.0288 0.0435 0.0205 0.0167 0.0260 0.0456 0.0127 0.0423 0.2995 0.0348 
        D859  4 0.0185 0.0479 0.0249 0.0243 0.3896 0.0269 0.0809 0.0731 0.0816 0.1298 0.0475 0.0549 
        D860  4 0.0278 0.0650 0.3300 0.0407 0.0841 0.0205 0.0281 0.0217 0.2088 0.0466 0.0590 0.0678 
        D883  4 0.0414 0.1729 0.0523 0.0996 0.0525 0.0983 0.1548 0.0855 0.0542 0.0682 0.0459 0.0744 
        D884  4 0.0295 0.0237 0.0472 0.0339 0.0469 0.0599 0.1858 0.2058 0.0351 0.2468 0.0233 0.0620 
        D885  4 0.0922 0.0506 0.0226 0.0319 0.0405 0.0541 0.0387 0.4683 0.0614 0.0450 0.0122 0.0823 
        D886  4 0.0353 0.1050 0.0170 0.0396 0.0329 0.0188 0.2584 0.0440 0.0217 0.3296 0.0549 0.0427 
        D887  4 0.0496 0.1624 0.0380 0.0421 0.0844 0.0474 0.0615 0.1829 0.0872 0.0531 0.0944 0.0969 
        D889  4 0.0092 0.0264 0.0192 0.0201 0.0479 0.0237 0.1044 0.0815 0.4406 0.1334 0.0219 0.0716 
        D890  4 0.0343 0.0247 0.0536 0.0375 0.0532 0.4960 0.0586 0.0243 0.0251 0.0518 0.0782 0.0625 
        D891  4 0.0148 0.0140 0.0103 0.0114 0.0111 0.0179 0.0164 0.0139 0.8539 0.0104 0.0092 0.0166 
        D899  4 0.0870 0.0263 0.0805 0.0370 0.1019 0.0703 0.0510 0.0525 0.2048 0.0616 0.1318 0.0953 
        D900  4 0.0486 0.0970 0.0538 0.0712 0.1069 0.0411 0.1748 0.0607 0.0645 0.0999 0.0537 0.1279 
        D970  4 0.0251 0.1322 0.0385 0.0677 0.2146 0.0435 0.1208 0.0734 0.0654 0.0633 0.0514 0.1041 
        D971  4 0.3165 0.0240 0.0346 0.0232 0.1049 0.0283 0.0424 0.0152 0.0264 0.2408 0.0839 0.0598 
        D979  4 0.0235 0.0441 0.0201 0.0210 0.1796 0.0581 0.0236 0.0185 0.0319 0.5153 0.0208 0.0435 
        D093  5 0.0263 0.0548 0.5879 0.0255 0.0255 0.0237 0.0457 0.0697 0.0338 0.0314 0.0293 0.0463 
        D154  5 0.0668 0.0259 0.0361 0.0158 0.0325 0.3038 0.0555 0.2102 0.1174 0.0251 0.0337 0.0770 
        D168  5 0.1186 0.0416 0.0147 0.0487 0.0325 0.2087 0.1437 0.1200 0.0760 0.0350 0.0406 0.1201 
