        D174  1 0.1139 0.1028 0.0292 0.6010 0.0479 0.1053 
        D199  1 0.1211 0.3463 0.2139 0.2050 0.0598 0.0539 
        D203  1 0.1182 0.3215 0.2447 0.0713 0.1132 0.1311 
        D204  1 0.0347 0.8364 0.0240 0.0221 0.0606 0.0222 
     D237366  1 0.2199 0.0817 0.0795 0.0730 0.2504 0.2954 
     D237367  1 0.1891 0.5177 0.0422 0.0387 0.0780 0.1342 
     D237368  1 0.1034 0.1635 0.0733 0.0988 0.0441 0.5168 
     D244101  1 0.1086 0.5202 0.1510 0.0283 0.1617 0.0302 
     D244102  1 0.1476 0.1291 0.0791 0.0805 0.4106 0.1531 
     D244103  1 0.4788 0.2347 0.0445 0.0425 0.0730 0.1266 
     D244104  1 0.0497 0.6970 0.0456 0.1355 0.0242 0.0481 
     D244105  1 0.2416 0.1782 0.0333 0.0200 0.1263 0.4005 
     D244106  1 0.0632 0.0554 0.1059 0.7117 0.0336 0.0303 
     D244107  1 0.1209 0.1214 0.0680 0.0175 0.0550 0.6172 
     D244108  1 0.0590 0.1531 0.0514 0.4833 0.0535 0.1997 
     D244113  1 0.0851 0.0243 0.0427 0.5343 0.2781 0.0356 
     D244114  1 0.3110 0.1204 0.1451 0.1166 0.2510 0.0558 
     D244115  1 0.1229 0.1537 0.0300 0.4858 0.0555 0.1523 
     D267365  1 0.0760 0.3671 0.0561 0.3667 0.0657 0.0685 
        D404  1 0.0850 0.0369 0.0465 0.4529 0.3437 0.0350 
        D405  1 0.1017 0.1449 0.1284 0.1330 0.4185 0.0734 
        D406  1 0.0326 0.0689 0.0170 0.0310 0.0467 0.8039 
        D407  1 0.1433 0.7178 0.0472 0.0278 0.0162 0.0477 
        D408  1 0.1105 0.0582 0.0634 0.6877 0.0533 0.0270 
        D409  1 0.7553 0.0775 0.0444 0.0451 0.0352 0.0426 
        D410  1 0.0438 0.0869 0.0094 0.0356 0.0297 0.7945 
        D421  1 0.0183 0.9154 0.0159 0.0248 0.0124 0.0131 
        D422  1 0.0494 0.0450 0.0241 0.0169 0.0176 0.8470 
        D423  1 0.0307 0.0817 0.0299 0.0185 0.0148 0.8245 
        D424  1 0.2092 0.6429 0.0145 0.0413 0.0436 0.0484 
        D425  1 0.0890 0.6308 0.0268 0.1644 0.0462 0.0428 
        D426  1 0.7347 0.0611 0.1162 0.0322 0.0189 0.0368 
        D427  1 0.0314 0.1798 0.4871 0.2508 0.0183 0.0326 
        D428  1 0.0951 0.5289 0.0429 0.1652 0.0830 0.0849 
        D429  1 0.1029 0.3079 0.0680 0.3651 0.0912 0.0650 
        D430  1 0.4166 0.1050 0.1375 0.2086 0.0733 0.0590 
        D491  1 0.0376 0.0473 0.0166 0.8448 0.0323 0.0215 
        D492  1 0.1741 0.3531 0.0506 0.1879 0.0841 0.1502 
        D537  1 0.0577 0.7617 0.0198 0.0263 0.0529 0.0816 
        D538  1 0.3211 0.0820 0.0806 0.1359 0.1224 0.2580 
        D539  1 0.1333 0.0540 0.1591 0.3414 0.1872 0.1250 
        D540  1 0.3647 0.3469 0.0412 0.0963 0.0527 0.0982 
        D541  1 0.0376 0.8616 0.0176 0.0322 0.0137 0.0372 
        D551  1 0.3006 0.1024 0.4668 0.0438 0.0428 0.0436 
        D552  1 0.0833 0.2324 0.0463 0.2567 0.0425 0.3389 
        D553  1 0.0276 0.9064 0.0140 0.0235 0.0133 0.0152 
        D615  1 0.1322 0.4115 0.1228 0.1350 0.0375 0.1610 
        D616  1 0.1662 0.3217 0.1340 0.1231 0.0270 0.2281 
        D621  1 0.0598 0.0258 0.0297 0.0885 0.1705 0.6256 
        D622  1 0.0464 0.0378 0.0242 0.0454 0.0651 0.7811 
        D623  1 0.0707 0.0453 0.1091 0.4011 0.3349 0.0389 
        D624  1 0.0285 0.0399 0.0160 0.8808 0.0177 0.0171 
        D625  1 0.1303 0.6129 0.0231 0.1081 0.0459 0.0797 
        D626  1 0.1162 0.1186 0.0527 0.3888 0.1062 0.2174 
        D627  1 0.8067 0.0601 0.0454 0.0402 0.0208 0.0267 
        D690  1 0.0461 0.7679 0.0124 0.0749 0.0273 0.0714 
        D691  1 0.0444 0.0911 0.0222 0.0377 0.0498 0.7549 
        D710  1 0.1391 0.3530 0.0397 0.2372 0.1083 0.1225 
        D711  1 0.0473 0.7579 0.0246 0.0476 0.0701 0.0525 
        D712  1 0.0737 0.0403 0.0509 0.6880 0.0913 0.0558 
        D713  1 0.1191 0.2493 0.0181 0.1693 0.3338 0.1104 
        D746  1 0.0312 0.0553 0.0193 0.0230 0.0266 0.8445 
        D747  1 0.0212 0.8933 0.0217 0.0268 0.0172 0.0197 
        D748  1 0.1344 0.4079 0.0234 0.0590 0.1189 0.2565 
        D749  1 0.1123 0.0304 0.0550 0.1086 0.1058 0.5880 
        D750  1 0.0386 0.1063 0.0216 0.7205 0.0331 0.0799 
        D763  1 0.2017 0.2007 0.2371 0.0447 0.2297 0.0861 
        D764  1 0.0687 0.4345 0.0178 0.3371 0.0156 0.1263 
        D765  1 0.1275 0.0502 0.0255 0.1790 0.0377 0.5802 
        D766  1 0.0728 0.2326 0.0248 0.0449 0.0870 0.5379 
        D767  1 0.1094 0.1320 0.0611 0.0365 0.5272 0.1338 
        D768  1 0.0273 0.9025 0.0189 0.0158 0.0134 0.0220 
        D811  1 0.2475 0.0595 0.0367 0.3852 0.1903 0.0809 
        D816  1 0.0200 0.8831 0.0128 0.0397 0.0197 0.0246 
        D825  1 0.1920 0.2012 0.0193 0.3203 0.0767 0.1905 
        D866  1 0.1081 0.0489 0.2996 0.4572 0.0266 0.0597 
        D867  1 0.0526 0.0329 0.0373 0.0277 0.0580 0.7915 
        D871  1 0.8264 0.0423 0.0250 0.0483 0.0387 0.0193 
        D872  1 0.0857 0.5664 0.0351 0.0447 0.1032 0.1649 
        D873  1 0.0174 0.0086 0.0122 0.0133 0.0285 0.9200 
        D874  1 0.0795 0.1481 0.0380 0.1793 0.5368 0.0183 
        D875  1 0.8368 0.0393 0.0144 0.0197 0.0291 0.0606 
        D876  1 0.1217 0.5832 0.0311 0.1027 0.0764 0.0849 
        D877  1 0.1248 0.0854 0.0336 0.3550 0.3829 0.0184 
        D892  1 0.1154 0.4301 0.0181 0.1901 0.1235 0.1227 
        D893  1 0.1081 0.6677 0.0472 0.0209 0.0832 0.0728 
        D894  1 0.1949 0.4818 0.0404 0.1629 0.0614 0.0586 
        D915  1 0.0632 0.6647 0.0231 0.0479 0.0330 0.1681 
        D916  1 0.0234 0.8910 0.0154 0.0282 0.0130 0.0290 
        D917  1 0.0893 0.1443 0.0831 0.5322 0.1071 0.0441 
        D925  1 0.0265 0.1392 0.0231 0.0738 0.0212 0.7162 
        D926  1 0.1408 0.5463 0.0284 0.1297 0.0756 0.0792 
        D927  1 0.1293 0.4216 0.2566 0.0928 0.0653 0.0344 
        D928  1 0.0239 0.0717 0.0158 0.8443 0.0257 0.0186 
        D929  1 0.0920 0.0372 0.0206 0.0368 0.7732 0.0402 
        D936  1 0.0564 0.6475 0.0753 0.0589 0.1203 0.0416 
        D938  1 0.0235 0.0305 0.0147 0.0199 0.0330 0.8784 
        D956  1 0.0774 0.0234 0.0415 0.7683 0.0506 0.0389 
        D957  1 0.0711 0.3176 0.0361 0.0487 0.1104 0.4161 
        D958  1 0.0891 0.4438 0.0172 0.1050 0.0855 0.2595 
        D959  1 0.1146 0.7597 0.0293 0.0182 0.0151 0.0632 
        D960  1 0.0235 0.0267 0.0158 0.0303 0.0662 0.8375 
        D989  1 0.0484 0.0514 0.1166 0.7116 0.0487 0.0233 
        D990  1 0.0468 0.0149 0.0388 0.0632 0.0228 0.8135 
        D023  2 0.0718 0.1126 0.0221 0.0264 0.0198 0.7473 
        D130  2 0.0914 0.0977 0.0308 0.0163 0.0632 0.7006 
        D131  2 0.4691 0.3251 0.0533 0.0415 0.0663 0.0447 
        D163  2 0.0344 0.0991 0.0200 0.0449 0.0290 0.7727 
        D164  2 0.0162 0.0165 0.4699 0.0112 0.0134 0.4727 
        D165  2 0.0638 0.0543 0.0371 0.0273 0.0277 0.7898 
        D166  2 0.3890 0.0587 0.0672 0.0266 0.3833 0.0751 
        D167  2 0.0214 0.0174 0.8852 0.0381 0.0188 0.0191 
        D192  2 0.0153 0.0104 0.9244 0.0148 0.0207 0.0144 
        D193  2 0.1094 0.0294 0.0598 0.2493 0.4783 0.0739 
        D206  2 0.1902 0.3448 0.2384 0.0365 0.0898 0.1002 
        D207  2 0.0969 0.0475 0.7789 0.0180 0.0344 0.0243 
        D208  2 0.0861 0.0547 0.2902 0.3595 0.1481 0.0615 
        D209  2 0.1692 0.0622 0.4105 0.0321 0.2404 0.0857 
        D210  2 0.0490 0.0758 0.1743 0.6286 0.0356 0.0369 
     D229599  2 0.1695 0.2290 0.0787 0.1114 0.2763 0.1350 
     D229600  2 0.0718 0.0359 0.3707 0.0218 0.0419 0.4578 
     D237227  2 0.0678 0.0513 0.0592 0.6065 0.0405 0.1747 
     D237228  2 0.1140 0.0254 0.0669 0.3670 0.0436 0.3831 
     D237258  2 0.1359 0.1238 0.2865 0.1182 0.1293 0.2063 
     D237310  2 0.2211 0.0177 0.0471 0.0497 0.1003 0.5641 
     D237311  2 0.0625 0.0203 0.1610 0.0399 0.0345 0.6818 
     D237312  2 0.2477 0.0340 0.0250 0.0637 0.3106 0.3190 
     D237313  2 0.1720 0.3421 0.0447 0.1442 0.1324 0.1645 
     D237322  2 0.2727 0.0435 0.2525 0.1194 0.2432 0.0688 
     D237323  2 0.0771 0.0171 0.0330 0.1662 0.0716 0.6350 
     D237324  2 0.1799 0.0650 0.3541 0.0205 0.0436 0.3369 
     D237325  2 0.1095 0.0568 0.0568 0.0939 0.1721 0.5110 
     D237326  2 0.0473 0.0979 0.0276 0.0925 0.0331 0.7016 
     D237327  2 0.2074 0.0934 0.3709 0.0726 0.1775 0.0783 
     D237337  2 0.0686 0.0353 0.0143 0.0629 0.0416 0.7774 
     D237338  2 0.1483 0.0647 0.0940 0.1446 0.2180 0.3303 
     D237339  2 0.1085 0.1196 0.2277 0.0249 0.4905 0.0288 
     D237340  2 0.0769 0.0241 0.1990 0.2272 0.1288 0.3441 
     D237389  2 0.1303 0.0397 0.0959 0.0364 0.0703 0.6273 
     D237390  2 0.1352 0.0864 0.0366 0.1253 0.2581 0.3585 
     D244017  2 0.1125 0.0444 0.3074 0.3945 0.0705 0.0707 
     D244112  2 0.0326 0.0152 0.8676 0.0178 0.0284 0.0385 
     D244118  2 0.0227 0.0129 0.5566 0.0205 0.0493 0.3380 
     D244119  2 0.0229 0.0176 0.2200 0.6950 0.0150 0.0295 
     D244120  2 0.0610 0.0140 0.5592 0.0901 0.2274 0.0484 
     D244122  2 0.0483 0.0322 0.7702 0.0493 0.0545 0.0453 
        D291  2 0.3864 0.1109 0.3518 0.0417 0.0468 0.0625 
        D292  2 0.0540 0.2708 0.3976 0.1461 0.0750 0.0565 
        D293  2 0.0807 0.2428 0.6138 0.0165 0.0318 0.0144 
        D322  2 0.0955 0.2463 0.4927 0.0248 0.0893 0.0514 
        D323  2 0.3133 0.1833 0.1273 0.0713 0.2402 0.0646 
        D324  2 0.2420 0.2524 0.1915 0.1324 0.0425 0.1391 
        D325  2 0.0563 0.0443 0.8550 0.0124 0.0184 0.0135 
        D326  2 0.0203 0.9005 0.0203 0.0300 0.0178 0.0110 
        D340  2 0.0183 0.0265 0.9058 0.0150 0.0153 0.0192 
        D341  2 0.0493 0.0351 0.7572 0.0443 0.0783 0.0358 
        D342  2 0.1058 0.0291 0.6615 0.0207 0.0427 0.1403 
        D343  2 0.0147 0.0175 0.9355 0.0110 0.0116 0.0097 
        D344  2 0.1548 0.2609 0.0522 0.0315 0.4577 0.0429 
        D345  2 0.1076 0.3950 0.0579 0.0719 0.1149 0.2526 
        D346  2 0.0985 0.0609 0.0662 0.6973 0.0456 0.0315 
        D351  2 0.3407 0.3263 0.0961 0.0268 0.1230 0.0872 
        D352  2 0.2028 0.0376 0.0504 0.0946 0.5655 0.0492 
        D353  2 0.3149 0.4657 0.0605 0.0229 0.1185 0.0176 
        D354  2 0.0938 0.1894 0.0180 0.1163 0.5156 0.0669 
        D362  2 0.0416 0.8156 0.0264 0.0497 0.0215 0.0453 
        D363  2 0.0331 0.7922 0.0239 0.0860 0.0237 0.0411 
        D364  2 0.0464 0.5228 0.0238 0.0745 0.2713 0.0612 
        D365  2 0.0171 0.0269 0.9027 0.0217 0.0168 0.0149 
        D369  2 0.1113 0.2543 0.2206 0.2744 0.0327 0.1067 
        D374  2 0.0414 0.0213 0.0275 0.6542 0.2317 0.0240 
        D375  2 0.0952 0.0675 0.0158 0.0325 0.7498 0.0392 
        D376  2 0.0384 0.0168 0.0317 0.6349 0.2341 0.0442 
        D377  2 0.3331 0.0654 0.0991 0.1464 0.1708 0.1852 
        D378  2 0.2136 0.3214 0.2184 0.0321 0.1558 0.0587 
        D379  2 0.0572 0.8193 0.0198 0.0340 0.0490 0.0207 
        D384  2 0.0182 0.9008 0.0160 0.0321 0.0166 0.0162 
        D385  2 0.0407 0.0263 0.7760 0.0397 0.0936 0.0237 
        D386  2 0.1494 0.3497 0.0601 0.0239 0.3371 0.0798 
        D391  2 0.0383 0.0568 0.8088 0.0226 0.0527 0.0207 
        D392  2 0.0545 0.0717 0.6723 0.0811 0.0281 0.0922 
        D393  2 0.1005 0.5112 0.1720 0.0362 0.1094 0.0707 
        D394  2 0.1448 0.0998 0.0827 0.0732 0.2562 0.3433 
        D395  2 0.1256 0.0353 0.3198 0.0292 0.4675 0.0226 
        D401  2 0.0788 0.0251 0.0327 0.0377 0.0185 0.8072 
        D402  2 0.0294 0.0280 0.8748 0.0219 0.0300 0.0159 
        D403  2 0.1609 0.4534 0.0462 0.0226 0.1915 0.1254 
        D415  2 0.1524 0.7250 0.0213 0.0119 0.0258 0.0638 
        D435  2 0.0345 0.6674 0.1939 0.0208 0.0368 0.0465 
        D436  2 0.0661 0.2276 0.0293 0.0718 0.5790 0.0262 
        D438  2 0.0230 0.0174 0.9113 0.0179 0.0174 0.0130 
        D439  2 0.2035 0.1759 0.0904 0.0340 0.3840 0.1121 
        D449  2 0.1390 0.1462 0.6262 0.0259 0.0328 0.0298 
        D450  2 0.3084 0.0762 0.0301 0.3256 0.1951 0.0646 
        D456  2 0.0625 0.8715 0.0144 0.0218 0.0158 0.0140 
        D462  2 0.0226 0.0475 0.8544 0.0144 0.0398 0.0213 
        D463  2 0.0197 0.9070 0.0119 0.0260 0.0214 0.0140 
        D464  2 0.3315 0.1828 0.0800 0.0450 0.3394 0.0212 
        D465  2 0.1502 0.3694 0.3614 0.0278 0.0305 0.0607 
        D473  2 0.0829 0.0245 0.0412 0.5935 0.1287 0.1292 
        D474  2 0.0528 0.6423 0.1080 0.0990 0.0255 0.0724 
        D476  2 0.0737 0.0535 0.1190 0.0222 0.3191 0.4125 
        D477  2 0.1341 0.4725 0.0346 0.1210 0.1877 0.0501 
        D478  2 0.3256 0.0656 0.0556 0.2337 0.1834 0.1361 
        D480  2 0.1582 0.2896 0.1595 0.1768 0.1861 0.0299 
        D481  2 0.1362 0.3155 0.0609 0.1865 0.1448 0.1561 
        D482  2 0.1057 0.0288 0.0698 0.1711 0.5381 0.0865 
        D483  2 0.0209 0.0213 0.8570 0.0564 0.0185 0.0259 
        D484  2 0.0627 0.0157 0.0314 0.0553 0.8090 0.0259 
        D510  2 0.0367 0.0223 0.0373 0.7995 0.0813 0.0228 
        D511  2 0.1315 0.2711 0.1063 0.0333 0.3898 0.0679 
        D512  2 0.2306 0.0386 0.1422 0.0177 0.0717 0.4992 
        D513  2 0.1205 0.1900 0.5539 0.0597 0.0363 0.0397 
        D635  2 0.1531 0.4965 0.0451 0.0575 0.0207 0.2271 
        D636  2 0.0287 0.0320 0.0158 0.0236 0.0160 0.8840 
        D637  2 0.1755 0.0483 0.2235 0.1048 0.3945 0.0534 
        D658  2 0.0364 0.0221 0.4638 0.1275 0.2806 0.0697 
        D659  2 0.0517 0.7804 0.0360 0.0494 0.0357 0.0468 
        D677  2 0.1139 0.4919 0.0919 0.0289 0.1374 0.1359 
        D678  2 0.1195 0.0226 0.7090 0.0204 0.0812 0.0472 
        D679  2 0.1667 0.5912 0.0939 0.0628 0.0461 0.0394 
        D719  2 0.0398 0.1982 0.1588 0.5450 0.0353 0.0229 
        D720  2 0.0534 0.7886 0.0300 0.0776 0.0196 0.0309 
        D721  2 0.1448 0.0904 0.0843 0.0601 0.0425 0.5779 
        D722  2 0.0764 0.0394 0.0689 0.5077 0.2274 0.0803 
        D734  2 0.0690 0.0462 0.0823 0.4019 0.3845 0.0161 
        D735  2 0.2877 0.3278 0.0771 0.1172 0.0776 0.1125 
        D736  2 0.0560 0.0791 0.1271 0.6108 0.0557 0.0714 
        D737  2 0.0440 0.0286 0.4959 0.0629 0.2819 0.0866 
        D807  2 0.0681 0.2130 0.0917 0.3841 0.1536 0.0895 
        D808  2 0.3246 0.1218 0.1769 0.0392 0.1361 0.2013 
        D817  2 0.1713 0.5810 0.0274 0.0736 0.1063 0.0403 
        D818  2 0.3558 0.0898 0.3570 0.0370 0.1162 0.0443 
        D819  2 0.3896 0.2783 0.0458 0.0439 0.0839 0.1584 
        D820  2 0.0696 0.7853 0.0446 0.0293 0.0569 0.0144 
        D895  2 0.1429 0.6352 0.0318 0.0449 0.0439 0.1014 
        D896  2 0.0294 0.0245 0.0157 0.0345 0.0215 0.8744 
        D897  2 0.1577 0.0283 0.6956 0.0314 0.0531 0.0339 
        D898  2 0.4007 0.1070 0.0730 0.1102 0.1986 0.1104 
        D918  2 0.3009 0.0527 0.1365 0.0946 0.2313 0.1841 
        D919  2 0.1863 0.2378 0.1560 0.0348 0.3503 0.0348 
        D920  2 0.0339 0.0317 0.0284 0.0363 0.0883 0.7814 
        D923  2 0.0798 0.7607 0.0313 0.0302 0.0740 0.0240 
        D930  2 0.3143 0.2395 0.0494 0.1926 0.1384 0.0659 
        D931  2 0.0915 0.4242 0.1343 0.0842 0.2142 0.0516 
        D968  2 0.0213 0.0245 0.9105 0.0164 0.0164 0.0109 
        D969  2 0.0974 0.3632 0.2965 0.1245 0.0661 0.0522 
        D977  2 0.0914 0.0501 0.7756 0.0177 0.0395 0.0257 
        D978  2 0.5456 0.0359 0.2773 0.0415 0.0810 0.0186 
        D211  3 0.3030 0.1386 0.0385 0.0373 0.1486 0.3340 
     D229639  3 0.0528 0.0908 0.5356 0.2335 0.0481 0.0392 
     D237212  3 0.2146 0.1430 0.1874 0.0549 0.2775 0.1226 
     D237213  3 0.3548 0.1252 0.0485 0.0228 0.2179 0.2309 
     D237214  3 0.4684 0.0553 0.0191 0.0358 0.0460 0.3754 
     D237215  3 0.0250 0.0189 0.7913 0.1039 0.0395 0.0214 
     D237216  3 0.6871 0.0739 0.0463 0.0326 0.0763 0.0839 
     D237217  3 0.2110 0.2075 0.0543 0.0209 0.0706 0.4357 
     D237218  3 0.2250 0.1324 0.1738 0.1045 0.2866 0.0777 
     D237219  3 0.1438 0.0578 0.0630 0.1562 0.0878 0.4914 
     D237382  3 0.3538 0.1379 0.0708 0.1327 0.2060 0.0987 
     D244127  3 0.1063 0.0433 0.1246 0.0302 0.0687 0.6269 
     D244129  3 0.2555 0.1881 0.1183 0.0711 0.0990 0.2680 
     D244133  3 0.3153 0.1491 0.1496 0.2488 0.0322 0.1049 
     D244134  3 0.0580 0.0435 0.1414 0.5951 0.0436 0.1185 
     D244135  3 0.1664 0.0873 0.0851 0.0204 0.0497 0.5911 
     D244136  3 0.1754 0.2532 0.1087 0.3256 0.0590 0.0781 
        D416  3 0.2640 0.2247 0.2534 0.0472 0.0674 0.1433 
        D417  3 0.0723 0.7360 0.0198 0.0242 0.1007 0.0469 
        D419  3 0.1225 0.2352 0.1978 0.1084 0.0996 0.2365 
        D565  3 0.0218 0.0417 0.0191 0.8833 0.0169 0.0172 
        D566  3 0.0767 0.0576 0.2190 0.5700 0.0292 0.0476 
        D567  3 0.0501 0.7184 0.0375 0.0265 0.0453 0.1223 
        D568  3 0.0950 0.3186 0.1365 0.0219 0.1953 0.2327 
        D569  3 0.1741 0.0379 0.0873 0.0401 0.6050 0.0555 
        D573  3 0.0587 0.1495 0.7055 0.0327 0.0235 0.0302 
        D574  3 0.1810 0.0425 0.0613 0.5779 0.0659 0.0714 
        D575  3 0.2196 0.2146 0.0891 0.1993 0.0495 0.2280 
        D576  3 0.0574 0.0105 0.8507 0.0330 0.0330 0.0154 
        D577  3 0.1538 0.6065 0.0339 0.0492 0.0929 0.0636 
        D578  3 0.3574 0.0200 0.0345 0.0190 0.0240 0.5451 
        D579  3 0.1248 0.2546 0.1503 0.2797 0.0943 0.0962 
        D660  3 0.2554 0.0300 0.4765 0.0208 0.0980 0.1193 
        D661  3 0.1095 0.0370 0.6459 0.0216 0.1232 0.0628 
        D663  3 0.1286 0.0487 0.7022 0.0367 0.0615 0.0223 
        D664  3 0.2379 0.0227 0.2269 0.1074 0.0990 0.3061 
        D665  3 0.6478 0.0209 0.0427 0.0160 0.1561 0.1165 
        D666  3 0.2316 0.1848 0.0525 0.1833 0.0978 0.2499 
        D009  4 0.1950 0.1434 0.0247 0.0382 0.3480 0.2506 
        D057  4 0.0429 0.0607 0.2383 0.0302 0.4658 0.1621 
        D109  4 0.2866 0.0374 0.0247 0.0890 0.0653 0.4970 
     D237222  4 0.0778 0.0591 0.0540 0.1179 0.1264 0.5650 
     D237223  4 0.1633 0.0872 0.1183 0.1159 0.1512 0.3641 
     D237224  4 0.1053 0.2199 0.3125 0.0538 0.2510 0.0575 
     D237225  4 0.3409 0.2157 0.0440 0.0478 0.2288 0.1227 
     D237299  4 0.7598 0.0167 0.0343 0.0430 0.0735 0.0727 
     D237300  4 0.0736 0.0206 0.7394 0.0957 0.0427 0.0279 
     D237306  4 0.0659 0.1064 0.0323 0.5983 0.0925 0.1047 
     D237307  4 0.1500 0.4353 0.0715 0.2314 0.0669 0.0449 
     D237308  4 0.0485 0.0619 0.4438 0.1177 0.1680 0.1600 
     D237309  4 0.1786 0.2609 0.0784 0.0458 0.2115 0.2248 
     D237317  4 0.0820 0.1880 0.0373 0.5895 0.0491 0.0542 
     D237318  4 0.0817 0.0249 0.8088 0.0511 0.0179 0.0157 
     D237319  4 0.2863 0.1746 0.0683 0.0543 0.1463 0.2702 
     D237320  4 0.1383 0.1484 0.2404 0.0651 0.0823 0.3255 
     D237321  4 0.0828 0.0806 0.5763 0.1291 0.0588 0.0724 
     D237397  4 0.0876 0.1131 0.2708 0.2531 0.1132 0.1622 
     D237398  4 0.2653 0.1285 0.4614 0.0376 0.0601 0.0471 
     D237399  4 0.1644 0.1392 0.1114 0.3791 0.1302 0.0756 
     D244001  4 0.0632 0.0584 0.1290 0.0302 0.2267 0.4925 
        D289  4 0.1225 0.1451 0.1270 0.3519 0.1985 0.0551 
        D290  4 0.3145 0.0775 0.0471 0.0344 0.4718 0.0546 
        D294  4 0.3263 0.0945 0.0538 0.0378 0.4590 0.0286 
        D295  4 0.1216 0.4241 0.0429 0.0783 0.2329 0.1002 
        D301  4 0.0513 0.0279 0.0614 0.0419 0.1163 0.7012 
        D302  4 0.0908 0.2576 0.0192 0.0219 0.5809 0.0296 
        D303  4 0.0530 0.0343 0.0464 0.6933 0.0946 0.0784 
        D304  4 0.3067 0.0963 0.0674 0.1036 0.3863 0.0396 
        D305  4 0.1936 0.0386 0.1093 0.0178 0.6038 0.0368 
        D306  4 0.4822 0.0662 0.0185 0.0475 0.3312 0.0544 
        D307  4 0.0482 0.0204 0.0316 0.0576 0.0932 0.7490 
        D327  4 0.1044 0.6800 0.0462 0.0795 0.0593 0.0305 
        D328  4 0.0578 0.0499 0.0273 0.1950 0.6132 0.0568 
        D329  4 0.1588 0.0975 0.1819 0.0447 0.4471 0.0700 
        D330  4 0.1642 0.4768 0.0486 0.0199 0.1474 0.1431 
        D331  4 0.2428 0.1857 0.0952 0.1898 0.1675 0.1190 
        D333  4 0.0939 0.1029 0.1226 0.1500 0.4183 0.1123 
        D334  4 0.1038 0.0748 0.0272 0.6651 0.0872 0.0418 
        D335  4 0.0563 0.4599 0.0313 0.0327 0.3850 0.0347 
        D370  4 0.0909 0.0826 0.0449 0.1574 0.4073 0.2169 
        D371  4 0.0298 0.1422 0.0266 0.7360 0.0415 0.0240 
        D372  4 0.2077 0.0151 0.6097 0.0479 0.0977 0.0219 
        D373  4 0.0718 0.0458 0.0967 0.0268 0.1108 0.6481 
        D455  4 0.0682 0.0356 0.0585 0.0282 0.1763 0.6332 
        D490  4 0.0489 0.0267 0.0135 0.0253 0.1397 0.7460 
        D497  4 0.0781 0.0234 0.0238 0.0307 0.1568 0.6873 
        D498  4 0.2442 0.1102 0.1062 0.2207 0.1569 0.1619 
        D499  4 0.2667 0.0299 0.3386 0.1860 0.1329 0.0458 
        D514  4 0.2288 0.3591 0.0320 0.0262 0.3027 0.0513 
        D515  4 0.3215 0.0860 0.0510 0.0470 0.1926 0.3018 
        D516  4 0.1328 0.3035 0.1120 0.1104 0.0841 0.2571 
        D517  4 0.0610 0.0710 0.1173 0.0222 0.0960 0.6324 
        D518  4 0.0441 0.0625 0.0684 0.0652 0.6336 0.1262 
        D519  4 0.2002 0.1330 0.0979 0.0395 0.1052 0.4242 
        D560  4 0.2311 0.1445 0.1433 0.0282 0.2584 0.1944 
        D561  4 0.6247 0.1176 0.0619 0.0147 0.0916 0.0894 
        D562  4 0.3746 0.0612 0.0827 0.0823 0.2943 0.1049 
        D563  4 0.1954 0.0650 0.3900 0.0246 0.2288 0.0962 
        D572  4 0.0772 0.1006 0.0330 0.0280 0.7123 0.0489 
        D629  4 0.2283 0.4347 0.0459 0.0398 0.0758 0.1755 
        D630  4 0.2113 0.1761 0.0673 0.0818 0.3562 0.1074 
        D631  4 0.0797 0.0308 0.1391 0.0420 0.6812 0.0272 
        D632  4 0.0397 0.0530 0.1431 0.0224 0.1043 0.6375 
        D646  4 0.0977 0.4190 0.0816 0.0373 0.0815 0.2829 
        D647  4 0.0545 0.5415 0.0683 0.0222 0.2004 0.1132 
        D648  4 0.0537 0.0217 0.0298 0.0747 0.7927 0.0274 
        D649  4 0.0668 0.4641 0.0301 0.0250 0.1494 0.2645 
        D650  4 0.1941 0.2881 0.0493 0.1429 0.1916 0.1341 
        D708  4 0.2141 0.0497 0.0372 0.2888 0.3534 0.0568 
        D709  4 0.2939 0.0692 0.0301 0.0546 0.4684 0.0837 
        D738  4 0.0433 0.1180 0.0200 0.5748 0.0588 0.1850 
        D739  4 0.2409 0.0384 0.0432 0.0398 0.4634 0.1743 
        D740  4 0.4256 0.0289 0.0831 0.1922 0.1014 0.1688 
        D741  4 0.2741 0.2759 0.1754 0.0214 0.1326 0.1206 
        D742  4 0.1240 0.0600 0.4415 0.1756 0.1381 0.0608 
        D743  4 0.0740 0.5592 0.0491 0.0391 0.2509 0.0278 
        D744  4 0.1711 0.1355 0.0752 0.0395 0.5179 0.0608 
        D745  4 0.2553 0.0692 0.0370 0.0398 0.1530 0.4458 
        D814  4 0.2394 0.0784 0.4524 0.0201 0.1682 0.0415 
        D815  4 0.1292 0.2173 0.0472 0.0500 0.4914 0.0649 
        D828  4 0.1354 0.0190 0.1541 0.1749 0.4809 0.0357 
        D845  4 0.0396 0.0399 0.7007 0.1681 0.0343 0.0174 
        D846  4 0.1498 0.2338 0.1557 0.0168 0.4005 0.0434 
        D847  4 0.2805 0.1409 0.1086 0.1708 0.1761 0.1231 
        D848  4 0.0872 0.0225 0.2165 0.0273 0.0606 0.5859 
        D849  4 0.3247 0.0938 0.0463 0.0184 0.2459 0.2709 
        D850  4 0.2659 0.2512 0.1583 0.1267 0.0392 0.1586 
        D856  4 0.5526 0.0629 0.0427 0.0395 0.1473 0.1551 
        D857  4 0.0295 0.0122 0.0488 0.0398 0.0784 0.7913 
        D859  4 0.0843 0.1043 0.0603 0.0378 0.6807 0.0328 
        D860  4 0.0384 0.1232 0.1010 0.6539 0.0592 0.0244 
        D883  4 0.1007 0.3206 0.0403 0.1162 0.2191 0.2032 
        D884  4 0.1264 0.1762 0.0279 0.1203 0.2941 0.2551 
        D885  4 0.4279 0.1797 0.1488 0.0388 0.1385 0.0664 
        D886  4 0.1324 0.1988 0.0835 0.0310 0.2520 0.3024 
        D887  4 0.1926 0.1374 0.2829 0.0915 0.1876 0.1080 
        D889  4 0.3085 0.0583 0.1376 0.0394 0.4377 0.0185 
        D890  4 0.2003 0.0854 0.0582 0.1669 0.3126 0.1766 
        D891  4 0.0513 0.0251 0.8612 0.0378 0.0126 0.0121 
        D899  4 0.0690 0.0484 0.5833 0.1348 0.1340 0.0305 
        D900  4 0.2868 0.2253 0.0873 0.1103 0.2120 0.0783 
        D970  4 0.1849 0.2086 0.0865 0.0885 0.3693 0.0621 
        D971  4 0.1172 0.1214 0.4430 0.0846 0.1294 0.1044 
        D979  4 0.0545 0.5786 0.0281 0.0336 0.2835 0.0217 
        D093  5 0.0398 0.0553 0.0380 0.7867 0.0495 0.0305 
        D154  5 0.2840 0.0450 0.3935 0.0793 0.1597 0.0385 
        D168  5 0.2615 0.1297 0.3316 0.0235 0.0829 0.1709 
        D189  5 0.1147 0.0536 0.1424 0.5545 0.0917 0.0431 
        D190  5 0.0282 0.0445 0.0277 0.8036 0.0720 0.0240 
     D237220  5 0.2496 0.0413 0.0431 0.1496 0.2926 0.2238 
     D237221  5 0.1131 0.1116 0.1900 0.4237 0.0967 0.0650 
     D237274  5 0.0404 0.7929 0.0307 0.0212 0.0808 0.0341 
     D237275  5 0.0970 0.0211 0.7787 0.0298 0.0444 0.0290 
     D237276  5 0.1220 0.1968 0.0585 0.2434 0.2083 0.1710 
     D237277  5 0.0599 0.0388 0.1168 0.6950 0.0592 0.0303 
     D237278  5 0.1056 0.0468 0.3110 0.3051 0.0946 0.1369 
     D237279  5 0.3398 0.0439 0.0374 0.0233 0.0284 0.5271 
     D237280  5 0.1344 0.2529 0.0238 0.1044 0.0726 0.4119 
     D237281  5 0.0410 0.0454 0.8498 0.0291 0.0183 0.0166 
     D237351  5 0.0788 0.0397 0.0270 0.1060 0.0328 0.7158 
     D237352  5 0.0955 0.1973 0.0781 0.0609 0.1883 0.3799 
     D237353  5 0.0246 0.0264 0.0232 0.8733 0.0284 0.0241 
     D237359  5 0.4081 0.0609 0.0704 0.1005 0.2471 0.1131 
     D237361  5 0.0298 0.0242 0.0211 0.8691 0.0238 0.0321 
     D237362  5 0.2375 0.3353 0.0812 0.1860 0.0922 0.0679 
     D237363  5 0.6471 0.0632 0.1364 0.0650 0.0332 0.0552 
     D237364  5 0.1920 0.1224 0.1973 0.0226 0.3690 0.0966 
     D237376  5 0.0965 0.0183 0.0825 0.1964 0.5729 0.0333 
     D237377  5 0.1097 0.3178 0.0380 0.1378 0.0369 0.3598 
     D237378  5 0.0577 0.0235 0.1126 0.4637 0.3077 0.0348 
     D237379  5 0.1729 0.0370 0.0441 0.2929 0.4194 0.0336 
     D237380  5 0.0455 0.0419 0.0159 0.0654 0.2056 0.6256 
     D237381  5 0.0694 0.0757 0.0779 0.0993 0.1728 0.5049 
     D237391  5 0.0310 0.0247 0.0219 0.8775 0.0208 0.0241 
     D237392  5 0.1003 0.5841 0.1221 0.0340 0.0925 0.0671 
     D237393  5 0.0544 0.3561 0.0619 0.3482 0.0561 0.1233 
     D237394  5 0.0226 0.0334 0.0167 0.8829 0.0213 0.0231 
     D237395  5 0.2904 0.0424 0.1180 0.3560 0.0786 0.1145 
     D237396  5 0.0875 0.4395 0.0831 0.2072 0.0361 0.1466 
     D244016  5 0.3426 0.0608 0.0901 0.3124 0.1528 0.0413 
     D244018  5 0.1135 0.1108 0.3879 0.2547 0.0404 0.0928 
     D244019  5 0.3620 0.2807 0.1282 0.0827 0.1018 0.0446 
        D279  5 0.3483 0.0516 0.2030 0.1057 0.2289 0.0624 
        D280  5 0.1972 0.1150 0.1111 0.4618 0.0448 0.0701 
        D281  5 0.1241 0.0221 0.7185 0.0742 0.0441 0.0171 
        D283  5 0.0497 0.1970 0.0466 0.6501 0.0297 0.0268 
        D284  5 0.5280 0.0729 0.0812 0.0498 0.1099 0.1582 
        D285  5 0.1493 0.0857 0.0480 0.5637 0.1138 0.0396 
        D286  5 0.1827 0.1320 0.0449 0.2279 0.3403 0.0722 
        D287  5 0.1342 0.0217 0.0334 0.1797 0.5517 0.0792 
        D288  5 0.1771 0.3500 0.1510 0.2576 0.0337 0.0306 
        D308  5 0.0554 0.0753 0.0219 0.0425 0.0234 0.7814 
        D309  5 0.0865 0.1843 0.0180 0.0278 0.6379 0.0455 
        D310  5 0.0934 0.0237 0.0158 0.8133 0.0401 0.0137 
        D311  5 0.1686 0.2343 0.0468 0.1463 0.3624 0.0416 
        D312  5 0.1624 0.1534 0.0688 0.2712 0.2708 0.0735 
        D313  5 0.0176 0.0122 0.0123 0.0227 0.0148 0.9205 
        D314  5 0.3013 0.0504 0.1565 0.1088 0.2908 0.0922 
        D315  5 0.1191 0.1559 0.0593 0.4869 0.0705 0.1083 
        D317  5 0.0263 0.0512 0.0285 0.8441 0.0286 0.0214 
        D318  5 0.3809 0.1328 0.1153 0.1102 0.1518 0.1090 
        D319  5 0.0272 0.0290 0.0199 0.8716 0.0274 0.0249 
        D320  5 0.0587 0.0333 0.0214 0.7696 0.0779 0.0391 
        D321  5 0.0689 0.0854 0.0470 0.1460 0.0244 0.6283 
        D336  5 0.0564 0.0495 0.0192 0.6344 0.2203 0.0201 
        D337  5 0.0198 0.0263 0.0290 0.8829 0.0291 0.0130 
        D338  5 0.2712 0.1155 0.1034 0.2859 0.1406 0.0835 
        D339  5 0.0935 0.0371 0.0729 0.6938 0.0459 0.0567 
        D347  5 0.1235 0.3043 0.1331 0.1094 0.2959 0.0338 
        D348  5 0.0355 0.0293 0.0183 0.7847 0.1133 0.0189 
        D349  5 0.0326 0.0261 0.0285 0.0542 0.0255 0.8331 
        D350  5 0.0710 0.0594 0.0274 0.0233 0.7964 0.0225 
        D355  5 0.2460 0.1434 0.4294 0.0438 0.1184 0.0190 
        D356  5 0.1195 0.2159 0.0275 0.4557 0.0844 0.0970 
        D357  5 0.2689 0.0734 0.0919 0.2231 0.2310 0.1117 
        D358  5 0.0979 0.0599 0.0565 0.5084 0.1622 0.1151 
        D359  5 0.0446 0.1622 0.0221 0.6882 0.0557 0.0272 
        D360  5 0.0773 0.1189 0.0279 0.6528 0.0465 0.0766 
        D361  5 0.0315 0.0337 0.0211 0.0433 0.0234 0.8469 
        D366  5 0.0518 0.6770 0.1844 0.0256 0.0256 0.0356 
        D367  5 0.1299 0.0289 0.0254 0.5307 0.2160 0.0691 
        D368  5 0.2043 0.1043 0.0388 0.4085 0.0588 0.1853 
        D380  5 0.3338 0.1981 0.0637 0.0563 0.2274 0.1208 
        D381  5 0.0475 0.0371 0.0379 0.7915 0.0632 0.0228 
        D400  5 0.1092 0.1053 0.1356 0.2575 0.3525 0.0399 
        D411  5 0.1354 0.0249 0.0315 0.0142 0.0374 0.7567 
        D412  5 0.1868 0.1273 0.1977 0.1635 0.1519 0.1728 
        D413  5 0.1153 0.0672 0.7102 0.0287 0.0469 0.0316 
        D414  5 0.1138 0.0512 0.1375 0.0204 0.6445 0.0326 
        D420  5 0.6085 0.0381 0.0819 0.0827 0.0609 0.1279 
        D431  5 0.2934 0.0208 0.1620 0.1137 0.2992 0.1110 
        D432  5 0.0459 0.0860 0.0972 0.5620 0.0588 0.1502 
        D433  5 0.0535 0.0742 0.0678 0.7075 0.0508 0.0463 
        D434  5 0.0646 0.1299 0.0340 0.6628 0.0570 0.0517 
        D440  5 0.0863 0.0698 0.0193 0.0217 0.7790 0.0239 
        D447  5 0.2409 0.4027 0.0662 0.0405 0.1356 0.1141 
        D448  5 0.0651 0.1031 0.0687 0.5257 0.2124 0.0250 
        D459  5 0.0384 0.0958 0.7409 0.0469 0.0591 0.0190 
        D460  5 0.0419 0.1116 0.0210 0.0817 0.0284 0.7154 
        D461  5 0.0490 0.2195 0.0184 0.0256 0.6642 0.0233 
        D468  5 0.3383 0.2900 0.0636 0.1410 0.0771 0.0900 
        D469  5 0.1280 0.5127 0.0383 0.1038 0.0968 0.1204 
        D470  5 0.1884 0.1063 0.0592 0.1003 0.3444 0.2014 
        D471  5 0.0843 0.0784 0.0638 0.6266 0.1274 0.0194 
        D472  5 0.0288 0.7208 0.1820 0.0291 0.0199 0.0195 
        D479  5 0.0453 0.0381 0.7117 0.0288 0.1459 0.0303 
        D485  5 0.1437 0.0485 0.0492 0.0640 0.6532 0.0415 
        D486  5 0.4315 0.1798 0.0418 0.0897 0.1321 0.1251 
        D487  5 0.0931 0.0344 0.2566 0.2530 0.3108 0.0522 
        D555  5 0.0297 0.0312 0.0557 0.8208 0.0399 0.0227 
        D556  5 0.2214 0.0501 0.1263 0.2366 0.2845 0.0810 
        D557  5 0.0183 0.0330 0.0315 0.8563 0.0414 0.0195 
        D564  5 0.1047 0.0474 0.0315 0.4366 0.2451 0.1347 
        D594  5 0.1670 0.3646 0.0984 0.0980 0.1710 0.1011 
        D595  5 0.1059 0.1987 0.1229 0.3944 0.0868 0.0914 
        D596  5 0.0219 0.0267 0.0342 0.8590 0.0366 0.0215 
        D597  5 0.0502 0.1754 0.3272 0.3298 0.0817 0.0358 
        D598  5 0.0779 0.1067 0.0617 0.4284 0.1501 0.1752 
        D617  5 0.1482 0.0327 0.1890 0.0173 0.0595 0.5532 
        D618  5 0.0551 0.1006 0.0895 0.5898 0.1020 0.0630 
        D619  5 0.0651 0.3026 0.0502 0.1669 0.0923 0.3229 
        D620  5 0.0178 0.0487 0.8496 0.0353 0.0222 0.0265 
        D628  5 0.0833 0.0539 0.0382 0.0802 0.5759 0.1685 
        D714  5 0.1580 0.0232 0.1992 0.2361 0.3482 0.0353 
        D715  5 0.0413 0.1024 0.0561 0.7306 0.0385 0.0311 
        D716  5 0.1637 0.1549 0.1654 0.0663 0.4180 0.0317 
        D717  5 0.1193 0.3620 0.0483 0.2613 0.1085 0.1007 
        D718  5 0.4197 0.0201 0.0602 0.1052 0.3005 0.0943 
        D769  5 0.1356 0.0429 0.1605 0.0295 0.1809 0.4506 
        D770  5 0.1735 0.0656 0.2923 0.1161 0.3038 0.0487 
        D771  5 0.1898 0.0688 0.3317 0.1067 0.2107 0.0923 
        D772  5 0.0954 0.0631 0.0441 0.2103 0.5317 0.0554 
        D782  5 0.3495 0.0637 0.2280 0.0492 0.0270 0.2825 
        D783  5 0.1791 0.0371 0.2952 0.1324 0.3130 0.0431 
        D784  5 0.1817 0.3780 0.0485 0.1570 0.1716 0.0632 
        D785  5 0.0729 0.0513 0.0233 0.6284 0.1312 0.0928 
        D786  5 0.0991 0.2162 0.0744 0.0235 0.1742 0.4125 
        D821  5 0.0159 0.0124 0.0139 0.9112 0.0346 0.0120 
        D822  5 0.2251 0.3633 0.0741 0.1698 0.1239 0.0438 
        D826  5 0.1377 0.0606 0.1983 0.4674 0.0945 0.0414 
        D827  5 0.2424 0.4816 0.0847 0.0467 0.1072 0.0375 
        D851  5 0.3446 0.1102 0.0635 0.2438 0.0816 0.1563 
        D852  5 0.0489 0.0330 0.1855 0.2345 0.3938 0.1043 
        D853  5 0.2368 0.0844 0.0795 0.4013 0.1411 0.0569 
        D854  5 0.3788 0.1668 0.1820 0.0250 0.1906 0.0569 
        D861  5 0.2859 0.0971 0.1881 0.2059 0.1080 0.1150 
        D862  5 0.1810 0.3605 0.0353 0.2750 0.1025 0.0456 
        D865  5 0.0399 0.0308 0.0582 0.7863 0.0347 0.0502 
        D868  5 0.0545 0.7029 0.0440 0.1150 0.0468 0.0368 
        D869  5 0.1334 0.0598 0.0313 0.0293 0.0224 0.7238 
        D870  5 0.8457 0.0364 0.0468 0.0138 0.0272 0.0302 
        D907  5 0.1035 0.0359 0.0308 0.7208 0.0400 0.0689 
        D908  5 0.0568 0.0263 0.3326 0.2484 0.2581 0.0777 
        D910  5 0.0709 0.1089 0.2204 0.4497 0.1198 0.0302 
        D911  5 0.2152 0.1292 0.4870 0.0675 0.0811 0.0201 
        D934  5 0.2627 0.0574 0.2203 0.0537 0.3727 0.0332 
        D946  5 0.1040 0.0249 0.1329 0.0662 0.5870 0.0850 
        D947  5 0.2982 0.1642 0.0906 0.0527 0.3314 0.0630 
        D948  5 0.0272 0.0678 0.0295 0.1213 0.0165 0.7376 
        D949  5 0.0435 0.0669 0.0177 0.0772 0.0290 0.7657 
        D950  5 0.1678 0.1028 0.5687 0.0779 0.0621 0.0206 
        D951  5 0.2413 0.4789 0.0311 0.0335 0.1549 0.0603 
        D952  5 0.0344 0.7484 0.0394 0.1094 0.0418 0.0266 
        D953  5 0.0400 0.0798 0.0317 0.7739 0.0363 0.0383 
        D954  5 0.1134 0.4117 0.0240 0.3685 0.0332 0.0492 
        D961  5 0.2157 0.0270 0.0596 0.1218 0.5106 0.0654 
        D962  5 0.0712 0.0411 0.0162 0.4826 0.3626 0.0262 
        D963  5 0.0990 0.3693 0.0591 0.2612 0.1785 0.0329 
        D964  5 0.3964 0.0533 0.0893 0.0694 0.2915 0.1001 
        D965  5 0.1092 0.0667 0.0752 0.0408 0.6422 0.0658 
        D966  5 0.0992 0.2003 0.1248 0.2371 0.2929 0.0456 
        D967  5 0.1412 0.0495 0.2925 0.3014 0.0696 0.1458 
        D991  5 0.0780 0.0948 0.0354 0.1055 0.5308 0.1555 
        D502  6 0.5988 0.0196 0.1102 0.0120 0.2072 0.0523 
        D503  6 0.1888 0.0324 0.3882 0.0862 0.0318 0.2725 
        D504  6 0.1718 0.3318 0.0692 0.1832 0.1386 0.1054 
        D505  6 0.2052 0.0870 0.1271 0.3446 0.1472 0.0889 
        D506  6 0.0302 0.0235 0.0168 0.8844 0.0211 0.0240 
        D507  6 0.1524 0.0599 0.1122 0.0394 0.5351 0.1010 
        D508  6 0.3310 0.1567 0.1071 0.0333 0.3210 0.0509 
        D529  6 0.3295 0.1179 0.0821 0.1641 0.0948 0.2116 
        D530  6 0.2665 0.0312 0.0788 0.1000 0.4062 0.1172 
        D531  6 0.2829 0.2318 0.0813 0.0995 0.2326 0.0719 
        D532  6 0.2031 0.2985 0.0813 0.2227 0.1481 0.0462 
        D534  6 0.0601 0.0371 0.0385 0.0231 0.0778 0.7633 
        D535  6 0.1369 0.2265 0.0393 0.3775 0.0831 0.1368 
        D536  6 0.1334 0.0251 0.7204 0.0175 0.0431 0.0604 
        D554  6 0.2538 0.0612 0.0488 0.1988 0.3064 0.1310 
        D587  6 0.0454 0.0548 0.0345 0.7898 0.0428 0.0328 
        D588  6 0.1766 0.2114 0.0437 0.4376 0.0385 0.0922 
        D589  6 0.3109 0.0458 0.3522 0.1515 0.0689 0.0707 
        D590  6 0.0646 0.0562 0.7590 0.0337 0.0346 0.0519 
        D591  6 0.4786 0.0725 0.1048 0.2078 0.0391 0.0971 
        D592  6 0.0505 0.0548 0.0279 0.0595 0.0284 0.7789 
        D593  6 0.2414 0.0223 0.0479 0.1081 0.5391 0.0411 
        D682  6 0.0329 0.0224 0.0189 0.8796 0.0204 0.0258 
        D683  6 0.1401 0.3150 0.0301 0.4340 0.0347 0.0461 
        D684  6 0.4962 0.0494 0.2105 0.0246 0.0622 0.1571 
        D685  6 0.7044 0.0169 0.1394 0.0394 0.0605 0.0395 
        D686  6 0.1690 0.0820 0.0515 0.3809 0.2502 0.0664 
        D724  6 0.1976 0.2093 0.1062 0.0237 0.3497 0.1135 
        D725  6 0.2475 0.0583 0.1633 0.0711 0.4041 0.0556 
        D726  6 0.0372 0.0313 0.0186 0.8299 0.0581 0.0249 
        D727  6 0.0779 0.3302 0.4122 0.0736 0.0328 0.0733 
        D728  6 0.2376 0.0642 0.0284 0.4522 0.1404 0.0772 
        D729  6 0.0776 0.4029 0.1493 0.0194 0.0178 0.3330 
        D730  6 0.1579 0.1352 0.1515 0.0360 0.3355 0.1839 
        D731  6 0.0300 0.0146 0.1108 0.8070 0.0210 0.0166 
        D732  6 0.1131 0.3480 0.0458 0.0317 0.4179 0.0436 
        D733  6 0.0824 0.0511 0.0419 0.0619 0.6718 0.0909 
     D237251  7 0.0785 0.0462 0.3670 0.0563 0.3999 0.0521 
     D237252  7 0.2302 0.0536 0.2523 0.0263 0.1668 0.2708 
     D237253  7 0.2354 0.0740 0.2754 0.2342 0.1435 0.0376 
     D237254  7 0.3655 0.0270 0.0395 0.0179 0.0234 0.5267 
     D237255  7 0.0633 0.0318 0.7853 0.0456 0.0527 0.0214 
     D237256  7 0.2587 0.0620 0.3860 0.0411 0.2236 0.0286 
     D237257  7 0.6449 0.0484 0.0514 0.0300 0.0956 0.1296 
     D237282  7 0.0528 0.6244 0.0892 0.0190 0.0881 0.1265 
     D237283  7 0.2955 0.0146 0.0252 0.0261 0.0314 0.6073 
     D237284  7 0.1485 0.0522 0.0355 0.0230 0.0530 0.6877 
     D237285  7 0.2541 0.0445 0.1914 0.0964 0.3617 0.0519 
     D237286  7 0.3276 0.1435 0.0989 0.2132 0.1593 0.0575 
     D237287  7 0.2330 0.1336 0.4102 0.0601 0.0941 0.0690 
     D244006  7 0.1174 0.0275 0.0308 0.0178 0.0382 0.7684 
     D244007  7 0.1662 0.1937 0.5029 0.0470 0.0472 0.0430 
     D244008  7 0.3826 0.0240 0.0320 0.0573 0.0256 0.4785 
     D244009  7 0.1189 0.0899 0.0231 0.0655 0.2620 0.4405 
     D244010  7 0.7001 0.0328 0.0521 0.0251 0.0984 0.0915 
     D244011  7 0.2539 0.0294 0.0560 0.1787 0.4059 0.0761 
     D244012  7 0.5107 0.0737 0.1788 0.0385 0.1129 0.0855 
     D244013  7 0.0669 0.0883 0.2889 0.1637 0.3371 0.0551 
     D244014  7 0.2437 0.0559 0.1391 0.0438 0.2835 0.2340 
     D244015  7 0.3619 0.1488 0.0735 0.0311 0.0801 0.3046 
     D244125  7 0.1279 0.1534 0.1322 0.4658 0.0683 0.0524 
     D244126  7 0.2753 0.0215 0.0194 0.0122 0.0950 0.5766 
     D244130  7 0.2125 0.0535 0.0789 0.0531 0.2515 0.3504 
     D244131  7 0.1085 0.1581 0.0692 0.4239 0.0913 0.1491 
     D244132  7 0.0756 0.1671 0.0217 0.1664 0.4885 0.0807 
        D520  7 0.6927 0.0339 0.0224 0.0889 0.0465 0.1156 
        D521  7 0.2627 0.1555 0.0826 0.0480 0.3505 0.1007 
        D522  7 0.0554 0.0892 0.0539 0.0923 0.0856 0.6237 
        D523  7 0.1037 0.0358 0.6558 0.0746 0.0993 0.0308 
        D524  7 0.1035 0.0782 0.2891 0.1839 0.2356 0.1098 
        D525  7 0.1294 0.0447 0.2144 0.0511 0.0632 0.4972 
        D526  7 0.2902 0.0652 0.0458 0.0184 0.0263 0.5541 
        D527  7 0.2017 0.1796 0.0551 0.0895 0.3710 0.1031 
        D528  7 0.9356 0.0120 0.0099 0.0121 0.0149 0.0156 
        D558  7 0.0724 0.0832 0.0516 0.0171 0.6867 0.0891 
        D559  7 0.0632 0.0719 0.0730 0.0171 0.7130 0.0620 
        D640  7 0.1461 0.0989 0.1015 0.2433 0.3260 0.0842 
        D641  7 0.1901 0.0234 0.1676 0.2463 0.1708 0.2018 
        D642  7 0.1287 0.0612 0.1561 0.0645 0.1054 0.4841 
        D644  7 0.1094 0.0847 0.0939 0.2269 0.2480 0.2371 
        D645  7 0.1707 0.1363 0.1655 0.1957 0.1944 0.1372 
        D662  7 0.0350 0.2029 0.0149 0.1262 0.0324 0.5887 
        D687  7 0.4177 0.0744 0.0788 0.1087 0.2515 0.0690 
        D688  7 0.1070 0.3518 0.1065 0.0243 0.2611 0.1493 
        D689  7 0.2533 0.2355 0.1346 0.2168 0.0772 0.0826 
        D700  7 0.9342 0.0130 0.0130 0.0156 0.0115 0.0128 
        D797  7 0.1844 0.1789 0.1398 0.1346 0.2673 0.0950 
        D798  7 0.1515 0.0717 0.0259 0.0389 0.0829 0.6289 
        D799  7 0.1769 0.0456 0.3107 0.0406 0.2682 0.1581 
        D800  7 0.2184 0.5055 0.0780 0.0274 0.0958 0.0749 
        D132  8 0.0644 0.0429 0.0240 0.0342 0.0865 0.7479 
        D133  8 0.0264 0.0196 0.8604 0.0205 0.0331 0.0400 
        D200  8 0.3252 0.0246 0.0493 0.0187 0.5510 0.0312 
        D500  8 0.0263 0.0333 0.0151 0.0220 0.0497 0.8535 
        D614  8 0.1786 0.0848 0.0367 0.3767 0.2152 0.1081 
        D723  8 0.0805 0.5159 0.1002 0.0386 0.0652 0.1997 
        D888  8 0.0863 0.0447 0.6718 0.0394 0.1300 0.0277 
        D901  8 0.4799 0.0215 0.0634 0.0576 0.2024 0.1752 
        D902  8 0.0547 0.0257 0.0266 0.7285 0.1103 0.0543 
        D903  8 0.2055 0.4409 0.0307 0.0774 0.2153 0.0302 
        D904  8 0.1550 0.2059 0.0599 0.0636 0.3939 0.1216 
        D905  8 0.0763 0.0185 0.5662 0.1971 0.1261 0.0158 
        D906  8 0.2576 0.0569 0.4767 0.0434 0.0981 0.0673 
        D937  8 0.0495 0.0121 0.0240 0.8656 0.0296 0.0193 
        D943  8 0.4684 0.0638 0.0675 0.0370 0.2245 0.1390 
        D972  8 0.1412 0.3682 0.0742 0.0347 0.1067 0.2750 
        D973  8 0.0554 0.7105 0.0253 0.0435 0.0764 0.0889 
        D974  8 0.2489 0.2378 0.1445 0.0847 0.1669 0.1172 
        D975  8 0.3928 0.0314 0.0623 0.0693 0.4079 0.0364 
        D976  8 0.4285 0.0280 0.0766 0.1519 0.2124 0.1026 
        D201  9 0.1887 0.0743 0.2586 0.0334 0.3726 0.0725 
        D202  9 0.3033 0.0218 0.1134 0.0323 0.4791 0.0501 
     D237259  9 0.6124 0.0546 0.0657 0.0165 0.0645 0.1862 
     D237260  9 0.2446 0.0216 0.3836 0.0752 0.1360 0.1389 
     D237262  9 0.0386 0.0220 0.0134 0.0299 0.0214 0.8747 
