        D174  1 0.0564 0.0866 0.0265 0.0467 0.3457 0.1249 0.0918 0.0752 0.0945 0.0192 0.0324 
        D199  1 0.0841 0.0290 0.1583 0.1389 0.1040 0.0338 0.1308 0.0993 0.0236 0.0345 0.1637 
        D203  1 0.0955 0.1148 0.0903 0.2383 0.0457 0.0161 0.0892 0.0535 0.0884 0.0276 0.1405 
        D204  1 0.0301 0.0210 0.0195 0.7355 0.0172 0.0197 0.0176 0.0167 0.0353 0.0590 0.0283 
     D237366  1 0.0478 0.1717 0.0320 0.0435 0.0494 0.0280 0.0647 0.4113 0.0186 0.1020 0.0310 
     D237367  1 0.0796 0.0630 0.0218 0.2526 0.0315 0.1155 0.1218 0.1649 0.0478 0.0404 0.0612 
     D237368  1 0.0480 0.0221 0.0234 0.1568 0.0854 0.0320 0.0829 0.3620 0.0733 0.0463 0.0678 
     D244101  1 0.0309 0.0213 0.1170 0.1402 0.0157 0.0386 0.0696 0.0176 0.0290 0.4672 0.0529 
     D244102  1 0.3573 0.0384 0.0632 0.0579 0.0340 0.0736 0.0727 0.0679 0.1372 0.0539 0.0438 
     D244103  1 0.0480 0.1810 0.0248 0.0841 0.0370 0.2620 0.0984 0.1663 0.0337 0.0380 0.0269 
     D244104  1 0.0130 0.0233 0.0365 0.5395 0.0911 0.1324 0.0366 0.0428 0.0217 0.0289 0.0341 
     D244105  1 0.0344 0.3644 0.0471 0.0349 0.0127 0.0298 0.1694 0.1685 0.0989 0.0220 0.0180 
     D244106  1 0.0557 0.1380 0.0513 0.0750 0.4746 0.0255 0.0523 0.0166 0.0267 0.0194 0.0649 
     D244107  1 0.0175 0.0290 0.0260 0.0394 0.0140 0.0625 0.1110 0.4174 0.1386 0.0740 0.0706 
     D244108  1 0.0734 0.0334 0.0438 0.0541 0.2020 0.0245 0.0512 0.0241 0.4331 0.0249 0.0356 
     D244113  1 0.3070 0.0145 0.0210 0.0119 0.3041 0.1279 0.0507 0.0323 0.0244 0.0668 0.0392 
     D244114  1 0.0470 0.4113 0.0943 0.0396 0.0546 0.0340 0.1821 0.0353 0.0337 0.0401 0.0280 
     D244115  1 0.0328 0.0403 0.0290 0.1283 0.2493 0.0476 0.1808 0.0465 0.2000 0.0256 0.0197 
     D267365  1 0.0369 0.0325 0.2077 0.2624 0.1457 0.0479 0.0786 0.0898 0.0350 0.0410 0.0225 
        D404  1 0.5114 0.0308 0.0217 0.0181 0.1849 0.0496 0.0327 0.0159 0.0405 0.0589 0.0354 
        D405  1 0.4731 0.0320 0.0398 0.0832 0.0417 0.0586 0.0663 0.0331 0.0562 0.0403 0.0756 
        D406  1 0.0198 0.0277 0.0162 0.0654 0.0510 0.0147 0.0353 0.4715 0.2527 0.0297 0.0160 
        D407  1 0.0197 0.0226 0.0156 0.4155 0.0252 0.1507 0.0623 0.2032 0.0154 0.0126 0.0571 
        D408  1 0.0529 0.0182 0.1115 0.0387 0.3490 0.2417 0.0786 0.0228 0.0382 0.0303 0.0182 
        D409  1 0.0376 0.1172 0.0595 0.0752 0.0412 0.2701 0.1355 0.1464 0.0464 0.0277 0.0433 
        D410  1 0.0245 0.0149 0.0128 0.0546 0.0222 0.0269 0.0251 0.0174 0.7607 0.0306 0.0103 
        D421  1 0.0082 0.0104 0.0110 0.8491 0.0228 0.0273 0.0149 0.0153 0.0081 0.0089 0.0242 
        D422  1 0.0172 0.0563 0.0241 0.0400 0.0129 0.0218 0.0310 0.7458 0.0171 0.0158 0.0179 
        D423  1 0.0216 0.0346 0.0166 0.0596 0.0162 0.0191 0.0461 0.0602 0.6528 0.0163 0.0569 
        D424  1 0.0250 0.0316 0.0180 0.5844 0.0317 0.0651 0.1299 0.0522 0.0250 0.0223 0.0148 
        D425  1 0.1253 0.0558 0.0422 0.3162 0.0614 0.0432 0.1692 0.0315 0.1096 0.0225 0.0231 
        D426  1 0.0102 0.1128 0.0991 0.0325 0.0153 0.3556 0.1401 0.1854 0.0124 0.0161 0.0203 
        D427  1 0.0104 0.0157 0.0241 0.3057 0.1648 0.0426 0.0297 0.0248 0.0172 0.0130 0.3521 
        D428  1 0.1109 0.0232 0.0367 0.1944 0.1479 0.0749 0.1429 0.0919 0.0736 0.0692 0.0344 
        D429  1 0.0660 0.1215 0.0390 0.3742 0.1709 0.0302 0.0609 0.0305 0.0411 0.0352 0.0304 
        D430  1 0.1533 0.1470 0.1381 0.0710 0.1020 0.0427 0.1728 0.0383 0.0477 0.0238 0.0634 
        D491  1 0.0338 0.0239 0.0356 0.0629 0.5841 0.1053 0.0526 0.0252 0.0353 0.0296 0.0117 
        D492  1 0.1037 0.0420 0.0253 0.2028 0.1210 0.0437 0.1638 0.1335 0.0707 0.0393 0.0544 
        D537  1 0.0422 0.0613 0.0170 0.4897 0.0281 0.0928 0.0630 0.0842 0.0472 0.0503 0.0241 
        D538  1 0.2310 0.0372 0.0288 0.0519 0.0822 0.0300 0.1379 0.0970 0.1820 0.0465 0.0755 
        D539  1 0.0718 0.1943 0.3167 0.0266 0.0998 0.0467 0.0738 0.0397 0.0586 0.0370 0.0350 
        D540  1 0.0523 0.0449 0.0426 0.1825 0.0208 0.3925 0.1193 0.0625 0.0447 0.0197 0.0181 
        D541  1 0.0123 0.0117 0.0161 0.8493 0.0157 0.0137 0.0185 0.0161 0.0165 0.0162 0.0141 
        D551  1 0.0261 0.2697 0.0786 0.0332 0.0304 0.0797 0.2928 0.0906 0.0167 0.0198 0.0624 
        D552  1 0.0167 0.0779 0.0404 0.1201 0.1834 0.0888 0.0928 0.0924 0.1898 0.0685 0.0290 
        D553  1 0.0095 0.0144 0.0216 0.8296 0.0155 0.0369 0.0194 0.0149 0.0128 0.0149 0.0105 
        D615  1 0.0669 0.0695 0.0476 0.4373 0.0518 0.0363 0.0840 0.0375 0.1010 0.0178 0.0503 
        D616  1 0.0287 0.0684 0.0879 0.2150 0.0486 0.0614 0.1485 0.1006 0.1261 0.0196 0.0951 
        D621  1 0.0520 0.0269 0.0242 0.0116 0.0723 0.0483 0.0413 0.1622 0.2368 0.3058 0.0187 
        D622  1 0.0187 0.0887 0.0274 0.0319 0.0359 0.0610 0.0716 0.3559 0.2477 0.0397 0.0214 
        D623  1 0.1980 0.0190 0.0536 0.0158 0.2059 0.0325 0.0730 0.0217 0.0861 0.1363 0.1582 
        D624  1 0.0204 0.0308 0.0288 0.0372 0.6775 0.0379 0.0948 0.0278 0.0173 0.0110 0.0166 
        D625  1 0.0226 0.0421 0.0225 0.5846 0.0529 0.0391 0.0738 0.0506 0.0593 0.0344 0.0181 
        D626  1 0.0586 0.0644 0.0522 0.0558 0.2387 0.1858 0.0946 0.1104 0.0911 0.0211 0.0272 
        D627  1 0.0181 0.1136 0.1709 0.0708 0.0306 0.1196 0.3092 0.1028 0.0153 0.0222 0.0268 
        D690  1 0.0154 0.0179 0.0125 0.7270 0.0589 0.0235 0.0202 0.0332 0.0557 0.0247 0.0111 
        D691  1 0.0167 0.1642 0.0243 0.0687 0.0345 0.0225 0.0267 0.4619 0.1335 0.0280 0.0189 
        D710  1 0.0508 0.0244 0.0430 0.1739 0.1273 0.1040 0.1367 0.1106 0.0671 0.1270 0.0351 
        D711  1 0.0335 0.0254 0.0190 0.7444 0.0245 0.0127 0.0235 0.0301 0.0345 0.0308 0.0217 
        D712  1 0.0659 0.0260 0.0705 0.0322 0.5076 0.0640 0.0485 0.0733 0.0358 0.0405 0.0356 
        D713  1 0.1341 0.0626 0.0247 0.1572 0.1161 0.0701 0.1441 0.0804 0.0616 0.1257 0.0233 
        D746  1 0.0125 0.0466 0.0177 0.0760 0.0245 0.0390 0.0338 0.5714 0.1242 0.0262 0.0282 
        D747  1 0.0124 0.0121 0.0172 0.8554 0.0152 0.0115 0.0152 0.0126 0.0132 0.0184 0.0166 
        D748  1 0.0221 0.2757 0.0201 0.1983 0.0288 0.0653 0.0579 0.1660 0.1073 0.0443 0.0142 
        D749  1 0.0585 0.1114 0.0356 0.0249 0.0892 0.0186 0.2333 0.1833 0.1272 0.0782 0.0399 
        D750  1 0.0243 0.0277 0.0245 0.1058 0.5678 0.0276 0.0337 0.0323 0.0954 0.0433 0.0176 
        D763  1 0.0320 0.0758 0.1993 0.0519 0.0200 0.1499 0.0968 0.0759 0.0321 0.1729 0.0932 
        D764  1 0.0177 0.0186 0.0202 0.4593 0.2424 0.0426 0.0460 0.0452 0.0769 0.0157 0.0153 
        D765  1 0.0359 0.0463 0.0269 0.0321 0.0661 0.0203 0.0923 0.0507 0.6037 0.0130 0.0127 
        D766  1 0.0323 0.0486 0.0136 0.0554 0.0272 0.0996 0.0502 0.0765 0.4887 0.0870 0.0208 
        D767  1 0.2921 0.0703 0.0273 0.0840 0.0287 0.0239 0.0864 0.0886 0.0748 0.1442 0.0798 
        D768  1 0.0128 0.0214 0.0161 0.8166 0.0122 0.0173 0.0328 0.0201 0.0199 0.0131 0.0176 
        D811  1 0.3472 0.0242 0.0265 0.0193 0.0648 0.2948 0.0415 0.0169 0.1335 0.0177 0.0136 
        D816  1 0.0202 0.0166 0.0166 0.8107 0.0191 0.0139 0.0296 0.0207 0.0175 0.0229 0.0123 
        D825  1 0.1215 0.0342 0.0250 0.0657 0.0940 0.0720 0.0878 0.0258 0.4358 0.0229 0.0152 
        D866  1 0.0493 0.0544 0.3519 0.0459 0.1334 0.0419 0.0761 0.0265 0.0873 0.0191 0.1143 
        D867  1 0.0289 0.0359 0.0219 0.0163 0.0170 0.0355 0.0495 0.6239 0.0267 0.0979 0.0465 
        D871  1 0.0331 0.1388 0.0587 0.0617 0.0453 0.3463 0.1199 0.1174 0.0219 0.0382 0.0186 
        D872  1 0.2392 0.0242 0.0244 0.1975 0.0391 0.0216 0.0713 0.0696 0.2360 0.0398 0.0373 
        D873  1 0.0670 0.0175 0.0073 0.0096 0.0114 0.0172 0.0271 0.0332 0.7469 0.0391 0.0236 
        D874  1 0.0331 0.0305 0.0249 0.0527 0.0783 0.0388 0.0339 0.0166 0.0158 0.6578 0.0175 
        D875  1 0.0336 0.1985 0.0294 0.0355 0.0181 0.2683 0.1129 0.1628 0.1041 0.0229 0.0138 
        D876  1 0.0331 0.0376 0.0562 0.3314 0.0979 0.0541 0.1236 0.0711 0.0731 0.1001 0.0216 
        D877  1 0.6740 0.0210 0.0165 0.0314 0.0715 0.0376 0.0398 0.0126 0.0222 0.0537 0.0196 
        D892  1 0.0450 0.2150 0.0222 0.2187 0.1603 0.0243 0.0727 0.1409 0.0480 0.0343 0.0186 
        D893  1 0.0203 0.0453 0.0490 0.5674 0.0152 0.0588 0.0688 0.0620 0.0424 0.0439 0.0269 
        D894  1 0.0251 0.0780 0.0368 0.6084 0.0371 0.0253 0.0751 0.0371 0.0253 0.0292 0.0227 
        D915  1 0.0258 0.1409 0.0309 0.4312 0.0466 0.0375 0.0651 0.0488 0.1263 0.0213 0.0255 
        D916  1 0.0080 0.0131 0.0129 0.8671 0.0168 0.0119 0.0173 0.0137 0.0173 0.0123 0.0094 
        D917  1 0.0791 0.0241 0.1776 0.0974 0.1814 0.0408 0.1095 0.0626 0.0232 0.1520 0.0522 
        D925  1 0.0362 0.0175 0.0371 0.1948 0.0930 0.0372 0.0447 0.0563 0.4514 0.0129 0.0190 
        D926  1 0.0366 0.0916 0.0355 0.3350 0.0649 0.0447 0.1963 0.0525 0.0355 0.0823 0.0252 
        D927  1 0.0468 0.0483 0.1175 0.1947 0.0527 0.0343 0.1051 0.0819 0.0261 0.0367 0.2561 
        D928  1 0.0396 0.0121 0.0150 0.0705 0.7296 0.0158 0.0330 0.0113 0.0344 0.0215 0.0172 
        D929  1 0.4155 0.0382 0.0205 0.0283 0.0443 0.0348 0.0445 0.0695 0.0256 0.2617 0.0170 
        D936  1 0.0288 0.0465 0.1298 0.4328 0.0191 0.0244 0.0659 0.0230 0.0423 0.1506 0.0368 
        D938  1 0.0209 0.0346 0.0168 0.0292 0.0215 0.0756 0.0283 0.4639 0.2356 0.0600 0.0136 
        D956  1 0.0977 0.0739 0.0240 0.0422 0.5459 0.0492 0.0489 0.0227 0.0364 0.0300 0.0292 
        D957  1 0.0935 0.0206 0.0304 0.0634 0.0279 0.0185 0.0412 0.0437 0.5921 0.0449 0.0238 
        D958  1 0.0339 0.0218 0.0177 0.1546 0.1082 0.0533 0.0545 0.0724 0.3845 0.0766 0.0225 
        D959  1 0.0205 0.0260 0.0128 0.3977 0.0212 0.1487 0.0592 0.2447 0.0136 0.0099 0.0456 
        D960  1 0.0666 0.0675 0.0175 0.0275 0.0364 0.0142 0.0688 0.4077 0.2438 0.0292 0.0208 
        D989  1 0.0355 0.0282 0.0896 0.0388 0.5489 0.0414 0.0642 0.0472 0.0202 0.0256 0.0605 
        D990  1 0.0123 0.0260 0.1611 0.0137 0.0417 0.0114 0.0659 0.0761 0.5390 0.0208 0.0321 
        D023  2 0.0093 0.0112 0.0100 0.0246 0.0117 0.0167 0.0176 0.8541 0.0133 0.0160 0.0154 
        D130  2 0.0916 0.0492 0.0157 0.0973 0.0148 0.0203 0.0490 0.5337 0.0645 0.0221 0.0418 
        D131  2 0.0200 0.0533 0.0808 0.1675 0.0394 0.2264 0.2385 0.0222 0.0704 0.0522 0.0293 
        D163  2 0.0187 0.0381 0.0281 0.0724 0.0269 0.0210 0.0667 0.6373 0.0405 0.0388 0.0115 
        D164  2 0.0151 0.0139 0.0121 0.0088 0.0100 0.0202 0.0150 0.0248 0.3445 0.0169 0.5189 
        D165  2 0.0092 0.0178 0.0252 0.0194 0.0139 0.0243 0.0258 0.7983 0.0185 0.0275 0.0200 
        D166  2 0.3599 0.1215 0.0401 0.0343 0.0162 0.0637 0.1514 0.0575 0.0469 0.0650 0.0433 
        D167  2 0.0725 0.0146 0.0224 0.0127 0.0272 0.0142 0.0155 0.0135 0.0145 0.0115 0.7814 
        D192  2 0.0151 0.0160 0.0195 0.0086 0.0196 0.0136 0.0156 0.0129 0.0130 0.0156 0.8506 
        D193  2 0.5937 0.0834 0.0359 0.0160 0.0609 0.0214 0.0741 0.0208 0.0396 0.0330 0.0211 
        D206  2 0.0276 0.0653 0.0273 0.0480 0.0174 0.4440 0.0960 0.0522 0.0257 0.0260 0.1706 
        D207  2 0.1439 0.0491 0.0589 0.0279 0.0181 0.0336 0.0899 0.0270 0.0201 0.0182 0.5134 
        D208  2 0.0518 0.0580 0.2617 0.0409 0.1425 0.1737 0.0915 0.0411 0.0334 0.0416 0.0635 
        D209  2 0.0292 0.0256 0.0288 0.0266 0.0248 0.0687 0.2073 0.0622 0.0476 0.1302 0.3492 
        D210  2 0.0223 0.0771 0.1732 0.0616 0.4569 0.0225 0.0442 0.0284 0.0171 0.0318 0.0648 
     D229599  2 0.0430 0.0354 0.2464 0.1183 0.0413 0.0457 0.1494 0.0942 0.0508 0.1347 0.0408 
     D229600  2 0.0543 0.0571 0.0280 0.0282 0.0176 0.0201 0.0622 0.3026 0.0681 0.0313 0.3304 
     D237227  2 0.0227 0.0245 0.1373 0.0446 0.3794 0.0302 0.0671 0.0494 0.1801 0.0221 0.0425 
     D237228  2 0.0395 0.0319 0.0714 0.0111 0.1185 0.0151 0.0701 0.0133 0.5721 0.0113 0.0457 
     D237258  2 0.0703 0.0351 0.1250 0.0456 0.0617 0.0971 0.1578 0.1547 0.0644 0.0448 0.1434 
     D237310  2 0.1016 0.0608 0.0207 0.0121 0.0305 0.0289 0.0413 0.0230 0.6252 0.0232 0.0326 
     D237311  2 0.0444 0.0321 0.0184 0.0117 0.0214 0.0185 0.0253 0.0223 0.6557 0.0137 0.1365 
     D237312  2 0.2011 0.2233 0.0235 0.0216 0.0356 0.0432 0.0651 0.0556 0.2710 0.0415 0.0184 
     D237313  2 0.0351 0.0783 0.0842 0.1084 0.0527 0.2076 0.1415 0.0385 0.1685 0.0654 0.0199 
     D237322  2 0.1090 0.0670 0.1930 0.0274 0.0665 0.0508 0.2039 0.0343 0.1197 0.0833 0.0450 
     D237323  2 0.0452 0.0294 0.0589 0.0130 0.1066 0.0194 0.0388 0.0590 0.5834 0.0232 0.0231 
     D237324  2 0.0288 0.0330 0.0673 0.0371 0.0136 0.0287 0.3334 0.1649 0.0750 0.0403 0.1778 
     D237325  2 0.0470 0.1508 0.0349 0.0195 0.0490 0.0343 0.0717 0.0634 0.4298 0.0505 0.0491 
     D237326  2 0.0190 0.0238 0.0310 0.0433 0.0303 0.0152 0.0350 0.0275 0.7241 0.0288 0.0221 
     D237327  2 0.0413 0.0720 0.2450 0.0518 0.0260 0.0302 0.2222 0.0994 0.0318 0.0761 0.1043 
     D237337  2 0.0235 0.0319 0.0164 0.0185 0.0204 0.0272 0.0200 0.0146 0.7960 0.0166 0.0148 
     D237338  2 0.0309 0.1104 0.0945 0.0364 0.0867 0.0486 0.1289 0.0992 0.2195 0.0841 0.0607 
     D237339  2 0.0459 0.0174 0.0302 0.0234 0.0161 0.0267 0.0686 0.0164 0.0186 0.6134 0.1233 
     D237340  2 0.0740 0.0483 0.0323 0.0149 0.0912 0.0288 0.0395 0.0446 0.4379 0.0289 0.1596 
     D237389  2 0.1496 0.0623 0.0180 0.0151 0.0190 0.0246 0.0348 0.0322 0.5478 0.0229 0.0738 
     D237390  2 0.1150 0.1646 0.0566 0.0217 0.0365 0.0376 0.0445 0.0445 0.4280 0.0342 0.0168 
     D244017  2 0.3063 0.0145 0.0548 0.0231 0.1533 0.0177 0.0540 0.0439 0.0364 0.0170 0.2791 
     D244112  2 0.0273 0.0303 0.0163 0.0161 0.0193 0.0137 0.0222 0.0282 0.0143 0.0147 0.7975 
     D244118  2 0.0256 0.0140 0.0303 0.0109 0.0210 0.0097 0.0243 0.1752 0.0531 0.0283 0.6075 
     D244119  2 0.0216 0.0132 0.0271 0.0162 0.5482 0.0176 0.0255 0.0180 0.0350 0.0097 0.2679 
     D244120  2 0.2577 0.1170 0.0822 0.0130 0.0396 0.0189 0.0339 0.0259 0.0229 0.0562 0.3328 
     D244122  2 0.0752 0.0493 0.0200 0.0268 0.0313 0.0565 0.0390 0.0397 0.0228 0.0279 0.6114 
        D291  2 0.0640 0.0255 0.4457 0.0615 0.0154 0.0856 0.1257 0.0895 0.0247 0.0198 0.0427 
        D292  2 0.0601 0.0269 0.3335 0.1650 0.0527 0.0212 0.0605 0.0192 0.0748 0.0350 0.1511 
        D293  2 0.0172 0.0217 0.0333 0.1053 0.0163 0.0185 0.0590 0.0127 0.0126 0.1115 0.5920 
        D322  2 0.0206 0.0259 0.0352 0.0987 0.0177 0.0183 0.1126 0.0317 0.0470 0.1538 0.4385 
        D323  2 0.1111 0.0273 0.0298 0.0227 0.0217 0.5159 0.0685 0.0223 0.0361 0.0465 0.0980 
        D324  2 0.0289 0.0578 0.3036 0.0924 0.0372 0.0886 0.1263 0.0623 0.1429 0.0270 0.0330 
        D325  2 0.0123 0.0381 0.0365 0.0369 0.0089 0.0141 0.0364 0.0236 0.0155 0.0324 0.7455 
        D326  2 0.0113 0.0153 0.0236 0.8275 0.0246 0.0223 0.0243 0.0125 0.0113 0.0158 0.0114 
        D340  2 0.0102 0.0203 0.0231 0.0199 0.0184 0.0191 0.0204 0.0139 0.0198 0.0225 0.8124 
        D341  2 0.0277 0.2776 0.0333 0.0237 0.0264 0.0365 0.0388 0.0186 0.0357 0.0341 0.4477 
        D342  2 0.0314 0.0889 0.0216 0.0214 0.0142 0.0576 0.0872 0.0862 0.0505 0.0220 0.5190 
        D343  2 0.0089 0.0137 0.0151 0.0140 0.0094 0.0092 0.0147 0.0131 0.0082 0.0124 0.8813 
        D344  2 0.1666 0.0449 0.0250 0.0938 0.0181 0.0267 0.1035 0.0146 0.0423 0.4307 0.0339 
        D345  2 0.0230 0.0234 0.0404 0.0826 0.0336 0.0661 0.1176 0.0639 0.1869 0.3200 0.0426 
        D346  2 0.0237 0.0366 0.0500 0.0409 0.2627 0.3820 0.0519 0.0325 0.0321 0.0329 0.0546 
        D351  2 0.0577 0.0703 0.1349 0.1990 0.0258 0.0755 0.1631 0.0785 0.0617 0.0985 0.0349 
        D352  2 0.0389 0.0175 0.0314 0.0178 0.0390 0.0375 0.0648 0.0191 0.0377 0.6689 0.0273 
        D353  2 0.0289 0.0247 0.0254 0.1253 0.0151 0.0341 0.6175 0.0145 0.0159 0.0683 0.0302 
        D354  2 0.0267 0.0198 0.0223 0.0465 0.0340 0.0298 0.0353 0.0141 0.0359 0.7233 0.0121 
        D362  2 0.0367 0.0166 0.0319 0.6392 0.0274 0.0298 0.0483 0.0841 0.0336 0.0252 0.0273 
        D363  2 0.0265 0.0106 0.0297 0.6580 0.0405 0.0548 0.0564 0.0548 0.0266 0.0243 0.0179 
        D364  2 0.0392 0.0431 0.0199 0.2828 0.0270 0.0447 0.0958 0.0174 0.0384 0.3705 0.0212 
        D365  2 0.0121 0.0137 0.0125 0.0206 0.0209 0.0154 0.0162 0.0094 0.0163 0.0227 0.8402 
        D369  2 0.0255 0.0350 0.1140 0.1523 0.1623 0.1512 0.0843 0.0472 0.1216 0.0188 0.0877 
        D374  2 0.6081 0.0123 0.0147 0.0143 0.2265 0.0219 0.0344 0.0107 0.0270 0.0162 0.0139 
        D375  2 0.0281 0.0301 0.0107 0.0148 0.0150 0.0286 0.0429 0.0137 0.0179 0.7842 0.0142 
        D376  2 0.3091 0.0494 0.0204 0.0187 0.3575 0.0231 0.0606 0.0163 0.0423 0.0632 0.0394 
        D377  2 0.0556 0.0682 0.0423 0.0188 0.0524 0.4867 0.0522 0.0291 0.1157 0.0410 0.0381 
        D378  2 0.0158 0.0411 0.0346 0.0848 0.0281 0.0856 0.1298 0.0937 0.0253 0.2264 0.2349 
        D379  2 0.0334 0.0569 0.0239 0.5565 0.0209 0.1103 0.0825 0.0196 0.0217 0.0581 0.0163 
        D384  2 0.0115 0.0175 0.0165 0.8112 0.0372 0.0315 0.0205 0.0089 0.0195 0.0125 0.0131 
        D385  2 0.0262 0.0322 0.0158 0.0171 0.0339 0.0359 0.0288 0.0145 0.0173 0.1081 0.6701 
        D386  2 0.0301 0.0284 0.0239 0.0492 0.0164 0.0854 0.1012 0.0637 0.0270 0.5135 0.0612 
        D391  2 0.0191 0.0222 0.0217 0.0224 0.0158 0.0377 0.0245 0.0147 0.0207 0.0977 0.7035 
        D392  2 0.0378 0.0219 0.0336 0.0498 0.0532 0.0291 0.0560 0.0356 0.1326 0.0195 0.5309 
        D393  2 0.0165 0.0551 0.1089 0.1417 0.0211 0.1236 0.0673 0.0387 0.0403 0.3199 0.0668 
        D394  2 0.0590 0.0696 0.0448 0.0820 0.0401 0.0217 0.1238 0.1322 0.1447 0.1811 0.1010 
        D395  2 0.0358 0.0274 0.0313 0.0153 0.0175 0.0278 0.1029 0.0270 0.0216 0.3460 0.3474 
        D401  2 0.0208 0.0162 0.0185 0.0147 0.0215 0.0418 0.0243 0.0110 0.7970 0.0088 0.0253 
        D402  2 0.0197 0.0296 0.0553 0.0172 0.0131 0.0513 0.0217 0.0150 0.0245 0.0647 0.6879 
        D403  2 0.0671 0.1103 0.0244 0.2066 0.0161 0.0421 0.3320 0.0444 0.0247 0.0990 0.0333 
        D415  2 0.0170 0.0635 0.0130 0.4790 0.0126 0.0347 0.1583 0.0288 0.1441 0.0315 0.0174 
        D435  2 0.0167 0.0405 0.0598 0.5178 0.0147 0.0216 0.0500 0.0261 0.0360 0.0467 0.1702 
        D436  2 0.1145 0.1352 0.0248 0.0968 0.0535 0.0333 0.0743 0.0347 0.0301 0.3813 0.0213 
        D438  2 0.0130 0.0162 0.0136 0.0093 0.0199 0.0332 0.0141 0.0171 0.0100 0.0123 0.8414 
        D439  2 0.0162 0.0238 0.0236 0.0433 0.0117 0.0378 0.0979 0.0532 0.0359 0.6106 0.0460 
        D449  2 0.0220 0.0681 0.0183 0.0711 0.0231 0.0778 0.1448 0.0628 0.0208 0.0315 0.4596 
        D450  2 0.0499 0.1005 0.0574 0.1028 0.1156 0.0990 0.1471 0.0406 0.0363 0.2300 0.0209 
        D456  2 0.0154 0.0217 0.0260 0.7848 0.0175 0.0277 0.0448 0.0165 0.0121 0.0220 0.0114 
        D462  2 0.0165 0.0178 0.0177 0.0319 0.0128 0.0187 0.0237 0.0206 0.0120 0.0917 0.7367 
        D463  2 0.0194 0.0172 0.0134 0.7961 0.0329 0.0241 0.0257 0.0148 0.0162 0.0303 0.0098 
        D464  2 0.1043 0.0489 0.0220 0.0356 0.0344 0.0675 0.2924 0.0173 0.0187 0.2657 0.0932 
        D465  2 0.0336 0.0310 0.0256 0.1159 0.0195 0.0641 0.0616 0.0459 0.1287 0.0259 0.4484 
        D473  2 0.0251 0.0303 0.0361 0.0188 0.4582 0.0711 0.0563 0.0687 0.1248 0.0728 0.0377 
        D474  2 0.0109 0.0312 0.2248 0.4482 0.0352 0.0322 0.0422 0.0604 0.0348 0.0353 0.0447 
        D476  2 0.0153 0.0170 0.0226 0.0203 0.0118 0.0123 0.0246 0.3024 0.0211 0.5100 0.0425 
        D477  2 0.0209 0.0305 0.1087 0.1803 0.0414 0.1272 0.0854 0.0209 0.1137 0.2493 0.0216 
        D478  2 0.1163 0.0226 0.0667 0.0326 0.0823 0.0445 0.1354 0.3102 0.0353 0.1028 0.0513 
        D480  2 0.0322 0.0967 0.0623 0.1407 0.0960 0.0904 0.0944 0.0194 0.0265 0.2706 0.0708 
        D481  2 0.0358 0.0213 0.0699 0.2148 0.0816 0.0492 0.1269 0.0944 0.0692 0.1867 0.0501 
        D482  2 0.0763 0.0399 0.2377 0.0148 0.0609 0.0701 0.1290 0.0500 0.0592 0.2372 0.0248 
        D483  2 0.0172 0.0127 0.0250 0.0136 0.0650 0.0144 0.0230 0.0201 0.0210 0.0138 0.7743 
        D484  2 0.0578 0.0191 0.0261 0.0108 0.0205 0.0195 0.0393 0.0165 0.0173 0.7489 0.0242 
        D510  2 0.1988 0.0496 0.1452 0.0227 0.3990 0.0311 0.0552 0.0169 0.0325 0.0296 0.0194 
        D511  2 0.0181 0.0202 0.0367 0.0539 0.0156 0.0570 0.0279 0.0369 0.0267 0.6531 0.0538 
        D512  2 0.0580 0.0454 0.0275 0.0189 0.0124 0.0425 0.0458 0.0293 0.6001 0.0218 0.0984 
        D513  2 0.0335 0.0451 0.0679 0.0589 0.0584 0.0961 0.0615 0.0351 0.0519 0.0227 0.4692 
        D635  2 0.0155 0.0199 0.0297 0.1319 0.0250 0.0484 0.1029 0.5416 0.0337 0.0194 0.0320 
        D636  2 0.0132 0.0121 0.0115 0.0246 0.0172 0.0569 0.0235 0.7655 0.0437 0.0160 0.0158 
        D637  2 0.0742 0.1475 0.0404 0.0222 0.0624 0.0967 0.1103 0.0205 0.0450 0.2361 0.1446 
        D658  2 0.0609 0.0610 0.0279 0.0185 0.0744 0.0197 0.0586 0.0200 0.0649 0.1481 0.4460 
        D659  2 0.0219 0.0479 0.0596 0.5221 0.0307 0.0394 0.0710 0.0998 0.0159 0.0698 0.0219 
        D677  2 0.0774 0.2662 0.0611 0.1272 0.0163 0.1269 0.0989 0.0831 0.0553 0.0337 0.0538 
        D678  2 0.1161 0.0344 0.0249 0.0190 0.0153 0.0586 0.1037 0.0322 0.0288 0.0241 0.5429 
        D679  2 0.0196 0.0380 0.0803 0.2181 0.0383 0.3685 0.0846 0.0361 0.0282 0.0516 0.0367 
        D719  2 0.0238 0.0184 0.0757 0.1385 0.3817 0.0320 0.0506 0.0126 0.0822 0.0428 0.1418 
        D720  2 0.0262 0.0263 0.0272 0.6426 0.0682 0.0494 0.0442 0.0233 0.0469 0.0179 0.0280 
        D721  2 0.0092 0.0286 0.0239 0.0352 0.0286 0.0356 0.0440 0.6909 0.0222 0.0273 0.0546 
        D722  2 0.5232 0.0164 0.0400 0.0148 0.1686 0.0521 0.0440 0.0192 0.0554 0.0193 0.0470 
        D734  2 0.0216 0.0285 0.0223 0.0138 0.1539 0.0496 0.0239 0.0122 0.0115 0.6235 0.0391 
        D735  2 0.0295 0.0445 0.0260 0.1344 0.0899 0.2657 0.1230 0.0418 0.0974 0.0980 0.0498 
        D736  2 0.0202 0.0476 0.3693 0.0499 0.2309 0.0334 0.0570 0.0440 0.0561 0.0489 0.0428 
        D737  2 0.0504 0.0288 0.0598 0.0144 0.0410 0.0163 0.0321 0.0400 0.0446 0.0939 0.5786 
        D807  2 0.0440 0.1059 0.1669 0.1010 0.1823 0.0602 0.0727 0.0473 0.0701 0.1063 0.0434 
        D808  2 0.0718 0.0833 0.0752 0.0648 0.0286 0.0312 0.1565 0.0592 0.2738 0.0765 0.0791 
        D817  2 0.0517 0.0241 0.0320 0.1071 0.0205 0.5846 0.0628 0.0189 0.0306 0.0518 0.0159 
        D818  2 0.0282 0.1608 0.1302 0.0458 0.0216 0.0496 0.1577 0.1615 0.0184 0.0356 0.1907 
        D819  2 0.0374 0.0223 0.0267 0.0740 0.0264 0.5005 0.0802 0.0442 0.1414 0.0269 0.0200 
        D820  2 0.0163 0.0701 0.0317 0.5971 0.0220 0.0168 0.0410 0.0269 0.0171 0.1254 0.0355 
        D895  2 0.0258 0.0313 0.0271 0.2609 0.0383 0.1747 0.1693 0.1457 0.0297 0.0613 0.0358 
        D896  2 0.0214 0.0139 0.0107 0.0132 0.0154 0.0103 0.0147 0.0113 0.8662 0.0113 0.0115 
        D897  2 0.0437 0.1565 0.0434 0.0263 0.0218 0.0695 0.1368 0.0247 0.0339 0.0384 0.4049 
        D898  2 0.1184 0.0612 0.1294 0.0321 0.0416 0.0965 0.1500 0.0387 0.2518 0.0546 0.0258 
        D918  2 0.0420 0.2030 0.0443 0.0241 0.0529 0.0609 0.2023 0.0960 0.1145 0.0903 0.0698 
        D919  2 0.0933 0.0243 0.0778 0.0975 0.0190 0.0263 0.1029 0.0507 0.0190 0.4212 0.0679 
        D920  2 0.0566 0.1058 0.0298 0.0269 0.0625 0.0190 0.0529 0.4989 0.0824 0.0363 0.0288 
        D923  2 0.0378 0.0338 0.0258 0.5442 0.0245 0.0452 0.0646 0.0356 0.0287 0.1249 0.0351 
        D930  2 0.0561 0.1372 0.0459 0.1567 0.0753 0.1508 0.1005 0.0206 0.0683 0.1509 0.0375 
        D931  2 0.0403 0.0410 0.0525 0.2107 0.0407 0.0669 0.0714 0.0350 0.0574 0.2535 0.1305 
        D968  2 0.0248 0.0168 0.0880 0.0210 0.0145 0.0227 0.0256 0.0139 0.0182 0.0214 0.7331 
        D969  2 0.0415 0.0547 0.1889 0.1868 0.0727 0.0575 0.1183 0.0365 0.0362 0.0453 0.1616 
        D977  2 0.0226 0.0527 0.0260 0.0302 0.0200 0.0339 0.0478 0.0310 0.0140 0.0248 0.6972 
        D978  2 0.0709 0.1696 0.1141 0.0226 0.0328 0.3085 0.1302 0.0220 0.0158 0.0258 0.0876 
        D211  3 0.0272 0.3831 0.0231 0.0606 0.0212 0.0563 0.0465 0.3260 0.0125 0.0261 0.0174 
     D229639  3 0.0402 0.0246 0.6296 0.0617 0.0599 0.0257 0.0452 0.0256 0.0325 0.0207 0.0342 
     D237212  3 0.0281 0.1089 0.1840 0.0605 0.0204 0.1093 0.0739 0.0642 0.0454 0.2544 0.0509 
     D237213  3 0.0409 0.1470 0.0408 0.0294 0.0139 0.3664 0.0782 0.0494 0.1479 0.0609 0.0252 
     D237214  3 0.0163 0.0221 0.0099 0.0206 0.0214 0.0151 0.0264 0.8257 0.0125 0.0174 0.0125 
     D237215  3 0.2298 0.0116 0.1160 0.0127 0.0565 0.0327 0.0517 0.0164 0.0341 0.0161 0.4224 
     D237216  3 0.0290 0.1116 0.0330 0.0339 0.0182 0.1071 0.5060 0.0728 0.0244 0.0427 0.0215 
     D237217  3 0.0190 0.2713 0.0596 0.0722 0.0143 0.0283 0.2572 0.1907 0.0460 0.0188 0.0228 
     D237218  3 0.0132 0.4367 0.1434 0.0373 0.0432 0.0400 0.0657 0.0279 0.0195 0.1376 0.0355 
     D237219  3 0.0232 0.1691 0.1407 0.0364 0.0710 0.2234 0.0826 0.0839 0.1275 0.0162 0.0260 
     D237382  3 0.2692 0.0799 0.0372 0.0786 0.0865 0.0528 0.0936 0.0338 0.1923 0.0339 0.0422 
     D244127  3 0.0370 0.0516 0.0724 0.0152 0.0175 0.0650 0.0777 0.0429 0.5200 0.0289 0.0718 
     D244129  3 0.0475 0.0856 0.0924 0.0812 0.0388 0.0696 0.1295 0.0935 0.2124 0.0957 0.0537 
     D244133  3 0.0285 0.0455 0.0302 0.0476 0.0749 0.5565 0.0679 0.0422 0.0283 0.0112 0.0673 
     D244134  3 0.0154 0.0294 0.4949 0.0235 0.1473 0.1261 0.0258 0.0329 0.0589 0.0188 0.0269 
     D244135  3 0.0186 0.0423 0.0159 0.0377 0.0162 0.0747 0.0404 0.6738 0.0154 0.0208 0.0442 
     D244136  3 0.0563 0.0389 0.0662 0.1157 0.1453 0.3443 0.0768 0.0547 0.0364 0.0226 0.0430 
        D416  3 0.0200 0.1226 0.0419 0.0754 0.0279 0.2761 0.1376 0.0869 0.0521 0.0486 0.1110 
        D417  3 0.0323 0.1646 0.0156 0.5845 0.0219 0.0225 0.0632 0.0217 0.0347 0.0244 0.0148 
        D419  3 0.0240 0.1696 0.1670 0.1035 0.0448 0.1236 0.1109 0.0505 0.0996 0.0334 0.0731 
        D565  3 0.0193 0.0132 0.0446 0.0299 0.7559 0.0448 0.0241 0.0191 0.0210 0.0151 0.0131 
        D566  3 0.0420 0.0207 0.3157 0.0518 0.1890 0.1410 0.0711 0.0287 0.0722 0.0176 0.0502 
        D567  3 0.0311 0.0541 0.0250 0.5168 0.0236 0.0527 0.0569 0.0588 0.0700 0.0725 0.0384 
        D568  3 0.0345 0.1521 0.0783 0.0962 0.0153 0.0455 0.1407 0.0957 0.0842 0.1669 0.0904 
        D569  3 0.0886 0.0506 0.0364 0.0173 0.0362 0.0423 0.0947 0.0742 0.0187 0.4760 0.0650 
        D573  3 0.0178 0.0209 0.5313 0.1282 0.0221 0.0335 0.0647 0.0205 0.0274 0.0374 0.0962 
        D574  3 0.0984 0.0445 0.0941 0.0325 0.3438 0.1169 0.0776 0.0443 0.0695 0.0449 0.0337 
        D575  3 0.0132 0.0243 0.0270 0.0253 0.0438 0.6916 0.0429 0.0412 0.0403 0.0176 0.0327 
        D576  3 0.1279 0.0209 0.0694 0.0072 0.0187 0.1168 0.0486 0.0386 0.0148 0.0206 0.5166 
        D577  3 0.0555 0.0762 0.0233 0.4365 0.0381 0.1664 0.0516 0.0652 0.0199 0.0468 0.0203 
        D578  3 0.0204 0.0205 0.0154 0.0131 0.0123 0.0190 0.0227 0.8140 0.0267 0.0116 0.0243 
        D579  3 0.0266 0.0985 0.1247 0.1341 0.1655 0.0978 0.0693 0.0536 0.0453 0.1233 0.0612 
        D660  3 0.0363 0.0592 0.0277 0.0169 0.0179 0.0928 0.0716 0.0421 0.0520 0.0391 0.5444 
        D661  3 0.0208 0.4559 0.1022 0.0206 0.0202 0.0287 0.0879 0.0379 0.0197 0.0707 0.1353 
        D663  3 0.0717 0.0228 0.5032 0.0469 0.0163 0.0641 0.1231 0.0345 0.0186 0.0344 0.0643 
        D664  3 0.0306 0.1629 0.0326 0.0164 0.0613 0.2623 0.1035 0.0859 0.0652 0.0226 0.1567 
        D665  3 0.1748 0.0589 0.0336 0.0175 0.0125 0.2143 0.1955 0.1278 0.0519 0.0855 0.0277 
        D666  3 0.0178 0.0482 0.0360 0.0338 0.0589 0.5419 0.0426 0.0286 0.1460 0.0258 0.0205 
        D009  4 0.0729 0.2186 0.0262 0.1329 0.0327 0.0343 0.1259 0.1307 0.0611 0.1423 0.0226 
        D057  4 0.0363 0.0313 0.0450 0.0383 0.0316 0.0127 0.0520 0.2131 0.0227 0.3538 0.1633 
        D109  4 0.0348 0.0513 0.0255 0.0494 0.0406 0.1463 0.1527 0.0726 0.3776 0.0313 0.0178 
     D237222  4 0.1362 0.0418 0.0262 0.0271 0.1060 0.0155 0.0616 0.4822 0.0461 0.0267 0.0305 
     D237223  4 0.0410 0.4364 0.0614 0.0286 0.0832 0.0213 0.1054 0.0583 0.0730 0.0494 0.0419 
     D237224  4 0.0453 0.0366 0.2049 0.0895 0.0296 0.0735 0.0865 0.0521 0.0390 0.2049 0.1381 
     D237225  4 0.0568 0.1820 0.0492 0.0989 0.0464 0.0481 0.2508 0.1020 0.0445 0.0910 0.0304 
     D237299  4 0.0397 0.5629 0.0685 0.0137 0.0356 0.1005 0.0755 0.0254 0.0413 0.0188 0.0180 
     D237300  4 0.0206 0.0466 0.6519 0.0142 0.0340 0.0841 0.0524 0.0169 0.0156 0.0258 0.0381 
     D237306  4 0.1171 0.2086 0.0423 0.0810 0.3155 0.0199 0.0579 0.0248 0.0802 0.0333 0.0196 
     D237307  4 0.0819 0.0565 0.0491 0.3106 0.1787 0.1176 0.0834 0.0383 0.0299 0.0146 0.0396 
     D237308  4 0.0413 0.0297 0.0389 0.0262 0.0612 0.0347 0.0910 0.0404 0.1060 0.1710 0.3597 
     D237309  4 0.0913 0.0878 0.0564 0.1028 0.0216 0.0564 0.2383 0.1367 0.0584 0.1090 0.0412 
     D237317  4 0.0678 0.0283 0.0591 0.1473 0.2514 0.0517 0.2401 0.0429 0.0370 0.0435 0.0310 
     D237318  4 0.0272 0.0261 0.7255 0.0291 0.0194 0.0349 0.0410 0.0169 0.0198 0.0147 0.0453 
     D237319  4 0.1185 0.2227 0.0525 0.0380 0.0358 0.0566 0.1703 0.1017 0.1381 0.0236 0.0423 
     D237320  4 0.0201 0.6412 0.0544 0.0307 0.0261 0.0234 0.0465 0.0605 0.0443 0.0202 0.0326 
     D237321  4 0.0326 0.0290 0.5157 0.0510 0.0421 0.0802 0.0825 0.0345 0.0437 0.0221 0.0666 
     D237397  4 0.0692 0.4038 0.0942 0.0405 0.0928 0.0407 0.0557 0.0516 0.0598 0.0218 0.0700 
     D237398  4 0.0208 0.0793 0.5772 0.0414 0.0160 0.0523 0.0868 0.0271 0.0164 0.0518 0.0309 
     D237399  4 0.0527 0.0971 0.2662 0.0724 0.1809 0.0303 0.0711 0.0982 0.0532 0.0421 0.0359 
     D244001  4 0.1542 0.0845 0.0230 0.0297 0.0307 0.0221 0.1286 0.3147 0.0405 0.0620 0.1099 
        D289  4 0.0238 0.0857 0.0916 0.0564 0.2273 0.0229 0.0747 0.0536 0.0266 0.2682 0.0693 
        D290  4 0.6304 0.0369 0.0891 0.0550 0.0177 0.0145 0.0567 0.0333 0.0280 0.0205 0.0177 
        D294  4 0.0946 0.1755 0.0423 0.0751 0.0392 0.0452 0.1232 0.0625 0.0181 0.3022 0.0222 
        D295  4 0.0708 0.2230 0.0636 0.2192 0.0450 0.0753 0.0744 0.0398 0.1170 0.0498 0.0220 
        D301  4 0.1662 0.0565 0.1066 0.0153 0.0349 0.0319 0.0466 0.3811 0.1014 0.0259 0.0335 
        D302  4 0.0555 0.0311 0.0155 0.0388 0.0137 0.0351 0.0514 0.0257 0.0169 0.7043 0.0119 
        D303  4 0.0446 0.0565 0.0303 0.0235 0.5487 0.0379 0.0375 0.0252 0.0880 0.0562 0.0517 
        D304  4 0.3875 0.0526 0.1757 0.0596 0.0710 0.0602 0.0811 0.0447 0.0179 0.0263 0.0235 
        D305  4 0.0638 0.0300 0.0390 0.0203 0.0126 0.0283 0.3610 0.0299 0.0249 0.3202 0.0701 
        D306  4 0.6254 0.0274 0.0368 0.0338 0.0270 0.0152 0.1285 0.0370 0.0245 0.0233 0.0210 
        D307  4 0.0264 0.0269 0.0495 0.0149 0.0797 0.0366 0.0342 0.6231 0.0475 0.0373 0.0240 
        D327  4 0.0479 0.0408 0.0449 0.4804 0.0700 0.0970 0.0919 0.0312 0.0211 0.0378 0.0371 
        D328  4 0.1914 0.0630 0.0353 0.0220 0.1358 0.0699 0.0529 0.0246 0.0794 0.2982 0.0275 
        D329  4 0.0701 0.0704 0.0809 0.0585 0.0478 0.0246 0.1230 0.0789 0.0605 0.2750 0.1104 
        D330  4 0.0865 0.1337 0.0193 0.2042 0.0124 0.0435 0.1367 0.0773 0.1437 0.0895 0.0532 
        D331  4 0.3113 0.0413 0.1855 0.1219 0.0506 0.0396 0.1040 0.0358 0.0611 0.0234 0.0254 
        D333  4 0.1460 0.1725 0.0670 0.0560 0.0959 0.0484 0.0808 0.0418 0.0628 0.1696 0.0592 
        D334  4 0.0372 0.0558 0.0470 0.0514 0.5311 0.0423 0.0617 0.0729 0.0314 0.0525 0.0167 
        D335  4 0.1416 0.0204 0.0289 0.1125 0.0223 0.0494 0.0642 0.0306 0.0302 0.4587 0.0412 
        D370  4 0.4938 0.0253 0.0268 0.0273 0.0440 0.0580 0.0548 0.0315 0.1622 0.0426 0.0339 
        D371  4 0.0433 0.0213 0.0282 0.1235 0.6030 0.0669 0.0335 0.0151 0.0165 0.0184 0.0302 
        D372  4 0.1696 0.0311 0.4889 0.0106 0.0299 0.0348 0.1266 0.0145 0.0330 0.0152 0.0459 
        D373  4 0.0194 0.0302 0.0842 0.0293 0.0230 0.0470 0.0474 0.5948 0.0215 0.0453 0.0581 
        D455  4 0.0324 0.0212 0.0423 0.0313 0.0220 0.0164 0.0333 0.6733 0.0348 0.0587 0.0344 
        D490  4 0.0214 0.1218 0.0146 0.0270 0.0228 0.0234 0.0245 0.6867 0.0288 0.0191 0.0100 
        D497  4 0.0278 0.1271 0.0244 0.0148 0.0219 0.0416 0.0604 0.5523 0.0586 0.0535 0.0177 
        D498  4 0.4494 0.0254 0.1111 0.0447 0.0497 0.0462 0.0738 0.0299 0.1268 0.0205 0.0225 
        D499  4 0.0366 0.1091 0.0552 0.0231 0.1125 0.1939 0.1297 0.0143 0.0643 0.1408 0.1206 
        D514  4 0.1553 0.0468 0.0598 0.2043 0.0150 0.1136 0.1287 0.0542 0.0577 0.1421 0.0226 
        D515  4 0.0675 0.6762 0.0155 0.0344 0.0182 0.0293 0.0458 0.0257 0.0286 0.0378 0.0211 
        D516  4 0.0496 0.1531 0.0761 0.0964 0.0393 0.2687 0.0820 0.0473 0.1048 0.0219 0.0606 
        D517  4 0.0188 0.0653 0.0593 0.0473 0.0198 0.0179 0.1916 0.4766 0.0432 0.0258 0.0344 
        D518  4 0.0851 0.0444 0.0229 0.0283 0.0575 0.0246 0.0605 0.1280 0.0221 0.4872 0.0393 
        D519  4 0.0129 0.7975 0.0311 0.0230 0.0172 0.0199 0.0214 0.0234 0.0193 0.0134 0.0208 
        D560  4 0.0241 0.7327 0.0284 0.0594 0.0119 0.0192 0.0342 0.0194 0.0179 0.0231 0.0296 
        D561  4 0.0385 0.0613 0.0280 0.0828 0.0149 0.1074 0.2530 0.2314 0.0597 0.0729 0.0503 
        D562  4 0.1065 0.0880 0.0682 0.0460 0.0463 0.0386 0.1665 0.2075 0.0508 0.1239 0.0576 
        D563  4 0.0330 0.0673 0.0611 0.0199 0.0174 0.0875 0.1185 0.0568 0.0487 0.1391 0.3508 
        D572  4 0.0492 0.0354 0.0182 0.0583 0.0314 0.0197 0.0284 0.0621 0.0205 0.6476 0.0292 
        D629  4 0.0157 0.0530 0.0437 0.1383 0.0201 0.3051 0.0631 0.2681 0.0165 0.0586 0.0178 
        D630  4 0.1518 0.2429 0.0801 0.0892 0.0463 0.0327 0.0764 0.1514 0.0287 0.0709 0.0296 
        D631  4 0.0336 0.0654 0.0348 0.0224 0.0189 0.0200 0.0322 0.0273 0.0161 0.6548 0.0744 
        D632  4 0.0266 0.0247 0.0166 0.0400 0.0173 0.0585 0.0507 0.2361 0.1228 0.2489 0.1579 
        D646  4 0.0325 0.5147 0.0391 0.1035 0.0215 0.0217 0.0665 0.0358 0.0832 0.0494 0.0322 
        D647  4 0.1042 0.1183 0.0537 0.3454 0.0132 0.0217 0.0556 0.0756 0.0848 0.0638 0.0635 
        D648  4 0.4474 0.0704 0.0114 0.0143 0.0414 0.0752 0.0350 0.0166 0.0173 0.2466 0.0243 
        D649  4 0.0185 0.0440 0.0296 0.2081 0.0189 0.0831 0.0625 0.0518 0.2563 0.2065 0.0207 
        D650  4 0.0485 0.2225 0.0594 0.1466 0.0707 0.1033 0.0896 0.0655 0.0733 0.0949 0.0257 
        D708  4 0.0513 0.1288 0.0584 0.0276 0.1376 0.1445 0.1143 0.0378 0.0368 0.2426 0.0204 
        D709  4 0.5884 0.0190 0.0277 0.0185 0.0199 0.0531 0.0574 0.0132 0.1543 0.0279 0.0206 
        D738  4 0.0523 0.1390 0.0637 0.0906 0.3705 0.0225 0.0419 0.0542 0.1246 0.0248 0.0159 
        D739  4 0.2129 0.1864 0.0430 0.0236 0.0334 0.0352 0.1085 0.2451 0.0322 0.0552 0.0245 
        D740  4 0.0297 0.1800 0.0863 0.0203 0.1484 0.0567 0.1518 0.0542 0.1363 0.0790 0.0571 
        D741  4 0.0256 0.6280 0.0260 0.0645 0.0108 0.0313 0.0896 0.0226 0.0271 0.0284 0.0462 
        D742  4 0.0293 0.2472 0.1036 0.0229 0.0782 0.0353 0.0898 0.0677 0.0439 0.0696 0.2125 
        D743  4 0.0205 0.0354 0.0363 0.3143 0.0200 0.0514 0.0357 0.0256 0.0162 0.4079 0.0367 
        D744  4 0.0132 0.0296 0.0174 0.0197 0.0145 0.0239 0.0189 0.0190 0.0150 0.7978 0.0311 
        D745  4 0.0148 0.7934 0.0224 0.0156 0.0167 0.0292 0.0186 0.0341 0.0176 0.0225 0.0151 
        D814  4 0.0628 0.3770 0.0428 0.0284 0.0166 0.0250 0.1968 0.0784 0.0100 0.0521 0.1102 
        D815  4 0.2438 0.0282 0.0465 0.0748 0.0252 0.0375 0.0499 0.0217 0.0718 0.3783 0.0224 
        D828  4 0.6171 0.0505 0.0474 0.0110 0.0429 0.0384 0.0627 0.0216 0.0255 0.0497 0.0331 
        D845  4 0.0121 0.0227 0.8008 0.0131 0.0373 0.0236 0.0192 0.0124 0.0144 0.0245 0.0199 
        D846  4 0.0644 0.0268 0.0383 0.1004 0.0106 0.0565 0.1276 0.1574 0.0198 0.2605 0.1376 
        D847  4 0.0511 0.1112 0.0900 0.1019 0.1080 0.0335 0.1069 0.2264 0.0457 0.0663 0.0590 
        D848  4 0.0255 0.0134 0.1698 0.0138 0.0178 0.0199 0.0370 0.5981 0.0199 0.0313 0.0536 
        D849  4 0.0896 0.4197 0.0251 0.0371 0.0183 0.0529 0.0949 0.1544 0.0364 0.0364 0.0354 
        D850  4 0.0165 0.0652 0.1787 0.1002 0.0491 0.0697 0.1231 0.2790 0.0372 0.0451 0.0362 
        D856  4 0.1222 0.0926 0.0408 0.0406 0.0426 0.0678 0.2609 0.0437 0.2062 0.0563 0.0264 
        D857  4 0.2045 0.0301 0.0140 0.0083 0.0213 0.0145 0.0285 0.0276 0.5610 0.0201 0.0701 
        D859  4 0.0441 0.1863 0.0951 0.0627 0.0223 0.0223 0.0744 0.0336 0.0196 0.4117 0.0278 
        D860  4 0.0328 0.0182 0.2229 0.0742 0.3538 0.0190 0.0694 0.0379 0.0244 0.0707 0.0766 
        D883  4 0.0926 0.0696 0.0569 0.1633 0.0750 0.0867 0.0933 0.1749 0.0868 0.0770 0.0239 
        D884  4 0.0360 0.6723 0.0192 0.0313 0.0309 0.0282 0.0436 0.0184 0.0703 0.0389 0.0109 
        D885  4 0.0121 0.4939 0.0852 0.0653 0.0234 0.0853 0.1021 0.0296 0.0253 0.0404 0.0373 
        D886  4 0.3252 0.0635 0.0365 0.1195 0.0210 0.0298 0.0787 0.1115 0.1116 0.0568 0.0458 
        D887  4 0.0644 0.1552 0.1939 0.1191 0.0464 0.0368 0.1177 0.0400 0.0520 0.0854 0.0893 
        D889  4 0.1919 0.0405 0.5253 0.0304 0.0171 0.0241 0.0862 0.0191 0.0119 0.0432 0.0102 
        D890  4 0.0900 0.0224 0.0304 0.0246 0.0617 0.4717 0.0674 0.0558 0.0683 0.0635 0.0442 
        D891  4 0.0093 0.0125 0.8866 0.0113 0.0095 0.0165 0.0150 0.0093 0.0091 0.0101 0.0107 
        D899  4 0.0702 0.0443 0.1657 0.0250 0.0658 0.0514 0.0893 0.0287 0.0278 0.0707 0.3612 
        D900  4 0.1780 0.0470 0.0733 0.0958 0.0431 0.0482 0.1499 0.1001 0.0642 0.1134 0.0871 
        D970  4 0.0274 0.0434 0.0785 0.1325 0.0432 0.0688 0.1258 0.0549 0.0422 0.3256 0.0575 
        D971  4 0.0810 0.0183 0.0212 0.0581 0.0503 0.0689 0.0860 0.0293 0.0637 0.1279 0.3951 
        D979  4 0.1339 0.0340 0.0347 0.2402 0.0288 0.1069 0.0873 0.0276 0.0194 0.2475 0.0396 
        D093  5 0.0336 0.0765 0.0453 0.0360 0.6663 0.0307 0.0267 0.0233 0.0224 0.0193 0.0199 
        D154  5 0.0715 0.2453 0.1007 0.0221 0.0282 0.2683 0.1023 0.0151 0.0220 0.0310 0.0936 
        D168  5 0.0524 0.1757 0.0943 0.0485 0.0145 0.2420 0.0827 0.0758 0.0518 0.0226 0.1397 
        D189  5 0.2222 0.0914 0.1839 0.0421 0.2652 0.0252 0.0688 0.0222 0.0290 0.0271 0.0228 
        D190  5 0.0521 0.0421 0.0308 0.0259 0.5506 0.1271 0.0412 0.0154 0.0402 0.0478 0.0269 
     D237220  5 0.0540 0.1594 0.1694 0.0219 0.1162 0.0233 0.1071 0.1648 0.0984 0.0626 0.0228 
     D237221  5 0.0317 0.0689 0.1288 0.0537 0.3201 0.1127 0.0545 0.0335 0.0673 0.0558 0.0731 
     D237274  5 0.0752 0.0384 0.0254 0.2926 0.0154 0.0313 0.0913 0.0244 0.0827 0.2706 0.0528 
     D237275  5 0.2703 0.0308 0.0727 0.0153 0.0232 0.0469 0.0561 0.0210 0.0419 0.0168 0.4050 
     D237276  5 0.0943 0.3717 0.0289 0.0730 0.1065 0.0565 0.0664 0.0427 0.0979 0.0355 0.0266 
     D237277  5 0.0199 0.0338 0.0860 0.0247 0.4640 0.1813 0.0379 0.0159 0.0434 0.0586 0.0346 
     D237278  5 0.0479 0.0579 0.0281 0.0617 0.1800 0.0305 0.0942 0.0585 0.0730 0.0730 0.2951 
     D237279  5 0.0111 0.0300 0.0355 0.0412 0.0195 0.2296 0.1422 0.1163 0.2708 0.0844 0.0194 
     D237280  5 0.0425 0.0448 0.0230 0.0959 0.0698 0.1663 0.1632 0.0988 0.2151 0.0631 0.0175 
     D237281  5 0.0271 0.0290 0.5878 0.0364 0.0212 0.0232 0.0862 0.0164 0.0158 0.0301 0.1269 
     D237351  5 0.0150 0.0864 0.0200 0.0186 0.0473 0.2118 0.0287 0.0258 0.5102 0.0196 0.0167 
     D237352  5 0.0893 0.0222 0.0268 0.0333 0.0460 0.1568 0.0595 0.2615 0.0439 0.2034 0.0575 
     D237353  5 0.0237 0.0208 0.0612 0.0156 0.5568 0.1535 0.0302 0.0120 0.0706 0.0383 0.0174 
     D237359  5 0.0527 0.2872 0.2008 0.0342 0.0519 0.0322 0.1136 0.1277 0.0294 0.0469 0.0235 
     D237361  5 0.0371 0.0171 0.0250 0.0194 0.7555 0.0330 0.0237 0.0120 0.0444 0.0135 0.0193 
     D237362  5 0.0152 0.0255 0.0266 0.0373 0.0252 0.7691 0.0261 0.0179 0.0167 0.0192 0.0212 
     D237363  5 0.0436 0.0364 0.0455 0.0252 0.0332 0.1637 0.5071 0.0253 0.0399 0.0191 0.0610 
     D237364  5 0.0616 0.4238 0.0555 0.0557 0.0126 0.0599 0.0841 0.0520 0.0465 0.0824 0.0659 
     D237376  5 0.6777 0.0393 0.0354 0.0108 0.0531 0.0501 0.0325 0.0164 0.0193 0.0440 0.0215 
     D237377  5 0.0207 0.0216 0.0358 0.0678 0.1340 0.2222 0.1068 0.0350 0.2728 0.0405 0.0426 
     D237378  5 0.0980 0.0684 0.0735 0.0227 0.4064 0.0744 0.0714 0.0336 0.0237 0.0678 0.0600 
     D237379  5 0.1104 0.1592 0.0401 0.0306 0.1819 0.0561 0.1044 0.0473 0.0268 0.2032 0.0400 
     D237380  5 0.2181 0.0309 0.0176 0.0191 0.0367 0.0148 0.0500 0.0290 0.4973 0.0725 0.0140 
     D237381  5 0.1412 0.0305 0.0460 0.0323 0.0573 0.0290 0.1002 0.1672 0.2091 0.1193 0.0680 
     D237391  5 0.0109 0.0288 0.0353 0.0215 0.7666 0.0316 0.0270 0.0184 0.0172 0.0290 0.0137 
     D237392  5 0.0804 0.0380 0.0350 0.2029 0.0193 0.0915 0.0860 0.0461 0.1011 0.0997 0.2000 
     D237393  5 0.0638 0.0292 0.0543 0.3450 0.1816 0.0237 0.0610 0.0580 0.0841 0.0440 0.0552 
