        D174  1 0.3462 0.5278 0.1261 
        D199  1 0.1333 0.3741 0.4927 
        D203  1 0.2953 0.1724 0.5322 
        D204  1 0.0382 0.0311 0.9307 
     D237366  1 0.6478 0.1012 0.2510 
     D237367  1 0.3312 0.0657 0.6031 
     D237368  1 0.6212 0.1027 0.2760 
     D244101  1 0.0285 0.0441 0.9274 
     D244102  1 0.3987 0.4100 0.1913 
     D244103  1 0.6620 0.0644 0.2735 
     D244104  1 0.0959 0.2727 0.6313 
     D244105  1 0.7831 0.0413 0.1756 
     D244106  1 0.1025 0.8137 0.0838 
     D244107  1 0.5638 0.0234 0.4129 
     D244108  1 0.2575 0.5769 0.1656 
     D244113  1 0.1032 0.8305 0.0663 
     D244114  1 0.3306 0.3689 0.3005 
     D244115  1 0.3553 0.5031 0.1416 
     D267365  1 0.1158 0.6378 0.2463 
        D404  1 0.1456 0.7675 0.0869 
        D405  1 0.2471 0.5021 0.2509 
        D406  1 0.9103 0.0301 0.0596 
        D407  1 0.1953 0.0317 0.7730 
        D408  1 0.0347 0.9253 0.0400 
        D409  1 0.7881 0.0750 0.1369 
        D410  1 0.9096 0.0316 0.0589 
        D421  1 0.0261 0.0493 0.9245 
        D422  1 0.9338 0.0191 0.0471 
        D423  1 0.8680 0.0162 0.1159 
        D424  1 0.2843 0.0433 0.6724 
        D425  1 0.1062 0.3874 0.5064 
        D426  1 0.7877 0.0748 0.1375 
        D427  1 0.0881 0.1784 0.7335 
        D428  1 0.2400 0.1948 0.5653 
        D429  1 0.1564 0.5331 0.3105 
        D430  1 0.2543 0.5264 0.2193 
        D491  1 0.0557 0.8772 0.0671 
        D492  1 0.3074 0.2453 0.4473 
        D537  1 0.1358 0.0397 0.8245 
        D538  1 0.6028 0.2247 0.1725 
        D539  1 0.2454 0.6783 0.0763 
        D540  1 0.3719 0.3360 0.2920 
        D541  1 0.0697 0.0390 0.8913 
        D551  1 0.4107 0.2162 0.3732 
        D552  1 0.4144 0.3524 0.2331 
        D553  1 0.0557 0.0490 0.8953 
        D615  1 0.3742 0.2971 0.3286 
        D616  1 0.4302 0.2523 0.3175 
        D621  1 0.7466 0.1528 0.1005 
        D622  1 0.8408 0.0518 0.1074 
        D623  1 0.0950 0.6063 0.2987 
        D624  1 0.1235 0.7912 0.0853 
        D625  1 0.2842 0.1183 0.5975 
        D626  1 0.2255 0.6431 0.1314 
        D627  1 0.5846 0.0964 0.3190 
        D690  1 0.2312 0.1855 0.5833 
        D691  1 0.8006 0.0411 0.1584 
        D710  1 0.1474 0.3092 0.5434 
        D711  1 0.1575 0.1138 0.7287 
        D712  1 0.0614 0.8881 0.0505 
        D713  1 0.2667 0.3665 0.3668 
        D746  1 0.8881 0.0252 0.0868 
        D747  1 0.0440 0.0572 0.8988 
        D748  1 0.4701 0.0734 0.4565 
        D749  1 0.8329 0.1240 0.0431 
        D750  1 0.1757 0.6400 0.1843 
        D763  1 0.1793 0.1611 0.6595 
        D764  1 0.3301 0.3009 0.3690 
        D765  1 0.7771 0.1803 0.0426 
        D766  1 0.5630 0.0665 0.3705 
        D767  1 0.3810 0.1113 0.5077 
        D768  1 0.0642 0.0222 0.9136 
        D811  1 0.1818 0.7586 0.0596 
        D816  1 0.1100 0.1883 0.7017 
        D825  1 0.3511 0.5386 0.1104 
        D866  1 0.1168 0.8085 0.0747 
        D867  1 0.9176 0.0306 0.0518 
        D871  1 0.7382 0.0718 0.1899 
        D872  1 0.3671 0.1039 0.5290 
        D873  1 0.9677 0.0182 0.0141 
        D874  1 0.0383 0.3970 0.5647 
        D875  1 0.8750 0.0297 0.0953 
        D876  1 0.2212 0.2674 0.5114 
        D877  1 0.1070 0.7267 0.1663 
        D892  1 0.4572 0.2267 0.3161 
        D893  1 0.2364 0.1028 0.6607 
        D894  1 0.2624 0.3157 0.4219 
        D915  1 0.3324 0.1164 0.5512 
        D916  1 0.1465 0.0785 0.7750 
        D917  1 0.1015 0.5320 0.3665 
        D925  1 0.8157 0.1192 0.0652 
        D926  1 0.2482 0.2409 0.5109 
        D927  1 0.1137 0.2429 0.6433 
        D928  1 0.0515 0.8286 0.1199 
        D929  1 0.3640 0.3806 0.2554 
        D936  1 0.0627 0.2101 0.7272 
        D938  1 0.9023 0.0343 0.0633 
        D956  1 0.0975 0.8539 0.0486 
        D957  1 0.5451 0.1166 0.3384 
        D958  1 0.3833 0.1306 0.4860 
        D959  1 0.1737 0.0211 0.8052 
        D960  1 0.9277 0.0338 0.0385 
        D989  1 0.0515 0.8330 0.1155 
        D990  1 0.8970 0.0806 0.0224 
        D023  2 0.7434 0.0305 0.2260 
        D130  2 0.9029 0.0178 0.0792 
        D131  2 0.1751 0.0867 0.7382 
        D163  2 0.8718 0.0409 0.0873 
        D164  2 0.7785 0.0204 0.2011 
        D165  2 0.8476 0.0232 0.1292 
        D166  2 0.5384 0.2923 0.1693 
        D167  2 0.3545 0.3714 0.2740 
        D192  2 0.3793 0.2601 0.3607 
        D193  2 0.2145 0.7097 0.0759 
        D206  2 0.2614 0.0593 0.6793 
        D207  2 0.2259 0.2660 0.5082 
        D208  2 0.0821 0.8397 0.0782 
        D209  2 0.4038 0.1332 0.4629 
        D210  2 0.0922 0.6913 0.2166 
     D229599  2 0.2328 0.4322 0.3350 
     D229600  2 0.8322 0.0354 0.1324 
     D237227  2 0.1477 0.7684 0.0839 
     D237228  2 0.5454 0.4035 0.0510 
     D237258  2 0.3865 0.4176 0.1960 
     D237310  2 0.8373 0.1305 0.0322 
     D237311  2 0.8447 0.0869 0.0684 
     D237312  2 0.7642 0.1556 0.0803 
     D237313  2 0.2813 0.3890 0.3296 
     D237322  2 0.1747 0.7097 0.1156 
     D237323  2 0.7155 0.2500 0.0345 
     D237324  2 0.7130 0.0443 0.2427 
     D237325  2 0.6734 0.1773 0.1493 
     D237326  2 0.6594 0.0797 0.2609 
     D237327  2 0.2461 0.3284 0.4255 
     D237337  2 0.8456 0.0878 0.0665 
     D237338  2 0.5033 0.2907 0.2060 
     D237339  2 0.0407 0.0540 0.9052 
     D237340  2 0.5045 0.3844 0.1111 
     D237389  2 0.8815 0.0581 0.0604 
     D237390  2 0.5517 0.2844 0.1638 
     D244017  2 0.1478 0.7823 0.0698 
     D244112  2 0.6346 0.1881 0.1773 
     D244118  2 0.8195 0.0597 0.1208 
     D244119  2 0.0808 0.8258 0.0934 
     D244120  2 0.2425 0.7089 0.0486 
     D244122  2 0.3869 0.3230 0.2901 
        D291  2 0.2724 0.5434 0.1842 
        D292  2 0.1004 0.5586 0.3410 
        D293  2 0.0150 0.0152 0.9698 
        D322  2 0.0663 0.0363 0.8974 
        D323  2 0.1330 0.2430 0.6240 
        D324  2 0.2836 0.3006 0.4158 
        D325  2 0.0199 0.0185 0.9616 
        D326  2 0.0280 0.0606 0.9114 
        D340  2 0.0476 0.0212 0.9312 
        D341  2 0.0889 0.0673 0.8438 
        D342  2 0.6458 0.1410 0.2132 
        D343  2 0.0145 0.0120 0.9735 
        D344  2 0.1594 0.1261 0.7145 
        D345  2 0.3412 0.2015 0.4573 
        D346  2 0.0662 0.7938 0.1400 
        D351  2 0.1523 0.0687 0.7789 
        D352  2 0.2047 0.2450 0.5502 
        D353  2 0.0759 0.0561 0.8681 
        D354  2 0.1800 0.3465 0.4735 
        D362  2 0.1748 0.1850 0.6402 
        D363  2 0.1208 0.3068 0.5724 
        D364  2 0.1401 0.1830 0.6768 
        D365  2 0.0134 0.0147 0.9718 
        D369  2 0.1272 0.3871 0.4858 
        D374  2 0.0630 0.9059 0.0311 
        D375  2 0.2924 0.2375 0.4702 
        D376  2 0.1015 0.8622 0.0363 
        D377  2 0.3921 0.4183 0.1897 
        D378  2 0.0523 0.0353 0.9124 
        D379  2 0.0637 0.0512 0.8851 
        D384  2 0.0367 0.0550 0.9083 
        D385  2 0.0571 0.0762 0.8667 
        D386  2 0.0936 0.0453 0.8611 
        D391  2 0.0238 0.0193 0.9568 
        D392  2 0.2580 0.1169 0.6252 
        D393  2 0.0792 0.0675 0.8533 
        D394  2 0.5050 0.1524 0.3426 
        D395  2 0.0710 0.0597 0.8693 
        D401  2 0.9033 0.0560 0.0408 
        D402  2 0.0600 0.0565 0.8836 
        D403  2 0.3696 0.0644 0.5661 
        D415  2 0.1782 0.0196 0.8021 
        D435  2 0.0541 0.0277 0.9182 
        D436  2 0.1380 0.1246 0.7374 
        D438  2 0.0687 0.0349 0.8964 
        D439  2 0.1609 0.0514 0.7877 
        D449  2 0.1299 0.0428 0.8273 
        D450  2 0.2489 0.5690 0.1821 
        D456  2 0.0438 0.0328 0.9234 
        D462  2 0.0184 0.0149 0.9667 
        D463  2 0.0326 0.0381 0.9293 
        D464  2 0.1001 0.1062 0.7937 
        D465  2 0.0883 0.0452 0.8666 
        D473  2 0.2037 0.7028 0.0935 
        D474  2 0.1192 0.2932 0.5876 
        D476  2 0.5505 0.0273 0.4222 
        D477  2 0.1261 0.3612 0.5126 
        D478  2 0.3984 0.4038 0.1978 
        D480  2 0.0333 0.1420 0.8248 
        D481  2 0.2332 0.3579 0.4089 
        D482  2 0.1716 0.7411 0.0873 
        D483  2 0.3142 0.2841 0.4017 
        D484  2 0.1714 0.3577 0.4709 
        D510  2 0.0383 0.9228 0.0389 
        D511  2 0.0731 0.0454 0.8815 
        D512  2 0.8152 0.0501 0.1347 
        D513  2 0.1045 0.1036 0.7919 
        D635  2 0.3903 0.0779 0.5318 
        D636  2 0.9325 0.0324 0.0351 
        D637  2 0.1614 0.3334 0.5051 
        D658  2 0.2275 0.3562 0.4163 
        D659  2 0.0771 0.0568 0.8661 
        D677  2 0.2720 0.1090 0.6190 
        D678  2 0.5016 0.2762 0.2223 
        D679  2 0.0777 0.1172 0.8051 
        D719  2 0.0417 0.4799 0.4784 
        D720  2 0.1190 0.1455 0.7355 
        D721  2 0.6179 0.0493 0.3328 
        D722  2 0.1109 0.8295 0.0596 
        D734  2 0.0311 0.6717 0.2972 
        D735  2 0.2267 0.2189 0.5544 
        D736  2 0.1240 0.7093 0.1667 
        D737  2 0.3620 0.4338 0.2042 
        D807  2 0.1126 0.5935 0.2939 
        D808  2 0.5891 0.1260 0.2849 
        D817  2 0.1505 0.3992 0.4503 
        D818  2 0.1625 0.0883 0.7492 
        D819  2 0.3210 0.2876 0.3914 
        D820  2 0.0262 0.0356 0.9382 
        D895  2 0.2245 0.0781 0.6973 
        D896  2 0.9280 0.0453 0.0268 
        D897  2 0.3271 0.1928 0.4800 
        D898  2 0.2393 0.6711 0.0895 
        D918  2 0.4459 0.2260 0.3281 
        D919  2 0.1314 0.0540 0.8147 
        D920  2 0.9385 0.0318 0.0296 
        D923  2 0.0526 0.0507 0.8967 
        D930  2 0.2306 0.2509 0.5185 
        D931  2 0.0936 0.2092 0.6973 
        D968  2 0.0246 0.0448 0.9305 
        D969  2 0.0721 0.2900 0.6379 
        D977  2 0.1308 0.0643 0.8050 
        D978  2 0.2034 0.5425 0.2540 
        D211  3 0.7230 0.0672 0.2098 
     D229639  3 0.0526 0.8737 0.0737 
     D237212  3 0.2425 0.2710 0.4865 
     D237213  3 0.5032 0.0944 0.4024 
     D237214  3 0.8691 0.0429 0.0881 
     D237215  3 0.0938 0.8417 0.0645 
     D237216  3 0.6587 0.0846 0.2567 
     D237217  3 0.6798 0.0359 0.2843 
     D237218  3 0.1813 0.2248 0.5939 
     D237219  3 0.3743 0.5689 0.0568 
     D237382  3 0.4591 0.2304 0.3104 
     D244127  3 0.8198 0.0807 0.0995 
     D244129  3 0.3412 0.1506 0.5082 
     D244133  3 0.2938 0.5567 0.1495 
     D244134  3 0.0661 0.8727 0.0612 
     D244135  3 0.7460 0.0401 0.2139 
     D244136  3 0.1295 0.5783 0.2922 
        D416  3 0.3569 0.1626 0.4805 
        D417  3 0.1664 0.0397 0.7939 
        D419  3 0.2462 0.3913 0.3625 
        D565  3 0.0404 0.8868 0.0727 
        D566  3 0.0666 0.8726 0.0609 
        D567  3 0.1815 0.0817 0.7368 
        D568  3 0.3327 0.0582 0.6091 
        D569  3 0.2989 0.1519 0.5492 
        D573  3 0.0607 0.1111 0.8282 
        D574  3 0.1212 0.8175 0.0613 
        D575  3 0.2758 0.4067 0.3175 
        D576  3 0.2852 0.6526 0.0622 
        D577  3 0.2211 0.1891 0.5899 
        D578  3 0.9537 0.0191 0.0272 
        D579  3 0.0965 0.4198 0.4836 
        D660  3 0.5087 0.2411 0.2502 
        D661  3 0.3193 0.4150 0.2658 
        D663  3 0.1669 0.4601 0.3730 
        D664  3 0.5550 0.3676 0.0775 
        D665  3 0.8038 0.0705 0.1257 
        D666  3 0.2967 0.4915 0.2117 
        D009  4 0.6027 0.0980 0.2992 
        D057  4 0.3228 0.1321 0.5451 
        D109  4 0.7633 0.1540 0.0827 
     D237222  4 0.8518 0.0753 0.0729 
     D237223  4 0.5898 0.1057 0.3046 
     D237224  4 0.1300 0.2902 0.5798 
     D237225  4 0.4413 0.1097 0.4491 
     D237299  4 0.8410 0.0984 0.0606 
     D237300  4 0.0436 0.9254 0.0310 
     D237306  4 0.2428 0.5045 0.2527 
     D237307  4 0.1408 0.4580 0.4012 
     D237308  4 0.2205 0.1954 0.5841 
     D237309  4 0.5777 0.0989 0.3234 
     D237317  4 0.1405 0.6684 0.1911 
     D237318  4 0.0569 0.8831 0.0600 
     D237319  4 0.5544 0.1951 0.2505 
     D237320  4 0.5306 0.1271 0.3423 
     D237321  4 0.1390 0.7819 0.0791 
     D237397  4 0.3230 0.3845 0.2926 
     D237398  4 0.2219 0.3636 0.4146 
     D237399  4 0.1843 0.5543 0.2613 
     D244001  4 0.7840 0.0487 0.1673 
        D289  4 0.1113 0.2863 0.6023 
        D290  4 0.2984 0.5018 0.1999 
        D294  4 0.3243 0.2828 0.3929 
        D295  4 0.2296 0.2153 0.5551 
        D301  4 0.8701 0.0999 0.0299 
        D302  4 0.1052 0.0712 0.8235 
        D303  4 0.1277 0.7554 0.1169 
        D304  4 0.1485 0.7733 0.0782 
        D305  4 0.5930 0.0495 0.3575 
        D306  4 0.3132 0.5934 0.0934 
        D307  4 0.8934 0.0727 0.0339 
        D327  4 0.0894 0.1701 0.7405 
        D328  4 0.1561 0.6784 0.1655 
        D329  4 0.4051 0.2368 0.3581 
        D330  4 0.3234 0.0353 0.6413 
        D331  4 0.2261 0.5914 0.1824 
        D333  4 0.2416 0.4494 0.3090 
        D334  4 0.1950 0.6003 0.2047 
        D335  4 0.0449 0.0439 0.9112 
        D370  4 0.3346 0.5759 0.0894 
        D371  4 0.0478 0.7696 0.1826 
        D372  4 0.0930 0.8780 0.0290 
        D373  4 0.8490 0.0535 0.0975 
        D455  4 0.8523 0.0616 0.0861 
        D490  4 0.9265 0.0342 0.0392 
        D497  4 0.9161 0.0462 0.0377 
        D498  4 0.2861 0.5855 0.1283 
        D499  4 0.1219 0.7063 0.1718 
        D514  4 0.2480 0.1917 0.5603 
        D515  4 0.7102 0.0585 0.2313 
        D516  4 0.3602 0.2299 0.4100 
        D517  4 0.8553 0.0453 0.0995 
        D518  4 0.3566 0.1573 0.4861 
        D519  4 0.6442 0.0576 0.2982 
        D560  4 0.5439 0.0565 0.3996 
        D561  4 0.6346 0.0207 0.3447 
        D562  4 0.4407 0.2830 0.2763 
        D563  4 0.2322 0.0692 0.6986 
        D572  4 0.2021 0.0994 0.6985 
        D629  4 0.3056 0.1705 0.5239 
        D630  4 0.3242 0.3278 0.3480 
        D631  4 0.1679 0.2564 0.5757 
        D632  4 0.6511 0.0515 0.2975 
        D646  4 0.2931 0.0514 0.6555 
        D647  4 0.2673 0.0360 0.6967 
        D648  4 0.2159 0.6245 0.1596 
        D649  4 0.3275 0.0704 0.6021 
        D650  4 0.2665 0.2840 0.4495 
        D708  4 0.1613 0.6981 0.1406 
        D709  4 0.2720 0.5879 0.1401 
        D738  4 0.3166 0.4387 0.2447 
        D739  4 0.6276 0.2231 0.1493 
        D740  4 0.3832 0.5277 0.0892 
        D741  4 0.2029 0.0259 0.7711 
        D742  4 0.1539 0.3712 0.4749 
        D743  4 0.0527 0.0838 0.8635 
        D744  4 0.0863 0.0695 0.8442 
        D745  4 0.7753 0.0474 0.1772 
        D814  4 0.2525 0.1109 0.6366 
        D815  4 0.1349 0.2426 0.6225 
        D828  4 0.1668 0.8020 0.0312 
        D845  4 0.0283 0.8048 0.1668 
        D846  4 0.1691 0.0558 0.7750 
        D847  4 0.3638 0.3233 0.3129 
        D848  4 0.8415 0.0739 0.0846 
        D849  4 0.7763 0.0384 0.1853 
        D850  4 0.2564 0.1427 0.6009 
        D856  4 0.6149 0.1859 0.1992 
        D857  4 0.9323 0.0492 0.0185 
        D859  4 0.1352 0.3168 0.5480 
        D860  4 0.0646 0.6100 0.3254 
        D883  4 0.3024 0.3603 0.3373 
        D884  4 0.4331 0.2310 0.3358 
        D885  4 0.1614 0.0986 0.7400 
        D886  4 0.5234 0.1163 0.3603 
        D887  4 0.2047 0.4748 0.3205 
        D889  4 0.0754 0.8672 0.0574 
        D890  4 0.2505 0.6157 0.1338 
        D891  4 0.0320 0.9224 0.0457 
        D899  4 0.0611 0.6756 0.2633 
        D900  4 0.2604 0.2707 0.4689 
        D970  4 0.1843 0.2713 0.5444 
        D971  4 0.1550 0.0597 0.7853 
        D979  4 0.0453 0.0804 0.8742 
        D093  5 0.1070 0.8039 0.0891 
        D154  5 0.1773 0.3785 0.4442 
        D168  5 0.3886 0.1326 0.4789 
        D189  5 0.0832 0.8180 0.0988 
        D190  5 0.0452 0.8557 0.0991 
     D237220  5 0.4616 0.3474 0.1910 
     D237221  5 0.0735 0.6867 0.2398 
     D237274  5 0.0621 0.0541 0.8837 
     D237275  5 0.3525 0.4287 0.2188 
     D237276  5 0.3406 0.3584 0.3009 
     D237277  5 0.0449 0.8482 0.1069 
     D237278  5 0.3510 0.4254 0.2237 
     D237279  5 0.8023 0.0368 0.1609 
     D237280  5 0.4874 0.2765 0.2362 
     D237281  5 0.1198 0.2263 0.6539 
     D237351  5 0.7232 0.1851 0.0917 
     D237352  5 0.4084 0.0879 0.5037 
     D237353  5 0.0314 0.9398 0.0289 
     D237359  5 0.3762 0.4162 0.2076 
     D237361  5 0.0486 0.9009 0.0504 
     D237362  5 0.1256 0.4291 0.4453 
     D237363  5 0.4389 0.2396 0.3215 
     D237364  5 0.4071 0.0944 0.4985 
     D237376  5 0.1280 0.8140 0.0580 
     D237377  5 0.3070 0.1664 0.5266 
     D237378  5 0.0679 0.8840 0.0481 
     D237379  5 0.1304 0.7316 0.1380 
     D237380  5 0.8489 0.1048 0.0463 
     D237381  5 0.6625 0.1666 0.1709 
     D237391  5 0.0744 0.8328 0.0928 
     D237392  5 0.1288 0.0686 0.8025 
     D237393  5 0.1502 0.4828 0.3669 
     D237394  5 0.0526 0.8669 0.0805 
     D237395  5 0.2795 0.6424 0.0781 
     D237396  5 0.1280 0.1166 0.7554 
     D244016  5 0.1179 0.6249 0.2572 
     D244018  5 0.1848 0.2835 0.5317 
     D244019  5 0.1237 0.3157 0.5607 
        D279  5 0.2101 0.3807 0.4091 
        D280  5 0.1572 0.7225 0.1203 
        D281  5 0.0665 0.7015 0.2319 
        D283  5 0.0614 0.6825 0.2561 
        D284  5 0.7050 0.1495 0.1455 
        D285  5 0.0688 0.8171 0.1142 
        D286  5 0.2160 0.5051 0.2789 
        D287  5 0.1823 0.7867 0.0310 
        D288  5 0.0684 0.7849 0.1466 
        D308  5 0.8458 0.0527 0.1015 
        D309  5 0.0892 0.0288 0.8820 
        D310  5 0.0624 0.9013 0.0363 
        D311  5 0.1633 0.4579 0.3788 
        D312  5 0.1593 0.6523 0.1884 
        D313  5 0.9614 0.0243 0.0143 
        D314  5 0.3744 0.4095 0.2161 
        D315  5 0.2080 0.6562 0.1358 
        D317  5 0.0477 0.8666 0.0857 
        D318  5 0.2460 0.2604 0.4936 
        D319  5 0.0782 0.8740 0.0478 
        D320  5 0.0724 0.8724 0.0552 
        D321  5 0.6794 0.2293 0.0913 
        D336  5 0.0841 0.8478 0.0682 
        D337  5 0.0191 0.9233 0.0576 
        D338  5 0.3218 0.2806 0.3976 
        D339  5 0.1025 0.8398 0.0577 
        D347  5 0.1200 0.5388 0.3412 
        D348  5 0.0421 0.8729 0.0850 
        D349  5 0.8162 0.1291 0.0547 
        D350  5 0.0771 0.0542 0.8687 
        D355  5 0.0628 0.2163 0.7209 
        D356  5 0.2001 0.6347 0.1652 
        D357  5 0.2551 0.6754 0.0695 
        D358  5 0.2587 0.5426 0.1987 
        D359  5 0.0658 0.5799 0.3543 
        D360  5 0.1831 0.7159 0.1010 
        D361  5 0.9362 0.0360 0.0278 
        D366  5 0.0300 0.0246 0.9454 
        D367  5 0.1386 0.8181 0.0433 
        D368  5 0.4418 0.4472 0.1110 
        D380  5 0.1580 0.0876 0.7545 
        D381  5 0.1158 0.7346 0.1495 
        D400  5 0.1248 0.5862 0.2890 
        D411  5 0.9396 0.0278 0.0326 
        D412  5 0.3656 0.4573 0.1771 
        D413  5 0.2269 0.0715 0.7016 
        D414  5 0.1457 0.1251 0.7292 
        D420  5 0.4354 0.4980 0.0666 
        D431  5 0.1963 0.7735 0.0302 
        D432  5 0.1661 0.7324 0.1015 
        D433  5 0.0661 0.8559 0.0780 
        D434  5 0.1446 0.6786 0.1768 
        D440  5 0.0981 0.0366 0.8653 
        D447  5 0.1950 0.0426 0.7624 
        D448  5 0.0434 0.8803 0.0764 
        D459  5 0.0325 0.1776 0.7899 
        D460  5 0.7403 0.1175 0.1422 
        D461  5 0.0413 0.0670 0.8917 
        D468  5 0.2048 0.4400 0.3552 
        D469  5 0.2739 0.2489 0.4772 
        D470  5 0.5186 0.2055 0.2759 
        D471  5 0.0367 0.8553 0.1080 
        D472  5 0.0341 0.0370 0.9289 
        D479  5 0.1911 0.0932 0.7157 
        D485  5 0.2986 0.5116 0.1898 
        D486  5 0.3948 0.2979 0.3073 
        D487  5 0.1113 0.7972 0.0914 
        D555  5 0.0368 0.9077 0.0554 
        D556  5 0.0875 0.8598 0.0526 
        D557  5 0.0320 0.8775 0.0906 
        D564  5 0.2466 0.6364 0.1170 
        D594  5 0.1965 0.2676 0.5359 
        D595  5 0.1303 0.6291 0.2406 
        D596  5 0.0421 0.9138 0.0441 
        D597  5 0.0661 0.4160 0.5180 
        D598  5 0.2920 0.5227 0.1853 
        D617  5 0.8627 0.0493 0.0880 
        D618  5 0.0879 0.7408 0.1713 
        D619  5 0.3302 0.3801 0.2897 
        D620  5 0.0529 0.0584 0.8887 
        D628  5 0.4599 0.2340 0.3061 
        D714  5 0.0666 0.8646 0.0688 
        D715  5 0.0377 0.8262 0.1360 
        D716  5 0.1453 0.5756 0.2791 
        D717  5 0.1872 0.3303 0.4825 
        D718  5 0.4797 0.4577 0.0626 
        D769  5 0.8656 0.0491 0.0854 
        D770  5 0.1452 0.5221 0.3327 
        D771  5 0.3570 0.4718 0.1712 
        D772  5 0.1171 0.6952 0.1877 
        D782  5 0.6251 0.0915 0.2834 
        D783  5 0.1294 0.3108 0.5598 
        D784  5 0.0698 0.1784 0.7517 
        D785  5 0.1180 0.7798 0.1022 
        D786  5 0.5330 0.0358 0.4312 
        D821  5 0.0202 0.9490 0.0307 
        D822  5 0.0586 0.2260 0.7154 
        D826  5 0.0691 0.7503 0.1806 
        D827  5 0.1045 0.0490 0.8464 
        D851  5 0.4175 0.3398 0.2427 
        D852  5 0.1428 0.7239 0.1332 
        D853  5 0.1450 0.7130 0.1419 
        D854  5 0.3022 0.2418 0.4560 
        D861  5 0.2229 0.5710 0.2060 
        D862  5 0.1160 0.4676 0.4164 
        D865  5 0.0770 0.8865 0.0365 
        D868  5 0.1221 0.2026 0.6753 
        D869  5 0.9054 0.0417 0.0529 
        D870  5 0.7957 0.0220 0.1823 
        D907  5 0.1268 0.8410 0.0322 
        D908  5 0.0919 0.8520 0.0561 
        D910  5 0.0465 0.7602 0.1933 
        D911  5 0.0496 0.3050 0.6454 
        D934  5 0.1516 0.6175 0.2309 
        D946  5 0.1881 0.7571 0.0547 
        D947  5 0.2374 0.4300 0.3327 
        D948  5 0.7374 0.1939 0.0687 
        D949  5 0.7892 0.1298 0.0810 
        D950  5 0.0585 0.3074 0.6340 
        D951  5 0.2278 0.1336 0.6386 
        D952  5 0.0734 0.3246 0.6021 
        D953  5 0.0634 0.8777 0.0588 
        D954  5 0.1305 0.4735 0.3960 
        D961  5 0.3411 0.5898 0.0691 
        D962  5 0.0578 0.8755 0.0668 
        D963  5 0.0672 0.4297 0.5031 
        D964  5 0.4018 0.4851 0.1131 
        D965  5 0.3148 0.2845 0.4007 
        D966  5 0.0601 0.5905 0.3494 
        D967  5 0.1824 0.7291 0.0885 
        D991  5 0.4124 0.3285 0.2591 
        D502  6 0.6881 0.1279 0.1839 
        D503  6 0.6552 0.2690 0.0758 
        D504  6 0.1835 0.2074 0.6091 
        D505  6 0.2143 0.5209 0.2648 
        D506  6 0.0712 0.8867 0.0421 
        D507  6 0.3474 0.2408 0.4118 
        D508  6 0.2248 0.4355 0.3398 
        D529  6 0.3875 0.4212 0.1913 
        D530  6 0.4461 0.4886 0.0653 
        D531  6 0.1966 0.3981 0.4053 
        D532  6 0.1437 0.3775 0.4788 
        D534  6 0.8353 0.0479 0.1169 
        D535  6 0.1820 0.5060 0.3120 
        D536  6 0.6083 0.0424 0.3493 
        D554  6 0.3627 0.5286 0.1087 
        D587  6 0.1253 0.7133 0.1615 
        D588  6 0.1534 0.4629 0.3837 
        D589  6 0.2820 0.6055 0.1125 
        D590  6 0.2379 0.1197 0.6424 
        D591  6 0.2446 0.6356 0.1198 
        D592  6 0.8714 0.0724 0.0562 
        D593  6 0.3334 0.5769 0.0897 
        D682  6 0.0859 0.8472 0.0670 
        D683  6 0.1934 0.3821 0.4245 
        D684  6 0.7185 0.0606 0.2209 
        D685  6 0.4711 0.4961 0.0328 
        D686  6 0.1840 0.7311 0.0849 
        D724  6 0.4379 0.2075 0.3546 
        D725  6 0.2365 0.4955 0.2681 
        D726  6 0.0686 0.8715 0.0599 
        D727  6 0.0991 0.1141 0.7868 
        D728  6 0.1762 0.6914 0.1324 
        D729  6 0.4085 0.0329 0.5586 
        D730  6 0.5429 0.1571 0.3000 
        D731  6 0.0328 0.9365 0.0306 
        D732  6 0.1706 0.1789 0.6505 
        D733  6 0.3661 0.3638 0.2700 
     D237251  7 0.1139 0.8167 0.0695 
     D237252  7 0.7514 0.1128 0.1358 
     D237253  7 0.1691 0.7016 0.1293 
     D237254  7 0.9439 0.0242 0.0318 
     D237255  7 0.1269 0.7789 0.0942 
     D237256  7 0.1634 0.2923 0.5442 
     D237257  7 0.7387 0.1228 0.1384 
     D237282  7 0.1350 0.0504 0.8146 
     D237283  7 0.9468 0.0305 0.0227 
     D237284  7 0.8967 0.0258 0.0775 
     D237285  7 0.2436 0.5965 0.1599 
     D237286  7 0.1484 0.4162 0.4354 
     D237287  7 0.1272 0.1472 0.7256 
     D244006  7 0.9290 0.0201 0.0510 
     D244007  7 0.1174 0.0699 0.8127 
     D244008  7 0.9238 0.0471 0.0291 
     D244009  7 0.6647 0.1540 0.1813 
     D244010  7 0.6601 0.2271 0.1127 
     D244011  7 0.2204 0.6761 0.1035 
     D244012  7 0.4478 0.2228 0.3294 
     D244013  7 0.1030 0.5528 0.3442 
     D244014  7 0.4980 0.3140 0.1880 
     D244015  7 0.5368 0.0430 0.4202 
     D244125  7 0.0827 0.6777 0.2396 
     D244126  7 0.9607 0.0200 0.0193 
     D244130  7 0.5501 0.2385 0.2114 
     D244131  7 0.1906 0.4427 0.3667 
     D244132  7 0.1202 0.5307 0.3491 
        D520  7 0.6089 0.3356 0.0555 
        D521  7 0.3388 0.2151 0.4461 
        D522  7 0.6408 0.0954 0.2638 
        D523  7 0.1380 0.7398 0.1222 
        D524  7 0.1967 0.6509 0.1524 
        D525  7 0.7037 0.2332 0.0631 
        D526  7 0.9093 0.0270 0.0637 
        D527  7 0.2256 0.4483 0.3260 
        D528  7 0.9657 0.0152 0.0191 
        D558  7 0.2388 0.0508 0.7104 
        D559  7 0.1676 0.0624 0.7700 
        D640  7 0.0839 0.6908 0.2253 
        D641  7 0.1945 0.7588 0.0466 
        D642  7 0.7319 0.1110 0.1570 
        D644  7 0.3647 0.4706 0.1646 
        D645  7 0.2846 0.4096 0.3057 
        D662  7 0.6306 0.1290 0.2404 
        D687  7 0.1939 0.5486 0.2575 
        D688  7 0.3407 0.0685 0.5908 
        D689  7 0.1080 0.7611 0.1308 
        D700  7 0.9422 0.0158 0.0420 
        D797  7 0.1684 0.5919 0.2397 
        D798  7 0.7345 0.0743 0.1912 
        D799  7 0.3563 0.5707 0.0730 
        D800  7 0.3444 0.0705 0.5851 
        D132  8 0.8900 0.0382 0.0718 
        D133  8 0.3743 0.0710 0.5547 
        D200  8 0.3544 0.5516 0.0940 
        D500  8 0.9371 0.0270 0.0359 
        D614  8 0.2452 0.6137 0.1411 
        D723  8 0.2096 0.0758 0.7146 
        D888  8 0.0601 0.8779 0.0620 
        D901  8 0.7865 0.1509 0.0626 
        D902  8 0.2012 0.6782 0.1206 
        D903  8 0.0764 0.1410 0.7826 
        D904  8 0.2534 0.1643 0.5824 
        D905  8 0.0242 0.9563 0.0196 
        D906  8 0.2575 0.1415 0.6010 
        D937  8 0.1042 0.8675 0.0284 
        D943  8 0.5734 0.1532 0.2734 
        D972  8 0.4653 0.0584 0.4762 
        D973  8 0.2294 0.0536 0.7169 
        D974  8 0.3958 0.2733 0.3308 
        D975  8 0.2954 0.6031 0.1015 
        D976  8 0.4074 0.4726 0.1201 
        D201  9 0.5035 0.2621 0.2344 
        D202  9 0.4017 0.5107 0.0876 
     D237259  9 0.3748 0.0330 0.5922 
     D237260  9 0.6241 0.3077 0.0682 
     D237262  9 0.9227 0.0491 0.0282 
     D237263  9 0.7074 0.1625 0.1301 
     D237264  9 0.4870 0.2297 0.2833 
     D237265  9 0.2625 0.6969 0.0405 
     D237266  9 0.4091 0.0946 0.4964 
     D237267  9 0.4817 0.4548 0.0635 
     D237268  9 0.6726 0.2231 0.1044 
     D237289  9 0.2602 0.6361 0.1037 
     D237290  9 0.3516 0.5301 0.1183 
     D237291  9 0.2985 0.5562 0.1453 
     D237292  9 0.7253 0.0821 0.1926 
     D237293  9 0.4931 0.3490 0.1579 
     D237294  9 0.7759 0.2017 0.0224 
     D237295  9 0.4068 0.3271 0.2661 
     D237296  9 0.3931 0.5217 0.0852 
     D237297  9 0.1307 0.6766 0.1927 
     D237298  9 0.2721 0.1705 0.5574 
     D237341  9 0.2509 0.4864 0.2627 
     D237342  9 0.7408 0.1586 0.1006 
     D237343  9 0.6524 0.1461 0.2016 
     D237344  9 0.1639 0.7386 0.0975 
     D237345  9 0.9296 0.0221 0.0483 
     D237346  9 0.3177 0.6086 0.0737 
     D237347  9 0.0778 0.8232 0.0990 
     D237348  9 0.4632 0.3311 0.2057 
     D237349  9 0.1681 0.0284 0.8034 
     D244109  9 0.5167 0.0371 0.4462 
     D244110  9 0.4168 0.2221 0.3611 
     D244111  9 0.3035 0.2607 0.4357 
     D244128  9 0.9095 0.0441 0.0465 
     D244137  9 0.1345 0.0510 0.8145 
     D244138  9 0.3533 0.5413 0.1053 
        D580  9 0.8792 0.0535 0.0674 
        D581  9 0.4799 0.3481 0.1720 
        D582  9 0.9245 0.0403 0.0353 
        D583  9 0.6560 0.1763 0.1678 
        D584  9 0.5070 0.4317 0.0612 
        D585  9 0.8017 0.1310 0.0673 
        D586  9 0.0543 0.9180 0.0278 
        D651  9 0.1119 0.1879 0.7002 
        D652  9 0.4113 0.0330 0.5557 
        D653  9 0.0850 0.2123 0.7027 
        D654  9 0.1392 0.0315 0.8293 
        D655  9 0.0816 0.8440 0.0745 
        D656  9 0.8713 0.0394 0.0893 
        D657  9 0.5393 0.1563 0.3044 
        D667  9 0.0596 0.8875 0.0529 
        D668  9 0.5069 0.3973 0.0958 
        D669  9 0.3673 0.4539 0.1788 
        D670  9 0.1095 0.0636 0.8268 
        D671  9 0.2798 0.2249 0.4953 
        D672  9 0.8765 0.0619 0.0617 
        D673  9 0.3710 0.5141 0.1150 
        D692  9 0.7465 0.0397 0.2138 
        D693  9 0.3678 0.4325 0.1997 
        D694  9 0.8857 0.0817 0.0326 
        D695  9 0.5454 0.2512 0.2034 
        D696  9 0.0472 0.9174 0.0354 
        D697  9 0.1446 0.6428 0.2127 
        D698  9 0.2509 0.5252 0.2239 
        D699  9 0.2541 0.7064 0.0394 
        D787  9 0.3948 0.0921 0.5131 
        D788  9 0.2906 0.5260 0.1834 
        D789  9 0.5544 0.3582 0.0874 
        D790  9 0.2919 0.2211 0.4870 
        D791  9 0.2102 0.6799 0.1099 
        D792  9 0.1932 0.0631 0.7437 
        D793  9 0.0627 0.7636 0.1737 
        D794  9 0.1659 0.3653 0.4687 
        D795  9 0.7688 0.2131 0.0181 
        D796  9 0.2270 0.7084 0.0646 
        D142 10 0.1871 0.5863 0.2267 
        D143 10 0.2103 0.1088 0.6809 
        D144 10 0.3776 0.3917 0.2307 
        D145 10 0.1615 0.7112 0.1273 
        D146 10 0.7458 0.0923 0.1619 
        D147 10 0.5652 0.1107 0.3241 
        D148 10 0.6576 0.1398 0.2026 
        D149 10 0.1503 0.2303 0.6194 
        D151 10 0.8089 0.0907 0.1004 
        D152 10 0.3002 0.3559 0.3439 
        D153 10 0.2500 0.2894 0.4606 
        D156 10 0.0606 0.0655 0.8739 
        D157 10 0.3103 0.6281 0.0616 
        D158 10 0.3632 0.5954 0.0414 
        D159 10 0.0943 0.0687 0.8370 
        D160 10 0.0203 0.9645 0.0152 
        D161 10 0.2118 0.2871 0.5011 
        D162 10 0.0670 0.2376 0.6954 
        D169 10 0.8748 0.0529 0.0723 
        D170 10 0.7972 0.1163 0.0865 
        D171 10 0.3372 0.3748 0.2880 
        D172 10 0.2879 0.1691 0.5430 
        D173 10 0.0432 0.0190 0.9379 
        D181 10 0.0799 0.6794 0.2407 
        D182 10 0.3240 0.1892 0.4869 
        D183 10 0.1307 0.8014 0.0679 
        D184 10 0.9253 0.0165 0.0583 
        D185 10 0.2688 0.1770 0.5542 
        D186 10 0.9333 0.0364 0.0304 
        D194 10 0.7344 0.0892 0.1764 
        D195 10 0.0927 0.5736 0.3337 
        D196 10 0.0637 0.2895 0.6468 
        D197 10 0.8658 0.0669 0.0673 
        D198 10 0.4541 0.2760 0.2699 
     D237226 10 0.4130 0.4303 0.1567 
     D237232 10 0.1328 0.8015 0.0657 
     D237233 10 0.2369 0.6629 0.1003 
     D237234 10 0.1695 0.6334 0.1971 
     D237354 10 0.0481 0.8648 0.0872 
     D237355 10 0.0798 0.8664 0.0538 
     D237356 10 0.2816 0.3687 0.3496 
     D237357 10 0.4366 0.0911 0.4723 
     D237358 10 0.4875 0.0509 0.4617 
     D237369 10 0.7962 0.0175 0.1863 
     D237370 10 0.1482 0.7198 0.1320 
     D237371 10 0.3607 0.1865 0.4528 
     D237372 10 0.5842 0.0604 0.3554 
     D237373 10 0.1138 0.8402 0.0460 
     D237374 10 0.0348 0.9328 0.0324 
     D237375 10 0.2277 0.1025 0.6698 
     D237400 10 0.1785 0.3309 0.4907 
     D244002 10 0.7445 0.0264 0.2291 
     D244003 10 0.0529 0.9251 0.0219 
     D244004 10 0.0495 0.9362 0.0142 
     D244005 10 0.4889 0.4225 0.0885 
     D244020 10 0.1611 0.5303 0.3085 
     D244021 10 0.4729 0.0808 0.4463 
     D244116 10 0.6891 0.1103 0.2006 
     D244117 10 0.0988 0.8016 0.0995 
     D244121 10 0.1982 0.7448 0.0570 
     D244123 10 0.1769 0.7462 0.0769 
     D244124 10 0.7246 0.1565 0.1189 
        D332 10 0.0768 0.0749 0.8483 
        D570 10 0.1006 0.7563 0.1431 
        D602 10 0.0548 0.0380 0.9073 
        D603 10 0.3571 0.5120 0.1310 
        D604 10 0.0635 0.1055 0.8310 
        D605 10 0.2472 0.2011 0.5517 
        D606 10 0.7699 0.1752 0.0549 
        D607 10 0.0579 0.0300 0.9121 
        D608 10 0.0448 0.0262 0.9291 
        D609 10 0.1107 0.7196 0.1697 
        D610 10 0.1795 0.6192 0.2013 
        D611 10 0.0320 0.9417 0.0263 
        D613 10 0.1067 0.3709 0.5225 
        D633 10 0.1786 0.0643 0.7571 
        D634 10 0.2922 0.5192 0.1886 
        D638 10 0.2081 0.4917 0.3002 
        D681 10 0.3943 0.3898 0.2158 
        D754 10 0.6269 0.3315 0.0416 
        D755 10 0.1084 0.8437 0.0479 
        D756 10 0.2575 0.6842 0.0582 
        D757 10 0.3457 0.3899 0.2645 
        D758 10 0.3504 0.3426 0.3070 
        D759 10 0.1078 0.7954 0.0968 
        D760 10 0.1523 0.5278 0.3199 
        D761 10 0.0399 0.9272 0.0329 
        D762 10 0.1172 0.0725 0.8103 
        D775 10 0.0602 0.9099 0.0299 
        D776 10 0.1091 0.8299 0.0610 
        D777 10 0.0993 0.8596 0.0411 
        D778 10 0.4930 0.4151 0.0919 
        D779 10 0.3172 0.5569 0.1259 
        D780 10 0.1440 0.4854 0.3706 
        D781 10 0.1184 0.0822 0.7994 
        D858 10 0.9357 0.0304 0.0339 
        D933 10 0.1182 0.5802 0.3016 
        D038 11 0.1866 0.7033 0.1101 
        D063 11 0.1476 0.6794 0.1730 
        D155 11 0.1184 0.7484 0.1332 
        D175 11 0.4704 0.4483 0.0812 
        D176 11 0.2755 0.5309 0.1936 
        D205 11 0.3738 0.5641 0.0621 
     D237229 11 0.4432 0.0598 0.4970 
     D237230 11 0.0797 0.0228 0.8975 
     D237231 11 0.0526 0.0430 0.9045 
     D237269 11 0.1831 0.2522 0.5648 
     D237270 11 0.8353 0.0667 0.0980 
     D237271 11 0.2252 0.5095 0.2653 
     D237272 11 0.2147 0.0355 0.7498 
     D237273 11 0.1549 0.7609 0.0843 
     D237301 11 0.0542 0.1065 0.8394 
     D237302 11 0.5759 0.1268 0.2973 
     D237303 11 0.6941 0.0335 0.2724 
     D237304 11 0.3174 0.2303 0.4523 
     D237305 11 0.8155 0.1267 0.0578 
     D237314 11 0.1751 0.6884 0.1365 
     D237315 11 0.7946 0.0985 0.1069 
     D237316 11 0.0549 0.1013 0.8438 
     D237328 11 0.4268 0.1378 0.4353 
     D237329 11 0.4192 0.2959 0.2849 
     D237330 11 0.0785 0.8433 0.0782 
     D237331 11 0.0950 0.8010 0.1040 
     D237332 11 0.2138 0.3788 0.4074 
     D237333 11 0.0395 0.8406 0.1199 
     D237334 11 0.0810 0.1048 0.8142 
     D237335 11 0.2942 0.3538 0.3520 
     D237336 11 0.1781 0.7284 0.0935 
     D237350 11 0.1323 0.4863 0.3814 
     D237383 11 0.4850 0.4481 0.0669 
     D237384 11 0.4129 0.2110 0.3761 
     D237385 11 0.3523 0.2508 0.3969 
     D237386 11 0.1252 0.1877 0.6871 
     D237387 11 0.2573 0.0886 0.6541 
     D237388 11 0.1024 0.7437 0.1539 
        D239 11 0.1057 0.7535 0.1408 
        D240 11 0.3753 0.5134 0.1113 
        D241 11 0.6746 0.1599 0.1655 
        D242 11 0.1931 0.1850 0.6219 
        D243 11 0.1456 0.7726 0.0818 
        D244 11 0.1709 0.7893 0.0398 
        D245 11 0.6315 0.0537 0.3148 
        D246 11 0.3221 0.4351 0.2428 
        D247 11 0.4920 0.2242 0.2838 
        D248 11 0.0660 0.1225 0.8115 
        D249 11 0.5480 0.3732 0.0788 
        D250 11 0.0511 0.2029 0.7460 
        D251 11 0.2175 0.6374 0.1451 
        D252 11 0.3863 0.1788 0.4349 
        D253 11 0.2167 0.7289 0.0544 
        D254 11 0.5678 0.0299 0.4023 
        D255 11 0.2044 0.4660 0.3297 
        D256 11 0.2002 0.6286 0.1713 
        D257 11 0.8166 0.0970 0.0864 
        D258 11 0.7481 0.0951 0.1569 
        D259 11 0.8542 0.0516 0.0942 
        D260 11 0.5254 0.2793 0.1953 
        D261 11 0.1739 0.4723 0.3538 
        D262 11 0.5220 0.2088 0.2691 
        D263 11 0.3376 0.4212 0.2412 
        D264 11 0.5822 0.0629 0.3549 
        D265 11 0.3774 0.2300 0.3926 
        D266 11 0.1169 0.4628 0.4204 
        D267 11 0.2896 0.4995 0.2110 
        D268 11 0.0521 0.7743 0.1737 
        D269 11 0.1239 0.2996 0.5765 
        D270 11 0.2036 0.1488 0.6476 
        D271 11 0.4639 0.4195 0.1166 
        D272 11 0.1977 0.3789 0.4235 
        D273 11 0.9293 0.0225 0.0482 
        D274 11 0.3126 0.4536 0.2338 
        D275 11 0.2139 0.3537 0.4324 
        D276 11 0.0767 0.5754 0.3479 
        D277 11 0.1932 0.3245 0.4823 
        D278 11 0.4519 0.4337 0.1144 
        D282 11 0.8725 0.0766 0.0509 
        D296 11 0.1074 0.5996 0.2930 
        D297 11 0.2241 0.4462 0.3297 
        D298 11 0.1657 0.4788 0.3555 
        D299 11 0.1374 0.6329 0.2297 
        D300 11 0.1989 0.6174 0.1837 
        D382 11 0.1478 0.5006 0.3516 
        D383 11 0.4181 0.5311 0.0508 
        D387 11 0.2160 0.6367 0.1473 
        D388 11 0.0724 0.0956 0.8320 
        D389 11 0.0982 0.4399 0.4619 
        D390 11 0.0550 0.1805 0.7645 
        D396 11 0.0842 0.1442 0.7716 
        D397 11 0.8449 0.0775 0.0776 
        D398 11 0.2845 0.6475 0.0680 
        D399 11 0.2151 0.0660 0.7189 
        D437 11 0.8466 0.0750 0.0784 
        D441 11 0.0574 0.7859 0.1568 
        D442 11 0.3032 0.3757 0.3210 
        D443 11 0.0405 0.9147 0.0448 
        D444 11 0.1250 0.2022 0.6727 
        D445 11 0.2765 0.0928 0.6306 
        D446 11 0.6513 0.0826 0.2661 
        D451 11 0.2764 0.3443 0.3793 
        D452 11 0.1711 0.2542 0.5747 
        D453 11 0.0702 0.0628 0.8671 
        D454 11 0.7849 0.1215 0.0936 
        D457 11 0.3619 0.4689 0.1692 
        D458 11 0.1007 0.5274 0.3719 
        D466 11 0.4004 0.0980 0.5016 
        D467 11 0.1828 0.7197 0.0975 
        D475 11 0.8992 0.0429 0.0578 
        D488 11 0.0960 0.1495 0.7545 
        D489 11 0.5399 0.1099 0.3502 
        D493 11 0.7470 0.0913 0.1616 
        D494 11 0.1372 0.1679 0.6950 
        D495 11 0.6613 0.1280 0.2107 
        D496 11 0.0421 0.8125 0.1454 
        D674 11 0.1719 0.7242 0.1039 
        D675 11 0.0383 0.8128 0.1489 
        D676 11 0.5148 0.2580 0.2272 
        D680 11 0.1357 0.8365 0.0279 
        D701 11 0.3702 0.2860 0.3438 
        D702 11 0.5649 0.0806 0.3546 
        D703 11 0.2921 0.3710 0.3370 
        D704 11 0.2850 0.4966 0.2184 
        D705 11 0.3343 0.0174 0.6483 
        D706 11 0.5333 0.3362 0.1304 
        D707 11 0.2900 0.1744 0.5357 
        D751 11 0.2416 0.3067 0.4517 
        D752 11 0.1576 0.6184 0.2240 
        D753 11 0.1082 0.0387 0.8531 
        D773 11 0.9616 0.0172 0.0212 
        D774 11 0.2477 0.2709 0.4814 
        D801 11 0.1588 0.5435 0.2977 
        D802 11 0.3268 0.0858 0.5874 
        D803 11 0.0879 0.8728 0.0393 
        D804 11 0.2752 0.2457 0.4791 
        D805 11 0.3401 0.4203 0.2396 
        D806 11 0.8874 0.0368 0.0758 
        D809 11 0.1849 0.5368 0.2783 
        D810 11 0.0524 0.8027 0.1450 
        D812 11 0.4667 0.1859 0.3474 
        D813 11 0.1473 0.6785 0.1742 
        D823 11 0.1839 0.4985 0.3175 
        D824 11 0.2464 0.5076 0.2459 
        D829 11 0.0976 0.1386 0.7638 
        D830 11 0.3913 0.0591 0.5496 
        D831 11 0.3045 0.4186 0.2770 
        D832 11 0.4802 0.3711 0.1488 
        D833 11 0.0936 0.4783 0.4281 
        D834 11 0.1078 0.3878 0.5043 
        D835 11 0.7011 0.2153 0.0836 
        D855 11 0.2251 0.4645 0.3104 
        D863 11 0.0408 0.9287 0.0305 
        D864 11 0.2143 0.6474 0.1383 
        D878 11 0.1092 0.6531 0.2376 
        D879 11 0.7903 0.0765 0.1332 
        D880 11 0.0392 0.2296 0.7312 
        D881 11 0.0387 0.9348 0.0264 
        D882 11 0.1238 0.2510 0.6252 
        D909 11 0.1326 0.3005 0.5669 
        D921 11 0.1443 0.6286 0.2271 
        D924 11 0.0799 0.5748 0.3452 
        D935 11 0.1789 0.1355 0.6856 
        D940 11 0.0495 0.9163 0.0341 
        D941 11 0.0994 0.6123 0.2883 
        D942 11 0.9075 0.0340 0.0585 
        D980 11 0.2348 0.1482 0.6169 
        D981 11 0.7385 0.1242 0.1373 
        D982 11 0.1198 0.0580 0.8222 
        D983 11 0.0907 0.6398 0.2695 
        D984 11 0.0781 0.2641 0.6578 
        D992 11 0.7033 0.0659 0.2308 
        D993 11 0.1972 0.5683 0.2345 
        D994 11 0.3049 0.5441 0.1509 
        D995 11 0.7452 0.1878 0.0670 
        H354 11 0.5314 0.0472 0.4215 
        D005 12 0.5837 0.0725 0.3438 
        D035 12 0.2354 0.6657 0.0988 
        D067 12 0.1127 0.4634 0.4239 
        D134 12 0.2903 0.5940 0.1157 
        D135 12 0.4233 0.3349 0.2419 
        D136 12 0.1298 0.0321 0.8380 
        D137 12 0.1867 0.0803 0.7330 
        D138 12 0.2238 0.4558 0.3203 
        D139 12 0.0844 0.2383 0.6772 
        D140 12 0.3313 0.4493 0.2194 
        D141 12 0.9442 0.0219 0.0338 
        D150 12 0.8625 0.0956 0.0419 
        D177 12 0.2000 0.3906 0.4094 
        D178 12 0.0345 0.0189 0.9466 
        D179 12 0.2891 0.0455 0.6654 
        D180 12 0.1487 0.0482 0.8032 
        D187 12 0.1745 0.7168 0.1087 
        D188 12 0.9507 0.0240 0.0253 
        D191 12 0.9043 0.0610 0.0346 
        D418 12 0.8960 0.0356 0.0683 
        D601 12 0.6908 0.0531 0.2561 
        D836 12 0.8167 0.0710 0.1123 
        D837 12 0.2591 0.2989 0.4420 
        D838 12 0.0345 0.8948 0.0706 
        D839 12 0.2325 0.2317 0.5358 
        D840 12 0.1079 0.4763 0.4159 
        D841 12 0.3234 0.5377 0.1389 
        D842 12 0.9602 0.0225 0.0173 
        D843 12 0.1474 0.6185 0.2341 
        D844 12 0.7994 0.0839 0.1168 
        D912 12 0.0767 0.3623 0.5611 
        D913 12 0.1531 0.1722 0.6748 
