        D174  1 0.0916 0.0879 0.5043 0.0377 0.0767 0.0242 0.1512 0.0265 
        D199  1 0.0426 0.1428 0.1809 0.1999 0.2342 0.0404 0.0595 0.0996 
        D203  1 0.0774 0.1359 0.0657 0.1836 0.2123 0.0536 0.1703 0.1012 
        D204  1 0.0294 0.0370 0.0226 0.0555 0.7390 0.0769 0.0214 0.0182 
     D237366  1 0.1221 0.1201 0.0559 0.0562 0.0578 0.1402 0.3840 0.0637 
     D237367  1 0.0910 0.1317 0.0386 0.0905 0.3502 0.0650 0.1952 0.0378 
     D237368  1 0.3362 0.1428 0.1186 0.0742 0.1336 0.0440 0.1171 0.0334 
     D244101  1 0.0362 0.0917 0.0264 0.0961 0.1920 0.4395 0.0227 0.0954 
     D244102  1 0.1121 0.1257 0.0740 0.0750 0.1032 0.2234 0.1942 0.0924 
     D244103  1 0.0633 0.3145 0.0547 0.0417 0.1558 0.0618 0.2713 0.0370 
     D244104  1 0.0521 0.0414 0.0880 0.0417 0.6754 0.0227 0.0294 0.0491 
     D244105  1 0.2400 0.1811 0.0179 0.0237 0.1135 0.0301 0.3451 0.0486 
     D244106  1 0.0369 0.0788 0.5412 0.0976 0.0631 0.0371 0.0883 0.0569 
     D244107  1 0.4125 0.1377 0.0195 0.1361 0.0915 0.0913 0.0868 0.0245 
     D244108  1 0.2467 0.0735 0.4251 0.0425 0.0830 0.0446 0.0444 0.0402 
     D244113  1 0.0363 0.0522 0.5636 0.0612 0.0204 0.1784 0.0646 0.0233 
     D244114  1 0.0387 0.3613 0.1115 0.0680 0.0717 0.0568 0.1540 0.1380 
     D244115  1 0.1989 0.1530 0.3248 0.0282 0.1642 0.0310 0.0570 0.0429 
     D267365  1 0.0445 0.0744 0.2271 0.0355 0.3733 0.0540 0.0400 0.1512 
        D404  1 0.0426 0.0572 0.4744 0.0463 0.0262 0.1884 0.1423 0.0227 
        D405  1 0.0782 0.1252 0.1282 0.1589 0.1332 0.1391 0.1683 0.0689 
        D406  1 0.5866 0.0331 0.0439 0.0174 0.0628 0.0409 0.1942 0.0212 
        D407  1 0.0313 0.1242 0.0333 0.1118 0.5132 0.0218 0.1437 0.0208 
        D408  1 0.0547 0.0903 0.4681 0.0296 0.0616 0.0438 0.0421 0.2098 
        D409  1 0.0550 0.4937 0.0582 0.0870 0.1125 0.0421 0.0794 0.0720 
        D410  1 0.7630 0.0414 0.0357 0.0159 0.0662 0.0339 0.0251 0.0188 
        D421  1 0.0131 0.0162 0.0244 0.0379 0.8605 0.0126 0.0195 0.0157 
        D422  1 0.4438 0.0589 0.0137 0.0332 0.0843 0.0183 0.3195 0.0283 
        D423  1 0.7140 0.0457 0.0171 0.0744 0.0618 0.0219 0.0479 0.0172 
        D424  1 0.0404 0.1692 0.0471 0.0248 0.5969 0.0208 0.0814 0.0194 
        D425  1 0.0608 0.1786 0.1387 0.0370 0.4497 0.0408 0.0437 0.0506 
        D426  1 0.0293 0.5433 0.0354 0.0503 0.0862 0.0228 0.0845 0.1482 
        D427  1 0.0251 0.0387 0.1598 0.4304 0.2662 0.0184 0.0201 0.0414 
        D428  1 0.0666 0.1569 0.2295 0.0558 0.2907 0.1012 0.0573 0.0419 
        D429  1 0.0504 0.0700 0.2572 0.0452 0.3652 0.0397 0.1057 0.0666 
        D430  1 0.0395 0.1870 0.1706 0.0984 0.0895 0.0423 0.1844 0.1883 
        D491  1 0.0644 0.0465 0.6682 0.0157 0.0988 0.0280 0.0331 0.0454 
        D492  1 0.1098 0.2168 0.1754 0.1190 0.1998 0.0665 0.0770 0.0358 
        D537  1 0.0784 0.0796 0.0341 0.0350 0.6304 0.0656 0.0602 0.0166 
        D538  1 0.1880 0.2264 0.1314 0.1042 0.0685 0.0690 0.1692 0.0433 
        D539  1 0.0953 0.0767 0.1446 0.0440 0.0415 0.0970 0.1800 0.3210 
        D540  1 0.0655 0.2322 0.0639 0.0400 0.3574 0.0327 0.1437 0.0646 
        D541  1 0.0233 0.0239 0.0176 0.0203 0.8571 0.0186 0.0192 0.0199 
        D551  1 0.0368 0.4149 0.0385 0.1437 0.0695 0.0230 0.1026 0.1710 
        D552  1 0.3282 0.0855 0.2132 0.0297 0.1634 0.0532 0.0502 0.0767 
        D553  1 0.0171 0.0168 0.0219 0.0155 0.8723 0.0142 0.0187 0.0234 
        D615  1 0.1200 0.1087 0.0690 0.0648 0.4095 0.0298 0.1109 0.0871 
        D616  1 0.1463 0.1698 0.0672 0.1163 0.2999 0.0236 0.0905 0.0864 
        D621  1 0.4981 0.0460 0.0669 0.0229 0.0217 0.2493 0.0655 0.0297 
        D622  1 0.5681 0.0642 0.0443 0.0276 0.0425 0.0492 0.1572 0.0469 
        D623  1 0.0486 0.0628 0.3039 0.1903 0.0276 0.2931 0.0368 0.0370 
        D624  1 0.0232 0.0446 0.8147 0.0158 0.0304 0.0123 0.0341 0.0249 
        D625  1 0.0846 0.0841 0.0838 0.0235 0.5731 0.0490 0.0636 0.0384 
        D626  1 0.2165 0.0830 0.2667 0.0457 0.1080 0.0430 0.1141 0.1229 
        D627  1 0.0282 0.4719 0.0359 0.0434 0.0930 0.0227 0.0866 0.2182 
        D690  1 0.0758 0.0272 0.0676 0.0135 0.7458 0.0226 0.0266 0.0211 
        D691  1 0.3609 0.0660 0.0467 0.0250 0.0682 0.0246 0.3723 0.0364 
        D710  1 0.1362 0.1783 0.1513 0.0468 0.2615 0.1320 0.0460 0.0480 
        D711  1 0.0405 0.0393 0.0393 0.0328 0.7181 0.0494 0.0558 0.0248 
        D712  1 0.0467 0.0564 0.6048 0.0507 0.0345 0.0512 0.0685 0.0871 
        D713  1 0.0642 0.1399 0.2326 0.0286 0.1459 0.2797 0.0796 0.0296 
        D746  1 0.5191 0.0293 0.0233 0.0309 0.0689 0.0227 0.2756 0.0302 
        D747  1 0.0167 0.0195 0.0185 0.0257 0.8544 0.0278 0.0158 0.0216 
        D748  1 0.1646 0.0951 0.0466 0.0222 0.2353 0.0569 0.3444 0.0349 
        D749  1 0.3123 0.2463 0.1276 0.0503 0.0340 0.0893 0.0981 0.0421 
        D750  1 0.0897 0.0336 0.6310 0.0276 0.1177 0.0389 0.0312 0.0302 
        D763  1 0.0845 0.1715 0.0240 0.0999 0.1089 0.1870 0.0803 0.2438 
        D764  1 0.1169 0.0575 0.2505 0.0203 0.4748 0.0182 0.0352 0.0266 
        D765  1 0.4288 0.1067 0.1642 0.0252 0.0589 0.0227 0.1433 0.0501 
        D766  1 0.5342 0.0777 0.0525 0.0283 0.0912 0.0991 0.0924 0.0246 
        D767  1 0.1090 0.1045 0.0447 0.1140 0.1287 0.2558 0.2043 0.0390 
        D768  1 0.0187 0.0274 0.0142 0.0171 0.8674 0.0146 0.0243 0.0163 
        D811  1 0.1473 0.1189 0.3194 0.0355 0.0439 0.0795 0.1948 0.0606 
        D816  1 0.0186 0.0263 0.0356 0.0171 0.8445 0.0209 0.0161 0.0209 
        D825  1 0.2762 0.0960 0.2646 0.0273 0.1556 0.0413 0.0988 0.0402 
        D866  1 0.0637 0.0821 0.1854 0.1201 0.0453 0.0221 0.0399 0.4415 
        D867  1 0.3927 0.0770 0.0315 0.0494 0.0281 0.1169 0.2823 0.0221 
        D871  1 0.0371 0.5155 0.0553 0.0417 0.0791 0.0357 0.1177 0.1180 
        D872  1 0.2638 0.1142 0.0599 0.0628 0.2937 0.0660 0.1106 0.0290 
        D873  1 0.8391 0.0235 0.0229 0.0230 0.0094 0.0448 0.0279 0.0094 
        D874  1 0.0197 0.0460 0.1103 0.0263 0.0505 0.6733 0.0305 0.0435 
        D875  1 0.1011 0.5869 0.0228 0.0343 0.0384 0.0258 0.1617 0.0290 
        D876  1 0.0938 0.0676 0.1219 0.0294 0.4683 0.1040 0.0532 0.0619 
        D877  1 0.0237 0.1444 0.3435 0.0491 0.0412 0.1970 0.1769 0.0241 
        D892  1 0.0770 0.1430 0.1880 0.0241 0.2639 0.0549 0.2198 0.0293 
        D893  1 0.0454 0.0735 0.0218 0.0365 0.6438 0.0521 0.0564 0.0705 
        D894  1 0.0357 0.1174 0.0687 0.0422 0.5572 0.0332 0.0962 0.0493 
        D915  1 0.1406 0.0815 0.0620 0.0283 0.5159 0.0296 0.1060 0.0359 
        D916  1 0.0200 0.0209 0.0211 0.0135 0.8687 0.0159 0.0249 0.0150 
        D917  1 0.0422 0.1603 0.3274 0.0911 0.1393 0.1210 0.0349 0.0838 
        D925  1 0.5768 0.0450 0.0895 0.0284 0.1771 0.0200 0.0313 0.0320 
        D926  1 0.0678 0.1586 0.1003 0.0204 0.4705 0.0622 0.0644 0.0559 
        D927  1 0.0360 0.1350 0.0676 0.2700 0.2524 0.0664 0.0694 0.1031 
        D928  1 0.0223 0.0207 0.8073 0.0170 0.0773 0.0202 0.0188 0.0164 
        D929  1 0.0438 0.0417 0.0478 0.0237 0.0311 0.5251 0.2597 0.0271 
        D936  1 0.0332 0.0583 0.0393 0.0560 0.5356 0.1655 0.0346 0.0774 
        D938  1 0.6721 0.0295 0.0240 0.0189 0.0300 0.0378 0.1655 0.0221 
        D956  1 0.0349 0.0714 0.6166 0.0488 0.0367 0.0341 0.1153 0.0422 
        D957  1 0.4718 0.0732 0.0573 0.0529 0.1525 0.0767 0.0801 0.0356 
        D958  1 0.3546 0.1002 0.1424 0.0288 0.2002 0.0919 0.0594 0.0227 
        D959  1 0.0371 0.1160 0.0342 0.0632 0.5326 0.0163 0.1837 0.0169 
        D960  1 0.6012 0.0373 0.0634 0.0214 0.0344 0.0457 0.1741 0.0226 
        D989  1 0.0233 0.0686 0.5822 0.1002 0.0501 0.0337 0.0367 0.1053 
        D990  1 0.6648 0.0838 0.0484 0.0386 0.0206 0.0222 0.0289 0.0926 
        D023  2 0.5268 0.0710 0.0292 0.0273 0.1029 0.0264 0.1960 0.0203 
        D130  2 0.3301 0.0510 0.0184 0.0429 0.0792 0.0305 0.4273 0.0206 
        D131  2 0.0751 0.3219 0.0457 0.0580 0.2387 0.0588 0.0664 0.1354 
        D163  2 0.4162 0.0821 0.0464 0.0170 0.1055 0.0351 0.2580 0.0396 
        D164  2 0.4342 0.0166 0.0121 0.4772 0.0130 0.0161 0.0167 0.0143 
        D165  2 0.4971 0.0785 0.0293 0.0399 0.0477 0.0375 0.2328 0.0372 
        D166  2 0.0551 0.2209 0.0226 0.0632 0.0587 0.1534 0.3597 0.0664 
        D167  2 0.0156 0.0220 0.0302 0.8651 0.0144 0.0160 0.0179 0.0187 
        D192  2 0.0160 0.0192 0.0205 0.8724 0.0118 0.0202 0.0151 0.0248 
        D193  2 0.0690 0.1243 0.3463 0.0527 0.0336 0.1918 0.1199 0.0626 
        D206  2 0.0764 0.2169 0.0364 0.3015 0.1959 0.0650 0.0771 0.0309 
        D207  2 0.0219 0.1286 0.0244 0.6242 0.0367 0.0319 0.0681 0.0642 
        D208  2 0.0574 0.0850 0.2228 0.1063 0.0541 0.0622 0.0879 0.3243 
        D209  2 0.0551 0.1704 0.0365 0.4700 0.0496 0.1390 0.0339 0.0457 
        D210  2 0.0307 0.0533 0.4414 0.1133 0.0736 0.0299 0.0427 0.2151 
     D229599  2 0.0849 0.1634 0.0688 0.0525 0.2227 0.1725 0.0433 0.1919 
     D229600  2 0.1991 0.0735 0.0227 0.3928 0.0410 0.0321 0.2133 0.0255 
     D237227  2 0.1593 0.0771 0.4283 0.0820 0.0535 0.0329 0.0348 0.1321 
     D237228  2 0.3989 0.1423 0.2357 0.0583 0.0177 0.0239 0.0434 0.0797 
     D237258  2 0.1115 0.1551 0.0709 0.2407 0.0880 0.1236 0.0895 0.1207 
     D237310  2 0.3920 0.1025 0.0611 0.1067 0.0178 0.0565 0.2324 0.0311 
     D237311  2 0.4767 0.0559 0.0391 0.2333 0.0191 0.0331 0.1080 0.0348 
     D237312  2 0.1464 0.0787 0.0689 0.0302 0.0260 0.1515 0.4616 0.0367 
     D237313  2 0.2119 0.1269 0.1040 0.0278 0.2253 0.0949 0.0594 0.1499 
     D237322  2 0.0800 0.1728 0.0778 0.0635 0.0304 0.1164 0.1014 0.3577 
     D237323  2 0.4849 0.0629 0.1725 0.0400 0.0174 0.0385 0.1023 0.0814 
     D237324  2 0.1499 0.3484 0.0185 0.2275 0.0603 0.0383 0.0824 0.0749 
     D237325  2 0.2911 0.0942 0.1091 0.0855 0.0371 0.1087 0.2323 0.0419 
     D237326  2 0.6150 0.0724 0.0863 0.0486 0.0699 0.0413 0.0360 0.0304 
     D237327  2 0.0382 0.1684 0.0370 0.1644 0.0623 0.0688 0.1066 0.3543 
     D237337  2 0.7069 0.0567 0.0566 0.0229 0.0327 0.0328 0.0656 0.0259 
     D237338  2 0.2231 0.1557 0.1204 0.0969 0.0578 0.1161 0.1320 0.0981 
     D237339  2 0.0308 0.0896 0.0203 0.2115 0.0333 0.5385 0.0297 0.0464 
     D237340  2 0.2161 0.0926 0.1659 0.2519 0.0241 0.0728 0.1359 0.0406 
     D237389  2 0.4078 0.0997 0.0403 0.1654 0.0250 0.0559 0.1817 0.0244 
     D237390  2 0.2383 0.0769 0.1035 0.0367 0.0412 0.1187 0.3270 0.0577 
     D244017  2 0.0367 0.1257 0.2380 0.4450 0.0297 0.0298 0.0507 0.0444 
     D244112  2 0.0237 0.0246 0.0193 0.8289 0.0149 0.0202 0.0512 0.0172 
     D244118  2 0.1449 0.0383 0.0228 0.6614 0.0126 0.0387 0.0579 0.0235 
     D244119  2 0.0284 0.0257 0.5834 0.2867 0.0184 0.0129 0.0193 0.0252 
     D244120  2 0.0236 0.0537 0.0605 0.5142 0.0127 0.1071 0.1357 0.0926 
     D244122  2 0.0388 0.0452 0.0444 0.6996 0.0289 0.0387 0.0693 0.0351 
        D291  2 0.0401 0.1815 0.0208 0.0709 0.0796 0.0214 0.0689 0.5168 
        D292  2 0.0506 0.0633 0.0615 0.3444 0.2270 0.0452 0.0308 0.1771 
        D293  2 0.0142 0.0838 0.0190 0.6325 0.1129 0.0886 0.0221 0.0268 
        D322  2 0.0584 0.1207 0.0220 0.5214 0.0931 0.1175 0.0373 0.0296 
        D323  2 0.0622 0.2524 0.0580 0.1893 0.0966 0.1732 0.0725 0.0958 
        D324  2 0.0955 0.2094 0.0674 0.0509 0.1552 0.0324 0.0592 0.3299 
        D325  2 0.0147 0.0467 0.0117 0.7885 0.0469 0.0270 0.0243 0.0403 
        D326  2 0.0129 0.0262 0.0267 0.0170 0.8552 0.0192 0.0159 0.0269 
        D340  2 0.0208 0.0217 0.0245 0.8358 0.0311 0.0217 0.0166 0.0277 
        D341  2 0.0375 0.0466 0.0372 0.5889 0.0505 0.0404 0.0980 0.1008 
        D342  2 0.1255 0.1348 0.0225 0.5100 0.0273 0.0259 0.0816 0.0724 
        D343  2 0.0114 0.0209 0.0101 0.8930 0.0214 0.0138 0.0126 0.0168 
        D344  2 0.0509 0.1061 0.0371 0.0452 0.1296 0.5451 0.0533 0.0328 
        D345  2 0.2936 0.1339 0.0446 0.0447 0.1769 0.1964 0.0258 0.0842 
        D346  2 0.0405 0.0806 0.5442 0.0831 0.0589 0.0643 0.0504 0.0780 
        D351  2 0.0593 0.2183 0.0274 0.0738 0.2793 0.0852 0.0899 0.1668 
        D352  2 0.0314 0.0961 0.0538 0.0332 0.0253 0.6946 0.0294 0.0362 
        D353  2 0.0235 0.4672 0.0215 0.0295 0.2615 0.1408 0.0208 0.0353 
        D354  2 0.0575 0.0452 0.0701 0.0168 0.0641 0.7006 0.0213 0.0244 
        D362  2 0.0448 0.0439 0.0463 0.0432 0.7429 0.0220 0.0315 0.0254 
        D363  2 0.0297 0.0347 0.0568 0.0274 0.7804 0.0247 0.0219 0.0245 
        D364  2 0.0713 0.0685 0.0571 0.0314 0.3671 0.3523 0.0270 0.0252 
        D365  2 0.0161 0.0183 0.0218 0.8674 0.0235 0.0242 0.0123 0.0163 
        D369  2 0.1006 0.1068 0.1879 0.2169 0.2016 0.0283 0.0524 0.1055 
        D374  2 0.0388 0.0364 0.7565 0.0196 0.0225 0.0748 0.0319 0.0195 
        D375  2 0.0193 0.0257 0.0168 0.0145 0.0184 0.8676 0.0236 0.0142 
        D376  2 0.0482 0.0696 0.6666 0.0272 0.0192 0.1103 0.0279 0.0309 
        D377  2 0.2266 0.1489 0.1166 0.0785 0.0420 0.1285 0.1596 0.0993 
        D378  2 0.0573 0.1626 0.0279 0.2562 0.1835 0.2041 0.0393 0.0690 
        D379  2 0.0291 0.0548 0.0325 0.0209 0.7408 0.0502 0.0412 0.0306 
        D384  2 0.0161 0.0224 0.0399 0.0175 0.8549 0.0147 0.0120 0.0225 
        D385  2 0.0185 0.0346 0.0368 0.6727 0.0197 0.1736 0.0221 0.0220 
        D386  2 0.0778 0.1392 0.0283 0.0494 0.1573 0.4711 0.0415 0.0354 
        D391  2 0.0255 0.0324 0.0187 0.7438 0.0321 0.0979 0.0223 0.0273 
        D392  2 0.1055 0.0524 0.0570 0.6018 0.0797 0.0270 0.0452 0.0316 
        D393  2 0.0479 0.0730 0.0248 0.0863 0.3144 0.1659 0.0529 0.2348 
        D394  2 0.2104 0.1589 0.0585 0.1308 0.1058 0.1531 0.1234 0.0592 
        D395  2 0.0200 0.1050 0.0213 0.2585 0.0211 0.5145 0.0281 0.0315 
        D401  2 0.7356 0.0486 0.0702 0.0472 0.0226 0.0167 0.0367 0.0224 
        D402  2 0.0195 0.0295 0.0194 0.7580 0.0213 0.0703 0.0212 0.0610 
        D403  2 0.0531 0.3368 0.0305 0.0294 0.2482 0.1550 0.0991 0.0480 
        D415  2 0.0765 0.2217 0.0182 0.0354 0.5403 0.0324 0.0541 0.0215 
        D435  2 0.0365 0.0596 0.0186 0.1740 0.5688 0.0496 0.0376 0.0553 
        D436  2 0.0337 0.0691 0.0587 0.0342 0.1398 0.5456 0.0898 0.0291 
        D438  2 0.0169 0.0255 0.0304 0.8534 0.0150 0.0179 0.0196 0.0212 
        D439  2 0.0636 0.1616 0.0170 0.0656 0.0891 0.5409 0.0265 0.0356 
        D449  2 0.0294 0.2283 0.0265 0.5265 0.1027 0.0244 0.0362 0.0259 
        D450  2 0.0610 0.1780 0.1629 0.0241 0.1342 0.2595 0.1003 0.0800 
        D456  2 0.0118 0.0305 0.0209 0.0127 0.8577 0.0155 0.0213 0.0297 
        D462  2 0.0137 0.0362 0.0145 0.7748 0.0384 0.0837 0.0160 0.0228 
        D463  2 0.0171 0.0267 0.0319 0.0109 0.8453 0.0308 0.0178 0.0196 
        D464  2 0.0247 0.3156 0.0344 0.0754 0.0723 0.3948 0.0447 0.0380 
        D465  2 0.0581 0.0763 0.0286 0.5294 0.1814 0.0304 0.0687 0.0271 
        D473  2 0.1284 0.0782 0.4774 0.0480 0.0260 0.1221 0.0555 0.0643 
        D474  2 0.0604 0.0451 0.0469 0.0562 0.5664 0.0346 0.0284 0.1620 
        D476  2 0.1601 0.0703 0.0139 0.0638 0.0322 0.4618 0.1663 0.0316 
        D477  2 0.1016 0.0913 0.0560 0.0315 0.3201 0.2222 0.0379 0.1393 
        D478  2 0.0796 0.2738 0.1601 0.0920 0.0594 0.1363 0.1374 0.0614 
        D480  2 0.0283 0.1444 0.0901 0.0825 0.2013 0.2057 0.0582 0.1894 
        D481  2 0.1048 0.1095 0.0964 0.0894 0.3033 0.1888 0.0351 0.0727 
        D482  2 0.0817 0.0893 0.0712 0.0341 0.0254 0.3527 0.0497 0.2960 
        D483  2 0.0218 0.0266 0.0477 0.8292 0.0189 0.0171 0.0147 0.0239 
        D484  2 0.0151 0.0179 0.0243 0.0202 0.0111 0.8625 0.0284 0.0205 
        D510  2 0.0320 0.0509 0.6701 0.0298 0.0284 0.0349 0.0493 0.1046 
        D511  2 0.0445 0.0731 0.0262 0.0747 0.1117 0.5777 0.0342 0.0579 
        D512  2 0.3699 0.1436 0.0221 0.2350 0.0266 0.0452 0.1241 0.0335 
        D513  2 0.0439 0.1019 0.0645 0.5296 0.0730 0.0443 0.0506 0.0923 
        D635  2 0.1943 0.1368 0.0434 0.0449 0.4453 0.0251 0.0704 0.0398 
        D636  2 0.6659 0.0373 0.0216 0.0278 0.0315 0.0166 0.1807 0.0185 
        D637  2 0.0456 0.1007 0.0800 0.1662 0.0294 0.3528 0.1395 0.0856 
        D658  2 0.0465 0.0560 0.0972 0.4271 0.0244 0.2540 0.0687 0.0261 
        D659  2 0.0311 0.0566 0.0370 0.0261 0.6804 0.0478 0.0531 0.0679 
        D677  2 0.1029 0.0817 0.0199 0.0548 0.3619 0.0534 0.2431 0.0824 
        D678  2 0.0515 0.0917 0.0225 0.6967 0.0245 0.0290 0.0425 0.0415 
        D679  2 0.0529 0.1479 0.0578 0.0672 0.3987 0.0530 0.0543 0.1683 
        D719  2 0.0301 0.0701 0.3898 0.1828 0.1541 0.0594 0.0171 0.0967 
        D720  2 0.0439 0.0569 0.0877 0.0327 0.6909 0.0237 0.0290 0.0354 
        D721  2 0.4002 0.1006 0.0422 0.1006 0.0846 0.0478 0.1771 0.0469 
        D722  2 0.0825 0.1012 0.5423 0.0680 0.0323 0.0871 0.0384 0.0482 
        D734  2 0.0167 0.0559 0.1776 0.0676 0.0286 0.5732 0.0218 0.0587 
        D735  2 0.1650 0.2055 0.0936 0.0795 0.2062 0.0690 0.0474 0.1336 
        D736  2 0.0558 0.0809 0.3504 0.0736 0.0629 0.0667 0.0450 0.2647 
        D737  2 0.0551 0.0464 0.0402 0.5415 0.0260 0.1575 0.0370 0.0963 
        D807  2 0.0777 0.0760 0.2225 0.0902 0.1886 0.1074 0.0950 0.1427 
        D808  2 0.2280 0.2150 0.0430 0.1228 0.0934 0.0593 0.1548 0.0839 
        D817  2 0.0586 0.1264 0.0534 0.0326 0.4804 0.1412 0.0522 0.0551 
        D818  2 0.0310 0.2298 0.0268 0.2275 0.0784 0.0594 0.2229 0.1241 
        D819  2 0.2489 0.1816 0.0574 0.0629 0.2238 0.0580 0.0920 0.0754 
        D820  2 0.0173 0.0652 0.0336 0.0545 0.6715 0.0811 0.0381 0.0387 
        D895  2 0.1210 0.1676 0.0485 0.0576 0.4401 0.0599 0.0520 0.0534 
        D896  2 0.7832 0.0242 0.0543 0.0262 0.0224 0.0303 0.0399 0.0195 
        D897  2 0.0426 0.1499 0.0312 0.5228 0.0373 0.0434 0.0944 0.0784 
        D898  2 0.1545 0.2428 0.0693 0.0543 0.0795 0.0899 0.1119 0.1977 
        D918  2 0.1032 0.1274 0.0716 0.0850 0.0517 0.1163 0.3551 0.0897 
        D919  2 0.0281 0.1288 0.0264 0.1182 0.1732 0.4353 0.0322 0.0578 
        D920  2 0.3508 0.0430 0.0656 0.0453 0.0322 0.0398 0.3963 0.0271 
        D923  2 0.0204 0.0784 0.0324 0.0285 0.6480 0.1462 0.0229 0.0232 
        D930  2 0.1039 0.1899 0.1215 0.0503 0.1632 0.2091 0.0770 0.0852 
        D931  2 0.0447 0.0871 0.0422 0.1445 0.2558 0.3215 0.0476 0.0566 
        D968  2 0.0132 0.0312 0.0198 0.8211 0.0335 0.0297 0.0187 0.0329 
        D969  2 0.0460 0.1418 0.0637 0.2124 0.2339 0.0510 0.0374 0.2138 
        D977  2 0.0256 0.0620 0.0240 0.7071 0.0354 0.0364 0.0616 0.0478 
        D978  2 0.0224 0.1637 0.0289 0.1101 0.0255 0.0357 0.1520 0.4617 
        D211  3 0.0949 0.0642 0.0295 0.0307 0.0891 0.0537 0.5708 0.0671 
     D229639  3 0.0406 0.0733 0.0824 0.0696 0.0902 0.0272 0.0315 0.5853 
     D237212  3 0.0706 0.0952 0.0267 0.0746 0.0911 0.2277 0.1056 0.3086 
     D237213  3 0.2008 0.1306 0.0233 0.0556 0.0675 0.1350 0.3089 0.0783 
     D237214  3 0.1255 0.3110 0.0452 0.0400 0.0535 0.0340 0.3750 0.0158 
     D237215  3 0.0313 0.0548 0.1282 0.6184 0.0175 0.0292 0.0344 0.0863 
     D237216  3 0.0436 0.5851 0.0316 0.0309 0.0494 0.0547 0.0871 0.1177 
     D237217  3 0.1634 0.3016 0.0195 0.0369 0.1738 0.0355 0.1984 0.0711 
     D237218  3 0.0268 0.0601 0.0420 0.0388 0.0494 0.1148 0.0722 0.5957 
     D237219  3 0.2847 0.1099 0.0852 0.0296 0.0575 0.0257 0.1564 0.2509 
     D237382  3 0.1148 0.1364 0.1514 0.0650 0.0760 0.0500 0.3581 0.0483 
     D244127  3 0.4699 0.1262 0.0259 0.1112 0.0278 0.0438 0.1001 0.0951 
     D244129  3 0.1880 0.1879 0.0529 0.1042 0.1322 0.0855 0.1413 0.1081 
     D244133  3 0.0697 0.1706 0.1370 0.2432 0.1223 0.0207 0.1316 0.1049 
     D244134  3 0.1086 0.0473 0.1257 0.0328 0.0375 0.0233 0.0303 0.5945 
     D244135  3 0.2966 0.1101 0.0226 0.1087 0.0708 0.0393 0.3170 0.0347 
     D244136  3 0.0623 0.1494 0.2424 0.1295 0.2119 0.0339 0.0752 0.0955 
        D416  3 0.1355 0.1944 0.0369 0.1444 0.1926 0.0568 0.1047 0.1348 
        D417  3 0.0404 0.0377 0.0336 0.0209 0.6618 0.0334 0.1391 0.0332 
        D419  3 0.1390 0.1336 0.0579 0.0842 0.1732 0.0469 0.1113 0.2539 
        D565  3 0.0197 0.0228 0.8218 0.0155 0.0409 0.0168 0.0197 0.0429 
        D566  3 0.0516 0.0941 0.3545 0.0603 0.0773 0.0258 0.0271 0.3094 
        D567  3 0.1253 0.0585 0.0325 0.0533 0.5692 0.0659 0.0657 0.0298 
        D568  3 0.1484 0.0823 0.0226 0.1160 0.2606 0.1937 0.1042 0.0722 
        D569  3 0.0517 0.1376 0.0471 0.1257 0.0263 0.4677 0.0786 0.0653 
        D573  3 0.0272 0.0985 0.0284 0.3307 0.1761 0.0493 0.0230 0.2669 
        D574  3 0.0747 0.1294 0.4445 0.0524 0.0422 0.0584 0.0724 0.1260 
        D575  3 0.2739 0.1098 0.1205 0.0802 0.1153 0.0402 0.0814 0.1788 
        D576  3 0.0183 0.0733 0.0386 0.6808 0.0101 0.0362 0.0700 0.0728 
        D577  3 0.0416 0.0700 0.0417 0.0371 0.5511 0.0659 0.1258 0.0668 
        D578  3 0.1943 0.2039 0.0159 0.0576 0.0223 0.0163 0.4677 0.0220 
        D579  3 0.0753 0.0959 0.2126 0.0834 0.1709 0.1067 0.0729 0.1823 
        D660  3 0.0780 0.1026 0.0200 0.6260 0.0289 0.0448 0.0517 0.0481 
        D661  3 0.0436 0.1250 0.0245 0.2385 0.0373 0.0781 0.1372 0.3159 
        D663  3 0.0247 0.1950 0.0330 0.0939 0.0728 0.0621 0.0418 0.4766 
        D664  3 0.1992 0.1704 0.0803 0.1830 0.0223 0.0456 0.2206 0.0784 
        D665  3 0.1334 0.3083 0.0156 0.0506 0.0219 0.0985 0.3152 0.0566 
        D666  3 0.3386 0.1176 0.1239 0.0422 0.1104 0.0429 0.0925 0.1319 
        D009  4 0.2347 0.1520 0.0420 0.0302 0.1358 0.1183 0.2100 0.0770 
        D057  4 0.1090 0.0502 0.0284 0.1958 0.0470 0.3666 0.1275 0.0755 
        D109  4 0.4726 0.1695 0.0717 0.0306 0.0560 0.0432 0.1163 0.0402 
     D237222  4 0.2344 0.0705 0.1775 0.0470 0.0514 0.0501 0.3357 0.0334 
     D237223  4 0.1099 0.1618 0.1198 0.0683 0.0453 0.0838 0.3462 0.0650 
     D237224  4 0.0377 0.0827 0.0355 0.1289 0.2052 0.2362 0.0368 0.2369 
     D237225  4 0.0996 0.2778 0.0618 0.0389 0.1228 0.0756 0.1446 0.1789 
     D237299  4 0.0398 0.2260 0.0404 0.0376 0.0218 0.0380 0.4667 0.1297 
     D237300  4 0.0272 0.0443 0.0394 0.0475 0.0218 0.0278 0.0496 0.7424 
     D237306  4 0.0595 0.0590 0.5758 0.0259 0.0584 0.0692 0.1228 0.0295 
     D237307  4 0.0384 0.0890 0.1689 0.0771 0.3895 0.0233 0.0896 0.1242 
     D237308  4 0.1284 0.0710 0.0738 0.4401 0.0451 0.1578 0.0368 0.0471 
     D237309  4 0.1270 0.2601 0.0371 0.0528 0.1830 0.0954 0.1609 0.0838 
     D237317  4 0.0510 0.1615 0.4610 0.0280 0.1635 0.0417 0.0416 0.0517 
     D237318  4 0.0193 0.0529 0.0373 0.0679 0.0339 0.0179 0.0317 0.7391 
     D237319  4 0.1452 0.2199 0.0619 0.0672 0.0979 0.0609 0.2756 0.0715 
     D237320  4 0.1032 0.0909 0.0323 0.0971 0.0743 0.0342 0.4011 0.1670 
     D237321  4 0.0463 0.0676 0.0392 0.0864 0.0599 0.0245 0.0376 0.6384 
     D237397  4 0.0745 0.1075 0.1885 0.0855 0.0708 0.0327 0.2530 0.1875 
     D237398  4 0.0200 0.0856 0.0178 0.0358 0.0683 0.0433 0.0655 0.6636 
     D237399  4 0.0528 0.0857 0.1769 0.0598 0.0985 0.0615 0.1295 0.3351 
     D244001  4 0.2348 0.1350 0.0438 0.1501 0.0389 0.0935 0.2676 0.0363 
        D289  4 0.0365 0.0885 0.2862 0.0991 0.0979 0.2365 0.0695 0.0858 
        D290  4 0.0420 0.1605 0.0331 0.0429 0.0616 0.0482 0.3475 0.2642 
        D294  4 0.0351 0.2442 0.0440 0.0514 0.0764 0.2635 0.1686 0.1168 
        D295  4 0.0978 0.0885 0.0556 0.0395 0.3323 0.0847 0.1958 0.1058 
        D301  4 0.3914 0.0517 0.0448 0.0561 0.0263 0.0443 0.2505 0.1348 
        D302  4 0.0224 0.0566 0.0160 0.0158 0.0982 0.7194 0.0455 0.0261 
        D303  4 0.0705 0.0513 0.5565 0.0812 0.0384 0.1036 0.0554 0.0431 
        D304  4 0.0275 0.1529 0.0559 0.0311 0.0780 0.0417 0.2032 0.4098 
        D305  4 0.0474 0.3717 0.0137 0.1098 0.0230 0.3410 0.0383 0.0549 
        D306  4 0.0355 0.4622 0.0560 0.0282 0.0444 0.0301 0.2683 0.0753 
        D307  4 0.4951 0.0339 0.0615 0.0359 0.0198 0.0627 0.2247 0.0665 
        D327  4 0.0303 0.1007 0.0749 0.0511 0.5822 0.0546 0.0494 0.0568 
        D328  4 0.0449 0.0528 0.1220 0.0277 0.0237 0.6381 0.0496 0.0412 
        D329  4 0.0811 0.1820 0.0499 0.1849 0.0763 0.2282 0.0771 0.1205 
        D330  4 0.1057 0.1512 0.0197 0.0933 0.3199 0.1168 0.1768 0.0166 
        D331  4 0.0651 0.1242 0.0803 0.0664 0.1731 0.0455 0.1553 0.2901 
        D333  4 0.1130 0.0920 0.1411 0.1017 0.0792 0.2070 0.1327 0.1333 
        D334  4 0.0384 0.0668 0.5766 0.0217 0.0655 0.0619 0.1043 0.0648 
        D335  4 0.0307 0.0685 0.0355 0.0673 0.1882 0.5496 0.0295 0.0306 
        D370  4 0.2578 0.1081 0.1764 0.0816 0.0518 0.2152 0.0632 0.0459 
        D371  4 0.0238 0.0336 0.7468 0.0242 0.0935 0.0305 0.0201 0.0275 
        D372  4 0.0266 0.1264 0.0306 0.0592 0.0146 0.0225 0.0428 0.6772 
        D373  4 0.4111 0.0673 0.0206 0.0912 0.0459 0.0638 0.1912 0.1089 
        D455  4 0.4025 0.0598 0.0313 0.0462 0.0395 0.0823 0.2582 0.0803 
        D490  4 0.3665 0.0272 0.0220 0.0159 0.0251 0.0269 0.4927 0.0237 
        D497  4 0.3334 0.0813 0.0195 0.0274 0.0206 0.0556 0.4290 0.0332 
        D498  4 0.1332 0.1167 0.1214 0.0813 0.0727 0.0456 0.1950 0.2342 
        D499  4 0.0577 0.1855 0.1325 0.2231 0.0297 0.1642 0.0833 0.1240 
        D514  4 0.0524 0.1494 0.0278 0.0456 0.3303 0.1725 0.1434 0.0786 
        D515  4 0.0746 0.0603 0.0313 0.0298 0.0347 0.0527 0.6936 0.0230 
        D516  4 0.2054 0.1224 0.0879 0.0819 0.2143 0.0335 0.1543 0.1004 
        D517  4 0.2940 0.1855 0.0225 0.0477 0.0808 0.0352 0.2706 0.0636 
        D518  4 0.1099 0.0687 0.0697 0.0659 0.0298 0.5303 0.1020 0.0236 
        D519  4 0.0785 0.0885 0.0287 0.0334 0.0439 0.0232 0.6171 0.0866 
        D560  4 0.0529 0.0840 0.0211 0.0484 0.0911 0.0727 0.5455 0.0843 
        D561  4 0.0910 0.4846 0.0199 0.0741 0.1155 0.0650 0.1249 0.0249 
        D562  4 0.0775 0.2280 0.0740 0.0887 0.0603 0.1791 0.2034 0.0890 
        D563  4 0.0717 0.1505 0.0226 0.3753 0.0351 0.1826 0.0663 0.0959 
        D572  4 0.0290 0.0404 0.0341 0.0344 0.0592 0.7284 0.0497 0.0246 
        D629  4 0.1168 0.0928 0.0334 0.0282 0.3213 0.1325 0.1714 0.1037 
        D630  4 0.0414 0.0969 0.0655 0.0460 0.1052 0.1170 0.4179 0.1100 
        D631  4 0.0257 0.0582 0.0283 0.1402 0.0313 0.6097 0.0525 0.0541 
        D632  4 0.4009 0.0540 0.0200 0.1578 0.0571 0.1852 0.1015 0.0236 
        D646  4 0.1416 0.1790 0.0463 0.0562 0.2281 0.0478 0.2341 0.0668 
        D647  4 0.0725 0.0659 0.0193 0.0707 0.5112 0.0676 0.1512 0.0416 
        D648  4 0.0228 0.0413 0.0834 0.0274 0.0172 0.6654 0.1232 0.0192 
        D649  4 0.2509 0.0639 0.0232 0.0259 0.3578 0.1792 0.0581 0.0410 
        D650  4 0.0941 0.1109 0.1215 0.0417 0.1664 0.1333 0.1877 0.1444 
        D708  4 0.0583 0.1433 0.2187 0.0354 0.0521 0.2722 0.0937 0.1262 
        D709  4 0.1422 0.2589 0.0629 0.0496 0.0461 0.1182 0.2273 0.0948 
        D738  4 0.1017 0.0469 0.5764 0.0174 0.0851 0.0307 0.0954 0.0465 
        D739  4 0.0833 0.1653 0.0384 0.0466 0.0326 0.0980 0.4422 0.0935 
        D740  4 0.1299 0.2459 0.1319 0.0808 0.0268 0.0722 0.0678 0.2446 
        D741  4 0.0454 0.2230 0.0274 0.0982 0.1481 0.0381 0.3794 0.0403 
        D742  4 0.0497 0.1364 0.1010 0.3145 0.0422 0.0938 0.1073 0.1553 
        D743  4 0.0293 0.0643 0.0309 0.0515 0.3680 0.3592 0.0418 0.0548 
        D744  4 0.0240 0.0609 0.0168 0.0518 0.0259 0.7562 0.0297 0.0347 
        D745  4 0.0899 0.0590 0.0225 0.0208 0.0323 0.0347 0.6976 0.0431 
        D814  4 0.0308 0.2992 0.0220 0.2193 0.0556 0.1102 0.1696 0.0931 
        D815  4 0.0732 0.0875 0.0412 0.0394 0.1420 0.4777 0.0799 0.0591 
        D828  4 0.0521 0.1081 0.1199 0.1007 0.0171 0.2071 0.3126 0.0825 
        D845  4 0.0160 0.0204 0.0343 0.0417 0.0237 0.0220 0.0147 0.8271 
        D846  4 0.0366 0.1202 0.0129 0.1833 0.1664 0.3715 0.0544 0.0546 
        D847  4 0.0594 0.1427 0.1039 0.0768 0.1095 0.0526 0.2602 0.1949 
        D848  4 0.3994 0.0843 0.0246 0.1111 0.0205 0.0426 0.1388 0.1787 
        D849  4 0.1047 0.1422 0.0195 0.0327 0.0451 0.0525 0.5578 0.0453 
        D850  4 0.0776 0.2844 0.0824 0.0546 0.1876 0.0611 0.1030 0.1493 
        D856  4 0.1900 0.3184 0.0466 0.0398 0.0574 0.0649 0.2359 0.0471 
        D857  4 0.6830 0.0413 0.0424 0.0901 0.0111 0.0494 0.0619 0.0210 
        D859  4 0.0304 0.0709 0.0268 0.0409 0.0817 0.5749 0.0517 0.1227 
        D860  4 0.0330 0.0704 0.4238 0.1083 0.1046 0.0882 0.0228 0.1490 
        D883  4 0.1508 0.0813 0.1153 0.0349 0.2680 0.0790 0.1801 0.0907 
        D884  4 0.1301 0.0924 0.0957 0.0229 0.0785 0.0988 0.4498 0.0318 
        D885  4 0.0632 0.2363 0.0294 0.0741 0.1080 0.0652 0.0908 0.3329 
        D886  4 0.1605 0.0850 0.0352 0.0668 0.1817 0.0830 0.3304 0.0574 
        D887  4 0.0837 0.1466 0.0564 0.1261 0.1010 0.1662 0.0790 0.2410 
        D889  4 0.0163 0.0763 0.0161 0.0166 0.0352 0.0514 0.1133 0.6748 
        D890  4 0.1857 0.1515 0.1817 0.0827 0.0593 0.2021 0.0711 0.0661 
        D891  4 0.0112 0.0155 0.0107 0.0139 0.0135 0.0119 0.0153 0.9080 
        D899  4 0.0326 0.0828 0.1138 0.4604 0.0414 0.0903 0.0539 0.1247 
        D900  4 0.0586 0.2004 0.0919 0.1117 0.1523 0.1678 0.1306 0.0867 
        D970  4 0.0521 0.1404 0.0508 0.0681 0.1667 0.2989 0.0617 0.1614 
        D971  4 0.0845 0.0906 0.0651 0.4416 0.0672 0.1885 0.0364 0.0262 
        D979  4 0.0250 0.0701 0.0358 0.0368 0.3496 0.4244 0.0246 0.0337 
        D093  5 0.0332 0.0475 0.6117 0.0335 0.0475 0.0348 0.0582 0.1337 
        D154  5 0.0468 0.2101 0.0487 0.1565 0.0313 0.0552 0.2324 0.2190 
        D168  5 0.1234 0.1526 0.0206 0.2203 0.0769 0.0513 0.1828 0.1721 
        D189  5 0.0283 0.0864 0.3117 0.0577 0.0442 0.0658 0.1595 0.2465 
        D190  5 0.0418 0.0351 0.6892 0.0296 0.0362 0.0677 0.0312 0.0693 
     D237220  5 0.1227 0.1276 0.0876 0.0290 0.0344 0.0769 0.1841 0.3377 
     D237221  5 0.0583 0.0802 0.2334 0.1270 0.0650 0.0798 0.0465 0.3098 
     D237274  5 0.0636 0.1027 0.0256 0.0728 0.4561 0.2205 0.0376 0.0212 
     D237275  5 0.0278 0.0785 0.0299 0.6498 0.0203 0.0212 0.0936 0.0790 
     D237276  5 0.1364 0.0927 0.1841 0.0395 0.1342 0.0709 0.2768 0.0653 
     D237277  5 0.0400 0.0528 0.3934 0.0626 0.0276 0.0660 0.0295 0.3282 
     D237278  5 0.0750 0.1176 0.2207 0.3448 0.0539 0.0922 0.0553 0.0406 
     D237279  5 0.4144 0.2997 0.0247 0.0285 0.0543 0.0757 0.0649 0.0378 
     D237280  5 0.5642 0.0760 0.0595 0.0219 0.1612 0.0393 0.0330 0.0449 
     D237281  5 0.0215 0.1070 0.0370 0.3694 0.0712 0.0306 0.0329 0.3304 
     D237351  5 0.6811 0.0534 0.0617 0.0301 0.0272 0.0295 0.0558 0.0613 
     D237352  5 0.2211 0.1084 0.0773 0.0907 0.0758 0.2542 0.1386 0.0338 
     D237353  5 0.0572 0.0339 0.6663 0.0207 0.0280 0.0525 0.0224 0.1190 
     D237359  5 0.0676 0.0903 0.0392 0.0321 0.0524 0.0561 0.1545 0.5078 
     D237361  5 0.0460 0.0429 0.7344 0.0272 0.0251 0.0228 0.0281 0.0734 
     D237362  5 0.1199 0.1111 0.1299 0.0733 0.2377 0.0810 0.0925 0.1547 
     D237363  5 0.0394 0.6049 0.0616 0.1043 0.0520 0.0275 0.0690 0.0414 
     D237364  5 0.0640 0.1584 0.0184 0.1531 0.1091 0.1590 0.2194 0.1185 
     D237376  5 0.0255 0.0474 0.1991 0.0469 0.0138 0.3868 0.2424 0.0381 
     D237377  5 0.3485 0.1411 0.1029 0.0657 0.1879 0.0504 0.0255 0.0780 
     D237378  5 0.0365 0.0743 0.4431 0.1065 0.0260 0.1349 0.0666 0.1122 
     D237379  5 0.0347 0.1102 0.2172 0.0508 0.0317 0.3780 0.1116 0.0659 
     D237380  5 0.6242 0.0390 0.0711 0.0215 0.0288 0.1411 0.0520 0.0224 
     D237381  5 0.3704 0.1091 0.0888 0.0904 0.0552 0.1290 0.1027 0.0544 
     D237391  5 0.0338 0.0417 0.5954 0.0211 0.0413 0.0286 0.0325 0.2056 
     D237392  5 0.0770 0.1418 0.0373 0.2221 0.3333 0.1041 0.0480 0.0364 
     D237393  5 0.1146 0.0783 0.2206 0.0874 0.3457 0.0590 0.0381 0.0563 
     D237394  5 0.0283 0.0262 0.8310 0.0131 0.0244 0.0326 0.0193 0.0252 
     D237395  5 0.0922 0.0969 0.2510 0.0572 0.0380 0.0309 0.2040 0.2298 
     D237396  5 0.1210 0.1176 0.1693 0.1003 0.3233 0.0503 0.0343 0.0839 
     D244016  5 0.0542 0.2235 0.1817 0.0812 0.0295 0.2651 0.0348 0.1299 
     D244018  5 0.0737 0.1051 0.2039 0.3076 0.0876 0.0314 0.0373 0.1533 
     D244019  5 0.0455 0.2505 0.0635 0.1337 0.1496 0.1237 0.0644 0.1691 
        D279  5 0.0383 0.0680 0.0404 0.0447 0.0340 0.0502 0.0499 0.6746 
        D280  5 0.0960 0.2142 0.1582 0.0594 0.1101 0.0335 0.0777 0.2509 
        D281  5 0.0185 0.1294 0.0734 0.1470 0.0253 0.0261 0.0698 0.5105 
        D283  5 0.0309 0.0810 0.4735 0.0297 0.1333 0.0331 0.0307 0.1879 
        D284  5 0.0631 0.1342 0.0322 0.0498 0.0649 0.0511 0.5158 0.0889 
        D285  5 0.0506 0.0925 0.2481 0.0260 0.0547 0.0566 0.0337 0.4376 
        D286  5 0.0531 0.1024 0.1624 0.0393 0.1139 0.1872 0.2127 0.1290 
        D287  5 0.0626 0.0845 0.1706 0.0378 0.0189 0.3171 0.2434 0.0651 
        D288  5 0.0449 0.2107 0.1037 0.0454 0.2395 0.0301 0.0390 0.2867 
        D308  5 0.7170 0.0484 0.0373 0.0264 0.0774 0.0270 0.0341 0.0324 
        D309  5 0.0378 0.0554 0.0240 0.0200 0.0362 0.7859 0.0236 0.0171 
        D310  5 0.0186 0.1857 0.6185 0.0157 0.0186 0.0244 0.0250 0.0935 
        D311  5 0.0469 0.1699 0.1504 0.0443 0.1303 0.2209 0.1376 0.0996 
        D312  5 0.0665 0.1303 0.2221 0.0644 0.1042 0.2152 0.1051 0.0922 
        D313  5 0.7695 0.0255 0.0354 0.0147 0.0175 0.0125 0.1050 0.0198 
        D314  5 0.0843 0.1748 0.0651 0.0761 0.0348 0.1395 0.2382 0.1873 
        D315  5 0.0820 0.1123 0.2807 0.0820 0.2431 0.0617 0.0715 0.0667 
        D317  5 0.0192 0.0387 0.8035 0.0201 0.0475 0.0150 0.0248 0.0310 
        D318  5 0.0488 0.2190 0.0796 0.1715 0.1043 0.1753 0.1391 0.0623 
        D319  5 0.0354 0.0384 0.7818 0.0227 0.0229 0.0198 0.0397 0.0392 
        D320  5 0.0441 0.0547 0.5960 0.0245 0.0313 0.0840 0.0543 0.1111 
        D321  5 0.6199 0.0350 0.0667 0.0169 0.0697 0.0225 0.0225 0.1466 
        D336  5 0.0233 0.1006 0.6324 0.0280 0.0263 0.0869 0.0652 0.0373 
        D337  5 0.0203 0.0318 0.7750 0.0321 0.0274 0.0328 0.0183 0.0622 
        D338  5 0.0587 0.1400 0.1385 0.0643 0.1635 0.0667 0.1362 0.2320 
        D339  5 0.0433 0.0932 0.5164 0.0436 0.0511 0.0247 0.0541 0.1736 
        D347  5 0.0343 0.2006 0.1043 0.1828 0.1702 0.1362 0.1065 0.0650 
        D348  5 0.0206 0.0404 0.7115 0.0247 0.0278 0.1118 0.0188 0.0444 
        D349  5 0.7802 0.0327 0.0543 0.0199 0.0249 0.0247 0.0226 0.0407 
        D350  5 0.0173 0.0333 0.0167 0.0250 0.0207 0.8207 0.0382 0.0281 
        D355  5 0.0253 0.2602 0.0319 0.1316 0.1002 0.0724 0.0652 0.3131 
        D356  5 0.1027 0.0793 0.2929 0.0389 0.2127 0.0736 0.1025 0.0973 
        D357  5 0.0732 0.2783 0.1209 0.0823 0.0589 0.0841 0.1863 0.1161 
        D358  5 0.0925 0.1229 0.4138 0.0598 0.0454 0.1618 0.0438 0.0599 
        D359  5 0.0395 0.0981 0.5087 0.0203 0.1774 0.0878 0.0150 0.0531 
        D360  5 0.0851 0.0830 0.4496 0.0238 0.1079 0.0432 0.1193 0.0881 
        D361  5 0.8128 0.0275 0.0320 0.0253 0.0306 0.0176 0.0352 0.0189 
        D366  5 0.0257 0.0633 0.0221 0.3324 0.4781 0.0231 0.0301 0.0252 
        D367  5 0.0823 0.1318 0.4787 0.0209 0.0286 0.1071 0.0720 0.0787 
        D368  5 0.2675 0.1400 0.2208 0.0292 0.1000 0.0700 0.0966 0.0760 
        D380  5 0.0976 0.1725 0.0472 0.0528 0.0545 0.4329 0.0607 0.0818 
        D381  5 0.0434 0.1130 0.4996 0.0384 0.0492 0.0550 0.0224 0.1790 
        D400  5 0.0321 0.1301 0.1759 0.1063 0.0665 0.1283 0.1407 0.2203 
        D411  5 0.2725 0.0909 0.0151 0.0473 0.0238 0.0274 0.4991 0.0239 
        D412  5 0.1156 0.3161 0.0908 0.1402 0.1072 0.0536 0.0811 0.0954 
        D413  5 0.0354 0.1131 0.0331 0.5558 0.0962 0.0636 0.0580 0.0448 
        D414  5 0.0203 0.0423 0.0173 0.0696 0.0283 0.6863 0.0704 0.0655 
        D420  5 0.0666 0.1717 0.0365 0.0250 0.0283 0.0311 0.1892 0.4516 
        D431  5 0.0792 0.1218 0.0491 0.0611 0.0195 0.2313 0.2493 0.1887 
        D432  5 0.1003 0.0849 0.4654 0.0853 0.0725 0.0399 0.0384 0.1133 
        D433  5 0.0793 0.0585 0.5293 0.0418 0.0690 0.0356 0.0368 0.1498 
        D434  5 0.0812 0.1228 0.4734 0.0326 0.0958 0.0376 0.0550 0.1016 
        D440  5 0.0275 0.0612 0.0243 0.0174 0.0207 0.7746 0.0375 0.0368 
        D447  5 0.0555 0.3546 0.0361 0.1040 0.1806 0.1116 0.1320 0.0257 
        D448  5 0.0253 0.1020 0.4570 0.0739 0.0677 0.0764 0.1231 0.0747 
        D459  5 0.0201 0.1088 0.0335 0.3612 0.0739 0.0584 0.0384 0.3058 
        D460  5 0.7041 0.0317 0.0741 0.0255 0.0817 0.0277 0.0235 0.0317 
        D461  5 0.0242 0.0423 0.0248 0.0167 0.0793 0.7614 0.0234 0.0278 
        D468  5 0.0995 0.1643 0.1810 0.0828 0.1839 0.0503 0.1845 0.0537 
        D469  5 0.0851 0.0633 0.0728 0.0344 0.4900 0.0736 0.1206 0.0602 
        D470  5 0.0505 0.1094 0.0845 0.0317 0.0776 0.0977 0.5021 0.0465 
        D471  5 0.0229 0.0541 0.4905 0.0504 0.0661 0.0767 0.1071 0.1321 
        D472  5 0.0184 0.0375 0.0241 0.0946 0.7013 0.0211 0.0244 0.0787 
        D479  5 0.0236 0.0361 0.0313 0.6717 0.0378 0.1413 0.0371 0.0212 
        D485  5 0.0269 0.0720 0.0515 0.0505 0.0261 0.4816 0.2577 0.0338 
        D486  5 0.0880 0.1877 0.1076 0.0655 0.1009 0.0617 0.3575 0.0311 
        D487  5 0.0399 0.1043 0.1135 0.1029 0.0314 0.1386 0.0631 0.4065 
        D555  5 0.0304 0.0336 0.7521 0.0864 0.0290 0.0205 0.0184 0.0296 
        D556  5 0.0791 0.0769 0.0803 0.0395 0.0422 0.2492 0.0817 0.3513 
        D557  5 0.0387 0.0420 0.7107 0.0512 0.0362 0.0537 0.0196 0.0478 
        D564  5 0.1239 0.0901 0.2019 0.0419 0.0596 0.4127 0.0401 0.0298 
        D594  5 0.0786 0.3069 0.0723 0.1987 0.1296 0.1016 0.0707 0.0416 
        D595  5 0.0743 0.1107 0.2778 0.1112 0.1821 0.0802 0.0505 0.1132 
        D596  5 0.0379 0.0292 0.7831 0.0413 0.0310 0.0211 0.0178 0.0387 
        D597  5 0.0285 0.0828 0.2655 0.1834 0.0986 0.0953 0.0272 0.2187 
        D598  5 0.1094 0.1008 0.3477 0.0623 0.1009 0.1055 0.0837 0.0897 
        D617  5 0.1857 0.1129 0.0192 0.2219 0.0329 0.0256 0.3582 0.0436 
        D618  5 0.0610 0.0538 0.3155 0.0540 0.0717 0.0771 0.0429 0.3241 
        D619  5 0.3286 0.1206 0.1762 0.0702 0.1808 0.0663 0.0232 0.0341 
        D620  5 0.0249 0.0448 0.0364 0.6794 0.0793 0.0271 0.0293 0.0787 
        D628  5 0.0636 0.0642 0.0532 0.0442 0.0192 0.6723 0.0572 0.0260 
        D714  5 0.0308 0.0670 0.1165 0.0576 0.0244 0.3817 0.0619 0.2601 
        D715  5 0.0303 0.0420 0.5812 0.0329 0.0576 0.0448 0.0303 0.1809 
        D716  5 0.0213 0.1879 0.0675 0.1342 0.0969 0.1876 0.1974 0.1072 
        D717  5 0.0793 0.0873 0.1572 0.0459 0.2213 0.1119 0.0730 0.2242 
        D718  5 0.0548 0.2122 0.0785 0.0373 0.0182 0.0616 0.4762 0.0611 
        D769  5 0.1424 0.1470 0.0314 0.1328 0.0363 0.0557 0.4064 0.0479 
        D770  5 0.0344 0.1036 0.0792 0.1952 0.0424 0.3888 0.0708 0.0857 
        D771  5 0.0705 0.1720 0.0772 0.2588 0.0596 0.0786 0.1323 0.1511 
        D772  5 0.0346 0.0448 0.0921 0.0278 0.0269 0.6531 0.0505 0.0701 
        D782  5 0.2355 0.3105 0.0420 0.1086 0.0517 0.0285 0.0502 0.1730 
        D783  5 0.0314 0.0958 0.0776 0.2474 0.0178 0.3909 0.0508 0.0883 
        D784  5 0.0556 0.0836 0.0830 0.0416 0.2081 0.2149 0.0400 0.2733 
        D785  5 0.1291 0.0578 0.4329 0.0254 0.0481 0.1832 0.0485 0.0750 
        D786  5 0.2457 0.0965 0.0248 0.0945 0.1720 0.1772 0.1605 0.0287 
        D821  5 0.0166 0.0199 0.8140 0.0114 0.0144 0.0316 0.0156 0.0765 
        D822  5 0.0670 0.2134 0.1387 0.0867 0.1779 0.1598 0.0581 0.0984 
        D826  5 0.0539 0.0971 0.2277 0.0955 0.0566 0.0525 0.0708 0.3460 
        D827  5 0.0416 0.3169 0.0473 0.0839 0.2279 0.0975 0.1366 0.0484 
        D851  5 0.1090 0.3853 0.1493 0.0565 0.0701 0.0655 0.0621 0.1022 
        D852  5 0.0730 0.0839 0.1337 0.0657 0.0313 0.2655 0.0461 0.3009 
        D853  5 0.0540 0.1045 0.1873 0.0409 0.0623 0.0470 0.1591 0.3449 
        D854  5 0.0629 0.2118 0.0238 0.1190 0.0979 0.1104 0.1999 0.1744 
        D861  5 0.0732 0.2386 0.1409 0.0994 0.0772 0.0526 0.1185 0.1994 
        D862  5 0.0509 0.1336 0.2666 0.0387 0.2578 0.0832 0.1119 0.0573 
        D865  5 0.0739 0.0647 0.6157 0.0649 0.0302 0.0544 0.0346 0.0616 
        D868  5 0.0336 0.0502 0.0649 0.0250 0.6110 0.0366 0.0732 0.1054 
        D869  5 0.3621 0.0610 0.0336 0.0620 0.0496 0.0200 0.3845 0.0272 
        D870  5 0.0470 0.6719 0.0162 0.0872 0.0621 0.0305 0.0560 0.0290 
        D907  5 0.0589 0.1283 0.5905 0.0310 0.0399 0.0312 0.0482 0.0719 
        D908  5 0.1079 0.0543 0.1158 0.1656 0.0273 0.1767 0.0277 0.3248 
        D910  5 0.0300 0.0881 0.3062 0.1233 0.0896 0.0710 0.0573 0.2345 
        D911  5 0.0179 0.1903 0.0278 0.0666 0.0761 0.0297 0.0358 0.5558 
        D934  5 0.0335 0.1181 0.0355 0.1369 0.0473 0.3162 0.0669 0.2456 
        D946  5 0.0737 0.0845 0.0416 0.0585 0.0214 0.4579 0.1329 0.1296 
        D947  5 0.0479 0.1111 0.0352 0.0323 0.1267 0.1935 0.1598 0.2936 
