        D174  1 0.0153 0.0580 0.0875 0.0806 0.0308 0.0999 0.1625 0.0734 0.0229 0.3691 
        D199  1 0.0467 0.1734 0.0977 0.0275 0.1817 0.0339 0.0305 0.1786 0.1067 0.1234 
        D203  1 0.0412 0.1826 0.0539 0.1025 0.1644 0.0181 0.1373 0.1258 0.1052 0.0690 
        D204  1 0.0778 0.7531 0.0152 0.0287 0.0313 0.0157 0.0179 0.0299 0.0158 0.0146 
     D237366  1 0.0927 0.0423 0.3810 0.0283 0.0389 0.0186 0.2575 0.0538 0.0457 0.0412 
     D237367  1 0.0515 0.2915 0.1687 0.0644 0.0696 0.0952 0.1083 0.0944 0.0196 0.0367 
     D237368  1 0.0423 0.1329 0.3379 0.1289 0.1026 0.0215 0.0291 0.0662 0.0233 0.1153 
     D244101  1 0.4075 0.1534 0.0155 0.0415 0.1253 0.0416 0.0290 0.0545 0.1156 0.0162 
     D244102  1 0.1050 0.0786 0.0909 0.1742 0.0477 0.0836 0.0758 0.2372 0.0677 0.0393 
     D244103  1 0.0340 0.1104 0.1087 0.0333 0.0392 0.0743 0.4857 0.0604 0.0233 0.0307 
     D244104  1 0.0216 0.6499 0.0417 0.0234 0.0273 0.0872 0.0213 0.0131 0.0365 0.0779 
     D244105  1 0.0255 0.0368 0.1825 0.1291 0.0209 0.0261 0.4191 0.1102 0.0352 0.0146 
     D244106  1 0.0217 0.0610 0.0218 0.0254 0.0604 0.0242 0.1434 0.0739 0.0539 0.5143 
     D244107  1 0.0473 0.0442 0.4904 0.1723 0.0825 0.0520 0.0487 0.0277 0.0222 0.0125 
     D244108  1 0.0237 0.0463 0.0195 0.4884 0.0247 0.0228 0.0348 0.0708 0.0418 0.2272 
     D244113  1 0.0885 0.0155 0.0342 0.0344 0.0444 0.1682 0.0235 0.1590 0.0208 0.4114 
     D244114  1 0.0338 0.0319 0.0289 0.0284 0.0291 0.0284 0.5024 0.1547 0.1026 0.0597 
     D244115  1 0.0244 0.1464 0.0524 0.2118 0.0242 0.0488 0.0995 0.0925 0.0416 0.2584 
     D267365  1 0.0445 0.3060 0.0870 0.0354 0.0258 0.0408 0.0348 0.0686 0.2034 0.1537 
        D404  1 0.1134 0.0271 0.0210 0.0499 0.0471 0.0795 0.0540 0.2507 0.0213 0.3359 
        D405  1 0.0656 0.0909 0.0381 0.0699 0.0727 0.1003 0.0563 0.4358 0.0253 0.0452 
        D406  1 0.0432 0.0404 0.2911 0.4872 0.0161 0.0137 0.0339 0.0177 0.0167 0.0400 
        D407  1 0.0115 0.5806 0.0715 0.0221 0.0682 0.0608 0.1242 0.0269 0.0142 0.0201 
        D408  1 0.0327 0.0377 0.0240 0.0365 0.0166 0.3792 0.0247 0.0419 0.1266 0.2801 
        D409  1 0.0286 0.0820 0.1061 0.0506 0.0405 0.1061 0.4255 0.0755 0.0417 0.0433 
        D410  1 0.0245 0.0439 0.0198 0.7986 0.0091 0.0158 0.0220 0.0285 0.0131 0.0246 
        D421  1 0.0087 0.8780 0.0106 0.0081 0.0258 0.0130 0.0164 0.0115 0.0141 0.0137 
        D422  1 0.0143 0.0500 0.6852 0.0387 0.0229 0.0189 0.1099 0.0198 0.0296 0.0107 
        D423  1 0.0183 0.0692 0.0498 0.6686 0.0609 0.0168 0.0413 0.0410 0.0149 0.0190 
        D424  1 0.0213 0.6090 0.0804 0.0181 0.0153 0.0554 0.0836 0.0577 0.0180 0.0413 
        D425  1 0.0308 0.2798 0.0370 0.0788 0.0223 0.0492 0.0599 0.3047 0.0473 0.0904 
        D426  1 0.0121 0.0573 0.1105 0.0159 0.0314 0.1372 0.4424 0.0355 0.1329 0.0248 
        D427  1 0.0123 0.3058 0.0352 0.0150 0.3699 0.0318 0.0158 0.0167 0.0209 0.1767 
        D428  1 0.0862 0.2961 0.0624 0.1038 0.0374 0.0661 0.0456 0.1097 0.0332 0.1594 
        D429  1 0.0328 0.4170 0.0288 0.0317 0.0271 0.0259 0.1612 0.0797 0.0421 0.1538 
        D430  1 0.0216 0.0809 0.0401 0.0325 0.0570 0.0687 0.2210 0.2503 0.1204 0.1073 
        D491  1 0.0250 0.0902 0.0266 0.0339 0.0127 0.0691 0.0267 0.0434 0.0376 0.6348 
        D492  1 0.0579 0.2703 0.0993 0.0855 0.0485 0.0394 0.0756 0.1773 0.0207 0.1254 
        D537  1 0.0828 0.5219 0.0472 0.0750 0.0338 0.0686 0.0779 0.0541 0.0154 0.0232 
        D538  1 0.0532 0.0491 0.0967 0.2044 0.0868 0.0217 0.0563 0.3046 0.0295 0.0977 
        D539  1 0.0646 0.0256 0.0413 0.0924 0.0421 0.0911 0.1430 0.0624 0.3221 0.1155 
        D540  1 0.0165 0.2519 0.0753 0.0357 0.0191 0.3133 0.0577 0.1489 0.0486 0.0330 
        D541  1 0.0134 0.8655 0.0178 0.0161 0.0147 0.0174 0.0120 0.0143 0.0160 0.0129 
        D551  1 0.0256 0.0740 0.0612 0.0205 0.1748 0.0418 0.3690 0.0625 0.1462 0.0243 
        D552  1 0.0671 0.1205 0.0550 0.3099 0.0321 0.0725 0.0844 0.0258 0.0526 0.1801 
        D553  1 0.0150 0.8690 0.0175 0.0124 0.0093 0.0181 0.0124 0.0091 0.0220 0.0152 
        D615  1 0.0198 0.4298 0.0374 0.1096 0.0689 0.0452 0.0798 0.0855 0.0642 0.0598 
        D616  1 0.0134 0.2702 0.0674 0.1320 0.1378 0.0616 0.0854 0.0996 0.0692 0.0634 
        D621  1 0.2607 0.0153 0.1089 0.4039 0.0192 0.0560 0.0240 0.0297 0.0245 0.0579 
        D622  1 0.0563 0.0323 0.2259 0.4157 0.0193 0.0484 0.1038 0.0408 0.0274 0.0301 
        D623  1 0.2218 0.0199 0.0225 0.0847 0.1652 0.0427 0.0187 0.1523 0.0331 0.2391 
        D624  1 0.0100 0.0295 0.0331 0.0198 0.0154 0.0259 0.0434 0.0383 0.0240 0.7607 
        D625  1 0.0356 0.6205 0.0385 0.0589 0.0163 0.0415 0.0667 0.0249 0.0284 0.0685 
        D626  1 0.0219 0.0565 0.1850 0.0903 0.0285 0.1410 0.0774 0.0705 0.0526 0.2762 
        D627  1 0.0205 0.0900 0.1183 0.0160 0.0257 0.0690 0.3978 0.0613 0.1743 0.0271 
        D690  1 0.0230 0.7931 0.0277 0.0381 0.0109 0.0223 0.0186 0.0134 0.0132 0.0396 
        D691  1 0.0250 0.0732 0.2945 0.2711 0.0199 0.0260 0.2055 0.0162 0.0295 0.0392 
        D710  1 0.1291 0.1957 0.1342 0.0843 0.0490 0.0742 0.0245 0.1140 0.0470 0.1479 
        D711  1 0.0472 0.7369 0.0269 0.0264 0.0239 0.0151 0.0379 0.0354 0.0209 0.0295 
        D712  1 0.0544 0.0346 0.1255 0.0391 0.0387 0.0609 0.0271 0.0469 0.0785 0.4944 
        D713  1 0.1250 0.1310 0.0360 0.0604 0.0199 0.0788 0.1152 0.2847 0.0222 0.1267 
        D746  1 0.0232 0.0909 0.4016 0.3019 0.0272 0.0380 0.0565 0.0160 0.0207 0.0240 
        D747  1 0.0230 0.8500 0.0157 0.0153 0.0201 0.0125 0.0125 0.0148 0.0186 0.0175 
        D748  1 0.0445 0.1858 0.0761 0.1378 0.0180 0.0457 0.4156 0.0249 0.0234 0.0282 
        D749  1 0.0750 0.0212 0.1622 0.1927 0.0459 0.0227 0.1369 0.1894 0.0399 0.1141 
        D750  1 0.0307 0.1365 0.0207 0.0531 0.0189 0.0307 0.0516 0.0341 0.0211 0.6024 
        D763  1 0.2159 0.0635 0.0878 0.0377 0.0912 0.1635 0.0975 0.0530 0.1715 0.0184 
        D764  1 0.0132 0.5087 0.0464 0.0854 0.0171 0.0295 0.0393 0.0368 0.0202 0.2033 
        D765  1 0.0125 0.0407 0.0595 0.5613 0.0144 0.0180 0.0620 0.0637 0.0407 0.1272 
        D766  1 0.0751 0.0444 0.0373 0.6142 0.0187 0.0807 0.0637 0.0251 0.0151 0.0256 
        D767  1 0.2744 0.0666 0.1131 0.1069 0.0838 0.0243 0.0933 0.1710 0.0308 0.0358 
        D768  1 0.0120 0.8359 0.0266 0.0201 0.0203 0.0141 0.0228 0.0209 0.0153 0.0120 
        D811  1 0.0162 0.0170 0.0155 0.1126 0.0142 0.4527 0.0289 0.2510 0.0237 0.0683 
        D816  1 0.0177 0.8303 0.0247 0.0201 0.0137 0.0123 0.0175 0.0235 0.0188 0.0214 
        D825  1 0.0251 0.1002 0.0379 0.3445 0.0166 0.0668 0.0513 0.2188 0.0242 0.1146 
        D866  1 0.0137 0.0433 0.0250 0.0578 0.0857 0.0658 0.0445 0.0845 0.4118 0.1678 
        D867  1 0.0688 0.0236 0.6180 0.0501 0.0435 0.0439 0.0536 0.0538 0.0217 0.0230 
        D871  1 0.0250 0.0667 0.0779 0.0165 0.0170 0.1028 0.5220 0.0743 0.0444 0.0533 
        D872  1 0.0489 0.0953 0.0465 0.5890 0.0388 0.0242 0.0217 0.0766 0.0153 0.0437 
        D873  1 0.0405 0.0096 0.0319 0.7755 0.0225 0.0212 0.0144 0.0592 0.0097 0.0154 
        D874  1 0.7002 0.0486 0.0138 0.0165 0.0179 0.0345 0.0329 0.0327 0.0398 0.0631 
        D875  1 0.0158 0.0327 0.1137 0.0545 0.0150 0.0786 0.5890 0.0655 0.0173 0.0177 
        D876  1 0.0911 0.4158 0.0574 0.1219 0.0176 0.0518 0.0457 0.0363 0.0566 0.1057 
        D877  1 0.0770 0.0319 0.0152 0.0307 0.0222 0.0731 0.0328 0.5602 0.0202 0.1367 
        D892  1 0.0448 0.2053 0.0973 0.0648 0.0176 0.0190 0.3012 0.0568 0.0231 0.1701 
        D893  1 0.0445 0.5956 0.0605 0.0335 0.0294 0.0391 0.0704 0.0378 0.0676 0.0215 
        D894  1 0.0223 0.5986 0.0445 0.0182 0.0255 0.0289 0.1092 0.0526 0.0418 0.0583 
        D915  1 0.0189 0.3850 0.0509 0.1996 0.0277 0.0360 0.1413 0.0646 0.0291 0.0469 
        D916  1 0.0119 0.8722 0.0148 0.0164 0.0114 0.0123 0.0169 0.0136 0.0132 0.0173 
        D917  1 0.0993 0.1327 0.0917 0.0301 0.0653 0.0364 0.0297 0.1672 0.0795 0.2680 
        D925  1 0.0144 0.2038 0.0521 0.4871 0.0176 0.0687 0.0202 0.0266 0.0339 0.0755 
        D926  1 0.0748 0.3827 0.0697 0.0697 0.0266 0.0381 0.1417 0.0619 0.0528 0.0818 
        D927  1 0.0553 0.1937 0.0836 0.0222 0.2780 0.0303 0.0717 0.0808 0.1364 0.0478 
        D928  1 0.0162 0.0666 0.0107 0.0365 0.0188 0.0153 0.0139 0.0317 0.0154 0.7748 
        D929  1 0.5421 0.0220 0.0938 0.0273 0.0176 0.0397 0.0639 0.1177 0.0232 0.0527 
        D936  1 0.1442 0.4893 0.0214 0.0350 0.0471 0.0274 0.0589 0.0464 0.1023 0.0282 
        D938  1 0.0513 0.0255 0.2855 0.4941 0.0129 0.0484 0.0395 0.0140 0.0141 0.0148 
        D956  1 0.0266 0.0310 0.0255 0.0342 0.0332 0.0398 0.0868 0.1208 0.0340 0.5682 
        D957  1 0.0443 0.0559 0.0236 0.7107 0.0289 0.0147 0.0232 0.0525 0.0204 0.0260 
        D958  1 0.0509 0.0914 0.0254 0.6080 0.0182 0.0317 0.0469 0.0312 0.0215 0.0749 
        D959  1 0.0110 0.5563 0.1090 0.0167 0.0382 0.0457 0.1518 0.0348 0.0156 0.0210 
        D960  1 0.0294 0.0302 0.2770 0.4636 0.0208 0.0133 0.0441 0.0581 0.0181 0.0454 
        D989  1 0.0278 0.0394 0.0395 0.0187 0.0863 0.0444 0.0453 0.0566 0.0749 0.5669 
        D990  1 0.0264 0.0142 0.1089 0.5927 0.0296 0.0195 0.0223 0.0172 0.1080 0.0612 
        D023  2 0.0154 0.0288 0.8461 0.0138 0.0174 0.0148 0.0140 0.0212 0.0142 0.0142 
        D130  2 0.0262 0.0846 0.4037 0.2246 0.0440 0.0259 0.1089 0.0487 0.0187 0.0147 
        D131  2 0.0409 0.1460 0.0323 0.0924 0.0477 0.2357 0.1505 0.0932 0.1230 0.0383 
        D163  2 0.0306 0.0856 0.5442 0.1084 0.0118 0.0208 0.0850 0.0352 0.0321 0.0463 
        D164  2 0.0174 0.0096 0.0154 0.3857 0.5084 0.0199 0.0135 0.0091 0.0117 0.0093 
        D165  2 0.0247 0.0233 0.7970 0.0208 0.0246 0.0231 0.0183 0.0273 0.0226 0.0183 
        D166  2 0.0856 0.0333 0.0576 0.0702 0.0401 0.1088 0.2006 0.3468 0.0407 0.0162 
        D167  2 0.0133 0.0120 0.0111 0.0157 0.8208 0.0149 0.0137 0.0562 0.0180 0.0242 
        D192  2 0.0185 0.0091 0.0120 0.0137 0.8625 0.0157 0.0118 0.0182 0.0226 0.0158 
        D193  2 0.0927 0.0251 0.0360 0.0745 0.0230 0.0191 0.1242 0.4165 0.0396 0.1493 
        D206  2 0.0338 0.0819 0.0674 0.0317 0.2828 0.2687 0.1185 0.0754 0.0190 0.0210 
        D207  2 0.0197 0.0265 0.0183 0.0203 0.5964 0.0289 0.0502 0.1512 0.0714 0.0171 
        D208  2 0.0498 0.0368 0.0708 0.0330 0.0613 0.2190 0.0500 0.0712 0.2417 0.1665 
        D209  2 0.1502 0.0298 0.0479 0.0469 0.4963 0.0592 0.0423 0.0700 0.0311 0.0264 
        D210  2 0.0373 0.0685 0.0235 0.0235 0.0903 0.0243 0.0697 0.0269 0.1710 0.4650 
     D229599  2 0.1240 0.1230 0.1819 0.0613 0.0413 0.0404 0.0373 0.1307 0.2069 0.0532 
     D229600  2 0.0219 0.0314 0.2178 0.1298 0.3591 0.0203 0.0914 0.0819 0.0266 0.0197 
     D237227  2 0.0215 0.0497 0.0608 0.1879 0.0507 0.0507 0.0296 0.0364 0.0964 0.4163 
     D237228  2 0.0157 0.0144 0.0216 0.5707 0.0388 0.0239 0.0530 0.0529 0.0599 0.1491 
     D237258  2 0.0529 0.0498 0.1254 0.0693 0.1767 0.1553 0.0485 0.1391 0.1108 0.0722 
     D237310  2 0.0257 0.0110 0.0245 0.6125 0.0516 0.0394 0.0862 0.1042 0.0214 0.0235 
     D237311  2 0.0193 0.0122 0.0249 0.6599 0.1245 0.0190 0.0432 0.0472 0.0263 0.0234 
     D237312  2 0.0816 0.0226 0.0746 0.2683 0.0254 0.0749 0.2905 0.0983 0.0225 0.0413 
     D237313  2 0.0616 0.0985 0.0385 0.2209 0.0232 0.2560 0.0836 0.0777 0.0669 0.0731 
     D237322  2 0.1155 0.0235 0.0377 0.0977 0.0545 0.0683 0.0993 0.0987 0.3227 0.0820 
     D237323  2 0.0228 0.0122 0.0463 0.6292 0.0273 0.0256 0.0447 0.0452 0.0450 0.1017 
     D237324  2 0.0377 0.0634 0.1696 0.1226 0.2965 0.0378 0.0757 0.0632 0.1162 0.0173 
     D237325  2 0.0515 0.0190 0.0445 0.5143 0.0492 0.0292 0.1658 0.0518 0.0276 0.0470 
     D237326  2 0.0297 0.0333 0.0233 0.7777 0.0169 0.0130 0.0250 0.0190 0.0210 0.0412 
     D237327  2 0.1212 0.0385 0.0940 0.0232 0.1167 0.0304 0.1299 0.1021 0.3042 0.0396 
     D237337  2 0.0142 0.0141 0.0222 0.8207 0.0139 0.0231 0.0302 0.0176 0.0153 0.0287 
     D237338  2 0.1075 0.0394 0.1328 0.1545 0.0748 0.0476 0.1832 0.0520 0.0937 0.1146 
     D237339  2 0.6677 0.0207 0.0136 0.0300 0.1090 0.0254 0.0288 0.0531 0.0360 0.0155 
     D237340  2 0.0370 0.0140 0.0367 0.4443 0.1434 0.0310 0.0701 0.0772 0.0406 0.1058 
     D237389  2 0.0277 0.0166 0.0363 0.5189 0.0985 0.0483 0.0958 0.1189 0.0170 0.0222 
     D237390  2 0.0453 0.0258 0.0421 0.3728 0.0195 0.0436 0.2577 0.0998 0.0372 0.0561 
     D244017  2 0.0223 0.0227 0.0501 0.0387 0.3136 0.0218 0.0190 0.3117 0.0352 0.1649 
     D244112  2 0.0129 0.0156 0.0360 0.0116 0.8132 0.0129 0.0344 0.0313 0.0150 0.0170 
     D244118  2 0.0268 0.0102 0.1324 0.1064 0.6269 0.0095 0.0153 0.0314 0.0221 0.0190 
     D244119  2 0.0118 0.0149 0.0148 0.0285 0.2408 0.0198 0.0149 0.0231 0.0174 0.6140 
     D244120  2 0.0503 0.0143 0.0321 0.0383 0.4003 0.0315 0.1019 0.2213 0.0621 0.0479 
     D244122  2 0.0371 0.0204 0.0522 0.0197 0.6501 0.0537 0.0425 0.0721 0.0203 0.0319 
        D291  2 0.0183 0.0517 0.1060 0.0244 0.0386 0.0859 0.0364 0.0999 0.5242 0.0145 
        D292  2 0.0513 0.1981 0.0290 0.0824 0.1908 0.0321 0.0289 0.0924 0.2376 0.0573 
        D293  2 0.0905 0.0871 0.0152 0.0149 0.6497 0.0167 0.0359 0.0217 0.0511 0.0171 
        D322  2 0.1190 0.0811 0.0310 0.0446 0.5723 0.0196 0.0308 0.0351 0.0477 0.0188 
        D323  2 0.0592 0.0301 0.0291 0.0410 0.0842 0.5291 0.0360 0.1293 0.0348 0.0272 
        D324  2 0.0191 0.1092 0.0503 0.1325 0.0349 0.0876 0.0892 0.0455 0.3693 0.0624 
        D325  2 0.0208 0.0362 0.0218 0.0177 0.7848 0.0163 0.0379 0.0167 0.0368 0.0111 
        D326  2 0.0128 0.8531 0.0093 0.0143 0.0101 0.0188 0.0201 0.0163 0.0214 0.0239 
        D340  2 0.0211 0.0216 0.0125 0.0176 0.8372 0.0156 0.0182 0.0136 0.0249 0.0179 
        D341  2 0.0454 0.0407 0.0200 0.0403 0.4911 0.0471 0.1942 0.0270 0.0552 0.0389 
        D342  2 0.0244 0.0225 0.0916 0.0701 0.5602 0.0559 0.0631 0.0676 0.0262 0.0183 
        D343  2 0.0142 0.0131 0.0122 0.0089 0.8946 0.0089 0.0147 0.0095 0.0145 0.0093 
        D344  2 0.3931 0.1044 0.0157 0.0541 0.0405 0.0397 0.0644 0.2459 0.0226 0.0196 
        D345  2 0.2020 0.1193 0.0691 0.2981 0.0484 0.0761 0.0219 0.0694 0.0548 0.0407 
        D346  2 0.0303 0.0405 0.0229 0.0305 0.0499 0.4206 0.0736 0.0313 0.0527 0.2476 
        D351  2 0.0799 0.1834 0.0673 0.0775 0.0431 0.0649 0.1322 0.1383 0.1925 0.0208 
        D352  2 0.6286 0.0215 0.0347 0.0394 0.0403 0.0342 0.0322 0.0916 0.0276 0.0498 
        D353  2 0.1789 0.2109 0.0311 0.0228 0.0532 0.0719 0.1223 0.2626 0.0299 0.0165 
        D354  2 0.6419 0.0696 0.0146 0.0788 0.0133 0.0490 0.0201 0.0604 0.0148 0.0375 
        D362  2 0.0185 0.7035 0.0752 0.0272 0.0262 0.0287 0.0185 0.0607 0.0196 0.0219 
        D363  2 0.0197 0.7454 0.0447 0.0205 0.0209 0.0450 0.0130 0.0361 0.0259 0.0288 
        D364  2 0.2861 0.3953 0.0293 0.0615 0.0253 0.0532 0.0309 0.0601 0.0187 0.0396 
        D365  2 0.0181 0.0195 0.0087 0.0132 0.8678 0.0143 0.0138 0.0138 0.0114 0.0193 
        D369  2 0.0231 0.1490 0.0335 0.1013 0.1360 0.2293 0.0470 0.0455 0.0970 0.1383 
        D374  2 0.0277 0.0180 0.0115 0.0662 0.0158 0.0237 0.0218 0.4014 0.0174 0.3964 
        D375  2 0.7497 0.0185 0.0217 0.0219 0.0145 0.0533 0.0248 0.0671 0.0110 0.0175 
        D376  2 0.0600 0.0175 0.0203 0.0778 0.0348 0.0301 0.0332 0.2181 0.0218 0.4863 
        D377  2 0.0287 0.0253 0.0329 0.0908 0.0326 0.5938 0.0679 0.0573 0.0368 0.0340 
        D378  2 0.1956 0.1146 0.1258 0.0284 0.2898 0.0618 0.0431 0.0378 0.0753 0.0277 
        D379  2 0.0539 0.6902 0.0188 0.0304 0.0164 0.0529 0.0502 0.0390 0.0269 0.0215 
        D384  2 0.0140 0.8455 0.0085 0.0218 0.0117 0.0226 0.0172 0.0125 0.0194 0.0267 
        D385  2 0.1215 0.0212 0.0155 0.0147 0.6904 0.0371 0.0180 0.0313 0.0174 0.0330 
        D386  2 0.4821 0.0781 0.0650 0.0541 0.0817 0.0702 0.0447 0.0785 0.0253 0.0203 
        D391  2 0.0924 0.0209 0.0138 0.0228 0.7384 0.0320 0.0209 0.0187 0.0249 0.0151 
        D392  2 0.0208 0.0520 0.0330 0.1543 0.5540 0.0313 0.0281 0.0591 0.0220 0.0453 
        D393  2 0.1921 0.1813 0.0363 0.0429 0.0823 0.1461 0.0539 0.0205 0.2233 0.0213 
        D394  2 0.1665 0.0690 0.1403 0.2016 0.0790 0.0272 0.0811 0.1510 0.0402 0.0442 
        D395  2 0.3396 0.0150 0.0249 0.0195 0.4278 0.0241 0.0282 0.0672 0.0294 0.0244 
        D401  2 0.0110 0.0162 0.0121 0.7619 0.0324 0.0705 0.0194 0.0334 0.0208 0.0224 
        D402  2 0.0397 0.0184 0.0138 0.0233 0.7256 0.0506 0.0246 0.0195 0.0694 0.0152 
        D403  2 0.1438 0.3433 0.0804 0.0403 0.0319 0.0457 0.1243 0.1218 0.0408 0.0278 
        D415  2 0.0289 0.4804 0.0425 0.1168 0.0199 0.0330 0.1806 0.0684 0.0165 0.0131 
        D435  2 0.0453 0.5801 0.0215 0.0336 0.1599 0.0208 0.0585 0.0193 0.0450 0.0160 
        D436  2 0.4079 0.0894 0.0277 0.0283 0.0302 0.0227 0.1998 0.1268 0.0240 0.0431 
        D438  2 0.0118 0.0101 0.0140 0.0118 0.8732 0.0244 0.0160 0.0099 0.0136 0.0154 
        D439  2 0.5277 0.0548 0.1397 0.0430 0.0577 0.0498 0.0249 0.0549 0.0339 0.0135 
        D449  2 0.0160 0.1151 0.0256 0.0165 0.5685 0.0347 0.1487 0.0346 0.0180 0.0223 
        D450  2 0.1913 0.1131 0.0705 0.0306 0.0191 0.1328 0.1242 0.1178 0.0810 0.1195 
        D456  2 0.0161 0.8549 0.0136 0.0136 0.0106 0.0194 0.0216 0.0149 0.0192 0.0161 
        D462  2 0.0810 0.0279 0.0201 0.0136 0.7674 0.0180 0.0181 0.0216 0.0166 0.0156 
        D463  2 0.0268 0.8283 0.0145 0.0167 0.0108 0.0222 0.0154 0.0215 0.0159 0.0279 
        D464  2 0.3390 0.0460 0.0193 0.0224 0.1119 0.0555 0.0900 0.2709 0.0173 0.0277 
        D465  2 0.0213 0.1508 0.0219 0.0927 0.4889 0.0709 0.0533 0.0487 0.0315 0.0200 
        D473  2 0.0993 0.0195 0.0576 0.1250 0.0408 0.0755 0.0640 0.0410 0.0420 0.4354 
        D474  2 0.0270 0.5422 0.0657 0.0284 0.0496 0.0437 0.0265 0.0272 0.1439 0.0459 
        D476  2 0.4701 0.0211 0.3206 0.0308 0.0557 0.0131 0.0222 0.0182 0.0341 0.0141 
        D477  2 0.2140 0.2775 0.0324 0.0990 0.0246 0.1426 0.0325 0.0428 0.0898 0.0448 
        D478  2 0.0795 0.0291 0.3598 0.0311 0.0586 0.0438 0.0549 0.2027 0.0487 0.0917 
        D480  2 0.2255 0.1663 0.0185 0.0315 0.0954 0.0924 0.0853 0.0291 0.1309 0.1250 
        D481  2 0.1628 0.2818 0.1205 0.1080 0.0579 0.0364 0.0272 0.0622 0.0434 0.0999 
        D482  2 0.4295 0.0167 0.0434 0.0733 0.0271 0.0628 0.0488 0.0803 0.1519 0.0662 
        D483  2 0.0154 0.0133 0.0228 0.0173 0.8049 0.0164 0.0135 0.0206 0.0172 0.0584 
        D484  2 0.8431 0.0086 0.0142 0.0111 0.0183 0.0256 0.0188 0.0279 0.0166 0.0159 
        D510  2 0.0384 0.0229 0.0173 0.0278 0.0221 0.0312 0.0460 0.1445 0.1110 0.5389 
        D511  2 0.6756 0.0414 0.0383 0.0335 0.0573 0.0439 0.0196 0.0281 0.0426 0.0198 
        D512  2 0.0218 0.0173 0.0329 0.4930 0.1423 0.0910 0.0657 0.0942 0.0292 0.0125 
        D513  2 0.0231 0.0650 0.0236 0.0402 0.5237 0.0797 0.0720 0.0468 0.0658 0.0600 
        D635  2 0.0179 0.2443 0.4999 0.0258 0.0382 0.0439 0.0290 0.0504 0.0313 0.0192 
        D636  2 0.0173 0.0225 0.7994 0.0382 0.0185 0.0435 0.0142 0.0169 0.0115 0.0180 
        D637  2 0.3094 0.0233 0.0273 0.0463 0.1212 0.1262 0.1836 0.0612 0.0476 0.0539 
        D658  2 0.1865 0.0195 0.0245 0.0573 0.4637 0.0239 0.0536 0.0427 0.0327 0.0957 
        D659  2 0.0343 0.6445 0.0484 0.0146 0.0235 0.0246 0.0810 0.0408 0.0650 0.0233 
        D677  2 0.0399 0.2006 0.0834 0.0789 0.0551 0.0981 0.2724 0.0813 0.0679 0.0225 
        D678  2 0.0257 0.0166 0.0298 0.0389 0.6310 0.0663 0.0340 0.1155 0.0267 0.0155 
        D679  2 0.0544 0.2290 0.0323 0.0302 0.0381 0.3594 0.0742 0.0396 0.0993 0.0435 
        D719  2 0.0423 0.1405 0.0119 0.0615 0.1575 0.0326 0.0208 0.0308 0.0987 0.4035 
        D720  2 0.0148 0.6965 0.0178 0.0552 0.0262 0.0414 0.0344 0.0222 0.0238 0.0677 
        D721  2 0.0217 0.0434 0.7023 0.0227 0.0547 0.0271 0.0317 0.0294 0.0356 0.0314 
        D722  2 0.0270 0.0204 0.0189 0.1322 0.0596 0.0764 0.0207 0.3815 0.0344 0.2288 
        D734  2 0.6257 0.0181 0.0124 0.0112 0.0486 0.0281 0.0287 0.0286 0.0317 0.1668 
        D735  2 0.0678 0.1555 0.0410 0.1102 0.0617 0.2830 0.0575 0.0774 0.0795 0.0664 
        D736  2 0.0341 0.0680 0.0401 0.0513 0.0552 0.0399 0.0974 0.0417 0.2904 0.2819 
        D737  2 0.1600 0.0148 0.0366 0.0482 0.5288 0.0181 0.0288 0.0632 0.0587 0.0428 
        D807  2 0.0866 0.1487 0.0616 0.0709 0.0619 0.0966 0.0913 0.0604 0.1370 0.1850 
        D808  2 0.0547 0.0441 0.0495 0.3594 0.0807 0.0348 0.1802 0.1055 0.0565 0.0346 
        D817  2 0.0383 0.1202 0.0192 0.0497 0.0170 0.6230 0.0270 0.0584 0.0230 0.0241 
        D818  2 0.0314 0.0507 0.2163 0.0183 0.1684 0.0433 0.2508 0.0814 0.1156 0.0237 
        D819  2 0.0148 0.0702 0.0345 0.1067 0.0255 0.6463 0.0196 0.0356 0.0261 0.0205 
        D820  2 0.1144 0.6140 0.0145 0.0196 0.0450 0.0151 0.0774 0.0366 0.0367 0.0266 
        D895  2 0.0789 0.3052 0.1510 0.0589 0.0492 0.1520 0.0585 0.0688 0.0401 0.0374 
        D896  2 0.0120 0.0121 0.0137 0.8648 0.0101 0.0156 0.0179 0.0217 0.0117 0.0204 
        D897  2 0.0341 0.0255 0.0331 0.0455 0.5480 0.0677 0.1180 0.0465 0.0610 0.0205 
        D898  2 0.0411 0.0480 0.0566 0.1607 0.0301 0.1813 0.0860 0.2240 0.1355 0.0368 
        D918  2 0.0831 0.0299 0.0797 0.1415 0.0532 0.0841 0.3400 0.0655 0.0600 0.0629 
        D919  2 0.4271 0.0956 0.0565 0.0217 0.0917 0.0190 0.0386 0.1224 0.1080 0.0195 
        D920  2 0.0446 0.0326 0.5483 0.0837 0.0318 0.0225 0.0703 0.0470 0.0263 0.0929 
        D923  2 0.1072 0.6358 0.0314 0.0233 0.0363 0.0358 0.0477 0.0400 0.0232 0.0195 
        D930  2 0.1224 0.1914 0.0251 0.0923 0.0414 0.1482 0.1444 0.0923 0.0472 0.0952 
        D931  2 0.2419 0.2302 0.0378 0.0471 0.1543 0.0742 0.0525 0.0776 0.0439 0.0406 
        D968  2 0.0224 0.0153 0.0142 0.0192 0.7828 0.0234 0.0183 0.0334 0.0573 0.0137 
        D969  2 0.0391 0.2146 0.0359 0.0506 0.1961 0.0454 0.0567 0.0901 0.2151 0.0564 
        D977  2 0.0312 0.0251 0.0238 0.0173 0.7290 0.0301 0.0699 0.0236 0.0303 0.0198 
        D978  2 0.0175 0.0203 0.0356 0.0139 0.0894 0.2001 0.1288 0.1094 0.3558 0.0292 
        D211  3 0.0229 0.0571 0.6438 0.0113 0.0204 0.0578 0.1082 0.0214 0.0326 0.0245 
     D229639  3 0.0239 0.0657 0.0415 0.0366 0.0486 0.0615 0.0465 0.0708 0.5199 0.0849 
     D237212  3 0.1692 0.0664 0.0915 0.0442 0.0521 0.1329 0.1172 0.0510 0.2521 0.0233 
     D237213  3 0.0656 0.0315 0.0850 0.1601 0.0280 0.4087 0.1096 0.0594 0.0367 0.0153 
     D237214  3 0.0142 0.0190 0.8259 0.0159 0.0135 0.0148 0.0419 0.0209 0.0112 0.0226 
     D237215  3 0.0213 0.0152 0.0182 0.0270 0.4526 0.0741 0.0163 0.1619 0.1382 0.0752 
     D237216  3 0.0517 0.0780 0.1970 0.0430 0.0333 0.1031 0.1732 0.1359 0.1516 0.0331 
     D237217  3 0.0337 0.1172 0.3780 0.0541 0.0407 0.0259 0.2045 0.0413 0.0897 0.0150 
     D237218  3 0.1643 0.0519 0.0240 0.0209 0.0352 0.0308 0.1724 0.0178 0.4268 0.0559 
     D237219  3 0.0183 0.0358 0.0804 0.1747 0.0260 0.2759 0.1314 0.0494 0.1408 0.0673 
     D237382  3 0.0420 0.0920 0.0411 0.2021 0.0559 0.0536 0.1857 0.1537 0.0413 0.1326 
     D244127  3 0.0381 0.0192 0.0655 0.4790 0.0699 0.0769 0.0543 0.0699 0.1113 0.0160 
     D244129  3 0.0720 0.0925 0.1016 0.2394 0.0901 0.0700 0.0938 0.1104 0.0885 0.0417 
     D244133  3 0.0131 0.0477 0.0278 0.0275 0.0525 0.6926 0.0283 0.0410 0.0234 0.0463 
     D244134  3 0.0226 0.0261 0.0373 0.0917 0.0253 0.1292 0.0245 0.0246 0.4378 0.1808 
     D244135  3 0.0207 0.0360 0.7287 0.0213 0.0465 0.0462 0.0379 0.0304 0.0173 0.0150 
     D244136  3 0.0264 0.1287 0.0417 0.0353 0.0776 0.3925 0.0537 0.0894 0.0509 0.1039 
        D416  3 0.0411 0.0972 0.1116 0.0535 0.1593 0.2770 0.1069 0.0646 0.0614 0.0273 
        D417  3 0.0301 0.6560 0.0208 0.0482 0.0169 0.0195 0.1459 0.0262 0.0181 0.0183 
        D419  3 0.0434 0.1013 0.0581 0.1189 0.0609 0.1760 0.1013 0.0662 0.2120 0.0619 
        D565  3 0.0135 0.0445 0.0181 0.0168 0.0129 0.0655 0.0172 0.0225 0.0461 0.7429 
        D566  3 0.0214 0.0643 0.0299 0.0493 0.0523 0.1907 0.0355 0.0751 0.2781 0.2034 
        D567  3 0.0567 0.5396 0.0730 0.1009 0.0382 0.0570 0.0366 0.0496 0.0261 0.0223 
        D568  3 0.1766 0.1123 0.0939 0.1325 0.1302 0.0524 0.1720 0.0578 0.0548 0.0176 
        D569  3 0.4561 0.0209 0.1391 0.0202 0.0974 0.0399 0.0345 0.1189 0.0329 0.0401 
        D573  3 0.0294 0.1447 0.0240 0.0302 0.2377 0.0447 0.0353 0.0495 0.3789 0.0257 
        D574  3 0.0330 0.0411 0.0408 0.0621 0.0472 0.1793 0.0809 0.1601 0.0891 0.2664 
        D575  3 0.0176 0.0385 0.0939 0.0375 0.0262 0.6589 0.0216 0.0207 0.0455 0.0397 
        D576  3 0.0170 0.0071 0.0350 0.0112 0.4516 0.2082 0.0155 0.1554 0.0756 0.0235 
        D577  3 0.0399 0.4955 0.0859 0.0267 0.0212 0.1111 0.0691 0.0712 0.0435 0.0359 
        D578  3 0.0102 0.0121 0.8388 0.0288 0.0199 0.0198 0.0235 0.0197 0.0142 0.0128 
        D579  3 0.1140 0.1724 0.0406 0.0572 0.0650 0.0983 0.0882 0.0439 0.1706 0.1498 
        D660  3 0.0346 0.0129 0.0433 0.0457 0.4712 0.1986 0.0483 0.0967 0.0330 0.0159 
        D661  3 0.0689 0.0302 0.0329 0.0306 0.1365 0.0291 0.3879 0.0319 0.2299 0.0220 
        D663  3 0.0408 0.0497 0.0415 0.0152 0.0770 0.0644 0.0410 0.1119 0.5376 0.0208 
        D664  3 0.0269 0.0158 0.1299 0.0602 0.1255 0.3406 0.1528 0.0648 0.0358 0.0476 
        D665  3 0.0929 0.0132 0.1439 0.0516 0.0306 0.3557 0.0433 0.2195 0.0377 0.0116 
        D666  3 0.0253 0.0559 0.0375 0.1266 0.0202 0.5352 0.0499 0.0276 0.0587 0.0632 
        D009  4 0.1457 0.1346 0.2348 0.1095 0.0214 0.0386 0.1445 0.0736 0.0645 0.0327 
        D057  4 0.5207 0.0297 0.1436 0.0316 0.1055 0.0090 0.0431 0.0212 0.0726 0.0232 
        D109  4 0.0320 0.0480 0.0971 0.3615 0.0176 0.1961 0.0776 0.0872 0.0246 0.0583 
     D237222  4 0.0468 0.0290 0.5658 0.0397 0.0347 0.0204 0.0332 0.0876 0.0315 0.1112 
     D237223  4 0.0490 0.0231 0.0487 0.0802 0.0511 0.0240 0.4915 0.0690 0.0585 0.1050 
     D237224  4 0.2011 0.1245 0.0678 0.0344 0.1793 0.0860 0.0311 0.0729 0.1722 0.0308 
     D237225  4 0.1084 0.1318 0.1794 0.0473 0.0371 0.0507 0.1808 0.0821 0.1371 0.0453 
     D237299  4 0.0209 0.0149 0.0348 0.0356 0.0183 0.0464 0.6745 0.0448 0.0745 0.0354 
     D237300  4 0.0254 0.0190 0.0192 0.0180 0.0482 0.1463 0.0510 0.0280 0.6132 0.0316 
     D237306  4 0.0381 0.0673 0.0205 0.0598 0.0190 0.0190 0.1876 0.0933 0.0294 0.4660 
     D237307  4 0.0196 0.3850 0.0578 0.0493 0.0482 0.1017 0.0608 0.0739 0.0683 0.1355 
     D237308  4 0.2262 0.0306 0.0343 0.1101 0.3837 0.0332 0.0413 0.0482 0.0365 0.0559 
     D237309  4 0.0943 0.1430 0.2118 0.0657 0.0333 0.0631 0.1258 0.1649 0.0696 0.0285 
     D237317  4 0.0400 0.1568 0.0892 0.0631 0.0273 0.0476 0.0322 0.0978 0.0467 0.3992 
     D237318  4 0.0157 0.0272 0.0140 0.0136 0.0522 0.0500 0.0330 0.0439 0.7324 0.0180 
     D237319  4 0.0271 0.0409 0.0603 0.2177 0.0473 0.0496 0.3181 0.1550 0.0444 0.0396 
     D237320  4 0.0237 0.0385 0.0446 0.0664 0.0464 0.0251 0.6139 0.0331 0.0816 0.0268 
     D237321  4 0.0269 0.0535 0.0381 0.0561 0.0811 0.0892 0.0541 0.0418 0.5223 0.0370 
     D237397  4 0.0288 0.0527 0.0524 0.0593 0.0793 0.0390 0.3459 0.0633 0.1258 0.1534 
     D237398  4 0.0424 0.0383 0.0264 0.0191 0.0313 0.0301 0.0929 0.0241 0.6803 0.0150 
     D237399  4 0.0466 0.0529 0.0900 0.0543 0.0319 0.0303 0.1469 0.0491 0.3333 0.1648 
     D244001  4 0.1255 0.0402 0.3875 0.0831 0.1045 0.0184 0.0941 0.0864 0.0332 0.0270 
        D289  4 0.2237 0.0755 0.0699 0.0301 0.0924 0.0226 0.0850 0.0476 0.0936 0.2596 
        D290  4 0.0783 0.0532 0.0470 0.0534 0.0311 0.0230 0.1023 0.4722 0.1081 0.0314 
        D294  4 0.2787 0.0857 0.0483 0.0212 0.0324 0.0413 0.2764 0.0906 0.0859 0.0393 
        D295  4 0.0770 0.2140 0.0420 0.1453 0.0274 0.1183 0.2094 0.0611 0.0584 0.0472 
        D301  4 0.0325 0.0179 0.3665 0.2018 0.0402 0.0345 0.0631 0.0883 0.1041 0.0511 
        D302  4 0.7778 0.0401 0.0283 0.0166 0.0127 0.0279 0.0278 0.0379 0.0177 0.0133 
        D303  4 0.0669 0.0361 0.0315 0.1043 0.0592 0.0784 0.0496 0.0568 0.0371 0.4799 
        D304  4 0.0284 0.0655 0.0497 0.0247 0.0323 0.0431 0.0527 0.3766 0.2655 0.0615 
        D305  4 0.5658 0.0237 0.0713 0.0432 0.1004 0.0350 0.0238 0.0828 0.0436 0.0105 
        D306  4 0.0308 0.0253 0.0431 0.0299 0.0236 0.0149 0.0769 0.6969 0.0275 0.0312 
        D307  4 0.0514 0.0165 0.6620 0.0460 0.0238 0.0305 0.0235 0.0250 0.0376 0.0837 
        D327  4 0.0338 0.5509 0.0283 0.0215 0.0457 0.0618 0.0746 0.0783 0.0438 0.0612 
        D328  4 0.3888 0.0200 0.0279 0.0668 0.0254 0.0808 0.0705 0.1747 0.0270 0.1180 
        D329  4 0.3070 0.0565 0.0591 0.1053 0.1301 0.0271 0.0881 0.0763 0.1017 0.0487 
        D330  4 0.0732 0.1994 0.1495 0.1071 0.0639 0.0394 0.1994 0.1414 0.0119 0.0148 
        D331  4 0.0375 0.1210 0.0571 0.0934 0.0332 0.0601 0.0430 0.2529 0.2225 0.0793 
        D333  4 0.2458 0.0705 0.0644 0.0742 0.0659 0.0432 0.1331 0.1164 0.0895 0.0970 
        D334  4 0.0570 0.0634 0.1153 0.0340 0.0171 0.0480 0.0521 0.0339 0.0368 0.5424 
        D335  4 0.5407 0.1088 0.0231 0.0358 0.0454 0.0429 0.0202 0.1363 0.0201 0.0266 
        D370  4 0.0656 0.0393 0.0450 0.3323 0.0317 0.0683 0.0238 0.3096 0.0284 0.0559 
        D371  4 0.0166 0.1581 0.0128 0.0269 0.0365 0.0861 0.0310 0.0435 0.0277 0.5608 
        D372  4 0.0200 0.0119 0.0154 0.0268 0.0433 0.0427 0.0424 0.0743 0.6999 0.0233 
        D373  4 0.0589 0.0387 0.6427 0.0210 0.0653 0.0491 0.0190 0.0297 0.0583 0.0175 
        D455  4 0.1042 0.0292 0.6869 0.0336 0.0301 0.0150 0.0192 0.0227 0.0356 0.0234 
        D490  4 0.0223 0.0206 0.7933 0.0235 0.0107 0.0191 0.0547 0.0146 0.0170 0.0242 
        D497  4 0.0802 0.0139 0.6267 0.0545 0.0138 0.0491 0.0775 0.0366 0.0278 0.0200 
        D498  4 0.0337 0.0536 0.0345 0.2083 0.0408 0.0831 0.0490 0.2702 0.1476 0.0793 
        D499  4 0.0942 0.0190 0.0132 0.0548 0.1419 0.2881 0.1758 0.0523 0.0663 0.0945 
        D514  4 0.0941 0.2622 0.0459 0.0588 0.0220 0.1388 0.0792 0.2332 0.0513 0.0145 
        D515  4 0.0368 0.0258 0.0231 0.0301 0.0190 0.0181 0.7716 0.0413 0.0136 0.0205 
        D516  4 0.0230 0.1252 0.0572 0.1773 0.0675 0.2637 0.1279 0.0661 0.0456 0.0465 
        D517  4 0.0256 0.0521 0.6253 0.0335 0.0307 0.0217 0.0615 0.0567 0.0710 0.0219 
        D518  4 0.6155 0.0210 0.1035 0.0392 0.0254 0.0130 0.0527 0.0358 0.0192 0.0747 
        D519  4 0.0147 0.0274 0.0237 0.0170 0.0206 0.0144 0.8166 0.0153 0.0338 0.0165 
        D560  4 0.0336 0.0608 0.0162 0.0227 0.0278 0.0142 0.7387 0.0252 0.0480 0.0128 
        D561  4 0.0835 0.0924 0.2049 0.0671 0.0745 0.0399 0.2973 0.0959 0.0281 0.0164 
        D562  4 0.1095 0.0343 0.3715 0.0303 0.0456 0.0268 0.0661 0.1882 0.0707 0.0571 
        D563  4 0.1158 0.0212 0.0497 0.0467 0.4512 0.0874 0.0570 0.0821 0.0708 0.0181 
        D572  4 0.6979 0.0475 0.0453 0.0156 0.0345 0.0175 0.0490 0.0495 0.0193 0.0239 
        D629  4 0.0491 0.1701 0.3076 0.0189 0.0197 0.2918 0.0465 0.0281 0.0482 0.0200 
        D630  4 0.1005 0.0675 0.1841 0.0319 0.0310 0.0250 0.3167 0.1022 0.0835 0.0577 
        D631  4 0.7686 0.0181 0.0205 0.0138 0.0405 0.0174 0.0600 0.0215 0.0250 0.0146 
        D632  4 0.2215 0.0508 0.1582 0.2555 0.1467 0.0682 0.0370 0.0291 0.0167 0.0164 
        D646  4 0.0356 0.1384 0.0330 0.1276 0.0430 0.0221 0.4943 0.0430 0.0345 0.0283 
        D647  4 0.0829 0.3838 0.0609 0.1373 0.0578 0.0186 0.1203 0.0716 0.0521 0.0147 
        D648  4 0.4970 0.0129 0.0187 0.0219 0.0276 0.1088 0.0536 0.1871 0.0158 0.0565 
        D649  4 0.1569 0.2936 0.0305 0.2980 0.0157 0.0838 0.0435 0.0270 0.0329 0.0181 
        D650  4 0.0855 0.1451 0.0655 0.0700 0.0277 0.1141 0.2659 0.0582 0.0801 0.0878 
        D708  4 0.2540 0.0346 0.0360 0.0370 0.0235 0.1547 0.1406 0.0754 0.0770 0.1672 
        D709  4 0.0506 0.0209 0.0195 0.2680 0.0241 0.0552 0.0718 0.4374 0.0212 0.0311 
        D738  4 0.0259 0.0747 0.0422 0.1254 0.0158 0.0200 0.1023 0.0362 0.0363 0.5213 
        D739  4 0.0614 0.0275 0.4321 0.0320 0.0272 0.0332 0.1578 0.1321 0.0620 0.0347 
        D740  4 0.0688 0.0229 0.0745 0.1204 0.0574 0.0555 0.1279 0.1065 0.1997 0.1664 
        D741  4 0.0187 0.0833 0.0210 0.0304 0.0562 0.0334 0.6472 0.0668 0.0287 0.0141 
        D742  4 0.0784 0.0364 0.0999 0.0329 0.2656 0.0413 0.1540 0.0611 0.1298 0.1007 
        D743  4 0.3674 0.3704 0.0280 0.0179 0.0365 0.0424 0.0460 0.0271 0.0406 0.0237 
        D744  4 0.7844 0.0235 0.0209 0.0198 0.0329 0.0222 0.0341 0.0199 0.0247 0.0176 
        D745  4 0.0232 0.0190 0.0438 0.0279 0.0157 0.0308 0.7891 0.0186 0.0175 0.0145 
        D814  4 0.0824 0.0374 0.1299 0.0137 0.2408 0.0379 0.2427 0.1421 0.0501 0.0231 
        D815  4 0.4871 0.0971 0.0259 0.0852 0.0272 0.0452 0.0394 0.1102 0.0533 0.0294 
        D828  4 0.1047 0.0110 0.0327 0.0430 0.0943 0.0773 0.1071 0.3709 0.0712 0.0880 
        D845  4 0.0170 0.0152 0.0118 0.0117 0.0187 0.0183 0.0232 0.0136 0.8376 0.0329 
        D846  4 0.3659 0.0754 0.1684 0.0175 0.1236 0.0613 0.0338 0.0988 0.0452 0.0099 
        D847  4 0.0624 0.0760 0.2939 0.0421 0.0411 0.0347 0.1874 0.0661 0.1113 0.0850 
        D848  4 0.0369 0.0129 0.6248 0.0278 0.0472 0.0194 0.0126 0.0281 0.1740 0.0165 
        D849  4 0.0611 0.0328 0.3262 0.0495 0.0360 0.0592 0.2930 0.0909 0.0284 0.0230 
        D850  4 0.0434 0.0907 0.2023 0.0459 0.0524 0.0632 0.2081 0.0440 0.1826 0.0675 
        D856  4 0.0448 0.0394 0.0449 0.2962 0.0254 0.0817 0.1718 0.2152 0.0402 0.0404 
        D857  4 0.0340 0.0078 0.0334 0.6423 0.0578 0.0145 0.0251 0.1356 0.0170 0.0324 
        D859  4 0.5339 0.0505 0.0363 0.0210 0.0324 0.0241 0.1043 0.0814 0.0933 0.0228 
        D860  4 0.0773 0.0612 0.0296 0.0401 0.0730 0.0201 0.0231 0.0517 0.1507 0.4732 
        D883  4 0.0837 0.1866 0.1936 0.1008 0.0336 0.0881 0.1011 0.0726 0.0576 0.0823 
        D884  4 0.0694 0.0342 0.0256 0.0899 0.0136 0.0647 0.5526 0.0739 0.0222 0.0539 
        D885  4 0.0322 0.0886 0.0588 0.0363 0.0558 0.1217 0.2622 0.0556 0.2701 0.0186 
        D886  4 0.0970 0.1359 0.1488 0.2319 0.0745 0.0188 0.0783 0.1366 0.0508 0.0273 
        D887  4 0.1132 0.1182 0.0397 0.0489 0.1135 0.0413 0.1382 0.1335 0.1935 0.0599 
        D889  4 0.0496 0.0327 0.0204 0.0111 0.0110 0.0256 0.0809 0.1229 0.6283 0.0176 
        D890  4 0.0679 0.0270 0.0587 0.0584 0.0589 0.5435 0.0257 0.0782 0.0284 0.0533 
        D891  4 0.0102 0.0111 0.0103 0.0091 0.0132 0.0184 0.0107 0.0128 0.8951 0.0090 
        D899  4 0.0790 0.0206 0.0344 0.0232 0.4620 0.0547 0.0358 0.0627 0.1494 0.0781 
        D900  4 0.1341 0.0992 0.1436 0.0435 0.0777 0.0464 0.0894 0.2494 0.0551 0.0618 
        D970  4 0.3529 0.1156 0.0955 0.0465 0.0616 0.0539 0.0525 0.0778 0.0970 0.0468 
        D971  4 0.1493 0.0547 0.0353 0.0895 0.4192 0.0554 0.0172 0.0936 0.0198 0.0658 
        D979  4 0.3123 0.2550 0.0266 0.0263 0.0392 0.0747 0.0391 0.1611 0.0349 0.0310 
        D093  5 0.0236 0.0371 0.0216 0.0240 0.0235 0.0225 0.0719 0.0338 0.0806 0.6613 
        D154  5 0.0339 0.0226 0.0161 0.0275 0.0938 0.3655 0.2796 0.0639 0.0653 0.0318 
        D168  5 0.0277 0.0504 0.0923 0.0425 0.1726 0.3408 0.1037 0.0649 0.0897 0.0154 
        D189  5 0.0375 0.0400 0.0242 0.0292 0.0340 0.0228 0.0999 0.1498 0.2048 0.3577 
        D190  5 0.0579 0.0265 0.0136 0.0403 0.0226 0.1274 0.0347 0.0240 0.0310 0.6220 
     D237220  5 0.0767 0.0219 0.1957 0.0962 0.0238 0.0188 0.1270 0.0666 0.2552 0.1182 
     D237221  5 0.0642 0.0650 0.0347 0.0661 0.0991 0.1322 0.0540 0.0429 0.2220 0.2197 
     D237274  5 0.1614 0.3835 0.0217 0.1375 0.0740 0.0372 0.0473 0.1037 0.0186 0.0150 
     D237275  5 0.0149 0.0173 0.0264 0.0417 0.4896 0.0619 0.0370 0.1825 0.1035 0.0251 
     D237276  5 0.0520 0.0850 0.0416 0.1551 0.0289 0.0579 0.3206 0.0752 0.0377 0.1459 
     D237277  5 0.0396 0.0226 0.0154 0.0545 0.0506 0.1935 0.0403 0.0330 0.1644 0.3861 
     D237278  5 0.0766 0.0497 0.0599 0.0841 0.3340 0.0270 0.0467 0.0624 0.0263 0.2332 
     D237279  5 0.0531 0.0477 0.0889 0.2992 0.0185 0.3328 0.0566 0.0515 0.0356 0.0158 
     D237280  5 0.0662 0.0863 0.1321 0.3302 0.0193 0.1804 0.0296 0.0553 0.0383 0.0622 
     D237281  5 0.0316 0.0561 0.0165 0.0248 0.2676 0.0246 0.0530 0.0570 0.4384 0.0305 
     D237351  5 0.0206 0.0168 0.0305 0.4943 0.0159 0.2603 0.0568 0.0192 0.0270 0.0585 
     D237352  5 0.1709 0.0548 0.2543 0.0787 0.0681 0.1522 0.0357 0.1006 0.0353 0.0495 
     D237353  5 0.0386 0.0160 0.0110 0.0748 0.0170 0.2428 0.0194 0.0242 0.0518 0.5043 
     D237359  5 0.0596 0.0301 0.1750 0.0319 0.0220 0.0356 0.1427 0.0604 0.3958 0.0469 
     D237361  5 0.0192 0.0217 0.0147 0.0452 0.0183 0.0397 0.0207 0.0382 0.0300 0.7524 
     D237362  5 0.0192 0.0399 0.0156 0.0198 0.0221 0.7711 0.0334 0.0174 0.0347 0.0267 
     D237363  5 0.0200 0.0328 0.0450 0.0391 0.1709 0.2629 0.0775 0.2386 0.0697 0.0434 
     D237364  5 0.0960 0.0686 0.0706 0.0627 0.1095 0.0524 0.3612 0.0838 0.0791 0.0160 
     D237376  5 0.1101 0.0122 0.0161 0.0281 0.0332 0.1699 0.0706 0.4342 0.0276 0.0979 
     D237377  5 0.0470 0.0743 0.0492 0.2703 0.0387 0.2787 0.0221 0.0771 0.0351 0.1077 
     D237378  5 0.1182 0.0261 0.0343 0.0302 0.0557 0.0668 0.0873 0.1086 0.0620 0.4109 
     D237379  5 0.2388 0.0337 0.0427 0.0264 0.0523 0.0592 0.1104 0.1294 0.0525 0.2545 
     D237380  5 0.0792 0.0190 0.0241 0.6701 0.0105 0.0154 0.0277 0.0993 0.0163 0.0384 
     D237381  5 0.0930 0.0357 0.1309 0.3676 0.0493 0.0419 0.0364 0.1360 0.0472 0.0619 
     D237391  5 0.0233 0.0262 0.0154 0.0207 0.0167 0.0311 0.0344 0.0143 0.1274 0.6906 
     D237392  5 0.0522 0.2678 0.0206 0.1515 0.2090 0.0864 0.0730 0.0831 0.0327 0.0238 
     D237393  5 0.0409 0.3862 0.0831 0.0789 0.0561 0.0251 0.0263 0.0832 0.0551 0.1652 
     D237394  5 0.0192 0.0177 0.0162 0.0206 0.0096 0.1585 0.0161 0.0133 0.0213 0.7075 
     D237395  5 0.0189 0.0385 0.0499 0.0748 0.0471 0.1573 0.2245 0.0714 0.1308 0.1869 
     D237396  5 0.0455 0.3012 0.0969 0.0661 0.0820 0.0489 0.0390 0.0582 0.0867 0.1754 
     D244016  5 0.0495 0.0145 0.0114 0.0222 0.0283 0.6634 0.0165 0.0482 0.0366 0.1095 
     D244018  5 0.0262 0.0951 0.0483 0.0425 0.3026 0.0388 0.0536 0.0492 0.1134 0.2303 
     D244019  5 0.0319 0.0367 0.0196 0.0371 0.0467 0.5805 0.0329 0.1197 0.0659 0.0290 
        D279  5 0.0497 0.0342 0.0302 0.0290 0.0468 0.0415 0.1740 0.0460 0.4947 0.0541 
        D280  5 0.0273 0.0712 0.1689 0.0559 0.0342 0.0624 0.0671 0.1699 0.1788 0.1641 
        D281  5 0.0302 0.0275 0.0157 0.0134 0.0962 0.0396 0.0932 0.0827 0.5326 0.0690 
        D283  5 0.0272 0.1032 0.0277 0.0590 0.0270 0.1107 0.0479 0.0758 0.1336 0.3878 
        D284  5 0.0364 0.0523 0.1575 0.0798 0.0434 0.1914 0.2285 0.1079 0.0641 0.0387 
        D285  5 0.0510 0.0565 0.0229 0.0407 0.0156 0.0323 0.1121 0.0568 0.3017 0.3102 
        D286  5 0.1220 0.0937 0.0671 0.0386 0.0273 0.0653 0.1761 0.1640 0.0784 0.1676 
        D287  5 0.1118 0.0146 0.0341 0.0603 0.0281 0.2349 0.1118 0.2726 0.0319 0.0999 
        D288  5 0.0213 0.1341 0.0281 0.0370 0.0336 0.3347 0.0378 0.1043 0.2272 0.0418 
        D308  5 0.0218 0.0438 0.0177 0.7674 0.0190 0.0272 0.0309 0.0257 0.0207 0.0258 
        D309  5 0.8260 0.0157 0.0287 0.0216 0.0153 0.0218 0.0186 0.0178 0.0136 0.0207 
        D310  5 0.0174 0.0167 0.0111 0.0194 0.0119 0.0384 0.0285 0.1303 0.0430 0.6834 
        D311  5 0.0839 0.0825 0.0291 0.0291 0.0333 0.2269 0.1654 0.2421 0.0386 0.0691 
        D312  5 0.1673 0.0771 0.0804 0.0477 0.0489 0.1858 0.0777 0.1215 0.0723 0.1213 
        D313  5 0.0117 0.0189 0.2111 0.6459 0.0105 0.0148 0.0201 0.0255 0.0147 0.0268 
        D314  5 0.0405 0.0285 0.0507 0.0519 0.0656 0.2660 0.2417 0.0927 0.1072 0.0554 
        D315  5 0.0462 0.2403 0.1154 0.0620 0.0451 0.0711 0.0524 0.1025 0.0334 0.2316 
        D317  5 0.0143 0.0486 0.0232 0.0166 0.0149 0.0277 0.0351 0.0529 0.0312 0.7356 
        D318  5 0.1340 0.0756 0.1895 0.0360 0.0922 0.0776 0.1131 0.1841 0.0496 0.0484 
        D319  5 0.0135 0.0214 0.0150 0.0482 0.0154 0.0191 0.0365 0.0263 0.0420 0.7626 
        D320  5 0.0470 0.0249 0.0307 0.0426 0.0146 0.0519 0.0321 0.0527 0.1012 0.6022 
        D321  5 0.0220 0.0868 0.0217 0.4968 0.0114 0.1537 0.0273 0.0299 0.1109 0.0396 
        D336  5 0.0337 0.0177 0.0198 0.0168 0.0160 0.0171 0.0241 0.2595 0.0206 0.5749 
        D337  5 0.0264 0.0215 0.0133 0.0191 0.0197 0.0387 0.0133 0.0354 0.0654 0.7472 
        D338  5 0.0427 0.1759 0.0645 0.0371 0.0376 0.0193 0.2392 0.0523 0.1316 0.1997 
        D339  5 0.0206 0.0460 0.0222 0.0594 0.0408 0.0330 0.0513 0.0759 0.1123 0.5385 
        D347  5 0.0665 0.0418 0.0196 0.0184 0.0478 0.0128 0.0223 0.7046 0.0433 0.0229 
        D348  5 0.0769 0.0218 0.0175 0.0191 0.0209 0.0172 0.0173 0.1587 0.0206 0.6300 
