        D174  1 0.0196 0.0395 0.0625 0.0875 0.0855 0.3691 0.0296 0.1286 0.0976 0.0806 
        D199  1 0.0360 0.1913 0.1827 0.0924 0.1125 0.1395 0.0875 0.0277 0.0382 0.0922 
        D203  1 0.0407 0.1175 0.2702 0.1196 0.0933 0.0522 0.1097 0.1228 0.0217 0.0524 
        D204  1 0.1206 0.0444 0.6420 0.0407 0.0329 0.0214 0.0222 0.0235 0.0288 0.0235 
     D237366  1 0.0825 0.0451 0.0421 0.0652 0.0918 0.0674 0.0557 0.0343 0.0267 0.4891 
     D237367  1 0.0448 0.0975 0.1728 0.0931 0.1392 0.0412 0.0248 0.0604 0.1629 0.1632 
     D237368  1 0.0518 0.0720 0.1614 0.0415 0.0904 0.1174 0.0306 0.0435 0.0360 0.3553 
     D244101  1 0.4776 0.0766 0.1020 0.0385 0.0948 0.0215 0.1046 0.0279 0.0303 0.0262 
     D244102  1 0.0673 0.0418 0.0654 0.3252 0.0860 0.0399 0.0737 0.1199 0.0894 0.0914 
     D244103  1 0.0399 0.0441 0.1051 0.0755 0.1960 0.0471 0.0417 0.0654 0.1409 0.2444 
     D244104  1 0.0324 0.0353 0.5644 0.0160 0.0339 0.0681 0.0348 0.0319 0.1433 0.0398 
     D244105  1 0.0213 0.0228 0.0379 0.0456 0.1926 0.0182 0.0636 0.2069 0.0561 0.3350 
     D244106  1 0.0284 0.0817 0.0796 0.0782 0.0708 0.4805 0.0774 0.0510 0.0293 0.0232 
     D244107  1 0.0911 0.1159 0.0464 0.0233 0.1231 0.0158 0.0296 0.1600 0.0621 0.3328 
     D244108  1 0.0469 0.0404 0.0649 0.1062 0.0807 0.3419 0.0452 0.1925 0.0352 0.0462 
     D244113  1 0.0788 0.0487 0.0201 0.2764 0.0508 0.3209 0.0220 0.0280 0.1121 0.0422 
     D244114  1 0.0490 0.0560 0.0803 0.0756 0.2949 0.0726 0.1601 0.0889 0.0377 0.0849 
     D244115  1 0.0334 0.0303 0.1324 0.0540 0.1758 0.2236 0.0376 0.2093 0.0492 0.0544 
     D267365  1 0.0455 0.0380 0.2865 0.0546 0.0665 0.1903 0.1334 0.0416 0.0439 0.0997 
        D404  1 0.0955 0.0396 0.0317 0.4722 0.0550 0.1539 0.0279 0.0463 0.0569 0.0209 
        D405  1 0.0548 0.0663 0.0934 0.4944 0.0646 0.0482 0.0355 0.0554 0.0498 0.0377 
        D406  1 0.0506 0.0270 0.0679 0.0278 0.0477 0.0571 0.0188 0.0769 0.0183 0.6079 
        D407  1 0.0186 0.1321 0.4446 0.0284 0.0620 0.0356 0.0244 0.0189 0.0965 0.1390 
        D408  1 0.0480 0.0202 0.0814 0.0548 0.0673 0.3137 0.1376 0.0337 0.2100 0.0332 
        D409  1 0.0426 0.0499 0.0919 0.0507 0.2253 0.0482 0.1011 0.1003 0.0676 0.2223 
        D410  1 0.0341 0.0156 0.0751 0.0283 0.0295 0.0308 0.0164 0.7102 0.0298 0.0303 
        D421  1 0.0130 0.0408 0.8156 0.0114 0.0194 0.0256 0.0173 0.0110 0.0298 0.0161 
        D422  1 0.0225 0.0291 0.0481 0.0168 0.0598 0.0148 0.0359 0.0349 0.0253 0.7128 
        D423  1 0.0188 0.0617 0.0670 0.0251 0.0557 0.0210 0.0159 0.6579 0.0202 0.0566 
        D424  1 0.0203 0.0220 0.5920 0.0290 0.1147 0.0383 0.0184 0.0342 0.0355 0.0956 
        D425  1 0.0343 0.0288 0.3288 0.1538 0.1540 0.0864 0.0322 0.0983 0.0430 0.0404 
        D426  1 0.0230 0.0347 0.0408 0.0215 0.3102 0.0322 0.1670 0.0247 0.1036 0.2423 
        D427  1 0.0168 0.3388 0.3243 0.0129 0.0251 0.1627 0.0246 0.0239 0.0450 0.0258 
        D428  1 0.0806 0.0544 0.2119 0.1158 0.1109 0.1931 0.0278 0.0508 0.0632 0.0915 
        D429  1 0.0360 0.0361 0.4085 0.0730 0.0836 0.1582 0.0827 0.0505 0.0297 0.0418 
        D430  1 0.0313 0.0728 0.1063 0.1661 0.1997 0.1240 0.1452 0.0576 0.0534 0.0436 
        D491  1 0.0363 0.0150 0.0782 0.0406 0.0624 0.5918 0.0432 0.0289 0.0790 0.0246 
        D492  1 0.0521 0.0601 0.2912 0.0961 0.1578 0.1200 0.0330 0.0472 0.0351 0.1074 
        D537  1 0.0780 0.0455 0.4227 0.0626 0.0679 0.0366 0.0186 0.0652 0.1065 0.0964 
        D538  1 0.0635 0.0782 0.0738 0.2786 0.1329 0.0994 0.0415 0.0985 0.0375 0.0961 
        D539  1 0.0671 0.0402 0.0358 0.0807 0.0955 0.1154 0.3515 0.0755 0.0815 0.0567 
        D540  1 0.0316 0.0244 0.1736 0.0464 0.1280 0.0336 0.0585 0.0571 0.3755 0.0713 
        D541  1 0.0168 0.0176 0.8380 0.0155 0.0189 0.0181 0.0167 0.0195 0.0201 0.0189 
        D551  1 0.0310 0.1935 0.0560 0.0319 0.3143 0.0331 0.1543 0.0386 0.0551 0.0921 
        D552  1 0.0917 0.0434 0.1320 0.0245 0.1080 0.2363 0.0508 0.1082 0.1143 0.0907 
        D553  1 0.0179 0.0145 0.8236 0.0123 0.0202 0.0189 0.0228 0.0152 0.0360 0.0184 
        D615  1 0.0276 0.0545 0.4450 0.0851 0.0811 0.0676 0.0611 0.0963 0.0447 0.0370 
        D616  1 0.0261 0.1084 0.3176 0.0297 0.1361 0.0593 0.0686 0.1240 0.0574 0.0727 
        D621  1 0.2844 0.0235 0.0208 0.0533 0.0522 0.1010 0.0347 0.1114 0.0729 0.2457 
        D622  1 0.0471 0.0239 0.0357 0.0238 0.0605 0.0498 0.0405 0.1460 0.0776 0.4952 
        D623  1 0.1873 0.1444 0.0275 0.1790 0.0528 0.2527 0.0395 0.0564 0.0318 0.0287 
        D624  1 0.0130 0.0181 0.0456 0.0249 0.0722 0.6949 0.0343 0.0249 0.0307 0.0414 
        D625  1 0.0572 0.0214 0.5724 0.0262 0.0636 0.0733 0.0214 0.0707 0.0465 0.0473 
        D626  1 0.0265 0.0296 0.0548 0.0582 0.0994 0.2692 0.0558 0.1032 0.1945 0.1090 
        D627  1 0.0254 0.0331 0.1126 0.0253 0.3002 0.0374 0.2102 0.0404 0.0345 0.1809 
        D690  1 0.0259 0.0145 0.7414 0.0167 0.0245 0.0427 0.0147 0.0489 0.0243 0.0463 
        D691  1 0.0288 0.0206 0.0700 0.0192 0.0335 0.0478 0.0279 0.1601 0.0362 0.5558 
        D710  1 0.1400 0.0575 0.2232 0.0494 0.1147 0.1353 0.0338 0.0515 0.0804 0.1143 
        D711  1 0.0381 0.0276 0.7077 0.0525 0.0277 0.0286 0.0241 0.0339 0.0138 0.0461 
        D712  1 0.0521 0.0390 0.0368 0.0628 0.0596 0.4869 0.0697 0.0306 0.0721 0.0902 
        D713  1 0.1490 0.0265 0.1405 0.1671 0.1103 0.1343 0.0332 0.0607 0.0545 0.1239 
        D746  1 0.0317 0.0380 0.0878 0.0180 0.0359 0.0299 0.0236 0.0535 0.0523 0.6293 
        D747  1 0.0260 0.0246 0.8290 0.0157 0.0177 0.0173 0.0213 0.0175 0.0136 0.0173 
        D748  1 0.0670 0.0228 0.2083 0.0288 0.0559 0.0353 0.0308 0.2167 0.0539 0.2805 
        D749  1 0.0862 0.0421 0.0287 0.0582 0.2293 0.0857 0.0472 0.0777 0.0287 0.3162 
        D750  1 0.0521 0.0226 0.1517 0.0270 0.0428 0.5117 0.0234 0.0955 0.0323 0.0409 
        D763  1 0.1272 0.1191 0.0676 0.0402 0.1176 0.0254 0.1990 0.0357 0.1675 0.1006 
        D764  1 0.0198 0.0200 0.4896 0.0181 0.0425 0.2342 0.0186 0.0723 0.0372 0.0476 
        D765  1 0.0177 0.0182 0.0354 0.0511 0.0656 0.1344 0.0327 0.5451 0.0326 0.0672 
        D766  1 0.1230 0.0338 0.0692 0.0350 0.0695 0.0397 0.0245 0.3431 0.1511 0.1111 
        D767  1 0.1661 0.0817 0.0865 0.3055 0.0733 0.0399 0.0308 0.0933 0.0288 0.0941 
        D768  1 0.0158 0.0209 0.8022 0.0153 0.0299 0.0155 0.0163 0.0252 0.0282 0.0307 
        D811  1 0.0232 0.0186 0.0264 0.3633 0.0485 0.0829 0.0230 0.0755 0.3203 0.0183 
        D816  1 0.0259 0.0191 0.7870 0.0215 0.0328 0.0319 0.0203 0.0181 0.0192 0.0241 
        D825  1 0.0352 0.0190 0.1042 0.1542 0.0921 0.1781 0.0301 0.2522 0.0855 0.0494 
        D866  1 0.0199 0.0844 0.0659 0.0642 0.0814 0.1875 0.3277 0.0707 0.0665 0.0318 
        D867  1 0.0984 0.0483 0.0184 0.0450 0.0523 0.0282 0.0225 0.0326 0.0425 0.6119 
        D871  1 0.0331 0.0235 0.0738 0.0470 0.3222 0.0571 0.1088 0.0552 0.0813 0.1981 
        D872  1 0.0460 0.0630 0.1846 0.2976 0.0875 0.0513 0.0257 0.0943 0.0326 0.1174 
        D873  1 0.0504 0.0320 0.0129 0.0980 0.0352 0.0188 0.0142 0.6815 0.0188 0.0381 
        D874  1 0.6810 0.0221 0.0544 0.0327 0.0403 0.0645 0.0339 0.0217 0.0322 0.0171 
        D875  1 0.0283 0.0232 0.0338 0.0438 0.2558 0.0232 0.0563 0.1870 0.0505 0.2981 
        D876  1 0.1172 0.0250 0.3555 0.0340 0.0988 0.1187 0.0596 0.0489 0.0488 0.0933 
        D877  1 0.0736 0.0241 0.0332 0.6197 0.0475 0.0999 0.0231 0.0229 0.0418 0.0142 
        D892  1 0.0522 0.0204 0.2347 0.0574 0.0668 0.1780 0.0311 0.0825 0.0187 0.2581 
        D893  1 0.0437 0.0337 0.5882 0.0276 0.0667 0.0198 0.0568 0.0378 0.0556 0.0699 
        D894  1 0.0338 0.0323 0.6210 0.0402 0.0636 0.0458 0.0510 0.0411 0.0259 0.0453 
        D915  1 0.0254 0.0389 0.4020 0.0323 0.0562 0.0522 0.0329 0.2277 0.0517 0.0807 
        D916  1 0.0140 0.0149 0.8495 0.0118 0.0181 0.0209 0.0130 0.0211 0.0160 0.0206 
        D917  1 0.1275 0.0590 0.1127 0.0746 0.1310 0.2568 0.1037 0.0267 0.0548 0.0532 
        D925  1 0.0195 0.0258 0.2562 0.0373 0.0462 0.1088 0.0385 0.3528 0.0692 0.0456 
        D926  1 0.0708 0.0254 0.3490 0.0408 0.1985 0.0671 0.0506 0.0803 0.0384 0.0789 
        D927  1 0.0482 0.2167 0.2045 0.0590 0.1397 0.0635 0.1223 0.0298 0.0432 0.0733 
        D928  1 0.0255 0.0188 0.0801 0.0391 0.0231 0.7434 0.0155 0.0215 0.0207 0.0122 
        D929  1 0.3208 0.0213 0.0326 0.3256 0.0654 0.0473 0.0306 0.0358 0.0369 0.0835 
        D936  1 0.1749 0.0429 0.4407 0.0349 0.0593 0.0322 0.1063 0.0396 0.0354 0.0338 
        D938  1 0.0763 0.0213 0.0284 0.0218 0.0390 0.0346 0.0210 0.0824 0.0757 0.5994 
        D956  1 0.0358 0.0311 0.0480 0.1352 0.0710 0.5162 0.0327 0.0632 0.0414 0.0254 
        D957  1 0.0681 0.0516 0.1127 0.1600 0.0599 0.0460 0.0317 0.3673 0.0226 0.0800 
        D958  1 0.1224 0.0308 0.1534 0.0567 0.1058 0.1544 0.0219 0.1985 0.0561 0.1000 
        D959  1 0.0162 0.1145 0.4393 0.0261 0.0976 0.0359 0.0163 0.0254 0.0776 0.1512 
        D960  1 0.0454 0.0281 0.0427 0.0971 0.0635 0.0542 0.0277 0.1080 0.0156 0.5176 
        D989  1 0.0271 0.0686 0.0429 0.0448 0.0505 0.5527 0.0921 0.0281 0.0436 0.0496 
        D990  1 0.0246 0.0307 0.0192 0.0171 0.1054 0.0784 0.1279 0.5148 0.0333 0.0484 
        D023  2 0.0204 0.0218 0.0484 0.0116 0.0238 0.0187 0.0160 0.0173 0.0224 0.7996 
        D130  2 0.0246 0.0542 0.0984 0.1110 0.0388 0.0192 0.0219 0.0424 0.0216 0.5679 
        D131  2 0.0678 0.0475 0.1982 0.0427 0.2447 0.0439 0.0755 0.0783 0.1586 0.0429 
        D163  2 0.0461 0.0163 0.0728 0.0203 0.0821 0.0518 0.0350 0.0482 0.0250 0.6023 
        D164  2 0.0209 0.5324 0.0125 0.0201 0.0259 0.0116 0.0148 0.2960 0.0285 0.0372 
        D165  2 0.0309 0.0280 0.0414 0.0149 0.0390 0.0223 0.0275 0.0224 0.0301 0.7436 
        D166  2 0.0740 0.0391 0.0350 0.4846 0.1177 0.0183 0.0422 0.0577 0.0711 0.0601 
        D167  2 0.0157 0.7312 0.0182 0.1056 0.0218 0.0353 0.0207 0.0182 0.0171 0.0162 
        D192  2 0.0223 0.8114 0.0124 0.0266 0.0195 0.0263 0.0277 0.0181 0.0196 0.0160 
        D193  2 0.0474 0.0259 0.0204 0.6119 0.0715 0.0555 0.0550 0.0607 0.0220 0.0297 
        D206  2 0.0289 0.2523 0.0524 0.0379 0.0982 0.0216 0.0381 0.0308 0.3787 0.0612 
        D207  2 0.0229 0.4497 0.0374 0.2103 0.0951 0.0239 0.0656 0.0349 0.0260 0.0342 
        D208  2 0.0508 0.0746 0.0559 0.0683 0.0856 0.1342 0.1737 0.0440 0.2677 0.0449 
        D209  2 0.1542 0.3545 0.0356 0.0492 0.1706 0.0246 0.0357 0.0449 0.0687 0.0621 
        D210  2 0.0391 0.0858 0.0762 0.0292 0.0563 0.4464 0.1568 0.0388 0.0348 0.0365 
     D229599  2 0.1822 0.0489 0.1510 0.0621 0.1162 0.0516 0.1614 0.0565 0.0492 0.1207 
     D229600  2 0.0260 0.3093 0.0344 0.0698 0.0610 0.0256 0.0298 0.0655 0.0262 0.3524 
     D237227  2 0.0297 0.0596 0.0567 0.0329 0.0722 0.3846 0.0972 0.1498 0.0524 0.0649 
     D237228  2 0.0172 0.0496 0.0129 0.0576 0.0674 0.1426 0.0701 0.5395 0.0210 0.0220 
     D237258  2 0.0605 0.1686 0.0771 0.1084 0.1013 0.0709 0.1101 0.0643 0.0970 0.1419 
     D237310  2 0.0343 0.0370 0.0143 0.1519 0.0398 0.0319 0.0369 0.6037 0.0205 0.0296 
     D237311  2 0.0204 0.1360 0.0125 0.0444 0.0277 0.0234 0.0248 0.6558 0.0185 0.0365 
     D237312  2 0.0551 0.0240 0.0265 0.1894 0.0501 0.0350 0.0284 0.4758 0.0496 0.0659 
     D237313  2 0.0724 0.0326 0.0918 0.0496 0.1484 0.0846 0.1012 0.1053 0.2641 0.0499 
     D237322  2 0.0988 0.0446 0.0339 0.1197 0.2095 0.0748 0.1887 0.1136 0.0722 0.0442 
     D237323  2 0.0286 0.0292 0.0174 0.0598 0.0430 0.1308 0.0513 0.5553 0.0213 0.0633 
     D237324  2 0.0390 0.2056 0.0679 0.0269 0.2806 0.0186 0.0930 0.0387 0.0349 0.1949 
     D237325  2 0.0570 0.0592 0.0228 0.0670 0.0648 0.0688 0.0316 0.5019 0.0341 0.0928 
     D237326  2 0.0431 0.0424 0.0513 0.0216 0.0387 0.0726 0.0237 0.6436 0.0174 0.0455 
     D237327  2 0.0912 0.0880 0.0725 0.0397 0.2404 0.0439 0.2505 0.0400 0.0327 0.1012 
     D237337  2 0.0236 0.0163 0.0198 0.0275 0.0332 0.0386 0.0170 0.7764 0.0278 0.0196 
     D237338  2 0.1162 0.0671 0.0441 0.0411 0.1130 0.0912 0.0712 0.2383 0.0528 0.1650 
     D237339  2 0.5500 0.1514 0.0329 0.0545 0.0761 0.0170 0.0356 0.0260 0.0308 0.0256 
     D237340  2 0.0392 0.1423 0.0210 0.0852 0.0528 0.0876 0.0513 0.4245 0.0286 0.0676 
     D237389  2 0.0341 0.0592 0.0181 0.1390 0.0415 0.0207 0.0235 0.6011 0.0285 0.0343 
     D237390  2 0.0526 0.0218 0.0336 0.0897 0.0531 0.0504 0.0491 0.5448 0.0419 0.0630 
     D244017  2 0.0203 0.2489 0.0239 0.3606 0.0584 0.1441 0.0419 0.0269 0.0206 0.0544 
     D244112  2 0.0180 0.7450 0.0212 0.0582 0.0386 0.0222 0.0223 0.0236 0.0208 0.0300 
     D244118  2 0.0292 0.5412 0.0138 0.0404 0.0314 0.0344 0.0318 0.0420 0.0133 0.2224 
     D244119  2 0.0142 0.2374 0.0234 0.0312 0.0316 0.5757 0.0216 0.0258 0.0210 0.0181 
     D244120  2 0.0644 0.2702 0.0142 0.3428 0.0540 0.0327 0.1196 0.0573 0.0206 0.0243 
     D244122  2 0.0340 0.5597 0.0308 0.0841 0.0564 0.0404 0.0316 0.0311 0.0879 0.0440 
        D291  2 0.0247 0.0475 0.0772 0.0684 0.1165 0.0191 0.3850 0.0348 0.1368 0.0900 
        D292  2 0.0477 0.2090 0.2048 0.0868 0.0806 0.0547 0.1825 0.0677 0.0360 0.0303 
        D293  2 0.1153 0.5773 0.1288 0.0180 0.0609 0.0185 0.0280 0.0173 0.0200 0.0159 
        D322  2 0.1822 0.4262 0.1128 0.0261 0.0784 0.0199 0.0298 0.0567 0.0265 0.0413 
        D323  2 0.0607 0.0882 0.0254 0.0952 0.0884 0.0299 0.0417 0.0379 0.5047 0.0279 
        D324  2 0.0407 0.0481 0.1272 0.0290 0.1347 0.0595 0.2477 0.1419 0.0814 0.0898 
        D325  2 0.0296 0.7391 0.0433 0.0168 0.0377 0.0144 0.0513 0.0205 0.0227 0.0246 
        D326  2 0.0219 0.0185 0.7964 0.0190 0.0312 0.0344 0.0233 0.0167 0.0238 0.0146 
        D340  2 0.0306 0.7881 0.0215 0.0146 0.0222 0.0275 0.0295 0.0224 0.0227 0.0211 
        D341  2 0.0328 0.4853 0.0372 0.0338 0.0729 0.0439 0.0773 0.1076 0.0799 0.0293 
        D342  2 0.0250 0.5062 0.0304 0.0589 0.0782 0.0201 0.0516 0.0717 0.0771 0.0807 
        D343  2 0.0203 0.8614 0.0236 0.0106 0.0175 0.0109 0.0168 0.0134 0.0120 0.0135 
        D344  2 0.4714 0.0487 0.0633 0.1557 0.1084 0.0244 0.0309 0.0469 0.0280 0.0221 
        D345  2 0.2746 0.0482 0.0752 0.0349 0.1632 0.0472 0.0524 0.1069 0.1262 0.0712 
        D346  2 0.0429 0.0703 0.0576 0.0294 0.0521 0.3046 0.0397 0.0416 0.3324 0.0294 
        D351  2 0.0697 0.0556 0.2652 0.0603 0.1720 0.0282 0.1278 0.0779 0.0749 0.0685 
        D352  2 0.6347 0.0376 0.0197 0.0453 0.0731 0.0593 0.0327 0.0388 0.0333 0.0254 
        D353  2 0.1121 0.0303 0.1468 0.0291 0.5518 0.0176 0.0318 0.0205 0.0383 0.0215 
        D354  2 0.7208 0.0124 0.0403 0.0286 0.0351 0.0432 0.0226 0.0358 0.0424 0.0189 
        D362  2 0.0248 0.0283 0.6785 0.0459 0.0384 0.0294 0.0207 0.0255 0.0420 0.0665 
        D363  2 0.0331 0.0279 0.6857 0.0263 0.0483 0.0341 0.0199 0.0305 0.0518 0.0425 
        D364  2 0.4285 0.0291 0.2422 0.0332 0.0793 0.0480 0.0280 0.0378 0.0488 0.0252 
        D365  2 0.0303 0.8194 0.0237 0.0137 0.0203 0.0240 0.0187 0.0189 0.0161 0.0150 
        D369  2 0.0277 0.1328 0.1817 0.0376 0.0737 0.1581 0.0683 0.1367 0.1406 0.0429 
        D374  2 0.0223 0.0216 0.0217 0.5938 0.0410 0.2041 0.0280 0.0216 0.0320 0.0138 
        D375  2 0.7770 0.0161 0.0165 0.0432 0.0395 0.0168 0.0141 0.0223 0.0340 0.0204 
        D376  2 0.0799 0.0356 0.0218 0.3270 0.0769 0.3234 0.0416 0.0404 0.0295 0.0239 
        D377  2 0.0440 0.0418 0.0253 0.0640 0.0816 0.0433 0.0436 0.1351 0.4821 0.0391 
        D378  2 0.2265 0.1970 0.1118 0.0182 0.1357 0.0300 0.0537 0.0353 0.1023 0.0894 
        D379  2 0.0659 0.0313 0.4624 0.0365 0.0925 0.0347 0.0270 0.0496 0.1702 0.0298 
        D384  2 0.0240 0.0232 0.7569 0.0164 0.0310 0.0553 0.0226 0.0212 0.0345 0.0148 
        D385  2 0.1638 0.6141 0.0225 0.0272 0.0278 0.0378 0.0248 0.0276 0.0368 0.0177 
        D386  2 0.4571 0.0702 0.0676 0.0323 0.1355 0.0196 0.0402 0.0241 0.0739 0.0795 
        D391  2 0.1193 0.6629 0.0309 0.0247 0.0325 0.0208 0.0223 0.0264 0.0396 0.0207 
        D392  2 0.0328 0.5110 0.0731 0.0435 0.0560 0.0584 0.0310 0.1142 0.0366 0.0434 
        D393  2 0.2182 0.1011 0.1924 0.0214 0.0794 0.0250 0.1227 0.0493 0.1416 0.0489 
        D394  2 0.1518 0.0718 0.0897 0.0789 0.1277 0.0423 0.0537 0.1948 0.0272 0.1621 
        D395  2 0.4133 0.2767 0.0192 0.0476 0.0827 0.0271 0.0488 0.0253 0.0280 0.0313 
        D401  2 0.0131 0.0385 0.0202 0.0342 0.0269 0.0365 0.0243 0.7237 0.0642 0.0183 
        D402  2 0.0734 0.6615 0.0261 0.0276 0.0347 0.0200 0.0612 0.0258 0.0514 0.0183 
        D403  2 0.1027 0.0345 0.1503 0.0649 0.4130 0.0255 0.0349 0.0348 0.0651 0.0744 
        D415  2 0.0406 0.0330 0.4999 0.0276 0.1400 0.0176 0.0238 0.1388 0.0301 0.0486 
        D435  2 0.0564 0.1701 0.5185 0.0171 0.0525 0.0180 0.0727 0.0400 0.0264 0.0283 
        D436  2 0.4229 0.0381 0.0994 0.1147 0.0951 0.0581 0.0291 0.0626 0.0301 0.0499 
        D438  2 0.0173 0.8097 0.0130 0.0188 0.0184 0.0339 0.0187 0.0146 0.0334 0.0224 
        D439  2 0.5964 0.0567 0.0539 0.0212 0.0799 0.0174 0.0323 0.0280 0.0651 0.0491 
        D449  2 0.0315 0.5522 0.0901 0.0216 0.1498 0.0290 0.0198 0.0252 0.0444 0.0363 
        D450  2 0.1746 0.0254 0.1290 0.0685 0.2064 0.1220 0.0766 0.0493 0.0848 0.0634 
        D456  2 0.0245 0.0136 0.8032 0.0178 0.0276 0.0210 0.0244 0.0165 0.0311 0.0203 
        D462  2 0.1288 0.6750 0.0418 0.0187 0.0322 0.0147 0.0202 0.0189 0.0235 0.0261 
        D463  2 0.0461 0.0153 0.7175 0.0241 0.0457 0.0460 0.0228 0.0264 0.0385 0.0176 
        D464  2 0.2742 0.0704 0.0433 0.0951 0.3593 0.0305 0.0240 0.0297 0.0482 0.0254 
        D465  2 0.0283 0.4870 0.1507 0.0409 0.0579 0.0238 0.0265 0.0787 0.0741 0.0320 
        D473  2 0.0899 0.0384 0.0243 0.0475 0.0771 0.4035 0.0518 0.1115 0.0786 0.0774 
        D474  2 0.0377 0.0452 0.5629 0.0171 0.0498 0.0478 0.1301 0.0313 0.0340 0.0442 
        D476  2 0.4992 0.0413 0.0249 0.0194 0.0290 0.0163 0.0307 0.0192 0.0180 0.3021 
        D477  2 0.2660 0.0287 0.1992 0.0250 0.0641 0.0609 0.0860 0.0971 0.1491 0.0239 
        D478  2 0.0892 0.0607 0.0371 0.1117 0.1865 0.0826 0.0423 0.0442 0.0487 0.2971 
        D480  2 0.2151 0.0974 0.1559 0.0326 0.1053 0.1039 0.0973 0.0359 0.1283 0.0284 
        D481  2 0.1920 0.0559 0.2332 0.0447 0.1202 0.0863 0.0527 0.0463 0.0559 0.1126 
        D482  2 0.2431 0.0299 0.0248 0.0806 0.1141 0.0787 0.2160 0.0652 0.0893 0.0582 
        D483  2 0.0190 0.7258 0.0187 0.0279 0.0287 0.0851 0.0232 0.0227 0.0193 0.0298 
        D484  2 0.7451 0.0273 0.0136 0.0629 0.0341 0.0262 0.0253 0.0210 0.0246 0.0200 
        D510  2 0.0365 0.0280 0.0282 0.1621 0.0426 0.4476 0.1535 0.0402 0.0341 0.0274 
        D511  2 0.6127 0.0746 0.0481 0.0226 0.0504 0.0216 0.0393 0.0263 0.0678 0.0367 
        D512  2 0.0329 0.1312 0.0259 0.0902 0.0721 0.0154 0.0378 0.5014 0.0502 0.0429 
        D513  2 0.0276 0.4519 0.0639 0.0467 0.0808 0.0565 0.0685 0.0417 0.1281 0.0343 
        D635  2 0.0230 0.0535 0.2899 0.0192 0.0963 0.0308 0.0296 0.0297 0.0495 0.3785 
        D636  2 0.0202 0.0208 0.0300 0.0162 0.0279 0.0203 0.0150 0.0347 0.0777 0.7372 
        D637  2 0.2485 0.1241 0.0302 0.0596 0.1129 0.0667 0.0607 0.1552 0.1146 0.0275 
        D658  2 0.2277 0.3588 0.0256 0.0667 0.0602 0.0981 0.0337 0.0788 0.0212 0.0291 
        D659  2 0.0625 0.0391 0.5496 0.0270 0.0887 0.0363 0.0681 0.0226 0.0322 0.0740 
        D677  2 0.0429 0.0689 0.1509 0.0963 0.1039 0.0242 0.0985 0.1278 0.1797 0.1070 
        D678  2 0.0383 0.5696 0.0200 0.1273 0.0743 0.0170 0.0380 0.0314 0.0518 0.0324 
        D679  2 0.0666 0.0377 0.2057 0.0270 0.1077 0.0549 0.0847 0.0372 0.3379 0.0406 
        D719  2 0.0583 0.1689 0.1571 0.0229 0.0589 0.3755 0.0577 0.0436 0.0384 0.0187 
        D720  2 0.0246 0.0349 0.6227 0.0275 0.0469 0.0814 0.0330 0.0290 0.0697 0.0304 
        D721  2 0.0333 0.0606 0.0441 0.0131 0.0405 0.0384 0.0320 0.0189 0.0424 0.6769 
        D722  2 0.0286 0.0532 0.0218 0.4835 0.0627 0.1608 0.0508 0.0417 0.0699 0.0271 
        D734  2 0.6012 0.0722 0.0252 0.0251 0.0516 0.1124 0.0430 0.0188 0.0341 0.0164 
        D735  2 0.0826 0.0559 0.1525 0.0344 0.1342 0.0748 0.0435 0.0777 0.2943 0.0502 
        D736  2 0.0729 0.0599 0.0610 0.0262 0.0787 0.2849 0.2418 0.0715 0.0437 0.0595 
        D737  2 0.1355 0.4433 0.0177 0.0737 0.0450 0.0553 0.0949 0.0447 0.0259 0.0640 
        D807  2 0.1083 0.0636 0.1775 0.0643 0.0705 0.1826 0.0993 0.1062 0.0834 0.0442 
        D808  2 0.0831 0.1238 0.0785 0.0695 0.1673 0.0328 0.0858 0.2510 0.0362 0.0719 
        D817  2 0.0696 0.0205 0.0722 0.0671 0.0561 0.0258 0.0286 0.0415 0.5906 0.0280 
        D818  2 0.0342 0.2054 0.0647 0.0433 0.2055 0.0289 0.1404 0.0483 0.0522 0.1772 
        D819  2 0.0273 0.0330 0.0972 0.0496 0.0728 0.0283 0.0300 0.1472 0.4733 0.0414 
        D820  2 0.1232 0.0616 0.6200 0.0230 0.0429 0.0252 0.0314 0.0222 0.0205 0.0299 
        D895  2 0.0569 0.0540 0.2058 0.0410 0.1887 0.0429 0.0348 0.0540 0.2180 0.1039 
        D896  2 0.0157 0.0186 0.0168 0.0270 0.0172 0.0291 0.0138 0.8292 0.0141 0.0185 
        D897  2 0.0475 0.5070 0.0311 0.0466 0.1131 0.0276 0.0475 0.0633 0.0835 0.0327 
        D898  2 0.0892 0.0343 0.0475 0.1427 0.1418 0.0461 0.1143 0.2079 0.1313 0.0450 
        D918  2 0.0908 0.0717 0.0328 0.0565 0.1355 0.0541 0.0724 0.3194 0.0688 0.0980 
        D919  2 0.4055 0.0816 0.1145 0.0711 0.1392 0.0237 0.0673 0.0253 0.0275 0.0442 
        D920  2 0.0464 0.0309 0.0400 0.0648 0.0541 0.0993 0.0299 0.0675 0.0306 0.5364 
        D923  2 0.1529 0.0440 0.5233 0.0371 0.0726 0.0289 0.0315 0.0292 0.0429 0.0377 
        D930  2 0.1227 0.0520 0.1813 0.0429 0.1989 0.1092 0.0655 0.0720 0.1261 0.0294 
        D931  2 0.2941 0.1237 0.2304 0.0546 0.0604 0.0387 0.0617 0.0453 0.0532 0.0377 
        D968  2 0.0297 0.7542 0.0254 0.0337 0.0321 0.0159 0.0486 0.0227 0.0223 0.0154 
        D969  2 0.0579 0.1711 0.2233 0.0562 0.0936 0.0647 0.1922 0.0518 0.0471 0.0422 
        D977  2 0.0309 0.6817 0.0283 0.0300 0.0685 0.0226 0.0480 0.0219 0.0372 0.0311 
        D978  2 0.0272 0.0805 0.0283 0.0819 0.1259 0.0315 0.3367 0.0259 0.2335 0.0287 
        D211  3 0.0411 0.0225 0.0811 0.0283 0.0967 0.0281 0.0448 0.0376 0.2644 0.3554 
     D229639  3 0.0294 0.0440 0.0809 0.0587 0.0756 0.0814 0.5140 0.0391 0.0422 0.0348 
     D237212  3 0.2280 0.0688 0.0863 0.0441 0.0926 0.0320 0.1854 0.0811 0.1115 0.0702 
     D237213  3 0.0692 0.0313 0.0349 0.0560 0.0841 0.0193 0.0463 0.1920 0.4016 0.0654 
     D237214  3 0.0173 0.0176 0.0224 0.0207 0.0344 0.0216 0.0133 0.0276 0.0174 0.8077 
     D237215  3 0.0196 0.3449 0.0176 0.2828 0.0461 0.0915 0.1102 0.0254 0.0419 0.0201 
     D237216  3 0.0461 0.0291 0.0419 0.0300 0.5069 0.0264 0.0739 0.0304 0.1077 0.1075 
     D237217  3 0.0332 0.0314 0.0905 0.0206 0.3189 0.0217 0.0779 0.0954 0.0669 0.2436 
     D237218  3 0.1441 0.0421 0.0500 0.0178 0.0789 0.0501 0.4992 0.0376 0.0498 0.0305 
     D237219  3 0.0185 0.0278 0.0368 0.0357 0.0924 0.0692 0.1264 0.1788 0.3548 0.0595 
     D237382  3 0.0372 0.0524 0.1043 0.2695 0.1212 0.1101 0.0465 0.1470 0.0595 0.0524 
     D244127  3 0.0358 0.0851 0.0222 0.0530 0.0841 0.0208 0.0902 0.4846 0.0749 0.0492 
     D244129  3 0.0986 0.0695 0.1128 0.0519 0.1514 0.0513 0.0871 0.1813 0.0982 0.0979 
     D244133  3 0.0153 0.0754 0.0521 0.0518 0.0563 0.0734 0.0324 0.0302 0.5688 0.0443 
     D244134  3 0.0268 0.0339 0.0331 0.0197 0.0486 0.2164 0.3492 0.0528 0.1857 0.0338 
     D244135  3 0.0289 0.0663 0.0426 0.0272 0.0537 0.0177 0.0315 0.0219 0.0920 0.6182 
     D244136  3 0.0303 0.0787 0.1105 0.0731 0.0896 0.1294 0.0569 0.0352 0.3375 0.0589 
        D416  3 0.0511 0.1392 0.0835 0.0304 0.1521 0.0358 0.0698 0.0998 0.2589 0.0794 
        D417  3 0.0454 0.0199 0.5742 0.0470 0.0540 0.0320 0.0439 0.1142 0.0376 0.0318 
        D419  3 0.0436 0.0638 0.1134 0.0366 0.0971 0.0591 0.1858 0.1339 0.2101 0.0565 
        D565  3 0.0206 0.0169 0.0548 0.0235 0.0286 0.7504 0.0261 0.0178 0.0390 0.0223 
        D566  3 0.0257 0.0593 0.0913 0.0628 0.0810 0.2393 0.2396 0.0492 0.1201 0.0317 
        D567  3 0.0835 0.0500 0.4475 0.0393 0.0712 0.0253 0.0284 0.0785 0.0948 0.0814 
        D568  3 0.1526 0.1296 0.0878 0.0443 0.1606 0.0211 0.1154 0.0872 0.0635 0.1377 
        D569  3 0.4384 0.0872 0.0233 0.0923 0.1076 0.0493 0.0426 0.0263 0.0552 0.0777 
        D573  3 0.0491 0.1965 0.1818 0.0271 0.1088 0.0300 0.3141 0.0361 0.0280 0.0286 
        D574  3 0.0465 0.0555 0.0443 0.1309 0.1097 0.2926 0.0926 0.0654 0.1092 0.0532 
        D575  3 0.0219 0.0323 0.0237 0.0136 0.0368 0.0382 0.0222 0.0353 0.7455 0.0306 
        D576  3 0.0253 0.4639 0.0099 0.1630 0.0562 0.0357 0.0631 0.0192 0.1260 0.0376 
        D577  3 0.0524 0.0227 0.4133 0.0628 0.0943 0.0351 0.0363 0.0232 0.1938 0.0660 
        D578  3 0.0141 0.0265 0.0164 0.0242 0.0458 0.0186 0.0181 0.0418 0.0232 0.7713 
        D579  3 0.1373 0.0727 0.1621 0.0315 0.0777 0.1401 0.1525 0.0540 0.1176 0.0546 
        D660  3 0.0420 0.4797 0.0184 0.0629 0.0752 0.0164 0.0400 0.0518 0.1684 0.0453 
        D661  3 0.1063 0.1746 0.0336 0.0373 0.1092 0.0233 0.3334 0.0482 0.0437 0.0903 
        D663  3 0.0452 0.0771 0.0519 0.0873 0.1508 0.0206 0.4509 0.0219 0.0521 0.0422 
        D664  3 0.0286 0.1473 0.0219 0.0509 0.0881 0.0508 0.0415 0.1205 0.3523 0.0981 
        D665  3 0.0731 0.0397 0.0201 0.1795 0.1952 0.0148 0.0433 0.0968 0.2380 0.0995 
        D666  3 0.0274 0.0243 0.0448 0.0194 0.0500 0.0568 0.0443 0.1453 0.5491 0.0386 
        D009  4 0.1398 0.0289 0.1199 0.0871 0.1792 0.0337 0.0626 0.1215 0.0437 0.1836 
        D057  4 0.3311 0.1670 0.0402 0.0375 0.0541 0.0326 0.0775 0.0201 0.0137 0.2262 
        D109  4 0.0391 0.0201 0.0615 0.0591 0.1219 0.0631 0.0312 0.3597 0.1610 0.0833 
     D237222  4 0.0340 0.0369 0.0405 0.1449 0.0687 0.1496 0.0341 0.0358 0.0274 0.4280 
     D237223  4 0.0589 0.0670 0.0343 0.0641 0.1357 0.1119 0.0596 0.3136 0.0368 0.1181 
     D237224  4 0.1888 0.1552 0.1044 0.0506 0.0956 0.0378 0.1773 0.0398 0.0954 0.0551 
     D237225  4 0.0748 0.0374 0.0884 0.0690 0.2876 0.0579 0.0953 0.0735 0.0751 0.1410 
     D237299  4 0.0293 0.0246 0.0203 0.1108 0.1809 0.0393 0.1774 0.3291 0.0279 0.0604 
     D237300  4 0.0298 0.0418 0.0189 0.0238 0.0329 0.0314 0.6884 0.0200 0.0883 0.0248 
     D237306  4 0.0558 0.0266 0.0902 0.0898 0.0440 0.4014 0.0317 0.2004 0.0228 0.0372 
     D237307  4 0.0230 0.0462 0.2704 0.0849 0.0835 0.1497 0.0858 0.0361 0.1715 0.0490 
     D237308  4 0.1609 0.3544 0.0331 0.0413 0.1046 0.0701 0.0605 0.0619 0.0526 0.0606 
     D237309  4 0.0977 0.0452 0.1077 0.0938 0.2427 0.0302 0.0669 0.0694 0.0461 0.2002 
     D237317  4 0.0472 0.0280 0.1333 0.0620 0.1981 0.3163 0.0496 0.0368 0.0614 0.0672 
     D237318  4 0.0169 0.0773 0.0364 0.0336 0.0557 0.0276 0.6540 0.0231 0.0547 0.0208 
     D237319  4 0.0400 0.0502 0.0463 0.1818 0.1854 0.0393 0.0778 0.1666 0.0718 0.1407 
     D237320  4 0.0253 0.0768 0.0500 0.0264 0.0605 0.0363 0.1472 0.3923 0.0490 0.1361 
     D237321  4 0.0293 0.0834 0.0668 0.0478 0.0634 0.0517 0.4524 0.0568 0.0976 0.0509 
     D237397  4 0.0307 0.0963 0.0616 0.0971 0.0940 0.1506 0.2088 0.1241 0.0480 0.0888 
     D237398  4 0.0564 0.0442 0.0532 0.0288 0.0971 0.0201 0.5823 0.0359 0.0485 0.0335 
     D237399  4 0.0598 0.0415 0.0858 0.0638 0.0785 0.1764 0.2307 0.1052 0.0338 0.1245 
     D244001  4 0.0465 0.1071 0.0393 0.1570 0.0853 0.0377 0.0399 0.0407 0.0223 0.4241 
        D289  4 0.2846 0.0683 0.0744 0.0303 0.0841 0.2018 0.1000 0.0530 0.0416 0.0620 
        D290  4 0.0345 0.0374 0.0561 0.6350 0.0617 0.0238 0.0648 0.0352 0.0190 0.0325 
        D294  4 0.2629 0.0360 0.0896 0.0926 0.2196 0.0425 0.0842 0.0256 0.0468 0.1003 
        D295  4 0.0934 0.0329 0.1970 0.0908 0.0884 0.0511 0.0594 0.1866 0.1529 0.0474 
        D301  4 0.0260 0.0389 0.0209 0.1587 0.0583 0.0492 0.1103 0.0520 0.0504 0.4352 
        D302  4 0.6500 0.0166 0.0682 0.0617 0.0669 0.0147 0.0280 0.0182 0.0353 0.0404 
        D303  4 0.0971 0.0713 0.0519 0.0705 0.0687 0.4184 0.0430 0.0893 0.0564 0.0333 
        D304  4 0.0351 0.0299 0.0752 0.3950 0.1009 0.0736 0.1687 0.0220 0.0624 0.0372 
        D305  4 0.2898 0.0952 0.0197 0.0508 0.3734 0.0137 0.0492 0.0305 0.0364 0.0412 
        D306  4 0.0373 0.0208 0.0436 0.6416 0.0997 0.0386 0.0241 0.0293 0.0201 0.0450 
        D307  4 0.0430 0.0292 0.0176 0.0282 0.0365 0.0898 0.0694 0.0299 0.0426 0.6137 
        D327  4 0.0449 0.0423 0.4476 0.0594 0.0971 0.0687 0.0569 0.0350 0.1079 0.0401 
        D328  4 0.3866 0.0236 0.0276 0.1421 0.0653 0.1002 0.0375 0.1174 0.0668 0.0330 
        D329  4 0.2418 0.1253 0.0591 0.0713 0.1969 0.0475 0.1014 0.0511 0.0312 0.0744 
        D330  4 0.0995 0.0721 0.1922 0.0835 0.1455 0.0187 0.0189 0.2418 0.0469 0.0811 
        D331  4 0.0307 0.0392 0.1337 0.3307 0.0908 0.0729 0.1356 0.0546 0.0629 0.0490 
        D333  4 0.1936 0.0776 0.0680 0.1758 0.0948 0.0798 0.1003 0.0893 0.0603 0.0605 
        D334  4 0.0635 0.0219 0.0691 0.0405 0.0626 0.4985 0.0513 0.0323 0.0521 0.1082 
        D335  4 0.4408 0.0622 0.1054 0.1273 0.0761 0.0423 0.0296 0.0319 0.0428 0.0417 
        D370  4 0.0495 0.0368 0.0339 0.5249 0.0728 0.0399 0.0307 0.0984 0.0728 0.0404 
        D371  4 0.0217 0.0313 0.1335 0.0409 0.0363 0.6009 0.0267 0.0253 0.0648 0.0186 
        D372  4 0.0217 0.0506 0.0153 0.2183 0.0907 0.0353 0.4943 0.0203 0.0365 0.0172 
        D373  4 0.0467 0.0700 0.0379 0.0303 0.0616 0.0223 0.0927 0.0189 0.0789 0.5407 
        D455  4 0.0827 0.0408 0.0419 0.0350 0.0390 0.0282 0.0605 0.0187 0.0207 0.6324 
        D490  4 0.0317 0.0152 0.0311 0.0299 0.0374 0.0281 0.0238 0.0308 0.0321 0.7400 
        D497  4 0.0803 0.0236 0.0193 0.0347 0.0708 0.0280 0.0327 0.0536 0.0593 0.5977 
        D498  4 0.0265 0.0362 0.0541 0.4919 0.0577 0.0824 0.0775 0.0799 0.0523 0.0415 
        D499  4 0.1449 0.1710 0.0262 0.0584 0.1206 0.0871 0.0916 0.0896 0.1822 0.0281 
        D514  4 0.1465 0.0341 0.2058 0.2116 0.1110 0.0175 0.0553 0.0528 0.1091 0.0563 
        D515  4 0.0693 0.0347 0.0420 0.1006 0.0807 0.0388 0.0399 0.4403 0.0410 0.1126 
        D516  4 0.0239 0.0746 0.0943 0.0613 0.0823 0.0569 0.0700 0.1673 0.3080 0.0613 
        D517  4 0.0350 0.0404 0.0535 0.0232 0.1132 0.0226 0.0875 0.0454 0.0279 0.5513 
        D518  4 0.4721 0.0386 0.0335 0.0703 0.0473 0.0685 0.0343 0.0213 0.0226 0.1915 
        D519  4 0.0250 0.0348 0.0475 0.0210 0.0691 0.0345 0.1276 0.4985 0.0303 0.1118 
        D560  4 0.0562 0.0707 0.0886 0.0558 0.1291 0.0214 0.2070 0.2585 0.0359 0.0769 
        D561  4 0.0723 0.0737 0.0875 0.0472 0.2569 0.0199 0.0453 0.0758 0.0285 0.2929 
        D562  4 0.1142 0.0710 0.0597 0.1730 0.1397 0.0604 0.0736 0.0469 0.0559 0.2056 
        D563  4 0.1689 0.3749 0.0243 0.0453 0.0972 0.0206 0.0588 0.0532 0.0970 0.0597 
        D572  4 0.6302 0.0322 0.0752 0.0428 0.0511 0.0260 0.0257 0.0234 0.0255 0.0680 
        D629  4 0.0538 0.0295 0.1224 0.0212 0.0607 0.0234 0.0485 0.0306 0.4671 0.1429 
        D630  4 0.0878 0.0368 0.0809 0.2093 0.1160 0.0618 0.0825 0.0615 0.0373 0.2261 
        D631  4 0.5981 0.0966 0.0247 0.0397 0.0654 0.0214 0.0479 0.0280 0.0288 0.0494 
        D632  4 0.2164 0.1657 0.0430 0.0261 0.0742 0.0222 0.0191 0.0568 0.0641 0.3125 
        D646  4 0.0538 0.0661 0.1127 0.0306 0.0957 0.0306 0.0786 0.4437 0.0238 0.0645 
        D647  4 0.0602 0.0559 0.3907 0.1006 0.0721 0.0171 0.0601 0.1044 0.0274 0.1116 
        D648  4 0.3373 0.0249 0.0206 0.3832 0.0358 0.0631 0.0157 0.0264 0.0687 0.0243 
        D649  4 0.2390 0.0268 0.2181 0.0267 0.0844 0.0256 0.0363 0.1857 0.1043 0.0531 
        D650  4 0.1059 0.0356 0.1514 0.0505 0.1071 0.1035 0.0963 0.1359 0.1075 0.1063 
        D708  4 0.2138 0.0301 0.0429 0.0653 0.1449 0.1485 0.1010 0.0452 0.1564 0.0518 
        D709  4 0.0452 0.0287 0.0320 0.5725 0.0575 0.0371 0.0213 0.1183 0.0647 0.0227 
        D738  4 0.0319 0.0198 0.0681 0.0401 0.0462 0.4646 0.0408 0.1887 0.0272 0.0726 
        D739  4 0.0713 0.0368 0.0298 0.2121 0.1576 0.0398 0.0800 0.0676 0.0693 0.2357 
        D740  4 0.0752 0.0760 0.0307 0.0309 0.2284 0.1318 0.1601 0.1344 0.0664 0.0662 
        D741  4 0.0334 0.1006 0.1371 0.0332 0.1464 0.0187 0.0610 0.3669 0.0455 0.0572 
        D742  4 0.0909 0.2363 0.0511 0.0547 0.1101 0.0982 0.1545 0.0815 0.0568 0.0659 
        D743  4 0.4004 0.0650 0.2705 0.0245 0.0482 0.0266 0.0548 0.0224 0.0473 0.0403 
        D744  4 0.7696 0.0282 0.0233 0.0198 0.0362 0.0189 0.0230 0.0288 0.0263 0.0259 
        D745  4 0.0350 0.0267 0.0336 0.0290 0.0545 0.0254 0.0954 0.5023 0.0633 0.1347 
        D814  4 0.0814 0.1975 0.0399 0.0905 0.3166 0.0279 0.0934 0.0229 0.0463 0.0836 
        D815  4 0.3279 0.0343 0.1089 0.2155 0.0746 0.0344 0.0447 0.0582 0.0608 0.0407 
        D828  4 0.0492 0.0411 0.0130 0.6284 0.0458 0.0603 0.0542 0.0355 0.0450 0.0277 
        D845  4 0.0357 0.0375 0.0253 0.0183 0.0241 0.0472 0.7442 0.0200 0.0324 0.0154 
        D846  4 0.2325 0.1619 0.1004 0.0860 0.1015 0.0136 0.0594 0.0215 0.0799 0.1433 
        D847  4 0.0664 0.0607 0.1097 0.0637 0.1134 0.0977 0.1350 0.0587 0.0439 0.2508 
        D848  4 0.0414 0.0731 0.0194 0.0278 0.0452 0.0233 0.1617 0.0181 0.0237 0.5663 
        D849  4 0.0524 0.0413 0.0398 0.1233 0.1825 0.0288 0.0522 0.1092 0.1451 0.2254 
        D850  4 0.0527 0.0448 0.0817 0.0266 0.1583 0.0690 0.1583 0.0563 0.0558 0.2966 
        D856  4 0.0698 0.0332 0.0555 0.1918 0.2233 0.0463 0.0529 0.1956 0.0729 0.0589 
        D857  4 0.0230 0.0634 0.0122 0.2463 0.0368 0.0254 0.0232 0.5138 0.0160 0.0400 
        D859  4 0.4791 0.0354 0.0708 0.0540 0.0740 0.0290 0.1456 0.0413 0.0306 0.0402 
        D860  4 0.0915 0.0761 0.0706 0.0336 0.0737 0.4450 0.1231 0.0254 0.0250 0.0361 
        D883  4 0.0642 0.0363 0.1666 0.1071 0.0965 0.0732 0.0563 0.1273 0.1141 0.1584 
        D884  4 0.0789 0.0265 0.0566 0.0843 0.0613 0.0715 0.0545 0.4174 0.0882 0.0608 
        D885  4 0.0591 0.0796 0.1063 0.0171 0.1487 0.0303 0.2862 0.0557 0.1580 0.0590 
        D886  4 0.0569 0.0520 0.1602 0.3073 0.0605 0.0270 0.0435 0.1282 0.0355 0.1288 
        D887  4 0.1117 0.0989 0.1150 0.0751 0.1087 0.0465 0.2919 0.0647 0.0372 0.0503 
        D889  4 0.0515 0.0153 0.0365 0.2413 0.0528 0.0210 0.5078 0.0216 0.0297 0.0226 
        D890  4 0.0729 0.0572 0.0327 0.1192 0.0820 0.0728 0.0407 0.0673 0.3990 0.0562 
        D891  4 0.0129 0.0174 0.0189 0.0116 0.0208 0.0133 0.8556 0.0123 0.0249 0.0121 
        D899  4 0.1016 0.3589 0.0348 0.0893 0.0719 0.0701 0.1422 0.0349 0.0606 0.0356 
        D900  4 0.1322 0.0807 0.1219 0.1332 0.1814 0.0672 0.0861 0.0550 0.0576 0.0847 
        D970  4 0.3427 0.0505 0.1302 0.0331 0.1110 0.0542 0.1070 0.0300 0.0661 0.0752 
        D971  4 0.1235 0.3783 0.0503 0.0909 0.0971 0.0857 0.0270 0.0562 0.0505 0.0405 
        D979  4 0.2583 0.0487 0.2288 0.1299 0.1039 0.0431 0.0383 0.0290 0.0849 0.0350 
        D093  5 0.0280 0.0231 0.0541 0.0382 0.0442 0.6153 0.0940 0.0346 0.0358 0.0328 
        D154  5 0.0367 0.1152 0.0251 0.0837 0.1413 0.0440 0.1389 0.0654 0.3323 0.0174 
        D168  5 0.0339 0.1574 0.0386 0.0615 0.0972 0.0191 0.1057 0.0461 0.3904 0.0502 
        D189  5 0.0325 0.0323 0.0507 0.2005 0.0693 0.3053 0.2098 0.0368 0.0343 0.0285 
        D190  5 0.0595 0.0328 0.0303 0.0438 0.0341 0.5670 0.0356 0.0490 0.1312 0.0169 
     D237220  5 0.0576 0.0221 0.0301 0.0495 0.1124 0.1054 0.2882 0.1761 0.0292 0.1296 
     D237221  5 0.0811 0.1123 0.0700 0.0426 0.0760 0.1966 0.1592 0.0640 0.1597 0.0383 
     D237274  5 0.2850 0.0823 0.2421 0.0556 0.1194 0.0179 0.0253 0.0947 0.0441 0.0336 
     D237275  5 0.0177 0.3786 0.0192 0.2867 0.0689 0.0293 0.0919 0.0343 0.0484 0.0251 
     D237276  5 0.0576 0.0396 0.0857 0.1352 0.1094 0.1596 0.0494 0.1873 0.1028 0.0735 
     D237277  5 0.0729 0.0797 0.0263 0.0284 0.0443 0.3647 0.1190 0.0447 0.1983 0.0216 
     D237278  5 0.0955 0.2652 0.0708 0.0643 0.0983 0.1891 0.0379 0.0843 0.0324 0.0624 
     D237279  5 0.0871 0.0256 0.0506 0.0164 0.1956 0.0220 0.0323 0.2703 0.1528 0.1472 
     D237280  5 0.0726 0.0277 0.0865 0.0646 0.1268 0.0749 0.0394 0.1374 0.2628 0.1073 
     D237281  5 0.0367 0.2273 0.0582 0.0412 0.1087 0.0338 0.4144 0.0296 0.0276 0.0225 
     D237351  5 0.0242 0.0263 0.0208 0.0188 0.0368 0.0606 0.0369 0.4585 0.2916 0.0256 
     D237352  5 0.1561 0.0665 0.0508 0.0791 0.0640 0.0527 0.0295 0.0333 0.1659 0.3022 
     D237353  5 0.0413 0.0207 0.0184 0.0286 0.0276 0.5731 0.0512 0.0357 0.1866 0.0169 
     D237359  5 0.0472 0.0275 0.0472 0.0460 0.1236 0.0579 0.4348 0.0420 0.0726 0.1011 
     D237361  5 0.0245 0.0272 0.0252 0.0472 0.0281 0.7232 0.0295 0.0341 0.0411 0.0198 
     D237362  5 0.0258 0.0260 0.0332 0.0198 0.0389 0.0384 0.0340 0.0256 0.7358 0.0225 
     D237363  5 0.0252 0.1100 0.0324 0.0652 0.4466 0.0480 0.0524 0.0343 0.1536 0.0324 
     D237364  5 0.1158 0.1205 0.0682 0.0761 0.1766 0.0164 0.1415 0.0863 0.0836 0.1151 
     D237376  5 0.0848 0.0323 0.0151 0.6039 0.0426 0.0811 0.0396 0.0366 0.0423 0.0217 
     D237377  5 0.0458 0.0475 0.0913 0.0207 0.1370 0.1114 0.0429 0.2110 0.2561 0.0363 
     D237378  5 0.0764 0.0703 0.0266 0.1258 0.0693 0.3455 0.1277 0.0395 0.0773 0.0416 
     D237379  5 0.2411 0.0493 0.0312 0.1293 0.1059 0.2120 0.0655 0.0482 0.0680 0.0495 
     D237380  5 0.0943 0.0212 0.0223 0.2870 0.0876 0.0470 0.0253 0.3485 0.0202 0.0465 
     D237381  5 0.1232 0.0789 0.0401 0.1394 0.0912 0.0885 0.0474 0.1410 0.0504 0.1999 
     D237391  5 0.0249 0.0172 0.0304 0.0175 0.0300 0.7239 0.0644 0.0356 0.0357 0.0205 
     D237392  5 0.0933 0.2686 0.1707 0.0882 0.1108 0.0283 0.0335 0.0780 0.0859 0.0428 
     D237393  5 0.0531 0.0576 0.3410 0.0716 0.0724 0.1949 0.0487 0.0727 0.0430 0.0450 
     D237394  5 0.0334 0.0165 0.0189 0.0173 0.0249 0.6947 0.0180 0.0257 0.1309 0.0198 
     D237395  5 0.0279 0.0579 0.0409 0.1180 0.1080 0.2243 0.1349 0.0806 0.1581 0.0494 
     D237396  5 0.0714 0.0962 0.2794 0.0145 0.1270 0.1564 0.0528 0.0673 0.0549 0.0801 
     D244016  5 0.1370 0.0332 0.0195 0.0366 0.0665 0.1219 0.0423 0.0269 0.4979 0.0182 
     D244018  5 0.0300 0.2944 0.0628 0.0269 0.0811 0.2237 0.0978 0.0580 0.0695 0.0556 
     D244019  5 0.0408 0.0574 0.0345 0.0804 0.0957 0.0382 0.0532 0.0287 0.5493 0.0218 
        D279  5 0.0516 0.0436 0.0372 0.0278 0.0778 0.0484 0.5749 0.0405 0.0725 0.0257 
        D280  5 0.0374 0.0440 0.1179 0.0642 0.2390 0.1350 0.1456 0.0597 0.0847 0.0723 
        D281  5 0.0357 0.1009 0.0334 0.0875 0.1192 0.0846 0.4588 0.0239 0.0369 0.0191 
        D283  5 0.0536 0.0320 0.1044 0.0264 0.1197 0.3795 0.0701 0.0660 0.1130 0.0354 
        D284  5 0.0422 0.0422 0.0599 0.1306 0.1312 0.0322 0.0981 0.1095 0.1595 0.1947 
        D285  5 0.0588 0.0220 0.0786 0.0541 0.0753 0.3131 0.2593 0.0546 0.0472 0.0370 
        D286  5 0.1114 0.0324 0.0767 0.1763 0.1302 0.1415 0.0968 0.0649 0.1012 0.0685 
        D287  5 0.0958 0.0271 0.0178 0.4383 0.0663 0.1117 0.0446 0.0585 0.0980 0.0419 
        D288  5 0.0269 0.0287 0.1373 0.0468 0.1582 0.0671 0.1267 0.0430 0.3318 0.0336 
        D308  5 0.0314 0.0291 0.0872 0.0251 0.0634 0.0450 0.0312 0.6119 0.0487 0.0270 
        D309  5 0.7432 0.0228 0.0284 0.0278 0.0515 0.0233 0.0144 0.0246 0.0257 0.0384 
        D310  5 0.0197 0.0126 0.0251 0.0558 0.1889 0.5702 0.0528 0.0250 0.0361 0.0138 
        D311  5 0.0744 0.0334 0.0605 0.2137 0.1205 0.0869 0.0676 0.0403 0.2717 0.0312 
        D312  5 0.1956 0.0475 0.1021 0.1535 0.0840 0.1125 0.0522 0.0379 0.1360 0.0788 
        D313  5 0.0137 0.0135 0.0238 0.0141 0.0286 0.0400 0.0198 0.4956 0.0209 0.3299 
        D314  5 0.0591 0.0768 0.0230 0.0833 0.1163 0.0554 0.1282 0.1039 0.3073 0.0467 
        D315  5 0.0726 0.0564 0.2461 0.0782 0.1063 0.1766 0.0360 0.0760 0.0814 0.0703 
        D317  5 0.0176 0.0194 0.0570 0.0637 0.0349 0.6841 0.0405 0.0222 0.0345 0.0259 
        D318  5 0.1364 0.1080 0.0729 0.0851 0.2329 0.0561 0.0545 0.0454 0.0769 0.1318 
        D319  5 0.0229 0.0166 0.0315 0.0315 0.0429 0.7115 0.0339 0.0670 0.0243 0.0180 
        D320  5 0.0667 0.0192 0.0329 0.0443 0.0485 0.5680 0.0736 0.0551 0.0578 0.0339 
        D321  5 0.0267 0.0153 0.0831 0.0159 0.0584 0.0631 0.1119 0.4711 0.1247 0.0297 
        D336  5 0.0383 0.0182 0.0241 0.2680 0.0604 0.5032 0.0275 0.0223 0.0186 0.0194 
        D337  5 0.0330 0.0294 0.0275 0.0274 0.0285 0.7175 0.0585 0.0223 0.0404 0.0155 
        D338  5 0.0532 0.0628 0.1829 0.0409 0.1570 0.1619 0.2105 0.0537 0.0359 0.0412 
        D339  5 0.0200 0.0455 0.0521 0.0555 0.0768 0.4662 0.1246 0.0750 0.0582 0.0262 
        D347  5 0.0424 0.0408 0.0433 0.7179 0.0422 0.0271 0.0317 0.0163 0.0174 0.0209 
        D348  5 0.1272 0.0280 0.0257 0.0835 0.0607 0.5716 0.0343 0.0245 0.0223 0.0222 
