        D174  1 0.1560 0.0727 0.3368 0.2139 0.1315 0.0891 
        D199  1 0.0812 0.2096 0.1650 0.0968 0.1431 0.3043 
        D203  1 0.1363 0.2408 0.0905 0.1474 0.1154 0.2696 
        D204  1 0.0375 0.0471 0.0328 0.0641 0.0430 0.7755 
     D237366  1 0.3997 0.0931 0.0961 0.1402 0.1731 0.0978 
     D237367  1 0.2230 0.1237 0.0581 0.1248 0.2253 0.2451 
     D237368  1 0.3854 0.0981 0.1160 0.0597 0.0919 0.2489 
     D244101  1 0.0356 0.1917 0.0510 0.1196 0.1228 0.4793 
     D244102  1 0.1723 0.0793 0.0788 0.4401 0.1180 0.1115 
     D244103  1 0.1599 0.0647 0.0628 0.0898 0.4522 0.1705 
     D244104  1 0.0591 0.0558 0.1401 0.0325 0.0508 0.6617 
     D244105  1 0.4467 0.0482 0.0382 0.1053 0.2709 0.0908 
     D244106  1 0.0435 0.1426 0.4491 0.1293 0.1346 0.1009 
     D244107  1 0.4666 0.1721 0.0336 0.0525 0.1505 0.1246 
     D244108  1 0.1764 0.0837 0.3327 0.1825 0.0845 0.1402 
     D244113  1 0.0522 0.0508 0.2698 0.5297 0.0576 0.0399 
     D244114  1 0.0966 0.1396 0.1221 0.1770 0.3373 0.1273 
     D244115  1 0.1755 0.0583 0.2515 0.0859 0.2364 0.1923 
     D267365  1 0.0825 0.0624 0.2741 0.0814 0.0878 0.4118 
        D404  1 0.0408 0.0600 0.1825 0.5878 0.0824 0.0465 
        D405  1 0.0738 0.1117 0.0891 0.4980 0.1016 0.1258 
        D406  1 0.7267 0.0302 0.0556 0.0572 0.0423 0.0879 
        D407  1 0.0990 0.1533 0.0518 0.0349 0.2653 0.3957 
        D408  1 0.0470 0.0635 0.5989 0.1184 0.0907 0.0815 
        D409  1 0.0965 0.0643 0.0800 0.0827 0.5460 0.1304 
        D410  1 0.5395 0.0890 0.0484 0.0658 0.1083 0.1491 
        D421  1 0.0236 0.0850 0.0462 0.0181 0.0607 0.7663 
        D422  1 0.7224 0.0554 0.0297 0.0334 0.0885 0.0706 
        D423  1 0.5818 0.1870 0.0319 0.0493 0.0871 0.0629 
        D424  1 0.0805 0.0315 0.0613 0.0506 0.2820 0.4941 
        D425  1 0.0661 0.0547 0.1533 0.1522 0.1691 0.4045 
        D426  1 0.0543 0.0877 0.0855 0.0335 0.6713 0.0676 
        D427  1 0.0395 0.4094 0.2215 0.0235 0.0479 0.2581 
        D428  1 0.1192 0.0747 0.1784 0.1462 0.1588 0.3226 
        D429  1 0.0838 0.0724 0.1985 0.1277 0.1383 0.3794 
        D430  1 0.0724 0.1442 0.1846 0.1837 0.3054 0.1096 
        D491  1 0.0384 0.0280 0.6549 0.0606 0.0695 0.1486 
        D492  1 0.1391 0.0965 0.1397 0.1471 0.2138 0.2638 
        D537  1 0.1256 0.0479 0.0456 0.0966 0.1266 0.5578 
        D538  1 0.2053 0.1309 0.1134 0.2278 0.2089 0.1137 
        D539  1 0.1641 0.1053 0.3188 0.2015 0.1367 0.0735 
        D540  1 0.1095 0.0658 0.0963 0.0809 0.3537 0.2938 
        D541  1 0.0348 0.0309 0.0296 0.0261 0.0401 0.8385 
        D551  1 0.0839 0.2914 0.0949 0.0472 0.3954 0.0871 
        D552  1 0.2503 0.0621 0.2830 0.0551 0.1171 0.2324 
        D553  1 0.0329 0.0288 0.0426 0.0197 0.0465 0.8295 
        D615  1 0.1379 0.1162 0.1144 0.0838 0.1192 0.4285 
        D616  1 0.1923 0.1820 0.1086 0.0467 0.1878 0.2826 
        D621  1 0.5009 0.0523 0.1341 0.1713 0.0876 0.0539 
        D622  1 0.6463 0.0499 0.0642 0.0692 0.1082 0.0621 
        D623  1 0.0558 0.1835 0.2057 0.4090 0.0753 0.0707 
        D624  1 0.0667 0.0351 0.6529 0.0530 0.1146 0.0777 
        D625  1 0.0996 0.0352 0.0745 0.0465 0.0767 0.6675 
        D626  1 0.1924 0.0646 0.4214 0.1134 0.1118 0.0964 
        D627  1 0.0859 0.0657 0.1121 0.0410 0.6106 0.0847 
        D690  1 0.0754 0.0236 0.0609 0.0369 0.0418 0.7613 
        D691  1 0.6959 0.0377 0.0609 0.0377 0.0558 0.1121 
        D710  1 0.0992 0.0840 0.1495 0.1080 0.1298 0.4294 
        D711  1 0.0700 0.0452 0.0506 0.0709 0.0573 0.7060 
        D712  1 0.0826 0.0579 0.6230 0.1102 0.0658 0.0604 
        D713  1 0.1071 0.0401 0.1314 0.3557 0.1552 0.2105 
        D746  1 0.7135 0.0506 0.0483 0.0285 0.0484 0.1107 
        D747  1 0.0253 0.0396 0.0295 0.0272 0.0364 0.8420 
        D748  1 0.3532 0.0448 0.0616 0.0968 0.1340 0.3096 
        D749  1 0.3943 0.0926 0.1094 0.1324 0.2255 0.0458 
        D750  1 0.0810 0.0507 0.4264 0.0619 0.0680 0.3120 
        D763  1 0.1397 0.2156 0.0883 0.1343 0.2339 0.1881 
        D764  1 0.0961 0.0301 0.2193 0.0305 0.0760 0.5479 
        D765  1 0.4681 0.0403 0.1882 0.0992 0.1259 0.0782 
        D766  1 0.4185 0.0627 0.0581 0.1138 0.1385 0.2084 
        D767  1 0.1683 0.1083 0.0506 0.3928 0.1183 0.1616 
        D768  1 0.0591 0.0432 0.0288 0.0264 0.0855 0.7571 
        D811  1 0.0666 0.0474 0.2070 0.4919 0.1445 0.0426 
        D816  1 0.0405 0.0356 0.0576 0.0436 0.0561 0.7667 
        D825  1 0.1640 0.0472 0.1852 0.2473 0.1963 0.1600 
        D866  1 0.0669 0.2845 0.3710 0.0613 0.1229 0.0933 
        D867  1 0.6286 0.0651 0.0412 0.0987 0.1151 0.0513 
        D871  1 0.0713 0.0455 0.0696 0.0686 0.6474 0.0977 
        D872  1 0.2019 0.0716 0.0664 0.2116 0.0953 0.3532 
        D873  1 0.6063 0.1795 0.0247 0.1278 0.0407 0.0210 
        D874  1 0.0302 0.0616 0.1777 0.3061 0.0918 0.3326 
        D875  1 0.1435 0.0306 0.0364 0.0590 0.6768 0.0535 
        D876  1 0.1007 0.0397 0.1343 0.0724 0.0745 0.5785 
        D877  1 0.0286 0.0402 0.1342 0.6428 0.0992 0.0550 
        D892  1 0.2191 0.0386 0.1510 0.1691 0.1352 0.2870 
        D893  1 0.1205 0.0808 0.0585 0.0579 0.1007 0.5817 
        D894  1 0.0656 0.0541 0.0768 0.0560 0.1501 0.5973 
        D915  1 0.2005 0.0605 0.0825 0.0538 0.1027 0.5000 
        D916  1 0.0357 0.0261 0.0290 0.0206 0.0299 0.8586 
        D917  1 0.0566 0.1138 0.2852 0.1209 0.1735 0.2499 
        D925  1 0.4432 0.0965 0.1290 0.0437 0.0559 0.2317 
        D926  1 0.0973 0.0521 0.0806 0.1002 0.2667 0.4031 
        D927  1 0.0736 0.2541 0.0941 0.0795 0.1350 0.3638 
        D928  1 0.0331 0.0302 0.6076 0.1186 0.0406 0.1698 
        D929  1 0.1291 0.0432 0.0675 0.6102 0.0796 0.0704 
        D936  1 0.0432 0.0974 0.0670 0.1056 0.1129 0.5739 
        D938  1 0.7578 0.0303 0.0490 0.0630 0.0513 0.0487 
        D956  1 0.0631 0.0610 0.4744 0.2186 0.1167 0.0662 
        D957  1 0.3358 0.0746 0.0571 0.2170 0.0835 0.2321 
        D958  1 0.2551 0.0428 0.1286 0.1120 0.0892 0.3723 
        D959  1 0.0935 0.1366 0.0392 0.0330 0.3409 0.3569 
        D960  1 0.6802 0.0419 0.0488 0.1187 0.0651 0.0453 
        D989  1 0.0581 0.1071 0.6124 0.0619 0.0718 0.0887 
        D990  1 0.5383 0.1352 0.1704 0.0342 0.0859 0.0360 
        D023  2 0.5175 0.0474 0.0345 0.0253 0.0989 0.2764 
        D130  2 0.6527 0.0572 0.0263 0.0867 0.0717 0.1054 
        D131  2 0.0691 0.0836 0.0926 0.0853 0.3999 0.2696 
        D163  2 0.6206 0.0342 0.0787 0.0415 0.1022 0.1228 
        D164  2 0.3446 0.5385 0.0214 0.0317 0.0349 0.0289 
        D165  2 0.6055 0.0708 0.0398 0.0281 0.0892 0.1665 
        D166  2 0.1041 0.0781 0.0378 0.4996 0.2097 0.0708 
        D167  2 0.0287 0.7645 0.0526 0.0775 0.0489 0.0278 
        D192  2 0.0323 0.8261 0.0444 0.0424 0.0308 0.0240 
        D193  2 0.0653 0.0486 0.1046 0.6503 0.0913 0.0400 
        D206  2 0.1260 0.2602 0.0503 0.1019 0.3052 0.1564 
        D207  2 0.0439 0.5446 0.0453 0.1337 0.1708 0.0617 
        D208  2 0.0852 0.1980 0.4206 0.1003 0.1046 0.0913 
        D209  2 0.0996 0.3549 0.0619 0.1055 0.2561 0.1219 
        D210  2 0.0608 0.1769 0.5150 0.0593 0.0692 0.1188 
     D229599  2 0.1287 0.1024 0.1225 0.2049 0.1969 0.2446 
     D229600  2 0.4044 0.3373 0.0348 0.0659 0.0971 0.0606 
     D237227  2 0.1322 0.0976 0.5584 0.0502 0.0807 0.0808 
     D237228  2 0.2895 0.1595 0.2494 0.1026 0.1701 0.0288 
     D237258  2 0.2050 0.2373 0.1341 0.1291 0.1536 0.1409 
     D237310  2 0.3402 0.1579 0.0577 0.2891 0.1298 0.0253 
     D237311  2 0.4611 0.2665 0.0580 0.1226 0.0613 0.0305 
     D237312  2 0.2449 0.0519 0.0612 0.4470 0.1465 0.0484 
     D237313  2 0.1451 0.0593 0.1849 0.1232 0.2252 0.2623 
     D237322  2 0.1172 0.1364 0.1939 0.2353 0.2411 0.0761 
     D237323  2 0.4825 0.0872 0.2076 0.1157 0.0746 0.0324 
     D237324  2 0.2699 0.2734 0.0498 0.0505 0.2636 0.0927 
     D237325  2 0.3823 0.1171 0.1116 0.1978 0.1380 0.0532 
     D237326  2 0.4666 0.1270 0.1102 0.0786 0.0780 0.1395 
     D237327  2 0.1029 0.3073 0.1644 0.0936 0.2009 0.1309 
     D237337  2 0.5151 0.1068 0.0766 0.1157 0.1225 0.0634 
     D237338  2 0.3094 0.1413 0.2136 0.1169 0.1360 0.0828 
     D237339  2 0.0482 0.3076 0.0426 0.2507 0.1650 0.1860 
     D237340  2 0.2626 0.2197 0.1537 0.2389 0.0880 0.0371 
     D237389  2 0.3644 0.2012 0.0364 0.2610 0.0994 0.0376 
     D237390  2 0.2971 0.0623 0.1205 0.3396 0.1049 0.0756 
     D244017  2 0.0571 0.3217 0.2596 0.1685 0.1388 0.0543 
     D244112  2 0.0644 0.7593 0.0363 0.0576 0.0526 0.0299 
     D244118  2 0.3146 0.5178 0.0382 0.0607 0.0414 0.0273 
     D244119  2 0.0418 0.3059 0.5144 0.0485 0.0427 0.0467 
     D244120  2 0.0461 0.4215 0.0753 0.3396 0.0886 0.0288 
     D244122  2 0.0775 0.6246 0.0589 0.1185 0.0670 0.0534 
        D291  2 0.1033 0.2462 0.1963 0.0769 0.2598 0.1174 
        D292  2 0.0561 0.3376 0.1501 0.0872 0.0669 0.3020 
        D293  2 0.0226 0.5143 0.0313 0.0322 0.0842 0.3153 
        D322  2 0.0478 0.4205 0.0363 0.0469 0.1011 0.3475 
        D323  2 0.0830 0.1785 0.0981 0.2851 0.2264 0.1288 
        D324  2 0.1439 0.1248 0.2266 0.0490 0.1839 0.2717 
        D325  2 0.0286 0.7813 0.0274 0.0281 0.0675 0.0669 
        D326  2 0.0237 0.0298 0.0561 0.0329 0.0571 0.8004 
        D340  2 0.0305 0.8364 0.0377 0.0253 0.0353 0.0348 
        D341  2 0.0747 0.6092 0.0699 0.0814 0.0854 0.0795 
        D342  2 0.1833 0.5179 0.0400 0.0660 0.1476 0.0452 
        D343  2 0.0202 0.8709 0.0172 0.0189 0.0352 0.0376 
        D344  2 0.0496 0.0642 0.0343 0.4579 0.2064 0.1876 
        D345  2 0.1935 0.0849 0.0988 0.0923 0.1662 0.3642 
        D346  2 0.0517 0.1247 0.5478 0.0761 0.0984 0.1014 
        D351  2 0.1153 0.1115 0.0605 0.0795 0.2172 0.4158 
        D352  2 0.0568 0.1237 0.0853 0.4013 0.2429 0.0899 
        D353  2 0.0394 0.0379 0.0324 0.0776 0.5597 0.2529 
        D354  2 0.0673 0.0362 0.0923 0.3967 0.1559 0.2516 
        D362  2 0.0754 0.0511 0.0606 0.0472 0.0763 0.6895 
        D363  2 0.0382 0.0415 0.0608 0.0372 0.0621 0.7601 
        D364  2 0.0589 0.0428 0.0586 0.2316 0.1393 0.4689 
        D365  2 0.0217 0.8156 0.0335 0.0300 0.0384 0.0608 
        D369  2 0.0941 0.1867 0.2386 0.0466 0.1385 0.2955 
        D374  2 0.0398 0.0376 0.2815 0.5469 0.0613 0.0328 
        D375  2 0.0543 0.0376 0.0289 0.6160 0.1801 0.0831 
        D376  2 0.0576 0.0476 0.3284 0.4668 0.0667 0.0330 
        D377  2 0.1519 0.1360 0.1308 0.3166 0.1945 0.0701 
        D378  2 0.0743 0.2427 0.0517 0.0502 0.1413 0.4398 
        D379  2 0.0552 0.0414 0.0661 0.0726 0.1153 0.6494 
        D384  2 0.0275 0.0291 0.0714 0.0296 0.0401 0.8023 
        D385  2 0.0334 0.6965 0.0637 0.1115 0.0575 0.0374 
        D386  2 0.0972 0.0998 0.0393 0.1435 0.1907 0.4295 
        D391  2 0.0372 0.7100 0.0337 0.0667 0.0633 0.0890 
        D392  2 0.0956 0.5548 0.0866 0.0595 0.0771 0.1263 
        D393  2 0.0688 0.1504 0.0615 0.0529 0.0919 0.5746 
        D394  2 0.2557 0.1437 0.0724 0.1890 0.1793 0.1599 
        D395  2 0.0415 0.3600 0.0475 0.2916 0.1978 0.0616 
        D401  2 0.5082 0.1863 0.0936 0.0982 0.0733 0.0404 
        D402  2 0.0305 0.7828 0.0442 0.0508 0.0429 0.0488 
        D403  2 0.1633 0.0653 0.0461 0.1613 0.2483 0.3156 
        D415  2 0.0837 0.0526 0.0240 0.0491 0.3178 0.4729 
        D435  2 0.0722 0.2939 0.0376 0.0417 0.0748 0.4798 
        D436  2 0.0820 0.0641 0.0729 0.4492 0.1401 0.1917 
        D438  2 0.0304 0.8281 0.0396 0.0328 0.0420 0.0272 
        D439  2 0.0896 0.1648 0.0402 0.1863 0.2663 0.2528 
        D449  2 0.0391 0.4988 0.0378 0.0377 0.2582 0.1284 
        D450  2 0.0991 0.0436 0.1748 0.1755 0.2691 0.2379 
        D456  2 0.0355 0.0226 0.0358 0.0245 0.0854 0.7962 
        D462  2 0.0355 0.7070 0.0257 0.0456 0.0583 0.1278 
        D463  2 0.0308 0.0256 0.0508 0.0327 0.0696 0.7905 
        D464  2 0.0366 0.0819 0.0509 0.2664 0.4156 0.1486 
        D465  2 0.0556 0.4997 0.0429 0.0609 0.1449 0.1960 
        D473  2 0.1295 0.0774 0.4674 0.1681 0.0927 0.0648 
        D474  2 0.0598 0.1178 0.1105 0.0326 0.0765 0.6028 
        D476  2 0.4236 0.1769 0.0323 0.1635 0.1066 0.0970 
        D477  2 0.0535 0.0649 0.1114 0.1130 0.1024 0.5548 
        D478  2 0.1501 0.0861 0.1494 0.2110 0.2996 0.1039 
        D480  2 0.0423 0.1302 0.1721 0.0829 0.0980 0.4746 
        D481  2 0.1047 0.0960 0.1275 0.1199 0.1259 0.4261 
        D482  2 0.1356 0.0933 0.2891 0.2646 0.1617 0.0556 
        D483  2 0.0504 0.7309 0.0986 0.0438 0.0394 0.0369 
        D484  2 0.0407 0.1077 0.0498 0.6672 0.0983 0.0363 
        D510  2 0.0483 0.0617 0.5656 0.2173 0.0658 0.0413 
        D511  2 0.0729 0.1725 0.0572 0.1563 0.1218 0.4194 
        D512  2 0.3229 0.2834 0.0286 0.1472 0.1762 0.0418 
        D513  2 0.0561 0.5293 0.1139 0.0581 0.1264 0.1162 
        D635  2 0.1438 0.0710 0.0424 0.0287 0.1703 0.5438 
        D636  2 0.7508 0.0411 0.0390 0.0271 0.0671 0.0749 
        D637  2 0.0770 0.2523 0.1430 0.2807 0.1577 0.0893 
        D658  2 0.0692 0.4288 0.1032 0.2741 0.0751 0.0496 
        D659  2 0.0703 0.0594 0.0738 0.0407 0.1074 0.6483 
        D677  2 0.2295 0.1184 0.0555 0.1841 0.1491 0.2634 
        D678  2 0.0622 0.5666 0.0394 0.1020 0.1863 0.0436 
        D679  2 0.0692 0.0826 0.1139 0.0620 0.1531 0.5190 
        D719  2 0.0332 0.1630 0.4286 0.0499 0.0619 0.2634 
        D720  2 0.0433 0.0536 0.1117 0.0428 0.0766 0.6720 
        D721  2 0.4522 0.1168 0.0673 0.0416 0.1504 0.1718 
        D722  2 0.0612 0.0853 0.2446 0.4762 0.0902 0.0426 
        D734  2 0.0311 0.1876 0.3947 0.1901 0.0901 0.1065 
        D735  2 0.1009 0.1010 0.1213 0.0613 0.1809 0.4346 
        D736  2 0.0855 0.1196 0.4789 0.0664 0.1228 0.1269 
        D737  2 0.1332 0.4651 0.0906 0.1835 0.0750 0.0526 
        D807  2 0.0897 0.1324 0.3056 0.1140 0.0836 0.2747 
        D808  2 0.2301 0.1763 0.0663 0.1201 0.2611 0.1461 
        D817  2 0.0746 0.0485 0.1202 0.1599 0.1926 0.4041 
        D818  2 0.1320 0.2787 0.0514 0.0679 0.3527 0.1174 
        D819  2 0.1659 0.0821 0.1036 0.1069 0.2212 0.3204 
        D820  2 0.0354 0.0756 0.0411 0.0416 0.0500 0.7563 
        D895  2 0.1509 0.0700 0.0759 0.0711 0.2043 0.4278 
        D896  2 0.5719 0.1541 0.0589 0.1237 0.0500 0.0414 
        D897  2 0.0633 0.5619 0.0561 0.0797 0.1740 0.0650 
        D898  2 0.1116 0.0928 0.1435 0.2446 0.2966 0.1108 
        D918  2 0.2607 0.1472 0.1379 0.1303 0.2445 0.0794 
        D919  2 0.0625 0.2137 0.0397 0.2061 0.2205 0.2574 
        D920  2 0.7025 0.0497 0.0553 0.0836 0.0551 0.0538 
        D923  2 0.0407 0.0528 0.0387 0.0798 0.0918 0.6962 
        D930  2 0.0695 0.0819 0.1522 0.1592 0.2228 0.3144 
        D931  2 0.0570 0.1599 0.0844 0.1330 0.1011 0.4646 
        D968  2 0.0269 0.7899 0.0394 0.0378 0.0537 0.0522 
        D969  2 0.0648 0.2304 0.1371 0.0586 0.1455 0.3637 
        D977  2 0.0491 0.6782 0.0420 0.0471 0.1312 0.0525 
        D978  2 0.0567 0.2428 0.1185 0.1369 0.3694 0.0757 
        D211  3 0.5206 0.0420 0.0677 0.0694 0.1665 0.1339 
     D229639  3 0.0643 0.2675 0.4095 0.0684 0.0827 0.1076 
     D237212  3 0.1523 0.2296 0.0942 0.1446 0.1788 0.2004 
     D237213  3 0.2995 0.1063 0.0523 0.1749 0.2246 0.1424 
     D237214  3 0.4195 0.0385 0.0528 0.0575 0.3634 0.0683 
     D237215  3 0.0347 0.5637 0.1780 0.1396 0.0524 0.0316 
     D237216  3 0.1150 0.0512 0.0521 0.0797 0.6401 0.0620 
     D237217  3 0.4144 0.0629 0.0465 0.0482 0.2612 0.1668 
     D237218  3 0.1333 0.1719 0.1704 0.1021 0.2228 0.1996 
     D237219  3 0.3670 0.0740 0.3282 0.0546 0.1199 0.0562 
     D237382  3 0.1161 0.0952 0.1250 0.3529 0.1702 0.1407 
     D244127  3 0.4375 0.2433 0.0631 0.0798 0.1249 0.0514 
     D244129  3 0.2205 0.1406 0.1066 0.1239 0.2025 0.2059 
     D244133  3 0.1110 0.1726 0.2908 0.0668 0.2453 0.1136 
     D244134  3 0.0951 0.0948 0.6480 0.0401 0.0565 0.0654 
     D244135  3 0.5835 0.1153 0.0371 0.0454 0.1276 0.0911 
     D244136  3 0.0828 0.1241 0.2962 0.1193 0.1825 0.1951 
        D416  3 0.1189 0.2420 0.0875 0.0816 0.2509 0.2190 
        D417  3 0.1238 0.0430 0.0427 0.1179 0.1139 0.5588 
        D419  3 0.2384 0.1697 0.2162 0.0671 0.1347 0.1739 
        D565  3 0.0311 0.0312 0.7576 0.0383 0.0462 0.0955 
        D566  3 0.0410 0.1981 0.4970 0.0671 0.1101 0.0867 
        D567  3 0.1282 0.0790 0.0397 0.0590 0.0828 0.6113 
        D568  3 0.2914 0.1593 0.0403 0.1417 0.1422 0.2250 
        D569  3 0.0988 0.1571 0.0584 0.3196 0.2592 0.1068 
        D573  3 0.0427 0.4641 0.1041 0.0416 0.1309 0.2166 
        D574  3 0.0817 0.0723 0.4272 0.1601 0.1857 0.0730 
        D575  3 0.2094 0.1185 0.3436 0.0574 0.1431 0.1279 
        D576  3 0.0509 0.6378 0.1084 0.1006 0.0838 0.0185 
        D577  3 0.1107 0.0415 0.0804 0.0844 0.1359 0.5471 
        D578  3 0.6009 0.0546 0.0280 0.0385 0.2479 0.0301 
        D579  3 0.0958 0.1594 0.2799 0.0881 0.1147 0.2620 
        D660  3 0.0931 0.5542 0.0417 0.0801 0.1921 0.0389 
        D661  3 0.1265 0.4048 0.0791 0.1007 0.2162 0.0726 
        D663  3 0.0512 0.3619 0.1496 0.1015 0.2309 0.1049 
        D664  3 0.3171 0.2063 0.1492 0.1109 0.1800 0.0366 
        D665  3 0.2285 0.0810 0.0295 0.1847 0.4377 0.0386 
        D666  3 0.2101 0.0701 0.3588 0.0843 0.1428 0.1339 
        D009  4 0.3124 0.0494 0.0498 0.1749 0.2334 0.1802 
        D057  4 0.2662 0.2970 0.0714 0.1785 0.0763 0.1104 
        D109  4 0.4195 0.0587 0.0960 0.0906 0.2465 0.0887 
     D237222  4 0.5355 0.0567 0.1167 0.1489 0.0738 0.0684 
     D237223  4 0.3361 0.1312 0.1317 0.1710 0.1650 0.0650 
     D237224  4 0.0718 0.2761 0.1078 0.1246 0.1331 0.2864 
     D237225  4 0.1801 0.0668 0.0747 0.1502 0.3608 0.1674 
     D237299  4 0.1346 0.0759 0.0826 0.1510 0.5211 0.0349 
     D237300  4 0.0550 0.3851 0.3645 0.0652 0.0926 0.0375 
     D237306  4 0.1170 0.0639 0.2755 0.2907 0.1156 0.1372 
     D237307  4 0.0766 0.1024 0.2391 0.0985 0.1498 0.3337 
     D237308  4 0.1220 0.4170 0.1230 0.1424 0.1037 0.0920 
     D237309  4 0.1744 0.0868 0.0463 0.1687 0.3038 0.2199 
     D237317  4 0.0956 0.0556 0.3236 0.0846 0.1804 0.2601 
     D237318  4 0.0381 0.4657 0.2827 0.0432 0.1180 0.0523 
     D237319  4 0.3034 0.0918 0.0714 0.2104 0.2362 0.0868 
     D237320  4 0.3546 0.1990 0.0771 0.0870 0.1814 0.1010 
     D237321  4 0.0727 0.3411 0.3105 0.0698 0.1090 0.0969 
     D237397  4 0.2152 0.2003 0.2408 0.1273 0.1249 0.0914 
     D237398  4 0.0842 0.2625 0.1612 0.0711 0.2642 0.1568 
     D237399  4 0.1352 0.1071 0.3683 0.1151 0.1118 0.1624 
     D244001  4 0.4383 0.1186 0.0511 0.1931 0.1467 0.0522 
        D289  4 0.0822 0.1427 0.2718 0.1092 0.1489 0.2453 
        D290  4 0.0892 0.0710 0.0464 0.4853 0.2106 0.0974 
        D294  4 0.0912 0.0791 0.0659 0.2169 0.3120 0.2349 
        D295  4 0.1618 0.0701 0.1036 0.2219 0.1183 0.3243 
        D301  4 0.5953 0.0731 0.1045 0.1389 0.0509 0.0374 
        D302  4 0.0552 0.0375 0.0335 0.3028 0.1159 0.4551 
        D303  4 0.0978 0.1123 0.4671 0.1631 0.0770 0.0826 
        D304  4 0.0733 0.0797 0.1819 0.3052 0.2456 0.1143 
        D305  4 0.0803 0.1435 0.0303 0.2316 0.4519 0.0624 
        D306  4 0.0797 0.0402 0.0576 0.4354 0.3226 0.0645 
        D307  4 0.6887 0.0486 0.1230 0.0573 0.0464 0.0361 
        D327  4 0.0596 0.0897 0.1172 0.0937 0.1565 0.4833 
        D328  4 0.0884 0.0504 0.1394 0.5638 0.0938 0.0642 
        D329  4 0.1737 0.2171 0.0962 0.1689 0.1728 0.1712 
        D330  4 0.1956 0.1140 0.0290 0.1975 0.1677 0.2962 
        D331  4 0.1215 0.1161 0.1805 0.2354 0.1296 0.2169 
        D333  4 0.1613 0.1450 0.1316 0.3117 0.1165 0.1338 
        D334  4 0.1511 0.0446 0.4149 0.1155 0.0992 0.1746 
        D335  4 0.0529 0.0726 0.0527 0.2939 0.0748 0.4532 
        D370  4 0.1312 0.0710 0.0840 0.5548 0.0858 0.0732 
        D371  4 0.0347 0.0861 0.5386 0.0961 0.0641 0.1803 
        D372  4 0.0430 0.3139 0.2869 0.1353 0.1919 0.0290 
        D373  4 0.5222 0.1733 0.0695 0.0595 0.1052 0.0703 
        D455  4 0.6680 0.0662 0.0622 0.0767 0.0495 0.0775 
        D490  4 0.7881 0.0235 0.0400 0.0640 0.0413 0.0431 
        D497  4 0.6878 0.0393 0.0509 0.0898 0.0972 0.0349 
        D498  4 0.1260 0.1076 0.1687 0.3390 0.1544 0.1043 
        D499  4 0.0587 0.2950 0.2144 0.1456 0.2103 0.0758 
        D514  4 0.0701 0.0571 0.0364 0.2866 0.2133 0.3365 
        D515  4 0.3749 0.0713 0.0484 0.2534 0.1769 0.0750 
        D516  4 0.2669 0.1557 0.1390 0.1140 0.1394 0.1851 
        D517  4 0.5184 0.1029 0.0573 0.0643 0.1702 0.0869 
        D518  4 0.2679 0.0921 0.1025 0.3235 0.0945 0.1197 
        D519  4 0.4364 0.1200 0.0558 0.0968 0.2148 0.0763 
        D560  4 0.2940 0.1519 0.0419 0.1565 0.2358 0.1199 
        D561  4 0.1405 0.0655 0.0299 0.0821 0.5061 0.1758 
        D562  4 0.1835 0.1283 0.0853 0.2272 0.2460 0.1296 
        D563  4 0.0797 0.4501 0.0387 0.1453 0.1877 0.0985 
        D572  4 0.1103 0.0967 0.0471 0.4054 0.1300 0.2106 
        D629  4 0.2276 0.0544 0.0656 0.0639 0.1451 0.4433 
        D630  4 0.2140 0.0828 0.0869 0.2980 0.1666 0.1517 
        D631  4 0.1113 0.2603 0.0747 0.2794 0.1423 0.1319 
        D632  4 0.4462 0.2047 0.0406 0.0977 0.0745 0.1363 
        D646  4 0.2691 0.1555 0.0532 0.1052 0.2188 0.1982 
        D647  4 0.1985 0.0867 0.0324 0.1454 0.0852 0.4519 
        D648  4 0.0359 0.0336 0.0507 0.8036 0.0423 0.0338 
        D649  4 0.1821 0.0473 0.0467 0.0986 0.0997 0.5257 
        D650  4 0.1756 0.0754 0.1544 0.1376 0.1674 0.2896 
        D708  4 0.0906 0.0532 0.2924 0.2784 0.1836 0.1019 
        D709  4 0.0796 0.0535 0.0691 0.5679 0.1691 0.0608 
        D738  4 0.2168 0.0499 0.3619 0.1078 0.0860 0.1775 
        D739  4 0.2976 0.0689 0.0546 0.3119 0.2031 0.0639 
        D740  4 0.1288 0.1467 0.2336 0.0943 0.3332 0.0634 
        D741  4 0.1848 0.1992 0.0315 0.0868 0.3297 0.1679 
        D742  4 0.1001 0.3890 0.1650 0.0930 0.1636 0.0892 
        D743  4 0.0563 0.0808 0.0593 0.1038 0.0988 0.6011 
        D744  4 0.0700 0.2199 0.0633 0.2199 0.1601 0.2668 
        D745  4 0.5072 0.0710 0.0487 0.1091 0.2076 0.0564 
        D814  4 0.1161 0.2677 0.0432 0.1557 0.3637 0.0537 
        D815  4 0.0695 0.0757 0.0661 0.4370 0.0862 0.2655 
        D828  4 0.0480 0.1062 0.0945 0.6524 0.0725 0.0265 
        D845  4 0.0270 0.3717 0.4579 0.0351 0.0549 0.0533 
        D846  4 0.1414 0.2266 0.0305 0.1815 0.1889 0.2311 
        D847  4 0.2376 0.1162 0.1680 0.1069 0.1962 0.1751 
        D848  4 0.5157 0.2049 0.0948 0.0597 0.0809 0.0439 
        D849  4 0.3929 0.0626 0.0459 0.2001 0.2357 0.0627 
        D850  4 0.1623 0.1322 0.1744 0.0582 0.2417 0.2313 
        D856  4 0.1948 0.0613 0.0742 0.2162 0.3596 0.0938 
        D857  4 0.4930 0.1912 0.0445 0.1945 0.0584 0.0183 
        D859  4 0.0880 0.0999 0.0682 0.4314 0.1548 0.1577 
        D860  4 0.0388 0.1383 0.4600 0.0626 0.0908 0.2095 
        D883  4 0.2452 0.0767 0.1508 0.1630 0.0942 0.2700 
        D884  4 0.2860 0.0582 0.1007 0.3152 0.1230 0.1169 
        D885  4 0.0876 0.1795 0.0674 0.0799 0.4599 0.1256 
        D886  4 0.3503 0.1097 0.0455 0.1803 0.1087 0.2055 
        D887  4 0.1000 0.2271 0.1368 0.1621 0.1930 0.1810 
        D889  4 0.0492 0.1140 0.1773 0.3209 0.2680 0.0706 
        D890  4 0.1511 0.0892 0.1809 0.3495 0.1360 0.0933 
        D891  4 0.0253 0.4614 0.3820 0.0244 0.0722 0.0347 
        D899  4 0.0512 0.4792 0.1853 0.1236 0.0827 0.0780 
        D900  4 0.1100 0.1301 0.1074 0.2082 0.2478 0.1965 
        D970  4 0.1130 0.1302 0.1307 0.1526 0.1588 0.3148 
        D971  4 0.0992 0.4188 0.0646 0.1511 0.1112 0.1551 
        D979  4 0.0457 0.0582 0.0491 0.2199 0.0943 0.5329 
        D093  5 0.0518 0.0501 0.6829 0.0868 0.0593 0.0691 
        D154  5 0.0547 0.2601 0.1264 0.1613 0.3454 0.0521 
        D168  5 0.1574 0.3609 0.0538 0.0882 0.2424 0.0973 
        D189  5 0.0554 0.1121 0.4167 0.2439 0.1006 0.0713 
        D190  5 0.0452 0.0507 0.6575 0.1241 0.0550 0.0675 
     D237220  5 0.3720 0.0564 0.1914 0.1298 0.1760 0.0744 
     D237221  5 0.0750 0.1739 0.4295 0.0781 0.1052 0.1382 
     D237274  5 0.0484 0.0665 0.0311 0.1529 0.1341 0.5670 
     D237275  5 0.0508 0.5820 0.0658 0.1221 0.1416 0.0378 
     D237276  5 0.2158 0.0747 0.1972 0.2391 0.1255 0.1477 
     D237277  5 0.0393 0.1055 0.6771 0.0680 0.0601 0.0500 
     D237278  5 0.0977 0.3798 0.1724 0.1473 0.1086 0.0941 
     D237279  5 0.3344 0.0618 0.0458 0.0434 0.4397 0.0748 
     D237280  5 0.3510 0.0482 0.1228 0.0961 0.1843 0.1976 
     D237281  5 0.0348 0.5894 0.1016 0.0470 0.1440 0.0831 
     D237351  5 0.4899 0.1193 0.1785 0.0648 0.0915 0.0560 
     D237352  5 0.3695 0.0909 0.0889 0.1366 0.1179 0.1962 
     D237353  5 0.0298 0.0370 0.8110 0.0536 0.0356 0.0331 
     D237359  5 0.2485 0.0847 0.1506 0.1559 0.2677 0.0926 
     D237361  5 0.0371 0.0373 0.7610 0.0702 0.0512 0.0431 
     D237362  5 0.0842 0.1244 0.2885 0.1100 0.1952 0.1977 
     D237363  5 0.0415 0.1393 0.0850 0.0787 0.6019 0.0536 
     D237364  5 0.1538 0.1821 0.0361 0.2182 0.2806 0.1292 
     D237376  5 0.0383 0.0545 0.0834 0.7436 0.0556 0.0245 
     D237377  5 0.2177 0.1123 0.1950 0.0447 0.1386 0.2917 
     D237378  5 0.0734 0.1146 0.4326 0.2499 0.0836 0.0460 
     D237379  5 0.0608 0.0789 0.2750 0.3548 0.1576 0.0729 
     D237380  5 0.3711 0.0477 0.0649 0.3907 0.0738 0.0518 
     D237381  5 0.3892 0.1070 0.0988 0.1990 0.1133 0.0928 
     D237391  5 0.0389 0.0387 0.7713 0.0375 0.0461 0.0675 
     D237392  5 0.0785 0.2087 0.0440 0.1321 0.1413 0.3954 
     D237393  5 0.1113 0.0896 0.2076 0.0863 0.0658 0.4394 
     D237394  5 0.0359 0.0261 0.7650 0.0530 0.0441 0.0758 
     D237395  5 0.1301 0.1191 0.3582 0.1597 0.1706 0.0623 
     D237396  5 0.0782 0.0922 0.1450 0.0298 0.1046 0.5503 
     D244016  5 0.0405 0.0780 0.3729 0.1465 0.2821 0.0799 
     D244018  5 0.0902 0.3545 0.3131 0.0482 0.1138 0.0803 
     D244019  5 0.0533 0.1540 0.1238 0.1416 0.3302 0.1972 
        D279  5 0.1004 0.2145 0.1827 0.1311 0.2873 0.0839 
        D280  5 0.0895 0.1021 0.3730 0.0573 0.2369 0.1412 
        D281  5 0.0350 0.4041 0.2297 0.0841 0.1831 0.0641 
        D283  5 0.0510 0.0662 0.5211 0.0436 0.0951 0.2229 
        D284  5 0.2580 0.0997 0.0639 0.1584 0.3357 0.0843 
        D285  5 0.0563 0.0540 0.5484 0.1142 0.1325 0.0946 
        D286  5 0.1152 0.0727 0.2023 0.3384 0.1160 0.1553 
        D287  5 0.0752 0.0453 0.1630 0.6086 0.0797 0.0282 
        D288  5 0.0512 0.1288 0.3112 0.0520 0.1959 0.2609 
        D308  5 0.4851 0.1058 0.0785 0.0494 0.1148 0.1664 
        D309  5 0.0711 0.0665 0.0329 0.2709 0.1756 0.3829 
        D310  5 0.0309 0.0326 0.6442 0.0959 0.1585 0.0378 
        D311  5 0.0620 0.0549 0.1354 0.3957 0.2256 0.1265 
        D312  5 0.0928 0.0770 0.2120 0.2357 0.1468 0.2357 
        D313  5 0.7258 0.0897 0.0552 0.0329 0.0622 0.0342 
        D314  5 0.1235 0.2168 0.1248 0.2352 0.2495 0.0503 
        D315  5 0.1227 0.0934 0.2385 0.1214 0.1184 0.3054 
        D317  5 0.0507 0.0371 0.6746 0.0989 0.0495 0.0892 
        D318  5 0.0947 0.1468 0.0981 0.1241 0.3648 0.1714 
        D319  5 0.0476 0.0606 0.6837 0.0989 0.0597 0.0494 
        D320  5 0.0647 0.0436 0.6234 0.1253 0.0692 0.0737 
        D321  5 0.3810 0.1099 0.2486 0.0387 0.0845 0.1373 
        D336  5 0.0357 0.0339 0.4172 0.3702 0.0906 0.0523 
        D337  5 0.0256 0.0422 0.8001 0.0514 0.0367 0.0440 
        D338  5 0.1251 0.1395 0.1999 0.1033 0.2378 0.1944 
        D339  5 0.0658 0.0915 0.5649 0.0809 0.1332 0.0636 
        D347  5 0.0408 0.0983 0.0579 0.5374 0.1256 0.1400 
        D348  5 0.0312 0.0571 0.5386 0.2075 0.0981 0.0675 
        D349  5 0.4844 0.1633 0.1657 0.0657 0.0599 0.0610 
        D350  5 0.0757 0.1017 0.0402 0.3423 0.1739 0.2662 
        D355  5 0.0308 0.2706 0.0522 0.1283 0.3666 0.1515 
        D356  5 0.1229 0.0504 0.3127 0.1203 0.1196 0.2741 
        D357  5 0.0845 0.0958 0.1148 0.3286 0.2796 0.0968 
        D358  5 0.1051 0.0865 0.3478 0.1474 0.1390 0.1743 
        D359  5 0.0380 0.0369 0.3782 0.0662 0.1164 0.3643 
        D360  5 0.1343 0.0448 0.4760 0.1066 0.1039 0.1344 
        D361  5 0.5762 0.1535 0.0573 0.0532 0.0870 0.0728 
        D366  5 0.0434 0.3576 0.0487 0.0444 0.1029 0.4029 
        D367  5 0.0764 0.0414 0.2945 0.3622 0.1850 0.0405 
        D368  5 0.1552 0.0645 0.2469 0.1044 0.2987 0.1303 
        D380  5 0.0813 0.1113 0.0630 0.0953 0.2935 0.3555 
        D381  5 0.0425 0.0738 0.4926 0.0731 0.1901 0.1279 
        D400  5 0.0701 0.1372 0.2595 0.3289 0.1133 0.0910 
        D411  5 0.6170 0.0717 0.0241 0.0919 0.1606 0.0348 
        D412  5 0.1249 0.1716 0.1150 0.1767 0.2927 0.1190 
        D413  5 0.0746 0.5238 0.0642 0.0494 0.1439 0.1441 
        D414  5 0.0456 0.2219 0.0431 0.4409 0.1541 0.0942 
        D420  5 0.2258 0.0860 0.1877 0.1305 0.3104 0.0597 
        D431  5 0.1207 0.1672 0.1314 0.3117 0.2296 0.0394 
        D432  5 0.1565 0.1152 0.4083 0.0844 0.1185 0.1170 
        D433  5 0.0623 0.0940 0.5309 0.1379 0.0795 0.0955 
        D434  5 0.0982 0.0457 0.4792 0.1173 0.1223 0.1372 
        D440  5 0.0753 0.0633 0.0386 0.3903 0.1961 0.2364 
        D447  5 0.0925 0.1197 0.0430 0.1082 0.3783 0.2583 
        D448  5 0.0463 0.0700 0.2560 0.4221 0.0980 0.1077 
        D459  5 0.0418 0.5506 0.1195 0.0678 0.0956 0.1247 
        D460  5 0.4279 0.1428 0.1404 0.0384 0.0795 0.1710 
        D461  5 0.0497 0.0497 0.0505 0.2752 0.0990 0.4759 
        D468  5 0.0903 0.1002 0.1569 0.1807 0.2739 0.1981 
        D469  5 0.1005 0.0534 0.1148 0.1036 0.1093 0.5183 
        D470  5 0.2353 0.0542 0.1034 0.3411 0.1769 0.0892 
        D471  5 0.0324 0.0715 0.3786 0.3292 0.0778 0.1105 
        D472  5 0.0382 0.1437 0.0525 0.0272 0.0512 0.6872 
        D479  5 0.0426 0.5685 0.0345 0.2320 0.0638 0.0586 
        D485  5 0.0593 0.0637 0.0556 0.6560 0.1052 0.0602 
        D486  5 0.1425 0.0831 0.0843 0.2791 0.2860 0.1250 
        D487  5 0.0596 0.2264 0.3197 0.2193 0.1184 0.0566 
        D555  5 0.0455 0.0888 0.6777 0.0923 0.0445 0.0512 
        D556  5 0.1031 0.1305 0.3183 0.1602 0.1664 0.1215 
        D557  5 0.0363 0.0723 0.6922 0.0720 0.0503 0.0768 
        D564  5 0.1429 0.0696 0.2334 0.2709 0.1608 0.1223 
        D594  5 0.0612 0.1446 0.0583 0.3396 0.2356 0.1608 
        D595  5 0.0732 0.1441 0.3088 0.1076 0.1451 0.2213 
        D596  5 0.0427 0.0527 0.7022 0.1103 0.0433 0.0487 
        D597  5 0.0483 0.2641 0.3447 0.0762 0.0919 0.1749 
        D598  5 0.1885 0.0925 0.3325 0.1395 0.0974 0.1495 
        D617  5 0.4092 0.2408 0.0305 0.0899 0.1849 0.0447 
        D618  5 0.0728 0.0949 0.5670 0.0770 0.0829 0.1053 
        D619  5 0.1855 0.1237 0.1002 0.2298 0.1353 0.2255 
        D620  5 0.0428 0.7168 0.0611 0.0371 0.0448 0.0975 
        D628  5 0.1382 0.0904 0.0810 0.4417 0.1216 0.1271 
        D714  5 0.0514 0.1315 0.3686 0.2931 0.1104 0.0450 
        D715  5 0.0352 0.0606 0.7177 0.0427 0.0511 0.0928 
        D716  5 0.0467 0.0816 0.0599 0.5553 0.1841 0.0724 
        D717  5 0.1186 0.0675 0.2093 0.0797 0.1159 0.4090 
        D718  5 0.0919 0.0763 0.0809 0.5360 0.1865 0.0284 
        D769  5 0.4249 0.1174 0.0451 0.2041 0.1650 0.0436 
        D770  5 0.0584 0.2822 0.1221 0.2902 0.1660 0.0811 
        D771  5 0.1204 0.2619 0.1080 0.2201 0.1963 0.0933 
        D772  5 0.0782 0.0601 0.3304 0.3108 0.1017 0.1189 
        D782  5 0.1834 0.1954 0.0946 0.0638 0.3952 0.0676 
        D783  5 0.0565 0.3131 0.1416 0.2439 0.1904 0.0544 
        D784  5 0.0749 0.0590 0.1793 0.0826 0.1353 0.4689 
        D785  5 0.0693 0.0419 0.5886 0.1597 0.0718 0.0687 
        D786  5 0.3842 0.0948 0.0303 0.1881 0.0944 0.2083 
        D821  5 0.0219 0.0232 0.8376 0.0595 0.0316 0.0262 
        D822  5 0.0566 0.1073 0.1373 0.1520 0.2256 0.3212 
        D826  5 0.0542 0.1997 0.4209 0.0906 0.1352 0.0994 
        D827  5 0.0949 0.1246 0.0526 0.1350 0.3516 0.2414 
        D851  5 0.0937 0.1075 0.1422 0.1020 0.3909 0.1637 
        D852  5 0.1142 0.1939 0.3043 0.2195 0.1034 0.0648 
        D853  5 0.0920 0.0955 0.3521 0.1707 0.1690 0.1207 
        D854  5 0.0829 0.1883 0.0421 0.2721 0.3023 0.1123 
        D861  5 0.0968 0.1931 0.1727 0.1163 0.3290 0.0922 
        D862  5 0.0612 0.0540 0.1903 0.1955 0.1746 0.3244 
        D865  5 0.0678 0.0917 0.6084 0.1050 0.0704 0.0567 
        D868  5 0.0842 0.0555 0.1185 0.0538 0.0787 0.6093 
        D869  5 0.6085 0.0839 0.0718 0.0452 0.1243 0.0664 
        D870  5 0.0866 0.0782 0.0283 0.0516 0.6681 0.0872 
        D907  5 0.1010 0.0766 0.4964 0.1257 0.1359 0.0644 
        D908  5 0.0797 0.2674 0.3717 0.1597 0.0664 0.0551 
        D910  5 0.0430 0.1917 0.3605 0.1830 0.1180 0.1038 
        D911  5 0.0368 0.3160 0.1281 0.1000 0.3056 0.1135 
        D934  5 0.0486 0.2419 0.1438 0.1963 0.2749 0.0945 
        D946  5 0.1011 0.1486 0.0818 0.4531 0.1757 0.0396 
        D947  5 0.1072 0.0824 0.1192 0.2418 0.2317 0.2176 
        D948  5 0.4066 0.1270 0.2706 0.0407 0.0483 0.1068 
        D949  5 0.4896 0.1288 0.1753 0.0442 0.0613 0.1009 
        D950  5 0.0381 0.3784 0.1181 0.0761 0.2684 0.1211 
        D951  5 0.0710 0.0686 0.0313 0.2205 0.2192 0.3893 
        D952  5 0.0592 0.0652 0.1208 0.0793 0.0765 0.5989 
        D953  5 0.0527 0.0490 0.6264 0.0752 0.0646 0.1321 
        D954  5 0.0458 0.0469 0.2360 0.0583 0.1188 0.4942 
        D961  5 0.0649 0.0518 0.0706 0.6543 0.1242 0.0342 
        D962  5 0.0468 0.0281 0.3497 0.3797 0.0630 0.1327 
        D963  5 0.0515 0.0773 0.2819 0.1614 0.0892 0.3387 
        D964  5 0.1593 0.1375 0.1131 0.2626 0.2549 0.0726 
        D965  5 0.0727 0.1040 0.0547 0.5894 0.1040 0.0752 
        D966  5 0.0537 0.1390 0.3031 0.1438 0.1307 0.2297 
        D967  5 0.1074 0.2369 0.3699 0.0590 0.1439 0.0830 
        D991  5 0.2375 0.0571 0.0871 0.3753 0.1113 0.1317 
        D502  6 0.0839 0.1545 0.0232 0.3316 0.3617 0.0451 
        D503  6 0.1843 0.2975 0.1575 0.0566 0.2552 0.0489 
        D504  6 0.1110 0.0889 0.1268 0.1225 0.1735 0.3773 
        D505  6 0.1024 0.1607 0.2705 0.1147 0.1849 0.1667 
        D506  6 0.0374 0.0365 0.6992 0.0845 0.0779 0.0644 
        D507  6 0.1488 0.1772 0.0874 0.2477 0.2502 0.0887 
        D508  6 0.0663 0.0851 0.0596 0.3122 0.2607 0.2162 
        D529  6 0.2165 0.0746 0.1697 0.1051 0.2813 0.1528 
        D530  6 0.1094 0.0790 0.0717 0.5825 0.1195 0.0379 
        D531  6 0.1003 0.0827 0.1207 0.2189 0.2139 0.2635 
        D532  6 0.0511 0.1036 0.1182 0.3573 0.2032 0.1666 
        D534  6 0.6442 0.0604 0.0415 0.0749 0.1022 0.0767 
        D535  6 0.0996 0.0776 0.2958 0.1844 0.1614 0.1812 
        D536  6 0.0807 0.5795 0.0318 0.0735 0.1958 0.0387 
        D554  6 0.1252 0.0666 0.1484 0.4486 0.1419 0.0692 
        D587  6 0.0546 0.0659 0.5584 0.1003 0.0844 0.1363 
        D588  6 0.0638 0.0966 0.2735 0.0677 0.2394 0.2590 
        D589  6 0.0729 0.2759 0.2022 0.0958 0.2722 0.0810 
        D590  6 0.0555 0.6520 0.0534 0.0798 0.1063 0.0530 
        D591  6 0.0983 0.0973 0.3583 0.0476 0.3069 0.0916 
        D592  6 0.5983 0.0645 0.1064 0.0391 0.1008 0.0909 
        D593  6 0.0502 0.0577 0.0706 0.6766 0.1121 0.0330 
        D682  6 0.0497 0.0412 0.7101 0.0698 0.0780 0.0511 
        D683  6 0.0644 0.0419 0.2592 0.0485 0.1185 0.4675 
        D684  6 0.2651 0.1655 0.0611 0.0562 0.3800 0.0722 
        D685  6 0.0651 0.0871 0.1000 0.1616 0.5553 0.0308 
        D686  6 0.0507 0.0611 0.1009 0.5822 0.1520 0.0530 
        D724  6 0.1294 0.0997 0.0407 0.3251 0.2059 0.1991 
        D725  6 0.0957 0.1897 0.1222 0.3791 0.1471 0.0664 
        D726  6 0.0488 0.0409 0.6748 0.0986 0.0629 0.0741 
        D727  6 0.0615 0.4607 0.0948 0.0856 0.1599 0.1374 
        D728  6 0.0806 0.0646 0.3445 0.2460 0.1592 0.1052 
        D729  6 0.2331 0.3431 0.0353 0.0485 0.1568 0.1832 
        D730  6 0.1764 0.1518 0.0549 0.2943 0.1983 0.1243 
        D731  6 0.0291 0.1395 0.7136 0.0570 0.0381 0.0228 
        D732  6 0.0841 0.0809 0.0533 0.2913 0.1367 0.3537 
        D733  6 0.1648 0.0800 0.0823 0.4505 0.1130 0.1094 
     D237251  7 0.0800 0.2166 0.1315 0.3735 0.1466 0.0519 
     D237252  7 0.2924 0.2309 0.0472 0.1513 0.2132 0.0650 
     D237253  7 0.0765 0.1662 0.2373 0.1961 0.2473 0.0767 
     D237254  7 0.6389 0.0494 0.0343 0.0259 0.2100 0.0415 
     D237255  7 0.0512 0.4579 0.2085 0.1160 0.1041 0.0624 
     D237256  7 0.0330 0.2342 0.0724 0.2662 0.3168 0.0774 
     D237257  7 0.1540 0.0880 0.0326 0.1248 0.5434 0.0571 
     D237282  7 0.1182 0.1611 0.0319 0.1145 0.1104 0.4639 
     D237283  7 0.5028 0.0628 0.0620 0.0360 0.3089 0.0276 
     D237284  7 0.6453 0.0469 0.0406 0.0523 0.1229 0.0920 
     D237285  7 0.0539 0.1118 0.0750 0.5321 0.1519 0.0753 
     D237286  7 0.0688 0.1326 0.1988 0.1341 0.2448 0.2209 
     D237287  7 0.0669 0.3326 0.1069 0.1141 0.2514 0.1280 
     D244006  7 0.6651 0.0658 0.0303 0.0442 0.1411 0.0535 
     D244007  7 0.0582 0.5182 0.0550 0.0590 0.1548 0.1549 
     D244008  7 0.4681 0.0611 0.1007 0.0492 0.2778 0.0431 
     D244009  7 0.4935 0.0423 0.0982 0.1411 0.1243 0.1006 
     D244010  7 0.2265 0.0856 0.0701 0.1004 0.4548 0.0626 
     D244011  7 0.1194 0.1226 0.2227 0.2124 0.2566 0.0663 
     D244012  7 0.1006 0.2334 0.0557 0.1210 0.3779 0.1115 
     D244013  7 0.0940 0.2846 0.2393 0.1355 0.0880 0.1585 
     D244014  7 0.2576 0.1915 0.0944 0.1413 0.2273 0.0879 
     D244015  7 0.2497 0.1326 0.0472 0.1031 0.3458 0.1215 
     D244125  7 0.0553 0.1239 0.4713 0.0665 0.1162 0.1669 
     D244126  7 0.6635 0.0357 0.0216 0.0574 0.1840 0.0379 
     D244130  7 0.1512 0.1054 0.0381 0.3919 0.2341 0.0794 
     D244131  7 0.1476 0.1078 0.2501 0.0702 0.1462 0.2779 
     D244132  7 0.0723 0.0512 0.1906 0.3159 0.1250 0.2450 
        D520  7 0.1468 0.0418 0.0998 0.1793 0.4783 0.0539 
        D521  7 0.1361 0.1116 0.0551 0.4030 0.1607 0.1336 
        D522  7 0.4666 0.0684 0.1431 0.0551 0.1020 0.1647 
        D523  7 0.0646 0.3428 0.1983 0.1084 0.2209 0.0649 
        D524  7 0.1527 0.1942 0.2350 0.1860 0.1340 0.0980 
        D525  7 0.4437 0.1599 0.1425 0.0535 0.1319 0.0685 
        D526  7 0.6338 0.0463 0.0366 0.0324 0.1640 0.0869 
        D527  7 0.1628 0.0708 0.1336 0.1806 0.2200 0.2322 
        D528  7 0.0386 0.0179 0.0182 0.0267 0.8723 0.0264 
        D558  7 0.1430 0.1960 0.0363 0.3037 0.0932 0.2278 
        D559  7 0.0936 0.1123 0.0338 0.3314 0.2177 0.2112 
        D640  7 0.0825 0.1131 0.3518 0.1713 0.1542 0.1270 
        D641  7 0.1552 0.1757 0.3124 0.1671 0.1562 0.0334 
        D642  7 0.3464 0.2035 0.0712 0.1541 0.1446 0.0801 
        D644  7 0.2835 0.0894 0.1705 0.2460 0.1236 0.0870 
        D645  7 0.1454 0.1915 0.1977 0.1572 0.2061 0.1020 
        D662  7 0.4319 0.0692 0.1277 0.0491 0.0908 0.2313 
        D687  7 0.0904 0.0962 0.2075 0.1874 0.2810 0.1376 
        D688  7 0.1675 0.1404 0.0332 0.2091 0.1609 0.2889 
        D689  7 0.0978 0.1119 0.3853 0.0644 0.1552 0.1855 
        D700  7 0.0239 0.0242 0.0225 0.0252 0.8767 0.0275 
        D797  7 0.0983 0.0969 0.2139 0.2162 0.1727 0.2021 
        D798  7 0.3693 0.0901 0.0696 0.1032 0.2541 0.1137 
        D799  7 0.1864 0.2179 0.0788 0.1564 0.2930 0.0675 
        D800  7 0.0966 0.1079 0.0339 0.0557 0.2193 0.4865 
        D132  8 0.7224 0.0471 0.0527 0.0436 0.0590 0.0751 
        D133  8 0.0899 0.7092 0.0386 0.0404 0.0806 0.0413 
        D200  8 0.0635 0.0735 0.0338 0.5871 0.2059 0.0363 
        D500  8 0.8009 0.0251 0.0435 0.0425 0.0331 0.0548 
        D614  8 0.1602 0.0600 0.2905 0.2720 0.1051 0.1122 
        D723  8 0.2268 0.1808 0.0566 0.0916 0.1381 0.3061 
        D888  8 0.0453 0.3519 0.3572 0.0815 0.0766 0.0875 
        D901  8 0.2260 0.0924 0.0752 0.2385 0.3337 0.0342 
        D902  8 0.0748 0.0711 0.4290 0.2380 0.1324 0.0547 
        D903  8 0.0561 0.0549 0.0944 0.1738 0.1628 0.4580 
        D904  8 0.1579 0.0843 0.0924 0.2042 0.1301 0.3311 
        D905  8 0.0314 0.3148 0.4764 0.0979 0.0552 0.0244 
        D906  8 0.1124 0.3885 0.0698 0.0778 0.2550 0.0965 
        D937  8 0.0412 0.0595 0.5730 0.2097 0.0902 0.0264 
        D943  8 0.3238 0.0797 0.0637 0.1298 0.3324 0.0707 
        D972  8 0.2794 0.1577 0.0446 0.1356 0.1937 0.1890 
        D973  8 0.1443 0.0617 0.0539 0.0977 0.0868 0.5555 
        D974  8 0.1363 0.1542 0.0769 0.3210 0.1680 0.1437 
        D975  8 0.1015 0.0998 0.0967 0.4185 0.2244 0.0590 
        D976  8 0.1148 0.0955 0.1481 0.2348 0.3603 0.0464 
        D201  9 0.1539 0.2300 0.0598 0.1649 0.2808 0.1106 
        D202  9 0.0552 0.1016 0.0341 0.5958 0.1873 0.0260 
     D237259  9 0.0586 0.0730 0.0309 0.0644 0.6481 0.1250 
     D237260  9 0.1485 0.3541 0.0853 0.1546 0.2224 0.0351 
     D237262  9 0.6714 0.0418 0.0631 0.0384 0.1331 0.0522 
