        D174  1 0.0524 0.1968 0.0861 0.1366 0.0566 0.0380 0.4335 
        D199  1 0.2029 0.0919 0.3048 0.1091 0.1201 0.0549 0.1164 
        D203  1 0.2416 0.1248 0.2754 0.1074 0.0558 0.0556 0.1394 
        D204  1 0.0337 0.0338 0.7929 0.0226 0.0223 0.0654 0.0294 
     D237366  1 0.0650 0.0948 0.0771 0.5644 0.0411 0.1283 0.0293 
     D237367  1 0.0877 0.1397 0.4391 0.1871 0.0373 0.0659 0.0432 
     D237368  1 0.1544 0.0627 0.1674 0.3900 0.0402 0.0573 0.1281 
     D244101  1 0.1579 0.0771 0.2924 0.0246 0.0851 0.3308 0.0322 
     D244102  1 0.0698 0.1820 0.1049 0.1396 0.1089 0.2362 0.1585 
     D244103  1 0.0573 0.3338 0.2082 0.2413 0.0412 0.0628 0.0554 
     D244104  1 0.0503 0.0361 0.6544 0.0544 0.1131 0.0258 0.0658 
     D244105  1 0.0341 0.2524 0.1401 0.4500 0.0369 0.0294 0.0572 
     D244106  1 0.1548 0.2259 0.0901 0.0441 0.1335 0.0474 0.3043 
     D244107  1 0.2033 0.0706 0.0900 0.4317 0.0297 0.0671 0.1075 
     D244108  1 0.0487 0.0554 0.0755 0.0373 0.0476 0.0383 0.6971 
     D244113  1 0.0500 0.1108 0.0281 0.0475 0.1047 0.3750 0.2839 
     D244114  1 0.1355 0.2786 0.0930 0.0895 0.1281 0.1242 0.1511 
     D244115  1 0.0315 0.1072 0.1553 0.0637 0.0664 0.0389 0.5372 
     D267365  1 0.0422 0.0753 0.3894 0.1006 0.2295 0.0547 0.1084 
        D404  1 0.0780 0.1584 0.0327 0.0369 0.0397 0.3351 0.3193 
        D405  1 0.1140 0.1748 0.1306 0.0630 0.0512 0.2298 0.2366 
        D406  1 0.0228 0.0275 0.0828 0.7221 0.0313 0.0432 0.0702 
        D407  1 0.1186 0.0852 0.5899 0.1233 0.0288 0.0235 0.0307 
        D408  1 0.0245 0.1052 0.0691 0.0368 0.4789 0.0696 0.2158 
        D409  1 0.0491 0.5550 0.0794 0.1554 0.0440 0.0457 0.0714 
        D410  1 0.0211 0.0454 0.0669 0.0493 0.0190 0.0283 0.7699 
        D421  1 0.0240 0.0174 0.8939 0.0150 0.0209 0.0139 0.0149 
        D422  1 0.0353 0.0381 0.0515 0.8101 0.0249 0.0179 0.0222 
        D423  1 0.0890 0.0455 0.1325 0.0948 0.0140 0.0281 0.5961 
        D424  1 0.0235 0.1382 0.6759 0.0812 0.0199 0.0252 0.0361 
        D425  1 0.0350 0.0896 0.4802 0.0447 0.0764 0.0475 0.2265 
        D426  1 0.0469 0.4704 0.0834 0.1835 0.1683 0.0252 0.0223 
        D427  1 0.4764 0.0344 0.2860 0.0440 0.0688 0.0171 0.0732 
        D428  1 0.0698 0.1114 0.3683 0.1016 0.0607 0.0870 0.2012 
        D429  1 0.0506 0.1616 0.3805 0.0678 0.0692 0.0620 0.2083 
        D430  1 0.1101 0.4511 0.0777 0.0562 0.1256 0.0445 0.1348 
        D491  1 0.0270 0.0867 0.1519 0.0464 0.2918 0.0416 0.3546 
        D492  1 0.1020 0.1329 0.3075 0.1361 0.0438 0.0986 0.1790 
        D537  1 0.0360 0.0503 0.7021 0.0703 0.0215 0.0743 0.0455 
        D538  1 0.1309 0.3054 0.0662 0.1047 0.0368 0.0712 0.2849 
        D539  1 0.0760 0.1378 0.0568 0.1137 0.3114 0.1373 0.1669 
        D540  1 0.0461 0.2211 0.3985 0.1070 0.1033 0.0272 0.0969 
        D541  1 0.0295 0.0320 0.8558 0.0225 0.0201 0.0195 0.0206 
        D551  1 0.3184 0.1856 0.0869 0.1285 0.1985 0.0488 0.0333 
        D552  1 0.0520 0.0744 0.1880 0.1448 0.2088 0.0480 0.2841 
        D553  1 0.0168 0.0193 0.8590 0.0259 0.0368 0.0186 0.0237 
        D615  1 0.1020 0.1268 0.3918 0.0725 0.0992 0.0380 0.1697 
        D616  1 0.1865 0.1541 0.2760 0.1064 0.0872 0.0245 0.1655 
        D621  1 0.0325 0.0576 0.0255 0.3191 0.0545 0.3593 0.1517 
        D622  1 0.0408 0.0662 0.0584 0.6175 0.0662 0.0654 0.0855 
        D623  1 0.1704 0.0711 0.0394 0.0260 0.0506 0.3649 0.2776 
        D624  1 0.0246 0.0684 0.1286 0.0489 0.1041 0.0228 0.6026 
        D625  1 0.0279 0.0869 0.6157 0.0924 0.0293 0.0443 0.1034 
        D626  1 0.0425 0.0655 0.1041 0.1636 0.1534 0.0478 0.4231 
        D627  1 0.0382 0.4983 0.0921 0.1558 0.1708 0.0263 0.0186 
        D690  1 0.0141 0.0288 0.7370 0.0603 0.0267 0.0360 0.0971 
        D691  1 0.0341 0.0470 0.0852 0.7032 0.0427 0.0325 0.0552 
        D710  1 0.0842 0.1141 0.2943 0.1007 0.0894 0.1242 0.1931 
        D711  1 0.0419 0.0632 0.6998 0.0576 0.0234 0.0563 0.0577 
        D712  1 0.0516 0.0559 0.0504 0.1095 0.4290 0.0940 0.2096 
        D713  1 0.0287 0.1085 0.2209 0.0768 0.0378 0.3051 0.2223 
        D746  1 0.0497 0.0303 0.0856 0.7426 0.0361 0.0217 0.0340 
        D747  1 0.0265 0.0204 0.8751 0.0155 0.0172 0.0220 0.0232 
        D748  1 0.0300 0.1161 0.2816 0.3865 0.0396 0.0701 0.0763 
        D749  1 0.0816 0.1122 0.0369 0.3097 0.0356 0.1372 0.2868 
        D750  1 0.0329 0.0582 0.1683 0.0676 0.0960 0.0605 0.5166 
        D763  1 0.1670 0.1166 0.1426 0.1297 0.2133 0.2016 0.0292 
        D764  1 0.0251 0.0705 0.4932 0.0774 0.0611 0.0228 0.2499 
        D765  1 0.0288 0.0667 0.0385 0.1251 0.0642 0.0227 0.6539 
        D766  1 0.0386 0.0764 0.2593 0.2288 0.0420 0.1390 0.2159 
        D767  1 0.1185 0.1278 0.1302 0.1581 0.0279 0.3471 0.0903 
        D768  1 0.0230 0.0245 0.8781 0.0217 0.0177 0.0150 0.0199 
        D811  1 0.0281 0.2785 0.0456 0.0301 0.0782 0.0818 0.4576 
        D816  1 0.0181 0.0284 0.8621 0.0205 0.0180 0.0245 0.0284 
        D825  1 0.0255 0.1783 0.1198 0.0600 0.0491 0.0410 0.5263 
        D866  1 0.1513 0.0996 0.0617 0.0358 0.3799 0.0295 0.2422 
        D867  1 0.0588 0.0431 0.0330 0.7184 0.0247 0.0828 0.0392 
        D871  1 0.0233 0.6461 0.0600 0.1432 0.0548 0.0278 0.0448 
        D872  1 0.0902 0.1167 0.3985 0.1274 0.0280 0.0594 0.1798 
        D873  1 0.0334 0.0325 0.0121 0.0359 0.0153 0.0724 0.7983 
        D874  1 0.0331 0.0593 0.0874 0.0226 0.0635 0.6927 0.0413 
        D875  1 0.0209 0.6573 0.0384 0.1826 0.0231 0.0216 0.0560 
        D876  1 0.0262 0.0654 0.5173 0.0896 0.1110 0.0887 0.1019 
        D877  1 0.0544 0.3061 0.0669 0.0207 0.0339 0.3230 0.1952 
        D892  1 0.0262 0.1286 0.3688 0.2370 0.0398 0.0634 0.1362 
        D893  1 0.0454 0.0717 0.5732 0.1240 0.0840 0.0673 0.0344 
        D894  1 0.0427 0.2129 0.5041 0.0832 0.0516 0.0334 0.0720 
        D915  1 0.0379 0.0805 0.5703 0.1208 0.0517 0.0304 0.1082 
        D916  1 0.0209 0.0239 0.8596 0.0274 0.0173 0.0165 0.0345 
        D917  1 0.1048 0.1223 0.2233 0.0700 0.1417 0.1749 0.1630 
        D925  1 0.0224 0.0333 0.1674 0.0781 0.0479 0.0287 0.6221 
        D926  1 0.0293 0.1351 0.5101 0.0821 0.0543 0.0767 0.1124 
        D927  1 0.3481 0.0695 0.3031 0.0818 0.1011 0.0530 0.0433 
        D928  1 0.0295 0.0359 0.1218 0.0193 0.1259 0.0568 0.6108 
        D929  1 0.0319 0.0803 0.0490 0.0892 0.0344 0.6658 0.0494 
        D936  1 0.0918 0.0560 0.5424 0.0311 0.0874 0.1477 0.0436 
        D938  1 0.0225 0.0378 0.0428 0.7506 0.0356 0.0550 0.0556 
        D956  1 0.0605 0.2683 0.0439 0.0294 0.0745 0.0565 0.4668 
        D957  1 0.0742 0.0991 0.2031 0.1216 0.0307 0.0997 0.3716 
        D958  1 0.0369 0.1232 0.3107 0.1126 0.0502 0.0978 0.2687 
        D959  1 0.0995 0.0620 0.6395 0.1268 0.0210 0.0173 0.0338 
        D960  1 0.0225 0.0471 0.0333 0.5554 0.0212 0.0721 0.2485 
        D989  1 0.1440 0.1110 0.0828 0.0562 0.3528 0.0538 0.1994 
        D990  1 0.0407 0.0536 0.0214 0.1308 0.1309 0.0240 0.5986 
        D023  2 0.0370 0.0240 0.0840 0.7869 0.0186 0.0239 0.0256 
        D130  2 0.0509 0.0779 0.0897 0.7102 0.0197 0.0305 0.0210 
        D131  2 0.0664 0.3418 0.2930 0.0631 0.1151 0.0482 0.0724 
        D163  2 0.0220 0.0370 0.1077 0.6642 0.0566 0.0420 0.0705 
        D164  2 0.6101 0.0207 0.0211 0.0382 0.0142 0.0210 0.2745 
        D165  2 0.0465 0.0351 0.0467 0.7797 0.0323 0.0279 0.0317 
        D166  2 0.0635 0.4866 0.0509 0.1245 0.0467 0.1785 0.0494 
        D167  2 0.8673 0.0288 0.0163 0.0139 0.0221 0.0211 0.0306 
        D192  2 0.8777 0.0176 0.0114 0.0165 0.0297 0.0256 0.0215 
        D193  2 0.0625 0.1205 0.0495 0.0641 0.0556 0.2314 0.4164 
        D206  2 0.3526 0.1418 0.2346 0.1137 0.0531 0.0579 0.0463 
        D207  2 0.6310 0.1644 0.0478 0.0435 0.0498 0.0345 0.0291 
        D208  2 0.1161 0.0718 0.0591 0.0782 0.5072 0.0861 0.0814 
        D209  2 0.5791 0.0986 0.0424 0.0452 0.0338 0.1448 0.0562 
        D210  2 0.1836 0.0599 0.0774 0.0482 0.4422 0.0442 0.1445 
     D229599  2 0.0604 0.0939 0.1899 0.1604 0.1647 0.2069 0.1238 
     D229600  2 0.3988 0.0708 0.0437 0.3850 0.0302 0.0385 0.0330 
     D237227  2 0.0665 0.0749 0.0657 0.0633 0.2974 0.0313 0.4009 
     D237228  2 0.0618 0.0770 0.0224 0.0237 0.0525 0.0326 0.7300 
     D237258  2 0.2159 0.1427 0.0905 0.1655 0.1510 0.0949 0.1395 
     D237310  2 0.0888 0.2959 0.0162 0.0387 0.0356 0.0632 0.4615 
     D237311  2 0.2321 0.0863 0.0233 0.0731 0.0360 0.0342 0.5151 
     D237312  2 0.0400 0.2502 0.0469 0.1680 0.0268 0.1938 0.2743 
     D237313  2 0.0448 0.1280 0.2534 0.0701 0.1472 0.1080 0.2485 
     D237322  2 0.0635 0.1775 0.0355 0.0731 0.3752 0.1532 0.1220 
     D237323  2 0.0327 0.0959 0.0197 0.0983 0.0784 0.0402 0.6348 
     D237324  2 0.3776 0.0719 0.0884 0.2937 0.0823 0.0427 0.0434 
     D237325  2 0.0911 0.1332 0.0563 0.1935 0.0541 0.1467 0.3251 
     D237326  2 0.0625 0.0509 0.0926 0.0636 0.0329 0.0522 0.6452 
     D237327  2 0.1922 0.1380 0.0830 0.1271 0.3232 0.0928 0.0437 
     D237337  2 0.0300 0.0794 0.0485 0.0648 0.0313 0.0334 0.7126 
     D237338  2 0.0898 0.1114 0.0556 0.2582 0.1210 0.1558 0.2082 
     D237339  2 0.2123 0.0598 0.0635 0.0293 0.0346 0.5664 0.0340 
     D237340  2 0.2030 0.0984 0.0270 0.0973 0.0633 0.0860 0.4250 
     D237389  2 0.1692 0.1708 0.0253 0.0617 0.0213 0.0674 0.4844 
     D237390  2 0.0423 0.1818 0.0642 0.1779 0.0752 0.1157 0.3430 
     D244017  2 0.5116 0.1501 0.0391 0.0487 0.0632 0.0567 0.1306 
     D244112  2 0.8374 0.0424 0.0156 0.0416 0.0163 0.0216 0.0251 
     D244118  2 0.6717 0.0180 0.0142 0.1782 0.0281 0.0401 0.0499 
     D244119  2 0.3551 0.0352 0.0386 0.0260 0.1233 0.0220 0.3998 
     D244120  2 0.4766 0.1487 0.0189 0.0437 0.0432 0.1892 0.0798 
     D244122  2 0.7260 0.0435 0.0341 0.0606 0.0338 0.0552 0.0469 
        D291  2 0.0967 0.1557 0.0952 0.1049 0.4800 0.0285 0.0391 
        D292  2 0.3418 0.0577 0.2249 0.0351 0.1354 0.0677 0.1374 
        D293  2 0.6627 0.0448 0.1593 0.0176 0.0381 0.0604 0.0172 
        D322  2 0.5747 0.0526 0.1519 0.0485 0.0367 0.1011 0.0345 
        D323  2 0.2381 0.1691 0.1380 0.0657 0.1142 0.1904 0.0845 
        D324  2 0.0594 0.1308 0.1492 0.1162 0.4457 0.0299 0.0688 
        D325  2 0.8116 0.0428 0.0500 0.0255 0.0309 0.0233 0.0159 
        D326  2 0.0163 0.0207 0.8733 0.0186 0.0322 0.0212 0.0176 
        D340  2 0.8555 0.0237 0.0301 0.0222 0.0260 0.0246 0.0178 
        D341  2 0.6425 0.0697 0.0634 0.0572 0.0672 0.0478 0.0521 
        D342  2 0.6270 0.0959 0.0299 0.1283 0.0431 0.0358 0.0400 
        D343  2 0.9029 0.0153 0.0258 0.0136 0.0168 0.0146 0.0111 
        D344  2 0.0696 0.1379 0.1650 0.0253 0.0211 0.5148 0.0662 
        D345  2 0.0644 0.0959 0.2295 0.1174 0.1445 0.1600 0.1883 
        D346  2 0.1233 0.1119 0.0908 0.0477 0.3674 0.0720 0.1869 
        D351  2 0.0795 0.2577 0.3310 0.0832 0.1213 0.0842 0.0431 
        D352  2 0.0569 0.0868 0.0314 0.0338 0.0321 0.6969 0.0621 
        D353  2 0.0625 0.3323 0.3681 0.0333 0.0435 0.1359 0.0244 
        D354  2 0.0225 0.0681 0.0826 0.0303 0.0376 0.6562 0.1028 
        D362  2 0.0330 0.0327 0.7571 0.0694 0.0314 0.0247 0.0517 
        D363  2 0.0368 0.0375 0.7387 0.0532 0.0488 0.0263 0.0587 
        D364  2 0.0371 0.0695 0.3399 0.0564 0.0265 0.3281 0.1424 
        D365  2 0.8702 0.0182 0.0327 0.0125 0.0224 0.0260 0.0181 
        D369  2 0.2119 0.1232 0.2211 0.0549 0.1590 0.0252 0.2048 
        D374  2 0.0335 0.0448 0.0294 0.0197 0.0643 0.1559 0.6524 
        D375  2 0.0224 0.0524 0.0275 0.0317 0.0175 0.8134 0.0351 
        D376  2 0.0435 0.0459 0.0183 0.0260 0.0649 0.1535 0.6480 
        D377  2 0.1098 0.2394 0.0580 0.1072 0.1583 0.1416 0.1858 
        D378  2 0.3329 0.0562 0.1963 0.1329 0.0760 0.1689 0.0368 
        D379  2 0.0351 0.0367 0.7889 0.0283 0.0395 0.0447 0.0269 
        D384  2 0.0160 0.0193 0.8688 0.0210 0.0332 0.0203 0.0214 
        D385  2 0.7096 0.0282 0.0239 0.0202 0.0276 0.1503 0.0402 
        D386  2 0.1140 0.1033 0.1796 0.0795 0.0354 0.4567 0.0316 
        D391  2 0.7808 0.0362 0.0435 0.0214 0.0282 0.0695 0.0204 
        D392  2 0.6205 0.0768 0.0708 0.0524 0.0573 0.0291 0.0930 
        D393  2 0.1366 0.0586 0.2745 0.0951 0.2587 0.1456 0.0309 
        D394  2 0.1282 0.1197 0.1052 0.2081 0.0458 0.2268 0.1662 
        D395  2 0.3564 0.0573 0.0254 0.0349 0.0273 0.4696 0.0291 
        D401  2 0.0461 0.0702 0.0247 0.0244 0.0262 0.0199 0.7885 
        D402  2 0.7992 0.0292 0.0213 0.0180 0.0537 0.0537 0.0249 
        D403  2 0.0513 0.1753 0.3997 0.1591 0.0279 0.1524 0.0344 
        D415  2 0.0378 0.1669 0.6482 0.0529 0.0165 0.0304 0.0473 
        D435  2 0.1876 0.0348 0.6159 0.0379 0.0488 0.0489 0.0261 
        D436  2 0.0397 0.0865 0.1769 0.0562 0.0318 0.5592 0.0498 
        D438  2 0.8720 0.0234 0.0152 0.0207 0.0277 0.0201 0.0209 
        D439  2 0.1243 0.0663 0.1016 0.1143 0.0495 0.5056 0.0383 
        D449  2 0.7094 0.0925 0.0930 0.0350 0.0239 0.0202 0.0260 
        D450  2 0.0294 0.2538 0.1500 0.0915 0.0931 0.2725 0.1096 
        D456  2 0.0128 0.0330 0.8703 0.0231 0.0264 0.0175 0.0169 
        D462  2 0.8234 0.0233 0.0383 0.0213 0.0237 0.0573 0.0127 
        D463  2 0.0142 0.0238 0.8621 0.0162 0.0276 0.0281 0.0281 
        D464  2 0.1130 0.3168 0.1093 0.0260 0.0318 0.3503 0.0529 
        D465  2 0.4933 0.1090 0.2416 0.0398 0.0447 0.0288 0.0428 
        D473  2 0.0541 0.0899 0.0294 0.0838 0.1203 0.2048 0.4179 
        D474  2 0.0886 0.0377 0.5479 0.0611 0.1646 0.0363 0.0639 
        D476  2 0.0909 0.0392 0.0327 0.4426 0.0310 0.3390 0.0246 
        D477  2 0.0472 0.1004 0.3067 0.0435 0.2099 0.1980 0.0941 
        D478  2 0.1069 0.2500 0.0683 0.2485 0.0698 0.1503 0.1062 
        D480  2 0.1391 0.0910 0.2666 0.0344 0.2287 0.1893 0.0509 
        D481  2 0.1385 0.0950 0.2471 0.1216 0.1031 0.1841 0.1107 
        D482  2 0.0380 0.0824 0.0299 0.0667 0.2480 0.4284 0.1065 
        D483  2 0.8126 0.0248 0.0213 0.0276 0.0443 0.0264 0.0430 
        D484  2 0.0241 0.0242 0.0162 0.0212 0.0228 0.8716 0.0198 
        D510  2 0.0430 0.0628 0.0309 0.0315 0.3116 0.1190 0.4012 
        D511  2 0.1489 0.0562 0.1309 0.0634 0.0686 0.4962 0.0357 
        D512  2 0.2929 0.3180 0.0314 0.0659 0.0318 0.0553 0.2047 
        D513  2 0.4622 0.1116 0.1582 0.0388 0.1448 0.0378 0.0466 
        D635  2 0.0627 0.1050 0.3485 0.3652 0.0568 0.0218 0.0400 
        D636  2 0.0249 0.0290 0.0393 0.8284 0.0224 0.0199 0.0362 
        D637  2 0.2406 0.1084 0.0419 0.0609 0.1097 0.3620 0.0766 
        D658  2 0.4096 0.0476 0.0354 0.0334 0.0419 0.2810 0.1512 
        D659  2 0.0333 0.0420 0.7176 0.0667 0.0687 0.0503 0.0214 
        D677  2 0.0812 0.0878 0.4624 0.1988 0.0598 0.0650 0.0450 
        D678  2 0.7501 0.0894 0.0190 0.0326 0.0240 0.0456 0.0394 
        D679  2 0.0837 0.0875 0.4902 0.0586 0.1551 0.0794 0.0455 
        D719  2 0.1545 0.0500 0.2196 0.0178 0.3333 0.0534 0.1714 
        D720  2 0.0318 0.0527 0.7498 0.0362 0.0673 0.0221 0.0400 
        D721  2 0.0955 0.0352 0.0763 0.6720 0.0487 0.0376 0.0346 
        D722  2 0.0621 0.0601 0.0390 0.0285 0.0922 0.1231 0.5950 
        D734  2 0.1083 0.0528 0.0334 0.0212 0.1265 0.6159 0.0419 
        D735  2 0.0960 0.1284 0.2671 0.0663 0.1836 0.0826 0.1760 
        D736  2 0.0630 0.0683 0.0674 0.0576 0.5499 0.0546 0.1392 
        D737  2 0.5699 0.0403 0.0226 0.0772 0.0692 0.1521 0.0689 
        D807  2 0.1153 0.0986 0.1789 0.0833 0.1960 0.1244 0.2034 
        D808  2 0.1667 0.3417 0.0863 0.1238 0.0838 0.0705 0.1272 
        D817  2 0.0334 0.1314 0.4872 0.0507 0.1104 0.1344 0.0526 
        D818  2 0.2998 0.3050 0.0889 0.1611 0.0671 0.0488 0.0295 
        D819  2 0.0693 0.2770 0.1958 0.0977 0.1262 0.0639 0.1700 
        D820  2 0.0543 0.0342 0.7498 0.0282 0.0383 0.0768 0.0183 
        D895  2 0.0597 0.1174 0.4833 0.1468 0.0721 0.0617 0.0591 
        D896  2 0.0181 0.0411 0.0328 0.0252 0.0199 0.0231 0.8399 
        D897  2 0.6899 0.0855 0.0417 0.0509 0.0535 0.0394 0.0391 
        D898  2 0.0533 0.3261 0.0667 0.0576 0.1933 0.0755 0.2275 
        D918  2 0.1331 0.2033 0.0645 0.2408 0.1070 0.1513 0.0999 
        D919  2 0.2115 0.1101 0.1854 0.0529 0.0412 0.3714 0.0274 
        D920  2 0.0415 0.0480 0.0409 0.7155 0.0341 0.0520 0.0681 
        D923  2 0.0454 0.0718 0.6884 0.0394 0.0333 0.0950 0.0267 
        D930  2 0.0552 0.2095 0.2761 0.0469 0.0882 0.1998 0.1244 
        D931  2 0.2240 0.0954 0.2960 0.0476 0.0679 0.2142 0.0549 
        D968  2 0.8246 0.0244 0.0442 0.0198 0.0410 0.0295 0.0165 
        D969  2 0.2457 0.1181 0.2330 0.0453 0.2399 0.0434 0.0746 
        D977  2 0.7164 0.1029 0.0350 0.0381 0.0434 0.0436 0.0207 
        D978  2 0.1952 0.2950 0.0343 0.0513 0.3418 0.0422 0.0403 
        D211  3 0.0255 0.0748 0.0645 0.7272 0.0509 0.0378 0.0192 
     D229639  3 0.0772 0.0570 0.1182 0.0422 0.5415 0.0514 0.1125 
     D237212  3 0.1164 0.1273 0.1176 0.1189 0.2445 0.2331 0.0422 
     D237213  3 0.0702 0.2230 0.1100 0.2690 0.0760 0.1518 0.1000 
     D237214  3 0.0270 0.0938 0.0358 0.7778 0.0166 0.0218 0.0273 
     D237215  3 0.5723 0.0557 0.0231 0.0222 0.1472 0.0370 0.1424 
     D237216  3 0.0514 0.3789 0.1047 0.2503 0.0715 0.0801 0.0631 
     D237217  3 0.0694 0.1204 0.1826 0.5116 0.0486 0.0292 0.0382 
     D237218  3 0.0690 0.1054 0.0784 0.1171 0.4209 0.1616 0.0475 
     D237219  3 0.0404 0.0824 0.0595 0.1731 0.4151 0.0331 0.1965 
     D237382  3 0.0746 0.3236 0.1314 0.0803 0.0447 0.0795 0.2659 
     D244127  3 0.1763 0.1525 0.0414 0.1336 0.0926 0.0543 0.3493 
     D244129  3 0.1288 0.2025 0.1558 0.1489 0.1145 0.1078 0.1416 
     D244133  3 0.1690 0.2757 0.1059 0.1006 0.2354 0.0206 0.0927 
     D244134  3 0.0270 0.0270 0.0318 0.0274 0.7752 0.0184 0.0931 
     D244135  3 0.0674 0.0653 0.0534 0.7357 0.0304 0.0266 0.0211 
     D244136  3 0.0825 0.1896 0.2578 0.0780 0.2281 0.0484 0.1156 
        D416  3 0.2582 0.1752 0.1770 0.1470 0.1234 0.0653 0.0539 
        D417  3 0.0276 0.0759 0.7092 0.0639 0.0254 0.0538 0.0441 
        D419  3 0.1053 0.0910 0.1808 0.1590 0.2759 0.0494 0.1386 
        D565  3 0.0215 0.0338 0.0776 0.0274 0.6149 0.0241 0.2007 
        D566  3 0.0768 0.0736 0.0869 0.0373 0.5013 0.0344 0.1897 
        D567  3 0.0577 0.0568 0.5993 0.1259 0.0377 0.0610 0.0616 
        D568  3 0.1967 0.0897 0.2369 0.2186 0.0383 0.1704 0.0493 
        D569  3 0.1074 0.0754 0.0251 0.0943 0.0391 0.6202 0.0385 
        D573  3 0.4314 0.0966 0.1957 0.0352 0.1576 0.0374 0.0460 
        D574  3 0.0669 0.2085 0.0469 0.0692 0.4017 0.0465 0.1603 
        D575  3 0.0721 0.0749 0.1305 0.1610 0.3888 0.0454 0.1272 
        D576  3 0.6313 0.0830 0.0120 0.0572 0.1358 0.0412 0.0395 
        D577  3 0.0458 0.0902 0.5336 0.1527 0.0865 0.0576 0.0337 
        D578  3 0.0391 0.0901 0.0209 0.7926 0.0209 0.0150 0.0212 
        D579  3 0.0808 0.0966 0.1942 0.0832 0.3162 0.1283 0.1006 
        D660  3 0.6402 0.1283 0.0265 0.0583 0.0486 0.0618 0.0364 
        D661  3 0.3755 0.0957 0.0413 0.1379 0.2302 0.0896 0.0299 
        D663  3 0.1576 0.2032 0.0999 0.0482 0.3793 0.0782 0.0337 
        D664  3 0.1941 0.1661 0.0298 0.3018 0.1097 0.0621 0.1365 
        D665  3 0.0616 0.4665 0.0235 0.2404 0.0365 0.1401 0.0314 
        D666  3 0.0405 0.1063 0.1383 0.1199 0.2725 0.0606 0.2619 
        D009  4 0.0297 0.1536 0.1609 0.3397 0.0386 0.1950 0.0825 
        D057  4 0.1877 0.0349 0.0585 0.2740 0.0523 0.3679 0.0247 
        D109  4 0.0312 0.2372 0.0599 0.1276 0.0451 0.0480 0.4509 
     D237222  4 0.0470 0.0645 0.0540 0.6328 0.0349 0.0605 0.1062 
     D237223  4 0.1119 0.1329 0.0784 0.2733 0.0926 0.1322 0.1787 
     D237224  4 0.2328 0.0885 0.1772 0.0686 0.1636 0.2236 0.0457 
     D237225  4 0.0559 0.2327 0.1921 0.1925 0.1039 0.1290 0.0938 
     D237299  4 0.0306 0.6859 0.0223 0.1142 0.0613 0.0396 0.0461 
     D237300  4 0.0479 0.0476 0.0237 0.0284 0.7891 0.0324 0.0309 
     D237306  4 0.0384 0.1046 0.0987 0.0516 0.0536 0.0933 0.5597 
     D237307  4 0.0686 0.1051 0.4518 0.0599 0.1833 0.0329 0.0984 
     D237308  4 0.4291 0.0429 0.0561 0.0648 0.0605 0.2079 0.1387 
     D237309  4 0.0863 0.1881 0.2472 0.2145 0.0532 0.1311 0.0795 
     D237317  4 0.0318 0.0596 0.3179 0.0734 0.1144 0.0495 0.3534 
     D237318  4 0.1121 0.0834 0.0425 0.0238 0.6824 0.0271 0.0286 
     D237319  4 0.0797 0.3014 0.1398 0.2389 0.0680 0.0543 0.1179 
     D237320  4 0.1487 0.1781 0.1180 0.3356 0.0880 0.0506 0.0810 
     D237321  4 0.1056 0.0517 0.0589 0.0634 0.6452 0.0372 0.0381 
     D237397  4 0.1399 0.1088 0.0975 0.1682 0.1543 0.0548 0.2764 
     D237398  4 0.0500 0.1405 0.0953 0.0741 0.5735 0.0473 0.0193 
     D237399  4 0.0702 0.1122 0.1488 0.1462 0.3912 0.0538 0.0776 
     D244001  4 0.1787 0.0559 0.0607 0.4923 0.0327 0.1311 0.0486 
        D289  4 0.1561 0.0938 0.1101 0.0873 0.1879 0.2670 0.0979 
        D290  4 0.0743 0.4845 0.0853 0.0831 0.0757 0.1432 0.0539 
        D294  4 0.0953 0.2586 0.1172 0.0878 0.0908 0.3166 0.0336 
        D295  4 0.0473 0.1171 0.4235 0.0967 0.0703 0.1219 0.1231 
        D301  4 0.0629 0.0638 0.0289 0.5838 0.1167 0.0591 0.0848 
        D302  4 0.0237 0.0555 0.1194 0.0522 0.0246 0.7040 0.0205 
        D303  4 0.0917 0.0848 0.0555 0.0443 0.1496 0.1652 0.4089 
        D304  4 0.0484 0.3022 0.1094 0.0641 0.3472 0.0767 0.0521 
        D305  4 0.1506 0.1665 0.0240 0.0724 0.0294 0.5228 0.0342 
        D306  4 0.0306 0.6533 0.0685 0.0797 0.0290 0.0807 0.0581 
        D307  4 0.0297 0.0283 0.0238 0.7203 0.0730 0.0710 0.0539 
        D327  4 0.0502 0.1172 0.6448 0.0388 0.0566 0.0473 0.0452 
        D328  4 0.0301 0.0601 0.0297 0.0484 0.0618 0.6717 0.0983 
        D329  4 0.2570 0.1557 0.0639 0.1095 0.0667 0.2529 0.0943 
        D330  4 0.0985 0.1794 0.3229 0.1765 0.0196 0.1203 0.0829 
        D331  4 0.0662 0.2045 0.1836 0.0794 0.2626 0.0742 0.1295 
        D333  4 0.1077 0.0916 0.0854 0.1104 0.0913 0.3313 0.1824 
        D334  4 0.0382 0.1320 0.1182 0.1836 0.2566 0.1142 0.1571 
        D335  4 0.0665 0.0409 0.2720 0.0356 0.0314 0.5001 0.0534 
        D370  4 0.0523 0.0701 0.0621 0.0505 0.0510 0.1497 0.5643 
        D371  4 0.0584 0.0565 0.2533 0.0232 0.1849 0.0719 0.3517 
        D372  4 0.0660 0.1218 0.0165 0.0336 0.6964 0.0242 0.0416 
        D373  4 0.0897 0.0455 0.0389 0.6648 0.0881 0.0522 0.0208 
        D455  4 0.0447 0.0348 0.0334 0.7320 0.0430 0.0775 0.0346 
        D490  4 0.0138 0.0337 0.0273 0.8618 0.0153 0.0243 0.0237 
        D497  4 0.0235 0.0532 0.0193 0.7651 0.0432 0.0675 0.0282 
        D498  4 0.0850 0.2623 0.1020 0.0704 0.1883 0.0683 0.2237 
        D499  4 0.2618 0.2283 0.0252 0.0272 0.2120 0.1478 0.0976 
        D514  4 0.0472 0.2635 0.3442 0.0607 0.0521 0.1877 0.0446 
        D515  4 0.0563 0.3650 0.0634 0.3377 0.0297 0.0918 0.0561 
        D516  4 0.0994 0.1003 0.2802 0.1604 0.0706 0.0380 0.2511 
        D517  4 0.0630 0.0693 0.0784 0.6444 0.0592 0.0364 0.0492 
        D518  4 0.0497 0.0339 0.0467 0.1832 0.0289 0.6240 0.0337 
        D519  4 0.0632 0.2014 0.0944 0.4805 0.0681 0.0424 0.0499 
        D560  4 0.1035 0.2422 0.1701 0.2691 0.0652 0.1145 0.0355 
        D561  4 0.0774 0.4628 0.0843 0.2472 0.0218 0.0654 0.0410 
        D562  4 0.1356 0.1862 0.0669 0.2682 0.0927 0.1772 0.0733 
        D563  4 0.5328 0.1064 0.0368 0.0746 0.0684 0.1432 0.0377 
        D572  4 0.0472 0.0630 0.0714 0.0752 0.0238 0.6909 0.0285 
        D629  4 0.0339 0.0747 0.2549 0.3882 0.1231 0.0980 0.0273 
        D630  4 0.0629 0.1585 0.1574 0.2997 0.0900 0.1813 0.0502 
        D631  4 0.1181 0.0421 0.0314 0.0556 0.0483 0.6760 0.0284 
        D632  4 0.2155 0.0406 0.0855 0.3527 0.0358 0.2238 0.0460 
        D646  4 0.0954 0.0888 0.3539 0.1824 0.0411 0.0750 0.1634 
        D647  4 0.0752 0.0991 0.5467 0.1300 0.0270 0.0801 0.0420 
        D648  4 0.0350 0.0540 0.0175 0.0263 0.0198 0.8049 0.0425 
        D649  4 0.0285 0.0866 0.4317 0.1071 0.0474 0.2065 0.0922 
        D650  4 0.0424 0.1416 0.2714 0.1626 0.1195 0.1675 0.0951 
        D708  4 0.0420 0.1670 0.0462 0.0749 0.1533 0.3781 0.1384 
        D709  4 0.0589 0.4251 0.0495 0.0371 0.0461 0.1599 0.2235 
        D738  4 0.0223 0.0646 0.1434 0.0913 0.0783 0.0415 0.5586 
        D739  4 0.0495 0.1751 0.0461 0.4572 0.0708 0.1557 0.0456 
        D740  4 0.1059 0.2164 0.0326 0.1018 0.2326 0.0926 0.2181 
        D741  4 0.2029 0.2571 0.2267 0.1693 0.0281 0.0560 0.0600 
        D742  4 0.3272 0.1602 0.0520 0.1186 0.1638 0.1227 0.0555 
        D743  4 0.0766 0.0694 0.4641 0.0457 0.0489 0.2755 0.0198 
        D744  4 0.0862 0.0575 0.0390 0.0451 0.0430 0.7027 0.0264 
        D745  4 0.0335 0.2450 0.0410 0.5391 0.0401 0.0638 0.0375 
        D814  4 0.3962 0.1907 0.0705 0.1319 0.0533 0.1312 0.0262 
        D815  4 0.0511 0.1005 0.2051 0.0501 0.0684 0.4560 0.0689 
        D828  4 0.1545 0.2279 0.0181 0.0507 0.0635 0.3491 0.1362 
        D845  4 0.0391 0.0189 0.0235 0.0168 0.8565 0.0229 0.0223 
        D846  4 0.2079 0.1097 0.1799 0.1617 0.0373 0.2827 0.0208 
        D847  4 0.0705 0.2087 0.1011 0.3218 0.1477 0.0807 0.0696 
        D848  4 0.0903 0.0401 0.0233 0.6392 0.1294 0.0511 0.0267 
        D849  4 0.0422 0.1636 0.0792 0.5589 0.0380 0.0755 0.0428 
        D850  4 0.0835 0.1310 0.1848 0.3433 0.1472 0.0546 0.0556 
        D856  4 0.0439 0.5141 0.0712 0.0757 0.0511 0.0796 0.1643 
        D857  4 0.1021 0.0605 0.0131 0.0455 0.0220 0.0589 0.6980 
        D859  4 0.0526 0.0832 0.0832 0.0497 0.0488 0.6445 0.0379 
        D860  4 0.1411 0.0549 0.1523 0.0389 0.3702 0.0915 0.1511 
        D883  4 0.0394 0.0814 0.2525 0.2530 0.0923 0.1160 0.1655 
        D884  4 0.0419 0.1582 0.1323 0.1448 0.0380 0.1666 0.3183 
        D885  4 0.1355 0.2074 0.1910 0.1404 0.2014 0.0967 0.0276 
        D886  4 0.1008 0.1222 0.2216 0.2685 0.0481 0.1134 0.1255 
        D887  4 0.1570 0.1829 0.1074 0.0643 0.1674 0.1976 0.1233 
        D889  4 0.0224 0.2233 0.0562 0.0304 0.5240 0.1230 0.0208 
        D890  4 0.1000 0.1533 0.0729 0.1169 0.1286 0.2302 0.1982 
        D891  4 0.0195 0.0204 0.0195 0.0163 0.8943 0.0142 0.0158 
        D899  4 0.4769 0.0722 0.0440 0.0409 0.1902 0.1238 0.0520 
        D900  4 0.1045 0.2881 0.1902 0.0940 0.0584 0.1710 0.0938 
        D970  4 0.0760 0.1021 0.1628 0.0920 0.1353 0.3613 0.0706 
        D971  4 0.4872 0.0723 0.0936 0.0446 0.0256 0.1644 0.1122 
        D979  4 0.0520 0.0604 0.4139 0.0332 0.0372 0.3703 0.0330 
        D093  5 0.0541 0.0735 0.0962 0.0551 0.2972 0.0630 0.3608 
        D154  5 0.2519 0.3211 0.0375 0.0443 0.2085 0.0808 0.0558 
        D168  5 0.3335 0.1889 0.1006 0.1908 0.0923 0.0577 0.0363 
        D189  5 0.0723 0.1890 0.0820 0.0551 0.2624 0.0984 0.2408 
        D190  5 0.0457 0.0410 0.0604 0.0274 0.3491 0.1232 0.3532 
     D237220  5 0.0325 0.1789 0.0433 0.2810 0.2180 0.1361 0.1102 
     D237221  5 0.0949 0.0640 0.0772 0.0379 0.5771 0.0668 0.0820 
     D237274  5 0.0927 0.0945 0.5565 0.0330 0.0268 0.1489 0.0476 
     D237275  5 0.6478 0.1379 0.0289 0.0264 0.0641 0.0282 0.0668 
     D237276  5 0.0626 0.1031 0.1715 0.1358 0.0766 0.0877 0.3627 
     D237277  5 0.0461 0.0468 0.0345 0.0192 0.6949 0.0545 0.1040 
     D237278  5 0.3609 0.1075 0.0560 0.0722 0.0542 0.1182 0.2310 
     D237279  5 0.0752 0.3124 0.0557 0.2019 0.1278 0.0752 0.1518 
     D237280  5 0.0282 0.0999 0.1863 0.2092 0.0692 0.0684 0.3387 
     D237281  5 0.5230 0.1158 0.0852 0.0338 0.1567 0.0450 0.0405 
     D237351  5 0.0315 0.0464 0.0356 0.0494 0.0782 0.0401 0.7188 
     D237352  5 0.1013 0.0559 0.1225 0.3659 0.0670 0.2298 0.0577 
     D237353  5 0.0247 0.0333 0.0245 0.0157 0.5987 0.0392 0.2638 
     D237359  5 0.0372 0.1978 0.0371 0.2294 0.3384 0.1164 0.0438 
     D237361  5 0.0323 0.0500 0.0385 0.0194 0.3654 0.0335 0.4608 
     D237362  5 0.0877 0.1487 0.2661 0.0576 0.2554 0.0710 0.1136 
     D237363  5 0.1955 0.5154 0.0534 0.0394 0.0887 0.0352 0.0724 
     D237364  5 0.1809 0.2513 0.1210 0.2073 0.0696 0.1435 0.0264 
     D237376  5 0.0506 0.1656 0.0184 0.0235 0.0466 0.5203 0.1751 
     D237377  5 0.0682 0.0913 0.1517 0.0431 0.1237 0.0519 0.4701 
     D237378  5 0.1154 0.0860 0.0379 0.0521 0.2412 0.2759 0.1916 
     D237379  5 0.0614 0.2112 0.0426 0.0632 0.1001 0.4418 0.0796 
     D237380  5 0.0200 0.0349 0.0315 0.0335 0.0164 0.1657 0.6979 
     D237381  5 0.0986 0.0876 0.0710 0.2362 0.0556 0.1434 0.3075 
     D237391  5 0.0271 0.0491 0.0517 0.0368 0.6389 0.0353 0.1611 
     D237392  5 0.2829 0.1270 0.3444 0.0482 0.0414 0.0959 0.0602 
     D237393  5 0.0685 0.0467 0.3495 0.0669 0.0776 0.0529 0.3379 
     D237394  5 0.0187 0.0391 0.0462 0.0384 0.4979 0.0402 0.3194 
     D237395  5 0.0729 0.2268 0.0462 0.0998 0.3189 0.0418 0.1937 
     D237396  5 0.1073 0.0905 0.3606 0.0895 0.1719 0.0430 0.1373 
     D244016  5 0.0561 0.1590 0.0320 0.0311 0.5159 0.1449 0.0611 
     D244018  5 0.3060 0.0777 0.1127 0.0844 0.2288 0.0378 0.1525 
     D244019  5 0.1671 0.2287 0.2034 0.0383 0.1878 0.0819 0.0927 
        D279  5 0.1003 0.1693 0.0582 0.0641 0.4087 0.1229 0.0765 
        D280  5 0.0615 0.1486 0.0789 0.1002 0.4292 0.0362 0.1454 
        D281  5 0.2202 0.1890 0.0352 0.0290 0.4215 0.0487 0.0564 
        D283  5 0.0356 0.0527 0.1996 0.0364 0.3946 0.0446 0.2365 
        D284  5 0.0737 0.3849 0.0830 0.2665 0.0723 0.0549 0.0647 
        D285  5 0.0237 0.0891 0.0671 0.0352 0.5900 0.0659 0.1291 
        D286  5 0.0473 0.1867 0.1252 0.1276 0.1529 0.2292 0.1312 
        D287  5 0.0423 0.2445 0.0233 0.0631 0.0905 0.3895 0.1468 
        D288  5 0.0464 0.0832 0.2387 0.0384 0.4987 0.0318 0.0626 
        D308  5 0.0299 0.0560 0.1081 0.0414 0.0385 0.0243 0.7017 
        D309  5 0.0276 0.0537 0.0436 0.0410 0.0207 0.7838 0.0296 
        D310  5 0.0277 0.0984 0.0340 0.0228 0.2055 0.0580 0.5536 
        D311  5 0.0550 0.2095 0.2430 0.0507 0.0744 0.2756 0.0918 
        D312  5 0.0652 0.1372 0.1228 0.1293 0.1451 0.3020 0.0984 
        D313  5 0.0153 0.0219 0.0196 0.3699 0.0168 0.0132 0.5434 
        D314  5 0.1604 0.2592 0.0421 0.1213 0.1471 0.1506 0.1193 
        D315  5 0.0917 0.1439 0.2302 0.1175 0.0869 0.0791 0.2507 
        D317  5 0.0320 0.0644 0.1175 0.0417 0.2056 0.0351 0.5037 
        D318  5 0.1684 0.3058 0.1049 0.1426 0.0719 0.1653 0.0411 
        D319  5 0.0314 0.0472 0.0353 0.0202 0.1269 0.0250 0.7140 
        D320  5 0.0247 0.0851 0.0419 0.0497 0.4579 0.1158 0.2248 
        D321  5 0.0133 0.0246 0.0642 0.0283 0.2393 0.0233 0.6069 
        D336  5 0.0322 0.2554 0.0534 0.0375 0.0824 0.1824 0.3567 
        D337  5 0.0427 0.0391 0.0491 0.0199 0.4787 0.0577 0.3128 
        D338  5 0.0870 0.2367 0.2402 0.1097 0.1191 0.0848 0.1224 
        D339  5 0.0704 0.1158 0.0749 0.0383 0.1982 0.0380 0.4645 
        D347  5 0.1867 0.2013 0.1906 0.0363 0.0450 0.1861 0.1539 
        D348  5 0.0508 0.0565 0.0369 0.0202 0.1116 0.2224 0.5016 
        D349  5 0.0210 0.0234 0.0260 0.0226 0.0514 0.0286 0.8271 
        D350  5 0.0327 0.0294 0.0246 0.0272 0.0276 0.8358 0.0228 
        D355  5 0.1978 0.3239 0.1632 0.0277 0.1435 0.0958 0.0481 
        D356  5 0.0381 0.1192 0.2661 0.1697 0.1996 0.0739 0.1334 
        D357  5 0.0741 0.3483 0.0572 0.0450 0.0849 0.1266 0.2639 
        D358  5 0.0778 0.1397 0.0541 0.0741 0.1237 0.2184 0.3122 
        D359  5 0.0276 0.0669 0.2500 0.0248 0.1213 0.1007 0.4086 
        D360  5 0.0403 0.1384 0.1522 0.2053 0.2691 0.0597 0.1351 
        D361  5 0.0334 0.0330 0.0346 0.0304 0.0229 0.0197 0.8260 
        D366  5 0.2772 0.0330 0.5760 0.0278 0.0300 0.0306 0.0254 
        D367  5 0.0235 0.1008 0.0261 0.0450 0.0696 0.1306 0.6045 
        D368  5 0.0333 0.1972 0.1186 0.0444 0.0996 0.0503 0.4566 
        D380  5 0.0922 0.1643 0.0756 0.1099 0.1262 0.3830 0.0488 
        D381  5 0.0640 0.1324 0.0753 0.0375 0.2026 0.0753 0.4128 
        D400  5 0.1525 0.1353 0.1151 0.0568 0.1498 0.2703 0.1202 
        D411  5 0.0521 0.1507 0.0231 0.6890 0.0235 0.0342 0.0273 
        D412  5 0.2153 0.2197 0.0871 0.0946 0.0506 0.0759 0.2568 
        D413  5 0.5898 0.0864 0.0930 0.0839 0.0647 0.0609 0.0212 
        D414  5 0.1077 0.0515 0.0344 0.0267 0.0341 0.7266 0.0190 
        D420  5 0.0349 0.2628 0.0302 0.2639 0.3230 0.0358 0.0494 
        D431  5 0.0732 0.2590 0.0196 0.0668 0.1902 0.2832 0.1079 
        D432  5 0.0934 0.0689 0.0960 0.1066 0.1741 0.0589 0.4021 
        D433  5 0.0570 0.0499 0.0949 0.0268 0.2065 0.0433 0.5217 
        D434  5 0.0382 0.0862 0.1083 0.0574 0.2018 0.0565 0.4515 
        D440  5 0.0237 0.0471 0.0219 0.0280 0.0210 0.8255 0.0327 
        D447  5 0.1718 0.1807 0.2411 0.1753 0.0249 0.1446 0.0616 
        D448  5 0.0894 0.1928 0.1361 0.0406 0.1060 0.1592 0.2759 
        D459  5 0.4764 0.0784 0.1236 0.0347 0.1760 0.0777 0.0331 
        D460  5 0.0261 0.0279 0.0585 0.0304 0.0586 0.0245 0.7740 
        D461  5 0.0191 0.0267 0.0873 0.0221 0.0277 0.7912 0.0260 
        D468  5 0.0811 0.3387 0.2083 0.0681 0.0916 0.0628 0.1493 
        D469  5 0.0373 0.1235 0.4951 0.1057 0.0776 0.0818 0.0789 
        D470  5 0.0428 0.1884 0.1142 0.3361 0.0560 0.1980 0.0644 
        D471  5 0.0840 0.1632 0.1192 0.0256 0.2169 0.1412 0.2499 
        D472  5 0.1093 0.0324 0.7290 0.0288 0.0574 0.0217 0.0214 
        D479  5 0.7171 0.0343 0.0371 0.0283 0.0235 0.1263 0.0334 
        D485  5 0.0785 0.2177 0.0368 0.0645 0.0379 0.4920 0.0725 
        D486  5 0.0584 0.4618 0.1213 0.1271 0.0424 0.0808 0.1083 
        D487  5 0.1336 0.0796 0.0404 0.0569 0.3129 0.2185 0.1581 
        D555  5 0.1241 0.0606 0.0512 0.0362 0.3072 0.0613 0.3594 
        D556  5 0.0379 0.0622 0.0424 0.0408 0.5162 0.2342 0.0662 
        D557  5 0.0806 0.0518 0.0595 0.0331 0.2534 0.0953 0.4263 
        D564  5 0.0557 0.0953 0.0558 0.0873 0.0621 0.3617 0.2822 
        D594  5 0.1900 0.2188 0.1989 0.0527 0.0392 0.1376 0.1628 
        D595  5 0.1332 0.1632 0.1966 0.0594 0.1376 0.0928 0.2171 
        D596  5 0.0649 0.0455 0.0446 0.0334 0.3396 0.0458 0.4262 
        D597  5 0.1690 0.0428 0.1184 0.0430 0.4496 0.0922 0.0851 
        D598  5 0.0838 0.0676 0.1147 0.1475 0.1282 0.1435 0.3146 
        D617  5 0.2233 0.1124 0.0365 0.5376 0.0292 0.0270 0.0340 
        D618  5 0.0449 0.0416 0.0674 0.0379 0.5960 0.0801 0.1320 
        D619  5 0.0692 0.0301 0.1301 0.0260 0.0309 0.0599 0.6537 
        D620  5 0.7159 0.0302 0.1061 0.0269 0.0486 0.0251 0.0472 
        D628  5 0.0498 0.0750 0.0302 0.0481 0.0244 0.6717 0.1008 
        D714  5 0.0477 0.0841 0.0244 0.0339 0.3819 0.3770 0.0510 
        D715  5 0.0445 0.0313 0.0866 0.0269 0.6690 0.0359 0.1057 
        D716  5 0.1530 0.2708 0.1392 0.0767 0.0926 0.2194 0.0484 
        D717  5 0.0502 0.0923 0.2224 0.1138 0.2810 0.1145 0.1257 
        D718  5 0.0463 0.5378 0.0279 0.0582 0.0473 0.1173 0.1652 
        D769  5 0.1258 0.1063 0.0406 0.5803 0.0322 0.0760 0.0387 
        D770  5 0.2396 0.1581 0.0479 0.0376 0.0954 0.3488 0.0727 
        D771  5 0.2812 0.2137 0.0596 0.1205 0.0915 0.1143 0.1193 
        D772  5 0.0277 0.0354 0.0380 0.0627 0.1857 0.5987 0.0518 
        D782  5 0.1540 0.2224 0.0499 0.0874 0.2735 0.0382 0.1746 
        D783  5 0.2516 0.0944 0.0283 0.0298 0.1044 0.4133 0.0781 
        D784  5 0.0419 0.0790 0.1720 0.0616 0.4260 0.1762 0.0434 
        D785  5 0.0291 0.0669 0.0528 0.0478 0.3158 0.1957 0.2919 
        D786  5 0.1192 0.1061 0.1887 0.3820 0.0213 0.1384 0.0443 
        D821  5 0.0174 0.0337 0.0206 0.0152 0.6299 0.0630 0.2203 
        D822  5 0.1043 0.1993 0.2735 0.0342 0.1013 0.1213 0.1662 
        D826  5 0.1621 0.1433 0.0719 0.0420 0.3056 0.0821 0.1929 
        D827  5 0.1116 0.1925 0.3680 0.1018 0.0386 0.1438 0.0436 
        D851  5 0.0822 0.3353 0.0886 0.0837 0.1209 0.0872 0.2021 
        D852  5 0.0730 0.0479 0.0258 0.0528 0.2125 0.4140 0.1741 
        D853  5 0.0530 0.1655 0.0916 0.0833 0.3834 0.0789 0.1443 
        D854  5 0.1362 0.4349 0.1438 0.0626 0.0858 0.0943 0.0424 
        D861  5 0.2032 0.2395 0.1024 0.0634 0.1292 0.0711 0.1912 
        D862  5 0.0423 0.1231 0.3569 0.0684 0.0872 0.1189 0.2032 
        D865  5 0.0794 0.0802 0.0445 0.0516 0.2240 0.0592 0.4610 
        D868  5 0.0304 0.0600 0.6993 0.0590 0.0663 0.0346 0.0504 
        D869  5 0.0696 0.0775 0.0487 0.6971 0.0377 0.0195 0.0498 
        D870  5 0.0721 0.5616 0.0571 0.2183 0.0310 0.0274 0.0325 
        D907  5 0.0531 0.1092 0.0477 0.0496 0.0824 0.0402 0.6178 
        D908  5 0.1340 0.0488 0.0295 0.0332 0.3709 0.1814 0.2023 
        D910  5 0.1575 0.1127 0.1242 0.0328 0.3335 0.0879 0.1514 
        D911  5 0.1641 0.2757 0.1575 0.0303 0.2744 0.0587 0.0393 
        D934  5 0.1619 0.1766 0.0470 0.0457 0.2886 0.2518 0.0284 
        D946  5 0.0840 0.1251 0.0239 0.0428 0.1202 0.5275 0.0765 
        D947  5 0.0414 0.2024 0.1282 0.0830 0.3079 0.1978 0.0393 
        D948  5 0.0179 0.0143 0.0356 0.0182 0.0666 0.0204 0.8271 
        D949  5 0.0136 0.0235 0.0460 0.0253 0.0512 0.0216 0.8188 
        D950  5 0.1834 0.2205 0.1470 0.0256 0.3190 0.0521 0.0524 
        D951  5 0.0828 0.3484 0.2954 0.0663 0.0235 0.1120 0.0716 
        D952  5 0.0308 0.0455 0.7091 0.0451 0.0542 0.0409 0.0745 
        D953  5 0.0367 0.0716 0.1380 0.0466 0.3970 0.0500 0.2601 
        D954  5 0.0497 0.0946 0.4959 0.0248 0.1465 0.0444 0.1440 
        D961  5 0.0431 0.2983 0.0203 0.0394 0.0364 0.4237 0.1387 
        D962  5 0.0248 0.0808 0.0512 0.0607 0.0608 0.6198 0.1018 
        D963  5 0.0603 0.0924 0.3204 0.0506 0.1876 0.2281 0.0606 
        D964  5 0.0877 0.3198 0.0405 0.1802 0.1471 0.1681 0.0566 
        D965  5 0.0986 0.1115 0.0461 0.0835 0.0416 0.5643 0.0544 
        D966  5 0.1256 0.0682 0.1778 0.0566 0.2449 0.2434 0.0835 
        D967  5 0.1359 0.0832 0.0324 0.0596 0.5305 0.0383 0.1199 
        D991  5 0.0421 0.0836 0.0575 0.2008 0.0538 0.4509 0.1113 
        D502  6 0.1881 0.5021 0.0226 0.1131 0.0251 0.1211 0.0279 
        D503  6 0.2114 0.1723 0.0307 0.1903 0.2683 0.0382 0.0888 
        D504  6 0.0693 0.1293 0.2755 0.0708 0.1592 0.1633 0.1326 
        D505  6 0.1481 0.1330 0.0957 0.1696 0.1610 0.1449 0.1477 
        D506  6 0.0376 0.1183 0.0832 0.0461 0.1705 0.0448 0.4994 
        D507  6 0.0689 0.1361 0.0565 0.0693 0.1143 0.5080 0.0469 
        D508  6 0.0793 0.3340 0.1504 0.0785 0.1519 0.1416 0.0643 
        D529  6 0.0527 0.2335 0.1512 0.2781 0.1123 0.0712 0.1011 
        D530  6 0.0959 0.2764 0.0285 0.1022 0.0328 0.2748 0.1894 
        D531  6 0.0708 0.2854 0.2261 0.0733 0.0929 0.1442 0.1073 
        D532  6 0.1484 0.1964 0.2280 0.0388 0.0513 0.1564 0.1806 
        D534  6 0.0716 0.0818 0.0575 0.5960 0.0411 0.0719 0.0801 
        D535  6 0.0603 0.1092 0.1763 0.0794 0.1050 0.0974 0.3724 
        D536  6 0.6907 0.0903 0.0302 0.0945 0.0258 0.0397 0.0288 
        D554  6 0.0636 0.2468 0.0573 0.1208 0.0612 0.2740 0.1762 
        D587  6 0.0639 0.0676 0.1155 0.0658 0.2553 0.0575 0.3744 
        D588  6 0.0818 0.1610 0.1853 0.0479 0.1093 0.0607 0.3540 
        D589  6 0.2424 0.2364 0.0460 0.0573 0.2378 0.0615 0.1186 
        D590  6 0.7238 0.0600 0.0599 0.0250 0.0270 0.0358 0.0685 
        D591  6 0.0304 0.1082 0.0425 0.1101 0.6269 0.0377 0.0442 
        D592  6 0.0554 0.0601 0.0604 0.5414 0.0908 0.0357 0.1563 
        D593  6 0.0672 0.2594 0.0201 0.0699 0.0417 0.4417 0.1000 
        D682  6 0.0331 0.0817 0.0402 0.0346 0.2375 0.0425 0.5304 
        D683  6 0.0231 0.1102 0.5128 0.0657 0.1554 0.0490 0.0837 
        D684  6 0.1116 0.2961 0.0520 0.3596 0.0910 0.0480 0.0418 
        D685  6 0.0546 0.5097 0.0216 0.0717 0.2362 0.0576 0.0486 
        D686  6 0.0651 0.1527 0.0493 0.0231 0.0330 0.1287 0.5481 
        D724  6 0.1148 0.2878 0.1938 0.1274 0.0681 0.1462 0.0618 
        D725  6 0.1865 0.1431 0.0423 0.0943 0.1379 0.3527 0.0432 
        D726  6 0.0279 0.0728 0.0647 0.0415 0.2944 0.1089 0.3900 
        D727  6 0.4024 0.0909 0.2717 0.0452 0.0556 0.0336 0.1007 
        D728  6 0.0440 0.2227 0.0703 0.0600 0.1455 0.1609 0.2966 
        D729  6 0.3408 0.0862 0.2852 0.0546 0.0257 0.0209 0.1866 
        D730  6 0.1493 0.1966 0.1700 0.1423 0.0658 0.2079 0.0682 
        D731  6 0.1334 0.0468 0.0206 0.0217 0.4370 0.0294 0.3111 
        D732  6 0.0587 0.1164 0.2025 0.1065 0.0537 0.4328 0.0293 
        D733  6 0.0654 0.0812 0.0438 0.1401 0.0517 0.5656 0.0521 
     D237251  7 0.1135 0.1495 0.0506 0.0660 0.3449 0.2232 0.0521 
     D237252  7 0.2440 0.2267 0.0478 0.2525 0.0645 0.0889 0.0755 
     D237253  7 0.1050 0.3098 0.0573 0.0422 0.3367 0.0667 0.0823 
     D237254  7 0.0212 0.0383 0.0208 0.8657 0.0234 0.0147 0.0160 
     D237255  7 0.2453 0.0724 0.0382 0.0361 0.5380 0.0363 0.0337 
     D237256  7 0.2069 0.4212 0.0724 0.0288 0.0825 0.1476 0.0406 
     D237257  7 0.0724 0.6045 0.0448 0.1492 0.0331 0.0532 0.0427 
