        D174  1 0.1218 0.0346 0.0768 0.1217 0.0245 0.5196 0.0310 0.0700 
        D199  1 0.0703 0.2221 0.0495 0.1035 0.0365 0.1664 0.1183 0.2334 
        D203  1 0.1011 0.1614 0.1263 0.0939 0.0480 0.0826 0.0837 0.3030 
        D204  1 0.0177 0.0274 0.0214 0.0232 0.0592 0.0195 0.0200 0.8116 
     D237366  1 0.6091 0.0524 0.0206 0.0805 0.0970 0.0474 0.0493 0.0437 
     D237367  1 0.2191 0.0704 0.0438 0.1610 0.0619 0.0337 0.0237 0.3865 
     D237368  1 0.3186 0.1487 0.0967 0.1001 0.0397 0.1181 0.0297 0.1484 
     D244101  1 0.0237 0.0582 0.0275 0.0700 0.3535 0.0218 0.1459 0.2996 
     D244102  1 0.1298 0.0686 0.1887 0.1287 0.1726 0.0659 0.1310 0.1146 
     D244103  1 0.1718 0.0396 0.0402 0.4214 0.0580 0.0523 0.0403 0.1763 
     D244104  1 0.0382 0.0369 0.0664 0.0273 0.0223 0.1076 0.0368 0.6646 
     D244105  1 0.5776 0.0193 0.1195 0.1388 0.0194 0.0182 0.0443 0.0629 
     D244106  1 0.0364 0.0793 0.0324 0.1124 0.0322 0.6004 0.0492 0.0576 
     D244107  1 0.2411 0.1727 0.2822 0.1183 0.0572 0.0157 0.0267 0.0861 
     D244108  1 0.0431 0.0457 0.4307 0.0497 0.0400 0.2735 0.0301 0.0872 
     D244113  1 0.0290 0.0527 0.0349 0.0864 0.2406 0.5046 0.0297 0.0222 
     D244114  1 0.1670 0.0616 0.0564 0.3191 0.0555 0.1069 0.1607 0.0728 
     D244115  1 0.0785 0.0310 0.2695 0.1688 0.0299 0.2725 0.0394 0.1103 
     D267365  1 0.0699 0.0319 0.0451 0.0600 0.0382 0.1974 0.1816 0.3758 
        D404  1 0.0215 0.0581 0.0821 0.0679 0.2656 0.4534 0.0225 0.0288 
        D405  1 0.0615 0.1473 0.1252 0.1393 0.2144 0.1302 0.0653 0.1168 
        D406  1 0.7171 0.0162 0.0673 0.0397 0.0299 0.0444 0.0180 0.0675 
        D407  1 0.1366 0.0886 0.0148 0.1696 0.0162 0.0385 0.0178 0.5179 
        D408  1 0.0261 0.0178 0.0572 0.0938 0.0456 0.5133 0.1837 0.0624 
        D409  1 0.0436 0.0539 0.0596 0.6315 0.0323 0.0558 0.0522 0.0712 
        D410  1 0.0250 0.0122 0.8200 0.0298 0.0219 0.0266 0.0167 0.0479 
        D421  1 0.0170 0.0416 0.0111 0.0176 0.0097 0.0368 0.0141 0.8520 
        D422  1 0.7783 0.0315 0.0307 0.0633 0.0132 0.0176 0.0218 0.0437 
        D423  1 0.0502 0.0659 0.7202 0.0377 0.0160 0.0180 0.0150 0.0770 
        D424  1 0.1016 0.0220 0.0237 0.1141 0.0198 0.0392 0.0217 0.6579 
        D425  1 0.0496 0.0313 0.1055 0.1147 0.0413 0.1743 0.0538 0.4296 
        D426  1 0.0563 0.0275 0.0160 0.6832 0.0180 0.0279 0.1086 0.0625 
        D427  1 0.0271 0.4171 0.0191 0.0270 0.0139 0.2167 0.0299 0.2493 
        D428  1 0.0977 0.0497 0.0896 0.1251 0.0911 0.1876 0.0375 0.3218 
        D429  1 0.0775 0.0418 0.0538 0.0965 0.0413 0.3277 0.0791 0.2823 
        D430  1 0.0689 0.0646 0.0641 0.3768 0.0341 0.1608 0.1636 0.0672 
        D491  1 0.0215 0.0133 0.0654 0.0597 0.0218 0.7011 0.0374 0.0798 
        D492  1 0.1499 0.0774 0.0845 0.1441 0.1050 0.1521 0.0373 0.2497 
        D537  1 0.0843 0.0324 0.0365 0.0890 0.0709 0.0272 0.0180 0.6417 
        D538  1 0.0784 0.1289 0.1931 0.3304 0.0619 0.1095 0.0446 0.0533 
        D539  1 0.1152 0.0440 0.0918 0.1031 0.1030 0.1341 0.3634 0.0454 
        D540  1 0.0875 0.0318 0.0979 0.2679 0.0298 0.0597 0.0755 0.3499 
        D541  1 0.0177 0.0183 0.0162 0.0197 0.0135 0.0140 0.0197 0.8809 
        D551  1 0.1458 0.1840 0.0228 0.3423 0.0243 0.0384 0.1733 0.0690 
        D552  1 0.1410 0.0407 0.2466 0.0618 0.0467 0.1978 0.0807 0.1847 
        D553  1 0.0177 0.0131 0.0196 0.0146 0.0151 0.0134 0.0182 0.8883 
        D615  1 0.0663 0.0969 0.1548 0.1042 0.0305 0.0790 0.0865 0.3817 
        D616  1 0.1022 0.1397 0.1519 0.1639 0.0218 0.0709 0.0737 0.2759 
        D621  1 0.3132 0.0409 0.1777 0.0488 0.2903 0.0823 0.0273 0.0195 
        D622  1 0.5723 0.0290 0.1711 0.0762 0.0429 0.0366 0.0376 0.0344 
        D623  1 0.0253 0.1516 0.0737 0.0517 0.3618 0.2673 0.0392 0.0294 
        D624  1 0.0241 0.0154 0.0212 0.0343 0.0137 0.8386 0.0174 0.0353 
        D625  1 0.0963 0.0175 0.0689 0.0925 0.0426 0.0843 0.0252 0.5728 
        D626  1 0.1575 0.0450 0.1815 0.0646 0.0329 0.3228 0.0888 0.1069 
        D627  1 0.0825 0.0268 0.0189 0.5748 0.0181 0.0338 0.1770 0.0681 
        D690  1 0.0326 0.0118 0.0648 0.0197 0.0252 0.0445 0.0157 0.7858 
        D691  1 0.7357 0.0204 0.0731 0.0254 0.0226 0.0387 0.0252 0.0587 
        D710  1 0.0983 0.0612 0.1292 0.1115 0.1136 0.1639 0.0563 0.2660 
        D711  1 0.0413 0.0269 0.0241 0.0502 0.0450 0.0315 0.0234 0.7575 
        D712  1 0.1024 0.0474 0.0568 0.0517 0.0583 0.5577 0.0860 0.0396 
        D713  1 0.1072 0.0217 0.0553 0.1019 0.3628 0.1912 0.0237 0.1362 
        D746  1 0.7599 0.0372 0.0385 0.0248 0.0196 0.0278 0.0176 0.0746 
        D747  1 0.0155 0.0257 0.0133 0.0205 0.0193 0.0164 0.0218 0.8675 
        D748  1 0.4215 0.0178 0.0811 0.0915 0.0487 0.0303 0.0394 0.2697 
        D749  1 0.3424 0.0655 0.1475 0.1442 0.1204 0.1181 0.0344 0.0276 
        D750  1 0.0444 0.0173 0.0889 0.0472 0.0466 0.6127 0.0285 0.1143 
        D763  1 0.1116 0.1095 0.0482 0.1355 0.1846 0.0258 0.2717 0.1130 
        D764  1 0.0665 0.0196 0.0848 0.0707 0.0188 0.2376 0.0337 0.4683 
        D765  1 0.0890 0.0132 0.6476 0.0674 0.0173 0.0959 0.0386 0.0310 
        D766  1 0.2195 0.0304 0.3772 0.0811 0.1048 0.0416 0.0212 0.1242 
        D767  1 0.1469 0.1242 0.1014 0.1072 0.3273 0.0378 0.0350 0.1203 
        D768  1 0.0243 0.0201 0.0207 0.0209 0.0150 0.0124 0.0125 0.8740 
        D811  1 0.0278 0.0322 0.3129 0.2516 0.0734 0.2121 0.0533 0.0366 
        D816  1 0.0198 0.0135 0.0200 0.0234 0.0166 0.0394 0.0190 0.8484 
        D825  1 0.0333 0.0248 0.4588 0.1563 0.0232 0.1722 0.0307 0.1008 
        D866  1 0.0380 0.1354 0.0966 0.0702 0.0188 0.1936 0.3946 0.0528 
        D867  1 0.7105 0.0495 0.0414 0.0416 0.0916 0.0225 0.0216 0.0213 
        D871  1 0.0262 0.0176 0.0211 0.7575 0.0210 0.0423 0.0554 0.0588 
        D872  1 0.1249 0.0929 0.2182 0.0834 0.0462 0.0422 0.0265 0.3658 
        D873  1 0.0201 0.0221 0.8734 0.0185 0.0315 0.0161 0.0093 0.0091 
        D874  1 0.0146 0.0212 0.0204 0.0334 0.7430 0.0769 0.0304 0.0601 
        D875  1 0.0639 0.0165 0.0711 0.7427 0.0274 0.0168 0.0201 0.0416 
        D876  1 0.1045 0.0238 0.0825 0.0524 0.0850 0.0997 0.0643 0.4879 
        D877  1 0.0166 0.0340 0.0456 0.2107 0.3116 0.3111 0.0212 0.0492 
        D892  1 0.3144 0.0179 0.0460 0.1130 0.0421 0.1804 0.0216 0.2645 
        D893  1 0.0960 0.0416 0.0358 0.0403 0.0464 0.0242 0.0750 0.6407 
        D894  1 0.0790 0.0411 0.0518 0.1254 0.0322 0.0799 0.0635 0.5272 
        D915  1 0.1094 0.0323 0.1409 0.0596 0.0203 0.0465 0.0300 0.5609 
        D916  1 0.0283 0.0134 0.0184 0.0211 0.0137 0.0205 0.0155 0.8690 
        D917  1 0.0391 0.0585 0.0449 0.1488 0.1180 0.3757 0.0849 0.1300 
        D925  1 0.0418 0.0229 0.5809 0.0249 0.0151 0.0730 0.0302 0.2113 
        D926  1 0.0808 0.0210 0.0651 0.1906 0.0618 0.0802 0.0485 0.4520 
        D927  1 0.0716 0.2660 0.0303 0.1127 0.0415 0.0633 0.0960 0.3186 
        D928  1 0.0115 0.0150 0.0271 0.0208 0.0185 0.8278 0.0154 0.0638 
        D929  1 0.1146 0.0223 0.0388 0.0929 0.5980 0.0608 0.0337 0.0388 
        D936  1 0.0296 0.0620 0.0495 0.0580 0.1375 0.0258 0.1195 0.5181 
        D938  1 0.6924 0.0189 0.1084 0.0253 0.0721 0.0259 0.0244 0.0326 
        D956  1 0.0299 0.0273 0.0791 0.1034 0.0268 0.6835 0.0223 0.0276 
        D957  1 0.1059 0.0363 0.5094 0.0475 0.0746 0.0358 0.0239 0.1666 
        D958  1 0.1429 0.0313 0.2436 0.0725 0.0749 0.1370 0.0235 0.2744 
        D959  1 0.1250 0.0524 0.0147 0.1971 0.0148 0.0275 0.0137 0.5547 
        D960  1 0.6210 0.0210 0.1443 0.0406 0.0561 0.0621 0.0208 0.0340 
        D989  1 0.0415 0.0625 0.0298 0.0665 0.0275 0.6403 0.0919 0.0401 
        D990  1 0.0311 0.0420 0.7311 0.0266 0.0225 0.0482 0.0832 0.0153 
        D023  2 0.7404 0.0256 0.0421 0.0281 0.0219 0.0153 0.0148 0.1118 
        D130  2 0.7035 0.0546 0.0260 0.0624 0.0289 0.0128 0.0210 0.0908 
        D131  2 0.0392 0.0437 0.0750 0.3480 0.0441 0.0324 0.1337 0.2839 
        D163  2 0.6832 0.0169 0.0536 0.0421 0.0298 0.0531 0.0427 0.0785 
        D164  2 0.0276 0.5602 0.3409 0.0143 0.0187 0.0125 0.0128 0.0130 
        D165  2 0.7722 0.0251 0.0386 0.0387 0.0308 0.0224 0.0230 0.0491 
        D166  2 0.1165 0.0649 0.1064 0.3597 0.1827 0.0261 0.0872 0.0566 
        D167  2 0.0128 0.8764 0.0152 0.0206 0.0170 0.0291 0.0160 0.0128 
        D192  2 0.0138 0.8927 0.0142 0.0158 0.0185 0.0188 0.0164 0.0099 
        D193  2 0.0868 0.0432 0.1192 0.1436 0.1629 0.3176 0.0934 0.0333 
        D206  2 0.1118 0.3590 0.0447 0.1988 0.0366 0.0285 0.0372 0.1833 
        D207  2 0.0380 0.6537 0.0268 0.1317 0.0285 0.0260 0.0529 0.0423 
        D208  2 0.0613 0.1037 0.0896 0.0531 0.0700 0.2041 0.3605 0.0577 
        D209  2 0.0448 0.4486 0.0804 0.1846 0.1158 0.0344 0.0503 0.0412 
        D210  2 0.0331 0.1218 0.0331 0.0514 0.0382 0.4775 0.1839 0.0609 
     D229599  2 0.1170 0.0361 0.1103 0.0874 0.1612 0.0684 0.2255 0.1941 
     D229600  2 0.3482 0.4546 0.0378 0.0576 0.0300 0.0181 0.0275 0.0262 
     D237227  2 0.0663 0.0533 0.1567 0.0697 0.0245 0.4663 0.1194 0.0438 
     D237228  2 0.0176 0.0520 0.5964 0.0763 0.0261 0.1559 0.0622 0.0134 
     D237258  2 0.1366 0.2141 0.0934 0.1092 0.1127 0.0876 0.1629 0.0834 
     D237310  2 0.0291 0.0789 0.5451 0.2290 0.0446 0.0287 0.0331 0.0115 
     D237311  2 0.0770 0.1957 0.5645 0.0577 0.0305 0.0302 0.0276 0.0169 
     D237312  2 0.1577 0.0371 0.3178 0.1822 0.1844 0.0614 0.0291 0.0304 
     D237313  2 0.0575 0.0332 0.1873 0.1078 0.0877 0.0861 0.1398 0.3005 
     D237322  2 0.0429 0.0580 0.0899 0.1329 0.1499 0.0998 0.3916 0.0350 
     D237323  2 0.0677 0.0329 0.5812 0.0781 0.0340 0.1235 0.0674 0.0151 
     D237324  2 0.2177 0.3680 0.0564 0.1301 0.0457 0.0199 0.1051 0.0571 
     D237325  2 0.2240 0.0876 0.3038 0.1032 0.1082 0.0966 0.0386 0.0380 
     D237326  2 0.0708 0.0392 0.6401 0.0449 0.0420 0.0703 0.0245 0.0682 
     D237327  2 0.1282 0.1839 0.0295 0.1528 0.0847 0.0492 0.3222 0.0496 
     D237337  2 0.0294 0.0134 0.8381 0.0259 0.0224 0.0321 0.0189 0.0197 
     D237338  2 0.1946 0.0685 0.1836 0.1298 0.1054 0.1202 0.1388 0.0591 
     D237339  2 0.0342 0.2097 0.0360 0.0768 0.5250 0.0238 0.0315 0.0630 
     D237340  2 0.1429 0.1966 0.2943 0.0721 0.0762 0.1540 0.0441 0.0199 
     D237389  2 0.0609 0.1221 0.5889 0.1083 0.0470 0.0304 0.0225 0.0199 
     D237390  2 0.1822 0.0235 0.3874 0.1070 0.1121 0.0689 0.0614 0.0575 
     D244017  2 0.0449 0.3992 0.0484 0.1206 0.0300 0.2680 0.0539 0.0349 
     D244112  2 0.0236 0.8652 0.0257 0.0214 0.0153 0.0197 0.0149 0.0142 
     D244118  2 0.1666 0.6921 0.0425 0.0183 0.0248 0.0216 0.0209 0.0132 
     D244119  2 0.0145 0.3036 0.0240 0.0171 0.0122 0.5806 0.0266 0.0214 
     D244120  2 0.0378 0.4722 0.0565 0.0779 0.1650 0.0810 0.0973 0.0124 
     D244122  2 0.0399 0.7517 0.0352 0.0381 0.0375 0.0448 0.0297 0.0231 
        D291  2 0.0761 0.0668 0.0437 0.1290 0.0204 0.0185 0.5725 0.0730 
        D292  2 0.0284 0.2377 0.1138 0.0447 0.0504 0.0689 0.2089 0.2473 
        D293  2 0.0188 0.6545 0.0139 0.0437 0.0727 0.0164 0.0441 0.1359 
        D322  2 0.0262 0.5598 0.0452 0.0590 0.1213 0.0187 0.0515 0.1183 
        D323  2 0.0580 0.1798 0.0880 0.1982 0.1728 0.0539 0.1327 0.1167 
        D324  2 0.1073 0.0409 0.1037 0.1932 0.0235 0.0568 0.3304 0.1442 
        D325  2 0.0252 0.8260 0.0156 0.0295 0.0187 0.0127 0.0386 0.0337 
        D326  2 0.0131 0.0149 0.0113 0.0194 0.0177 0.0267 0.0272 0.8697 
        D340  2 0.0155 0.8663 0.0176 0.0178 0.0191 0.0176 0.0239 0.0222 
        D341  2 0.0446 0.6280 0.0735 0.0457 0.0432 0.0369 0.0768 0.0513 
        D342  2 0.0756 0.6359 0.0936 0.0808 0.0239 0.0178 0.0488 0.0237 
        D343  2 0.0097 0.9099 0.0096 0.0132 0.0147 0.0098 0.0154 0.0177 
        D344  2 0.0283 0.0799 0.0663 0.1980 0.4038 0.0255 0.0359 0.1623 
        D345  2 0.0761 0.0570 0.3861 0.0982 0.1078 0.0426 0.0664 0.1657 
        D346  2 0.0374 0.0800 0.0346 0.0851 0.0659 0.5423 0.1013 0.0534 
        D351  2 0.0852 0.0568 0.0812 0.2446 0.0633 0.0245 0.1733 0.2711 
        D352  2 0.0256 0.0302 0.0602 0.0847 0.6897 0.0489 0.0342 0.0266 
        D353  2 0.0276 0.0409 0.0272 0.4210 0.1708 0.0181 0.0278 0.2666 
        D354  2 0.0307 0.0206 0.1061 0.0521 0.6273 0.0573 0.0255 0.0803 
        D362  2 0.0555 0.0264 0.0409 0.0305 0.0205 0.0293 0.0183 0.7785 
        D363  2 0.0402 0.0316 0.0403 0.0334 0.0220 0.0645 0.0278 0.7402 
        D364  2 0.0282 0.0240 0.1517 0.0645 0.2825 0.0448 0.0307 0.3735 
        D365  2 0.0099 0.8826 0.0123 0.0141 0.0246 0.0159 0.0182 0.0224 
        D369  2 0.0629 0.1627 0.1410 0.0985 0.0221 0.1639 0.1383 0.2105 
        D374  2 0.0194 0.0233 0.0785 0.0436 0.0465 0.7428 0.0262 0.0196 
        D375  2 0.0199 0.0150 0.0239 0.0433 0.8482 0.0176 0.0131 0.0190 
        D376  2 0.0212 0.0324 0.0917 0.0332 0.0749 0.6931 0.0374 0.0161 
        D377  2 0.0961 0.0941 0.2574 0.1704 0.1428 0.0926 0.1086 0.0380 
        D378  2 0.0887 0.2811 0.0357 0.0908 0.1859 0.0280 0.0829 0.2070 
        D379  2 0.0273 0.0209 0.0237 0.0430 0.0387 0.0326 0.0287 0.7850 
        D384  2 0.0147 0.0115 0.0166 0.0171 0.0122 0.0341 0.0168 0.8771 
        D385  2 0.0140 0.7019 0.0220 0.0256 0.1503 0.0414 0.0229 0.0218 
        D386  2 0.0670 0.0694 0.0336 0.1125 0.4834 0.0208 0.0353 0.1779 
        D391  2 0.0214 0.7585 0.0174 0.0262 0.0934 0.0181 0.0338 0.0312 
        D392  2 0.0400 0.6194 0.1199 0.0480 0.0235 0.0605 0.0304 0.0582 
        D393  2 0.0513 0.0908 0.0647 0.0550 0.1362 0.0276 0.2329 0.3414 
        D394  2 0.1739 0.1246 0.2198 0.1224 0.1682 0.0534 0.0559 0.0818 
        D395  2 0.0246 0.2451 0.0206 0.0600 0.5758 0.0229 0.0332 0.0178 
        D401  2 0.0202 0.0325 0.8056 0.0528 0.0152 0.0377 0.0180 0.0180 
        D402  2 0.0158 0.7902 0.0280 0.0202 0.0550 0.0174 0.0552 0.0182 
        D403  2 0.1685 0.0512 0.0457 0.1759 0.1242 0.0274 0.0461 0.3610 
        D415  2 0.0467 0.0324 0.0672 0.1728 0.0240 0.0174 0.0198 0.6197 
        D435  2 0.0345 0.2500 0.0485 0.0448 0.0478 0.0195 0.0615 0.4934 
        D436  2 0.0662 0.0308 0.0322 0.0872 0.4996 0.0528 0.0293 0.2019 
        D438  2 0.0167 0.8875 0.0121 0.0167 0.0159 0.0225 0.0157 0.0129 
        D439  2 0.0513 0.0765 0.1246 0.0875 0.4929 0.0191 0.0394 0.1087 
        D449  2 0.0283 0.5628 0.0259 0.2199 0.0214 0.0281 0.0232 0.0904 
        D450  2 0.0597 0.0240 0.0505 0.2041 0.2371 0.2220 0.0738 0.1288 
        D456  2 0.0188 0.0131 0.0136 0.0225 0.0169 0.0191 0.0230 0.8730 
        D462  2 0.0210 0.8116 0.0121 0.0262 0.0633 0.0150 0.0214 0.0293 
        D463  2 0.0165 0.0119 0.0164 0.0211 0.0252 0.0321 0.0124 0.8643 
        D464  2 0.0173 0.0632 0.0301 0.2795 0.4812 0.0334 0.0282 0.0672 
        D465  2 0.0330 0.5809 0.0685 0.0933 0.0273 0.0252 0.0308 0.1410 
        D473  2 0.0703 0.0469 0.1088 0.0672 0.1628 0.4651 0.0528 0.0261 
        D474  2 0.0641 0.0572 0.0553 0.0364 0.0271 0.0468 0.1728 0.5403 
        D476  2 0.3885 0.0662 0.0207 0.0336 0.3968 0.0150 0.0383 0.0409 
        D477  2 0.0289 0.0271 0.1751 0.0954 0.2126 0.0586 0.1531 0.2491 
        D478  2 0.2598 0.0651 0.0501 0.2471 0.1210 0.1590 0.0453 0.0527 
        D480  2 0.0348 0.0998 0.0264 0.0984 0.2111 0.1147 0.1686 0.2462 
        D481  2 0.0945 0.0972 0.1197 0.0844 0.1786 0.0973 0.0581 0.2703 
        D482  2 0.0611 0.0251 0.0847 0.0753 0.3431 0.0758 0.3108 0.0242 
        D483  2 0.0192 0.8456 0.0195 0.0160 0.0136 0.0506 0.0196 0.0157 
        D484  2 0.0153 0.0159 0.0181 0.0208 0.8839 0.0188 0.0154 0.0118 
        D510  2 0.0227 0.0324 0.0296 0.0454 0.0344 0.6800 0.1317 0.0238 
        D511  2 0.0309 0.0872 0.0359 0.0355 0.6016 0.0212 0.0581 0.1297 
        D512  2 0.0332 0.1712 0.4530 0.2222 0.0397 0.0198 0.0389 0.0220 
        D513  2 0.0344 0.5672 0.0314 0.0856 0.0408 0.0823 0.0721 0.0862 
        D635  2 0.3460 0.0430 0.0482 0.1062 0.0206 0.0344 0.0429 0.3588 
        D636  2 0.7584 0.0267 0.0906 0.0288 0.0158 0.0268 0.0151 0.0378 
        D637  2 0.0670 0.1598 0.0833 0.0874 0.4097 0.0719 0.0861 0.0348 
        D658  2 0.0382 0.4366 0.0616 0.0349 0.2792 0.1015 0.0267 0.0213 
        D659  2 0.0605 0.0277 0.0240 0.0625 0.0401 0.0364 0.0639 0.6850 
        D677  2 0.2043 0.0666 0.0941 0.0995 0.0597 0.0221 0.0789 0.3750 
        D678  2 0.0315 0.7177 0.0528 0.0917 0.0302 0.0198 0.0340 0.0224 
        D679  2 0.0464 0.0645 0.0452 0.1146 0.0668 0.0664 0.1695 0.4266 
        D719  2 0.0170 0.1408 0.0415 0.0379 0.0395 0.4809 0.0983 0.1442 
        D720  2 0.0247 0.0305 0.0240 0.0396 0.0148 0.0700 0.0267 0.7697 
        D721  2 0.6572 0.0840 0.0347 0.0420 0.0333 0.0474 0.0318 0.0695 
        D722  2 0.0281 0.0754 0.1198 0.0875 0.0929 0.5113 0.0520 0.0329 
        D734  2 0.0156 0.0973 0.0183 0.0486 0.5232 0.2195 0.0509 0.0266 
        D735  2 0.0467 0.0570 0.1896 0.1395 0.0800 0.0871 0.0979 0.3023 
        D736  2 0.0740 0.0534 0.0480 0.0697 0.0576 0.3801 0.2699 0.0473 
        D737  2 0.0523 0.5845 0.0591 0.0399 0.1318 0.0450 0.0680 0.0194 
        D807  2 0.0501 0.0733 0.1452 0.0702 0.1204 0.2136 0.1505 0.1766 
        D808  2 0.1016 0.1065 0.2576 0.2714 0.0547 0.0405 0.0854 0.0824 
        D817  2 0.0490 0.0318 0.0755 0.1375 0.1078 0.0402 0.0623 0.4959 
        D818  2 0.2358 0.1848 0.0285 0.2139 0.0462 0.0273 0.1949 0.0685 
        D819  2 0.0792 0.0423 0.3080 0.2058 0.0379 0.0508 0.0775 0.1984 
        D820  2 0.0331 0.0423 0.0186 0.0423 0.0659 0.0319 0.0314 0.7345 
        D895  2 0.1333 0.0604 0.0893 0.1458 0.0453 0.0405 0.0478 0.4376 
        D896  2 0.0211 0.0171 0.8599 0.0248 0.0180 0.0286 0.0146 0.0160 
        D897  2 0.0296 0.6312 0.0597 0.0862 0.0385 0.0287 0.0966 0.0295 
        D898  2 0.0430 0.0378 0.3858 0.2073 0.0603 0.0546 0.1620 0.0493 
        D918  2 0.2789 0.0754 0.1230 0.1822 0.1490 0.0543 0.0977 0.0394 
        D919  2 0.0349 0.1206 0.0282 0.1186 0.3747 0.0235 0.0667 0.2327 
        D920  2 0.7018 0.0431 0.0545 0.0366 0.0351 0.0682 0.0268 0.0340 
        D923  2 0.0249 0.0374 0.0229 0.0858 0.1059 0.0283 0.0274 0.6674 
        D930  2 0.0367 0.0507 0.0957 0.2023 0.1661 0.1386 0.0785 0.2315 
        D931  2 0.0443 0.1379 0.0497 0.0757 0.2913 0.0524 0.0767 0.2720 
        D968  2 0.0140 0.8236 0.0205 0.0329 0.0197 0.0152 0.0539 0.0202 
        D969  2 0.0448 0.2407 0.0658 0.0954 0.0342 0.0698 0.2233 0.2260 
        D977  2 0.0401 0.7452 0.0166 0.0803 0.0238 0.0243 0.0389 0.0309 
        D978  2 0.0280 0.1263 0.0299 0.2415 0.0309 0.0308 0.4810 0.0316 
        D211  3 0.6078 0.0220 0.0514 0.1122 0.0370 0.0280 0.0413 0.1001 
     D229639  3 0.0307 0.0529 0.0741 0.0524 0.0276 0.1055 0.5948 0.0621 
     D237212  3 0.0950 0.0789 0.0669 0.1140 0.2707 0.0287 0.2669 0.0789 
     D237213  3 0.1290 0.0487 0.3659 0.1546 0.1351 0.0231 0.0731 0.0705 
     D237214  3 0.7568 0.0175 0.0179 0.1222 0.0200 0.0280 0.0120 0.0256 
     D237215  3 0.0171 0.6214 0.0516 0.0510 0.0271 0.1121 0.1024 0.0175 
     D237216  3 0.1700 0.0514 0.0809 0.3878 0.0416 0.0276 0.1643 0.0765 
     D237217  3 0.3685 0.0407 0.1991 0.1191 0.0214 0.0189 0.0917 0.1406 
     D237218  3 0.0610 0.0456 0.0287 0.0847 0.1305 0.0442 0.5400 0.0653 
     D237219  3 0.1715 0.0280 0.3863 0.0654 0.0254 0.0813 0.1873 0.0548 
     D237382  3 0.0784 0.0693 0.2291 0.2297 0.0805 0.1183 0.0639 0.1308 
     D244127  3 0.0693 0.0704 0.6529 0.0549 0.0332 0.0216 0.0789 0.0187 
     D244129  3 0.1176 0.0996 0.2243 0.1909 0.1017 0.0494 0.0855 0.1310 
     D244133  3 0.1192 0.2519 0.0752 0.2204 0.0161 0.1477 0.0775 0.0919 
     D244134  3 0.0428 0.0262 0.1520 0.0365 0.0197 0.1831 0.5018 0.0380 
     D244135  3 0.6922 0.0816 0.0222 0.0695 0.0334 0.0169 0.0276 0.0565 
     D244136  3 0.0812 0.1075 0.0520 0.1675 0.0459 0.2509 0.0949 0.2002 
        D416  3 0.1117 0.2023 0.1565 0.1783 0.0730 0.0373 0.1073 0.1335 
        D417  3 0.0768 0.0191 0.0509 0.0600 0.0298 0.0324 0.0329 0.6981 
        D419  3 0.1245 0.1031 0.2249 0.0628 0.0391 0.0566 0.2494 0.1397 
        D565  3 0.0195 0.0147 0.0220 0.0188 0.0178 0.8003 0.0581 0.0488 
        D566  3 0.0371 0.0648 0.0587 0.0930 0.0346 0.3470 0.2966 0.0681 
        D567  3 0.1081 0.0524 0.1095 0.0554 0.0537 0.0218 0.0293 0.5699 
        D568  3 0.2025 0.1177 0.1183 0.0768 0.1509 0.0188 0.0856 0.2293 
        D569  3 0.0607 0.1040 0.0279 0.0894 0.6011 0.0410 0.0522 0.0236 
        D573  3 0.0267 0.1751 0.0361 0.1033 0.0294 0.0235 0.3922 0.2137 
        D574  3 0.0519 0.0601 0.0677 0.2035 0.0291 0.4473 0.1070 0.0334 
        D575  3 0.1183 0.0834 0.2883 0.0936 0.0459 0.1210 0.1099 0.1397 
        D576  3 0.0420 0.6905 0.0209 0.0610 0.0397 0.0548 0.0826 0.0084 
        D577  3 0.1402 0.0252 0.0461 0.0946 0.0580 0.0509 0.0520 0.5330 
        D578  3 0.8098 0.0321 0.0275 0.0732 0.0127 0.0146 0.0149 0.0152 
        D579  3 0.0589 0.0755 0.0687 0.0824 0.0843 0.1979 0.2541 0.1782 
        D660  3 0.0520 0.6414 0.0712 0.1053 0.0526 0.0184 0.0396 0.0194 
        D661  3 0.1656 0.2676 0.0312 0.1045 0.0741 0.0227 0.3044 0.0300 
        D663  3 0.0343 0.0743 0.0204 0.1656 0.0532 0.0267 0.5613 0.0643 
        D664  3 0.2217 0.2198 0.1999 0.1356 0.0342 0.0945 0.0700 0.0242 
        D665  3 0.1352 0.0518 0.1340 0.4701 0.1141 0.0137 0.0627 0.0184 
        D666  3 0.0872 0.0374 0.3998 0.0668 0.0403 0.1038 0.1362 0.1285 
        D009  4 0.2491 0.0287 0.1724 0.1572 0.1175 0.0405 0.0871 0.1474 
        D057  4 0.2623 0.1711 0.0178 0.0264 0.3741 0.0338 0.0672 0.0473 
        D109  4 0.0754 0.0250 0.5976 0.1244 0.0393 0.0614 0.0369 0.0400 
     D237222  4 0.5487 0.0598 0.1064 0.0471 0.0486 0.1179 0.0314 0.0401 
     D237223  4 0.2801 0.0864 0.1983 0.1125 0.0852 0.1183 0.0767 0.0425 
     D237224  4 0.0484 0.1568 0.0653 0.0855 0.1756 0.0342 0.2940 0.1401 
     D237225  4 0.1696 0.0377 0.0896 0.2763 0.0621 0.0542 0.1408 0.1697 
     D237299  4 0.0845 0.0237 0.1026 0.5244 0.0320 0.0438 0.1723 0.0167 
     D237300  4 0.0267 0.0357 0.0367 0.0264 0.0282 0.0369 0.7898 0.0196 
     D237306  4 0.0701 0.0250 0.1200 0.0837 0.0514 0.5519 0.0270 0.0709 
     D237307  4 0.0688 0.0625 0.0563 0.0946 0.0227 0.1698 0.1036 0.4216 
     D237308  4 0.0652 0.4511 0.0865 0.0364 0.1780 0.0850 0.0486 0.0492 
     D237309  4 0.2338 0.0561 0.0974 0.1815 0.0998 0.0339 0.0926 0.2048 
     D237317  4 0.0514 0.0401 0.0574 0.1002 0.0398 0.4670 0.0491 0.1951 
     D237318  4 0.0161 0.0500 0.0184 0.0379 0.0155 0.0266 0.8083 0.0272 
     D237319  4 0.2944 0.0673 0.1181 0.2565 0.0347 0.0427 0.0952 0.0910 
     D237320  4 0.3722 0.0900 0.1372 0.1208 0.0278 0.0325 0.1462 0.0734 
     D237321  4 0.0607 0.0848 0.0460 0.0635 0.0313 0.0484 0.6122 0.0530 
     D237397  4 0.1812 0.1210 0.1052 0.0891 0.0335 0.1964 0.1985 0.0750 
     D237398  4 0.0457 0.0279 0.0144 0.1303 0.0354 0.0159 0.6721 0.0583 
     D237399  4 0.1623 0.0379 0.0561 0.0669 0.0427 0.1638 0.3893 0.0809 
     D244001  4 0.5331 0.1886 0.0529 0.0483 0.0599 0.0418 0.0400 0.0353 
        D289  4 0.0793 0.1115 0.0505 0.0906 0.1895 0.3015 0.0988 0.0784 
        D290  4 0.1053 0.0625 0.0639 0.4017 0.0741 0.0339 0.1836 0.0750 
        D294  4 0.1414 0.0450 0.0217 0.2668 0.2627 0.0440 0.1091 0.1094 
        D295  4 0.0891 0.0244 0.2282 0.0666 0.0768 0.0454 0.0734 0.3962 
        D301  4 0.6035 0.0531 0.0637 0.0491 0.0468 0.0522 0.1060 0.0255 
        D302  4 0.0451 0.0148 0.0187 0.0505 0.7266 0.0120 0.0244 0.1079 
        D303  4 0.0352 0.0651 0.0863 0.0450 0.0954 0.5843 0.0535 0.0352 
        D304  4 0.0995 0.0395 0.0303 0.2752 0.0578 0.0934 0.3224 0.0818 
        D305  4 0.0583 0.1343 0.0416 0.2005 0.4356 0.0123 0.0885 0.0290 
        D306  4 0.0839 0.0315 0.0714 0.6024 0.0461 0.0509 0.0603 0.0535 
        D307  4 0.7199 0.0270 0.0393 0.0300 0.0463 0.0729 0.0480 0.0166 
        D327  4 0.0418 0.0589 0.0208 0.1060 0.0303 0.0752 0.0506 0.6164 
        D328  4 0.0397 0.0248 0.0848 0.0598 0.6011 0.1336 0.0302 0.0261 
        D329  4 0.1084 0.1555 0.1294 0.1029 0.2413 0.0452 0.1314 0.0858 
        D330  4 0.1060 0.0683 0.2270 0.1788 0.0900 0.0206 0.0183 0.2911 
        D331  4 0.0687 0.0587 0.0910 0.1657 0.0424 0.0895 0.3210 0.1630 
        D333  4 0.1169 0.1117 0.1090 0.0680 0.2412 0.1310 0.1519 0.0702 
        D334  4 0.1004 0.0246 0.0354 0.0814 0.0593 0.5474 0.0773 0.0742 
        D335  4 0.0301 0.0584 0.0285 0.0536 0.5055 0.0291 0.0236 0.2710 
        D370  4 0.0554 0.0508 0.4448 0.0861 0.1614 0.1090 0.0378 0.0548 
        D371  4 0.0191 0.0265 0.0234 0.0378 0.0326 0.7499 0.0284 0.0822 
        D372  4 0.0191 0.0738 0.0309 0.0902 0.0327 0.0348 0.7066 0.0120 
        D373  4 0.6339 0.0862 0.0280 0.0448 0.0543 0.0224 0.0874 0.0430 
        D455  4 0.7076 0.0344 0.0317 0.0273 0.0812 0.0300 0.0537 0.0342 
        D490  4 0.8669 0.0096 0.0208 0.0251 0.0271 0.0149 0.0160 0.0197 
        D497  4 0.7648 0.0280 0.0371 0.0395 0.0585 0.0250 0.0324 0.0149 
        D498  4 0.0618 0.0640 0.2294 0.1986 0.0491 0.1201 0.1996 0.0774 
        D499  4 0.0235 0.2196 0.0784 0.2484 0.1156 0.1646 0.1226 0.0272 
        D514  4 0.0709 0.0416 0.0796 0.2350 0.1808 0.0237 0.0899 0.2785 
        D515  4 0.4103 0.0303 0.1460 0.2175 0.0928 0.0383 0.0224 0.0425 
        D516  4 0.1127 0.0798 0.3149 0.0746 0.0319 0.0685 0.0818 0.2358 
        D517  4 0.6699 0.0496 0.0742 0.0336 0.0291 0.0175 0.0719 0.0542 
        D518  4 0.2420 0.0826 0.0235 0.0400 0.4276 0.1106 0.0254 0.0482 
        D519  4 0.5054 0.0417 0.1251 0.1495 0.0234 0.0201 0.0867 0.0479 
        D560  4 0.3171 0.0912 0.0627 0.1982 0.0658 0.0205 0.1545 0.0901 
        D561  4 0.1312 0.0555 0.0548 0.5911 0.0507 0.0177 0.0265 0.0723 
        D562  4 0.2344 0.0990 0.0558 0.2468 0.1535 0.0670 0.0794 0.0641 
        D563  4 0.0710 0.4226 0.0497 0.1420 0.1664 0.0214 0.0921 0.0348 
        D572  4 0.0786 0.0357 0.0244 0.0514 0.6999 0.0274 0.0228 0.0599 
        D629  4 0.3104 0.0326 0.0730 0.0751 0.1016 0.0244 0.0963 0.2867 
        D630  4 0.3331 0.0366 0.0454 0.1425 0.1413 0.0738 0.1231 0.1042 
        D631  4 0.0490 0.1683 0.0265 0.0383 0.5905 0.0291 0.0561 0.0421 
        D632  4 0.3316 0.2122 0.1064 0.0506 0.1976 0.0227 0.0216 0.0572 
        D646  4 0.1663 0.0707 0.2008 0.1446 0.0393 0.0381 0.0664 0.2738 
        D647  4 0.1715 0.0620 0.0997 0.0703 0.0631 0.0140 0.0455 0.4738 
        D648  4 0.0200 0.0249 0.0208 0.0656 0.7935 0.0474 0.0161 0.0117 
        D649  4 0.0801 0.0248 0.2359 0.0397 0.2075 0.0252 0.0471 0.3397 
        D650  4 0.1509 0.0356 0.0665 0.1306 0.1456 0.1295 0.1090 0.2323 
        D708  4 0.0756 0.0330 0.0690 0.1314 0.2417 0.2412 0.1609 0.0471 
        D709  4 0.0555 0.0414 0.2989 0.3396 0.1301 0.0550 0.0391 0.0404 
        D738  4 0.1448 0.0174 0.1237 0.0380 0.0307 0.4974 0.0468 0.1013 
        D739  4 0.4075 0.0342 0.0777 0.1942 0.1241 0.0413 0.0852 0.0358 
        D740  4 0.0594 0.0599 0.3005 0.1674 0.0517 0.1360 0.1983 0.0268 
        D741  4 0.2541 0.0920 0.1214 0.2654 0.0297 0.0211 0.0460 0.1703 
        D742  4 0.1082 0.2811 0.0517 0.1116 0.0789 0.1665 0.1612 0.0407 
        D743  4 0.0305 0.0458 0.0190 0.0586 0.3156 0.0324 0.0490 0.4492 
        D744  4 0.0277 0.0475 0.0220 0.0528 0.7765 0.0178 0.0252 0.0305 
        D745  4 0.5173 0.0318 0.1588 0.1621 0.0348 0.0245 0.0422 0.0285 
        D814  4 0.1334 0.2747 0.0169 0.2989 0.1085 0.0261 0.0853 0.0562 
        D815  4 0.0319 0.0487 0.1017 0.0996 0.4561 0.0390 0.0641 0.1588 
        D828  4 0.0513 0.1404 0.0659 0.1645 0.3211 0.1334 0.1043 0.0190 
        D845  4 0.0136 0.0248 0.0172 0.0190 0.0164 0.0321 0.8547 0.0221 
        D846  4 0.1322 0.1720 0.0301 0.1032 0.2982 0.0160 0.0551 0.1933 
        D847  4 0.2592 0.0583 0.0562 0.1545 0.0498 0.1074 0.2061 0.1085 
        D848  4 0.5621 0.1132 0.0313 0.0310 0.0442 0.0229 0.1766 0.0188 
        D849  4 0.4035 0.0409 0.2211 0.1235 0.0792 0.0261 0.0429 0.0629 
        D850  4 0.2323 0.0487 0.0477 0.1738 0.0510 0.0707 0.1636 0.2121 
        D856  4 0.0895 0.0436 0.2468 0.3509 0.0622 0.0544 0.0859 0.0667 
        D857  4 0.0480 0.0973 0.6653 0.0713 0.0556 0.0322 0.0189 0.0114 
        D859  4 0.0414 0.0311 0.0324 0.0616 0.6072 0.0309 0.1237 0.0717 
        D860  4 0.0353 0.1096 0.0330 0.0410 0.0830 0.5000 0.1001 0.0980 
        D883  4 0.2668 0.0376 0.1473 0.0717 0.0876 0.0824 0.0843 0.2224 
        D884  4 0.2163 0.0180 0.2721 0.1201 0.1117 0.1104 0.0385 0.1129 
        D885  4 0.1100 0.0684 0.0618 0.1827 0.0527 0.0375 0.3704 0.1165 
        D886  4 0.2193 0.0894 0.2016 0.1067 0.0934 0.0280 0.0529 0.2088 
        D887  4 0.0565 0.1192 0.0976 0.1566 0.1810 0.0660 0.2474 0.0757 
        D889  4 0.0352 0.0138 0.0152 0.1293 0.0709 0.0198 0.6829 0.0329 
        D890  4 0.0862 0.0964 0.2081 0.1061 0.2133 0.1603 0.0687 0.0608 
        D891  4 0.0092 0.0119 0.0119 0.0140 0.0097 0.0119 0.9189 0.0125 
        D899  4 0.0316 0.4572 0.0333 0.0544 0.1011 0.1066 0.1827 0.0331 
        D900  4 0.0832 0.0853 0.0874 0.2795 0.1526 0.0761 0.0744 0.1615 
        D970  4 0.1026 0.0544 0.0636 0.1072 0.2754 0.0592 0.1519 0.1857 
        D971  4 0.0352 0.4556 0.0598 0.0923 0.1807 0.0577 0.0230 0.0957 
        D979  4 0.0300 0.0316 0.0171 0.0380 0.3165 0.0329 0.0302 0.5038 
        D093  5 0.0360 0.0282 0.0269 0.0377 0.0306 0.7202 0.0746 0.0458 
        D154  5 0.0420 0.2229 0.0732 0.2257 0.0675 0.0702 0.2638 0.0347 
        D168  5 0.1594 0.2457 0.1138 0.1816 0.0535 0.0183 0.1351 0.0927 
        D189  5 0.0387 0.0442 0.0397 0.1512 0.0539 0.3823 0.2348 0.0552 
        D190  5 0.0244 0.0260 0.0451 0.0301 0.0480 0.7592 0.0318 0.0353 
     D237220  5 0.1950 0.0246 0.1429 0.1019 0.0847 0.0930 0.3289 0.0289 
     D237221  5 0.0481 0.1248 0.0688 0.0823 0.0674 0.2334 0.3081 0.0670 
     D237274  5 0.0389 0.0633 0.0775 0.0914 0.1580 0.0182 0.0257 0.5269 
     D237275  5 0.0205 0.6515 0.0515 0.1102 0.0231 0.0307 0.0899 0.0226 
     D237276  5 0.1671 0.0442 0.2256 0.0917 0.0792 0.1709 0.0602 0.1612 
     D237277  5 0.0248 0.0619 0.0477 0.0459 0.0778 0.5190 0.1943 0.0286 
     D237278  5 0.0547 0.3599 0.1077 0.0825 0.0852 0.2186 0.0435 0.0478 
     D237279  5 0.1710 0.0413 0.2513 0.3401 0.0611 0.0197 0.0776 0.0379 
     D237280  5 0.1276 0.0214 0.5475 0.0778 0.0284 0.0569 0.0372 0.1032 
     D237281  5 0.0259 0.2374 0.0294 0.1214 0.0292 0.0332 0.4723 0.0511 
     D237351  5 0.0385 0.0242 0.7262 0.0469 0.0255 0.0646 0.0446 0.0294 
     D237352  5 0.3306 0.1060 0.0696 0.0753 0.2290 0.0700 0.0421 0.0775 
     D237353  5 0.0202 0.0161 0.1006 0.0267 0.0364 0.6768 0.1009 0.0223 
     D237359  5 0.1363 0.0271 0.0442 0.1833 0.0668 0.0430 0.4685 0.0309 
     D237361  5 0.0171 0.0194 0.0416 0.0253 0.0174 0.8196 0.0360 0.0236 
     D237362  5 0.0605 0.0645 0.1106 0.1480 0.0612 0.1464 0.1368 0.2719 
     D237363  5 0.0410 0.1580 0.0517 0.5666 0.0240 0.0514 0.0697 0.0377 
     D237364  5 0.1881 0.1648 0.0678 0.1702 0.1514 0.0180 0.1497 0.0900 
     D237376  5 0.0213 0.0449 0.0368 0.1115 0.5236 0.2001 0.0496 0.0123 
     D237377  5 0.0481 0.0592 0.3880 0.0839 0.0492 0.1088 0.0659 0.1968 
     D237378  5 0.0609 0.0801 0.0352 0.0630 0.1517 0.4642 0.1283 0.0166 
     D237379  5 0.0552 0.0415 0.0284 0.1440 0.3902 0.2452 0.0640 0.0314 
     D237380  5 0.0549 0.0190 0.6456 0.0333 0.1406 0.0565 0.0185 0.0317 
     D237381  5 0.1931 0.0983 0.3640 0.0843 0.0870 0.0926 0.0439 0.0368 
     D237391  5 0.0220 0.0191 0.0217 0.0274 0.0183 0.7249 0.1396 0.0270 
     D237392  5 0.0529 0.2449 0.0920 0.1260 0.1158 0.0308 0.0316 0.3061 
     D237393  5 0.0493 0.0675 0.2317 0.0400 0.0378 0.1884 0.0482 0.3372 
     D237394  5 0.0195 0.0109 0.0235 0.0163 0.0230 0.8628 0.0205 0.0235 
     D237395  5 0.0708 0.0726 0.0935 0.1875 0.0349 0.2666 0.2350 0.0389 
     D237396  5 0.0826 0.0821 0.0652 0.0809 0.0435 0.1893 0.0901 0.3664 
     D244016  5 0.0280 0.0709 0.0496 0.2346 0.1927 0.2496 0.1405 0.0340 
     D244018  5 0.0821 0.3548 0.0416 0.0713 0.0271 0.2165 0.1148 0.0917 
     D244019  5 0.0383 0.1296 0.0685 0.2644 0.1095 0.0534 0.1711 0.1652 
        D279  5 0.0328 0.0493 0.0425 0.0887 0.0768 0.0513 0.6302 0.0285 
        D280  5 0.0759 0.0634 0.1201 0.1842 0.0238 0.2029 0.2495 0.0802 
        D281  5 0.0173 0.1153 0.0210 0.1403 0.0245 0.0734 0.5817 0.0266 
        D283  5 0.0341 0.0447 0.0679 0.0658 0.0260 0.4877 0.1278 0.1459 
        D284  5 0.2775 0.0585 0.0815 0.3049 0.0764 0.0312 0.1011 0.0689 
        D285  5 0.0331 0.0229 0.0591 0.0875 0.0557 0.3793 0.3146 0.0479 
        D286  5 0.1140 0.0336 0.0691 0.1387 0.1997 0.2075 0.1356 0.1018 
        D287  5 0.0662 0.0251 0.0634 0.1574 0.4828 0.1395 0.0481 0.0175 
        D288  5 0.0507 0.0522 0.1057 0.1139 0.0286 0.0947 0.3022 0.2520 
        D308  5 0.0258 0.0208 0.7746 0.0357 0.0213 0.0278 0.0247 0.0692 
        D309  5 0.0314 0.0173 0.0226 0.0369 0.8208 0.0202 0.0141 0.0367 
        D310  5 0.0135 0.0135 0.0300 0.0796 0.0206 0.7703 0.0525 0.0198 
        D311  5 0.0637 0.0430 0.0458 0.1893 0.2213 0.1245 0.0717 0.2406 
        D312  5 0.0898 0.0682 0.0508 0.1205 0.2812 0.2007 0.0926 0.0963 
        D313  5 0.3261 0.0118 0.5816 0.0192 0.0124 0.0213 0.0140 0.0136 
        D314  5 0.1011 0.0853 0.1553 0.1823 0.1267 0.1002 0.2153 0.0336 
        D315  5 0.0822 0.0726 0.1646 0.1276 0.0590 0.2323 0.0599 0.2019 
        D317  5 0.0224 0.0153 0.0217 0.0258 0.0183 0.8028 0.0399 0.0538 
        D318  5 0.1359 0.1452 0.0544 0.2916 0.1540 0.0694 0.0585 0.0908 
        D319  5 0.0189 0.0160 0.0863 0.0235 0.0214 0.7677 0.0359 0.0303 
        D320  5 0.0416 0.0187 0.0532 0.0536 0.0852 0.6227 0.0975 0.0275 
        D321  5 0.0228 0.0138 0.6233 0.0268 0.0210 0.0640 0.1369 0.0913 
        D336  5 0.0254 0.0186 0.0238 0.1031 0.1046 0.6781 0.0242 0.0222 
        D337  5 0.0156 0.0188 0.0207 0.0192 0.0314 0.8179 0.0493 0.0271 
        D338  5 0.0789 0.0585 0.0743 0.1574 0.0535 0.2114 0.1796 0.1864 
        D339  5 0.0270 0.0369 0.0691 0.0738 0.0210 0.6234 0.1106 0.0383 
        D347  5 0.0446 0.1484 0.0795 0.2123 0.1329 0.0767 0.0807 0.2249 
        D348  5 0.0174 0.0240 0.0179 0.0471 0.0792 0.7705 0.0176 0.0265 
        D349  5 0.0139 0.0128 0.8704 0.0163 0.0190 0.0283 0.0235 0.0158 
        D350  5 0.0205 0.0201 0.0163 0.0234 0.8596 0.0224 0.0212 0.0165 
        D355  5 0.0230 0.1524 0.0378 0.1749 0.0633 0.0446 0.4091 0.0948 
        D356  5 0.1899 0.0323 0.0556 0.1043 0.0605 0.2565 0.1019 0.1991 
        D357  5 0.0520 0.0728 0.2041 0.2998 0.0849 0.1039 0.1251 0.0574 
        D358  5 0.0977 0.0649 0.0786 0.1174 0.1349 0.3998 0.0674 0.0392 
        D359  5 0.0199 0.0151 0.0644 0.0546 0.0446 0.5662 0.0585 0.1767 
        D360  5 0.1886 0.0257 0.0567 0.0930 0.0407 0.4037 0.1008 0.0907 
        D361  5 0.0216 0.0238 0.8472 0.0215 0.0173 0.0285 0.0182 0.0220 
        D366  5 0.0278 0.4160 0.0266 0.0619 0.0224 0.0285 0.0234 0.3934 
        D367  5 0.0380 0.0181 0.1556 0.0920 0.1339 0.4772 0.0634 0.0218 
        D368  5 0.0326 0.0192 0.3757 0.1426 0.0528 0.2389 0.0615 0.0766 
        D380  5 0.0847 0.0516 0.0537 0.1657 0.4648 0.0370 0.0732 0.0694 
        D381  5 0.0264 0.0297 0.0585 0.0777 0.0416 0.5901 0.1239 0.0521 
        D400  5 0.0587 0.0957 0.0407 0.0774 0.1634 0.2483 0.2196 0.0962 
        D411  5 0.6964 0.0379 0.0480 0.1479 0.0185 0.0125 0.0190 0.0198 
        D412  5 0.0870 0.1626 0.1693 0.2286 0.0479 0.0862 0.0923 0.1261 
        D413  5 0.0593 0.6174 0.0210 0.0860 0.0599 0.0348 0.0481 0.0736 
        D414  5 0.0215 0.0655 0.0254 0.0418 0.7274 0.0171 0.0803 0.0209 
        D420  5 0.1825 0.0219 0.0665 0.1730 0.0215 0.0414 0.4664 0.0269 
        D431  5 0.0754 0.0355 0.1560 0.1859 0.3045 0.0517 0.1761 0.0150 
        D432  5 0.0927 0.0636 0.0706 0.0638 0.0482 0.4959 0.1034 0.0618 
        D433  5 0.0205 0.0346 0.1353 0.0508 0.0328 0.4858 0.1596 0.0807 
        D434  5 0.0591 0.0251 0.1427 0.0859 0.0426 0.4816 0.0869 0.0761 
        D440  5 0.0219 0.0247 0.0370 0.0222 0.8368 0.0207 0.0177 0.0190 
        D447  5 0.1530 0.0938 0.0498 0.3314 0.1225 0.0287 0.0361 0.1847 
        D448  5 0.0335 0.0475 0.0484 0.1005 0.0861 0.5098 0.1109 0.0632 
        D459  5 0.0207 0.3062 0.0270 0.0571 0.0622 0.0405 0.4041 0.0823 
        D460  5 0.0190 0.0189 0.7799 0.0239 0.0230 0.0601 0.0235 0.0516 
        D461  5 0.0225 0.0155 0.0172 0.0257 0.8129 0.0194 0.0230 0.0640 
        D468  5 0.0468 0.0560 0.1628 0.3417 0.0491 0.1358 0.0422 0.1656 
        D469  5 0.0831 0.0298 0.0867 0.0899 0.0830 0.0730 0.0557 0.4988 
        D470  5 0.3116 0.0399 0.0929 0.1735 0.1508 0.0914 0.0502 0.0896 
        D471  5 0.0221 0.0395 0.0415 0.0950 0.0804 0.4744 0.1647 0.0826 
        D472  5 0.0234 0.0735 0.0245 0.0293 0.0154 0.0243 0.0821 0.7275 
        D479  5 0.0245 0.6904 0.0284 0.0418 0.1344 0.0263 0.0214 0.0328 
        D485  5 0.0662 0.0423 0.0351 0.1558 0.5937 0.0416 0.0298 0.0355 
        D486  5 0.1188 0.0643 0.1129 0.4106 0.0709 0.0732 0.0394 0.1100 
        D487  5 0.0549 0.0895 0.0572 0.0772 0.1311 0.1618 0.3985 0.0298 
        D555  5 0.0193 0.0746 0.0288 0.0258 0.0244 0.7526 0.0505 0.0240 
        D556  5 0.0607 0.0329 0.1217 0.0610 0.2587 0.0844 0.3453 0.0352 
        D557  5 0.0159 0.0370 0.0462 0.0259 0.0451 0.7727 0.0276 0.0295 
        D564  5 0.0599 0.0379 0.2621 0.0707 0.2784 0.2164 0.0320 0.0426 
        D594  5 0.0445 0.1776 0.1253 0.2389 0.0973 0.0746 0.0422 0.1996 
        D595  5 0.0584 0.1053 0.0833 0.1243 0.0656 0.2988 0.0930 0.1714 
        D596  5 0.0205 0.0407 0.0367 0.0372 0.0238 0.7842 0.0375 0.0194 
        D597  5 0.0239 0.2295 0.0352 0.0542 0.0732 0.2456 0.2274 0.1109 
        D598  5 0.1305 0.0724 0.0859 0.0541 0.1096 0.3839 0.0819 0.0816 
        D617  5 0.4807 0.2626 0.0454 0.1007 0.0264 0.0163 0.0378 0.0300 
        D618  5 0.0308 0.0491 0.0762 0.0473 0.0608 0.4202 0.2654 0.0502 
        D619  5 0.0230 0.0655 0.5499 0.0512 0.0414 0.1156 0.0377 0.1156 
        D620  5 0.0303 0.7156 0.0311 0.0230 0.0239 0.0439 0.0504 0.0819 
        D628  5 0.0736 0.0250 0.0334 0.0580 0.7233 0.0411 0.0247 0.0209 
        D714  5 0.0371 0.0408 0.0352 0.0884 0.4052 0.0833 0.2938 0.0162 
        D715  5 0.0279 0.0332 0.0322 0.0396 0.0422 0.5595 0.1871 0.0784 
        D716  5 0.0570 0.1302 0.0337 0.2776 0.2150 0.0584 0.1141 0.1140 
        D717  5 0.0947 0.0352 0.0936 0.0738 0.0936 0.1275 0.1815 0.3000 
        D718  5 0.0540 0.0407 0.1174 0.5213 0.0835 0.0922 0.0658 0.0250 
        D769  5 0.5552 0.1218 0.0434 0.1188 0.0542 0.0281 0.0429 0.0357 
        D770  5 0.0341 0.1834 0.0373 0.1295 0.4183 0.0781 0.0827 0.0365 
        D771  5 0.1178 0.2334 0.1038 0.1765 0.1110 0.0631 0.1465 0.0480 
        D772  5 0.0577 0.0229 0.0296 0.0376 0.6955 0.0572 0.0688 0.0307 
        D782  5 0.0452 0.0830 0.1937 0.3020 0.0262 0.0304 0.2903 0.0292 
        D783  5 0.0274 0.1606 0.0327 0.1008 0.4586 0.0912 0.1083 0.0204 
        D784  5 0.0528 0.0431 0.0373 0.0708 0.2212 0.0773 0.2515 0.2459 
        D785  5 0.0376 0.0210 0.1576 0.0564 0.1499 0.4912 0.0431 0.0432 
        D786  5 0.3089 0.1335 0.1013 0.0761 0.1449 0.0213 0.0264 0.1876 
        D821  5 0.0129 0.0133 0.0193 0.0232 0.0267 0.8403 0.0497 0.0145 
        D822  5 0.0278 0.0804 0.0950 0.2411 0.1229 0.1330 0.0934 0.2063 
        D826  5 0.0263 0.0815 0.0774 0.0798 0.0551 0.2343 0.3997 0.0458 
        D827  5 0.1381 0.0871 0.0275 0.2505 0.0905 0.0458 0.0603 0.3004 
        D851  5 0.0754 0.0543 0.0911 0.3181 0.0629 0.1571 0.1375 0.1037 
        D852  5 0.0444 0.0583 0.1126 0.0356 0.2584 0.1119 0.3613 0.0175 
        D853  5 0.0592 0.0498 0.0989 0.1332 0.0491 0.2199 0.3267 0.0632 
        D854  5 0.0595 0.0834 0.1271 0.2800 0.0941 0.0202 0.2397 0.0958 
        D861  5 0.0612 0.1169 0.1085 0.2873 0.0484 0.1366 0.1586 0.0827 
        D862  5 0.0475 0.0344 0.0754 0.1277 0.0968 0.2666 0.0484 0.3033 
        D865  5 0.0283 0.0742 0.1286 0.0511 0.0466 0.5696 0.0787 0.0230 
        D868  5 0.0559 0.0236 0.0443 0.0319 0.0291 0.0644 0.0826 0.6682 
        D869  5 0.6964 0.0482 0.0385 0.0943 0.0149 0.0321 0.0242 0.0514 
        D870  5 0.0539 0.0762 0.0240 0.7392 0.0243 0.0148 0.0227 0.0450 
        D907  5 0.0401 0.0401 0.0949 0.0734 0.0242 0.6593 0.0388 0.0292 
        D908  5 0.0266 0.1160 0.1404 0.0489 0.1795 0.1534 0.3134 0.0219 
        D910  5 0.0308 0.1238 0.0466 0.0705 0.0595 0.2521 0.3142 0.1026 
        D911  5 0.0203 0.0627 0.0290 0.0787 0.0241 0.0378 0.6825 0.0648 
        D934  5 0.0385 0.1349 0.0515 0.1605 0.2693 0.0295 0.2743 0.0415 
        D946  5 0.0484 0.0505 0.1786 0.0858 0.4547 0.0376 0.1237 0.0208 
        D947  5 0.0727 0.0304 0.0700 0.1540 0.2157 0.0349 0.3086 0.1138 
