        D174  1 0.1494 0.0661 0.7484 0.0361 
        D199  1 0.0804 0.3740 0.2534 0.2922 
        D203  1 0.2379 0.3798 0.0994 0.2828 
        D204  1 0.0318 0.8922 0.0372 0.0388 
     D237366  1 0.4523 0.2323 0.1490 0.1664 
     D237367  1 0.4271 0.3994 0.0804 0.0931 
     D237368  1 0.4856 0.3109 0.0895 0.1141 
     D244101  1 0.0422 0.7282 0.0435 0.1861 
     D244102  1 0.2507 0.2201 0.3654 0.1637 
     D244103  1 0.4385 0.3812 0.1148 0.0655 
     D244104  1 0.0760 0.7220 0.1259 0.0761 
     D244105  1 0.6924 0.2028 0.0443 0.0605 
     D244106  1 0.0613 0.0918 0.6195 0.2273 
     D244107  1 0.6351 0.2430 0.0296 0.0923 
     D244108  1 0.1833 0.1690 0.5763 0.0713 
     D244113  1 0.0328 0.0374 0.8930 0.0368 
     D244114  1 0.1508 0.2960 0.2439 0.3093 
     D244115  1 0.2053 0.1987 0.5302 0.0658 
     D267365  1 0.0840 0.4238 0.3935 0.0988 
        D404  1 0.0559 0.0498 0.8403 0.0540 
        D405  1 0.1188 0.1721 0.5545 0.1546 
        D406  1 0.8194 0.1024 0.0560 0.0222 
        D407  1 0.2905 0.5248 0.0742 0.1104 
        D408  1 0.0550 0.0806 0.7439 0.1205 
        D409  1 0.4770 0.3941 0.0848 0.0441 
        D410  1 0.8066 0.1144 0.0569 0.0221 
        D421  1 0.0643 0.8011 0.0683 0.0663 
        D422  1 0.8647 0.0792 0.0206 0.0355 
        D423  1 0.8896 0.0527 0.0260 0.0316 
        D424  1 0.1207 0.7922 0.0614 0.0257 
        D425  1 0.0720 0.4533 0.4114 0.0633 
        D426  1 0.4315 0.3057 0.0501 0.2128 
        D427  1 0.0551 0.1702 0.1432 0.6315 
        D428  1 0.1737 0.4210 0.3216 0.0837 
        D429  1 0.0731 0.4535 0.3947 0.0787 
        D430  1 0.1491 0.2402 0.3053 0.3054 
        D491  1 0.0332 0.0881 0.8457 0.0329 
        D492  1 0.2040 0.3299 0.3915 0.0746 
        D537  1 0.1644 0.6740 0.1217 0.0400 
        D538  1 0.3993 0.2339 0.2394 0.1274 
        D539  1 0.2042 0.0889 0.3953 0.3115 
        D540  1 0.2870 0.3590 0.2527 0.1013 
        D541  1 0.0553 0.8814 0.0281 0.0352 
        D551  1 0.1422 0.1278 0.0662 0.6638 
        D552  1 0.3302 0.3409 0.2474 0.0815 
        D553  1 0.0300 0.8935 0.0448 0.0316 
        D615  1 0.2422 0.4183 0.1737 0.1657 
        D616  1 0.3527 0.3359 0.1259 0.1855 
        D621  1 0.5939 0.0867 0.2501 0.0693 
        D622  1 0.7515 0.1023 0.0880 0.0582 
        D623  1 0.0567 0.1131 0.5631 0.2671 
        D624  1 0.0605 0.0648 0.8432 0.0314 
        D625  1 0.1431 0.6999 0.1246 0.0324 
        D626  1 0.2061 0.1273 0.5839 0.0827 
        D627  1 0.3956 0.4088 0.0553 0.1403 
        D690  1 0.0963 0.7919 0.0897 0.0221 
        D691  1 0.7455 0.1533 0.0552 0.0460 
        D710  1 0.1244 0.6088 0.2000 0.0667 
        D711  1 0.0750 0.7839 0.0927 0.0485 
        D712  1 0.0660 0.0692 0.7905 0.0743 
        D713  1 0.1047 0.1985 0.6528 0.0440 
        D746  1 0.8267 0.1009 0.0413 0.0311 
        D747  1 0.0352 0.8847 0.0356 0.0445 
        D748  1 0.3969 0.4412 0.1212 0.0407 
        D749  1 0.5628 0.0737 0.2292 0.1344 
        D750  1 0.0932 0.2584 0.6045 0.0439 
        D763  1 0.1388 0.3929 0.0676 0.4007 
        D764  1 0.2032 0.4737 0.2923 0.0308 
        D765  1 0.6804 0.0684 0.2054 0.0459 
        D766  1 0.4691 0.3384 0.1599 0.0326 
        D767  1 0.3393 0.3824 0.1357 0.1426 
        D768  1 0.0591 0.8738 0.0333 0.0338 
        D811  1 0.0766 0.0424 0.8365 0.0445 
        D816  1 0.0572 0.7942 0.1189 0.0297 
        D825  1 0.2059 0.1450 0.6046 0.0445 
        D866  1 0.0664 0.0876 0.3462 0.4998 
        D867  1 0.8418 0.0563 0.0511 0.0508 
        D871  1 0.4421 0.4181 0.0885 0.0512 
        D872  1 0.2375 0.5758 0.1358 0.0509 
        D873  1 0.9283 0.0188 0.0326 0.0203 
        D874  1 0.0350 0.5072 0.3597 0.0982 
        D875  1 0.6329 0.2972 0.0436 0.0263 
        D876  1 0.0826 0.7157 0.1660 0.0357 
        D877  1 0.0366 0.0877 0.8277 0.0479 
        D892  1 0.2184 0.3642 0.3822 0.0353 
        D893  1 0.1840 0.6538 0.0720 0.0902 
        D894  1 0.1040 0.6819 0.1445 0.0695 
        D915  1 0.2613 0.5383 0.1469 0.0535 
        D916  1 0.0569 0.8731 0.0431 0.0269 
        D917  1 0.0653 0.3362 0.4582 0.1403 
        D925  1 0.6986 0.1339 0.1188 0.0488 
        D926  1 0.1231 0.5937 0.2151 0.0681 
        D927  1 0.0783 0.4592 0.0954 0.3671 
        D928  1 0.0340 0.1138 0.8253 0.0269 
        D929  1 0.2174 0.2121 0.4901 0.0803 
        D936  1 0.0614 0.7245 0.0582 0.1560 
        D938  1 0.8634 0.0660 0.0455 0.0251 
        D956  1 0.0701 0.0575 0.7885 0.0839 
        D957  1 0.4303 0.3746 0.1334 0.0617 
        D958  1 0.2831 0.4805 0.2057 0.0307 
        D959  1 0.2957 0.5693 0.0612 0.0738 
        D960  1 0.8591 0.0509 0.0533 0.0367 
        D989  1 0.0499 0.1135 0.6285 0.2082 
        D990  1 0.8556 0.0308 0.0440 0.0696 
        D023  2 0.6193 0.3166 0.0292 0.0349 
        D130  2 0.8260 0.1075 0.0315 0.0351 
        D131  2 0.1337 0.6499 0.0766 0.1398 
        D163  2 0.7708 0.1448 0.0459 0.0385 
        D164  2 0.4896 0.0303 0.0224 0.4577 
        D165  2 0.7349 0.1784 0.0348 0.0518 
        D166  2 0.3730 0.2630 0.1891 0.1750 
        D167  2 0.0247 0.0247 0.0526 0.8980 
        D192  2 0.0204 0.0237 0.0279 0.9280 
        D193  2 0.1394 0.0608 0.7030 0.0968 
        D206  2 0.2484 0.3321 0.1320 0.2875 
        D207  2 0.0802 0.1425 0.0787 0.6987 
        D208  2 0.0658 0.0884 0.4707 0.3752 
        D209  2 0.1635 0.1887 0.0713 0.5765 
        D210  2 0.0580 0.1449 0.3775 0.4195 
     D229599  2 0.1622 0.4097 0.1722 0.2559 
     D229600  2 0.4814 0.0594 0.0537 0.4055 
     D237227  2 0.2329 0.0963 0.5131 0.1577 
     D237228  2 0.4264 0.0548 0.3792 0.1396 
     D237258  2 0.2470 0.1431 0.2215 0.3883 
     D237310  2 0.7362 0.0377 0.1399 0.0862 
     D237311  2 0.6672 0.0395 0.0888 0.2044 
     D237312  2 0.5219 0.0684 0.3556 0.0542 
     D237313  2 0.2366 0.3844 0.2973 0.0816 
     D237322  2 0.1579 0.1026 0.1967 0.5427 
     D237323  2 0.6756 0.0412 0.2008 0.0824 
     D237324  2 0.4417 0.1724 0.0430 0.3429 
     D237325  2 0.5917 0.0841 0.2334 0.0908 
     D237326  2 0.6175 0.1883 0.1435 0.0507 
     D237327  2 0.0968 0.2183 0.0738 0.6110 
     D237337  2 0.7959 0.0657 0.1048 0.0336 
     D237338  2 0.4532 0.1134 0.2295 0.2039 
     D237339  2 0.0546 0.5516 0.0593 0.3345 
     D237340  2 0.3083 0.0400 0.3597 0.2921 
     D237389  2 0.7596 0.0475 0.0999 0.0931 
     D237390  2 0.4418 0.1118 0.3765 0.0698 
     D244017  2 0.0777 0.0731 0.4506 0.3985 
     D244112  2 0.1379 0.0296 0.0409 0.7917 
     D244118  2 0.2817 0.0378 0.0364 0.6441 
     D244119  2 0.0464 0.0373 0.4970 0.4193 
     D244120  2 0.0731 0.0322 0.2578 0.6370 
     D244122  2 0.0854 0.0592 0.1247 0.7307 
        D291  2 0.1741 0.1616 0.1133 0.5510 
        D292  2 0.0633 0.3156 0.1475 0.4735 
        D293  2 0.0222 0.4352 0.0169 0.5257 
        D322  2 0.0651 0.5536 0.0364 0.3449 
        D323  2 0.1256 0.3207 0.2886 0.2650 
        D324  2 0.2081 0.4197 0.1263 0.2460 
        D325  2 0.0310 0.1132 0.0168 0.8389 
        D326  2 0.0228 0.8988 0.0431 0.0353 
        D340  2 0.0323 0.0338 0.0193 0.9146 
        D341  2 0.0578 0.0491 0.0431 0.8501 
        D342  2 0.2585 0.0648 0.0475 0.6292 
        D343  2 0.0175 0.0326 0.0140 0.9359 
        D344  2 0.1252 0.6347 0.1276 0.1126 
        D345  2 0.1706 0.6476 0.1018 0.0799 
        D346  2 0.0613 0.1133 0.6696 0.1558 
        D351  2 0.1566 0.6692 0.0526 0.1215 
        D352  2 0.1854 0.3213 0.2425 0.2508 
        D353  2 0.0391 0.8117 0.0493 0.0998 
        D354  2 0.1358 0.4680 0.3418 0.0544 
        D362  2 0.1185 0.7193 0.1117 0.0504 
        D363  2 0.0811 0.6963 0.1683 0.0543 
        D364  2 0.1067 0.6984 0.1434 0.0515 
        D365  2 0.0198 0.0561 0.0231 0.9009 
        D369  2 0.1633 0.3102 0.2132 0.3134 
        D374  2 0.0348 0.0246 0.9102 0.0304 
        D375  2 0.1979 0.5043 0.2308 0.0670 
        D376  2 0.0545 0.0307 0.8491 0.0657 
        D377  2 0.2698 0.1120 0.5024 0.1158 
        D378  2 0.0696 0.6763 0.0336 0.2205 
        D379  2 0.0429 0.8457 0.0738 0.0377 
        D384  2 0.0265 0.8787 0.0642 0.0305 
        D385  2 0.0323 0.0473 0.0508 0.8695 
        D386  2 0.0797 0.7903 0.0537 0.0763 
        D391  2 0.0311 0.0915 0.0290 0.8484 
        D392  2 0.1131 0.1096 0.0834 0.6939 
        D393  2 0.0788 0.6895 0.0463 0.1854 
        D394  2 0.4351 0.3058 0.1114 0.1478 
        D395  2 0.0721 0.1988 0.0562 0.6728 
        D401  2 0.8416 0.0314 0.0846 0.0424 
        D402  2 0.0309 0.0467 0.0279 0.8945 
        D403  2 0.2471 0.6283 0.0628 0.0618 
        D415  2 0.1281 0.8126 0.0280 0.0313 
        D435  2 0.1099 0.5992 0.0240 0.2669 
        D436  2 0.1091 0.5456 0.2573 0.0881 
        D438  2 0.0328 0.0263 0.0375 0.9034 
        D439  2 0.1700 0.6147 0.0441 0.1711 
        D449  2 0.0802 0.2381 0.0345 0.6472 
        D450  2 0.1391 0.2978 0.4761 0.0869 
        D456  2 0.0268 0.9243 0.0269 0.0220 
        D462  2 0.0294 0.1224 0.0222 0.8260 
        D463  2 0.0243 0.9130 0.0423 0.0204 
        D464  2 0.0660 0.6151 0.1779 0.1410 
        D465  2 0.2203 0.3804 0.0606 0.3387 
        D473  2 0.1224 0.0587 0.7491 0.0698 
        D474  2 0.0997 0.5991 0.0816 0.2196 
        D476  2 0.5492 0.2201 0.0296 0.2010 
        D477  2 0.0785 0.6798 0.1484 0.0933 
        D478  2 0.2468 0.2167 0.4330 0.1036 
        D480  2 0.0455 0.5791 0.1234 0.2521 
        D481  2 0.1697 0.5452 0.1566 0.1285 
        D482  2 0.1847 0.1132 0.3650 0.3371 
        D483  2 0.0334 0.0316 0.0572 0.8778 
        D484  2 0.1088 0.1943 0.3061 0.3908 
        D510  2 0.0388 0.0378 0.8389 0.0845 
        D511  2 0.1043 0.7049 0.0481 0.1426 
        D512  2 0.7017 0.0782 0.0504 0.1697 
        D513  2 0.1358 0.1889 0.1190 0.5563 
        D635  2 0.2257 0.6672 0.0592 0.0479 
        D636  2 0.8772 0.0571 0.0429 0.0227 
        D637  2 0.1262 0.1683 0.2602 0.4453 
        D658  2 0.0697 0.0520 0.1959 0.6824 
        D659  2 0.0727 0.8198 0.0503 0.0572 
        D677  2 0.3296 0.3903 0.0895 0.1906 
        D678  2 0.0932 0.0581 0.0605 0.7882 
        D679  2 0.0751 0.6315 0.1258 0.1677 
        D719  2 0.0371 0.3698 0.3306 0.2625 
        D720  2 0.0826 0.6761 0.1838 0.0574 
        D721  2 0.4727 0.3020 0.0622 0.1631 
        D722  2 0.0463 0.0401 0.8499 0.0637 
        D734  2 0.0342 0.2225 0.4177 0.3256 
        D735  2 0.1470 0.5484 0.1665 0.1381 
        D736  2 0.1007 0.1768 0.4603 0.2623 
        D737  2 0.0938 0.0864 0.0947 0.7251 
        D807  2 0.0927 0.2978 0.4107 0.1988 
        D808  2 0.4244 0.2851 0.0560 0.2345 
        D817  2 0.1105 0.4804 0.3398 0.0693 
        D818  2 0.1637 0.2655 0.0635 0.5074 
        D819  2 0.2758 0.4537 0.1808 0.0897 
        D820  2 0.0358 0.8704 0.0381 0.0556 
        D895  2 0.1687 0.6800 0.0771 0.0742 
        D896  2 0.8569 0.0360 0.0846 0.0225 
        D897  2 0.1106 0.0759 0.0728 0.7407 
        D898  2 0.2658 0.2876 0.2982 0.1484 
        D918  2 0.4418 0.1366 0.1501 0.2715 
        D919  2 0.0677 0.6004 0.0445 0.2875 
        D920  2 0.8582 0.0368 0.0572 0.0478 
        D923  2 0.0381 0.8871 0.0407 0.0341 
        D930  2 0.1367 0.4637 0.3092 0.0903 
        D931  2 0.0793 0.5657 0.1441 0.2108 
        D968  2 0.0239 0.0504 0.0204 0.9053 
        D969  2 0.0490 0.5190 0.0740 0.3580 
        D977  2 0.0782 0.0856 0.0346 0.8015 
        D978  2 0.0855 0.1568 0.1198 0.6378 
        D211  3 0.7113 0.1329 0.0777 0.0782 
     D229639  3 0.0484 0.0716 0.1276 0.7525 
     D237212  3 0.1916 0.3595 0.0839 0.3650 
     D237213  3 0.4713 0.3039 0.1149 0.1099 
     D237214  3 0.7144 0.1516 0.0969 0.0372 
     D237215  3 0.0400 0.0247 0.1454 0.7899 
     D237216  3 0.4330 0.2377 0.0989 0.2305 
     D237217  3 0.6848 0.2268 0.0267 0.0618 
     D237218  3 0.1191 0.2694 0.0597 0.5517 
     D237219  3 0.5157 0.0760 0.2563 0.1520 
     D237382  3 0.2570 0.2697 0.3727 0.1005 
     D244127  3 0.7078 0.0816 0.0449 0.1657 
     D244129  3 0.3303 0.4050 0.1186 0.1461 
     D244133  3 0.1984 0.1194 0.5237 0.1585 
     D244134  3 0.1552 0.0882 0.3341 0.4224 
     D244135  3 0.7535 0.1054 0.0520 0.0890 
     D244136  3 0.1019 0.2302 0.5371 0.1309 
        D416  3 0.2230 0.3898 0.0851 0.3021 
        D417  3 0.1108 0.7922 0.0658 0.0312 
        D419  3 0.3038 0.2952 0.1687 0.2324 
        D565  3 0.0332 0.0689 0.8536 0.0443 
        D566  3 0.0649 0.1023 0.4090 0.4238 
        D567  3 0.1794 0.7216 0.0586 0.0404 
        D568  3 0.2483 0.4479 0.0434 0.2604 
        D569  3 0.1801 0.2650 0.1295 0.4254 
        D573  3 0.0457 0.2306 0.0354 0.6884 
        D574  3 0.1154 0.0766 0.7087 0.0993 
        D575  3 0.2792 0.1875 0.3745 0.1588 
        D576  3 0.0383 0.0174 0.0870 0.8573 
        D577  3 0.1375 0.6646 0.1383 0.0596 
        D578  3 0.9018 0.0325 0.0244 0.0413 
        D579  3 0.1127 0.3834 0.2842 0.2197 
        D660  3 0.2656 0.0612 0.0694 0.6039 
        D661  3 0.1108 0.0907 0.0434 0.7552 
        D663  3 0.0435 0.0939 0.0584 0.8042 
        D664  3 0.3501 0.0346 0.4158 0.1995 
        D665  3 0.6718 0.0841 0.0455 0.1987 
        D666  3 0.3075 0.1924 0.4035 0.0966 
        D009  4 0.4870 0.3617 0.0811 0.0702 
        D057  4 0.2362 0.1914 0.0613 0.5111 
        D109  4 0.7118 0.0982 0.1352 0.0549 
     D237222  4 0.6706 0.0730 0.1927 0.0637 
     D237223  4 0.5266 0.1045 0.2185 0.1504 
     D237224  4 0.0762 0.3853 0.0807 0.4578 
     D237225  4 0.3340 0.4328 0.1197 0.1134 
     D237299  4 0.7043 0.1301 0.0792 0.0864 
     D237300  4 0.0437 0.0326 0.1087 0.8151 
     D237306  4 0.1262 0.1428 0.6697 0.0613 
     D237307  4 0.1047 0.2980 0.4653 0.1320 
     D237308  4 0.1147 0.1065 0.1307 0.6481 
     D237309  4 0.3100 0.4836 0.0992 0.1072 
     D237317  4 0.0725 0.2042 0.6776 0.0457 
     D237318  4 0.0338 0.0454 0.0498 0.8710 
     D237319  4 0.4772 0.2235 0.1499 0.1494 
     D237320  4 0.4654 0.1725 0.0809 0.2812 
     D237321  4 0.0889 0.0948 0.1070 0.7093 
     D237397  4 0.2493 0.1211 0.3254 0.3041 
     D237398  4 0.0906 0.2110 0.0381 0.6604 
     D237399  4 0.1998 0.2672 0.2957 0.2373 
     D244001  4 0.6532 0.1097 0.0787 0.1584 
        D289  4 0.0944 0.3734 0.2706 0.2616 
        D290  4 0.1749 0.3244 0.2247 0.2760 
        D294  4 0.1437 0.5005 0.1645 0.1912 
        D295  4 0.2085 0.4848 0.2264 0.0804 
        D301  4 0.7277 0.0389 0.0935 0.1398 
        D302  4 0.0439 0.8419 0.0684 0.0458 
        D303  4 0.0856 0.1035 0.6999 0.1110 
        D304  4 0.0848 0.2270 0.3654 0.3228 
        D305  4 0.1764 0.3094 0.0378 0.4764 
        D306  4 0.1313 0.3130 0.4320 0.1237 
        D307  4 0.7806 0.0395 0.1039 0.0760 
        D327  4 0.0763 0.6725 0.1526 0.0986 
        D328  4 0.0994 0.0937 0.7368 0.0701 
        D329  4 0.1676 0.3365 0.0953 0.4006 
        D330  4 0.3224 0.5511 0.0641 0.0623 
        D331  4 0.2059 0.2450 0.2783 0.2707 
        D333  4 0.1964 0.2012 0.3718 0.2306 
        D334  4 0.0956 0.1770 0.6666 0.0608 
        D335  4 0.0527 0.7321 0.1106 0.1046 
        D370  4 0.2159 0.1091 0.5971 0.0779 
        D371  4 0.0311 0.1119 0.8010 0.0560 
        D372  4 0.0567 0.0282 0.0753 0.8399 
        D373  4 0.6475 0.0749 0.0394 0.2382 
        D455  4 0.7364 0.0883 0.0571 0.1182 
        D490  4 0.9067 0.0325 0.0385 0.0223 
        D497  4 0.8515 0.0481 0.0452 0.0552 
        D498  4 0.2520 0.1376 0.3998 0.2107 
        D499  4 0.0781 0.1324 0.2478 0.5418 
        D514  4 0.1030 0.7377 0.0825 0.0768 
        D515  4 0.6769 0.1385 0.1289 0.0557 
        D516  4 0.3320 0.2376 0.2529 0.1775 
        D517  4 0.7002 0.1171 0.0383 0.1444 
        D518  4 0.2749 0.2764 0.2341 0.2146 
        D519  4 0.6579 0.1364 0.0582 0.1475 
        D560  4 0.5233 0.2216 0.0492 0.2059 
        D561  4 0.4857 0.4161 0.0306 0.0676 
        D562  4 0.3002 0.2499 0.2282 0.2217 
        D563  4 0.1220 0.2274 0.0434 0.6072 
        D572  4 0.1334 0.5717 0.1531 0.1418 
        D629  4 0.2646 0.5345 0.1203 0.0806 
        D630  4 0.2438 0.3495 0.2525 0.1542 
        D631  4 0.1008 0.2379 0.1192 0.5420 
        D632  4 0.5273 0.1962 0.0643 0.2122 
        D646  4 0.4112 0.4147 0.0608 0.1134 
        D647  4 0.2212 0.6570 0.0363 0.0855 
        D648  4 0.0644 0.0601 0.8048 0.0708 
        D649  4 0.2292 0.6566 0.0636 0.0506 
        D650  4 0.2652 0.3176 0.3093 0.1079 
        D708  4 0.1078 0.1265 0.6635 0.1022 
        D709  4 0.1884 0.2292 0.4687 0.1136 
        D738  4 0.1908 0.1370 0.6141 0.0581 
        D739  4 0.5168 0.1644 0.1551 0.1637 
        D740  4 0.3067 0.1338 0.2002 0.3593 
        D741  4 0.3735 0.3449 0.0469 0.2348 
        D742  4 0.1098 0.1154 0.1438 0.6310 
        D743  4 0.0539 0.7669 0.0818 0.0974 
        D744  4 0.0804 0.6353 0.0817 0.2027 
        D745  4 0.7964 0.0806 0.0602 0.0628 
        D814  4 0.1226 0.1243 0.0558 0.6973 
        D815  4 0.0868 0.6438 0.1738 0.0956 
        D828  4 0.0739 0.0336 0.6587 0.2338 
        D845  4 0.0292 0.0442 0.0640 0.8626 
        D846  4 0.1453 0.5045 0.0403 0.3099 
        D847  4 0.2818 0.3543 0.1681 0.1957 
        D848  4 0.5666 0.0459 0.0339 0.3537 
        D849  4 0.7378 0.1087 0.0621 0.0914 
        D850  4 0.2779 0.3370 0.1828 0.2023 
        D856  4 0.5031 0.2393 0.1659 0.0917 
        D857  4 0.8219 0.0244 0.0748 0.0789 
        D859  4 0.0895 0.3454 0.1885 0.3766 
        D860  4 0.0432 0.2506 0.3954 0.3108 
        D883  4 0.2587 0.3423 0.3315 0.0675 
        D884  4 0.3751 0.1592 0.4100 0.0556 
        D885  4 0.2075 0.2454 0.0678 0.4793 
        D886  4 0.5012 0.3057 0.0839 0.1092 
        D887  4 0.1279 0.2584 0.1500 0.4637 
        D889  4 0.0466 0.2431 0.1630 0.5474 
        D890  4 0.1404 0.1126 0.6673 0.0797 
        D891  4 0.0181 0.0296 0.0216 0.9307 
        D899  4 0.0447 0.1185 0.2076 0.6293 
        D900  4 0.2115 0.4622 0.1763 0.1500 
        D970  4 0.1210 0.5269 0.1527 0.1994 
        D971  4 0.1054 0.1906 0.1190 0.5850 
        D979  4 0.0418 0.7535 0.1136 0.0912 
        D093  5 0.0694 0.0901 0.7629 0.0776 
        D154  5 0.0857 0.0812 0.2336 0.5995 
        D168  5 0.2885 0.1645 0.0763 0.4707 
        D189  5 0.0691 0.0821 0.5580 0.2908 
        D190  5 0.0442 0.0607 0.8371 0.0580 
     D237220  5 0.4998 0.1408 0.1460 0.2134 
     D237221  5 0.0930 0.1659 0.4635 0.2776 
     D237274  5 0.0691 0.8256 0.0631 0.0422 
     D237275  5 0.0532 0.0422 0.0740 0.8305 
     D237276  5 0.2327 0.2010 0.4717 0.0945 
     D237277  5 0.0482 0.0917 0.6083 0.2518 
     D237278  5 0.1963 0.0860 0.2279 0.4899 
     D237279  5 0.7673 0.1393 0.0407 0.0527 
     D237280  5 0.4339 0.3455 0.1574 0.0631 
     D237281  5 0.0279 0.0732 0.0313 0.8675 
     D237351  5 0.6674 0.0474 0.2231 0.0621 
     D237352  5 0.3899 0.3100 0.1822 0.1179 
     D237353  5 0.0313 0.0479 0.8639 0.0569 
     D237359  5 0.3540 0.2177 0.1135 0.3149 
     D237361  5 0.0488 0.0451 0.8709 0.0352 
     D237362  5 0.1354 0.2617 0.4610 0.1419 
     D237363  5 0.2954 0.1866 0.1787 0.3393 
     D237364  5 0.2723 0.2576 0.0573 0.4129 
     D237376  5 0.0426 0.0273 0.8459 0.0842 
     D237377  5 0.3022 0.4914 0.1427 0.0637 
     D237378  5 0.0543 0.0462 0.7556 0.1439 
     D237379  5 0.1060 0.0979 0.6356 0.1605 
     D237380  5 0.6194 0.0994 0.2533 0.0279 
     D237381  5 0.5788 0.1322 0.1698 0.1192 
     D237391  5 0.0685 0.1157 0.7234 0.0923 
     D237392  5 0.0874 0.6777 0.0989 0.1359 
     D237393  5 0.1233 0.4992 0.2689 0.1086 
     D237394  5 0.0391 0.0556 0.8814 0.0240 
     D237395  5 0.1537 0.0820 0.6053 0.1589 
     D237396  5 0.1288 0.6924 0.0800 0.0988 
     D244016  5 0.0962 0.1549 0.5532 0.1958 
     D244018  5 0.1693 0.0988 0.1731 0.5588 
     D244019  5 0.0923 0.4738 0.2222 0.2117 
        D279  5 0.1349 0.1069 0.0870 0.6712 
        D280  5 0.1316 0.2248 0.4343 0.2093 
        D281  5 0.0392 0.0547 0.0854 0.8208 
        D283  5 0.0491 0.2333 0.6106 0.1070 
        D284  5 0.5629 0.1444 0.1377 0.1550 
        D285  5 0.0857 0.2001 0.5607 0.1534 
        D286  5 0.1529 0.2291 0.4620 0.1561 
        D287  5 0.0924 0.0409 0.7913 0.0754 
        D288  5 0.0568 0.2634 0.4285 0.2512 
        D308  5 0.8032 0.1123 0.0560 0.0285 
        D309  5 0.0644 0.8659 0.0380 0.0318 
        D310  5 0.0319 0.0317 0.8770 0.0594 
        D311  5 0.0782 0.1992 0.5962 0.1264 
        D312  5 0.1049 0.2448 0.5472 0.1032 
        D313  5 0.9180 0.0228 0.0407 0.0186 
        D314  5 0.2435 0.0944 0.2620 0.4001 
        D315  5 0.1269 0.2945 0.4927 0.0859 
        D317  5 0.0360 0.0497 0.8744 0.0400 
        D318  5 0.2221 0.3597 0.1940 0.2242 
        D319  5 0.0499 0.0391 0.8377 0.0733 
        D320  5 0.0700 0.0923 0.7643 0.0734 
        D321  5 0.7168 0.0895 0.0951 0.0987 
        D336  5 0.0281 0.0474 0.8885 0.0359 
        D337  5 0.0202 0.0368 0.8859 0.0571 
        D338  5 0.2662 0.2520 0.1905 0.2913 
        D339  5 0.0766 0.0522 0.7458 0.1255 
        D347  5 0.0623 0.4036 0.3274 0.2067 
        D348  5 0.0290 0.0602 0.8493 0.0615 
        D349  5 0.7982 0.0446 0.1082 0.0490 
        D350  5 0.0719 0.7470 0.0637 0.1175 
        D355  5 0.0435 0.3191 0.0641 0.5733 
        D356  5 0.1308 0.2819 0.5194 0.0680 
        D357  5 0.1980 0.1860 0.4800 0.1360 
        D358  5 0.1178 0.2230 0.5552 0.1040 
        D359  5 0.0460 0.3276 0.5923 0.0341 
        D360  5 0.1124 0.1611 0.6690 0.0575 
        D361  5 0.8670 0.0416 0.0583 0.0331 
        D366  5 0.1061 0.6070 0.0483 0.2387 
        D367  5 0.0644 0.0476 0.8234 0.0647 
        D368  5 0.2782 0.1505 0.4994 0.0719 
        D380  5 0.1465 0.6807 0.0671 0.1056 
        D381  5 0.0961 0.1140 0.6469 0.1430 
        D400  5 0.0824 0.1391 0.4189 0.3596 
        D411  5 0.9019 0.0274 0.0337 0.0370 
        D412  5 0.2137 0.1886 0.2430 0.3547 
        D413  5 0.0714 0.1258 0.0657 0.7370 
        D414  5 0.0770 0.2417 0.0836 0.5977 
        D420  5 0.4421 0.1174 0.2171 0.2234 
        D431  5 0.1622 0.0522 0.4636 0.3220 
        D432  5 0.1321 0.1142 0.5258 0.2279 
        D433  5 0.0589 0.1106 0.6552 0.1754 
        D434  5 0.1232 0.1619 0.6517 0.0632 
        D440  5 0.0843 0.7647 0.0546 0.0964 
        D447  5 0.1245 0.7479 0.0460 0.0815 
        D448  5 0.0261 0.0621 0.8412 0.0706 
        D459  5 0.0305 0.1068 0.0499 0.8128 
        D460  5 0.7487 0.1162 0.0914 0.0437 
        D461  5 0.0334 0.8726 0.0521 0.0419 
        D468  5 0.1430 0.2099 0.5817 0.0654 
        D469  5 0.2281 0.5296 0.1603 0.0820 
        D470  5 0.3787 0.1487 0.3858 0.0869 
        D471  5 0.0347 0.1027 0.7514 0.1112 
        D472  5 0.0319 0.7065 0.0344 0.2273 
        D479  5 0.0441 0.0637 0.0715 0.8207 
        D485  5 0.1570 0.1465 0.5422 0.1543 
        D486  5 0.2843 0.2042 0.4479 0.0635 
        D487  5 0.0617 0.0580 0.2432 0.6370 
        D555  5 0.0369 0.0447 0.8228 0.0955 
        D556  5 0.0997 0.1062 0.5450 0.2491 
        D557  5 0.0296 0.0617 0.8195 0.0892 
        D564  5 0.1859 0.1922 0.5342 0.0877 
        D594  5 0.1231 0.3345 0.3883 0.1541 
        D595  5 0.0945 0.2427 0.5120 0.1509 
        D596  5 0.0347 0.0413 0.8694 0.0546 
        D597  5 0.0588 0.2265 0.3546 0.3601 
        D598  5 0.1937 0.1814 0.4871 0.1378 
        D617  5 0.7221 0.0521 0.0403 0.1855 
        D618  5 0.0768 0.1300 0.5281 0.2651 
        D619  5 0.2922 0.2921 0.3452 0.0705 
        D620  5 0.0344 0.0645 0.0336 0.8675 
        D628  5 0.2270 0.3136 0.3015 0.1579 
        D714  5 0.0599 0.0515 0.5570 0.3317 
        D715  5 0.0523 0.1735 0.5924 0.1818 
        D716  5 0.0781 0.1963 0.4157 0.3099 
        D717  5 0.1655 0.5272 0.2105 0.0969 
        D718  5 0.3166 0.0609 0.4806 0.1419 
        D769  5 0.6732 0.0647 0.0740 0.1881 
        D770  5 0.0878 0.1148 0.3416 0.4558 
        D771  5 0.1572 0.1371 0.2490 0.4567 
        D772  5 0.0654 0.1639 0.6667 0.1040 
        D782  5 0.5305 0.1427 0.0747 0.2521 
        D783  5 0.0738 0.1019 0.1661 0.6582 
        D784  5 0.0935 0.6801 0.1101 0.1162 
        D785  5 0.0582 0.0745 0.8287 0.0385 
        D786  5 0.5099 0.3327 0.0600 0.0974 
        D821  5 0.0235 0.0274 0.9147 0.0344 
        D822  5 0.0749 0.5153 0.3158 0.0939 
        D826  5 0.0643 0.0999 0.3528 0.4830 
        D827  5 0.0937 0.6773 0.1219 0.1072 
        D851  5 0.2004 0.3564 0.2650 0.1781 
        D852  5 0.1203 0.0948 0.2215 0.5634 
        D853  5 0.1224 0.1725 0.5306 0.1745 
        D854  5 0.1989 0.3313 0.1245 0.3452 
        D861  5 0.2018 0.1662 0.3151 0.3170 
        D862  5 0.0706 0.2551 0.6310 0.0433 
        D865  5 0.0542 0.0471 0.7877 0.1110 
        D868  5 0.0948 0.7327 0.1039 0.0686 
        D869  5 0.8418 0.0574 0.0634 0.0374 
        D870  5 0.5311 0.3793 0.0404 0.0491 
        D907  5 0.0850 0.0497 0.8027 0.0626 
        D908  5 0.0679 0.0528 0.2657 0.6136 
        D910  5 0.0407 0.0993 0.5215 0.3385 
        D911  5 0.0431 0.2348 0.0698 0.6523 
        D934  5 0.0848 0.1596 0.1983 0.5573 
        D946  5 0.1530 0.0788 0.2924 0.4757 
        D947  5 0.1747 0.3807 0.2144 0.2302 
        D948  5 0.7105 0.1032 0.1436 0.0427 
        D949  5 0.7456 0.0862 0.1357 0.0324 
        D950  5 0.0344 0.1865 0.0512 0.7279 
        D951  5 0.1009 0.7328 0.1260 0.0403 
        D952  5 0.0634 0.6347 0.1967 0.1052 
        D953  5 0.0674 0.1334 0.7011 0.0982 
        D954  5 0.0846 0.4870 0.3691 0.0594 
        D961  5 0.1086 0.0758 0.6579 0.1577 
        D962  5 0.0418 0.0909 0.8427 0.0245 
        D963  5 0.0601 0.4525 0.3501 0.1373 
        D964  5 0.3411 0.1512 0.2128 0.2948 
        D965  5 0.1438 0.2349 0.3857 0.2356 
        D966  5 0.0735 0.2701 0.3948 0.2615 
        D967  5 0.2133 0.1327 0.2911 0.3629 
        D991  5 0.3567 0.2296 0.3166 0.0971 
        D502  6 0.4456 0.1203 0.1053 0.3288 
        D503  6 0.3162 0.0678 0.0839 0.5321 
        D504  6 0.1399 0.5491 0.1659 0.1450 
        D505  6 0.1268 0.2192 0.4047 0.2492 
        D506  6 0.0409 0.0472 0.8855 0.0264 
        D507  6 0.2077 0.1617 0.0963 0.5343 
        D508  6 0.1119 0.4832 0.1382 0.2668 
        D529  6 0.3611 0.2185 0.2858 0.1347 
        D530  6 0.1453 0.0546 0.7036 0.0965 
        D531  6 0.1590 0.4016 0.2869 0.1525 
        D532  6 0.0644 0.2684 0.5871 0.0801 
        D534  6 0.7971 0.0999 0.0467 0.0562 
        D535  6 0.1186 0.2283 0.5977 0.0554 
        D536  6 0.1674 0.0441 0.0412 0.7473 
        D554  6 0.1425 0.0781 0.7133 0.0661 
        D587  6 0.0659 0.1381 0.6957 0.1003 
        D588  6 0.1163 0.3980 0.4188 0.0668 
        D589  6 0.1437 0.1079 0.1623 0.5860 
        D590  6 0.0820 0.0664 0.0718 0.7798 
        D591  6 0.2139 0.1793 0.2641 0.3427 
        D592  6 0.7312 0.0677 0.0990 0.1021 
        D593  6 0.0958 0.0407 0.7812 0.0824 
        D682  6 0.0456 0.0557 0.8372 0.0616 
        D683  6 0.1025 0.5679 0.2764 0.0533 
        D684  6 0.4685 0.1510 0.0273 0.3532 
        D685  6 0.3711 0.0803 0.2013 0.3473 
        D686  6 0.0643 0.0744 0.8222 0.0391 
        D724  6 0.2180 0.4887 0.0773 0.2159 
        D725  6 0.1290 0.1125 0.4690 0.2895 
        D726  6 0.0429 0.0503 0.8703 0.0364 
        D727  6 0.1506 0.2958 0.1389 0.4147 
        D728  6 0.0797 0.0862 0.7884 0.0457 
        D729  6 0.5408 0.2837 0.0389 0.1365 
        D730  6 0.3763 0.2440 0.0971 0.2826 
        D731  6 0.0340 0.0260 0.6086 0.3313 
        D732  6 0.1203 0.6250 0.1282 0.1266 
        D733  6 0.2467 0.2782 0.3365 0.1386 
     D237251  7 0.0869 0.0826 0.2171 0.6134 
     D237252  7 0.5087 0.1107 0.0743 0.3063 
     D237253  7 0.0926 0.1117 0.2428 0.5529 
     D237254  7 0.8769 0.0549 0.0246 0.0437 
     D237255  7 0.0396 0.0641 0.0872 0.8091 
     D237256  7 0.0495 0.1837 0.0875 0.6793 
     D237257  7 0.5866 0.1743 0.0966 0.1425 
     D237282  7 0.1277 0.7611 0.0335 0.0777 
     D237283  7 0.8713 0.0257 0.0403 0.0628 
     D237284  7 0.8153 0.1031 0.0391 0.0425 
     D237285  7 0.1042 0.1125 0.5660 0.2173 
     D237286  7 0.1270 0.3466 0.3124 0.2141 
     D237287  7 0.1265 0.2166 0.1099 0.5470 
     D244006  7 0.8760 0.0570 0.0279 0.0391 
     D244007  7 0.1577 0.3317 0.0745 0.4360 
     D244008  7 0.8173 0.0343 0.1008 0.0475 
     D244009  7 0.5694 0.1987 0.1739 0.0579 
     D244010  7 0.5735 0.1414 0.1105 0.1745 
     D244011  7 0.2141 0.1307 0.2759 0.3793 
     D244012  7 0.2714 0.2274 0.0953 0.4059 
     D244013  7 0.0938 0.2131 0.2020 0.4910 
     D244014  7 0.3854 0.1516 0.1021 0.3609 
     D244015  7 0.5488 0.2487 0.0799 0.1226 
     D244125  7 0.0783 0.2600 0.2655 0.3963 
     D244126  7 0.9109 0.0308 0.0202 0.0381 
     D244130  7 0.4480 0.1709 0.1978 0.1833 
     D244131  7 0.2007 0.3757 0.3037 0.1198 
     D244132  7 0.0813 0.3597 0.5003 0.0587 
        D520  7 0.4060 0.1139 0.4142 0.0659 
        D521  7 0.3150 0.3086 0.2092 0.1671 
        D522  7 0.5444 0.2642 0.1105 0.0809 
        D523  7 0.0845 0.0762 0.0925 0.7468 
        D524  7 0.1580 0.1312 0.2485 0.4624 
        D525  7 0.5682 0.0681 0.0543 0.3095 
        D526  7 0.8622 0.0728 0.0270 0.0381 
        D527  7 0.1894 0.4387 0.1440 0.2280 
        D528  7 0.6262 0.3185 0.0318 0.0236 
        D558  7 0.1816 0.5550 0.0616 0.2018 
        D559  7 0.1399 0.5741 0.0330 0.2529 
        D640  7 0.0973 0.1918 0.4394 0.2715 
        D641  7 0.2404 0.0652 0.3912 0.3031 
        D642  7 0.5662 0.1196 0.0943 0.2199 
        D644  7 0.2709 0.1218 0.4431 0.1642 
        D645  7 0.2244 0.1638 0.2170 0.3947 
        D662  7 0.5938 0.2086 0.1662 0.0314 
        D687  7 0.1715 0.2264 0.1606 0.4416 
        D688  7 0.2475 0.5210 0.0567 0.1749 
        D689  7 0.1212 0.2348 0.4577 0.1864 
        D700  7 0.5834 0.3490 0.0240 0.0436 
        D797  7 0.1702 0.3013 0.2751 0.2534 
        D798  7 0.7430 0.1274 0.0867 0.0429 
        D799  7 0.1935 0.1145 0.0697 0.6224 
        D800  7 0.1175 0.7139 0.0393 0.1293 
        D132  8 0.8466 0.0592 0.0607 0.0335 
        D133  8 0.0900 0.0303 0.0231 0.8566 
        D200  8 0.1519 0.1948 0.2196 0.4337 
        D500  8 0.8920 0.0420 0.0424 0.0236 
        D614  8 0.1852 0.1332 0.5972 0.0844 
        D723  8 0.3665 0.4059 0.1019 0.1257 
        D888  8 0.0557 0.0722 0.0534 0.8188 
        D901  8 0.6008 0.0854 0.1624 0.1515 
        D902  8 0.0887 0.0594 0.7784 0.0736 
        D903  8 0.0640 0.5782 0.2438 0.1141 
        D904  8 0.1965 0.5067 0.1703 0.1265 
        D905  8 0.0262 0.0283 0.1283 0.8171 
        D906  8 0.1279 0.2043 0.0425 0.6253 
        D937  8 0.0386 0.0230 0.8686 0.0698 
        D943  8 0.4487 0.2869 0.0734 0.1910 
        D972  8 0.5001 0.2999 0.1045 0.0955 
        D973  8 0.2348 0.6239 0.0924 0.0489 
        D974  8 0.2834 0.1995 0.3308 0.1863 
        D975  8 0.1576 0.2229 0.3380 0.2815 
        D976  8 0.2987 0.1077 0.2611 0.3325 
        D201  9 0.1787 0.2097 0.0790 0.5326 
        D202  9 0.2024 0.0768 0.1758 0.5450 
     D237259  9 0.4078 0.4292 0.0558 0.1072 
     D237260  9 0.2882 0.0379 0.0611 0.6128 
     D237262  9 0.8785 0.0539 0.0401 0.0275 
     D237263  9 0.5992 0.1321 0.0505 0.2182 
     D237264  9 0.4257 0.1493 0.2189 0.2061 
     D237265  9 0.1395 0.0408 0.0667 0.7531 
     D237266  9 0.2630 0.0921 0.0378 0.6070 
     D237267  9 0.3017 0.0919 0.4845 0.1219 
     D237268  9 0.6288 0.1612 0.1473 0.0627 
     D237289  9 0.1250 0.0480 0.3373 0.4896 
     D237290  9 0.0626 0.0418 0.0380 0.8576 
     D237291  9 0.1075 0.0648 0.1053 0.7224 
     D237292  9 0.3227 0.0541 0.0557 0.5675 
     D237293  9 0.3261 0.1777 0.3603 0.1360 
     D237294  9 0.5376 0.0704 0.1123 0.2797 
     D237295  9 0.3083 0.3245 0.3189 0.0484 
     D237296  9 0.2975 0.1392 0.3197 0.2436 
     D237297  9 0.0931 0.0878 0.6712 0.1479 
     D237298  9 0.2696 0.3291 0.0977 0.3036 
     D237341  9 0.1606 0.2363 0.1482 0.4548 
     D237342  9 0.6556 0.0759 0.1593 0.1092 
     D237343  9 0.4113 0.1372 0.0722 0.3793 
     D237344  9 0.1127 0.0865 0.6036 0.1972 
     D237345  9 0.8460 0.0600 0.0281 0.0659 
     D237346  9 0.1444 0.0547 0.2203 0.5806 
     D237347  9 0.1310 0.1314 0.4728 0.2649 
     D237348  9 0.3724 0.1346 0.2675 0.2255 
     D237349  9 0.2812 0.3593 0.0367 0.3229 
     D244109  9 0.2026 0.1637 0.0242 0.6095 
     D244110  9 0.1423 0.1071 0.0503 0.7003 
     D244111  9 0.2395 0.2658 0.1645 0.3302 
     D244128  9 0.8061 0.0663 0.0488 0.0788 
     D244137  9 0.1919 0.6425 0.0737 0.0919 
     D244138  9 0.2011 0.0961 0.2246 0.4782 
        D580  9 0.6691 0.2058 0.0809 0.0441 
        D581  9 0.0838 0.0349 0.0357 0.8456 
        D582  9 0.8956 0.0340 0.0403 0.0300 
        D583  9 0.0937 0.0354 0.0389 0.8319 
        D584  9 0.2709 0.0448 0.6098 0.0744 
        D585  9 0.6664 0.0594 0.0435 0.2307 
        D586  9 0.0628 0.0604 0.0882 0.7886 
        D651  9 0.1300 0.5075 0.2051 0.1574 
        D652  9 0.5328 0.3069 0.0357 0.1246 
        D653  9 0.0970 0.3372 0.0851 0.4807 
        D654  9 0.1899 0.4076 0.0529 0.3495 
        D655  9 0.1116 0.1407 0.4395 0.3082 
        D656  9 0.8224 0.0596 0.0625 0.0554 
        D657  9 0.4289 0.1903 0.1573 0.2235 
        D667  9 0.0616 0.0554 0.7041 0.1788 
        D668  9 0.4799 0.0874 0.1986 0.2342 
        D669  9 0.1829 0.1133 0.0828 0.6210 
        D670  9 0.1367 0.6693 0.1037 0.0904 
        D671  9 0.1087 0.0737 0.0704 0.7472 
        D672  9 0.7340 0.0625 0.0626 0.1409 
        D673  9 0.2684 0.1797 0.3807 0.1712 
        D692  9 0.6800 0.0727 0.0407 0.2066 
        D693  9 0.2559 0.1749 0.4285 0.1407 
        D694  9 0.7936 0.0533 0.0655 0.0877 
        D695  9 0.4973 0.2944 0.1022 0.1061 
        D696  9 0.0253 0.0246 0.9206 0.0296 
        D697  9 0.1120 0.1207 0.6008 0.1665 
        D698  9 0.0953 0.0663 0.3835 0.4549 
        D699  9 0.1250 0.0355 0.7434 0.0961 
        D787  9 0.3561 0.4146 0.0478 0.1815 
        D788  9 0.1072 0.0583 0.8005 0.0340 
        D789  9 0.3609 0.0737 0.3449 0.2205 
        D790  9 0.3174 0.2488 0.1518 0.2820 
        D791  9 0.0900 0.0591 0.1884 0.6626 
        D792  9 0.2005 0.4642 0.0611 0.2741 
        D793  9 0.0707 0.2103 0.5939 0.1250 
        D794  9 0.1017 0.2930 0.4585 0.1468 
        D795  9 0.7101 0.0402 0.1641 0.0857 
        D796  9 0.1422 0.0835 0.1953 0.5791 
        D142 10 0.0743 0.1939 0.5564 0.1754 
        D143 10 0.0732 0.0674 0.1141 0.7452 
        D144 10 0.2435 0.1943 0.4575 0.1047 
        D145 10 0.0581 0.0677 0.0418 0.8324 
        D146 10 0.7006 0.0959 0.1583 0.0452 
        D147 10 0.4042 0.2803 0.1521 0.1634 
        D148 10 0.3689 0.4324 0.1408 0.0579 
        D149 10 0.0660 0.0886 0.0544 0.7910 
        D151 10 0.4821 0.2556 0.0881 0.1742 
        D152 10 0.0337 0.0253 0.0264 0.9146 
        D153 10 0.0962 0.5089 0.3439 0.0510 
        D156 10 0.0621 0.7468 0.0612 0.1298 
        D157 10 0.1910 0.0845 0.6328 0.0918 
        D158 10 0.2241 0.0981 0.3451 0.3327 
        D159 10 0.0356 0.0472 0.0471 0.8701 
        D160 10 0.0413 0.0205 0.2410 0.6972 
        D161 10 0.1623 0.3699 0.3073 0.1604 
        D162 10 0.0412 0.5655 0.1810 0.2123 
        D169 10 0.8075 0.0774 0.0423 0.0728 
        D170 10 0.6959 0.1151 0.1362 0.0528 
        D171 10 0.1186 0.1412 0.6760 0.0642 
        D172 10 0.2380 0.3206 0.1546 0.2868 
        D173 10 0.0625 0.0956 0.0213 0.8205 
        D181 10 0.0727 0.1983 0.5599 0.1692 
        D182 10 0.2361 0.2065 0.0781 0.4793 
        D183 10 0.0904 0.0642 0.7909 0.0545 
        D184 10 0.8450 0.1079 0.0257 0.0213 
        D185 10 0.1987 0.5366 0.1731 0.0916 
        D186 10 0.8350 0.0451 0.0431 0.0767 
        D194 10 0.5985 0.1753 0.1434 0.0828 
        D195 10 0.0733 0.2092 0.2438 0.4738 
        D196 10 0.0450 0.4286 0.1252 0.4012 
        D197 10 0.6751 0.0398 0.0855 0.1996 
        D198 10 0.2604 0.3460 0.3494 0.0442 
     D237226 10 0.2253 0.0797 0.0580 0.6371 
     D237232 10 0.1232 0.0667 0.3778 0.4323 
     D237233 10 0.0990 0.0472 0.1818 0.6720 
     D237234 10 0.1258 0.1837 0.4500 0.2405 
     D237354 10 0.0228 0.0388 0.0384 0.9001 
     D237355 10 0.0735 0.0551 0.0945 0.7770 
     D237356 10 0.1666 0.2023 0.6002 0.0309 
     D237357 10 0.3341 0.1122 0.0870 0.4667 
     D237358 10 0.3841 0.3871 0.0919 0.1369 
     D237369 10 0.7972 0.1153 0.0340 0.0535 
     D237370 10 0.0615 0.0488 0.7854 0.1043 
     D237371 10 0.2083 0.6267 0.0848 0.0802 
     D237372 10 0.3777 0.1329 0.0470 0.4424 
     D237373 10 0.0752 0.1151 0.4847 0.3250 
     D237374 10 0.0465 0.0378 0.1653 0.7504 
     D237375 10 0.2001 0.3453 0.1439 0.3107 
     D237400 10 0.0255 0.0263 0.0317 0.9165 
     D244002 10 0.5473 0.3077 0.0473 0.0977 
     D244003 10 0.0601 0.0254 0.3066 0.6079 
     D244004 10 0.0412 0.0174 0.9047 0.0366 
     D244005 10 0.2589 0.0652 0.0436 0.6322 
     D244020 10 0.1397 0.2561 0.4663 0.1380 
     D244021 10 0.5054 0.1005 0.1192 0.2749 
     D244116 10 0.4813 0.2011 0.1858 0.1318 
     D244117 10 0.0670 0.0599 0.3218 0.5513 
     D244121 10 0.1221 0.0484 0.6048 0.2247 
     D244123 10 0.0933 0.1119 0.4541 0.3407 
     D244124 10 0.3914 0.0424 0.1443 0.4219 
        D332 10 0.0804 0.6864 0.1413 0.0920 
        D570 10 0.0541 0.0886 0.8103 0.0470 
        D602 10 0.0564 0.8385 0.0466 0.0585 
        D603 10 0.1985 0.1181 0.3858 0.2975 
        D604 10 0.0725 0.4054 0.0930 0.4291 
        D605 10 0.1687 0.5712 0.0790 0.1811 
        D606 10 0.5976 0.0589 0.2922 0.0513 
        D607 10 0.0464 0.8563 0.0418 0.0555 
        D608 10 0.0212 0.0615 0.0229 0.8944 
        D609 10 0.0743 0.1808 0.7015 0.0434 
        D610 10 0.1666 0.2282 0.4220 0.1832 
        D611 10 0.0241 0.0284 0.9263 0.0213 
        D613 10 0.0872 0.4867 0.2851 0.1410 
        D633 10 0.1059 0.7534 0.0362 0.1044 
        D634 10 0.1477 0.1011 0.6380 0.1132 
        D638 10 0.0287 0.0331 0.0395 0.8987 
        D681 10 0.2204 0.1147 0.5162 0.1487 
        D754 10 0.4584 0.0587 0.3827 0.1003 
        D755 10 0.0391 0.0246 0.3064 0.6299 
        D756 10 0.1566 0.0675 0.6501 0.1257 
        D757 10 0.2730 0.1756 0.1195 0.4319 
        D758 10 0.2574 0.2367 0.2934 0.2125 
        D759 10 0.0604 0.0632 0.3009 0.5755 
        D760 10 0.1240 0.1449 0.3604 0.3708 
        D761 10 0.0286 0.0226 0.0477 0.9011 
        D762 10 0.0894 0.7073 0.1139 0.0894 
        D775 10 0.0909 0.0342 0.6398 0.2350 
        D776 10 0.0533 0.0311 0.1006 0.8149 
        D777 10 0.1716 0.0608 0.4612 0.3064 
        D778 10 0.2023 0.0363 0.0422 0.7192 
        D779 10 0.2494 0.0741 0.4951 0.1815 
        D780 10 0.0602 0.2117 0.1407 0.5874 
        D781 10 0.1037 0.6331 0.1009 0.1624 
        D858 10 0.8588 0.0325 0.0257 0.0830 
        D933 10 0.0815 0.3436 0.2632 0.3117 
        D038 11 0.1583 0.1691 0.1187 0.5539 
        D063 11 0.0895 0.0881 0.3536 0.4687 
        D155 11 0.1061 0.1468 0.3606 0.3865 
        D175 11 0.3064 0.0798 0.5403 0.0736 
        D176 11 0.0750 0.0426 0.1592 0.7232 
        D205 11 0.1666 0.0539 0.7543 0.0252 
     D237229 11 0.2588 0.3651 0.0464 0.3297 
     D237230 11 0.2797 0.5830 0.0456 0.0917 
     D237231 11 0.0556 0.8100 0.0510 0.0834 
     D237269 11 0.1435 0.3722 0.1055 0.3788 
     D237270 11 0.7401 0.1303 0.0356 0.0940 
     D237271 11 0.1568 0.2069 0.5266 0.1097 
     D237272 11 0.3234 0.5126 0.0553 0.1088 
     D237273 11 0.0663 0.0975 0.5889 0.2473 
     D237301 11 0.0490 0.7099 0.1676 0.0736 
     D237302 11 0.4909 0.1751 0.1030 0.2310 
     D237303 11 0.5697 0.2009 0.0377 0.1917 
     D237304 11 0.2553 0.4038 0.1729 0.1680 
     D237305 11 0.7020 0.0669 0.1159 0.1152 
     D237314 11 0.2068 0.1485 0.3698 0.2749 
     D237315 11 0.6408 0.1860 0.0706 0.1026 
     D237316 11 0.0497 0.7614 0.1497 0.0391 
     D237328 11 0.2684 0.3278 0.3632 0.0406 
     D237329 11 0.3056 0.1105 0.1141 0.4699 
     D237330 11 0.0665 0.0649 0.6435 0.2251 
     D237331 11 0.1070 0.2476 0.4004 0.2450 
     D237332 11 0.1118 0.5000 0.2901 0.0982 
     D237333 11 0.0349 0.0791 0.2919 0.5940 
     D237334 11 0.0603 0.7652 0.1141 0.0604 
     D237335 11 0.2340 0.2997 0.3760 0.0903 
     D237336 11 0.1722 0.1222 0.1623 0.5433 
     D237350 11 0.0669 0.1422 0.6424 0.1485 
     D237383 11 0.3670 0.0746 0.1933 0.3651 
     D237384 11 0.2157 0.6201 0.0795 0.0847 
     D237385 11 0.2337 0.2962 0.2242 0.2459 
     D237386 11 0.1121 0.6140 0.1607 0.1132 
     D237387 11 0.1622 0.6277 0.1681 0.0421 
     D237388 11 0.0473 0.1374 0.7601 0.0551 
        D239 11 0.0795 0.1857 0.4585 0.2764 
        D240 11 0.0883 0.0406 0.0410 0.8301 
        D241 11 0.3669 0.4403 0.0734 0.1194 
        D242 11 0.1103 0.5503 0.1014 0.2380 
        D243 11 0.1479 0.1408 0.4844 0.2269 
        D244 11 0.1363 0.0669 0.7404 0.0564 
