        D174  1 0.1442 0.3484 0.5074 
        D199  1 0.5012 0.1257 0.3731 
        D203  1 0.4147 0.4050 0.1803 
        D204  1 0.8479 0.0862 0.0659 
     D237366  1 0.2499 0.6033 0.1468 
     D237367  1 0.4784 0.4206 0.1010 
     D237368  1 0.3364 0.5259 0.1377 
     D244101  1 0.8887 0.0510 0.0603 
     D244102  1 0.2116 0.4178 0.3707 
     D244103  1 0.6468 0.2481 0.1050 
     D244104  1 0.5280 0.1279 0.3441 
     D244105  1 0.1186 0.8377 0.0437 
     D244106  1 0.1258 0.1156 0.7585 
     D244107  1 0.5089 0.4525 0.0386 
     D244108  1 0.1344 0.4207 0.4449 
     D244113  1 0.0971 0.1309 0.7720 
     D244114  1 0.3849 0.3129 0.3022 
     D244115  1 0.1925 0.3046 0.5030 
     D267365  1 0.2466 0.1266 0.6268 
        D404  1 0.1166 0.1660 0.7174 
        D405  1 0.2062 0.2982 0.4955 
        D406  1 0.0680 0.8818 0.0501 
        D407  1 0.8088 0.1405 0.0506 
        D408  1 0.0616 0.0583 0.8801 
        D409  1 0.6161 0.1765 0.2074 
        D410  1 0.0719 0.8773 0.0508 
        D421  1 0.8636 0.0440 0.0924 
        D422  1 0.1303 0.8360 0.0337 
        D423  1 0.1294 0.8411 0.0296 
        D424  1 0.7536 0.1830 0.0633 
        D425  1 0.4111 0.1470 0.4418 
        D426  1 0.7055 0.1188 0.1757 
        D427  1 0.7216 0.0853 0.1931 
        D428  1 0.4559 0.3068 0.2374 
        D429  1 0.2992 0.1777 0.5231 
        D430  1 0.3307 0.1941 0.4752 
        D491  1 0.0788 0.0584 0.8628 
        D492  1 0.4579 0.2859 0.2562 
        D537  1 0.7193 0.2130 0.0676 
        D538  1 0.2422 0.5208 0.2370 
        D539  1 0.0688 0.2832 0.6480 
        D540  1 0.4194 0.3047 0.2758 
        D541  1 0.8274 0.1081 0.0645 
        D551  1 0.5385 0.2561 0.2054 
        D552  1 0.2052 0.4491 0.3456 
        D553  1 0.8136 0.0702 0.1162 
        D615  1 0.3175 0.4114 0.2711 
        D616  1 0.4410 0.3511 0.2079 
        D621  1 0.0791 0.7612 0.1597 
        D622  1 0.0992 0.8181 0.0827 
        D623  1 0.2637 0.1134 0.6229 
        D624  1 0.1008 0.1275 0.7716 
        D625  1 0.5371 0.3068 0.1561 
        D626  1 0.1209 0.3411 0.5380 
        D627  1 0.7190 0.1054 0.1756 
        D690  1 0.4606 0.3254 0.2139 
        D691  1 0.1243 0.8161 0.0596 
        D710  1 0.5606 0.1339 0.3055 
        D711  1 0.5755 0.2551 0.1693 
        D712  1 0.0672 0.1071 0.8258 
        D713  1 0.3179 0.3300 0.3521 
        D746  1 0.1137 0.8445 0.0418 
        D747  1 0.8267 0.0904 0.0829 
        D748  1 0.3411 0.5721 0.0868 
        D749  1 0.1133 0.7178 0.1690 
        D750  1 0.1673 0.1921 0.6406 
        D763  1 0.6236 0.2004 0.1761 
        D764  1 0.3811 0.3008 0.3181 
        D765  1 0.0546 0.7760 0.1694 
        D766  1 0.2651 0.6456 0.0892 
        D767  1 0.3381 0.5473 0.1146 
        D768  1 0.8925 0.0669 0.0406 
        D811  1 0.0984 0.2099 0.6917 
        D816  1 0.6007 0.1299 0.2694 
        D825  1 0.1420 0.4042 0.4538 
        D866  1 0.1180 0.1211 0.7609 
        D867  1 0.0976 0.8494 0.0531 
        D871  1 0.7046 0.1256 0.1698 
        D872  1 0.3204 0.5732 0.1064 
        D873  1 0.0308 0.9401 0.0291 
        D874  1 0.4700 0.0640 0.4660 
        D875  1 0.5084 0.3860 0.1056 
        D876  1 0.3837 0.3011 0.3152 
        D877  1 0.2016 0.1113 0.6871 
        D892  1 0.2595 0.4955 0.2450 
        D893  1 0.5408 0.3145 0.1447 
        D894  1 0.4716 0.2180 0.3104 
        D915  1 0.4183 0.4478 0.1339 
        D916  1 0.7249 0.1721 0.1030 
        D917  1 0.3620 0.0739 0.5641 
        D925  1 0.0685 0.8148 0.1167 
        D926  1 0.5140 0.2109 0.2751 
        D927  1 0.6452 0.1172 0.2375 
        D928  1 0.1249 0.0784 0.7967 
        D929  1 0.2073 0.4570 0.3357 
        D936  1 0.5915 0.1175 0.2910 
        D938  1 0.0555 0.9004 0.0441 
        D956  1 0.0611 0.1412 0.7977 
        D957  1 0.2176 0.6810 0.1014 
        D958  1 0.3067 0.5489 0.1444 
        D959  1 0.8340 0.1225 0.0435 
        D960  1 0.0530 0.8880 0.0590 
        D989  1 0.1102 0.0707 0.8190 
        D990  1 0.0411 0.8349 0.1239 
        D023  2 0.4015 0.5510 0.0475 
        D130  2 0.0934 0.8704 0.0362 
        D131  2 0.7813 0.1189 0.0998 
        D163  2 0.1212 0.7988 0.0800 
        D164  2 0.2496 0.7171 0.0333 
        D165  2 0.2831 0.6741 0.0428 
        D166  2 0.1993 0.5905 0.2101 
        D167  2 0.4211 0.2411 0.3378 
        D192  2 0.4383 0.2845 0.2772 
        D193  2 0.1040 0.2759 0.6201 
        D206  2 0.6593 0.2494 0.0913 
        D207  2 0.6660 0.1555 0.1785 
        D208  2 0.1009 0.1158 0.7834 
        D209  2 0.5568 0.2844 0.1588 
        D210  2 0.1756 0.1043 0.7201 
     D229599  2 0.3271 0.2073 0.4656 
     D229600  2 0.2013 0.7304 0.0683 
     D237227  2 0.0814 0.1475 0.7711 
     D237228  2 0.0916 0.4830 0.4254 
     D237258  2 0.2568 0.3484 0.3948 
     D237310  2 0.0513 0.8311 0.1176 
     D237311  2 0.1120 0.7877 0.1003 
     D237312  2 0.0863 0.7305 0.1832 
     D237313  2 0.2644 0.3443 0.3913 
     D237322  2 0.1798 0.2094 0.6108 
     D237323  2 0.0455 0.7420 0.2125 
     D237324  2 0.4653 0.4707 0.0639 
     D237325  2 0.1187 0.7163 0.1650 
     D237326  2 0.2467 0.6488 0.1045 
     D237327  2 0.4192 0.1999 0.3809 
     D237337  2 0.0723 0.8337 0.0940 
     D237338  2 0.1950 0.5230 0.2819 
     D237339  2 0.8546 0.0656 0.0798 
     D237340  2 0.1064 0.5377 0.3559 
     D237389  2 0.0828 0.8493 0.0679 
     D237390  2 0.1483 0.6235 0.2282 
     D244017  2 0.1208 0.1221 0.7571 
     D244112  2 0.2321 0.5675 0.2004 
     D244118  2 0.1307 0.7686 0.1007 
     D244119  2 0.1200 0.0752 0.8047 
     D244120  2 0.0957 0.2453 0.6589 
     D244122  2 0.2815 0.4344 0.2841 
        D291  2 0.2847 0.2027 0.5126 
        D292  2 0.2669 0.1427 0.5904 
        D293  2 0.9515 0.0209 0.0276 
        D322  2 0.8809 0.0714 0.0477 
        D323  2 0.5739 0.1504 0.2757 
        D324  2 0.5126 0.1934 0.2940 
        D325  2 0.9425 0.0288 0.0288 
        D326  2 0.8510 0.0502 0.0988 
        D340  2 0.8879 0.0709 0.0411 
        D341  2 0.6859 0.2003 0.1138 
        D342  2 0.2754 0.5678 0.1568 
        D343  2 0.9540 0.0254 0.0206 
        D344  2 0.6443 0.2231 0.1325 
        D345  2 0.3928 0.3729 0.2343 
        D346  2 0.1660 0.0915 0.7425 
        D351  2 0.7511 0.1510 0.0979 
        D352  2 0.5320 0.1802 0.2878 
        D353  2 0.8686 0.0598 0.0716 
        D354  2 0.3474 0.2964 0.3562 
        D362  2 0.6086 0.2136 0.1778 
        D363  2 0.5554 0.1455 0.2991 
        D364  2 0.5322 0.2333 0.2345 
        D365  2 0.9347 0.0293 0.0360 
        D369  2 0.4603 0.1820 0.3577 
        D374  2 0.0524 0.1270 0.8206 
        D375  2 0.4622 0.3382 0.1995 
        D376  2 0.0642 0.1596 0.7762 
        D377  2 0.2323 0.4683 0.2994 
        D378  2 0.8588 0.0819 0.0593 
        D379  2 0.7761 0.1014 0.1225 
        D384  2 0.8373 0.0588 0.1040 
        D385  2 0.8372 0.0673 0.0955 
        D386  2 0.8086 0.1329 0.0585 
        D391  2 0.9167 0.0433 0.0400 
        D392  2 0.6908 0.1948 0.1144 
        D393  2 0.8068 0.0972 0.0960 
        D394  2 0.2655 0.5742 0.1603 
        D395  2 0.8171 0.0847 0.0982 
        D401  2 0.0598 0.8661 0.0741 
        D402  2 0.8027 0.1083 0.0890 
        D403  2 0.5082 0.4135 0.0783 
        D415  2 0.8075 0.1579 0.0346 
        D435  2 0.8368 0.1074 0.0558 
        D436  2 0.5924 0.2234 0.1841 
        D438  2 0.8495 0.0895 0.0610 
        D439  2 0.7616 0.1601 0.0783 
        D449  2 0.8289 0.1109 0.0602 
        D450  2 0.2038 0.2081 0.5881 
        D456  2 0.8834 0.0524 0.0642 
        D462  2 0.9186 0.0449 0.0365 
        D463  2 0.8662 0.0460 0.0878 
        D464  2 0.8043 0.0713 0.1244 
        D465  2 0.8276 0.1129 0.0595 
        D473  2 0.1128 0.2668 0.6204 
        D474  2 0.5313 0.1282 0.3405 
        D476  2 0.3546 0.5949 0.0506 
        D477  2 0.4875 0.1383 0.3742 
        D478  2 0.3123 0.2972 0.3905 
        D480  2 0.7061 0.0829 0.2110 
        D481  2 0.4486 0.2030 0.3485 
        D482  2 0.0990 0.1955 0.7055 
        D483  2 0.4533 0.2455 0.3012 
        D484  2 0.4288 0.2002 0.3710 
        D510  2 0.0493 0.0610 0.8898 
        D511  2 0.8379 0.0865 0.0756 
        D512  2 0.2660 0.6638 0.0703 
        D513  2 0.7330 0.1384 0.1287 
        D635  2 0.7339 0.1883 0.0778 
        D636  2 0.0768 0.8754 0.0479 
        D637  2 0.4182 0.1862 0.3957 
        D658  2 0.2996 0.2945 0.4058 
        D659  2 0.7726 0.0961 0.1313 
        D677  2 0.3943 0.4739 0.1318 
        D678  2 0.3562 0.4005 0.2433 
        D679  2 0.7212 0.0952 0.1835 
        D719  2 0.3705 0.0519 0.5776 
        D720  2 0.7153 0.1132 0.1714 
        D721  2 0.4831 0.4333 0.0836 
        D722  2 0.0896 0.1442 0.7662 
        D734  2 0.2444 0.0479 0.7078 
        D735  2 0.5645 0.2358 0.1996 
        D736  2 0.1690 0.1155 0.7155 
        D737  2 0.1873 0.3507 0.4620 
        D807  2 0.2131 0.1719 0.6150 
        D808  2 0.3547 0.5328 0.1126 
        D817  2 0.4748 0.1876 0.3376 
        D818  2 0.7490 0.1451 0.1058 
        D819  2 0.5295 0.2892 0.1813 
        D820  2 0.8942 0.0424 0.0634 
        D895  2 0.6415 0.2415 0.1171 
        D896  2 0.0504 0.8837 0.0659 
        D897  2 0.5049 0.3118 0.1833 
        D898  2 0.1587 0.2654 0.5760 
        D918  2 0.2763 0.5126 0.2111 
        D919  2 0.8247 0.0832 0.0921 
        D920  2 0.0462 0.8968 0.0570 
        D923  2 0.8244 0.0880 0.0876 
        D930  2 0.5268 0.1790 0.2943 
        D931  2 0.6417 0.1309 0.2274 
        D968  2 0.9032 0.0440 0.0528 
        D969  2 0.5982 0.0980 0.3038 
        D977  2 0.7890 0.1322 0.0788 
        D978  2 0.3781 0.1812 0.4407 
        D211  3 0.1646 0.7410 0.0944 
     D229639  3 0.0649 0.0740 0.8611 
     D237212  3 0.4819 0.2528 0.2653 
     D237213  3 0.3227 0.5766 0.1007 
     D237214  3 0.3142 0.6032 0.0825 
     D237215  3 0.0903 0.0999 0.8098 
     D237216  3 0.4480 0.4294 0.1226 
     D237217  3 0.3065 0.6395 0.0540 
     D237218  3 0.4968 0.2375 0.2657 
     D237219  3 0.0602 0.5412 0.3986 
     D237382  3 0.2976 0.4750 0.2274 
     D244127  3 0.1382 0.7713 0.0905 
     D244129  3 0.4996 0.3229 0.1775 
     D244133  3 0.2282 0.2549 0.5169 
     D244134  3 0.0763 0.1464 0.7773 
     D244135  3 0.3074 0.6426 0.0500 
     D244136  3 0.3097 0.1588 0.5315 
        D416  3 0.5112 0.3227 0.1661 
        D417  3 0.6226 0.3000 0.0774 
        D419  3 0.2237 0.4624 0.3139 
        D565  3 0.0751 0.0638 0.8611 
        D566  3 0.0868 0.0592 0.8540 
        D567  3 0.5706 0.3324 0.0970 
        D568  3 0.4615 0.4534 0.0851 
        D569  3 0.6147 0.2505 0.1348 
        D573  3 0.8190 0.0568 0.1242 
        D574  3 0.1013 0.1305 0.7682 
        D575  3 0.2753 0.3361 0.3886 
        D576  3 0.1508 0.1949 0.6543 
        D577  3 0.5648 0.2615 0.1737 
        D578  3 0.0863 0.8737 0.0400 
        D579  3 0.4075 0.1518 0.4407 
        D660  3 0.3171 0.4614 0.2215 
        D661  3 0.3240 0.2816 0.3944 
        D663  3 0.5238 0.0773 0.3988 
        D664  3 0.0905 0.6121 0.2974 
        D665  3 0.2215 0.7161 0.0623 
        D666  3 0.1547 0.3820 0.4633 
        D009  4 0.2127 0.6837 0.1036 
        D057  4 0.3164 0.4534 0.2302 
        D109  4 0.0897 0.7798 0.1305 
     D237222  4 0.0658 0.8056 0.1286 
     D237223  4 0.1763 0.6828 0.1409 
     D237224  4 0.5242 0.1323 0.3436 
     D237225  4 0.3765 0.4895 0.1340 
     D237299  4 0.1561 0.6514 0.1926 
     D237300  4 0.0508 0.0724 0.8768 
     D237306  4 0.1991 0.3220 0.4789 
     D237307  4 0.3212 0.1792 0.4996 
     D237308  4 0.4217 0.3246 0.2537 
     D237309  4 0.3585 0.4993 0.1422 
     D237317  4 0.2244 0.1580 0.6176 
     D237318  4 0.1662 0.0493 0.7845 
     D237319  4 0.2130 0.6001 0.1869 
     D237320  4 0.3151 0.5391 0.1458 
     D237321  4 0.1181 0.1221 0.7598 
     D237397  4 0.2246 0.3840 0.3914 
     D237398  4 0.5710 0.1236 0.3055 
     D237399  4 0.2039 0.2217 0.5743 
     D244001  4 0.1071 0.8240 0.0688 
        D289  4 0.4550 0.1479 0.3971 
        D290  4 0.2732 0.3393 0.3875 
        D294  4 0.4961 0.2427 0.2613 
        D295  4 0.2959 0.4969 0.2071 
        D301  4 0.0431 0.8447 0.1122 
        D302  4 0.7657 0.1191 0.1152 
        D303  4 0.1113 0.2020 0.6868 
        D304  4 0.1533 0.1247 0.7220 
        D305  4 0.6346 0.3010 0.0644 
        D306  4 0.2364 0.2564 0.5072 
        D307  4 0.0425 0.8327 0.1248 
        D327  4 0.7404 0.0953 0.1644 
        D328  4 0.1427 0.2490 0.6083 
        D329  4 0.2976 0.4758 0.2266 
        D330  4 0.5300 0.4260 0.0440 
        D331  4 0.1897 0.2934 0.5169 
        D333  4 0.1888 0.3985 0.4127 
        D334  4 0.1908 0.2286 0.5805 
        D335  4 0.7723 0.1167 0.1110 
        D370  4 0.1254 0.4025 0.4721 
        D371  4 0.1960 0.0716 0.7324 
        D372  4 0.0769 0.1210 0.8021 
        D373  4 0.1428 0.7502 0.1069 
        D455  4 0.0757 0.8288 0.0955 
        D490  4 0.0362 0.9234 0.0405 
        D497  4 0.0581 0.8629 0.0790 
        D498  4 0.1296 0.3536 0.5167 
        D499  4 0.2985 0.1517 0.5498 
        D514  4 0.6252 0.2250 0.1498 
        D515  4 0.1620 0.7647 0.0732 
        D516  4 0.2781 0.5122 0.2097 
        D517  4 0.1109 0.8039 0.0852 
        D518  4 0.3165 0.4707 0.2129 
        D519  4 0.1968 0.7196 0.0835 
        D560  4 0.2501 0.6685 0.0814 
        D561  4 0.7575 0.1943 0.0482 
        D562  4 0.3397 0.3889 0.2714 
        D563  4 0.7382 0.1691 0.0926 
        D572  4 0.6069 0.2325 0.1607 
        D629  4 0.5294 0.3049 0.1658 
        D630  4 0.3176 0.3782 0.3042 
        D631  4 0.4536 0.2213 0.3251 
        D632  4 0.2376 0.6972 0.0652 
        D646  4 0.4846 0.4544 0.0610 
        D647  4 0.5225 0.4207 0.0568 
        D648  4 0.1754 0.2923 0.5323 
        D649  4 0.4104 0.4897 0.0999 
        D650  4 0.3267 0.3041 0.3692 
        D708  4 0.1382 0.1683 0.6935 
        D709  4 0.1761 0.3431 0.4808 
        D738  4 0.1770 0.3936 0.4294 
        D739  4 0.1741 0.6449 0.1809 
        D740  4 0.1523 0.3745 0.4731 
        D741  4 0.7327 0.2229 0.0443 
        D742  4 0.4439 0.1588 0.3973 
        D743  4 0.7958 0.0760 0.1282 
        D744  4 0.8200 0.1020 0.0780 
        D745  4 0.1272 0.8088 0.0640 
        D814  4 0.5761 0.2935 0.1304 
        D815  4 0.4720 0.2541 0.2739 
        D828  4 0.0554 0.2175 0.7271 
        D845  4 0.1375 0.0514 0.8111 
        D846  4 0.7141 0.2142 0.0717 
        D847  4 0.2777 0.3621 0.3603 
        D848  4 0.1469 0.7209 0.1322 
        D849  4 0.1182 0.8271 0.0547 
        D850  4 0.6216 0.1942 0.1843 
        D856  4 0.2437 0.6040 0.1523 
        D857  4 0.0329 0.9043 0.0628 
        D859  4 0.4002 0.2148 0.3850 
        D860  4 0.2691 0.0627 0.6682 
        D883  4 0.2264 0.4224 0.3512 
        D884  4 0.1990 0.6286 0.1725 
        D885  4 0.7008 0.1936 0.1056 
        D886  4 0.2156 0.6891 0.0953 
        D887  4 0.3503 0.2197 0.4300 
        D889  4 0.1228 0.0846 0.7926 
        D890  4 0.1828 0.3480 0.4692 
        D891  4 0.1068 0.0346 0.8586 
        D899  4 0.2445 0.0810 0.6746 
        D900  4 0.4477 0.2620 0.2903 
        D970  4 0.4894 0.1926 0.3179 
        D971  4 0.7989 0.1217 0.0794 
        D979  4 0.7925 0.0848 0.1227 
        D093  5 0.0760 0.1273 0.7967 
        D154  5 0.4083 0.1753 0.4164 
        D168  5 0.4447 0.4188 0.1365 
        D189  5 0.1043 0.1025 0.7933 
        D190  5 0.0840 0.0797 0.8362 
     D237220  5 0.1597 0.5483 0.2920 
     D237221  5 0.2056 0.1141 0.6802 
     D237274  5 0.8005 0.1295 0.0700 
     D237275  5 0.3630 0.3096 0.3274 
     D237276  5 0.1480 0.5770 0.2751 
     D237277  5 0.0899 0.0820 0.8281 
     D237278  5 0.2644 0.3321 0.4035 
     D237279  5 0.4129 0.5182 0.0688 
     D237280  5 0.1404 0.6739 0.1857 
     D237281  5 0.7150 0.0733 0.2117 
     D237351  5 0.0658 0.7807 0.1535 
     D237352  5 0.3602 0.5230 0.1168 
     D237353  5 0.0386 0.0560 0.9054 
     D237359  5 0.2113 0.4073 0.3814 
     D237361  5 0.0584 0.0642 0.8774 
     D237362  5 0.3903 0.1654 0.4443 
     D237363  5 0.5691 0.1894 0.2415 
     D237364  5 0.5075 0.3800 0.1126 
     D237376  5 0.0702 0.1501 0.7797 
     D237377  5 0.5547 0.2763 0.1690 
     D237378  5 0.0759 0.0844 0.8397 
     D237379  5 0.1710 0.1375 0.6915 
     D237380  5 0.0385 0.8676 0.0938 
     D237381  5 0.1402 0.6858 0.1740 
     D237391  5 0.0889 0.0894 0.8217 
     D237392  5 0.7637 0.1517 0.0846 
     D237393  5 0.3254 0.2193 0.4553 
     D237394  5 0.0762 0.0764 0.8474 
     D237395  5 0.0956 0.3453 0.5590 
     D237396  5 0.7545 0.0932 0.1522 
     D244016  5 0.3474 0.0897 0.5629 
     D244018  5 0.4469 0.1944 0.3587 
     D244019  5 0.5932 0.1154 0.2914 
        D279  5 0.3237 0.2643 0.4120 
        D280  5 0.1455 0.1458 0.7087 
        D281  5 0.3957 0.0817 0.5226 
        D283  5 0.1894 0.0814 0.7292 
        D284  5 0.2067 0.6341 0.1592 
        D285  5 0.1033 0.0810 0.8158 
        D286  5 0.2161 0.3127 0.4712 
        D287  5 0.0580 0.2836 0.6584 
        D288  5 0.2275 0.0907 0.6818 
        D308  5 0.1071 0.8378 0.0551 
        D309  5 0.8362 0.1133 0.0505 
        D310  5 0.0591 0.0656 0.8753 
        D311  5 0.3131 0.1664 0.5205 
        D312  5 0.1887 0.1743 0.6371 
        D313  5 0.0304 0.9331 0.0365 
        D314  5 0.1897 0.4526 0.3577 
        D315  5 0.2010 0.2143 0.5847 
        D317  5 0.0925 0.0836 0.8238 
        D318  5 0.5810 0.1782 0.2408 
        D319  5 0.0519 0.1271 0.8209 
        D320  5 0.0599 0.1075 0.8326 
        D321  5 0.0874 0.6342 0.2783 
        D336  5 0.0896 0.1101 0.8003 
        D337  5 0.0516 0.0401 0.9083 
        D338  5 0.3301 0.3184 0.3515 
        D339  5 0.0712 0.1369 0.7919 
        D347  5 0.3355 0.1464 0.5181 
        D348  5 0.1087 0.0542 0.8372 
        D349  5 0.0548 0.8122 0.1330 
        D350  5 0.7712 0.1389 0.0899 
        D355  5 0.7987 0.0611 0.1402 
        D356  5 0.1624 0.1855 0.6522 
        D357  5 0.1397 0.2196 0.6407 
        D358  5 0.2687 0.1612 0.5702 
        D359  5 0.2672 0.0776 0.6552 
        D360  5 0.1104 0.1806 0.7090 
        D361  5 0.0495 0.8920 0.0585 
        D366  5 0.8952 0.0569 0.0478 
        D367  5 0.0823 0.1869 0.7309 
        D368  5 0.1817 0.3064 0.5119 
        D380  5 0.7663 0.1380 0.0957 
        D381  5 0.1704 0.0821 0.7475 
        D400  5 0.1690 0.1570 0.6740 
        D411  5 0.0683 0.8962 0.0355 
        D412  5 0.2534 0.3280 0.4185 
        D413  5 0.8030 0.1356 0.0614 
        D414  5 0.6649 0.1868 0.1483 
        D420  5 0.1616 0.3571 0.4813 
        D431  5 0.0615 0.2384 0.7000 
        D432  5 0.1274 0.2070 0.6656 
        D433  5 0.0772 0.0965 0.8263 
        D434  5 0.1304 0.1668 0.7028 
        D440  5 0.7848 0.1607 0.0544 
        D447  5 0.8351 0.1106 0.0543 
        D448  5 0.0837 0.0695 0.8468 
        D459  5 0.7343 0.0472 0.2185 
        D460  5 0.1524 0.7303 0.1173 
        D461  5 0.8232 0.0760 0.1009 
        D468  5 0.4380 0.1835 0.3785 
        D469  5 0.4361 0.2887 0.2753 
        D470  5 0.1485 0.6253 0.2262 
        D471  5 0.1047 0.0536 0.8417 
        D472  5 0.8538 0.0588 0.0873 
        D479  5 0.6653 0.2038 0.1309 
        D485  5 0.1964 0.3487 0.4549 
        D486  5 0.3607 0.4091 0.2302 
        D487  5 0.0841 0.1339 0.7820 
        D555  5 0.0824 0.0661 0.8515 
        D556  5 0.0906 0.1225 0.7869 
        D557  5 0.0836 0.0535 0.8629 
        D564  5 0.1508 0.2473 0.6019 
        D594  5 0.5783 0.1651 0.2567 
        D595  5 0.2717 0.1662 0.5621 
        D596  5 0.0525 0.0509 0.8966 
        D597  5 0.4473 0.0770 0.4757 
        D598  5 0.1780 0.3282 0.4938 
        D617  5 0.1227 0.8096 0.0678 
        D618  5 0.1203 0.1282 0.7515 
        D619  5 0.3092 0.3648 0.3260 
        D620  5 0.7787 0.1127 0.1086 
        D628  5 0.2669 0.4941 0.2391 
        D714  5 0.0933 0.0717 0.8350 
        D715  5 0.1215 0.0636 0.8150 
        D716  5 0.3202 0.1407 0.5390 
        D717  5 0.4258 0.2163 0.3579 
        D718  5 0.0668 0.6342 0.2990 
        D769  5 0.1218 0.8081 0.0701 
        D770  5 0.3636 0.1480 0.4884 
        D771  5 0.2209 0.3469 0.4322 
        D772  5 0.1794 0.1301 0.6904 
        D782  5 0.5832 0.2901 0.1266 
        D783  5 0.5605 0.1200 0.3196 
        D784  5 0.6333 0.1436 0.2230 
        D785  5 0.0911 0.1546 0.7543 
        D786  5 0.3092 0.6357 0.0551 
        D821  5 0.0365 0.0323 0.9312 
        D822  5 0.6595 0.1074 0.2330 
        D826  5 0.1726 0.1084 0.7190 
        D827  5 0.8448 0.0906 0.0646 
        D851  5 0.4224 0.2370 0.3405 
        D852  5 0.1088 0.2013 0.6899 
        D853  5 0.1514 0.1846 0.6641 
        D854  5 0.4972 0.2690 0.2338 
        D861  5 0.2871 0.2472 0.4657 
        D862  5 0.4197 0.1379 0.4424 
        D865  5 0.0637 0.0985 0.8377 
        D868  5 0.4598 0.2923 0.2479 
        D869  5 0.1115 0.8291 0.0594 
        D870  5 0.7612 0.1571 0.0817 
        D907  5 0.0633 0.1680 0.7687 
        D908  5 0.0735 0.1305 0.7960 
        D910  5 0.1593 0.0811 0.7596 
        D911  5 0.7047 0.0553 0.2400 
        D934  5 0.3154 0.1170 0.5676 
        D946  5 0.1081 0.2694 0.6225 
        D947  5 0.3274 0.2951 0.3776 
        D948  5 0.0649 0.7827 0.1524 
        D949  5 0.0531 0.8376 0.1093 
        D950  5 0.6573 0.0623 0.2804 
        D951  5 0.8004 0.1125 0.0871 
        D952  5 0.4549 0.1573 0.3878 
        D953  5 0.0650 0.0992 0.8358 
        D954  5 0.4035 0.0745 0.5219 
        D961  5 0.0982 0.4026 0.4992 
        D962  5 0.0965 0.0868 0.8167 
        D963  5 0.4347 0.0944 0.4709 
        D964  5 0.1794 0.3986 0.4219 
        D965  5 0.4362 0.2959 0.2679 
        D966  5 0.2800 0.1103 0.6097 
        D967  5 0.1306 0.2387 0.6307 
        D991  5 0.1599 0.5682 0.2719 
        D502  6 0.3801 0.5153 0.1046 
        D503  6 0.1533 0.5774 0.2694 
        D504  6 0.5774 0.1658 0.2568 
        D505  6 0.3028 0.1635 0.5337 
        D506  6 0.0664 0.0822 0.8515 
        D507  6 0.3789 0.3588 0.2623 
        D508  6 0.4953 0.1893 0.3154 
        D529  6 0.2246 0.3535 0.4219 
        D530  6 0.0962 0.4576 0.4462 
        D531  6 0.4450 0.2285 0.3265 
        D532  6 0.4592 0.1399 0.4008 
        D534  6 0.1269 0.8117 0.0613 
        D535  6 0.3273 0.1943 0.4784 
        D536  6 0.5212 0.3981 0.0807 
        D554  6 0.1619 0.3816 0.4564 
        D587  6 0.1915 0.1159 0.6926 
        D588  6 0.5210 0.0837 0.3953 
        D589  6 0.2274 0.2678 0.5048 
        D590  6 0.6818 0.1866 0.1316 
        D591  6 0.2381 0.1530 0.6089 
        D592  6 0.0911 0.7767 0.1322 
        D593  6 0.1001 0.3665 0.5333 
        D682  6 0.0710 0.0898 0.8392 
        D683  6 0.3839 0.1663 0.4498 
        D684  6 0.4210 0.4872 0.0918 
        D685  6 0.2195 0.3276 0.4529 
        D686  6 0.1552 0.1950 0.6498 
        D724  6 0.4515 0.3851 0.1633 
        D725  6 0.3080 0.2518 0.4402 
        D726  6 0.0644 0.1095 0.8262 
        D727  6 0.7459 0.1355 0.1186 
        D728  6 0.1662 0.1788 0.6551 
        D729  6 0.6616 0.3006 0.0378 
        D730  6 0.2496 0.5887 0.1617 
        D731  6 0.0600 0.0453 0.8947 
        D732  6 0.5827 0.2115 0.2058 
        D733  6 0.2240 0.3898 0.3863 
     D237251  7 0.1003 0.1848 0.7149 
     D237252  7 0.1144 0.7807 0.1048 
     D237253  7 0.1872 0.1354 0.6774 
     D237254  7 0.1552 0.7940 0.0509 
     D237255  7 0.1668 0.1149 0.7183 
     D237256  7 0.6007 0.1217 0.2776 
     D237257  7 0.3572 0.5118 0.1310 
     D237282  7 0.7269 0.2173 0.0558 
     D237283  7 0.0519 0.8887 0.0593 
     D237284  7 0.1370 0.8063 0.0568 
     D237285  7 0.1980 0.2654 0.5366 
     D237286  7 0.5301 0.1322 0.3377 
     D237287  7 0.7053 0.1246 0.1701 
     D244006  7 0.1362 0.8271 0.0367 
     D244007  7 0.8037 0.1059 0.0904 
     D244008  7 0.0586 0.8440 0.0974 
     D244009  7 0.0870 0.7599 0.1532 
     D244010  7 0.2566 0.5862 0.1573 
     D244011  7 0.1650 0.2466 0.5884 
     D244012  7 0.4365 0.4082 0.1553 
     D244013  7 0.2199 0.2015 0.5785 
     D244014  7 0.2316 0.5013 0.2672 
     D244015  7 0.4868 0.4471 0.0661 
     D244125  7 0.2258 0.0814 0.6928 
     D244126  7 0.0421 0.9288 0.0291 
     D244130  7 0.2568 0.5342 0.2090 
     D244131  7 0.2925 0.2451 0.4624 
     D244132  7 0.2869 0.1728 0.5403 
        D520  7 0.1566 0.4591 0.3843 
        D521  7 0.3548 0.4673 0.1779 
        D522  7 0.2479 0.6315 0.1207 
        D523  7 0.1735 0.1492 0.6773 
        D524  7 0.1271 0.2474 0.6255 
        D525  7 0.1371 0.5652 0.2977 
        D526  7 0.1572 0.7980 0.0449 
        D527  7 0.2777 0.3474 0.3750 
        D528  7 0.7615 0.2021 0.0363 
        D558  7 0.6608 0.2653 0.0739 
        D559  7 0.6612 0.2515 0.0873 
        D640  7 0.1523 0.1149 0.7328 
        D641  7 0.0860 0.2323 0.6817 
        D642  7 0.2323 0.6264 0.1414 
        D644  7 0.1513 0.4363 0.4124 
        D645  7 0.2087 0.4162 0.3751 
        D662  7 0.1664 0.6638 0.1698 
        D687  7 0.2555 0.2415 0.5030 
        D688  7 0.6076 0.3080 0.0844 
        D689  7 0.1820 0.1368 0.6812 
        D700  7 0.8196 0.1469 0.0335 
        D797  7 0.1848 0.2520 0.5632 
        D798  7 0.1858 0.7374 0.0768 
        D799  7 0.1424 0.3681 0.4895 
        D800  7 0.6079 0.3120 0.0801 
        D132  8 0.0713 0.8641 0.0646 
        D133  8 0.5075 0.4065 0.0860 
        D200  8 0.1667 0.3391 0.4941 
        D500  8 0.0437 0.8983 0.0580 
        D614  8 0.1151 0.2898 0.5951 
        D723  8 0.4582 0.4482 0.0935 
        D888  8 0.0979 0.0861 0.8160 
        D901  8 0.0651 0.7949 0.1401 
        D902  8 0.1326 0.2074 0.6600 
        D903  8 0.7159 0.0802 0.2039 
        D904  8 0.4576 0.3156 0.2269 
        D905  8 0.0302 0.0370 0.9327 
        D906  8 0.6759 0.1731 0.1510 
        D937  8 0.0428 0.1034 0.8538 
        D943  8 0.3680 0.4840 0.1480 
        D972  8 0.3342 0.5859 0.0799 
        D973  8 0.4886 0.4156 0.0958 
        D974  8 0.2981 0.4163 0.2857 
        D975  8 0.1986 0.2765 0.5249 
        D976  8 0.2190 0.3889 0.3922 
        D201  9 0.3305 0.4087 0.2607 
        D202  9 0.1289 0.4662 0.4049 
     D237259  9 0.8537 0.1011 0.0452 
     D237260  9 0.1390 0.5858 0.2752 
     D237262  9 0.0369 0.8924 0.0708 
     D237263  9 0.1599 0.6892 0.1509 
     D237264  9 0.2826 0.4721 0.2453 
     D237265  9 0.0957 0.2143 0.6899 
     D237266  9 0.4301 0.4701 0.0999 
     D237267  9 0.2561 0.3308 0.4131 
     D237268  9 0.1451 0.7034 0.1515 
     D237289  9 0.1420 0.2979 0.5601 
     D237290  9 0.1825 0.2743 0.5431 
     D237291  9 0.3027 0.2484 0.4490 
     D237292  9 0.3416 0.5359 0.1225 
     D237293  9 0.1407 0.5991 0.2602 
     D237294  9 0.0510 0.7993 0.1497 
     D237295  9 0.2604 0.3820 0.3576 
     D237296  9 0.1663 0.3842 0.4495 
     D237297  9 0.2073 0.1909 0.6017 
     D237298  9 0.3543 0.4360 0.2097 
     D237341  9 0.3874 0.2531 0.3595 
     D237342  9 0.0938 0.7985 0.1077 
     D237343  9 0.2322 0.6270 0.1408 
     D237344  9 0.1543 0.1909 0.6548 
     D237345  9 0.0597 0.9055 0.0347 
     D237346  9 0.1522 0.3177 0.5301 
     D237347  9 0.1237 0.1039 0.7724 
     D237348  9 0.2129 0.4934 0.2937 
     D237349  9 0.7633 0.1919 0.0449 
     D244109  9 0.6969 0.2540 0.0491 
     D244110  9 0.4760 0.3270 0.1970 
     D244111  9 0.4941 0.2858 0.2201 
     D244128  9 0.0669 0.8835 0.0496 
     D244137  9 0.6889 0.2100 0.1011 
     D244138  9 0.2259 0.2766 0.4974 
        D580  9 0.2287 0.6826 0.0888 
        D581  9 0.2443 0.4151 0.3405 
        D582  9 0.0462 0.9076 0.0462 
        D583  9 0.2398 0.5798 0.1804 
        D584  9 0.1281 0.4637 0.4081 
        D585  9 0.1216 0.7094 0.1690 
        D586  9 0.0554 0.0468 0.8977 
        D651  9 0.6163 0.1501 0.2336 
        D652  9 0.5009 0.4480 0.0511 
        D653  9 0.7504 0.0692 0.1805 
        D654  9 0.7482 0.1949 0.0570 
        D655  9 0.1450 0.0956 0.7594 
        D656  9 0.1533 0.7975 0.0492 
        D657  9 0.2797 0.5471 0.1731 
        D667  9 0.0747 0.0940 0.8313 
        D668  9 0.1135 0.6264 0.2600 
        D669  9 0.2268 0.3625 0.4107 
        D670  9 0.8087 0.1046 0.0866 
        D671  9 0.4336 0.2990 0.2674 
        D672  9 0.0687 0.8514 0.0800 
        D673  9 0.1219 0.4592 0.4189 
        D692  9 0.2944 0.6395 0.0661 
        D693  9 0.1987 0.3977 0.4036 
        D694  9 0.0761 0.8355 0.0884 
        D695  9 0.1719 0.6258 0.2023 
        D696  9 0.0570 0.0535 0.8895 
        D697  9 0.1884 0.1737 0.6379 
        D698  9 0.2334 0.2696 0.4969 
        D699  9 0.0652 0.2419 0.6930 
        D787  9 0.5099 0.4019 0.0882 
        D788  9 0.1473 0.3427 0.5100 
        D789  9 0.1382 0.5874 0.2743 
        D790  9 0.4756 0.3301 0.1943 
        D791  9 0.1484 0.2505 0.6011 
        D792  9 0.6791 0.2262 0.0947 
        D793  9 0.1838 0.0716 0.7446 
        D794  9 0.4895 0.1783 0.3322 
        D795  9 0.0326 0.7804 0.1870 
        D796  9 0.1608 0.2678 0.5713 
        D142 10 0.2957 0.1781 0.5262 
        D143 10 0.6267 0.2456 0.1276 
        D144 10 0.2874 0.3205 0.3921 
        D145 10 0.1416 0.1598 0.6987 
        D146 10 0.1658 0.7633 0.0709 
        D147 10 0.5514 0.3561 0.0925 
        D148 10 0.6907 0.1018 0.2075 
        D149 10 0.5109 0.2455 0.2437 
        D151 10 0.5176 0.1765 0.3059 
        D152 10 0.5190 0.2159 0.2651 
        D153 10 0.3794 0.3083 0.3123 
        D156 10 0.7090 0.1464 0.1446 
        D157 10 0.0771 0.4061 0.5168 
        D158 10 0.0696 0.3297 0.6007 
        D159 10 0.7934 0.1145 0.0921 
        D160 10 0.0315 0.0306 0.9380 
        D161 10 0.5210 0.2202 0.2588 
        D162 10 0.5834 0.0939 0.3227 
        D169 10 0.1603 0.7369 0.1028 
        D170 10 0.0943 0.7942 0.1115 
        D171 10 0.3141 0.3769 0.3091 
        D172 10 0.3970 0.4266 0.1765 
        D173 10 0.9135 0.0553 0.0312 
        D181 10 0.2614 0.1179 0.6207 
        D182 10 0.4651 0.3337 0.2011 
        D183 10 0.0675 0.1701 0.7624 
        D184 10 0.0693 0.9018 0.0288 
        D185 10 0.5822 0.2390 0.1788 
        D186 10 0.0488 0.8790 0.0722 
        D194 10 0.1786 0.7046 0.1168 
        D195 10 0.2590 0.1284 0.6126 
        D196 10 0.5146 0.0874 0.3980 
        D197 10 0.0743 0.8246 0.1010 
        D198 10 0.4624 0.2784 0.2592 
     D237226 10 0.3612 0.2388 0.4000 
     D237232 10 0.1360 0.1440 0.7200 
     D237233 10 0.1212 0.3127 0.5661 
     D237234 10 0.1617 0.2176 0.6207 
     D237354 10 0.1411 0.0551 0.8038 
     D237355 10 0.1116 0.0523 0.8361 
     D237356 10 0.3246 0.2698 0.4057 
     D237357 10 0.4528 0.4247 0.1225 
     D237358 10 0.6766 0.2581 0.0653 
     D237369 10 0.1697 0.7997 0.0307 
     D237370 10 0.1645 0.1571 0.6784 
     D237371 10 0.5113 0.2918 0.1968 
     D237372 10 0.3642 0.5437 0.0921 
     D237373 10 0.1213 0.1218 0.7569 
     D237374 10 0.0553 0.0470 0.8977 
     D237375 10 0.7201 0.1493 0.1306 
     D237400 10 0.3877 0.2069 0.4054 
     D244002 10 0.5634 0.3678 0.0689 
     D244003 10 0.0264 0.0823 0.8912 
     D244004 10 0.0261 0.0671 0.9068 
     D244005 10 0.1776 0.3065 0.5159 
     D244020 10 0.3080 0.1497 0.5423 
     D244021 10 0.2368 0.6252 0.1380 
     D244116 10 0.1891 0.6921 0.1188 
     D244117 10 0.1154 0.1090 0.7756 
     D244121 10 0.0824 0.2655 0.6521 
     D244123 10 0.1290 0.1581 0.7130 
     D244124 10 0.1274 0.6735 0.1991 
        D332 10 0.7456 0.1388 0.1156 
        D570 10 0.1387 0.1264 0.7349 
        D602 10 0.8142 0.1228 0.0630 
        D603 10 0.1971 0.4063 0.3966 
        D604 10 0.7382 0.0977 0.1641 
        D605 10 0.4608 0.3066 0.2326 
        D606 10 0.0817 0.6746 0.2437 
        D607 10 0.8642 0.0786 0.0572 
        D608 10 0.9000 0.0570 0.0430 
        D609 10 0.1451 0.1687 0.6861 
        D610 10 0.2751 0.1122 0.6127 
        D611 10 0.0403 0.0544 0.9053 
        D613 10 0.4286 0.1625 0.4089 
        D633 10 0.7477 0.1641 0.0883 
        D634 10 0.2546 0.2902 0.4552 
        D638 10 0.2570 0.2289 0.5141 
        D681 10 0.1512 0.5530 0.2958 
        D754 10 0.0468 0.7274 0.2258 
        D755 10 0.0548 0.1311 0.8142 
        D756 10 0.0745 0.2827 0.6428 
        D757 10 0.2812 0.3328 0.3860 
        D758 10 0.2412 0.4166 0.3422 
        D759 10 0.1149 0.0830 0.8021 
        D760 10 0.2904 0.1306 0.5791 
        D761 10 0.0415 0.0507 0.9078 
        D762 10 0.7734 0.1175 0.1091 
        D775 10 0.0381 0.0845 0.8774 
        D776 10 0.1517 0.0894 0.7588 
        D777 10 0.0839 0.1382 0.7778 
        D778 10 0.1634 0.3922 0.4444 
        D779 10 0.1038 0.4645 0.4317 
        D780 10 0.2797 0.1933 0.5270 
        D781 10 0.7296 0.1637 0.1067 
        D858 10 0.0485 0.9036 0.0479 
        D933 10 0.4759 0.0736 0.4505 
        D038 11 0.1805 0.2204 0.5991 
        D063 11 0.1542 0.2233 0.6225 
        D155 11 0.1847 0.1117 0.7036 
        D175 11 0.1136 0.5411 0.3454 
        D176 11 0.2009 0.3436 0.4554 
        D205 11 0.0725 0.4592 0.4683 
     D237229 11 0.6163 0.3110 0.0726 
     D237230 11 0.8085 0.1525 0.0391 
     D237231 11 0.8139 0.1075 0.0786 
     D237269 11 0.5350 0.2339 0.2311 
     D237270 11 0.1507 0.7724 0.0769 
     D237271 11 0.2096 0.3235 0.4669 
     D237272 11 0.5594 0.3741 0.0665 
     D237273 11 0.0943 0.1945 0.7112 
     D237301 11 0.6674 0.1100 0.2225 
     D237302 11 0.2046 0.6203 0.1751 
     D237303 11 0.3901 0.5630 0.0469 
     D237304 11 0.3570 0.4051 0.2379 
     D237305 11 0.0990 0.7773 0.1237 
     D237314 11 0.1128 0.2429 0.6443 
     D237315 11 0.1375 0.7628 0.0998 
     D237316 11 0.6872 0.1462 0.1666 
     D237328 11 0.4434 0.3978 0.1587 
     D237329 11 0.2837 0.4232 0.2931 
     D237330 11 0.0734 0.1199 0.8067 
     D237331 11 0.1443 0.0964 0.7594 
     D237332 11 0.2830 0.3351 0.3819 
     D237333 11 0.1364 0.0696 0.7940 
     D237334 11 0.6963 0.1284 0.1753 
     D237335 11 0.2365 0.4216 0.3419 
     D237336 11 0.0951 0.1572 0.7477 
     D237350 11 0.2755 0.2277 0.4968 
     D237383 11 0.1066 0.5311 0.3623 
     D237384 11 0.3914 0.3966 0.2119 
     D237385 11 0.3532 0.3951 0.2517 
     D237386 11 0.5975 0.1940 0.2085 
     D237387 11 0.3898 0.4507 0.1595 
     D237388 11 0.1660 0.1080 0.7260 
        D239 11 0.1956 0.1118 0.6926 
        D240 11 0.2096 0.2631 0.5273 
        D241 11 0.7454 0.1435 0.1112 
        D242 11 0.6256 0.1955 0.1789 
        D243 11 0.1042 0.1836 0.7122 
        D244 11 0.0581 0.1956 0.7463 
        D245 11 0.2315 0.6835 0.0850 
        D246 11 0.2039 0.3830 0.4130 
        D247 11 0.3859 0.3825 0.2316 
        D248 11 0.7307 0.1004 0.1689 
        D249 11 0.1575 0.5510 0.2915 
        D250 11 0.6609 0.0628 0.2763 
        D251 11 0.1398 0.2838 0.5764 
        D252 11 0.3978 0.4019 0.2002 
        D253 11 0.1005 0.2769 0.6226 
        D254 11 0.2913 0.6549 0.0538 
        D255 11 0.4202 0.2116 0.3683 
        D256 11 0.2053 0.2037 0.5910 
        D257 11 0.1048 0.7695 0.1257 
        D258 11 0.1128 0.7741 0.1130 
        D259 11 0.0964 0.8402 0.0635 
        D260 11 0.2566 0.4959 0.2476 
        D261 11 0.3485 0.2190 0.4325 
        D262 11 0.2420 0.5650 0.1930 
        D263 11 0.1959 0.3487 0.4554 
        D264 11 0.1802 0.7312 0.0886 
        D265 11 0.3867 0.3871 0.2261 
        D266 11 0.4156 0.1024 0.4820 
        D267 11 0.1812 0.3224 0.4965 
        D268 11 0.1776 0.0857 0.7367 
        D269 11 0.5522 0.1148 0.3330 
        D270 11 0.4507 0.3459 0.2034 
        D271 11 0.2131 0.4584 0.3285 
        D272 11 0.4106 0.1703 0.4191 
        D273 11 0.0609 0.9000 0.0391 
        D274 11 0.2563 0.3267 0.4170 
        D275 11 0.3457 0.2907 0.3636 
        D276 11 0.2914 0.1039 0.6047 
        D277 11 0.4561 0.1889 0.3550 
        D278 11 0.1162 0.5578 0.3260 
        D282 11 0.0777 0.8140 0.1083 
        D296 11 0.2546 0.1266 0.6188 
        D297 11 0.2480 0.2962 0.4559 
        D298 11 0.3131 0.1157 0.5712 
        D299 11 0.1534 0.2440 0.6026 
        D300 11 0.2357 0.2380 0.5263 
        D382 11 0.2339 0.2331 0.5330 
        D383 11 0.0519 0.4935 0.4545 
        D387 11 0.1670 0.2719 0.5611 
        D388 11 0.8157 0.0620 0.1222 
        D389 11 0.3273 0.1664 0.5064 
        D390 11 0.6641 0.1026 0.2332 
        D396 11 0.6497 0.1291 0.2212 
        D397 11 0.0807 0.7901 0.1291 
        D398 11 0.0986 0.3132 0.5882 
        D399 11 0.6671 0.2467 0.0862 
        D437 11 0.3129 0.5707 0.1164 
        D441 11 0.1446 0.0696 0.7858 
        D442 11 0.2584 0.3970 0.3447 
        D443 11 0.0620 0.0428 0.8952 
        D444 11 0.5914 0.1716 0.2369 
        D445 11 0.3176 0.5852 0.0972 
        D446 11 0.7151 0.2191 0.0658 
        D451 11 0.3618 0.2726 0.3657 
        D452 11 0.4538 0.2332 0.3130 
        D453 11 0.7570 0.1163 0.1267 
        D454 11 0.2720 0.6023 0.1257 
        D457 11 0.1399 0.5201 0.3400 
        D458 11 0.2656 0.1469 0.5875 
        D466 11 0.4576 0.4279 0.1145 
        D467 11 0.1177 0.2311 0.6512 
        D475 11 0.0878 0.8281 0.0841 
        D488 11 0.7186 0.1288 0.1527 
        D489 11 0.1801 0.6322 0.1877 
        D493 11 0.6672 0.1221 0.2108 
        D494 11 0.5729 0.1829 0.2442 
        D495 11 0.2278 0.6205 0.1517 
        D496 11 0.1426 0.0608 0.7967 
        D674 11 0.1678 0.1079 0.7243 
        D675 11 0.2095 0.0482 0.7424 
        D676 11 0.1264 0.6569 0.2167 
        D680 11 0.0575 0.1602 0.7823 
        D701 11 0.3139 0.4099 0.2761 
        D702 11 0.3732 0.5367 0.0900 
        D703 11 0.3184 0.3368 0.3448 
        D704 11 0.2925 0.3613 0.3462 
        D705 11 0.4856 0.4799 0.0346 
        D706 11 0.1356 0.4960 0.3683 
        D707 11 0.3451 0.4799 0.1750 
        D751 11 0.3577 0.3252 0.3171 
        D752 11 0.1579 0.1974 0.6447 
        D753 11 0.6834 0.2483 0.0684 
        D773 11 0.0401 0.9284 0.0315 
        D774 11 0.5376 0.2177 0.2447 
        D801 11 0.3515 0.0818 0.5667 
        D802 11 0.6923 0.1746 0.1330 
        D803 11 0.1214 0.1052 0.7735 
        D804 11 0.4556 0.3000 0.2445 
        D805 11 0.3149 0.2965 0.3886 
        D806 11 0.0769 0.8713 0.0518 
        D809 11 0.2641 0.2068 0.5291 
        D810 11 0.1575 0.0547 0.7879 
        D812 11 0.3290 0.4723 0.1988 
        D813 11 0.2300 0.1858 0.5841 
        D823 11 0.2220 0.3149 0.4631 
        D824 11 0.2530 0.2554 0.4916 
        D829 11 0.7506 0.0904 0.1589 
        D830 11 0.4926 0.4264 0.0810 
        D831 11 0.2209 0.4024 0.3767 
        D832 11 0.2752 0.4149 0.3099 
        D833 11 0.2959 0.1259 0.5782 
        D834 11 0.3714 0.1811 0.4475 
        D835 11 0.1090 0.7221 0.1689 
        D855 11 0.2767 0.2698 0.4535 
        D863 11 0.0704 0.0670 0.8626 
        D864 11 0.1984 0.2524 0.5491 
        D878 11 0.1522 0.1355 0.7123 
        D879 11 0.1504 0.7601 0.0895 
        D880 11 0.6059 0.0628 0.3313 
        D881 11 0.0482 0.0744 0.8774 
        D882 11 0.4758 0.1697 0.3545 
        D909 11 0.5487 0.1715 0.2798 
        D921 11 0.1891 0.2089 0.6020 
        D924 11 0.3325 0.0960 0.5715 
        D935 11 0.6290 0.1962 0.1747 
        D940 11 0.0818 0.0697 0.8485 
        D941 11 0.2466 0.1211 0.6324 
        D942 11 0.0796 0.8692 0.0513 
        D980 11 0.6179 0.2370 0.1451 
        D981 11 0.1253 0.7891 0.0856 
        D982 11 0.7092 0.1818 0.1089 
        D983 11 0.1956 0.1086 0.6958 
        D984 11 0.4716 0.1566 0.3718 
        D992 11 0.1116 0.8224 0.0660 
        D993 11 0.3179 0.1675 0.5147 
        D994 11 0.1781 0.3512 0.4707 
        D995 11 0.1783 0.5916 0.2301 
        H354 11 0.3986 0.5385 0.0628 
        D005 12 0.5828 0.3259 0.0913 
        D035 12 0.1643 0.1922 0.6435 
        D067 12 0.3642 0.1839 0.4518 
        D134 12 0.1813 0.2949 0.5238 
        D135 12 0.4233 0.2216 0.3551 
        D136 12 0.7488 0.1918 0.0593 
        D137 12 0.7267 0.1767 0.0966 
        D138 12 0.2534 0.3137 0.4329 
        D139 12 0.6780 0.0974 0.2245 
        D140 12 0.3565 0.2419 0.4016 
        D141 12 0.0377 0.9299 0.0324 
        D150 12 0.0758 0.7872 0.1370 
        D177 12 0.4778 0.1664 0.3558 
        D178 12 0.8851 0.0703 0.0446 
        D179 12 0.7169 0.2058 0.0773 
        D180 12 0.7285 0.2027 0.0688 
        D187 12 0.1317 0.2357 0.6327 
        D188 12 0.0478 0.9127 0.0395 
        D191 12 0.0437 0.8770 0.0794 
        D418 12 0.0831 0.8665 0.0505 
        D601 12 0.2370 0.6913 0.0716 
        D836 12 0.1094 0.8145 0.0761 
        D837 12 0.4375 0.2542 0.3083 
        D838 12 0.0923 0.0646 0.8431 
        D839 12 0.6565 0.1741 0.1694 
        D840 12 0.3739 0.1026 0.5235 
        D841 12 0.1843 0.3244 0.4913 
        D842 12 0.0297 0.9342 0.0361 
        D843 12 0.2041 0.2384 0.5574 
        D844 12 0.2575 0.6277 0.1148 
        D912 12 0.4653 0.0759 0.4588 
        D913 12 0.6618 0.1373 0.2009 
