        D174  1 0.0962 0.1337 0.6471 0.0390 0.0840 
        D199  1 0.0648 0.0594 0.2812 0.2233 0.3713 
        D203  1 0.1791 0.1469 0.1004 0.2753 0.2983 
        D204  1 0.0712 0.0287 0.0224 0.0262 0.8516 
     D237366  1 0.2831 0.3882 0.0905 0.1091 0.1291 
     D237367  1 0.1891 0.2260 0.0514 0.0645 0.4690 
     D237368  1 0.0572 0.6401 0.0842 0.0744 0.1441 
     D244101  1 0.0987 0.0265 0.0288 0.1867 0.6592 
     D244102  1 0.3889 0.1962 0.1638 0.0960 0.1551 
     D244103  1 0.5330 0.1195 0.0708 0.0595 0.2172 
     D244104  1 0.0275 0.0691 0.1940 0.0563 0.6531 
     D244105  1 0.1848 0.5314 0.0239 0.0471 0.2129 
     D244106  1 0.0952 0.0391 0.6249 0.1876 0.0532 
     D244107  1 0.0695 0.6560 0.0192 0.0837 0.1716 
     D244108  1 0.0771 0.2144 0.5010 0.0479 0.1597 
     D244113  1 0.1604 0.0353 0.7439 0.0384 0.0220 
     D244114  1 0.3818 0.0750 0.1395 0.2257 0.1781 
     D244115  1 0.0988 0.1830 0.4965 0.0362 0.1854 
     D267365  1 0.0716 0.0838 0.3456 0.0580 0.4410 
        D404  1 0.2697 0.0422 0.6241 0.0358 0.0283 
        D405  1 0.3233 0.1218 0.3221 0.0969 0.1359 
        D406  1 0.0269 0.8644 0.0277 0.0166 0.0644 
        D407  1 0.0800 0.1286 0.0280 0.0764 0.6871 
        D408  1 0.1050 0.0457 0.7107 0.0865 0.0521 
        D409  1 0.7080 0.0849 0.0704 0.0638 0.0730 
        D410  1 0.0400 0.8409 0.0341 0.0113 0.0737 
        D421  1 0.0114 0.0193 0.0295 0.0373 0.9024 
        D422  1 0.0275 0.8833 0.0152 0.0232 0.0508 
        D423  1 0.0287 0.8324 0.0147 0.0274 0.0968 
        D424  1 0.0690 0.0554 0.0397 0.0195 0.8164 
        D425  1 0.0855 0.0483 0.2158 0.0321 0.6183 
        D426  1 0.4478 0.1074 0.0367 0.2830 0.1251 
        D427  1 0.0196 0.0428 0.1878 0.5923 0.1574 
        D428  1 0.0961 0.1465 0.2358 0.0576 0.4639 
        D429  1 0.1366 0.0821 0.3352 0.0704 0.3757 
        D430  1 0.3503 0.0569 0.2155 0.1861 0.1911 
        D491  1 0.0272 0.0339 0.8134 0.0157 0.1098 
        D492  1 0.1161 0.1722 0.2196 0.0484 0.4438 
        D537  1 0.0544 0.0909 0.0329 0.0219 0.7999 
        D538  1 0.3720 0.3014 0.1384 0.0904 0.0977 
        D539  1 0.1547 0.1827 0.3436 0.2454 0.0737 
        D540  1 0.1787 0.1596 0.1453 0.0606 0.4558 
        D541  1 0.0217 0.0298 0.0201 0.0186 0.9097 
        D551  1 0.1214 0.0463 0.0444 0.6712 0.1168 
        D552  1 0.0567 0.3555 0.2844 0.0684 0.2350 
        D553  1 0.0163 0.0212 0.0236 0.0206 0.9184 
        D615  1 0.1071 0.2487 0.1299 0.1262 0.3882 
        D616  1 0.0771 0.3097 0.1250 0.1665 0.3217 
        D621  1 0.0619 0.7284 0.1405 0.0310 0.0382 
        D622  1 0.0620 0.7987 0.0486 0.0332 0.0575 
        D623  1 0.2296 0.0491 0.4554 0.1816 0.0843 
        D624  1 0.0346 0.0519 0.8475 0.0221 0.0438 
        D625  1 0.0836 0.1039 0.0817 0.0194 0.7115 
        D626  1 0.0861 0.2215 0.5121 0.0566 0.1237 
        D627  1 0.5174 0.0685 0.0554 0.1423 0.2164 
        D690  1 0.0355 0.1256 0.1105 0.0123 0.7161 
        D691  1 0.0363 0.8202 0.0277 0.0356 0.0802 
        D710  1 0.1104 0.1282 0.2455 0.0477 0.4683 
        D711  1 0.1083 0.0780 0.0659 0.0304 0.7174 
        D712  1 0.0628 0.0531 0.7960 0.0443 0.0439 
        D713  1 0.1953 0.1265 0.3820 0.0346 0.2616 
        D746  1 0.0216 0.8738 0.0260 0.0196 0.0591 
        D747  1 0.0253 0.0264 0.0292 0.0291 0.8901 
        D748  1 0.1951 0.2506 0.0389 0.0274 0.4880 
        D749  1 0.0951 0.6207 0.1464 0.0842 0.0537 
        D750  1 0.0531 0.0878 0.6615 0.0314 0.1661 
        D763  1 0.2445 0.0931 0.0576 0.2970 0.3078 
        D764  1 0.0449 0.1346 0.3270 0.0226 0.4709 
        D765  1 0.0668 0.6668 0.1802 0.0299 0.0563 
        D766  1 0.0872 0.5582 0.0780 0.0247 0.2520 
        D767  1 0.4778 0.1872 0.0776 0.0891 0.1684 
        D768  1 0.0281 0.0253 0.0168 0.0180 0.9118 
        D811  1 0.3081 0.0792 0.5343 0.0295 0.0488 
        D816  1 0.0297 0.0194 0.0488 0.0192 0.8829 
        D825  1 0.1761 0.2082 0.4222 0.0257 0.1678 
        D866  1 0.0676 0.0672 0.3754 0.4016 0.0881 
        D867  1 0.0650 0.8239 0.0339 0.0420 0.0351 
        D871  1 0.7800 0.0488 0.0527 0.0440 0.0745 
        D872  1 0.2168 0.2637 0.0801 0.0421 0.3972 
        D873  1 0.0174 0.9409 0.0160 0.0157 0.0100 
        D874  1 0.3136 0.0267 0.2254 0.0651 0.3691 
        D875  1 0.7736 0.1380 0.0244 0.0259 0.0381 
        D876  1 0.0979 0.0795 0.1624 0.0336 0.6266 
        D877  1 0.4183 0.0192 0.4685 0.0398 0.0542 
        D892  1 0.2229 0.1548 0.2203 0.0188 0.3832 
        D893  1 0.0995 0.0986 0.0402 0.0620 0.6997 
        D894  1 0.1526 0.0807 0.1519 0.0615 0.5533 
        D915  1 0.0579 0.1559 0.0756 0.0358 0.6747 
        D916  1 0.0240 0.0325 0.0236 0.0147 0.9053 
        D917  1 0.0902 0.0440 0.4922 0.0727 0.3009 
        D925  1 0.0214 0.7774 0.0667 0.0254 0.1092 
        D926  1 0.1578 0.0713 0.1420 0.0355 0.5934 
        D927  1 0.0967 0.0424 0.0695 0.3050 0.4864 
        D928  1 0.0233 0.0216 0.8650 0.0202 0.0699 
        D929  1 0.6038 0.0889 0.1750 0.0317 0.1007 
        D936  1 0.0961 0.0422 0.0732 0.1078 0.6808 
        D938  1 0.0327 0.8962 0.0248 0.0158 0.0306 
        D956  1 0.0835 0.0452 0.7855 0.0544 0.0315 
        D957  1 0.1464 0.4941 0.0861 0.0318 0.2416 
        D958  1 0.1266 0.3334 0.1434 0.0257 0.3710 
        D959  1 0.0760 0.1132 0.0230 0.0715 0.7164 
        D960  1 0.0278 0.8892 0.0414 0.0193 0.0223 
        D989  1 0.0508 0.0301 0.6964 0.1289 0.0939 
        D990  1 0.0231 0.8769 0.0437 0.0371 0.0192 
        D023  2 0.0230 0.6970 0.0210 0.0212 0.2379 
        D130  2 0.0671 0.7979 0.0187 0.0306 0.0858 
        D131  2 0.2620 0.0650 0.0461 0.0916 0.5354 
        D163  2 0.0347 0.8217 0.0349 0.0188 0.0898 
        D164  2 0.0169 0.4814 0.0122 0.4688 0.0206 
        D165  2 0.0340 0.8110 0.0197 0.0389 0.0964 
        D166  2 0.7541 0.0874 0.0488 0.0484 0.0614 
        D167  2 0.0307 0.0236 0.0394 0.8863 0.0199 
        D192  2 0.0175 0.0178 0.0164 0.9377 0.0105 
        D193  2 0.3679 0.0627 0.4736 0.0627 0.0331 
        D206  2 0.1472 0.1633 0.0497 0.2909 0.3489 
        D207  2 0.1492 0.0288 0.0396 0.6925 0.0899 
        D208  2 0.0943 0.0698 0.4414 0.3142 0.0804 
        D209  2 0.1844 0.1329 0.0441 0.5032 0.1353 
        D210  2 0.0404 0.0401 0.5090 0.3024 0.1081 
     D229599  2 0.2618 0.1366 0.1594 0.1284 0.3138 
     D229600  2 0.0503 0.5464 0.0289 0.3251 0.0493 
     D237227  2 0.0471 0.1615 0.6428 0.0724 0.0763 
     D237228  2 0.0878 0.3791 0.4035 0.0925 0.0372 
     D237258  2 0.1199 0.2644 0.1698 0.3065 0.1394 
     D237310  2 0.2588 0.5761 0.0814 0.0536 0.0301 
     D237311  2 0.0888 0.6857 0.0464 0.1551 0.0240 
     D237312  2 0.4644 0.3150 0.1342 0.0388 0.0477 
     D237313  2 0.0845 0.1834 0.2813 0.0540 0.3968 
     D237322  2 0.4521 0.0702 0.1316 0.2978 0.0483 
     D237323  2 0.0823 0.7263 0.1228 0.0479 0.0207 
     D237324  2 0.1310 0.4061 0.0279 0.2901 0.1450 
     D237325  2 0.1623 0.5462 0.1276 0.0854 0.0785 
     D237326  2 0.0417 0.6648 0.0902 0.0396 0.1637 
     D237327  2 0.2183 0.0907 0.0880 0.4429 0.1600 
     D237337  2 0.0870 0.7751 0.0672 0.0236 0.0470 
     D237338  2 0.2594 0.3577 0.1586 0.1297 0.0946 
     D237339  2 0.3800 0.0320 0.0357 0.3105 0.2419 
     D237340  2 0.1708 0.3327 0.2590 0.2109 0.0266 
     D237389  2 0.1466 0.7098 0.0417 0.0625 0.0394 
     D237390  2 0.4246 0.2872 0.1443 0.0464 0.0974 
     D244017  2 0.1188 0.0838 0.4839 0.2579 0.0555 
     D244112  2 0.0531 0.0629 0.0349 0.8344 0.0147 
     D244118  2 0.0326 0.4291 0.0259 0.4950 0.0174 
     D244119  2 0.0211 0.0369 0.6064 0.3153 0.0204 
     D244120  2 0.2016 0.0538 0.2022 0.5235 0.0189 
     D244122  2 0.0577 0.0624 0.0643 0.7822 0.0333 
        D291  2 0.2001 0.1412 0.0506 0.4481 0.1600 
        D292  2 0.0533 0.0495 0.1831 0.4735 0.2406 
        D293  2 0.0627 0.0151 0.0204 0.5947 0.3072 
        D322  2 0.1441 0.0473 0.0270 0.4293 0.3523 
        D323  2 0.3624 0.0674 0.1427 0.1872 0.2403 
        D324  2 0.1017 0.1670 0.0948 0.2118 0.4247 
        D325  2 0.0351 0.0182 0.0118 0.8527 0.0821 
        D326  2 0.0215 0.0110 0.0336 0.0217 0.9122 
        D340  2 0.0172 0.0173 0.0135 0.9265 0.0256 
        D341  2 0.0502 0.0416 0.0394 0.8386 0.0303 
        D342  2 0.0711 0.1473 0.0318 0.7186 0.0313 
        D343  2 0.0147 0.0100 0.0098 0.9463 0.0191 
        D344  2 0.4216 0.0633 0.0659 0.0535 0.3957 
        D345  2 0.1362 0.2562 0.1045 0.0527 0.4505 
        D346  2 0.0552 0.0300 0.7200 0.1066 0.0882 
        D351  2 0.2935 0.0723 0.0374 0.0890 0.5079 
        D352  2 0.5836 0.0771 0.1091 0.1177 0.1126 
        D353  2 0.2081 0.0209 0.0297 0.0337 0.7076 
        D354  2 0.2717 0.0987 0.2908 0.0313 0.3075 
        D362  2 0.0326 0.1214 0.0846 0.0436 0.7178 
        D363  2 0.0310 0.0528 0.1375 0.0302 0.7485 
        D364  2 0.1247 0.0935 0.1118 0.0404 0.6296 
        D365  2 0.0169 0.0118 0.0179 0.9265 0.0269 
        D369  2 0.0697 0.1248 0.2108 0.2728 0.3218 
        D374  2 0.0643 0.0236 0.8732 0.0194 0.0195 
        D375  2 0.6427 0.0626 0.0911 0.0258 0.1778 
        D376  2 0.0563 0.0307 0.8575 0.0363 0.0192 
        D377  2 0.3109 0.2239 0.2654 0.0947 0.1051 
        D378  2 0.1434 0.0481 0.0320 0.2404 0.5361 
        D379  2 0.0439 0.0226 0.0326 0.0301 0.8708 
        D384  2 0.0231 0.0153 0.0450 0.0186 0.8980 
        D385  2 0.0485 0.0172 0.0458 0.8620 0.0265 
        D386  2 0.2388 0.0605 0.0346 0.0713 0.5949 
        D391  2 0.0433 0.0211 0.0264 0.8609 0.0483 
        D392  2 0.0613 0.0966 0.0620 0.6841 0.0960 
        D393  2 0.0879 0.0698 0.0367 0.1754 0.6302 
        D394  2 0.2821 0.3767 0.1008 0.0888 0.1515 
        D395  2 0.3951 0.0317 0.0418 0.4570 0.0744 
        D401  2 0.0374 0.8621 0.0487 0.0296 0.0222 
        D402  2 0.0263 0.0136 0.0165 0.9188 0.0249 
        D403  2 0.2933 0.1349 0.0244 0.0611 0.4864 
        D415  2 0.0803 0.0553 0.0151 0.0226 0.8268 
        D435  2 0.0485 0.0544 0.0211 0.2148 0.6612 
        D436  2 0.4582 0.0387 0.1318 0.0464 0.3248 
        D438  2 0.0170 0.0161 0.0181 0.9289 0.0199 
        D439  2 0.3906 0.1204 0.0384 0.1227 0.3279 
        D449  2 0.0892 0.0432 0.0289 0.6587 0.1799 
        D450  2 0.3496 0.0657 0.3500 0.0293 0.2054 
        D456  2 0.0196 0.0210 0.0223 0.0119 0.9252 
        D462  2 0.0323 0.0229 0.0135 0.8759 0.0554 
        D463  2 0.0265 0.0188 0.0257 0.0120 0.9170 
        D464  2 0.4745 0.0297 0.0724 0.0713 0.3521 
        D465  2 0.0769 0.0786 0.0402 0.3170 0.4873 
        D473  2 0.1218 0.1255 0.6559 0.0552 0.0417 
        D474  2 0.0291 0.0553 0.1158 0.1403 0.6594 
        D476  2 0.1992 0.5133 0.0203 0.1658 0.1015 
        D477  2 0.1403 0.0565 0.1471 0.0674 0.5888 
        D478  2 0.3222 0.1555 0.3265 0.0669 0.1288 
        D480  2 0.1394 0.0281 0.1447 0.1905 0.4973 
        D481  2 0.1153 0.1851 0.2140 0.0763 0.4093 
        D482  2 0.3366 0.1327 0.3099 0.1711 0.0496 
        D483  2 0.0217 0.0383 0.0619 0.8596 0.0185 
        D484  2 0.6594 0.0390 0.1290 0.1189 0.0538 
        D510  2 0.0560 0.0232 0.8388 0.0589 0.0230 
        D511  2 0.2229 0.0788 0.0355 0.1342 0.5286 
        D512  2 0.2196 0.5275 0.0221 0.1524 0.0784 
        D513  2 0.0603 0.0450 0.0809 0.6086 0.2050 
        D635  2 0.0459 0.2210 0.0503 0.0382 0.6446 
        D636  2 0.0158 0.9164 0.0235 0.0182 0.0261 
        D637  2 0.3358 0.0734 0.1648 0.3593 0.0668 
        D658  2 0.1772 0.0662 0.1330 0.5864 0.0372 
        D659  2 0.0619 0.0380 0.0519 0.0538 0.7945 
        D677  2 0.1646 0.2113 0.0441 0.1867 0.3932 
        D678  2 0.0912 0.0820 0.0371 0.7448 0.0450 
        D679  2 0.0702 0.0424 0.0738 0.1284 0.6852 
        D719  2 0.0332 0.0209 0.5089 0.1814 0.2556 
        D720  2 0.0432 0.0591 0.1136 0.0492 0.7348 
        D721  2 0.0518 0.6170 0.0585 0.1063 0.1663 
        D722  2 0.1098 0.0366 0.7589 0.0644 0.0302 
        D734  2 0.2052 0.0210 0.4979 0.2170 0.0589 
        D735  2 0.1627 0.1319 0.1292 0.1274 0.4489 
        D736  2 0.0573 0.0815 0.5398 0.1846 0.1367 
        D737  2 0.1172 0.0937 0.0757 0.6790 0.0344 
        D807  2 0.0885 0.0658 0.4204 0.1066 0.3187 
        D808  2 0.3563 0.2833 0.0447 0.1726 0.1431 
        D817  2 0.1232 0.0595 0.1472 0.0396 0.6306 
        D818  2 0.2828 0.0567 0.0373 0.4696 0.1536 
        D819  2 0.2379 0.2357 0.0947 0.0710 0.3607 
        D820  2 0.0583 0.0180 0.0421 0.0509 0.8307 
        D895  2 0.1000 0.1769 0.0645 0.0490 0.6097 
        D896  2 0.0419 0.8682 0.0463 0.0155 0.0282 
        D897  2 0.0728 0.0436 0.0355 0.8029 0.0452 
        D898  2 0.4636 0.1526 0.1951 0.0704 0.1183 
        D918  2 0.3527 0.2568 0.1071 0.1974 0.0860 
        D919  2 0.2886 0.0435 0.0362 0.2376 0.3942 
        D920  2 0.0450 0.8601 0.0305 0.0361 0.0283 
        D923  2 0.1226 0.0247 0.0331 0.0307 0.7889 
        D930  2 0.2409 0.0649 0.2356 0.0622 0.3966 
        D931  2 0.1138 0.0459 0.1025 0.1718 0.5661 
        D968  2 0.0201 0.0129 0.0174 0.9181 0.0314 
        D969  2 0.0713 0.0503 0.0839 0.3107 0.4838 
        D977  2 0.0738 0.0282 0.0275 0.8019 0.0686 
        D978  2 0.3717 0.0300 0.0661 0.4558 0.0764 
        D211  3 0.2249 0.4869 0.0470 0.0836 0.1576 
     D229639  3 0.0409 0.0632 0.2182 0.5929 0.0848 
     D237212  3 0.3236 0.1167 0.0702 0.2786 0.2109 
     D237213  3 0.3749 0.3036 0.0404 0.0569 0.2243 
     D237214  3 0.2456 0.6140 0.0439 0.0273 0.0691 
     D237215  3 0.0459 0.0301 0.1401 0.7637 0.0203 
     D237216  3 0.4085 0.2703 0.0555 0.1221 0.1436 
     D237217  3 0.1375 0.4344 0.0213 0.0946 0.3122 
     D237218  3 0.2727 0.0849 0.0733 0.3813 0.1879 
     D237219  3 0.0780 0.5714 0.1862 0.1167 0.0477 
     D237382  3 0.5195 0.1245 0.1549 0.0580 0.1431 
     D244127  3 0.1028 0.6689 0.0252 0.1436 0.0595 
     D244129  3 0.2504 0.2514 0.0825 0.1199 0.2958 
     D244133  3 0.1297 0.1783 0.3257 0.2423 0.1240 
     D244134  3 0.0430 0.1450 0.4828 0.2595 0.0698 
     D244135  3 0.0806 0.6764 0.0315 0.0948 0.1166 
     D244136  3 0.1023 0.0795 0.3994 0.1533 0.2655 
        D416  3 0.1561 0.2099 0.0601 0.3366 0.2372 
        D417  3 0.1328 0.0499 0.0358 0.0234 0.7581 
        D419  3 0.1042 0.3027 0.1631 0.2167 0.2133 
        D565  3 0.0213 0.0238 0.8850 0.0293 0.0407 
        D566  3 0.0433 0.0347 0.4992 0.3546 0.0682 
        D567  3 0.0484 0.1494 0.0460 0.0375 0.7186 
        D568  3 0.1751 0.2638 0.0264 0.2013 0.3334 
        D569  3 0.5271 0.1333 0.0771 0.1821 0.0804 
        D573  3 0.0352 0.0326 0.0282 0.7446 0.1595 
        D574  3 0.1192 0.0703 0.6911 0.0576 0.0618 
        D575  3 0.0735 0.2895 0.3430 0.1079 0.1861 
        D576  3 0.0584 0.0267 0.0629 0.8411 0.0110 
        D577  3 0.1463 0.0800 0.0782 0.0417 0.6538 
        D578  3 0.1118 0.8230 0.0182 0.0278 0.0192 
        D579  3 0.0944 0.0768 0.3442 0.1916 0.2930 
        D660  3 0.1795 0.1605 0.0383 0.5875 0.0342 
        D661  3 0.1539 0.0643 0.0246 0.7129 0.0443 
        D663  3 0.0956 0.0251 0.0377 0.7852 0.0565 
        D664  3 0.1538 0.3842 0.2405 0.1910 0.0305 
        D665  3 0.6952 0.1841 0.0170 0.0770 0.0267 
        D666  3 0.1207 0.3145 0.3226 0.0713 0.1709 
        D009  4 0.3963 0.3793 0.0383 0.0428 0.1434 
        D057  4 0.1582 0.3010 0.0625 0.3756 0.1026 
        D109  4 0.1801 0.6219 0.0880 0.0407 0.0692 
     D237222  4 0.0807 0.7125 0.1241 0.0363 0.0463 
     D237223  4 0.2175 0.3567 0.1052 0.2088 0.1118 
     D237224  4 0.1650 0.0731 0.0818 0.3771 0.3031 
     D237225  4 0.4273 0.2166 0.0639 0.0706 0.2217 
     D237299  4 0.7990 0.0703 0.0501 0.0574 0.0232 
     D237300  4 0.0416 0.0308 0.0794 0.8237 0.0245 
     D237306  4 0.1046 0.1117 0.5916 0.0581 0.1340 
     D237307  4 0.0907 0.0767 0.3614 0.0935 0.3778 
     D237308  4 0.0655 0.1857 0.0994 0.5666 0.0828 
     D237309  4 0.2490 0.2373 0.0448 0.0837 0.3852 
     D237317  4 0.0752 0.0674 0.6261 0.0305 0.2007 
     D237318  4 0.0232 0.0151 0.0317 0.9070 0.0230 
     D237319  4 0.3194 0.2840 0.0900 0.0979 0.2087 
     D237320  4 0.1416 0.3419 0.0557 0.3149 0.1459 
     D237321  4 0.0899 0.0680 0.1072 0.6723 0.0626 
     D237397  4 0.1179 0.1894 0.2585 0.3368 0.0974 
     D237398  4 0.1060 0.0418 0.0303 0.6556 0.1663 
     D237399  4 0.2316 0.1311 0.2824 0.1684 0.1865 
     D244001  4 0.1104 0.6538 0.0361 0.1221 0.0775 
        D289  4 0.1478 0.0668 0.3965 0.1499 0.2390 
        D290  4 0.7231 0.0567 0.0447 0.0704 0.1051 
        D294  4 0.5313 0.0376 0.0997 0.0974 0.2340 
        D295  4 0.2405 0.1466 0.0758 0.0509 0.4862 
        D301  4 0.0554 0.7977 0.0531 0.0716 0.0222 
        D302  4 0.3168 0.0378 0.0322 0.0293 0.5839 
        D303  4 0.0708 0.0738 0.7697 0.0518 0.0339 
        D304  4 0.5182 0.0400 0.1935 0.1053 0.1429 
        D305  4 0.7004 0.0580 0.0218 0.1336 0.0862 
        D306  4 0.7746 0.0629 0.0724 0.0194 0.0706 
        D307  4 0.0467 0.8319 0.0627 0.0393 0.0193 
        D327  4 0.0925 0.0408 0.1377 0.0726 0.6564 
        D328  4 0.3463 0.0691 0.4549 0.0510 0.0786 
        D329  4 0.2745 0.1523 0.0758 0.3122 0.1852 
        D330  4 0.3401 0.1950 0.0284 0.0437 0.3929 
        D331  4 0.2074 0.1601 0.1960 0.1694 0.2671 
        D333  4 0.2479 0.2033 0.2426 0.1951 0.1112 
        D334  4 0.1393 0.0637 0.5899 0.0412 0.1658 
        D335  4 0.1276 0.0392 0.0552 0.0440 0.7341 
        D370  4 0.2774 0.2155 0.3822 0.0516 0.0732 
        D371  4 0.0271 0.0259 0.8024 0.0371 0.1075 
        D372  4 0.2162 0.0235 0.0677 0.6745 0.0181 
        D373  4 0.0438 0.7255 0.0306 0.1574 0.0427 
        D455  4 0.0469 0.8465 0.0293 0.0448 0.0325 
        D490  4 0.0400 0.8947 0.0285 0.0132 0.0237 
        D497  4 0.0805 0.8221 0.0326 0.0355 0.0294 
        D498  4 0.2587 0.2211 0.2737 0.1278 0.1187 
        D499  4 0.2919 0.0513 0.2150 0.3995 0.0423 
        D514  4 0.4536 0.0574 0.0329 0.0337 0.4224 
        D515  4 0.5351 0.2589 0.0561 0.0570 0.0929 
        D516  4 0.0835 0.3277 0.1395 0.1657 0.2837 
        D517  4 0.0786 0.6913 0.0314 0.0900 0.1088 
        D518  4 0.2197 0.2934 0.2056 0.1255 0.1558 
        D519  4 0.2448 0.3840 0.0322 0.1909 0.1481 
        D560  4 0.4172 0.1656 0.0317 0.2285 0.1569 
        D561  4 0.6789 0.1265 0.0156 0.0417 0.1372 
        D562  4 0.5110 0.1383 0.1406 0.0927 0.1174 
        D563  4 0.2531 0.0883 0.0334 0.5152 0.1100 
        D572  4 0.5433 0.0794 0.0766 0.0568 0.2438 
        D629  4 0.1133 0.2352 0.0710 0.0525 0.5281 
        D630  4 0.4935 0.1090 0.1262 0.0819 0.1894 
        D631  4 0.3639 0.0743 0.0935 0.3759 0.0924 
        D632  4 0.0519 0.7053 0.0343 0.1257 0.0828 
        D646  4 0.1232 0.2836 0.0375 0.1386 0.4171 
        D647  4 0.1867 0.1291 0.0210 0.0712 0.5920 
        D648  4 0.6144 0.0368 0.2844 0.0299 0.0346 
        D649  4 0.1233 0.2572 0.0427 0.0322 0.5446 
        D650  4 0.2292 0.1453 0.2329 0.0816 0.3111 
        D708  4 0.2216 0.0598 0.5960 0.0530 0.0696 
        D709  4 0.6878 0.0910 0.1202 0.0283 0.0727 
        D738  4 0.0684 0.2078 0.5329 0.0362 0.1547 
        D739  4 0.5801 0.2461 0.0640 0.0493 0.0605 
        D740  4 0.3279 0.2459 0.2077 0.1740 0.0445 
        D741  4 0.2999 0.1247 0.0309 0.2445 0.3000 
        D742  4 0.1300 0.0662 0.2481 0.4793 0.0764 
        D743  4 0.1141 0.0310 0.0673 0.0862 0.7014 
        D744  4 0.4033 0.0798 0.0448 0.1744 0.2977 
        D745  4 0.3529 0.4542 0.0357 0.0779 0.0794 
        D814  4 0.2297 0.0464 0.0302 0.6114 0.0823 
        D815  4 0.4508 0.0623 0.0821 0.0565 0.3484 
        D828  4 0.4717 0.0436 0.3200 0.1444 0.0203 
        D845  4 0.0169 0.0147 0.1032 0.8226 0.0426 
        D846  4 0.2664 0.0972 0.0223 0.2711 0.3430 
        D847  4 0.2980 0.1861 0.1757 0.1471 0.1932 
        D848  4 0.0412 0.6517 0.0299 0.2549 0.0222 
        D849  4 0.3708 0.4577 0.0306 0.0688 0.0721 
        D850  4 0.1185 0.1475 0.1050 0.1917 0.4373 
        D856  4 0.5831 0.2315 0.0689 0.0276 0.0889 
        D857  4 0.0640 0.8278 0.0433 0.0496 0.0153 
        D859  4 0.4465 0.0399 0.1159 0.1858 0.2118 
        D860  4 0.0357 0.0275 0.5924 0.1727 0.1717 
        D883  4 0.1495 0.2657 0.2280 0.0552 0.3017 
        D884  4 0.3081 0.2922 0.1760 0.0413 0.1824 
        D885  4 0.2610 0.1106 0.0547 0.2987 0.2750 
        D886  4 0.2512 0.4206 0.0432 0.0846 0.2003 
        D887  4 0.2567 0.0949 0.1411 0.3303 0.1770 
        D889  4 0.6440 0.0214 0.0519 0.2066 0.0761 
        D890  4 0.2548 0.2184 0.3450 0.0902 0.0917 
        D891  4 0.0159 0.0108 0.0196 0.9312 0.0224 
        D899  4 0.0859 0.0363 0.2310 0.5954 0.0513 
        D900  4 0.3053 0.1215 0.1640 0.1042 0.3051 
        D970  4 0.2563 0.1072 0.1335 0.1394 0.3637 
        D971  4 0.1338 0.1041 0.0626 0.5231 0.1764 
        D979  4 0.1333 0.0179 0.0460 0.0339 0.7689 
        D093  5 0.0712 0.0555 0.7648 0.0623 0.0461 
        D154  5 0.2280 0.0436 0.1438 0.5044 0.0802 
        D168  5 0.1582 0.2284 0.0324 0.4081 0.1729 
        D189  5 0.1651 0.0457 0.4889 0.2352 0.0651 
        D190  5 0.0568 0.0250 0.8182 0.0545 0.0453 
     D237220  5 0.3806 0.3537 0.1298 0.0700 0.0660 
     D237221  5 0.0958 0.0518 0.5174 0.2254 0.1096 
     D237274  5 0.0728 0.0246 0.0218 0.0259 0.8549 
     D237275  5 0.0904 0.0346 0.0473 0.8002 0.0276 
     D237276  5 0.2572 0.2075 0.2705 0.0819 0.1829 
     D237277  5 0.0572 0.0369 0.7115 0.1516 0.0428 
     D237278  5 0.1368 0.1445 0.3257 0.3416 0.0514 
     D237279  5 0.1383 0.6234 0.0282 0.0351 0.1749 
     D237280  5 0.1142 0.5811 0.0975 0.0339 0.1733 
     D237281  5 0.0245 0.0205 0.0149 0.9040 0.0361 
     D237351  5 0.0536 0.7114 0.1397 0.0422 0.0531 
     D237352  5 0.1174 0.4694 0.0900 0.0840 0.2392 
     D237353  5 0.0266 0.0251 0.8863 0.0324 0.0296 
     D237359  5 0.4495 0.1735 0.1140 0.1357 0.1273 
     D237361  5 0.0231 0.0188 0.9171 0.0197 0.0213 
     D237362  5 0.0971 0.0981 0.3699 0.1131 0.3219 
     D237363  5 0.3748 0.0815 0.1336 0.2889 0.1212 
     D237364  5 0.3949 0.1249 0.0287 0.2848 0.1668 
     D237376  5 0.4029 0.0271 0.4948 0.0565 0.0186 
     D237377  5 0.0445 0.2733 0.1429 0.0610 0.4785 
     D237378  5 0.1600 0.0451 0.6710 0.0938 0.0301 
     D237379  5 0.3592 0.0468 0.4747 0.0733 0.0460 
     D237380  5 0.0833 0.7373 0.1157 0.0206 0.0431 
     D237381  5 0.1091 0.6132 0.1133 0.0786 0.0858 
     D237391  5 0.0383 0.0397 0.7924 0.0548 0.0748 
     D237392  5 0.0939 0.0737 0.0483 0.1470 0.6372 
     D237393  5 0.0597 0.1356 0.3539 0.0665 0.3843 
     D237394  5 0.0232 0.0219 0.9149 0.0153 0.0247 
     D237395  5 0.2276 0.1471 0.4407 0.1374 0.0471 
     D237396  5 0.0454 0.1084 0.1398 0.0834 0.6229 
     D244016  5 0.2941 0.0393 0.4105 0.1496 0.1065 
     D244018  5 0.0512 0.1227 0.2140 0.5024 0.1097 
     D244019  5 0.2334 0.0433 0.1539 0.1717 0.3977 
        D279  5 0.2568 0.0862 0.0934 0.4665 0.0972 
        D280  5 0.1312 0.0906 0.4090 0.1603 0.2088 
        D281  5 0.0747 0.0190 0.0652 0.8007 0.0404 
        D283  5 0.0376 0.0313 0.6209 0.0683 0.2420 
        D284  5 0.3398 0.3517 0.0702 0.1128 0.1256 
        D285  5 0.1490 0.0500 0.5951 0.0812 0.1247 
        D286  5 0.4354 0.0705 0.2660 0.0797 0.1484 
        D287  5 0.4259 0.0655 0.4484 0.0367 0.0235 
        D288  5 0.0729 0.0368 0.2923 0.1847 0.4133 
        D308  5 0.0285 0.8052 0.0239 0.0263 0.1160 
        D309  5 0.4652 0.0428 0.0234 0.0229 0.4457 
        D310  5 0.0609 0.0185 0.8650 0.0175 0.0381 
        D311  5 0.3603 0.0522 0.2928 0.0642 0.2305 
        D312  5 0.2092 0.0812 0.4760 0.0674 0.1662 
        D313  5 0.0152 0.9322 0.0246 0.0140 0.0140 
        D314  5 0.2964 0.1461 0.2048 0.2912 0.0615 
        D315  5 0.0938 0.1216 0.5072 0.0530 0.2245 
        D317  5 0.0289 0.0252 0.8652 0.0351 0.0456 
        D318  5 0.2867 0.1156 0.1552 0.1732 0.2693 
        D319  5 0.0309 0.0254 0.8794 0.0343 0.0300 
        D320  5 0.0796 0.0406 0.8150 0.0249 0.0399 
        D321  5 0.0355 0.6949 0.1192 0.0715 0.0789 
        D336  5 0.2112 0.0257 0.7019 0.0245 0.0367 
        D337  5 0.0168 0.0130 0.9074 0.0310 0.0318 
        D338  5 0.1999 0.1256 0.2364 0.1841 0.2541 
        D339  5 0.0496 0.0667 0.7617 0.0725 0.0496 
        D347  5 0.3612 0.0471 0.1459 0.1119 0.3340 
        D348  5 0.0577 0.0167 0.8665 0.0244 0.0346 
        D349  5 0.0302 0.8440 0.0760 0.0249 0.0250 
        D350  5 0.6445 0.0372 0.0281 0.0541 0.2362 
        D355  5 0.1931 0.0211 0.0496 0.4491 0.2871 
        D356  5 0.1333 0.1317 0.4290 0.0427 0.2633 
        D357  5 0.4187 0.1003 0.2779 0.0815 0.1216 
        D358  5 0.0989 0.1236 0.5654 0.0711 0.1411 
        D359  5 0.0500 0.0224 0.5648 0.0179 0.3449 
        D360  5 0.1004 0.1296 0.5751 0.0299 0.1650 
        D361  5 0.0213 0.8903 0.0340 0.0213 0.0331 
        D366  5 0.0416 0.0460 0.0306 0.2084 0.6734 
        D367  5 0.1851 0.0564 0.6953 0.0276 0.0354 
        D368  5 0.1358 0.1982 0.4817 0.0416 0.1427 
        D380  5 0.2369 0.1184 0.0583 0.0916 0.4948 
        D381  5 0.0706 0.0408 0.7446 0.0440 0.1000 
        D400  5 0.2455 0.0486 0.3437 0.2541 0.1081 
        D411  5 0.0723 0.8548 0.0201 0.0243 0.0285 
        D412  5 0.2438 0.2301 0.1975 0.1775 0.1511 
        D413  5 0.0774 0.0552 0.0348 0.7618 0.0708 
        D414  5 0.5160 0.0332 0.0350 0.3072 0.1085 
        D420  5 0.4214 0.2522 0.1049 0.1568 0.0647 
        D431  5 0.4313 0.0999 0.2546 0.1957 0.0185 
        D432  5 0.0468 0.1560 0.5810 0.1239 0.0924 
        D433  5 0.0556 0.0458 0.6973 0.1082 0.0931 
        D434  5 0.0644 0.1018 0.5887 0.0571 0.1879 
        D440  5 0.7089 0.0538 0.0307 0.0290 0.1776 
        D447  5 0.2146 0.1023 0.0375 0.0766 0.5690 
        D448  5 0.1521 0.0210 0.7045 0.0556 0.0668 
        D459  5 0.0514 0.0195 0.0406 0.7703 0.1182 
        D460  5 0.0249 0.7382 0.1146 0.0314 0.0909 
        D461  5 0.4726 0.0310 0.0493 0.0340 0.4131 
        D468  5 0.1864 0.1030 0.3166 0.0672 0.3268 
        D469  5 0.0987 0.1602 0.1348 0.0491 0.5573 
        D470  5 0.3979 0.2179 0.1824 0.0706 0.1312 
        D471  5 0.1421 0.0216 0.6479 0.0914 0.0970 
        D472  5 0.0199 0.0244 0.0229 0.1622 0.7705 
        D479  5 0.0868 0.0374 0.0370 0.8023 0.0365 
        D485  5 0.5972 0.0810 0.1773 0.0721 0.0725 
        D486  5 0.3193 0.2117 0.2077 0.0487 0.2127 
        D487  5 0.1828 0.0360 0.2859 0.4621 0.0332 
        D555  5 0.0302 0.0242 0.8669 0.0471 0.0316 
        D556  5 0.2465 0.0918 0.3953 0.1835 0.0830 
        D557  5 0.0195 0.0273 0.8822 0.0337 0.0373 
        D564  5 0.2075 0.1578 0.5147 0.0501 0.0700 
        D594  5 0.2839 0.0865 0.1735 0.0957 0.3603 
        D595  5 0.1027 0.0765 0.5129 0.1338 0.1741 
        D596  5 0.0176 0.0288 0.8937 0.0293 0.0306 
        D597  5 0.0542 0.0342 0.3463 0.3584 0.2069 
        D598  5 0.1035 0.2168 0.4678 0.0954 0.1164 
        D617  5 0.0830 0.6651 0.0310 0.1684 0.0526 
        D618  5 0.0695 0.0619 0.6027 0.1420 0.1240 
        D619  5 0.0471 0.3330 0.2262 0.0662 0.3275 
        D620  5 0.0200 0.0210 0.0343 0.8781 0.0467 
        D628  5 0.4151 0.1987 0.1999 0.0686 0.1177 
        D714  5 0.2018 0.0428 0.3960 0.3300 0.0295 
        D715  5 0.0327 0.0317 0.7159 0.1031 0.1166 
        D716  5 0.4640 0.0401 0.1394 0.1849 0.1716 
        D717  5 0.1448 0.1310 0.1947 0.0689 0.4606 
        D718  5 0.6441 0.1323 0.1345 0.0630 0.0261 
        D769  5 0.1390 0.6120 0.0399 0.1559 0.0532 
        D770  5 0.2355 0.0581 0.2599 0.3442 0.1022 
        D771  5 0.2461 0.1474 0.1861 0.3374 0.0830 
        D772  5 0.2567 0.0645 0.5008 0.0688 0.1092 
        D782  5 0.1421 0.3225 0.0436 0.2828 0.2090 
        D783  5 0.2369 0.0382 0.1528 0.5183 0.0538 
        D784  5 0.1462 0.0633 0.1211 0.0785 0.5910 
        D785  5 0.0906 0.0595 0.7601 0.0307 0.0591 
        D786  5 0.1529 0.5539 0.0254 0.0550 0.2128 
        D821  5 0.0179 0.0099 0.9358 0.0175 0.0188 
        D822  5 0.1468 0.0412 0.1924 0.0879 0.5318 
        D826  5 0.0944 0.0382 0.5513 0.2339 0.0822 
        D827  5 0.1860 0.0311 0.0588 0.1105 0.6136 
        D851  5 0.2127 0.1395 0.2951 0.1139 0.2388 
        D852  5 0.1469 0.1079 0.3112 0.3910 0.0430 
        D853  5 0.3050 0.0722 0.3775 0.1139 0.1315 
        D854  5 0.3955 0.0720 0.0462 0.2109 0.2754 
        D861  5 0.2196 0.1108 0.2618 0.2637 0.1441 
        D862  5 0.1066 0.0473 0.4484 0.0326 0.3652 
        D865  5 0.0448 0.0472 0.8054 0.0617 0.0409 
        D868  5 0.0768 0.0678 0.0980 0.0557 0.7017 
        D869  5 0.0281 0.8382 0.0491 0.0300 0.0546 
        D870  5 0.7815 0.0760 0.0159 0.0763 0.0503 
        D907  5 0.0678 0.0715 0.7982 0.0320 0.0305 
        D908  5 0.0878 0.0808 0.3000 0.4898 0.0416 
        D910  5 0.0732 0.0367 0.4923 0.2903 0.1074 
        D911  5 0.1486 0.0189 0.0617 0.5618 0.2089 
        D934  5 0.2816 0.0522 0.1512 0.3959 0.1190 
        D946  5 0.5002 0.0836 0.1490 0.2324 0.0348 
        D947  5 0.5035 0.0876 0.0991 0.0810 0.2288 
        D948  5 0.0196 0.7778 0.1299 0.0209 0.0518 
        D949  5 0.0237 0.8296 0.0751 0.0231 0.0485 
        D950  5 0.1173 0.0199 0.0670 0.6218 0.1740 
        D951  5 0.2323 0.0724 0.0425 0.0269 0.6258 
        D952  5 0.0528 0.0370 0.1234 0.0553 0.7315 
        D953  5 0.0576 0.0623 0.6953 0.0550 0.1298 
        D954  5 0.0476 0.0498 0.3604 0.0299 0.5123 
        D961  5 0.5880 0.0595 0.2698 0.0470 0.0356 
        D962  5 0.1790 0.0378 0.7059 0.0133 0.0639 
        D963  5 0.1536 0.0334 0.3591 0.1085 0.3455 
        D964  5 0.4969 0.1658 0.1388 0.1321 0.0664 
        D965  5 0.5802 0.0776 0.1257 0.1169 0.0995 
        D966  5 0.1055 0.0428 0.4288 0.1884 0.2345 
        D967  5 0.1035 0.1527 0.3676 0.2998 0.0764 
        D991  5 0.3330 0.3031 0.1994 0.0553 0.1091 
        D502  6 0.6855 0.0854 0.0238 0.1740 0.0313 
        D503  6 0.1204 0.2492 0.0582 0.5421 0.0301 
        D504  6 0.1726 0.0887 0.1387 0.1103 0.4898 
        D505  6 0.1320 0.1144 0.4912 0.1413 0.1210 
        D506  6 0.0166 0.0244 0.9129 0.0132 0.0330 
        D507  6 0.3569 0.1589 0.0823 0.2587 0.1431 
        D508  6 0.5880 0.0409 0.0413 0.0893 0.2405 
        D529  6 0.2337 0.2530 0.2099 0.0899 0.2135 
        D530  6 0.4130 0.1645 0.3290 0.0669 0.0266 
        D531  6 0.3431 0.0765 0.1623 0.0947 0.3235 
        D532  6 0.2159 0.0495 0.3552 0.0703 0.3090 
        D534  6 0.0682 0.7944 0.0241 0.0477 0.0656 
        D535  6 0.1366 0.1188 0.4163 0.0326 0.2957 
        D536  6 0.0786 0.1177 0.0254 0.7518 0.0265 
        D554  6 0.4294 0.0964 0.3673 0.0464 0.0605 
        D587  6 0.0570 0.0576 0.7193 0.0612 0.1049 
        D588  6 0.0762 0.0737 0.4413 0.0443 0.3645 
        D589  6 0.1755 0.1187 0.1895 0.4682 0.0482 
        D590  6 0.0522 0.0921 0.0462 0.7232 0.0863 
        D591  6 0.2171 0.1537 0.2362 0.2850 0.1079 
        D592  6 0.0316 0.8165 0.0603 0.0439 0.0477 
        D593  6 0.4891 0.0624 0.3652 0.0570 0.0263 
        D682  6 0.0340 0.0395 0.8660 0.0282 0.0323 
        D683  6 0.0823 0.0482 0.2817 0.0269 0.5608 
        D684  6 0.2405 0.3218 0.0200 0.3629 0.0548 
        D685  6 0.6828 0.0773 0.0522 0.1598 0.0280 
        D686  6 0.2777 0.0567 0.5598 0.0359 0.0698 
        D724  6 0.4821 0.1213 0.0347 0.0982 0.2637 
        D725  6 0.3598 0.0651 0.2288 0.2682 0.0780 
        D726  6 0.0321 0.0226 0.8901 0.0222 0.0329 
        D727  6 0.0688 0.0735 0.0907 0.3476 0.4194 
        D728  6 0.1288 0.0674 0.7080 0.0366 0.0592 
        D729  6 0.0583 0.3585 0.0203 0.1469 0.4160 
        D730  6 0.3553 0.2287 0.0436 0.2066 0.1659 
        D731  6 0.0222 0.0224 0.7436 0.1928 0.0190 
        D732  6 0.2794 0.0856 0.0737 0.0716 0.4897 
        D733  6 0.4586 0.2058 0.1438 0.0835 0.1082 
     D237251  7 0.3507 0.0563 0.0948 0.4476 0.0505 
     D237252  7 0.2728 0.3945 0.0482 0.2332 0.0513 
     D237253  7 0.2630 0.0530 0.2262 0.3620 0.0958 
     D237254  7 0.1087 0.7980 0.0209 0.0435 0.0289 
     D237255  7 0.0809 0.0289 0.0883 0.7551 0.0468 
     D237256  7 0.3672 0.0294 0.0514 0.4318 0.1201 
     D237257  7 0.5683 0.2043 0.0377 0.0760 0.1138 
     D237282  7 0.0845 0.1481 0.0361 0.0757 0.6557 
     D237283  7 0.0731 0.8504 0.0267 0.0374 0.0124 
     D237284  7 0.0611 0.8110 0.0257 0.0307 0.0715 
     D237285  7 0.3971 0.0607 0.2623 0.2063 0.0737 
     D237286  7 0.2694 0.0904 0.2363 0.1622 0.2417 
     D237287  7 0.1434 0.0667 0.0602 0.5604 0.1693 
     D244006  7 0.0555 0.8595 0.0236 0.0309 0.0305 
     D244007  7 0.1316 0.0844 0.0595 0.5131 0.2113 
     D244008  7 0.0966 0.7625 0.0816 0.0351 0.0242 
     D244009  7 0.2170 0.4875 0.1082 0.0464 0.1408 
     D244010  7 0.6217 0.1995 0.0458 0.0821 0.0509 
     D244011  7 0.5089 0.1178 0.2111 0.1215 0.0405 
     D244012  7 0.5013 0.1042 0.0406 0.2492 0.1046 
     D244013  7 0.1684 0.0683 0.1949 0.4352 0.1332 
     D244014  7 0.2378 0.4100 0.0587 0.2133 0.0802 
     D244015  7 0.3319 0.3875 0.0382 0.1077 0.1347 
     D244125  7 0.0927 0.0520 0.4340 0.2256 0.1957 
     D244126  7 0.1137 0.8326 0.0139 0.0198 0.0200 
     D244130  7 0.4200 0.3040 0.0881 0.1232 0.0647 
     D244131  7 0.1137 0.1854 0.4056 0.0686 0.2267 
     D244132  7 0.1749 0.0649 0.3806 0.0398 0.3398 
        D520  7 0.5147 0.2076 0.1546 0.0347 0.0884 
        D521  7 0.5255 0.1408 0.0628 0.0839 0.1870 
        D522  7 0.0554 0.6461 0.0785 0.0713 0.1487 
        D523  7 0.1443 0.0592 0.0929 0.6518 0.0519 
        D524  7 0.1400 0.1439 0.2313 0.3778 0.1071 
        D525  7 0.0562 0.5582 0.0440 0.3003 0.0413 
        D526  7 0.0561 0.8429 0.0197 0.0304 0.0508 
        D527  7 0.4212 0.1358 0.1028 0.0927 0.2476 
        D528  7 0.3891 0.0359 0.0174 0.0132 0.5443 
        D558  7 0.4114 0.2290 0.0366 0.1142 0.2088 
        D559  7 0.5468 0.1074 0.0204 0.1323 0.1931 
        D640  7 0.1256 0.0823 0.4663 0.1597 0.1660 
        D641  7 0.1742 0.2074 0.4153 0.1711 0.0320 
        D642  7 0.0961 0.6358 0.0600 0.1468 0.0613 
        D644  7 0.1457 0.3296 0.3018 0.1144 0.1085 
        D645  7 0.2007 0.1835 0.1387 0.3170 0.1602 
        D662  7 0.0276 0.6230 0.1161 0.0181 0.2152 
        D687  7 0.5748 0.0639 0.0867 0.1707 0.1039 
        D688  7 0.3032 0.1505 0.0341 0.1509 0.3613 
        D689  7 0.1355 0.1233 0.3906 0.1479 0.2028 
        D700  7 0.3694 0.0147 0.0158 0.0172 0.5829 
        D797  7 0.3327 0.1166 0.2260 0.1372 0.1874 
        D798  7 0.2144 0.6400 0.0444 0.0303 0.0709 
        D799  7 0.3215 0.1838 0.0421 0.4065 0.0460 
        D800  7 0.1783 0.1123 0.0335 0.1014 0.5745 
        D132  8 0.0362 0.8458 0.0466 0.0256 0.0458 
        D133  8 0.0393 0.0442 0.0180 0.8835 0.0150 
        D200  8 0.8738 0.0264 0.0241 0.0463 0.0294 
        D500  8 0.0250 0.9136 0.0214 0.0157 0.0243 
        D614  8 0.2549 0.1490 0.4576 0.0425 0.0961 
        D723  8 0.0948 0.2924 0.0422 0.1374 0.4332 
        D888  8 0.1128 0.0337 0.0620 0.7456 0.0460 
        D901  8 0.7131 0.1175 0.0674 0.0769 0.0252 
        D902  8 0.1136 0.0449 0.7586 0.0453 0.0376 
        D903  8 0.2544 0.0295 0.1017 0.0651 0.5493 
        D904  8 0.2415 0.1884 0.1206 0.0899 0.3596 
        D905  8 0.0899 0.0181 0.1785 0.6960 0.0175 
        D906  8 0.1579 0.0992 0.0590 0.5595 0.1244 
        D937  8 0.0609 0.0267 0.8380 0.0581 0.0162 
        D943  8 0.4629 0.2678 0.0532 0.1134 0.1027 
        D972  8 0.2330 0.2793 0.0544 0.1020 0.3313 
        D973  8 0.0884 0.1477 0.0473 0.0286 0.6881 
        D974  8 0.3063 0.1901 0.1656 0.1491 0.1889 
        D975  8 0.7474 0.0422 0.0835 0.0904 0.0365 
        D976  8 0.5198 0.1557 0.1579 0.1131 0.0536 
        D201  9 0.3391 0.0906 0.0510 0.4151 0.1041 
        D202  9 0.7445 0.0562 0.0497 0.1296 0.0200 
     D237259  9 0.3141 0.1664 0.0264 0.0960 0.3969 
     D237260  9 0.2392 0.1731 0.0569 0.5042 0.0267 
     D237262  9 0.0369 0.8926 0.0273 0.0169 0.0263 
     D237263  9 0.1191 0.5595 0.0355 0.2009 0.0850 
     D237264  9 0.2259 0.3298 0.1767 0.1644 0.1032 
     D237265  9 0.0704 0.0682 0.0633 0.7676 0.0305 
     D237266  9 0.0234 0.3553 0.0328 0.5289 0.0597 
     D237267  9 0.6468 0.0935 0.1521 0.0656 0.0421 
     D237268  9 0.3328 0.4196 0.0617 0.0479 0.1381 
     D237289  9 0.0974 0.0718 0.3286 0.4698 0.0324 
     D237290  9 0.0354 0.0343 0.0197 0.8841 0.0265 
     D237291  9 0.0899 0.0639 0.0897 0.7140 0.0425 
     D237292  9 0.1390 0.1527 0.0330 0.6382 0.0371 
     D237293  9 0.3345 0.2799 0.1665 0.0909 0.1281 
     D237294  9 0.4085 0.3647 0.0564 0.1455 0.0249 
     D237295  9 0.2022 0.2573 0.1803 0.0305 0.3297 
     D237296  9 0.4523 0.1408 0.1253 0.2057 0.0759 
     D237297  9 0.4225 0.0520 0.4130 0.0593 0.0531 
     D237298  9 0.2792 0.1728 0.0729 0.2197 0.2553 
     D237341  9 0.2688 0.1031 0.0849 0.4343 0.1090 
     D237342  9 0.3413 0.4868 0.0653 0.0698 0.0368 
     D237343  9 0.1256 0.4909 0.0449 0.2710 0.0676 
     D237344  9 0.1679 0.1475 0.4145 0.1962 0.0738 
     D237345  9 0.1674 0.7339 0.0161 0.0484 0.0342 
     D237346  9 0.0863 0.2021 0.1737 0.5004 0.0374 
     D237347  9 0.0895 0.0753 0.6723 0.1006 0.0623 
     D237348  9 0.1417 0.4200 0.1332 0.2059 0.0992 
     D237349  9 0.0429 0.1823 0.0242 0.4060 0.3445 
     D244109  9 0.1440 0.1388 0.0170 0.6051 0.0951 
     D244110  9 0.0803 0.0736 0.0359 0.7592 0.0511 
     D244111  9 0.4678 0.1121 0.0768 0.2122 0.1312 
     D244128  9 0.4279 0.4459 0.0288 0.0565 0.0408 
     D244137  9 0.0717 0.1879 0.0957 0.0674 0.5772 
     D244138  9 0.4122 0.1346 0.1202 0.2907 0.0424 
        D580  9 0.6587 0.2248 0.0447 0.0205 0.0513 
        D581  9 0.0934 0.0385 0.0227 0.8252 0.0202 
        D582  9 0.1626 0.7769 0.0230 0.0159 0.0216 
        D583  9 0.0573 0.1289 0.0234 0.7717 0.0188 
        D584  9 0.2903 0.2608 0.3575 0.0531 0.0383 
        D585  9 0.2744 0.4352 0.0266 0.2081 0.0557 
        D586  9 0.0340 0.0377 0.1411 0.7484 0.0388 
        D651  9 0.0485 0.0873 0.2299 0.1435 0.4907 
        D652  9 0.0763 0.5230 0.0235 0.1376 0.2396 
        D653  9 0.1744 0.0476 0.0847 0.4154 0.2779 
        D654  9 0.1662 0.2952 0.0366 0.2612 0.2408 
        D655  9 0.1210 0.0804 0.3626 0.3122 0.1239 
        D656  9 0.0930 0.7695 0.0272 0.0380 0.0723 
        D657  9 0.5266 0.2509 0.0736 0.0941 0.0549 
        D667  9 0.0853 0.0850 0.5967 0.1566 0.0763 
        D668  9 0.0924 0.5546 0.1089 0.1831 0.0610 
        D669  9 0.3567 0.1202 0.0701 0.3870 0.0660 
        D670  9 0.1130 0.0505 0.0505 0.0674 0.7186 
        D671  9 0.1777 0.0676 0.0646 0.6517 0.0385 
        D672  9 0.3325 0.4965 0.0289 0.0979 0.0441 
        D673  9 0.3225 0.2312 0.2285 0.0983 0.1196 
        D692  9 0.1420 0.3889 0.0347 0.3560 0.0785 
        D693  9 0.1810 0.2398 0.3009 0.1258 0.1524 
        D694  9 0.2749 0.6104 0.0425 0.0410 0.0312 
        D695  9 0.0670 0.5608 0.1136 0.0572 0.2014 
        D696  9 0.0491 0.0155 0.8977 0.0190 0.0187 
        D697  9 0.0492 0.1340 0.5209 0.1874 0.1085 
        D698  9 0.1392 0.0984 0.2920 0.4303 0.0401 
        D699  9 0.1785 0.0993 0.5910 0.1082 0.0230 
        D787  9 0.0512 0.3448 0.0359 0.1542 0.4139 
        D788  9 0.3506 0.0947 0.4569 0.0360 0.0618 
        D789  9 0.5481 0.1489 0.1376 0.1256 0.0399 
        D790  9 0.0637 0.2981 0.1329 0.2863 0.2190 
        D791  9 0.4234 0.0505 0.1158 0.3809 0.0294 
        D792  9 0.0321 0.2651 0.0921 0.2555 0.3552 
        D793  9 0.0290 0.0530 0.6618 0.0570 0.1991 
        D794  9 0.0641 0.1020 0.3874 0.1603 0.2862 
        D795  9 0.2651 0.5866 0.0855 0.0432 0.0197 
        D796  9 0.2365 0.0801 0.1420 0.5040 0.0375 
        D142 10 0.3874 0.0477 0.3042 0.1271 0.1336 
        D143 10 0.0482 0.0313 0.0724 0.8096 0.0385 
        D144 10 0.1788 0.2187 0.3450 0.0827 0.1748 
        D145 10 0.2166 0.0364 0.0453 0.6627 0.0390 
        D146 10 0.4115 0.4231 0.0558 0.0425 0.0671 
        D147 10 0.7619 0.0541 0.0490 0.0704 0.0646 
        D148 10 0.7715 0.0394 0.0704 0.0546 0.0641 
        D149 10 0.0542 0.0360 0.0314 0.8171 0.0613 
        D151 10 0.7031 0.0748 0.0699 0.1278 0.0244 
        D152 10 0.0411 0.0188 0.0185 0.9016 0.0200 
        D153 10 0.3124 0.0771 0.1406 0.0305 0.4394 
        D156 10 0.5450 0.0356 0.0353 0.0568 0.3272 
        D157 10 0.2537 0.2067 0.4310 0.0593 0.0493 
        D158 10 0.6559 0.0615 0.1350 0.1273 0.0203 
        D159 10 0.0268 0.0211 0.0297 0.8836 0.0389 
        D160 10 0.0229 0.0336 0.3842 0.5446 0.0147 
        D161 10 0.1324 0.1332 0.1792 0.1728 0.3824 
        D162 10 0.3986 0.0314 0.1172 0.1739 0.2789 
        D169 10 0.0369 0.8139 0.0310 0.0722 0.0461 
        D170 10 0.1410 0.6840 0.0815 0.0312 0.0623 
        D171 10 0.5950 0.0643 0.2216 0.0431 0.0760 
        D172 10 0.6035 0.0986 0.0611 0.1238 0.1130 
