        D174  1 0.1536 0.7119 0.0867 0.0478 
        D199  1 0.0760 0.2531 0.3923 0.2785 
        D203  1 0.2318 0.1640 0.2846 0.3197 
        D204  1 0.0498 0.0481 0.8574 0.0447 
     D237366  1 0.4672 0.1653 0.2198 0.1477 
     D237367  1 0.4090 0.1240 0.3694 0.0976 
     D237368  1 0.4649 0.1089 0.3231 0.1032 
     D244101  1 0.0419 0.0506 0.7172 0.1903 
     D244102  1 0.2695 0.3749 0.2184 0.1373 
     D244103  1 0.4859 0.1262 0.3128 0.0751 
     D244104  1 0.0649 0.1208 0.7348 0.0795 
     D244105  1 0.7281 0.0511 0.1399 0.0808 
     D244106  1 0.0690 0.6491 0.0818 0.2001 
     D244107  1 0.6616 0.0339 0.2217 0.0828 
     D244108  1 0.1796 0.5896 0.1526 0.0782 
     D244113  1 0.0419 0.8745 0.0339 0.0497 
     D244114  1 0.1508 0.3043 0.2446 0.3002 
     D244115  1 0.2057 0.4982 0.2212 0.0749 
     D267365  1 0.0860 0.3514 0.4604 0.1021 
        D404  1 0.0465 0.8354 0.0597 0.0584 
        D405  1 0.1118 0.5761 0.1784 0.1336 
        D406  1 0.7410 0.0691 0.1578 0.0322 
        D407  1 0.3156 0.0524 0.5344 0.0976 
        D408  1 0.0797 0.6682 0.1028 0.1493 
        D409  1 0.5038 0.1330 0.2802 0.0831 
        D410  1 0.7922 0.0712 0.1155 0.0211 
        D421  1 0.0475 0.0457 0.8359 0.0709 
        D422  1 0.8473 0.0262 0.0782 0.0483 
        D423  1 0.8563 0.0326 0.0799 0.0311 
        D424  1 0.1554 0.0641 0.7467 0.0337 
        D425  1 0.1085 0.2896 0.5318 0.0701 
        D426  1 0.4763 0.0531 0.2127 0.2579 
        D427  1 0.0591 0.1413 0.1735 0.6260 
        D428  1 0.1565 0.3048 0.4527 0.0861 
        D429  1 0.1097 0.3660 0.4389 0.0854 
        D430  1 0.1551 0.3480 0.2011 0.2958 
        D491  1 0.0461 0.7621 0.1558 0.0361 
        D492  1 0.1868 0.3678 0.3753 0.0700 
        D537  1 0.1184 0.1101 0.7334 0.0381 
        D538  1 0.3988 0.3161 0.1597 0.1254 
        D539  1 0.2042 0.3910 0.1018 0.3029 
        D540  1 0.3286 0.1992 0.3700 0.1022 
        D541  1 0.0490 0.0338 0.8786 0.0386 
        D551  1 0.1634 0.0776 0.1371 0.6219 
        D552  1 0.3132 0.2205 0.3652 0.1011 
        D553  1 0.0412 0.0379 0.8868 0.0341 
        D615  1 0.2330 0.1801 0.4176 0.1693 
        D616  1 0.3069 0.1161 0.3642 0.2128 
        D621  1 0.5459 0.2740 0.1067 0.0734 
        D622  1 0.7529 0.0815 0.1131 0.0525 
        D623  1 0.0585 0.6105 0.1087 0.2222 
        D624  1 0.0960 0.7511 0.0939 0.0590 
        D625  1 0.1072 0.1060 0.7578 0.0290 
        D626  1 0.2197 0.5619 0.1216 0.0969 
        D627  1 0.4302 0.0793 0.3153 0.1752 
        D690  1 0.0911 0.1084 0.7760 0.0245 
        D691  1 0.7262 0.0586 0.1668 0.0484 
        D710  1 0.1201 0.2086 0.5954 0.0760 
        D711  1 0.0946 0.1117 0.7388 0.0549 
        D712  1 0.0708 0.7722 0.0767 0.0803 
        D713  1 0.1106 0.6386 0.2135 0.0373 
        D746  1 0.7829 0.0386 0.1377 0.0408 
        D747  1 0.0335 0.0310 0.8973 0.0381 
        D748  1 0.3702 0.1270 0.4573 0.0455 
        D749  1 0.5741 0.2193 0.0799 0.1267 
        D750  1 0.0967 0.5982 0.2559 0.0491 
        D763  1 0.1400 0.0687 0.3946 0.3967 
        D764  1 0.1758 0.2155 0.5787 0.0300 
        D765  1 0.6027 0.2709 0.0700 0.0563 
        D766  1 0.4799 0.1535 0.3257 0.0409 
        D767  1 0.2965 0.2296 0.3145 0.1594 
        D768  1 0.0663 0.0347 0.8575 0.0414 
        D811  1 0.0794 0.8275 0.0524 0.0408 
        D816  1 0.0523 0.1034 0.8075 0.0368 
        D825  1 0.1844 0.5851 0.1928 0.0377 
        D866  1 0.0971 0.3244 0.1084 0.4701 
        D867  1 0.8227 0.0586 0.0651 0.0537 
        D871  1 0.4626 0.1424 0.3172 0.0778 
        D872  1 0.2104 0.1874 0.5388 0.0634 
        D873  1 0.9185 0.0378 0.0203 0.0234 
        D874  1 0.0441 0.3597 0.5069 0.0893 
        D875  1 0.6489 0.0922 0.2157 0.0433 
        D876  1 0.0993 0.1582 0.6959 0.0466 
        D877  1 0.0346 0.8387 0.0837 0.0431 
        D892  1 0.2263 0.3771 0.3523 0.0444 
        D893  1 0.1753 0.0706 0.6497 0.1044 
        D894  1 0.1179 0.1384 0.6720 0.0717 
        D915  1 0.2523 0.1482 0.5485 0.0511 
        D916  1 0.0425 0.0316 0.9017 0.0242 
        D917  1 0.0784 0.3826 0.3868 0.1521 
        D925  1 0.6568 0.1377 0.1522 0.0533 
        D926  1 0.1528 0.2483 0.5281 0.0707 
        D927  1 0.0750 0.1043 0.4640 0.3568 
        D928  1 0.0311 0.8237 0.1200 0.0252 
        D929  1 0.1941 0.5485 0.1897 0.0678 
        D936  1 0.0416 0.0823 0.7564 0.1197 
        D938  1 0.8350 0.0535 0.0808 0.0307 
        D956  1 0.0761 0.7872 0.0583 0.0784 
        D957  1 0.3263 0.1893 0.4193 0.0651 
        D958  1 0.2022 0.2326 0.5292 0.0359 
        D959  1 0.3440 0.0448 0.5289 0.0824 
        D960  1 0.8269 0.0778 0.0612 0.0340 
        D989  1 0.0614 0.5883 0.1331 0.2172 
        D990  1 0.8030 0.0608 0.0355 0.1007 
        D023  2 0.6005 0.0337 0.3315 0.0343 
        D130  2 0.7704 0.0410 0.1378 0.0509 
        D131  2 0.1653 0.0951 0.6117 0.1279 
        D163  2 0.7905 0.0461 0.1273 0.0361 
        D164  2 0.4448 0.0270 0.0375 0.4908 
        D165  2 0.6927 0.0345 0.2042 0.0686 
        D166  2 0.3625 0.2776 0.1768 0.1831 
        D167  2 0.0303 0.0796 0.0294 0.8608 
        D192  2 0.0247 0.0374 0.0238 0.9141 
        D193  2 0.0914 0.7870 0.0555 0.0661 
        D206  2 0.2537 0.1087 0.2810 0.3566 
        D207  2 0.0728 0.1019 0.1046 0.7207 
        D208  2 0.0971 0.4042 0.0963 0.4024 
        D209  2 0.1271 0.0772 0.2239 0.5718 
        D210  2 0.0729 0.3398 0.1775 0.4097 
     D229599  2 0.1772 0.2176 0.4135 0.1917 
     D229600  2 0.4443 0.0691 0.0816 0.4050 
     D237227  2 0.1831 0.5444 0.1112 0.1613 
     D237228  2 0.3445 0.4268 0.0432 0.1856 
     D237258  2 0.2094 0.2331 0.1523 0.4052 
     D237310  2 0.6432 0.2261 0.0346 0.0960 
     D237311  2 0.5919 0.1334 0.0428 0.2320 
     D237312  2 0.4788 0.3951 0.0672 0.0589 
     D237313  2 0.2359 0.2457 0.4164 0.1020 
     D237322  2 0.1625 0.2903 0.1079 0.4393 
     D237323  2 0.5838 0.3085 0.0378 0.0699 
     D237324  2 0.4525 0.0416 0.1444 0.3614 
     D237325  2 0.4770 0.3176 0.0994 0.1060 
     D237326  2 0.6022 0.1433 0.1852 0.0693 
     D237327  2 0.0896 0.0766 0.2208 0.6129 
     D237337  2 0.7622 0.1303 0.0668 0.0406 
     D237338  2 0.4349 0.2163 0.1519 0.1969 
     D237339  2 0.0638 0.0720 0.5050 0.3593 
     D237340  2 0.2670 0.4128 0.0457 0.2745 
     D237389  2 0.7053 0.1545 0.0484 0.0919 
     D237390  2 0.4423 0.3683 0.1172 0.0722 
     D244017  2 0.0856 0.5603 0.0699 0.2841 
     D244112  2 0.1133 0.0542 0.0305 0.8020 
     D244118  2 0.1993 0.0435 0.0335 0.7237 
     D244119  2 0.0514 0.5313 0.0441 0.3731 
     D244120  2 0.0778 0.3414 0.0343 0.5465 
     D244122  2 0.0934 0.1445 0.0555 0.7067 
        D291  2 0.1894 0.0974 0.1473 0.5659 
        D292  2 0.0648 0.1685 0.2616 0.5051 
        D293  2 0.0309 0.0259 0.4261 0.5171 
        D322  2 0.0693 0.0348 0.4808 0.4151 
        D323  2 0.1222 0.2731 0.2992 0.3055 
        D324  2 0.2096 0.1266 0.4222 0.2417 
        D325  2 0.0442 0.0202 0.1283 0.8074 
        D326  2 0.0291 0.0478 0.8773 0.0457 
        D340  2 0.0361 0.0213 0.0470 0.8956 
        D341  2 0.0574 0.0436 0.0587 0.8403 
        D342  2 0.2055 0.0601 0.0564 0.6780 
        D343  2 0.0232 0.0147 0.0415 0.9206 
        D344  2 0.1265 0.1726 0.5909 0.1099 
        D345  2 0.2025 0.0858 0.6266 0.0851 
        D346  2 0.0765 0.5668 0.1666 0.1901 
        D351  2 0.1530 0.0522 0.6570 0.1378 
        D352  2 0.2036 0.2863 0.2783 0.2319 
        D353  2 0.0487 0.0505 0.8163 0.0845 
        D354  2 0.1202 0.3839 0.4523 0.0436 
        D362  2 0.1176 0.1189 0.7062 0.0573 
        D363  2 0.0719 0.1531 0.7286 0.0463 
        D364  2 0.1005 0.1625 0.6904 0.0466 
        D365  2 0.0234 0.0275 0.0797 0.8694 
        D369  2 0.1378 0.1855 0.4141 0.2625 
        D374  2 0.0315 0.9119 0.0263 0.0303 
        D375  2 0.2334 0.2826 0.4102 0.0738 
        D376  2 0.0411 0.8729 0.0296 0.0564 
        D377  2 0.3102 0.4485 0.1016 0.1396 
        D378  2 0.0715 0.0403 0.6640 0.2242 
        D379  2 0.0533 0.0690 0.8367 0.0410 
        D384  2 0.0327 0.0578 0.8813 0.0282 
        D385  2 0.0329 0.0666 0.0407 0.8597 
        D386  2 0.0833 0.0518 0.7638 0.1011 
        D391  2 0.0343 0.0308 0.1236 0.8114 
        D392  2 0.1014 0.0940 0.1265 0.6781 
        D393  2 0.0705 0.0441 0.7463 0.1391 
        D394  2 0.4161 0.1428 0.3008 0.1403 
        D395  2 0.0836 0.0850 0.1475 0.6839 
        D401  2 0.8157 0.1023 0.0395 0.0426 
        D402  2 0.0319 0.0327 0.0508 0.8846 
        D403  2 0.2448 0.0886 0.5780 0.0886 
        D415  2 0.1619 0.0392 0.7654 0.0335 
        D435  2 0.0866 0.0275 0.6446 0.2413 
        D436  2 0.1168 0.2962 0.5080 0.0790 
        D438  2 0.0315 0.0431 0.0343 0.8911 
        D439  2 0.2229 0.0606 0.5110 0.2056 
        D449  2 0.1238 0.0428 0.2533 0.5802 
        D450  2 0.1706 0.4571 0.2947 0.0777 
        D456  2 0.0339 0.0294 0.9062 0.0304 
        D462  2 0.0372 0.0251 0.1328 0.8050 
        D463  2 0.0299 0.0499 0.8980 0.0222 
        D464  2 0.0654 0.1929 0.5953 0.1464 
        D465  2 0.1732 0.0682 0.4080 0.3506 
        D473  2 0.1519 0.6760 0.0813 0.0908 
        D474  2 0.0986 0.0779 0.6299 0.1936 
        D476  2 0.5180 0.0361 0.2219 0.2240 
        D477  2 0.0758 0.1400 0.7054 0.0788 
        D478  2 0.2564 0.4074 0.2122 0.1240 
        D480  2 0.0461 0.1176 0.5911 0.2451 
        D481  2 0.1574 0.1665 0.5400 0.1360 
        D482  2 0.1773 0.3495 0.1119 0.3613 
        D483  2 0.0400 0.0681 0.0367 0.8552 
        D484  2 0.1274 0.4010 0.1591 0.3125 
        D510  2 0.0536 0.7957 0.0490 0.1017 
        D511  2 0.0649 0.0462 0.7298 0.1592 
        D512  2 0.6771 0.0628 0.0714 0.1886 
        D513  2 0.1311 0.1063 0.2703 0.4923 
        D635  2 0.2421 0.0463 0.6559 0.0557 
        D636  2 0.8640 0.0395 0.0662 0.0303 
        D637  2 0.1254 0.2688 0.1448 0.4610 
        D658  2 0.0732 0.2474 0.0563 0.6230 
        D659  2 0.0718 0.0534 0.8155 0.0594 
        D677  2 0.2977 0.1123 0.3744 0.2156 
        D678  2 0.0942 0.0949 0.0555 0.7553 
        D679  2 0.0816 0.0946 0.6376 0.1862 
        D719  2 0.0389 0.2898 0.4223 0.2490 
        D720  2 0.0798 0.1195 0.7335 0.0672 
        D721  2 0.4560 0.0571 0.3147 0.1722 
        D722  2 0.0447 0.8409 0.0436 0.0708 
        D734  2 0.0399 0.4579 0.1887 0.3134 
        D735  2 0.1686 0.1361 0.5468 0.1485 
        D736  2 0.0932 0.4026 0.2256 0.2786 
        D737  2 0.0873 0.1251 0.0857 0.7020 
        D807  2 0.0937 0.3910 0.3509 0.1644 
        D808  2 0.3694 0.0841 0.2863 0.2602 
        D817  2 0.1152 0.2914 0.5176 0.0759 
        D818  2 0.1987 0.0737 0.2532 0.4744 
        D819  2 0.2544 0.1545 0.4918 0.0993 
        D820  2 0.0341 0.0374 0.8809 0.0477 
        D895  2 0.1775 0.0736 0.6733 0.0756 
        D896  2 0.8205 0.1042 0.0403 0.0350 
        D897  2 0.1112 0.0676 0.0671 0.7541 
        D898  2 0.2880 0.3558 0.1902 0.1661 
        D918  2 0.3838 0.1877 0.1960 0.2325 
        D919  2 0.0656 0.0471 0.5656 0.3217 
        D920  2 0.8236 0.0708 0.0638 0.0418 
        D923  2 0.0517 0.0550 0.8548 0.0384 
        D930  2 0.1252 0.2856 0.4542 0.1350 
        D931  2 0.0715 0.1513 0.5877 0.1895 
        D968  2 0.0258 0.0266 0.0513 0.8964 
        D969  2 0.0618 0.0975 0.5113 0.3294 
        D977  2 0.0842 0.0462 0.1116 0.7581 
        D978  2 0.0840 0.1461 0.1318 0.6381 
        D211  3 0.7180 0.0638 0.1384 0.0798 
     D229639  3 0.0555 0.1551 0.0856 0.7038 
     D237212  3 0.1921 0.1087 0.3039 0.3953 
     D237213  3 0.5050 0.0939 0.2903 0.1108 
     D237214  3 0.7929 0.0676 0.0997 0.0398 
     D237215  3 0.0313 0.1903 0.0303 0.7482 
     D237216  3 0.4610 0.0933 0.1696 0.2762 
     D237217  3 0.6713 0.0374 0.1980 0.0932 
     D237218  3 0.1071 0.0742 0.3637 0.4549 
     D237219  3 0.5115 0.2316 0.0775 0.1794 
     D237382  3 0.2395 0.4152 0.2347 0.1106 
     D244127  3 0.6861 0.0664 0.0772 0.1702 
     D244129  3 0.3389 0.1219 0.3411 0.1981 
     D244133  3 0.2399 0.3896 0.1365 0.2341 
     D244134  3 0.1691 0.2808 0.1319 0.4183 
     D244135  3 0.7447 0.0455 0.1166 0.0932 
     D244136  3 0.1258 0.4166 0.2960 0.1615 
        D416  3 0.2306 0.0879 0.3032 0.3782 
        D417  3 0.1189 0.0806 0.7603 0.0401 
        D419  3 0.2914 0.1850 0.2644 0.2592 
        D565  3 0.0386 0.7864 0.1288 0.0461 
        D566  3 0.0698 0.3947 0.1018 0.4337 
        D567  3 0.1467 0.0756 0.7216 0.0561 
        D568  3 0.2670 0.0575 0.4202 0.2553 
        D569  3 0.2195 0.1442 0.2389 0.3974 
        D573  3 0.0557 0.0337 0.2214 0.6892 
        D574  3 0.1305 0.6959 0.0887 0.0849 
        D575  3 0.3486 0.2705 0.2079 0.1730 
        D576  3 0.0484 0.1028 0.0173 0.8315 
        D577  3 0.1321 0.1452 0.6559 0.0667 
        D578  3 0.8977 0.0312 0.0354 0.0357 
        D579  3 0.1324 0.2522 0.4132 0.2022 
        D660  3 0.2229 0.0876 0.0618 0.6277 
        D661  3 0.1021 0.0425 0.0937 0.7618 
        D663  3 0.0465 0.0672 0.1011 0.7852 
        D664  3 0.3954 0.3433 0.0476 0.2137 
        D665  3 0.6953 0.0676 0.0710 0.1661 
        D666  3 0.3583 0.3096 0.2159 0.1162 
        D009  4 0.4947 0.1021 0.3411 0.0621 
        D057  4 0.1912 0.0925 0.2342 0.4821 
        D109  4 0.6973 0.1411 0.1049 0.0568 
     D237222  4 0.6291 0.2235 0.0869 0.0605 
     D237223  4 0.5117 0.2257 0.1050 0.1576 
     D237224  4 0.0764 0.0924 0.3997 0.4315 
     D237225  4 0.3470 0.1118 0.4019 0.1393 
     D237299  4 0.6526 0.1415 0.0626 0.1433 
     D237300  4 0.0410 0.0706 0.0380 0.8503 
     D237306  4 0.1025 0.7326 0.1139 0.0510 
     D237307  4 0.1233 0.4115 0.3390 0.1262 
     D237308  4 0.1279 0.1357 0.1199 0.6165 
     D237309  4 0.3503 0.1149 0.3950 0.1399 
     D237317  4 0.1219 0.5272 0.2914 0.0595 
     D237318  4 0.0351 0.0512 0.0476 0.8661 
     D237319  4 0.4395 0.2209 0.1649 0.1746 
     D237320  4 0.4056 0.0907 0.1887 0.3150 
     D237321  4 0.0937 0.1038 0.1184 0.6841 
     D237397  4 0.2351 0.3522 0.1220 0.2907 
     D237398  4 0.0908 0.0449 0.2159 0.6484 
     D237399  4 0.1833 0.2970 0.3224 0.1973 
     D244001  4 0.6074 0.1086 0.1212 0.1629 
        D289  4 0.1037 0.2655 0.4140 0.2167 
        D290  4 0.1417 0.5026 0.1712 0.1846 
        D294  4 0.1163 0.2614 0.4258 0.1966 
        D295  4 0.1814 0.1932 0.5286 0.0968 
        D301  4 0.6566 0.1016 0.0511 0.1907 
        D302  4 0.0581 0.0679 0.8298 0.0441 
        D303  4 0.0748 0.7407 0.0948 0.0897 
        D304  4 0.0784 0.5802 0.1307 0.2107 
        D305  4 0.2287 0.0587 0.2120 0.5006 
        D306  4 0.1611 0.6203 0.1262 0.0924 
        D307  4 0.7440 0.1147 0.0598 0.0815 
        D327  4 0.0731 0.1558 0.6507 0.1204 
        D328  4 0.0793 0.7753 0.0752 0.0702 
        D329  4 0.1380 0.1635 0.3113 0.3872 
        D330  4 0.3532 0.0747 0.5150 0.0571 
        D331  4 0.1834 0.3335 0.2320 0.2511 
        D333  4 0.1795 0.4097 0.1921 0.2186 
        D334  4 0.1243 0.6207 0.2012 0.0538 
        D335  4 0.0447 0.0996 0.7686 0.0871 
        D370  4 0.1692 0.6474 0.1108 0.0726 
        D371  4 0.0464 0.7503 0.1430 0.0603 
        D372  4 0.0606 0.1102 0.0303 0.7989 
        D373  4 0.6332 0.0513 0.0749 0.2406 
        D455  4 0.7054 0.0644 0.1266 0.1036 
        D490  4 0.8540 0.0564 0.0621 0.0275 
        D497  4 0.8321 0.0491 0.0559 0.0628 
        D498  4 0.2005 0.4922 0.1166 0.1907 
        D499  4 0.0828 0.2378 0.1099 0.5695 
        D514  4 0.1463 0.1274 0.6290 0.0973 
        D515  4 0.6576 0.1591 0.1226 0.0607 
        D516  4 0.3171 0.2378 0.2452 0.1999 
        D517  4 0.6788 0.0457 0.1184 0.1571 
        D518  4 0.2285 0.2858 0.3214 0.1643 
        D519  4 0.6167 0.0753 0.1532 0.1548 
        D560  4 0.4462 0.0591 0.2265 0.2682 
        D561  4 0.5493 0.0424 0.3318 0.0765 
        D562  4 0.3218 0.2753 0.1951 0.2078 
        D563  4 0.1215 0.0480 0.1700 0.6606 
        D572  4 0.1516 0.1972 0.5242 0.1270 
        D629  4 0.2265 0.0902 0.6041 0.0792 
        D630  4 0.2645 0.2925 0.3051 0.1380 
        D631  4 0.1024 0.1489 0.2627 0.4860 
        D632  4 0.5159 0.0668 0.1871 0.2301 
        D646  4 0.3658 0.0869 0.4259 0.1214 
        D647  4 0.1844 0.0504 0.6674 0.0977 
        D648  4 0.0584 0.8291 0.0552 0.0572 
        D649  4 0.1859 0.0603 0.7081 0.0457 
        D650  4 0.2208 0.3169 0.3529 0.1094 
        D708  4 0.1275 0.6041 0.1565 0.1120 
        D709  4 0.1506 0.6291 0.1185 0.1017 
        D738  4 0.1853 0.6073 0.1476 0.0598 
        D739  4 0.5021 0.2217 0.1408 0.1354 
        D740  4 0.3366 0.1824 0.0840 0.3969 
        D741  4 0.3838 0.0501 0.3420 0.2240 
        D742  4 0.1272 0.1730 0.1082 0.5916 
        D743  4 0.0562 0.0734 0.7620 0.1084 
        D744  4 0.1178 0.0592 0.5808 0.2422 
        D745  4 0.7739 0.0624 0.0886 0.0751 
        D814  4 0.1691 0.0714 0.1064 0.6530 
        D815  4 0.1173 0.2518 0.5143 0.1166 
        D828  4 0.0796 0.6930 0.0312 0.1962 
        D845  4 0.0312 0.0649 0.0577 0.8461 
        D846  4 0.1510 0.0475 0.5094 0.2921 
        D847  4 0.3338 0.1834 0.3022 0.1806 
        D848  4 0.5429 0.0409 0.0492 0.3670 
        D849  4 0.7032 0.0849 0.1185 0.0934 
        D850  4 0.2634 0.1463 0.4075 0.1829 
        D856  4 0.5073 0.2024 0.1986 0.0917 
        D857  4 0.7737 0.1235 0.0225 0.0803 
        D859  4 0.1059 0.1982 0.4009 0.2950 
        D860  4 0.0607 0.3598 0.2875 0.2920 
        D883  4 0.2398 0.3034 0.3738 0.0830 
        D884  4 0.3505 0.3976 0.1790 0.0728 
        D885  4 0.2133 0.0637 0.2771 0.4458 
        D886  4 0.4361 0.1360 0.3022 0.1257 
        D887  4 0.1203 0.1490 0.2446 0.4862 
        D889  4 0.0685 0.2935 0.1609 0.4771 
        D890  4 0.1782 0.5540 0.1473 0.1205 
        D891  4 0.0279 0.0217 0.0341 0.9163 
        D899  4 0.0512 0.2356 0.1031 0.6102 
        D900  4 0.1914 0.2309 0.4440 0.1337 
        D970  4 0.1263 0.1635 0.5240 0.1862 
        D971  4 0.1151 0.1220 0.2052 0.5577 
        D979  4 0.0441 0.1132 0.7685 0.0743 
        D093  5 0.0770 0.7150 0.1145 0.0934 
        D154  5 0.1016 0.2140 0.0945 0.5899 
        D168  5 0.2836 0.0642 0.1404 0.5118 
        D189  5 0.0702 0.6048 0.0920 0.2330 
        D190  5 0.0374 0.8183 0.0740 0.0703 
     D237220  5 0.4539 0.1909 0.1863 0.1689 
     D237221  5 0.1186 0.3830 0.2037 0.2947 
     D237274  5 0.0728 0.0525 0.8357 0.0390 
     D237275  5 0.0651 0.0822 0.0422 0.8105 
     D237276  5 0.2312 0.5006 0.1845 0.0837 
     D237277  5 0.0572 0.5929 0.1044 0.2455 
     D237278  5 0.1624 0.2986 0.0871 0.4519 
     D237279  5 0.7453 0.0454 0.1438 0.0655 
     D237280  5 0.4247 0.1442 0.3633 0.0678 
     D237281  5 0.0376 0.0346 0.0738 0.8540 
     D237351  5 0.6725 0.1595 0.0685 0.0995 
     D237352  5 0.3701 0.1641 0.3563 0.1096 
     D237353  5 0.0462 0.8190 0.0516 0.0833 
     D237359  5 0.3503 0.1539 0.2225 0.2733 
     D237361  5 0.0363 0.8683 0.0497 0.0457 
     D237362  5 0.1599 0.3548 0.3196 0.1657 
     D237363  5 0.2943 0.1779 0.1412 0.3866 
     D237364  5 0.2649 0.0718 0.2387 0.4246 
     D237376  5 0.0533 0.8275 0.0285 0.0907 
     D237377  5 0.2460 0.1347 0.5454 0.0740 
     D237378  5 0.0602 0.7425 0.0488 0.1486 
     D237379  5 0.0937 0.7149 0.0853 0.1060 
     D237380  5 0.5118 0.3639 0.0873 0.0369 
     D237381  5 0.5005 0.2145 0.1523 0.1327 
     D237391  5 0.0756 0.6573 0.1632 0.1040 
     D237392  5 0.1142 0.1346 0.6057 0.1455 
     D237393  5 0.1090 0.2811 0.5009 0.1089 
     D237394  5 0.0554 0.8247 0.0870 0.0330 
     D237395  5 0.2041 0.5274 0.0782 0.1904 
     D237396  5 0.1200 0.0704 0.7106 0.0989 
     D244016  5 0.1158 0.4407 0.1819 0.2616 
     D244018  5 0.1489 0.1910 0.1529 0.5072 
     D244019  5 0.1016 0.1999 0.4200 0.2785 
        D279  5 0.1248 0.0906 0.1041 0.6805 
        D280  5 0.1906 0.2888 0.2670 0.2536 
        D281  5 0.0355 0.1005 0.0634 0.8006 
        D283  5 0.0647 0.3998 0.3819 0.1535 
        D284  5 0.5308 0.1395 0.1606 0.1691 
        D285  5 0.0776 0.5747 0.1996 0.1482 
        D286  5 0.1625 0.4940 0.2138 0.1297 
        D287  5 0.1249 0.7641 0.0391 0.0719 
        D288  5 0.1003 0.2196 0.4168 0.2633 
        D308  5 0.7604 0.0694 0.1302 0.0401 
        D309  5 0.0698 0.0529 0.8441 0.0333 
        D310  5 0.0433 0.8651 0.0426 0.0490 
        D311  5 0.0963 0.5730 0.2106 0.1200 
        D312  5 0.1087 0.5477 0.2335 0.1101 
        D313  5 0.9177 0.0353 0.0240 0.0230 
        D314  5 0.2611 0.2568 0.0823 0.3999 
        D315  5 0.1357 0.4711 0.2945 0.0986 
        D317  5 0.0386 0.8348 0.0758 0.0508 
        D318  5 0.2736 0.1834 0.3289 0.2141 
        D319  5 0.0520 0.8089 0.0466 0.0924 
        D320  5 0.0757 0.7452 0.1083 0.0708 
        D321  5 0.6959 0.0862 0.1183 0.0996 
        D336  5 0.0392 0.8894 0.0414 0.0300 
        D337  5 0.0250 0.8207 0.0574 0.0970 
        D338  5 0.2677 0.2037 0.2748 0.2538 
        D339  5 0.0890 0.6586 0.0689 0.1835 
        D347  5 0.0676 0.4873 0.2916 0.1535 
        D348  5 0.0414 0.8178 0.0743 0.0666 
        D349  5 0.7707 0.1197 0.0577 0.0519 
        D350  5 0.1047 0.0970 0.6758 0.1224 
        D355  5 0.0543 0.1028 0.2658 0.5770 
        D356  5 0.1322 0.4756 0.3324 0.0598 
        D357  5 0.1801 0.5373 0.1328 0.1497 
        D358  5 0.1248 0.5129 0.2355 0.1269 
        D359  5 0.0477 0.4606 0.4486 0.0431 
        D360  5 0.1495 0.5893 0.2024 0.0587 
        D361  5 0.8360 0.0648 0.0503 0.0489 
        D366  5 0.0954 0.0437 0.6082 0.2526 
        D367  5 0.0982 0.7904 0.0487 0.0628 
        D368  5 0.3647 0.4043 0.1601 0.0709 
        D380  5 0.1490 0.0766 0.6528 0.1216 
        D381  5 0.0974 0.5694 0.1857 0.1475 
        D400  5 0.0615 0.5087 0.1234 0.3063 
        D411  5 0.8931 0.0322 0.0361 0.0386 
        D412  5 0.1967 0.2794 0.1826 0.3412 
        D413  5 0.0975 0.0607 0.1269 0.7148 
        D414  5 0.0859 0.1016 0.1847 0.6278 
        D420  5 0.4448 0.2037 0.0900 0.2614 
        D431  5 0.2358 0.3859 0.0524 0.3259 
        D432  5 0.1445 0.5083 0.1630 0.1841 
        D433  5 0.0637 0.6499 0.1051 0.1813 
        D434  5 0.1082 0.5664 0.2286 0.0968 
        D440  5 0.1277 0.0866 0.6931 0.0926 
        D447  5 0.1861 0.0673 0.6494 0.0972 
        D448  5 0.0333 0.8345 0.0659 0.0663 
        D459  5 0.0360 0.0514 0.1565 0.7561 
        D460  5 0.6933 0.1008 0.1561 0.0498 
        D461  5 0.0403 0.0693 0.8481 0.0423 
        D468  5 0.2015 0.4751 0.2284 0.0950 
        D469  5 0.2088 0.1827 0.5262 0.0824 
        D470  5 0.4125 0.3555 0.1418 0.0903 
        D471  5 0.0349 0.7118 0.0954 0.1579 
        D472  5 0.0370 0.0364 0.7486 0.1780 
        D479  5 0.0526 0.0710 0.0589 0.8175 
        D485  5 0.1513 0.5868 0.1195 0.1424 
        D486  5 0.2884 0.4481 0.1860 0.0776 
        D487  5 0.0690 0.2370 0.0629 0.6310 
        D555  5 0.0348 0.8154 0.0507 0.0991 
        D556  5 0.1225 0.4181 0.1546 0.3047 
        D557  5 0.0407 0.7653 0.0944 0.0996 
        D564  5 0.1929 0.5219 0.2055 0.0797 
        D594  5 0.1379 0.4211 0.3066 0.1344 
        D595  5 0.1079 0.4344 0.2617 0.1961 
        D596  5 0.0397 0.8493 0.0486 0.0624 
        D597  5 0.0492 0.3160 0.2628 0.3720 
        D598  5 0.1738 0.5022 0.2012 0.1228 
        D617  5 0.6543 0.0518 0.0538 0.2401 
        D618  5 0.0816 0.4752 0.1973 0.2459 
        D619  5 0.2519 0.3657 0.3030 0.0794 
        D620  5 0.0419 0.0393 0.0698 0.8490 
        D628  5 0.1855 0.3552 0.3069 0.1523 
        D714  5 0.0770 0.4956 0.0612 0.3662 
        D715  5 0.0527 0.5552 0.2044 0.1876 
        D716  5 0.0914 0.5039 0.1748 0.2299 
        D717  5 0.1435 0.1943 0.5680 0.0942 
        D718  5 0.3161 0.4985 0.0470 0.1384 
        D769  5 0.6453 0.0875 0.0717 0.1955 
        D770  5 0.0933 0.3178 0.0949 0.4940 
        D771  5 0.1792 0.2743 0.1380 0.4084 
        D772  5 0.0924 0.5885 0.2024 0.1168 
        D782  5 0.4808 0.0759 0.1585 0.2849 
        D783  5 0.0674 0.2236 0.1023 0.6067 
        D784  5 0.0867 0.1268 0.6790 0.1075 
        D785  5 0.1016 0.7582 0.0919 0.0483 
        D786  5 0.4715 0.0713 0.3474 0.1097 
        D821  5 0.0313 0.8790 0.0458 0.0439 
        D822  5 0.0764 0.2557 0.5502 0.1177 
        D826  5 0.0711 0.3464 0.1164 0.4661 
        D827  5 0.1117 0.1300 0.6447 0.1137 
        D851  5 0.2153 0.2426 0.3525 0.1896 
        D852  5 0.1068 0.2493 0.0880 0.5559 
        D853  5 0.1146 0.5654 0.1382 0.1818 
        D854  5 0.2254 0.1215 0.2862 0.3670 
        D861  5 0.2108 0.2934 0.1547 0.3410 
        D862  5 0.0994 0.5408 0.3126 0.0472 
        D865  5 0.0804 0.7224 0.0703 0.1269 
        D868  5 0.0935 0.1216 0.7101 0.0747 
        D869  5 0.8070 0.0741 0.0771 0.0418 
        D870  5 0.5923 0.0529 0.2718 0.0830 
        D907  5 0.1108 0.7469 0.0605 0.0818 
        D908  5 0.0654 0.2450 0.0544 0.6352 
        D910  5 0.0468 0.4983 0.1138 0.3410 
        D911  5 0.0548 0.0982 0.1818 0.6652 
        D934  5 0.0892 0.1922 0.1486 0.5701 
        D946  5 0.1888 0.3207 0.0714 0.4191 
        D947  5 0.1664 0.2008 0.4195 0.2133 
        D948  5 0.6711 0.1604 0.1188 0.0497 
        D949  5 0.7440 0.1221 0.0878 0.0461 
        D950  5 0.0451 0.0849 0.1151 0.7549 
        D951  5 0.1167 0.1721 0.6651 0.0462 
        D952  5 0.0629 0.1916 0.6655 0.0800 
        D953  5 0.0799 0.6644 0.1593 0.0964 
        D954  5 0.0792 0.3264 0.5349 0.0595 
        D961  5 0.1433 0.6933 0.0619 0.1014 
        D962  5 0.0470 0.7891 0.1343 0.0295 
        D963  5 0.0593 0.3781 0.4358 0.1269 
        D964  5 0.3488 0.2264 0.1481 0.2768 
        D965  5 0.1808 0.3770 0.1960 0.2462 
        D966  5 0.0634 0.3823 0.2913 0.2631 
        D967  5 0.1645 0.3224 0.1382 0.3749 
        D991  5 0.2705 0.3797 0.2565 0.0933 
        D502  6 0.4175 0.1070 0.1042 0.3714 
        D503  6 0.3294 0.0657 0.0513 0.5536 
        D504  6 0.1474 0.1597 0.5221 0.1707 
        D505  6 0.1657 0.3666 0.2275 0.2403 
        D506  6 0.0430 0.8604 0.0558 0.0408 
        D507  6 0.2236 0.1302 0.1997 0.4465 
        D508  6 0.1380 0.1522 0.4318 0.2780 
        D529  6 0.3758 0.2728 0.2174 0.1339 
        D530  6 0.1723 0.6527 0.0587 0.1163 
        D531  6 0.1499 0.3151 0.3800 0.1549 
        D532  6 0.0832 0.5409 0.2714 0.1044 
        D534  6 0.6997 0.0500 0.1663 0.0841 
        D535  6 0.1110 0.5805 0.2531 0.0554 
        D536  6 0.1193 0.0496 0.0531 0.7780 
        D554  6 0.1543 0.7039 0.0727 0.0692 
        D587  6 0.0741 0.6977 0.1441 0.0840 
        D588  6 0.1211 0.3918 0.4068 0.0803 
        D589  6 0.1570 0.1882 0.1006 0.5542 
        D590  6 0.0989 0.0769 0.0996 0.7246 
        D591  6 0.2717 0.1664 0.1803 0.3816 
        D592  6 0.7122 0.0858 0.1058 0.0962 
        D593  6 0.0814 0.7976 0.0356 0.0855 
        D682  6 0.0778 0.7801 0.0610 0.0811 
        D683  6 0.1114 0.1984 0.6382 0.0520 
        D684  6 0.4498 0.0344 0.1082 0.4076 
        D685  6 0.3505 0.2181 0.0473 0.3840 
        D686  6 0.0613 0.8358 0.0644 0.0385 
        D724  6 0.2564 0.1064 0.4095 0.2278 
        D725  6 0.1616 0.4256 0.1045 0.3082 
        D726  6 0.0432 0.8461 0.0685 0.0422 
        D727  6 0.1620 0.1587 0.3190 0.3603 
        D728  6 0.0981 0.7527 0.0814 0.0678 
        D729  6 0.5027 0.0415 0.3479 0.1078 
        D730  6 0.3033 0.1126 0.2870 0.2971 
        D731  6 0.0369 0.5982 0.0304 0.3345 
        D732  6 0.1411 0.1736 0.5556 0.1298 
        D733  6 0.2753 0.2969 0.2489 0.1788 
     D237251  7 0.0846 0.2085 0.0861 0.6208 
     D237252  7 0.5078 0.0883 0.0913 0.3125 
     D237253  7 0.1016 0.2944 0.1276 0.4764 
     D237254  7 0.8814 0.0296 0.0404 0.0485 
     D237255  7 0.0539 0.0948 0.0549 0.7964 
     D237256  7 0.0667 0.1232 0.1648 0.6453 
     D237257  7 0.6120 0.1197 0.1254 0.1430 
     D237282  7 0.1303 0.0479 0.7320 0.0898 
     D237283  7 0.8584 0.0379 0.0278 0.0759 
     D237284  7 0.7892 0.0426 0.1140 0.0542 
     D237285  7 0.1164 0.5541 0.0956 0.2339 
     D237286  7 0.1446 0.2643 0.3930 0.1982 
     D237287  7 0.1588 0.0944 0.2282 0.5186 
     D244006  7 0.8558 0.0379 0.0626 0.0438 
     D244007  7 0.1640 0.0921 0.3267 0.4173 
     D244008  7 0.8300 0.0775 0.0445 0.0479 
     D244009  7 0.5277 0.1888 0.2146 0.0689 
     D244010  7 0.5807 0.1353 0.0935 0.1905 
     D244011  7 0.1787 0.3784 0.1087 0.3342 
     D244012  7 0.2829 0.1040 0.1852 0.4280 
     D244013  7 0.0924 0.2238 0.2126 0.4712 
     D244014  7 0.3182 0.1315 0.1340 0.4164 
     D244015  7 0.6046 0.0649 0.2066 0.1239 
     D244125  7 0.0739 0.2730 0.2643 0.3887 
     D244126  7 0.8844 0.0255 0.0449 0.0452 
     D244130  7 0.4077 0.2567 0.1394 0.1961 
     D244131  7 0.1778 0.2479 0.4628 0.1116 
     D244132  7 0.0734 0.4871 0.3898 0.0497 
        D520  7 0.4791 0.3536 0.0923 0.0750 
        D521  7 0.2489 0.2922 0.3008 0.1581 
        D522  7 0.4902 0.0833 0.3271 0.0994 
        D523  7 0.0713 0.1025 0.0703 0.7559 
        D524  7 0.1724 0.2632 0.1482 0.4162 
        D525  7 0.5337 0.0696 0.0719 0.3248 
        D526  7 0.8377 0.0351 0.0762 0.0511 
        D527  7 0.1901 0.1394 0.4523 0.2182 
        D528  7 0.7672 0.0286 0.1745 0.0297 
        D558  7 0.2209 0.0740 0.5125 0.1926 
        D559  7 0.1862 0.0409 0.5283 0.2446 
        D640  7 0.1209 0.3456 0.2585 0.2751 
        D641  7 0.2143 0.4283 0.0573 0.3001 
        D642  7 0.4959 0.1248 0.1167 0.2626 
        D644  7 0.2752 0.4303 0.1368 0.1577 
        D645  7 0.2065 0.2170 0.1794 0.3971 
        D662  7 0.4992 0.1863 0.2834 0.0310 
        D687  7 0.1694 0.1349 0.2602 0.4355 
        D688  7 0.2838 0.0895 0.4259 0.2007 
        D689  7 0.1624 0.3032 0.3106 0.2239 
        D700  7 0.6734 0.0278 0.2460 0.0529 
        D797  7 0.1548 0.2880 0.3096 0.2475 
        D798  7 0.7113 0.0949 0.1346 0.0593 
        D799  7 0.2201 0.0616 0.1053 0.6130 
        D800  7 0.1710 0.0453 0.6304 0.1533 
        D132  8 0.7996 0.0610 0.0941 0.0452 
        D133  8 0.0964 0.0317 0.0341 0.8378 
        D200  8 0.1174 0.4917 0.0820 0.3090 
        D500  8 0.8531 0.0526 0.0624 0.0320 
        D614  8 0.1809 0.6078 0.1363 0.0750 
        D723  8 0.3231 0.1042 0.4394 0.1333 
        D888  8 0.0470 0.0557 0.0864 0.8109 
        D901  8 0.6084 0.1992 0.0441 0.1483 
        D902  8 0.0802 0.7807 0.0675 0.0716 
        D903  8 0.0610 0.1769 0.6676 0.0944 
        D904  8 0.2139 0.1850 0.4530 0.1481 
        D905  8 0.0330 0.1749 0.0312 0.7608 
        D906  8 0.1708 0.0519 0.1602 0.6172 
        D937  8 0.0505 0.8407 0.0299 0.0789 
        D943  8 0.4568 0.1058 0.2021 0.2353 
        D972  8 0.4279 0.1265 0.3363 0.1092 
        D973  8 0.1631 0.1017 0.6904 0.0447 
        D974  8 0.2466 0.3752 0.2019 0.1763 
        D975  8 0.1202 0.5970 0.1012 0.1816 
        D976  8 0.3000 0.3446 0.0976 0.2579 
        D201  9 0.1750 0.1093 0.1775 0.5382 
        D202  9 0.2099 0.2758 0.0535 0.4608 
     D237259  9 0.3872 0.0389 0.4164 0.1576 
     D237260  9 0.2519 0.0982 0.0321 0.6178 
     D237262  9 0.8497 0.0463 0.0638 0.0402 
     D237263  9 0.5054 0.0835 0.1204 0.2907 
     D237264  9 0.3822 0.2855 0.1449 0.1873 
     D237265  9 0.1242 0.0793 0.0385 0.7580 
     D237266  9 0.2109 0.0369 0.0870 0.6652 
     D237267  9 0.3781 0.4529 0.0614 0.1076 
     D237268  9 0.6141 0.1547 0.1440 0.0872 
     D237289  9 0.1040 0.3126 0.0506 0.5329 
     D237290  9 0.0676 0.0383 0.0489 0.8451 
     D237291  9 0.1063 0.1052 0.0669 0.7215 
     D237292  9 0.3297 0.0697 0.0651 0.5354 
     D237293  9 0.3323 0.3755 0.1400 0.1522 
     D237294  9 0.5339 0.1626 0.0591 0.2444 
     D237295  9 0.2852 0.2800 0.3735 0.0614 
     D237296  9 0.3213 0.2477 0.1583 0.2726 
     D237297  9 0.0776 0.7547 0.0736 0.0940 
     D237298  9 0.2173 0.1093 0.3967 0.2767 
     D237341  9 0.1896 0.1111 0.2453 0.4540 
     D237342  9 0.6312 0.1712 0.0701 0.1275 
     D237343  9 0.3855 0.0729 0.1259 0.4158 
     D237344  9 0.1383 0.5694 0.0840 0.2082 
     D237345  9 0.8223 0.0378 0.0666 0.0734 
     D237346  9 0.1549 0.1876 0.0606 0.5969 
     D237347  9 0.1098 0.5152 0.1341 0.2408 
     D237348  9 0.3508 0.2317 0.1747 0.2427 
     D237349  9 0.2224 0.0400 0.4265 0.3112 
     D244109  9 0.1898 0.0291 0.1652 0.6158 
     D244110  9 0.1091 0.0557 0.1095 0.7257 
     D244111  9 0.2061 0.1757 0.2440 0.3742 
     D244128  9 0.7541 0.0848 0.0540 0.1071 
     D244137  9 0.1524 0.0767 0.6970 0.0739 
     D244138  9 0.1857 0.2315 0.0695 0.5134 
        D580  9 0.6952 0.1438 0.1238 0.0372 
        D581  9 0.0642 0.0345 0.0379 0.8634 
        D582  9 0.8878 0.0525 0.0275 0.0321 
        D583  9 0.0860 0.0458 0.0342 0.8340 
        D584  9 0.3480 0.5104 0.0592 0.0823 
        D585  9 0.6332 0.0521 0.0615 0.2532 
        D586  9 0.0565 0.0852 0.0668 0.7915 
        D651  9 0.1350 0.1644 0.4959 0.2046 
        D652  9 0.4524 0.0500 0.3619 0.1357 
        D653  9 0.1007 0.0849 0.3801 0.4343 
        D654  9 0.1924 0.0664 0.3986 0.3425 
        D655  9 0.1354 0.3033 0.1735 0.3878 
        D656  9 0.7879 0.0817 0.0781 0.0523 
        D657  9 0.4311 0.2015 0.1415 0.2259 
        D667  9 0.1257 0.4762 0.1118 0.2863 
        D668  9 0.4239 0.1720 0.0909 0.3132 
        D669  9 0.1676 0.0883 0.1040 0.6400 
        D670  9 0.1601 0.0940 0.6561 0.0898 
        D671  9 0.1180 0.0880 0.0811 0.7130 
        D672  9 0.7334 0.0691 0.0638 0.1337 
        D673  9 0.3043 0.3678 0.1677 0.1602 
        D692  9 0.6323 0.0608 0.0812 0.2256 
        D693  9 0.2872 0.3511 0.2010 0.1607 
        D694  9 0.7710 0.1028 0.0396 0.0866 
        D695  9 0.4082 0.1255 0.3635 0.1029 
        D696  9 0.0281 0.9070 0.0354 0.0295 
        D697  9 0.1573 0.3572 0.2005 0.2850 
        D698  9 0.1066 0.3858 0.0593 0.4482 
        D699  9 0.1504 0.6532 0.0383 0.1582 
        D787  9 0.3029 0.0544 0.4580 0.1848 
        D788  9 0.1702 0.7059 0.0762 0.0477 
        D789  9 0.3315 0.4058 0.0570 0.2057 
        D790  9 0.3233 0.1242 0.2452 0.3072 
        D791  9 0.0939 0.2364 0.0456 0.6242 
        D792  9 0.2289 0.0607 0.4411 0.2692 
        D793  9 0.0867 0.4422 0.2871 0.1839 
        D794  9 0.1238 0.3331 0.3583 0.1848 
        D795  9 0.6654 0.2228 0.0321 0.0797 
        D796  9 0.1858 0.1614 0.0743 0.5785 
        D142 10 0.0781 0.5728 0.1986 0.1506 
        D143 10 0.0757 0.1166 0.0734 0.7342 
        D144 10 0.2669 0.3399 0.2611 0.1321 
        D145 10 0.0663 0.0529 0.0718 0.8089 
        D146 10 0.6772 0.1734 0.0887 0.0608 
        D147 10 0.4190 0.1682 0.2429 0.1699 
        D148 10 0.3813 0.1785 0.3436 0.0967 
        D149 10 0.0827 0.0513 0.1025 0.7635 
        D151 10 0.4884 0.1338 0.1407 0.2371 
        D152 10 0.0378 0.0292 0.0284 0.9046 
        D153 10 0.1031 0.3383 0.5150 0.0436 
        D156 10 0.0608 0.0932 0.7156 0.1304 
        D157 10 0.1397 0.6817 0.0828 0.0958 
        D158 10 0.1900 0.4366 0.0486 0.3249 
        D159 10 0.0357 0.0470 0.0554 0.8619 
        D160 10 0.0495 0.2377 0.0252 0.6876 
        D161 10 0.1878 0.2023 0.4127 0.1972 
        D162 10 0.0519 0.1888 0.5162 0.2432 
        D169 10 0.7875 0.0436 0.0818 0.0870 
        D170 10 0.6697 0.1351 0.1409 0.0543 
        D171 10 0.1890 0.5902 0.1380 0.0827 
        D172 10 0.2342 0.1861 0.3150 0.2647 
        D173 10 0.0805 0.0280 0.1068 0.7847 
        D181 10 0.0895 0.5551 0.1749 0.1804 
        D182 10 0.2297 0.0604 0.1725 0.5374 
        D183 10 0.0833 0.7843 0.0866 0.0457 
        D184 10 0.8256 0.0284 0.1249 0.0211 
        D185 10 0.2308 0.1517 0.5174 0.1001 
        D186 10 0.7823 0.0476 0.0563 0.1139 
        D194 10 0.5348 0.1670 0.2104 0.0879 
        D195 10 0.0809 0.2482 0.2224 0.4485 
        D196 10 0.0487 0.1445 0.4597 0.3470 
        D197 10 0.6632 0.0861 0.0428 0.2080 
        D198 10 0.3498 0.2237 0.3721 0.0545 
     D237226 10 0.1943 0.0398 0.1177 0.6482 
     D237232 10 0.1308 0.3402 0.0909 0.4382 
     D237233 10 0.0985 0.1749 0.0569 0.6696 
     D237234 10 0.1205 0.5005 0.1657 0.2133 
     D237354 10 0.0287 0.0426 0.0409 0.8878 
     D237355 10 0.1036 0.0904 0.0790 0.7269 
     D237356 10 0.1973 0.4159 0.3471 0.0396 
     D237357 10 0.2855 0.1393 0.1191 0.4561 
     D237358 10 0.3690 0.0715 0.4061 0.1535 
     D237369 10 0.7758 0.0424 0.1096 0.0723 
     D237370 10 0.0766 0.7275 0.0531 0.1428 
     D237371 10 0.2930 0.0862 0.5249 0.0960 
     D237372 10 0.3920 0.0603 0.0984 0.4493 
     D237373 10 0.1025 0.4544 0.0735 0.3696 
     D237374 10 0.0439 0.1735 0.0517 0.7309 
     D237375 10 0.2445 0.1437 0.2575 0.3544 
     D237400 10 0.0280 0.0434 0.0363 0.8923 
     D244002 10 0.6354 0.0593 0.2090 0.0963 
     D244003 10 0.0732 0.3561 0.0304 0.5402 
     D244004 10 0.0479 0.8909 0.0220 0.0392 
     D244005 10 0.2225 0.0526 0.0754 0.6496 
     D244020 10 0.1365 0.4196 0.3141 0.1299 
     D244021 10 0.4386 0.1593 0.1064 0.2958 
     D244116 10 0.5063 0.1929 0.1690 0.1318 
     D244117 10 0.0865 0.4322 0.0610 0.4203 
     D244121 10 0.0940 0.6415 0.0522 0.2123 
     D244123 10 0.1076 0.5227 0.0856 0.2841 
     D244124 10 0.3737 0.2174 0.0577 0.3512 
        D332 10 0.0771 0.1235 0.7323 0.0670 
        D570 10 0.0624 0.7732 0.1078 0.0567 
        D602 10 0.0729 0.0978 0.7639 0.0654 
        D603 10 0.1883 0.4718 0.0809 0.2590 
        D604 10 0.0678 0.1265 0.4100 0.3957 
        D605 10 0.1694 0.1037 0.5611 0.1658 
        D606 10 0.5722 0.2824 0.0842 0.0612 
        D607 10 0.0608 0.0485 0.8366 0.0542 
        D608 10 0.0258 0.0300 0.0674 0.8768 
        D609 10 0.0884 0.6325 0.2347 0.0445 
        D610 10 0.2226 0.3439 0.2479 0.1856 
        D611 10 0.0231 0.9158 0.0315 0.0296 
        D613 10 0.0853 0.2510 0.5425 0.1213 
        D633 10 0.1056 0.0435 0.7238 0.1270 
        D634 10 0.1915 0.5497 0.1171 0.1417 
        D638 10 0.0320 0.0590 0.0417 0.8673 
        D681 10 0.2238 0.5190 0.1039 0.1532 
        D754 10 0.3761 0.4827 0.0385 0.1027 
        D755 10 0.0419 0.3697 0.0320 0.5564 
        D756 10 0.1842 0.6198 0.0585 0.1375 
        D757 10 0.2172 0.1220 0.2326 0.4283 
        D758 10 0.2678 0.2688 0.2116 0.2518 
        D759 10 0.0717 0.2889 0.0607 0.5787 
        D760 10 0.1192 0.3263 0.1777 0.3768 
        D761 10 0.0345 0.0525 0.0259 0.8871 
        D762 10 0.1108 0.0825 0.7090 0.0978 
        D775 10 0.0801 0.5865 0.0375 0.2959 
        D776 10 0.0564 0.0778 0.0388 0.8269 
        D777 10 0.2304 0.3940 0.0739 0.3017 
        D778 10 0.1517 0.0469 0.0476 0.7538 
        D779 10 0.2338 0.5381 0.0684 0.1597 
        D780 10 0.0791 0.1769 0.2116 0.5325 
        D781 10 0.1134 0.1766 0.5391 0.1709 
        D858 10 0.8582 0.0265 0.0314 0.0840 
        D933 10 0.1256 0.2181 0.3501 0.3062 
        D038 11 0.1781 0.1287 0.1740 0.5193 
        D063 11 0.0994 0.3610 0.1169 0.4227 
        D155 11 0.1453 0.3740 0.1686 0.3121 
        D175 11 0.2698 0.6143 0.0494 0.0665 
        D176 11 0.0954 0.1946 0.0391 0.6709 
        D205 11 0.1968 0.7209 0.0470 0.0353 
     D237229 11 0.2811 0.0465 0.2992 0.3732 
     D237230 11 0.2647 0.0489 0.5307 0.1557 
     D237231 11 0.0499 0.0689 0.8051 0.0761 
     D237269 11 0.1582 0.1140 0.3314 0.3964 
     D237270 11 0.6426 0.0605 0.1813 0.1156 
     D237271 11 0.1242 0.6010 0.1910 0.0837 
     D237272 11 0.2798 0.0756 0.4961 0.1484 
     D237273 11 0.0590 0.7202 0.0592 0.1616 
     D237301 11 0.0595 0.1709 0.6933 0.0762 
     D237302 11 0.4322 0.1050 0.2226 0.2403 
     D237303 11 0.5799 0.0451 0.1885 0.1865 
     D237304 11 0.2328 0.2140 0.4145 0.1387 
     D237305 11 0.6285 0.1600 0.0732 0.1383 
     D237314 11 0.2010 0.4195 0.1287 0.2508 
     D237315 11 0.6334 0.0812 0.1727 0.1128 
     D237316 11 0.0404 0.1490 0.7729 0.0377 
     D237328 11 0.3155 0.2942 0.3426 0.0477 
     D237329 11 0.3035 0.1415 0.1320 0.4231 
     D237330 11 0.0581 0.6876 0.0518 0.2025 
     D237331 11 0.1320 0.3733 0.2430 0.2517 
     D237332 11 0.1246 0.3182 0.4527 0.1045 
     D237333 11 0.0388 0.3111 0.0648 0.5854 
     D237334 11 0.0641 0.0919 0.7927 0.0513 
     D237335 11 0.1764 0.4572 0.2902 0.0763 
     D237336 11 0.1826 0.1671 0.1547 0.4956 
     D237350 11 0.0590 0.7035 0.1303 0.1072 
     D237383 11 0.4065 0.2080 0.0717 0.3138 
     D237384 11 0.2904 0.0874 0.5148 0.1074 
     D237385 11 0.2409 0.2202 0.3101 0.2288 
     D237386 11 0.1196 0.1582 0.5757 0.1465 
     D237387 11 0.1804 0.1529 0.6224 0.0444 
     D237388 11 0.0559 0.7894 0.1025 0.0522 
        D239 11 0.0996 0.4088 0.1887 0.3029 
        D240 11 0.0821 0.0503 0.0445 0.8231 
        D241 11 0.4467 0.0937 0.3168 0.1428 
        D242 11 0.1277 0.1197 0.5369 0.2157 
        D243 11 0.1641 0.4395 0.1638 0.2326 
        D244 11 0.1252 0.7227 0.0926 0.0595 
