        D174  1 0.0994 0.0438 0.0760 0.0164 0.0565 0.1045 0.0190 0.0734 0.5111 
        D199  1 0.0880 0.1749 0.0399 0.0368 0.1894 0.0901 0.0992 0.1391 0.1425 
        D203  1 0.1396 0.1454 0.0916 0.0419 0.2657 0.0816 0.0991 0.0631 0.0720 
        D204  1 0.0322 0.0379 0.0221 0.0617 0.7671 0.0193 0.0181 0.0216 0.0199 
     D237366  1 0.0583 0.0400 0.0219 0.1021 0.0527 0.5406 0.0562 0.0783 0.0498 
     D237367  1 0.0703 0.0767 0.0482 0.0372 0.2972 0.2710 0.0265 0.1305 0.0423 
     D237368  1 0.0540 0.1054 0.0934 0.0444 0.1700 0.2896 0.0290 0.1226 0.0915 
     D244101  1 0.0316 0.0607 0.0263 0.4666 0.1897 0.0225 0.1076 0.0768 0.0183 
     D244102  1 0.3656 0.0404 0.1193 0.0864 0.0834 0.0713 0.0675 0.1196 0.0465 
     D244103  1 0.0534 0.0389 0.0447 0.0458 0.1196 0.3858 0.0258 0.2392 0.0469 
     D244104  1 0.0150 0.0308 0.0708 0.0229 0.6746 0.0343 0.0439 0.0455 0.0623 
     D244105  1 0.1077 0.0188 0.1337 0.0204 0.0455 0.3334 0.0722 0.2523 0.0159 
     D244106  1 0.1389 0.0640 0.0208 0.0206 0.0524 0.0292 0.0567 0.0474 0.5700 
     D244107  1 0.0176 0.0950 0.2684 0.0691 0.0449 0.2952 0.0222 0.1718 0.0159 
     D244108  1 0.1168 0.0302 0.2736 0.0405 0.0636 0.0378 0.0408 0.0627 0.3340 
     D244113  1 0.1848 0.0576 0.0444 0.1017 0.0142 0.0346 0.0246 0.0514 0.4867 
     D244114  1 0.1097 0.0780 0.0399 0.0466 0.0654 0.1193 0.1601 0.2836 0.0973 
     D244115  1 0.0721 0.0262 0.1548 0.0298 0.1662 0.0592 0.0366 0.1777 0.2775 
     D267365  1 0.0514 0.0283 0.0394 0.0468 0.3252 0.0785 0.1660 0.0749 0.1894 
        D404  1 0.5032 0.0355 0.0433 0.1045 0.0199 0.0221 0.0167 0.0286 0.2261 
        D405  1 0.4484 0.1053 0.0582 0.0618 0.0908 0.0429 0.0494 0.0827 0.0605 
        D406  1 0.0299 0.0161 0.1684 0.0427 0.0687 0.5830 0.0196 0.0349 0.0367 
        D407  1 0.0275 0.0861 0.0156 0.0158 0.4447 0.2409 0.0166 0.1238 0.0290 
        D408  1 0.0588 0.0165 0.0713 0.0340 0.0518 0.0282 0.1597 0.0670 0.5127 
        D409  1 0.0605 0.0397 0.0589 0.0474 0.0987 0.3619 0.0397 0.2526 0.0407 
        D410  1 0.0527 0.0119 0.7127 0.0288 0.0694 0.0475 0.0148 0.0354 0.0267 
        D421  1 0.0091 0.0330 0.0132 0.0121 0.8522 0.0188 0.0149 0.0251 0.0216 
        D422  1 0.0177 0.0270 0.1047 0.0155 0.0554 0.7061 0.0241 0.0362 0.0132 
        D423  1 0.0376 0.0720 0.6330 0.0130 0.0666 0.0884 0.0130 0.0574 0.0190 
        D424  1 0.0315 0.0162 0.0280 0.0201 0.5833 0.1048 0.0152 0.1665 0.0343 
        D425  1 0.1078 0.0211 0.0781 0.0333 0.4154 0.0507 0.0465 0.1269 0.1202 
        D426  1 0.0165 0.0211 0.0243 0.0200 0.0477 0.3303 0.1002 0.4082 0.0317 
        D427  1 0.0127 0.4042 0.0246 0.0111 0.2832 0.0301 0.0262 0.0307 0.1772 
        D428  1 0.0778 0.0554 0.0646 0.0738 0.2797 0.0855 0.0291 0.1470 0.1871 
        D429  1 0.0918 0.0333 0.0387 0.0364 0.3715 0.0608 0.0518 0.1012 0.2144 
        D430  1 0.3291 0.0574 0.0345 0.0276 0.0848 0.0683 0.1256 0.1597 0.1131 
        D491  1 0.0318 0.0130 0.0708 0.0279 0.0549 0.0202 0.0395 0.0450 0.6970 
        D492  1 0.1153 0.0585 0.0549 0.0457 0.2458 0.1340 0.0244 0.1788 0.1428 
        D537  1 0.0485 0.0391 0.0533 0.0710 0.5233 0.1145 0.0171 0.1045 0.0286 
        D538  1 0.3720 0.1064 0.1289 0.0356 0.0569 0.0567 0.0325 0.1235 0.0874 
        D539  1 0.1165 0.0542 0.0831 0.0864 0.0426 0.0664 0.3260 0.1035 0.1213 
        D540  1 0.0637 0.0310 0.1174 0.0191 0.3096 0.0956 0.0744 0.2505 0.0388 
        D541  1 0.0130 0.0183 0.0150 0.0158 0.8749 0.0165 0.0175 0.0162 0.0129 
        D551  1 0.0239 0.1323 0.0215 0.0227 0.0500 0.0758 0.1069 0.5254 0.0416 
        D552  1 0.0175 0.0283 0.3342 0.0584 0.1282 0.0767 0.0722 0.1358 0.1488 
        D553  1 0.0100 0.0112 0.0183 0.0134 0.8736 0.0186 0.0218 0.0176 0.0155 
        D615  1 0.0880 0.0793 0.1305 0.0193 0.4319 0.0379 0.0595 0.0885 0.0652 
        D616  1 0.0514 0.1122 0.1352 0.0214 0.2666 0.1045 0.0735 0.1788 0.0563 
        D621  1 0.0470 0.0180 0.2160 0.3942 0.0162 0.1591 0.0279 0.0555 0.0661 
        D622  1 0.0296 0.0219 0.2369 0.0613 0.0373 0.4642 0.0353 0.0753 0.0383 
        D623  1 0.1797 0.1433 0.0544 0.2069 0.0245 0.0201 0.0531 0.0630 0.2551 
        D624  1 0.0291 0.0137 0.0237 0.0120 0.0411 0.0454 0.0225 0.0930 0.7196 
        D625  1 0.0460 0.0167 0.0657 0.0565 0.5755 0.0783 0.0299 0.0596 0.0719 
        D626  1 0.0697 0.0333 0.2019 0.0295 0.0649 0.1644 0.0690 0.1001 0.2673 
        D627  1 0.0370 0.0250 0.0206 0.0224 0.0883 0.2971 0.0977 0.3802 0.0317 
        D690  1 0.0189 0.0105 0.0519 0.0218 0.7739 0.0382 0.0157 0.0268 0.0424 
        D691  1 0.0235 0.0215 0.0743 0.0246 0.0426 0.7194 0.0261 0.0280 0.0400 
        D710  1 0.0424 0.0623 0.1045 0.1133 0.2439 0.1031 0.0459 0.1258 0.1587 
        D711  1 0.0546 0.0208 0.0248 0.0284 0.7531 0.0441 0.0177 0.0261 0.0306 
        D712  1 0.0593 0.0526 0.0544 0.0601 0.0357 0.0742 0.0813 0.0696 0.5129 
        D713  1 0.1472 0.0263 0.0578 0.2313 0.1333 0.0977 0.0300 0.0981 0.1781 
        D746  1 0.0202 0.0293 0.1153 0.0254 0.0649 0.6670 0.0213 0.0320 0.0245 
        D747  1 0.0133 0.0157 0.0128 0.0211 0.8787 0.0134 0.0165 0.0135 0.0150 
        D748  1 0.0753 0.0231 0.0967 0.0712 0.1941 0.4164 0.0303 0.0540 0.0389 
        D749  1 0.0712 0.0604 0.1523 0.0893 0.0247 0.1696 0.0388 0.3053 0.0884 
        D750  1 0.0324 0.0200 0.0605 0.0346 0.1118 0.0350 0.0244 0.0450 0.6363 
        D763  1 0.0351 0.1039 0.0672 0.2090 0.0690 0.1003 0.2349 0.1613 0.0194 
        D764  1 0.0250 0.0168 0.0791 0.0149 0.5029 0.0810 0.0245 0.0533 0.2026 
        D765  1 0.1233 0.0145 0.4621 0.0162 0.0306 0.1029 0.0405 0.0919 0.1182 
        D766  1 0.0430 0.0307 0.4402 0.1299 0.0757 0.1262 0.0251 0.0925 0.0368 
        D767  1 0.2516 0.1045 0.0927 0.2055 0.0943 0.1300 0.0316 0.0567 0.0331 
        D768  1 0.0116 0.0195 0.0211 0.0113 0.8391 0.0200 0.0147 0.0502 0.0125 
        D811  1 0.5253 0.0194 0.1469 0.0230 0.0276 0.0220 0.0477 0.0660 0.1220 
        D816  1 0.0171 0.0148 0.0171 0.0171 0.8484 0.0235 0.0189 0.0192 0.0239 
        D825  1 0.2069 0.0184 0.3001 0.0246 0.0978 0.0313 0.0298 0.1139 0.1773 
        D866  1 0.0718 0.0984 0.0728 0.0168 0.0616 0.0260 0.3901 0.0956 0.1669 
        D867  1 0.0314 0.0369 0.0637 0.0880 0.0189 0.6574 0.0188 0.0565 0.0285 
        D871  1 0.0711 0.0206 0.0272 0.0568 0.0957 0.3205 0.0591 0.3007 0.0482 
        D872  1 0.2549 0.0537 0.1692 0.0405 0.2642 0.0794 0.0240 0.0662 0.0480 
        D873  1 0.0946 0.0288 0.7556 0.0391 0.0079 0.0247 0.0093 0.0244 0.0157 
        D874  1 0.0274 0.0161 0.0147 0.7419 0.0585 0.0168 0.0299 0.0265 0.0682 
        D875  1 0.0752 0.0137 0.0674 0.0381 0.0533 0.4464 0.0179 0.2684 0.0196 
        D876  1 0.0341 0.0247 0.0681 0.1041 0.4479 0.0655 0.0609 0.1026 0.0921 
        D877  1 0.6424 0.0329 0.0247 0.0582 0.0293 0.0124 0.0177 0.0377 0.1446 
        D892  1 0.1296 0.0199 0.0439 0.0507 0.2460 0.2608 0.0220 0.0853 0.1418 
        D893  1 0.0265 0.0360 0.0457 0.0586 0.6073 0.0650 0.0719 0.0682 0.0207 
        D894  1 0.0480 0.0287 0.0316 0.0311 0.6276 0.0666 0.0403 0.0705 0.0556 
        D915  1 0.0419 0.0293 0.1350 0.0216 0.5331 0.0953 0.0256 0.0676 0.0507 
        D916  1 0.0107 0.0116 0.0162 0.0116 0.8805 0.0238 0.0123 0.0184 0.0150 
        D917  1 0.0622 0.0596 0.0358 0.1205 0.1097 0.0576 0.1021 0.1404 0.3123 
        D925  1 0.0269 0.0174 0.5818 0.0188 0.1759 0.0388 0.0302 0.0429 0.0672 
        D926  1 0.0411 0.0299 0.0394 0.0542 0.4464 0.0502 0.0419 0.2081 0.0887 
        D927  1 0.0678 0.2344 0.0315 0.0419 0.2443 0.0671 0.1037 0.1485 0.0608 
        D928  1 0.0315 0.0186 0.0248 0.0157 0.0713 0.0134 0.0154 0.0207 0.7887 
        D929  1 0.2290 0.0156 0.0346 0.4939 0.0312 0.0651 0.0235 0.0488 0.0583 
        D936  1 0.0300 0.0438 0.0326 0.1544 0.5175 0.0235 0.1266 0.0448 0.0268 
        D938  1 0.0178 0.0147 0.2458 0.0658 0.0246 0.5584 0.0195 0.0324 0.0210 
        D956  1 0.2045 0.0387 0.0410 0.0312 0.0338 0.0243 0.0303 0.0555 0.5406 
        D957  1 0.2069 0.0370 0.3650 0.0630 0.1176 0.0940 0.0240 0.0555 0.0369 
        D958  1 0.0886 0.0322 0.2478 0.1010 0.1721 0.1044 0.0260 0.1039 0.1240 
        D959  1 0.0223 0.0830 0.0202 0.0113 0.4065 0.2781 0.0128 0.1348 0.0309 
        D960  1 0.0766 0.0200 0.1869 0.0519 0.0269 0.4909 0.0191 0.0675 0.0602 
        D989  1 0.0490 0.0904 0.0169 0.0248 0.0392 0.0493 0.1283 0.0661 0.5360 
        D990  1 0.0177 0.0358 0.5730 0.0289 0.0183 0.0335 0.1702 0.0489 0.0738 
        D023  2 0.0115 0.0196 0.1098 0.0186 0.0508 0.6959 0.0138 0.0608 0.0192 
        D130  2 0.0958 0.0372 0.0473 0.0262 0.0769 0.6511 0.0148 0.0390 0.0117 
        D131  2 0.0576 0.0410 0.0713 0.0699 0.2777 0.0519 0.1170 0.2740 0.0396 
        D163  2 0.0202 0.0155 0.0997 0.0305 0.0734 0.6146 0.0435 0.0577 0.0450 
        D164  2 0.0117 0.5140 0.3900 0.0142 0.0108 0.0221 0.0103 0.0185 0.0084 
        D165  2 0.0133 0.0272 0.1096 0.0259 0.0325 0.6880 0.0236 0.0615 0.0185 
        D166  2 0.5674 0.0404 0.0418 0.0716 0.0408 0.0736 0.0584 0.0867 0.0193 
        D167  2 0.0900 0.8027 0.0119 0.0108 0.0137 0.0114 0.0155 0.0168 0.0272 
        D192  2 0.0219 0.8630 0.0158 0.0158 0.0101 0.0098 0.0261 0.0163 0.0212 
        D193  2 0.4162 0.0295 0.0523 0.0637 0.0252 0.0588 0.0625 0.1063 0.1856 
        D206  2 0.0368 0.3642 0.0488 0.0428 0.0929 0.1252 0.0440 0.2160 0.0293 
        D207  2 0.1753 0.5134 0.0223 0.0209 0.0399 0.0328 0.0576 0.1157 0.0221 
        D208  2 0.0652 0.0841 0.1202 0.0518 0.0509 0.0394 0.3393 0.0793 0.1698 
        D209  2 0.0390 0.4552 0.0622 0.1601 0.0387 0.0377 0.0314 0.1493 0.0263 
        D210  2 0.0287 0.0667 0.0300 0.0316 0.0624 0.0290 0.2135 0.0592 0.4790 
     D229599  2 0.0404 0.0449 0.0645 0.1709 0.2197 0.1077 0.1627 0.1440 0.0453 
     D229600  2 0.0979 0.3454 0.0619 0.0276 0.0264 0.3133 0.0281 0.0794 0.0199 
     D237227  2 0.0382 0.0568 0.1282 0.0201 0.0472 0.0539 0.1253 0.0766 0.4537 
     D237228  2 0.1157 0.0508 0.3976 0.0173 0.0161 0.0215 0.0627 0.1240 0.1942 
     D237258  2 0.0826 0.1939 0.0785 0.0646 0.0550 0.1392 0.1354 0.1838 0.0670 
     D237310  2 0.4416 0.0478 0.3107 0.0319 0.0120 0.0376 0.0295 0.0573 0.0316 
     D237311  2 0.1840 0.1633 0.4342 0.0245 0.0166 0.0569 0.0279 0.0605 0.0320 
     D237312  2 0.4560 0.0214 0.1593 0.0640 0.0248 0.1434 0.0283 0.0512 0.0516 
     D237313  2 0.0434 0.0271 0.2208 0.0760 0.1676 0.0485 0.1446 0.1919 0.0802 
     D237322  2 0.1145 0.0458 0.0715 0.0942 0.0292 0.0413 0.3250 0.2055 0.0730 
     D237323  2 0.2323 0.0326 0.3623 0.0322 0.0153 0.0816 0.0664 0.0468 0.1306 
     D237324  2 0.0288 0.1888 0.0482 0.0300 0.0527 0.1588 0.0856 0.3928 0.0143 
     D237325  2 0.1618 0.0726 0.2627 0.0884 0.0340 0.1658 0.0497 0.0811 0.0839 
     D237326  2 0.0636 0.0431 0.5211 0.0399 0.0835 0.0592 0.0305 0.0698 0.0893 
     D237327  2 0.0655 0.0996 0.0349 0.0753 0.0565 0.1252 0.3332 0.1663 0.0435 
     D237337  2 0.0813 0.0169 0.6905 0.0234 0.0277 0.0528 0.0279 0.0393 0.0402 
     D237338  2 0.0686 0.0896 0.1307 0.1096 0.0496 0.2131 0.0945 0.1227 0.1216 
     D237339  2 0.0437 0.1050 0.0284 0.6484 0.0242 0.0247 0.0390 0.0696 0.0170 
     D237340  2 0.1653 0.1586 0.2327 0.0410 0.0169 0.1047 0.0470 0.0527 0.1812 
     D237389  2 0.3931 0.0794 0.3555 0.0335 0.0211 0.0391 0.0150 0.0431 0.0202 
     D237390  2 0.3109 0.0260 0.2169 0.0633 0.0437 0.1653 0.0549 0.0532 0.0657 
     D244017  2 0.2927 0.2968 0.0258 0.0179 0.0235 0.0348 0.0457 0.0702 0.1925 
     D244112  2 0.0583 0.8156 0.0195 0.0129 0.0133 0.0216 0.0174 0.0222 0.0191 
     D244118  2 0.0390 0.6255 0.0636 0.0280 0.0101 0.1320 0.0286 0.0428 0.0305 
     D244119  2 0.0297 0.2313 0.0242 0.0103 0.0191 0.0172 0.0196 0.0294 0.6192 
     D244120  2 0.3958 0.3461 0.0198 0.0431 0.0141 0.0297 0.0709 0.0380 0.0426 
     D244122  2 0.0726 0.7120 0.0355 0.0267 0.0270 0.0341 0.0236 0.0359 0.0326 
        D291  2 0.0564 0.0636 0.0452 0.0167 0.0713 0.0577 0.5228 0.1460 0.0204 
        D292  2 0.0649 0.1972 0.0609 0.0524 0.2176 0.0196 0.2408 0.0760 0.0705 
        D293  2 0.0141 0.6138 0.0143 0.0708 0.1273 0.0146 0.0550 0.0735 0.0165 
        D322  2 0.0348 0.5475 0.0505 0.0995 0.1108 0.0322 0.0249 0.0790 0.0208 
        D323  2 0.1403 0.2242 0.0925 0.1094 0.0547 0.0518 0.0906 0.1906 0.0459 
        D324  2 0.0367 0.0414 0.1154 0.0238 0.1470 0.1285 0.2954 0.1601 0.0518 
        D325  2 0.0135 0.8143 0.0155 0.0224 0.0356 0.0238 0.0390 0.0248 0.0111 
        D326  2 0.0150 0.0131 0.0104 0.0140 0.8554 0.0138 0.0241 0.0255 0.0287 
        D340  2 0.0109 0.8563 0.0194 0.0189 0.0211 0.0183 0.0204 0.0164 0.0183 
        D341  2 0.0526 0.5598 0.0687 0.0339 0.0456 0.0480 0.0811 0.0667 0.0436 
        D342  2 0.0479 0.6164 0.1143 0.0173 0.0200 0.0525 0.0376 0.0762 0.0179 
        D343  2 0.0084 0.9114 0.0069 0.0124 0.0146 0.0123 0.0126 0.0123 0.0091 
        D344  2 0.1562 0.0596 0.0398 0.4492 0.1099 0.0257 0.0282 0.1103 0.0211 
        D345  2 0.0226 0.0426 0.4059 0.1558 0.1023 0.0493 0.0652 0.1226 0.0337 
        D346  2 0.0392 0.0895 0.0883 0.0440 0.0498 0.0362 0.0627 0.0867 0.5037 
        D351  2 0.0844 0.0511 0.0713 0.0630 0.2760 0.0988 0.1601 0.1724 0.0229 
        D352  2 0.0311 0.0304 0.0350 0.7105 0.0196 0.0268 0.0291 0.0654 0.0522 
        D353  2 0.0274 0.0368 0.0206 0.0886 0.1661 0.0138 0.0261 0.6067 0.0140 
        D354  2 0.0276 0.0205 0.0357 0.7490 0.0497 0.0155 0.0194 0.0457 0.0370 
        D362  2 0.0309 0.0295 0.0449 0.0170 0.7325 0.0615 0.0190 0.0345 0.0302 
        D363  2 0.0204 0.0249 0.0348 0.0218 0.7877 0.0306 0.0244 0.0251 0.0303 
        D364  2 0.0307 0.0289 0.0801 0.3349 0.3605 0.0239 0.0241 0.0680 0.0488 
        D365  2 0.0114 0.8739 0.0128 0.0223 0.0171 0.0118 0.0142 0.0180 0.0184 
        D369  2 0.0553 0.1401 0.1092 0.0221 0.2054 0.0537 0.1723 0.0868 0.1551 
        D374  2 0.3482 0.0187 0.0389 0.0226 0.0167 0.0126 0.0221 0.0437 0.4765 
        D375  2 0.0290 0.0154 0.0217 0.8354 0.0207 0.0190 0.0112 0.0287 0.0189 
        D376  2 0.2243 0.0385 0.0495 0.0526 0.0150 0.0183 0.0235 0.0691 0.5092 
        D377  2 0.1376 0.0618 0.3143 0.0892 0.0321 0.0822 0.0762 0.1314 0.0752 
        D378  2 0.0180 0.2665 0.0447 0.2162 0.1298 0.0786 0.0653 0.1518 0.0292 
        D379  2 0.0232 0.0221 0.0381 0.0519 0.6714 0.0269 0.0341 0.0952 0.0371 
        D384  2 0.0118 0.0176 0.0192 0.0170 0.8462 0.0143 0.0191 0.0228 0.0320 
        D385  2 0.0207 0.7192 0.0257 0.1181 0.0164 0.0136 0.0181 0.0328 0.0354 
        D386  2 0.0301 0.0843 0.0412 0.5760 0.0655 0.0511 0.0239 0.1079 0.0199 
        D391  2 0.0210 0.7516 0.0184 0.0874 0.0284 0.0146 0.0266 0.0363 0.0157 
        D392  2 0.0511 0.6104 0.0838 0.0213 0.0647 0.0323 0.0327 0.0533 0.0504 
        D393  2 0.0235 0.0800 0.0723 0.2846 0.2108 0.0446 0.1641 0.0951 0.0250 
        D394  2 0.1297 0.1050 0.1473 0.1859 0.0745 0.1440 0.0421 0.1272 0.0444 
        D395  2 0.0391 0.3370 0.0194 0.4200 0.0162 0.0366 0.0310 0.0806 0.0200 
        D401  2 0.0903 0.0356 0.7213 0.0111 0.0212 0.0214 0.0218 0.0454 0.0318 
        D402  2 0.0220 0.7298 0.0304 0.0655 0.0211 0.0145 0.0677 0.0315 0.0175 
        D403  2 0.0720 0.0288 0.0403 0.1088 0.2064 0.0874 0.0360 0.3976 0.0227 
        D415  2 0.0307 0.0230 0.0616 0.0246 0.6199 0.0641 0.0173 0.1411 0.0179 
        D435  2 0.0184 0.1788 0.0392 0.0456 0.5626 0.0362 0.0469 0.0538 0.0184 
        D436  2 0.1039 0.0321 0.0302 0.5069 0.1303 0.0583 0.0265 0.0631 0.0486 
        D438  2 0.0134 0.8811 0.0126 0.0145 0.0129 0.0150 0.0119 0.0160 0.0227 
        D439  2 0.0168 0.0669 0.0753 0.5931 0.0678 0.0322 0.0327 0.1021 0.0131 
        D449  2 0.0190 0.6106 0.0344 0.0205 0.1052 0.0362 0.0218 0.1266 0.0256 
        D450  2 0.0720 0.0217 0.0504 0.3131 0.0928 0.0643 0.0705 0.1458 0.1694 
        D456  2 0.0150 0.0098 0.0173 0.0157 0.8515 0.0197 0.0175 0.0371 0.0164 
        D462  2 0.0165 0.7880 0.0135 0.0771 0.0312 0.0193 0.0198 0.0218 0.0127 
        D463  2 0.0156 0.0091 0.0155 0.0189 0.8459 0.0152 0.0142 0.0273 0.0382 
        D464  2 0.0976 0.1129 0.0208 0.2872 0.0654 0.0254 0.0257 0.3286 0.0364 
        D465  2 0.0531 0.5482 0.0556 0.0220 0.1545 0.0381 0.0242 0.0737 0.0306 
        D473  2 0.0571 0.0427 0.1080 0.1341 0.0219 0.0566 0.0433 0.0466 0.4898 
        D474  2 0.0173 0.0404 0.0589 0.0334 0.5475 0.0390 0.1615 0.0505 0.0515 
        D476  2 0.0203 0.0494 0.0289 0.5125 0.0266 0.2862 0.0261 0.0365 0.0136 
        D477  2 0.0290 0.0238 0.1426 0.2451 0.2811 0.0253 0.1089 0.0865 0.0576 
        D478  2 0.1242 0.0665 0.0384 0.0913 0.0367 0.2959 0.0480 0.1788 0.1203 
        D480  2 0.0347 0.0946 0.0357 0.2083 0.1814 0.0232 0.1766 0.1458 0.0998 
        D481  2 0.0497 0.0688 0.0930 0.1560 0.2530 0.0935 0.0635 0.1212 0.1014 
        D482  2 0.0616 0.0278 0.0694 0.3125 0.0199 0.0442 0.3263 0.0835 0.0547 
        D483  2 0.0185 0.8212 0.0192 0.0149 0.0148 0.0213 0.0225 0.0172 0.0505 
        D484  2 0.0437 0.0153 0.0167 0.8514 0.0094 0.0144 0.0170 0.0144 0.0177 
        D510  2 0.0879 0.0305 0.0306 0.0289 0.0225 0.0220 0.1370 0.0505 0.5901 
        D511  2 0.0204 0.0779 0.0353 0.5922 0.0755 0.0447 0.0622 0.0708 0.0209 
        D512  2 0.2950 0.1702 0.3255 0.0220 0.0242 0.0381 0.0278 0.0805 0.0168 
        D513  2 0.0404 0.5421 0.0354 0.0237 0.0681 0.0416 0.0836 0.0892 0.0759 
        D635  2 0.0196 0.0315 0.0858 0.0178 0.2780 0.3975 0.0265 0.1110 0.0324 
        D636  2 0.0145 0.0277 0.1909 0.0173 0.0251 0.6595 0.0128 0.0328 0.0195 
        D637  2 0.0848 0.1823 0.0947 0.2847 0.0345 0.0641 0.0709 0.1182 0.0658 
        D658  2 0.0825 0.4022 0.0489 0.2393 0.0226 0.0297 0.0245 0.0564 0.0938 
        D659  2 0.0223 0.0265 0.0285 0.0571 0.6171 0.0859 0.0531 0.0769 0.0325 
        D677  2 0.1175 0.0461 0.0884 0.0406 0.2755 0.1918 0.1050 0.1097 0.0254 
        D678  2 0.1162 0.6759 0.0336 0.0219 0.0223 0.0195 0.0260 0.0700 0.0146 
        D679  2 0.0238 0.0665 0.1048 0.0701 0.3306 0.0498 0.1346 0.1772 0.0426 
        D719  2 0.0213 0.1844 0.0449 0.0466 0.1711 0.0168 0.1046 0.0525 0.3580 
        D720  2 0.0237 0.0358 0.0401 0.0188 0.7106 0.0312 0.0267 0.0398 0.0733 
        D721  2 0.0113 0.0730 0.0972 0.0282 0.0415 0.6263 0.0221 0.0681 0.0324 
        D722  2 0.3311 0.0489 0.0720 0.0321 0.0266 0.0185 0.0421 0.0866 0.3420 
        D734  2 0.0205 0.0611 0.0137 0.6429 0.0164 0.0175 0.0385 0.0292 0.1602 
        D735  2 0.0526 0.0752 0.2119 0.1012 0.1795 0.0419 0.0860 0.1689 0.0829 
        D736  2 0.0241 0.0615 0.0498 0.0492 0.0566 0.0700 0.2849 0.0773 0.3267 
        D737  2 0.0415 0.5273 0.0373 0.1375 0.0153 0.0449 0.0966 0.0602 0.0393 
        D807  2 0.0860 0.0618 0.1257 0.0890 0.1875 0.0488 0.1407 0.0747 0.1859 
        D808  2 0.2265 0.1214 0.1691 0.0585 0.1046 0.0722 0.0843 0.1347 0.0289 
        D817  2 0.0632 0.0315 0.1708 0.1288 0.3022 0.0442 0.0773 0.1368 0.0451 
        D818  2 0.0777 0.1955 0.0215 0.0394 0.0588 0.2343 0.1378 0.2028 0.0322 
        D819  2 0.1089 0.0521 0.2916 0.0390 0.1804 0.0887 0.0611 0.1308 0.0474 
        D820  2 0.0197 0.0458 0.0148 0.1207 0.6584 0.0317 0.0304 0.0521 0.0264 
        D895  2 0.0252 0.0404 0.1569 0.0477 0.3369 0.1217 0.0521 0.1776 0.0416 
        D896  2 0.1470 0.0145 0.6886 0.0202 0.0167 0.0246 0.0222 0.0235 0.0428 
        D897  2 0.0508 0.6113 0.0808 0.0316 0.0293 0.0275 0.0513 0.0892 0.0282 
        D898  2 0.1982 0.0284 0.2247 0.0573 0.0513 0.0401 0.1763 0.1747 0.0490 
        D918  2 0.1176 0.0728 0.1320 0.1152 0.0402 0.2271 0.0670 0.1666 0.0615 
        D919  2 0.0591 0.1243 0.0223 0.3812 0.1365 0.0468 0.0973 0.1129 0.0196 
        D920  2 0.0610 0.0402 0.1045 0.0396 0.0333 0.5791 0.0259 0.0475 0.0688 
        D923  2 0.0384 0.0328 0.0207 0.1058 0.6409 0.0271 0.0313 0.0756 0.0276 
        D930  2 0.0673 0.0408 0.1163 0.1801 0.1973 0.0317 0.0703 0.1832 0.1130 
        D931  2 0.0675 0.1428 0.0380 0.2752 0.2519 0.0402 0.0726 0.0670 0.0450 
        D968  2 0.0234 0.7748 0.0170 0.0239 0.0203 0.0146 0.0817 0.0289 0.0153 
        D969  2 0.0379 0.1796 0.0561 0.0441 0.2499 0.0438 0.2146 0.1239 0.0500 
        D977  2 0.0305 0.7681 0.0198 0.0265 0.0222 0.0314 0.0204 0.0629 0.0182 
        D978  2 0.1294 0.1032 0.0423 0.0283 0.0291 0.0291 0.3960 0.2112 0.0314 
        D211  3 0.0489 0.0270 0.0748 0.0404 0.0705 0.5413 0.0462 0.1279 0.0230 
     D229639  3 0.0581 0.0507 0.0601 0.0194 0.0783 0.0208 0.5831 0.0512 0.0783 
     D237212  3 0.0615 0.0724 0.0846 0.2417 0.0879 0.0966 0.2387 0.0964 0.0202 
     D237213  3 0.1333 0.0508 0.3544 0.0895 0.0532 0.1067 0.0682 0.1253 0.0185 
     D237214  3 0.0254 0.0158 0.0154 0.0158 0.0218 0.8469 0.0110 0.0273 0.0205 
     D237215  3 0.1851 0.4387 0.0502 0.0179 0.0170 0.0167 0.1372 0.0424 0.0947 
     D237216  3 0.0366 0.0231 0.0475 0.0333 0.0353 0.0881 0.0530 0.6640 0.0192 
     D237217  3 0.0422 0.0290 0.1258 0.0191 0.1033 0.2017 0.0785 0.3862 0.0143 
     D237218  3 0.0231 0.0519 0.0419 0.1718 0.0601 0.0625 0.3957 0.1384 0.0544 
     D237219  3 0.0535 0.0244 0.3410 0.0188 0.0426 0.0887 0.2524 0.1120 0.0666 
     D237382  3 0.4813 0.0515 0.0944 0.0299 0.0868 0.0795 0.0359 0.0579 0.0829 
     D244127  3 0.0807 0.0966 0.4700 0.0305 0.0276 0.0478 0.0961 0.1300 0.0208 
     D244129  3 0.1038 0.1035 0.1716 0.0757 0.1147 0.1072 0.1143 0.1604 0.0489 
     D244133  3 0.1253 0.1632 0.1466 0.0146 0.0912 0.1088 0.0648 0.1645 0.1211 
     D244134  3 0.0159 0.0235 0.1703 0.0187 0.0253 0.0301 0.5412 0.0475 0.1276 
     D244135  3 0.0221 0.0780 0.0511 0.0242 0.0388 0.6947 0.0190 0.0526 0.0195 
     D244136  3 0.0898 0.1024 0.0944 0.0349 0.1988 0.0723 0.0908 0.1176 0.1990 
        D416  3 0.0371 0.1934 0.2233 0.0362 0.1074 0.1209 0.1075 0.1407 0.0337 
        D417  3 0.0592 0.0150 0.0430 0.0306 0.6881 0.0475 0.0201 0.0683 0.0283 
        D419  3 0.0453 0.0832 0.1737 0.0432 0.1115 0.0618 0.2723 0.1497 0.0594 
        D565  3 0.0162 0.0149 0.0231 0.0167 0.0401 0.0160 0.0442 0.0248 0.8040 
        D566  3 0.0645 0.0560 0.0760 0.0184 0.0652 0.0327 0.2960 0.0990 0.2922 
        D567  3 0.0334 0.0434 0.1007 0.0547 0.5478 0.0793 0.0294 0.0925 0.0186 
        D568  3 0.0474 0.1407 0.0959 0.1410 0.1601 0.1536 0.0920 0.1548 0.0144 
        D569  3 0.0721 0.1141 0.0271 0.4885 0.0211 0.0732 0.0403 0.1233 0.0403 
        D573  3 0.0350 0.2118 0.0305 0.0402 0.1647 0.0276 0.3727 0.0944 0.0232 
        D574  3 0.1361 0.0613 0.0763 0.0452 0.0344 0.0605 0.1037 0.0969 0.3857 
        D575  3 0.0251 0.0606 0.4951 0.0252 0.0613 0.0927 0.0988 0.0867 0.0546 
        D576  3 0.1920 0.5784 0.0187 0.0184 0.0074 0.0316 0.0720 0.0495 0.0321 
        D577  3 0.0520 0.0268 0.0587 0.0652 0.5070 0.1160 0.0458 0.0917 0.0367 
        D578  3 0.0312 0.0232 0.0157 0.0116 0.0143 0.8432 0.0155 0.0311 0.0142 
        D579  3 0.0381 0.0744 0.0766 0.1044 0.1578 0.0628 0.2015 0.0964 0.1881 
        D660  3 0.0698 0.6525 0.0614 0.0405 0.0181 0.0302 0.0303 0.0840 0.0132 
        D661  3 0.0286 0.1763 0.0386 0.0793 0.0330 0.0839 0.3257 0.2146 0.0200 
        D663  3 0.0751 0.0778 0.0199 0.0397 0.0668 0.0349 0.4858 0.1786 0.0213 
        D664  3 0.1126 0.2287 0.2212 0.0298 0.0171 0.1326 0.0689 0.1143 0.0750 
        D665  3 0.3162 0.0464 0.1145 0.0798 0.0211 0.1408 0.0533 0.2129 0.0149 
        D666  3 0.0356 0.0257 0.4851 0.0353 0.0815 0.0748 0.1008 0.0753 0.0859 
        D009  4 0.0798 0.0196 0.0823 0.1219 0.1325 0.2462 0.0530 0.2299 0.0349 
        D057  4 0.0235 0.1055 0.0236 0.4979 0.0325 0.1704 0.0833 0.0413 0.0220 
        D109  4 0.0743 0.0176 0.5423 0.0381 0.0342 0.0781 0.0311 0.1388 0.0454 
     D237222  4 0.1661 0.0369 0.0635 0.0518 0.0345 0.4164 0.0339 0.0617 0.1353 
     D237223  4 0.1623 0.0626 0.1143 0.0573 0.0356 0.1958 0.0621 0.2012 0.1088 
     D237224  4 0.0386 0.1466 0.0602 0.2272 0.1278 0.0479 0.2378 0.0822 0.0317 
     D237225  4 0.0709 0.0353 0.0810 0.0685 0.1224 0.2109 0.0835 0.2821 0.0454 
     D237299  4 0.3364 0.0338 0.0541 0.0249 0.0207 0.2664 0.0907 0.1408 0.0321 
     D237300  4 0.0205 0.0351 0.0463 0.0302 0.0181 0.0203 0.7605 0.0419 0.0272 
     D237306  4 0.1543 0.0236 0.0642 0.0471 0.0829 0.0508 0.0286 0.0575 0.4910 
     D237307  4 0.0788 0.0614 0.0516 0.0189 0.3403 0.0596 0.0766 0.1132 0.1995 
     D237308  4 0.0270 0.4025 0.0858 0.2144 0.0292 0.0514 0.0561 0.0730 0.0608 
     D237309  4 0.0946 0.0628 0.0863 0.0738 0.1396 0.1530 0.0767 0.2877 0.0256 
     D237317  4 0.0454 0.0297 0.0519 0.0434 0.1706 0.0637 0.0523 0.2433 0.2997 
     D237318  4 0.0331 0.0454 0.0196 0.0131 0.0332 0.0178 0.7569 0.0563 0.0246 
     D237319  4 0.2608 0.0556 0.1001 0.0350 0.0634 0.1608 0.0769 0.2067 0.0407 
     D237320  4 0.0764 0.1098 0.1210 0.0269 0.0654 0.3555 0.1199 0.0944 0.0308 
     D237321  4 0.0432 0.0652 0.0553 0.0283 0.0612 0.0404 0.5903 0.0728 0.0434 
     D237397  4 0.0975 0.1079 0.0751 0.0288 0.0536 0.1442 0.1998 0.1120 0.1811 
     D237398  4 0.0305 0.0396 0.0257 0.0354 0.0668 0.0335 0.6420 0.1128 0.0137 
     D237399  4 0.0889 0.0339 0.0443 0.0412 0.0832 0.1354 0.3094 0.0836 0.1801 
     D244001  4 0.1175 0.1459 0.0308 0.0913 0.0307 0.3600 0.0256 0.1661 0.0321 
        D289  4 0.0236 0.0717 0.0240 0.3009 0.0757 0.0628 0.1146 0.0881 0.2386 
        D290  4 0.6994 0.0258 0.0225 0.0299 0.0531 0.0307 0.0660 0.0491 0.0235 
        D294  4 0.1047 0.0455 0.0265 0.3365 0.0852 0.0751 0.0754 0.1970 0.0540 
        D295  4 0.1809 0.0302 0.1661 0.0802 0.2664 0.0762 0.0621 0.0911 0.0467 
        D301  4 0.0960 0.0354 0.1118 0.0314 0.0199 0.4562 0.1241 0.0736 0.0516 
        D302  4 0.0346 0.0149 0.0214 0.7873 0.0481 0.0309 0.0218 0.0281 0.0130 
        D303  4 0.0496 0.0632 0.0666 0.0817 0.0382 0.0292 0.0372 0.0391 0.5952 
        D304  4 0.2849 0.0312 0.0263 0.0459 0.0638 0.0466 0.2527 0.1773 0.0712 
        D305  4 0.0477 0.1066 0.0346 0.3152 0.0262 0.0273 0.0395 0.3912 0.0117 
        D306  4 0.7011 0.0213 0.0272 0.0253 0.0373 0.0389 0.0260 0.0974 0.0255 
        D307  4 0.0241 0.0243 0.1145 0.0881 0.0182 0.5459 0.0735 0.0400 0.0714 
        D327  4 0.0422 0.0402 0.0254 0.0368 0.5875 0.0596 0.0509 0.0891 0.0683 
        D328  4 0.1299 0.0216 0.0432 0.5781 0.0214 0.0190 0.0322 0.0510 0.1037 
        D329  4 0.0768 0.1306 0.0606 0.3358 0.0713 0.0544 0.0882 0.1374 0.0450 
        D330  4 0.1285 0.0634 0.1799 0.0624 0.2779 0.1425 0.0169 0.1122 0.0162 
        D331  4 0.2801 0.0353 0.0749 0.0361 0.1679 0.0414 0.1843 0.1076 0.0724 
        D333  4 0.1230 0.0922 0.0990 0.2620 0.0642 0.0695 0.1000 0.0873 0.1028 
        D334  4 0.0421 0.0207 0.0278 0.0758 0.0795 0.0938 0.0564 0.0604 0.5437 
        D335  4 0.0636 0.0383 0.0288 0.5877 0.1452 0.0311 0.0248 0.0517 0.0289 
        D370  4 0.3853 0.0509 0.2176 0.0592 0.0407 0.0293 0.0389 0.0765 0.1017 
        D371  4 0.0319 0.0374 0.0223 0.0222 0.1024 0.0172 0.0256 0.0395 0.7015 
        D372  4 0.1260 0.0413 0.0248 0.0170 0.0148 0.0154 0.6234 0.1115 0.0259 
        D373  4 0.0161 0.0691 0.1274 0.0683 0.0367 0.4880 0.0853 0.0895 0.0196 
        D455  4 0.0296 0.0380 0.0948 0.1117 0.0321 0.5857 0.0485 0.0375 0.0222 
        D490  4 0.0340 0.0090 0.0297 0.0294 0.0169 0.8237 0.0163 0.0251 0.0159 
        D497  4 0.0422 0.0202 0.0579 0.0692 0.0181 0.6820 0.0316 0.0607 0.0181 
        D498  4 0.4809 0.0331 0.1064 0.0256 0.0607 0.0346 0.1128 0.0646 0.0811 
        D499  4 0.0883 0.2517 0.0693 0.1514 0.0325 0.0245 0.1217 0.1497 0.1108 
        D514  4 0.2319 0.0281 0.0537 0.1249 0.2898 0.0622 0.0528 0.1396 0.0171 
        D515  4 0.3020 0.0514 0.1105 0.0402 0.0357 0.3467 0.0194 0.0611 0.0329 
        D516  4 0.0911 0.0775 0.2554 0.0215 0.1620 0.1043 0.0814 0.1354 0.0714 
        D517  4 0.0337 0.0446 0.0541 0.0286 0.0489 0.4784 0.0799 0.2122 0.0195 
        D518  4 0.0454 0.0287 0.0190 0.6726 0.0210 0.0951 0.0251 0.0371 0.0560 
        D519  4 0.1288 0.0660 0.1294 0.0216 0.0441 0.4146 0.0802 0.0868 0.0284 
        D560  4 0.1549 0.0899 0.0738 0.0509 0.1043 0.2797 0.1025 0.1263 0.0178 
        D561  4 0.0425 0.0624 0.0409 0.0586 0.0808 0.4243 0.0239 0.2504 0.0162 
        D562  4 0.1455 0.0876 0.0459 0.1214 0.0663 0.2215 0.0854 0.1676 0.0589 
        D563  4 0.0526 0.4255 0.0462 0.1235 0.0286 0.0621 0.0704 0.1740 0.0171 
        D572  4 0.0410 0.0271 0.0170 0.7189 0.0576 0.0505 0.0253 0.0359 0.0268 
        D629  4 0.0214 0.0272 0.1286 0.1146 0.2365 0.2817 0.0528 0.1117 0.0255 
        D630  4 0.1963 0.0290 0.0264 0.1080 0.0989 0.2798 0.0992 0.1073 0.0551 
        D631  4 0.0235 0.0771 0.0158 0.7449 0.0196 0.0327 0.0337 0.0358 0.0167 
        D632  4 0.0252 0.1770 0.1501 0.2373 0.0468 0.2441 0.0171 0.0794 0.0230 
        D646  4 0.0539 0.0918 0.1647 0.0410 0.2094 0.1931 0.0620 0.1481 0.0360 
        D647  4 0.1055 0.0600 0.0596 0.0547 0.4711 0.1322 0.0413 0.0606 0.0152 
        D648  4 0.2202 0.0332 0.0198 0.5748 0.0171 0.0210 0.0153 0.0353 0.0633 
        D649  4 0.0249 0.0239 0.2087 0.2833 0.2671 0.0656 0.0324 0.0718 0.0222 
        D650  4 0.0638 0.0387 0.0737 0.1708 0.1567 0.1513 0.1109 0.1161 0.1181 
        D708  4 0.0711 0.0288 0.0525 0.3402 0.0443 0.0537 0.0875 0.1399 0.1820 
        D709  4 0.6094 0.0254 0.1381 0.0439 0.0268 0.0172 0.0269 0.0873 0.0250 
        D738  4 0.0491 0.0155 0.0696 0.0322 0.0770 0.0929 0.0286 0.0403 0.5948 
        D739  4 0.2082 0.0289 0.0470 0.0882 0.0274 0.3307 0.0525 0.1840 0.0331 
        D740  4 0.0506 0.0797 0.2251 0.0826 0.0233 0.0572 0.1580 0.2023 0.1212 
        D741  4 0.1248 0.1192 0.0866 0.0340 0.1293 0.2511 0.0558 0.1814 0.0178 
        D742  4 0.0503 0.2982 0.0427 0.1017 0.0409 0.0888 0.1719 0.1075 0.0979 
        D743  4 0.0238 0.0530 0.0147 0.3723 0.3958 0.0302 0.0538 0.0342 0.0222 
        D744  4 0.0200 0.0317 0.0195 0.8165 0.0188 0.0257 0.0211 0.0286 0.0181 
        D745  4 0.1510 0.0343 0.1290 0.0319 0.0260 0.4623 0.0418 0.1012 0.0225 
        D814  4 0.0729 0.2439 0.0177 0.0743 0.0349 0.1326 0.0820 0.3200 0.0217 
        D815  4 0.2234 0.0275 0.0702 0.3446 0.1486 0.0290 0.0568 0.0674 0.0326 
        D828  4 0.6463 0.0530 0.0290 0.0718 0.0119 0.0325 0.0495 0.0403 0.0657 
        D845  4 0.0136 0.0266 0.0182 0.0203 0.0176 0.0112 0.8340 0.0230 0.0353 
        D846  4 0.0408 0.1469 0.0252 0.4305 0.0952 0.1043 0.0438 0.1024 0.0111 
        D847  4 0.1019 0.0596 0.0419 0.0690 0.1001 0.2800 0.1254 0.1280 0.0942 
        D848  4 0.0245 0.0792 0.0852 0.0420 0.0166 0.5117 0.1522 0.0670 0.0217 
        D849  4 0.2409 0.0348 0.0964 0.0586 0.0503 0.2950 0.0354 0.1677 0.0208 
        D850  4 0.0231 0.0462 0.0521 0.0565 0.0841 0.3066 0.1387 0.2138 0.0788 
        D856  4 0.3261 0.0282 0.1590 0.0544 0.0533 0.0791 0.0527 0.2096 0.0376 
        D857  4 0.2534 0.0732 0.5102 0.0230 0.0093 0.0390 0.0209 0.0429 0.0282 
        D859  4 0.0644 0.0338 0.0240 0.5708 0.0692 0.0332 0.1028 0.0777 0.0241 
        D860  4 0.0237 0.0700 0.0235 0.0729 0.0829 0.0318 0.1869 0.0707 0.4374 
        D883  4 0.0915 0.0349 0.1068 0.0778 0.2108 0.2145 0.0661 0.1147 0.0830 
        D884  4 0.2218 0.0232 0.1746 0.1011 0.0732 0.1636 0.0418 0.1120 0.0887 
        D885  4 0.0201 0.0931 0.0517 0.0424 0.1271 0.0828 0.2197 0.3309 0.0321 
        D886  4 0.2560 0.0583 0.1287 0.0684 0.1580 0.1759 0.0376 0.0953 0.0219 
        D887  4 0.0985 0.1023 0.0726 0.1177 0.1104 0.0546 0.2589 0.1397 0.0453 
        D889  4 0.1877 0.0135 0.0127 0.0550 0.0401 0.0232 0.5747 0.0744 0.0187 
        D890  4 0.1074 0.0957 0.2128 0.1528 0.0473 0.0758 0.0471 0.1154 0.1456 
        D891  4 0.0092 0.0114 0.0106 0.0107 0.0153 0.0093 0.9095 0.0144 0.0095 
        D899  4 0.0730 0.3999 0.0324 0.0985 0.0336 0.0274 0.1643 0.0771 0.0937 
        D900  4 0.1971 0.0870 0.0493 0.1320 0.1353 0.1109 0.0531 0.1626 0.0727 
        D970  4 0.0302 0.0505 0.0472 0.3903 0.1329 0.0519 0.1160 0.1335 0.0476 
        D971  4 0.0690 0.3995 0.0733 0.1787 0.0577 0.0293 0.0289 0.0950 0.0685 
        D979  4 0.0725 0.0409 0.0215 0.4371 0.2707 0.0302 0.0410 0.0554 0.0306 
        D093  5 0.0478 0.0248 0.0282 0.0224 0.0439 0.0291 0.0642 0.0376 0.7019 
        D154  5 0.1550 0.1576 0.0828 0.0415 0.0306 0.0393 0.2112 0.2330 0.0492 
        D168  5 0.1016 0.2320 0.1187 0.0333 0.0665 0.0822 0.1345 0.2144 0.0169 
        D189  5 0.2671 0.0290 0.0316 0.0314 0.0435 0.0357 0.1777 0.0722 0.3118 
        D190  5 0.0310 0.0284 0.0649 0.0575 0.0299 0.0171 0.0375 0.0315 0.7022 
     D237220  5 0.0774 0.0203 0.0880 0.1044 0.0328 0.2010 0.2345 0.1366 0.1050 
     D237221  5 0.0348 0.0968 0.0728 0.0948 0.0703 0.0298 0.2805 0.0651 0.2552 
     D237274  5 0.0517 0.0732 0.0527 0.1789 0.4735 0.0285 0.0312 0.0897 0.0205 
     D237275  5 0.2364 0.4549 0.0441 0.0144 0.0159 0.0266 0.0992 0.0775 0.0311 
     D237276  5 0.2051 0.0350 0.1663 0.0676 0.1095 0.1095 0.0401 0.0754 0.1915 
     D237277  5 0.0271 0.0655 0.0774 0.0678 0.0272 0.0219 0.1909 0.0582 0.4641 
     D237278  5 0.0753 0.3312 0.0643 0.0732 0.0516 0.0645 0.0315 0.0827 0.2257 
     D237279  5 0.0238 0.0303 0.3036 0.1019 0.0465 0.1248 0.0386 0.3066 0.0237 
     D237280  5 0.0393 0.0201 0.5845 0.0417 0.0906 0.0614 0.0290 0.0856 0.0477 
     D237281  5 0.0420 0.2151 0.0252 0.0261 0.0662 0.0203 0.4614 0.1146 0.0292 
     D237351  5 0.0207 0.0157 0.7872 0.0191 0.0164 0.0298 0.0333 0.0442 0.0335 
     D237352  5 0.0631 0.0767 0.0589 0.2697 0.0504 0.2867 0.0320 0.1059 0.0566 
     D237353  5 0.0218 0.0201 0.1374 0.0367 0.0205 0.0126 0.0832 0.0284 0.6393 
     D237359  5 0.0564 0.0231 0.0531 0.0915 0.0373 0.1815 0.3193 0.1873 0.0507 
     D237361  5 0.0245 0.0190 0.0396 0.0218 0.0188 0.0140 0.0303 0.0241 0.8080 
     D237362  5 0.0538 0.0645 0.2615 0.0518 0.1673 0.0611 0.1023 0.1373 0.1003 
     D237363  5 0.0656 0.1415 0.0541 0.0193 0.0412 0.0309 0.0674 0.5439 0.0362 
     D237364  5 0.1021 0.1322 0.0540 0.1437 0.1004 0.1403 0.1047 0.2071 0.0156 
     D237376  5 0.6522 0.0281 0.0238 0.1037 0.0111 0.0181 0.0279 0.0360 0.0993 
     D237377  5 0.0237 0.0385 0.4123 0.0521 0.1027 0.0354 0.0447 0.1573 0.1333 
     D237378  5 0.1219 0.0772 0.0299 0.1005 0.0218 0.0385 0.1235 0.0704 0.4161 
     D237379  5 0.1113 0.0461 0.0278 0.2772 0.0401 0.0693 0.0597 0.0993 0.2692 
     D237380  5 0.2526 0.0184 0.4225 0.0872 0.0196 0.0443 0.0164 0.0742 0.0648 
     D237381  5 0.1058 0.0780 0.2367 0.1154 0.0468 0.1539 0.0582 0.1188 0.0863 
     D237391  5 0.0154 0.0158 0.0274 0.0231 0.0302 0.0220 0.0635 0.0263 0.7763 
     D237392  5 0.1177 0.2797 0.0698 0.0681 0.2647 0.0424 0.0341 0.1000 0.0235 
     D237393  5 0.0646 0.0579 0.1272 0.0378 0.3903 0.0486 0.0506 0.0702 0.1529 
     D237394  5 0.0111 0.0116 0.0470 0.0258 0.0233 0.0166 0.0179 0.0209 0.8258 
     D237395  5 0.2240 0.0590 0.0982 0.0213 0.0347 0.0708 0.1379 0.1058 0.2483 
     D237396  5 0.0152 0.0725 0.0776 0.0506 0.3193 0.0963 0.0815 0.1267 0.1604 
     D244016  5 0.0618 0.0528 0.1142 0.2410 0.0254 0.0283 0.1158 0.1765 0.1842 
     D244018  5 0.0201 0.3171 0.0433 0.0295 0.0502 0.0443 0.1197 0.1363 0.2396 
     D244019  5 0.0916 0.1190 0.1359 0.0768 0.0802 0.0352 0.1312 0.2888 0.0414 
        D279  5 0.0368 0.0574 0.0580 0.0695 0.0345 0.0325 0.4819 0.1665 0.0630 
        D280  5 0.0843 0.0416 0.1213 0.0211 0.0894 0.0814 0.1888 0.2508 0.1214 
        D281  5 0.0883 0.0910 0.0220 0.0227 0.0265 0.0229 0.5537 0.1219 0.0511 
        D283  5 0.0205 0.0333 0.0905 0.0294 0.0973 0.0309 0.1635 0.0998 0.4348 
        D284  5 0.3011 0.0390 0.0487 0.0427 0.0647 0.2621 0.0895 0.1195 0.0327 
        D285  5 0.0481 0.0221 0.0534 0.0706 0.0699 0.0295 0.3011 0.0798 0.3255 
        D286  5 0.2422 0.0285 0.0442 0.1291 0.0864 0.0687 0.1208 0.0935 0.1866 
        D287  5 0.5974 0.0207 0.0390 0.0998 0.0138 0.0451 0.0359 0.0592 0.0891 
        D288  5 0.0293 0.0298 0.1634 0.0218 0.1718 0.0319 0.2963 0.1864 0.0693 
        D308  5 0.0221 0.0189 0.7397 0.0224 0.0796 0.0219 0.0227 0.0459 0.0268 
        D309  5 0.0205 0.0133 0.0208 0.8353 0.0226 0.0254 0.0119 0.0350 0.0153 
        D310  5 0.0502 0.0124 0.0257 0.0199 0.0170 0.0139 0.0720 0.1520 0.6369 
        D311  5 0.2148 0.0429 0.0578 0.1198 0.1279 0.0504 0.0653 0.2259 0.0953 
        D312  5 0.1222 0.0496 0.0696 0.2330 0.1034 0.1022 0.0527 0.1044 0.1628 
        D313  5 0.0181 0.0167 0.5936 0.0140 0.0170 0.2628 0.0167 0.0313 0.0298 
        D314  5 0.1706 0.0894 0.1702 0.0649 0.0305 0.0809 0.1599 0.1626 0.0711 
        D315  5 0.0958 0.0612 0.1036 0.0504 0.2329 0.0717 0.0515 0.1204 0.2125 
        D317  5 0.0627 0.0161 0.0199 0.0149 0.0508 0.0292 0.0485 0.0324 0.7255 
        D318  5 0.0980 0.1060 0.0612 0.1734 0.1089 0.1791 0.0560 0.1589 0.0585 
        D319  5 0.0357 0.0169 0.0545 0.0144 0.0203 0.0210 0.0658 0.0268 0.7446 
        D320  5 0.0543 0.0152 0.0656 0.0645 0.0322 0.0293 0.1091 0.0598 0.5700 
        D321  5 0.0135 0.0113 0.6713 0.0187 0.0618 0.0293 0.1093 0.0319 0.0530 
        D336  5 0.2560 0.0151 0.0213 0.0532 0.0217 0.0212 0.0262 0.0531 0.5320 
        D337  5 0.0206 0.0220 0.0191 0.0268 0.0234 0.0127 0.1020 0.0310 0.7424 
        D338  5 0.0750 0.0473 0.0538 0.0619 0.1821 0.0545 0.1837 0.1589 0.1828 
        D339  5 0.0483 0.0454 0.0695 0.0189 0.0436 0.0230 0.1726 0.1138 0.4649 
        D347  5 0.5417 0.0693 0.0266 0.0562 0.1235 0.0225 0.0527 0.0649 0.0425 
        D348  5 0.0345 0.0265 0.0170 0.1136 0.0238 0.0160 0.0701 0.0569 0.6415 
        D349  5 0.0128 0.0141 0.8521 0.0178 0.0154 0.0122 0.0202 0.0155 0.0398 
        D350  5 0.0214 0.0181 0.0174 0.8532 0.0144 0.0180 0.0191 0.0218 0.0168 
        D355  5 0.1114 0.0934 0.0339 0.0701 0.1016 0.0253 0.3663 0.1698 0.0283 
        D356  5 0.1010 0.0301 0.0512 0.0697 0.2150 0.1282 0.0856 0.0929 0.2263 
        D357  5 0.3956 0.0329 0.0712 0.0439 0.0642 0.0347 0.0810 0.1971 0.0794 
        D358  5 0.0555 0.0427 0.0754 0.1674 0.0338 0.0501 0.0608 0.1434 0.3710 
        D359  5 0.0195 0.0167 0.0665 0.0852 0.1696 0.0194 0.0843 0.0733 0.4655 
        D360  5 0.0777 0.0187 0.0379 0.0447 0.1172 0.1457 0.0637 0.0807 0.4137 
        D361  5 0.0236 0.0219 0.8384 0.0112 0.0224 0.0155 0.0173 0.0263 0.0235 
        D366  5 0.0251 0.3922 0.0266 0.0183 0.3801 0.0433 0.0253 0.0671 0.0221 
        D367  5 0.1250 0.0202 0.0815 0.0936 0.0251 0.0346 0.0687 0.1219 0.4294 
        D368  5 0.0471 0.0254 0.4792 0.0345 0.0791 0.0285 0.0637 0.1173 0.1251 
        D380  5 0.0259 0.0429 0.0697 0.5403 0.0455 0.0517 0.0605 0.1378 0.0256 
        D381  5 0.0211 0.0248 0.0472 0.0516 0.0427 0.0200 0.1773 0.1256 0.4898 
        D400  5 0.2207 0.0686 0.0360 0.1224 0.0671 0.0453 0.2031 0.0936 0.1432 
        D411  5 0.1372 0.0295 0.0825 0.0199 0.0197 0.6062 0.0229 0.0684 0.0137 
        D412  5 0.1894 0.1204 0.0819 0.0375 0.0864 0.0488 0.1034 0.2664 0.0659 
        D413  5 0.0262 0.5801 0.0330 0.0619 0.0873 0.0806 0.0394 0.0673 0.0244 
        D414  5 0.0784 0.0737 0.0212 0.5773 0.0239 0.0188 0.0956 0.0941 0.0171 
        D420  5 0.1542 0.0195 0.0500 0.0165 0.0249 0.2454 0.3383 0.1184 0.0328 
        D431  5 0.2446 0.0503 0.2025 0.1226 0.0144 0.0626 0.1361 0.1300 0.0370 
        D432  5 0.0421 0.0735 0.0723 0.0476 0.0751 0.0669 0.0939 0.1154 0.4132 
        D433  5 0.0857 0.0306 0.1173 0.0234 0.0638 0.0202 0.2174 0.0577 0.3838 
        D434  5 0.0675 0.0226 0.1003 0.0406 0.0677 0.0522 0.0824 0.1277 0.4391 
        D440  5 0.0303 0.0151 0.0284 0.8188 0.0157 0.0180 0.0192 0.0302 0.0242 
        D447  5 0.0790 0.0859 0.0358 0.0813 0.1985 0.2012 0.0349 0.2495 0.0339 
        D448  5 0.4050 0.0258 0.0286 0.0365 0.0590 0.0223 0.0752 0.0940 0.2536 
        D459  5 0.0377 0.2813 0.0168 0.0631 0.0753 0.0248 0.4107 0.0577 0.0326 
        D460  5 0.0129 0.0185 0.7628 0.0245 0.0574 0.0143 0.0219 0.0281 0.0596 
        D461  5 0.0164 0.0145 0.0241 0.8193 0.0506 0.0163 0.0170 0.0243 0.0175 
        D468  5 0.1728 0.0779 0.1780 0.0354 0.1463 0.0601 0.0398 0.1837 0.1061 
        D469  5 0.0428 0.0205 0.0967 0.0653 0.5425 0.0590 0.0459 0.0712 0.0561 
        D470  5 0.2937 0.0372 0.0862 0.0822 0.0670 0.1803 0.0353 0.1511 0.0670 
        D471  5 0.1773 0.0356 0.0352 0.0482 0.0644 0.0192 0.1394 0.0605 0.4203 
        D472  5 0.0160 0.0717 0.0213 0.0173 0.7265 0.0174 0.0735 0.0313 0.0249 
        D479  5 0.0719 0.6854 0.0276 0.0842 0.0246 0.0211 0.0206 0.0449 0.0195 
        D485  5 0.5413 0.0357 0.0280 0.1928 0.0218 0.0593 0.0341 0.0553 0.0318 
        D486  5 0.4330 0.0514 0.0673 0.0429 0.0844 0.1135 0.0258 0.1264 0.0552 
        D487  5 0.0644 0.0737 0.0343 0.1002 0.0289 0.0345 0.4055 0.1095 0.1490 
        D555  5 0.0414 0.0622 0.0180 0.0172 0.0187 0.0184 0.0308 0.0278 0.7656 
        D556  5 0.0507 0.0288 0.2028 0.2459 0.0334 0.0333 0.2407 0.0867 0.0777 
