        D174  1 0.0502 0.7973 0.1180 0.0345 
        D199  1 0.3348 0.2893 0.0960 0.2799 
        D203  1 0.3263 0.1234 0.2622 0.2881 
        D204  1 0.9022 0.0405 0.0233 0.0339 
     D237366  1 0.1860 0.1178 0.5379 0.1583 
     D237367  1 0.5149 0.0615 0.3588 0.0648 
     D237368  1 0.2206 0.0880 0.6045 0.0869 
     D244101  1 0.7998 0.0391 0.0239 0.1372 
     D244102  1 0.2293 0.3674 0.2674 0.1359 
     D244103  1 0.6102 0.0915 0.2561 0.0423 
     D244104  1 0.6693 0.1583 0.0866 0.0858 
     D244105  1 0.1566 0.0229 0.7886 0.0319 
     D244106  1 0.0686 0.6528 0.0541 0.2245 
     D244107  1 0.2618 0.0195 0.6557 0.0630 
     D244108  1 0.1046 0.6634 0.1777 0.0544 
     D244113  1 0.0258 0.9285 0.0199 0.0258 
     D244114  1 0.3005 0.3027 0.1294 0.2674 
     D244115  1 0.2216 0.5382 0.1695 0.0706 
     D267365  1 0.3410 0.5219 0.0653 0.0718 
        D404  1 0.0269 0.8853 0.0419 0.0459 
        D405  1 0.1583 0.6033 0.1178 0.1206 
        D406  1 0.0441 0.0315 0.9055 0.0189 
        D407  1 0.6975 0.0358 0.1859 0.0808 
        D408  1 0.0784 0.7717 0.0398 0.1101 
        D409  1 0.6306 0.0796 0.2343 0.0555 
        D410  1 0.0720 0.0440 0.8703 0.0136 
        D421  1 0.8888 0.0300 0.0362 0.0450 
        D422  1 0.0615 0.0142 0.9050 0.0192 
        D423  1 0.0404 0.0190 0.9230 0.0176 
        D424  1 0.8167 0.0481 0.1159 0.0192 
        D425  1 0.4668 0.4189 0.0741 0.0402 
        D426  1 0.5815 0.0284 0.2297 0.1604 
        D427  1 0.1149 0.1383 0.0319 0.7149 
        D428  1 0.4988 0.2716 0.1696 0.0599 
        D429  1 0.4460 0.3827 0.0864 0.0850 
        D430  1 0.2390 0.3458 0.1143 0.3010 
        D491  1 0.0875 0.8567 0.0401 0.0157 
        D492  1 0.3804 0.3536 0.1916 0.0745 
        D537  1 0.7582 0.0921 0.1232 0.0266 
        D538  1 0.2184 0.2374 0.4431 0.1011 
        D539  1 0.0598 0.4398 0.2170 0.2834 
        D540  1 0.5590 0.1538 0.2023 0.0848 
        D541  1 0.9065 0.0326 0.0368 0.0241 
        D551  1 0.2083 0.0438 0.0787 0.6691 
        D552  1 0.2955 0.2421 0.3836 0.0787 
        D553  1 0.9166 0.0276 0.0315 0.0243 
        D615  1 0.3416 0.1831 0.3125 0.1628 
        D616  1 0.3284 0.1300 0.3030 0.2385 
        D621  1 0.0504 0.1709 0.7480 0.0306 
        D622  1 0.0539 0.0414 0.8687 0.0359 
        D623  1 0.0921 0.6280 0.0424 0.2374 
        D624  1 0.0744 0.8490 0.0391 0.0375 
        D625  1 0.7023 0.1383 0.1311 0.0284 
        D626  1 0.1083 0.5805 0.2292 0.0820 
        D627  1 0.6562 0.0439 0.2010 0.0989 
        D690  1 0.6729 0.1607 0.1492 0.0172 
        D691  1 0.0638 0.0395 0.8657 0.0309 
        D710  1 0.6190 0.2018 0.1035 0.0757 
        D711  1 0.7776 0.0950 0.0936 0.0337 
        D712  1 0.0382 0.8279 0.0635 0.0703 
        D713  1 0.2052 0.6397 0.1230 0.0320 
        D746  1 0.0422 0.0229 0.9111 0.0238 
        D747  1 0.8973 0.0360 0.0285 0.0382 
        D748  1 0.3872 0.1013 0.4836 0.0279 
        D749  1 0.0631 0.1582 0.6475 0.1311 
        D750  1 0.2031 0.6511 0.1119 0.0338 
        D763  1 0.3910 0.0590 0.1470 0.4030 
        D764  1 0.4676 0.2696 0.2359 0.0268 
        D765  1 0.0405 0.1587 0.7677 0.0331 
        D766  1 0.2913 0.1107 0.5710 0.0270 
        D767  1 0.3478 0.1681 0.3557 0.1284 
        D768  1 0.9102 0.0175 0.0431 0.0292 
        D811  1 0.0386 0.8627 0.0699 0.0289 
        D816  1 0.8025 0.1189 0.0480 0.0306 
        D825  1 0.1641 0.5869 0.2224 0.0266 
        D866  1 0.0608 0.3728 0.0800 0.4864 
        D867  1 0.0486 0.0556 0.8673 0.0285 
        D871  1 0.6969 0.0808 0.1833 0.0389 
        D872  1 0.4938 0.1487 0.3164 0.0411 
        D873  1 0.0123 0.0176 0.9570 0.0131 
        D874  1 0.4464 0.4507 0.0272 0.0757 
        D875  1 0.5949 0.0388 0.3420 0.0243 
        D876  1 0.6040 0.2388 0.1168 0.0404 
        D877  1 0.0835 0.8505 0.0269 0.0390 
        D892  1 0.3655 0.3557 0.2555 0.0233 
        D893  1 0.6781 0.0594 0.1712 0.0914 
        D894  1 0.6665 0.1724 0.0949 0.0661 
        D915  1 0.4811 0.1369 0.3358 0.0461 
        D916  1 0.8642 0.0505 0.0638 0.0215 
        D917  1 0.3028 0.5227 0.0499 0.1247 
        D925  1 0.0726 0.0808 0.8214 0.0252 
        D926  1 0.6452 0.1818 0.1123 0.0607 
        D927  1 0.3669 0.1261 0.0597 0.4473 
        D928  1 0.0886 0.8643 0.0314 0.0157 
        D929  1 0.1809 0.5018 0.2194 0.0980 
        D936  1 0.7096 0.0914 0.0449 0.1541 
        D938  1 0.0228 0.0319 0.9284 0.0169 
        D956  1 0.0451 0.8381 0.0596 0.0572 
        D957  1 0.3614 0.1078 0.4922 0.0386 
        D958  1 0.4158 0.2192 0.3386 0.0264 
        D959  1 0.7415 0.0240 0.1964 0.0381 
        D960  1 0.0287 0.0431 0.9124 0.0158 
        D989  1 0.0835 0.6814 0.0399 0.1952 
        D990  1 0.0172 0.0291 0.9087 0.0450 
        D023  2 0.3014 0.0290 0.6446 0.0250 
        D130  2 0.0574 0.0202 0.8933 0.0292 
        D131  2 0.7582 0.0547 0.1049 0.0821 
        D163  2 0.1037 0.0260 0.8471 0.0232 
        D164  2 0.0199 0.0129 0.5270 0.4402 
        D165  2 0.1435 0.0194 0.7776 0.0595 
        D166  2 0.2686 0.2150 0.3482 0.1682 
        D167  2 0.0214 0.0494 0.0200 0.9092 
        D192  2 0.0149 0.0227 0.0147 0.9478 
        D193  2 0.0630 0.7363 0.1099 0.0908 
        D206  2 0.4692 0.0714 0.1874 0.2720 
        D207  2 0.1545 0.0398 0.0466 0.7591 
        D208  2 0.0659 0.4203 0.0681 0.4457 
        D209  2 0.2751 0.0710 0.1059 0.5481 
        D210  2 0.0995 0.3830 0.0635 0.4540 
     D229599  2 0.4195 0.1979 0.1728 0.2098 
     D229600  2 0.0464 0.0284 0.5957 0.3295 
     D237227  2 0.0812 0.5633 0.2172 0.1383 
     D237228  2 0.0451 0.3772 0.4411 0.1366 
     D237258  2 0.1202 0.2184 0.2657 0.3958 
     D237310  2 0.0273 0.1515 0.7256 0.0955 
     D237311  2 0.0250 0.0714 0.7260 0.1776 
     D237312  2 0.0540 0.2923 0.6078 0.0459 
     D237313  2 0.3763 0.3001 0.2306 0.0930 
     D237322  2 0.0799 0.1866 0.1153 0.6182 
     D237323  2 0.0306 0.1911 0.7357 0.0426 
     D237324  2 0.1834 0.0220 0.4859 0.3088 
     D237325  2 0.0917 0.2040 0.6177 0.0866 
     D237326  2 0.1177 0.0945 0.7529 0.0350 
     D237327  2 0.1997 0.0612 0.0862 0.6529 
     D237337  2 0.0518 0.0876 0.8361 0.0244 
     D237338  2 0.1329 0.1666 0.5048 0.1957 
     D237339  2 0.5485 0.0576 0.0483 0.3456 
     D237340  2 0.0348 0.3485 0.3593 0.2575 
     D237389  2 0.0530 0.0621 0.8136 0.0714 
     D237390  2 0.0993 0.3388 0.5144 0.0475 
     D244017  2 0.0506 0.5079 0.0701 0.3713 
     D244112  2 0.0190 0.0260 0.0759 0.8791 
     D244118  2 0.0228 0.0277 0.3196 0.6299 
     D244119  2 0.0253 0.4982 0.0341 0.4424 
     D244120  2 0.0312 0.3261 0.0784 0.5644 
     D244122  2 0.0406 0.0949 0.0710 0.7935 
        D291  2 0.2115 0.0945 0.1370 0.5570 
        D292  2 0.1803 0.1774 0.0550 0.5873 
        D293  2 0.4639 0.0142 0.0168 0.5050 
        D322  2 0.5125 0.0335 0.0484 0.4056 
        D323  2 0.3794 0.2989 0.0873 0.2344 
        D324  2 0.4752 0.1137 0.1988 0.2123 
        D325  2 0.1228 0.0126 0.0238 0.8408 
        D326  2 0.9175 0.0341 0.0176 0.0308 
        D340  2 0.0273 0.0169 0.0182 0.9376 
        D341  2 0.0259 0.0266 0.0351 0.9124 
        D342  2 0.0504 0.0520 0.1764 0.7212 
        D343  2 0.0246 0.0075 0.0127 0.9551 
        D344  2 0.7338 0.1112 0.0639 0.0911 
        D345  2 0.6041 0.1058 0.2193 0.0707 
        D346  2 0.1257 0.6486 0.0558 0.1699 
        D351  2 0.6630 0.0433 0.1482 0.1456 
        D352  2 0.3286 0.2779 0.1597 0.2338 
        D353  2 0.8942 0.0420 0.0209 0.0429 
        D354  2 0.4911 0.3779 0.0981 0.0329 
        D362  2 0.7181 0.1268 0.1139 0.0412 
        D363  2 0.6621 0.2108 0.0867 0.0404 
        D364  2 0.7201 0.1622 0.0893 0.0284 
        D365  2 0.0456 0.0184 0.0135 0.9226 
        D369  2 0.3188 0.2269 0.1638 0.2905 
        D374  2 0.0149 0.9458 0.0180 0.0213 
        D375  2 0.5669 0.2594 0.1267 0.0470 
        D376  2 0.0217 0.8921 0.0360 0.0502 
        D377  2 0.1221 0.5131 0.2447 0.1202 
        D378  2 0.7159 0.0281 0.0356 0.2204 
        D379  2 0.9007 0.0365 0.0345 0.0283 
        D384  2 0.9125 0.0446 0.0227 0.0202 
        D385  2 0.0225 0.0318 0.0172 0.9285 
        D386  2 0.7903 0.0429 0.0935 0.0733 
        D391  2 0.0583 0.0213 0.0171 0.9034 
        D392  2 0.0623 0.0715 0.1024 0.7638 
        D393  2 0.6094 0.0302 0.0965 0.2640 
        D394  2 0.2841 0.1442 0.4490 0.1227 
        D395  2 0.2024 0.0435 0.0467 0.7074 
        D401  2 0.0235 0.0559 0.8894 0.0312 
        D402  2 0.0206 0.0185 0.0169 0.9440 
        D403  2 0.6913 0.0553 0.1643 0.0891 
        D415  2 0.8516 0.0221 0.1076 0.0187 
        D435  2 0.6048 0.0237 0.0954 0.2762 
        D436  2 0.5558 0.2601 0.1151 0.0690 
        D438  2 0.0252 0.0246 0.0204 0.9299 
        D439  2 0.6144 0.0367 0.1516 0.1973 
        D449  2 0.3233 0.0319 0.0494 0.5954 
        D450  2 0.2681 0.5579 0.1204 0.0536 
        D456  2 0.9268 0.0272 0.0304 0.0156 
        D462  2 0.0625 0.0145 0.0159 0.9070 
        D463  2 0.9423 0.0257 0.0178 0.0142 
        D464  2 0.7090 0.1477 0.0455 0.0978 
        D465  2 0.5069 0.0344 0.1402 0.3185 
        D473  2 0.0431 0.7834 0.1135 0.0600 
        D474  2 0.5210 0.0929 0.1150 0.2711 
        D476  2 0.1469 0.0280 0.5892 0.2359 
        D477  2 0.6640 0.1861 0.0627 0.0873 
        D478  2 0.2520 0.5037 0.1665 0.0777 
        D480  2 0.5168 0.1107 0.0421 0.3303 
        D481  2 0.5094 0.1875 0.1749 0.1282 
        D482  2 0.0814 0.3598 0.2120 0.3468 
        D483  2 0.0187 0.0410 0.0204 0.9199 
        D484  2 0.1703 0.3778 0.1072 0.3447 
        D510  2 0.0243 0.8864 0.0337 0.0555 
        D511  2 0.6722 0.0416 0.0819 0.2042 
        D512  2 0.1266 0.0365 0.7026 0.1343 
        D513  2 0.2745 0.0977 0.1196 0.5082 
        D635  2 0.7119 0.0489 0.2054 0.0338 
        D636  2 0.0350 0.0283 0.9187 0.0179 
        D637  2 0.1366 0.2315 0.1338 0.4980 
        D658  2 0.0381 0.2096 0.0646 0.6877 
        D659  2 0.8321 0.0455 0.0693 0.0530 
        D677  2 0.3979 0.0818 0.3088 0.2115 
        D678  2 0.0801 0.0693 0.0745 0.7762 
        D679  2 0.6362 0.0795 0.0552 0.2291 
        D719  2 0.2901 0.4378 0.0251 0.2471 
        D720  2 0.6936 0.1661 0.0834 0.0569 
        D721  2 0.2485 0.0384 0.5792 0.1339 
        D722  2 0.0280 0.8974 0.0389 0.0357 
        D734  2 0.1605 0.5166 0.0204 0.3025 
        D735  2 0.4885 0.1822 0.1470 0.1824 
        D736  2 0.1661 0.4785 0.0967 0.2587 
        D737  2 0.0547 0.0887 0.0876 0.7690 
        D807  2 0.2117 0.5088 0.1024 0.1772 
        D808  2 0.2924 0.0553 0.4208 0.2314 
        D817  2 0.5606 0.3167 0.0632 0.0594 
        D818  2 0.2940 0.0500 0.1288 0.5273 
        D819  2 0.5455 0.1451 0.2559 0.0535 
        D820  2 0.8630 0.0537 0.0187 0.0646 
        D895  2 0.7314 0.0529 0.1678 0.0479 
        D896  2 0.0262 0.0553 0.8976 0.0209 
        D897  2 0.0650 0.0588 0.0629 0.8132 
        D898  2 0.3451 0.3391 0.1718 0.1440 
        D918  2 0.1428 0.1708 0.4157 0.2706 
        D919  2 0.5968 0.0403 0.0457 0.3171 
        D920  2 0.0198 0.0423 0.9126 0.0253 
        D923  2 0.8770 0.0462 0.0353 0.0415 
        D930  2 0.4977 0.3062 0.1006 0.0955 
        D931  2 0.4955 0.1863 0.0808 0.2374 
        D968  2 0.0344 0.0153 0.0138 0.9364 
        D969  2 0.4363 0.0806 0.0492 0.4338 
        D977  2 0.1244 0.0287 0.0405 0.8064 
        D978  2 0.1243 0.1182 0.0466 0.7108 
        D211  3 0.1338 0.0510 0.7394 0.0759 
     D229639  3 0.0542 0.1198 0.0463 0.7797 
     D237212  3 0.3571 0.0953 0.1599 0.3877 
     D237213  3 0.2736 0.0735 0.5492 0.1037 
     D237214  3 0.1549 0.0634 0.7548 0.0269 
     D237215  3 0.0214 0.1322 0.0223 0.8241 
     D237216  3 0.3443 0.0452 0.3872 0.2233 
     D237217  3 0.2108 0.0199 0.7042 0.0651 
     D237218  3 0.2457 0.0606 0.1389 0.5548 
     D237219  3 0.0424 0.1871 0.6505 0.1201 
     D237382  3 0.2442 0.3865 0.2724 0.0969 
     D244127  3 0.0696 0.0399 0.7680 0.1225 
     D244129  3 0.4089 0.0852 0.3245 0.1813 
     D244133  3 0.1551 0.4234 0.2121 0.2095 
     D244134  3 0.0647 0.3079 0.2069 0.4204 
     D244135  3 0.1124 0.0220 0.7902 0.0754 
     D244136  3 0.2506 0.5471 0.0883 0.1140 
        D416  3 0.3604 0.0534 0.1969 0.3893 
        D417  3 0.8465 0.0377 0.0861 0.0296 
        D419  3 0.2379 0.1720 0.3542 0.2359 
        D565  3 0.0543 0.8966 0.0196 0.0295 
        D566  3 0.0944 0.4102 0.0451 0.4502 
        D567  3 0.7252 0.0628 0.1764 0.0357 
        D568  3 0.4476 0.0337 0.2729 0.2458 
        D569  3 0.2867 0.1205 0.1981 0.3947 
        D573  3 0.2292 0.0200 0.0354 0.7154 
        D574  3 0.0832 0.7752 0.0763 0.0654 
        D575  3 0.1739 0.3342 0.3262 0.1656 
        D576  3 0.0135 0.0713 0.0227 0.8925 
        D577  3 0.7503 0.1156 0.0931 0.0410 
        D578  3 0.0295 0.0192 0.9200 0.0314 
        D579  3 0.2826 0.2926 0.1375 0.2873 
        D660  3 0.0732 0.0573 0.1992 0.6703 
        D661  3 0.0634 0.0275 0.0703 0.8388 
        D663  3 0.1122 0.0557 0.0311 0.8011 
        D664  3 0.0359 0.3651 0.4426 0.1565 
        D665  3 0.0867 0.0452 0.7196 0.1486 
        D666  3 0.2006 0.3271 0.3676 0.1046 
        D009  4 0.3880 0.0648 0.4882 0.0591 
        D057  4 0.1232 0.0530 0.2949 0.5289 
        D109  4 0.0843 0.1114 0.7679 0.0365 
     D237222  4 0.0454 0.1214 0.7786 0.0546 
     D237223  4 0.0824 0.1384 0.6577 0.1214 
     D237224  4 0.3744 0.0739 0.0535 0.4982 
     D237225  4 0.4623 0.0957 0.3532 0.0889 
     D237299  4 0.1807 0.1052 0.5518 0.1623 
     D237300  4 0.0255 0.1155 0.0265 0.8325 
     D237306  4 0.1219 0.6693 0.1492 0.0597 
     D237307  4 0.3585 0.4207 0.0955 0.1254 
     D237308  4 0.0856 0.1165 0.1530 0.6449 
     D237309  4 0.5648 0.0594 0.2805 0.0953 
     D237317  4 0.2675 0.6371 0.0503 0.0450 
     D237318  4 0.0243 0.0293 0.0164 0.9300 
     D237319  4 0.2642 0.1417 0.4749 0.1192 
     D237320  4 0.1321 0.0818 0.4899 0.2962 
     D237321  4 0.0820 0.0881 0.0567 0.7731 
     D237397  4 0.0797 0.3408 0.2825 0.2970 
     D237398  4 0.2340 0.0312 0.0667 0.6680 
     D237399  4 0.2322 0.3457 0.2092 0.2128 
     D244001  4 0.0948 0.0510 0.7340 0.1203 
        D289  4 0.3592 0.2946 0.0880 0.2582 
        D290  4 0.3237 0.3346 0.1159 0.2258 
        D294  4 0.4915 0.2298 0.0659 0.2128 
        D295  4 0.4371 0.2065 0.2636 0.0928 
        D301  4 0.0251 0.0612 0.8260 0.0876 
        D302  4 0.8143 0.0896 0.0577 0.0384 
        D303  4 0.0584 0.7918 0.0793 0.0705 
        D304  4 0.2678 0.4583 0.0406 0.2334 
        D305  4 0.4329 0.0448 0.1987 0.3236 
        D306  4 0.2825 0.5075 0.1236 0.0864 
        D307  4 0.0221 0.0592 0.8758 0.0429 
        D327  4 0.7137 0.1339 0.0664 0.0859 
        D328  4 0.0967 0.7363 0.0965 0.0706 
        D329  4 0.3049 0.1474 0.1578 0.3899 
        D330  4 0.6449 0.0412 0.2708 0.0431 
        D331  4 0.2319 0.3342 0.1727 0.2612 
        D333  4 0.1669 0.4112 0.2024 0.2194 
        D334  4 0.1291 0.7495 0.0720 0.0493 
        D335  4 0.7090 0.1391 0.0484 0.1035 
        D370  4 0.1011 0.6317 0.1974 0.0698 
        D371  4 0.1258 0.7973 0.0261 0.0508 
        D372  4 0.0258 0.0551 0.0274 0.8917 
        D373  4 0.0608 0.0323 0.7630 0.1439 
        D455  4 0.0417 0.0290 0.8672 0.0622 
        D490  4 0.0241 0.0307 0.9307 0.0145 
        D497  4 0.0280 0.0360 0.8984 0.0377 
        D498  4 0.1189 0.4845 0.2264 0.1702 
        D499  4 0.1482 0.2573 0.0839 0.5106 
        D514  4 0.8028 0.0685 0.0727 0.0559 
        D515  4 0.1446 0.1023 0.7017 0.0514 
        D516  4 0.2047 0.2133 0.3926 0.1894 
        D517  4 0.0826 0.0283 0.7841 0.1050 
        D518  4 0.2744 0.2652 0.2960 0.1645 
        D519  4 0.1034 0.0358 0.7356 0.1252 
        D560  4 0.1767 0.0404 0.5731 0.2098 
        D561  4 0.6750 0.0192 0.2577 0.0481 
        D562  4 0.2398 0.2576 0.2955 0.2071 
        D563  4 0.2033 0.0318 0.0855 0.6794 
        D572  4 0.5801 0.1528 0.1397 0.1273 
        D629  4 0.5641 0.1084 0.2565 0.0710 
        D630  4 0.3264 0.2526 0.2737 0.1473 
        D631  4 0.2383 0.1277 0.1040 0.5300 
        D632  4 0.1228 0.0435 0.6606 0.1731 
        D646  4 0.4386 0.0456 0.4355 0.0803 
        D647  4 0.6196 0.0335 0.2690 0.0778 
        D648  4 0.0553 0.8172 0.0680 0.0595 
        D649  4 0.6214 0.0474 0.2866 0.0446 
        D650  4 0.3082 0.3470 0.2424 0.1024 
        D708  4 0.1327 0.6671 0.1045 0.0956 
        D709  4 0.2425 0.5504 0.1204 0.0867 
        D738  4 0.1116 0.5925 0.2583 0.0376 
        D739  4 0.1735 0.1348 0.5797 0.1119 
        D740  4 0.1062 0.2139 0.2561 0.4238 
        D741  4 0.3961 0.0330 0.3469 0.2240 
        D742  4 0.0927 0.1603 0.0799 0.6671 
        D743  4 0.8012 0.0737 0.0347 0.0904 
        D744  4 0.6451 0.0510 0.0798 0.2241 
        D745  4 0.0605 0.0371 0.8393 0.0631 
        D814  4 0.1948 0.0326 0.1075 0.6651 
        D815  4 0.5904 0.2100 0.1144 0.0852 
        D828  4 0.0319 0.7037 0.0642 0.2002 
        D845  4 0.0435 0.0388 0.0158 0.9019 
        D846  4 0.6051 0.0243 0.0930 0.2776 
        D847  4 0.2804 0.2016 0.2802 0.2379 
        D848  4 0.0461 0.0240 0.6651 0.2648 
        D849  4 0.1225 0.0466 0.7619 0.0690 
        D850  4 0.4491 0.1434 0.2502 0.1573 
        D856  4 0.2978 0.1426 0.4784 0.0813 
        D857  4 0.0155 0.0483 0.8743 0.0619 
        D859  4 0.4189 0.2026 0.0847 0.2938 
        D860  4 0.1936 0.4430 0.0406 0.3227 
        D883  4 0.2885 0.3408 0.3082 0.0625 
        D884  4 0.1613 0.2994 0.4940 0.0453 
        D885  4 0.3376 0.0502 0.1741 0.4381 
        D886  4 0.2782 0.0981 0.5256 0.0980 
        D887  4 0.1989 0.1655 0.1226 0.5130 
        D889  4 0.2150 0.1970 0.0326 0.5554 
        D890  4 0.1300 0.6070 0.1585 0.1045 
        D891  4 0.0205 0.0123 0.0124 0.9549 
        D899  4 0.0748 0.2707 0.0394 0.6152 
        D900  4 0.4822 0.2148 0.1690 0.1340 
        D970  4 0.5294 0.1637 0.1019 0.2050 
        D971  4 0.1984 0.1062 0.0981 0.5973 
        D979  4 0.7871 0.1082 0.0267 0.0780 
        D093  5 0.0673 0.7657 0.0760 0.0910 
        D154  5 0.0933 0.1858 0.0782 0.6426 
        D168  5 0.1883 0.0540 0.2738 0.4839 
        D189  5 0.0792 0.6191 0.0519 0.2498 
        D190  5 0.0490 0.8510 0.0329 0.0672 
     D237220  5 0.1238 0.1089 0.5828 0.1846 
     D237221  5 0.1345 0.5202 0.0783 0.2670 
     D237274  5 0.8937 0.0381 0.0377 0.0305 
     D237275  5 0.0308 0.0408 0.0372 0.8911 
     D237276  5 0.1712 0.4102 0.3406 0.0781 
     D237277  5 0.0691 0.6180 0.0434 0.2695 
     D237278  5 0.0752 0.2775 0.1351 0.5122 
     D237279  5 0.2495 0.0262 0.6883 0.0359 
     D237280  5 0.3352 0.1467 0.4746 0.0436 
     D237281  5 0.0779 0.0246 0.0224 0.8751 
     D237351  5 0.0401 0.1356 0.7574 0.0668 
     D237352  5 0.2822 0.1511 0.4587 0.1080 
     D237353  5 0.0336 0.8702 0.0344 0.0618 
     D237359  5 0.2221 0.1010 0.4029 0.2740 
     D237361  5 0.0346 0.8959 0.0359 0.0336 
     D237362  5 0.3525 0.4188 0.1067 0.1220 
     D237363  5 0.3424 0.1314 0.1641 0.3621 
     D237364  5 0.3164 0.0433 0.2073 0.4329 
     D237376  5 0.0253 0.8602 0.0370 0.0775 
     D237377  5 0.5254 0.1393 0.2737 0.0616 
     D237378  5 0.0411 0.7427 0.0515 0.1647 
     D237379  5 0.0982 0.6896 0.0878 0.1244 
     D237380  5 0.0517 0.1994 0.7285 0.0204 
     D237381  5 0.1165 0.1501 0.6374 0.0960 
     D237391  5 0.0880 0.7486 0.0579 0.1055 
     D237392  5 0.6755 0.0926 0.0993 0.1326 
     D237393  5 0.3725 0.3578 0.1689 0.1009 
     D237394  5 0.0503 0.8803 0.0449 0.0245 
     D237395  5 0.0482 0.6342 0.1572 0.1604 
     D237396  5 0.6566 0.1132 0.1184 0.1118 
     D244016  5 0.2399 0.4604 0.0586 0.2410 
     D244018  5 0.1188 0.1669 0.1344 0.5799 
     D244019  5 0.4540 0.2473 0.0585 0.2402 
        D279  5 0.1040 0.0802 0.1258 0.6901 
        D280  5 0.2323 0.3954 0.1125 0.2597 
        D281  5 0.0740 0.0910 0.0212 0.8137 
        D283  5 0.2490 0.5883 0.0437 0.1189 
        D284  5 0.1578 0.1158 0.5494 0.1771 
        D285  5 0.1906 0.5737 0.0736 0.1621 
        D286  5 0.1951 0.4981 0.1444 0.1624 
        D287  5 0.0247 0.8122 0.1133 0.0498 
        D288  5 0.2915 0.4236 0.0503 0.2346 
        D308  5 0.0607 0.0400 0.8809 0.0184 
        D309  5 0.9041 0.0331 0.0425 0.0202 
        D310  5 0.0293 0.9054 0.0255 0.0399 
        D311  5 0.2766 0.5106 0.0778 0.1349 
        D312  5 0.1513 0.6695 0.0928 0.0864 
        D313  5 0.0164 0.0242 0.9479 0.0115 
        D314  5 0.0665 0.2498 0.2499 0.4338 
        D315  5 0.2831 0.4932 0.1422 0.0815 
        D317  5 0.0457 0.8938 0.0296 0.0310 
        D318  5 0.4234 0.1833 0.1662 0.2271 
        D319  5 0.0352 0.8346 0.0391 0.0911 
        D320  5 0.0536 0.8248 0.0735 0.0482 
        D321  5 0.0726 0.1036 0.7537 0.0701 
        D336  5 0.0333 0.9244 0.0221 0.0202 
        D337  5 0.0353 0.9013 0.0130 0.0504 
        D338  5 0.2473 0.2281 0.2578 0.2668 
        D339  5 0.0503 0.7517 0.0672 0.1307 
        D347  5 0.4360 0.3599 0.0468 0.1572 
        D348  5 0.0445 0.8969 0.0210 0.0376 
        D349  5 0.0342 0.0727 0.8554 0.0377 
        D350  5 0.7343 0.0585 0.0935 0.1137 
        D355  5 0.3130 0.0548 0.0223 0.6099 
        D356  5 0.2010 0.6148 0.1297 0.0545 
        D357  5 0.1451 0.5777 0.1329 0.1443 
        D358  5 0.1823 0.5900 0.1348 0.0930 
        D359  5 0.3690 0.5671 0.0296 0.0343 
        D360  5 0.1315 0.6950 0.1311 0.0425 
        D361  5 0.0236 0.0377 0.9213 0.0175 
        D366  5 0.7340 0.0335 0.0577 0.1748 
        D367  5 0.0380 0.8468 0.0670 0.0482 
        D368  5 0.1579 0.4942 0.2829 0.0650 
        D380  5 0.6298 0.0688 0.1673 0.1341 
        D381  5 0.1121 0.7248 0.0417 0.1214 
        D400  5 0.1177 0.5087 0.0638 0.3098 
        D411  5 0.0248 0.0229 0.9257 0.0266 
        D412  5 0.2006 0.2708 0.1991 0.3295 
        D413  5 0.1095 0.0335 0.0554 0.8016 
        D414  5 0.2424 0.0687 0.0685 0.6204 
        D420  5 0.1431 0.2110 0.4087 0.2372 
        D431  5 0.0441 0.4536 0.1634 0.3389 
        D432  5 0.0953 0.5669 0.1603 0.1775 
        D433  5 0.0790 0.7018 0.0560 0.1633 
        D434  5 0.1522 0.6886 0.1010 0.0582 
        D440  5 0.8359 0.0403 0.0697 0.0541 
        D447  5 0.7874 0.0289 0.1194 0.0643 
        D448  5 0.0482 0.8652 0.0197 0.0668 
        D459  5 0.1697 0.0474 0.0199 0.7630 
        D460  5 0.0683 0.0765 0.8262 0.0290 
        D461  5 0.8913 0.0484 0.0239 0.0364 
        D468  5 0.3027 0.4952 0.1243 0.0777 
        D469  5 0.4965 0.2141 0.2058 0.0836 
        D470  5 0.1637 0.3219 0.4266 0.0878 
        D471  5 0.0792 0.7682 0.0275 0.1251 
        D472  5 0.7056 0.0225 0.0309 0.2410 
        D479  5 0.0498 0.0468 0.0295 0.8739 
        D485  5 0.1179 0.5735 0.1416 0.1670 
        D486  5 0.2772 0.4156 0.2453 0.0619 
        D487  5 0.0460 0.2507 0.0645 0.6388 
        D555  5 0.0339 0.8710 0.0203 0.0748 
        D556  5 0.0951 0.5759 0.0914 0.2376 
        D557  5 0.0405 0.8931 0.0218 0.0446 
        D564  5 0.1692 0.5508 0.1882 0.0918 
        D594  5 0.4798 0.3367 0.0860 0.0975 
        D595  5 0.2325 0.4780 0.1080 0.1815 
        D596  5 0.0317 0.9096 0.0229 0.0359 
        D597  5 0.1973 0.3578 0.0412 0.4038 
        D598  5 0.1200 0.5213 0.2343 0.1244 
        D617  5 0.0338 0.0336 0.7645 0.1681 
        D618  5 0.1481 0.5285 0.0850 0.2384 
        D619  5 0.3320 0.3519 0.2798 0.0363 
        D620  5 0.0466 0.0213 0.0210 0.9111 
        D628  5 0.2123 0.3326 0.3038 0.1513 
        D714  5 0.0491 0.5802 0.0468 0.3239 
        D715  5 0.1231 0.6681 0.0448 0.1640 
        D716  5 0.2603 0.4473 0.0522 0.2402 
        D717  5 0.4206 0.2915 0.1841 0.1038 
        D718  5 0.0767 0.4885 0.3283 0.1065 
        D769  5 0.0754 0.0428 0.7171 0.1647 
        D770  5 0.0864 0.3159 0.0616 0.5360 
        D771  5 0.1207 0.2347 0.1743 0.4703 
        D772  5 0.1377 0.6768 0.0832 0.1023 
        D782  5 0.2770 0.0415 0.4425 0.2391 
        D783  5 0.1196 0.1460 0.0647 0.6697 
        D784  5 0.6744 0.1165 0.0724 0.1368 
        D785  5 0.0650 0.8264 0.0777 0.0309 
        D786  5 0.2854 0.0457 0.6022 0.0667 
        D821  5 0.0167 0.9335 0.0176 0.0322 
        D822  5 0.5856 0.2843 0.0563 0.0738 
        D826  5 0.0868 0.3732 0.0723 0.4677 
        D827  5 0.7513 0.0890 0.0768 0.0828 
        D851  5 0.3521 0.2895 0.1811 0.1773 
        D852  5 0.0461 0.2355 0.1449 0.5735 
        D853  5 0.1173 0.6041 0.0944 0.1842 
        D854  5 0.4312 0.1106 0.1660 0.2922 
        D861  5 0.2118 0.3022 0.1601 0.3259 
        D862  5 0.2892 0.6131 0.0509 0.0468 
        D865  5 0.0372 0.8031 0.0657 0.0940 
        D868  5 0.6251 0.1329 0.1430 0.0990 
        D869  5 0.0501 0.0391 0.8829 0.0279 
        D870  5 0.6867 0.0231 0.2355 0.0548 
        D907  5 0.0298 0.8482 0.0753 0.0467 
        D908  5 0.0318 0.2438 0.0651 0.6593 
        D910  5 0.0893 0.5739 0.0403 0.2966 
        D911  5 0.2510 0.0485 0.0297 0.6709 
        D934  5 0.1923 0.1720 0.0678 0.5679 
        D946  5 0.0755 0.3370 0.1455 0.4421 
        D947  5 0.4336 0.1852 0.1510 0.2302 
        D948  5 0.0455 0.1338 0.7933 0.0274 
        D949  5 0.0483 0.0704 0.8556 0.0257 
        D950  5 0.1704 0.0578 0.0208 0.7510 
        D951  5 0.7673 0.1111 0.0774 0.0442 
        D952  5 0.6118 0.2331 0.0711 0.0840 
        D953  5 0.0841 0.7967 0.0621 0.0571 
        D954  5 0.4451 0.4678 0.0508 0.0363 
        D961  5 0.0464 0.6811 0.1242 0.1483 
        D962  5 0.0577 0.8951 0.0326 0.0146 
        D963  5 0.4561 0.3611 0.0554 0.1274 
        D964  5 0.1532 0.2026 0.3498 0.2944 
        D965  5 0.2623 0.3408 0.1520 0.2448 
        D966  5 0.2603 0.4206 0.0534 0.2657 
        D967  5 0.1084 0.3246 0.1961 0.3708 
        D991  5 0.2224 0.2857 0.4306 0.0613 
        D502  6 0.1719 0.0838 0.3352 0.4091 
        D503  6 0.0568 0.0546 0.3431 0.5455 
        D504  6 0.5343 0.1642 0.1508 0.1507 
        D505  6 0.2073 0.4073 0.1258 0.2596 
        D506  6 0.0297 0.9252 0.0234 0.0217 
        D507  6 0.1795 0.1096 0.2540 0.4569 
        D508  6 0.5577 0.1403 0.0833 0.2188 
        D529  6 0.2025 0.2939 0.3528 0.1508 
        D530  6 0.0316 0.7711 0.1282 0.0691 
        D531  6 0.3970 0.2883 0.1491 0.1656 
        D532  6 0.3358 0.5384 0.0565 0.0693 
        D534  6 0.0768 0.0304 0.8374 0.0554 
        D535  6 0.2680 0.5935 0.0944 0.0440 
        D536  6 0.0396 0.0285 0.1320 0.7998 
        D554  6 0.0740 0.7390 0.1344 0.0526 
        D587  6 0.1175 0.7335 0.0615 0.0875 
        D588  6 0.4267 0.4160 0.0801 0.0772 
        D589  6 0.0980 0.1461 0.1211 0.6347 
        D590  6 0.0872 0.0389 0.0719 0.8020 
        D591  6 0.2313 0.2188 0.1764 0.3735 
        D592  6 0.0672 0.0347 0.8171 0.0810 
        D593  6 0.0358 0.8083 0.0730 0.0829 
        D682  6 0.0475 0.8340 0.0513 0.0672 
        D683  6 0.5316 0.3228 0.1048 0.0408 
        D684  6 0.1258 0.0203 0.4428 0.4110 
        D685  6 0.0872 0.1623 0.2916 0.4589 
        D686  6 0.0770 0.8453 0.0419 0.0358 
        D724  6 0.6239 0.0709 0.1574 0.1479 
        D725  6 0.1061 0.4726 0.1240 0.2974 
        D726  6 0.0339 0.9070 0.0352 0.0240 
        D727  6 0.3983 0.1164 0.1084 0.3769 
        D728  6 0.0543 0.8399 0.0633 0.0425 
        D729  6 0.4417 0.0242 0.4242 0.1099 
        D730  6 0.2792 0.1005 0.3423 0.2780 
        D731  6 0.0196 0.6268 0.0254 0.3282 
        D732  6 0.6021 0.1502 0.1305 0.1172 
        D733  6 0.2372 0.2956 0.3048 0.1624 
     D237251  7 0.0532 0.2019 0.0824 0.6626 
     D237252  7 0.0906 0.0627 0.5457 0.3010 
     D237253  7 0.1171 0.2333 0.0820 0.5676 
     D237254  7 0.0398 0.0219 0.8944 0.0438 
     D237255  7 0.0591 0.1090 0.0299 0.8020 
     D237256  7 0.2235 0.0850 0.0321 0.6594 
     D237257  7 0.2715 0.0829 0.4990 0.1466 
     D237282  7 0.7587 0.0325 0.1286 0.0802 
     D237283  7 0.0166 0.0294 0.9170 0.0369 
     D237284  7 0.0760 0.0194 0.8718 0.0327 
     D237285  7 0.1259 0.5557 0.0946 0.2239 
     D237286  7 0.3937 0.2980 0.1242 0.1840 
     D237287  7 0.2891 0.0542 0.0978 0.5588 
     D244006  7 0.0435 0.0243 0.9041 0.0282 
     D244007  7 0.4458 0.0595 0.1168 0.3778 
     D244008  7 0.0249 0.0593 0.8789 0.0369 
     D244009  7 0.1077 0.1149 0.7394 0.0380 
     D244010  7 0.1760 0.1091 0.5252 0.1897 
     D244011  7 0.1101 0.3980 0.1872 0.3046 
     D244012  7 0.2374 0.0955 0.2309 0.4362 
     D244013  7 0.1458 0.2177 0.0899 0.5466 
     D244014  7 0.1828 0.0820 0.3684 0.3669 
     D244015  7 0.3464 0.0450 0.5093 0.0993 
     D244125  7 0.2063 0.3243 0.0627 0.4067 
     D244126  7 0.0256 0.0145 0.9398 0.0201 
     D244130  7 0.2092 0.2051 0.4261 0.1596 
     D244131  7 0.3214 0.4079 0.1699 0.1008 
     D244132  7 0.2859 0.6026 0.0599 0.0516 
        D520  7 0.1584 0.4532 0.3353 0.0531 
        D521  7 0.3111 0.2303 0.2999 0.1588 
        D522  7 0.1674 0.0682 0.6921 0.0723 
        D523  7 0.0668 0.0863 0.0437 0.8033 
        D524  7 0.0966 0.2624 0.2040 0.4370 
        D525  7 0.0674 0.0406 0.5829 0.3092 
        D526  7 0.0565 0.0160 0.8929 0.0346 
        D527  7 0.4323 0.1385 0.2144 0.2147 
        D528  7 0.8325 0.0165 0.1380 0.0130 
        D558  7 0.5218 0.0598 0.2369 0.1815 
        D559  7 0.5973 0.0294 0.1349 0.2384 
        D640  7 0.1860 0.4288 0.1048 0.2803 
        D641  7 0.0543 0.4265 0.2229 0.2964 
        D642  7 0.1101 0.1077 0.5522 0.2300 
        D644  7 0.1253 0.4093 0.3391 0.1263 
        D645  7 0.1104 0.1999 0.2765 0.4132 
        D662  7 0.2204 0.1312 0.6318 0.0165 
        D687  7 0.2406 0.1364 0.1466 0.4765 
        D688  7 0.5326 0.0606 0.2175 0.1893 
        D689  7 0.2280 0.4343 0.1311 0.2066 
        D700  7 0.8447 0.0167 0.1230 0.0155 
        D797  7 0.2537 0.2957 0.1953 0.2553 
        D798  7 0.1320 0.0581 0.7679 0.0420 
        D799  7 0.0707 0.0569 0.2294 0.6430 
        D800  7 0.6846 0.0496 0.1235 0.1423 
        D132  8 0.0384 0.0319 0.9055 0.0242 
        D133  8 0.0166 0.0146 0.0523 0.9165 
        D200  8 0.1997 0.3067 0.1313 0.3624 
        D500  8 0.0267 0.0277 0.9298 0.0158 
        D614  8 0.1290 0.6075 0.1968 0.0667 
        D723  8 0.4296 0.0810 0.3697 0.1197 
        D888  8 0.0556 0.0375 0.0359 0.8711 
        D901  8 0.0532 0.1645 0.6098 0.1725 
        D902  8 0.0475 0.8121 0.0847 0.0557 
        D903  8 0.6042 0.2661 0.0371 0.0926 
        D904  8 0.5048 0.1411 0.2293 0.1249 
        D905  8 0.0187 0.1441 0.0195 0.8177 
        D906  8 0.2096 0.0391 0.0742 0.6772 
        D937  8 0.0118 0.9069 0.0369 0.0444 
        D943  8 0.2611 0.0619 0.5004 0.1765 
        D972  8 0.3377 0.0925 0.4838 0.0860 
        D973  8 0.5660 0.1147 0.2806 0.0387 
        D974  8 0.1982 0.3703 0.2762 0.1552 
        D975  8 0.1655 0.4413 0.1472 0.2459 
        D976  8 0.1414 0.2278 0.3011 0.3297 
        D201  9 0.2429 0.0939 0.1176 0.5456 
        D202  9 0.0832 0.2117 0.2009 0.5042 
     D237259  9 0.6197 0.0376 0.2273 0.1153 
     D237260  9 0.0298 0.0599 0.2421 0.6682 
     D237262  9 0.0262 0.0269 0.9226 0.0243 
     D237263  9 0.1166 0.0592 0.5484 0.2758 
     D237264  9 0.1419 0.2622 0.3944 0.2015 
     D237265  9 0.0271 0.0496 0.0823 0.8410 
     D237266  9 0.0789 0.0309 0.2710 0.6192 
     D237267  9 0.2026 0.4456 0.2551 0.0968 
     D237268  9 0.1713 0.1471 0.6232 0.0585 
     D237289  9 0.0286 0.3135 0.1118 0.5461 
     D237290  9 0.0190 0.0177 0.0382 0.9250 
     D237291  9 0.0567 0.0846 0.0698 0.7890 
     D237292  9 0.0599 0.0344 0.2975 0.6082 
     D237293  9 0.1786 0.3463 0.3454 0.1297 
     D237294  9 0.0325 0.1036 0.6227 0.2412 
     D237295  9 0.2920 0.3270 0.3385 0.0425 
     D237296  9 0.1372 0.3059 0.2892 0.2677 
     D237297  9 0.0691 0.7480 0.0796 0.1033 
     D237298  9 0.3074 0.0971 0.2941 0.3014 
     D237341  9 0.1594 0.1409 0.1227 0.5771 
     D237342  9 0.0675 0.0985 0.7428 0.0912 
     D237343  9 0.1238 0.0477 0.4418 0.3867 
     D237344  9 0.0701 0.6554 0.1105 0.1640 
     D237345  9 0.0311 0.0160 0.9233 0.0297 
     D237346  9 0.0389 0.1773 0.1607 0.6231 
     D237347  9 0.0926 0.5930 0.0892 0.2252 
     D237348  9 0.1371 0.2668 0.3848 0.2112 
     D237349  9 0.4502 0.0239 0.2292 0.2967 
     D244109  9 0.1790 0.0136 0.1807 0.6267 
     D244110  9 0.0905 0.0332 0.0928 0.7835 
     D244111  9 0.3174 0.1707 0.1406 0.3713 
     D244128  9 0.0516 0.0292 0.8510 0.0682 
     D244137  9 0.6398 0.1034 0.1817 0.0750 
     D244138  9 0.1056 0.2141 0.2044 0.4759 
        D580  9 0.2923 0.0838 0.5872 0.0368 
        D581  9 0.0191 0.0215 0.0634 0.8960 
        D582  9 0.0363 0.0329 0.9127 0.0181 
        D583  9 0.0239 0.0324 0.1037 0.8400 
        D584  9 0.0544 0.6613 0.2348 0.0495 
        D585  9 0.0605 0.0362 0.6551 0.2482 
        D586  9 0.0454 0.0526 0.0307 0.8713 
        D651  9 0.4416 0.1925 0.1499 0.2159 
        D652  9 0.3254 0.0294 0.5250 0.1201 
        D653  9 0.4534 0.0683 0.0630 0.4153 
        D654  9 0.4180 0.0380 0.1937 0.3503 
        D655  9 0.1320 0.4540 0.0564 0.3576 
        D656  9 0.0797 0.0488 0.8284 0.0431 
        D657  9 0.1626 0.1700 0.4293 0.2381 
        D667  9 0.0603 0.7032 0.0715 0.1650 
        D668  9 0.0602 0.1277 0.5814 0.2307 
        D669  9 0.0967 0.0625 0.1375 0.7033 
        D670  9 0.7983 0.0601 0.0861 0.0555 
        D671  9 0.0614 0.0522 0.0724 0.8140 
        D672  9 0.0590 0.0496 0.8042 0.0873 
        D673  9 0.1521 0.3367 0.3367 0.1744 
        D692  9 0.0992 0.0374 0.5865 0.2770 
        D693  9 0.1821 0.3998 0.2815 0.1366 
        D694  9 0.0543 0.0648 0.8131 0.0678 
        D695  9 0.2266 0.1269 0.5540 0.0926 
        D696  9 0.0163 0.9394 0.0230 0.0212 
        D697  9 0.1376 0.5054 0.1156 0.2415 
        D698  9 0.0458 0.3782 0.1049 0.4712 
        D699  9 0.0376 0.7479 0.1019 0.1126 
        D787  9 0.4561 0.0417 0.3496 0.1527 
        D788  9 0.0876 0.7438 0.1238 0.0447 
        D789  9 0.0824 0.3974 0.3300 0.1902 
        D790  9 0.2632 0.1311 0.3154 0.2903 
        D791  9 0.0449 0.2021 0.0823 0.6707 
        D792  9 0.3743 0.0478 0.3081 0.2697 
        D793  9 0.1681 0.6342 0.0735 0.1242 
        D794  9 0.3073 0.4007 0.1300 0.1620 
        D795  9 0.0315 0.1305 0.7486 0.0895 
        D796  9 0.0768 0.1814 0.1287 0.6130 
        D142 10 0.2085 0.5259 0.0777 0.1878 
        D143 10 0.0483 0.0810 0.0482 0.8225 
        D144 10 0.2351 0.4020 0.2447 0.1183 
        D145 10 0.0458 0.0432 0.0453 0.8657 
        D146 10 0.1254 0.1316 0.7054 0.0376 
        D147 10 0.4255 0.0926 0.3802 0.1017 
        D148 10 0.6884 0.0889 0.1661 0.0566 
        D149 10 0.0969 0.0333 0.0470 0.8229 
        D151 10 0.4454 0.1055 0.2633 0.1857 
        D152 10 0.0201 0.0182 0.0184 0.9432 
        D153 10 0.4310 0.3970 0.1341 0.0380 
        D156 10 0.7403 0.0755 0.0570 0.1272 
        D157 10 0.0500 0.7076 0.1619 0.0805 
        D158 10 0.0490 0.3921 0.1640 0.3949 
        D159 10 0.0272 0.0270 0.0267 0.9191 
        D160 10 0.0188 0.2109 0.0369 0.7335 
        D161 10 0.4330 0.2460 0.1339 0.1872 
        D162 10 0.5280 0.1969 0.0340 0.2411 
        D169 10 0.0659 0.0303 0.8352 0.0686 
        D170 10 0.0802 0.0936 0.7866 0.0396 
        D171 10 0.1661 0.6072 0.1572 0.0695 
        D172 10 0.3234 0.1338 0.2855 0.2573 
        D173 10 0.0690 0.0137 0.0356 0.8817 
        D181 10 0.1675 0.5873 0.0625 0.1827 
        D182 10 0.2278 0.0528 0.1980 0.5214 
        D183 10 0.0574 0.8592 0.0463 0.0371 
        D184 10 0.0914 0.0185 0.8760 0.0142 
        D185 10 0.5805 0.1526 0.1627 0.1042 
        D186 10 0.0344 0.0270 0.8547 0.0840 
        D194 10 0.1633 0.1095 0.6484 0.0788 
        D195 10 0.2090 0.2826 0.0764 0.4319 
        D196 10 0.3543 0.2054 0.0472 0.3931 
        D197 10 0.0264 0.0493 0.7581 0.1662 
        D198 10 0.4671 0.2925 0.2007 0.0397 
     D237226 10 0.1136 0.0336 0.1834 0.6694 
     D237232 10 0.0785 0.3871 0.1370 0.3974 
     D237233 10 0.0291 0.1813 0.0946 0.6950 
     D237234 10 0.1402 0.5318 0.1324 0.1956 
     D237354 10 0.0212 0.0275 0.0198 0.9315 
     D237355 10 0.0544 0.0893 0.0500 0.8063 
     D237356 10 0.2815 0.5589 0.1291 0.0305 
     D237357 10 0.1437 0.0858 0.3108 0.4597 
     D237358 10 0.4251 0.0566 0.3726 0.1457 
     D237369 10 0.1547 0.0204 0.7568 0.0681 
     D237370 10 0.0345 0.8246 0.0521 0.0889 
     D237371 10 0.6236 0.0844 0.2121 0.0800 
     D237372 10 0.1280 0.0386 0.4140 0.4194 
     D237373 10 0.0954 0.4645 0.0692 0.3709 
     D237374 10 0.0336 0.1586 0.0373 0.7705 
     D237375 10 0.4066 0.1061 0.1758 0.3114 
     D237400 10 0.0194 0.0234 0.0184 0.9388 
     D244002 10 0.5395 0.0433 0.3544 0.0628 
     D244003 10 0.0160 0.3150 0.0708 0.5982 
     D244004 10 0.0132 0.8933 0.0699 0.0235 
     D244005 10 0.0564 0.0373 0.2699 0.6364 
     D244020 10 0.2557 0.5206 0.1153 0.1084 
     D244021 10 0.0730 0.1239 0.5406 0.2625 
     D244116 10 0.1449 0.1225 0.6279 0.1047 
     D244117 10 0.0685 0.3581 0.0924 0.4810 
     D244121 10 0.0431 0.5934 0.1221 0.2414 
     D244123 10 0.0964 0.4907 0.0906 0.3222 
     D244124 10 0.0402 0.1426 0.4534 0.3639 
        D332 10 0.7389 0.1262 0.0712 0.0637 
        D570 10 0.0692 0.8339 0.0469 0.0501 
        D602 10 0.8605 0.0448 0.0521 0.0426 
        D603 10 0.1012 0.3941 0.1943 0.3103 
        D604 10 0.4286 0.1049 0.0412 0.4253 
        D605 10 0.5551 0.0879 0.1897 0.1673 
        D606 10 0.0417 0.2132 0.7109 0.0343 
        D607 10 0.8959 0.0311 0.0290 0.0439 
        D608 10 0.0502 0.0205 0.0125 0.9168 
        D609 10 0.1578 0.7037 0.1024 0.0360 
        D610 10 0.3685 0.4125 0.0861 0.1330 
        D611 10 0.0136 0.9575 0.0157 0.0131 
        D613 10 0.4529 0.3332 0.0803 0.1336 
        D633 10 0.7028 0.0385 0.1313 0.1273 
        D634 10 0.1092 0.6493 0.1248 0.1167 
        D638 10 0.0192 0.0362 0.0262 0.9184 
        D681 10 0.1182 0.4938 0.2524 0.1356 
        D754 10 0.0366 0.3758 0.4873 0.1003 
        D755 10 0.0192 0.3402 0.0447 0.5959 
        D756 10 0.0576 0.6416 0.1637 0.1371 
        D757 10 0.1701 0.1012 0.2771 0.4515 
        D758 10 0.2672 0.2173 0.2907 0.2248 
        D759 10 0.0589 0.2724 0.0655 0.6033 
        D760 10 0.1608 0.3391 0.1175 0.3827 
        D761 10 0.0162 0.0242 0.0197 0.9399 
        D762 10 0.7378 0.0956 0.0845 0.0822 
        D775 10 0.0231 0.6299 0.1001 0.2469 
        D776 10 0.0305 0.0496 0.0281 0.8918 
        D777 10 0.0645 0.4291 0.2140 0.2924 
        D778 10 0.0360 0.0312 0.1813 0.7516 
        D779 10 0.0537 0.4630 0.3459 0.1373 
        D780 10 0.1696 0.1405 0.0659 0.6239 
        D781 10 0.6775 0.1212 0.0776 0.1237 
        D858 10 0.0188 0.0151 0.9210 0.0451 
        D933 10 0.4970 0.2200 0.0566 0.2263 
        D038 11 0.1591 0.0918 0.1894 0.5598 
        D063 11 0.0657 0.3523 0.0911 0.4908 
        D155 11 0.1183 0.3878 0.0974 0.3966 
        D175 11 0.0828 0.5604 0.2885 0.0684 
        D176 11 0.0366 0.1658 0.0506 0.7470 
        D205 11 0.0328 0.7127 0.2285 0.0259 
     D237229 11 0.3884 0.0348 0.2332 0.3436 
     D237230 11 0.7010 0.0251 0.1792 0.0946 
     D237231 11 0.8361 0.0608 0.0474 0.0558 
     D237269 11 0.3977 0.1048 0.1307 0.3667 
     D237270 11 0.0887 0.0255 0.8256 0.0603 
     D237271 11 0.1983 0.6167 0.1170 0.0681 
     D237272 11 0.5594 0.0411 0.2804 0.1191 
     D237273 11 0.0729 0.6639 0.0642 0.1990 
     D237301 11 0.6748 0.2141 0.0416 0.0695 
     D237302 11 0.1239 0.0758 0.6176 0.1827 
     D237303 11 0.2488 0.0231 0.5575 0.1706 
     D237304 11 0.3612 0.1778 0.2907 0.1703 
     D237305 11 0.0497 0.1055 0.7368 0.1080 
     D237314 11 0.1378 0.3966 0.2037 0.2619 
     D237315 11 0.1401 0.0589 0.6894 0.1115 
     D237316 11 0.7924 0.1403 0.0378 0.0295 
     D237328 11 0.3936 0.3005 0.2722 0.0337 
     D237329 11 0.1135 0.1171 0.3315 0.4379 
     D237330 11 0.0425 0.6883 0.0688 0.2004 
     D237331 11 0.2645 0.3784 0.1063 0.2508 
     D237332 11 0.4519 0.3318 0.1257 0.0905 
     D237333 11 0.0535 0.2831 0.0387 0.6247 
     D237334 11 0.8096 0.0995 0.0479 0.0430 
     D237335 11 0.2676 0.4101 0.2674 0.0549 
     D237336 11 0.1229 0.1427 0.1590 0.5753 
     D237350 11 0.1658 0.6505 0.0613 0.1224 
     D237383 11 0.0640 0.1832 0.4439 0.3089 
     D237384 11 0.6104 0.0735 0.2473 0.0689 
     D237385 11 0.2851 0.2005 0.2782 0.2362 
     D237386 11 0.5185 0.2333 0.1134 0.1347 
     D237387 11 0.5948 0.1561 0.2161 0.0329 
     D237388 11 0.1304 0.7955 0.0310 0.0431 
        D239 11 0.1656 0.3958 0.0865 0.3520 
        D240 11 0.0341 0.0228 0.0505 0.8926 
        D241 11 0.7988 0.0345 0.0966 0.0701 
        D242 11 0.5439 0.1100 0.1249 0.2211 
        D243 11 0.1064 0.5325 0.1324 0.2287 
        D244 11 0.0435 0.7803 0.1309 0.0454 
