        D174  1 0.3480 0.1893 0.1018 0.3609 
        D199  1 0.0767 0.4539 0.2219 0.2475 
        D203  1 0.2414 0.3728 0.2647 0.1211 
        D204  1 0.0380 0.8857 0.0527 0.0236 
     D237366  1 0.4823 0.1585 0.2585 0.1007 
     D237367  1 0.3529 0.4634 0.1250 0.0588 
     D237368  1 0.4644 0.3129 0.1302 0.0925 
     D244101  1 0.0337 0.7505 0.1527 0.0630 
     D244102  1 0.2925 0.2255 0.2914 0.1905 
     D244103  1 0.5433 0.3184 0.0862 0.0521 
     D244104  1 0.0555 0.6914 0.0413 0.2117 
     D244105  1 0.7393 0.1421 0.0836 0.0349 
     D244106  1 0.0994 0.1279 0.2043 0.5685 
     D244107  1 0.6491 0.2068 0.1155 0.0286 
     D244108  1 0.2828 0.2158 0.1332 0.3681 
     D244113  1 0.0769 0.0618 0.3233 0.5380 
     D244114  1 0.1573 0.2547 0.3817 0.2062 
     D244115  1 0.2031 0.3000 0.0728 0.4242 
     D267365  1 0.0710 0.4203 0.0565 0.4522 
        D404  1 0.1315 0.0898 0.4351 0.3435 
        D405  1 0.1409 0.2089 0.4444 0.2057 
        D406  1 0.8295 0.1029 0.0366 0.0310 
        D407  1 0.2009 0.6834 0.0733 0.0424 
        D408  1 0.0434 0.0707 0.0309 0.8551 
        D409  1 0.5784 0.2418 0.0678 0.1120 
        D410  1 0.8325 0.0995 0.0284 0.0397 
        D421  1 0.0288 0.8763 0.0313 0.0636 
        D422  1 0.8709 0.0626 0.0421 0.0244 
        D423  1 0.8345 0.0946 0.0492 0.0218 
        D424  1 0.1872 0.7357 0.0394 0.0377 
        D425  1 0.0759 0.6292 0.0732 0.2217 
        D426  1 0.5553 0.2381 0.0526 0.1539 
        D427  1 0.0483 0.2586 0.4126 0.2805 
        D428  1 0.1405 0.5847 0.1355 0.1392 
        D429  1 0.1088 0.5160 0.1087 0.2665 
        D430  1 0.1531 0.2503 0.2651 0.3314 
        D491  1 0.0416 0.1378 0.0391 0.7814 
        D492  1 0.1875 0.4928 0.1799 0.1398 
        D537  1 0.0769 0.8099 0.0786 0.0347 
        D538  1 0.3809 0.1677 0.3057 0.1458 
        D539  1 0.2206 0.0801 0.1426 0.5567 
        D540  1 0.3037 0.3957 0.1218 0.1789 
        D541  1 0.0328 0.9105 0.0239 0.0328 
        D551  1 0.1055 0.2281 0.4882 0.1783 
        D552  1 0.3083 0.3326 0.0588 0.3002 
        D553  1 0.0470 0.8861 0.0222 0.0447 
        D615  1 0.2442 0.4210 0.1248 0.2100 
        D616  1 0.2668 0.3710 0.1548 0.2074 
        D621  1 0.7050 0.0636 0.1008 0.1307 
        D622  1 0.8154 0.0759 0.0492 0.0595 
        D623  1 0.0526 0.1097 0.5390 0.2987 
        D624  1 0.0679 0.0834 0.0431 0.8055 
        D625  1 0.1224 0.7750 0.0330 0.0697 
        D626  1 0.2117 0.1326 0.0785 0.5772 
        D627  1 0.4485 0.3146 0.0612 0.1756 
        D690  1 0.0836 0.8077 0.0248 0.0838 
        D691  1 0.7882 0.1269 0.0418 0.0431 
        D710  1 0.1177 0.5484 0.1161 0.2178 
        D711  1 0.0795 0.8002 0.0575 0.0628 
        D712  1 0.0688 0.0639 0.0681 0.7991 
        D713  1 0.1621 0.5095 0.1583 0.1701 
        D746  1 0.8233 0.0963 0.0390 0.0414 
        D747  1 0.0262 0.9088 0.0369 0.0281 
        D748  1 0.3706 0.5446 0.0356 0.0492 
        D749  1 0.4765 0.0569 0.3510 0.1155 
        D750  1 0.1234 0.3669 0.0547 0.4549 
        D763  1 0.1449 0.4938 0.2393 0.1220 
        D764  1 0.1630 0.5905 0.0251 0.2215 
        D765  1 0.7041 0.0561 0.0608 0.1790 
        D766  1 0.5108 0.3851 0.0543 0.0497 
        D767  1 0.2689 0.2896 0.3878 0.0537 
        D768  1 0.0387 0.9143 0.0245 0.0225 
        D811  1 0.1817 0.0847 0.1704 0.5633 
        D816  1 0.0464 0.8887 0.0244 0.0405 
        D825  1 0.2784 0.2653 0.0767 0.3796 
        D866  1 0.0696 0.0782 0.1287 0.7235 
        D867  1 0.8033 0.0484 0.1150 0.0333 
        D871  1 0.5372 0.3041 0.0584 0.1003 
        D872  1 0.2331 0.5983 0.1051 0.0635 
        D873  1 0.9204 0.0190 0.0413 0.0192 
        D874  1 0.0377 0.5817 0.1711 0.2095 
        D875  1 0.7276 0.2027 0.0347 0.0351 
        D876  1 0.1204 0.6812 0.0424 0.1560 
        D877  1 0.0553 0.2197 0.4308 0.2943 
        D892  1 0.2937 0.5117 0.0718 0.1229 
        D893  1 0.1589 0.6805 0.0758 0.0847 
        D894  1 0.1109 0.6419 0.0758 0.1714 
        D915  1 0.2494 0.6314 0.0476 0.0717 
        D916  1 0.0442 0.9007 0.0203 0.0348 
        D917  1 0.0616 0.3738 0.1618 0.4028 
        D925  1 0.6403 0.1578 0.0283 0.1735 
        D926  1 0.1278 0.6697 0.0670 0.1355 
        D927  1 0.0663 0.5895 0.2210 0.1232 
        D928  1 0.0486 0.2034 0.0487 0.6993 
        D929  1 0.2856 0.2233 0.3313 0.1598 
        D936  1 0.0515 0.7467 0.1021 0.0997 
        D938  1 0.8961 0.0456 0.0250 0.0332 
        D956  1 0.0886 0.0536 0.1394 0.7184 
        D957  1 0.3707 0.4454 0.1152 0.0688 
        D958  1 0.2478 0.5990 0.0492 0.1039 
        D959  1 0.2030 0.6948 0.0722 0.0300 
        D960  1 0.8713 0.0502 0.0448 0.0336 
        D989  1 0.0451 0.1149 0.1027 0.7374 
        D990  1 0.8014 0.0248 0.0385 0.1353 
        D023  2 0.5504 0.3586 0.0519 0.0391 
        D130  2 0.8269 0.0864 0.0637 0.0230 
        D131  2 0.1578 0.6414 0.0865 0.1143 
        D163  2 0.8024 0.1138 0.0302 0.0536 
        D164  2 0.4536 0.0464 0.4825 0.0176 
        D165  2 0.6947 0.1948 0.0647 0.0458 
        D166  2 0.3106 0.1786 0.4028 0.1081 
        D167  2 0.0207 0.0232 0.9159 0.0402 
        D192  2 0.0260 0.0180 0.9192 0.0368 
        D193  2 0.1486 0.0660 0.4998 0.2856 
        D206  2 0.2171 0.3911 0.3276 0.0642 
        D207  2 0.0675 0.1177 0.7399 0.0749 
        D208  2 0.0856 0.0769 0.1430 0.6945 
        D209  2 0.0698 0.1230 0.7440 0.0632 
        D210  2 0.0467 0.1365 0.1092 0.7076 
     D229599  2 0.1509 0.2989 0.2266 0.3237 
     D229600  2 0.4216 0.0547 0.4832 0.0405 
     D237227  2 0.1051 0.0695 0.0626 0.7627 
     D237228  2 0.3636 0.0470 0.1682 0.4213 
     D237258  2 0.1992 0.1866 0.3684 0.2458 
     D237310  2 0.7298 0.0331 0.1446 0.0926 
     D237311  2 0.6135 0.0371 0.2868 0.0626 
     D237312  2 0.6501 0.0674 0.1794 0.1031 
     D237313  2 0.2407 0.3815 0.0983 0.2795 
     D237322  2 0.1437 0.0877 0.2542 0.5145 
     D237323  2 0.6938 0.0294 0.0559 0.2210 
     D237324  2 0.4353 0.1508 0.3542 0.0597 
     D237325  2 0.6186 0.1052 0.1597 0.1165 
     D237326  2 0.6098 0.2206 0.0738 0.0958 
     D237327  2 0.0921 0.1999 0.4317 0.2763 
     D237337  2 0.8358 0.0509 0.0415 0.0718 
     D237338  2 0.4863 0.1331 0.1788 0.2018 
     D237339  2 0.0448 0.3221 0.5941 0.0390 
     D237340  2 0.3217 0.0542 0.4013 0.2228 
     D237389  2 0.6658 0.0459 0.2460 0.0424 
     D237390  2 0.5284 0.1457 0.1392 0.1867 
     D244017  2 0.0657 0.0629 0.4433 0.4281 
     D244112  2 0.0643 0.0232 0.8750 0.0375 
     D244118  2 0.2012 0.0252 0.7398 0.0338 
     D244119  2 0.0534 0.0524 0.2895 0.6047 
     D244120  2 0.0688 0.0248 0.6823 0.2241 
     D244122  2 0.0736 0.0480 0.8005 0.0779 
        D291  2 0.1678 0.1438 0.1800 0.5084 
        D292  2 0.0585 0.3247 0.2986 0.3182 
        D293  2 0.0203 0.4982 0.4540 0.0275 
        D322  2 0.0620 0.5038 0.3903 0.0439 
        D323  2 0.0895 0.3065 0.4161 0.1879 
        D324  2 0.1830 0.4054 0.0855 0.3261 
        D325  2 0.0325 0.2499 0.6932 0.0245 
        D326  2 0.0246 0.9018 0.0236 0.0500 
        D340  2 0.0314 0.1260 0.8079 0.0347 
        D341  2 0.0628 0.1226 0.7456 0.0690 
        D342  2 0.2166 0.0556 0.6677 0.0602 
        D343  2 0.0197 0.1478 0.8174 0.0151 
        D344  2 0.0899 0.4071 0.4637 0.0394 
        D345  2 0.2301 0.5148 0.1003 0.1548 
        D346  2 0.0633 0.1463 0.1075 0.6829 
        D351  2 0.1327 0.6739 0.1179 0.0755 
        D352  2 0.1225 0.1641 0.5720 0.1414 
        D353  2 0.0410 0.7656 0.1429 0.0505 
        D354  2 0.1658 0.4357 0.2262 0.1724 
        D362  2 0.0928 0.7675 0.0500 0.0896 
        D363  2 0.0657 0.7479 0.0481 0.1383 
        D364  2 0.1023 0.6568 0.1693 0.0716 
        D365  2 0.0206 0.1726 0.7844 0.0225 
        D369  2 0.1171 0.4231 0.1360 0.3238 
        D374  2 0.0813 0.0513 0.3520 0.5154 
        D375  2 0.1897 0.2158 0.5323 0.0622 
        D376  2 0.0994 0.0374 0.3983 0.4649 
        D377  2 0.3712 0.1555 0.2014 0.2719 
        D378  2 0.0664 0.7197 0.1690 0.0450 
        D379  2 0.0468 0.8510 0.0496 0.0525 
        D384  2 0.0224 0.9041 0.0224 0.0510 
        D385  2 0.0249 0.0787 0.8545 0.0419 
        D386  2 0.0840 0.7374 0.1422 0.0364 
        D391  2 0.0262 0.1721 0.7737 0.0281 
        D392  2 0.1090 0.1410 0.6616 0.0884 
        D393  2 0.0687 0.7526 0.1113 0.0674 
        D394  2 0.3582 0.2590 0.2822 0.1006 
        D395  2 0.0320 0.0816 0.8543 0.0321 
        D401  2 0.8189 0.0368 0.0669 0.0774 
        D402  2 0.0349 0.0971 0.8283 0.0398 
        D403  2 0.2803 0.5540 0.1165 0.0492 
        D415  2 0.1150 0.8318 0.0359 0.0173 
        D435  2 0.0835 0.7384 0.1380 0.0400 
        D436  2 0.1195 0.4920 0.3048 0.0837 
        D438  2 0.0314 0.0955 0.8447 0.0283 
        D439  2 0.1384 0.3220 0.4944 0.0453 
        D449  2 0.0647 0.2412 0.6632 0.0309 
        D450  2 0.1903 0.2979 0.0999 0.4119 
        D456  2 0.0349 0.9058 0.0215 0.0377 
        D462  2 0.0255 0.1719 0.7815 0.0211 
        D463  2 0.0250 0.9175 0.0206 0.0369 
        D464  2 0.0506 0.5486 0.3282 0.0726 
        D465  2 0.1201 0.4605 0.3771 0.0422 
        D473  2 0.2063 0.0889 0.1153 0.5896 
        D474  2 0.0762 0.6238 0.0651 0.2349 
        D476  2 0.4572 0.1497 0.3591 0.0339 
        D477  2 0.0772 0.6147 0.0778 0.2303 
        D478  2 0.2367 0.1937 0.3029 0.2667 
        D480  2 0.0389 0.6444 0.1370 0.1796 
        D481  2 0.1557 0.4310 0.1763 0.2369 
        D482  2 0.1704 0.0628 0.1756 0.5912 
        D483  2 0.0330 0.0317 0.8525 0.0828 
        D484  2 0.0684 0.1010 0.7322 0.0983 
        D510  2 0.0534 0.0434 0.1143 0.7890 
        D511  2 0.0714 0.6507 0.2188 0.0591 
        D512  2 0.5398 0.0720 0.3510 0.0371 
        D513  2 0.1022 0.3361 0.4113 0.1504 
        D635  2 0.1694 0.7194 0.0418 0.0694 
        D636  2 0.8679 0.0662 0.0290 0.0368 
        D637  2 0.1191 0.1665 0.5391 0.1753 
        D658  2 0.0654 0.0492 0.7980 0.0874 
        D659  2 0.0782 0.8082 0.0498 0.0638 
        D677  2 0.3011 0.4316 0.2056 0.0617 
        D678  2 0.0482 0.0391 0.8691 0.0436 
        D679  2 0.0602 0.6939 0.1002 0.1457 
        D719  2 0.0293 0.3741 0.0933 0.5034 
        D720  2 0.0586 0.8089 0.0326 0.0999 
        D721  2 0.4504 0.3163 0.1722 0.0612 
        D722  2 0.0857 0.0711 0.4055 0.4376 
        D734  2 0.0294 0.1630 0.3203 0.4873 
        D735  2 0.1382 0.5722 0.1194 0.1702 
        D736  2 0.0836 0.1631 0.0978 0.6555 
        D737  2 0.0908 0.0447 0.7192 0.1452 
        D807  2 0.1020 0.3634 0.1216 0.4130 
        D808  2 0.4446 0.2399 0.2312 0.0843 
        D817  2 0.1019 0.5749 0.0864 0.2369 
        D818  2 0.1840 0.3700 0.3717 0.0743 
        D819  2 0.2428 0.4823 0.0919 0.1830 
        D820  2 0.0253 0.8922 0.0526 0.0299 
        D895  2 0.1596 0.6881 0.0656 0.0868 
        D896  2 0.8740 0.0350 0.0296 0.0614 
        D897  2 0.0910 0.0729 0.7697 0.0663 
        D898  2 0.1791 0.1498 0.2397 0.4314 
        D918  2 0.4707 0.1552 0.2442 0.1299 
        D919  2 0.0554 0.4262 0.4764 0.0420 
        D920  2 0.8692 0.0365 0.0558 0.0385 
        D923  2 0.0346 0.8591 0.0647 0.0417 
        D930  2 0.1355 0.4980 0.1537 0.2128 
        D931  2 0.0789 0.5828 0.2074 0.1309 
        D968  2 0.0234 0.1308 0.8167 0.0291 
        D969  2 0.0537 0.5514 0.2072 0.1877 
        D977  2 0.0882 0.2008 0.6572 0.0538 
        D978  2 0.0687 0.1214 0.4968 0.3131 
        D211  3 0.7462 0.1130 0.0768 0.0640 
     D229639  3 0.0474 0.0744 0.1173 0.7609 
     D237212  3 0.2151 0.3170 0.2616 0.2062 
     D237213  3 0.4699 0.2656 0.1911 0.0734 
     D237214  3 0.7102 0.1537 0.0811 0.0551 
     D237215  3 0.0347 0.0300 0.6576 0.2777 
     D237216  3 0.4424 0.1792 0.2626 0.1158 
     D237217  3 0.6348 0.2285 0.0879 0.0488 
     D237218  3 0.1692 0.3101 0.2559 0.2648 
     D237219  3 0.4309 0.0598 0.0636 0.4457 
     D237382  3 0.3263 0.2818 0.2709 0.1210 
     D244127  3 0.6697 0.0549 0.2084 0.0670 
     D244129  3 0.3456 0.3574 0.1637 0.1334 
     D244133  3 0.1830 0.1686 0.1441 0.5043 
     D244134  3 0.0664 0.0491 0.0438 0.8407 
     D244135  3 0.7414 0.1355 0.0892 0.0340 
     D244136  3 0.1002 0.3095 0.1130 0.4772 
        D416  3 0.2476 0.3172 0.2810 0.1542 
        D417  3 0.1219 0.7880 0.0542 0.0359 
        D419  3 0.3203 0.2271 0.1336 0.3190 
        D565  3 0.0276 0.0721 0.0205 0.8798 
        D566  3 0.0467 0.1015 0.0621 0.7897 
        D567  3 0.1450 0.7657 0.0510 0.0383 
        D568  3 0.3083 0.4180 0.2224 0.0513 
        D569  3 0.1213 0.0989 0.7147 0.0652 
        D573  3 0.0732 0.4260 0.3370 0.1637 
        D574  3 0.1021 0.0576 0.0901 0.7501 
        D575  3 0.2507 0.2035 0.0770 0.4688 
        D576  3 0.0388 0.0150 0.8309 0.1153 
        D577  3 0.1222 0.7101 0.0622 0.1055 
        D578  3 0.8853 0.0328 0.0580 0.0239 
        D579  3 0.1006 0.3823 0.1279 0.3892 
        D660  3 0.1874 0.0580 0.6853 0.0693 
        D661  3 0.1445 0.0937 0.5692 0.1926 
        D663  3 0.0672 0.2399 0.2883 0.4046 
        D664  3 0.5091 0.0484 0.2199 0.2227 
        D665  3 0.5973 0.0588 0.3008 0.0430 
        D666  3 0.2853 0.1429 0.0791 0.4927 
        D009  4 0.5612 0.2182 0.1482 0.0724 
        D057  4 0.2531 0.1679 0.4952 0.0838 
        D109  4 0.7418 0.1075 0.0600 0.0907 
     D237222  4 0.6870 0.0691 0.1534 0.0905 
     D237223  4 0.5753 0.0943 0.2143 0.1162 
     D237224  4 0.0770 0.3896 0.3273 0.2061 
     D237225  4 0.3962 0.2970 0.1752 0.1315 
     D237299  4 0.7103 0.0676 0.1336 0.0884 
     D237300  4 0.0371 0.0301 0.0840 0.8488 
     D237306  4 0.2680 0.2446 0.1952 0.2921 
     D237307  4 0.1097 0.4372 0.1083 0.3448 
     D237308  4 0.1120 0.1417 0.6423 0.1041 
     D237309  4 0.3570 0.3424 0.2288 0.0717 
     D237317  4 0.0960 0.2714 0.0890 0.5435 
     D237318  4 0.0369 0.0621 0.1222 0.7788 
     D237319  4 0.4840 0.2155 0.2052 0.0953 
     D237320  4 0.5106 0.1990 0.1732 0.1171 
     D237321  4 0.0857 0.0653 0.1372 0.7119 
     D237397  4 0.2727 0.1550 0.2781 0.2942 
     D237398  4 0.1388 0.2723 0.2123 0.3766 
     D237399  4 0.1497 0.2287 0.1326 0.4890 
     D244001  4 0.5783 0.0750 0.3089 0.0378 
        D289  4 0.1014 0.3909 0.2347 0.2730 
        D290  4 0.1766 0.2517 0.4358 0.1360 
        D294  4 0.0916 0.3767 0.4080 0.1238 
        D295  4 0.2343 0.5441 0.0880 0.1336 
        D301  4 0.7506 0.0360 0.1113 0.1021 
        D302  4 0.0587 0.8044 0.0936 0.0433 
        D303  4 0.1378 0.1049 0.1612 0.5962 
        D304  4 0.0828 0.1911 0.2942 0.4319 
        D305  4 0.1223 0.0989 0.7524 0.0263 
        D306  4 0.1494 0.2310 0.4220 0.1976 
        D307  4 0.8131 0.0318 0.0584 0.0967 
        D327  4 0.0642 0.6954 0.0906 0.1498 
        D328  4 0.1686 0.1480 0.3505 0.3329 
        D329  4 0.1436 0.2125 0.5312 0.1128 
        D330  4 0.2862 0.4490 0.2388 0.0260 
        D331  4 0.1861 0.2601 0.1716 0.3822 
        D333  4 0.2512 0.1940 0.3115 0.2434 
        D334  4 0.1600 0.2599 0.0677 0.5123 
        D335  4 0.0346 0.7331 0.1872 0.0452 
        D370  4 0.2378 0.1533 0.3890 0.2199 
        D371  4 0.0364 0.2434 0.0750 0.6452 
        D372  4 0.0595 0.0272 0.2440 0.6692 
        D373  4 0.6889 0.0506 0.1929 0.0676 
        D455  4 0.7765 0.0596 0.1057 0.0582 
        D490  4 0.9047 0.0368 0.0299 0.0287 
        D497  4 0.8602 0.0344 0.0499 0.0555 
        D498  4 0.2181 0.1365 0.2526 0.3928 
        D499  4 0.0832 0.0801 0.4106 0.4261 
        D514  4 0.1375 0.5924 0.1917 0.0783 
        D515  4 0.6897 0.1250 0.1400 0.0454 
        D516  4 0.3578 0.3387 0.1379 0.1657 
        D517  4 0.7171 0.0727 0.1452 0.0650 
        D518  4 0.2557 0.2799 0.3585 0.1059 
        D519  4 0.7263 0.1034 0.0950 0.0753 
        D560  4 0.5645 0.1663 0.2097 0.0596 
        D561  4 0.5281 0.3431 0.1034 0.0254 
        D562  4 0.2935 0.1489 0.4010 0.1566 
        D563  4 0.0909 0.1348 0.7200 0.0543 
        D572  4 0.1403 0.3915 0.4113 0.0569 
        D629  4 0.2747 0.5549 0.0607 0.1098 
        D630  4 0.2615 0.3212 0.2597 0.1576 
        D631  4 0.1126 0.2009 0.5513 0.1352 
        D632  4 0.5197 0.1506 0.2882 0.0415 
        D646  4 0.3621 0.3789 0.2108 0.0482 
        D647  4 0.1975 0.6529 0.1217 0.0278 
        D648  4 0.1307 0.0905 0.5723 0.2065 
        D649  4 0.2402 0.6511 0.0555 0.0531 
        D650  4 0.2776 0.3979 0.0980 0.2265 
        D708  4 0.1334 0.1314 0.1507 0.5844 
        D709  4 0.1776 0.1865 0.4092 0.2267 
        D738  4 0.3268 0.2737 0.0644 0.3351 
        D739  4 0.5509 0.1017 0.2522 0.0952 
        D740  4 0.2341 0.0592 0.2695 0.4372 
        D741  4 0.3400 0.3338 0.2989 0.0273 
        D742  4 0.1326 0.1314 0.4414 0.2946 
        D743  4 0.0445 0.8094 0.0805 0.0656 
        D744  4 0.0872 0.4912 0.3543 0.0672 
        D745  4 0.8353 0.0580 0.0617 0.0450 
        D814  4 0.0756 0.1124 0.7582 0.0538 
        D815  4 0.1109 0.5429 0.2347 0.1115 
        D828  4 0.0828 0.0335 0.5517 0.3320 
        D845  4 0.0222 0.0496 0.1045 0.8236 
        D846  4 0.1367 0.3996 0.4288 0.0350 
        D847  4 0.3271 0.2732 0.1427 0.2570 
        D848  4 0.6048 0.0526 0.2491 0.0936 
        D849  4 0.7270 0.0921 0.1437 0.0372 
        D850  4 0.2440 0.4904 0.0870 0.1786 
        D856  4 0.5496 0.1769 0.1421 0.1314 
        D857  4 0.7915 0.0218 0.1528 0.0339 
        D859  4 0.0855 0.3022 0.4932 0.1190 
        D860  4 0.0560 0.2197 0.1580 0.5663 
        D883  4 0.2846 0.3884 0.0877 0.2393 
        D884  4 0.5177 0.2400 0.1367 0.1057 
        D885  4 0.2016 0.3411 0.3215 0.1358 
        D886  4 0.4675 0.2919 0.1906 0.0500 
        D887  4 0.1522 0.2745 0.3284 0.2449 
        D889  4 0.0502 0.1349 0.2130 0.6020 
        D890  4 0.2632 0.1979 0.2140 0.3250 
        D891  4 0.0257 0.0324 0.0607 0.8812 
        D899  4 0.0482 0.0970 0.4173 0.4375 
        D900  4 0.1677 0.3655 0.3174 0.1494 
        D970  4 0.1335 0.3871 0.2751 0.2043 
        D971  4 0.0681 0.1819 0.7042 0.0458 
        D979  4 0.0382 0.8030 0.1074 0.0514 
        D093  5 0.0782 0.1094 0.0686 0.7438 
        D154  5 0.1462 0.1049 0.5159 0.2330 
        D168  5 0.2534 0.2230 0.4208 0.1027 
        D189  5 0.0896 0.1106 0.1503 0.6494 
        D190  5 0.0496 0.0757 0.0832 0.7915 
     D237220  5 0.5268 0.0999 0.1224 0.2508 
     D237221  5 0.0926 0.1511 0.1363 0.6199 
     D237274  5 0.0548 0.7879 0.1289 0.0284 
     D237275  5 0.0543 0.0391 0.8326 0.0739 
     D237276  5 0.3486 0.3102 0.1454 0.1958 
     D237277  5 0.0455 0.0658 0.0890 0.7997 
     D237278  5 0.1431 0.0813 0.5331 0.2425 
     D237279  5 0.7057 0.1844 0.0591 0.0508 
     D237280  5 0.4309 0.3325 0.0763 0.1603 
     D237281  5 0.0662 0.2207 0.5254 0.1877 
     D237351  5 0.6738 0.0775 0.0451 0.2035 
     D237352  5 0.3547 0.3418 0.2068 0.0966 
     D237353  5 0.0300 0.0384 0.0360 0.8956 
     D237359  5 0.3683 0.1429 0.1702 0.3187 
     D237361  5 0.0524 0.0399 0.0320 0.8756 
     D237362  5 0.1144 0.3699 0.0982 0.4174 
     D237363  5 0.2090 0.1247 0.4565 0.2099 
     D237364  5 0.2333 0.2455 0.4659 0.0553 
     D237376  5 0.0820 0.0397 0.4958 0.3825 
     D237377  5 0.2108 0.5125 0.0524 0.2243 
     D237378  5 0.0664 0.0368 0.2421 0.6547 
     D237379  5 0.1161 0.0901 0.3310 0.4628 
     D237380  5 0.7235 0.0723 0.1337 0.0705 
     D237381  5 0.5032 0.1266 0.2521 0.1181 
     D237391  5 0.0460 0.0826 0.0415 0.8299 
     D237392  5 0.0849 0.6580 0.2011 0.0561 
     D237393  5 0.1141 0.4659 0.1034 0.3166 
     D237394  5 0.0525 0.0648 0.0263 0.8564 
     D237395  5 0.2231 0.0772 0.1603 0.5394 
     D237396  5 0.0673 0.6983 0.0633 0.1711 
     D244016  5 0.0604 0.1234 0.2007 0.6155 
     D244018  5 0.1473 0.1546 0.3264 0.3718 
     D244019  5 0.0737 0.3796 0.3076 0.2392 
        D279  5 0.1178 0.0955 0.4320 0.3547 
        D280  5 0.0907 0.1286 0.0769 0.7038 
        D281  5 0.0517 0.1176 0.3686 0.4622 
        D283  5 0.0464 0.1995 0.0582 0.6960 
        D284  5 0.5756 0.1482 0.1756 0.1006 
        D285  5 0.0561 0.1220 0.0556 0.7663 
        D286  5 0.2077 0.2539 0.2241 0.3143 
        D287  5 0.1813 0.0408 0.3263 0.4516 
        D288  5 0.0484 0.2058 0.0785 0.6673 
        D308  5 0.7937 0.1226 0.0279 0.0558 
        D309  5 0.0624 0.7421 0.1695 0.0260 
        D310  5 0.0357 0.0285 0.0669 0.8689 
        D311  5 0.1186 0.3052 0.3014 0.2747 
        D312  5 0.1504 0.3005 0.1419 0.4071 
        D313  5 0.9174 0.0195 0.0204 0.0428 
        D314  5 0.2183 0.0872 0.4746 0.2199 
        D315  5 0.1476 0.2719 0.1200 0.4605 
        D317  5 0.0488 0.1096 0.0496 0.7921 
        D318  5 0.2244 0.2651 0.3353 0.1752 
        D319  5 0.0694 0.0546 0.0726 0.8034 
        D320  5 0.0601 0.0550 0.0457 0.8392 
        D321  5 0.5578 0.1039 0.0218 0.3165 
        D336  5 0.0515 0.0965 0.2601 0.5920 
        D337  5 0.0184 0.0323 0.0471 0.9022 
        D338  5 0.2609 0.2929 0.1742 0.2720 
        D339  5 0.0826 0.0633 0.1087 0.7454 
        D347  5 0.0505 0.2402 0.5866 0.1227 
        D348  5 0.0482 0.0766 0.2019 0.6732 
        D349  5 0.7400 0.0500 0.0364 0.1736 
        D350  5 0.0676 0.4599 0.4245 0.0480 
        D355  5 0.0482 0.3257 0.5220 0.1041 
        D356  5 0.1299 0.3008 0.0590 0.5102 
        D357  5 0.1368 0.1037 0.4738 0.2857 
        D358  5 0.1390 0.2740 0.1671 0.4199 
        D359  5 0.0589 0.4007 0.0488 0.4916 
        D360  5 0.1280 0.1584 0.0407 0.6729 
        D361  5 0.8605 0.0374 0.0361 0.0660 
        D366  5 0.0446 0.6805 0.2396 0.0353 
        D367  5 0.1547 0.0542 0.1879 0.6032 
        D368  5 0.2999 0.1751 0.0906 0.4344 
        D380  5 0.1439 0.5900 0.1858 0.0803 
        D381  5 0.0683 0.1224 0.1109 0.6984 
        D400  5 0.0828 0.1769 0.3535 0.3869 
        D411  5 0.8827 0.0280 0.0700 0.0193 
        D412  5 0.1664 0.1113 0.4865 0.2358 
        D413  5 0.0988 0.1687 0.6775 0.0550 
        D414  5 0.0730 0.1643 0.7127 0.0500 
        D420  5 0.3034 0.0764 0.1028 0.5174 
        D431  5 0.1639 0.0348 0.3130 0.4882 
        D432  5 0.1154 0.1310 0.1702 0.5834 
        D433  5 0.0459 0.0754 0.0966 0.7822 
        D434  5 0.1149 0.1690 0.0847 0.6315 
        D440  5 0.1000 0.4637 0.4046 0.0317 
        D447  5 0.1308 0.5495 0.2804 0.0392 
        D448  5 0.0457 0.1376 0.3287 0.4879 
        D459  5 0.0362 0.3123 0.4549 0.1966 
        D460  5 0.6526 0.1386 0.0362 0.1727 
        D461  5 0.0348 0.7717 0.1448 0.0487 
        D468  5 0.1652 0.3703 0.1509 0.3135 
        D469  5 0.1966 0.5454 0.0835 0.1744 
        D470  5 0.4741 0.1406 0.2478 0.1375 
        D471  5 0.0438 0.1302 0.2214 0.6046 
        D472  5 0.0280 0.8458 0.0654 0.0607 
        D479  5 0.0277 0.0366 0.9091 0.0267 
        D485  5 0.1448 0.1337 0.5735 0.1480 
        D486  5 0.3393 0.2950 0.1926 0.1731 
        D487  5 0.0730 0.0421 0.3671 0.5178 
        D555  5 0.0367 0.0428 0.0966 0.8239 
        D556  5 0.1079 0.0906 0.1117 0.6899 
        D557  5 0.0303 0.0700 0.0588 0.8408 
        D564  5 0.1850 0.1532 0.2276 0.4342 
        D594  5 0.0916 0.2449 0.5523 0.1111 
        D595  5 0.0990 0.2868 0.1558 0.4585 
        D596  5 0.0339 0.0446 0.0657 0.8558 
        D597  5 0.0455 0.2801 0.1928 0.4817 
        D598  5 0.1765 0.2049 0.1720 0.4465 
        D617  5 0.6240 0.0461 0.2909 0.0389 
        D618  5 0.0676 0.1223 0.0744 0.7357 
        D619  5 0.2517 0.3402 0.2191 0.1891 
        D620  5 0.0416 0.1815 0.7179 0.0590 
        D628  5 0.2234 0.2371 0.4452 0.0943 
        D714  5 0.0590 0.0392 0.1633 0.7385 
        D715  5 0.0381 0.1213 0.0601 0.7804 
        D716  5 0.0593 0.1547 0.6299 0.1561 
        D717  5 0.1257 0.5207 0.0709 0.2827 
        D718  5 0.3912 0.0391 0.3718 0.1979 
        D769  5 0.5685 0.0532 0.3387 0.0396 
        D770  5 0.0785 0.1223 0.5664 0.2328 
        D771  5 0.1400 0.1153 0.5520 0.1927 
        D772  5 0.0973 0.1931 0.1550 0.5547 
        D782  5 0.4607 0.2280 0.1737 0.1376 
        D783  5 0.0678 0.0902 0.6704 0.1716 
        D784  5 0.0738 0.6863 0.0811 0.1587 
        D785  5 0.1216 0.1022 0.0693 0.7070 
        D786  5 0.4426 0.3159 0.2152 0.0263 
        D821  5 0.0225 0.0280 0.0264 0.9231 
        D822  5 0.0863 0.5404 0.2062 0.1671 
        D826  5 0.0550 0.0991 0.1648 0.6811 
        D827  5 0.0857 0.6271 0.2301 0.0572 
        D851  5 0.2069 0.2978 0.1905 0.3048 
        D852  5 0.1444 0.0533 0.3255 0.4768 
        D853  5 0.1207 0.1482 0.1258 0.6054 
        D854  5 0.1788 0.2607 0.4323 0.1281 
        D861  5 0.1832 0.1558 0.2739 0.3871 
        D862  5 0.1167 0.4434 0.1131 0.3268 
        D865  5 0.0661 0.0511 0.0768 0.8060 
        D868  5 0.0659 0.7686 0.0364 0.1290 
        D869  5 0.8184 0.0734 0.0592 0.0490 
        D870  5 0.6088 0.2523 0.1031 0.0358 
        D907  5 0.1300 0.0546 0.1078 0.7077 
        D908  5 0.0702 0.0449 0.3034 0.5815 
        D910  5 0.0492 0.1180 0.1982 0.6345 
        D911  5 0.0551 0.3029 0.3710 0.2710 
        D934  5 0.0877 0.1201 0.4119 0.3803 
        D946  5 0.1534 0.0444 0.5511 0.2511 
        D947  5 0.1550 0.3851 0.1969 0.2630 
        D948  5 0.5834 0.0964 0.0356 0.2845 
        D949  5 0.7118 0.0911 0.0267 0.1703 
        D950  5 0.0446 0.2353 0.4368 0.2833 
        D951  5 0.0720 0.7258 0.1640 0.0381 
        D952  5 0.0650 0.6751 0.0910 0.1690 
        D953  5 0.0672 0.1016 0.0461 0.7850 
        D954  5 0.0668 0.5225 0.0430 0.3676 
        D961  5 0.1816 0.0715 0.5555 0.1914 
        D962  5 0.0750 0.2079 0.1248 0.5923 
        D963  5 0.0611 0.5332 0.1055 0.3002 
        D964  5 0.3033 0.0954 0.2843 0.3169 
        D965  5 0.1569 0.1720 0.5629 0.1082 
        D966  5 0.0523 0.2091 0.2124 0.5262 
        D967  5 0.1212 0.0796 0.1384 0.6607 
        D991  5 0.3899 0.2481 0.2146 0.1474 
        D502  6 0.1754 0.0590 0.7372 0.0284 
        D503  6 0.4200 0.0469 0.2538 0.2794 
        D504  6 0.1586 0.5594 0.1028 0.1792 
        D505  6 0.1139 0.2079 0.2390 0.4392 
        D506  6 0.0539 0.0776 0.0478 0.8207 
        D507  6 0.2605 0.1280 0.4710 0.1405 
        D508  6 0.0981 0.4328 0.3207 0.1484 
        D529  6 0.3064 0.2464 0.1393 0.3079 
        D530  6 0.1913 0.0615 0.5742 0.1730 
        D531  6 0.1664 0.3618 0.2189 0.2530 
        D532  6 0.0716 0.3189 0.4191 0.1905 
        D534  6 0.7560 0.1158 0.0834 0.0448 
        D535  6 0.1199 0.3481 0.1059 0.4261 
        D536  6 0.1054 0.0664 0.7966 0.0316 
        D554  6 0.2663 0.1262 0.3175 0.2900 
        D587  6 0.0797 0.1933 0.0869 0.6401 
        D588  6 0.0909 0.3457 0.1422 0.4212 
        D589  6 0.1073 0.0656 0.4141 0.4130 
        D590  6 0.0499 0.1101 0.7939 0.0462 
        D591  6 0.1180 0.1100 0.0784 0.6936 
        D592  6 0.7504 0.0956 0.0559 0.0981 
        D593  6 0.1414 0.0527 0.5626 0.2434 
        D682  6 0.0644 0.0565 0.0510 0.8281 
        D683  6 0.1003 0.5399 0.0299 0.3299 
        D684  6 0.5972 0.1266 0.1838 0.0924 
        D685  6 0.2276 0.0383 0.4037 0.3304 
        D686  6 0.0936 0.1062 0.5560 0.2442 
        D724  6 0.2298 0.3603 0.3435 0.0664 
        D725  6 0.1421 0.1088 0.4971 0.2519 
        D726  6 0.0643 0.0779 0.0611 0.7968 
        D727  6 0.0869 0.3591 0.4521 0.1019 
        D728  6 0.1929 0.1588 0.1299 0.5184 
        D729  6 0.3307 0.3974 0.2380 0.0339 
        D730  6 0.3035 0.2253 0.3875 0.0836 
        D731  6 0.0261 0.0214 0.1059 0.8465 
        D732  6 0.1310 0.5713 0.2116 0.0861 
        D733  6 0.2698 0.2072 0.3321 0.1909 
     D237251  7 0.0867 0.0847 0.4199 0.4087 
     D237252  7 0.5619 0.0710 0.2977 0.0693 
     D237253  7 0.0844 0.0989 0.3165 0.5003 
     D237254  7 0.8700 0.0620 0.0416 0.0264 
     D237255  7 0.0566 0.0603 0.4769 0.4062 
     D237256  7 0.0441 0.1402 0.7309 0.0848 
     D237257  7 0.5598 0.0901 0.2873 0.0628 
     D237282  7 0.1127 0.6827 0.1668 0.0378 
     D237283  7 0.8700 0.0194 0.0631 0.0476 
     D237284  7 0.8672 0.0657 0.0362 0.0309 
     D237285  7 0.1023 0.0782 0.6333 0.1862 
     D237286  7 0.1193 0.3735 0.1638 0.3435 
     D237287  7 0.1482 0.3156 0.3822 0.1540 
     D244006  7 0.8242 0.0702 0.0800 0.0255 
     D244007  7 0.1200 0.3211 0.4956 0.0634 
     D244008  7 0.8487 0.0413 0.0385 0.0715 
     D244009  7 0.6819 0.1360 0.0688 0.1133 
     D244010  7 0.5402 0.0976 0.2040 0.1583 
     D244011  7 0.1755 0.0727 0.3505 0.4013 
     D244012  7 0.3064 0.1559 0.4325 0.1051 
     D244013  7 0.0969 0.1695 0.3761 0.3574 
     D244014  7 0.3036 0.0861 0.4367 0.1737 
     D244015  7 0.4573 0.2315 0.2595 0.0517 
     D244125  7 0.0615 0.1662 0.0696 0.7027 
     D244126  7 0.9018 0.0283 0.0478 0.0221 
     D244130  7 0.2829 0.1276 0.5132 0.0764 
     D244131  7 0.1801 0.3269 0.1038 0.3892 
     D244132  7 0.1011 0.4247 0.1303 0.3439 
        D520  7 0.5234 0.0918 0.1277 0.2571 
        D521  7 0.2830 0.3206 0.3072 0.0892 
        D522  7 0.5372 0.2184 0.0939 0.1505 
        D523  7 0.0731 0.0689 0.4028 0.4553 
        D524  7 0.2049 0.1222 0.2169 0.4560 
        D525  7 0.5694 0.0685 0.1092 0.2528 
        D526  7 0.8413 0.0820 0.0389 0.0379 
        D527  7 0.2087 0.2979 0.1257 0.3677 
        D528  7 0.5447 0.0351 0.3966 0.0236 
        D558  7 0.1323 0.3480 0.4781 0.0417 
        D559  7 0.1199 0.2910 0.5400 0.0491 
        D640  7 0.1030 0.1261 0.1765 0.5944 
        D641  7 0.1555 0.0328 0.2264 0.5854 
        D642  7 0.4626 0.0974 0.3662 0.0738 
        D644  7 0.3508 0.1436 0.1981 0.3075 
        D645  7 0.3084 0.1504 0.2196 0.3216 
        D662  7 0.5667 0.2750 0.0288 0.1295 
        D687  7 0.1441 0.1861 0.2435 0.4263 
        D688  7 0.2163 0.3646 0.3761 0.0430 
        D689  7 0.1066 0.1239 0.0586 0.7109 
        D700  7 0.4652 0.0560 0.4517 0.0271 
        D797  7 0.1749 0.2380 0.1665 0.4207 
        D798  7 0.7068 0.1347 0.0740 0.0845 
        D799  7 0.2209 0.0582 0.4293 0.2916 
        D800  7 0.0994 0.7009 0.1579 0.0418 
        D132  8 0.8604 0.0641 0.0316 0.0440 
        D133  8 0.0798 0.0393 0.8402 0.0408 
        D200  8 0.1116 0.1354 0.6173 0.1358 
        D500  8 0.8967 0.0423 0.0268 0.0341 
        D614  8 0.2612 0.1712 0.0894 0.4782 
        D723  8 0.2851 0.5018 0.1446 0.0685 
        D888  8 0.0440 0.0704 0.1665 0.7192 
        D901  8 0.6946 0.0378 0.1815 0.0862 
        D902  8 0.1728 0.1090 0.2044 0.5139 
        D903  8 0.0491 0.7447 0.1122 0.0940 
        D904  8 0.2204 0.4298 0.2257 0.1242 
        D905  8 0.0264 0.0202 0.0763 0.8770 
        D906  8 0.1139 0.1438 0.6465 0.0957 
        D937  8 0.0737 0.0320 0.1635 0.7308 
        D943  8 0.5734 0.1626 0.1669 0.0970 
        D972  8 0.4048 0.3723 0.1750 0.0478 
        D973  8 0.1289 0.7697 0.0559 0.0454 
        D974  8 0.2391 0.2631 0.3501 0.1477 
        D975  8 0.1437 0.1351 0.4633 0.2579 
        D976  8 0.2944 0.0628 0.4055 0.2373 
        D201  9 0.1471 0.1657 0.5664 0.1209 
        D202  9 0.1716 0.0405 0.6892 0.0986 
     D237259  9 0.3074 0.4175 0.2308 0.0443 
     D237260  9 0.2470 0.0356 0.6082 0.1092 
     D237262  9 0.8632 0.0408 0.0426 0.0535 
     D237263  9 0.5556 0.1277 0.1938 0.1229 
     D237264  9 0.3602 0.1443 0.3049 0.1906 
     D237265  9 0.1259 0.0352 0.2149 0.6239 
     D237266  9 0.2553 0.1736 0.4877 0.0834 
     D237267  9 0.3272 0.0863 0.3375 0.2490 
     D237268  9 0.6784 0.1306 0.0964 0.0946 
     D237289  9 0.1408 0.0525 0.4495 0.3572 
     D237290  9 0.1632 0.0783 0.3841 0.3744 
     D237291  9 0.0750 0.0386 0.7292 0.1572 
     D237292  9 0.3404 0.0578 0.5414 0.0603 
     D237293  9 0.3799 0.1765 0.2081 0.2355 
     D237294  9 0.5298 0.0293 0.3638 0.0770 
     D237295  9 0.3260 0.3574 0.0569 0.2597 
     D237296  9 0.3420 0.0947 0.2318 0.3314 
     D237297  9 0.1160 0.0956 0.4812 0.3072 
     D237298  9 0.2519 0.4138 0.1871 0.1472 
     D237341  9 0.1738 0.1620 0.3624 0.3018 
     D237342  9 0.6007 0.0512 0.2808 0.0673 
     D237343  9 0.3359 0.1062 0.4690 0.0888 
     D237344  9 0.1381 0.1087 0.3057 0.4476 
     D237345  9 0.8334 0.0389 0.1048 0.0228 
     D237346  9 0.1469 0.0447 0.4687 0.3396 
     D237347  9 0.0847 0.0894 0.1098 0.7161 
     D237348  9 0.3240 0.1757 0.3290 0.1714 
     D237349  9 0.1669 0.4137 0.3726 0.0468 
     D244109  9 0.1983 0.2267 0.5368 0.0382 
     D244110  9 0.1597 0.1377 0.5859 0.1166 
     D244111  9 0.1591 0.2008 0.5098 0.1302 
     D244128  9 0.6955 0.0398 0.2285 0.0362 
     D244137  9 0.1264 0.7104 0.1012 0.0619 
     D244138  9 0.1823 0.0498 0.4481 0.3199 
        D580  9 0.7403 0.1323 0.0885 0.0389 
        D581  9 0.1174 0.0416 0.6824 0.1586 
        D582  9 0.9110 0.0206 0.0377 0.0307 
        D583  9 0.0902 0.0270 0.8375 0.0452 
        D584  9 0.3732 0.0609 0.2353 0.3306 
        D585  9 0.7114 0.0595 0.0932 0.1360 
        D586  9 0.0274 0.0205 0.0486 0.9034 
        D651  9 0.0781 0.6121 0.0764 0.2334 
        D652  9 0.3837 0.3442 0.2292 0.0429 
        D653  9 0.1036 0.4281 0.1604 0.3079 
        D654  9 0.1215 0.3614 0.4739 0.0433 
        D655  9 0.0676 0.0890 0.1088 0.7346 
        D656  9 0.6754 0.0921 0.1982 0.0343 
        D657  9 0.3246 0.1072 0.4994 0.0688 
        D667  9 0.0533 0.0516 0.0460 0.8491 
        D668  9 0.4790 0.0890 0.1367 0.2953 
        D669  9 0.1762 0.1037 0.3897 0.3304 
        D670  9 0.1256 0.7302 0.0796 0.0645 
        D671  9 0.1488 0.0847 0.6643 0.1021 
        D672  9 0.7793 0.0472 0.1242 0.0493 
        D673  9 0.3038 0.1599 0.1461 0.3901 
        D692  9 0.4900 0.0859 0.3849 0.0393 
        D693  9 0.3018 0.1638 0.1816 0.3528 
        D694  9 0.7237 0.0377 0.1841 0.0545 
        D695  9 0.4936 0.2735 0.0729 0.1601 
        D696  9 0.0298 0.0470 0.1125 0.8107 
        D697  9 0.0739 0.1299 0.1100 0.6862 
        D698  9 0.1222 0.0676 0.5194 0.2908 
        D699  9 0.1308 0.0382 0.2078 0.6233 
        D787  9 0.2677 0.5088 0.1325 0.0911 
        D788  9 0.2843 0.1338 0.2009 0.3810 
        D789  9 0.4093 0.0716 0.3864 0.1328 
        D790  9 0.2788 0.2920 0.1303 0.2989 
        D791  9 0.0590 0.0331 0.7129 0.1950 
        D792  9 0.2184 0.5252 0.1533 0.1031 
        D793  9 0.0452 0.1461 0.0353 0.7734 
        D794  9 0.1310 0.4165 0.1277 0.3248 
        D795  9 0.7119 0.0287 0.1207 0.1388 
        D796  9 0.1663 0.0560 0.1896 0.5881 
        D142 10 0.0913 0.2047 0.4587 0.2453 
        D143 10 0.0525 0.0784 0.8183 0.0509 
        D144 10 0.2973 0.2505 0.1347 0.3175 
        D145 10 0.1000 0.0869 0.2347 0.5784 
        D146 10 0.6982 0.1120 0.1278 0.0620 
        D147 10 0.3240 0.1967 0.4209 0.0583 
        D148 10 0.4570 0.3354 0.1022 0.1055 
        D149 10 0.1143 0.1707 0.5417 0.1733 
        D151 10 0.5738 0.1434 0.0934 0.1894 
        D152 10 0.0403 0.0280 0.8610 0.0706 
        D153 10 0.1218 0.6502 0.0995 0.1285 
        D156 10 0.0507 0.5959 0.3067 0.0466 
        D157 10 0.2663 0.1096 0.2850 0.3391 
        D158 10 0.2822 0.0441 0.3521 0.3216 
        D159 10 0.0298 0.1228 0.7968 0.0506 
        D160 10 0.0166 0.0182 0.0321 0.9331 
        D161 10 0.1667 0.4721 0.1250 0.2363 
        D162 10 0.0468 0.4494 0.4025 0.1013 
        D169 10 0.8050 0.0571 0.0436 0.0943 
        D170 10 0.7076 0.0975 0.1017 0.0931 
        D171 10 0.2535 0.1832 0.3954 0.1679 
        D172 10 0.2266 0.2549 0.4616 0.0569 
        D173 10 0.0611 0.1987 0.7119 0.0283 
        D181 10 0.0895 0.1930 0.3062 0.4113 
        D182 10 0.2542 0.2068 0.3599 0.1791 
        D183 10 0.1150 0.0890 0.0358 0.7602 
        D184 10 0.8539 0.1000 0.0267 0.0194 
        D185 10 0.2405 0.5224 0.1121 0.1250 
        D186 10 0.8643 0.0329 0.0529 0.0500 
        D194 10 0.5536 0.1648 0.2024 0.0791 
        D195 10 0.0709 0.2231 0.3049 0.4011 
        D196 10 0.0505 0.4769 0.2342 0.2385 
        D197 10 0.7410 0.0399 0.1337 0.0854 
        D198 10 0.3094 0.3943 0.0417 0.2545 
     D237226 10 0.2628 0.1087 0.0875 0.5410 
     D237232 10 0.0968 0.0595 0.0782 0.7654 
     D237233 10 0.1010 0.0561 0.5753 0.2677 
     D237234 10 0.1573 0.1314 0.3519 0.3593 
     D237354 10 0.0392 0.0497 0.1328 0.7782 
     D237355 10 0.0410 0.0393 0.0328 0.8869 
     D237356 10 0.1808 0.4548 0.0300 0.3344 
     D237357 10 0.1716 0.1016 0.6770 0.0499 
     D237358 10 0.2886 0.4330 0.2181 0.0603 
     D237369 10 0.8314 0.0665 0.0786 0.0234 
     D237370 10 0.1156 0.0870 0.2482 0.5492 
     D237371 10 0.2389 0.5008 0.0863 0.1739 
     D237372 10 0.3633 0.1034 0.4671 0.0661 
     D237373 10 0.0852 0.0754 0.4007 0.4387 
     D237374 10 0.0292 0.0300 0.0691 0.8716 
     D237375 10 0.1877 0.2367 0.4670 0.1087 
     D237400 10 0.0258 0.0247 0.8954 0.0541 
     D244002 10 0.5550 0.1228 0.2968 0.0254 
     D244003 10 0.0428 0.0184 0.0995 0.8393 
     D244004 10 0.0443 0.0203 0.0230 0.9124 
     D244005 10 0.2880 0.0509 0.0634 0.5977 
     D244020 10 0.1239 0.3475 0.1219 0.4067 
     D244021 10 0.5770 0.0697 0.2771 0.0761 
     D244116 10 0.4283 0.1602 0.3472 0.0643 
     D244117 10 0.0786 0.0624 0.1739 0.6851 
     D244121 10 0.1901 0.0559 0.2409 0.5131 
     D244123 10 0.0968 0.0766 0.3596 0.4669 
     D244124 10 0.3282 0.0469 0.5263 0.0986 
        D332 10 0.0590 0.7670 0.1163 0.0578 
        D570 10 0.1049 0.1545 0.2095 0.5311 
        D602 10 0.0497 0.7023 0.2078 0.0402 
        D603 10 0.1689 0.0804 0.4415 0.3092 
        D604 10 0.0452 0.2964 0.5794 0.0790 
        D605 10 0.1571 0.5398 0.1510 0.1520 
        D606 10 0.6759 0.0693 0.0319 0.2229 
        D607 10 0.0434 0.8397 0.0736 0.0434 
        D608 10 0.0171 0.1114 0.8514 0.0201 
        D609 10 0.1116 0.2645 0.0429 0.5810 
        D610 10 0.0999 0.1399 0.0762 0.6840 
        D611 10 0.0352 0.0290 0.0451 0.8907 
        D613 10 0.0832 0.5435 0.1935 0.1798 
        D633 10 0.0913 0.5371 0.3348 0.0368 
        D634 10 0.2715 0.1399 0.2435 0.3451 
        D638 10 0.0586 0.0520 0.7553 0.1342 
        D681 10 0.3447 0.1242 0.4155 0.1156 
        D754 10 0.5897 0.0387 0.2334 0.1383 
        D755 10 0.0463 0.0245 0.3697 0.5595 
        D756 10 0.1965 0.0629 0.2424 0.4982 
        D757 10 0.2595 0.2398 0.1631 0.3376 
        D758 10 0.2956 0.2265 0.2321 0.2458 
        D759 10 0.0449 0.0506 0.1131 0.7914 
        D760 10 0.1181 0.1525 0.1868 0.5425 
        D761 10 0.0346 0.0191 0.2089 0.7373 
        D762 10 0.0849 0.7353 0.1170 0.0628 
        D775 10 0.0639 0.0329 0.0519 0.8513 
        D776 10 0.0621 0.0419 0.1697 0.7263 
        D777 10 0.0923 0.0537 0.0474 0.8066 
        D778 10 0.3341 0.0585 0.1589 0.4485 
        D779 10 0.3452 0.0568 0.3797 0.2183 
        D780 10 0.0736 0.1252 0.5246 0.2767 
        D781 10 0.0713 0.3549 0.5271 0.0466 
        D858 10 0.8986 0.0266 0.0366 0.0383 
        D933 10 0.0777 0.3881 0.0677 0.4665 
        D038 11 0.1561 0.1434 0.1402 0.5603 
        D063 11 0.1015 0.0751 0.5455 0.2780 
        D155 11 0.0640 0.1043 0.0907 0.7410 
        D175 11 0.5067 0.0645 0.2570 0.1718 
        D176 11 0.0674 0.0412 0.7387 0.1527 
        D205 11 0.3725 0.0938 0.0743 0.4594 
     D237229 11 0.2533 0.3087 0.3876 0.0504 
     D237230 11 0.1313 0.6510 0.1883 0.0294 
     D237231 11 0.0470 0.8284 0.0903 0.0343 
     D237269 11 0.1550 0.3199 0.3032 0.2219 
     D237270 11 0.7399 0.1237 0.0843 0.0521 
     D237271 11 0.1714 0.2027 0.3447 0.2812 
     D237272 11 0.2012 0.6015 0.1547 0.0426 
     D237273 11 0.0747 0.0829 0.6200 0.2223 
     D237301 11 0.0534 0.7708 0.1004 0.0754 
     D237302 11 0.5426 0.1464 0.1810 0.1300 
     D237303 11 0.4833 0.1623 0.3315 0.0229 
     D237304 11 0.2408 0.3184 0.3289 0.1119 
     D237305 11 0.7367 0.0591 0.0810 0.1231 
     D237314 11 0.2182 0.1106 0.1542 0.5170 
     D237315 11 0.6851 0.1276 0.1080 0.0793 
     D237316 11 0.0437 0.7238 0.1769 0.0556 
     D237328 11 0.3203 0.4973 0.0725 0.1099 
     D237329 11 0.2659 0.1396 0.2120 0.3825 
     D237330 11 0.0678 0.0584 0.3237 0.5501 
     D237331 11 0.0935 0.1380 0.1867 0.5819 
     D237332 11 0.1937 0.4144 0.1461 0.2458 
     D237333 11 0.0295 0.0534 0.2742 0.6430 
     D237334 11 0.0556 0.8238 0.0559 0.0648 
     D237335 11 0.2827 0.3356 0.1824 0.1992 
     D237336 11 0.1473 0.0680 0.1249 0.6598 
     D237350 11 0.0701 0.1717 0.5967 0.1616 
     D237383 11 0.3973 0.0622 0.3056 0.2349 
     D237384 11 0.2707 0.4968 0.0872 0.1453 
     D237385 11 0.2415 0.3254 0.2876 0.1455 
     D237386 11 0.1134 0.6039 0.1269 0.1559 
     D237387 11 0.1906 0.6718 0.0739 0.0636 
     D237388 11 0.0670 0.1824 0.2581 0.4926 
        D239 11 0.0726 0.1356 0.1464 0.6454 
        D240 11 0.1662 0.0582 0.2789 0.4968 
        D241 11 0.2915 0.1303 0.4965 0.0817 
        D242 11 0.1331 0.4814 0.2458 0.1398 
        D243 11 0.1097 0.0741 0.0512 0.7650 
        D244 11 0.1049 0.0459 0.0327 0.8165 
