        D174  1 0.3651 0.0668 0.0933 0.1093 0.0388 0.0684 0.0125 0.1035 0.0275 0.0678 0.0471 
        D199  1 0.0971 0.0888 0.0262 0.0272 0.1523 0.1088 0.0374 0.0379 0.1331 0.1057 0.1855 
        D203  1 0.0442 0.0371 0.1143 0.1008 0.1168 0.0942 0.0274 0.0162 0.1089 0.0978 0.2423 
        D204  1 0.0165 0.0112 0.0250 0.0151 0.0314 0.0364 0.0730 0.0218 0.0141 0.0182 0.7373 
     D237366  1 0.0503 0.4342 0.0188 0.1479 0.0297 0.0518 0.0822 0.0217 0.0382 0.0899 0.0354 
     D237367  1 0.0365 0.1860 0.0499 0.0666 0.0866 0.0974 0.0309 0.1053 0.0217 0.1173 0.2019 
     D237368  1 0.1094 0.3938 0.0669 0.0198 0.0560 0.0372 0.0426 0.0293 0.0229 0.0846 0.1375 
     D244101  1 0.0137 0.0176 0.0238 0.0260 0.0781 0.0360 0.4514 0.0266 0.1070 0.0801 0.1397 
     D244102  1 0.0285 0.0632 0.1145 0.0612 0.0413 0.3593 0.0750 0.0667 0.0558 0.0659 0.0685 
     D244103  1 0.0360 0.1236 0.0305 0.3447 0.0316 0.0568 0.0274 0.1058 0.0314 0.1162 0.0961 
     D244104  1 0.0639 0.0382 0.0186 0.0174 0.0257 0.0126 0.0224 0.0708 0.0333 0.0271 0.6700 
     D244105  1 0.0158 0.1652 0.0934 0.4344 0.0173 0.0333 0.0179 0.0313 0.0314 0.1300 0.0301 
     D244106  1 0.4614 0.0198 0.0279 0.1524 0.0625 0.0633 0.0160 0.0222 0.0488 0.0654 0.0603 
     D244107  1 0.0149 0.4307 0.1547 0.0211 0.0767 0.0168 0.0631 0.0458 0.0281 0.1087 0.0394 
     D244108  1 0.2455 0.0297 0.3662 0.0291 0.0360 0.0951 0.0222 0.0287 0.0423 0.0532 0.0520 
     D244113  1 0.3070 0.0326 0.0304 0.0158 0.0379 0.3121 0.0622 0.1186 0.0173 0.0532 0.0130 
     D244114  1 0.0518 0.0341 0.0335 0.4034 0.0310 0.0552 0.0265 0.0308 0.1077 0.1944 0.0317 
     D244115  1 0.2009 0.0427 0.2142 0.0477 0.0219 0.0403 0.0235 0.0500 0.0428 0.1527 0.1634 
     D267365  1 0.1665 0.1057 0.0292 0.0353 0.0220 0.0454 0.0407 0.0422 0.1679 0.0708 0.2743 
        D404  1 0.1723 0.0162 0.0506 0.0317 0.0433 0.4784 0.0791 0.0474 0.0226 0.0362 0.0221 
        D405  1 0.0325 0.0322 0.0678 0.0392 0.0595 0.4706 0.0383 0.0679 0.0311 0.0871 0.0738 
        D406  1 0.0398 0.5220 0.2151 0.0310 0.0150 0.0228 0.0369 0.0127 0.0201 0.0404 0.0442 
        D407  1 0.0199 0.1064 0.0169 0.0262 0.1171 0.0202 0.0134 0.0611 0.0154 0.0635 0.5398 
        D408  1 0.2923 0.0197 0.0625 0.0242 0.0157 0.0572 0.0321 0.2423 0.1193 0.0725 0.0621 
        D409  1 0.0395 0.1195 0.0767 0.2548 0.0339 0.0326 0.0241 0.0579 0.0654 0.2095 0.0860 
        D410  1 0.0204 0.0146 0.7867 0.0158 0.0123 0.0191 0.0337 0.0181 0.0119 0.0209 0.0465 
        D421  1 0.0190 0.0113 0.0079 0.0102 0.0364 0.0088 0.0088 0.0153 0.0101 0.0113 0.8610 
        D422  1 0.0120 0.7316 0.0254 0.0412 0.0252 0.0134 0.0163 0.0172 0.0289 0.0360 0.0528 
        D423  1 0.0172 0.0512 0.6131 0.0446 0.0557 0.0286 0.0136 0.0143 0.0130 0.0664 0.0823 
        D424  1 0.0358 0.0668 0.0309 0.0485 0.0178 0.0245 0.0183 0.0279 0.0124 0.0891 0.6280 
        D425  1 0.0772 0.0382 0.0950 0.0503 0.0226 0.1660 0.0221 0.0689 0.0608 0.1196 0.2792 
        D426  1 0.0204 0.1138 0.0187 0.2511 0.0252 0.0132 0.0175 0.0917 0.1432 0.2634 0.0419 
        D427  1 0.1498 0.0259 0.0153 0.0185 0.3609 0.0080 0.0144 0.0289 0.0256 0.0216 0.3311 
        D428  1 0.1293 0.0812 0.0888 0.0211 0.0462 0.1345 0.0651 0.0531 0.0376 0.0788 0.2643 
        D429  1 0.1472 0.0188 0.0323 0.1481 0.0208 0.0709 0.0242 0.0207 0.0363 0.0541 0.4266 
        D430  1 0.1226 0.0309 0.0449 0.1967 0.0611 0.1433 0.0244 0.0428 0.1024 0.1559 0.0751 
        D491  1 0.6180 0.0160 0.0408 0.0280 0.0112 0.0340 0.0213 0.0769 0.0312 0.0377 0.0848 
        D492  1 0.1356 0.1105 0.0499 0.0663 0.0598 0.0831 0.0292 0.0347 0.0218 0.1581 0.2511 
        D537  1 0.0234 0.0666 0.0599 0.0553 0.0387 0.0666 0.0473 0.0798 0.0149 0.0656 0.4820 
        D538  1 0.0798 0.1164 0.1690 0.0389 0.0658 0.2131 0.0352 0.0376 0.0269 0.1667 0.0504 
        D539  1 0.1159 0.0376 0.0571 0.2231 0.0329 0.0839 0.0471 0.0819 0.2002 0.0879 0.0323 
        D540  1 0.0261 0.0541 0.0506 0.0549 0.0206 0.0382 0.0251 0.3468 0.0491 0.1618 0.1727 
        D541  1 0.0103 0.0131 0.0159 0.0108 0.0135 0.0098 0.0140 0.0143 0.0138 0.0126 0.8720 
        D551  1 0.0255 0.0360 0.0206 0.2783 0.1025 0.0235 0.0182 0.0361 0.0786 0.3516 0.0290 
        D552  1 0.1870 0.0745 0.1770 0.0580 0.0271 0.0169 0.0656 0.0740 0.0481 0.1011 0.1705 
        D553  1 0.0120 0.0139 0.0123 0.0122 0.0102 0.0092 0.0146 0.0239 0.0131 0.0156 0.8629 
        D615  1 0.0416 0.0278 0.1305 0.0517 0.0470 0.0655 0.0210 0.0297 0.0594 0.0859 0.4400 
        D616  1 0.0527 0.0726 0.1136 0.0665 0.1054 0.0252 0.0189 0.0601 0.0717 0.1516 0.2615 
        D621  1 0.0780 0.1882 0.2471 0.0337 0.0219 0.0431 0.2671 0.0510 0.0188 0.0368 0.0145 
        D622  1 0.0327 0.3830 0.2244 0.0986 0.0219 0.0251 0.0458 0.0610 0.0226 0.0603 0.0245 
        D623  1 0.2261 0.0211 0.0630 0.0175 0.1405 0.2107 0.1644 0.0308 0.0376 0.0677 0.0206 
        D624  1 0.7364 0.0223 0.0176 0.0226 0.0140 0.0218 0.0104 0.0282 0.0244 0.0706 0.0317 
        D625  1 0.0688 0.0441 0.0625 0.0429 0.0169 0.0239 0.0455 0.0295 0.0229 0.0502 0.5928 
        D626  1 0.2423 0.1216 0.0924 0.0631 0.0287 0.0611 0.0179 0.2165 0.0374 0.0754 0.0437 
        D627  1 0.0387 0.0946 0.0231 0.2412 0.0240 0.0144 0.0175 0.0482 0.1788 0.2332 0.0863 
        D690  1 0.0256 0.0348 0.0399 0.0152 0.0082 0.0127 0.0252 0.0161 0.0119 0.0158 0.7946 
        D691  1 0.0401 0.4494 0.1118 0.1746 0.0211 0.0139 0.0220 0.0313 0.0269 0.0425 0.0663 
        D710  1 0.1235 0.1378 0.0772 0.0191 0.0358 0.0464 0.1449 0.0699 0.0383 0.1201 0.1870 
        D711  1 0.0216 0.0360 0.0214 0.0193 0.0158 0.0381 0.0335 0.0097 0.0192 0.0263 0.7591 
        D712  1 0.4900 0.0867 0.0333 0.0307 0.0321 0.0698 0.0344 0.0837 0.0597 0.0502 0.0293 
        D713  1 0.1456 0.0779 0.0552 0.0592 0.0208 0.2129 0.1028 0.0559 0.0243 0.1283 0.1171 
        D746  1 0.0262 0.5973 0.1167 0.0367 0.0289 0.0109 0.0240 0.0437 0.0209 0.0255 0.0694 
        D747  1 0.0146 0.0127 0.0111 0.0115 0.0180 0.0120 0.0213 0.0099 0.0206 0.0169 0.8516 
        D748  1 0.0426 0.1486 0.1052 0.3520 0.0175 0.0211 0.0404 0.0546 0.0282 0.0479 0.1418 
        D749  1 0.0966 0.2016 0.0764 0.0827 0.0354 0.0563 0.0710 0.0165 0.0290 0.3143 0.0201 
        D750  1 0.5754 0.0278 0.0771 0.0308 0.0171 0.0209 0.0345 0.0247 0.0260 0.0338 0.1319 
        D763  1 0.0197 0.0837 0.0252 0.1001 0.0722 0.0411 0.1833 0.1668 0.1605 0.1026 0.0446 
        D764  1 0.2272 0.0459 0.0831 0.0197 0.0159 0.0169 0.0170 0.0345 0.0233 0.0464 0.4701 
        D765  1 0.0881 0.0586 0.6328 0.0492 0.0131 0.0292 0.0143 0.0203 0.0302 0.0384 0.0257 
        D766  1 0.0310 0.0815 0.4469 0.0674 0.0275 0.0258 0.0922 0.0874 0.0151 0.0488 0.0765 
        D767  1 0.0269 0.0737 0.0840 0.0680 0.0562 0.3594 0.1400 0.0224 0.0246 0.0812 0.0637 
        D768  1 0.0120 0.0199 0.0140 0.0199 0.0154 0.0105 0.0139 0.0177 0.0133 0.0229 0.8406 
        D811  1 0.0535 0.0146 0.1045 0.0178 0.0135 0.3730 0.0149 0.3318 0.0154 0.0427 0.0183 
        D816  1 0.0175 0.0152 0.0171 0.0149 0.0113 0.0188 0.0177 0.0114 0.0125 0.0200 0.8436 
        D825  1 0.1256 0.0370 0.3518 0.0466 0.0134 0.1492 0.0217 0.0641 0.0215 0.1071 0.0622 
        D866  1 0.1097 0.0265 0.0683 0.0475 0.0775 0.0428 0.0150 0.0767 0.3970 0.0910 0.0480 
        D867  1 0.0175 0.6367 0.0370 0.0329 0.0528 0.0342 0.0892 0.0262 0.0209 0.0358 0.0167 
        D871  1 0.0570 0.0941 0.0346 0.3504 0.0215 0.0428 0.0323 0.0820 0.0923 0.1295 0.0634 
        D872  1 0.0330 0.0737 0.2345 0.0256 0.0438 0.2746 0.0351 0.0258 0.0205 0.1006 0.1328 
        D873  1 0.0132 0.0338 0.7613 0.0124 0.0221 0.0620 0.0366 0.0172 0.0095 0.0238 0.0082 
        D874  1 0.0543 0.0141 0.0157 0.0190 0.0167 0.0310 0.7257 0.0248 0.0221 0.0242 0.0523 
        D875  1 0.0188 0.1380 0.1232 0.4082 0.0120 0.0265 0.0190 0.0491 0.0407 0.1307 0.0338 
        D876  1 0.1098 0.0600 0.0736 0.0290 0.0193 0.0293 0.1068 0.0375 0.0446 0.1044 0.3858 
        D877  1 0.0659 0.0109 0.0218 0.0160 0.0165 0.7264 0.0444 0.0360 0.0129 0.0255 0.0237 
        D892  1 0.2273 0.1273 0.0542 0.2068 0.0155 0.0510 0.0301 0.0197 0.0225 0.0845 0.1611 
        D893  1 0.0153 0.0521 0.0434 0.0403 0.0238 0.0194 0.0432 0.0452 0.0741 0.0610 0.5822 
        D894  1 0.0407 0.0333 0.0224 0.0680 0.0216 0.0225 0.0304 0.0225 0.0302 0.0537 0.6547 
        D915  1 0.0456 0.0622 0.1393 0.1115 0.0279 0.0268 0.0204 0.0364 0.0307 0.0616 0.4376 
        D916  1 0.0170 0.0149 0.0134 0.0140 0.0103 0.0082 0.0127 0.0119 0.0113 0.0127 0.8735 
        D917  1 0.2340 0.0463 0.0223 0.0237 0.0445 0.0653 0.1516 0.0391 0.1722 0.1120 0.0890 
        D925  1 0.0663 0.0583 0.4545 0.0176 0.0146 0.0285 0.0114 0.0362 0.0244 0.0481 0.2402 
        D926  1 0.0476 0.0443 0.0505 0.1093 0.0167 0.0373 0.0533 0.0285 0.0403 0.1744 0.3978 
        D927  1 0.0503 0.0859 0.0207 0.0572 0.1925 0.0684 0.0392 0.0298 0.1230 0.1381 0.1948 
        D928  1 0.7216 0.0127 0.0626 0.0092 0.0151 0.0385 0.0211 0.0158 0.0150 0.0249 0.0636 
        D929  1 0.0528 0.0684 0.0217 0.0408 0.0168 0.3826 0.2934 0.0317 0.0252 0.0405 0.0261 
        D936  1 0.0206 0.0229 0.0313 0.0399 0.0312 0.0386 0.1851 0.0262 0.0882 0.0522 0.4639 
        D938  1 0.0235 0.4924 0.2304 0.0420 0.0145 0.0191 0.0518 0.0578 0.0167 0.0289 0.0229 
        D956  1 0.5640 0.0189 0.0443 0.0621 0.0276 0.0863 0.0280 0.0386 0.0286 0.0685 0.0332 
        D957  1 0.0352 0.0455 0.5454 0.0189 0.0217 0.1126 0.0407 0.0189 0.0237 0.0551 0.0823 
        D958  1 0.1229 0.0469 0.3975 0.0350 0.0211 0.0467 0.0808 0.0414 0.0193 0.0631 0.1252 
        D959  1 0.0205 0.1321 0.0142 0.0361 0.1164 0.0232 0.0124 0.0491 0.0124 0.0676 0.5161 
        D960  1 0.0372 0.4335 0.2133 0.0534 0.0221 0.0649 0.0307 0.0122 0.0182 0.0783 0.0362 
        D989  1 0.5299 0.0396 0.0169 0.0480 0.0630 0.0386 0.0217 0.0432 0.0928 0.0617 0.0446 
        D990  1 0.0406 0.0413 0.5959 0.0139 0.0279 0.0139 0.0194 0.0262 0.1321 0.0755 0.0132 
        D023  2 0.0112 0.8633 0.0127 0.0089 0.0153 0.0084 0.0144 0.0148 0.0109 0.0147 0.0256 
        D130  2 0.0162 0.5241 0.0939 0.0648 0.0388 0.0692 0.0205 0.0194 0.0156 0.0506 0.0869 
        D131  2 0.0387 0.0289 0.0631 0.0758 0.0268 0.0366 0.0586 0.1859 0.0728 0.1978 0.2151 
        D163  2 0.0409 0.6188 0.0573 0.0371 0.0152 0.0241 0.0429 0.0203 0.0418 0.0440 0.0575 
        D164  2 0.0109 0.0218 0.3431 0.0147 0.5239 0.0148 0.0127 0.0193 0.0125 0.0166 0.0097 
        D165  2 0.0154 0.8039 0.0151 0.0138 0.0217 0.0095 0.0212 0.0265 0.0247 0.0235 0.0248 
        D166  2 0.0136 0.0444 0.0445 0.1529 0.0375 0.3776 0.0500 0.0735 0.0355 0.1444 0.0261 
        D167  2 0.0272 0.0137 0.0168 0.0115 0.7871 0.0702 0.0122 0.0115 0.0197 0.0175 0.0126 
        D192  2 0.0188 0.0089 0.0156 0.0095 0.8420 0.0206 0.0204 0.0162 0.0259 0.0135 0.0085 
        D193  2 0.0661 0.0245 0.0393 0.0991 0.0238 0.5810 0.0416 0.0188 0.0322 0.0588 0.0148 
        D206  2 0.0159 0.0597 0.0184 0.0639 0.2905 0.0412 0.0214 0.3673 0.0253 0.0515 0.0450 
        D207  2 0.0196 0.0258 0.0210 0.0515 0.4815 0.1752 0.0155 0.0265 0.0649 0.0952 0.0234 
        D208  2 0.1313 0.0333 0.0299 0.0435 0.0561 0.0442 0.0478 0.2292 0.2663 0.0764 0.0421 
        D209  2 0.0231 0.0482 0.0399 0.0266 0.3667 0.0298 0.1200 0.0582 0.0261 0.2328 0.0284 
        D210  2 0.4532 0.0198 0.0250 0.0682 0.0609 0.0242 0.0313 0.0226 0.1836 0.0458 0.0654 
     D229599  2 0.0537 0.1033 0.0503 0.0411 0.0373 0.0683 0.1625 0.0425 0.1860 0.1157 0.1393 
     D229600  2 0.0204 0.3501 0.0615 0.0528 0.3250 0.0469 0.0206 0.0184 0.0233 0.0531 0.0280 
     D237227  2 0.3791 0.0553 0.2074 0.0284 0.0345 0.0212 0.0199 0.0410 0.1071 0.0675 0.0385 
     D237228  2 0.1015 0.0141 0.6003 0.0277 0.0378 0.0470 0.0127 0.0212 0.0643 0.0615 0.0120 
     D237258  2 0.0594 0.1398 0.0616 0.0270 0.1891 0.0743 0.0428 0.1027 0.1444 0.1179 0.0411 
     D237310  2 0.0237 0.0191 0.6594 0.0852 0.0341 0.0614 0.0204 0.0224 0.0210 0.0434 0.0098 
     D237311  2 0.0260 0.0257 0.6579 0.0321 0.1248 0.0417 0.0119 0.0178 0.0226 0.0285 0.0110 
     D237312  2 0.0441 0.0477 0.2512 0.2462 0.0256 0.1961 0.0415 0.0417 0.0215 0.0605 0.0238 
     D237313  2 0.0646 0.0399 0.1717 0.1043 0.0191 0.0353 0.0630 0.2052 0.0780 0.1214 0.0975 
     D237322  2 0.0750 0.0309 0.1462 0.0878 0.0333 0.0970 0.0781 0.0486 0.1907 0.1929 0.0194 
     D237323  2 0.1160 0.0420 0.5902 0.0356 0.0199 0.0623 0.0212 0.0182 0.0495 0.0354 0.0097 
     D237324  2 0.0123 0.1699 0.0692 0.0320 0.1481 0.0235 0.0345 0.0207 0.1052 0.3461 0.0387 
     D237325  2 0.0549 0.0741 0.4379 0.1457 0.0499 0.0614 0.0354 0.0269 0.0270 0.0590 0.0277 
     D237326  2 0.0437 0.0300 0.7360 0.0210 0.0218 0.0161 0.0360 0.0128 0.0230 0.0289 0.0308 
     D237327  2 0.0370 0.0931 0.0337 0.0972 0.0721 0.0543 0.0758 0.0296 0.3305 0.1412 0.0355 
     D237337  2 0.0192 0.0149 0.8203 0.0287 0.0110 0.0219 0.0130 0.0213 0.0143 0.0212 0.0141 
     D237338  2 0.1100 0.1313 0.1908 0.1266 0.0714 0.0332 0.0792 0.0490 0.0799 0.0979 0.0307 
     D237339  2 0.0145 0.0182 0.0199 0.0186 0.1042 0.0413 0.6382 0.0265 0.0385 0.0612 0.0189 
     D237340  2 0.1010 0.0505 0.3780 0.0847 0.1474 0.0899 0.0269 0.0207 0.0292 0.0579 0.0137 
     D237389  2 0.0158 0.0335 0.5867 0.0584 0.0808 0.1021 0.0272 0.0261 0.0166 0.0362 0.0166 
     D237390  2 0.0494 0.0465 0.3771 0.1943 0.0171 0.1179 0.0344 0.0388 0.0426 0.0609 0.0210 
     D244017  2 0.1585 0.0510 0.0303 0.0139 0.2473 0.3341 0.0171 0.0172 0.0423 0.0689 0.0192 
     D244112  2 0.0175 0.0267 0.0152 0.0234 0.8098 0.0203 0.0132 0.0135 0.0154 0.0320 0.0130 
     D244118  2 0.0219 0.2196 0.0567 0.0114 0.5731 0.0323 0.0279 0.0095 0.0191 0.0201 0.0084 
     D244119  2 0.6030 0.0159 0.0276 0.0107 0.2501 0.0176 0.0094 0.0154 0.0157 0.0194 0.0151 
     D244120  2 0.0388 0.0304 0.0259 0.1047 0.3325 0.2201 0.0491 0.0202 0.1036 0.0640 0.0107 
     D244122  2 0.0333 0.0450 0.0201 0.0378 0.6183 0.0684 0.0239 0.0669 0.0215 0.0390 0.0257 
        D291  2 0.0133 0.0811 0.0254 0.0196 0.0351 0.0473 0.0161 0.0920 0.5066 0.1026 0.0610 
        D292  2 0.0450 0.0234 0.0696 0.0266 0.1848 0.0734 0.0363 0.0235 0.2562 0.0868 0.1744 
        D293  2 0.0125 0.0101 0.0138 0.0235 0.4920 0.0177 0.1659 0.0169 0.0578 0.0699 0.1199 
        D322  2 0.0185 0.0277 0.0447 0.0226 0.3926 0.0312 0.2434 0.0195 0.0466 0.0691 0.0841 
        D323  2 0.0223 0.0176 0.0291 0.0250 0.0868 0.0916 0.0447 0.5588 0.0247 0.0763 0.0231 
        D324  2 0.0448 0.0670 0.0972 0.0638 0.0302 0.0194 0.0272 0.0687 0.3586 0.1096 0.1136 
        D325  2 0.0116 0.0162 0.0143 0.0366 0.7639 0.0121 0.0190 0.0147 0.0494 0.0313 0.0309 
        D326  2 0.0332 0.0108 0.0107 0.0141 0.0110 0.0130 0.0143 0.0209 0.0226 0.0219 0.8276 
        D340  2 0.0188 0.0110 0.0148 0.0158 0.8252 0.0105 0.0231 0.0172 0.0239 0.0177 0.0219 
        D341  2 0.0274 0.0161 0.0352 0.2138 0.4797 0.0289 0.0285 0.0515 0.0444 0.0509 0.0236 
        D342  2 0.0155 0.0920 0.0605 0.0483 0.5271 0.0473 0.0204 0.0528 0.0341 0.0835 0.0184 
        D343  2 0.0092 0.0090 0.0087 0.0146 0.8901 0.0077 0.0135 0.0088 0.0132 0.0116 0.0136 
        D344  2 0.0193 0.0168 0.0599 0.0582 0.0388 0.1515 0.3898 0.0454 0.0226 0.1095 0.0883 
        D345  2 0.0314 0.0679 0.2081 0.0179 0.0347 0.0247 0.2918 0.0619 0.0594 0.1149 0.0871 
        D346  2 0.3036 0.0236 0.0294 0.0339 0.0405 0.0219 0.0359 0.3856 0.0432 0.0453 0.0372 
        D351  2 0.0178 0.0704 0.0530 0.0635 0.0307 0.0624 0.0906 0.0408 0.2284 0.1552 0.1873 
        D352  2 0.0397 0.0214 0.0473 0.0263 0.0414 0.0362 0.6560 0.0263 0.0321 0.0583 0.0150 
        D353  2 0.0110 0.0136 0.0138 0.0664 0.0222 0.0426 0.0646 0.0348 0.0197 0.5980 0.1134 
        D354  2 0.0355 0.0135 0.0410 0.0224 0.0133 0.0337 0.6901 0.0382 0.0172 0.0395 0.0554 
        D362  2 0.0166 0.0612 0.0333 0.0133 0.0212 0.0322 0.0160 0.0234 0.0207 0.0281 0.7340 
        D363  2 0.0321 0.0349 0.0316 0.0119 0.0192 0.0286 0.0219 0.0330 0.0222 0.0236 0.7410 
        D364  2 0.0353 0.0217 0.0603 0.0357 0.0250 0.0383 0.3713 0.0295 0.0204 0.0857 0.2767 
        D365  2 0.0185 0.0102 0.0131 0.0136 0.8433 0.0106 0.0268 0.0133 0.0136 0.0177 0.0191 
        D369  2 0.1034 0.0388 0.1309 0.0329 0.0911 0.0367 0.0202 0.1527 0.1102 0.0941 0.1892 
        D374  2 0.2039 0.0130 0.0230 0.0157 0.0128 0.6292 0.0135 0.0283 0.0159 0.0293 0.0155 
        D375  2 0.0138 0.0150 0.0176 0.0245 0.0126 0.0416 0.7910 0.0296 0.0109 0.0278 0.0156 
        D376  2 0.3300 0.0158 0.0383 0.0569 0.0302 0.3158 0.0555 0.0291 0.0258 0.0819 0.0207 
        D377  2 0.0302 0.0246 0.1115 0.0498 0.0296 0.0474 0.0278 0.5520 0.0412 0.0690 0.0170 
        D378  2 0.0223 0.0935 0.0240 0.0358 0.1739 0.0222 0.2782 0.0734 0.0778 0.1210 0.0777 
        D379  2 0.0252 0.0206 0.0316 0.0724 0.0203 0.0242 0.0521 0.1046 0.0268 0.0931 0.5291 
        D384  2 0.0292 0.0108 0.0194 0.0197 0.0118 0.0122 0.0118 0.0306 0.0201 0.0191 0.8151 
        D385  2 0.0335 0.0157 0.0164 0.0224 0.6740 0.0177 0.1166 0.0429 0.0172 0.0295 0.0142 
        D386  2 0.0160 0.0657 0.0234 0.0361 0.0679 0.0487 0.4694 0.0552 0.0261 0.1110 0.0806 
        D391  2 0.0168 0.0164 0.0225 0.0211 0.6879 0.0263 0.1171 0.0268 0.0189 0.0262 0.0201 
        D392  2 0.0422 0.0362 0.1419 0.0226 0.5457 0.0291 0.0218 0.0287 0.0241 0.0516 0.0560 
        D393  2 0.0193 0.0308 0.0330 0.0411 0.0538 0.0128 0.3344 0.1065 0.1561 0.0491 0.1632 
        D394  2 0.0415 0.1613 0.1751 0.0666 0.0733 0.0710 0.1606 0.0193 0.0522 0.1043 0.0748 
        D395  2 0.0204 0.0243 0.0196 0.0278 0.3222 0.0345 0.3939 0.0279 0.0369 0.0787 0.0137 
        D401  2 0.0251 0.0118 0.7965 0.0151 0.0219 0.0214 0.0090 0.0487 0.0156 0.0197 0.0152 
        D402  2 0.0131 0.0140 0.0223 0.0192 0.6972 0.0207 0.0770 0.0497 0.0483 0.0231 0.0155 
        D403  2 0.0191 0.0437 0.0237 0.1385 0.0299 0.0789 0.0794 0.0409 0.0330 0.3323 0.1806 
        D415  2 0.0123 0.0313 0.0930 0.0974 0.0228 0.0197 0.0292 0.0292 0.0160 0.1491 0.4999 
        D435  2 0.0134 0.0166 0.0308 0.0432 0.1295 0.0191 0.0526 0.0206 0.0460 0.0508 0.5774 
        D436  2 0.0471 0.0255 0.0329 0.1772 0.0282 0.1469 0.3071 0.0268 0.0294 0.0855 0.0934 
        D438  2 0.0190 0.0135 0.0102 0.0186 0.8477 0.0132 0.0106 0.0271 0.0125 0.0172 0.0102 
        D439  2 0.0121 0.0445 0.0365 0.0231 0.0313 0.0142 0.6431 0.0513 0.0241 0.0751 0.0447 
        D449  2 0.0207 0.0286 0.0213 0.0636 0.5756 0.0186 0.0181 0.0279 0.0190 0.1227 0.0839 
        D450  2 0.1565 0.0593 0.0361 0.1013 0.0172 0.0514 0.2070 0.0599 0.0501 0.1498 0.1115 
        D456  2 0.0196 0.0143 0.0106 0.0165 0.0096 0.0161 0.0217 0.0218 0.0226 0.0292 0.8182 
        D462  2 0.0131 0.0198 0.0159 0.0146 0.7229 0.0137 0.1065 0.0172 0.0168 0.0199 0.0396 
        D463  2 0.0386 0.0103 0.0173 0.0187 0.0118 0.0195 0.0260 0.0280 0.0138 0.0377 0.7783 
        D464  2 0.0244 0.0174 0.0232 0.0612 0.0593 0.1467 0.1838 0.0521 0.0198 0.3629 0.0491 
        D465  2 0.0173 0.0221 0.0991 0.0267 0.4790 0.0391 0.0239 0.0661 0.0251 0.0525 0.1492 
        D473  2 0.4495 0.0596 0.1147 0.0491 0.0375 0.0426 0.0728 0.0638 0.0421 0.0439 0.0243 
        D474  2 0.0372 0.0476 0.0405 0.0299 0.0381 0.0122 0.0232 0.0287 0.1656 0.0495 0.5274 
        D476  2 0.0123 0.2970 0.0213 0.0158 0.0348 0.0173 0.5113 0.0143 0.0300 0.0303 0.0155 
        D477  2 0.0401 0.0238 0.1096 0.0254 0.0211 0.0203 0.3102 0.0978 0.0915 0.0600 0.2004 
        D478  2 0.0981 0.3687 0.0325 0.0324 0.0523 0.0872 0.0876 0.0446 0.0555 0.1078 0.0333 
        D480  2 0.0730 0.0172 0.0239 0.0866 0.0653 0.0321 0.2906 0.0758 0.0946 0.0776 0.1632 
        D481  2 0.0642 0.1270 0.0782 0.0235 0.0545 0.0389 0.2020 0.0496 0.0404 0.0750 0.2466 
        D482  2 0.0812 0.0556 0.0554 0.0638 0.0240 0.0616 0.2481 0.1105 0.1460 0.1349 0.0190 
        D483  2 0.0650 0.0187 0.0254 0.0124 0.7775 0.0184 0.0138 0.0143 0.0234 0.0180 0.0131 
        D484  2 0.0188 0.0152 0.0149 0.0153 0.0200 0.0677 0.7565 0.0240 0.0260 0.0309 0.0106 
        D510  2 0.4492 0.0171 0.0280 0.0615 0.0209 0.1690 0.0243 0.0291 0.1254 0.0561 0.0194 
        D511  2 0.0158 0.0304 0.0253 0.0217 0.0437 0.0173 0.6734 0.0464 0.0366 0.0400 0.0493 
        D512  2 0.0105 0.0322 0.5843 0.0456 0.1145 0.0569 0.0135 0.0442 0.0268 0.0548 0.0167 
        D513  2 0.0503 0.0270 0.0396 0.0393 0.5148 0.0296 0.0221 0.1000 0.0528 0.0637 0.0608 
        D635  2 0.0188 0.5957 0.0252 0.0140 0.0297 0.0121 0.0184 0.0283 0.0275 0.0412 0.1891 
        D636  2 0.0148 0.8151 0.0310 0.0090 0.0152 0.0115 0.0150 0.0439 0.0094 0.0185 0.0166 
        D637  2 0.0466 0.0263 0.0556 0.1299 0.1361 0.0679 0.2464 0.1073 0.0486 0.1086 0.0266 
        D658  2 0.0787 0.0186 0.0687 0.0537 0.4215 0.0698 0.1870 0.0182 0.0265 0.0397 0.0177 
        D659  2 0.0313 0.0652 0.0131 0.0335 0.0225 0.0225 0.0675 0.0275 0.0678 0.0555 0.5935 
        D677  2 0.0160 0.0682 0.0720 0.2614 0.0519 0.0733 0.0292 0.1448 0.0593 0.0825 0.1415 
        D678  2 0.0124 0.0362 0.0361 0.0348 0.5801 0.0881 0.0181 0.0498 0.0249 0.1041 0.0153 
        D679  2 0.0408 0.0365 0.0276 0.0670 0.0342 0.0204 0.0550 0.3697 0.0751 0.1037 0.1700 
        D719  2 0.3621 0.0105 0.0630 0.0200 0.1292 0.0214 0.0491 0.0335 0.1124 0.0582 0.1407 
        D720  2 0.0632 0.0209 0.0316 0.0200 0.0270 0.0300 0.0160 0.0583 0.0255 0.0459 0.6614 
        D721  2 0.0296 0.7410 0.0154 0.0206 0.0379 0.0114 0.0279 0.0253 0.0209 0.0372 0.0328 
        D722  2 0.1411 0.0154 0.0610 0.0165 0.0332 0.5272 0.0230 0.0647 0.0355 0.0639 0.0187 
        D734  2 0.1383 0.0114 0.0139 0.0217 0.0454 0.0225 0.6447 0.0250 0.0266 0.0342 0.0162 
        D735  2 0.0708 0.0414 0.0840 0.0291 0.0494 0.0289 0.0979 0.2900 0.0492 0.0996 0.1597 
        D736  2 0.2749 0.0407 0.0610 0.0648 0.0564 0.0184 0.0413 0.0264 0.3076 0.0638 0.0447 
        D737  2 0.0390 0.0587 0.0535 0.0246 0.5141 0.0423 0.1003 0.0256 0.0611 0.0671 0.0138 
        D807  2 0.1484 0.0427 0.0922 0.0879 0.0358 0.0497 0.0915 0.0726 0.1613 0.0629 0.1550 
        D808  2 0.0211 0.0556 0.2730 0.0899 0.0768 0.0702 0.0668 0.0314 0.0817 0.1824 0.0510 
        D817  2 0.0195 0.0189 0.0424 0.0285 0.0193 0.0574 0.0490 0.5510 0.0289 0.0428 0.1422 
        D818  2 0.0291 0.1101 0.0161 0.2468 0.1312 0.0287 0.0310 0.0377 0.1503 0.1747 0.0443 
        D819  2 0.0262 0.0417 0.1520 0.0213 0.0238 0.0408 0.0265 0.4681 0.0322 0.0833 0.0842 
        D820  2 0.0201 0.0175 0.0156 0.0423 0.0408 0.0210 0.1170 0.0130 0.0444 0.0631 0.6052 
        D895  2 0.0358 0.1391 0.0584 0.0317 0.0461 0.0476 0.0514 0.1451 0.0362 0.1127 0.2958 
        D896  2 0.0155 0.0110 0.8688 0.0156 0.0122 0.0191 0.0092 0.0149 0.0132 0.0097 0.0107 
        D897  2 0.0214 0.0308 0.0420 0.1053 0.4839 0.0441 0.0310 0.0742 0.0490 0.0976 0.0207 
        D898  2 0.0318 0.0528 0.2079 0.0871 0.0279 0.1210 0.0544 0.1270 0.1344 0.1236 0.0321 
        D918  2 0.0627 0.0807 0.1471 0.2588 0.0502 0.0471 0.0995 0.0396 0.0449 0.1432 0.0263 
        D919  2 0.0206 0.0365 0.0228 0.0263 0.0673 0.0583 0.4520 0.0217 0.0827 0.0951 0.1166 
        D920  2 0.0598 0.5651 0.0603 0.0519 0.0322 0.0579 0.0381 0.0235 0.0247 0.0541 0.0324 
        D923  2 0.0214 0.0244 0.0314 0.0259 0.0322 0.0278 0.1166 0.0331 0.0179 0.0668 0.6026 
        D930  2 0.0938 0.0206 0.0932 0.1221 0.0376 0.0431 0.1436 0.1285 0.0488 0.1207 0.1480 
        D931  2 0.0334 0.0329 0.0404 0.0436 0.1228 0.0426 0.2694 0.0498 0.0497 0.0779 0.2376 
        D968  2 0.0141 0.0132 0.0185 0.0120 0.7408 0.0213 0.0170 0.0201 0.0957 0.0292 0.0181 
        D969  2 0.0503 0.0344 0.0371 0.0480 0.1684 0.0378 0.0395 0.0414 0.1910 0.1365 0.2155 
        D977  2 0.0197 0.0195 0.0154 0.0565 0.7174 0.0217 0.0223 0.0282 0.0238 0.0515 0.0240 
        D978  2 0.0269 0.0263 0.0129 0.1142 0.0779 0.0541 0.0290 0.3080 0.2298 0.1019 0.0189 
        D211  3 0.0236 0.3684 0.0124 0.2493 0.0165 0.0160 0.0339 0.1523 0.0295 0.0433 0.0549 
     D229639  3 0.0581 0.0276 0.0374 0.0423 0.0363 0.0435 0.0220 0.0349 0.5649 0.0679 0.0650 
     D237212  3 0.0230 0.0622 0.0539 0.1018 0.0502 0.0339 0.2611 0.0880 0.2041 0.0616 0.0602 
     D237213  3 0.0123 0.0601 0.1015 0.0963 0.0253 0.0393 0.0668 0.4670 0.0348 0.0668 0.0299 
     D237214  3 0.0186 0.8523 0.0145 0.0253 0.0120 0.0125 0.0112 0.0118 0.0097 0.0172 0.0149 
     D237215  3 0.0697 0.0167 0.0334 0.0138 0.3778 0.2352 0.0125 0.0476 0.1255 0.0559 0.0119 
     D237216  3 0.0194 0.0526 0.0230 0.1200 0.0335 0.0247 0.0284 0.0985 0.0295 0.5399 0.0305 
     D237217  3 0.0139 0.1499 0.0365 0.2036 0.0257 0.0157 0.0220 0.0401 0.0527 0.3782 0.0617 
     D237218  3 0.0406 0.0266 0.0172 0.3290 0.0370 0.0152 0.1850 0.0334 0.1951 0.0615 0.0594 
     D237219  3 0.0670 0.0621 0.1143 0.0991 0.0167 0.0269 0.0139 0.3927 0.0906 0.0884 0.0283 
     D237382  3 0.0773 0.0382 0.1629 0.1036 0.0404 0.2697 0.0321 0.0607 0.0322 0.1046 0.0783 
     D244127  3 0.0190 0.0435 0.4889 0.0501 0.0632 0.0409 0.0334 0.0876 0.0755 0.0791 0.0187 
     D244129  3 0.0407 0.0833 0.2168 0.0929 0.0516 0.0442 0.0784 0.0914 0.0773 0.1472 0.0762 
     D244133  3 0.0589 0.0349 0.0299 0.0248 0.0519 0.0345 0.0113 0.6306 0.0269 0.0534 0.0427 
     D244134  3 0.2075 0.0378 0.0521 0.0282 0.0282 0.0181 0.0184 0.1981 0.3458 0.0431 0.0226 
     D244135  3 0.0147 0.6913 0.0166 0.0413 0.0533 0.0178 0.0193 0.0518 0.0193 0.0388 0.0359 
     D244136  3 0.1146 0.0420 0.0351 0.0433 0.0581 0.0586 0.0218 0.3878 0.0640 0.0695 0.1051 
        D416  3 0.0249 0.0855 0.0353 0.1163 0.1138 0.0251 0.0421 0.2428 0.0473 0.1979 0.0689 
        D417  3 0.0235 0.0195 0.0337 0.2131 0.0143 0.0328 0.0171 0.0219 0.0157 0.0574 0.5510 
        D419  3 0.0486 0.0370 0.1153 0.1289 0.0572 0.0200 0.0289 0.1952 0.1361 0.1536 0.0793 
        D565  3 0.7562 0.0172 0.0157 0.0124 0.0132 0.0192 0.0160 0.0359 0.0564 0.0227 0.0351 
        D566  3 0.2007 0.0311 0.0601 0.0236 0.0564 0.0464 0.0204 0.1019 0.3186 0.0802 0.0604 
        D567  3 0.0213 0.0538 0.0682 0.0384 0.0294 0.0359 0.0640 0.0631 0.0194 0.0769 0.5296 
        D568  3 0.0143 0.0995 0.0810 0.1693 0.0880 0.0471 0.1380 0.0461 0.0736 0.1258 0.1173 
        D569  3 0.0381 0.0659 0.0178 0.0333 0.0539 0.0636 0.5412 0.0468 0.0478 0.0770 0.0145 
        D573  3 0.0229 0.0175 0.0274 0.0221 0.1207 0.0228 0.0274 0.0237 0.4614 0.0772 0.1771 
        D574  3 0.3300 0.0507 0.0727 0.0505 0.0430 0.0928 0.0356 0.0992 0.0853 0.1023 0.0379 
        D575  3 0.0340 0.0401 0.0306 0.0183 0.0323 0.0174 0.0193 0.7297 0.0247 0.0304 0.0232 
        D576  3 0.0290 0.0313 0.0124 0.0189 0.4863 0.1292 0.0168 0.1534 0.0717 0.0439 0.0072 
        D577  3 0.0315 0.0803 0.0218 0.0537 0.0179 0.0507 0.0365 0.1451 0.0330 0.0697 0.4599 
        D578  3 0.0134 0.8250 0.0212 0.0223 0.0171 0.0171 0.0119 0.0173 0.0138 0.0275 0.0134 
        D579  3 0.1519 0.0457 0.0457 0.0767 0.0590 0.0312 0.1258 0.0850 0.1584 0.0777 0.1428 
        D660  3 0.0145 0.0550 0.0414 0.0414 0.5268 0.0450 0.0417 0.1177 0.0276 0.0758 0.0132 
        D661  3 0.0155 0.0320 0.0206 0.4474 0.1028 0.0198 0.0740 0.0270 0.1364 0.1013 0.0233 
        D663  3 0.0179 0.0346 0.0174 0.0343 0.0759 0.0660 0.0262 0.0553 0.4872 0.1407 0.0445 
        D664  3 0.0429 0.1120 0.0673 0.1007 0.1088 0.0411 0.0206 0.3529 0.0366 0.1016 0.0155 
        D665  3 0.0089 0.0880 0.0734 0.0664 0.0319 0.1273 0.0880 0.2774 0.0304 0.1930 0.0154 
        D666  3 0.0542 0.0268 0.1230 0.0443 0.0136 0.0178 0.0239 0.5884 0.0348 0.0362 0.0370 
        D009  4 0.0324 0.1222 0.0612 0.2668 0.0203 0.0687 0.1230 0.0382 0.0301 0.1274 0.1098 
        D057  4 0.0278 0.1947 0.0162 0.0467 0.1080 0.0353 0.4152 0.0109 0.0749 0.0457 0.0246 
        D109  4 0.0447 0.0451 0.4894 0.0552 0.0172 0.0328 0.0271 0.1285 0.0246 0.0979 0.0373 
     D237222  4 0.0941 0.5248 0.0334 0.0309 0.0251 0.1263 0.0300 0.0176 0.0304 0.0572 0.0302 
     D237223  4 0.1009 0.0563 0.0571 0.4626 0.0602 0.0455 0.0386 0.0321 0.0536 0.0676 0.0257 
     D237224  4 0.0297 0.0627 0.0404 0.0451 0.1579 0.0500 0.1854 0.0804 0.1350 0.1084 0.1050 
     D237225  4 0.0382 0.0855 0.0500 0.2133 0.0287 0.0713 0.0964 0.0546 0.0869 0.1883 0.0867 
     D237299  4 0.0315 0.0259 0.0436 0.6628 0.0167 0.0319 0.0169 0.0208 0.0802 0.0570 0.0126 
     D237300  4 0.0292 0.0192 0.0175 0.0610 0.0257 0.0247 0.0200 0.1590 0.5691 0.0608 0.0138 
     D237306  4 0.3861 0.0266 0.0912 0.1898 0.0201 0.0920 0.0289 0.0191 0.0260 0.0428 0.0774 
     D237307  4 0.1058 0.0403 0.0319 0.0622 0.0359 0.0662 0.0167 0.1917 0.0586 0.0701 0.3206 
     D237308  4 0.0851 0.0541 0.0934 0.0332 0.3440 0.0553 0.1472 0.0397 0.0362 0.0821 0.0297 
     D237309  4 0.0223 0.1147 0.0755 0.1267 0.0449 0.1004 0.0835 0.0435 0.0551 0.1932 0.1403 
     D237317  4 0.2598 0.0771 0.0352 0.0276 0.0267 0.0708 0.0290 0.0477 0.0710 0.2221 0.1330 
     D237318  4 0.0145 0.0140 0.0205 0.0197 0.0446 0.0280 0.0146 0.0386 0.7338 0.0449 0.0267 
     D237319  4 0.0324 0.0858 0.1320 0.2482 0.0479 0.1550 0.0206 0.0617 0.0419 0.1370 0.0376 
     D237320  4 0.0215 0.0532 0.0424 0.6084 0.0455 0.0187 0.0182 0.0237 0.0765 0.0523 0.0395 
     D237321  4 0.0417 0.0365 0.0529 0.0535 0.0773 0.0365 0.0237 0.0648 0.4723 0.0801 0.0607 
     D237397  4 0.1044 0.0486 0.0504 0.3496 0.0689 0.0734 0.0181 0.0394 0.1271 0.0773 0.0428 
     D237398  4 0.0145 0.0270 0.0184 0.0933 0.0240 0.0236 0.0539 0.0335 0.5797 0.0771 0.0551 
     D237399  4 0.1933 0.0660 0.0439 0.0966 0.0329 0.0561 0.0372 0.0238 0.3417 0.0523 0.0561 
     D244001  4 0.0243 0.3454 0.0404 0.0793 0.1070 0.1950 0.0565 0.0235 0.0239 0.0744 0.0303 
        D289  4 0.2177 0.0469 0.0374 0.0652 0.0573 0.0219 0.2971 0.0251 0.1051 0.0711 0.0552 
        D290  4 0.0193 0.0239 0.0237 0.0324 0.0213 0.6352 0.0252 0.0134 0.0852 0.0661 0.0543 
        D294  4 0.0430 0.0399 0.0179 0.2100 0.0245 0.0929 0.2269 0.0438 0.0491 0.1533 0.0988 
        D295  4 0.0441 0.0274 0.1381 0.1832 0.0246 0.1009 0.0497 0.1164 0.0505 0.0768 0.1883 
        D301  4 0.0485 0.4011 0.1053 0.0553 0.0362 0.1548 0.0171 0.0488 0.0726 0.0434 0.0168 
        D302  4 0.0125 0.0307 0.0105 0.0268 0.0120 0.0499 0.7375 0.0221 0.0152 0.0344 0.0483 
        D303  4 0.4933 0.0246 0.0891 0.0504 0.0641 0.0449 0.0674 0.0536 0.0332 0.0475 0.0317 
        D304  4 0.0511 0.0319 0.0172 0.0399 0.0275 0.3944 0.0271 0.0425 0.2009 0.1011 0.0664 
        D305  4 0.0114 0.0482 0.0360 0.0306 0.0602 0.0961 0.2947 0.0313 0.0313 0.3410 0.0192 
        D306  4 0.0239 0.0472 0.0256 0.0284 0.0145 0.6541 0.0219 0.0131 0.0391 0.1020 0.0300 
        D307  4 0.0775 0.6472 0.0384 0.0274 0.0247 0.0231 0.0428 0.0310 0.0483 0.0261 0.0135 
        D327  4 0.0651 0.0256 0.0209 0.0736 0.0427 0.0567 0.0379 0.0689 0.0497 0.0774 0.4814 
        D328  4 0.1049 0.0263 0.0701 0.0790 0.0218 0.2126 0.2877 0.0781 0.0331 0.0660 0.0203 
        D329  4 0.0496 0.0411 0.0797 0.0817 0.1050 0.0601 0.2071 0.0260 0.1056 0.1967 0.0476 
        D330  4 0.0151 0.1100 0.1351 0.1153 0.0494 0.0707 0.0669 0.0468 0.0171 0.1726 0.2010 
        D331  4 0.0422 0.0424 0.0499 0.0397 0.0268 0.3421 0.0258 0.0583 0.1760 0.0933 0.1035 
        D333  4 0.0669 0.0533 0.0735 0.1146 0.0656 0.1919 0.1780 0.0544 0.0691 0.0766 0.0560 
        D334  4 0.5648 0.0719 0.0191 0.0481 0.0147 0.0271 0.0609 0.0420 0.0419 0.0434 0.0659 
        D335  4 0.0311 0.0330 0.0328 0.0155 0.0516 0.1822 0.4552 0.0399 0.0240 0.0471 0.0877 
        D370  4 0.0355 0.0301 0.1303 0.0192 0.0327 0.5785 0.0341 0.0522 0.0200 0.0391 0.0283 
        D371  4 0.5862 0.0111 0.0240 0.0185 0.0431 0.0357 0.0214 0.0703 0.0230 0.0351 0.1316 
        D372  4 0.0183 0.0159 0.0355 0.0320 0.0498 0.1327 0.0160 0.0277 0.5201 0.1395 0.0125 
        D373  4 0.0170 0.6050 0.0200 0.0297 0.0622 0.0200 0.0333 0.0603 0.0768 0.0358 0.0399 
        D455  4 0.0223 0.6779 0.0247 0.0247 0.0312 0.0344 0.0672 0.0155 0.0530 0.0242 0.0248 
        D490  4 0.0275 0.7211 0.0221 0.0927 0.0089 0.0197 0.0286 0.0238 0.0157 0.0170 0.0229 
        D497  4 0.0160 0.5822 0.0358 0.1104 0.0197 0.0326 0.0638 0.0518 0.0229 0.0512 0.0137 
        D498  4 0.0510 0.0304 0.1088 0.0312 0.0265 0.4593 0.0181 0.0448 0.0941 0.0860 0.0499 
        D499  4 0.0822 0.0141 0.0731 0.1250 0.1573 0.0395 0.1224 0.1681 0.0710 0.1329 0.0144 
        D514  4 0.0171 0.0566 0.0527 0.0403 0.0197 0.1974 0.1233 0.0914 0.0569 0.1042 0.2405 
        D515  4 0.0255 0.0344 0.0424 0.6616 0.0219 0.0589 0.0314 0.0278 0.0174 0.0489 0.0299 
        D516  4 0.0331 0.0378 0.1366 0.0994 0.0439 0.0629 0.0179 0.3506 0.0398 0.0826 0.0955 
        D517  4 0.0167 0.5049 0.0423 0.0810 0.0327 0.0236 0.0308 0.0190 0.0645 0.1406 0.0441 
        D518  4 0.0507 0.1280 0.0249 0.0490 0.0334 0.0650 0.5571 0.0160 0.0144 0.0416 0.0199 
        D519  4 0.0146 0.0239 0.0181 0.8242 0.0183 0.0109 0.0148 0.0174 0.0208 0.0181 0.0190 
        D560  4 0.0125 0.0141 0.0186 0.7561 0.0228 0.0212 0.0228 0.0199 0.0249 0.0407 0.0463 
        D561  4 0.0148 0.2179 0.0931 0.0969 0.0517 0.0325 0.0667 0.0330 0.0508 0.2793 0.0633 
        D562  4 0.0518 0.2630 0.0344 0.0651 0.0488 0.1054 0.1395 0.0312 0.0634 0.1618 0.0355 
        D563  4 0.0141 0.0573 0.0351 0.0643 0.3677 0.0377 0.1321 0.0800 0.0721 0.1180 0.0215 
        D572  4 0.0273 0.0619 0.0173 0.0415 0.0285 0.0686 0.6351 0.0166 0.0204 0.0354 0.0474 
        D629  4 0.0186 0.2075 0.0185 0.0467 0.0207 0.0148 0.0707 0.3662 0.0542 0.0476 0.1344 
        D630  4 0.0497 0.1719 0.0276 0.2641 0.0274 0.1617 0.0667 0.0262 0.0831 0.0604 0.0615 
        D631  4 0.0199 0.0230 0.0198 0.0691 0.0754 0.0212 0.6652 0.0162 0.0263 0.0471 0.0169 
        D632  4 0.0171 0.2321 0.1302 0.0247 0.1574 0.0235 0.2291 0.0585 0.0119 0.0722 0.0432 
        D646  4 0.0231 0.0260 0.0829 0.5244 0.0460 0.0291 0.0385 0.0162 0.0332 0.0764 0.1042 
        D647  4 0.0143 0.0832 0.0758 0.1326 0.0556 0.1180 0.0483 0.0216 0.0572 0.0723 0.3211 
        D648  4 0.0454 0.0173 0.0224 0.0629 0.0258 0.3945 0.2664 0.0947 0.0113 0.0437 0.0156 
        D649  4 0.0224 0.0494 0.2415 0.0457 0.0169 0.0199 0.2379 0.0719 0.0294 0.0503 0.2147 
        D650  4 0.0856 0.0747 0.0638 0.2719 0.0262 0.0472 0.0829 0.0912 0.0606 0.0803 0.1156 
        D708  4 0.1610 0.0328 0.0306 0.1286 0.0286 0.0512 0.2286 0.1443 0.0609 0.1054 0.0280 
        D709  4 0.0226 0.0155 0.1553 0.0207 0.0236 0.5867 0.0339 0.0523 0.0236 0.0500 0.0159 
        D738  4 0.4754 0.0490 0.1103 0.1220 0.0175 0.0352 0.0176 0.0249 0.0347 0.0483 0.0652 
        D739  4 0.0278 0.2509 0.0374 0.2073 0.0236 0.1751 0.0456 0.0522 0.0350 0.1228 0.0223 
        D740  4 0.1234 0.0478 0.1204 0.1426 0.0524 0.0272 0.0944 0.0703 0.0999 0.1991 0.0226 
        D741  4 0.0109 0.0363 0.0304 0.5949 0.0500 0.0205 0.0208 0.0259 0.0359 0.1124 0.0621 
        D742  4 0.0726 0.0542 0.0353 0.1889 0.2080 0.0349 0.0672 0.0377 0.1332 0.1286 0.0393 
        D743  4 0.0174 0.0260 0.0159 0.0517 0.0378 0.0217 0.4348 0.0301 0.0342 0.0357 0.2946 
        D744  4 0.0143 0.0186 0.0169 0.0202 0.0236 0.0127 0.8277 0.0143 0.0172 0.0175 0.0170 
        D745  4 0.0134 0.0274 0.0179 0.8128 0.0125 0.0119 0.0216 0.0281 0.0184 0.0205 0.0154 
        D814  4 0.0161 0.0709 0.0115 0.3101 0.1179 0.0586 0.0445 0.0387 0.0400 0.2702 0.0215 
        D815  4 0.0245 0.0246 0.0690 0.0230 0.0252 0.2920 0.3075 0.0432 0.0495 0.0729 0.0685 
        D828  4 0.0419 0.0213 0.0231 0.0524 0.0409 0.6102 0.0603 0.0439 0.0363 0.0582 0.0115 
        D845  4 0.0234 0.0111 0.0133 0.0185 0.0216 0.0108 0.0194 0.0212 0.8247 0.0210 0.0150 
        D846  4 0.0119 0.1476 0.0170 0.0253 0.1266 0.0567 0.3003 0.0581 0.0420 0.1113 0.1030 
        D847  4 0.1042 0.2053 0.0390 0.1933 0.0407 0.0405 0.0595 0.0328 0.1246 0.0702 0.0900 
        D848  4 0.0166 0.6200 0.0172 0.0149 0.0497 0.0295 0.0274 0.0169 0.1680 0.0248 0.0150 
        D849  4 0.0176 0.1750 0.0460 0.3240 0.0396 0.0803 0.0499 0.1237 0.0231 0.0915 0.0293 
        D850  4 0.0616 0.2430 0.0284 0.0740 0.0395 0.0177 0.0442 0.0543 0.2065 0.1395 0.0914 
        D856  4 0.0392 0.0373 0.2206 0.0895 0.0206 0.1160 0.0479 0.0633 0.0507 0.2715 0.0435 
        D857  4 0.0252 0.0316 0.5781 0.0228 0.0767 0.1784 0.0179 0.0155 0.0138 0.0318 0.0081 
        D859  4 0.0224 0.0255 0.0208 0.1842 0.0346 0.0585 0.4230 0.0234 0.0766 0.0726 0.0585 
        D860  4 0.4075 0.0314 0.0272 0.0196 0.0653 0.0345 0.0856 0.0207 0.1889 0.0617 0.0578 
        D883  4 0.0516 0.1658 0.0962 0.0867 0.0284 0.1130 0.0589 0.1248 0.0456 0.0588 0.1704 
        D884  4 0.0414 0.0219 0.0778 0.5508 0.0142 0.0519 0.0409 0.0694 0.0271 0.0584 0.0462 
        D885  4 0.0170 0.0286 0.0300 0.4160 0.0556 0.0117 0.0408 0.0835 0.1236 0.1218 0.0715 
        D886  4 0.0210 0.1072 0.1419 0.0626 0.0451 0.2984 0.0544 0.0294 0.0383 0.0748 0.1268 
        D887  4 0.0461 0.0371 0.0472 0.2074 0.0766 0.0693 0.1022 0.0332 0.1743 0.1085 0.0981 
        D889  4 0.0134 0.0162 0.0126 0.0505 0.0101 0.1976 0.0352 0.0191 0.5742 0.0485 0.0226 
        D890  4 0.0574 0.0569 0.0747 0.0232 0.0573 0.0895 0.0443 0.4738 0.0253 0.0753 0.0223 
        D891  4 0.0095 0.0102 0.0086 0.0095 0.0097 0.0095 0.0110 0.0206 0.8901 0.0109 0.0105 
        D899  4 0.0647 0.0334 0.0283 0.0284 0.3399 0.0745 0.0868 0.0506 0.1731 0.0938 0.0265 
        D900  4 0.0535 0.0950 0.0493 0.0804 0.0798 0.1704 0.1243 0.0490 0.0712 0.1337 0.0933 
        D970  4 0.0386 0.0501 0.0321 0.0564 0.0376 0.0265 0.4134 0.0494 0.0737 0.1021 0.1202 
        D971  4 0.0451 0.0357 0.0896 0.0205 0.3825 0.0771 0.1571 0.0500 0.0216 0.0789 0.0421 
        D979  4 0.0277 0.0320 0.0238 0.0250 0.0400 0.1308 0.3134 0.0829 0.0375 0.0728 0.2141 
        D093  5 0.6753 0.0204 0.0242 0.0757 0.0214 0.0386 0.0179 0.0208 0.0454 0.0298 0.0303 
        D154  5 0.0259 0.0169 0.0234 0.2274 0.0745 0.0563 0.0289 0.3080 0.0797 0.1358 0.0232 
        D168  5 0.0153 0.0657 0.0400 0.1324 0.1414 0.0494 0.0247 0.2888 0.0622 0.1304 0.0496 
        D189  5 0.2980 0.0230 0.0225 0.0804 0.0231 0.1891 0.0239 0.0284 0.2050 0.0717 0.0349 
        D190  5 0.4876 0.0134 0.0367 0.0374 0.0296 0.0500 0.0496 0.1957 0.0402 0.0344 0.0253 
     D237220  5 0.1216 0.1317 0.0898 0.2153 0.0218 0.0434 0.0679 0.0211 0.1643 0.0991 0.0240 
     D237221  5 0.2570 0.0262 0.0612 0.0571 0.0839 0.0309 0.0665 0.1272 0.1848 0.0558 0.0495 
     D237274  5 0.0117 0.0320 0.0864 0.0511 0.0589 0.0842 0.2208 0.0291 0.0220 0.0933 0.3106 
     D237275  5 0.0209 0.0189 0.0575 0.0290 0.4091 0.1948 0.0137 0.0440 0.1082 0.0880 0.0160 
     D237276  5 0.1275 0.0412 0.1204 0.3046 0.0308 0.1169 0.0325 0.0782 0.0211 0.0574 0.0693 
     D237277  5 0.3946 0.0145 0.0481 0.0381 0.0548 0.0283 0.0570 0.2037 0.1034 0.0373 0.0202 
     D237278  5 0.1794 0.0466 0.1034 0.0700 0.2850 0.0507 0.0680 0.0201 0.0310 0.0920 0.0537 
     D237279  5 0.0184 0.1080 0.2887 0.0367 0.0244 0.0144 0.0954 0.1572 0.0514 0.1567 0.0488 
     D237280  5 0.0577 0.1111 0.2466 0.0392 0.0198 0.0485 0.0513 0.2157 0.0227 0.1048 0.0827 
     D237281  5 0.0243 0.0141 0.0187 0.0303 0.1460 0.0268 0.0239 0.0158 0.5651 0.0876 0.0473 
     D237351  5 0.0436 0.0202 0.5284 0.0692 0.0181 0.0137 0.0190 0.2201 0.0234 0.0273 0.0170 
     D237352  5 0.0436 0.3022 0.0366 0.0211 0.0730 0.0786 0.1831 0.1228 0.0251 0.0672 0.0466 
     D237353  5 0.5277 0.0116 0.0715 0.0145 0.0186 0.0213 0.0322 0.2125 0.0525 0.0239 0.0136 
     D237359  5 0.0516 0.0692 0.0364 0.3931 0.0225 0.0392 0.0346 0.0372 0.1731 0.1099 0.0332 
     D237361  5 0.7494 0.0137 0.0467 0.0161 0.0180 0.0394 0.0175 0.0325 0.0273 0.0200 0.0193 
     D237362  5 0.0247 0.0123 0.0203 0.0270 0.0233 0.0165 0.0191 0.7825 0.0230 0.0235 0.0279 
     D237363  5 0.0425 0.0241 0.0279 0.0527 0.1113 0.0368 0.0164 0.1620 0.0437 0.4556 0.0270 
     D237364  5 0.0111 0.0434 0.0354 0.5132 0.0588 0.0453 0.0725 0.0558 0.0535 0.0618 0.0492 
     D237376  5 0.0659 0.0152 0.0275 0.0798 0.0284 0.5773 0.0629 0.0696 0.0249 0.0380 0.0105 
     D237377  5 0.1206 0.0350 0.3103 0.0180 0.0376 0.0200 0.0406 0.2031 0.0240 0.0953 0.0955 
     D237378  5 0.3826 0.0316 0.0260 0.0876 0.0500 0.1305 0.0610 0.0873 0.0643 0.0563 0.0227 
     D237379  5 0.2406 0.0403 0.0242 0.1350 0.0371 0.0851 0.1821 0.0528 0.0444 0.1320 0.0262 
     D237380  5 0.0331 0.0349 0.4952 0.0390 0.0145 0.2440 0.0432 0.0155 0.0163 0.0465 0.0177 
     D237381  5 0.0480 0.1597 0.2400 0.0316 0.0514 0.1560 0.1033 0.0302 0.0485 0.1004 0.0309 
     D237391  5 0.7695 0.0142 0.0204 0.0308 0.0113 0.0109 0.0205 0.0336 0.0503 0.0201 0.0185 
     D237392  5 0.0187 0.0328 0.0979 0.0410 0.1792 0.0901 0.0732 0.0750 0.0341 0.1407 0.2173 
     D237393  5 0.1494 0.0606 0.0897 0.0199 0.0447 0.0779 0.0374 0.0317 0.0419 0.0502 0.3966 
