        D174  1 0.1044 0.0269 0.1064 0.0377 0.0734 0.1534 0.1394 0.3584 
        D199  1 0.0943 0.0466 0.0384 0.1786 0.2495 0.0882 0.1115 0.1928 
        D203  1 0.0924 0.0451 0.0604 0.2000 0.3111 0.1423 0.0872 0.0617 
        D204  1 0.0216 0.0832 0.0298 0.0361 0.7245 0.0446 0.0351 0.0252 
     D237366  1 0.4973 0.1328 0.0230 0.0415 0.0652 0.0813 0.0966 0.0622 
     D237367  1 0.2841 0.0461 0.0477 0.0420 0.3324 0.1006 0.1095 0.0376 
     D237368  1 0.3861 0.0422 0.0562 0.0597 0.1664 0.0562 0.1222 0.1111 
     D244101  1 0.0230 0.4246 0.0258 0.1585 0.1847 0.0421 0.1076 0.0337 
     D244102  1 0.1062 0.0736 0.1106 0.0469 0.0742 0.4372 0.0935 0.0577 
     D244103  1 0.2074 0.0418 0.0520 0.0340 0.1866 0.1103 0.3183 0.0496 
     D244104  1 0.0434 0.0364 0.0996 0.0406 0.6365 0.0187 0.0376 0.0873 
     D244105  1 0.4034 0.0363 0.1392 0.0242 0.0905 0.0615 0.2237 0.0211 
     D244106  1 0.0270 0.0289 0.0281 0.0779 0.0576 0.1310 0.0739 0.5756 
     D244107  1 0.4016 0.0717 0.1985 0.0515 0.0610 0.0260 0.1699 0.0198 
     D244108  1 0.0470 0.0330 0.2563 0.0408 0.0796 0.1044 0.0880 0.3509 
     D244113  1 0.0387 0.1170 0.0549 0.0368 0.0232 0.3859 0.0593 0.2842 
     D244114  1 0.0925 0.0852 0.0472 0.0861 0.0806 0.1499 0.3589 0.0997 
     D244115  1 0.0878 0.0315 0.1882 0.0265 0.1463 0.0754 0.1621 0.2821 
     D267365  1 0.0730 0.0653 0.0456 0.0503 0.3822 0.0659 0.0676 0.2499 
        D404  1 0.0228 0.0748 0.0412 0.0317 0.0249 0.5829 0.0451 0.1767 
        D405  1 0.0371 0.0655 0.0736 0.0638 0.1092 0.5552 0.0604 0.0353 
        D406  1 0.6568 0.0551 0.0418 0.0216 0.1045 0.0336 0.0317 0.0549 
        D407  1 0.2672 0.0202 0.0220 0.0488 0.4608 0.0329 0.1146 0.0335 
        D408  1 0.0306 0.0544 0.1147 0.0537 0.0550 0.0659 0.0844 0.5413 
        D409  1 0.1394 0.0501 0.0625 0.0406 0.0971 0.1078 0.4592 0.0432 
        D410  1 0.0436 0.0455 0.7302 0.0144 0.0639 0.0416 0.0317 0.0292 
        D421  1 0.0318 0.0130 0.0141 0.0266 0.8530 0.0109 0.0221 0.0286 
        D422  1 0.7988 0.0209 0.0289 0.0235 0.0447 0.0192 0.0452 0.0189 
        D423  1 0.1438 0.0222 0.5340 0.0450 0.1077 0.0346 0.0920 0.0207 
        D424  1 0.1313 0.0213 0.0253 0.0157 0.6124 0.0301 0.1279 0.0361 
        D425  1 0.0369 0.0303 0.0765 0.0254 0.4571 0.1339 0.1316 0.1082 
        D426  1 0.1574 0.0230 0.0256 0.0741 0.0519 0.0351 0.5855 0.0473 
        D427  1 0.0385 0.0158 0.0256 0.3730 0.2995 0.0171 0.0355 0.1950 
        D428  1 0.1086 0.0779 0.0930 0.0412 0.3072 0.1015 0.1075 0.1631 
        D429  1 0.0668 0.0500 0.0393 0.0462 0.4270 0.1097 0.0852 0.1757 
        D430  1 0.0743 0.0313 0.0376 0.0736 0.0926 0.2650 0.2624 0.1632 
        D491  1 0.0297 0.0306 0.0646 0.0155 0.0886 0.0470 0.0437 0.6802 
        D492  1 0.1795 0.0557 0.0388 0.0431 0.2499 0.1345 0.1674 0.1312 
        D537  1 0.0775 0.0846 0.0581 0.0225 0.5926 0.0635 0.0717 0.0295 
        D538  1 0.1030 0.0537 0.1159 0.0708 0.0762 0.3260 0.1601 0.0943 
        D539  1 0.1018 0.1013 0.1107 0.1001 0.0571 0.1395 0.1418 0.2479 
        D540  1 0.1048 0.0426 0.1800 0.0394 0.2890 0.0781 0.2099 0.0561 
        D541  1 0.0194 0.0185 0.0245 0.0230 0.8592 0.0147 0.0249 0.0158 
        D551  1 0.1013 0.0277 0.0275 0.1895 0.0844 0.0435 0.4832 0.0429 
        D552  1 0.1007 0.0762 0.3321 0.0331 0.1614 0.0280 0.0949 0.1735 
        D553  1 0.0250 0.0214 0.0245 0.0167 0.8539 0.0113 0.0204 0.0268 
        D615  1 0.0650 0.0249 0.1611 0.0708 0.3810 0.0960 0.1005 0.1006 
        D616  1 0.1512 0.0281 0.1025 0.1323 0.2869 0.0453 0.1819 0.0719 
        D621  1 0.2521 0.3365 0.1648 0.0282 0.0210 0.0529 0.0536 0.0909 
        D622  1 0.5184 0.0800 0.1434 0.0261 0.0476 0.0408 0.0945 0.0492 
        D623  1 0.0325 0.1831 0.0456 0.1374 0.0360 0.1935 0.0751 0.2969 
        D624  1 0.0289 0.0139 0.0334 0.0187 0.0515 0.0325 0.0784 0.7427 
        D625  1 0.0836 0.0547 0.0606 0.0252 0.5632 0.0407 0.1000 0.0719 
        D626  1 0.1279 0.0366 0.2848 0.0337 0.0784 0.0759 0.0760 0.2867 
        D627  1 0.1605 0.0286 0.0223 0.0576 0.0831 0.0666 0.5335 0.0478 
        D690  1 0.0505 0.0302 0.0679 0.0127 0.7425 0.0184 0.0275 0.0502 
        D691  1 0.6932 0.0349 0.0530 0.0206 0.0731 0.0191 0.0517 0.0543 
        D710  1 0.1356 0.1264 0.0971 0.0392 0.2555 0.0486 0.1397 0.1580 
        D711  1 0.0469 0.0398 0.0265 0.0272 0.7226 0.0554 0.0454 0.0362 
        D712  1 0.0882 0.0562 0.0889 0.0522 0.0432 0.0903 0.0713 0.5096 
        D713  1 0.1003 0.2036 0.0495 0.0202 0.1747 0.2296 0.1135 0.1085 
        D746  1 0.6973 0.0350 0.0520 0.0279 0.0965 0.0174 0.0436 0.0303 
        D747  1 0.0235 0.0304 0.0206 0.0281 0.8360 0.0169 0.0260 0.0185 
        D748  1 0.3088 0.0759 0.0684 0.0276 0.3099 0.0534 0.1036 0.0523 
        D749  1 0.3471 0.0970 0.0574 0.0384 0.0429 0.0793 0.2210 0.1169 
        D750  1 0.0416 0.0567 0.0713 0.0267 0.1464 0.0418 0.0412 0.5743 
        D763  1 0.1224 0.2625 0.1003 0.1297 0.0967 0.0590 0.1911 0.0382 
        D764  1 0.0666 0.0163 0.0755 0.0170 0.5178 0.0226 0.0581 0.2260 
        D765  1 0.1303 0.0198 0.4454 0.0237 0.0496 0.0697 0.0877 0.1738 
        D766  1 0.1456 0.1539 0.3869 0.0253 0.1000 0.0571 0.0874 0.0437 
        D767  1 0.1346 0.1900 0.0644 0.0601 0.1117 0.3340 0.0752 0.0301 
        D768  1 0.0252 0.0163 0.0185 0.0185 0.8608 0.0177 0.0257 0.0174 
        D811  1 0.0285 0.0275 0.2527 0.0229 0.0372 0.4793 0.0539 0.0981 
        D816  1 0.0254 0.0229 0.0197 0.0174 0.8314 0.0236 0.0280 0.0316 
        D825  1 0.0640 0.0356 0.2567 0.0198 0.1280 0.1986 0.1117 0.1856 
        D866  1 0.0389 0.0254 0.1058 0.2563 0.0670 0.0840 0.1099 0.3127 
        D867  1 0.6962 0.0957 0.0294 0.0324 0.0247 0.0377 0.0592 0.0248 
        D871  1 0.1114 0.0640 0.0330 0.0315 0.0775 0.1131 0.4942 0.0754 
        D872  1 0.1038 0.0497 0.1328 0.0423 0.3033 0.2318 0.0896 0.0465 
        D873  1 0.0367 0.0444 0.7734 0.0179 0.0116 0.0751 0.0282 0.0126 
        D874  1 0.0203 0.7324 0.0243 0.0230 0.0527 0.0407 0.0362 0.0703 
        D875  1 0.2291 0.0318 0.0527 0.0168 0.0416 0.0949 0.5135 0.0196 
        D876  1 0.0775 0.1006 0.0790 0.0319 0.4826 0.0383 0.0701 0.1199 
        D877  1 0.0150 0.0610 0.0256 0.0282 0.0292 0.7054 0.0599 0.0757 
        D892  1 0.1826 0.0476 0.0342 0.0166 0.3297 0.1357 0.0999 0.1538 
        D893  1 0.0845 0.0820 0.0477 0.0431 0.6354 0.0278 0.0556 0.0239 
        D894  1 0.0593 0.0455 0.0381 0.0368 0.5856 0.0615 0.1029 0.0702 
        D915  1 0.0688 0.0291 0.1260 0.0282 0.5725 0.0396 0.0963 0.0396 
        D916  1 0.0226 0.0165 0.0176 0.0149 0.8648 0.0125 0.0274 0.0237 
        D917  1 0.0500 0.1516 0.0443 0.0686 0.1258 0.0757 0.1386 0.3453 
        D925  1 0.0500 0.0161 0.5796 0.0205 0.1994 0.0268 0.0289 0.0787 
        D926  1 0.0790 0.0887 0.0437 0.0223 0.4342 0.0570 0.2083 0.0668 
        D927  1 0.0965 0.0446 0.0339 0.2502 0.3103 0.0711 0.1113 0.0820 
        D928  1 0.0152 0.0262 0.0398 0.0175 0.1065 0.0446 0.0236 0.7267 
        D929  1 0.0874 0.4007 0.0358 0.0210 0.0360 0.3175 0.0454 0.0562 
        D936  1 0.0297 0.2049 0.0328 0.0660 0.5283 0.0400 0.0659 0.0324 
        D938  1 0.6502 0.0691 0.1158 0.0193 0.0385 0.0319 0.0435 0.0318 
        D956  1 0.0291 0.0331 0.0749 0.0411 0.0389 0.1947 0.0891 0.4991 
        D957  1 0.1170 0.0676 0.2546 0.0368 0.1918 0.1976 0.0735 0.0611 
        D958  1 0.1162 0.0948 0.1691 0.0198 0.2749 0.1053 0.0833 0.1365 
        D959  1 0.2336 0.0136 0.0192 0.0306 0.5082 0.0285 0.1413 0.0249 
        D960  1 0.6022 0.0483 0.0736 0.0238 0.0339 0.0858 0.0885 0.0439 
        D989  1 0.0434 0.0341 0.0349 0.0741 0.0556 0.0633 0.0664 0.6281 
        D990  1 0.0355 0.0319 0.6561 0.0532 0.0232 0.0264 0.0540 0.1198 
        D023  2 0.8300 0.0193 0.0212 0.0166 0.0471 0.0138 0.0332 0.0187 
        D130  2 0.6650 0.0243 0.0221 0.0318 0.0991 0.1018 0.0376 0.0183 
        D131  2 0.0478 0.0740 0.0996 0.0553 0.2221 0.0592 0.3842 0.0578 
        D163  2 0.6261 0.0470 0.0554 0.0202 0.0842 0.0223 0.0669 0.0778 
        D164  2 0.0285 0.0196 0.3980 0.4887 0.0160 0.0166 0.0218 0.0108 
        D165  2 0.8165 0.0300 0.0268 0.0231 0.0319 0.0133 0.0382 0.0201 
        D166  2 0.0571 0.0829 0.0566 0.0362 0.0478 0.5979 0.1044 0.0172 
        D167  2 0.0191 0.0153 0.0196 0.7465 0.0216 0.1091 0.0317 0.0370 
        D192  2 0.0161 0.0252 0.0227 0.8536 0.0131 0.0237 0.0221 0.0234 
        D193  2 0.0351 0.0562 0.0462 0.0309 0.0266 0.6534 0.0826 0.0690 
        D206  2 0.1518 0.0609 0.1092 0.2147 0.1726 0.0627 0.1904 0.0376 
        D207  2 0.0412 0.0232 0.0217 0.6034 0.0448 0.1547 0.0815 0.0296 
        D208  2 0.0520 0.0695 0.1862 0.1647 0.0644 0.0739 0.0910 0.2984 
        D209  2 0.0960 0.2135 0.0912 0.1997 0.0462 0.0468 0.2763 0.0302 
        D210  2 0.0377 0.0502 0.0367 0.1214 0.0845 0.0433 0.0761 0.5501 
     D229599  2 0.1397 0.2279 0.0752 0.0626 0.1949 0.0705 0.1343 0.0948 
     D229600  2 0.4946 0.0315 0.0272 0.2290 0.0369 0.0751 0.0724 0.0333 
     D237227  2 0.0714 0.0410 0.1251 0.0749 0.0585 0.0468 0.0915 0.4908 
     D237228  2 0.0342 0.0216 0.3671 0.0708 0.0188 0.1353 0.1458 0.2065 
     D237258  2 0.2129 0.0740 0.1159 0.1573 0.0780 0.1063 0.1547 0.1009 
     D237310  2 0.0433 0.0481 0.3303 0.0605 0.0143 0.3742 0.0821 0.0473 
     D237311  2 0.0798 0.0243 0.4170 0.1885 0.0248 0.1541 0.0730 0.0387 
     D237312  2 0.0928 0.0664 0.1805 0.0255 0.0272 0.4721 0.0947 0.0407 
     D237313  2 0.0634 0.1154 0.3176 0.0347 0.1810 0.0475 0.1493 0.0911 
     D237322  2 0.0529 0.1167 0.1315 0.1289 0.0317 0.2071 0.2335 0.0977 
     D237323  2 0.1019 0.0389 0.3339 0.0440 0.0217 0.1598 0.0795 0.2204 
     D237324  2 0.2505 0.0481 0.0468 0.2749 0.0699 0.0344 0.2535 0.0219 
     D237325  2 0.1937 0.1226 0.2034 0.0493 0.0419 0.1611 0.1296 0.0985 
     D237326  2 0.0921 0.0526 0.4431 0.0471 0.1145 0.0431 0.0971 0.1104 
     D237327  2 0.1673 0.1101 0.0419 0.2514 0.0583 0.0634 0.2149 0.0926 
     D237337  2 0.0476 0.0332 0.6611 0.0250 0.0403 0.0861 0.0643 0.0425 
     D237338  2 0.2011 0.1501 0.1366 0.0879 0.0595 0.0551 0.1689 0.1410 
     D237339  2 0.0276 0.5752 0.0329 0.1580 0.0477 0.0435 0.0934 0.0217 
     D237340  2 0.1117 0.0661 0.1566 0.1803 0.0242 0.1705 0.0966 0.1939 
     D237389  2 0.0540 0.0370 0.3991 0.0572 0.0253 0.3023 0.1023 0.0227 
     D237390  2 0.1393 0.0620 0.2070 0.0409 0.0445 0.3230 0.1068 0.0766 
     D244017  2 0.0627 0.0228 0.0441 0.1557 0.0329 0.3887 0.0772 0.2159 
     D244112  2 0.0362 0.0188 0.0322 0.7582 0.0176 0.0710 0.0392 0.0268 
     D244118  2 0.2824 0.0475 0.0357 0.5154 0.0145 0.0343 0.0338 0.0364 
     D244119  2 0.0229 0.0144 0.0324 0.2112 0.0312 0.0297 0.0371 0.6211 
     D244120  2 0.0389 0.0601 0.0321 0.3442 0.0161 0.4133 0.0495 0.0458 
     D244122  2 0.0616 0.0397 0.0541 0.5586 0.0342 0.1300 0.0748 0.0470 
        D291  2 0.1339 0.0343 0.0718 0.2808 0.0984 0.0914 0.2318 0.0576 
        D292  2 0.0418 0.0518 0.1145 0.2801 0.2416 0.0702 0.0956 0.1043 
        D293  2 0.0174 0.0737 0.0158 0.6201 0.1688 0.0154 0.0690 0.0197 
        D322  2 0.0577 0.1438 0.0457 0.4258 0.1688 0.0353 0.0935 0.0294 
        D323  2 0.0564 0.1599 0.1593 0.1129 0.0843 0.2032 0.1794 0.0446 
        D324  2 0.1659 0.0337 0.0938 0.1422 0.1879 0.0481 0.2132 0.1152 
        D325  2 0.0243 0.0240 0.0167 0.8095 0.0423 0.0141 0.0545 0.0146 
        D326  2 0.0155 0.0187 0.0167 0.0186 0.8461 0.0157 0.0389 0.0299 
        D340  2 0.0205 0.0314 0.0201 0.8334 0.0241 0.0169 0.0283 0.0253 
        D341  2 0.0437 0.0481 0.0861 0.5784 0.0539 0.0481 0.0778 0.0638 
        D342  2 0.0997 0.0199 0.1951 0.4160 0.0202 0.0798 0.1495 0.0197 
        D343  2 0.0157 0.0177 0.0117 0.8929 0.0209 0.0114 0.0163 0.0134 
        D344  2 0.0229 0.4634 0.0488 0.0470 0.1082 0.1846 0.1041 0.0210 
        D345  2 0.0633 0.2102 0.4644 0.0350 0.0974 0.0234 0.0653 0.0410 
        D346  2 0.0411 0.0578 0.1024 0.0757 0.0785 0.0551 0.0949 0.4946 
        D351  2 0.0924 0.1059 0.0677 0.0778 0.3200 0.0816 0.2170 0.0377 
        D352  2 0.0273 0.6922 0.0355 0.0274 0.0189 0.0505 0.0945 0.0536 
        D353  2 0.0240 0.1688 0.0273 0.0368 0.2045 0.0577 0.4623 0.0187 
        D354  2 0.0188 0.7525 0.0514 0.0165 0.0452 0.0300 0.0493 0.0361 
        D362  2 0.0697 0.0255 0.0419 0.0266 0.7361 0.0367 0.0401 0.0233 
        D363  2 0.0691 0.0278 0.0454 0.0242 0.7049 0.0258 0.0520 0.0508 
        D364  2 0.0307 0.3916 0.0856 0.0256 0.2770 0.0439 0.0981 0.0475 
        D365  2 0.0144 0.0396 0.0158 0.8235 0.0344 0.0161 0.0261 0.0301 
        D369  2 0.0535 0.0273 0.1563 0.1589 0.2344 0.0524 0.1185 0.1988 
        D374  2 0.0160 0.0323 0.0524 0.0225 0.0240 0.6089 0.0397 0.2043 
        D375  2 0.0248 0.8143 0.0222 0.0160 0.0210 0.0449 0.0394 0.0174 
        D376  2 0.0271 0.0832 0.0747 0.0349 0.0238 0.3766 0.0669 0.3127 
        D377  2 0.0565 0.0706 0.4148 0.0567 0.0383 0.1597 0.1382 0.0652 
        D378  2 0.1271 0.2304 0.0523 0.2222 0.1936 0.0237 0.1112 0.0397 
        D379  2 0.0288 0.0640 0.0462 0.0236 0.7090 0.0321 0.0588 0.0376 
        D384  2 0.0147 0.0173 0.0210 0.0170 0.8577 0.0155 0.0185 0.0383 
        D385  2 0.0208 0.1675 0.0266 0.6522 0.0269 0.0313 0.0425 0.0323 
        D386  2 0.0720 0.5247 0.0445 0.0535 0.1129 0.0423 0.1308 0.0193 
        D391  2 0.0215 0.1211 0.0314 0.7043 0.0340 0.0250 0.0401 0.0225 
        D392  2 0.0624 0.0311 0.0905 0.5462 0.0972 0.0504 0.0646 0.0577 
        D393  2 0.0640 0.3068 0.0823 0.1048 0.2726 0.0237 0.1015 0.0443 
        D394  2 0.2166 0.2168 0.1074 0.0611 0.0953 0.1093 0.1450 0.0485 
        D395  2 0.0405 0.4930 0.0238 0.2255 0.0237 0.0511 0.1189 0.0235 
        D401  2 0.0251 0.0161 0.7349 0.0324 0.0199 0.0953 0.0358 0.0404 
        D402  2 0.0165 0.0635 0.0352 0.7742 0.0211 0.0274 0.0370 0.0251 
        D403  2 0.0939 0.1209 0.0494 0.0337 0.2994 0.0769 0.2999 0.0258 
        D415  2 0.0600 0.0321 0.0627 0.0201 0.5494 0.0401 0.2202 0.0155 
        D435  2 0.0359 0.0506 0.0418 0.1870 0.5934 0.0173 0.0543 0.0197 
        D436  2 0.0516 0.5040 0.0279 0.0322 0.1466 0.1188 0.0662 0.0527 
        D438  2 0.0237 0.0217 0.0181 0.8489 0.0172 0.0189 0.0256 0.0259 
        D439  2 0.0565 0.6165 0.0793 0.0370 0.0622 0.0207 0.1097 0.0180 
        D449  2 0.0624 0.0288 0.0389 0.3345 0.1250 0.0272 0.3557 0.0275 
        D450  2 0.0688 0.2991 0.0622 0.0238 0.1276 0.0795 0.2118 0.1273 
        D456  2 0.0283 0.0204 0.0147 0.0162 0.8476 0.0149 0.0382 0.0197 
        D462  2 0.0256 0.1237 0.0138 0.7190 0.0456 0.0224 0.0336 0.0162 
        D463  2 0.0187 0.0268 0.0192 0.0143 0.8336 0.0206 0.0289 0.0379 
        D464  2 0.0214 0.3737 0.0258 0.0525 0.0647 0.1693 0.2628 0.0297 
        D465  2 0.0505 0.0301 0.0586 0.4363 0.2131 0.0617 0.1237 0.0261 
        D473  2 0.0757 0.1255 0.1154 0.0500 0.0287 0.0682 0.0583 0.4782 
        D474  2 0.0733 0.0457 0.0537 0.0807 0.5642 0.0204 0.0626 0.0992 
        D476  2 0.3522 0.4779 0.0175 0.0566 0.0224 0.0216 0.0330 0.0190 
        D477  2 0.0332 0.4015 0.1510 0.0380 0.1964 0.0359 0.0901 0.0540 
        D478  2 0.3350 0.0815 0.0349 0.0547 0.0411 0.1410 0.2011 0.1108 
        D480  2 0.0403 0.2911 0.0439 0.0975 0.2268 0.0463 0.1005 0.1535 
        D481  2 0.1338 0.1621 0.1003 0.0558 0.2660 0.0488 0.1148 0.1184 
        D482  2 0.0551 0.3880 0.1395 0.0524 0.0218 0.1011 0.1049 0.1372 
        D483  2 0.0461 0.0217 0.0201 0.7374 0.0231 0.0290 0.0295 0.0931 
        D484  2 0.0219 0.7925 0.0169 0.0331 0.0120 0.0605 0.0325 0.0305 
        D510  2 0.0304 0.0477 0.0415 0.0542 0.0284 0.1681 0.0608 0.5690 
        D511  2 0.0458 0.6522 0.0471 0.0556 0.0803 0.0342 0.0555 0.0292 
        D512  2 0.0884 0.0450 0.2763 0.1528 0.0270 0.2393 0.1508 0.0205 
        D513  2 0.0428 0.0399 0.0503 0.5029 0.0874 0.0507 0.1466 0.0793 
        D635  2 0.4826 0.0321 0.0485 0.0427 0.2618 0.0202 0.0779 0.0342 
        D636  2 0.7545 0.0187 0.1019 0.0149 0.0346 0.0181 0.0335 0.0237 
        D637  2 0.0409 0.3057 0.1101 0.1869 0.0352 0.0864 0.1686 0.0663 
        D658  2 0.0345 0.2501 0.0442 0.3823 0.0276 0.0889 0.0715 0.1009 
        D659  2 0.0620 0.0718 0.0244 0.0395 0.6524 0.0232 0.0801 0.0467 
        D677  2 0.1920 0.0451 0.1080 0.0739 0.3259 0.1106 0.1154 0.0291 
        D678  2 0.0495 0.0318 0.0548 0.4891 0.0280 0.1793 0.1492 0.0183 
        D679  2 0.0543 0.0855 0.1183 0.0901 0.3407 0.0359 0.2018 0.0734 
        D719  2 0.0194 0.0528 0.0577 0.1535 0.1816 0.0298 0.0537 0.4515 
        D720  2 0.0307 0.0164 0.0434 0.0310 0.7303 0.0247 0.0531 0.0704 
        D721  2 0.7041 0.0494 0.0260 0.0517 0.0402 0.0154 0.0647 0.0486 
        D722  2 0.0270 0.0399 0.0878 0.0663 0.0342 0.4835 0.0861 0.1752 
        D734  2 0.0164 0.6993 0.0229 0.0569 0.0258 0.0309 0.0407 0.1070 
        D735  2 0.0589 0.0988 0.2558 0.0644 0.2287 0.0531 0.1447 0.0955 
        D736  2 0.0704 0.0749 0.0491 0.1194 0.0888 0.0330 0.1084 0.4560 
        D737  2 0.0833 0.2039 0.0543 0.4351 0.0236 0.0787 0.0663 0.0549 
        D807  2 0.0570 0.0895 0.1512 0.0831 0.1818 0.0823 0.0902 0.2648 
        D808  2 0.1043 0.0867 0.1302 0.1189 0.0897 0.1647 0.2668 0.0387 
        D817  2 0.0486 0.1160 0.2644 0.0300 0.3178 0.0802 0.0991 0.0439 
        D818  2 0.1532 0.0392 0.0227 0.3346 0.0694 0.0556 0.2891 0.0364 
        D819  2 0.0773 0.0447 0.4139 0.0401 0.1682 0.0933 0.1225 0.0400 
        D820  2 0.0255 0.1106 0.0148 0.0494 0.7043 0.0194 0.0456 0.0303 
        D895  2 0.0997 0.0878 0.1743 0.0341 0.3782 0.0337 0.1504 0.0418 
        D896  2 0.0279 0.0252 0.7027 0.0198 0.0239 0.1039 0.0385 0.0581 
        D897  2 0.0359 0.0502 0.1156 0.4782 0.0323 0.0660 0.1949 0.0270 
        D898  2 0.0609 0.0748 0.3033 0.0613 0.0621 0.2126 0.1578 0.0672 
        D918  2 0.1841 0.1423 0.1385 0.0850 0.0442 0.0742 0.2291 0.1025 
        D919  2 0.0652 0.3500 0.0292 0.1183 0.1461 0.0634 0.1940 0.0338 
        D920  2 0.6582 0.0411 0.0527 0.0311 0.0413 0.0720 0.0412 0.0624 
        D923  2 0.0283 0.1274 0.0315 0.0343 0.6498 0.0339 0.0684 0.0264 
        D930  2 0.0333 0.2041 0.1223 0.0458 0.1845 0.0821 0.2132 0.1147 
        D931  2 0.0647 0.3286 0.0553 0.1038 0.2536 0.0751 0.0745 0.0444 
        D968  2 0.0151 0.0237 0.0151 0.8599 0.0287 0.0177 0.0228 0.0170 
        D969  2 0.0471 0.0612 0.0690 0.2317 0.2838 0.0689 0.1439 0.0944 
        D977  2 0.0403 0.0358 0.0245 0.6979 0.0373 0.0328 0.1062 0.0252 
        D978  2 0.0339 0.0469 0.0523 0.3018 0.0362 0.2487 0.2302 0.0500 
        D211  3 0.6329 0.0500 0.0662 0.0251 0.0862 0.0240 0.0809 0.0348 
     D229639  3 0.0326 0.0344 0.0883 0.3248 0.0981 0.0660 0.0938 0.2620 
     D237212  3 0.1040 0.3661 0.1020 0.1023 0.0818 0.0579 0.1438 0.0422 
     D237213  3 0.0930 0.1065 0.4211 0.0392 0.0497 0.0966 0.1734 0.0206 
     D237214  3 0.8184 0.0224 0.0155 0.0131 0.0209 0.0263 0.0569 0.0264 
     D237215  3 0.0179 0.0216 0.0510 0.6083 0.0198 0.1428 0.0402 0.0984 
     D237216  3 0.1024 0.0482 0.0766 0.0280 0.0427 0.0469 0.6216 0.0335 
     D237217  3 0.2985 0.0365 0.1482 0.0484 0.1122 0.0239 0.3095 0.0228 
     D237218  3 0.0663 0.3707 0.0564 0.0835 0.0981 0.0337 0.1566 0.1346 
     D237219  3 0.0641 0.0247 0.5867 0.0349 0.0506 0.0617 0.0846 0.0926 
     D237382  3 0.0514 0.0399 0.1082 0.0500 0.0801 0.4886 0.1049 0.0769 
     D244127  3 0.0639 0.0390 0.5296 0.1078 0.0284 0.0717 0.1349 0.0247 
     D244129  3 0.1687 0.0978 0.1520 0.1101 0.1261 0.0939 0.1873 0.0641 
     D244133  3 0.1120 0.0170 0.2962 0.1000 0.0945 0.1109 0.1368 0.1326 
     D244134  3 0.0484 0.0319 0.3036 0.0680 0.0427 0.0218 0.0680 0.4155 
     D244135  3 0.7377 0.0279 0.0358 0.0482 0.0472 0.0254 0.0590 0.0188 
     D244136  3 0.0933 0.0377 0.1153 0.0904 0.2212 0.1008 0.1393 0.2021 
        D416  3 0.1018 0.0724 0.3155 0.1151 0.1058 0.0445 0.2044 0.0405 
        D417  3 0.0447 0.0417 0.0351 0.0196 0.7071 0.0669 0.0497 0.0352 
        D419  3 0.0963 0.0650 0.2955 0.1296 0.1340 0.0404 0.1595 0.0796 
        D565  3 0.0248 0.0180 0.0352 0.0203 0.0549 0.0190 0.0316 0.7961 
        D566  3 0.0320 0.0235 0.0576 0.2104 0.0685 0.0714 0.1036 0.4330 
        D567  3 0.0752 0.0823 0.1240 0.0348 0.5519 0.0405 0.0661 0.0251 
        D568  3 0.1605 0.2221 0.1323 0.1184 0.1604 0.0524 0.1297 0.0243 
        D569  3 0.0893 0.5000 0.0424 0.0741 0.0297 0.0882 0.1322 0.0440 
        D573  3 0.0351 0.0389 0.0416 0.5201 0.1519 0.0322 0.1131 0.0670 
        D574  3 0.0777 0.0494 0.0932 0.0478 0.0425 0.1814 0.1373 0.3708 
        D575  3 0.0771 0.0337 0.5998 0.0400 0.0586 0.0274 0.0774 0.0860 
        D576  3 0.0435 0.0226 0.0342 0.6834 0.0098 0.1288 0.0447 0.0329 
        D577  3 0.1027 0.0715 0.0581 0.0278 0.5472 0.0808 0.0666 0.0453 
        D578  3 0.8050 0.0179 0.0293 0.0303 0.0177 0.0283 0.0512 0.0202 
        D579  3 0.0712 0.1543 0.0975 0.1070 0.1874 0.0437 0.1370 0.2020 
        D660  3 0.0867 0.0813 0.1718 0.3295 0.0276 0.0988 0.1839 0.0204 
        D661  3 0.1017 0.1385 0.0374 0.4434 0.0334 0.0383 0.1828 0.0246 
        D663  3 0.0360 0.0472 0.0218 0.5783 0.0465 0.0831 0.1301 0.0570 
        D664  3 0.1556 0.0369 0.3589 0.1292 0.0264 0.0935 0.1431 0.0563 
        D665  3 0.1604 0.1066 0.1898 0.0451 0.0220 0.2253 0.2355 0.0152 
        D666  3 0.0321 0.0320 0.6888 0.0297 0.0504 0.0292 0.0534 0.0843 
        D009  4 0.2159 0.2111 0.1093 0.0241 0.1413 0.1178 0.1478 0.0328 
        D057  4 0.2341 0.4205 0.0164 0.1669 0.0446 0.0328 0.0502 0.0346 
        D109  4 0.0799 0.0453 0.5790 0.0249 0.0455 0.0638 0.1099 0.0517 
     D237222  4 0.5290 0.0387 0.0429 0.0387 0.0474 0.1216 0.0499 0.1319 
     D237223  4 0.1857 0.0806 0.1214 0.0912 0.0589 0.1079 0.2228 0.1316 
     D237224  4 0.0675 0.2752 0.0976 0.2190 0.1243 0.0728 0.0961 0.0474 
     D237225  4 0.1644 0.1422 0.0819 0.0380 0.1549 0.0960 0.2705 0.0522 
     D237299  4 0.0900 0.0374 0.0621 0.0394 0.0213 0.2318 0.4541 0.0639 
     D237300  4 0.0333 0.0425 0.1278 0.5512 0.0271 0.0349 0.1162 0.0670 
     D237306  4 0.0539 0.0560 0.0697 0.0340 0.1071 0.1852 0.1109 0.3832 
     D237307  4 0.0612 0.0321 0.0703 0.0641 0.3778 0.0975 0.0990 0.1979 
     D237308  4 0.0656 0.2648 0.0965 0.3216 0.0528 0.0437 0.0722 0.0827 
     D237309  4 0.2318 0.1100 0.0675 0.0520 0.1936 0.1092 0.2001 0.0358 
     D237317  4 0.0603 0.0428 0.0738 0.0362 0.1845 0.0621 0.1972 0.3431 
     D237318  4 0.0183 0.0160 0.0300 0.7134 0.0306 0.0380 0.0894 0.0643 
     D237319  4 0.1747 0.0439 0.0802 0.0547 0.0878 0.2912 0.2096 0.0578 
     D237320  4 0.3196 0.0412 0.0875 0.1470 0.1134 0.0454 0.1891 0.0567 
     D237321  4 0.0688 0.0332 0.0856 0.4395 0.0806 0.0650 0.1067 0.1206 
     D237397  4 0.1577 0.0490 0.0957 0.1370 0.0891 0.1180 0.1375 0.2160 
     D237398  4 0.0882 0.0636 0.0230 0.3116 0.0935 0.0550 0.3145 0.0508 
     D237399  4 0.1406 0.0571 0.0437 0.0940 0.1076 0.1014 0.1364 0.3193 
     D244001  4 0.5172 0.0862 0.0358 0.0675 0.0499 0.1357 0.0810 0.0267 
        D289  4 0.0669 0.3495 0.0364 0.0932 0.0820 0.0331 0.1095 0.2293 
        D290  4 0.0393 0.0293 0.0190 0.0338 0.0710 0.7306 0.0469 0.0300 
        D294  4 0.0857 0.2674 0.0273 0.0369 0.1114 0.2130 0.2046 0.0538 
        D295  4 0.0526 0.1108 0.1935 0.0417 0.3057 0.1563 0.0859 0.0534 
        D301  4 0.5646 0.0401 0.0736 0.0487 0.0249 0.1416 0.0466 0.0599 
        D302  4 0.0420 0.7415 0.0199 0.0167 0.0675 0.0565 0.0369 0.0191 
        D303  4 0.0485 0.1251 0.0992 0.0541 0.0503 0.0779 0.0691 0.4758 
        D304  4 0.0544 0.0455 0.0282 0.0464 0.1042 0.4888 0.0975 0.1350 
        D305  4 0.0497 0.3943 0.0379 0.0936 0.0264 0.0677 0.3151 0.0154 
        D306  4 0.0383 0.0242 0.0329 0.0196 0.0427 0.7648 0.0520 0.0257 
        D307  4 0.6645 0.0797 0.0474 0.0319 0.0208 0.0324 0.0315 0.0918 
        D327  4 0.0459 0.0552 0.0321 0.0541 0.5813 0.0613 0.1042 0.0659 
        D328  4 0.0380 0.4911 0.0644 0.0281 0.0297 0.1787 0.0645 0.1055 
        D329  4 0.1054 0.2747 0.0984 0.1167 0.0801 0.1026 0.1685 0.0536 
        D330  4 0.1375 0.0741 0.1154 0.0459 0.3115 0.1131 0.1834 0.0193 
        D331  4 0.0724 0.0410 0.0903 0.0559 0.1831 0.3374 0.1149 0.1049 
        D333  4 0.0911 0.2812 0.1273 0.0696 0.0943 0.1528 0.0846 0.0991 
        D334  4 0.1035 0.0869 0.0328 0.0233 0.0697 0.0677 0.0733 0.5427 
        D335  4 0.0391 0.4928 0.0292 0.0339 0.1837 0.1007 0.0784 0.0421 
        D370  4 0.0416 0.0654 0.2526 0.0339 0.0405 0.4630 0.0631 0.0399 
        D371  4 0.0189 0.0428 0.0422 0.0281 0.1953 0.0536 0.0528 0.5662 
        D372  4 0.0268 0.0256 0.0694 0.3393 0.0190 0.2198 0.2235 0.0767 
        D373  4 0.6308 0.0979 0.0378 0.0940 0.0429 0.0218 0.0490 0.0258 
        D455  4 0.6865 0.1087 0.0274 0.0384 0.0413 0.0336 0.0338 0.0303 
        D490  4 0.7914 0.0482 0.0287 0.0137 0.0290 0.0388 0.0255 0.0247 
        D497  4 0.6867 0.0845 0.0629 0.0260 0.0188 0.0456 0.0480 0.0273 
        D498  4 0.0608 0.0268 0.0970 0.0453 0.0760 0.4867 0.0795 0.1279 
        D499  4 0.0278 0.1789 0.1007 0.2252 0.0266 0.0933 0.2093 0.1382 
        D514  4 0.0739 0.1536 0.0682 0.0432 0.2837 0.2379 0.1171 0.0223 
        D515  4 0.2557 0.0520 0.0727 0.0331 0.0563 0.2464 0.2428 0.0410 
        D516  4 0.0766 0.0348 0.3635 0.0731 0.1764 0.0879 0.1212 0.0665 
        D517  4 0.5867 0.0361 0.0625 0.0721 0.0763 0.0276 0.1150 0.0237 
        D518  4 0.1810 0.5691 0.0164 0.0415 0.0458 0.0584 0.0378 0.0501 
        D519  4 0.3810 0.0352 0.0824 0.0806 0.0704 0.0375 0.2710 0.0419 
        D560  4 0.2144 0.1046 0.0559 0.0829 0.1436 0.1039 0.2625 0.0322 
        D561  4 0.2607 0.0771 0.0246 0.0458 0.0828 0.0869 0.4047 0.0174 
        D562  4 0.2207 0.1700 0.0514 0.0798 0.0606 0.2074 0.1396 0.0706 
        D563  4 0.0869 0.2154 0.0485 0.3355 0.0392 0.0550 0.1969 0.0226 
        D572  4 0.0488 0.7397 0.0208 0.0276 0.0509 0.0533 0.0346 0.0243 
        D629  4 0.3099 0.1145 0.1499 0.0365 0.2322 0.0322 0.0969 0.0280 
        D630  4 0.2443 0.1110 0.0344 0.0473 0.1221 0.2633 0.1053 0.0723 
        D631  4 0.0372 0.7536 0.0183 0.0624 0.0223 0.0419 0.0380 0.0264 
        D632  4 0.3256 0.2657 0.1038 0.1236 0.0519 0.0412 0.0667 0.0214 
        D646  4 0.1058 0.0626 0.1423 0.0719 0.2963 0.0537 0.2300 0.0374 
        D647  4 0.1101 0.0646 0.0458 0.0645 0.4952 0.1246 0.0767 0.0186 
        D648  4 0.0225 0.3954 0.0259 0.0213 0.0200 0.4425 0.0355 0.0369 
        D649  4 0.0855 0.2929 0.2328 0.0223 0.2423 0.0327 0.0611 0.0306 
        D650  4 0.1363 0.1896 0.0777 0.0447 0.1962 0.0951 0.1426 0.1179 
        D708  4 0.0519 0.3760 0.0872 0.0394 0.0618 0.1089 0.1235 0.1514 
        D709  4 0.0203 0.0448 0.0855 0.0250 0.0424 0.6946 0.0588 0.0285 
        D738  4 0.1009 0.0386 0.0732 0.0240 0.1168 0.0585 0.0668 0.5213 
        D739  4 0.2865 0.0900 0.0555 0.0393 0.0402 0.3235 0.1235 0.0415 
        D740  4 0.0639 0.1143 0.2271 0.0733 0.0322 0.0506 0.2819 0.1567 
        D741  4 0.1008 0.0442 0.0546 0.1351 0.2054 0.0404 0.3998 0.0197 
        D742  4 0.0806 0.1100 0.0650 0.3098 0.0462 0.0568 0.1890 0.1427 
        D743  4 0.0336 0.4704 0.0208 0.0464 0.3200 0.0257 0.0531 0.0300 
        D744  4 0.0232 0.8129 0.0212 0.0268 0.0253 0.0232 0.0483 0.0192 
        D745  4 0.4717 0.0442 0.1098 0.0329 0.0374 0.0441 0.2281 0.0319 
        D814  4 0.1051 0.1041 0.0223 0.1766 0.0555 0.0960 0.4138 0.0266 
        D815  4 0.0365 0.3876 0.0775 0.0384 0.1347 0.2229 0.0679 0.0345 
        D828  4 0.0259 0.0509 0.0376 0.0487 0.0144 0.7265 0.0458 0.0502 
        D845  4 0.0214 0.0406 0.0365 0.5858 0.0351 0.0194 0.0473 0.2138 
        D846  4 0.1501 0.4284 0.0352 0.0983 0.0999 0.0610 0.1137 0.0135 
        D847  4 0.2906 0.0771 0.0619 0.0737 0.1109 0.1051 0.1544 0.1263 
        D848  4 0.6317 0.0503 0.0255 0.1631 0.0167 0.0315 0.0484 0.0327 
        D849  4 0.2917 0.0792 0.1668 0.0415 0.0562 0.1799 0.1613 0.0233 
        D850  4 0.2993 0.0562 0.0462 0.1015 0.1200 0.0263 0.2393 0.1112 
        D856  4 0.0686 0.0674 0.1646 0.0315 0.0670 0.2808 0.2739 0.0461 
        D857  4 0.0581 0.0315 0.5073 0.0566 0.0140 0.2549 0.0466 0.0309 
        D859  4 0.0368 0.6585 0.0235 0.0533 0.0713 0.0639 0.0620 0.0309 
        D860  4 0.0394 0.0822 0.0310 0.1233 0.0815 0.0267 0.0678 0.5481 
        D883  4 0.2165 0.0986 0.1730 0.0359 0.2172 0.1037 0.0780 0.0772 
        D884  4 0.0979 0.1109 0.1958 0.0230 0.1274 0.1881 0.1722 0.0846 
        D885  4 0.0684 0.1677 0.0723 0.0844 0.1329 0.0331 0.3976 0.0436 
        D886  4 0.2008 0.0553 0.1001 0.0555 0.1805 0.2780 0.0972 0.0325 
        D887  4 0.0660 0.1628 0.1062 0.2100 0.1320 0.0935 0.1360 0.0935 
        D889  4 0.0347 0.0992 0.0259 0.1398 0.0689 0.3822 0.1799 0.0693 
        D890  4 0.0969 0.1503 0.3156 0.0665 0.0449 0.1627 0.0855 0.0776 
        D891  4 0.0210 0.0175 0.0302 0.7536 0.0227 0.0157 0.0570 0.0824 
        D899  4 0.0450 0.0947 0.0423 0.4880 0.0428 0.1072 0.0733 0.1066 
        D900  4 0.1307 0.1374 0.0631 0.0836 0.1348 0.1957 0.1784 0.0764 
        D970  4 0.0851 0.4755 0.0572 0.0543 0.1365 0.0461 0.0867 0.0587 
        D971  4 0.0320 0.1728 0.0552 0.3808 0.0724 0.0831 0.1330 0.0707 
        D979  4 0.0284 0.3266 0.0237 0.0330 0.3672 0.0976 0.0808 0.0427 
        D093  5 0.0386 0.0297 0.0326 0.0320 0.0507 0.0588 0.0366 0.7212 
        D154  5 0.0273 0.0577 0.1277 0.2660 0.0318 0.1205 0.3149 0.0541 
        D168  5 0.1424 0.0382 0.1996 0.2072 0.0869 0.0771 0.2276 0.0209 
        D189  5 0.0312 0.0380 0.0299 0.0805 0.0458 0.2564 0.0787 0.4397 
        D190  5 0.0210 0.0846 0.1050 0.0327 0.0415 0.0542 0.0427 0.6182 
     D237220  5 0.2242 0.1323 0.1054 0.0327 0.0386 0.1118 0.1369 0.2181 
     D237221  5 0.0486 0.1119 0.1526 0.1382 0.0769 0.0605 0.0803 0.3309 
     D237274  5 0.0352 0.1824 0.0558 0.0487 0.4844 0.0769 0.0935 0.0231 
     D237275  5 0.0249 0.0192 0.0465 0.5808 0.0200 0.2190 0.0608 0.0286 
     D237276  5 0.0770 0.0633 0.2113 0.0367 0.1387 0.2057 0.0931 0.1743 
     D237277  5 0.0228 0.0778 0.1167 0.0598 0.0339 0.0319 0.0560 0.6012 
     D237278  5 0.0774 0.1084 0.0959 0.2383 0.0628 0.0791 0.1332 0.2049 
     D237279  5 0.1914 0.1023 0.2618 0.0297 0.0517 0.0195 0.3181 0.0255 
     D237280  5 0.0669 0.0444 0.6750 0.0159 0.0727 0.0357 0.0508 0.0385 
     D237281  5 0.0267 0.0304 0.0295 0.6902 0.0467 0.0261 0.0921 0.0583 
     D237351  5 0.0277 0.0217 0.8300 0.0214 0.0183 0.0219 0.0231 0.0359 
     D237352  5 0.3574 0.2447 0.0714 0.0430 0.0778 0.0671 0.0780 0.0606 
     D237353  5 0.0148 0.0464 0.2020 0.0240 0.0221 0.0327 0.0325 0.6256 
     D237359  5 0.2010 0.1372 0.0931 0.0497 0.0657 0.1000 0.2047 0.1486 
     D237361  5 0.0176 0.0213 0.0476 0.0218 0.0286 0.0356 0.0357 0.7917 
     D237362  5 0.0526 0.0768 0.3789 0.0575 0.1560 0.0611 0.1288 0.0882 
     D237363  5 0.0418 0.0233 0.0614 0.0978 0.0340 0.0596 0.6332 0.0489 
     D237364  5 0.1601 0.1795 0.0510 0.1490 0.1068 0.1362 0.1979 0.0195 
     D237376  5 0.0213 0.0703 0.0226 0.0361 0.0146 0.7508 0.0299 0.0544 
     D237377  5 0.0554 0.0585 0.4656 0.0339 0.1188 0.0226 0.1402 0.1049 
     D237378  5 0.0499 0.1420 0.0442 0.0803 0.0354 0.1714 0.0710 0.4058 
     D237379  5 0.0431 0.3501 0.0332 0.0353 0.0415 0.1603 0.1112 0.2253 
     D237380  5 0.0526 0.1073 0.4182 0.0184 0.0410 0.2300 0.0770 0.0554 
     D237381  5 0.2264 0.1240 0.1906 0.0708 0.0618 0.1314 0.1110 0.0839 
     D237391  5 0.0233 0.0258 0.0285 0.0213 0.0263 0.0156 0.0249 0.8343 
     D237392  5 0.0497 0.0822 0.0657 0.1819 0.3157 0.1262 0.1462 0.0324 
     D237393  5 0.0541 0.0419 0.1705 0.0528 0.3738 0.0621 0.0610 0.1839 
     D237394  5 0.0238 0.0386 0.0815 0.0153 0.0263 0.0176 0.0230 0.7740 
     D237395  5 0.0830 0.0286 0.1294 0.0774 0.0499 0.2272 0.1127 0.2919 
     D237396  5 0.1281 0.0680 0.0607 0.0763 0.3011 0.0181 0.1302 0.2175 
     D244016  5 0.0296 0.2201 0.1819 0.0614 0.0323 0.0633 0.2124 0.1990 
     D244018  5 0.1021 0.0426 0.0569 0.2759 0.0855 0.0347 0.1232 0.2791 
     D244019  5 0.0352 0.0946 0.2392 0.0977 0.1142 0.1400 0.2180 0.0611 
        D279  5 0.0381 0.2087 0.1160 0.1216 0.0622 0.0450 0.2918 0.1166 
        D280  5 0.0966 0.0406 0.1635 0.0811 0.1057 0.0705 0.1933 0.2487 
        D281  5 0.0274 0.0334 0.0247 0.5227 0.0341 0.0770 0.1276 0.1531 
        D283  5 0.0364 0.0472 0.1352 0.0376 0.1389 0.0226 0.1034 0.4786 
        D284  5 0.3170 0.0587 0.0760 0.0513 0.0730 0.1740 0.2043 0.0458 
        D285  5 0.0418 0.0770 0.0528 0.0424 0.0873 0.0733 0.0907 0.5347 
        D286  5 0.0833 0.1276 0.0598 0.0401 0.0971 0.2706 0.1083 0.2131 
        D287  5 0.0529 0.1101 0.0528 0.0295 0.0170 0.5722 0.0695 0.0960 
        D288  5 0.0540 0.0298 0.2943 0.0922 0.2148 0.0377 0.1712 0.1061 
        D308  5 0.0285 0.0268 0.6904 0.0228 0.1034 0.0322 0.0570 0.0390 
        D309  5 0.0414 0.7892 0.0256 0.0138 0.0239 0.0300 0.0537 0.0223 
        D310  5 0.0188 0.0235 0.0287 0.0211 0.0331 0.0560 0.1239 0.6948 
        D311  5 0.0486 0.1301 0.0927 0.0463 0.1401 0.2944 0.1364 0.1115 
        D312  5 0.1050 0.2401 0.0962 0.0514 0.1163 0.1580 0.0999 0.1330 
        D313  5 0.3822 0.0135 0.4802 0.0159 0.0167 0.0190 0.0325 0.0401 
        D314  5 0.0824 0.1299 0.1701 0.1201 0.0447 0.1600 0.2108 0.0820 
        D315  5 0.0881 0.0567 0.1691 0.0440 0.2310 0.1130 0.1048 0.1933 
        D317  5 0.0307 0.0184 0.0349 0.0232 0.0654 0.0872 0.0368 0.7035 
        D318  5 0.1702 0.1790 0.0564 0.0770 0.0935 0.1038 0.2524 0.0677 
        D319  5 0.0187 0.0242 0.0969 0.0255 0.0284 0.0360 0.0464 0.7240 
        D320  5 0.0362 0.0772 0.0884 0.0289 0.0349 0.0546 0.0651 0.6147 
        D321  5 0.0244 0.0202 0.7100 0.0428 0.0672 0.0160 0.0438 0.0755 
        D336  5 0.0191 0.0566 0.0248 0.0200 0.0269 0.3423 0.0492 0.4612 
        D337  5 0.0158 0.0322 0.0211 0.0318 0.0298 0.0208 0.0276 0.8210 
        D338  5 0.0524 0.0949 0.0526 0.0721 0.1962 0.0806 0.2224 0.2288 
        D339  5 0.0297 0.0279 0.1010 0.0614 0.0588 0.0676 0.1068 0.5468 
        D347  5 0.0236 0.0432 0.0260 0.0510 0.1037 0.6591 0.0612 0.0322 
        D348  5 0.0264 0.1201 0.0270 0.0317 0.0383 0.0725 0.0642 0.6198 
        D349  5 0.0122 0.0244 0.8770 0.0183 0.0160 0.0175 0.0152 0.0195 
        D350  5 0.0203 0.8405 0.0191 0.0256 0.0199 0.0235 0.0287 0.0224 
        D355  5 0.0242 0.0656 0.0307 0.3235 0.0871 0.1162 0.3195 0.0331 
        D356  5 0.1709 0.0500 0.0498 0.0342 0.2070 0.0946 0.1010 0.2926 
        D357  5 0.0495 0.0601 0.0743 0.0416 0.0742 0.4644 0.1771 0.0589 
        D358  5 0.0847 0.1683 0.0654 0.0539 0.0466 0.0814 0.1224 0.3773 
        D359  5 0.0235 0.1291 0.0834 0.0203 0.1978 0.0281 0.0950 0.4228 
        D360  5 0.1679 0.0398 0.0451 0.0256 0.0981 0.0813 0.0680 0.4741 
        D361  5 0.0195 0.0159 0.8426 0.0208 0.0283 0.0265 0.0211 0.0253 
        D366  5 0.0361 0.0252 0.0214 0.2336 0.5555 0.0305 0.0685 0.0293 
        D367  5 0.0388 0.1388 0.0951 0.0215 0.0322 0.1365 0.1754 0.3617 
        D368  5 0.0355 0.0501 0.4817 0.0282 0.0914 0.0493 0.1606 0.1032 
        D380  5 0.0674 0.5419 0.0832 0.0328 0.0397 0.0261 0.1789 0.0300 
        D381  5 0.0259 0.0800 0.0535 0.0440 0.0638 0.0297 0.1805 0.5227 
        D400  5 0.0546 0.1136 0.0419 0.1036 0.0779 0.3116 0.0990 0.1978 
        D411  5 0.6811 0.0229 0.0513 0.0293 0.0222 0.1207 0.0572 0.0152 
        D412  5 0.1061 0.0546 0.0914 0.0986 0.1035 0.2409 0.2190 0.0859 
        D413  5 0.0746 0.0922 0.0493 0.5449 0.1013 0.0249 0.0834 0.0293 
        D414  5 0.0262 0.7107 0.0269 0.0666 0.0262 0.0594 0.0622 0.0219 
        D420  5 0.3862 0.0249 0.0620 0.0801 0.0275 0.1425 0.2008 0.0760 
        D431  5 0.0630 0.1491 0.2811 0.0736 0.0189 0.1875 0.1750 0.0519 
        D432  5 0.1109 0.0447 0.0702 0.0746 0.0884 0.0555 0.1023 0.4534 
        D433  5 0.0253 0.0317 0.1929 0.0571 0.0844 0.0970 0.0582 0.4534 
        D434  5 0.0584 0.0412 0.1730 0.0278 0.0920 0.0812 0.1103 0.4160 
        D440  5 0.0194 0.8381 0.0277 0.0152 0.0212 0.0256 0.0270 0.0259 
        D447  5 0.1755 0.1282 0.0268 0.0540 0.2158 0.1028 0.2660 0.0309 
        D448  5 0.0262 0.0405 0.0431 0.0398 0.0726 0.5391 0.0705 0.1682 
        D459  5 0.0234 0.0736 0.0210 0.6751 0.0711 0.0333 0.0642 0.0382 
        D460  5 0.0194 0.0260 0.8042 0.0170 0.0537 0.0141 0.0292 0.0364 
        D461  5 0.0197 0.8079 0.0254 0.0136 0.0733 0.0179 0.0227 0.0195 
        D468  5 0.0641 0.0430 0.2629 0.0550 0.1676 0.1657 0.1672 0.0745 
        D469  5 0.0647 0.0783 0.1125 0.0290 0.4890 0.0502 0.0931 0.0833 
        D470  5 0.1820 0.1011 0.0917 0.0354 0.0762 0.3155 0.1366 0.0616 
        D471  5 0.0188 0.0593 0.0429 0.0497 0.0669 0.2850 0.0761 0.4013 
        D472  5 0.0225 0.0205 0.0262 0.1283 0.6987 0.0175 0.0524 0.0339 
        D479  5 0.0301 0.1298 0.0390 0.5449 0.0360 0.1345 0.0635 0.0222 
        D485  5 0.0510 0.1399 0.0337 0.0426 0.0322 0.5738 0.0894 0.0374 
        D486  5 0.1285 0.0465 0.0994 0.0303 0.1060 0.3850 0.1574 0.0467 
        D487  5 0.0493 0.1935 0.0622 0.2029 0.0487 0.0960 0.1117 0.2356 
        D555  5 0.0276 0.0295 0.0320 0.0538 0.0312 0.0540 0.0268 0.7450 
        D556  5 0.0512 0.2747 0.3114 0.0548 0.0429 0.0532 0.0948 0.1170 
        D557  5 0.0203 0.0500 0.1491 0.0356 0.0423 0.0428 0.0373 0.6227 
        D564  5 0.0554 0.3962 0.1806 0.0319 0.0527 0.0626 0.0818 0.1388 
        D594  5 0.0532 0.0544 0.0561 0.0697 0.1819 0.3799 0.1686 0.0363 
        D595  5 0.0501 0.0937 0.0809 0.0854 0.1790 0.0847 0.1496 0.2765 
        D596  5 0.0268 0.0217 0.0483 0.0433 0.0336 0.0889 0.0321 0.7052 
        D597  5 0.0300 0.1193 0.0615 0.2380 0.1189 0.0424 0.0874 0.3025 
        D598  5 0.1354 0.1137 0.0765 0.0480 0.1060 0.0668 0.0938 0.3598 
        D617  5 0.5268 0.0253 0.0857 0.1040 0.0321 0.1063 0.1034 0.0163 
        D618  5 0.0368 0.1025 0.0928 0.0507 0.0639 0.0437 0.0695 0.5402 
        D619  5 0.0304 0.0415 0.3587 0.0416 0.2063 0.1555 0.1065 0.0595 
        D620  5 0.0291 0.0291 0.0350 0.7514 0.0637 0.0192 0.0321 0.0404 
        D628  5 0.0732 0.6054 0.0274 0.0277 0.0303 0.1216 0.0467 0.0676 
        D714  5 0.0313 0.3638 0.0585 0.1352 0.0232 0.1146 0.1131 0.1602 
        D715  5 0.0201 0.0613 0.0740 0.0479 0.0648 0.0268 0.0354 0.6697 
        D716  5 0.0355 0.0637 0.0218 0.0600 0.0638 0.6384 0.0813 0.0354 
        D717  5 0.1218 0.1267 0.0980 0.0471 0.2156 0.0524 0.0973 0.2411 
        D718  5 0.0321 0.0202 0.0262 0.0280 0.0273 0.7700 0.0708 0.0253 
        D769  5 0.4844 0.0342 0.0331 0.0581 0.0294 0.2267 0.1059 0.0283 
        D770  5 0.0455 0.3057 0.0469 0.1654 0.0515 0.1208 0.1838 0.0804 
        D771  5 0.1192 0.0699 0.0735 0.1757 0.0485 0.2866 0.1471 0.0796 
        D772  5 0.0627 0.5738 0.0901 0.0380 0.0300 0.0572 0.0485 0.0996 
        D782  5 0.0825 0.0298 0.1709 0.1913 0.0390 0.0337 0.3973 0.0555 
        D783  5 0.0306 0.3486 0.0546 0.1834 0.0210 0.0738 0.1475 0.1406 
        D784  5 0.0531 0.4166 0.0579 0.0491 0.1868 0.0297 0.0815 0.1251 
        D785  5 0.0375 0.1235 0.3440 0.0217 0.0326 0.0470 0.0431 0.3507 
        D786  5 0.3359 0.1052 0.0549 0.0521 0.1488 0.1978 0.0809 0.0244 
        D821  5 0.0131 0.0377 0.0326 0.0145 0.0149 0.0218 0.0242 0.8412 
        D822  5 0.0322 0.1704 0.1085 0.0796 0.1770 0.1211 0.2046 0.1067 
        D826  5 0.0275 0.0818 0.1226 0.1729 0.0591 0.0683 0.1288 0.3389 
        D827  5 0.0699 0.0967 0.0273 0.0991 0.2736 0.0835 0.3080 0.0419 
        D851  5 0.0898 0.0768 0.0957 0.0583 0.0861 0.0823 0.3696 0.1414 
        D852  5 0.0319 0.5114 0.0914 0.0830 0.0257 0.0415 0.0637 0.1514 
        D853  5 0.0613 0.0454 0.0809 0.0592 0.1042 0.2296 0.1336 0.2859 
        D854  5 0.0566 0.0765 0.1044 0.1212 0.0688 0.2904 0.2623 0.0198 
        D861  5 0.0545 0.0831 0.0924 0.1301 0.0674 0.1012 0.3597 0.1116 
        D862  5 0.0469 0.0767 0.1176 0.0308 0.3168 0.1556 0.0990 0.1566 
        D865  5 0.0321 0.0489 0.2039 0.0567 0.0276 0.0753 0.0654 0.4901 
        D868  5 0.0459 0.0355 0.0348 0.0414 0.6457 0.0386 0.0430 0.1150 
        D869  5 0.6871 0.0161 0.0985 0.0325 0.0478 0.0354 0.0554 0.0272 
        D870  5 0.2229 0.0322 0.0267 0.0601 0.0618 0.0527 0.5255 0.0181 
        D907  5 0.0577 0.0322 0.0814 0.0281 0.0487 0.1165 0.1284 0.5070 
        D908  5 0.0343 0.1876 0.1753 0.2307 0.0314 0.0610 0.0756 0.2041 
        D910  5 0.0283 0.0576 0.0773 0.2058 0.0803 0.1766 0.1137 0.2603 
        D911  5 0.0256 0.0358 0.0237 0.4478 0.0829 0.0680 0.2595 0.0566 
        D934  5 0.0361 0.3659 0.1163 0.1584 0.0431 0.0618 0.1747 0.0437 
        D946  5 0.0342 0.3759 0.2042 0.0703 0.0221 0.1402 0.1114 0.0416 
        D947  5 0.0805 0.3186 0.1009 0.0526 0.1412 0.1307 0.1329 0.0425 
