        D174  1 0.7665 0.0357 0.1330 0.0647 
        D199  1 0.2325 0.2770 0.0664 0.4242 
        D203  1 0.1097 0.2871 0.2542 0.3491 
        D204  1 0.0345 0.0346 0.0442 0.8866 
     D237366  1 0.1067 0.1431 0.5745 0.1757 
     D237367  1 0.0736 0.0874 0.3724 0.4666 
     D237368  1 0.0696 0.0817 0.5890 0.2597 
     D244101  1 0.0342 0.1745 0.0363 0.7550 
     D244102  1 0.3627 0.1754 0.2678 0.1940 
     D244103  1 0.1201 0.0638 0.4143 0.4017 
     D244104  1 0.1614 0.0667 0.0757 0.6961 
     D244105  1 0.0206 0.0402 0.7899 0.1493 
     D244106  1 0.6388 0.2329 0.0598 0.0685 
     D244107  1 0.0226 0.0625 0.6989 0.2161 
     D244108  1 0.5824 0.0611 0.2500 0.1064 
     D244113  1 0.9117 0.0284 0.0350 0.0249 
     D244114  1 0.2487 0.3385 0.1191 0.2937 
     D244115  1 0.5516 0.0447 0.1710 0.2327 
     D267365  1 0.3823 0.0764 0.0779 0.4634 
        D404  1 0.8667 0.0654 0.0351 0.0329 
        D405  1 0.6158 0.1085 0.1088 0.1669 
        D406  1 0.0306 0.0149 0.9106 0.0438 
        D407  1 0.0418 0.1035 0.2194 0.6352 
        D408  1 0.8190 0.0767 0.0359 0.0684 
        D409  1 0.1478 0.0585 0.4838 0.3099 
        D410  1 0.0357 0.0121 0.8994 0.0528 
        D421  1 0.0580 0.0430 0.0327 0.8663 
        D422  1 0.0119 0.0463 0.9155 0.0264 
        D423  1 0.0167 0.0243 0.9107 0.0483 
        D424  1 0.0409 0.0156 0.0720 0.8715 
        D425  1 0.3928 0.0391 0.0590 0.5091 
        D426  1 0.0732 0.1949 0.4527 0.2792 
        D427  1 0.1357 0.6803 0.0258 0.1581 
        D428  1 0.2938 0.0736 0.1708 0.4618 
        D429  1 0.4016 0.0729 0.0755 0.4500 
        D430  1 0.3082 0.2821 0.1216 0.2881 
        D491  1 0.8702 0.0135 0.0241 0.0922 
        D492  1 0.3745 0.0695 0.1568 0.3993 
        D537  1 0.1036 0.0318 0.1377 0.7269 
        D538  1 0.2332 0.1387 0.4275 0.2007 
        D539  1 0.4293 0.2905 0.2149 0.0654 
        D540  1 0.2195 0.0897 0.1819 0.5089 
        D541  1 0.0199 0.0244 0.0302 0.9255 
        D551  1 0.0432 0.7818 0.0675 0.1074 
        D552  1 0.2618 0.0830 0.3723 0.2829 
        D553  1 0.0273 0.0199 0.0292 0.9236 
        D615  1 0.1579 0.1716 0.2795 0.3910 
        D616  1 0.0990 0.1885 0.3519 0.3606 
        D621  1 0.1397 0.0361 0.7787 0.0455 
        D622  1 0.0463 0.0409 0.8578 0.0550 
        D623  1 0.6402 0.2253 0.0406 0.0939 
        D624  1 0.8018 0.0452 0.0499 0.1031 
        D625  1 0.1383 0.0253 0.1079 0.7285 
        D626  1 0.5491 0.0828 0.2457 0.1224 
        D627  1 0.0839 0.1345 0.3647 0.4169 
        D690  1 0.1272 0.0132 0.0956 0.7640 
        D691  1 0.0304 0.0282 0.8558 0.0856 
        D710  1 0.2057 0.0632 0.0976 0.6335 
        D711  1 0.0785 0.0408 0.1017 0.7791 
        D712  1 0.8012 0.0611 0.0801 0.0577 
        D713  1 0.6805 0.0296 0.0999 0.1900 
        D746  1 0.0206 0.0239 0.9098 0.0457 
        D747  1 0.0203 0.0210 0.0203 0.9383 
        D748  1 0.0843 0.0314 0.5295 0.3548 
        D749  1 0.1427 0.1433 0.6581 0.0559 
        D750  1 0.6161 0.0272 0.0984 0.2584 
        D763  1 0.0616 0.3724 0.1216 0.4444 
        D764  1 0.2445 0.0272 0.1366 0.5917 
        D765  1 0.1307 0.0210 0.7963 0.0520 
        D766  1 0.1005 0.0271 0.6064 0.2660 
        D767  1 0.1457 0.1479 0.3567 0.3496 
        D768  1 0.0203 0.0252 0.0267 0.9278 
        D811  1 0.8527 0.0323 0.0733 0.0417 
        D816  1 0.1178 0.0254 0.0279 0.8289 
        D825  1 0.6037 0.0280 0.2147 0.1536 
        D866  1 0.3578 0.5048 0.0624 0.0750 
        D867  1 0.0312 0.0289 0.9073 0.0326 
        D871  1 0.1852 0.0573 0.4284 0.3291 
        D872  1 0.1335 0.0539 0.3435 0.4690 
        D873  1 0.0158 0.0132 0.9583 0.0127 
        D874  1 0.4130 0.0820 0.0269 0.4782 
        D875  1 0.0800 0.0305 0.6404 0.2491 
        D876  1 0.2089 0.0354 0.1477 0.6080 
        D877  1 0.8850 0.0219 0.0208 0.0724 
        D892  1 0.3267 0.0323 0.2945 0.3465 
        D893  1 0.0606 0.0852 0.1431 0.7111 
        D894  1 0.1408 0.0522 0.1022 0.7048 
        D915  1 0.1289 0.0389 0.2705 0.5617 
        D916  1 0.0468 0.0129 0.0527 0.8875 
        D917  1 0.4646 0.0976 0.0515 0.3862 
        D925  1 0.0932 0.0225 0.7687 0.1156 
        D926  1 0.1697 0.0400 0.0735 0.7167 
        D927  1 0.0762 0.4331 0.0647 0.4260 
        D928  1 0.8511 0.0146 0.0195 0.1149 
        D929  1 0.5020 0.0622 0.2363 0.1994 
        D936  1 0.0990 0.1478 0.0453 0.7079 
        D938  1 0.0267 0.0147 0.9331 0.0254 
        D956  1 0.8879 0.0499 0.0347 0.0274 
        D957  1 0.0938 0.0460 0.5808 0.2794 
        D958  1 0.2192 0.0257 0.3695 0.3855 
        D959  1 0.0266 0.0816 0.1952 0.6966 
        D960  1 0.0245 0.0164 0.9369 0.0221 
        D989  1 0.6658 0.1796 0.0537 0.1009 
        D990  1 0.0330 0.0395 0.9111 0.0165 
        D023  2 0.0224 0.0209 0.5335 0.4233 
        D130  2 0.0213 0.0369 0.8892 0.0526 
        D131  2 0.0795 0.1621 0.1195 0.6388 
        D163  2 0.0292 0.0317 0.8623 0.0767 
        D164  2 0.0153 0.4424 0.5220 0.0203 
        D165  2 0.0178 0.0537 0.6833 0.2453 
        D166  2 0.2008 0.1709 0.4187 0.2097 
        D167  2 0.0420 0.9215 0.0192 0.0173 
        D192  2 0.0159 0.9582 0.0140 0.0120 
        D193  2 0.7402 0.0783 0.1253 0.0562 
        D206  2 0.0749 0.3068 0.2333 0.3849 
        D207  2 0.0660 0.7617 0.0498 0.1226 
        D208  2 0.5234 0.3475 0.0676 0.0614 
        D209  2 0.0794 0.6827 0.0816 0.1562 
        D210  2 0.3722 0.4350 0.0716 0.1213 
     D229599  2 0.1956 0.1537 0.1529 0.4978 
     D229600  2 0.0349 0.4550 0.4698 0.0403 
     D237227  2 0.6240 0.1082 0.1804 0.0874 
     D237228  2 0.4699 0.1228 0.3606 0.0468 
     D237258  2 0.2545 0.3860 0.2114 0.1481 
     D237310  2 0.1576 0.0697 0.7509 0.0218 
     D237311  2 0.0824 0.1757 0.7194 0.0225 
     D237312  2 0.3359 0.0396 0.5690 0.0556 
     D237313  2 0.3178 0.0718 0.2491 0.3613 
     D237322  2 0.1975 0.5803 0.1265 0.0957 
     D237323  2 0.2083 0.0455 0.7249 0.0213 
     D237324  2 0.0283 0.3148 0.5118 0.1451 
     D237325  2 0.2063 0.0897 0.6299 0.0741 
     D237326  2 0.0670 0.0403 0.7094 0.1832 
     D237327  2 0.0811 0.6800 0.0813 0.1575 
     D237337  2 0.0889 0.0220 0.8461 0.0430 
     D237338  2 0.2460 0.1660 0.4717 0.1163 
     D237339  2 0.0443 0.3963 0.0449 0.5144 
     D237340  2 0.3415 0.2563 0.3737 0.0285 
     D237389  2 0.0712 0.0464 0.8347 0.0477 
     D237390  2 0.3678 0.0623 0.4771 0.0928 
     D244017  2 0.5273 0.3377 0.0711 0.0639 
     D244112  2 0.0334 0.8843 0.0650 0.0173 
     D244118  2 0.0231 0.6892 0.2720 0.0157 
     D244119  2 0.4673 0.4503 0.0529 0.0295 
     D244120  2 0.3296 0.5652 0.0816 0.0235 
     D244122  2 0.0954 0.7927 0.0765 0.0354 
        D291  2 0.0970 0.5497 0.1460 0.2072 
        D292  2 0.1705 0.5169 0.0577 0.2549 
        D293  2 0.0139 0.5808 0.0162 0.3890 
        D322  2 0.0224 0.4435 0.0474 0.4866 
        D323  2 0.2879 0.2726 0.0946 0.3449 
        D324  2 0.1333 0.1789 0.2119 0.4759 
        D325  2 0.0118 0.8520 0.0298 0.1064 
        D326  2 0.0352 0.0191 0.0177 0.9280 
        D340  2 0.0122 0.9496 0.0155 0.0227 
        D341  2 0.0277 0.9059 0.0333 0.0331 
        D342  2 0.0506 0.7534 0.1622 0.0338 
        D343  2 0.0090 0.9635 0.0095 0.0181 
        D344  2 0.1378 0.0915 0.1134 0.6572 
        D345  2 0.0866 0.0710 0.2573 0.5851 
        D346  2 0.7242 0.1272 0.0412 0.1074 
        D351  2 0.0367 0.1326 0.1181 0.7126 
        D352  2 0.2844 0.2130 0.1765 0.3260 
        D353  2 0.0294 0.0822 0.0263 0.8621 
        D354  2 0.3840 0.0454 0.1131 0.4575 
        D362  2 0.0914 0.0423 0.0751 0.7912 
        D363  2 0.1594 0.0365 0.0354 0.7686 
        D364  2 0.1706 0.0382 0.0880 0.7032 
        D365  2 0.0142 0.9261 0.0149 0.0448 
        D369  2 0.2424 0.2710 0.1303 0.3563 
        D374  2 0.9530 0.0144 0.0173 0.0153 
        D375  2 0.3025 0.0502 0.1897 0.4576 
        D376  2 0.8900 0.0510 0.0388 0.0202 
        D377  2 0.5237 0.1097 0.2544 0.1121 
        D378  2 0.0270 0.2013 0.0617 0.7101 
        D379  2 0.0455 0.0256 0.0295 0.8994 
        D384  2 0.0423 0.0231 0.0323 0.9023 
        D385  2 0.0390 0.9038 0.0231 0.0341 
        D386  2 0.0440 0.1056 0.0970 0.7534 
        D391  2 0.0198 0.8981 0.0193 0.0627 
        D392  2 0.0603 0.7984 0.0676 0.0737 
        D393  2 0.0264 0.2057 0.0740 0.6939 
        D394  2 0.1196 0.1377 0.5049 0.2378 
        D395  2 0.0633 0.6833 0.0613 0.1922 
        D401  2 0.0711 0.0249 0.8805 0.0234 
        D402  2 0.0191 0.9318 0.0187 0.0304 
        D403  2 0.0739 0.0724 0.2264 0.6273 
        D415  2 0.0245 0.0213 0.1034 0.8508 
        D435  2 0.0158 0.2514 0.0929 0.6399 
        D436  2 0.2680 0.0706 0.1138 0.5476 
        D438  2 0.0271 0.9404 0.0148 0.0177 
        D439  2 0.0317 0.1651 0.1671 0.6361 
        D449  2 0.0202 0.7353 0.0507 0.1938 
        D450  2 0.5024 0.0641 0.1269 0.3065 
        D456  2 0.0176 0.0173 0.0170 0.9481 
        D462  2 0.0139 0.9144 0.0209 0.0508 
        D463  2 0.0229 0.0164 0.0185 0.9422 
        D464  2 0.1301 0.1322 0.0477 0.6899 
        D465  2 0.0430 0.3129 0.1416 0.5024 
        D473  2 0.7997 0.0652 0.0912 0.0439 
        D474  2 0.0788 0.1888 0.0787 0.6537 
        D476  2 0.0211 0.2005 0.6427 0.1356 
        D477  2 0.1769 0.0690 0.0594 0.6947 
        D478  2 0.5093 0.0929 0.1805 0.2174 
        D480  2 0.0962 0.2777 0.0338 0.5923 
        D481  2 0.2063 0.1536 0.1818 0.4583 
        D482  2 0.3852 0.3317 0.1887 0.0944 
        D483  2 0.0452 0.9110 0.0241 0.0197 
        D484  2 0.3921 0.3073 0.1054 0.1953 
        D510  2 0.8880 0.0540 0.0309 0.0271 
        D511  2 0.0486 0.1799 0.0658 0.7057 
        D512  2 0.0492 0.2131 0.6491 0.0886 
        D513  2 0.1014 0.5334 0.0985 0.2667 
        D635  2 0.0432 0.0333 0.1066 0.8168 
        D636  2 0.0268 0.0227 0.9120 0.0385 
        D637  2 0.2955 0.4581 0.1129 0.1335 
        D658  2 0.1749 0.7156 0.0758 0.0338 
        D659  2 0.0275 0.0473 0.0680 0.8572 
        D677  2 0.0741 0.2158 0.3224 0.3877 
        D678  2 0.0627 0.8490 0.0489 0.0394 
        D679  2 0.1010 0.1843 0.0658 0.6489 
        D719  2 0.4481 0.2035 0.0287 0.3198 
        D720  2 0.1417 0.0879 0.0713 0.6991 
        D721  2 0.0318 0.1574 0.4984 0.3124 
        D722  2 0.8987 0.0411 0.0333 0.0269 
        D734  2 0.5752 0.2563 0.0213 0.1473 
        D735  2 0.1215 0.1638 0.1691 0.5456 
        D736  2 0.4864 0.2351 0.0772 0.2013 
        D737  2 0.0744 0.7848 0.0902 0.0505 
        D807  2 0.4957 0.1261 0.0812 0.2970 
        D808  2 0.0716 0.2687 0.4165 0.2432 
        D817  2 0.3236 0.0465 0.1005 0.5295 
        D818  2 0.0477 0.5348 0.1085 0.3090 
        D819  2 0.1990 0.0664 0.2639 0.4708 
        D820  2 0.0307 0.0447 0.0222 0.9025 
        D895  2 0.0602 0.0566 0.1649 0.7183 
        D896  2 0.0411 0.0181 0.9151 0.0257 
        D897  2 0.0629 0.8437 0.0482 0.0452 
        D898  2 0.3447 0.1347 0.2187 0.3019 
        D918  2 0.1828 0.2527 0.4418 0.1227 
        D919  2 0.0339 0.3441 0.0510 0.5710 
        D920  2 0.0303 0.0336 0.9156 0.0206 
        D923  2 0.0581 0.0408 0.0421 0.8590 
        D930  2 0.3256 0.0819 0.0999 0.4926 
        D931  2 0.1520 0.2241 0.0529 0.5710 
        D968  2 0.0137 0.9424 0.0132 0.0307 
        D969  2 0.0749 0.3411 0.0447 0.5394 
        D977  2 0.0220 0.8605 0.0452 0.0723 
        D978  2 0.1401 0.6772 0.0488 0.1339 
        D211  3 0.0525 0.0714 0.7009 0.1752 
     D229639  3 0.1464 0.7202 0.0546 0.0788 
     D237212  3 0.1139 0.3524 0.1595 0.3741 
     D237213  3 0.1033 0.0724 0.5085 0.3157 
     D237214  3 0.0574 0.0214 0.7822 0.1390 
     D237215  3 0.1465 0.8183 0.0172 0.0180 
     D237216  3 0.0605 0.2877 0.3219 0.3299 
     D237217  3 0.0213 0.0751 0.6214 0.2822 
     D237218  3 0.0387 0.5623 0.1244 0.2746 
     D237219  3 0.2232 0.1168 0.5887 0.0713 
     D237382  3 0.3560 0.0965 0.3300 0.2174 
     D244127  3 0.0463 0.1121 0.7778 0.0639 
     D244129  3 0.0934 0.1443 0.3125 0.4498 
     D244133  3 0.4750 0.1841 0.1954 0.1456 
     D244134  3 0.3356 0.3822 0.1956 0.0866 
     D244135  3 0.0298 0.0782 0.7613 0.1307 
     D244136  3 0.5310 0.1189 0.0740 0.2761 
        D416  3 0.0608 0.3569 0.2419 0.3404 
        D417  3 0.0566 0.0342 0.1213 0.7879 
        D419  3 0.1797 0.2128 0.3758 0.2317 
        D565  3 0.8798 0.0285 0.0249 0.0667 
        D566  3 0.4739 0.3674 0.0571 0.1016 
        D567  3 0.0678 0.0389 0.1451 0.7482 
        D568  3 0.0294 0.2048 0.3989 0.3670 
        D569  3 0.1263 0.4099 0.1782 0.2856 
        D573  3 0.0213 0.6993 0.0454 0.2340 
        D574  3 0.7045 0.0800 0.1173 0.0982 
        D575  3 0.3425 0.1213 0.2880 0.2482 
        D576  3 0.0910 0.8675 0.0285 0.0130 
        D577  3 0.1470 0.0546 0.1182 0.6803 
        D578  3 0.0149 0.0241 0.9396 0.0215 
        D579  3 0.2992 0.2578 0.1152 0.3279 
        D660  3 0.0808 0.6757 0.1808 0.0628 
        D661  3 0.0340 0.8174 0.0802 0.0684 
        D663  3 0.0492 0.8582 0.0307 0.0619 
        D664  3 0.4419 0.1351 0.3960 0.0270 
        D665  3 0.0496 0.1452 0.7097 0.0956 
        D666  3 0.4007 0.0685 0.3452 0.1856 
        D009  4 0.0568 0.0628 0.5471 0.3332 
        D057  4 0.0534 0.5816 0.2736 0.0914 
        D109  4 0.1514 0.0300 0.7202 0.0984 
     D237222  4 0.0923 0.0578 0.7997 0.0502 
     D237223  4 0.1449 0.1435 0.6184 0.0931 
     D237224  4 0.0875 0.4543 0.0750 0.3832 
     D237225  4 0.0836 0.1050 0.3854 0.4260 
     D237299  4 0.0917 0.1327 0.7001 0.0754 
     D237300  4 0.0554 0.8992 0.0220 0.0233 
     D237306  4 0.6808 0.0455 0.1619 0.1118 
     D237307  4 0.4223 0.1470 0.0998 0.3309 
     D237308  4 0.1193 0.6658 0.1259 0.0890 
     D237309  4 0.0781 0.1033 0.3117 0.5068 
     D237317  4 0.5652 0.0452 0.0688 0.3208 
     D237318  4 0.0325 0.9281 0.0166 0.0229 
     D237319  4 0.1498 0.1371 0.5094 0.2037 
     D237320  4 0.0693 0.2749 0.4499 0.2059 
     D237321  4 0.1030 0.7390 0.0746 0.0835 
     D237397  4 0.2845 0.3301 0.2723 0.1131 
     D237398  4 0.0269 0.6545 0.0668 0.2518 
     D237399  4 0.2928 0.2209 0.1834 0.3028 
     D244001  4 0.0456 0.1538 0.7338 0.0668 
        D289  4 0.3181 0.2544 0.0820 0.3455 
        D290  4 0.2324 0.2940 0.1827 0.2910 
        D294  4 0.2087 0.2435 0.0840 0.4638 
        D295  4 0.1903 0.0696 0.2281 0.5120 
        D301  4 0.0568 0.0909 0.8283 0.0240 
        D302  4 0.0514 0.0307 0.0344 0.8836 
        D303  4 0.7913 0.0712 0.0787 0.0587 
        D304  4 0.3128 0.3397 0.0528 0.2946 
        D305  4 0.0215 0.4270 0.1434 0.4081 
        D306  4 0.4201 0.0866 0.1156 0.3777 
        D307  4 0.0575 0.0562 0.8659 0.0204 
        D327  4 0.1364 0.0829 0.0484 0.7322 
        D328  4 0.7876 0.0580 0.0685 0.0860 
        D329  4 0.1413 0.4865 0.1600 0.2123 
        D330  4 0.0439 0.0360 0.3631 0.5571 
        D331  4 0.2826 0.2776 0.1828 0.2570 
        D333  4 0.3913 0.2660 0.2053 0.1374 
        D334  4 0.6460 0.0588 0.1240 0.1712 
        D335  4 0.0904 0.0947 0.0408 0.7741 
        D370  4 0.6496 0.0593 0.2044 0.0867 
        D371  4 0.8339 0.0459 0.0230 0.0972 
        D372  4 0.0477 0.9161 0.0181 0.0181 
        D373  4 0.0307 0.2081 0.7173 0.0439 
        D455  4 0.0311 0.0629 0.8636 0.0424 
        D490  4 0.0241 0.0140 0.9415 0.0205 
        D497  4 0.0368 0.0343 0.8928 0.0361 
        D498  4 0.4197 0.2010 0.2498 0.1296 
        D499  4 0.2968 0.5421 0.0585 0.1025 
        D514  4 0.0699 0.0611 0.0674 0.8016 
        D515  4 0.0646 0.0640 0.7423 0.1291 
        D516  4 0.2369 0.1723 0.3657 0.2251 
        D517  4 0.0229 0.0940 0.8213 0.0618 
        D518  4 0.2691 0.2127 0.2992 0.2190 
        D519  4 0.0447 0.1522 0.6960 0.1072 
        D560  4 0.0362 0.2605 0.5305 0.1728 
        D561  4 0.0391 0.0636 0.4869 0.4104 
        D562  4 0.2545 0.1946 0.3288 0.2222 
        D563  4 0.0360 0.6361 0.1046 0.2233 
        D572  4 0.1864 0.1387 0.1702 0.5046 
        D629  4 0.1359 0.0607 0.2262 0.5771 
        D630  4 0.2359 0.1359 0.2417 0.3865 
        D631  4 0.1368 0.5960 0.1036 0.1636 
        D632  4 0.0459 0.1768 0.6917 0.0856 
        D646  4 0.0342 0.1271 0.4915 0.3472 
        D647  4 0.0332 0.1009 0.2822 0.5836 
        D648  4 0.8149 0.0586 0.0822 0.0442 
        D649  4 0.0538 0.0380 0.2453 0.6629 
        D650  4 0.3315 0.1070 0.2491 0.3123 
        D708  4 0.7153 0.0757 0.0897 0.1193 
        D709  4 0.4516 0.1248 0.1750 0.2485 
        D738  4 0.5638 0.0463 0.2559 0.1341 
        D739  4 0.1512 0.1227 0.5547 0.1714 
        D740  4 0.1671 0.3949 0.3372 0.1008 
        D741  4 0.0348 0.2354 0.3424 0.3874 
        D742  4 0.1890 0.6084 0.0914 0.1112 
        D743  4 0.0781 0.1026 0.0445 0.7748 
        D744  4 0.0482 0.2204 0.0881 0.6433 
        D745  4 0.0406 0.0530 0.8543 0.0522 
        D814  4 0.0361 0.8066 0.0631 0.0942 
        D815  4 0.1788 0.0837 0.1337 0.6037 
        D828  4 0.7057 0.1901 0.0750 0.0293 
        D845  4 0.0571 0.8819 0.0150 0.0459 
        D846  4 0.0326 0.3790 0.1306 0.4577 
        D847  4 0.2061 0.2243 0.2871 0.2825 
        D848  4 0.0270 0.3460 0.5973 0.0297 
        D849  4 0.0397 0.0826 0.7641 0.1136 
        D850  4 0.1172 0.1558 0.2793 0.4477 
        D856  4 0.1451 0.0681 0.5781 0.2088 
        D857  4 0.0461 0.0472 0.8947 0.0119 
        D859  4 0.2191 0.2874 0.0959 0.3976 
        D860  4 0.4560 0.3116 0.0407 0.1917 
        D883  4 0.3481 0.0685 0.2685 0.3149 
        D884  4 0.2895 0.0504 0.4524 0.2077 
        D885  4 0.0581 0.4140 0.1368 0.3911 
        D886  4 0.0824 0.1230 0.4970 0.2976 
        D887  4 0.1880 0.4380 0.1319 0.2421 
        D889  4 0.1276 0.5634 0.0462 0.2629 
        D890  4 0.6531 0.0917 0.1529 0.1023 
        D891  4 0.0126 0.9520 0.0136 0.0218 
        D899  4 0.2577 0.6248 0.0294 0.0881 
        D900  4 0.2221 0.1570 0.1793 0.4416 
        D970  4 0.1983 0.2187 0.1544 0.4286 
        D971  4 0.0974 0.6446 0.0731 0.1849 
        D979  4 0.1012 0.0828 0.0250 0.7911 
        D093  5 0.7476 0.0976 0.0789 0.0759 
        D154  5 0.2142 0.5952 0.0869 0.1037 
        D168  5 0.0735 0.4846 0.2496 0.1923 
        D189  5 0.5638 0.2709 0.0849 0.0804 
        D190  5 0.8529 0.0543 0.0366 0.0562 
     D237220  5 0.1221 0.1876 0.5735 0.1168 
     D237221  5 0.4646 0.2957 0.0740 0.1657 
     D237274  5 0.0314 0.0250 0.0448 0.8988 
     D237275  5 0.0347 0.8823 0.0542 0.0288 
     D237276  5 0.4046 0.0888 0.3458 0.1607 
     D237277  5 0.5903 0.2765 0.0493 0.0839 
     D237278  5 0.2407 0.5251 0.1808 0.0534 
     D237279  5 0.0295 0.0616 0.5867 0.3222 
     D237280  5 0.1177 0.0396 0.5051 0.3377 
     D237281  5 0.0171 0.8793 0.0271 0.0764 
     D237351  5 0.1561 0.0516 0.7461 0.0462 
     D237352  5 0.1241 0.1414 0.4789 0.2555 
     D237353  5 0.8968 0.0535 0.0236 0.0260 
     D237359  5 0.1306 0.3200 0.3665 0.1829 
     D237361  5 0.8879 0.0393 0.0382 0.0346 
     D237362  5 0.4722 0.1282 0.1092 0.2904 
     D237363  5 0.1896 0.4444 0.1677 0.1983 
     D237364  5 0.0450 0.4881 0.1883 0.2786 
     D237376  5 0.8825 0.0666 0.0321 0.0188 
     D237377  5 0.1137 0.0418 0.2197 0.6248 
     D237378  5 0.8275 0.1036 0.0352 0.0337 
     D237379  5 0.7121 0.1116 0.1021 0.0742 
     D237380  5 0.1806 0.0221 0.7520 0.0453 
     D237381  5 0.1288 0.0994 0.6501 0.1217 
     D237391  5 0.7428 0.0873 0.0589 0.1110 
     D237392  5 0.0870 0.1147 0.1083 0.6900 
     D237393  5 0.2857 0.1081 0.1302 0.4760 
     D237394  5 0.9100 0.0194 0.0257 0.0448 
     D237395  5 0.5397 0.1905 0.2118 0.0581 
     D237396  5 0.0674 0.0771 0.0692 0.7863 
     D244016  5 0.5040 0.1602 0.0852 0.2505 
     D244018  5 0.1909 0.5933 0.1191 0.0967 
     D244019  5 0.2049 0.2186 0.0659 0.5106 
        D279  5 0.0783 0.7085 0.1089 0.1044 
        D280  5 0.4230 0.2172 0.1051 0.2547 
        D281  5 0.0646 0.8547 0.0227 0.0579 
        D283  5 0.6010 0.0932 0.0485 0.2573 
        D284  5 0.1281 0.1498 0.5891 0.1330 
        D285  5 0.5916 0.1417 0.0745 0.1921 
        D286  5 0.4688 0.1445 0.1501 0.2366 
        D287  5 0.8331 0.0446 0.0940 0.0283 
        D288  5 0.4037 0.2295 0.0363 0.3305 
        D308  5 0.0298 0.0207 0.8879 0.0616 
        D309  5 0.0243 0.0224 0.0443 0.9090 
        D310  5 0.8970 0.0287 0.0212 0.0531 
        D311  5 0.5771 0.1268 0.0765 0.2196 
        D312  5 0.6470 0.0728 0.0761 0.2041 
        D313  5 0.0243 0.0121 0.9517 0.0119 
        D314  5 0.2637 0.4117 0.2392 0.0855 
        D315  5 0.5467 0.0648 0.1259 0.2626 
        D317  5 0.8906 0.0295 0.0341 0.0459 
        D318  5 0.1723 0.2177 0.1958 0.4143 
        D319  5 0.8637 0.0587 0.0413 0.0363 
        D320  5 0.8388 0.0411 0.0652 0.0550 
        D321  5 0.0799 0.0688 0.7590 0.0923 
        D336  5 0.9016 0.0163 0.0238 0.0583 
        D337  5 0.8737 0.0752 0.0174 0.0337 
        D338  5 0.1834 0.2815 0.2594 0.2756 
        D339  5 0.7392 0.1197 0.0820 0.0591 
        D347  5 0.3004 0.2097 0.0563 0.4336 
        D348  5 0.8793 0.0472 0.0257 0.0478 
        D349  5 0.0843 0.0245 0.8547 0.0364 
        D350  5 0.0671 0.1023 0.0609 0.7696 
        D355  5 0.0502 0.5547 0.0277 0.3674 
        D356  5 0.5868 0.0450 0.1149 0.2534 
        D357  5 0.5309 0.1777 0.1299 0.1614 
        D358  5 0.5401 0.0979 0.0990 0.2630 
        D359  5 0.5166 0.0235 0.0399 0.4200 
        D360  5 0.6292 0.0388 0.1578 0.1743 
        D361  5 0.0380 0.0301 0.8995 0.0323 
        D366  5 0.0294 0.2264 0.0611 0.6831 
        D367  5 0.8089 0.0556 0.0924 0.0431 
        D368  5 0.5413 0.0646 0.2221 0.1720 
        D380  5 0.0567 0.0927 0.0935 0.7571 
        D381  5 0.6873 0.1071 0.0592 0.1465 
        D400  5 0.4018 0.3862 0.0839 0.1281 
        D411  5 0.0187 0.0358 0.9288 0.0168 
        D412  5 0.2278 0.4142 0.1592 0.1988 
        D413  5 0.0502 0.8012 0.0616 0.0870 
        D414  5 0.0717 0.6622 0.0509 0.2152 
        D420  5 0.3007 0.2182 0.3437 0.1374 
        D431  5 0.5504 0.2834 0.1293 0.0370 
        D432  5 0.5729 0.1995 0.1291 0.0986 
        D433  5 0.6939 0.1617 0.0623 0.0821 
        D434  5 0.7014 0.0632 0.1126 0.1228 
        D440  5 0.0373 0.0643 0.0917 0.8067 
        D447  5 0.0400 0.0636 0.1230 0.7733 
        D448  5 0.8350 0.0734 0.0206 0.0709 
        D459  5 0.0511 0.7842 0.0201 0.1446 
        D460  5 0.0861 0.0339 0.7445 0.1356 
        D461  5 0.0504 0.0287 0.0228 0.8981 
        D468  5 0.5495 0.0638 0.1037 0.2830 
        D469  5 0.1944 0.0606 0.1709 0.5741 
        D470  5 0.3553 0.0870 0.4006 0.1572 
        D471  5 0.7927 0.1089 0.0219 0.0766 
        D472  5 0.0201 0.2435 0.0209 0.7155 
        D479  5 0.0401 0.8816 0.0351 0.0431 
        D485  5 0.5779 0.1816 0.1376 0.1029 
        D486  5 0.4757 0.0557 0.2778 0.1909 
        D487  5 0.2874 0.5944 0.0674 0.0508 
        D555  5 0.8773 0.0653 0.0316 0.0259 
        D556  5 0.5793 0.2517 0.0858 0.0832 
        D557  5 0.8563 0.0643 0.0249 0.0545 
        D564  5 0.6135 0.0649 0.1715 0.1502 
        D594  5 0.2945 0.1496 0.1021 0.4537 
        D595  5 0.5206 0.1365 0.0955 0.2474 
        D596  5 0.9177 0.0385 0.0225 0.0212 
        D597  5 0.3135 0.4081 0.0531 0.2254 
        D598  5 0.5451 0.1386 0.1817 0.1346 
        D617  5 0.0345 0.2246 0.7084 0.0324 
        D618  5 0.5047 0.2672 0.0877 0.1405 
        D619  5 0.3124 0.0451 0.2718 0.3707 
        D620  5 0.0224 0.9234 0.0186 0.0356 
        D628  5 0.2980 0.1643 0.3364 0.2013 
        D714  5 0.6657 0.2334 0.0521 0.0488 
        D715  5 0.6868 0.1415 0.0385 0.1332 
        D716  5 0.3854 0.2826 0.0620 0.2701 
        D717  5 0.2244 0.0968 0.1999 0.4789 
        D718  5 0.4171 0.1574 0.3836 0.0419 
        D769  5 0.0485 0.2021 0.6946 0.0549 
        D770  5 0.3746 0.4566 0.0650 0.1038 
        D771  5 0.2954 0.4691 0.1448 0.0906 
        D772  5 0.6610 0.0964 0.0904 0.1522 
        D782  5 0.0575 0.2710 0.3557 0.3158 
        D783  5 0.2059 0.5945 0.0865 0.1131 
        D784  5 0.0988 0.0971 0.0749 0.7291 
        D785  5 0.8280 0.0307 0.0821 0.0591 
        D786  5 0.0404 0.0771 0.6388 0.2438 
        D821  5 0.9372 0.0264 0.0127 0.0237 
        D822  5 0.2201 0.0853 0.0442 0.6504 
        D826  5 0.4064 0.4355 0.0546 0.1035 
        D827  5 0.0767 0.0970 0.0653 0.7609 
        D851  5 0.2499 0.1813 0.1569 0.4119 
        D852  5 0.2736 0.5042 0.1542 0.0680 
        D853  5 0.5365 0.1720 0.1194 0.1721 
        D854  5 0.1114 0.3231 0.1600 0.4055 
        D861  5 0.3071 0.2947 0.1773 0.2209 
        D862  5 0.6005 0.0299 0.0522 0.3174 
        D865  5 0.8369 0.0769 0.0475 0.0387 
        D868  5 0.1172 0.0632 0.1107 0.7089 
        D869  5 0.0476 0.0359 0.8561 0.0603 
        D870  5 0.0891 0.0571 0.5065 0.3473 
        D907  5 0.8027 0.0566 0.1001 0.0406 
        D908  5 0.3037 0.5896 0.0712 0.0354 
        D910  5 0.5875 0.3050 0.0321 0.0753 
        D911  5 0.0572 0.6726 0.0259 0.2443 
        D934  5 0.2558 0.5312 0.0586 0.1544 
        D946  5 0.3852 0.4591 0.1089 0.0468 
        D947  5 0.1868 0.1915 0.1543 0.4674 
        D948  5 0.0980 0.0225 0.7854 0.0940 
        D949  5 0.0769 0.0229 0.8383 0.0619 
        D950  5 0.0512 0.6870 0.0199 0.2419 
        D951  5 0.1234 0.0267 0.0439 0.8060 
        D952  5 0.1994 0.0872 0.0758 0.6377 
        D953  5 0.7408 0.0802 0.0554 0.1237 
        D954  5 0.4035 0.0384 0.0534 0.5047 
        D961  5 0.7126 0.1167 0.1228 0.0479 
        D962  5 0.8647 0.0167 0.0297 0.0888 
        D963  5 0.4228 0.1448 0.0569 0.3755 
        D964  5 0.2583 0.2657 0.3571 0.1189 
        D965  5 0.3791 0.2279 0.1272 0.2658 
        D966  5 0.4922 0.2072 0.0480 0.2526 
        D967  5 0.3226 0.3546 0.1868 0.1360 
        D991  5 0.2947 0.0830 0.4290 0.1933 
        D502  6 0.0864 0.4435 0.3286 0.1416 
        D503  6 0.0549 0.5265 0.3748 0.0438 
        D504  6 0.1365 0.1363 0.1567 0.5705 
        D505  6 0.5103 0.2137 0.1072 0.1688 
        D506  6 0.9273 0.0146 0.0282 0.0300 
        D507  6 0.1142 0.4974 0.2147 0.1737 
        D508  6 0.1376 0.2009 0.0720 0.5895 
        D529  6 0.3104 0.1535 0.3029 0.2332 
        D530  6 0.7031 0.0913 0.1691 0.0365 
        D531  6 0.2944 0.1228 0.1452 0.4376 
        D532  6 0.5565 0.0833 0.0477 0.3125 
        D534  6 0.0299 0.0605 0.8493 0.0603 
        D535  6 0.5711 0.0453 0.1013 0.2824 
        D536  6 0.0242 0.8379 0.1036 0.0343 
        D554  6 0.7580 0.0525 0.1286 0.0609 
        D587  6 0.7149 0.0914 0.0630 0.1307 
        D588  6 0.3736 0.0567 0.0688 0.5009 
        D589  6 0.1514 0.6159 0.1410 0.0917 
        D590  6 0.0444 0.8589 0.0541 0.0426 
        D591  6 0.2925 0.2759 0.1920 0.2395 
        D592  6 0.0664 0.0643 0.8139 0.0554 
        D593  6 0.8094 0.0819 0.0744 0.0342 
        D682  6 0.7949 0.0727 0.0743 0.0580 
        D683  6 0.2219 0.0438 0.0920 0.6423 
        D684  6 0.0253 0.4513 0.3960 0.1274 
        D685  6 0.2929 0.3756 0.2556 0.0759 
        D686  6 0.8725 0.0296 0.0428 0.0551 
        D724  6 0.0591 0.2131 0.2004 0.5274 
        D725  6 0.4476 0.3068 0.1205 0.1252 
        D726  6 0.8787 0.0338 0.0414 0.0461 
        D727  6 0.1143 0.3836 0.0691 0.4329 
        D728  6 0.8530 0.0294 0.0634 0.0542 
        D729  6 0.0220 0.1663 0.4286 0.3831 
        D730  6 0.0843 0.3379 0.3489 0.2289 
        D731  6 0.6954 0.2698 0.0165 0.0183 
        D732  6 0.1919 0.1107 0.1160 0.5814 
        D733  6 0.3409 0.1738 0.2859 0.1994 
     D237251  7 0.2320 0.6326 0.0821 0.0533 
     D237252  7 0.0748 0.2699 0.5842 0.0711 
     D237253  7 0.2604 0.5700 0.0609 0.1088 
     D237254  7 0.0181 0.0314 0.9173 0.0333 
     D237255  7 0.1025 0.7941 0.0470 0.0564 
     D237256  7 0.0816 0.6448 0.0372 0.2364 
     D237257  7 0.1106 0.1630 0.5157 0.2107 
     D237282  7 0.0292 0.0847 0.1242 0.7620 
     D237283  7 0.0301 0.0340 0.9192 0.0167 
     D237284  7 0.0162 0.0320 0.8942 0.0576 
     D237285  7 0.5489 0.2496 0.1009 0.1005 
     D237286  7 0.2985 0.1701 0.1302 0.4012 
     D237287  7 0.0670 0.5663 0.0848 0.2819 
     D244006  7 0.0199 0.0346 0.9067 0.0388 
     D244007  7 0.0692 0.5055 0.1182 0.3070 
     D244008  7 0.0789 0.0348 0.8487 0.0376 
     D244009  7 0.1213 0.0328 0.7436 0.1024 
     D244010  7 0.1208 0.1807 0.5507 0.1478 
     D244011  7 0.3537 0.3491 0.2011 0.0961 
     D244012  7 0.1073 0.4304 0.2220 0.2403 
     D244013  7 0.2715 0.4930 0.0822 0.1533 
     D244014  7 0.0898 0.4291 0.3427 0.1384 
     D244015  7 0.0473 0.1064 0.5734 0.2729 
     D244125  7 0.3255 0.3541 0.0631 0.2572 
     D244126  7 0.0154 0.0232 0.9398 0.0217 
     D244130  7 0.2097 0.1725 0.4214 0.1964 
     D244131  7 0.4012 0.1086 0.1377 0.3525 
     D244132  7 0.5211 0.0422 0.0741 0.3626 
        D520  7 0.4869 0.0562 0.3182 0.1388 
        D521  7 0.2043 0.1510 0.2953 0.3494 
        D522  7 0.0705 0.0648 0.6756 0.1891 
        D523  7 0.0754 0.8363 0.0332 0.0552 
        D524  7 0.2754 0.3953 0.2078 0.1215 
        D525  7 0.0465 0.3147 0.5830 0.0558 
        D526  7 0.0167 0.0255 0.8800 0.0778 
        D527  7 0.1376 0.1984 0.2394 0.4247 
        D528  7 0.0215 0.0709 0.0465 0.8612 
        D558  7 0.0575 0.2135 0.2207 0.5082 
        D559  7 0.0385 0.2379 0.1575 0.5662 
        D640  7 0.5092 0.2079 0.0968 0.1861 
        D641  7 0.4666 0.2863 0.1998 0.0474 
        D642  7 0.0720 0.3069 0.5375 0.0836 
        D644  7 0.4748 0.1218 0.2850 0.1184 
        D645  7 0.2131 0.3985 0.2705 0.1179 
        D662  7 0.1474 0.0185 0.6289 0.2052 
        D687  7 0.1237 0.3737 0.2291 0.2735 
        D688  7 0.0425 0.1732 0.2258 0.5585 
        D689  7 0.4530 0.2000 0.1383 0.2087 
        D700  7 0.0149 0.0847 0.0294 0.8710 
        D797  7 0.2799 0.2150 0.2068 0.2983 
        D798  7 0.0479 0.0314 0.7893 0.1313 
        D799  7 0.0617 0.6667 0.1721 0.0995 
        D800  7 0.0498 0.1363 0.1018 0.7121 
        D132  8 0.0311 0.0292 0.9058 0.0339 
        D133  8 0.0160 0.9271 0.0383 0.0186 
        D200  8 0.2248 0.4400 0.1164 0.2188 
        D500  8 0.0285 0.0118 0.9366 0.0232 
        D614  8 0.5354 0.0770 0.2655 0.1221 
        D723  8 0.0753 0.1269 0.3632 0.4346 
        D888  8 0.0413 0.8487 0.0481 0.0619 
        D901  8 0.1462 0.1714 0.6508 0.0316 
        D902  8 0.8059 0.0676 0.0873 0.0393 
        D903  8 0.1936 0.0969 0.0438 0.6658 
        D904  8 0.1574 0.1543 0.2012 0.4871 
        D905  8 0.1433 0.8219 0.0191 0.0157 
        D906  8 0.0386 0.7080 0.0736 0.1798 
        D937  8 0.9060 0.0401 0.0356 0.0183 
        D943  8 0.0671 0.2121 0.5011 0.2198 
        D972  8 0.0777 0.0897 0.5086 0.3240 
        D973  8 0.0921 0.0327 0.2011 0.6742 
        D974  8 0.3397 0.2243 0.2483 0.1877 
        D975  8 0.3382 0.3065 0.1508 0.2045 
        D976  8 0.3136 0.3062 0.2679 0.1122 
        D201  9 0.0777 0.6670 0.1100 0.1453 
        D202  9 0.1994 0.5666 0.1893 0.0447 
     D237259  9 0.0381 0.1354 0.1686 0.6579 
     D237260  9 0.0740 0.6394 0.2602 0.0264 
     D237262  9 0.0234 0.0164 0.9256 0.0345 
     D237263  9 0.0497 0.2589 0.5830 0.1084 
     D237264  9 0.2715 0.1705 0.3862 0.1718 
     D237265  9 0.0562 0.8225 0.0950 0.0263 
     D237266  9 0.0307 0.6201 0.2601 0.0891 
     D237267  9 0.4931 0.1161 0.2114 0.1795 
     D237268  9 0.1345 0.0733 0.5762 0.2159 
     D237289  9 0.4181 0.4209 0.1162 0.0449 
     D237290  9 0.0333 0.9022 0.0430 0.0216 
     D237291  9 0.0756 0.7936 0.0762 0.0545 
     D237292  9 0.0372 0.5827 0.3338 0.0463 
     D237293  9 0.3249 0.1244 0.4015 0.1492 
     D237294  9 0.0772 0.1639 0.7264 0.0324 
     D237295  9 0.2906 0.0450 0.3076 0.3568 
     D237296  9 0.3037 0.3089 0.2577 0.1297 
     D237297  9 0.7323 0.0832 0.0943 0.0903 
     D237298  9 0.0787 0.3135 0.3142 0.2935 
     D237341  9 0.1578 0.4966 0.1213 0.2243 
     D237342  9 0.0934 0.1106 0.7337 0.0623 
     D237343  9 0.0590 0.4203 0.4220 0.0987 
     D237344  9 0.6863 0.1589 0.0821 0.0727 
     D237345  9 0.0219 0.0349 0.9023 0.0409 
     D237346  9 0.2085 0.6253 0.1294 0.0369 
     D237347  9 0.6226 0.2129 0.0717 0.0929 
     D237348  9 0.2780 0.2490 0.3317 0.1413 
     D237349  9 0.0258 0.3096 0.2197 0.4449 
     D244109  9 0.0155 0.6215 0.1779 0.1850 
     D244110  9 0.0322 0.7742 0.1134 0.0802 
     D244111  9 0.1605 0.3766 0.1776 0.2853 
     D244128  9 0.0340 0.0885 0.8377 0.0398 
     D244137  9 0.0943 0.0824 0.1695 0.6539 
     D244138  9 0.2088 0.5185 0.1759 0.0968 
        D580  9 0.1344 0.0278 0.7385 0.0993 
        D581  9 0.0249 0.8820 0.0653 0.0278 
        D582  9 0.0399 0.0200 0.9153 0.0248 
        D583  9 0.0199 0.8633 0.0904 0.0264 
        D584  9 0.5640 0.0794 0.3082 0.0484 
        D585  9 0.0287 0.3085 0.5763 0.0864 
        D586  9 0.0843 0.8451 0.0381 0.0325 
        D651  9 0.2174 0.1504 0.1282 0.5041 
        D652  9 0.0309 0.1310 0.4854 0.3527 
        D653  9 0.0758 0.4108 0.0784 0.4350 
        D654  9 0.0499 0.4145 0.2331 0.3026 
        D655  9 0.4504 0.3347 0.0683 0.1467 
        D656  9 0.0494 0.0569 0.8370 0.0567 
        D657  9 0.1602 0.2761 0.4298 0.1339 
        D667  9 0.7338 0.1330 0.0526 0.0806 
        D668  9 0.2043 0.2048 0.5082 0.0826 
        D669  9 0.0909 0.6655 0.1537 0.0899 
        D670  9 0.0831 0.0531 0.0959 0.7679 
        D671  9 0.0554 0.7513 0.1220 0.0713 
        D672  9 0.0404 0.1187 0.7773 0.0636 
        D673  9 0.3816 0.1457 0.3284 0.1443 
        D692  9 0.0336 0.3086 0.5970 0.0607 
        D693  9 0.4079 0.1399 0.2826 0.1696 
        D694  9 0.0476 0.0491 0.8751 0.0283 
        D695  9 0.1108 0.0833 0.5228 0.2831 
        D696  9 0.9459 0.0187 0.0168 0.0186 
        D697  9 0.6473 0.1433 0.0782 0.1312 
        D698  9 0.3066 0.5485 0.0939 0.0509 
        D699  9 0.7665 0.0960 0.1066 0.0308 
        D787  9 0.0395 0.1722 0.2702 0.5180 
        D788  9 0.7794 0.0335 0.1189 0.0683 
        D789  9 0.3874 0.1797 0.3610 0.0719 
        D790  9 0.1353 0.2778 0.2887 0.2982 
        D791  9 0.2800 0.5877 0.0828 0.0495 
        D792  9 0.0553 0.2997 0.2076 0.4374 
        D793  9 0.6078 0.0984 0.0674 0.2264 
        D794  9 0.4511 0.1463 0.1023 0.3002 
        D795  9 0.1457 0.0851 0.7459 0.0233 
        D796  9 0.2305 0.5947 0.1043 0.0705 
        D142 10 0.5512 0.1637 0.0615 0.2236 
        D143 10 0.0833 0.8165 0.0539 0.0463 
        D144 10 0.4463 0.0984 0.2246 0.2307 
        D145 10 0.0466 0.8403 0.0444 0.0687 
        D146 10 0.1609 0.0394 0.6874 0.1123 
        D147 10 0.1192 0.1388 0.3706 0.3714 
        D148 10 0.2107 0.0607 0.3664 0.3623 
        D149 10 0.0286 0.8253 0.0522 0.0939 
        D151 10 0.1749 0.1533 0.4722 0.1996 
        D152 10 0.0183 0.9433 0.0205 0.0179 
        D153 10 0.3336 0.0473 0.1434 0.4758 
        D156 10 0.0642 0.1453 0.0540 0.7364 
        D157 10 0.6902 0.0722 0.1741 0.0635 
        D158 10 0.4194 0.3766 0.1653 0.0387 
        D159 10 0.0274 0.9300 0.0190 0.0236 
        D160 10 0.2530 0.6919 0.0383 0.0168 
        D161 10 0.3368 0.1337 0.1271 0.4024 
        D162 10 0.1923 0.2248 0.0417 0.5412 
        D169 10 0.0413 0.0716 0.8402 0.0469 
        D170 10 0.0946 0.0460 0.7660 0.0934 
        D171 10 0.6791 0.0564 0.1282 0.1363 
        D172 10 0.1709 0.2352 0.2818 0.3121 
        D173 10 0.0137 0.8821 0.0468 0.0574 
        D181 10 0.6799 0.1146 0.0540 0.1515 
        D182 10 0.0459 0.5485 0.2054 0.2001 
        D183 10 0.8637 0.0325 0.0486 0.0553 
        D184 10 0.0159 0.0150 0.8927 0.0764 
        D185 10 0.1972 0.0790 0.1883 0.5355 
        D186 10 0.0292 0.0741 0.8701 0.0265 
        D194 10 0.1035 0.0903 0.6348 0.1714 
        D195 10 0.3473 0.3543 0.0735 0.2249 
        D196 10 0.1689 0.3845 0.0349 0.4117 
        D197 10 0.0599 0.1885 0.7277 0.0240 
        D198 10 0.3502 0.0359 0.1731 0.4408 
     D237226 10 0.0469 0.6279 0.1906 0.1346 
     D237232 10 0.4716 0.3552 0.1051 0.0681 
     D237233 10 0.2113 0.6162 0.1377 0.0348 
     D237234 10 0.4814 0.2187 0.1367 0.1631 
     D237354 10 0.0206 0.9414 0.0150 0.0230 
     D237355 10 0.0944 0.7703 0.0631 0.0722 
     D237356 10 0.4986 0.0356 0.1428 0.3230 
     D237357 10 0.0944 0.5515 0.2470 0.1072 
     D237358 10 0.0643 0.1546 0.2983 0.4827 
     D237369 10 0.0223 0.0573 0.8394 0.0811 
     D237370 10 0.8240 0.0958 0.0440 0.0362 
     D237371 10 0.1030 0.0741 0.2249 0.5979 
     D237372 10 0.0403 0.4507 0.4226 0.0864 
     D237373 10 0.5200 0.3302 0.0585 0.0912 
     D237374 10 0.1525 0.7860 0.0326 0.0289 
     D237375 10 0.1001 0.4052 0.1660 0.3287 
     D237400 10 0.0211 0.9449 0.0163 0.0177 
     D244002 10 0.0485 0.0848 0.6105 0.2562 
     D244003 10 0.3998 0.5194 0.0654 0.0154 
     D244004 10 0.9273 0.0208 0.0401 0.0118 
     D244005 10 0.0411 0.6498 0.2544 0.0546 
     D244020 10 0.5373 0.0999 0.1003 0.2624 
     D244021 10 0.0865 0.3221 0.5287 0.0627 
     D244116 10 0.1142 0.1089 0.6421 0.1349 
     D244117 10 0.4156 0.4524 0.0719 0.0601 
     D244121 10 0.5734 0.2319 0.1524 0.0423 
     D244123 10 0.5505 0.2573 0.0983 0.0939 
     D244124 10 0.1220 0.3960 0.4414 0.0406 
        D332 10 0.1329 0.0782 0.0710 0.7179 
        D570 10 0.8062 0.0431 0.0581 0.0925 
        D602 10 0.0403 0.0610 0.0515 0.8472 
        D603 10 0.4219 0.3062 0.1953 0.0766 
        D604 10 0.0956 0.4208 0.0384 0.4452 
        D605 10 0.0934 0.1722 0.1808 0.5537 
        D606 10 0.2398 0.0276 0.6908 0.0418 
        D607 10 0.0272 0.0320 0.0361 0.9047 
        D608 10 0.0142 0.9364 0.0113 0.0380 
        D609 10 0.6771 0.0288 0.0944 0.1996 
        D610 10 0.4419 0.1418 0.0970 0.3193 
        D611 10 0.9331 0.0250 0.0180 0.0239 
        D613 10 0.3079 0.1367 0.0668 0.4886 
        D633 10 0.0316 0.1122 0.1226 0.7336 
        D634 10 0.6865 0.0945 0.1206 0.0983 
        D638 10 0.0316 0.9192 0.0259 0.0232 
        D681 10 0.4822 0.1201 0.2957 0.1021 
        D754 10 0.3737 0.0887 0.5135 0.0241 
        D755 10 0.2914 0.6345 0.0584 0.0157 
        D756 10 0.6553 0.1212 0.1773 0.0462 
        D757 10 0.0839 0.4841 0.2190 0.2129 
        D758 10 0.2752 0.2080 0.3079 0.2089 
        D759 10 0.3583 0.5322 0.0686 0.0408 
        D760 10 0.3442 0.3415 0.1439 0.1704 
        D761 10 0.0424 0.9223 0.0208 0.0144 
        D762 10 0.0914 0.0593 0.0701 0.7792 
        D775 10 0.6646 0.2296 0.0824 0.0235 
        D776 10 0.0781 0.8488 0.0411 0.0320 
        D777 10 0.4738 0.2754 0.1898 0.0611 
        D778 10 0.0232 0.7543 0.1895 0.0331 
        D779 10 0.4822 0.1436 0.3183 0.0559 
        D780 10 0.2187 0.5511 0.0931 0.1371 
        D781 10 0.1003 0.1530 0.0882 0.6585 
        D858 10 0.0164 0.0449 0.9193 0.0195 
        D933 10 0.2345 0.2401 0.0512 0.4742 
        D038 11 0.1291 0.4976 0.1821 0.1912 
        D063 11 0.3703 0.5008 0.0704 0.0585 
        D155 11 0.4250 0.3096 0.0962 0.1692 
        D175 11 0.5442 0.0715 0.3513 0.0330 
        D176 11 0.1592 0.7636 0.0525 0.0246 
        D205 11 0.7475 0.0177 0.1976 0.0372 
     D237229 11 0.0385 0.3436 0.2502 0.3677 
     D237230 11 0.0245 0.1440 0.2398 0.5917 
     D237231 11 0.0503 0.0764 0.0503 0.8230 
     D237269 11 0.1148 0.3483 0.1296 0.4074 
     D237270 11 0.0274 0.0474 0.8149 0.1103 
     D237271 11 0.5220 0.0953 0.1468 0.2359 
     D237272 11 0.0368 0.1459 0.2828 0.5344 
     D237273 11 0.5680 0.2694 0.0810 0.0816 
     D237301 11 0.1660 0.0596 0.0468 0.7276 
     D237302 11 0.0858 0.2260 0.5804 0.1079 
     D237303 11 0.0337 0.1479 0.6368 0.1815 
     D237304 11 0.1394 0.2017 0.3271 0.3318 
     D237305 11 0.0792 0.0936 0.7848 0.0424 
     D237314 11 0.4367 0.2086 0.2318 0.1229 
     D237315 11 0.0745 0.1005 0.6676 0.1574 
     D237316 11 0.1353 0.0269 0.0284 0.8093 
     D237328 11 0.2958 0.0321 0.2577 0.4144 
     D237329 11 0.1072 0.4709 0.2553 0.1666 
     D237330 11 0.6953 0.1978 0.0690 0.0379 
     D237331 11 0.4461 0.2397 0.0757 0.2386 
     D237332 11 0.2469 0.1108 0.1775 0.4648 
     D237333 11 0.3087 0.5839 0.0399 0.0675 
     D237334 11 0.1231 0.0540 0.0568 0.7661 
     D237335 11 0.3480 0.0732 0.2952 0.2836 
     D237336 11 0.1598 0.5958 0.1748 0.0696 
     D237350 11 0.6296 0.1717 0.0603 0.1384 
     D237383 11 0.2055 0.3061 0.4147 0.0736 
     D237384 11 0.0829 0.0708 0.2361 0.6102 
     D237385 11 0.1940 0.2836 0.2801 0.2423 
     D237386 11 0.2188 0.1273 0.1233 0.5306 
     D237387 11 0.1141 0.0497 0.2502 0.5860 
     D237388 11 0.8098 0.0471 0.0379 0.1053 
        D239 11 0.4928 0.2578 0.0583 0.1911 
        D240 11 0.0303 0.8716 0.0734 0.0246 
        D241 11 0.0284 0.1359 0.0268 0.8088 
        D242 11 0.1137 0.2148 0.1027 0.5688 
        D243 11 0.4747 0.2320 0.1636 0.1298 
        D244 11 0.7328 0.0519 0.1600 0.0553 
