        D174  1 0.0447 0.7077 0.1664 0.0812 
        D199  1 0.2509 0.2638 0.0755 0.4098 
        D203  1 0.2685 0.1530 0.3161 0.2624 
        D204  1 0.0503 0.0436 0.0418 0.8644 
     D237366  1 0.1278 0.1642 0.5355 0.1725 
     D237367  1 0.1101 0.1120 0.3039 0.4740 
     D237368  1 0.1182 0.1027 0.4998 0.2793 
     D244101  1 0.2194 0.0493 0.0398 0.6915 
     D244102  1 0.1378 0.3781 0.2966 0.1874 
     D244103  1 0.0752 0.1151 0.2042 0.6055 
     D244104  1 0.1002 0.1108 0.0773 0.7117 
     D244105  1 0.0582 0.0409 0.7321 0.1687 
     D244106  1 0.1894 0.6329 0.0815 0.0963 
     D244107  1 0.0895 0.0348 0.5438 0.3319 
     D244108  1 0.0690 0.6124 0.2137 0.1050 
     D244113  1 0.0365 0.8919 0.0372 0.0344 
     D244114  1 0.3015 0.2851 0.1420 0.2714 
     D244115  1 0.0634 0.5192 0.1835 0.2339 
     D267365  1 0.0966 0.4169 0.0670 0.4195 
        D404  1 0.0439 0.8621 0.0483 0.0457 
        D405  1 0.1364 0.5883 0.1214 0.1540 
        D406  1 0.0235 0.0591 0.8505 0.0669 
        D407  1 0.0652 0.0488 0.1110 0.7749 
        D408  1 0.1247 0.7311 0.0582 0.0860 
        D409  1 0.0740 0.0916 0.1311 0.7033 
        D410  1 0.0235 0.0598 0.7967 0.1200 
        D421  1 0.0666 0.0461 0.0330 0.8543 
        D422  1 0.0367 0.0247 0.8126 0.1260 
        D423  1 0.0443 0.0302 0.8254 0.1001 
        D424  1 0.0286 0.0645 0.1065 0.8004 
        D425  1 0.0624 0.3889 0.0771 0.4716 
        D426  1 0.2073 0.0455 0.1044 0.6428 
        D427  1 0.5928 0.1358 0.0543 0.2170 
        D428  1 0.0778 0.3115 0.1371 0.4736 
        D429  1 0.0796 0.4124 0.0911 0.4168 
        D430  1 0.2871 0.3354 0.1331 0.2445 
        D491  1 0.0380 0.7711 0.0395 0.1514 
        D492  1 0.0746 0.3676 0.1491 0.4088 
        D537  1 0.0330 0.1072 0.1113 0.7485 
        D538  1 0.1507 0.2656 0.3842 0.1994 
        D539  1 0.2615 0.3909 0.2714 0.0762 
        D540  1 0.1011 0.1327 0.1996 0.5666 
        D541  1 0.0402 0.0343 0.0487 0.8768 
        D551  1 0.5463 0.0804 0.1090 0.2643 
        D552  1 0.1086 0.2038 0.3961 0.2914 
        D553  1 0.0339 0.0388 0.0354 0.8918 
        D615  1 0.1857 0.1738 0.2980 0.3425 
        D616  1 0.1862 0.1174 0.2975 0.3988 
        D621  1 0.0580 0.2120 0.6638 0.0662 
        D622  1 0.0493 0.0787 0.8086 0.0634 
        D623  1 0.1879 0.6662 0.0517 0.0942 
        D624  1 0.0430 0.8155 0.0629 0.0786 
        D625  1 0.0376 0.1347 0.1233 0.7044 
        D626  1 0.0904 0.4905 0.2891 0.1300 
        D627  1 0.1399 0.0611 0.1290 0.6700 
        D690  1 0.0265 0.1494 0.1043 0.7198 
        D691  1 0.0439 0.0493 0.8305 0.0762 
        D710  1 0.0804 0.2171 0.0904 0.6120 
        D711  1 0.0633 0.1325 0.1267 0.6775 
        D712  1 0.0866 0.7543 0.0821 0.0771 
        D713  1 0.0440 0.6741 0.1110 0.1710 
        D746  1 0.0386 0.0333 0.8503 0.0777 
        D747  1 0.0485 0.0462 0.0322 0.8731 
        D748  1 0.0489 0.1387 0.4893 0.3231 
        D749  1 0.1141 0.2167 0.5761 0.0931 
        D750  1 0.0434 0.6517 0.0877 0.2172 
        D763  1 0.4262 0.0715 0.1318 0.3705 
        D764  1 0.0360 0.2463 0.1477 0.5701 
        D765  1 0.0432 0.1383 0.7603 0.0582 
        D766  1 0.0464 0.1369 0.5336 0.2830 
        D767  1 0.1613 0.1805 0.3846 0.2735 
        D768  1 0.0416 0.0277 0.0564 0.8743 
        D811  1 0.0587 0.7615 0.1016 0.0782 
        D816  1 0.0417 0.1072 0.0513 0.7998 
        D825  1 0.0388 0.5925 0.1834 0.1853 
        D866  1 0.4502 0.3622 0.0943 0.0933 
        D867  1 0.0559 0.0691 0.8069 0.0681 
        D871  1 0.0621 0.0961 0.1161 0.7257 
        D872  1 0.0774 0.1862 0.3891 0.3473 
        D873  1 0.0255 0.0387 0.9168 0.0191 
        D874  1 0.1217 0.4609 0.0378 0.3796 
        D875  1 0.0513 0.0691 0.2494 0.6302 
        D876  1 0.0648 0.1857 0.1615 0.5879 
        D877  1 0.0445 0.8397 0.0311 0.0847 
        D892  1 0.0401 0.4098 0.2714 0.2787 
        D893  1 0.1372 0.0564 0.1996 0.6068 
        D894  1 0.0807 0.1439 0.0914 0.6840 
        D915  1 0.0582 0.1529 0.2958 0.4932 
        D916  1 0.0336 0.0490 0.0575 0.8599 
        D917  1 0.1267 0.4353 0.0554 0.3826 
        D925  1 0.0388 0.1073 0.6982 0.1557 
        D926  1 0.0663 0.1898 0.1073 0.6367 
        D927  1 0.4452 0.1171 0.0696 0.3680 
        D928  1 0.0254 0.8325 0.0314 0.1107 
        D929  1 0.0752 0.4912 0.2791 0.1545 
        D936  1 0.2048 0.1140 0.0720 0.6092 
        D938  1 0.0272 0.0521 0.8681 0.0526 
        D956  1 0.0611 0.8014 0.0811 0.0564 
        D957  1 0.0681 0.1684 0.5096 0.2539 
        D958  1 0.0304 0.2580 0.3690 0.3426 
        D959  1 0.0680 0.0442 0.1238 0.7640 
        D960  1 0.0266 0.0660 0.8666 0.0408 
        D989  1 0.2229 0.5926 0.0574 0.1271 
        D990  1 0.0798 0.0505 0.8429 0.0269 
        D023  2 0.0391 0.0373 0.4581 0.4655 
        D130  2 0.0419 0.0399 0.8362 0.0821 
        D131  2 0.1371 0.0840 0.1198 0.6592 
        D163  2 0.0339 0.0566 0.7687 0.1408 
        D164  2 0.4330 0.0244 0.5119 0.0308 
        D165  2 0.0631 0.0358 0.6134 0.2877 
        D166  2 0.1986 0.2091 0.3668 0.2256 
        D167  2 0.8411 0.0969 0.0313 0.0308 
        D192  2 0.9151 0.0393 0.0211 0.0245 
        D193  2 0.1015 0.6999 0.1376 0.0610 
        D206  2 0.2709 0.0894 0.1756 0.4641 
        D207  2 0.6649 0.0842 0.0619 0.1890 
        D208  2 0.4035 0.4168 0.0996 0.0802 
        D209  2 0.5152 0.0819 0.1501 0.2527 
        D210  2 0.4127 0.4130 0.0690 0.1053 
     D229599  2 0.1826 0.2042 0.1657 0.4475 
     D229600  2 0.3345 0.0590 0.5341 0.0723 
     D237227  2 0.1546 0.5378 0.2067 0.1009 
     D237228  2 0.1222 0.4366 0.3882 0.0530 
     D237258  2 0.3240 0.2592 0.2263 0.1906 
     D237310  2 0.0982 0.1590 0.7036 0.0392 
     D237311  2 0.1691 0.0843 0.7065 0.0401 
     D237312  2 0.0567 0.3678 0.5138 0.0617 
     D237313  2 0.1089 0.2507 0.2894 0.3510 
     D237322  2 0.5417 0.2214 0.1485 0.0884 
     D237323  2 0.0530 0.2068 0.7030 0.0372 
     D237324  2 0.4141 0.0358 0.3778 0.1723 
     D237325  2 0.0905 0.2125 0.6200 0.0770 
     D237326  2 0.0607 0.1179 0.6248 0.1965 
     D237327  2 0.6696 0.0647 0.1042 0.1615 
     D237337  2 0.0364 0.1000 0.8069 0.0567 
     D237338  2 0.1919 0.2193 0.4770 0.1117 
     D237339  2 0.4598 0.0743 0.0636 0.4024 
     D237340  2 0.2216 0.3788 0.3602 0.0394 
     D237389  2 0.0766 0.1105 0.7634 0.0494 
     D237390  2 0.0823 0.3141 0.4939 0.1098 
     D244017  2 0.3161 0.5162 0.0844 0.0832 
     D244112  2 0.7631 0.0553 0.1484 0.0331 
     D244118  2 0.5303 0.0436 0.3859 0.0402 
     D244119  2 0.3629 0.5509 0.0438 0.0424 
     D244120  2 0.5101 0.3645 0.0917 0.0338 
     D244122  2 0.6880 0.1409 0.1053 0.0658 
        D291  2 0.6065 0.0828 0.1242 0.1864 
        D292  2 0.5198 0.1824 0.0754 0.2223 
        D293  2 0.6453 0.0253 0.0205 0.3089 
        D322  2 0.5154 0.0384 0.0634 0.3827 
        D323  2 0.2771 0.2722 0.1050 0.3456 
        D324  2 0.2250 0.1271 0.1737 0.4741 
        D325  2 0.8421 0.0201 0.0303 0.1074 
        D326  2 0.0400 0.0436 0.0247 0.8916 
        D340  2 0.9043 0.0268 0.0280 0.0409 
        D341  2 0.8655 0.0415 0.0531 0.0398 
        D342  2 0.6592 0.0581 0.2259 0.0567 
        D343  2 0.9276 0.0150 0.0190 0.0384 
        D344  2 0.1030 0.1782 0.1063 0.6124 
        D345  2 0.0940 0.0884 0.2380 0.5796 
        D346  2 0.1981 0.5877 0.0639 0.1503 
        D351  2 0.1774 0.0568 0.1557 0.6101 
        D352  2 0.2201 0.3352 0.1370 0.3078 
        D353  2 0.0841 0.0485 0.0365 0.8309 
        D354  2 0.0490 0.3468 0.1659 0.4383 
        D362  2 0.0590 0.1158 0.0828 0.7424 
        D363  2 0.0516 0.1718 0.0548 0.7218 
        D364  2 0.0527 0.1696 0.1068 0.6710 
        D365  2 0.8887 0.0268 0.0210 0.0634 
        D369  2 0.2928 0.2166 0.1498 0.3408 
        D374  2 0.0299 0.9103 0.0316 0.0281 
        D375  2 0.0703 0.2381 0.2105 0.4811 
        D376  2 0.0557 0.8599 0.0488 0.0356 
        D377  2 0.1267 0.4341 0.3035 0.1356 
        D378  2 0.3194 0.0392 0.0695 0.5718 
        D379  2 0.0549 0.0668 0.0687 0.8096 
        D384  2 0.0432 0.0685 0.0348 0.8535 
        D385  2 0.8546 0.0692 0.0309 0.0453 
        D386  2 0.1251 0.0577 0.1000 0.7172 
        D391  2 0.8398 0.0313 0.0330 0.0959 
        D392  2 0.6740 0.1115 0.1117 0.1027 
        D393  2 0.2997 0.0455 0.0815 0.5734 
        D394  2 0.1585 0.1483 0.4668 0.2264 
        D395  2 0.6489 0.0860 0.0751 0.1900 
        D401  2 0.0501 0.0941 0.8124 0.0434 
        D402  2 0.8903 0.0278 0.0341 0.0478 
        D403  2 0.0835 0.0680 0.2244 0.6241 
        D415  2 0.0341 0.0312 0.0885 0.8463 
        D435  2 0.3103 0.0280 0.0880 0.5736 
        D436  2 0.0938 0.3412 0.1128 0.4522 
        D438  2 0.8925 0.0455 0.0299 0.0321 
        D439  2 0.1756 0.0524 0.1404 0.6317 
        D449  2 0.4992 0.0372 0.0651 0.3985 
        D450  2 0.0584 0.4837 0.1413 0.3166 
        D456  2 0.0251 0.0293 0.0308 0.9148 
        D462  2 0.8452 0.0236 0.0286 0.1025 
        D463  2 0.0275 0.0528 0.0281 0.8916 
        D464  2 0.1517 0.1795 0.0662 0.6026 
        D465  2 0.3474 0.0638 0.1519 0.4368 
        D473  2 0.0829 0.7264 0.1410 0.0496 
        D474  2 0.2368 0.0724 0.1019 0.5889 
        D476  2 0.2061 0.0349 0.5754 0.1837 
        D477  2 0.1168 0.1627 0.0904 0.6301 
        D478  2 0.1175 0.3965 0.1894 0.2965 
        D480  2 0.3411 0.1546 0.0611 0.4433 
        D481  2 0.1456 0.1964 0.1579 0.5001 
        D482  2 0.3048 0.3523 0.2320 0.1109 
        D483  2 0.8581 0.0736 0.0381 0.0302 
        D484  2 0.2869 0.4165 0.1200 0.1765 
        D510  2 0.0795 0.8370 0.0381 0.0454 
        D511  2 0.2367 0.0554 0.0999 0.6081 
        D512  2 0.2011 0.0619 0.6206 0.1164 
        D513  2 0.5867 0.1055 0.0944 0.2134 
        D635  2 0.0553 0.0390 0.1027 0.8030 
        D636  2 0.0331 0.0400 0.8377 0.0892 
        D637  2 0.4525 0.2374 0.1757 0.1343 
        D658  2 0.5933 0.2368 0.1189 0.0509 
        D659  2 0.0575 0.0623 0.0539 0.8263 
        D677  2 0.2001 0.1018 0.3273 0.3709 
        D678  2 0.7312 0.0856 0.0913 0.0919 
        D679  2 0.2082 0.1089 0.0727 0.6102 
        D719  2 0.3153 0.3976 0.0453 0.2418 
        D720  2 0.0825 0.1792 0.0780 0.6603 
        D721  2 0.1616 0.0736 0.4396 0.3252 
        D722  2 0.0609 0.8387 0.0542 0.0462 
        D734  2 0.3074 0.5044 0.0348 0.1534 
        D735  2 0.1889 0.1729 0.1737 0.4646 
        D736  2 0.2389 0.4590 0.0898 0.2123 
        D737  2 0.7129 0.1176 0.1131 0.0564 
        D807  2 0.1763 0.4577 0.1116 0.2544 
        D808  2 0.2535 0.0746 0.4290 0.2429 
        D817  2 0.0622 0.2644 0.1093 0.5641 
        D818  2 0.5320 0.0754 0.1465 0.2462 
        D819  2 0.0962 0.1481 0.2402 0.5156 
        D820  2 0.1111 0.0601 0.0431 0.7856 
        D895  2 0.0689 0.0680 0.1409 0.7223 
        D896  2 0.0295 0.0979 0.8369 0.0357 
        D897  2 0.7529 0.0679 0.0975 0.0817 
        D898  2 0.1616 0.2849 0.2291 0.3245 
        D918  2 0.2630 0.1520 0.4821 0.1030 
        D919  2 0.2841 0.0599 0.0721 0.5839 
        D920  2 0.0465 0.0626 0.8500 0.0409 
        D923  2 0.0487 0.0709 0.0349 0.8456 
        D930  2 0.1043 0.3374 0.1092 0.4490 
        D931  2 0.2701 0.1709 0.0801 0.4789 
        D968  2 0.8989 0.0233 0.0238 0.0541 
        D969  2 0.3574 0.0809 0.0681 0.4936 
        D977  2 0.7921 0.0360 0.0602 0.1116 
        D978  2 0.6439 0.1079 0.0634 0.1848 
        D211  3 0.0737 0.0576 0.7124 0.1564 
     D229639  3 0.6645 0.1683 0.0692 0.0981 
     D237212  3 0.3615 0.1140 0.1840 0.3405 
     D237213  3 0.1071 0.0884 0.5496 0.2550 
     D237214  3 0.0376 0.0826 0.5831 0.2968 
     D237215  3 0.7088 0.2269 0.0353 0.0290 
     D237216  3 0.2232 0.0758 0.3196 0.3814 
     D237217  3 0.0774 0.0298 0.6340 0.2587 
     D237218  3 0.5636 0.0570 0.1807 0.1987 
     D237219  3 0.1387 0.1591 0.6359 0.0663 
     D237382  3 0.1042 0.3969 0.2992 0.1996 
     D244127  3 0.1826 0.0646 0.6786 0.0741 
     D244129  3 0.1537 0.1278 0.3297 0.3888 
     D244133  3 0.2607 0.3524 0.1711 0.2158 
     D244134  3 0.4080 0.2918 0.2123 0.0879 
     D244135  3 0.1124 0.0414 0.6855 0.1607 
     D244136  3 0.1483 0.4816 0.0892 0.2809 
        D416  3 0.2864 0.0856 0.2088 0.4192 
        D417  3 0.0454 0.0775 0.1660 0.7111 
        D419  3 0.2641 0.1387 0.4182 0.1790 
        D565  3 0.0519 0.8272 0.0335 0.0875 
        D566  3 0.4081 0.4235 0.0535 0.1150 
        D567  3 0.0455 0.0593 0.2023 0.6928 
        D568  3 0.1891 0.0438 0.3803 0.3868 
        D569  3 0.4285 0.1378 0.1640 0.2697 
        D573  3 0.6543 0.0345 0.0407 0.2706 
        D574  3 0.1165 0.6517 0.1165 0.1153 
        D575  3 0.1937 0.2934 0.2636 0.2493 
        D576  3 0.8568 0.0829 0.0395 0.0208 
        D577  3 0.0601 0.1110 0.1196 0.7093 
        D578  3 0.0535 0.0265 0.8482 0.0718 
        D579  3 0.2845 0.2722 0.1156 0.3278 
        D660  3 0.6219 0.0839 0.2031 0.0911 
        D661  3 0.7903 0.0362 0.0969 0.0765 
        D663  3 0.7730 0.0726 0.0403 0.1141 
        D664  3 0.2292 0.3178 0.4062 0.0468 
        D665  3 0.2299 0.0713 0.5662 0.1327 
        D666  3 0.1175 0.3246 0.3734 0.1846 
        D009  4 0.0735 0.0828 0.5522 0.2915 
        D057  4 0.4987 0.0884 0.3092 0.1037 
        D109  4 0.0542 0.1047 0.7450 0.0961 
     D237222  4 0.0511 0.2046 0.6840 0.0604 
     D237223  4 0.1743 0.1998 0.5333 0.0926 
     D237224  4 0.4923 0.1075 0.0788 0.3214 
     D237225  4 0.1299 0.1037 0.3667 0.3997 
     D237299  4 0.1563 0.1162 0.5945 0.1329 
     D237300  4 0.8160 0.0902 0.0558 0.0381 
     D237306  4 0.0526 0.6818 0.1302 0.1354 
     D237307  4 0.1490 0.3917 0.1071 0.3522 
     D237308  4 0.5455 0.1741 0.1565 0.1240 
     D237309  4 0.1028 0.0807 0.2865 0.5301 
     D237317  4 0.0746 0.5592 0.0785 0.2877 
     D237318  4 0.8707 0.0563 0.0271 0.0459 
     D237319  4 0.1437 0.1437 0.5146 0.1980 
     D237320  4 0.2923 0.0829 0.4929 0.1319 
     D237321  4 0.6783 0.1135 0.0874 0.1208 
     D237397  4 0.2863 0.3180 0.2984 0.0973 
     D237398  4 0.6134 0.0354 0.0699 0.2812 
     D237399  4 0.2532 0.3486 0.1812 0.2170 
     D244001  4 0.1323 0.0863 0.6885 0.0928 
        D289  4 0.2862 0.2728 0.1215 0.3195 
        D290  4 0.2165 0.3160 0.1996 0.2678 
        D294  4 0.1927 0.2248 0.1027 0.4797 
        D295  4 0.0904 0.2127 0.3121 0.3847 
        D301  4 0.1020 0.0853 0.7799 0.0327 
        D302  4 0.0632 0.0923 0.0668 0.7778 
        D303  4 0.0850 0.7293 0.1081 0.0775 
        D304  4 0.2585 0.4265 0.0787 0.2363 
        D305  4 0.3495 0.0460 0.1754 0.4291 
        D306  4 0.0881 0.4890 0.1360 0.2869 
        D307  4 0.0713 0.0885 0.8088 0.0314 
        D327  4 0.0939 0.1397 0.0704 0.6960 
        D328  4 0.0683 0.7449 0.1092 0.0775 
        D329  4 0.4059 0.1397 0.2313 0.2231 
        D330  4 0.0614 0.0572 0.3431 0.5382 
        D331  4 0.2360 0.3248 0.2280 0.2112 
        D333  4 0.2101 0.3887 0.2719 0.1293 
        D334  4 0.0618 0.6557 0.1194 0.1631 
        D335  4 0.1246 0.1494 0.0512 0.6748 
        D370  4 0.0678 0.6228 0.2045 0.1049 
        D371  4 0.0534 0.8065 0.0339 0.1062 
        D372  4 0.8314 0.0822 0.0556 0.0308 
        D373  4 0.2117 0.0485 0.6547 0.0851 
        D455  4 0.0810 0.0504 0.8061 0.0625 
        D490  4 0.0257 0.0419 0.8983 0.0340 
        D497  4 0.0629 0.0437 0.8377 0.0557 
        D498  4 0.2015 0.4505 0.2353 0.1126 
        D499  4 0.5289 0.2471 0.0994 0.1246 
        D514  4 0.0653 0.0707 0.0991 0.7649 
        D515  4 0.0677 0.1218 0.7020 0.1085 
        D516  4 0.1788 0.2333 0.3655 0.2223 
        D517  4 0.1118 0.0341 0.7729 0.0812 
        D518  4 0.1840 0.3124 0.3361 0.1675 
        D519  4 0.1127 0.0607 0.7435 0.0831 
        D560  4 0.1966 0.0518 0.6201 0.1315 
        D561  4 0.0722 0.0366 0.2490 0.6422 
        D562  4 0.2350 0.2377 0.2975 0.2298 
        D563  4 0.6046 0.0481 0.1089 0.2384 
        D572  4 0.1422 0.1957 0.1884 0.4737 
        D629  4 0.0893 0.1069 0.2336 0.5703 
        D630  4 0.1740 0.2777 0.2439 0.3045 
        D631  4 0.5737 0.1508 0.1289 0.1466 
        D632  4 0.1798 0.0650 0.6160 0.1393 
        D646  4 0.1323 0.0615 0.4664 0.3398 
        D647  4 0.1342 0.0518 0.3163 0.4976 
        D648  4 0.0485 0.8298 0.0739 0.0479 
        D649  4 0.0609 0.0634 0.3219 0.5538 
        D650  4 0.1296 0.3575 0.2327 0.2802 
        D708  4 0.1160 0.6297 0.1188 0.1355 
        D709  4 0.0913 0.4770 0.2156 0.2162 
        D738  4 0.0644 0.5733 0.2455 0.1168 
        D739  4 0.1473 0.1575 0.5467 0.1485 
        D740  4 0.3783 0.2086 0.2936 0.1195 
        D741  4 0.2683 0.0479 0.3855 0.2983 
        D742  4 0.6371 0.1554 0.1132 0.0944 
        D743  4 0.1492 0.0879 0.0522 0.7108 
        D744  4 0.2656 0.0796 0.0918 0.5630 
        D745  4 0.0563 0.0458 0.8430 0.0550 
        D814  4 0.6075 0.0549 0.1216 0.2160 
        D815  4 0.1352 0.2463 0.1448 0.4737 
        D828  4 0.1630 0.7017 0.0980 0.0372 
        D845  4 0.8501 0.0682 0.0309 0.0508 
        D846  4 0.3235 0.0438 0.1626 0.4701 
        D847  4 0.2103 0.1729 0.3557 0.2611 
        D848  4 0.3728 0.0411 0.5376 0.0486 
        D849  4 0.0800 0.0526 0.7413 0.1261 
        D850  4 0.1688 0.1720 0.1808 0.4783 
        D856  4 0.0748 0.1727 0.5017 0.2508 
        D857  4 0.0653 0.0810 0.8284 0.0253 
        D859  4 0.2617 0.2003 0.1398 0.3983 
        D860  4 0.3171 0.4293 0.0464 0.2073 
        D883  4 0.0750 0.3019 0.3502 0.2729 
        D884  4 0.0595 0.3399 0.4705 0.1300 
        D885  4 0.4455 0.0668 0.1353 0.3524 
        D886  4 0.1055 0.0940 0.5807 0.2198 
        D887  4 0.4312 0.1812 0.1859 0.2017 
        D889  4 0.4981 0.2018 0.0495 0.2506 
        D890  4 0.1282 0.5672 0.1732 0.1314 
        D891  4 0.9234 0.0248 0.0194 0.0324 
        D899  4 0.6520 0.2151 0.0470 0.0859 
        D900  4 0.1604 0.2138 0.2072 0.4186 
        D970  4 0.2679 0.1345 0.1532 0.4443 
        D971  4 0.5445 0.1439 0.0844 0.2272 
        D979  4 0.1208 0.1576 0.0446 0.6770 
        D093  5 0.0897 0.7519 0.0820 0.0764 
        D154  5 0.6179 0.1749 0.0887 0.1186 
        D168  5 0.4657 0.0615 0.2762 0.1965 
        D189  5 0.2554 0.5753 0.0773 0.0919 
        D190  5 0.0886 0.7934 0.0470 0.0711 
     D237220  5 0.1516 0.1414 0.5953 0.1118 
     D237221  5 0.3324 0.4164 0.1074 0.1438 
     D237274  5 0.0447 0.0518 0.0522 0.8513 
     D237275  5 0.8279 0.0791 0.0591 0.0340 
     D237276  5 0.1024 0.4543 0.3160 0.1272 
     D237277  5 0.2535 0.6118 0.0527 0.0821 
     D237278  5 0.4524 0.2833 0.1786 0.0856 
     D237279  5 0.0916 0.0488 0.4530 0.4066 
     D237280  5 0.0503 0.1211 0.4918 0.3368 
     D237281  5 0.8248 0.0361 0.0338 0.1053 
     D237351  5 0.0578 0.1339 0.7536 0.0547 
     D237352  5 0.1297 0.1593 0.4224 0.2886 
     D237353  5 0.0777 0.8262 0.0484 0.0478 
     D237359  5 0.2847 0.1276 0.4022 0.1854 
     D237361  5 0.0378 0.8866 0.0358 0.0398 
     D237362  5 0.1401 0.3534 0.1260 0.3805 
     D237363  5 0.3675 0.1737 0.1258 0.3330 
     D237364  5 0.4043 0.0641 0.2287 0.3029 
     D237376  5 0.0594 0.8709 0.0380 0.0317 
     D237377  5 0.0726 0.1117 0.2366 0.5791 
     D237378  5 0.1533 0.7527 0.0533 0.0406 
     D237379  5 0.1128 0.7012 0.0978 0.0881 
     D237380  5 0.0287 0.2106 0.7029 0.0577 
     D237381  5 0.1108 0.1547 0.5972 0.1373 
     D237391  5 0.1039 0.7230 0.0800 0.0932 
     D237392  5 0.1390 0.0997 0.0932 0.6681 
     D237393  5 0.1288 0.3120 0.1469 0.4123 
     D237394  5 0.0349 0.8433 0.0471 0.0747 
     D237395  5 0.1721 0.5613 0.1895 0.0772 
     D237396  5 0.1002 0.1032 0.0846 0.7119 
     D244016  5 0.2579 0.3760 0.0559 0.3102 
     D244018  5 0.5426 0.2247 0.1278 0.1049 
     D244019  5 0.2221 0.2179 0.0706 0.4895 
        D279  5 0.6363 0.0885 0.1561 0.1191 
        D280  5 0.2908 0.2922 0.1191 0.2978 
        D281  5 0.7694 0.1135 0.0327 0.0845 
        D283  5 0.1590 0.4706 0.0625 0.3080 
        D284  5 0.1374 0.1065 0.5942 0.1618 
        D285  5 0.1538 0.5555 0.0909 0.1998 
        D286  5 0.1341 0.4888 0.1729 0.2041 
        D287  5 0.0681 0.7909 0.1028 0.0383 
        D288  5 0.3229 0.2505 0.0679 0.3587 
        D308  5 0.0348 0.0493 0.7958 0.1201 
        D309  5 0.0732 0.0580 0.0842 0.7847 
        D310  5 0.0457 0.8690 0.0392 0.0462 
        D311  5 0.1014 0.5622 0.0859 0.2504 
        D312  5 0.0960 0.6458 0.0920 0.1662 
        D313  5 0.0238 0.0409 0.9104 0.0249 
        D314  5 0.3698 0.2470 0.2769 0.1063 
        D315  5 0.0970 0.4822 0.1397 0.2811 
        D317  5 0.0463 0.8502 0.0469 0.0566 
        D318  5 0.2082 0.1841 0.1744 0.4334 
        D319  5 0.0704 0.8211 0.0632 0.0453 
        D320  5 0.0613 0.7770 0.0872 0.0745 
        D321  5 0.0944 0.1010 0.6563 0.1484 
        D336  5 0.0286 0.9029 0.0286 0.0399 
        D337  5 0.0797 0.8579 0.0250 0.0373 
        D338  5 0.2836 0.1933 0.2860 0.2371 
        D339  5 0.1584 0.6555 0.1129 0.0731 
        D347  5 0.1849 0.3730 0.0601 0.3820 
        D348  5 0.0519 0.8430 0.0291 0.0760 
        D349  5 0.0489 0.1030 0.7985 0.0496 
        D350  5 0.2048 0.0885 0.1450 0.5617 
        D355  5 0.4966 0.1023 0.0411 0.3601 
        D356  5 0.0653 0.5430 0.1292 0.2626 
        D357  5 0.1596 0.5092 0.1431 0.1881 
        D358  5 0.0913 0.5732 0.0953 0.2402 
        D359  5 0.0484 0.4882 0.0524 0.4110 
        D360  5 0.0506 0.6839 0.1091 0.1564 
        D361  5 0.0335 0.0541 0.8711 0.0413 
        D366  5 0.2326 0.0394 0.0545 0.6736 
        D367  5 0.0545 0.7977 0.0995 0.0482 
        D368  5 0.0899 0.4131 0.3036 0.1934 
        D380  5 0.1225 0.0832 0.1257 0.6686 
        D381  5 0.1650 0.5836 0.0710 0.1805 
        D400  5 0.2873 0.5183 0.0993 0.0951 
        D411  5 0.0429 0.0314 0.8773 0.0485 
        D412  5 0.3367 0.2448 0.1731 0.2454 
        D413  5 0.7550 0.0492 0.0639 0.1320 
        D414  5 0.6286 0.0880 0.0884 0.1949 
        D420  5 0.2569 0.2287 0.3281 0.1863 
        D431  5 0.2908 0.4330 0.2214 0.0548 
        D432  5 0.1979 0.5409 0.1671 0.0941 
        D433  5 0.1817 0.6781 0.0631 0.0771 
        D434  5 0.1064 0.5858 0.1329 0.1750 
        D440  5 0.1476 0.0842 0.1537 0.6146 
        D447  5 0.0649 0.0558 0.0836 0.7957 
        D448  5 0.0694 0.8095 0.0366 0.0846 
        D459  5 0.7581 0.0678 0.0421 0.1320 
        D460  5 0.0673 0.0825 0.6661 0.1842 
        D461  5 0.0776 0.0846 0.0515 0.7864 
        D468  5 0.0920 0.4578 0.1201 0.3302 
        D469  5 0.0913 0.2189 0.1902 0.4996 
        D470  5 0.0780 0.3541 0.4059 0.1620 
        D471  5 0.1256 0.7524 0.0373 0.0846 
        D472  5 0.2603 0.0362 0.0340 0.6695 
        D479  5 0.7912 0.0811 0.0504 0.0773 
        D485  5 0.1564 0.5989 0.1275 0.1172 
        D486  5 0.0934 0.3776 0.2551 0.2738 
        D487  5 0.5419 0.3039 0.0963 0.0579 
        D555  5 0.0921 0.8307 0.0375 0.0397 
        D556  5 0.2960 0.4635 0.1330 0.1075 
        D557  5 0.0825 0.8185 0.0368 0.0621 
        D564  5 0.0912 0.5445 0.1938 0.1705 
        D594  5 0.1235 0.3236 0.0872 0.4656 
        D595  5 0.1773 0.4969 0.0931 0.2326 
        D596  5 0.0625 0.8621 0.0391 0.0364 
        D597  5 0.4506 0.2949 0.0528 0.2017 
        D598  5 0.1340 0.5330 0.1932 0.1398 
        D617  5 0.1768 0.0451 0.7111 0.0670 
        D618  5 0.2518 0.5405 0.0955 0.1122 
        D619  5 0.0757 0.3188 0.2374 0.3680 
        D620  5 0.8752 0.0354 0.0370 0.0525 
        D628  5 0.1469 0.3608 0.2900 0.2023 
        D714  5 0.3233 0.5600 0.0512 0.0654 
        D715  5 0.1933 0.6105 0.0538 0.1424 
        D716  5 0.2519 0.4299 0.0710 0.2472 
        D717  5 0.1167 0.2492 0.1880 0.4461 
        D718  5 0.1191 0.4685 0.3551 0.0573 
        D769  5 0.1487 0.0912 0.6538 0.1063 
        D770  5 0.4603 0.3294 0.0836 0.1267 
        D771  5 0.3921 0.2764 0.1845 0.1470 
        D772  5 0.1002 0.6750 0.0898 0.1350 
        D782  5 0.2900 0.0731 0.2653 0.3716 
        D783  5 0.5660 0.2301 0.0713 0.1327 
        D784  5 0.1526 0.1352 0.0951 0.6172 
        D785  5 0.0479 0.7844 0.0894 0.0783 
        D786  5 0.0818 0.0805 0.5757 0.2620 
        D821  5 0.0494 0.8879 0.0303 0.0324 
        D822  5 0.1087 0.2325 0.0565 0.6023 
        D826  5 0.4629 0.3577 0.0756 0.1038 
        D827  5 0.1179 0.1199 0.1171 0.6452 
        D851  5 0.1604 0.2686 0.1405 0.4305 
        D852  5 0.4881 0.2901 0.1592 0.0626 
        D853  5 0.1959 0.5332 0.1186 0.1523 
        D854  5 0.2738 0.1010 0.1789 0.4463 
        D861  5 0.3344 0.2462 0.1854 0.2340 
        D862  5 0.0545 0.5600 0.0771 0.3084 
        D865  5 0.0975 0.7831 0.0731 0.0463 
        D868  5 0.0964 0.1769 0.1469 0.5799 
        D869  5 0.0537 0.0642 0.7834 0.0987 
        D870  5 0.0783 0.0365 0.1396 0.7455 
        D907  5 0.0643 0.7574 0.1030 0.0753 
        D908  5 0.5550 0.3065 0.0974 0.0411 
        D910  5 0.3607 0.4906 0.0475 0.1012 
        D911  5 0.6395 0.0821 0.0360 0.2424 
        D934  5 0.5665 0.1782 0.0738 0.1815 
        D946  5 0.3554 0.3306 0.2291 0.0848 
        D947  5 0.2309 0.1731 0.1550 0.4409 
        D948  5 0.0385 0.1576 0.7118 0.0921 
        D949  5 0.0366 0.1060 0.7769 0.0806 
        D950  5 0.6818 0.0908 0.0322 0.1952 
        D951  5 0.0421 0.1278 0.0540 0.7761 
        D952  5 0.1180 0.1907 0.0902 0.6011 
        D953  5 0.0825 0.7464 0.0680 0.1032 
        D954  5 0.0618 0.3646 0.0713 0.5024 
        D961  5 0.0903 0.6910 0.1582 0.0606 
        D962  5 0.0322 0.8545 0.0406 0.0727 
        D963  5 0.1569 0.4558 0.0671 0.3202 
        D964  5 0.2357 0.2545 0.3339 0.1759 
        D965  5 0.2408 0.3719 0.1627 0.2246 
        D966  5 0.2562 0.3925 0.0727 0.2785 
        D967  5 0.4024 0.2969 0.1861 0.1145 
        D991  5 0.0947 0.3052 0.4110 0.1890 
        D502  6 0.3749 0.1038 0.3040 0.2172 
        D503  6 0.4812 0.0661 0.3707 0.0820 
        D504  6 0.1869 0.1852 0.1461 0.4818 
        D505  6 0.2591 0.3741 0.1244 0.2425 
        D506  6 0.0303 0.8777 0.0337 0.0583 
        D507  6 0.5040 0.1216 0.2091 0.1652 
        D508  6 0.2141 0.1236 0.0912 0.5711 
        D529  6 0.1278 0.2945 0.2964 0.2814 
        D530  6 0.0910 0.6987 0.1623 0.0481 
        D531  6 0.1505 0.3013 0.1559 0.3923 
        D532  6 0.1110 0.5069 0.0727 0.3094 
        D534  6 0.0589 0.0509 0.7598 0.1305 
        D535  6 0.0665 0.5157 0.1178 0.2999 
        D536  6 0.7240 0.0467 0.1612 0.0681 
        D554  6 0.0545 0.7291 0.1145 0.1020 
        D587  6 0.0889 0.7192 0.0701 0.1218 
        D588  6 0.0951 0.3317 0.0603 0.5129 
        D589  6 0.6355 0.1433 0.1218 0.0995 
        D590  6 0.7477 0.0715 0.0765 0.1043 
        D591  6 0.3793 0.2059 0.1290 0.2858 
        D592  6 0.0723 0.0759 0.7256 0.1261 
        D593  6 0.0825 0.7794 0.0970 0.0412 
        D682  6 0.0627 0.8126 0.0629 0.0618 
        D683  6 0.0646 0.2490 0.1066 0.5798 
        D684  6 0.4339 0.0391 0.3644 0.1626 
        D685  6 0.5019 0.1724 0.1864 0.1393 
        D686  6 0.0464 0.8153 0.0514 0.0869 
        D724  6 0.1907 0.0766 0.2062 0.5265 
        D725  6 0.2918 0.4689 0.1228 0.1165 
        D726  6 0.0335 0.8695 0.0503 0.0467 
        D727  6 0.3433 0.1577 0.0932 0.4058 
        D728  6 0.0486 0.7914 0.0673 0.0927 
        D729  6 0.1608 0.0422 0.2969 0.5001 
        D730  6 0.2972 0.1021 0.3679 0.2328 
        D731  6 0.3101 0.6262 0.0363 0.0274 
        D732  6 0.1361 0.1582 0.1308 0.5748 
        D733  6 0.1783 0.3109 0.3129 0.1979 
     D237251  7 0.6286 0.1779 0.1312 0.0624 
     D237252  7 0.2753 0.0622 0.5795 0.0830 
     D237253  7 0.4623 0.2661 0.0996 0.1720 
     D237254  7 0.0598 0.0278 0.8095 0.1030 
     D237255  7 0.7909 0.0923 0.0471 0.0696 
     D237256  7 0.5551 0.1331 0.0614 0.2504 
     D237257  7 0.1396 0.1035 0.4422 0.3146 
     D237282  7 0.0885 0.0490 0.1576 0.7049 
     D237283  7 0.0791 0.0501 0.8346 0.0362 
     D237284  7 0.0568 0.0331 0.7863 0.1237 
     D237285  7 0.2039 0.5972 0.0776 0.1213 
     D237286  7 0.2153 0.3136 0.1057 0.3653 
     D237287  7 0.5175 0.0980 0.1041 0.2804 
     D244006  7 0.0432 0.0368 0.8346 0.0854 
     D244007  7 0.4980 0.0832 0.1159 0.3028 
     D244008  7 0.0610 0.0913 0.8014 0.0463 
     D244009  7 0.0622 0.1255 0.7037 0.1087 
     D244010  7 0.1909 0.1247 0.5092 0.1752 
     D244011  7 0.3675 0.3381 0.1973 0.0971 
     D244012  7 0.4150 0.1177 0.2225 0.2448 
     D244013  7 0.5271 0.2346 0.1363 0.1019 
     D244014  7 0.4017 0.1003 0.3449 0.1531 
     D244015  7 0.1144 0.0727 0.4728 0.3400 
     D244125  7 0.3485 0.3326 0.0695 0.2494 
     D244126  7 0.0309 0.0242 0.9063 0.0386 
     D244130  7 0.1801 0.2400 0.3903 0.1896 
     D244131  7 0.1752 0.3388 0.2042 0.2818 
     D244132  7 0.0696 0.5246 0.0921 0.3138 
        D520  7 0.0868 0.4009 0.3278 0.1845 
        D521  7 0.1752 0.2213 0.3498 0.2538 
        D522  7 0.0952 0.0804 0.5996 0.2248 
        D523  7 0.7784 0.0816 0.0700 0.0700 
        D524  7 0.4200 0.2697 0.1925 0.1178 
        D525  7 0.3190 0.0628 0.5323 0.0860 
        D526  7 0.0611 0.0318 0.7139 0.1932 
        D527  7 0.2297 0.1420 0.2660 0.3623 
        D528  7 0.0242 0.0304 0.1326 0.8128 
        D558  7 0.2349 0.0951 0.2290 0.4410 
        D559  7 0.2905 0.0371 0.1950 0.4774 
        D640  7 0.3224 0.3473 0.1434 0.1869 
        D641  7 0.3026 0.3846 0.2549 0.0580 
        D642  7 0.2315 0.1293 0.5201 0.1190 
        D644  7 0.1571 0.3868 0.3306 0.1255 
        D645  7 0.3512 0.1923 0.3018 0.1547 
        D662  7 0.0363 0.1745 0.5385 0.2507 
        D687  7 0.4563 0.1370 0.1782 0.2285 
        D688  7 0.1738 0.0751 0.2403 0.5107 
        D689  7 0.2769 0.3206 0.1513 0.2512 
        D700  7 0.0352 0.0282 0.0717 0.8650 
        D797  7 0.2381 0.2800 0.2173 0.2647 
        D798  7 0.0579 0.0762 0.7205 0.1454 
        D799  7 0.5864 0.0685 0.2521 0.0930 
        D800  7 0.1342 0.0456 0.1603 0.6600 
        D132  8 0.0341 0.0582 0.8458 0.0619 
        D133  8 0.8415 0.0280 0.0967 0.0338 
        D200  8 0.3397 0.2774 0.1925 0.1904 
        D500  8 0.0260 0.0412 0.8954 0.0373 
        D614  8 0.0800 0.5630 0.2503 0.1067 
        D723  8 0.1541 0.0908 0.3984 0.3568 
        D888  8 0.8435 0.0468 0.0510 0.0588 
        D901  8 0.1471 0.1401 0.6676 0.0452 
        D902  8 0.0614 0.8068 0.0781 0.0537 
        D903  8 0.1204 0.2445 0.0533 0.5817 
        D904  8 0.1710 0.1703 0.2547 0.4040 
        D905  8 0.7496 0.1868 0.0336 0.0300 
        D906  8 0.6084 0.0575 0.1121 0.2220 
        D937  8 0.0778 0.8552 0.0435 0.0236 
        D943  8 0.2076 0.0886 0.4376 0.2663 
        D972  8 0.0950 0.1088 0.5634 0.2328 
        D973  8 0.0574 0.1151 0.2789 0.5486 
        D974  8 0.1835 0.3575 0.2745 0.1845 
        D975  8 0.2418 0.4706 0.1328 0.1548 
        D976  8 0.2416 0.3158 0.3104 0.1321 
        D201  9 0.4868 0.1174 0.1617 0.2341 
        D202  9 0.4415 0.2514 0.2270 0.0801 
     D237259  9 0.1301 0.0381 0.1515 0.6803 
     D237260  9 0.5293 0.0799 0.3386 0.0522 
     D237262  9 0.0284 0.0446 0.8620 0.0650 
     D237263  9 0.2336 0.0614 0.5902 0.1148 
     D237264  9 0.1966 0.2484 0.4064 0.1486 
     D237265  9 0.7500 0.0792 0.1271 0.0437 
     D237266  9 0.6010 0.0390 0.2323 0.1277 
     D237267  9 0.1499 0.4250 0.2004 0.2247 
     D237268  9 0.0701 0.1356 0.6097 0.1846 
     D237289  9 0.4209 0.4034 0.1247 0.0509 
     D237290  9 0.8348 0.0410 0.0805 0.0437 
     D237291  9 0.7299 0.0783 0.1199 0.0720 
     D237292  9 0.5859 0.0566 0.2761 0.0815 
     D237293  9 0.1382 0.3148 0.3748 0.1722 
     D237294  9 0.2135 0.0907 0.6610 0.0348 
     D237295  9 0.0586 0.3373 0.2939 0.3102 
     D237296  9 0.2596 0.2433 0.3144 0.1826 
     D237297  9 0.0893 0.7435 0.0870 0.0801 
     D237298  9 0.3223 0.1306 0.3073 0.2399 
     D237341  9 0.5662 0.0985 0.1656 0.1696 
     D237342  9 0.0984 0.1324 0.6856 0.0837 
     D237343  9 0.3492 0.0672 0.4540 0.1296 
     D237344  9 0.2394 0.5573 0.1047 0.0986 
     D237345  9 0.0510 0.0312 0.8669 0.0510 
     D237346  9 0.5325 0.2116 0.1972 0.0587 
     D237347  9 0.2846 0.5185 0.0945 0.1023 
     D237348  9 0.2821 0.2491 0.3190 0.1498 
     D237349  9 0.3543 0.0377 0.1999 0.4082 
     D244109  9 0.5549 0.0244 0.1883 0.2324 
     D244110  9 0.7536 0.0448 0.0975 0.1041 
     D244111  9 0.3372 0.1970 0.2172 0.2486 
     D244128  9 0.0754 0.0734 0.7881 0.0631 
     D244137  9 0.1341 0.1013 0.1816 0.5830 
     D244138  9 0.5076 0.2163 0.1819 0.0943 
        D580  9 0.0443 0.1349 0.5448 0.2759 
        D581  9 0.8501 0.0417 0.0724 0.0358 
        D582  9 0.0303 0.0394 0.8909 0.0394 
        D583  9 0.7377 0.0449 0.1788 0.0387 
        D584  9 0.0855 0.5707 0.2782 0.0655 
        D585  9 0.2366 0.0461 0.6332 0.0841 
        D586  9 0.8086 0.0883 0.0427 0.0604 
        D651  9 0.2483 0.1777 0.1254 0.4486 
        D652  9 0.1512 0.0489 0.4549 0.3449 
        D653  9 0.4465 0.0903 0.0681 0.3950 
        D654  9 0.3546 0.0608 0.1959 0.3886 
        D655  9 0.4159 0.2972 0.0951 0.1918 
        D656  9 0.0740 0.0776 0.7210 0.1274 
        D657  9 0.2266 0.1834 0.4306 0.1595 
        D667  9 0.2497 0.5487 0.0813 0.1203 
        D668  9 0.2191 0.1527 0.5364 0.0918 
        D669  9 0.6371 0.0898 0.1726 0.1006 
        D670  9 0.0709 0.0833 0.0780 0.7677 
        D671  9 0.7223 0.0787 0.1200 0.0791 
        D672  9 0.1075 0.0587 0.7408 0.0930 
        D673  9 0.1558 0.2752 0.3828 0.1861 
        D692  9 0.2948 0.0647 0.5221 0.1184 
        D693  9 0.1416 0.3951 0.2399 0.2234 
        D694  9 0.0774 0.0668 0.7968 0.0591 
        D695  9 0.1029 0.0909 0.5334 0.2728 
        D696  9 0.0306 0.9177 0.0242 0.0275 
        D697  9 0.2873 0.4383 0.1268 0.1476 
        D698  9 0.4181 0.3948 0.1198 0.0673 
        D699  9 0.1268 0.7274 0.1011 0.0446 
        D787  9 0.2006 0.0561 0.2940 0.4493 
        D788  9 0.0478 0.7267 0.1366 0.0889 
        D789  9 0.1770 0.3635 0.3763 0.0832 
        D790  9 0.3027 0.1268 0.2899 0.2806 
        D791  9 0.5638 0.2576 0.1299 0.0487 
        D792  9 0.2706 0.0556 0.2315 0.4423 
        D793  9 0.1639 0.5002 0.0611 0.2748 
        D794  9 0.1875 0.4026 0.1067 0.3032 
        D795  9 0.0871 0.1665 0.7038 0.0426 
        D796  9 0.5938 0.1531 0.1669 0.0863 
        D142 10 0.1704 0.5320 0.0701 0.2274 
        D143 10 0.7148 0.1583 0.0687 0.0582 
        D144 10 0.1204 0.3705 0.2311 0.2780 
        D145 10 0.7964 0.0597 0.0798 0.0641 
        D146 10 0.0472 0.1252 0.7027 0.1249 
        D147 10 0.1605 0.1708 0.3312 0.3374 
        D148 10 0.0887 0.1100 0.0876 0.7137 
        D149 10 0.7544 0.0570 0.0732 0.1155 
        D151 10 0.2994 0.1257 0.1578 0.4171 
        D152 10 0.9015 0.0334 0.0325 0.0325 
        D153 10 0.0649 0.4114 0.1333 0.3904 
        D156 10 0.2034 0.1043 0.0826 0.6096 
        D157 10 0.0945 0.6422 0.1881 0.0752 
        D158 10 0.2973 0.4032 0.2352 0.0643 
        D159 10 0.8706 0.0441 0.0355 0.0499 
        D160 10 0.6381 0.2832 0.0550 0.0237 
        D161 10 0.2105 0.2065 0.1866 0.3964 
        D162 10 0.2594 0.2519 0.0660 0.4227 
        D169 10 0.1071 0.0583 0.7227 0.1119 
        D170 10 0.0553 0.1583 0.6996 0.0868 
        D171 10 0.0658 0.6375 0.1346 0.1621 
        D172 10 0.1904 0.2307 0.3357 0.2431 
        D173 10 0.8237 0.0244 0.0671 0.0848 
        D181 10 0.1724 0.5520 0.0824 0.1933 
        D182 10 0.4814 0.0612 0.2235 0.2339 
        D183 10 0.0523 0.7870 0.0962 0.0645 
        D184 10 0.0288 0.0283 0.8235 0.1194 
        D185 10 0.0979 0.1341 0.1717 0.5962 
        D186 10 0.0829 0.0415 0.8315 0.0442 
        D194 10 0.1036 0.1455 0.5612 0.1897 
        D195 10 0.4482 0.2797 0.0755 0.1966 
        D196 10 0.4859 0.1674 0.0497 0.2969 
        D197 10 0.1979 0.0837 0.6779 0.0404 
        D198 10 0.0543 0.2492 0.1748 0.5217 
     D237226 10 0.6482 0.0519 0.1676 0.1323 
     D237232 10 0.4181 0.3884 0.1156 0.0778 
     D237233 10 0.6102 0.2097 0.1285 0.0516 
     D237234 10 0.1835 0.5243 0.1546 0.1376 
     D237354 10 0.8914 0.0383 0.0263 0.0440 
     D237355 10 0.7007 0.1257 0.0741 0.0995 
     D237356 10 0.0504 0.4739 0.1685 0.3073 
     D237357 10 0.4560 0.1130 0.3068 0.1243 
     D237358 10 0.1376 0.0857 0.2279 0.5488 
     D237369 10 0.0594 0.0354 0.8164 0.0889 
     D237370 10 0.1239 0.7661 0.0648 0.0453 
     D237371 10 0.1013 0.0849 0.2028 0.6110 
     D237372 10 0.4234 0.0514 0.3751 0.1501 
     D237373 10 0.3849 0.4132 0.0856 0.1163 
     D237374 10 0.7078 0.1924 0.0446 0.0552 
     D237375 10 0.3279 0.1490 0.1701 0.3530 
     D237400 10 0.8998 0.0426 0.0291 0.0285 
     D244002 10 0.1145 0.0522 0.3629 0.4705 
     D244003 10 0.5046 0.3857 0.0833 0.0264 
     D244004 10 0.0273 0.9201 0.0334 0.0192 
     D244005 10 0.6045 0.0639 0.2143 0.1172 
     D244020 10 0.1336 0.4236 0.1289 0.3140 
     D244021 10 0.2745 0.1119 0.5608 0.0528 
     D244116 10 0.1073 0.1858 0.5482 0.1587 
     D244117 10 0.3306 0.5132 0.0736 0.0826 
     D244121 10 0.1723 0.6220 0.1502 0.0554 
     D244123 10 0.2555 0.5202 0.1058 0.1185 
     D244124 10 0.2852 0.1829 0.4800 0.0518 
        D332 10 0.0917 0.1499 0.0813 0.6772 
        D570 10 0.0568 0.7913 0.0662 0.0856 
        D602 10 0.1243 0.0817 0.0964 0.6975 
        D603 10 0.3045 0.4111 0.1941 0.0903 
        D604 10 0.4337 0.1123 0.0608 0.3933 
        D605 10 0.2185 0.1155 0.2107 0.4553 
        D606 10 0.0556 0.3064 0.5737 0.0643 
        D607 10 0.0643 0.0449 0.0440 0.8467 
        D608 10 0.8715 0.0244 0.0215 0.0827 
        D609 10 0.0466 0.7171 0.0835 0.1529 
        D610 10 0.1993 0.3114 0.0898 0.3995 
        D611 10 0.0213 0.9284 0.0237 0.0267 
        D613 10 0.1643 0.3490 0.0865 0.4002 
        D633 10 0.1889 0.0456 0.1494 0.6161 
        D634 10 0.1254 0.5687 0.1571 0.1489 
        D638 10 0.8603 0.0581 0.0512 0.0304 
        D681 10 0.1206 0.4637 0.3029 0.1127 
        D754 10 0.1075 0.3460 0.5018 0.0447 
        D755 10 0.4883 0.4186 0.0676 0.0254 
        D756 10 0.1261 0.6061 0.1902 0.0776 
        D757 10 0.3939 0.1068 0.3070 0.1923 
        D758 10 0.2049 0.2342 0.3403 0.2207 
        D759 10 0.5065 0.3429 0.0699 0.0807 
        D760 10 0.3649 0.3403 0.1137 0.1811 
        D761 10 0.8994 0.0458 0.0350 0.0198 
        D762 10 0.1051 0.0781 0.0843 0.7325 
        D775 10 0.1966 0.6783 0.0909 0.0342 
        D776 10 0.8087 0.0946 0.0493 0.0474 
        D777 10 0.2742 0.4344 0.2012 0.0902 
        D778 10 0.7128 0.0533 0.1771 0.0568 
        D779 10 0.1344 0.4280 0.3684 0.0692 
        D780 10 0.5767 0.1954 0.1063 0.1216 
        D781 10 0.2596 0.1282 0.1225 0.4897 
        D858 10 0.0720 0.0251 0.8750 0.0279 
        D933 10 0.2474 0.1649 0.0505 0.5372 
        D038 11 0.4812 0.1297 0.1812 0.2079 
        D063 11 0.4709 0.3429 0.1201 0.0661 
        D155 11 0.3224 0.3697 0.1157 0.1921 
        D175 11 0.0725 0.5469 0.3167 0.0639 
        D176 11 0.6897 0.1892 0.0822 0.0389 
        D205 11 0.0296 0.7733 0.1501 0.0471 
     D237229 11 0.3447 0.0449 0.2517 0.3587 
     D237230 11 0.1182 0.0497 0.1492 0.6829 
     D237231 11 0.1269 0.0829 0.0776 0.7126 
     D237269 11 0.4003 0.1178 0.1839 0.2980 
     D237270 11 0.0776 0.0473 0.7569 0.1182 
     D237271 11 0.0890 0.6208 0.1588 0.1314 
     D237272 11 0.1388 0.0540 0.2876 0.5196 
     D237273 11 0.1636 0.6907 0.0663 0.0795 
     D237301 11 0.0753 0.2061 0.0753 0.6433 
     D237302 11 0.2137 0.0862 0.5533 0.1468 
     D237303 11 0.1834 0.0395 0.5233 0.2538 
     D237304 11 0.1719 0.2353 0.3206 0.2722 
     D237305 11 0.0945 0.1034 0.7391 0.0631 
     D237314 11 0.2131 0.4148 0.2351 0.1370 
     D237315 11 0.0978 0.0767 0.6655 0.1600 
     D237316 11 0.0432 0.1376 0.0512 0.7680 
     D237328 11 0.0421 0.3016 0.2748 0.3815 
     D237329 11 0.4437 0.1125 0.2948 0.1489 
     D237330 11 0.1494 0.7329 0.0688 0.0489 
     D237331 11 0.2506 0.3494 0.1172 0.2827 
     D237332 11 0.1191 0.3051 0.1665 0.4092 
     D237333 11 0.6136 0.2741 0.0455 0.0668 
     D237334 11 0.0606 0.1346 0.0562 0.7486 
     D237335 11 0.0905 0.3927 0.3056 0.2112 
     D237336 11 0.5297 0.1573 0.1990 0.1140 
     D237350 11 0.1026 0.7127 0.0685 0.1162 
     D237383 11 0.2752 0.2036 0.4298 0.0914 
     D237384 11 0.0937 0.0825 0.2554 0.5684 
     D237385 11 0.2507 0.2176 0.3162 0.2155 
     D237386 11 0.1818 0.2255 0.1334 0.4592 
     D237387 11 0.0526 0.1509 0.2617 0.5347 
     D237388 11 0.0630 0.7595 0.0547 0.1227 
        D239 11 0.2832 0.3976 0.0793 0.2399 
        D240 11 0.7845 0.0567 0.0975 0.0613 
        D241 11 0.0896 0.0453 0.0544 0.8107 
        D242 11 0.2582 0.1430 0.1408 0.4580 
        D243 11 0.1960 0.4984 0.1794 0.1262 
        D244 11 0.0507 0.7370 0.1487 0.0636 
