        D174  1 0.0398 0.0826 0.3538 0.1033 0.0733 0.0513 0.1087 0.0687 0.0718 0.0263 0.0205 
        D199  1 0.1479 0.0911 0.1255 0.0265 0.1373 0.1347 0.0275 0.0282 0.1057 0.1376 0.0381 
        D203  1 0.1040 0.0547 0.0569 0.0214 0.0948 0.1817 0.1056 0.1023 0.1427 0.0942 0.0417 
        D204  1 0.0405 0.0195 0.0208 0.0274 0.0228 0.6506 0.0236 0.0295 0.0445 0.0172 0.1036 
     D237366  1 0.0334 0.4201 0.0461 0.0223 0.0626 0.0579 0.1570 0.0222 0.0495 0.0414 0.0876 
     D237367  1 0.0793 0.1593 0.0389 0.0973 0.1088 0.1946 0.0782 0.0598 0.1114 0.0324 0.0400 
     D237368  1 0.0662 0.3186 0.1078 0.0348 0.0906 0.1789 0.0298 0.0551 0.0443 0.0277 0.0462 
     D244101  1 0.0620 0.0186 0.0203 0.0310 0.0767 0.1191 0.0183 0.0340 0.0400 0.1319 0.4483 
     D244102  1 0.0440 0.0636 0.0393 0.0936 0.0929 0.0582 0.0697 0.1140 0.2902 0.0671 0.0673 
     D244103  1 0.0336 0.1398 0.0381 0.1147 0.1149 0.2107 0.1047 0.0364 0.0860 0.0922 0.0288 
     D244104  1 0.0407 0.0332 0.0627 0.0985 0.0454 0.5706 0.0237 0.0387 0.0166 0.0361 0.0337 
     D244105  1 0.0178 0.1739 0.0164 0.0286 0.1263 0.0225 0.4373 0.0789 0.0498 0.0303 0.0183 
     D244106  1 0.0605 0.0213 0.4588 0.0380 0.0705 0.0739 0.1223 0.0275 0.0543 0.0522 0.0208 
     D244107  1 0.0979 0.3291 0.0166 0.0383 0.0891 0.0603 0.0288 0.1822 0.0224 0.0376 0.0977 
     D244108  1 0.0380 0.0311 0.2503 0.0321 0.0563 0.0433 0.0329 0.3600 0.0898 0.0353 0.0308 
     D244113  1 0.0393 0.0323 0.2625 0.1560 0.0421 0.0171 0.0167 0.0289 0.3075 0.0260 0.0717 
     D244114  1 0.0341 0.0508 0.0778 0.0367 0.2430 0.0544 0.2326 0.0337 0.0733 0.1244 0.0394 
     D244115  1 0.0289 0.0520 0.2170 0.0421 0.1338 0.1729 0.0576 0.1739 0.0456 0.0449 0.0314 
     D267365  1 0.0294 0.0985 0.1406 0.0399 0.0721 0.2348 0.0341 0.0383 0.0747 0.1982 0.0395 
        D404  1 0.0434 0.0231 0.1898 0.0924 0.0330 0.0290 0.0370 0.0486 0.3877 0.0318 0.0841 
        D405  1 0.0678 0.0308 0.0437 0.0817 0.0580 0.0991 0.0386 0.0514 0.4450 0.0352 0.0487 
        D406  1 0.0199 0.5203 0.0507 0.0161 0.0433 0.0571 0.0278 0.1522 0.0460 0.0218 0.0447 
        D407  1 0.0791 0.1208 0.0233 0.0720 0.0406 0.5652 0.0217 0.0199 0.0240 0.0171 0.0164 
        D408  1 0.0162 0.0238 0.2363 0.2740 0.0463 0.0749 0.0187 0.0615 0.0439 0.1691 0.0353 
        D409  1 0.0477 0.0668 0.0390 0.0429 0.1448 0.2439 0.0450 0.0465 0.0361 0.2571 0.0302 
        D410  1 0.0128 0.0234 0.0195 0.0271 0.0311 0.0451 0.0213 0.7479 0.0251 0.0156 0.0311 
        D421  1 0.0292 0.0155 0.0190 0.0158 0.0188 0.8425 0.0128 0.0110 0.0100 0.0149 0.0106 
        D422  1 0.0276 0.6715 0.0156 0.0188 0.0342 0.1049 0.0359 0.0253 0.0148 0.0346 0.0168 
        D423  1 0.0596 0.0574 0.0233 0.0196 0.0529 0.0755 0.0488 0.5952 0.0294 0.0172 0.0212 
        D424  1 0.0190 0.0909 0.0411 0.0463 0.0975 0.5579 0.0541 0.0217 0.0300 0.0190 0.0226 
        D425  1 0.0237 0.0523 0.0712 0.0531 0.1697 0.2184 0.0382 0.1146 0.1703 0.0580 0.0306 
        D426  1 0.0323 0.1157 0.0259 0.0690 0.1100 0.2379 0.0402 0.0175 0.0150 0.3136 0.0229 
        D427  1 0.3288 0.0261 0.1484 0.0327 0.0358 0.3420 0.0158 0.0201 0.0124 0.0221 0.0156 
        D428  1 0.0429 0.0677 0.1242 0.0571 0.0887 0.2694 0.0217 0.0831 0.1343 0.0417 0.0692 
        D429  1 0.0264 0.0209 0.1431 0.0212 0.0544 0.3799 0.1644 0.0276 0.0793 0.0502 0.0326 
        D430  1 0.0612 0.0442 0.1219 0.0743 0.2042 0.0793 0.1517 0.0396 0.1079 0.0875 0.0283 
        D491  1 0.0151 0.0333 0.5408 0.0886 0.0520 0.0843 0.0253 0.0515 0.0357 0.0475 0.0258 
        D492  1 0.0565 0.1139 0.1113 0.0365 0.1353 0.2733 0.0628 0.0582 0.0710 0.0315 0.0496 
        D537  1 0.0368 0.0883 0.0312 0.0864 0.0608 0.4033 0.0418 0.0790 0.1025 0.0175 0.0523 
        D538  1 0.0808 0.1083 0.1018 0.0385 0.1439 0.0589 0.0441 0.1371 0.1935 0.0343 0.0588 
        D539  1 0.0448 0.0440 0.1199 0.0775 0.0811 0.0293 0.2293 0.0663 0.0775 0.1898 0.0406 
        D540  1 0.0230 0.0559 0.0283 0.3270 0.1453 0.1676 0.0590 0.0752 0.0386 0.0543 0.0260 
        D541  1 0.0166 0.0179 0.0133 0.0159 0.0181 0.8348 0.0135 0.0201 0.0140 0.0186 0.0172 
        D551  1 0.1290 0.0786 0.0357 0.0527 0.1617 0.0928 0.1920 0.0267 0.0412 0.1656 0.0240 
        D552  1 0.0270 0.0788 0.1553 0.0821 0.0833 0.1027 0.0660 0.2574 0.0200 0.0556 0.0718 
        D553  1 0.0142 0.0181 0.0193 0.0301 0.0284 0.8046 0.0177 0.0163 0.0120 0.0186 0.0206 
        D615  1 0.0553 0.0310 0.0461 0.0405 0.0736 0.4129 0.0579 0.1308 0.0739 0.0538 0.0242 
        D616  1 0.0842 0.0831 0.0665 0.0610 0.1389 0.2866 0.0548 0.1111 0.0238 0.0667 0.0233 
        D621  1 0.0242 0.1616 0.0665 0.0643 0.0332 0.0141 0.0323 0.2329 0.0499 0.0265 0.2945 
        D622  1 0.0255 0.3583 0.0376 0.0555 0.0738 0.0381 0.0876 0.2171 0.0239 0.0279 0.0547 
        D623  1 0.1435 0.0268 0.2170 0.0395 0.0606 0.0228 0.0196 0.0766 0.1715 0.0527 0.1694 
        D624  1 0.0147 0.0375 0.7112 0.0318 0.0616 0.0387 0.0273 0.0225 0.0206 0.0221 0.0120 
        D625  1 0.0220 0.0601 0.0678 0.0440 0.0833 0.5078 0.0433 0.0586 0.0284 0.0374 0.0473 
        D626  1 0.0347 0.1126 0.2528 0.1352 0.0776 0.0524 0.1058 0.0898 0.0673 0.0484 0.0233 
        D627  1 0.0198 0.0848 0.0342 0.0284 0.1516 0.1970 0.0742 0.0175 0.0184 0.3521 0.0221 
        D690  1 0.0116 0.0463 0.0521 0.0212 0.0226 0.6979 0.0173 0.0656 0.0178 0.0171 0.0305 
        D691  1 0.0228 0.5017 0.0410 0.0264 0.0364 0.0823 0.1163 0.0879 0.0219 0.0359 0.0273 
        D710  1 0.0331 0.1194 0.1113 0.0771 0.1289 0.1978 0.0203 0.0683 0.0392 0.0381 0.1663 
        D711  1 0.0212 0.0401 0.0295 0.0132 0.0377 0.6987 0.0222 0.0318 0.0441 0.0270 0.0345 
        D712  1 0.0343 0.0772 0.4359 0.0736 0.0690 0.0341 0.0383 0.0361 0.0695 0.0819 0.0501 
        D713  1 0.0236 0.0870 0.1109 0.0707 0.1076 0.1177 0.0425 0.0661 0.2630 0.0249 0.0859 
        D746  1 0.0305 0.5983 0.0274 0.0399 0.0352 0.0876 0.0353 0.0788 0.0144 0.0227 0.0298 
        D747  1 0.0263 0.0169 0.0152 0.0125 0.0169 0.8161 0.0137 0.0140 0.0181 0.0235 0.0266 
        D748  1 0.0191 0.1822 0.0427 0.0432 0.0505 0.1911 0.2136 0.1163 0.0353 0.0306 0.0754 
        D749  1 0.0436 0.2532 0.1235 0.0270 0.1767 0.0311 0.0910 0.0833 0.0557 0.0338 0.0812 
        D750  1 0.0218 0.0383 0.5198 0.0306 0.0339 0.1463 0.0404 0.0644 0.0263 0.0256 0.0525 
        D763  1 0.0973 0.0824 0.0192 0.1443 0.1198 0.0480 0.0875 0.0460 0.0375 0.1581 0.1599 
        D764  1 0.0159 0.0591 0.1795 0.0341 0.0482 0.4853 0.0223 0.0927 0.0180 0.0255 0.0194 
        D765  1 0.0152 0.0624 0.1046 0.0209 0.0648 0.0257 0.0622 0.5520 0.0464 0.0298 0.0160 
        D766  1 0.0270 0.0700 0.0287 0.0791 0.0618 0.0559 0.0592 0.4601 0.0488 0.0183 0.0911 
        D767  1 0.0756 0.0730 0.0288 0.0265 0.0743 0.0739 0.0679 0.0813 0.3363 0.0334 0.1290 
        D768  1 0.0261 0.0312 0.0153 0.0218 0.0386 0.7462 0.0343 0.0274 0.0213 0.0203 0.0174 
        D811  1 0.0172 0.0170 0.0648 0.3271 0.0401 0.0239 0.0272 0.1368 0.3039 0.0246 0.0173 
        D816  1 0.0153 0.0269 0.0292 0.0156 0.0386 0.7572 0.0223 0.0280 0.0244 0.0200 0.0226 
        D825  1 0.0171 0.0305 0.1058 0.0721 0.1112 0.0732 0.0385 0.3885 0.1193 0.0214 0.0223 
        D866  1 0.0948 0.0277 0.1507 0.0555 0.1155 0.0537 0.0623 0.0762 0.0408 0.3045 0.0183 
        D867  1 0.0581 0.5978 0.0207 0.0402 0.0508 0.0201 0.0311 0.0265 0.0338 0.0231 0.0979 
        D871  1 0.0197 0.0497 0.0454 0.0514 0.1429 0.2289 0.0637 0.0257 0.0392 0.3000 0.0333 
        D872  1 0.0457 0.0568 0.0449 0.0213 0.0804 0.1113 0.0338 0.2686 0.2776 0.0210 0.0386 
        D873  1 0.0290 0.0363 0.0171 0.0213 0.0279 0.0116 0.0206 0.6701 0.0998 0.0130 0.0534 
        D874  1 0.0202 0.0164 0.0702 0.0474 0.0350 0.0523 0.0307 0.0191 0.0392 0.0345 0.6350 
        D875  1 0.0173 0.1387 0.0222 0.0320 0.1590 0.1956 0.0757 0.1321 0.0353 0.1691 0.0229 
        D876  1 0.0258 0.0744 0.1214 0.0369 0.1170 0.2625 0.0581 0.0832 0.0455 0.0637 0.1115 
        D877  1 0.0199 0.0135 0.0801 0.0658 0.0428 0.0362 0.0198 0.0289 0.6102 0.0194 0.0634 
        D892  1 0.0197 0.1556 0.1750 0.0185 0.0597 0.1880 0.1797 0.0467 0.0911 0.0239 0.0422 
        D893  1 0.0283 0.0632 0.0180 0.0463 0.0785 0.5145 0.0623 0.0555 0.0241 0.0590 0.0501 
        D894  1 0.0228 0.0273 0.0312 0.0197 0.0487 0.6719 0.0699 0.0225 0.0234 0.0402 0.0222 
        D915  1 0.0250 0.0579 0.0450 0.0434 0.0650 0.3688 0.1232 0.1668 0.0405 0.0366 0.0278 
        D916  1 0.0123 0.0148 0.0151 0.0132 0.0151 0.8568 0.0183 0.0173 0.0103 0.0122 0.0146 
        D917  1 0.0445 0.0553 0.2058 0.0406 0.1172 0.0985 0.0265 0.0269 0.0831 0.1589 0.1428 
        D925  1 0.0239 0.0499 0.0771 0.0435 0.0460 0.1743 0.0264 0.4675 0.0420 0.0327 0.0169 
        D926  1 0.0265 0.0530 0.0598 0.0340 0.1777 0.3712 0.0859 0.0505 0.0437 0.0397 0.0581 
        D927  1 0.2151 0.0831 0.0591 0.0426 0.1553 0.1586 0.0454 0.0306 0.0540 0.1122 0.0440 
        D928  1 0.0179 0.0136 0.6986 0.0230 0.0206 0.0955 0.0111 0.0377 0.0416 0.0177 0.0229 
        D929  1 0.0181 0.0575 0.0424 0.0351 0.0579 0.0308 0.0725 0.0363 0.3311 0.0331 0.2852 
        D936  1 0.0462 0.0301 0.0242 0.0351 0.0686 0.3783 0.0455 0.0481 0.0536 0.1032 0.1672 
        D938  1 0.0153 0.4734 0.0277 0.0583 0.0342 0.0254 0.0470 0.2060 0.0223 0.0216 0.0688 
        D956  1 0.0340 0.0245 0.5026 0.0458 0.0633 0.0506 0.0847 0.0469 0.0899 0.0318 0.0261 
        D957  1 0.0291 0.0383 0.0370 0.0181 0.0453 0.0642 0.0251 0.4873 0.1851 0.0278 0.0427 
        D958  1 0.0298 0.0445 0.1073 0.0408 0.0586 0.0964 0.0342 0.3940 0.0848 0.0249 0.0846 
        D959  1 0.0675 0.1426 0.0249 0.0451 0.0435 0.5833 0.0184 0.0206 0.0232 0.0165 0.0145 
        D960  1 0.0201 0.4603 0.0471 0.0162 0.0741 0.0281 0.0606 0.1254 0.1011 0.0238 0.0432 
        D989  1 0.0800 0.0336 0.5224 0.0437 0.0576 0.0496 0.0515 0.0264 0.0452 0.0653 0.0247 
        D990  1 0.0289 0.0416 0.0847 0.0214 0.0758 0.0194 0.0396 0.5356 0.0168 0.1140 0.0223 
        D023  2 0.0210 0.8201 0.0134 0.0186 0.0204 0.0401 0.0110 0.0173 0.0113 0.0125 0.0143 
        D130  2 0.0535 0.5211 0.0199 0.0241 0.0376 0.0915 0.0504 0.0343 0.1248 0.0227 0.0201 
        D131  2 0.0368 0.0351 0.0460 0.1315 0.2159 0.1688 0.0553 0.0811 0.0328 0.1388 0.0580 
        D163  2 0.0145 0.5693 0.0539 0.0206 0.0541 0.0923 0.0302 0.0633 0.0207 0.0395 0.0415 
        D164  2 0.4891 0.0299 0.0112 0.0200 0.0253 0.0108 0.0156 0.3482 0.0183 0.0151 0.0166 
        D165  2 0.0252 0.7564 0.0173 0.0225 0.0328 0.0402 0.0196 0.0225 0.0110 0.0248 0.0277 
        D166  2 0.0341 0.0507 0.0173 0.0885 0.1630 0.0339 0.1063 0.0476 0.3311 0.0470 0.0806 
        D167  2 0.7255 0.0161 0.0293 0.0160 0.0197 0.0141 0.0173 0.0152 0.1123 0.0207 0.0138 
        D192  2 0.8122 0.0149 0.0232 0.0185 0.0199 0.0090 0.0124 0.0144 0.0273 0.0249 0.0233 
        D193  2 0.0266 0.0266 0.0662 0.0247 0.0628 0.0215 0.1080 0.0268 0.5642 0.0348 0.0376 
        D206  2 0.2631 0.0444 0.0183 0.3513 0.0744 0.0592 0.0687 0.0322 0.0338 0.0314 0.0232 
        D207  2 0.4996 0.0302 0.0208 0.0305 0.0942 0.0317 0.0590 0.0238 0.1297 0.0632 0.0174 
        D208  2 0.0688 0.0333 0.1366 0.2478 0.0845 0.0443 0.0752 0.0364 0.0620 0.1639 0.0472 
        D209  2 0.4155 0.0398 0.0267 0.0766 0.1511 0.0291 0.0281 0.0385 0.0462 0.0282 0.1200 
        D210  2 0.0626 0.0333 0.4575 0.0234 0.0436 0.0738 0.0631 0.0272 0.0296 0.1441 0.0420 
     D229599  2 0.0429 0.1337 0.0561 0.0350 0.1403 0.1095 0.0676 0.0581 0.0580 0.1600 0.1388 
     D229600  2 0.3146 0.3665 0.0248 0.0273 0.0439 0.0261 0.0514 0.0328 0.0619 0.0268 0.0240 
     D237227  2 0.0537 0.0637 0.3669 0.0540 0.0582 0.0527 0.0309 0.1851 0.0253 0.0829 0.0265 
     D237228  2 0.0426 0.0202 0.1524 0.0311 0.0922 0.0156 0.0409 0.4694 0.0527 0.0640 0.0189 
     D237258  2 0.1468 0.1444 0.0611 0.1070 0.1380 0.0611 0.0394 0.0723 0.0825 0.1097 0.0377 
     D237310  2 0.0412 0.0272 0.0405 0.0874 0.0485 0.0150 0.0980 0.4970 0.0804 0.0302 0.0345 
     D237311  2 0.1588 0.0379 0.0275 0.0423 0.0509 0.0123 0.0505 0.5153 0.0537 0.0329 0.0179 
     D237312  2 0.0240 0.0557 0.0426 0.0568 0.0618 0.0237 0.2370 0.2189 0.1979 0.0241 0.0574 
     D237313  2 0.0229 0.0431 0.0618 0.1933 0.1514 0.0602 0.0818 0.2065 0.0455 0.0669 0.0666 
     D237322  2 0.0433 0.0279 0.0616 0.0599 0.1820 0.0237 0.1216 0.0847 0.0886 0.2134 0.0933 
     D237323  2 0.0257 0.0566 0.1442 0.0359 0.0510 0.0158 0.0459 0.4659 0.0634 0.0604 0.0350 
     D237324  2 0.1506 0.2028 0.0151 0.0284 0.2630 0.0755 0.0301 0.0468 0.0281 0.1032 0.0566 
     D237325  2 0.0572 0.0755 0.0767 0.0343 0.0481 0.0259 0.1494 0.3481 0.1089 0.0312 0.0446 
     D237326  2 0.0300 0.0457 0.0571 0.0190 0.0456 0.0400 0.0268 0.6179 0.0455 0.0270 0.0454 
     D237327  2 0.0847 0.1065 0.0329 0.0279 0.2185 0.0439 0.0959 0.0276 0.0309 0.2466 0.0846 
     D237337  2 0.0149 0.0240 0.0305 0.0395 0.0311 0.0175 0.0534 0.7135 0.0343 0.0219 0.0195 
     D237338  2 0.0583 0.1175 0.1274 0.0410 0.1120 0.0319 0.1194 0.1785 0.0352 0.0910 0.0879 
     D237339  2 0.1352 0.0199 0.0159 0.0228 0.0737 0.0287 0.0268 0.0295 0.0531 0.0460 0.5483 
     D237340  2 0.1696 0.0560 0.1059 0.0318 0.0587 0.0176 0.0649 0.2970 0.1218 0.0441 0.0326 
     D237389  2 0.0911 0.0317 0.0247 0.0546 0.0441 0.0210 0.0920 0.4427 0.1479 0.0191 0.0310 
     D237390  2 0.0200 0.0487 0.0525 0.0498 0.0820 0.0184 0.1653 0.3367 0.1450 0.0415 0.0401 
     D244017  2 0.2946 0.0487 0.1546 0.0247 0.0876 0.0241 0.0212 0.0378 0.2374 0.0446 0.0247 
     D244112  2 0.7286 0.0318 0.0216 0.0150 0.0312 0.0230 0.0425 0.0172 0.0478 0.0226 0.0186 
     D244118  2 0.5326 0.2367 0.0303 0.0120 0.0267 0.0118 0.0154 0.0326 0.0467 0.0267 0.0286 
     D244119  2 0.2507 0.0153 0.5706 0.0211 0.0223 0.0216 0.0146 0.0302 0.0186 0.0223 0.0126 
     D244120  2 0.3241 0.0250 0.0411 0.0360 0.0392 0.0130 0.1069 0.0243 0.2444 0.1000 0.0460 
     D244122  2 0.5979 0.0433 0.0371 0.0653 0.0350 0.0256 0.0535 0.0240 0.0661 0.0227 0.0294 
        D291  2 0.0352 0.0744 0.0182 0.0741 0.1125 0.0520 0.0287 0.0260 0.0502 0.5081 0.0206 
        D292  2 0.1901 0.0269 0.0629 0.0298 0.0759 0.1400 0.0358 0.0922 0.0842 0.2188 0.0434 
        D293  2 0.4760 0.0190 0.0188 0.0192 0.0862 0.1346 0.0231 0.0192 0.0187 0.0359 0.1491 
        D322  2 0.3790 0.0394 0.0191 0.0209 0.0881 0.1176 0.0299 0.0444 0.0225 0.0469 0.1923 
        D323  2 0.0684 0.0244 0.0272 0.5515 0.0684 0.0205 0.0350 0.0343 0.0868 0.0358 0.0477 
        D324  2 0.0322 0.0660 0.0516 0.0753 0.1387 0.1134 0.0453 0.1095 0.0226 0.3125 0.0329 
        D325  2 0.7163 0.0183 0.0163 0.0178 0.0373 0.0366 0.0492 0.0194 0.0170 0.0424 0.0294 
        D326  2 0.0148 0.0168 0.0310 0.0265 0.0466 0.7620 0.0202 0.0160 0.0153 0.0317 0.0191 
        D340  2 0.7715 0.0142 0.0220 0.0201 0.0210 0.0301 0.0207 0.0239 0.0158 0.0325 0.0283 
        D341  2 0.3816 0.0242 0.0318 0.0533 0.0494 0.0232 0.2972 0.0404 0.0369 0.0313 0.0307 
        D342  2 0.4358 0.0850 0.0189 0.0438 0.0778 0.0222 0.1314 0.0696 0.0477 0.0401 0.0278 
        D343  2 0.8580 0.0125 0.0106 0.0125 0.0149 0.0204 0.0168 0.0110 0.0089 0.0156 0.0188 
        D344  2 0.0515 0.0160 0.0199 0.0364 0.0900 0.0569 0.0494 0.0525 0.1814 0.0284 0.4175 
        D345  2 0.0369 0.0489 0.0309 0.0533 0.0975 0.0515 0.0299 0.3399 0.0345 0.0424 0.2344 
        D346  2 0.0446 0.0263 0.2760 0.3641 0.0520 0.0523 0.0417 0.0271 0.0260 0.0560 0.0338 
        D351  2 0.0390 0.0589 0.0283 0.0486 0.2118 0.1739 0.0550 0.0718 0.0487 0.1865 0.0775 
        D352  2 0.0337 0.0261 0.0476 0.0333 0.0713 0.0206 0.0263 0.0428 0.0437 0.0436 0.6110 
        D353  2 0.0267 0.0190 0.0155 0.0368 0.5641 0.1156 0.0589 0.0207 0.0316 0.0203 0.0907 
        D354  2 0.0141 0.0146 0.0458 0.0340 0.0308 0.0411 0.0238 0.0623 0.0351 0.0208 0.6775 
        D362  2 0.0302 0.0814 0.0265 0.0335 0.0500 0.6124 0.0219 0.0389 0.0599 0.0249 0.0204 
        D363  2 0.0258 0.0497 0.0345 0.0531 0.0507 0.6540 0.0160 0.0337 0.0293 0.0302 0.0231 
        D364  2 0.0252 0.0247 0.0373 0.0391 0.0847 0.2058 0.0420 0.0596 0.0370 0.0219 0.4226 
        D365  2 0.7983 0.0118 0.0235 0.0198 0.0186 0.0237 0.0154 0.0168 0.0152 0.0181 0.0386 
        D369  2 0.0820 0.0519 0.1415 0.1468 0.1002 0.1524 0.0444 0.1022 0.0292 0.1223 0.0271 
        D374  2 0.0175 0.0143 0.2264 0.0282 0.0281 0.0196 0.0203 0.0274 0.5792 0.0175 0.0216 
        D375  2 0.0155 0.0189 0.0183 0.0399 0.0388 0.0156 0.0335 0.0255 0.0354 0.0147 0.7439 
        D376  2 0.0324 0.0173 0.3092 0.0330 0.0596 0.0170 0.0668 0.0417 0.3185 0.0293 0.0753 
        D377  2 0.0416 0.0353 0.0416 0.5317 0.0526 0.0177 0.0580 0.1003 0.0524 0.0355 0.0334 
        D378  2 0.2077 0.0957 0.0255 0.0744 0.1251 0.0828 0.0502 0.0305 0.0181 0.0387 0.2513 
        D379  2 0.0227 0.0216 0.0256 0.1616 0.1116 0.4374 0.0695 0.0296 0.0428 0.0243 0.0533 
        D384  2 0.0211 0.0150 0.0502 0.0457 0.0402 0.7065 0.0240 0.0332 0.0192 0.0252 0.0197 
        D385  2 0.6109 0.0169 0.0321 0.0463 0.0286 0.0198 0.0266 0.0178 0.0305 0.0241 0.1464 
        D386  2 0.0963 0.0619 0.0201 0.0546 0.1136 0.0553 0.0445 0.0385 0.0347 0.0224 0.4582 
        D391  2 0.6195 0.0204 0.0204 0.0364 0.0305 0.0300 0.0260 0.0297 0.0224 0.0234 0.1413 
        D392  2 0.4773 0.0421 0.0438 0.0437 0.0501 0.0649 0.0252 0.1532 0.0372 0.0338 0.0287 
        D393  2 0.0755 0.0455 0.0232 0.1154 0.0524 0.1477 0.0635 0.0515 0.0156 0.1201 0.2896 
        D394  2 0.0841 0.1515 0.0450 0.0234 0.1142 0.0767 0.0703 0.1308 0.0744 0.0477 0.1818 
        D395  2 0.3129 0.0326 0.0268 0.0327 0.0731 0.0181 0.0386 0.0179 0.0389 0.0340 0.3744 
        D401  2 0.0317 0.0165 0.0362 0.1003 0.0269 0.0211 0.0171 0.6872 0.0291 0.0218 0.0121 
        D402  2 0.6264 0.0163 0.0194 0.0578 0.0246 0.0214 0.0265 0.0290 0.0247 0.0715 0.0825 
        D403  2 0.0317 0.0582 0.0238 0.0421 0.2789 0.1155 0.1662 0.0328 0.1131 0.0315 0.1060 
        D415  2 0.0285 0.0287 0.0162 0.0255 0.1453 0.4578 0.0766 0.1421 0.0196 0.0254 0.0344 
        D435  2 0.1134 0.0215 0.0169 0.0182 0.0368 0.5702 0.0442 0.0478 0.0204 0.0480 0.0625 
        D436  2 0.0288 0.0382 0.0533 0.0284 0.0716 0.0890 0.1287 0.0389 0.1692 0.0303 0.3236 
        D438  2 0.8115 0.0172 0.0211 0.0367 0.0220 0.0122 0.0194 0.0125 0.0148 0.0141 0.0186 
        D439  2 0.0508 0.0497 0.0155 0.0447 0.0881 0.0411 0.0372 0.0421 0.0186 0.0274 0.5849 
        D449  2 0.4893 0.0398 0.0289 0.0487 0.1017 0.1136 0.0768 0.0226 0.0250 0.0270 0.0267 
        D450  2 0.0194 0.0517 0.1009 0.0967 0.1735 0.1204 0.0857 0.0366 0.0599 0.0745 0.1807 
        D456  2 0.0139 0.0179 0.0223 0.0317 0.0433 0.7480 0.0280 0.0192 0.0164 0.0315 0.0278 
        D462  2 0.6349 0.0264 0.0146 0.0208 0.0293 0.0379 0.0244 0.0170 0.0235 0.0237 0.1474 
        D463  2 0.0131 0.0188 0.0396 0.0354 0.0645 0.7070 0.0201 0.0203 0.0260 0.0174 0.0378 
        D464  2 0.0838 0.0176 0.0382 0.0681 0.2961 0.0457 0.0574 0.0247 0.0888 0.0227 0.2570 
        D465  2 0.3860 0.0267 0.0217 0.0837 0.0475 0.1722 0.0334 0.1421 0.0327 0.0265 0.0275 
        D473  2 0.0443 0.0606 0.3952 0.0775 0.0512 0.0253 0.0472 0.1202 0.0352 0.0548 0.0886 
        D474  2 0.0402 0.0599 0.0523 0.0372 0.0602 0.4668 0.0343 0.0462 0.0186 0.1517 0.0327 
        D476  2 0.0446 0.3083 0.0133 0.0152 0.0268 0.0178 0.0212 0.0178 0.0184 0.0282 0.4884 
        D477  2 0.0246 0.0241 0.0356 0.1059 0.0813 0.1499 0.0331 0.1286 0.0294 0.1046 0.2828 
        D478  2 0.0668 0.3114 0.0823 0.0424 0.1695 0.0291 0.0334 0.0300 0.0873 0.0579 0.0898 
        D480  2 0.0755 0.0249 0.0942 0.1097 0.1057 0.1198 0.0960 0.0299 0.0410 0.0589 0.2445 
        D481  2 0.0441 0.1031 0.0757 0.0395 0.1202 0.2225 0.0243 0.0802 0.0353 0.0536 0.2015 
        D482  2 0.0370 0.0436 0.0918 0.0918 0.1177 0.0224 0.0956 0.0699 0.0742 0.1336 0.2224 
        D483  2 0.7342 0.0271 0.0782 0.0164 0.0282 0.0151 0.0179 0.0199 0.0238 0.0229 0.0164 
        D484  2 0.0231 0.0174 0.0264 0.0373 0.0226 0.0113 0.0208 0.0167 0.0685 0.0266 0.7293 
        D510  2 0.0238 0.0198 0.4041 0.0324 0.0442 0.0254 0.0428 0.0297 0.1965 0.1515 0.0297 
        D511  2 0.0299 0.0295 0.0199 0.0512 0.0445 0.0514 0.0304 0.0238 0.0238 0.0345 0.6611 
        D512  2 0.1323 0.0378 0.0128 0.1400 0.0641 0.0274 0.0593 0.4276 0.0446 0.0289 0.0253 
        D513  2 0.4005 0.0309 0.0597 0.1080 0.0865 0.0688 0.0459 0.0479 0.0460 0.0796 0.0262 
        D635  2 0.0364 0.5125 0.0200 0.0270 0.0797 0.2079 0.0224 0.0337 0.0158 0.0209 0.0236 
        D636  2 0.0188 0.7390 0.0216 0.0644 0.0196 0.0266 0.0151 0.0530 0.0143 0.0122 0.0154 
        D637  2 0.1582 0.0260 0.0632 0.1191 0.0761 0.0254 0.1683 0.0500 0.0588 0.0398 0.2150 
        D658  2 0.3764 0.0281 0.1029 0.0262 0.0489 0.0203 0.0783 0.0547 0.0540 0.0288 0.1813 
        D659  2 0.0253 0.0579 0.0299 0.0261 0.0437 0.6123 0.0329 0.0191 0.0250 0.0688 0.0589 
        D677  2 0.0501 0.0814 0.0175 0.0996 0.0754 0.0973 0.3365 0.0524 0.1025 0.0612 0.0260 
        D678  2 0.5715 0.0292 0.0176 0.0606 0.0801 0.0195 0.0304 0.0245 0.1228 0.0215 0.0224 
        D679  2 0.0394 0.0363 0.0502 0.2902 0.1018 0.2118 0.0605 0.0426 0.0251 0.0894 0.0530 
        D719  2 0.1506 0.0158 0.3853 0.0428 0.0474 0.1135 0.0232 0.0726 0.0293 0.0725 0.0470 
        D720  2 0.0345 0.0224 0.0774 0.0504 0.0408 0.6203 0.0243 0.0431 0.0312 0.0349 0.0206 
        D721  2 0.0455 0.7137 0.0315 0.0300 0.0334 0.0383 0.0281 0.0174 0.0127 0.0197 0.0297 
        D722  2 0.0424 0.0184 0.1459 0.0700 0.0424 0.0209 0.0179 0.0579 0.5149 0.0373 0.0320 
        D734  2 0.0506 0.0167 0.1086 0.0315 0.0406 0.0200 0.0271 0.0168 0.0230 0.0272 0.6378 
        D735  2 0.0636 0.0408 0.0655 0.2506 0.1327 0.1220 0.0484 0.1141 0.0297 0.0594 0.0732 
        D736  2 0.0582 0.0502 0.2725 0.0423 0.0643 0.0601 0.0524 0.0526 0.0235 0.2625 0.0614 
        D737  2 0.5259 0.0590 0.0471 0.0223 0.0530 0.0154 0.0369 0.0389 0.0553 0.0412 0.1049 
        D807  2 0.0542 0.0439 0.1659 0.0636 0.0592 0.1394 0.1125 0.0784 0.0545 0.1318 0.0965 
        D808  2 0.0782 0.0558 0.0357 0.0307 0.1781 0.0784 0.1075 0.2182 0.0566 0.0915 0.0694 
        D817  2 0.0239 0.0223 0.0225 0.5714 0.0653 0.0673 0.0281 0.0577 0.0538 0.0370 0.0507 
        D818  2 0.1557 0.1264 0.0268 0.0335 0.1862 0.0531 0.1933 0.0221 0.0315 0.1300 0.0413 
        D819  2 0.0255 0.0466 0.0262 0.4555 0.0866 0.0890 0.0297 0.1386 0.0365 0.0323 0.0336 
        D820  2 0.0429 0.0270 0.0264 0.0169 0.0557 0.5396 0.0413 0.0282 0.0638 0.0506 0.1076 
        D895  2 0.0414 0.1153 0.0361 0.1279 0.1259 0.2854 0.0347 0.1001 0.0407 0.0337 0.0587 
        D896  2 0.0153 0.0175 0.0228 0.0339 0.0250 0.0157 0.0293 0.7651 0.0433 0.0158 0.0162 
        D897  2 0.3915 0.0340 0.0274 0.0704 0.0892 0.0252 0.1873 0.0426 0.0328 0.0432 0.0565 
        D898  2 0.0338 0.0337 0.0356 0.1063 0.1947 0.0395 0.0797 0.2326 0.0729 0.1179 0.0533 
        D918  2 0.0739 0.0861 0.0551 0.0662 0.1036 0.0302 0.2587 0.1361 0.0393 0.0609 0.0899 
        D919  2 0.0948 0.0517 0.0191 0.0250 0.1524 0.0824 0.0294 0.0237 0.0837 0.0958 0.3421 
        D920  2 0.0356 0.5012 0.0912 0.0220 0.0524 0.0305 0.0997 0.0432 0.0606 0.0236 0.0399 
        D923  2 0.0400 0.0317 0.0278 0.0423 0.0738 0.5016 0.0300 0.0302 0.0396 0.0356 0.1474 
        D930  2 0.0354 0.0247 0.0745 0.1325 0.1517 0.1385 0.0869 0.0946 0.0620 0.0622 0.1368 
        D931  2 0.1199 0.0429 0.0340 0.0734 0.0714 0.2363 0.0377 0.0413 0.0401 0.0455 0.2575 
        D968  2 0.7025 0.0166 0.0165 0.0230 0.0378 0.0246 0.0162 0.0245 0.0290 0.0799 0.0293 
        D969  2 0.1719 0.0408 0.0477 0.0532 0.1274 0.1879 0.0802 0.0483 0.0477 0.1443 0.0506 
        D977  2 0.6497 0.0242 0.0245 0.0341 0.0446 0.0341 0.0887 0.0166 0.0243 0.0306 0.0286 
        D978  2 0.0929 0.0276 0.0337 0.2314 0.1197 0.0220 0.1455 0.0226 0.0605 0.2167 0.0274 
        D211  3 0.0158 0.2365 0.0224 0.0765 0.0493 0.0537 0.4431 0.0160 0.0194 0.0335 0.0338 
     D229639  3 0.0597 0.0260 0.0751 0.0374 0.0521 0.0584 0.0503 0.0515 0.0646 0.5011 0.0237 
     D237212  3 0.0448 0.0708 0.0230 0.1103 0.0844 0.0574 0.1014 0.0579 0.0302 0.2151 0.2047 
     D237213  3 0.0265 0.0446 0.0187 0.3012 0.0745 0.0228 0.1705 0.1761 0.0543 0.0410 0.0697 
     D237214  3 0.0121 0.8120 0.0263 0.0150 0.0231 0.0288 0.0194 0.0153 0.0187 0.0131 0.0162 
     D237215  3 0.3952 0.0214 0.0704 0.0483 0.0545 0.0140 0.0153 0.0344 0.2214 0.1083 0.0168 
     D237216  3 0.0345 0.0728 0.0229 0.0753 0.4567 0.0444 0.1594 0.0277 0.0265 0.0397 0.0400 
     D237217  3 0.0205 0.1056 0.0135 0.0249 0.2571 0.0611 0.3483 0.0692 0.0232 0.0521 0.0243 
     D237218  3 0.0458 0.0231 0.0475 0.0437 0.0888 0.0582 0.3657 0.0240 0.0159 0.1424 0.1449 
     D237219  3 0.0264 0.0451 0.0792 0.2431 0.0822 0.0265 0.1896 0.1682 0.0320 0.0924 0.0153 
     D237382  3 0.0430 0.0375 0.1001 0.0484 0.0972 0.0715 0.1090 0.1515 0.2597 0.0429 0.0390 
     D244127  3 0.0713 0.0441 0.0212 0.0861 0.0819 0.0185 0.0737 0.4439 0.0439 0.0777 0.0378 
     D244129  3 0.0714 0.0860 0.0445 0.0781 0.1502 0.0789 0.1063 0.1592 0.0503 0.0818 0.0931 
     D244133  3 0.0965 0.0442 0.0924 0.5114 0.0582 0.0532 0.0362 0.0271 0.0366 0.0316 0.0126 
     D244134  3 0.0284 0.0323 0.1938 0.1396 0.0608 0.0273 0.0504 0.1024 0.0193 0.3229 0.0228 
     D244135  3 0.0630 0.6002 0.0155 0.0730 0.0437 0.0374 0.0633 0.0231 0.0255 0.0254 0.0299 
     D244136  3 0.0741 0.0473 0.1259 0.2718 0.0915 0.1269 0.0472 0.0489 0.0561 0.0832 0.0271 
        D416  3 0.1319 0.0688 0.0285 0.2230 0.1225 0.0829 0.1441 0.0647 0.0238 0.0539 0.0560 
        D417  3 0.0177 0.0200 0.0266 0.0265 0.0664 0.4665 0.2543 0.0321 0.0399 0.0198 0.0303 
        D419  3 0.0562 0.0359 0.0614 0.1273 0.1084 0.0785 0.1983 0.1326 0.0309 0.1356 0.0348 
        D565  3 0.0170 0.0179 0.6957 0.0617 0.0325 0.0546 0.0154 0.0236 0.0255 0.0345 0.0216 
        D566  3 0.0494 0.0336 0.2088 0.1155 0.0472 0.0769 0.0234 0.0607 0.0448 0.3188 0.0209 
        D567  3 0.0394 0.0636 0.0213 0.0506 0.0649 0.4545 0.0551 0.1048 0.0458 0.0249 0.0751 
        D568  3 0.1141 0.0662 0.0185 0.0428 0.1184 0.0508 0.2360 0.0963 0.0533 0.0772 0.1263 
        D569  3 0.0679 0.0598 0.0442 0.0422 0.0578 0.0205 0.0501 0.0240 0.0887 0.0375 0.5073 
        D573  3 0.1193 0.0220 0.0265 0.0244 0.0849 0.1540 0.0281 0.0305 0.0222 0.4494 0.0385 
        D574  3 0.0498 0.0611 0.2381 0.1196 0.1182 0.0439 0.0482 0.0607 0.0991 0.1197 0.0415 
        D575  3 0.0229 0.0410 0.0360 0.6161 0.0261 0.0274 0.0266 0.1447 0.0166 0.0226 0.0200 
        D576  3 0.4639 0.0372 0.0312 0.1332 0.0377 0.0105 0.0275 0.0160 0.1361 0.0866 0.0200 
        D577  3 0.0218 0.0793 0.0275 0.1565 0.0752 0.3765 0.0795 0.0382 0.0603 0.0354 0.0500 
        D578  3 0.0245 0.7826 0.0171 0.0190 0.0303 0.0198 0.0255 0.0288 0.0216 0.0170 0.0138 
        D579  3 0.0563 0.0448 0.1304 0.1179 0.0860 0.1322 0.0868 0.0517 0.0310 0.1402 0.1227 
        D660  3 0.5210 0.0412 0.0181 0.1301 0.0675 0.0190 0.0558 0.0514 0.0317 0.0299 0.0346 
        D661  3 0.1076 0.0440 0.0185 0.0305 0.1058 0.0233 0.4051 0.0254 0.0275 0.1528 0.0595 
        D663  3 0.0797 0.0326 0.0167 0.0491 0.0976 0.0498 0.0324 0.0196 0.0819 0.5016 0.0390 
        D664  3 0.1358 0.0847 0.0549 0.2843 0.0794 0.0174 0.1473 0.0919 0.0393 0.0408 0.0242 
        D665  3 0.0342 0.0894 0.0129 0.2742 0.1849 0.0190 0.0836 0.0610 0.1065 0.0462 0.0879 
        D666  3 0.0209 0.0324 0.0707 0.4171 0.0596 0.0335 0.0715 0.2040 0.0207 0.0410 0.0286 
        D009  4 0.0246 0.1018 0.0383 0.0444 0.1521 0.1190 0.2470 0.0593 0.0584 0.0296 0.1254 
        D057  4 0.1292 0.2306 0.0267 0.0131 0.0457 0.0326 0.0398 0.0166 0.0611 0.0499 0.3546 
        D109  4 0.0199 0.0588 0.0475 0.1203 0.1284 0.0451 0.0505 0.4075 0.0413 0.0387 0.0420 
     D237222  4 0.0233 0.4391 0.1201 0.0173 0.0612 0.0247 0.0439 0.0354 0.1636 0.0381 0.0333 
     D237223  4 0.0469 0.0514 0.0998 0.0236 0.0882 0.0236 0.4093 0.0854 0.0634 0.0612 0.0473 
     D237224  4 0.1706 0.0508 0.0301 0.0870 0.1045 0.0906 0.0483 0.0522 0.0520 0.1232 0.1907 
     D237225  4 0.0340 0.1059 0.0524 0.0452 0.2413 0.0972 0.1888 0.0369 0.0572 0.0691 0.0719 
     D237299  4 0.0185 0.0223 0.0404 0.0283 0.0797 0.0322 0.4545 0.0526 0.0379 0.2097 0.0239 
     D237300  4 0.0319 0.0263 0.0310 0.1557 0.0517 0.0187 0.0856 0.0254 0.0210 0.5242 0.0285 
     D237306  4 0.0224 0.0257 0.4034 0.0290 0.0524 0.0679 0.1225 0.0845 0.1231 0.0278 0.0415 
     D237307  4 0.0487 0.0374 0.1468 0.1498 0.0797 0.2588 0.0706 0.0379 0.0872 0.0637 0.0194 
     D237308  4 0.3728 0.0603 0.0714 0.0435 0.0559 0.0303 0.0423 0.0795 0.0614 0.0400 0.1425 
     D237309  4 0.0419 0.1735 0.0274 0.0352 0.2139 0.0982 0.1145 0.0601 0.0755 0.0670 0.0928 
     D237317  4 0.0303 0.0734 0.2891 0.0577 0.1697 0.0999 0.0364 0.0601 0.0844 0.0655 0.0334 
     D237318  4 0.0451 0.0192 0.0253 0.0459 0.0394 0.0416 0.0346 0.0204 0.0250 0.6879 0.0157 
     D237319  4 0.0492 0.0804 0.0401 0.0574 0.1288 0.0376 0.2481 0.1135 0.1618 0.0564 0.0267 
     D237320  4 0.0487 0.0624 0.0257 0.0281 0.0377 0.0422 0.5978 0.0484 0.0199 0.0714 0.0178 
     D237321  4 0.0859 0.0362 0.0475 0.0461 0.0708 0.0622 0.0445 0.0570 0.0361 0.4816 0.0322 
     D237397  4 0.0633 0.0695 0.1365 0.0400 0.0772 0.0405 0.3079 0.0549 0.0879 0.0995 0.0229 
     D237398  4 0.0337 0.0276 0.0172 0.0417 0.0806 0.0448 0.0901 0.0244 0.0223 0.5644 0.0532 
     D237399  4 0.0371 0.1066 0.1452 0.0219 0.0722 0.0524 0.1143 0.0482 0.0513 0.3065 0.0443 
     D244001  4 0.0657 0.3200 0.0305 0.0269 0.0673 0.0462 0.0831 0.0315 0.2311 0.0303 0.0675 
        D289  4 0.0677 0.0633 0.1774 0.0367 0.0807 0.0678 0.0934 0.0394 0.0301 0.0931 0.2503 
        D290  4 0.0277 0.0338 0.0294 0.0186 0.0919 0.0662 0.0378 0.0299 0.4641 0.1583 0.0424 
        D294  4 0.0271 0.0764 0.0321 0.0508 0.1472 0.0897 0.1026 0.0231 0.1082 0.0857 0.2571 
        D295  4 0.0261 0.0293 0.0498 0.0852 0.0712 0.1243 0.2538 0.1472 0.1020 0.0504 0.0608 
        D301  4 0.0348 0.3809 0.0519 0.0519 0.0460 0.0167 0.0832 0.0590 0.1631 0.0878 0.0248 
        D302  4 0.0161 0.0393 0.0138 0.0344 0.0423 0.0642 0.0282 0.0183 0.1045 0.0192 0.6196 
        D303  4 0.0478 0.0222 0.4516 0.0715 0.0411 0.0423 0.0537 0.0984 0.0449 0.0322 0.0942 
        D304  4 0.0262 0.0350 0.0676 0.0546 0.1173 0.0606 0.0476 0.0191 0.3206 0.2230 0.0285 
        D305  4 0.0882 0.0357 0.0145 0.0304 0.3447 0.0228 0.0348 0.0305 0.0684 0.0476 0.2824 
        D306  4 0.0241 0.0439 0.0317 0.0235 0.1578 0.0586 0.0528 0.0357 0.4636 0.0802 0.0281 
        D307  4 0.0231 0.6166 0.0785 0.0425 0.0386 0.0189 0.0293 0.0329 0.0281 0.0481 0.0436 
        D327  4 0.0525 0.0334 0.0639 0.0726 0.0925 0.4552 0.0624 0.0222 0.0500 0.0573 0.0380 
        D328  4 0.0294 0.0229 0.1339 0.1270 0.0529 0.0230 0.0883 0.0670 0.1978 0.0363 0.2214 
        D329  4 0.1170 0.0604 0.0528 0.0262 0.1445 0.0467 0.0799 0.0672 0.0782 0.0888 0.2384 
        D330  4 0.0629 0.0899 0.0171 0.0360 0.1342 0.1878 0.1184 0.1537 0.0828 0.0205 0.0968 
        D331  4 0.0297 0.0397 0.0724 0.0595 0.1091 0.1068 0.0425 0.0726 0.2928 0.1454 0.0296 
        D333  4 0.0684 0.0467 0.0617 0.0461 0.0678 0.0605 0.1774 0.0676 0.1617 0.0702 0.1720 
        D334  4 0.0179 0.0836 0.4890 0.0518 0.0547 0.0621 0.0661 0.0261 0.0382 0.0520 0.0586 
        D335  4 0.0599 0.0356 0.0302 0.0520 0.0526 0.0676 0.0180 0.0408 0.2728 0.0315 0.3391 
        D370  4 0.0397 0.0309 0.0383 0.0684 0.0444 0.0307 0.0271 0.1585 0.4948 0.0236 0.0436 
        D371  4 0.0343 0.0166 0.4988 0.0894 0.0341 0.1616 0.0233 0.0260 0.0558 0.0289 0.0311 
        D372  4 0.0633 0.0168 0.0270 0.0339 0.0906 0.0156 0.0484 0.0215 0.1327 0.5323 0.0179 
        D373  4 0.0745 0.5679 0.0194 0.0573 0.0485 0.0348 0.0343 0.0209 0.0259 0.0705 0.0460 
        D455  4 0.0308 0.6286 0.0277 0.0180 0.0296 0.0382 0.0290 0.0218 0.0394 0.0422 0.0947 
        D490  4 0.0104 0.6459 0.0290 0.0263 0.0245 0.0269 0.1481 0.0247 0.0219 0.0168 0.0255 
        D497  4 0.0195 0.5256 0.0210 0.0550 0.0737 0.0149 0.1316 0.0362 0.0326 0.0237 0.0663 
        D498  4 0.0294 0.0316 0.0624 0.0736 0.0846 0.0450 0.0489 0.1081 0.3827 0.1106 0.0230 
        D499  4 0.1401 0.0191 0.0801 0.2211 0.1234 0.0249 0.1044 0.0635 0.0422 0.0816 0.0997 
        D514  4 0.0304 0.0416 0.0169 0.1105 0.1085 0.2399 0.0383 0.0617 0.1434 0.0696 0.1391 
        D515  4 0.0306 0.0486 0.0370 0.0335 0.0506 0.0363 0.5556 0.0550 0.0876 0.0245 0.0407 
        D516  4 0.0602 0.0490 0.0406 0.2400 0.0797 0.0791 0.1563 0.1507 0.0780 0.0447 0.0217 
        D517  4 0.0452 0.5203 0.0230 0.0199 0.1078 0.0521 0.0885 0.0359 0.0214 0.0556 0.0302 
        D518  4 0.0399 0.1599 0.0666 0.0226 0.0421 0.0264 0.0375 0.0235 0.1641 0.0217 0.3957 
        D519  4 0.0198 0.0276 0.0220 0.0193 0.0252 0.0309 0.7597 0.0228 0.0149 0.0368 0.0210 
        D560  4 0.0339 0.0239 0.0144 0.0188 0.0312 0.0499 0.6950 0.0226 0.0324 0.0485 0.0293 
        D561  4 0.0632 0.2006 0.0174 0.0238 0.1860 0.1608 0.0409 0.0721 0.0375 0.1068 0.0906 
        D562  4 0.0583 0.2150 0.0456 0.0458 0.1485 0.0451 0.0825 0.0413 0.0987 0.0795 0.1398 
        D563  4 0.3465 0.0570 0.0213 0.0916 0.1046 0.0286 0.0712 0.0369 0.0337 0.0582 0.1504 
        D572  4 0.0287 0.0523 0.0239 0.0234 0.0406 0.0516 0.0420 0.0246 0.0533 0.0182 0.6414 
        D629  4 0.0208 0.1747 0.0199 0.3363 0.0682 0.1514 0.0571 0.0289 0.0202 0.0598 0.0628 
        D630  4 0.0281 0.1540 0.0482 0.0296 0.0789 0.0713 0.2235 0.0317 0.1618 0.0906 0.0823 
        D631  4 0.0834 0.0441 0.0218 0.0229 0.0504 0.0219 0.0607 0.0205 0.0488 0.0410 0.5845 
        D632  4 0.1592 0.2594 0.0161 0.0570 0.0428 0.0452 0.0272 0.0944 0.0315 0.0186 0.2486 
        D646  4 0.0406 0.0494 0.0279 0.0191 0.0817 0.1026 0.4050 0.1294 0.0504 0.0406 0.0532 
        D647  4 0.0597 0.0667 0.0148 0.0215 0.0776 0.2457 0.1347 0.0946 0.1600 0.0533 0.0713 
        D648  4 0.0277 0.0189 0.0490 0.1337 0.0337 0.0180 0.0353 0.0233 0.3956 0.0156 0.2491 
        D649  4 0.0229 0.0436 0.0280 0.0625 0.0511 0.1631 0.0565 0.2874 0.0277 0.0333 0.2239 
        D650  4 0.0281 0.0816 0.0799 0.0866 0.0909 0.1283 0.2113 0.0689 0.0612 0.0823 0.0810 
        D708  4 0.0272 0.0399 0.1576 0.1505 0.0966 0.0325 0.1005 0.0440 0.0622 0.0810 0.2079 
        D709  4 0.0269 0.0185 0.0318 0.0704 0.0620 0.0222 0.0258 0.2294 0.4221 0.0511 0.0398 
        D738  4 0.0176 0.0472 0.4858 0.0212 0.0513 0.0620 0.0878 0.0981 0.0567 0.0465 0.0259 
        D739  4 0.0219 0.1701 0.0320 0.0573 0.1450 0.0280 0.2026 0.0418 0.1857 0.0531 0.0624 
        D740  4 0.0592 0.0418 0.1660 0.0516 0.1740 0.0253 0.1557 0.1148 0.0192 0.1175 0.0747 
        D741  4 0.0698 0.0289 0.0203 0.0304 0.0878 0.0786 0.5304 0.0594 0.0300 0.0408 0.0237 
        D742  4 0.1826 0.0575 0.0882 0.0449 0.0914 0.0336 0.2878 0.0418 0.0330 0.0703 0.0688 
        D743  4 0.0403 0.0377 0.0207 0.0407 0.0383 0.3157 0.0397 0.0167 0.0274 0.0438 0.3790 
        D744  4 0.0220 0.0213 0.0185 0.0239 0.0209 0.0226 0.0336 0.0221 0.0167 0.0227 0.7758 
        D745  4 0.0155 0.0342 0.0198 0.0320 0.0256 0.0213 0.7519 0.0290 0.0175 0.0269 0.0262 
        D814  4 0.1610 0.0674 0.0199 0.0249 0.1229 0.0324 0.3993 0.0152 0.0569 0.0371 0.0630 
        D815  4 0.0305 0.0309 0.0286 0.0473 0.0527 0.0705 0.0382 0.0908 0.2772 0.0477 0.2857 
        D828  4 0.0445 0.0300 0.0493 0.0680 0.0614 0.0124 0.0531 0.0257 0.5477 0.0498 0.0580 
        D845  4 0.0328 0.0179 0.0416 0.0317 0.0216 0.0200 0.0248 0.0171 0.0157 0.7549 0.0217 
        D846  4 0.1881 0.1384 0.0127 0.0476 0.1156 0.0681 0.0311 0.0219 0.1007 0.0442 0.2316 
        D847  4 0.0400 0.2297 0.0821 0.0286 0.0967 0.0756 0.2287 0.0432 0.0374 0.0890 0.0491 
        D848  4 0.0698 0.5625 0.0204 0.0220 0.0428 0.0176 0.0188 0.0190 0.0324 0.1608 0.0338 
        D849  4 0.0395 0.1110 0.0211 0.0689 0.0891 0.0332 0.4062 0.0618 0.0982 0.0322 0.0388 
        D850  4 0.0415 0.1937 0.0698 0.0445 0.1555 0.1105 0.0480 0.0525 0.0254 0.2087 0.0497 
        D856  4 0.0265 0.0508 0.0414 0.0578 0.2641 0.0446 0.0920 0.2051 0.1058 0.0483 0.0636 
        D857  4 0.0713 0.0388 0.0314 0.0224 0.0377 0.0097 0.0403 0.4845 0.2183 0.0233 0.0224 
        D859  4 0.0323 0.0240 0.0283 0.0322 0.0502 0.0623 0.2174 0.0293 0.0428 0.0636 0.4177 
        D860  4 0.0715 0.0405 0.3997 0.0236 0.0713 0.0673 0.0218 0.0302 0.0291 0.1474 0.0976 
        D883  4 0.0339 0.1307 0.0549 0.0993 0.0768 0.1879 0.0863 0.1026 0.1073 0.0566 0.0638 
        D884  4 0.0137 0.0266 0.0560 0.0697 0.0486 0.0302 0.5169 0.0805 0.0886 0.0250 0.0442 
        D885  4 0.0659 0.0333 0.0316 0.1060 0.1382 0.1045 0.3347 0.0376 0.0152 0.0930 0.0401 
        D886  4 0.0408 0.1251 0.0252 0.0299 0.0650 0.1210 0.0719 0.0990 0.3252 0.0468 0.0499 
        D887  4 0.0854 0.0380 0.0546 0.0420 0.1018 0.1305 0.1768 0.0671 0.0758 0.1069 0.1210 
        D889  4 0.0115 0.0188 0.0185 0.0221 0.0495 0.0286 0.0413 0.0153 0.1727 0.5792 0.0426 
        D890  4 0.0544 0.0563 0.0575 0.4335 0.0573 0.0295 0.0329 0.0942 0.0921 0.0282 0.0641 
        D891  4 0.0147 0.0110 0.0116 0.0248 0.0160 0.0178 0.0141 0.0112 0.0100 0.8568 0.0119 
        D899  4 0.3189 0.0349 0.0756 0.0502 0.0716 0.0365 0.0407 0.0264 0.0808 0.1690 0.0954 
        D900  4 0.0876 0.0900 0.0661 0.0546 0.1454 0.0895 0.0710 0.0747 0.1116 0.0791 0.1302 
        D970  4 0.0567 0.0699 0.0490 0.0510 0.1211 0.0963 0.0554 0.0475 0.0307 0.0836 0.3388 
        D971  4 0.3545 0.0352 0.0555 0.0532 0.0860 0.0377 0.0176 0.0698 0.1204 0.0342 0.1360 
        D979  4 0.0396 0.0402 0.0391 0.0776 0.0904 0.1644 0.0290 0.0319 0.2236 0.0431 0.2213 
        D093  5 0.0223 0.0208 0.6057 0.0367 0.0416 0.0452 0.0902 0.0252 0.0363 0.0513 0.0248 
        D154  5 0.0889 0.0165 0.0344 0.3126 0.0859 0.0235 0.2396 0.0257 0.0578 0.0846 0.0305 
        D168  5 0.1515 0.0550 0.0120 0.2973 0.0978 0.0491 0.1395 0.0569 0.0421 0.0679 0.0309 
        D189  5 0.0237 0.0231 0.2724 0.0303 0.0691 0.0370 0.0990 0.0256 0.2004 0.1882 0.0312 
        D190  5 0.0304 0.0160 0.4828 0.1831 0.0342 0.0232 0.0408 0.0514 0.0591 0.0299 0.0492 
     D237220  5 0.0240 0.0906 0.1214 0.0197 0.1316 0.0272 0.2590 0.1063 0.0373 0.1145 0.0683 
     D237221  5 0.1036 0.0329 0.1609 0.1433 0.0731 0.0562 0.0745 0.0762 0.0358 0.1820 0.0616 
     D237274  5 0.0667 0.0250 0.0195 0.0284 0.0985 0.2614 0.0321 0.1213 0.0752 0.0270 0.2450 
     D237275  5 0.4284 0.0224 0.0288 0.0665 0.0625 0.0183 0.0301 0.0415 0.1741 0.1110 0.0164 
     D237276  5 0.0331 0.0372 0.1053 0.0567 0.0564 0.0485 0.3776 0.1014 0.1180 0.0287 0.0371 
     D237277  5 0.0582 0.0178 0.3603 0.2396 0.0494 0.0194 0.0510 0.0489 0.0296 0.0745 0.0514 
     D237278  5 0.2849 0.0579 0.1560 0.0296 0.0954 0.0878 0.0506 0.0846 0.0469 0.0343 0.0722 
     D237279  5 0.0229 0.1453 0.0220 0.1252 0.1753 0.0610 0.0362 0.2494 0.0172 0.0555 0.0900 
     D237280  5 0.0228 0.0696 0.0552 0.1302 0.1089 0.0570 0.0487 0.3740 0.0525 0.0255 0.0556 
     D237281  5 0.1291 0.0185 0.0365 0.0209 0.1081 0.0534 0.0323 0.0252 0.0334 0.5113 0.0313 
     D237351  5 0.0180 0.0221 0.0372 0.1906 0.0282 0.0204 0.0699 0.5578 0.0163 0.0196 0.0199 
     D237352  5 0.0563 0.2746 0.0482 0.1590 0.0554 0.0526 0.0249 0.0459 0.1180 0.0290 0.1360 
     D237353  5 0.0196 0.0129 0.4507 0.2562 0.0258 0.0167 0.0199 0.0825 0.0347 0.0441 0.0371 
     D237359  5 0.0268 0.0718 0.0583 0.0526 0.1080 0.0429 0.3437 0.0403 0.0386 0.1612 0.0560 
     D237361  5 0.0272 0.0172 0.6902 0.0427 0.0321 0.0222 0.0190 0.0558 0.0386 0.0366 0.0182 
     D237362  5 0.0289 0.0148 0.0302 0.7489 0.0260 0.0358 0.0262 0.0224 0.0198 0.0267 0.0204 
     D237363  5 0.0839 0.0271 0.0421 0.1311 0.4754 0.0320 0.0475 0.0350 0.0436 0.0615 0.0209 
     D237364  5 0.0689 0.0699 0.0137 0.0469 0.1119 0.0564 0.4134 0.0497 0.0476 0.0546 0.0671 
     D237376  5 0.0349 0.0150 0.0619 0.1140 0.0228 0.0130 0.0412 0.0205 0.5805 0.0258 0.0705 
     D237377  5 0.0443 0.0484 0.1069 0.1747 0.1128 0.0682 0.0311 0.3199 0.0218 0.0300 0.0420 
     D237378  5 0.0646 0.0330 0.3748 0.0829 0.0581 0.0257 0.0828 0.0273 0.1141 0.0564 0.0804 
     D237379  5 0.0433 0.0415 0.2161 0.0692 0.0893 0.0384 0.1189 0.0320 0.1182 0.0633 0.1698 
     D237380  5 0.0158 0.0304 0.0444 0.0173 0.0435 0.0170 0.0432 0.4120 0.2995 0.0149 0.0618 
     D237381  5 0.0530 0.1632 0.0613 0.0391 0.0868 0.0367 0.0348 0.2500 0.1246 0.0484 0.1022 
     D237391  5 0.0169 0.0194 0.7118 0.0370 0.0320 0.0294 0.0361 0.0284 0.0154 0.0474 0.0262 
     D237392  5 0.1950 0.0399 0.0217 0.0751 0.0896 0.2085 0.0388 0.1085 0.0993 0.0404 0.0831 
     D237393  5 0.0458 0.0415 0.1249 0.0260 0.0537 0.3523 0.0310 0.1412 0.0960 0.0451 0.0424 
