        D174  1 0.0383 0.1460 0.0246 0.4084 0.1425 0.0908 0.1493 
        D199  1 0.2401 0.0680 0.0352 0.1664 0.0748 0.3678 0.0477 
        D203  1 0.1597 0.0549 0.0701 0.0723 0.1229 0.2884 0.2317 
        D204  1 0.0285 0.0300 0.0749 0.0188 0.0198 0.7946 0.0334 
     D237366  1 0.0420 0.0477 0.1472 0.0531 0.6228 0.0589 0.0283 
     D237367  1 0.0368 0.1154 0.0565 0.0398 0.3201 0.3564 0.0749 
     D237368  1 0.0627 0.0518 0.0490 0.1138 0.4076 0.1590 0.1562 
     D244101  1 0.1780 0.0651 0.3281 0.0262 0.0285 0.3309 0.0432 
     D244102  1 0.0678 0.1825 0.2345 0.0662 0.1194 0.0919 0.2376 
     D244103  1 0.0438 0.4365 0.0561 0.0482 0.2089 0.1617 0.0447 
     D244104  1 0.0371 0.0479 0.0245 0.0835 0.0386 0.7396 0.0288 
     D244105  1 0.0231 0.0484 0.0301 0.0194 0.6893 0.0527 0.1372 
     D244106  1 0.0999 0.0729 0.0319 0.6374 0.0378 0.0733 0.0468 
     D244107  1 0.1039 0.0775 0.0758 0.0140 0.3344 0.1100 0.2844 
     D244108  1 0.0349 0.0376 0.0409 0.3592 0.0593 0.1179 0.3502 
     D244113  1 0.0322 0.2369 0.1205 0.4977 0.0351 0.0206 0.0568 
     D244114  1 0.1209 0.1522 0.1186 0.1345 0.2035 0.1438 0.1264 
     D244115  1 0.0287 0.1191 0.0422 0.3232 0.0642 0.1913 0.2312 
     D267365  1 0.0569 0.0763 0.0428 0.2704 0.0922 0.4075 0.0539 
        D404  1 0.0373 0.1523 0.2153 0.3967 0.0401 0.0419 0.1164 
        D405  1 0.1106 0.1802 0.1666 0.1180 0.0798 0.1220 0.2228 
        D406  1 0.0168 0.0242 0.0396 0.0471 0.7235 0.0784 0.0704 
        D407  1 0.0385 0.0882 0.0152 0.0197 0.2406 0.5792 0.0186 
        D408  1 0.0532 0.3515 0.0430 0.4227 0.0303 0.0504 0.0489 
        D409  1 0.0451 0.6316 0.0446 0.0486 0.0508 0.0722 0.1071 
        D410  1 0.0110 0.0233 0.0196 0.0249 0.0245 0.0648 0.8317 
        D421  1 0.0230 0.0158 0.0110 0.0219 0.0184 0.8988 0.0110 
        D422  1 0.0229 0.0261 0.0135 0.0152 0.8310 0.0505 0.0408 
        D423  1 0.0273 0.0187 0.0204 0.0155 0.1000 0.0910 0.7271 
        D424  1 0.0174 0.0834 0.0233 0.0391 0.1392 0.6673 0.0303 
        D425  1 0.0236 0.0598 0.0282 0.1229 0.0399 0.5879 0.1378 
        D426  1 0.1233 0.6681 0.0171 0.0257 0.0855 0.0547 0.0255 
        D427  1 0.4127 0.0370 0.0141 0.2576 0.0405 0.2154 0.0227 
        D428  1 0.0552 0.0827 0.1101 0.1705 0.1186 0.3666 0.0964 
        D429  1 0.0492 0.0641 0.0582 0.3053 0.0973 0.3376 0.0883 
        D430  1 0.1094 0.3303 0.0412 0.1708 0.1016 0.1102 0.1366 
        D491  1 0.0182 0.0905 0.0248 0.6989 0.0215 0.0804 0.0657 
        D492  1 0.0511 0.0938 0.0898 0.1976 0.1509 0.2905 0.1262 
        D537  1 0.0176 0.0460 0.0534 0.0284 0.0719 0.7530 0.0297 
        D538  1 0.0636 0.1717 0.1042 0.1243 0.1050 0.0675 0.3637 
        D539  1 0.1361 0.1359 0.1503 0.2587 0.1834 0.0569 0.0788 
        D540  1 0.0400 0.4058 0.0364 0.0450 0.0840 0.2823 0.1065 
        D541  1 0.0214 0.0163 0.0150 0.0140 0.0205 0.8972 0.0156 
        D551  1 0.4299 0.0967 0.0518 0.0392 0.2429 0.1048 0.0346 
        D552  1 0.0378 0.0867 0.0574 0.2774 0.1480 0.2221 0.1707 
        D553  1 0.0120 0.0215 0.0195 0.0187 0.0164 0.8954 0.0164 
        D615  1 0.0861 0.0959 0.0308 0.0870 0.0931 0.4081 0.1991 
        D616  1 0.1375 0.1216 0.0201 0.0813 0.1503 0.3068 0.1824 
        D621  1 0.0276 0.0690 0.2612 0.1051 0.3283 0.0255 0.1833 
        D622  1 0.0219 0.0567 0.0552 0.0568 0.5820 0.0541 0.1734 
        D623  1 0.1475 0.0563 0.3245 0.3031 0.0251 0.0350 0.1085 
        D624  1 0.0181 0.0296 0.0132 0.8254 0.0444 0.0478 0.0216 
        D625  1 0.0198 0.0838 0.0476 0.0827 0.0898 0.6260 0.0503 
        D626  1 0.0392 0.0973 0.0496 0.4214 0.1713 0.1132 0.1079 
        D627  1 0.0853 0.5947 0.0282 0.0563 0.0937 0.1087 0.0331 
        D690  1 0.0137 0.0275 0.0233 0.0536 0.0537 0.7809 0.0474 
        D691  1 0.0211 0.0237 0.0233 0.0320 0.7552 0.0913 0.0533 
        D710  1 0.0340 0.1192 0.1380 0.1793 0.0677 0.2687 0.1931 
        D711  1 0.0248 0.0286 0.0632 0.0446 0.0592 0.7197 0.0599 
        D712  1 0.0367 0.0697 0.0631 0.6775 0.0709 0.0436 0.0386 
        D713  1 0.0216 0.1515 0.2260 0.1760 0.1076 0.2291 0.0882 
        D746  1 0.0206 0.0264 0.0256 0.0250 0.8073 0.0665 0.0285 
        D747  1 0.0236 0.0153 0.0281 0.0192 0.0151 0.8839 0.0147 
        D748  1 0.0221 0.0670 0.0537 0.0344 0.4016 0.3485 0.0727 
        D749  1 0.0431 0.0638 0.0705 0.1332 0.3878 0.0334 0.2682 
        D750  1 0.0287 0.0554 0.0396 0.6188 0.0443 0.1461 0.0671 
        D763  1 0.2014 0.1878 0.2620 0.0315 0.1417 0.1323 0.0432 
        D764  1 0.0216 0.0849 0.0127 0.2269 0.0607 0.5225 0.0707 
        D765  1 0.0214 0.0520 0.0159 0.1391 0.1113 0.0353 0.6251 
        D766  1 0.0192 0.0933 0.1163 0.0556 0.2705 0.1780 0.2670 
        D767  1 0.0563 0.0528 0.3791 0.0393 0.1508 0.1092 0.2124 
        D768  1 0.0167 0.0184 0.0161 0.0138 0.0252 0.8923 0.0175 
        D811  1 0.0202 0.4946 0.0449 0.1775 0.0263 0.0309 0.2057 
        D816  1 0.0122 0.0217 0.0246 0.0426 0.0247 0.8486 0.0256 
        D825  1 0.0172 0.1575 0.0303 0.1896 0.0446 0.1160 0.4448 
        D866  1 0.3152 0.1062 0.0207 0.3433 0.0455 0.0663 0.1029 
        D867  1 0.0297 0.0443 0.0540 0.0223 0.7821 0.0251 0.0425 
        D871  1 0.0278 0.7576 0.0359 0.0502 0.0350 0.0549 0.0385 
        D872  1 0.0316 0.0567 0.0715 0.0460 0.1121 0.4077 0.2744 
        D873  1 0.0141 0.0176 0.0229 0.0146 0.0178 0.0103 0.9027 
        D874  1 0.0257 0.0536 0.6572 0.1071 0.0163 0.1123 0.0278 
        D875  1 0.0132 0.6523 0.0219 0.0188 0.0996 0.0430 0.1513 
        D876  1 0.0302 0.0704 0.0753 0.0870 0.0858 0.5861 0.0652 
        D877  1 0.0322 0.2554 0.1892 0.3332 0.0199 0.0953 0.0749 
        D892  1 0.0170 0.0472 0.0546 0.1760 0.2094 0.4274 0.0684 
        D893  1 0.0341 0.0757 0.0757 0.0242 0.0826 0.6596 0.0481 
        D894  1 0.0370 0.1199 0.0435 0.0757 0.0705 0.5803 0.0731 
        D915  1 0.0271 0.0420 0.0259 0.0549 0.1119 0.5889 0.1493 
        D916  1 0.0167 0.0194 0.0128 0.0177 0.0240 0.8856 0.0239 
        D917  1 0.1034 0.0983 0.1175 0.4312 0.0467 0.1548 0.0481 
        D925  1 0.0169 0.0411 0.0264 0.1062 0.0722 0.1953 0.5420 
        D926  1 0.0221 0.0687 0.0732 0.1180 0.0886 0.5409 0.0884 
        D927  1 0.2597 0.0731 0.0828 0.0662 0.0737 0.3996 0.0448 
        D928  1 0.0138 0.0266 0.0185 0.7972 0.0141 0.0874 0.0424 
        D929  1 0.0164 0.0659 0.7043 0.0525 0.0668 0.0308 0.0634 
        D936  1 0.0711 0.0387 0.1706 0.0481 0.0266 0.5826 0.0624 
        D938  1 0.0171 0.0398 0.0379 0.0293 0.7561 0.0333 0.0864 
        D956  1 0.0384 0.1083 0.0348 0.6517 0.0356 0.0419 0.0893 
        D957  1 0.0280 0.0258 0.0803 0.0396 0.0941 0.1688 0.5635 
        D958  1 0.0198 0.0810 0.0768 0.1417 0.1358 0.3555 0.1893 
        D959  1 0.0476 0.0597 0.0128 0.0214 0.2671 0.5722 0.0191 
        D960  1 0.0173 0.0230 0.0374 0.0667 0.6887 0.0285 0.1384 
        D989  1 0.0874 0.0462 0.0408 0.7055 0.0357 0.0565 0.0280 
        D990  1 0.0508 0.0298 0.0235 0.0821 0.0688 0.0206 0.7244 
        D023  2 0.0212 0.0638 0.0206 0.0181 0.7572 0.0832 0.0359 
        D130  2 0.0249 0.0426 0.0296 0.0181 0.7541 0.1040 0.0266 
        D131  2 0.0719 0.3875 0.0442 0.0467 0.0516 0.3004 0.0977 
        D163  2 0.0188 0.0264 0.0352 0.0616 0.6773 0.0972 0.0836 
        D164  2 0.5081 0.0245 0.0197 0.0128 0.0366 0.0154 0.3829 
        D165  2 0.0275 0.0464 0.0308 0.0234 0.8000 0.0426 0.0294 
        D166  2 0.0395 0.3597 0.2079 0.0233 0.1327 0.0520 0.1849 
        D167  2 0.8347 0.0280 0.0204 0.0400 0.0180 0.0153 0.0436 
        D192  2 0.8972 0.0159 0.0223 0.0198 0.0131 0.0108 0.0210 
        D193  2 0.0552 0.0590 0.2243 0.2913 0.1037 0.0353 0.2312 
        D206  2 0.1984 0.2261 0.0545 0.0283 0.2465 0.1958 0.0504 
        D207  2 0.6774 0.1293 0.0339 0.0210 0.0343 0.0404 0.0637 
        D208  2 0.1870 0.1509 0.0995 0.3476 0.0709 0.0747 0.0694 
        D209  2 0.2670 0.1411 0.2626 0.0343 0.0930 0.0674 0.1346 
        D210  2 0.1777 0.0389 0.0370 0.6008 0.0503 0.0686 0.0267 
     D229599  2 0.0702 0.0950 0.1992 0.0997 0.1109 0.2415 0.1833 
     D229600  2 0.2809 0.0356 0.0317 0.0276 0.4811 0.0398 0.1032 
     D237227  2 0.0585 0.0795 0.0381 0.5212 0.0510 0.0523 0.1993 
     D237228  2 0.0675 0.0544 0.0186 0.1984 0.0217 0.0200 0.6194 
     D237258  2 0.2198 0.1587 0.1015 0.0986 0.1542 0.0980 0.1691 
     D237310  2 0.0286 0.1141 0.0460 0.0374 0.0342 0.0147 0.7251 
     D237311  2 0.1103 0.0440 0.0220 0.0336 0.0446 0.0197 0.7258 
     D237312  2 0.0261 0.1564 0.1293 0.0643 0.1835 0.0319 0.4086 
     D237313  2 0.0368 0.1296 0.1334 0.1442 0.0981 0.3204 0.1375 
     D237322  2 0.1642 0.1463 0.2418 0.1603 0.0584 0.0316 0.1974 
     D237323  2 0.0319 0.0448 0.0478 0.1094 0.0825 0.0187 0.6650 
     D237324  2 0.2532 0.0664 0.0767 0.0230 0.3372 0.0751 0.1683 
     D237325  2 0.0431 0.0452 0.1049 0.0792 0.2670 0.0582 0.4025 
     D237326  2 0.0288 0.0237 0.0424 0.0631 0.0378 0.0852 0.7190 
     D237327  2 0.3369 0.0803 0.1941 0.0755 0.1294 0.1077 0.0760 
     D237337  2 0.0171 0.0372 0.0196 0.0410 0.0294 0.0351 0.8206 
     D237338  2 0.0899 0.0781 0.1380 0.1343 0.2558 0.0828 0.2211 
     D237339  2 0.1685 0.0446 0.6371 0.0191 0.0277 0.0540 0.0489 
     D237340  2 0.1629 0.0585 0.0743 0.1541 0.1120 0.0267 0.4115 
     D237389  2 0.0385 0.0508 0.0312 0.0199 0.0397 0.0189 0.8011 
     D237390  2 0.0271 0.0916 0.0776 0.0914 0.1837 0.0665 0.4621 
     D244017  2 0.2472 0.1171 0.0493 0.3446 0.0422 0.0345 0.1651 
     D244112  2 0.7516 0.0404 0.0221 0.0352 0.0686 0.0168 0.0654 
     D244118  2 0.4853 0.0151 0.0640 0.0288 0.2323 0.0113 0.1632 
     D244119  2 0.2304 0.0223 0.0140 0.6461 0.0179 0.0250 0.0441 
     D244120  2 0.4845 0.1044 0.1438 0.1157 0.0545 0.0138 0.0833 
     D244122  2 0.6813 0.0481 0.0522 0.0520 0.0716 0.0327 0.0622 
        D291  2 0.3368 0.3425 0.0362 0.0285 0.0978 0.0914 0.0668 
        D292  2 0.3449 0.0376 0.0708 0.0989 0.0381 0.2408 0.1688 
        D293  2 0.6916 0.0215 0.0737 0.0160 0.0177 0.1587 0.0208 
        D322  2 0.4629 0.0561 0.1422 0.0237 0.0506 0.1863 0.0781 
        D323  2 0.0743 0.4479 0.1804 0.0457 0.0550 0.0961 0.1006 
        D324  2 0.2109 0.2346 0.0251 0.0762 0.1129 0.2208 0.1195 
        D325  2 0.8745 0.0161 0.0191 0.0119 0.0228 0.0394 0.0161 
        D326  2 0.0193 0.0248 0.0161 0.0259 0.0167 0.8819 0.0154 
        D340  2 0.8838 0.0168 0.0183 0.0184 0.0192 0.0271 0.0164 
        D341  2 0.6882 0.0413 0.0662 0.0409 0.0656 0.0573 0.0405 
        D342  2 0.5505 0.0865 0.0292 0.0220 0.1371 0.0241 0.1507 
        D343  2 0.9228 0.0113 0.0125 0.0097 0.0125 0.0208 0.0104 
        D344  2 0.0523 0.1165 0.4862 0.0303 0.0253 0.1801 0.1092 
        D345  2 0.0403 0.0690 0.1463 0.0565 0.1004 0.2026 0.3849 
        D346  2 0.0659 0.2891 0.0328 0.4853 0.0347 0.0496 0.0426 
        D351  2 0.1098 0.2408 0.0794 0.0218 0.0711 0.2993 0.1779 
        D352  2 0.0385 0.0792 0.6883 0.0705 0.0286 0.0239 0.0710 
        D353  2 0.0355 0.2396 0.1847 0.0205 0.0318 0.4526 0.0354 
        D354  2 0.0168 0.0558 0.6554 0.0779 0.0288 0.0874 0.0779 
        D362  2 0.0294 0.0366 0.0187 0.0323 0.0455 0.7816 0.0561 
        D363  2 0.0319 0.0587 0.0272 0.0497 0.0478 0.7232 0.0616 
        D364  2 0.0198 0.0526 0.3195 0.0599 0.0329 0.3832 0.1321 
        D365  2 0.8497 0.0217 0.0284 0.0219 0.0142 0.0456 0.0185 
        D369  2 0.2096 0.1401 0.0217 0.1971 0.0652 0.2211 0.1452 
        D374  2 0.0219 0.0611 0.0469 0.7320 0.0165 0.0187 0.1029 
        D375  2 0.0120 0.0482 0.8135 0.0183 0.0270 0.0279 0.0530 
        D376  2 0.0288 0.0332 0.0792 0.6911 0.0255 0.0176 0.1246 
        D377  2 0.0595 0.4696 0.0549 0.0625 0.0827 0.0442 0.2266 
        D378  2 0.2150 0.1230 0.2514 0.0336 0.0980 0.2396 0.0394 
        D379  2 0.0198 0.0476 0.0756 0.0338 0.0325 0.7589 0.0317 
        D384  2 0.0169 0.0175 0.0148 0.0350 0.0157 0.8859 0.0142 
        D385  2 0.6974 0.0409 0.1287 0.0437 0.0211 0.0325 0.0358 
        D386  2 0.0627 0.1358 0.4662 0.0223 0.0755 0.1916 0.0460 
        D391  2 0.7193 0.0416 0.1198 0.0196 0.0223 0.0513 0.0262 
        D392  2 0.5433 0.0601 0.0255 0.0558 0.0360 0.0858 0.1936 
        D393  2 0.1261 0.1351 0.2256 0.0268 0.0613 0.3733 0.0518 
        D394  2 0.0544 0.0695 0.2086 0.0584 0.1808 0.0800 0.3482 
        D395  2 0.1874 0.0798 0.6375 0.0186 0.0301 0.0199 0.0267 
        D401  2 0.0242 0.0416 0.0136 0.0303 0.0168 0.0190 0.8545 
        D402  2 0.8370 0.0432 0.0412 0.0163 0.0151 0.0240 0.0233 
        D403  2 0.0339 0.0861 0.2136 0.0285 0.2771 0.3077 0.0532 
        D415  2 0.0212 0.0771 0.0253 0.0183 0.0443 0.7001 0.1137 
        D435  2 0.1993 0.0289 0.0550 0.0211 0.0496 0.5914 0.0546 
        D436  2 0.0335 0.0489 0.5570 0.0634 0.0752 0.1601 0.0619 
        D438  2 0.8814 0.0273 0.0164 0.0177 0.0235 0.0183 0.0154 
        D439  2 0.0510 0.0721 0.6150 0.0208 0.0506 0.0990 0.0914 
        D449  2 0.5763 0.0733 0.0263 0.0333 0.1073 0.1341 0.0493 
        D450  2 0.0284 0.3353 0.1783 0.2115 0.0599 0.1382 0.0485 
        D456  2 0.0174 0.0290 0.0177 0.0218 0.0222 0.8774 0.0145 
        D462  2 0.7630 0.0225 0.1159 0.0134 0.0188 0.0446 0.0218 
        D463  2 0.0130 0.0220 0.0240 0.0333 0.0181 0.8734 0.0161 
        D464  2 0.0423 0.2425 0.4167 0.0323 0.0276 0.1737 0.0649 
        D465  2 0.3652 0.1131 0.0255 0.0297 0.0629 0.2784 0.1252 
        D473  2 0.0448 0.1172 0.1280 0.4916 0.0751 0.0340 0.1093 
        D474  2 0.1090 0.0367 0.0344 0.0936 0.0815 0.5981 0.0467 
        D476  2 0.0402 0.0240 0.4864 0.0164 0.3634 0.0291 0.0405 
        D477  2 0.0376 0.1702 0.2309 0.0690 0.0292 0.2985 0.1646 
        D478  2 0.0576 0.1843 0.1406 0.1504 0.2775 0.0707 0.1188 
        D480  2 0.1305 0.1276 0.2053 0.1183 0.0335 0.3486 0.0362 
        D481  2 0.0521 0.0677 0.1912 0.1334 0.0991 0.2668 0.1896 
        D482  2 0.0485 0.0978 0.5060 0.1315 0.0514 0.0197 0.1451 
        D483  2 0.7909 0.0221 0.0220 0.0849 0.0245 0.0201 0.0353 
        D484  2 0.0207 0.0370 0.8619 0.0275 0.0150 0.0153 0.0227 
        D510  2 0.0562 0.0483 0.0598 0.7355 0.0242 0.0266 0.0494 
        D511  2 0.0527 0.0734 0.6735 0.0226 0.0370 0.1068 0.0340 
        D512  2 0.0857 0.1751 0.0358 0.0154 0.0559 0.0281 0.6041 
        D513  2 0.6060 0.0979 0.0255 0.0539 0.0582 0.1058 0.0526 
        D635  2 0.0364 0.1429 0.0246 0.0461 0.3274 0.3392 0.0833 
        D636  2 0.0159 0.0684 0.0151 0.0248 0.7509 0.0427 0.0823 
        D637  2 0.1929 0.1181 0.3630 0.0858 0.0709 0.0381 0.1313 
        D658  2 0.3470 0.0309 0.3004 0.1164 0.0420 0.0267 0.1367 
        D659  2 0.0435 0.0350 0.0511 0.0384 0.0872 0.7250 0.0197 
        D677  2 0.0761 0.0809 0.0875 0.0267 0.2548 0.4007 0.0733 
        D678  2 0.5595 0.1331 0.0591 0.0231 0.0603 0.0357 0.1292 
        D679  2 0.1063 0.1471 0.0675 0.0751 0.0512 0.5112 0.0415 
        D719  2 0.2226 0.0277 0.0351 0.4601 0.0195 0.1843 0.0507 
        D720  2 0.0343 0.0478 0.0189 0.0645 0.0389 0.7629 0.0328 
        D721  2 0.0595 0.0547 0.0436 0.0359 0.6902 0.0855 0.0307 
        D722  2 0.0928 0.1069 0.0611 0.4407 0.0312 0.0372 0.2301 
        D734  2 0.0816 0.0539 0.5277 0.2566 0.0195 0.0358 0.0248 
        D735  2 0.0603 0.2945 0.0730 0.0828 0.0478 0.3277 0.1140 
        D736  2 0.2047 0.0690 0.0565 0.4387 0.0857 0.0921 0.0532 
        D737  2 0.4179 0.0318 0.2719 0.0584 0.0758 0.0246 0.1195 
        D807  2 0.1205 0.0922 0.1247 0.2681 0.0618 0.2082 0.1246 
        D808  2 0.1086 0.1570 0.0788 0.0319 0.0713 0.0722 0.4803 
        D817  2 0.0239 0.3360 0.0924 0.0449 0.0373 0.3893 0.0761 
        D818  2 0.3943 0.1444 0.0606 0.0284 0.2517 0.0761 0.0444 
        D819  2 0.0334 0.4964 0.0306 0.0413 0.0456 0.1259 0.2267 
        D820  2 0.0440 0.0199 0.0496 0.0265 0.0227 0.8211 0.0162 
        D895  2 0.0391 0.0996 0.0658 0.0514 0.1668 0.4988 0.0786 
        D896  2 0.0125 0.0189 0.0132 0.0248 0.0160 0.0164 0.8983 
        D897  2 0.5882 0.0938 0.0565 0.0337 0.0671 0.0389 0.1219 
        D898  2 0.0480 0.2932 0.0832 0.0453 0.0311 0.0479 0.4513 
        D918  2 0.1040 0.1244 0.1249 0.0707 0.3194 0.0578 0.1988 
        D919  2 0.1372 0.0568 0.5129 0.0293 0.0547 0.1694 0.0396 
        D920  2 0.0228 0.0281 0.0404 0.0684 0.7342 0.0304 0.0757 
        D923  2 0.0251 0.0807 0.0858 0.0252 0.0295 0.7214 0.0323 
        D930  2 0.0574 0.3256 0.1254 0.1545 0.0346 0.2295 0.0729 
        D931  2 0.1227 0.0905 0.2596 0.0576 0.0398 0.3480 0.0818 
        D968  2 0.9006 0.0156 0.0218 0.0127 0.0121 0.0207 0.0166 
        D969  2 0.2897 0.0825 0.0670 0.0773 0.0427 0.3201 0.1208 
        D977  2 0.7465 0.0417 0.0433 0.0258 0.0677 0.0439 0.0311 
        D978  2 0.2566 0.5292 0.0619 0.0392 0.0326 0.0390 0.0416 
        D211  3 0.0296 0.0936 0.0424 0.0292 0.7044 0.0587 0.0422 
     D229639  3 0.4807 0.0605 0.0488 0.2067 0.0485 0.0885 0.0663 
     D237212  3 0.1702 0.1546 0.2908 0.0392 0.1370 0.1037 0.1045 
     D237213  3 0.0288 0.3578 0.1212 0.0244 0.1514 0.0815 0.2350 
     D237214  3 0.0145 0.0828 0.0196 0.0277 0.8041 0.0297 0.0216 
     D237215  3 0.6913 0.0457 0.0271 0.1334 0.0163 0.0207 0.0656 
     D237216  3 0.0628 0.3667 0.1029 0.0516 0.2113 0.0894 0.1153 
     D237217  3 0.0516 0.0436 0.0258 0.0194 0.6493 0.1294 0.0810 
     D237218  3 0.1231 0.0823 0.4329 0.0826 0.1507 0.0847 0.0436 
     D237219  3 0.0438 0.1613 0.0374 0.1787 0.2580 0.0605 0.2604 
     D237382  3 0.0460 0.2220 0.0779 0.1305 0.0914 0.1598 0.2724 
     D244127  3 0.0803 0.0693 0.0355 0.0264 0.0544 0.0347 0.6994 
     D244129  3 0.1090 0.1842 0.1183 0.0422 0.1557 0.1208 0.2699 
     D244133  3 0.0964 0.4773 0.0142 0.1358 0.1360 0.0985 0.0419 
     D244134  3 0.1616 0.0768 0.0387 0.4924 0.0661 0.0554 0.1090 
     D244135  3 0.0487 0.0741 0.0365 0.0173 0.7382 0.0497 0.0354 
     D244136  3 0.0839 0.2904 0.0375 0.2293 0.0747 0.2400 0.0442 
        D416  3 0.1603 0.2667 0.0522 0.0488 0.1182 0.1651 0.1888 
        D417  3 0.0183 0.0338 0.0456 0.0313 0.1011 0.7225 0.0473 
        D419  3 0.1499 0.0874 0.0827 0.1053 0.2470 0.1551 0.1726 
        D565  3 0.0175 0.0393 0.0162 0.8441 0.0214 0.0434 0.0182 
        D566  3 0.2862 0.1872 0.0242 0.3182 0.0404 0.0747 0.0693 
        D567  3 0.0373 0.0459 0.0677 0.0281 0.1324 0.5960 0.0926 
        D568  3 0.1397 0.0403 0.2587 0.0230 0.2678 0.1928 0.0778 
        D569  3 0.0828 0.0761 0.6405 0.0474 0.0727 0.0262 0.0544 
        D573  3 0.6978 0.0362 0.0246 0.0263 0.0247 0.1592 0.0311 
        D574  3 0.0665 0.2392 0.0458 0.3808 0.0811 0.0456 0.1410 
        D575  3 0.0546 0.4071 0.0393 0.1503 0.1190 0.1358 0.0938 
        D576  3 0.7454 0.1306 0.0250 0.0284 0.0348 0.0081 0.0275 
        D577  3 0.0316 0.2106 0.0775 0.0408 0.1539 0.4421 0.0435 
        D578  3 0.0285 0.0462 0.0162 0.0174 0.8256 0.0188 0.0473 
        D579  3 0.1508 0.1151 0.1394 0.2480 0.0904 0.1827 0.0736 
        D660  3 0.3288 0.2430 0.0657 0.0212 0.1010 0.0272 0.2132 
        D661  3 0.5440 0.0629 0.1568 0.0251 0.1091 0.0565 0.0456 
        D663  3 0.6949 0.1329 0.0533 0.0239 0.0265 0.0391 0.0293 
        D664  3 0.1322 0.2791 0.0422 0.0914 0.2635 0.0228 0.1689 
        D665  3 0.0382 0.5657 0.1055 0.0133 0.1216 0.0155 0.1402 
        D666  3 0.0311 0.3484 0.0467 0.1463 0.0910 0.1240 0.2125 
        D009  4 0.0179 0.0727 0.2410 0.0413 0.3934 0.1274 0.1063 
        D057  4 0.1115 0.0163 0.5603 0.0297 0.2324 0.0321 0.0177 
        D109  4 0.0233 0.3058 0.0396 0.0725 0.1228 0.0454 0.3905 
     D237222  4 0.0424 0.0297 0.0487 0.1551 0.5648 0.0602 0.0992 
     D237223  4 0.0912 0.0634 0.0887 0.1494 0.3594 0.0545 0.1934 
     D237224  4 0.2336 0.1015 0.3301 0.0404 0.0601 0.1660 0.0683 
     D237225  4 0.0435 0.1518 0.1514 0.0694 0.2722 0.2016 0.1101 
     D237299  4 0.0403 0.5148 0.0329 0.0480 0.1746 0.0191 0.1703 
     D237300  4 0.6717 0.1392 0.0478 0.0503 0.0391 0.0198 0.0320 
     D237306  4 0.0379 0.0514 0.0583 0.4885 0.0737 0.0986 0.1916 
     D237307  4 0.0483 0.1070 0.0245 0.2236 0.0791 0.4773 0.0403 
     D237308  4 0.3321 0.0367 0.2331 0.1045 0.0836 0.0653 0.1449 
     D237309  4 0.0837 0.0694 0.1553 0.0328 0.2946 0.2189 0.1453 
     D237317  4 0.0417 0.0581 0.0461 0.4495 0.0607 0.2877 0.0562 
     D237318  4 0.8213 0.0734 0.0170 0.0270 0.0164 0.0219 0.0231 
     D237319  4 0.0597 0.1269 0.0706 0.0510 0.3725 0.1194 0.1999 
     D237320  4 0.1474 0.0524 0.0430 0.0397 0.4794 0.0852 0.1530 
     D237321  4 0.5331 0.1182 0.0415 0.0664 0.0791 0.0800 0.0816 
     D237397  4 0.2016 0.0484 0.0456 0.2634 0.2730 0.0723 0.0957 
     D237398  4 0.4777 0.1826 0.0655 0.0245 0.0956 0.0993 0.0548 
     D237399  4 0.1155 0.0802 0.0842 0.2875 0.2032 0.1471 0.0824 
     D244001  4 0.0814 0.0233 0.0919 0.0361 0.6845 0.0334 0.0494 
        D289  4 0.1177 0.0372 0.2822 0.3266 0.0832 0.0947 0.0583 
        D290  4 0.0590 0.1834 0.2691 0.0376 0.0858 0.0926 0.2725 
        D294  4 0.0329 0.1770 0.5126 0.0342 0.0891 0.1144 0.0397 
        D295  4 0.0363 0.0782 0.1275 0.0607 0.1198 0.4092 0.1684 
        D301  4 0.0421 0.0374 0.0619 0.0664 0.6622 0.0262 0.1038 
        D302  4 0.0158 0.0489 0.7783 0.0186 0.0328 0.0817 0.0240 
        D303  4 0.0472 0.0561 0.1142 0.5884 0.0467 0.0439 0.1035 
        D304  4 0.0945 0.2064 0.2299 0.1104 0.0905 0.1315 0.1367 
        D305  4 0.0694 0.0794 0.7170 0.0124 0.0318 0.0203 0.0697 
        D306  4 0.0272 0.2921 0.1681 0.0652 0.0842 0.0666 0.2966 
        D307  4 0.0312 0.0407 0.0545 0.0826 0.7292 0.0176 0.0442 
        D327  4 0.0490 0.1283 0.0556 0.0931 0.0627 0.5744 0.0369 
        D328  4 0.0280 0.0886 0.5184 0.1689 0.0454 0.0315 0.1192 
        D329  4 0.1190 0.0504 0.4689 0.0644 0.0912 0.0868 0.1192 
        D330  4 0.0365 0.0762 0.0995 0.0211 0.1546 0.2859 0.3264 
        D331  4 0.0715 0.1823 0.0957 0.1323 0.0788 0.2385 0.2010 
        D333  4 0.0876 0.0500 0.3904 0.1330 0.1278 0.0803 0.1310 
        D334  4 0.0288 0.0821 0.0748 0.5856 0.1059 0.0956 0.0272 
        D335  4 0.0293 0.0511 0.4819 0.0356 0.0232 0.3414 0.0374 
        D370  4 0.0500 0.0887 0.1517 0.1095 0.0559 0.0491 0.4951 
        D371  4 0.0249 0.0344 0.0239 0.7551 0.0224 0.1144 0.0248 
        D372  4 0.5901 0.1970 0.0352 0.0505 0.0278 0.0175 0.0818 
        D373  4 0.0722 0.0529 0.0743 0.0267 0.6947 0.0375 0.0417 
        D455  4 0.0390 0.0214 0.1232 0.0313 0.6838 0.0357 0.0656 
        D490  4 0.0117 0.0161 0.0320 0.0214 0.8885 0.0161 0.0143 
        D497  4 0.0260 0.0401 0.0693 0.0291 0.7660 0.0212 0.0483 
        D498  4 0.0628 0.2075 0.0777 0.1632 0.0557 0.0960 0.3372 
        D499  4 0.2072 0.3409 0.1114 0.1422 0.0297 0.0301 0.1385 
        D514  4 0.0376 0.3311 0.1676 0.0213 0.0516 0.2978 0.0931 
        D515  4 0.0229 0.0980 0.0733 0.0303 0.5269 0.0521 0.1965 
        D516  4 0.0920 0.1201 0.0398 0.0922 0.1499 0.2882 0.2177 
        D517  4 0.0661 0.0256 0.0352 0.0281 0.7361 0.0509 0.0581 
        D518  4 0.0355 0.0220 0.5768 0.0855 0.2112 0.0371 0.0318 
        D519  4 0.0537 0.0406 0.0243 0.0304 0.6289 0.0703 0.1519 
        D560  4 0.0895 0.0680 0.0663 0.0313 0.5300 0.1017 0.1132 
        D561  4 0.0556 0.3852 0.0854 0.0213 0.2190 0.0990 0.1344 
        D562  4 0.0920 0.1561 0.2612 0.0783 0.2359 0.0582 0.1182 
        D563  4 0.3367 0.1430 0.2572 0.0231 0.0851 0.0376 0.1174 
        D572  4 0.0191 0.0285 0.7914 0.0284 0.0637 0.0492 0.0198 
        D629  4 0.0324 0.2758 0.0879 0.0313 0.2914 0.2378 0.0433 
        D630  4 0.0501 0.0911 0.2232 0.0767 0.3452 0.1276 0.0860 
        D631  4 0.0838 0.0223 0.7537 0.0263 0.0455 0.0350 0.0333 
        D632  4 0.1334 0.0582 0.1798 0.0265 0.4016 0.0563 0.1442 
        D646  4 0.0706 0.0271 0.0494 0.0446 0.2758 0.2770 0.2555 
        D647  4 0.0572 0.0287 0.1294 0.0167 0.1551 0.4673 0.1455 
        D648  4 0.0226 0.1182 0.7181 0.0637 0.0289 0.0174 0.0312 
        D649  4 0.0267 0.0849 0.1693 0.0256 0.1264 0.3962 0.1708 
        D650  4 0.0493 0.1438 0.1497 0.1228 0.1804 0.2744 0.0795 
        D708  4 0.0319 0.1940 0.2671 0.3033 0.0822 0.0645 0.0570 
        D709  4 0.0232 0.1759 0.2021 0.0430 0.0331 0.0399 0.4829 
        D738  4 0.0216 0.0315 0.0365 0.5501 0.1251 0.1429 0.0923 
        D739  4 0.0355 0.1325 0.2070 0.0341 0.4487 0.0317 0.1105 
        D740  4 0.0716 0.1996 0.1033 0.1658 0.0912 0.0235 0.3450 
        D741  4 0.1620 0.0837 0.0387 0.0237 0.3016 0.1629 0.2275 
        D742  4 0.4084 0.0717 0.1297 0.1261 0.1156 0.0598 0.0887 
        D743  4 0.0579 0.0441 0.3539 0.0310 0.0369 0.4530 0.0232 
        D744  4 0.0384 0.0512 0.7834 0.0226 0.0300 0.0381 0.0363 
        D745  4 0.0217 0.0686 0.0304 0.0230 0.6817 0.0326 0.1420 
        D814  4 0.3450 0.0875 0.1468 0.0298 0.3228 0.0417 0.0264 
        D815  4 0.0407 0.1165 0.4753 0.0469 0.0447 0.1789 0.0970 
        D828  4 0.1097 0.2346 0.3011 0.1737 0.0537 0.0188 0.1085 
        D845  4 0.7768 0.0286 0.0365 0.0873 0.0176 0.0324 0.0208 
        D846  4 0.1055 0.0851 0.4537 0.0118 0.1369 0.1670 0.0400 
        D847  4 0.0757 0.1091 0.1278 0.1282 0.3078 0.1473 0.1042 
        D848  4 0.2033 0.0378 0.0598 0.0314 0.5943 0.0189 0.0545 
        D849  4 0.0319 0.0738 0.0770 0.0193 0.6049 0.0572 0.1359 
        D850  4 0.1405 0.1588 0.0434 0.0866 0.3003 0.2235 0.0469 
        D856  4 0.0265 0.3651 0.0732 0.0490 0.0720 0.0453 0.3691 
        D857  4 0.0392 0.0224 0.0384 0.0302 0.0397 0.0104 0.8197 
        D859  4 0.0477 0.0394 0.7002 0.0354 0.0455 0.0886 0.0431 
        D860  4 0.1567 0.0286 0.0882 0.5439 0.0285 0.1289 0.0252 
        D883  4 0.0367 0.1060 0.1390 0.1049 0.2566 0.2357 0.1210 
        D884  4 0.0241 0.0648 0.1238 0.1274 0.2279 0.1132 0.3187 
        D885  4 0.1562 0.2533 0.1168 0.0425 0.1846 0.1612 0.0854 
        D886  4 0.0563 0.0777 0.1430 0.0364 0.2265 0.1864 0.2737 
        D887  4 0.2557 0.1282 0.2225 0.0736 0.0702 0.1168 0.1330 
        D889  4 0.1954 0.2620 0.2980 0.0427 0.0511 0.0797 0.0711 
        D890  4 0.0546 0.3744 0.1390 0.1125 0.0881 0.0551 0.1763 
        D891  4 0.8929 0.0320 0.0150 0.0155 0.0110 0.0167 0.0169 
        D899  4 0.5252 0.0851 0.1553 0.1172 0.0418 0.0399 0.0354 
        D900  4 0.0923 0.1523 0.2289 0.0788 0.1013 0.1879 0.1585 
        D970  4 0.0556 0.0920 0.4933 0.0741 0.0760 0.1560 0.0530 
        D971  4 0.3920 0.1373 0.2077 0.0692 0.0271 0.0939 0.0727 
        D979  4 0.0315 0.0657 0.2964 0.0391 0.0262 0.5146 0.0265 
        D093  5 0.0331 0.0376 0.0330 0.7823 0.0455 0.0376 0.0309 
        D154  5 0.3138 0.3762 0.0667 0.0657 0.0641 0.0339 0.0796 
        D168  5 0.2371 0.2411 0.0649 0.0253 0.2245 0.1012 0.1058 
        D189  5 0.1493 0.0983 0.0637 0.5147 0.0430 0.0670 0.0640 
        D190  5 0.0339 0.0434 0.0478 0.7658 0.0211 0.0438 0.0444 
     D237220  5 0.0418 0.0943 0.2334 0.1232 0.2739 0.0417 0.1916 
     D237221  5 0.1352 0.1268 0.0975 0.4063 0.0506 0.0997 0.0839 
     D237274  5 0.0392 0.0430 0.1267 0.0220 0.0321 0.6586 0.0785 
     D237275  5 0.7209 0.0930 0.0257 0.0317 0.0252 0.0225 0.0811 
     D237276  5 0.0445 0.0771 0.0936 0.2303 0.1980 0.1965 0.1599 
     D237277  5 0.0939 0.0917 0.0582 0.6502 0.0250 0.0340 0.0470 
     D237278  5 0.2454 0.0574 0.1007 0.2862 0.0902 0.0545 0.1656 
     D237279  5 0.0456 0.4328 0.0402 0.0221 0.1467 0.0446 0.2681 
     D237280  5 0.0215 0.0807 0.0769 0.0774 0.2122 0.1536 0.3776 
     D237281  5 0.8307 0.0325 0.0216 0.0256 0.0179 0.0492 0.0225 
     D237351  5 0.0305 0.1807 0.0417 0.0972 0.0437 0.0403 0.5659 
     D237352  5 0.0546 0.1190 0.1876 0.0617 0.3526 0.1458 0.0786 
     D237353  5 0.0224 0.0744 0.0365 0.7874 0.0175 0.0198 0.0419 
     D237359  5 0.0705 0.1715 0.2164 0.0967 0.3086 0.0536 0.0826 
     D237361  5 0.0183 0.0264 0.0195 0.8685 0.0161 0.0216 0.0295 
     D237362  5 0.0533 0.4919 0.0593 0.1181 0.0599 0.1564 0.0610 
     D237363  5 0.1611 0.4307 0.0332 0.0753 0.0824 0.0551 0.1621 
     D237364  5 0.1524 0.1171 0.2940 0.0200 0.1899 0.1322 0.0945 
     D237376  5 0.0571 0.2601 0.3451 0.2207 0.0324 0.0193 0.0653 
     D237377  5 0.0370 0.1503 0.0566 0.1288 0.0431 0.2803 0.3039 
     D237378  5 0.0782 0.0775 0.1665 0.5436 0.0655 0.0251 0.0436 
     D237379  5 0.0444 0.1080 0.3883 0.3219 0.0526 0.0344 0.0503 
     D237380  5 0.0165 0.0320 0.1556 0.0705 0.0931 0.0404 0.5918 
     D237381  5 0.0533 0.0504 0.1158 0.1009 0.1854 0.0445 0.4498 
     D237391  5 0.0239 0.0393 0.0264 0.8183 0.0260 0.0405 0.0256 
     D237392  5 0.1341 0.1572 0.0763 0.0313 0.0492 0.4308 0.1210 
     D237393  5 0.0821 0.0338 0.0527 0.2337 0.0625 0.3645 0.1707 
     D237394  5 0.0131 0.0631 0.0255 0.8268 0.0191 0.0273 0.0251 
     D237395  5 0.0908 0.3155 0.0337 0.2878 0.1274 0.0414 0.1034 
     D237396  5 0.0712 0.0740 0.0383 0.2186 0.0869 0.4166 0.0945 
     D244016  5 0.0554 0.5795 0.1078 0.1565 0.0209 0.0249 0.0549 
     D244018  5 0.3620 0.0470 0.0424 0.2527 0.1034 0.1368 0.0558 
     D244019  5 0.1108 0.4819 0.0851 0.0405 0.0305 0.1716 0.0796 
        D279  5 0.1932 0.1241 0.2594 0.1503 0.1216 0.0667 0.0847 
        D280  5 0.0995 0.2093 0.0430 0.2465 0.0998 0.1743 0.1276 
        D281  5 0.6748 0.1288 0.0342 0.0806 0.0187 0.0391 0.0238 
        D283  5 0.0653 0.0716 0.0352 0.5034 0.0248 0.2438 0.0559 
        D284  5 0.0549 0.3435 0.0541 0.0309 0.3379 0.0652 0.1136 
        D285  5 0.0439 0.1092 0.1082 0.5356 0.0362 0.0908 0.0761 
        D286  5 0.0420 0.1029 0.2698 0.2628 0.1248 0.1121 0.0856 
        D287  5 0.0259 0.2454 0.3423 0.1769 0.0696 0.0223 0.1176 
        D288  5 0.1264 0.2450 0.0360 0.1097 0.0397 0.3613 0.0819 
        D308  5 0.0270 0.0428 0.0222 0.0392 0.0413 0.0841 0.7434 
        D309  5 0.0181 0.0383 0.8225 0.0239 0.0292 0.0360 0.0319 
        D310  5 0.0209 0.0671 0.0202 0.8169 0.0166 0.0206 0.0377 
        D311  5 0.0349 0.2655 0.2419 0.1620 0.0706 0.1667 0.0584 
        D312  5 0.0530 0.2499 0.1940 0.1979 0.1037 0.1304 0.0712 
        D313  5 0.0122 0.0203 0.0106 0.0289 0.3279 0.0170 0.5831 
        D314  5 0.1210 0.2721 0.1397 0.1228 0.1495 0.0446 0.1503 
        D315  5 0.0565 0.1202 0.0543 0.3064 0.0936 0.2293 0.1396 
        D317  5 0.0200 0.0322 0.0197 0.8263 0.0262 0.0587 0.0169 
        D318  5 0.0933 0.2611 0.1521 0.0812 0.1677 0.1146 0.1299 
        D319  5 0.0255 0.0287 0.0193 0.8154 0.0227 0.0323 0.0561 
        D320  5 0.0281 0.0450 0.0885 0.7216 0.0307 0.0371 0.0490 
        D321  5 0.0508 0.0864 0.0225 0.0771 0.0282 0.0959 0.6391 
        D336  5 0.0187 0.0767 0.0835 0.7072 0.0226 0.0240 0.0673 
        D337  5 0.0283 0.0262 0.0256 0.8593 0.0141 0.0301 0.0164 
        D338  5 0.1004 0.1058 0.1224 0.2488 0.1107 0.2287 0.0833 
        D339  5 0.0398 0.0455 0.0305 0.7376 0.0353 0.0406 0.0706 
        D347  5 0.1508 0.1004 0.2487 0.0717 0.0451 0.2214 0.1618 
        D348  5 0.0251 0.0201 0.0858 0.7810 0.0182 0.0394 0.0304 
        D349  5 0.0223 0.0526 0.0259 0.0453 0.0153 0.0269 0.8118 
        D350  5 0.0215 0.0264 0.8633 0.0202 0.0203 0.0233 0.0251 
        D355  5 0.5423 0.0843 0.1058 0.0311 0.0204 0.1052 0.1109 
        D356  5 0.0267 0.1034 0.0727 0.2944 0.1513 0.2888 0.0627 
        D357  5 0.0779 0.2023 0.1215 0.1238 0.0606 0.0670 0.3468 
        D358  5 0.0566 0.1095 0.1670 0.4117 0.0655 0.0594 0.1304 
        D359  5 0.0212 0.0342 0.0443 0.6067 0.0146 0.2350 0.0439 
        D360  5 0.0261 0.0960 0.0524 0.5070 0.1346 0.1371 0.0468 
        D361  5 0.0180 0.0363 0.0164 0.0371 0.0254 0.0378 0.8290 
        D366  5 0.2190 0.0342 0.0261 0.0237 0.0595 0.5916 0.0461 
        D367  5 0.0259 0.0984 0.1188 0.5455 0.0350 0.0285 0.1480 
        D368  5 0.0382 0.2623 0.0475 0.2569 0.0578 0.0858 0.2515 
        D380  5 0.0691 0.2929 0.3439 0.0411 0.0699 0.0971 0.0860 
        D381  5 0.0450 0.0405 0.0499 0.7164 0.0278 0.0724 0.0481 
        D400  5 0.1137 0.0727 0.2847 0.3131 0.0661 0.0893 0.0603 
        D411  5 0.0385 0.1088 0.0239 0.0119 0.7471 0.0200 0.0498 
        D412  5 0.1636 0.0651 0.1221 0.1240 0.0938 0.0979 0.3334 
        D413  5 0.5863 0.1374 0.0556 0.0302 0.0786 0.0822 0.0297 
        D414  5 0.1117 0.0444 0.7463 0.0183 0.0271 0.0253 0.0270 
        D420  5 0.0744 0.5375 0.0269 0.0537 0.1750 0.0306 0.1019 
        D431  5 0.0608 0.4277 0.2045 0.0382 0.0501 0.0174 0.2013 
        D432  5 0.0654 0.0371 0.0458 0.6022 0.0840 0.0570 0.1085 
        D433  5 0.0541 0.0365 0.0352 0.6556 0.0220 0.0734 0.1233 
        D434  5 0.0370 0.0510 0.0482 0.5660 0.0441 0.1383 0.1156 
        D440  5 0.0159 0.0278 0.8489 0.0253 0.0240 0.0213 0.0368 
        D447  5 0.0725 0.1101 0.1419 0.0306 0.1976 0.3181 0.1292 
        D448  5 0.0676 0.1251 0.1090 0.4797 0.0423 0.0984 0.0778 
        D459  5 0.7482 0.0228 0.0543 0.0255 0.0255 0.0924 0.0313 
        D460  5 0.0203 0.0449 0.0211 0.0634 0.0188 0.0615 0.7700 
        D461  5 0.0179 0.0265 0.8411 0.0246 0.0205 0.0510 0.0184 
        D468  5 0.0349 0.6125 0.0342 0.0845 0.0523 0.1014 0.0802 
        D469  5 0.0319 0.1252 0.0888 0.0936 0.0778 0.5089 0.0739 
        D470  5 0.0381 0.2020 0.1155 0.1028 0.4241 0.0724 0.0450 
        D471  5 0.0868 0.1092 0.0698 0.5845 0.0240 0.0791 0.0466 
        D472  5 0.1642 0.0214 0.0215 0.0286 0.0251 0.7190 0.0202 
        D479  5 0.5747 0.0590 0.2069 0.0300 0.0272 0.0334 0.0687 
        D485  5 0.0435 0.1698 0.5471 0.0515 0.0679 0.0302 0.0901 
        D486  5 0.0287 0.5862 0.0518 0.0602 0.1185 0.0866 0.0680 
        D487  5 0.1818 0.0616 0.2999 0.2928 0.0524 0.0352 0.0761 
        D555  5 0.0517 0.0299 0.0267 0.8126 0.0219 0.0259 0.0314 
        D556  5 0.0646 0.4283 0.2515 0.0893 0.0443 0.0406 0.0814 
        D557  5 0.0353 0.0379 0.0410 0.8038 0.0156 0.0342 0.0322 
        D564  5 0.0243 0.0905 0.2688 0.2473 0.0563 0.0553 0.2575 
        D594  5 0.0777 0.1196 0.1194 0.0676 0.0466 0.2272 0.3420 
        D595  5 0.0995 0.1526 0.0730 0.3594 0.0622 0.1754 0.0778 
        D596  5 0.0294 0.0359 0.0246 0.8264 0.0265 0.0237 0.0335 
        D597  5 0.3221 0.0598 0.1002 0.3200 0.0421 0.1141 0.0418 
        D598  5 0.0594 0.0545 0.1433 0.4455 0.1201 0.0894 0.0879 
        D617  5 0.1232 0.0856 0.0362 0.0174 0.6203 0.0316 0.0858 
        D618  5 0.0802 0.0580 0.0810 0.5832 0.0533 0.0708 0.0734 
        D619  5 0.0574 0.0338 0.0284 0.1202 0.0253 0.1473 0.5875 
        D620  5 0.8276 0.0160 0.0244 0.0298 0.0235 0.0529 0.0258 
        D628  5 0.0298 0.0403 0.6884 0.0616 0.0867 0.0311 0.0621 
        D714  5 0.1363 0.3489 0.2528 0.1567 0.0343 0.0216 0.0495 
        D715  5 0.0596 0.0796 0.0309 0.6823 0.0261 0.0902 0.0313 
        D716  5 0.1830 0.2003 0.3141 0.0593 0.0658 0.1136 0.0640 
        D717  5 0.0528 0.1352 0.1096 0.2154 0.1148 0.2937 0.0784 
        D718  5 0.0467 0.5017 0.0575 0.0902 0.1069 0.0302 0.1668 
        D769  5 0.1017 0.0513 0.0801 0.0322 0.6400 0.0345 0.0602 
        D770  5 0.1907 0.2432 0.2899 0.0952 0.0473 0.0523 0.0812 
        D771  5 0.2437 0.1167 0.1302 0.1125 0.1447 0.0697 0.1825 
        D772  5 0.0345 0.2630 0.4361 0.1332 0.0621 0.0412 0.0298 
        D782  5 0.2738 0.3134 0.0195 0.0376 0.0872 0.0469 0.2217 
        D783  5 0.2112 0.1420 0.4272 0.1201 0.0342 0.0223 0.0431 
        D784  5 0.0510 0.1474 0.2758 0.1083 0.0534 0.3142 0.0499 
        D785  5 0.0218 0.2070 0.1026 0.5207 0.0441 0.0384 0.0653 
        D786  5 0.0580 0.0535 0.1778 0.0226 0.3456 0.1767 0.1657 
        D821  5 0.0144 0.0303 0.0242 0.8876 0.0118 0.0126 0.0191 
        D822  5 0.0733 0.2439 0.1300 0.1043 0.0372 0.2681 0.1432 
        D826  5 0.1500 0.1117 0.0914 0.4353 0.0508 0.0791 0.0819 
        D827  5 0.1111 0.1707 0.1048 0.0483 0.1419 0.3642 0.0589 
        D851  5 0.0481 0.3082 0.0678 0.1987 0.0829 0.1044 0.1899 
        D852  5 0.1322 0.0374 0.4344 0.2077 0.0457 0.0275 0.1151 
        D853  5 0.0711 0.2648 0.0781 0.2984 0.0777 0.0980 0.1119 
        D854  5 0.1290 0.4594 0.0836 0.0201 0.0564 0.1066 0.1450 
        D861  5 0.1445 0.2133 0.0768 0.1693 0.0972 0.0888 0.2102 
        D862  5 0.0374 0.2802 0.0717 0.2094 0.0543 0.2881 0.0590 
        D865  5 0.0550 0.0738 0.0491 0.6519 0.0304 0.0391 0.1007 
        D868  5 0.0281 0.0265 0.0451 0.0838 0.0714 0.7142 0.0309 
        D869  5 0.0231 0.1794 0.0161 0.0235 0.6714 0.0451 0.0414 
        D870  5 0.0393 0.7652 0.0285 0.0144 0.0714 0.0368 0.0443 
        D907  5 0.0257 0.0538 0.0295 0.7282 0.0495 0.0257 0.0876 
        D908  5 0.2204 0.0417 0.2797 0.2423 0.0374 0.0284 0.1502 
        D910  5 0.2422 0.0901 0.0757 0.4223 0.0322 0.0833 0.0542 
        D911  5 0.6521 0.0424 0.0591 0.0352 0.0203 0.1073 0.0837 
        D934  5 0.1199 0.5131 0.2246 0.0394 0.0239 0.0382 0.0409 
        D946  5 0.0772 0.1394 0.3981 0.0457 0.0500 0.0251 0.2645 
        D947  5 0.0419 0.3207 0.3453 0.0326 0.0741 0.1144 0.0711 
        D948  5 0.0212 0.0351 0.0148 0.1158 0.0271 0.0563 0.7296 
        D949  5 0.0210 0.0711 0.0268 0.0783 0.0354 0.0724 0.6951 
        D950  5 0.6839 0.0441 0.0468 0.0404 0.0207 0.0944 0.0696 
        D951  5 0.0284 0.2823 0.0680 0.0315 0.0456 0.2891 0.2551 
        D952  5 0.0368 0.0207 0.0605 0.0721 0.0364 0.7213 0.0521 
        D953  5 0.0423 0.0684 0.0449 0.6167 0.0409 0.1018 0.0850 
        D954  5 0.0283 0.1690 0.0325 0.2658 0.0194 0.3839 0.1010 
        D961  5 0.0500 0.2959 0.3184 0.1111 0.0832 0.0272 0.1142 
        D962  5 0.0138 0.1438 0.3869 0.3388 0.0342 0.0448 0.0377 
        D963  5 0.0484 0.0927 0.1917 0.3032 0.0415 0.2841 0.0383 
        D964  5 0.0647 0.4094 0.1680 0.0639 0.1491 0.0374 0.1074 
        D965  5 0.0706 0.0861 0.6077 0.0564 0.0758 0.0406 0.0627 
        D966  5 0.1300 0.1031 0.1976 0.2561 0.0738 0.2002 0.0392 
        D967  5 0.2085 0.1055 0.0484 0.2266 0.0636 0.0373 0.3100 
        D991  5 0.0245 0.0346 0.5169 0.0718 0.1772 0.0597 0.1153 
        D502  6 0.0765 0.7318 0.0739 0.0111 0.0465 0.0142 0.0460 
        D503  6 0.3084 0.1522 0.0348 0.0848 0.2410 0.0307 0.1481 
        D504  6 0.0763 0.1286 0.1691 0.1331 0.0762 0.3394 0.0773 
        D505  6 0.1183 0.1910 0.1143 0.2689 0.1570 0.0880 0.0625 
        D506  6 0.0162 0.0417 0.0189 0.8590 0.0202 0.0242 0.0198 
        D507  6 0.0916 0.1486 0.5288 0.0358 0.0612 0.0562 0.0779 
        D508  6 0.0936 0.3180 0.1964 0.0334 0.0580 0.1589 0.1416 
        D529  6 0.0544 0.1578 0.0798 0.1420 0.3479 0.1269 0.0913 
        D530  6 0.0529 0.4345 0.1618 0.0785 0.0754 0.0202 0.1767 
        D531  6 0.0654 0.2116 0.1508 0.1170 0.0920 0.2396 0.1236 
        D532  6 0.0876 0.2175 0.1110 0.1827 0.0633 0.2578 0.0800 
        D534  6 0.0371 0.0522 0.0415 0.0275 0.5740 0.0425 0.2252 
        D535  6 0.0326 0.1557 0.0577 0.2723 0.0540 0.1906 0.2372 
        D536  6 0.6854 0.0710 0.0308 0.0220 0.1169 0.0225 0.0515 
        D554  6 0.0344 0.3935 0.1715 0.1291 0.1079 0.0483 0.1153 
        D587  6 0.0381 0.0557 0.0457 0.6977 0.0391 0.0777 0.0459 
        D588  6 0.0477 0.1079 0.0356 0.4107 0.0482 0.1736 0.1763 
        D589  6 0.2840 0.1771 0.0731 0.1776 0.1018 0.0518 0.1345 
        D590  6 0.6984 0.0337 0.0286 0.0481 0.0418 0.0570 0.0924 
        D591  6 0.0870 0.6459 0.0242 0.1027 0.0751 0.0360 0.0290 
        D592  6 0.0417 0.0429 0.0284 0.0862 0.5279 0.0468 0.2261 
        D593  6 0.0320 0.5338 0.2436 0.0835 0.0423 0.0163 0.0486 
        D682  6 0.0190 0.0306 0.0213 0.8409 0.0227 0.0288 0.0366 
        D683  6 0.0283 0.0881 0.0331 0.3377 0.0624 0.4166 0.0338 
        D684  6 0.2319 0.1489 0.0597 0.0212 0.3836 0.0445 0.1102 
        D685  6 0.1017 0.6627 0.0485 0.0267 0.0472 0.0174 0.0957 
        D686  6 0.0490 0.1745 0.0759 0.2849 0.0226 0.0557 0.3375 
        D724  6 0.0760 0.2024 0.2720 0.0175 0.0879 0.1385 0.2057 
        D725  6 0.1191 0.4620 0.2134 0.0463 0.0826 0.0390 0.0376 
        D726  6 0.0172 0.0353 0.0453 0.8175 0.0292 0.0280 0.0274 
        D727  6 0.4098 0.0423 0.0296 0.0819 0.0512 0.2839 0.1013 
        D728  6 0.0204 0.4637 0.0559 0.2944 0.0282 0.0503 0.0871 
        D729  6 0.1694 0.0494 0.0143 0.0222 0.0774 0.3327 0.3345 
        D730  6 0.0923 0.1008 0.2679 0.0321 0.1586 0.1205 0.2279 
        D731  6 0.0996 0.0287 0.0195 0.8034 0.0159 0.0153 0.0175 
        D732  6 0.0486 0.1259 0.5089 0.0274 0.0954 0.1505 0.0433 
        D733  6 0.0260 0.0509 0.6861 0.0410 0.1109 0.0342 0.0510 
     D237251  7 0.2954 0.1011 0.3241 0.0445 0.0793 0.0453 0.1104 
     D237252  7 0.1494 0.1390 0.0874 0.0273 0.3618 0.0395 0.1956 
     D237253  7 0.2716 0.1803 0.0803 0.1936 0.0846 0.0668 0.1229 
     D237254  7 0.0242 0.0258 0.0144 0.0188 0.8813 0.0201 0.0153 
     D237255  7 0.7426 0.0973 0.0503 0.0378 0.0269 0.0176 0.0275 
     D237256  7 0.3750 0.2693 0.1319 0.0423 0.0261 0.0488 0.1066 
     D237257  7 0.0436 0.3925 0.0355 0.0204 0.1511 0.0466 0.3102 
