        D174  1 0.1165 0.0479 0.7320 0.1037 
        D199  1 0.1954 0.4289 0.2228 0.1529 
        D203  1 0.1504 0.3408 0.1957 0.3130 
        D204  1 0.2693 0.1161 0.1210 0.4936 
     D237366  1 0.2818 0.0718 0.0506 0.5958 
     D237367  1 0.4046 0.0767 0.0546 0.4641 
     D237368  1 0.2921 0.1169 0.1991 0.3919 
     D244101  1 0.2401 0.4881 0.0491 0.2226 
     D244102  1 0.2988 0.1044 0.2692 0.3276 
     D244103  1 0.5067 0.0514 0.0806 0.3613 
     D244104  1 0.2282 0.1424 0.3933 0.2360 
     D244105  1 0.3920 0.0430 0.0358 0.5292 
     D244106  1 0.0917 0.2804 0.5542 0.0737 
     D244107  1 0.4829 0.1094 0.0624 0.3453 
     D244108  1 0.0524 0.0548 0.8200 0.0729 
     D244113  1 0.1140 0.0830 0.6887 0.1143 
     D244114  1 0.3283 0.2169 0.1480 0.3068 
     D244115  1 0.1545 0.0502 0.6819 0.1133 
     D267365  1 0.1594 0.1173 0.5092 0.2141 
        D404  1 0.1519 0.0718 0.5696 0.2067 
        D405  1 0.2137 0.1547 0.2988 0.3328 
        D406  1 0.3140 0.0265 0.0665 0.5929 
        D407  1 0.4921 0.0488 0.0341 0.4249 
        D408  1 0.0985 0.1230 0.7153 0.0632 
        D409  1 0.5264 0.0563 0.0591 0.3582 
        D410  1 0.0837 0.0171 0.8539 0.0453 
        D421  1 0.3985 0.1250 0.1330 0.3435 
        D422  1 0.4529 0.0221 0.0245 0.5005 
        D423  1 0.2538 0.0710 0.4705 0.2048 
        D424  1 0.5663 0.0238 0.0489 0.3610 
        D425  1 0.2131 0.0720 0.4774 0.2376 
        D426  1 0.5584 0.1011 0.0312 0.3093 
        D427  1 0.0932 0.6919 0.1593 0.0556 
        D428  1 0.2535 0.0979 0.3312 0.3174 
        D429  1 0.2356 0.0883 0.3767 0.2993 
        D430  1 0.3097 0.3419 0.1905 0.1578 
        D491  1 0.0676 0.0295 0.8363 0.0667 
        D492  1 0.3889 0.0902 0.2178 0.3032 
        D537  1 0.3914 0.0386 0.1063 0.4637 
        D538  1 0.2882 0.1230 0.3697 0.2191 
        D539  1 0.1461 0.2275 0.4299 0.1965 
        D540  1 0.4188 0.0570 0.2646 0.2596 
        D541  1 0.3815 0.0829 0.1531 0.3826 
        D551  1 0.3436 0.4386 0.0330 0.1848 
        D552  1 0.1273 0.0652 0.6207 0.1868 
        D553  1 0.4851 0.0408 0.1198 0.3542 
        D615  1 0.1865 0.1940 0.3827 0.2368 
        D616  1 0.2764 0.2466 0.2638 0.2132 
        D621  1 0.1879 0.0432 0.3733 0.3956 
        D622  1 0.3296 0.0397 0.1086 0.5221 
        D623  1 0.1036 0.3488 0.3965 0.1511 
        D624  1 0.0740 0.0369 0.8308 0.0583 
        D625  1 0.2999 0.0341 0.3771 0.2889 
        D626  1 0.1377 0.0893 0.5470 0.2260 
        D627  1 0.5970 0.0673 0.0291 0.3066 
        D690  1 0.1890 0.0223 0.4883 0.3004 
        D691  1 0.3337 0.0413 0.0853 0.5397 
        D710  1 0.2628 0.1019 0.4056 0.2297 
        D711  1 0.2167 0.0550 0.1910 0.5372 
        D712  1 0.0977 0.1086 0.6827 0.1111 
        D713  1 0.2293 0.0335 0.4399 0.2973 
        D746  1 0.3643 0.0343 0.0464 0.5549 
        D747  1 0.2871 0.1572 0.1664 0.3893 
        D748  1 0.3118 0.0338 0.1471 0.5073 
        D749  1 0.2783 0.1471 0.2660 0.3086 
        D750  1 0.0835 0.0393 0.8171 0.0601 
        D763  1 0.3336 0.3597 0.0555 0.2512 
        D764  1 0.1369 0.0239 0.6892 0.1500 
        D765  1 0.1124 0.0325 0.7379 0.1172 
        D766  1 0.2843 0.0384 0.2969 0.3803 
        D767  1 0.2576 0.1171 0.0734 0.5518 
        D768  1 0.5079 0.0586 0.0562 0.3772 
        D811  1 0.1337 0.0820 0.6621 0.1222 
        D816  1 0.2973 0.0417 0.3383 0.3227 
        D825  1 0.1614 0.0367 0.6850 0.1170 
        D866  1 0.0787 0.4965 0.3817 0.0431 
        D867  1 0.4160 0.0480 0.0331 0.5029 
        D871  1 0.5897 0.0298 0.0450 0.3354 
        D872  1 0.1943 0.0933 0.2512 0.4612 
        D873  1 0.0452 0.0299 0.8979 0.0270 
        D874  1 0.2362 0.1147 0.3238 0.3253 
        D875  1 0.5809 0.0206 0.0372 0.3614 
        D876  1 0.1814 0.0452 0.4104 0.3629 
        D877  1 0.2471 0.0602 0.4420 0.2507 
        D892  1 0.2324 0.0331 0.2961 0.4384 
        D893  1 0.3184 0.0952 0.0943 0.4921 
        D894  1 0.3725 0.0760 0.2273 0.3242 
        D915  1 0.2864 0.0602 0.3387 0.3146 
        D916  1 0.3411 0.0464 0.2255 0.3870 
        D917  1 0.1697 0.1581 0.5668 0.1054 
        D925  1 0.0453 0.0230 0.8803 0.0515 
        D926  1 0.3368 0.0507 0.3031 0.3095 
        D927  1 0.2067 0.5452 0.0900 0.1581 
        D928  1 0.0242 0.0193 0.9314 0.0251 
        D929  1 0.3681 0.0547 0.0819 0.4953 
        D936  1 0.2271 0.2778 0.1720 0.3231 
        D938  1 0.3615 0.0175 0.0509 0.5701 
        D956  1 0.0813 0.0640 0.7855 0.0692 
        D957  1 0.1734 0.0817 0.3253 0.4196 
        D958  1 0.1322 0.0394 0.5414 0.2871 
        D959  1 0.5249 0.0369 0.0278 0.4105 
        D960  1 0.2834 0.0334 0.2131 0.4701 
        D989  1 0.0931 0.3973 0.4193 0.0903 
        D990  1 0.0988 0.1376 0.7073 0.0563 
        D023  2 0.4818 0.0278 0.0318 0.4586 
        D130  2 0.3386 0.0262 0.0246 0.6106 
        D131  2 0.5605 0.1211 0.0900 0.2285 
        D163  2 0.4305 0.0299 0.0507 0.4889 
        D164  2 0.0474 0.6386 0.2764 0.0376 
        D165  2 0.4436 0.0453 0.0285 0.4827 
        D166  2 0.3923 0.0737 0.0522 0.4818 
        D167  2 0.0258 0.9156 0.0356 0.0230 
        D192  2 0.0186 0.9349 0.0235 0.0230 
        D193  2 0.1633 0.0919 0.5380 0.2068 
        D206  2 0.4311 0.1755 0.0537 0.3397 
        D207  2 0.1242 0.7467 0.0322 0.0969 
        D208  2 0.1016 0.4548 0.3022 0.1413 
        D209  2 0.2548 0.4735 0.0615 0.2102 
        D210  2 0.0654 0.4859 0.3777 0.0710 
     D229599  2 0.2701 0.1809 0.1945 0.3545 
     D229600  2 0.1855 0.5015 0.0462 0.2669 
     D237227  2 0.0925 0.1457 0.6697 0.0921 
     D237228  2 0.0551 0.1125 0.8000 0.0324 
     D237258  2 0.2341 0.4006 0.2140 0.1513 
     D237310  2 0.1807 0.1538 0.5355 0.1301 
     D237311  2 0.1163 0.4249 0.3673 0.0915 
     D237312  2 0.2886 0.0415 0.3549 0.3150 
     D237313  2 0.1468 0.0462 0.5999 0.2071 
     D237322  2 0.2647 0.4098 0.1514 0.1740 
     D237323  2 0.0599 0.0765 0.7965 0.0671 
     D237324  2 0.3038 0.3619 0.0273 0.3070 
     D237325  2 0.1835 0.1279 0.3610 0.3276 
     D237326  2 0.0812 0.0710 0.7463 0.1015 
     D237327  2 0.2125 0.5507 0.0521 0.1846 
     D237337  2 0.0876 0.0256 0.8297 0.0571 
     D237338  2 0.2068 0.1815 0.2341 0.3776 
     D237339  2 0.2973 0.3310 0.0567 0.3150 
     D237340  2 0.1317 0.3802 0.3518 0.1364 
     D237389  2 0.2064 0.1652 0.4799 0.1486 
     D237390  2 0.2241 0.0727 0.3955 0.3077 
     D244017  2 0.1034 0.5584 0.2569 0.0813 
     D244112  2 0.0538 0.8599 0.0283 0.0580 
     D244118  2 0.0643 0.7546 0.0423 0.1388 
     D244119  2 0.0374 0.5268 0.4115 0.0243 
     D244120  2 0.1429 0.6182 0.1179 0.1210 
     D244122  2 0.0720 0.7738 0.0765 0.0776 
        D291  2 0.2679 0.5339 0.0604 0.1378 
        D292  2 0.0593 0.6550 0.1978 0.0879 
        D293  2 0.0868 0.8099 0.0246 0.0787 
        D322  2 0.1765 0.6079 0.0425 0.1731 
        D323  2 0.3331 0.2830 0.1226 0.2613 
        D324  2 0.2876 0.3605 0.1852 0.1667 
        D325  2 0.0846 0.8621 0.0153 0.0379 
        D326  2 0.4050 0.1099 0.1536 0.3315 
        D340  2 0.0269 0.9298 0.0183 0.0250 
        D341  2 0.0393 0.8635 0.0325 0.0648 
        D342  2 0.1695 0.6753 0.0522 0.1031 
        D343  2 0.0221 0.9504 0.0116 0.0159 
        D344  2 0.3024 0.0778 0.1466 0.4732 
        D345  2 0.2585 0.0997 0.3593 0.2825 
        D346  2 0.1137 0.2181 0.5903 0.0780 
        D351  2 0.4325 0.2056 0.0774 0.2846 
        D352  2 0.3867 0.1764 0.1512 0.2857 
        D353  2 0.6218 0.0937 0.0339 0.2506 
        D354  2 0.1937 0.0421 0.4958 0.2684 
        D362  2 0.3702 0.0693 0.2861 0.2744 
        D363  2 0.2801 0.0776 0.4513 0.1910 
        D364  2 0.2237 0.0434 0.4112 0.3218 
        D365  2 0.0209 0.9386 0.0212 0.0193 
        D369  2 0.1408 0.3244 0.4203 0.1145 
        D374  2 0.0332 0.0324 0.8888 0.0455 
        D375  2 0.4409 0.0418 0.1130 0.4044 
        D376  2 0.0408 0.0635 0.8418 0.0540 
        D377  2 0.2542 0.1424 0.4269 0.1765 
        D378  2 0.2698 0.4710 0.0474 0.2118 
        D379  2 0.3783 0.0367 0.1782 0.4068 
        D384  2 0.3174 0.0385 0.2796 0.3645 
        D385  2 0.0397 0.8900 0.0360 0.0343 
        D386  2 0.3921 0.1694 0.0479 0.3906 
        D391  2 0.0426 0.8969 0.0213 0.0391 
        D392  2 0.0720 0.7847 0.1052 0.0381 
        D393  2 0.2350 0.4380 0.0836 0.2434 
        D394  2 0.3157 0.1429 0.1709 0.3705 
        D395  2 0.1794 0.6142 0.0299 0.1765 
        D401  2 0.0648 0.0743 0.8276 0.0332 
        D402  2 0.0302 0.9230 0.0218 0.0250 
        D403  2 0.4020 0.0561 0.0699 0.4720 
        D415  2 0.5745 0.0286 0.0280 0.3688 
        D435  2 0.1846 0.4719 0.0468 0.2966 
        D436  2 0.2628 0.0683 0.1137 0.5551 
        D438  2 0.0327 0.9231 0.0212 0.0230 
        D439  2 0.3949 0.1364 0.0611 0.4077 
        D449  2 0.2732 0.5015 0.0402 0.1851 
        D450  2 0.3557 0.0401 0.4202 0.1840 
        D456  2 0.5264 0.0355 0.0883 0.3498 
        D462  2 0.0366 0.8942 0.0172 0.0520 
        D463  2 0.4053 0.0298 0.1721 0.3928 
        D464  2 0.4976 0.1489 0.0636 0.2899 
        D465  2 0.2340 0.5032 0.0564 0.2065 
        D473  2 0.0939 0.0911 0.7108 0.1043 
        D474  2 0.1972 0.3670 0.2594 0.1764 
        D476  2 0.2805 0.1260 0.0266 0.5669 
        D477  2 0.2698 0.1295 0.3907 0.2099 
        D478  2 0.3673 0.0995 0.2466 0.2866 
        D480  2 0.1962 0.4374 0.1492 0.2173 
        D481  2 0.2642 0.1727 0.2967 0.2664 
        D482  2 0.2764 0.2526 0.1930 0.2781 
        D483  2 0.0294 0.9051 0.0390 0.0265 
        D484  2 0.3112 0.2214 0.0792 0.3882 
        D510  2 0.0611 0.1166 0.7594 0.0628 
        D511  2 0.2912 0.3178 0.0635 0.3275 
        D512  2 0.3380 0.3210 0.2179 0.1231 
        D513  2 0.1257 0.6813 0.0693 0.1237 
        D635  2 0.5038 0.0536 0.0987 0.3438 
        D636  2 0.4350 0.0357 0.0540 0.4753 
        D637  2 0.1755 0.4510 0.1536 0.2199 
        D658  2 0.0866 0.6730 0.1282 0.1122 
        D659  2 0.4199 0.0739 0.1029 0.4033 
        D677  2 0.2666 0.1910 0.0753 0.4671 
        D678  2 0.1189 0.7663 0.0409 0.0740 
        D679  2 0.3332 0.2712 0.1422 0.2535 
        D719  2 0.0671 0.3666 0.5153 0.0510 
        D720  2 0.2485 0.1174 0.3612 0.2730 
        D721  2 0.4142 0.0899 0.0567 0.4393 
        D722  2 0.0542 0.0743 0.8131 0.0584 
        D734  2 0.1649 0.4161 0.2148 0.2042 
        D735  2 0.2807 0.1891 0.3170 0.2132 
        D736  2 0.1120 0.2620 0.5295 0.0965 
        D737  2 0.0730 0.7174 0.0726 0.1370 
        D807  2 0.1172 0.1857 0.5713 0.1257 
        D808  2 0.3210 0.2705 0.1331 0.2754 
        D817  2 0.3169 0.0602 0.3520 0.2709 
        D818  2 0.3074 0.5030 0.0307 0.1589 
        D819  2 0.4142 0.1063 0.2449 0.2346 
        D820  2 0.2790 0.1479 0.1017 0.4713 
        D895  2 0.4454 0.0495 0.0985 0.4066 
        D896  2 0.0416 0.0235 0.9046 0.0302 
        D897  2 0.1454 0.7218 0.0506 0.0822 
        D898  2 0.3358 0.1096 0.3326 0.2221 
        D918  2 0.2908 0.2203 0.1969 0.2920 
        D919  2 0.3199 0.2824 0.0319 0.3657 
        D920  2 0.3124 0.0427 0.0576 0.5872 
        D923  2 0.3685 0.0911 0.1087 0.4317 
        D930  2 0.3257 0.0861 0.3986 0.1897 
        D931  2 0.2259 0.3614 0.1365 0.2762 
        D968  2 0.0229 0.9390 0.0177 0.0204 
        D969  2 0.1767 0.5860 0.1008 0.1365 
        D977  2 0.1221 0.7588 0.0288 0.0902 
        D978  2 0.2817 0.5118 0.0598 0.1467 
        D211  3 0.4997 0.0413 0.0303 0.4288 
     D229639  3 0.0721 0.6674 0.1946 0.0658 
     D237212  3 0.2565 0.3617 0.0782 0.3037 
     D237213  3 0.4308 0.1032 0.1134 0.3525 
     D237214  3 0.5232 0.0226 0.0357 0.4185 
     D237215  3 0.0298 0.8602 0.0831 0.0269 
     D237216  3 0.6227 0.0920 0.0660 0.2194 
     D237217  3 0.4404 0.0679 0.0388 0.4528 
     D237218  3 0.2379 0.3479 0.0900 0.3242 
     D237219  3 0.2214 0.1874 0.3126 0.2786 
     D237382  3 0.2503 0.1100 0.3112 0.3285 
     D244127  3 0.2678 0.3212 0.2633 0.1476 
     D244129  3 0.2970 0.2165 0.2140 0.2725 
     D244133  3 0.2810 0.2777 0.2518 0.1895 
     D244134  3 0.0901 0.3424 0.4828 0.0847 
     D244135  3 0.4133 0.0908 0.0274 0.4684 
     D244136  3 0.2423 0.1726 0.4099 0.1752 
        D416  3 0.3601 0.3626 0.0824 0.1949 
        D417  3 0.3266 0.0303 0.1262 0.5169 
        D419  3 0.2016 0.2857 0.1935 0.3192 
        D565  3 0.0364 0.0388 0.8959 0.0289 
        D566  3 0.0788 0.4038 0.4724 0.0450 
        D567  3 0.3425 0.0782 0.1576 0.4218 
        D568  3 0.2609 0.1959 0.0588 0.4845 
        D569  3 0.3594 0.2239 0.0707 0.3460 
        D573  3 0.0839 0.8335 0.0330 0.0496 
        D574  3 0.1670 0.0999 0.6276 0.1055 
        D575  3 0.2468 0.1413 0.4266 0.1853 
        D576  3 0.0440 0.9001 0.0253 0.0306 
        D577  3 0.3361 0.0616 0.0956 0.5067 
        D578  3 0.4798 0.0354 0.0253 0.4595 
        D579  3 0.1706 0.2704 0.3902 0.1689 
        D660  3 0.1896 0.5942 0.0443 0.1720 
        D661  3 0.1378 0.6642 0.0373 0.1607 
        D663  3 0.1443 0.7650 0.0297 0.0611 
        D664  3 0.2185 0.3046 0.2667 0.2101 
        D665  3 0.5775 0.1036 0.0397 0.2792 
        D666  3 0.2004 0.1063 0.4677 0.2256 
        D009  4 0.3638 0.0345 0.0961 0.5056 
        D057  4 0.1192 0.3419 0.0285 0.5104 
        D109  4 0.3103 0.0437 0.5057 0.1403 
     D237222  4 0.2740 0.0597 0.1493 0.5170 
     D237223  4 0.2937 0.1736 0.1828 0.3499 
     D237224  4 0.1745 0.5849 0.0670 0.1736 
     D237225  4 0.3258 0.0660 0.1156 0.4926 
     D237299  4 0.5289 0.1096 0.0790 0.2825 
     D237300  4 0.0747 0.7881 0.0910 0.0461 
     D237306  4 0.0961 0.0621 0.6901 0.1517 
     D237307  4 0.2463 0.1528 0.3716 0.2293 
     D237308  4 0.0646 0.6455 0.1528 0.1371 
     D237309  4 0.3764 0.0881 0.0803 0.4552 
     D237317  4 0.1443 0.0417 0.6607 0.1533 
     D237318  4 0.0494 0.8945 0.0344 0.0217 
     D237319  4 0.3159 0.1230 0.1431 0.4180 
     D237320  4 0.2422 0.3153 0.1046 0.3378 
     D237321  4 0.0892 0.7428 0.0851 0.0828 
     D237397  4 0.1181 0.2677 0.3739 0.2403 
     D237398  4 0.2083 0.6600 0.0350 0.0966 
     D237399  4 0.1729 0.2677 0.2554 0.3040 
     D244001  4 0.2854 0.0738 0.0463 0.5945 
        D289  4 0.1870 0.2841 0.3050 0.2239 
        D290  4 0.3824 0.1095 0.0501 0.4579 
        D294  4 0.4375 0.1018 0.0504 0.4103 
        D295  4 0.2238 0.0993 0.1864 0.4905 
        D301  4 0.2440 0.1350 0.0682 0.5528 
        D302  4 0.4267 0.0322 0.0487 0.4924 
        D303  4 0.0836 0.1254 0.6652 0.1258 
        D304  4 0.3681 0.1680 0.1113 0.3527 
        D305  4 0.5215 0.1207 0.0234 0.3343 
        D306  4 0.4767 0.0434 0.1001 0.3798 
        D307  4 0.2871 0.0674 0.0833 0.5622 
        D327  4 0.3613 0.1178 0.1724 0.3484 
        D328  4 0.2612 0.0818 0.3104 0.3466 
        D329  4 0.2249 0.2880 0.0864 0.4007 
        D330  4 0.3507 0.0483 0.0640 0.5370 
        D331  4 0.2425 0.2327 0.2753 0.2495 
        D333  4 0.1768 0.1737 0.2876 0.3619 
        D334  4 0.1915 0.0764 0.4588 0.2734 
        D335  4 0.3232 0.1578 0.1112 0.4079 
        D370  4 0.1371 0.0671 0.5968 0.1989 
        D371  4 0.0863 0.0777 0.7820 0.0540 
        D372  4 0.1525 0.7373 0.0504 0.0599 
        D373  4 0.3205 0.1198 0.0263 0.5334 
        D455  4 0.2607 0.0758 0.0349 0.6287 
        D490  4 0.3189 0.0162 0.0309 0.6340 
        D497  4 0.3602 0.0340 0.0361 0.5697 
        D498  4 0.1935 0.2389 0.3461 0.2215 
        D499  4 0.1676 0.5218 0.1967 0.1139 
        D514  4 0.4762 0.0647 0.0565 0.4025 
        D515  4 0.3672 0.0525 0.0767 0.5036 
        D516  4 0.2403 0.1669 0.3448 0.2480 
        D517  4 0.3611 0.0959 0.0331 0.5099 
        D518  4 0.1765 0.0957 0.1068 0.6210 
        D519  4 0.3515 0.1192 0.0571 0.4722 
        D560  4 0.3071 0.1208 0.0373 0.5349 
        D561  4 0.5444 0.0556 0.0305 0.3696 
        D562  4 0.3796 0.1625 0.1143 0.3436 
        D563  4 0.2062 0.6338 0.0273 0.1327 
        D572  4 0.2964 0.0881 0.0713 0.5441 
        D629  4 0.4387 0.0634 0.0834 0.4145 
        D630  4 0.3141 0.1252 0.0859 0.4748 
        D631  4 0.2108 0.3633 0.0377 0.3883 
        D632  4 0.2918 0.2162 0.0859 0.4062 
        D646  4 0.3167 0.1291 0.1236 0.4305 
        D647  4 0.2570 0.1181 0.0453 0.5796 
        D648  4 0.2970 0.0766 0.1795 0.4468 
        D649  4 0.2945 0.0542 0.2229 0.4284 
        D650  4 0.2610 0.0845 0.3226 0.3320 
        D708  4 0.2305 0.0699 0.4303 0.2693 
        D709  4 0.3073 0.0599 0.2281 0.4046 
        D738  4 0.0750 0.0471 0.7433 0.1346 
        D739  4 0.3878 0.0748 0.0719 0.4656 
        D740  4 0.2720 0.2797 0.3061 0.1422 
        D741  4 0.4387 0.2591 0.0392 0.2630 
        D742  4 0.1257 0.6422 0.1010 0.1312 
        D743  4 0.2679 0.2051 0.0771 0.4499 
        D744  4 0.3855 0.2449 0.0523 0.3173 
        D745  4 0.4256 0.0581 0.0501 0.4662 
        D814  4 0.3345 0.3995 0.0270 0.2391 
        D815  4 0.2866 0.0939 0.1500 0.4694 
        D828  4 0.2213 0.2109 0.3070 0.2608 
        D845  4 0.0412 0.8457 0.0824 0.0308 
        D846  4 0.2887 0.2019 0.0235 0.4860 
        D847  4 0.3231 0.1756 0.1608 0.3405 
        D848  4 0.2964 0.2814 0.0250 0.3973 
        D849  4 0.4531 0.0401 0.0317 0.4751 
        D850  4 0.3997 0.2049 0.1136 0.2818 
        D856  4 0.3874 0.0723 0.2653 0.2749 
        D857  4 0.1175 0.1528 0.6359 0.0938 
        D859  4 0.3000 0.1639 0.0916 0.4444 
        D860  4 0.0908 0.3921 0.4419 0.0751 
        D883  4 0.2054 0.0618 0.3170 0.4158 
        D884  4 0.2394 0.0476 0.3158 0.3972 
        D885  4 0.3957 0.3055 0.0565 0.2424 
        D886  4 0.2587 0.0962 0.1172 0.5279 
        D887  4 0.2229 0.4542 0.1526 0.1703 
        D889  4 0.3917 0.2461 0.0356 0.3266 
        D890  4 0.2045 0.1498 0.4006 0.2452 
        D891  4 0.0360 0.9214 0.0221 0.0206 
        D899  4 0.0614 0.7245 0.1212 0.0929 
        D900  4 0.3335 0.1360 0.1659 0.3646 
        D970  4 0.2680 0.1558 0.1493 0.4269 
        D971  4 0.1738 0.5801 0.1492 0.0968 
        D979  4 0.3082 0.1251 0.0959 0.4708 
        D093  5 0.0977 0.1286 0.6011 0.1726 
        D154  5 0.2425 0.5037 0.1161 0.1377 
        D168  5 0.3213 0.3790 0.0499 0.2497 
        D189  5 0.1334 0.3762 0.3425 0.1480 
        D190  5 0.0520 0.0740 0.8126 0.0614 
     D237220  5 0.3495 0.1302 0.1492 0.3711 
     D237221  5 0.0980 0.3047 0.4797 0.1177 
     D237274  5 0.3231 0.0659 0.1676 0.4435 
     D237275  5 0.0542 0.8479 0.0478 0.0501 
     D237276  5 0.1972 0.0773 0.4288 0.2968 
     D237277  5 0.0781 0.2663 0.5842 0.0715 
     D237278  5 0.1087 0.4760 0.2869 0.1284 
     D237279  5 0.5898 0.0670 0.1852 0.1580 
     D237280  5 0.2271 0.0414 0.4402 0.2913 
     D237281  5 0.0495 0.8983 0.0269 0.0253 
     D237351  5 0.0697 0.0350 0.8574 0.0380 
     D237352  5 0.2785 0.0900 0.1405 0.4910 
     D237353  5 0.0384 0.0634 0.8641 0.0341 
     D237359  5 0.3762 0.1665 0.1105 0.3468 
     D237361  5 0.0312 0.0398 0.8916 0.0374 
     D237362  5 0.2342 0.1437 0.4280 0.1941 
     D237363  5 0.4847 0.2310 0.1139 0.1704 
     D237364  5 0.3758 0.2128 0.0338 0.3776 
     D237376  5 0.2187 0.1460 0.3836 0.2517 
     D237377  5 0.1932 0.0754 0.6176 0.1138 
     D237378  5 0.1380 0.3231 0.3376 0.2013 
     D237379  5 0.3202 0.1518 0.2604 0.2676 
     D237380  5 0.0672 0.0227 0.8037 0.1065 
     D237381  5 0.1886 0.1149 0.3058 0.3906 
     D237391  5 0.0564 0.1126 0.7783 0.0528 
     D237392  5 0.3132 0.2848 0.1396 0.2623 
     D237393  5 0.1292 0.1192 0.5811 0.1705 
     D237394  5 0.0377 0.0286 0.9019 0.0318 
     D237395  5 0.1902 0.2048 0.4474 0.1576 
     D237396  5 0.2690 0.1366 0.3534 0.2409 
     D244016  5 0.3472 0.2364 0.2843 0.1321 
     D244018  5 0.1310 0.5987 0.1444 0.1258 
     D244019  5 0.3056 0.2088 0.2841 0.2015 
        D279  5 0.2154 0.4938 0.1175 0.1732 
        D280  5 0.2509 0.2406 0.4005 0.1080 
        D281  5 0.0755 0.8384 0.0411 0.0449 
        D283  5 0.0744 0.1301 0.7256 0.0699 
        D284  5 0.4509 0.1003 0.1047 0.3441 
        D285  5 0.1608 0.1370 0.4897 0.2125 
        D286  5 0.2862 0.1433 0.1938 0.3767 
        D287  5 0.2586 0.1028 0.3383 0.3004 
        D288  5 0.1741 0.2415 0.4822 0.1022 
        D308  5 0.0597 0.0318 0.8637 0.0448 
        D309  5 0.4593 0.0409 0.0479 0.4519 
        D310  5 0.1101 0.0591 0.7769 0.0539 
        D311  5 0.2882 0.1214 0.2287 0.3617 
        D312  5 0.1785 0.0786 0.4837 0.2592 
        D313  5 0.2031 0.0202 0.5254 0.2513 
        D314  5 0.2799 0.2822 0.1859 0.2519 
        D315  5 0.1829 0.0923 0.5727 0.1521 
        D317  5 0.0532 0.0432 0.8511 0.0526 
        D318  5 0.4575 0.1931 0.0935 0.2559 
        D319  5 0.0334 0.0533 0.8852 0.0281 
        D320  5 0.0832 0.0752 0.6992 0.1424 
        D321  5 0.0429 0.0552 0.8659 0.0360 
        D336  5 0.2061 0.0552 0.4909 0.2477 
        D337  5 0.0376 0.1080 0.8271 0.0272 
        D338  5 0.2978 0.1678 0.3149 0.2195 
        D339  5 0.0943 0.1001 0.7370 0.0686 
        D347  5 0.2658 0.1563 0.1700 0.4079 
        D348  5 0.0451 0.0526 0.8496 0.0528 
        D349  5 0.0276 0.0183 0.9290 0.0252 
        D350  5 0.3929 0.0925 0.0426 0.4721 
        D355  5 0.2236 0.5868 0.0392 0.1503 
        D356  5 0.1737 0.0800 0.4983 0.2479 
        D357  5 0.2714 0.1294 0.3923 0.2069 
        D358  5 0.1293 0.1015 0.6632 0.1059 
        D359  5 0.0690 0.0297 0.8429 0.0584 
        D360  5 0.1493 0.0512 0.6269 0.1725 
        D361  5 0.0291 0.0281 0.9184 0.0244 
        D366  5 0.2773 0.4103 0.0544 0.2580 
        D367  5 0.1153 0.0494 0.7158 0.1196 
        D368  5 0.0796 0.0377 0.8398 0.0429 
        D380  5 0.4536 0.1613 0.1214 0.2638 
        D381  5 0.0964 0.0738 0.7908 0.0391 
        D400  5 0.1502 0.2880 0.2262 0.3356 
        D411  5 0.4472 0.0367 0.0267 0.4894 
        D412  5 0.2590 0.2760 0.2727 0.1923 
        D413  5 0.1066 0.7803 0.0413 0.0718 
        D414  5 0.2697 0.4092 0.0284 0.2927 
        D420  5 0.4794 0.2405 0.1160 0.1640 
        D431  5 0.2945 0.2718 0.2285 0.2052 
        D432  5 0.1096 0.1983 0.5345 0.1575 
        D433  5 0.0508 0.1294 0.7536 0.0662 
        D434  5 0.0883 0.0582 0.7667 0.0868 
        D440  5 0.4498 0.0397 0.0379 0.4727 
        D447  5 0.4631 0.0798 0.0513 0.4059 
        D448  5 0.1450 0.1469 0.4744 0.2338 
        D459  5 0.0460 0.8736 0.0326 0.0478 
        D460  5 0.0311 0.0224 0.9204 0.0261 
        D461  5 0.4112 0.0649 0.0741 0.4498 
        D468  5 0.3692 0.1048 0.3794 0.1467 
        D469  5 0.3133 0.1004 0.2414 0.3448 
        D470  5 0.3906 0.0454 0.0972 0.4668 
        D471  5 0.1466 0.2058 0.5114 0.1361 
        D472  5 0.2110 0.4964 0.0888 0.2039 
        D479  5 0.0610 0.8170 0.0327 0.0893 
        D485  5 0.3236 0.1231 0.1352 0.4181 
        D486  5 0.4361 0.0632 0.2039 0.2968 
        D487  5 0.1052 0.5616 0.1705 0.1627 
        D555  5 0.0471 0.1634 0.7417 0.0477 
        D556  5 0.2136 0.1866 0.4086 0.1912 
        D557  5 0.0480 0.1311 0.7600 0.0609 
        D564  5 0.1969 0.0768 0.5367 0.1896 
        D594  5 0.3691 0.1348 0.1712 0.3249 
        D595  5 0.1543 0.2140 0.4759 0.1558 
        D596  5 0.0294 0.0741 0.8537 0.0429 
        D597  5 0.0949 0.5248 0.2932 0.0870 
        D598  5 0.1426 0.1523 0.4855 0.2196 
        D617  5 0.3464 0.1925 0.0346 0.4265 
        D618  5 0.0847 0.2323 0.5740 0.1090 
        D619  5 0.0505 0.0443 0.8627 0.0425 
        D620  5 0.0331 0.8974 0.0387 0.0308 
        D628  5 0.2636 0.1203 0.2210 0.3951 
        D714  5 0.1714 0.4734 0.1985 0.1566 
        D715  5 0.0719 0.1863 0.6919 0.0499 
        D716  5 0.3386 0.2332 0.0926 0.3356 
        D717  5 0.2031 0.1249 0.4023 0.2696 
        D718  5 0.3449 0.1395 0.1781 0.3374 
        D769  5 0.3185 0.1165 0.0392 0.5258 
        D770  5 0.2080 0.5070 0.1241 0.1610 
        D771  5 0.2103 0.4609 0.1223 0.2065 
        D772  5 0.1844 0.1089 0.4152 0.2916 
        D782  5 0.4075 0.3473 0.1694 0.0758 
        D783  5 0.1636 0.5934 0.0957 0.1473 
        D784  5 0.3235 0.1602 0.2548 0.2615 
        D785  5 0.0636 0.0259 0.8267 0.0838 
        D786  5 0.2651 0.0660 0.0478 0.6211 
        D821  5 0.0290 0.0527 0.8811 0.0373 
        D822  5 0.2675 0.1231 0.3908 0.2186 
        D826  5 0.0902 0.3854 0.4238 0.1006 
        D827  5 0.4552 0.1018 0.0656 0.3775 
        D851  5 0.3313 0.1338 0.3788 0.1562 
        D852  5 0.1221 0.4615 0.2402 0.1761 
        D853  5 0.2037 0.2001 0.4070 0.1892 
        D854  5 0.4273 0.2410 0.0752 0.2565 
        D861  5 0.2264 0.3000 0.3379 0.1357 
        D862  5 0.2183 0.0526 0.5764 0.1527 
        D865  5 0.0476 0.1017 0.8121 0.0386 
        D868  5 0.2160 0.1219 0.2717 0.3903 
        D869  5 0.4324 0.0336 0.0420 0.4919 
        D870  5 0.5992 0.0445 0.0189 0.3374 
        D907  5 0.0849 0.0599 0.7613 0.0939 
        D908  5 0.0599 0.5750 0.2870 0.0781 
        D910  5 0.0959 0.3948 0.4038 0.1055 
        D911  5 0.1626 0.7180 0.0423 0.0771 
        D934  5 0.2508 0.4827 0.0790 0.1876 
        D946  5 0.2810 0.2935 0.1124 0.3131 
        D947  5 0.3837 0.1176 0.1113 0.3874 
        D948  5 0.0192 0.0199 0.9417 0.0192 
        D949  5 0.0254 0.0188 0.9251 0.0306 
        D950  5 0.1258 0.7646 0.0561 0.0534 
        D951  5 0.5182 0.0429 0.0971 0.3417 
        D952  5 0.1686 0.1137 0.4079 0.3099 
        D953  5 0.0840 0.0735 0.7660 0.0765 
        D954  5 0.1327 0.0578 0.7377 0.0718 
        D961  5 0.2951 0.1350 0.2840 0.2860 
        D962  5 0.1614 0.0293 0.5791 0.2302 
        D963  5 0.2195 0.2048 0.3095 0.2662 
        D964  5 0.3532 0.2250 0.1359 0.2859 
        D965  5 0.3300 0.2350 0.0779 0.3571 
        D966  5 0.1736 0.2835 0.3179 0.2250 
        D967  5 0.1012 0.3708 0.4596 0.0684 
        D991  5 0.2470 0.0751 0.1915 0.4863 
        D502  6 0.5929 0.1606 0.0227 0.2238 
        D503  6 0.2308 0.5189 0.0881 0.1622 
        D504  6 0.2419 0.1975 0.2768 0.2839 
        D505  6 0.2621 0.1705 0.3854 0.1820 
        D506  6 0.0689 0.0306 0.8628 0.0376 
        D507  6 0.3088 0.3126 0.0970 0.2816 
        D508  6 0.4135 0.1750 0.0683 0.3432 
        D529  6 0.4140 0.1276 0.1729 0.2854 
        D530  6 0.2451 0.1179 0.3746 0.2625 
        D531  6 0.3245 0.1940 0.1802 0.3013 
        D532  6 0.2354 0.1273 0.3781 0.2591 
        D534  6 0.3850 0.0972 0.0728 0.4450 
        D535  6 0.2005 0.0752 0.5539 0.1704 
        D536  6 0.1454 0.7658 0.0261 0.0627 
        D554  6 0.2881 0.0837 0.3695 0.2587 
        D587  6 0.0767 0.1228 0.7247 0.0759 
        D588  6 0.2429 0.1185 0.5465 0.0921 
        D589  6 0.2174 0.5073 0.1762 0.0992 
        D590  6 0.0818 0.8133 0.0450 0.0599 
        D591  6 0.3336 0.2817 0.2232 0.1614 
        D592  6 0.3358 0.1305 0.1677 0.3660 
        D593  6 0.2719 0.1017 0.3295 0.2969 
        D682  6 0.0549 0.0610 0.8417 0.0423 
        D683  6 0.2827 0.0561 0.5000 0.1611 
        D684  6 0.3617 0.3983 0.0304 0.2096 
        D685  6 0.5891 0.2268 0.0579 0.1263 
        D686  6 0.1226 0.0583 0.6748 0.1444 
        D724  6 0.4009 0.1323 0.0627 0.4042 
        D725  6 0.2866 0.3293 0.1117 0.2725 
        D726  6 0.0560 0.0322 0.8247 0.0870 
        D727  6 0.2141 0.5360 0.0844 0.1655 
        D728  6 0.1396 0.0634 0.6944 0.1027 
        D729  6 0.4136 0.2317 0.1072 0.2475 
        D730  6 0.3001 0.1973 0.1034 0.3993 
        D731  6 0.0277 0.3801 0.5660 0.0262 
        D732  6 0.3652 0.1134 0.0595 0.4619 
        D733  6 0.3009 0.0968 0.1497 0.4526 
     D237251  7 0.1728 0.4714 0.1022 0.2537 
     D237252  7 0.3169 0.2554 0.1019 0.3258 
     D237253  7 0.2210 0.5106 0.1201 0.1482 
     D237254  7 0.4561 0.0309 0.0215 0.4915 
     D237255  7 0.0714 0.7950 0.0559 0.0778 
     D237256  7 0.2778 0.5031 0.0509 0.1682 
     D237257  7 0.6211 0.0970 0.0463 0.2356 
     D237282  7 0.3134 0.1562 0.0723 0.4581 
     D237283  7 0.5813 0.0638 0.1643 0.1907 
     D237284  7 0.4337 0.0287 0.0274 0.5102 
     D237285  7 0.3115 0.2002 0.1601 0.3282 
     D237286  7 0.2716 0.2365 0.3356 0.1563 
     D237287  7 0.2254 0.4993 0.0994 0.1759 
     D244006  7 0.4693 0.0361 0.0295 0.4652 
     D244007  7 0.2351 0.5205 0.0556 0.1888 
     D244008  7 0.5524 0.0379 0.2169 0.1927 
     D244009  7 0.2821 0.0522 0.2425 0.4232 
     D244010  7 0.5324 0.1549 0.0767 0.2359 
     D244011  7 0.2925 0.2160 0.2047 0.2868 
     D244012  7 0.4150 0.2795 0.0692 0.2363 
     D244013  7 0.1097 0.4658 0.1812 0.2432 
     D244014  7 0.2886 0.3502 0.0861 0.2750 
     D244015  7 0.5154 0.0845 0.0755 0.3246 
     D244125  7 0.1022 0.3559 0.4638 0.0781 
     D244126  7 0.5888 0.0265 0.0516 0.3332 
     D244130  7 0.2556 0.1602 0.3780 0.2062 
     D244131  7 0.1709 0.1198 0.5055 0.2038 
     D244132  7 0.1221 0.0474 0.6458 0.1847 
        D520  7 0.5009 0.0489 0.3213 0.1289 
        D521  7 0.3178 0.1423 0.1305 0.4094 
        D522  7 0.2553 0.0985 0.2866 0.3596 
        D523  7 0.1203 0.6857 0.0751 0.1188 
        D524  7 0.1521 0.4045 0.2326 0.2108 
        D525  7 0.2649 0.3075 0.0834 0.3442 
        D526  7 0.4535 0.0361 0.0267 0.4837 
        D527  7 0.3387 0.0799 0.1427 0.4387 
        D528  7 0.9440 0.0126 0.0186 0.0249 
        D558  7 0.3178 0.1393 0.0420 0.5009 
        D559  7 0.3828 0.1100 0.0354 0.4718 
        D640  7 0.1605 0.1921 0.4160 0.2314 
        D641  7 0.1848 0.3328 0.3112 0.1712 
        D642  7 0.2563 0.2566 0.1391 0.3480 
        D644  7 0.2014 0.1724 0.3247 0.3015 
        D645  7 0.1649 0.3879 0.1993 0.2479 
        D662  7 0.0459 0.0201 0.8826 0.0514 
        D687  7 0.3972 0.1791 0.1051 0.3186 
        D688  7 0.3211 0.1376 0.0319 0.5093 
        D689  7 0.1978 0.1572 0.5056 0.1394 
        D700  7 0.9471 0.0140 0.0173 0.0216 
        D797  7 0.3134 0.1212 0.2057 0.3598 
        D798  7 0.2393 0.0527 0.5901 0.1179 
        D799  7 0.2776 0.4383 0.0887 0.1954 
        D800  7 0.3899 0.1515 0.0785 0.3801 
        D132  8 0.3349 0.0286 0.0460 0.5905 
        D133  8 0.0627 0.8678 0.0161 0.0534 
        D200  8 0.3838 0.1230 0.0329 0.4604 
        D500  8 0.3322 0.0192 0.0460 0.6026 
        D614  8 0.1924 0.0712 0.4954 0.2409 
        D723  8 0.2295 0.1794 0.1787 0.4124 
        D888  8 0.0786 0.8117 0.0369 0.0727 
        D901  8 0.4769 0.0878 0.0997 0.3357 
        D902  8 0.1006 0.0785 0.7328 0.0881 
        D903  8 0.3483 0.1290 0.2018 0.3209 
        D904  8 0.2843 0.1320 0.1485 0.4352 
        D905  8 0.0714 0.7884 0.0794 0.0608 
        D906  8 0.2619 0.5747 0.0409 0.1226 
        D937  8 0.0603 0.0579 0.8460 0.0358 
        D943  8 0.4352 0.1612 0.0455 0.3580 
        D972  8 0.3026 0.1013 0.0891 0.5070 
        D973  8 0.2501 0.0717 0.2210 0.4573 
        D974  8 0.2369 0.1936 0.2530 0.3165 
        D975  8 0.3483 0.1553 0.0868 0.4096 
        D976  8 0.3635 0.2322 0.1653 0.2390 
        D201  9 0.2804 0.3186 0.0531 0.3478 
        D202  9 0.3265 0.2463 0.1038 0.3234 
     D237259  9 0.6692 0.1007 0.0569 0.1733 
     D237260  9 0.1910 0.6377 0.0516 0.1196 
     D237262  9 0.4408 0.0529 0.1358 0.3705 
     D237263  9 0.2277 0.3926 0.1241 0.2556 
     D237264  9 0.3103 0.2272 0.2332 0.2294 
     D237265  9 0.1521 0.7117 0.0614 0.0748 
     D237266  9 0.0512 0.7603 0.1587 0.0298 
     D237267  9 0.6404 0.0698 0.1041 0.1856 
     D237268  9 0.4352 0.0628 0.0855 0.4165 
     D237289  9 0.1215 0.5523 0.2158 0.1103 
     D237290  9 0.0453 0.8756 0.0301 0.0490 
     D237291  9 0.0931 0.7265 0.1082 0.0722 
     D237292  9 0.2753 0.5376 0.0326 0.1545 
     D237293  9 0.2186 0.1150 0.4733 0.1932 
     D237294  9 0.3187 0.1821 0.1260 0.3731 
     D237295  9 0.3183 0.0558 0.2899 0.3361 
     D237296  9 0.3855 0.1844 0.2129 0.2172 
     D237297  9 0.2377 0.1585 0.2997 0.3042 
     D237298  9 0.2307 0.2438 0.1199 0.4056 
     D237341  9 0.2531 0.4144 0.1686 0.1639 
     D237342  9 0.4219 0.1151 0.1459 0.3170 
     D237343  9 0.2102 0.4961 0.1543 0.1394 
     D237344  9 0.1608 0.3663 0.2953 0.1776 
     D237345  9 0.3629 0.0547 0.0189 0.5635 
     D237346  9 0.1114 0.5468 0.2680 0.0737 
     D237347  9 0.0873 0.2415 0.5552 0.1160 
     D237348  9 0.2363 0.2725 0.2579 0.2333 
     D237349  9 0.1956 0.5662 0.1070 0.1313 
     D244109  9 0.1667 0.6732 0.0212 0.1388 
     D244110  9 0.1054 0.7696 0.0316 0.0934 
     D244111  9 0.2786 0.3280 0.1197 0.2737 
     D244128  9 0.5085 0.0837 0.0425 0.3652 
     D244137  9 0.2670 0.2021 0.1994 0.3314 
     D244138  9 0.2285 0.4916 0.1446 0.1353 
        D580  9 0.4809 0.0313 0.0633 0.4245 
        D581  9 0.0795 0.7918 0.0282 0.1005 
        D582  9 0.4992 0.0353 0.0437 0.4218 
        D583  9 0.0443 0.8602 0.0306 0.0649 
        D584  9 0.1903 0.0857 0.6336 0.0903 
        D585  9 0.4858 0.1925 0.0286 0.2932 
        D586  9 0.0588 0.8345 0.0687 0.0379 
        D651  9 0.1677 0.2182 0.4392 0.1749 
        D652  9 0.2565 0.3104 0.2598 0.1733 
        D653  9 0.2500 0.5311 0.1187 0.1002 
        D654  9 0.1938 0.4075 0.0766 0.3221 
        D655  9 0.1915 0.3015 0.4304 0.0766 
        D656  9 0.4721 0.0413 0.0472 0.4393 
        D657  9 0.3215 0.1617 0.0990 0.4178 
        D667  9 0.1484 0.2061 0.5742 0.0713 
        D668  9 0.1538 0.2603 0.4803 0.1056 
        D669  9 0.3631 0.3589 0.0558 0.2223 
        D670  9 0.4963 0.0514 0.1127 0.3397 
        D671  9 0.1607 0.6231 0.0589 0.1573 
        D672  9 0.4228 0.0883 0.0594 0.4295 
        D673  9 0.2780 0.1185 0.3191 0.2843 
        D692  9 0.4047 0.2420 0.0400 0.3133 
        D693  9 0.3010 0.1174 0.3619 0.2196 
        D694  9 0.5283 0.0994 0.1004 0.2719 
        D695  9 0.2487 0.0901 0.4283 0.2329 
        D696  9 0.0438 0.0524 0.8517 0.0521 
        D697  9 0.0970 0.1986 0.6249 0.0795 
        D698  9 0.1117 0.5024 0.3133 0.0726 
        D699  9 0.1652 0.1441 0.5791 0.1116 
        D787  9 0.2283 0.3280 0.2910 0.1527 
        D788  9 0.2215 0.0395 0.5366 0.2024 
        D789  9 0.3307 0.2245 0.2020 0.2428 
        D790  9 0.1246 0.2848 0.5346 0.0560 
        D791  9 0.1961 0.4990 0.0738 0.2311 
        D792  9 0.2743 0.2716 0.1031 0.3510 
        D793  9 0.0748 0.1167 0.7315 0.0770 
        D794  9 0.1929 0.2905 0.3190 0.1976 
        D795  9 0.3614 0.1134 0.2736 0.2516 
        D796  9 0.2331 0.4036 0.2611 0.1023 
        D142 10 0.2538 0.2492 0.2540 0.2430 
        D143 10 0.0534 0.8252 0.0616 0.0598 
        D144 10 0.2983 0.1166 0.3537 0.2313 
        D145 10 0.1666 0.5852 0.0605 0.1878 
        D146 10 0.4608 0.0468 0.1153 0.3771 
        D147 10 0.6030 0.0901 0.0527 0.2542 
        D148 10 0.5469 0.0497 0.0875 0.3159 
        D149 10 0.1370 0.7309 0.0376 0.0945 
        D151 10 0.4883 0.1936 0.1312 0.1868 
        D152 10 0.0499 0.9023 0.0229 0.0249 
        D153 10 0.2210 0.0556 0.3408 0.3827 
        D156 10 0.4176 0.0972 0.0503 0.4349 
        D157 10 0.1550 0.0937 0.5718 0.1795 
        D158 10 0.3153 0.2279 0.1502 0.3066 
        D159 10 0.0338 0.8817 0.0462 0.0383 
        D160 10 0.0407 0.7082 0.2237 0.0274 
        D161 10 0.3101 0.1786 0.1803 0.3311 
        D162 10 0.2794 0.2369 0.1089 0.3749 
        D169 10 0.3943 0.0965 0.0561 0.4531 
        D170 10 0.3190 0.0420 0.0605 0.5786 
        D171 10 0.3940 0.0720 0.1421 0.3918 
        D172 10 0.3123 0.1044 0.0783 0.5050 
        D173 10 0.0722 0.8462 0.0184 0.0633 
        D181 10 0.2823 0.1936 0.2468 0.2774 
        D182 10 0.2976 0.4068 0.0682 0.2274 
        D183 10 0.1069 0.0370 0.7643 0.0917 
        D184 10 0.3621 0.0191 0.0233 0.5956 
        D185 10 0.4447 0.0993 0.0887 0.3674 
        D186 10 0.3673 0.0408 0.0262 0.5657 
        D194 10 0.3967 0.0778 0.1572 0.3684 
        D195 10 0.1449 0.4167 0.2652 0.1732 
        D196 10 0.1353 0.4534 0.1855 0.2258 
        D197 10 0.2956 0.2014 0.0781 0.4248 
        D198 10 0.4565 0.0436 0.3249 0.1750 
     D237226 10 0.1513 0.7052 0.0809 0.0627 
     D237232 10 0.1196 0.5630 0.2475 0.0699 
     D237233 10 0.1002 0.6470 0.1368 0.1160 
     D237234 10 0.2618 0.1511 0.2057 0.3813 
     D237354 10 0.0251 0.9264 0.0271 0.0214 
     D237355 10 0.1331 0.7433 0.0735 0.0500 
     D237356 10 0.1925 0.0324 0.5713 0.2038 
     D237357 10 0.2213 0.5011 0.0756 0.2020 
     D237358 10 0.4528 0.1164 0.0789 0.3519 
     D237369 10 0.4777 0.0404 0.0321 0.4498 
     D237370 10 0.0945 0.2375 0.5825 0.0855 
     D237371 10 0.4240 0.0849 0.1591 0.3321 
     D237372 10 0.3492 0.2991 0.0339 0.3178 
     D237373 10 0.3238 0.2687 0.1901 0.2175 
     D237374 10 0.0833 0.7596 0.0946 0.0625 
     D237375 10 0.3328 0.3467 0.1135 0.2070 
     D237400 10 0.0362 0.9082 0.0196 0.0359 
     D244002 10 0.5127 0.0364 0.0213 0.4296 
     D244003 10 0.0426 0.6108 0.2925 0.0540 
     D244004 10 0.0258 0.0315 0.9247 0.0180 
     D244005 10 0.2101 0.5379 0.0503 0.2016 
     D244020 10 0.2760 0.1248 0.3802 0.2190 
     D244021 10 0.3085 0.1955 0.0996 0.3964 
     D244116 10 0.2765 0.1132 0.1048 0.5054 
     D244117 10 0.0478 0.4340 0.4512 0.0670 
     D244121 10 0.0835 0.2459 0.5618 0.1089 
     D244123 10 0.2084 0.3559 0.2211 0.2146 
     D244124 10 0.1893 0.4365 0.1085 0.2658 
        D332 10 0.2785 0.1434 0.2225 0.3557 
        D570 10 0.1765 0.0768 0.5338 0.2128 
        D602 10 0.3488 0.1017 0.0719 0.4777 
        D603 10 0.1821 0.3250 0.3197 0.1731 
        D604 10 0.3005 0.4067 0.0738 0.2190 
        D605 10 0.1949 0.3345 0.1775 0.2931 
        D606 10 0.2658 0.0518 0.2853 0.3971 
        D607 10 0.5039 0.0815 0.0713 0.3434 
        D608 10 0.0349 0.9208 0.0174 0.0269 
        D609 10 0.0979 0.0360 0.7231 0.1430 
        D610 10 0.4752 0.1793 0.1624 0.1830 
        D611 10 0.0435 0.0324 0.8689 0.0552 
        D613 10 0.2932 0.1651 0.1867 0.3550 
        D633 10 0.2720 0.2319 0.0802 0.4158 
        D634 10 0.4033 0.1156 0.2433 0.2378 
        D638 10 0.0356 0.8716 0.0404 0.0523 
        D681 10 0.3580 0.0673 0.0975 0.4772 
        D754 10 0.3839 0.0872 0.1423 0.3866 
        D755 10 0.0257 0.6046 0.3358 0.0339 
        D756 10 0.2265 0.1700 0.3785 0.2250 
        D757 10 0.1627 0.4924 0.1893 0.1556 
        D758 10 0.2809 0.1181 0.1656 0.4354 
        D759 10 0.0538 0.5563 0.3518 0.0381 
        D760 10 0.2345 0.3560 0.1470 0.2625 
        D761 10 0.0322 0.9161 0.0289 0.0227 
        D762 10 0.4817 0.1287 0.1324 0.2572 
        D775 10 0.0393 0.2079 0.7145 0.0383 
        D776 10 0.0691 0.8663 0.0371 0.0275 
        D777 10 0.1277 0.2962 0.5107 0.0654 
        D778 10 0.0499 0.7911 0.1252 0.0338 
        D779 10 0.3115 0.1145 0.1198 0.4542 
        D780 10 0.1680 0.4428 0.0610 0.3281 
        D781 10 0.3964 0.1242 0.0577 0.4217 
        D858 10 0.1677 0.2560 0.4777 0.0986 
        D933 10 0.3921 0.2529 0.1675 0.1874 
        D038 11 0.1890 0.5125 0.1903 0.1081 
        D063 11 0.2085 0.2726 0.0688 0.4501 
        D155 11 0.1844 0.4135 0.3104 0.0917 
        D175 11 0.3503 0.0541 0.2099 0.3857 
        D176 11 0.1267 0.6860 0.0832 0.1041 
        D205 11 0.1264 0.0407 0.7269 0.1060 
     D237229 11 0.3952 0.2915 0.0438 0.2695 
     D237230 11 0.4359 0.1344 0.0345 0.3951 
     D237231 11 0.2530 0.1508 0.0626 0.5336 
     D237269 11 0.2410 0.4260 0.0932 0.2398 
     D237270 11 0.2179 0.1557 0.3580 0.2685 
     D237271 11 0.2765 0.0853 0.1911 0.4470 
     D237272 11 0.2743 0.2415 0.1629 0.3213 
     D237273 11 0.3002 0.1468 0.1517 0.4012 
     D237301 11 0.2644 0.1129 0.2358 0.3869 
     D237302 11 0.2294 0.1527 0.0905 0.5274 
     D237303 11 0.4156 0.1734 0.0529 0.3581 
     D237304 11 0.2791 0.1223 0.2301 0.3685 
     D237305 11 0.2599 0.1816 0.2533 0.3052 
     D237314 11 0.1981 0.2172 0.3245 0.2602 
     D237315 11 0.4800 0.0782 0.0926 0.3492 
     D237316 11 0.2701 0.0413 0.2349 0.4538 
     D237328 11 0.4320 0.0408 0.1967 0.3305 
     D237329 11 0.1090 0.4008 0.4347 0.0555 
     D237330 11 0.0885 0.2563 0.4700 0.1852 
     D237331 11 0.3126 0.2792 0.1549 0.2534 
     D237332 11 0.2528 0.0832 0.1316 0.5325 
     D237333 11 0.0871 0.6917 0.1441 0.0771 
     D237334 11 0.3185 0.0751 0.1667 0.4398 
     D237335 11 0.1325 0.0658 0.4872 0.3144 
     D237336 11 0.2711 0.3914 0.0808 0.2567 
     D237350 11 0.1980 0.1931 0.2811 0.3278 
     D237383 11 0.3327 0.2659 0.0892 0.3122 
     D237384 11 0.3160 0.1046 0.2790 0.3004 
     D237385 11 0.2459 0.2496 0.1674 0.3370 
     D237386 11 0.1514 0.2725 0.3518 0.2242 
     D237387 11 0.2434 0.0268 0.0679 0.6619 
     D237388 11 0.1661 0.0649 0.5207 0.2482 
        D239 11 0.2531 0.2938 0.2533 0.1999 
        D240 11 0.1301 0.7836 0.0332 0.0531 
        D241 11 0.8083 0.0774 0.0288 0.0854 
        D242 11 0.2980 0.2837 0.1162 0.3021 
        D243 11 0.1586 0.1469 0.5571 0.1374 
        D244 11 0.0388 0.0432 0.8751 0.0428 
