        D174  1 0.7341 0.0460 0.1491 0.0709 
        D199  1 0.2944 0.2591 0.0858 0.3607 
        D203  1 0.1118 0.2621 0.2043 0.4218 
        D204  1 0.0350 0.0384 0.0330 0.8936 
     D237366  1 0.1172 0.1295 0.5459 0.2074 
     D237367  1 0.0879 0.1012 0.4321 0.3788 
     D237368  1 0.0829 0.1127 0.4955 0.3089 
     D244101  1 0.0374 0.1833 0.0388 0.7405 
     D244102  1 0.3618 0.1310 0.2755 0.2316 
     D244103  1 0.1164 0.0546 0.7021 0.1269 
     D244104  1 0.1330 0.0817 0.0586 0.7267 
     D244105  1 0.0415 0.0486 0.7431 0.1669 
     D244106  1 0.6490 0.2092 0.0633 0.0785 
     D244107  1 0.0244 0.0860 0.7388 0.1508 
     D244108  1 0.6625 0.0699 0.1347 0.1329 
     D244113  1 0.9104 0.0318 0.0295 0.0283 
     D244114  1 0.3080 0.3530 0.1253 0.2138 
     D244115  1 0.5419 0.0601 0.1874 0.2107 
     D267365  1 0.3272 0.0796 0.0874 0.5058 
        D404  1 0.8801 0.0399 0.0434 0.0367 
        D405  1 0.5456 0.1671 0.0907 0.1966 
        D406  1 0.0403 0.0187 0.8202 0.1208 
        D407  1 0.0630 0.1493 0.3673 0.4204 
        D408  1 0.8016 0.0869 0.0545 0.0570 
        D409  1 0.0945 0.0455 0.7627 0.0973 
        D410  1 0.0547 0.0199 0.8389 0.0865 
        D421  1 0.0629 0.0791 0.0577 0.8002 
        D422  1 0.0154 0.0347 0.9125 0.0374 
        D423  1 0.0204 0.0225 0.9103 0.0468 
        D424  1 0.0717 0.0226 0.2222 0.6836 
        D425  1 0.3641 0.0558 0.0647 0.5153 
        D426  1 0.0448 0.1710 0.7419 0.0424 
        D427  1 0.1209 0.6594 0.0458 0.1739 
        D428  1 0.3173 0.0989 0.1616 0.4223 
        D429  1 0.3618 0.0933 0.1055 0.4394 
        D430  1 0.3598 0.3111 0.1428 0.1864 
        D491  1 0.7922 0.0226 0.0434 0.1418 
        D492  1 0.3707 0.0761 0.2047 0.3486 
        D537  1 0.0908 0.0444 0.1624 0.7024 
        D538  1 0.2564 0.1245 0.3962 0.2230 
        D539  1 0.4276 0.2909 0.1953 0.0862 
        D540  1 0.2230 0.1012 0.3084 0.3674 
        D541  1 0.0221 0.0332 0.0493 0.8953 
        D551  1 0.0544 0.7554 0.1110 0.0792 
        D552  1 0.2122 0.0830 0.3108 0.3940 
        D553  1 0.0287 0.0288 0.0375 0.9051 
        D615  1 0.1404 0.1317 0.2356 0.4923 
        D616  1 0.1196 0.2324 0.3596 0.2883 
        D621  1 0.2273 0.0572 0.6230 0.0925 
        D622  1 0.0683 0.0398 0.8139 0.0779 
        D623  1 0.6418 0.2116 0.0464 0.1003 
        D624  1 0.8245 0.0460 0.0629 0.0666 
        D625  1 0.1116 0.0216 0.1120 0.7549 
        D626  1 0.6247 0.0816 0.1627 0.1310 
        D627  1 0.0463 0.1264 0.6690 0.1582 
        D690  1 0.0855 0.0174 0.0731 0.8239 
        D691  1 0.0422 0.0395 0.7637 0.1545 
        D710  1 0.2094 0.0610 0.1046 0.6249 
        D711  1 0.0557 0.0372 0.0599 0.8472 
        D712  1 0.7892 0.0727 0.0762 0.0618 
        D713  1 0.6303 0.0367 0.1131 0.2199 
        D746  1 0.0280 0.0366 0.8576 0.0779 
        D747  1 0.0288 0.0331 0.0217 0.9164 
        D748  1 0.0981 0.0335 0.3779 0.4904 
        D749  1 0.2017 0.1574 0.5787 0.0621 
        D750  1 0.6066 0.0373 0.0943 0.2618 
        D763  1 0.0738 0.4116 0.1141 0.4006 
        D764  1 0.2558 0.0268 0.1844 0.5330 
        D765  1 0.1647 0.0414 0.7372 0.0567 
        D766  1 0.1285 0.0308 0.4650 0.3757 
        D767  1 0.1452 0.1507 0.2600 0.4441 
        D768  1 0.0216 0.0273 0.0672 0.8839 
        D811  1 0.8586 0.0308 0.0739 0.0367 
        D816  1 0.0932 0.0237 0.0362 0.8470 
        D825  1 0.6011 0.0373 0.1884 0.1732 
        D866  1 0.3316 0.4901 0.0924 0.0859 
        D867  1 0.0558 0.0461 0.8513 0.0468 
        D871  1 0.0980 0.0608 0.7335 0.1076 
        D872  1 0.1153 0.0593 0.1706 0.6548 
        D873  1 0.0292 0.0152 0.9425 0.0131 
        D874  1 0.2651 0.0700 0.0282 0.6366 
        D875  1 0.0308 0.0222 0.9104 0.0366 
        D876  1 0.1054 0.0372 0.0640 0.7933 
        D877  1 0.8963 0.0274 0.0242 0.0522 
        D892  1 0.2542 0.0285 0.2499 0.4674 
        D893  1 0.0588 0.0573 0.1087 0.7753 
        D894  1 0.1231 0.0681 0.1019 0.7068 
        D915  1 0.1054 0.0396 0.2390 0.6161 
        D916  1 0.0303 0.0219 0.0480 0.8997 
        D917  1 0.4482 0.1042 0.0622 0.3854 
        D925  1 0.1209 0.0341 0.7000 0.1450 
        D926  1 0.2195 0.0626 0.1368 0.5811 
        D927  1 0.1097 0.3531 0.0681 0.4691 
        D928  1 0.8424 0.0236 0.0226 0.1114 
        D929  1 0.4567 0.0685 0.2105 0.2644 
        D936  1 0.0561 0.1259 0.0462 0.7718 
        D938  1 0.0444 0.0223 0.8755 0.0577 
        D956  1 0.8305 0.0647 0.0570 0.0478 
        D957  1 0.1239 0.0483 0.3244 0.5034 
        D958  1 0.1491 0.0218 0.2468 0.5823 
        D959  1 0.0371 0.0930 0.4938 0.3761 
        D960  1 0.0482 0.0269 0.8906 0.0343 
        D989  1 0.6194 0.2210 0.0453 0.1144 
        D990  1 0.0455 0.0627 0.8678 0.0240 
        D023  2 0.0283 0.0410 0.6856 0.2451 
        D130  2 0.0216 0.0315 0.8709 0.0760 
        D131  2 0.0743 0.1398 0.1650 0.6209 
        D163  2 0.0414 0.0319 0.8216 0.1051 
        D164  2 0.0187 0.5142 0.4420 0.0251 
        D165  2 0.0236 0.0632 0.7654 0.1477 
        D166  2 0.1943 0.1859 0.3543 0.2655 
        D167  2 0.0581 0.8929 0.0256 0.0234 
        D192  2 0.0258 0.9375 0.0182 0.0184 
        D193  2 0.7573 0.0697 0.1182 0.0548 
        D206  2 0.1121 0.3628 0.2796 0.2454 
        D207  2 0.0515 0.7891 0.0598 0.0996 
        D208  2 0.4994 0.3684 0.0573 0.0749 
        D209  2 0.0761 0.6168 0.1177 0.1895 
        D210  2 0.3560 0.4443 0.0630 0.1367 
     D229599  2 0.1464 0.1831 0.1565 0.5140 
     D229600  2 0.0562 0.3919 0.4987 0.0531 
     D237227  2 0.5889 0.1269 0.1910 0.0932 
     D237228  2 0.5184 0.1186 0.3314 0.0316 
     D237258  2 0.2150 0.4592 0.2066 0.1191 
     D237310  2 0.1445 0.0886 0.7447 0.0222 
     D237311  2 0.0844 0.2379 0.6424 0.0353 
     D237312  2 0.3557 0.0441 0.5324 0.0678 
     D237313  2 0.3172 0.0821 0.1940 0.4066 
     D237322  2 0.2170 0.4840 0.1571 0.1419 
     D237323  2 0.2869 0.0582 0.6238 0.0311 
     D237324  2 0.0295 0.3183 0.4902 0.1619 
     D237325  2 0.2367 0.1091 0.5632 0.0911 
     D237326  2 0.1175 0.0397 0.6129 0.2299 
     D237327  2 0.0764 0.6189 0.1047 0.2000 
     D237337  2 0.0859 0.0266 0.8185 0.0690 
     D237338  2 0.2041 0.2093 0.4452 0.1414 
     D237339  2 0.0593 0.2794 0.0556 0.6057 
     D237340  2 0.3995 0.2601 0.2942 0.0462 
     D237389  2 0.1161 0.0828 0.7635 0.0376 
     D237390  2 0.3502 0.0724 0.4293 0.1482 
     D244017  2 0.5484 0.3157 0.0688 0.0670 
     D244112  2 0.0323 0.8599 0.0870 0.0208 
     D244118  2 0.0351 0.7058 0.2332 0.0259 
     D244119  2 0.5894 0.3483 0.0299 0.0325 
     D244120  2 0.2964 0.5939 0.0811 0.0286 
     D244122  2 0.1581 0.7285 0.0698 0.0436 
        D291  2 0.1179 0.5487 0.1853 0.1481 
        D292  2 0.1357 0.5040 0.0575 0.3029 
        D293  2 0.0184 0.5704 0.0206 0.3906 
        D322  2 0.0247 0.3471 0.0639 0.5643 
        D323  2 0.2915 0.2743 0.1026 0.3317 
        D324  2 0.1187 0.2457 0.2851 0.3505 
        D325  2 0.0165 0.8715 0.0433 0.0686 
        D326  2 0.0360 0.0282 0.0205 0.9153 
        D340  2 0.0163 0.9404 0.0193 0.0240 
        D341  2 0.0335 0.8707 0.0445 0.0512 
        D342  2 0.0535 0.7431 0.1599 0.0435 
        D343  2 0.0098 0.9555 0.0151 0.0195 
        D344  2 0.1563 0.1082 0.1166 0.6188 
        D345  2 0.0910 0.0691 0.1817 0.6582 
        D346  2 0.6586 0.1477 0.0705 0.1232 
        D351  2 0.0374 0.1281 0.1358 0.6986 
        D352  2 0.2820 0.2065 0.1919 0.3196 
        D353  2 0.0480 0.0657 0.0542 0.8320 
        D354  2 0.3310 0.0412 0.0946 0.5333 
        D362  2 0.0987 0.0456 0.0998 0.7558 
        D363  2 0.1534 0.0346 0.0667 0.7453 
        D364  2 0.1376 0.0359 0.0585 0.7680 
        D365  2 0.0206 0.9179 0.0178 0.0436 
        D369  2 0.2167 0.2873 0.1449 0.3510 
        D374  2 0.9182 0.0268 0.0271 0.0279 
        D375  2 0.2543 0.0541 0.1712 0.5205 
        D376  2 0.8829 0.0404 0.0444 0.0324 
        D377  2 0.4463 0.1757 0.2736 0.1044 
        D378  2 0.0340 0.2175 0.0604 0.6881 
        D379  2 0.0574 0.0364 0.0312 0.8750 
        D384  2 0.0430 0.0209 0.0273 0.9088 
        D385  2 0.0499 0.8972 0.0269 0.0261 
        D386  2 0.0490 0.1082 0.0740 0.7688 
        D391  2 0.0257 0.8775 0.0220 0.0748 
        D392  2 0.0603 0.7137 0.1040 0.1220 
        D393  2 0.0267 0.1962 0.0613 0.7158 
        D394  2 0.1231 0.1443 0.3891 0.3436 
        D395  2 0.0482 0.7071 0.0943 0.1505 
        D401  2 0.0880 0.0332 0.8561 0.0226 
        D402  2 0.0218 0.9144 0.0220 0.0418 
        D403  2 0.0729 0.0896 0.2450 0.5924 
        D415  2 0.0257 0.0361 0.2105 0.7277 
        D435  2 0.0226 0.3009 0.0953 0.5813 
        D436  2 0.2490 0.0626 0.1020 0.5865 
        D438  2 0.0274 0.9358 0.0179 0.0189 
        D439  2 0.0383 0.1579 0.1407 0.6631 
        D449  2 0.0368 0.7322 0.0980 0.1329 
        D450  2 0.4394 0.0678 0.1597 0.3331 
        D456  2 0.0220 0.0159 0.0335 0.9286 
        D462  2 0.0184 0.8631 0.0242 0.0943 
        D463  2 0.0285 0.0166 0.0203 0.9346 
        D464  2 0.1451 0.1391 0.0552 0.6606 
        D465  2 0.0606 0.4237 0.1871 0.3286 
        D473  2 0.6911 0.0949 0.1443 0.0697 
        D474  2 0.0704 0.2071 0.1072 0.6154 
        D476  2 0.0251 0.1621 0.5937 0.2191 
        D477  2 0.1131 0.0721 0.0610 0.7538 
        D478  2 0.3585 0.0990 0.2817 0.2607 
        D480  2 0.0898 0.2179 0.0400 0.6522 
        D481  2 0.1479 0.1018 0.1538 0.5965 
        D482  2 0.4213 0.3095 0.1501 0.1190 
        D483  2 0.0534 0.8917 0.0272 0.0278 
        D484  2 0.3427 0.3236 0.1140 0.2198 
        D510  2 0.8402 0.0809 0.0382 0.0407 
        D511  2 0.0291 0.1418 0.0662 0.7629 
        D512  2 0.0601 0.1994 0.6957 0.0448 
        D513  2 0.0925 0.6206 0.1271 0.1599 
        D635  2 0.0300 0.0513 0.2369 0.6818 
        D636  2 0.0349 0.0254 0.9016 0.0380 
        D637  2 0.2388 0.4431 0.1528 0.1652 
        D658  2 0.2294 0.6472 0.0608 0.0626 
        D659  2 0.0426 0.0632 0.0668 0.8273 
        D677  2 0.0948 0.1846 0.3074 0.4132 
        D678  2 0.0769 0.8357 0.0474 0.0399 
        D679  2 0.0923 0.1895 0.0503 0.6679 
        D719  2 0.3135 0.2281 0.0287 0.4298 
        D720  2 0.1120 0.0537 0.0662 0.7681 
        D721  2 0.0469 0.1667 0.5409 0.2455 
        D722  2 0.8446 0.0690 0.0445 0.0419 
        D734  2 0.4694 0.2708 0.0286 0.2312 
        D735  2 0.1317 0.1291 0.1128 0.6264 
        D736  2 0.4373 0.2595 0.1096 0.1936 
        D737  2 0.0926 0.7557 0.0772 0.0745 
        D807  2 0.4071 0.1669 0.0881 0.3379 
        D808  2 0.0615 0.1994 0.4454 0.2936 
        D817  2 0.3264 0.0548 0.0947 0.5241 
        D818  2 0.0480 0.5787 0.1684 0.2050 
        D819  2 0.1494 0.0783 0.2727 0.4996 
        D820  2 0.0236 0.0359 0.0227 0.9178 
        D895  2 0.0864 0.0585 0.2124 0.6426 
        D896  2 0.0866 0.0272 0.8500 0.0362 
        D897  2 0.0485 0.8263 0.0698 0.0554 
        D898  2 0.3494 0.1286 0.2196 0.3024 
        D918  2 0.1304 0.2670 0.4842 0.1183 
        D919  2 0.0426 0.2426 0.0785 0.6363 
        D920  2 0.0501 0.0371 0.8783 0.0344 
        D923  2 0.0419 0.0323 0.0386 0.8873 
        D930  2 0.2677 0.0936 0.1305 0.5082 
        D931  2 0.1264 0.1812 0.0689 0.6234 
        D968  2 0.0164 0.9210 0.0191 0.0435 
        D969  2 0.0687 0.3644 0.0518 0.5151 
        D977  2 0.0321 0.8368 0.0666 0.0644 
        D978  2 0.1223 0.7154 0.0611 0.1012 
        D211  3 0.0630 0.0705 0.7234 0.1431 
     D229639  3 0.1758 0.6701 0.0568 0.0973 
     D237212  3 0.0897 0.3378 0.1844 0.3881 
     D237213  3 0.1036 0.1214 0.4356 0.3394 
     D237214  3 0.0650 0.0332 0.8346 0.0672 
     D237215  3 0.2121 0.7382 0.0305 0.0193 
     D237216  3 0.0776 0.2731 0.4874 0.1619 
     D237217  3 0.0242 0.0851 0.6585 0.2321 
     D237218  3 0.0530 0.5354 0.1229 0.2887 
     D237219  3 0.3494 0.1557 0.4335 0.0614 
     D237382  3 0.3363 0.0958 0.2716 0.2962 
     D244127  3 0.0691 0.1714 0.6956 0.0639 
     D244129  3 0.0934 0.1479 0.2986 0.4602 
     D244133  3 0.5093 0.1977 0.2133 0.0798 
     D244134  3 0.4305 0.3272 0.1487 0.0936 
     D244135  3 0.0346 0.0999 0.7558 0.1098 
     D244136  3 0.5202 0.1315 0.1161 0.2321 
        D416  3 0.0704 0.4112 0.1966 0.3217 
        D417  3 0.0514 0.0332 0.1022 0.8131 
        D419  3 0.2080 0.2666 0.2532 0.2722 
        D565  3 0.8298 0.0496 0.0332 0.0874 
        D566  3 0.4865 0.3913 0.0575 0.0646 
        D567  3 0.0571 0.0487 0.1073 0.7869 
        D568  3 0.0476 0.2605 0.2484 0.4435 
        D569  3 0.1269 0.3982 0.2086 0.2662 
        D573  3 0.0272 0.6969 0.0516 0.2243 
        D574  3 0.7276 0.0739 0.1191 0.0794 
        D575  3 0.3672 0.1809 0.2690 0.1829 
        D576  3 0.1221 0.8221 0.0429 0.0129 
        D577  3 0.1386 0.0530 0.1369 0.6715 
        D578  3 0.0221 0.0373 0.9190 0.0216 
        D579  3 0.2606 0.2679 0.1041 0.3673 
        D660  3 0.0723 0.6641 0.2117 0.0519 
        D661  3 0.0345 0.8036 0.0830 0.0789 
        D663  3 0.0599 0.8252 0.0379 0.0770 
        D664  3 0.3700 0.2235 0.3663 0.0403 
        D665  3 0.0569 0.1761 0.7115 0.0556 
        D666  3 0.4486 0.0949 0.2749 0.1816 
        D009  4 0.0739 0.0661 0.5346 0.3254 
        D057  4 0.0535 0.5186 0.2061 0.2218 
        D109  4 0.1046 0.0418 0.7534 0.1001 
     D237222  4 0.1864 0.0602 0.6815 0.0720 
     D237223  4 0.1613 0.1491 0.6187 0.0710 
     D237224  4 0.0839 0.4433 0.0629 0.4099 
     D237225  4 0.0803 0.0997 0.3909 0.4290 
     D237299  4 0.0532 0.0784 0.8410 0.0273 
     D237300  4 0.0871 0.8407 0.0506 0.0216 
     D237306  4 0.6786 0.0647 0.1329 0.1238 
     D237307  4 0.3981 0.1477 0.1102 0.3440 
     D237308  4 0.1596 0.5934 0.1069 0.1401 
     D237309  4 0.0802 0.1040 0.3496 0.4663 
     D237317  4 0.5842 0.0659 0.1024 0.2476 
     D237318  4 0.0463 0.8957 0.0289 0.0291 
     D237319  4 0.1677 0.1257 0.4918 0.2148 
     D237320  4 0.0777 0.2964 0.4480 0.1779 
     D237321  4 0.1095 0.7036 0.1015 0.0853 
     D237397  4 0.3722 0.3171 0.2180 0.0926 
     D237398  4 0.0366 0.6655 0.1096 0.1883 
     D237399  4 0.2440 0.2128 0.1935 0.3497 
     D244001  4 0.0734 0.1344 0.7065 0.0857 
        D289  4 0.3059 0.2061 0.0874 0.4006 
        D290  4 0.2619 0.1499 0.1594 0.4289 
        D294  4 0.1652 0.1997 0.1248 0.5104 
        D295  4 0.1843 0.0730 0.1587 0.5840 
        D301  4 0.0674 0.1423 0.7570 0.0333 
        D302  4 0.0467 0.0284 0.0407 0.8842 
        D303  4 0.7659 0.0839 0.0765 0.0737 
        D304  4 0.3951 0.1882 0.0928 0.3239 
        D305  4 0.0332 0.5051 0.2489 0.2128 
        D306  4 0.4270 0.0655 0.1459 0.3617 
        D307  4 0.0893 0.0750 0.8033 0.0324 
        D327  4 0.1328 0.1003 0.0683 0.6985 
        D328  4 0.7684 0.0597 0.0567 0.1151 
        D329  4 0.1162 0.4737 0.0979 0.3122 
        D330  4 0.0445 0.0545 0.3408 0.5602 
        D331  4 0.2950 0.2204 0.1975 0.2872 
        D333  4 0.3823 0.2490 0.1745 0.1942 
        D334  4 0.6191 0.0629 0.1078 0.2102 
        D335  4 0.1000 0.0619 0.0345 0.8036 
        D370  4 0.6425 0.0847 0.1447 0.1282 
        D371  4 0.8409 0.0478 0.0295 0.0818 
        D372  4 0.0894 0.8473 0.0368 0.0265 
        D373  4 0.0415 0.1925 0.7027 0.0633 
        D455  4 0.0411 0.0943 0.7749 0.0898 
        D490  4 0.0283 0.0199 0.9174 0.0344 
        D497  4 0.0481 0.0526 0.8548 0.0445 
        D498  4 0.4683 0.1665 0.2067 0.1585 
        D499  4 0.2085 0.5799 0.0878 0.1239 
        D514  4 0.1032 0.0680 0.1009 0.7278 
        D515  4 0.0779 0.0438 0.7384 0.1400 
        D516  4 0.2713 0.1827 0.3133 0.2327 
        D517  4 0.0346 0.1332 0.7116 0.1206 
        D518  4 0.2028 0.1407 0.2667 0.3898 
        D519  4 0.0494 0.1180 0.7367 0.0959 
        D560  4 0.0408 0.2126 0.5694 0.1773 
        D561  4 0.0217 0.0366 0.7668 0.1749 
        D562  4 0.2179 0.2006 0.3106 0.2709 
        D563  4 0.0427 0.6923 0.1196 0.1454 
        D572  4 0.1104 0.0816 0.1217 0.6864 
        D629  4 0.0832 0.0844 0.2510 0.5813 
        D630  4 0.2108 0.1414 0.2632 0.3846 
        D631  4 0.1102 0.4833 0.0976 0.3089 
        D632  4 0.0680 0.2334 0.5303 0.1683 
        D646  4 0.0505 0.1332 0.4115 0.4048 
        D647  4 0.0375 0.0926 0.1812 0.6887 
        D648  4 0.8126 0.0671 0.0515 0.0689 
        D649  4 0.0444 0.0402 0.1522 0.7633 
        D650  4 0.2787 0.0951 0.2719 0.3543 
        D708  4 0.6660 0.0988 0.1103 0.1250 
        D709  4 0.4604 0.0904 0.1513 0.2979 
        D738  4 0.5807 0.0509 0.2083 0.1601 
        D739  4 0.1810 0.1619 0.5027 0.1545 
        D740  4 0.1491 0.4677 0.2962 0.0870 
        D741  4 0.0369 0.2556 0.4175 0.2900 
        D742  4 0.1424 0.6404 0.1106 0.1067 
        D743  4 0.0522 0.0786 0.0395 0.8297 
        D744  4 0.0508 0.1667 0.0650 0.7175 
        D745  4 0.0381 0.0505 0.8540 0.0574 
        D814  4 0.0690 0.7088 0.1256 0.0966 
        D815  4 0.1813 0.0877 0.0602 0.6708 
        D828  4 0.6997 0.1913 0.0742 0.0347 
        D845  4 0.0547 0.8790 0.0243 0.0421 
        D846  4 0.0319 0.3147 0.1311 0.5223 
        D847  4 0.1530 0.1956 0.3234 0.3281 
        D848  4 0.0291 0.2945 0.6382 0.0382 
        D849  4 0.0560 0.1040 0.7217 0.1183 
        D850  4 0.1406 0.1718 0.3626 0.3251 
        D856  4 0.1344 0.0752 0.5224 0.2679 
        D857  4 0.0824 0.0684 0.8293 0.0199 
        D859  4 0.1426 0.2191 0.0728 0.5655 
        D860  4 0.4197 0.2856 0.0500 0.2447 
        D883  4 0.3399 0.0672 0.2223 0.3707 
        D884  4 0.4212 0.0585 0.3413 0.1790 
        D885  4 0.0522 0.5662 0.2024 0.1793 
        D886  4 0.0919 0.1079 0.3740 0.4263 
        D887  4 0.1630 0.4916 0.1240 0.2214 
        D889  4 0.2282 0.4396 0.0487 0.2835 
        D890  4 0.6275 0.1010 0.1465 0.1249 
        D891  4 0.0183 0.9405 0.0197 0.0214 
        D899  4 0.1971 0.6694 0.0456 0.0879 
        D900  4 0.1903 0.1239 0.1924 0.4934 
        D970  4 0.1287 0.1838 0.1231 0.5644 
        D971  4 0.1264 0.5409 0.1058 0.2268 
        D979  4 0.0688 0.0572 0.0273 0.8467 
        D093  5 0.7249 0.1102 0.0772 0.0876 
        D154  5 0.1599 0.6858 0.0980 0.0563 
        D168  5 0.0611 0.5438 0.2757 0.1194 
        D189  5 0.6000 0.2414 0.0789 0.0797 
        D190  5 0.8472 0.0605 0.0304 0.0619 
     D237220  5 0.1501 0.1974 0.4998 0.1527 
     D237221  5 0.4447 0.2687 0.0924 0.1942 
     D237274  5 0.0356 0.0351 0.0580 0.8712 
     D237275  5 0.0791 0.8372 0.0481 0.0356 
     D237276  5 0.4538 0.0913 0.2347 0.2202 
     D237277  5 0.6065 0.2382 0.0510 0.1043 
     D237278  5 0.2780 0.4941 0.1508 0.0771 
     D237279  5 0.0318 0.0728 0.7963 0.0991 
     D237280  5 0.1762 0.0641 0.4171 0.3426 
     D237281  5 0.0332 0.8651 0.0342 0.0675 
     D237351  5 0.2186 0.0699 0.6680 0.0434 
     D237352  5 0.1689 0.1121 0.3767 0.3422 
     D237353  5 0.8895 0.0410 0.0250 0.0445 
     D237359  5 0.1253 0.3538 0.3492 0.1717 
     D237361  5 0.8854 0.0405 0.0310 0.0432 
     D237362  5 0.4874 0.1347 0.1125 0.2654 
     D237363  5 0.1826 0.3625 0.3121 0.1428 
     D237364  5 0.0493 0.4251 0.2839 0.2417 
     D237376  5 0.8424 0.0808 0.0471 0.0297 
     D237377  5 0.1540 0.0707 0.2307 0.5446 
     D237378  5 0.7458 0.1639 0.0486 0.0418 
     D237379  5 0.7034 0.1194 0.0957 0.0815 
     D237380  5 0.3051 0.0295 0.5789 0.0865 
     D237381  5 0.2199 0.1212 0.4945 0.1644 
     D237391  5 0.7078 0.0876 0.0686 0.1359 
     D237392  5 0.0995 0.1736 0.1055 0.6215 
     D237393  5 0.2704 0.0874 0.1023 0.5399 
     D237394  5 0.8559 0.0308 0.0431 0.0702 
     D237395  5 0.5259 0.1807 0.2256 0.0677 
     D237396  5 0.0869 0.1039 0.1169 0.6924 
     D244016  5 0.5420 0.2058 0.0786 0.1736 
     D244018  5 0.2166 0.5865 0.1286 0.0683 
     D244019  5 0.2641 0.2008 0.0759 0.4593 
        D279  5 0.0738 0.7563 0.0981 0.0718 
        D280  5 0.3799 0.2226 0.1539 0.2436 
        D281  5 0.0931 0.8154 0.0393 0.0522 
        D283  5 0.5638 0.1137 0.0547 0.2679 
        D284  5 0.0945 0.1739 0.6167 0.1149 
        D285  5 0.5765 0.1033 0.0898 0.2304 
        D286  5 0.4399 0.1248 0.1409 0.2945 
        D287  5 0.8123 0.0611 0.0967 0.0300 
        D288  5 0.3996 0.2044 0.0595 0.3365 
        D308  5 0.0410 0.0278 0.7843 0.1470 
        D309  5 0.0300 0.0413 0.0509 0.8779 
        D310  5 0.9115 0.0325 0.0196 0.0364 
        D311  5 0.6175 0.1179 0.0811 0.1834 
        D312  5 0.5821 0.1044 0.0940 0.2195 
        D313  5 0.0269 0.0169 0.9385 0.0176 
        D314  5 0.2869 0.4162 0.2259 0.0710 
        D315  5 0.4648 0.0809 0.1234 0.3309 
        D317  5 0.8800 0.0400 0.0354 0.0446 
        D318  5 0.2088 0.2190 0.2464 0.3258 
        D319  5 0.8576 0.0645 0.0395 0.0384 
        D320  5 0.8124 0.0480 0.0575 0.0821 
        D321  5 0.1187 0.0668 0.7174 0.0971 
        D336  5 0.9082 0.0255 0.0212 0.0450 
        D337  5 0.8803 0.0661 0.0183 0.0352 
        D338  5 0.1946 0.2241 0.2992 0.2822 
        D339  5 0.7328 0.1525 0.0658 0.0488 
        D347  5 0.4096 0.1391 0.0522 0.3991 
        D348  5 0.8848 0.0407 0.0248 0.0497 
        D349  5 0.1198 0.0400 0.7796 0.0606 
        D350  5 0.0521 0.1177 0.0661 0.7641 
        D355  5 0.0676 0.6480 0.0376 0.2469 
        D356  5 0.4738 0.0546 0.1654 0.3063 
        D357  5 0.5219 0.1415 0.1921 0.1444 
        D358  5 0.5430 0.1122 0.1399 0.2048 
        D359  5 0.5292 0.0279 0.0413 0.4017 
        D360  5 0.5627 0.0572 0.1633 0.2168 
        D361  5 0.0531 0.0269 0.8745 0.0454 
        D366  5 0.0499 0.3404 0.0906 0.5191 
        D367  5 0.8367 0.0467 0.0733 0.0432 
        D368  5 0.4532 0.0730 0.3525 0.1213 
        D380  5 0.0625 0.1138 0.1419 0.6818 
        D381  5 0.7155 0.1046 0.0776 0.1023 
        D400  5 0.4816 0.2828 0.0528 0.1828 
        D411  5 0.0284 0.0319 0.9178 0.0219 
        D412  5 0.2891 0.3372 0.1870 0.1866 
        D413  5 0.0599 0.7644 0.0837 0.0921 
        D414  5 0.0876 0.5964 0.0712 0.2448 
        D420  5 0.2228 0.2186 0.4915 0.0671 
        D431  5 0.4347 0.3732 0.1459 0.0462 
        D432  5 0.5347 0.2248 0.1200 0.1205 
        D433  5 0.7517 0.1202 0.0529 0.0752 
        D434  5 0.6616 0.0746 0.0918 0.1720 
        D440  5 0.0488 0.1033 0.0776 0.7703 
        D447  5 0.0490 0.0978 0.1426 0.7107 
        D448  5 0.8243 0.0783 0.0300 0.0675 
        D459  5 0.0461 0.7803 0.0293 0.1444 
        D460  5 0.0898 0.0331 0.7389 0.1382 
        D461  5 0.0449 0.0593 0.0219 0.8740 
        D468  5 0.6174 0.0768 0.1481 0.1577 
        D469  5 0.1914 0.0762 0.1730 0.5594 
        D470  5 0.4068 0.0795 0.4003 0.1134 
        D471  5 0.7573 0.1283 0.0345 0.0799 
        D472  5 0.0287 0.1931 0.0245 0.7536 
        D479  5 0.0750 0.8408 0.0349 0.0494 
        D485  5 0.5388 0.1786 0.1406 0.1420 
        D486  5 0.4522 0.0619 0.3145 0.1714 
        D487  5 0.2830 0.5864 0.0613 0.0693 
        D555  5 0.8373 0.0770 0.0343 0.0514 
        D556  5 0.4908 0.2670 0.0995 0.1426 
        D557  5 0.8165 0.0751 0.0247 0.0837 
        D564  5 0.4998 0.0716 0.1425 0.2861 
        D594  5 0.4108 0.1461 0.1133 0.3298 
        D595  5 0.4614 0.1844 0.0958 0.2584 
        D596  5 0.9061 0.0431 0.0221 0.0287 
        D597  5 0.3157 0.3813 0.0425 0.2605 
        D598  5 0.5341 0.1516 0.1473 0.1671 
        D617  5 0.0469 0.2308 0.6859 0.0363 
        D618  5 0.5087 0.2357 0.0775 0.1781 
        D619  5 0.3682 0.0691 0.2509 0.3119 
        D620  5 0.0319 0.8841 0.0288 0.0552 
        D628  5 0.3216 0.1360 0.2280 0.3144 
        D714  5 0.5974 0.2951 0.0659 0.0416 
        D715  5 0.6445 0.1752 0.0396 0.1407 
        D716  5 0.4967 0.2313 0.0701 0.2019 
        D717  5 0.1681 0.0896 0.1566 0.5857 
        D718  5 0.4169 0.1198 0.4116 0.0516 
        D769  5 0.0540 0.1440 0.7447 0.0574 
        D770  5 0.3435 0.4817 0.0832 0.0917 
        D771  5 0.2477 0.5175 0.1243 0.1106 
        D772  5 0.6058 0.0957 0.0814 0.2171 
        D782  5 0.0678 0.2789 0.5599 0.0934 
        D783  5 0.1939 0.6407 0.0766 0.0888 
        D784  5 0.0794 0.0814 0.0645 0.7747 
        D785  5 0.8238 0.0330 0.0720 0.0711 
        D786  5 0.0592 0.0841 0.4860 0.3708 
        D821  5 0.9231 0.0289 0.0166 0.0314 
        D822  5 0.2778 0.0885 0.0633 0.5704 
        D826  5 0.4800 0.3748 0.0540 0.0911 
        D827  5 0.0966 0.1234 0.1236 0.6564 
        D851  5 0.2509 0.1829 0.2192 0.3470 
        D852  5 0.2748 0.5370 0.0968 0.0915 
        D853  5 0.5517 0.1481 0.0928 0.2074 
        D854  5 0.1476 0.3381 0.1893 0.3250 
        D861  5 0.3374 0.3446 0.1931 0.1249 
        D862  5 0.6249 0.0351 0.0686 0.2714 
        D865  5 0.8378 0.0687 0.0515 0.0420 
        D868  5 0.0821 0.0671 0.0783 0.7725 
        D869  5 0.0597 0.0312 0.8672 0.0418 
        D870  5 0.0317 0.0566 0.8206 0.0911 
        D907  5 0.8033 0.0495 0.1004 0.0468 
        D908  5 0.3057 0.6003 0.0495 0.0445 
        D910  5 0.6063 0.2678 0.0416 0.0842 
        D911  5 0.0717 0.7318 0.0472 0.1493 
        D934  5 0.2357 0.5562 0.0763 0.1318 
        D946  5 0.3001 0.4687 0.1365 0.0948 
        D947  5 0.1532 0.2079 0.1684 0.4705 
        D948  5 0.1864 0.0318 0.6741 0.1077 
        D949  5 0.1617 0.0327 0.7181 0.0875 
        D950  5 0.0670 0.7654 0.0442 0.1235 
        D951  5 0.1438 0.0438 0.1106 0.7018 
        D952  5 0.1848 0.0619 0.0438 0.7094 
        D953  5 0.6880 0.0946 0.0623 0.1551 
        D954  5 0.3842 0.0506 0.0667 0.4984 
        D961  5 0.6813 0.1412 0.1273 0.0502 
        D962  5 0.8263 0.0201 0.0356 0.1180 
        D963  5 0.3495 0.1112 0.0505 0.4888 
        D964  5 0.2159 0.2654 0.3952 0.1235 
        D965  5 0.3421 0.2440 0.1561 0.2577 
        D966  5 0.4718 0.2465 0.0601 0.2216 
        D967  5 0.3230 0.3659 0.1596 0.1515 
        D991  5 0.3506 0.0861 0.2936 0.2698 
        D502  6 0.0815 0.4579 0.3634 0.0973 
        D503  6 0.0542 0.5983 0.3072 0.0403 
        D504  6 0.1359 0.1469 0.1389 0.5783 
        D505  6 0.5134 0.2149 0.1227 0.1490 
        D506  6 0.8954 0.0228 0.0374 0.0443 
        D507  6 0.1208 0.4996 0.2240 0.1555 
        D508  6 0.1419 0.1947 0.0977 0.5657 
        D529  6 0.2538 0.1579 0.3733 0.2150 
        D530  6 0.6943 0.1063 0.1624 0.0370 
        D531  6 0.2582 0.1546 0.1647 0.4225 
        D532  6 0.6173 0.0846 0.0666 0.2315 
        D534  6 0.0413 0.0589 0.8235 0.0763 
        D535  6 0.5868 0.0468 0.1106 0.2558 
        D536  6 0.0241 0.8625 0.0835 0.0299 
        D554  6 0.6837 0.0776 0.1645 0.0741 
        D587  6 0.6878 0.1071 0.0562 0.1490 
        D588  6 0.4853 0.0780 0.1086 0.3281 
        D589  6 0.1705 0.6202 0.1350 0.0743 
        D590  6 0.0431 0.8324 0.0790 0.0456 
        D591  6 0.2458 0.3691 0.2557 0.1294 
        D592  6 0.0715 0.0849 0.7590 0.0846 
        D593  6 0.8066 0.0706 0.0855 0.0372 
        D682  6 0.8530 0.0509 0.0480 0.0482 
        D683  6 0.2355 0.0428 0.1241 0.5976 
        D684  6 0.0241 0.4107 0.4872 0.0780 
        D685  6 0.2382 0.4160 0.3059 0.0399 
        D686  6 0.8704 0.0377 0.0458 0.0461 
        D724  6 0.0915 0.2038 0.2661 0.4386 
        D725  6 0.4590 0.3014 0.1311 0.1085 
        D726  6 0.8844 0.0304 0.0376 0.0475 
        D727  6 0.1397 0.4370 0.1406 0.2827 
        D728  6 0.8318 0.0410 0.0694 0.0578 
        D729  6 0.0370 0.1941 0.5581 0.2108 
        D730  6 0.0860 0.2933 0.2948 0.3259 
        D731  6 0.7074 0.2393 0.0278 0.0255 
        D732  6 0.1692 0.1197 0.1051 0.6061 
        D733  6 0.3032 0.1469 0.2357 0.3141 
     D237251  7 0.2417 0.5941 0.0727 0.0915 
     D237252  7 0.0663 0.3898 0.4317 0.1123 
     D237253  7 0.2996 0.4829 0.1092 0.1083 
     D237254  7 0.0236 0.0295 0.9149 0.0319 
     D237255  7 0.1018 0.8066 0.0447 0.0469 
     D237256  7 0.1081 0.6716 0.0571 0.1632 
     D237257  7 0.0806 0.1517 0.6455 0.1222 
     D237282  7 0.0437 0.0913 0.0959 0.7691 
     D237283  7 0.0366 0.0598 0.8851 0.0185 
     D237284  7 0.0295 0.0507 0.8505 0.0693 
     D237285  7 0.5792 0.2200 0.1065 0.0942 
     D237286  7 0.2353 0.2034 0.1364 0.4248 
     D237287  7 0.0795 0.5393 0.1380 0.2433 
     D244006  7 0.0229 0.0296 0.9029 0.0446 
     D244007  7 0.0654 0.5244 0.1415 0.2687 
     D244008  7 0.0760 0.0323 0.8630 0.0286 
     D244009  7 0.1741 0.0512 0.5714 0.2034 
     D244010  7 0.0949 0.1907 0.6000 0.1145 
     D244011  7 0.3648 0.3498 0.1776 0.1078 
     D244012  7 0.0948 0.4486 0.2550 0.2016 
     D244013  7 0.2280 0.4271 0.0766 0.2682 
     D244014  7 0.1175 0.4310 0.3286 0.1229 
     D244015  7 0.0590 0.1126 0.6438 0.1846 
     D244125  7 0.3206 0.3557 0.0767 0.2470 
     D244126  7 0.0182 0.0293 0.9238 0.0287 
     D244130  7 0.1875 0.1840 0.4052 0.2233 
     D244131  7 0.2729 0.1067 0.2025 0.4178 
     D244132  7 0.4809 0.0381 0.0536 0.4274 
        D520  7 0.3804 0.0539 0.4755 0.0902 
        D521  7 0.2158 0.1354 0.2534 0.3953 
        D522  7 0.0905 0.0817 0.5269 0.3009 
        D523  7 0.0865 0.7973 0.0555 0.0607 
        D524  7 0.2308 0.4315 0.1980 0.1397 
        D525  7 0.0502 0.3058 0.5753 0.0688 
        D526  7 0.0234 0.0497 0.8713 0.0556 
        D527  7 0.1401 0.2015 0.2080 0.4504 
        D528  7 0.0255 0.0163 0.7559 0.2023 
        D558  7 0.0488 0.2001 0.1879 0.5632 
        D559  7 0.0320 0.2227 0.1270 0.6183 
        D640  7 0.4615 0.2512 0.0858 0.2015 
        D641  7 0.5034 0.2586 0.1871 0.0509 
        D642  7 0.0969 0.2403 0.5592 0.1035 
        D644  7 0.3839 0.1825 0.2943 0.1393 
        D645  7 0.2233 0.4135 0.2251 0.1381 
        D662  7 0.1909 0.0255 0.5308 0.2527 
        D687  7 0.1178 0.4673 0.1515 0.2634 
        D688  7 0.0498 0.1809 0.2108 0.5586 
        D689  7 0.3649 0.2201 0.1193 0.2956 
        D700  7 0.0197 0.0299 0.7266 0.2238 
        D797  7 0.2354 0.2845 0.1642 0.3159 
        D798  7 0.0809 0.0483 0.7083 0.1625 
        D799  7 0.0763 0.6577 0.1608 0.1052 
        D800  7 0.0537 0.1913 0.1123 0.6428 
        D132  8 0.0480 0.0271 0.8839 0.0410 
        D133  8 0.0240 0.8953 0.0542 0.0265 
        D200  8 0.2666 0.2825 0.1576 0.2933 
        D500  8 0.0432 0.0217 0.9018 0.0334 
        D614  8 0.6275 0.0618 0.1679 0.1428 
        D723  8 0.1071 0.1555 0.2947 0.4427 
        D888  8 0.0595 0.8033 0.0401 0.0971 
        D901  8 0.1024 0.1235 0.7479 0.0261 
        D902  8 0.7873 0.0576 0.0959 0.0591 
        D903  8 0.1923 0.0824 0.0529 0.6725 
        D904  8 0.1281 0.1276 0.1810 0.5632 
        D905  8 0.1861 0.7528 0.0320 0.0292 
        D906  8 0.0523 0.6306 0.1448 0.1723 
        D937  8 0.8839 0.0488 0.0444 0.0228 
        D943  8 0.0659 0.2430 0.4720 0.2191 
        D972  8 0.1140 0.1170 0.4082 0.3609 
        D973  8 0.0691 0.0362 0.1556 0.7391 
        D974  8 0.3596 0.1990 0.2646 0.1768 
        D975  8 0.3644 0.1992 0.1796 0.2568 
        D976  8 0.3485 0.2900 0.2710 0.0906 
        D201  9 0.0899 0.5909 0.1415 0.1777 
        D202  9 0.2497 0.5062 0.1982 0.0460 
     D237259  9 0.0379 0.1649 0.4275 0.3697 
     D237260  9 0.0729 0.6444 0.2526 0.0302 
     D237262  9 0.0365 0.0206 0.8962 0.0467 
     D237263  9 0.0532 0.2762 0.5439 0.1267 
     D237264  9 0.2448 0.1850 0.4195 0.1507 
     D237265  9 0.0599 0.8302 0.0822 0.0277 
     D237266  9 0.0287 0.7050 0.2006 0.0657 
     D237267  9 0.5334 0.1057 0.2901 0.0709 
     D237268  9 0.1552 0.0798 0.5879 0.1770 
     D237289  9 0.3675 0.5067 0.0942 0.0316 
     D237290  9 0.0385 0.8846 0.0461 0.0308 
     D237291  9 0.1023 0.7629 0.0915 0.0433 
     D237292  9 0.0399 0.6303 0.2931 0.0366 
     D237293  9 0.4011 0.1504 0.2872 0.1613 
     D237294  9 0.1222 0.3081 0.5278 0.0419 
     D237295  9 0.2694 0.0482 0.3098 0.3727 
     D237296  9 0.2716 0.2288 0.3593 0.1403 
     D237297  9 0.7623 0.0928 0.0568 0.0880 
     D237298  9 0.0783 0.2488 0.2227 0.4502 
     D237341  9 0.1099 0.4784 0.1627 0.2491 
     D237342  9 0.1256 0.0979 0.6998 0.0768 
     D237343  9 0.0541 0.4360 0.3988 0.1110 
     D237344  9 0.6234 0.2160 0.0931 0.0675 
     D237345  9 0.0267 0.0555 0.8686 0.0492 
     D237346  9 0.2580 0.5572 0.1185 0.0664 
     D237347  9 0.5160 0.2142 0.0955 0.1743 
     D237348  9 0.2791 0.2595 0.2948 0.1666 
     D237349  9 0.0363 0.4001 0.2338 0.3298 
     D244109  9 0.0180 0.7214 0.1489 0.1117 
     D244110  9 0.0315 0.7920 0.0974 0.0791 
     D244111  9 0.1600 0.3781 0.1914 0.2704 
     D244128  9 0.0506 0.0721 0.8273 0.0500 
     D244137  9 0.0719 0.0785 0.1408 0.7088 
     D244138  9 0.2182 0.4963 0.2186 0.0670 
        D580  9 0.1080 0.0303 0.7836 0.0780 
        D581  9 0.0267 0.8910 0.0526 0.0297 
        D582  9 0.0387 0.0212 0.9127 0.0274 
        D583  9 0.0267 0.8687 0.0814 0.0233 
        D584  9 0.5872 0.0746 0.3050 0.0332 
        D585  9 0.0414 0.2331 0.6696 0.0559 
        D586  9 0.0902 0.8125 0.0435 0.0538 
        D651  9 0.1932 0.1928 0.1087 0.5053 
        D652  9 0.0347 0.1693 0.4592 0.3368 
        D653  9 0.0947 0.4538 0.1077 0.3438 
        D654  9 0.0638 0.3386 0.1653 0.4324 
        D655  9 0.4032 0.3600 0.0832 0.1536 
        D656  9 0.0609 0.0464 0.8394 0.0533 
        D657  9 0.1702 0.2459 0.3975 0.1863 
        D667  9 0.6777 0.1937 0.0506 0.0780 
        D668  9 0.2170 0.2695 0.4251 0.0884 
        D669  9 0.0714 0.7062 0.1401 0.0823 
        D670  9 0.1020 0.1033 0.1221 0.6727 
        D671  9 0.0714 0.7707 0.0973 0.0606 
        D672  9 0.0539 0.1171 0.7801 0.0490 
        D673  9 0.3973 0.1662 0.2455 0.1910 
        D692  9 0.0437 0.2617 0.6456 0.0489 
        D693  9 0.3828 0.1423 0.3094 0.1655 
        D694  9 0.0828 0.0822 0.8051 0.0299 
        D695  9 0.1223 0.1127 0.4753 0.2897 
        D696  9 0.9332 0.0216 0.0212 0.0240 
        D697  9 0.5671 0.1989 0.1187 0.1153 
        D698  9 0.4012 0.4570 0.0973 0.0444 
        D699  9 0.7456 0.1268 0.0973 0.0303 
        D787  9 0.0531 0.1963 0.3019 0.4487 
        D788  9 0.7977 0.0368 0.1053 0.0602 
        D789  9 0.3858 0.2217 0.3329 0.0596 
        D790  9 0.1479 0.3339 0.3082 0.2100 
        D791  9 0.2500 0.6124 0.0936 0.0439 
        D792  9 0.0589 0.2756 0.2396 0.4259 
        D793  9 0.6020 0.1289 0.0722 0.1969 
        D794  9 0.3864 0.1840 0.1219 0.3077 
        D795  9 0.1844 0.0744 0.7164 0.0249 
        D796  9 0.1793 0.5991 0.1641 0.0575 
        D142 10 0.5316 0.1896 0.0874 0.1914 
        D143 10 0.0961 0.8009 0.0536 0.0494 
        D144 10 0.3663 0.1329 0.2793 0.2215 
        D145 10 0.0411 0.8380 0.0597 0.0612 
        D146 10 0.1230 0.0493 0.7269 0.1008 
        D147 10 0.1270 0.1707 0.4364 0.2659 
        D148 10 0.1533 0.0596 0.6142 0.1730 
        D149 10 0.0464 0.8069 0.0624 0.0843 
        D151 10 0.0758 0.1100 0.7804 0.0339 
        D152 10 0.0257 0.9217 0.0258 0.0268 
        D153 10 0.2626 0.0400 0.1089 0.5886 
        D156 10 0.0538 0.0772 0.0344 0.8347 
        D157 10 0.6850 0.0841 0.1479 0.0829 
        D158 10 0.3372 0.3498 0.2665 0.0465 
        D159 10 0.0358 0.9044 0.0285 0.0313 
        D160 10 0.2720 0.6630 0.0468 0.0182 
        D161 10 0.2603 0.1820 0.1479 0.4098 
        D162 10 0.1569 0.1737 0.0354 0.6340 
        D169 10 0.0335 0.0485 0.8766 0.0414 
        D170 10 0.1274 0.0687 0.6913 0.1127 
        D171 10 0.6115 0.0769 0.1651 0.1464 
        D172 10 0.1449 0.2118 0.2173 0.4260 
        D173 10 0.0152 0.8669 0.0512 0.0666 
        D181 10 0.5707 0.1460 0.0680 0.2153 
        D182 10 0.0652 0.5765 0.2011 0.1572 
        D183 10 0.8204 0.0371 0.0648 0.0776 
        D184 10 0.0177 0.0165 0.8786 0.0873 
        D185 10 0.1475 0.0981 0.2231 0.5313 
        D186 10 0.0331 0.0628 0.8776 0.0265 
        D194 10 0.1363 0.0819 0.6267 0.1550 
        D195 10 0.3286 0.3816 0.0609 0.2289 
        D196 10 0.1360 0.2993 0.0295 0.5353 
        D197 10 0.0669 0.2082 0.6933 0.0316 
        D198 10 0.2676 0.0525 0.3575 0.3225 
     D237226 10 0.0357 0.6555 0.2354 0.0734 
     D237232 10 0.4083 0.3505 0.1658 0.0753 
     D237233 10 0.1606 0.7228 0.0853 0.0312 
     D237234 10 0.4781 0.2066 0.1110 0.2043 
     D237354 10 0.0305 0.9267 0.0189 0.0240 
     D237355 10 0.1081 0.7591 0.0911 0.0417 
     D237356 10 0.5265 0.0355 0.1606 0.2775 
     D237357 10 0.1062 0.5268 0.2724 0.0945 
     D237358 10 0.1047 0.1453 0.4424 0.3076 
     D237369 10 0.0218 0.0470 0.8655 0.0657 
     D237370 10 0.7741 0.1261 0.0579 0.0420 
     D237371 10 0.1007 0.0678 0.2429 0.5886 
     D237372 10 0.0399 0.4123 0.4606 0.0872 
     D237373 10 0.4694 0.3781 0.0746 0.0780 
     D237374 10 0.1757 0.7437 0.0481 0.0326 
     D237375 10 0.1136 0.3429 0.2493 0.2942 
     D237400 10 0.0300 0.9248 0.0198 0.0254 
     D244002 10 0.0365 0.0678 0.7823 0.1134 
     D244003 10 0.4340 0.4996 0.0497 0.0167 
     D244004 10 0.9167 0.0307 0.0383 0.0144 
     D244005 10 0.0541 0.5774 0.3200 0.0485 
     D244020 10 0.4613 0.1128 0.1247 0.3012 
     D244021 10 0.0774 0.2714 0.5724 0.0788 
     D244116 10 0.1420 0.1444 0.4947 0.2189 
     D244117 10 0.4377 0.4193 0.0660 0.0770 
     D244121 10 0.6583 0.2198 0.0858 0.0361 
     D244123 10 0.5082 0.2796 0.1025 0.1097 
     D244124 10 0.2039 0.3698 0.3776 0.0488 
        D332 10 0.0967 0.0680 0.0681 0.7672 
        D570 10 0.7815 0.0539 0.0630 0.1016 
        D602 10 0.0518 0.0632 0.0452 0.8398 
        D603 10 0.4189 0.2692 0.2202 0.0916 
        D604 10 0.1179 0.3900 0.0508 0.4413 
        D605 10 0.0779 0.1438 0.1058 0.6725 
        D606 10 0.2528 0.0360 0.6610 0.0502 
        D607 10 0.0381 0.0440 0.0362 0.8817 
        D608 10 0.0229 0.9130 0.0177 0.0464 
        D609 10 0.6231 0.0327 0.0977 0.2464 
        D610 10 0.4513 0.1754 0.2084 0.1648 
        D611 10 0.9364 0.0212 0.0194 0.0231 
        D613 10 0.2228 0.1226 0.0768 0.5778 
        D633 10 0.0312 0.1081 0.0744 0.7863 
        D634 10 0.6176 0.1371 0.1500 0.0953 
        D638 10 0.0552 0.8742 0.0361 0.0345 
        D681 10 0.4968 0.1477 0.2405 0.1151 
        D754 10 0.3584 0.1113 0.4971 0.0331 
        D755 10 0.4320 0.5069 0.0398 0.0213 
        D756 10 0.6264 0.1445 0.1803 0.0487 
        D757 10 0.0972 0.4465 0.2300 0.2264 
        D758 10 0.3056 0.1988 0.2673 0.2283 
        D759 10 0.4063 0.4996 0.0547 0.0393 
        D760 10 0.3516 0.3521 0.1477 0.1486 
        D761 10 0.0526 0.9060 0.0229 0.0185 
        D762 10 0.0908 0.0870 0.0863 0.7359 
        D775 10 0.6781 0.2240 0.0698 0.0281 
        D776 10 0.0827 0.8424 0.0516 0.0233 
        D777 10 0.5114 0.2566 0.1777 0.0542 
        D778 10 0.0463 0.7083 0.2142 0.0312 
        D779 10 0.5376 0.1708 0.2198 0.0718 
        D780 10 0.1325 0.5224 0.0892 0.2558 
        D781 10 0.1087 0.1555 0.0758 0.6600 
        D858 10 0.0185 0.0808 0.8809 0.0198 
        D933 10 0.3014 0.3307 0.0976 0.2703 
        D038 11 0.1347 0.5427 0.1610 0.1616 
        D063 11 0.3924 0.4281 0.0848 0.0948 
        D155 11 0.4796 0.3303 0.0920 0.0981 
        D175 11 0.5695 0.0696 0.2927 0.0682 
        D176 11 0.1745 0.7447 0.0448 0.0361 
        D205 11 0.7472 0.0234 0.1860 0.0434 
     D237229 11 0.0416 0.3664 0.2838 0.3083 
     D237230 11 0.0389 0.1405 0.3187 0.5019 
     D237231 11 0.0337 0.0521 0.0264 0.8878 
     D237269 11 0.1024 0.3747 0.1145 0.4085 
     D237270 11 0.0368 0.1217 0.6939 0.1476 
     D237271 11 0.5528 0.0853 0.1208 0.2411 
     D237272 11 0.0428 0.1403 0.2738 0.5431 
     D237273 11 0.6665 0.1721 0.0727 0.0887 
     D237301 11 0.1423 0.0489 0.0469 0.7619 
     D237302 11 0.0966 0.2469 0.4693 0.1873 
     D237303 11 0.0298 0.1845 0.6155 0.1703 
     D237304 11 0.1655 0.1602 0.2115 0.4628 
     D237305 11 0.1186 0.1276 0.6967 0.0572 
     D237314 11 0.4455 0.2316 0.1558 0.1671 
     D237315 11 0.0624 0.0988 0.6996 0.1392 
     D237316 11 0.1033 0.0303 0.0348 0.8315 
     D237328 11 0.2610 0.0363 0.3707 0.3320 
     D237329 11 0.1400 0.4720 0.2972 0.0908 
     D237330 11 0.6775 0.1979 0.0666 0.0580 
     D237331 11 0.4258 0.2481 0.0918 0.2343 
     D237332 11 0.2552 0.0724 0.1213 0.5511 
     D237333 11 0.3554 0.5653 0.0310 0.0483 
     D237334 11 0.1072 0.0606 0.0723 0.7599 
     D237335 11 0.3250 0.0712 0.1936 0.4103 
     D237336 11 0.1520 0.5628 0.1725 0.1127 
     D237350 11 0.6416 0.1271 0.0652 0.1660 
     D237383 11 0.2250 0.3078 0.3976 0.0695 
     D237384 11 0.0822 0.0799 0.1877 0.6502 
     D237385 11 0.2116 0.2592 0.2250 0.3042 
     D237386 11 0.1368 0.1281 0.0877 0.6474 
     D237387 11 0.0938 0.0351 0.1379 0.7332 
     D237388 11 0.8159 0.0355 0.0433 0.1053 
        D239 11 0.4465 0.2765 0.0783 0.1987 
        D240 11 0.0373 0.8559 0.0785 0.0283 
        D241 11 0.0921 0.1125 0.4880 0.3074 
        D242 11 0.0851 0.2022 0.0988 0.6140 
        D243 11 0.4619 0.1956 0.1687 0.1738 
        D244 11 0.7144 0.0571 0.1385 0.0900 
