        D174  1 0.3902 0.0306 0.0707 0.0867 0.1443 0.0198 0.0785 0.0844 0.0586 0.0362 
        D199  1 0.1194 0.1387 0.0336 0.0919 0.0292 0.0340 0.1043 0.1081 0.1897 0.1510 
        D203  1 0.0652 0.0917 0.0718 0.0935 0.0965 0.0381 0.0648 0.0847 0.2449 0.1488 
        D204  1 0.0244 0.0187 0.0284 0.0302 0.0241 0.0999 0.0176 0.0237 0.7038 0.0291 
     D237366  1 0.0603 0.0489 0.0204 0.0471 0.1430 0.0817 0.4365 0.0552 0.0536 0.0532 
     D237367  1 0.0418 0.0207 0.0453 0.1048 0.0941 0.0437 0.1570 0.1243 0.2915 0.0768 
     D237368  1 0.1183 0.0278 0.0509 0.0314 0.0337 0.0450 0.4047 0.0828 0.1271 0.0782 
     D244101  1 0.0231 0.1295 0.0336 0.0384 0.0234 0.4126 0.0238 0.0937 0.1611 0.0607 
     D244102  1 0.0395 0.0609 0.1228 0.3353 0.0690 0.0886 0.0842 0.1002 0.0557 0.0439 
     D244103  1 0.0419 0.0307 0.0372 0.0639 0.3178 0.0325 0.1576 0.1578 0.1241 0.0364 
     D244104  1 0.1097 0.0492 0.0642 0.0160 0.0351 0.0318 0.0489 0.0447 0.5684 0.0321 
     D244105  1 0.0170 0.0314 0.0978 0.0267 0.3765 0.0280 0.1648 0.1765 0.0552 0.0262 
     D244106  1 0.4417 0.0408 0.0251 0.0680 0.1577 0.0286 0.0241 0.0691 0.0666 0.0784 
     D244107  1 0.0192 0.0288 0.1877 0.0181 0.0270 0.0895 0.3684 0.1130 0.0632 0.0851 
     D244108  1 0.2676 0.0441 0.3366 0.0832 0.0437 0.0379 0.0299 0.0653 0.0546 0.0371 
     D244113  1 0.3900 0.0169 0.0341 0.3195 0.0211 0.0724 0.0340 0.0530 0.0173 0.0417 
     D244114  1 0.0724 0.1258 0.0330 0.0631 0.2812 0.0408 0.0449 0.2298 0.0659 0.0432 
     D244115  1 0.2394 0.0444 0.1888 0.0496 0.0652 0.0254 0.0722 0.1726 0.1179 0.0245 
     D267365  1 0.1499 0.1896 0.0319 0.0611 0.0376 0.0403 0.0882 0.0828 0.2803 0.0382 
        D404  1 0.1927 0.0190 0.0347 0.5313 0.0428 0.0671 0.0207 0.0327 0.0218 0.0373 
        D405  1 0.0444 0.0392 0.0582 0.5223 0.0441 0.0354 0.0368 0.0635 0.0847 0.0713 
        D406  1 0.0498 0.0242 0.0931 0.0243 0.0310 0.0451 0.5925 0.0452 0.0745 0.0203 
        D407  1 0.0313 0.0253 0.0178 0.0329 0.0299 0.0182 0.1444 0.0339 0.5662 0.1002 
        D408  1 0.4032 0.1919 0.0764 0.1051 0.0303 0.0329 0.0258 0.0413 0.0702 0.0229 
        D409  1 0.0479 0.0413 0.0577 0.0425 0.2679 0.0316 0.1123 0.2695 0.0814 0.0480 
        D410  1 0.0296 0.0172 0.7286 0.0309 0.0224 0.0318 0.0340 0.0297 0.0622 0.0137 
        D421  1 0.0199 0.0177 0.0108 0.0097 0.0124 0.0121 0.0170 0.0172 0.8483 0.0350 
        D422  1 0.0155 0.0214 0.0301 0.0194 0.0526 0.0154 0.7092 0.0445 0.0616 0.0303 
        D423  1 0.0190 0.0176 0.5926 0.0265 0.0389 0.0176 0.0657 0.0463 0.1129 0.0629 
        D424  1 0.0395 0.0169 0.0262 0.0334 0.0597 0.0258 0.0614 0.1193 0.5962 0.0215 
        D425  1 0.0912 0.0792 0.0997 0.1117 0.0465 0.0288 0.0365 0.1385 0.3378 0.0300 
        D426  1 0.0233 0.1312 0.0242 0.0207 0.2293 0.0204 0.1265 0.3089 0.0815 0.0342 
        D427  1 0.1931 0.0290 0.0222 0.0112 0.0281 0.0163 0.0359 0.0304 0.2660 0.3678 
        D428  1 0.1607 0.0326 0.0788 0.1092 0.0230 0.0748 0.0909 0.0944 0.2918 0.0438 
        D429  1 0.1868 0.0605 0.0371 0.0690 0.1278 0.0323 0.0398 0.0943 0.3196 0.0329 
        D430  1 0.1574 0.1030 0.0333 0.1442 0.1851 0.0264 0.0446 0.1606 0.0726 0.0728 
        D491  1 0.5863 0.0489 0.0676 0.0465 0.0277 0.0319 0.0279 0.0388 0.1068 0.0176 
        D492  1 0.1307 0.0280 0.0515 0.1118 0.0632 0.0535 0.1084 0.1190 0.2833 0.0506 
        D537  1 0.0314 0.0166 0.0464 0.0532 0.0442 0.0456 0.0768 0.0563 0.5969 0.0327 
        D538  1 0.1088 0.0337 0.1194 0.1891 0.0505 0.0550 0.1201 0.1732 0.0601 0.0900 
        D539  1 0.1221 0.2361 0.0558 0.0872 0.2110 0.0574 0.0445 0.1134 0.0321 0.0403 
        D540  1 0.0318 0.0916 0.0795 0.0734 0.0773 0.0313 0.0687 0.2411 0.2794 0.0259 
        D541  1 0.0168 0.0220 0.0272 0.0135 0.0166 0.0204 0.0184 0.0226 0.8244 0.0180 
        D551  1 0.0385 0.1437 0.0278 0.0312 0.1638 0.0203 0.0731 0.2602 0.0876 0.1538 
        D552  1 0.1700 0.0581 0.2807 0.0195 0.0805 0.0610 0.0927 0.0901 0.1092 0.0382 
        D553  1 0.0217 0.0187 0.0192 0.0110 0.0186 0.0175 0.0188 0.0293 0.8320 0.0131 
        D615  1 0.0587 0.0502 0.1232 0.0756 0.0879 0.0265 0.0462 0.1111 0.3572 0.0634 
        D616  1 0.0580 0.0748 0.0855 0.0349 0.0985 0.0246 0.1005 0.1662 0.2641 0.0930 
        D621  1 0.0939 0.0286 0.2052 0.0555 0.0398 0.2667 0.2080 0.0578 0.0214 0.0231 
        D622  1 0.0462 0.0316 0.1678 0.0263 0.1121 0.0580 0.4252 0.0650 0.0418 0.0261 
        D623  1 0.2167 0.0552 0.0526 0.1778 0.0208 0.2041 0.0277 0.0545 0.0258 0.1649 
        D624  1 0.6978 0.0328 0.0201 0.0397 0.0347 0.0132 0.0334 0.0602 0.0492 0.0189 
        D625  1 0.0639 0.0236 0.0534 0.0293 0.0676 0.0512 0.0564 0.0775 0.5572 0.0199 
        D626  1 0.2761 0.0675 0.1708 0.0565 0.1034 0.0308 0.1126 0.0854 0.0629 0.0339 
        D627  1 0.0387 0.1581 0.0188 0.0221 0.2232 0.0215 0.1151 0.2843 0.0941 0.0239 
        D690  1 0.0610 0.0162 0.0704 0.0204 0.0218 0.0317 0.0450 0.0179 0.7040 0.0116 
        D691  1 0.0358 0.0325 0.0578 0.0181 0.1258 0.0257 0.5646 0.0317 0.0891 0.0189 
        D710  1 0.1544 0.0435 0.0982 0.0406 0.0300 0.1259 0.1462 0.1098 0.1913 0.0602 
        D711  1 0.0336 0.0210 0.0289 0.0529 0.0245 0.0386 0.0488 0.0390 0.6871 0.0256 
        D712  1 0.5099 0.0834 0.0569 0.0720 0.0367 0.0420 0.0742 0.0585 0.0317 0.0346 
        D713  1 0.1439 0.0245 0.0606 0.2313 0.0485 0.1108 0.1006 0.0830 0.1755 0.0214 
        D746  1 0.0282 0.0251 0.0533 0.0144 0.0476 0.0276 0.6398 0.0341 0.0896 0.0402 
        D747  1 0.0199 0.0256 0.0171 0.0164 0.0185 0.0329 0.0187 0.0190 0.8050 0.0269 
        D748  1 0.0417 0.0319 0.0959 0.0331 0.2732 0.0562 0.1807 0.0491 0.2214 0.0169 
        D749  1 0.1210 0.0342 0.0791 0.0767 0.0731 0.0808 0.2794 0.1770 0.0314 0.0473 
        D750  1 0.5621 0.0229 0.0753 0.0244 0.0358 0.0473 0.0476 0.0295 0.1315 0.0235 
        D763  1 0.0258 0.1915 0.0505 0.0424 0.0771 0.1736 0.1038 0.1487 0.0749 0.1118 
        D764  1 0.2118 0.0281 0.1010 0.0247 0.0370 0.0215 0.0775 0.0564 0.4250 0.0170 
        D765  1 0.0971 0.0367 0.5484 0.0499 0.0565 0.0185 0.0778 0.0641 0.0335 0.0174 
        D766  1 0.0330 0.0220 0.4261 0.0482 0.0590 0.1382 0.0857 0.0696 0.0873 0.0311 
        D767  1 0.0306 0.0321 0.0782 0.2655 0.0826 0.1665 0.1139 0.0766 0.0733 0.0806 
        D768  1 0.0139 0.0184 0.0197 0.0150 0.0223 0.0165 0.0238 0.0240 0.8235 0.0228 
        D811  1 0.0924 0.0308 0.1629 0.5197 0.0412 0.0236 0.0217 0.0578 0.0313 0.0187 
        D816  1 0.0377 0.0222 0.0295 0.0231 0.0208 0.0234 0.0262 0.0353 0.7610 0.0209 
        D825  1 0.1541 0.0250 0.3617 0.1387 0.0563 0.0238 0.0491 0.0900 0.0824 0.0190 
        D866  1 0.1646 0.3559 0.0793 0.0585 0.0554 0.0218 0.0321 0.0771 0.0464 0.1089 
        D867  1 0.0260 0.0225 0.0268 0.0416 0.0338 0.1098 0.6164 0.0488 0.0247 0.0497 
        D871  1 0.0689 0.0597 0.0342 0.0555 0.3305 0.0343 0.0730 0.2264 0.0994 0.0181 
        D872  1 0.0488 0.0283 0.1612 0.2314 0.0312 0.0401 0.0870 0.1312 0.1788 0.0621 
        D873  1 0.0169 0.0117 0.6955 0.0828 0.0218 0.0522 0.0422 0.0346 0.0097 0.0327 
        D874  1 0.0944 0.0320 0.0208 0.0386 0.0453 0.6274 0.0150 0.0329 0.0685 0.0252 
        D875  1 0.0287 0.0257 0.0830 0.0407 0.3744 0.0325 0.1646 0.1900 0.0446 0.0158 
        D876  1 0.1088 0.0666 0.0860 0.0295 0.0479 0.1184 0.0672 0.0859 0.3578 0.0320 
        D877  1 0.0629 0.0191 0.0222 0.7200 0.0260 0.0449 0.0127 0.0470 0.0235 0.0217 
        D892  1 0.1855 0.0228 0.0356 0.0498 0.2244 0.0355 0.1111 0.0489 0.2630 0.0234 
        D893  1 0.0193 0.0672 0.0452 0.0241 0.0558 0.0426 0.0734 0.0657 0.5774 0.0293 
        D894  1 0.0537 0.0310 0.0253 0.0335 0.1509 0.0306 0.0436 0.0689 0.5336 0.0289 
        D915  1 0.0539 0.0405 0.1369 0.0316 0.1374 0.0267 0.0762 0.0609 0.4020 0.0340 
        D916  1 0.0246 0.0173 0.0245 0.0122 0.0211 0.0147 0.0196 0.0208 0.8306 0.0147 
        D917  1 0.1941 0.1442 0.0387 0.0808 0.0327 0.1500 0.0603 0.1361 0.1035 0.0597 
        D925  1 0.0826 0.0381 0.5016 0.0353 0.0219 0.0171 0.0608 0.0413 0.1814 0.0198 
        D926  1 0.0665 0.0444 0.0446 0.0408 0.1207 0.0614 0.0690 0.1877 0.3401 0.0249 
        D927  1 0.0431 0.1380 0.0290 0.0462 0.0521 0.0365 0.0698 0.1537 0.1902 0.2415 
        D928  1 0.7152 0.0202 0.0442 0.0463 0.0131 0.0233 0.0130 0.0274 0.0818 0.0154 
        D929  1 0.0581 0.0233 0.0337 0.3062 0.0741 0.3318 0.0785 0.0424 0.0300 0.0219 
        D936  1 0.0251 0.1087 0.0421 0.0338 0.0561 0.1684 0.0305 0.0823 0.3987 0.0544 
        D938  1 0.0323 0.0183 0.1900 0.0240 0.0459 0.0631 0.5428 0.0363 0.0295 0.0178 
        D956  1 0.5369 0.0302 0.0492 0.1160 0.0868 0.0267 0.0236 0.0551 0.0385 0.0369 
        D957  1 0.0430 0.0252 0.3552 0.1529 0.0339 0.0640 0.0853 0.0819 0.1200 0.0386 
        D958  1 0.1362 0.0294 0.2231 0.0774 0.0450 0.0965 0.0776 0.1031 0.1852 0.0264 
        D959  1 0.0257 0.0152 0.0144 0.0265 0.0200 0.0131 0.1742 0.0524 0.5736 0.0849 
        D960  1 0.0650 0.0192 0.0957 0.0692 0.0506 0.0401 0.5296 0.0710 0.0366 0.0230 
        D989  1 0.5297 0.1007 0.0231 0.0517 0.0387 0.0228 0.0439 0.0756 0.0365 0.0775 
        D990  1 0.0741 0.1389 0.5396 0.0161 0.0375 0.0213 0.0417 0.0803 0.0185 0.0318 
        D023  2 0.0141 0.0160 0.0162 0.0115 0.0119 0.0187 0.8441 0.0195 0.0305 0.0176 
        D130  2 0.0184 0.0159 0.0234 0.1165 0.0589 0.0224 0.5699 0.0376 0.0955 0.0415 
        D131  2 0.0408 0.0989 0.0884 0.0399 0.1102 0.0556 0.0375 0.2749 0.2178 0.0360 
        D163  2 0.0473 0.0360 0.0453 0.0226 0.0294 0.0416 0.5713 0.0709 0.1207 0.0148 
        D164  2 0.0122 0.0133 0.3559 0.0175 0.0177 0.0181 0.0291 0.0240 0.0132 0.4991 
        D165  2 0.0225 0.0249 0.0241 0.0126 0.0190 0.0265 0.7935 0.0256 0.0258 0.0255 
        D166  2 0.0236 0.0462 0.0431 0.4320 0.1321 0.0666 0.0518 0.1174 0.0418 0.0455 
        D167  2 0.0285 0.0168 0.0145 0.0880 0.0162 0.0144 0.0174 0.0231 0.0149 0.7661 
        D192  2 0.0262 0.0245 0.0149 0.0246 0.0161 0.0203 0.0161 0.0162 0.0107 0.8304 
        D193  2 0.0780 0.0515 0.0405 0.4501 0.1332 0.0600 0.0248 0.1117 0.0240 0.0262 
        D206  2 0.0232 0.0350 0.0446 0.0527 0.0988 0.0371 0.0930 0.1755 0.0959 0.3442 
        D207  2 0.0242 0.0636 0.0181 0.1849 0.0537 0.0200 0.0225 0.0797 0.0327 0.5005 
        D208  2 0.1213 0.3178 0.0762 0.0810 0.0893 0.0495 0.0563 0.0790 0.0530 0.0766 
        D209  2 0.0283 0.0393 0.0706 0.0454 0.0322 0.1038 0.0528 0.1613 0.0326 0.4336 
        D210  2 0.3853 0.2126 0.0292 0.0282 0.0769 0.0383 0.0341 0.0556 0.0488 0.0910 
     D229599  2 0.0480 0.1505 0.0619 0.0502 0.0508 0.1626 0.1143 0.1428 0.1690 0.0500 
     D229600  2 0.0248 0.0300 0.0252 0.0606 0.0504 0.0253 0.3795 0.0626 0.0336 0.3080 
     D237227  2 0.3384 0.1217 0.1964 0.0262 0.0360 0.0248 0.0669 0.0903 0.0484 0.0509 
     D237228  2 0.1518 0.0679 0.4675 0.0650 0.0495 0.0165 0.0252 0.0980 0.0130 0.0456 
     D237258  2 0.0610 0.1363 0.0771 0.1171 0.0367 0.0528 0.1870 0.1273 0.0544 0.1503 
     D237310  2 0.0414 0.0260 0.3905 0.2166 0.1314 0.0329 0.0317 0.0681 0.0137 0.0477 
     D237311  2 0.0308 0.0327 0.4741 0.0734 0.0886 0.0209 0.0534 0.0525 0.0138 0.1600 
     D237312  2 0.0434 0.0234 0.1733 0.2046 0.3353 0.0500 0.0636 0.0569 0.0271 0.0224 
     D237313  2 0.0826 0.0776 0.2227 0.0409 0.1170 0.0643 0.0482 0.1998 0.1240 0.0229 
     D237322  2 0.0728 0.1721 0.1183 0.1040 0.0984 0.1107 0.0377 0.1914 0.0243 0.0703 
     D237323  2 0.1616 0.0677 0.4226 0.0776 0.0615 0.0296 0.0746 0.0568 0.0176 0.0304 
     D237324  2 0.0183 0.0950 0.0476 0.0258 0.0434 0.0378 0.2231 0.2890 0.0622 0.1578 
     D237325  2 0.0729 0.0289 0.2822 0.0806 0.2001 0.0599 0.0969 0.0883 0.0269 0.0634 
     D237326  2 0.0685 0.0348 0.5720 0.0315 0.0421 0.0485 0.0506 0.0590 0.0536 0.0394 
     D237327  2 0.0308 0.3323 0.0243 0.0345 0.0899 0.0976 0.0966 0.1742 0.0414 0.0784 
     D237337  2 0.0320 0.0257 0.6996 0.0334 0.0797 0.0177 0.0259 0.0448 0.0235 0.0178 
     D237338  2 0.1120 0.0831 0.1530 0.0374 0.1796 0.0907 0.1126 0.1100 0.0435 0.0779 
     D237339  2 0.0178 0.0390 0.0284 0.0454 0.0272 0.6370 0.0207 0.0658 0.0252 0.0938 
     D237340  2 0.1455 0.0436 0.2294 0.1353 0.0760 0.0389 0.0657 0.0592 0.0207 0.1857 
     D237389  2 0.0251 0.0191 0.4060 0.2098 0.1120 0.0362 0.0343 0.0503 0.0191 0.0880 
     D237390  2 0.0563 0.0530 0.2999 0.1166 0.2618 0.0464 0.0545 0.0527 0.0348 0.0241 
     D244017  2 0.1601 0.0438 0.0279 0.2316 0.0209 0.0244 0.0538 0.0820 0.0238 0.3318 
     D244112  2 0.0215 0.0176 0.0190 0.0395 0.0362 0.0143 0.0259 0.0267 0.0168 0.7824 
     D244118  2 0.0287 0.0267 0.0292 0.0324 0.0157 0.0314 0.2443 0.0265 0.0107 0.5544 
     D244119  2 0.5549 0.0329 0.0309 0.0299 0.0228 0.0134 0.0174 0.0241 0.0185 0.2552 
     D244120  2 0.0510 0.0699 0.0284 0.3079 0.0958 0.0665 0.0293 0.0453 0.0143 0.2916 
     D244122  2 0.0445 0.0258 0.0341 0.1005 0.0549 0.0301 0.0440 0.0429 0.0245 0.5987 
        D291  2 0.0239 0.5091 0.0370 0.0660 0.0365 0.0199 0.0890 0.1198 0.0583 0.0406 
        D292  2 0.0578 0.2464 0.0906 0.0638 0.0306 0.0434 0.0268 0.0887 0.1526 0.1993 
        D293  2 0.0176 0.0603 0.0219 0.0184 0.0247 0.1529 0.0161 0.0817 0.1178 0.4885 
        D322  2 0.0222 0.0420 0.0545 0.0280 0.0291 0.1918 0.0427 0.0671 0.0976 0.4251 
        D323  2 0.0470 0.0740 0.0722 0.2271 0.0639 0.1088 0.0402 0.1559 0.0451 0.1659 
        D324  2 0.0533 0.3922 0.0901 0.0288 0.0701 0.0332 0.0848 0.0886 0.1267 0.0323 
        D325  2 0.0130 0.0435 0.0184 0.0134 0.0460 0.0340 0.0221 0.0387 0.0348 0.7362 
        D326  2 0.0337 0.0314 0.0134 0.0171 0.0207 0.0153 0.0138 0.0285 0.8110 0.0151 
        D340  2 0.0192 0.0304 0.0219 0.0166 0.0233 0.0215 0.0167 0.0260 0.0291 0.7953 
        D341  2 0.0409 0.0447 0.0670 0.0286 0.2141 0.0423 0.0276 0.0495 0.0368 0.4484 
        D342  2 0.0207 0.0288 0.0979 0.0464 0.0830 0.0225 0.0887 0.0951 0.0186 0.4982 
        D343  2 0.0110 0.0158 0.0098 0.0096 0.0178 0.0173 0.0113 0.0157 0.0188 0.8729 
        D344  2 0.0252 0.0275 0.0460 0.1522 0.0566 0.4039 0.0197 0.1220 0.0982 0.0486 
        D345  2 0.0254 0.0486 0.3996 0.0268 0.0258 0.1925 0.0559 0.1146 0.0632 0.0475 
        D346  2 0.4185 0.1063 0.0712 0.0514 0.0812 0.0498 0.0267 0.0584 0.0622 0.0743 
        D351  2 0.0270 0.1639 0.0911 0.0640 0.0879 0.0857 0.0672 0.1629 0.2058 0.0445 
        D352  2 0.0437 0.0288 0.0402 0.0409 0.0299 0.6705 0.0224 0.0773 0.0194 0.0271 
        D353  2 0.0153 0.0371 0.0195 0.0363 0.0357 0.0671 0.0200 0.5680 0.1667 0.0342 
        D354  2 0.0366 0.0176 0.0540 0.0364 0.0200 0.7108 0.0192 0.0384 0.0500 0.0170 
        D362  2 0.0257 0.0292 0.0379 0.0319 0.0211 0.0230 0.0847 0.0385 0.6816 0.0265 
        D363  2 0.0421 0.0338 0.0423 0.0291 0.0178 0.0280 0.0545 0.0426 0.6835 0.0263 
        D364  2 0.0419 0.0258 0.0785 0.0362 0.0395 0.3846 0.0218 0.0884 0.2589 0.0244 
        D365  2 0.0194 0.0151 0.0160 0.0146 0.0183 0.0420 0.0130 0.0209 0.0227 0.8180 
        D369  2 0.1500 0.1773 0.1260 0.0488 0.0521 0.0238 0.0427 0.1017 0.1764 0.1013 
        D374  2 0.2801 0.0168 0.0342 0.5303 0.0222 0.0277 0.0168 0.0330 0.0210 0.0178 
        D375  2 0.0211 0.0141 0.0194 0.0387 0.0339 0.7646 0.0198 0.0491 0.0210 0.0183 
        D376  2 0.4097 0.0283 0.0502 0.2283 0.0533 0.0727 0.0229 0.0789 0.0169 0.0388 
        D377  2 0.0568 0.0620 0.2628 0.1462 0.1570 0.0549 0.0598 0.1146 0.0265 0.0594 
        D378  2 0.0267 0.0627 0.0407 0.0186 0.0381 0.2568 0.1025 0.0992 0.1005 0.2541 
        D379  2 0.0307 0.0309 0.0381 0.0334 0.0695 0.0440 0.0237 0.0954 0.6088 0.0255 
        D384  2 0.0391 0.0242 0.0215 0.0151 0.0256 0.0187 0.0138 0.0372 0.7900 0.0149 
        D385  2 0.0417 0.0209 0.0238 0.0346 0.0317 0.1219 0.0164 0.0312 0.0198 0.6579 
        D386  2 0.0199 0.0248 0.0383 0.0531 0.0426 0.4772 0.0698 0.1133 0.0689 0.0921 
        D391  2 0.0178 0.0246 0.0269 0.0238 0.0254 0.1360 0.0156 0.0366 0.0287 0.6644 
        D392  2 0.0535 0.0340 0.1040 0.0409 0.0303 0.0260 0.0467 0.0613 0.0708 0.5327 
        D393  2 0.0220 0.1700 0.0595 0.0190 0.0595 0.3565 0.0449 0.0710 0.1317 0.0659 
        D394  2 0.0448 0.0395 0.1282 0.0627 0.0742 0.1560 0.1875 0.1367 0.0709 0.0996 
        D395  2 0.0251 0.0311 0.0225 0.0408 0.0357 0.4153 0.0202 0.0744 0.0176 0.3172 
        D401  2 0.0338 0.0249 0.7191 0.0635 0.0273 0.0122 0.0180 0.0442 0.0238 0.0331 
        D402  2 0.0195 0.0738 0.0315 0.0257 0.0319 0.0973 0.0148 0.0248 0.0196 0.6612 
        D403  2 0.0289 0.0272 0.0274 0.0447 0.0824 0.1254 0.0708 0.3342 0.2224 0.0366 
        D415  2 0.0182 0.0183 0.0957 0.0315 0.0810 0.0359 0.0419 0.1478 0.4999 0.0298 
        D435  2 0.0216 0.0464 0.0425 0.0185 0.0434 0.0660 0.0332 0.0454 0.4989 0.1842 
        D436  2 0.0719 0.0284 0.0369 0.1154 0.1304 0.3340 0.0340 0.0664 0.1503 0.0322 
        D438  2 0.0241 0.0215 0.0153 0.0180 0.0210 0.0179 0.0185 0.0190 0.0158 0.8289 
        D439  2 0.0185 0.0241 0.0529 0.0162 0.0246 0.6390 0.0419 0.0992 0.0435 0.0401 
        D449  2 0.0328 0.0243 0.0229 0.0243 0.0495 0.0221 0.0392 0.1496 0.1089 0.5264 
        D450  2 0.1490 0.0659 0.0462 0.0658 0.1299 0.2263 0.0609 0.1245 0.1090 0.0224 
        D456  2 0.0237 0.0326 0.0184 0.0143 0.0279 0.0198 0.0170 0.0302 0.8036 0.0125 
        D462  2 0.0144 0.0187 0.0175 0.0190 0.0202 0.1357 0.0201 0.0296 0.0391 0.6856 
        D463  2 0.0350 0.0161 0.0221 0.0200 0.0233 0.0239 0.0142 0.0277 0.8046 0.0130 
        D464  2 0.0429 0.0218 0.0243 0.1555 0.0544 0.2094 0.0184 0.3308 0.0528 0.0897 
        D465  2 0.0224 0.0433 0.0903 0.0560 0.0460 0.0259 0.0321 0.0490 0.1908 0.4442 
        D473  2 0.4517 0.0477 0.1177 0.0605 0.0484 0.0921 0.0625 0.0600 0.0216 0.0379 
        D474  2 0.0408 0.1760 0.0507 0.0165 0.0298 0.0455 0.0587 0.0520 0.4836 0.0462 
        D476  2 0.0137 0.0232 0.0154 0.0146 0.0192 0.5505 0.2866 0.0253 0.0178 0.0338 
        D477  2 0.0455 0.0927 0.1807 0.0346 0.0572 0.2683 0.0288 0.0819 0.1840 0.0262 
        D478  2 0.0806 0.0624 0.0331 0.1183 0.0542 0.0920 0.3097 0.1509 0.0396 0.0593 
        D480  2 0.0936 0.0989 0.0304 0.0352 0.0870 0.2921 0.0238 0.1114 0.1396 0.0880 
        D481  2 0.0863 0.0532 0.0761 0.0441 0.0318 0.1908 0.1255 0.1094 0.2074 0.0754 
        D482  2 0.0808 0.1647 0.0931 0.0752 0.0708 0.2778 0.0538 0.1191 0.0227 0.0420 
        D483  2 0.0766 0.0246 0.0195 0.0171 0.0147 0.0162 0.0300 0.0278 0.0154 0.7581 
        D484  2 0.0253 0.0238 0.0169 0.0732 0.0188 0.7647 0.0168 0.0223 0.0142 0.0241 
        D510  2 0.4475 0.1554 0.0313 0.1512 0.0572 0.0317 0.0221 0.0529 0.0229 0.0279 
        D511  2 0.0220 0.0426 0.0336 0.0210 0.0276 0.6602 0.0488 0.0464 0.0537 0.0440 
        D512  2 0.0155 0.0364 0.3776 0.1292 0.0884 0.0304 0.0483 0.0922 0.0263 0.1558 
        D513  2 0.0646 0.0940 0.0431 0.0437 0.0591 0.0247 0.0338 0.1136 0.0747 0.4488 
        D635  2 0.0274 0.0351 0.0413 0.0218 0.0223 0.0282 0.5026 0.0633 0.2058 0.0521 
        D636  2 0.0245 0.0138 0.0663 0.0156 0.0157 0.0204 0.7660 0.0282 0.0285 0.0210 
        D637  2 0.0676 0.0542 0.0744 0.0803 0.2137 0.2025 0.0276 0.1102 0.0247 0.1447 
        D658  2 0.0817 0.0278 0.0554 0.0631 0.0775 0.1902 0.0223 0.0539 0.0212 0.4069 
        D659  2 0.0306 0.0626 0.0213 0.0259 0.0364 0.0631 0.0684 0.0575 0.5971 0.0371 
        D677  2 0.0205 0.0631 0.0707 0.0658 0.2701 0.0333 0.1146 0.0866 0.2105 0.0647 
        D678  2 0.0175 0.0268 0.0383 0.1470 0.0339 0.0258 0.0255 0.0715 0.0187 0.5950 
        D679  2 0.0549 0.1227 0.0546 0.0313 0.0896 0.0617 0.0489 0.1551 0.3262 0.0549 
        D719  2 0.2986 0.1530 0.0837 0.0285 0.0213 0.0559 0.0158 0.0589 0.1465 0.1378 
        D720  2 0.0674 0.0354 0.0355 0.0270 0.0353 0.0209 0.0244 0.0501 0.6774 0.0266 
        D721  2 0.0423 0.0298 0.0201 0.0132 0.0225 0.0299 0.7064 0.0381 0.0433 0.0544 
        D722  2 0.1675 0.0624 0.0914 0.4632 0.0238 0.0298 0.0230 0.0631 0.0303 0.0455 
        D734  2 0.1436 0.0397 0.0142 0.0246 0.0337 0.6175 0.0174 0.0321 0.0197 0.0574 
        D735  2 0.0953 0.0703 0.1677 0.0354 0.0633 0.1124 0.0486 0.1748 0.1633 0.0692 
        D736  2 0.1918 0.3834 0.0586 0.0331 0.0540 0.0631 0.0551 0.0604 0.0501 0.0502 
        D737  2 0.0414 0.0624 0.0388 0.0360 0.0289 0.1339 0.0473 0.0607 0.0159 0.5346 
        D807  2 0.1570 0.1918 0.0971 0.0698 0.0963 0.1031 0.0406 0.0747 0.1249 0.0448 
        D808  2 0.0285 0.0672 0.1756 0.0818 0.1545 0.0708 0.0766 0.1656 0.0654 0.1141 
        D817  2 0.0428 0.0844 0.1437 0.1269 0.0702 0.0805 0.0502 0.1237 0.2506 0.0269 
        D818  2 0.0256 0.1113 0.0213 0.0351 0.2121 0.0367 0.1459 0.1910 0.0480 0.1729 
        D819  2 0.0412 0.0501 0.3133 0.1074 0.0622 0.0356 0.0562 0.1544 0.1362 0.0434 
        D820  2 0.0245 0.0559 0.0157 0.0185 0.0399 0.0940 0.0242 0.0562 0.6334 0.0376 
        D895  2 0.0471 0.0323 0.1129 0.0364 0.0346 0.0619 0.1346 0.1478 0.3291 0.0634 
        D896  2 0.0356 0.0192 0.7475 0.0462 0.0443 0.0194 0.0212 0.0314 0.0193 0.0158 
        D897  2 0.0272 0.0542 0.0727 0.0427 0.1316 0.0469 0.0252 0.1073 0.0304 0.4617 
        D898  2 0.0482 0.1323 0.2586 0.1482 0.0744 0.0703 0.0386 0.1483 0.0492 0.0318 
        D918  2 0.0567 0.0571 0.1120 0.0507 0.2921 0.1057 0.1010 0.1395 0.0286 0.0566 
        D919  2 0.0245 0.0755 0.0252 0.0616 0.0352 0.3966 0.0577 0.1334 0.1073 0.0830 
        D920  2 0.0683 0.0324 0.0499 0.0455 0.0621 0.0538 0.5571 0.0523 0.0319 0.0467 
        D923  2 0.0246 0.0339 0.0253 0.0373 0.0426 0.1214 0.0328 0.0872 0.5556 0.0393 
        D930  2 0.0889 0.0665 0.1048 0.0736 0.1305 0.1460 0.0265 0.1264 0.1851 0.0517 
        D931  2 0.0467 0.0500 0.0430 0.0621 0.0569 0.2931 0.0383 0.0755 0.1917 0.1427 
        D968  2 0.0152 0.1029 0.0218 0.0371 0.0161 0.0313 0.0147 0.0380 0.0267 0.6960 
        D969  2 0.0604 0.1668 0.0652 0.0469 0.0525 0.0588 0.0405 0.1627 0.1636 0.1826 
        D977  2 0.0232 0.0285 0.0194 0.0249 0.0710 0.0398 0.0286 0.0528 0.0282 0.6834 
        D978  2 0.0482 0.2651 0.0308 0.1059 0.2022 0.0336 0.0266 0.1454 0.0263 0.1160 
        D211  3 0.0281 0.0387 0.0288 0.0235 0.2902 0.0327 0.4208 0.0577 0.0601 0.0195 
     D229639  3 0.0846 0.5280 0.0580 0.0431 0.0467 0.0273 0.0279 0.0548 0.0693 0.0602 
     D237212  3 0.0281 0.2081 0.0675 0.0492 0.1253 0.2609 0.0829 0.0732 0.0559 0.0488 
     D237213  3 0.0180 0.0619 0.2895 0.0822 0.2169 0.1158 0.0655 0.0720 0.0495 0.0288 
     D237214  3 0.0286 0.0140 0.0174 0.0189 0.0356 0.0181 0.7859 0.0411 0.0266 0.0139 
     D237215  3 0.0586 0.1301 0.0421 0.2544 0.0201 0.0178 0.0195 0.0556 0.0182 0.3837 
     D237216  3 0.0310 0.0376 0.0402 0.0270 0.1353 0.0401 0.0833 0.5159 0.0526 0.0370 
     D237217  3 0.0143 0.0815 0.0893 0.0163 0.2028 0.0252 0.1549 0.3023 0.0887 0.0246 
     D237218  3 0.0613 0.1787 0.0341 0.0169 0.3251 0.1586 0.0313 0.1016 0.0474 0.0450 
     D237219  3 0.0833 0.1510 0.2744 0.0327 0.1637 0.0178 0.0686 0.1338 0.0436 0.0311 
     D237382  3 0.1026 0.0324 0.1005 0.2852 0.1562 0.0446 0.0341 0.0999 0.0913 0.0531 
     D244127  3 0.0197 0.1053 0.4883 0.0433 0.0737 0.0339 0.0555 0.0882 0.0238 0.0683 
     D244129  3 0.0511 0.1180 0.1761 0.0562 0.1047 0.0893 0.1133 0.1274 0.0791 0.0850 
     D244133  3 0.1116 0.0694 0.1179 0.1510 0.0900 0.0161 0.0774 0.1383 0.0999 0.1285 
     D244134  3 0.1596 0.4724 0.1393 0.0180 0.0380 0.0248 0.0331 0.0598 0.0272 0.0278 
     D244135  3 0.0205 0.0258 0.0265 0.0234 0.0550 0.0238 0.6752 0.0441 0.0430 0.0627 
     D244136  3 0.1543 0.1121 0.0844 0.1085 0.0670 0.0290 0.0642 0.1287 0.1684 0.0834 
        D416  3 0.0346 0.0449 0.1589 0.0363 0.1458 0.0480 0.0857 0.1671 0.0698 0.2090 
        D417  3 0.0308 0.0207 0.0349 0.0268 0.2176 0.0304 0.0249 0.0603 0.5316 0.0220 
        D419  3 0.0649 0.1987 0.1489 0.0295 0.1309 0.0416 0.0643 0.1417 0.1005 0.0790 
        D565  3 0.7569 0.0551 0.0253 0.0171 0.0178 0.0198 0.0229 0.0258 0.0454 0.0139 
        D566  3 0.1930 0.3656 0.0672 0.0918 0.0305 0.0219 0.0381 0.0656 0.0644 0.0617 
        D567  3 0.0267 0.0323 0.1207 0.0414 0.0526 0.0755 0.0945 0.0889 0.4226 0.0448 
        D568  3 0.0181 0.0686 0.0799 0.0305 0.1247 0.1525 0.1226 0.1621 0.1119 0.1292 
        D569  3 0.0504 0.0468 0.0289 0.0920 0.0513 0.4546 0.0733 0.0898 0.0248 0.0882 
        D573  3 0.0305 0.4214 0.0364 0.0225 0.0298 0.0466 0.0239 0.1051 0.1607 0.1230 
        D574  3 0.3353 0.0744 0.0788 0.1275 0.0982 0.0373 0.0514 0.1120 0.0306 0.0545 
        D575  3 0.0826 0.1081 0.3794 0.0313 0.0766 0.0361 0.0898 0.0858 0.0625 0.0479 
        D576  3 0.0308 0.0896 0.0191 0.2579 0.0352 0.0217 0.0393 0.0410 0.0088 0.4566 
        D577  3 0.0395 0.0375 0.0300 0.0746 0.0690 0.0580 0.0827 0.0811 0.5023 0.0251 
        D578  3 0.0184 0.0223 0.0294 0.0261 0.0276 0.0137 0.7633 0.0399 0.0223 0.0370 
        D579  3 0.1389 0.1963 0.0711 0.0352 0.1112 0.1290 0.0514 0.0799 0.1320 0.0551 
        D660  3 0.0218 0.0351 0.0651 0.0886 0.0729 0.0383 0.0519 0.0706 0.0225 0.5332 
        D661  3 0.0178 0.1725 0.0320 0.0285 0.2841 0.0809 0.0528 0.1087 0.0260 0.1967 
        D663  3 0.0240 0.4887 0.0227 0.0967 0.0332 0.0399 0.0321 0.1276 0.0658 0.0694 
        D664  3 0.0707 0.0470 0.1377 0.0679 0.2178 0.0222 0.1231 0.1270 0.0216 0.1650 
        D665  3 0.0158 0.0334 0.1140 0.2172 0.1238 0.0999 0.0948 0.2419 0.0214 0.0376 
        D666  3 0.0882 0.0878 0.4678 0.0252 0.0912 0.0349 0.0410 0.0784 0.0610 0.0246 
        D009  4 0.0379 0.0249 0.0679 0.0570 0.2293 0.1268 0.1347 0.1639 0.1303 0.0273 
        D057  4 0.0290 0.0772 0.0183 0.0292 0.0366 0.3757 0.2010 0.0695 0.0380 0.1256 
        D109  4 0.0527 0.0284 0.5106 0.0473 0.0719 0.0304 0.0622 0.1352 0.0377 0.0236 
     D237222  4 0.1400 0.0335 0.0340 0.1046 0.0387 0.0377 0.4944 0.0504 0.0374 0.0292 
     D237223  4 0.1053 0.0687 0.0702 0.0513 0.3876 0.0608 0.0629 0.0982 0.0457 0.0494 
     D237224  4 0.0321 0.1495 0.0694 0.0485 0.0472 0.2153 0.0588 0.0904 0.0836 0.2052 
     D237225  4 0.0534 0.0703 0.0506 0.0559 0.1819 0.0985 0.0730 0.2492 0.1303 0.0368 
     D237299  4 0.0313 0.0462 0.0380 0.0534 0.6304 0.0243 0.0288 0.1065 0.0182 0.0228 
     D237300  4 0.0360 0.6492 0.0440 0.0237 0.0809 0.0271 0.0226 0.0539 0.0182 0.0444 
     D237306  4 0.4386 0.0326 0.0534 0.1015 0.1431 0.0539 0.0315 0.0566 0.0663 0.0225 
     D237307  4 0.1808 0.0719 0.0442 0.0788 0.0815 0.0231 0.0573 0.0997 0.3097 0.0531 
     D237308  4 0.0676 0.0357 0.0857 0.0485 0.0344 0.2105 0.0486 0.0671 0.0383 0.3637 
     D237309  4 0.0231 0.0534 0.0637 0.0896 0.1221 0.1140 0.1197 0.2491 0.1145 0.0508 
     D237317  4 0.2644 0.0677 0.0588 0.0741 0.0312 0.0479 0.0813 0.1910 0.1536 0.0301 
     D237318  4 0.0220 0.7490 0.0186 0.0364 0.0349 0.0152 0.0190 0.0318 0.0313 0.0418 
     D237319  4 0.0417 0.0470 0.0838 0.1158 0.2591 0.0342 0.1103 0.1923 0.0547 0.0612 
     D237320  4 0.0256 0.0779 0.0519 0.0213 0.5596 0.0228 0.0774 0.0458 0.0461 0.0717 
     D237321  4 0.0454 0.4673 0.0652 0.0541 0.0567 0.0261 0.0497 0.0794 0.0585 0.0977 
     D237397  4 0.1461 0.1374 0.0618 0.0592 0.2811 0.0278 0.0652 0.0882 0.0521 0.0810 
     D237398  4 0.0185 0.5683 0.0202 0.0275 0.0903 0.0606 0.0301 0.0897 0.0639 0.0309 
     D237399  4 0.1443 0.3105 0.0475 0.0518 0.1212 0.0554 0.0928 0.0755 0.0650 0.0360 
     D244001  4 0.0321 0.0288 0.0252 0.1184 0.0634 0.0680 0.3916 0.1195 0.0359 0.1170 
        D289  4 0.2116 0.1139 0.0351 0.0257 0.0760 0.2632 0.0615 0.0698 0.0777 0.0654 
        D290  4 0.0318 0.0825 0.0276 0.5038 0.0744 0.0430 0.0401 0.1063 0.0627 0.0277 
        D294  4 0.0410 0.0672 0.0247 0.1098 0.1387 0.2466 0.0605 0.1803 0.0932 0.0382 
        D295  4 0.0577 0.0598 0.1651 0.0692 0.2023 0.0795 0.0419 0.0807 0.2124 0.0315 
        D301  4 0.0538 0.0899 0.0668 0.1251 0.0581 0.0300 0.4378 0.0617 0.0217 0.0552 
        D302  4 0.0148 0.0214 0.0156 0.0448 0.0250 0.7388 0.0338 0.0361 0.0545 0.0152 
        D303  4 0.4962 0.0359 0.0778 0.0816 0.0524 0.0699 0.0347 0.0442 0.0421 0.0651 
        D304  4 0.0788 0.1820 0.0215 0.3106 0.0682 0.0388 0.0504 0.1423 0.0813 0.0260 
        D305  4 0.0140 0.0342 0.0343 0.0540 0.0415 0.3714 0.0348 0.2873 0.0204 0.1081 
        D306  4 0.0315 0.0240 0.0313 0.5435 0.0513 0.0262 0.0469 0.1748 0.0433 0.0271 
        D307  4 0.0839 0.0522 0.0408 0.0307 0.0334 0.0447 0.6345 0.0392 0.0176 0.0231 
        D327  4 0.0723 0.0458 0.0236 0.0535 0.0741 0.0435 0.0407 0.0752 0.5052 0.0662 
        D328  4 0.1418 0.0324 0.0555 0.1801 0.0681 0.3779 0.0349 0.0588 0.0223 0.0283 
        D329  4 0.0430 0.0950 0.0827 0.0621 0.0769 0.2102 0.0542 0.1681 0.0589 0.1489 
        D330  4 0.0185 0.0193 0.1409 0.0912 0.1369 0.0951 0.1034 0.1072 0.2207 0.0668 
        D331  4 0.0734 0.1739 0.0587 0.2547 0.0551 0.0300 0.0708 0.1246 0.1242 0.0347 
        D333  4 0.0949 0.0865 0.0796 0.1219 0.1384 0.1684 0.0707 0.0868 0.0714 0.0813 
        D334  4 0.5232 0.0529 0.0239 0.0429 0.0762 0.0640 0.0652 0.0684 0.0629 0.0203 
        D335  4 0.0323 0.0299 0.0326 0.1358 0.0214 0.4726 0.0343 0.0493 0.1491 0.0427 
        D370  4 0.0480 0.0326 0.1848 0.4250 0.0305 0.0573 0.0422 0.0935 0.0439 0.0423 
        D371  4 0.6073 0.0340 0.0222 0.0551 0.0285 0.0269 0.0194 0.0449 0.1319 0.0298 
        D372  4 0.0246 0.4717 0.0303 0.1781 0.0514 0.0243 0.0194 0.1307 0.0143 0.0552 
        D373  4 0.0212 0.0816 0.0266 0.0285 0.0291 0.0533 0.5950 0.0580 0.0383 0.0684 
        D455  4 0.0305 0.0516 0.0297 0.0315 0.0279 0.0813 0.6528 0.0307 0.0323 0.0318 
        D490  4 0.0238 0.0179 0.0225 0.0259 0.1290 0.0293 0.6881 0.0264 0.0255 0.0115 
        D497  4 0.0227 0.0443 0.0359 0.0282 0.1167 0.0711 0.5666 0.0796 0.0182 0.0167 
        D498  4 0.0771 0.0862 0.0933 0.4292 0.0435 0.0250 0.0487 0.1013 0.0558 0.0398 
        D499  4 0.1166 0.0987 0.0769 0.0775 0.1628 0.1235 0.0210 0.1290 0.0220 0.1721 
        D514  4 0.0173 0.0573 0.0693 0.2314 0.0715 0.1247 0.0526 0.1122 0.2349 0.0288 
        D515  4 0.0376 0.0216 0.0379 0.0756 0.6103 0.0488 0.0422 0.0487 0.0450 0.0325 
        D516  4 0.0539 0.0906 0.2521 0.0615 0.1403 0.0253 0.0494 0.1142 0.1489 0.0638 
        D517  4 0.0245 0.0644 0.0449 0.0247 0.0628 0.0335 0.4704 0.1618 0.0656 0.0474 
        D518  4 0.0762 0.0188 0.0181 0.0528 0.0361 0.5254 0.1714 0.0413 0.0291 0.0308 
        D519  4 0.0211 0.0454 0.0267 0.0155 0.7397 0.0170 0.0525 0.0277 0.0313 0.0230 
        D560  4 0.0165 0.0334 0.0229 0.0272 0.6880 0.0278 0.0318 0.0463 0.0644 0.0417 
        D561  4 0.0204 0.0265 0.0485 0.0423 0.1171 0.0973 0.2017 0.3028 0.0800 0.0635 
        D562  4 0.0611 0.0620 0.0428 0.1028 0.0967 0.1409 0.2610 0.1190 0.0541 0.0595 
        D563  4 0.0187 0.0493 0.0494 0.0519 0.0653 0.1633 0.0604 0.1140 0.0235 0.4043 
        D572  4 0.0351 0.0248 0.0218 0.0472 0.0462 0.6396 0.0653 0.0421 0.0493 0.0286 
        D629  4 0.0265 0.0937 0.0543 0.0273 0.0875 0.0871 0.3479 0.0690 0.1761 0.0305 
        D630  4 0.0498 0.0759 0.0309 0.1573 0.2104 0.0981 0.1773 0.0973 0.0692 0.0338 
        D631  4 0.0255 0.0344 0.0209 0.0285 0.0628 0.6527 0.0340 0.0551 0.0204 0.0657 
        D632  4 0.0231 0.0184 0.0966 0.0448 0.0346 0.1993 0.3168 0.0560 0.0439 0.1666 
        D646  4 0.0296 0.0506 0.1102 0.0318 0.3627 0.0549 0.0431 0.1014 0.1625 0.0532 
        D647  4 0.0172 0.0565 0.0637 0.0662 0.1365 0.0760 0.1065 0.0785 0.3380 0.0609 
        D648  4 0.0632 0.0163 0.0215 0.4646 0.0472 0.2884 0.0236 0.0292 0.0204 0.0256 
        D649  4 0.0258 0.0342 0.3025 0.0273 0.0614 0.2087 0.0638 0.0604 0.1930 0.0229 
        D650  4 0.0888 0.0800 0.0668 0.0550 0.2647 0.0990 0.0714 0.0918 0.1581 0.0243 
        D708  4 0.1929 0.0819 0.0544 0.0709 0.1364 0.2225 0.0463 0.1200 0.0429 0.0319 
        D709  4 0.0296 0.0260 0.1218 0.5696 0.0284 0.0503 0.0174 0.1048 0.0236 0.0284 
        D738  4 0.4595 0.0539 0.1019 0.0434 0.0947 0.0275 0.0540 0.0532 0.0957 0.0161 
        D739  4 0.0331 0.0424 0.0451 0.1657 0.2025 0.0561 0.2689 0.1234 0.0326 0.0301 
        D740  4 0.1341 0.0937 0.1294 0.0241 0.2143 0.0667 0.0498 0.1976 0.0233 0.0670 
        D741  4 0.0176 0.0380 0.0405 0.0249 0.5766 0.0313 0.0316 0.0835 0.0996 0.0564 
        D742  4 0.0834 0.1144 0.0408 0.0469 0.2377 0.0692 0.0519 0.1138 0.0310 0.2110 
        D743  4 0.0304 0.0452 0.0196 0.0240 0.0485 0.3671 0.0392 0.0417 0.3271 0.0571 
        D744  4 0.0194 0.0218 0.0241 0.0194 0.0377 0.7739 0.0262 0.0296 0.0179 0.0299 
        D745  4 0.0198 0.0264 0.0282 0.0174 0.7696 0.0242 0.0443 0.0335 0.0219 0.0146 
        D814  4 0.0238 0.0466 0.0155 0.0582 0.2396 0.0627 0.0719 0.1990 0.0451 0.2377 
        D815  4 0.0291 0.0528 0.0842 0.1901 0.0418 0.3560 0.0414 0.0635 0.1035 0.0376 
        D828  4 0.0402 0.0330 0.0290 0.6745 0.0529 0.0446 0.0222 0.0434 0.0125 0.0477 
        D845  4 0.0359 0.8014 0.0183 0.0145 0.0203 0.0285 0.0137 0.0279 0.0157 0.0239 
        D846  4 0.0118 0.0438 0.0250 0.0790 0.0404 0.2666 0.1529 0.1146 0.1049 0.1610 
        D847  4 0.1215 0.1133 0.0422 0.0411 0.1994 0.0480 0.2090 0.0931 0.0781 0.0544 
        D848  4 0.0201 0.1741 0.0187 0.0247 0.0165 0.0316 0.5820 0.0469 0.0157 0.0697 
        D849  4 0.0204 0.0278 0.0628 0.0878 0.3727 0.0483 0.1577 0.1391 0.0511 0.0322 
        D850  4 0.0760 0.2054 0.0498 0.0263 0.0757 0.0592 0.2260 0.1536 0.0999 0.0281 
        D856  4 0.0574 0.0459 0.1891 0.1710 0.1230 0.0465 0.0501 0.2439 0.0426 0.0305 
        D857  4 0.0334 0.0186 0.4767 0.2295 0.0305 0.0200 0.0435 0.0398 0.0109 0.0972 
        D859  4 0.0259 0.0807 0.0306 0.0468 0.1330 0.4946 0.0277 0.0596 0.0680 0.0331 
        D860  4 0.3529 0.2337 0.0410 0.0310 0.0267 0.0845 0.0367 0.0493 0.0805 0.0637 
        D883  4 0.0748 0.0753 0.1033 0.1069 0.0802 0.0660 0.1786 0.0915 0.1912 0.0322 
        D884  4 0.0620 0.0266 0.1094 0.0545 0.5402 0.0554 0.0350 0.0379 0.0624 0.0165 
        D885  4 0.0264 0.1447 0.0460 0.0201 0.3846 0.0483 0.0405 0.1315 0.0893 0.0685 
        D886  4 0.0308 0.0477 0.1031 0.1976 0.0878 0.0602 0.1947 0.0884 0.1317 0.0580 
        D887  4 0.0678 0.1429 0.0581 0.0800 0.1769 0.1065 0.0477 0.1147 0.0823 0.1231 
        D889  4 0.0194 0.5194 0.0146 0.2105 0.0565 0.0471 0.0204 0.0578 0.0412 0.0131 
        D890  4 0.1168 0.0445 0.1713 0.1856 0.0492 0.0883 0.0981 0.1133 0.0437 0.0893 
        D891  4 0.0115 0.8796 0.0127 0.0118 0.0134 0.0129 0.0132 0.0160 0.0161 0.0127 
        D899  4 0.0681 0.1949 0.0451 0.1098 0.0443 0.0773 0.0348 0.0760 0.0317 0.3180 
        D900  4 0.0607 0.0554 0.0619 0.1523 0.0960 0.1249 0.1034 0.1418 0.1212 0.0823 
        D970  4 0.0527 0.1045 0.0429 0.0311 0.0706 0.3392 0.0666 0.1121 0.1098 0.0703 
        D971  4 0.0546 0.0255 0.0694 0.0889 0.0220 0.1820 0.0343 0.0812 0.0663 0.3758 
        D979  4 0.0326 0.0461 0.0290 0.1085 0.0340 0.3313 0.0372 0.0626 0.2859 0.0328 
        D093  5 0.6503 0.0465 0.0282 0.0360 0.0738 0.0260 0.0281 0.0430 0.0406 0.0275 
        D154  5 0.0410 0.1307 0.0479 0.1065 0.3446 0.0372 0.0168 0.1628 0.0267 0.0859 
        D168  5 0.0155 0.0882 0.0980 0.0824 0.1994 0.0389 0.0922 0.1280 0.0515 0.2060 
        D189  5 0.3489 0.2081 0.0250 0.1492 0.0803 0.0432 0.0239 0.0525 0.0434 0.0255 
        D190  5 0.6147 0.0373 0.0652 0.0490 0.0476 0.0531 0.0208 0.0457 0.0328 0.0336 
     D237220  5 0.1157 0.1258 0.1161 0.0467 0.2208 0.0861 0.1247 0.1144 0.0279 0.0218 
     D237221  5 0.2395 0.2026 0.0922 0.0349 0.0788 0.0726 0.0366 0.0806 0.0566 0.1056 
     D237274  5 0.0190 0.0279 0.0887 0.1232 0.0243 0.2162 0.0265 0.0801 0.3399 0.0543 
     D237275  5 0.0292 0.0865 0.0512 0.2989 0.0365 0.0137 0.0208 0.0812 0.0191 0.3630 
     D237276  5 0.1422 0.0354 0.1207 0.0944 0.3166 0.0461 0.0567 0.0680 0.0760 0.0439 
     D237277  5 0.4622 0.1388 0.0828 0.0425 0.0676 0.0549 0.0187 0.0520 0.0290 0.0516 
     D237278  5 0.2101 0.0244 0.0703 0.0445 0.0595 0.0593 0.0641 0.0771 0.0685 0.3222 
     D237279  5 0.0251 0.0629 0.3195 0.0309 0.0404 0.1135 0.1042 0.2336 0.0452 0.0247 
     D237280  5 0.0664 0.0295 0.4601 0.0390 0.0449 0.0415 0.0797 0.1179 0.0968 0.0242 
     D237281  5 0.0347 0.5057 0.0256 0.0326 0.0308 0.0438 0.0198 0.0903 0.0532 0.1635 
     D237351  5 0.0514 0.0429 0.6707 0.0218 0.0871 0.0199 0.0276 0.0374 0.0242 0.0170 
     D237352  5 0.0626 0.0324 0.0555 0.1027 0.0249 0.2057 0.3148 0.0662 0.0730 0.0622 
     D237353  5 0.5367 0.1042 0.1550 0.0370 0.0252 0.0453 0.0143 0.0391 0.0219 0.0211 
     D237359  5 0.0555 0.1858 0.0613 0.0433 0.3273 0.0562 0.0828 0.1223 0.0345 0.0309 
     D237361  5 0.7509 0.0305 0.0497 0.0377 0.0227 0.0175 0.0159 0.0308 0.0256 0.0189 
     D237362  5 0.0989 0.1081 0.1653 0.0591 0.1325 0.0456 0.0392 0.1489 0.1415 0.0611 
     D237363  5 0.0436 0.0674 0.0523 0.0692 0.0795 0.0239 0.0314 0.4933 0.0375 0.1020 
     D237364  5 0.0144 0.0514 0.0358 0.0652 0.4832 0.0890 0.0674 0.0788 0.0375 0.0772 
     D237376  5 0.0389 0.0292 0.0232 0.7338 0.0396 0.0522 0.0144 0.0278 0.0143 0.0265 
     D237377  5 0.1065 0.0612 0.3956 0.0266 0.0288 0.0600 0.0487 0.1564 0.0723 0.0438 
     D237378  5 0.4067 0.0815 0.0324 0.1451 0.0823 0.0797 0.0311 0.0553 0.0283 0.0576 
     D237379  5 0.2392 0.0504 0.0262 0.1197 0.1525 0.2029 0.0538 0.0763 0.0354 0.0436 
     D237380  5 0.0553 0.0165 0.3925 0.2569 0.0387 0.0917 0.0375 0.0642 0.0254 0.0213 
     D237381  5 0.0563 0.0539 0.2296 0.1059 0.0385 0.1195 0.2107 0.0892 0.0414 0.0550 
     D237391  5 0.7276 0.0561 0.0312 0.0141 0.0450 0.0289 0.0220 0.0284 0.0257 0.0210 
     D237392  5 0.0248 0.0421 0.0960 0.1814 0.0517 0.0810 0.0378 0.0799 0.2160 0.1895 
     D237393  5 0.1681 0.0564 0.1718 0.0519 0.0298 0.0490 0.0554 0.0699 0.2953 0.0525 
     D237394  5 0.7642 0.0283 0.0518 0.0207 0.0211 0.0306 0.0235 0.0220 0.0245 0.0132 
     D237395  5 0.2333 0.0969 0.0886 0.1162 0.2287 0.0199 0.0436 0.0818 0.0390 0.0522 
     D237396  5 0.1357 0.0991 0.0824 0.0162 0.0296 0.0776 0.1445 0.1316 0.2199 0.0634 
     D244016  5 0.1496 0.1050 0.0927 0.0953 0.0488 0.2608 0.0248 0.1707 0.0212 0.0311 
     D244018  5 0.2022 0.1103 0.0431 0.0271 0.0472 0.0268 0.0490 0.1070 0.0856 0.3016 
     D244019  5 0.0423 0.1437 0.1229 0.1634 0.0661 0.0870 0.0261 0.1988 0.0655 0.0842 
        D279  5 0.0548 0.2234 0.0515 0.0278 0.3653 0.0554 0.0205 0.1176 0.0385 0.0452 
        D280  5 0.1166 0.2405 0.1012 0.0518 0.0678 0.0288 0.0933 0.2058 0.0597 0.0346 
        D281  5 0.0789 0.5478 0.0189 0.0617 0.0578 0.0369 0.0146 0.1002 0.0295 0.0538 
        D283  5 0.2218 0.2825 0.1049 0.0230 0.0416 0.0525 0.0293 0.1030 0.1106 0.0309 
        D284  5 0.0309 0.0813 0.0581 0.1469 0.1895 0.0401 0.1811 0.1806 0.0569 0.0346 
        D285  5 0.3541 0.2244 0.0521 0.0488 0.0724 0.0572 0.0243 0.0901 0.0583 0.0183 
        D286  5 0.1524 0.0669 0.0456 0.1488 0.2033 0.1232 0.0679 0.0918 0.0672 0.0329 
        D287  5 0.0819 0.0415 0.0414 0.5573 0.0607 0.0724 0.0409 0.0671 0.0174 0.0194 
        D288  5 0.0478 0.3868 0.1092 0.0336 0.0350 0.0249 0.0370 0.1363 0.1586 0.0308 
        D308  5 0.0289 0.0223 0.6998 0.0237 0.0382 0.0283 0.0226 0.0425 0.0729 0.0208 
        D309  5 0.0209 0.0147 0.0245 0.0229 0.0166 0.7862 0.0325 0.0441 0.0218 0.0158 
        D310  5 0.6072 0.0580 0.0264 0.0580 0.0345 0.0195 0.0129 0.1488 0.0192 0.0156 
        D311  5 0.0973 0.0576 0.0484 0.2212 0.1854 0.0757 0.0241 0.1531 0.1004 0.0369 
        D312  5 0.1446 0.0575 0.0480 0.1967 0.0788 0.1673 0.0892 0.0668 0.0999 0.0511 
        D313  5 0.0386 0.0153 0.4701 0.0129 0.0376 0.0136 0.3448 0.0338 0.0190 0.0143 
        D314  5 0.0490 0.0702 0.0858 0.0836 0.4206 0.0430 0.0336 0.1174 0.0273 0.0695 
        D315  5 0.2123 0.0496 0.0997 0.0777 0.0630 0.0547 0.0762 0.1121 0.1906 0.0640 
        D317  5 0.6865 0.0562 0.0237 0.0606 0.0279 0.0133 0.0257 0.0436 0.0471 0.0153 
        D318  5 0.0612 0.0489 0.0443 0.0909 0.1269 0.1412 0.1439 0.1664 0.0825 0.0938 
        D319  5 0.6577 0.0833 0.0740 0.0227 0.0477 0.0164 0.0132 0.0336 0.0293 0.0221 
        D320  5 0.5473 0.0969 0.0802 0.0512 0.0426 0.0550 0.0383 0.0448 0.0284 0.0154 
        D321  5 0.0518 0.1286 0.6146 0.0140 0.0276 0.0213 0.0302 0.0375 0.0629 0.0115 
        D336  5 0.4889 0.0259 0.0208 0.2961 0.0227 0.0288 0.0193 0.0584 0.0189 0.0203 
        D337  5 0.6224 0.1550 0.0241 0.0317 0.0192 0.0373 0.0154 0.0370 0.0316 0.0262 
        D338  5 0.0748 0.0911 0.0417 0.0270 0.3760 0.0404 0.0347 0.1261 0.1391 0.0491 
        D339  5 0.4174 0.1550 0.0669 0.0404 0.0856 0.0224 0.0224 0.1098 0.0419 0.0382 
        D347  5 0.0206 0.0390 0.0214 0.6759 0.0184 0.0376 0.0214 0.0623 0.0648 0.0386 
        D348  5 0.5506 0.0704 0.0199 0.0689 0.0190 0.1320 0.0191 0.0686 0.0267 0.0248 
