        D174  1 0.0161 0.0269 0.1178 0.0332 0.3456 0.0433 0.0625 0.0706 0.0827 0.0176 0.0778 0.1059 
        D199  1 0.0281 0.1312 0.1017 0.1051 0.1144 0.0789 0.1245 0.1113 0.0218 0.1144 0.0270 0.0416 
        D203  1 0.0391 0.1137 0.1253 0.1904 0.0458 0.0501 0.0520 0.0809 0.0765 0.0810 0.0180 0.1273 
        D204  1 0.0888 0.0304 0.0231 0.6920 0.0156 0.0199 0.0263 0.0219 0.0237 0.0160 0.0226 0.0198 
     D237366  1 0.0703 0.0337 0.1883 0.0290 0.0497 0.3437 0.0401 0.0590 0.0185 0.0303 0.0189 0.1185 
     D237367  1 0.0339 0.0759 0.1089 0.1495 0.0337 0.1470 0.0452 0.1327 0.0541 0.0138 0.0954 0.1100 
     D237368  1 0.0592 0.0695 0.1285 0.1485 0.1060 0.2915 0.0219 0.0635 0.0416 0.0210 0.0256 0.0231 
     D244101  1 0.4742 0.0755 0.0343 0.0837 0.0158 0.0204 0.0221 0.0859 0.0237 0.1097 0.0224 0.0324 
     D244102  1 0.0483 0.0358 0.0897 0.0597 0.0298 0.1140 0.2753 0.0726 0.1234 0.0487 0.0616 0.0409 
     D244103  1 0.0355 0.0306 0.3073 0.0981 0.0290 0.0684 0.0566 0.1236 0.0304 0.0229 0.0727 0.1249 
     D244104  1 0.0200 0.0300 0.0254 0.6522 0.0431 0.0290 0.0116 0.0240 0.0141 0.0255 0.0992 0.0259 
     D244105  1 0.0155 0.0193 0.0932 0.0184 0.0133 0.1854 0.0210 0.1066 0.0591 0.0249 0.0272 0.4162 
     D244106  1 0.0179 0.0652 0.0866 0.0646 0.4324 0.0165 0.0573 0.0436 0.0216 0.0368 0.0182 0.1392 
     D244107  1 0.0661 0.0851 0.1618 0.0265 0.0139 0.2630 0.0157 0.1212 0.1309 0.0191 0.0388 0.0580 
     D244108  1 0.0293 0.0250 0.0260 0.0294 0.2755 0.0388 0.0510 0.0387 0.3720 0.0383 0.0329 0.0430 
     D244113  1 0.0543 0.0339 0.0324 0.0120 0.2241 0.0235 0.4310 0.0460 0.0263 0.0165 0.0854 0.0144 
     D244114  1 0.0296 0.0341 0.1166 0.0241 0.0517 0.0284 0.0499 0.1337 0.0264 0.0922 0.0245 0.3889 
     D244115  1 0.0256 0.0198 0.0509 0.1761 0.1976 0.0527 0.0503 0.1335 0.1850 0.0361 0.0414 0.0310 
     D267365  1 0.0390 0.0205 0.0694 0.2352 0.1211 0.0975 0.0560 0.0733 0.0335 0.1904 0.0359 0.0281 
        D404  1 0.0619 0.0296 0.0531 0.0198 0.1457 0.0179 0.5080 0.0361 0.0500 0.0178 0.0332 0.0271 
        D405  1 0.0335 0.0489 0.0305 0.0765 0.0242 0.0283 0.5812 0.0402 0.0331 0.0279 0.0366 0.0390 
        D406  1 0.0353 0.0139 0.0328 0.0455 0.0396 0.6250 0.0192 0.0306 0.1002 0.0174 0.0134 0.0269 
        D407  1 0.0171 0.0736 0.1605 0.4372 0.0249 0.0550 0.0213 0.0644 0.0177 0.0181 0.0555 0.0548 
        D408  1 0.0368 0.0130 0.0475 0.0505 0.2819 0.0186 0.0613 0.0585 0.0415 0.1213 0.2532 0.0159 
        D409  1 0.0302 0.0330 0.4475 0.0961 0.0291 0.0448 0.0378 0.1568 0.0309 0.0321 0.0319 0.0298 
        D410  1 0.0304 0.0104 0.0231 0.0461 0.0195 0.0186 0.0188 0.0242 0.7581 0.0130 0.0166 0.0213 
        D421  1 0.0085 0.0293 0.0169 0.8564 0.0134 0.0106 0.0078 0.0124 0.0078 0.0117 0.0121 0.0132 
        D422  1 0.0151 0.0230 0.1446 0.0574 0.0107 0.5643 0.0165 0.0280 0.0171 0.0211 0.0129 0.0893 
        D423  1 0.0115 0.0499 0.0450 0.0446 0.0168 0.0356 0.0259 0.0287 0.6464 0.0120 0.0134 0.0701 
        D424  1 0.0206 0.0138 0.0413 0.5522 0.0375 0.0687 0.0220 0.1347 0.0170 0.0111 0.0276 0.0534 
        D425  1 0.0257 0.0201 0.0978 0.1884 0.0698 0.0251 0.1247 0.1428 0.0966 0.0444 0.0531 0.1114 
        D426  1 0.0153 0.0220 0.3742 0.0403 0.0188 0.0404 0.0168 0.2415 0.0095 0.1005 0.0828 0.0380 
        D427  1 0.0139 0.3267 0.0237 0.4064 0.1096 0.0177 0.0107 0.0210 0.0128 0.0151 0.0285 0.0139 
        D428  1 0.0584 0.0371 0.0911 0.1829 0.1641 0.0463 0.1224 0.1036 0.0719 0.0315 0.0641 0.0265 
        D429  1 0.0227 0.0280 0.0639 0.4636 0.0852 0.0255 0.0524 0.0738 0.0197 0.0379 0.0156 0.1117 
        D430  1 0.0225 0.0478 0.2791 0.0661 0.0741 0.0297 0.0815 0.1535 0.0319 0.0676 0.0353 0.1109 
        D491  1 0.0216 0.0097 0.0544 0.1021 0.5804 0.0167 0.0326 0.0379 0.0349 0.0258 0.0687 0.0153 
        D492  1 0.0283 0.0421 0.1495 0.1996 0.0892 0.1010 0.0985 0.1579 0.0514 0.0207 0.0203 0.0416 
        D537  1 0.0622 0.0372 0.0752 0.3016 0.0246 0.0785 0.0619 0.0782 0.0506 0.0138 0.0555 0.1604 
        D538  1 0.0515 0.0620 0.2965 0.0385 0.0837 0.0753 0.1018 0.1094 0.1053 0.0295 0.0221 0.0245 
        D539  1 0.0334 0.0387 0.0422 0.0256 0.0969 0.0807 0.0715 0.0966 0.0366 0.2410 0.0571 0.1797 
        D540  1 0.0208 0.0195 0.0726 0.2146 0.0211 0.0399 0.0327 0.1309 0.0482 0.0494 0.3042 0.0460 
        D541  1 0.0180 0.0152 0.0117 0.8579 0.0106 0.0128 0.0098 0.0119 0.0110 0.0153 0.0137 0.0120 
        D551  1 0.0164 0.1035 0.1148 0.0255 0.0250 0.0263 0.0244 0.2371 0.0169 0.0922 0.0253 0.2925 
        D552  1 0.0536 0.0246 0.0469 0.1401 0.1893 0.1324 0.0153 0.0939 0.1467 0.0326 0.0826 0.0419 
        D553  1 0.0116 0.0099 0.0103 0.8731 0.0116 0.0145 0.0073 0.0117 0.0101 0.0130 0.0148 0.0120 
        D615  1 0.0213 0.0542 0.0472 0.4697 0.0439 0.0335 0.0525 0.0720 0.0749 0.0395 0.0420 0.0492 
        D616  1 0.0184 0.0698 0.0704 0.3073 0.0431 0.0538 0.0196 0.1522 0.1084 0.0588 0.0376 0.0608 
        D621  1 0.2253 0.0172 0.0302 0.0113 0.0868 0.2675 0.0599 0.0541 0.1280 0.0236 0.0519 0.0442 
        D622  1 0.0411 0.0209 0.0790 0.0239 0.0431 0.4061 0.0168 0.0568 0.1433 0.0253 0.0480 0.0959 
        D623  1 0.1720 0.0905 0.0377 0.0177 0.1771 0.0200 0.2846 0.0384 0.0681 0.0485 0.0285 0.0167 
        D624  1 0.0101 0.0128 0.0203 0.0319 0.6888 0.0179 0.0209 0.0883 0.0156 0.0201 0.0270 0.0465 
        D625  1 0.0527 0.0158 0.0546 0.5436 0.0597 0.0584 0.0191 0.0581 0.0383 0.0216 0.0286 0.0495 
        D626  1 0.0215 0.0240 0.0515 0.0353 0.2459 0.0974 0.0443 0.0682 0.0734 0.0327 0.2215 0.0844 
        D627  1 0.0150 0.0185 0.4910 0.0874 0.0245 0.0392 0.0134 0.1651 0.0129 0.0848 0.0229 0.0251 
        D690  1 0.0276 0.0089 0.0357 0.7508 0.0273 0.0260 0.0146 0.0203 0.0417 0.0107 0.0235 0.0128 
        D691  1 0.0223 0.0162 0.1511 0.0330 0.0436 0.3959 0.0106 0.0188 0.0755 0.0215 0.0163 0.1953 
        D710  1 0.1299 0.0327 0.1717 0.1660 0.1289 0.0772 0.0348 0.0904 0.0549 0.0315 0.0581 0.0236 
        D711  1 0.0471 0.0201 0.0479 0.7195 0.0205 0.0294 0.0254 0.0248 0.0220 0.0133 0.0094 0.0206 
        D712  1 0.0362 0.0269 0.0481 0.0297 0.4558 0.0952 0.0927 0.0358 0.0303 0.0475 0.0805 0.0211 
        D713  1 0.0851 0.0161 0.0987 0.0628 0.0842 0.0529 0.2643 0.0886 0.0377 0.0200 0.0384 0.1513 
        D746  1 0.0254 0.0315 0.0462 0.0649 0.0257 0.6084 0.0090 0.0373 0.0561 0.0127 0.0327 0.0500 
        D747  1 0.0191 0.0153 0.0140 0.8481 0.0135 0.0121 0.0099 0.0137 0.0120 0.0157 0.0107 0.0158 
        D748  1 0.0481 0.0111 0.1669 0.0767 0.0280 0.0932 0.0165 0.0546 0.0728 0.0143 0.0366 0.3813 
        D749  1 0.0575 0.0349 0.0731 0.0277 0.0752 0.2130 0.0789 0.2247 0.0753 0.0237 0.0166 0.0993 
        D750  1 0.0319 0.0163 0.0430 0.1286 0.5251 0.0252 0.0235 0.0491 0.0647 0.0226 0.0215 0.0484 
        D763  1 0.1369 0.1015 0.0843 0.0424 0.0166 0.0717 0.0282 0.1118 0.0232 0.1441 0.1371 0.1021 
        D764  1 0.0143 0.0113 0.0344 0.4835 0.2194 0.0279 0.0128 0.0535 0.0684 0.0162 0.0350 0.0235 
        D765  1 0.0128 0.0108 0.0443 0.0184 0.0955 0.0425 0.0335 0.0479 0.5899 0.0289 0.0224 0.0531 
        D766  1 0.0995 0.0195 0.0369 0.0312 0.0293 0.0974 0.0276 0.0691 0.3916 0.0119 0.0828 0.1033 
        D767  1 0.2102 0.0615 0.1070 0.0627 0.0249 0.0825 0.1635 0.0922 0.0728 0.0227 0.0208 0.0793 
        D768  1 0.0134 0.0162 0.0357 0.7717 0.0110 0.0217 0.0139 0.0266 0.0208 0.0162 0.0160 0.0368 
        D811  1 0.0189 0.0113 0.0714 0.0180 0.0704 0.0172 0.2955 0.0545 0.1066 0.0197 0.2894 0.0272 
        D816  1 0.0163 0.0103 0.0149 0.8087 0.0219 0.0204 0.0211 0.0176 0.0210 0.0190 0.0117 0.0170 
        D825  1 0.0218 0.0153 0.0617 0.0547 0.1073 0.0341 0.1191 0.0810 0.4119 0.0229 0.0391 0.0310 
        D866  1 0.0171 0.0668 0.0608 0.0616 0.1515 0.0263 0.0510 0.0687 0.0547 0.3460 0.0588 0.0370 
        D867  1 0.0698 0.0421 0.1608 0.0160 0.0199 0.4527 0.0616 0.0670 0.0282 0.0188 0.0292 0.0340 
        D871  1 0.0284 0.0142 0.6791 0.0388 0.0330 0.0182 0.0200 0.0662 0.0184 0.0322 0.0293 0.0222 
        D872  1 0.0565 0.0402 0.1848 0.0870 0.0347 0.1264 0.0952 0.0774 0.2148 0.0183 0.0330 0.0318 
        D873  1 0.0340 0.0257 0.0172 0.0083 0.0104 0.0306 0.0883 0.0269 0.7245 0.0078 0.0143 0.0121 
        D874  1 0.6503 0.0185 0.0293 0.0572 0.0507 0.0151 0.0466 0.0281 0.0155 0.0294 0.0302 0.0291 
        D875  1 0.0172 0.0113 0.6503 0.0225 0.0187 0.0401 0.0134 0.0582 0.0593 0.0195 0.0260 0.0634 
        D876  1 0.0970 0.0226 0.0618 0.3380 0.0908 0.1400 0.0255 0.0834 0.0354 0.0423 0.0424 0.0208 
        D877  1 0.0482 0.0149 0.0256 0.0224 0.0651 0.0114 0.6811 0.0429 0.0258 0.0144 0.0252 0.0230 
        D892  1 0.0284 0.0155 0.2085 0.1060 0.1719 0.1056 0.0396 0.0581 0.0303 0.0200 0.0138 0.2024 
        D893  1 0.0352 0.0243 0.0451 0.5596 0.0135 0.0581 0.0182 0.0734 0.0343 0.0499 0.0378 0.0507 
        D894  1 0.0235 0.0195 0.0739 0.6916 0.0254 0.0169 0.0193 0.0388 0.0175 0.0216 0.0149 0.0372 
        D915  1 0.0214 0.0295 0.0760 0.2850 0.0451 0.0412 0.0231 0.0629 0.1449 0.0279 0.0297 0.2133 
        D916  1 0.0115 0.0089 0.0144 0.8724 0.0133 0.0125 0.0075 0.0163 0.0112 0.0103 0.0092 0.0125 
        D917  1 0.1102 0.0414 0.1158 0.1008 0.1938 0.0319 0.0840 0.1135 0.0199 0.1276 0.0360 0.0250 
        D925  1 0.0148 0.0135 0.0254 0.2332 0.0768 0.0651 0.0400 0.0340 0.4229 0.0286 0.0320 0.0136 
        D926  1 0.0714 0.0170 0.0515 0.3235 0.0393 0.0634 0.0341 0.2033 0.0622 0.0420 0.0224 0.0699 
        D927  1 0.0339 0.2010 0.1071 0.1744 0.0410 0.0722 0.0428 0.1065 0.0278 0.1119 0.0279 0.0536 
        D928  1 0.0164 0.0112 0.0173 0.0739 0.7376 0.0117 0.0417 0.0181 0.0305 0.0145 0.0153 0.0119 
        D929  1 0.3079 0.0172 0.1465 0.0253 0.0414 0.0993 0.2060 0.0572 0.0274 0.0178 0.0260 0.0278 
        D936  1 0.1090 0.0392 0.0276 0.4361 0.0212 0.0214 0.0275 0.0638 0.0326 0.1401 0.0232 0.0584 
        D938  1 0.0427 0.0116 0.0321 0.0159 0.0227 0.5687 0.0168 0.0311 0.1405 0.0142 0.0507 0.0531 
        D956  1 0.0211 0.0215 0.0680 0.0357 0.5470 0.0168 0.0730 0.0751 0.0456 0.0214 0.0328 0.0421 
        D957  1 0.0531 0.0211 0.0427 0.0593 0.0214 0.0786 0.0546 0.0496 0.5495 0.0173 0.0126 0.0402 
        D958  1 0.0867 0.0271 0.0543 0.1060 0.1249 0.0997 0.0296 0.0664 0.2970 0.0152 0.0433 0.0499 
        D959  1 0.0131 0.0516 0.1805 0.3576 0.0174 0.0489 0.0296 0.0971 0.0195 0.0113 0.0371 0.1363 
        D960  1 0.0399 0.0192 0.0360 0.0193 0.0360 0.5178 0.0880 0.0484 0.1269 0.0175 0.0101 0.0410 
        D989  1 0.0208 0.0752 0.0522 0.0368 0.4903 0.0281 0.0446 0.0745 0.0188 0.0822 0.0446 0.0319 
        D990  1 0.0197 0.0240 0.0495 0.0136 0.0571 0.1030 0.0110 0.0417 0.5189 0.1298 0.0183 0.0133 
        D023  2 0.0161 0.0143 0.1957 0.0340 0.0110 0.6423 0.0082 0.0207 0.0151 0.0124 0.0182 0.0121 
        D130  2 0.0179 0.0397 0.0842 0.0662 0.0133 0.5627 0.0560 0.0450 0.0432 0.0119 0.0164 0.0436 
        D131  2 0.0557 0.0299 0.1721 0.1666 0.0436 0.0295 0.0203 0.1422 0.0651 0.0780 0.1652 0.0320 
        D163  2 0.0290 0.0114 0.1401 0.0526 0.0362 0.4712 0.0141 0.0466 0.0262 0.0268 0.0178 0.1279 
        D164  2 0.0144 0.5174 0.0148 0.0083 0.0080 0.0260 0.0170 0.0203 0.3281 0.0124 0.0159 0.0174 
        D165  2 0.0232 0.0249 0.1897 0.0281 0.0141 0.5981 0.0099 0.0283 0.0199 0.0215 0.0226 0.0197 
        D166  2 0.0506 0.0379 0.2040 0.0233 0.0148 0.0539 0.2560 0.0989 0.0433 0.0378 0.0535 0.1260 
        D167  2 0.0110 0.7507 0.0177 0.0114 0.0292 0.0104 0.0992 0.0151 0.0151 0.0173 0.0113 0.0115 
        D192  2 0.0165 0.8376 0.0115 0.0091 0.0153 0.0117 0.0245 0.0150 0.0125 0.0233 0.0121 0.0109 
        D193  2 0.0334 0.0183 0.0353 0.0146 0.0349 0.0228 0.6192 0.0436 0.0286 0.0387 0.0166 0.0942 
        D206  2 0.0172 0.2865 0.0400 0.0308 0.0158 0.0636 0.0305 0.0675 0.0215 0.0219 0.2689 0.1357 
        D207  2 0.0208 0.4280 0.0507 0.0279 0.0150 0.0211 0.1890 0.0654 0.0202 0.0514 0.0226 0.0878 
        D208  2 0.0344 0.0491 0.0295 0.0490 0.1002 0.0441 0.0488 0.0814 0.0311 0.2192 0.2766 0.0366 
        D209  2 0.1017 0.3874 0.0541 0.0249 0.0230 0.0289 0.0406 0.1897 0.0429 0.0216 0.0537 0.0315 
        D210  2 0.0354 0.0630 0.0394 0.0650 0.4515 0.0264 0.0208 0.0526 0.0168 0.1426 0.0237 0.0626 
     D229599  2 0.1360 0.0367 0.0633 0.1385 0.0490 0.0982 0.0555 0.1460 0.0454 0.1581 0.0382 0.0350 
     D229600  2 0.0231 0.3009 0.0717 0.0219 0.0193 0.2954 0.0751 0.0460 0.0425 0.0241 0.0129 0.0671 
     D237227  2 0.0198 0.0367 0.0331 0.0427 0.3250 0.0543 0.0164 0.0579 0.2596 0.1115 0.0277 0.0153 
     D237228  2 0.0135 0.0336 0.0279 0.0104 0.0894 0.0131 0.0512 0.0460 0.6208 0.0621 0.0160 0.0161 
     D237258  2 0.0386 0.1384 0.0879 0.0594 0.0546 0.1019 0.0970 0.0976 0.0819 0.1114 0.0844 0.0471 
     D237310  2 0.0243 0.0345 0.1004 0.0096 0.0238 0.0156 0.0746 0.0218 0.6248 0.0189 0.0159 0.0357 
     D237311  2 0.0162 0.1183 0.0213 0.0099 0.0196 0.0222 0.0470 0.0238 0.6547 0.0196 0.0171 0.0303 
     D237312  2 0.0481 0.0180 0.1119 0.0148 0.0311 0.0450 0.1497 0.0434 0.3124 0.0160 0.0379 0.1718 
     D237313  2 0.0514 0.0247 0.0506 0.0877 0.0595 0.0811 0.0307 0.1023 0.1131 0.0797 0.2438 0.0754 
     D237322  2 0.0782 0.0298 0.1229 0.0234 0.0817 0.0369 0.0537 0.2418 0.0840 0.1464 0.0583 0.0429 
     D237323  2 0.0175 0.0234 0.0888 0.0124 0.1068 0.0484 0.0306 0.0304 0.5623 0.0352 0.0144 0.0296 
     D237324  2 0.0390 0.2177 0.0683 0.0526 0.0136 0.1806 0.0195 0.2342 0.0386 0.0809 0.0221 0.0327 
     D237325  2 0.0471 0.0386 0.0550 0.0157 0.0598 0.0663 0.0479 0.0807 0.3544 0.0224 0.0245 0.1875 
     D237326  2 0.0323 0.0205 0.0245 0.0284 0.0485 0.0213 0.0208 0.0226 0.7111 0.0255 0.0128 0.0317 
     D237327  2 0.0755 0.0781 0.1930 0.0404 0.0266 0.0685 0.0269 0.1641 0.0239 0.2210 0.0266 0.0554 
     D237337  2 0.0107 0.0107 0.0169 0.0111 0.0202 0.0161 0.0134 0.0164 0.8281 0.0162 0.0183 0.0219 
     D237338  2 0.0681 0.0512 0.0774 0.0294 0.1092 0.1124 0.0230 0.1116 0.1595 0.0875 0.0357 0.1350 
     D237339  2 0.5900 0.0966 0.0248 0.0179 0.0139 0.0224 0.0454 0.0627 0.0172 0.0482 0.0271 0.0338 
     D237340  2 0.0215 0.1158 0.0384 0.0119 0.0915 0.0434 0.0959 0.0585 0.3964 0.0417 0.0181 0.0669 
     D237389  2 0.0192 0.0614 0.0342 0.0134 0.0134 0.0182 0.1535 0.0314 0.5522 0.0156 0.0175 0.0700 
     D237390  2 0.0299 0.0152 0.0420 0.0121 0.0392 0.0309 0.0630 0.0465 0.3706 0.0495 0.0364 0.2647 
     D244017  2 0.0158 0.2618 0.0543 0.0175 0.1447 0.0257 0.3035 0.0750 0.0283 0.0448 0.0149 0.0137 
     D244112  2 0.0101 0.7904 0.0237 0.0153 0.0174 0.0278 0.0339 0.0233 0.0141 0.0133 0.0113 0.0193 
     D244118  2 0.0251 0.5908 0.0214 0.0092 0.0228 0.1780 0.0364 0.0315 0.0382 0.0237 0.0082 0.0147 
     D244119  2 0.0099 0.2439 0.0160 0.0164 0.5763 0.0114 0.0225 0.0236 0.0322 0.0178 0.0180 0.0119 
     D244120  2 0.0373 0.2439 0.0462 0.0094 0.0252 0.0209 0.3760 0.0343 0.0278 0.0733 0.0143 0.0913 
     D244122  2 0.0278 0.5935 0.0263 0.0220 0.0249 0.0618 0.0913 0.0320 0.0181 0.0205 0.0423 0.0395 
        D291  2 0.0183 0.0345 0.1238 0.0567 0.0147 0.0755 0.0521 0.0825 0.0242 0.4016 0.0914 0.0247 
        D292  2 0.0242 0.1866 0.0225 0.1880 0.0490 0.0188 0.0402 0.0579 0.0646 0.2970 0.0235 0.0277 
        D293  2 0.1728 0.4975 0.0389 0.0738 0.0169 0.0115 0.0114 0.0738 0.0130 0.0427 0.0162 0.0314 
        D322  2 0.2560 0.3705 0.0667 0.0782 0.0187 0.0205 0.0162 0.0593 0.0410 0.0249 0.0193 0.0288 
        D323  2 0.0469 0.0698 0.0382 0.0211 0.0246 0.0267 0.0991 0.0582 0.0294 0.0312 0.5219 0.0330 
        D324  2 0.0291 0.0275 0.1572 0.0737 0.0495 0.0672 0.0195 0.1061 0.0942 0.2405 0.0703 0.0652 
        D325  2 0.0219 0.7181 0.0299 0.0313 0.0087 0.0136 0.0098 0.0262 0.0141 0.0472 0.0160 0.0631 
        D326  2 0.0160 0.0116 0.0191 0.8324 0.0219 0.0096 0.0120 0.0164 0.0098 0.0192 0.0155 0.0166 
        D340  2 0.0229 0.8088 0.0157 0.0170 0.0207 0.0151 0.0105 0.0201 0.0188 0.0197 0.0133 0.0173 
        D341  2 0.0306 0.4145 0.0603 0.0246 0.0317 0.0175 0.0181 0.0479 0.0358 0.0298 0.0535 0.2358 
        D342  2 0.0153 0.5162 0.0478 0.0231 0.0154 0.0482 0.0424 0.0954 0.0423 0.0291 0.0508 0.0742 
        D343  2 0.0158 0.8730 0.0143 0.0123 0.0075 0.0100 0.0071 0.0134 0.0080 0.0125 0.0081 0.0180 
        D344  2 0.4189 0.0381 0.0750 0.0639 0.0147 0.0178 0.1422 0.0645 0.0432 0.0253 0.0265 0.0700 
        D345  2 0.2805 0.0380 0.0389 0.0775 0.0242 0.0670 0.0269 0.1483 0.1567 0.0371 0.0855 0.0193 
        D346  2 0.0318 0.0450 0.0547 0.0360 0.2742 0.0222 0.0241 0.0378 0.0256 0.0331 0.3774 0.0381 
        D351  2 0.1007 0.0289 0.2245 0.1293 0.0175 0.0275 0.0298 0.1494 0.0455 0.1251 0.0433 0.0784 
        D352  2 0.6279 0.0222 0.0398 0.0180 0.0450 0.0167 0.0443 0.0717 0.0382 0.0330 0.0241 0.0192 
        D353  2 0.0557 0.0222 0.0284 0.1155 0.0111 0.0212 0.0299 0.6362 0.0139 0.0154 0.0246 0.0259 
        D354  2 0.6665 0.0128 0.0268 0.0587 0.0310 0.0191 0.0526 0.0478 0.0309 0.0162 0.0225 0.0151 
        D362  2 0.0187 0.0207 0.0468 0.7057 0.0195 0.0428 0.0276 0.0336 0.0248 0.0205 0.0226 0.0168 
        D363  2 0.0172 0.0153 0.0245 0.7849 0.0200 0.0210 0.0188 0.0221 0.0196 0.0170 0.0285 0.0111 
        D364  2 0.3362 0.0178 0.0287 0.3516 0.0283 0.0230 0.0442 0.0547 0.0408 0.0198 0.0257 0.0291 
        D365  2 0.0253 0.8231 0.0133 0.0183 0.0188 0.0105 0.0133 0.0167 0.0158 0.0151 0.0134 0.0165 
        D369  2 0.0209 0.0944 0.0634 0.1595 0.1162 0.0349 0.0263 0.0840 0.1188 0.0935 0.1434 0.0446 
        D374  2 0.0136 0.0166 0.0114 0.0115 0.1095 0.0165 0.7227 0.0221 0.0260 0.0132 0.0209 0.0161 
        D375  2 0.7330 0.0148 0.0190 0.0200 0.0125 0.0158 0.0653 0.0409 0.0178 0.0107 0.0285 0.0216 
        D376  2 0.0443 0.0288 0.0229 0.0206 0.2489 0.0262 0.4484 0.0490 0.0319 0.0179 0.0242 0.0369 
        D377  2 0.0262 0.0338 0.0431 0.0135 0.0369 0.0240 0.0704 0.0504 0.1337 0.0311 0.4886 0.0483 
        D378  2 0.2747 0.1977 0.1105 0.0721 0.0185 0.0646 0.0120 0.1096 0.0203 0.0302 0.0572 0.0325 
        D379  2 0.0435 0.0167 0.0311 0.4791 0.0245 0.0254 0.0327 0.0957 0.0190 0.0232 0.1487 0.0603 
        D384  2 0.0145 0.0139 0.0133 0.8020 0.0396 0.0109 0.0116 0.0207 0.0148 0.0188 0.0240 0.0160 
        D385  2 0.1172 0.6438 0.0171 0.0176 0.0302 0.0120 0.0383 0.0354 0.0167 0.0181 0.0319 0.0218 
        D386  2 0.4478 0.0842 0.0581 0.0651 0.0135 0.0640 0.0381 0.1122 0.0227 0.0229 0.0444 0.0270 
        D391  2 0.1438 0.6540 0.0235 0.0180 0.0128 0.0143 0.0134 0.0324 0.0220 0.0207 0.0271 0.0179 
        D392  2 0.0259 0.4724 0.0610 0.0564 0.0430 0.0292 0.0258 0.0381 0.1807 0.0255 0.0268 0.0151 
        D393  2 0.2901 0.0651 0.0435 0.1659 0.0197 0.0388 0.0110 0.0609 0.0351 0.0964 0.1278 0.0457 
        D394  2 0.1732 0.0673 0.1382 0.0613 0.0370 0.1012 0.0592 0.1072 0.1291 0.0438 0.0235 0.0590 
        D395  2 0.3914 0.2889 0.0454 0.0104 0.0256 0.0173 0.0536 0.0728 0.0205 0.0325 0.0189 0.0228 
        D401  2 0.0077 0.0211 0.0145 0.0140 0.0179 0.0105 0.0246 0.0196 0.7922 0.0182 0.0428 0.0170 
        D402  2 0.0916 0.6716 0.0205 0.0155 0.0154 0.0117 0.0214 0.0208 0.0231 0.0455 0.0401 0.0229 
        D403  2 0.0822 0.0235 0.1077 0.1825 0.0176 0.1091 0.0417 0.2852 0.0194 0.0229 0.0295 0.0786 
        D415  2 0.0363 0.0192 0.1002 0.4107 0.0123 0.0261 0.0191 0.1185 0.1624 0.0130 0.0228 0.0596 
        D435  2 0.0522 0.1493 0.0236 0.5404 0.0103 0.0216 0.0135 0.0376 0.0354 0.0517 0.0184 0.0460 
        D436  2 0.2803 0.0205 0.0538 0.0452 0.0370 0.0314 0.0864 0.0518 0.0244 0.0225 0.0159 0.3308 
        D438  2 0.0123 0.8390 0.0159 0.0095 0.0148 0.0115 0.0144 0.0156 0.0100 0.0126 0.0284 0.0161 
        D439  2 0.6257 0.0413 0.0330 0.0308 0.0124 0.0438 0.0167 0.0695 0.0228 0.0255 0.0573 0.0213 
        D449  2 0.0163 0.4632 0.0668 0.0473 0.0235 0.0170 0.0181 0.0678 0.0163 0.0136 0.0376 0.2126 
        D450  2 0.1556 0.0175 0.1279 0.0903 0.0888 0.0478 0.0700 0.1484 0.0259 0.0663 0.0744 0.0873 
        D456  2 0.0157 0.0095 0.0225 0.8147 0.0172 0.0120 0.0104 0.0265 0.0103 0.0185 0.0228 0.0199 
        D462  2 0.1302 0.6923 0.0179 0.0325 0.0111 0.0178 0.0120 0.0240 0.0124 0.0191 0.0155 0.0152 
        D463  2 0.0326 0.0099 0.0185 0.7849 0.0308 0.0123 0.0192 0.0246 0.0166 0.0107 0.0236 0.0162 
        D464  2 0.2417 0.0531 0.0566 0.0496 0.0295 0.0160 0.1238 0.3261 0.0169 0.0156 0.0338 0.0372 
        D465  2 0.0241 0.4416 0.0485 0.1409 0.0187 0.0212 0.0268 0.0426 0.1206 0.0220 0.0565 0.0365 
        D473  2 0.0698 0.0270 0.0914 0.0188 0.4380 0.0417 0.0341 0.0636 0.1091 0.0259 0.0554 0.0252 
        D474  2 0.0289 0.0340 0.0316 0.5855 0.0225 0.0386 0.0119 0.0380 0.0238 0.1199 0.0355 0.0299 
        D476  2 0.4879 0.0379 0.0242 0.0170 0.0107 0.3215 0.0112 0.0305 0.0142 0.0198 0.0136 0.0116 
        D477  2 0.3072 0.0178 0.0338 0.2233 0.0386 0.0173 0.0195 0.0606 0.0994 0.0677 0.0909 0.0238 
        D478  2 0.0555 0.0406 0.2995 0.0274 0.0629 0.1491 0.0927 0.1249 0.0314 0.0369 0.0459 0.0331 
        D480  2 0.2725 0.0572 0.0470 0.1040 0.0887 0.0218 0.0217 0.0875 0.0238 0.0694 0.1018 0.1045 
        D481  2 0.1443 0.0450 0.0757 0.3473 0.0634 0.0692 0.0249 0.0853 0.0562 0.0404 0.0336 0.0145 
        D482  2 0.2168 0.0238 0.0446 0.0170 0.0753 0.0520 0.0633 0.1155 0.0414 0.2117 0.0857 0.0530 
        D483  2 0.0117 0.7717 0.0190 0.0116 0.0634 0.0176 0.0188 0.0203 0.0224 0.0154 0.0142 0.0139 
        D484  2 0.7404 0.0177 0.0176 0.0083 0.0211 0.0121 0.0813 0.0293 0.0144 0.0266 0.0155 0.0158 
        D510  2 0.0213 0.0217 0.0283 0.0177 0.3232 0.0186 0.3125 0.0374 0.0247 0.1216 0.0263 0.0467 
        D511  2 0.6604 0.0380 0.0333 0.0358 0.0157 0.0311 0.0143 0.0518 0.0240 0.0353 0.0404 0.0201 
        D512  2 0.0168 0.0919 0.0670 0.0144 0.0108 0.0178 0.0485 0.0360 0.6190 0.0278 0.0299 0.0200 
        D513  2 0.0183 0.4307 0.0433 0.0360 0.0455 0.0213 0.0287 0.0729 0.0538 0.0691 0.0940 0.0864 
        D635  2 0.0238 0.0341 0.1922 0.2304 0.0187 0.3314 0.0154 0.0490 0.0200 0.0198 0.0450 0.0203 
        D636  2 0.0135 0.0169 0.1569 0.0221 0.0154 0.6335 0.0110 0.0224 0.0260 0.0086 0.0608 0.0131 
        D637  2 0.1928 0.1255 0.0375 0.0253 0.0569 0.0256 0.0569 0.1099 0.0465 0.0615 0.1063 0.1552 
        D658  2 0.1535 0.3746 0.0325 0.0202 0.0905 0.0232 0.0773 0.0642 0.0741 0.0266 0.0188 0.0445 
        D659  2 0.0572 0.0254 0.0874 0.4714 0.0298 0.0568 0.0249 0.0534 0.0128 0.0598 0.0261 0.0951 
        D677  2 0.0251 0.0394 0.0456 0.0748 0.0159 0.0838 0.0653 0.0707 0.0486 0.0416 0.1075 0.3817 
        D678  2 0.0177 0.5513 0.0407 0.0169 0.0135 0.0234 0.1501 0.0768 0.0349 0.0177 0.0294 0.0276 
        D679  2 0.0490 0.0294 0.0498 0.1509 0.0429 0.0317 0.0183 0.0982 0.0222 0.0711 0.3526 0.0837 
        D719  2 0.0551 0.1175 0.0186 0.1073 0.3777 0.0124 0.0270 0.0477 0.0610 0.1165 0.0386 0.0206 
        D720  2 0.0161 0.0197 0.0375 0.6124 0.0752 0.0276 0.0201 0.0473 0.0343 0.0240 0.0478 0.0379 
        D721  2 0.0311 0.0408 0.2276 0.0241 0.0237 0.5246 0.0113 0.0348 0.0120 0.0202 0.0242 0.0256 
        D722  2 0.0177 0.0332 0.0129 0.0123 0.0521 0.0183 0.6802 0.0192 0.0538 0.0357 0.0458 0.0188 
        D734  2 0.5429 0.0580 0.0277 0.0163 0.1805 0.0120 0.0243 0.0331 0.0148 0.0368 0.0292 0.0243 
        D735  2 0.0888 0.0498 0.1007 0.1111 0.0737 0.0465 0.0213 0.1170 0.0773 0.0405 0.2526 0.0208 
        D736  2 0.0432 0.0406 0.0358 0.0404 0.2410 0.0210 0.0274 0.0560 0.0571 0.2884 0.0404 0.1086 
        D737  2 0.0825 0.5454 0.0274 0.0096 0.0359 0.0539 0.0402 0.0511 0.0386 0.0696 0.0183 0.0274 
        D807  2 0.0929 0.0357 0.0551 0.1091 0.1596 0.0357 0.0550 0.0705 0.0919 0.1234 0.0677 0.1034 
        D808  2 0.0644 0.0639 0.2264 0.0506 0.0274 0.0582 0.0276 0.0956 0.2531 0.0520 0.0243 0.0564 
        D817  2 0.0372 0.0126 0.0201 0.0743 0.0169 0.0221 0.0371 0.0349 0.0253 0.0293 0.6622 0.0278 
        D818  2 0.0295 0.1411 0.2155 0.0449 0.0206 0.0963 0.0209 0.1544 0.0121 0.0807 0.0310 0.1532 
        D819  2 0.0223 0.0161 0.0725 0.0760 0.0242 0.0265 0.0263 0.0542 0.1418 0.0249 0.4918 0.0234 
        D820  2 0.1505 0.0323 0.0715 0.4275 0.0189 0.0245 0.0140 0.0528 0.0161 0.0396 0.0136 0.1387 
        D895  2 0.0555 0.0464 0.1059 0.1862 0.0375 0.1238 0.0441 0.1369 0.0272 0.0333 0.1272 0.0758 
        D896  2 0.0088 0.0078 0.0142 0.0101 0.0172 0.0112 0.0160 0.0134 0.8678 0.0101 0.0102 0.0132 
        D897  2 0.0436 0.4217 0.0620 0.0218 0.0210 0.0279 0.0342 0.0987 0.0381 0.0311 0.0765 0.1233 
        D898  2 0.0479 0.0232 0.1264 0.0368 0.0295 0.0241 0.0919 0.1260 0.2355 0.0952 0.1285 0.0350 
        D918  2 0.0634 0.0541 0.1155 0.0221 0.0473 0.0597 0.0434 0.1548 0.1212 0.0444 0.0581 0.2162 
        D919  2 0.4491 0.0621 0.0660 0.0708 0.0181 0.0314 0.0629 0.0891 0.0197 0.0839 0.0207 0.0262 
        D920  2 0.0404 0.0249 0.0377 0.0228 0.0715 0.5859 0.0429 0.0456 0.0418 0.0199 0.0209 0.0456 
        D923  2 0.1307 0.0256 0.0467 0.5626 0.0189 0.0207 0.0258 0.0605 0.0167 0.0248 0.0268 0.0403 
        D930  2 0.1309 0.0324 0.0668 0.1389 0.0968 0.0308 0.0524 0.1536 0.0621 0.0462 0.1111 0.0779 
        D931  2 0.2512 0.1325 0.0430 0.2561 0.0316 0.0239 0.0405 0.0597 0.0412 0.0416 0.0415 0.0371 
        D968  2 0.0233 0.7078 0.0153 0.0185 0.0142 0.0096 0.0265 0.0302 0.0164 0.0955 0.0223 0.0204 
        D969  2 0.0493 0.1678 0.0529 0.1969 0.0519 0.0281 0.0436 0.1353 0.0391 0.1553 0.0346 0.0453 
        D977  2 0.0252 0.6759 0.0253 0.0240 0.0174 0.0218 0.0213 0.0504 0.0132 0.0253 0.0293 0.0710 
        D978  2 0.0267 0.0533 0.2395 0.0196 0.0216 0.0201 0.0476 0.0952 0.0109 0.1787 0.2337 0.0531 
        D211  3 0.0294 0.0130 0.0876 0.0739 0.0215 0.4689 0.0132 0.0468 0.0103 0.0338 0.0829 0.1187 
     D229639  3 0.0174 0.0387 0.0348 0.0601 0.0642 0.0292 0.0405 0.0608 0.0346 0.5435 0.0362 0.0401 
     D237212  3 0.2434 0.0466 0.0865 0.0627 0.0197 0.0405 0.0294 0.0846 0.0355 0.1469 0.1071 0.0972 
     D237213  3 0.0708 0.0210 0.0442 0.0190 0.0142 0.0449 0.0367 0.0795 0.1134 0.0289 0.4006 0.1267 
     D237214  3 0.0152 0.0105 0.3795 0.0119 0.0162 0.4592 0.0129 0.0363 0.0139 0.0088 0.0107 0.0249 
     D237215  3 0.0116 0.3264 0.0214 0.0124 0.0641 0.0178 0.2939 0.0413 0.0390 0.1167 0.0430 0.0124 
     D237216  3 0.0267 0.0199 0.0822 0.0273 0.0207 0.0575 0.0213 0.5679 0.0261 0.0326 0.0683 0.0496 
     D237217  3 0.0234 0.0202 0.0304 0.0460 0.0127 0.2560 0.0130 0.2483 0.0395 0.0612 0.0192 0.2302 
     D237218  3 0.1605 0.0458 0.0875 0.0400 0.0468 0.0348 0.0127 0.0983 0.0174 0.2201 0.0477 0.1883 
     D237219  3 0.0132 0.0180 0.0254 0.0223 0.0594 0.0752 0.0217 0.0743 0.0937 0.1227 0.3440 0.1301 
     D237382  3 0.0282 0.0266 0.3200 0.0483 0.0984 0.0420 0.1093 0.0461 0.1537 0.0269 0.0372 0.0633 
     D244127  3 0.0270 0.0563 0.0355 0.0175 0.0141 0.0549 0.0346 0.0635 0.5243 0.0660 0.0588 0.0474 
     D244129  3 0.0653 0.0420 0.1589 0.0583 0.0360 0.0595 0.0247 0.1248 0.2168 0.0505 0.0742 0.0890 
     D244133  3 0.0091 0.0557 0.0287 0.0378 0.0480 0.0244 0.0346 0.0456 0.0229 0.0227 0.6451 0.0254 
     D244134  3 0.0178 0.0279 0.0251 0.0227 0.1550 0.0316 0.0128 0.0365 0.0516 0.3864 0.2024 0.0301 
     D244135  3 0.0198 0.0675 0.1645 0.0298 0.0125 0.4986 0.0189 0.0383 0.0144 0.0176 0.0664 0.0516 
     D244136  3 0.0219 0.0641 0.0692 0.1000 0.1138 0.0411 0.0529 0.0857 0.0288 0.0422 0.3336 0.0467 
        D416  3 0.0418 0.1123 0.0954 0.0778 0.0266 0.0441 0.0226 0.1273 0.0375 0.0285 0.2733 0.1125 
        D417  3 0.0213 0.0127 0.0737 0.4843 0.0251 0.0442 0.0227 0.0546 0.0411 0.0173 0.0173 0.1856 
        D419  3 0.0260 0.0611 0.0435 0.0700 0.0504 0.0955 0.0198 0.1132 0.0759 0.1311 0.1692 0.1443 
        D565  3 0.0148 0.0145 0.0189 0.0445 0.7335 0.0164 0.0222 0.0251 0.0147 0.0364 0.0437 0.0153 
        D566  3 0.0156 0.0407 0.0532 0.0712 0.1691 0.0208 0.0824 0.0595 0.0552 0.3130 0.0956 0.0235 
        D567  3 0.0748 0.0327 0.0319 0.5178 0.0181 0.0769 0.0353 0.0499 0.0526 0.0182 0.0558 0.0361 
        D568  3 0.1203 0.1021 0.0620 0.0438 0.0129 0.2120 0.0238 0.0915 0.0510 0.0626 0.0447 0.1732 
        D569  3 0.4577 0.0519 0.0859 0.0182 0.0310 0.0446 0.0983 0.0914 0.0148 0.0293 0.0370 0.0399 
        D573  3 0.0405 0.1387 0.0474 0.1303 0.0251 0.0188 0.0158 0.1109 0.0239 0.3840 0.0278 0.0368 
        D574  3 0.0297 0.0340 0.0970 0.0373 0.2826 0.0359 0.1437 0.0936 0.0685 0.0601 0.0813 0.0362 
        D575  3 0.0179 0.0223 0.0314 0.0192 0.0294 0.0244 0.0119 0.0228 0.0241 0.0171 0.7561 0.0234 
        D576  3 0.0124 0.4161 0.0369 0.0068 0.0225 0.0207 0.2516 0.0424 0.0124 0.0615 0.1034 0.0135 
        D577  3 0.0356 0.0185 0.0462 0.4777 0.0188 0.0864 0.0419 0.0610 0.0169 0.0300 0.1254 0.0416 
        D578  3 0.0118 0.0198 0.3398 0.0105 0.0124 0.5022 0.0132 0.0245 0.0189 0.0147 0.0142 0.0181 
        D579  3 0.1396 0.0484 0.0486 0.1525 0.1149 0.0404 0.0249 0.0794 0.0373 0.1240 0.0825 0.1077 
        D660  3 0.0304 0.5174 0.0391 0.0151 0.0169 0.0380 0.0349 0.0628 0.0539 0.0300 0.1193 0.0423 
        D661  3 0.0617 0.1331 0.0595 0.0181 0.0149 0.0492 0.0208 0.0883 0.0216 0.1968 0.0292 0.3068 
        D663  3 0.0333 0.0460 0.0712 0.0478 0.0137 0.0379 0.0691 0.1160 0.0181 0.4882 0.0335 0.0252 
        D664  3 0.0166 0.1273 0.0538 0.0113 0.0353 0.0756 0.0435 0.0896 0.0742 0.0236 0.3412 0.1080 
        D665  3 0.0747 0.0301 0.1735 0.0119 0.0095 0.0987 0.0891 0.1833 0.0707 0.0294 0.1780 0.0513 
        D666  3 0.0190 0.0142 0.0231 0.0249 0.0500 0.0235 0.0129 0.0380 0.1210 0.0260 0.6121 0.0354 
        D009  4 0.1242 0.0181 0.1063 0.0992 0.0262 0.1903 0.0493 0.1601 0.0579 0.0256 0.0301 0.1129 
        D057  4 0.2868 0.1240 0.0262 0.0241 0.0286 0.3279 0.0238 0.0287 0.0149 0.0808 0.0100 0.0242 
        D109  4 0.0351 0.0165 0.0798 0.0504 0.0456 0.0526 0.0321 0.1844 0.3288 0.0329 0.0912 0.0506 
     D237222  4 0.0265 0.0253 0.0552 0.0266 0.0885 0.5622 0.0903 0.0443 0.0220 0.0301 0.0111 0.0179 
     D237223  4 0.0395 0.0323 0.0256 0.0141 0.0489 0.0490 0.0332 0.0535 0.0374 0.0354 0.0144 0.6168 
     D237224  4 0.1651 0.1424 0.0573 0.0930 0.0241 0.0501 0.0363 0.0938 0.0297 0.1865 0.0929 0.0286 
     D237225  4 0.0785 0.0255 0.1138 0.0330 0.0324 0.0890 0.0350 0.2906 0.0276 0.0509 0.0532 0.1706 
     D237299  4 0.0158 0.0145 0.4304 0.0139 0.0363 0.0150 0.0228 0.0695 0.0443 0.0380 0.0168 0.2828 
     D237300  4 0.0137 0.0362 0.0206 0.0161 0.0233 0.0231 0.0214 0.0445 0.0182 0.6233 0.1211 0.0386 
     D237306  4 0.0315 0.0167 0.0263 0.0440 0.2509 0.0198 0.0982 0.0393 0.0684 0.0257 0.0141 0.3651 
     D237307  4 0.0152 0.0369 0.0775 0.2387 0.1550 0.0408 0.0653 0.0622 0.0282 0.0645 0.1716 0.0441 
     D237308  4 0.1431 0.3856 0.0227 0.0220 0.0580 0.0625 0.0436 0.0691 0.0679 0.0402 0.0366 0.0486 
     D237309  4 0.0750 0.0329 0.0748 0.1198 0.0174 0.1536 0.0660 0.2175 0.0504 0.0539 0.0429 0.0958 
     D237317  4 0.0316 0.0246 0.0442 0.1158 0.2528 0.0455 0.0777 0.2279 0.0361 0.0507 0.0479 0.0453 
     D237318  4 0.0128 0.0393 0.0461 0.0287 0.0193 0.0166 0.0266 0.0290 0.0181 0.7032 0.0420 0.0182 
     D237319  4 0.0274 0.0344 0.2047 0.0294 0.0330 0.1190 0.0752 0.1015 0.0830 0.0484 0.0527 0.1914 
     D237320  4 0.0132 0.0244 0.0496 0.0165 0.0139 0.0302 0.0138 0.0267 0.0283 0.0425 0.0178 0.7232 
     D237321  4 0.0210 0.0769 0.0353 0.0711 0.0448 0.0393 0.0412 0.0705 0.0429 0.4556 0.0678 0.0337 
     D237397  4 0.0193 0.0488 0.0317 0.0244 0.0742 0.0355 0.0397 0.0607 0.0260 0.0804 0.0276 0.5317 
     D237398  4 0.0602 0.0272 0.0862 0.0347 0.0141 0.0234 0.0190 0.0734 0.0124 0.5216 0.0384 0.0895 
     D237399  4 0.0409 0.0286 0.1364 0.0497 0.1552 0.0713 0.0317 0.0498 0.0611 0.2071 0.0301 0.1380 
     D244001  4 0.0354 0.0859 0.0399 0.0313 0.0214 0.4229 0.1491 0.0567 0.0193 0.0210 0.0164 0.1008 
        D289  4 0.2662 0.0484 0.0570 0.0610 0.1788 0.0439 0.0260 0.0688 0.0322 0.0962 0.0232 0.0983 
        D290  4 0.0281 0.0187 0.4251 0.0481 0.0219 0.0377 0.2598 0.0460 0.0225 0.0494 0.0127 0.0301 
        D294  4 0.2139 0.0291 0.2045 0.0750 0.0281 0.0357 0.0722 0.1801 0.0159 0.0342 0.0349 0.0763 
        D295  4 0.0631 0.0223 0.0693 0.1043 0.0412 0.0432 0.0518 0.0799 0.1048 0.0523 0.1113 0.2564 
        D301  4 0.0168 0.0269 0.0280 0.0125 0.0333 0.5008 0.1031 0.0288 0.0482 0.1073 0.0383 0.0562 
        D302  4 0.7106 0.0132 0.0337 0.0343 0.0138 0.0343 0.0449 0.0367 0.0108 0.0143 0.0279 0.0255 
        D303  4 0.0674 0.0485 0.0319 0.0283 0.4849 0.0279 0.0579 0.0422 0.0851 0.0304 0.0454 0.0501 
        D304  4 0.0279 0.0210 0.2554 0.0682 0.0543 0.0492 0.1624 0.0994 0.0190 0.1592 0.0516 0.0324 
        D305  4 0.2769 0.0693 0.0243 0.0164 0.0099 0.0398 0.0566 0.3846 0.0210 0.0509 0.0284 0.0218 
        D306  4 0.0226 0.0170 0.3554 0.0268 0.0277 0.0431 0.3044 0.1277 0.0203 0.0207 0.0132 0.0212 
        D307  4 0.0248 0.0181 0.0302 0.0144 0.0577 0.6948 0.0233 0.0293 0.0244 0.0365 0.0268 0.0197 
        D327  4 0.0318 0.0356 0.0709 0.4221 0.0644 0.0347 0.0477 0.0985 0.0196 0.0411 0.0630 0.0706 
        D328  4 0.1945 0.0193 0.0176 0.0179 0.0803 0.0329 0.3256 0.0547 0.0716 0.0394 0.0602 0.0860 
        D329  4 0.1823 0.1056 0.1338 0.0473 0.0310 0.0894 0.0415 0.1767 0.0579 0.0652 0.0226 0.0468 
        D330  4 0.0723 0.0485 0.0586 0.1135 0.0127 0.0410 0.0656 0.0860 0.1356 0.0127 0.0270 0.3265 
        D331  4 0.0293 0.0254 0.1683 0.1125 0.0596 0.0939 0.1266 0.0838 0.0636 0.1640 0.0476 0.0256 
        D333  4 0.1393 0.0567 0.0620 0.0579 0.0531 0.0775 0.1463 0.0992 0.0486 0.0750 0.0464 0.1381 
        D334  4 0.0478 0.0177 0.0722 0.0485 0.4991 0.0832 0.0240 0.0718 0.0190 0.0396 0.0305 0.0466 
        D335  4 0.4582 0.0358 0.0289 0.0518 0.0249 0.0397 0.1534 0.0717 0.0400 0.0250 0.0338 0.0369 
        D370  4 0.0240 0.0259 0.0245 0.0309 0.0263 0.0297 0.5702 0.0392 0.1394 0.0217 0.0497 0.0185 
        D371  4 0.0206 0.0330 0.0181 0.1324 0.5122 0.0135 0.1012 0.0474 0.0173 0.0266 0.0511 0.0268 
        D372  4 0.0114 0.0421 0.0954 0.0126 0.0224 0.0171 0.1056 0.1308 0.0218 0.5014 0.0209 0.0187 
        D373  4 0.0337 0.0423 0.0410 0.0409 0.0170 0.6138 0.0186 0.0557 0.0178 0.0680 0.0343 0.0167 
        D455  4 0.0577 0.0211 0.0376 0.0262 0.0195 0.7163 0.0178 0.0256 0.0159 0.0316 0.0174 0.0133 
        D490  4 0.0158 0.0090 0.0329 0.0217 0.0219 0.7761 0.0200 0.0212 0.0147 0.0165 0.0148 0.0354 
        D497  4 0.0441 0.0136 0.0338 0.0112 0.0173 0.6431 0.0259 0.0492 0.0310 0.0289 0.0461 0.0558 
        D498  4 0.0243 0.0274 0.1422 0.0520 0.0568 0.0666 0.2560 0.0780 0.1335 0.0749 0.0521 0.0362 
        D499  4 0.1161 0.1065 0.0955 0.0268 0.0794 0.0158 0.0401 0.1033 0.0827 0.0633 0.1733 0.0972 
        D514  4 0.1010 0.0224 0.1141 0.2352 0.0119 0.0387 0.1691 0.1067 0.0501 0.0434 0.0658 0.0417 
        D515  4 0.0203 0.0168 0.0353 0.0206 0.0156 0.0182 0.0497 0.0273 0.0235 0.0103 0.0156 0.7467 
        D516  4 0.0213 0.0501 0.0453 0.0635 0.0295 0.0541 0.0378 0.0796 0.1026 0.0559 0.2807 0.1795 
        D517  4 0.0271 0.0379 0.0409 0.0394 0.0162 0.5181 0.0231 0.1355 0.0338 0.0599 0.0137 0.0543 
        D518  4 0.3981 0.0253 0.0238 0.0235 0.0590 0.2457 0.0840 0.0415 0.0151 0.0234 0.0133 0.0471 
        D519  4 0.0131 0.0154 0.0270 0.0157 0.0105 0.0190 0.0099 0.0148 0.0131 0.0208 0.0143 0.8263 
        D560  4 0.0243 0.0255 0.0786 0.0495 0.0108 0.0247 0.0204 0.0379 0.0145 0.0295 0.0155 0.6687 
        D561  4 0.0786 0.0351 0.4509 0.0441 0.0113 0.0836 0.0262 0.1322 0.0520 0.0196 0.0167 0.0498 
        D562  4 0.1025 0.0519 0.2175 0.0347 0.0398 0.1457 0.1058 0.1285 0.0404 0.0485 0.0340 0.0506 
        D563  4 0.1430 0.3675 0.0644 0.0177 0.0176 0.0564 0.0310 0.1077 0.0324 0.0452 0.0680 0.0492 
        D572  4 0.6375 0.0207 0.0516 0.0428 0.0226 0.0717 0.0452 0.0322 0.0168 0.0176 0.0172 0.0242 
        D629  4 0.0501 0.0194 0.0868 0.1737 0.0195 0.1705 0.0158 0.0565 0.0187 0.0365 0.3027 0.0501 
        D630  4 0.0807 0.0253 0.1391 0.0471 0.0394 0.0998 0.1041 0.0682 0.0234 0.0533 0.0233 0.2964 
        D631  4 0.5960 0.0709 0.0408 0.0193 0.0189 0.0610 0.0215 0.0650 0.0146 0.0356 0.0162 0.0402 
        D632  4 0.1833 0.1500 0.0306 0.0510 0.0151 0.3059 0.0391 0.0595 0.0751 0.0170 0.0524 0.0212 
        D646  4 0.0272 0.0282 0.0252 0.0229 0.0131 0.0176 0.0202 0.0537 0.0382 0.0283 0.0138 0.7116 
        D647  4 0.0704 0.0448 0.0626 0.2592 0.0106 0.1152 0.0627 0.0626 0.0745 0.0494 0.0185 0.1696 
        D648  4 0.2157 0.0196 0.0339 0.0141 0.0339 0.0190 0.5083 0.0307 0.0160 0.0145 0.0527 0.0415 
        D649  4 0.2080 0.0161 0.0410 0.1899 0.0212 0.0556 0.0199 0.0640 0.2501 0.0240 0.0796 0.0307 
        D650  4 0.0807 0.0280 0.0921 0.1297 0.0779 0.1089 0.0430 0.0798 0.0616 0.0606 0.0813 0.1564 
        D708  4 0.1857 0.0212 0.0789 0.0284 0.1619 0.0449 0.0695 0.1204 0.0232 0.0599 0.1069 0.0992 
        D709  4 0.0334 0.0251 0.1596 0.0181 0.0239 0.0162 0.3044 0.0716 0.2227 0.0216 0.0682 0.0353 
        D738  4 0.0181 0.0125 0.0422 0.0403 0.3647 0.0490 0.0375 0.0427 0.0889 0.0403 0.0237 0.2402 
        D739  4 0.0324 0.0254 0.1250 0.0179 0.0233 0.2931 0.1554 0.1252 0.0225 0.0455 0.0353 0.0990 
        D740  4 0.0670 0.0495 0.1537 0.0237 0.1417 0.0429 0.0176 0.1736 0.1297 0.1006 0.0469 0.0531 
        D741  4 0.0166 0.0267 0.0399 0.0246 0.0084 0.0133 0.0160 0.0388 0.0224 0.0173 0.0191 0.7569 
        D742  4 0.0743 0.1992 0.0842 0.0267 0.0940 0.0405 0.0308 0.0997 0.0476 0.1162 0.0320 0.1547 
        D743  4 0.3638 0.0438 0.0442 0.3067 0.0198 0.0287 0.0174 0.0379 0.0155 0.0471 0.0399 0.0352 
        D744  4 0.7822 0.0278 0.0297 0.0136 0.0154 0.0162 0.0100 0.0249 0.0199 0.0163 0.0169 0.0271 
        D745  4 0.0182 0.0114 0.0233 0.0147 0.0177 0.0251 0.0121 0.0293 0.0166 0.0200 0.0247 0.7869 
        D814  4 0.0496 0.1589 0.0533 0.0160 0.0162 0.0518 0.0607 0.1494 0.0086 0.0455 0.0233 0.3668 
        D815  4 0.3368 0.0243 0.0658 0.0816 0.0251 0.0371 0.1603 0.0719 0.0637 0.0483 0.0479 0.0371 
        D828  4 0.0308 0.0318 0.0459 0.0090 0.0335 0.0184 0.6521 0.0490 0.0182 0.0397 0.0351 0.0366 
        D845  4 0.0212 0.0157 0.0149 0.0119 0.0238 0.0094 0.0109 0.0162 0.0116 0.8254 0.0228 0.0162 
        D846  4 0.2368 0.1407 0.0698 0.0627 0.0117 0.1817 0.0505 0.0897 0.0161 0.0457 0.0631 0.0315 
        D847  4 0.0507 0.0342 0.2916 0.0769 0.0840 0.1380 0.0214 0.0906 0.0389 0.0721 0.0286 0.0731 
        D848  4 0.0303 0.0431 0.0445 0.0154 0.0136 0.6198 0.0221 0.0337 0.0191 0.1333 0.0145 0.0106 
        D849  4 0.0401 0.0326 0.0969 0.0249 0.0162 0.2131 0.0562 0.1124 0.0392 0.0266 0.0637 0.2780 
        D850  4 0.0401 0.0250 0.2422 0.0352 0.0519 0.1160 0.0215 0.1108 0.0321 0.1269 0.0359 0.1624 
        D856  4 0.0570 0.0163 0.3101 0.0344 0.0282 0.0390 0.0451 0.1696 0.1786 0.0259 0.0517 0.0441 
        D857  4 0.0194 0.0617 0.0372 0.0088 0.0293 0.0255 0.1977 0.0351 0.5393 0.0120 0.0114 0.0228 
        D859  4 0.4049 0.0339 0.0361 0.0553 0.0205 0.0251 0.0765 0.0858 0.0220 0.0920 0.0201 0.1277 
        D860  4 0.0772 0.0563 0.0426 0.0811 0.4103 0.0228 0.0281 0.0550 0.0295 0.1505 0.0270 0.0198 
        D883  4 0.0627 0.0215 0.0452 0.1702 0.0475 0.1589 0.0902 0.0764 0.0729 0.0502 0.0865 0.1179 
        D884  4 0.0228 0.0108 0.0177 0.0143 0.0208 0.0156 0.0265 0.0195 0.0303 0.0131 0.0306 0.7780 
        D885  4 0.0432 0.0539 0.0878 0.0551 0.0283 0.0352 0.0141 0.1811 0.0340 0.1663 0.0946 0.2064 
        D886  4 0.0458 0.0406 0.1800 0.1255 0.0200 0.1486 0.1205 0.0679 0.1453 0.0283 0.0276 0.0498 
        D887  4 0.0928 0.0921 0.0611 0.1494 0.0483 0.0346 0.0807 0.1032 0.0441 0.1650 0.0269 0.1019 
        D889  4 0.0336 0.0100 0.1188 0.0209 0.0127 0.0150 0.0973 0.0418 0.0115 0.5672 0.0184 0.0527 
        D890  4 0.0486 0.0550 0.0500 0.0316 0.0509 0.0567 0.1332 0.0554 0.0654 0.0290 0.4081 0.0161 
        D891  4 0.0093 0.0124 0.0135 0.0110 0.0077 0.0086 0.0077 0.0142 0.0084 0.8769 0.0193 0.0110 
        D899  4 0.0870 0.3021 0.0387 0.0247 0.0690 0.0291 0.0957 0.0727 0.0300 0.1563 0.0537 0.0409 
        D900  4 0.0894 0.0498 0.2484 0.0759 0.0487 0.0598 0.0817 0.1507 0.0419 0.0432 0.0446 0.0659 
        D970  4 0.2857 0.0437 0.1148 0.1248 0.0427 0.0777 0.0211 0.1090 0.0309 0.0709 0.0496 0.0291 
        D971  4 0.1616 0.3617 0.0481 0.0420 0.0479 0.0412 0.0581 0.0881 0.0812 0.0225 0.0312 0.0164 
        D979  4 0.2756 0.0437 0.0565 0.1456 0.0333 0.0434 0.1315 0.0802 0.0237 0.0396 0.0869 0.0399 
        D093  5 0.0173 0.0200 0.0334 0.0508 0.5849 0.0253 0.0419 0.0378 0.0244 0.0559 0.0331 0.0753 
        D154  5 0.0221 0.0683 0.0582 0.0267 0.0265 0.0167 0.0600 0.1062 0.0240 0.0963 0.2647 0.2304 
        D168  5 0.0236 0.1678 0.0406 0.0447 0.0144 0.0834 0.0407 0.1083 0.0307 0.0827 0.2263 0.1368 
