        D174  1 0.7245 0.0836 0.1514 0.0405 
        D199  1 0.2774 0.3721 0.0721 0.2784 
        D203  1 0.1435 0.3548 0.2353 0.2663 
        D204  1 0.0401 0.8898 0.0339 0.0363 
     D237366  1 0.1797 0.1941 0.4868 0.1395 
     D237367  1 0.0992 0.4596 0.3483 0.0929 
     D237368  1 0.1037 0.3091 0.4786 0.1087 
     D244101  1 0.0390 0.7454 0.0325 0.1832 
     D244102  1 0.3634 0.2280 0.2594 0.1492 
     D244103  1 0.1327 0.3229 0.4704 0.0740 
     D244104  1 0.1113 0.7500 0.0649 0.0738 
     D244105  1 0.0479 0.1797 0.7249 0.0474 
     D244106  1 0.5756 0.1041 0.0868 0.2335 
     D244107  1 0.0342 0.2379 0.6420 0.0859 
     D244108  1 0.5780 0.1717 0.1730 0.0773 
     D244113  1 0.9011 0.0275 0.0385 0.0329 
     D244114  1 0.2921 0.2406 0.1693 0.2980 
     D244115  1 0.5484 0.2013 0.1995 0.0509 
     D267365  1 0.3415 0.4761 0.0890 0.0934 
        D404  1 0.8789 0.0381 0.0424 0.0407 
        D405  1 0.5846 0.1684 0.1175 0.1296 
        D406  1 0.0452 0.0884 0.8454 0.0211 
        D407  1 0.0577 0.5766 0.2875 0.0782 
        D408  1 0.7839 0.0585 0.0500 0.1076 
        D409  1 0.1237 0.2942 0.4688 0.1133 
        D410  1 0.0456 0.1112 0.8253 0.0179 
        D421  1 0.0501 0.8484 0.0539 0.0476 
        D422  1 0.0212 0.0630 0.8849 0.0309 
        D423  1 0.0278 0.0608 0.8833 0.0282 
        D424  1 0.0535 0.7555 0.1605 0.0304 
        D425  1 0.3206 0.5487 0.0715 0.0592 
        D426  1 0.0623 0.1787 0.4400 0.3189 
        D427  1 0.1188 0.1827 0.0481 0.6504 
        D428  1 0.2953 0.4619 0.1585 0.0842 
        D429  1 0.3797 0.4574 0.0939 0.0690 
        D430  1 0.3126 0.2129 0.1644 0.3101 
        D491  1 0.8178 0.1189 0.0366 0.0267 
        D492  1 0.3579 0.3939 0.1719 0.0763 
        D537  1 0.0942 0.7583 0.1180 0.0294 
        D538  1 0.2912 0.1569 0.3947 0.1572 
        D539  1 0.3832 0.0766 0.1930 0.3473 
        D540  1 0.1960 0.4448 0.2812 0.0779 
        D541  1 0.0278 0.9014 0.0363 0.0345 
        D551  1 0.0711 0.1043 0.1261 0.6985 
        D552  1 0.2560 0.3218 0.3229 0.0994 
        D553  1 0.0311 0.9057 0.0371 0.0261 
        D615  1 0.1578 0.4359 0.2165 0.1898 
        D616  1 0.1297 0.3104 0.3217 0.2382 
        D621  1 0.2740 0.0840 0.5951 0.0470 
        D622  1 0.0741 0.0823 0.7903 0.0532 
        D623  1 0.6095 0.1092 0.0514 0.2299 
        D624  1 0.8668 0.0447 0.0470 0.0415 
        D625  1 0.1185 0.7438 0.1106 0.0270 
        D626  1 0.5514 0.1365 0.2146 0.0976 
        D627  1 0.0692 0.3487 0.4077 0.1744 
        D690  1 0.0855 0.8160 0.0782 0.0203 
        D691  1 0.0429 0.1437 0.7716 0.0419 
        D710  1 0.2093 0.6149 0.1110 0.0648 
        D711  1 0.1037 0.7886 0.0686 0.0391 
        D712  1 0.8084 0.0652 0.0603 0.0661 
        D713  1 0.6438 0.2178 0.1004 0.0380 
        D746  1 0.0307 0.0978 0.8393 0.0322 
        D747  1 0.0288 0.9010 0.0326 0.0376 
        D748  1 0.1222 0.4969 0.3405 0.0403 
        D749  1 0.2499 0.0559 0.5653 0.1289 
        D750  1 0.6009 0.2693 0.0832 0.0466 
        D763  1 0.0715 0.4440 0.1085 0.3759 
        D764  1 0.1975 0.5919 0.1743 0.0364 
        D765  1 0.1899 0.0671 0.7075 0.0355 
        D766  1 0.1453 0.3769 0.4425 0.0353 
        D767  1 0.1760 0.3655 0.3124 0.1460 
        D768  1 0.0265 0.8932 0.0493 0.0310 
        D811  1 0.8239 0.0512 0.0717 0.0532 
        D816  1 0.0913 0.8430 0.0387 0.0270 
        D825  1 0.5888 0.1771 0.1984 0.0357 
        D866  1 0.2920 0.0844 0.0774 0.5462 
        D867  1 0.0467 0.0493 0.8580 0.0460 
        D871  1 0.1364 0.3255 0.4402 0.0980 
        D872  1 0.1592 0.5658 0.2044 0.0706 
        D873  1 0.0316 0.0156 0.9345 0.0183 
        D874  1 0.3505 0.5444 0.0315 0.0736 
        D875  1 0.0754 0.2362 0.6506 0.0377 
        D876  1 0.1418 0.7287 0.0821 0.0475 
        D877  1 0.8630 0.0753 0.0267 0.0349 
        D892  1 0.3502 0.4138 0.2030 0.0331 
        D893  1 0.0489 0.7136 0.1457 0.0918 
        D894  1 0.1164 0.7077 0.1083 0.0676 
        D915  1 0.1349 0.5628 0.2545 0.0478 
        D916  1 0.0326 0.9042 0.0396 0.0235 
        D917  1 0.4687 0.3259 0.0701 0.1353 
        D925  1 0.1009 0.1367 0.7262 0.0362 
        D926  1 0.2263 0.5912 0.1308 0.0517 
        D927  1 0.0919 0.4580 0.0862 0.3639 
        D928  1 0.8080 0.1340 0.0334 0.0246 
        D929  1 0.5464 0.1860 0.2056 0.0620 
        D936  1 0.0862 0.7241 0.0500 0.1398 
        D938  1 0.0429 0.0709 0.8584 0.0277 
        D956  1 0.8276 0.0377 0.0727 0.0620 
        D957  1 0.1458 0.4186 0.3885 0.0470 
        D958  1 0.1878 0.5253 0.2544 0.0325 
        D959  1 0.0455 0.5852 0.3001 0.0692 
        D960  1 0.0657 0.0508 0.8585 0.0249 
        D989  1 0.6132 0.1297 0.0450 0.2122 
        D990  1 0.0441 0.0280 0.8470 0.0809 
        D023  2 0.0324 0.2736 0.6642 0.0298 
        D130  2 0.0361 0.0890 0.8348 0.0402 
        D131  2 0.0669 0.6751 0.1192 0.1387 
        D163  2 0.0442 0.1089 0.8133 0.0335 
        D164  2 0.0209 0.0266 0.4682 0.4843 
        D165  2 0.0220 0.1610 0.7621 0.0549 
        D166  2 0.2058 0.1847 0.4050 0.2046 
        D167  2 0.0777 0.0236 0.0275 0.8712 
        D192  2 0.0310 0.0209 0.0209 0.9273 
        D193  2 0.7578 0.0513 0.1108 0.0801 
        D206  2 0.0887 0.3696 0.2710 0.2707 
        D207  2 0.0746 0.1015 0.0537 0.7703 
        D208  2 0.4280 0.0605 0.0821 0.4294 
        D209  2 0.0732 0.2321 0.1611 0.5335 
        D210  2 0.3684 0.1485 0.0654 0.4177 
     D229599  2 0.1686 0.4714 0.1619 0.1982 
     D229600  2 0.0437 0.0586 0.4883 0.4094 
     D237227  2 0.5552 0.0905 0.1995 0.1548 
     D237228  2 0.4742 0.0361 0.3761 0.1136 
     D237258  2 0.2460 0.1410 0.1956 0.4174 
     D237310  2 0.1506 0.0312 0.7418 0.0764 
     D237311  2 0.0910 0.0326 0.6613 0.2151 
     D237312  2 0.3635 0.0647 0.5251 0.0468 
     D237313  2 0.2832 0.4089 0.2169 0.0910 
     D237322  2 0.2194 0.0941 0.1796 0.5069 
     D237323  2 0.2625 0.0352 0.6450 0.0573 
     D237324  2 0.0343 0.1466 0.4836 0.3355 
     D237325  2 0.2577 0.0969 0.5583 0.0871 
     D237326  2 0.1199 0.2280 0.5988 0.0534 
     D237327  2 0.0793 0.2436 0.0936 0.5835 
     D237337  2 0.1036 0.0373 0.8223 0.0369 
     D237338  2 0.2252 0.1655 0.4462 0.1631 
     D237339  2 0.0501 0.6061 0.0523 0.2916 
     D237340  2 0.3649 0.0443 0.3101 0.2807 
     D237389  2 0.1182 0.0436 0.7738 0.0644 
     D237390  2 0.3352 0.1364 0.4581 0.0703 
     D244017  2 0.5533 0.0581 0.0810 0.3076 
     D244112  2 0.0391 0.0224 0.1193 0.8192 
     D244118  2 0.0386 0.0338 0.2796 0.6480 
     D244119  2 0.4998 0.0353 0.0426 0.4223 
     D244120  2 0.2841 0.0277 0.0627 0.6255 
     D244122  2 0.1519 0.0547 0.0863 0.7071 
        D291  2 0.0998 0.1587 0.1728 0.5686 
        D292  2 0.1769 0.2886 0.0483 0.4863 
        D293  2 0.0210 0.4573 0.0200 0.5017 
        D322  2 0.0364 0.5702 0.0589 0.3345 
        D323  2 0.2725 0.3454 0.1019 0.2802 
        D324  2 0.1223 0.4306 0.2075 0.2395 
        D325  2 0.0180 0.1314 0.0383 0.8123 
        D326  2 0.0374 0.9074 0.0250 0.0303 
        D340  2 0.0195 0.0305 0.0228 0.9272 
        D341  2 0.0414 0.0482 0.0461 0.8643 
        D342  2 0.0517 0.0475 0.2063 0.6945 
        D343  2 0.0122 0.0310 0.0179 0.9388 
        D344  2 0.1662 0.6468 0.0948 0.0921 
        D345  2 0.0798 0.6940 0.1724 0.0538 
        D346  2 0.6643 0.1180 0.0655 0.1522 
        D351  2 0.0478 0.6499 0.1380 0.1644 
        D352  2 0.2929 0.3001 0.1868 0.2202 
        D353  2 0.0496 0.8614 0.0302 0.0588 
        D354  2 0.3819 0.4798 0.0989 0.0394 
        D362  2 0.0869 0.7640 0.1026 0.0465 
        D363  2 0.1293 0.7709 0.0501 0.0497 
        D364  2 0.1356 0.7291 0.0849 0.0504 
        D365  2 0.0247 0.0515 0.0168 0.9070 
        D369  2 0.2098 0.3349 0.1635 0.2918 
        D374  2 0.9291 0.0249 0.0256 0.0204 
        D375  2 0.3234 0.4319 0.1911 0.0535 
        D376  2 0.8685 0.0262 0.0441 0.0612 
        D377  2 0.4312 0.1180 0.3041 0.1468 
        D378  2 0.0351 0.7277 0.0501 0.1871 
        D379  2 0.0557 0.8651 0.0396 0.0396 
        D384  2 0.0456 0.8982 0.0268 0.0295 
        D385  2 0.0564 0.0307 0.0344 0.8785 
        D386  2 0.0521 0.8056 0.0709 0.0714 
        D391  2 0.0234 0.0905 0.0274 0.8587 
        D392  2 0.0811 0.1095 0.0943 0.7151 
        D393  2 0.0270 0.7065 0.0694 0.1971 
        D394  2 0.1360 0.3190 0.4014 0.1436 
        D395  2 0.0606 0.1638 0.0597 0.7159 
        D401  2 0.0801 0.0285 0.8497 0.0417 
        D402  2 0.0256 0.0420 0.0241 0.9084 
        D403  2 0.0668 0.6367 0.2303 0.0662 
        D415  2 0.0313 0.8061 0.1259 0.0367 
        D435  2 0.0237 0.6467 0.0892 0.2404 
        D436  2 0.3325 0.4946 0.1061 0.0668 
        D438  2 0.0346 0.0254 0.0345 0.9055 
        D439  2 0.0518 0.6143 0.1698 0.1641 
        D449  2 0.0427 0.2271 0.0752 0.6549 
        D450  2 0.4762 0.2750 0.1719 0.0768 
        D456  2 0.0250 0.9314 0.0223 0.0213 
        D462  2 0.0181 0.0984 0.0286 0.8548 
        D463  2 0.0328 0.9264 0.0192 0.0216 
        D464  2 0.1864 0.6018 0.0585 0.1533 
        D465  2 0.0601 0.3813 0.1668 0.3917 
        D473  2 0.7459 0.0610 0.1263 0.0669 
        D474  2 0.0585 0.6543 0.0895 0.1976 
        D476  2 0.0272 0.1829 0.6005 0.1894 
        D477  2 0.1492 0.6948 0.0696 0.0864 
        D478  2 0.4086 0.2455 0.2542 0.0917 
        D480  2 0.1126 0.5767 0.0486 0.2620 
        D481  2 0.1641 0.5598 0.1560 0.1201 
        D482  2 0.3349 0.1227 0.2075 0.3348 
        D483  2 0.0595 0.0394 0.0290 0.8721 
        D484  2 0.3837 0.1609 0.1067 0.3487 
        D510  2 0.8396 0.0439 0.0319 0.0846 
        D511  2 0.0411 0.7560 0.0557 0.1472 
        D512  2 0.0571 0.0550 0.7260 0.1619 
        D513  2 0.1040 0.2146 0.1166 0.5647 
        D635  2 0.0470 0.6625 0.2450 0.0454 
        D636  2 0.0312 0.0425 0.9018 0.0244 
        D637  2 0.2823 0.1530 0.1227 0.4420 
        D658  2 0.2056 0.0572 0.0736 0.6635 
        D659  2 0.0393 0.8485 0.0560 0.0562 
        D677  2 0.0822 0.4185 0.2805 0.2188 
        D678  2 0.0686 0.0557 0.0815 0.7943 
        D679  2 0.0935 0.6735 0.0560 0.1770 
        D719  2 0.3114 0.3984 0.0296 0.2606 
        D720  2 0.1392 0.7012 0.0787 0.0810 
        D721  2 0.0504 0.2597 0.5260 0.1638 
        D722  2 0.8770 0.0336 0.0402 0.0492 
        D734  2 0.4629 0.1959 0.0326 0.3085 
        D735  2 0.1069 0.5980 0.1404 0.1546 
        D736  2 0.3848 0.2267 0.0997 0.2888 
        D737  2 0.1140 0.0793 0.1062 0.7005 
        D807  2 0.3813 0.3445 0.0875 0.1867 
        D808  2 0.0748 0.2499 0.4163 0.2590 
        D817  2 0.2787 0.5697 0.0972 0.0543 
        D818  2 0.0636 0.2166 0.1596 0.5603 
        D819  2 0.1708 0.4926 0.2484 0.0882 
        D820  2 0.0307 0.9013 0.0302 0.0377 
        D895  2 0.0714 0.7043 0.1523 0.0720 
        D896  2 0.0694 0.0330 0.8669 0.0307 
        D897  2 0.0575 0.0557 0.0796 0.8073 
        D898  2 0.3176 0.2564 0.2826 0.1434 
        D918  2 0.1659 0.1340 0.4435 0.2566 
        D919  2 0.0556 0.6379 0.0724 0.2341 
        D920  2 0.0560 0.0446 0.8623 0.0371 
        D923  2 0.0360 0.8958 0.0358 0.0324 
        D930  2 0.3008 0.4507 0.1374 0.1111 
        D931  2 0.1421 0.5668 0.0778 0.2133 
        D968  2 0.0190 0.0396 0.0200 0.9214 
        D969  2 0.0678 0.5276 0.0538 0.3508 
        D977  2 0.0331 0.0811 0.0835 0.8023 
        D978  2 0.1167 0.1214 0.0680 0.6938 
        D211  3 0.0629 0.1376 0.6956 0.1038 
     D229639  3 0.1744 0.0733 0.0437 0.7086 
     D237212  3 0.1015 0.3323 0.1714 0.3947 
     D237213  3 0.0994 0.2928 0.5111 0.0967 
     D237214  3 0.0723 0.0835 0.8113 0.0329 
     D237215  3 0.1532 0.0289 0.0304 0.7875 
     D237216  3 0.0741 0.1693 0.4734 0.2832 
     D237217  3 0.0270 0.1920 0.6947 0.0863 
     D237218  3 0.0583 0.3091 0.1153 0.5173 
     D237219  3 0.2414 0.0677 0.5448 0.1461 
     D237382  3 0.3991 0.2412 0.2807 0.0790 
     D244127  3 0.0504 0.0597 0.7214 0.1685 
     D244129  3 0.0993 0.3835 0.3331 0.1841 
     D244133  3 0.3766 0.1445 0.2128 0.2661 
     D244134  3 0.3230 0.1067 0.1582 0.4122 
     D244135  3 0.0392 0.1015 0.7753 0.0841 
     D244136  3 0.4842 0.2465 0.1144 0.1549 
        D416  3 0.0826 0.3236 0.2304 0.3634 
        D417  3 0.0515 0.8027 0.1098 0.0360 
        D419  3 0.1952 0.2904 0.2457 0.2687 
        D565  3 0.8417 0.0778 0.0338 0.0467 
        D566  3 0.3763 0.0803 0.0573 0.4862 
        D567  3 0.0546 0.7860 0.1196 0.0398 
        D568  3 0.0455 0.5215 0.2375 0.1954 
        D569  3 0.1369 0.2666 0.2150 0.3816 
        D573  3 0.0311 0.2175 0.0445 0.7068 
        D574  3 0.7280 0.0746 0.1192 0.0782 
        D575  3 0.3340 0.2142 0.2970 0.1549 
        D576  3 0.0989 0.0148 0.0477 0.8386 
        D577  3 0.1324 0.6784 0.1314 0.0577 
        D578  3 0.0246 0.0224 0.9191 0.0340 
        D579  3 0.2675 0.3671 0.1262 0.2392 
        D660  3 0.0604 0.0470 0.2720 0.6206 
        D661  3 0.0366 0.0890 0.1020 0.7724 
        D663  3 0.0602 0.0897 0.0490 0.8011 
        D664  3 0.3330 0.0400 0.4235 0.2034 
        D665  3 0.0563 0.0658 0.6884 0.1895 
        D666  3 0.3499 0.2162 0.3247 0.1093 
        D009  4 0.0880 0.3666 0.4759 0.0695 
        D057  4 0.0634 0.2023 0.2650 0.4693 
        D109  4 0.1468 0.0856 0.7156 0.0520 
     D237222  4 0.2247 0.0710 0.6576 0.0467 
     D237223  4 0.2126 0.0919 0.5291 0.1664 
     D237224  4 0.0790 0.3837 0.0764 0.4609 
     D237225  4 0.1085 0.4469 0.3436 0.1009 
     D237299  4 0.0734 0.0672 0.7303 0.1292 
     D237300  4 0.0915 0.0282 0.0371 0.8432 
     D237306  4 0.7172 0.1223 0.1041 0.0563 
     D237307  4 0.4110 0.3316 0.1045 0.1529 
     D237308  4 0.1590 0.1293 0.1179 0.5937 
     D237309  4 0.0650 0.5012 0.3424 0.0914 
     D237317  4 0.6151 0.2427 0.0908 0.0513 
     D237318  4 0.0382 0.0291 0.0250 0.9076 
     D237319  4 0.1889 0.2194 0.4506 0.1411 
     D237320  4 0.0832 0.1908 0.4201 0.3060 
     D237321  4 0.0955 0.0928 0.1027 0.7090 
     D237397  4 0.3519 0.1110 0.2525 0.2847 
     D237398  4 0.0405 0.1466 0.0898 0.7232 
     D237399  4 0.2852 0.3037 0.1714 0.2398 
     D244001  4 0.0913 0.1138 0.6795 0.1153 
        D289  4 0.2851 0.3855 0.0868 0.2426 
        D290  4 0.3605 0.2763 0.1248 0.2384 
        D294  4 0.2020 0.4916 0.1267 0.1798 
        D295  4 0.1605 0.5919 0.1731 0.0746 
        D301  4 0.0773 0.0403 0.7366 0.1459 
        D302  4 0.0598 0.8485 0.0472 0.0445 
        D303  4 0.7843 0.0662 0.0767 0.0728 
        D304  4 0.4850 0.2122 0.0623 0.2405 
        D305  4 0.0454 0.3397 0.2633 0.3516 
        D306  4 0.5279 0.2369 0.1192 0.1160 
        D307  4 0.0812 0.0275 0.8179 0.0733 
        D327  4 0.1391 0.6941 0.0680 0.0987 
        D328  4 0.7886 0.0935 0.0629 0.0551 
        D329  4 0.1316 0.3381 0.1650 0.3654 
        D330  4 0.0478 0.5554 0.3540 0.0428 
        D331  4 0.3518 0.2196 0.1873 0.2413 
        D333  4 0.3737 0.1989 0.1942 0.2332 
        D334  4 0.6381 0.2104 0.0910 0.0605 
        D335  4 0.0901 0.7897 0.0408 0.0794 
        D370  4 0.6651 0.1058 0.1600 0.0691 
        D371  4 0.7678 0.1367 0.0392 0.0563 
        D372  4 0.1049 0.0304 0.0439 0.8208 
        D373  4 0.0392 0.0524 0.6967 0.2116 
        D455  4 0.0485 0.0759 0.7781 0.0976 
        D490  4 0.0422 0.0336 0.9043 0.0199 
        D497  4 0.0337 0.0458 0.8740 0.0465 
        D498  4 0.4838 0.1380 0.2007 0.1775 
        D499  4 0.2720 0.1061 0.1081 0.5138 
        D514  4 0.1068 0.7305 0.0951 0.0677 
        D515  4 0.1062 0.1205 0.7114 0.0618 
        D516  4 0.2487 0.2281 0.3362 0.1870 
        D517  4 0.0345 0.0971 0.7553 0.1131 
        D518  4 0.2684 0.2836 0.2895 0.1584 
        D519  4 0.0377 0.1211 0.6980 0.1433 
        D560  4 0.0513 0.1991 0.5200 0.2296 
        D561  4 0.0253 0.3490 0.5559 0.0698 
        D562  4 0.2550 0.1956 0.3378 0.2116 
        D563  4 0.0434 0.1718 0.1261 0.6587 
        D572  4 0.1701 0.5634 0.1554 0.1110 
        D629  4 0.1044 0.5898 0.2318 0.0739 
        D630  4 0.2495 0.3444 0.2439 0.1622 
        D631  4 0.1298 0.2219 0.1179 0.5303 
        D632  4 0.0761 0.1682 0.5436 0.2120 
        D646  4 0.0599 0.4555 0.3718 0.1128 
        D647  4 0.0395 0.6484 0.2225 0.0896 
        D648  4 0.8430 0.0497 0.0550 0.0523 
        D649  4 0.0581 0.7221 0.1804 0.0394 
        D650  4 0.3239 0.3337 0.2452 0.0971 
        D708  4 0.6735 0.1281 0.1090 0.0895 
        D709  4 0.5315 0.2143 0.1413 0.1129 
        D738  4 0.5853 0.1571 0.1947 0.0629 
        D739  4 0.1808 0.1352 0.5330 0.1509 
        D740  4 0.1881 0.0912 0.3682 0.3524 
        D741  4 0.0415 0.3439 0.3740 0.2406 
        D742  4 0.1510 0.0877 0.1309 0.6304 
        D743  4 0.0862 0.7746 0.0382 0.1009 
        D744  4 0.0495 0.6178 0.1034 0.2293 
        D745  4 0.0450 0.0741 0.8236 0.0574 
        D814  4 0.0654 0.1202 0.1073 0.7071 
        D815  4 0.1886 0.6373 0.0812 0.0929 
        D828  4 0.7102 0.0285 0.0670 0.1943 
        D845  4 0.0479 0.0424 0.0229 0.8868 
        D846  4 0.0358 0.5061 0.1644 0.2936 
        D847  4 0.1665 0.2950 0.3518 0.1867 
        D848  4 0.0374 0.0338 0.6094 0.3194 
        D849  4 0.0602 0.1118 0.7404 0.0876 
        D850  4 0.1548 0.3938 0.2768 0.1747 
        D856  4 0.1647 0.2161 0.5205 0.0987 
        D857  4 0.0793 0.0180 0.8305 0.0721 
        D859  4 0.2037 0.4460 0.0909 0.2594 
        D860  4 0.4087 0.2652 0.0372 0.2889 
        D883  4 0.3166 0.3817 0.2263 0.0755 
        D884  4 0.3657 0.1887 0.3874 0.0582 
        D885  4 0.0631 0.2860 0.1899 0.4610 
        D886  4 0.1092 0.3244 0.4517 0.1147 
        D887  4 0.1459 0.2423 0.1340 0.4778 
        D889  4 0.2427 0.1987 0.0464 0.5121 
        D890  4 0.5936 0.1356 0.1588 0.1121 
        D891  4 0.0215 0.0282 0.0172 0.9331 
        D899  4 0.2418 0.1133 0.0478 0.5971 
        D900  4 0.1932 0.4628 0.1950 0.1490 
        D970  4 0.1469 0.5233 0.1315 0.1983 
        D971  4 0.1083 0.1606 0.1226 0.6085 
        D979  4 0.0872 0.8117 0.0360 0.0651 
        D093  5 0.7411 0.0843 0.0699 0.1047 
        D154  5 0.1849 0.0797 0.1135 0.6219 
        D168  5 0.0758 0.1628 0.2952 0.4662 
        D189  5 0.6231 0.0604 0.0574 0.2591 
        D190  5 0.8376 0.0598 0.0354 0.0673 
     D237220  5 0.1416 0.1548 0.4930 0.2105 
     D237221  5 0.4068 0.1820 0.0914 0.3198 
     D237274  5 0.0433 0.8695 0.0433 0.0439 
     D237275  5 0.0899 0.0291 0.0690 0.8120 
     D237276  5 0.4787 0.1952 0.2302 0.0958 
     D237277  5 0.5475 0.0916 0.0475 0.3134 
     D237278  5 0.3057 0.0723 0.1577 0.4643 
     D237279  5 0.0312 0.1525 0.7506 0.0657 
     D237280  5 0.1528 0.3849 0.4009 0.0614 
     D237281  5 0.0296 0.0654 0.0364 0.8687 
     D237351  5 0.1607 0.0432 0.7300 0.0661 
     D237352  5 0.1631 0.3290 0.3854 0.1225 
     D237353  5 0.8260 0.0586 0.0375 0.0779 
     D237359  5 0.1299 0.2094 0.3423 0.3184 
     D237361  5 0.8606 0.0467 0.0476 0.0451 
     D237362  5 0.4513 0.2853 0.1156 0.1478 
     D237363  5 0.2090 0.1262 0.3213 0.3434 
     D237364  5 0.0524 0.2801 0.3002 0.3673 
     D237376  5 0.8347 0.0246 0.0492 0.0915 
     D237377  5 0.1212 0.5685 0.2455 0.0648 
     D237378  5 0.7562 0.0341 0.0529 0.1569 
     D237379  5 0.7265 0.0630 0.0867 0.1237 
     D237380  5 0.3116 0.1042 0.5515 0.0327 
     D237381  5 0.2167 0.1423 0.5286 0.1123 
     D237391  5 0.6517 0.1525 0.0872 0.1086 
     D237392  5 0.0993 0.6544 0.1063 0.1401 
     D237393  5 0.2144 0.5615 0.1169 0.1072 
     D237394  5 0.8483 0.0825 0.0428 0.0264 
     D237395  5 0.5179 0.0723 0.2243 0.1854 
     D237396  5 0.0681 0.6831 0.1303 0.1185 
     D244016  5 0.4174 0.2016 0.0882 0.2928 
     D244018  5 0.1617 0.1007 0.1675 0.5702 
     D244019  5 0.2303 0.4412 0.0913 0.2372 
        D279  5 0.0934 0.0883 0.1176 0.7007 
        D280  5 0.2908 0.3129 0.1390 0.2573 
        D281  5 0.0956 0.0538 0.0346 0.8159 
        D283  5 0.4581 0.3705 0.0553 0.1161 
        D284  5 0.1460 0.1411 0.5521 0.1607 
        D285  5 0.5957 0.1872 0.0827 0.1344 
        D286  5 0.4715 0.2556 0.1360 0.1369 
        D287  5 0.8500 0.0302 0.0734 0.0464 
        D288  5 0.2818 0.3666 0.0712 0.2803 
        D308  5 0.0461 0.1328 0.7893 0.0319 
        D309  5 0.0392 0.8680 0.0653 0.0275 
        D310  5 0.9054 0.0294 0.0256 0.0396 
        D311  5 0.5981 0.1990 0.0912 0.1118 
        D312  5 0.6040 0.2095 0.0876 0.0989 
        D313  5 0.0357 0.0190 0.9288 0.0165 
        D314  5 0.2731 0.0700 0.2331 0.4237 
        D315  5 0.4832 0.3102 0.1179 0.0887 
        D317  5 0.8558 0.0631 0.0287 0.0523 
        D318  5 0.1838 0.3179 0.2700 0.2283 
        D319  5 0.8585 0.0334 0.0466 0.0615 
        D320  5 0.8042 0.0677 0.0659 0.0621 
        D321  5 0.0874 0.1059 0.7343 0.0724 
        D336  5 0.9119 0.0393 0.0271 0.0217 
        D337  5 0.8907 0.0360 0.0191 0.0543 
        D338  5 0.2232 0.2282 0.2771 0.2716 
        D339  5 0.7381 0.0563 0.0735 0.1321 
        D347  5 0.4466 0.3889 0.0460 0.1185 
        D348  5 0.8763 0.0532 0.0251 0.0454 
        D349  5 0.0992 0.0419 0.8177 0.0413 
        D350  5 0.0662 0.7650 0.0677 0.1012 
        D355  5 0.0757 0.2948 0.0570 0.5725 
        D356  5 0.4912 0.3177 0.1273 0.0638 
        D357  5 0.5413 0.1428 0.1794 0.1365 
        D358  5 0.5309 0.2155 0.1509 0.1027 
        D359  5 0.4682 0.4405 0.0537 0.0376 
        D360  5 0.6190 0.2090 0.1191 0.0529 
        D361  5 0.0371 0.0369 0.8995 0.0265 
        D366  5 0.0548 0.5809 0.0856 0.2787 
        D367  5 0.8377 0.0348 0.0775 0.0500 
        D368  5 0.3872 0.1364 0.3964 0.0799 
        D380  5 0.0758 0.6513 0.1623 0.1106 
        D381  5 0.6644 0.1250 0.0707 0.1399 
        D400  5 0.5099 0.1221 0.0661 0.3019 
        D411  5 0.0278 0.0280 0.9064 0.0379 
        D412  5 0.2925 0.1911 0.2287 0.2877 
        D413  5 0.0396 0.1265 0.0767 0.7573 
        D414  5 0.1052 0.2322 0.0814 0.5811 
        D420  5 0.1964 0.0945 0.4458 0.2633 
        D431  5 0.4237 0.0385 0.1973 0.3405 
        D432  5 0.5398 0.1385 0.1239 0.1978 
        D433  5 0.6711 0.0979 0.0791 0.1520 
        D434  5 0.6238 0.1922 0.1041 0.0800 
        D440  5 0.0692 0.7556 0.1053 0.0698 
        D447  5 0.0479 0.7202 0.1664 0.0656 
        D448  5 0.8325 0.0618 0.0290 0.0766 
        D459  5 0.0452 0.1862 0.0332 0.7355 
        D460  5 0.0849 0.1275 0.7377 0.0498 
        D461  5 0.0462 0.8950 0.0274 0.0314 
        D468  5 0.5306 0.2396 0.1478 0.0820 
        D469  5 0.1694 0.5142 0.2315 0.0849 
        D470  5 0.3803 0.1327 0.3944 0.0926 
        D471  5 0.7557 0.0877 0.0341 0.1225 
        D472  5 0.0261 0.7568 0.0288 0.1883 
        D479  5 0.0823 0.0531 0.0432 0.8214 
        D485  5 0.5906 0.1377 0.1380 0.1336 
        D486  5 0.4452 0.2151 0.2601 0.0797 
        D487  5 0.2418 0.0495 0.0682 0.6405 
        D555  5 0.8437 0.0496 0.0327 0.0740 
        D556  5 0.4437 0.1211 0.1146 0.3205 
        D557  5 0.7747 0.0929 0.0371 0.0953 
        D564  5 0.5595 0.1890 0.1660 0.0855 
        D594  5 0.3757 0.3894 0.1195 0.1153 
        D595  5 0.4233 0.2642 0.1185 0.1940 
        D596  5 0.8752 0.0444 0.0284 0.0520 
        D597  5 0.3678 0.2327 0.0482 0.3513 
        D598  5 0.5046 0.1691 0.1775 0.1488 
        D617  5 0.0417 0.0387 0.7269 0.1927 
        D618  5 0.4771 0.1806 0.0764 0.2658 
        D619  5 0.3421 0.3370 0.2549 0.0660 
        D620  5 0.0369 0.0549 0.0328 0.8754 
        D628  5 0.3659 0.2752 0.2220 0.1370 
        D714  5 0.5723 0.0376 0.0584 0.3317 
        D715  5 0.5884 0.1666 0.0488 0.1963 
        D716  5 0.4786 0.1986 0.0761 0.2467 
        D717  5 0.2015 0.5660 0.1359 0.0966 
        D718  5 0.5293 0.0540 0.2835 0.1332 
        D769  5 0.0779 0.0601 0.7165 0.1454 
        D770  5 0.3472 0.0783 0.0807 0.4939 
        D771  5 0.2636 0.1070 0.1834 0.4461 
        D772  5 0.6512 0.1741 0.0671 0.1077 
        D782  5 0.0765 0.1718 0.4414 0.3102 
        D783  5 0.1980 0.0935 0.0639 0.6446 
        D784  5 0.0813 0.7547 0.0693 0.0947 
        D785  5 0.8300 0.0777 0.0468 0.0455 
        D786  5 0.0620 0.3420 0.5223 0.0737 
        D821  5 0.9080 0.0350 0.0218 0.0352 
        D822  5 0.2464 0.5945 0.0677 0.0914 
        D826  5 0.4253 0.0874 0.0542 0.4331 
        D827  5 0.1064 0.6764 0.1124 0.1048 
        D851  5 0.2483 0.3408 0.2421 0.1688 
        D852  5 0.2582 0.0952 0.1081 0.5385 
        D853  5 0.5312 0.1654 0.1105 0.1929 
        D854  5 0.1262 0.2840 0.1972 0.3926 
        D861  5 0.3579 0.1215 0.1937 0.3269 
        D862  5 0.5719 0.3031 0.0778 0.0472 
        D865  5 0.7714 0.0474 0.0635 0.1177 
        D868  5 0.1084 0.7323 0.0783 0.0810 
        D869  5 0.0606 0.0507 0.8546 0.0340 
        D870  5 0.0368 0.2977 0.5665 0.0990 
        D907  5 0.8089 0.0462 0.0885 0.0563 
        D908  5 0.2530 0.0596 0.0686 0.6189 
        D910  5 0.5069 0.0931 0.0372 0.3628 
        D911  5 0.0763 0.2113 0.0489 0.6635 
        D934  5 0.2040 0.1224 0.0898 0.5838 
        D946  5 0.2667 0.0670 0.1771 0.4892 
        D947  5 0.1794 0.4603 0.1564 0.2039 
        D948  5 0.1562 0.1208 0.6735 0.0495 
        D949  5 0.1076 0.0938 0.7589 0.0397 
        D950  5 0.0585 0.1531 0.0405 0.7479 
        D951  5 0.1582 0.7164 0.0888 0.0365 
        D952  5 0.1364 0.7488 0.0519 0.0628 
        D953  5 0.6692 0.1545 0.0765 0.0998 
        D954  5 0.3102 0.5483 0.0790 0.0624 
        D961  5 0.7071 0.0570 0.1157 0.1202 
        D962  5 0.8334 0.1094 0.0338 0.0233 
        D963  5 0.3768 0.4359 0.0541 0.1332 
        D964  5 0.2295 0.1240 0.3735 0.2730 
        D965  5 0.3548 0.2431 0.1817 0.2204 
        D966  5 0.4695 0.2449 0.0614 0.2242 
        D967  5 0.2969 0.1073 0.1916 0.4042 
        D991  5 0.3734 0.2600 0.2839 0.0827 
        D502  6 0.0886 0.0816 0.4166 0.4132 
        D503  6 0.0589 0.0618 0.3126 0.5667 
        D504  6 0.1364 0.5692 0.1413 0.1530 
        D505  6 0.4276 0.1951 0.1333 0.2440 
        D506  6 0.8668 0.0601 0.0394 0.0338 
        D507  6 0.1245 0.1716 0.2100 0.4939 
        D508  6 0.1334 0.5106 0.0974 0.2586 
        D529  6 0.2773 0.1979 0.3591 0.1656 
        D530  6 0.7186 0.0410 0.1248 0.1157 
        D531  6 0.3057 0.3662 0.1719 0.1563 
        D532  6 0.5220 0.3001 0.0830 0.0949 
        D534  6 0.0413 0.1108 0.7726 0.0753 
        D535  6 0.5790 0.2604 0.1060 0.0546 
        D536  6 0.0421 0.0375 0.1709 0.7495 
        D554  6 0.7473 0.0531 0.1460 0.0536 
        D587  6 0.7187 0.1451 0.0526 0.0836 
        D588  6 0.4606 0.3506 0.1044 0.0843 
        D589  6 0.1982 0.0839 0.1547 0.5631 
        D590  6 0.0722 0.0603 0.0922 0.7753 
        D591  6 0.1752 0.1912 0.2231 0.4104 
        D592  6 0.0857 0.0878 0.7463 0.0802 
        D593  6 0.7919 0.0292 0.0923 0.0865 
        D682  6 0.7859 0.0607 0.0772 0.0762 
        D683  6 0.2305 0.6112 0.1111 0.0473 
        D684  6 0.0256 0.1134 0.4160 0.4450 
        D685  6 0.1803 0.0420 0.2988 0.4789 
        D686  6 0.8338 0.0726 0.0517 0.0419 
        D724  6 0.0806 0.4837 0.2485 0.1872 
        D725  6 0.4372 0.0967 0.1369 0.3292 
        D726  6 0.8890 0.0602 0.0259 0.0249 
        D727  6 0.1459 0.3161 0.1352 0.4028 
        D728  6 0.8108 0.0718 0.0694 0.0480 
        D729  6 0.0469 0.3565 0.4679 0.1286 
        D730  6 0.0891 0.2777 0.3590 0.2742 
        D731  6 0.6148 0.0245 0.0347 0.3259 
        D732  6 0.1608 0.6120 0.1020 0.1252 
        D733  6 0.3089 0.2759 0.2728 0.1424 
     D237251  7 0.2220 0.0680 0.0905 0.6194 
     D237252  7 0.0762 0.1069 0.5395 0.2773 
     D237253  7 0.2521 0.1061 0.0930 0.5488 
     D237254  7 0.0280 0.0348 0.8956 0.0416 
     D237255  7 0.0794 0.0470 0.0389 0.8347 
     D237256  7 0.1066 0.1384 0.0559 0.6990 
     D237257  7 0.0885 0.1353 0.6402 0.1360 
     D237282  7 0.0405 0.7964 0.0927 0.0704 
     D237283  7 0.0348 0.0229 0.8642 0.0781 
     D237284  7 0.0396 0.0767 0.8379 0.0458 
     D237285  7 0.6021 0.0875 0.1034 0.2070 
     D237286  7 0.2739 0.3534 0.1353 0.2374 
     D237287  7 0.0937 0.2532 0.1315 0.5216 
     D244006  7 0.0298 0.0515 0.8879 0.0308 
     D244007  7 0.0853 0.3270 0.1325 0.4552 
     D244008  7 0.0858 0.0327 0.8202 0.0613 
     D244009  7 0.1479 0.2136 0.5855 0.0531 
     D244010  7 0.1119 0.1066 0.5763 0.2051 
     D244011  7 0.3552 0.1123 0.1992 0.3332 
     D244012  7 0.0991 0.1947 0.2777 0.4285 
     D244013  7 0.2151 0.2059 0.1032 0.4758 
     D244014  7 0.1065 0.1334 0.3441 0.4160 
     D244015  7 0.0791 0.2282 0.5875 0.1052 
     D244125  7 0.2786 0.2586 0.0783 0.3845 
     D244126  7 0.0212 0.0333 0.9172 0.0283 
     D244130  7 0.2324 0.1492 0.4346 0.1838 
     D244131  7 0.2799 0.4218 0.1860 0.1123 
     D244132  7 0.4785 0.3863 0.0719 0.0634 
        D520  7 0.3378 0.0868 0.5100 0.0654 
        D521  7 0.2406 0.3119 0.2926 0.1549 
        D522  7 0.0831 0.2878 0.5349 0.0942 
        D523  7 0.0881 0.0717 0.0786 0.7616 
        D524  7 0.2705 0.1314 0.1743 0.4238 
        D525  7 0.0542 0.0598 0.5669 0.3190 
        D526  7 0.0267 0.0721 0.8559 0.0453 
        D527  7 0.1207 0.4911 0.1654 0.2228 
        D528  7 0.0241 0.1632 0.7834 0.0292 
        D558  7 0.0742 0.5948 0.1785 0.1524 
        D559  7 0.0453 0.5748 0.1756 0.2043 
        D640  7 0.4330 0.2156 0.1145 0.2369 
        D641  7 0.4063 0.0491 0.2277 0.3169 
        D642  7 0.1206 0.1077 0.5681 0.2036 
        D644  7 0.4614 0.1233 0.2611 0.1542 
        D645  7 0.2418 0.1531 0.2385 0.3667 
        D662  7 0.1630 0.3024 0.5059 0.0288 
        D687  7 0.1309 0.2788 0.1554 0.4348 
        D688  7 0.0668 0.5184 0.2506 0.1641 
        D689  7 0.3460 0.2963 0.1229 0.2347 
        D700  7 0.0226 0.1974 0.7429 0.0372 
        D797  7 0.3074 0.2964 0.1446 0.2517 
        D798  7 0.0937 0.1368 0.7225 0.0470 
        D799  7 0.0734 0.0946 0.2404 0.5915 
        D800  7 0.0550 0.6979 0.1357 0.1114 
        D132  8 0.0476 0.0583 0.8605 0.0337 
        D133  8 0.0246 0.0242 0.0763 0.8749 
        D200  8 0.3601 0.1661 0.1152 0.3586 
        D500  8 0.0428 0.0401 0.8946 0.0225 
        D614  8 0.6376 0.1467 0.1489 0.0667 
        D723  8 0.0983 0.4559 0.3219 0.1238 
        D888  8 0.0466 0.0817 0.0298 0.8419 
        D901  8 0.1720 0.0330 0.6675 0.1275 
        D902  8 0.7738 0.0493 0.0915 0.0854 
        D903  8 0.1824 0.6293 0.0576 0.1308 
        D904  8 0.1650 0.5107 0.2021 0.1221 
        D905  8 0.1604 0.0261 0.0319 0.7816 
        D906  8 0.0605 0.1581 0.1493 0.6321 
        D937  8 0.8778 0.0170 0.0408 0.0645 
        D943  8 0.0880 0.2172 0.4886 0.2062 
        D972  8 0.0857 0.3385 0.5001 0.0757 
        D973  8 0.0730 0.7085 0.1727 0.0458 
        D974  8 0.3419 0.2075 0.2660 0.1845 
        D975  8 0.4815 0.1642 0.1070 0.2473 
        D976  8 0.2908 0.0948 0.2991 0.3153 
        D201  9 0.0892 0.2006 0.1868 0.5234 
        D202  9 0.2433 0.0526 0.1854 0.5186 
     D237259  9 0.0329 0.3937 0.4457 0.1277 
     D237260  9 0.0801 0.0309 0.3278 0.5611 
     D237262  9 0.0428 0.0472 0.8816 0.0284 
     D237263  9 0.0680 0.1023 0.5818 0.2479 
     D237264  9 0.2824 0.1274 0.4175 0.1728 
     D237265  9 0.0513 0.0308 0.1077 0.8102 
     D237266  9 0.0446 0.0814 0.2126 0.6614 
     D237267  9 0.4514 0.0815 0.3415 0.1256 
     D237268  9 0.1568 0.1390 0.6288 0.0754 
     D237289  9 0.3703 0.0335 0.1137 0.4825 
     D237290  9 0.0342 0.0323 0.0441 0.8894 
     D237291  9 0.1140 0.0522 0.0981 0.7357 
     D237292  9 0.0535 0.0467 0.3568 0.5431 
     D237293  9 0.3673 0.1693 0.3295 0.1340 
     D237294  9 0.1223 0.0412 0.6023 0.2342 
     D237295  9 0.2868 0.3784 0.2783 0.0565 
     D237296  9 0.2594 0.1346 0.3491 0.2569 
     D237297  9 0.7364 0.0788 0.0651 0.1198 
     D237298  9 0.1066 0.4010 0.2309 0.2616 
     D237341  9 0.1028 0.2010 0.1925 0.5037 
     D237342  9 0.1498 0.0607 0.6938 0.0958 
     D237343  9 0.0780 0.0995 0.4555 0.3670 
     D237344  9 0.6368 0.0640 0.1152 0.1840 
     D237345  9 0.0310 0.0583 0.8528 0.0579 
     D237346  9 0.2098 0.0454 0.1778 0.5670 
     D237347  9 0.5315 0.1226 0.1153 0.2306 
     D237348  9 0.2775 0.1488 0.3380 0.2357 
     D237349  9 0.0421 0.4389 0.2284 0.2906 
     D244109  9 0.0239 0.1380 0.2130 0.6252 
     D244110  9 0.0372 0.0733 0.0892 0.8003 
     D244111  9 0.1702 0.2678 0.2199 0.3421 
     D244128  9 0.0670 0.0510 0.7847 0.0973 
     D244137  9 0.0795 0.6803 0.1638 0.0763 
     D244138  9 0.2825 0.0703 0.1851 0.4621 
        D580  9 0.1038 0.1354 0.7263 0.0344 
        D581  9 0.0340 0.0304 0.0759 0.8596 
        D582  9 0.0423 0.0304 0.9032 0.0241 
        D583  9 0.0313 0.0278 0.0859 0.8550 
        D584  9 0.6018 0.0391 0.2894 0.0697 
        D585  9 0.0538 0.0491 0.6871 0.2100 
        D586  9 0.0861 0.0499 0.0470 0.8169 
        D651  9 0.1645 0.5658 0.0874 0.1823 
        D652  9 0.0378 0.3598 0.4630 0.1394 
        D653  9 0.0926 0.3462 0.0920 0.4692 
        D654  9 0.0549 0.4334 0.1854 0.3263 
        D655  9 0.3556 0.1713 0.1029 0.3702 
        D656  9 0.0756 0.0584 0.8238 0.0422 
        D657  9 0.1808 0.1722 0.4349 0.2120 
        D667  9 0.5827 0.0877 0.0799 0.2497 
        D668  9 0.1789 0.0718 0.5106 0.2387 
        D669  9 0.0865 0.0998 0.1644 0.6493 
        D670  9 0.1164 0.6962 0.1162 0.0712 
        D671  9 0.0957 0.0702 0.1223 0.7118 
        D672  9 0.0540 0.0510 0.8003 0.0948 
        D673  9 0.3627 0.1677 0.3106 0.1590 
        D692  9 0.0534 0.0675 0.6355 0.2436 
        D693  9 0.3872 0.1849 0.2818 0.1461 
        D694  9 0.0774 0.0289 0.8360 0.0577 
        D695  9 0.1157 0.2968 0.4831 0.1044 
        D696  9 0.9317 0.0244 0.0209 0.0231 
        D697  9 0.4693 0.1464 0.1213 0.2630 
        D698  9 0.3824 0.0433 0.0938 0.4804 
        D699  9 0.7414 0.0367 0.1077 0.1141 
        D787  9 0.0438 0.4638 0.3102 0.1822 
        D788  9 0.7237 0.0796 0.1540 0.0427 
        D789  9 0.4200 0.0551 0.3299 0.1950 
        D790  9 0.1410 0.2714 0.2626 0.3250 
        D791  9 0.2062 0.0427 0.0906 0.6605 
        D792  9 0.0582 0.4694 0.2021 0.2703 
        D793  9 0.5842 0.2199 0.0578 0.1381 
        D794  9 0.3785 0.3549 0.0878 0.1789 
        D795  9 0.1655 0.0320 0.7386 0.0639 
        D796  9 0.1662 0.0609 0.1784 0.5945 
        D142 10 0.5817 0.1735 0.0792 0.1657 
        D143 10 0.1054 0.0586 0.0604 0.7756 
        D144 10 0.4084 0.2344 0.2314 0.1259 
        D145 10 0.0472 0.0610 0.0500 0.8418 
        D146 10 0.1563 0.0853 0.7072 0.0513 
        D147 10 0.1329 0.2370 0.4684 0.1617 
        D148 10 0.1645 0.3490 0.3536 0.1330 
        D149 10 0.0367 0.0755 0.0754 0.8125 
        D151 10 0.1166 0.1588 0.4938 0.2308 
        D152 10 0.0245 0.0278 0.0305 0.9173 
        D153 10 0.3175 0.5245 0.1103 0.0477 
        D156 10 0.0774 0.7670 0.0544 0.1013 
        D157 10 0.6862 0.0681 0.1601 0.0856 
        D158 10 0.3898 0.0438 0.2393 0.3272 
        D159 10 0.0359 0.0434 0.0289 0.8918 
        D160 10 0.2129 0.0220 0.0476 0.7175 
        D161 10 0.2370 0.4198 0.1639 0.1793 
        D162 10 0.1969 0.5433 0.0380 0.2218 
        D169 10 0.0398 0.0505 0.8532 0.0565 
        D170 10 0.1341 0.1042 0.6974 0.0642 
        D171 10 0.6696 0.1346 0.1294 0.0663 
        D172 10 0.1851 0.3732 0.2120 0.2298 
        D173 10 0.0189 0.1032 0.0617 0.8162 
        D181 10 0.5937 0.1622 0.0729 0.1711 
        D182 10 0.0563 0.1758 0.2053 0.5626 
        D183 10 0.8064 0.0846 0.0639 0.0451 
        D184 10 0.0248 0.1148 0.8414 0.0189 
        D185 10 0.1642 0.5068 0.2342 0.0948 
        D186 10 0.0356 0.0277 0.8523 0.0844 
        D194 10 0.1626 0.1622 0.5754 0.0998 
        D195 10 0.2659 0.2419 0.0596 0.4325 
        D196 10 0.1389 0.4661 0.0372 0.3578 
        D197 10 0.0621 0.0367 0.7274 0.1738 
        D198 10 0.2448 0.3651 0.3300 0.0601 
     D237226 10 0.0372 0.0889 0.2334 0.6406 
     D237232 10 0.3701 0.0661 0.1423 0.4216 
     D237233 10 0.2088 0.0466 0.1125 0.6321 
     D237234 10 0.5394 0.1564 0.1168 0.1874 
     D237354 10 0.0288 0.0356 0.0212 0.9144 
     D237355 10 0.0860 0.0607 0.0766 0.7767 
     D237356 10 0.4258 0.3327 0.1940 0.0474 
     D237357 10 0.1361 0.0956 0.3132 0.4551 
     D237358 10 0.0932 0.3398 0.4036 0.1634 
     D237369 10 0.0323 0.0870 0.8287 0.0520 
     D237370 10 0.8022 0.0429 0.0579 0.0970 
     D237371 10 0.0836 0.5815 0.2413 0.0937 
     D237372 10 0.0430 0.1105 0.3955 0.4510 
     D237373 10 0.4679 0.0798 0.0865 0.3658 
     D237374 10 0.1479 0.0464 0.0356 0.7700 
     D237375 10 0.1187 0.3067 0.2339 0.3406 
     D237400 10 0.0277 0.0273 0.0245 0.9205 
     D244002 10 0.0496 0.2329 0.6413 0.0762 
     D244003 10 0.2943 0.0230 0.0711 0.6116 
     D244004 10 0.9111 0.0182 0.0377 0.0330 
     D244005 10 0.0448 0.0673 0.2347 0.6532 
     D244020 10 0.4147 0.3229 0.1391 0.1233 
     D244021 10 0.1210 0.0733 0.5313 0.2745 
     D244116 10 0.1779 0.1742 0.5276 0.1203 
     D244117 10 0.4024 0.0650 0.0781 0.4545 
     D244121 10 0.6439 0.0403 0.1150 0.2008 
     D244123 10 0.4976 0.0832 0.1206 0.2986 
     D244124 10 0.1949 0.0376 0.4094 0.3581 
        D332 10 0.1145 0.7699 0.0517 0.0639 
        D570 10 0.7750 0.1198 0.0598 0.0454 
        D602 10 0.0690 0.8147 0.0452 0.0711 
        D603 10 0.4067 0.0760 0.2087 0.3086 
        D604 10 0.1212 0.4474 0.0536 0.3778 
        D605 10 0.0916 0.5585 0.1636 0.1863 
        D606 10 0.2707 0.0446 0.6359 0.0488 
        D607 10 0.0384 0.8867 0.0372 0.0376 
        D608 10 0.0217 0.0464 0.0209 0.9110 
        D609 10 0.6499 0.2206 0.0930 0.0365 
        D610 10 0.3881 0.2708 0.1671 0.1741 
        D611 10 0.9331 0.0232 0.0209 0.0227 
        D613 10 0.2525 0.5191 0.0821 0.1463 
        D633 10 0.0443 0.7277 0.1003 0.1278 
        D634 10 0.6098 0.1083 0.1391 0.1427 
        D638 10 0.0527 0.0342 0.0301 0.8830 
        D681 10 0.5484 0.0974 0.2077 0.1466 
        D754 10 0.3781 0.0342 0.5115 0.0762 
        D755 10 0.3759 0.0208 0.0366 0.5667 
        D756 10 0.6711 0.0608 0.1446 0.1236 
        D757 10 0.1053 0.2164 0.2469 0.4314 
        D758 10 0.3358 0.2342 0.2399 0.1900 
        D759 10 0.2866 0.0577 0.0847 0.5710 
        D760 10 0.3585 0.1636 0.1060 0.3719 
        D761 10 0.0460 0.0215 0.0283 0.9041 
        D762 10 0.0957 0.7154 0.0968 0.0921 
        D775 10 0.6642 0.0310 0.0820 0.2228 
        D776 10 0.0889 0.0269 0.0533 0.8309 
        D777 10 0.4203 0.0636 0.2218 0.2943 
        D778 10 0.0490 0.0399 0.1841 0.7270 
        D779 10 0.5164 0.0692 0.2551 0.1592 
        D780 10 0.1643 0.1982 0.0703 0.5672 
        D781 10 0.1260 0.6132 0.1120 0.1488 
        D858 10 0.0226 0.0267 0.8905 0.0602 
        D933 10 0.2498 0.3624 0.0874 0.3004 
        D038 11 0.1187 0.1611 0.1816 0.5386 
        D063 11 0.3628 0.0917 0.0846 0.4609 
        D155 11 0.3796 0.1202 0.1279 0.3723 
        D175 11 0.6298 0.0519 0.2588 0.0594 
        D176 11 0.1462 0.0324 0.0693 0.7522 
        D205 11 0.7539 0.0410 0.1726 0.0325 
     D237229 11 0.0548 0.3382 0.2548 0.3522 
     D237230 11 0.0399 0.5992 0.2311 0.1298 
     D237231 11 0.0665 0.7942 0.0498 0.0895 
     D237269 11 0.0924 0.3458 0.1786 0.3832 
     D237270 11 0.0458 0.1412 0.7339 0.0791 
     D237271 11 0.6060 0.1813 0.1335 0.0792 
     D237272 11 0.0504 0.5846 0.2292 0.1358 
     D237273 11 0.6648 0.0840 0.0664 0.1847 
     D237301 11 0.1627 0.7319 0.0490 0.0564 
     D237302 11 0.1104 0.1710 0.4631 0.2554 
     D237303 11 0.0349 0.1587 0.6277 0.1787 
     D237304 11 0.1847 0.4120 0.2415 0.1618 
     D237305 11 0.1546 0.0588 0.6580 0.1286 
     D237314 11 0.3976 0.1344 0.2404 0.2276 
     D237315 11 0.0864 0.1477 0.6733 0.0926 
     D237316 11 0.0817 0.8526 0.0364 0.0293 
     D237328 11 0.2865 0.3505 0.3237 0.0393 
     D237329 11 0.1465 0.1153 0.3135 0.4247 
     D237330 11 0.7195 0.0471 0.0560 0.1775 
     D237331 11 0.3967 0.2326 0.1231 0.2476 
     D237332 11 0.2981 0.4977 0.1098 0.0945 
     D237333 11 0.3224 0.0576 0.0332 0.5868 
     D237334 11 0.0804 0.8368 0.0372 0.0457 
     D237335 11 0.4052 0.3338 0.1963 0.0646 
     D237336 11 0.1628 0.1074 0.1618 0.5680 
     D237350 11 0.6781 0.1470 0.0555 0.1194 
     D237383 11 0.2078 0.0654 0.4056 0.3213 
     D237384 11 0.0685 0.6094 0.2348 0.0873 
     D237385 11 0.2114 0.2848 0.2882 0.2156 
     D237386 11 0.1776 0.5890 0.0918 0.1417 
     D237387 11 0.1184 0.7118 0.1353 0.0344 
     D237388 11 0.7786 0.1330 0.0339 0.0546 
        D239 11 0.4003 0.2159 0.0799 0.3039 
        D240 11 0.0495 0.0300 0.0800 0.8404 
        D241 11 0.0713 0.2885 0.4806 0.1596 
        D242 11 0.1091 0.5320 0.1075 0.2514 
        D243 11 0.4620 0.1568 0.1645 0.2167 
        D244 11 0.7291 0.0719 0.1474 0.0516 
