        D174  1 0.1297 0.0284 0.3451 0.0534 0.0920 0.0816 0.1640 0.1058 
        D199  1 0.1132 0.0409 0.1780 0.1191 0.2556 0.1757 0.0432 0.0742 
        D203  1 0.1108 0.0407 0.0720 0.1754 0.2402 0.1258 0.1399 0.0951 
        D204  1 0.0278 0.0522 0.0144 0.0833 0.7645 0.0166 0.0246 0.0165 
     D237366  1 0.0705 0.1289 0.0460 0.0499 0.0786 0.0489 0.0194 0.5578 
     D237367  1 0.1393 0.0499 0.0306 0.2283 0.1545 0.0236 0.0594 0.3144 
     D237368  1 0.0635 0.0370 0.0783 0.0343 0.1522 0.1375 0.0659 0.4313 
     D244101  1 0.0614 0.3634 0.0328 0.2915 0.1656 0.0342 0.0272 0.0239 
     D244102  1 0.1711 0.1468 0.0536 0.0407 0.1145 0.1825 0.1792 0.1115 
     D244103  1 0.3893 0.0577 0.0336 0.0878 0.1490 0.0457 0.0465 0.1904 
     D244104  1 0.0259 0.0273 0.0832 0.0441 0.6548 0.0462 0.0756 0.0429 
     D244105  1 0.1437 0.0321 0.0135 0.0337 0.0837 0.0385 0.1460 0.5089 
     D244106  1 0.1176 0.0315 0.5391 0.0549 0.0528 0.1325 0.0417 0.0298 
     D244107  1 0.0774 0.0766 0.0177 0.2249 0.0603 0.0386 0.2207 0.2836 
     D244108  1 0.0416 0.0378 0.2880 0.0396 0.1135 0.0586 0.3875 0.0335 
     D244113  1 0.1039 0.1777 0.2885 0.0183 0.0207 0.3180 0.0461 0.0268 
     D244114  1 0.2826 0.0574 0.0900 0.0825 0.0894 0.1959 0.0753 0.1268 
     D244115  1 0.0966 0.0295 0.2279 0.0211 0.2310 0.0462 0.2761 0.0715 
     D267365  1 0.0574 0.0395 0.2238 0.0348 0.4607 0.0763 0.0327 0.0748 
        D404  1 0.1360 0.1825 0.2380 0.0499 0.0239 0.2708 0.0815 0.0174 
        D405  1 0.0635 0.0725 0.0499 0.0341 0.0980 0.5364 0.1039 0.0418 
        D406  1 0.0272 0.0308 0.0335 0.0166 0.1211 0.0175 0.0402 0.7132 
        D407  1 0.0595 0.0161 0.0273 0.5794 0.1340 0.0195 0.0206 0.1436 
        D408  1 0.0966 0.0489 0.5625 0.0268 0.0590 0.0735 0.1043 0.0284 
        D409  1 0.6398 0.0284 0.0411 0.0223 0.0707 0.0921 0.0511 0.0545 
        D410  1 0.0285 0.0242 0.0215 0.0154 0.0764 0.0151 0.8009 0.0181 
        D421  1 0.0169 0.0116 0.0365 0.2870 0.5979 0.0137 0.0131 0.0233 
        D422  1 0.0293 0.0106 0.0130 0.0546 0.0316 0.0266 0.0237 0.8106 
        D423  1 0.0248 0.0169 0.0145 0.1997 0.0233 0.0122 0.6455 0.0632 
        D424  1 0.1096 0.0179 0.0264 0.0222 0.6479 0.0165 0.0214 0.1380 
        D425  1 0.1132 0.0358 0.1101 0.0464 0.4991 0.0584 0.1056 0.0313 
        D426  1 0.6175 0.0202 0.0392 0.1290 0.0256 0.0611 0.0167 0.0907 
        D427  1 0.0307 0.0135 0.1821 0.3367 0.2122 0.1735 0.0224 0.0288 
        D428  1 0.0994 0.0627 0.1631 0.1338 0.2678 0.0481 0.1328 0.0922 
        D429  1 0.0989 0.0406 0.1182 0.0374 0.4680 0.1391 0.0421 0.0556 
        D430  1 0.4349 0.0265 0.1438 0.1156 0.0815 0.0947 0.0479 0.0551 
        D491  1 0.0475 0.0214 0.6436 0.0160 0.1319 0.0360 0.0807 0.0231 
        D492  1 0.1262 0.0559 0.1205 0.1721 0.2802 0.0596 0.0629 0.1227 
        D537  1 0.0520 0.0766 0.0261 0.1430 0.5095 0.0338 0.0585 0.1004 
        D538  1 0.2940 0.0444 0.0804 0.0449 0.0558 0.1632 0.1858 0.1317 
        D539  1 0.1185 0.1266 0.2407 0.0325 0.0617 0.2246 0.1001 0.0953 
        D540  1 0.2868 0.0308 0.0590 0.0620 0.2937 0.0799 0.0949 0.0929 
        D541  1 0.0263 0.0149 0.0154 0.0668 0.8251 0.0125 0.0199 0.0191 
        D551  1 0.2142 0.0263 0.0545 0.2715 0.0450 0.2382 0.0304 0.1199 
        D552  1 0.0583 0.0580 0.1831 0.0306 0.2711 0.0438 0.2540 0.1011 
        D553  1 0.0143 0.0139 0.0157 0.0151 0.9001 0.0111 0.0157 0.0140 
        D615  1 0.0925 0.0216 0.0685 0.0460 0.4432 0.1116 0.1611 0.0555 
        D616  1 0.1220 0.0204 0.0746 0.2070 0.2321 0.0746 0.1651 0.1043 
        D621  1 0.0366 0.3746 0.0958 0.0289 0.0183 0.0445 0.1002 0.3012 
        D622  1 0.0452 0.0522 0.0335 0.0388 0.0428 0.0224 0.1213 0.6438 
        D623  1 0.0670 0.2776 0.2494 0.0683 0.0304 0.2215 0.0623 0.0235 
        D624  1 0.0357 0.0142 0.7207 0.0217 0.0853 0.0412 0.0380 0.0433 
        D625  1 0.0538 0.0389 0.0390 0.0276 0.7390 0.0161 0.0485 0.0371 
        D626  1 0.0498 0.0315 0.2693 0.0385 0.1044 0.0625 0.2578 0.1863 
        D627  1 0.6270 0.0217 0.0660 0.0601 0.0969 0.0350 0.0144 0.0789 
        D690  1 0.0183 0.0229 0.0385 0.0140 0.7982 0.0089 0.0691 0.0299 
        D691  1 0.0298 0.0204 0.0417 0.0433 0.0624 0.0136 0.0539 0.7349 
        D710  1 0.1152 0.1077 0.1549 0.0585 0.2303 0.0717 0.1404 0.1213 
        D711  1 0.0332 0.0333 0.0323 0.0429 0.7614 0.0299 0.0221 0.0450 
        D712  1 0.0534 0.0522 0.5679 0.0195 0.0439 0.1342 0.0621 0.0668 
        D713  1 0.1347 0.2854 0.1062 0.0571 0.2022 0.0680 0.0679 0.0785 
        D746  1 0.0302 0.0219 0.0287 0.0406 0.0699 0.0170 0.0379 0.7538 
        D747  1 0.0212 0.0191 0.0188 0.0710 0.8211 0.0177 0.0132 0.0179 
        D748  1 0.0809 0.0710 0.0318 0.0592 0.3085 0.0186 0.1312 0.2988 
        D749  1 0.0917 0.0920 0.0984 0.0320 0.0364 0.1704 0.0954 0.3838 
        D750  1 0.0487 0.0426 0.4498 0.0194 0.2254 0.0405 0.1130 0.0606 
        D763  1 0.1556 0.2932 0.0376 0.1610 0.1074 0.0550 0.0474 0.1427 
        D764  1 0.0355 0.0178 0.1809 0.0181 0.6022 0.0179 0.0824 0.0453 
        D765  1 0.0729 0.0142 0.1183 0.0134 0.0463 0.0534 0.5950 0.0864 
        D766  1 0.0424 0.1409 0.0379 0.0679 0.1059 0.0212 0.4077 0.1762 
        D767  1 0.1197 0.2764 0.0301 0.0686 0.1041 0.1455 0.0983 0.1572 
        D768  1 0.0239 0.0118 0.0117 0.0313 0.8599 0.0147 0.0179 0.0289 
        D811  1 0.2878 0.0524 0.1442 0.0344 0.0272 0.0865 0.3372 0.0302 
        D816  1 0.0202 0.0159 0.0269 0.0121 0.8723 0.0159 0.0169 0.0199 
        D825  1 0.1647 0.0290 0.1586 0.0272 0.1206 0.0600 0.3889 0.0509 
        D866  1 0.0936 0.0181 0.3551 0.0680 0.0699 0.2867 0.0750 0.0336 
        D867  1 0.0342 0.0607 0.0205 0.0448 0.0205 0.0305 0.0226 0.7661 
        D871  1 0.7894 0.0215 0.0424 0.0304 0.0443 0.0205 0.0216 0.0298 
        D872  1 0.0973 0.0471 0.0402 0.0412 0.4124 0.0668 0.1923 0.1027 
        D873  1 0.0211 0.0308 0.0125 0.0139 0.0079 0.0767 0.8138 0.0232 
        D874  1 0.0383 0.7256 0.0717 0.0264 0.0905 0.0208 0.0152 0.0115 
        D875  1 0.7773 0.0178 0.0215 0.0244 0.0264 0.0141 0.0524 0.0660 
        D876  1 0.0355 0.0524 0.0684 0.0113 0.7153 0.0275 0.0404 0.0490 
        D877  1 0.2611 0.1587 0.1663 0.0367 0.0338 0.2818 0.0441 0.0175 
        D892  1 0.0784 0.0609 0.0991 0.0159 0.4478 0.0267 0.0561 0.2151 
        D893  1 0.0710 0.0573 0.0200 0.0523 0.5849 0.0424 0.0613 0.1109 
        D894  1 0.0973 0.0359 0.0430 0.0253 0.6494 0.0569 0.0439 0.0484 
        D915  1 0.0491 0.0223 0.0523 0.0595 0.5160 0.0346 0.1853 0.0809 
        D916  1 0.0147 0.0121 0.0195 0.0142 0.8965 0.0107 0.0190 0.0133 
        D917  1 0.1137 0.1094 0.2973 0.0668 0.1834 0.1437 0.0495 0.0364 
        D925  1 0.0280 0.0177 0.0660 0.0168 0.2126 0.0338 0.5780 0.0472 
        D926  1 0.1055 0.0782 0.0600 0.0387 0.5522 0.0274 0.0662 0.0720 
        D927  1 0.1624 0.0576 0.0804 0.1456 0.3213 0.1014 0.0446 0.0868 
        D928  1 0.0264 0.0201 0.6827 0.0203 0.1250 0.0501 0.0590 0.0164 
        D929  1 0.1152 0.5473 0.0466 0.0175 0.0459 0.0722 0.0427 0.1127 
        D936  1 0.0538 0.1845 0.0353 0.0705 0.5363 0.0518 0.0406 0.0272 
        D938  1 0.0294 0.0496 0.0264 0.0273 0.0315 0.0180 0.0856 0.7322 
        D956  1 0.1294 0.0244 0.4851 0.0216 0.0397 0.1996 0.0796 0.0207 
        D957  1 0.0669 0.0604 0.0322 0.0411 0.2760 0.1009 0.3359 0.0865 
        D958  1 0.0588 0.0689 0.1081 0.0462 0.3880 0.0218 0.2400 0.0681 
        D959  1 0.0717 0.0136 0.0194 0.6060 0.1257 0.0145 0.0164 0.1328 
        D960  1 0.0375 0.0335 0.0399 0.0161 0.0415 0.1082 0.0708 0.6525 
        D989  1 0.0605 0.0244 0.5352 0.0294 0.0533 0.2280 0.0296 0.0395 
        D990  1 0.0271 0.0214 0.1120 0.0323 0.0158 0.0377 0.7069 0.0467 
        D023  2 0.0189 0.0140 0.0149 0.0166 0.0310 0.0139 0.0175 0.8732 
        D130  2 0.0609 0.0265 0.0140 0.0349 0.0984 0.0299 0.0225 0.7128 
        D131  2 0.2827 0.0528 0.0418 0.1204 0.3359 0.0268 0.1030 0.0366 
        D163  2 0.0403 0.0350 0.0497 0.0230 0.0791 0.0238 0.0356 0.7134 
        D164  2 0.0205 0.0200 0.0106 0.3931 0.0160 0.1251 0.3795 0.0352 
        D165  2 0.0186 0.0179 0.0214 0.0209 0.0246 0.0211 0.0208 0.8547 
        D166  2 0.4703 0.1147 0.0200 0.0225 0.0463 0.1676 0.0799 0.0787 
        D167  2 0.0162 0.0091 0.0119 0.0297 0.0133 0.8986 0.0119 0.0093 
        D192  2 0.0104 0.0167 0.0130 0.0277 0.0085 0.9005 0.0105 0.0129 
        D193  2 0.1006 0.1376 0.1160 0.0287 0.0262 0.4633 0.0784 0.0492 
        D206  2 0.1339 0.0600 0.0274 0.3669 0.1102 0.1089 0.0735 0.1192 
        D207  2 0.2467 0.0280 0.0282 0.2662 0.0522 0.3071 0.0225 0.0491 
        D208  2 0.0883 0.0641 0.3216 0.0330 0.0578 0.2394 0.1418 0.0541 
        D209  2 0.0909 0.1590 0.0212 0.0386 0.0490 0.5267 0.0612 0.0534 
        D210  2 0.0374 0.0368 0.5651 0.1494 0.0699 0.0736 0.0321 0.0357 
     D229599  2 0.1255 0.1885 0.0834 0.0342 0.2546 0.0909 0.0944 0.1285 
     D229600  2 0.0642 0.0207 0.0223 0.1042 0.0310 0.3303 0.0372 0.3900 
     D237227  2 0.0546 0.0275 0.5296 0.0323 0.0502 0.0700 0.1611 0.0746 
     D237228  2 0.0637 0.0240 0.1794 0.0506 0.0157 0.0608 0.5810 0.0248 
     D237258  2 0.1112 0.0910 0.0833 0.1305 0.1008 0.2450 0.1021 0.1361 
     D237310  2 0.2189 0.0436 0.0324 0.0725 0.0111 0.0746 0.5204 0.0266 
     D237311  2 0.0487 0.0236 0.0256 0.1085 0.0157 0.1565 0.5778 0.0437 
     D237312  2 0.1870 0.1079 0.0415 0.0430 0.0318 0.0613 0.4154 0.1120 
     D237313  2 0.1081 0.0946 0.1236 0.0372 0.3246 0.0435 0.2040 0.0643 
     D237322  2 0.2300 0.1786 0.1433 0.0476 0.0344 0.1457 0.1763 0.0441 
     D237323  2 0.0831 0.0311 0.1744 0.0326 0.0187 0.0355 0.5594 0.0651 
     D237324  2 0.1176 0.0398 0.0323 0.1793 0.0642 0.1143 0.0428 0.4096 
     D237325  2 0.1151 0.0921 0.0762 0.0494 0.0461 0.0832 0.3567 0.1811 
     D237326  2 0.0407 0.0383 0.0726 0.0782 0.0712 0.0292 0.6242 0.0455 
     D237327  2 0.1585 0.1169 0.1119 0.0985 0.0905 0.1768 0.0306 0.2162 
     D237337  2 0.0331 0.0218 0.0245 0.0174 0.0294 0.0172 0.8228 0.0337 
     D237338  2 0.1008 0.1376 0.1438 0.0529 0.0656 0.0695 0.2455 0.1843 
     D237339  2 0.0345 0.6199 0.0195 0.2050 0.0367 0.0327 0.0331 0.0185 
     D237340  2 0.0892 0.0577 0.1226 0.0786 0.0265 0.2755 0.2559 0.0940 
     D237389  2 0.1139 0.0305 0.0187 0.0654 0.0172 0.1870 0.5313 0.0359 
     D237390  2 0.1223 0.0972 0.0775 0.0368 0.0579 0.0460 0.4596 0.1027 
     D244017  2 0.1024 0.0171 0.1012 0.0225 0.0229 0.6730 0.0261 0.0346 
     D244112  2 0.0362 0.0154 0.0162 0.1386 0.0128 0.6994 0.0296 0.0517 
     D244118  2 0.0145 0.0227 0.0175 0.0157 0.0106 0.7260 0.0211 0.1720 
     D244119  2 0.0279 0.0113 0.5732 0.0641 0.0249 0.2377 0.0418 0.0191 
     D244120  2 0.0784 0.0420 0.0289 0.0230 0.0117 0.7749 0.0220 0.0191 
     D244122  2 0.0369 0.0301 0.0268 0.0514 0.0294 0.7586 0.0263 0.0405 
        D291  2 0.2782 0.0238 0.0888 0.1118 0.0860 0.2116 0.0510 0.1489 
        D292  2 0.0530 0.0413 0.1091 0.0751 0.1990 0.4134 0.0821 0.0271 
        D293  2 0.0154 0.0362 0.0156 0.8689 0.0306 0.0107 0.0116 0.0111 
        D322  2 0.0449 0.0956 0.0222 0.6095 0.1036 0.0366 0.0417 0.0460 
        D323  2 0.2736 0.1622 0.0489 0.1467 0.0731 0.1452 0.1081 0.0422 
        D324  2 0.1631 0.0205 0.1123 0.1912 0.2174 0.0441 0.1419 0.1095 
        D325  2 0.0161 0.0148 0.0102 0.8998 0.0192 0.0144 0.0114 0.0142 
        D326  2 0.0198 0.0122 0.0246 0.0216 0.8846 0.0123 0.0123 0.0126 
        D340  2 0.0110 0.0169 0.0200 0.8921 0.0106 0.0194 0.0156 0.0142 
        D341  2 0.0258 0.0238 0.0338 0.7672 0.0313 0.0492 0.0463 0.0227 
        D342  2 0.0745 0.0235 0.0243 0.1409 0.0257 0.4893 0.1194 0.1024 
        D343  2 0.0095 0.0105 0.0086 0.9272 0.0119 0.0135 0.0089 0.0099 
        D344  2 0.1091 0.4350 0.0248 0.0409 0.1851 0.1388 0.0405 0.0259 
        D345  2 0.0607 0.1851 0.0432 0.0302 0.2197 0.0488 0.3558 0.0565 
        D346  2 0.0968 0.0490 0.5109 0.1018 0.0614 0.0773 0.0778 0.0249 
        D351  2 0.2145 0.0696 0.0363 0.1910 0.2896 0.0270 0.1115 0.0606 
        D352  2 0.0741 0.7020 0.0497 0.0376 0.0295 0.0318 0.0558 0.0196 
        D353  2 0.2937 0.1551 0.0183 0.0131 0.4352 0.0436 0.0203 0.0207 
        D354  2 0.0441 0.6952 0.0325 0.0153 0.1109 0.0245 0.0555 0.0220 
        D362  2 0.0240 0.0189 0.0250 0.0296 0.7653 0.0414 0.0339 0.0620 
        D363  2 0.0380 0.0210 0.0396 0.0310 0.7595 0.0328 0.0383 0.0397 
        D364  2 0.0460 0.3224 0.0327 0.0203 0.4044 0.0531 0.0821 0.0389 
        D365  2 0.0140 0.0197 0.0156 0.9060 0.0122 0.0113 0.0102 0.0110 
        D369  2 0.0907 0.0189 0.1690 0.2280 0.1804 0.0823 0.1979 0.0328 
        D374  2 0.0505 0.0500 0.3477 0.0155 0.0231 0.4490 0.0413 0.0229 
        D375  2 0.0367 0.8486 0.0143 0.0104 0.0208 0.0226 0.0241 0.0226 
        D376  2 0.0484 0.0904 0.3516 0.0251 0.0230 0.3682 0.0688 0.0247 
        D377  2 0.2025 0.1162 0.0716 0.0950 0.0464 0.0932 0.3064 0.0688 
        D378  2 0.0923 0.2355 0.0302 0.2528 0.1988 0.0320 0.0388 0.1196 
        D379  2 0.0285 0.0588 0.0234 0.0220 0.7919 0.0241 0.0303 0.0209 
        D384  2 0.0164 0.0133 0.0402 0.0269 0.8613 0.0131 0.0163 0.0126 
        D385  2 0.0338 0.1215 0.0275 0.7136 0.0164 0.0404 0.0278 0.0190 
        D386  2 0.0790 0.5317 0.0168 0.0718 0.1595 0.0322 0.0293 0.0797 
        D391  2 0.0223 0.0527 0.0155 0.8332 0.0197 0.0275 0.0151 0.0140 
        D392  2 0.0462 0.0253 0.0452 0.4329 0.0878 0.2089 0.1078 0.0460 
        D393  2 0.0482 0.1924 0.0426 0.2733 0.2898 0.0312 0.0636 0.0588 
        D394  2 0.1342 0.1643 0.0401 0.0617 0.1078 0.1369 0.1381 0.2169 
        D395  2 0.0688 0.6431 0.0239 0.1720 0.0125 0.0326 0.0232 0.0239 
        D401  2 0.0480 0.0118 0.0310 0.0353 0.0117 0.0245 0.8248 0.0129 
        D402  2 0.0233 0.0372 0.0199 0.8178 0.0145 0.0531 0.0210 0.0132 
        D403  2 0.1311 0.1272 0.0270 0.0741 0.3656 0.0663 0.0315 0.1774 
        D415  2 0.1480 0.0235 0.0118 0.0717 0.6228 0.0167 0.0527 0.0527 
        D435  2 0.0380 0.0417 0.0187 0.4939 0.3122 0.0212 0.0439 0.0304 
        D436  2 0.0514 0.5970 0.0412 0.0601 0.1350 0.0400 0.0341 0.0413 
        D438  2 0.0157 0.0154 0.0163 0.8856 0.0118 0.0261 0.0123 0.0168 
        D439  2 0.0666 0.5672 0.0232 0.0584 0.0992 0.0370 0.0960 0.0523 
        D449  2 0.0678 0.0232 0.0226 0.4981 0.0787 0.2317 0.0509 0.0270 
        D450  2 0.2743 0.2559 0.1105 0.0196 0.1956 0.0372 0.0545 0.0523 
        D456  2 0.0267 0.0162 0.0163 0.0189 0.8832 0.0101 0.0125 0.0163 
        D462  2 0.0215 0.0788 0.0134 0.7979 0.0235 0.0219 0.0137 0.0293 
        D463  2 0.0148 0.0204 0.0286 0.0160 0.8803 0.0111 0.0168 0.0119 
        D464  2 0.2747 0.4089 0.0300 0.0464 0.1243 0.0630 0.0300 0.0228 
        D465  2 0.0465 0.0182 0.0167 0.7756 0.0484 0.0177 0.0525 0.0242 
        D473  2 0.0692 0.1560 0.4432 0.0478 0.0279 0.0392 0.1435 0.0733 
        D474  2 0.0400 0.0326 0.1220 0.1025 0.5342 0.0544 0.0468 0.0673 
        D476  2 0.0240 0.4539 0.0159 0.0523 0.0287 0.0192 0.0178 0.3882 
        D477  2 0.0759 0.2691 0.0687 0.0357 0.3223 0.0384 0.1633 0.0266 
        D478  2 0.2176 0.0819 0.0752 0.0266 0.0562 0.2371 0.0373 0.2680 
        D480  2 0.0731 0.2048 0.1436 0.2665 0.2014 0.0321 0.0425 0.0361 
        D481  2 0.0814 0.1717 0.1165 0.0474 0.2794 0.1131 0.0889 0.1015 
        D482  2 0.1079 0.4567 0.1424 0.0249 0.0249 0.0931 0.0977 0.0525 
        D483  2 0.0154 0.0115 0.0352 0.0425 0.0160 0.8423 0.0156 0.0215 
        D484  2 0.0315 0.8569 0.0226 0.0242 0.0095 0.0252 0.0158 0.0144 
        D510  2 0.0487 0.0426 0.5562 0.0245 0.0295 0.2292 0.0434 0.0258 
        D511  2 0.0540 0.5959 0.0236 0.1479 0.0768 0.0315 0.0256 0.0447 
        D512  2 0.2021 0.0280 0.0122 0.2830 0.0196 0.0420 0.3724 0.0406 
        D513  2 0.0277 0.0215 0.0460 0.7885 0.0321 0.0263 0.0329 0.0250 
        D635  2 0.1022 0.0218 0.0271 0.0553 0.2701 0.0342 0.0540 0.4353 
        D636  2 0.0206 0.0156 0.0165 0.0139 0.0267 0.0203 0.0592 0.8271 
        D637  2 0.0952 0.3830 0.0611 0.1670 0.0396 0.0764 0.1422 0.0355 
        D658  2 0.0462 0.3216 0.0924 0.1927 0.0241 0.2181 0.0747 0.0303 
        D659  2 0.0513 0.0520 0.0330 0.1201 0.6134 0.0343 0.0281 0.0678 
        D677  2 0.0944 0.0609 0.0336 0.1411 0.2679 0.0915 0.1311 0.1793 
        D678  2 0.0647 0.0196 0.0122 0.0213 0.0131 0.8166 0.0296 0.0230 
        D679  2 0.1335 0.0746 0.0753 0.1494 0.3875 0.0445 0.0743 0.0609 
        D719  2 0.0291 0.0395 0.4377 0.2152 0.1736 0.0353 0.0558 0.0137 
        D720  2 0.0324 0.0186 0.0686 0.1147 0.6844 0.0180 0.0296 0.0336 
        D721  2 0.0243 0.0416 0.0292 0.0266 0.0482 0.0255 0.0174 0.7871 
        D722  2 0.0774 0.0642 0.2198 0.0434 0.0295 0.4641 0.0731 0.0285 
        D734  2 0.0299 0.6798 0.1512 0.0637 0.0183 0.0281 0.0147 0.0145 
        D735  2 0.1389 0.0671 0.0804 0.0844 0.3809 0.0358 0.1568 0.0557 
        D736  2 0.0563 0.0536 0.4567 0.1278 0.0838 0.1092 0.0463 0.0663 
        D737  2 0.0270 0.1094 0.0311 0.0160 0.0182 0.7106 0.0336 0.0542 
        D807  2 0.0617 0.0913 0.2609 0.0598 0.2033 0.1039 0.1736 0.0456 
        D808  2 0.2834 0.0520 0.0397 0.0989 0.1237 0.0530 0.2608 0.0885 
        D817  2 0.1422 0.1316 0.0543 0.0533 0.3611 0.0458 0.1647 0.0470 
        D818  2 0.2119 0.0374 0.0320 0.4568 0.0710 0.0440 0.0211 0.1259 
        D819  2 0.1824 0.0330 0.0429 0.0484 0.1989 0.0609 0.3775 0.0561 
        D820  2 0.0352 0.0754 0.0319 0.1993 0.6085 0.0115 0.0171 0.0210 
        D895  2 0.1185 0.0686 0.0364 0.0695 0.3613 0.0700 0.1337 0.1421 
        D896  2 0.0337 0.0150 0.0326 0.0254 0.0177 0.0165 0.8398 0.0194 
        D897  2 0.1392 0.0538 0.0237 0.3210 0.0305 0.2757 0.1001 0.0560 
        D898  2 0.2871 0.0634 0.0703 0.0179 0.0638 0.1571 0.2980 0.0425 
        D918  2 0.1667 0.1462 0.0882 0.1866 0.0401 0.0413 0.2005 0.1303 
        D919  2 0.1069 0.3756 0.0280 0.1253 0.1922 0.0937 0.0257 0.0526 
        D920  2 0.0358 0.0365 0.0519 0.0231 0.0378 0.0721 0.0459 0.6970 
        D923  2 0.0578 0.0730 0.0198 0.0350 0.7382 0.0308 0.0227 0.0226 
        D930  2 0.1984 0.1633 0.1084 0.0745 0.2943 0.0357 0.0956 0.0299 
        D931  2 0.0678 0.2847 0.0481 0.1131 0.2914 0.1022 0.0472 0.0455 
        D968  2 0.0232 0.0290 0.0192 0.8278 0.0145 0.0583 0.0152 0.0129 
        D969  2 0.0753 0.0487 0.0792 0.1344 0.3312 0.2345 0.0548 0.0419 
        D977  2 0.0707 0.0464 0.0257 0.7126 0.0234 0.0590 0.0283 0.0339 
        D978  2 0.4147 0.0301 0.0813 0.0783 0.0601 0.2629 0.0331 0.0395 
        D211  3 0.0879 0.0439 0.0312 0.0343 0.0931 0.0266 0.0682 0.6147 
     D229639  3 0.0343 0.0274 0.3354 0.0859 0.0581 0.3594 0.0676 0.0319 
     D237212  3 0.1064 0.2732 0.0593 0.1863 0.0950 0.0583 0.1113 0.1102 
     D237213  3 0.1487 0.1096 0.0216 0.0710 0.0637 0.0369 0.4376 0.1108 
     D237214  3 0.0758 0.0174 0.0186 0.0231 0.0263 0.0184 0.0147 0.8056 
     D237215  3 0.0319 0.0173 0.0404 0.0361 0.0132 0.8208 0.0257 0.0147 
     D237216  3 0.4461 0.0558 0.0324 0.0904 0.0541 0.0451 0.1055 0.1706 
     D237217  3 0.0506 0.0285 0.0227 0.1007 0.1177 0.0301 0.1590 0.4906 
     D237218  3 0.0960 0.2808 0.1253 0.2138 0.1080 0.0564 0.0485 0.0711 
     D237219  3 0.0612 0.0221 0.1863 0.0207 0.0359 0.0990 0.4245 0.1502 
     D237382  3 0.2945 0.0455 0.0900 0.0742 0.1714 0.0672 0.2107 0.0466 
     D244127  3 0.0634 0.0428 0.0182 0.0899 0.0194 0.0645 0.6394 0.0625 
     D244129  3 0.1922 0.0661 0.0648 0.1113 0.1130 0.0460 0.2626 0.1440 
     D244133  3 0.1680 0.0157 0.1386 0.0906 0.0884 0.2526 0.1589 0.0873 
     D244134  3 0.0394 0.0220 0.5572 0.0474 0.0368 0.1014 0.1541 0.0417 
     D244135  3 0.0380 0.0234 0.0161 0.0581 0.0315 0.0226 0.0314 0.7789 
     D244136  3 0.1113 0.0345 0.2111 0.1655 0.1980 0.1258 0.0827 0.0709 
        D416  3 0.1727 0.0514 0.0507 0.0928 0.0858 0.2340 0.2219 0.0907 
        D417  3 0.0580 0.0281 0.0252 0.0327 0.7382 0.0361 0.0430 0.0386 
        D419  3 0.0595 0.0519 0.1336 0.0742 0.1345 0.1768 0.2535 0.1161 
        D565  3 0.0241 0.0154 0.8306 0.0185 0.0489 0.0176 0.0250 0.0198 
        D566  3 0.0733 0.0245 0.4844 0.1225 0.0507 0.1547 0.0606 0.0292 
        D567  3 0.0343 0.0554 0.0217 0.0392 0.6113 0.0516 0.0917 0.0948 
        D568  3 0.0487 0.2143 0.0181 0.1042 0.2081 0.1075 0.1195 0.1797 
        D569  3 0.1034 0.5819 0.0362 0.0736 0.0209 0.0712 0.0361 0.0767 
        D573  3 0.0726 0.0326 0.0589 0.6438 0.0948 0.0426 0.0374 0.0174 
        D574  3 0.1752 0.0416 0.3491 0.0436 0.0583 0.1810 0.0857 0.0656 
        D575  3 0.0687 0.0441 0.1634 0.1214 0.0556 0.0279 0.3877 0.1311 
        D576  3 0.0509 0.0204 0.0218 0.0286 0.0075 0.8271 0.0161 0.0274 
        D577  3 0.0720 0.0502 0.0341 0.0350 0.6026 0.0401 0.0412 0.1249 
        D578  3 0.0606 0.0117 0.0153 0.0217 0.0141 0.0133 0.0226 0.8406 
        D579  3 0.0737 0.1086 0.2473 0.2200 0.1435 0.0548 0.0721 0.0800 
        D660  3 0.1940 0.0578 0.0238 0.1600 0.0178 0.3306 0.1148 0.1011 
        D661  3 0.1089 0.1459 0.0634 0.1666 0.0456 0.2364 0.0419 0.1914 
        D663  3 0.2447 0.0459 0.0697 0.2895 0.0592 0.2386 0.0240 0.0284 
        D664  3 0.0893 0.0462 0.0691 0.0425 0.0200 0.2245 0.2814 0.2269 
        D665  3 0.4929 0.0909 0.0127 0.0613 0.0150 0.0513 0.1605 0.1154 
        D666  3 0.0629 0.0380 0.1570 0.0260 0.0789 0.0634 0.5008 0.0730 
        D009  4 0.1412 0.1890 0.0354 0.0526 0.1499 0.0431 0.1434 0.2455 
        D057  4 0.0283 0.4380 0.0402 0.0672 0.0378 0.0434 0.0173 0.3278 
        D109  4 0.0963 0.0356 0.0354 0.0212 0.0501 0.0334 0.6689 0.0591 
     D237222  4 0.0401 0.0379 0.0906 0.0248 0.0438 0.1392 0.0497 0.5740 
     D237223  4 0.1077 0.0768 0.0966 0.2601 0.0357 0.0349 0.1863 0.2019 
     D237224  4 0.0791 0.2890 0.0586 0.0629 0.1572 0.2188 0.0739 0.0606 
     D237225  4 0.2551 0.1025 0.0575 0.1225 0.1308 0.0466 0.0887 0.1964 
     D237299  4 0.6568 0.0284 0.0422 0.0912 0.0165 0.0324 0.0928 0.0396 
     D237300  4 0.0841 0.0259 0.2499 0.1023 0.0182 0.3839 0.1053 0.0302 
     D237306  4 0.0911 0.0692 0.3908 0.0593 0.0853 0.1208 0.1353 0.0482 
     D237307  4 0.1065 0.0224 0.1971 0.1197 0.3568 0.0911 0.0561 0.0502 
     D237308  4 0.0434 0.2197 0.0624 0.2196 0.0432 0.2592 0.0901 0.0624 
     D237309  4 0.1216 0.1297 0.0309 0.0326 0.2286 0.1053 0.0797 0.2716 
     D237317  4 0.0957 0.0350 0.3877 0.0255 0.2643 0.0589 0.0627 0.0702 
     D237318  4 0.1298 0.0141 0.1709 0.3648 0.0298 0.2469 0.0245 0.0191 
     D237319  4 0.2439 0.0375 0.0444 0.0505 0.1004 0.1540 0.1269 0.2424 
     D237320  4 0.0799 0.0424 0.0366 0.2831 0.0852 0.0605 0.1613 0.2511 
     D237321  4 0.0877 0.0296 0.2323 0.0636 0.0710 0.4060 0.0601 0.0496 
     D237397  4 0.0753 0.0386 0.1753 0.2990 0.0613 0.1099 0.0972 0.1433 
     D237398  4 0.1946 0.0482 0.0884 0.4256 0.0861 0.0780 0.0233 0.0557 
     D237399  4 0.0957 0.0512 0.2673 0.0798 0.1430 0.0818 0.0898 0.1914 
     D244001  4 0.0460 0.0648 0.0289 0.0603 0.0349 0.1745 0.0161 0.5747 
        D289  4 0.0679 0.3032 0.2666 0.0744 0.0991 0.0761 0.0448 0.0678 
        D290  4 0.4842 0.0376 0.0300 0.0572 0.0669 0.2488 0.0279 0.0473 
        D294  4 0.2623 0.2526 0.0489 0.0351 0.1501 0.1174 0.0234 0.1103 
        D295  4 0.0683 0.0995 0.0490 0.0472 0.3728 0.0486 0.2543 0.0603 
        D301  4 0.0402 0.0381 0.0609 0.0193 0.0252 0.1789 0.0475 0.5899 
        D302  4 0.0562 0.7329 0.0108 0.0254 0.1032 0.0153 0.0149 0.0412 
        D303  4 0.0520 0.0879 0.4821 0.0300 0.0358 0.1321 0.1430 0.0371 
        D304  4 0.3546 0.0359 0.1077 0.0415 0.1360 0.2481 0.0260 0.0502 
        D305  4 0.1427 0.4904 0.0134 0.0404 0.0272 0.1755 0.0579 0.0524 
        D306  4 0.5823 0.0229 0.0216 0.0146 0.0537 0.2360 0.0308 0.0381 
        D307  4 0.0284 0.0517 0.0724 0.0118 0.0178 0.0333 0.0306 0.7540 
        D327  4 0.0971 0.0454 0.0583 0.1209 0.5608 0.0496 0.0234 0.0444 
        D328  4 0.0543 0.5766 0.0995 0.0197 0.0253 0.1006 0.0921 0.0319 
        D329  4 0.0843 0.2601 0.0382 0.0292 0.0888 0.3134 0.0888 0.0971 
        D330  4 0.1275 0.0961 0.0165 0.0991 0.2919 0.0517 0.2074 0.1098 
        D331  4 0.1933 0.0430 0.1579 0.0743 0.1935 0.1433 0.1195 0.0752 
        D333  4 0.0650 0.2675 0.0968 0.1087 0.0954 0.1394 0.1408 0.0864 
        D334  4 0.0939 0.0706 0.4899 0.0326 0.1352 0.0309 0.0380 0.1089 
        D335  4 0.0329 0.4928 0.0231 0.1081 0.2434 0.0463 0.0238 0.0297 
        D370  4 0.0778 0.0792 0.0459 0.0261 0.0670 0.3759 0.2901 0.0380 
        D371  4 0.0366 0.0342 0.6003 0.0580 0.1500 0.0761 0.0287 0.0160 
        D372  4 0.2129 0.0179 0.1425 0.0320 0.0159 0.5383 0.0266 0.0138 
        D373  4 0.0288 0.0600 0.0344 0.0332 0.0260 0.0467 0.0246 0.7462 
        D455  4 0.0292 0.0789 0.0328 0.0166 0.0287 0.0366 0.0270 0.7502 
        D490  4 0.0230 0.0279 0.0191 0.0129 0.0234 0.0173 0.0219 0.8545 
        D497  4 0.0350 0.0778 0.0268 0.0148 0.0197 0.0247 0.0507 0.7506 
        D498  4 0.2559 0.0340 0.1463 0.0727 0.0682 0.1857 0.1686 0.0685 
        D499  4 0.2461 0.1559 0.1601 0.0985 0.0350 0.1609 0.1211 0.0224 
        D514  4 0.2318 0.1183 0.0189 0.0386 0.3687 0.0892 0.0632 0.0712 
        D515  4 0.2630 0.0754 0.0345 0.1375 0.0629 0.0437 0.1748 0.2082 
        D516  4 0.0693 0.0327 0.0694 0.1462 0.1428 0.0655 0.3502 0.1239 
        D517  4 0.0292 0.0288 0.0245 0.0174 0.0551 0.0573 0.0429 0.7448 
        D518  4 0.0220 0.5982 0.0533 0.0290 0.0377 0.0414 0.0145 0.2039 
        D519  4 0.1088 0.0207 0.0295 0.2957 0.0515 0.0385 0.1784 0.2768 
        D560  4 0.1631 0.0743 0.0258 0.2641 0.1066 0.0885 0.0631 0.2145 
        D561  4 0.5275 0.0561 0.0147 0.1197 0.0719 0.0208 0.0386 0.1508 
        D562  4 0.2008 0.1558 0.0611 0.0457 0.0739 0.1488 0.0688 0.2450 
        D563  4 0.1342 0.2252 0.0255 0.3260 0.0285 0.1016 0.0654 0.0937 
        D572  4 0.0290 0.7796 0.0205 0.0292 0.0519 0.0270 0.0180 0.0448 
        D629  4 0.0875 0.1201 0.0311 0.0449 0.2602 0.0245 0.0840 0.3478 
        D630  4 0.1652 0.1235 0.0640 0.0645 0.1370 0.0969 0.0444 0.3045 
        D631  4 0.0342 0.7515 0.0230 0.0577 0.0254 0.0384 0.0185 0.0511 
        D632  4 0.0427 0.2288 0.0207 0.0709 0.0551 0.1387 0.0623 0.3808 
        D646  4 0.0575 0.0512 0.0261 0.3721 0.1664 0.0375 0.1782 0.1112 
        D647  4 0.0546 0.0603 0.0138 0.0846 0.5436 0.0505 0.0689 0.1236 
        D648  4 0.0709 0.7106 0.0349 0.0171 0.0156 0.1004 0.0228 0.0277 
        D649  4 0.0460 0.1910 0.0233 0.0272 0.3919 0.0225 0.2391 0.0589 
        D650  4 0.1374 0.1536 0.1202 0.1015 0.2638 0.0342 0.0784 0.1109 
        D708  4 0.1695 0.3794 0.1596 0.0292 0.0736 0.0764 0.0623 0.0500 
        D709  4 0.3682 0.0745 0.0531 0.0268 0.0395 0.2224 0.1887 0.0268 
        D738  4 0.0370 0.0325 0.4534 0.0530 0.1275 0.0404 0.1442 0.1120 
        D739  4 0.2091 0.1167 0.0349 0.0330 0.0399 0.0853 0.0858 0.3954 
        D740  4 0.2163 0.0830 0.1531 0.0694 0.0249 0.0673 0.3100 0.0760 
        D741  4 0.0818 0.0369 0.0177 0.6277 0.0596 0.0127 0.0977 0.0660 
        D742  4 0.1097 0.1292 0.1591 0.3166 0.0404 0.0834 0.0779 0.0838 
        D743  4 0.0460 0.4095 0.0268 0.0644 0.3791 0.0246 0.0188 0.0309 
        D744  4 0.0533 0.7840 0.0183 0.0545 0.0242 0.0176 0.0254 0.0227 
        D745  4 0.1362 0.0537 0.0329 0.1690 0.0284 0.0237 0.2017 0.3543 
        D814  4 0.1519 0.0787 0.0260 0.2053 0.0312 0.3690 0.0206 0.1174 
        D815  4 0.1077 0.3905 0.0409 0.0482 0.1860 0.0738 0.1099 0.0430 
        D828  4 0.1129 0.1296 0.0406 0.0193 0.0124 0.6098 0.0472 0.0281 
        D845  4 0.0180 0.0259 0.3546 0.4067 0.0253 0.1360 0.0180 0.0155 
        D846  4 0.1149 0.4275 0.0137 0.0713 0.1419 0.0746 0.0359 0.1202 
        D847  4 0.1860 0.0795 0.1257 0.0836 0.1409 0.0437 0.0713 0.2692 
        D848  4 0.0281 0.0399 0.0358 0.0494 0.0153 0.0839 0.0227 0.7249 
        D849  4 0.1624 0.0797 0.0209 0.0687 0.0517 0.0423 0.2237 0.3506 
        D850  4 0.1170 0.0485 0.0995 0.3177 0.1405 0.0217 0.0522 0.2030 
        D856  4 0.4407 0.0662 0.0464 0.0339 0.0701 0.0445 0.2393 0.0591 
        D857  4 0.0463 0.0309 0.0235 0.0224 0.0100 0.2128 0.6195 0.0347 
        D859  4 0.0581 0.6510 0.0259 0.0360 0.0941 0.0662 0.0371 0.0314 
        D860  4 0.0421 0.0857 0.5185 0.0781 0.1293 0.0843 0.0320 0.0300 
        D883  4 0.0662 0.0899 0.0814 0.0475 0.2553 0.0807 0.2106 0.1684 
        D884  4 0.1004 0.1512 0.0842 0.0882 0.0845 0.0324 0.3407 0.1184 
        D885  4 0.1452 0.0930 0.0363 0.4816 0.0743 0.0347 0.0619 0.0732 
        D886  4 0.1249 0.0692 0.0280 0.0574 0.2011 0.1169 0.1487 0.2537 
        D887  4 0.1486 0.2033 0.0822 0.0942 0.1111 0.2169 0.0825 0.0612 
        D889  4 0.4140 0.0827 0.0967 0.0496 0.0891 0.2168 0.0254 0.0257 
        D890  4 0.1302 0.1946 0.0699 0.0411 0.0706 0.1904 0.2059 0.0973 
        D891  4 0.0405 0.0115 0.2533 0.4127 0.0181 0.2301 0.0185 0.0152 
        D899  4 0.0794 0.1268 0.1851 0.2793 0.0369 0.2149 0.0420 0.0355 
        D900  4 0.2587 0.1402 0.0756 0.0907 0.1564 0.0988 0.0827 0.0969 
        D970  4 0.0860 0.4521 0.0669 0.0278 0.1810 0.0744 0.0497 0.0620 
        D971  4 0.0922 0.1167 0.0461 0.3618 0.1074 0.1842 0.0662 0.0253 
        D979  4 0.0552 0.3088 0.0293 0.1062 0.4027 0.0445 0.0214 0.0319 
        D093  5 0.0412 0.0342 0.7252 0.0289 0.0424 0.0629 0.0345 0.0305 
        D154  5 0.2360 0.0642 0.0648 0.4487 0.0256 0.0692 0.0624 0.0290 
        D168  5 0.1443 0.0424 0.0312 0.3601 0.0447 0.0923 0.1256 0.1594 
        D189  5 0.1045 0.0520 0.4837 0.1080 0.0559 0.1223 0.0419 0.0316 
        D190  5 0.0323 0.0781 0.6361 0.0333 0.0598 0.0466 0.0961 0.0178 
     D237220  5 0.1993 0.1319 0.1375 0.0417 0.0346 0.0364 0.1946 0.2240 
     D237221  5 0.0965 0.0857 0.3564 0.1112 0.0989 0.1068 0.1022 0.0423 
     D237274  5 0.0549 0.1310 0.0137 0.0914 0.5526 0.0671 0.0613 0.0279 
     D237275  5 0.1454 0.0160 0.0316 0.2713 0.0157 0.4423 0.0538 0.0239 
     D237276  5 0.1025 0.0701 0.1711 0.0517 0.1382 0.0977 0.2574 0.1113 
     D237277  5 0.0396 0.0789 0.5899 0.0602 0.0382 0.1056 0.0634 0.0242 
     D237278  5 0.1111 0.0797 0.1850 0.1745 0.0513 0.2042 0.1153 0.0788 
     D237279  5 0.2573 0.0871 0.0228 0.2526 0.0430 0.0188 0.1939 0.1246 
     D237280  5 0.0492 0.0507 0.0592 0.0196 0.1165 0.0624 0.4998 0.1426 
     D237281  5 0.0769 0.0199 0.0659 0.6630 0.0296 0.0982 0.0296 0.0168 
     D237351  5 0.0276 0.0211 0.0583 0.0292 0.0208 0.0163 0.8008 0.0260 
     D237352  5 0.0733 0.1941 0.0618 0.1072 0.0940 0.0581 0.0555 0.3560 
     D237353  5 0.0251 0.0369 0.7422 0.0207 0.0217 0.0441 0.0946 0.0149 
     D237359  5 0.2589 0.1119 0.1014 0.0770 0.0731 0.0668 0.0892 0.2217 
     D237361  5 0.0418 0.0200 0.7926 0.0268 0.0289 0.0260 0.0449 0.0192 
     D237362  5 0.1428 0.0724 0.1343 0.1776 0.1620 0.0657 0.1975 0.0477 
     D237363  5 0.4978 0.0239 0.0543 0.2162 0.0416 0.0616 0.0583 0.0463 
     D237364  5 0.1808 0.1701 0.0194 0.1996 0.1176 0.0649 0.0730 0.1745 
     D237376  5 0.1588 0.3296 0.0873 0.0216 0.0135 0.3362 0.0319 0.0210 
     D237377  5 0.0723 0.0440 0.1186 0.0928 0.1390 0.0390 0.4514 0.0429 
     D237378  5 0.0616 0.1443 0.3446 0.0212 0.0274 0.3262 0.0326 0.0421 
     D237379  5 0.1702 0.3791 0.1961 0.0418 0.0300 0.0836 0.0407 0.0586 
     D237380  5 0.0436 0.1202 0.0397 0.0212 0.0384 0.2303 0.4558 0.0508 
     D237381  5 0.0934 0.1034 0.0785 0.0480 0.0492 0.2156 0.1864 0.2255 
     D237391  5 0.0288 0.0201 0.8068 0.0257 0.0476 0.0192 0.0325 0.0193 
     D237392  5 0.1045 0.0718 0.0257 0.2992 0.2893 0.0958 0.0701 0.0436 
     D237393  5 0.0314 0.0371 0.1507 0.0422 0.3829 0.1162 0.1948 0.0447 
     D237394  5 0.0273 0.0249 0.7999 0.0166 0.0384 0.0132 0.0597 0.0201 
     D237395  5 0.1669 0.0257 0.3337 0.0497 0.0531 0.1269 0.1584 0.0856 
     D237396  5 0.0793 0.0317 0.1942 0.2891 0.2156 0.0250 0.0803 0.0848 
     D244016  5 0.2561 0.1852 0.2642 0.1158 0.0271 0.0567 0.0685 0.0263 
     D244018  5 0.0432 0.0465 0.2864 0.4291 0.0321 0.0552 0.0541 0.0535 
     D244019  5 0.3111 0.0755 0.0736 0.1684 0.1353 0.1054 0.1036 0.0271 
        D279  5 0.1584 0.1343 0.0970 0.4008 0.0294 0.0662 0.0671 0.0468 
        D280  5 0.1408 0.0230 0.3059 0.0388 0.1559 0.1012 0.1266 0.1078 
        D281  5 0.1893 0.0261 0.1556 0.4864 0.0261 0.0772 0.0216 0.0177 
        D283  5 0.0556 0.0392 0.4975 0.0395 0.2367 0.0295 0.0756 0.0265 
        D284  5 0.3811 0.0535 0.0344 0.1333 0.0580 0.0462 0.0839 0.2095 
        D285  5 0.1239 0.0819 0.4815 0.0496 0.1135 0.0446 0.0719 0.0331 
        D286  5 0.1446 0.1750 0.2199 0.0380 0.1384 0.1166 0.0742 0.0932 
        D287  5 0.2366 0.2798 0.1408 0.0144 0.0210 0.1675 0.0758 0.0641 
        D288  5 0.1467 0.0295 0.1648 0.0645 0.2981 0.1086 0.1467 0.0411 
        D308  5 0.0300 0.0241 0.0243 0.0281 0.0708 0.0191 0.7824 0.0214 
        D309  5 0.0549 0.8128 0.0175 0.0274 0.0314 0.0138 0.0155 0.0266 
        D310  5 0.0870 0.0202 0.7471 0.0145 0.0180 0.0650 0.0304 0.0177 
        D311  5 0.2683 0.2256 0.1040 0.0674 0.1670 0.0811 0.0484 0.0381 
        D312  5 0.1530 0.2372 0.1416 0.0423 0.1604 0.1059 0.0653 0.0943 
        D313  5 0.0197 0.0104 0.0267 0.0124 0.0122 0.0159 0.5119 0.3908 
        D314  5 0.2081 0.1423 0.0747 0.1376 0.0355 0.1567 0.1692 0.0759 
        D315  5 0.0836 0.0495 0.1393 0.0208 0.3013 0.2195 0.1240 0.0620 
        D317  5 0.0308 0.0202 0.7314 0.0199 0.0658 0.0755 0.0337 0.0228 
        D318  5 0.2398 0.1414 0.0588 0.2199 0.0748 0.0599 0.0576 0.1477 
        D319  5 0.0321 0.0161 0.7068 0.0249 0.0226 0.0341 0.1480 0.0154 
        D320  5 0.0416 0.0590 0.7174 0.0155 0.0361 0.0324 0.0672 0.0307 
        D321  5 0.0272 0.0193 0.0967 0.0298 0.0497 0.0328 0.7194 0.0251 
        D336  5 0.1053 0.0636 0.5042 0.0177 0.0290 0.2312 0.0283 0.0207 
        D337  5 0.0335 0.0255 0.8038 0.0279 0.0191 0.0532 0.0262 0.0109 
        D338  5 0.1707 0.0553 0.1975 0.1326 0.2621 0.0404 0.0809 0.0605 
        D339  5 0.0620 0.0270 0.5669 0.0559 0.0472 0.1102 0.1024 0.0283 
        D347  5 0.0972 0.0416 0.0346 0.0347 0.1274 0.6109 0.0267 0.0271 
        D348  5 0.0361 0.1010 0.5384 0.0207 0.0331 0.2198 0.0310 0.0200 
        D349  5 0.0156 0.0138 0.0349 0.0127 0.0180 0.0146 0.8756 0.0148 
        D350  5 0.0208 0.8716 0.0181 0.0243 0.0161 0.0189 0.0140 0.0161 
        D355  5 0.1063 0.0377 0.0281 0.6921 0.0633 0.0306 0.0248 0.0170 
        D356  5 0.0905 0.0575 0.2566 0.0249 0.3306 0.0596 0.0610 0.1193 
        D357  5 0.2518 0.0405 0.0732 0.0358 0.0846 0.3977 0.0825 0.0339 
        D358  5 0.1186 0.1679 0.3479 0.0523 0.0534 0.1104 0.0882 0.0612 
        D359  5 0.0523 0.0766 0.3416 0.0318 0.3624 0.0318 0.0881 0.0154 
        D360  5 0.0753 0.0382 0.4007 0.0258 0.1929 0.0483 0.0488 0.1700 
        D361  5 0.0187 0.0130 0.0257 0.0165 0.0314 0.0210 0.8584 0.0153 
        D366  5 0.0325 0.0263 0.0173 0.7204 0.1315 0.0224 0.0234 0.0263 
        D367  5 0.1463 0.1329 0.3773 0.0277 0.0281 0.0611 0.1771 0.0495 
        D368  5 0.1555 0.0544 0.1355 0.0366 0.0978 0.0300 0.4617 0.0284 
        D380  5 0.1474 0.4471 0.0311 0.1362 0.0611 0.0284 0.0717 0.0770 
        D381  5 0.0944 0.0681 0.5634 0.0471 0.0715 0.0524 0.0772 0.0259 
        D400  5 0.1113 0.1500 0.2481 0.0796 0.1043 0.2116 0.0399 0.0553 
        D411  5 0.1096 0.0263 0.0127 0.0367 0.0182 0.0567 0.0438 0.6961 
        D412  5 0.1255 0.0368 0.0646 0.0422 0.0756 0.4774 0.0780 0.1000 
        D413  5 0.0857 0.0541 0.0251 0.5529 0.0739 0.1219 0.0239 0.0626 
        D414  5 0.0541 0.7237 0.0208 0.0848 0.0192 0.0585 0.0192 0.0197 
        D420  5 0.3815 0.0221 0.0873 0.0614 0.0274 0.0594 0.0760 0.2849 
        D431  5 0.1680 0.2104 0.0509 0.0251 0.0196 0.2518 0.2317 0.0424 
        D432  5 0.0531 0.0402 0.4398 0.0292 0.0927 0.1579 0.0853 0.1018 
        D433  5 0.0487 0.0338 0.5288 0.0386 0.0601 0.0873 0.1815 0.0212 
        D434  5 0.0722 0.0455 0.4527 0.0321 0.1450 0.0447 0.1699 0.0379 
        D440  5 0.0253 0.8550 0.0194 0.0245 0.0216 0.0166 0.0249 0.0128 
        D447  5 0.1899 0.0827 0.0292 0.1881 0.1832 0.1025 0.0474 0.1770 
        D448  5 0.0796 0.0445 0.1655 0.0189 0.0765 0.5532 0.0347 0.0273 
        D459  5 0.0236 0.0294 0.0373 0.8180 0.0308 0.0266 0.0197 0.0146 
        D460  5 0.0194 0.0180 0.0472 0.0237 0.0478 0.0172 0.8158 0.0111 
        D461  5 0.0252 0.8191 0.0188 0.0226 0.0578 0.0149 0.0216 0.0200 
        D468  5 0.2761 0.0382 0.1046 0.1756 0.0918 0.0599 0.2039 0.0500 
        D469  5 0.0656 0.0616 0.0815 0.0521 0.5477 0.0254 0.1045 0.0615 
        D470  5 0.1363 0.1177 0.0607 0.0360 0.1031 0.2035 0.0828 0.2598 
        D471  5 0.0838 0.0568 0.4723 0.0501 0.0718 0.1859 0.0596 0.0198 
        D472  5 0.0323 0.0143 0.0272 0.2234 0.6201 0.0321 0.0266 0.0240 
        D479  5 0.0289 0.0667 0.0141 0.0929 0.0196 0.7429 0.0198 0.0152 
        D485  5 0.1736 0.4036 0.0501 0.0329 0.0372 0.2100 0.0436 0.0489 
        D486  5 0.3488 0.0576 0.0569 0.1523 0.0676 0.0687 0.1086 0.1394 
        D487  5 0.0919 0.1395 0.2678 0.0341 0.0326 0.3147 0.0636 0.0559 
        D555  5 0.0437 0.0242 0.7540 0.0372 0.0253 0.0593 0.0316 0.0247 
        D556  5 0.0820 0.2719 0.1315 0.0290 0.0515 0.1638 0.2315 0.0388 
        D557  5 0.0274 0.0376 0.7230 0.0256 0.0291 0.0527 0.0893 0.0153 
        D564  5 0.0856 0.3742 0.1623 0.0179 0.0498 0.0936 0.1590 0.0576 
        D594  5 0.1797 0.0830 0.0505 0.1709 0.1318 0.2564 0.0748 0.0530 
        D595  5 0.0954 0.0664 0.2784 0.1109 0.1544 0.1691 0.0804 0.0451 
        D596  5 0.0431 0.0188 0.7291 0.0220 0.0242 0.0905 0.0527 0.0196 
        D597  5 0.0418 0.0791 0.2999 0.3511 0.0996 0.0611 0.0395 0.0279 
        D598  5 0.0634 0.1095 0.3255 0.0520 0.1203 0.1094 0.0824 0.1376 
        D617  5 0.0888 0.0169 0.0146 0.0743 0.0221 0.2541 0.0477 0.4815 
        D618  5 0.0419 0.0734 0.5545 0.0534 0.0815 0.0910 0.0657 0.0386 
        D619  5 0.0443 0.0358 0.0550 0.0641 0.1360 0.2537 0.3948 0.0163 
        D620  5 0.0169 0.0170 0.0304 0.7832 0.0332 0.0724 0.0250 0.0219 
        D628  5 0.0501 0.6731 0.0362 0.0186 0.0319 0.1013 0.0318 0.0570 
        D714  5 0.1332 0.3669 0.2321 0.0603 0.0139 0.1119 0.0486 0.0331 
        D715  5 0.0296 0.0265 0.7492 0.0452 0.0571 0.0391 0.0365 0.0169 
        D716  5 0.2086 0.1142 0.0410 0.0744 0.0781 0.4184 0.0226 0.0427 
        D717  5 0.1081 0.1110 0.2181 0.1157 0.2567 0.0232 0.0816 0.0855 
        D718  5 0.4676 0.0540 0.0550 0.0558 0.0120 0.2424 0.0626 0.0504 
        D769  5 0.0845 0.0530 0.0198 0.0561 0.0280 0.2952 0.0323 0.4311 
        D770  5 0.1654 0.3354 0.0820 0.1792 0.0310 0.1179 0.0545 0.0347 
        D771  5 0.1704 0.0701 0.0698 0.0754 0.0488 0.3805 0.0914 0.0935 
        D772  5 0.0596 0.6840 0.0926 0.0224 0.0311 0.0283 0.0363 0.0456 
        D782  5 0.1753 0.0219 0.0436 0.5347 0.0284 0.0331 0.1140 0.0491 
        D783  5 0.0911 0.4310 0.1186 0.2139 0.0167 0.0658 0.0407 0.0223 
        D784  5 0.1029 0.2784 0.1131 0.0800 0.3021 0.0229 0.0433 0.0575 
        D785  5 0.0492 0.1505 0.4578 0.0304 0.0382 0.0414 0.1926 0.0399 
        D786  5 0.0735 0.1226 0.0231 0.1044 0.1529 0.1261 0.0494 0.3480 
        D821  5 0.0181 0.0289 0.8824 0.0133 0.0129 0.0146 0.0185 0.0113 
        D822  5 0.2120 0.1346 0.0987 0.1756 0.2084 0.0487 0.0997 0.0223 
        D826  5 0.0614 0.0554 0.4225 0.1670 0.0536 0.0963 0.1233 0.0205 
        D827  5 0.1669 0.1121 0.0276 0.2495 0.2670 0.0558 0.0335 0.0876 
        D851  5 0.3661 0.0749 0.1271 0.0665 0.0940 0.1019 0.1010 0.0684 
        D852  5 0.0454 0.4271 0.1438 0.0343 0.0278 0.1443 0.1335 0.0437 
        D853  5 0.1944 0.0637 0.3069 0.0520 0.1152 0.0927 0.0976 0.0776 
        D854  5 0.3601 0.0733 0.0227 0.1427 0.0836 0.1481 0.1261 0.0433 
        D861  5 0.2533 0.0526 0.1328 0.1943 0.0617 0.1136 0.1195 0.0722 
        D862  5 0.1657 0.1032 0.1928 0.0685 0.2601 0.0490 0.1090 0.0518 
        D865  5 0.0363 0.0430 0.5428 0.0317 0.0263 0.1304 0.1576 0.0318 
        D868  5 0.0330 0.0281 0.0792 0.0407 0.7064 0.0273 0.0425 0.0427 
        D869  5 0.0670 0.0101 0.0250 0.0727 0.0329 0.0218 0.0551 0.7154 
        D870  5 0.7493 0.0290 0.0114 0.0470 0.0409 0.0223 0.0266 0.0735 
        D907  5 0.1063 0.0271 0.4810 0.0184 0.0410 0.1486 0.1120 0.0657 
        D908  5 0.0406 0.1480 0.2102 0.0217 0.0228 0.4007 0.1319 0.0240 
        D910  5 0.1088 0.0617 0.2881 0.2017 0.0714 0.1889 0.0509 0.0286 
        D911  5 0.0838 0.0206 0.0544 0.7301 0.0534 0.0272 0.0182 0.0122 
        D934  5 0.1604 0.3132 0.0575 0.0580 0.0346 0.2858 0.0617 0.0288 
        D946  5 0.0795 0.4339 0.0340 0.0198 0.0215 0.1940 0.1909 0.0264 
        D947  5 0.2190 0.2719 0.0414 0.0502 0.1989 0.0668 0.0918 0.0601 
