        D174  1 0.1842 0.0670 0.7488 
        D199  1 0.1198 0.3734 0.5069 
        D203  1 0.2241 0.3912 0.3847 
        D204  1 0.1659 0.1454 0.6887 
     D237366  1 0.5157 0.2316 0.2527 
     D237367  1 0.6851 0.1311 0.1838 
     D237368  1 0.5926 0.1504 0.2570 
     D244101  1 0.1113 0.5881 0.3006 
     D244102  1 0.2741 0.1962 0.5297 
     D244103  1 0.7590 0.0708 0.1702 
     D244104  1 0.2016 0.2012 0.5972 
     D244105  1 0.8701 0.0687 0.0611 
     D244106  1 0.1007 0.2929 0.6063 
     D244107  1 0.8565 0.0952 0.0483 
     D244108  1 0.1347 0.0863 0.7790 
     D244113  1 0.0543 0.0899 0.8557 
     D244114  1 0.2615 0.4753 0.2632 
     D244115  1 0.3124 0.0741 0.6135 
     D267365  1 0.1024 0.1210 0.7766 
        D404  1 0.0940 0.1135 0.7925 
        D405  1 0.1746 0.1951 0.6302 
        D406  1 0.8322 0.0338 0.1340 
        D407  1 0.7642 0.1027 0.1331 
        D408  1 0.1275 0.2176 0.6549 
        D409  1 0.8080 0.0904 0.1016 
        D410  1 0.8795 0.0256 0.0949 
        D421  1 0.3077 0.1784 0.5140 
        D422  1 0.9330 0.0358 0.0312 
        D423  1 0.9371 0.0286 0.0343 
        D424  1 0.7172 0.0372 0.2456 
        D425  1 0.1509 0.0919 0.7573 
        D426  1 0.7995 0.1552 0.0453 
        D427  1 0.0840 0.7253 0.1907 
        D428  1 0.2979 0.1061 0.5960 
        D429  1 0.2000 0.1231 0.6769 
        D430  1 0.2511 0.4770 0.2718 
        D491  1 0.0836 0.0557 0.8608 
        D492  1 0.3877 0.1104 0.5019 
        D537  1 0.3659 0.0578 0.5763 
        D538  1 0.3750 0.2134 0.4117 
        D539  1 0.1801 0.3446 0.4753 
        D540  1 0.4855 0.1052 0.4093 
        D541  1 0.2875 0.1172 0.5954 
        D551  1 0.3008 0.6253 0.0739 
        D552  1 0.3758 0.1213 0.5029 
        D553  1 0.4267 0.0922 0.4811 
        D615  1 0.2889 0.2016 0.5094 
        D616  1 0.4439 0.2530 0.3031 
        D621  1 0.6831 0.0745 0.2425 
        D622  1 0.8188 0.0710 0.1102 
        D623  1 0.0699 0.3603 0.5698 
        D624  1 0.0841 0.0766 0.8393 
        D625  1 0.1785 0.0607 0.7608 
        D626  1 0.2961 0.1823 0.5217 
        D627  1 0.7721 0.1437 0.0843 
        D690  1 0.2500 0.0360 0.7140 
        D691  1 0.7902 0.0788 0.1311 
        D710  1 0.2798 0.1854 0.5348 
        D711  1 0.2267 0.1031 0.6702 
        D712  1 0.0921 0.1277 0.7802 
        D713  1 0.1070 0.0381 0.8549 
        D746  1 0.8991 0.0486 0.0524 
        D747  1 0.1870 0.1720 0.6411 
        D748  1 0.5898 0.0804 0.3298 
        D749  1 0.6347 0.1698 0.1956 
        D750  1 0.1227 0.0617 0.8157 
        D763  1 0.2643 0.6157 0.1201 
        D764  1 0.2278 0.0404 0.7319 
        D765  1 0.6355 0.0671 0.2974 
        D766  1 0.6349 0.0418 0.3233 
        D767  1 0.2910 0.2470 0.4619 
        D768  1 0.6208 0.0878 0.2914 
        D811  1 0.2296 0.1232 0.6472 
        D816  1 0.1357 0.0433 0.8210 
        D825  1 0.2873 0.0532 0.6595 
        D866  1 0.0808 0.5718 0.3474 
        D867  1 0.8889 0.0506 0.0605 
        D871  1 0.7882 0.0769 0.1349 
        D872  1 0.2335 0.0833 0.6832 
        D873  1 0.9375 0.0286 0.0339 
        D874  1 0.0442 0.1242 0.8316 
        D875  1 0.9081 0.0437 0.0482 
        D876  1 0.1168 0.0733 0.8098 
        D877  1 0.0334 0.0378 0.9288 
        D892  1 0.2279 0.0554 0.7167 
        D893  1 0.4396 0.2400 0.3204 
        D894  1 0.3179 0.1586 0.5235 
        D915  1 0.4047 0.0691 0.5263 
        D916  1 0.2661 0.0656 0.6683 
        D917  1 0.0835 0.1791 0.7374 
        D925  1 0.7493 0.0474 0.2033 
        D926  1 0.3210 0.0839 0.5951 
        D927  1 0.1379 0.5903 0.2718 
        D928  1 0.0324 0.0380 0.9296 
        D929  1 0.2087 0.1693 0.6220 
        D936  1 0.1582 0.3619 0.4799 
        D938  1 0.9124 0.0362 0.0515 
        D956  1 0.1264 0.1393 0.7343 
        D957  1 0.3193 0.0843 0.5963 
        D958  1 0.1963 0.0468 0.7570 
        D959  1 0.8481 0.0582 0.0937 
        D960  1 0.8609 0.0373 0.1018 
        D989  1 0.0732 0.3679 0.5589 
        D990  1 0.8239 0.1311 0.0450 
        D023  2 0.8878 0.0446 0.0676 
        D130  2 0.8795 0.0476 0.0729 
        D131  2 0.6128 0.1806 0.2066 
        D163  2 0.8762 0.0502 0.0736 
        D164  2 0.5153 0.4569 0.0278 
        D165  2 0.8985 0.0582 0.0433 
        D166  2 0.4260 0.3233 0.2507 
        D167  2 0.0402 0.9039 0.0560 
        D192  2 0.0294 0.9429 0.0278 
        D193  2 0.1285 0.1292 0.7423 
        D206  2 0.5850 0.2227 0.1923 
        D207  2 0.1176 0.7621 0.1203 
        D208  2 0.0906 0.5497 0.3597 
        D209  2 0.3003 0.6257 0.0740 
        D210  2 0.0725 0.4847 0.4428 
     D229599  2 0.2420 0.3609 0.3972 
     D229600  2 0.5403 0.3928 0.0670 
     D237227  2 0.3301 0.3008 0.3691 
     D237228  2 0.4919 0.2179 0.2902 
     D237258  2 0.2861 0.3988 0.3152 
     D237310  2 0.7459 0.1554 0.0987 
     D237311  2 0.5792 0.3365 0.0843 
     D237312  2 0.5471 0.1368 0.3160 
     D237313  2 0.3011 0.1100 0.5889 
     D237322  2 0.1538 0.6466 0.1996 
     D237323  2 0.6429 0.1471 0.2101 
     D237324  2 0.6102 0.3351 0.0547 
     D237325  2 0.5490 0.1449 0.3061 
     D237326  2 0.5977 0.0801 0.3222 
     D237327  2 0.1143 0.8068 0.0790 
     D237337  2 0.7651 0.0503 0.1846 
     D237338  2 0.4813 0.2817 0.2370 
     D237339  2 0.1114 0.6585 0.2301 
     D237340  2 0.2453 0.4679 0.2868 
     D237389  2 0.8014 0.1160 0.0826 
     D237390  2 0.4148 0.1331 0.4522 
     D244017  2 0.1112 0.5151 0.3737 
     D244112  2 0.1244 0.8377 0.0379 
     D244118  2 0.2530 0.7018 0.0452 
     D244119  2 0.0588 0.5483 0.3929 
     D244120  2 0.0983 0.7840 0.1177 
     D244122  2 0.1036 0.7860 0.1105 
        D291  2 0.2492 0.6489 0.1019 
        D292  2 0.0774 0.6329 0.2896 
        D293  2 0.0382 0.8663 0.0954 
        D322  2 0.1172 0.7450 0.1378 
        D323  2 0.2011 0.3341 0.4648 
        D324  2 0.3396 0.3692 0.2912 
        D325  2 0.0893 0.8865 0.0242 
        D326  2 0.1065 0.1335 0.7600 
        D340  2 0.0538 0.9171 0.0291 
        D341  2 0.0581 0.8915 0.0504 
        D342  2 0.2873 0.6555 0.0572 
        D343  2 0.0227 0.9601 0.0171 
        D344  2 0.2728 0.1860 0.5412 
        D345  2 0.4294 0.1469 0.4236 
        D346  2 0.1383 0.2896 0.5721 
        D351  2 0.3511 0.4400 0.2089 
        D352  2 0.2729 0.3736 0.3535 
        D353  2 0.3650 0.2614 0.3737 
        D354  2 0.1445 0.0686 0.7869 
        D362  2 0.3010 0.0864 0.6126 
        D363  2 0.1896 0.0765 0.7339 
        D364  2 0.2052 0.0828 0.7120 
        D365  2 0.0297 0.9340 0.0364 
        D369  2 0.2757 0.3981 0.3263 
        D374  2 0.0420 0.0448 0.9132 
        D375  2 0.3314 0.1612 0.5074 
        D376  2 0.0799 0.0964 0.8237 
        D377  2 0.3625 0.2201 0.4174 
        D378  2 0.1793 0.6309 0.1899 
        D379  2 0.1311 0.0671 0.8018 
        D384  2 0.0744 0.0388 0.8868 
        D385  2 0.0316 0.9260 0.0424 
        D386  2 0.3139 0.3098 0.3763 
        D391  2 0.0357 0.9239 0.0405 
        D392  2 0.1011 0.7740 0.1248 
        D393  2 0.1829 0.5983 0.2188 
        D394  2 0.4981 0.2442 0.2577 
        D395  2 0.1366 0.7795 0.0839 
        D401  2 0.8948 0.0496 0.0555 
        D402  2 0.0417 0.9144 0.0439 
        D403  2 0.5372 0.1343 0.3285 
        D415  2 0.7819 0.0574 0.1607 
        D435  2 0.3372 0.5477 0.1151 
        D436  2 0.1398 0.1648 0.6954 
        D438  2 0.0522 0.9120 0.0359 
        D439  2 0.4614 0.3585 0.1801 
        D449  2 0.3607 0.5788 0.0605 
        D450  2 0.1597 0.1104 0.7299 
        D456  2 0.3910 0.0645 0.5446 
        D462  2 0.0435 0.9185 0.0380 
        D463  2 0.1067 0.0424 0.8509 
        D464  2 0.1969 0.3229 0.4801 
        D465  2 0.4493 0.4519 0.0987 
        D473  2 0.1871 0.1771 0.6358 
        D474  2 0.2587 0.4089 0.3324 
        D476  2 0.6139 0.3123 0.0738 
        D477  2 0.2080 0.2625 0.5295 
        D478  2 0.3501 0.1667 0.4833 
        D480  2 0.0784 0.5241 0.3975 
        D481  2 0.2827 0.2612 0.4561 
        D482  2 0.1830 0.5856 0.2314 
        D483  2 0.0470 0.8875 0.0656 
        D484  2 0.1217 0.6044 0.2740 
        D510  2 0.0622 0.1711 0.7667 
        D511  2 0.2047 0.5845 0.2108 
        D512  2 0.7623 0.1968 0.0409 
        D513  2 0.2451 0.5971 0.1578 
        D635  2 0.7083 0.0792 0.2126 
        D636  2 0.9152 0.0370 0.0478 
        D637  2 0.1388 0.6731 0.1881 
        D658  2 0.0750 0.7537 0.1713 
        D659  2 0.4005 0.1522 0.4473 
        D677  2 0.4200 0.2946 0.2855 
        D678  2 0.1640 0.7817 0.0543 
        D679  2 0.2007 0.3569 0.4424 
        D719  2 0.0397 0.2860 0.6743 
        D720  2 0.1280 0.0768 0.7952 
        D721  2 0.7106 0.1962 0.0932 
        D722  2 0.0991 0.1078 0.7931 
        D734  2 0.0435 0.5397 0.4168 
        D735  2 0.2415 0.2238 0.5347 
        D736  2 0.1635 0.3300 0.5065 
        D737  2 0.0894 0.8230 0.0876 
        D807  2 0.1134 0.2914 0.5952 
        D808  2 0.4214 0.4265 0.1522 
        D817  2 0.2010 0.0893 0.7097 
        D818  2 0.2001 0.7157 0.0842 
        D819  2 0.5614 0.1801 0.2585 
        D820  2 0.1029 0.2530 0.6441 
        D895  2 0.6379 0.1004 0.2618 
        D896  2 0.8601 0.0411 0.0988 
        D897  2 0.1591 0.7829 0.0580 
        D898  2 0.3635 0.2749 0.3616 
        D918  2 0.3960 0.4459 0.1580 
        D919  2 0.1734 0.5989 0.2277 
        D920  2 0.8590 0.0574 0.0836 
        D923  2 0.1927 0.1464 0.6610 
        D930  2 0.1547 0.1397 0.7057 
        D931  2 0.1597 0.4139 0.4265 
        D968  2 0.0276 0.9354 0.0370 
        D969  2 0.1268 0.6443 0.2289 
        D977  2 0.1507 0.7942 0.0551 
        D978  2 0.0944 0.7471 0.1586 
        D211  3 0.7277 0.1364 0.1359 
     D229639  3 0.0856 0.7841 0.1304 
     D237212  3 0.2810 0.5770 0.1420 
     D237213  3 0.6261 0.1695 0.2044 
     D237214  3 0.8569 0.0516 0.0915 
     D237215  3 0.0406 0.8619 0.0975 
     D237216  3 0.6831 0.2335 0.0834 
     D237217  3 0.8416 0.0912 0.0672 
     D237218  3 0.1365 0.7014 0.1621 
     D237219  3 0.5819 0.2479 0.1702 
     D237382  3 0.2242 0.1719 0.6039 
     D244127  3 0.6933 0.2406 0.0661 
     D244129  3 0.4587 0.3039 0.2374 
     D244133  3 0.4334 0.2758 0.2908 
     D244134  3 0.2116 0.4872 0.3012 
     D244135  3 0.8288 0.1050 0.0662 
     D244136  3 0.2276 0.1821 0.5903 
        D416  3 0.4252 0.4823 0.0925 
        D417  3 0.2580 0.0759 0.6661 
        D419  3 0.3755 0.3624 0.2621 
        D565  3 0.0573 0.0563 0.8863 
        D566  3 0.1208 0.4992 0.3800 
        D567  3 0.4822 0.0946 0.4232 
        D568  3 0.4803 0.3504 0.1693 
        D569  3 0.2487 0.5803 0.1710 
        D573  3 0.0991 0.8428 0.0581 
        D574  3 0.2337 0.1667 0.5995 
        D575  3 0.4938 0.2031 0.3031 
        D576  3 0.0522 0.9054 0.0424 
        D577  3 0.2298 0.1069 0.6633 
        D578  3 0.9177 0.0568 0.0255 
        D579  3 0.1868 0.2848 0.5284 
        D660  3 0.3783 0.5673 0.0544 
        D661  3 0.1150 0.8340 0.0510 
        D663  3 0.0611 0.8602 0.0787 
        D664  3 0.4655 0.3424 0.1921 
        D665  3 0.7323 0.2187 0.0489 
        D666  3 0.4911 0.1846 0.3242 
        D009  4 0.6625 0.1149 0.2226 
        D057  4 0.1859 0.6874 0.1267 
        D109  4 0.7744 0.0781 0.1475 
     D237222  4 0.5667 0.1280 0.3053 
     D237223  4 0.5510 0.2382 0.2108 
     D237224  4 0.1048 0.7457 0.1496 
     D237225  4 0.6384 0.1393 0.2223 
     D237299  4 0.7546 0.1782 0.0672 
     D237300  4 0.0678 0.8657 0.0665 
     D237306  4 0.1269 0.0739 0.7992 
     D237307  4 0.1900 0.1341 0.6759 
     D237308  4 0.1376 0.6742 0.1881 
     D237309  4 0.6175 0.1448 0.2378 
     D237317  4 0.1244 0.0524 0.8232 
     D237318  4 0.0314 0.9229 0.0456 
     D237319  4 0.5326 0.1924 0.2751 
     D237320  4 0.4533 0.3976 0.1491 
     D237321  4 0.1354 0.7614 0.1032 
     D237397  4 0.2288 0.3325 0.4387 
     D237398  4 0.1370 0.8024 0.0606 
     D237399  4 0.1757 0.3574 0.4669 
     D244001  4 0.7837 0.1033 0.1130 
        D289  4 0.1380 0.4050 0.4570 
        D290  4 0.1677 0.3987 0.4335 
        D294  4 0.2108 0.4663 0.3229 
        D295  4 0.2908 0.1883 0.5209 
        D301  4 0.7379 0.1658 0.0964 
        D302  4 0.2642 0.1503 0.5855 
        D303  4 0.1334 0.1945 0.6721 
        D304  4 0.0856 0.3715 0.5429 
        D305  4 0.4613 0.4724 0.0664 
        D306  4 0.1999 0.1487 0.6514 
        D307  4 0.7921 0.1170 0.0908 
        D327  4 0.1759 0.1702 0.6539 
        D328  4 0.1261 0.1360 0.7379 
        D329  4 0.2264 0.6037 0.1700 
        D330  4 0.6396 0.1191 0.2413 
        D331  4 0.2147 0.3250 0.4602 
        D333  4 0.2085 0.2850 0.5065 
        D334  4 0.1379 0.0972 0.7648 
        D335  4 0.0948 0.1682 0.7370 
        D370  4 0.2097 0.0962 0.6941 
        D371  4 0.0476 0.0615 0.8909 
        D372  4 0.0657 0.8737 0.0606 
        D373  4 0.7683 0.1942 0.0375 
        D455  4 0.7426 0.1793 0.0781 
        D490  4 0.9097 0.0371 0.0532 
        D497  4 0.8726 0.0682 0.0592 
        D498  4 0.2603 0.3043 0.4354 
        D499  4 0.0996 0.7414 0.1590 
        D514  4 0.4133 0.2021 0.3845 
        D515  4 0.6439 0.1602 0.1959 
        D516  4 0.3939 0.1975 0.4086 
        D517  4 0.8191 0.1261 0.0548 
        D518  4 0.2142 0.2224 0.5635 
        D519  4 0.6363 0.2843 0.0794 
        D560  4 0.5498 0.3409 0.1093 
        D561  4 0.8689 0.0815 0.0496 
        D562  4 0.3420 0.3805 0.2774 
        D563  4 0.1506 0.7867 0.0627 
        D572  4 0.2379 0.2922 0.4699 
        D629  4 0.5419 0.1577 0.3004 
        D630  4 0.2797 0.2735 0.4468 
        D631  4 0.1082 0.6971 0.1947 
        D632  4 0.6506 0.2499 0.0995 
        D646  4 0.6272 0.1880 0.1848 
        D647  4 0.4107 0.2562 0.3331 
        D648  4 0.1469 0.1756 0.6775 
        D649  4 0.5391 0.1085 0.3524 
        D650  4 0.2479 0.1645 0.5876 
        D708  4 0.1765 0.1852 0.6383 
        D709  4 0.1944 0.1552 0.6504 
        D738  4 0.1707 0.0623 0.7670 
        D739  4 0.5137 0.2608 0.2255 
        D740  4 0.3726 0.4737 0.1537 
        D741  4 0.4879 0.3968 0.1153 
        D742  4 0.0938 0.7920 0.1142 
        D743  4 0.1600 0.3437 0.4962 
        D744  4 0.2206 0.5499 0.2295 
        D745  4 0.7807 0.1400 0.0793 
        D814  4 0.3018 0.6385 0.0597 
        D815  4 0.1278 0.2049 0.6672 
        D828  4 0.1387 0.4884 0.3729 
        D845  4 0.0390 0.9034 0.0576 
        D846  4 0.3293 0.5458 0.1249 
        D847  4 0.3415 0.3632 0.2953 
        D848  4 0.6036 0.3564 0.0400 
        D849  4 0.7864 0.1184 0.0953 
        D850  4 0.4195 0.2664 0.3141 
        D856  4 0.5691 0.1672 0.2637 
        D857  4 0.8475 0.0969 0.0556 
        D859  4 0.1334 0.4941 0.3725 
        D860  4 0.0605 0.3318 0.6076 
        D883  4 0.3400 0.1129 0.5471 
        D884  4 0.3562 0.1128 0.5310 
        D885  4 0.3971 0.5023 0.1006 
        D886  4 0.3924 0.2032 0.4044 
        D887  4 0.1934 0.6296 0.1770 
        D889  4 0.0664 0.6969 0.2367 
        D890  4 0.2750 0.1737 0.5513 
        D891  4 0.0302 0.9435 0.0263 
        D899  4 0.0626 0.7436 0.1938 
        D900  4 0.3480 0.2556 0.3964 
        D970  4 0.2120 0.4084 0.3796 
        D971  4 0.1165 0.6164 0.2672 
        D979  4 0.0715 0.1687 0.7597 
        D093  5 0.1125 0.1869 0.7006 
        D154  5 0.1552 0.7074 0.1374 
        D168  5 0.4640 0.4465 0.0894 
        D189  5 0.0734 0.4008 0.5258 
        D190  5 0.0667 0.1118 0.8215 
     D237220  5 0.4039 0.3989 0.1972 
     D237221  5 0.1316 0.3752 0.4931 
     D237274  5 0.2420 0.1009 0.6571 
     D237275  5 0.0692 0.8683 0.0625 
     D237276  5 0.2468 0.1370 0.6162 
     D237277  5 0.0936 0.4114 0.4950 
     D237278  5 0.1852 0.6250 0.1898 
     D237279  5 0.9098 0.0469 0.0433 
     D237280  5 0.6151 0.0806 0.3043 
     D237281  5 0.0570 0.8941 0.0489 
     D237351  5 0.7676 0.0893 0.1431 
     D237352  5 0.4573 0.1332 0.4095 
     D237353  5 0.0510 0.1049 0.8441 
     D237359  5 0.3726 0.4701 0.1572 
     D237361  5 0.0574 0.0822 0.8604 
     D237362  5 0.2858 0.2164 0.4978 
     D237363  5 0.5483 0.2981 0.1536 
     D237364  5 0.3361 0.5609 0.1030 
     D237376  5 0.0944 0.2562 0.6494 
     D237377  5 0.5223 0.0912 0.3865 
     D237378  5 0.0911 0.4642 0.4447 
     D237379  5 0.1472 0.3193 0.5336 
     D237380  5 0.5500 0.0363 0.4137 
     D237381  5 0.5746 0.1416 0.2838 
     D237391  5 0.0980 0.1422 0.7598 
     D237392  5 0.3147 0.2336 0.4517 
     D237393  5 0.1693 0.1471 0.6837 
     D237394  5 0.0655 0.0420 0.8925 
     D237395  5 0.3185 0.2727 0.4088 
     D237396  5 0.3878 0.1628 0.4494 
     D244016  5 0.1782 0.3433 0.4785 
     D244018  5 0.2384 0.6066 0.1550 
     D244019  5 0.1687 0.2775 0.5538 
        D279  5 0.1620 0.7498 0.0881 
        D280  5 0.1786 0.3757 0.4457 
        D281  5 0.0502 0.8799 0.0700 
        D283  5 0.0759 0.1626 0.7615 
        D284  5 0.6219 0.2323 0.1458 
        D285  5 0.1096 0.2392 0.6512 
        D286  5 0.1628 0.2329 0.6043 
        D287  5 0.1830 0.1750 0.6421 
        D288  5 0.1350 0.3282 0.5369 
        D308  5 0.8610 0.0398 0.0992 
        D309  5 0.3408 0.1730 0.4862 
        D310  5 0.0731 0.1427 0.7842 
        D311  5 0.1260 0.1603 0.7137 
        D312  5 0.1370 0.1217 0.7412 
        D313  5 0.9398 0.0272 0.0330 
        D314  5 0.2924 0.5432 0.1644 
        D315  5 0.1635 0.1676 0.6689 
        D317  5 0.0676 0.0662 0.8661 
        D318  5 0.3909 0.3784 0.2308 
        D319  5 0.0588 0.1647 0.7765 
        D320  5 0.0780 0.0954 0.8266 
        D321  5 0.7747 0.0954 0.1299 
        D336  5 0.0508 0.0542 0.8950 
        D337  5 0.0361 0.1511 0.8128 
        D338  5 0.2491 0.3216 0.4293 
        D339  5 0.1316 0.2169 0.6515 
        D347  5 0.0863 0.1995 0.7142 
        D348  5 0.0365 0.0913 0.8721 
        D349  5 0.8430 0.0591 0.0979 
        D350  5 0.2293 0.4146 0.3561 
        D355  5 0.0902 0.7425 0.1673 
        D356  5 0.1528 0.1012 0.7460 
        D357  5 0.2001 0.2038 0.5962 
        D358  5 0.1959 0.1590 0.6451 
        D359  5 0.0580 0.0432 0.8988 
        D360  5 0.1556 0.0870 0.7574 
        D361  5 0.8840 0.0418 0.0742 
        D366  5 0.3504 0.4328 0.2167 
        D367  5 0.1724 0.1544 0.6732 
        D368  5 0.3626 0.1131 0.5243 
        D380  5 0.4148 0.2552 0.3300 
        D381  5 0.1053 0.1881 0.7065 
        D400  5 0.0718 0.3912 0.5370 
        D411  5 0.9279 0.0426 0.0295 
        D412  5 0.2655 0.3296 0.4049 
        D413  5 0.1236 0.8184 0.0581 
        D414  5 0.1105 0.7839 0.1057 
        D420  5 0.5266 0.3534 0.1200 
        D431  5 0.2741 0.5039 0.2220 
        D432  5 0.1839 0.3119 0.5042 
        D433  5 0.0858 0.2464 0.6677 
        D434  5 0.1045 0.0760 0.8195 
        D440  5 0.3164 0.3146 0.3690 
        D447  5 0.5905 0.2312 0.1783 
        D448  5 0.0559 0.1219 0.8222 
        D459  5 0.0473 0.8786 0.0741 
        D460  5 0.8141 0.0560 0.1299 
        D461  5 0.1852 0.2225 0.5923 
        D468  5 0.4302 0.1383 0.4315 
        D469  5 0.3092 0.1428 0.5479 
        D470  5 0.4429 0.1061 0.4509 
        D471  5 0.0484 0.2370 0.7146 
        D472  5 0.1201 0.5729 0.3071 
        D479  5 0.0657 0.8725 0.0618 
        D485  5 0.1985 0.2666 0.5349 
        D486  5 0.5399 0.0886 0.3715 
        D487  5 0.0847 0.7749 0.1404 
        D555  5 0.0599 0.1790 0.7611 
        D556  5 0.1483 0.4898 0.3619 
        D557  5 0.0472 0.1574 0.7954 
        D564  5 0.2135 0.1821 0.6043 
        D594  5 0.2956 0.1481 0.5563 
        D595  5 0.1878 0.2601 0.5520 
        D596  5 0.0507 0.1014 0.8479 
        D597  5 0.0842 0.4074 0.5084 
        D598  5 0.1736 0.1837 0.6427 
        D617  5 0.8142 0.1415 0.0443 
        D618  5 0.0857 0.2851 0.6292 
        D619  5 0.3300 0.0715 0.5985 
        D620  5 0.0444 0.8955 0.0601 
        D628  5 0.2710 0.2652 0.4638 
        D714  5 0.1121 0.6779 0.2100 
        D715  5 0.0574 0.2361 0.7065 
        D716  5 0.1094 0.3588 0.5319 
        D717  5 0.1597 0.1660 0.6743 
        D718  5 0.5066 0.2384 0.2550 
        D769  5 0.7362 0.1769 0.0869 
        D770  5 0.1553 0.6251 0.2197 
        D771  5 0.2098 0.5698 0.2204 
        D772  5 0.1155 0.2230 0.6615 
        D782  5 0.7256 0.2045 0.0698 
        D783  5 0.1165 0.6762 0.2073 
        D784  5 0.1621 0.2508 0.5871 
        D785  5 0.1205 0.0698 0.8097 
        D786  5 0.6825 0.1161 0.2013 
        D821  5 0.0392 0.0950 0.8658 
        D822  5 0.1322 0.1423 0.7254 
        D826  5 0.0959 0.6083 0.2959 
        D827  5 0.3202 0.2182 0.4616 
        D851  5 0.3754 0.1884 0.4361 
        D852  5 0.1050 0.7118 0.1831 
        D853  5 0.1673 0.3028 0.5299 
        D854  5 0.3733 0.4546 0.1721 
        D861  5 0.3358 0.3594 0.3048 
        D862  5 0.1172 0.0500 0.8329 
        D865  5 0.1047 0.2153 0.6801 
        D868  5 0.1855 0.1531 0.6613 
        D869  5 0.9166 0.0415 0.0418 
        D870  5 0.8850 0.0631 0.0520 
        D907  5 0.1937 0.1287 0.6777 
        D908  5 0.0755 0.7810 0.1434 
        D910  5 0.0683 0.3130 0.6187 
        D911  5 0.0631 0.8261 0.1108 
        D934  5 0.1287 0.7506 0.1207 
        D946  5 0.1561 0.6740 0.1699 
        D947  5 0.2690 0.3708 0.3602 
        D948  5 0.7917 0.0528 0.1555 
        D949  5 0.8069 0.0532 0.1398 
        D950  5 0.0475 0.8731 0.0795 
        D951  5 0.3048 0.0711 0.6240 
        D952  5 0.0842 0.1206 0.7952 
        D953  5 0.0935 0.1402 0.7663 
        D954  5 0.1067 0.0504 0.8429 
        D961  5 0.2118 0.2503 0.5380 
        D962  5 0.0741 0.0628 0.8632 
        D963  5 0.0867 0.2075 0.7058 
        D964  5 0.4271 0.4038 0.1691 
        D965  5 0.1897 0.3920 0.4183 
        D966  5 0.1032 0.4260 0.4708 
        D967  5 0.2156 0.4827 0.3017 
        D991  5 0.2806 0.1344 0.5850 
        D502  6 0.5370 0.3879 0.0750 
        D503  6 0.4137 0.5306 0.0557 
        D504  6 0.2295 0.2628 0.5077 
        D505  6 0.2303 0.3457 0.4240 
        D506  6 0.0804 0.0530 0.8666 
        D507  6 0.3006 0.5706 0.1289 
        D508  6 0.1905 0.4884 0.3211 
        D529  6 0.4335 0.2223 0.3442 
        D530  6 0.2960 0.1798 0.5241 
        D531  6 0.2605 0.3351 0.4044 
        D532  6 0.1187 0.1019 0.7794 
        D534  6 0.8127 0.0995 0.0878 
        D535  6 0.2426 0.1234 0.6339 
        D536  6 0.2487 0.7103 0.0411 
        D554  6 0.2771 0.1248 0.5981 
        D587  6 0.0787 0.1036 0.8178 
        D588  6 0.2547 0.1400 0.6053 
        D589  6 0.2159 0.6394 0.1446 
        D590  6 0.1405 0.7901 0.0694 
        D591  6 0.3568 0.4280 0.2152 
        D592  6 0.7820 0.0998 0.1181 
        D593  6 0.2002 0.2499 0.5499 
        D682  6 0.1271 0.1261 0.7468 
        D683  6 0.1807 0.0762 0.7430 
        D684  6 0.5012 0.4546 0.0441 
        D685  6 0.4619 0.4477 0.0904 
        D686  6 0.0963 0.0636 0.8400 
        D724  6 0.4137 0.3595 0.2268 
        D725  6 0.2120 0.4101 0.3779 
        D726  6 0.0667 0.0614 0.8719 
        D727  6 0.3404 0.4685 0.1911 
        D728  6 0.1620 0.0936 0.7444 
        D729  6 0.8328 0.0856 0.0816 
        D730  6 0.4216 0.3365 0.2419 
        D731  6 0.0538 0.5688 0.3774 
        D732  6 0.2355 0.2597 0.5048 
        D733  6 0.2924 0.2863 0.4213 
     D237251  7 0.0856 0.7129 0.2014 
     D237252  7 0.4931 0.4024 0.1046 
     D237253  7 0.1366 0.6600 0.2034 
     D237254  7 0.9101 0.0568 0.0331 
     D237255  7 0.0606 0.8451 0.0942 
     D237256  7 0.0819 0.7946 0.1235 
     D237257  7 0.6861 0.2171 0.0968 
     D237282  7 0.4300 0.2603 0.3098 
     D237283  7 0.8948 0.0685 0.0368 
     D237284  7 0.8956 0.0576 0.0468 
     D237285  7 0.1744 0.2670 0.5586 
     D237286  7 0.2452 0.3737 0.3811 
     D237287  7 0.2796 0.5711 0.1493 
     D244006  7 0.9064 0.0557 0.0378 
     D244007  7 0.3014 0.5244 0.1742 
     D244008  7 0.8653 0.0523 0.0824 
     D244009  7 0.5442 0.1128 0.3430 
     D244010  7 0.6325 0.2704 0.0971 
     D244011  7 0.1537 0.5811 0.2651 
     D244012  7 0.3975 0.5028 0.0996 
     D244013  7 0.0706 0.6742 0.2552 
     D244014  7 0.4108 0.5026 0.0866 
     D244015  7 0.7990 0.1181 0.0829 
     D244125  7 0.1130 0.4644 0.4226 
     D244126  7 0.9147 0.0500 0.0352 
     D244130  7 0.4601 0.2349 0.3050 
     D244131  7 0.2558 0.2135 0.5307 
     D244132  7 0.0879 0.0771 0.8351 
        D520  7 0.6190 0.0967 0.2842 
        D521  7 0.3010 0.3137 0.3852 
        D522  7 0.6215 0.1270 0.2515 
        D523  7 0.0994 0.7988 0.1018 
        D524  7 0.1635 0.5085 0.3280 
        D525  7 0.5095 0.4226 0.0679 
        D526  7 0.9066 0.0453 0.0481 
        D527  7 0.3572 0.3366 0.3061 
        D528  7 0.9421 0.0219 0.0361 
        D558  7 0.3600 0.4348 0.2052 
        D559  7 0.3187 0.5399 0.1414 
        D640  7 0.1551 0.4341 0.4108 
        D641  7 0.2637 0.5720 0.1643 
        D642  7 0.6629 0.1929 0.1442 
        D644  7 0.2548 0.2065 0.5387 
        D645  7 0.2532 0.5292 0.2176 
        D662  7 0.5382 0.0421 0.4197 
        D687  7 0.2247 0.5499 0.2255 
        D688  7 0.4741 0.2770 0.2489 
        D689  7 0.2567 0.3525 0.3908 
        D700  7 0.9437 0.0280 0.0284 
        D797  7 0.2344 0.3123 0.4533 
        D798  7 0.8034 0.0917 0.1048 
        D799  7 0.1715 0.7476 0.0810 
        D800  7 0.4485 0.3856 0.1660 
        D132  8 0.9046 0.0419 0.0534 
        D133  8 0.0712 0.8959 0.0330 
        D200  8 0.1372 0.5983 0.2645 
        D500  8 0.9065 0.0341 0.0594 
        D614  8 0.2288 0.1294 0.6418 
        D723  8 0.5245 0.2113 0.2642 
        D888  8 0.0455 0.9007 0.0538 
        D901  8 0.6394 0.2745 0.0861 
        D902  8 0.1451 0.1413 0.7136 
        D903  8 0.1051 0.1701 0.7248 
        D904  8 0.2681 0.2914 0.4404 
        D905  8 0.0357 0.8846 0.0797 
        D906  8 0.2291 0.6936 0.0773 
        D937  8 0.0826 0.1760 0.7414 
        D943  8 0.4511 0.4347 0.1143 
        D972  8 0.6653 0.1343 0.2005 
        D973  8 0.2907 0.0915 0.6177 
        D974  8 0.3437 0.2225 0.4338 
        D975  8 0.1293 0.4654 0.4052 
        D976  8 0.3359 0.4544 0.2097 
        D201  9 0.2610 0.6307 0.1083 
        D202  9 0.2602 0.5843 0.1555 
     D237259  9 0.7792 0.1299 0.0909 
     D237260  9 0.2420 0.7088 0.0492 
     D237262  9 0.8799 0.0506 0.0695 
     D237263  9 0.5135 0.4001 0.0863 
     D237264  9 0.4519 0.3045 0.2436 
     D237265  9 0.1403 0.7970 0.0626 
     D237266  9 0.3709 0.5687 0.0604 
     D237267  9 0.5613 0.1357 0.3030 
     D237268  9 0.6139 0.1347 0.2514 
     D237289  9 0.1458 0.6880 0.1663 
     D237290  9 0.0964 0.8629 0.0407 
     D237291  9 0.1544 0.7441 0.1015 
     D237292  9 0.3905 0.5580 0.0515 
     D237293  9 0.4462 0.1646 0.3892 
     D237294  9 0.5240 0.3603 0.1157 
     D237295  9 0.3396 0.0985 0.5619 
     D237296  9 0.3361 0.3949 0.2690 
     D237297  9 0.1316 0.2601 0.6083 
     D237298  9 0.2126 0.4937 0.2937 
     D237341  9 0.2021 0.6041 0.1938 
     D237342  9 0.6513 0.1958 0.1529 
     D237343  9 0.4191 0.4969 0.0841 
     D237344  9 0.1998 0.4104 0.3898 
     D237345  9 0.8646 0.0967 0.0387 
     D237346  9 0.1517 0.6705 0.1778 
     D237347  9 0.1088 0.3850 0.5062 
     D237348  9 0.3720 0.2731 0.3549 
     D237349  9 0.5743 0.3613 0.0644 
     D244109  9 0.2774 0.6803 0.0423 
     D244110  9 0.1731 0.7523 0.0746 
     D244111  9 0.2764 0.5110 0.2126 
     D244128  9 0.8043 0.1401 0.0556 
     D244137  9 0.3888 0.2251 0.3860 
     D244138  9 0.2502 0.6176 0.1322 
        D580  9 0.8433 0.0421 0.1146 
        D581  9 0.0859 0.8730 0.0411 
        D582  9 0.9023 0.0494 0.0483 
        D583  9 0.1201 0.8348 0.0451 
        D584  9 0.5414 0.1535 0.3052 
        D585  9 0.6037 0.3370 0.0592 
        D586  9 0.0605 0.8691 0.0704 
        D651  9 0.2168 0.2525 0.5306 
        D652  9 0.7151 0.1805 0.1045 
        D653  9 0.1881 0.6501 0.1618 
        D654  9 0.3617 0.4855 0.1529 
        D655  9 0.1584 0.4664 0.3751 
        D656  9 0.8733 0.0559 0.0708 
        D657  9 0.4459 0.3815 0.1725 
        D667  9 0.1531 0.3874 0.4595 
        D668  9 0.5208 0.3229 0.1563 
        D669  9 0.1784 0.7297 0.0919 
        D670  9 0.5119 0.1308 0.3573 
        D671  9 0.1499 0.7786 0.0714 
        D672  9 0.7290 0.1904 0.0805 
        D673  9 0.3716 0.2725 0.3559 
        D692  9 0.7494 0.1958 0.0548 
        D693  9 0.4147 0.1552 0.4301 
        D694  9 0.8220 0.1067 0.0713 
        D695  9 0.6257 0.1476 0.2266 
        D696  9 0.0311 0.0602 0.9087 
        D697  9 0.2038 0.3104 0.4858 
        D698  9 0.1342 0.5667 0.2990 
        D699  9 0.2410 0.3036 0.4554 
        D787  9 0.6049 0.2386 0.1565 
        D788  9 0.2881 0.0867 0.6253 
        D789  9 0.4364 0.3245 0.2391 
        D790  9 0.5199 0.3177 0.1624 
        D791  9 0.0926 0.7971 0.1103 
        D792  9 0.4574 0.3880 0.1546 
        D793  9 0.1128 0.1870 0.7003 
        D794  9 0.1892 0.2194 0.5914 
        D795  9 0.7022 0.1764 0.1214 
        D796  9 0.2181 0.6772 0.1046 
        D142 10 0.0972 0.1806 0.7223 
        D143 10 0.0644 0.8187 0.1170 
        D144 10 0.3269 0.2014 0.4717 
        D145 10 0.0579 0.8805 0.0615 
        D146 10 0.7588 0.0864 0.1548 
        D147 10 0.5866 0.2457 0.1678 
        D148 10 0.6780 0.1291 0.1929 
        D149 10 0.1437 0.7924 0.0639 
        D151 10 0.7019 0.1988 0.0993 
        D152 10 0.0403 0.9323 0.0274 
        D153 10 0.1071 0.0810 0.8119 
        D156 10 0.1413 0.4566 0.4021 
        D157 10 0.2141 0.1494 0.6365 
        D158 10 0.2513 0.5561 0.1927 
        D159 10 0.0385 0.9121 0.0494 
        D160 10 0.0525 0.8232 0.1243 
        D161 10 0.2968 0.2938 0.4094 
        D162 10 0.0754 0.4795 0.4451 
        D169 10 0.8555 0.0835 0.0610 
        D170 10 0.7661 0.1026 0.1313 
        D171 10 0.2397 0.1735 0.5869 
        D172 10 0.2445 0.4292 0.3262 
        D173 10 0.0596 0.9012 0.0392 
        D181 10 0.1516 0.3707 0.4777 
        D182 10 0.3824 0.5360 0.0815 
        D183 10 0.1047 0.0698 0.8255 
        D184 10 0.9380 0.0233 0.0387 
        D185 10 0.4078 0.2252 0.3670 
        D186 10 0.8368 0.1209 0.0423 
        D194 10 0.5461 0.1119 0.3420 
        D195 10 0.1059 0.6421 0.2521 
        D196 10 0.0643 0.6156 0.3201 
        D197 10 0.7606 0.1854 0.0540 
        D198 10 0.4587 0.0729 0.4684 
     D237226 10 0.2075 0.7325 0.0599 
     D237232 10 0.1750 0.5718 0.2532 
     D237233 10 0.1349 0.7202 0.1449 
     D237234 10 0.1432 0.3748 0.4821 
     D237354 10 0.0340 0.9118 0.0541 
     D237355 10 0.1118 0.7897 0.0985 
     D237356 10 0.1632 0.0463 0.7904 
     D237357 10 0.4168 0.4863 0.0969 
     D237358 10 0.7223 0.1277 0.1500 
     D237369 10 0.8641 0.0945 0.0414 
     D237370 10 0.1037 0.2552 0.6411 
     D237371 10 0.5683 0.1590 0.2727 
     D237372 10 0.6678 0.2842 0.0480 
     D237373 10 0.0950 0.6703 0.2347 
     D237374 10 0.0538 0.8334 0.1128 
     D237375 10 0.4035 0.4212 0.1753 
     D237400 10 0.0292 0.9381 0.0328 
     D244002 10 0.8472 0.0856 0.0672 
     D244003 10 0.0617 0.8270 0.1112 
     D244004 10 0.0982 0.1271 0.7747 
     D244005 10 0.2815 0.6496 0.0688 
     D244020 10 0.2131 0.2082 0.5787 
     D244021 10 0.4867 0.4057 0.1076 
     D244116 10 0.5627 0.2039 0.2334 
     D244117 10 0.0847 0.5522 0.3631 
     D244121 10 0.1432 0.3153 0.5415 
     D244123 10 0.1261 0.5731 0.3008 
     D244124 10 0.3847 0.5032 0.1121 
        D332 10 0.1958 0.1407 0.6634 
        D570 10 0.0907 0.1176 0.7917 
        D602 10 0.2604 0.2873 0.4523 
        D603 10 0.2139 0.4556 0.3304 
        D604 10 0.1561 0.6028 0.2410 
        D605 10 0.1939 0.2925 0.5135 
        D606 10 0.6079 0.0757 0.3164 
        D607 10 0.2705 0.1528 0.5767 
        D608 10 0.0346 0.9248 0.0405 
        D609 10 0.1109 0.0578 0.8314 
        D610 10 0.3064 0.3073 0.3864 
        D611 10 0.0311 0.0524 0.9165 
        D613 10 0.1336 0.3092 0.5572 
        D633 10 0.2352 0.5035 0.2613 
        D634 10 0.2727 0.2259 0.5014 
        D638 10 0.0430 0.9080 0.0491 
        D681 10 0.3151 0.2341 0.4508 
        D754 10 0.5774 0.2163 0.2063 
        D755 10 0.0504 0.7666 0.1830 
        D756 10 0.2768 0.2984 0.4248 
        D757 10 0.2515 0.5264 0.2221 
        D758 10 0.3637 0.2773 0.3590 
        D759 10 0.0806 0.7456 0.1738 
        D760 10 0.2052 0.4952 0.2996 
        D761 10 0.0346 0.9345 0.0309 
        D762 10 0.2277 0.1797 0.5926 
        D775 10 0.1122 0.4482 0.4396 
        D776 10 0.0757 0.8513 0.0730 
        D777 10 0.2799 0.4114 0.3087 
        D778 10 0.2731 0.6815 0.0454 
        D779 10 0.3409 0.3322 0.3269 
        D780 10 0.0653 0.7973 0.1374 
        D781 10 0.1884 0.4034 0.4082 
        D858 10 0.8580 0.1125 0.0295 
        D933 10 0.2605 0.3490 0.3905 
        D038 11 0.1967 0.6784 0.1249 
        D063 11 0.0794 0.6086 0.3121 
        D155 11 0.1625 0.4684 0.3691 
        D175 11 0.4431 0.1613 0.3957 
        D176 11 0.1234 0.7685 0.1081 
        D205 11 0.2113 0.0627 0.7259 
     D237229 11 0.4113 0.5068 0.0819 
     D237230 11 0.7408 0.1492 0.1100 
     D237231 11 0.1230 0.2063 0.6707 
     D237269 11 0.1867 0.6429 0.1704 
     D237270 11 0.7149 0.1555 0.1295 
     D237271 11 0.1532 0.1737 0.6731 
     D237272 11 0.6271 0.1562 0.2168 
     D237273 11 0.0910 0.3259 0.5831 
     D237301 11 0.1024 0.1568 0.7408 
     D237302 11 0.5372 0.2941 0.1687 
     D237303 11 0.7490 0.1814 0.0696 
     D237304 11 0.2496 0.2703 0.4801 
     D237305 11 0.6941 0.1767 0.1293 
     D237314 11 0.2104 0.4410 0.3486 
     D237315 11 0.7045 0.1879 0.1076 
     D237316 11 0.0984 0.0645 0.8370 
     D237328 11 0.3988 0.0492 0.5520 
     D237329 11 0.4299 0.4244 0.1457 
     D237330 11 0.0652 0.3433 0.5916 
     D237331 11 0.1879 0.5094 0.3027 
     D237332 11 0.2175 0.1608 0.6217 
     D237333 11 0.0523 0.7870 0.1607 
     D237334 11 0.2164 0.1351 0.6486 
     D237335 11 0.1879 0.1165 0.6957 
     D237336 11 0.1823 0.7048 0.1129 
     D237350 11 0.0835 0.1866 0.7299 
     D237383 11 0.3981 0.4569 0.1451 
     D237384 11 0.4732 0.1646 0.3622 
     D237385 11 0.2712 0.3559 0.3728 
     D237386 11 0.1366 0.2646 0.5988 
     D237387 11 0.3458 0.0980 0.5563 
     D237388 11 0.0816 0.1086 0.8098 
        D239 11 0.1220 0.5320 0.3461 
        D240 11 0.1256 0.8377 0.0368 
        D241 11 0.6392 0.2349 0.1259 
        D242 11 0.2385 0.5125 0.2490 
        D243 11 0.1844 0.2699 0.5457 
        D244 11 0.1220 0.0735 0.8045 
        D245 11 0.5899 0.3270 0.0831 
        D246 11 0.1725 0.1178 0.7097 
        D247 11 0.4175 0.4003 0.1823 
        D248 11 0.1015 0.2101 0.6884 
        D249 11 0.5372 0.1334 0.3295 
        D250 11 0.0820 0.2161 0.7020 
        D251 11 0.1996 0.1324 0.6680 
        D252 11 0.3588 0.0687 0.5725 
        D253 11 0.2368 0.4318 0.3315 
        D254 11 0.7743 0.1675 0.0581 
        D255 11 0.1162 0.0616 0.8222 
        D256 11 0.2601 0.4102 0.3297 
        D257 11 0.7840 0.1338 0.0821 
        D258 11 0.8199 0.0684 0.1116 
        D259 11 0.7588 0.1733 0.0679 
        D260 11 0.3119 0.3242 0.3639 
        D261 11 0.1600 0.2804 0.5596 
        D262 11 0.5293 0.4026 0.0681 
        D263 11 0.2306 0.0833 0.6860 
        D264 11 0.5463 0.1980 0.2558 
        D265 11 0.3938 0.4442 0.1619 
        D266 11 0.1135 0.4453 0.4411 
        D267 11 0.2248 0.1154 0.6598 
        D268 11 0.0713 0.1228 0.8059 
        D269 11 0.1146 0.0382 0.8473 
        D270 11 0.3947 0.1528 0.4525 
        D271 11 0.3847 0.3251 0.2901 
        D272 11 0.1767 0.5743 0.2490 
        D273 11 0.9061 0.0430 0.0508 
        D274 11 0.2888 0.1639 0.5473 
        D275 11 0.1525 0.1611 0.6864 
        D276 11 0.0601 0.0475 0.8924 
        D277 11 0.2100 0.1657 0.6244 
        D278 11 0.2143 0.2968 0.4889 
        D282 11 0.8257 0.0458 0.1285 
        D296 11 0.1107 0.2572 0.6321 
        D297 11 0.1556 0.0743 0.7701 
        D298 11 0.1286 0.4175 0.4539 
        D299 11 0.0737 0.1656 0.7606 
        D300 11 0.1279 0.7509 0.1212 
        D382 11 0.1718 0.0398 0.7883 
        D383 11 0.2992 0.0799 0.6209 
        D387 11 0.2022 0.5653 0.2325 
        D388 11 0.2215 0.2122 0.5663 
        D389 11 0.0537 0.1947 0.7516 
        D390 11 0.0990 0.1761 0.7250 
        D396 11 0.1319 0.6584 0.2097 
        D397 11 0.7206 0.1150 0.1644 
        D398 11 0.4093 0.2553 0.3354 
        D399 11 0.4005 0.3347 0.2648 
        D437 11 0.4953 0.4403 0.0644 
        D441 11 0.0833 0.2408 0.6759 
        D442 11 0.1494 0.6293 0.2214 
        D443 11 0.0700 0.5924 0.3375 
        D444 11 0.1735 0.2050 0.6215 
        D445 11 0.4662 0.0718 0.4619 
        D446 11 0.7077 0.2287 0.0636 
        D451 11 0.3915 0.1099 0.4987 
        D452 11 0.1469 0.6597 0.1934 
        D453 11 0.1533 0.1029 0.7438 
        D454 11 0.6365 0.2795 0.0841 
        D457 11 0.4091 0.2411 0.3498 
        D458 11 0.1465 0.1223 0.7313 
        D466 11 0.1086 0.8361 0.0553 
        D467 11 0.0909 0.2056 0.7035 
        D475 11 0.8801 0.0518 0.0680 
        D488 11 0.2092 0.5590 0.2319 
        D489 11 0.4925 0.3189 0.1887 
        D493 11 0.7539 0.1049 0.1411 
        D494 11 0.1721 0.2156 0.6123 
        D495 11 0.3341 0.6140 0.0520 
        D496 11 0.0388 0.8782 0.0831 
        D674 11 0.0906 0.8405 0.0689 
        D675 11 0.0454 0.8668 0.0877 
        D676 11 0.2161 0.0924 0.6916 
        D680 11 0.2381 0.5588 0.2031 
        D701 11 0.2314 0.6461 0.1226 
        D702 11 0.7372 0.1416 0.1212 
        D703 11 0.2560 0.5476 0.1963 
        D704 11 0.2801 0.2536 0.4663 
        D705 11 0.8535 0.0723 0.0742 
        D706 11 0.2256 0.7012 0.0732 
        D707 11 0.4228 0.1267 0.4504 
        D751 11 0.3111 0.0861 0.6028 
        D752 11 0.1304 0.6247 0.2449 
        D753 11 0.4763 0.2296 0.2941 
        D773 11 0.9394 0.0328 0.0278 
        D774 11 0.1471 0.5907 0.2622 
        D801 11 0.1808 0.3151 0.5041 
        D802 11 0.7406 0.1066 0.1529 
        D803 11 0.1459 0.5101 0.3440 
        D804 11 0.4200 0.3795 0.2005 
        D805 11 0.4430 0.2259 0.3311 
        D806 11 0.8635 0.0674 0.0691 
        D809 11 0.1185 0.1925 0.6890 
        D810 11 0.0719 0.2266 0.7015 
        D812 11 0.4871 0.1297 0.3832 
        D813 11 0.1220 0.7612 0.1169 
        D823 11 0.1429 0.2032 0.6538 
        D824 11 0.1058 0.4000 0.4942 
        D829 11 0.1812 0.3683 0.4505 
        D830 11 0.6624 0.0605 0.2771 
        D831 11 0.2073 0.7103 0.0825 
        D832 11 0.3358 0.5321 0.1320 
        D833 11 0.0846 0.1266 0.7888 
        D834 11 0.0802 0.0720 0.8478 
        D835 11 0.6655 0.1113 0.2232 
        D855 11 0.2088 0.1420 0.6492 
        D863 11 0.0427 0.9254 0.0319 
        D864 11 0.2267 0.1956 0.5777 
        D878 11 0.0919 0.1337 0.7744 
        D879 11 0.7613 0.0898 0.1489 
        D880 11 0.0538 0.6668 0.2794 
        D881 11 0.1262 0.2117 0.6621 
        D882 11 0.1390 0.7389 0.1221 
        D909 11 0.1712 0.3170 0.5118 
        D921 11 0.0893 0.1714 0.7392 
        D924 11 0.0771 0.7490 0.1738 
        D935 11 0.1496 0.0722 0.7783 
        D940 11 0.0500 0.8979 0.0520 
        D941 11 0.1795 0.3414 0.4791 
        D942 11 0.8436 0.0477 0.1087 
        D980 11 0.3286 0.3180 0.3534 
        D981 11 0.6287 0.1299 0.2414 
        D982 11 0.0527 0.7823 0.1650 
        D983 11 0.0642 0.0585 0.8773 
        D984 11 0.1031 0.2744 0.6225 
        D992 11 0.6439 0.1852 0.1709 
        D993 11 0.1326 0.0494 0.8180 
        D994 11 0.1849 0.5377 0.2774 
        D995 11 0.7686 0.0391 0.1923 
        H354 11 0.7264 0.0811 0.1925 
        D005 12 0.4830 0.4357 0.0814 
        D035 12 0.3838 0.4391 0.1772 
        D067 12 0.2133 0.2157 0.5710 
        D134 12 0.1706 0.6401 0.1893 
        D135 12 0.3562 0.3794 0.2644 
        D136 12 0.5583 0.0681 0.3735 
        D137 12 0.3333 0.5416 0.1251 
        D138 12 0.2149 0.3835 0.4016 
        D139 12 0.1467 0.5084 0.3449 
        D140 12 0.5400 0.2096 0.2504 
        D141 12 0.9348 0.0305 0.0348 
        D150 12 0.7454 0.1307 0.1239 
        D177 12 0.1599 0.7571 0.0830 
        D178 12 0.1685 0.1493 0.6823 
        D179 12 0.5228 0.2260 0.2513 
        D180 12 0.5791 0.1696 0.2513 
        D187 12 0.2568 0.5874 0.1558 
        D188 12 0.9327 0.0372 0.0301 
        D191 12 0.8035 0.1419 0.0546 
        D418 12 0.8207 0.1214 0.0579 
        D601 12 0.7911 0.0860 0.1229 
        D836 12 0.8526 0.0883 0.0591 
        D837 12 0.2725 0.3725 0.3550 
        D838 12 0.0709 0.5012 0.4279 
        D839 12 0.1384 0.8071 0.0544 
        D840 12 0.1565 0.5858 0.2577 
        D841 12 0.5314 0.2541 0.2144 
        D842 12 0.9153 0.0526 0.0322 
        D843 12 0.1706 0.2529 0.5766 
        D844 12 0.4148 0.5360 0.0492 
        D912 12 0.0774 0.1767 0.7459 
        D913 12 0.0352 0.9280 0.0368 
