        D174  1 0.7770 0.1510 0.0721 
        D199  1 0.3531 0.1694 0.4775 
        D203  1 0.3301 0.2719 0.3981 
        D204  1 0.3378 0.4254 0.2368 
     D237366  1 0.0948 0.7167 0.1884 
     D237367  1 0.1053 0.7550 0.1397 
     D237368  1 0.2123 0.6258 0.1619 
     D244101  1 0.1232 0.2044 0.6724 
     D244102  1 0.4950 0.2923 0.2126 
     D244103  1 0.1134 0.8262 0.0604 
     D244104  1 0.5219 0.2981 0.1799 
     D244105  1 0.0577 0.8812 0.0611 
     D244106  1 0.6332 0.0960 0.2708 
     D244107  1 0.0767 0.8049 0.1184 
     D244108  1 0.8694 0.0684 0.0623 
     D244113  1 0.8159 0.0694 0.1147 
     D244114  1 0.2190 0.3970 0.3840 
     D244115  1 0.7280 0.2119 0.0601 
     D267365  1 0.6445 0.1954 0.1601 
        D404  1 0.7961 0.0781 0.1259 
        D405  1 0.6219 0.1635 0.2145 
        D406  1 0.1389 0.8232 0.0380 
        D407  1 0.0891 0.8224 0.0885 
        D408  1 0.7249 0.1196 0.1555 
        D409  1 0.0919 0.8355 0.0726 
        D410  1 0.7533 0.2231 0.0236 
        D421  1 0.2554 0.5884 0.1562 
        D422  1 0.0291 0.9409 0.0300 
        D423  1 0.4312 0.5026 0.0662 
        D424  1 0.0897 0.8755 0.0347 
        D425  1 0.7011 0.2149 0.0839 
        D426  1 0.0466 0.8371 0.1164 
        D427  1 0.2044 0.1046 0.6909 
        D428  1 0.5132 0.3497 0.1371 
        D429  1 0.5650 0.3240 0.1111 
        D430  1 0.2857 0.2834 0.4309 
        D491  1 0.8636 0.0972 0.0392 
        D492  1 0.3644 0.5110 0.1247 
        D537  1 0.3197 0.6218 0.0585 
        D538  1 0.4793 0.3206 0.2001 
        D539  1 0.5283 0.1637 0.3080 
        D540  1 0.3508 0.5785 0.0707 
        D541  1 0.3052 0.5534 0.1414 
        D551  1 0.0510 0.4396 0.5094 
        D552  1 0.6345 0.2637 0.1018 
        D553  1 0.1737 0.7682 0.0581 
        D615  1 0.5492 0.2566 0.1942 
        D616  1 0.3745 0.4254 0.2000 
        D621  1 0.4758 0.4358 0.0885 
        D622  1 0.1517 0.7721 0.0762 
        D623  1 0.5325 0.0616 0.4060 
        D624  1 0.8736 0.0846 0.0418 
        D625  1 0.5082 0.4341 0.0576 
        D626  1 0.6310 0.2488 0.1202 
        D627  1 0.0388 0.8807 0.0805 
        D690  1 0.6399 0.3290 0.0311 
        D691  1 0.1400 0.7794 0.0806 
        D710  1 0.4720 0.3209 0.2071 
        D711  1 0.3947 0.4707 0.1346 
        D712  1 0.7834 0.1071 0.1095 
        D713  1 0.7535 0.1885 0.0580 
        D746  1 0.0528 0.8890 0.0582 
        D747  1 0.3089 0.4926 0.1985 
        D748  1 0.2571 0.6753 0.0676 
        D749  1 0.3153 0.5190 0.1657 
        D750  1 0.8406 0.1079 0.0515 
        D763  1 0.0866 0.3597 0.5537 
        D764  1 0.7733 0.1937 0.0330 
        D765  1 0.6649 0.2822 0.0529 
        D766  1 0.4646 0.4890 0.0465 
        D767  1 0.2429 0.3836 0.3735 
        D768  1 0.0909 0.8446 0.0645 
        D811  1 0.8259 0.0898 0.0842 
        D816  1 0.5481 0.3837 0.0682 
        D825  1 0.8154 0.1349 0.0497 
        D866  1 0.4969 0.0909 0.4122 
        D867  1 0.0612 0.8796 0.0592 
        D871  1 0.0833 0.8679 0.0488 
        D872  1 0.5932 0.2769 0.1299 
        D873  1 0.7858 0.1792 0.0349 
        D874  1 0.5815 0.1270 0.2916 
        D875  1 0.0559 0.9133 0.0308 
        D876  1 0.6073 0.3064 0.0863 
        D877  1 0.8389 0.0875 0.0736 
        D892  1 0.5143 0.4199 0.0658 
        D893  1 0.1663 0.6365 0.1972 
        D894  1 0.3540 0.5188 0.1272 
        D915  1 0.4628 0.4528 0.0843 
        D916  1 0.4254 0.5174 0.0573 
        D917  1 0.6202 0.1397 0.2400 
        D925  1 0.8328 0.1312 0.0360 
        D926  1 0.4397 0.4811 0.0792 
        D927  1 0.1487 0.1915 0.6598 
        D928  1 0.9412 0.0312 0.0276 
        D929  1 0.3565 0.4224 0.2211 
        D936  1 0.3077 0.2227 0.4696 
        D938  1 0.0937 0.8673 0.0390 
        D956  1 0.8444 0.0660 0.0896 
        D957  1 0.6079 0.2797 0.1124 
        D958  1 0.7316 0.2171 0.0513 
        D959  1 0.0685 0.8806 0.0508 
        D960  1 0.2335 0.7251 0.0414 
        D989  1 0.5067 0.0838 0.4095 
        D990  1 0.5994 0.2564 0.1442 
        D023  2 0.0512 0.8965 0.0523 
        D130  2 0.0623 0.8808 0.0569 
        D131  2 0.1059 0.7269 0.1672 
        D163  2 0.0587 0.8981 0.0432 
        D164  2 0.2769 0.1365 0.5866 
        D165  2 0.0510 0.8738 0.0753 
        D166  2 0.2089 0.4944 0.2967 
        D167  2 0.0553 0.0311 0.9136 
        D192  2 0.0281 0.0250 0.9468 
        D193  2 0.6935 0.1743 0.1322 
        D206  2 0.1037 0.6926 0.2037 
        D207  2 0.0631 0.1309 0.8060 
        D208  2 0.4160 0.0865 0.4975 
        D209  2 0.0708 0.2935 0.6358 
        D210  2 0.4678 0.0862 0.4460 
     D229599  2 0.2759 0.3714 0.3527 
     D229600  2 0.0766 0.3385 0.5849 
     D237227  2 0.6600 0.1474 0.1926 
     D237228  2 0.7713 0.1008 0.1279 
     D237258  2 0.3327 0.2055 0.4618 
     D237310  2 0.6158 0.1965 0.1877 
     D237311  2 0.4329 0.1579 0.4092 
     D237312  2 0.5314 0.3612 0.1074 
     D237313  2 0.7095 0.2173 0.0732 
     D237322  2 0.2798 0.1977 0.5225 
     D237323  2 0.7630 0.1423 0.0947 
     D237324  2 0.0473 0.5383 0.4144 
     D237325  2 0.5364 0.2766 0.1870 
     D237326  2 0.7548 0.1575 0.0877 
     D237327  2 0.0670 0.2287 0.7042 
     D237337  2 0.7698 0.1814 0.0488 
     D237338  2 0.3136 0.3826 0.3037 
     D237339  2 0.0933 0.1813 0.7254 
     D237340  2 0.4370 0.1240 0.4390 
     D237389  2 0.5487 0.2943 0.1570 
     D237390  2 0.6243 0.2725 0.1032 
     D244017  2 0.3679 0.1013 0.5308 
     D244112  2 0.0394 0.1024 0.8582 
     D244118  2 0.0479 0.1193 0.8328 
     D244119  2 0.4848 0.0403 0.4749 
     D244120  2 0.1508 0.0748 0.7744 
     D244122  2 0.1098 0.0866 0.8036 
        D291  2 0.0867 0.2960 0.6173 
        D292  2 0.2935 0.0781 0.6284 
        D293  2 0.0369 0.0556 0.9076 
        D322  2 0.0688 0.1270 0.8042 
        D323  2 0.2810 0.2935 0.4255 
        D324  2 0.2550 0.3413 0.4036 
        D325  2 0.0218 0.0752 0.9031 
        D326  2 0.2481 0.5784 0.1735 
        D340  2 0.0282 0.0365 0.9353 
        D341  2 0.0498 0.0536 0.8966 
        D342  2 0.0733 0.2452 0.6814 
        D343  2 0.0162 0.0309 0.9529 
        D344  2 0.3496 0.4924 0.1580 
        D345  2 0.4433 0.4186 0.1381 
        D346  2 0.6677 0.1225 0.2098 
        D351  2 0.1402 0.5102 0.3496 
        D352  2 0.2952 0.3239 0.3809 
        D353  2 0.0716 0.8177 0.1107 
        D354  2 0.6924 0.2334 0.0742 
        D362  2 0.4829 0.3991 0.1180 
        D363  2 0.6402 0.2618 0.0980 
        D364  2 0.5668 0.3428 0.0904 
        D365  2 0.0289 0.0272 0.9439 
        D369  2 0.4818 0.1560 0.3623 
        D374  2 0.9155 0.0400 0.0445 
        D375  2 0.3257 0.5674 0.1069 
        D376  2 0.8724 0.0639 0.0637 
        D377  2 0.5135 0.2770 0.2094 
        D378  2 0.0720 0.2748 0.6532 
        D379  2 0.2692 0.6583 0.0724 
        D384  2 0.4051 0.5360 0.0589 
        D385  2 0.0423 0.0351 0.9226 
        D386  2 0.1372 0.5385 0.3243 
        D391  2 0.0326 0.0426 0.9248 
        D392  2 0.1415 0.0745 0.7840 
        D393  2 0.1215 0.2371 0.6414 
        D394  2 0.2519 0.4390 0.3091 
        D395  2 0.0516 0.1511 0.7973 
        D401  2 0.7529 0.1813 0.0658 
        D402  2 0.0308 0.0346 0.9346 
        D403  2 0.1113 0.8074 0.0814 
        D415  2 0.0647 0.8952 0.0400 
        D435  2 0.0788 0.4109 0.5103 
        D436  2 0.3714 0.4095 0.2191 
        D438  2 0.0365 0.0382 0.9254 
        D439  2 0.0979 0.5872 0.3148 
        D449  2 0.0564 0.4655 0.4781 
        D450  2 0.5790 0.3187 0.1023 
        D456  2 0.1257 0.8232 0.0511 
        D462  2 0.0249 0.0454 0.9297 
        D463  2 0.2437 0.7042 0.0521 
        D464  2 0.2011 0.4359 0.3631 
        D465  2 0.1215 0.3932 0.4853 
        D473  2 0.7484 0.1126 0.1390 
        D474  2 0.3426 0.2995 0.3579 
        D476  2 0.0320 0.7151 0.2529 
        D477  2 0.5388 0.2264 0.2348 
        D478  2 0.3400 0.4911 0.1688 
        D480  2 0.1988 0.1009 0.7003 
        D481  2 0.3470 0.3064 0.3467 
        D482  2 0.2738 0.1797 0.5465 
        D483  2 0.0530 0.0339 0.9131 
        D484  2 0.1840 0.1961 0.6199 
        D510  2 0.7971 0.0620 0.1409 
        D511  2 0.1030 0.2809 0.6160 
        D512  2 0.2629 0.3924 0.3447 
        D513  2 0.1368 0.2525 0.6107 
        D635  2 0.1560 0.7537 0.0903 
        D636  2 0.0721 0.8950 0.0329 
        D637  2 0.2018 0.1632 0.6350 
        D658  2 0.1876 0.0666 0.7459 
        D659  2 0.2079 0.6594 0.1328 
        D677  2 0.1585 0.5689 0.2725 
        D678  2 0.0529 0.1389 0.8081 
        D679  2 0.2348 0.4245 0.3406 
        D719  2 0.6207 0.0508 0.3285 
        D720  2 0.5646 0.3157 0.1197 
        D721  2 0.0724 0.7232 0.2043 
        D722  2 0.8756 0.0591 0.0653 
        D734  2 0.2835 0.0744 0.6421 
        D735  2 0.4558 0.2882 0.2560 
        D736  2 0.5864 0.1193 0.2943 
        D737  2 0.0696 0.0726 0.8578 
        D807  2 0.6220 0.1043 0.2736 
        D808  2 0.1733 0.4007 0.4259 
        D817  2 0.5866 0.3181 0.0953 
        D818  2 0.0475 0.3630 0.5895 
        D819  2 0.3824 0.4621 0.1554 
        D820  2 0.2549 0.3734 0.3717 
        D895  2 0.1889 0.7156 0.0954 
        D896  2 0.8407 0.1272 0.0322 
        D897  2 0.0595 0.1572 0.7833 
        D898  2 0.4631 0.3082 0.2286 
        D918  2 0.2210 0.3758 0.4032 
        D919  2 0.0856 0.2785 0.6359 
        D920  2 0.0763 0.8425 0.0811 
        D923  2 0.2580 0.5574 0.1846 
        D930  2 0.6083 0.2357 0.1560 
        D931  2 0.2912 0.2093 0.4995 
        D968  2 0.0287 0.0299 0.9414 
        D969  2 0.1603 0.1571 0.6825 
        D977  2 0.0389 0.1816 0.7795 
        D978  2 0.1123 0.2214 0.6663 
        D211  3 0.0620 0.8309 0.1071 
     D229639  3 0.2110 0.0733 0.7157 
     D237212  3 0.1576 0.3119 0.5305 
     D237213  3 0.2308 0.6008 0.1683 
     D237214  3 0.0558 0.8933 0.0509 
     D237215  3 0.1245 0.0302 0.8453 
     D237216  3 0.0706 0.7561 0.1733 
     D237217  3 0.0608 0.8393 0.0998 
     D237218  3 0.1058 0.2491 0.6452 
     D237219  3 0.4395 0.3383 0.2221 
     D237382  3 0.5582 0.3009 0.1409 
     D244127  3 0.3324 0.3331 0.3344 
     D244129  3 0.2922 0.3746 0.3332 
     D244133  3 0.3923 0.3726 0.2351 
     D244134  3 0.5162 0.1214 0.3624 
     D244135  3 0.0355 0.8578 0.1067 
     D244136  3 0.5779 0.2693 0.1528 
        D416  3 0.1471 0.4810 0.3719 
        D417  3 0.1969 0.7458 0.0573 
        D419  3 0.3363 0.3493 0.3145 
        D565  3 0.9098 0.0468 0.0434 
        D566  3 0.4897 0.0894 0.4209 
        D567  3 0.3106 0.5880 0.1014 
        D568  3 0.1110 0.5622 0.3268 
        D569  3 0.0974 0.2590 0.6437 
        D573  3 0.0664 0.0983 0.8353 
        D574  3 0.6996 0.1633 0.1371 
        D575  3 0.5272 0.3224 0.1504 
        D576  3 0.0494 0.0522 0.8984 
        D577  3 0.2522 0.6356 0.1122 
        D578  3 0.0318 0.9106 0.0576 
        D579  3 0.4558 0.2041 0.3401 
        D660  3 0.0779 0.2376 0.6845 
        D661  3 0.0424 0.1381 0.8195 
        D663  3 0.0452 0.1234 0.8313 
        D664  3 0.3557 0.3003 0.3439 
        D665  3 0.0561 0.6568 0.2872 
        D666  3 0.5444 0.3307 0.1249 
        D009  4 0.1215 0.7927 0.0859 
        D057  4 0.0573 0.2114 0.7313 
        D109  4 0.4900 0.4417 0.0683 
     D237222  4 0.2839 0.5703 0.1458 
     D237223  4 0.2551 0.4976 0.2473 
     D237224  4 0.1154 0.1702 0.7144 
     D237225  4 0.1530 0.7280 0.1190 
     D237299  4 0.1074 0.7091 0.1835 
     D237300  4 0.1120 0.0896 0.7984 
     D237306  4 0.8169 0.1044 0.0787 
     D237307  4 0.5881 0.2488 0.1631 
     D237308  4 0.1861 0.1069 0.7070 
     D237309  4 0.0986 0.7880 0.1134 
     D237317  4 0.7685 0.1744 0.0571 
     D237318  4 0.0431 0.0379 0.9190 
     D237319  4 0.2651 0.5540 0.1809 
     D237320  4 0.1651 0.4339 0.4010 
     D237321  4 0.1532 0.1275 0.7193 
     D237397  4 0.4181 0.2134 0.3685 
     D237398  4 0.0463 0.1952 0.7584 
     D237399  4 0.3602 0.2555 0.3843 
     D244001  4 0.0709 0.7841 0.1450 
        D289  4 0.3520 0.2085 0.4395 
        D290  4 0.2205 0.2886 0.4910 
        D294  4 0.1252 0.5042 0.3706 
        D295  4 0.4484 0.3892 0.1624 
        D301  4 0.1045 0.6538 0.2417 
        D302  4 0.2621 0.5436 0.1943 
        D303  4 0.7387 0.0917 0.1697 
        D304  4 0.2796 0.2375 0.4829 
        D305  4 0.0433 0.6395 0.3172 
        D306  4 0.4243 0.4020 0.1737 
        D307  4 0.1404 0.6865 0.1731 
        D327  4 0.3194 0.4922 0.1884 
        D328  4 0.6550 0.1541 0.1909 
        D329  4 0.1300 0.2928 0.5772 
        D330  4 0.1478 0.7631 0.0890 
        D331  4 0.4556 0.1620 0.3824 
        D333  4 0.4531 0.2052 0.3417 
        D334  4 0.6761 0.2132 0.1107 
        D335  4 0.3256 0.2301 0.4443 
        D370  4 0.8192 0.1071 0.0737 
        D371  4 0.8700 0.0635 0.0664 
        D372  4 0.0928 0.0721 0.8351 
        D373  4 0.0423 0.7646 0.1931 
        D455  4 0.0554 0.7558 0.1888 
        D490  4 0.0447 0.9116 0.0437 
        D497  4 0.0451 0.8967 0.0582 
        D498  4 0.5382 0.1289 0.3329 
        D499  4 0.2341 0.0959 0.6700 
        D514  4 0.1645 0.6315 0.2040 
        D515  4 0.1553 0.7265 0.1182 
        D516  4 0.4841 0.3319 0.1839 
        D517  4 0.0427 0.8271 0.1302 
        D518  4 0.2493 0.3877 0.3631 
        D519  4 0.0923 0.6993 0.2084 
        D560  4 0.0764 0.7002 0.2234 
        D561  4 0.0435 0.8731 0.0834 
        D562  4 0.2035 0.3884 0.4081 
        D563  4 0.0510 0.1430 0.8060 
        D572  4 0.1919 0.4928 0.3153 
        D629  4 0.1516 0.7392 0.1091 
        D630  4 0.2069 0.5376 0.2555 
        D631  4 0.0805 0.1511 0.7684 
        D632  4 0.1204 0.5646 0.3150 
        D646  4 0.1546 0.6664 0.1790 
        D647  4 0.1429 0.5893 0.2678 
        D648  4 0.5063 0.2137 0.2800 
        D649  4 0.3952 0.5002 0.1046 
        D650  4 0.5093 0.3183 0.1724 
        D708  4 0.6093 0.2316 0.1591 
        D709  4 0.5788 0.2155 0.2057 
        D738  4 0.8155 0.1150 0.0695 
        D739  4 0.1481 0.6046 0.2473 
        D740  4 0.2882 0.2882 0.4235 
        D741  4 0.0810 0.5970 0.3220 
        D742  4 0.1174 0.1199 0.7627 
        D743  4 0.2350 0.3760 0.3890 
        D744  4 0.1083 0.2243 0.6674 
        D745  4 0.0741 0.8034 0.1226 
        D814  4 0.0454 0.4488 0.5058 
        D815  4 0.4503 0.2525 0.2972 
        D828  4 0.4451 0.1041 0.4508 
        D845  4 0.0807 0.0480 0.8713 
        D846  4 0.0526 0.4560 0.4913 
        D847  4 0.1994 0.4768 0.3239 
        D848  4 0.0376 0.5682 0.3942 
        D849  4 0.0702 0.8150 0.1148 
        D850  4 0.1775 0.5676 0.2549 
        D856  4 0.3555 0.4953 0.1492 
        D857  4 0.5920 0.2460 0.1620 
        D859  4 0.2445 0.3119 0.4435 
        D860  4 0.4767 0.0668 0.4565 
        D883  4 0.4726 0.4003 0.1271 
        D884  4 0.5773 0.3379 0.0848 
        D885  4 0.0873 0.4706 0.4421 
        D886  4 0.2760 0.4666 0.2574 
        D887  4 0.1870 0.2009 0.6121 
        D889  4 0.1148 0.1698 0.7154 
        D890  4 0.5642 0.2207 0.2151 
        D891  4 0.0240 0.0317 0.9443 
        D899  4 0.2078 0.0665 0.7257 
        D900  4 0.2928 0.4553 0.2519 
        D970  4 0.2488 0.3965 0.3547 
        D971  4 0.1900 0.1025 0.7074 
        D979  4 0.3439 0.2741 0.3820 
        D093  5 0.7536 0.1146 0.1318 
        D154  5 0.1698 0.2045 0.6257 
        D168  5 0.0980 0.4606 0.4414 
        D189  5 0.4036 0.1365 0.4599 
        D190  5 0.8319 0.0471 0.1210 
     D237220  5 0.1995 0.3977 0.4028 
     D237221  5 0.5442 0.1212 0.3346 
     D237274  5 0.4405 0.4664 0.0931 
     D237275  5 0.0702 0.0522 0.8776 
     D237276  5 0.6177 0.2642 0.1182 
     D237277  5 0.5864 0.0836 0.3300 
     D237278  5 0.2585 0.1263 0.6152 
     D237279  5 0.1828 0.7010 0.1162 
     D237280  5 0.4812 0.4547 0.0641 
     D237281  5 0.0580 0.0658 0.8762 
     D237351  5 0.7888 0.1460 0.0652 
     D237352  5 0.2721 0.5429 0.1849 
     D237353  5 0.8957 0.0292 0.0751 
     D237359  5 0.1230 0.4823 0.3947 
     D237361  5 0.9054 0.0389 0.0557 
     D237362  5 0.5172 0.3134 0.1694 
     D237363  5 0.1947 0.5278 0.2774 
     D237364  5 0.0572 0.4676 0.4753 
     D237376  5 0.6694 0.0777 0.2529 
     D237377  5 0.6514 0.2681 0.0805 
     D237378  5 0.5150 0.1046 0.3804 
     D237379  5 0.4150 0.2324 0.3525 
     D237380  5 0.8532 0.1197 0.0271 
     D237381  5 0.3819 0.4288 0.1893 
     D237391  5 0.7968 0.0879 0.1153 
     D237392  5 0.3445 0.3875 0.2680 
     D237393  5 0.6886 0.1666 0.1448 
     D237394  5 0.9139 0.0489 0.0372 
     D237395  5 0.5279 0.2566 0.2155 
     D237396  5 0.4235 0.3815 0.1950 
     D244016  5 0.4165 0.2022 0.3812 
     D244018  5 0.2282 0.1871 0.5847 
     D244019  5 0.4593 0.2609 0.2798 
        D279  5 0.1137 0.2255 0.6609 
        D280  5 0.4780 0.2709 0.2511 
        D281  5 0.0808 0.0535 0.8657 
        D283  5 0.8039 0.1008 0.0953 
        D284  5 0.1590 0.6797 0.1613 
        D285  5 0.5666 0.1663 0.2670 
        D286  5 0.4310 0.2940 0.2750 
        D287  5 0.6969 0.1643 0.1388 
        D288  5 0.5731 0.1796 0.2474 
        D308  5 0.7901 0.1758 0.0342 
        D309  5 0.1503 0.5700 0.2797 
        D310  5 0.8590 0.0708 0.0702 
        D311  5 0.4991 0.2971 0.2038 
        D312  5 0.6926 0.1798 0.1276 
        D313  5 0.4157 0.5557 0.0286 
        D314  5 0.2602 0.2661 0.4736 
        D315  5 0.6732 0.2017 0.1250 
        D317  5 0.8799 0.0713 0.0487 
        D318  5 0.1552 0.4700 0.3748 
        D319  5 0.8794 0.0352 0.0854 
        D320  5 0.7937 0.0832 0.1230 
        D321  5 0.7592 0.1536 0.0872 
        D336  5 0.8481 0.0856 0.0663 
        D337  5 0.8836 0.0279 0.0884 
        D338  5 0.3503 0.3670 0.2828 
        D339  5 0.8132 0.0869 0.0999 
        D347  5 0.4461 0.2032 0.3508 
        D348  5 0.8740 0.0471 0.0789 
        D349  5 0.8415 0.1171 0.0414 
        D350  5 0.1053 0.3669 0.5277 
        D355  5 0.1050 0.1705 0.7245 
        D356  5 0.6994 0.2166 0.0840 
        D357  5 0.5697 0.2340 0.1963 
        D358  5 0.7252 0.1310 0.1439 
        D359  5 0.8933 0.0696 0.0372 
        D360  5 0.7301 0.1868 0.0831 
        D361  5 0.8036 0.1606 0.0359 
        D366  5 0.1249 0.4409 0.4342 
        D367  5 0.8044 0.0973 0.0983 
        D368  5 0.7829 0.1622 0.0549 
        D380  5 0.2456 0.4578 0.2966 
        D381  5 0.7775 0.0852 0.1373 
        D400  5 0.4073 0.1127 0.4800 
        D411  5 0.0404 0.9067 0.0529 
        D412  5 0.3679 0.2665 0.3656 
        D413  5 0.0466 0.1302 0.8233 
        D414  5 0.0662 0.1339 0.7999 
        D420  5 0.1406 0.5359 0.3235 
        D431  5 0.4237 0.1895 0.3868 
        D432  5 0.6060 0.1070 0.2870 
        D433  5 0.8032 0.0475 0.1493 
        D434  5 0.8061 0.1119 0.0819 
        D440  5 0.1156 0.4416 0.4429 
        D447  5 0.0939 0.7455 0.1606 
        D448  5 0.7592 0.0770 0.1638 
        D459  5 0.0522 0.0478 0.9000 
        D460  5 0.8254 0.1384 0.0362 
        D461  5 0.2387 0.4042 0.3571 
        D468  5 0.5601 0.3159 0.1240 
        D469  5 0.4547 0.4019 0.1434 
        D470  5 0.2603 0.6381 0.1017 
        D471  5 0.6800 0.0637 0.2562 
        D472  5 0.1172 0.3389 0.5440 
        D479  5 0.0590 0.0546 0.8864 
        D485  5 0.4265 0.2545 0.3190 
        D486  5 0.3924 0.5030 0.1045 
        D487  5 0.2173 0.0991 0.6836 
        D555  5 0.7917 0.0424 0.1660 
        D556  5 0.5688 0.1305 0.3007 
        D557  5 0.8438 0.0348 0.1213 
        D564  5 0.6397 0.2000 0.1602 
        D594  5 0.3799 0.3975 0.2226 
        D595  5 0.6216 0.1693 0.2091 
        D596  5 0.8655 0.0424 0.0921 
        D597  5 0.4007 0.0974 0.5019 
        D598  5 0.6310 0.1869 0.1821 
        D617  5 0.0501 0.7085 0.2414 
        D618  5 0.6153 0.0930 0.2918 
        D619  5 0.8586 0.0910 0.0505 
        D620  5 0.0502 0.0375 0.9124 
        D628  5 0.4262 0.2526 0.3212 
        D714  5 0.2987 0.0982 0.6031 
        D715  5 0.7180 0.0681 0.2139 
        D716  5 0.2638 0.2460 0.4902 
        D717  5 0.5261 0.2431 0.2308 
        D718  5 0.4054 0.3428 0.2518 
        D769  5 0.0658 0.7542 0.1800 
        D770  5 0.2877 0.1363 0.5759 
        D771  5 0.2533 0.2110 0.5357 
        D772  5 0.6266 0.1389 0.2345 
        D782  5 0.1820 0.5063 0.3117 
        D783  5 0.1341 0.1060 0.7600 
        D784  5 0.3550 0.3184 0.3265 
        D785  5 0.8541 0.0837 0.0622 
        D786  5 0.1255 0.7233 0.1512 
        D821  5 0.8984 0.0384 0.0631 
        D822  5 0.6345 0.1678 0.1978 
        D826  5 0.4498 0.0979 0.4523 
        D827  5 0.1542 0.6768 0.1690 
        D851  5 0.4676 0.3135 0.2189 
        D852  5 0.2374 0.0856 0.6769 
        D853  5 0.5690 0.1566 0.2744 
        D854  5 0.1771 0.4518 0.3711 
        D861  5 0.4306 0.2672 0.3021 
        D862  5 0.7463 0.1960 0.0577 
        D865  5 0.8414 0.0537 0.1049 
        D868  5 0.4282 0.3937 0.1781 
        D869  5 0.0668 0.8824 0.0508 
        D870  5 0.0328 0.9167 0.0505 
        D907  5 0.8273 0.0984 0.0744 
        D908  5 0.3068 0.0514 0.6418 
        D910  5 0.5854 0.0876 0.3270 
        D911  5 0.0710 0.1143 0.8148 
        D934  5 0.1683 0.1924 0.6393 
        D946  5 0.2720 0.1612 0.5668 
        D947  5 0.2224 0.4181 0.3595 
        D948  5 0.8549 0.1138 0.0313 
        D949  5 0.8458 0.1235 0.0306 
        D950  5 0.0696 0.0986 0.8318 
        D951  5 0.4219 0.4954 0.0828 
        D952  5 0.5728 0.2361 0.1910 
        D953  5 0.8297 0.0610 0.1093 
        D954  5 0.8184 0.1074 0.0742 
        D961  5 0.6289 0.1845 0.1866 
        D962  5 0.8185 0.1040 0.0775 
        D963  5 0.4568 0.1806 0.3626 
        D964  5 0.2225 0.4181 0.3594 
        D965  5 0.2523 0.2941 0.4536 
        D966  5 0.4103 0.2043 0.3854 
        D967  5 0.4628 0.1106 0.4266 
        D991  5 0.4357 0.3645 0.1998 
        D502  6 0.0724 0.4882 0.4394 
        D503  6 0.1231 0.3604 0.5165 
        D504  6 0.4008 0.3251 0.2741 
        D505  6 0.4044 0.2728 0.3228 
        D506  6 0.9007 0.0598 0.0395 
        D507  6 0.1304 0.2573 0.6123 
        D508  6 0.1994 0.3178 0.4828 
        D529  6 0.3015 0.5135 0.1850 
        D530  6 0.6433 0.1710 0.1857 
        D531  6 0.3502 0.3398 0.3100 
        D532  6 0.6427 0.2046 0.1528 
        D534  6 0.1046 0.7489 0.1465 
        D535  6 0.6755 0.1991 0.1253 
        D536  6 0.0419 0.1978 0.7603 
        D554  6 0.6565 0.2350 0.1085 
        D587  6 0.7842 0.1045 0.1114 
        D588  6 0.7006 0.1983 0.1011 
        D589  6 0.1793 0.2166 0.6041 
        D590  6 0.0645 0.1207 0.8148 
        D591  6 0.2437 0.3943 0.3619 
        D592  6 0.2457 0.5813 0.1729 
        D593  6 0.5943 0.1323 0.2734 
        D682  6 0.8354 0.0919 0.0728 
        D683  6 0.5676 0.3613 0.0711 
        D684  6 0.0420 0.4979 0.4601 
        D685  6 0.1137 0.4130 0.4734 
        D686  6 0.8429 0.1009 0.0563 
        D724  6 0.1202 0.5050 0.3749 
        D725  6 0.2800 0.2392 0.4808 
        D726  6 0.8720 0.0769 0.0511 
        D727  6 0.1393 0.3574 0.5032 
        D728  6 0.8064 0.1172 0.0764 
        D729  6 0.1833 0.5629 0.2538 
        D730  6 0.1837 0.4083 0.4080 
        D731  6 0.5529 0.0387 0.4085 
        D732  6 0.2125 0.4740 0.3135 
        D733  6 0.3415 0.3476 0.3109 
     D237251  7 0.2172 0.1297 0.6530 
     D237252  7 0.1287 0.4981 0.3733 
     D237253  7 0.1814 0.1617 0.6569 
     D237254  7 0.0244 0.9306 0.0451 
     D237255  7 0.0790 0.0681 0.8529 
     D237256  7 0.0843 0.1844 0.7313 
     D237257  7 0.1066 0.7060 0.1875 
     D237282  7 0.1853 0.5488 0.2659 
     D237283  7 0.1319 0.7773 0.0907 
     D237284  7 0.0479 0.8871 0.0650 
     D237285  7 0.3635 0.2443 0.3921 
     D237286  7 0.4340 0.2144 0.3516 
     D237287  7 0.1323 0.2919 0.5759 
     D244006  7 0.0420 0.8842 0.0738 
     D244007  7 0.1124 0.3075 0.5801 
     D244008  7 0.2121 0.7291 0.0587 
     D244009  7 0.4064 0.4972 0.0964 
     D244010  7 0.1569 0.5795 0.2637 
     D244011  7 0.2424 0.1576 0.5999 
     D244012  7 0.1275 0.4107 0.4618 
     D244013  7 0.2423 0.0856 0.6721 
     D244014  7 0.1047 0.3157 0.5795 
     D244015  7 0.0827 0.8049 0.1124 
     D244125  7 0.4338 0.1174 0.4487 
     D244126  7 0.0579 0.8765 0.0656 
     D244130  7 0.5280 0.2634 0.2086 
     D244131  7 0.5539 0.2288 0.2173 
     D244132  7 0.8307 0.0833 0.0860 
        D520  7 0.4136 0.5100 0.0764 
        D521  7 0.3673 0.2840 0.3486 
        D522  7 0.2920 0.5807 0.1273 
        D523  7 0.0868 0.1024 0.8108 
        D524  7 0.3357 0.1853 0.4790 
        D525  7 0.0850 0.4834 0.4316 
        D526  7 0.0410 0.8915 0.0675 
        D527  7 0.2419 0.4984 0.2597 
        D528  7 0.0309 0.9515 0.0176 
        D558  7 0.1055 0.3369 0.5577 
        D559  7 0.0755 0.4154 0.5091 
        D640  7 0.5047 0.1918 0.3035 
        D641  7 0.3685 0.1584 0.4731 
        D642  7 0.1807 0.4753 0.3440 
        D644  7 0.4554 0.2879 0.2567 
        D645  7 0.2803 0.2687 0.4510 
        D662  7 0.8613 0.1135 0.0251 
        D687  7 0.1773 0.3281 0.4946 
        D688  7 0.0956 0.6142 0.2902 
        D689  7 0.5291 0.2368 0.2341 
        D700  7 0.0261 0.9472 0.0267 
        D797  7 0.3635 0.3539 0.2825 
        D798  7 0.5612 0.3710 0.0679 
        D799  7 0.1316 0.1715 0.6968 
        D800  7 0.1154 0.5935 0.2911 
        D132  8 0.0638 0.8894 0.0468 
        D133  8 0.0267 0.0785 0.8947 
        D200  8 0.1612 0.1848 0.6540 
        D500  8 0.0620 0.9019 0.0361 
        D614  8 0.6923 0.1818 0.1259 
        D723  8 0.3329 0.4587 0.2084 
        D888  8 0.0520 0.0487 0.8992 
        D901  8 0.1777 0.6057 0.2166 
        D902  8 0.8092 0.0837 0.1071 
        D903  8 0.4208 0.2576 0.3217 
        D904  8 0.2373 0.4586 0.3041 
        D905  8 0.0898 0.0458 0.8643 
        D906  8 0.0492 0.2905 0.6603 
        D937  8 0.8699 0.0405 0.0896 
        D943  8 0.0736 0.6117 0.3147 
        D972  8 0.1803 0.6845 0.1352 
        D973  8 0.4724 0.4287 0.0989 
        D974  8 0.4474 0.2603 0.2923 
        D975  8 0.2433 0.2784 0.4783 
        D976  8 0.2373 0.3161 0.4466 
        D201  9 0.0752 0.4019 0.5228 
        D202  9 0.1812 0.2081 0.6107 
     D237259  9 0.0921 0.7079 0.1999 
     D237260  9 0.0875 0.2063 0.7062 
     D237262  9 0.1431 0.7683 0.0887 
     D237263  9 0.1778 0.3743 0.4478 
     D237264  9 0.3538 0.3722 0.2740 
     D237265  9 0.0716 0.1343 0.7941 
     D237266  9 0.2231 0.1237 0.6532 
     D237267  9 0.3052 0.5755 0.1193 
     D237268  9 0.1804 0.6970 0.1226 
     D237289  9 0.2796 0.1147 0.6057 
     D237290  9 0.0532 0.0741 0.8727 
     D237291  9 0.1346 0.1532 0.7122 
     D237292  9 0.0454 0.3455 0.6092 
     D237293  9 0.5597 0.3237 0.1167 
     D237294  9 0.1914 0.4578 0.3507 
     D237295  9 0.4595 0.4439 0.0967 
     D237296  9 0.3491 0.3401 0.3108 
     D237297  9 0.6171 0.1246 0.2582 
     D237298  9 0.1825 0.2971 0.5203 
     D237341  9 0.2042 0.1849 0.6109 
     D237342  9 0.2508 0.4944 0.2548 
     D237343  9 0.1558 0.2574 0.5868 
     D237344  9 0.4204 0.1893 0.3902 
     D237345  9 0.0414 0.8149 0.1437 
     D237346  9 0.2789 0.0926 0.6285 
     D237347  9 0.5303 0.1028 0.3669 
     D237348  9 0.3914 0.2764 0.3322 
     D237349  9 0.1891 0.2855 0.5254 
     D244109  9 0.0329 0.2667 0.7004 
     D244110  9 0.0608 0.1783 0.7610 
     D244111  9 0.1989 0.2485 0.5526 
     D244128  9 0.0976 0.7021 0.2002 
     D244137  9 0.3212 0.4101 0.2687 
     D244138  9 0.1957 0.1851 0.6192 
        D580  9 0.1711 0.7841 0.0449 
        D581  9 0.0386 0.0931 0.8683 
        D582  9 0.0908 0.8323 0.0769 
        D583  9 0.0423 0.0717 0.8861 
        D584  9 0.6755 0.2122 0.1124 
        D585  9 0.0638 0.5815 0.3546 
        D586  9 0.0842 0.0637 0.8521 
        D651  9 0.5456 0.2158 0.2386 
        D652  9 0.3030 0.3568 0.3402 
        D653  9 0.1242 0.1875 0.6883 
        D654  9 0.1116 0.2867 0.6017 
        D655  9 0.5070 0.1469 0.3461 
        D656  9 0.0779 0.8240 0.0981 
        D657  9 0.1644 0.4134 0.4223 
        D667  9 0.6703 0.1329 0.1968 
        D668  9 0.5075 0.1980 0.2945 
        D669  9 0.0733 0.2659 0.6608 
        D670  9 0.1802 0.7406 0.0793 
        D671  9 0.0820 0.1982 0.7198 
        D672  9 0.0920 0.7357 0.1723 
        D673  9 0.4712 0.3574 0.1714 
        D692  9 0.0661 0.6897 0.2442 
        D693  9 0.4668 0.3677 0.1655 
        D694  9 0.1574 0.6348 0.2077 
        D695  9 0.5116 0.3764 0.1120 
        D696  9 0.8883 0.0453 0.0664 
        D697  9 0.6699 0.1479 0.1822 
        D698  9 0.3569 0.0888 0.5543 
        D699  9 0.6952 0.1332 0.1717 
        D787  9 0.4454 0.2950 0.2595 
        D788  9 0.7160 0.2207 0.0633 
        D789  9 0.3423 0.3444 0.3134 
        D790  9 0.5392 0.1736 0.2872 
        D791  9 0.1094 0.0999 0.7906 
        D792  9 0.1140 0.4891 0.3969 
        D793  9 0.7468 0.1046 0.1486 
        D794  9 0.4786 0.2575 0.2639 
        D795  9 0.3267 0.4858 0.1875 
        D796  9 0.2431 0.1997 0.5572 
        D142 10 0.5367 0.1765 0.2868 
        D143 10 0.0928 0.0625 0.8446 
        D144 10 0.4478 0.3438 0.2083 
        D145 10 0.0441 0.1083 0.8475 
        D146 10 0.2073 0.6984 0.0943 
        D147 10 0.1244 0.6721 0.2035 
        D148 10 0.1540 0.7296 0.1163 
        D149 10 0.0650 0.1582 0.7767 
        D151 10 0.1438 0.6272 0.2290 
        D152 10 0.0321 0.0469 0.9211 
        D153 10 0.6473 0.2553 0.0973 
        D156 10 0.2042 0.2411 0.5547 
        D157 10 0.6860 0.1540 0.1600 
        D158 10 0.2568 0.2493 0.4940 
        D159 10 0.0418 0.0349 0.9234 
        D160 10 0.2158 0.0417 0.7424 
        D161 10 0.2746 0.4444 0.2810 
        D162 10 0.2620 0.1168 0.6212 
        D169 10 0.0703 0.7931 0.1366 
        D170 10 0.0918 0.8223 0.0859 
        D171 10 0.4228 0.3786 0.1986 
        D172 10 0.2277 0.3756 0.3968 
        D173 10 0.0273 0.0855 0.8872 
        D181 10 0.4766 0.1771 0.3463 
        D182 10 0.0967 0.4962 0.4071 
        D183 10 0.8312 0.1037 0.0650 
        D184 10 0.0356 0.9368 0.0276 
        D185 10 0.2068 0.5943 0.1989 
        D186 10 0.0323 0.8958 0.0719 
        D194 10 0.3149 0.5614 0.1237 
        D195 10 0.3169 0.1182 0.5649 
        D196 10 0.2079 0.0842 0.7079 
        D197 10 0.1038 0.6537 0.2425 
        D198 10 0.3790 0.5695 0.0515 
     D237226 10 0.1048 0.2368 0.6584 
     D237232 10 0.3936 0.1166 0.4898 
     D237233 10 0.2425 0.0936 0.6639 
     D237234 10 0.4029 0.2255 0.3716 
     D237354 10 0.0417 0.0335 0.9248 
     D237355 10 0.0928 0.1326 0.7746 
     D237356 10 0.6426 0.3123 0.0451 
     D237357 10 0.1142 0.2945 0.5912 
     D237358 10 0.1406 0.6533 0.2061 
     D237369 10 0.0429 0.8800 0.0771 
     D237370 10 0.6728 0.1092 0.2180 
     D237371 10 0.2003 0.6887 0.1110 
     D237372 10 0.0495 0.6408 0.3097 
     D237373 10 0.3755 0.1357 0.4888 
     D237374 10 0.1181 0.0665 0.8155 
     D237375 10 0.1432 0.4145 0.4423 
     D237400 10 0.0342 0.0350 0.9308 
     D244002 10 0.0390 0.8677 0.0933 
     D244003 10 0.2600 0.0375 0.7025 
     D244004 10 0.9304 0.0312 0.0384 
     D244005 10 0.0614 0.2875 0.6511 
     D244020 10 0.5630 0.2145 0.2225 
     D244021 10 0.1198 0.5181 0.3621 
     D244116 10 0.2270 0.5084 0.2646 
     D244117 10 0.4808 0.0727 0.4465 
     D244121 10 0.6324 0.0852 0.2824 
     D244123 10 0.3457 0.1790 0.4753 
     D244124 10 0.1220 0.2954 0.5826 
        D332 10 0.4460 0.3437 0.2103 
        D570 10 0.7276 0.1472 0.1252 
        D602 10 0.1882 0.3976 0.4142 
        D603 10 0.4724 0.1201 0.4076 
        D604 10 0.1003 0.1688 0.7309 
        D605 10 0.3784 0.2283 0.3933 
        D606 10 0.3251 0.5922 0.0827 
        D607 10 0.1603 0.6650 0.1747 
        D608 10 0.0246 0.0420 0.9333 
        D609 10 0.8176 0.1203 0.0621 
        D610 10 0.2302 0.5186 0.2512 
        D611 10 0.9280 0.0281 0.0439 
        D613 10 0.4599 0.1661 0.3741 
        D633 10 0.1542 0.2918 0.5540 
        D634 10 0.4235 0.3680 0.2085 
        D638 10 0.0555 0.0335 0.9109 
        D681 10 0.3042 0.4575 0.2383 
        D754 10 0.3605 0.4345 0.2050 
        D755 10 0.3112 0.0285 0.6603 
        D756 10 0.5236 0.2344 0.2420 
        D757 10 0.2412 0.2562 0.5027 
        D758 10 0.2529 0.5093 0.2378 
        D759 10 0.3008 0.0552 0.6440 
        D760 10 0.2514 0.2063 0.5422 
        D761 10 0.0314 0.0301 0.9384 
        D762 10 0.2859 0.4664 0.2477 
        D775 10 0.7245 0.0462 0.2293 
        D776 10 0.0674 0.0804 0.8521 
        D777 10 0.4897 0.1709 0.3394 
        D778 10 0.1422 0.0792 0.7786 
        D779 10 0.3868 0.3126 0.3006 
        D780 10 0.1358 0.0922 0.7719 
        D781 10 0.1203 0.2539 0.6258 
        D858 10 0.3440 0.3643 0.2917 
        D933 10 0.2402 0.4107 0.3491 
        D038 11 0.2247 0.1352 0.6402 
        D063 11 0.1961 0.1822 0.6217 
        D155 11 0.3706 0.1672 0.4622 
        D175 11 0.4207 0.4206 0.1586 
        D176 11 0.1410 0.1106 0.7484 
        D205 11 0.8417 0.1144 0.0439 
     D237229 11 0.0542 0.4684 0.4774 
     D237230 11 0.0813 0.7263 0.1924 
     D237231 11 0.2328 0.3954 0.3718 
     D237269 11 0.1218 0.2666 0.6116 
     D237270 11 0.3680 0.4217 0.2103 
     D237271 11 0.5311 0.2099 0.2590 
     D237272 11 0.3002 0.4582 0.2416 
     D237273 11 0.4408 0.1072 0.4521 
     D237301 11 0.5376 0.2052 0.2573 
     D237302 11 0.1285 0.5245 0.3470 
     D237303 11 0.0772 0.6804 0.2424 
     D237304 11 0.3948 0.2767 0.3285 
     D237305 11 0.2804 0.5308 0.1888 
     D237314 11 0.4686 0.1662 0.3652 
     D237315 11 0.1215 0.7329 0.1456 
     D237316 11 0.5994 0.2882 0.1125 
     D237328 11 0.4362 0.5059 0.0579 
     D237329 11 0.4480 0.1463 0.4057 
     D237330 11 0.5784 0.0492 0.3724 
     D237331 11 0.2838 0.2833 0.4329 
     D237332 11 0.3404 0.4624 0.1972 
     D237333 11 0.1934 0.0595 0.7471 
     D237334 11 0.3210 0.5486 0.1304 
     D237335 11 0.7265 0.1724 0.1011 
     D237336 11 0.1207 0.2369 0.6424 
     D237350 11 0.5315 0.1012 0.3673 
     D237383 11 0.1647 0.3818 0.4534 
     D237384 11 0.3745 0.4383 0.1871 
     D237385 11 0.3026 0.2914 0.4061 
     D237386 11 0.5357 0.1771 0.2872 
     D237387 11 0.2822 0.6089 0.1089 
     D237388 11 0.7356 0.1428 0.1216 
        D239 11 0.3384 0.2441 0.4175 
        D240 11 0.0461 0.1395 0.8145 
        D241 11 0.0693 0.7833 0.1474 
        D242 11 0.1987 0.2934 0.5079 
        D243 11 0.5845 0.1909 0.2246 
        D244 11 0.8898 0.0537 0.0565 
        D245 11 0.0778 0.6929 0.2293 
        D246 11 0.5660 0.2931 0.1408 
        D247 11 0.1623 0.3882 0.4495 
        D248 11 0.4201 0.2227 0.3571 
        D249 11 0.4157 0.4728 0.1116 
        D250 11 0.4725 0.0913 0.4362 
        D251 11 0.7577 0.1314 0.1109 
        D252 11 0.4400 0.4893 0.0707 
        D253 11 0.3242 0.2781 0.3977 
        D254 11 0.0505 0.7961 0.1534 
        D255 11 0.6538 0.2271 0.1191 
        D256 11 0.2912 0.3553 0.3535 
        D257 11 0.6098 0.2460 0.1442 
        D258 11 0.8121 0.1386 0.0493 
        D259 11 0.0730 0.7792 0.1478 
        D260 11 0.2475 0.4349 0.3175 
        D261 11 0.2970 0.3925 0.3105 
        D262 11 0.0873 0.5757 0.3370 
        D263 11 0.7500 0.1855 0.0645 
        D264 11 0.1319 0.7008 0.1672 
        D265 11 0.1984 0.4615 0.3401 
        D266 11 0.4295 0.1952 0.3753 
        D267 11 0.5970 0.2757 0.1273 
        D268 11 0.7558 0.0945 0.1496 
        D269 11 0.6513 0.3065 0.0422 
        D270 11 0.3486 0.5259 0.1255 
        D271 11 0.2686 0.3958 0.3356 
        D272 11 0.1367 0.2239 0.6394 
        D273 11 0.4887 0.4362 0.0751 
        D274 11 0.7152 0.1321 0.1527 
        D275 11 0.5600 0.2655 0.1745 
        D276 11 0.8115 0.1188 0.0697 
        D277 11 0.5624 0.2612 0.1763 
        D278 11 0.4068 0.1683 0.4249 
        D282 11 0.1439 0.8050 0.0511 
        D296 11 0.4247 0.2604 0.3149 
        D297 11 0.6780 0.2321 0.0900 
        D298 11 0.3603 0.2259 0.4139 
        D299 11 0.5565 0.1129 0.3305 
        D300 11 0.1761 0.1595 0.6644 
        D382 11 0.8399 0.1227 0.0374 
        D383 11 0.8664 0.0885 0.0451 
        D387 11 0.3214 0.1184 0.5601 
        D388 11 0.1858 0.6555 0.1587 
        D389 11 0.3889 0.1795 0.4316 
        D390 11 0.3722 0.3131 0.3147 
        D396 11 0.1143 0.2989 0.5867 
        D397 11 0.0629 0.8546 0.0824 
        D398 11 0.5862 0.2225 0.1913 
        D399 11 0.1241 0.5010 0.3749 
        D437 11 0.0614 0.5909 0.3477 
        D441 11 0.6795 0.0859 0.2346 
        D442 11 0.1937 0.2159 0.5904 
        D443 11 0.4040 0.0680 0.5281 
        D444 11 0.3669 0.2797 0.3534 
        D445 11 0.2785 0.6507 0.0708 
        D446 11 0.0707 0.7827 0.1465 
        D451 11 0.3149 0.5665 0.1186 
        D452 11 0.1285 0.1779 0.6937 
        D453 11 0.3169 0.5044 0.1787 
        D454 11 0.0824 0.6381 0.2794 
        D457 11 0.3785 0.3995 0.2220 
        D458 11 0.6396 0.2370 0.1234 
        D466 11 0.0603 0.1553 0.7843 
        D467 11 0.7413 0.0766 0.1820 
        D475 11 0.0631 0.8915 0.0454 
        D488 11 0.1340 0.3021 0.5639 
        D489 11 0.1573 0.6335 0.2092 
        D493 11 0.1314 0.8003 0.0682 
        D494 11 0.4109 0.3258 0.2633 
        D495 11 0.0586 0.4217 0.5197 
        D496 11 0.0573 0.0388 0.9038 
        D674 11 0.0859 0.0632 0.8508 
        D675 11 0.0752 0.0478 0.8770 
        D676 11 0.6397 0.2343 0.1260 
        D680 11 0.3687 0.1510 0.4803 
        D701 11 0.0837 0.3899 0.5264 
        D702 11 0.1020 0.7627 0.1353 
        D703 11 0.2764 0.1894 0.5342 
        D704 11 0.3723 0.3353 0.2923 
        D705 11 0.0592 0.8787 0.0621 
        D706 11 0.0644 0.2076 0.7280 
        D707 11 0.2799 0.6183 0.1018 
        D751 11 0.4689 0.4521 0.0790 
        D752 11 0.2113 0.2418 0.5469 
        D753 11 0.2150 0.5320 0.2530 
        D773 11 0.1253 0.8356 0.0391 
        D774 11 0.1716 0.1960 0.6324 
        D801 11 0.5293 0.1738 0.2969 
        D802 11 0.0957 0.8183 0.0860 
        D803 11 0.3181 0.2019 0.4799 
        D804 11 0.1229 0.5579 0.3192 
        D805 11 0.3089 0.5362 0.1549 
        D806 11 0.5374 0.3403 0.1223 
        D809 11 0.6578 0.1553 0.1869 
        D810 11 0.4835 0.1711 0.3454 
        D812 11 0.3297 0.5428 0.1275 
        D813 11 0.1157 0.1575 0.7268 
        D823 11 0.4240 0.2879 0.2881 
        D824 11 0.4535 0.1135 0.4330 
        D829 11 0.2077 0.4280 0.3643 
        D830 11 0.2120 0.7227 0.0653 
        D831 11 0.0966 0.3005 0.6030 
        D832 11 0.2049 0.3760 0.4191 
        D833 11 0.6053 0.1441 0.2506 
        D834 11 0.7956 0.1206 0.0838 
        D835 11 0.2090 0.6909 0.1001 
        D855 11 0.6979 0.1827 0.1194 
        D863 11 0.0419 0.0327 0.9254 
        D864 11 0.4958 0.3003 0.2039 
        D878 11 0.6870 0.1420 0.1710 
        D879 11 0.2569 0.6636 0.0795 
        D880 11 0.1859 0.0884 0.7257 
        D881 11 0.8391 0.0511 0.1098 
        D882 11 0.1306 0.2064 0.6630 
        D909 11 0.3802 0.3050 0.3148 
        D921 11 0.5148 0.1992 0.2860 
        D924 11 0.1421 0.1067 0.7511 
        D935 11 0.6315 0.2873 0.0813 
        D940 11 0.0548 0.0751 0.8701 
        D941 11 0.4571 0.2463 0.2966 
        D942 11 0.6967 0.2553 0.0479 
        D980 11 0.1815 0.5215 0.2970 
        D981 11 0.1413 0.7691 0.0896 
        D982 11 0.1106 0.0503 0.8391 
        D983 11 0.6964 0.1746 0.1290 
        D984 11 0.3932 0.1789 0.4279 
        D992 11 0.1799 0.6598 0.1603 
        D993 11 0.7470 0.2016 0.0514 
        D994 11 0.1950 0.3551 0.4499 
        D995 11 0.4290 0.5207 0.0503 
        H354 11 0.5011 0.3927 0.1062 
        D005 12 0.0500 0.5099 0.4401 
        D035 12 0.2246 0.4645 0.3108 
        D067 12 0.3403 0.4344 0.2253 
        D134 12 0.1494 0.2029 0.6478 
        D135 12 0.2186 0.5035 0.2779 
        D136 12 0.1801 0.7652 0.0547 
        D137 12 0.1400 0.4314 0.4286 
        D138 12 0.3793 0.2492 0.3715 
        D139 12 0.1740 0.1897 0.6363 
        D140 12 0.2972 0.5556 0.1471 
        D141 12 0.0358 0.9315 0.0327 
        D150 12 0.7211 0.1462 0.1328 
        D177 12 0.1020 0.0976 0.8005 
        D178 12 0.1505 0.6493 0.2003 
        D179 12 0.1334 0.6722 0.1945 
        D180 12 0.0870 0.7790 0.1339 
        D187 12 0.3099 0.2323 0.4578 
        D188 12 0.0287 0.9399 0.0314 
        D191 12 0.0610 0.7732 0.1658 
        D418 12 0.0483 0.8457 0.1061 
        D601 12 0.0818 0.8308 0.0874 
        D836 12 0.0410 0.8862 0.0727 
        D837 12 0.3776 0.2448 0.3776 
        D838 12 0.5129 0.0998 0.3874 
        D839 12 0.0654 0.1852 0.7494 
        D840 12 0.1934 0.2187 0.5878 
        D841 12 0.2943 0.5304 0.1753 
        D842 12 0.3773 0.5265 0.0962 
        D843 12 0.4760 0.2466 0.2775 
        D844 12 0.0395 0.5776 0.3829 
        D912 12 0.5172 0.1647 0.3181 
        D913 12 0.0350 0.0442 0.9207 
