        D174  1 0.1053 0.0350 0.2329 0.0816 0.0576 0.0322 0.3474 0.0855 0.0224 
        D199  1 0.0937 0.1804 0.0556 0.1778 0.0403 0.1226 0.1526 0.1288 0.0483 
        D203  1 0.0929 0.1923 0.1130 0.2584 0.0584 0.1109 0.0554 0.0721 0.0466 
        D204  1 0.0216 0.0419 0.0388 0.7350 0.0210 0.0208 0.0178 0.0285 0.0747 
     D237366  1 0.4902 0.0504 0.0652 0.0629 0.0214 0.0642 0.0572 0.0886 0.0998 
     D237367  1 0.2542 0.0650 0.0871 0.3370 0.0363 0.0259 0.0346 0.1148 0.0449 
     D237368  1 0.4155 0.0956 0.0489 0.1330 0.0617 0.0231 0.1019 0.0751 0.0452 
     D244101  1 0.0224 0.0633 0.0263 0.1061 0.0195 0.1235 0.0199 0.0854 0.5336 
     D244102  1 0.0819 0.0510 0.3636 0.0664 0.1176 0.0620 0.0512 0.1053 0.1009 
     D244103  1 0.2026 0.0320 0.1208 0.2506 0.0398 0.0463 0.0471 0.2023 0.0585 
     D244104  1 0.0384 0.0383 0.0144 0.5794 0.1149 0.0480 0.1066 0.0365 0.0235 
     D244105  1 0.3720 0.0209 0.1090 0.0773 0.1082 0.0557 0.0167 0.2129 0.0274 
     D244106  1 0.0240 0.0771 0.1165 0.0660 0.0216 0.0871 0.5206 0.0632 0.0239 
     D244107  1 0.2943 0.0996 0.0210 0.0692 0.2296 0.0286 0.0153 0.1615 0.0810 
     D244108  1 0.0347 0.0506 0.1316 0.0632 0.2662 0.0388 0.2801 0.0921 0.0427 
     D244113  1 0.0290 0.0393 0.2389 0.0165 0.0376 0.0183 0.4157 0.0832 0.1216 
     D244114  1 0.0645 0.0520 0.1068 0.0682 0.0224 0.2178 0.0833 0.3434 0.0416 
     D244115  1 0.0705 0.0288 0.0775 0.1659 0.1503 0.0447 0.2746 0.1520 0.0357 
     D267365  1 0.0994 0.0324 0.0542 0.3085 0.0326 0.1737 0.1835 0.0741 0.0417 
        D404  1 0.0207 0.0433 0.3937 0.0291 0.0378 0.0238 0.2614 0.0503 0.1399 
        D405  1 0.0401 0.0956 0.3628 0.1116 0.0766 0.0697 0.0688 0.0990 0.0757 
        D406  1 0.6806 0.0201 0.0680 0.0680 0.0263 0.0192 0.0392 0.0307 0.0480 
        D407  1 0.1816 0.0491 0.0393 0.5658 0.0157 0.0206 0.0275 0.0823 0.0182 
        D408  1 0.0251 0.0216 0.0973 0.0541 0.0678 0.1372 0.5032 0.0603 0.0334 
        D409  1 0.1052 0.0482 0.1225 0.1758 0.0654 0.0786 0.0648 0.3025 0.0371 
        D410  1 0.0406 0.0128 0.0552 0.0717 0.6952 0.0163 0.0261 0.0574 0.0247 
        D421  1 0.0194 0.0243 0.0091 0.8672 0.0117 0.0175 0.0176 0.0219 0.0114 
        D422  1 0.7804 0.0223 0.0185 0.0595 0.0280 0.0326 0.0133 0.0308 0.0147 
        D423  1 0.0851 0.0639 0.0375 0.1271 0.5581 0.0164 0.0204 0.0706 0.0208 
        D424  1 0.0755 0.0152 0.0296 0.6600 0.0270 0.0170 0.0343 0.1199 0.0215 
        D425  1 0.0402 0.0238 0.0927 0.4048 0.0723 0.0667 0.1191 0.1551 0.0254 
        D426  1 0.1258 0.0292 0.0649 0.1325 0.0239 0.1559 0.0308 0.4180 0.0190 
        D427  1 0.0319 0.3992 0.0146 0.2552 0.0272 0.0203 0.2125 0.0250 0.0139 
        D428  1 0.0768 0.0475 0.0779 0.2811 0.0956 0.0383 0.1562 0.1462 0.0805 
        D429  1 0.0586 0.0314 0.0815 0.3932 0.0297 0.0830 0.1751 0.1071 0.0404 
        D430  1 0.0731 0.0722 0.2454 0.0794 0.0234 0.1500 0.1575 0.1656 0.0335 
        D491  1 0.0247 0.0137 0.0344 0.0637 0.0480 0.0382 0.6885 0.0566 0.0320 
        D492  1 0.1444 0.0669 0.0893 0.2948 0.0420 0.0297 0.1252 0.1515 0.0562 
        D537  1 0.1153 0.0313 0.0353 0.6126 0.0381 0.0182 0.0242 0.0606 0.0645 
        D538  1 0.1086 0.1113 0.3386 0.0600 0.0785 0.0349 0.0997 0.1184 0.0500 
        D539  1 0.0842 0.0663 0.1288 0.0375 0.0879 0.3269 0.1059 0.0903 0.0724 
        D540  1 0.0826 0.0285 0.0633 0.2487 0.1382 0.0640 0.0480 0.2987 0.0280 
        D541  1 0.0200 0.0202 0.0133 0.8510 0.0257 0.0161 0.0132 0.0220 0.0186 
        D551  1 0.0867 0.1220 0.0305 0.0686 0.0185 0.2256 0.0284 0.3939 0.0257 
        D552  1 0.1142 0.0263 0.0302 0.1150 0.3284 0.0455 0.1608 0.1138 0.0657 
        D553  1 0.0228 0.0106 0.0118 0.8423 0.0289 0.0207 0.0192 0.0248 0.0189 
        D615  1 0.0494 0.0909 0.0830 0.3964 0.1399 0.0789 0.0598 0.0744 0.0273 
        D616  1 0.1219 0.0919 0.0466 0.3025 0.1038 0.0844 0.0520 0.1709 0.0261 
        D621  1 0.2182 0.0291 0.0477 0.0152 0.1630 0.0249 0.0779 0.0486 0.3755 
        D622  1 0.5263 0.0274 0.0519 0.0435 0.1268 0.0385 0.0383 0.0864 0.0610 
        D623  1 0.0248 0.1582 0.1607 0.0214 0.0321 0.0510 0.2440 0.0627 0.2450 
        D624  1 0.0310 0.0155 0.0335 0.0439 0.0240 0.0303 0.7330 0.0764 0.0123 
        D625  1 0.0353 0.0156 0.0640 0.6632 0.0401 0.0266 0.0613 0.0519 0.0419 
        D626  1 0.1473 0.0334 0.0527 0.0673 0.2829 0.0517 0.2621 0.0754 0.0272 
        D627  1 0.1510 0.0262 0.0712 0.1485 0.0180 0.1873 0.0414 0.3280 0.0284 
        D690  1 0.0386 0.0117 0.0195 0.7498 0.0550 0.0184 0.0623 0.0215 0.0232 
        D691  1 0.6799 0.0192 0.0582 0.0816 0.0310 0.0374 0.0425 0.0279 0.0223 
        D710  1 0.1114 0.0550 0.0460 0.1957 0.1201 0.0383 0.1558 0.1350 0.1428 
        D711  1 0.0398 0.0224 0.0457 0.7130 0.0238 0.0317 0.0357 0.0383 0.0496 
        D712  1 0.0902 0.0443 0.0809 0.0284 0.0654 0.0603 0.5230 0.0672 0.0403 
        D713  1 0.0883 0.0240 0.1508 0.1559 0.0440 0.0283 0.1485 0.1220 0.2381 
        D746  1 0.7270 0.0324 0.0250 0.0769 0.0368 0.0204 0.0216 0.0344 0.0255 
        D747  1 0.0156 0.0210 0.0108 0.8488 0.0137 0.0241 0.0186 0.0217 0.0259 
        D748  1 0.3018 0.0180 0.1054 0.2864 0.0655 0.0492 0.0336 0.0646 0.0754 
        D749  1 0.2568 0.0588 0.0645 0.0284 0.0920 0.0428 0.1201 0.2268 0.1098 
        D750  1 0.0422 0.0193 0.0339 0.1330 0.0408 0.0224 0.6354 0.0410 0.0321 
        D763  1 0.1217 0.1057 0.0496 0.0822 0.0736 0.1938 0.0252 0.1378 0.2105 
        D764  1 0.0585 0.0218 0.0352 0.5095 0.0689 0.0272 0.2020 0.0568 0.0200 
        D765  1 0.1286 0.0174 0.1144 0.0392 0.4220 0.0331 0.1271 0.0989 0.0194 
        D766  1 0.1302 0.0214 0.0756 0.1107 0.4108 0.0184 0.0295 0.0652 0.1382 
        D767  1 0.1178 0.1023 0.2436 0.0969 0.0566 0.0406 0.0361 0.0843 0.2219 
        D768  1 0.0237 0.0207 0.0143 0.8499 0.0177 0.0150 0.0135 0.0305 0.0147 
        D811  1 0.0219 0.0203 0.4680 0.0298 0.2052 0.0383 0.1121 0.0689 0.0355 
        D816  1 0.0187 0.0173 0.0213 0.8371 0.0151 0.0187 0.0290 0.0248 0.0179 
        D825  1 0.0492 0.0193 0.2135 0.1184 0.2390 0.0389 0.1874 0.1028 0.0316 
        D866  1 0.0305 0.1335 0.0621 0.0532 0.0887 0.3464 0.1700 0.0960 0.0197 
        D867  1 0.6898 0.0445 0.0223 0.0221 0.0237 0.0183 0.0229 0.0581 0.0984 
        D871  1 0.0867 0.0184 0.1383 0.2024 0.0268 0.1055 0.0738 0.3123 0.0357 
        D872  1 0.1011 0.0791 0.2966 0.2445 0.0747 0.0246 0.0430 0.0792 0.0571 
        D873  1 0.0283 0.0260 0.0807 0.0097 0.7464 0.0094 0.0183 0.0325 0.0486 
        D874  1 0.0156 0.0217 0.0403 0.0548 0.0181 0.0384 0.0561 0.0494 0.7054 
        D875  1 0.1676 0.0139 0.1920 0.1663 0.0571 0.0438 0.0391 0.2972 0.0231 
        D876  1 0.0714 0.0232 0.0612 0.3965 0.0856 0.0515 0.0978 0.1071 0.1057 
        D877  1 0.0113 0.0252 0.5353 0.0336 0.0252 0.0217 0.1446 0.0800 0.1233 
        D892  1 0.1922 0.0170 0.1680 0.3272 0.0267 0.0259 0.1305 0.0777 0.0348 
        D893  1 0.0743 0.0290 0.0248 0.6009 0.0455 0.0762 0.0193 0.0839 0.0462 
        D894  1 0.0533 0.0246 0.0620 0.5798 0.0321 0.0351 0.0642 0.1207 0.0281 
        D915  1 0.0931 0.0289 0.0524 0.5617 0.0961 0.0402 0.0453 0.0586 0.0237 
        D916  1 0.0179 0.0126 0.0152 0.8740 0.0192 0.0115 0.0156 0.0186 0.0152 
        D917  1 0.0437 0.0563 0.0429 0.1399 0.0393 0.1208 0.2617 0.1496 0.1458 
        D925  1 0.0584 0.0187 0.0311 0.1422 0.6041 0.0295 0.0672 0.0348 0.0139 
        D926  1 0.0839 0.0199 0.0497 0.4251 0.0296 0.0605 0.0572 0.2017 0.0724 
        D927  1 0.0802 0.2378 0.0589 0.2434 0.0245 0.1141 0.0592 0.1241 0.0577 
        D928  1 0.0133 0.0167 0.0296 0.0743 0.0257 0.0139 0.7841 0.0205 0.0219 
        D929  1 0.0835 0.0201 0.3006 0.0310 0.0242 0.0333 0.0573 0.0624 0.3876 
        D936  1 0.0257 0.0568 0.0329 0.4162 0.0469 0.1302 0.0332 0.0823 0.1758 
        D938  1 0.6651 0.0170 0.0473 0.0314 0.0966 0.0247 0.0267 0.0279 0.0633 
        D956  1 0.0265 0.0329 0.1650 0.0302 0.0578 0.0257 0.5747 0.0629 0.0243 
        D957  1 0.1168 0.0431 0.2565 0.1311 0.1907 0.0339 0.0453 0.0848 0.0978 
        D958  1 0.1059 0.0239 0.1832 0.2541 0.1026 0.0196 0.1287 0.0854 0.0965 
        D959  1 0.2187 0.0370 0.0338 0.5904 0.0153 0.0149 0.0198 0.0566 0.0134 
        D960  1 0.6183 0.0234 0.0827 0.0377 0.0550 0.0236 0.0538 0.0588 0.0467 
        D989  1 0.0432 0.0911 0.0404 0.0354 0.0259 0.0728 0.5963 0.0715 0.0233 
        D990  1 0.0342 0.0309 0.0400 0.0177 0.5938 0.1006 0.0981 0.0577 0.0268 
        D023  2 0.8160 0.0210 0.0124 0.0428 0.0212 0.0160 0.0211 0.0311 0.0184 
        D130  2 0.6771 0.0346 0.1089 0.0727 0.0173 0.0209 0.0135 0.0293 0.0257 
        D131  2 0.0532 0.0373 0.0719 0.3004 0.0829 0.1229 0.0389 0.2410 0.0513 
        D163  2 0.6184 0.0159 0.0222 0.1065 0.0378 0.0333 0.0569 0.0724 0.0365 
        D164  2 0.0224 0.5321 0.0167 0.0117 0.3578 0.0136 0.0106 0.0192 0.0158 
        D165  2 0.7992 0.0260 0.0128 0.0369 0.0225 0.0245 0.0234 0.0308 0.0239 
        D166  2 0.0676 0.0414 0.5591 0.0432 0.0403 0.0566 0.0165 0.0910 0.0843 
        D167  2 0.0124 0.8516 0.0369 0.0125 0.0132 0.0153 0.0302 0.0169 0.0110 
        D192  2 0.0137 0.8628 0.0227 0.0096 0.0139 0.0219 0.0185 0.0181 0.0190 
        D193  2 0.0363 0.0443 0.3606 0.0296 0.0506 0.1001 0.1621 0.1419 0.0747 
        D206  2 0.1153 0.3559 0.0567 0.1163 0.0655 0.0472 0.0262 0.1730 0.0439 
        D207  2 0.0240 0.6108 0.1120 0.0370 0.0200 0.0554 0.0206 0.0983 0.0220 
        D208  2 0.0404 0.0868 0.0736 0.0570 0.1419 0.2377 0.2226 0.0948 0.0452 
        D209  2 0.0411 0.4430 0.0308 0.0299 0.0627 0.0416 0.0280 0.2096 0.1133 
        D210  2 0.0365 0.0644 0.0362 0.0691 0.0291 0.1711 0.5148 0.0460 0.0327 
     D229599  2 0.1105 0.0471 0.0367 0.1876 0.0850 0.1859 0.0629 0.1400 0.1444 
     D229600  2 0.4018 0.3280 0.0607 0.0327 0.0182 0.0298 0.0218 0.0803 0.0267 
     D237227  2 0.0576 0.0607 0.0472 0.0431 0.1213 0.1161 0.4487 0.0809 0.0245 
     D237228  2 0.0236 0.0451 0.2133 0.0186 0.3557 0.0635 0.1786 0.0809 0.0206 
     D237258  2 0.1371 0.2294 0.1077 0.0696 0.0864 0.0871 0.0783 0.1275 0.0770 
     D237310  2 0.0314 0.0478 0.4928 0.0146 0.2624 0.0295 0.0346 0.0521 0.0348 
     D237311  2 0.0418 0.1769 0.2772 0.0144 0.3656 0.0271 0.0288 0.0481 0.0201 
     D237312  2 0.0915 0.0181 0.5520 0.0267 0.1058 0.0394 0.0402 0.0483 0.0778 
     D237313  2 0.0469 0.0326 0.0433 0.1477 0.2895 0.1192 0.0912 0.1475 0.0821 
     D237322  2 0.0370 0.0628 0.1587 0.0330 0.0875 0.2123 0.0834 0.2220 0.1034 
     D237323  2 0.0789 0.0361 0.3132 0.0182 0.2749 0.0539 0.1564 0.0399 0.0284 
     D237324  2 0.2104 0.1936 0.0361 0.0542 0.0291 0.0967 0.0156 0.3205 0.0436 
     D237325  2 0.1936 0.0731 0.2572 0.0357 0.1371 0.0434 0.0750 0.1035 0.0814 
     D237326  2 0.0728 0.0378 0.1588 0.0947 0.4334 0.0244 0.0680 0.0590 0.0511 
     D237327  2 0.1012 0.1184 0.0464 0.0611 0.0327 0.3145 0.0402 0.1950 0.0906 
     D237337  2 0.0260 0.0143 0.2140 0.0252 0.6076 0.0218 0.0377 0.0309 0.0223 
     D237338  2 0.1852 0.0671 0.1156 0.0595 0.1232 0.1140 0.1002 0.1350 0.1001 
     D237339  2 0.0282 0.1573 0.0418 0.0472 0.0316 0.0405 0.0204 0.0791 0.5539 
     D237340  2 0.0707 0.1940 0.2866 0.0227 0.1090 0.0455 0.1462 0.0824 0.0428 
     D237389  2 0.0319 0.0940 0.4214 0.0185 0.2984 0.0228 0.0186 0.0582 0.0361 
     D237390  2 0.0995 0.0215 0.4288 0.0481 0.1651 0.0711 0.0529 0.0619 0.0511 
     D244017  2 0.0501 0.3392 0.1742 0.0239 0.0254 0.0345 0.2285 0.0988 0.0254 
     D244112  2 0.0261 0.8228 0.0362 0.0135 0.0248 0.0174 0.0170 0.0255 0.0167 
     D244118  2 0.1897 0.6690 0.0203 0.0092 0.0233 0.0189 0.0214 0.0253 0.0229 
     D244119  2 0.0168 0.2791 0.0252 0.0154 0.0250 0.0255 0.5826 0.0182 0.0122 
     D244120  2 0.0316 0.4284 0.2382 0.0167 0.0323 0.1001 0.0392 0.0362 0.0773 
     D244122  2 0.0420 0.6785 0.0624 0.0223 0.0460 0.0311 0.0313 0.0531 0.0332 
        D291  2 0.1157 0.0641 0.0748 0.0690 0.0604 0.4367 0.0214 0.1398 0.0182 
        D292  2 0.0289 0.2648 0.0353 0.1684 0.0779 0.2296 0.0750 0.0723 0.0477 
        D293  2 0.0191 0.5349 0.0192 0.1568 0.0134 0.0601 0.0197 0.0703 0.1066 
        D322  2 0.0473 0.5113 0.0289 0.1197 0.0409 0.0396 0.0199 0.0691 0.1233 
        D323  2 0.0457 0.1865 0.1318 0.0723 0.1172 0.0701 0.0423 0.2069 0.1273 
        D324  2 0.1201 0.0446 0.0556 0.1246 0.0607 0.2997 0.0729 0.1828 0.0390 
        D325  2 0.0226 0.7733 0.0153 0.0428 0.0162 0.0541 0.0105 0.0349 0.0303 
        D326  2 0.0145 0.0125 0.0124 0.8487 0.0137 0.0229 0.0287 0.0296 0.0170 
        D340  2 0.0154 0.8482 0.0136 0.0208 0.0152 0.0260 0.0191 0.0185 0.0231 
        D341  2 0.0305 0.5351 0.0528 0.0570 0.0700 0.1234 0.0368 0.0527 0.0417 
        D342  2 0.0763 0.5762 0.0449 0.0230 0.1013 0.0518 0.0183 0.0858 0.0224 
        D343  2 0.0126 0.8915 0.0090 0.0167 0.0096 0.0173 0.0103 0.0174 0.0154 
        D344  2 0.0256 0.0420 0.1310 0.1024 0.0324 0.0243 0.0219 0.1360 0.4843 
        D345  2 0.0386 0.0424 0.0189 0.0810 0.4941 0.0310 0.0361 0.1079 0.1500 
        D346  2 0.0396 0.0644 0.0688 0.0519 0.0829 0.0663 0.4880 0.0839 0.0541 
        D351  2 0.0687 0.0400 0.0860 0.2807 0.0580 0.1544 0.0243 0.1920 0.0959 
        D352  2 0.0191 0.0407 0.0489 0.0243 0.0361 0.0280 0.0384 0.0826 0.6819 
        D353  2 0.0215 0.0232 0.0242 0.1771 0.0206 0.0338 0.0171 0.5839 0.0986 
        D354  2 0.0183 0.0157 0.0287 0.0513 0.0371 0.0189 0.0346 0.0548 0.7407 
        D362  2 0.0927 0.0226 0.0256 0.6659 0.0513 0.0282 0.0346 0.0543 0.0249 
        D363  2 0.0414 0.0284 0.0313 0.6822 0.0556 0.0232 0.0501 0.0571 0.0306 
        D364  2 0.0346 0.0238 0.0202 0.2628 0.0942 0.0201 0.0413 0.1071 0.3959 
        D365  2 0.0108 0.8558 0.0128 0.0220 0.0110 0.0194 0.0184 0.0178 0.0322 
        D369  2 0.0547 0.1362 0.0597 0.1926 0.1213 0.1466 0.1790 0.0860 0.0238 
        D374  2 0.0179 0.0225 0.3251 0.0195 0.0412 0.0273 0.4306 0.0723 0.0435 
        D375  2 0.0214 0.0146 0.0336 0.0180 0.0198 0.0114 0.0147 0.0426 0.8238 
        D376  2 0.0175 0.0382 0.2218 0.0181 0.0476 0.0378 0.4853 0.0699 0.0637 
        D377  2 0.0578 0.0535 0.2558 0.0289 0.3084 0.0740 0.0574 0.0995 0.0648 
        D378  2 0.0965 0.2173 0.0254 0.1254 0.0424 0.0688 0.0303 0.1236 0.2704 
        D379  2 0.0284 0.0203 0.0253 0.6767 0.0458 0.0394 0.0313 0.0735 0.0592 
        D384  2 0.0110 0.0141 0.0106 0.8441 0.0235 0.0148 0.0383 0.0245 0.0192 
        D385  2 0.0179 0.7020 0.0324 0.0209 0.0254 0.0214 0.0296 0.0237 0.1266 
        D386  2 0.0570 0.0620 0.0351 0.0645 0.0445 0.0237 0.0176 0.1228 0.5728 
        D391  2 0.0190 0.7118 0.0240 0.0281 0.0220 0.0285 0.0199 0.0275 0.1192 
        D392  2 0.0431 0.5871 0.0567 0.0792 0.0621 0.0364 0.0556 0.0583 0.0215 
        D393  2 0.0506 0.0685 0.0241 0.1970 0.0672 0.2004 0.0251 0.0585 0.3086 
        D394  2 0.2264 0.0931 0.0948 0.0947 0.0999 0.0528 0.0464 0.1363 0.1557 
        D395  2 0.0247 0.3458 0.0377 0.0209 0.0153 0.0357 0.0226 0.0754 0.4218 
        D401  2 0.0166 0.0291 0.1673 0.0223 0.6576 0.0215 0.0372 0.0370 0.0114 
        D402  2 0.0158 0.7408 0.0232 0.0188 0.0311 0.0527 0.0176 0.0271 0.0730 
        D403  2 0.0807 0.0283 0.0390 0.1994 0.0207 0.0410 0.0220 0.4233 0.1457 
        D415  2 0.0449 0.0236 0.0385 0.6355 0.0382 0.0247 0.0136 0.1580 0.0230 
        D435  2 0.0446 0.1652 0.0191 0.5580 0.0381 0.0675 0.0145 0.0393 0.0536 
        D436  2 0.0477 0.0298 0.1023 0.1609 0.0273 0.0308 0.0510 0.0917 0.4584 
        D438  2 0.0167 0.8680 0.0152 0.0140 0.0165 0.0164 0.0200 0.0182 0.0149 
        D439  2 0.0668 0.0590 0.0225 0.0540 0.0945 0.0254 0.0172 0.1326 0.5278 
        D449  2 0.0541 0.4862 0.0230 0.1239 0.0248 0.0558 0.0280 0.1749 0.0293 
        D450  2 0.0518 0.0238 0.1152 0.1329 0.0606 0.0893 0.1287 0.1640 0.2337 
        D456  2 0.0172 0.0108 0.0147 0.8660 0.0134 0.0217 0.0163 0.0220 0.0178 
        D462  2 0.0231 0.7609 0.0173 0.0314 0.0138 0.0212 0.0139 0.0270 0.0914 
        D463  2 0.0161 0.0119 0.0215 0.8307 0.0156 0.0156 0.0298 0.0305 0.0284 
        D464  2 0.0215 0.0907 0.0770 0.0540 0.0211 0.0287 0.0367 0.3302 0.3401 
        D465  2 0.0406 0.4958 0.0658 0.2021 0.0351 0.0359 0.0244 0.0762 0.0242 
        D473  2 0.0807 0.0383 0.0941 0.0237 0.0784 0.0482 0.4647 0.0615 0.1105 
        D474  2 0.0466 0.0591 0.0194 0.4310 0.0527 0.2170 0.0681 0.0676 0.0385 
        D476  2 0.3366 0.0665 0.0164 0.0248 0.0138 0.0326 0.0120 0.0375 0.4597 
        D477  2 0.0244 0.0285 0.0362 0.1906 0.1474 0.0956 0.0579 0.0748 0.3446 
        D478  2 0.3418 0.0641 0.1324 0.0547 0.0319 0.0429 0.0910 0.1383 0.1029 
        D480  2 0.0221 0.0770 0.0470 0.1855 0.0365 0.1572 0.1319 0.1030 0.2398 
        D481  2 0.1377 0.0795 0.0355 0.2157 0.0855 0.0544 0.1089 0.1118 0.1710 
        D482  2 0.0552 0.0292 0.0664 0.0250 0.1105 0.1741 0.1031 0.1247 0.3117 
        D483  2 0.0222 0.8165 0.0161 0.0127 0.0162 0.0196 0.0638 0.0193 0.0135 
        D484  2 0.0131 0.0227 0.0344 0.0105 0.0138 0.0164 0.0190 0.0223 0.8479 
        D510  2 0.0239 0.0251 0.0703 0.0280 0.0417 0.1332 0.5793 0.0577 0.0410 
        D511  2 0.0412 0.0852 0.0186 0.0575 0.0342 0.0484 0.0223 0.0406 0.6520 
        D512  2 0.0515 0.1829 0.3738 0.0292 0.2014 0.0404 0.0146 0.0735 0.0328 
        D513  2 0.0476 0.4776 0.0379 0.1163 0.0359 0.0782 0.0646 0.1103 0.0316 
        D635  2 0.4760 0.0514 0.0204 0.2273 0.0431 0.0337 0.0380 0.0811 0.0289 
        D636  2 0.7729 0.0165 0.0152 0.0256 0.1000 0.0116 0.0178 0.0244 0.0159 
        D637  2 0.0337 0.1465 0.0906 0.0328 0.1056 0.1093 0.0546 0.1197 0.3072 
        D658  2 0.0330 0.4355 0.0842 0.0211 0.0429 0.0281 0.0819 0.0526 0.2207 
        D659  2 0.0871 0.0321 0.0206 0.5627 0.0296 0.0867 0.0511 0.0711 0.0589 
        D677  2 0.1852 0.0662 0.1004 0.2989 0.0823 0.1080 0.0170 0.0890 0.0531 
        D678  2 0.0332 0.6171 0.0986 0.0202 0.0402 0.0318 0.0144 0.1189 0.0257 
        D679  2 0.0531 0.0417 0.0377 0.3576 0.1129 0.1232 0.0566 0.1462 0.0711 
        D719  2 0.0145 0.1686 0.0300 0.1505 0.0414 0.0730 0.4244 0.0558 0.0418 
        D720  2 0.0293 0.0317 0.0263 0.7284 0.0298 0.0295 0.0698 0.0385 0.0166 
        D721  2 0.6888 0.0555 0.0138 0.0540 0.0248 0.0345 0.0390 0.0581 0.0314 
        D722  2 0.0242 0.0630 0.3054 0.0286 0.0893 0.0520 0.2775 0.1171 0.0429 
        D734  2 0.0125 0.0672 0.0238 0.0172 0.0153 0.0416 0.2026 0.0402 0.5796 
        D735  2 0.0397 0.0595 0.0472 0.1907 0.2857 0.0815 0.0762 0.1199 0.0996 
        D736  2 0.0599 0.0710 0.0382 0.0662 0.0410 0.2723 0.2863 0.0937 0.0715 
        D737  2 0.0626 0.5643 0.0480 0.0158 0.0301 0.0557 0.0370 0.0620 0.1245 
        D807  2 0.0490 0.0609 0.0905 0.1539 0.1004 0.1725 0.1905 0.0695 0.1127 
        D808  2 0.0824 0.1077 0.2820 0.0985 0.1032 0.0713 0.0299 0.1577 0.0671 
        D817  2 0.0355 0.0251 0.1147 0.3016 0.2136 0.0593 0.0315 0.1102 0.1084 
        D818  2 0.1812 0.1928 0.0703 0.0607 0.0177 0.1557 0.0283 0.2544 0.0390 
        D819  2 0.0566 0.0452 0.1474 0.1835 0.2686 0.0567 0.0437 0.1592 0.0391 
        D820  2 0.0269 0.0379 0.0207 0.6950 0.0127 0.0372 0.0232 0.0568 0.0895 
        D895  2 0.0874 0.0513 0.0327 0.3333 0.1610 0.0419 0.0396 0.1902 0.0627 
        D896  2 0.0210 0.0213 0.2578 0.0191 0.5943 0.0180 0.0327 0.0195 0.0163 
        D897  2 0.0410 0.4862 0.0559 0.0334 0.0861 0.1050 0.0256 0.1219 0.0449 
        D898  2 0.0449 0.0306 0.1723 0.0416 0.2973 0.1323 0.0485 0.1678 0.0647 
        D918  2 0.1607 0.0693 0.1627 0.0435 0.0930 0.1184 0.0530 0.1868 0.1126 
        D919  2 0.0470 0.1091 0.0434 0.1262 0.0232 0.0737 0.0187 0.1383 0.4203 
        D920  2 0.6212 0.0408 0.0684 0.0329 0.0467 0.0262 0.0755 0.0509 0.0375 
        D923  2 0.0302 0.0366 0.0332 0.6131 0.0189 0.0277 0.0250 0.0881 0.1271 
        D930  2 0.0259 0.0473 0.1030 0.2232 0.1023 0.0713 0.1031 0.1559 0.1680 
        D931  2 0.0411 0.1271 0.0599 0.2286 0.0472 0.0594 0.0425 0.0900 0.3042 
        D968  2 0.0125 0.7952 0.0204 0.0284 0.0144 0.0600 0.0163 0.0269 0.0260 
        D969  2 0.0326 0.2127 0.0392 0.1957 0.0561 0.2108 0.0665 0.1347 0.0517 
        D977  2 0.0271 0.7296 0.0301 0.0327 0.0211 0.0478 0.0214 0.0609 0.0293 
        D978  2 0.0282 0.1404 0.1517 0.0342 0.0454 0.3477 0.0339 0.1832 0.0353 
        D211  3 0.5358 0.0242 0.0876 0.0733 0.0679 0.0579 0.0256 0.0829 0.0449 
     D229639  3 0.0294 0.0694 0.0309 0.0605 0.0712 0.5399 0.1074 0.0614 0.0298 
     D237212  3 0.0996 0.0620 0.0528 0.0802 0.0885 0.2381 0.0298 0.1073 0.2418 
     D237213  3 0.0780 0.0344 0.1419 0.0376 0.4314 0.0643 0.0146 0.0877 0.1100 
     D237214  3 0.8326 0.0136 0.0269 0.0227 0.0127 0.0110 0.0193 0.0463 0.0149 
     D237215  3 0.0166 0.5637 0.1213 0.0138 0.0560 0.0688 0.0780 0.0612 0.0205 
     D237216  3 0.0749 0.0324 0.0397 0.0483 0.0897 0.0646 0.0231 0.5897 0.0376 
     D237217  3 0.2722 0.0261 0.0399 0.0983 0.1151 0.0992 0.0182 0.3032 0.0277 
     D237218  3 0.0384 0.0398 0.0260 0.0532 0.0379 0.5194 0.0479 0.0819 0.1555 
     D237219  3 0.0892 0.0280 0.0741 0.0403 0.4513 0.1372 0.0723 0.0891 0.0184 
     D237382  3 0.0429 0.0480 0.5030 0.0902 0.0634 0.0408 0.0831 0.0904 0.0381 
     D244127  3 0.0645 0.0690 0.1078 0.0222 0.5248 0.0673 0.0218 0.0884 0.0341 
     D244129  3 0.1527 0.0814 0.1507 0.1090 0.1488 0.0829 0.0312 0.1378 0.1055 
     D244133  3 0.0891 0.1758 0.1574 0.0900 0.1852 0.0511 0.1035 0.1344 0.0135 
     D244134  3 0.0442 0.0318 0.0234 0.0269 0.2187 0.3344 0.2316 0.0617 0.0272 
     D244135  3 0.7326 0.0551 0.0204 0.0413 0.0376 0.0236 0.0168 0.0483 0.0243 
     D244136  3 0.0885 0.1047 0.0967 0.2012 0.1067 0.0761 0.1727 0.1275 0.0258 
        D416  3 0.0779 0.1469 0.0351 0.0879 0.2876 0.1031 0.0301 0.1893 0.0421 
        D417  3 0.0422 0.0204 0.0573 0.6837 0.0253 0.0475 0.0318 0.0565 0.0352 
        D419  3 0.0793 0.0692 0.0532 0.1126 0.2589 0.1988 0.0600 0.1300 0.0380 
        D565  3 0.0165 0.0153 0.0163 0.0443 0.0198 0.0279 0.8209 0.0216 0.0174 
        D566  3 0.0314 0.0583 0.0663 0.0702 0.0665 0.3005 0.2860 0.0960 0.0249 
        D567  3 0.0712 0.0459 0.0374 0.5216 0.1515 0.0256 0.0286 0.0566 0.0615 
        D568  3 0.1309 0.1438 0.0517 0.1417 0.0952 0.0974 0.0215 0.1197 0.1981 
        D569  3 0.0664 0.0967 0.0679 0.0286 0.0345 0.0568 0.0450 0.0941 0.5099 
        D573  3 0.0253 0.2234 0.0228 0.1335 0.0387 0.3901 0.0266 0.1040 0.0356 
        D574  3 0.0759 0.0493 0.1409 0.0344 0.0776 0.0781 0.3757 0.1293 0.0388 
        D575  3 0.0553 0.0338 0.0291 0.0596 0.6386 0.0343 0.0663 0.0589 0.0240 
        D576  3 0.0347 0.6010 0.1404 0.0086 0.0220 0.0716 0.0340 0.0657 0.0222 
        D577  3 0.1200 0.0286 0.0623 0.5227 0.0565 0.0502 0.0366 0.0640 0.0592 
        D578  3 0.8376 0.0228 0.0241 0.0141 0.0177 0.0156 0.0150 0.0402 0.0130 
        D579  3 0.0643 0.0655 0.0462 0.1353 0.0760 0.1972 0.1903 0.0924 0.1328 
        D660  3 0.0552 0.5895 0.0608 0.0193 0.1008 0.0366 0.0180 0.0728 0.0471 
        D661  3 0.0797 0.1754 0.0389 0.0340 0.0365 0.4048 0.0182 0.1259 0.0866 
        D663  3 0.0310 0.0848 0.0688 0.0505 0.0240 0.4755 0.0223 0.1984 0.0447 
        D664  3 0.1619 0.1593 0.1002 0.0215 0.2650 0.0562 0.0686 0.1375 0.0298 
        D665  3 0.1050 0.0321 0.3448 0.0175 0.1125 0.0513 0.0119 0.2584 0.0664 
        D666  3 0.0378 0.0213 0.0346 0.0696 0.6539 0.0436 0.0556 0.0571 0.0264 
        D009  4 0.1781 0.0260 0.1209 0.1384 0.1030 0.0902 0.0295 0.1816 0.1323 
        D057  4 0.2471 0.1430 0.0305 0.0322 0.0147 0.1062 0.0338 0.0408 0.3516 
        D109  4 0.0526 0.0183 0.1100 0.0531 0.4894 0.0358 0.0471 0.1609 0.0329 
     D237222  4 0.5056 0.0330 0.1168 0.0382 0.0336 0.0396 0.1192 0.0657 0.0483 
     D237223  4 0.2023 0.0612 0.1705 0.0444 0.0948 0.1086 0.1048 0.1473 0.0661 
     D237224  4 0.0593 0.1807 0.0343 0.0962 0.0837 0.1841 0.0335 0.1166 0.2117 
     D237225  4 0.1008 0.0308 0.0589 0.1575 0.0731 0.1447 0.0503 0.3046 0.0791 
     D237299  4 0.0873 0.0242 0.3589 0.0305 0.0416 0.2456 0.0449 0.1366 0.0305 
     D237300  4 0.0173 0.0542 0.0186 0.0162 0.0845 0.7124 0.0276 0.0498 0.0194 
     D237306  4 0.0459 0.0222 0.1547 0.0670 0.0454 0.0623 0.4477 0.0896 0.0651 
     D237307  4 0.0561 0.0659 0.0810 0.3716 0.0687 0.0831 0.1599 0.0910 0.0228 
     D237308  4 0.0480 0.4308 0.0409 0.0314 0.0839 0.0425 0.0598 0.0740 0.1887 
     D237309  4 0.1545 0.0380 0.0748 0.1594 0.0659 0.0650 0.0264 0.3003 0.1157 
     D237317  4 0.0627 0.0229 0.0431 0.1669 0.0703 0.0611 0.3668 0.1651 0.0412 
     D237318  4 0.0145 0.0896 0.0287 0.0284 0.0214 0.7365 0.0261 0.0401 0.0147 
     D237319  4 0.2063 0.0465 0.3047 0.0704 0.0527 0.0773 0.0431 0.1626 0.0365 
     D237320  4 0.2485 0.0843 0.1086 0.0949 0.0539 0.2457 0.0377 0.0974 0.0290 
     D237321  4 0.0569 0.1441 0.0452 0.0662 0.0710 0.4465 0.0522 0.0925 0.0255 
     D237397  4 0.1043 0.0827 0.0774 0.0594 0.0604 0.3211 0.1594 0.0979 0.0373 
     D237398  4 0.0462 0.0297 0.0425 0.0528 0.0169 0.6688 0.0212 0.0757 0.0461 
     D237399  4 0.1477 0.0449 0.0966 0.1008 0.0396 0.2739 0.1964 0.0506 0.0495 
     D244001  4 0.4435 0.1144 0.0734 0.0433 0.0417 0.0353 0.0353 0.1081 0.1049 
        D289  4 0.0727 0.0648 0.0347 0.0754 0.0317 0.0999 0.2650 0.1028 0.2529 
        D290  4 0.0588 0.0417 0.6052 0.0552 0.0163 0.0695 0.0338 0.0857 0.0338 
        D294  4 0.0734 0.0391 0.1438 0.1021 0.0209 0.0989 0.0420 0.2360 0.2438 
        D295  4 0.0549 0.0284 0.1681 0.2985 0.1559 0.0940 0.0443 0.0911 0.0649 
        D301  4 0.5435 0.0470 0.0989 0.0183 0.0563 0.0890 0.0553 0.0632 0.0285 
        D302  4 0.0259 0.0133 0.0297 0.0525 0.0137 0.0175 0.0136 0.0396 0.7942 
        D303  4 0.0350 0.0520 0.0558 0.0357 0.0842 0.0424 0.5454 0.0518 0.0977 
        D304  4 0.0625 0.0396 0.2802 0.0876 0.0220 0.2178 0.0796 0.1760 0.0347 
        D305  4 0.0312 0.1038 0.0350 0.0185 0.0393 0.0466 0.0111 0.4337 0.2809 
        D306  4 0.0494 0.0229 0.6279 0.0388 0.0276 0.0343 0.0358 0.1380 0.0252 
        D307  4 0.6561 0.0253 0.0364 0.0167 0.0444 0.0459 0.0835 0.0360 0.0558 
        D327  4 0.0537 0.0568 0.0479 0.5787 0.0223 0.0433 0.0641 0.0938 0.0395 
        D328  4 0.0305 0.0266 0.1450 0.0237 0.0661 0.0332 0.1075 0.0593 0.5082 
        D329  4 0.0590 0.1224 0.0838 0.0577 0.0757 0.1236 0.0464 0.1986 0.2328 
        D330  4 0.0878 0.0647 0.1407 0.3082 0.0992 0.0205 0.0152 0.1717 0.0920 
        D331  4 0.0643 0.0338 0.3161 0.1255 0.0485 0.1813 0.0853 0.1183 0.0268 
        D333  4 0.0590 0.0874 0.1034 0.0784 0.1168 0.1471 0.0930 0.0953 0.2195 
        D334  4 0.0978 0.0213 0.0652 0.0624 0.0226 0.0575 0.5593 0.0556 0.0583 
        D335  4 0.0298 0.0588 0.0495 0.1370 0.0282 0.0312 0.0287 0.0534 0.5835 
        D370  4 0.0338 0.0508 0.3281 0.0412 0.2759 0.0289 0.0844 0.0841 0.0728 
        D371  4 0.0134 0.0458 0.0425 0.1166 0.0257 0.0290 0.6615 0.0402 0.0254 
        D372  4 0.0162 0.0704 0.1100 0.0117 0.0273 0.5035 0.0330 0.2124 0.0154 
        D373  4 0.6006 0.0790 0.0210 0.0326 0.0418 0.0898 0.0298 0.0509 0.0546 
        D455  4 0.6665 0.0403 0.0422 0.0328 0.0343 0.0507 0.0254 0.0397 0.0680 
        D490  4 0.8041 0.0127 0.0396 0.0266 0.0221 0.0278 0.0184 0.0250 0.0237 
        D497  4 0.6540 0.0166 0.0347 0.0187 0.0688 0.0497 0.0217 0.0708 0.0651 
        D498  4 0.0478 0.0412 0.4286 0.0528 0.0752 0.1371 0.0996 0.0873 0.0302 
        D499  4 0.0259 0.1528 0.1612 0.0217 0.0725 0.1376 0.1255 0.1649 0.1379 
        D514  4 0.0643 0.0318 0.2082 0.2722 0.0596 0.0660 0.0165 0.1380 0.1435 
        D515  4 0.2241 0.0292 0.4007 0.0461 0.0300 0.1083 0.0236 0.0829 0.0549 
        D516  4 0.0845 0.0731 0.0964 0.1546 0.3082 0.1017 0.0579 0.1013 0.0223 
        D517  4 0.5520 0.0363 0.0236 0.0611 0.0571 0.0518 0.0175 0.1715 0.0291 
        D518  4 0.1508 0.0427 0.0388 0.0304 0.0154 0.0324 0.0656 0.0593 0.5647 
        D519  4 0.2634 0.0346 0.1697 0.0657 0.0405 0.2554 0.0325 0.1121 0.0261 
        D560  4 0.1679 0.0687 0.1814 0.0887 0.0235 0.2853 0.0179 0.1061 0.0605 
        D561  4 0.2095 0.0488 0.1256 0.1994 0.0217 0.0428 0.0140 0.2739 0.0643 
        D562  4 0.2580 0.0776 0.1603 0.0506 0.0437 0.0682 0.0608 0.1230 0.1579 
        D563  4 0.0445 0.3992 0.0553 0.0255 0.0440 0.0679 0.0204 0.1585 0.1847 
        D572  4 0.0658 0.0264 0.0394 0.0448 0.0193 0.0306 0.0263 0.0357 0.7118 
        D629  4 0.2623 0.0325 0.0329 0.2385 0.1169 0.0726 0.0299 0.0826 0.1318 
        D630  4 0.2298 0.0307 0.2215 0.0984 0.0232 0.1162 0.0684 0.1038 0.1081 
        D631  4 0.0510 0.0854 0.0538 0.0281 0.0170 0.0810 0.0241 0.0466 0.6130 
        D632  4 0.2725 0.1768 0.0370 0.0546 0.1058 0.0202 0.0158 0.0572 0.2602 
        D646  4 0.1329 0.0463 0.0509 0.2590 0.1019 0.1583 0.0285 0.1514 0.0707 
        D647  4 0.1367 0.0537 0.1412 0.4026 0.0327 0.0758 0.0167 0.0650 0.0756 
        D648  4 0.0231 0.0238 0.3084 0.0159 0.0248 0.0203 0.0471 0.0374 0.4992 
        D649  4 0.0629 0.0235 0.0498 0.2785 0.1979 0.0351 0.0220 0.0872 0.2430 
        D650  4 0.1299 0.0335 0.0882 0.2126 0.0684 0.1448 0.1021 0.0764 0.1440 
        D708  4 0.0537 0.0291 0.0900 0.0365 0.0813 0.1323 0.1750 0.1387 0.2634 
        D709  4 0.0190 0.0367 0.6451 0.0339 0.0703 0.0240 0.0369 0.0902 0.0439 
        D738  4 0.0972 0.0185 0.0750 0.1020 0.0447 0.0671 0.5089 0.0543 0.0323 
        D739  4 0.3236 0.0324 0.2358 0.0321 0.0441 0.0937 0.0403 0.1284 0.0697 
        D740  4 0.0503 0.0575 0.0471 0.0206 0.2979 0.1342 0.1368 0.1829 0.0726 
        D741  4 0.0802 0.0809 0.1000 0.2199 0.0462 0.1526 0.0209 0.2524 0.0469 
        D742  4 0.0847 0.2666 0.0524 0.0381 0.0447 0.2170 0.1231 0.0991 0.0743 
        D743  4 0.0323 0.0461 0.0273 0.3299 0.0198 0.0602 0.0280 0.0606 0.3957 
        D744  4 0.0248 0.0424 0.0202 0.0315 0.0175 0.0243 0.0181 0.0420 0.7791 
        D745  4 0.3300 0.0180 0.2019 0.0417 0.0497 0.1984 0.0228 0.1011 0.0363 
        D814  4 0.1220 0.2115 0.0471 0.0411 0.0172 0.1706 0.0242 0.2982 0.0682 
        D815  4 0.0301 0.0378 0.1907 0.1189 0.0688 0.0551 0.0367 0.0642 0.3976 
        D828  4 0.0243 0.0849 0.5556 0.0134 0.0445 0.0417 0.0661 0.0689 0.1004 
        D845  4 0.0165 0.0386 0.0121 0.0185 0.0191 0.7895 0.0575 0.0253 0.0228 
        D846  4 0.1345 0.1344 0.0516 0.1160 0.0282 0.0487 0.0140 0.1334 0.3391 
        D847  4 0.2437 0.0596 0.1181 0.1068 0.0478 0.1269 0.1279 0.1082 0.0609 
        D848  4 0.5873 0.0793 0.0270 0.0177 0.0182 0.1657 0.0200 0.0432 0.0415 
        D849  4 0.2685 0.0363 0.2252 0.0405 0.1458 0.0489 0.0180 0.1680 0.0488 
        D850  4 0.2675 0.0390 0.0327 0.1447 0.0300 0.1689 0.0519 0.2042 0.0610 
        D856  4 0.0751 0.0245 0.3442 0.0519 0.1033 0.0542 0.0390 0.2434 0.0644 
        D857  4 0.0514 0.1150 0.1952 0.0110 0.5008 0.0185 0.0363 0.0416 0.0302 
        D859  4 0.0403 0.0365 0.0395 0.0733 0.0317 0.1461 0.0273 0.0833 0.5220 
        D860  4 0.0324 0.1081 0.0272 0.0848 0.0311 0.1348 0.4460 0.0663 0.0692 
        D883  4 0.1568 0.0366 0.0844 0.2200 0.1578 0.0968 0.0748 0.0852 0.0876 
        D884  4 0.0919 0.0171 0.2730 0.0740 0.1555 0.1252 0.0624 0.1018 0.0990 
        D885  4 0.0702 0.0792 0.0317 0.1277 0.0389 0.3927 0.0241 0.1762 0.0593 
        D886  4 0.2028 0.0555 0.2961 0.1762 0.0653 0.0466 0.0286 0.0611 0.0677 
        D887  4 0.0562 0.1319 0.0699 0.0827 0.0754 0.2540 0.0615 0.1270 0.1413 
        D889  4 0.0173 0.0147 0.1618 0.0339 0.0165 0.5964 0.0201 0.0977 0.0416 
        D890  4 0.0806 0.0842 0.1641 0.0389 0.2672 0.0426 0.1014 0.1026 0.1185 
        D891  4 0.0121 0.0380 0.0111 0.0126 0.0186 0.8650 0.0119 0.0190 0.0117 
        D899  4 0.0330 0.3992 0.0585 0.0337 0.0335 0.1778 0.0949 0.0723 0.0971 
        D900  4 0.0808 0.0949 0.1482 0.1311 0.0521 0.0825 0.0735 0.1753 0.1616 
        D970  4 0.0789 0.0663 0.0407 0.1509 0.0456 0.0975 0.0485 0.1642 0.3075 
        D971  4 0.0294 0.4295 0.0878 0.0567 0.0531 0.0177 0.0611 0.0729 0.1919 
        D979  4 0.0385 0.0336 0.0514 0.2883 0.0253 0.0411 0.0342 0.0785 0.4092 
        D093  5 0.0274 0.0265 0.0383 0.0396 0.0255 0.0516 0.7332 0.0352 0.0226 
        D154  5 0.0198 0.1297 0.1146 0.0277 0.0880 0.2963 0.0377 0.2418 0.0444 
        D168  5 0.1015 0.2600 0.0867 0.0739 0.1343 0.1455 0.0160 0.1477 0.0345 
        D189  5 0.0381 0.0358 0.1978 0.0394 0.0287 0.2103 0.3162 0.0891 0.0445 
        D190  5 0.0187 0.0329 0.0409 0.0309 0.1036 0.0512 0.5974 0.0440 0.0805 
     D237220  5 0.1977 0.0216 0.1060 0.0273 0.0876 0.2168 0.1472 0.1126 0.0833 
     D237221  5 0.0354 0.0851 0.0464 0.0759 0.0960 0.2357 0.2875 0.0680 0.0699 
     D237274  5 0.0385 0.0531 0.0541 0.4751 0.0478 0.0244 0.0179 0.0988 0.1904 
     D237275  5 0.0238 0.5450 0.1513 0.0187 0.0402 0.0935 0.0339 0.0767 0.0168 
     D237276  5 0.0699 0.0445 0.2282 0.1270 0.1574 0.0906 0.1370 0.0883 0.0572 
     D237277  5 0.0185 0.0615 0.0313 0.0315 0.0942 0.1144 0.5412 0.0488 0.0586 
     D237278  5 0.0441 0.3417 0.0594 0.0580 0.0686 0.0373 0.2288 0.0902 0.0720 
     D237279  5 0.1286 0.0253 0.0364 0.0452 0.2555 0.0449 0.0186 0.3650 0.0805 
     D237280  5 0.0478 0.0172 0.0224 0.0618 0.7100 0.0238 0.0353 0.0504 0.0313 
     D237281  5 0.0199 0.2076 0.0251 0.0501 0.0217 0.4971 0.0284 0.1206 0.0295 
     D237351  5 0.0207 0.0157 0.0184 0.0143 0.8384 0.0286 0.0250 0.0212 0.0176 
     D237352  5 0.3224 0.0869 0.0623 0.0545 0.0497 0.0400 0.0484 0.0936 0.2421 
     D237353  5 0.0154 0.0182 0.0253 0.0186 0.1747 0.0520 0.6243 0.0329 0.0386 
     D237359  5 0.1283 0.0247 0.0703 0.0475 0.0625 0.3996 0.0822 0.1262 0.0586 
     D237361  5 0.0137 0.0210 0.0268 0.0188 0.0534 0.0268 0.8026 0.0198 0.0172 
     D237362  5 0.0551 0.0513 0.0752 0.1328 0.3481 0.0885 0.0768 0.1194 0.0529 
     D237363  5 0.0386 0.0812 0.0653 0.0410 0.0424 0.0497 0.0536 0.6059 0.0224 
     D237364  5 0.1078 0.1251 0.1340 0.0893 0.0423 0.1690 0.0179 0.1617 0.1529 
     D237376  5 0.0162 0.0391 0.5819 0.0153 0.0197 0.0354 0.0801 0.0364 0.1760 
     D237377  5 0.0359 0.0537 0.0241 0.0883 0.5063 0.0354 0.0823 0.1265 0.0475 
     D237378  5 0.0402 0.0865 0.1118 0.0246 0.0458 0.0937 0.4241 0.0723 0.1010 
     D237379  5 0.0549 0.0545 0.1353 0.0332 0.0282 0.0666 0.2499 0.1018 0.2756 
     D237380  5 0.0593 0.0186 0.2070 0.0287 0.3826 0.0186 0.0644 0.0865 0.1344 
     D237381  5 0.1760 0.0860 0.0979 0.0355 0.1847 0.0512 0.0580 0.1417 0.1691 
     D237391  5 0.0212 0.0154 0.0165 0.0251 0.0222 0.0629 0.7876 0.0268 0.0222 
     D237392  5 0.0407 0.2282 0.1142 0.2846 0.0525 0.0383 0.0247 0.1211 0.0956 
     D237393  5 0.0534 0.0640 0.0400 0.2568 0.2511 0.0471 0.1853 0.0633 0.0390 
     D237394  5 0.0188 0.0107 0.0155 0.0248 0.0370 0.0194 0.8263 0.0208 0.0267 
     D237395  5 0.0605 0.0779 0.1994 0.0384 0.1104 0.1474 0.2601 0.0801 0.0256 
     D237396  5 0.0948 0.0978 0.0177 0.2613 0.0462 0.1050 0.1665 0.1472 0.0635 
     D244016  5 0.0247 0.0385 0.0881 0.0231 0.1154 0.0686 0.1758 0.2422 0.2236 
     D244018  5 0.0687 0.2939 0.0317 0.0744 0.0328 0.1175 0.2370 0.1159 0.0281 
     D244019  5 0.0241 0.1257 0.1037 0.0875 0.1896 0.1102 0.0431 0.2286 0.0875 
        D279  5 0.0318 0.0494 0.0309 0.0297 0.0603 0.5946 0.0483 0.1007 0.0543 
        D280  5 0.0915 0.0433 0.0639 0.0859 0.1720 0.1391 0.1455 0.2304 0.0283 
        D281  5 0.0168 0.1150 0.0666 0.0284 0.0214 0.5226 0.0702 0.1241 0.0349 
        D283  5 0.0242 0.0281 0.0214 0.1247 0.1333 0.1467 0.3696 0.1210 0.0311 
        D284  5 0.2579 0.0400 0.2744 0.0593 0.0539 0.1185 0.0289 0.1319 0.0351 
        D285  5 0.0346 0.0219 0.0563 0.0671 0.0550 0.2692 0.3466 0.0921 0.0573 
        D286  5 0.0673 0.0377 0.2463 0.0875 0.0422 0.1003 0.1878 0.1097 0.1213 
        D287  5 0.0343 0.0383 0.5360 0.0138 0.0390 0.0290 0.1020 0.0547 0.1529 
        D288  5 0.0322 0.0320 0.0324 0.1574 0.2759 0.2132 0.0486 0.1835 0.0248 
        D308  5 0.0255 0.0185 0.0355 0.1021 0.6996 0.0269 0.0251 0.0416 0.0250 
        D309  5 0.0328 0.0149 0.0197 0.0182 0.0169 0.0144 0.0146 0.0236 0.8448 
        D310  5 0.0137 0.0158 0.0374 0.0205 0.0373 0.0413 0.6266 0.1893 0.0180 
        D311  5 0.0397 0.0358 0.1961 0.1403 0.0700 0.0757 0.0964 0.2254 0.1206 
        D312  5 0.0871 0.0544 0.1505 0.1011 0.0751 0.0759 0.1445 0.1040 0.2074 
        D313  5 0.3608 0.0123 0.0263 0.0161 0.5021 0.0162 0.0262 0.0275 0.0126 
        D314  5 0.0549 0.0765 0.1618 0.0279 0.1086 0.2553 0.0752 0.1775 0.0622 
        D315  5 0.0748 0.0563 0.0954 0.1975 0.1315 0.0456 0.2338 0.1102 0.0548 
        D317  5 0.0213 0.0175 0.0353 0.0501 0.0244 0.0510 0.7564 0.0291 0.0148 
        D318  5 0.1435 0.1098 0.0889 0.0961 0.0560 0.0770 0.0651 0.1901 0.1736 
        D319  5 0.0195 0.0187 0.0333 0.0338 0.0733 0.0535 0.7032 0.0488 0.0159 
        D320  5 0.0319 0.0172 0.0544 0.0264 0.0526 0.0621 0.6521 0.0431 0.0603 
        D321  5 0.0251 0.0102 0.0149 0.0559 0.7020 0.0996 0.0419 0.0334 0.0170 
        D336  5 0.0219 0.0161 0.2449 0.0244 0.0187 0.0246 0.5464 0.0520 0.0510 
        D337  5 0.0155 0.0158 0.0209 0.0233 0.0247 0.0666 0.7709 0.0305 0.0318 
        D338  5 0.0461 0.0637 0.0847 0.1910 0.0481 0.2269 0.1487 0.1325 0.0583 
        D339  5 0.0287 0.0433 0.0438 0.0520 0.1012 0.1277 0.4842 0.0971 0.0220 
        D347  5 0.0244 0.0936 0.3665 0.1137 0.0252 0.1064 0.0414 0.1571 0.0717 
        D348  5 0.0214 0.0221 0.0348 0.0284 0.0196 0.0584 0.6392 0.0567 0.1195 
        D349  5 0.0103 0.0118 0.0148 0.0137 0.8882 0.0155 0.0174 0.0141 0.0141 
        D350  5 0.0158 0.0174 0.0187 0.0167 0.0152 0.0227 0.0163 0.0232 0.8538 
        D355  5 0.0169 0.0542 0.0641 0.0818 0.0296 0.4634 0.0214 0.1916 0.0769 
        D356  5 0.1451 0.0274 0.1409 0.2106 0.0405 0.0878 0.2068 0.0842 0.0566 
        D357  5 0.0430 0.0401 0.3315 0.0526 0.0661 0.1001 0.0874 0.2140 0.0651 
        D358  5 0.0595 0.0557 0.0849 0.0411 0.0448 0.0464 0.3497 0.1372 0.1808 
        D359  5 0.0190 0.0175 0.0252 0.2409 0.0591 0.0657 0.3708 0.1073 0.0946 
        D360  5 0.1518 0.0231 0.0930 0.1059 0.0344 0.0703 0.4238 0.0567 0.0409 
        D361  5 0.0144 0.0184 0.0228 0.0234 0.8521 0.0158 0.0166 0.0233 0.0134 
        D366  5 0.0306 0.3451 0.0212 0.4765 0.0196 0.0208 0.0246 0.0419 0.0198 
        D367  5 0.0269 0.0195 0.0992 0.0281 0.0705 0.0900 0.3827 0.1825 0.1006 
        D368  5 0.0249 0.0168 0.0515 0.0662 0.5527 0.0598 0.0919 0.0951 0.0412 
        D380  5 0.0632 0.0399 0.0410 0.0274 0.0565 0.0458 0.0267 0.1264 0.5729 
        D381  5 0.0255 0.0256 0.0279 0.0543 0.0409 0.1773 0.4375 0.1521 0.0590 
        D400  5 0.0499 0.0827 0.1856 0.0696 0.0448 0.1966 0.1755 0.0946 0.1007 
        D411  5 0.6825 0.0371 0.1191 0.0218 0.0345 0.0281 0.0121 0.0447 0.0202 
        D412  5 0.0862 0.1308 0.0982 0.0632 0.0958 0.1131 0.0557 0.3067 0.0503 
        D413  5 0.0758 0.5474 0.0367 0.0828 0.0351 0.0440 0.0285 0.0795 0.0703 
        D414  5 0.0197 0.0699 0.0579 0.0240 0.0231 0.0759 0.0188 0.0631 0.6476 
        D420  5 0.2741 0.0294 0.2141 0.0221 0.0341 0.3040 0.0286 0.0721 0.0215 
        D431  5 0.0551 0.0572 0.2298 0.0184 0.2574 0.1026 0.0298 0.0847 0.1650 
        D432  5 0.0569 0.0819 0.0433 0.0666 0.0537 0.0718 0.4929 0.0919 0.0411 
        D433  5 0.0218 0.0392 0.0588 0.0518 0.1817 0.1463 0.4001 0.0757 0.0246 
        D434  5 0.0421 0.0252 0.0827 0.0753 0.1390 0.0939 0.3697 0.1266 0.0454 
        D440  5 0.0156 0.0139 0.0274 0.0185 0.0229 0.0223 0.0203 0.0288 0.8302 
        D447  5 0.1570 0.0644 0.0739 0.2574 0.0227 0.0293 0.0255 0.2178 0.1520 
        D448  5 0.0235 0.0401 0.2970 0.0507 0.0393 0.0970 0.2880 0.1219 0.0425 
        D459  5 0.0187 0.2195 0.0317 0.0748 0.0188 0.4897 0.0316 0.0507 0.0644 
        D460  5 0.0156 0.0140 0.0134 0.0388 0.8276 0.0183 0.0372 0.0167 0.0183 
        D461  5 0.0181 0.0141 0.0143 0.0431 0.0224 0.0180 0.0188 0.0262 0.8250 
        D468  5 0.0509 0.0456 0.2402 0.1613 0.2033 0.0387 0.0798 0.1344 0.0457 
        D469  5 0.0758 0.0301 0.0619 0.4474 0.1311 0.0494 0.0677 0.0645 0.0723 
        D470  5 0.1774 0.0355 0.2482 0.0697 0.0796 0.0731 0.0633 0.1777 0.0754 
        D471  5 0.0153 0.0337 0.1821 0.0599 0.0367 0.1414 0.3968 0.0807 0.0533 
        D472  5 0.0209 0.0887 0.0145 0.6573 0.0320 0.0916 0.0283 0.0445 0.0220 
        D479  5 0.0228 0.6692 0.0714 0.0282 0.0273 0.0202 0.0211 0.0434 0.0964 
        D485  5 0.0444 0.0509 0.4912 0.0230 0.0283 0.0299 0.0326 0.0531 0.2466 
        D486  5 0.1072 0.0452 0.4510 0.0855 0.0773 0.0278 0.0547 0.1128 0.0386 
        D487  5 0.0291 0.0836 0.0522 0.0340 0.0375 0.4032 0.1348 0.1146 0.1110 
        D555  5 0.0242 0.0622 0.0392 0.0236 0.0226 0.0391 0.7423 0.0299 0.0169 
        D556  5 0.0358 0.0316 0.0676 0.0316 0.3198 0.1959 0.0730 0.0683 0.1763 
