        D174  1 0.0487 0.1101 0.0765 0.1071 0.4708 0.1868 
        D199  1 0.2415 0.1433 0.2852 0.0910 0.1694 0.0696 
        D203  1 0.2369 0.1002 0.2947 0.1051 0.1004 0.1627 
        D204  1 0.0307 0.0390 0.8174 0.0649 0.0227 0.0254 
     D237366  1 0.0697 0.1571 0.0948 0.1359 0.0603 0.4822 
     D237367  1 0.0611 0.2072 0.3083 0.0720 0.0527 0.2987 
     D237368  1 0.0745 0.1302 0.1943 0.0701 0.1484 0.3825 
     D244101  1 0.1765 0.1187 0.4887 0.1593 0.0275 0.0292 
     D244102  1 0.0745 0.1128 0.1163 0.4557 0.0879 0.1528 
     D244103  1 0.0463 0.4628 0.1555 0.1038 0.0615 0.1700 
     D244104  1 0.0490 0.0519 0.6685 0.0252 0.1587 0.0467 
     D244105  1 0.0431 0.1979 0.1107 0.0532 0.0359 0.5592 
     D244106  1 0.1622 0.1451 0.0763 0.0752 0.4888 0.0524 
     D244107  1 0.0838 0.2576 0.1417 0.0644 0.0485 0.4040 
     D244108  1 0.0485 0.0664 0.1235 0.1268 0.5217 0.1131 
     D244113  1 0.0309 0.0570 0.0303 0.5461 0.3002 0.0355 
     D244114  1 0.1108 0.4145 0.1062 0.1447 0.1247 0.0992 
     D244115  1 0.0407 0.1705 0.1210 0.0551 0.4853 0.1274 
     D267365  1 0.0719 0.0791 0.4265 0.0788 0.2726 0.0711 
        D404  1 0.0369 0.0641 0.0420 0.6098 0.2148 0.0323 
        D405  1 0.0818 0.0855 0.1294 0.5501 0.0860 0.0672 
        D406  1 0.0264 0.0376 0.0929 0.0437 0.0604 0.7389 
        D407  1 0.0513 0.2544 0.4752 0.0294 0.0347 0.1551 
        D408  1 0.0791 0.1184 0.0783 0.1162 0.5652 0.0428 
        D409  1 0.0537 0.6524 0.1106 0.0696 0.0570 0.0567 
        D410  1 0.0182 0.0824 0.1108 0.0460 0.3270 0.4155 
        D421  1 0.0453 0.0522 0.8205 0.0136 0.0415 0.0269 
        D422  1 0.0253 0.0777 0.0730 0.0239 0.0248 0.7752 
        D423  1 0.0459 0.1291 0.1008 0.0339 0.1926 0.4977 
        D424  1 0.0217 0.2526 0.5569 0.0307 0.0481 0.0900 
        D425  1 0.0377 0.1339 0.4706 0.1171 0.1867 0.0540 
        D426  1 0.0812 0.7617 0.0505 0.0297 0.0335 0.0434 
        D427  1 0.4543 0.0406 0.1786 0.0207 0.2646 0.0411 
        D428  1 0.0537 0.1464 0.3738 0.1463 0.1812 0.0986 
        D429  1 0.0591 0.1294 0.4174 0.1057 0.2076 0.0808 
        D430  1 0.1566 0.3529 0.1022 0.1055 0.1900 0.0928 
        D491  1 0.0243 0.0641 0.1259 0.0546 0.6977 0.0334 
        D492  1 0.0553 0.2375 0.3033 0.1390 0.1407 0.1241 
        D537  1 0.0278 0.0988 0.6480 0.0957 0.0409 0.0889 
        D538  1 0.0803 0.2694 0.0809 0.1962 0.1958 0.1774 
        D539  1 0.1529 0.1151 0.0767 0.2263 0.2663 0.1628 
        D540  1 0.0570 0.3072 0.3533 0.0623 0.1110 0.1091 
        D541  1 0.0280 0.0275 0.8719 0.0203 0.0264 0.0260 
        D551  1 0.2179 0.5614 0.0668 0.0389 0.0404 0.0745 
        D552  1 0.0481 0.1163 0.2606 0.0442 0.3371 0.1938 
        D553  1 0.0197 0.0415 0.8509 0.0199 0.0400 0.0280 
        D615  1 0.1157 0.1169 0.4359 0.0569 0.1747 0.0998 
        D616  1 0.1342 0.2557 0.3053 0.0355 0.1225 0.1469 
        D621  1 0.0317 0.0866 0.0393 0.1890 0.1810 0.4724 
        D622  1 0.0314 0.0838 0.0661 0.0580 0.0726 0.6881 
        D623  1 0.1264 0.0566 0.0443 0.5188 0.2181 0.0358 
        D624  1 0.0275 0.0737 0.0431 0.0308 0.7782 0.0467 
        D625  1 0.0224 0.0748 0.6719 0.0545 0.0941 0.0822 
        D626  1 0.0481 0.0753 0.1002 0.0773 0.5245 0.1747 
        D627  1 0.0613 0.6784 0.0842 0.0337 0.0457 0.0967 
        D690  1 0.0160 0.0305 0.7772 0.0257 0.1018 0.0489 
        D691  1 0.0280 0.0565 0.0919 0.0235 0.0494 0.7508 
        D710  1 0.0449 0.1584 0.3631 0.1157 0.2384 0.0794 
        D711  1 0.0292 0.0521 0.7589 0.0544 0.0490 0.0564 
        D712  1 0.0734 0.0829 0.0632 0.1348 0.5655 0.0802 
        D713  1 0.0268 0.1453 0.1794 0.4180 0.1310 0.0995 
        D746  1 0.0298 0.0507 0.0975 0.0246 0.0434 0.7541 
        D747  1 0.0323 0.0222 0.8836 0.0208 0.0215 0.0196 
        D748  1 0.0278 0.1047 0.3825 0.0591 0.0662 0.3598 
        D749  1 0.0663 0.2297 0.0448 0.1358 0.1218 0.4016 
        D750  1 0.0280 0.0625 0.1927 0.0456 0.6092 0.0621 
        D763  1 0.2530 0.2387 0.1984 0.1464 0.0436 0.1200 
        D764  1 0.0233 0.0657 0.4449 0.0231 0.3661 0.0768 
        D765  1 0.0304 0.0907 0.0737 0.0429 0.4066 0.3556 
        D766  1 0.0298 0.1197 0.2411 0.1186 0.1230 0.3678 
        D767  1 0.0775 0.1005 0.1413 0.4491 0.0458 0.1858 
        D768  1 0.0287 0.0517 0.8282 0.0214 0.0254 0.0447 
        D811  1 0.0326 0.1616 0.0580 0.3461 0.3377 0.0640 
        D816  1 0.0185 0.0446 0.8428 0.0270 0.0402 0.0269 
        D825  1 0.0264 0.2006 0.1591 0.1197 0.3873 0.1069 
        D866  1 0.3140 0.1292 0.0764 0.0482 0.3659 0.0663 
        D867  1 0.0434 0.0979 0.0388 0.0980 0.0297 0.6922 
        D871  1 0.0309 0.6904 0.1074 0.0561 0.0600 0.0552 
        D872  1 0.0564 0.0953 0.3984 0.1933 0.0850 0.1716 
        D873  1 0.0231 0.0641 0.0178 0.1494 0.2675 0.4780 
        D874  1 0.0488 0.0783 0.2919 0.4074 0.1481 0.0254 
        D875  1 0.0200 0.7353 0.0700 0.0411 0.0390 0.0946 
        D876  1 0.0327 0.0798 0.5518 0.0917 0.1524 0.0916 
        D877  1 0.0272 0.1333 0.0484 0.6206 0.1459 0.0246 
        D892  1 0.0263 0.1142 0.3335 0.1064 0.1690 0.2505 
        D893  1 0.0594 0.1195 0.5934 0.0664 0.0424 0.1189 
        D894  1 0.0465 0.1396 0.6090 0.0393 0.1017 0.0638 
        D915  1 0.0342 0.0907 0.5871 0.0369 0.0818 0.1692 
        D916  1 0.0236 0.0283 0.8597 0.0154 0.0416 0.0314 
        D917  1 0.1033 0.1483 0.2164 0.1777 0.3164 0.0379 
        D925  1 0.0306 0.0492 0.1770 0.0322 0.4213 0.2897 
        D926  1 0.0391 0.2217 0.4486 0.0672 0.1258 0.0975 
        D927  1 0.2974 0.1650 0.3453 0.0638 0.0716 0.0568 
        D928  1 0.0236 0.0295 0.1003 0.0718 0.7541 0.0207 
        D929  1 0.0321 0.0753 0.0608 0.6524 0.0621 0.1172 
        D936  1 0.0666 0.0701 0.6822 0.1083 0.0422 0.0307 
        D938  1 0.0204 0.0441 0.0441 0.0541 0.0508 0.7865 
        D956  1 0.0413 0.0565 0.0362 0.0949 0.7295 0.0416 
        D957  1 0.0459 0.0778 0.2859 0.2181 0.0830 0.2894 
        D958  1 0.0255 0.1085 0.3500 0.1118 0.2132 0.1909 
        D959  1 0.0397 0.2866 0.4829 0.0243 0.0311 0.1354 
        D960  1 0.0269 0.0513 0.0473 0.1395 0.0438 0.6913 
        D989  1 0.1731 0.0712 0.1028 0.0769 0.5307 0.0453 
        D990  1 0.0746 0.0733 0.0265 0.0296 0.3377 0.4583 
        D023  2 0.0275 0.1392 0.1643 0.0234 0.0362 0.6094 
        D130  2 0.0397 0.0586 0.0856 0.0648 0.0241 0.7272 
        D131  2 0.1015 0.3688 0.3266 0.0642 0.0644 0.0745 
        D163  2 0.0268 0.0938 0.1029 0.0336 0.0724 0.6706 
        D164  2 0.5054 0.0466 0.0320 0.0281 0.1188 0.2691 
        D165  2 0.0374 0.1001 0.1049 0.0236 0.0509 0.6831 
        D166  2 0.0639 0.3070 0.0598 0.4069 0.0331 0.1293 
        D167  2 0.8173 0.0361 0.0251 0.0623 0.0340 0.0252 
        D192  2 0.8778 0.0255 0.0172 0.0334 0.0260 0.0200 
        D193  2 0.0526 0.0783 0.0373 0.6719 0.0982 0.0618 
        D206  2 0.2015 0.2659 0.1919 0.1301 0.0447 0.1660 
        D207  2 0.5979 0.1808 0.0668 0.0845 0.0298 0.0403 
        D208  2 0.2529 0.1043 0.0901 0.1257 0.3330 0.0941 
        D209  2 0.2096 0.3833 0.0802 0.1956 0.0477 0.0837 
        D210  2 0.2502 0.0610 0.1231 0.0441 0.4777 0.0439 
     D229599  2 0.1220 0.1846 0.2366 0.2074 0.1082 0.1411 
     D229600  2 0.2654 0.1019 0.0498 0.0594 0.0327 0.4909 
     D237227  2 0.0939 0.0937 0.0610 0.0464 0.6153 0.0897 
     D237228  2 0.0931 0.1529 0.0241 0.0702 0.5112 0.1485 
     D237258  2 0.2337 0.1806 0.1023 0.1641 0.1641 0.1553 
     D237310  2 0.0735 0.1914 0.0272 0.2046 0.1934 0.3100 
     D237311  2 0.2038 0.0954 0.0262 0.0794 0.1878 0.4075 
     D237312  2 0.0307 0.1342 0.0390 0.3729 0.1028 0.3204 
     D237313  2 0.0490 0.1791 0.2392 0.1280 0.2704 0.1343 
     D237322  2 0.2199 0.2697 0.0624 0.1859 0.1678 0.0944 
     D237323  2 0.0568 0.0527 0.0285 0.0830 0.4275 0.3515 
     D237324  2 0.2549 0.2991 0.0991 0.0316 0.0256 0.2898 
     D237325  2 0.0745 0.1017 0.0629 0.1904 0.1516 0.4189 
     D237326  2 0.0490 0.0794 0.1597 0.0805 0.2943 0.3372 
     D237327  2 0.3760 0.2525 0.1061 0.0827 0.0747 0.1081 
     D237337  2 0.0253 0.0826 0.0669 0.0539 0.3511 0.4202 
     D237338  2 0.1291 0.1504 0.0700 0.1192 0.1737 0.3577 
     D237339  2 0.2520 0.1350 0.1899 0.3516 0.0303 0.0412 
     D237340  2 0.2234 0.0748 0.0325 0.2061 0.1970 0.2662 
     D237389  2 0.0949 0.1276 0.0367 0.2330 0.1227 0.3851 
     D237390  2 0.0452 0.1125 0.0931 0.2629 0.1584 0.3279 
     D244017  2 0.2876 0.1495 0.0456 0.1589 0.3039 0.0545 
     D244112  2 0.7623 0.0578 0.0242 0.0482 0.0285 0.0790 
     D244118  2 0.4942 0.0426 0.0237 0.0559 0.0400 0.3435 
     D244119  2 0.2779 0.0368 0.0304 0.0334 0.5945 0.0271 
     D244120  2 0.4737 0.0720 0.0230 0.3443 0.0492 0.0378 
     D244122  2 0.6465 0.0597 0.0457 0.1034 0.0640 0.0807 
        D291  2 0.3672 0.2970 0.1158 0.0573 0.0479 0.1147 
        D292  2 0.3952 0.0740 0.2449 0.0803 0.1587 0.0468 
        D293  2 0.5976 0.0901 0.2431 0.0316 0.0197 0.0179 
        D322  2 0.4489 0.1450 0.2614 0.0721 0.0300 0.0426 
        D323  2 0.1316 0.2747 0.1399 0.3127 0.0678 0.0734 
        D324  2 0.2018 0.2440 0.2649 0.0383 0.1266 0.1245 
        D325  2 0.8274 0.0605 0.0509 0.0183 0.0146 0.0283 
        D326  2 0.0250 0.0506 0.8422 0.0250 0.0362 0.0209 
        D340  2 0.8634 0.0298 0.0350 0.0217 0.0265 0.0236 
        D341  2 0.6896 0.0607 0.0585 0.0436 0.0689 0.0788 
        D342  2 0.5310 0.1964 0.0328 0.0585 0.0356 0.1456 
        D343  2 0.9110 0.0239 0.0238 0.0129 0.0127 0.0156 
        D344  2 0.0521 0.1762 0.1787 0.5199 0.0334 0.0397 
        D345  2 0.0729 0.1561 0.3767 0.0947 0.1537 0.1458 
        D346  2 0.1037 0.0843 0.1037 0.0787 0.5845 0.0450 
        D351  2 0.1164 0.2280 0.4006 0.1136 0.0406 0.1008 
        D352  2 0.0600 0.1792 0.0554 0.5874 0.0802 0.0379 
        D353  2 0.0460 0.5408 0.2807 0.0791 0.0254 0.0279 
        D354  2 0.0257 0.0847 0.1432 0.6062 0.0939 0.0463 
        D362  2 0.0358 0.0602 0.7339 0.0319 0.0611 0.0773 
        D363  2 0.0353 0.0631 0.7093 0.0392 0.1127 0.0405 
        D364  2 0.0350 0.0974 0.4389 0.2881 0.0835 0.0570 
        D365  2 0.8421 0.0322 0.0593 0.0238 0.0233 0.0193 
        D369  2 0.2160 0.1294 0.2884 0.0376 0.2483 0.0804 
        D374  2 0.0289 0.0404 0.0259 0.6247 0.2517 0.0286 
        D375  2 0.0208 0.0588 0.0470 0.8096 0.0232 0.0405 
        D376  2 0.0423 0.0449 0.0263 0.5654 0.2879 0.0333 
        D377  2 0.1013 0.1778 0.0658 0.3138 0.1861 0.1552 
        D378  2 0.2313 0.2206 0.3738 0.0696 0.0380 0.0667 
        D379  2 0.0342 0.0875 0.7183 0.0612 0.0468 0.0519 
        D384  2 0.0279 0.0371 0.8192 0.0236 0.0703 0.0219 
        D385  2 0.7088 0.0590 0.0332 0.1359 0.0372 0.0259 
        D386  2 0.0746 0.1853 0.3951 0.2338 0.0317 0.0795 
        D391  2 0.7735 0.0495 0.0789 0.0440 0.0246 0.0294 
        D392  2 0.5857 0.0793 0.1028 0.0399 0.1320 0.0602 
        D393  2 0.1581 0.0763 0.5775 0.0723 0.0479 0.0678 
        D394  2 0.0782 0.2016 0.1704 0.2077 0.0774 0.2647 
        D395  2 0.3252 0.1901 0.0526 0.3681 0.0259 0.0381 
        D401  2 0.0512 0.1055 0.0377 0.0604 0.3582 0.3869 
        D402  2 0.8323 0.0413 0.0414 0.0338 0.0276 0.0234 
        D403  2 0.0501 0.3407 0.2792 0.1314 0.0327 0.1659 
        D415  2 0.0250 0.2580 0.5719 0.0396 0.0255 0.0799 
        D435  2 0.2110 0.0772 0.5938 0.0351 0.0302 0.0528 
        D436  2 0.0459 0.1212 0.1847 0.4852 0.0762 0.0868 
        D438  2 0.8621 0.0377 0.0213 0.0248 0.0303 0.0236 
        D439  2 0.1106 0.2928 0.1899 0.2739 0.0349 0.0979 
        D449  2 0.3937 0.3616 0.1329 0.0377 0.0323 0.0418 
        D450  2 0.0456 0.2381 0.1957 0.1969 0.2301 0.0936 
        D456  2 0.0215 0.0693 0.8358 0.0164 0.0287 0.0283 
        D462  2 0.7650 0.0547 0.0860 0.0456 0.0197 0.0290 
        D463  2 0.0158 0.0371 0.8460 0.0363 0.0416 0.0232 
        D464  2 0.0578 0.3848 0.1468 0.3347 0.0446 0.0313 
        D465  2 0.3809 0.2105 0.2380 0.0584 0.0462 0.0661 
        D473  2 0.0630 0.0716 0.0485 0.1557 0.5459 0.1152 
        D474  2 0.1339 0.0689 0.6013 0.0232 0.1091 0.0637 
        D476  2 0.1388 0.0852 0.0970 0.1779 0.0262 0.4750 
        D477  2 0.0496 0.1035 0.5331 0.1521 0.1184 0.0433 
        D478  2 0.0734 0.2923 0.0787 0.2254 0.1599 0.1704 
        D480  2 0.1695 0.1183 0.4218 0.0935 0.1561 0.0408 
        D481  2 0.0756 0.1509 0.3744 0.1415 0.1618 0.0957 
        D482  2 0.1042 0.1380 0.0657 0.3867 0.1857 0.1197 
        D483  2 0.7796 0.0326 0.0357 0.0410 0.0735 0.0376 
        D484  2 0.0620 0.0428 0.0290 0.8045 0.0315 0.0302 
        D510  2 0.0791 0.0665 0.0457 0.3027 0.4697 0.0364 
        D511  2 0.1570 0.1299 0.3412 0.2567 0.0399 0.0754 
        D512  2 0.1434 0.3186 0.0434 0.1242 0.0565 0.3139 
        D513  2 0.5494 0.1527 0.1127 0.0581 0.0731 0.0540 
        D635  2 0.0418 0.1714 0.5291 0.0249 0.0600 0.1729 
        D636  2 0.0239 0.0537 0.0431 0.0228 0.0519 0.8046 
        D637  2 0.2447 0.1536 0.0741 0.3442 0.1048 0.0786 
        D658  2 0.4221 0.0564 0.0468 0.3005 0.0996 0.0745 
        D659  2 0.0434 0.0887 0.7132 0.0404 0.0476 0.0668 
        D677  2 0.1022 0.1178 0.3193 0.1205 0.0479 0.2922 
        D678  2 0.4855 0.2399 0.0358 0.1527 0.0287 0.0575 
        D679  2 0.0822 0.1519 0.5488 0.0579 0.0999 0.0593 
        D719  2 0.2164 0.0464 0.2337 0.0415 0.4387 0.0233 
        D720  2 0.0405 0.0676 0.7389 0.0332 0.0905 0.0293 
        D721  2 0.0672 0.1667 0.1229 0.0369 0.0537 0.5527 
        D722  2 0.0714 0.0628 0.0447 0.5601 0.2199 0.0410 
        D734  2 0.1886 0.1062 0.1110 0.2535 0.3092 0.0314 
        D735  2 0.0907 0.1995 0.3884 0.0627 0.1701 0.0886 
        D736  2 0.1703 0.1000 0.1141 0.0612 0.4876 0.0668 
        D737  2 0.5171 0.0655 0.0398 0.2267 0.0540 0.0969 
        D807  2 0.1271 0.0640 0.2435 0.0962 0.3929 0.0764 
        D808  2 0.2203 0.2701 0.1321 0.0847 0.0567 0.2360 
        D817  2 0.0310 0.1227 0.4628 0.2074 0.1044 0.0717 
        D818  2 0.3645 0.2670 0.1129 0.0587 0.0362 0.1608 
        D819  2 0.0616 0.2942 0.2886 0.1005 0.1022 0.1529 
        D820  2 0.0552 0.0442 0.7825 0.0668 0.0251 0.0262 
        D895  2 0.0389 0.1847 0.5206 0.0513 0.0810 0.1236 
        D896  2 0.0273 0.0410 0.0488 0.0443 0.3962 0.4423 
        D897  2 0.5825 0.1715 0.0566 0.0750 0.0482 0.0662 
        D898  2 0.0960 0.3300 0.0897 0.1889 0.1747 0.1208 
        D918  2 0.1483 0.2423 0.0798 0.1276 0.1123 0.2898 
        D919  2 0.1968 0.1860 0.2542 0.2897 0.0291 0.0442 
        D920  2 0.0340 0.0450 0.0395 0.0592 0.0607 0.7616 
        D923  2 0.0386 0.0942 0.7070 0.0929 0.0346 0.0327 
        D930  2 0.0651 0.2612 0.3041 0.1486 0.1651 0.0559 
        D931  2 0.1215 0.0951 0.4843 0.1809 0.0696 0.0485 
        D968  2 0.8718 0.0300 0.0349 0.0265 0.0204 0.0164 
        D969  2 0.2935 0.1150 0.3949 0.0500 0.1002 0.0464 
        D977  2 0.6827 0.1328 0.0581 0.0480 0.0298 0.0486 
        D978  2 0.3338 0.3891 0.0762 0.0919 0.0515 0.0576 
        D211  3 0.0518 0.1423 0.1086 0.0555 0.0456 0.5962 
     D229639  3 0.4459 0.0846 0.1105 0.0517 0.2593 0.0480 
     D237212  3 0.2127 0.1668 0.2269 0.1667 0.0670 0.1600 
     D237213  3 0.0744 0.2210 0.1604 0.1875 0.0725 0.2842 
     D237214  3 0.0249 0.3214 0.0559 0.0324 0.0377 0.5277 
     D237215  3 0.6926 0.0424 0.0236 0.1019 0.1152 0.0243 
     D237216  3 0.0378 0.6415 0.0848 0.0647 0.0419 0.1292 
     D237217  3 0.0579 0.2721 0.1567 0.0315 0.0360 0.4459 
     D237218  3 0.1949 0.1979 0.2135 0.1127 0.1052 0.1758 
     D237219  3 0.0746 0.1161 0.0644 0.0548 0.2944 0.3957 
     D237382  3 0.0723 0.2003 0.1644 0.2517 0.1708 0.1405 
     D244127  3 0.1806 0.1652 0.0511 0.0714 0.1011 0.4306 
     D244129  3 0.1181 0.2522 0.1950 0.1107 0.1181 0.2059 
     D244133  3 0.1611 0.2809 0.1572 0.0521 0.2477 0.1009 
     D244134  3 0.1412 0.0733 0.0587 0.0291 0.6050 0.0927 
     D244135  3 0.0618 0.1441 0.0712 0.0411 0.0248 0.6570 
     D244136  3 0.1387 0.1982 0.2213 0.1039 0.2570 0.0809 
        D416  3 0.1744 0.3048 0.2103 0.0748 0.0856 0.1501 
        D417  3 0.0316 0.0742 0.6886 0.0649 0.0463 0.0944 
        D419  3 0.1919 0.1429 0.2014 0.0756 0.1694 0.2188 
        D565  3 0.0259 0.0365 0.0746 0.0305 0.8087 0.0238 
        D566  3 0.2517 0.1192 0.0667 0.0560 0.4669 0.0395 
        D567  3 0.0415 0.0672 0.6635 0.0712 0.0389 0.1176 
        D568  3 0.1590 0.1182 0.2493 0.1474 0.0366 0.2896 
        D569  3 0.1027 0.1939 0.0606 0.4978 0.0441 0.1008 
        D573  3 0.6650 0.0809 0.1521 0.0300 0.0400 0.0320 
        D574  3 0.0746 0.1758 0.0654 0.1196 0.4869 0.0776 
        D575  3 0.0911 0.1477 0.1756 0.0495 0.3614 0.1747 
        D576  3 0.7377 0.0716 0.0130 0.0942 0.0383 0.0452 
        D577  3 0.0408 0.1174 0.5780 0.0908 0.0534 0.1195 
        D578  3 0.0355 0.1840 0.0263 0.0260 0.0242 0.7040 
        D579  3 0.1752 0.1208 0.3095 0.0803 0.2237 0.0906 
        D660  3 0.3912 0.2707 0.0396 0.1176 0.0358 0.1451 
        D661  3 0.5093 0.2047 0.0629 0.0705 0.0304 0.1222 
        D663  3 0.6514 0.1361 0.0588 0.0885 0.0274 0.0378 
        D664  3 0.1673 0.1808 0.0311 0.1123 0.1522 0.3563 
        D665  3 0.0502 0.4518 0.0334 0.1862 0.0256 0.2528 
        D666  3 0.0542 0.1286 0.1519 0.0816 0.3939 0.1898 
        D009  4 0.0347 0.1843 0.1700 0.1839 0.0448 0.3824 
        D057  4 0.2869 0.0493 0.1071 0.1507 0.0538 0.3522 
        D109  4 0.0373 0.2714 0.0754 0.0726 0.2023 0.3411 
     D237222  4 0.0439 0.0735 0.0652 0.1069 0.1260 0.5847 
     D237223  4 0.1317 0.1685 0.0647 0.1389 0.1134 0.3828 
     D237224  4 0.2945 0.1182 0.2644 0.1886 0.0648 0.0695 
     D237225  4 0.0562 0.3655 0.1689 0.1098 0.0651 0.2345 
     D237299  4 0.0685 0.5282 0.0297 0.1202 0.0830 0.1704 
     D237300  4 0.6904 0.0989 0.0329 0.0480 0.0813 0.0484 
     D237306  4 0.0543 0.0853 0.1149 0.2076 0.4468 0.0911 
     D237307  4 0.0703 0.1166 0.3762 0.0747 0.2751 0.0872 
     D237308  4 0.3718 0.1112 0.0906 0.1616 0.1335 0.1313 
     D237309  4 0.0755 0.2128 0.2576 0.1337 0.0549 0.2655 
     D237317  4 0.0461 0.1444 0.1689 0.0675 0.4958 0.0773 
     D237318  4 0.8152 0.0739 0.0308 0.0271 0.0314 0.0216 
     D237319  4 0.0676 0.2781 0.1165 0.1284 0.0660 0.3434 
     D237320  4 0.2041 0.1362 0.1195 0.0418 0.0583 0.4401 
     D237321  4 0.5644 0.1240 0.0852 0.0450 0.1148 0.0665 
     D237397  4 0.2306 0.1190 0.1040 0.0898 0.1836 0.2729 
     D237398  4 0.4456 0.2503 0.1433 0.0435 0.0338 0.0835 
     D237399  4 0.1508 0.1172 0.1958 0.0954 0.2777 0.1632 
     D244001  4 0.0842 0.1065 0.0719 0.1532 0.0378 0.5464 
        D289  4 0.1455 0.1131 0.2123 0.1533 0.3002 0.0757 
        D290  4 0.1041 0.2721 0.1356 0.3438 0.0526 0.0918 
        D294  4 0.0666 0.2911 0.1899 0.3293 0.0393 0.0838 
        D295  4 0.0596 0.0935 0.4248 0.1610 0.1186 0.1426 
        D301  4 0.0789 0.0438 0.0292 0.1128 0.0835 0.6517 
        D302  4 0.0309 0.0825 0.4087 0.3874 0.0323 0.0582 
        D303  4 0.0648 0.0754 0.0770 0.1554 0.5636 0.0638 
        D304  4 0.1234 0.3137 0.1197 0.2551 0.1162 0.0718 
        D305  4 0.0922 0.4141 0.0635 0.3575 0.0208 0.0518 
        D306  4 0.0351 0.5265 0.0606 0.2325 0.0774 0.0680 
        D307  4 0.0387 0.0440 0.0259 0.0581 0.0891 0.7443 
        D327  4 0.0642 0.1651 0.5338 0.1010 0.0753 0.0606 
        D328  4 0.0347 0.0692 0.0463 0.6467 0.1497 0.0534 
        D329  4 0.1711 0.2095 0.1520 0.2588 0.0651 0.1435 
        D330  4 0.0550 0.2054 0.3542 0.1409 0.0332 0.2113 
        D331  4 0.1390 0.1651 0.2156 0.1785 0.1747 0.1272 
        D333  4 0.1492 0.0937 0.1230 0.3326 0.1240 0.1775 
        D334  4 0.0306 0.1053 0.1804 0.0779 0.4767 0.1290 
        D335  4 0.0518 0.0710 0.4558 0.3437 0.0394 0.0383 
        D370  4 0.0491 0.0667 0.0702 0.5886 0.1031 0.1222 
        D371  4 0.0528 0.0717 0.1483 0.1045 0.5903 0.0323 
        D372  4 0.5633 0.2400 0.0253 0.0889 0.0523 0.0301 
        D373  4 0.1280 0.0967 0.0518 0.0610 0.0374 0.6251 
        D455  4 0.0533 0.0441 0.0504 0.0701 0.0447 0.7373 
        D490  4 0.0136 0.0290 0.0311 0.0388 0.0316 0.8558 
        D497  4 0.0343 0.0528 0.0273 0.0497 0.0395 0.7965 
        D498  4 0.1359 0.1712 0.0991 0.2350 0.2087 0.1500 
        D499  4 0.3208 0.2363 0.0542 0.1440 0.1965 0.0483 
        D514  4 0.0481 0.2029 0.4124 0.2384 0.0282 0.0699 
        D515  4 0.0460 0.2152 0.0663 0.1692 0.0466 0.4566 
        D516  4 0.1039 0.1313 0.2403 0.1005 0.1720 0.2521 
        D517  4 0.0816 0.1111 0.0879 0.0416 0.0356 0.6423 
        D518  4 0.0678 0.0866 0.1143 0.3798 0.0872 0.2643 
        D519  4 0.0918 0.1681 0.0968 0.0341 0.0477 0.5615 
        D560  4 0.1166 0.2257 0.1293 0.1203 0.0264 0.3818 
        D561  4 0.0575 0.5558 0.1467 0.0891 0.0230 0.1280 
        D562  4 0.1001 0.2624 0.1156 0.2753 0.0791 0.1675 
        D563  4 0.4264 0.1981 0.0871 0.1659 0.0351 0.0875 
        D572  4 0.0412 0.0754 0.2000 0.5466 0.0374 0.0994 
        D629  4 0.0569 0.1437 0.4384 0.0719 0.0509 0.2382 
        D630  4 0.0760 0.1570 0.1573 0.2583 0.0824 0.2689 
        D631  4 0.2426 0.1135 0.1139 0.3796 0.0427 0.1076 
        D632  4 0.1406 0.0993 0.0959 0.0953 0.0465 0.5224 
        D646  4 0.0984 0.1483 0.3129 0.0800 0.0490 0.3113 
        D647  4 0.0953 0.0761 0.4959 0.1230 0.0229 0.1867 
        D648  4 0.0273 0.0435 0.0240 0.8351 0.0407 0.0294 
        D649  4 0.0364 0.0992 0.5125 0.1353 0.0694 0.1473 
        D650  4 0.0535 0.1382 0.2801 0.1579 0.1828 0.1874 
        D708  4 0.0440 0.1909 0.0904 0.3345 0.2600 0.0802 
        D709  4 0.0497 0.2163 0.0687 0.5096 0.0945 0.0612 
        D738  4 0.0292 0.0588 0.1375 0.0780 0.5111 0.1854 
        D739  4 0.0416 0.1742 0.0640 0.2661 0.0453 0.4089 
        D740  4 0.1215 0.3408 0.0504 0.0734 0.2342 0.1798 
        D741  4 0.2030 0.2449 0.2214 0.0640 0.0251 0.2415 
        D742  4 0.4058 0.1412 0.0793 0.0838 0.1719 0.1181 
        D743  4 0.0731 0.0807 0.6261 0.1424 0.0321 0.0455 
        D744  4 0.1291 0.1859 0.2527 0.3261 0.0412 0.0651 
        D745  4 0.0363 0.1474 0.0450 0.0647 0.0343 0.6723 
        D814  4 0.2501 0.3977 0.0693 0.1512 0.0275 0.1042 
        D815  4 0.0527 0.0947 0.2708 0.4739 0.0640 0.0439 
        D828  4 0.0750 0.0973 0.0227 0.6710 0.0931 0.0410 
        D845  4 0.7300 0.0460 0.0480 0.0306 0.1109 0.0345 
        D846  4 0.1646 0.1755 0.1958 0.2796 0.0191 0.1652 
        D847  4 0.1116 0.1857 0.1420 0.0930 0.1840 0.2837 
        D848  4 0.2155 0.0772 0.0339 0.0509 0.0388 0.5836 
        D849  4 0.0440 0.1945 0.0714 0.1465 0.0329 0.5106 
        D850  4 0.1433 0.2575 0.2387 0.0468 0.1195 0.1942 
        D856  4 0.0526 0.4313 0.0900 0.1883 0.0665 0.1713 
        D857  4 0.0787 0.0736 0.0165 0.1540 0.2215 0.4557 
        D859  4 0.0996 0.1061 0.1634 0.5090 0.0489 0.0732 
        D860  4 0.2206 0.0726 0.1710 0.0924 0.4133 0.0302 
        D883  4 0.0534 0.0944 0.2949 0.1789 0.1411 0.2372 
        D884  4 0.0402 0.0952 0.1277 0.2356 0.1547 0.3466 
        D885  4 0.1506 0.4292 0.1613 0.0691 0.0431 0.1468 
        D886  4 0.0757 0.0915 0.1763 0.2015 0.0559 0.3992 
        D887  4 0.2861 0.1674 0.1569 0.1860 0.1127 0.0910 
        D889  4 0.2066 0.3296 0.0955 0.2777 0.0436 0.0468 
        D890  4 0.0761 0.1543 0.0976 0.3901 0.1461 0.1359 
        D891  4 0.8498 0.0482 0.0288 0.0205 0.0323 0.0204 
        D899  4 0.6029 0.0781 0.0687 0.0936 0.1169 0.0398 
        D900  4 0.1074 0.2060 0.2048 0.2214 0.1199 0.1406 
        D970  4 0.1189 0.1800 0.2849 0.2334 0.0840 0.0989 
        D971  4 0.4076 0.1578 0.1691 0.1325 0.0736 0.0594 
        D979  4 0.0354 0.0918 0.5502 0.2524 0.0363 0.0339 
        D093  5 0.0513 0.0631 0.0700 0.0712 0.6739 0.0704 
        D154  5 0.3375 0.2999 0.0553 0.1592 0.0841 0.0639 
        D168  5 0.2653 0.2920 0.1036 0.0857 0.0372 0.2162 
        D189  5 0.2074 0.1098 0.0601 0.1899 0.3572 0.0756 
        D190  5 0.0447 0.0350 0.0568 0.1267 0.7101 0.0268 
     D237220  5 0.0560 0.1688 0.0582 0.1217 0.1716 0.4236 
     D237221  5 0.2093 0.1068 0.1269 0.0800 0.4023 0.0746 
     D237274  5 0.0553 0.0955 0.5745 0.2075 0.0317 0.0355 
     D237275  5 0.7028 0.0993 0.0261 0.0869 0.0481 0.0368 
     D237276  5 0.0587 0.0820 0.1810 0.1500 0.3087 0.2196 
     D237277  5 0.1300 0.0521 0.0651 0.0681 0.6562 0.0284 
     D237278  5 0.2969 0.1386 0.0701 0.1017 0.2788 0.1139 
     D237279  5 0.0381 0.5402 0.0994 0.0456 0.0652 0.2115 
     D237280  5 0.0300 0.1427 0.2327 0.0733 0.2576 0.2638 
     D237281  5 0.8024 0.0638 0.0492 0.0320 0.0319 0.0207 
     D237351  5 0.0273 0.0680 0.0644 0.0333 0.4943 0.3127 
     D237352  5 0.0545 0.1228 0.2086 0.1681 0.0882 0.3578 
     D237353  5 0.0326 0.0259 0.0337 0.0546 0.8288 0.0243 
     D237359  5 0.0848 0.2247 0.0967 0.1356 0.1179 0.3403 
     D237361  5 0.0283 0.0407 0.0270 0.0453 0.8340 0.0247 
     D237362  5 0.0883 0.1951 0.2642 0.1255 0.2401 0.0869 
     D237363  5 0.1124 0.6938 0.0446 0.0508 0.0572 0.0412 
     D237364  5 0.1752 0.2256 0.1353 0.2015 0.0263 0.2362 
     D237376  5 0.0422 0.0387 0.0164 0.7925 0.0839 0.0264 
     D237377  5 0.0406 0.1385 0.3035 0.0372 0.3430 0.1372 
     D237378  5 0.1134 0.0751 0.0344 0.3673 0.3405 0.0693 
     D237379  5 0.0602 0.1282 0.0581 0.4914 0.1890 0.0732 
     D237380  5 0.0193 0.0600 0.0456 0.4209 0.1614 0.2927 
     D237381  5 0.0722 0.1033 0.0858 0.1641 0.1483 0.4262 
     D237391  5 0.0276 0.0452 0.0637 0.0286 0.8005 0.0344 
     D237392  5 0.1547 0.1413 0.4034 0.1904 0.0417 0.0684 
     D237393  5 0.0714 0.0600 0.3930 0.0576 0.3512 0.0668 
     D237394  5 0.0173 0.0423 0.0380 0.0404 0.8324 0.0298 
     D237395  5 0.1032 0.1833 0.0627 0.1080 0.4139 0.1289 
     D237396  5 0.0839 0.1077 0.4855 0.0275 0.2241 0.0714 
     D244016  5 0.1169 0.3476 0.0982 0.1399 0.2605 0.0370 
     D244018  5 0.3751 0.1457 0.0850 0.0449 0.2376 0.1117 
     D244019  5 0.1253 0.3490 0.2056 0.1629 0.1067 0.0505 
        D279  5 0.3060 0.2886 0.0651 0.1001 0.1167 0.1235 
        D280  5 0.1250 0.1863 0.1074 0.0492 0.4151 0.1170 
        D281  5 0.6545 0.1632 0.0395 0.0589 0.0547 0.0292 
        D283  5 0.0554 0.0594 0.1681 0.0306 0.6452 0.0412 
        D284  5 0.0764 0.3284 0.0856 0.1119 0.0548 0.3429 
        D285  5 0.0711 0.1390 0.1360 0.1048 0.4966 0.0525 
        D286  5 0.0600 0.1465 0.1475 0.2918 0.2368 0.1174 
        D287  5 0.0392 0.0778 0.0245 0.6434 0.1654 0.0497 
        D288  5 0.1686 0.2028 0.2624 0.0555 0.2644 0.0463 
        D308  5 0.0311 0.0680 0.1664 0.0371 0.3630 0.3343 
        D309  5 0.0289 0.1262 0.4479 0.3170 0.0321 0.0479 
        D310  5 0.0307 0.1716 0.0313 0.0607 0.6824 0.0233 
        D311  5 0.0387 0.2225 0.1498 0.4318 0.1024 0.0548 
        D312  5 0.0701 0.1487 0.1804 0.2898 0.2188 0.0922 
        D313  5 0.0169 0.0359 0.0205 0.0166 0.2620 0.6481 
        D314  5 0.1907 0.2846 0.0460 0.2221 0.1091 0.1474 
        D315  5 0.0657 0.1329 0.2480 0.1164 0.3412 0.0957 
        D317  5 0.0430 0.0585 0.0607 0.0927 0.7056 0.0395 
        D318  5 0.1378 0.3079 0.1522 0.1555 0.0950 0.1515 
        D319  5 0.0355 0.0363 0.0373 0.0379 0.8267 0.0262 
        D320  5 0.0412 0.0668 0.0715 0.1371 0.6301 0.0533 
        D321  5 0.0534 0.0503 0.1388 0.0234 0.4967 0.2373 
        D336  5 0.0286 0.1200 0.0377 0.2859 0.4941 0.0337 
        D337  5 0.0493 0.0373 0.0390 0.0551 0.8002 0.0189 
        D338  5 0.1175 0.2167 0.1968 0.0774 0.2338 0.1578 
        D339  5 0.0773 0.1314 0.0676 0.0753 0.5909 0.0576 
        D347  5 0.0969 0.1128 0.1632 0.5343 0.0588 0.0340 
        D348  5 0.0327 0.0644 0.0405 0.3002 0.5391 0.0231 
        D349  5 0.0303 0.0317 0.0968 0.0274 0.5282 0.2856 
        D350  5 0.0513 0.1094 0.3374 0.4139 0.0338 0.0542 
        D355  5 0.3746 0.2395 0.2057 0.1120 0.0346 0.0336 
        D356  5 0.0502 0.1158 0.3021 0.1037 0.3130 0.1153 
        D357  5 0.0883 0.2314 0.0917 0.3564 0.1586 0.0736 
        D358  5 0.0731 0.1692 0.1205 0.1441 0.4148 0.0784 
        D359  5 0.0377 0.0705 0.2375 0.0734 0.5465 0.0344 
        D360  5 0.0390 0.0940 0.1594 0.0724 0.5149 0.1203 
        D361  5 0.0298 0.0501 0.0736 0.0310 0.4582 0.3573 
        D366  5 0.2533 0.1027 0.5215 0.0410 0.0336 0.0480 
        D367  5 0.0356 0.1310 0.0319 0.2904 0.4357 0.0754 
        D368  5 0.0371 0.1796 0.1229 0.0611 0.5114 0.0879 
        D380  5 0.0806 0.3155 0.3221 0.1387 0.0605 0.0826 
        D381  5 0.0857 0.1291 0.0937 0.0764 0.5728 0.0423 
        D400  5 0.1677 0.1295 0.1146 0.3241 0.1899 0.0741 
        D411  5 0.0419 0.0969 0.0244 0.0669 0.0221 0.7479 
        D412  5 0.1529 0.2967 0.1245 0.1592 0.1401 0.1266 
        D413  5 0.5671 0.1093 0.1757 0.0493 0.0361 0.0625 
        D414  5 0.1652 0.1313 0.0825 0.5467 0.0281 0.0463 
        D420  5 0.1197 0.3636 0.0431 0.0899 0.0657 0.3179 
        D431  5 0.1369 0.2510 0.0350 0.3699 0.1176 0.0896 
        D432  5 0.1219 0.1249 0.0924 0.0763 0.4726 0.1118 
        D433  5 0.0705 0.0524 0.0766 0.1006 0.6646 0.0353 
        D434  5 0.0679 0.0789 0.1024 0.0874 0.5872 0.0763 
        D440  5 0.0243 0.1703 0.2663 0.4328 0.0398 0.0666 
        D447  5 0.0579 0.3980 0.3009 0.0996 0.0356 0.1081 
        D448  5 0.0607 0.0860 0.0826 0.4841 0.2529 0.0337 
        D459  5 0.7290 0.0452 0.1097 0.0508 0.0332 0.0321 
        D460  5 0.0284 0.0473 0.1605 0.0222 0.5108 0.2308 
        D461  5 0.0281 0.0603 0.5030 0.3389 0.0405 0.0292 
        D468  5 0.0564 0.2533 0.2310 0.1463 0.2275 0.0855 
        D469  5 0.0445 0.1084 0.5067 0.0839 0.1483 0.1082 
        D470  5 0.0453 0.1676 0.0996 0.3380 0.0752 0.2742 
        D471  5 0.1179 0.0839 0.0935 0.3441 0.3272 0.0334 
        D472  5 0.1950 0.0537 0.6634 0.0229 0.0361 0.0288 
        D479  5 0.5411 0.0532 0.0370 0.3081 0.0298 0.0308 
        D485  5 0.0589 0.1000 0.0507 0.6877 0.0479 0.0548 
        D486  5 0.0492 0.3212 0.1279 0.2354 0.1097 0.1567 
        D487  5 0.3306 0.1110 0.0564 0.2521 0.1846 0.0653 
        D555  5 0.0929 0.0546 0.0451 0.0842 0.6911 0.0321 
        D556  5 0.1390 0.1700 0.1067 0.1975 0.3110 0.0757 
        D557  5 0.0391 0.0423 0.0568 0.0729 0.7628 0.0261 
        D564  5 0.0443 0.1181 0.0797 0.3293 0.3325 0.0961 
        D594  5 0.0938 0.2460 0.2049 0.3327 0.0658 0.0569 
        D595  5 0.1384 0.1388 0.2004 0.0920 0.3621 0.0684 
        D596  5 0.0473 0.0423 0.0508 0.0975 0.7387 0.0233 
        D597  5 0.3960 0.0882 0.2009 0.0780 0.1972 0.0397 
        D598  5 0.0779 0.1239 0.1499 0.1609 0.3443 0.1431 
        D617  5 0.1502 0.1618 0.0385 0.0828 0.0249 0.5418 
        D618  5 0.1144 0.0703 0.1023 0.0610 0.5781 0.0738 
        D619  5 0.0731 0.1172 0.2623 0.2262 0.1926 0.1286 
        D620  5 0.7997 0.0264 0.0660 0.0261 0.0463 0.0354 
        D628  5 0.0429 0.1059 0.0812 0.6161 0.0523 0.1015 
        D714  5 0.1914 0.1354 0.0316 0.4409 0.1536 0.0471 
        D715  5 0.0839 0.0442 0.1005 0.0472 0.6936 0.0306 
        D716  5 0.1257 0.1309 0.0871 0.5598 0.0438 0.0525 
        D717  5 0.0511 0.1025 0.4316 0.0809 0.2329 0.1010 
        D718  5 0.0849 0.2432 0.0274 0.4687 0.0669 0.1089 
        D769  5 0.0766 0.1366 0.0428 0.2073 0.0297 0.5071 
        D770  5 0.2526 0.1922 0.0627 0.3561 0.0845 0.0519 
        D771  5 0.2520 0.1942 0.0892 0.2100 0.1266 0.1280 
        D772  5 0.0400 0.1069 0.0934 0.4419 0.2371 0.0807 
        D782  5 0.2218 0.4673 0.0834 0.0378 0.0791 0.1106 
        D783  5 0.2958 0.2123 0.0429 0.3038 0.0976 0.0477 
        D784  5 0.0629 0.1485 0.5063 0.1181 0.1072 0.0569 
        D785  5 0.0278 0.0519 0.0545 0.1182 0.6853 0.0622 
        D786  5 0.0532 0.0835 0.1995 0.2155 0.0350 0.4133 
        D821  5 0.0256 0.0244 0.0245 0.0484 0.8586 0.0185 
        D822  5 0.1039 0.2426 0.3303 0.1220 0.1543 0.0470 
        D826  5 0.2166 0.1076 0.0872 0.0875 0.4589 0.0422 
        D827  5 0.1003 0.3043 0.3346 0.1312 0.0385 0.0911 
        D851  5 0.0739 0.4089 0.1422 0.0759 0.2112 0.0879 
        D852  5 0.2338 0.0845 0.0635 0.3520 0.1576 0.1086 
        D853  5 0.0964 0.1780 0.1054 0.1334 0.3978 0.0890 
        D854  5 0.1838 0.3094 0.1522 0.2177 0.0453 0.0916 
        D861  5 0.1675 0.3776 0.0937 0.1103 0.1557 0.0952 
        D862  5 0.0427 0.1329 0.2778 0.2079 0.2690 0.0697 
        D865  5 0.0690 0.0527 0.0418 0.0692 0.7302 0.0371 
        D868  5 0.0547 0.0659 0.6646 0.0425 0.1132 0.0592 
        D869  5 0.0389 0.1010 0.0673 0.0365 0.0633 0.6929 
        D870  5 0.0557 0.7884 0.0591 0.0346 0.0173 0.0448 
        D907  5 0.0451 0.1345 0.0497 0.0719 0.6171 0.0816 
        D908  5 0.3768 0.0586 0.0434 0.1858 0.2829 0.0526 
        D910  5 0.2437 0.0913 0.1086 0.2185 0.2979 0.0400 
        D911  5 0.5014 0.2163 0.1442 0.0551 0.0502 0.0329 
        D934  5 0.2470 0.2461 0.0705 0.3223 0.0645 0.0496 
        D946  5 0.1916 0.1257 0.0399 0.4726 0.0738 0.0965 
        D947  5 0.0865 0.2097 0.2444 0.2751 0.0681 0.1162 
        D948  5 0.0217 0.0219 0.1193 0.0179 0.5605 0.2587 
        D949  5 0.0235 0.0332 0.1173 0.0276 0.5213 0.2770 
        D950  5 0.5573 0.1727 0.1382 0.0508 0.0546 0.0263 
        D951  5 0.0404 0.3491 0.3871 0.1365 0.0343 0.0526 
        D952  5 0.0595 0.0493 0.6189 0.0612 0.1596 0.0515 
        D953  5 0.0614 0.0714 0.1216 0.0646 0.6294 0.0516 
        D954  5 0.0371 0.1203 0.4367 0.0536 0.3181 0.0342 
        D961  5 0.0374 0.0868 0.0276 0.7655 0.0423 0.0404 
        D962  5 0.0210 0.0729 0.0944 0.4584 0.3067 0.0467 
        D963  5 0.0822 0.1316 0.3583 0.1763 0.2065 0.0451 
        D964  5 0.1124 0.2961 0.0691 0.2255 0.0819 0.2150 
        D965  5 0.0789 0.0888 0.0518 0.6691 0.0512 0.0603 
        D966  5 0.1600 0.1385 0.1828 0.2593 0.2021 0.0573 
        D967  5 0.2661 0.1333 0.0658 0.0503 0.3935 0.0910 
        D991  5 0.0381 0.1074 0.1361 0.3493 0.0963 0.2727 
        D502  6 0.1257 0.4209 0.0340 0.3083 0.0180 0.0931 
        D503  6 0.2659 0.2943 0.0429 0.0419 0.1151 0.2398 
        D504  6 0.0969 0.1739 0.3853 0.1119 0.1161 0.1159 
        D505  6 0.1506 0.1901 0.1266 0.1568 0.2801 0.0959 
        D506  6 0.0295 0.0586 0.0391 0.0542 0.7925 0.0260 
        D507  6 0.1383 0.2146 0.0720 0.3697 0.0539 0.1514 
        D508  6 0.1101 0.3103 0.2103 0.2649 0.0425 0.0620 
        D529  6 0.0720 0.2750 0.1273 0.1038 0.1565 0.2654 
        D530  6 0.0457 0.1253 0.0355 0.6306 0.0785 0.0844 
        D531  6 0.0838 0.2118 0.2665 0.2196 0.1196 0.0987 
        D532  6 0.0799 0.1719 0.2032 0.3913 0.1084 0.0454 
        D534  6 0.0495 0.0948 0.0854 0.0588 0.0389 0.6726 
        D535  6 0.0387 0.2009 0.1900 0.1612 0.3249 0.0843 
        D536  6 0.5147 0.2429 0.0383 0.0619 0.0262 0.1158 
        D554  6 0.0539 0.1687 0.0594 0.4737 0.1327 0.1115 
        D587  6 0.0733 0.0812 0.1070 0.0595 0.6289 0.0502 
        D588  6 0.0555 0.2605 0.2272 0.0483 0.3634 0.0451 
        D589  6 0.2926 0.3456 0.0802 0.0596 0.1408 0.0812 
        D590  6 0.6391 0.1297 0.0715 0.0617 0.0463 0.0517 
        D591  6 0.1242 0.5043 0.0817 0.0355 0.1632 0.0912 
        D592  6 0.0536 0.0864 0.0756 0.0296 0.1250 0.6297 
        D593  6 0.0385 0.1313 0.0218 0.7092 0.0565 0.0428 
        D682  6 0.0393 0.0544 0.0352 0.0482 0.7873 0.0357 
        D683  6 0.0359 0.1058 0.4755 0.0364 0.2884 0.0580 
        D684  6 0.2125 0.3353 0.0555 0.0375 0.0376 0.3216 
        D685  6 0.0898 0.7063 0.0224 0.0983 0.0406 0.0425 
        D686  6 0.0411 0.1228 0.0443 0.6403 0.1213 0.0302 
        D724  6 0.1050 0.1930 0.2225 0.3096 0.0315 0.1384 
        D725  6 0.1645 0.1676 0.0448 0.4658 0.0586 0.0987 
        D726  6 0.0238 0.0564 0.0484 0.0901 0.7437 0.0377 
        D727  6 0.3901 0.2193 0.1949 0.0707 0.0645 0.0604 
        D728  6 0.0384 0.1472 0.0846 0.2056 0.4620 0.0620 
        D729  6 0.1844 0.2796 0.2639 0.0327 0.0472 0.1922 
        D730  6 0.1317 0.1832 0.1746 0.2595 0.0449 0.2062 
        D731  6 0.2116 0.0298 0.0192 0.0489 0.6672 0.0233 
        D732  6 0.0580 0.0989 0.3077 0.4032 0.0358 0.0965 
        D733  6 0.0497 0.1072 0.0674 0.5827 0.0664 0.1267 
     D237251  7 0.3876 0.0923 0.0558 0.3334 0.0492 0.0817 
     D237252  7 0.1926 0.1801 0.0580 0.1381 0.0466 0.3847 
     D237253  7 0.2765 0.2673 0.0759 0.1335 0.1846 0.0622 
     D237254  7 0.0333 0.1850 0.0294 0.0199 0.0188 0.7135 
     D237255  7 0.7279 0.0743 0.0379 0.0834 0.0399 0.0365 
     D237256  7 0.3087 0.2909 0.0677 0.2616 0.0385 0.0325 
     D237257  7 0.0814 0.4706 0.0652 0.1000 0.0344 0.2483 
     D237282  7 0.1086 0.1012 0.4985 0.1660 0.0327 0.0930 
     D237283  7 0.0451 0.3173 0.0189 0.0327 0.0839 0.5021 
     D237284  7 0.0322 0.0852 0.0879 0.0356 0.0388 0.7203 
     D237285  7 0.1184 0.1337 0.0726 0.5586 0.0632 0.0535 
     D237286  7 0.1287 0.2539 0.1955 0.1565 0.2023 0.0632 
     D237287  7 0.4013 0.2085 0.1276 0.0974 0.0861 0.0792 
     D244006  7 0.0362 0.0735 0.0381 0.0396 0.0243 0.7883 
     D244007  7 0.4090 0.2200 0.1749 0.0632 0.0492 0.0836 
     D244008  7 0.0342 0.3124 0.0378 0.0338 0.1360 0.4458 
     D244009  7 0.0326 0.1094 0.0999 0.1416 0.1197 0.4969 
     D244010  7 0.0780 0.4671 0.0519 0.0769 0.0578 0.2684 
     D244011  7 0.1081 0.3038 0.0498 0.2261 0.2010 0.1113 
     D244012  7 0.2147 0.3568 0.1183 0.1355 0.0440 0.1308 
     D244013  7 0.3694 0.0658 0.1450 0.1475 0.2079 0.0644 
     D244014  7 0.1391 0.2626 0.0654 0.1974 0.0745 0.2609 
     D244015  7 0.0795 0.4017 0.1091 0.0911 0.0454 0.2731 
     D244125  7 0.1787 0.1209 0.1518 0.0769 0.4268 0.0449 
     D244126  7 0.0232 0.1618 0.0280 0.0498 0.0297 0.7075 
     D244130  7 0.0807 0.2024 0.0721 0.3913 0.0565 0.1970 
     D244131  7 0.0747 0.1306 0.2450 0.0768 0.3792 0.0937 
     D244132  7 0.0356 0.0684 0.1392 0.5024 0.2033 0.0511 
        D520  7 0.0284 0.5560 0.0449 0.1196 0.1113 0.1398 
        D521  7 0.1128 0.1418 0.1819 0.3209 0.0715 0.1711 
        D522  7 0.0600 0.1330 0.1667 0.0596 0.1519 0.4288 
        D523  7 0.5474 0.1752 0.0548 0.0782 0.0836 0.0608 
        D524  7 0.2628 0.1121 0.0973 0.1980 0.1600 0.1698 
        D525  7 0.2069 0.1403 0.0544 0.0486 0.0618 0.4879 
        D526  7 0.0378 0.1393 0.0817 0.0247 0.0270 0.6896 
        D527  7 0.0759 0.1930 0.2840 0.1679 0.1108 0.1685 
        D528  7 0.0132 0.8986 0.0205 0.0217 0.0156 0.0304 
        D558  7 0.0781 0.0841 0.1790 0.5575 0.0244 0.0769 
        D559  7 0.0862 0.1432 0.1626 0.4946 0.0262 0.0872 
        D640  7 0.1396 0.1483 0.1311 0.2421 0.2584 0.0805 
        D641  7 0.1552 0.1657 0.0335 0.1625 0.3365 0.1466 
        D642  7 0.1386 0.1609 0.0833 0.1669 0.0742 0.3760 
        D644  7 0.1177 0.1065 0.1016 0.2656 0.1373 0.2712 
        D645  7 0.2177 0.1586 0.1250 0.1046 0.1728 0.2213 
        D662  7 0.0238 0.0482 0.1632 0.0433 0.4436 0.2778 
        D687  7 0.1229 0.3868 0.1125 0.1557 0.1394 0.0828 
        D688  7 0.1027 0.1411 0.2761 0.2360 0.0249 0.2192 
        D689  7 0.1206 0.1908 0.2255 0.0635 0.3142 0.0853 
        D700  7 0.0189 0.9056 0.0208 0.0189 0.0165 0.0193 
        D797  7 0.1108 0.1936 0.2169 0.1850 0.1911 0.1026 
        D798  7 0.0344 0.1967 0.0771 0.1075 0.2358 0.3485 
        D799  7 0.2731 0.2589 0.0569 0.1669 0.0787 0.1654 
        D800  7 0.0616 0.2412 0.5015 0.0615 0.0459 0.0882 
        D132  8 0.0270 0.0418 0.0563 0.0406 0.0414 0.7928 
        D133  8 0.7748 0.0512 0.0229 0.0303 0.0254 0.0953 
        D200  8 0.0856 0.2587 0.0417 0.5179 0.0238 0.0723 
        D500  8 0.0204 0.0226 0.0468 0.0411 0.0420 0.8271 
        D614  8 0.0385 0.1163 0.1049 0.2050 0.3931 0.1422 
        D723  8 0.1311 0.1074 0.3913 0.0788 0.0713 0.2202 
        D888  8 0.6417 0.1109 0.0656 0.0857 0.0578 0.0383 
        D901  8 0.0484 0.3391 0.0284 0.1913 0.0672 0.3256 
        D902  8 0.0496 0.0762 0.0445 0.1428 0.6415 0.0455 
        D903  8 0.0467 0.1629 0.4800 0.2006 0.0743 0.0354 
        D904  8 0.0610 0.1228 0.2563 0.3368 0.0917 0.1314 
        D905  8 0.5987 0.0680 0.0213 0.1430 0.1421 0.0268 
        D906  8 0.3870 0.2975 0.0693 0.0963 0.0460 0.1039 
        D937  8 0.0396 0.0532 0.0213 0.1296 0.7284 0.0280 
        D943  8 0.0865 0.3003 0.0665 0.0918 0.0566 0.3983 
        D972  8 0.0750 0.1464 0.2279 0.0955 0.0549 0.4003 
        D973  8 0.0376 0.0669 0.6327 0.0686 0.0710 0.1232 
        D974  8 0.1208 0.1632 0.1623 0.3080 0.0968 0.1490 
        D975  8 0.0907 0.3230 0.0667 0.2999 0.0839 0.1359 
        D976  8 0.0822 0.3750 0.0447 0.2145 0.1465 0.1371 
        D201  9 0.1799 0.3349 0.0976 0.1842 0.0534 0.1500 
        D202  9 0.0874 0.2019 0.0266 0.5914 0.0382 0.0545 
     D237259  9 0.0548 0.7082 0.1149 0.0527 0.0249 0.0445 
     D237260  9 0.3992 0.1995 0.0266 0.1036 0.0744 0.1967 
     D237262  9 0.0280 0.0963 0.0518 0.0314 0.0986 0.6939 
