        D174  1 0.1390 0.1164 0.1205 0.0286 0.0350 0.0770 0.4835 
        D199  1 0.0419 0.1388 0.0628 0.0505 0.2521 0.2685 0.1852 
        D203  1 0.1615 0.1036 0.1362 0.0429 0.2262 0.2676 0.0621 
        D204  1 0.0353 0.0357 0.0182 0.0613 0.0215 0.8103 0.0177 
     D237366  1 0.0333 0.0837 0.6215 0.1047 0.0545 0.0585 0.0437 
     D237367  1 0.0994 0.1675 0.2534 0.0522 0.0386 0.3510 0.0379 
     D237368  1 0.1349 0.1640 0.3013 0.0327 0.0454 0.2141 0.1075 
     D244101  1 0.0310 0.1191 0.0251 0.3656 0.1873 0.2431 0.0288 
     D244102  1 0.2302 0.1214 0.1306 0.2476 0.0669 0.1139 0.0894 
     D244103  1 0.0709 0.3169 0.2550 0.0725 0.0344 0.1976 0.0528 
     D244104  1 0.0405 0.0322 0.0421 0.0243 0.0464 0.6722 0.1423 
     D244105  1 0.1223 0.1422 0.6176 0.0281 0.0199 0.0515 0.0184 
     D244106  1 0.0492 0.0662 0.0700 0.0290 0.0605 0.0658 0.6592 
     D244107  1 0.2514 0.2398 0.2477 0.0551 0.0577 0.1303 0.0181 
     D244108  1 0.3703 0.0743 0.0420 0.0514 0.0387 0.0664 0.3568 
     D244113  1 0.0580 0.0803 0.0390 0.2154 0.0411 0.0181 0.5481 
     D244114  1 0.0519 0.3163 0.2909 0.0699 0.0792 0.0898 0.1021 
     D244115  1 0.2451 0.1254 0.0558 0.0394 0.0261 0.1876 0.3205 
     D267365  1 0.0561 0.0848 0.0742 0.0498 0.0607 0.4117 0.2627 
        D404  1 0.1446 0.0641 0.0288 0.2723 0.0462 0.0286 0.4155 
        D405  1 0.1935 0.1275 0.0715 0.2598 0.0963 0.1354 0.1159 
        D406  1 0.2673 0.0351 0.5504 0.0304 0.0155 0.0610 0.0403 
        D407  1 0.0174 0.0874 0.1441 0.0167 0.0369 0.6748 0.0228 
        D408  1 0.0690 0.0894 0.0324 0.0545 0.0600 0.0739 0.6209 
        D409  1 0.1082 0.4759 0.1721 0.0437 0.0360 0.1224 0.0418 
        D410  1 0.8321 0.0392 0.0211 0.0280 0.0092 0.0442 0.0263 
        D421  1 0.0107 0.0170 0.0199 0.0108 0.0200 0.8972 0.0243 
        D422  1 0.1742 0.0802 0.6299 0.0138 0.0219 0.0660 0.0141 
        D423  1 0.7467 0.0390 0.0604 0.0153 0.0363 0.0864 0.0159 
        D424  1 0.0233 0.1291 0.0976 0.0238 0.0192 0.6662 0.0409 
        D425  1 0.1312 0.1896 0.0540 0.0495 0.0321 0.3808 0.1630 
        D426  1 0.0219 0.5692 0.1622 0.0220 0.0738 0.1219 0.0289 
        D427  1 0.0203 0.0287 0.0293 0.0151 0.4496 0.2528 0.2041 
        D428  1 0.0768 0.1602 0.0886 0.1110 0.0421 0.3695 0.1519 
        D429  1 0.0506 0.0910 0.0981 0.0426 0.0426 0.4183 0.2569 
        D430  1 0.0865 0.2829 0.1229 0.0406 0.1359 0.1077 0.2235 
        D491  1 0.0432 0.0528 0.0194 0.0253 0.0138 0.1080 0.7376 
        D492  1 0.0790 0.1903 0.1230 0.0793 0.0376 0.3226 0.1683 
        D537  1 0.0515 0.0819 0.0835 0.0983 0.0195 0.6309 0.0344 
        D538  1 0.2604 0.2793 0.1194 0.0603 0.0518 0.0885 0.1403 
        D539  1 0.0975 0.1291 0.1804 0.1610 0.1267 0.0609 0.2445 
        D540  1 0.0855 0.3348 0.1359 0.0307 0.0335 0.3169 0.0627 
        D541  1 0.0189 0.0194 0.0204 0.0146 0.0219 0.8922 0.0125 
        D551  1 0.0246 0.3884 0.2816 0.0275 0.1756 0.0625 0.0398 
        D552  1 0.1858 0.1069 0.1140 0.0389 0.0362 0.2687 0.2495 
        D553  1 0.0153 0.0272 0.0203 0.0162 0.0133 0.8855 0.0222 
        D615  1 0.1307 0.0959 0.0835 0.0296 0.0838 0.4896 0.0869 
        D616  1 0.1300 0.1838 0.1032 0.0265 0.0976 0.3817 0.0772 
        D621  1 0.2602 0.0633 0.2684 0.2673 0.0272 0.0236 0.0901 
        D622  1 0.2886 0.0895 0.4534 0.0539 0.0235 0.0450 0.0462 
        D623  1 0.0715 0.0622 0.0252 0.4196 0.1124 0.0285 0.2807 
        D624  1 0.0259 0.0584 0.0442 0.0146 0.0224 0.0490 0.7855 
        D625  1 0.0661 0.0734 0.0794 0.0400 0.0183 0.6620 0.0608 
        D626  1 0.1312 0.0770 0.1747 0.0469 0.0358 0.0872 0.4472 
        D627  1 0.0236 0.6187 0.1601 0.0221 0.0521 0.0821 0.0414 
        D690  1 0.0500 0.0268 0.0442 0.0199 0.0127 0.7810 0.0654 
        D691  1 0.1301 0.0392 0.6633 0.0222 0.0210 0.0904 0.0338 
        D710  1 0.1121 0.1523 0.0730 0.0967 0.0357 0.3605 0.1696 
        D711  1 0.0372 0.0427 0.0477 0.0491 0.0217 0.7670 0.0345 
        D712  1 0.0417 0.0783 0.0604 0.0523 0.0555 0.0414 0.6704 
        D713  1 0.0787 0.1216 0.0954 0.3602 0.0220 0.1488 0.1734 
        D746  1 0.2138 0.0377 0.5893 0.0262 0.0219 0.0812 0.0298 
        D747  1 0.0192 0.0183 0.0146 0.0181 0.0211 0.8906 0.0180 
        D748  1 0.1154 0.0692 0.4373 0.0519 0.0210 0.2681 0.0372 
        D749  1 0.2216 0.1909 0.2991 0.1107 0.0367 0.0325 0.1085 
        D750  1 0.0703 0.0471 0.0322 0.0377 0.0206 0.1960 0.5961 
        D763  1 0.0424 0.1484 0.1434 0.2625 0.2012 0.1606 0.0416 
        D764  1 0.0675 0.0467 0.0416 0.0127 0.0157 0.5648 0.2510 
        D765  1 0.5909 0.0980 0.1034 0.0167 0.0196 0.0383 0.1332 
        D766  1 0.4101 0.0840 0.1594 0.1091 0.0213 0.1643 0.0518 
        D767  1 0.1786 0.0859 0.1845 0.3347 0.0710 0.1107 0.0347 
        D768  1 0.0155 0.0210 0.0225 0.0143 0.0175 0.8951 0.0141 
        D811  1 0.3800 0.1363 0.0326 0.0694 0.0231 0.0430 0.3157 
        D816  1 0.0163 0.0319 0.0165 0.0207 0.0143 0.8659 0.0344 
        D825  1 0.3708 0.1338 0.0447 0.0433 0.0141 0.1465 0.2467 
        D866  1 0.1187 0.0986 0.0459 0.0261 0.3358 0.0701 0.3049 
        D867  1 0.1771 0.1059 0.5579 0.0759 0.0270 0.0328 0.0235 
        D871  1 0.0397 0.6104 0.1251 0.0344 0.0261 0.1225 0.0418 
        D872  1 0.3235 0.1052 0.0852 0.0676 0.0426 0.3232 0.0527 
        D873  1 0.8965 0.0200 0.0201 0.0238 0.0128 0.0107 0.0160 
        D874  1 0.0208 0.0367 0.0202 0.7178 0.0211 0.0807 0.1026 
        D875  1 0.1381 0.4775 0.2191 0.0290 0.0159 0.0949 0.0255 
        D876  1 0.0680 0.0958 0.0937 0.0934 0.0228 0.5016 0.1248 
        D877  1 0.0418 0.1433 0.0344 0.2917 0.0314 0.0574 0.3999 
        D892  1 0.0776 0.0816 0.3052 0.0463 0.0178 0.2925 0.1789 
        D893  1 0.0612 0.1205 0.1020 0.0591 0.0445 0.5873 0.0253 
        D894  1 0.0463 0.0892 0.0760 0.0291 0.0387 0.6348 0.0859 
        D915  1 0.1551 0.0613 0.1034 0.0187 0.0210 0.5796 0.0609 
        D916  1 0.0219 0.0211 0.0212 0.0132 0.0177 0.8836 0.0214 
        D917  1 0.0575 0.1841 0.0364 0.1235 0.1037 0.1976 0.2971 
        D925  1 0.5667 0.0389 0.0383 0.0191 0.0239 0.2093 0.1038 
        D926  1 0.0862 0.1814 0.0735 0.0747 0.0229 0.4771 0.0842 
        D927  1 0.0288 0.1354 0.0708 0.0580 0.2713 0.3700 0.0657 
        D928  1 0.0407 0.0225 0.0132 0.0206 0.0156 0.0709 0.8165 
        D929  1 0.0587 0.0766 0.1187 0.6272 0.0186 0.0348 0.0654 
        D936  1 0.0570 0.0723 0.0421 0.1586 0.0663 0.5610 0.0426 
        D938  1 0.3066 0.0298 0.5524 0.0377 0.0160 0.0272 0.0303 
        D956  1 0.0794 0.0732 0.0407 0.0497 0.0355 0.0356 0.6860 
        D957  1 0.5527 0.0745 0.0711 0.0696 0.0229 0.1666 0.0426 
        D958  1 0.2316 0.0866 0.0929 0.0907 0.0206 0.3310 0.1466 
        D959  1 0.0197 0.1168 0.1419 0.0142 0.0171 0.6675 0.0228 
        D960  1 0.3119 0.0840 0.4616 0.0383 0.0174 0.0349 0.0518 
        D989  1 0.0278 0.0659 0.0396 0.0357 0.0897 0.0563 0.6850 
        D990  1 0.7613 0.0439 0.0460 0.0248 0.0478 0.0159 0.0603 
        D023  2 0.1306 0.1172 0.5125 0.0180 0.0210 0.1812 0.0195 
        D130  2 0.1629 0.0606 0.6280 0.0269 0.0255 0.0779 0.0182 
        D131  2 0.0969 0.3601 0.0658 0.0604 0.0772 0.2973 0.0423 
        D163  2 0.1824 0.0866 0.4984 0.0264 0.0195 0.1356 0.0510 
        D164  2 0.4191 0.0175 0.0227 0.0204 0.4926 0.0164 0.0112 
        D165  2 0.1401 0.1400 0.5490 0.0226 0.0317 0.0952 0.0214 
        D166  2 0.1601 0.2983 0.1933 0.2220 0.0510 0.0499 0.0254 
        D167  2 0.0259 0.0314 0.0193 0.0192 0.8564 0.0163 0.0315 
        D192  2 0.0172 0.0231 0.0150 0.0207 0.8972 0.0095 0.0173 
        D193  2 0.1396 0.1764 0.0916 0.2270 0.0492 0.0315 0.2847 
        D206  2 0.0740 0.1743 0.2128 0.0706 0.2113 0.2231 0.0339 
        D207  2 0.0305 0.1076 0.0307 0.0343 0.7303 0.0440 0.0226 
        D208  2 0.1014 0.0855 0.1053 0.1006 0.2597 0.0577 0.2897 
        D209  2 0.0954 0.3613 0.0959 0.1504 0.2056 0.0621 0.0293 
        D210  2 0.0263 0.0480 0.0553 0.0385 0.2006 0.0778 0.5535 
     D229599  2 0.1322 0.1679 0.1167 0.2011 0.0719 0.2255 0.0847 
     D229600  2 0.1595 0.1056 0.3837 0.0327 0.2638 0.0307 0.0239 
     D237227  2 0.2447 0.0821 0.0577 0.0344 0.0736 0.0569 0.4506 
     D237228  2 0.5988 0.0822 0.0264 0.0285 0.0592 0.0228 0.1821 
     D237258  2 0.1392 0.2067 0.1201 0.1219 0.2019 0.1120 0.0983 
     D237310  2 0.6965 0.0974 0.0470 0.0622 0.0300 0.0127 0.0543 
     D237311  2 0.6634 0.0501 0.0472 0.0299 0.1564 0.0151 0.0379 
     D237312  2 0.4216 0.1104 0.1957 0.1478 0.0282 0.0347 0.0617 
     D237313  2 0.2037 0.1928 0.1058 0.0841 0.0315 0.2652 0.1169 
     D237322  2 0.1481 0.2965 0.0915 0.1700 0.1504 0.0406 0.1030 
     D237323  2 0.6226 0.0713 0.0650 0.0440 0.0313 0.0167 0.1491 
     D237324  2 0.1309 0.3817 0.2174 0.0426 0.1521 0.0554 0.0200 
     D237325  2 0.3924 0.0830 0.2213 0.1393 0.0373 0.0377 0.0890 
     D237326  2 0.6679 0.0719 0.0479 0.0295 0.0273 0.0939 0.0616 
     D237327  2 0.0432 0.2566 0.1505 0.0828 0.3423 0.0605 0.0641 
     D237337  2 0.8301 0.0319 0.0356 0.0257 0.0161 0.0269 0.0339 
     D237338  2 0.2426 0.1192 0.2346 0.1316 0.0866 0.0600 0.1253 
     D237339  2 0.0305 0.0884 0.0291 0.6169 0.1634 0.0500 0.0216 
     D237340  2 0.3482 0.0745 0.1099 0.0741 0.1876 0.0249 0.1807 
     D237389  2 0.7485 0.0739 0.0490 0.0272 0.0516 0.0254 0.0243 
     D237390  2 0.4536 0.0797 0.1764 0.1045 0.0379 0.0524 0.0955 
     D244017  2 0.0861 0.1489 0.0515 0.0449 0.2583 0.0377 0.3727 
     D244112  2 0.0594 0.0386 0.0682 0.0204 0.7742 0.0175 0.0218 
     D244118  2 0.1581 0.0488 0.1718 0.0499 0.5256 0.0148 0.0309 
     D244119  2 0.0295 0.0261 0.0166 0.0140 0.2507 0.0213 0.6417 
     D244120  2 0.0790 0.0577 0.0638 0.1721 0.5504 0.0126 0.0643 
     D244122  2 0.0457 0.0464 0.0930 0.0622 0.6794 0.0275 0.0459 
        D291  2 0.0593 0.3332 0.1428 0.0242 0.3180 0.0927 0.0299 
        D292  2 0.1210 0.0905 0.0299 0.0614 0.3630 0.2343 0.0999 
        D293  2 0.0152 0.0895 0.0171 0.0633 0.6589 0.1389 0.0172 
        D322  2 0.0427 0.1224 0.0368 0.1005 0.4375 0.2379 0.0224 
        D323  2 0.0967 0.2776 0.0715 0.2768 0.0959 0.1049 0.0766 
        D324  2 0.0840 0.2048 0.1346 0.0318 0.1940 0.2684 0.0824 
        D325  2 0.0182 0.0419 0.0284 0.0213 0.8399 0.0381 0.0121 
        D326  2 0.0130 0.0260 0.0188 0.0175 0.0239 0.8714 0.0294 
        D340  2 0.0219 0.0218 0.0151 0.0199 0.8767 0.0271 0.0174 
        D341  2 0.0529 0.0353 0.1004 0.0477 0.6798 0.0409 0.0431 
        D342  2 0.1545 0.1551 0.1551 0.0290 0.4517 0.0278 0.0268 
        D343  2 0.0084 0.0146 0.0114 0.0143 0.9224 0.0195 0.0094 
        D344  2 0.0682 0.1432 0.0439 0.5234 0.0517 0.1423 0.0273 
        D345  2 0.3164 0.1340 0.0626 0.1268 0.0488 0.2496 0.0619 
        D346  2 0.0462 0.0678 0.0473 0.0638 0.0781 0.0896 0.6073 
        D351  2 0.0967 0.2742 0.0925 0.0972 0.1120 0.3039 0.0235 
        D352  2 0.0514 0.1624 0.0257 0.6714 0.0275 0.0229 0.0388 
        D353  2 0.0172 0.4978 0.0327 0.1492 0.0371 0.2468 0.0192 
        D354  2 0.0815 0.0622 0.0238 0.6547 0.0112 0.1144 0.0523 
        D362  2 0.0504 0.0642 0.0313 0.0214 0.0268 0.7673 0.0386 
        D363  2 0.0343 0.0450 0.0222 0.0171 0.0186 0.8096 0.0531 
        D364  2 0.1045 0.0959 0.0328 0.2592 0.0228 0.4406 0.0443 
        D365  2 0.0145 0.0238 0.0134 0.0298 0.8550 0.0422 0.0212 
        D369  2 0.1446 0.1031 0.0610 0.0281 0.2323 0.2721 0.1588 
        D374  2 0.1029 0.0788 0.0178 0.1041 0.0248 0.0201 0.6515 
        D375  2 0.0268 0.0575 0.0273 0.8359 0.0124 0.0195 0.0206 
        D376  2 0.1266 0.0763 0.0243 0.1373 0.0262 0.0200 0.5893 
        D377  2 0.3880 0.1992 0.0985 0.1133 0.0683 0.0424 0.0903 
        D378  2 0.0379 0.1938 0.0900 0.1622 0.2119 0.2701 0.0342 
        D379  2 0.0297 0.0593 0.0333 0.0468 0.0188 0.7799 0.0323 
        D384  2 0.0194 0.0213 0.0165 0.0158 0.0151 0.8806 0.0312 
        D385  2 0.0286 0.0350 0.0200 0.1606 0.6951 0.0241 0.0366 
        D386  2 0.0362 0.1658 0.0866 0.4356 0.0648 0.1884 0.0226 
        D391  2 0.0230 0.0393 0.0213 0.0929 0.7563 0.0486 0.0187 
        D392  2 0.1414 0.0619 0.0420 0.0224 0.6049 0.0701 0.0574 
        D393  2 0.0579 0.0876 0.0614 0.1528 0.1474 0.4670 0.0260 
        D394  2 0.3187 0.1564 0.1551 0.1492 0.0676 0.1013 0.0516 
        D395  2 0.0231 0.1147 0.0295 0.6615 0.1256 0.0269 0.0187 
        D401  2 0.8637 0.0342 0.0153 0.0143 0.0195 0.0176 0.0354 
        D402  2 0.0221 0.0242 0.0171 0.0516 0.8490 0.0172 0.0187 
        D403  2 0.0472 0.3411 0.1795 0.1122 0.0355 0.2605 0.0240 
        D415  2 0.0967 0.1652 0.0412 0.0228 0.0195 0.6398 0.0147 
        D435  2 0.0355 0.0468 0.0370 0.0353 0.1577 0.6700 0.0177 
        D436  2 0.0338 0.0779 0.1020 0.5730 0.0346 0.1173 0.0614 
        D438  2 0.0123 0.0221 0.0174 0.0180 0.8885 0.0162 0.0256 
        D439  2 0.0999 0.1979 0.0633 0.4190 0.0574 0.1417 0.0209 
        D449  2 0.0395 0.2831 0.1113 0.0228 0.3321 0.1778 0.0334 
        D450  2 0.0555 0.2274 0.0980 0.2689 0.0266 0.1462 0.1774 
        D456  2 0.0141 0.0509 0.0248 0.0147 0.0130 0.8641 0.0184 
        D462  2 0.0156 0.0301 0.0259 0.0825 0.7894 0.0435 0.0130 
        D463  2 0.0143 0.0220 0.0154 0.0217 0.0108 0.8875 0.0282 
        D464  2 0.0251 0.2819 0.0205 0.5417 0.0387 0.0581 0.0340 
        D465  2 0.0935 0.1104 0.0557 0.0299 0.2910 0.3956 0.0238 
        D473  2 0.0990 0.0562 0.0459 0.1711 0.0476 0.0280 0.5522 
        D474  2 0.0568 0.0483 0.0541 0.0245 0.0983 0.6725 0.0456 
        D476  2 0.0691 0.0666 0.3266 0.4328 0.0519 0.0391 0.0139 
        D477  2 0.1458 0.1110 0.0319 0.2607 0.0418 0.3212 0.0876 
        D478  2 0.0660 0.3866 0.2012 0.1019 0.0583 0.0737 0.1123 
        D480  2 0.0300 0.1183 0.0633 0.1888 0.1302 0.3320 0.1374 
        D481  2 0.1184 0.1490 0.0801 0.1372 0.0443 0.3678 0.1033 
        D482  2 0.0885 0.1071 0.0774 0.4954 0.0596 0.0256 0.1465 
        D483  2 0.0254 0.0314 0.0264 0.0253 0.8084 0.0210 0.0621 
        D484  2 0.0211 0.0274 0.0189 0.8709 0.0275 0.0126 0.0216 
        D510  2 0.0362 0.0548 0.0319 0.0720 0.0500 0.0250 0.7302 
        D511  2 0.0345 0.0907 0.0432 0.5822 0.0611 0.1588 0.0295 
        D512  2 0.5879 0.1830 0.0435 0.0561 0.0852 0.0267 0.0177 
        D513  2 0.0417 0.1600 0.0679 0.0279 0.5143 0.1150 0.0732 
        D635  2 0.0773 0.1683 0.1524 0.0181 0.0339 0.5005 0.0495 
        D636  2 0.2851 0.0580 0.5483 0.0217 0.0177 0.0433 0.0259 
        D637  2 0.0994 0.1245 0.1079 0.3565 0.1954 0.0304 0.0859 
        D658  2 0.0926 0.0461 0.0341 0.3226 0.3786 0.0235 0.1025 
        D659  2 0.0209 0.0510 0.0794 0.0361 0.0304 0.7411 0.0411 
        D677  2 0.1093 0.1022 0.3223 0.0797 0.0802 0.2782 0.0281 
        D678  2 0.0807 0.1827 0.1003 0.0480 0.5300 0.0366 0.0216 
        D679  2 0.0586 0.1349 0.0653 0.0770 0.0869 0.5044 0.0728 
        D719  2 0.0459 0.0574 0.0156 0.0535 0.2145 0.1652 0.4480 
        D720  2 0.0419 0.0700 0.0319 0.0190 0.0314 0.6970 0.1088 
        D721  2 0.0916 0.1478 0.5134 0.0462 0.0497 0.1100 0.0413 
        D722  2 0.1869 0.1027 0.0243 0.1378 0.0676 0.0300 0.4508 
        D734  2 0.0209 0.0342 0.0184 0.6069 0.0746 0.0262 0.2187 
        D735  2 0.1414 0.2194 0.0702 0.0768 0.0663 0.2986 0.1272 
        D736  2 0.0509 0.0884 0.0705 0.0647 0.1878 0.1047 0.4331 
        D737  2 0.0774 0.0687 0.0820 0.2163 0.4810 0.0253 0.0493 
        D807  2 0.1418 0.0732 0.0746 0.1124 0.1266 0.1930 0.2784 
        D808  2 0.3136 0.2194 0.1079 0.0710 0.1458 0.1039 0.0384 
        D817  2 0.0971 0.1480 0.0546 0.1164 0.0256 0.4939 0.0644 
        D818  2 0.0258 0.2835 0.2305 0.0354 0.3313 0.0640 0.0295 
        D819  2 0.3493 0.2150 0.0742 0.0402 0.0368 0.2231 0.0613 
        D820  2 0.0161 0.0615 0.0336 0.0718 0.0463 0.7447 0.0260 
        D895  2 0.0784 0.1671 0.1130 0.0655 0.0307 0.4927 0.0526 
        D896  2 0.8853 0.0230 0.0181 0.0194 0.0128 0.0181 0.0233 
        D897  2 0.0845 0.1460 0.1429 0.0570 0.4945 0.0376 0.0374 
        D898  2 0.3913 0.2509 0.0654 0.0847 0.0532 0.0688 0.0856 
        D918  2 0.1564 0.1915 0.2732 0.1491 0.1189 0.0408 0.0701 
        D919  2 0.0294 0.2161 0.0468 0.3527 0.1325 0.1954 0.0271 
        D920  2 0.2573 0.0413 0.5506 0.0440 0.0264 0.0326 0.0478 
        D923  2 0.0238 0.0707 0.0406 0.0979 0.0242 0.7183 0.0244 
        D930  2 0.0813 0.1957 0.0608 0.1629 0.0425 0.2655 0.1913 
        D931  2 0.0593 0.1177 0.0492 0.2320 0.1168 0.3733 0.0517 
        D968  2 0.0139 0.0230 0.0121 0.0181 0.9001 0.0211 0.0117 
        D969  2 0.0534 0.1031 0.0580 0.0496 0.3389 0.3279 0.0692 
        D977  2 0.0272 0.0938 0.0741 0.0332 0.7051 0.0420 0.0247 
        D978  2 0.0470 0.3499 0.1219 0.0722 0.3130 0.0480 0.0479 
        D211  3 0.0951 0.0695 0.6691 0.0353 0.0282 0.0772 0.0256 
     D229639  3 0.0519 0.0899 0.0603 0.0314 0.4940 0.0798 0.1927 
     D237212  3 0.1046 0.1428 0.1499 0.2894 0.1526 0.1272 0.0335 
     D237213  3 0.3929 0.1503 0.2159 0.1172 0.0345 0.0637 0.0256 
     D237214  3 0.0182 0.2956 0.5959 0.0210 0.0118 0.0384 0.0192 
     D237215  3 0.0582 0.0386 0.0215 0.0321 0.7419 0.0193 0.0884 
     D237216  3 0.0525 0.6193 0.1477 0.0594 0.0325 0.0641 0.0245 
     D237217  3 0.1169 0.2132 0.4657 0.0201 0.0499 0.1179 0.0163 
     D237218  3 0.0453 0.1354 0.2447 0.2496 0.1369 0.0954 0.0926 
     D237219  3 0.4043 0.1171 0.2293 0.0329 0.0577 0.0394 0.1193 
     D237382  3 0.3088 0.1522 0.1495 0.0671 0.0572 0.1264 0.1388 
     D244127  3 0.7112 0.0701 0.0592 0.0377 0.0755 0.0266 0.0198 
     D244129  3 0.2206 0.2010 0.1546 0.0724 0.1149 0.1805 0.0559 
     D244133  3 0.0848 0.2179 0.1648 0.0227 0.1688 0.1064 0.2346 
     D244134  3 0.1838 0.0799 0.0553 0.0303 0.1383 0.0471 0.4654 
     D244135  3 0.1204 0.1204 0.6140 0.0254 0.0450 0.0535 0.0213 
     D244136  3 0.0600 0.1647 0.0978 0.0382 0.1037 0.2408 0.2948 
        D416  3 0.1747 0.1975 0.1386 0.0540 0.1541 0.2334 0.0478 
        D417  3 0.0746 0.0590 0.1199 0.0401 0.0175 0.6601 0.0288 
        D419  3 0.2314 0.1257 0.2646 0.0465 0.1455 0.1154 0.0709 
        D565  3 0.0213 0.0258 0.0192 0.0188 0.0198 0.0492 0.8460 
        D566  3 0.0608 0.0804 0.0392 0.0274 0.3040 0.0659 0.4222 
        D567  3 0.1163 0.0518 0.0876 0.0595 0.0288 0.6296 0.0264 
        D568  3 0.1024 0.1027 0.2906 0.1723 0.1148 0.1974 0.0198 
        D569  3 0.0362 0.1275 0.0615 0.6513 0.0595 0.0264 0.0377 
        D573  3 0.0256 0.0647 0.0240 0.0282 0.7042 0.1277 0.0256 
        D574  3 0.1120 0.1572 0.0793 0.0592 0.0814 0.0498 0.4611 
        D575  3 0.2571 0.1189 0.1194 0.0506 0.0768 0.1401 0.2371 
        D576  3 0.0269 0.0624 0.0453 0.0345 0.7931 0.0090 0.0288 
        D577  3 0.0421 0.1127 0.1184 0.0598 0.0356 0.5882 0.0433 
        D578  3 0.0311 0.2465 0.6515 0.0144 0.0209 0.0206 0.0151 
        D579  3 0.0780 0.0892 0.1011 0.1110 0.1202 0.2430 0.2575 
        D660  3 0.1816 0.1980 0.1178 0.0987 0.3529 0.0268 0.0243 
        D661  3 0.0318 0.1058 0.1642 0.1320 0.4957 0.0449 0.0256 
        D663  3 0.0308 0.1454 0.0298 0.0416 0.6928 0.0336 0.0260 
        D664  3 0.3141 0.1152 0.2709 0.0506 0.1311 0.0280 0.0901 
        D665  3 0.2041 0.3712 0.1737 0.1588 0.0543 0.0215 0.0164 
        D666  3 0.3961 0.1424 0.0993 0.0625 0.0325 0.0958 0.1715 
        D009  4 0.1781 0.1126 0.3201 0.2118 0.0200 0.1227 0.0347 
        D057  4 0.0378 0.0552 0.2476 0.4199 0.1685 0.0358 0.0352 
        D109  4 0.5214 0.2082 0.0893 0.0488 0.0218 0.0538 0.0567 
     D237222  4 0.1972 0.0590 0.4811 0.0615 0.0382 0.0405 0.1225 
     D237223  4 0.1787 0.1154 0.3457 0.0817 0.0922 0.0616 0.1247 
     D237224  4 0.0678 0.0968 0.0524 0.2486 0.2946 0.1866 0.0533 
     D237225  4 0.0823 0.3122 0.2823 0.0916 0.0355 0.1440 0.0521 
     D237299  4 0.1598 0.3438 0.3372 0.0316 0.0409 0.0281 0.0586 
     D237300  4 0.0493 0.0766 0.0826 0.0328 0.6814 0.0229 0.0543 
     D237306  4 0.1343 0.0761 0.0876 0.0736 0.0317 0.0932 0.5034 
     D237307  4 0.0603 0.0974 0.0897 0.0312 0.0479 0.4150 0.2585 
     D237308  4 0.1273 0.0856 0.0566 0.2435 0.3275 0.0526 0.1069 
     D237309  4 0.1063 0.2290 0.2338 0.1047 0.0509 0.2331 0.0422 
     D237317  4 0.0572 0.1675 0.0588 0.0308 0.0362 0.2539 0.3956 
     D237318  4 0.0203 0.0475 0.0195 0.0149 0.8536 0.0211 0.0230 
     D237319  4 0.1568 0.1740 0.4387 0.0552 0.0487 0.0759 0.0507 
     D237320  4 0.1259 0.0757 0.4397 0.0299 0.1950 0.0906 0.0431 
     D237321  4 0.0584 0.0888 0.0681 0.0416 0.5703 0.0742 0.0985 
     D237397  4 0.0928 0.0811 0.3537 0.0471 0.1515 0.0790 0.1948 
     D237398  4 0.0325 0.1744 0.1535 0.0513 0.4373 0.1212 0.0299 
     D237399  4 0.0803 0.1187 0.2280 0.0656 0.1209 0.1210 0.2655 
     D244001  4 0.1102 0.1036 0.5363 0.1022 0.0744 0.0403 0.0330 
        D289  4 0.0504 0.1162 0.0836 0.2305 0.1280 0.1167 0.2746 
        D290  4 0.1202 0.3349 0.2192 0.1518 0.0571 0.0760 0.0408 
        D294  4 0.0226 0.2635 0.1961 0.2951 0.0344 0.1418 0.0465 
        D295  4 0.2185 0.0912 0.1813 0.1253 0.0370 0.2919 0.0548 
        D301  4 0.2105 0.0445 0.5554 0.0546 0.0509 0.0256 0.0585 
        D302  4 0.0194 0.0509 0.0386 0.7637 0.0137 0.0976 0.0161 
        D303  4 0.1064 0.0519 0.0532 0.1168 0.0494 0.0438 0.5785 
        D304  4 0.0453 0.3641 0.1553 0.1221 0.1014 0.0926 0.1192 
        D305  4 0.0314 0.3667 0.0832 0.4087 0.0621 0.0297 0.0181 
        D306  4 0.0543 0.5878 0.1518 0.0637 0.0230 0.0477 0.0719 
        D307  4 0.1874 0.0605 0.5638 0.0684 0.0356 0.0190 0.0654 
        D327  4 0.0268 0.1278 0.0530 0.0543 0.0539 0.5893 0.0948 
        D328  4 0.0694 0.0465 0.0439 0.6564 0.0213 0.0282 0.1342 
        D329  4 0.1083 0.1958 0.2081 0.2340 0.1113 0.0934 0.0490 
        D330  4 0.2392 0.1313 0.1557 0.0965 0.0359 0.3231 0.0182 
        D331  4 0.1758 0.2012 0.1041 0.0766 0.0708 0.2364 0.1352 
        D333  4 0.1465 0.0816 0.1787 0.2875 0.1080 0.0823 0.1154 
        D334  4 0.0339 0.0790 0.1147 0.0721 0.0294 0.0911 0.5798 
        D335  4 0.0368 0.0535 0.0260 0.6042 0.0237 0.2295 0.0263 
        D370  4 0.4871 0.0844 0.0324 0.1904 0.0310 0.0352 0.1395 
        D371  4 0.0259 0.0354 0.0197 0.0291 0.0230 0.1397 0.7271 
        D372  4 0.0584 0.3030 0.0474 0.0391 0.4911 0.0172 0.0438 
        D373  4 0.1817 0.0857 0.5002 0.0858 0.0796 0.0412 0.0258 
        D455  4 0.1741 0.0440 0.5838 0.0974 0.0351 0.0358 0.0298 
        D490  4 0.1103 0.0323 0.7737 0.0341 0.0116 0.0206 0.0174 
        D497  4 0.1649 0.0496 0.6517 0.0676 0.0236 0.0182 0.0243 
        D498  4 0.3019 0.1903 0.1016 0.0681 0.0762 0.0897 0.1722 
        D499  4 0.1244 0.1812 0.0455 0.1719 0.2650 0.0366 0.1753 
        D514  4 0.0767 0.2340 0.0776 0.2351 0.0328 0.3230 0.0208 
        D515  4 0.1417 0.0966 0.5763 0.0650 0.0318 0.0526 0.0361 
        D516  4 0.3252 0.0886 0.1733 0.0337 0.0886 0.2176 0.0730 
        D517  4 0.1321 0.1237 0.5714 0.0363 0.0536 0.0603 0.0226 
        D518  4 0.0345 0.0358 0.1554 0.6670 0.0278 0.0258 0.0537 
        D519  4 0.1117 0.0628 0.6545 0.0247 0.0628 0.0557 0.0278 
        D560  4 0.0729 0.1297 0.5193 0.0755 0.0838 0.0966 0.0221 
        D561  4 0.0696 0.4680 0.2312 0.0621 0.0373 0.1153 0.0165 
        D562  4 0.0980 0.3032 0.2174 0.1576 0.0800 0.0730 0.0707 
        D563  4 0.0804 0.1745 0.0841 0.2504 0.3305 0.0550 0.0252 
        D572  4 0.0189 0.0477 0.0824 0.7308 0.0300 0.0614 0.0288 
        D629  4 0.0770 0.1359 0.2674 0.0908 0.0344 0.3645 0.0301 
        D630  4 0.0508 0.1101 0.4374 0.1692 0.0633 0.1005 0.0686 
        D631  4 0.0295 0.0442 0.0578 0.7248 0.0913 0.0285 0.0239 
        D632  4 0.2521 0.0625 0.2920 0.2111 0.1010 0.0526 0.0287 
        D646  4 0.1622 0.1257 0.3123 0.0453 0.0613 0.2652 0.0279 
        D647  4 0.1167 0.0864 0.1987 0.0880 0.0608 0.4325 0.0168 
        D648  4 0.0213 0.0285 0.0282 0.8118 0.0169 0.0151 0.0783 
        D649  4 0.2303 0.0651 0.0728 0.1712 0.0220 0.4144 0.0242 
        D650  4 0.0823 0.1094 0.1835 0.2121 0.0375 0.2378 0.1372 
        D708  4 0.0626 0.1607 0.0839 0.3517 0.0259 0.0483 0.2667 
        D709  4 0.3274 0.2737 0.0581 0.1674 0.0358 0.0587 0.0790 
        D738  4 0.1309 0.0616 0.0924 0.0393 0.0231 0.1454 0.5072 
        D739  4 0.1038 0.1304 0.5286 0.1278 0.0346 0.0335 0.0413 
        D740  4 0.2487 0.2939 0.1055 0.0942 0.0768 0.0343 0.1465 
        D741  4 0.1061 0.1774 0.3349 0.0413 0.1921 0.1244 0.0238 
        D742  4 0.0557 0.1066 0.1252 0.1291 0.4235 0.0496 0.1103 
        D743  4 0.0194 0.0643 0.0399 0.3475 0.0424 0.4506 0.0359 
        D744  4 0.0292 0.0728 0.0395 0.7595 0.0346 0.0409 0.0235 
        D745  4 0.1203 0.0493 0.6997 0.0327 0.0275 0.0433 0.0272 
        D814  4 0.0226 0.3449 0.2878 0.1186 0.1527 0.0479 0.0255 
        D815  4 0.1482 0.1050 0.0472 0.4361 0.0386 0.1806 0.0443 
        D828  4 0.0951 0.1284 0.1128 0.3660 0.1117 0.0183 0.1678 
        D845  4 0.0218 0.0406 0.0235 0.0368 0.7772 0.0346 0.0654 
        D846  4 0.0327 0.1532 0.1391 0.4500 0.0846 0.1271 0.0132 
        D847  4 0.0803 0.1303 0.3759 0.0705 0.0918 0.1181 0.1331 
        D848  4 0.1561 0.1163 0.4472 0.0512 0.1846 0.0192 0.0253 
        D849  4 0.1901 0.1216 0.5307 0.0657 0.0225 0.0454 0.0241 
        D850  4 0.0442 0.2452 0.2792 0.0415 0.1253 0.1702 0.0945 
        D856  4 0.3506 0.3028 0.1287 0.0843 0.0257 0.0597 0.0483 
        D857  4 0.7657 0.0429 0.0393 0.0479 0.0518 0.0127 0.0396 
        D859  4 0.0323 0.1003 0.1167 0.5945 0.0550 0.0706 0.0305 
        D860  4 0.0329 0.0728 0.0356 0.0852 0.1643 0.1268 0.4824 
        D883  4 0.1701 0.0888 0.2219 0.1341 0.0456 0.2368 0.1026 
        D884  4 0.2660 0.0816 0.3437 0.1175 0.0294 0.0807 0.0812 
        D885  4 0.0660 0.2758 0.1985 0.1599 0.1002 0.1664 0.0333 
        D886  4 0.3247 0.0930 0.2161 0.0983 0.0496 0.1786 0.0396 
        D887  4 0.1007 0.1377 0.1046 0.1571 0.2755 0.1419 0.0825 
        D889  4 0.0310 0.3433 0.1496 0.1913 0.1839 0.0512 0.0497 
        D890  4 0.2549 0.1351 0.0816 0.2324 0.0512 0.0679 0.1769 
        D891  4 0.0134 0.0258 0.0111 0.0146 0.9051 0.0162 0.0138 
        D899  4 0.0360 0.0812 0.0414 0.1342 0.5200 0.0537 0.1335 
        D900  4 0.1062 0.1967 0.1325 0.1720 0.0943 0.2116 0.0866 
        D970  4 0.0585 0.1619 0.0932 0.3721 0.0732 0.1778 0.0633 
        D971  4 0.0889 0.1415 0.0404 0.2166 0.3677 0.0929 0.0521 
        D979  4 0.0245 0.0477 0.0282 0.5071 0.0305 0.3283 0.0336 
        D093  5 0.0280 0.0338 0.0518 0.0371 0.0271 0.0415 0.7807 
        D154  5 0.0904 0.2785 0.1103 0.1012 0.3003 0.0432 0.0762 
        D168  5 0.1306 0.2449 0.2008 0.0753 0.2025 0.1207 0.0252 
        D189  5 0.0605 0.0865 0.0659 0.0586 0.1416 0.0503 0.5365 
        D190  5 0.0572 0.0313 0.0309 0.0679 0.0295 0.0356 0.7475 
     D237220  5 0.1658 0.1568 0.3430 0.1349 0.0336 0.0388 0.1270 
     D237221  5 0.0671 0.0986 0.0693 0.0799 0.1973 0.0968 0.3910 
     D237274  5 0.0557 0.0900 0.0416 0.1139 0.0352 0.6447 0.0189 
     D237275  5 0.0651 0.0987 0.0294 0.0287 0.7258 0.0193 0.0329 
     D237276  5 0.2340 0.0813 0.2615 0.0745 0.0453 0.1075 0.1959 
     D237277  5 0.0390 0.0562 0.0383 0.0740 0.0872 0.0321 0.6733 
     D237278  5 0.1548 0.1613 0.0661 0.1164 0.2143 0.0467 0.2403 
     D237279  5 0.2439 0.4724 0.1043 0.0635 0.0333 0.0586 0.0239 
     D237280  5 0.5090 0.1108 0.1203 0.0442 0.0165 0.1369 0.0623 
     D237281  5 0.0177 0.0786 0.0205 0.0234 0.8016 0.0381 0.0202 
     D237351  5 0.7308 0.0532 0.0460 0.0267 0.0211 0.0319 0.0904 
     D237352  5 0.0890 0.0983 0.3012 0.2679 0.0714 0.0956 0.0766 
     D237353  5 0.0840 0.0281 0.0185 0.0471 0.0226 0.0243 0.7753 
     D237359  5 0.0886 0.1613 0.4360 0.1321 0.0511 0.0485 0.0823 
     D237361  5 0.0240 0.0221 0.0169 0.0188 0.0204 0.0210 0.8768 
     D237362  5 0.1325 0.1605 0.0842 0.0964 0.0607 0.2669 0.1989 
     D237363  5 0.0397 0.6328 0.0384 0.0268 0.1396 0.0575 0.0651 
     D237364  5 0.0647 0.1552 0.2545 0.3038 0.0918 0.1096 0.0205 
     D237376  5 0.0544 0.0616 0.0464 0.5066 0.0625 0.0163 0.2522 
     D237377  5 0.3156 0.1509 0.0402 0.0510 0.0397 0.2462 0.1564 
     D237378  5 0.0371 0.0730 0.0999 0.1752 0.0833 0.0223 0.5092 
     D237379  5 0.0425 0.1044 0.0657 0.5379 0.0315 0.0274 0.1906 
     D237380  5 0.6099 0.0894 0.0501 0.1496 0.0131 0.0265 0.0615 
     D237381  5 0.4039 0.0940 0.1764 0.1290 0.0641 0.0635 0.0691 
     D237391  5 0.0278 0.0347 0.0347 0.0283 0.0226 0.0405 0.8114 
     D237392  5 0.0916 0.1331 0.0608 0.1117 0.1413 0.4242 0.0372 
     D237393  5 0.1562 0.0584 0.0441 0.0393 0.0558 0.4163 0.2298 
     D237394  5 0.0301 0.0213 0.0172 0.0248 0.0133 0.0220 0.8712 
     D237395  5 0.1263 0.1237 0.1683 0.0341 0.1009 0.0446 0.4022 
     D237396  5 0.0651 0.1164 0.0490 0.0290 0.0704 0.4893 0.1808 
     D244016  5 0.0844 0.3299 0.0341 0.2285 0.0659 0.0337 0.2236 
     D244018  5 0.0816 0.1087 0.0892 0.0424 0.3326 0.0959 0.2497 
     D244019  5 0.0945 0.3521 0.0491 0.1264 0.0992 0.1962 0.0825 
        D279  5 0.0712 0.2147 0.2069 0.2107 0.1407 0.0574 0.0983 
        D280  5 0.1153 0.2896 0.0803 0.0291 0.1175 0.1334 0.2349 
        D281  5 0.0204 0.0937 0.0319 0.0385 0.7151 0.0252 0.0753 
        D283  5 0.0609 0.1035 0.0369 0.0359 0.0874 0.1716 0.5037 
        D284  5 0.1165 0.2695 0.4044 0.0534 0.0575 0.0611 0.0376 
        D285  5 0.0724 0.0970 0.0579 0.1034 0.0345 0.0780 0.5568 
        D286  5 0.0722 0.1137 0.1937 0.1977 0.0416 0.1011 0.2800 
        D287  5 0.0885 0.0945 0.1111 0.3939 0.0327 0.0163 0.2630 
        D288  5 0.1189 0.2472 0.0422 0.0235 0.1670 0.2439 0.1573 
        D308  5 0.7428 0.0500 0.0234 0.0229 0.0187 0.1074 0.0347 
        D309  5 0.0235 0.0389 0.0291 0.8261 0.0139 0.0456 0.0230 
        D310  5 0.0517 0.1833 0.0230 0.0225 0.0235 0.0333 0.6627 
        D311  5 0.0510 0.1787 0.0872 0.3498 0.0337 0.1353 0.1643 
        D312  5 0.0743 0.1304 0.0968 0.3285 0.0481 0.1238 0.1981 
        D313  5 0.6573 0.0222 0.2539 0.0123 0.0124 0.0186 0.0233 
        D314  5 0.1727 0.1457 0.2426 0.1822 0.1151 0.0376 0.1041 
        D315  5 0.1484 0.0984 0.0643 0.0520 0.0510 0.2459 0.3401 
        D317  5 0.0254 0.0318 0.0315 0.0248 0.0250 0.0453 0.8162 
        D318  5 0.0813 0.2621 0.1655 0.1577 0.1005 0.1438 0.0891 
        D319  5 0.1075 0.0343 0.0243 0.0156 0.0307 0.0268 0.7608 
        D320  5 0.0651 0.0492 0.0425 0.0751 0.0234 0.0338 0.7109 
        D321  5 0.6545 0.0613 0.0381 0.0194 0.0497 0.0698 0.1073 
        D336  5 0.0267 0.0985 0.0482 0.1010 0.0162 0.0334 0.6760 
        D337  5 0.0252 0.0293 0.0132 0.0409 0.0429 0.0282 0.8203 
        D338  5 0.0739 0.2012 0.1906 0.0865 0.0917 0.1924 0.1636 
        D339  5 0.0698 0.1079 0.0518 0.0280 0.0472 0.0454 0.6499 
        D347  5 0.0623 0.2839 0.0637 0.1824 0.1409 0.1816 0.0851 
        D348  5 0.0314 0.0782 0.0208 0.1068 0.0245 0.0318 0.7066 
        D349  5 0.8719 0.0216 0.0162 0.0212 0.0148 0.0169 0.0374 
        D350  5 0.0162 0.0213 0.0220 0.8735 0.0207 0.0248 0.0214 
        D355  5 0.0550 0.2576 0.0597 0.0795 0.3743 0.1435 0.0304 
        D356  5 0.0529 0.1106 0.1264 0.0669 0.0377 0.2441 0.3614 
        D357  5 0.1631 0.3210 0.1066 0.1227 0.0738 0.0823 0.1305 
        D358  5 0.0728 0.1189 0.0583 0.1729 0.0590 0.0864 0.4317 
        D359  5 0.0598 0.0757 0.0229 0.0777 0.0262 0.3051 0.4326 
        D360  5 0.0489 0.0982 0.1295 0.0429 0.0224 0.1151 0.5429 
        D361  5 0.8499 0.0262 0.0220 0.0181 0.0216 0.0306 0.0315 
        D366  5 0.0267 0.0553 0.0332 0.0251 0.1539 0.6836 0.0223 
        D367  5 0.1850 0.1746 0.0708 0.1243 0.0212 0.0313 0.3928 
        D368  5 0.3519 0.1707 0.0454 0.0430 0.0314 0.1090 0.2486 
        D380  5 0.0586 0.2457 0.0637 0.4283 0.0508 0.1193 0.0336 
        D381  5 0.0699 0.2097 0.0250 0.0725 0.0655 0.0661 0.4914 
        D400  5 0.0481 0.1155 0.1256 0.2234 0.1650 0.0651 0.2574 
        D411  5 0.1894 0.0925 0.6241 0.0257 0.0291 0.0237 0.0154 
        D412  5 0.1481 0.4072 0.0756 0.0741 0.0943 0.1063 0.0943 
        D413  5 0.0278 0.0942 0.0821 0.0528 0.6069 0.0982 0.0380 
        D414  5 0.0259 0.0661 0.0422 0.7293 0.0919 0.0264 0.0183 
        D420  5 0.0745 0.3823 0.3282 0.0369 0.0817 0.0355 0.0609 
        D431  5 0.2117 0.1846 0.1493 0.2927 0.0771 0.0194 0.0652 
        D432  5 0.0880 0.1042 0.0935 0.0563 0.0799 0.0768 0.5013 
        D433  5 0.1636 0.0630 0.0328 0.0379 0.0690 0.0751 0.5586 
        D434  5 0.1290 0.1283 0.0464 0.0499 0.0452 0.1180 0.4832 
        D440  5 0.0233 0.0282 0.0303 0.8680 0.0121 0.0167 0.0214 
        D447  5 0.0325 0.2995 0.1620 0.0753 0.0434 0.3578 0.0294 
        D448  5 0.0561 0.1245 0.0875 0.1176 0.0703 0.0833 0.4607 
        D459  5 0.0319 0.0452 0.0266 0.0475 0.7497 0.0693 0.0298 
        D460  5 0.7524 0.0354 0.0201 0.0238 0.0212 0.0775 0.0695 
        D461  5 0.0210 0.0214 0.0221 0.8324 0.0178 0.0598 0.0256 
        D468  5 0.1852 0.2001 0.0717 0.0672 0.0442 0.2560 0.1756 
        D469  5 0.0768 0.0768 0.0779 0.0780 0.0289 0.5612 0.1004 
        D470  5 0.0863 0.1267 0.4356 0.1546 0.0278 0.0734 0.0955 
        D471  5 0.0457 0.0741 0.0454 0.1009 0.0576 0.0765 0.5997 
        D472  5 0.0197 0.0334 0.0214 0.0180 0.2000 0.6885 0.0191 
        D479  5 0.0344 0.0614 0.0288 0.2142 0.6050 0.0346 0.0217 
        D485  5 0.0655 0.1009 0.0939 0.5883 0.0492 0.0334 0.0688 
        D486  5 0.1402 0.2432 0.2440 0.1027 0.0300 0.1447 0.0952 
        D487  5 0.0749 0.1250 0.1474 0.1744 0.2095 0.0381 0.2307 
        D555  5 0.0269 0.0255 0.0224 0.0261 0.0566 0.0291 0.8135 
        D556  5 0.1361 0.1044 0.0927 0.3367 0.1161 0.0451 0.1689 
        D557  5 0.0531 0.0320 0.0190 0.0403 0.0358 0.0310 0.7889 
        D564  5 0.1895 0.1132 0.0446 0.3001 0.0219 0.0584 0.2724 
        D594  5 0.1537 0.3147 0.0400 0.1297 0.0903 0.2102 0.0615 
        D595  5 0.0912 0.1268 0.0929 0.0765 0.0967 0.1858 0.3301 
        D596  5 0.0369 0.0244 0.0195 0.0183 0.0303 0.0264 0.8443 
        D597  5 0.0340 0.0618 0.0246 0.0830 0.3659 0.1402 0.2905 
        D598  5 0.0987 0.0877 0.1099 0.1255 0.0562 0.1065 0.4154 
        D617  5 0.1364 0.1424 0.5275 0.0325 0.1078 0.0339 0.0195 
        D618  5 0.0761 0.0682 0.0565 0.0824 0.0876 0.0633 0.5659 
        D619  5 0.4778 0.1093 0.0187 0.0547 0.0481 0.1727 0.1187 
        D620  5 0.0276 0.0197 0.0256 0.0269 0.8243 0.0511 0.0248 
        D628  5 0.0446 0.0972 0.0814 0.6808 0.0205 0.0275 0.0480 
        D714  5 0.0509 0.1186 0.0375 0.4521 0.1530 0.0206 0.1671 
        D715  5 0.0315 0.0475 0.0294 0.0465 0.0557 0.0883 0.7012 
        D716  5 0.0323 0.2157 0.1020 0.3249 0.1385 0.1056 0.0809 
        D717  5 0.1005 0.1258 0.0878 0.1211 0.0473 0.3208 0.1966 
        D718  5 0.1945 0.2937 0.2318 0.0757 0.0698 0.0212 0.1132 
        D769  5 0.0982 0.1526 0.5443 0.0618 0.0800 0.0345 0.0287 
        D770  5 0.0458 0.1013 0.0894 0.4630 0.1720 0.0423 0.0861 
        D771  5 0.0925 0.1830 0.1841 0.1201 0.2665 0.0593 0.0945 
        D772  5 0.0270 0.0450 0.0555 0.7066 0.0268 0.0344 0.1047 
        D782  5 0.1625 0.4712 0.0342 0.0345 0.2015 0.0609 0.0353 
        D783  5 0.0363 0.1202 0.0340 0.4763 0.2025 0.0221 0.1086 
        D784  5 0.0485 0.1490 0.0715 0.2673 0.0598 0.2879 0.1159 
        D785  5 0.1204 0.0492 0.0357 0.1242 0.0211 0.0362 0.6133 
        D786  5 0.2047 0.0959 0.3007 0.1623 0.0480 0.1651 0.0232 
        D821  5 0.0142 0.0152 0.0126 0.0288 0.0128 0.0132 0.9033 
        D822  5 0.1183 0.2237 0.0420 0.1506 0.0897 0.2556 0.1201 
        D826  5 0.1134 0.1068 0.0538 0.0871 0.1929 0.0673 0.3787 
        D827  5 0.0365 0.2524 0.1335 0.0990 0.1013 0.3418 0.0354 
        D851  5 0.0865 0.3898 0.0615 0.0977 0.0556 0.1173 0.1916 
        D852  5 0.1663 0.0834 0.0474 0.3992 0.1274 0.0337 0.1425 
        D853  5 0.1027 0.1489 0.1500 0.0654 0.0764 0.0945 0.3620 
        D854  5 0.1624 0.2848 0.1251 0.1188 0.1467 0.1388 0.0234 
        D861  5 0.1417 0.2795 0.1313 0.0799 0.1348 0.0846 0.1482 
        D862  5 0.1068 0.1579 0.0553 0.0886 0.0338 0.3150 0.2426 
        D865  5 0.1333 0.0519 0.0323 0.0563 0.0547 0.0313 0.6402 
        D868  5 0.0441 0.0443 0.1103 0.0304 0.0434 0.6274 0.1001 
        D869  5 0.1862 0.0860 0.5943 0.0182 0.0300 0.0540 0.0312 
        D870  5 0.0234 0.6057 0.1830 0.0288 0.0448 0.0983 0.0159 
        D907  5 0.1170 0.1000 0.0583 0.0323 0.0301 0.0371 0.6252 
        D908  5 0.1753 0.0773 0.0522 0.2132 0.2573 0.0286 0.1961 
        D910  5 0.0546 0.1017 0.0377 0.0981 0.2703 0.0927 0.3449 
        D911  5 0.0326 0.2656 0.0519 0.0390 0.5054 0.0697 0.0358 
        D934  5 0.0970 0.1657 0.0775 0.4104 0.1375 0.0636 0.0484 
        D946  5 0.2028 0.0741 0.0790 0.4680 0.0911 0.0218 0.0632 
        D947  5 0.0842 0.2128 0.1172 0.3243 0.0547 0.1642 0.0426 
        D948  5 0.8037 0.0181 0.0163 0.0127 0.0184 0.0393 0.0915 
        D949  5 0.7746 0.0227 0.0257 0.0224 0.0165 0.0479 0.0901 
        D950  5 0.0451 0.2001 0.0458 0.0498 0.5261 0.0915 0.0416 
        D951  5 0.0651 0.3674 0.0432 0.0794 0.0272 0.3719 0.0457 
        D952  5 0.0539 0.0366 0.0532 0.0432 0.0465 0.6626 0.1040 
        D953  5 0.0711 0.0536 0.0401 0.0481 0.0338 0.1272 0.6259 
        D954  5 0.0907 0.1283 0.0210 0.0353 0.0190 0.4765 0.2292 
        D961  5 0.0742 0.1231 0.1814 0.4657 0.0439 0.0200 0.0916 
        D962  5 0.0378 0.0550 0.0268 0.4927 0.0122 0.0415 0.3339 
        D963  5 0.0342 0.0773 0.0582 0.2071 0.0515 0.2578 0.3139 
        D964  5 0.1131 0.2431 0.2001 0.2373 0.0919 0.0412 0.0733 
        D965  5 0.0488 0.1473 0.0899 0.5348 0.0769 0.0448 0.0574 
        D966  5 0.0425 0.1234 0.0695 0.3205 0.1140 0.1682 0.1619 
        D967  5 0.2896 0.1298 0.0595 0.0500 0.2087 0.0498 0.2127 
        D991  5 0.1423 0.0764 0.1583 0.4536 0.0314 0.0566 0.0813 
        D502  6 0.0975 0.4225 0.1496 0.1764 0.1181 0.0254 0.0106 
        D503  6 0.1407 0.2272 0.2333 0.0266 0.2529 0.0374 0.0818 
        D504  6 0.0720 0.1126 0.0818 0.1744 0.0536 0.4116 0.0939 
        D505  6 0.0852 0.1948 0.1080 0.1525 0.1121 0.1077 0.2396 
        D506  6 0.0165 0.0333 0.0189 0.0152 0.0141 0.0302 0.8719 
        D507  6 0.0626 0.1135 0.0638 0.6051 0.0750 0.0480 0.0321 
        D508  6 0.1015 0.2770 0.1053 0.2039 0.1185 0.1538 0.0399 
        D529  6 0.0584 0.2455 0.3709 0.0614 0.0500 0.1107 0.1031 
        D530  6 0.1726 0.1970 0.1313 0.2756 0.0668 0.0280 0.1286 
        D531  6 0.0918 0.1913 0.1512 0.1282 0.0618 0.2822 0.0935 
        D532  6 0.0640 0.2282 0.0606 0.1183 0.0615 0.2636 0.2038 
        D534  6 0.3069 0.0905 0.4268 0.0613 0.0370 0.0478 0.0297 
        D535  6 0.1967 0.1520 0.0425 0.0789 0.0399 0.1846 0.3053 
        D536  6 0.0298 0.1812 0.1315 0.0385 0.5678 0.0340 0.0172 
        D554  6 0.1006 0.1670 0.1306 0.2881 0.0377 0.0532 0.2228 
        D587  6 0.0336 0.0633 0.0422 0.0395 0.0527 0.0894 0.6792 
        D588  6 0.1004 0.2432 0.0250 0.0399 0.0353 0.2076 0.3486 
        D589  6 0.0940 0.3471 0.1145 0.0531 0.2277 0.0450 0.1186 
        D590  6 0.0556 0.1065 0.0334 0.0318 0.6690 0.0675 0.0363 
        D591  6 0.0563 0.3963 0.1561 0.0632 0.1166 0.0633 0.1482 
        D592  6 0.2796 0.0901 0.3959 0.0271 0.0427 0.0649 0.0998 
        D593  6 0.1143 0.0904 0.1126 0.4998 0.0515 0.0182 0.1133 
        D682  6 0.0354 0.0366 0.0215 0.0255 0.0224 0.0264 0.8323 
        D683  6 0.0269 0.1164 0.0768 0.0343 0.0281 0.4769 0.2407 
        D684  6 0.0931 0.3261 0.2758 0.0466 0.1875 0.0491 0.0218 
        D685  6 0.0630 0.6892 0.0549 0.0639 0.0762 0.0162 0.0366 
        D686  6 0.1572 0.3124 0.0307 0.1058 0.0340 0.0583 0.3016 
        D724  6 0.1783 0.2181 0.1332 0.1993 0.0602 0.1875 0.0234 
        D725  6 0.0442 0.1968 0.1083 0.3682 0.1675 0.0361 0.0789 
        D726  6 0.0255 0.0412 0.0270 0.0411 0.0157 0.0383 0.8111 
        D727  6 0.0422 0.1646 0.0612 0.0239 0.3971 0.2437 0.0673 
        D728  6 0.1135 0.0966 0.0467 0.1327 0.0260 0.0696 0.5149 
        D729  6 0.2787 0.1530 0.0550 0.0169 0.1450 0.3301 0.0214 
        D730  6 0.1888 0.1575 0.1419 0.2400 0.0774 0.1604 0.0341 
        D731  6 0.0259 0.0306 0.0181 0.0197 0.1350 0.0158 0.7549 
        D732  6 0.0463 0.0990 0.0738 0.5500 0.0386 0.1610 0.0313 
        D733  6 0.0481 0.0825 0.1138 0.6261 0.0391 0.0442 0.0461 
     D237251  7 0.0916 0.1093 0.1319 0.2395 0.3444 0.0387 0.0447 
     D237252  7 0.2547 0.1310 0.3290 0.0777 0.1436 0.0419 0.0221 
     D237253  7 0.0624 0.2593 0.1211 0.0745 0.2243 0.0700 0.1884 
     D237254  7 0.0193 0.2407 0.6753 0.0125 0.0191 0.0197 0.0133 
     D237255  7 0.0253 0.0659 0.0436 0.0312 0.7805 0.0250 0.0284 
     D237256  7 0.0488 0.2634 0.0512 0.1490 0.4009 0.0487 0.0380 
     D237257  7 0.1473 0.4349 0.2194 0.0617 0.0640 0.0474 0.0253 
