        D174  1 0.0918 0.0689 0.0240 0.0555 0.0754 0.1305 0.0168 0.4101 0.0736 0.0534 
        D199  1 0.1213 0.0289 0.0901 0.1733 0.0640 0.2141 0.0378 0.1287 0.0287 0.1131 
        D203  1 0.0651 0.0783 0.0958 0.2651 0.0740 0.0356 0.0358 0.0569 0.1312 0.1622 
        D204  1 0.0254 0.0202 0.0150 0.7741 0.0237 0.0166 0.0738 0.0140 0.0168 0.0206 
     D237366  1 0.0694 0.0181 0.0450 0.0360 0.0452 0.2291 0.0824 0.0368 0.4086 0.0294 
     D237367  1 0.1321 0.0490 0.0257 0.1691 0.1004 0.2729 0.0411 0.0307 0.0907 0.0883 
     D237368  1 0.1177 0.0920 0.0296 0.1522 0.0303 0.3231 0.0357 0.1034 0.0481 0.0679 
     D244101  1 0.0950 0.0197 0.1054 0.1824 0.0271 0.0235 0.4447 0.0170 0.0241 0.0612 
     D244102  1 0.0788 0.1303 0.0568 0.0734 0.3255 0.0442 0.0903 0.0323 0.1259 0.0426 
     D244103  1 0.0777 0.0320 0.0251 0.0572 0.0493 0.5739 0.0337 0.0392 0.0831 0.0287 
     D244104  1 0.0334 0.0586 0.0423 0.6195 0.0133 0.0567 0.0266 0.0958 0.0215 0.0324 
     D244105  1 0.1107 0.0602 0.0312 0.0274 0.0206 0.0336 0.0214 0.0129 0.6613 0.0206 
     D244106  1 0.0710 0.0213 0.0578 0.0633 0.0750 0.0295 0.0196 0.5183 0.0716 0.0726 
     D244107  1 0.0516 0.1596 0.0200 0.0244 0.0157 0.5745 0.0556 0.0152 0.0179 0.0654 
     D244108  1 0.0604 0.3626 0.0497 0.0630 0.0623 0.0210 0.0378 0.2402 0.0643 0.0389 
     D244113  1 0.0441 0.0269 0.0176 0.0154 0.3405 0.0370 0.0929 0.3612 0.0176 0.0469 
     D244114  1 0.2342 0.0287 0.1511 0.0572 0.0666 0.0945 0.0439 0.0564 0.2387 0.0287 
     D244115  1 0.1788 0.1846 0.0424 0.1246 0.0534 0.0412 0.0355 0.2698 0.0479 0.0218 
     D267365  1 0.0663 0.0317 0.1233 0.4002 0.0416 0.0821 0.0318 0.1612 0.0360 0.0257 
        D404  1 0.0406 0.0489 0.0190 0.0173 0.5286 0.0208 0.0728 0.1950 0.0239 0.0331 
        D405  1 0.0613 0.0673 0.0513 0.0784 0.5089 0.0300 0.0531 0.0491 0.0318 0.0688 
        D406  1 0.0358 0.1967 0.0178 0.0841 0.0242 0.1024 0.0261 0.0360 0.4601 0.0166 
        D407  1 0.0366 0.0111 0.0155 0.2173 0.0219 0.5476 0.0160 0.0229 0.0309 0.0802 
        D408  1 0.0650 0.0679 0.1245 0.0596 0.1070 0.0855 0.0372 0.4131 0.0191 0.0211 
        D409  1 0.1264 0.0448 0.0415 0.0999 0.0389 0.4796 0.0494 0.0429 0.0284 0.0483 
        D410  1 0.0290 0.7813 0.0164 0.0527 0.0193 0.0226 0.0302 0.0220 0.0160 0.0105 
        D421  1 0.0206 0.0099 0.0130 0.7961 0.0091 0.0677 0.0087 0.0189 0.0122 0.0438 
        D422  1 0.0262 0.0180 0.0201 0.0201 0.0146 0.7879 0.0129 0.0121 0.0683 0.0198 
        D423  1 0.0406 0.6384 0.0131 0.0482 0.0200 0.1095 0.0146 0.0148 0.0458 0.0550 
        D424  1 0.1555 0.0165 0.0144 0.5470 0.0216 0.0840 0.0189 0.0366 0.0889 0.0167 
        D425  1 0.1794 0.0649 0.0465 0.3551 0.0893 0.0713 0.0303 0.0722 0.0653 0.0256 
        D426  1 0.1310 0.0123 0.0639 0.0207 0.0116 0.6952 0.0158 0.0220 0.0123 0.0153 
        D427  1 0.0294 0.0130 0.0223 0.2675 0.0140 0.0501 0.0127 0.1855 0.0124 0.3932 
        D428  1 0.1297 0.0813 0.0326 0.1587 0.1002 0.1336 0.0858 0.1956 0.0328 0.0496 
        D429  1 0.0963 0.0257 0.0478 0.3403 0.0686 0.0320 0.0311 0.1466 0.1837 0.0278 
        D430  1 0.1731 0.0354 0.1520 0.0549 0.2164 0.1110 0.0261 0.1111 0.0695 0.0505 
        D491  1 0.0433 0.0584 0.0350 0.0723 0.0420 0.0669 0.0299 0.6199 0.0213 0.0110 
        D492  1 0.1990 0.0357 0.0232 0.1944 0.0707 0.2044 0.0501 0.1309 0.0410 0.0506 
        D537  1 0.0860 0.0577 0.0161 0.3693 0.0441 0.1939 0.0678 0.0260 0.1059 0.0331 
        D538  1 0.1222 0.1477 0.0402 0.0499 0.2776 0.0936 0.0618 0.0730 0.0343 0.0997 
        D539  1 0.0689 0.0573 0.2531 0.0303 0.0586 0.0241 0.0543 0.0889 0.3335 0.0311 
        D540  1 0.2206 0.0571 0.0646 0.2352 0.0602 0.2275 0.0292 0.0340 0.0420 0.0297 
        D541  1 0.0188 0.0153 0.0148 0.8763 0.0110 0.0143 0.0129 0.0105 0.0115 0.0144 
        D551  1 0.2261 0.0175 0.1193 0.0309 0.0254 0.3316 0.0214 0.0242 0.0988 0.1049 
        D552  1 0.1038 0.3053 0.0452 0.1658 0.0193 0.0371 0.0492 0.1474 0.0987 0.0281 
        D553  1 0.0146 0.0109 0.0117 0.8886 0.0088 0.0202 0.0130 0.0128 0.0100 0.0095 
        D615  1 0.1169 0.1127 0.0689 0.3813 0.0994 0.0311 0.0185 0.0612 0.0565 0.0535 
        D616  1 0.1624 0.0891 0.0627 0.2711 0.0318 0.1123 0.0174 0.0616 0.0487 0.1429 
        D621  1 0.0597 0.2825 0.0278 0.0112 0.0449 0.0604 0.2317 0.0704 0.1954 0.0161 
        D622  1 0.0769 0.2218 0.0292 0.0359 0.0225 0.1565 0.0381 0.0364 0.3607 0.0222 
        D623  1 0.0500 0.0472 0.0437 0.0244 0.1760 0.0262 0.2142 0.2358 0.0193 0.1631 
        D624  1 0.0425 0.0249 0.0206 0.0312 0.0177 0.0359 0.0093 0.7731 0.0320 0.0129 
        D625  1 0.0393 0.0427 0.0159 0.6853 0.0284 0.0426 0.0413 0.0547 0.0368 0.0130 
        D626  1 0.0801 0.1622 0.0629 0.0498 0.0558 0.0754 0.0261 0.2952 0.1628 0.0297 
        D627  1 0.2538 0.0123 0.1052 0.0883 0.0212 0.4141 0.0212 0.0325 0.0307 0.0206 
        D690  1 0.0221 0.0610 0.0138 0.7517 0.0143 0.0398 0.0223 0.0473 0.0178 0.0099 
        D691  1 0.0273 0.0728 0.0212 0.0460 0.0170 0.1116 0.0195 0.0345 0.6333 0.0169 
        D710  1 0.0796 0.1132 0.0379 0.1586 0.0526 0.2804 0.1120 0.1045 0.0180 0.0432 
        D711  1 0.0261 0.0222 0.0167 0.7501 0.0390 0.0281 0.0375 0.0349 0.0275 0.0180 
        D712  1 0.0557 0.0405 0.0721 0.0364 0.0806 0.0738 0.0288 0.5314 0.0443 0.0362 
        D713  1 0.0922 0.0475 0.0285 0.1160 0.1783 0.1638 0.1406 0.1442 0.0707 0.0182 
        D746  1 0.0280 0.0867 0.0184 0.0636 0.0133 0.2977 0.0219 0.0201 0.4185 0.0317 
        D747  1 0.0170 0.0139 0.0194 0.8522 0.0118 0.0167 0.0222 0.0140 0.0140 0.0187 
        D748  1 0.0453 0.0633 0.0261 0.1427 0.0236 0.1783 0.0584 0.0316 0.4171 0.0136 
        D749  1 0.2651 0.1384 0.0323 0.0254 0.0524 0.0970 0.0735 0.0767 0.1996 0.0394 
        D750  1 0.0334 0.0644 0.0237 0.1220 0.0280 0.0474 0.0440 0.5884 0.0328 0.0158 
        D763  1 0.1325 0.0346 0.1850 0.0636 0.0445 0.1328 0.2240 0.0209 0.0722 0.0898 
        D764  1 0.0546 0.0612 0.0182 0.4563 0.0236 0.1074 0.0157 0.2258 0.0215 0.0157 
        D765  1 0.0634 0.5858 0.0306 0.0270 0.0470 0.0379 0.0126 0.0966 0.0839 0.0152 
        D766  1 0.0545 0.4290 0.0136 0.0436 0.0266 0.0813 0.1025 0.0298 0.1899 0.0291 
        D767  1 0.0678 0.0713 0.0237 0.0921 0.2349 0.0380 0.1988 0.0314 0.1509 0.0913 
        D768  1 0.0353 0.0165 0.0137 0.8044 0.0109 0.0481 0.0121 0.0122 0.0269 0.0199 
        D811  1 0.0389 0.1386 0.0319 0.0165 0.6287 0.0279 0.0204 0.0657 0.0148 0.0166 
        D816  1 0.0192 0.0143 0.0147 0.8476 0.0142 0.0197 0.0148 0.0221 0.0209 0.0126 
        D825  1 0.1028 0.3647 0.0289 0.0786 0.1664 0.0418 0.0253 0.1433 0.0336 0.0147 
        D866  1 0.0781 0.0579 0.4058 0.0618 0.0619 0.0269 0.0162 0.1641 0.0268 0.1006 
        D867  1 0.0486 0.0309 0.0178 0.0181 0.0247 0.6336 0.0797 0.0182 0.0828 0.0458 
        D871  1 0.1469 0.0196 0.0383 0.0527 0.0575 0.5682 0.0347 0.0348 0.0266 0.0206 
        D872  1 0.0752 0.1913 0.0231 0.2823 0.1965 0.0348 0.0383 0.0350 0.0665 0.0570 
        D873  1 0.0198 0.8061 0.0091 0.0087 0.0369 0.0239 0.0511 0.0122 0.0126 0.0197 
        D874  1 0.0429 0.0132 0.0271 0.0699 0.0460 0.0195 0.6569 0.0851 0.0222 0.0171 
        D875  1 0.1383 0.0523 0.0202 0.0249 0.0352 0.6151 0.0196 0.0167 0.0652 0.0125 
        D876  1 0.0521 0.0613 0.0644 0.5581 0.0238 0.0229 0.0548 0.0708 0.0737 0.0181 
        D877  1 0.0430 0.0208 0.0183 0.0289 0.6891 0.0150 0.0573 0.0880 0.0210 0.0185 
        D892  1 0.0568 0.0409 0.0174 0.2886 0.0483 0.1134 0.0327 0.1348 0.2545 0.0127 
        D893  1 0.0618 0.0372 0.0444 0.6371 0.0184 0.0705 0.0369 0.0145 0.0508 0.0285 
        D894  1 0.0873 0.0239 0.0376 0.6057 0.0395 0.0546 0.0306 0.0541 0.0398 0.0271 
        D915  1 0.0885 0.1239 0.0306 0.4472 0.0254 0.0816 0.0210 0.0386 0.1151 0.0280 
        D916  1 0.0165 0.0128 0.0111 0.8815 0.0108 0.0163 0.0104 0.0141 0.0159 0.0107 
        D917  1 0.1280 0.0253 0.0755 0.1422 0.0600 0.1288 0.1345 0.2470 0.0201 0.0386 
        D925  1 0.0235 0.5306 0.0319 0.2413 0.0252 0.0286 0.0102 0.0696 0.0261 0.0129 
        D926  1 0.1654 0.0376 0.0354 0.4401 0.0310 0.0490 0.0603 0.0689 0.0958 0.0166 
        D927  1 0.1084 0.0218 0.1047 0.2896 0.0450 0.0964 0.0355 0.0540 0.0450 0.1995 
        D928  1 0.0197 0.0244 0.0144 0.0764 0.0284 0.0171 0.0198 0.7756 0.0110 0.0133 
        D929  1 0.0402 0.0263 0.0179 0.0279 0.3310 0.0305 0.3694 0.0515 0.0869 0.0183 
        D936  1 0.0404 0.0224 0.0769 0.6112 0.0211 0.0208 0.1116 0.0236 0.0343 0.0376 
        D938  1 0.0467 0.2252 0.0168 0.0175 0.0188 0.1661 0.0433 0.0189 0.4323 0.0145 
        D956  1 0.0698 0.0446 0.0251 0.0323 0.1849 0.0223 0.0277 0.5261 0.0411 0.0261 
        D957  1 0.0492 0.4084 0.0305 0.1590 0.0818 0.0238 0.0836 0.0402 0.0922 0.0313 
        D958  1 0.0867 0.2964 0.0184 0.1859 0.0552 0.0494 0.0687 0.0982 0.1149 0.0262 
        D959  1 0.0393 0.0123 0.0100 0.1733 0.0164 0.6319 0.0116 0.0185 0.0405 0.0462 
        D960  1 0.0854 0.2020 0.0180 0.0229 0.0349 0.0923 0.0464 0.0369 0.4362 0.0249 
        D989  1 0.0652 0.0248 0.1090 0.0405 0.0404 0.0506 0.0287 0.5384 0.0361 0.0664 
        D990  1 0.0503 0.6390 0.1273 0.0206 0.0179 0.0139 0.0202 0.0501 0.0239 0.0368 
        D023  2 0.0167 0.0141 0.0119 0.0217 0.0094 0.8814 0.0114 0.0095 0.0123 0.0117 
        D130  2 0.0394 0.0332 0.0151 0.0748 0.1022 0.2354 0.0164 0.0113 0.4339 0.0384 
        D131  2 0.2673 0.0653 0.0784 0.3051 0.0607 0.0512 0.0461 0.0397 0.0493 0.0369 
        D163  2 0.0554 0.0412 0.0381 0.0344 0.0173 0.6270 0.0401 0.0345 0.0998 0.0121 
        D164  2 0.0152 0.3744 0.0105 0.0107 0.0105 0.0169 0.0117 0.0097 0.0179 0.5225 
        D165  2 0.0169 0.0162 0.0152 0.0250 0.0121 0.8438 0.0169 0.0125 0.0222 0.0191 
        D166  2 0.1087 0.0371 0.0418 0.0291 0.5040 0.0467 0.0764 0.0139 0.1071 0.0351 
        D167  2 0.0165 0.0134 0.0153 0.0151 0.0632 0.0138 0.0182 0.0294 0.0113 0.8039 
        D192  2 0.0155 0.0117 0.0233 0.0084 0.0172 0.0109 0.0208 0.0175 0.0121 0.8626 
        D193  2 0.0786 0.0380 0.0573 0.0231 0.4284 0.0212 0.0564 0.1393 0.1313 0.0263 
        D206  2 0.0889 0.0336 0.0255 0.0581 0.0386 0.2198 0.0370 0.0251 0.0707 0.4026 
        D207  2 0.0880 0.0173 0.0731 0.0243 0.2132 0.0627 0.0187 0.0167 0.0286 0.4574 
        D208  2 0.0929 0.0831 0.2991 0.0611 0.0787 0.0415 0.0382 0.1480 0.0907 0.0666 
        D209  2 0.2116 0.0555 0.0337 0.0266 0.0399 0.1277 0.1104 0.0280 0.0181 0.3485 
        D210  2 0.0587 0.0254 0.1681 0.0424 0.0229 0.0324 0.0323 0.4861 0.0475 0.0843 
     D229599  2 0.1450 0.0667 0.2122 0.1735 0.0442 0.1080 0.1393 0.0486 0.0303 0.0322 
     D229600  2 0.0521 0.0688 0.0204 0.0282 0.0560 0.1919 0.0257 0.0228 0.1955 0.3385 
     D237227  2 0.0820 0.1634 0.1206 0.0476 0.0287 0.0448 0.0230 0.4134 0.0245 0.0520 
     D237228  2 0.0873 0.5449 0.0625 0.0133 0.0499 0.0168 0.0165 0.1446 0.0193 0.0448 
     D237258  2 0.1286 0.0649 0.1234 0.0614 0.1026 0.1907 0.0624 0.0571 0.0358 0.1731 
     D237310  2 0.0529 0.4494 0.0245 0.0106 0.2663 0.0283 0.0332 0.0371 0.0380 0.0598 
     D237311  2 0.0407 0.5463 0.0277 0.0153 0.0734 0.0306 0.0148 0.0304 0.0561 0.1647 
     D237312  2 0.0480 0.1946 0.0219 0.0240 0.3752 0.0646 0.0671 0.0291 0.1537 0.0217 
     D237313  2 0.1767 0.1935 0.1415 0.1466 0.0402 0.0284 0.0682 0.0645 0.1204 0.0200 
     D237322  2 0.2408 0.0893 0.2261 0.0321 0.1059 0.0271 0.0902 0.0744 0.0783 0.0357 
     D237323  2 0.0365 0.5088 0.0476 0.0177 0.0787 0.0298 0.0289 0.1643 0.0623 0.0254 
     D237324  2 0.2962 0.0541 0.0853 0.0571 0.0253 0.1144 0.0353 0.0135 0.1209 0.1979 
     D237325  2 0.0647 0.2248 0.0319 0.0260 0.0531 0.0482 0.0724 0.0694 0.3339 0.0756 
     D237326  2 0.0504 0.6221 0.0235 0.0589 0.0187 0.0614 0.0380 0.0567 0.0384 0.0319 
     D237327  2 0.2100 0.0215 0.2515 0.0563 0.0289 0.1123 0.0764 0.0318 0.1213 0.0901 
     D237337  2 0.0253 0.7742 0.0202 0.0206 0.0319 0.0123 0.0212 0.0362 0.0414 0.0166 
     D237338  2 0.1126 0.1660 0.0784 0.0544 0.0301 0.0635 0.0829 0.1296 0.2096 0.0728 
     D237339  2 0.1006 0.0274 0.0288 0.0360 0.0390 0.0193 0.5366 0.0157 0.0315 0.1651 
     D237340  2 0.0658 0.2950 0.0366 0.0182 0.1097 0.0323 0.0286 0.1189 0.1289 0.1660 
     D237389  2 0.0453 0.4801 0.0159 0.0162 0.2003 0.0342 0.0258 0.0169 0.0709 0.0944 
     D237390  2 0.0649 0.2337 0.0542 0.0284 0.1593 0.0331 0.0382 0.0560 0.3119 0.0202 
     D244017  2 0.0683 0.0276 0.0350 0.0232 0.2829 0.0608 0.0190 0.2019 0.0136 0.2678 
     D244112  2 0.0196 0.0208 0.0166 0.0135 0.0345 0.0165 0.0137 0.0173 0.0230 0.8245 
     D244118  2 0.0264 0.1063 0.0249 0.0122 0.0267 0.0620 0.0317 0.0245 0.0690 0.6163 
     D244119  2 0.0243 0.0248 0.0187 0.0173 0.0225 0.0137 0.0099 0.6142 0.0117 0.2427 
     D244120  2 0.0389 0.0271 0.1047 0.0124 0.3415 0.0330 0.0614 0.0437 0.0576 0.2799 
     D244122  2 0.0441 0.0391 0.0261 0.0251 0.0890 0.0248 0.0355 0.0353 0.0506 0.6303 
        D291  2 0.1235 0.0357 0.4496 0.0595 0.0739 0.1565 0.0167 0.0165 0.0282 0.0398 
        D292  2 0.0739 0.0514 0.2555 0.2824 0.0443 0.0289 0.0360 0.0459 0.0224 0.1592 
        D293  2 0.0670 0.0100 0.0221 0.1525 0.0141 0.0206 0.0618 0.0145 0.0176 0.6197 
        D322  2 0.0862 0.0301 0.0245 0.1092 0.0213 0.0406 0.1188 0.0156 0.0148 0.5389 
        D323  2 0.1408 0.0681 0.0877 0.0544 0.2213 0.0768 0.1076 0.0395 0.0461 0.1578 
        D324  2 0.1693 0.0837 0.2563 0.1122 0.0294 0.2040 0.0271 0.0376 0.0468 0.0336 
        D325  2 0.0371 0.0117 0.0381 0.0398 0.0109 0.0276 0.0291 0.0092 0.0229 0.7736 
        D326  2 0.0280 0.0093 0.0232 0.8607 0.0108 0.0158 0.0137 0.0203 0.0084 0.0097 
        D340  2 0.0186 0.0155 0.0232 0.0216 0.0099 0.0148 0.0191 0.0187 0.0152 0.8435 
        D341  2 0.0483 0.0373 0.0531 0.0245 0.0302 0.0175 0.0332 0.0343 0.1916 0.5301 
        D342  2 0.0671 0.0798 0.0482 0.0215 0.0380 0.0552 0.0199 0.0167 0.0336 0.6200 
        D343  2 0.0127 0.0072 0.0126 0.0148 0.0070 0.0121 0.0126 0.0074 0.0090 0.9046 
        D344  2 0.0666 0.0431 0.0291 0.0872 0.1264 0.0146 0.4952 0.0171 0.0815 0.0393 
        D345  2 0.0977 0.4162 0.0726 0.0711 0.0180 0.0394 0.1915 0.0331 0.0214 0.0390 
        D346  2 0.0524 0.0484 0.0766 0.0456 0.0412 0.0973 0.0523 0.5017 0.0254 0.0592 
        D351  2 0.1487 0.0482 0.1293 0.3440 0.0546 0.0973 0.0678 0.0203 0.0466 0.0431 
        D352  2 0.0552 0.0391 0.0247 0.0194 0.0289 0.0329 0.7207 0.0452 0.0121 0.0217 
        D353  2 0.5258 0.0159 0.0224 0.2280 0.0204 0.0202 0.0974 0.0155 0.0289 0.0255 
        D354  2 0.0418 0.0605 0.0173 0.0548 0.0275 0.0144 0.7095 0.0399 0.0228 0.0116 
        D362  2 0.0345 0.0329 0.0220 0.6060 0.0284 0.1958 0.0189 0.0228 0.0165 0.0222 
        D363  2 0.0363 0.0416 0.0250 0.6713 0.0263 0.1083 0.0243 0.0382 0.0109 0.0178 
        D364  2 0.0659 0.0766 0.0213 0.3101 0.0209 0.0184 0.3987 0.0394 0.0318 0.0169 
        D365  2 0.0155 0.0100 0.0122 0.0152 0.0105 0.0114 0.0185 0.0178 0.0102 0.8788 
        D369  2 0.1152 0.1034 0.1086 0.2369 0.0406 0.0829 0.0194 0.1119 0.0380 0.1432 
        D374  2 0.0427 0.0397 0.0237 0.0184 0.3984 0.0137 0.0186 0.4087 0.0205 0.0155 
        D375  2 0.0301 0.0220 0.0117 0.0207 0.0295 0.0186 0.8210 0.0135 0.0226 0.0104 
        D376  2 0.0667 0.0606 0.0257 0.0130 0.1738 0.0162 0.0535 0.5287 0.0405 0.0214 
        D377  2 0.1285 0.2797 0.0762 0.0252 0.1709 0.0629 0.0765 0.0544 0.0580 0.0676 
        D378  2 0.1191 0.0292 0.0406 0.1443 0.0135 0.1565 0.1911 0.0277 0.0271 0.2508 
        D379  2 0.0864 0.0214 0.0327 0.5986 0.0274 0.0288 0.0707 0.0341 0.0792 0.0206 
        D384  2 0.0270 0.0137 0.0171 0.8323 0.0114 0.0144 0.0162 0.0387 0.0157 0.0136 
        D385  2 0.0286 0.0193 0.0223 0.0180 0.0229 0.0170 0.1211 0.0418 0.0158 0.6932 
        D386  2 0.1633 0.0318 0.0244 0.0932 0.0323 0.0560 0.4773 0.0170 0.0268 0.0778 
        D391  2 0.0274 0.0181 0.0293 0.0284 0.0198 0.0149 0.0640 0.0138 0.0195 0.7648 
        D392  2 0.0441 0.1131 0.0252 0.0667 0.0460 0.0370 0.0228 0.0475 0.0170 0.5806 
        D393  2 0.0645 0.0522 0.1407 0.2912 0.0160 0.0513 0.2367 0.0205 0.0450 0.0818 
        D394  2 0.1272 0.1496 0.0449 0.0760 0.0627 0.1472 0.1825 0.0451 0.0741 0.0906 
        D395  2 0.0886 0.0158 0.0310 0.0145 0.0367 0.0389 0.4127 0.0229 0.0169 0.3220 
        D401  2 0.0268 0.7929 0.0195 0.0154 0.0353 0.0232 0.0100 0.0274 0.0206 0.0288 
        D402  2 0.0284 0.0224 0.0590 0.0185 0.0226 0.0140 0.0594 0.0135 0.0170 0.7453 
        D403  2 0.2947 0.0245 0.0261 0.2079 0.0626 0.0452 0.0978 0.0176 0.1882 0.0354 
        D415  2 0.1660 0.0668 0.0180 0.5608 0.0223 0.0506 0.0286 0.0126 0.0510 0.0233 
        D435  2 0.0609 0.0334 0.0624 0.4391 0.0138 0.0410 0.0659 0.0132 0.0428 0.2275 
        D436  2 0.0640 0.0235 0.0257 0.1194 0.0809 0.0443 0.3813 0.0554 0.1797 0.0258 
        D438  2 0.0185 0.0104 0.0130 0.0084 0.0138 0.0154 0.0131 0.0181 0.0149 0.8742 
        D439  2 0.0717 0.0457 0.0307 0.0555 0.0130 0.0662 0.6483 0.0147 0.0177 0.0365 
        D449  2 0.0969 0.0150 0.0211 0.0454 0.0198 0.2897 0.0227 0.0205 0.0297 0.4392 
        D450  2 0.1311 0.0473 0.0616 0.1464 0.0694 0.0758 0.2112 0.1616 0.0757 0.0200 
        D456  2 0.0280 0.0111 0.0164 0.8472 0.0118 0.0232 0.0163 0.0166 0.0192 0.0103 
        D462  2 0.0273 0.0119 0.0200 0.0423 0.0146 0.0203 0.0830 0.0123 0.0180 0.7504 
        D463  2 0.0229 0.0192 0.0142 0.8327 0.0145 0.0128 0.0267 0.0330 0.0137 0.0103 
        D464  2 0.2689 0.0191 0.0264 0.0791 0.1549 0.0208 0.3128 0.0355 0.0215 0.0610 
        D465  2 0.0617 0.0601 0.0218 0.0863 0.0535 0.0900 0.0232 0.0210 0.0175 0.5651 
        D473  2 0.0808 0.0951 0.0421 0.0212 0.0550 0.0778 0.1044 0.4448 0.0279 0.0509 
        D474  2 0.0387 0.0370 0.1570 0.5265 0.0132 0.1029 0.0322 0.0370 0.0234 0.0321 
        D476  2 0.0398 0.0255 0.0269 0.0277 0.0135 0.1250 0.4840 0.0129 0.1937 0.0510 
        D477  2 0.0679 0.0965 0.0897 0.3235 0.0218 0.0203 0.2990 0.0419 0.0221 0.0173 
        D478  2 0.1108 0.0189 0.0363 0.0300 0.0991 0.4950 0.0809 0.0698 0.0197 0.0394 
        D480  2 0.1138 0.0279 0.0856 0.2101 0.0421 0.0239 0.1956 0.1142 0.1041 0.0828 
        D481  2 0.0933 0.0853 0.0531 0.2422 0.0395 0.1544 0.1676 0.0843 0.0240 0.0562 
        D482  2 0.0705 0.0831 0.2804 0.0179 0.0645 0.0336 0.3062 0.0684 0.0465 0.0288 
        D483  2 0.0237 0.0210 0.0197 0.0150 0.0164 0.0191 0.0117 0.0563 0.0145 0.8026 
        D484  2 0.0193 0.0124 0.0139 0.0073 0.0512 0.0138 0.8376 0.0180 0.0120 0.0145 
        D510  2 0.0514 0.0290 0.1217 0.0212 0.0911 0.0173 0.0267 0.5809 0.0430 0.0178 
        D511  2 0.0502 0.0276 0.0429 0.0838 0.0178 0.0386 0.6578 0.0156 0.0269 0.0388 
        D512  2 0.0494 0.4227 0.0263 0.0203 0.1473 0.0494 0.0284 0.0124 0.0319 0.2119 
        D513  2 0.0797 0.0282 0.0633 0.0441 0.0346 0.0679 0.0206 0.0532 0.0286 0.5799 
        D635  2 0.0672 0.0188 0.0212 0.1053 0.0127 0.7055 0.0165 0.0177 0.0135 0.0216 
        D636  2 0.0170 0.0869 0.0130 0.0183 0.0123 0.8006 0.0109 0.0107 0.0169 0.0133 
        D637  2 0.1067 0.0717 0.0677 0.0245 0.0819 0.0222 0.2472 0.0684 0.1717 0.1381 
        D658  2 0.0340 0.0643 0.0242 0.0218 0.0529 0.0186 0.1688 0.1097 0.0529 0.4529 
        D659  2 0.0451 0.0179 0.0613 0.4936 0.0197 0.1731 0.0679 0.0434 0.0491 0.0289 
        D677  2 0.0566 0.0430 0.0428 0.1432 0.0682 0.0569 0.0308 0.0140 0.4818 0.0628 
        D678  2 0.1243 0.0477 0.0323 0.0154 0.1355 0.0536 0.0224 0.0157 0.0169 0.5362 
        D679  2 0.1536 0.0580 0.1378 0.3310 0.0327 0.0704 0.0716 0.0474 0.0451 0.0523 
        D719  2 0.0604 0.0412 0.0885 0.2116 0.0214 0.0146 0.0341 0.3233 0.0232 0.1817 
        D720  2 0.0427 0.0291 0.0255 0.7168 0.0208 0.0506 0.0155 0.0472 0.0268 0.0252 
        D721  2 0.0192 0.0117 0.0181 0.0221 0.0082 0.8245 0.0221 0.0204 0.0175 0.0362 
        D722  2 0.0619 0.0996 0.0622 0.0198 0.3465 0.0271 0.0214 0.2805 0.0282 0.0528 
        D734  2 0.0367 0.0119 0.0447 0.0335 0.0219 0.0179 0.5240 0.1998 0.0181 0.0915 
        D735  2 0.2007 0.1739 0.0699 0.2082 0.0413 0.0470 0.0788 0.0743 0.0331 0.0727 
        D736  2 0.0819 0.0476 0.2456 0.0687 0.0226 0.0818 0.0718 0.2718 0.0523 0.0558 
        D737  2 0.0359 0.0459 0.0723 0.0155 0.0426 0.0217 0.0938 0.0330 0.0607 0.5786 
        D807  2 0.0811 0.1010 0.1254 0.2183 0.0588 0.0603 0.0774 0.1593 0.0686 0.0497 
        D808  2 0.1825 0.1827 0.0795 0.1091 0.1097 0.0332 0.0612 0.0307 0.0956 0.1157 
        D817  2 0.1129 0.0911 0.0844 0.2565 0.1631 0.0841 0.1102 0.0349 0.0367 0.0261 
        D818  2 0.1989 0.0134 0.1160 0.0705 0.0358 0.1722 0.0346 0.0262 0.1199 0.2126 
        D819  2 0.0871 0.3379 0.0540 0.1693 0.1125 0.1104 0.0327 0.0316 0.0271 0.0375 
        D820  2 0.0417 0.0098 0.0224 0.7199 0.0144 0.0216 0.0635 0.0222 0.0451 0.0394 
        D895  2 0.1545 0.1063 0.0363 0.1548 0.0284 0.3316 0.0706 0.0408 0.0395 0.0372 
        D896  2 0.0142 0.8205 0.0154 0.0180 0.0407 0.0143 0.0126 0.0253 0.0218 0.0171 
        D897  2 0.0997 0.0493 0.0617 0.0289 0.0417 0.0339 0.0378 0.0229 0.0529 0.5712 
        D898  2 0.1355 0.3202 0.1205 0.0481 0.1763 0.0517 0.0491 0.0282 0.0448 0.0258 
        D918  2 0.1325 0.1122 0.0543 0.0376 0.0562 0.0705 0.0772 0.0514 0.3427 0.0655 
        D919  2 0.1191 0.0214 0.0807 0.1489 0.0509 0.0797 0.3553 0.0205 0.0287 0.0947 
        D920  2 0.0450 0.0778 0.0188 0.0203 0.0337 0.0593 0.0310 0.0398 0.6485 0.0260 
        D923  2 0.0457 0.0162 0.0274 0.6718 0.0282 0.0408 0.0999 0.0160 0.0269 0.0270 
        D930  2 0.1343 0.1068 0.0554 0.2550 0.0637 0.0329 0.1437 0.1064 0.0617 0.0401 
        D931  2 0.0594 0.0371 0.0588 0.3010 0.0648 0.0526 0.2276 0.0347 0.0350 0.1290 
        D968  2 0.0236 0.0172 0.0461 0.0230 0.0202 0.0125 0.0252 0.0117 0.0155 0.8050 
        D969  2 0.1493 0.0424 0.2053 0.2400 0.0434 0.0318 0.0417 0.0443 0.0440 0.1578 
        D977  2 0.0604 0.0161 0.0336 0.0226 0.0250 0.0265 0.0228 0.0210 0.0330 0.7391 
        D978  2 0.1752 0.0224 0.3631 0.0263 0.1646 0.0412 0.0302 0.0208 0.0479 0.1082 
        D211  3 0.0675 0.0448 0.0416 0.0824 0.0299 0.2069 0.0278 0.0231 0.4547 0.0214 
     D229639  3 0.0539 0.0386 0.6172 0.0623 0.0384 0.0240 0.0241 0.0712 0.0377 0.0325 
     D237212  3 0.1081 0.0643 0.1823 0.0638 0.0488 0.0770 0.3136 0.0265 0.0684 0.0472 
     D237213  3 0.1034 0.2953 0.0524 0.0423 0.1138 0.0749 0.1025 0.0184 0.1653 0.0319 
     D237214  3 0.0192 0.0128 0.0102 0.0169 0.0150 0.8650 0.0120 0.0174 0.0206 0.0110 
     D237215  3 0.0443 0.0316 0.1505 0.0164 0.2254 0.0165 0.0147 0.0697 0.0147 0.4162 
     D237216  3 0.6290 0.0517 0.0542 0.0289 0.0315 0.0742 0.0301 0.0214 0.0546 0.0244 
     D237217  3 0.2487 0.0571 0.0554 0.0635 0.0198 0.0457 0.0216 0.0132 0.4539 0.0210 
     D237218  3 0.0729 0.0221 0.2628 0.0529 0.0139 0.0201 0.1454 0.0464 0.3195 0.0439 
     D237219  3 0.1184 0.2579 0.1722 0.0272 0.0325 0.0384 0.0154 0.0589 0.2484 0.0308 
     D237382  3 0.0776 0.1085 0.0412 0.0841 0.4051 0.0307 0.0347 0.0868 0.0842 0.0471 
     D244127  3 0.0727 0.5761 0.0711 0.0208 0.0371 0.0313 0.0342 0.0204 0.0663 0.0700 
     D244129  3 0.1680 0.1747 0.0926 0.0938 0.0904 0.1364 0.0788 0.0336 0.0674 0.0642 
     D244133  3 0.1539 0.0641 0.0769 0.0654 0.1530 0.1609 0.0134 0.0916 0.0407 0.1800 
     D244134  3 0.0561 0.1441 0.4964 0.0293 0.0166 0.0267 0.0212 0.1482 0.0328 0.0287 
     D244135  3 0.0388 0.0241 0.0166 0.0276 0.0202 0.7389 0.0227 0.0148 0.0589 0.0373 
     D244136  3 0.1452 0.0425 0.0918 0.1231 0.0957 0.1893 0.0226 0.1469 0.0490 0.0939 
        D416  3 0.1712 0.1271 0.0960 0.0738 0.0381 0.2135 0.0627 0.0342 0.0518 0.1317 
        D417  3 0.0421 0.0343 0.0182 0.4945 0.0312 0.0165 0.0230 0.0246 0.2998 0.0159 
        D419  3 0.1022 0.0950 0.2311 0.1073 0.0266 0.0228 0.0307 0.0413 0.2778 0.0651 
        D565  3 0.0248 0.0224 0.0263 0.0394 0.0157 0.0185 0.0148 0.8121 0.0144 0.0116 
        D566  3 0.1081 0.0493 0.3220 0.0520 0.0734 0.1022 0.0250 0.2080 0.0156 0.0444 
        D567  3 0.0499 0.0524 0.0189 0.6072 0.0287 0.0302 0.0803 0.0221 0.0728 0.0375 
        D568  3 0.0857 0.0824 0.0678 0.1238 0.0286 0.0246 0.0994 0.0164 0.3671 0.1043 
        D569  3 0.0906 0.0273 0.0311 0.0188 0.0700 0.1164 0.5147 0.0398 0.0299 0.0613 
        D573  3 0.1132 0.0257 0.3598 0.2143 0.0207 0.0351 0.0306 0.0208 0.0230 0.1568 
        D574  3 0.1105 0.0659 0.1066 0.0373 0.1056 0.0736 0.0407 0.3774 0.0400 0.0424 
        D575  3 0.0970 0.3425 0.0759 0.0298 0.0317 0.2316 0.0291 0.0758 0.0288 0.0577 
        D576  3 0.0658 0.0166 0.0826 0.0075 0.2241 0.0415 0.0205 0.0228 0.0191 0.4995 
        D577  3 0.0677 0.0346 0.0354 0.4752 0.0738 0.1127 0.0458 0.0291 0.1025 0.0231 
        D578  3 0.0469 0.0226 0.0138 0.0127 0.0232 0.7901 0.0123 0.0130 0.0341 0.0313 
        D579  3 0.1034 0.0530 0.1478 0.1455 0.0294 0.0472 0.1241 0.2076 0.0730 0.0690 
        D660  3 0.1000 0.0450 0.0348 0.0164 0.0560 0.0498 0.0395 0.0146 0.0266 0.6174 
        D661  3 0.0902 0.0267 0.1808 0.0320 0.0233 0.0368 0.0561 0.0148 0.4128 0.1266 
        D663  3 0.1226 0.0202 0.5055 0.0491 0.0685 0.0783 0.0390 0.0156 0.0174 0.0838 
        D664  3 0.1518 0.1451 0.0569 0.0182 0.1106 0.1560 0.0246 0.0530 0.0990 0.1847 
        D665  3 0.1858 0.1461 0.0402 0.0140 0.3111 0.1236 0.0901 0.0110 0.0422 0.0359 
        D666  3 0.1085 0.4220 0.1110 0.0582 0.0365 0.0544 0.0289 0.0763 0.0790 0.0251 
        D009  4 0.1298 0.0961 0.0392 0.1159 0.0658 0.0505 0.1140 0.0319 0.3353 0.0215 
        D057  4 0.0388 0.0141 0.0349 0.0460 0.0253 0.0347 0.2798 0.0262 0.3736 0.1267 
        D109  4 0.1668 0.5085 0.0191 0.0392 0.0599 0.0516 0.0273 0.0510 0.0540 0.0226 
     D237222  4 0.0740 0.0762 0.0234 0.0380 0.1105 0.1405 0.0320 0.1235 0.3458 0.0359 
     D237223  4 0.0834 0.0712 0.0639 0.0234 0.0392 0.0472 0.0400 0.0925 0.4882 0.0511 
     D237224  4 0.0819 0.0424 0.2475 0.1615 0.0371 0.0438 0.2017 0.0327 0.0300 0.1215 
     D237225  4 0.2846 0.0487 0.0781 0.0528 0.0433 0.0884 0.0755 0.0435 0.2477 0.0374 
     D237299  4 0.2008 0.0425 0.1233 0.0170 0.1220 0.1032 0.0350 0.0437 0.2842 0.0282 
     D237300  4 0.0480 0.0289 0.7503 0.0133 0.0243 0.0154 0.0224 0.0283 0.0375 0.0316 
     D237306  4 0.0504 0.0572 0.0396 0.0547 0.0997 0.0321 0.0502 0.4237 0.1685 0.0238 
     D237307  4 0.0943 0.0325 0.0718 0.2876 0.0879 0.0489 0.0168 0.1953 0.0906 0.0743 
     D237308  4 0.0713 0.1073 0.0474 0.0285 0.0287 0.0480 0.1357 0.0778 0.0663 0.3889 
     D237309  4 0.2062 0.0739 0.0492 0.1049 0.0554 0.0802 0.0975 0.0281 0.2626 0.0419 
     D237317  4 0.1708 0.0591 0.0588 0.1497 0.0375 0.0738 0.0398 0.3559 0.0325 0.0222 
     D237318  4 0.0569 0.0173 0.7361 0.0277 0.0371 0.0232 0.0120 0.0180 0.0163 0.0555 
     D237319  4 0.1215 0.0838 0.0496 0.0481 0.1170 0.0414 0.0282 0.0326 0.4255 0.0523 
     D237320  4 0.0534 0.0410 0.0947 0.0416 0.0223 0.0604 0.0217 0.0245 0.5879 0.0525 
     D237321  4 0.0616 0.0284 0.6207 0.0518 0.0411 0.0411 0.0196 0.0381 0.0293 0.0682 
     D237397  4 0.0629 0.0274 0.1050 0.0305 0.0495 0.0358 0.0228 0.1269 0.4783 0.0610 
     D237398  4 0.0948 0.0163 0.6057 0.0494 0.0297 0.0527 0.0515 0.0131 0.0617 0.0251 
     D237399  4 0.0650 0.0255 0.2336 0.0993 0.0561 0.0661 0.0482 0.2089 0.1598 0.0374 
     D244001  4 0.0806 0.0409 0.0235 0.0197 0.0722 0.0577 0.0332 0.0255 0.5873 0.0594 
        D289  4 0.0886 0.0289 0.0709 0.0747 0.0285 0.0603 0.3164 0.2106 0.0614 0.0598 
        D290  4 0.0656 0.0231 0.0816 0.0483 0.6064 0.0214 0.0343 0.0278 0.0656 0.0258 
        D294  4 0.1761 0.0194 0.0914 0.1201 0.0976 0.0870 0.2211 0.0367 0.1248 0.0259 
        D295  4 0.0697 0.1007 0.0580 0.1810 0.0734 0.0169 0.0581 0.0478 0.3711 0.0233 
        D301  4 0.0422 0.0916 0.0855 0.0155 0.0462 0.0674 0.0186 0.0270 0.5781 0.0280 
        D302  4 0.0284 0.0122 0.0182 0.0453 0.0474 0.0323 0.7552 0.0137 0.0358 0.0115 
        D303  4 0.0533 0.0923 0.0326 0.0366 0.0441 0.0324 0.0987 0.5061 0.0420 0.0618 
        D304  4 0.0787 0.0190 0.1933 0.0638 0.3935 0.0396 0.0354 0.0718 0.0742 0.0307 
        D305  4 0.3701 0.0272 0.0444 0.0203 0.0380 0.0301 0.3067 0.0117 0.0505 0.1009 
        D306  4 0.1418 0.0191 0.0364 0.0408 0.6450 0.0255 0.0207 0.0276 0.0285 0.0146 
        D307  4 0.0523 0.0622 0.0407 0.0164 0.0263 0.3071 0.0384 0.0775 0.3529 0.0262 
        D327  4 0.0968 0.0197 0.0559 0.5102 0.0464 0.0650 0.0435 0.0544 0.0648 0.0433 
        D328  4 0.0609 0.0531 0.0304 0.0184 0.1441 0.0180 0.4108 0.1204 0.1158 0.0280 
        D329  4 0.1705 0.0773 0.1113 0.0993 0.0539 0.0318 0.2267 0.0379 0.1115 0.0798 
        D330  4 0.1178 0.1400 0.0172 0.2164 0.0791 0.1264 0.1238 0.0142 0.1053 0.0598 
        D331  4 0.0815 0.0632 0.2660 0.1451 0.2447 0.0279 0.0320 0.0529 0.0556 0.0310 
        D333  4 0.0668 0.0729 0.0858 0.0593 0.1134 0.0230 0.1520 0.0974 0.2730 0.0563 
        D334  4 0.0475 0.0180 0.0441 0.0791 0.0496 0.0739 0.0690 0.5259 0.0766 0.0164 
        D335  4 0.0615 0.0304 0.0251 0.1916 0.0775 0.0341 0.4774 0.0262 0.0366 0.0396 
        D370  4 0.0643 0.3108 0.0256 0.0322 0.3705 0.0259 0.0429 0.0549 0.0340 0.0389 
        D371  4 0.0372 0.0219 0.0183 0.0997 0.0262 0.0218 0.0257 0.7045 0.0203 0.0245 
        D372  4 0.1216 0.0214 0.6051 0.0106 0.1332 0.0142 0.0179 0.0234 0.0216 0.0310 
        D373  4 0.0713 0.0328 0.0583 0.0319 0.0168 0.4991 0.0520 0.0139 0.1598 0.0642 
        D455  4 0.0401 0.0538 0.0374 0.0378 0.0366 0.2716 0.0849 0.0261 0.3794 0.0324 
        D490  4 0.0223 0.0276 0.0134 0.0154 0.0179 0.0947 0.0179 0.0151 0.7663 0.0093 
        D497  4 0.0461 0.0573 0.0182 0.0115 0.0227 0.0764 0.0325 0.0186 0.7034 0.0133 
        D498  4 0.0947 0.0989 0.1523 0.0465 0.3986 0.0319 0.0251 0.0676 0.0466 0.0377 
        D499  4 0.1437 0.0682 0.1031 0.0268 0.0923 0.0268 0.1418 0.1024 0.0719 0.2230 
        D514  4 0.1117 0.0604 0.0470 0.2383 0.2125 0.0931 0.1504 0.0155 0.0477 0.0234 
        D515  4 0.0545 0.0275 0.0145 0.0281 0.0643 0.0578 0.0377 0.0267 0.6643 0.0246 
        D516  4 0.1079 0.2369 0.0820 0.1082 0.0662 0.0593 0.0219 0.0446 0.2084 0.0645 
        D517  4 0.1957 0.0552 0.0560 0.0615 0.0154 0.1567 0.0251 0.0175 0.3881 0.0288 
        D518  4 0.0367 0.0183 0.0162 0.0374 0.0437 0.0402 0.3167 0.0631 0.3918 0.0357 
        D519  4 0.0332 0.0226 0.0451 0.0247 0.0175 0.0319 0.0179 0.0195 0.7669 0.0206 
        D560  4 0.0286 0.0135 0.0230 0.0563 0.0162 0.0154 0.0221 0.0101 0.7887 0.0261 
        D561  4 0.1390 0.0348 0.0299 0.0934 0.0290 0.4987 0.0743 0.0142 0.0321 0.0545 
        D562  4 0.1113 0.0419 0.0715 0.0556 0.1729 0.2072 0.1615 0.0411 0.0531 0.0840 
        D563  4 0.1834 0.0523 0.0661 0.0230 0.0450 0.0896 0.1494 0.0156 0.0341 0.3415 
        D572  4 0.0302 0.0171 0.0179 0.0504 0.0391 0.0377 0.7089 0.0225 0.0544 0.0220 
        D629  4 0.0672 0.0358 0.0589 0.2003 0.0259 0.4340 0.0897 0.0178 0.0485 0.0219 
        D630  4 0.0676 0.0190 0.0674 0.0702 0.1608 0.0926 0.1010 0.0503 0.3455 0.0257 
        D631  4 0.0528 0.0136 0.0394 0.0226 0.0404 0.0222 0.5094 0.0212 0.1503 0.1282 
        D632  4 0.0718 0.2226 0.0164 0.0399 0.0310 0.1193 0.1964 0.0168 0.1455 0.1404 
        D646  4 0.0931 0.0678 0.0592 0.0962 0.0240 0.0447 0.0436 0.0209 0.5180 0.0324 
        D647  4 0.0361 0.0520 0.0379 0.4366 0.0466 0.0233 0.0550 0.0128 0.2512 0.0484 
        D648  4 0.0231 0.0168 0.0132 0.0129 0.4492 0.0165 0.3570 0.0411 0.0534 0.0169 
        D649  4 0.0465 0.2332 0.0324 0.3005 0.0270 0.0280 0.2206 0.0183 0.0780 0.0155 
        D650  4 0.0833 0.0601 0.0693 0.1929 0.0741 0.0805 0.1058 0.0954 0.2047 0.0339 
        D708  4 0.1149 0.0515 0.1085 0.0441 0.0701 0.0444 0.2712 0.1766 0.0932 0.0256 
        D709  4 0.0611 0.0980 0.0348 0.0244 0.6478 0.0166 0.0351 0.0290 0.0286 0.0247 
        D738  4 0.0503 0.0767 0.0401 0.0545 0.0281 0.0297 0.0237 0.4974 0.1876 0.0119 
        D739  4 0.1014 0.0533 0.0550 0.0292 0.2044 0.0738 0.0596 0.0265 0.3765 0.0202 
        D740  4 0.2516 0.1885 0.1838 0.0197 0.0314 0.0370 0.0615 0.1184 0.0510 0.0570 
        D741  4 0.1326 0.0267 0.0499 0.0969 0.0240 0.0474 0.0247 0.0119 0.5156 0.0703 
        D742  4 0.1610 0.0360 0.1249 0.0532 0.0433 0.0676 0.0646 0.1014 0.1007 0.2473 
        D743  4 0.0502 0.0172 0.0453 0.4142 0.0213 0.0289 0.3268 0.0203 0.0292 0.0466 
        D744  4 0.0263 0.0185 0.0206 0.0222 0.0143 0.0379 0.7939 0.0159 0.0174 0.0330 
        D745  4 0.0215 0.0248 0.0288 0.0164 0.0177 0.0357 0.0181 0.0185 0.8061 0.0125 
        D814  4 0.2436 0.0119 0.0554 0.0247 0.0556 0.1971 0.0626 0.0225 0.1386 0.1881 
        D815  4 0.0661 0.0679 0.0586 0.1093 0.1944 0.0254 0.3803 0.0321 0.0320 0.0339 
        D828  4 0.0382 0.0210 0.0389 0.0098 0.6974 0.0214 0.0397 0.0495 0.0398 0.0444 
        D845  4 0.0261 0.0127 0.8185 0.0178 0.0110 0.0140 0.0248 0.0339 0.0162 0.0250 
        D846  4 0.0888 0.0218 0.0418 0.1174 0.0502 0.1349 0.2772 0.0113 0.0715 0.1851 
        D847  4 0.0933 0.0470 0.1204 0.1047 0.0619 0.2092 0.0648 0.1039 0.1441 0.0508 
        D848  4 0.0966 0.0393 0.1292 0.0169 0.0267 0.4831 0.0321 0.0196 0.0844 0.0720 
        D849  4 0.0917 0.0833 0.0243 0.0245 0.0832 0.0706 0.0361 0.0211 0.5361 0.0292 
        D850  4 0.1312 0.0288 0.0819 0.0680 0.0177 0.5171 0.0378 0.0423 0.0449 0.0302 
        D856  4 0.2058 0.1741 0.0583 0.0638 0.2323 0.0655 0.0484 0.0391 0.0861 0.0267 
        D857  4 0.0335 0.5949 0.0159 0.0093 0.1423 0.0241 0.0251 0.0317 0.0354 0.0878 
        D859  4 0.0675 0.0210 0.0941 0.0752 0.0343 0.0194 0.5363 0.0178 0.1062 0.0281 
        D860  4 0.0564 0.0294 0.1533 0.1177 0.0247 0.0507 0.0776 0.3833 0.0164 0.0907 
        D883  4 0.0928 0.1113 0.0610 0.1396 0.0865 0.0949 0.0810 0.0852 0.2161 0.0315 
        D884  4 0.0547 0.0713 0.0278 0.0329 0.0449 0.0228 0.0469 0.0309 0.6548 0.0130 
        D885  4 0.2385 0.0513 0.2383 0.0971 0.0146 0.1073 0.0503 0.0292 0.0989 0.0745 
        D886  4 0.0670 0.1173 0.0404 0.1616 0.2449 0.0485 0.0640 0.0262 0.1698 0.0603 
        D887  4 0.1190 0.0620 0.2944 0.0952 0.0632 0.0576 0.1295 0.0425 0.0499 0.0868 
        D889  4 0.0592 0.0142 0.5314 0.0268 0.2194 0.0211 0.0571 0.0181 0.0405 0.0121 
        D890  4 0.1103 0.1774 0.0510 0.0309 0.1858 0.1075 0.1097 0.1029 0.0286 0.0959 
        D891  4 0.0121 0.0094 0.9102 0.0119 0.0072 0.0116 0.0112 0.0080 0.0082 0.0101 
        D899  4 0.0741 0.0271 0.1607 0.0329 0.0819 0.0343 0.0681 0.0893 0.0361 0.3957 
        D900  4 0.1187 0.0462 0.0566 0.0913 0.1731 0.1634 0.1459 0.0632 0.0564 0.0853 
        D970  4 0.1151 0.0411 0.1055 0.1935 0.0317 0.0776 0.2537 0.0504 0.0647 0.0667 
        D971  4 0.0860 0.0757 0.0163 0.0769 0.0691 0.0231 0.1559 0.0658 0.0238 0.4073 
        D979  4 0.0814 0.0154 0.0281 0.4035 0.0844 0.0400 0.2476 0.0276 0.0366 0.0355 
        D093  5 0.0305 0.0233 0.0537 0.0334 0.0351 0.0178 0.0181 0.6719 0.0973 0.0190 
        D154  5 0.2801 0.0426 0.1648 0.0205 0.1081 0.0278 0.0302 0.0388 0.2015 0.0857 
        D168  5 0.1601 0.0659 0.1258 0.0517 0.0906 0.1453 0.0410 0.0117 0.1131 0.1949 
        D189  5 0.0750 0.0216 0.2042 0.0442 0.1893 0.0247 0.0279 0.2922 0.0839 0.0370 
        D190  5 0.0301 0.0597 0.0391 0.0242 0.0374 0.0146 0.0497 0.6726 0.0483 0.0243 
     D237220  5 0.1061 0.1114 0.1914 0.0267 0.0512 0.0650 0.0819 0.1150 0.2268 0.0245 
     D237221  5 0.0768 0.0613 0.2321 0.0824 0.0354 0.0304 0.0630 0.2605 0.0515 0.1066 
     D237274  5 0.0950 0.0508 0.0246 0.3740 0.0464 0.0286 0.2738 0.0122 0.0376 0.0570 
     D237275  5 0.0643 0.0382 0.0923 0.0191 0.2613 0.0184 0.0158 0.0245 0.0242 0.4418 
     D237276  5 0.0526 0.1245 0.0301 0.0529 0.0887 0.0256 0.0414 0.1070 0.4527 0.0245 
     D237277  5 0.0403 0.0335 0.1754 0.0187 0.0338 0.0160 0.0601 0.5316 0.0285 0.0621 
     D237278  5 0.0852 0.1095 0.0297 0.0569 0.0449 0.0490 0.0690 0.2243 0.0323 0.2993 
     D237279  5 0.2618 0.2199 0.0421 0.0413 0.0187 0.2604 0.0885 0.0178 0.0280 0.0215 
     D237280  5 0.1233 0.5816 0.0252 0.0647 0.0245 0.0364 0.0346 0.0494 0.0425 0.0179 
     D237281  5 0.1220 0.0187 0.5067 0.0694 0.0234 0.0220 0.0308 0.0213 0.0246 0.1611 
     D237351  5 0.0302 0.7544 0.0361 0.0135 0.0161 0.0281 0.0171 0.0390 0.0490 0.0165 
     D237352  5 0.0910 0.0745 0.0264 0.0623 0.0916 0.2441 0.1569 0.0481 0.1204 0.0847 
     D237353  5 0.0280 0.0937 0.0793 0.0186 0.0278 0.0121 0.0350 0.6750 0.0148 0.0156 
     D237359  5 0.0983 0.0454 0.3107 0.0340 0.0478 0.0545 0.0466 0.0559 0.2780 0.0288 
     D237361  5 0.0284 0.0285 0.0188 0.0142 0.0283 0.0147 0.0164 0.8155 0.0142 0.0210 
     D237362  5 0.1511 0.1299 0.1202 0.1258 0.0810 0.0990 0.0544 0.0897 0.0981 0.0508 
     D237363  5 0.6089 0.0463 0.0459 0.0244 0.0455 0.0516 0.0208 0.0341 0.0252 0.0973 
     D237364  5 0.0853 0.0433 0.0760 0.0682 0.0959 0.0633 0.1228 0.0126 0.3516 0.0811 
     D237376  5 0.0320 0.0201 0.0378 0.0106 0.6708 0.0127 0.1075 0.0619 0.0235 0.0231 
     D237377  5 0.2033 0.3717 0.0502 0.0824 0.0191 0.0622 0.0466 0.0880 0.0234 0.0531 
     D237378  5 0.0842 0.0269 0.1160 0.0230 0.1405 0.0242 0.0779 0.3142 0.1282 0.0649 
     D237379  5 0.0937 0.0225 0.0562 0.0339 0.1486 0.0505 0.2733 0.2329 0.0535 0.0350 
     D237380  5 0.0382 0.5423 0.0140 0.0171 0.1408 0.0158 0.0670 0.0472 0.1055 0.0121 
     D237381  5 0.0825 0.3407 0.0499 0.0391 0.0752 0.0629 0.1242 0.0473 0.1334 0.0447 
     D237391  5 0.0238 0.0166 0.0526 0.0313 0.0134 0.0193 0.0179 0.7834 0.0247 0.0172 
     D237392  5 0.0979 0.0673 0.0401 0.2297 0.1266 0.0749 0.0788 0.0247 0.0582 0.2017 
     D237393  5 0.0634 0.1565 0.0577 0.3432 0.0503 0.0363 0.0420 0.1618 0.0279 0.0609 
     D237394  5 0.0179 0.0242 0.0138 0.0255 0.0131 0.0242 0.0263 0.8310 0.0151 0.0089 
     D237395  5 0.1017 0.0843 0.1395 0.0291 0.1836 0.0522 0.0203 0.2312 0.1019 0.0563 
     D237396  5 0.1349 0.0550 0.0818 0.2390 0.0135 0.2220 0.0526 0.1225 0.0204 0.0583 
     D244016  5 0.2126 0.0481 0.0899 0.0211 0.1125 0.0476 0.2374 0.1756 0.0172 0.0379 
     D244018  5 0.0827 0.0471 0.1148 0.0537 0.0194 0.0880 0.0257 0.2097 0.0408 0.3181 
     D244019  5 0.2837 0.0585 0.1521 0.0798 0.1458 0.0507 0.0852 0.0318 0.0270 0.0852 
        D279  5 0.1214 0.0381 0.4960 0.0259 0.0307 0.0164 0.0556 0.0500 0.1116 0.0545 
        D280  5 0.2167 0.0832 0.1611 0.0995 0.0600 0.1680 0.0271 0.0958 0.0544 0.0342 
        D281  5 0.1670 0.0166 0.5220 0.0219 0.0572 0.0244 0.0235 0.0682 0.0343 0.0648 
        D283  5 0.1045 0.0607 0.1595 0.1275 0.0190 0.0676 0.0370 0.3726 0.0282 0.0236 
        D284  5 0.1347 0.0514 0.1076 0.0458 0.1926 0.2352 0.0358 0.0304 0.1299 0.0368 
        D285  5 0.1079 0.0525 0.2753 0.0656 0.0476 0.0316 0.0649 0.2667 0.0719 0.0160 
        D286  5 0.0772 0.0359 0.0686 0.0741 0.1968 0.0348 0.1155 0.1502 0.2193 0.0278 
        D287  5 0.0801 0.0330 0.0375 0.0134 0.5459 0.0240 0.1012 0.0769 0.0669 0.0211 
        D288  5 0.2296 0.0855 0.2529 0.1936 0.0420 0.0659 0.0198 0.0444 0.0285 0.0378 
        D308  5 0.0448 0.7298 0.0201 0.0543 0.0193 0.0230 0.0259 0.0230 0.0385 0.0214 
        D309  5 0.0284 0.0162 0.0144 0.0153 0.0160 0.0220 0.8403 0.0137 0.0187 0.0149 
        D310  5 0.2128 0.0304 0.0430 0.0169 0.0330 0.0148 0.0175 0.5994 0.0219 0.0103 
        D311  5 0.1836 0.0409 0.0604 0.0802 0.2849 0.0423 0.0731 0.0874 0.1149 0.0324 
        D312  5 0.0853 0.0396 0.0464 0.0857 0.1566 0.1650 0.1792 0.1550 0.0463 0.0408 
        D313  5 0.0305 0.6264 0.0139 0.0153 0.0125 0.0845 0.0101 0.0284 0.1687 0.0096 
        D314  5 0.1565 0.0871 0.1550 0.0216 0.1147 0.0419 0.0482 0.0570 0.2492 0.0688 
        D315  5 0.1218 0.0971 0.0499 0.2406 0.0968 0.0711 0.0560 0.1700 0.0450 0.0518 
        D317  5 0.0293 0.0211 0.0379 0.0383 0.0415 0.0277 0.0125 0.7469 0.0295 0.0153 
        D318  5 0.1997 0.0272 0.0376 0.0478 0.0646 0.3874 0.1192 0.0302 0.0290 0.0573 
        D319  5 0.0292 0.0603 0.0418 0.0279 0.0194 0.0115 0.0160 0.7499 0.0292 0.0149 
        D320  5 0.0507 0.0444 0.0792 0.0300 0.0506 0.0263 0.0531 0.6139 0.0348 0.0169 
        D321  5 0.0267 0.6504 0.1078 0.0508 0.0132 0.0511 0.0176 0.0577 0.0152 0.0096 
        D336  5 0.0667 0.0207 0.0294 0.0214 0.2096 0.0173 0.0450 0.5466 0.0274 0.0159 
        D337  5 0.0274 0.0177 0.0573 0.0250 0.0203 0.0149 0.0276 0.7706 0.0161 0.0232 
        D338  5 0.1079 0.0561 0.1373 0.1708 0.0414 0.0302 0.0459 0.1821 0.1654 0.0629 
        D339  5 0.0960 0.0443 0.1478 0.0403 0.0407 0.0172 0.0158 0.5147 0.0465 0.0367 
        D347  5 0.0718 0.0170 0.0489 0.0876 0.5945 0.0311 0.0531 0.0313 0.0327 0.0319 
        D348  5 0.0578 0.0175 0.0238 0.0248 0.0360 0.0340 0.1379 0.6351 0.0148 0.0185 
