        D174  1 0.1170 0.1008 0.0372 0.0400 0.1276 0.4718 0.1055 
        D199  1 0.0423 0.0402 0.2462 0.0576 0.1058 0.1340 0.3738 
        D203  1 0.1100 0.2094 0.2299 0.0655 0.0794 0.0771 0.2288 
        D204  1 0.0250 0.0215 0.0382 0.0700 0.0364 0.0178 0.7911 
     D237366  1 0.1740 0.4256 0.0706 0.0969 0.0728 0.0746 0.0854 
     D237367  1 0.1199 0.1414 0.0403 0.0607 0.2866 0.0366 0.3145 
     D237368  1 0.5019 0.0384 0.0579 0.0414 0.0843 0.1029 0.1732 
     D244101  1 0.0310 0.0333 0.1784 0.3098 0.0820 0.0294 0.3361 
     D244102  1 0.1274 0.1972 0.0644 0.2719 0.1624 0.0624 0.1142 
     D244103  1 0.0810 0.1596 0.0364 0.0648 0.4507 0.0429 0.1646 
     D244104  1 0.0587 0.0343 0.0549 0.0234 0.0405 0.1405 0.6477 
     D244105  1 0.1765 0.5680 0.0246 0.0282 0.0926 0.0170 0.0930 
     D244106  1 0.0269 0.1196 0.0711 0.0368 0.0832 0.6011 0.0613 
     D244107  1 0.5857 0.0308 0.0736 0.0513 0.1667 0.0193 0.0727 
     D244108  1 0.2444 0.0495 0.0441 0.0863 0.0678 0.4049 0.1029 
     D244113  1 0.0519 0.0236 0.0376 0.4546 0.0750 0.3315 0.0257 
     D244114  1 0.0301 0.4685 0.0712 0.0636 0.2027 0.0753 0.0886 
     D244115  1 0.1880 0.0639 0.0262 0.0529 0.1441 0.3382 0.1867 
     D267365  1 0.0657 0.0522 0.0544 0.0469 0.0698 0.1931 0.5178 
        D404  1 0.0357 0.0580 0.0396 0.4752 0.0909 0.2782 0.0223 
        D405  1 0.0763 0.1037 0.0979 0.4061 0.1274 0.0664 0.1223 
        D406  1 0.7713 0.0575 0.0130 0.0298 0.0216 0.0316 0.0751 
        D407  1 0.0628 0.0388 0.0638 0.0176 0.3843 0.0356 0.3971 
        D408  1 0.0346 0.0315 0.0495 0.0609 0.1613 0.6049 0.0573 
        D409  1 0.0524 0.0948 0.0361 0.0494 0.6369 0.0519 0.0785 
        D410  1 0.7584 0.0216 0.0123 0.0335 0.0362 0.0379 0.1002 
        D421  1 0.0127 0.0161 0.0365 0.0114 0.0317 0.0225 0.8692 
        D422  1 0.6858 0.0947 0.0231 0.0160 0.1082 0.0196 0.0525 
        D423  1 0.7461 0.0431 0.0447 0.0215 0.0575 0.0196 0.0674 
        D424  1 0.0474 0.0874 0.0218 0.0246 0.1413 0.0413 0.6363 
        D425  1 0.0362 0.0467 0.0356 0.0675 0.1274 0.1854 0.5012 
        D426  1 0.0256 0.0721 0.0641 0.0215 0.7486 0.0294 0.0388 
        D427  1 0.0275 0.0251 0.4434 0.0155 0.0299 0.2460 0.2127 
        D428  1 0.1545 0.0299 0.0610 0.1409 0.1978 0.1807 0.2353 
        D429  1 0.0432 0.2771 0.0408 0.0462 0.0790 0.2276 0.2861 
        D430  1 0.0535 0.2734 0.0835 0.0496 0.3080 0.1414 0.0905 
        D491  1 0.0245 0.0290 0.0141 0.0309 0.0340 0.7918 0.0758 
        D492  1 0.1360 0.0746 0.0458 0.1156 0.1823 0.1546 0.2911 
        D537  1 0.0652 0.0388 0.0256 0.0836 0.0976 0.0272 0.6621 
        D538  1 0.2800 0.0970 0.0769 0.1198 0.2380 0.1136 0.0748 
        D539  1 0.0822 0.3232 0.0831 0.1313 0.0861 0.2441 0.0500 
        D540  1 0.0671 0.0948 0.0370 0.0405 0.4514 0.0703 0.2389 
        D541  1 0.0240 0.0173 0.0211 0.0144 0.0312 0.0140 0.8781 
        D551  1 0.0381 0.3002 0.1890 0.0358 0.3269 0.0405 0.0695 
        D552  1 0.3389 0.0497 0.0298 0.0343 0.0731 0.2415 0.2327 
        D553  1 0.0139 0.0151 0.0157 0.0150 0.0178 0.0211 0.9013 
        D615  1 0.1478 0.0993 0.0895 0.0434 0.1132 0.1030 0.4037 
        D616  1 0.1836 0.0914 0.1334 0.0308 0.1956 0.1008 0.2644 
        D621  1 0.6075 0.0429 0.0212 0.1888 0.0433 0.0738 0.0226 
        D622  1 0.6982 0.0873 0.0215 0.0437 0.0668 0.0413 0.0411 
        D623  1 0.0392 0.0181 0.1044 0.5463 0.0628 0.2002 0.0289 
        D624  1 0.0255 0.0268 0.0180 0.0156 0.0370 0.8230 0.0540 
        D625  1 0.0824 0.0409 0.0201 0.0397 0.0714 0.0606 0.6850 
        D626  1 0.1441 0.1823 0.0391 0.0374 0.0772 0.4229 0.0970 
        D627  1 0.0299 0.1514 0.0590 0.0212 0.5704 0.0545 0.1135 
        D690  1 0.0893 0.0245 0.0136 0.0202 0.0312 0.0503 0.7710 
        D691  1 0.5237 0.2259 0.0274 0.0179 0.0417 0.0378 0.1255 
        D710  1 0.1755 0.0346 0.0544 0.1215 0.1540 0.1614 0.2986 
        D711  1 0.0640 0.0464 0.0211 0.0540 0.0379 0.0407 0.7359 
        D712  1 0.0472 0.0460 0.0467 0.0723 0.0452 0.6950 0.0476 
        D713  1 0.0695 0.0419 0.0181 0.4364 0.1540 0.1061 0.1740 
        D746  1 0.7720 0.0499 0.0228 0.0191 0.0328 0.0311 0.0724 
        D747  1 0.0187 0.0165 0.0254 0.0229 0.0205 0.0215 0.8746 
        D748  1 0.1695 0.3044 0.0199 0.0572 0.0835 0.0356 0.3300 
        D749  1 0.4419 0.1167 0.0405 0.1161 0.1401 0.1089 0.0358 
        D750  1 0.0835 0.0391 0.0219 0.0337 0.0515 0.6068 0.1636 
        D763  1 0.0803 0.1349 0.1671 0.2285 0.1850 0.0366 0.1675 
        D764  1 0.1302 0.0249 0.0163 0.0199 0.0781 0.2245 0.5061 
        D765  1 0.4559 0.1074 0.0205 0.0246 0.0942 0.2467 0.0507 
        D766  1 0.5221 0.0731 0.0197 0.1428 0.0780 0.0454 0.1190 
        D767  1 0.1162 0.1793 0.0810 0.3670 0.0992 0.0369 0.1203 
        D768  1 0.0256 0.0229 0.0191 0.0129 0.0236 0.0147 0.8813 
        D811  1 0.0790 0.0576 0.0261 0.2542 0.3671 0.1784 0.0377 
        D816  1 0.0236 0.0201 0.0145 0.0164 0.0214 0.0246 0.8794 
        D825  1 0.1866 0.0694 0.0200 0.0873 0.2311 0.2347 0.1708 
        D866  1 0.0641 0.0746 0.3107 0.0314 0.0803 0.3643 0.0746 
        D867  1 0.6540 0.0420 0.0325 0.1204 0.0974 0.0215 0.0321 
        D871  1 0.0273 0.1526 0.0255 0.0308 0.6500 0.0580 0.0558 
        D872  1 0.2393 0.0689 0.0474 0.0880 0.1063 0.0443 0.4059 
        D873  1 0.8747 0.0144 0.0147 0.0525 0.0192 0.0144 0.0101 
        D874  1 0.0203 0.0390 0.0361 0.6075 0.0524 0.1153 0.1295 
        D875  1 0.0653 0.1113 0.0144 0.0285 0.7223 0.0237 0.0344 
        D876  1 0.0882 0.0504 0.0259 0.0658 0.0472 0.0915 0.6309 
        D877  1 0.0181 0.0302 0.0271 0.5313 0.1978 0.1482 0.0474 
        D892  1 0.0855 0.2034 0.0183 0.0540 0.0755 0.1313 0.4319 
        D893  1 0.0484 0.0713 0.0526 0.0362 0.0621 0.0222 0.7072 
        D894  1 0.0588 0.1451 0.0397 0.0299 0.1113 0.0926 0.5227 
        D915  1 0.1190 0.1094 0.0290 0.0257 0.0589 0.0658 0.5921 
        D916  1 0.0247 0.0195 0.0132 0.0133 0.0254 0.0240 0.8799 
        D917  1 0.0454 0.0254 0.0812 0.1343 0.1459 0.3653 0.2026 
        D925  1 0.6466 0.0245 0.0244 0.0203 0.0293 0.0679 0.1871 
        D926  1 0.0556 0.1116 0.0262 0.0487 0.1328 0.0850 0.5401 
        D927  1 0.0484 0.0542 0.2705 0.0386 0.1046 0.0542 0.4295 
        D928  1 0.0225 0.0136 0.0203 0.0392 0.0306 0.7946 0.0792 
        D929  1 0.0596 0.1366 0.0278 0.5976 0.0692 0.0585 0.0507 
        D936  1 0.0280 0.0570 0.0746 0.1591 0.0517 0.0422 0.5873 
        D938  1 0.8307 0.0394 0.0147 0.0312 0.0307 0.0238 0.0294 
        D956  1 0.0359 0.1054 0.0387 0.0644 0.1021 0.6197 0.0338 
        D957  1 0.4393 0.0495 0.0290 0.1266 0.0721 0.0536 0.2300 
        D958  1 0.3411 0.0281 0.0190 0.0886 0.0635 0.1253 0.3344 
        D959  1 0.0513 0.0492 0.0380 0.0181 0.4590 0.0187 0.3657 
        D960  1 0.7693 0.0578 0.0164 0.0541 0.0301 0.0318 0.0405 
        D989  1 0.0273 0.0528 0.1227 0.0353 0.0588 0.6346 0.0684 
        D990  1 0.7875 0.0286 0.0417 0.0161 0.0288 0.0739 0.0236 
        D023  2 0.7530 0.0151 0.0204 0.0170 0.0781 0.0219 0.0946 
        D130  2 0.5300 0.1767 0.0366 0.0436 0.0825 0.0180 0.1127 
        D131  2 0.0498 0.0856 0.0529 0.0488 0.2974 0.0394 0.4260 
        D163  2 0.6693 0.0661 0.0168 0.0291 0.0867 0.0432 0.0889 
        D164  2 0.4835 0.0144 0.4453 0.0189 0.0141 0.0117 0.0122 
        D165  2 0.7558 0.0206 0.0347 0.0232 0.0828 0.0277 0.0552 
        D166  2 0.0513 0.2735 0.0500 0.2339 0.3084 0.0236 0.0593 
        D167  2 0.0163 0.0161 0.8580 0.0268 0.0338 0.0303 0.0188 
        D192  2 0.0182 0.0142 0.8953 0.0232 0.0191 0.0190 0.0110 
        D193  2 0.0489 0.1832 0.0440 0.3910 0.1193 0.1797 0.0338 
        D206  2 0.0852 0.1136 0.2113 0.0833 0.3139 0.0313 0.1615 
        D207  2 0.0196 0.0473 0.6889 0.0294 0.1490 0.0248 0.0410 
        D208  2 0.0575 0.1251 0.2595 0.0876 0.0805 0.3181 0.0717 
        D209  2 0.0838 0.0585 0.2848 0.1805 0.3055 0.0310 0.0559 
        D210  2 0.0330 0.0717 0.1509 0.0344 0.0408 0.5900 0.0791 
     D229599  2 0.1277 0.0938 0.0886 0.1723 0.1529 0.0857 0.2790 
     D229600  2 0.3916 0.0881 0.2962 0.0536 0.0990 0.0250 0.0466 
     D237227  2 0.2156 0.0414 0.0626 0.0318 0.0940 0.4996 0.0550 
     D237228  2 0.4151 0.0367 0.0730 0.0437 0.1198 0.2861 0.0256 
     D237258  2 0.1968 0.0581 0.2052 0.1449 0.1936 0.0998 0.1016 
     D237310  2 0.4715 0.1405 0.0488 0.1210 0.1549 0.0463 0.0170 
     D237311  2 0.5881 0.0614 0.1907 0.0444 0.0582 0.0353 0.0218 
     D237312  2 0.1527 0.3471 0.0221 0.2477 0.1452 0.0510 0.0341 
     D237313  2 0.1394 0.1451 0.0356 0.0799 0.1377 0.1354 0.3269 
     D237322  2 0.0679 0.2782 0.1615 0.1567 0.1775 0.1097 0.0486 
     D237323  2 0.6521 0.0732 0.0302 0.0394 0.0554 0.1301 0.0195 
     D237324  2 0.3074 0.0755 0.3076 0.0277 0.1980 0.0228 0.0609 
     D237325  2 0.4131 0.1942 0.0458 0.1145 0.0942 0.0926 0.0456 
     D237326  2 0.6776 0.0225 0.0312 0.0419 0.0508 0.0823 0.0937 
     D237327  2 0.0608 0.2504 0.3105 0.0780 0.1292 0.0956 0.0755 
     D237337  2 0.7179 0.0607 0.0190 0.0356 0.0667 0.0601 0.0399 
     D237338  2 0.3044 0.2018 0.0889 0.1164 0.1006 0.1249 0.0629 
     D237339  2 0.0297 0.0416 0.2393 0.5227 0.0827 0.0224 0.0616 
     D237340  2 0.2293 0.1022 0.1963 0.1278 0.0914 0.2236 0.0295 
     D237389  2 0.5297 0.1073 0.0750 0.1055 0.1340 0.0238 0.0246 
     D237390  2 0.2141 0.3042 0.0350 0.1932 0.0908 0.0960 0.0668 
     D244017  2 0.0566 0.0318 0.3563 0.0790 0.1634 0.2757 0.0371 
     D244112  2 0.0345 0.0649 0.8107 0.0226 0.0317 0.0188 0.0168 
     D244118  2 0.2894 0.0288 0.5770 0.0359 0.0297 0.0257 0.0134 
     D244119  2 0.0325 0.0174 0.2351 0.0165 0.0258 0.6465 0.0262 
     D244120  2 0.0263 0.1115 0.5320 0.2054 0.0492 0.0638 0.0118 
     D244122  2 0.0636 0.0840 0.6470 0.0714 0.0626 0.0406 0.0308 
        D291  2 0.0810 0.0613 0.3568 0.0295 0.3078 0.0383 0.1253 
        D292  2 0.0661 0.0383 0.3976 0.0694 0.0492 0.1089 0.2706 
        D293  2 0.0174 0.0269 0.6837 0.0465 0.0662 0.0174 0.1420 
        D322  2 0.0635 0.0281 0.4983 0.0823 0.1053 0.0243 0.1981 
        D323  2 0.0433 0.0612 0.0906 0.2531 0.3945 0.0560 0.1012 
        D324  2 0.1367 0.0530 0.1610 0.0252 0.2720 0.1173 0.2348 
        D325  2 0.0108 0.0447 0.8295 0.0175 0.0399 0.0128 0.0448 
        D326  2 0.0104 0.0233 0.0168 0.0172 0.0204 0.0264 0.8854 
        D340  2 0.0186 0.0161 0.8800 0.0208 0.0216 0.0185 0.0244 
        D341  2 0.0337 0.1959 0.5980 0.0384 0.0380 0.0565 0.0394 
        D342  2 0.1361 0.1126 0.5488 0.0396 0.1148 0.0203 0.0279 
        D343  2 0.0119 0.0197 0.9094 0.0131 0.0180 0.0103 0.0177 
        D344  2 0.0324 0.0918 0.0414 0.5618 0.1073 0.0275 0.1378 
        D345  2 0.3417 0.0417 0.0475 0.1255 0.1203 0.0669 0.2565 
        D346  2 0.0298 0.0398 0.0684 0.0605 0.1216 0.6027 0.0772 
        D351  2 0.0664 0.0914 0.0849 0.0730 0.2725 0.0336 0.3783 
        D352  2 0.0399 0.0315 0.0371 0.6881 0.0982 0.0733 0.0320 
        D353  2 0.0231 0.0576 0.0406 0.1491 0.3284 0.0224 0.3788 
        D354  2 0.0517 0.0471 0.0149 0.6631 0.0497 0.0693 0.1043 
        D362  2 0.0518 0.0198 0.0319 0.0377 0.0462 0.0366 0.7760 
        D363  2 0.0421 0.0174 0.0263 0.0295 0.0582 0.0504 0.7763 
        D364  2 0.0639 0.0626 0.0232 0.2880 0.0704 0.0693 0.4226 
        D365  2 0.0153 0.0160 0.8632 0.0278 0.0220 0.0195 0.0361 
        D369  2 0.1088 0.0494 0.1951 0.0245 0.1241 0.1699 0.3281 
        D374  2 0.0357 0.0285 0.0203 0.3203 0.0743 0.4994 0.0215 
        D375  2 0.0335 0.0403 0.0128 0.8145 0.0534 0.0176 0.0278 
        D376  2 0.0444 0.0443 0.0326 0.2805 0.0606 0.5147 0.0230 
        D377  2 0.1670 0.1364 0.0799 0.2281 0.2439 0.0843 0.0605 
        D378  2 0.0893 0.0521 0.2737 0.1182 0.1491 0.0305 0.2871 
        D379  2 0.0283 0.0996 0.0181 0.0424 0.0800 0.0426 0.6890 
        D384  2 0.0151 0.0175 0.0169 0.0164 0.0277 0.0367 0.8697 
        D385  2 0.0228 0.0304 0.6705 0.1665 0.0521 0.0306 0.0270 
        D386  2 0.0930 0.0673 0.0495 0.4634 0.1001 0.0235 0.2032 
        D391  2 0.0247 0.0312 0.7384 0.0846 0.0418 0.0223 0.0569 
        D392  2 0.1102 0.0224 0.6225 0.0323 0.0644 0.0509 0.0972 
        D393  2 0.0670 0.0894 0.1527 0.0918 0.0823 0.0349 0.4819 
        D394  2 0.3340 0.1120 0.0850 0.1670 0.1406 0.0577 0.1037 
        D395  2 0.0226 0.0348 0.2068 0.5653 0.1236 0.0218 0.0252 
        D401  2 0.7664 0.0193 0.0354 0.0214 0.0857 0.0497 0.0220 
        D402  2 0.0222 0.0225 0.8387 0.0507 0.0213 0.0206 0.0240 
        D403  2 0.0596 0.3400 0.0271 0.1133 0.1887 0.0362 0.2351 
        D415  2 0.0513 0.0658 0.0214 0.0270 0.1003 0.0142 0.7198 
        D435  2 0.0511 0.0515 0.2062 0.0318 0.0618 0.0217 0.5758 
        D436  2 0.0305 0.1171 0.0274 0.5609 0.0667 0.0589 0.1385 
        D438  2 0.0193 0.0169 0.8839 0.0161 0.0255 0.0242 0.0140 
        D439  2 0.0969 0.0499 0.0851 0.4368 0.1669 0.0225 0.1420 
        D449  2 0.0349 0.0697 0.4225 0.0234 0.3357 0.0280 0.0857 
        D450  2 0.0582 0.1391 0.0289 0.2205 0.1950 0.2020 0.1563 
        D456  2 0.0154 0.0258 0.0143 0.0157 0.0330 0.0244 0.8713 
        D462  2 0.0205 0.0203 0.8015 0.0607 0.0329 0.0156 0.0486 
        D463  2 0.0143 0.0211 0.0124 0.0221 0.0385 0.0301 0.8616 
        D464  2 0.0268 0.0768 0.0430 0.4544 0.2504 0.0245 0.1241 
        D465  2 0.0599 0.0498 0.3686 0.0385 0.2548 0.0250 0.2034 
        D473  2 0.1307 0.0590 0.0405 0.1518 0.0711 0.5110 0.0359 
        D474  2 0.0751 0.0466 0.0846 0.0253 0.0520 0.0861 0.6304 
        D476  2 0.3542 0.1034 0.0875 0.3259 0.0655 0.0195 0.0441 
        D477  2 0.0585 0.0533 0.0365 0.1930 0.1174 0.0812 0.4601 
        D478  2 0.1498 0.0594 0.0804 0.1775 0.3180 0.1479 0.0671 
        D480  2 0.0301 0.1687 0.1049 0.1491 0.0939 0.1344 0.3189 
        D481  2 0.1766 0.0424 0.0707 0.1512 0.1135 0.1429 0.3026 
        D482  2 0.0867 0.1677 0.0530 0.4282 0.0863 0.1516 0.0265 
        D483  2 0.0267 0.0178 0.8140 0.0246 0.0294 0.0656 0.0219 
        D484  2 0.0133 0.0208 0.0270 0.8819 0.0242 0.0206 0.0121 
        D510  2 0.0282 0.0458 0.0542 0.1133 0.0537 0.6735 0.0314 
        D511  2 0.0574 0.0459 0.0879 0.4605 0.0847 0.0297 0.2338 
        D512  2 0.4607 0.0617 0.1158 0.0515 0.2676 0.0138 0.0289 
        D513  2 0.0473 0.0440 0.5130 0.0379 0.1798 0.0817 0.0963 
        D635  2 0.3435 0.0233 0.0365 0.0192 0.1861 0.0349 0.3565 
        D636  2 0.8769 0.0155 0.0151 0.0146 0.0308 0.0222 0.0247 
        D637  2 0.0465 0.2612 0.1612 0.3062 0.0894 0.0967 0.0387 
        D658  2 0.0504 0.1060 0.4315 0.2437 0.0298 0.1140 0.0246 
        D659  2 0.0430 0.0695 0.0468 0.0385 0.1129 0.0464 0.6427 
        D677  2 0.0774 0.4006 0.0685 0.0621 0.1033 0.0355 0.2525 
        D678  2 0.0539 0.0605 0.5701 0.0643 0.2007 0.0204 0.0302 
        D679  2 0.0471 0.0655 0.0617 0.0593 0.1551 0.0802 0.5312 
        D719  2 0.0268 0.0206 0.2286 0.0405 0.0379 0.4603 0.1853 
        D720  2 0.0409 0.0166 0.0256 0.0274 0.0600 0.0709 0.7587 
        D721  2 0.6134 0.0377 0.0761 0.0388 0.1064 0.0498 0.0778 
        D722  2 0.0695 0.0238 0.0676 0.3522 0.1198 0.3276 0.0395 
        D734  2 0.0147 0.0614 0.1083 0.4919 0.0532 0.2327 0.0379 
        D735  2 0.1318 0.0777 0.0658 0.0592 0.1826 0.1158 0.3671 
        D736  2 0.0683 0.0565 0.1505 0.0585 0.0813 0.4858 0.0990 
        D737  2 0.0862 0.0577 0.5715 0.1656 0.0440 0.0545 0.0206 
        D807  2 0.0586 0.1068 0.0937 0.1102 0.0661 0.2867 0.2779 
        D808  2 0.2463 0.1582 0.1526 0.0633 0.1864 0.0357 0.1575 
        D817  2 0.0402 0.0398 0.0290 0.1832 0.2401 0.0544 0.4133 
        D818  2 0.0375 0.3195 0.2970 0.0350 0.1843 0.0279 0.0989 
        D819  2 0.1733 0.0367 0.0432 0.0634 0.4111 0.0432 0.2291 
        D820  2 0.0138 0.0349 0.0521 0.0461 0.0317 0.0173 0.8042 
        D895  2 0.1482 0.0457 0.0349 0.0544 0.2432 0.0470 0.4267 
        D896  2 0.8171 0.0298 0.0189 0.0339 0.0410 0.0360 0.0234 
        D897  2 0.0412 0.1274 0.6145 0.0477 0.1071 0.0251 0.0371 
        D898  2 0.1191 0.1937 0.0758 0.1186 0.3277 0.0743 0.0908 
        D918  2 0.1048 0.4764 0.0714 0.0902 0.1365 0.0710 0.0497 
        D919  2 0.0322 0.0580 0.1607 0.3770 0.1536 0.0238 0.1947 
        D920  2 0.5765 0.2368 0.0331 0.0432 0.0309 0.0517 0.0278 
        D923  2 0.0269 0.0265 0.0317 0.1018 0.0682 0.0266 0.7183 
        D930  2 0.0660 0.0910 0.0399 0.1659 0.1929 0.1504 0.2939 
        D931  2 0.0471 0.0623 0.1231 0.2171 0.0871 0.0549 0.4084 
        D968  2 0.0112 0.0137 0.8992 0.0208 0.0204 0.0149 0.0198 
        D969  2 0.0479 0.0964 0.2970 0.0382 0.1125 0.0755 0.3326 
        D977  2 0.0220 0.1524 0.6394 0.0341 0.1007 0.0181 0.0332 
        D978  2 0.0234 0.3799 0.2590 0.0437 0.2052 0.0490 0.0398 
        D211  3 0.1184 0.6053 0.0215 0.0363 0.0853 0.0381 0.0952 
     D229639  3 0.0465 0.0848 0.3804 0.0395 0.0534 0.3043 0.0911 
     D237212  3 0.0730 0.1968 0.1933 0.2145 0.1598 0.0435 0.1190 
     D237213  3 0.1445 0.2754 0.0435 0.1511 0.2549 0.0287 0.1019 
     D237214  3 0.3946 0.0799 0.0249 0.0382 0.3780 0.0359 0.0485 
     D237215  3 0.0284 0.0189 0.7456 0.0468 0.0397 0.1000 0.0206 
     D237216  3 0.0766 0.2529 0.0340 0.0361 0.4993 0.0445 0.0565 
     D237217  3 0.1587 0.4717 0.0524 0.0169 0.1209 0.0217 0.1577 
     D237218  3 0.0348 0.6125 0.0688 0.0846 0.0562 0.0674 0.0757 
     D237219  3 0.3122 0.2653 0.0458 0.0265 0.1187 0.1865 0.0450 
     D237382  3 0.1047 0.3255 0.0574 0.1013 0.1417 0.1224 0.1470 
     D244127  3 0.4782 0.1232 0.1799 0.0444 0.1058 0.0329 0.0356 
     D244129  3 0.2276 0.1173 0.0945 0.1027 0.2285 0.0682 0.1612 
     D244133  3 0.0667 0.0600 0.1390 0.0270 0.4161 0.2025 0.0886 
     D244134  3 0.1150 0.0563 0.1145 0.0243 0.0396 0.5940 0.0563 
     D244135  3 0.4964 0.1395 0.0704 0.0403 0.1708 0.0227 0.0599 
     D244136  3 0.0550 0.0612 0.0981 0.0531 0.2544 0.2311 0.2470 
        D416  3 0.1486 0.1620 0.1611 0.0574 0.2540 0.0600 0.1570 
        D417  3 0.0279 0.3446 0.0148 0.0297 0.0437 0.0311 0.5083 
        D419  3 0.1659 0.2728 0.1519 0.0510 0.0877 0.1050 0.1657 
        D565  3 0.0227 0.0158 0.0211 0.0169 0.0288 0.8494 0.0453 
        D566  3 0.0493 0.0267 0.2302 0.0430 0.1338 0.4387 0.0782 
        D567  3 0.1033 0.0552 0.0423 0.0525 0.0572 0.0245 0.6650 
        D568  3 0.1510 0.3013 0.1006 0.1202 0.0853 0.0213 0.2203 
        D569  3 0.0640 0.0577 0.0900 0.5802 0.1444 0.0394 0.0243 
        D573  3 0.0331 0.0321 0.6866 0.0257 0.0733 0.0318 0.1174 
        D574  3 0.0687 0.0555 0.0513 0.0848 0.2482 0.4474 0.0442 
        D575  3 0.2377 0.0606 0.0735 0.0535 0.2222 0.2250 0.1275 
        D576  3 0.0215 0.0257 0.7606 0.0549 0.0853 0.0424 0.0096 
        D577  3 0.0473 0.1267 0.0390 0.0716 0.0955 0.0462 0.5737 
        D578  3 0.5513 0.0984 0.0419 0.0173 0.2505 0.0191 0.0215 
        D579  3 0.0649 0.1311 0.1291 0.0919 0.0987 0.2970 0.1874 
        D660  3 0.1057 0.0873 0.4388 0.0718 0.2509 0.0192 0.0262 
        D661  3 0.0298 0.4977 0.3052 0.0556 0.0547 0.0209 0.0362 
        D663  3 0.0245 0.0360 0.6219 0.0603 0.1742 0.0326 0.0505 
        D664  3 0.2597 0.1533 0.1621 0.0672 0.2355 0.0900 0.0323 
        D665  3 0.1167 0.1194 0.0404 0.1420 0.5431 0.0143 0.0241 
        D666  3 0.2086 0.1772 0.0402 0.0609 0.1546 0.1926 0.1659 
        D009  4 0.1669 0.4618 0.0153 0.1036 0.0963 0.0410 0.1150 
        D057  4 0.1996 0.1944 0.2318 0.2705 0.0239 0.0324 0.0474 
        D109  4 0.5044 0.0995 0.0262 0.0514 0.1977 0.0655 0.0553 
     D237222  4 0.4425 0.2032 0.0337 0.0717 0.0462 0.1419 0.0608 
     D237223  4 0.1254 0.4207 0.0979 0.0912 0.0875 0.1199 0.0573 
     D237224  4 0.0523 0.0735 0.3099 0.2041 0.0858 0.0478 0.2266 
     D237225  4 0.1036 0.3763 0.0390 0.0739 0.1986 0.0732 0.1354 
     D237299  4 0.0238 0.5961 0.0299 0.0297 0.2567 0.0452 0.0186 
     D237300  4 0.0336 0.1537 0.5596 0.0353 0.0816 0.1065 0.0296 
     D237306  4 0.0712 0.1365 0.0401 0.1147 0.0919 0.4542 0.0916 
     D237307  4 0.0364 0.1601 0.0617 0.0326 0.0896 0.2214 0.3983 
     D237308  4 0.1487 0.0430 0.3602 0.2057 0.0728 0.0977 0.0720 
     D237309  4 0.1394 0.3099 0.0728 0.1192 0.1447 0.0341 0.1799 
     D237317  4 0.0672 0.0511 0.0388 0.0511 0.0805 0.4770 0.2343 
     D237318  4 0.0163 0.0493 0.7657 0.0160 0.0670 0.0596 0.0261 
     D237319  4 0.1418 0.4726 0.0502 0.0531 0.1455 0.0413 0.0954 
     D237320  4 0.0766 0.5861 0.1270 0.0283 0.0723 0.0326 0.0771 
     D237321  4 0.0837 0.0856 0.4973 0.0351 0.1008 0.1115 0.0862 
     D237397  4 0.0745 0.4685 0.1182 0.0467 0.0653 0.1711 0.0556 
     D237398  4 0.0317 0.2923 0.2649 0.0492 0.2109 0.0332 0.1178 
     D237399  4 0.0669 0.2473 0.0953 0.0521 0.0741 0.3088 0.1555 
     D244001  4 0.3205 0.3038 0.0945 0.1007 0.1043 0.0276 0.0486 
        D289  4 0.0474 0.1033 0.1425 0.1797 0.0878 0.3001 0.1391 
        D290  4 0.0435 0.4547 0.0389 0.1551 0.1928 0.0357 0.0793 
        D294  4 0.0325 0.3372 0.0386 0.2797 0.1480 0.0414 0.1228 
        D295  4 0.0741 0.3876 0.0376 0.0944 0.0707 0.0661 0.2696 
        D301  4 0.5175 0.2190 0.0699 0.0587 0.0473 0.0578 0.0297 
        D302  4 0.0327 0.0381 0.0183 0.6808 0.0578 0.0166 0.1557 
        D303  4 0.0772 0.0520 0.0517 0.1568 0.0700 0.5535 0.0387 
        D304  4 0.0378 0.3474 0.0596 0.0996 0.2131 0.1282 0.1143 
        D305  4 0.0522 0.0971 0.0673 0.4757 0.2467 0.0153 0.0458 
        D306  4 0.0582 0.1940 0.0243 0.1594 0.4387 0.0376 0.0878 
        D307  4 0.6569 0.1343 0.0282 0.0587 0.0385 0.0622 0.0212 
        D327  4 0.0254 0.0841 0.0567 0.0562 0.1216 0.0727 0.5833 
        D328  4 0.0316 0.0723 0.0209 0.6802 0.0518 0.1179 0.0253 
        D329  4 0.0888 0.2703 0.1330 0.2480 0.1006 0.0572 0.1021 
        D330  4 0.1123 0.1634 0.0566 0.1311 0.2309 0.0226 0.2831 
        D331  4 0.0993 0.1482 0.0831 0.1026 0.1574 0.1608 0.2487 
        D333  4 0.1166 0.2987 0.1020 0.2410 0.0677 0.0980 0.0760 
        D334  4 0.0497 0.1322 0.0275 0.0664 0.0760 0.5245 0.1237 
        D335  4 0.0279 0.0247 0.0305 0.5341 0.0499 0.0288 0.3039 
        D370  4 0.2629 0.0459 0.0401 0.4083 0.0953 0.0820 0.0654 
        D371  4 0.0213 0.0239 0.0284 0.0427 0.0587 0.7132 0.1117 
        D372  4 0.0220 0.1820 0.4885 0.0534 0.1609 0.0733 0.0201 
        D373  4 0.5878 0.0920 0.0843 0.0601 0.0994 0.0391 0.0373 
        D455  4 0.6315 0.1612 0.0470 0.0612 0.0308 0.0273 0.0409 
        D490  4 0.5369 0.3506 0.0125 0.0275 0.0259 0.0227 0.0240 
        D497  4 0.4903 0.3225 0.0331 0.0487 0.0539 0.0303 0.0212 
        D498  4 0.1336 0.1544 0.0838 0.1262 0.2089 0.1930 0.1003 
        D499  4 0.0441 0.1448 0.2499 0.1480 0.2229 0.1511 0.0393 
        D514  4 0.0479 0.0917 0.0403 0.2226 0.2820 0.0233 0.2922 
        D515  4 0.0567 0.6206 0.0300 0.0845 0.1210 0.0295 0.0578 
        D516  4 0.1875 0.2180 0.0933 0.0463 0.1235 0.1166 0.2148 
        D517  4 0.3699 0.3049 0.0991 0.0296 0.0819 0.0273 0.0872 
        D518  4 0.1658 0.1427 0.0399 0.4917 0.0336 0.0694 0.0568 
        D519  4 0.0497 0.8009 0.0327 0.0173 0.0344 0.0277 0.0373 
        D560  4 0.0248 0.8092 0.0283 0.0315 0.0300 0.0162 0.0600 
        D561  4 0.1271 0.0639 0.0459 0.0519 0.5971 0.0168 0.0974 
        D562  4 0.0947 0.1694 0.1257 0.2191 0.2290 0.0851 0.0769 
        D563  4 0.0752 0.0878 0.3759 0.2018 0.1919 0.0263 0.0410 
        D572  4 0.0403 0.0897 0.0375 0.6737 0.0380 0.0326 0.0882 
        D629  4 0.1179 0.1023 0.0383 0.0810 0.2426 0.0333 0.3846 
        D630  4 0.0624 0.4864 0.0428 0.1223 0.0980 0.0733 0.1148 
        D631  4 0.0413 0.2530 0.1233 0.4763 0.0407 0.0243 0.0412 
        D632  4 0.5618 0.0382 0.1138 0.1671 0.0454 0.0269 0.0467 
        D646  4 0.1496 0.4276 0.0806 0.0385 0.1019 0.0404 0.1614 
        D647  4 0.0893 0.1825 0.0675 0.0928 0.0470 0.0163 0.5045 
        D648  4 0.0218 0.0486 0.0208 0.8191 0.0324 0.0401 0.0172 
        D649  4 0.1825 0.0669 0.0188 0.1449 0.0709 0.0254 0.4906 
        D650  4 0.1010 0.2458 0.0370 0.1200 0.0859 0.1257 0.2846 
        D708  4 0.0574 0.1820 0.0391 0.2825 0.1411 0.2334 0.0645 
        D709  4 0.1186 0.1365 0.0338 0.2745 0.3019 0.0743 0.0603 
        D738  4 0.1303 0.1103 0.0216 0.0365 0.0403 0.5565 0.1046 
        D739  4 0.1193 0.5036 0.0385 0.1304 0.1241 0.0431 0.0411 
        D740  4 0.1392 0.2708 0.0748 0.0721 0.1650 0.2421 0.0359 
        D741  4 0.0419 0.5158 0.1227 0.0322 0.1612 0.0178 0.1085 
        D742  4 0.0469 0.2564 0.3586 0.0895 0.0863 0.0975 0.0649 
        D743  4 0.0282 0.0538 0.0446 0.2091 0.0652 0.0262 0.5729 
        D744  4 0.0390 0.0563 0.0528 0.6699 0.0798 0.0248 0.0774 
        D745  4 0.0351 0.8124 0.0211 0.0253 0.0521 0.0268 0.0271 
        D814  4 0.0315 0.3377 0.2069 0.1027 0.2642 0.0259 0.0311 
        D815  4 0.0664 0.0630 0.0498 0.5030 0.0793 0.0425 0.1959 
        D828  4 0.0310 0.1118 0.0849 0.5077 0.1127 0.1335 0.0184 
        D845  4 0.0165 0.0536 0.6789 0.0354 0.0315 0.1510 0.0330 
        D846  4 0.0768 0.0948 0.1325 0.3184 0.1521 0.0132 0.2120 
        D847  4 0.0766 0.4138 0.0860 0.0426 0.1164 0.1098 0.1548 
        D848  4 0.6312 0.0398 0.1740 0.0384 0.0637 0.0311 0.0219 
        D849  4 0.1146 0.6129 0.0384 0.0633 0.0941 0.0269 0.0497 
        D850  4 0.1128 0.0607 0.1103 0.0696 0.2758 0.1253 0.2454 
        D856  4 0.1844 0.1987 0.0394 0.0935 0.3701 0.0365 0.0773 
        D857  4 0.7492 0.0409 0.0527 0.0749 0.0348 0.0374 0.0101 
        D859  4 0.0272 0.2705 0.0660 0.4526 0.0555 0.0305 0.0977 
        D860  4 0.0297 0.0263 0.1426 0.0686 0.0375 0.5885 0.1067 
        D883  4 0.1628 0.1827 0.0424 0.1417 0.0991 0.1169 0.2544 
        D884  4 0.0745 0.5693 0.0218 0.1155 0.0818 0.0629 0.0741 
        D885  4 0.0527 0.3793 0.0791 0.0755 0.2560 0.0414 0.1160 
        D886  4 0.2568 0.2372 0.0613 0.1222 0.0938 0.0325 0.1962 
        D887  4 0.0823 0.2433 0.2177 0.1765 0.0955 0.0741 0.1105 
        D889  4 0.0206 0.4742 0.1076 0.1125 0.1816 0.0417 0.0619 
        D890  4 0.2223 0.0485 0.0577 0.2979 0.2023 0.1112 0.0601 
        D891  4 0.0132 0.0383 0.8265 0.0135 0.0329 0.0578 0.0177 
        D899  4 0.0306 0.0621 0.5570 0.1277 0.0810 0.1030 0.0385 
        D900  4 0.0787 0.2023 0.0771 0.1502 0.2352 0.0739 0.1825 
        D970  4 0.0889 0.1645 0.0831 0.2694 0.0965 0.0933 0.2043 
        D971  4 0.0694 0.0252 0.3905 0.2106 0.1164 0.0740 0.1140 
        D979  4 0.0216 0.0449 0.0306 0.3385 0.0629 0.0401 0.4613 
        D093  5 0.0225 0.1065 0.0231 0.0317 0.0324 0.7440 0.0399 
        D154  5 0.0294 0.3421 0.2189 0.0626 0.2395 0.0711 0.0365 
        D168  5 0.1115 0.2033 0.2077 0.0427 0.3394 0.0231 0.0722 
        D189  5 0.0206 0.1384 0.1066 0.0836 0.0697 0.5341 0.0470 
        D190  5 0.0352 0.0537 0.0345 0.0767 0.0421 0.7156 0.0422 
     D237220  5 0.1587 0.4909 0.0395 0.0735 0.0671 0.1270 0.0434 
     D237221  5 0.0686 0.1212 0.1750 0.0747 0.0943 0.3542 0.1120 
     D237274  5 0.0399 0.0306 0.0469 0.2217 0.0875 0.0214 0.5519 
     D237275  5 0.0328 0.0402 0.7294 0.0406 0.1019 0.0324 0.0228 
     D237276  5 0.0981 0.4674 0.0283 0.0903 0.0594 0.1572 0.0992 
     D237277  5 0.0370 0.0443 0.0789 0.0699 0.0468 0.6821 0.0410 
     D237278  5 0.1532 0.1065 0.2641 0.0864 0.0976 0.2409 0.0513 
     D237279  5 0.4222 0.0300 0.0239 0.0538 0.4006 0.0244 0.0451 
     D237280  5 0.5316 0.0804 0.0185 0.0502 0.1102 0.0672 0.1419 
     D237281  5 0.0193 0.0315 0.8002 0.0232 0.0513 0.0360 0.0386 
     D237351  5 0.6257 0.1047 0.0243 0.0283 0.0789 0.1092 0.0288 
     D237352  5 0.3529 0.0797 0.0610 0.2298 0.1297 0.0528 0.0942 
     D237353  5 0.0384 0.0176 0.0208 0.0494 0.0299 0.8205 0.0233 
     D237359  5 0.0497 0.6641 0.0399 0.0589 0.0738 0.0696 0.0439 
     D237361  5 0.0227 0.0187 0.0187 0.0301 0.0353 0.8536 0.0210 
     D237362  5 0.0587 0.1062 0.0512 0.0767 0.3157 0.1607 0.2308 
     D237363  5 0.0336 0.0582 0.1407 0.0404 0.6229 0.0570 0.0471 
     D237364  5 0.0467 0.5796 0.0797 0.1095 0.0944 0.0134 0.0767 
     D237376  5 0.0214 0.0388 0.0373 0.7196 0.0735 0.0920 0.0174 
     D237377  5 0.3667 0.0321 0.0461 0.0463 0.1514 0.1321 0.2252 
     D237378  5 0.0351 0.1605 0.0850 0.1984 0.0703 0.4255 0.0252 
     D237379  5 0.0342 0.1365 0.0341 0.4108 0.1209 0.2281 0.0355 
     D237380  5 0.5412 0.0498 0.0170 0.2738 0.0357 0.0494 0.0331 
     D237381  5 0.4751 0.0883 0.0742 0.1207 0.0755 0.0972 0.0690 
     D237391  5 0.0282 0.0336 0.0233 0.0227 0.0273 0.8334 0.0314 
     D237392  5 0.0667 0.0306 0.1677 0.1482 0.1572 0.0279 0.4017 
     D237393  5 0.1399 0.0363 0.0836 0.0485 0.0560 0.2543 0.3814 
     D237394  5 0.0241 0.0179 0.0151 0.0246 0.0358 0.8598 0.0227 
     D237395  5 0.0637 0.3499 0.0580 0.0394 0.1223 0.3302 0.0364 
     D237396  5 0.1492 0.0283 0.0891 0.0276 0.1162 0.1855 0.4042 
     D244016  5 0.0291 0.0247 0.0814 0.2097 0.4291 0.1889 0.0372 
     D244018  5 0.0989 0.0617 0.3379 0.0360 0.1465 0.2476 0.0714 
     D244019  5 0.0362 0.0727 0.1354 0.1451 0.3901 0.0542 0.1662 
        D279  5 0.0430 0.5419 0.0980 0.0691 0.1045 0.1055 0.0381 
        D280  5 0.0751 0.1019 0.1259 0.0337 0.1657 0.3544 0.1434 
        D281  5 0.0180 0.0990 0.5538 0.0402 0.1212 0.1344 0.0333 
        D283  5 0.0378 0.0385 0.0508 0.0332 0.0583 0.6169 0.1646 
        D284  5 0.1065 0.3767 0.0398 0.0503 0.3214 0.0433 0.0619 
        D285  5 0.0399 0.1643 0.0310 0.0707 0.0717 0.5428 0.0796 
        D286  5 0.0437 0.3715 0.0363 0.1422 0.0940 0.2084 0.1038 
        D287  5 0.0475 0.0738 0.0230 0.5939 0.1106 0.1307 0.0206 
        D288  5 0.0372 0.0655 0.1594 0.0349 0.2165 0.1899 0.2966 
        D308  5 0.7243 0.0359 0.0240 0.0267 0.0394 0.0447 0.1050 
        D309  5 0.0442 0.0301 0.0193 0.7296 0.0675 0.0273 0.0821 
        D310  5 0.0168 0.0407 0.0192 0.0336 0.0537 0.8177 0.0182 
        D311  5 0.0389 0.1667 0.0365 0.2854 0.1858 0.1453 0.1413 
        D312  5 0.0776 0.0696 0.0506 0.3216 0.1540 0.1721 0.1545 
        D313  5 0.8673 0.0338 0.0134 0.0125 0.0181 0.0368 0.0181 
        D314  5 0.0483 0.5485 0.0725 0.1064 0.1334 0.0569 0.0340 
        D315  5 0.1259 0.0644 0.0545 0.0720 0.1108 0.2979 0.2746 
        D317  5 0.0205 0.0350 0.0189 0.0237 0.0353 0.8190 0.0476 
        D318  5 0.0677 0.0912 0.1195 0.1468 0.3839 0.0777 0.1132 
        D319  5 0.0234 0.0357 0.0237 0.0232 0.0236 0.8404 0.0299 
        D320  5 0.0346 0.0481 0.0253 0.0908 0.0501 0.7085 0.0426 
        D321  5 0.6048 0.0315 0.0510 0.0230 0.0635 0.1418 0.0843 
        D336  5 0.0245 0.0414 0.0217 0.2221 0.0851 0.5729 0.0323 
        D337  5 0.0137 0.0157 0.0373 0.0359 0.0292 0.8343 0.0339 
        D338  5 0.0483 0.3946 0.0564 0.0377 0.0770 0.2293 0.1567 
        D339  5 0.0385 0.1048 0.0604 0.0245 0.0481 0.6791 0.0445 
        D347  5 0.0315 0.0934 0.1589 0.3020 0.1820 0.0564 0.1757 
        D348  5 0.0226 0.0207 0.0251 0.1484 0.0405 0.7166 0.0261 
        D349  5 0.7807 0.0211 0.0254 0.0378 0.0479 0.0620 0.0251 
        D350  5 0.0229 0.0812 0.0337 0.7671 0.0388 0.0189 0.0373 
        D355  5 0.0205 0.1587 0.4136 0.0888 0.1923 0.0260 0.1001 
        D356  5 0.1059 0.0757 0.0326 0.0709 0.1029 0.3236 0.2884 
        D357  5 0.0662 0.1553 0.0715 0.2097 0.2880 0.1368 0.0726 
        D358  5 0.0975 0.0551 0.0611 0.1979 0.1118 0.3998 0.0768 
        D359  5 0.0314 0.0261 0.0204 0.0480 0.0529 0.5430 0.2782 
        D360  5 0.0998 0.0735 0.0252 0.0440 0.1105 0.4907 0.1562 
        D361  5 0.8168 0.0339 0.0231 0.0190 0.0334 0.0390 0.0348 
        D366  5 0.0321 0.0315 0.2684 0.0279 0.1071 0.0275 0.5055 
        D367  5 0.0667 0.1425 0.0267 0.1704 0.1084 0.4587 0.0267 
        D368  5 0.1581 0.1039 0.0286 0.0592 0.2245 0.2882 0.1376 
        D380  5 0.0947 0.0680 0.0537 0.3553 0.2564 0.0421 0.1299 
        D381  5 0.0293 0.0340 0.0417 0.0540 0.0571 0.7172 0.0667 
        D400  5 0.0387 0.2209 0.1325 0.1955 0.0764 0.2595 0.0766 
        D411  5 0.5127 0.1845 0.0245 0.0360 0.2126 0.0142 0.0154 
        D412  5 0.1358 0.1056 0.1919 0.1020 0.2388 0.1226 0.1033 
        D413  5 0.0507 0.0551 0.5914 0.0410 0.1228 0.0331 0.1059 
        D414  5 0.0181 0.1109 0.1001 0.6780 0.0409 0.0201 0.0318 
        D420  5 0.1340 0.1898 0.0829 0.0333 0.4364 0.0887 0.0348 
        D431  5 0.0881 0.2139 0.0719 0.3082 0.2112 0.0896 0.0172 
        D432  5 0.1366 0.0476 0.0870 0.0500 0.0683 0.5278 0.0827 
        D433  5 0.0462 0.0481 0.0713 0.0610 0.0594 0.6226 0.0914 
        D434  5 0.0458 0.0388 0.0425 0.0541 0.0760 0.6538 0.0890 
        D440  5 0.0265 0.0967 0.0210 0.7464 0.0403 0.0246 0.0444 
        D447  5 0.0696 0.0743 0.0583 0.1490 0.3836 0.0292 0.2360 
        D448  5 0.0246 0.1204 0.0680 0.2011 0.1149 0.3821 0.0889 
        D459  5 0.0177 0.0510 0.7489 0.0444 0.0444 0.0283 0.0654 
        D460  5 0.6926 0.0260 0.0270 0.0256 0.0474 0.0844 0.0970 
        D461  5 0.0271 0.0328 0.0172 0.7533 0.0342 0.0219 0.1135 
        D468  5 0.0659 0.0770 0.0373 0.0651 0.5357 0.0935 0.1256 
        D469  5 0.0681 0.1404 0.0282 0.0764 0.1044 0.0750 0.5075 
        D470  5 0.0592 0.4408 0.0328 0.1582 0.1637 0.0586 0.0868 
        D471  5 0.0230 0.1064 0.0617 0.1663 0.0738 0.4756 0.0933 
        D472  5 0.0234 0.0264 0.1649 0.0157 0.0246 0.0289 0.7161 
        D479  5 0.0285 0.0310 0.5872 0.2287 0.0624 0.0268 0.0353 
        D485  5 0.0276 0.0667 0.0367 0.6740 0.1247 0.0355 0.0348 
        D486  5 0.0768 0.1321 0.0365 0.1111 0.5087 0.0539 0.0810 
        D487  5 0.0410 0.2907 0.1640 0.1722 0.0769 0.2114 0.0437 
        D555  5 0.0301 0.0170 0.0397 0.0352 0.0325 0.8148 0.0307 
        D556  5 0.0912 0.1847 0.0750 0.2885 0.1202 0.1853 0.0551 
        D557  5 0.0346 0.0211 0.0425 0.0530 0.0369 0.7659 0.0460 
        D564  5 0.1774 0.0473 0.0299 0.3530 0.1005 0.2310 0.0609 
        D594  5 0.0631 0.0525 0.1141 0.2331 0.3074 0.0604 0.1694 
        D595  5 0.0799 0.0802 0.1134 0.0852 0.1252 0.3411 0.1750 
        D596  5 0.0354 0.0177 0.0387 0.0327 0.0371 0.8141 0.0242 
        D597  5 0.0338 0.0363 0.3694 0.0792 0.0518 0.3273 0.1021 
        D598  5 0.1443 0.1062 0.0536 0.1189 0.0621 0.4264 0.0886 
        D617  5 0.3484 0.1787 0.1686 0.0417 0.2177 0.0173 0.0275 
        D618  5 0.0345 0.0844 0.0603 0.0581 0.0467 0.6497 0.0663 
        D619  5 0.2882 0.0200 0.0912 0.1574 0.0948 0.1025 0.2458 
        D620  5 0.0234 0.0392 0.8182 0.0197 0.0188 0.0351 0.0455 
        D628  5 0.0636 0.0572 0.0234 0.7197 0.0358 0.0585 0.0419 
        D714  5 0.0282 0.0432 0.1336 0.4757 0.1400 0.1590 0.0203 
        D715  5 0.0274 0.0251 0.0437 0.0359 0.0359 0.7722 0.0597 
        D716  5 0.0190 0.1078 0.1379 0.3364 0.2606 0.0460 0.0923 
        D717  5 0.1170 0.0712 0.0515 0.0981 0.1144 0.1892 0.3585 
        D718  5 0.0622 0.2371 0.0429 0.2205 0.3448 0.0726 0.0200 
        D769  5 0.2621 0.2459 0.0973 0.1361 0.2056 0.0247 0.0282 
        D770  5 0.0383 0.1134 0.1989 0.3948 0.1373 0.0726 0.0447 
        D771  5 0.0878 0.1895 0.2352 0.1688 0.1520 0.1006 0.0661 
        D772  5 0.0305 0.0443 0.0295 0.6799 0.0754 0.0962 0.0442 
        D782  5 0.2132 0.0328 0.2042 0.0339 0.4281 0.0490 0.0388 
        D783  5 0.0325 0.0525 0.2471 0.4027 0.1368 0.1005 0.0279 
        D784  5 0.0506 0.0686 0.0565 0.1559 0.1256 0.1155 0.4274 
        D785  5 0.0925 0.0569 0.0242 0.1413 0.0740 0.5734 0.0377 
        D786  5 0.3783 0.0841 0.0678 0.1674 0.1135 0.0176 0.1714 
        D821  5 0.0133 0.0160 0.0133 0.0277 0.0177 0.8968 0.0151 
        D822  5 0.0488 0.0642 0.0888 0.1761 0.2775 0.1044 0.2402 
        D826  5 0.0462 0.1318 0.1730 0.0622 0.0946 0.4136 0.0787 
        D827  5 0.0329 0.1354 0.0938 0.1180 0.2929 0.0374 0.2896 
        D851  5 0.0972 0.0872 0.0584 0.0739 0.3687 0.1791 0.1355 
        D852  5 0.0778 0.1762 0.1479 0.3189 0.0574 0.1847 0.0370 
        D853  5 0.0546 0.2901 0.0574 0.0796 0.1186 0.3044 0.0953 
        D854  5 0.0383 0.2345 0.1184 0.1215 0.3553 0.0234 0.1086 
        D861  5 0.0688 0.3008 0.1278 0.0624 0.2591 0.1252 0.0559 
        D862  5 0.0411 0.0550 0.0390 0.1378 0.2280 0.2063 0.2927 
        D865  5 0.0576 0.0300 0.0556 0.0614 0.0852 0.6759 0.0344 
        D868  5 0.0220 0.1392 0.0335 0.0271 0.0336 0.0940 0.6506 
        D869  5 0.5776 0.0627 0.0377 0.0243 0.2304 0.0349 0.0325 
        D870  5 0.0420 0.0316 0.0435 0.0238 0.8013 0.0144 0.0434 
        D907  5 0.0607 0.0675 0.0364 0.0416 0.0987 0.6649 0.0302 
        D908  5 0.0783 0.0967 0.2783 0.2369 0.0424 0.2388 0.0285 
        D910  5 0.0239 0.0662 0.2352 0.1182 0.1163 0.3459 0.0943 
        D911  5 0.0191 0.1303 0.5578 0.0310 0.1474 0.0449 0.0695 
        D934  5 0.0338 0.1166 0.1663 0.2912 0.2727 0.0486 0.0709 
        D946  5 0.0725 0.2509 0.0719 0.4547 0.0798 0.0502 0.0200 
        D947  5 0.0493 0.3769 0.0459 0.2295 0.1483 0.0403 0.1099 
        D948  5 0.7356 0.0173 0.0222 0.0184 0.0202 0.1446 0.0417 
        D949  5 0.7849 0.0290 0.0183 0.0247 0.0241 0.0603 0.0586 
        D950  5 0.0195 0.1443 0.5389 0.0359 0.1066 0.0502 0.1046 
        D951  5 0.0634 0.0260 0.0347 0.1960 0.3759 0.0202 0.2839 
        D952  5 0.0295 0.0826 0.0493 0.0450 0.0397 0.1242 0.6298 
        D953  5 0.0512 0.0407 0.0316 0.0477 0.0502 0.6592 0.1194 
        D954  5 0.0404 0.0169 0.0250 0.0344 0.1623 0.2282 0.4928 
        D961  5 0.0319 0.1748 0.0303 0.5822 0.1063 0.0522 0.0223 
        D962  5 0.0289 0.0277 0.0152 0.5620 0.0624 0.2503 0.0536 
        D963  5 0.0317 0.0796 0.0575 0.1616 0.0916 0.2759 0.3022 
        D964  5 0.0824 0.2851 0.0615 0.1898 0.2901 0.0504 0.0407 
        D965  5 0.0401 0.0664 0.0682 0.6536 0.0864 0.0452 0.0400 
        D966  5 0.0429 0.0830 0.1188 0.2498 0.0916 0.2016 0.2124 
        D967  5 0.2138 0.0516 0.2817 0.0554 0.1221 0.2212 0.0541 
        D991  5 0.1675 0.2137 0.0307 0.3506 0.0704 0.1024 0.0647 
        D502  6 0.0420 0.0952 0.0584 0.2027 0.5678 0.0110 0.0229 
        D503  6 0.1401 0.3181 0.2025 0.0240 0.2011 0.0874 0.0269 
        D504  6 0.1067 0.1407 0.0733 0.1175 0.1112 0.1137 0.3369 
        D505  6 0.0755 0.0967 0.1274 0.1533 0.1966 0.2596 0.0908 
        D506  6 0.0208 0.0176 0.0162 0.0247 0.0478 0.8400 0.0328 
        D507  6 0.0800 0.1375 0.0908 0.4563 0.1455 0.0369 0.0530 
        D508  6 0.0489 0.1895 0.1072 0.1742 0.2536 0.0313 0.1953 
        D529  6 0.1311 0.2087 0.0575 0.0776 0.2466 0.1421 0.1364 
        D530  6 0.1138 0.0531 0.0481 0.5043 0.1940 0.0619 0.0249 
        D531  6 0.0411 0.3711 0.0606 0.0939 0.1261 0.0949 0.2122 
        D532  6 0.0306 0.0565 0.0760 0.2665 0.2932 0.1262 0.1510 
        D534  6 0.7157 0.0647 0.0312 0.0432 0.0633 0.0250 0.0569 
        D535  6 0.1423 0.0376 0.0544 0.1330 0.1923 0.2758 0.1647 
        D536  6 0.0681 0.0901 0.5945 0.0487 0.1538 0.0240 0.0207 
        D554  6 0.1096 0.0598 0.0281 0.3755 0.2612 0.1151 0.0507 
        D587  6 0.0473 0.0494 0.0486 0.0465 0.0535 0.6836 0.0711 
        D588  6 0.0599 0.0285 0.0535 0.0518 0.3095 0.3376 0.1591 
        D589  6 0.0712 0.1910 0.2623 0.0504 0.2506 0.1275 0.0470 
        D590  6 0.0582 0.0412 0.6708 0.0364 0.0950 0.0500 0.0484 
        D591  6 0.0997 0.0539 0.0999 0.0424 0.4855 0.1715 0.0470 
        D592  6 0.7798 0.0349 0.0347 0.0235 0.0383 0.0461 0.0427 
        D593  6 0.0403 0.0726 0.0357 0.6118 0.1382 0.0835 0.0179 
        D682  6 0.0236 0.0316 0.0204 0.0209 0.0333 0.8488 0.0214 
        D683  6 0.0321 0.0721 0.0222 0.0328 0.0503 0.3150 0.4755 
        D684  6 0.2439 0.2403 0.1681 0.0279 0.2534 0.0286 0.0378 
        D685  6 0.0410 0.0661 0.0668 0.0920 0.6824 0.0309 0.0207 
        D686  6 0.0586 0.0270 0.0390 0.3679 0.2754 0.1858 0.0462 
        D724  6 0.0923 0.3359 0.0720 0.1707 0.1526 0.0205 0.1560 
        D725  6 0.0528 0.0585 0.1340 0.4318 0.2271 0.0546 0.0412 
        D726  6 0.0217 0.0358 0.0202 0.0356 0.0349 0.8249 0.0269 
        D727  6 0.0428 0.0377 0.5053 0.0412 0.1550 0.0669 0.1511 
        D728  6 0.0656 0.0672 0.0288 0.1994 0.2266 0.3517 0.0607 
        D729  6 0.3059 0.0152 0.2258 0.0258 0.2211 0.0215 0.1847 
        D730  6 0.1335 0.2952 0.0825 0.1827 0.1394 0.0302 0.1364 
        D731  6 0.0207 0.0321 0.0864 0.0198 0.0191 0.8095 0.0125 
        D732  6 0.0405 0.0702 0.0503 0.4372 0.1275 0.0254 0.2489 
        D733  6 0.1081 0.0935 0.0346 0.6012 0.0664 0.0566 0.0397 
     D237251  7 0.0323 0.3779 0.2000 0.2139 0.0921 0.0405 0.0435 
     D237252  7 0.1140 0.6153 0.1005 0.0476 0.0604 0.0233 0.0389 
     D237253  7 0.0293 0.3338 0.1552 0.0583 0.1773 0.1848 0.0614 
     D237254  7 0.5356 0.1343 0.0360 0.0154 0.2323 0.0199 0.0266 
     D237255  7 0.0263 0.1117 0.6416 0.0520 0.0736 0.0613 0.0335 
     D237256  7 0.0228 0.1385 0.2941 0.1340 0.3076 0.0404 0.0625 
     D237257  7 0.0594 0.1938 0.0506 0.0458 0.5926 0.0188 0.0390 
