        D174  1 0.0840 0.0500 0.6843 0.1816 
        D199  1 0.4016 0.2389 0.2607 0.0988 
        D203  1 0.3580 0.2747 0.1224 0.2449 
        D204  1 0.9079 0.0271 0.0334 0.0316 
     D237366  1 0.1726 0.1669 0.1294 0.5311 
     D237367  1 0.4805 0.0819 0.0908 0.3467 
     D237368  1 0.2850 0.0836 0.1049 0.5264 
     D244101  1 0.6789 0.2434 0.0375 0.0401 
     D244102  1 0.2491 0.1355 0.3486 0.2668 
     D244103  1 0.2436 0.1039 0.1538 0.4987 
     D244104  1 0.7166 0.0849 0.1360 0.0625 
     D244105  1 0.2145 0.0517 0.0364 0.6973 
     D244106  1 0.0845 0.2492 0.6011 0.0653 
     D244107  1 0.2388 0.0862 0.0286 0.6465 
     D244108  1 0.1778 0.0647 0.5687 0.1889 
     D244113  1 0.0357 0.0344 0.9004 0.0296 
     D244114  1 0.1911 0.3818 0.2791 0.1481 
     D244115  1 0.1894 0.0796 0.5460 0.1850 
     D267365  1 0.3896 0.1015 0.4230 0.0859 
        D404  1 0.0524 0.0661 0.8235 0.0579 
        D405  1 0.1994 0.1646 0.5175 0.1184 
        D406  1 0.0939 0.0243 0.0460 0.8358 
        D407  1 0.5960 0.1000 0.0560 0.2481 
        D408  1 0.0594 0.1056 0.7877 0.0473 
        D409  1 0.1600 0.1473 0.1816 0.5112 
        D410  1 0.1067 0.0210 0.1062 0.7662 
        D421  1 0.8414 0.0573 0.0515 0.0498 
        D422  1 0.0659 0.0407 0.0241 0.8693 
        D423  1 0.0675 0.0383 0.0472 0.8470 
        D424  1 0.7757 0.0314 0.0589 0.1340 
        D425  1 0.5919 0.0538 0.2838 0.0706 
        D426  1 0.1213 0.3230 0.0861 0.4696 
        D427  1 0.1781 0.6184 0.1580 0.0455 
        D428  1 0.4925 0.0759 0.2987 0.1329 
        D429  1 0.4710 0.0914 0.3445 0.0931 
        D430  1 0.2009 0.2856 0.3526 0.1609 
        D491  1 0.1162 0.0302 0.7986 0.0550 
        D492  1 0.4474 0.0629 0.2873 0.2024 
        D537  1 0.7937 0.0261 0.0857 0.0945 
        D538  1 0.2039 0.1197 0.2885 0.3879 
        D539  1 0.0989 0.2511 0.4429 0.2071 
        D540  1 0.3881 0.1173 0.2197 0.2749 
        D541  1 0.8900 0.0373 0.0273 0.0454 
        D551  1 0.1131 0.7032 0.0772 0.1065 
        D552  1 0.3545 0.0826 0.2615 0.3014 
        D553  1 0.8984 0.0291 0.0356 0.0368 
        D615  1 0.4378 0.1592 0.1726 0.2303 
        D616  1 0.3680 0.2111 0.1126 0.3083 
        D621  1 0.0750 0.0654 0.2177 0.6418 
        D622  1 0.0823 0.0504 0.0765 0.7908 
        D623  1 0.1296 0.2083 0.6093 0.0527 
        D624  1 0.0652 0.0424 0.8134 0.0790 
        D625  1 0.7248 0.0331 0.1250 0.1171 
        D626  1 0.1360 0.0889 0.5568 0.2184 
        D627  1 0.2561 0.2059 0.0980 0.4401 
        D690  1 0.8094 0.0241 0.0897 0.0768 
        D691  1 0.1280 0.0377 0.0573 0.7769 
        D710  1 0.5688 0.0696 0.2502 0.1113 
        D711  1 0.8181 0.0441 0.0633 0.0746 
        D712  1 0.0683 0.0796 0.7608 0.0913 
        D713  1 0.2470 0.0384 0.5944 0.1202 
        D746  1 0.0947 0.0339 0.0311 0.8403 
        D747  1 0.9089 0.0314 0.0273 0.0324 
        D748  1 0.4571 0.0396 0.1129 0.3903 
        D749  1 0.0558 0.1326 0.1880 0.6236 
        D750  1 0.1949 0.0413 0.6753 0.0886 
        D763  1 0.4519 0.3474 0.0754 0.1253 
        D764  1 0.5400 0.0278 0.2540 0.1782 
        D765  1 0.0693 0.0348 0.1903 0.7056 
        D766  1 0.3428 0.0342 0.1242 0.4988 
        D767  1 0.3771 0.1641 0.1529 0.3059 
        D768  1 0.8863 0.0373 0.0253 0.0511 
        D811  1 0.0484 0.0483 0.8259 0.0775 
        D816  1 0.8584 0.0241 0.0829 0.0346 
        D825  1 0.1914 0.0365 0.5911 0.1810 
        D866  1 0.0838 0.4716 0.3598 0.0848 
        D867  1 0.0602 0.0482 0.0471 0.8445 
        D871  1 0.1903 0.1514 0.1804 0.4779 
        D872  1 0.6132 0.0553 0.1212 0.2103 
        D873  1 0.0169 0.0196 0.1014 0.8621 
        D874  1 0.5615 0.0784 0.3310 0.0291 
        D875  1 0.1022 0.0723 0.1021 0.7234 
        D876  1 0.6360 0.0413 0.1887 0.1340 
        D877  1 0.0889 0.0473 0.8253 0.0385 
        D892  1 0.4290 0.0372 0.3042 0.2296 
        D893  1 0.7322 0.0896 0.0498 0.1284 
        D894  1 0.6192 0.0776 0.1748 0.1285 
        D915  1 0.6128 0.0540 0.1064 0.2268 
        D916  1 0.9031 0.0237 0.0318 0.0414 
        D917  1 0.3235 0.1194 0.4636 0.0935 
        D925  1 0.1259 0.0337 0.1575 0.6829 
        D926  1 0.6118 0.0652 0.1804 0.1426 
        D927  1 0.4869 0.3452 0.0924 0.0756 
        D928  1 0.1328 0.0212 0.8168 0.0291 
        D929  1 0.1894 0.0812 0.4843 0.2451 
        D936  1 0.7980 0.1014 0.0513 0.0492 
        D938  1 0.0682 0.0266 0.0431 0.8621 
        D956  1 0.0434 0.0589 0.8198 0.0779 
        D957  1 0.4460 0.0522 0.1391 0.3627 
        D958  1 0.5564 0.0328 0.2004 0.2104 
        D959  1 0.5904 0.1125 0.0389 0.2582 
        D960  1 0.0433 0.0242 0.0682 0.8642 
        D989  1 0.1240 0.1656 0.6640 0.0463 
        D990  1 0.0226 0.0892 0.0856 0.8026 
        D023  2 0.2484 0.0341 0.0442 0.6733 
        D130  2 0.0806 0.0460 0.0331 0.8403 
        D131  2 0.6034 0.1378 0.0973 0.1615 
        D163  2 0.1248 0.0423 0.0422 0.7907 
        D164  2 0.0335 0.4514 0.0349 0.4802 
        D165  2 0.1334 0.0571 0.0298 0.7797 
        D166  2 0.1916 0.2141 0.2089 0.3854 
        D167  2 0.0257 0.8778 0.0658 0.0307 
        D192  2 0.0180 0.9263 0.0316 0.0242 
        D193  2 0.0596 0.1147 0.6913 0.1345 
        D206  2 0.3748 0.3072 0.0891 0.2289 
        D207  2 0.1444 0.6866 0.0909 0.0781 
        D208  2 0.0767 0.3662 0.4786 0.0785 
        D209  2 0.2146 0.5735 0.0776 0.1343 
        D210  2 0.1395 0.3829 0.4145 0.0631 
     D229599  2 0.4415 0.2035 0.1954 0.1596 
     D229600  2 0.0680 0.3438 0.0583 0.5300 
     D237227  2 0.0922 0.1388 0.6063 0.1626 
     D237228  2 0.0352 0.1304 0.4661 0.3683 
     D237258  2 0.1468 0.2908 0.2675 0.2949 
     D237310  2 0.0235 0.1140 0.1816 0.6809 
     D237311  2 0.0297 0.1882 0.1401 0.6420 
     D237312  2 0.0664 0.0569 0.3403 0.5363 
     D237313  2 0.4041 0.1017 0.2755 0.2187 
     D237322  2 0.0934 0.4939 0.2476 0.1651 
     D237323  2 0.0310 0.0603 0.2602 0.6485 
     D237324  2 0.1494 0.4229 0.0351 0.3925 
     D237325  2 0.1100 0.0886 0.2549 0.5466 
     D237326  2 0.2059 0.0513 0.1448 0.5980 
     D237327  2 0.2336 0.5694 0.0653 0.1317 
     D237337  2 0.0538 0.0263 0.1601 0.7598 
     D237338  2 0.1479 0.1961 0.2226 0.4334 
     D237339  2 0.5841 0.3143 0.0471 0.0545 
     D237340  2 0.0523 0.2690 0.3861 0.2926 
     D237389  2 0.0478 0.0872 0.1381 0.7270 
     D237390  2 0.1322 0.0756 0.3063 0.4859 
     D244017  2 0.0650 0.2686 0.5742 0.0922 
     D244112  2 0.0248 0.8520 0.0450 0.0782 
     D244118  2 0.0323 0.5660 0.0523 0.3495 
     D244119  2 0.0389 0.3370 0.5800 0.0441 
     D244120  2 0.0288 0.6245 0.2847 0.0621 
     D244122  2 0.0444 0.7457 0.1341 0.0759 
        D291  2 0.1365 0.5549 0.0945 0.2141 
        D292  2 0.2883 0.4802 0.1757 0.0558 
        D293  2 0.4809 0.4745 0.0189 0.0256 
        D322  2 0.6016 0.3150 0.0300 0.0534 
        D323  2 0.3813 0.2785 0.2371 0.1031 
        D324  2 0.3324 0.2297 0.1603 0.2776 
        D325  2 0.1000 0.8554 0.0169 0.0277 
        D326  2 0.8885 0.0440 0.0425 0.0250 
        D340  2 0.0355 0.9147 0.0215 0.0284 
        D341  2 0.0538 0.8565 0.0419 0.0478 
        D342  2 0.0534 0.7233 0.0558 0.1675 
        D343  2 0.0310 0.9366 0.0142 0.0182 
        D344  2 0.6378 0.1093 0.1418 0.1111 
        D345  2 0.6444 0.0562 0.0987 0.2006 
        D346  2 0.1050 0.1508 0.6941 0.0501 
        D351  2 0.6202 0.1563 0.0515 0.1720 
        D352  2 0.3260 0.2126 0.2767 0.1848 
        D353  2 0.8664 0.0656 0.0407 0.0272 
        D354  2 0.4875 0.0415 0.3339 0.1370 
        D362  2 0.7504 0.0414 0.1024 0.1057 
        D363  2 0.7352 0.0531 0.1333 0.0784 
        D364  2 0.7094 0.0416 0.1447 0.1043 
        D365  2 0.0680 0.8876 0.0261 0.0183 
        D369  2 0.3189 0.2839 0.2506 0.1466 
        D374  2 0.0230 0.0327 0.9162 0.0280 
        D375  2 0.4421 0.0610 0.2597 0.2372 
        D376  2 0.0326 0.0571 0.8607 0.0497 
        D377  2 0.1071 0.1556 0.4663 0.2710 
        D378  2 0.7105 0.1956 0.0301 0.0637 
        D379  2 0.8692 0.0376 0.0551 0.0381 
        D384  2 0.8989 0.0284 0.0512 0.0216 
        D385  2 0.0431 0.8693 0.0618 0.0257 
        D386  2 0.7867 0.0850 0.0566 0.0717 
        D391  2 0.1148 0.8349 0.0243 0.0260 
        D392  2 0.1005 0.6739 0.1060 0.1195 
        D393  2 0.6964 0.1813 0.0359 0.0864 
        D394  2 0.3238 0.1587 0.1268 0.3906 
        D395  2 0.2320 0.6358 0.0674 0.0649 
        D401  2 0.0328 0.0380 0.1541 0.7752 
        D402  2 0.0442 0.9019 0.0294 0.0245 
        D403  2 0.6853 0.0868 0.0600 0.1679 
        D415  2 0.8527 0.0310 0.0216 0.0947 
        D435  2 0.6733 0.2261 0.0245 0.0762 
        D436  2 0.5544 0.1061 0.2157 0.1238 
        D438  2 0.0242 0.9148 0.0337 0.0273 
        D439  2 0.6031 0.1413 0.0473 0.2083 
        D449  2 0.2328 0.6474 0.0484 0.0714 
        D450  2 0.2171 0.0793 0.5443 0.1593 
        D456  2 0.9041 0.0266 0.0298 0.0395 
        D462  2 0.1121 0.8347 0.0195 0.0337 
        D463  2 0.9187 0.0207 0.0362 0.0244 
        D464  2 0.6664 0.1297 0.1542 0.0497 
        D465  2 0.4482 0.3515 0.0546 0.1457 
        D473  2 0.0565 0.0869 0.7277 0.1289 
        D474  2 0.6088 0.1902 0.1058 0.0952 
        D476  2 0.1960 0.1789 0.0296 0.5956 
        D477  2 0.6426 0.0900 0.1826 0.0849 
        D478  2 0.2094 0.0903 0.4079 0.2924 
        D480  2 0.6598 0.2172 0.0818 0.0413 
        D481  2 0.5264 0.1143 0.1903 0.1690 
        D482  2 0.1193 0.2748 0.3988 0.2071 
        D483  2 0.0375 0.8585 0.0705 0.0335 
        D484  2 0.2448 0.2947 0.3548 0.1057 
        D510  2 0.0348 0.0787 0.8403 0.0462 
        D511  2 0.7684 0.1320 0.0411 0.0585 
        D512  2 0.0745 0.2007 0.0732 0.6516 
        D513  2 0.1862 0.5905 0.1105 0.1128 
        D635  2 0.6499 0.0485 0.0450 0.2566 
        D636  2 0.0580 0.0264 0.0349 0.8807 
        D637  2 0.1611 0.4680 0.2697 0.1011 
        D658  2 0.0535 0.6596 0.2092 0.0777 
        D659  2 0.8221 0.0717 0.0527 0.0536 
        D677  2 0.4257 0.2238 0.0854 0.2651 
        D678  2 0.0435 0.8030 0.0744 0.0791 
        D679  2 0.6504 0.1732 0.1029 0.0736 
        D719  2 0.3762 0.1890 0.4008 0.0340 
        D720  2 0.7262 0.0604 0.1332 0.0802 
        D721  2 0.2881 0.1410 0.0628 0.5080 
        D722  2 0.0439 0.0678 0.8260 0.0623 
        D734  2 0.1559 0.3041 0.5087 0.0313 
        D735  2 0.5470 0.1412 0.1434 0.1684 
        D736  2 0.1647 0.2217 0.5058 0.1078 
        D737  2 0.0751 0.7057 0.1079 0.1113 
        D807  2 0.2701 0.1779 0.4505 0.1015 
        D808  2 0.2432 0.2569 0.0753 0.4246 
        D817  2 0.5970 0.0551 0.2511 0.0968 
        D818  2 0.1979 0.5963 0.0662 0.1396 
        D819  2 0.4571 0.0813 0.1863 0.2753 
        D820  2 0.8702 0.0666 0.0332 0.0300 
        D895  2 0.6731 0.0698 0.0854 0.1717 
        D896  2 0.0286 0.0269 0.1598 0.7846 
        D897  2 0.0665 0.8078 0.0471 0.0787 
        D898  2 0.2035 0.1626 0.3381 0.2958 
        D918  2 0.1380 0.3053 0.1636 0.3931 
        D919  2 0.5896 0.2868 0.0456 0.0780 
        D920  2 0.0400 0.0489 0.0573 0.8538 
        D923  2 0.8700 0.0461 0.0443 0.0396 
        D930  2 0.4449 0.0950 0.3217 0.1384 
        D931  2 0.6188 0.1746 0.1340 0.0727 
        D968  2 0.0462 0.9041 0.0218 0.0279 
        D969  2 0.5140 0.3417 0.0838 0.0605 
        D977  2 0.0904 0.8205 0.0395 0.0497 
        D978  2 0.1031 0.7080 0.1132 0.0757 
        D211  3 0.1179 0.0877 0.0647 0.7297 
     D229639  3 0.0929 0.6681 0.1776 0.0615 
     D237212  3 0.3222 0.3797 0.1035 0.1946 
     D237213  3 0.3064 0.1146 0.0972 0.4819 
     D237214  3 0.1029 0.0278 0.0764 0.7929 
     D237215  3 0.0287 0.7116 0.2229 0.0368 
     D237216  3 0.1466 0.2775 0.0875 0.4885 
     D237217  3 0.2450 0.1068 0.0272 0.6210 
     D237218  3 0.2777 0.5539 0.0585 0.1099 
     D237219  3 0.0923 0.1591 0.2463 0.5023 
     D237382  3 0.2487 0.1145 0.3622 0.2746 
     D244127  3 0.0698 0.1561 0.0651 0.7090 
     D244129  3 0.3720 0.1547 0.1293 0.3440 
     D244133  3 0.1376 0.2200 0.4389 0.2035 
     D244134  3 0.0921 0.3580 0.3749 0.1750 
     D244135  3 0.1144 0.1016 0.0392 0.7448 
     D244136  3 0.2429 0.1480 0.5097 0.0994 
        D416  3 0.2966 0.3919 0.0789 0.2327 
        D417  3 0.8240 0.0368 0.0427 0.0966 
        D419  3 0.2889 0.2615 0.1768 0.2728 
        D565  3 0.0642 0.0340 0.8661 0.0357 
        D566  3 0.0822 0.4022 0.4588 0.0568 
        D567  3 0.7893 0.0426 0.0574 0.1107 
        D568  3 0.4972 0.1982 0.0418 0.2627 
        D569  3 0.2352 0.4341 0.1461 0.1845 
        D573  3 0.1870 0.7348 0.0347 0.0435 
        D574  3 0.0747 0.1041 0.7056 0.1157 
        D575  3 0.2236 0.1699 0.3252 0.2813 
        D576  3 0.0157 0.8259 0.1180 0.0404 
        D577  3 0.6832 0.0734 0.1266 0.1168 
        D578  3 0.0235 0.0394 0.0212 0.9159 
        D579  3 0.4063 0.2234 0.2481 0.1222 
        D660  3 0.0441 0.6772 0.0712 0.2075 
        D661  3 0.0778 0.7915 0.0375 0.0933 
        D663  3 0.0685 0.8134 0.0743 0.0438 
        D664  3 0.0429 0.2038 0.3506 0.4027 
        D665  3 0.0851 0.1995 0.0572 0.6582 
        D666  3 0.2033 0.0998 0.3857 0.3112 
        D009  4 0.3513 0.0844 0.0626 0.5016 
        D057  4 0.2010 0.5106 0.0650 0.2234 
        D109  4 0.0841 0.0442 0.1815 0.6902 
     D237222  4 0.0625 0.0773 0.1676 0.6925 
     D237223  4 0.1162 0.1888 0.1725 0.5226 
     D237224  4 0.4023 0.4185 0.1024 0.0768 
     D237225  4 0.4139 0.1395 0.1142 0.3324 
     D237299  4 0.0358 0.1908 0.0981 0.6753 
     D237300  4 0.0313 0.8160 0.1032 0.0495 
     D237306  4 0.1427 0.0719 0.6601 0.1253 
     D237307  4 0.3359 0.1612 0.3929 0.1100 
     D237308  4 0.1289 0.5492 0.1755 0.1464 
     D237309  4 0.4646 0.1383 0.0842 0.3130 
     D237317  4 0.2414 0.0619 0.5821 0.1147 
     D237318  4 0.0320 0.8790 0.0568 0.0322 
     D237319  4 0.2563 0.1644 0.1568 0.4225 
     D237320  4 0.2147 0.3542 0.0775 0.3536 
     D237321  4 0.0860 0.7073 0.1175 0.0891 
     D237397  4 0.1121 0.3615 0.2962 0.2302 
     D237398  4 0.1705 0.6850 0.0418 0.1027 
     D237399  4 0.2918 0.2348 0.2955 0.1779 
     D244001  4 0.1165 0.1616 0.0651 0.6567 
        D289  4 0.3843 0.2278 0.2925 0.0953 
        D290  4 0.2547 0.2678 0.2599 0.2176 
        D294  4 0.4062 0.2390 0.2361 0.1187 
        D295  4 0.5739 0.0758 0.1690 0.1813 
        D301  4 0.0421 0.1208 0.0876 0.7495 
        D302  4 0.8549 0.0389 0.0530 0.0532 
        D303  4 0.0790 0.0864 0.7557 0.0788 
        D304  4 0.2051 0.2723 0.3947 0.1279 
        D305  4 0.2677 0.3893 0.0472 0.2959 
        D306  4 0.2228 0.1309 0.4302 0.2161 
        D307  4 0.0293 0.0638 0.1014 0.8055 
        D327  4 0.6822 0.0923 0.1384 0.0872 
        D328  4 0.1034 0.0621 0.7483 0.0862 
        D329  4 0.2670 0.4563 0.1242 0.1525 
        D330  4 0.5903 0.0469 0.0436 0.3191 
        D331  4 0.2578 0.2247 0.3066 0.2108 
        D333  4 0.2231 0.2630 0.3281 0.1858 
        D334  4 0.1637 0.0513 0.6895 0.0956 
        D335  4 0.7913 0.0683 0.0946 0.0457 
        D370  4 0.1329 0.0918 0.5721 0.2032 
        D371  4 0.1637 0.0550 0.7361 0.0452 
        D372  4 0.0323 0.8142 0.1041 0.0493 
        D373  4 0.0667 0.1971 0.0547 0.6815 
        D455  4 0.0674 0.0839 0.0534 0.7952 
        D490  4 0.0446 0.0296 0.0394 0.8863 
        D497  4 0.0486 0.0500 0.0526 0.8488 
        D498  4 0.1431 0.1867 0.3981 0.2721 
        D499  4 0.1095 0.5108 0.2981 0.0816 
        D514  4 0.7006 0.0846 0.0984 0.1163 
        D515  4 0.1288 0.0916 0.0888 0.6908 
        D516  4 0.2703 0.2035 0.1978 0.3284 
        D517  4 0.1078 0.1284 0.0343 0.7295 
        D518  4 0.2697 0.1807 0.2493 0.3003 
        D519  4 0.1039 0.1939 0.0472 0.6550 
        D560  4 0.2126 0.3027 0.0436 0.4411 
        D561  4 0.2957 0.1007 0.0304 0.5732 
        D562  4 0.1826 0.2236 0.2405 0.3533 
        D563  4 0.2042 0.6175 0.0458 0.1325 
        D572  4 0.5353 0.1225 0.1752 0.1671 
        D629  4 0.5461 0.0724 0.1306 0.2509 
        D630  4 0.3190 0.1650 0.2264 0.2896 
        D631  4 0.2149 0.4947 0.1666 0.1238 
        D632  4 0.1643 0.1904 0.0694 0.5759 
        D646  4 0.4494 0.1323 0.0748 0.3436 
        D647  4 0.6641 0.1093 0.0397 0.1868 
        D648  4 0.0514 0.0583 0.7972 0.0932 
        D649  4 0.6760 0.0442 0.0629 0.2169 
        D650  4 0.3369 0.1367 0.3043 0.2221 
        D708  4 0.1078 0.1159 0.6763 0.1000 
        D709  4 0.2000 0.1222 0.4630 0.2148 
        D738  4 0.1399 0.0514 0.5952 0.2135 
        D739  4 0.1582 0.1596 0.1783 0.5038 
        D740  4 0.0825 0.4201 0.1937 0.3037 
        D741  4 0.3500 0.3190 0.0505 0.2804 
        D742  4 0.1107 0.6117 0.1660 0.1116 
        D743  4 0.7807 0.1166 0.0628 0.0400 
        D744  4 0.6066 0.2257 0.0610 0.1067 
        D745  4 0.0516 0.0879 0.0560 0.8045 
        D814  4 0.1416 0.6918 0.0476 0.1190 
        D815  4 0.5929 0.1020 0.1930 0.1121 
        D828  4 0.0396 0.1928 0.6814 0.0863 
        D845  4 0.0549 0.8218 0.0965 0.0269 
        D846  4 0.4921 0.2923 0.0383 0.1773 
        D847  4 0.2835 0.1969 0.1756 0.3440 
        D848  4 0.0501 0.3077 0.0390 0.6032 
        D849  4 0.1360 0.1020 0.0534 0.7085 
        D850  4 0.3283 0.2094 0.1571 0.3052 
        D856  4 0.1935 0.0914 0.1735 0.5415 
        D857  4 0.0242 0.0675 0.1275 0.7808 
        D859  4 0.4401 0.3080 0.1692 0.0827 
        D860  4 0.2635 0.2704 0.4116 0.0545 
        D883  4 0.3902 0.0774 0.2753 0.2571 
        D884  4 0.2075 0.0681 0.3187 0.4056 
        D885  4 0.2665 0.5143 0.0550 0.1642 
        D886  4 0.3411 0.1168 0.0887 0.4534 
        D887  4 0.2084 0.5175 0.1555 0.1186 
        D889  4 0.1666 0.5362 0.2156 0.0815 
        D890  4 0.1485 0.1102 0.5962 0.1451 
        D891  4 0.0204 0.9344 0.0239 0.0213 
        D899  4 0.1101 0.6371 0.2083 0.0446 
        D900  4 0.4531 0.1504 0.1917 0.2048 
        D970  4 0.5148 0.2134 0.1451 0.1268 
        D971  4 0.2021 0.5266 0.1302 0.1412 
        D979  4 0.8059 0.0726 0.0832 0.0384 
        D093  5 0.0912 0.0978 0.7420 0.0690 
        D154  5 0.0689 0.6448 0.1878 0.0985 
        D168  5 0.1698 0.4984 0.0665 0.2653 
        D189  5 0.0907 0.2843 0.5410 0.0840 
        D190  5 0.0743 0.0759 0.8135 0.0362 
     D237220  5 0.1474 0.1594 0.1500 0.5433 
     D237221  5 0.1905 0.3063 0.4037 0.0995 
     D237274  5 0.8657 0.0319 0.0494 0.0530 
     D237275  5 0.0319 0.8402 0.0701 0.0578 
     D237276  5 0.2376 0.1027 0.4084 0.2514 
     D237277  5 0.0768 0.2170 0.6600 0.0462 
     D237278  5 0.0729 0.4809 0.2912 0.1549 
     D237279  5 0.1676 0.0647 0.0500 0.7178 
     D237280  5 0.3626 0.0727 0.1644 0.4002 
     D237281  5 0.0604 0.8751 0.0322 0.0323 
     D237351  5 0.0533 0.0766 0.2213 0.6487 
     D237352  5 0.3261 0.1059 0.1486 0.4194 
     D237353  5 0.0369 0.0504 0.8776 0.0351 
     D237359  5 0.1725 0.3402 0.1244 0.3629 
     D237361  5 0.0449 0.0391 0.8809 0.0351 
     D237362  5 0.3259 0.1405 0.3838 0.1498 
     D237363  5 0.1094 0.4498 0.1834 0.2573 
     D237364  5 0.2427 0.4879 0.0406 0.2287 
     D237376  5 0.0272 0.0837 0.8402 0.0489 
     D237377  5 0.5136 0.0737 0.1543 0.2584 
     D237378  5 0.0427 0.0977 0.8122 0.0474 
     D237379  5 0.0875 0.1336 0.6842 0.0946 
     D237380  5 0.1039 0.0235 0.2604 0.6122 
     D237381  5 0.1569 0.1167 0.1795 0.5469 
     D237391  5 0.1099 0.1028 0.6991 0.0882 
     D237392  5 0.6316 0.1558 0.0890 0.1235 
     D237393  5 0.5106 0.1068 0.2861 0.0965 
     D237394  5 0.0678 0.0251 0.8738 0.0333 
     D237395  5 0.0751 0.2050 0.5157 0.2042 
     D237396  5 0.6731 0.0892 0.0917 0.1459 
     D244016  5 0.1723 0.2338 0.4774 0.1165 
     D244018  5 0.1124 0.5671 0.1890 0.1314 
     D244019  5 0.4503 0.2048 0.2482 0.0966 
        D279  5 0.0817 0.7206 0.0956 0.1022 
        D280  5 0.2601 0.2417 0.3388 0.1594 
        D281  5 0.0515 0.8126 0.0936 0.0423 
        D283  5 0.3081 0.1116 0.5299 0.0504 
        D284  5 0.1228 0.2043 0.1172 0.5557 
        D285  5 0.1865 0.1580 0.5727 0.0828 
        D286  5 0.2280 0.1435 0.4765 0.1519 
        D287  5 0.0362 0.0592 0.7930 0.1116 
        D288  5 0.3359 0.2255 0.3527 0.0859 
        D308  5 0.1257 0.0351 0.1021 0.7370 
        D309  5 0.8599 0.0229 0.0413 0.0759 
        D310  5 0.0401 0.0545 0.8749 0.0305 
        D311  5 0.2330 0.1289 0.5516 0.0865 
        D312  5 0.1788 0.0956 0.6142 0.1113 
        D313  5 0.0214 0.0210 0.0502 0.9074 
        D314  5 0.0849 0.4424 0.2619 0.2107 
        D315  5 0.2498 0.1036 0.5309 0.1158 
        D317  5 0.0813 0.0516 0.8292 0.0378 
        D318  5 0.3120 0.2312 0.2044 0.2525 
        D319  5 0.0430 0.0690 0.8473 0.0407 
        D320  5 0.0656 0.0483 0.8191 0.0670 
        D321  5 0.0967 0.0865 0.1638 0.6530 
        D336  5 0.0567 0.0283 0.8853 0.0297 
        D337  5 0.0396 0.0603 0.8749 0.0252 
        D338  5 0.2301 0.2915 0.2086 0.2698 
        D339  5 0.0477 0.1157 0.7646 0.0720 
        D347  5 0.4003 0.1604 0.3587 0.0806 
        D348  5 0.0664 0.0562 0.8476 0.0297 
        D349  5 0.0432 0.0431 0.1666 0.7471 
        D350  5 0.7725 0.0783 0.0674 0.0818 
        D355  5 0.1993 0.6948 0.0569 0.0490 
        D356  5 0.2974 0.0640 0.5085 0.1301 
        D357  5 0.1563 0.1645 0.4758 0.2034 
        D358  5 0.2071 0.0960 0.5499 0.1469 
        D359  5 0.3646 0.0298 0.5599 0.0456 
        D360  5 0.1752 0.0427 0.6356 0.1465 
        D361  5 0.0455 0.0321 0.1254 0.7971 
        D366  5 0.6447 0.2400 0.0378 0.0775 
        D367  5 0.0436 0.0630 0.8220 0.0714 
        D368  5 0.1463 0.0726 0.4802 0.3008 
        D380  5 0.6119 0.1114 0.0702 0.2065 
        D381  5 0.1439 0.1144 0.6663 0.0754 
        D400  5 0.1591 0.3075 0.4428 0.0905 
        D411  5 0.0355 0.0426 0.0308 0.8911 
        D412  5 0.1934 0.3301 0.2333 0.2431 
        D413  5 0.1097 0.7639 0.0402 0.0862 
        D414  5 0.2745 0.5734 0.0825 0.0695 
        D420  5 0.0713 0.2172 0.1960 0.5155 
        D431  5 0.0390 0.3008 0.4107 0.2495 
        D432  5 0.1328 0.1660 0.5587 0.1424 
        D433  5 0.0906 0.1730 0.6765 0.0599 
        D434  5 0.2278 0.0619 0.5986 0.1117 
        D440  5 0.7408 0.0793 0.0539 0.1260 
        D447  5 0.7061 0.0891 0.0547 0.1502 
        D448  5 0.0742 0.0729 0.8106 0.0424 
        D459  5 0.1545 0.7739 0.0412 0.0303 
        D460  5 0.1402 0.0489 0.1508 0.6602 
        D461  5 0.8792 0.0357 0.0581 0.0270 
        D468  5 0.2534 0.1003 0.5110 0.1354 
        D469  5 0.5565 0.0759 0.1780 0.1897 
        D470  5 0.1587 0.1114 0.3498 0.3801 
        D471  5 0.1071 0.1419 0.7166 0.0344 
        D472  5 0.7353 0.1992 0.0334 0.0321 
        D479  5 0.0668 0.8170 0.0672 0.0490 
        D485  5 0.1744 0.1563 0.4897 0.1796 
        D486  5 0.2548 0.0834 0.4112 0.2506 
        D487  5 0.0662 0.5285 0.3293 0.0760 
        D555  5 0.0424 0.0771 0.8417 0.0389 
        D556  5 0.1074 0.2469 0.5371 0.1086 
        D557  5 0.0677 0.0538 0.8515 0.0269 
        D564  5 0.1932 0.0775 0.5775 0.1517 
        D594  5 0.4346 0.1366 0.2736 0.1553 
        D595  5 0.2355 0.1629 0.4973 0.1043 
        D596  5 0.0395 0.0657 0.8604 0.0344 
        D597  5 0.2997 0.3307 0.3183 0.0513 
        D598  5 0.1831 0.1164 0.5187 0.1818 
        D617  5 0.0421 0.1869 0.0389 0.7321 
        D618  5 0.1349 0.2034 0.5978 0.0638 
        D619  5 0.3670 0.0633 0.3313 0.2384 
        D620  5 0.0645 0.8623 0.0377 0.0354 
        D628  5 0.3332 0.1356 0.2813 0.2499 
        D714  5 0.0424 0.2966 0.5893 0.0716 
        D715  5 0.1536 0.1534 0.6418 0.0511 
        D716  5 0.2248 0.2786 0.4213 0.0753 
        D717  5 0.5416 0.0981 0.2086 0.1517 
        D718  5 0.0586 0.1284 0.4730 0.3400 
        D769  5 0.0466 0.1952 0.0599 0.6982 
        D770  5 0.1026 0.4848 0.3312 0.0815 
        D771  5 0.1290 0.4739 0.2306 0.1665 
        D772  5 0.1552 0.0991 0.6525 0.0932 
        D782  5 0.1800 0.2562 0.0705 0.4933 
        D783  5 0.1394 0.5588 0.2079 0.0939 
        D784  5 0.6968 0.0851 0.1328 0.0853 
        D785  5 0.0763 0.0390 0.8011 0.0836 
        D786  5 0.3694 0.0756 0.0536 0.5014 
        D821  5 0.0375 0.0458 0.8912 0.0256 
        D822  5 0.5935 0.0945 0.2332 0.0789 
        D826  5 0.1054 0.4662 0.3731 0.0553 
        D827  5 0.6594 0.1409 0.0992 0.1005 
        D851  5 0.2775 0.1788 0.2769 0.2668 
        D852  5 0.0953 0.4653 0.3137 0.1257 
        D853  5 0.1714 0.1749 0.5194 0.1342 
        D854  5 0.3002 0.3956 0.1261 0.1782 
        D861  5 0.1584 0.4043 0.2805 0.1568 
        D862  5 0.3132 0.0482 0.5638 0.0748 
        D865  5 0.0511 0.1072 0.7838 0.0580 
        D868  5 0.7375 0.0688 0.1053 0.0884 
        D869  5 0.0718 0.0437 0.0651 0.8194 
        D870  5 0.1875 0.1468 0.0630 0.6027 
        D907  5 0.0506 0.0540 0.8125 0.0828 
        D908  5 0.0488 0.4762 0.4038 0.0712 
        D910  5 0.1022 0.3421 0.5123 0.0434 
        D911  5 0.1085 0.7933 0.0532 0.0450 
        D934  5 0.1177 0.5445 0.2522 0.0857 
        D946  5 0.0618 0.4090 0.3750 0.1543 
        D947  5 0.3929 0.2237 0.2064 0.1770 
        D948  5 0.1095 0.0381 0.1969 0.6555 
        D949  5 0.0717 0.0382 0.1751 0.7150 
        D950  5 0.1013 0.8085 0.0588 0.0314 
        D951  5 0.6938 0.0450 0.1230 0.1382 
        D952  5 0.6745 0.0970 0.1551 0.0734 
        D953  5 0.1510 0.0982 0.6781 0.0727 
        D954  5 0.4880 0.0552 0.3858 0.0710 
        D961  5 0.0715 0.1298 0.6636 0.1351 
        D962  5 0.0961 0.0248 0.8379 0.0412 
        D963  5 0.4482 0.1226 0.3753 0.0539 
        D964  5 0.1059 0.2563 0.2581 0.3797 
        D965  5 0.2270 0.2123 0.3722 0.1886 
        D966  5 0.2912 0.2418 0.4082 0.0588 
        D967  5 0.1380 0.2907 0.3683 0.2030 
        D991  5 0.2839 0.0779 0.3234 0.3148 
        D502  6 0.0899 0.3638 0.0727 0.4736 
        D503  6 0.0519 0.5500 0.0809 0.3173 
        D504  6 0.5551 0.1526 0.1495 0.1429 
        D505  6 0.1735 0.2425 0.4692 0.1149 
        D506  6 0.0392 0.0221 0.9066 0.0321 
        D507  6 0.1903 0.4846 0.1031 0.2220 
        D508  6 0.4422 0.2613 0.1532 0.1433 
        D529  6 0.2312 0.1302 0.2699 0.3687 
        D530  6 0.0484 0.1126 0.6756 0.1633 
        D531  6 0.3838 0.1667 0.2804 0.1691 
        D532  6 0.3237 0.0908 0.5121 0.0734 
        D534  6 0.1097 0.0569 0.0396 0.7938 
        D535  6 0.2732 0.0496 0.5509 0.1264 
        D536  6 0.0442 0.7943 0.0313 0.1302 
        D554  6 0.0673 0.0781 0.7105 0.1441 
        D587  6 0.1497 0.0772 0.7103 0.0628 
        D588  6 0.3485 0.1001 0.4146 0.1368 
        D589  6 0.0614 0.6515 0.1473 0.1398 
        D590  6 0.0698 0.7965 0.0477 0.0859 
        D591  6 0.1681 0.3406 0.2136 0.2778 
        D592  6 0.0976 0.0662 0.0797 0.7565 
        D593  6 0.0371 0.1121 0.7360 0.1147 
        D682  6 0.0482 0.0523 0.8348 0.0647 
        D683  6 0.6061 0.0536 0.2437 0.0966 
        D684  6 0.0840 0.4807 0.0290 0.4063 
        D685  6 0.0465 0.4274 0.1563 0.3698 
        D686  6 0.0850 0.0459 0.8068 0.0623 
        D724  6 0.4103 0.2422 0.0925 0.2550 
        D725  6 0.1098 0.2765 0.4852 0.1285 
        D726  6 0.0491 0.0302 0.8700 0.0507 
        D727  6 0.3652 0.3840 0.1218 0.1291 
        D728  6 0.0606 0.0415 0.8253 0.0726 
        D729  6 0.4087 0.1443 0.0352 0.4117 
        D730  6 0.2668 0.3041 0.0942 0.3350 
        D731  6 0.0248 0.2830 0.6611 0.0311 
        D732  6 0.5932 0.1468 0.1500 0.1099 
        D733  6 0.2821 0.1655 0.2917 0.2606 
     D237251  7 0.0711 0.6023 0.2382 0.0885 
     D237252  7 0.0975 0.3689 0.0664 0.4672 
     D237253  7 0.1216 0.5022 0.2597 0.1165 
     D237254  7 0.0360 0.0405 0.0252 0.8983 
     D237255  7 0.0476 0.7852 0.1165 0.0507 
     D237256  7 0.1578 0.6940 0.0980 0.0501 
     D237257  7 0.1244 0.1634 0.0870 0.6253 
     D237282  7 0.8026 0.0745 0.0351 0.0878 
     D237283  7 0.0250 0.0954 0.0412 0.8384 
     D237284  7 0.0761 0.0629 0.0325 0.8285 
     D237285  7 0.0940 0.2315 0.5720 0.1025 
     D237286  7 0.3384 0.2019 0.3095 0.1501 
     D237287  7 0.2341 0.5307 0.0920 0.1433 
     D244006  7 0.0653 0.0416 0.0311 0.8620 
     D244007  7 0.3085 0.4780 0.0773 0.1362 
     D244008  7 0.0324 0.0585 0.0816 0.8276 
     D244009  7 0.1994 0.0775 0.1717 0.5514 
     D244010  7 0.0969 0.1894 0.1359 0.5779 
     D244011  7 0.0979 0.3498 0.3842 0.1680 
     D244012  7 0.1603 0.4869 0.1017 0.2511 
     D244013  7 0.1943 0.4767 0.2410 0.0880 
     D244014  7 0.1494 0.3995 0.1319 0.3192 
     D244015  7 0.2872 0.1169 0.0586 0.5373 
     D244125  7 0.2365 0.3256 0.3625 0.0754 
     D244126  7 0.0369 0.0406 0.0247 0.8978 
     D244130  7 0.2176 0.1871 0.2012 0.3940 
     D244131  7 0.3592 0.1081 0.3723 0.1604 
     D244132  7 0.3692 0.0401 0.5191 0.0716 
        D520  7 0.0835 0.0735 0.3686 0.4745 
        D521  7 0.3164 0.1865 0.1966 0.3005 
        D522  7 0.3061 0.0753 0.0979 0.5207 
        D523  7 0.0594 0.7483 0.1116 0.0807 
        D524  7 0.1296 0.4306 0.2465 0.1934 
        D525  7 0.0645 0.3364 0.0525 0.5466 
        D526  7 0.0666 0.0540 0.0284 0.8511 
        D527  7 0.4561 0.2197 0.1357 0.1885 
        D528  7 0.0692 0.0186 0.0212 0.8910 
        D558  7 0.6178 0.1587 0.0484 0.1750 
        D559  7 0.5858 0.2277 0.0350 0.1515 
        D640  7 0.2201 0.2477 0.4282 0.1040 
        D641  7 0.0516 0.2638 0.4405 0.2441 
        D642  7 0.1085 0.2208 0.1096 0.5612 
        D644  7 0.1246 0.1469 0.3865 0.3420 
        D645  7 0.1555 0.4435 0.2112 0.1897 
        D662  7 0.2705 0.0282 0.1982 0.5032 
        D687  7 0.2507 0.4636 0.1457 0.1400 
        D688  7 0.5318 0.1594 0.0725 0.2364 
        D689  7 0.2334 0.2155 0.3956 0.1555 
        D700  7 0.1017 0.0317 0.0236 0.8430 
        D797  7 0.2778 0.2837 0.3027 0.1358 
        D798  7 0.1547 0.0392 0.1301 0.6759 
        D799  7 0.0800 0.5680 0.0909 0.2611 
        D800  7 0.6531 0.1720 0.0450 0.1299 
        D132  8 0.0572 0.0453 0.0461 0.8514 
        D133  8 0.0237 0.8678 0.0265 0.0820 
        D200  8 0.1443 0.3787 0.2549 0.2221 
        D500  8 0.0478 0.0194 0.0438 0.8889 
        D614  8 0.1403 0.0922 0.5629 0.2046 
        D723  8 0.4971 0.1435 0.0833 0.2761 
        D888  8 0.0609 0.8411 0.0504 0.0476 
        D901  8 0.0423 0.2441 0.1578 0.5559 
        D902  8 0.0526 0.0760 0.7821 0.0893 
        D903  8 0.6035 0.1012 0.2220 0.0733 
        D904  8 0.5094 0.1287 0.1585 0.2033 
        D905  8 0.0238 0.7645 0.1823 0.0294 
        D906  8 0.1913 0.6095 0.0497 0.1495 
        D937  8 0.0216 0.0510 0.8751 0.0523 
        D943  8 0.1965 0.2454 0.0824 0.4757 
        D972  8 0.3332 0.1367 0.0963 0.4337 
        D973  8 0.7536 0.0383 0.0735 0.1346 
        D974  8 0.2510 0.1994 0.3235 0.2262 
        D975  8 0.1358 0.3001 0.3701 0.1940 
        D976  8 0.0841 0.2836 0.3434 0.2888 
        D201  9 0.1666 0.6152 0.0867 0.1315 
        D202  9 0.0640 0.5049 0.2058 0.2253 
     D237259  9 0.3855 0.1338 0.0478 0.4329 
     D237260  9 0.0334 0.5796 0.0847 0.3023 
     D237262  9 0.0497 0.0267 0.0430 0.8806 
     D237263  9 0.1151 0.2296 0.0562 0.5991 
     D237264  9 0.1514 0.1886 0.2569 0.4030 
     D237265  9 0.0376 0.7792 0.0676 0.1157 
     D237266  9 0.0954 0.6290 0.0454 0.2302 
     D237267  9 0.1037 0.1298 0.4315 0.3350 
     D237268  9 0.1420 0.0701 0.1551 0.6329 
     D237289  9 0.0448 0.4671 0.3846 0.1034 
     D237290  9 0.0307 0.8806 0.0316 0.0571 
     D237291  9 0.0478 0.7502 0.1090 0.0930 
     D237292  9 0.0455 0.5966 0.0551 0.3029 
     D237293  9 0.1707 0.1569 0.3129 0.3594 
     D237294  9 0.0408 0.2726 0.1105 0.5761 
     D237295  9 0.3462 0.0606 0.2839 0.3093 
     D237296  9 0.1085 0.2780 0.2540 0.3594 
     D237297  9 0.0851 0.1244 0.7224 0.0681 
     D237298  9 0.3806 0.2877 0.0899 0.2418 
     D237341  9 0.2028 0.4314 0.1230 0.2428 
     D237342  9 0.0609 0.1027 0.1323 0.7041 
     D237343  9 0.1065 0.2863 0.0882 0.5190 
     D237344  9 0.0801 0.2012 0.6048 0.1139 
     D237345  9 0.0469 0.0768 0.0254 0.8509 
     D237346  9 0.0492 0.4663 0.2939 0.1907 
     D237347  9 0.1297 0.1973 0.5634 0.1095 
     D237348  9 0.1645 0.2163 0.2337 0.3855 
     D237349  9 0.4201 0.3415 0.0352 0.2032 
     D244109  9 0.1332 0.6559 0.0241 0.1868 
     D244110  9 0.0875 0.7417 0.0333 0.1374 
     D244111  9 0.2623 0.3753 0.1698 0.1926 
     D244128  9 0.0678 0.0828 0.0559 0.7935 
     D244137  9 0.7163 0.0762 0.0857 0.1217 
     D244138  9 0.0547 0.5298 0.2090 0.2064 
        D580  9 0.0851 0.0459 0.1358 0.7331 
        D581  9 0.0286 0.8498 0.0368 0.0849 
        D582  9 0.0275 0.0285 0.0425 0.9015 
        D583  9 0.0300 0.8396 0.0347 0.0957 
        D584  9 0.0518 0.1080 0.5401 0.3001 
        D585  9 0.0653 0.2165 0.0489 0.6694 
        D586  9 0.0489 0.7793 0.1158 0.0561 
        D651  9 0.5488 0.1558 0.1955 0.0999 
        D652  9 0.3799 0.1339 0.0460 0.4403 
        D653  9 0.3205 0.4457 0.0946 0.1393 
        D654  9 0.4217 0.3433 0.0490 0.1860 
        D655  9 0.1439 0.3516 0.3949 0.1096 
        D656  9 0.0734 0.0519 0.0682 0.8065 
        D657  9 0.1606 0.2543 0.1578 0.4273 
        D667  9 0.0685 0.1950 0.6279 0.1086 
        D668  9 0.1007 0.2318 0.1685 0.4990 
        D669  9 0.0842 0.6517 0.0874 0.1766 
        D670  9 0.7014 0.0899 0.0870 0.1218 
        D671  9 0.0683 0.7727 0.0623 0.0967 
        D672  9 0.0606 0.1346 0.0616 0.7431 
        D673  9 0.2066 0.1733 0.3121 0.3080 
        D692  9 0.0663 0.3170 0.0431 0.5736 
        D693  9 0.1776 0.1372 0.3640 0.3211 
        D694  9 0.0476 0.0737 0.0673 0.8113 
        D695  9 0.3371 0.0872 0.1289 0.4468 
        D696  9 0.0313 0.0363 0.9016 0.0308 
        D697  9 0.1621 0.2104 0.4968 0.1306 
        D698  9 0.0516 0.4240 0.4206 0.1039 
        D699  9 0.0386 0.1353 0.7043 0.1217 
        D787  9 0.4845 0.1481 0.0600 0.3074 
        D788  9 0.0830 0.0502 0.6991 0.1678 
        D789  9 0.0542 0.2496 0.3708 0.3254 
        D790  9 0.2465 0.2896 0.1541 0.3099 
        D791  9 0.0457 0.6187 0.2321 0.1035 
        D792  9 0.5076 0.2313 0.0652 0.1959 
        D793  9 0.2059 0.1273 0.6015 0.0653 
        D794  9 0.2696 0.1773 0.4376 0.1154 
        D795  9 0.0267 0.0931 0.1287 0.7515 
        D796  9 0.0524 0.5480 0.2076 0.1920 
        D142 10 0.2195 0.1687 0.5228 0.0890 
        D143 10 0.0632 0.7465 0.1313 0.0591 
        D144 10 0.1790 0.1254 0.4104 0.2852 
        D145 10 0.0640 0.8224 0.0547 0.0589 
        D146 10 0.0828 0.0586 0.1729 0.6857 
        D147 10 0.2393 0.2101 0.1458 0.4047 
        D148 10 0.2281 0.1675 0.2387 0.3657 
        D149 10 0.0847 0.8116 0.0486 0.0551 
        D151 10 0.0639 0.2518 0.1816 0.5027 
        D152 10 0.0237 0.9128 0.0264 0.0371 
        D153 10 0.5498 0.0494 0.2988 0.1020 
        D156 10 0.7746 0.1207 0.0524 0.0522 
        D157 10 0.0908 0.0898 0.6547 0.1647 
        D158 10 0.0415 0.4327 0.3149 0.2109 
        D159 10 0.0396 0.8874 0.0366 0.0364 
        D160 10 0.0204 0.6070 0.3274 0.0452 
        D161 10 0.3890 0.1881 0.2756 0.1472 
        D162 10 0.5921 0.1972 0.1657 0.0450 
        D169 10 0.0603 0.0826 0.0438 0.8133 
        D170 10 0.0940 0.0634 0.1423 0.7002 
        D171 10 0.1099 0.0690 0.6978 0.1232 
        D172 10 0.3632 0.2556 0.1572 0.2240 
        D173 10 0.0839 0.8463 0.0194 0.0503 
        D181 10 0.1551 0.1423 0.6277 0.0750 
        D182 10 0.1835 0.5806 0.0640 0.1719 
        D183 10 0.0685 0.0419 0.8062 0.0834 
        D184 10 0.1170 0.0186 0.0247 0.8397 
        D185 10 0.5520 0.0838 0.1701 0.1941 
        D186 10 0.0339 0.1036 0.0346 0.8279 
        D194 10 0.2060 0.0759 0.1240 0.5941 
        D195 10 0.2380 0.4067 0.2970 0.0583 
        D196 10 0.4368 0.3643 0.1602 0.0387 
        D197 10 0.0374 0.2175 0.0765 0.6685 
        D198 10 0.3096 0.0467 0.3521 0.2916 
     D237226 10 0.0839 0.5766 0.0679 0.2717 
     D237232 10 0.0606 0.3809 0.3974 0.1610 
     D237233 10 0.0634 0.6178 0.2084 0.1105 
     D237234 10 0.1770 0.1970 0.4997 0.1264 
     D237354 10 0.0314 0.9021 0.0389 0.0277 
     D237355 10 0.0630 0.7018 0.1402 0.0949 
     D237356 10 0.2456 0.0452 0.5281 0.1811 
     D237357 10 0.1329 0.4686 0.1015 0.2970 
     D237358 10 0.3798 0.1331 0.0805 0.4066 
     D237369 10 0.0682 0.0990 0.0368 0.7960 
     D237370 10 0.0464 0.0933 0.7946 0.0657 
     D237371 10 0.5658 0.0851 0.0986 0.2505 
     D237372 10 0.1029 0.4732 0.0520 0.3719 
     D237373 10 0.0603 0.4293 0.4140 0.0965 
     D237374 10 0.0342 0.7082 0.2044 0.0531 
     D237375 10 0.3137 0.3390 0.1382 0.2091 
     D237400 10 0.0308 0.9028 0.0445 0.0219 
     D244002 10 0.1787 0.1301 0.0455 0.6457 
     D244003 10 0.0250 0.4636 0.4400 0.0714 
     D244004 10 0.0201 0.0263 0.9187 0.0349 
     D244005 10 0.0539 0.5835 0.0674 0.2953 
     D244020 10 0.2880 0.1275 0.4581 0.1264 
     D244021 10 0.0792 0.3886 0.0935 0.4387 
     D244116 10 0.1744 0.1240 0.1406 0.5611 
     D244117 10 0.0813 0.3879 0.4580 0.0729 
     D244121 10 0.0451 0.1619 0.6700 0.1230 
     D244123 10 0.0791 0.2972 0.5196 0.1041 
     D244124 10 0.0332 0.3818 0.1728 0.4123 
        D332 10 0.7593 0.0704 0.1089 0.0615 
        D570 10 0.1273 0.0426 0.7710 0.0591 
        D602 10 0.8570 0.0521 0.0433 0.0476 
        D603 10 0.0759 0.2849 0.4487 0.1905 
        D604 10 0.5098 0.3017 0.1204 0.0682 
        D605 10 0.5683 0.1459 0.1013 0.1844 
        D606 10 0.0538 0.0469 0.3032 0.5961 
        D607 10 0.8572 0.0572 0.0408 0.0447 
        D608 10 0.0549 0.9011 0.0218 0.0222 
        D609 10 0.1972 0.0441 0.6771 0.0815 
        D610 10 0.2342 0.1821 0.3815 0.2022 
        D611 10 0.0309 0.0268 0.9219 0.0203 
        D613 10 0.5660 0.1148 0.2436 0.0756 
        D633 10 0.7679 0.1041 0.0419 0.0861 
        D634 10 0.0963 0.1191 0.6457 0.1390 
        D638 10 0.0347 0.8894 0.0457 0.0302 
        D681 10 0.1186 0.1534 0.4658 0.2621 
        D754 10 0.0323 0.1181 0.3139 0.5357 
        D755 10 0.0257 0.5009 0.4212 0.0523 
        D756 10 0.0501 0.1346 0.6574 0.1579 
        D757 10 0.2066 0.4134 0.1231 0.2569 
        D758 10 0.2675 0.2090 0.2657 0.2578 
        D759 10 0.0672 0.4511 0.3873 0.0944 
        D760 10 0.1397 0.3728 0.3549 0.1326 
        D761 10 0.0248 0.8988 0.0475 0.0289 
        D762 10 0.7001 0.0933 0.1130 0.0935 
        D775 10 0.0292 0.1898 0.6849 0.0961 
        D776 10 0.0296 0.8204 0.0903 0.0597 
        D777 10 0.0608 0.2510 0.4897 0.1985 
        D778 10 0.0445 0.7009 0.0543 0.2003 
        D779 10 0.0736 0.1445 0.4842 0.2977 
        D780 10 0.1982 0.5754 0.1537 0.0728 
        D781 10 0.6100 0.1696 0.1176 0.1028 
        D858 10 0.0297 0.0818 0.0488 0.8396 
        D933 10 0.3529 0.2960 0.2583 0.0929 
        D038 11 0.1551 0.4743 0.1557 0.2149 
        D063 11 0.0889 0.4324 0.3807 0.0980 
        D155 11 0.1443 0.2930 0.4435 0.1192 
        D175 11 0.0663 0.0879 0.5692 0.2766 
        D176 11 0.0393 0.7545 0.1476 0.0587 
        D205 11 0.0543 0.0346 0.7223 0.1888 
     D237229 11 0.3143 0.3215 0.0522 0.3120 
     D237230 11 0.6370 0.1442 0.0361 0.1826 
     D237231 11 0.8143 0.0777 0.0533 0.0547 
     D237269 11 0.3558 0.3576 0.1227 0.1638 
     D237270 11 0.1388 0.0863 0.0481 0.7268 
     D237271 11 0.2007 0.1059 0.5304 0.1630 
     D237272 11 0.6131 0.1244 0.0442 0.2182 
     D237273 11 0.0899 0.2079 0.6248 0.0774 
     D237301 11 0.7257 0.0673 0.1435 0.0635 
     D237302 11 0.1597 0.2221 0.1153 0.5029 
     D237303 11 0.1838 0.1726 0.0448 0.5988 
     D237304 11 0.4188 0.1823 0.1779 0.2209 
     D237305 11 0.0569 0.1027 0.1478 0.6926 
     D237314 11 0.1542 0.2619 0.4095 0.1744 
     D237315 11 0.1502 0.1160 0.0797 0.6541 
     D237316 11 0.8353 0.0430 0.0886 0.0331 
     D237328 11 0.4007 0.0393 0.2498 0.3102 
     D237329 11 0.1539 0.3786 0.1499 0.3176 
     D237330 11 0.0544 0.1558 0.7232 0.0666 
     D237331 11 0.2131 0.2359 0.4329 0.1181 
     D237332 11 0.4572 0.1217 0.2871 0.1341 
     D237333 11 0.0670 0.5188 0.3734 0.0407 
     D237334 11 0.7956 0.0576 0.0838 0.0629 
     D237335 11 0.3671 0.0695 0.3287 0.2347 
     D237336 11 0.0967 0.5606 0.1527 0.1900 
     D237350 11 0.1695 0.1354 0.6197 0.0754 
     D237383 11 0.0613 0.2973 0.1927 0.4486 
     D237384 11 0.5416 0.0893 0.0956 0.2735 
     D237385 11 0.3180 0.2376 0.2033 0.2410 
     D237386 11 0.5858 0.1355 0.1819 0.0968 
     D237387 11 0.7247 0.0466 0.1072 0.1214 
     D237388 11 0.1333 0.0645 0.7520 0.0502 
        D239 11 0.1903 0.2813 0.4515 0.0769 
        D240 11 0.0353 0.8116 0.0502 0.1029 
        D241 11 0.2335 0.1287 0.0708 0.5669 
        D242 11 0.5148 0.2525 0.1073 0.1254 
        D243 11 0.1243 0.2136 0.5066 0.1555 
        D244 11 0.0657 0.0484 0.7242 0.1617 
