        D174  1 0.4668 0.3973 0.1359 
        D199  1 0.4305 0.1065 0.4630 
        D203  1 0.1739 0.3180 0.5081 
        D204  1 0.0487 0.0747 0.8766 
     D237366  1 0.1320 0.6004 0.2676 
     D237367  1 0.0887 0.3632 0.5480 
     D237368  1 0.1184 0.5893 0.2922 
     D244101  1 0.0652 0.0442 0.8906 
     D244102  1 0.3866 0.4245 0.1888 
     D244103  1 0.0949 0.5261 0.3790 
     D244104  1 0.2879 0.1247 0.5873 
     D244105  1 0.0489 0.8350 0.1161 
     D244106  1 0.7190 0.1430 0.1380 
     D244107  1 0.0334 0.5931 0.3735 
     D244108  1 0.4789 0.3493 0.1718 
     D244113  1 0.7994 0.1313 0.0693 
     D244114  1 0.3101 0.3253 0.3646 
     D244115  1 0.4835 0.3457 0.1709 
     D267365  1 0.5826 0.1405 0.2768 
        D404  1 0.7334 0.1596 0.1070 
        D405  1 0.5018 0.2740 0.2241 
        D406  1 0.0458 0.8824 0.0718 
        D407  1 0.0514 0.1334 0.8152 
        D408  1 0.8812 0.0625 0.0563 
        D409  1 0.1532 0.5655 0.2813 
        D410  1 0.0434 0.8930 0.0636 
        D421  1 0.0619 0.0368 0.9012 
        D422  1 0.0323 0.8776 0.0901 
        D423  1 0.0324 0.8207 0.1469 
        D424  1 0.0688 0.2727 0.6585 
        D425  1 0.4125 0.1479 0.4396 
        D426  1 0.1581 0.5141 0.3278 
        D427  1 0.2199 0.0722 0.7079 
        D428  1 0.2229 0.2821 0.4950 
        D429  1 0.4564 0.2029 0.3407 
        D430  1 0.4809 0.2147 0.3044 
        D491  1 0.8441 0.0830 0.0728 
        D492  1 0.2265 0.2452 0.5283 
        D537  1 0.0668 0.1887 0.7444 
        D538  1 0.2414 0.5505 0.2081 
        D539  1 0.6135 0.3057 0.0807 
        D540  1 0.2837 0.3479 0.3685 
        D541  1 0.0492 0.0933 0.8575 
        D551  1 0.2150 0.3102 0.4748 
        D552  1 0.2999 0.4762 0.2239 
        D553  1 0.0767 0.0798 0.8436 
        D615  1 0.2591 0.3907 0.3502 
        D616  1 0.2171 0.3540 0.4289 
        D621  1 0.1659 0.7488 0.0853 
        D622  1 0.0753 0.8326 0.0922 
        D623  1 0.6708 0.0970 0.2321 
        D624  1 0.7538 0.1310 0.1153 
        D625  1 0.1180 0.2996 0.5825 
        D626  1 0.5633 0.2874 0.1493 
        D627  1 0.1711 0.4168 0.4122 
        D690  1 0.2218 0.2699 0.5083 
        D691  1 0.0589 0.8033 0.1378 
        D710  1 0.3098 0.1777 0.5125 
        D711  1 0.1199 0.2196 0.6605 
        D712  1 0.8128 0.1168 0.0704 
        D713  1 0.3194 0.3342 0.3464 
        D746  1 0.0427 0.8485 0.1088 
        D747  1 0.0633 0.0567 0.8800 
        D748  1 0.0591 0.5911 0.3498 
        D749  1 0.1945 0.7037 0.1019 
        D750  1 0.5873 0.1908 0.2218 
        D763  1 0.1829 0.1993 0.6179 
        D764  1 0.3145 0.3012 0.3842 
        D765  1 0.1540 0.7979 0.0482 
        D766  1 0.0747 0.6391 0.2861 
        D767  1 0.1264 0.4565 0.4171 
        D768  1 0.0413 0.0838 0.8749 
        D811  1 0.7124 0.2033 0.0843 
        D816  1 0.2136 0.1407 0.6458 
        D825  1 0.5257 0.3437 0.1306 
        D866  1 0.7723 0.1213 0.1065 
        D867  1 0.0504 0.8654 0.0842 
        D871  1 0.1444 0.5085 0.3471 
        D872  1 0.1063 0.4954 0.3984 
        D873  1 0.0302 0.9425 0.0274 
        D874  1 0.3910 0.0722 0.5368 
        D875  1 0.0651 0.7380 0.1969 
        D876  1 0.2565 0.3098 0.4337 
        D877  1 0.6797 0.1082 0.2121 
        D892  1 0.2215 0.4893 0.2892 
        D893  1 0.1216 0.2678 0.6105 
        D894  1 0.2926 0.2809 0.4265 
        D915  1 0.1145 0.4065 0.4790 
        D916  1 0.0796 0.1365 0.7840 
        D917  1 0.5290 0.0968 0.3741 
        D925  1 0.1216 0.7857 0.0927 
        D926  1 0.2233 0.2474 0.5293 
        D927  1 0.1969 0.0988 0.7043 
        D928  1 0.7871 0.0852 0.1277 
        D929  1 0.3189 0.4563 0.2248 
        D936  1 0.2393 0.0958 0.6648 
        D938  1 0.0434 0.8903 0.0663 
        D956  1 0.7893 0.1419 0.0688 
        D957  1 0.1160 0.6086 0.2754 
        D958  1 0.1329 0.5150 0.3521 
        D959  1 0.0326 0.1463 0.8211 
        D960  1 0.0563 0.8913 0.0524 
        D989  1 0.7844 0.0653 0.1503 
        D990  1 0.1324 0.8288 0.0388 
        D023  2 0.0495 0.5730 0.3775 
        D130  2 0.0286 0.8665 0.1049 
        D131  2 0.1144 0.1732 0.7125 
        D163  2 0.0768 0.8211 0.1021 
        D164  2 0.0406 0.6220 0.3374 
        D165  2 0.0421 0.6720 0.2860 
        D166  2 0.2301 0.5909 0.1790 
        D167  2 0.4351 0.1564 0.4085 
        D192  2 0.3433 0.1801 0.4766 
        D193  2 0.6410 0.2790 0.0800 
        D206  2 0.0925 0.3097 0.5978 
        D207  2 0.2285 0.1609 0.6106 
        D208  2 0.7954 0.1039 0.1007 
        D209  2 0.1893 0.3098 0.5009 
        D210  2 0.6739 0.1098 0.2164 
     D229599  2 0.4740 0.2104 0.3155 
     D229600  2 0.0765 0.6975 0.2260 
     D237227  2 0.7785 0.1388 0.0827 
     D237228  2 0.4947 0.4216 0.0838 
     D237258  2 0.4111 0.3286 0.2603 
     D237310  2 0.1525 0.7970 0.0505 
     D237311  2 0.1382 0.7419 0.1199 
     D237312  2 0.1819 0.7422 0.0759 
     D237313  2 0.3197 0.3590 0.3213 
     D237322  2 0.6408 0.2245 0.1347 
     D237323  2 0.2760 0.6799 0.0441 
     D237324  2 0.0654 0.5062 0.4284 
     D237325  2 0.1534 0.7333 0.1133 
     D237326  2 0.1049 0.6472 0.2479 
     D237327  2 0.3813 0.1863 0.4323 
     D237337  2 0.1043 0.8158 0.0799 
     D237338  2 0.2555 0.5621 0.1824 
     D237339  2 0.0733 0.0671 0.8595 
     D237340  2 0.4648 0.4106 0.1246 
     D237389  2 0.0919 0.8367 0.0714 
     D237390  2 0.2412 0.6245 0.1343 
     D244017  2 0.7607 0.1291 0.1102 
     D244112  2 0.2526 0.5151 0.2323 
     D244118  2 0.1459 0.6934 0.1607 
     D244119  2 0.8182 0.0664 0.1154 
     D244120  2 0.6874 0.2245 0.0881 
     D244122  2 0.3714 0.2915 0.3371 
        D291  2 0.5485 0.2044 0.2472 
        D292  2 0.5654 0.1048 0.3299 
        D293  2 0.0226 0.0208 0.9566 
        D322  2 0.0517 0.0713 0.8770 
        D323  2 0.2902 0.1597 0.5501 
        D324  2 0.3298 0.2305 0.4397 
        D325  2 0.0250 0.0311 0.9439 
        D326  2 0.0732 0.0362 0.8906 
        D340  2 0.0394 0.0423 0.9184 
        D341  2 0.1316 0.1279 0.7405 
        D342  2 0.1603 0.5937 0.2460 
        D343  2 0.0218 0.0235 0.9546 
        D344  2 0.1171 0.2494 0.6335 
        D345  2 0.2124 0.3802 0.4074 
        D346  2 0.7289 0.0853 0.1858 
        D351  2 0.0988 0.1900 0.7112 
        D352  2 0.2674 0.2288 0.5038 
        D353  2 0.0643 0.0917 0.8440 
        D354  2 0.3438 0.2889 0.3673 
        D362  2 0.1913 0.1743 0.6344 
        D363  2 0.3081 0.1186 0.5733 
        D364  2 0.1911 0.2424 0.5665 
        D365  2 0.0321 0.0243 0.9435 
        D369  2 0.3647 0.1471 0.4882 
        D374  2 0.8682 0.0860 0.0457 
        D375  2 0.2057 0.4218 0.3725 
        D376  2 0.8135 0.1381 0.0484 
        D377  2 0.3602 0.4662 0.1737 
        D378  2 0.0544 0.0827 0.8629 
        D379  2 0.0932 0.1211 0.7857 
        D384  2 0.0949 0.0552 0.8499 
        D385  2 0.1221 0.0416 0.8363 
        D386  2 0.0625 0.1480 0.7896 
        D391  2 0.0407 0.0430 0.9163 
        D392  2 0.1340 0.1564 0.7096 
        D393  2 0.0903 0.1183 0.7914 
        D394  2 0.1591 0.5609 0.2801 
        D395  2 0.0970 0.0917 0.8113 
        D401  2 0.0959 0.8364 0.0677 
        D402  2 0.0754 0.0609 0.8637 
        D403  2 0.0560 0.4150 0.5290 
        D415  2 0.0322 0.1705 0.7973 
        D435  2 0.0499 0.0768 0.8734 
        D436  2 0.1716 0.2261 0.6024 
        D438  2 0.0881 0.0567 0.8552 
        D439  2 0.0697 0.2500 0.6803 
        D449  2 0.0671 0.1649 0.7680 
        D450  2 0.5121 0.2855 0.2023 
        D456  2 0.0493 0.0805 0.8701 
        D462  2 0.0312 0.0351 0.9337 
        D463  2 0.0585 0.0577 0.8838 
        D464  2 0.1394 0.1141 0.7465 
        D465  2 0.0474 0.0773 0.8753 
        D473  2 0.6386 0.2697 0.0917 
        D474  2 0.2736 0.1202 0.6062 
        D476  2 0.0465 0.5716 0.3819 
        D477  2 0.3698 0.1617 0.4685 
        D478  2 0.3965 0.3818 0.2217 
        D480  2 0.1734 0.0617 0.7649 
        D481  2 0.3341 0.2606 0.4053 
        D482  2 0.6864 0.2210 0.0926 
        D483  2 0.3763 0.1264 0.4973 
        D484  2 0.4031 0.2099 0.3870 
        D510  2 0.8945 0.0632 0.0423 
        D511  2 0.0651 0.0917 0.8432 
        D512  2 0.0735 0.6727 0.2538 
        D513  2 0.1250 0.1015 0.7734 
        D635  2 0.0931 0.2016 0.7053 
        D636  2 0.0588 0.8766 0.0646 
        D637  2 0.3332 0.2467 0.4201 
        D658  2 0.4108 0.2257 0.3635 
        D659  2 0.0949 0.1055 0.7996 
        D677  2 0.1330 0.4176 0.4494 
        D678  2 0.3286 0.3298 0.3416 
        D679  2 0.1438 0.0977 0.7585 
        D719  2 0.4892 0.0470 0.4639 
        D720  2 0.1819 0.1205 0.6976 
        D721  2 0.0774 0.4688 0.4538 
        D722  2 0.7907 0.1185 0.0909 
        D734  2 0.6679 0.0449 0.2872 
        D735  2 0.1901 0.2111 0.5989 
        D736  2 0.6669 0.1214 0.2117 
        D737  2 0.4698 0.3370 0.1932 
        D807  2 0.5692 0.1531 0.2777 
        D808  2 0.1196 0.5792 0.3012 
        D817  2 0.3769 0.1907 0.4324 
        D818  2 0.0988 0.2079 0.6933 
        D819  2 0.2530 0.3411 0.4058 
        D820  2 0.0540 0.0442 0.9017 
        D895  2 0.1200 0.2970 0.5829 
        D896  2 0.0683 0.8893 0.0425 
        D897  2 0.2242 0.3036 0.4722 
        D898  2 0.5548 0.3121 0.1331 
        D918  2 0.1950 0.5538 0.2512 
        D919  2 0.0858 0.1023 0.8118 
        D920  2 0.0524 0.9064 0.0412 
        D923  2 0.0839 0.1093 0.8068 
        D930  2 0.3055 0.2230 0.4715 
        D931  2 0.2290 0.1114 0.6596 
        D968  2 0.0608 0.0330 0.9062 
        D969  2 0.2729 0.1024 0.6247 
        D977  2 0.0821 0.1241 0.7937 
        D978  2 0.4872 0.2122 0.3007 
        D211  3 0.0983 0.7375 0.1642 
     D229639  3 0.8458 0.0634 0.0908 
     D237212  3 0.2464 0.2505 0.5030 
     D237213  3 0.0855 0.5979 0.3166 
     D237214  3 0.0662 0.7359 0.1978 
     D237215  3 0.8417 0.0676 0.0907 
     D237216  3 0.1130 0.5434 0.3436 
     D237217  3 0.0575 0.6286 0.3139 
     D237218  3 0.2190 0.2196 0.5614 
     D237219  3 0.4187 0.5206 0.0607 
     D237382  3 0.1937 0.5032 0.3031 
     D244127  3 0.0983 0.7631 0.1386 
     D244129  3 0.1623 0.3858 0.4519 
     D244133  3 0.5461 0.2513 0.2026 
     D244134  3 0.8099 0.1164 0.0737 
     D244135  3 0.0521 0.7364 0.2115 
     D244136  3 0.5388 0.1356 0.3256 
        D416  3 0.1898 0.4031 0.4071 
        D417  3 0.0649 0.3081 0.6270 
        D419  3 0.3407 0.3869 0.2725 
        D565  3 0.8728 0.0472 0.0799 
        D566  3 0.8621 0.0530 0.0848 
        D567  3 0.0881 0.2288 0.6831 
        D568  3 0.0721 0.4580 0.4699 
        D569  3 0.1576 0.2812 0.5612 
        D573  3 0.1308 0.0737 0.7955 
        D574  3 0.7432 0.1660 0.0908 
        D575  3 0.4290 0.3072 0.2638 
        D576  3 0.7282 0.1330 0.1388 
        D577  3 0.1642 0.2849 0.5509 
        D578  3 0.0362 0.9145 0.0493 
        D579  3 0.3995 0.1484 0.4521 
        D660  3 0.2356 0.4583 0.3061 
        D661  3 0.3678 0.3155 0.3167 
        D663  3 0.4847 0.0910 0.4243 
        D664  3 0.3426 0.5752 0.0822 
        D665  3 0.0809 0.7437 0.1754 
        D666  3 0.4255 0.3921 0.1823 
        D009  4 0.0894 0.6984 0.2122 
        D057  4 0.1760 0.3470 0.4770 
        D109  4 0.1341 0.7694 0.0965 
     D237222  4 0.1244 0.7841 0.0915 
     D237223  4 0.1659 0.6242 0.2099 
     D237224  4 0.3283 0.1405 0.5312 
     D237225  4 0.1456 0.4961 0.3583 
     D237299  4 0.1117 0.7750 0.1133 
     D237300  4 0.8800 0.0669 0.0531 
     D237306  4 0.4814 0.2962 0.2224 
     D237307  4 0.4705 0.1977 0.3318 
     D237308  4 0.2543 0.2289 0.5168 
     D237309  4 0.1360 0.5598 0.3042 
     D237317  4 0.6150 0.1501 0.2348 
     D237318  4 0.8162 0.0615 0.1223 
     D237319  4 0.1640 0.6350 0.2010 
     D237320  4 0.1476 0.5113 0.3411 
     D237321  4 0.7824 0.1122 0.1054 
     D237397  4 0.3683 0.3598 0.2719 
     D237398  4 0.3492 0.1615 0.4893 
     D237399  4 0.5272 0.2226 0.2502 
     D244001  4 0.0707 0.7722 0.1571 
        D289  4 0.3836 0.1489 0.4675 
        D290  4 0.3385 0.3662 0.2953 
        D294  4 0.2667 0.3077 0.4256 
        D295  4 0.2049 0.4096 0.3854 
        D301  4 0.1309 0.8239 0.0451 
        D302  4 0.1087 0.1467 0.7445 
        D303  4 0.7126 0.1592 0.1282 
        D304  4 0.6510 0.1797 0.1692 
        D305  4 0.0738 0.4516 0.4746 
        D306  4 0.4533 0.3455 0.2011 
        D307  4 0.1303 0.8339 0.0359 
        D327  4 0.1620 0.1055 0.7326 
        D328  4 0.6534 0.2062 0.1404 
        D329  4 0.2397 0.4423 0.3180 
        D330  4 0.0443 0.4513 0.5043 
        D331  4 0.5128 0.2748 0.2124 
        D333  4 0.4049 0.3484 0.2466 
        D334  4 0.5363 0.2381 0.2256 
        D335  4 0.0989 0.0805 0.8206 
        D370  4 0.4896 0.3931 0.1173 
        D371  4 0.7415 0.0565 0.2020 
        D372  4 0.8547 0.1009 0.0444 
        D373  4 0.0976 0.7583 0.1441 
        D455  4 0.0699 0.8446 0.0855 
        D490  4 0.0410 0.9093 0.0497 
        D497  4 0.0680 0.8780 0.0540 
        D498  4 0.5490 0.3198 0.1312 
        D499  4 0.6088 0.1672 0.2240 
        D514  4 0.1535 0.2719 0.5746 
        D515  4 0.0760 0.7451 0.1789 
        D516  4 0.2151 0.4073 0.3777 
        D517  4 0.0811 0.8134 0.1056 
        D518  4 0.2008 0.4004 0.3987 
        D519  4 0.0784 0.7316 0.1901 
        D560  4 0.0866 0.6521 0.2614 
        D561  4 0.0347 0.4825 0.4828 
        D562  4 0.3224 0.3799 0.2977 
        D563  4 0.0971 0.1720 0.7309 
        D572  4 0.1320 0.2320 0.6360 
        D629  4 0.1980 0.3778 0.4242 
        D630  4 0.2813 0.3989 0.3198 
        D631  4 0.2757 0.2208 0.5035 
        D632  4 0.0686 0.6385 0.2929 
        D646  4 0.0627 0.4319 0.5054 
        D647  4 0.0507 0.3670 0.5823 
        D648  4 0.5768 0.2764 0.1468 
        D649  4 0.0949 0.4264 0.4787 
        D650  4 0.3134 0.3171 0.3695 
        D708  4 0.6618 0.2067 0.1314 
        D709  4 0.4507 0.3664 0.1829 
        D738  4 0.3842 0.3837 0.2321 
        D739  4 0.1971 0.6502 0.1527 
        D740  4 0.4763 0.3818 0.1419 
        D741  4 0.0404 0.2628 0.6968 
        D742  4 0.3979 0.1587 0.4434 
        D743  4 0.1450 0.0805 0.7745 
        D744  4 0.0823 0.1227 0.7950 
        D745  4 0.0702 0.8056 0.1242 
        D814  4 0.1194 0.3214 0.5592 
        D815  4 0.2440 0.2373 0.5187 
        D828  4 0.7492 0.1898 0.0611 
        D845  4 0.7891 0.0404 0.1705 
        D846  4 0.0697 0.1944 0.7359 
        D847  4 0.3251 0.3736 0.3014 
        D848  4 0.1410 0.7064 0.1525 
        D849  4 0.0616 0.8028 0.1357 
        D850  4 0.1829 0.2613 0.5558 
        D856  4 0.1541 0.6266 0.2192 
        D857  4 0.0756 0.8947 0.0297 
        D859  4 0.3570 0.1910 0.4520 
        D860  4 0.6366 0.0708 0.2926 
        D883  4 0.3554 0.3787 0.2659 
        D884  4 0.1681 0.6217 0.2101 
        D885  4 0.1072 0.1696 0.7233 
        D886  4 0.0947 0.6469 0.2584 
        D887  4 0.4431 0.2332 0.3238 
        D889  4 0.7946 0.0955 0.1099 
        D890  4 0.5163 0.3214 0.1622 
        D891  4 0.8819 0.0344 0.0836 
        D899  4 0.6234 0.0812 0.2954 
        D900  4 0.2528 0.2819 0.4653 
        D970  4 0.2656 0.1958 0.5386 
        D971  4 0.0770 0.0980 0.8249 
        D979  4 0.1168 0.0685 0.8147 
        D093  5 0.7657 0.1388 0.0955 
        D154  5 0.4165 0.1980 0.3855 
        D168  5 0.1422 0.3909 0.4669 
        D189  5 0.8078 0.0938 0.0984 
        D190  5 0.8392 0.0595 0.1012 
     D237220  5 0.2688 0.5846 0.1466 
     D237221  5 0.6470 0.1381 0.2149 
     D237274  5 0.0571 0.1262 0.8167 
     D237275  5 0.3954 0.2507 0.3539 
     D237276  5 0.2922 0.4991 0.2087 
     D237277  5 0.8492 0.0679 0.0829 
     D237278  5 0.4587 0.2415 0.2998 
     D237279  5 0.0568 0.6629 0.2804 
     D237280  5 0.1929 0.5923 0.2148 
     D237281  5 0.2418 0.0822 0.6759 
     D237351  5 0.1933 0.7266 0.0800 
     D237352  5 0.1174 0.4264 0.4561 
     D237353  5 0.9105 0.0464 0.0431 
     D237359  5 0.3222 0.4403 0.2376 
     D237361  5 0.8866 0.0605 0.0529 
     D237362  5 0.4526 0.1605 0.3870 
     D237363  5 0.2787 0.3286 0.3926 
     D237364  5 0.1142 0.4103 0.4755 
     D237376  5 0.8087 0.1199 0.0714 
     D237377  5 0.1695 0.2801 0.5504 
     D237378  5 0.8782 0.0681 0.0538 
     D237379  5 0.6930 0.1599 0.1471 
     D237380  5 0.1122 0.8305 0.0573 
     D237381  5 0.1776 0.6390 0.1834 
     D237391  5 0.7932 0.0975 0.1093 
     D237392  5 0.0996 0.1385 0.7619 
     D237393  5 0.4282 0.1902 0.3816 
     D237394  5 0.8417 0.0666 0.0917 
     D237395  5 0.6088 0.3038 0.0875 
     D237396  5 0.1535 0.0897 0.7568 
     D244016  5 0.5981 0.1085 0.2934 
     D244018  5 0.3587 0.1297 0.5116 
     D244019  5 0.2807 0.1284 0.5909 
        D279  5 0.4008 0.2367 0.3625 
        D280  5 0.7089 0.1342 0.1569 
        D281  5 0.6153 0.0872 0.2975 
        D283  5 0.6497 0.0804 0.2698 
        D284  5 0.1415 0.6906 0.1679 
        D285  5 0.7784 0.1084 0.1132 
        D286  5 0.4819 0.3018 0.2163 
        D287  5 0.6938 0.2561 0.0501 
        D288  5 0.7380 0.0786 0.1833 
        D308  5 0.0658 0.8267 0.1075 
        D309  5 0.0449 0.1320 0.8231 
        D310  5 0.8736 0.0765 0.0499 
        D311  5 0.4412 0.2011 0.3577 
        D312  5 0.6103 0.1911 0.1986 
        D313  5 0.0476 0.9232 0.0292 
        D314  5 0.3663 0.4329 0.2008 
        D315  5 0.6342 0.2010 0.1648 
        D317  5 0.8236 0.0766 0.0998 
        D318  5 0.2521 0.2494 0.4986 
        D319  5 0.8161 0.1127 0.0712 
        D320  5 0.8639 0.0879 0.0482 
        D321  5 0.2595 0.6419 0.0985 
        D336  5 0.8192 0.0925 0.0882 
        D337  5 0.9098 0.0326 0.0576 
        D338  5 0.3181 0.3270 0.3549 
        D339  5 0.7758 0.1209 0.1033 
        D347  5 0.5167 0.1421 0.3411 
        D348  5 0.8361 0.0627 0.1012 
        D349  5 0.1259 0.8229 0.0512 
        D350  5 0.0752 0.1590 0.7658 
        D355  5 0.1760 0.0618 0.7623 
        D356  5 0.5643 0.2546 0.1811 
        D357  5 0.5775 0.2973 0.1251 
        D358  5 0.5426 0.1781 0.2793 
        D359  5 0.5776 0.0972 0.3252 
        D360  5 0.6345 0.2351 0.1304 
        D361  5 0.0604 0.8870 0.0526 
        D366  5 0.0431 0.0448 0.9122 
        D367  5 0.7666 0.1667 0.0666 
        D368  5 0.5099 0.3412 0.1489 
        D380  5 0.0898 0.1573 0.7528 
        D381  5 0.7040 0.1034 0.1927 
        D400  5 0.6261 0.1480 0.2259 
        D411  5 0.0366 0.9070 0.0564 
        D412  5 0.4507 0.3262 0.2231 
        D413  5 0.0676 0.1227 0.8097 
        D414  5 0.1810 0.1644 0.6546 
        D420  5 0.5249 0.3660 0.1090 
        D431  5 0.7304 0.2119 0.0577 
        D432  5 0.6551 0.1862 0.1587 
        D433  5 0.8261 0.0879 0.0860 
        D434  5 0.6420 0.1761 0.1819 
        D440  5 0.0536 0.1882 0.7582 
        D447  5 0.0605 0.1729 0.7666 
        D448  5 0.8381 0.0610 0.1009 
        D459  5 0.2067 0.0481 0.7452 
        D460  5 0.1321 0.7452 0.1227 
        D461  5 0.0859 0.1123 0.8018 
        D468  5 0.3587 0.2213 0.4200 
        D469  5 0.2543 0.2911 0.4545 
        D470  5 0.2474 0.5859 0.1667 
        D471  5 0.8380 0.0446 0.1173 
        D472  5 0.0559 0.0413 0.9028 
        D479  5 0.1653 0.1236 0.7110 
        D485  5 0.4687 0.3258 0.2054 
        D486  5 0.2482 0.4027 0.3491 
        D487  5 0.8075 0.1127 0.0798 
        D555  5 0.8674 0.0522 0.0804 
        D556  5 0.7752 0.1389 0.0859 
        D557  5 0.8571 0.0433 0.0995 
        D564  5 0.6311 0.2391 0.1298 
        D594  5 0.2803 0.1603 0.5594 
        D595  5 0.6199 0.1370 0.2431 
        D596  5 0.9007 0.0475 0.0518 
        D597  5 0.4775 0.0767 0.4458 
        D598  5 0.4665 0.2881 0.2454 
        D617  5 0.0666 0.8278 0.1056 
        D618  5 0.7561 0.1129 0.1310 
        D619  5 0.3548 0.2904 0.3548 
        D620  5 0.0940 0.0546 0.8515 
        D628  5 0.2177 0.4668 0.3156 
        D714  5 0.8589 0.0757 0.0653 
        D715  5 0.7831 0.0686 0.1483 
        D716  5 0.5362 0.1487 0.3151 
        D717  5 0.3214 0.2048 0.4738 
        D718  5 0.4027 0.5264 0.0708 
        D769  5 0.0789 0.8172 0.1039 
        D770  5 0.4675 0.1422 0.3902 
        D771  5 0.4683 0.3093 0.2224 
        D772  5 0.6809 0.1528 0.1663 
        D782  5 0.1398 0.4096 0.4507 
        D783  5 0.3618 0.1377 0.5005 
        D784  5 0.2159 0.1123 0.6718 
        D785  5 0.7354 0.1733 0.0913 
        D786  5 0.0500 0.5782 0.3718 
        D821  5 0.9219 0.0375 0.0405 
        D822  5 0.2320 0.1012 0.6668 
        D826  5 0.6914 0.0931 0.2154 
        D827  5 0.0714 0.1408 0.7878 
        D851  5 0.3768 0.2871 0.3361 
        D852  5 0.6927 0.1795 0.1278 
        D853  5 0.6755 0.1846 0.1398 
        D854  5 0.2452 0.2953 0.4595 
        D861  5 0.4736 0.2432 0.2832 
        D862  5 0.4588 0.1320 0.4092 
        D865  5 0.8507 0.0821 0.0672 
        D868  5 0.2222 0.2270 0.5509 
        D869  5 0.0688 0.8213 0.1099 
        D870  5 0.0540 0.5901 0.3559 
        D907  5 0.7875 0.1504 0.0621 
        D908  5 0.8104 0.1111 0.0785 
        D910  5 0.7335 0.0677 0.1988 
        D911  5 0.2595 0.0626 0.6779 
        D934  5 0.6142 0.1291 0.2567 
        D946  5 0.6757 0.2425 0.0817 
        D947  5 0.3834 0.3426 0.2739 
        D948  5 0.1943 0.7123 0.0934 
        D949  5 0.1268 0.8072 0.0660 
        D950  5 0.2684 0.0694 0.6622 
        D951  5 0.1045 0.1378 0.7578 
        D952  5 0.3074 0.1415 0.5512 
        D953  5 0.7807 0.1239 0.0954 
        D954  5 0.4644 0.1130 0.4226 
        D961  5 0.5187 0.3908 0.0905 
        D962  5 0.7834 0.1239 0.0927 
        D963  5 0.4444 0.1098 0.4458 
        D964  5 0.4272 0.4351 0.1377 
        D965  5 0.3084 0.3215 0.3701 
        D966  5 0.6078 0.0979 0.2943 
        D967  5 0.6552 0.2124 0.1324 
        D991  5 0.2926 0.5040 0.2034 
        D502  6 0.1145 0.5657 0.3198 
        D503  6 0.2894 0.6086 0.1020 
        D504  6 0.2049 0.1616 0.6335 
        D505  6 0.5112 0.1741 0.3147 
        D506  6 0.8507 0.0844 0.0649 
        D507  6 0.2614 0.3472 0.3914 
        D508  6 0.3588 0.2463 0.3949 
        D529  6 0.3324 0.4016 0.2660 
        D530  6 0.4800 0.4001 0.1199 
        D531  6 0.3397 0.2744 0.3860 
        D532  6 0.4132 0.1472 0.4396 
        D534  6 0.0656 0.7922 0.1423 
        D535  6 0.5208 0.1370 0.3422 
        D536  6 0.0867 0.3740 0.5393 
        D554  6 0.4905 0.3404 0.1691 
        D587  6 0.7393 0.0891 0.1715 
        D588  6 0.4448 0.0938 0.4614 
        D589  6 0.5422 0.2338 0.2241 
        D590  6 0.1388 0.1269 0.7343 
        D591  6 0.6246 0.1985 0.1769 
        D592  6 0.1298 0.7623 0.1080 
        D593  6 0.5926 0.3062 0.1012 
        D682  6 0.8099 0.1219 0.0682 
        D683  6 0.3976 0.2004 0.4020 
        D684  6 0.0845 0.5721 0.3434 
        D685  6 0.5268 0.3631 0.1101 
        D686  6 0.6302 0.2201 0.1497 
        D724  6 0.1715 0.4299 0.3986 
        D725  6 0.5078 0.2179 0.2743 
        D726  6 0.8117 0.1109 0.0775 
        D727  6 0.1411 0.0808 0.7781 
        D728  6 0.6745 0.1836 0.1419 
        D729  6 0.0426 0.2809 0.6765 
        D730  6 0.1865 0.5389 0.2746 
        D731  6 0.9188 0.0357 0.0456 
        D732  6 0.1959 0.1876 0.6165 
        D733  6 0.3522 0.4217 0.2261 
     D237251  7 0.7317 0.1541 0.1142 
     D237252  7 0.1226 0.7571 0.1203 
     D237253  7 0.6799 0.1592 0.1608 
     D237254  7 0.0385 0.8763 0.0852 
     D237255  7 0.7394 0.1081 0.1525 
     D237256  7 0.2961 0.1391 0.5648 
     D237257  7 0.1458 0.6404 0.2138 
     D237282  7 0.0496 0.1704 0.7800 
     D237283  7 0.0625 0.8909 0.0466 
     D237284  7 0.0471 0.8485 0.1044 
     D237285  7 0.5845 0.2295 0.1860 
     D237286  7 0.3923 0.1775 0.4302 
     D237287  7 0.1624 0.1746 0.6630 
     D244006  7 0.0371 0.8570 0.1059 
     D244007  7 0.0919 0.1360 0.7721 
     D244008  7 0.0903 0.8548 0.0549 
     D244009  7 0.1413 0.7336 0.1251 
     D244010  7 0.1633 0.6592 0.1775 
     D244011  7 0.5412 0.3045 0.1542 
     D244012  7 0.1753 0.4413 0.3834 
     D244013  7 0.5300 0.1712 0.2988 
     D244014  7 0.2855 0.4985 0.2160 
     D244015  7 0.0507 0.5307 0.4186 
     D244125  7 0.6901 0.0836 0.2263 
     D244126  7 0.0268 0.9303 0.0429 
     D244130  7 0.2366 0.5332 0.2302 
     D244131  7 0.3632 0.2663 0.3705 
     D244132  7 0.4942 0.1815 0.3243 
        D520  7 0.3639 0.4948 0.1413 
        D521  7 0.1791 0.4692 0.3517 
        D522  7 0.1217 0.5993 0.2790 
        D523  7 0.6630 0.1715 0.1655 
        D524  7 0.5756 0.2650 0.1594 
        D525  7 0.2966 0.6026 0.1008 
        D526  7 0.0451 0.8484 0.1064 
        D527  7 0.3618 0.3377 0.3005 
        D528  7 0.0347 0.5332 0.4321 
        D558  7 0.0717 0.3113 0.6171 
        D559  7 0.0796 0.2786 0.6418 
        D640  7 0.7135 0.1183 0.1682 
        D641  7 0.6944 0.2216 0.0840 
        D642  7 0.1277 0.6655 0.2068 
        D644  7 0.4804 0.3839 0.1357 
        D645  7 0.3629 0.3769 0.2601 
        D662  7 0.1283 0.6652 0.2065 
        D687  7 0.4467 0.2779 0.2755 
        D688  7 0.0847 0.3299 0.5855 
        D689  7 0.7317 0.1339 0.1344 
        D700  7 0.0362 0.4575 0.5063 
        D797  7 0.4958 0.2783 0.2259 
        D798  7 0.0767 0.7723 0.1509 
        D799  7 0.5078 0.3739 0.1182 
        D800  7 0.0775 0.3218 0.6007 
        D132  8 0.0611 0.8455 0.0934 
        D133  8 0.0904 0.3295 0.5801 
        D200  8 0.4735 0.3769 0.1496 
        D500  8 0.0435 0.9159 0.0406 
        D614  8 0.5609 0.2947 0.1444 
        D723  8 0.0903 0.3413 0.5685 
        D888  8 0.8003 0.0853 0.1144 
        D901  8 0.1310 0.7999 0.0691 
        D902  8 0.6548 0.2096 0.1355 
        D903  8 0.1969 0.0851 0.7180 
        D904  8 0.1913 0.3437 0.4651 
        D905  8 0.9376 0.0346 0.0279 
        D906  8 0.1726 0.2220 0.6054 
        D937  8 0.8476 0.1086 0.0438 
        D943  8 0.1402 0.5724 0.2874 
        D972  8 0.0834 0.5632 0.3534 
        D973  8 0.0676 0.3214 0.6110 
        D974  8 0.3302 0.3893 0.2805 
        D975  8 0.5108 0.3185 0.1707 
        D976  8 0.4105 0.3935 0.1960 
        D201  9 0.2866 0.3956 0.3179 
        D202  9 0.4433 0.4399 0.1167 
     D237259  9 0.0408 0.2070 0.7523 
     D237260  9 0.3102 0.5643 0.1255 
     D237262  9 0.0676 0.8874 0.0450 
     D237263  9 0.1623 0.6724 0.1653 
     D237264  9 0.2947 0.4513 0.2539 
     D237265  9 0.6888 0.2259 0.0853 
     D237266  9 0.0964 0.3176 0.5860 
     D237267  9 0.4127 0.4096 0.1777 
     D237268  9 0.1557 0.7155 0.1288 
     D237289  9 0.6313 0.2182 0.1506 
     D237290  9 0.5598 0.2788 0.1614 
     D237291  9 0.5194 0.2348 0.2458 
     D237292  9 0.1181 0.5670 0.3149 
     D237293  9 0.2783 0.5491 0.1726 
     D237294  9 0.1763 0.7839 0.0397 
     D237295  9 0.3183 0.4265 0.2552 
     D237296  9 0.4607 0.4219 0.1174 
     D237297  9 0.6613 0.1649 0.1738 
     D237298  9 0.1739 0.3625 0.4636 
     D237341  9 0.4219 0.2734 0.3046 
     D237342  9 0.1416 0.7521 0.1062 
     D237343  9 0.1445 0.6252 0.2303 
     D237344  9 0.6946 0.1828 0.1226 
     D237345  9 0.0319 0.9025 0.0656 
     D237346  9 0.6356 0.2511 0.1132 
     D237347  9 0.7444 0.1207 0.1349 
     D237348  9 0.3041 0.4404 0.2555 
     D237349  9 0.0437 0.1839 0.7725 
     D244109  9 0.0647 0.3115 0.6238 
     D244110  9 0.2324 0.3689 0.3987 
     D244111  9 0.2551 0.2943 0.4505 
     D244128  9 0.0585 0.8657 0.0758 
     D244137  9 0.0900 0.1775 0.7326 
     D244138  9 0.5627 0.2688 0.1685 
        D580  9 0.0629 0.8151 0.1220 
        D581  9 0.3431 0.3982 0.2587 
        D582  9 0.0532 0.9038 0.0430 
        D583  9 0.2433 0.5263 0.2304 
        D584  9 0.4409 0.4578 0.1013 
        D585  9 0.1880 0.7063 0.1057 
        D586  9 0.8903 0.0565 0.0532 
        D651  9 0.2295 0.1315 0.6390 
        D652  9 0.0555 0.3805 0.5640 
        D653  9 0.1932 0.0859 0.7209 
        D654  9 0.0623 0.1991 0.7386 
        D655  9 0.7944 0.1063 0.0993 
        D656  9 0.0545 0.8126 0.1329 
        D657  9 0.1751 0.5500 0.2748 
        D667  9 0.8574 0.0734 0.0693 
        D668  9 0.3440 0.5068 0.1492 
        D669  9 0.4360 0.3448 0.2192 
        D670  9 0.0838 0.1264 0.7898 
        D671  9 0.2616 0.2994 0.4391 
        D672  9 0.0788 0.8406 0.0806 
        D673  9 0.4191 0.4594 0.1215 
        D692  9 0.0714 0.6142 0.3144 
        D693  9 0.3972 0.3888 0.2140 
        D694  9 0.0898 0.8484 0.0617 
        D695  9 0.2271 0.5619 0.2110 
        D696  9 0.9034 0.0479 0.0487 
        D697  9 0.6472 0.1436 0.2092 
        D698  9 0.5793 0.2117 0.2090 
        D699  9 0.7237 0.2146 0.0617 
        D787  9 0.1066 0.3634 0.5300 
        D788  9 0.5138 0.3445 0.1417 
        D789  9 0.2799 0.5975 0.1227 
        D790  9 0.2402 0.3140 0.4458 
        D791  9 0.6464 0.2396 0.1139 
        D792  9 0.1114 0.2039 0.6847 
        D793  9 0.7314 0.0764 0.1922 
        D794  9 0.3723 0.1739 0.4538 
        D795  9 0.1938 0.7719 0.0343 
        D796  9 0.6587 0.2189 0.1224 
        D142 10 0.5713 0.1617 0.2670 
        D143 10 0.1538 0.1501 0.6961 
        D144 10 0.3945 0.3781 0.2275 
        D145 10 0.6663 0.1609 0.1729 
        D146 10 0.0879 0.8113 0.1009 
        D147 10 0.0997 0.5298 0.3706 
        D148 10 0.1698 0.4507 0.3795 
        D149 10 0.2295 0.2232 0.5473 
        D151 10 0.2437 0.5603 0.1960 
        D152 10 0.4028 0.1469 0.4504 
        D153 10 0.2878 0.2950 0.4171 
        D156 10 0.1332 0.1275 0.7393 
        D157 10 0.6005 0.3073 0.0922 
        D158 10 0.5482 0.3838 0.0680 
        D159 10 0.1109 0.0599 0.8292 
        D160 10 0.9397 0.0347 0.0257 
        D161 10 0.2885 0.2459 0.4656 
        D162 10 0.3001 0.0921 0.6078 
        D169 10 0.0952 0.7649 0.1399 
        D170 10 0.1139 0.7813 0.1048 
        D171 10 0.3738 0.3765 0.2497 
        D172 10 0.1669 0.4550 0.3780 
        D173 10 0.0380 0.0562 0.9058 
        D181 10 0.6571 0.1218 0.2211 
        D182 10 0.2191 0.3695 0.4114 
        D183 10 0.7704 0.1643 0.0653 
        D184 10 0.0308 0.8971 0.0721 
        D185 10 0.2025 0.2954 0.5021 
        D186 10 0.0682 0.8822 0.0496 
        D194 10 0.1288 0.6777 0.1935 
        D195 10 0.6088 0.1104 0.2808 
        D196 10 0.3378 0.0806 0.5815 
        D197 10 0.1236 0.7778 0.0986 
        D198 10 0.2837 0.3592 0.3571 
     D237226 10 0.4407 0.3112 0.2481 
     D237232 10 0.7592 0.1334 0.1074 
     D237233 10 0.5877 0.2583 0.1541 
     D237234 10 0.5834 0.2249 0.1917 
     D237354 10 0.8286 0.0565 0.1149 
     D237355 10 0.8228 0.0745 0.1028 
     D237356 10 0.3719 0.3099 0.3181 
     D237357 10 0.1591 0.3475 0.4934 
     D237358 10 0.0749 0.2477 0.6774 
     D237369 10 0.0346 0.8366 0.1288 
     D237370 10 0.7361 0.1254 0.1385 
     D237371 10 0.1804 0.3994 0.4202 
     D237372 10 0.1144 0.5469 0.3388 
     D237373 10 0.7976 0.1239 0.0784 
     D237374 10 0.9053 0.0473 0.0474 
     D237375 10 0.1253 0.2446 0.6301 
     D237400 10 0.3901 0.1578 0.4521 
     D244002 10 0.0433 0.6311 0.3256 
     D244003 10 0.8957 0.0727 0.0316 
     D244004 10 0.9156 0.0560 0.0284 
     D244005 10 0.5073 0.3237 0.1690 
     D244020 10 0.5595 0.1843 0.2562 
     D244021 10 0.1066 0.6587 0.2347 
     D244116 10 0.1234 0.6440 0.2326 
     D244117 10 0.7592 0.1209 0.1199 
     D244121 10 0.7090 0.2033 0.0877 
     D244123 10 0.7605 0.1429 0.0966 
     D244124 10 0.2347 0.6243 0.1410 
        D332 10 0.1181 0.1322 0.7497 
        D570 10 0.7212 0.1425 0.1363 
        D602 10 0.0534 0.0992 0.8474 
        D603 10 0.4637 0.3643 0.1720 
        D604 10 0.1731 0.0770 0.7499 
        D605 10 0.2129 0.3136 0.4734 
        D606 10 0.2459 0.6750 0.0791 
        D607 10 0.0549 0.0781 0.8671 
        D608 10 0.0420 0.0430 0.9150 
        D609 10 0.6530 0.1925 0.1545 
        D610 10 0.6325 0.1135 0.2540 
        D611 10 0.9287 0.0386 0.0326 
        D613 10 0.3507 0.1341 0.5153 
        D633 10 0.0864 0.1700 0.7437 
        D634 10 0.4813 0.3147 0.2040 
        D638 10 0.5456 0.1453 0.3091 
        D681 10 0.3216 0.5441 0.1343 
        D754 10 0.2521 0.6918 0.0561 
        D755 10 0.8579 0.0899 0.0522 
        D756 10 0.6177 0.2970 0.0853 
        D757 10 0.3646 0.3501 0.2853 
        D758 10 0.3127 0.4522 0.2351 
        D759 10 0.7840 0.0917 0.1243 
        D760 10 0.5988 0.1422 0.2590 
        D761 10 0.9214 0.0407 0.0379 
        D762 10 0.1211 0.1399 0.7391 
        D775 10 0.8742 0.0829 0.0428 
        D776 10 0.8091 0.0776 0.1133 
        D777 10 0.7573 0.1614 0.0813 
        D778 10 0.5297 0.3360 0.1343 
        D779 10 0.4295 0.4682 0.1023 
        D780 10 0.4925 0.1772 0.3303 
        D781 10 0.1002 0.1902 0.7096 
        D858 10 0.0530 0.8955 0.0516 
        D933 10 0.5261 0.0787 0.3952 
        D038 11 0.6346 0.2159 0.1495 
        D063 11 0.6370 0.2033 0.1597 
        D155 11 0.7200 0.1130 0.1670 
        D175 11 0.3676 0.5511 0.0813 
        D176 11 0.5074 0.2759 0.2167 
        D205 11 0.4874 0.4245 0.0881 
     D237229 11 0.0712 0.3767 0.5521 
     D237230 11 0.0364 0.1210 0.8426 
     D237231 11 0.0588 0.0896 0.8517 
     D237269 11 0.2712 0.2092 0.5195 
     D237270 11 0.0746 0.7987 0.1267 
     D237271 11 0.4577 0.3216 0.2207 
     D237272 11 0.0638 0.2703 0.6659 
     D237273 11 0.7444 0.1514 0.1042 
     D237301 11 0.1771 0.1082 0.7146 
     D237302 11 0.1823 0.5487 0.2689 
     D237303 11 0.0479 0.6428 0.3092 
     D237304 11 0.1992 0.4287 0.3721 
     D237305 11 0.1391 0.7880 0.0728 
     D237314 11 0.6309 0.2271 0.1420 
     D237315 11 0.1345 0.7275 0.1380 
     D237316 11 0.1326 0.1148 0.7526 
     D237328 11 0.1517 0.4381 0.4102 
     D237329 11 0.3120 0.3652 0.3227 
     D237330 11 0.8009 0.1214 0.0777 
     D237331 11 0.7516 0.1197 0.1287 
     D237332 11 0.3560 0.3036 0.3404 
     D237333 11 0.8346 0.0546 0.1108 
     D237334 11 0.1418 0.1168 0.7414 
     D237335 11 0.3002 0.4296 0.2702 
     D237336 11 0.7185 0.2025 0.0790 
     D237350 11 0.4909 0.1638 0.3454 
     D237383 11 0.3851 0.5124 0.1025 
     D237384 11 0.2096 0.4246 0.3658 
     D237385 11 0.2524 0.3875 0.3601 
     D237386 11 0.1841 0.1465 0.6694 
     D237387 11 0.1220 0.3871 0.4909 
     D237388 11 0.7251 0.1165 0.1584 
        D239 11 0.7057 0.1350 0.1593 
        D240 11 0.5679 0.2601 0.1720 
        D241 11 0.1706 0.3519 0.4776 
        D242 11 0.1851 0.2123 0.6026 
        D243 11 0.7209 0.1904 0.0887 
        D244 11 0.7951 0.1537 0.0512 
        D245 11 0.0702 0.6863 0.2436 
        D246 11 0.3769 0.4165 0.2067 
        D247 11 0.2061 0.4184 0.3755 
        D248 11 0.1700 0.0909 0.7391 
        D249 11 0.2998 0.5943 0.1059 
        D250 11 0.3137 0.0661 0.6202 
        D251 11 0.5570 0.2886 0.1544 
        D252 11 0.2010 0.3614 0.4377 
        D253 11 0.7216 0.2087 0.0696 
        D254 11 0.0517 0.5889 0.3594 
        D255 11 0.4081 0.2080 0.3839 
        D256 11 0.5662 0.2428 0.1910 
        D257 11 0.1165 0.7729 0.1106 
        D258 11 0.1256 0.7403 0.1340 
        D259 11 0.0680 0.8494 0.0826 
        D260 11 0.2784 0.4566 0.2650 
        D261 11 0.4478 0.2404 0.3118 
        D262 11 0.1855 0.5680 0.2465 
        D263 11 0.4412 0.3370 0.2219 
        D264 11 0.1036 0.6704 0.2260 
        D265 11 0.2854 0.3591 0.3554 
        D266 11 0.5051 0.1099 0.3850 
        D267 11 0.5195 0.2946 0.1859 
        D268 11 0.6861 0.0779 0.2360 
        D269 11 0.2813 0.1601 0.5585 
        D270 11 0.1589 0.3632 0.4779 
        D271 11 0.3596 0.4646 0.1758 
        D272 11 0.3912 0.1990 0.4098 
        D273 11 0.0327 0.9157 0.0516 
        D274 11 0.4746 0.3083 0.2171 
        D275 11 0.3153 0.2514 0.4333 
        D276 11 0.5679 0.0956 0.3365 
        D277 11 0.3406 0.1867 0.4726 
        D278 11 0.3853 0.5021 0.1125 
        D282 11 0.1229 0.7759 0.1012 
        D296 11 0.5072 0.1580 0.3348 
        D297 11 0.3971 0.2815 0.3213 
        D298 11 0.4965 0.1339 0.3696 
        D299 11 0.6219 0.1867 0.1914 
        D300 11 0.5199 0.2174 0.2626 
        D382 11 0.4632 0.2415 0.2953 
        D383 11 0.5212 0.4230 0.0558 
        D387 11 0.6274 0.2143 0.1583 
        D388 11 0.1130 0.0903 0.7967 
        D389 11 0.4975 0.1632 0.3393 
        D390 11 0.2115 0.0744 0.7142 
        D396 11 0.2182 0.1077 0.6741 
        D397 11 0.1043 0.7955 0.1002 
        D398 11 0.5513 0.3408 0.1079 
        D399 11 0.0744 0.2251 0.7004 
        D437 11 0.1185 0.7325 0.1490 
        D441 11 0.7902 0.0741 0.1358 
        D442 11 0.4072 0.3312 0.2617 
        D443 11 0.8888 0.0434 0.0678 
        D444 11 0.2389 0.1778 0.5833 
        D445 11 0.0987 0.5002 0.4011 
        D446 11 0.0922 0.4322 0.4756 
        D451 11 0.3175 0.3368 0.3457 
        D452 11 0.3176 0.2361 0.4463 
        D453 11 0.1101 0.1536 0.7363 
        D454 11 0.1185 0.7044 0.1771 
        D457 11 0.3124 0.5427 0.1450 
        D458 11 0.5101 0.1747 0.3152 
        D466 11 0.1423 0.3468 0.5110 
        D467 11 0.6467 0.2000 0.1533 
        D475 11 0.0948 0.8265 0.0788 
        D488 11 0.1883 0.1288 0.6829 
        D489 11 0.1732 0.6192 0.2076 
        D493 11 0.1788 0.5069 0.3143 
        D494 11 0.1916 0.1498 0.6585 
        D495 11 0.1366 0.6315 0.2319 
        D496 11 0.8017 0.0605 0.1378 
        D674 11 0.6783 0.1562 0.1655 
        D675 11 0.7585 0.0418 0.1997 
        D676 11 0.2492 0.5947 0.1561 
        D680 11 0.7876 0.1629 0.0496 
        D701 11 0.2624 0.4394 0.2982 
        D702 11 0.0896 0.5952 0.3152 
        D703 11 0.3040 0.3064 0.3896 
        D704 11 0.4296 0.3060 0.2644 
        D705 11 0.0398 0.3961 0.5642 
        D706 11 0.3805 0.4969 0.1225 
        D707 11 0.2052 0.3816 0.4132 
        D751 11 0.3267 0.3173 0.3560 
        D752 11 0.6157 0.1915 0.1927 
        D753 11 0.0739 0.1495 0.7766 
        D773 11 0.0281 0.9349 0.0369 
        D774 11 0.2345 0.2433 0.5222 
        D801 11 0.5702 0.1104 0.3194 
        D802 11 0.1096 0.2488 0.6416 
        D803 11 0.8030 0.1179 0.0790 
        D804 11 0.2272 0.2930 0.4798 
        D805 11 0.3239 0.3682 0.3079 
        D806 11 0.0505 0.8691 0.0804 
        D809 11 0.5505 0.1833 0.2662 
        D810 11 0.7826 0.0702 0.1472 
        D812 11 0.1789 0.5105 0.3106 
        D813 11 0.6329 0.1646 0.2025 
        D823 11 0.4540 0.2606 0.2854 
        D824 11 0.5229 0.2309 0.2461 
        D829 11 0.1847 0.0822 0.7332 
        D830 11 0.0897 0.4538 0.4565 
        D831 11 0.3772 0.3654 0.2574 
        D832 11 0.3501 0.3827 0.2671 
        D833 11 0.4768 0.1149 0.4084 
        D834 11 0.3724 0.1813 0.4462 
        D835 11 0.1706 0.7156 0.1138 
        D855 11 0.4399 0.2686 0.2915 
        D863 11 0.9050 0.0442 0.0508 
        D864 11 0.6110 0.2344 0.1546 
        D878 11 0.6569 0.1633 0.1798 
        D879 11 0.1018 0.7497 0.1485 
        D880 11 0.2676 0.0543 0.6781 
        D881 11 0.8666 0.0790 0.0543 
        D882 11 0.3096 0.1584 0.5319 
        D909 11 0.2440 0.1761 0.5800 
        D921 11 0.5779 0.2024 0.2197 
        D924 11 0.5605 0.0789 0.3606 
        D935 11 0.1308 0.2087 0.6605 
        D940 11 0.8712 0.0547 0.0741 
        D941 11 0.5978 0.1403 0.2619 
        D942 11 0.0403 0.8915 0.0683 
        D980 11 0.1384 0.2409 0.6207 
        D981 11 0.1146 0.7543 0.1311 
        D982 11 0.1298 0.0915 0.7786 
        D983 11 0.6316 0.1174 0.2509 
        D984 11 0.3278 0.1214 0.5507 
        D992 11 0.0837 0.7885 0.1278 
        D993 11 0.5551 0.1638 0.2811 
        D994 11 0.4770 0.3542 0.1687 
        D995 11 0.2092 0.6615 0.1294 
        H354 11 0.0615 0.5226 0.4159 
        D005 12 0.0848 0.5412 0.3740 
        D035 12 0.6344 0.2013 0.1643 
        D067 12 0.4275 0.1684 0.4041 
        D134 12 0.5160 0.3336 0.1503 
        D135 12 0.4051 0.2840 0.3109 
        D136 12 0.0608 0.1699 0.7693 
        D137 12 0.1276 0.1863 0.6861 
        D138 12 0.4449 0.2463 0.3088 
        D139 12 0.2334 0.1038 0.6628 
        D140 12 0.4286 0.2715 0.2999 
        D141 12 0.0309 0.9271 0.0420 
        D150 12 0.1574 0.7637 0.0789 
        D177 12 0.4201 0.1836 0.3963 
        D178 12 0.0376 0.0884 0.8740 
        D179 12 0.0790 0.2508 0.6703 
        D180 12 0.0763 0.2118 0.7119 
        D187 12 0.6445 0.2142 0.1413 
        D188 12 0.0468 0.9179 0.0353 
        D191 12 0.0854 0.8639 0.0507 
        D418 12 0.0594 0.8539 0.0867 
        D601 12 0.0787 0.6861 0.2352 
        D836 12 0.0767 0.8211 0.1022 
        D837 12 0.3114 0.2895 0.3990 
        D838 12 0.8153 0.0626 0.1221 
        D839 12 0.2207 0.1835 0.5958 
        D840 12 0.4627 0.1185 0.4188 
        D841 12 0.4768 0.3798 0.1434 
        D842 12 0.0410 0.9276 0.0315 
        D843 12 0.5592 0.2139 0.2269 
        D844 12 0.1233 0.6697 0.2070 
        D912 12 0.4353 0.0894 0.4752 
        D913 12 0.2369 0.0779 0.6852 
