        D174  1 0.0149 0.0696 0.3090 0.0621 0.0726 0.0773 0.0776 0.0901 0.0928 0.0235 0.0261 0.0844 
        D199  1 0.0347 0.0905 0.0917 0.1172 0.0900 0.0255 0.0947 0.0224 0.0850 0.1120 0.1311 0.1053 
        D203  1 0.0308 0.0378 0.0518 0.1984 0.0728 0.0871 0.0752 0.1145 0.0400 0.0932 0.1193 0.0791 
        D204  1 0.0643 0.0158 0.0156 0.7280 0.0258 0.0231 0.0206 0.0171 0.0251 0.0162 0.0190 0.0294 
     D237366  1 0.0639 0.3675 0.0429 0.0381 0.0475 0.0174 0.0752 0.1253 0.0663 0.0401 0.0425 0.0732 
     D237367  1 0.0367 0.1562 0.0332 0.1982 0.0666 0.0328 0.0930 0.0557 0.1253 0.0203 0.0591 0.1229 
     D237368  1 0.0476 0.3433 0.1105 0.1405 0.0264 0.0424 0.0645 0.0265 0.0570 0.0255 0.0484 0.0675 
     D244101  1 0.3930 0.0165 0.0149 0.1231 0.0269 0.0223 0.0799 0.0168 0.0606 0.1193 0.0513 0.0755 
     D244102  1 0.0570 0.0581 0.0329 0.0548 0.3312 0.0922 0.0679 0.0517 0.0834 0.0544 0.0366 0.0799 
     D244103  1 0.0366 0.1071 0.0312 0.0785 0.0682 0.0253 0.1547 0.0957 0.1896 0.0303 0.0307 0.1521 
     D244104  1 0.0216 0.0307 0.0740 0.6086 0.0128 0.0355 0.0311 0.0206 0.0659 0.0366 0.0283 0.0342 
     D244105  1 0.0202 0.0851 0.0138 0.0251 0.0290 0.0890 0.1484 0.2614 0.1193 0.0334 0.0185 0.1567 
     D244106  1 0.0172 0.0185 0.4357 0.0781 0.0433 0.0200 0.0484 0.1569 0.0440 0.0335 0.0572 0.0471 
     D244107  1 0.0864 0.2957 0.0159 0.0310 0.0169 0.1574 0.0920 0.0239 0.0893 0.0226 0.0645 0.1045 
     D244108  1 0.0218 0.0210 0.2725 0.0336 0.0732 0.3268 0.0577 0.0329 0.0354 0.0364 0.0319 0.0568 
     D244113  1 0.0478 0.0226 0.2670 0.0144 0.4019 0.0239 0.0423 0.0149 0.0696 0.0167 0.0334 0.0454 
     D244114  1 0.0268 0.0299 0.0574 0.0385 0.0272 0.0344 0.1697 0.2392 0.1142 0.0710 0.0235 0.1682 
     D244115  1 0.0218 0.0407 0.1841 0.1228 0.0359 0.1586 0.1171 0.0514 0.0917 0.0337 0.0227 0.1195 
     D267365  1 0.0356 0.0892 0.1349 0.2822 0.0405 0.0312 0.0643 0.0279 0.0769 0.1425 0.0210 0.0537 
        D404  1 0.0653 0.0155 0.1249 0.0204 0.5463 0.0473 0.0361 0.0233 0.0393 0.0178 0.0333 0.0305 
        D405  1 0.0376 0.0226 0.0305 0.0761 0.5284 0.0490 0.0564 0.0340 0.0468 0.0295 0.0506 0.0384 
        D406  1 0.0426 0.5359 0.0431 0.0595 0.0269 0.1138 0.0415 0.0271 0.0286 0.0198 0.0176 0.0437 
        D407  1 0.0148 0.1635 0.0213 0.4604 0.0308 0.0153 0.0694 0.0239 0.0771 0.0160 0.0589 0.0485 
        D408  1 0.0278 0.0212 0.3207 0.0463 0.0884 0.0604 0.0834 0.0173 0.1310 0.1324 0.0172 0.0540 
        D409  1 0.0341 0.0569 0.0370 0.0628 0.0356 0.0366 0.1889 0.0227 0.2297 0.0668 0.0341 0.1947 
        D410  1 0.0291 0.0214 0.0188 0.0509 0.0221 0.7401 0.0266 0.0187 0.0241 0.0142 0.0096 0.0244 
        D421  1 0.0107 0.0112 0.0171 0.8518 0.0092 0.0089 0.0160 0.0104 0.0135 0.0113 0.0256 0.0143 
        D422  1 0.0146 0.7126 0.0123 0.0385 0.0146 0.0207 0.0350 0.0437 0.0379 0.0216 0.0180 0.0304 
        D423  1 0.0155 0.0528 0.0143 0.0661 0.0219 0.6034 0.0546 0.0316 0.0381 0.0146 0.0500 0.0371 
        D424  1 0.0201 0.0332 0.0320 0.5484 0.0253 0.0158 0.1023 0.0426 0.0733 0.0128 0.0148 0.0793 
        D425  1 0.0202 0.0240 0.0623 0.2760 0.0980 0.0840 0.1302 0.0520 0.1053 0.0237 0.0189 0.1055 
        D426  1 0.0179 0.0958 0.0209 0.0331 0.0123 0.0111 0.1692 0.0183 0.2553 0.1125 0.0161 0.2376 
        D427  1 0.0126 0.0182 0.1791 0.3158 0.0089 0.0148 0.0209 0.0176 0.0234 0.0200 0.3456 0.0231 
        D428  1 0.0659 0.0905 0.1266 0.1959 0.1210 0.0640 0.0908 0.0194 0.0898 0.0296 0.0284 0.0781 
        D429  1 0.0243 0.0245 0.0952 0.3806 0.0572 0.0326 0.0676 0.1675 0.0499 0.0312 0.0181 0.0514 
        D430  1 0.0192 0.0395 0.0981 0.0573 0.0866 0.0274 0.1271 0.1263 0.1222 0.1102 0.0482 0.1378 
        D491  1 0.0275 0.0215 0.5987 0.0571 0.0349 0.0437 0.0504 0.0254 0.0517 0.0316 0.0106 0.0469 
        D492  1 0.0417 0.0845 0.0728 0.2114 0.1050 0.0364 0.1516 0.0474 0.0949 0.0212 0.0362 0.0969 
        D537  1 0.0561 0.0676 0.0235 0.3902 0.0778 0.0613 0.0568 0.0596 0.0688 0.0120 0.0325 0.0939 
        D538  1 0.0532 0.0851 0.0823 0.0436 0.1550 0.1260 0.1040 0.0375 0.0971 0.0310 0.0650 0.1201 
        D539  1 0.0345 0.0320 0.0767 0.0280 0.0586 0.0437 0.0767 0.2766 0.0783 0.1956 0.0272 0.0720 
        D540  1 0.0226 0.0609 0.0297 0.1673 0.0345 0.0521 0.1481 0.0399 0.2203 0.0505 0.0166 0.1573 
        D541  1 0.0140 0.0165 0.0112 0.8525 0.0109 0.0142 0.0150 0.0126 0.0135 0.0130 0.0111 0.0154 
        D551  1 0.0187 0.0536 0.0283 0.0381 0.0253 0.0192 0.1986 0.1334 0.1554 0.0905 0.0568 0.1820 
        D552  1 0.0724 0.0441 0.1707 0.1186 0.0166 0.1477 0.0958 0.0632 0.1053 0.0378 0.0270 0.1010 
        D553  1 0.0166 0.0147 0.0135 0.8474 0.0080 0.0141 0.0136 0.0114 0.0184 0.0176 0.0105 0.0142 
        D615  1 0.0201 0.0333 0.0462 0.4285 0.0509 0.0770 0.0793 0.0688 0.0550 0.0446 0.0448 0.0515 
        D616  1 0.0228 0.0822 0.0370 0.2466 0.0217 0.0902 0.1133 0.0443 0.0789 0.0710 0.0645 0.1276 
        D621  1 0.2586 0.1727 0.0814 0.0125 0.0542 0.1672 0.0487 0.0356 0.0658 0.0282 0.0208 0.0543 
        D622  1 0.0416 0.3421 0.0300 0.0284 0.0259 0.1491 0.0826 0.0704 0.0840 0.0268 0.0197 0.0995 
        D623  1 0.1377 0.0221 0.1624 0.0191 0.2451 0.0564 0.0552 0.0150 0.0477 0.0425 0.1366 0.0602 
        D624  1 0.0102 0.0289 0.6523 0.0343 0.0183 0.0163 0.0646 0.0223 0.0494 0.0258 0.0137 0.0641 
        D625  1 0.0583 0.0412 0.0411 0.5942 0.0209 0.0428 0.0403 0.0347 0.0366 0.0196 0.0129 0.0574 
        D626  1 0.0196 0.0780 0.2271 0.0429 0.0405 0.1198 0.0880 0.0798 0.1379 0.0398 0.0304 0.0962 
        D627  1 0.0219 0.0509 0.0305 0.0679 0.0157 0.0123 0.2190 0.0495 0.1698 0.1648 0.0183 0.1792 
        D690  1 0.0248 0.0366 0.0413 0.7387 0.0144 0.0486 0.0202 0.0157 0.0227 0.0119 0.0089 0.0162 
        D691  1 0.0180 0.4813 0.0466 0.0664 0.0143 0.0736 0.0392 0.1489 0.0308 0.0269 0.0150 0.0392 
        D710  1 0.1371 0.1038 0.1111 0.1578 0.0347 0.0640 0.1059 0.0211 0.0939 0.0330 0.0305 0.1072 
        D711  1 0.0341 0.0242 0.0230 0.7480 0.0291 0.0238 0.0218 0.0222 0.0209 0.0149 0.0188 0.0191 
        D712  1 0.0324 0.0754 0.4577 0.0233 0.0795 0.0299 0.0591 0.0266 0.0646 0.0596 0.0369 0.0550 
        D713  1 0.0826 0.0695 0.0958 0.0936 0.2622 0.0482 0.0946 0.0521 0.0724 0.0211 0.0134 0.0946 
        D746  1 0.0229 0.6248 0.0264 0.0772 0.0124 0.0423 0.0371 0.0443 0.0366 0.0155 0.0214 0.0391 
        D747  1 0.0248 0.0155 0.0137 0.8431 0.0106 0.0116 0.0142 0.0111 0.0124 0.0168 0.0149 0.0112 
        D748  1 0.0479 0.1441 0.0386 0.2046 0.0275 0.0922 0.0460 0.2606 0.0420 0.0230 0.0136 0.0599 
        D749  1 0.0503 0.1787 0.0579 0.0172 0.0480 0.0582 0.2146 0.0609 0.0983 0.0223 0.0253 0.1684 
        D750  1 0.0396 0.0355 0.5074 0.1294 0.0244 0.0731 0.0361 0.0309 0.0369 0.0275 0.0180 0.0412 
        D763  1 0.1509 0.0808 0.0200 0.0374 0.0334 0.0303 0.1279 0.0747 0.1370 0.1234 0.0679 0.1162 
        D764  1 0.0161 0.0495 0.1853 0.4592 0.0156 0.0744 0.0563 0.0229 0.0393 0.0206 0.0129 0.0480 
        D765  1 0.0143 0.0475 0.1020 0.0258 0.0331 0.5082 0.0766 0.0608 0.0321 0.0259 0.0155 0.0584 
        D766  1 0.1044 0.0628 0.0288 0.0493 0.0337 0.4048 0.0662 0.0607 0.0779 0.0144 0.0220 0.0750 
        D767  1 0.1552 0.0820 0.0252 0.0722 0.2424 0.0628 0.0794 0.0713 0.0571 0.0222 0.0615 0.0686 
        D768  1 0.0131 0.0237 0.0129 0.8026 0.0113 0.0208 0.0247 0.0228 0.0197 0.0126 0.0151 0.0208 
        D811  1 0.0139 0.0145 0.0635 0.0166 0.4668 0.1252 0.0552 0.0252 0.1410 0.0166 0.0135 0.0480 
        D816  1 0.0154 0.0182 0.0189 0.8091 0.0181 0.0126 0.0242 0.0175 0.0204 0.0148 0.0117 0.0191 
        D825  1 0.0200 0.0303 0.0973 0.0761 0.1191 0.2752 0.1067 0.0427 0.0991 0.0220 0.0135 0.0981 
        D866  1 0.0147 0.0200 0.1184 0.0353 0.0319 0.0602 0.0609 0.0611 0.0583 0.3813 0.0707 0.0875 
        D867  1 0.0998 0.5856 0.0163 0.0171 0.0346 0.0229 0.0428 0.0370 0.0448 0.0165 0.0352 0.0473 
        D871  1 0.0388 0.0433 0.0479 0.0524 0.0264 0.0210 0.1710 0.0356 0.2465 0.0812 0.0147 0.2212 
        D872  1 0.0470 0.0552 0.0381 0.1295 0.1912 0.2288 0.0806 0.0275 0.0691 0.0214 0.0383 0.0733 
        D873  1 0.0522 0.0326 0.0129 0.0085 0.0698 0.7144 0.0220 0.0162 0.0166 0.0093 0.0265 0.0190 
        D874  1 0.6165 0.0154 0.0866 0.0563 0.0310 0.0162 0.0280 0.0306 0.0402 0.0308 0.0167 0.0316 
        D875  1 0.0265 0.0703 0.0194 0.0332 0.0262 0.0658 0.1872 0.0790 0.2146 0.0518 0.0121 0.2138 
        D876  1 0.0723 0.0532 0.1209 0.3162 0.0298 0.0553 0.0829 0.0404 0.0795 0.0450 0.0210 0.0834 
        D877  1 0.0496 0.0113 0.0438 0.0210 0.7127 0.0162 0.0383 0.0230 0.0271 0.0120 0.0155 0.0296 
        D892  1 0.0308 0.0933 0.1643 0.2236 0.0468 0.0488 0.0563 0.1921 0.0491 0.0191 0.0147 0.0613 
        D893  1 0.0364 0.0352 0.0163 0.5929 0.0155 0.0301 0.0438 0.0516 0.0558 0.0436 0.0251 0.0537 
        D894  1 0.0355 0.0342 0.0420 0.5969 0.0227 0.0171 0.0491 0.0723 0.0316 0.0269 0.0226 0.0490 
        D915  1 0.0240 0.0404 0.0395 0.4233 0.0204 0.1354 0.0444 0.1171 0.0527 0.0304 0.0207 0.0519 
        D916  1 0.0128 0.0128 0.0153 0.8650 0.0077 0.0143 0.0131 0.0151 0.0102 0.0109 0.0095 0.0133 
        D917  1 0.1406 0.0411 0.1512 0.0855 0.0607 0.0218 0.1069 0.0250 0.0964 0.1079 0.0475 0.1154 
        D925  1 0.0136 0.0368 0.0818 0.2295 0.0261 0.4436 0.0395 0.0192 0.0405 0.0231 0.0188 0.0275 
        D926  1 0.0721 0.0295 0.0506 0.3131 0.0287 0.0299 0.1203 0.0612 0.0917 0.0277 0.0199 0.1554 
        D927  1 0.0382 0.0644 0.0438 0.1954 0.0295 0.0171 0.1106 0.0421 0.0889 0.0834 0.1782 0.1084 
        D928  1 0.0177 0.0098 0.7376 0.0718 0.0399 0.0378 0.0172 0.0102 0.0155 0.0143 0.0121 0.0162 
        D929  1 0.2597 0.0646 0.0399 0.0257 0.3061 0.0282 0.0577 0.0580 0.0556 0.0242 0.0170 0.0633 
        D936  1 0.1115 0.0180 0.0223 0.4307 0.0247 0.0344 0.0562 0.0445 0.0660 0.1010 0.0336 0.0571 
        D938  1 0.0485 0.5256 0.0308 0.0197 0.0231 0.1556 0.0327 0.0450 0.0461 0.0156 0.0143 0.0430 
        D956  1 0.0234 0.0195 0.5237 0.0360 0.1024 0.0383 0.0507 0.0486 0.0517 0.0238 0.0237 0.0581 
        D957  1 0.0498 0.0474 0.0341 0.0693 0.1134 0.4112 0.0656 0.0241 0.0504 0.0205 0.0383 0.0757 
        D958  1 0.0552 0.0541 0.1108 0.0862 0.0849 0.3228 0.0763 0.0376 0.0643 0.0159 0.0214 0.0705 
        D959  1 0.0118 0.2007 0.0221 0.4129 0.0251 0.0130 0.0733 0.0227 0.0811 0.0151 0.0461 0.0761 
        D960  1 0.0269 0.4596 0.0357 0.0246 0.0742 0.1262 0.0522 0.0567 0.0437 0.0177 0.0184 0.0640 
        D989  1 0.0234 0.0321 0.4855 0.0327 0.0405 0.0195 0.0606 0.0412 0.0548 0.0641 0.0807 0.0649 
        D990  1 0.0211 0.0340 0.0508 0.0151 0.0118 0.5603 0.0391 0.0298 0.0400 0.1374 0.0243 0.0363 
        D023  2 0.0160 0.8398 0.0111 0.0273 0.0079 0.0133 0.0146 0.0095 0.0158 0.0113 0.0155 0.0177 
        D130  2 0.0148 0.5455 0.0143 0.0898 0.1074 0.0224 0.0323 0.0536 0.0292 0.0200 0.0352 0.0354 
        D131  2 0.0418 0.0231 0.0369 0.1354 0.0284 0.0553 0.1663 0.0401 0.1608 0.1001 0.0194 0.1924 
        D163  2 0.0380 0.5908 0.0331 0.0449 0.0146 0.0438 0.0478 0.0368 0.0487 0.0338 0.0109 0.0568 
        D164  2 0.0173 0.0238 0.0089 0.0097 0.0172 0.3486 0.0160 0.0134 0.0200 0.0102 0.5012 0.0135 
        D165  2 0.0186 0.7949 0.0129 0.0212 0.0091 0.0187 0.0220 0.0155 0.0176 0.0251 0.0217 0.0227 
        D166  2 0.0652 0.0430 0.0168 0.0287 0.2778 0.0383 0.1322 0.1090 0.1040 0.0343 0.0360 0.1147 
        D167  2 0.0107 0.0113 0.0238 0.0117 0.0566 0.0126 0.0190 0.0101 0.0155 0.0175 0.7923 0.0189 
        D192  2 0.0175 0.0102 0.0146 0.0079 0.0201 0.0118 0.0151 0.0105 0.0133 0.0164 0.8484 0.0144 
        D193  2 0.0395 0.0144 0.0447 0.0175 0.5158 0.0288 0.0594 0.1085 0.0461 0.0327 0.0234 0.0691 
        D206  2 0.0199 0.0506 0.0158 0.0389 0.0504 0.0284 0.1052 0.0519 0.2536 0.0256 0.2484 0.1113 
        D207  2 0.0164 0.0242 0.0163 0.0244 0.1084 0.0209 0.0727 0.0404 0.0539 0.0659 0.4732 0.0832 
        D208  2 0.0335 0.0288 0.1260 0.0376 0.0368 0.0383 0.0858 0.0719 0.1295 0.2685 0.0528 0.0905 
        D209  2 0.1279 0.0306 0.0195 0.0219 0.0305 0.0402 0.1212 0.0190 0.1014 0.0225 0.3479 0.1174 
        D210  2 0.0356 0.0265 0.4157 0.0630 0.0196 0.0222 0.0522 0.0635 0.0433 0.1265 0.0782 0.0539 
     D229599  2 0.1250 0.0875 0.0354 0.1438 0.0324 0.0355 0.1389 0.0438 0.0829 0.1409 0.0371 0.0967 
     D229600  2 0.0195 0.3666 0.0175 0.0213 0.0615 0.0230 0.0456 0.0407 0.0324 0.0259 0.2974 0.0486 
     D237227  2 0.0208 0.0459 0.3440 0.0415 0.0201 0.1937 0.0610 0.0219 0.0435 0.1039 0.0415 0.0619 
     D237228  2 0.0126 0.0152 0.1054 0.0099 0.0424 0.5011 0.0613 0.0293 0.0686 0.0517 0.0324 0.0701 
     D237258  2 0.0455 0.1183 0.0498 0.0439 0.0698 0.0526 0.1266 0.0238 0.0899 0.0994 0.1230 0.1573 
     D237310  2 0.0266 0.0202 0.0307 0.0106 0.1493 0.5105 0.0395 0.0616 0.0412 0.0226 0.0526 0.0346 
     D237311  2 0.0133 0.0296 0.0194 0.0116 0.0565 0.5313 0.0399 0.0555 0.0296 0.0221 0.1590 0.0323 
     D237312  2 0.0358 0.0612 0.0337 0.0181 0.1951 0.2483 0.0693 0.1974 0.0407 0.0213 0.0195 0.0595 
     D237313  2 0.0542 0.0302 0.0487 0.0799 0.0333 0.1252 0.1579 0.0898 0.1675 0.0629 0.0199 0.1306 
     D237322  2 0.0921 0.0290 0.0700 0.0229 0.0617 0.0546 0.1737 0.0970 0.1016 0.1268 0.0378 0.1325 
     D237323  2 0.0271 0.0522 0.1080 0.0119 0.0530 0.5274 0.0276 0.0401 0.0359 0.0489 0.0229 0.0449 
     D237324  2 0.0449 0.1401 0.0136 0.0453 0.0180 0.0391 0.2547 0.0295 0.1006 0.0696 0.0935 0.1511 
     D237325  2 0.0472 0.0651 0.0526 0.0160 0.0693 0.2964 0.0787 0.1548 0.0701 0.0281 0.0504 0.0714 
     D237326  2 0.0350 0.0329 0.0510 0.0449 0.0196 0.6360 0.0378 0.0312 0.0343 0.0187 0.0265 0.0322 
     D237327  2 0.0928 0.0749 0.0267 0.0346 0.0217 0.0207 0.1299 0.0940 0.1008 0.1857 0.0838 0.1344 
     D237337  2 0.0129 0.0181 0.0226 0.0138 0.0217 0.7610 0.0267 0.0402 0.0209 0.0186 0.0145 0.0290 
     D237338  2 0.0748 0.0753 0.1035 0.0368 0.0285 0.1400 0.0828 0.1685 0.0785 0.0799 0.0604 0.0710 
     D237339  2 0.6188 0.0150 0.0128 0.0229 0.0299 0.0179 0.0623 0.0223 0.0288 0.0349 0.0856 0.0487 
     D237340  2 0.0237 0.0406 0.1130 0.0145 0.0936 0.2934 0.0597 0.0481 0.0433 0.0310 0.1811 0.0581 
     D237389  2 0.0226 0.0312 0.0203 0.0152 0.1711 0.4765 0.0395 0.0707 0.0324 0.0122 0.0738 0.0345 
     D237390  2 0.0373 0.0440 0.0437 0.0235 0.1068 0.2982 0.0583 0.1953 0.0658 0.0479 0.0195 0.0595 
     D244017  2 0.0213 0.0380 0.1563 0.0238 0.1164 0.0256 0.0626 0.0124 0.0530 0.0367 0.3758 0.0781 
     D244112  2 0.0114 0.0253 0.0138 0.0160 0.0235 0.0161 0.0236 0.0292 0.0152 0.0170 0.7861 0.0228 
     D244118  2 0.0221 0.1856 0.0230 0.0080 0.0257 0.0240 0.0209 0.0130 0.0176 0.0216 0.6171 0.0214 
     D244119  2 0.0103 0.0154 0.5470 0.0173 0.0191 0.0237 0.0261 0.0123 0.0169 0.0204 0.2698 0.0217 
     D244120  2 0.0553 0.0217 0.0321 0.0123 0.1646 0.0236 0.0282 0.1135 0.0295 0.0541 0.4158 0.0493 
     D244122  2 0.0240 0.0338 0.0288 0.0256 0.0788 0.0249 0.0318 0.0462 0.0410 0.0198 0.6010 0.0443 
        D291  2 0.0168 0.0693 0.0118 0.0507 0.0338 0.0219 0.1050 0.0194 0.0636 0.4749 0.0369 0.0959 
        D292  2 0.0347 0.0209 0.0415 0.1752 0.0370 0.0856 0.0635 0.0260 0.0556 0.2193 0.1703 0.0706 
        D293  2 0.2031 0.0100 0.0163 0.0925 0.0123 0.0149 0.0533 0.0267 0.0440 0.0479 0.4129 0.0662 
        D322  2 0.2571 0.0299 0.0156 0.0848 0.0182 0.0423 0.0577 0.0228 0.0384 0.0338 0.3429 0.0565 
        D323  2 0.0490 0.0192 0.0245 0.0307 0.1175 0.0276 0.0929 0.0352 0.3216 0.0356 0.0839 0.1624 
        D324  2 0.0294 0.0568 0.0433 0.0859 0.0200 0.0828 0.1183 0.0446 0.0938 0.3032 0.0259 0.0960 
        D325  2 0.0234 0.0176 0.0113 0.0423 0.0111 0.0152 0.0298 0.0250 0.0286 0.0418 0.7131 0.0411 
        D326  2 0.0144 0.0112 0.0258 0.8124 0.0130 0.0111 0.0273 0.0138 0.0172 0.0211 0.0115 0.0212 
        D340  2 0.0255 0.0155 0.0201 0.0242 0.0116 0.0153 0.0183 0.0200 0.0164 0.0234 0.7875 0.0220 
        D341  2 0.0333 0.0196 0.0337 0.0260 0.0229 0.0500 0.0424 0.2188 0.0491 0.0348 0.4195 0.0497 
        D342  2 0.0175 0.0664 0.0149 0.0176 0.0392 0.0511 0.0874 0.0789 0.0948 0.0404 0.4104 0.0815 
        D343  2 0.0160 0.0106 0.0089 0.0166 0.0079 0.0092 0.0131 0.0149 0.0114 0.0118 0.8658 0.0138 
        D344  2 0.3792 0.0137 0.0198 0.0772 0.1208 0.0312 0.0947 0.0484 0.0692 0.0245 0.0358 0.0853 
        D345  2 0.2219 0.0409 0.0222 0.0425 0.0167 0.2906 0.1083 0.0149 0.0844 0.0378 0.0317 0.0881 
        D346  2 0.0346 0.0259 0.3680 0.0368 0.0344 0.0390 0.0659 0.0403 0.1905 0.0585 0.0465 0.0595 
        D351  2 0.0816 0.0480 0.0213 0.1517 0.0291 0.0449 0.1510 0.0411 0.1116 0.1561 0.0249 0.1386 
        D352  2 0.6386 0.0143 0.0321 0.0135 0.0346 0.0278 0.0560 0.0186 0.0557 0.0305 0.0266 0.0519 
        D353  2 0.0370 0.0129 0.0110 0.1039 0.0197 0.0149 0.3102 0.0229 0.1678 0.0178 0.0179 0.2640 
        D354  2 0.6560 0.0162 0.0300 0.0395 0.0345 0.0392 0.0443 0.0186 0.0401 0.0133 0.0116 0.0566 
        D362  2 0.0231 0.0824 0.0201 0.6547 0.0297 0.0340 0.0313 0.0153 0.0313 0.0210 0.0240 0.0330 
        D363  2 0.0266 0.0365 0.0274 0.7113 0.0254 0.0276 0.0282 0.0129 0.0394 0.0188 0.0159 0.0300 
        D364  2 0.3623 0.0160 0.0271 0.2500 0.0248 0.0567 0.0629 0.0270 0.0600 0.0175 0.0208 0.0748 
        D365  2 0.0234 0.0108 0.0199 0.0214 0.0125 0.0149 0.0146 0.0154 0.0187 0.0136 0.8185 0.0164 
        D369  2 0.0175 0.0301 0.1286 0.1546 0.0256 0.1115 0.0887 0.0308 0.0953 0.1311 0.0841 0.1022 
        D374  2 0.0159 0.0116 0.1529 0.0129 0.6531 0.0241 0.0401 0.0158 0.0229 0.0145 0.0128 0.0236 
        D375  2 0.7517 0.0160 0.0139 0.0159 0.0324 0.0159 0.0302 0.0295 0.0356 0.0118 0.0126 0.0345 
        D376  2 0.0719 0.0132 0.2524 0.0174 0.3481 0.0422 0.0414 0.0698 0.0520 0.0201 0.0291 0.0422 
        D377  2 0.0392 0.0331 0.0410 0.0167 0.1183 0.1859 0.1020 0.0769 0.2239 0.0390 0.0419 0.0820 
        D378  2 0.2199 0.0890 0.0231 0.0974 0.0129 0.0273 0.0858 0.0406 0.0770 0.0462 0.1924 0.0884 
        D379  2 0.0505 0.0207 0.0251 0.4628 0.0240 0.0255 0.0837 0.0734 0.1032 0.0224 0.0157 0.0929 
        D384  2 0.0125 0.0101 0.0342 0.8085 0.0125 0.0148 0.0222 0.0170 0.0192 0.0136 0.0111 0.0244 
        D385  2 0.1321 0.0114 0.0278 0.0177 0.0337 0.0190 0.0337 0.0241 0.0336 0.0130 0.6251 0.0288 
        D386  2 0.3783 0.0562 0.0182 0.0622 0.0334 0.0227 0.1098 0.0299 0.0930 0.0227 0.0519 0.1218 
        D391  2 0.1286 0.0170 0.0151 0.0193 0.0171 0.0225 0.0290 0.0223 0.0299 0.0193 0.6511 0.0288 
        D392  2 0.0221 0.0372 0.0377 0.0626 0.0260 0.1301 0.0530 0.0229 0.0499 0.0262 0.4696 0.0627 
        D393  2 0.3153 0.0371 0.0238 0.1210 0.0173 0.0400 0.0648 0.0470 0.0727 0.1333 0.0557 0.0720 
        D394  2 0.1800 0.0967 0.0345 0.0548 0.0506 0.1470 0.0944 0.0683 0.0774 0.0398 0.0665 0.0901 
        D395  2 0.3764 0.0196 0.0182 0.0139 0.0410 0.0144 0.0603 0.0300 0.0624 0.0339 0.2740 0.0559 
        D401  2 0.0100 0.0138 0.0196 0.0148 0.0319 0.7698 0.0237 0.0181 0.0271 0.0170 0.0228 0.0315 
        D402  2 0.0738 0.0153 0.0182 0.0141 0.0210 0.0227 0.0228 0.0249 0.0313 0.0407 0.6874 0.0278 
        D403  2 0.0713 0.0497 0.0176 0.1395 0.0592 0.0258 0.1791 0.0894 0.1357 0.0180 0.0220 0.1928 
        D415  2 0.0272 0.0333 0.0145 0.4380 0.0175 0.0671 0.0999 0.0543 0.0789 0.0120 0.0195 0.1377 
        D435  2 0.0470 0.0161 0.0139 0.5664 0.0147 0.0332 0.0332 0.0483 0.0318 0.0427 0.1093 0.0434 
        D436  2 0.2479 0.0291 0.0405 0.0994 0.1407 0.0263 0.0674 0.1459 0.0634 0.0277 0.0273 0.0844 
        D438  2 0.0133 0.0151 0.0218 0.0098 0.0138 0.0106 0.0168 0.0139 0.0263 0.0155 0.8237 0.0195 
        D439  2 0.6047 0.0267 0.0117 0.0341 0.0122 0.0298 0.0660 0.0216 0.0591 0.0210 0.0271 0.0858 
        D449  2 0.0324 0.0277 0.0257 0.0624 0.0196 0.0193 0.0914 0.0432 0.1050 0.0236 0.4301 0.1195 
        D450  2 0.1582 0.0496 0.1010 0.0878 0.0439 0.0308 0.1224 0.0826 0.0975 0.0546 0.0185 0.1530 
        D456  2 0.0219 0.0175 0.0170 0.7933 0.0118 0.0104 0.0285 0.0188 0.0216 0.0214 0.0083 0.0295 
        D462  2 0.1253 0.0222 0.0118 0.0345 0.0147 0.0134 0.0222 0.0170 0.0240 0.0210 0.6720 0.0218 
        D463  2 0.0241 0.0121 0.0292 0.7688 0.0208 0.0154 0.0305 0.0143 0.0257 0.0144 0.0091 0.0357 
        D464  2 0.1790 0.0161 0.0273 0.0436 0.0728 0.0193 0.2292 0.0271 0.1387 0.0185 0.0527 0.1757 
        D465  2 0.0239 0.0385 0.0191 0.1364 0.0435 0.0681 0.0678 0.0290 0.0594 0.0280 0.4177 0.0687 
        D473  2 0.0723 0.0559 0.4062 0.0156 0.0357 0.1450 0.0657 0.0353 0.0576 0.0319 0.0274 0.0515 
        D474  2 0.0333 0.0588 0.0333 0.5030 0.0099 0.0353 0.0401 0.0248 0.0417 0.1215 0.0402 0.0581 
        D476  2 0.5134 0.2688 0.0123 0.0180 0.0139 0.0121 0.0325 0.0184 0.0198 0.0256 0.0372 0.0282 
        D477  2 0.2631 0.0182 0.0444 0.1824 0.0224 0.0946 0.0682 0.0320 0.0734 0.1063 0.0179 0.0771 
        D478  2 0.0791 0.2301 0.0745 0.0239 0.0637 0.0289 0.1149 0.0223 0.1096 0.0477 0.0657 0.1396 
        D480  2 0.2429 0.0201 0.0860 0.1471 0.0316 0.0210 0.0725 0.0930 0.0996 0.0609 0.0432 0.0823 
        D481  2 0.1912 0.0851 0.0648 0.1965 0.0254 0.0579 0.0756 0.0188 0.0883 0.0423 0.0470 0.1071 
        D482  2 0.1875 0.0386 0.0642 0.0159 0.0511 0.0674 0.1267 0.0588 0.0988 0.1577 0.0242 0.1091 
        D483  2 0.0123 0.0214 0.0522 0.0131 0.0130 0.0162 0.0240 0.0116 0.0165 0.0201 0.7830 0.0166 
        D484  2 0.7702 0.0130 0.0211 0.0090 0.0573 0.0128 0.0182 0.0151 0.0208 0.0185 0.0151 0.0288 
        D510  2 0.0248 0.0146 0.3583 0.0185 0.2146 0.0325 0.0585 0.0497 0.0517 0.1079 0.0262 0.0427 
        D511  2 0.6545 0.0353 0.0159 0.0313 0.0175 0.0207 0.0302 0.0269 0.0424 0.0486 0.0422 0.0345 
        D512  2 0.0254 0.0352 0.0122 0.0184 0.0712 0.4445 0.0760 0.0330 0.0722 0.0294 0.1146 0.0679 
        D513  2 0.0239 0.0244 0.0512 0.0472 0.0427 0.0326 0.0712 0.0433 0.0971 0.0755 0.4032 0.0878 
        D635  2 0.0218 0.4973 0.0190 0.1762 0.0126 0.0321 0.0744 0.0177 0.0475 0.0215 0.0307 0.0491 
        D636  2 0.0159 0.7877 0.0146 0.0205 0.0116 0.0332 0.0231 0.0117 0.0338 0.0108 0.0163 0.0209 
        D637  2 0.2222 0.0220 0.0491 0.0209 0.0548 0.0541 0.1135 0.1307 0.1022 0.0467 0.0996 0.0842 
        D658  2 0.1408 0.0212 0.0685 0.0199 0.0512 0.0528 0.0478 0.1057 0.0371 0.0213 0.3926 0.0411 
        D659  2 0.0658 0.0681 0.0356 0.5037 0.0201 0.0128 0.0687 0.0477 0.0414 0.0660 0.0167 0.0534 
        D677  2 0.0257 0.0796 0.0170 0.1083 0.0523 0.0541 0.0829 0.2807 0.1150 0.0626 0.0375 0.0844 
        D678  2 0.0285 0.0241 0.0124 0.0127 0.1056 0.0255 0.0496 0.0277 0.0626 0.0189 0.5636 0.0688 
        D679  2 0.0546 0.0301 0.0365 0.1618 0.0237 0.0358 0.1364 0.0515 0.2106 0.0861 0.0368 0.1361 
        D719  2 0.0557 0.0127 0.3420 0.1249 0.0256 0.0687 0.0482 0.0162 0.0457 0.0617 0.1531 0.0455 
        D720  2 0.0144 0.0218 0.0568 0.6764 0.0245 0.0231 0.0370 0.0250 0.0337 0.0229 0.0259 0.0386 
        D721  2 0.0285 0.6979 0.0288 0.0300 0.0101 0.0175 0.0309 0.0215 0.0370 0.0284 0.0442 0.0253 
        D722  2 0.0196 0.0132 0.1064 0.0127 0.5753 0.0601 0.0323 0.0166 0.0484 0.0285 0.0447 0.0422 
        D734  2 0.6391 0.0118 0.1315 0.0151 0.0170 0.0127 0.0270 0.0265 0.0319 0.0207 0.0393 0.0275 
        D735  2 0.0746 0.0399 0.0681 0.1572 0.0299 0.0811 0.1156 0.0385 0.1697 0.0527 0.0468 0.1259 
        D736  2 0.0474 0.0406 0.2497 0.0388 0.0199 0.0561 0.0675 0.0484 0.0555 0.2818 0.0386 0.0556 
        D737  2 0.1134 0.0373 0.0336 0.0140 0.0363 0.0337 0.0564 0.0281 0.0324 0.0590 0.4999 0.0558 
        D807  2 0.0837 0.0296 0.1410 0.1102 0.0508 0.0664 0.0763 0.1002 0.0896 0.1440 0.0391 0.0690 
        D808  2 0.0487 0.0482 0.0284 0.0588 0.0439 0.1598 0.1261 0.1001 0.1131 0.0727 0.0692 0.1309 
        D817  2 0.0629 0.0285 0.0231 0.1201 0.0683 0.0634 0.1217 0.0286 0.2967 0.0436 0.0178 0.1251 
        D818  2 0.0258 0.1075 0.0212 0.0396 0.0192 0.0136 0.1487 0.1010 0.1080 0.1110 0.1397 0.1647 
        D819  2 0.0297 0.0480 0.0344 0.0937 0.0571 0.1966 0.0951 0.0209 0.2304 0.0273 0.0271 0.1398 
        D820  2 0.1351 0.0183 0.0229 0.5895 0.0158 0.0141 0.0340 0.0451 0.0262 0.0384 0.0268 0.0337 
        D895  2 0.0630 0.1349 0.0413 0.1869 0.0296 0.0657 0.0965 0.0325 0.1887 0.0242 0.0335 0.1030 
        D896  2 0.0108 0.0145 0.0181 0.0129 0.0266 0.8246 0.0175 0.0170 0.0165 0.0145 0.0102 0.0168 
        D897  2 0.0477 0.0222 0.0190 0.0241 0.0473 0.0378 0.1038 0.1180 0.0845 0.0440 0.3617 0.0900 
        D898  2 0.0491 0.0294 0.0283 0.0310 0.0654 0.2018 0.1605 0.0620 0.1108 0.0858 0.0260 0.1501 
        D918  2 0.0580 0.0753 0.0546 0.0252 0.0401 0.1085 0.1319 0.1969 0.0922 0.0442 0.0443 0.1289 
        D919  2 0.4293 0.0318 0.0191 0.0796 0.0530 0.0157 0.0880 0.0233 0.0693 0.0703 0.0506 0.0700 
        D920  2 0.0303 0.5175 0.0668 0.0296 0.0442 0.0455 0.0358 0.0916 0.0370 0.0234 0.0346 0.0437 
        D923  2 0.1079 0.0182 0.0199 0.5310 0.0348 0.0201 0.0744 0.0299 0.0506 0.0258 0.0309 0.0566 
        D930  2 0.1162 0.0175 0.0809 0.1337 0.0541 0.0649 0.1286 0.0953 0.0840 0.0510 0.0305 0.1433 
        D931  2 0.2317 0.0302 0.0323 0.2117 0.0456 0.0347 0.0747 0.0452 0.0717 0.0394 0.1015 0.0810 
        D968  2 0.0281 0.0109 0.0140 0.0222 0.0212 0.0168 0.0258 0.0132 0.0247 0.0974 0.6973 0.0284 
        D969  2 0.0356 0.0305 0.0492 0.1544 0.0263 0.0382 0.1295 0.0394 0.1000 0.1588 0.1271 0.1110 
        D977  2 0.0280 0.0191 0.0201 0.0265 0.0185 0.0163 0.0562 0.0586 0.0444 0.0254 0.6303 0.0566 
        D978  2 0.0239 0.0187 0.0302 0.0186 0.0397 0.0136 0.1511 0.1331 0.1543 0.2054 0.0759 0.1354 
        D211  3 0.0259 0.3775 0.0197 0.0493 0.0148 0.0214 0.0462 0.3135 0.0439 0.0260 0.0147 0.0470 
     D229639  3 0.0196 0.0221 0.0607 0.0697 0.0349 0.0399 0.0492 0.0325 0.0599 0.5199 0.0407 0.0510 
     D237212  3 0.2391 0.0483 0.0189 0.0426 0.0249 0.0409 0.0734 0.0874 0.0845 0.2293 0.0456 0.0650 
     D237213  3 0.0657 0.0617 0.0141 0.0272 0.0518 0.1799 0.0980 0.1642 0.1580 0.0360 0.0257 0.1178 
     D237214  3 0.0165 0.8074 0.0204 0.0161 0.0156 0.0126 0.0225 0.0184 0.0229 0.0105 0.0105 0.0267 
     D237215  3 0.0168 0.0170 0.0463 0.0132 0.2232 0.0302 0.0341 0.0142 0.0394 0.1059 0.4264 0.0333 
     D237216  3 0.0280 0.0618 0.0194 0.0291 0.0217 0.0289 0.2796 0.0729 0.1341 0.0267 0.0191 0.2788 
     D237217  3 0.0219 0.1226 0.0135 0.0477 0.0121 0.0627 0.1818 0.2152 0.0919 0.0649 0.0133 0.1524 
     D237218  3 0.1202 0.0251 0.0457 0.0356 0.0103 0.0195 0.0525 0.3867 0.0686 0.1290 0.0328 0.0742 
     D237219  3 0.0116 0.0549 0.0730 0.0255 0.0208 0.1795 0.0950 0.1801 0.1513 0.1008 0.0202 0.0872 
     D237382  3 0.0278 0.0358 0.0766 0.0601 0.2583 0.1276 0.0938 0.1075 0.0725 0.0310 0.0302 0.0788 
     D244127  3 0.0353 0.0303 0.0178 0.0154 0.0303 0.4784 0.0691 0.0676 0.0689 0.0682 0.0556 0.0631 
     D244129  3 0.0738 0.0958 0.0300 0.0646 0.0368 0.1460 0.1364 0.0739 0.0954 0.0905 0.0377 0.1192 
     D244133  3 0.0117 0.0455 0.0962 0.0583 0.0570 0.0443 0.0959 0.0548 0.3190 0.0339 0.0936 0.0900 
     D244134  3 0.0182 0.0286 0.1522 0.0219 0.0138 0.1069 0.0423 0.0315 0.0637 0.4526 0.0256 0.0427 
     D244135  3 0.0211 0.6785 0.0156 0.0331 0.0168 0.0200 0.0387 0.0348 0.0415 0.0179 0.0410 0.0410 
     D244136  3 0.0273 0.0471 0.1200 0.1257 0.0713 0.0356 0.1101 0.0482 0.1727 0.0710 0.0723 0.0987 
        D416  3 0.0442 0.0587 0.0257 0.0501 0.0265 0.0683 0.1345 0.0961 0.2042 0.0603 0.0837 0.1477 
        D417  3 0.0231 0.0189 0.0255 0.5219 0.0301 0.0309 0.0447 0.2016 0.0422 0.0156 0.0144 0.0311 
        D419  3 0.0235 0.0320 0.0476 0.0703 0.0206 0.1062 0.1088 0.1799 0.1094 0.1359 0.0537 0.1120 
        D565  3 0.0148 0.0188 0.7404 0.0353 0.0146 0.0153 0.0231 0.0139 0.0342 0.0480 0.0141 0.0274 
        D566  3 0.0190 0.0237 0.1846 0.0557 0.0572 0.0482 0.0646 0.0228 0.1036 0.2903 0.0450 0.0852 
        D567  3 0.0702 0.0554 0.0232 0.4428 0.0337 0.0936 0.0729 0.0403 0.0523 0.0201 0.0383 0.0573 
        D568  3 0.1277 0.0598 0.0130 0.0687 0.0251 0.0698 0.1289 0.1769 0.0846 0.0678 0.0839 0.0938 
        D569  3 0.4747 0.0562 0.0330 0.0158 0.0577 0.0200 0.0757 0.0294 0.0532 0.0293 0.0735 0.0816 
        D573  3 0.0312 0.0122 0.0217 0.1414 0.0138 0.0275 0.0527 0.0201 0.0548 0.4447 0.1015 0.0783 
        D574  3 0.0273 0.0472 0.2956 0.0289 0.0845 0.0694 0.0846 0.0457 0.1051 0.0845 0.0380 0.0892 
        D575  3 0.0285 0.0792 0.0828 0.0280 0.0247 0.1747 0.0768 0.0329 0.3110 0.0572 0.0332 0.0708 
        D576  3 0.0196 0.0300 0.0213 0.0064 0.1370 0.0134 0.0458 0.0215 0.0653 0.0600 0.5279 0.0516 
        D577  3 0.0404 0.0789 0.0291 0.3816 0.0577 0.0246 0.0901 0.0654 0.0816 0.0306 0.0211 0.0988 
        D578  3 0.0129 0.7977 0.0163 0.0125 0.0171 0.0184 0.0191 0.0227 0.0225 0.0149 0.0223 0.0236 
        D579  3 0.1078 0.0542 0.1203 0.1158 0.0300 0.0402 0.0826 0.0827 0.0807 0.1763 0.0475 0.0618 
        D660  3 0.0334 0.0543 0.0134 0.0146 0.0285 0.0534 0.0832 0.0513 0.0709 0.0244 0.4937 0.0791 
        D661  3 0.0611 0.0265 0.0152 0.0212 0.0166 0.0181 0.0824 0.4118 0.0565 0.1348 0.0677 0.0881 
        D663  3 0.0258 0.0257 0.0161 0.0447 0.0660 0.0141 0.0786 0.0216 0.0606 0.5042 0.0599 0.0829 
        D664  3 0.0182 0.0846 0.0452 0.0166 0.0416 0.0832 0.0900 0.1551 0.1608 0.0316 0.1408 0.1323 
        D665  3 0.0963 0.0992 0.0103 0.0123 0.1122 0.0637 0.1517 0.0582 0.1575 0.0293 0.0301 0.1791 
        D666  3 0.0267 0.0367 0.0768 0.0397 0.0195 0.3047 0.0788 0.0597 0.2224 0.0458 0.0183 0.0710 
        D009  4 0.1019 0.1093 0.0292 0.1116 0.0397 0.0586 0.1092 0.2147 0.0773 0.0227 0.0167 0.1092 
        D057  4 0.3774 0.1907 0.0180 0.0341 0.0247 0.0128 0.0421 0.0574 0.0303 0.0534 0.1073 0.0518 
        D109  4 0.0260 0.0481 0.0323 0.0316 0.0355 0.4430 0.1057 0.0506 0.0858 0.0259 0.0148 0.1009 
     D237222  4 0.0261 0.4848 0.1066 0.0415 0.0942 0.0302 0.0485 0.0329 0.0351 0.0266 0.0335 0.0401 
     D237223  4 0.0433 0.0387 0.0705 0.0171 0.0458 0.0546 0.0830 0.4521 0.0347 0.0484 0.0378 0.0740 
     D237224  4 0.1522 0.0529 0.0278 0.0848 0.0331 0.0407 0.0982 0.0326 0.1167 0.1344 0.1341 0.0925 
     D237225  4 0.0651 0.0695 0.0410 0.0709 0.0398 0.0343 0.1999 0.0972 0.1147 0.0417 0.0250 0.2009 
     D237299  4 0.0197 0.0224 0.0362 0.0118 0.0362 0.0288 0.0907 0.5056 0.0739 0.0566 0.0201 0.0981 
     D237300  4 0.0178 0.0188 0.0224 0.0151 0.0181 0.0215 0.0394 0.0674 0.0746 0.6389 0.0289 0.0370 
     D237306  4 0.0269 0.0240 0.3428 0.0729 0.0985 0.0733 0.0390 0.2028 0.0321 0.0263 0.0153 0.0462 
     D237307  4 0.0143 0.0415 0.1202 0.3013 0.0739 0.0293 0.0791 0.0592 0.1236 0.0460 0.0397 0.0719 
     D237308  4 0.1165 0.0430 0.0551 0.0205 0.0372 0.0771 0.0663 0.0247 0.0657 0.0387 0.3841 0.0711 
     D237309  4 0.0861 0.0593 0.0162 0.0860 0.0677 0.0386 0.1757 0.0907 0.1160 0.0453 0.0425 0.1759 
     D237317  4 0.0367 0.0509 0.1969 0.1206 0.0462 0.0476 0.1513 0.0238 0.0963 0.0490 0.0224 0.1583 
     D237318  4 0.0120 0.0149 0.0174 0.0291 0.0227 0.0167 0.0253 0.0213 0.0384 0.7350 0.0374 0.0299 
     D237319  4 0.0270 0.0665 0.0305 0.0279 0.0702 0.0729 0.1314 0.2301 0.1061 0.0458 0.0474 0.1440 
     D237320  4 0.0141 0.0631 0.0241 0.0316 0.0172 0.0561 0.0492 0.5370 0.0464 0.0728 0.0384 0.0501 
     D237321  4 0.0213 0.0394 0.0306 0.0593 0.0377 0.0342 0.0727 0.0389 0.0699 0.4717 0.0614 0.0630 
     D237397  4 0.0220 0.0463 0.1040 0.0369 0.0491 0.0522 0.0658 0.3247 0.0798 0.1098 0.0537 0.0557 
     D237398  4 0.0443 0.0288 0.0165 0.0374 0.0196 0.0153 0.0644 0.0967 0.0542 0.5221 0.0273 0.0733 
     D237399  4 0.0369 0.0841 0.1653 0.0647 0.0392 0.0392 0.0575 0.0959 0.0499 0.2709 0.0249 0.0715 
     D244001  4 0.0711 0.2604 0.0248 0.0237 0.1593 0.0233 0.0933 0.0675 0.0709 0.0260 0.1052 0.0746 
        D289  4 0.2112 0.0563 0.2303 0.0530 0.0222 0.0342 0.0681 0.0718 0.0467 0.0826 0.0421 0.0813 
        D290  4 0.0403 0.0312 0.0204 0.0561 0.3899 0.0222 0.0854 0.0605 0.0718 0.0973 0.0229 0.1020 
        D294  4 0.2464 0.0419 0.0292 0.0536 0.0727 0.0172 0.1570 0.1014 0.0926 0.0392 0.0167 0.1321 
        D295  4 0.0526 0.0267 0.0361 0.1590 0.0665 0.0913 0.0620 0.2774 0.0887 0.0364 0.0221 0.0813 
        D301  4 0.0182 0.3823 0.0420 0.0138 0.1257 0.0495 0.0492 0.0831 0.0570 0.0779 0.0381 0.0632 
        D302  4 0.6795 0.0259 0.0145 0.0382 0.0691 0.0113 0.0391 0.0245 0.0407 0.0139 0.0097 0.0336 
        D303  4 0.0609 0.0213 0.4810 0.0319 0.0585 0.0963 0.0410 0.0409 0.0382 0.0301 0.0501 0.0496 
        D304  4 0.0245 0.0302 0.0609 0.0582 0.2290 0.0176 0.1379 0.0434 0.0692 0.1906 0.0252 0.1132 
        D305  4 0.2397 0.0284 0.0098 0.0144 0.0404 0.0257 0.2606 0.0187 0.1009 0.0318 0.0741 0.1555 
        D306  4 0.0260 0.0441 0.0207 0.0351 0.4119 0.0212 0.1367 0.0339 0.0896 0.0320 0.0207 0.1281 
        D307  4 0.0291 0.6414 0.0767 0.0145 0.0256 0.0335 0.0311 0.0277 0.0245 0.0378 0.0241 0.0341 
        D327  4 0.0302 0.0246 0.0552 0.4190 0.0555 0.0178 0.0902 0.0514 0.0792 0.0434 0.0398 0.0937 
        D328  4 0.2059 0.0247 0.1086 0.0169 0.2627 0.0634 0.0749 0.0827 0.0589 0.0304 0.0193 0.0517 
        D329  4 0.2647 0.0415 0.0355 0.0413 0.0485 0.0590 0.1124 0.0609 0.0752 0.0605 0.0923 0.1082 
        D330  4 0.0897 0.0583 0.0124 0.1528 0.0623 0.1067 0.0994 0.1360 0.0850 0.0150 0.0484 0.1340 
        D331  4 0.0234 0.0395 0.0559 0.1024 0.2406 0.0423 0.0924 0.0394 0.0825 0.1487 0.0295 0.1033 
        D333  4 0.1696 0.0460 0.0538 0.0538 0.1325 0.0646 0.0807 0.1502 0.0723 0.0547 0.0509 0.0708 
        D334  4 0.0381 0.0589 0.5299 0.0573 0.0314 0.0220 0.0498 0.0647 0.0479 0.0367 0.0175 0.0458 
        D335  4 0.4071 0.0202 0.0258 0.0993 0.1532 0.0314 0.0678 0.0192 0.0457 0.0187 0.0528 0.0588 
        D370  4 0.0265 0.0232 0.0258 0.0255 0.5153 0.1554 0.0540 0.0223 0.0547 0.0252 0.0295 0.0426 
        D371  4 0.0220 0.0137 0.5429 0.1460 0.0715 0.0210 0.0411 0.0188 0.0457 0.0217 0.0253 0.0303 
        D372  4 0.0149 0.0119 0.0244 0.0109 0.1178 0.0148 0.0911 0.0331 0.0647 0.4944 0.0512 0.0708 
        D373  4 0.0418 0.5638 0.0209 0.0315 0.0182 0.0185 0.0562 0.0272 0.0459 0.0721 0.0562 0.0477 
        D455  4 0.0745 0.6433 0.0249 0.0284 0.0257 0.0240 0.0269 0.0209 0.0256 0.0385 0.0306 0.0368 
        D490  4 0.0241 0.7181 0.0175 0.0217 0.0230 0.0247 0.0239 0.0699 0.0220 0.0165 0.0116 0.0269 
        D497  4 0.0658 0.5549 0.0165 0.0135 0.0289 0.0281 0.0516 0.0954 0.0534 0.0208 0.0154 0.0558 
        D498  4 0.0202 0.0265 0.0574 0.0456 0.3484 0.0929 0.0894 0.0372 0.0771 0.0945 0.0268 0.0838 
        D499  4 0.1019 0.0144 0.0983 0.0190 0.0483 0.0595 0.1140 0.1054 0.1231 0.0795 0.1165 0.1202 
        D514  4 0.1196 0.0440 0.0151 0.1627 0.1792 0.0388 0.1304 0.0526 0.1023 0.0353 0.0206 0.0993 
        D515  4 0.0304 0.0353 0.0254 0.0280 0.0610 0.0337 0.0492 0.6278 0.0355 0.0130 0.0169 0.0437 
        D516  4 0.0154 0.0395 0.0390 0.0867 0.0564 0.1572 0.1019 0.1449 0.1620 0.0560 0.0422 0.0987 
        D517  4 0.0252 0.3808 0.0151 0.0447 0.0155 0.0361 0.1129 0.0766 0.0816 0.0550 0.0278 0.1286 
        D518  4 0.4351 0.1503 0.0463 0.0245 0.0760 0.0165 0.0606 0.0601 0.0324 0.0154 0.0399 0.0430 
        D519  4 0.0166 0.0222 0.0145 0.0167 0.0126 0.0141 0.0261 0.7878 0.0218 0.0345 0.0140 0.0190 
        D560  4 0.0248 0.0159 0.0101 0.0511 0.0203 0.0119 0.0287 0.7411 0.0229 0.0248 0.0231 0.0254 
        D561  4 0.0826 0.1121 0.0140 0.0534 0.0301 0.0328 0.1563 0.0289 0.1661 0.0534 0.0412 0.2292 
        D562  4 0.1163 0.2009 0.0383 0.0360 0.0729 0.0372 0.1370 0.0589 0.0678 0.0492 0.0468 0.1387 
        D563  4 0.1416 0.0495 0.0162 0.0201 0.0255 0.0349 0.1119 0.0726 0.0877 0.0457 0.2979 0.0965 
        D572  4 0.5818 0.0673 0.0221 0.0605 0.0515 0.0163 0.0412 0.0362 0.0346 0.0170 0.0285 0.0432 
        D629  4 0.0693 0.3096 0.0241 0.1368 0.0210 0.0322 0.0677 0.0353 0.1586 0.0630 0.0177 0.0648 
        D630  4 0.0714 0.1275 0.0442 0.0605 0.1187 0.0206 0.1060 0.2286 0.0668 0.0530 0.0303 0.0724 
        D631  4 0.5984 0.0325 0.0190 0.0211 0.0277 0.0164 0.0463 0.0774 0.0302 0.0241 0.0723 0.0345 
        D632  4 0.2225 0.2566 0.0152 0.0370 0.0398 0.0683 0.0610 0.0216 0.0543 0.0147 0.1562 0.0528 
        D646  4 0.0436 0.0288 0.0199 0.0894 0.0221 0.0933 0.0839 0.4081 0.0459 0.0373 0.0360 0.0917 
        D647  4 0.0576 0.0722 0.0104 0.2846 0.0689 0.0569 0.0673 0.1627 0.0497 0.0384 0.0378 0.0935 
        D648  4 0.1394 0.0172 0.0361 0.0145 0.5751 0.0158 0.0313 0.0503 0.0537 0.0115 0.0201 0.0351 
        D649  4 0.2183 0.0450 0.0213 0.1571 0.0256 0.2676 0.0503 0.0326 0.0669 0.0337 0.0192 0.0624 
        D650  4 0.0713 0.0775 0.0720 0.1281 0.0493 0.0696 0.1013 0.1702 0.0855 0.0652 0.0179 0.0920 
        D708  4 0.1629 0.0333 0.1558 0.0285 0.0638 0.0328 0.1044 0.0959 0.1260 0.0604 0.0210 0.1151 
        D709  4 0.0391 0.0149 0.0205 0.0170 0.4186 0.1501 0.1033 0.0266 0.0690 0.0252 0.0199 0.0957 
        D738  4 0.0205 0.0531 0.4058 0.0753 0.0442 0.0938 0.0459 0.1070 0.0415 0.0399 0.0134 0.0595 
        D739  4 0.0422 0.2108 0.0303 0.0211 0.1404 0.0352 0.1170 0.1505 0.0960 0.0401 0.0210 0.0953 
        D740  4 0.0528 0.0323 0.1137 0.0172 0.0147 0.1030 0.1396 0.0940 0.1379 0.0589 0.0612 0.1747 
        D741  4 0.0266 0.0182 0.0142 0.0910 0.0230 0.0358 0.0962 0.4680 0.0612 0.0236 0.0386 0.1036 
        D742  4 0.0682 0.0508 0.0734 0.0304 0.0318 0.0418 0.0838 0.2027 0.0699 0.0891 0.1624 0.0957 
        D743  4 0.3090 0.0247 0.0227 0.3523 0.0197 0.0124 0.0505 0.0364 0.0508 0.0420 0.0347 0.0448 
        D744  4 0.8054 0.0152 0.0142 0.0153 0.0132 0.0192 0.0225 0.0238 0.0193 0.0135 0.0142 0.0242 
        D745  4 0.0220 0.0286 0.0143 0.0156 0.0144 0.0247 0.0232 0.7734 0.0222 0.0200 0.0128 0.0287 
        D814  4 0.0432 0.0650 0.0162 0.0226 0.0465 0.0111 0.1525 0.2425 0.1298 0.0305 0.0880 0.1520 
        D815  4 0.3423 0.0198 0.0232 0.0582 0.1909 0.0640 0.0584 0.0319 0.0611 0.0554 0.0286 0.0662 
        D828  4 0.0441 0.0220 0.0327 0.0079 0.6106 0.0184 0.0453 0.0421 0.0395 0.0475 0.0409 0.0491 
        D845  4 0.0209 0.0114 0.0245 0.0146 0.0136 0.0147 0.0168 0.0172 0.0185 0.8138 0.0168 0.0172 
        D846  4 0.2379 0.1274 0.0085 0.0779 0.0494 0.0149 0.0960 0.0267 0.0827 0.0416 0.1462 0.0908 
        D847  4 0.0431 0.2116 0.0894 0.0785 0.0351 0.0429 0.1043 0.1044 0.0783 0.0729 0.0472 0.0922 
        D848  4 0.0250 0.5826 0.0152 0.0147 0.0212 0.0165 0.0327 0.0136 0.0304 0.1645 0.0567 0.0270 
        D849  4 0.0390 0.1073 0.0183 0.0256 0.0715 0.0620 0.0827 0.3619 0.0764 0.0189 0.0311 0.1053 
        D850  4 0.0409 0.1623 0.0509 0.0633 0.0212 0.0370 0.1062 0.0544 0.1125 0.1568 0.0286 0.1661 
        D856  4 0.0404 0.0262 0.0341 0.0286 0.0859 0.1491 0.1962 0.0661 0.1497 0.0289 0.0186 0.1763 
        D857  4 0.0150 0.0356 0.0196 0.0079 0.1701 0.5387 0.0382 0.0326 0.0190 0.0134 0.0831 0.0268 
        D859  4 0.3756 0.0223 0.0252 0.0583 0.0348 0.0249 0.0649 0.2045 0.0460 0.0651 0.0242 0.0542 
        D860  4 0.0688 0.0320 0.3357 0.0661 0.0295 0.0228 0.0606 0.0149 0.0549 0.1664 0.0788 0.0693 
        D883  4 0.0573 0.1259 0.0465 0.1657 0.1044 0.1036 0.0787 0.0725 0.0959 0.0617 0.0262 0.0617 
        D884  4 0.0275 0.0204 0.0372 0.0385 0.0662 0.0755 0.0395 0.5895 0.0419 0.0209 0.0114 0.0316 
        D885  4 0.0268 0.0244 0.0231 0.0802 0.0116 0.0296 0.1043 0.3041 0.1050 0.1032 0.0450 0.1427 
        D886  4 0.0501 0.1374 0.0187 0.1203 0.1962 0.0991 0.0823 0.0834 0.0534 0.0359 0.0343 0.0888 
        D887  4 0.0733 0.0393 0.0332 0.0835 0.0558 0.0616 0.0905 0.1470 0.0827 0.1562 0.0821 0.0949 
        D889  4 0.0527 0.0190 0.0166 0.0232 0.1489 0.0117 0.0605 0.0384 0.0425 0.5170 0.0097 0.0598 
        D890  4 0.0598 0.0571 0.0616 0.0272 0.1843 0.1024 0.1017 0.0275 0.2173 0.0295 0.0532 0.0783 
        D891  4 0.0085 0.0096 0.0093 0.0127 0.0079 0.0088 0.0133 0.0128 0.0136 0.8794 0.0104 0.0137 
        D899  4 0.0970 0.0239 0.0630 0.0265 0.0637 0.0232 0.0933 0.0338 0.0778 0.1273 0.2950 0.0755 
        D900  4 0.0993 0.0971 0.0407 0.0847 0.0826 0.0509 0.1514 0.0441 0.1099 0.0562 0.0630 0.1201 
        D970  4 0.2690 0.0552 0.0427 0.1011 0.0251 0.0326 0.1097 0.0553 0.0881 0.0652 0.0453 0.1108 
        D971  4 0.1663 0.0321 0.0336 0.0409 0.0592 0.0531 0.0673 0.0167 0.0737 0.0219 0.3649 0.0701 
        D979  4 0.2397 0.0223 0.0323 0.2339 0.1148 0.0180 0.0896 0.0239 0.0718 0.0287 0.0437 0.0814 
        D093  5 0.0211 0.0192 0.6436 0.0350 0.0303 0.0229 0.0364 0.0629 0.0313 0.0468 0.0162 0.0342 
        D154  5 0.0232 0.0122 0.0323 0.0196 0.0672 0.0231 0.1344 0.2514 0.1697 0.0739 0.0665 0.1264 
        D168  5 0.0281 0.0629 0.0113 0.0393 0.0496 0.0408 0.1080 0.1619 0.1630 0.0913 0.1222 0.1216 
