        D174  1 0.3435 0.1103 0.5462 
        D199  1 0.1630 0.3457 0.4914 
        D203  1 0.3447 0.4482 0.2071 
        D204  1 0.1938 0.7218 0.0844 
     D237366  1 0.5447 0.3141 0.1413 
     D237367  1 0.4307 0.4835 0.0858 
     D237368  1 0.5919 0.2937 0.1144 
     D244101  1 0.0575 0.8616 0.0809 
     D244102  1 0.4082 0.2163 0.3755 
     D244103  1 0.3537 0.5623 0.0840 
     D244104  1 0.2444 0.3666 0.3890 
     D244105  1 0.7698 0.1835 0.0467 
     D244106  1 0.1260 0.1283 0.7457 
     D244107  1 0.5736 0.3923 0.0341 
     D244108  1 0.4039 0.1157 0.4803 
     D244113  1 0.1416 0.0988 0.7596 
     D244114  1 0.2782 0.4243 0.2975 
     D244115  1 0.3829 0.1538 0.4633 
     D267365  1 0.1448 0.1849 0.6703 
        D404  1 0.1763 0.1133 0.7104 
        D405  1 0.2916 0.2246 0.4838 
        D406  1 0.8803 0.0734 0.0463 
        D407  1 0.2215 0.7244 0.0541 
        D408  1 0.0536 0.0526 0.8938 
        D409  1 0.3471 0.5292 0.1237 
        D410  1 0.8986 0.0592 0.0422 
        D421  1 0.1291 0.7366 0.1344 
        D422  1 0.8619 0.1083 0.0298 
        D423  1 0.8500 0.1218 0.0282 
        D424  1 0.3161 0.5958 0.0881 
        D425  1 0.1912 0.3260 0.4828 
        D426  1 0.2542 0.6428 0.1030 
        D427  1 0.1400 0.6115 0.2485 
        D428  1 0.3488 0.3918 0.2594 
        D429  1 0.2491 0.2481 0.5028 
        D430  1 0.2289 0.3208 0.4503 
        D491  1 0.0788 0.0559 0.8653 
        D492  1 0.3534 0.3831 0.2635 
        D537  1 0.4060 0.5118 0.0822 
        D538  1 0.4764 0.2538 0.2698 
        D539  1 0.2768 0.1090 0.6142 
        D540  1 0.3186 0.4753 0.2061 
        D541  1 0.2410 0.6625 0.0965 
        D551  1 0.2685 0.5963 0.1353 
        D552  1 0.4997 0.1788 0.3215 
        D553  1 0.2059 0.6791 0.1150 
        D615  1 0.4673 0.2631 0.2696 
        D616  1 0.3790 0.3955 0.2255 
        D621  1 0.7469 0.0857 0.1674 
        D622  1 0.8255 0.0856 0.0889 
        D623  1 0.0998 0.2471 0.6531 
        D624  1 0.0954 0.1155 0.7891 
        D625  1 0.3934 0.4069 0.1997 
        D626  1 0.3498 0.1068 0.5434 
        D627  1 0.2315 0.6381 0.1304 
        D690  1 0.4545 0.2888 0.2568 
        D691  1 0.8396 0.1017 0.0587 
        D710  1 0.2149 0.4601 0.3251 
        D711  1 0.3550 0.4774 0.1675 
        D712  1 0.1146 0.0576 0.8278 
        D713  1 0.3507 0.2463 0.4030 
        D746  1 0.8743 0.0841 0.0416 
        D747  1 0.1881 0.6746 0.1372 
        D748  1 0.6573 0.2423 0.1004 
        D749  1 0.6539 0.1834 0.1627 
        D750  1 0.2374 0.1364 0.6262 
        D763  1 0.2136 0.6004 0.1859 
        D764  1 0.4012 0.2150 0.3838 
        D765  1 0.8079 0.0525 0.1397 
        D766  1 0.6629 0.2440 0.0931 
        D767  1 0.4719 0.3970 0.1311 
        D768  1 0.2418 0.7068 0.0514 
        D811  1 0.2101 0.0993 0.6906 
        D816  1 0.2399 0.4565 0.3036 
        D825  1 0.4349 0.1111 0.4540 
        D866  1 0.1164 0.1313 0.7523 
        D867  1 0.8410 0.1069 0.0521 
        D871  1 0.2733 0.6021 0.1246 
        D872  1 0.5450 0.3249 0.1301 
        D873  1 0.9392 0.0316 0.0292 
        D874  1 0.0815 0.3953 0.5232 
        D875  1 0.4435 0.5003 0.0562 
        D876  1 0.4179 0.2918 0.2903 
        D877  1 0.0990 0.2202 0.6808 
        D892  1 0.5113 0.2072 0.2816 
        D893  1 0.3795 0.4801 0.1404 
        D894  1 0.3417 0.3356 0.3227 
        D915  1 0.5052 0.3142 0.1806 
        D916  1 0.3200 0.5487 0.1313 
        D917  1 0.0874 0.3083 0.6044 
        D925  1 0.8231 0.0607 0.1162 
        D926  1 0.3221 0.4352 0.2427 
        D927  1 0.1149 0.5455 0.3397 
        D928  1 0.0757 0.0935 0.8309 
        D929  1 0.3813 0.2256 0.3930 
        D936  1 0.1565 0.5255 0.3181 
        D938  1 0.9066 0.0507 0.0427 
        D956  1 0.1364 0.0579 0.8057 
        D957  1 0.6888 0.2247 0.0865 
        D958  1 0.5805 0.2602 0.1593 
        D959  1 0.2449 0.7179 0.0371 
        D960  1 0.8880 0.0628 0.0491 
        D989  1 0.0892 0.1134 0.7974 
        D990  1 0.8075 0.0619 0.1306 
        D023  2 0.6675 0.2918 0.0407 
        D130  2 0.8780 0.0878 0.0342 
        D131  2 0.2155 0.6534 0.1311 
        D163  2 0.8318 0.1005 0.0677 
        D164  2 0.6538 0.3153 0.0309 
        D165  2 0.7384 0.2288 0.0328 
        D166  2 0.5335 0.2504 0.2161 
        D167  2 0.2464 0.5071 0.2465 
        D192  2 0.2457 0.5698 0.1846 
        D193  2 0.2252 0.1639 0.6109 
        D206  2 0.3184 0.5983 0.0833 
        D207  2 0.1190 0.6871 0.1939 
        D208  2 0.1038 0.1023 0.7940 
        D209  2 0.3240 0.5522 0.1239 
        D210  2 0.1222 0.1610 0.7168 
     D229599  2 0.2198 0.3148 0.4654 
     D229600  2 0.6767 0.2536 0.0696 
     D237227  2 0.1467 0.0806 0.7727 
     D237228  2 0.4456 0.1184 0.4360 
     D237258  2 0.3400 0.2620 0.3980 
     D237310  2 0.7336 0.1089 0.1575 
     D237311  2 0.7334 0.1486 0.1180 
     D237312  2 0.6283 0.1413 0.2304 
     D237313  2 0.3854 0.2586 0.3560 
     D237322  2 0.1932 0.2748 0.5320 
     D237323  2 0.6475 0.0579 0.2946 
     D237324  2 0.3830 0.5532 0.0638 
     D237325  2 0.6910 0.1316 0.1775 
     D237326  2 0.6783 0.2022 0.1194 
     D237327  2 0.1919 0.4871 0.3210 
     D237337  2 0.7999 0.0795 0.1206 
     D237338  2 0.4928 0.1857 0.3215 
     D237339  2 0.0563 0.8719 0.0718 
     D237340  2 0.4603 0.1331 0.4066 
     D237389  2 0.7850 0.1370 0.0780 
     D237390  2 0.5081 0.1489 0.3430 
     D244017  2 0.1267 0.1302 0.7431 
     D244112  2 0.4678 0.3970 0.1352 
     D244118  2 0.6515 0.2697 0.0788 
     D244119  2 0.0952 0.1243 0.7804 
     D244120  2 0.2263 0.1345 0.6392 
     D244122  2 0.3683 0.4038 0.2280 
        D291  2 0.2081 0.2967 0.4952 
        D292  2 0.1520 0.3004 0.5476 
        D293  2 0.0281 0.9470 0.0249 
        D322  2 0.0981 0.8463 0.0556 
        D323  2 0.1794 0.5525 0.2681 
        D324  2 0.2348 0.3509 0.4143 
        D325  2 0.0401 0.9319 0.0280 
        D326  2 0.1191 0.7181 0.1628 
        D340  2 0.0661 0.8909 0.0431 
        D341  2 0.1617 0.7416 0.0967 
        D342  2 0.5413 0.3698 0.0889 
        D343  2 0.0285 0.9516 0.0200 
        D344  2 0.2262 0.6413 0.1325 
        D345  2 0.4517 0.3675 0.1807 
        D346  2 0.0876 0.1816 0.7308 
        D351  2 0.1958 0.6606 0.1436 
        D352  2 0.1545 0.5491 0.2964 
        D353  2 0.0908 0.8521 0.0571 
        D354  2 0.2816 0.3922 0.3262 
        D362  2 0.2918 0.4647 0.2434 
        D363  2 0.1938 0.3924 0.4138 
        D364  2 0.2812 0.5209 0.1979 
        D365  2 0.0305 0.9379 0.0315 
        D369  2 0.1924 0.3332 0.4745 
        D374  2 0.1047 0.0642 0.8311 
        D375  2 0.2795 0.5336 0.1869 
        D376  2 0.1658 0.0857 0.7485 
        D377  2 0.3923 0.2120 0.3957 
        D378  2 0.1152 0.8183 0.0665 
        D379  2 0.2021 0.6929 0.1050 
        D384  2 0.1677 0.7130 0.1193 
        D385  2 0.0614 0.8708 0.0678 
        D386  2 0.2211 0.7109 0.0680 
        D391  2 0.0487 0.9124 0.0389 
        D392  2 0.2113 0.6464 0.1423 
        D393  2 0.1884 0.6721 0.1395 
        D394  2 0.5638 0.2796 0.1566 
        D395  2 0.0685 0.8447 0.0868 
        D401  2 0.8296 0.0650 0.1053 
        D402  2 0.0753 0.8481 0.0766 
        D403  2 0.3647 0.5696 0.0658 
        D415  2 0.2787 0.6875 0.0338 
        D435  2 0.2042 0.7363 0.0595 
        D436  2 0.2581 0.5431 0.1987 
        D438  2 0.0673 0.8788 0.0539 
        D439  2 0.1683 0.7667 0.0650 
        D449  2 0.2103 0.7479 0.0418 
        D450  2 0.2304 0.2065 0.5631 
        D456  2 0.1543 0.7823 0.0634 
        D462  2 0.0381 0.9332 0.0288 
        D463  2 0.1349 0.7953 0.0698 
        D464  2 0.0677 0.8221 0.1102 
        D465  2 0.1542 0.7903 0.0555 
        D473  2 0.2369 0.0876 0.6755 
        D474  2 0.1832 0.3990 0.4178 
        D476  2 0.5462 0.4078 0.0460 
        D477  2 0.1960 0.3384 0.4656 
        D478  2 0.2710 0.2968 0.4322 
        D480  2 0.0846 0.6237 0.2916 
        D481  2 0.2555 0.3587 0.3857 
        D482  2 0.2047 0.1415 0.6538 
        D483  2 0.2159 0.5592 0.2249 
        D484  2 0.1682 0.4812 0.3506 
        D510  2 0.0553 0.0465 0.8982 
        D511  2 0.1377 0.7529 0.1094 
        D512  2 0.6571 0.2788 0.0641 
        D513  2 0.1074 0.7447 0.1479 
        D635  2 0.3546 0.5461 0.0993 
        D636  2 0.9008 0.0535 0.0457 
        D637  2 0.1722 0.4430 0.3848 
        D658  2 0.1941 0.4191 0.3869 
        D659  2 0.2152 0.6311 0.1537 
        D677  2 0.4521 0.4035 0.1444 
        D678  2 0.3616 0.4765 0.1619 
        D679  2 0.1499 0.6219 0.2282 
        D719  2 0.0642 0.2511 0.6847 
        D720  2 0.2154 0.5513 0.2333 
        D721  2 0.5475 0.3807 0.0717 
        D722  2 0.1624 0.1159 0.7217 
        D734  2 0.0397 0.3027 0.6575 
        D735  2 0.2989 0.4707 0.2304 
        D736  2 0.1397 0.1433 0.7170 
        D737  2 0.3562 0.2687 0.3751 
        D807  2 0.1768 0.1855 0.6377 
        D808  2 0.4832 0.3921 0.1247 
        D817  2 0.2017 0.4063 0.3920 
        D818  2 0.1709 0.7223 0.1068 
        D819  2 0.4150 0.3369 0.2481 
        D820  2 0.0898 0.8186 0.0915 
        D895  2 0.4298 0.4655 0.1047 
        D896  2 0.8741 0.0431 0.0828 
        D897  2 0.2702 0.6003 0.1295 
        D898  2 0.2908 0.1572 0.5519 
        D918  2 0.4838 0.3482 0.1680 
        D919  2 0.1151 0.7757 0.1093 
        D920  2 0.9039 0.0483 0.0478 
        D923  2 0.1616 0.7057 0.1327 
        D930  2 0.2024 0.4704 0.3272 
        D931  2 0.1694 0.5260 0.3046 
        D968  2 0.0417 0.9035 0.0547 
        D969  2 0.1390 0.4952 0.3658 
        D977  2 0.1278 0.8158 0.0563 
        D978  2 0.1744 0.4131 0.4125 
        D211  3 0.6568 0.2409 0.1024 
     D229639  3 0.0905 0.1008 0.8087 
     D237212  3 0.2443 0.4852 0.2706 
     D237213  3 0.5532 0.3476 0.0991 
     D237214  3 0.5598 0.3670 0.0732 
     D237215  3 0.0899 0.1254 0.7847 
     D237216  3 0.3055 0.6229 0.0716 
     D237217  3 0.5129 0.4396 0.0475 
     D237218  3 0.2435 0.5195 0.2370 
     D237219  3 0.5432 0.0636 0.3932 
     D237382  3 0.4451 0.3140 0.2408 
     D244127  3 0.7618 0.1405 0.0977 
     D244129  3 0.3409 0.4554 0.2037 
     D244133  3 0.2962 0.2278 0.4760 
     D244134  3 0.1427 0.0853 0.7719 
     D244135  3 0.6683 0.2758 0.0560 
     D244136  3 0.1612 0.2645 0.5744 
        D416  3 0.3823 0.4654 0.1522 
        D417  3 0.4292 0.5059 0.0649 
        D419  3 0.4557 0.2467 0.2976 
        D565  3 0.0614 0.0512 0.8874 
        D566  3 0.0635 0.0817 0.8548 
        D567  3 0.4723 0.4486 0.0791 
        D568  3 0.4914 0.4367 0.0719 
        D569  3 0.2120 0.6807 0.1074 
        D573  3 0.0973 0.7044 0.1982 
        D574  3 0.1217 0.0805 0.7977 
        D575  3 0.3566 0.2591 0.3843 
        D576  3 0.1702 0.2745 0.5553 
        D577  3 0.3224 0.4642 0.2134 
        D578  3 0.7522 0.2119 0.0359 
        D579  3 0.1819 0.3618 0.4564 
        D660  3 0.3967 0.4435 0.1598 
        D661  3 0.2819 0.4525 0.2656 
        D663  3 0.0849 0.4750 0.4401 
        D664  3 0.5340 0.1365 0.3295 
        D665  3 0.5340 0.4041 0.0619 
        D666  3 0.3724 0.1386 0.4890 
        D009  4 0.5975 0.3183 0.0842 
        D057  4 0.4004 0.4376 0.1620 
        D109  4 0.7393 0.1260 0.1347 
     D237222  4 0.7926 0.0728 0.1346 
     D237223  4 0.5559 0.2875 0.1566 
     D237224  4 0.1614 0.4589 0.3797 
     D237225  4 0.4505 0.4505 0.0990 
     D237299  4 0.5250 0.3282 0.1468 
     D237300  4 0.0630 0.0759 0.8611 
     D237306  4 0.2805 0.1990 0.5204 
     D237307  4 0.2179 0.2874 0.4947 
     D237308  4 0.3200 0.4427 0.2373 
     D237309  4 0.4947 0.3950 0.1103 
     D237317  4 0.1296 0.2583 0.6121 
     D237318  4 0.0520 0.1679 0.7800 
     D237319  4 0.5725 0.2457 0.1818 
     D237320  4 0.5042 0.3096 0.1863 
     D237321  4 0.1264 0.1215 0.7522 
     D237397  4 0.3543 0.2611 0.3846 
     D237398  4 0.1544 0.5112 0.3344 
     D237399  4 0.1931 0.1881 0.6188 
     D244001  4 0.7477 0.1930 0.0593 
        D289  4 0.1516 0.4153 0.4331 
        D290  4 0.2368 0.3866 0.3767 
        D294  4 0.2418 0.5140 0.2442 
        D295  4 0.4839 0.2888 0.2273 
        D301  4 0.8250 0.0554 0.1196 
        D302  4 0.2015 0.6713 0.1271 
        D303  4 0.1783 0.1098 0.7120 
        D304  4 0.1130 0.2520 0.6349 
        D305  4 0.2208 0.7220 0.0572 
        D306  4 0.1961 0.3465 0.4574 
        D307  4 0.8270 0.0504 0.1226 
        D327  4 0.1500 0.5886 0.2615 
        D328  4 0.2325 0.1481 0.6195 
        D329  4 0.4004 0.4202 0.1794 
        D330  4 0.4493 0.5013 0.0494 
        D331  4 0.2951 0.2016 0.5033 
        D333  4 0.3986 0.2415 0.3599 
        D334  4 0.2376 0.1474 0.6149 
        D335  4 0.1663 0.6978 0.1359 
        D370  4 0.3915 0.1556 0.4528 
        D371  4 0.0848 0.1194 0.7957 
        D372  4 0.1133 0.1981 0.6886 
        D373  4 0.7474 0.1779 0.0747 
        D455  4 0.8062 0.1066 0.0872 
        D490  4 0.9213 0.0396 0.0391 
        D497  4 0.8361 0.0957 0.0682 
        D498  4 0.3100 0.1536 0.5364 
        D499  4 0.1386 0.2947 0.5667 
        D514  4 0.3096 0.5247 0.1658 
        D515  4 0.6491 0.2830 0.0679 
        D516  4 0.4959 0.2846 0.2195 
        D517  4 0.7667 0.1665 0.0668 
        D518  4 0.4359 0.3796 0.1845 
        D519  4 0.6192 0.2938 0.0870 
        D560  4 0.5374 0.3928 0.0697 
        D561  4 0.2871 0.6791 0.0338 
        D562  4 0.3076 0.4128 0.2796 
        D563  4 0.1896 0.7176 0.0928 
        D572  4 0.2433 0.6170 0.1397 
        D629  4 0.4503 0.3593 0.1904 
        D630  4 0.3642 0.3199 0.3159 
        D631  4 0.2001 0.5164 0.2835 
        D632  4 0.7076 0.2328 0.0596 
        D646  4 0.4482 0.4836 0.0682 
        D647  4 0.4515 0.4775 0.0710 
        D648  4 0.2477 0.2268 0.5255 
        D649  4 0.5851 0.3155 0.0994 
        D650  4 0.2885 0.2960 0.4156 
        D708  4 0.1892 0.1556 0.6552 
        D709  4 0.2287 0.3070 0.4644 
        D738  4 0.3597 0.1474 0.4929 
        D739  4 0.5910 0.2436 0.1654 
        D740  4 0.3441 0.2499 0.4060 
        D741  4 0.2345 0.7280 0.0375 
        D742  4 0.1220 0.4257 0.4523 
        D743  4 0.1048 0.6969 0.1983 
        D744  4 0.1254 0.7659 0.1087 
        D745  4 0.7103 0.2111 0.0786 
        D814  4 0.2764 0.6500 0.0737 
        D815  4 0.2792 0.4498 0.2710 
        D828  4 0.1812 0.0776 0.7413 
        D845  4 0.0394 0.1793 0.7812 
        D846  4 0.2168 0.7198 0.0634 
        D847  4 0.3465 0.2596 0.3940 
        D848  4 0.6622 0.2143 0.1236 
        D849  4 0.7324 0.2102 0.0574 
        D850  4 0.2382 0.4662 0.2956 
        D856  4 0.5517 0.3014 0.1469 
        D857  4 0.8685 0.0528 0.0787 
        D859  4 0.1732 0.4781 0.3487 
        D860  4 0.0831 0.2322 0.6847 
        D883  4 0.4388 0.1930 0.3682 
        D884  4 0.5856 0.2169 0.1975 
        D885  4 0.1891 0.7245 0.0864 
        D886  4 0.6027 0.2822 0.1151 
        D887  4 0.2264 0.3238 0.4498 
        D889  4 0.0799 0.1980 0.7222 
        D890  4 0.3517 0.1681 0.4803 
        D891  4 0.0324 0.1490 0.8186 
        D899  4 0.0846 0.2575 0.6579 
        D900  4 0.2480 0.4425 0.3096 
        D970  4 0.2142 0.4729 0.3129 
        D971  4 0.1719 0.7338 0.0943 
        D979  4 0.1381 0.7072 0.1547 
        D093  5 0.1279 0.0782 0.7940 
        D154  5 0.1747 0.4960 0.3292 
        D168  5 0.3810 0.4889 0.1301 
        D189  5 0.1031 0.1170 0.7799 
        D190  5 0.0758 0.0876 0.8366 
     D237220  5 0.5106 0.1803 0.3091 
     D237221  5 0.1284 0.1858 0.6857 
     D237274  5 0.1720 0.7490 0.0790 
     D237275  5 0.2105 0.5025 0.2870 
     D237276  5 0.5335 0.1815 0.2850 
     D237277  5 0.0547 0.0915 0.8538 
     D237278  5 0.3131 0.3308 0.3561 
     D237279  5 0.5220 0.4170 0.0610 
     D237280  5 0.7018 0.1576 0.1406 
     D237281  5 0.0872 0.6473 0.2656 
     D237351  5 0.7304 0.0802 0.1894 
     D237352  5 0.5504 0.3299 0.1197 
     D237353  5 0.0441 0.0489 0.9071 
     D237359  5 0.4038 0.2773 0.3189 
     D237361  5 0.0747 0.0453 0.8800 
     D237362  5 0.2155 0.3218 0.4626 
     D237363  5 0.1893 0.6037 0.2070 
     D237364  5 0.3583 0.5470 0.0947 
     D237376  5 0.1032 0.0832 0.8136 
     D237377  5 0.4195 0.4208 0.1597 
     D237378  5 0.0943 0.0771 0.8286 
     D237379  5 0.1487 0.1645 0.6869 
     D237380  5 0.8473 0.0604 0.0923 
     D237381  5 0.6587 0.1856 0.1556 
     D237391  5 0.1034 0.0886 0.8080 
     D237392  5 0.2280 0.6802 0.0918 
     D237393  5 0.2783 0.2626 0.4591 
     D237394  5 0.0743 0.0665 0.8592 
     D237395  5 0.3357 0.1307 0.5335 
     D237396  5 0.1992 0.5938 0.2070 
     D244016  5 0.0908 0.3290 0.5802 
     D244018  5 0.2016 0.4473 0.3511 
     D244019  5 0.1272 0.5881 0.2847 
        D279  5 0.2327 0.4378 0.3295 
        D280  5 0.1434 0.1502 0.7064 
        D281  5 0.0653 0.3937 0.5410 
        D283  5 0.0781 0.1653 0.7567 
        D284  5 0.6111 0.2441 0.1448 
        D285  5 0.1037 0.0966 0.7997 
        D286  5 0.2899 0.2143 0.4958 
        D287  5 0.2400 0.0590 0.7010 
        D288  5 0.0758 0.1830 0.7413 
        D308  5 0.8642 0.0765 0.0593 
        D309  5 0.1434 0.8093 0.0472 
        D310  5 0.0601 0.0796 0.8602 
        D311  5 0.1799 0.3333 0.4868 
        D312  5 0.1871 0.1673 0.6456 
        D313  5 0.9305 0.0267 0.0429 
        D314  5 0.3869 0.2853 0.3277 
        D315  5 0.2632 0.1595 0.5772 
        D317  5 0.0679 0.0670 0.8651 
        D318  5 0.2469 0.4510 0.3021 
        D319  5 0.1053 0.0584 0.8364 
        D320  5 0.0714 0.0507 0.8779 
        D321  5 0.6597 0.0855 0.2548 
        D336  5 0.0743 0.1044 0.8213 
        D337  5 0.0301 0.0436 0.9263 
        D338  5 0.3151 0.3468 0.3380 
        D339  5 0.1062 0.1050 0.7888 
        D347  5 0.1583 0.4107 0.4310 
        D348  5 0.0539 0.1102 0.8359 
        D349  5 0.8244 0.0486 0.1270 
        D350  5 0.1380 0.7814 0.0806 
        D355  5 0.0567 0.8056 0.1376 
        D356  5 0.2235 0.1046 0.6720 
        D357  5 0.2234 0.1966 0.5799 
        D358  5 0.2303 0.2183 0.5514 
        D359  5 0.1064 0.2126 0.6811 
        D360  5 0.1725 0.0863 0.7412 
        D361  5 0.8935 0.0447 0.0618 
        D366  5 0.0841 0.8672 0.0487 
        D367  5 0.1676 0.0853 0.7471 
        D368  5 0.3181 0.1482 0.5337 
        D380  5 0.2167 0.6587 0.1246 
        D381  5 0.0816 0.1771 0.7414 
        D400  5 0.1600 0.2063 0.6336 
        D411  5 0.8733 0.0867 0.0401 
        D412  5 0.3271 0.3299 0.3430 
        D413  5 0.1545 0.7779 0.0676 
        D414  5 0.1481 0.6700 0.1819 
        D420  5 0.2787 0.1502 0.5711 
        D431  5 0.2041 0.0817 0.7142 
        D432  5 0.2003 0.1090 0.6907 
        D433  5 0.0928 0.0847 0.8225 
        D434  5 0.1569 0.1344 0.7088 
        D440  5 0.1740 0.7718 0.0542 
        D447  5 0.1931 0.7453 0.0616 
        D448  5 0.0849 0.0947 0.8204 
        D459  5 0.0491 0.6848 0.2661 
        D460  5 0.7784 0.0914 0.1303 
        D461  5 0.1232 0.7606 0.1162 
        D468  5 0.2550 0.3355 0.4095 
        D469  5 0.3431 0.3463 0.3107 
        D470  5 0.5546 0.2268 0.2186 
        D471  5 0.0624 0.1356 0.8019 
        D472  5 0.1058 0.7952 0.0990 
        D479  5 0.1650 0.7539 0.0812 
        D485  5 0.3112 0.2152 0.4736 
        D486  5 0.4001 0.3503 0.2496 
        D487  5 0.1206 0.1426 0.7368 
        D555  5 0.0488 0.0704 0.8808 
        D556  5 0.1092 0.0916 0.7992 
        D557  5 0.0512 0.0645 0.8844 
        D564  5 0.2063 0.1680 0.6257 
        D594  5 0.1801 0.6089 0.2111 
        D595  5 0.1476 0.2528 0.5996 
        D596  5 0.0494 0.0515 0.8991 
        D597  5 0.0930 0.3533 0.5537 
        D598  5 0.3008 0.1619 0.5373 
        D617  5 0.7425 0.1842 0.0733 
        D618  5 0.1330 0.1264 0.7406 
        D619  5 0.4092 0.2852 0.3056 
        D620  5 0.1150 0.8019 0.0831 
        D628  5 0.5233 0.2729 0.2038 
        D714  5 0.0520 0.0878 0.8603 
        D715  5 0.0580 0.1138 0.8282 
        D716  5 0.1414 0.3980 0.4606 
        D717  5 0.2762 0.3178 0.4060 
        D718  5 0.5495 0.1331 0.3174 
        D769  5 0.7490 0.1672 0.0838 
        D770  5 0.1450 0.3675 0.4875 
        D771  5 0.2964 0.2460 0.4576 
        D772  5 0.1505 0.1623 0.6872 
        D782  5 0.3091 0.5586 0.1323 
        D783  5 0.0976 0.5526 0.3498 
        D784  5 0.1756 0.5011 0.3233 
        D785  5 0.1530 0.0806 0.7663 
        D786  5 0.6384 0.3122 0.0494 
        D821  5 0.0433 0.0368 0.9199 
        D822  5 0.1320 0.5652 0.3028 
        D826  5 0.0982 0.1998 0.7020 
        D827  5 0.1434 0.7678 0.0888 
        D851  5 0.2513 0.4025 0.3461 
        D852  5 0.1939 0.1541 0.6520 
        D853  5 0.1638 0.1602 0.6761 
        D854  5 0.2658 0.5198 0.2144 
        D861  5 0.2268 0.3891 0.3841 
        D862  5 0.1478 0.3305 0.5216 
        D865  5 0.1008 0.0560 0.8432 
        D868  5 0.3202 0.3621 0.3177 
        D869  5 0.8471 0.0898 0.0631 
        D870  5 0.2887 0.6733 0.0380 
        D907  5 0.1968 0.0693 0.7339 
        D908  5 0.1382 0.0843 0.7775 
        D910  5 0.0762 0.1752 0.7487 
        D911  5 0.0676 0.6679 0.2645 
        D934  5 0.1350 0.3180 0.5470 
        D946  5 0.1975 0.1614 0.6411 
        D947  5 0.3172 0.3243 0.3585 
        D948  5 0.7555 0.0503 0.1942 
        D949  5 0.8235 0.0574 0.1191 
        D950  5 0.0532 0.7012 0.2456 
        D951  5 0.1520 0.7349 0.1131 
        D952  5 0.1739 0.3825 0.4436 
        D953  5 0.1024 0.0672 0.8304 
        D954  5 0.1404 0.2420 0.6176 
        D961  5 0.3472 0.1258 0.5270 
        D962  5 0.0975 0.0782 0.8244 
        D963  5 0.1072 0.3311 0.5617 
        D964  5 0.3415 0.1705 0.4880 
        D965  5 0.2737 0.4561 0.2702 
        D966  5 0.1200 0.2996 0.5804 
        D967  5 0.2304 0.1571 0.6126 
        D991  5 0.5725 0.1637 0.2638 
        D502  6 0.4868 0.4240 0.0892 
        D503  6 0.5144 0.2444 0.2412 
        D504  6 0.2160 0.5199 0.2641 
        D505  6 0.2024 0.3121 0.4855 
        D506  6 0.0785 0.0550 0.8665 
        D507  6 0.3478 0.4258 0.2264 
        D508  6 0.2106 0.4718 0.3175 
        D529  6 0.3139 0.2250 0.4611 
        D530  6 0.3935 0.1474 0.4591 
        D531  6 0.2324 0.3951 0.3725 
        D532  6 0.1314 0.4526 0.4161 
        D534  6 0.8003 0.1480 0.0518 
        D535  6 0.2568 0.2340 0.5092 
        D536  6 0.3287 0.6137 0.0576 
        D554  6 0.3164 0.1733 0.5103 
        D587  6 0.1059 0.1372 0.7569 
        D588  6 0.1313 0.4431 0.4256 
        D589  6 0.2355 0.3733 0.3911 
        D590  6 0.1815 0.7204 0.0980 
        D591  6 0.1799 0.2359 0.5841 
        D592  6 0.8049 0.0899 0.1052 
        D593  6 0.2540 0.1584 0.5876 
        D682  6 0.0976 0.0690 0.8334 
        D683  6 0.2201 0.2746 0.5053 
        D684  6 0.4444 0.4761 0.0795 
        D685  6 0.2660 0.4702 0.2638 
        D686  6 0.1861 0.2207 0.5933 
        D724  6 0.4188 0.4323 0.1488 
        D725  6 0.2029 0.3306 0.4665 
        D726  6 0.1077 0.0593 0.8330 
        D727  6 0.1322 0.7175 0.1503 
        D728  6 0.1733 0.1600 0.6667 
        D729  6 0.3623 0.5929 0.0449 
        D730  6 0.5213 0.3365 0.1422 
        D731  6 0.0382 0.0541 0.9077 
        D732  6 0.2406 0.5343 0.2251 
        D733  6 0.4188 0.2355 0.3457 
     D237251  7 0.1328 0.1308 0.7364 
     D237252  7 0.6543 0.2397 0.1060 
     D237253  7 0.1326 0.1870 0.6803 
     D237254  7 0.7165 0.2416 0.0419 
     D237255  7 0.1124 0.2300 0.6577 
     D237256  7 0.1107 0.6487 0.2406 
     D237257  7 0.4849 0.3908 0.1243 
     D237282  7 0.2681 0.6767 0.0552 
     D237283  7 0.8205 0.1248 0.0547 
     D237284  7 0.8075 0.1533 0.0392 
     D237285  7 0.2118 0.3018 0.4865 
     D237286  7 0.1494 0.4101 0.4405 
     D237287  7 0.1680 0.6387 0.1933 
     D244006  7 0.8032 0.1553 0.0415 
     D244007  7 0.1426 0.7739 0.0836 
     D244008  7 0.7835 0.1244 0.0921 
     D244009  7 0.7540 0.1032 0.1428 
     D244010  7 0.5036 0.3049 0.1915 
     D244011  7 0.2418 0.2175 0.5407 
     D244012  7 0.3619 0.4879 0.1503 
     D244013  7 0.1599 0.2569 0.5832 
     D244014  7 0.4581 0.2931 0.2488 
     D244015  7 0.4567 0.4781 0.0651 
     D244125  7 0.0944 0.1887 0.7170 
     D244126  7 0.8914 0.0799 0.0286 
     D244130  7 0.4401 0.3550 0.2049 
     D244131  7 0.2863 0.2626 0.4511 
     D244132  7 0.2000 0.2672 0.5328 
        D520  7 0.4242 0.2089 0.3670 
        D521  7 0.4190 0.3605 0.2205 
        D522  7 0.6950 0.2135 0.0915 
        D523  7 0.1488 0.2867 0.5645 
        D524  7 0.2328 0.1786 0.5886 
        D525  7 0.5676 0.1721 0.2603 
        D526  7 0.7474 0.2157 0.0369 
        D527  7 0.3715 0.2775 0.3510 
        D528  7 0.2341 0.7400 0.0258 
        D558  7 0.2847 0.6564 0.0589 
        D559  7 0.2576 0.6691 0.0733 
        D640  7 0.1285 0.2002 0.6713 
        D641  7 0.2060 0.0882 0.7058 
        D642  7 0.6161 0.2653 0.1186 
        D644  7 0.3998 0.1630 0.4372 
        D645  7 0.3487 0.2634 0.3879 
        D662  7 0.6917 0.1289 0.1794 
        D687  7 0.2645 0.3848 0.3506 
        D688  7 0.2496 0.6743 0.0761 
        D689  7 0.1329 0.1355 0.7316 
        D700  7 0.2119 0.7620 0.0261 
        D797  7 0.3025 0.2662 0.4314 
        D798  7 0.7042 0.2183 0.0775 
        D799  7 0.3097 0.2164 0.4739 
        D800  7 0.3868 0.5300 0.0832 
        D132  8 0.8714 0.0704 0.0583 
        D133  8 0.2989 0.6449 0.0562 
        D200  8 0.2449 0.3327 0.4223 
        D500  8 0.9060 0.0509 0.0432 
        D614  8 0.2722 0.1089 0.6190 
        D723  8 0.4471 0.4519 0.1011 
        D888  8 0.0936 0.1257 0.7807 
        D901  8 0.6363 0.1929 0.1707 
        D902  8 0.1819 0.1288 0.6893 
        D903  8 0.1272 0.6047 0.2681 
        D904  8 0.3561 0.4480 0.1959 
        D905  8 0.0373 0.0389 0.9238 
        D906  8 0.1702 0.6771 0.1527 
        D937  8 0.0979 0.0584 0.8437 
        D943  8 0.4918 0.3669 0.1414 
        D972  8 0.5627 0.3482 0.0890 
        D973  8 0.5011 0.4018 0.0971 
        D974  8 0.4023 0.2849 0.3128 
        D975  8 0.1925 0.3165 0.4910 
        D976  8 0.3662 0.2507 0.3831 
        D201  9 0.4177 0.4063 0.1760 
        D202  9 0.4459 0.2279 0.3262 
     D237259  9 0.1845 0.7736 0.0419 
     D237260  9 0.4992 0.2762 0.2246 
     D237262  9 0.8799 0.0575 0.0627 
     D237263  9 0.6496 0.1996 0.1509 
     D237264  9 0.4371 0.2776 0.2853 
     D237265  9 0.2191 0.2094 0.5715 
     D237266  9 0.4651 0.4516 0.0833 
     D237267  9 0.2806 0.3765 0.3428 
     D237268  9 0.6728 0.1438 0.1834 
     D237289  9 0.2258 0.1871 0.5871 
     D237290  9 0.2573 0.2723 0.4705 
     D237291  9 0.2159 0.5164 0.2677 
     D237292  9 0.4005 0.5085 0.0910 
     D237293  9 0.5374 0.2143 0.2483 
     D237294  9 0.7601 0.1262 0.1137 
     D237295  9 0.4175 0.1972 0.3854 
     D237296  9 0.3090 0.2032 0.4878 
     D237297  9 0.1651 0.2007 0.6342 
     D237298  9 0.4040 0.3794 0.2165 
     D237341  9 0.2079 0.3924 0.3997 
     D237342  9 0.7258 0.1564 0.1179 
     D237343  9 0.5480 0.3292 0.1228 
     D237344  9 0.2029 0.1529 0.6442 
     D237345  9 0.8647 0.1021 0.0332 
     D237346  9 0.2382 0.1856 0.5763 
     D237347  9 0.0865 0.1172 0.7964 
     D237348  9 0.4656 0.2114 0.3230 
     D237349  9 0.2542 0.7034 0.0424 
     D244109  9 0.2793 0.6673 0.0534 
     D244110  9 0.3186 0.5096 0.1718 
     D244111  9 0.2889 0.4542 0.2570 
     D244128  9 0.7971 0.1378 0.0651 
     D244137  9 0.2830 0.5950 0.1220 
     D244138  9 0.2244 0.3095 0.4661 
        D580  9 0.6700 0.2518 0.0781 
        D581  9 0.3305 0.4266 0.2428 
        D582  9 0.8858 0.0658 0.0484 
        D583  9 0.4820 0.3678 0.1502 
        D584  9 0.3634 0.1506 0.4860 
        D585  9 0.6725 0.1674 0.1601 
        D586  9 0.0551 0.0908 0.8542 
        D651  9 0.2358 0.4512 0.3131 
        D652  9 0.5177 0.4318 0.0506 
        D653  9 0.0782 0.6314 0.2903 
        D654  9 0.2839 0.6684 0.0478 
        D655  9 0.0969 0.1371 0.7660 
        D656  9 0.7531 0.1899 0.0570 
        D657  9 0.4078 0.4397 0.1525 
        D667  9 0.0786 0.0722 0.8492 
        D668  9 0.5353 0.1652 0.2995 
        D669  9 0.3395 0.3507 0.3098 
        D670  9 0.1964 0.6989 0.1046 
        D671  9 0.2246 0.5991 0.1763 
        D672  9 0.7922 0.1237 0.0841 
        D673  9 0.5088 0.1383 0.3529 
        D692  9 0.5908 0.3591 0.0501 
        D693  9 0.3995 0.1895 0.4111 
        D694  9 0.7500 0.1658 0.0842 
        D695  9 0.6636 0.1645 0.1719 
        D696  9 0.0587 0.0462 0.8951 
        D697  9 0.1581 0.1765 0.6654 
        D698  9 0.2224 0.2968 0.4808 
        D699  9 0.2235 0.0901 0.6864 
        D787  9 0.4740 0.4148 0.1112 
        D788  9 0.2893 0.2076 0.5031 
        D789  9 0.5401 0.1911 0.2688 
        D790  9 0.4009 0.3734 0.2257 
        D791  9 0.2103 0.1929 0.5968 
        D792  9 0.2999 0.5670 0.1331 
        D793  9 0.1221 0.1249 0.7530 
        D794  9 0.2001 0.3641 0.4358 
        D795  9 0.7694 0.0652 0.1653 
        D796  9 0.2065 0.1677 0.6258 
        D142 10 0.1609 0.2952 0.5439 
        D143 10 0.1934 0.7013 0.1053 
        D144 10 0.3356 0.2312 0.4331 
        D145 10 0.1643 0.2418 0.5939 
        D146 10 0.7066 0.1942 0.0992 
        D147 10 0.2664 0.6547 0.0789 
        D148 10 0.2346 0.6251 0.1403 
        D149 10 0.2452 0.5580 0.1968 
        D151 10 0.2954 0.5023 0.2023 
        D152 10 0.1747 0.6035 0.2218 
        D153 10 0.3650 0.3145 0.3204 
        D156 10 0.1609 0.7006 0.1385 
        D157 10 0.3464 0.0902 0.5633 
        D158 10 0.3141 0.1536 0.5322 
        D159 10 0.1062 0.8136 0.0803 
        D160 10 0.0290 0.0265 0.9444 
        D161 10 0.2836 0.4184 0.2979 
        D162 10 0.1125 0.5604 0.3271 
        D169 10 0.7584 0.1381 0.1035 
        D170 10 0.7815 0.0900 0.1285 
        D171 10 0.3490 0.3129 0.3381 
        D172 10 0.3324 0.5000 0.1677 
        D173 10 0.0749 0.8943 0.0308 
        D181 10 0.1154 0.2266 0.6580 
        D182 10 0.3411 0.5028 0.1561 
        D183 10 0.1850 0.0573 0.7577 
        D184 10 0.9121 0.0586 0.0293 
        D185 10 0.3333 0.4389 0.2278 
        D186 10 0.8496 0.0963 0.0542 
        D194 10 0.7022 0.1756 0.1222 
        D195 10 0.1773 0.2625 0.5602 
        D196 10 0.0876 0.4895 0.4229 
        D197 10 0.7986 0.1107 0.0907 
        D198 10 0.3548 0.2941 0.3511 
     D237226 10 0.2358 0.2752 0.4890 
     D237232 10 0.1089 0.1166 0.7745 
     D237233 10 0.2192 0.1862 0.5947 
     D237234 10 0.2265 0.1763 0.5972 
     D237354 10 0.0517 0.1438 0.8045 
     D237355 10 0.0532 0.0968 0.8500 
     D237356 10 0.3481 0.2157 0.4362 
     D237357 10 0.3663 0.5154 0.1182 
     D237358 10 0.4013 0.5281 0.0707 
     D237369 10 0.6877 0.2804 0.0319 
     D237370 10 0.1172 0.1279 0.7548 
     D237371 10 0.4368 0.3623 0.2009 
     D237372 10 0.4126 0.5039 0.0835 
     D237373 10 0.1290 0.1639 0.7072 
     D237374 10 0.0447 0.0724 0.8829 
     D237375 10 0.1939 0.6492 0.1569 
     D237400 10 0.2194 0.4998 0.2808 
     D244002 10 0.3413 0.6165 0.0422 
     D244003 10 0.0698 0.0404 0.8898 
     D244004 10 0.0702 0.0206 0.9092 
     D244005 10 0.2772 0.1895 0.5333 
     D244020 10 0.2154 0.2338 0.5508 
     D244021 10 0.5026 0.3888 0.1086 
     D244116 10 0.5972 0.2610 0.1418 
     D244117 10 0.0864 0.1430 0.7706 
     D244121 10 0.2674 0.0963 0.6363 
     D244123 10 0.1453 0.1401 0.7146 
     D244124 10 0.5874 0.2249 0.1877 
        D332 10 0.2196 0.6189 0.1615 
        D570 10 0.1075 0.1215 0.7711 
        D602 10 0.1642 0.7601 0.0757 
        D603 10 0.3184 0.2458 0.4357 
        D604 10 0.1205 0.6995 0.1800 
        D605 10 0.3056 0.4129 0.2815 
        D606 10 0.6867 0.0629 0.2504 
        D607 10 0.1611 0.7686 0.0703 
        D608 10 0.0636 0.9014 0.0350 
        D609 10 0.2078 0.1064 0.6858 
        D610 10 0.1204 0.2558 0.6238 
        D611 10 0.0511 0.0376 0.9113 
        D613 10 0.1533 0.3466 0.5001 
        D633 10 0.2813 0.6192 0.0996 
        D634 10 0.2827 0.2264 0.4909 
        D638 10 0.2105 0.3598 0.4297 
        D681 10 0.5358 0.2100 0.2542 
        D754 10 0.6634 0.1015 0.2351 
        D755 10 0.1214 0.0761 0.8025 
        D756 10 0.2667 0.1204 0.6129 
        D757 10 0.3405 0.2463 0.4132 
        D758 10 0.4411 0.2611 0.2977 
        D759 10 0.0970 0.1361 0.7670 
        D760 10 0.1420 0.2725 0.5855 
        D761 10 0.0547 0.0750 0.8702 
        D762 10 0.2074 0.6496 0.1430 
        D775 10 0.0873 0.0406 0.8721 
        D776 10 0.0735 0.1660 0.7604 
        D777 10 0.1323 0.0755 0.7922 
        D778 10 0.3430 0.1934 0.4635 
        D779 10 0.4341 0.1519 0.4140 
        D780 10 0.1832 0.3385 0.4783 
        D781 10 0.1504 0.7475 0.1021 
        D858 10 0.8841 0.0715 0.0444 
        D933 10 0.0989 0.3350 0.5661 
        D038 11 0.2143 0.1716 0.6141 
        D063 11 0.1868 0.1984 0.6149 
        D155 11 0.1092 0.1805 0.7103 
        D175 11 0.4913 0.1346 0.3741 
        D176 11 0.2970 0.3082 0.3948 
        D205 11 0.3526 0.0674 0.5800 
     D237229 11 0.3741 0.5544 0.0715 
     D237230 11 0.2044 0.7587 0.0369 
     D237231 11 0.1574 0.7574 0.0852 
     D237269 11 0.2237 0.5274 0.2489 
     D237270 11 0.7956 0.1247 0.0798 
     D237271 11 0.2807 0.2287 0.4906 
     D237272 11 0.4203 0.5193 0.0603 
     D237273 11 0.2098 0.1394 0.6509 
     D237301 11 0.1837 0.5445 0.2718 
     D237302 11 0.6048 0.2482 0.1471 
     D237303 11 0.5825 0.3784 0.0391 
     D237304 11 0.4284 0.3450 0.2266 
     D237305 11 0.7803 0.1192 0.1005 
     D237314 11 0.2243 0.1504 0.6254 
     D237315 11 0.7187 0.1928 0.0885 
     D237316 11 0.2153 0.6213 0.1634 
     D237328 11 0.4449 0.3523 0.2028 
     D237329 11 0.4246 0.2576 0.3178 
     D237330 11 0.1005 0.0729 0.8266 
     D237331 11 0.1186 0.1629 0.7184 
     D237332 11 0.3556 0.3055 0.3389 
     D237333 11 0.0578 0.1617 0.7805 
     D237334 11 0.2488 0.5560 0.1952 
     D237335 11 0.4073 0.2358 0.3569 
     D237336 11 0.1783 0.1612 0.6606 
     D237350 11 0.2024 0.3057 0.4919 
     D237383 11 0.4774 0.1616 0.3610 
     D237384 11 0.5092 0.2844 0.2064 
     D237385 11 0.3859 0.3399 0.2742 
     D237386 11 0.2186 0.5175 0.2639 
     D237387 11 0.5380 0.3420 0.1200 
     D237388 11 0.1195 0.2014 0.6792 
        D239 11 0.1286 0.1969 0.6744 
        D240 11 0.2489 0.3435 0.4076 
        D241 11 0.1719 0.7349 0.0932 
        D242 11 0.2336 0.5195 0.2468 
        D243 11 0.1857 0.0917 0.7226 
        D244 11 0.1768 0.0430 0.7802 
        D245 11 0.5526 0.3697 0.0777 
        D246 11 0.3638 0.2096 0.4266 
        D247 11 0.3651 0.4259 0.2089 
        D248 11 0.1381 0.6402 0.2217 
        D249 11 0.5229 0.2050 0.2720 
        D250 11 0.0692 0.5355 0.3953 
        D251 11 0.2925 0.1144 0.5931 
        D252 11 0.4429 0.3316 0.2255 
        D253 11 0.2388 0.1301 0.6310 
        D254 11 0.4722 0.4869 0.0409 
        D255 11 0.1487 0.4322 0.4191 
        D256 11 0.2629 0.1763 0.5609 
        D257 11 0.7953 0.0822 0.1225 
        D258 11 0.8146 0.0858 0.0996 
        D259 11 0.7161 0.2147 0.0692 
        D260 11 0.4094 0.3554 0.2353 
        D261 11 0.1909 0.3565 0.4526 
        D262 11 0.4547 0.3872 0.1582 
        D263 11 0.3858 0.1663 0.4479 
        D264 11 0.5753 0.3370 0.0877 
        D265 11 0.2936 0.5092 0.1972 
        D266 11 0.1132 0.3797 0.5071 
        D267 11 0.2832 0.1449 0.5718 
        D268 11 0.0701 0.1345 0.7954 
        D269 11 0.2010 0.4677 0.3312 
        D270 11 0.4659 0.3262 0.2079 
        D271 11 0.3964 0.2644 0.3392 
        D272 11 0.1931 0.4235 0.3834 
        D273 11 0.9059 0.0578 0.0364 
        D274 11 0.2999 0.2039 0.4962 
        D275 11 0.3116 0.2889 0.3995 
        D276 11 0.1249 0.1998 0.6753 
        D277 11 0.2194 0.3249 0.4557 
        D278 11 0.4070 0.1998 0.3931 
        D282 11 0.8312 0.0640 0.1047 
        D296 11 0.1322 0.2196 0.6482 
        D297 11 0.3345 0.1964 0.4691 
        D298 11 0.1342 0.3086 0.5572 
        D299 11 0.2305 0.1988 0.5707 
        D300 11 0.2720 0.3346 0.3935 
        D382 11 0.2961 0.1650 0.5389 
        D383 11 0.5277 0.0548 0.4175 
        D387 11 0.2026 0.2129 0.5846 
        D388 11 0.1679 0.6232 0.2089 
        D389 11 0.1403 0.3622 0.4975 
        D390 11 0.1250 0.5117 0.3633 
        D396 11 0.1407 0.6562 0.2031 
        D397 11 0.8156 0.1012 0.0831 
        D398 11 0.3652 0.1146 0.5202 
        D399 11 0.2696 0.6375 0.0929 
        D437 11 0.3706 0.5498 0.0796 
        D441 11 0.0646 0.1024 0.8330 
        D442 11 0.3098 0.3673 0.3229 
        D443 11 0.0571 0.0630 0.8799 
        D444 11 0.2279 0.5246 0.2475 
        D445 11 0.6075 0.2926 0.1000 
        D446 11 0.2299 0.7117 0.0585 
        D451 11 0.3494 0.2877 0.3630 
        D452 11 0.2323 0.5181 0.2496 
        D453 11 0.1717 0.6676 0.1607 
        D454 11 0.4901 0.4108 0.0991 
        D457 11 0.4548 0.1561 0.3891 
        D458 11 0.1447 0.2583 0.5970 
        D466 11 0.3189 0.5699 0.1111 
        D467 11 0.2068 0.1865 0.6066 
        D475 11 0.8248 0.0874 0.0878 
        D488 11 0.1042 0.6802 0.2156 
        D489 11 0.5029 0.3525 0.1446 
        D493 11 0.2552 0.5820 0.1628 
        D494 11 0.2059 0.5433 0.2508 
        D495 11 0.5407 0.3460 0.1133 
        D496 11 0.0618 0.2232 0.7150 
        D674 11 0.1408 0.1994 0.6598 
        D675 11 0.0480 0.1985 0.7535 
        D676 11 0.5601 0.1670 0.2729 
        D680 11 0.2035 0.0655 0.7310 
        D701 11 0.3217 0.4873 0.1911 
        D702 11 0.5508 0.3744 0.0748 
        D703 11 0.3136 0.3475 0.3389 
        D704 11 0.2863 0.2861 0.4276 
        D705 11 0.5245 0.4406 0.0349 
        D706 11 0.5055 0.2090 0.2855 
        D707 11 0.4959 0.3145 0.1896 
        D751 11 0.4307 0.2643 0.3050 
        D752 11 0.1848 0.2166 0.5987 
        D753 11 0.2391 0.6645 0.0964 
        D773 11 0.9281 0.0463 0.0256 
        D774 11 0.2516 0.4942 0.2542 
        D801 11 0.1203 0.3759 0.5038 
        D802 11 0.2534 0.6547 0.0919 
        D803 11 0.0924 0.1536 0.7539 
        D804 11 0.2942 0.4983 0.2074 
        D805 11 0.3474 0.3134 0.3391 
        D806 11 0.8675 0.0839 0.0487 
        D809 11 0.1926 0.2444 0.5630 
        D810 11 0.0589 0.1547 0.7864 
        D812 11 0.4702 0.3119 0.2179 
        D813 11 0.1862 0.2628 0.5510 
        D823 11 0.2921 0.2749 0.4330 
        D824 11 0.2494 0.2976 0.4530 
        D829 11 0.0979 0.6958 0.2063 
        D830 11 0.5280 0.3788 0.0932 
        D831 11 0.3318 0.3522 0.3160 
        D832 11 0.3104 0.4669 0.2228 
        D833 11 0.1260 0.2307 0.6433 
        D834 11 0.1878 0.3281 0.4841 
        D835 11 0.6791 0.1076 0.2133 
        D855 11 0.2590 0.2309 0.5101 
        D863 11 0.0585 0.0858 0.8557 
        D864 11 0.2202 0.2029 0.5770 
        D878 11 0.1669 0.1481 0.6851 
        D879 11 0.7075 0.1929 0.0997 
        D880 11 0.0747 0.5207 0.4046 
        D881 11 0.0745 0.0510 0.8745 
        D882 11 0.1564 0.5736 0.2700 
        D909 11 0.2093 0.3897 0.4010 
        D921 11 0.2029 0.2057 0.5914 
        D924 11 0.0857 0.3621 0.5523 
        D935 11 0.2659 0.5420 0.1922 
        D940 11 0.0671 0.1433 0.7895 
        D941 11 0.1206 0.2388 0.6407 
        D942 11 0.8730 0.0710 0.0560 
        D980 11 0.3097 0.5153 0.1750 
        D981 11 0.7562 0.1363 0.1075 
        D982 11 0.1859 0.7063 0.1078 
        D983 11 0.1089 0.1450 0.7461 
        D984 11 0.1520 0.4847 0.3633 
        D992 11 0.6893 0.2381 0.0725 
        D993 11 0.2040 0.2135 0.5825 
        D994 11 0.3472 0.2737 0.3791 
        D995 11 0.4974 0.2713 0.2313 
        H354 11 0.6886 0.2442 0.0671 
        D005 12 0.3284 0.5663 0.1053 
        D035 12 0.2005 0.2507 0.5488 
        D067 12 0.2421 0.3348 0.4231 
        D134 12 0.2490 0.2369 0.5141 
        D135 12 0.1674 0.5584 0.2742 
        D136 12 0.3189 0.6115 0.0696 
        D137 12 0.2074 0.6961 0.0965 
        D138 12 0.3554 0.3165 0.3282 
        D139 12 0.1044 0.5904 0.3053 
        D140 12 0.2184 0.4134 0.3682 
        D141 12 0.9299 0.0373 0.0328 
        D150 12 0.7488 0.1015 0.1496 
        D177 12 0.1465 0.4670 0.3865 
        D178 12 0.1491 0.8026 0.0483 
        D179 12 0.2337 0.6778 0.0885 
        D180 12 0.2888 0.6333 0.0779 
        D187 12 0.2309 0.1928 0.5763 
        D188 12 0.9092 0.0501 0.0407 
        D191 12 0.8669 0.0489 0.0842 
        D418 12 0.8503 0.1031 0.0466 
        D601 12 0.6707 0.2440 0.0853 
        D836 12 0.6867 0.2452 0.0681 
        D837 12 0.2980 0.3644 0.3377 
        D838 12 0.0606 0.0953 0.8441 
        D839 12 0.1748 0.6491 0.1761 
        D840 12 0.1313 0.3516 0.5171 
        D841 12 0.3060 0.2762 0.4178 
        D842 12 0.9314 0.0351 0.0335 
        D843 12 0.2405 0.2377 0.5218 
        D844 12 0.5593 0.3714 0.0693 
        D912 12 0.1163 0.3736 0.5101 
        D913 12 0.1170 0.7043 0.1788 
