        D174  1 0.5492 0.0951 0.1048 0.0304 0.0286 0.0784 0.0502 0.0633 
        D199  1 0.1613 0.1370 0.0604 0.1090 0.0393 0.0546 0.2032 0.2352 
        D203  1 0.0628 0.0822 0.1835 0.0919 0.0616 0.0957 0.2039 0.2184 
        D204  1 0.0221 0.0413 0.0365 0.0263 0.0911 0.0224 0.0516 0.7088 
     D237366  1 0.0680 0.1401 0.1751 0.0616 0.1758 0.2412 0.0579 0.0804 
     D237367  1 0.0420 0.1308 0.1529 0.0376 0.0614 0.0863 0.1041 0.3848 
     D237368  1 0.1184 0.1143 0.0492 0.0396 0.0432 0.4041 0.0955 0.1356 
     D244101  1 0.0248 0.0891 0.0251 0.0918 0.4140 0.0262 0.1031 0.2260 
     D244102  1 0.0752 0.1127 0.2989 0.1127 0.1399 0.1120 0.0530 0.0955 
     D244103  1 0.0557 0.2767 0.2024 0.0429 0.0566 0.0955 0.0614 0.2087 
     D244104  1 0.1099 0.0387 0.0192 0.0853 0.0233 0.0417 0.0413 0.6406 
     D244105  1 0.0247 0.2615 0.1544 0.0797 0.0381 0.2155 0.0277 0.1984 
     D244106  1 0.4953 0.0703 0.1449 0.0701 0.0298 0.0340 0.0916 0.0640 
     D244107  1 0.0195 0.1383 0.0289 0.0310 0.1021 0.4918 0.0983 0.0902 
     D244108  1 0.4396 0.0977 0.0760 0.0563 0.0432 0.1320 0.0532 0.1021 
     D244113  1 0.5600 0.0554 0.1370 0.0286 0.1066 0.0400 0.0469 0.0256 
     D244114  1 0.1155 0.3278 0.1585 0.1464 0.0651 0.0414 0.0679 0.0774 
     D244115  1 0.3137 0.1760 0.0812 0.0576 0.0355 0.1910 0.0309 0.1141 
     D267365  1 0.2455 0.0973 0.0499 0.1628 0.0461 0.0627 0.0375 0.2983 
        D404  1 0.4034 0.0447 0.3343 0.0219 0.1001 0.0234 0.0450 0.0270 
        D405  1 0.1302 0.1225 0.3177 0.0586 0.0830 0.0562 0.1017 0.1300 
        D406  1 0.0482 0.0313 0.0306 0.0288 0.0393 0.7358 0.0234 0.0627 
        D407  1 0.0435 0.1342 0.0477 0.0244 0.0214 0.0643 0.1766 0.4879 
        D408  1 0.4758 0.0673 0.0759 0.2032 0.0440 0.0343 0.0321 0.0673 
        D409  1 0.0537 0.4136 0.2168 0.0527 0.0517 0.0524 0.0583 0.1008 
        D410  1 0.0400 0.0450 0.0270 0.0173 0.0394 0.7061 0.0169 0.1083 
        D421  1 0.0356 0.0206 0.0117 0.0167 0.0135 0.0156 0.0587 0.8276 
        D422  1 0.0195 0.0687 0.0292 0.0371 0.0184 0.7308 0.0344 0.0619 
        D423  1 0.0207 0.0675 0.0363 0.0163 0.0219 0.6795 0.0737 0.0840 
        D424  1 0.0581 0.1811 0.0314 0.0228 0.0257 0.0475 0.0239 0.6094 
        D425  1 0.1615 0.1260 0.0768 0.0442 0.0406 0.0393 0.0423 0.4693 
        D426  1 0.0331 0.6231 0.0902 0.0920 0.0246 0.0353 0.0413 0.0603 
        D427  1 0.1560 0.0396 0.0197 0.0418 0.0185 0.0298 0.4538 0.2408 
        D428  1 0.2391 0.1396 0.0698 0.0409 0.0833 0.0830 0.0712 0.2730 
        D429  1 0.2927 0.0963 0.1028 0.0689 0.0433 0.0480 0.0438 0.3041 
        D430  1 0.1112 0.1609 0.3087 0.1899 0.0307 0.0404 0.0789 0.0793 
        D491  1 0.7302 0.0447 0.0450 0.0404 0.0244 0.0231 0.0173 0.0751 
        D492  1 0.1792 0.2354 0.1156 0.0424 0.0545 0.1290 0.0914 0.1526 
        D537  1 0.0418 0.0712 0.0320 0.0212 0.0749 0.0701 0.0491 0.6398 
        D538  1 0.1054 0.1463 0.3435 0.0397 0.0457 0.1613 0.0996 0.0585 
        D539  1 0.1552 0.0810 0.1177 0.4212 0.0766 0.0664 0.0423 0.0397 
        D540  1 0.0601 0.2226 0.1041 0.0854 0.0360 0.0764 0.0488 0.3666 
        D541  1 0.0180 0.0277 0.0199 0.0245 0.0172 0.0269 0.0310 0.8348 
        D551  1 0.0497 0.4197 0.0657 0.1595 0.0268 0.0580 0.1401 0.0805 
        D552  1 0.2202 0.1327 0.0334 0.0829 0.0565 0.2786 0.0303 0.1655 
        D553  1 0.0186 0.0222 0.0134 0.0208 0.0185 0.0209 0.0146 0.8711 
        D615  1 0.0780 0.1160 0.1359 0.1086 0.0247 0.1055 0.0892 0.3421 
        D616  1 0.0673 0.1854 0.0854 0.0734 0.0271 0.1924 0.1334 0.2355 
        D621  1 0.0924 0.0547 0.0462 0.0344 0.2320 0.4838 0.0283 0.0281 
        D622  1 0.0497 0.0685 0.0515 0.0438 0.0618 0.6524 0.0270 0.0454 
        D623  1 0.3335 0.0667 0.0788 0.0409 0.2337 0.0397 0.1759 0.0309 
        D624  1 0.7286 0.0932 0.0295 0.0361 0.0137 0.0348 0.0259 0.0383 
        D625  1 0.1103 0.0738 0.0714 0.0318 0.0572 0.0926 0.0257 0.5373 
        D626  1 0.3194 0.0801 0.0751 0.1340 0.0444 0.1508 0.0476 0.1486 
        D627  1 0.0369 0.4307 0.2032 0.1469 0.0338 0.0335 0.0244 0.0906 
        D690  1 0.0722 0.0210 0.0229 0.0194 0.0306 0.0731 0.0152 0.7456 
        D691  1 0.0503 0.0463 0.0567 0.0408 0.0311 0.6704 0.0318 0.0727 
        D710  1 0.1759 0.1552 0.0535 0.0560 0.1237 0.1253 0.0660 0.2445 
        D711  1 0.0509 0.0648 0.0674 0.0246 0.0527 0.0676 0.0327 0.6393 
        D712  1 0.5685 0.0648 0.0634 0.1034 0.0588 0.0491 0.0484 0.0435 
        D713  1 0.2679 0.1258 0.1195 0.0304 0.2065 0.0796 0.0252 0.1452 
        D746  1 0.0279 0.0376 0.0237 0.0266 0.0256 0.7689 0.0315 0.0583 
        D747  1 0.0281 0.0240 0.0187 0.0242 0.0259 0.0194 0.0294 0.8303 
        D748  1 0.0596 0.1004 0.1518 0.0416 0.1007 0.2690 0.0258 0.2512 
        D749  1 0.1012 0.2078 0.0776 0.0439 0.0889 0.3943 0.0504 0.0358 
        D750  1 0.6315 0.0390 0.0395 0.0281 0.0436 0.0934 0.0279 0.0971 
        D763  1 0.0278 0.1327 0.0704 0.2652 0.2175 0.0636 0.1252 0.0975 
        D764  1 0.2538 0.0634 0.0295 0.0351 0.0182 0.1321 0.0215 0.4463 
        D765  1 0.1585 0.1208 0.1664 0.0621 0.0231 0.3815 0.0225 0.0650 
        D766  1 0.0669 0.1003 0.0587 0.0276 0.1353 0.3926 0.0343 0.1844 
        D767  1 0.0347 0.0889 0.2493 0.0346 0.2900 0.0916 0.1046 0.1063 
        D768  1 0.0155 0.0303 0.0155 0.0218 0.0180 0.0195 0.0220 0.8573 
        D811  1 0.2152 0.1067 0.4238 0.0711 0.0423 0.0606 0.0360 0.0442 
        D816  1 0.0300 0.0284 0.0206 0.0227 0.0297 0.0250 0.0195 0.8242 
        D825  1 0.3037 0.1303 0.2076 0.0488 0.0329 0.1030 0.0243 0.1494 
        D866  1 0.1782 0.0854 0.0655 0.4127 0.0274 0.0456 0.1232 0.0621 
        D867  1 0.0304 0.0632 0.0444 0.0245 0.1305 0.6098 0.0669 0.0304 
        D871  1 0.0774 0.3900 0.3039 0.0549 0.0529 0.0287 0.0232 0.0691 
        D872  1 0.0559 0.0950 0.1892 0.0263 0.0510 0.1614 0.0846 0.3368 
        D873  1 0.0179 0.0255 0.0626 0.0117 0.0283 0.8214 0.0229 0.0098 
        D874  1 0.1278 0.0351 0.0341 0.0362 0.6634 0.0157 0.0258 0.0619 
        D875  1 0.0260 0.4353 0.3277 0.0296 0.0291 0.0914 0.0187 0.0422 
        D876  1 0.1074 0.1127 0.0433 0.0799 0.0977 0.0508 0.0267 0.4815 
        D877  1 0.3606 0.0728 0.3862 0.0219 0.0673 0.0174 0.0338 0.0401 
        D892  1 0.2380 0.0792 0.1896 0.0311 0.0690 0.0965 0.0221 0.2745 
        D893  1 0.0224 0.0855 0.0486 0.0849 0.0784 0.0496 0.0417 0.5890 
        D894  1 0.0878 0.1298 0.1102 0.0576 0.0344 0.0477 0.0396 0.4928 
        D915  1 0.0800 0.0714 0.0678 0.0350 0.0382 0.1010 0.0438 0.5628 
        D916  1 0.0305 0.0299 0.0222 0.0180 0.0182 0.0366 0.0200 0.8245 
        D917  1 0.3244 0.1323 0.0596 0.0907 0.1058 0.0432 0.0931 0.1510 
        D925  1 0.0896 0.0521 0.0296 0.0332 0.0177 0.5881 0.0215 0.1682 
        D926  1 0.0952 0.2026 0.0577 0.0467 0.1023 0.0615 0.0324 0.4017 
        D927  1 0.0579 0.1204 0.0793 0.1065 0.0540 0.0477 0.2666 0.2677 
        D928  1 0.7856 0.0222 0.0294 0.0157 0.0220 0.0205 0.0218 0.0828 
        D929  1 0.0600 0.0402 0.2177 0.0310 0.5447 0.0378 0.0266 0.0420 
        D936  1 0.0444 0.0793 0.0345 0.1194 0.1912 0.0322 0.0590 0.4401 
        D938  1 0.0284 0.0307 0.0305 0.0238 0.0492 0.7827 0.0214 0.0333 
        D956  1 0.5994 0.0635 0.1822 0.0342 0.0271 0.0303 0.0367 0.0267 
        D957  1 0.0659 0.0799 0.1479 0.0350 0.0948 0.3038 0.0514 0.2214 
        D958  1 0.1529 0.0797 0.0899 0.0294 0.0903 0.2997 0.0352 0.2229 
        D959  1 0.0357 0.1459 0.0374 0.0192 0.0166 0.0737 0.1420 0.5294 
        D960  1 0.0424 0.0583 0.0572 0.0247 0.0425 0.7164 0.0264 0.0322 
        D989  1 0.4917 0.0683 0.0571 0.1410 0.0340 0.0329 0.1153 0.0596 
        D990  1 0.0595 0.0728 0.0276 0.1032 0.0257 0.6483 0.0440 0.0189 
        D023  2 0.0234 0.0914 0.0149 0.0218 0.0232 0.7101 0.0518 0.0635 
        D130  2 0.0185 0.0504 0.1712 0.0211 0.0338 0.5639 0.0508 0.0903 
        D131  2 0.0482 0.2989 0.1180 0.1118 0.0560 0.0549 0.0556 0.2565 
        D163  2 0.0447 0.0614 0.0310 0.0393 0.0454 0.6363 0.0185 0.1235 
        D164  2 0.0135 0.0211 0.0156 0.0146 0.0187 0.4401 0.4605 0.0159 
        D165  2 0.0231 0.0651 0.0207 0.0377 0.0255 0.7362 0.0573 0.0344 
        D166  2 0.0232 0.1138 0.6065 0.0469 0.0821 0.0380 0.0321 0.0575 
        D167  2 0.0395 0.0241 0.0645 0.0184 0.0160 0.0141 0.8045 0.0190 
        D192  2 0.0280 0.0196 0.0222 0.0340 0.0241 0.0184 0.8408 0.0128 
        D193  2 0.2968 0.1181 0.2920 0.0636 0.1164 0.0498 0.0296 0.0337 
        D206  2 0.0296 0.1631 0.0479 0.0494 0.0418 0.0605 0.3957 0.2119 
        D207  2 0.0277 0.0775 0.1028 0.0670 0.0248 0.0247 0.6407 0.0348 
        D208  2 0.1456 0.0989 0.0603 0.4185 0.0686 0.0478 0.1046 0.0557 
        D209  2 0.0378 0.2378 0.0436 0.0349 0.1371 0.0507 0.4092 0.0489 
        D210  2 0.4074 0.0582 0.0448 0.2307 0.0393 0.0333 0.1121 0.0743 
     D229599  2 0.0709 0.1258 0.0519 0.1646 0.2247 0.0802 0.0409 0.2411 
     D229600  2 0.0269 0.0933 0.0998 0.0330 0.0327 0.3324 0.3413 0.0406 
     D237227  2 0.3769 0.0908 0.0444 0.1593 0.0327 0.1510 0.0935 0.0513 
     D237228  2 0.2427 0.1584 0.1061 0.0558 0.0262 0.3248 0.0669 0.0190 
     D237258  2 0.0908 0.1815 0.1014 0.1343 0.0791 0.1344 0.1753 0.1031 
     D237310  2 0.0455 0.0744 0.4412 0.0301 0.0415 0.2972 0.0561 0.0139 
     D237311  2 0.0397 0.0525 0.1373 0.0351 0.0278 0.4870 0.1997 0.0209 
     D237312  2 0.0544 0.0876 0.5184 0.0273 0.1044 0.1527 0.0260 0.0293 
     D237313  2 0.0854 0.1483 0.0640 0.1700 0.0829 0.0974 0.0358 0.3162 
     D237322  2 0.0660 0.2068 0.1830 0.2421 0.1629 0.0516 0.0540 0.0335 
     D237323  2 0.1203 0.0519 0.1638 0.0595 0.0339 0.5192 0.0360 0.0153 
     D237324  2 0.0192 0.4118 0.0365 0.0637 0.0394 0.1859 0.1980 0.0455 
     D237325  2 0.0926 0.1198 0.1499 0.0448 0.0887 0.3809 0.0845 0.0387 
     D237326  2 0.1030 0.0685 0.0371 0.0320 0.0412 0.6089 0.0349 0.0744 
     D237327  2 0.0411 0.2220 0.0849 0.2395 0.1213 0.0648 0.1634 0.0630 
     D237337  2 0.0611 0.0536 0.0894 0.0255 0.0378 0.6674 0.0240 0.0412 
     D237338  2 0.1234 0.1105 0.0885 0.1150 0.1628 0.2539 0.0884 0.0575 
     D237339  2 0.0193 0.0770 0.0387 0.0345 0.6290 0.0252 0.1407 0.0356 
     D237340  2 0.1981 0.0612 0.1426 0.0594 0.0615 0.2345 0.2182 0.0244 
     D237389  2 0.0342 0.0710 0.3178 0.0241 0.0303 0.3676 0.1281 0.0269 
     D237390  2 0.1166 0.1001 0.2878 0.0699 0.1044 0.2270 0.0339 0.0603 
     D244017  2 0.2215 0.0897 0.1748 0.0595 0.0271 0.0338 0.3588 0.0348 
     D244112  2 0.0202 0.0352 0.0671 0.0193 0.0203 0.0259 0.7933 0.0187 
     D244118  2 0.0276 0.0366 0.0412 0.0307 0.0377 0.2925 0.5184 0.0154 
     D244119  2 0.5860 0.0285 0.0248 0.0287 0.0156 0.0213 0.2691 0.0258 
     D244120  2 0.0563 0.0692 0.3461 0.0691 0.0668 0.0328 0.3432 0.0166 
     D244122  2 0.0529 0.0546 0.0935 0.0359 0.0451 0.0481 0.6341 0.0359 
        D291  2 0.0215 0.1606 0.1030 0.4865 0.0224 0.0405 0.0693 0.0962 
        D292  2 0.0772 0.0672 0.0490 0.1926 0.0519 0.0358 0.2895 0.2370 
        D293  2 0.0171 0.0574 0.0233 0.0315 0.0722 0.0159 0.6959 0.0867 
        D322  2 0.0198 0.1298 0.0410 0.0315 0.1323 0.0447 0.5261 0.0749 
        D323  2 0.0609 0.1731 0.1340 0.1363 0.1344 0.0339 0.2315 0.0958 
        D324  2 0.0633 0.2112 0.0502 0.3259 0.0277 0.1085 0.0513 0.1620 
        D325  2 0.0136 0.0401 0.0214 0.0400 0.0270 0.0161 0.7982 0.0436 
        D326  2 0.0249 0.0365 0.0162 0.0314 0.0209 0.0146 0.0213 0.8343 
        D340  2 0.0229 0.0224 0.0144 0.0279 0.0261 0.0208 0.8406 0.0249 
        D341  2 0.0375 0.0653 0.0853 0.0960 0.0536 0.0420 0.5744 0.0459 
        D342  2 0.0229 0.1550 0.0793 0.0747 0.0296 0.1010 0.5085 0.0289 
        D343  2 0.0109 0.0177 0.0100 0.0183 0.0180 0.0133 0.8911 0.0207 
        D344  2 0.0259 0.0927 0.1516 0.0294 0.4557 0.0244 0.0557 0.1647 
        D345  2 0.0441 0.1554 0.0283 0.1028 0.2058 0.1658 0.0508 0.2469 
        D346  2 0.4889 0.0793 0.0669 0.1058 0.0562 0.0353 0.1003 0.0673 
        D351  2 0.0292 0.1622 0.1264 0.2010 0.1068 0.0503 0.0574 0.2668 
        D352  2 0.0544 0.0924 0.0401 0.0272 0.6900 0.0323 0.0371 0.0266 
        D353  2 0.0183 0.4461 0.0318 0.0347 0.1588 0.0156 0.0336 0.2610 
        D354  2 0.0589 0.0494 0.0300 0.0274 0.6954 0.0338 0.0172 0.0879 
        D362  2 0.0373 0.0551 0.0298 0.0261 0.0214 0.0459 0.0427 0.7417 
        D363  2 0.0621 0.0436 0.0279 0.0283 0.0304 0.0366 0.0352 0.7360 
        D364  2 0.0504 0.0731 0.0291 0.0276 0.3550 0.0367 0.0292 0.3989 
        D365  2 0.0221 0.0203 0.0153 0.0174 0.0306 0.0148 0.8583 0.0213 
        D369  2 0.1501 0.1167 0.0757 0.1121 0.0260 0.0726 0.2465 0.2002 
        D374  2 0.5947 0.0403 0.2350 0.0233 0.0344 0.0236 0.0254 0.0233 
        D375  2 0.0226 0.0385 0.0393 0.0160 0.8161 0.0211 0.0172 0.0292 
        D376  2 0.6081 0.0615 0.1359 0.0267 0.0760 0.0291 0.0451 0.0177 
        D377  2 0.1055 0.1775 0.1897 0.1293 0.1094 0.1285 0.1108 0.0493 
        D378  2 0.0309 0.1725 0.0368 0.0584 0.2507 0.0631 0.2520 0.1356 
        D379  2 0.0279 0.0539 0.0280 0.0394 0.0608 0.0231 0.0227 0.7441 
        D384  2 0.0423 0.0292 0.0159 0.0260 0.0184 0.0157 0.0243 0.8280 
        D385  2 0.0477 0.0311 0.0254 0.0304 0.1384 0.0184 0.6856 0.0229 
        D386  2 0.0265 0.1138 0.0475 0.0316 0.5101 0.0551 0.0831 0.1323 
        D391  2 0.0202 0.0337 0.0247 0.0272 0.0991 0.0226 0.7426 0.0299 
        D392  2 0.0562 0.0556 0.0412 0.0321 0.0287 0.0801 0.6349 0.0713 
        D393  2 0.0296 0.0781 0.0406 0.2147 0.2270 0.0521 0.0937 0.2642 
        D394  2 0.0585 0.1787 0.1316 0.0511 0.1890 0.1798 0.1127 0.0985 
        D395  2 0.0311 0.0800 0.0393 0.0364 0.4615 0.0231 0.3072 0.0213 
        D401  2 0.0642 0.0642 0.0901 0.0318 0.0177 0.6355 0.0680 0.0285 
        D402  2 0.0216 0.0375 0.0297 0.0566 0.0805 0.0181 0.7360 0.0201 
        D403  2 0.0262 0.3231 0.0988 0.0484 0.1030 0.0672 0.0442 0.2891 
        D415  2 0.0210 0.1896 0.0564 0.0179 0.0381 0.0712 0.0454 0.5604 
        D435  2 0.0189 0.0624 0.0240 0.0647 0.0676 0.0450 0.2082 0.5091 
        D436  2 0.0756 0.0680 0.0721 0.0286 0.5374 0.0291 0.0349 0.1543 
        D438  2 0.0282 0.0224 0.0177 0.0214 0.0208 0.0176 0.8563 0.0155 
        D439  2 0.0200 0.1121 0.0262 0.0389 0.6195 0.0444 0.0628 0.0762 
        D449  2 0.0308 0.1400 0.0343 0.0242 0.0243 0.0283 0.5683 0.1499 
        D450  2 0.2496 0.1452 0.1035 0.0697 0.2237 0.0522 0.0280 0.1281 
        D456  2 0.0250 0.0322 0.0204 0.0271 0.0237 0.0138 0.0163 0.8415 
        D462  2 0.0166 0.0286 0.0162 0.0211 0.0911 0.0181 0.7748 0.0336 
        D463  2 0.0357 0.0295 0.0191 0.0205 0.0319 0.0163 0.0144 0.8326 
        D464  2 0.0381 0.2894 0.0798 0.0284 0.4085 0.0198 0.0841 0.0518 
        D465  2 0.0273 0.0515 0.0605 0.0317 0.0281 0.0364 0.6438 0.1206 
        D473  2 0.4887 0.0626 0.0613 0.0719 0.1319 0.1020 0.0523 0.0293 
        D474  2 0.0405 0.0590 0.0228 0.1768 0.0374 0.0713 0.0800 0.5122 
        D476  2 0.0155 0.0433 0.0217 0.0295 0.5568 0.2498 0.0580 0.0256 
        D477  2 0.0709 0.0838 0.0512 0.1592 0.2915 0.0643 0.0297 0.2493 
        D478  2 0.1307 0.2928 0.1586 0.0483 0.1309 0.0981 0.0842 0.0565 
        D480  2 0.0984 0.1357 0.0753 0.1622 0.2343 0.0309 0.1148 0.1485 
        D481  2 0.1268 0.1331 0.0532 0.0623 0.1913 0.1161 0.0825 0.2348 
        D482  2 0.0632 0.0856 0.0742 0.3297 0.3360 0.0596 0.0295 0.0222 
        D483  2 0.0683 0.0230 0.0283 0.0258 0.0199 0.0267 0.7895 0.0185 
        D484  2 0.0254 0.0219 0.0373 0.0250 0.8365 0.0156 0.0253 0.0128 
        D510  2 0.6235 0.0598 0.0727 0.1236 0.0408 0.0241 0.0271 0.0284 
        D511  2 0.0206 0.0567 0.0284 0.0617 0.6609 0.0393 0.0549 0.0774 
        D512  2 0.0160 0.1078 0.2380 0.0404 0.0383 0.3039 0.2309 0.0247 
        D513  2 0.0692 0.0644 0.0433 0.0778 0.0309 0.0311 0.6008 0.0824 
        D635  2 0.0433 0.1630 0.0372 0.0468 0.0235 0.2774 0.0923 0.3165 
        D636  2 0.0271 0.0380 0.0184 0.0201 0.0205 0.8145 0.0285 0.0327 
        D637  2 0.0791 0.1173 0.1498 0.0866 0.2944 0.0399 0.1910 0.0420 
        D658  2 0.1071 0.0465 0.0732 0.0307 0.2917 0.0474 0.3816 0.0218 
        D659  2 0.0470 0.0786 0.0305 0.0789 0.0688 0.0390 0.0282 0.6289 
        D677  2 0.0238 0.0880 0.1098 0.1061 0.0621 0.1004 0.0714 0.4384 
        D678  2 0.0206 0.1312 0.1174 0.0343 0.0333 0.0325 0.6056 0.0251 
        D679  2 0.0679 0.1659 0.0353 0.1426 0.0774 0.0404 0.0603 0.4101 
        D719  2 0.3416 0.0594 0.0226 0.1011 0.0548 0.0230 0.2606 0.1369 
        D720  2 0.0909 0.0450 0.0295 0.0389 0.0229 0.0379 0.0441 0.6910 
        D721  2 0.0494 0.1223 0.0186 0.0524 0.0455 0.5491 0.0959 0.0668 
        D722  2 0.4783 0.0898 0.1952 0.0513 0.0512 0.0374 0.0626 0.0342 
        D734  2 0.1329 0.0439 0.0278 0.0290 0.6722 0.0132 0.0561 0.0248 
        D735  2 0.1096 0.1889 0.0743 0.1047 0.0982 0.1153 0.0831 0.2260 
        D736  2 0.3253 0.0885 0.0317 0.2843 0.0689 0.0640 0.0683 0.0691 
        D737  2 0.0463 0.0679 0.0489 0.0931 0.2120 0.0671 0.4429 0.0217 
        D807  2 0.2655 0.0943 0.0972 0.1239 0.1041 0.0681 0.0827 0.1642 
        D808  2 0.0382 0.1808 0.2919 0.0780 0.0672 0.1405 0.1253 0.0780 
        D817  2 0.0582 0.1264 0.0760 0.0568 0.0837 0.0417 0.0352 0.5220 
        D818  2 0.0303 0.2546 0.1897 0.1089 0.0558 0.0482 0.2456 0.0667 
        D819  2 0.0612 0.1883 0.1622 0.0952 0.0419 0.1431 0.0704 0.2377 
        D820  2 0.0336 0.0783 0.0271 0.0348 0.1399 0.0192 0.0603 0.6068 
        D895  2 0.0461 0.1446 0.0242 0.0598 0.0639 0.1160 0.0555 0.4899 
        D896  2 0.0497 0.0393 0.0846 0.0244 0.0243 0.7286 0.0289 0.0202 
        D897  2 0.0279 0.1591 0.0905 0.0944 0.0478 0.0472 0.4974 0.0357 
        D898  2 0.0802 0.2260 0.2340 0.1636 0.1037 0.0727 0.0419 0.0780 
        D918  2 0.0694 0.1970 0.2348 0.0923 0.1200 0.1332 0.1040 0.0493 
        D919  2 0.0283 0.1344 0.0560 0.0588 0.4091 0.0358 0.1066 0.1711 
        D920  2 0.0642 0.0645 0.1082 0.0324 0.0563 0.6021 0.0331 0.0392 
        D923  2 0.0332 0.0754 0.0332 0.0318 0.1129 0.0264 0.0345 0.6526 
        D930  2 0.1352 0.2005 0.1092 0.0647 0.1889 0.0521 0.0481 0.2014 
        D931  2 0.0591 0.0856 0.0598 0.0626 0.2858 0.0440 0.1582 0.2449 
        D968  2 0.0206 0.0286 0.0201 0.0677 0.0286 0.0150 0.7893 0.0300 
        D969  2 0.0630 0.1118 0.0441 0.2240 0.0426 0.0378 0.2701 0.2066 
        D977  2 0.0262 0.0618 0.0463 0.0426 0.0409 0.0222 0.7266 0.0334 
        D978  2 0.0429 0.1616 0.2209 0.3460 0.0448 0.0185 0.1262 0.0391 
        D211  3 0.0345 0.1805 0.2410 0.1017 0.0905 0.1895 0.0335 0.1288 
     D229639  3 0.0992 0.0655 0.0505 0.5605 0.0339 0.0309 0.0718 0.0877 
     D237212  3 0.0317 0.1122 0.1023 0.2341 0.2555 0.0895 0.0873 0.0875 
     D237213  3 0.0312 0.2013 0.2415 0.0796 0.1460 0.1666 0.0554 0.0783 
     D237214  3 0.0518 0.2625 0.1583 0.0194 0.0304 0.4038 0.0356 0.0381 
     D237215  3 0.0861 0.0467 0.1198 0.1228 0.0216 0.0254 0.5581 0.0194 
     D237216  3 0.0245 0.6254 0.0719 0.0590 0.0488 0.0803 0.0350 0.0552 
     D237217  3 0.0179 0.4063 0.0733 0.0762 0.0301 0.1624 0.0365 0.1972 
     D237218  3 0.0498 0.0870 0.0461 0.4649 0.2143 0.0303 0.0631 0.0446 
     D237219  3 0.0797 0.1340 0.0679 0.4128 0.0305 0.1692 0.0437 0.0621 
     D237382  3 0.0908 0.1202 0.4876 0.0410 0.0415 0.0585 0.0558 0.1047 
     D244127  3 0.0272 0.1479 0.0922 0.1090 0.0474 0.4181 0.1272 0.0310 
     D244129  3 0.0499 0.1911 0.1587 0.1230 0.0947 0.1669 0.1060 0.1097 
     D244133  3 0.1317 0.1806 0.1329 0.1204 0.0179 0.0702 0.2547 0.0918 
     D244134  3 0.1442 0.0402 0.0220 0.6404 0.0279 0.0546 0.0379 0.0327 
     D244135  3 0.0215 0.1261 0.0676 0.0390 0.0505 0.4780 0.1562 0.0611 
     D244136  3 0.2119 0.1456 0.0843 0.1047 0.0349 0.0520 0.1609 0.2058 
        D416  3 0.0347 0.2184 0.0620 0.1735 0.0631 0.1074 0.1766 0.1643 
        D417  3 0.0369 0.0659 0.1213 0.0338 0.0409 0.0467 0.0242 0.6303 
        D419  3 0.0663 0.1182 0.0653 0.3175 0.0518 0.1087 0.0999 0.1723 
        D565  3 0.7670 0.0282 0.0226 0.0642 0.0196 0.0289 0.0191 0.0504 
        D566  3 0.3182 0.1037 0.0515 0.3149 0.0226 0.0413 0.0835 0.0642 
        D567  3 0.0318 0.0535 0.0381 0.0397 0.0614 0.1098 0.0463 0.6194 
        D568  3 0.0211 0.0948 0.0663 0.0870 0.1697 0.1339 0.1014 0.3257 
        D569  3 0.0514 0.1141 0.0734 0.0467 0.5065 0.0545 0.1249 0.0285 
        D573  3 0.0251 0.0909 0.0269 0.2959 0.0362 0.0238 0.3083 0.1929 
        D574  3 0.4230 0.1314 0.1268 0.0922 0.0473 0.0640 0.0666 0.0487 
        D575  3 0.1297 0.1412 0.0462 0.1867 0.0427 0.1878 0.0886 0.1771 
        D576  3 0.0390 0.0581 0.1334 0.0846 0.0237 0.0275 0.6227 0.0110 
        D577  3 0.0444 0.0861 0.0708 0.0663 0.0700 0.0473 0.0326 0.5826 
        D578  3 0.0228 0.1069 0.2117 0.0210 0.0180 0.5350 0.0641 0.0205 
        D579  3 0.1903 0.0983 0.0404 0.2355 0.1306 0.0661 0.0887 0.1501 
        D660  3 0.0226 0.0673 0.0546 0.0414 0.0457 0.0550 0.6895 0.0240 
        D661  3 0.0238 0.1703 0.0804 0.3121 0.1339 0.0459 0.1968 0.0368 
        D663  3 0.0289 0.1910 0.0712 0.4455 0.0531 0.0258 0.1065 0.0781 
        D664  3 0.0826 0.1927 0.1227 0.0812 0.0383 0.1790 0.2707 0.0328 
        D665  3 0.0143 0.2126 0.4619 0.0511 0.0869 0.1022 0.0506 0.0204 
        D666  3 0.1243 0.1185 0.0766 0.2760 0.0634 0.1533 0.0389 0.1490 
        D009  4 0.0531 0.1607 0.1183 0.0527 0.1827 0.2615 0.0390 0.1320 
        D057  4 0.0241 0.0505 0.0273 0.0680 0.4974 0.1697 0.1247 0.0383 
        D109  4 0.0672 0.1912 0.1343 0.0603 0.0540 0.4075 0.0287 0.0568 
     D237222  4 0.1536 0.0869 0.1694 0.0311 0.0479 0.4026 0.0481 0.0604 
     D237223  4 0.1253 0.2174 0.2160 0.0743 0.0669 0.1776 0.0744 0.0479 
     D237224  4 0.0359 0.0739 0.0436 0.2226 0.2257 0.0500 0.1671 0.1811 
     D237225  4 0.0568 0.3270 0.1064 0.0963 0.1063 0.1400 0.0369 0.1302 
     D237299  4 0.0406 0.1729 0.5851 0.0743 0.0325 0.0425 0.0280 0.0242 
     D237300  4 0.0411 0.0426 0.0286 0.7830 0.0260 0.0231 0.0379 0.0177 
     D237306  4 0.5637 0.0660 0.1104 0.0283 0.0575 0.0643 0.0308 0.0790 
     D237307  4 0.1571 0.0787 0.1033 0.1283 0.0214 0.0438 0.1027 0.3646 
     D237308  4 0.0745 0.0774 0.0286 0.0536 0.2038 0.1386 0.3717 0.0517 
     D237309  4 0.0324 0.2814 0.0852 0.0653 0.1397 0.1061 0.0488 0.2411 
     D237317  4 0.3839 0.2191 0.0371 0.0500 0.0430 0.0482 0.0428 0.1759 
     D237318  4 0.0304 0.0712 0.0614 0.6729 0.0202 0.0177 0.0855 0.0406 
     D237319  4 0.0438 0.1718 0.3436 0.0945 0.0388 0.1255 0.0643 0.1176 
     D237320  4 0.0380 0.1449 0.1842 0.1981 0.0341 0.1988 0.1176 0.0843 
     D237321  4 0.0473 0.0793 0.0447 0.6173 0.0274 0.0474 0.0742 0.0624 
     D237397  4 0.2475 0.1283 0.0830 0.2091 0.0379 0.1038 0.1202 0.0701 
     D237398  4 0.0198 0.1312 0.0730 0.5878 0.0448 0.0294 0.0437 0.0702 
     D237399  4 0.1396 0.0900 0.1180 0.3770 0.0605 0.0699 0.0541 0.0909 
     D244001  4 0.0337 0.2313 0.0926 0.0380 0.1012 0.3207 0.1181 0.0644 
        D289  4 0.2420 0.1005 0.0478 0.0843 0.3263 0.0435 0.0864 0.0691 
        D290  4 0.0275 0.0822 0.6427 0.0549 0.0430 0.0358 0.0479 0.0660 
        D294  4 0.0533 0.2206 0.1754 0.0967 0.2932 0.0335 0.0427 0.0846 
        D295  4 0.0661 0.0921 0.1898 0.0947 0.1092 0.0623 0.0412 0.3445 
        D301  4 0.0453 0.0474 0.1067 0.1611 0.0370 0.5313 0.0434 0.0278 
        D302  4 0.0225 0.0476 0.0497 0.0256 0.7264 0.0238 0.0219 0.0825 
        D303  4 0.5334 0.0549 0.0707 0.0596 0.1052 0.0613 0.0787 0.0363 
        D304  4 0.0956 0.1620 0.3345 0.1968 0.0479 0.0276 0.0493 0.0862 
        D305  4 0.0151 0.3972 0.0462 0.0516 0.3386 0.0417 0.0830 0.0267 
        D306  4 0.0524 0.1557 0.6292 0.0229 0.0348 0.0384 0.0228 0.0438 
        D307  4 0.0736 0.0449 0.0306 0.0733 0.0695 0.6531 0.0332 0.0218 
        D327  4 0.0679 0.1018 0.0646 0.0795 0.0514 0.0271 0.0747 0.5329 
        D328  4 0.1605 0.0528 0.0824 0.0489 0.5525 0.0453 0.0333 0.0242 
        D329  4 0.0525 0.1516 0.1133 0.0890 0.2768 0.0653 0.1639 0.0876 
        D330  4 0.0220 0.1559 0.1520 0.0186 0.0982 0.0899 0.0676 0.3959 
        D331  4 0.0879 0.1143 0.3081 0.1884 0.0481 0.0614 0.0624 0.1295 
        D333  4 0.1442 0.1097 0.1254 0.1063 0.2733 0.0948 0.0768 0.0696 
        D334  4 0.5612 0.0721 0.0725 0.0633 0.0706 0.0601 0.0211 0.0791 
        D335  4 0.0453 0.0703 0.0479 0.0279 0.4975 0.0239 0.0464 0.2408 
        D370  4 0.1871 0.1046 0.2455 0.0434 0.1107 0.1906 0.0541 0.0638 
        D371  4 0.7221 0.0389 0.0249 0.0401 0.0252 0.0178 0.0452 0.0858 
        D372  4 0.0207 0.1301 0.1723 0.5542 0.0182 0.0180 0.0690 0.0174 
        D373  4 0.0252 0.0551 0.0299 0.1165 0.0837 0.5309 0.1150 0.0437 
        D455  4 0.0316 0.0458 0.0536 0.0734 0.1236 0.5879 0.0436 0.0405 
        D490  4 0.0358 0.0426 0.0583 0.0295 0.0486 0.7386 0.0161 0.0306 
        D497  4 0.0311 0.0917 0.0558 0.0375 0.1136 0.6238 0.0273 0.0192 
        D498  4 0.0845 0.1089 0.4002 0.1285 0.0425 0.0839 0.0720 0.0794 
        D499  4 0.1125 0.1582 0.1306 0.1400 0.1485 0.0381 0.2432 0.0289 
        D514  4 0.0260 0.1359 0.2511 0.0588 0.1384 0.0491 0.0329 0.3078 
        D515  4 0.0471 0.1435 0.5363 0.0287 0.0491 0.1115 0.0370 0.0468 
        D516  4 0.0947 0.1180 0.1026 0.1215 0.0293 0.1571 0.1186 0.2581 
        D517  4 0.0247 0.2800 0.0415 0.0869 0.0553 0.3368 0.0525 0.1224 
        D518  4 0.0733 0.0549 0.0365 0.0235 0.6255 0.1261 0.0270 0.0333 
        D519  4 0.0360 0.1689 0.3300 0.0997 0.0380 0.1828 0.0628 0.0818 
        D560  4 0.0249 0.1711 0.3578 0.1200 0.0737 0.0762 0.0629 0.1135 
        D561  4 0.0251 0.3704 0.1859 0.0274 0.0871 0.0990 0.0806 0.1244 
        D562  4 0.0671 0.1708 0.2465 0.0635 0.2193 0.0750 0.0806 0.0773 
        D563  4 0.0232 0.1237 0.0564 0.0667 0.1975 0.0631 0.4397 0.0297 
        D572  4 0.0248 0.0331 0.0366 0.0211 0.7777 0.0240 0.0298 0.0529 
        D629  4 0.0377 0.1503 0.0691 0.1271 0.1305 0.1447 0.0337 0.3070 
        D630  4 0.0588 0.1593 0.2730 0.1083 0.1641 0.0777 0.0424 0.1164 
        D631  4 0.0189 0.0437 0.0371 0.0383 0.7377 0.0275 0.0728 0.0241 
        D632  4 0.0245 0.0441 0.0387 0.0230 0.1664 0.5070 0.1432 0.0532 
        D646  4 0.0369 0.2315 0.0928 0.0535 0.0619 0.1723 0.0754 0.2758 
        D647  4 0.0199 0.0713 0.1047 0.0491 0.0997 0.0855 0.0612 0.5087 
        D648  4 0.0933 0.0367 0.1869 0.0179 0.5928 0.0206 0.0324 0.0195 
        D649  4 0.0310 0.0697 0.0494 0.0412 0.1943 0.2420 0.0269 0.3454 
        D650  4 0.1290 0.1154 0.1359 0.1160 0.1485 0.1186 0.0408 0.1959 
        D708  4 0.2546 0.1515 0.0949 0.1127 0.2598 0.0479 0.0327 0.0460 
        D709  4 0.0586 0.1818 0.4827 0.0368 0.0822 0.0571 0.0460 0.0547 
        D738  4 0.5745 0.0556 0.0549 0.0587 0.0349 0.1129 0.0257 0.0828 
        D739  4 0.0471 0.1795 0.3216 0.0836 0.1482 0.1235 0.0440 0.0525 
        D740  4 0.1252 0.2761 0.1059 0.1811 0.1041 0.1050 0.0748 0.0278 
        D741  4 0.0302 0.2754 0.1873 0.0451 0.0472 0.0860 0.1604 0.1683 
        D742  4 0.0881 0.1231 0.0793 0.1291 0.1008 0.0595 0.3805 0.0397 
        D743  4 0.0295 0.0443 0.0327 0.0430 0.4230 0.0285 0.0417 0.3574 
        D744  4 0.0222 0.0379 0.0306 0.0318 0.7819 0.0256 0.0420 0.0279 
        D745  4 0.0303 0.1546 0.3988 0.0631 0.0502 0.2295 0.0339 0.0397 
        D814  4 0.0229 0.3388 0.1018 0.1259 0.0844 0.0359 0.2262 0.0641 
        D815  4 0.0481 0.0714 0.1578 0.0641 0.4066 0.0515 0.0388 0.1617 
        D828  4 0.1082 0.0790 0.5323 0.0818 0.0814 0.0317 0.0698 0.0158 
        D845  4 0.0323 0.0260 0.0140 0.8195 0.0307 0.0123 0.0408 0.0244 
        D846  4 0.0160 0.1082 0.0659 0.0560 0.3732 0.0430 0.1577 0.1800 
        D847  4 0.0901 0.1338 0.2607 0.1625 0.0879 0.0838 0.0840 0.0971 
        D848  4 0.0254 0.0564 0.0271 0.1844 0.0461 0.5456 0.0949 0.0201 
        D849  4 0.0319 0.2383 0.3509 0.0409 0.0825 0.1560 0.0455 0.0540 
        D850  4 0.1141 0.2399 0.0450 0.1765 0.0639 0.0995 0.0657 0.1953 
        D856  4 0.0495 0.2415 0.3955 0.0601 0.0602 0.0836 0.0323 0.0773 
        D857  4 0.0418 0.0438 0.1546 0.0276 0.0406 0.6042 0.0739 0.0136 
        D859  4 0.0307 0.0692 0.0476 0.0824 0.6133 0.0302 0.0378 0.0888 
        D860  4 0.3684 0.0965 0.0274 0.1719 0.0847 0.0335 0.1225 0.0951 
        D883  4 0.1069 0.1130 0.0964 0.1100 0.0919 0.1729 0.0417 0.2672 
        D884  4 0.1143 0.1461 0.2449 0.0589 0.1480 0.1347 0.0319 0.1211 
        D885  4 0.0293 0.2244 0.0415 0.3431 0.1193 0.0476 0.1055 0.0894 
        D886  4 0.0306 0.0866 0.2971 0.0539 0.0905 0.2061 0.0699 0.1654 
        D887  4 0.0596 0.0950 0.1183 0.2705 0.1583 0.0649 0.1372 0.0961 
        D889  4 0.0209 0.1164 0.2036 0.5211 0.0560 0.0167 0.0181 0.0471 
        D890  4 0.1694 0.1215 0.1276 0.0989 0.1752 0.1436 0.1007 0.0632 
        D891  4 0.0132 0.0176 0.0126 0.8952 0.0144 0.0130 0.0160 0.0180 
        D899  4 0.0843 0.0891 0.0652 0.1232 0.0927 0.0264 0.4895 0.0295 
        D900  4 0.0767 0.1432 0.2334 0.0703 0.1683 0.0707 0.0904 0.1471 
        D970  4 0.0516 0.0898 0.0635 0.1154 0.4301 0.0504 0.0641 0.1351 
        D971  4 0.0927 0.0779 0.0557 0.0264 0.1570 0.0735 0.4288 0.0880 
        D979  4 0.0410 0.0667 0.0402 0.0376 0.4010 0.0225 0.0375 0.3535 
        D093  5 0.5915 0.0523 0.0627 0.1429 0.0391 0.0339 0.0355 0.0421 
        D154  5 0.0697 0.2409 0.2194 0.1464 0.0456 0.0246 0.2136 0.0397 
        D168  5 0.0197 0.1969 0.1217 0.1656 0.0437 0.0676 0.2925 0.0923 
        D189  5 0.2733 0.0804 0.2617 0.1945 0.0454 0.0286 0.0519 0.0642 
        D190  5 0.6446 0.0518 0.0380 0.0887 0.0709 0.0286 0.0364 0.0410 
     D237220  5 0.0971 0.1177 0.1494 0.2787 0.1386 0.1616 0.0271 0.0298 
     D237221  5 0.2053 0.0654 0.0613 0.3228 0.0972 0.0564 0.1049 0.0867 
     D237274  5 0.0254 0.0790 0.0477 0.0215 0.1500 0.0369 0.0626 0.5768 
     D237275  5 0.0294 0.0688 0.1848 0.0848 0.0204 0.0257 0.5610 0.0252 
     D237276  5 0.2162 0.0829 0.2412 0.0752 0.0821 0.1156 0.0431 0.1435 
     D237277  5 0.3784 0.0367 0.0314 0.3610 0.0784 0.0254 0.0558 0.0329 
     D237278  5 0.2069 0.1100 0.0849 0.0395 0.0936 0.0960 0.3228 0.0464 
     D237279  5 0.0241 0.2890 0.0459 0.0361 0.0765 0.4689 0.0251 0.0345 
     D237280  5 0.0911 0.1376 0.0524 0.0690 0.0567 0.3781 0.0312 0.1839 
     D237281  5 0.0294 0.1077 0.0380 0.3394 0.0309 0.0198 0.3515 0.0833 
     D237351  5 0.0881 0.0836 0.0446 0.0710 0.0310 0.6191 0.0326 0.0300 
     D237352  5 0.1148 0.0840 0.0614 0.0396 0.2265 0.2844 0.1056 0.0837 
     D237353  5 0.6243 0.0378 0.0253 0.1930 0.0447 0.0259 0.0237 0.0254 
     D237359  5 0.0577 0.1171 0.1418 0.4194 0.0991 0.0796 0.0343 0.0509 
     D237361  5 0.7717 0.0279 0.0324 0.0603 0.0225 0.0270 0.0279 0.0303 
     D237362  5 0.1401 0.1535 0.0592 0.2146 0.0640 0.0724 0.0778 0.2184 
     D237363  5 0.0565 0.6092 0.0839 0.0507 0.0241 0.0252 0.1099 0.0406 
     D237364  5 0.0206 0.1480 0.1860 0.1155 0.2122 0.0735 0.1429 0.1013 
     D237376  5 0.2036 0.0464 0.4444 0.0419 0.1698 0.0240 0.0543 0.0155 
     D237377  5 0.1145 0.1656 0.0299 0.0899 0.0504 0.2888 0.0913 0.1696 
     D237378  5 0.3646 0.0770 0.1005 0.1632 0.1380 0.0354 0.0943 0.0271 
     D237379  5 0.2266 0.0889 0.1750 0.0664 0.3240 0.0285 0.0488 0.0416 
     D237380  5 0.0880 0.0722 0.1634 0.0226 0.1022 0.5041 0.0171 0.0304 
     D237381  5 0.0760 0.1313 0.0921 0.0450 0.1398 0.3931 0.0569 0.0659 
     D237391  5 0.6115 0.0331 0.0265 0.2108 0.0311 0.0364 0.0198 0.0307 
     D237392  5 0.0408 0.1214 0.0874 0.0311 0.0674 0.0650 0.2148 0.3720 
     D237393  5 0.2544 0.0827 0.0543 0.0535 0.0432 0.0804 0.0775 0.3540 
     D237394  5 0.8051 0.0278 0.0190 0.0534 0.0286 0.0247 0.0144 0.0269 
     D237395  5 0.2131 0.0880 0.2767 0.2310 0.0276 0.0689 0.0594 0.0353 
     D237396  5 0.1460 0.1188 0.0191 0.0798 0.0543 0.1611 0.1069 0.3139 
     D244016  5 0.2303 0.2078 0.0577 0.1578 0.2156 0.0340 0.0662 0.0306 
     D244018  5 0.1970 0.0823 0.0308 0.1510 0.0401 0.0722 0.3519 0.0746 
     D244019  5 0.0510 0.2230 0.1165 0.1902 0.0814 0.0284 0.1508 0.1588 
        D279  5 0.0570 0.1050 0.0492 0.5884 0.0833 0.0340 0.0543 0.0288 
        D280  5 0.1725 0.2523 0.1037 0.2219 0.0330 0.0726 0.0639 0.0801 
        D281  5 0.0765 0.1447 0.0825 0.4717 0.0315 0.0202 0.1425 0.0304 
        D283  5 0.4394 0.0838 0.0218 0.1204 0.0601 0.0292 0.0461 0.1991 
        D284  5 0.0420 0.1585 0.4475 0.0793 0.0538 0.1027 0.0572 0.0591 
        D285  5 0.2785 0.1034 0.0580 0.3653 0.0663 0.0382 0.0236 0.0667 
        D286  5 0.1431 0.0877 0.2627 0.1295 0.1905 0.0433 0.0445 0.0987 
        D287  5 0.1573 0.0711 0.4433 0.0550 0.1782 0.0430 0.0316 0.0205 
        D288  5 0.0709 0.2256 0.0335 0.2687 0.0268 0.0329 0.0501 0.2915 
        D308  5 0.0395 0.0648 0.0310 0.0263 0.0267 0.6589 0.0281 0.1247 
        D309  5 0.0248 0.0698 0.0251 0.0160 0.7767 0.0368 0.0243 0.0265 
        D310  5 0.6822 0.1652 0.0407 0.0382 0.0205 0.0169 0.0154 0.0209 
        D311  5 0.1351 0.1526 0.1830 0.1010 0.1699 0.0350 0.0523 0.1711 
        D312  5 0.2391 0.1340 0.1164 0.0759 0.1969 0.0722 0.0707 0.0949 
        D313  5 0.0397 0.0257 0.0268 0.0169 0.0121 0.8445 0.0147 0.0197 
        D314  5 0.0656 0.1798 0.1759 0.2953 0.0884 0.0603 0.0978 0.0369 
        D315  5 0.3149 0.1133 0.1333 0.0531 0.0523 0.0821 0.0701 0.1809 
        D317  5 0.7355 0.0292 0.0416 0.0484 0.0214 0.0240 0.0230 0.0771 
        D318  5 0.0738 0.2307 0.1258 0.0765 0.1649 0.0634 0.1640 0.1010 
        D319  5 0.7620 0.0460 0.0339 0.0545 0.0250 0.0250 0.0233 0.0303 
        D320  5 0.5650 0.0642 0.0418 0.1408 0.0968 0.0387 0.0183 0.0345 
        D321  5 0.1024 0.0535 0.0192 0.1525 0.0230 0.5213 0.0146 0.1134 
        D336  5 0.6373 0.0563 0.1614 0.0316 0.0454 0.0194 0.0206 0.0279 
        D337  5 0.7686 0.0345 0.0199 0.0802 0.0274 0.0151 0.0311 0.0231 
        D338  5 0.1343 0.1456 0.1733 0.1809 0.0769 0.0565 0.0617 0.1708 
        D339  5 0.4957 0.1330 0.0666 0.1373 0.0226 0.0408 0.0588 0.0452 
        D347  5 0.0600 0.1174 0.3789 0.0460 0.0909 0.0211 0.1090 0.1767 
        D348  5 0.7053 0.0417 0.0360 0.0232 0.1226 0.0159 0.0255 0.0298 
        D349  5 0.0941 0.0416 0.0361 0.0571 0.0358 0.6775 0.0270 0.0308 
        D350  5 0.0237 0.0279 0.0377 0.0237 0.8193 0.0211 0.0259 0.0207 
        D355  5 0.0423 0.3264 0.0896 0.2029 0.0711 0.0226 0.1460 0.0990 
        D356  5 0.3201 0.0844 0.1173 0.1111 0.0662 0.0903 0.0348 0.1758 
        D357  5 0.1126 0.2700 0.3459 0.0679 0.0560 0.0446 0.0382 0.0647 
        D358  5 0.3811 0.1273 0.0697 0.0800 0.1507 0.0971 0.0595 0.0345 
        D359  5 0.4372 0.0880 0.0270 0.0562 0.1116 0.0248 0.0207 0.2346 
        D360  5 0.4592 0.0854 0.1159 0.1078 0.0432 0.0745 0.0252 0.0888 
        D361  5 0.0403 0.0426 0.0350 0.0266 0.0242 0.7622 0.0256 0.0434 
        D366  5 0.0283 0.0433 0.0250 0.0325 0.0274 0.0257 0.4548 0.3631 
        D367  5 0.4975 0.1505 0.0837 0.0578 0.1131 0.0465 0.0262 0.0246 
        D368  5 0.2614 0.1847 0.0683 0.1120 0.0575 0.1825 0.0321 0.1015 
        D380  5 0.0425 0.2104 0.0367 0.0760 0.4452 0.0734 0.0584 0.0573 
        D381  5 0.4929 0.1436 0.0316 0.1086 0.0800 0.0367 0.0420 0.0646 
        D400  5 0.2213 0.1112 0.1514 0.1827 0.1295 0.0324 0.0915 0.0799 
        D411  5 0.0169 0.0755 0.2152 0.0299 0.0297 0.5538 0.0475 0.0317 
        D412  5 0.0762 0.3785 0.1336 0.0631 0.0514 0.0644 0.1329 0.0999 
        D413  5 0.0336 0.0908 0.0500 0.0463 0.0814 0.0470 0.5636 0.0873 
        D414  5 0.0184 0.0653 0.0884 0.0702 0.6501 0.0189 0.0586 0.0301 
        D420  5 0.0398 0.1092 0.3063 0.3806 0.0191 0.0873 0.0287 0.0290 
        D431  5 0.0521 0.1875 0.2405 0.2133 0.1788 0.0624 0.0463 0.0190 
        D432  5 0.3860 0.1192 0.0532 0.1406 0.0524 0.1105 0.0716 0.0666 
        D433  5 0.4188 0.0635 0.0666 0.2420 0.0388 0.0345 0.0428 0.0930 
        D434  5 0.4828 0.1373 0.0710 0.0712 0.0516 0.0594 0.0291 0.0976 
        D440  5 0.0254 0.0361 0.0351 0.0215 0.8128 0.0274 0.0214 0.0204 
        D447  5 0.0297 0.2874 0.1119 0.0316 0.1186 0.0671 0.1184 0.2354 
        D448  5 0.4281 0.0954 0.2237 0.0762 0.0443 0.0182 0.0371 0.0771 
        D459  5 0.0387 0.0802 0.0379 0.2728 0.0862 0.0181 0.3880 0.0780 
        D460  5 0.1007 0.0673 0.0206 0.0374 0.0410 0.6122 0.0335 0.0873 
        D461  5 0.0271 0.0271 0.0220 0.0209 0.8065 0.0208 0.0177 0.0579 
        D468  5 0.1494 0.1929 0.2027 0.0500 0.0369 0.0466 0.0977 0.2238 
        D469  5 0.0804 0.0986 0.1015 0.0708 0.0853 0.0652 0.0363 0.4619 
        D470  5 0.0948 0.1893 0.3148 0.0543 0.1130 0.0757 0.0460 0.1121 
        D471  5 0.3917 0.0882 0.1942 0.1222 0.0673 0.0185 0.0365 0.0813 
        D472  5 0.0244 0.0400 0.0191 0.0864 0.0266 0.0203 0.1058 0.6775 
        D479  5 0.0293 0.0402 0.0636 0.0230 0.1098 0.0250 0.6634 0.0456 
        D485  5 0.0508 0.1083 0.4344 0.0404 0.2548 0.0322 0.0432 0.0358 
        D486  5 0.0759 0.1190 0.4842 0.0424 0.0354 0.0683 0.0714 0.1036 
        D487  5 0.1198 0.0771 0.0599 0.4624 0.1551 0.0254 0.0664 0.0339 
        D555  5 0.7046 0.0405 0.0435 0.0475 0.0238 0.0266 0.0885 0.0251 
        D556  5 0.1015 0.0827 0.0633 0.3922 0.2301 0.0570 0.0350 0.0383 
        D557  5 0.6967 0.0490 0.0291 0.0430 0.0588 0.0216 0.0614 0.0404 
        D564  5 0.2467 0.0861 0.0616 0.0319 0.3894 0.0927 0.0462 0.0455 
        D594  5 0.0858 0.2384 0.1892 0.0280 0.0879 0.0440 0.1503 0.1763 
        D595  5 0.2854 0.0942 0.0813 0.1100 0.0775 0.0543 0.1370 0.1603 
        D596  5 0.7453 0.0332 0.0457 0.0410 0.0190 0.0313 0.0535 0.0310 
        D597  5 0.2137 0.0733 0.0308 0.2424 0.0897 0.0326 0.2174 0.1001 
        D598  5 0.3236 0.1187 0.0663 0.0974 0.1079 0.1377 0.0660 0.0824 
        D617  5 0.0160 0.1534 0.1447 0.0545 0.0260 0.2772 0.2906 0.0375 
        D618  5 0.3435 0.0570 0.0395 0.3255 0.0811 0.0382 0.0522 0.0631 
        D619  5 0.1720 0.1486 0.1016 0.0314 0.0445 0.2325 0.0836 0.1859 
        D620  5 0.0402 0.0309 0.0242 0.0705 0.0282 0.0298 0.7022 0.0740 
        D628  5 0.0670 0.0765 0.1282 0.0316 0.5607 0.0737 0.0345 0.0277 
        D714  5 0.1111 0.1126 0.0827 0.3072 0.2826 0.0318 0.0489 0.0231 
        D715  5 0.5360 0.0538 0.0254 0.2061 0.0423 0.0293 0.0482 0.0589 
        D716  5 0.0723 0.1759 0.3370 0.0849 0.1124 0.0220 0.0891 0.1063 
        D717  5 0.1931 0.1160 0.0881 0.1656 0.1088 0.1006 0.0625 0.1653 
        D718  5 0.0526 0.1206 0.6900 0.0299 0.0230 0.0332 0.0292 0.0213 
        D769  5 0.0269 0.2240 0.2565 0.0451 0.0596 0.2431 0.0953 0.0495 
        D770  5 0.0779 0.1444 0.1159 0.1313 0.2562 0.0321 0.2069 0.0352 
        D771  5 0.0699 0.1631 0.2374 0.1236 0.0647 0.0844 0.1976 0.0592 
        D772  5 0.1165 0.0515 0.0439 0.0946 0.5943 0.0410 0.0233 0.0350 
        D782  5 0.0493 0.3817 0.0488 0.1678 0.0295 0.2146 0.0729 0.0353 
        D783  5 0.0911 0.1436 0.0644 0.1352 0.3086 0.0262 0.2063 0.0247 
        D784  5 0.1074 0.0908 0.0396 0.1845 0.3429 0.0527 0.0371 0.1449 
        D785  5 0.5437 0.0616 0.0511 0.0825 0.1198 0.0750 0.0256 0.0407 
        D786  5 0.0294 0.0876 0.1545 0.0327 0.1389 0.3189 0.0780 0.1601 
        D821  5 0.7685 0.0237 0.0221 0.0965 0.0451 0.0136 0.0145 0.0159 
        D822  5 0.1696 0.1754 0.1123 0.0566 0.1385 0.0351 0.1021 0.2105 
        D826  5 0.1963 0.1050 0.0792 0.3543 0.0570 0.0362 0.1152 0.0567 
        D827  5 0.0437 0.3262 0.0700 0.0398 0.0975 0.0412 0.1228 0.2588 
        D851  5 0.1293 0.3796 0.0726 0.1306 0.0770 0.0824 0.0588 0.0699 
        D852  5 0.0870 0.0875 0.0343 0.3140 0.3526 0.0484 0.0537 0.0226 
        D853  5 0.1875 0.0915 0.2298 0.3007 0.0513 0.0386 0.0384 0.0623 
        D854  5 0.0217 0.1734 0.3116 0.1634 0.0756 0.0415 0.0984 0.1143 
        D861  5 0.1257 0.2565 0.1387 0.1349 0.0755 0.0723 0.1321 0.0643 
        D862  5 0.2663 0.1619 0.0884 0.0547 0.0687 0.0362 0.0429 0.2808 
        D865  5 0.6162 0.0610 0.0667 0.0827 0.0334 0.0483 0.0570 0.0349 
        D868  5 0.0739 0.0482 0.0495 0.0791 0.0505 0.0303 0.0316 0.6370 
        D869  5 0.0450 0.0830 0.0779 0.0301 0.0181 0.6145 0.0778 0.0536 
        D870  5 0.0174 0.5264 0.1739 0.0265 0.0394 0.0521 0.0992 0.0650 
        D907  5 0.5812 0.1077 0.0903 0.0517 0.0280 0.0495 0.0498 0.0418 
        D908  5 0.0997 0.0400 0.0411 0.4783 0.1600 0.0461 0.1112 0.0237 
        D910  5 0.2719 0.0885 0.0709 0.2300 0.0472 0.0225 0.1827 0.0863 
        D911  5 0.0467 0.2579 0.0664 0.4219 0.0382 0.0174 0.0826 0.0688 
        D934  5 0.0318 0.1129 0.0680 0.3072 0.2702 0.0271 0.1330 0.0498 
        D946  5 0.0395 0.1021 0.0958 0.1357 0.4928 0.0402 0.0709 0.0230 
        D947  5 0.0374 0.1309 0.1594 0.2602 0.2303 0.0481 0.0332 0.1006 
