        D174  1 0.0411 0.0749 0.0706 0.0679 0.0293 0.0222 0.5009 0.1121 0.0810 
        D199  1 0.1577 0.0882 0.1361 0.1990 0.1169 0.0417 0.1646 0.0567 0.0391 
        D203  1 0.1497 0.0633 0.0742 0.2343 0.1020 0.0466 0.0725 0.1575 0.1000 
        D204  1 0.0384 0.0245 0.0303 0.7158 0.0212 0.0760 0.0244 0.0381 0.0313 
     D237366  1 0.0587 0.4543 0.0852 0.0652 0.0485 0.1127 0.0632 0.0882 0.0240 
     D237367  1 0.1021 0.1998 0.1222 0.3051 0.0349 0.0573 0.0443 0.0764 0.0578 
     D237368  1 0.0798 0.3588 0.0850 0.1353 0.0315 0.0520 0.1332 0.0518 0.0726 
     D244101  1 0.0735 0.0215 0.0692 0.1762 0.1085 0.4618 0.0243 0.0294 0.0354 
     D244102  1 0.0540 0.1002 0.0805 0.0699 0.0988 0.1060 0.0463 0.3070 0.1374 
     D244103  1 0.0646 0.2053 0.3026 0.1459 0.0374 0.0494 0.0565 0.0820 0.0564 
     D244104  1 0.0425 0.0425 0.0446 0.5725 0.0602 0.0381 0.1064 0.0191 0.0742 
     D244105  1 0.0307 0.3623 0.1726 0.0580 0.0488 0.0308 0.0181 0.1464 0.1324 
     D244106  1 0.1096 0.0276 0.0698 0.0866 0.0648 0.0319 0.4166 0.1619 0.0312 
     D244107  1 0.1196 0.3512 0.1235 0.0542 0.0284 0.0948 0.0177 0.0199 0.1907 
     D244108  1 0.0377 0.0372 0.0463 0.0566 0.0468 0.0400 0.2781 0.1035 0.3538 
     D244113  1 0.0579 0.0360 0.0676 0.0210 0.0269 0.1034 0.4830 0.1690 0.0352 
     D244114  1 0.0632 0.0620 0.2923 0.0858 0.1591 0.0570 0.0925 0.1416 0.0465 
     D244115  1 0.0339 0.0643 0.1499 0.1171 0.0578 0.0370 0.2560 0.0746 0.2093 
     D267365  1 0.0325 0.0855 0.0813 0.2960 0.1873 0.0499 0.1799 0.0427 0.0449 
        D404  1 0.0448 0.0214 0.0447 0.0324 0.0229 0.1140 0.2611 0.4152 0.0435 
        D405  1 0.1064 0.0471 0.0692 0.1110 0.0530 0.0715 0.0790 0.3682 0.0945 
        D406  1 0.0230 0.5957 0.0287 0.0732 0.0321 0.0702 0.0618 0.0339 0.0814 
        D407  1 0.1462 0.1404 0.0904 0.4900 0.0245 0.0208 0.0362 0.0252 0.0264 
        D408  1 0.0209 0.0249 0.0901 0.0703 0.1866 0.0464 0.4259 0.0547 0.0802 
        D409  1 0.0529 0.1050 0.5254 0.0848 0.0395 0.0467 0.0436 0.0443 0.0577 
        D410  1 0.0163 0.0249 0.0375 0.0635 0.0185 0.0333 0.0310 0.0296 0.7455 
        D421  1 0.0489 0.0139 0.0214 0.8364 0.0165 0.0131 0.0233 0.0111 0.0155 
        D422  1 0.0456 0.7292 0.0467 0.0625 0.0312 0.0181 0.0176 0.0175 0.0315 
        D423  1 0.0764 0.0660 0.0497 0.0763 0.0180 0.0199 0.0218 0.0355 0.6364 
        D424  1 0.0232 0.1109 0.1667 0.5414 0.0207 0.0258 0.0496 0.0355 0.0263 
        D425  1 0.0348 0.0396 0.1241 0.4229 0.0683 0.0343 0.1046 0.0823 0.0890 
        D426  1 0.0488 0.1072 0.6023 0.0480 0.0935 0.0221 0.0355 0.0198 0.0227 
        D427  1 0.3710 0.0334 0.0298 0.3148 0.0273 0.0161 0.1630 0.0176 0.0269 
        D428  1 0.0549 0.0989 0.0948 0.2724 0.0383 0.0836 0.1927 0.0675 0.0967 
        D429  1 0.0377 0.0481 0.1045 0.3616 0.0765 0.0351 0.1815 0.1053 0.0500 
        D430  1 0.0804 0.0430 0.1865 0.0891 0.1089 0.0289 0.1131 0.3001 0.0499 
        D491  1 0.0167 0.0254 0.0502 0.0571 0.0392 0.0280 0.7041 0.0338 0.0454 
        D492  1 0.0746 0.1173 0.1534 0.2424 0.0317 0.0502 0.1619 0.1121 0.0562 
        D537  1 0.0531 0.0761 0.0658 0.5785 0.0183 0.0798 0.0315 0.0341 0.0626 
        D538  1 0.0949 0.1028 0.1303 0.0686 0.0381 0.0613 0.1027 0.2913 0.1102 
        D539  1 0.0500 0.0699 0.0971 0.0409 0.3253 0.0679 0.1096 0.1428 0.0966 
        D540  1 0.0464 0.0712 0.2544 0.2695 0.0948 0.0387 0.0498 0.0503 0.1249 
        D541  1 0.0173 0.0221 0.0247 0.8418 0.0226 0.0199 0.0147 0.0152 0.0216 
        D551  1 0.2719 0.0977 0.2844 0.0719 0.1293 0.0359 0.0435 0.0312 0.0343 
        D552  1 0.0431 0.1203 0.0911 0.1031 0.0701 0.0651 0.2057 0.0212 0.2802 
        D553  1 0.0145 0.0242 0.0229 0.8403 0.0240 0.0183 0.0196 0.0134 0.0228 
        D615  1 0.0697 0.0440 0.0701 0.4047 0.0649 0.0232 0.0638 0.1265 0.1330 
        D616  1 0.1333 0.1180 0.1460 0.2466 0.0856 0.0274 0.0641 0.0509 0.1282 
        D621  1 0.0276 0.2210 0.0456 0.0171 0.0302 0.3425 0.1076 0.0421 0.1662 
        D622  1 0.0365 0.4691 0.0774 0.0462 0.0413 0.0634 0.0398 0.0616 0.1648 
        D623  1 0.1474 0.0270 0.0626 0.0266 0.0411 0.2392 0.2845 0.1086 0.0630 
        D624  1 0.0195 0.0343 0.0377 0.0298 0.0279 0.0173 0.7796 0.0276 0.0263 
        D625  1 0.0224 0.0741 0.0687 0.5655 0.0302 0.0518 0.0830 0.0451 0.0593 
        D626  1 0.0510 0.1562 0.0782 0.0860 0.0841 0.0310 0.2497 0.0689 0.1948 
        D627  1 0.0265 0.1213 0.4893 0.0903 0.1412 0.0270 0.0438 0.0355 0.0250 
        D690  1 0.0144 0.0495 0.0332 0.6959 0.0183 0.0339 0.0637 0.0189 0.0721 
        D691  1 0.0251 0.6023 0.0352 0.0805 0.0292 0.0315 0.0497 0.0581 0.0884 
        D710  1 0.0519 0.0968 0.1535 0.1826 0.0533 0.1317 0.1540 0.0473 0.1289 
        D711  1 0.0276 0.0440 0.0361 0.7036 0.0232 0.0362 0.0365 0.0622 0.0306 
        D712  1 0.0352 0.0918 0.0493 0.0320 0.0710 0.0532 0.5794 0.0428 0.0452 
        D713  1 0.0291 0.0776 0.1212 0.1491 0.0277 0.1606 0.1970 0.1723 0.0654 
        D746  1 0.0431 0.6606 0.0368 0.0908 0.0248 0.0331 0.0311 0.0217 0.0579 
        D747  1 0.0266 0.0168 0.0221 0.8315 0.0200 0.0291 0.0208 0.0159 0.0172 
        D748  1 0.0203 0.2467 0.0732 0.2649 0.0304 0.0662 0.0553 0.1135 0.1295 
        D749  1 0.0507 0.2905 0.1783 0.0305 0.0358 0.0894 0.1101 0.1158 0.0990 
        D750  1 0.0261 0.0478 0.0532 0.1412 0.0254 0.0468 0.5279 0.0389 0.0927 
        D763  1 0.1037 0.1225 0.1502 0.0888 0.1993 0.2026 0.0226 0.0478 0.0625 
        D764  1 0.0204 0.0703 0.0627 0.4295 0.0261 0.0214 0.2278 0.0273 0.1146 
        D765  1 0.0217 0.0756 0.0616 0.0381 0.0415 0.0181 0.1347 0.0812 0.5275 
        D766  1 0.0373 0.1257 0.0705 0.0863 0.0231 0.0948 0.0448 0.0381 0.4793 
        D767  1 0.0900 0.1202 0.0735 0.0907 0.0354 0.1873 0.0438 0.2635 0.0956 
        D768  1 0.0213 0.0239 0.0334 0.8246 0.0210 0.0163 0.0179 0.0170 0.0247 
        D811  1 0.0251 0.0275 0.1046 0.0375 0.0454 0.0280 0.1118 0.4348 0.1853 
        D816  1 0.0182 0.0232 0.0312 0.8023 0.0193 0.0219 0.0283 0.0216 0.0339 
        D825  1 0.0226 0.0355 0.1376 0.1077 0.0401 0.0299 0.1875 0.1604 0.2788 
        D866  1 0.1284 0.0363 0.0806 0.0648 0.3371 0.0241 0.1728 0.0599 0.0959 
        D867  1 0.0617 0.6092 0.0535 0.0249 0.0271 0.1071 0.0314 0.0458 0.0393 
        D871  1 0.0252 0.0759 0.6108 0.0686 0.0453 0.0441 0.0634 0.0384 0.0283 
        D872  1 0.0644 0.1000 0.0652 0.2227 0.0265 0.0573 0.0574 0.2211 0.1853 
        D873  1 0.0323 0.0422 0.0294 0.0113 0.0152 0.0528 0.0218 0.0574 0.7375 
        D874  1 0.0239 0.0183 0.0362 0.0630 0.0446 0.6622 0.0919 0.0386 0.0214 
        D875  1 0.0196 0.1411 0.5691 0.0502 0.0218 0.0269 0.0243 0.0846 0.0625 
        D876  1 0.0256 0.0679 0.0732 0.3892 0.0672 0.1213 0.1318 0.0380 0.0858 
        D877  1 0.0308 0.0181 0.0746 0.0359 0.0286 0.0688 0.1454 0.5625 0.0353 
        D892  1 0.0200 0.1433 0.0736 0.2780 0.0266 0.0532 0.1919 0.1531 0.0602 
        D893  1 0.0338 0.0629 0.0671 0.6249 0.0813 0.0480 0.0190 0.0250 0.0380 
        D894  1 0.0345 0.0495 0.0890 0.5850 0.0433 0.0356 0.0525 0.0704 0.0402 
        D915  1 0.0396 0.0514 0.0610 0.5052 0.0396 0.0261 0.0542 0.0563 0.1666 
        D916  1 0.0146 0.0237 0.0208 0.8443 0.0160 0.0191 0.0220 0.0168 0.0226 
        D917  1 0.0746 0.0550 0.1184 0.1371 0.1071 0.1469 0.2689 0.0511 0.0410 
        D925  1 0.0259 0.0489 0.0303 0.1905 0.0388 0.0215 0.0968 0.0299 0.5175 
        D926  1 0.0353 0.0839 0.2007 0.3349 0.0547 0.0986 0.0795 0.0469 0.0654 
        D927  1 0.2288 0.0899 0.1351 0.2192 0.1125 0.0455 0.0676 0.0643 0.0371 
        D928  1 0.0181 0.0144 0.0257 0.0778 0.0182 0.0213 0.7695 0.0240 0.0311 
        D929  1 0.0229 0.1057 0.0414 0.0322 0.0293 0.3684 0.0596 0.3104 0.0303 
        D936  1 0.0487 0.0277 0.0702 0.4444 0.1116 0.1863 0.0318 0.0323 0.0469 
        D938  1 0.0186 0.5841 0.0414 0.0346 0.0245 0.0756 0.0308 0.0333 0.1570 
        D956  1 0.0531 0.0278 0.0670 0.0342 0.0322 0.0274 0.5150 0.1789 0.0644 
        D957  1 0.0402 0.0902 0.0620 0.1166 0.0347 0.0652 0.0473 0.1662 0.3777 
        D958  1 0.0366 0.1010 0.0663 0.1886 0.0261 0.0803 0.1541 0.1013 0.2457 
        D959  1 0.1407 0.1211 0.1216 0.4995 0.0176 0.0182 0.0345 0.0243 0.0226 
        D960  1 0.0220 0.5516 0.0489 0.0333 0.0195 0.0455 0.0934 0.0715 0.1143 
        D989  1 0.0789 0.0398 0.0592 0.0477 0.0999 0.0267 0.5716 0.0417 0.0345 
        D990  1 0.0328 0.0804 0.0691 0.0218 0.1342 0.0254 0.0546 0.0237 0.5580 
        D023  2 0.0219 0.7771 0.0422 0.0580 0.0185 0.0233 0.0246 0.0127 0.0216 
        D130  2 0.0448 0.5605 0.0404 0.1099 0.0184 0.0246 0.0184 0.1483 0.0346 
        D131  2 0.0491 0.0376 0.3190 0.2151 0.1243 0.0563 0.0445 0.0672 0.0869 
        D163  2 0.0180 0.5831 0.0582 0.1205 0.0353 0.0435 0.0487 0.0234 0.0693 
        D164  2 0.4983 0.0325 0.0216 0.0149 0.0151 0.0217 0.0123 0.0197 0.3637 
        D165  2 0.0283 0.7607 0.0433 0.0320 0.0337 0.0335 0.0242 0.0153 0.0291 
        D166  2 0.0378 0.0770 0.1151 0.0522 0.0455 0.0732 0.0185 0.5339 0.0469 
        D167  2 0.7746 0.0162 0.0261 0.0197 0.0248 0.0145 0.0350 0.0693 0.0197 
        D192  2 0.8245 0.0148 0.0198 0.0108 0.0290 0.0283 0.0260 0.0262 0.0206 
        D193  2 0.0366 0.0491 0.0906 0.0284 0.0680 0.0714 0.1998 0.3955 0.0606 
        D206  2 0.3756 0.1095 0.1907 0.0984 0.0401 0.0634 0.0337 0.0335 0.0552 
        D207  2 0.5514 0.0270 0.1114 0.0355 0.0554 0.0263 0.0235 0.1400 0.0294 
        D208  2 0.0709 0.0589 0.0658 0.0596 0.3933 0.0494 0.1424 0.0634 0.0963 
        D209  2 0.4064 0.0447 0.1944 0.0368 0.0379 0.1448 0.0326 0.0327 0.0698 
        D210  2 0.1121 0.0338 0.0482 0.0801 0.1797 0.0456 0.4309 0.0370 0.0324 
     D229599  2 0.0471 0.1099 0.1634 0.1664 0.1833 0.1515 0.0615 0.0452 0.0718 
     D229600  2 0.3242 0.3481 0.0591 0.0391 0.0307 0.0296 0.0263 0.1022 0.0406 
     D237227  2 0.0569 0.0615 0.0810 0.0481 0.1308 0.0277 0.3747 0.0340 0.1852 
     D237228  2 0.0726 0.0190 0.0959 0.0149 0.0858 0.0205 0.1641 0.1050 0.4223 
     D237258  2 0.1804 0.1417 0.1405 0.0635 0.1385 0.0528 0.0843 0.1021 0.0961 
     D237310  2 0.0571 0.0274 0.0712 0.0154 0.0271 0.0364 0.0393 0.3897 0.3364 
     D237311  2 0.1717 0.0433 0.0417 0.0170 0.0333 0.0221 0.0326 0.1975 0.4408 
     D237312  2 0.0291 0.0762 0.0589 0.0293 0.0250 0.0611 0.0407 0.4728 0.2068 
     D237313  2 0.0304 0.0488 0.1482 0.1458 0.1385 0.0767 0.0730 0.0421 0.2966 
     D237322  2 0.0530 0.0491 0.1707 0.0345 0.2250 0.1264 0.0629 0.1614 0.1171 
     D237323  2 0.0300 0.0847 0.0467 0.0178 0.0595 0.0304 0.1399 0.1790 0.4120 
     D237324  2 0.2414 0.2252 0.2168 0.0695 0.0811 0.0505 0.0205 0.0346 0.0604 
     D237325  2 0.0745 0.1661 0.0798 0.0272 0.0419 0.0707 0.0758 0.1598 0.3041 
     D237326  2 0.0439 0.0564 0.0501 0.0779 0.0244 0.0544 0.0805 0.0482 0.5643 
     D237327  2 0.1200 0.1335 0.1488 0.0847 0.2717 0.0954 0.0433 0.0690 0.0336 
     D237337  2 0.0182 0.0393 0.0392 0.0254 0.0279 0.0263 0.0371 0.0618 0.7248 
     D237338  2 0.0801 0.1415 0.1373 0.0627 0.1114 0.0949 0.1191 0.0913 0.1618 
     D237339  2 0.0977 0.0234 0.0602 0.0342 0.0430 0.6395 0.0238 0.0442 0.0340 
     D237340  2 0.1736 0.0648 0.0597 0.0228 0.0524 0.0492 0.1356 0.1818 0.2602 
     D237389  2 0.0757 0.0391 0.0559 0.0219 0.0214 0.0310 0.0260 0.3330 0.3961 
     D237390  2 0.0258 0.0742 0.0715 0.0332 0.0611 0.0605 0.0574 0.2867 0.3295 
     D244017  2 0.2866 0.0439 0.0833 0.0297 0.0478 0.0261 0.2377 0.2035 0.0413 
     D244112  2 0.7402 0.0360 0.0251 0.0222 0.0204 0.0183 0.0284 0.0864 0.0230 
     D244118  2 0.5487 0.2292 0.0251 0.0143 0.0289 0.0397 0.0353 0.0370 0.0418 
     D244119  2 0.2647 0.0174 0.0249 0.0218 0.0243 0.0133 0.5731 0.0253 0.0353 
     D244120  2 0.2570 0.0307 0.0537 0.0166 0.0717 0.0593 0.0515 0.4315 0.0279 
     D244122  2 0.6410 0.0523 0.0385 0.0284 0.0314 0.0369 0.0421 0.0876 0.0417 
        D291  2 0.0651 0.0787 0.1600 0.0777 0.4786 0.0238 0.0216 0.0544 0.0400 
        D292  2 0.1785 0.0305 0.0633 0.1749 0.2678 0.0572 0.0564 0.0559 0.1155 
        D293  2 0.5139 0.0161 0.0682 0.1265 0.0482 0.1591 0.0194 0.0232 0.0253 
        D322  2 0.4809 0.0410 0.0632 0.1063 0.0345 0.1651 0.0190 0.0361 0.0538 
        D323  2 0.1797 0.0556 0.2311 0.0633 0.0886 0.1249 0.0515 0.1080 0.0973 
        D324  2 0.0479 0.0775 0.1447 0.1623 0.3226 0.0304 0.0612 0.0454 0.1079 
        D325  2 0.7510 0.0220 0.0379 0.0521 0.0480 0.0339 0.0136 0.0198 0.0218 
        D326  2 0.0172 0.0157 0.0299 0.8182 0.0309 0.0188 0.0347 0.0167 0.0179 
        D340  2 0.8199 0.0198 0.0203 0.0253 0.0271 0.0263 0.0241 0.0161 0.0210 
        D341  2 0.5508 0.0435 0.0507 0.0529 0.0820 0.0470 0.0412 0.0628 0.0692 
        D342  2 0.6028 0.0926 0.0534 0.0266 0.0412 0.0295 0.0258 0.0542 0.0739 
        D343  2 0.8785 0.0137 0.0165 0.0210 0.0170 0.0197 0.0115 0.0113 0.0107 
        D344  2 0.0667 0.0233 0.1083 0.0805 0.0300 0.4239 0.0243 0.1770 0.0660 
        D345  2 0.0447 0.0737 0.0787 0.0705 0.0497 0.2211 0.0415 0.0239 0.3964 
        D346  2 0.0862 0.0347 0.0849 0.0602 0.0857 0.0463 0.4895 0.0469 0.0657 
        D351  2 0.0414 0.0625 0.2026 0.2793 0.1519 0.0768 0.0308 0.0681 0.0866 
        D352  2 0.0403 0.0289 0.1037 0.0250 0.0316 0.6326 0.0517 0.0424 0.0437 
        D353  2 0.0363 0.0247 0.4441 0.2355 0.0423 0.1416 0.0186 0.0337 0.0233 
        D354  2 0.0181 0.0253 0.0488 0.0472 0.0239 0.6918 0.0559 0.0313 0.0579 
        D362  2 0.0341 0.0732 0.0400 0.6634 0.0297 0.0244 0.0424 0.0301 0.0629 
        D363  2 0.0285 0.0470 0.0531 0.6636 0.0293 0.0317 0.0687 0.0225 0.0556 
        D364  2 0.0321 0.0265 0.0788 0.2502 0.0240 0.3782 0.0493 0.0345 0.1263 
        D365  2 0.8279 0.0133 0.0235 0.0254 0.0185 0.0363 0.0227 0.0181 0.0142 
        D369  2 0.1130 0.0465 0.1115 0.1919 0.1589 0.0276 0.1856 0.0435 0.1215 
        D374  2 0.0269 0.0183 0.0391 0.0201 0.0269 0.0359 0.5262 0.2450 0.0616 
        D375  2 0.0177 0.0235 0.0422 0.0210 0.0155 0.7851 0.0210 0.0460 0.0280 
        D376  2 0.0345 0.0235 0.0494 0.0205 0.0327 0.0661 0.5512 0.1417 0.0803 
        D377  2 0.0698 0.0680 0.1758 0.0332 0.0977 0.0812 0.0745 0.1318 0.2680 
        D378  2 0.2258 0.1145 0.0971 0.1297 0.0542 0.2739 0.0314 0.0249 0.0484 
        D379  2 0.0307 0.0297 0.0706 0.6683 0.0372 0.0454 0.0304 0.0378 0.0498 
        D384  2 0.0173 0.0146 0.0245 0.8116 0.0247 0.0172 0.0474 0.0143 0.0284 
        D385  2 0.6635 0.0167 0.0395 0.0235 0.0234 0.1390 0.0389 0.0296 0.0260 
        D386  2 0.0702 0.0716 0.1030 0.0911 0.0316 0.5374 0.0225 0.0378 0.0347 
        D391  2 0.6621 0.0227 0.0363 0.0329 0.0303 0.1457 0.0187 0.0223 0.0290 
        D392  2 0.5440 0.0408 0.0580 0.0707 0.0353 0.0265 0.0516 0.0478 0.1254 
        D393  2 0.0769 0.0619 0.0596 0.1737 0.2267 0.2729 0.0260 0.0242 0.0782 
        D394  2 0.0911 0.1569 0.1256 0.0879 0.0407 0.1732 0.0487 0.0882 0.1877 
        D395  2 0.3081 0.0276 0.1035 0.0197 0.0413 0.4036 0.0304 0.0433 0.0225 
        D401  2 0.0340 0.0185 0.0521 0.0234 0.0291 0.0134 0.0408 0.0675 0.7211 
        D402  2 0.6957 0.0201 0.0296 0.0226 0.0638 0.0841 0.0193 0.0292 0.0355 
        D403  2 0.0419 0.1206 0.2054 0.2727 0.0476 0.1441 0.0279 0.0892 0.0506 
        D415  2 0.0349 0.0454 0.2035 0.5080 0.0253 0.0374 0.0183 0.0384 0.0890 
        D435  2 0.1898 0.0364 0.0426 0.4916 0.0652 0.0648 0.0200 0.0244 0.0651 
        D436  2 0.0301 0.0428 0.0859 0.1174 0.0349 0.4511 0.0653 0.1268 0.0457 
        D438  2 0.8445 0.0184 0.0195 0.0179 0.0152 0.0184 0.0347 0.0162 0.0153 
        D439  2 0.0503 0.0542 0.1050 0.0529 0.0385 0.6006 0.0206 0.0174 0.0606 
        D449  2 0.6291 0.0348 0.1163 0.0816 0.0246 0.0246 0.0317 0.0237 0.0336 
        D450  2 0.0258 0.0717 0.1742 0.1382 0.0572 0.2568 0.1463 0.0881 0.0416 
        D456  2 0.0136 0.0204 0.0331 0.8230 0.0226 0.0228 0.0292 0.0167 0.0185 
        D462  2 0.6873 0.0269 0.0261 0.0450 0.0215 0.1423 0.0141 0.0177 0.0191 
        D463  2 0.0147 0.0166 0.0302 0.8108 0.0198 0.0285 0.0387 0.0210 0.0197 
        D464  2 0.0984 0.0237 0.2732 0.0922 0.0245 0.3251 0.0325 0.1060 0.0244 
        D465  2 0.4830 0.0335 0.0747 0.1873 0.0383 0.0245 0.0293 0.0600 0.0694 
        D473  2 0.0498 0.0751 0.0697 0.0300 0.0435 0.1080 0.4533 0.0735 0.0971 
        D474  2 0.0607 0.0599 0.0558 0.4946 0.1619 0.0336 0.0471 0.0208 0.0656 
        D476  2 0.0501 0.3184 0.0382 0.0209 0.0330 0.4835 0.0163 0.0222 0.0174 
        D477  2 0.0262 0.0298 0.0791 0.2101 0.1120 0.2739 0.0556 0.0349 0.1784 
        D478  2 0.0782 0.2576 0.1818 0.0461 0.0530 0.1047 0.1274 0.1060 0.0452 
        D480  2 0.1052 0.0321 0.0983 0.1653 0.1199 0.2828 0.1089 0.0494 0.0381 
        D481  2 0.0718 0.1152 0.1198 0.2052 0.0575 0.1752 0.1024 0.0421 0.1107 
        D482  2 0.0356 0.0623 0.1054 0.0246 0.2322 0.2990 0.0685 0.0828 0.0895 
        D483  2 0.7512 0.0262 0.0292 0.0205 0.0241 0.0173 0.0882 0.0201 0.0231 
        D484  2 0.0301 0.0220 0.0271 0.0139 0.0244 0.7598 0.0267 0.0706 0.0255 
        D510  2 0.0314 0.0261 0.0471 0.0283 0.1592 0.0448 0.5387 0.0870 0.0374 
        D511  2 0.0690 0.0448 0.0499 0.0694 0.0576 0.6273 0.0195 0.0276 0.0349 
        D512  2 0.2087 0.0442 0.1256 0.0268 0.0389 0.0362 0.0150 0.1848 0.3197 
        D513  2 0.5290 0.0308 0.0843 0.0878 0.0762 0.0386 0.0620 0.0403 0.0510 
        D635  2 0.0529 0.3802 0.1359 0.2781 0.0316 0.0249 0.0307 0.0189 0.0467 
        D636  2 0.0228 0.7609 0.0309 0.0296 0.0167 0.0198 0.0224 0.0152 0.0817 
        D637  2 0.1594 0.0354 0.0933 0.0279 0.0776 0.2981 0.0821 0.1180 0.1082 
        D658  2 0.3694 0.0319 0.0488 0.0268 0.0353 0.2330 0.0919 0.0863 0.0767 
        D659  2 0.0415 0.0651 0.0803 0.6052 0.0578 0.0577 0.0366 0.0245 0.0314 
        D677  2 0.0777 0.1502 0.0996 0.2331 0.1030 0.0529 0.0218 0.1365 0.1252 
        D678  2 0.6167 0.0368 0.0862 0.0233 0.0351 0.0280 0.0229 0.1103 0.0407 
        D679  2 0.0695 0.0543 0.1451 0.3181 0.1688 0.0881 0.0526 0.0332 0.0704 
        D719  2 0.1601 0.0190 0.0639 0.1326 0.1008 0.0697 0.3607 0.0264 0.0667 
        D720  2 0.0389 0.0290 0.0490 0.6792 0.0371 0.0222 0.0800 0.0243 0.0403 
        D721  2 0.0587 0.6103 0.1106 0.0477 0.0390 0.0447 0.0491 0.0162 0.0238 
        D722  2 0.0645 0.0275 0.0793 0.0328 0.0706 0.0488 0.3544 0.1863 0.1359 
        D734  2 0.0683 0.0177 0.0439 0.0242 0.0425 0.6235 0.1326 0.0303 0.0171 
        D735  2 0.0655 0.0506 0.1899 0.1639 0.0886 0.1255 0.0928 0.0444 0.1788 
        D736  2 0.0708 0.0521 0.0841 0.0620 0.2418 0.0851 0.2948 0.0383 0.0711 
        D737  2 0.5008 0.0460 0.0493 0.0192 0.0885 0.1510 0.0499 0.0486 0.0467 
        D807  2 0.0565 0.0517 0.0681 0.1343 0.1649 0.1043 0.2000 0.1078 0.1124 
        D808  2 0.1026 0.0759 0.2192 0.0687 0.0904 0.0652 0.0403 0.1979 0.1398 
        D817  2 0.0348 0.0516 0.1471 0.2940 0.0978 0.0946 0.0438 0.0589 0.1774 
        D818  2 0.2552 0.1330 0.2092 0.0741 0.1401 0.0505 0.0331 0.0731 0.0318 
        D819  2 0.0489 0.0602 0.2100 0.1560 0.0774 0.0414 0.0431 0.0910 0.2720 
        D820  2 0.0464 0.0243 0.0321 0.6863 0.0365 0.1091 0.0238 0.0197 0.0219 
        D895  2 0.0700 0.1399 0.1538 0.3044 0.0484 0.0737 0.0596 0.0273 0.1229 
        D896  2 0.0171 0.0301 0.0248 0.0213 0.0203 0.0214 0.0416 0.0891 0.7342 
        D897  2 0.5578 0.0416 0.0789 0.0355 0.0682 0.0476 0.0307 0.0643 0.0754 
        D898  2 0.0362 0.0512 0.2229 0.0463 0.1405 0.0614 0.0472 0.1466 0.2476 
        D918  2 0.1090 0.0966 0.1376 0.0448 0.0995 0.1472 0.0780 0.1138 0.1735 
        D919  2 0.1014 0.0435 0.1645 0.1276 0.0705 0.3787 0.0250 0.0578 0.0310 
        D920  2 0.0381 0.5945 0.0439 0.0316 0.0273 0.0422 0.0944 0.0771 0.0508 
        D923  2 0.0361 0.0278 0.0723 0.5922 0.0383 0.1344 0.0332 0.0342 0.0314 
        D930  2 0.0494 0.0287 0.1711 0.2063 0.0676 0.1774 0.1073 0.0927 0.0993 
        D931  2 0.1461 0.0446 0.0722 0.2639 0.0475 0.2734 0.0352 0.0692 0.0479 
        D968  2 0.7085 0.0174 0.0475 0.0283 0.0813 0.0368 0.0185 0.0354 0.0263 
        D969  2 0.2002 0.0404 0.1411 0.1889 0.2025 0.0589 0.0697 0.0373 0.0611 
        D977  2 0.7308 0.0317 0.0336 0.0348 0.0465 0.0354 0.0284 0.0365 0.0223 
        D978  2 0.1541 0.0367 0.1793 0.0337 0.3467 0.0386 0.0360 0.1478 0.0269 
        D211  3 0.0339 0.6029 0.0677 0.0716 0.0499 0.0549 0.0296 0.0483 0.0413 
     D229639  3 0.0640 0.0297 0.0585 0.0882 0.5603 0.0282 0.0677 0.0513 0.0522 
     D237212  3 0.0683 0.0923 0.1102 0.0893 0.2309 0.2256 0.0277 0.0613 0.0944 
     D237213  3 0.0450 0.1172 0.1410 0.0443 0.0824 0.1125 0.0243 0.1324 0.3010 
     D237214  3 0.0165 0.7638 0.0671 0.0268 0.0163 0.0262 0.0360 0.0282 0.0190 
     D237215  3 0.4505 0.0233 0.0484 0.0206 0.1216 0.0216 0.1214 0.1416 0.0509 
     D237216  3 0.0370 0.1102 0.5279 0.0564 0.1018 0.0488 0.0301 0.0382 0.0495 
     D237217  3 0.0458 0.3767 0.1611 0.1341 0.0888 0.0314 0.0206 0.0468 0.0947 
     D237218  3 0.0417 0.0674 0.0941 0.0736 0.3894 0.2072 0.0635 0.0334 0.0299 
     D237219  3 0.0340 0.1293 0.1233 0.0511 0.1986 0.0276 0.0614 0.0757 0.2990 
     D237382  3 0.0499 0.0462 0.0741 0.0878 0.0488 0.0377 0.1052 0.4450 0.1054 
     D244127  3 0.0818 0.0596 0.0875 0.0259 0.1071 0.0423 0.0261 0.0674 0.5023 
     D244129  3 0.0895 0.1238 0.1290 0.1133 0.1044 0.0796 0.0449 0.1155 0.2000 
     D244133  3 0.1862 0.1025 0.1814 0.1258 0.0939 0.0180 0.1249 0.0801 0.0872 
     D244134  3 0.0364 0.0407 0.0451 0.0287 0.5162 0.0312 0.1459 0.0215 0.1343 
     D244135  3 0.0701 0.7074 0.0454 0.0481 0.0272 0.0262 0.0202 0.0246 0.0307 
     D244136  3 0.0960 0.0691 0.1493 0.1835 0.1149 0.0317 0.2025 0.0850 0.0679 
        D416  3 0.1895 0.0917 0.2153 0.0747 0.0768 0.0501 0.0401 0.0338 0.2279 
        D417  3 0.0229 0.0413 0.0387 0.6225 0.0307 0.0367 0.0391 0.1095 0.0586 
        D419  3 0.0727 0.0927 0.1108 0.1026 0.2615 0.0469 0.0530 0.0499 0.2099 
        D565  3 0.0163 0.0238 0.0279 0.0416 0.0382 0.0206 0.7844 0.0172 0.0300 
        D566  3 0.0747 0.0308 0.0904 0.0747 0.3308 0.0228 0.2391 0.0524 0.0843 
        D567  3 0.0508 0.1057 0.0713 0.4300 0.0317 0.0710 0.0337 0.0372 0.1686 
        D568  3 0.1415 0.1709 0.0822 0.1318 0.0931 0.1760 0.0219 0.0660 0.1168 
        D569  3 0.0799 0.0879 0.0943 0.0211 0.0500 0.5175 0.0557 0.0587 0.0348 
        D573  3 0.1456 0.0240 0.1297 0.2063 0.3386 0.0459 0.0354 0.0278 0.0467 
        D574  3 0.0635 0.0565 0.1623 0.0380 0.1055 0.0466 0.3412 0.1113 0.0751 
        D575  3 0.0657 0.1645 0.0935 0.0679 0.1192 0.0320 0.0786 0.0277 0.3509 
        D576  3 0.5344 0.0443 0.0717 0.0100 0.1079 0.0238 0.0425 0.1428 0.0226 
        D577  3 0.0304 0.1385 0.0776 0.4782 0.0658 0.0711 0.0465 0.0541 0.0377 
        D578  3 0.0267 0.7750 0.0573 0.0201 0.0247 0.0185 0.0215 0.0289 0.0272 
        D579  3 0.0814 0.0701 0.0963 0.1421 0.1835 0.1552 0.1456 0.0474 0.0783 
        D660  3 0.5428 0.0513 0.1563 0.0199 0.0414 0.0474 0.0207 0.0580 0.0622 
        D661  3 0.2733 0.0846 0.1010 0.0362 0.2800 0.1034 0.0254 0.0598 0.0364 
        D663  3 0.0812 0.0382 0.1405 0.0683 0.4940 0.0535 0.0250 0.0800 0.0193 
        D664  3 0.1885 0.1623 0.1581 0.0245 0.0743 0.0396 0.0733 0.1095 0.1699 
        D665  3 0.0405 0.1648 0.2907 0.0183 0.0602 0.0793 0.0156 0.2433 0.0874 
        D666  3 0.0352 0.0546 0.0918 0.0752 0.1126 0.0364 0.0753 0.0364 0.4825 
        D009  4 0.0305 0.2957 0.1157 0.1321 0.0526 0.1429 0.0397 0.0773 0.1135 
        D057  4 0.1096 0.2398 0.0372 0.0396 0.0675 0.4285 0.0270 0.0313 0.0196 
        D109  4 0.0288 0.0954 0.1762 0.0489 0.0329 0.0443 0.0576 0.0834 0.4326 
     D237222  4 0.0321 0.4944 0.0393 0.0486 0.0288 0.0476 0.1638 0.1120 0.0333 
     D237223  4 0.0681 0.1497 0.1144 0.0521 0.0648 0.0675 0.1010 0.2516 0.1308 
     D237224  4 0.1459 0.0597 0.1161 0.1187 0.1880 0.2332 0.0392 0.0337 0.0656 
     D237225  4 0.0576 0.1345 0.2441 0.1556 0.1022 0.0796 0.0664 0.0719 0.0882 
     D237299  4 0.0515 0.0616 0.2708 0.0196 0.0835 0.0308 0.0392 0.3837 0.0595 
     D237300  4 0.0430 0.0299 0.0376 0.0236 0.7238 0.0278 0.0352 0.0350 0.0441 
     D237306  4 0.0271 0.0457 0.0687 0.0796 0.0357 0.0467 0.3811 0.2086 0.1067 
     D237307  4 0.0622 0.0499 0.0950 0.3567 0.1023 0.0274 0.1840 0.0710 0.0514 
     D237308  4 0.3906 0.0534 0.0595 0.0444 0.0514 0.1927 0.0692 0.0298 0.1090 
     D237309  4 0.0661 0.2085 0.2177 0.1460 0.0570 0.1020 0.0298 0.0811 0.0918 
     D237317  4 0.0330 0.0729 0.1265 0.1587 0.0695 0.0457 0.3801 0.0457 0.0679 
     D237318  4 0.0531 0.0207 0.0659 0.0355 0.7068 0.0210 0.0317 0.0408 0.0243 
     D237319  4 0.0693 0.1361 0.1617 0.0759 0.0810 0.0458 0.0413 0.2554 0.1335 
     D237320  4 0.0996 0.1849 0.0814 0.0808 0.1460 0.0350 0.0421 0.1726 0.1577 
     D237321  4 0.0902 0.0401 0.0745 0.0597 0.5246 0.0323 0.0476 0.0584 0.0726 
     D237397  4 0.1113 0.1051 0.0787 0.0629 0.1787 0.0337 0.1978 0.1351 0.0967 
     D237398  4 0.0435 0.0491 0.1370 0.0630 0.5682 0.0491 0.0190 0.0455 0.0257 
     D237399  4 0.0433 0.1142 0.0698 0.1009 0.2832 0.0474 0.1807 0.1036 0.0570 
     D244001  4 0.1547 0.4540 0.0802 0.0289 0.0435 0.0737 0.0377 0.0860 0.0412 
        D289  4 0.0743 0.0703 0.0799 0.0748 0.0850 0.3014 0.2379 0.0365 0.0399 
        D290  4 0.0349 0.0418 0.0346 0.0819 0.0469 0.0352 0.0276 0.6742 0.0229 
        D294  4 0.0531 0.0876 0.2274 0.0920 0.0679 0.2943 0.0491 0.1021 0.0265 
        D295  4 0.0356 0.0546 0.0691 0.2951 0.0719 0.0641 0.0461 0.1820 0.1815 
        D301  4 0.0516 0.4549 0.0458 0.0222 0.1359 0.0349 0.0517 0.1390 0.0639 
        D302  4 0.0187 0.0392 0.0413 0.0648 0.0251 0.7206 0.0187 0.0511 0.0205 
        D303  4 0.0689 0.0364 0.0670 0.0402 0.0422 0.0831 0.5082 0.0606 0.0935 
        D304  4 0.0408 0.0624 0.0995 0.0876 0.2062 0.0353 0.0993 0.3347 0.0341 
        D305  4 0.1289 0.0402 0.3287 0.0213 0.0568 0.3104 0.0143 0.0536 0.0457 
        D306  4 0.0271 0.0480 0.0934 0.0465 0.0263 0.0259 0.0401 0.6665 0.0263 
        D307  4 0.0283 0.6577 0.0291 0.0221 0.0566 0.0557 0.0817 0.0280 0.0409 
        D327  4 0.0573 0.0409 0.1452 0.4907 0.0525 0.0496 0.0801 0.0543 0.0294 
        D328  4 0.0288 0.0340 0.0564 0.0252 0.0360 0.4471 0.1287 0.1567 0.0872 
        D329  4 0.1260 0.1180 0.1330 0.0586 0.0814 0.2845 0.0533 0.0731 0.0721 
        D330  4 0.0631 0.0915 0.1280 0.2435 0.0209 0.0762 0.0203 0.1516 0.2049 
        D331  4 0.0424 0.0462 0.0937 0.1608 0.2013 0.0365 0.0732 0.2576 0.0884 
        D333  4 0.0894 0.0843 0.0599 0.0734 0.0871 0.2306 0.0935 0.1490 0.1329 
        D334  4 0.0265 0.0967 0.0528 0.0823 0.0498 0.0713 0.5302 0.0624 0.0280 
        D335  4 0.0428 0.0325 0.0720 0.1654 0.0330 0.5133 0.0358 0.0647 0.0406 
        D370  4 0.0570 0.0416 0.0731 0.0411 0.0448 0.0689 0.0990 0.2060 0.3684 
        D371  4 0.0406 0.0187 0.0428 0.1066 0.0305 0.0221 0.6807 0.0321 0.0258 
        D372  4 0.0841 0.0214 0.1376 0.0159 0.5333 0.0257 0.0382 0.1104 0.0334 
        D373  4 0.0828 0.5787 0.0623 0.0356 0.1032 0.0468 0.0343 0.0229 0.0335 
        D455  4 0.0355 0.6599 0.0306 0.0429 0.0560 0.0793 0.0275 0.0390 0.0291 
        D490  4 0.0139 0.8036 0.0233 0.0294 0.0188 0.0308 0.0246 0.0283 0.0274 
        D497  4 0.0238 0.6701 0.0475 0.0193 0.0528 0.0764 0.0238 0.0352 0.0512 
        D498  4 0.0479 0.0487 0.0717 0.0632 0.1275 0.0326 0.0722 0.4049 0.1314 
        D499  4 0.1750 0.0284 0.2205 0.0273 0.1136 0.1487 0.1030 0.1127 0.0709 
        D514  4 0.0406 0.0531 0.1907 0.2835 0.0613 0.1278 0.0201 0.1648 0.0580 
        D515  4 0.0390 0.1116 0.0643 0.0413 0.0219 0.0582 0.0266 0.5328 0.1044 
        D516  4 0.0839 0.0949 0.1168 0.1558 0.0975 0.0309 0.0633 0.1018 0.2549 
        D517  4 0.0366 0.5669 0.1125 0.0695 0.0728 0.0327 0.0225 0.0263 0.0601 
        D518  4 0.0415 0.1714 0.0510 0.0285 0.0250 0.5466 0.0705 0.0425 0.0229 
        D519  4 0.0706 0.2078 0.0866 0.0748 0.0998 0.0321 0.0298 0.2603 0.1383 
        D560  4 0.1017 0.1080 0.1017 0.1105 0.1043 0.0772 0.0248 0.3036 0.0682 
        D561  4 0.0587 0.2009 0.4169 0.0972 0.0281 0.0714 0.0254 0.0573 0.0441 
        D562  4 0.0660 0.2536 0.1399 0.0601 0.0639 0.1625 0.0676 0.1447 0.0418 
        D563  4 0.4076 0.0689 0.1313 0.0295 0.0838 0.1384 0.0212 0.0723 0.0469 
        D572  4 0.0285 0.0540 0.0415 0.0527 0.0239 0.7068 0.0321 0.0408 0.0196 
        D629  4 0.0303 0.3538 0.1050 0.1962 0.0925 0.0898 0.0284 0.0330 0.0709 
        D630  4 0.0450 0.2059 0.0878 0.1198 0.0930 0.1015 0.0550 0.2556 0.0364 
        D631  4 0.0844 0.0379 0.0418 0.0214 0.0336 0.7018 0.0213 0.0379 0.0198 
        D632  4 0.1717 0.2951 0.0490 0.0593 0.0237 0.2452 0.0227 0.0322 0.1011 
        D646  4 0.0949 0.0749 0.1086 0.2048 0.0505 0.0554 0.0348 0.1113 0.2648 
        D647  4 0.0654 0.1086 0.0573 0.3818 0.0577 0.0900 0.0187 0.1459 0.0747 
        D648  4 0.0272 0.0246 0.0352 0.0180 0.0183 0.4475 0.0624 0.3429 0.0239 
        D649  4 0.0250 0.0761 0.0668 0.2219 0.0524 0.1963 0.0315 0.0393 0.2907 
        D650  4 0.0377 0.1199 0.1038 0.2238 0.1118 0.1299 0.1063 0.0892 0.0775 
        D708  4 0.0273 0.0547 0.1680 0.0373 0.1113 0.2507 0.2051 0.0789 0.0667 
        D709  4 0.0318 0.0190 0.0604 0.0307 0.0319 0.0463 0.0382 0.5683 0.1734 
        D738  4 0.0190 0.0655 0.0480 0.0880 0.0482 0.0374 0.4703 0.1070 0.1167 
        D739  4 0.0369 0.3863 0.1119 0.0331 0.0596 0.0887 0.0410 0.2001 0.0424 
        D740  4 0.0745 0.0699 0.2381 0.0305 0.1309 0.0804 0.1366 0.0522 0.1867 
        D741  4 0.1244 0.0498 0.2236 0.1751 0.0639 0.0510 0.0255 0.1563 0.1305 
        D742  4 0.2736 0.0794 0.1176 0.0451 0.1733 0.1002 0.0964 0.0623 0.0522 
        D743  4 0.0562 0.0447 0.0422 0.2907 0.0461 0.4440 0.0264 0.0281 0.0215 
        D744  4 0.0354 0.0346 0.0529 0.0274 0.0249 0.7472 0.0224 0.0311 0.0241 
        D745  4 0.0352 0.3040 0.0841 0.0463 0.0555 0.0431 0.0249 0.2703 0.1366 
        D814  4 0.3539 0.1221 0.1797 0.0488 0.0674 0.0866 0.0294 0.0920 0.0201 
        D815  4 0.0425 0.0385 0.0737 0.1318 0.0697 0.3469 0.0316 0.1627 0.1028 
        D828  4 0.0704 0.0307 0.0425 0.0160 0.0652 0.0664 0.0724 0.6049 0.0314 
        D845  4 0.0413 0.0175 0.0198 0.0239 0.8023 0.0207 0.0394 0.0139 0.0211 
        D846  4 0.1322 0.1421 0.1278 0.1141 0.0609 0.3378 0.0135 0.0447 0.0268 
        D847  4 0.0589 0.2795 0.1093 0.1002 0.1128 0.0697 0.1089 0.1077 0.0529 
        D848  4 0.0822 0.5742 0.0445 0.0220 0.1624 0.0449 0.0214 0.0267 0.0217 
        D849  4 0.0465 0.3245 0.1177 0.0609 0.0395 0.0697 0.0271 0.2196 0.0945 
        D850  4 0.0462 0.1785 0.2330 0.1467 0.1500 0.0655 0.1005 0.0347 0.0449 
        D856  4 0.0349 0.0628 0.2605 0.0483 0.0564 0.0594 0.0548 0.2511 0.1718 
        D857  4 0.1265 0.0484 0.0341 0.0112 0.0212 0.0297 0.0326 0.1800 0.5164 
        D859  4 0.0362 0.0384 0.0836 0.0907 0.1228 0.4821 0.0292 0.0769 0.0401 
        D860  4 0.1099 0.0355 0.0539 0.0952 0.1217 0.0984 0.4140 0.0319 0.0395 
        D883  4 0.0368 0.2144 0.0628 0.1703 0.0757 0.0797 0.0944 0.0763 0.1896 
        D884  4 0.0244 0.0869 0.0998 0.0698 0.0530 0.0871 0.0737 0.2789 0.2263 
        D885  4 0.1070 0.0744 0.2655 0.1436 0.2159 0.0786 0.0324 0.0312 0.0514 
        D886  4 0.0838 0.1945 0.0581 0.1476 0.0407 0.0605 0.0322 0.2384 0.1442 
        D887  4 0.1297 0.0587 0.1187 0.1268 0.2067 0.1376 0.0446 0.1009 0.0764 
        D889  4 0.0154 0.0243 0.0427 0.0460 0.5077 0.0595 0.0222 0.2648 0.0174 
        D890  4 0.0911 0.0906 0.1320 0.0430 0.0649 0.1161 0.1289 0.1056 0.2277 
        D891  4 0.0153 0.0129 0.0216 0.0167 0.8818 0.0116 0.0125 0.0129 0.0147 
        D899  4 0.4071 0.0398 0.0506 0.0343 0.1854 0.1076 0.0729 0.0675 0.0349 
        D900  4 0.0917 0.0975 0.1825 0.1394 0.0703 0.1396 0.0787 0.1306 0.0696 
        D970  4 0.0572 0.0735 0.1004 0.1236 0.1090 0.3927 0.0496 0.0352 0.0588 
        D971  4 0.3780 0.0373 0.1001 0.0768 0.0236 0.1888 0.0693 0.0625 0.0635 
        D979  4 0.0449 0.0297 0.0886 0.2746 0.0430 0.3829 0.0470 0.0598 0.0294 
        D093  5 0.0306 0.0337 0.0500 0.0597 0.0798 0.0331 0.6009 0.0702 0.0421 
        D154  5 0.1971 0.0246 0.2294 0.0321 0.2067 0.0471 0.0523 0.1500 0.0606 
        D168  5 0.2488 0.1415 0.1302 0.0722 0.1453 0.0466 0.0179 0.0832 0.1144 
        D189  5 0.0348 0.0344 0.0663 0.0475 0.1839 0.0439 0.2759 0.2773 0.0359 
        D190  5 0.0332 0.0228 0.0416 0.0316 0.0547 0.0810 0.6171 0.0381 0.0799 
     D237220  5 0.0235 0.2245 0.1231 0.0400 0.1930 0.0939 0.1080 0.0747 0.1192 
     D237221  5 0.1047 0.0424 0.0805 0.0697 0.2494 0.0897 0.2257 0.0418 0.0961 
     D237274  5 0.0758 0.0310 0.0788 0.4048 0.0302 0.1952 0.0218 0.0726 0.0898 
     D237275  5 0.4385 0.0269 0.0883 0.0234 0.0963 0.0206 0.0320 0.2227 0.0513 
     D237276  5 0.0445 0.0768 0.0758 0.1274 0.0557 0.0604 0.1666 0.2238 0.1691 
     D237277  5 0.0781 0.0222 0.0628 0.0249 0.2070 0.0783 0.4210 0.0272 0.0786 
     D237278  5 0.3047 0.0733 0.0773 0.0522 0.0367 0.0996 0.2084 0.0549 0.0929 
     D237279  5 0.0290 0.1316 0.3854 0.0415 0.0394 0.0936 0.0261 0.0231 0.2302 
     D237280  5 0.0274 0.1262 0.0798 0.0945 0.0395 0.0495 0.0685 0.0316 0.4831 
     D237281  5 0.1948 0.0199 0.1350 0.0722 0.4349 0.0393 0.0335 0.0377 0.0329 
     D237351  5 0.0208 0.0392 0.0405 0.0193 0.0520 0.0259 0.0566 0.0308 0.7149 
     D237352  5 0.0683 0.3341 0.0678 0.0719 0.0390 0.2198 0.0735 0.0575 0.0682 
     D237353  5 0.0281 0.0164 0.0418 0.0199 0.1219 0.0498 0.5157 0.0285 0.1778 
     D237359  5 0.0354 0.2038 0.1306 0.0490 0.3073 0.0879 0.0693 0.0629 0.0537 
     D237361  5 0.0265 0.0189 0.0396 0.0205 0.0424 0.0232 0.7500 0.0342 0.0447 
     D237362  5 0.0664 0.0617 0.1770 0.1238 0.1574 0.0597 0.1112 0.0440 0.1989 
     D237363  5 0.1183 0.0267 0.5737 0.0366 0.0557 0.0222 0.0444 0.0682 0.0541 
     D237364  5 0.1483 0.1234 0.1427 0.0896 0.1082 0.1502 0.0171 0.1527 0.0677 
     D237376  5 0.0327 0.0162 0.0392 0.0145 0.0294 0.1192 0.0825 0.6418 0.0244 
     D237377  5 0.0642 0.0455 0.1668 0.1113 0.0554 0.0636 0.0964 0.0247 0.3721 
     D237378  5 0.0822 0.0457 0.0690 0.0311 0.1260 0.1131 0.3671 0.1213 0.0445 
     D237379  5 0.0505 0.0600 0.1206 0.0386 0.0641 0.2235 0.2647 0.1378 0.0401 
     D237380  5 0.0248 0.0460 0.0431 0.0277 0.0198 0.1011 0.0806 0.1836 0.4733 
     D237381  5 0.0862 0.1786 0.0773 0.0435 0.0699 0.1231 0.0817 0.0775 0.2623 
     D237391  5 0.0229 0.0283 0.0416 0.0343 0.0901 0.0278 0.6981 0.0213 0.0356 
     D237392  5 0.2121 0.0474 0.1156 0.2498 0.0410 0.0804 0.0334 0.1210 0.0994 
     D237393  5 0.0657 0.0513 0.0518 0.3107 0.0583 0.0541 0.1935 0.0526 0.1619 
     D237394  5 0.0150 0.0228 0.0313 0.0269 0.0264 0.0330 0.7764 0.0171 0.0511 
     D237395  5 0.0712 0.0550 0.0963 0.0391 0.1257 0.0283 0.2559 0.2198 0.1086 
     D237396  5 0.0822 0.1109 0.1418 0.2647 0.0774 0.0706 0.1450 0.0170 0.0904 
     D244016  5 0.0459 0.0245 0.2733 0.0250 0.1466 0.2297 0.1425 0.0345 0.0781 
     D244018  5 0.3301 0.0724 0.1002 0.0578 0.1039 0.0333 0.2299 0.0247 0.0477 
     D244019  5 0.1155 0.0281 0.2776 0.0875 0.1747 0.0724 0.0432 0.0775 0.1235 
        D279  5 0.0803 0.0394 0.1447 0.0445 0.4545 0.0742 0.0592 0.0398 0.0634 
        D280  5 0.0497 0.0928 0.1730 0.1173 0.2207 0.0297 0.1535 0.0622 0.1010 
        D281  5 0.1044 0.0218 0.1264 0.0292 0.4804 0.0364 0.0863 0.0943 0.0209 
        D283  5 0.0383 0.0332 0.0784 0.1312 0.1706 0.0507 0.3671 0.0271 0.1034 
        D284  5 0.0449 0.1869 0.1720 0.0653 0.1108 0.0506 0.0402 0.2527 0.0767 
        D285  5 0.0246 0.0347 0.1263 0.0792 0.2219 0.0799 0.3126 0.0626 0.0582 
        D286  5 0.0397 0.0761 0.0870 0.1072 0.0837 0.1163 0.1490 0.2851 0.0559 
        D287  5 0.0275 0.0545 0.0928 0.0189 0.0550 0.0800 0.0906 0.5337 0.0470 
        D288  5 0.0392 0.0462 0.1100 0.2235 0.3363 0.0245 0.0666 0.0301 0.1236 
        D308  5 0.0266 0.0293 0.0488 0.0863 0.0307 0.0312 0.0335 0.0317 0.6819 
        D309  5 0.0182 0.0358 0.0391 0.0225 0.0159 0.7878 0.0302 0.0258 0.0248 
        D310  5 0.0136 0.0137 0.1320 0.0251 0.0552 0.0219 0.6585 0.0381 0.0419 
        D311  5 0.0498 0.0496 0.2235 0.1204 0.0866 0.1089 0.0824 0.1945 0.0843 
        D312  5 0.0570 0.0766 0.0920 0.1036 0.0891 0.2241 0.1723 0.1221 0.0633 
        D313  5 0.0128 0.3560 0.0340 0.0195 0.0178 0.0147 0.0379 0.0220 0.4853 
        D314  5 0.1086 0.0601 0.1805 0.0322 0.2070 0.0795 0.0555 0.1767 0.0999 
        D315  5 0.0646 0.0820 0.1002 0.1991 0.0540 0.0550 0.2386 0.0867 0.1198 
        D317  5 0.0235 0.0299 0.0344 0.0589 0.0522 0.0185 0.7099 0.0451 0.0276 
        D318  5 0.0954 0.1342 0.2610 0.1100 0.0483 0.1442 0.0719 0.0814 0.0535 
        D319  5 0.0174 0.0187 0.0257 0.0337 0.0553 0.0210 0.7109 0.0494 0.0679 
        D320  5 0.0195 0.0470 0.0723 0.0438 0.1310 0.0677 0.4931 0.0560 0.0697 
        D321  5 0.0155 0.0232 0.0391 0.0557 0.1438 0.0216 0.0544 0.0169 0.6299 
        D336  5 0.0204 0.0274 0.0610 0.0280 0.0283 0.0437 0.5629 0.1970 0.0312 
        D337  5 0.0310 0.0169 0.0264 0.0296 0.0914 0.0306 0.7244 0.0265 0.0231 
        D338  5 0.0738 0.0823 0.1355 0.2250 0.1601 0.0643 0.1259 0.0763 0.0567 
        D339  5 0.0454 0.0327 0.0841 0.0547 0.1503 0.0250 0.4461 0.0572 0.1045 
        D347  5 0.0848 0.0368 0.1001 0.1433 0.0559 0.0774 0.0708 0.3789 0.0521 
        D348  5 0.0266 0.0189 0.0380 0.0332 0.0480 0.1192 0.6477 0.0439 0.0244 
        D349  5 0.0179 0.0189 0.0243 0.0202 0.0265 0.0229 0.0424 0.0173 0.8095 
        D350  5 0.0270 0.0225 0.0348 0.0213 0.0280 0.7880 0.0221 0.0366 0.0198 
        D355  5 0.1043 0.0201 0.2016 0.1276 0.2651 0.0913 0.0347 0.1055 0.0498 
        D356  5 0.0344 0.1458 0.0950 0.1833 0.0853 0.0608 0.2395 0.0888 0.0671 
        D357  5 0.0411 0.0374 0.1812 0.0581 0.0726 0.0535 0.0925 0.3861 0.0774 
        D358  5 0.0561 0.0706 0.1182 0.0416 0.0604 0.1712 0.3417 0.0718 0.0685 
        D359  5 0.0220 0.0215 0.0779 0.1720 0.0641 0.1017 0.3762 0.0289 0.1357 
        D360  5 0.0285 0.1479 0.0708 0.0975 0.0696 0.0452 0.4158 0.0839 0.0409 
        D361  5 0.0255 0.0219 0.0329 0.0327 0.0203 0.0156 0.0276 0.0197 0.8039 
        D366  5 0.3593 0.0293 0.0378 0.4419 0.0255 0.0235 0.0291 0.0237 0.0298 
        D367  5 0.0243 0.0347 0.1373 0.0313 0.0561 0.0909 0.3665 0.1532 0.1057 
        D368  5 0.0240 0.0387 0.1677 0.0711 0.0931 0.0497 0.1137 0.0479 0.3941 
        D380  5 0.0493 0.0649 0.1560 0.0435 0.0665 0.4872 0.0349 0.0285 0.0692 
        D381  5 0.0384 0.0290 0.1232 0.0693 0.1479 0.0630 0.4348 0.0283 0.0662 
        D400  5 0.0898 0.0538 0.0915 0.0664 0.1566 0.1006 0.1706 0.2236 0.0472 
        D411  5 0.0488 0.6157 0.0666 0.0232 0.0264 0.0267 0.0149 0.1344 0.0431 
        D412  5 0.1034 0.1194 0.2076 0.0678 0.0921 0.0596 0.0906 0.1572 0.1023 
        D413  5 0.5104 0.0688 0.1123 0.0838 0.0596 0.0728 0.0275 0.0321 0.0328 
        D414  5 0.0679 0.0195 0.0640 0.0251 0.0825 0.6016 0.0171 0.0965 0.0257 
        D420  5 0.0235 0.1839 0.1719 0.0253 0.3314 0.0233 0.0424 0.1461 0.0523 
        D431  5 0.0391 0.0635 0.1583 0.0189 0.1630 0.0928 0.0455 0.2631 0.1559 
        D432  5 0.0742 0.0975 0.1037 0.0686 0.0847 0.0462 0.3902 0.0565 0.0784 
        D433  5 0.0376 0.0211 0.0500 0.0833 0.2325 0.0307 0.3016 0.0708 0.1724 
        D434  5 0.0298 0.0490 0.0604 0.0806 0.1155 0.0417 0.3638 0.0929 0.1662 
        D440  5 0.0176 0.0243 0.0357 0.0185 0.0214 0.7867 0.0322 0.0305 0.0330 
        D447  5 0.1172 0.1271 0.2104 0.1869 0.0396 0.1451 0.0371 0.0879 0.0488 
        D448  5 0.0395 0.0236 0.0808 0.0724 0.0762 0.0402 0.2933 0.3425 0.0316 
        D459  5 0.2646 0.0283 0.0701 0.0869 0.3528 0.0886 0.0351 0.0442 0.0294 
        D460  5 0.0248 0.0192 0.0285 0.0521 0.0274 0.0269 0.0493 0.0175 0.7543 
        D461  5 0.0179 0.0202 0.0234 0.0684 0.0237 0.7694 0.0234 0.0255 0.0280 
        D468  5 0.0748 0.0399 0.2288 0.1629 0.0470 0.0433 0.0978 0.1486 0.1570 
        D469  5 0.0273 0.0650 0.0619 0.4982 0.0525 0.0756 0.0657 0.0710 0.0827 
        D470  5 0.0372 0.1826 0.1254 0.0709 0.0481 0.0890 0.0849 0.3121 0.0498 
        D471  5 0.0400 0.0219 0.0594 0.0628 0.1134 0.0595 0.3612 0.2403 0.0415 
        D472  5 0.0763 0.0267 0.0460 0.6451 0.1087 0.0218 0.0292 0.0182 0.0279 
        D479  5 0.6182 0.0278 0.0533 0.0308 0.0292 0.1031 0.0270 0.0789 0.0317 
        D485  5 0.0324 0.0481 0.0665 0.0306 0.0399 0.1409 0.0393 0.5692 0.0332 
        D486  5 0.0598 0.1154 0.2074 0.0937 0.0301 0.0469 0.0626 0.3035 0.0807 
        D487  5 0.1037 0.0376 0.0895 0.0349 0.3604 0.1239 0.1066 0.0852 0.0582 
        D555  5 0.0647 0.0268 0.0312 0.0226 0.0447 0.0309 0.7063 0.0432 0.0296 
        D556  5 0.0333 0.0526 0.0876 0.0375 0.3163 0.1619 0.0845 0.0663 0.1600 
