        D174  1 0.4310 0.0715 0.0851 0.1204 0.0725 0.0859 0.0154 0.0616 0.0253 0.0313 
        D199  1 0.1326 0.0281 0.1030 0.0240 0.0966 0.0595 0.0347 0.2042 0.1454 0.1717 
        D203  1 0.0463 0.1430 0.0898 0.1046 0.0536 0.0363 0.0456 0.2023 0.1176 0.1609 
        D204  1 0.0168 0.0258 0.0296 0.0270 0.0218 0.0255 0.0975 0.6927 0.0192 0.0442 
     D237366  1 0.0495 0.0249 0.0763 0.2017 0.4196 0.0222 0.0676 0.0462 0.0528 0.0393 
     D237367  1 0.0357 0.0551 0.1259 0.0733 0.1966 0.0777 0.0405 0.2887 0.0228 0.0836 
     D237368  1 0.1011 0.0975 0.0762 0.0258 0.3936 0.0281 0.0340 0.1464 0.0264 0.0708 
     D244101  1 0.0166 0.0348 0.1136 0.0300 0.0156 0.0322 0.4283 0.1295 0.1269 0.0726 
     D244102  1 0.0408 0.1631 0.1075 0.0744 0.0995 0.1891 0.1090 0.0907 0.0748 0.0511 
     D244103  1 0.0382 0.0405 0.1637 0.3116 0.1075 0.0713 0.0575 0.1135 0.0625 0.0336 
     D244104  1 0.0848 0.0223 0.0309 0.0254 0.0325 0.0234 0.0253 0.6851 0.0378 0.0324 
     D244105  1 0.0129 0.0858 0.1486 0.4830 0.1043 0.0233 0.0253 0.0692 0.0302 0.0174 
     D244106  1 0.4837 0.0369 0.0662 0.1409 0.0183 0.0557 0.0170 0.0688 0.0553 0.0572 
     D244107  1 0.0119 0.1618 0.1288 0.0534 0.3740 0.0211 0.0459 0.0681 0.0304 0.1045 
     D244108  1 0.2222 0.4831 0.0473 0.0378 0.0258 0.0451 0.0266 0.0384 0.0403 0.0335 
     D244113  1 0.3091 0.0261 0.0349 0.0147 0.0225 0.4553 0.0701 0.0133 0.0186 0.0353 
     D244114  1 0.0772 0.0396 0.1964 0.3712 0.0286 0.0397 0.0406 0.0648 0.1020 0.0401 
     D244115  1 0.1923 0.2482 0.1852 0.0374 0.0459 0.0603 0.0244 0.1523 0.0311 0.0228 
     D267365  1 0.1443 0.0435 0.0738 0.0321 0.1023 0.0502 0.0374 0.2502 0.2369 0.0291 
        D404  1 0.2551 0.0657 0.0544 0.0426 0.0172 0.3503 0.1091 0.0224 0.0271 0.0561 
        D405  1 0.0540 0.0834 0.0896 0.0467 0.0346 0.4424 0.0656 0.0759 0.0361 0.0716 
        D406  1 0.0351 0.2136 0.0250 0.0233 0.5480 0.0153 0.0381 0.0660 0.0184 0.0172 
        D407  1 0.0263 0.0151 0.1074 0.0247 0.1057 0.0514 0.0154 0.5135 0.0171 0.1235 
        D408  1 0.2895 0.0466 0.0492 0.0236 0.0251 0.2949 0.0329 0.0532 0.1698 0.0151 
        D409  1 0.0297 0.0325 0.2118 0.2763 0.0586 0.0676 0.0321 0.0804 0.1799 0.0312 
        D410  1 0.0162 0.8321 0.0229 0.0174 0.0124 0.0149 0.0259 0.0364 0.0129 0.0089 
        D421  1 0.0174 0.0087 0.0157 0.0115 0.0096 0.0110 0.0072 0.8726 0.0113 0.0349 
        D422  1 0.0117 0.0316 0.0356 0.0830 0.6812 0.0150 0.0140 0.0741 0.0244 0.0292 
        D423  1 0.0164 0.6730 0.0421 0.0351 0.0454 0.0142 0.0162 0.0517 0.0137 0.0921 
        D424  1 0.0362 0.0189 0.1605 0.0559 0.0453 0.0235 0.0202 0.6120 0.0138 0.0135 
        D425  1 0.0961 0.0995 0.1918 0.0583 0.0342 0.0547 0.0294 0.3235 0.0904 0.0223 
        D426  1 0.0238 0.0148 0.2183 0.2448 0.0830 0.0726 0.0135 0.0582 0.2429 0.0281 
        D427  1 0.1373 0.0149 0.0335 0.0178 0.0231 0.0206 0.0137 0.3152 0.0291 0.3949 
        D428  1 0.1664 0.0901 0.1334 0.0288 0.0701 0.0860 0.0824 0.2593 0.0336 0.0500 
        D429  1 0.2297 0.0361 0.0845 0.1236 0.0276 0.0528 0.0243 0.3538 0.0385 0.0292 
        D430  1 0.1131 0.0373 0.1441 0.1999 0.0385 0.1950 0.0273 0.0786 0.1028 0.0634 
        D491  1 0.6555 0.0376 0.0559 0.0259 0.0182 0.0424 0.0267 0.0921 0.0344 0.0112 
        D492  1 0.1230 0.0532 0.1791 0.0689 0.0991 0.0715 0.0498 0.2450 0.0200 0.0904 
        D537  1 0.0302 0.0668 0.0481 0.0507 0.0536 0.0595 0.0487 0.5891 0.0150 0.0382 
        D538  1 0.0987 0.2407 0.1813 0.0391 0.1092 0.0921 0.0680 0.0543 0.0381 0.0785 
        D539  1 0.1287 0.0705 0.0943 0.2285 0.0574 0.0819 0.0506 0.0365 0.2044 0.0471 
        D540  1 0.0387 0.0584 0.2106 0.0619 0.0607 0.1857 0.0192 0.2518 0.0830 0.0300 
        D541  1 0.0136 0.0173 0.0207 0.0122 0.0159 0.0119 0.0208 0.8569 0.0185 0.0122 
        D551  1 0.0293 0.0234 0.3155 0.2918 0.0441 0.0324 0.0217 0.0495 0.1176 0.0747 
        D552  1 0.2191 0.2438 0.1111 0.0545 0.0749 0.0260 0.0494 0.1504 0.0438 0.0268 
        D553  1 0.0130 0.0160 0.0203 0.0095 0.0136 0.0112 0.0139 0.8761 0.0151 0.0114 
        D615  1 0.0651 0.1335 0.0929 0.0651 0.0325 0.0678 0.0228 0.4121 0.0536 0.0546 
        D616  1 0.0543 0.1278 0.1451 0.0625 0.0743 0.0511 0.0172 0.2871 0.0875 0.0933 
        D621  1 0.0621 0.3424 0.0352 0.0324 0.1544 0.0538 0.2568 0.0138 0.0260 0.0230 
        D622  1 0.0317 0.2563 0.0859 0.0876 0.3687 0.0285 0.0439 0.0439 0.0305 0.0229 
        D623  1 0.2382 0.0676 0.0491 0.0229 0.0249 0.1281 0.2073 0.0245 0.0581 0.1793 
        D624  1 0.7584 0.0209 0.0504 0.0270 0.0270 0.0302 0.0111 0.0400 0.0200 0.0151 
        D625  1 0.0693 0.0587 0.0791 0.0387 0.0625 0.0465 0.0421 0.5556 0.0311 0.0164 
        D626  1 0.3352 0.1206 0.0937 0.0844 0.1293 0.0483 0.0253 0.0792 0.0456 0.0385 
        D627  1 0.0260 0.0154 0.2687 0.2151 0.0606 0.0237 0.0194 0.0840 0.2650 0.0220 
        D690  1 0.0407 0.0417 0.0232 0.0145 0.0456 0.0178 0.0227 0.7734 0.0109 0.0095 
        D691  1 0.0338 0.1095 0.0310 0.1416 0.5182 0.0180 0.0178 0.0821 0.0338 0.0142 
        D710  1 0.1240 0.1262 0.1165 0.0192 0.1394 0.0346 0.1230 0.2166 0.0516 0.0489 
        D711  1 0.0278 0.0282 0.0407 0.0239 0.0533 0.0222 0.0609 0.6956 0.0241 0.0234 
        D712  1 0.5560 0.0399 0.0608 0.0271 0.0906 0.0620 0.0425 0.0303 0.0595 0.0311 
        D713  1 0.1386 0.0684 0.0992 0.0747 0.0568 0.2551 0.1109 0.1521 0.0241 0.0201 
        D746  1 0.0249 0.1164 0.0373 0.0389 0.6254 0.0188 0.0172 0.0708 0.0181 0.0323 
        D747  1 0.0163 0.0132 0.0176 0.0136 0.0133 0.0122 0.0273 0.8416 0.0217 0.0230 
        D748  1 0.0303 0.1044 0.0479 0.3183 0.1527 0.0328 0.0475 0.2270 0.0241 0.0150 
        D749  1 0.0958 0.1610 0.2485 0.1223 0.1605 0.0439 0.0749 0.0184 0.0262 0.0485 
        D750  1 0.5587 0.0702 0.0381 0.0368 0.0326 0.0326 0.0333 0.1462 0.0312 0.0201 
        D763  1 0.0218 0.0395 0.1241 0.0965 0.0939 0.1045 0.1846 0.0777 0.1542 0.1033 
        D764  1 0.2218 0.0770 0.0522 0.0230 0.0294 0.0245 0.0155 0.5198 0.0235 0.0134 
        D765  1 0.1001 0.6594 0.0463 0.0527 0.0449 0.0152 0.0133 0.0238 0.0323 0.0120 
        D766  1 0.0273 0.5431 0.0575 0.0672 0.0549 0.0675 0.0828 0.0634 0.0172 0.0192 
        D767  1 0.0283 0.0900 0.0880 0.0845 0.1182 0.0699 0.3292 0.0784 0.0290 0.0846 
        D768  1 0.0117 0.0168 0.0294 0.0209 0.0172 0.0119 0.0138 0.8477 0.0123 0.0183 
        D811  1 0.0504 0.1313 0.0421 0.0265 0.0143 0.6540 0.0168 0.0209 0.0254 0.0183 
        D816  1 0.0229 0.0165 0.0377 0.0181 0.0180 0.0140 0.0199 0.8183 0.0199 0.0148 
        D825  1 0.1178 0.4318 0.1163 0.0411 0.0327 0.0950 0.0197 0.1060 0.0246 0.0149 
        D866  1 0.1389 0.0697 0.0955 0.0471 0.0262 0.0603 0.0176 0.0430 0.4109 0.0909 
        D867  1 0.0222 0.0288 0.0645 0.0394 0.6394 0.0397 0.0774 0.0201 0.0201 0.0484 
        D871  1 0.0479 0.0206 0.1811 0.3405 0.0415 0.0691 0.0343 0.0532 0.1912 0.0207 
        D872  1 0.0423 0.3492 0.1051 0.0257 0.1081 0.0442 0.0531 0.1889 0.0308 0.0526 
        D873  1 0.0113 0.8166 0.0185 0.0139 0.0314 0.0312 0.0357 0.0074 0.0094 0.0246 
        D874  1 0.0729 0.0219 0.0338 0.0309 0.0124 0.0710 0.6461 0.0613 0.0282 0.0214 
        D875  1 0.0166 0.0978 0.1854 0.3882 0.0773 0.0531 0.0234 0.0304 0.1162 0.0117 
        D876  1 0.0958 0.0718 0.0930 0.0345 0.0728 0.0339 0.0883 0.4232 0.0654 0.0213 
        D877  1 0.1564 0.0269 0.0656 0.0293 0.0106 0.5719 0.0596 0.0350 0.0219 0.0227 
        D892  1 0.1351 0.0585 0.0644 0.2245 0.1357 0.0301 0.0328 0.2792 0.0250 0.0147 
        D893  1 0.0157 0.0510 0.0689 0.0676 0.0573 0.0287 0.0449 0.5692 0.0692 0.0276 
        D894  1 0.0710 0.0216 0.0789 0.1033 0.0301 0.0264 0.0264 0.5851 0.0347 0.0225 
        D915  1 0.0486 0.1545 0.0744 0.1449 0.0452 0.0293 0.0215 0.4161 0.0367 0.0287 
        D916  1 0.0153 0.0140 0.0172 0.0146 0.0173 0.0091 0.0144 0.8749 0.0122 0.0110 
        D917  1 0.2667 0.0312 0.0998 0.0215 0.0609 0.0662 0.1466 0.0888 0.1692 0.0492 
        D925  1 0.0585 0.5327 0.0448 0.0196 0.0533 0.0277 0.0157 0.1900 0.0354 0.0223 
        D926  1 0.0671 0.0557 0.2503 0.0797 0.0394 0.0201 0.0659 0.3636 0.0356 0.0227 
        D927  1 0.0495 0.0200 0.1244 0.0467 0.0606 0.0358 0.0345 0.2510 0.1090 0.2683 
        D928  1 0.7796 0.0358 0.0193 0.0111 0.0108 0.0376 0.0180 0.0608 0.0126 0.0145 
        D929  1 0.0540 0.0344 0.0515 0.0448 0.1040 0.0949 0.5531 0.0263 0.0230 0.0141 
        D936  1 0.0304 0.0403 0.0938 0.0704 0.0227 0.0276 0.1725 0.3876 0.1146 0.0403 
        D938  1 0.0243 0.2514 0.0296 0.0518 0.5118 0.0335 0.0430 0.0276 0.0138 0.0132 
        D956  1 0.5579 0.0416 0.0802 0.0605 0.0226 0.1257 0.0226 0.0342 0.0266 0.0282 
        D957  1 0.0233 0.6745 0.0611 0.0230 0.0400 0.0260 0.0542 0.0548 0.0203 0.0228 
        D958  1 0.1125 0.4511 0.0556 0.0299 0.0519 0.0552 0.0736 0.1274 0.0192 0.0234 
        D959  1 0.0250 0.0145 0.0919 0.0354 0.1173 0.0357 0.0120 0.5457 0.0162 0.1064 
        D960  1 0.0722 0.2582 0.0491 0.0537 0.4444 0.0175 0.0324 0.0318 0.0213 0.0195 
        D989  1 0.5792 0.0146 0.0642 0.0420 0.0424 0.0510 0.0228 0.0389 0.0794 0.0655 
        D990  1 0.0412 0.6015 0.0670 0.0167 0.0777 0.0134 0.0202 0.0136 0.1247 0.0240 
        D023  2 0.0128 0.0147 0.0207 0.0098 0.8620 0.0131 0.0121 0.0290 0.0104 0.0155 
        D130  2 0.0154 0.0490 0.0341 0.0617 0.5876 0.0460 0.0259 0.1149 0.0182 0.0473 
        D131  2 0.0403 0.0597 0.2862 0.0816 0.0355 0.0929 0.0499 0.1811 0.1350 0.0378 
        D163  2 0.0352 0.0552 0.0489 0.0788 0.5686 0.0149 0.0397 0.1063 0.0386 0.0139 
        D164  2 0.0090 0.3613 0.0138 0.0104 0.0179 0.0127 0.0132 0.0090 0.0102 0.5425 
        D165  2 0.0167 0.0146 0.0230 0.0154 0.8265 0.0154 0.0194 0.0252 0.0185 0.0252 
        D166  2 0.0143 0.0475 0.1875 0.1422 0.0868 0.3136 0.0893 0.0440 0.0407 0.0343 
        D167  2 0.0341 0.0136 0.0192 0.0128 0.0137 0.0398 0.0127 0.0112 0.0169 0.8261 
        D192  2 0.0146 0.0152 0.0161 0.0155 0.0114 0.0238 0.0171 0.0084 0.0209 0.8570 
        D193  2 0.1890 0.0854 0.1115 0.2287 0.0229 0.1819 0.0800 0.0217 0.0467 0.0322 
        D206  2 0.0250 0.0263 0.1476 0.1284 0.0668 0.0891 0.0243 0.1171 0.0343 0.3410 
        D207  2 0.0184 0.0179 0.0914 0.0625 0.0203 0.1148 0.0178 0.0385 0.0569 0.5616 
        D208  2 0.1547 0.0392 0.0898 0.0537 0.0588 0.1463 0.0447 0.0384 0.3154 0.0590 
        D209  2 0.0242 0.0454 0.1950 0.0306 0.0539 0.0748 0.1306 0.0312 0.0443 0.3699 
        D210  2 0.4608 0.0325 0.0391 0.0654 0.0219 0.0198 0.0302 0.0570 0.1945 0.0788 
     D229599  2 0.0495 0.0628 0.1527 0.0421 0.1114 0.0440 0.1521 0.1495 0.1991 0.0368 
     D229600  2 0.0178 0.0559 0.0846 0.0619 0.3286 0.0417 0.0232 0.0246 0.0249 0.3367 
     D237227  2 0.3409 0.1903 0.0744 0.0265 0.0703 0.0528 0.0233 0.0438 0.1168 0.0607 
     D237228  2 0.1191 0.5842 0.0791 0.0284 0.0169 0.0376 0.0139 0.0105 0.0632 0.0471 
     D237258  2 0.0711 0.0895 0.1292 0.0390 0.1076 0.1393 0.0393 0.0674 0.1241 0.1936 
     D237310  2 0.0265 0.5860 0.0454 0.0927 0.0201 0.1117 0.0222 0.0094 0.0330 0.0530 
     D237311  2 0.0249 0.6110 0.0394 0.0492 0.0292 0.0438 0.0194 0.0107 0.0244 0.1480 
     D237312  2 0.0353 0.2584 0.0607 0.3072 0.0813 0.1361 0.0606 0.0208 0.0191 0.0203 
     D237313  2 0.0849 0.2317 0.1878 0.1403 0.0369 0.0564 0.0622 0.0997 0.0802 0.0199 
     D237322  2 0.0755 0.0832 0.1388 0.1012 0.0307 0.0724 0.1090 0.0236 0.3293 0.0363 
     D237323  2 0.0831 0.5881 0.0475 0.0487 0.0592 0.0344 0.0240 0.0133 0.0734 0.0283 
     D237324  2 0.0147 0.0778 0.2567 0.0375 0.1838 0.0251 0.0329 0.0526 0.0965 0.2224 
     D237325  2 0.0658 0.3407 0.0712 0.2480 0.0704 0.0232 0.0607 0.0281 0.0344 0.0576 
     D237326  2 0.0517 0.7343 0.0300 0.0207 0.0251 0.0133 0.0315 0.0449 0.0214 0.0272 
     D237327  2 0.0353 0.0245 0.1394 0.0835 0.0657 0.0192 0.1088 0.0452 0.3932 0.0852 
     D237337  2 0.0233 0.8135 0.0201 0.0352 0.0201 0.0201 0.0171 0.0169 0.0199 0.0139 
     D237338  2 0.0854 0.1635 0.1026 0.1538 0.1495 0.0413 0.1151 0.0470 0.0775 0.0643 
     D237339  2 0.0148 0.0244 0.0459 0.0233 0.0179 0.0232 0.6643 0.0221 0.0400 0.1241 
     D237340  2 0.1192 0.3523 0.0758 0.0682 0.0494 0.0561 0.0353 0.0184 0.0413 0.1840 
     D237389  2 0.0212 0.5651 0.0350 0.0898 0.0239 0.1100 0.0222 0.0147 0.0188 0.0994 
     D237390  2 0.0551 0.3346 0.0485 0.2497 0.0536 0.0961 0.0464 0.0316 0.0595 0.0250 
     D244017  2 0.2033 0.0387 0.0950 0.0210 0.0671 0.0847 0.0274 0.0232 0.0704 0.3693 
     D244112  2 0.0179 0.0154 0.0204 0.0271 0.0316 0.0246 0.0146 0.0123 0.0160 0.8201 
     D244118  2 0.0216 0.0692 0.0280 0.0128 0.1902 0.0130 0.0289 0.0087 0.0218 0.6059 
     D244119  2 0.5812 0.0303 0.0208 0.0155 0.0143 0.0178 0.0098 0.0168 0.0264 0.2671 
     D244120  2 0.0471 0.0430 0.0432 0.1188 0.0196 0.1684 0.0580 0.0115 0.1175 0.3728 
     D244122  2 0.0401 0.0330 0.0330 0.0297 0.0589 0.0796 0.0319 0.0248 0.0278 0.6412 
        D291  2 0.0145 0.0286 0.1125 0.0285 0.0806 0.0796 0.0176 0.0506 0.5532 0.0344 
        D292  2 0.0480 0.0963 0.0704 0.0342 0.0241 0.0334 0.0415 0.1526 0.2761 0.2235 
        D293  2 0.0157 0.0157 0.0553 0.0254 0.0136 0.0156 0.1051 0.0886 0.0360 0.6289 
        D322  2 0.0170 0.0508 0.0735 0.0263 0.0289 0.0158 0.1970 0.0883 0.0342 0.4681 
        D323  2 0.0302 0.0435 0.1640 0.0386 0.0326 0.4382 0.0548 0.0352 0.0461 0.1169 
        D324  2 0.0493 0.1119 0.1017 0.0663 0.0628 0.0440 0.0225 0.0974 0.4151 0.0291 
        D325  2 0.0093 0.0154 0.0313 0.0320 0.0158 0.0099 0.0297 0.0245 0.0351 0.7969 
        D326  2 0.0236 0.0113 0.0207 0.0129 0.0125 0.0144 0.0132 0.8623 0.0171 0.0121 
        D340  2 0.0198 0.0151 0.0183 0.0138 0.0143 0.0133 0.0183 0.0209 0.0206 0.8457 
        D341  2 0.0383 0.0541 0.0332 0.2124 0.0219 0.0193 0.0398 0.0391 0.0389 0.5030 
        D342  2 0.0175 0.0890 0.0990 0.0757 0.0816 0.0408 0.0218 0.0216 0.0401 0.5130 
        D343  2 0.0082 0.0077 0.0108 0.0143 0.0090 0.0071 0.0115 0.0148 0.0121 0.9045 
        D344  2 0.0166 0.0556 0.1242 0.0748 0.0149 0.0795 0.4935 0.0797 0.0222 0.0390 
        D345  2 0.0310 0.3519 0.1340 0.0344 0.0551 0.0221 0.2253 0.0642 0.0460 0.0360 
        D346  2 0.3774 0.0442 0.0495 0.0647 0.0267 0.1968 0.0360 0.0545 0.0837 0.0665 
        D351  2 0.0223 0.0637 0.1805 0.0877 0.0690 0.0563 0.0905 0.2231 0.1696 0.0373 
        D352  2 0.0436 0.0284 0.0756 0.0231 0.0295 0.0401 0.6866 0.0190 0.0308 0.0234 
        D353  2 0.0139 0.0156 0.6095 0.0401 0.0144 0.0287 0.0603 0.1742 0.0266 0.0168 
        D354  2 0.0387 0.0911 0.0448 0.0182 0.0119 0.0395 0.6851 0.0430 0.0163 0.0115 
        D362  2 0.0251 0.0395 0.0540 0.0190 0.0798 0.0267 0.0221 0.6716 0.0274 0.0348 
        D363  2 0.0325 0.0335 0.0390 0.0138 0.0440 0.0295 0.0203 0.7395 0.0228 0.0251 
        D364  2 0.0348 0.1067 0.0871 0.0342 0.0182 0.0294 0.3600 0.2885 0.0187 0.0223 
        D365  2 0.0154 0.0119 0.0136 0.0126 0.0088 0.0139 0.0174 0.0156 0.0140 0.8767 
        D369  2 0.1255 0.1171 0.1224 0.0399 0.0416 0.1054 0.0195 0.1300 0.1724 0.1261 
        D374  2 0.5489 0.0705 0.0292 0.0230 0.0105 0.2341 0.0255 0.0211 0.0182 0.0188 
        D375  2 0.0157 0.0197 0.0447 0.0453 0.0160 0.0424 0.7765 0.0173 0.0118 0.0105 
        D376  2 0.5356 0.0806 0.0527 0.0344 0.0146 0.1414 0.0773 0.0123 0.0275 0.0237 
        D377  2 0.0403 0.1842 0.0912 0.0856 0.0347 0.4219 0.0333 0.0243 0.0470 0.0375 
        D378  2 0.0283 0.0266 0.1021 0.0481 0.1006 0.0214 0.2333 0.1474 0.0596 0.2326 
        D379  2 0.0249 0.0254 0.0799 0.0540 0.0163 0.0348 0.0566 0.6615 0.0243 0.0222 
        D384  2 0.0441 0.0209 0.0187 0.0150 0.0096 0.0139 0.0137 0.8346 0.0157 0.0138 
        D385  2 0.0289 0.0180 0.0283 0.0247 0.0122 0.0473 0.1105 0.0229 0.0175 0.6897 
        D386  2 0.0183 0.0334 0.1699 0.0367 0.0853 0.0547 0.4287 0.0845 0.0191 0.0694 
        D391  2 0.0146 0.0237 0.0236 0.0213 0.0169 0.0247 0.0746 0.0234 0.0235 0.7537 
        D392  2 0.0455 0.1163 0.0518 0.0184 0.0400 0.0341 0.0207 0.0412 0.0367 0.5953 
        D393  2 0.0224 0.0511 0.0678 0.0571 0.0523 0.0377 0.2787 0.1873 0.1577 0.0879 
        D394  2 0.0355 0.2225 0.1310 0.0981 0.1253 0.0343 0.1798 0.0536 0.0450 0.0750 
        D395  2 0.0215 0.0191 0.0663 0.0323 0.0260 0.0399 0.4281 0.0148 0.0273 0.3246 
        D401  2 0.0176 0.7814 0.0287 0.0159 0.0105 0.0859 0.0101 0.0146 0.0162 0.0192 
        D402  2 0.0179 0.0222 0.0244 0.0210 0.0158 0.0356 0.0569 0.0208 0.0427 0.7427 
        D403  2 0.0207 0.0429 0.2701 0.1462 0.0584 0.0350 0.1256 0.2413 0.0269 0.0329 
        D415  2 0.0132 0.0995 0.1986 0.0935 0.0239 0.0204 0.0272 0.4766 0.0167 0.0305 
        D435  2 0.0181 0.0520 0.0506 0.0346 0.0221 0.0151 0.0475 0.5325 0.0424 0.1850 
        D436  2 0.0672 0.0332 0.1010 0.1430 0.0248 0.0675 0.3805 0.1412 0.0215 0.0200 
        D438  2 0.0183 0.0088 0.0149 0.0183 0.0146 0.0176 0.0121 0.0085 0.0128 0.8741 
        D439  2 0.0138 0.0250 0.1052 0.0285 0.0625 0.0151 0.6214 0.0477 0.0337 0.0471 
        D449  2 0.0223 0.0192 0.1227 0.0975 0.0271 0.0248 0.0207 0.1093 0.0466 0.5098 
        D450  2 0.1359 0.0333 0.1512 0.1051 0.0715 0.1687 0.1379 0.1098 0.0662 0.0204 
        D456  2 0.0174 0.0118 0.0294 0.0194 0.0157 0.0101 0.0174 0.8402 0.0285 0.0102 
        D462  2 0.0119 0.0113 0.0210 0.0195 0.0210 0.0159 0.0896 0.0306 0.0173 0.7619 
        D463  2 0.0362 0.0183 0.0242 0.0148 0.0132 0.0187 0.0296 0.8184 0.0168 0.0098 
        D464  2 0.0330 0.0205 0.3826 0.0338 0.0198 0.1505 0.2421 0.0377 0.0189 0.0612 
        D465  2 0.0183 0.0665 0.0476 0.0332 0.0199 0.0700 0.0217 0.1360 0.0229 0.5640 
        D473  2 0.4145 0.1502 0.0696 0.0502 0.0655 0.0701 0.0667 0.0193 0.0534 0.0404 
        D474  2 0.0450 0.0408 0.0468 0.0377 0.0529 0.0221 0.0288 0.4905 0.1707 0.0649 
        D476  2 0.0119 0.0141 0.0395 0.0180 0.3263 0.0142 0.4986 0.0187 0.0232 0.0354 
        D477  2 0.0543 0.1404 0.0828 0.0417 0.0194 0.0760 0.2175 0.2507 0.0992 0.0181 
        D478  2 0.0898 0.0350 0.2097 0.0503 0.3046 0.0776 0.0857 0.0329 0.0597 0.0549 
        D480  2 0.0994 0.0244 0.0757 0.0973 0.0185 0.0507 0.2813 0.1700 0.1235 0.0593 
        D481  2 0.0851 0.0723 0.1013 0.0255 0.1499 0.0276 0.1895 0.2113 0.0705 0.0670 
        D482  2 0.0535 0.0585 0.1385 0.0802 0.0551 0.1212 0.3134 0.0167 0.1402 0.0226 
        D483  2 0.0614 0.0192 0.0207 0.0151 0.0192 0.0126 0.0143 0.0137 0.0276 0.7963 
        D484  2 0.0184 0.0117 0.0185 0.0149 0.0164 0.0420 0.8352 0.0091 0.0174 0.0164 
        D510  2 0.5642 0.0294 0.0407 0.0554 0.0156 0.0960 0.0266 0.0202 0.1343 0.0177 
        D511  2 0.0197 0.0207 0.0405 0.0225 0.0378 0.0268 0.7004 0.0461 0.0428 0.0426 
        D512  2 0.0114 0.4334 0.0600 0.0419 0.0382 0.1563 0.0215 0.0160 0.0391 0.1820 
        D513  2 0.0631 0.0378 0.0958 0.0531 0.0264 0.0648 0.0200 0.0641 0.0691 0.5057 
        D635  2 0.0205 0.0239 0.1115 0.0213 0.5094 0.0174 0.0154 0.2287 0.0197 0.0322 
        D636  2 0.0170 0.0333 0.0208 0.0115 0.8308 0.0221 0.0157 0.0190 0.0129 0.0169 
        D637  2 0.0561 0.0525 0.0770 0.2275 0.0251 0.0933 0.2557 0.0270 0.0477 0.1381 
        D658  2 0.0728 0.0593 0.0499 0.0692 0.0221 0.0428 0.2039 0.0245 0.0293 0.4261 
        D659  2 0.0380 0.0153 0.0614 0.0564 0.0498 0.0217 0.0435 0.6260 0.0633 0.0245 
        D677  2 0.0180 0.0601 0.0804 0.3122 0.0890 0.0618 0.0362 0.2352 0.0596 0.0475 
        D678  2 0.0132 0.0477 0.0694 0.0284 0.0348 0.1445 0.0271 0.0197 0.0334 0.5819 
        D679  2 0.0560 0.0378 0.1476 0.0766 0.0491 0.1343 0.0468 0.3061 0.1022 0.0435 
        D719  2 0.3668 0.0666 0.0593 0.0152 0.0119 0.0286 0.0421 0.1350 0.0934 0.1811 
        D720  2 0.0638 0.0316 0.0427 0.0244 0.0161 0.0173 0.0181 0.7335 0.0241 0.0284 
        D721  2 0.0293 0.0155 0.0423 0.0234 0.7314 0.0181 0.0285 0.0386 0.0281 0.0447 
        D722  2 0.3343 0.1259 0.0608 0.0239 0.0200 0.2798 0.0310 0.0180 0.0510 0.0553 
        D734  2 0.1662 0.0151 0.0313 0.0334 0.0130 0.0294 0.5870 0.0166 0.0341 0.0739 
        D735  2 0.0746 0.1306 0.1427 0.0548 0.0387 0.0954 0.0882 0.1965 0.1092 0.0694 
        D736  2 0.2976 0.0855 0.0585 0.0603 0.0401 0.0332 0.0351 0.0474 0.2915 0.0508 
        D737  2 0.0365 0.0559 0.0559 0.0295 0.0466 0.0312 0.1637 0.0149 0.1024 0.4633 
        D807  2 0.1405 0.0975 0.0818 0.0887 0.0507 0.0750 0.0768 0.1379 0.2013 0.0496 
        D808  2 0.0331 0.2537 0.1964 0.0968 0.0624 0.0400 0.0689 0.0583 0.0958 0.0946 
        D817  2 0.0318 0.0685 0.1475 0.0333 0.0298 0.2890 0.0559 0.2574 0.0683 0.0185 
        D818  2 0.0222 0.0180 0.1911 0.2695 0.1369 0.0333 0.0335 0.0523 0.0905 0.1527 
        D819  2 0.0234 0.2139 0.0967 0.0287 0.0465 0.3766 0.0294 0.1126 0.0492 0.0228 
        D820  2 0.0195 0.0122 0.0455 0.0485 0.0121 0.0134 0.1015 0.6632 0.0434 0.0408 
        D895  2 0.0388 0.0751 0.1694 0.0535 0.0901 0.0612 0.0506 0.3903 0.0309 0.0401 
        D896  2 0.0213 0.8626 0.0150 0.0166 0.0126 0.0225 0.0118 0.0138 0.0123 0.0116 
        D897  2 0.0228 0.0496 0.0735 0.1413 0.0247 0.0623 0.0419 0.0242 0.0638 0.4961 
        D898  2 0.0374 0.2458 0.1719 0.0706 0.0352 0.1288 0.0517 0.0372 0.1896 0.0318 
        D918  2 0.0494 0.1443 0.1320 0.3188 0.0805 0.0484 0.0887 0.0273 0.0434 0.0674 
        D919  2 0.0231 0.0212 0.1279 0.0317 0.0275 0.0318 0.4689 0.1014 0.0798 0.0866 
        D920  2 0.0909 0.0406 0.0436 0.0377 0.6149 0.0259 0.0537 0.0314 0.0320 0.0293 
        D923  2 0.0211 0.0343 0.0568 0.0258 0.0239 0.0381 0.0965 0.6477 0.0265 0.0292 
        D930  2 0.1170 0.1106 0.1264 0.0997 0.0200 0.1409 0.1153 0.1789 0.0534 0.0379 
        D931  2 0.0374 0.0410 0.0931 0.0432 0.0296 0.0813 0.2570 0.2285 0.0500 0.1389 
        D968  2 0.0130 0.0156 0.0220 0.0133 0.0121 0.0223 0.0202 0.0196 0.0524 0.8095 
        D969  2 0.0552 0.0462 0.1755 0.0491 0.0449 0.0467 0.0325 0.1619 0.2166 0.1713 
        D977  2 0.0200 0.0155 0.0606 0.0600 0.0242 0.0228 0.0266 0.0244 0.0173 0.7286 
        D978  2 0.0270 0.0167 0.1720 0.1917 0.0317 0.1409 0.0240 0.0209 0.2737 0.1014 
        D211  3 0.0192 0.0159 0.0379 0.1630 0.6161 0.0333 0.0244 0.0457 0.0303 0.0141 
     D229639  3 0.0725 0.0533 0.0743 0.0284 0.0266 0.0300 0.0200 0.0618 0.6016 0.0315 
     D237212  3 0.0229 0.0459 0.0709 0.1473 0.0647 0.0804 0.2247 0.0615 0.2239 0.0580 
     D237213  3 0.0154 0.1810 0.0935 0.1877 0.0938 0.2443 0.0667 0.0403 0.0515 0.0258 
     D237214  3 0.0258 0.0141 0.0469 0.0324 0.8091 0.0136 0.0161 0.0186 0.0124 0.0110 
     D237215  3 0.0813 0.0418 0.0523 0.0159 0.0198 0.1564 0.0147 0.0154 0.1797 0.4227 
     D237216  3 0.0202 0.0331 0.5202 0.1503 0.0794 0.0445 0.0318 0.0393 0.0553 0.0258 
     D237217  3 0.0142 0.0523 0.2074 0.2644 0.2290 0.0147 0.0315 0.1081 0.0585 0.0199 
     D237218  3 0.0422 0.0219 0.0908 0.3445 0.0325 0.0196 0.1519 0.0390 0.2086 0.0491 
     D237219  3 0.0711 0.1907 0.1096 0.2072 0.0848 0.1242 0.0164 0.0397 0.1323 0.0240 
     D237382  3 0.1089 0.2218 0.1110 0.1411 0.0459 0.1232 0.0572 0.0841 0.0529 0.0540 
     D244127  3 0.0188 0.4538 0.1073 0.0850 0.0573 0.0532 0.0295 0.0184 0.0746 0.1020 
     D244129  3 0.0432 0.2016 0.1296 0.0790 0.1126 0.0793 0.0958 0.0918 0.0986 0.0684 
     D244133  3 0.0738 0.0343 0.0949 0.0385 0.0385 0.5093 0.0106 0.0528 0.0482 0.0990 
     D244134  3 0.1867 0.0899 0.0595 0.0491 0.0421 0.0338 0.0225 0.0310 0.4544 0.0310 
     D244135  3 0.0142 0.0136 0.0394 0.0350 0.7494 0.0250 0.0165 0.0348 0.0203 0.0519 
     D244136  3 0.1602 0.0393 0.1016 0.0656 0.0478 0.2373 0.0223 0.1616 0.0873 0.0769 
        D416  3 0.0240 0.0669 0.2330 0.1494 0.0889 0.0989 0.0420 0.1277 0.0668 0.1025 
        D417  3 0.0252 0.0310 0.0407 0.1761 0.0216 0.0205 0.0308 0.6270 0.0153 0.0119 
        D419  3 0.0482 0.1448 0.1235 0.2000 0.0681 0.0572 0.0354 0.0954 0.1732 0.0543 
        D565  3 0.7953 0.0154 0.0160 0.0123 0.0163 0.0226 0.0140 0.0419 0.0541 0.0119 
        D566  3 0.2128 0.0349 0.0712 0.0265 0.0252 0.1010 0.0161 0.0693 0.3936 0.0493 
        D567  3 0.0226 0.1217 0.0602 0.0458 0.0778 0.0436 0.0705 0.4848 0.0322 0.0409 
        D568  3 0.0183 0.1130 0.1141 0.2203 0.0992 0.0216 0.1700 0.1148 0.0545 0.0744 
        D569  3 0.0380 0.0213 0.0813 0.0536 0.1055 0.0629 0.5166 0.0153 0.0388 0.0667 
        D573  3 0.0167 0.0320 0.0729 0.0284 0.0163 0.0270 0.0342 0.1242 0.4840 0.1642 
        D574  3 0.3385 0.0683 0.1485 0.0544 0.0498 0.1127 0.0339 0.0336 0.1038 0.0565 
        D575  3 0.0877 0.1357 0.1087 0.0521 0.1178 0.2314 0.0311 0.0973 0.0884 0.0498 
        D576  3 0.0200 0.0114 0.0295 0.0182 0.0291 0.3473 0.0138 0.0084 0.0793 0.4428 
        D577  3 0.0343 0.0290 0.0750 0.0443 0.1093 0.1156 0.0397 0.4978 0.0347 0.0203 
        D578  3 0.0131 0.0247 0.0266 0.0221 0.8320 0.0179 0.0123 0.0126 0.0176 0.0211 
        D579  3 0.1713 0.0453 0.0801 0.0965 0.0488 0.0676 0.1219 0.1408 0.1602 0.0675 
        D660  3 0.0152 0.0501 0.0964 0.0768 0.0508 0.1479 0.0425 0.0172 0.0303 0.4729 
        D661  3 0.0178 0.0173 0.1021 0.4149 0.0421 0.0229 0.0544 0.0219 0.1413 0.1653 
        D663  3 0.0215 0.0187 0.0925 0.0321 0.0377 0.0852 0.0330 0.0553 0.5552 0.0689 
        D664  3 0.0409 0.0830 0.1097 0.1466 0.1555 0.2420 0.0223 0.0182 0.0425 0.1393 
        D665  3 0.0115 0.0449 0.1033 0.0412 0.1895 0.4595 0.0725 0.0131 0.0341 0.0304 
        D666  3 0.0858 0.3019 0.0662 0.0943 0.0574 0.1896 0.0352 0.0829 0.0648 0.0219 
        D009  4 0.0309 0.0667 0.1242 0.2548 0.2098 0.0349 0.1322 0.1032 0.0225 0.0207 
        D057  4 0.0192 0.0181 0.0333 0.0305 0.2227 0.0123 0.4891 0.0229 0.0649 0.0870 
        D109  4 0.0391 0.4680 0.1292 0.0368 0.0728 0.1505 0.0295 0.0323 0.0247 0.0171 
     D237222  4 0.1102 0.0486 0.0405 0.0333 0.6076 0.0308 0.0318 0.0340 0.0333 0.0300 
     D237223  4 0.0882 0.0776 0.0814 0.4591 0.0598 0.0331 0.0672 0.0296 0.0513 0.0526 
     D237224  4 0.0301 0.0465 0.1131 0.0501 0.0647 0.0559 0.2135 0.1198 0.1711 0.1352 
     D237225  4 0.0491 0.0397 0.2361 0.2768 0.0958 0.0404 0.0659 0.1148 0.0544 0.0270 
     D237299  4 0.0348 0.0392 0.0901 0.5929 0.0169 0.0268 0.0184 0.0123 0.1507 0.0181 
     D237300  4 0.0313 0.0225 0.0683 0.0668 0.0193 0.0595 0.0195 0.0148 0.6652 0.0328 
     D237306  4 0.4145 0.0949 0.0457 0.1980 0.0238 0.0645 0.0356 0.0789 0.0239 0.0203 
     D237307  4 0.1750 0.0370 0.0840 0.0804 0.0412 0.0918 0.0169 0.3434 0.0647 0.0655 
     D237308  4 0.0752 0.1139 0.0671 0.0375 0.0410 0.0317 0.1452 0.0326 0.0414 0.4143 
     D237309  4 0.0258 0.0668 0.2641 0.1303 0.1025 0.0287 0.1302 0.1495 0.0598 0.0423 
     D237317  4 0.4152 0.0530 0.1551 0.0383 0.0665 0.0328 0.0409 0.1296 0.0458 0.0228 
     D237318  4 0.0200 0.0159 0.0415 0.0276 0.0181 0.0290 0.0135 0.0229 0.7667 0.0447 
     D237319  4 0.0358 0.1272 0.1336 0.3532 0.0977 0.0629 0.0313 0.0572 0.0499 0.0512 
     D237320  4 0.0270 0.0460 0.0443 0.6190 0.0787 0.0182 0.0177 0.0389 0.0613 0.0490 
     D237321  4 0.0348 0.0522 0.1023 0.0411 0.0393 0.0535 0.0236 0.0613 0.5126 0.0794 
     D237397  4 0.1498 0.0621 0.0845 0.3651 0.0574 0.0355 0.0288 0.0376 0.1000 0.0793 
     D237398  4 0.0138 0.0121 0.0637 0.1058 0.0203 0.0323 0.0455 0.0457 0.6337 0.0270 
     D237399  4 0.1779 0.0426 0.0723 0.1152 0.1017 0.0259 0.0506 0.0631 0.3204 0.0303 
     D244001  4 0.0370 0.0367 0.1144 0.1029 0.3019 0.0309 0.0952 0.0446 0.0248 0.2115 
        D289  4 0.2476 0.0290 0.0804 0.0905 0.0530 0.0242 0.2504 0.0511 0.1104 0.0635 
        D290  4 0.0224 0.0433 0.1872 0.1065 0.0898 0.1055 0.1282 0.0842 0.2007 0.0322 
        D294  4 0.0310 0.0176 0.1585 0.1656 0.0466 0.0653 0.3367 0.0735 0.0839 0.0213 
        D295  4 0.0471 0.1262 0.0822 0.2429 0.0440 0.0585 0.0647 0.2590 0.0476 0.0279 
        D301  4 0.0562 0.0826 0.0618 0.0636 0.4732 0.0780 0.0279 0.0183 0.0976 0.0408 
        D302  4 0.0107 0.0119 0.0340 0.0280 0.0349 0.0312 0.7745 0.0476 0.0143 0.0130 
        D303  4 0.4879 0.1002 0.0563 0.0581 0.0268 0.1025 0.0524 0.0281 0.0381 0.0495 
        D304  4 0.0798 0.0223 0.1915 0.0883 0.0674 0.0849 0.0481 0.0685 0.3225 0.0268 
        D305  4 0.0122 0.0218 0.3343 0.0490 0.0240 0.0319 0.4055 0.0198 0.0278 0.0736 
        D306  4 0.0380 0.0321 0.4514 0.0997 0.0663 0.1367 0.0616 0.0391 0.0576 0.0176 
        D307  4 0.0732 0.0401 0.0235 0.0222 0.6923 0.0343 0.0328 0.0145 0.0476 0.0196 
        D327  4 0.0614 0.0177 0.0921 0.0448 0.0268 0.0445 0.0304 0.5923 0.0489 0.0411 
        D328  4 0.1006 0.0743 0.0705 0.0885 0.0221 0.2592 0.3183 0.0238 0.0212 0.0216 
        D329  4 0.0293 0.0983 0.1471 0.0678 0.0626 0.0283 0.3384 0.0483 0.0944 0.0855 
        D330  4 0.0152 0.1525 0.1539 0.1312 0.0954 0.0510 0.0877 0.2377 0.0161 0.0594 
        D331  4 0.0744 0.0776 0.1528 0.0458 0.0650 0.1053 0.0493 0.1475 0.2402 0.0422 
        D333  4 0.0805 0.1131 0.0909 0.1574 0.0560 0.0564 0.2526 0.0585 0.0738 0.0606 
        D334  4 0.5425 0.0233 0.0495 0.0545 0.0756 0.0507 0.0590 0.0751 0.0515 0.0183 
        D335  4 0.0330 0.0303 0.0699 0.0229 0.0242 0.0775 0.5211 0.1442 0.0274 0.0495 
        D370  4 0.0679 0.3992 0.0571 0.0305 0.0326 0.2617 0.0430 0.0345 0.0262 0.0473 
        D371  4 0.6934 0.0264 0.0243 0.0160 0.0105 0.0680 0.0158 0.1010 0.0180 0.0266 
        D372  4 0.0278 0.0231 0.0959 0.0427 0.0133 0.0765 0.0183 0.0087 0.6529 0.0408 
        D373  4 0.0189 0.0255 0.0508 0.0270 0.6356 0.0257 0.0425 0.0294 0.0743 0.0703 
        D455  4 0.0185 0.0269 0.0197 0.0195 0.7225 0.0162 0.0912 0.0293 0.0331 0.0232 
        D490  4 0.0179 0.0145 0.0194 0.0480 0.8181 0.0200 0.0203 0.0224 0.0113 0.0081 
        D497  4 0.0198 0.0339 0.0496 0.0793 0.6783 0.0332 0.0420 0.0116 0.0341 0.0181 
        D498  4 0.0770 0.2024 0.1265 0.0491 0.0480 0.1508 0.0374 0.0521 0.2091 0.0476 
        D499  4 0.1041 0.0788 0.1063 0.1113 0.0177 0.2154 0.0863 0.0206 0.1102 0.1493 
        D514  4 0.0134 0.0520 0.1403 0.0654 0.0483 0.2543 0.0992 0.2582 0.0447 0.0242 
        D515  4 0.0202 0.0323 0.0482 0.6862 0.0288 0.0704 0.0318 0.0389 0.0173 0.0259 
        D516  4 0.0533 0.1946 0.1088 0.1678 0.0888 0.0789 0.0217 0.1330 0.0795 0.0735 
        D517  4 0.0190 0.0446 0.1323 0.0859 0.5246 0.0143 0.0290 0.0642 0.0532 0.0330 
        D518  4 0.0707 0.0284 0.0601 0.0532 0.1344 0.0237 0.5529 0.0272 0.0170 0.0326 
        D519  4 0.0173 0.0169 0.0176 0.8295 0.0231 0.0139 0.0118 0.0237 0.0295 0.0167 
        D560  4 0.0126 0.0203 0.0262 0.7608 0.0167 0.0139 0.0308 0.0511 0.0352 0.0323 
        D561  4 0.0153 0.0386 0.2862 0.1350 0.1750 0.0408 0.0949 0.0823 0.0720 0.0599 
        D562  4 0.0493 0.0407 0.1214 0.0578 0.2867 0.0785 0.1868 0.0378 0.0815 0.0596 
        D563  4 0.0163 0.0367 0.1373 0.0878 0.0608 0.0608 0.1270 0.0266 0.0583 0.3884 
        D572  4 0.0253 0.0190 0.0441 0.0479 0.0579 0.0276 0.7130 0.0328 0.0156 0.0169 
        D629  4 0.0182 0.0238 0.0644 0.0519 0.3955 0.1171 0.0647 0.1714 0.0686 0.0243 
        D630  4 0.0501 0.0296 0.0996 0.2695 0.1955 0.0716 0.1044 0.0760 0.0789 0.0248 
        D631  4 0.0161 0.0179 0.0344 0.0833 0.0213 0.0220 0.6832 0.0213 0.0306 0.0698 
        D632  4 0.0167 0.1708 0.0483 0.0363 0.2542 0.0577 0.1943 0.0428 0.0169 0.1620 
        D646  4 0.0272 0.0913 0.0610 0.5423 0.0183 0.0145 0.0387 0.1409 0.0304 0.0354 
        D647  4 0.0138 0.0832 0.1004 0.1313 0.0855 0.0230 0.0822 0.3700 0.0449 0.0656 
        D648  4 0.0417 0.0172 0.0291 0.0705 0.0172 0.4523 0.3245 0.0145 0.0124 0.0205 
        D649  4 0.0195 0.3176 0.0547 0.0526 0.0454 0.0456 0.1803 0.2345 0.0295 0.0204 
        D650  4 0.0639 0.0655 0.0868 0.2567 0.0953 0.0879 0.0724 0.1586 0.0894 0.0234 
        D708  4 0.1907 0.0391 0.1349 0.1396 0.0379 0.1406 0.1776 0.0380 0.0777 0.0239 
        D709  4 0.0290 0.2521 0.2039 0.0648 0.0211 0.2258 0.0920 0.0259 0.0516 0.0337 
        D738  4 0.5319 0.0976 0.0387 0.1055 0.0515 0.0216 0.0235 0.0775 0.0395 0.0126 
        D739  4 0.0349 0.0369 0.0994 0.1397 0.4451 0.0966 0.0583 0.0277 0.0363 0.0249 
        D740  4 0.1412 0.1736 0.1840 0.1674 0.0489 0.0305 0.0715 0.0199 0.1046 0.0583 
        D741  4 0.0126 0.0367 0.0946 0.6359 0.0279 0.0340 0.0222 0.0730 0.0238 0.0393 
        D742  4 0.0931 0.0378 0.0808 0.2395 0.0802 0.0531 0.0664 0.0282 0.1258 0.1952 
        D743  4 0.0180 0.0214 0.0487 0.0608 0.0311 0.0392 0.3097 0.3803 0.0460 0.0447 
        D744  4 0.0169 0.0183 0.0321 0.0352 0.0236 0.0234 0.7753 0.0239 0.0201 0.0310 
        D745  4 0.0135 0.0209 0.0250 0.8040 0.0483 0.0189 0.0185 0.0184 0.0205 0.0120 
        D814  4 0.0215 0.0126 0.1883 0.3527 0.0781 0.0392 0.0713 0.0416 0.0464 0.1482 
        D815  4 0.0262 0.1005 0.0657 0.0271 0.0235 0.1082 0.4612 0.1021 0.0567 0.0287 
        D828  4 0.0825 0.0380 0.1047 0.0757 0.0260 0.4275 0.0855 0.0120 0.0692 0.0790 
        D845  4 0.0278 0.0128 0.0286 0.0261 0.0117 0.0117 0.0204 0.0159 0.8184 0.0264 
        D846  4 0.0111 0.0194 0.1269 0.0322 0.1631 0.0377 0.3228 0.1222 0.0479 0.1168 
        D847  4 0.0702 0.0355 0.1236 0.1508 0.2681 0.0278 0.0641 0.0945 0.1186 0.0469 
        D848  4 0.0169 0.0200 0.0364 0.0154 0.6486 0.0181 0.0374 0.0142 0.1471 0.0458 
        D849  4 0.0236 0.0459 0.0911 0.3856 0.2618 0.0475 0.0417 0.0390 0.0310 0.0327 
        D850  4 0.0615 0.0329 0.1627 0.0751 0.2286 0.0329 0.0421 0.1239 0.2047 0.0356 
        D856  4 0.0345 0.2737 0.2952 0.0784 0.0437 0.1232 0.0384 0.0383 0.0491 0.0254 
        D857  4 0.0271 0.6746 0.0318 0.0406 0.0364 0.0608 0.0280 0.0086 0.0161 0.0759 
        D859  4 0.0215 0.0234 0.0921 0.1562 0.0209 0.0316 0.4877 0.0534 0.0795 0.0336 
        D860  4 0.4411 0.0319 0.0523 0.0169 0.0309 0.0182 0.0805 0.0630 0.1715 0.0938 
        D883  4 0.0742 0.0958 0.0825 0.0819 0.1907 0.1014 0.0882 0.1902 0.0572 0.0378 
        D884  4 0.0520 0.0990 0.0455 0.6130 0.0265 0.0583 0.0375 0.0378 0.0197 0.0107 
        D885  4 0.0261 0.0245 0.1390 0.4727 0.0386 0.0489 0.0354 0.0810 0.0715 0.0623 
        D886  4 0.0300 0.2072 0.0639 0.0634 0.2423 0.0515 0.1167 0.1114 0.0488 0.0648 
        D887  4 0.0586 0.0664 0.1095 0.1732 0.0403 0.0838 0.1031 0.1219 0.1548 0.0883 
        D889  4 0.0169 0.0120 0.0620 0.0912 0.0188 0.0522 0.0723 0.0276 0.6359 0.0111 
        D890  4 0.0634 0.0844 0.0659 0.0275 0.0563 0.4980 0.0632 0.0376 0.0504 0.0531 
        D891  4 0.0093 0.0091 0.0116 0.0106 0.0091 0.0093 0.0092 0.0109 0.9098 0.0111 
        D899  4 0.0862 0.0264 0.0724 0.0409 0.0327 0.0620 0.0901 0.0219 0.1537 0.4137 
        D900  4 0.0615 0.0384 0.1795 0.0993 0.0863 0.0727 0.1843 0.1114 0.0704 0.0961 
        D970  4 0.0385 0.0385 0.1078 0.0507 0.0659 0.0315 0.3758 0.1278 0.1063 0.0571 
        D971  4 0.0572 0.0860 0.0732 0.0177 0.0305 0.0565 0.1917 0.0388 0.0219 0.4264 
        D979  4 0.0286 0.0268 0.1172 0.0321 0.0322 0.0847 0.2535 0.3409 0.0385 0.0455 
        D093  5 0.6991 0.0311 0.0386 0.0734 0.0159 0.0257 0.0269 0.0363 0.0359 0.0171 
        D154  5 0.0374 0.0268 0.1209 0.4127 0.0176 0.1747 0.0258 0.0218 0.0754 0.0870 
        D168  5 0.0141 0.0454 0.1355 0.2042 0.1228 0.1396 0.0281 0.0720 0.0695 0.1688 
        D189  5 0.3745 0.0269 0.0782 0.0905 0.0294 0.0548 0.0322 0.0413 0.2404 0.0320 
        D190  5 0.6772 0.0474 0.0370 0.0435 0.0141 0.0605 0.0379 0.0234 0.0343 0.0248 
     D237220  5 0.1291 0.0975 0.0989 0.2105 0.1980 0.0242 0.0839 0.0241 0.1173 0.0165 
     D237221  5 0.1917 0.0722 0.0848 0.0880 0.0297 0.0707 0.0644 0.0663 0.2159 0.1165 
     D237274  5 0.0192 0.1153 0.1207 0.0625 0.0189 0.0513 0.2174 0.3138 0.0317 0.0492 
     D237275  5 0.0226 0.0516 0.0730 0.0344 0.0259 0.1433 0.0172 0.0153 0.1317 0.4850 
     D237276  5 0.1262 0.1947 0.0809 0.2896 0.0412 0.0535 0.0482 0.1051 0.0379 0.0226 
     D237277  5 0.4582 0.0445 0.0597 0.0358 0.0163 0.0834 0.0463 0.0207 0.1784 0.0567 
     D237278  5 0.1779 0.1007 0.0737 0.0819 0.0703 0.0413 0.0800 0.0564 0.0311 0.2869 
     D237279  5 0.0229 0.2196 0.2703 0.0346 0.0930 0.1916 0.0503 0.0544 0.0361 0.0272 
     D237280  5 0.0462 0.5103 0.1064 0.0414 0.0860 0.0326 0.0547 0.0814 0.0234 0.0177 
     D237281  5 0.0230 0.0206 0.0751 0.0418 0.0151 0.0221 0.0265 0.0393 0.5608 0.1757 
     D237351  5 0.0487 0.6855 0.0329 0.0841 0.0227 0.0570 0.0142 0.0173 0.0218 0.0159 
     D237352  5 0.0561 0.0408 0.1012 0.0329 0.3030 0.1323 0.1719 0.0630 0.0334 0.0655 
     D237353  5 0.5797 0.0945 0.0294 0.0174 0.0159 0.0956 0.0369 0.0173 0.0952 0.0180 
     D237359  5 0.0555 0.0343 0.1389 0.3071 0.1452 0.0326 0.0698 0.0368 0.1537 0.0261 
     D237361  5 0.7921 0.0422 0.0231 0.0158 0.0128 0.0320 0.0185 0.0174 0.0277 0.0182 
     D237362  5 0.0771 0.0554 0.1004 0.0757 0.0355 0.4273 0.0380 0.0899 0.0584 0.0424 
     D237363  5 0.0444 0.0360 0.5138 0.0745 0.0266 0.0703 0.0208 0.0326 0.0731 0.1080 
     D237364  5 0.0120 0.0368 0.1198 0.4679 0.0606 0.0451 0.0740 0.0577 0.0636 0.0626 
     D237376  5 0.0489 0.0186 0.0194 0.0351 0.0124 0.7565 0.0593 0.0086 0.0227 0.0185 
     D237377  5 0.1006 0.3162 0.1772 0.0226 0.0450 0.0907 0.0366 0.1215 0.0404 0.0492 
     D237378  5 0.3330 0.0322 0.0750 0.0847 0.0345 0.1958 0.0803 0.0242 0.0755 0.0649 
     D237379  5 0.2295 0.0338 0.0804 0.1572 0.0551 0.1359 0.1823 0.0330 0.0602 0.0325 
     D237380  5 0.0374 0.6994 0.0333 0.0285 0.0282 0.0429 0.0846 0.0205 0.0136 0.0115 
     D237381  5 0.0599 0.3632 0.0998 0.0352 0.1367 0.0425 0.1342 0.0252 0.0479 0.0553 
     D237391  5 0.7672 0.0213 0.0215 0.0372 0.0169 0.0193 0.0181 0.0208 0.0642 0.0134 
     D237392  5 0.0225 0.1107 0.1031 0.0446 0.0401 0.1678 0.0690 0.2140 0.0333 0.1949 
     D237393  5 0.1853 0.1406 0.0779 0.0254 0.0497 0.0336 0.0530 0.3084 0.0752 0.0509 
     D237394  5 0.7719 0.0269 0.0213 0.0137 0.0201 0.0767 0.0191 0.0200 0.0192 0.0111 
     D237395  5 0.2118 0.0645 0.1009 0.1623 0.0510 0.2033 0.0203 0.0311 0.1053 0.0495 
     D237396  5 0.1630 0.0676 0.1252 0.0303 0.0994 0.0287 0.0477 0.2616 0.0891 0.0874 
     D244016  5 0.1160 0.0320 0.1640 0.0152 0.0169 0.3961 0.1033 0.0175 0.1096 0.0294 
     D244018  5 0.2188 0.0438 0.1176 0.0398 0.0643 0.0308 0.0198 0.0731 0.0782 0.3137 
     D244019  5 0.0386 0.0520 0.2104 0.0487 0.0248 0.3391 0.0539 0.0445 0.1075 0.0805 
        D279  5 0.0466 0.0303 0.0961 0.4358 0.0199 0.0229 0.0506 0.0316 0.2322 0.0341 
        D280  5 0.1218 0.0612 0.2114 0.0433 0.0680 0.0382 0.0353 0.0792 0.3038 0.0379 
        D281  5 0.0799 0.0143 0.0878 0.0665 0.0163 0.0430 0.0323 0.0261 0.5828 0.0509 
        D283  5 0.3888 0.0632 0.1005 0.0358 0.0159 0.0243 0.0354 0.1052 0.2084 0.0226 
        D284  5 0.0243 0.0641 0.1388 0.2060 0.1778 0.1888 0.0397 0.0395 0.0895 0.0315 
        D285  5 0.3305 0.0591 0.0815 0.1010 0.0178 0.0367 0.0519 0.0573 0.2453 0.0188 
        D286  5 0.1766 0.0488 0.1056 0.1933 0.0602 0.0998 0.1285 0.0889 0.0715 0.0269 
        D287  5 0.0910 0.0502 0.0765 0.0727 0.0312 0.5119 0.1032 0.0163 0.0308 0.0163 
        D288  5 0.0721 0.0432 0.2028 0.0262 0.0209 0.0750 0.0220 0.1304 0.3836 0.0239 
        D308  5 0.0304 0.7942 0.0289 0.0207 0.0131 0.0146 0.0199 0.0405 0.0213 0.0164 
        D309  5 0.0157 0.0184 0.0457 0.0161 0.0345 0.0236 0.8031 0.0209 0.0110 0.0110 
        D310  5 0.6929 0.0143 0.1286 0.0221 0.0126 0.0254 0.0175 0.0179 0.0602 0.0085 
        D311  5 0.0950 0.0376 0.2069 0.1874 0.0299 0.1887 0.0715 0.1128 0.0404 0.0300 
        D312  5 0.1043 0.0414 0.0698 0.0607 0.0892 0.2949 0.1589 0.0852 0.0583 0.0373 
        D313  5 0.0264 0.5601 0.0179 0.0240 0.3109 0.0132 0.0109 0.0163 0.0112 0.0090 
        D314  5 0.0439 0.0689 0.0885 0.4281 0.0313 0.1456 0.0425 0.0203 0.0823 0.0486 
        D315  5 0.2227 0.0813 0.1404 0.0399 0.0699 0.0801 0.0470 0.2085 0.0583 0.0519 
        D317  5 0.7295 0.0235 0.0309 0.0317 0.0200 0.0570 0.0134 0.0419 0.0363 0.0159 
        D318  5 0.0465 0.0388 0.2362 0.1049 0.1274 0.0768 0.1453 0.0747 0.0571 0.0923 
        D319  5 0.6941 0.0984 0.0247 0.0431 0.0155 0.0222 0.0151 0.0210 0.0507 0.0152 
        D320  5 0.5564 0.0633 0.0448 0.0292 0.0325 0.0594 0.0631 0.0270 0.1071 0.0172 
        D321  5 0.0671 0.5911 0.0414 0.0247 0.0186 0.0384 0.0171 0.0649 0.1254 0.0114 
        D336  5 0.6161 0.0287 0.0834 0.0257 0.0203 0.1414 0.0350 0.0177 0.0143 0.0175 
        D337  5 0.7934 0.0144 0.0211 0.0175 0.0093 0.0351 0.0269 0.0203 0.0453 0.0167 
        D338  5 0.1368 0.0433 0.1454 0.2365 0.0448 0.0231 0.0566 0.1426 0.1363 0.0344 
        D339  5 0.5545 0.0695 0.0931 0.0708 0.0191 0.0434 0.0157 0.0357 0.0669 0.0312 
        D347  5 0.0445 0.0378 0.1865 0.0404 0.0380 0.2028 0.1362 0.0866 0.1367 0.0905 
        D348  5 0.6689 0.0178 0.0684 0.0134 0.0131 0.0331 0.0984 0.0170 0.0492 0.0208 
