        D174  1 0.1140 0.0918 0.0697 0.1015 0.0983 0.4081 0.0558 0.0397 0.0211 
        D199  1 0.0847 0.0485 0.2276 0.0259 0.1385 0.1471 0.0848 0.1947 0.0482 
        D203  1 0.1174 0.0945 0.1799 0.1420 0.1034 0.0770 0.0582 0.1811 0.0465 
        D204  1 0.0315 0.0255 0.7193 0.0292 0.0315 0.0175 0.0239 0.0378 0.0838 
     D237366  1 0.0474 0.0590 0.0481 0.4903 0.1148 0.0585 0.0338 0.0543 0.0938 
     D237367  1 0.1095 0.0726 0.3177 0.1192 0.1603 0.0399 0.0570 0.0709 0.0529 
     D237368  1 0.0408 0.2888 0.1287 0.0529 0.2008 0.1145 0.0288 0.1021 0.0427 
     D244101  1 0.0388 0.0304 0.1743 0.0226 0.0842 0.0211 0.0908 0.1165 0.4213 
     D244102  1 0.3539 0.1047 0.0635 0.1176 0.0851 0.0539 0.0895 0.0445 0.0872 
     D244103  1 0.0927 0.0486 0.2224 0.2023 0.2314 0.0493 0.0678 0.0347 0.0508 
     D244104  1 0.0161 0.0635 0.6499 0.0279 0.0321 0.0828 0.0646 0.0312 0.0319 
     D244105  1 0.0652 0.1025 0.0495 0.5210 0.1411 0.0152 0.0510 0.0283 0.0263 
     D244106  1 0.0765 0.0222 0.0629 0.0726 0.0547 0.5785 0.0414 0.0690 0.0221 
     D244107  1 0.0263 0.3966 0.0872 0.0382 0.2079 0.0189 0.0309 0.1325 0.0616 
     D244108  1 0.1061 0.2269 0.0727 0.0482 0.0736 0.3624 0.0384 0.0412 0.0306 
     D244113  1 0.3520 0.0373 0.0215 0.0198 0.0414 0.3137 0.0671 0.0441 0.1032 
     D244114  1 0.0659 0.0295 0.0584 0.2514 0.2791 0.0847 0.1228 0.0453 0.0630 
     D244115  1 0.0723 0.2053 0.1312 0.0578 0.1064 0.3020 0.0611 0.0276 0.0362 
     D267365  1 0.0594 0.0589 0.3316 0.0454 0.0967 0.2024 0.1265 0.0371 0.0420 
        D404  1 0.5134 0.0305 0.0226 0.0338 0.0325 0.2040 0.0291 0.0388 0.0953 
        D405  1 0.5093 0.0618 0.0791 0.0442 0.0515 0.0539 0.0603 0.0765 0.0634 
        D406  1 0.0302 0.4817 0.0579 0.2463 0.0619 0.0420 0.0210 0.0191 0.0400 
        D407  1 0.0306 0.0238 0.6275 0.0732 0.0823 0.0362 0.0256 0.0832 0.0177 
        D408  1 0.1433 0.0301 0.0628 0.0305 0.0520 0.3220 0.2961 0.0223 0.0409 
        D409  1 0.1514 0.0341 0.1840 0.0384 0.4169 0.0496 0.0530 0.0420 0.0308 
        D410  1 0.0355 0.7285 0.0626 0.0285 0.0463 0.0281 0.0178 0.0162 0.0365 
        D421  1 0.0099 0.0089 0.8738 0.0162 0.0177 0.0214 0.0177 0.0248 0.0095 
        D422  1 0.0181 0.3641 0.0837 0.2664 0.1660 0.0151 0.0248 0.0464 0.0152 
        D423  1 0.0238 0.6756 0.0801 0.0497 0.0541 0.0192 0.0167 0.0636 0.0173 
        D424  1 0.0323 0.0358 0.5903 0.0691 0.1675 0.0380 0.0248 0.0213 0.0208 
        D425  1 0.1142 0.0419 0.4072 0.0399 0.1465 0.1236 0.0600 0.0291 0.0375 
        D426  1 0.0770 0.0178 0.1818 0.0382 0.4424 0.0259 0.1511 0.0498 0.0160 
        D427  1 0.0158 0.0206 0.2824 0.0179 0.0288 0.1984 0.0333 0.3895 0.0135 
        D428  1 0.1036 0.0696 0.3286 0.0448 0.0997 0.1684 0.0463 0.0452 0.0938 
        D429  1 0.0821 0.0386 0.3373 0.1637 0.0719 0.1792 0.0475 0.0425 0.0372 
        D430  1 0.2243 0.0264 0.0861 0.1069 0.2120 0.1530 0.0914 0.0691 0.0309 
        D491  1 0.0473 0.0626 0.0841 0.0197 0.0584 0.6365 0.0516 0.0145 0.0253 
        D492  1 0.1018 0.1201 0.2242 0.0699 0.1868 0.1543 0.0365 0.0495 0.0568 
        D537  1 0.0448 0.0473 0.6136 0.0513 0.0665 0.0263 0.0363 0.0310 0.0828 
        D538  1 0.2737 0.1695 0.0542 0.0399 0.1915 0.0871 0.0421 0.0935 0.0485 
        D539  1 0.0778 0.0658 0.0282 0.2930 0.0679 0.1518 0.1964 0.0538 0.0654 
        D540  1 0.0703 0.0568 0.2735 0.1043 0.2034 0.0411 0.2001 0.0264 0.0241 
        D541  1 0.0120 0.0206 0.8557 0.0176 0.0247 0.0132 0.0193 0.0213 0.0155 
        D551  1 0.0233 0.0299 0.0846 0.1902 0.2731 0.0407 0.1493 0.1823 0.0266 
        D552  1 0.0176 0.3390 0.1123 0.0939 0.0887 0.1735 0.0782 0.0367 0.0600 
        D553  1 0.0113 0.0187 0.8512 0.0182 0.0195 0.0191 0.0265 0.0157 0.0200 
        D615  1 0.1010 0.1160 0.3752 0.0688 0.0806 0.0733 0.0740 0.0816 0.0296 
        D616  1 0.0432 0.1236 0.3247 0.0693 0.1585 0.0762 0.0798 0.1033 0.0214 
        D621  1 0.0498 0.4801 0.0143 0.0972 0.0394 0.0619 0.0452 0.0248 0.1872 
        D622  1 0.0330 0.4546 0.0360 0.2483 0.0853 0.0342 0.0376 0.0230 0.0480 
        D623  1 0.1784 0.0504 0.0240 0.0211 0.0598 0.2384 0.0444 0.1460 0.2375 
        D624  1 0.0230 0.0227 0.0326 0.0295 0.0337 0.8075 0.0228 0.0164 0.0118 
        D625  1 0.0294 0.0696 0.5898 0.0574 0.0679 0.0775 0.0347 0.0178 0.0559 
        D626  1 0.0741 0.1152 0.0707 0.1441 0.0781 0.3018 0.1474 0.0402 0.0284 
        D627  1 0.0676 0.0204 0.1669 0.0970 0.4117 0.0420 0.1325 0.0390 0.0229 
        D690  1 0.0197 0.0915 0.7321 0.0190 0.0261 0.0482 0.0164 0.0131 0.0339 
        D691  1 0.0179 0.1820 0.0666 0.5405 0.0598 0.0546 0.0291 0.0247 0.0249 
        D710  1 0.0476 0.1870 0.2240 0.0198 0.1534 0.1407 0.0563 0.0431 0.1282 
        D711  1 0.0510 0.0519 0.6884 0.0402 0.0385 0.0363 0.0181 0.0288 0.0469 
        D712  1 0.0872 0.0621 0.0404 0.0513 0.0680 0.4875 0.1054 0.0459 0.0524 
        D713  1 0.2063 0.0659 0.1681 0.0613 0.1113 0.1459 0.0373 0.0207 0.1833 
        D746  1 0.0192 0.4090 0.0756 0.3098 0.0878 0.0222 0.0208 0.0316 0.0241 
        D747  1 0.0135 0.0184 0.8486 0.0185 0.0163 0.0158 0.0198 0.0236 0.0254 
        D748  1 0.0376 0.1203 0.2236 0.3859 0.0809 0.0428 0.0328 0.0169 0.0592 
        D749  1 0.0574 0.2635 0.0268 0.1621 0.1736 0.1357 0.0386 0.0544 0.0879 
        D750  1 0.0318 0.0841 0.1238 0.0316 0.0423 0.5958 0.0326 0.0219 0.0362 
        D763  1 0.0586 0.0619 0.0779 0.0887 0.1614 0.0214 0.2123 0.0952 0.2226 
        D764  1 0.0271 0.1101 0.4757 0.0220 0.0716 0.2271 0.0275 0.0190 0.0198 
        D765  1 0.0601 0.3899 0.0405 0.1165 0.1137 0.2129 0.0284 0.0187 0.0193 
        D766  1 0.0494 0.4530 0.0960 0.1077 0.0731 0.0348 0.0344 0.0231 0.1286 
        D767  1 0.2793 0.0854 0.0649 0.1257 0.0856 0.0287 0.0369 0.0780 0.2155 
        D768  1 0.0140 0.0218 0.8421 0.0276 0.0283 0.0136 0.0186 0.0181 0.0159 
        D811  1 0.5232 0.0699 0.0257 0.0197 0.0450 0.1129 0.1562 0.0214 0.0261 
        D816  1 0.0204 0.0266 0.8156 0.0197 0.0372 0.0284 0.0161 0.0152 0.0207 
        D825  1 0.1973 0.2145 0.1134 0.0540 0.1303 0.1980 0.0434 0.0205 0.0286 
        D866  1 0.0795 0.0577 0.0504 0.0372 0.0829 0.2427 0.2641 0.1618 0.0238 
        D867  1 0.0456 0.2966 0.0337 0.2192 0.1956 0.0226 0.0205 0.0677 0.0985 
        D871  1 0.1786 0.0209 0.1982 0.0410 0.4033 0.0473 0.0546 0.0258 0.0304 
        D872  1 0.2977 0.2345 0.1739 0.0446 0.0955 0.0372 0.0250 0.0476 0.0440 
        D873  1 0.0616 0.8007 0.0091 0.0192 0.0213 0.0153 0.0138 0.0183 0.0407 
        D874  1 0.0376 0.0154 0.0511 0.0245 0.0304 0.0741 0.0334 0.0193 0.7141 
        D875  1 0.1379 0.0697 0.1630 0.0886 0.4533 0.0195 0.0286 0.0143 0.0249 
        D876  1 0.0605 0.0943 0.3547 0.0557 0.1067 0.1066 0.0856 0.0249 0.1111 
        D877  1 0.5907 0.0175 0.0350 0.0190 0.0415 0.1405 0.0297 0.0284 0.0977 
        D892  1 0.0743 0.0658 0.2470 0.2301 0.0981 0.2010 0.0237 0.0166 0.0434 
        D893  1 0.0278 0.0417 0.6195 0.0703 0.0546 0.0170 0.0754 0.0318 0.0619 
        D894  1 0.0445 0.0379 0.5886 0.0777 0.0889 0.0601 0.0398 0.0322 0.0304 
        D915  1 0.0333 0.1521 0.4209 0.1254 0.0867 0.0728 0.0393 0.0345 0.0350 
        D916  1 0.0121 0.0213 0.8523 0.0191 0.0233 0.0256 0.0144 0.0151 0.0168 
        D917  1 0.0521 0.0368 0.1587 0.0254 0.1426 0.2981 0.0775 0.0725 0.1362 
        D925  1 0.0299 0.6076 0.1686 0.0265 0.0308 0.0589 0.0364 0.0227 0.0185 
        D926  1 0.0406 0.0454 0.3752 0.0840 0.1982 0.0780 0.0519 0.0276 0.0992 
        D927  1 0.0485 0.0322 0.2457 0.0569 0.1643 0.0725 0.0849 0.2489 0.0460 
        D928  1 0.0462 0.0218 0.0771 0.0110 0.0259 0.7612 0.0173 0.0187 0.0210 
        D929  1 0.2603 0.0430 0.0280 0.1113 0.0537 0.0548 0.0322 0.0208 0.3958 
        D936  1 0.0327 0.0274 0.4429 0.0420 0.0737 0.0305 0.0803 0.0432 0.2274 
        D938  1 0.0244 0.5618 0.0247 0.2453 0.0423 0.0245 0.0262 0.0163 0.0345 
        D956  1 0.1427 0.0387 0.0319 0.0642 0.0604 0.5578 0.0370 0.0377 0.0296 
        D957  1 0.2150 0.4103 0.0778 0.0701 0.0760 0.0434 0.0218 0.0325 0.0531 
        D958  1 0.0955 0.3276 0.1519 0.0633 0.0919 0.1266 0.0270 0.0220 0.0942 
        D959  1 0.0262 0.0211 0.6777 0.0691 0.0919 0.0266 0.0173 0.0570 0.0133 
        D960  1 0.0545 0.4459 0.0296 0.2641 0.0811 0.0413 0.0164 0.0243 0.0428 
        D989  1 0.0362 0.0220 0.0437 0.0494 0.0524 0.6054 0.0870 0.0812 0.0228 
        D990  1 0.0222 0.6619 0.0205 0.0239 0.0471 0.0773 0.0759 0.0414 0.0298 
        D023  2 0.0150 0.4898 0.1206 0.0294 0.1993 0.0226 0.0204 0.0799 0.0230 
        D130  2 0.0791 0.2020 0.0699 0.4453 0.0919 0.0145 0.0230 0.0501 0.0242 
        D131  2 0.0926 0.0650 0.2198 0.0692 0.2514 0.0387 0.1430 0.0562 0.0641 
        D163  2 0.0183 0.3710 0.1221 0.2046 0.1445 0.0577 0.0273 0.0228 0.0315 
        D164  2 0.0173 0.4333 0.0102 0.0159 0.0176 0.0105 0.0127 0.4672 0.0153 
        D165  2 0.0164 0.4817 0.0777 0.0723 0.1855 0.0192 0.0328 0.0839 0.0305 
        D166  2 0.4463 0.0468 0.0417 0.1174 0.1455 0.0173 0.0522 0.0389 0.0939 
        D167  2 0.0952 0.0170 0.0145 0.0129 0.0259 0.0268 0.0191 0.7749 0.0137 
        D192  2 0.0274 0.0158 0.0101 0.0108 0.0173 0.0181 0.0217 0.8591 0.0197 
        D193  2 0.4173 0.0345 0.0257 0.1443 0.0924 0.1197 0.0492 0.0316 0.0854 
        D206  2 0.0698 0.0433 0.1455 0.0824 0.1589 0.0252 0.1464 0.3008 0.0277 
        D207  2 0.1109 0.0190 0.0343 0.0395 0.0958 0.0226 0.0609 0.5917 0.0252 
        D208  2 0.0719 0.0542 0.0492 0.0539 0.0485 0.1895 0.3849 0.0957 0.0521 
        D209  2 0.0465 0.0611 0.0350 0.0219 0.2555 0.0270 0.0489 0.3822 0.1219 
        D210  2 0.0295 0.0297 0.0607 0.0665 0.0328 0.5364 0.1066 0.1019 0.0359 
     D229599  2 0.0642 0.0843 0.1975 0.0521 0.1699 0.0504 0.1526 0.0451 0.1839 
     D229600  2 0.0624 0.1598 0.0348 0.2004 0.1031 0.0258 0.0258 0.3564 0.0315 
     D237227  2 0.0507 0.1798 0.0524 0.0326 0.0874 0.4107 0.1021 0.0568 0.0274 
     D237228  2 0.1018 0.3915 0.0129 0.0362 0.0776 0.2287 0.0713 0.0597 0.0203 
     D237258  2 0.1012 0.1047 0.0845 0.0481 0.1471 0.0755 0.1429 0.2186 0.0774 
     D237310  2 0.2576 0.3239 0.0155 0.0981 0.1011 0.0448 0.0381 0.0712 0.0499 
     D237311  2 0.0964 0.4686 0.0178 0.0928 0.0711 0.0459 0.0294 0.1571 0.0208 
     D237312  2 0.2719 0.1382 0.0276 0.2943 0.0676 0.0462 0.0284 0.0280 0.0977 
     D237313  2 0.0479 0.1470 0.1638 0.1403 0.1552 0.0973 0.1349 0.0276 0.0860 
     D237322  2 0.1177 0.0649 0.0292 0.1035 0.1684 0.0984 0.2581 0.0439 0.1159 
     D237323  2 0.0961 0.4509 0.0171 0.0703 0.0705 0.1666 0.0492 0.0428 0.0366 
     D237324  2 0.0275 0.1092 0.0399 0.1396 0.3496 0.0174 0.0687 0.2068 0.0414 
     D237325  2 0.0761 0.2389 0.0320 0.2925 0.0844 0.0776 0.0421 0.0616 0.0948 
     D237326  2 0.0402 0.6281 0.0669 0.0311 0.0621 0.0764 0.0215 0.0355 0.0381 
     D237327  2 0.0417 0.0397 0.0610 0.1302 0.1864 0.0671 0.2392 0.1446 0.0901 
     D237337  2 0.0522 0.6421 0.0296 0.0651 0.0665 0.0665 0.0281 0.0209 0.0292 
     D237338  2 0.0630 0.1729 0.0468 0.2044 0.1216 0.1128 0.0936 0.0702 0.1146 
     D237339  2 0.0422 0.0225 0.0345 0.0217 0.0698 0.0190 0.0355 0.1555 0.5993 
     D237340  2 0.1333 0.2010 0.0229 0.1365 0.0728 0.1724 0.0364 0.1737 0.0511 
     D237389  2 0.2622 0.3273 0.0274 0.0996 0.0715 0.0285 0.0273 0.1262 0.0301 
     D237390  2 0.2030 0.1630 0.0365 0.3070 0.0732 0.0874 0.0539 0.0200 0.0559 
     D244017  2 0.2455 0.0322 0.0252 0.0191 0.1192 0.1825 0.0361 0.3147 0.0257 
     D244112  2 0.0620 0.0258 0.0164 0.0421 0.0360 0.0172 0.0139 0.7667 0.0198 
     D244118  2 0.0275 0.1694 0.0115 0.0431 0.0423 0.0249 0.0191 0.6265 0.0358 
     D244119  2 0.0271 0.0216 0.0170 0.0132 0.0204 0.6137 0.0238 0.2508 0.0123 
     D244120  2 0.3008 0.0248 0.0127 0.0859 0.0469 0.0521 0.0547 0.3271 0.0948 
     D244122  2 0.0926 0.0353 0.0264 0.0632 0.0360 0.0302 0.0422 0.6480 0.0260 
        D291  2 0.0860 0.0378 0.0731 0.0377 0.1407 0.0199 0.4834 0.0958 0.0255 
        D292  2 0.0551 0.0750 0.1661 0.0259 0.0597 0.0777 0.1609 0.3220 0.0577 
        D293  2 0.0159 0.0135 0.1134 0.0220 0.0650 0.0139 0.0409 0.6252 0.0903 
        D322  2 0.0282 0.0556 0.0955 0.0206 0.0972 0.0256 0.0230 0.4961 0.1583 
        D323  2 0.1870 0.0484 0.0652 0.0483 0.1399 0.0436 0.2501 0.1198 0.0978 
        D324  2 0.0375 0.1266 0.1606 0.0615 0.1715 0.0706 0.2725 0.0647 0.0345 
        D325  2 0.0144 0.0134 0.0317 0.0259 0.0284 0.0146 0.0385 0.8066 0.0268 
        D326  2 0.0151 0.0103 0.8426 0.0165 0.0284 0.0244 0.0255 0.0158 0.0214 
        D340  2 0.0123 0.0205 0.0222 0.0185 0.0222 0.0176 0.0193 0.8422 0.0251 
        D341  2 0.0323 0.0352 0.0477 0.2002 0.0503 0.0384 0.0519 0.5114 0.0326 
        D342  2 0.0605 0.1144 0.0239 0.0654 0.0791 0.0200 0.0541 0.5626 0.0200 
        D343  2 0.0099 0.0099 0.0184 0.0144 0.0150 0.0111 0.0115 0.8945 0.0153 
        D344  2 0.1891 0.0379 0.1034 0.0554 0.1128 0.0228 0.0254 0.0538 0.3993 
        D345  2 0.0247 0.3699 0.0867 0.0195 0.1353 0.0291 0.0590 0.0461 0.2296 
        D346  2 0.0737 0.0423 0.0682 0.0359 0.0618 0.4052 0.1996 0.0610 0.0524 
        D351  2 0.0838 0.0572 0.2401 0.0666 0.2252 0.0287 0.1435 0.0510 0.1038 
        D352  2 0.0469 0.0351 0.0230 0.0200 0.0964 0.0502 0.0263 0.0290 0.6730 
        D353  2 0.0402 0.0244 0.2551 0.0366 0.4274 0.0200 0.0407 0.0411 0.1145 
        D354  2 0.0407 0.0513 0.0392 0.0200 0.0481 0.0324 0.0228 0.0170 0.7287 
        D362  2 0.0384 0.0453 0.7278 0.0205 0.0696 0.0210 0.0246 0.0292 0.0236 
        D363  2 0.0283 0.0437 0.7345 0.0137 0.0564 0.0377 0.0310 0.0264 0.0284 
        D364  2 0.0447 0.0874 0.2572 0.0443 0.0934 0.0492 0.0273 0.0293 0.3672 
        D365  2 0.0137 0.0131 0.0197 0.0146 0.0245 0.0225 0.0199 0.8433 0.0288 
        D369  2 0.0619 0.0936 0.2400 0.0430 0.1026 0.1469 0.1192 0.1709 0.0219 
        D374  2 0.5607 0.0269 0.0152 0.0172 0.0365 0.2664 0.0323 0.0184 0.0264 
        D375  2 0.0414 0.0231 0.0215 0.0285 0.0546 0.0158 0.0232 0.0117 0.7801 
        D376  2 0.3156 0.0484 0.0175 0.0442 0.0576 0.3741 0.0323 0.0357 0.0745 
        D377  2 0.2437 0.1464 0.0358 0.0690 0.1204 0.0526 0.2246 0.0473 0.0602 
        D378  2 0.0193 0.0660 0.1473 0.0367 0.1259 0.0315 0.0803 0.2626 0.2303 
        D379  2 0.0327 0.0260 0.6322 0.0622 0.0632 0.0270 0.0813 0.0262 0.0492 
        D384  2 0.0148 0.0206 0.8211 0.0194 0.0185 0.0435 0.0238 0.0190 0.0193 
        D385  2 0.0273 0.0212 0.0227 0.0172 0.0284 0.0362 0.0256 0.6624 0.1590 
        D386  2 0.0512 0.0770 0.1010 0.0397 0.1089 0.0247 0.0466 0.0972 0.4537 
        D391  2 0.0262 0.0170 0.0235 0.0282 0.0360 0.0208 0.0375 0.6967 0.1142 
        D392  2 0.0416 0.1205 0.0728 0.0232 0.0551 0.0514 0.0302 0.5778 0.0275 
        D393  2 0.0259 0.0566 0.2124 0.0708 0.0604 0.0307 0.1581 0.1030 0.2821 
        D394  2 0.0864 0.1892 0.0708 0.0877 0.1851 0.0453 0.0341 0.0901 0.2113 
        D395  2 0.0510 0.0219 0.0225 0.0276 0.1266 0.0223 0.0291 0.2846 0.4145 
        D401  2 0.1031 0.6500 0.0279 0.0306 0.0481 0.0423 0.0471 0.0359 0.0150 
        D402  2 0.0274 0.0209 0.0213 0.0243 0.0293 0.0184 0.0446 0.7211 0.0928 
        D403  2 0.1004 0.0486 0.2157 0.1733 0.2542 0.0232 0.0349 0.0483 0.1014 
        D415  2 0.0349 0.0955 0.5350 0.0677 0.1646 0.0173 0.0218 0.0355 0.0277 
        D435  2 0.0211 0.0445 0.5275 0.0488 0.0493 0.0158 0.0421 0.1855 0.0652 
        D436  2 0.0970 0.0228 0.1409 0.1107 0.0742 0.0604 0.0247 0.0330 0.4364 
        D438  2 0.0182 0.0147 0.0143 0.0175 0.0191 0.0234 0.0201 0.8582 0.0144 
        D439  2 0.0182 0.0701 0.0574 0.0257 0.1383 0.0139 0.0369 0.0730 0.5665 
        D449  2 0.0272 0.0333 0.1366 0.0456 0.1187 0.0232 0.0257 0.5702 0.0196 
        D450  2 0.0925 0.0512 0.1144 0.0712 0.1617 0.1512 0.0789 0.0274 0.2514 
        D456  2 0.0150 0.0147 0.8199 0.0214 0.0362 0.0245 0.0287 0.0139 0.0257 
        D462  2 0.0181 0.0163 0.0293 0.0207 0.0207 0.0139 0.0182 0.7659 0.0969 
        D463  2 0.0209 0.0189 0.8091 0.0169 0.0281 0.0406 0.0207 0.0126 0.0322 
        D464  2 0.1032 0.0240 0.0688 0.0271 0.2597 0.0399 0.0301 0.1075 0.3397 
        D465  2 0.0733 0.0564 0.2287 0.0487 0.0691 0.0244 0.0428 0.4324 0.0243 
        D473  2 0.0647 0.1018 0.0304 0.0432 0.0713 0.4741 0.0523 0.0475 0.1146 
        D474  2 0.0173 0.0786 0.5162 0.0270 0.0562 0.0518 0.1351 0.0792 0.0385 
        D476  2 0.0166 0.1129 0.0263 0.1669 0.0932 0.0141 0.0229 0.0777 0.4694 
        D477  2 0.0384 0.1031 0.2339 0.0306 0.1000 0.0582 0.1224 0.0284 0.2850 
        D478  2 0.1051 0.0795 0.0556 0.0424 0.3921 0.1146 0.0416 0.0732 0.0959 
        D480  2 0.0404 0.0327 0.1659 0.0924 0.0674 0.1148 0.1347 0.0998 0.2518 
        D481  2 0.0416 0.1260 0.2442 0.0264 0.1658 0.0823 0.0540 0.0663 0.1933 
        D482  2 0.0897 0.0721 0.0264 0.0618 0.0792 0.0904 0.2383 0.0301 0.3120 
        D483  2 0.0232 0.0234 0.0185 0.0153 0.0245 0.0663 0.0205 0.7892 0.0191 
        D484  2 0.0616 0.0145 0.0115 0.0142 0.0263 0.0216 0.0188 0.0227 0.8089 
        D510  2 0.1112 0.0255 0.0253 0.0448 0.0420 0.5531 0.1275 0.0330 0.0376 
        D511  2 0.0249 0.0470 0.0624 0.0297 0.0532 0.0195 0.0512 0.0588 0.6534 
        D512  2 0.2033 0.3085 0.0264 0.0623 0.1166 0.0165 0.0445 0.1918 0.0302 
        D513  2 0.0522 0.0340 0.1041 0.0456 0.0820 0.0630 0.0906 0.4980 0.0305 
        D635  2 0.0234 0.2592 0.3513 0.0235 0.1991 0.0249 0.0296 0.0637 0.0253 
        D636  2 0.0197 0.6791 0.0279 0.0279 0.1573 0.0154 0.0246 0.0328 0.0153 
        D637  2 0.0972 0.0537 0.0270 0.1505 0.0802 0.0626 0.0920 0.1304 0.3063 
        D658  2 0.0764 0.0399 0.0259 0.0514 0.0397 0.1042 0.0274 0.4358 0.1994 
        D659  2 0.0203 0.0327 0.6926 0.0368 0.0461 0.0329 0.0653 0.0249 0.0484 
        D677  2 0.0588 0.0455 0.2192 0.3817 0.0784 0.0212 0.1033 0.0552 0.0367 
        D678  2 0.1571 0.0339 0.0213 0.0297 0.0974 0.0151 0.0470 0.5722 0.0263 
        D679  2 0.0472 0.0401 0.4194 0.0566 0.1019 0.0503 0.1685 0.0478 0.0682 
        D719  2 0.0290 0.0437 0.1172 0.0200 0.0453 0.4437 0.0682 0.1772 0.0558 
        D720  2 0.0305 0.0353 0.6989 0.0237 0.0530 0.0673 0.0440 0.0297 0.0175 
        D721  2 0.0184 0.3568 0.0940 0.0624 0.2282 0.0513 0.0322 0.1127 0.0440 
        D722  2 0.5017 0.0561 0.0267 0.0236 0.0495 0.1978 0.0577 0.0499 0.0370 
        D734  2 0.0293 0.0145 0.0214 0.0185 0.0378 0.1312 0.0343 0.0523 0.6607 
        D735  2 0.0533 0.1657 0.2048 0.0361 0.1407 0.0749 0.1564 0.0843 0.0838 
        D736  2 0.0369 0.0544 0.0693 0.0647 0.0738 0.3793 0.1884 0.0784 0.0549 
        D737  2 0.0538 0.0534 0.0198 0.0573 0.0583 0.0416 0.0609 0.4909 0.1641 
        D807  2 0.0655 0.0819 0.1400 0.0833 0.0636 0.2567 0.1244 0.0628 0.1218 
        D808  2 0.1173 0.1961 0.0688 0.0972 0.2054 0.0395 0.0738 0.1351 0.0669 
        D817  2 0.0895 0.0494 0.3553 0.0450 0.0635 0.0337 0.2543 0.0253 0.0840 
        D818  2 0.0499 0.0316 0.0943 0.2079 0.2588 0.0297 0.0933 0.2006 0.0338 
        D819  2 0.1630 0.1638 0.1650 0.0444 0.1449 0.0317 0.2007 0.0445 0.0421 
        D820  2 0.0229 0.0163 0.6165 0.0373 0.0497 0.0318 0.0267 0.0442 0.1546 
        D895  2 0.0459 0.1458 0.4072 0.0385 0.1491 0.0338 0.0795 0.0418 0.0584 
        D896  2 0.0761 0.7298 0.0202 0.0300 0.0346 0.0442 0.0188 0.0206 0.0257 
        D897  2 0.0710 0.0392 0.0291 0.1106 0.0743 0.0273 0.0674 0.5373 0.0438 
        D898  2 0.1835 0.1470 0.0528 0.0490 0.2330 0.0501 0.1849 0.0383 0.0613 
        D918  2 0.0449 0.0703 0.0328 0.4348 0.0744 0.0737 0.0774 0.0639 0.1277 
        D919  2 0.0551 0.0259 0.1343 0.0255 0.1667 0.0233 0.0692 0.1042 0.3958 
        D920  2 0.0332 0.2862 0.0300 0.4512 0.0582 0.0502 0.0221 0.0279 0.0409 
        D923  2 0.0415 0.0290 0.6191 0.0280 0.0811 0.0232 0.0349 0.0337 0.1094 
        D930  2 0.0744 0.0871 0.1936 0.0542 0.1566 0.1129 0.1065 0.0456 0.1691 
        D931  2 0.0615 0.0354 0.2565 0.0371 0.0893 0.0467 0.0576 0.1408 0.2752 
        D968  2 0.0173 0.0148 0.0293 0.0140 0.0294 0.0163 0.0563 0.7962 0.0264 
        D969  2 0.0404 0.0380 0.2003 0.0444 0.1517 0.0821 0.1711 0.2170 0.0550 
        D977  2 0.0305 0.0191 0.0299 0.0622 0.0534 0.0207 0.0320 0.7215 0.0307 
        D978  2 0.1378 0.0169 0.0262 0.0740 0.1348 0.0324 0.4211 0.1248 0.0319 
        D211  3 0.0333 0.0458 0.0568 0.6126 0.0900 0.0248 0.0719 0.0219 0.0431 
     D229639  3 0.0560 0.0451 0.0699 0.0359 0.0634 0.1259 0.4353 0.1400 0.0284 
     D237212  3 0.0683 0.0464 0.0663 0.1138 0.0796 0.0309 0.2002 0.0804 0.3141 
     D237213  3 0.1261 0.1639 0.0564 0.2047 0.1014 0.0217 0.1727 0.0340 0.1190 
     D237214  3 0.0267 0.1694 0.0755 0.2000 0.4270 0.0344 0.0202 0.0198 0.0269 
     D237215  3 0.1862 0.0322 0.0175 0.0161 0.0413 0.0711 0.0991 0.5203 0.0162 
     D237216  3 0.0615 0.0464 0.0626 0.1396 0.4980 0.0240 0.0939 0.0326 0.0415 
     D237217  3 0.0249 0.1111 0.0842 0.4118 0.2309 0.0198 0.0608 0.0373 0.0191 
     D237218  3 0.0210 0.0234 0.0529 0.3092 0.0612 0.0751 0.2286 0.0513 0.1774 
     D237219  3 0.0573 0.1565 0.0541 0.2031 0.0716 0.0968 0.3171 0.0214 0.0222 
     D237382  3 0.3812 0.0747 0.0667 0.1369 0.0993 0.1110 0.0414 0.0484 0.0403 
     D244127  3 0.0692 0.4033 0.0235 0.0859 0.1256 0.0240 0.0974 0.1247 0.0463 
     D244129  3 0.0830 0.1753 0.1187 0.0949 0.1996 0.0550 0.1023 0.0812 0.0901 
     D244133  3 0.1928 0.0380 0.1054 0.0660 0.0955 0.1063 0.2791 0.1035 0.0134 
     D244134  3 0.0214 0.1228 0.0308 0.0388 0.0350 0.2146 0.4742 0.0381 0.0244 
     D244135  3 0.0396 0.1787 0.0521 0.2707 0.2109 0.0217 0.0474 0.1378 0.0411 
     D244136  3 0.1194 0.0532 0.1963 0.0597 0.1014 0.1571 0.1925 0.0933 0.0270 
        D416  3 0.0475 0.1514 0.1071 0.0932 0.1926 0.0402 0.1525 0.1652 0.0503 
        D417  3 0.0389 0.0255 0.4861 0.3026 0.0459 0.0304 0.0223 0.0168 0.0315 
        D419  3 0.0611 0.0962 0.0942 0.1983 0.1130 0.0636 0.2573 0.0736 0.0427 
        D565  3 0.0188 0.0215 0.0575 0.0185 0.0213 0.7706 0.0542 0.0176 0.0200 
        D566  3 0.0866 0.0604 0.0739 0.0241 0.0660 0.2754 0.2790 0.1093 0.0254 
        D567  3 0.0493 0.0965 0.5444 0.0781 0.0606 0.0243 0.0372 0.0436 0.0661 
        D568  3 0.0612 0.1129 0.1198 0.2470 0.1110 0.0206 0.0834 0.1059 0.1381 
        D569  3 0.0965 0.0305 0.0240 0.0422 0.0879 0.0370 0.0379 0.0792 0.5649 
        D573  3 0.0215 0.0272 0.1516 0.0221 0.0693 0.0265 0.2740 0.3664 0.0414 
        D574  3 0.1936 0.0710 0.0427 0.0510 0.1437 0.2893 0.1211 0.0435 0.0440 
        D575  3 0.0472 0.2619 0.0968 0.0424 0.0678 0.0718 0.3314 0.0462 0.0344 
        D576  3 0.2127 0.0135 0.0082 0.0362 0.0478 0.0276 0.1071 0.5265 0.0206 
        D577  3 0.0631 0.0462 0.4660 0.0951 0.0864 0.0445 0.1119 0.0299 0.0569 
        D578  3 0.0317 0.1921 0.0167 0.3002 0.3786 0.0165 0.0205 0.0280 0.0157 
        D579  3 0.0464 0.0690 0.1315 0.0919 0.0758 0.1869 0.1888 0.0802 0.1295 
        D660  3 0.0878 0.0555 0.0193 0.0442 0.1409 0.0178 0.0838 0.5020 0.0487 
        D661  3 0.0276 0.0260 0.0256 0.3925 0.0999 0.0221 0.1364 0.1920 0.0779 
        D663  3 0.0885 0.0228 0.0784 0.0227 0.1054 0.0218 0.3899 0.2316 0.0388 
        D664  3 0.1539 0.1331 0.0273 0.1367 0.1364 0.0567 0.1561 0.1712 0.0285 
        D665  3 0.2999 0.0863 0.0174 0.1048 0.2328 0.0137 0.1078 0.0336 0.1038 
        D666  3 0.0470 0.2491 0.0925 0.0832 0.0531 0.0861 0.3277 0.0274 0.0338 
        D009  4 0.0676 0.1128 0.1037 0.3735 0.1040 0.0427 0.0345 0.0241 0.1372 
        D057  4 0.0219 0.0582 0.0300 0.2503 0.0393 0.0282 0.0356 0.1342 0.4022 
        D109  4 0.0767 0.4513 0.0471 0.0781 0.1663 0.0541 0.0657 0.0211 0.0396 
     D237222  4 0.1249 0.2190 0.0438 0.2632 0.0837 0.1492 0.0286 0.0432 0.0444 
     D237223  4 0.0568 0.0804 0.0347 0.4270 0.1016 0.1289 0.0538 0.0507 0.0661 
     D237224  4 0.0522 0.0663 0.1161 0.0383 0.1111 0.0355 0.1791 0.1887 0.2126 
     D237225  4 0.0814 0.0776 0.1220 0.2321 0.2090 0.0617 0.0658 0.0358 0.1146 
     D237299  4 0.1959 0.0270 0.0328 0.4070 0.1835 0.0430 0.0570 0.0296 0.0243 
     D237300  4 0.0304 0.0321 0.0176 0.0607 0.0348 0.0354 0.6083 0.1584 0.0221 
     D237306  4 0.1096 0.0582 0.0640 0.1135 0.0751 0.4951 0.0215 0.0207 0.0424 
     D237307  4 0.1017 0.0324 0.3608 0.1087 0.0690 0.1457 0.1175 0.0429 0.0213 
     D237308  4 0.0413 0.1110 0.0422 0.0408 0.0472 0.0762 0.0423 0.3800 0.2190 
     D237309  4 0.0811 0.1224 0.1397 0.1913 0.2318 0.0267 0.0538 0.0455 0.1077 
     D237317  4 0.0532 0.0747 0.1589 0.0403 0.1416 0.4141 0.0436 0.0370 0.0366 
     D237318  4 0.0311 0.0179 0.0311 0.0221 0.0434 0.0233 0.5606 0.2538 0.0166 
     D237319  4 0.1678 0.0729 0.0549 0.3732 0.1540 0.0338 0.0650 0.0516 0.0270 
     D237320  4 0.0214 0.0529 0.0405 0.6357 0.0654 0.0313 0.0628 0.0666 0.0233 
     D237321  4 0.0476 0.0458 0.0507 0.0607 0.0897 0.0570 0.4645 0.1582 0.0258 
     D237397  4 0.0581 0.0492 0.0433 0.4061 0.0807 0.1434 0.1054 0.0867 0.0270 
     D237398  4 0.0343 0.0223 0.0814 0.1327 0.1093 0.0247 0.4417 0.0974 0.0562 
     D237399  4 0.1017 0.0407 0.0713 0.1625 0.0715 0.2579 0.1917 0.0460 0.0566 
     D244001  4 0.1271 0.1534 0.0336 0.3653 0.0801 0.0272 0.0295 0.1154 0.0684 
        D289  4 0.0303 0.0339 0.0771 0.0816 0.1082 0.2578 0.0694 0.1059 0.2358 
        D290  4 0.4620 0.0306 0.0572 0.1004 0.1253 0.0239 0.1101 0.0405 0.0499 
        D294  4 0.1408 0.0271 0.0887 0.1267 0.1856 0.0466 0.0857 0.0290 0.2699 
        D295  4 0.1127 0.0709 0.2417 0.2362 0.0818 0.0548 0.0949 0.0259 0.0811 
        D301  4 0.0991 0.2423 0.0198 0.4101 0.0386 0.0372 0.0759 0.0509 0.0261 
        D302  4 0.0299 0.0195 0.0500 0.0306 0.0283 0.0186 0.0218 0.0148 0.7865 
        D303  4 0.0765 0.0847 0.0438 0.0500 0.0628 0.4937 0.0390 0.0518 0.0977 
        D304  4 0.2872 0.0281 0.0762 0.0958 0.1236 0.0816 0.2389 0.0314 0.0372 
        D305  4 0.0607 0.0377 0.0230 0.0659 0.2928 0.0133 0.0451 0.0912 0.3702 
        D306  4 0.4888 0.0371 0.0285 0.0552 0.2583 0.0350 0.0424 0.0218 0.0329 
        D307  4 0.0314 0.3276 0.0191 0.2978 0.0861 0.0763 0.0649 0.0332 0.0636 
        D327  4 0.0537 0.0240 0.5340 0.0538 0.1106 0.0652 0.0691 0.0468 0.0427 
        D328  4 0.1956 0.0444 0.0225 0.0607 0.0454 0.1479 0.0368 0.0312 0.4156 
        D329  4 0.0964 0.0777 0.0602 0.1109 0.1290 0.0523 0.1049 0.1017 0.2668 
        D330  4 0.1039 0.1063 0.2591 0.1454 0.1838 0.0206 0.0230 0.0684 0.0894 
        D331  4 0.2611 0.0624 0.1116 0.0599 0.1049 0.0857 0.2264 0.0504 0.0376 
        D333  4 0.1115 0.0822 0.0549 0.1968 0.0673 0.0995 0.0897 0.0786 0.2195 
        D334  4 0.0445 0.0309 0.0691 0.0918 0.0546 0.5712 0.0531 0.0208 0.0641 
        D335  4 0.0648 0.0280 0.2015 0.0231 0.0544 0.0240 0.0298 0.0292 0.5451 
        D370  4 0.4847 0.1973 0.0419 0.0368 0.0485 0.0502 0.0455 0.0416 0.0535 
        D371  4 0.0662 0.0178 0.1522 0.0247 0.0395 0.5811 0.0582 0.0351 0.0252 
        D372  4 0.1483 0.0209 0.0131 0.0518 0.1141 0.0348 0.4925 0.1032 0.0213 
        D373  4 0.0312 0.3092 0.0356 0.1815 0.1548 0.0171 0.0804 0.1175 0.0728 
        D455  4 0.0534 0.2705 0.0373 0.2986 0.0891 0.0328 0.0528 0.0368 0.1286 
        D490  4 0.0231 0.1196 0.0192 0.7408 0.0276 0.0202 0.0145 0.0114 0.0235 
        D497  4 0.0315 0.1316 0.0161 0.6483 0.0472 0.0274 0.0323 0.0163 0.0492 
        D498  4 0.4191 0.0798 0.0613 0.0527 0.0725 0.0897 0.1474 0.0459 0.0314 
        D499  4 0.1152 0.0393 0.0342 0.0679 0.1650 0.1143 0.1326 0.1972 0.1342 
        D514  4 0.1990 0.0439 0.2559 0.0494 0.1562 0.0149 0.0841 0.0354 0.1611 
        D515  4 0.1131 0.0373 0.0364 0.6525 0.0492 0.0273 0.0219 0.0245 0.0379 
        D516  4 0.0774 0.1610 0.1529 0.1637 0.0756 0.0717 0.1838 0.0835 0.0304 
        D517  4 0.0267 0.1754 0.1008 0.3196 0.1866 0.0225 0.0783 0.0508 0.0393 
        D518  4 0.0409 0.0499 0.0254 0.2229 0.0482 0.0639 0.0207 0.0332 0.4950 
        D519  4 0.0219 0.0229 0.0259 0.7985 0.0272 0.0245 0.0325 0.0270 0.0196 
        D560  4 0.0314 0.0190 0.0572 0.7312 0.0279 0.0141 0.0344 0.0442 0.0405 
        D561  4 0.1190 0.0739 0.1528 0.0670 0.3749 0.0180 0.0358 0.0801 0.0784 
        D562  4 0.1536 0.0590 0.0530 0.1170 0.2675 0.0567 0.0736 0.0710 0.1486 
        D563  4 0.0552 0.0607 0.0266 0.0645 0.1155 0.0195 0.0554 0.4449 0.1577 
        D572  4 0.0430 0.0287 0.0484 0.0654 0.0550 0.0252 0.0212 0.0280 0.6852 
        D629  4 0.0452 0.0774 0.3182 0.0840 0.1191 0.0203 0.2066 0.0345 0.0948 
        D630  4 0.1345 0.0272 0.0823 0.4333 0.0776 0.0562 0.0673 0.0319 0.0897 
        D631  4 0.0304 0.0177 0.0196 0.1055 0.0396 0.0211 0.0312 0.0528 0.6819 
        D632  4 0.0363 0.3613 0.0530 0.1002 0.0536 0.0188 0.0334 0.1513 0.1922 
        D646  4 0.0294 0.0836 0.1707 0.4249 0.1083 0.0366 0.0342 0.0567 0.0556 
        D647  4 0.1249 0.0669 0.2966 0.2110 0.0819 0.0161 0.0394 0.0742 0.0889 
        D648  4 0.4321 0.0164 0.0186 0.0423 0.0402 0.0597 0.0336 0.0218 0.3354 
        D649  4 0.0432 0.1988 0.2645 0.1000 0.0638 0.0262 0.0626 0.0226 0.2184 
        D650  4 0.0635 0.0730 0.1624 0.2714 0.0925 0.1152 0.0827 0.0323 0.1069 
        D708  4 0.0981 0.0471 0.0475 0.0914 0.1723 0.1503 0.1322 0.0291 0.2320 
        D709  4 0.5241 0.1046 0.0349 0.0646 0.1136 0.0374 0.0510 0.0267 0.0431 
        D738  4 0.0419 0.0756 0.0598 0.0921 0.0534 0.6131 0.0226 0.0162 0.0254 
        D739  4 0.1761 0.0575 0.0376 0.4037 0.1212 0.0324 0.0605 0.0309 0.0802 
        D740  4 0.0549 0.1527 0.0289 0.1053 0.2312 0.1496 0.1259 0.0566 0.0949 
        D741  4 0.0403 0.0336 0.0923 0.5778 0.1022 0.0194 0.0333 0.0718 0.0293 
        D742  4 0.0450 0.0359 0.0361 0.1972 0.0885 0.1332 0.0826 0.3008 0.0807 
        D743  4 0.0296 0.0233 0.3384 0.0447 0.0582 0.0264 0.0383 0.0530 0.3881 
        D744  4 0.0179 0.0176 0.0237 0.0257 0.0368 0.0193 0.0179 0.0221 0.8190 
        D745  4 0.0307 0.0226 0.0200 0.8161 0.0297 0.0169 0.0241 0.0159 0.0240 
        D814  4 0.0633 0.0171 0.0494 0.2212 0.2684 0.0197 0.0662 0.2317 0.0629 
        D815  4 0.2572 0.0554 0.0874 0.0247 0.0592 0.0285 0.0530 0.0294 0.4054 
        D828  4 0.6209 0.0250 0.0138 0.0396 0.0411 0.0653 0.0509 0.0553 0.0881 
        D845  4 0.0133 0.0157 0.0228 0.0351 0.0296 0.0825 0.6184 0.1502 0.0324 
        D846  4 0.0815 0.0325 0.1181 0.0551 0.1102 0.0121 0.0555 0.1499 0.3852 
        D847  4 0.1188 0.0595 0.0903 0.2441 0.1490 0.1128 0.1044 0.0494 0.0717 
        D848  4 0.0334 0.3564 0.0192 0.0755 0.1377 0.0244 0.1334 0.1766 0.0434 
        D849  4 0.0831 0.0927 0.0483 0.5362 0.0982 0.0180 0.0351 0.0319 0.0565 
        D850  4 0.0261 0.0780 0.1979 0.0893 0.2727 0.0831 0.1305 0.0700 0.0524 
        D856  4 0.2793 0.1222 0.0418 0.0774 0.2828 0.0417 0.0679 0.0270 0.0598 
        D857  4 0.1887 0.5573 0.0092 0.0428 0.0372 0.0286 0.0205 0.0873 0.0286 
        D859  4 0.0511 0.0235 0.0755 0.1064 0.0668 0.0324 0.0706 0.0411 0.5326 
        D860  4 0.0261 0.0321 0.0873 0.0196 0.0619 0.4989 0.0869 0.1025 0.0846 
        D883  4 0.1233 0.1199 0.1865 0.2049 0.0710 0.0786 0.1029 0.0294 0.0835 
        D884  4 0.0846 0.0530 0.0507 0.5399 0.0733 0.0784 0.0427 0.0202 0.0572 
        D885  4 0.0351 0.0527 0.1581 0.2197 0.1840 0.0282 0.1753 0.0778 0.0691 
        D886  4 0.2759 0.1688 0.0976 0.1815 0.0639 0.0240 0.0432 0.0578 0.0876 
        D887  4 0.0852 0.0687 0.1004 0.0997 0.1461 0.0587 0.1763 0.1268 0.1382 
        D889  4 0.1741 0.0153 0.0458 0.0764 0.0823 0.0265 0.4847 0.0297 0.0653 
        D890  4 0.2497 0.1420 0.0441 0.0322 0.0806 0.0689 0.2019 0.0566 0.1241 
        D891  4 0.0101 0.0133 0.0165 0.0119 0.0194 0.0128 0.6899 0.2123 0.0137 
        D899  4 0.0752 0.0288 0.0317 0.0453 0.0668 0.0855 0.1206 0.4587 0.0873 
        D900  4 0.1677 0.0586 0.1352 0.0953 0.1818 0.0721 0.0657 0.0890 0.1346 
        D970  4 0.0499 0.0439 0.1403 0.0563 0.1385 0.0690 0.0999 0.0618 0.3404 
        D971  4 0.0698 0.0669 0.0715 0.0258 0.0974 0.0608 0.0405 0.3950 0.1722 
        D979  4 0.0663 0.0223 0.3731 0.0315 0.0547 0.0330 0.0382 0.0362 0.3447 
        D093  5 0.0387 0.0215 0.0287 0.0700 0.0322 0.7062 0.0578 0.0196 0.0252 
        D154  5 0.1422 0.0257 0.0285 0.2046 0.1301 0.0430 0.2538 0.1307 0.0413 
        D168  5 0.0793 0.0752 0.0650 0.1511 0.1703 0.0164 0.1763 0.2316 0.0348 
        D189  5 0.1862 0.0203 0.0444 0.0894 0.0619 0.3487 0.1553 0.0540 0.0398 
        D190  5 0.0418 0.0339 0.0266 0.0299 0.0261 0.6546 0.1074 0.0300 0.0498 
     D237220  5 0.0859 0.0945 0.0286 0.2839 0.1031 0.1410 0.1420 0.0215 0.0993 
     D237221  5 0.0496 0.0581 0.0608 0.0671 0.0680 0.2531 0.2404 0.1278 0.0750 
     D237274  5 0.0557 0.0624 0.4346 0.0358 0.1107 0.0187 0.0281 0.0650 0.1891 
     D237275  5 0.2395 0.0279 0.0170 0.0295 0.0661 0.0327 0.0923 0.4795 0.0154 
     D237276  5 0.1270 0.1057 0.0885 0.3119 0.0674 0.1395 0.0682 0.0413 0.0506 
     D237277  5 0.0415 0.0419 0.0257 0.0260 0.0365 0.4868 0.2062 0.0633 0.0722 
     D237278  5 0.0587 0.1018 0.0632 0.0524 0.1083 0.2032 0.0373 0.3020 0.0732 
     D237279  5 0.0551 0.3824 0.0435 0.0420 0.2966 0.0188 0.0551 0.0243 0.0823 
     D237280  5 0.0535 0.5258 0.1051 0.0373 0.0905 0.0476 0.0562 0.0237 0.0603 
     D237281  5 0.0300 0.0204 0.0357 0.0314 0.0891 0.0308 0.2849 0.4537 0.0240 
     D237351  5 0.0269 0.6361 0.0210 0.0577 0.0364 0.0614 0.1144 0.0216 0.0246 
     D237352  5 0.0792 0.1792 0.0792 0.1253 0.1022 0.0678 0.0643 0.0903 0.2126 
     D237353  5 0.0399 0.0690 0.0180 0.0195 0.0300 0.6146 0.1445 0.0223 0.0421 
     D237359  5 0.0817 0.0574 0.0300 0.3692 0.0984 0.0654 0.2139 0.0279 0.0560 
     D237361  5 0.0373 0.0438 0.0195 0.0165 0.0269 0.7796 0.0353 0.0198 0.0213 
     D237362  5 0.1086 0.0520 0.1471 0.0609 0.0958 0.0749 0.3689 0.0457 0.0461 
     D237363  5 0.0673 0.0286 0.0397 0.0447 0.5310 0.0432 0.0949 0.1269 0.0237 
     D237364  5 0.0717 0.0467 0.0619 0.4200 0.0988 0.0168 0.0740 0.0981 0.1122 
     D237376  5 0.6491 0.0140 0.0140 0.0382 0.0248 0.0710 0.0471 0.0321 0.1097 
     D237377  5 0.0288 0.3500 0.1089 0.0229 0.1265 0.1198 0.1360 0.0551 0.0521 
     D237378  5 0.1556 0.0278 0.0228 0.1078 0.0606 0.3795 0.1105 0.0622 0.0732 
     D237379  5 0.1461 0.0247 0.0426 0.0951 0.1201 0.1864 0.0575 0.0380 0.2895 
     D237380  5 0.1933 0.4897 0.0249 0.0680 0.0517 0.0553 0.0160 0.0197 0.0814 
     D237381  5 0.1112 0.3631 0.0374 0.0893 0.0900 0.0540 0.0493 0.0851 0.1207 
     D237391  5 0.0164 0.0244 0.0302 0.0307 0.0266 0.7374 0.0952 0.0139 0.0254 
     D237392  5 0.1430 0.0842 0.2799 0.0381 0.1004 0.0259 0.0510 0.1935 0.0839 
     D237393  5 0.0674 0.1583 0.2998 0.0368 0.0575 0.2184 0.0571 0.0590 0.0458 
     D237394  5 0.0260 0.0384 0.0243 0.0180 0.0236 0.7746 0.0544 0.0128 0.0279 
     D237395  5 0.2105 0.0746 0.0373 0.1669 0.0765 0.2097 0.1317 0.0660 0.0269 
     D237396  5 0.0171 0.1444 0.3174 0.0243 0.1418 0.1636 0.0522 0.0819 0.0572 
     D244016  5 0.1065 0.0370 0.0205 0.0206 0.1595 0.1471 0.2930 0.0423 0.1735 
     D244018  5 0.0254 0.0658 0.0855 0.0561 0.0853 0.2390 0.1029 0.3054 0.0346 
     D244019  5 0.1236 0.0545 0.0874 0.0362 0.1563 0.0439 0.3060 0.0939 0.0981 
        D279  5 0.0347 0.0401 0.0431 0.2397 0.0851 0.0707 0.3200 0.0671 0.0995 
        D280  5 0.0538 0.0877 0.0833 0.0465 0.1974 0.2448 0.2113 0.0443 0.0308 
        D281  5 0.0591 0.0159 0.0255 0.0386 0.0743 0.0745 0.4360 0.2417 0.0343 
        D283  5 0.0190 0.0675 0.1275 0.0339 0.0573 0.5049 0.1102 0.0313 0.0483 
        D284  5 0.1703 0.0531 0.0580 0.3547 0.1521 0.0320 0.1049 0.0370 0.0380 
        D285  5 0.0460 0.0361 0.0643 0.0745 0.0801 0.3871 0.2217 0.0277 0.0625 
        D286  5 0.1577 0.0415 0.0790 0.1901 0.0796 0.2025 0.0955 0.0302 0.1239 
        D287  5 0.5075 0.0362 0.0174 0.0526 0.0499 0.1106 0.0884 0.0223 0.1150 
        D288  5 0.0353 0.0597 0.2043 0.0375 0.1361 0.1035 0.3463 0.0486 0.0286 
        D308  5 0.0265 0.7134 0.0535 0.0388 0.0462 0.0467 0.0248 0.0204 0.0297 
        D309  5 0.0211 0.0307 0.0242 0.0223 0.0348 0.0247 0.0155 0.0143 0.8125 
        D310  5 0.0476 0.0185 0.0215 0.0217 0.1235 0.6667 0.0651 0.0141 0.0213 
        D311  5 0.2255 0.0262 0.1243 0.1215 0.0994 0.0870 0.1585 0.0281 0.1295 
        D312  5 0.1917 0.0592 0.1112 0.0628 0.0765 0.1215 0.0786 0.0486 0.2499 
        D313  5 0.0191 0.7445 0.0151 0.1006 0.0428 0.0354 0.0161 0.0140 0.0125 
        D314  5 0.1359 0.0577 0.0353 0.2977 0.0976 0.0713 0.1594 0.0768 0.0683 
        D315  5 0.0950 0.1101 0.2617 0.0394 0.1070 0.2170 0.0517 0.0580 0.0603 
        D317  5 0.0696 0.0279 0.0504 0.0337 0.0440 0.6820 0.0576 0.0197 0.0150 
        D318  5 0.0856 0.0431 0.1014 0.0852 0.2977 0.0577 0.0576 0.0983 0.1734 
        D319  5 0.0330 0.0378 0.0186 0.0284 0.0287 0.7795 0.0367 0.0159 0.0214 
        D320  5 0.0691 0.0384 0.0280 0.0409 0.0462 0.5872 0.1005 0.0209 0.0688 
        D321  5 0.0154 0.5932 0.0730 0.0229 0.0397 0.0636 0.1557 0.0195 0.0169 
        D336  5 0.2328 0.0175 0.0245 0.0301 0.0433 0.5738 0.0232 0.0172 0.0377 
        D337  5 0.0296 0.0157 0.0240 0.0140 0.0197 0.7636 0.0726 0.0321 0.0285 
        D338  5 0.0581 0.0397 0.1591 0.2146 0.1144 0.1877 0.1042 0.0629 0.0593 
        D339  5 0.0766 0.0435 0.0402 0.0831 0.0919 0.5004 0.0997 0.0429 0.0217 
        D347  5 0.4807 0.0297 0.0868 0.0259 0.1561 0.0326 0.0423 0.0708 0.0750 
        D348  5 0.0652 0.0193 0.0282 0.0171 0.0456 0.6663 0.0212 0.0291 0.1080 
        D349  5 0.0266 0.7794 0.0190 0.0169 0.0194 0.0360 0.0626 0.0197 0.0203 
        D350  5 0.0245 0.0200 0.0171 0.0391 0.0177 0.0171 0.0188 0.0188 0.8269 
        D355  5 0.0965 0.0251 0.0966 0.0663 0.2441 0.0306 0.2139 0.1363 0.0907 
        D356  5 0.1006 0.0883 0.1770 0.0881 0.1178 0.2451 0.0932 0.0350 0.0549 
        D357  5 0.3383 0.0501 0.0552 0.0648 0.2222 0.0772 0.0749 0.0365 0.0810 
        D358  5 0.0611 0.1020 0.0451 0.0421 0.1038 0.3894 0.0426 0.0505 0.1634 
        D359  5 0.0212 0.0491 0.1627 0.0276 0.0632 0.5207 0.0364 0.0188 0.1003 
        D360  5 0.0713 0.0668 0.1056 0.0547 0.1138 0.4405 0.0851 0.0239 0.0383 
        D361  5 0.0278 0.7708 0.0312 0.0315 0.0355 0.0299 0.0335 0.0244 0.0154 
        D366  5 0.0278 0.0204 0.5423 0.0256 0.0520 0.0237 0.0312 0.2577 0.0194 
        D367  5 0.1102 0.0559 0.0242 0.0728 0.1308 0.4209 0.0730 0.0211 0.0912 
        D368  5 0.0496 0.2822 0.0900 0.0747 0.1328 0.1618 0.1281 0.0294 0.0513 
        D380  5 0.0340 0.0705 0.0633 0.0535 0.1221 0.0382 0.0886 0.0559 0.4739 
        D381  5 0.0243 0.0418 0.0509 0.0262 0.0971 0.5721 0.0926 0.0404 0.0546 
        D400  5 0.1775 0.0292 0.0603 0.1166 0.0687 0.1791 0.1611 0.0830 0.1245 
        D411  5 0.1109 0.1733 0.0221 0.4631 0.1198 0.0131 0.0444 0.0341 0.0193 
        D412  5 0.1620 0.1166 0.0746 0.0476 0.2572 0.0785 0.0896 0.1223 0.0517 
        D413  5 0.0423 0.0298 0.1149 0.0550 0.0924 0.0257 0.0763 0.5114 0.0523 
        D414  5 0.0674 0.0178 0.0230 0.0880 0.0485 0.0227 0.0501 0.0620 0.6206 
        D420  5 0.2047 0.0617 0.0221 0.0730 0.1716 0.0413 0.3665 0.0328 0.0263 
        D431  5 0.2329 0.0746 0.0208 0.0969 0.1140 0.0384 0.2478 0.0447 0.1299 
        D432  5 0.0499 0.1012 0.0416 0.0307 0.0915 0.5066 0.0717 0.0598 0.0469 
        D433  5 0.0950 0.0863 0.0598 0.0367 0.0543 0.3921 0.1924 0.0519 0.0315 
        D434  5 0.0690 0.0815 0.0696 0.0613 0.0823 0.5017 0.0647 0.0240 0.0461 
        D440  5 0.0261 0.0249 0.0182 0.0486 0.0323 0.0264 0.0194 0.0156 0.7884 
        D447  5 0.0623 0.0553 0.2329 0.0729 0.3358 0.0315 0.0245 0.0818 0.1030 
        D448  5 0.3714 0.0202 0.0528 0.0833 0.0641 0.2754 0.0596 0.0373 0.0359 
        D459  5 0.0321 0.0166 0.0775 0.0469 0.0575 0.0317 0.2406 0.4144 0.0827 
        D460  5 0.0169 0.7030 0.0658 0.0206 0.0371 0.0577 0.0475 0.0212 0.0302 
        D461  5 0.0180 0.0205 0.0419 0.0159 0.0174 0.0182 0.0246 0.0123 0.8313 
        D468  5 0.2354 0.0378 0.1293 0.0874 0.1098 0.0729 0.2507 0.0512 0.0255 
        D469  5 0.0619 0.0649 0.4127 0.1462 0.0812 0.0670 0.0696 0.0303 0.0660 
        D470  5 0.2189 0.0322 0.0576 0.3984 0.0657 0.0482 0.0931 0.0255 0.0604 
        D471  5 0.2332 0.0221 0.0532 0.0548 0.0424 0.3864 0.1152 0.0408 0.0520 
        D472  5 0.0233 0.0212 0.6754 0.0228 0.0386 0.0270 0.0692 0.1011 0.0214 
        D479  5 0.1008 0.0238 0.0297 0.0272 0.0539 0.0216 0.0397 0.6198 0.0834 
        D485  5 0.4569 0.0227 0.0284 0.0737 0.0769 0.0365 0.0422 0.0414 0.2214 
        D486  5 0.3420 0.0454 0.0868 0.1204 0.1317 0.0537 0.1489 0.0382 0.0330 
        D487  5 0.0568 0.0405 0.0340 0.1564 0.0963 0.1488 0.2320 0.1018 0.1333 
        D555  5 0.0550 0.0244 0.0220 0.0145 0.0368 0.7409 0.0331 0.0531 0.0201 
        D556  5 0.0727 0.1100 0.0397 0.0402 0.0738 0.0814 0.3291 0.0359 0.2172 
