        D174  1 0.0896 0.1149 0.0881 0.0173 0.1046 0.3425 0.0270 0.0650 0.1164 0.0346 
        D199  1 0.1252 0.0857 0.0302 0.0323 0.0344 0.1337 0.1387 0.1808 0.0799 0.1590 
        D203  1 0.1023 0.0657 0.1455 0.0473 0.0193 0.0635 0.0974 0.2404 0.1084 0.1102 
        D204  1 0.0259 0.0172 0.0251 0.0633 0.0192 0.0174 0.0158 0.7512 0.0376 0.0275 
     D237366  1 0.0900 0.4721 0.0302 0.0936 0.0260 0.0504 0.0359 0.0669 0.0727 0.0623 
     D237367  1 0.0874 0.1565 0.0593 0.0510 0.1668 0.0347 0.0248 0.2459 0.0874 0.0861 
     D237368  1 0.0742 0.3392 0.0544 0.0696 0.0228 0.1271 0.0250 0.1569 0.0402 0.0906 
     D244101  1 0.0714 0.0218 0.0306 0.4816 0.0261 0.0173 0.1233 0.1468 0.0350 0.0460 
     D244102  1 0.0922 0.0897 0.0939 0.0796 0.0829 0.0325 0.0780 0.0645 0.3519 0.0348 
     D244103  1 0.2271 0.1796 0.0456 0.0427 0.1306 0.0447 0.0312 0.1401 0.1129 0.0455 
     D244104  1 0.0336 0.0390 0.0244 0.0286 0.1058 0.1036 0.0385 0.5781 0.0116 0.0368 
     D244105  1 0.2352 0.3041 0.1891 0.0215 0.0488 0.0129 0.0468 0.0666 0.0556 0.0195 
     D244106  1 0.0676 0.0240 0.0491 0.0228 0.0217 0.4798 0.0703 0.0696 0.1228 0.0722 
     D244107  1 0.1640 0.2723 0.1838 0.0946 0.0525 0.0146 0.0220 0.0524 0.0175 0.1263 
     D244108  1 0.0840 0.0386 0.2628 0.0314 0.0394 0.3322 0.0310 0.0606 0.0893 0.0307 
     D244113  1 0.0500 0.0300 0.0258 0.0627 0.1029 0.2814 0.0193 0.0171 0.3672 0.0436 
     D244114  1 0.3177 0.0829 0.0688 0.0419 0.0282 0.0855 0.1254 0.0604 0.1185 0.0708 
     D244115  1 0.1484 0.0610 0.1861 0.0282 0.0637 0.2573 0.0286 0.1498 0.0515 0.0253 
     D267365  1 0.0899 0.0845 0.0334 0.0440 0.0398 0.2160 0.1578 0.2638 0.0429 0.0280 
        D404  1 0.0348 0.0158 0.0339 0.0558 0.0387 0.1770 0.0182 0.0240 0.5715 0.0304 
        D405  1 0.0520 0.0373 0.0601 0.0527 0.0771 0.0526 0.0429 0.1067 0.4514 0.0673 
        D406  1 0.0463 0.6068 0.0963 0.0462 0.0154 0.0432 0.0238 0.0672 0.0351 0.0198 
        D407  1 0.0680 0.1011 0.0163 0.0168 0.0730 0.0242 0.0210 0.5528 0.0243 0.1025 
        D408  1 0.0466 0.0191 0.0470 0.0264 0.2398 0.3463 0.1395 0.0513 0.0645 0.0195 
        D409  1 0.4425 0.1048 0.0737 0.0389 0.0511 0.0465 0.0361 0.0878 0.0698 0.0486 
        D410  1 0.0209 0.0190 0.7693 0.0260 0.0245 0.0245 0.0146 0.0710 0.0203 0.0101 
        D421  1 0.0164 0.0159 0.0096 0.0105 0.0180 0.0213 0.0126 0.8562 0.0081 0.0314 
        D422  1 0.0417 0.7329 0.0445 0.0178 0.0166 0.0120 0.0218 0.0564 0.0141 0.0422 
        D423  1 0.0445 0.0606 0.6745 0.0188 0.0204 0.0162 0.0132 0.0764 0.0227 0.0527 
        D424  1 0.1641 0.0677 0.0249 0.0217 0.0408 0.0312 0.0196 0.5848 0.0256 0.0195 
        D425  1 0.1420 0.0479 0.1131 0.0290 0.0402 0.1012 0.0572 0.3489 0.0973 0.0233 
        D426  1 0.5004 0.1318 0.0207 0.0234 0.0667 0.0213 0.1218 0.0503 0.0251 0.0385 
        D427  1 0.0214 0.0308 0.0186 0.0140 0.0439 0.2287 0.0293 0.2420 0.0103 0.3610 
        D428  1 0.1290 0.0690 0.0581 0.0673 0.0436 0.1759 0.0338 0.3006 0.0804 0.0423 
        D429  1 0.0885 0.0438 0.0464 0.0292 0.0225 0.1220 0.0618 0.4224 0.1344 0.0289 
        D430  1 0.1886 0.0558 0.0469 0.0266 0.0437 0.1139 0.1183 0.0765 0.2622 0.0675 
        D491  1 0.0374 0.0242 0.0228 0.0270 0.0622 0.6913 0.0329 0.0514 0.0360 0.0148 
        D492  1 0.1917 0.1413 0.0502 0.0464 0.0309 0.0941 0.0277 0.2303 0.1305 0.0569 
        D537  1 0.0582 0.0706 0.0611 0.0584 0.0869 0.0263 0.0141 0.5507 0.0476 0.0260 
        D538  1 0.1188 0.1020 0.1000 0.0506 0.0300 0.0956 0.0315 0.0501 0.3410 0.0804 
        D539  1 0.1095 0.0529 0.0619 0.0424 0.0906 0.1155 0.3603 0.0300 0.0924 0.0446 
        D540  1 0.1671 0.0786 0.0722 0.0280 0.3276 0.0292 0.0475 0.1820 0.0456 0.0222 
        D541  1 0.0168 0.0179 0.0149 0.0141 0.0173 0.0126 0.0166 0.8647 0.0113 0.0139 
        D551  1 0.3523 0.0828 0.0267 0.0200 0.0356 0.0263 0.1667 0.0797 0.0328 0.1771 
        D552  1 0.1473 0.1149 0.1303 0.0851 0.0768 0.2269 0.0598 0.1100 0.0211 0.0277 
        D553  1 0.0194 0.0190 0.0135 0.0142 0.0256 0.0135 0.0159 0.8598 0.0089 0.0101 
        D615  1 0.0780 0.0448 0.1251 0.0246 0.0504 0.0689 0.0483 0.4070 0.0888 0.0641 
        D616  1 0.1524 0.0932 0.1383 0.0223 0.0479 0.0764 0.0583 0.2911 0.0290 0.0913 
        D621  1 0.0614 0.1922 0.1794 0.3322 0.0392 0.0776 0.0253 0.0179 0.0469 0.0279 
        D622  1 0.0866 0.4188 0.1958 0.0548 0.0716 0.0448 0.0409 0.0385 0.0277 0.0204 
        D623  1 0.0736 0.0252 0.0631 0.1711 0.0274 0.2388 0.0505 0.0248 0.1775 0.1480 
        D624  1 0.0530 0.0300 0.0257 0.0108 0.0296 0.7689 0.0191 0.0265 0.0196 0.0168 
        D625  1 0.0568 0.0453 0.0693 0.0338 0.0391 0.0615 0.0228 0.6239 0.0324 0.0152 
        D626  1 0.0815 0.1187 0.0856 0.0215 0.2790 0.2265 0.0505 0.0482 0.0549 0.0337 
        D627  1 0.4180 0.1217 0.0197 0.0225 0.0379 0.0352 0.2035 0.0817 0.0354 0.0245 
        D690  1 0.0214 0.0432 0.0501 0.0248 0.0201 0.0487 0.0129 0.7556 0.0134 0.0097 
        D691  1 0.0376 0.6335 0.1056 0.0256 0.0217 0.0339 0.0273 0.0825 0.0174 0.0149 
        D710  1 0.1333 0.0996 0.0624 0.1589 0.0588 0.1527 0.0314 0.2144 0.0469 0.0418 
        D711  1 0.0261 0.0401 0.0301 0.0373 0.0143 0.0288 0.0207 0.7367 0.0439 0.0220 
        D712  1 0.0649 0.0836 0.0400 0.0340 0.0724 0.5190 0.0588 0.0250 0.0667 0.0357 
        D713  1 0.1554 0.1021 0.0586 0.1241 0.0502 0.1204 0.0316 0.1410 0.1924 0.0242 
        D746  1 0.0339 0.6853 0.0551 0.0245 0.0374 0.0296 0.0213 0.0689 0.0127 0.0315 
        D747  1 0.0143 0.0198 0.0140 0.0200 0.0136 0.0175 0.0174 0.8524 0.0133 0.0178 
        D748  1 0.0627 0.3421 0.1577 0.0618 0.0425 0.0317 0.0272 0.2199 0.0366 0.0178 
        D749  1 0.2522 0.2599 0.1200 0.0843 0.0226 0.0846 0.0371 0.0241 0.0689 0.0463 
        D750  1 0.0330 0.0367 0.0739 0.0367 0.0198 0.6040 0.0224 0.1266 0.0285 0.0184 
        D763  1 0.1469 0.0864 0.0301 0.2094 0.1106 0.0174 0.2095 0.0665 0.0288 0.0943 
        D764  1 0.0450 0.0647 0.0711 0.0198 0.0335 0.2504 0.0184 0.4627 0.0183 0.0163 
        D765  1 0.0580 0.0695 0.6063 0.0133 0.0241 0.0984 0.0262 0.0299 0.0589 0.0155 
        D766  1 0.0676 0.1032 0.3758 0.1430 0.1109 0.0318 0.0199 0.0799 0.0415 0.0263 
        D767  1 0.0670 0.1008 0.1065 0.1693 0.0340 0.0266 0.0276 0.0883 0.3012 0.0788 
        D768  1 0.0259 0.0231 0.0190 0.0123 0.0181 0.0135 0.0152 0.8398 0.0125 0.0205 
        D811  1 0.0460 0.0168 0.0994 0.0164 0.3217 0.0730 0.0305 0.0251 0.3558 0.0154 
        D816  1 0.0248 0.0138 0.0189 0.0169 0.0147 0.0203 0.0165 0.8412 0.0210 0.0119 
        D825  1 0.1063 0.0285 0.2832 0.0225 0.0612 0.1532 0.0238 0.1075 0.1985 0.0153 
        D866  1 0.0971 0.0334 0.0796 0.0192 0.0840 0.2086 0.2626 0.0511 0.0615 0.1029 
        D867  1 0.0450 0.6672 0.0332 0.0829 0.0309 0.0205 0.0216 0.0164 0.0250 0.0574 
        D871  1 0.4495 0.0920 0.0333 0.0375 0.0632 0.0466 0.0484 0.0894 0.1150 0.0250 
        D872  1 0.0986 0.0967 0.1510 0.0444 0.0296 0.0456 0.0232 0.1864 0.2698 0.0546 
        D873  1 0.0221 0.0251 0.7707 0.0409 0.0198 0.0122 0.0110 0.0082 0.0671 0.0228 
        D874  1 0.0341 0.0173 0.0186 0.6357 0.0310 0.0909 0.0364 0.0685 0.0431 0.0245 
        D875  1 0.4605 0.1866 0.1289 0.0261 0.0338 0.0208 0.0180 0.0319 0.0748 0.0186 
        D876  1 0.0995 0.0515 0.0719 0.1592 0.0445 0.1054 0.0563 0.3492 0.0401 0.0225 
        D877  1 0.0357 0.0111 0.0225 0.0381 0.0249 0.0689 0.0190 0.0261 0.7319 0.0217 
        D892  1 0.0923 0.2549 0.0680 0.0419 0.0259 0.1239 0.0235 0.2362 0.1144 0.0191 
        D893  1 0.0580 0.0583 0.0373 0.0434 0.0560 0.0181 0.0498 0.6319 0.0217 0.0254 
        D894  1 0.0605 0.0488 0.0290 0.0249 0.0200 0.0628 0.0290 0.6544 0.0496 0.0212 
        D915  1 0.0666 0.0694 0.2083 0.0239 0.0342 0.0480 0.0273 0.4678 0.0279 0.0266 
        D916  1 0.0139 0.0155 0.0145 0.0133 0.0107 0.0227 0.0121 0.8776 0.0096 0.0102 
        D917  1 0.1276 0.0433 0.0303 0.1221 0.0473 0.3132 0.0966 0.1134 0.0511 0.0551 
        D925  1 0.0490 0.0655 0.4313 0.0156 0.0485 0.1009 0.0343 0.2075 0.0303 0.0171 
        D926  1 0.1587 0.0626 0.0548 0.0779 0.0452 0.0665 0.0360 0.4299 0.0480 0.0204 
        D927  1 0.1191 0.0898 0.0306 0.0457 0.0285 0.0551 0.1242 0.2480 0.0683 0.1908 
        D928  1 0.0223 0.0122 0.0325 0.0205 0.0134 0.7591 0.0124 0.0714 0.0399 0.0162 
        D929  1 0.0410 0.0649 0.0334 0.4216 0.0407 0.0469 0.0219 0.0256 0.2838 0.0201 
        D936  1 0.0637 0.0252 0.0385 0.1665 0.0298 0.0278 0.1008 0.4833 0.0265 0.0380 
        D938  1 0.0397 0.5706 0.1503 0.0501 0.0621 0.0275 0.0220 0.0296 0.0291 0.0190 
        D956  1 0.0566 0.0255 0.0404 0.0239 0.0432 0.5478 0.0291 0.0357 0.1689 0.0290 
        D957  1 0.0650 0.0518 0.4513 0.0539 0.0196 0.0407 0.0225 0.1101 0.1592 0.0258 
        D958  1 0.1023 0.0937 0.2312 0.0842 0.0349 0.1176 0.0257 0.1542 0.1297 0.0267 
        D959  1 0.0963 0.1298 0.0189 0.0127 0.0402 0.0275 0.0126 0.5606 0.0148 0.0866 
        D960  1 0.0687 0.5219 0.1648 0.0370 0.0126 0.0375 0.0197 0.0259 0.0905 0.0216 
        D989  1 0.0573 0.0362 0.0263 0.0212 0.0404 0.5805 0.0935 0.0469 0.0330 0.0647 
        D990  1 0.1040 0.0349 0.5625 0.0218 0.0345 0.0611 0.1213 0.0158 0.0164 0.0277 
        D023  2 0.0245 0.8373 0.0132 0.0162 0.0169 0.0150 0.0121 0.0359 0.0097 0.0192 
        D130  2 0.0331 0.6075 0.0280 0.0173 0.0197 0.0148 0.0162 0.0960 0.1138 0.0538 
        D131  2 0.2734 0.0434 0.0606 0.0625 0.2005 0.0435 0.0895 0.1567 0.0366 0.0334 
        D163  2 0.0592 0.6268 0.0691 0.0392 0.0192 0.0399 0.0331 0.0809 0.0197 0.0129 
        D164  2 0.0214 0.0252 0.3312 0.0161 0.0209 0.0093 0.0111 0.0112 0.0128 0.5409 
        D165  2 0.0319 0.7981 0.0201 0.0230 0.0218 0.0192 0.0231 0.0288 0.0113 0.0228 
        D166  2 0.1376 0.0599 0.0608 0.0799 0.0806 0.0165 0.0517 0.0325 0.4423 0.0381 
        D167  2 0.0193 0.0149 0.0156 0.0113 0.0137 0.0274 0.0159 0.0128 0.0712 0.7980 
        D192  2 0.0184 0.0126 0.0134 0.0206 0.0121 0.0166 0.0200 0.0094 0.0180 0.8588 
        D193  2 0.0824 0.0297 0.0687 0.0464 0.0210 0.0550 0.0572 0.0200 0.5963 0.0233 
        D206  2 0.0868 0.0421 0.0225 0.0290 0.4277 0.0146 0.0286 0.0465 0.0313 0.2709 
        D207  2 0.0910 0.0265 0.0253 0.0192 0.0273 0.0175 0.0651 0.0249 0.1257 0.5775 
        D208  2 0.1140 0.0338 0.0424 0.0370 0.2316 0.1455 0.2153 0.0449 0.0585 0.0771 
        D209  2 0.1810 0.0471 0.0420 0.1398 0.0685 0.0243 0.0288 0.0282 0.0307 0.4098 
        D210  2 0.0552 0.0262 0.0285 0.0381 0.0265 0.4671 0.1555 0.0645 0.0352 0.1032 
     D229599  2 0.1652 0.1034 0.0709 0.1681 0.0388 0.0560 0.1709 0.1471 0.0401 0.0396 
     D229600  2 0.0617 0.3578 0.0394 0.0240 0.0241 0.0193 0.0216 0.0289 0.0539 0.3694 
     D237227  2 0.1056 0.0419 0.1163 0.0225 0.0474 0.4432 0.1057 0.0448 0.0271 0.0455 
     D237228  2 0.0626 0.0194 0.5641 0.0138 0.0234 0.1640 0.0530 0.0148 0.0527 0.0321 
     D237258  2 0.1357 0.1613 0.0702 0.0536 0.0981 0.0643 0.1252 0.0637 0.0727 0.1553 
     D237310  2 0.0421 0.0224 0.5658 0.0274 0.0228 0.0305 0.0190 0.0120 0.2164 0.0418 
     D237311  2 0.0402 0.0332 0.6445 0.0128 0.0240 0.0233 0.0224 0.0115 0.0444 0.1436 
     D237312  2 0.0531 0.0650 0.4008 0.0445 0.0441 0.0277 0.0185 0.0202 0.3062 0.0199 
     D237313  2 0.2182 0.0395 0.0984 0.0780 0.2548 0.0667 0.0774 0.0936 0.0460 0.0273 
     D237322  2 0.2336 0.0397 0.1156 0.0853 0.0651 0.0617 0.2192 0.0264 0.1086 0.0448 
     D237323  2 0.0480 0.0600 0.5517 0.0280 0.0182 0.1280 0.0501 0.0139 0.0772 0.0248 
     D237324  2 0.3445 0.1797 0.0523 0.0363 0.0240 0.0136 0.0714 0.0662 0.0279 0.1842 
     D237325  2 0.0781 0.0952 0.4650 0.0530 0.0338 0.0595 0.0318 0.0282 0.0869 0.0685 
     D237326  2 0.0356 0.0292 0.7394 0.0314 0.0125 0.0485 0.0205 0.0407 0.0176 0.0246 
     D237327  2 0.2050 0.1216 0.0320 0.1254 0.0290 0.0481 0.2602 0.0447 0.0484 0.0856 
     D237337  2 0.0256 0.0172 0.8188 0.0139 0.0258 0.0275 0.0141 0.0186 0.0238 0.0148 
     D237338  2 0.1335 0.1288 0.2234 0.1026 0.0515 0.1223 0.0818 0.0378 0.0395 0.0789 
     D237339  2 0.0522 0.0184 0.0250 0.6920 0.0218 0.0154 0.0287 0.0251 0.0309 0.0907 
     D237340  2 0.0763 0.0518 0.4501 0.0269 0.0236 0.0813 0.0356 0.0131 0.0841 0.1571 
     D237389  2 0.0389 0.0343 0.6155 0.0275 0.0204 0.0196 0.0145 0.0209 0.1353 0.0731 
     D237390  2 0.0549 0.0460 0.5721 0.0374 0.0300 0.0460 0.0488 0.0271 0.1210 0.0167 
     D244017  2 0.0902 0.0412 0.0310 0.0169 0.0145 0.1856 0.0449 0.0227 0.2367 0.3163 
     D244112  2 0.0268 0.0247 0.0176 0.0167 0.0205 0.0191 0.0140 0.0155 0.0401 0.8050 
     D244118  2 0.0273 0.1839 0.0472 0.0317 0.0099 0.0237 0.0165 0.0119 0.0332 0.6147 
     D244119  2 0.0192 0.0140 0.0242 0.0110 0.0180 0.5784 0.0196 0.0145 0.0238 0.2773 
     D244120  2 0.0549 0.0247 0.0606 0.0506 0.0180 0.0467 0.0794 0.0106 0.2694 0.3852 
     D244122  2 0.0303 0.0333 0.0244 0.0293 0.0712 0.0280 0.0181 0.0241 0.0703 0.6710 
        D291  2 0.1138 0.0709 0.0322 0.0233 0.1556 0.0181 0.4244 0.0682 0.0473 0.0462 
        D292  2 0.0789 0.0237 0.0704 0.0386 0.0249 0.0785 0.1937 0.2212 0.0507 0.2195 
        D293  2 0.0697 0.0141 0.0158 0.2067 0.0180 0.0194 0.0451 0.1233 0.0135 0.4744 
        D322  2 0.0599 0.0298 0.0487 0.2611 0.0220 0.0212 0.0355 0.0850 0.0278 0.4090 
        D323  2 0.0888 0.0264 0.0329 0.0561 0.5634 0.0267 0.0351 0.0254 0.0608 0.0843 
        D324  2 0.1471 0.1112 0.1261 0.0275 0.0621 0.0520 0.2700 0.1436 0.0239 0.0365 
        D325  2 0.0347 0.0159 0.0172 0.0210 0.0163 0.0125 0.0703 0.0447 0.0118 0.7555 
        D326  2 0.0238 0.0137 0.0165 0.0167 0.0189 0.0261 0.0293 0.8277 0.0131 0.0142 
        D340  2 0.0153 0.0134 0.0142 0.0235 0.0169 0.0205 0.0252 0.0221 0.0118 0.8372 
        D341  2 0.0520 0.0283 0.0724 0.0357 0.0764 0.0336 0.0556 0.0421 0.0547 0.5490 
        D342  2 0.0721 0.0621 0.0496 0.0232 0.0755 0.0171 0.0510 0.0159 0.0417 0.5917 
        D343  2 0.0136 0.0120 0.0099 0.0132 0.0090 0.0086 0.0182 0.0193 0.0090 0.8872 
        D344  2 0.0504 0.0160 0.0501 0.5216 0.0215 0.0182 0.0239 0.0737 0.1816 0.0427 
        D345  2 0.1266 0.0656 0.1936 0.3313 0.0647 0.0396 0.0479 0.0618 0.0219 0.0469 
        D346  2 0.0521 0.0290 0.0350 0.0394 0.3107 0.3404 0.0550 0.0458 0.0324 0.0602 
        D351  2 0.1587 0.0708 0.1009 0.1043 0.0626 0.0223 0.1704 0.2231 0.0570 0.0301 
        D352  2 0.0937 0.0189 0.0509 0.6521 0.0304 0.0522 0.0325 0.0173 0.0270 0.0250 
        D353  2 0.5948 0.0190 0.0151 0.0712 0.0272 0.0134 0.0368 0.1624 0.0310 0.0290 
        D354  2 0.0350 0.0159 0.0291 0.7640 0.0249 0.0293 0.0140 0.0458 0.0290 0.0129 
        D362  2 0.0387 0.0612 0.0276 0.0203 0.0349 0.0251 0.0173 0.7273 0.0250 0.0225 
        D363  2 0.0496 0.0434 0.0326 0.0205 0.0442 0.0333 0.0239 0.7022 0.0223 0.0280 
        D364  2 0.0680 0.0209 0.0470 0.4675 0.0350 0.0387 0.0214 0.2486 0.0324 0.0205 
        D365  2 0.0181 0.0101 0.0137 0.0260 0.0116 0.0203 0.0148 0.0215 0.0108 0.8530 
        D369  2 0.1103 0.0471 0.1093 0.0231 0.1157 0.1845 0.0954 0.1834 0.0295 0.1018 
        D374  2 0.0305 0.0117 0.0546 0.0206 0.0205 0.1909 0.0179 0.0159 0.6211 0.0163 
        D375  2 0.0292 0.0180 0.0198 0.8118 0.0338 0.0158 0.0111 0.0175 0.0325 0.0105 
        D376  2 0.0612 0.0208 0.0637 0.0661 0.0288 0.3005 0.0255 0.0169 0.3765 0.0400 
        D377  2 0.0684 0.0326 0.1118 0.0390 0.5186 0.0407 0.0421 0.0182 0.0683 0.0603 
        D378  2 0.1175 0.0920 0.0343 0.3270 0.0854 0.0258 0.0488 0.0757 0.0193 0.1743 
        D379  2 0.0877 0.0220 0.0248 0.0576 0.1202 0.0291 0.0265 0.5790 0.0315 0.0214 
        D384  2 0.0211 0.0104 0.0176 0.0151 0.0276 0.0327 0.0177 0.8323 0.0121 0.0134 
        D385  2 0.0283 0.0151 0.0222 0.1208 0.0319 0.0323 0.0220 0.0209 0.0260 0.6804 
        D386  2 0.1452 0.0537 0.0248 0.5208 0.0486 0.0173 0.0274 0.0608 0.0338 0.0674 
        D391  2 0.0203 0.0205 0.0247 0.1395 0.0309 0.0143 0.0203 0.0253 0.0187 0.6854 
        D392  2 0.0720 0.0408 0.0864 0.0285 0.0240 0.0594 0.0292 0.0621 0.0409 0.5566 
        D393  2 0.0613 0.0432 0.0417 0.3608 0.1147 0.0238 0.1057 0.1723 0.0146 0.0620 
        D394  2 0.1477 0.1431 0.2002 0.1890 0.0203 0.0426 0.0516 0.0814 0.0524 0.0717 
        D395  2 0.0777 0.0266 0.0291 0.4038 0.0229 0.0238 0.0425 0.0165 0.0444 0.3127 
        D401  2 0.0264 0.0139 0.7877 0.0092 0.0494 0.0261 0.0177 0.0186 0.0258 0.0252 
        D402  2 0.0214 0.0147 0.0209 0.0739 0.0396 0.0174 0.0508 0.0175 0.0231 0.7207 
        D403  2 0.3640 0.0547 0.0248 0.1526 0.0603 0.0222 0.0346 0.1543 0.1097 0.0228 
        D415  2 0.1573 0.0341 0.1148 0.0344 0.0330 0.0154 0.0141 0.5347 0.0318 0.0304 
        D435  2 0.0402 0.0219 0.0335 0.0492 0.0194 0.0165 0.0652 0.6304 0.0146 0.1090 
        D436  2 0.0615 0.0401 0.0574 0.4527 0.0296 0.0543 0.0341 0.1484 0.0930 0.0289 
        D438  2 0.0147 0.0132 0.0113 0.0140 0.0311 0.0199 0.0143 0.0100 0.0147 0.8568 
        D439  2 0.0621 0.0363 0.0250 0.6895 0.0572 0.0134 0.0242 0.0310 0.0154 0.0458 
        D449  2 0.1098 0.0356 0.0199 0.0194 0.0341 0.0269 0.0305 0.1071 0.0187 0.5981 
        D450  2 0.1993 0.0581 0.0418 0.1948 0.0826 0.1600 0.0710 0.1164 0.0574 0.0186 
        D456  2 0.0295 0.0153 0.0134 0.0204 0.0282 0.0230 0.0221 0.8215 0.0146 0.0120 
        D462  2 0.0248 0.0179 0.0144 0.1418 0.0171 0.0146 0.0159 0.0300 0.0140 0.7095 
        D463  2 0.0333 0.0145 0.0174 0.0226 0.0255 0.0385 0.0123 0.8045 0.0198 0.0117 
        D464  2 0.3738 0.0172 0.0307 0.2551 0.0288 0.0314 0.0253 0.0482 0.1044 0.0850 
        D465  2 0.0476 0.0267 0.0485 0.0206 0.0691 0.0230 0.0305 0.2107 0.0423 0.4810 
        D473  2 0.0722 0.0775 0.1039 0.0829 0.0615 0.4412 0.0429 0.0184 0.0538 0.0458 
        D474  2 0.0628 0.0484 0.0522 0.0300 0.0364 0.0498 0.1484 0.5225 0.0123 0.0372 
        D476  2 0.0255 0.2661 0.0148 0.5770 0.0121 0.0116 0.0250 0.0176 0.0146 0.0356 
        D477  2 0.0813 0.0248 0.0854 0.3008 0.1155 0.0609 0.0782 0.2079 0.0227 0.0224 
        D478  2 0.1281 0.3729 0.0492 0.0843 0.0393 0.0974 0.0440 0.0326 0.0861 0.0661 
        D480  2 0.0991 0.0259 0.0265 0.3359 0.0711 0.0916 0.1070 0.1326 0.0456 0.0647 
        D481  2 0.1080 0.1099 0.0626 0.2070 0.0443 0.1158 0.0384 0.2315 0.0381 0.0444 
        D482  2 0.1187 0.0370 0.0841 0.2241 0.0810 0.0664 0.2681 0.0211 0.0740 0.0255 
        D483  2 0.0235 0.0190 0.0198 0.0171 0.0133 0.0512 0.0234 0.0152 0.0178 0.7998 
        D484  2 0.0267 0.0155 0.0135 0.8072 0.0245 0.0215 0.0183 0.0101 0.0420 0.0207 
        D510  2 0.0497 0.0219 0.0425 0.0328 0.0309 0.4508 0.1981 0.0212 0.1250 0.0272 
        D511  2 0.0311 0.0270 0.0275 0.7285 0.0351 0.0152 0.0335 0.0428 0.0188 0.0405 
        D512  2 0.0768 0.0327 0.4552 0.0238 0.0576 0.0131 0.0306 0.0207 0.1159 0.1736 
        D513  2 0.0746 0.0291 0.0449 0.0218 0.0849 0.0581 0.0689 0.0704 0.0340 0.5134 
        D635  2 0.0784 0.5599 0.0272 0.0193 0.0326 0.0246 0.0166 0.1935 0.0136 0.0345 
        D636  2 0.0241 0.7805 0.0360 0.0177 0.0530 0.0211 0.0116 0.0261 0.0119 0.0180 
        D637  2 0.0829 0.0318 0.1541 0.2494 0.1012 0.0643 0.0601 0.0363 0.0787 0.1413 
        D658  2 0.0599 0.0204 0.0900 0.1994 0.0202 0.0639 0.0334 0.0207 0.0645 0.4276 
        D659  2 0.0611 0.0749 0.0191 0.0570 0.0218 0.0375 0.0608 0.6208 0.0186 0.0284 
        D677  2 0.0771 0.1087 0.1264 0.0329 0.1953 0.0157 0.0870 0.2021 0.0810 0.0739 
        D678  2 0.0902 0.0302 0.0320 0.0234 0.0489 0.0141 0.0307 0.0187 0.0808 0.6309 
        D679  2 0.1306 0.0340 0.0372 0.0524 0.3174 0.0499 0.0828 0.2307 0.0212 0.0438 
        D719  2 0.0515 0.0127 0.0561 0.0557 0.0341 0.3900 0.0835 0.1468 0.0213 0.1483 
        D720  2 0.0373 0.0189 0.0301 0.0165 0.0339 0.0531 0.0298 0.7311 0.0254 0.0240 
        D721  2 0.0283 0.7305 0.0142 0.0350 0.0356 0.0315 0.0265 0.0348 0.0115 0.0521 
        D722  2 0.0629 0.0185 0.0753 0.0290 0.0566 0.1451 0.0313 0.0216 0.5086 0.0511 
        D734  2 0.0401 0.0131 0.0113 0.5990 0.0240 0.1843 0.0329 0.0150 0.0283 0.0519 
        D735  2 0.1410 0.0364 0.0550 0.1120 0.2774 0.0723 0.0456 0.1565 0.0422 0.0615 
        D736  2 0.0922 0.0619 0.0698 0.0586 0.0322 0.2841 0.2711 0.0539 0.0220 0.0542 
        D737  2 0.0521 0.0617 0.0462 0.1199 0.0214 0.0283 0.0716 0.0165 0.0493 0.5330 
        D807  2 0.0694 0.0495 0.1358 0.0763 0.0637 0.2552 0.1132 0.1278 0.0578 0.0513 
        D808  2 0.1888 0.0659 0.2518 0.0858 0.0278 0.0336 0.0762 0.0660 0.0979 0.1062 
        D817  2 0.0580 0.0216 0.0467 0.0464 0.5962 0.0207 0.0353 0.1226 0.0352 0.0173 
        D818  2 0.2049 0.1627 0.0351 0.0320 0.0438 0.0266 0.1890 0.0574 0.0446 0.2039 
        D819  2 0.0691 0.0408 0.1252 0.0252 0.5053 0.0298 0.0391 0.0985 0.0436 0.0235 
        D820  2 0.0376 0.0237 0.0225 0.1085 0.0147 0.0335 0.0361 0.6698 0.0216 0.0320 
        D895  2 0.1393 0.0866 0.0684 0.0681 0.2000 0.0459 0.0440 0.2792 0.0230 0.0455 
        D896  2 0.0152 0.0147 0.8611 0.0117 0.0108 0.0216 0.0126 0.0149 0.0239 0.0134 
        D897  2 0.1076 0.0329 0.0598 0.0490 0.0580 0.0240 0.0502 0.0280 0.0478 0.5427 
        D898  2 0.1910 0.0325 0.2665 0.0694 0.1141 0.0433 0.1120 0.0373 0.1083 0.0256 
        D918  2 0.1258 0.1219 0.3074 0.0906 0.0608 0.0644 0.0666 0.0378 0.0638 0.0609 
        D919  2 0.0976 0.0329 0.0216 0.4595 0.0260 0.0201 0.0788 0.1318 0.0612 0.0705 
        D920  2 0.0547 0.5744 0.0550 0.0439 0.0292 0.0657 0.0288 0.0333 0.0825 0.0325 
        D923  2 0.0549 0.0219 0.0295 0.1530 0.0296 0.0261 0.0263 0.5937 0.0351 0.0299 
        D930  2 0.1661 0.0265 0.0811 0.1436 0.1430 0.0886 0.0688 0.1666 0.0692 0.0466 
        D931  2 0.0957 0.0341 0.0515 0.2832 0.0467 0.0376 0.0534 0.2167 0.0597 0.1214 
        D968  2 0.0397 0.0145 0.0220 0.0248 0.0183 0.0170 0.0646 0.0257 0.0163 0.7570 
        D969  2 0.1584 0.0359 0.0490 0.0443 0.0495 0.0633 0.2032 0.2020 0.0401 0.1541 
        D977  2 0.0483 0.0238 0.0201 0.0293 0.0318 0.0214 0.0386 0.0342 0.0259 0.7266 
        D978  2 0.1107 0.0194 0.0168 0.0270 0.3683 0.0210 0.2093 0.0207 0.0972 0.1095 
        D211  3 0.0411 0.3539 0.0195 0.0315 0.3988 0.0248 0.0365 0.0544 0.0221 0.0175 
     D229639  3 0.0559 0.0306 0.0485 0.0183 0.0351 0.0768 0.5831 0.0600 0.0430 0.0488 
     D237212  3 0.0686 0.0801 0.0852 0.2640 0.1076 0.0242 0.2082 0.0741 0.0334 0.0548 
     D237213  3 0.0619 0.0603 0.1499 0.0501 0.5239 0.0148 0.0309 0.0351 0.0458 0.0274 
     D237214  3 0.0272 0.8539 0.0136 0.0148 0.0120 0.0220 0.0092 0.0163 0.0185 0.0125 
     D237215  3 0.0566 0.0161 0.0285 0.0185 0.0440 0.0768 0.0816 0.0143 0.1538 0.5098 
     D237216  3 0.5342 0.0794 0.0312 0.0334 0.1564 0.0190 0.0572 0.0351 0.0280 0.0260 
     D237217  3 0.3329 0.2067 0.1075 0.0261 0.0740 0.0210 0.0824 0.0967 0.0256 0.0270 
     D237218  3 0.0803 0.0378 0.0303 0.1890 0.0753 0.0532 0.4312 0.0513 0.0189 0.0326 
     D237219  3 0.0828 0.0431 0.1752 0.0151 0.4038 0.0570 0.1428 0.0336 0.0263 0.0202 
     D237382  3 0.0625 0.0443 0.0915 0.0292 0.0438 0.0684 0.0251 0.0707 0.5253 0.0393 
     D244127  3 0.0655 0.0384 0.5689 0.0297 0.0867 0.0173 0.0565 0.0224 0.0404 0.0743 
     D244129  3 0.1383 0.1261 0.2022 0.1056 0.0886 0.0433 0.0859 0.0858 0.0535 0.0709 
     D244133  3 0.0402 0.0389 0.0224 0.0088 0.6527 0.0601 0.0310 0.0345 0.0350 0.0763 
     D244134  3 0.0526 0.0375 0.0817 0.0194 0.1349 0.2227 0.3870 0.0219 0.0159 0.0263 
     D244135  3 0.0477 0.6322 0.0219 0.0248 0.1161 0.0163 0.0271 0.0317 0.0203 0.0618 
     D244136  3 0.0728 0.0582 0.0412 0.0228 0.3253 0.1138 0.0701 0.1461 0.0737 0.0760 
        D416  3 0.2041 0.0820 0.0712 0.0484 0.2309 0.0329 0.0654 0.0692 0.0300 0.1659 
        D417  3 0.0561 0.0283 0.0566 0.0297 0.0376 0.0229 0.0256 0.6681 0.0590 0.0161 
        D419  3 0.1151 0.0567 0.1313 0.0426 0.2110 0.0514 0.2326 0.0965 0.0221 0.0407 
        D565  3 0.0199 0.0167 0.0134 0.0151 0.0314 0.8149 0.0248 0.0352 0.0173 0.0113 
        D566  3 0.0805 0.0323 0.0543 0.0191 0.1004 0.2316 0.2896 0.0759 0.0489 0.0675 
        D567  3 0.0627 0.0513 0.0765 0.0816 0.0746 0.0228 0.0257 0.5388 0.0334 0.0327 
        D568  3 0.1311 0.1166 0.1038 0.1814 0.0765 0.0182 0.1011 0.1086 0.0510 0.1117 
        D569  3 0.0784 0.0582 0.0280 0.5256 0.0585 0.0473 0.0365 0.0208 0.0775 0.0692 
        D573  3 0.1105 0.0270 0.0332 0.0449 0.0315 0.0308 0.4280 0.1684 0.0220 0.1037 
        D574  3 0.1169 0.0453 0.0612 0.0464 0.1242 0.3182 0.0818 0.0333 0.1212 0.0515 
        D575  3 0.0385 0.0249 0.0301 0.0181 0.7547 0.0413 0.0296 0.0246 0.0136 0.0245 
        D576  3 0.0442 0.0335 0.0116 0.0170 0.1310 0.0281 0.0491 0.0083 0.0934 0.5838 
        D577  3 0.0663 0.0585 0.0203 0.0386 0.2406 0.0378 0.0251 0.4346 0.0511 0.0271 
        D578  3 0.0285 0.8307 0.0244 0.0118 0.0163 0.0156 0.0146 0.0160 0.0191 0.0231 
        D579  3 0.0721 0.0416 0.0664 0.1386 0.0918 0.1862 0.1803 0.1398 0.0301 0.0530 
        D660  3 0.0730 0.0497 0.0388 0.0259 0.1591 0.0138 0.0294 0.0175 0.0388 0.5541 
        D661  3 0.1487 0.0781 0.0370 0.0854 0.0326 0.0152 0.3462 0.0271 0.0312 0.1985 
        D663  3 0.1105 0.0324 0.0247 0.0317 0.0496 0.0169 0.5400 0.0514 0.0603 0.0825 
        D664  3 0.1065 0.0964 0.1038 0.0233 0.3809 0.0491 0.0388 0.0164 0.0572 0.1275 
        D665  3 0.1954 0.0954 0.0637 0.0848 0.3320 0.0111 0.0413 0.0163 0.1223 0.0377 
        D666  3 0.0438 0.0371 0.0896 0.0221 0.6340 0.0608 0.0373 0.0342 0.0217 0.0193 
        D009  4 0.1743 0.1851 0.0847 0.1451 0.1036 0.0269 0.0496 0.1044 0.1043 0.0219 
        D057  4 0.0592 0.2065 0.0141 0.4614 0.0115 0.0267 0.0720 0.0311 0.0326 0.0848 
        D109  4 0.1326 0.0596 0.4590 0.0284 0.1326 0.0478 0.0352 0.0438 0.0429 0.0181 
     D237222  4 0.0549 0.4934 0.0383 0.0411 0.0220 0.1049 0.0267 0.0291 0.1475 0.0420 
     D237223  4 0.1269 0.1385 0.2779 0.0562 0.0404 0.0693 0.0775 0.0509 0.1063 0.0561 
     D237224  4 0.0836 0.0479 0.0378 0.2072 0.0931 0.0251 0.2293 0.0939 0.0319 0.1502 
     D237225  4 0.2756 0.1459 0.0673 0.0822 0.0824 0.0402 0.0927 0.1168 0.0618 0.0351 
     D237299  4 0.2510 0.0650 0.2034 0.0237 0.0268 0.0361 0.0876 0.0188 0.2669 0.0207 
     D237300  4 0.0413 0.0186 0.0218 0.0188 0.0925 0.0275 0.7109 0.0181 0.0248 0.0257 
     D237306  4 0.0681 0.0289 0.2259 0.0337 0.0207 0.3429 0.0333 0.0841 0.1414 0.0209 
     D237307  4 0.0731 0.0395 0.0285 0.0198 0.2313 0.1504 0.0587 0.2765 0.0720 0.0501 
     D237308  4 0.0854 0.0443 0.0802 0.1528 0.0475 0.0636 0.0372 0.0320 0.0315 0.4256 
     D237309  4 0.2068 0.1953 0.0735 0.1214 0.0429 0.0248 0.0577 0.1430 0.0858 0.0488 
     D237317  4 0.2382 0.0481 0.0509 0.0382 0.0576 0.3302 0.0517 0.1132 0.0441 0.0277 
     D237318  4 0.0430 0.0173 0.0201 0.0137 0.0439 0.0230 0.7141 0.0303 0.0352 0.0594 
     D237319  4 0.1679 0.1194 0.1290 0.0374 0.0808 0.0346 0.0752 0.0414 0.2664 0.0479 
     D237320  4 0.0954 0.2083 0.3190 0.0246 0.0389 0.0292 0.1073 0.0663 0.0383 0.0725 
     D237321  4 0.0834 0.0464 0.0477 0.0227 0.0702 0.0424 0.5033 0.0573 0.0358 0.0910 
     D237397  4 0.1232 0.0983 0.1268 0.0293 0.0503 0.1224 0.2261 0.0673 0.0680 0.0884 
     D237398  4 0.0770 0.0359 0.0245 0.0472 0.0324 0.0178 0.6641 0.0388 0.0279 0.0344 
     D237399  4 0.0790 0.1301 0.0784 0.0449 0.0299 0.1854 0.2726 0.0817 0.0555 0.0427 
     D244001  4 0.1179 0.3467 0.0382 0.0749 0.0281 0.0252 0.0357 0.0404 0.1750 0.1179 
        D289  4 0.0757 0.0772 0.0465 0.2615 0.0374 0.2834 0.0651 0.0681 0.0300 0.0551 
        D290  4 0.0703 0.0265 0.0230 0.0422 0.0190 0.0236 0.0657 0.0544 0.6524 0.0230 
        D294  4 0.2066 0.0740 0.0210 0.3065 0.0401 0.0348 0.0542 0.0947 0.1311 0.0370 
        D295  4 0.0812 0.0474 0.2161 0.0785 0.1490 0.0416 0.0623 0.2006 0.0960 0.0274 
        D301  4 0.0642 0.4339 0.0689 0.0262 0.0488 0.0357 0.1266 0.0173 0.1353 0.0430 
        D302  4 0.0409 0.0307 0.0144 0.7496 0.0274 0.0139 0.0176 0.0358 0.0582 0.0115 
        D303  4 0.0518 0.0307 0.0962 0.0804 0.0409 0.5275 0.0241 0.0364 0.0563 0.0556 
        D304  4 0.1527 0.0420 0.0204 0.0374 0.0623 0.0957 0.1931 0.0610 0.3075 0.0280 
        D305  4 0.3494 0.0393 0.0349 0.3239 0.0306 0.0156 0.0602 0.0261 0.0441 0.0759 
        D306  4 0.1106 0.0435 0.0263 0.0171 0.0149 0.0257 0.0212 0.0289 0.6936 0.0182 
        D307  4 0.0330 0.6505 0.0299 0.0399 0.0437 0.0732 0.0599 0.0155 0.0251 0.0292 
        D327  4 0.0832 0.0328 0.0188 0.0396 0.0990 0.0451 0.0564 0.5311 0.0575 0.0366 
        D328  4 0.0679 0.0308 0.1114 0.3256 0.0644 0.1265 0.0353 0.0300 0.1821 0.0260 
        D329  4 0.1677 0.0819 0.0519 0.2994 0.0262 0.0442 0.0801 0.0594 0.0762 0.1130 
        D330  4 0.0945 0.0968 0.2230 0.1066 0.0478 0.0172 0.0129 0.2603 0.0815 0.0594 
        D331  4 0.1356 0.0504 0.0577 0.0366 0.0739 0.0647 0.1869 0.1439 0.2172 0.0333 
        D333  4 0.1110 0.0446 0.0972 0.1996 0.0609 0.0841 0.1051 0.0780 0.1529 0.0666 
        D334  4 0.0608 0.0965 0.0223 0.0733 0.0483 0.5239 0.0477 0.0534 0.0536 0.0202 
        D335  4 0.0592 0.0242 0.0233 0.5270 0.0298 0.0286 0.0250 0.1263 0.1014 0.0552 
        D370  4 0.0587 0.0323 0.2056 0.0399 0.0881 0.0403 0.0290 0.0367 0.4328 0.0366 
        D371  4 0.0548 0.0156 0.0289 0.0200 0.0586 0.5784 0.0318 0.1365 0.0402 0.0352 
        D372  4 0.1311 0.0134 0.0235 0.0124 0.0473 0.0240 0.5510 0.0108 0.1398 0.0467 
        D373  4 0.0547 0.5577 0.0182 0.0664 0.0740 0.0188 0.0855 0.0286 0.0215 0.0746 
        D455  4 0.0292 0.6762 0.0202 0.0883 0.0245 0.0234 0.0452 0.0332 0.0325 0.0274 
        D490  4 0.0292 0.7839 0.0310 0.0225 0.0389 0.0181 0.0225 0.0183 0.0248 0.0108 
        D497  4 0.0658 0.6112 0.0522 0.0659 0.0680 0.0246 0.0331 0.0179 0.0412 0.0201 
        D498  4 0.1010 0.0338 0.0848 0.0198 0.0731 0.0806 0.0949 0.0496 0.4350 0.0273 
        D499  4 0.1669 0.0191 0.0914 0.1291 0.1310 0.1024 0.0921 0.0183 0.0843 0.1654 
        D514  4 0.0961 0.0494 0.0538 0.1449 0.1364 0.0189 0.0585 0.2538 0.1598 0.0284 
        D515  4 0.0763 0.1923 0.3023 0.0431 0.0301 0.0279 0.0225 0.0471 0.2343 0.0240 
        D516  4 0.0929 0.0610 0.1507 0.0200 0.3601 0.0382 0.0591 0.1067 0.0602 0.0512 
        D517  4 0.1546 0.5246 0.0671 0.0316 0.0198 0.0210 0.0593 0.0544 0.0181 0.0495 
        D518  4 0.0385 0.1267 0.0203 0.6042 0.0143 0.0455 0.0192 0.0205 0.0736 0.0371 
        D519  4 0.0773 0.2568 0.3767 0.0217 0.0398 0.0236 0.0695 0.0610 0.0518 0.0218 
        D560  4 0.1455 0.1045 0.1812 0.0594 0.0473 0.0179 0.1218 0.1200 0.1416 0.0608 
        D561  4 0.3678 0.2316 0.0733 0.0849 0.0209 0.0162 0.0277 0.0770 0.0559 0.0447 
        D562  4 0.1670 0.2222 0.0527 0.1587 0.0483 0.0585 0.0654 0.0396 0.1232 0.0644 
        D563  4 0.1184 0.0675 0.0477 0.1848 0.0726 0.0223 0.0767 0.0249 0.0418 0.3432 
        D572  4 0.0276 0.0481 0.0142 0.7150 0.0187 0.0286 0.0224 0.0455 0.0476 0.0322 
        D629  4 0.0683 0.1693 0.0272 0.0692 0.4647 0.0203 0.0384 0.1088 0.0164 0.0174 
        D630  4 0.1000 0.2144 0.0577 0.0980 0.0399 0.0582 0.0864 0.0807 0.2282 0.0365 
        D631  4 0.0430 0.0244 0.0201 0.7451 0.0160 0.0175 0.0371 0.0169 0.0287 0.0512 
        D632  4 0.0528 0.2245 0.0783 0.3250 0.0456 0.0154 0.0153 0.0405 0.0243 0.1782 
        D646  4 0.1020 0.0882 0.3970 0.0425 0.0246 0.0289 0.0376 0.2139 0.0231 0.0421 
        D647  4 0.0773 0.0941 0.1109 0.0585 0.0230 0.0135 0.0513 0.4149 0.1122 0.0442 
        D648  4 0.0452 0.0202 0.0192 0.2848 0.0543 0.0414 0.0143 0.0154 0.4815 0.0237 
        D649  4 0.0631 0.0508 0.2026 0.2539 0.0636 0.0242 0.0319 0.2657 0.0244 0.0198 
        D650  4 0.0963 0.1192 0.0983 0.1071 0.1374 0.1064 0.0846 0.1641 0.0549 0.0317 
        D708  4 0.1415 0.0428 0.0411 0.2452 0.1456 0.1750 0.0726 0.0408 0.0663 0.0292 
        D709  4 0.0985 0.0182 0.1459 0.0404 0.0486 0.0244 0.0207 0.0245 0.5561 0.0227 
        D738  4 0.0502 0.0819 0.1964 0.0291 0.0240 0.4213 0.0466 0.0897 0.0487 0.0121 
        D739  4 0.0958 0.2884 0.0563 0.0816 0.0898 0.0262 0.0653 0.0304 0.2329 0.0334 
        D740  4 0.2424 0.0601 0.1122 0.0721 0.1067 0.1473 0.1588 0.0231 0.0271 0.0503 
        D741  4 0.1685 0.0847 0.3070 0.0328 0.0393 0.0153 0.0618 0.1725 0.0402 0.0779 
        D742  4 0.1342 0.0596 0.0693 0.0668 0.0511 0.1319 0.1594 0.0390 0.0451 0.2436 
        D743  4 0.0420 0.0322 0.0179 0.3948 0.0331 0.0208 0.0418 0.3479 0.0195 0.0499 
        D744  4 0.0245 0.0225 0.0279 0.8096 0.0190 0.0191 0.0192 0.0186 0.0167 0.0229 
        D745  4 0.0722 0.2630 0.3686 0.0273 0.0881 0.0182 0.0464 0.0376 0.0593 0.0193 
        D814  4 0.2666 0.0913 0.0157 0.0664 0.0615 0.0214 0.0977 0.0416 0.0665 0.2715 
        D815  4 0.0521 0.0249 0.0772 0.3554 0.0472 0.0263 0.0406 0.1095 0.2321 0.0346 
        D828  4 0.0431 0.0309 0.0279 0.0503 0.0424 0.0569 0.0427 0.0127 0.6317 0.0615 
        D845  4 0.0188 0.0122 0.0140 0.0237 0.0235 0.0410 0.8153 0.0163 0.0107 0.0246 
        D846  4 0.1040 0.1115 0.0212 0.3576 0.0812 0.0103 0.0524 0.0850 0.0489 0.1279 
        D847  4 0.0999 0.2960 0.0524 0.0728 0.0429 0.0975 0.1306 0.0839 0.0719 0.0522 
        D848  4 0.0425 0.5784 0.0202 0.0363 0.0291 0.0235 0.1678 0.0161 0.0236 0.0625 
        D849  4 0.1206 0.2366 0.0751 0.0620 0.2199 0.0174 0.0338 0.0419 0.1570 0.0356 
        D850  4 0.2262 0.2559 0.0484 0.0508 0.0525 0.0626 0.1358 0.0922 0.0233 0.0521 
        D856  4 0.2701 0.0537 0.2107 0.0648 0.0639 0.0400 0.0470 0.0462 0.1832 0.0205 
        D857  4 0.0315 0.0325 0.6051 0.0207 0.0127 0.0229 0.0183 0.0083 0.1814 0.0667 
        D859  4 0.0862 0.0331 0.0428 0.4608 0.0260 0.0236 0.1472 0.0785 0.0675 0.0343 
        D860  4 0.0573 0.0370 0.0258 0.0769 0.0189 0.4741 0.1256 0.0858 0.0265 0.0721 
        D883  4 0.0745 0.1527 0.1288 0.0816 0.1241 0.0807 0.0573 0.2041 0.0699 0.0262 
        D884  4 0.0678 0.0854 0.3747 0.0583 0.0774 0.0673 0.0438 0.0894 0.1198 0.0161 
        D885  4 0.1229 0.0644 0.0368 0.0411 0.2046 0.0241 0.3146 0.1007 0.0217 0.0691 
        D886  4 0.0694 0.1335 0.1828 0.0803 0.0357 0.0215 0.0410 0.1368 0.2477 0.0513 
        D887  4 0.1100 0.0544 0.0817 0.1116 0.0308 0.0409 0.2817 0.0950 0.0840 0.1098 
        D889  4 0.0462 0.0196 0.0176 0.0564 0.0282 0.0147 0.5773 0.0358 0.1916 0.0126 
        D890  4 0.0713 0.0621 0.0695 0.0635 0.4618 0.0546 0.0390 0.0313 0.0860 0.0610 
        D891  4 0.0122 0.0105 0.0096 0.0130 0.0194 0.0087 0.8945 0.0127 0.0090 0.0103 
        D899  4 0.0777 0.0296 0.0311 0.0943 0.0537 0.0977 0.1634 0.0297 0.0601 0.3627 
        D900  4 0.1634 0.1333 0.0750 0.1214 0.0569 0.0624 0.0620 0.1158 0.1353 0.0745 
        D970  4 0.1101 0.0407 0.0410 0.4189 0.0743 0.0433 0.0964 0.0990 0.0306 0.0458 
        D971  4 0.1014 0.0306 0.0619 0.1357 0.0503 0.0687 0.0240 0.0732 0.0645 0.3897 
        D979  4 0.0789 0.0238 0.0222 0.3186 0.0986 0.0309 0.0301 0.2819 0.0791 0.0360 
        D093  5 0.0445 0.0251 0.0366 0.0205 0.0306 0.6470 0.0794 0.0402 0.0578 0.0183 
        D154  5 0.1612 0.0204 0.0544 0.0363 0.2927 0.0345 0.1565 0.0263 0.0974 0.1203 
        D168  5 0.0961 0.0403 0.0367 0.0288 0.4414 0.0141 0.1133 0.0573 0.0320 0.1402 
        D189  5 0.0721 0.0219 0.0273 0.0247 0.0317 0.2080 0.2155 0.0429 0.3325 0.0233 
        D190  5 0.0421 0.0153 0.0456 0.0524 0.1286 0.5662 0.0417 0.0230 0.0487 0.0364 
     D237220  5 0.1011 0.1895 0.1482 0.0835 0.0441 0.1022 0.2365 0.0231 0.0512 0.0205 
     D237221  5 0.0672 0.0291 0.0607 0.0691 0.1500 0.2653 0.1844 0.0544 0.0334 0.0865 
     D237274  5 0.0736 0.0290 0.0928 0.2270 0.0282 0.0170 0.0281 0.3619 0.0764 0.0660 
     D237275  5 0.0619 0.0195 0.0441 0.0128 0.0480 0.0256 0.0903 0.0182 0.2006 0.4791 
     D237276  5 0.0777 0.0648 0.2137 0.0431 0.1158 0.1275 0.0377 0.1049 0.1827 0.0320 
     D237277  5 0.0441 0.0184 0.0454 0.0588 0.1614 0.4304 0.1267 0.0231 0.0315 0.0601 
     D237278  5 0.0886 0.0538 0.0740 0.0750 0.0268 0.2362 0.0371 0.0506 0.0646 0.2933 
     D237279  5 0.3286 0.1280 0.2437 0.0656 0.1014 0.0179 0.0297 0.0427 0.0159 0.0265 
     D237280  5 0.0923 0.0828 0.2003 0.0692 0.2976 0.0613 0.0313 0.0948 0.0459 0.0246 
     D237281  5 0.1034 0.0163 0.0263 0.0353 0.0180 0.0309 0.5302 0.0593 0.0329 0.1474 
     D237351  5 0.0416 0.0243 0.5051 0.0180 0.2871 0.0428 0.0252 0.0163 0.0185 0.0211 
     D237352  5 0.0791 0.2563 0.0401 0.2260 0.1299 0.0593 0.0264 0.0592 0.0618 0.0618 
     D237353  5 0.0339 0.0102 0.0323 0.0250 0.1460 0.6464 0.0499 0.0176 0.0207 0.0181 
     D237359  5 0.1029 0.1237 0.0398 0.0533 0.1087 0.0390 0.4246 0.0371 0.0500 0.0207 
     D237361  5 0.0338 0.0162 0.0323 0.0173 0.0269 0.7756 0.0271 0.0227 0.0275 0.0206 
     D237362  5 0.0252 0.0142 0.0224 0.0238 0.7927 0.0264 0.0267 0.0319 0.0184 0.0184 
     D237363  5 0.5231 0.0248 0.0333 0.0236 0.1490 0.0339 0.0521 0.0235 0.0445 0.0923 
     D237364  5 0.1184 0.1316 0.0725 0.1255 0.1132 0.0145 0.1134 0.0893 0.1166 0.1050 
     D237376  5 0.0290 0.0158 0.0186 0.0446 0.0371 0.0485 0.0277 0.0121 0.7456 0.0209 
     D237377  5 0.1499 0.0378 0.2706 0.0416 0.2261 0.0872 0.0390 0.0880 0.0196 0.0401 
     D237378  5 0.0753 0.0423 0.0323 0.0750 0.0905 0.3387 0.0989 0.0213 0.1460 0.0797 
     D237379  5 0.1224 0.0576 0.0339 0.1807 0.0547 0.2721 0.0564 0.0367 0.1337 0.0518 
     D237380  5 0.0533 0.0312 0.4117 0.0760 0.0146 0.0288 0.0161 0.0201 0.3264 0.0217 
     D237381  5 0.0911 0.1453 0.2644 0.1585 0.0279 0.0720 0.0407 0.0407 0.0951 0.0643 
     D237391  5 0.0290 0.0236 0.0216 0.0217 0.0290 0.7777 0.0486 0.0217 0.0130 0.0141 
     D237392  5 0.0737 0.0394 0.0945 0.0821 0.0642 0.0244 0.0332 0.2077 0.1336 0.2472 
     D237393  5 0.0468 0.0426 0.0875 0.0431 0.0332 0.2525 0.0338 0.3589 0.0576 0.0441 
     D237394  5 0.0222 0.0155 0.0221 0.0198 0.1035 0.7531 0.0198 0.0202 0.0137 0.0100 
     D237395  5 0.0769 0.0549 0.0657 0.0220 0.2032 0.1821 0.0964 0.0414 0.2039 0.0535 
     D237396  5 0.1317 0.1073 0.0655 0.0740 0.0331 0.1827 0.0734 0.2488 0.0150 0.0684 
     D244016  5 0.1147 0.0185 0.0331 0.1364 0.4415 0.1370 0.0487 0.0157 0.0311 0.0233 
     D244018  5 0.1113 0.0519 0.0441 0.0230 0.0497 0.2206 0.1068 0.0726 0.0243 0.2957 
     D244019  5 0.0927 0.0152 0.0380 0.0485 0.5692 0.0290 0.0480 0.0285 0.0595 0.0714 
        D279  5 0.0832 0.0218 0.0382 0.0552 0.1243 0.0426 0.5392 0.0287 0.0298 0.0369 
        D280  5 0.2128 0.1046 0.0579 0.0266 0.0774 0.1817 0.1633 0.0663 0.0635 0.0459 
        D281  5 0.1239 0.0141 0.0196 0.0412 0.0324 0.0624 0.5566 0.0240 0.0673 0.0584 
        D283  5 0.0991 0.0303 0.0732 0.0573 0.0737 0.4298 0.0837 0.1082 0.0198 0.0248 
        D284  5 0.1188 0.2183 0.0966 0.0466 0.1727 0.0297 0.0693 0.0421 0.1690 0.0369 
        D285  5 0.0903 0.0273 0.0576 0.0491 0.0423 0.3382 0.2610 0.0586 0.0557 0.0199 
        D286  5 0.0819 0.0551 0.0545 0.1187 0.0932 0.1491 0.0791 0.0925 0.2469 0.0290 
        D287  5 0.0811 0.0423 0.0447 0.0629 0.0780 0.0906 0.0426 0.0144 0.5239 0.0195 
        D288  5 0.1558 0.0302 0.0350 0.0223 0.3649 0.0618 0.1571 0.1198 0.0255 0.0277 
        D308  5 0.0460 0.0202 0.7032 0.0237 0.0278 0.0314 0.0216 0.0767 0.0272 0.0222 
        D309  5 0.0230 0.0282 0.0192 0.8331 0.0165 0.0188 0.0109 0.0200 0.0185 0.0119 
        D310  5 0.1843 0.0137 0.0246 0.0151 0.0240 0.6348 0.0334 0.0138 0.0472 0.0091 
        D311  5 0.0990 0.0228 0.0319 0.0711 0.3270 0.0591 0.0516 0.0808 0.2276 0.0290 
        D312  5 0.0895 0.0944 0.0445 0.1839 0.1264 0.1623 0.0585 0.0816 0.1000 0.0589 
        D313  5 0.0341 0.3202 0.5331 0.0118 0.0147 0.0272 0.0144 0.0146 0.0170 0.0128 
        D314  5 0.1220 0.0362 0.0769 0.0434 0.3364 0.0517 0.1352 0.0217 0.0993 0.0771 
        D315  5 0.0994 0.0693 0.0644 0.0511 0.0715 0.2554 0.0354 0.2287 0.0783 0.0465 
        D317  5 0.0345 0.0193 0.0221 0.0159 0.0472 0.6610 0.0586 0.0698 0.0523 0.0193 
        D318  5 0.1921 0.1529 0.0531 0.1428 0.0758 0.0641 0.0482 0.0854 0.0766 0.1088 
        D319  5 0.0308 0.0152 0.0575 0.0144 0.0251 0.7557 0.0298 0.0254 0.0302 0.0158 
        D320  5 0.0443 0.0236 0.0468 0.0491 0.0469 0.6309 0.0747 0.0273 0.0412 0.0151 
        D321  5 0.0434 0.0210 0.5439 0.0170 0.1047 0.0623 0.1193 0.0610 0.0139 0.0134 
        D336  5 0.0466 0.0174 0.0243 0.0265 0.0160 0.5063 0.0202 0.0246 0.2998 0.0183 
        D337  5 0.0232 0.0123 0.0152 0.0227 0.0243 0.7912 0.0483 0.0229 0.0182 0.0216 
        D338  5 0.1611 0.0456 0.0551 0.0513 0.0479 0.1526 0.2035 0.1752 0.0635 0.0442 
        D339  5 0.1202 0.0195 0.0620 0.0190 0.0482 0.4808 0.1058 0.0510 0.0589 0.0345 
        D347  5 0.0818 0.0209 0.0293 0.0481 0.0186 0.0334 0.0428 0.0731 0.6002 0.0518 
        D348  5 0.0359 0.0213 0.0230 0.1114 0.0164 0.6777 0.0258 0.0274 0.0443 0.0167 
