        D174  1 0.1177 0.0253 0.0847 0.0262 0.1103 0.0328 0.0611 0.0878 0.4540 
        D199  1 0.0708 0.0429 0.0416 0.0794 0.0798 0.1518 0.2426 0.1386 0.1524 
        D203  1 0.0494 0.0453 0.1209 0.1001 0.0791 0.2304 0.2134 0.0899 0.0716 
        D204  1 0.0229 0.0556 0.0211 0.0163 0.0197 0.0355 0.7836 0.0307 0.0146 
     D237366  1 0.0470 0.1009 0.0202 0.0677 0.5532 0.0391 0.0446 0.0647 0.0625 
     D237367  1 0.1082 0.0485 0.0506 0.0318 0.2635 0.0747 0.2742 0.1087 0.0398 
     D237368  1 0.0472 0.0344 0.0809 0.0365 0.3812 0.1050 0.1226 0.0862 0.1059 
     D244101  1 0.0523 0.3227 0.0211 0.0936 0.0231 0.1147 0.2544 0.0989 0.0192 
     D244102  1 0.2668 0.1456 0.1487 0.0808 0.0918 0.0550 0.0648 0.1064 0.0402 
     D244103  1 0.1697 0.0523 0.0329 0.1236 0.2307 0.0381 0.1048 0.2088 0.0390 
     D244104  1 0.0213 0.0222 0.0499 0.0440 0.0392 0.0278 0.6865 0.0299 0.0792 
     D244105  1 0.0526 0.0268 0.1853 0.0475 0.3710 0.0246 0.0499 0.2248 0.0176 
     D244106  1 0.1050 0.0229 0.0321 0.0753 0.0302 0.0676 0.0497 0.0727 0.5444 
     D244107  1 0.0486 0.0822 0.2366 0.0234 0.2862 0.1208 0.0501 0.1364 0.0156 
     D244108  1 0.0537 0.0366 0.4163 0.0232 0.0250 0.0303 0.0745 0.0541 0.2861 
     D244113  1 0.3118 0.1518 0.0336 0.0260 0.0253 0.0397 0.0162 0.0656 0.3300 
     D244114  1 0.1140 0.0540 0.0400 0.1970 0.0786 0.0385 0.0602 0.3361 0.0816 
     D244115  1 0.0837 0.0344 0.2093 0.0453 0.0415 0.0247 0.1430 0.1731 0.2450 
     D267365  1 0.0446 0.0438 0.0360 0.1318 0.0813 0.0276 0.3496 0.0602 0.2251 
        D404  1 0.4318 0.1395 0.0506 0.0250 0.0173 0.0428 0.0208 0.0383 0.2340 
        D405  1 0.4542 0.1185 0.0794 0.0498 0.0317 0.0743 0.0786 0.0636 0.0500 
        D406  1 0.0205 0.0402 0.0668 0.0232 0.6742 0.0218 0.0906 0.0260 0.0368 
        D407  1 0.0561 0.0158 0.0140 0.0162 0.2348 0.1250 0.4456 0.0651 0.0274 
        D408  1 0.1581 0.0376 0.0519 0.1829 0.0251 0.0160 0.0546 0.0687 0.4051 
        D409  1 0.1560 0.0498 0.0752 0.2747 0.0523 0.0353 0.0697 0.2560 0.0310 
        D410  1 0.0235 0.0223 0.8184 0.0102 0.0187 0.0098 0.0475 0.0304 0.0193 
        D421  1 0.0132 0.0095 0.0088 0.0113 0.0192 0.0385 0.8694 0.0150 0.0151 
        D422  1 0.0202 0.0151 0.0283 0.0311 0.7819 0.0264 0.0388 0.0445 0.0136 
        D423  1 0.0251 0.0167 0.6874 0.0116 0.0723 0.0712 0.0624 0.0380 0.0152 
        D424  1 0.0494 0.0180 0.0214 0.0163 0.0995 0.0178 0.5568 0.1848 0.0360 
        D425  1 0.0881 0.0450 0.1230 0.0387 0.0270 0.0279 0.3792 0.1600 0.1112 
        D426  1 0.1415 0.0172 0.0153 0.3150 0.1098 0.0266 0.0490 0.3011 0.0244 
        D427  1 0.0189 0.0127 0.0192 0.0203 0.0306 0.4306 0.2299 0.0258 0.2117 
        D428  1 0.0963 0.0637 0.0809 0.0244 0.1030 0.0665 0.2576 0.1332 0.1744 
        D429  1 0.0827 0.0505 0.0474 0.0624 0.0725 0.0378 0.3544 0.0976 0.1948 
        D430  1 0.2634 0.0359 0.0455 0.1752 0.0437 0.0626 0.0903 0.1674 0.1159 
        D491  1 0.0504 0.0279 0.0604 0.0412 0.0278 0.0128 0.0710 0.0440 0.6646 
        D492  1 0.1272 0.0527 0.0539 0.0345 0.1600 0.0696 0.2184 0.1712 0.1124 
        D537  1 0.0546 0.0542 0.0413 0.0137 0.0868 0.0321 0.6318 0.0631 0.0224 
        D538  1 0.1798 0.0630 0.2217 0.0429 0.1060 0.0877 0.0490 0.1390 0.1110 
        D539  1 0.1109 0.0757 0.0812 0.3227 0.0795 0.0553 0.0447 0.0980 0.1320 
        D540  1 0.1680 0.0360 0.0793 0.0945 0.0983 0.0280 0.2793 0.1794 0.0371 
        D541  1 0.0118 0.0146 0.0185 0.0127 0.0169 0.0161 0.8745 0.0205 0.0144 
        D551  1 0.0796 0.0202 0.0182 0.1428 0.0814 0.0868 0.0557 0.4863 0.0291 
        D552  1 0.0462 0.0572 0.2533 0.0533 0.0945 0.0268 0.1753 0.1142 0.1791 
        D553  1 0.0134 0.0164 0.0123 0.0151 0.0147 0.0104 0.8884 0.0173 0.0120 
        D615  1 0.0856 0.0300 0.1308 0.0760 0.0538 0.0821 0.3970 0.0917 0.0529 
        D616  1 0.0713 0.0215 0.1284 0.0924 0.1076 0.1299 0.2556 0.1380 0.0554 
        D621  1 0.0701 0.2737 0.1625 0.0338 0.2646 0.0288 0.0210 0.0544 0.0911 
        D622  1 0.0444 0.0374 0.1500 0.0349 0.5453 0.0187 0.0503 0.0852 0.0338 
        D623  1 0.1037 0.2419 0.0535 0.0285 0.0244 0.1757 0.0236 0.0542 0.2945 
        D624  1 0.0228 0.0110 0.0183 0.0165 0.0191 0.0132 0.0290 0.0311 0.8391 
        D625  1 0.0371 0.0409 0.0399 0.0284 0.0490 0.0154 0.6510 0.0643 0.0740 
        D626  1 0.0716 0.0305 0.1599 0.0649 0.1484 0.0362 0.0668 0.0882 0.3336 
        D627  1 0.0875 0.0197 0.0144 0.4253 0.1148 0.0255 0.0749 0.2091 0.0289 
        D690  1 0.0186 0.0239 0.0850 0.0162 0.0348 0.0100 0.7477 0.0194 0.0443 
        D691  1 0.0189 0.0193 0.0412 0.0471 0.6893 0.0253 0.0858 0.0407 0.0325 
        D710  1 0.0647 0.1379 0.1284 0.0440 0.0986 0.0382 0.2239 0.1244 0.1400 
        D711  1 0.0347 0.0476 0.0302 0.0199 0.0446 0.0289 0.7201 0.0381 0.0358 
        D712  1 0.0716 0.0355 0.0560 0.0917 0.0576 0.0318 0.0369 0.0578 0.5610 
        D713  1 0.1781 0.1612 0.0664 0.0304 0.0991 0.0205 0.1812 0.1173 0.1458 
        D746  1 0.0216 0.0162 0.0409 0.0177 0.7621 0.0274 0.0582 0.0303 0.0256 
        D747  1 0.0168 0.0225 0.0126 0.0160 0.0165 0.0200 0.8568 0.0216 0.0171 
        D748  1 0.0427 0.0537 0.0806 0.0426 0.3894 0.0169 0.2698 0.0806 0.0237 
        D749  1 0.0724 0.0779 0.1038 0.0254 0.2904 0.0467 0.0217 0.2773 0.0843 
        D750  1 0.0263 0.0324 0.0602 0.0215 0.0406 0.0188 0.1354 0.0530 0.6119 
        D763  1 0.0766 0.1952 0.0417 0.1992 0.1127 0.1064 0.0933 0.1502 0.0248 
        D764  1 0.0300 0.0145 0.0852 0.0211 0.0655 0.0182 0.5085 0.0565 0.2004 
        D765  1 0.0338 0.0181 0.6650 0.0409 0.0545 0.0128 0.0292 0.0548 0.0910 
        D766  1 0.0755 0.1045 0.3731 0.0207 0.1675 0.0293 0.0933 0.0993 0.0368 
        D767  1 0.1276 0.2433 0.1233 0.0276 0.1225 0.1253 0.0929 0.1024 0.0352 
        D768  1 0.0122 0.0129 0.0143 0.0149 0.0277 0.0174 0.8654 0.0226 0.0127 
        D811  1 0.5635 0.0658 0.1371 0.0393 0.0155 0.0155 0.0226 0.0511 0.0896 
        D816  1 0.0223 0.0169 0.0232 0.0145 0.0221 0.0148 0.8292 0.0305 0.0265 
        D825  1 0.1386 0.0260 0.4725 0.0234 0.0329 0.0149 0.0794 0.0998 0.1125 
        D866  1 0.0427 0.0199 0.0693 0.4012 0.0236 0.1006 0.0433 0.0923 0.2072 
        D867  1 0.0387 0.0802 0.0400 0.0177 0.6921 0.0403 0.0188 0.0519 0.0203 
        D871  1 0.1873 0.0584 0.0235 0.3533 0.0529 0.0202 0.0528 0.2031 0.0485 
        D872  1 0.1162 0.0465 0.2276 0.0256 0.0930 0.0827 0.2689 0.0922 0.0472 
        D873  1 0.0307 0.0347 0.8490 0.0086 0.0197 0.0178 0.0090 0.0174 0.0132 
        D874  1 0.0509 0.5853 0.0199 0.0307 0.0139 0.0206 0.1461 0.0381 0.0945 
        D875  1 0.1650 0.0316 0.0957 0.2107 0.1198 0.0169 0.0385 0.2979 0.0239 
        D876  1 0.0283 0.0801 0.0690 0.0443 0.0715 0.0167 0.5455 0.0787 0.0660 
        D877  1 0.5333 0.1599 0.0189 0.0250 0.0118 0.0207 0.0243 0.0648 0.1413 
        D892  1 0.0570 0.0479 0.0523 0.0285 0.2039 0.0177 0.3940 0.0638 0.1349 
        D893  1 0.0356 0.0591 0.0452 0.0536 0.0738 0.0287 0.6219 0.0654 0.0167 
        D894  1 0.0580 0.0296 0.0481 0.0706 0.0496 0.0250 0.5611 0.1060 0.0521 
        D915  1 0.0403 0.0253 0.1470 0.0352 0.0841 0.0266 0.5345 0.0743 0.0329 
        D916  1 0.0130 0.0119 0.0194 0.0142 0.0163 0.0118 0.8795 0.0153 0.0184 
        D917  1 0.0644 0.1072 0.0410 0.0861 0.0383 0.0595 0.1373 0.1059 0.3602 
        D925  1 0.0191 0.0142 0.5311 0.0327 0.0324 0.0146 0.2615 0.0304 0.0640 
        D926  1 0.0718 0.0737 0.0482 0.0318 0.0574 0.0263 0.4329 0.1857 0.0721 
        D927  1 0.0668 0.0440 0.0234 0.0939 0.0614 0.2577 0.2633 0.1351 0.0544 
        D928  1 0.0261 0.0234 0.0469 0.0129 0.0110 0.0153 0.0595 0.0188 0.7861 
        D929  1 0.1312 0.5420 0.0341 0.0313 0.0997 0.0161 0.0337 0.0542 0.0577 
        D936  1 0.0337 0.1616 0.0286 0.0842 0.0207 0.0532 0.5365 0.0571 0.0246 
        D938  1 0.0451 0.0418 0.0771 0.0168 0.7095 0.0161 0.0335 0.0327 0.0273 
        D956  1 0.1663 0.0285 0.0635 0.0432 0.0246 0.0383 0.0282 0.0752 0.5320 
        D957  1 0.0655 0.0534 0.5203 0.0276 0.0710 0.0404 0.1135 0.0751 0.0331 
        D958  1 0.0691 0.0582 0.2678 0.0210 0.1053 0.0254 0.2397 0.0948 0.1188 
        D959  1 0.0704 0.0144 0.0143 0.0124 0.2093 0.1004 0.4785 0.0780 0.0223 
        D960  1 0.0362 0.0407 0.1204 0.0223 0.6032 0.0223 0.0237 0.0721 0.0591 
        D989  1 0.0496 0.0229 0.0166 0.0814 0.0397 0.0776 0.0432 0.0873 0.5817 
        D990  1 0.0254 0.0292 0.6814 0.0780 0.0342 0.0324 0.0176 0.0465 0.0554 
        D023  2 0.0179 0.0151 0.0165 0.0147 0.8546 0.0132 0.0326 0.0199 0.0155 
        D130  2 0.0445 0.0293 0.0240 0.0177 0.7150 0.0376 0.0743 0.0431 0.0146 
        D131  2 0.1238 0.0419 0.0582 0.1423 0.0395 0.0380 0.2463 0.2699 0.0402 
        D163  2 0.0249 0.0369 0.0519 0.0340 0.6416 0.0132 0.0655 0.0764 0.0556 
        D164  2 0.0122 0.0171 0.3413 0.0126 0.0284 0.5439 0.0113 0.0245 0.0087 
        D165  2 0.0179 0.0189 0.0166 0.0196 0.8369 0.0177 0.0194 0.0373 0.0157 
        D166  2 0.4234 0.1069 0.0792 0.0698 0.0657 0.0441 0.0384 0.1555 0.0169 
        D167  2 0.0405 0.0112 0.0166 0.0171 0.0118 0.8306 0.0161 0.0232 0.0329 
        D192  2 0.0158 0.0203 0.0135 0.0181 0.0129 0.8728 0.0080 0.0183 0.0203 
        D193  2 0.2825 0.1543 0.0810 0.0524 0.0294 0.0441 0.0227 0.1263 0.2074 
        D206  2 0.1441 0.0402 0.0369 0.0382 0.0801 0.3636 0.1300 0.1438 0.0232 
        D207  2 0.1143 0.0354 0.0206 0.0604 0.0273 0.6373 0.0232 0.0629 0.0186 
        D208  2 0.1217 0.0508 0.0837 0.2103 0.0556 0.1024 0.0647 0.1096 0.2012 
        D209  2 0.0736 0.1853 0.0559 0.0228 0.0608 0.3380 0.0277 0.2143 0.0218 
        D210  2 0.0317 0.0363 0.0291 0.1734 0.0381 0.0980 0.0532 0.0412 0.4992 
     D229599  2 0.0528 0.2321 0.1080 0.1354 0.0913 0.0478 0.1514 0.1238 0.0574 
     D229600  2 0.0548 0.0259 0.0350 0.0370 0.4023 0.3301 0.0317 0.0658 0.0174 
     D237227  2 0.0380 0.0289 0.1609 0.0960 0.0434 0.0399 0.0329 0.0982 0.4619 
     D237228  2 0.1021 0.0206 0.4841 0.0359 0.0151 0.0441 0.0131 0.0962 0.1887 
     D237258  2 0.1457 0.0571 0.0664 0.0962 0.1482 0.2121 0.0698 0.1209 0.0838 
     D237310  2 0.2382 0.0396 0.4799 0.0410 0.0296 0.0538 0.0135 0.0714 0.0330 
     D237311  2 0.0724 0.0243 0.5488 0.0249 0.0430 0.1916 0.0146 0.0491 0.0312 
     D237312  2 0.2776 0.1249 0.2726 0.0274 0.1249 0.0237 0.0263 0.0824 0.0402 
     D237313  2 0.1107 0.1005 0.2075 0.0777 0.0556 0.0238 0.1685 0.1501 0.1056 
     D237322  2 0.0907 0.1158 0.0913 0.3027 0.0319 0.0453 0.0317 0.2145 0.0759 
     D237323  2 0.0844 0.0317 0.5232 0.0645 0.0524 0.0350 0.0141 0.0625 0.1323 
     D237324  2 0.0565 0.0388 0.0311 0.0638 0.2132 0.1317 0.0503 0.3990 0.0155 
     D237325  2 0.0862 0.0827 0.3273 0.0322 0.1759 0.0754 0.0353 0.1199 0.0651 
     D237326  2 0.0375 0.0301 0.6408 0.0209 0.0423 0.0429 0.0610 0.0603 0.0642 
     D237327  2 0.0628 0.1255 0.0315 0.2592 0.0772 0.1333 0.0521 0.2179 0.0403 
     D237337  2 0.0276 0.0191 0.8130 0.0200 0.0200 0.0146 0.0234 0.0279 0.0344 
     D237338  2 0.0700 0.1053 0.2259 0.0836 0.1385 0.0711 0.0419 0.1385 0.1251 
     D237339  2 0.0521 0.5310 0.0313 0.0361 0.0173 0.2171 0.0287 0.0669 0.0196 
     D237340  2 0.1219 0.0569 0.2444 0.0422 0.0828 0.2057 0.0172 0.0836 0.1452 
     D237389  2 0.2257 0.0413 0.5111 0.0204 0.0342 0.0729 0.0165 0.0602 0.0176 
     D237390  2 0.1652 0.0758 0.4037 0.0550 0.0995 0.0236 0.0406 0.0752 0.0615 
     D244017  2 0.1662 0.0428 0.0470 0.0478 0.0477 0.3098 0.0189 0.1026 0.2173 
     D244112  2 0.0307 0.0137 0.0305 0.0161 0.0217 0.8387 0.0123 0.0187 0.0176 
     D244118  2 0.0178 0.0314 0.0403 0.0204 0.1743 0.6551 0.0113 0.0260 0.0234 
     D244119  2 0.0195 0.0103 0.0244 0.0186 0.0128 0.2858 0.0184 0.0300 0.5804 
     D244120  2 0.2010 0.1122 0.0342 0.1493 0.0240 0.3695 0.0101 0.0468 0.0529 
     D244122  2 0.0601 0.0340 0.0409 0.0240 0.0441 0.6847 0.0232 0.0550 0.0342 
        D291  2 0.0765 0.0231 0.0283 0.5845 0.0669 0.0419 0.0507 0.1117 0.0164 
        D292  2 0.0369 0.0492 0.1211 0.1778 0.0275 0.2613 0.1972 0.0639 0.0651 
        D293  2 0.0206 0.0702 0.0119 0.0291 0.0144 0.7026 0.0935 0.0429 0.0149 
        D322  2 0.0220 0.1108 0.0335 0.0356 0.0285 0.5998 0.0704 0.0826 0.0168 
        D323  2 0.3122 0.1247 0.0612 0.0595 0.0390 0.1393 0.0627 0.1597 0.0416 
        D324  2 0.0772 0.0253 0.0847 0.3248 0.1007 0.0375 0.1571 0.1414 0.0513 
        D325  2 0.0160 0.0200 0.0142 0.0310 0.0171 0.8283 0.0274 0.0344 0.0116 
        D326  2 0.0199 0.0162 0.0111 0.0228 0.0143 0.0139 0.8500 0.0265 0.0253 
        D340  2 0.0153 0.0186 0.0155 0.0259 0.0134 0.8581 0.0181 0.0176 0.0175 
        D341  2 0.0457 0.0364 0.0562 0.0729 0.0373 0.6066 0.0419 0.0654 0.0375 
        D342  2 0.0631 0.0256 0.1070 0.0493 0.0769 0.5175 0.0170 0.1272 0.0163 
        D343  2 0.0102 0.0105 0.0079 0.0103 0.0111 0.9152 0.0145 0.0125 0.0079 
        D344  2 0.1136 0.4996 0.0734 0.0305 0.0179 0.0489 0.1054 0.0881 0.0226 
        D345  2 0.0478 0.1761 0.3969 0.0367 0.0398 0.0439 0.1042 0.1187 0.0359 
        D346  2 0.0981 0.0486 0.0429 0.0787 0.0284 0.0719 0.0627 0.0752 0.4933 
        D351  2 0.1066 0.0662 0.0868 0.1311 0.0635 0.0547 0.2584 0.2062 0.0266 
        D352  2 0.0546 0.6124 0.0603 0.0374 0.0164 0.0383 0.0246 0.0948 0.0611 
        D353  2 0.0744 0.0685 0.0148 0.0184 0.0185 0.0227 0.1436 0.6231 0.0160 
        D354  2 0.0541 0.6427 0.0693 0.0192 0.0164 0.0145 0.0879 0.0446 0.0512 
        D362  2 0.0235 0.0260 0.0424 0.0261 0.0688 0.0253 0.7166 0.0425 0.0288 
        D363  2 0.0332 0.0312 0.0418 0.0254 0.0306 0.0240 0.7248 0.0420 0.0469 
        D364  2 0.0487 0.3896 0.1142 0.0223 0.0215 0.0218 0.2655 0.0710 0.0455 
        D365  2 0.0107 0.0142 0.0103 0.0131 0.0099 0.8930 0.0170 0.0153 0.0165 
        D369  2 0.0977 0.0225 0.0961 0.0983 0.0464 0.1612 0.2020 0.1006 0.1752 
        D374  2 0.2972 0.0917 0.0556 0.0152 0.0112 0.0205 0.0152 0.0489 0.4446 
        D375  2 0.0651 0.7713 0.0371 0.0112 0.0226 0.0173 0.0210 0.0364 0.0179 
        D376  2 0.1379 0.1070 0.0796 0.0238 0.0166 0.0315 0.0162 0.0760 0.5113 
        D377  2 0.3061 0.0930 0.2006 0.0939 0.0489 0.0532 0.0305 0.1087 0.0651 
        D378  2 0.0468 0.1959 0.0328 0.0713 0.1049 0.2770 0.1383 0.1101 0.0228 
        D379  2 0.0573 0.0557 0.0292 0.0342 0.0243 0.0214 0.6881 0.0643 0.0256 
        D384  2 0.0232 0.0144 0.0146 0.0145 0.0136 0.0171 0.8448 0.0208 0.0369 
        D385  2 0.0367 0.1064 0.0241 0.0187 0.0113 0.7237 0.0179 0.0320 0.0292 
        D386  2 0.0684 0.4087 0.0293 0.0292 0.0730 0.0687 0.1476 0.1586 0.0165 
        D391  2 0.0266 0.0596 0.0201 0.0201 0.0160 0.7913 0.0279 0.0234 0.0150 
        D392  2 0.0342 0.0260 0.0920 0.0269 0.0290 0.6250 0.0680 0.0541 0.0447 
        D393  2 0.0491 0.2161 0.0423 0.1706 0.0653 0.0851 0.2921 0.0552 0.0242 
        D394  2 0.0835 0.2025 0.1852 0.0495 0.1548 0.0788 0.0753 0.1307 0.0396 
        D395  2 0.0579 0.4336 0.0205 0.0364 0.0204 0.3346 0.0129 0.0675 0.0162 
        D401  2 0.0772 0.0154 0.7607 0.0153 0.0153 0.0275 0.0210 0.0319 0.0358 
        D402  2 0.0295 0.0476 0.0221 0.0516 0.0122 0.7773 0.0189 0.0255 0.0153 
        D403  2 0.1309 0.0879 0.0302 0.0314 0.0915 0.0351 0.2271 0.3462 0.0197 
        D415  2 0.0417 0.0289 0.0764 0.0213 0.0538 0.0326 0.5406 0.1916 0.0130 
        D435  2 0.0238 0.0534 0.0423 0.0462 0.0430 0.2083 0.5209 0.0447 0.0174 
        D436  2 0.0975 0.4840 0.0372 0.0194 0.0428 0.0359 0.1417 0.0828 0.0586 
        D438  2 0.0154 0.0116 0.0100 0.0171 0.0135 0.8809 0.0111 0.0186 0.0217 
        D439  2 0.0569 0.5997 0.0786 0.0288 0.0441 0.0534 0.0619 0.0628 0.0138 
        D449  2 0.0806 0.0210 0.0394 0.0281 0.0432 0.4839 0.1103 0.1655 0.0281 
        D450  2 0.1028 0.1859 0.0518 0.1218 0.0548 0.0212 0.1366 0.1768 0.1485 
        D456  2 0.0156 0.0169 0.0122 0.0259 0.0175 0.0098 0.8662 0.0180 0.0179 
        D462  2 0.0146 0.0581 0.0127 0.0157 0.0149 0.8166 0.0319 0.0219 0.0136 
        D463  2 0.0244 0.0208 0.0162 0.0173 0.0140 0.0102 0.8283 0.0379 0.0309 
        D464  2 0.2032 0.2373 0.0212 0.0300 0.0163 0.0512 0.0775 0.3369 0.0263 
        D465  2 0.0673 0.0283 0.0523 0.0279 0.0254 0.5439 0.1622 0.0705 0.0222 
        D473  2 0.0755 0.1132 0.1101 0.0577 0.0732 0.0526 0.0246 0.0695 0.4237 
        D474  2 0.0229 0.0271 0.0612 0.1286 0.0640 0.0707 0.4969 0.0577 0.0708 
        D476  2 0.0195 0.4850 0.0167 0.0240 0.3047 0.0664 0.0214 0.0501 0.0122 
        D477  2 0.0431 0.2462 0.1360 0.0770 0.0220 0.0228 0.3123 0.0870 0.0537 
        D478  2 0.1203 0.1021 0.0395 0.0533 0.3014 0.0510 0.0436 0.1804 0.1083 
        D480  2 0.0630 0.1877 0.0274 0.1547 0.0243 0.0893 0.2404 0.1067 0.1066 
        D481  2 0.0469 0.1908 0.1233 0.0602 0.1049 0.0704 0.1986 0.0963 0.1085 
        D482  2 0.1085 0.3450 0.0907 0.1562 0.0422 0.0326 0.0208 0.1258 0.0783 
        D483  2 0.0174 0.0201 0.0166 0.0209 0.0177 0.8099 0.0141 0.0158 0.0675 
        D484  2 0.0372 0.8098 0.0205 0.0191 0.0177 0.0319 0.0111 0.0321 0.0205 
        D510  2 0.0904 0.0428 0.0324 0.1115 0.0239 0.0282 0.0268 0.0549 0.5890 
        D511  2 0.0502 0.5775 0.0260 0.0364 0.0446 0.0946 0.0855 0.0674 0.0178 
        D512  2 0.1935 0.0317 0.3559 0.0440 0.0301 0.2207 0.0201 0.0929 0.0111 
        D513  2 0.0677 0.0240 0.0310 0.0700 0.0375 0.5271 0.0803 0.1025 0.0599 
        D635  2 0.0310 0.0207 0.0313 0.0235 0.4661 0.0396 0.2400 0.1222 0.0258 
        D636  2 0.0214 0.0130 0.0551 0.0112 0.8100 0.0164 0.0267 0.0285 0.0177 
        D637  2 0.1158 0.3069 0.0641 0.0621 0.0383 0.1465 0.0266 0.1659 0.0739 
        D658  2 0.0584 0.1935 0.0636 0.0300 0.0318 0.4626 0.0260 0.0571 0.0770 
        D659  2 0.0353 0.0430 0.0169 0.0699 0.0865 0.0251 0.6247 0.0719 0.0267 
        D677  2 0.1233 0.0601 0.0937 0.0956 0.1556 0.0760 0.2548 0.1175 0.0234 
        D678  2 0.1626 0.0322 0.0485 0.0373 0.0291 0.5336 0.0169 0.1199 0.0199 
        D679  2 0.1085 0.0476 0.0381 0.1364 0.0385 0.0479 0.4071 0.1331 0.0428 
        D719  2 0.0292 0.0279 0.0423 0.0535 0.0133 0.1693 0.1627 0.0501 0.4518 
        D720  2 0.0265 0.0202 0.0248 0.0314 0.0281 0.0373 0.7078 0.0404 0.0836 
        D721  2 0.0220 0.0329 0.0161 0.0316 0.7469 0.0405 0.0352 0.0389 0.0360 
        D722  2 0.2815 0.1007 0.1109 0.0325 0.0188 0.0638 0.0233 0.0874 0.2811 
        D734  2 0.0425 0.4974 0.0137 0.0571 0.0159 0.0692 0.0286 0.0463 0.2292 
        D735  2 0.1045 0.0814 0.1145 0.1243 0.0519 0.0618 0.2431 0.1457 0.0727 
        D736  2 0.0422 0.0549 0.0360 0.2642 0.0609 0.0520 0.0595 0.0782 0.3521 
        D737  2 0.0380 0.1653 0.0529 0.0749 0.0506 0.4988 0.0142 0.0636 0.0417 
        D807  2 0.0848 0.0791 0.1118 0.1208 0.0541 0.0503 0.2024 0.0892 0.2074 
        D808  2 0.1197 0.0661 0.2184 0.1066 0.0777 0.1146 0.0808 0.1838 0.0322 
        D817  2 0.2338 0.0857 0.0841 0.0418 0.0400 0.0241 0.3502 0.1004 0.0399 
        D818  2 0.0997 0.0477 0.0220 0.1233 0.1715 0.2038 0.0653 0.2401 0.0267 
        D819  2 0.2615 0.0369 0.2366 0.0565 0.0467 0.0464 0.1581 0.1242 0.0332 
        D820  2 0.0233 0.0688 0.0146 0.0322 0.0187 0.0420 0.7338 0.0407 0.0259 
        D895  2 0.0851 0.0553 0.0906 0.0298 0.1213 0.0450 0.3721 0.1680 0.0328 
        D896  2 0.0383 0.0163 0.8398 0.0152 0.0182 0.0121 0.0124 0.0243 0.0234 
        D897  2 0.0614 0.0438 0.0585 0.0475 0.0300 0.5148 0.0337 0.1872 0.0232 
        D898  2 0.1438 0.0736 0.3808 0.1559 0.0327 0.0266 0.0305 0.1164 0.0397 
        D918  2 0.0857 0.0948 0.1624 0.0925 0.1810 0.0734 0.0306 0.2075 0.0723 
        D919  2 0.0485 0.4247 0.0275 0.0496 0.0355 0.1297 0.1382 0.1246 0.0216 
        D920  2 0.0339 0.0472 0.0544 0.0231 0.6570 0.0347 0.0350 0.0458 0.0689 
        D923  2 0.0431 0.1024 0.0229 0.0206 0.0230 0.0273 0.6668 0.0707 0.0232 
        D930  2 0.1086 0.1298 0.0876 0.0937 0.0278 0.0471 0.2267 0.1607 0.1181 
        D931  2 0.0720 0.2243 0.0448 0.0532 0.0393 0.1417 0.3022 0.0806 0.0419 
        D968  2 0.0244 0.0212 0.0155 0.0262 0.0135 0.8440 0.0203 0.0236 0.0112 
        D969  2 0.0687 0.0531 0.0538 0.1568 0.0522 0.1772 0.2238 0.1448 0.0695 
        D977  2 0.0398 0.0275 0.0151 0.0222 0.0254 0.7642 0.0207 0.0664 0.0188 
        D978  2 0.1406 0.0376 0.0204 0.5260 0.0231 0.0846 0.0233 0.1194 0.0250 
        D211  3 0.0459 0.0473 0.0599 0.0307 0.6640 0.0236 0.0593 0.0490 0.0203 
     D229639  3 0.0418 0.0295 0.0695 0.5374 0.0287 0.0545 0.0613 0.0749 0.1023 
     D237212  3 0.0716 0.2467 0.0779 0.2471 0.0911 0.0677 0.0658 0.1074 0.0247 
     D237213  3 0.1968 0.0921 0.3052 0.0493 0.0989 0.0338 0.0587 0.1483 0.0170 
     D237214  3 0.0228 0.0123 0.0132 0.0113 0.8491 0.0118 0.0182 0.0383 0.0231 
     D237215  3 0.1390 0.0324 0.0425 0.1140 0.0172 0.5106 0.0167 0.0553 0.0723 
     D237216  3 0.1387 0.0411 0.0374 0.0668 0.0775 0.0262 0.0381 0.5521 0.0220 
     D237217  3 0.0453 0.0267 0.1474 0.0458 0.3014 0.0313 0.1029 0.2833 0.0158 
     D237218  3 0.0487 0.2075 0.0244 0.4387 0.0492 0.0409 0.0595 0.0917 0.0395 
     D237219  3 0.1237 0.0241 0.3853 0.1073 0.0783 0.0243 0.0337 0.1161 0.1072 
     D237382  3 0.2481 0.0570 0.1846 0.0712 0.0481 0.0501 0.1084 0.1406 0.0919 
     D244127  3 0.0609 0.0370 0.5838 0.0690 0.0497 0.0688 0.0209 0.0941 0.0158 
     D244129  3 0.0811 0.0829 0.2089 0.0856 0.1392 0.0931 0.0947 0.1683 0.0462 
     D244133  3 0.3898 0.0176 0.0340 0.0614 0.0913 0.0922 0.0832 0.1156 0.1148 
     D244134  3 0.0412 0.0237 0.1511 0.3042 0.0450 0.0418 0.0329 0.0632 0.2969 
     D244135  3 0.0368 0.0268 0.0263 0.0214 0.7559 0.0468 0.0291 0.0442 0.0127 
     D244136  3 0.1998 0.0341 0.0443 0.0992 0.0569 0.0814 0.1696 0.1311 0.1836 
        D416  3 0.0929 0.0537 0.1741 0.1099 0.1133 0.1171 0.0791 0.2273 0.0326 
        D417  3 0.0615 0.0416 0.0374 0.0288 0.0434 0.0182 0.6401 0.1015 0.0276 
        D419  3 0.1021 0.0492 0.2057 0.1241 0.0951 0.0711 0.1301 0.1509 0.0718 
        D565  3 0.0231 0.0138 0.0181 0.0401 0.0168 0.0128 0.0411 0.0262 0.8080 
        D566  3 0.1038 0.0289 0.0565 0.2840 0.0294 0.0588 0.0664 0.0941 0.2781 
        D567  3 0.0507 0.0519 0.1005 0.0244 0.0830 0.0416 0.5626 0.0590 0.0263 
        D568  3 0.0494 0.1918 0.1293 0.0488 0.1334 0.1319 0.1451 0.1518 0.0186 
        D569  3 0.0789 0.5208 0.0308 0.0462 0.0863 0.0824 0.0195 0.1012 0.0340 
        D573  3 0.0536 0.0345 0.0425 0.2447 0.0240 0.3326 0.1713 0.0773 0.0196 
        D574  3 0.1220 0.0465 0.0626 0.1688 0.0484 0.0383 0.0329 0.1062 0.3744 
        D575  3 0.1543 0.0306 0.3337 0.0460 0.1102 0.0700 0.0641 0.0866 0.1044 
        D576  3 0.2379 0.0299 0.0168 0.0565 0.0256 0.5577 0.0081 0.0413 0.0261 
        D577  3 0.0950 0.0494 0.0350 0.0563 0.0980 0.0265 0.5338 0.0718 0.0342 
        D578  3 0.0278 0.0126 0.0223 0.0154 0.8315 0.0270 0.0139 0.0338 0.0157 
        D579  3 0.0592 0.0896 0.0574 0.1781 0.0708 0.0634 0.1564 0.1056 0.2194 
        D660  3 0.1353 0.0523 0.0830 0.0306 0.0536 0.4930 0.0186 0.1165 0.0173 
        D661  3 0.0433 0.1047 0.0277 0.3626 0.1074 0.1640 0.0293 0.1401 0.0208 
        D663  3 0.0672 0.0488 0.0211 0.5565 0.0287 0.0547 0.0665 0.1381 0.0185 
        D664  3 0.2090 0.0502 0.1736 0.0582 0.1696 0.1139 0.0162 0.1469 0.0623 
        D665  3 0.4003 0.0991 0.0974 0.0419 0.0986 0.0341 0.0155 0.2034 0.0096 
        D666  3 0.1189 0.0366 0.4329 0.0736 0.0513 0.0258 0.0770 0.0952 0.0886 
        D009  4 0.0953 0.2076 0.1169 0.0556 0.1906 0.0226 0.1234 0.1562 0.0320 
        D057  4 0.0281 0.4152 0.0136 0.0425 0.2093 0.1786 0.0391 0.0497 0.0239 
        D109  4 0.1231 0.0383 0.5044 0.0235 0.0542 0.0178 0.0424 0.1512 0.0452 
     D237222  4 0.0557 0.0457 0.0585 0.0296 0.5367 0.0352 0.0392 0.0594 0.1399 
     D237223  4 0.0927 0.0711 0.1703 0.0539 0.1896 0.0801 0.0463 0.1816 0.1144 
     D237224  4 0.0702 0.2444 0.0628 0.1490 0.0487 0.1817 0.1016 0.1148 0.0268 
     D237225  4 0.0933 0.1216 0.0547 0.1280 0.1460 0.0338 0.1176 0.2588 0.0462 
     D237299  4 0.1477 0.0251 0.0622 0.4342 0.0803 0.0209 0.0155 0.1781 0.0361 
     D237300  4 0.0617 0.0201 0.0349 0.7243 0.0283 0.0317 0.0177 0.0419 0.0393 
     D237306  4 0.0910 0.0422 0.1122 0.0280 0.0419 0.0231 0.0718 0.0761 0.5136 
     D237307  4 0.1112 0.0287 0.0365 0.0869 0.0547 0.0639 0.3367 0.0828 0.1986 
     D237308  4 0.0417 0.1571 0.0787 0.0371 0.0427 0.4374 0.0428 0.0790 0.0836 
     D237309  4 0.0822 0.1340 0.0886 0.0600 0.1730 0.0461 0.1184 0.2711 0.0266 
     D237317  4 0.0562 0.0327 0.0457 0.0483 0.0399 0.0245 0.1676 0.1400 0.4451 
     D237318  4 0.0296 0.0144 0.0180 0.7907 0.0149 0.0513 0.0299 0.0312 0.0200 
     D237319  4 0.1945 0.0426 0.1230 0.1115 0.1783 0.0623 0.0619 0.1785 0.0474 
     D237320  4 0.0478 0.0294 0.1039 0.2107 0.3222 0.1039 0.0557 0.0958 0.0306 
     D237321  4 0.0582 0.0269 0.0557 0.5599 0.0405 0.0906 0.0527 0.0724 0.0430 
     D237397  4 0.0701 0.0393 0.0656 0.1689 0.1702 0.1114 0.0743 0.1012 0.1991 
     D237398  4 0.0329 0.0265 0.0169 0.7420 0.0299 0.0214 0.0529 0.0624 0.0151 
     D237399  4 0.0476 0.0674 0.0513 0.3065 0.1048 0.0432 0.0927 0.0860 0.2006 
     D244001  4 0.0608 0.0840 0.0312 0.0291 0.4610 0.1460 0.0358 0.1159 0.0363 
        D289  4 0.0418 0.3007 0.0426 0.0627 0.0773 0.0576 0.0674 0.0873 0.2625 
        D290  4 0.2800 0.0614 0.0514 0.2376 0.0460 0.0546 0.0567 0.1793 0.0328 
        D294  4 0.1257 0.3189 0.0160 0.1106 0.0962 0.0279 0.0719 0.2006 0.0323 
        D295  4 0.1141 0.0838 0.1874 0.0649 0.0613 0.0336 0.2920 0.1078 0.0550 
        D301  4 0.0873 0.0470 0.0533 0.1169 0.5324 0.0397 0.0203 0.0516 0.0514 
        D302  4 0.0576 0.6553 0.0134 0.0336 0.0397 0.0177 0.1081 0.0612 0.0134 
        D303  4 0.0836 0.0816 0.1145 0.0403 0.0349 0.0553 0.0393 0.0631 0.4874 
        D304  4 0.1756 0.0436 0.0192 0.4291 0.0336 0.0285 0.0694 0.1372 0.0637 
        D305  4 0.0986 0.3267 0.0337 0.0230 0.0387 0.0964 0.0199 0.3527 0.0102 
        D306  4 0.3957 0.0430 0.0458 0.0824 0.0447 0.0188 0.0382 0.2899 0.0415 
        D307  4 0.0369 0.0548 0.0320 0.0385 0.6806 0.0174 0.0198 0.0370 0.0829 
        D327  4 0.0738 0.0498 0.0221 0.0530 0.0502 0.0914 0.4776 0.1038 0.0783 
        D328  4 0.1498 0.4753 0.0754 0.0243 0.0259 0.0295 0.0252 0.0570 0.1376 
        D329  4 0.0611 0.3161 0.0931 0.0815 0.0740 0.1286 0.0674 0.1429 0.0353 
        D330  4 0.0657 0.1016 0.3243 0.0159 0.0785 0.0752 0.1922 0.1317 0.0149 
        D331  4 0.1559 0.0418 0.0909 0.2547 0.0515 0.0450 0.1541 0.1230 0.0832 
        D333  4 0.1059 0.2944 0.1054 0.0945 0.0704 0.0803 0.0549 0.0926 0.1014 
        D334  4 0.0483 0.0648 0.0325 0.0565 0.1156 0.0207 0.0961 0.0683 0.4971 
        D335  4 0.0676 0.4221 0.0287 0.0199 0.0246 0.0438 0.3051 0.0571 0.0311 
        D370  4 0.2541 0.1077 0.3578 0.0307 0.0307 0.0393 0.0306 0.0862 0.0629 
        D371  4 0.0521 0.0324 0.0178 0.0151 0.0165 0.0247 0.1088 0.0418 0.6908 
        D372  4 0.0662 0.0198 0.0256 0.7164 0.0125 0.0308 0.0137 0.0967 0.0183 
        D373  4 0.0370 0.0638 0.0271 0.0685 0.6159 0.0655 0.0381 0.0659 0.0180 
        D455  4 0.0255 0.1197 0.0242 0.0462 0.6766 0.0264 0.0341 0.0256 0.0216 
        D490  4 0.0277 0.0345 0.0215 0.0148 0.8326 0.0095 0.0189 0.0220 0.0185 
        D497  4 0.0472 0.0788 0.0522 0.0306 0.6794 0.0204 0.0147 0.0537 0.0229 
        D498  4 0.2325 0.0413 0.1600 0.2060 0.0456 0.0579 0.0546 0.1209 0.0813 
        D499  4 0.1664 0.1197 0.0782 0.1515 0.0178 0.1819 0.0206 0.1552 0.1086 
        D514  4 0.2422 0.1674 0.0586 0.0695 0.0325 0.0304 0.2494 0.1340 0.0159 
        D515  4 0.1726 0.0614 0.1010 0.0544 0.3280 0.0412 0.0478 0.1609 0.0328 
        D516  4 0.1387 0.0290 0.2589 0.0604 0.0853 0.0877 0.1502 0.1171 0.0727 
        D517  4 0.0403 0.0392 0.0685 0.0417 0.5434 0.0397 0.0512 0.1540 0.0219 
        D518  4 0.0442 0.5278 0.0138 0.0188 0.1772 0.0457 0.0442 0.0617 0.0666 
        D519  4 0.0443 0.0246 0.0857 0.1843 0.3937 0.0495 0.0740 0.1147 0.0292 
        D560  4 0.0861 0.0620 0.0573 0.2341 0.1945 0.0946 0.0859 0.1676 0.0179 
        D561  4 0.1037 0.0870 0.0544 0.0728 0.1825 0.0670 0.0776 0.3356 0.0194 
        D562  4 0.0892 0.1710 0.0777 0.0920 0.2422 0.0634 0.0452 0.1461 0.0731 
        D563  4 0.0951 0.1524 0.0460 0.0630 0.0476 0.3951 0.0227 0.1617 0.0164 
        D572  4 0.0397 0.7154 0.0204 0.0162 0.0625 0.0247 0.0524 0.0381 0.0306 
        D629  4 0.0788 0.0746 0.0462 0.0781 0.3189 0.0270 0.2866 0.0688 0.0210 
        D630  4 0.1054 0.1494 0.0383 0.1177 0.2774 0.0383 0.0918 0.1235 0.0582 
        D631  4 0.0397 0.6445 0.0192 0.0554 0.0353 0.0943 0.0280 0.0625 0.0210 
        D632  4 0.0422 0.1773 0.0832 0.0216 0.3492 0.1839 0.0500 0.0728 0.0198 
        D646  4 0.0558 0.0511 0.2095 0.0589 0.1182 0.0681 0.2113 0.1894 0.0377 
        D647  4 0.0558 0.0838 0.0930 0.0450 0.1163 0.0792 0.4438 0.0681 0.0150 
        D648  4 0.3380 0.4930 0.0202 0.0131 0.0210 0.0231 0.0164 0.0262 0.0491 
        D649  4 0.0538 0.1735 0.2088 0.0327 0.0762 0.0234 0.3436 0.0667 0.0212 
        D650  4 0.0816 0.1034 0.0561 0.1439 0.1319 0.0308 0.2158 0.1046 0.1320 
        D708  4 0.1160 0.2602 0.0573 0.1201 0.0459 0.0266 0.0475 0.1211 0.2053 
        D709  4 0.4458 0.0776 0.1783 0.0581 0.0203 0.0271 0.0281 0.1310 0.0338 
        D738  4 0.0346 0.0317 0.0982 0.0388 0.1092 0.0196 0.1020 0.0562 0.5097 
        D739  4 0.1545 0.1173 0.0759 0.0831 0.3411 0.0256 0.0362 0.1333 0.0331 
        D740  4 0.0701 0.0669 0.2031 0.1555 0.0557 0.0658 0.0184 0.2401 0.1243 
        D741  4 0.0879 0.0301 0.0924 0.0365 0.1116 0.1331 0.1404 0.3469 0.0211 
        D742  4 0.0527 0.0963 0.0532 0.1108 0.0770 0.2865 0.0342 0.1351 0.1542 
        D743  4 0.0352 0.2893 0.0182 0.0459 0.0330 0.0462 0.4664 0.0418 0.0241 
        D744  4 0.0501 0.7236 0.0173 0.0278 0.0381 0.0404 0.0364 0.0472 0.0192 
        D745  4 0.0610 0.0308 0.0903 0.1001 0.5262 0.0252 0.0365 0.1068 0.0231 
        D814  4 0.0791 0.0782 0.0172 0.0730 0.1003 0.1783 0.0459 0.4046 0.0233 
        D815  4 0.1412 0.3800 0.0991 0.0534 0.0325 0.0419 0.1417 0.0744 0.0358 
        D828  4 0.4861 0.1486 0.0353 0.0731 0.0276 0.0665 0.0123 0.0733 0.0772 
        D845  4 0.0168 0.0219 0.0156 0.8057 0.0111 0.0315 0.0161 0.0299 0.0514 
        D846  4 0.0538 0.3895 0.0198 0.0440 0.1141 0.1455 0.1183 0.1060 0.0089 
        D847  4 0.0607 0.0797 0.0524 0.1765 0.2647 0.0605 0.0865 0.1153 0.1037 
        D848  4 0.0311 0.0357 0.0219 0.1560 0.5934 0.0749 0.0164 0.0503 0.0202 
        D849  4 0.1217 0.0696 0.1740 0.0331 0.3258 0.0374 0.0496 0.1695 0.0193 
        D850  4 0.0473 0.0369 0.0290 0.1674 0.2366 0.0461 0.1724 0.2117 0.0525 
        D856  4 0.2119 0.0668 0.2538 0.0558 0.0675 0.0261 0.0449 0.2279 0.0454 
        D857  4 0.0837 0.0416 0.6768 0.0187 0.0369 0.0661 0.0078 0.0396 0.0288 
        D859  4 0.0588 0.6066 0.0364 0.0586 0.0276 0.0364 0.0696 0.0784 0.0277 
        D860  4 0.0332 0.0609 0.0255 0.0937 0.0349 0.0915 0.1074 0.0661 0.4868 
        D883  4 0.1069 0.0964 0.1481 0.0642 0.1695 0.0353 0.2269 0.0821 0.0705 
        D884  4 0.1548 0.1155 0.2543 0.0326 0.0941 0.0201 0.0994 0.1211 0.1080 
        D885  4 0.0678 0.0875 0.0358 0.2443 0.0735 0.0793 0.0916 0.2945 0.0257 
        D886  4 0.0908 0.0934 0.2087 0.0524 0.2274 0.0817 0.1332 0.0872 0.0252 
        D887  4 0.0902 0.1592 0.0831 0.2311 0.0524 0.1172 0.0895 0.1169 0.0605 
        D889  4 0.0791 0.0367 0.0134 0.7400 0.0177 0.0108 0.0350 0.0526 0.0148 
        D890  4 0.3015 0.1327 0.1298 0.0542 0.0902 0.0603 0.0389 0.1143 0.0781 
        D891  4 0.0115 0.0108 0.0085 0.9079 0.0094 0.0126 0.0152 0.0149 0.0091 
        D899  4 0.0813 0.0615 0.0233 0.1454 0.0292 0.4831 0.0352 0.0681 0.0730 
        D900  4 0.1576 0.2081 0.0655 0.0805 0.0914 0.0998 0.0955 0.1387 0.0628 
        D970  4 0.0511 0.4348 0.0446 0.0964 0.0601 0.0514 0.1094 0.1015 0.0508 
        D971  4 0.0745 0.1129 0.0602 0.0266 0.0262 0.4627 0.0955 0.0732 0.0683 
        D979  4 0.0768 0.2932 0.0169 0.0363 0.0239 0.0312 0.4434 0.0482 0.0301 
        D093  5 0.0463 0.0253 0.0278 0.0529 0.0288 0.0208 0.0371 0.0324 0.7288 
        D154  5 0.2955 0.0405 0.0434 0.1588 0.0236 0.1415 0.0302 0.2195 0.0471 
        D168  5 0.1832 0.0460 0.0820 0.0763 0.1411 0.2588 0.0761 0.1203 0.0164 
        D189  5 0.1639 0.0460 0.0393 0.2509 0.0268 0.0471 0.0545 0.0797 0.2919 
        D190  5 0.0537 0.0394 0.0357 0.0311 0.0200 0.0205 0.0316 0.0273 0.7407 
     D237220  5 0.0570 0.1277 0.1527 0.2367 0.1572 0.0198 0.0237 0.1268 0.0985 
     D237221  5 0.0708 0.0726 0.0602 0.2587 0.0315 0.1049 0.0758 0.0685 0.2570 
     D237274  5 0.0768 0.1945 0.0491 0.0237 0.0281 0.0628 0.4714 0.0758 0.0178 
     D237275  5 0.1499 0.0317 0.0480 0.0971 0.0172 0.5340 0.0166 0.0772 0.0284 
     D237276  5 0.1258 0.0721 0.2184 0.0581 0.0745 0.0404 0.1279 0.1087 0.1741 
     D237277  5 0.0567 0.0696 0.0421 0.1689 0.0175 0.0506 0.0233 0.0530 0.5183 
     D237278  5 0.0489 0.0738 0.1173 0.0363 0.0673 0.3404 0.0479 0.0731 0.1951 
     D237279  5 0.1372 0.0524 0.1555 0.0522 0.1186 0.0292 0.0442 0.3933 0.0172 
     D237280  5 0.0709 0.0463 0.5102 0.0260 0.0623 0.0177 0.0991 0.1029 0.0645 
     D237281  5 0.0399 0.0254 0.0238 0.3326 0.0148 0.3943 0.0687 0.0739 0.0266 
     D237351  5 0.0807 0.0250 0.7117 0.0381 0.0273 0.0225 0.0262 0.0337 0.0348 
     D237352  5 0.1266 0.1937 0.0349 0.0339 0.3330 0.0790 0.0618 0.0861 0.0509 
     D237353  5 0.0350 0.0370 0.0869 0.0504 0.0136 0.0180 0.0161 0.0267 0.7164 
     D237359  5 0.0617 0.1056 0.0691 0.3989 0.1346 0.0223 0.0368 0.1206 0.0503 
     D237361  5 0.0295 0.0188 0.0308 0.0301 0.0141 0.0188 0.0157 0.0229 0.8192 
     D237362  5 0.3050 0.0601 0.0777 0.1101 0.0506 0.0392 0.1627 0.1079 0.0866 
     D237363  5 0.1465 0.0171 0.0552 0.0633 0.0213 0.0803 0.0311 0.5441 0.0412 
     D237364  5 0.1108 0.1645 0.0556 0.1469 0.1214 0.1389 0.0864 0.1604 0.0153 
     D237376  5 0.5406 0.2239 0.0239 0.0306 0.0178 0.0314 0.0127 0.0402 0.0789 
     D237377  5 0.0689 0.0425 0.2709 0.0373 0.0346 0.0529 0.1719 0.1956 0.1254 
     D237378  5 0.1425 0.1354 0.0296 0.0737 0.0377 0.0500 0.0199 0.0683 0.4428 
     D237379  5 0.1464 0.2985 0.0319 0.0627 0.0468 0.0374 0.0275 0.1060 0.2428 
     D237380  5 0.0908 0.1423 0.5495 0.0188 0.0340 0.0157 0.0243 0.0671 0.0574 
     D237381  5 0.0616 0.1298 0.2585 0.0616 0.1931 0.0646 0.0459 0.1150 0.0699 
     D237391  5 0.0183 0.0254 0.0177 0.0818 0.0212 0.0154 0.0248 0.0232 0.7723 
     D237392  5 0.1325 0.1010 0.0600 0.0315 0.0441 0.2411 0.2626 0.1041 0.0233 
     D237393  5 0.0357 0.0403 0.1831 0.0373 0.0384 0.0508 0.3273 0.0707 0.2165 
     D237394  5 0.0232 0.0256 0.0266 0.0179 0.0170 0.0084 0.0207 0.0197 0.8410 
     D237395  5 0.1661 0.0367 0.0902 0.2313 0.0740 0.0479 0.0337 0.0828 0.2373 
     D237396  5 0.0373 0.0460 0.0426 0.0698 0.1113 0.0793 0.2767 0.1593 0.1776 
     D244016  5 0.3094 0.1326 0.0363 0.0836 0.0227 0.0419 0.0200 0.1833 0.1702 
     D244018  5 0.0522 0.0328 0.0464 0.1046 0.0839 0.2755 0.0886 0.1156 0.2004 
     D244019  5 0.2683 0.0706 0.0550 0.1384 0.0276 0.1138 0.0807 0.2058 0.0398 
        D279  5 0.0663 0.0929 0.0532 0.5236 0.0258 0.0517 0.0248 0.1105 0.0513 
        D280  5 0.0638 0.0342 0.1016 0.2112 0.0552 0.0478 0.0673 0.2603 0.1587 
        D281  5 0.0877 0.0366 0.0203 0.5150 0.0162 0.1284 0.0239 0.0908 0.0811 
        D283  5 0.0409 0.0341 0.0478 0.1093 0.0288 0.0318 0.1219 0.1078 0.4775 
        D284  5 0.2307 0.0459 0.0618 0.1564 0.2439 0.0454 0.0503 0.1373 0.0283 
        D285  5 0.0491 0.0731 0.0465 0.2951 0.0296 0.0181 0.0566 0.0837 0.3483 
        D286  5 0.1431 0.1659 0.0750 0.1073 0.0811 0.0333 0.0811 0.1274 0.1856 
        D287  5 0.5213 0.1494 0.0521 0.0327 0.0364 0.0209 0.0154 0.0759 0.0960 
        D288  5 0.1014 0.0244 0.0719 0.2306 0.0271 0.0308 0.1992 0.2175 0.0972 
        D308  5 0.0265 0.0227 0.7550 0.0210 0.0242 0.0181 0.0622 0.0438 0.0265 
        D309  5 0.0673 0.7081 0.0231 0.0152 0.0336 0.0174 0.0519 0.0668 0.0167 
        D310  5 0.0412 0.0194 0.0213 0.0585 0.0120 0.0153 0.0168 0.1503 0.6652 
        D311  5 0.3091 0.1292 0.0394 0.0617 0.0443 0.0437 0.0988 0.1645 0.1092 
        D312  5 0.1880 0.1849 0.0466 0.0740 0.1057 0.0417 0.1219 0.0962 0.1410 
        D313  5 0.0141 0.0094 0.5393 0.0118 0.3574 0.0088 0.0140 0.0239 0.0213 
        D314  5 0.2013 0.0895 0.1353 0.1501 0.0576 0.0675 0.0327 0.2009 0.0650 
        D315  5 0.0771 0.0604 0.1409 0.0461 0.0711 0.0543 0.2132 0.1066 0.2303 
        D317  5 0.0408 0.0134 0.0173 0.0199 0.0235 0.0139 0.0511 0.0296 0.7905 
        D318  5 0.1316 0.1817 0.0522 0.0524 0.1252 0.1185 0.0900 0.1860 0.0623 
        D319  5 0.0239 0.0177 0.0505 0.0362 0.0134 0.0146 0.0245 0.0325 0.7866 
        D320  5 0.0458 0.0816 0.0790 0.0676 0.0335 0.0192 0.0307 0.0521 0.5905 
        D321  5 0.0230 0.0191 0.6589 0.1078 0.0235 0.0126 0.0657 0.0381 0.0512 
        D336  5 0.1971 0.0761 0.0210 0.0161 0.0198 0.0147 0.0195 0.0562 0.5797 
        D337  5 0.0262 0.0277 0.0137 0.0355 0.0112 0.0217 0.0213 0.0267 0.8161 
        D338  5 0.0456 0.0655 0.0485 0.2457 0.0498 0.0585 0.1645 0.1570 0.1650 
        D339  5 0.0443 0.0210 0.0527 0.1067 0.0290 0.0424 0.0430 0.0898 0.5710 
        D347  5 0.3082 0.1417 0.0374 0.0743 0.0296 0.1043 0.1161 0.1363 0.0521 
        D348  5 0.0300 0.1136 0.0186 0.0210 0.0156 0.0226 0.0255 0.0421 0.7111 
        D349  5 0.0234 0.0168 0.8628 0.0162 0.0115 0.0125 0.0143 0.0168 0.0258 
        D350  5 0.0559 0.7693 0.0171 0.0199 0.0191 0.0199 0.0233 0.0596 0.0158 
        D355  5 0.1135 0.0809 0.0304 0.3077 0.0185 0.0985 0.0840 0.2459 0.0205 
        D356  5 0.0710 0.0576 0.0526 0.0881 0.1332 0.0280 0.2417 0.1120 0.2158 
        D357  5 0.2641 0.0861 0.1341 0.1350 0.0378 0.0395 0.0474 0.1843 0.0717 
        D358  5 0.0723 0.1213 0.0692 0.0589 0.0748 0.0564 0.0556 0.1214 0.3700 
        D359  5 0.0425 0.0896 0.0477 0.0417 0.0158 0.0135 0.1906 0.0847 0.4740 
        D360  5 0.0608 0.0400 0.0373 0.0728 0.1489 0.0214 0.1107 0.0732 0.4348 
        D361  5 0.0199 0.0128 0.8465 0.0160 0.0169 0.0147 0.0240 0.0273 0.0219 
        D366  5 0.0356 0.0166 0.0225 0.0216 0.0303 0.4081 0.3954 0.0443 0.0255 
        D367  5 0.1214 0.1027 0.1219 0.0597 0.0380 0.0212 0.0296 0.1380 0.3675 
        D368  5 0.0823 0.0367 0.4308 0.0560 0.0187 0.0199 0.0708 0.1420 0.1427 
        D380  5 0.1217 0.3163 0.0524 0.0554 0.0813 0.0499 0.0732 0.2194 0.0305 
        D381  5 0.0428 0.0520 0.0399 0.1095 0.0171 0.0212 0.0408 0.1395 0.5371 
        D400  5 0.1213 0.1700 0.0356 0.1658 0.0410 0.0788 0.0709 0.1048 0.2117 
        D411  5 0.1496 0.0229 0.0349 0.0256 0.6653 0.0363 0.0167 0.0379 0.0108 
        D412  5 0.0718 0.0640 0.1213 0.0971 0.0927 0.1118 0.0628 0.3057 0.0727 
        D413  5 0.0608 0.0722 0.0228 0.0397 0.0712 0.5566 0.0707 0.0836 0.0224 
        D414  5 0.0580 0.6816 0.0194 0.0538 0.0144 0.0705 0.0192 0.0675 0.0156 
        D420  5 0.1240 0.0239 0.0430 0.4339 0.2011 0.0212 0.0185 0.1012 0.0330 
        D431  5 0.3062 0.1360 0.1457 0.1358 0.0423 0.0521 0.0184 0.1205 0.0430 
        D432  5 0.0541 0.0414 0.0749 0.0623 0.0962 0.0522 0.0567 0.1172 0.4449 
        D433  5 0.0537 0.0294 0.1822 0.0842 0.0188 0.0387 0.0558 0.0597 0.4776 
        D434  5 0.0594 0.0334 0.1348 0.0698 0.0286 0.0251 0.0713 0.1415 0.4361 
        D440  5 0.0420 0.7488 0.0267 0.0158 0.0165 0.0164 0.0300 0.0809 0.0230 
        D447  5 0.1119 0.1675 0.0405 0.0366 0.1849 0.0572 0.1766 0.1987 0.0262 
        D448  5 0.3807 0.0805 0.0251 0.0442 0.0217 0.0324 0.0596 0.0842 0.2715 
        D459  5 0.0304 0.0499 0.0247 0.2980 0.0213 0.3738 0.0833 0.0848 0.0339 
        D460  5 0.0263 0.0193 0.7773 0.0221 0.0166 0.0157 0.0477 0.0284 0.0467 
        D461  5 0.0409 0.7377 0.0210 0.0230 0.0232 0.0155 0.0927 0.0291 0.0169 
        D468  5 0.4774 0.0523 0.0695 0.0336 0.0320 0.0424 0.1144 0.1129 0.0656 
        D469  5 0.0697 0.0561 0.0944 0.0476 0.0870 0.0272 0.4704 0.0759 0.0716 
        D470  5 0.2951 0.1165 0.0605 0.0315 0.2168 0.0289 0.0634 0.1090 0.0784 
        D471  5 0.2110 0.0719 0.0351 0.1345 0.0157 0.0375 0.0636 0.0601 0.3705 
        D472  5 0.0249 0.0218 0.0228 0.0631 0.0167 0.1234 0.6692 0.0387 0.0194 
        D479  5 0.0976 0.1096 0.0267 0.0177 0.0197 0.6430 0.0302 0.0331 0.0224 
        D485  5 0.4465 0.2468 0.0388 0.0336 0.0463 0.0400 0.0231 0.0915 0.0333 
        D486  5 0.5445 0.0560 0.0404 0.0222 0.0694 0.0390 0.0777 0.1079 0.0427 
        D487  5 0.0498 0.1932 0.0623 0.2731 0.0344 0.0821 0.0312 0.1393 0.1347 
        D555  5 0.0335 0.0196 0.0226 0.0234 0.0223 0.0500 0.0188 0.0219 0.7878 
        D556  5 0.1337 0.1829 0.0844 0.3723 0.0354 0.0316 0.0403 0.0596 0.0599 
