        D174  1 0.0461 0.0451 0.0557 0.1262 0.0958 0.0184 0.1008 0.0824 0.4294 
        D199  1 0.0791 0.2056 0.2182 0.0538 0.0902 0.0454 0.1359 0.0257 0.1461 
        D203  1 0.1077 0.2227 0.2283 0.0292 0.0837 0.0448 0.0788 0.1447 0.0602 
        D204  1 0.0156 0.0299 0.7667 0.0207 0.0157 0.0760 0.0235 0.0332 0.0186 
     D237366  1 0.0925 0.0495 0.0412 0.0218 0.5331 0.1228 0.0738 0.0221 0.0433 
     D237367  1 0.0406 0.0814 0.3069 0.0806 0.2926 0.0384 0.0796 0.0499 0.0299 
     D237368  1 0.0256 0.0715 0.1286 0.0256 0.3884 0.0480 0.1005 0.0803 0.1316 
     D244101  1 0.0718 0.1125 0.1652 0.0352 0.0237 0.4488 0.0826 0.0407 0.0196 
     D244102  1 0.0975 0.0682 0.0849 0.1666 0.0985 0.1616 0.0919 0.1733 0.0575 
     D244103  1 0.0970 0.0517 0.1265 0.1822 0.2049 0.0516 0.2098 0.0384 0.0378 
     D244104  1 0.0308 0.0326 0.6743 0.0461 0.0307 0.0219 0.0448 0.0376 0.0812 
     D244105  1 0.1518 0.0165 0.0519 0.0210 0.3118 0.0347 0.2346 0.1648 0.0129 
     D244106  1 0.1352 0.0593 0.0599 0.0411 0.0194 0.0234 0.0715 0.0341 0.5561 
     D244107  1 0.0240 0.1169 0.0704 0.0335 0.3739 0.0531 0.1430 0.1672 0.0180 
     D244108  1 0.0282 0.0287 0.0564 0.0478 0.0328 0.0299 0.0734 0.3994 0.3033 
     D244113  1 0.0198 0.0316 0.0126 0.3807 0.0255 0.0955 0.0427 0.0321 0.3593 
     D244114  1 0.3291 0.0445 0.0485 0.0429 0.0526 0.0384 0.3215 0.0491 0.0734 
     D244115  1 0.0390 0.0188 0.1624 0.0626 0.0536 0.0246 0.1939 0.2364 0.2087 
     D267365  1 0.0778 0.0358 0.3363 0.0477 0.1029 0.0388 0.1002 0.0361 0.2245 
        D404  1 0.0338 0.0528 0.0233 0.2778 0.0231 0.1623 0.0444 0.0687 0.3136 
        D405  1 0.0551 0.0887 0.1038 0.2801 0.0350 0.1072 0.1176 0.1316 0.0811 
        D406  1 0.0207 0.0170 0.0651 0.0162 0.6860 0.0479 0.0315 0.0819 0.0338 
        D407  1 0.0154 0.1256 0.5268 0.0763 0.1281 0.0152 0.0699 0.0148 0.0280 
        D408  1 0.0462 0.0212 0.0430 0.4309 0.0201 0.0293 0.0564 0.0376 0.3153 
        D409  1 0.0660 0.0540 0.0791 0.1019 0.1518 0.0289 0.4109 0.0683 0.0391 
        D410  1 0.0156 0.0086 0.0364 0.0199 0.0163 0.0258 0.0162 0.8420 0.0193 
        D421  1 0.0098 0.0349 0.8830 0.0114 0.0118 0.0086 0.0165 0.0076 0.0163 
        D422  1 0.0454 0.0238 0.0650 0.0144 0.7786 0.0156 0.0297 0.0151 0.0123 
        D423  1 0.0180 0.0751 0.0632 0.0163 0.0599 0.0168 0.0337 0.7049 0.0122 
        D424  1 0.0196 0.0194 0.6067 0.0276 0.0854 0.0178 0.1593 0.0243 0.0399 
        D425  1 0.0310 0.0256 0.4425 0.0498 0.0329 0.0363 0.1239 0.1334 0.1245 
        D426  1 0.0979 0.0525 0.0433 0.1512 0.1258 0.0155 0.4733 0.0149 0.0256 
        D427  1 0.0173 0.4277 0.2497 0.0195 0.0202 0.0098 0.0271 0.0184 0.2103 
        D428  1 0.0271 0.0538 0.3143 0.0730 0.0728 0.0782 0.1387 0.1033 0.1389 
        D429  1 0.1496 0.0294 0.3640 0.0394 0.0376 0.0316 0.1089 0.0447 0.1948 
        D430  1 0.2865 0.0554 0.0878 0.1054 0.0664 0.0294 0.2161 0.0510 0.1020 
        D491  1 0.0275 0.0181 0.0637 0.0658 0.0312 0.0301 0.0435 0.0651 0.6551 
        D492  1 0.0264 0.0813 0.2331 0.0559 0.0847 0.0502 0.2856 0.0647 0.1181 
        D537  1 0.0126 0.0339 0.5966 0.0684 0.0825 0.0554 0.0750 0.0538 0.0217 
        D538  1 0.0570 0.0869 0.0487 0.0476 0.1330 0.0757 0.1996 0.2449 0.1067 
        D539  1 0.3682 0.0455 0.0421 0.0871 0.0600 0.0840 0.1065 0.0600 0.1466 
        D540  1 0.0684 0.0247 0.2265 0.2706 0.0626 0.0302 0.2069 0.0658 0.0443 
        D541  1 0.0142 0.0153 0.8884 0.0114 0.0157 0.0126 0.0146 0.0170 0.0107 
        D551  1 0.3253 0.1132 0.0570 0.0488 0.0618 0.0208 0.3297 0.0178 0.0256 
        D552  1 0.0631 0.0265 0.1505 0.0446 0.1002 0.0552 0.1213 0.2348 0.2038 
        D553  1 0.0148 0.0121 0.8682 0.0143 0.0234 0.0142 0.0207 0.0160 0.0163 
        D615  1 0.0844 0.0650 0.4285 0.0565 0.0474 0.0232 0.0906 0.1503 0.0542 
        D616  1 0.1003 0.1205 0.3174 0.0603 0.0727 0.0243 0.1053 0.1329 0.0664 
        D621  1 0.0240 0.0215 0.0149 0.0630 0.2259 0.3438 0.0774 0.1655 0.0639 
        D622  1 0.0481 0.0191 0.0404 0.0444 0.4942 0.0423 0.0984 0.1675 0.0455 
        D623  1 0.0264 0.1234 0.0197 0.0959 0.0178 0.2778 0.0663 0.0753 0.2974 
        D624  1 0.0310 0.0151 0.0521 0.0341 0.0193 0.0106 0.0553 0.0215 0.7610 
        D625  1 0.0302 0.0163 0.5945 0.0810 0.0671 0.0391 0.0657 0.0486 0.0575 
        D626  1 0.0685 0.0360 0.0793 0.1158 0.1659 0.0304 0.0692 0.1418 0.2931 
        D627  1 0.1249 0.0305 0.0596 0.0803 0.1315 0.0156 0.5093 0.0161 0.0323 
        D690  1 0.0149 0.0083 0.7925 0.0212 0.0403 0.0197 0.0218 0.0479 0.0334 
        D691  1 0.0573 0.0221 0.0701 0.0229 0.6639 0.0254 0.0384 0.0636 0.0364 
        D710  1 0.0326 0.0487 0.2129 0.0630 0.1129 0.1498 0.0908 0.1198 0.1696 
        D711  1 0.0335 0.0225 0.7379 0.0174 0.0378 0.0555 0.0391 0.0310 0.0253 
        D712  1 0.0398 0.0490 0.0271 0.0761 0.0774 0.0463 0.0554 0.0492 0.5798 
        D713  1 0.0260 0.0208 0.1328 0.2149 0.0627 0.1702 0.1342 0.0845 0.1539 
        D746  1 0.0210 0.0275 0.0707 0.0252 0.7426 0.0196 0.0252 0.0433 0.0250 
        D747  1 0.0134 0.0182 0.8889 0.0101 0.0144 0.0175 0.0121 0.0126 0.0130 
        D748  1 0.1153 0.0164 0.3007 0.0513 0.3096 0.0439 0.0686 0.0688 0.0253 
        D749  1 0.0676 0.0475 0.0248 0.0369 0.2454 0.0772 0.2756 0.1313 0.0936 
        D750  1 0.0240 0.0211 0.1488 0.0344 0.0457 0.0291 0.0533 0.0812 0.5625 
        D763  1 0.2019 0.0911 0.0962 0.1303 0.0961 0.1836 0.1463 0.0362 0.0182 
        D764  1 0.0174 0.0123 0.5831 0.0320 0.0573 0.0147 0.0519 0.0743 0.1570 
        D765  1 0.0443 0.0127 0.0292 0.0184 0.0416 0.0125 0.0403 0.7310 0.0698 
        D766  1 0.0303 0.0254 0.1109 0.0899 0.0975 0.1342 0.0755 0.4070 0.0294 
        D767  1 0.0386 0.0731 0.0873 0.0514 0.1280 0.3501 0.0842 0.1604 0.0269 
        D768  1 0.0169 0.0151 0.8525 0.0163 0.0280 0.0135 0.0260 0.0201 0.0115 
        D811  1 0.0292 0.0150 0.0223 0.6575 0.0143 0.0238 0.0619 0.1086 0.0672 
        D816  1 0.0139 0.0151 0.8287 0.0126 0.0155 0.0193 0.0465 0.0148 0.0337 
        D825  1 0.0322 0.0172 0.1085 0.1049 0.0364 0.0242 0.1377 0.4167 0.1224 
        D866  1 0.2584 0.1159 0.0553 0.0780 0.0287 0.0161 0.0887 0.0945 0.2644 
        D867  1 0.0207 0.0376 0.0198 0.0393 0.7130 0.0640 0.0549 0.0277 0.0231 
        D871  1 0.0936 0.0226 0.0646 0.1503 0.0968 0.0457 0.4551 0.0253 0.0460 
        D872  1 0.0305 0.0485 0.2475 0.0446 0.1138 0.0702 0.0639 0.3463 0.0346 
        D873  1 0.0117 0.0197 0.0078 0.0217 0.0239 0.0339 0.0184 0.8514 0.0115 
        D874  1 0.0323 0.0209 0.0583 0.0598 0.0158 0.6594 0.0437 0.0194 0.0904 
        D875  1 0.0599 0.0149 0.0324 0.1134 0.1958 0.0173 0.4585 0.0916 0.0162 
        D876  1 0.0456 0.0198 0.4503 0.0366 0.0906 0.0938 0.1047 0.0870 0.0717 
        D877  1 0.0315 0.0308 0.0360 0.3122 0.0144 0.1530 0.1261 0.0420 0.2540 
        D892  1 0.0674 0.0194 0.3163 0.0251 0.2180 0.0381 0.0774 0.0799 0.1584 
        D893  1 0.0527 0.0333 0.6076 0.0382 0.0677 0.0541 0.0784 0.0491 0.0188 
        D894  1 0.0809 0.0263 0.6139 0.0228 0.0468 0.0231 0.0973 0.0324 0.0566 
        D915  1 0.0532 0.0244 0.4935 0.0271 0.0522 0.0187 0.0742 0.2063 0.0504 
        D916  1 0.0151 0.0105 0.8944 0.0110 0.0118 0.0144 0.0151 0.0158 0.0119 
        D917  1 0.0375 0.0837 0.1104 0.0519 0.0561 0.1497 0.1443 0.0266 0.3397 
        D925  1 0.0203 0.0234 0.1850 0.0396 0.0578 0.0161 0.0351 0.5419 0.0807 
        D926  1 0.0675 0.0228 0.4599 0.0247 0.0551 0.0756 0.1878 0.0529 0.0537 
        D927  1 0.0964 0.2839 0.2320 0.0309 0.0962 0.0526 0.1277 0.0295 0.0508 
        D928  1 0.0129 0.0131 0.0667 0.0267 0.0096 0.0200 0.0263 0.0442 0.7806 
        D929  1 0.0434 0.0183 0.0263 0.0917 0.0812 0.6170 0.0432 0.0374 0.0416 
        D936  1 0.0700 0.0396 0.4963 0.0263 0.0213 0.1868 0.0817 0.0441 0.0340 
        D938  1 0.0249 0.0151 0.0331 0.0385 0.6808 0.0543 0.0333 0.0964 0.0236 
        D956  1 0.0608 0.0360 0.0239 0.0865 0.0216 0.0246 0.0701 0.0539 0.6227 
        D957  1 0.0311 0.0269 0.1119 0.0293 0.0410 0.0697 0.0551 0.6038 0.0312 
        D958  1 0.0305 0.0226 0.1976 0.0562 0.0837 0.0964 0.0916 0.3199 0.1015 
        D959  1 0.0172 0.0914 0.6081 0.0379 0.1033 0.0136 0.0955 0.0141 0.0191 
        D960  1 0.0297 0.0164 0.0214 0.0243 0.5568 0.0451 0.0743 0.1673 0.0647 
        D989  1 0.0593 0.0811 0.0375 0.0390 0.0356 0.0278 0.0662 0.0244 0.6290 
        D990  1 0.0666 0.0301 0.0136 0.0145 0.0698 0.0264 0.0638 0.6613 0.0539 
        D023  2 0.0103 0.0163 0.0328 0.0162 0.8517 0.0149 0.0308 0.0128 0.0142 
        D130  2 0.0219 0.0407 0.0968 0.0443 0.6748 0.0253 0.0521 0.0301 0.0138 
        D131  2 0.0715 0.0455 0.2430 0.1575 0.0328 0.0446 0.2863 0.0821 0.0365 
        D163  2 0.0238 0.0122 0.1151 0.0151 0.6557 0.0387 0.0494 0.0545 0.0355 
        D164  2 0.0139 0.5252 0.0118 0.0170 0.0212 0.0210 0.0192 0.3628 0.0080 
        D165  2 0.0163 0.0252 0.0384 0.0182 0.8180 0.0200 0.0277 0.0166 0.0196 
        D166  2 0.1355 0.0469 0.0534 0.2097 0.1232 0.1234 0.1819 0.1053 0.0207 
        D167  2 0.0144 0.8521 0.0130 0.0259 0.0131 0.0121 0.0170 0.0153 0.0370 
        D192  2 0.0229 0.8592 0.0101 0.0218 0.0114 0.0202 0.0194 0.0171 0.0179 
        D193  2 0.1218 0.0292 0.0248 0.1273 0.0380 0.1285 0.1681 0.1543 0.2080 
        D206  2 0.0494 0.2902 0.1339 0.2398 0.0779 0.0348 0.1117 0.0383 0.0240 
        D207  2 0.0669 0.6598 0.0313 0.0562 0.0235 0.0246 0.0920 0.0260 0.0197 
        D208  2 0.1512 0.1019 0.0490 0.2319 0.0475 0.0493 0.0997 0.0523 0.2172 
        D209  2 0.0372 0.3181 0.0280 0.0654 0.0471 0.1742 0.2368 0.0658 0.0274 
        D210  2 0.1402 0.1099 0.0626 0.0324 0.0310 0.0340 0.0587 0.0273 0.5039 
     D229599  2 0.1229 0.0427 0.2132 0.0443 0.0991 0.1533 0.1844 0.0760 0.0641 
     D229600  2 0.0390 0.3349 0.0395 0.0299 0.3903 0.0247 0.0841 0.0410 0.0166 
     D237227  2 0.0692 0.0312 0.0449 0.0423 0.0567 0.0197 0.0854 0.1745 0.4761 
     D237228  2 0.0372 0.0478 0.0148 0.0307 0.0201 0.0117 0.0840 0.5969 0.1568 
     D237258  2 0.0842 0.2230 0.0699 0.1396 0.1152 0.0526 0.1462 0.1033 0.0662 
     D237310  2 0.0685 0.0470 0.0110 0.0953 0.0296 0.0316 0.0701 0.6193 0.0277 
     D237311  2 0.0213 0.1353 0.0132 0.0371 0.0310 0.0137 0.0431 0.6843 0.0211 
     D237312  2 0.0909 0.0228 0.0241 0.1168 0.0687 0.0836 0.0694 0.4795 0.0442 
     D237313  2 0.1211 0.0278 0.1726 0.1268 0.0546 0.0795 0.1525 0.1780 0.0872 
     D237322  2 0.2899 0.0634 0.0233 0.0624 0.0464 0.1136 0.2067 0.1218 0.0725 
     D237323  2 0.0581 0.0317 0.0138 0.0381 0.0704 0.0246 0.0437 0.6107 0.1089 
     D237324  2 0.0897 0.1912 0.0462 0.0317 0.1974 0.0487 0.3219 0.0585 0.0147 
     D237325  2 0.0569 0.0552 0.0328 0.0387 0.1295 0.0612 0.0886 0.4790 0.0581 
     D237326  2 0.0172 0.0261 0.0441 0.0183 0.0326 0.0327 0.0446 0.7424 0.0419 
     D237327  2 0.2092 0.1500 0.0681 0.0267 0.1191 0.1366 0.1985 0.0303 0.0615 
     D237337  2 0.0191 0.0127 0.0232 0.0204 0.0213 0.0196 0.0292 0.8334 0.0209 
     D237338  2 0.0913 0.0594 0.0513 0.0532 0.1705 0.1031 0.1261 0.2290 0.1161 
     D237339  2 0.0278 0.1654 0.0264 0.0243 0.0184 0.6456 0.0524 0.0231 0.0166 
     D237340  2 0.0554 0.1555 0.0125 0.0536 0.0577 0.0474 0.0850 0.4236 0.1094 
     D237389  2 0.0348 0.0861 0.0199 0.0784 0.0339 0.0293 0.0583 0.6408 0.0185 
     D237390  2 0.0698 0.0215 0.0324 0.0932 0.0933 0.0513 0.0619 0.5045 0.0722 
     D244017  2 0.0406 0.3906 0.0195 0.0512 0.0570 0.0163 0.1286 0.0538 0.2424 
     D244112  2 0.0253 0.8527 0.0122 0.0122 0.0269 0.0139 0.0281 0.0157 0.0131 
     D244118  2 0.0221 0.5782 0.0108 0.0134 0.2013 0.0469 0.0494 0.0584 0.0195 
     D244119  2 0.0155 0.2493 0.0176 0.0162 0.0177 0.0116 0.0216 0.0348 0.6157 
     D244120  2 0.1939 0.4161 0.0114 0.0868 0.0278 0.0839 0.0714 0.0421 0.0666 
     D244122  2 0.0411 0.6560 0.0254 0.0756 0.0511 0.0307 0.0555 0.0261 0.0385 
        D291  2 0.2265 0.1153 0.0659 0.1574 0.1032 0.0213 0.2365 0.0444 0.0295 
        D292  2 0.1842 0.2595 0.2125 0.0243 0.0246 0.0374 0.0699 0.1040 0.0835 
        D293  2 0.0181 0.7360 0.0653 0.0143 0.0123 0.0561 0.0695 0.0127 0.0157 
        D322  2 0.0267 0.5391 0.0812 0.0240 0.0323 0.1550 0.0760 0.0490 0.0168 
        D323  2 0.0423 0.1064 0.0479 0.5354 0.0338 0.0724 0.0847 0.0464 0.0308 
        D324  2 0.1574 0.0572 0.1395 0.1314 0.1204 0.0210 0.2041 0.1108 0.0583 
        D325  2 0.0268 0.8301 0.0355 0.0128 0.0149 0.0188 0.0327 0.0174 0.0110 
        D326  2 0.0172 0.0171 0.8638 0.0157 0.0110 0.0117 0.0268 0.0120 0.0246 
        D340  2 0.0253 0.8538 0.0202 0.0171 0.0153 0.0238 0.0152 0.0134 0.0159 
        D341  2 0.1355 0.5914 0.0310 0.0366 0.0328 0.0343 0.0493 0.0450 0.0440 
        D342  2 0.1079 0.4893 0.0210 0.0577 0.0946 0.0219 0.1221 0.0678 0.0176 
        D343  2 0.0144 0.9169 0.0123 0.0079 0.0104 0.0107 0.0097 0.0085 0.0092 
        D344  2 0.0533 0.0325 0.1124 0.0442 0.0165 0.5653 0.1023 0.0553 0.0182 
        D345  2 0.0462 0.0413 0.1400 0.0329 0.0554 0.1970 0.1539 0.3019 0.0314 
        D346  2 0.0366 0.0575 0.0543 0.3513 0.0235 0.0304 0.0453 0.0344 0.3666 
        D351  2 0.0913 0.0646 0.2597 0.0693 0.0807 0.0802 0.2250 0.1002 0.0289 
        D352  2 0.0206 0.0302 0.0194 0.0409 0.0224 0.6958 0.0834 0.0438 0.0435 
        D353  2 0.0396 0.0215 0.1975 0.0219 0.0156 0.0965 0.5789 0.0145 0.0141 
        D354  2 0.0225 0.0110 0.0434 0.0245 0.0217 0.7378 0.0303 0.0680 0.0408 
        D362  2 0.0174 0.0331 0.7629 0.0246 0.0529 0.0187 0.0293 0.0371 0.0238 
        D363  2 0.0148 0.0196 0.7639 0.0309 0.0375 0.0235 0.0406 0.0276 0.0417 
        D364  2 0.0340 0.0208 0.2840 0.0286 0.0224 0.4190 0.0662 0.0819 0.0431 
        D365  2 0.0127 0.8743 0.0188 0.0179 0.0098 0.0204 0.0143 0.0164 0.0154 
        D369  2 0.0511 0.1964 0.1936 0.1276 0.0474 0.0182 0.0797 0.1317 0.1543 
        D374  2 0.0278 0.0187 0.0144 0.2003 0.0120 0.0408 0.0614 0.0797 0.5450 
        D375  2 0.0168 0.0111 0.0121 0.0371 0.0149 0.8260 0.0303 0.0363 0.0155 
        D376  2 0.0363 0.0263 0.0129 0.0918 0.0213 0.0669 0.0535 0.0873 0.6038 
        D377  2 0.0623 0.0445 0.0280 0.4775 0.0362 0.0443 0.0618 0.1978 0.0476 
        D378  2 0.0498 0.2831 0.0999 0.0567 0.0916 0.2173 0.1437 0.0321 0.0259 
        D379  2 0.0280 0.0200 0.7293 0.0476 0.0238 0.0390 0.0594 0.0299 0.0229 
        D384  2 0.0177 0.0163 0.8519 0.0174 0.0109 0.0113 0.0189 0.0200 0.0356 
        D385  2 0.0213 0.6902 0.0170 0.0479 0.0116 0.1256 0.0264 0.0209 0.0392 
        D386  2 0.0361 0.0666 0.0799 0.0483 0.0714 0.5324 0.1108 0.0387 0.0157 
        D391  2 0.0210 0.7796 0.0224 0.0286 0.0164 0.0731 0.0251 0.0210 0.0127 
        D392  2 0.0248 0.6296 0.0573 0.0341 0.0357 0.0262 0.0455 0.1011 0.0458 
        D393  2 0.1299 0.1186 0.2592 0.0801 0.0610 0.1891 0.0691 0.0695 0.0235 
        D394  2 0.0622 0.0688 0.0812 0.0217 0.1972 0.2060 0.1172 0.2000 0.0457 
        D395  2 0.0339 0.2635 0.0168 0.0368 0.0280 0.5026 0.0831 0.0178 0.0177 
        D401  2 0.0141 0.0205 0.0163 0.0594 0.0145 0.0089 0.0205 0.8247 0.0212 
        D402  2 0.0416 0.7817 0.0160 0.0404 0.0132 0.0504 0.0196 0.0222 0.0149 
        D403  2 0.1183 0.0350 0.1675 0.0396 0.0947 0.2200 0.2718 0.0323 0.0208 
        D415  2 0.0310 0.0296 0.5249 0.0244 0.0381 0.0312 0.1770 0.1289 0.0148 
        D435  2 0.0449 0.1774 0.6070 0.0159 0.0220 0.0471 0.0413 0.0308 0.0136 
        D436  2 0.0402 0.0324 0.1455 0.0387 0.0393 0.5287 0.0807 0.0460 0.0485 
        D438  2 0.0138 0.8803 0.0089 0.0228 0.0152 0.0121 0.0166 0.0095 0.0209 
        D439  2 0.0245 0.0545 0.0398 0.0281 0.0565 0.6282 0.1055 0.0493 0.0135 
        D449  2 0.0620 0.5003 0.1358 0.0266 0.0300 0.0205 0.1728 0.0179 0.0341 
        D450  2 0.1367 0.0202 0.1421 0.1512 0.0595 0.1579 0.1626 0.0383 0.1315 
        D456  2 0.0197 0.0143 0.8528 0.0133 0.0257 0.0152 0.0262 0.0129 0.0200 
        D462  2 0.0151 0.7972 0.0263 0.0176 0.0199 0.0850 0.0152 0.0121 0.0116 
        D463  2 0.0121 0.0140 0.8462 0.0183 0.0132 0.0250 0.0193 0.0171 0.0347 
        D464  2 0.0595 0.0735 0.0456 0.1066 0.0168 0.3503 0.2992 0.0196 0.0289 
        D465  2 0.0257 0.5274 0.1508 0.0658 0.0288 0.0203 0.0667 0.0925 0.0219 
        D473  2 0.0366 0.0340 0.0240 0.1080 0.0632 0.0969 0.0672 0.1287 0.4415 
        D474  2 0.0909 0.0760 0.5755 0.0258 0.0466 0.0248 0.0647 0.0431 0.0526 
        D476  2 0.0190 0.0412 0.0190 0.0160 0.3368 0.5139 0.0278 0.0153 0.0109 
        D477  2 0.0597 0.0270 0.2819 0.1055 0.0223 0.2199 0.0996 0.1412 0.0429 
        D478  2 0.0254 0.0762 0.0422 0.0684 0.3422 0.0855 0.1947 0.0304 0.1350 
        D480  2 0.1533 0.0761 0.1918 0.1087 0.0216 0.2618 0.0742 0.0284 0.0841 
        D481  2 0.0476 0.0697 0.2112 0.0403 0.1182 0.2069 0.1061 0.0932 0.1068 
        D482  2 0.1907 0.0261 0.0192 0.0715 0.0512 0.3383 0.1115 0.0825 0.1090 
        D483  2 0.0186 0.8140 0.0142 0.0152 0.0184 0.0178 0.0215 0.0214 0.0589 
        D484  2 0.0158 0.0237 0.0100 0.0351 0.0120 0.8573 0.0146 0.0135 0.0179 
        D510  2 0.0940 0.0364 0.0203 0.0790 0.0216 0.0346 0.0381 0.0338 0.6421 
        D511  2 0.0264 0.0715 0.0583 0.0404 0.0300 0.6871 0.0345 0.0330 0.0188 
        D512  2 0.0635 0.1642 0.0201 0.1051 0.0342 0.0240 0.0856 0.4908 0.0124 
        D513  2 0.0501 0.5919 0.0790 0.0830 0.0318 0.0176 0.0603 0.0332 0.0531 
        D635  2 0.0250 0.0345 0.2755 0.0414 0.4520 0.0198 0.0925 0.0312 0.0280 
        D636  2 0.0112 0.0142 0.0268 0.0433 0.8224 0.0145 0.0223 0.0319 0.0134 
        D637  2 0.1045 0.1419 0.0293 0.1295 0.0339 0.2617 0.1312 0.1059 0.0620 
        D658  2 0.0470 0.4063 0.0186 0.0313 0.0282 0.2394 0.0491 0.0814 0.0988 
        D659  2 0.0464 0.0236 0.7315 0.0187 0.0463 0.0413 0.0521 0.0122 0.0278 
        D677  2 0.1525 0.0772 0.2833 0.0739 0.1633 0.0540 0.0911 0.0827 0.0220 
        D678  2 0.0375 0.5530 0.0242 0.1126 0.0318 0.0253 0.1577 0.0403 0.0176 
        D679  2 0.0878 0.0500 0.3603 0.2135 0.0369 0.0455 0.1197 0.0338 0.0525 
        D719  2 0.0425 0.1588 0.1723 0.0284 0.0138 0.0351 0.0558 0.0547 0.4386 
        D720  2 0.0221 0.0293 0.7367 0.0471 0.0213 0.0168 0.0358 0.0286 0.0623 
        D721  2 0.0319 0.0433 0.0385 0.0248 0.7506 0.0243 0.0414 0.0135 0.0318 
        D722  2 0.0327 0.0572 0.0274 0.2389 0.0212 0.0493 0.0901 0.1885 0.2948 
        D734  2 0.0443 0.0735 0.0220 0.0337 0.0141 0.5132 0.0431 0.0152 0.2408 
        D735  2 0.0639 0.0588 0.1973 0.2453 0.0420 0.0707 0.1262 0.1294 0.0664 
        D736  2 0.1766 0.1032 0.0701 0.0416 0.0517 0.0389 0.0863 0.0493 0.3823 
        D737  2 0.0856 0.4628 0.0181 0.0201 0.0504 0.1986 0.0499 0.0664 0.0480 
        D807  2 0.0780 0.0636 0.1683 0.1032 0.0495 0.1019 0.0781 0.1115 0.2459 
        D808  2 0.0870 0.1313 0.0690 0.0362 0.0763 0.0565 0.2001 0.3120 0.0316 
        D817  2 0.0309 0.0209 0.2130 0.4758 0.0323 0.0812 0.0680 0.0421 0.0358 
        D818  2 0.1846 0.2618 0.0585 0.0509 0.1558 0.0345 0.2099 0.0196 0.0246 
        D819  2 0.0212 0.0307 0.0932 0.5244 0.0453 0.0236 0.0688 0.1668 0.0260 
        D820  2 0.0247 0.0483 0.7092 0.0146 0.0216 0.0902 0.0445 0.0167 0.0302 
        D895  2 0.0351 0.0405 0.4429 0.0582 0.1209 0.0559 0.1612 0.0553 0.0299 
        D896  2 0.0145 0.0129 0.0129 0.0210 0.0129 0.0122 0.0157 0.8776 0.0203 
        D897  2 0.1482 0.4897 0.0254 0.0625 0.0319 0.0353 0.1272 0.0556 0.0241 
        D898  2 0.1371 0.0388 0.0450 0.1474 0.0394 0.0634 0.1735 0.3075 0.0479 
        D918  2 0.1569 0.0920 0.0332 0.0995 0.1763 0.0917 0.1526 0.1447 0.0531 
        D919  2 0.0462 0.0923 0.0868 0.0223 0.0439 0.5290 0.1325 0.0220 0.0251 
        D920  2 0.0494 0.0385 0.0292 0.0292 0.6561 0.0507 0.0372 0.0506 0.0592 
        D923  2 0.0201 0.0248 0.6523 0.0382 0.0247 0.1289 0.0648 0.0198 0.0264 
        D930  2 0.0963 0.0369 0.1784 0.1969 0.0229 0.1123 0.1617 0.1017 0.0929 
        D931  2 0.0548 0.1344 0.3031 0.0668 0.0388 0.2359 0.0704 0.0482 0.0476 
        D968  2 0.0232 0.8591 0.0169 0.0145 0.0128 0.0238 0.0213 0.0148 0.0135 
        D969  2 0.1541 0.2125 0.2284 0.0393 0.0361 0.0484 0.1438 0.0671 0.0704 
        D977  2 0.0456 0.7687 0.0236 0.0303 0.0337 0.0290 0.0359 0.0172 0.0160 
        D978  2 0.3934 0.1106 0.0261 0.2472 0.0318 0.0206 0.1123 0.0246 0.0334 
        D211  3 0.1073 0.0177 0.0530 0.0597 0.6578 0.0234 0.0415 0.0189 0.0208 
     D229639  3 0.3995 0.1539 0.0648 0.0380 0.0241 0.0250 0.0717 0.0420 0.1809 
     D237212  3 0.1607 0.0911 0.0859 0.1660 0.0734 0.2162 0.0931 0.0818 0.0319 
     D237213  3 0.0887 0.0332 0.0509 0.3537 0.0710 0.0653 0.0951 0.2258 0.0165 
     D237214  3 0.0147 0.0131 0.0211 0.0144 0.8547 0.0145 0.0366 0.0143 0.0167 
     D237215  3 0.0890 0.5377 0.0135 0.1202 0.0147 0.0222 0.0507 0.0536 0.0984 
     D237216  3 0.0914 0.0283 0.0371 0.0639 0.0798 0.0349 0.6081 0.0380 0.0186 
     D237217  3 0.1237 0.0266 0.1012 0.0174 0.3004 0.0258 0.2969 0.0902 0.0177 
     D237218  3 0.5339 0.0508 0.0475 0.0350 0.0374 0.1422 0.0811 0.0230 0.0491 
     D237219  3 0.1456 0.0216 0.0477 0.1123 0.1148 0.0207 0.1043 0.3535 0.0795 
     D237382  3 0.1047 0.0537 0.1266 0.1034 0.0532 0.0535 0.1325 0.2688 0.1035 
     D244127  3 0.0640 0.0666 0.0247 0.0544 0.0472 0.0292 0.0751 0.6189 0.0200 
     D244129  3 0.0845 0.0836 0.1018 0.1033 0.1364 0.0839 0.1285 0.2348 0.0432 
     D244133  3 0.0272 0.0881 0.0612 0.5978 0.0384 0.0110 0.0758 0.0325 0.0681 
     D244134  3 0.2821 0.0324 0.0302 0.0697 0.0369 0.0202 0.0527 0.0901 0.3857 
     D244135  3 0.0315 0.0606 0.0280 0.0482 0.7284 0.0187 0.0498 0.0182 0.0166 
     D244136  3 0.0448 0.0977 0.1445 0.3141 0.0618 0.0219 0.1045 0.0394 0.1713 
        D416  3 0.1561 0.1104 0.1443 0.1514 0.0921 0.0465 0.1870 0.0811 0.0312 
        D417  3 0.1078 0.0159 0.6538 0.0227 0.0424 0.0325 0.0575 0.0402 0.0271 
        D419  3 0.1955 0.0635 0.1223 0.0751 0.0939 0.0367 0.1450 0.1886 0.0794 
        D565  3 0.0266 0.0138 0.0515 0.0610 0.0202 0.0151 0.0236 0.0161 0.7721 
        D566  3 0.1221 0.0900 0.0745 0.2117 0.0277 0.0198 0.0904 0.0547 0.3092 
        D567  3 0.0302 0.0300 0.5467 0.0395 0.0722 0.0695 0.0709 0.1184 0.0226 
        D568  3 0.1264 0.0766 0.1821 0.0255 0.1280 0.2042 0.1364 0.1071 0.0139 
        D569  3 0.0414 0.0710 0.0163 0.0606 0.0711 0.5605 0.1096 0.0255 0.0439 
        D573  3 0.1781 0.4263 0.1489 0.0319 0.0252 0.0297 0.0920 0.0311 0.0369 
        D574  3 0.0597 0.0571 0.0356 0.1342 0.0577 0.0281 0.1358 0.0751 0.4167 
        D575  3 0.0319 0.0476 0.0672 0.5267 0.0898 0.0191 0.0507 0.0958 0.0711 
        D576  3 0.0298 0.5567 0.0063 0.2896 0.0242 0.0217 0.0321 0.0135 0.0261 
        D577  3 0.0623 0.0251 0.4378 0.1615 0.1323 0.0429 0.0797 0.0267 0.0317 
        D578  3 0.0132 0.0234 0.0119 0.0137 0.8597 0.0117 0.0347 0.0183 0.0133 
        D579  3 0.1782 0.0647 0.1815 0.0930 0.0568 0.1041 0.0894 0.0502 0.1820 
        D660  3 0.0667 0.4562 0.0194 0.1506 0.0584 0.0401 0.1113 0.0832 0.0141 
        D661  3 0.5091 0.1198 0.0238 0.0249 0.0655 0.0752 0.1396 0.0242 0.0179 
        D663  3 0.3542 0.2131 0.0376 0.0513 0.0315 0.0298 0.2240 0.0219 0.0366 
        D664  3 0.0762 0.1043 0.0192 0.3695 0.1330 0.0213 0.0924 0.1262 0.0578 
        D665  3 0.0644 0.0295 0.0149 0.4154 0.1613 0.0851 0.1542 0.0631 0.0122 
        D666  3 0.0468 0.0267 0.0702 0.3305 0.0517 0.0186 0.0667 0.2948 0.0941 
        D009  4 0.1488 0.0152 0.1180 0.0382 0.2117 0.1912 0.1712 0.0722 0.0334 
        D057  4 0.0517 0.1206 0.0304 0.0118 0.2236 0.4694 0.0554 0.0143 0.0230 
        D109  4 0.0349 0.0225 0.0349 0.1634 0.0702 0.0277 0.1548 0.4450 0.0466 
     D237222  4 0.0294 0.0314 0.0257 0.0297 0.5998 0.0553 0.0577 0.0370 0.1340 
     D237223  4 0.1527 0.1006 0.0401 0.0429 0.1510 0.0967 0.1901 0.1340 0.0918 
     D237224  4 0.1534 0.1650 0.1194 0.0605 0.0489 0.2528 0.1163 0.0506 0.0332 
     D237225  4 0.1677 0.0393 0.1490 0.0451 0.1432 0.0936 0.2647 0.0542 0.0434 
     D237299  4 0.4436 0.0208 0.0156 0.0671 0.0705 0.0230 0.2376 0.0852 0.0366 
     D237300  4 0.5494 0.1366 0.0159 0.0741 0.0217 0.0263 0.0854 0.0253 0.0653 
     D237306  4 0.0682 0.0238 0.0746 0.0678 0.0304 0.0446 0.0605 0.1575 0.4725 
     D237307  4 0.1104 0.0540 0.3889 0.1066 0.0498 0.0207 0.0860 0.0372 0.1464 
     D237308  4 0.0379 0.3589 0.0490 0.0450 0.0392 0.1931 0.0939 0.1146 0.0684 
     D237309  4 0.0873 0.0374 0.1827 0.0478 0.1605 0.1335 0.2055 0.1198 0.0256 
     D237317  4 0.0355 0.0226 0.2463 0.0475 0.0599 0.0350 0.1427 0.0642 0.3463 
     D237318  4 0.4848 0.2466 0.0204 0.0405 0.0144 0.0149 0.1000 0.0177 0.0606 
     D237319  4 0.2307 0.0517 0.0589 0.0497 0.1989 0.0339 0.1764 0.1646 0.0352 
     D237320  4 0.3212 0.0958 0.0911 0.0317 0.1985 0.0266 0.0733 0.1341 0.0277 
     D237321  4 0.3236 0.1739 0.0474 0.0972 0.0493 0.0261 0.1306 0.0715 0.0805 
     D237397  4 0.3776 0.0834 0.0510 0.0462 0.1061 0.0339 0.0850 0.0686 0.1482 
     D237398  4 0.6012 0.0847 0.0458 0.0625 0.0283 0.0458 0.0842 0.0268 0.0208 
     D237399  4 0.1885 0.0539 0.1112 0.0312 0.1660 0.0516 0.0850 0.0691 0.2435 
     D244001  4 0.0741 0.0878 0.0289 0.0314 0.4765 0.1482 0.1000 0.0271 0.0261 
        D289  4 0.0808 0.0822 0.0675 0.0287 0.0824 0.2083 0.1033 0.0391 0.3078 
        D290  4 0.3416 0.0430 0.0668 0.0395 0.0574 0.1543 0.2012 0.0605 0.0358 
        D294  4 0.1933 0.0255 0.0904 0.0709 0.0454 0.3212 0.2013 0.0218 0.0301 
        D295  4 0.1206 0.0293 0.2998 0.0680 0.0560 0.0696 0.0737 0.2387 0.0444 
        D301  4 0.1216 0.0391 0.0192 0.0507 0.5552 0.0372 0.0387 0.0690 0.0693 
        D302  4 0.0170 0.0094 0.0627 0.0354 0.0280 0.7887 0.0328 0.0131 0.0129 
        D303  4 0.0470 0.0439 0.0349 0.0705 0.0378 0.0674 0.0514 0.1075 0.5395 
        D304  4 0.3768 0.0401 0.0563 0.0615 0.0456 0.0823 0.2449 0.0251 0.0673 
        D305  4 0.0679 0.0652 0.0243 0.0251 0.0323 0.3981 0.3429 0.0315 0.0127 
        D306  4 0.1217 0.0253 0.0336 0.0709 0.0549 0.0676 0.5250 0.0504 0.0505 
        D307  4 0.0436 0.0175 0.0157 0.0290 0.7093 0.0418 0.0285 0.0296 0.0850 
        D327  4 0.0356 0.0583 0.5757 0.0708 0.0344 0.0460 0.0944 0.0188 0.0660 
        D328  4 0.0464 0.0245 0.0261 0.1698 0.0269 0.4482 0.0542 0.0848 0.1190 
        D329  4 0.1473 0.0923 0.0427 0.0266 0.0634 0.3254 0.1628 0.1002 0.0393 
        D330  4 0.0368 0.0633 0.2805 0.0490 0.0932 0.1026 0.0946 0.2652 0.0148 
        D331  4 0.2279 0.0572 0.1512 0.0904 0.0726 0.0566 0.1383 0.1131 0.0928 
        D333  4 0.1562 0.0753 0.0767 0.0611 0.0463 0.3059 0.0826 0.0934 0.1025 
        D334  4 0.0653 0.0221 0.0814 0.0586 0.1290 0.0612 0.0718 0.0291 0.4815 
        D335  4 0.0171 0.0427 0.1514 0.0948 0.0225 0.5822 0.0365 0.0304 0.0224 
        D370  4 0.0369 0.0387 0.0447 0.1873 0.0337 0.0780 0.0771 0.4341 0.0696 
        D371  4 0.0212 0.0329 0.1146 0.0791 0.0137 0.0164 0.0458 0.0240 0.6524 
        D372  4 0.5057 0.1058 0.0124 0.0537 0.0148 0.0257 0.2236 0.0238 0.0345 
        D373  4 0.0547 0.0637 0.0322 0.0327 0.6845 0.0494 0.0388 0.0206 0.0234 
        D455  4 0.0347 0.0246 0.0276 0.0178 0.7493 0.0720 0.0302 0.0201 0.0236 
        D490  4 0.0302 0.0090 0.0184 0.0176 0.8517 0.0186 0.0191 0.0189 0.0164 
        D497  4 0.0517 0.0160 0.0160 0.0383 0.7115 0.0632 0.0479 0.0351 0.0202 
        D498  4 0.1858 0.0652 0.0730 0.1440 0.0642 0.0365 0.1199 0.2260 0.0852 
        D499  4 0.1116 0.1672 0.0233 0.2394 0.0190 0.0756 0.1564 0.0805 0.1271 
        D514  4 0.0717 0.0288 0.2761 0.2144 0.0596 0.1407 0.1379 0.0522 0.0186 
        D515  4 0.2502 0.0375 0.0488 0.0689 0.2198 0.0454 0.1364 0.1629 0.0300 
        D516  4 0.1038 0.0918 0.1747 0.1155 0.0851 0.0237 0.1141 0.2347 0.0564 
        D517  4 0.0550 0.0255 0.0402 0.0150 0.6658 0.0281 0.0901 0.0557 0.0245 
        D518  4 0.0309 0.0281 0.0227 0.0381 0.1281 0.6553 0.0374 0.0173 0.0422 
        D519  4 0.3825 0.0318 0.0493 0.0253 0.2915 0.0188 0.0922 0.0887 0.0200 
        D560  4 0.4475 0.0755 0.0636 0.0252 0.1666 0.0607 0.0900 0.0550 0.0159 
        D561  4 0.0187 0.0698 0.0662 0.0679 0.2975 0.0879 0.3339 0.0412 0.0169 
        D562  4 0.0720 0.0699 0.0425 0.0403 0.3334 0.1560 0.1634 0.0621 0.0603 
        D563  4 0.0790 0.4267 0.0269 0.0794 0.0641 0.1441 0.1155 0.0485 0.0157 
        D572  4 0.0295 0.0247 0.0367 0.0227 0.0664 0.7366 0.0409 0.0192 0.0232 
        D629  4 0.0405 0.0250 0.1803 0.2856 0.2933 0.0580 0.0694 0.0267 0.0211 
        D630  4 0.1530 0.0383 0.0956 0.0518 0.3291 0.1365 0.1001 0.0376 0.0581 
        D631  4 0.0718 0.0440 0.0175 0.0148 0.0335 0.7184 0.0543 0.0232 0.0226 
        D632  4 0.0216 0.1416 0.0525 0.0553 0.2761 0.2951 0.0593 0.0834 0.0150 
        D646  4 0.1877 0.0664 0.2471 0.0189 0.0603 0.0442 0.1345 0.2127 0.0281 
        D647  4 0.0749 0.0609 0.4609 0.0222 0.1121 0.0748 0.0594 0.1159 0.0187 
        D648  4 0.0245 0.0234 0.0114 0.2845 0.0228 0.5343 0.0246 0.0223 0.0523 
        D649  4 0.0410 0.0178 0.3227 0.0652 0.0654 0.1728 0.0709 0.2256 0.0187 
        D650  4 0.1787 0.0299 0.1978 0.1184 0.1175 0.1004 0.0956 0.0706 0.0910 
        D708  4 0.1395 0.0266 0.0464 0.1503 0.0455 0.1952 0.1259 0.0593 0.2113 
        D709  4 0.0722 0.0416 0.0283 0.1455 0.0217 0.1102 0.1637 0.3834 0.0336 
        D738  4 0.0610 0.0168 0.1049 0.0299 0.0726 0.0282 0.0375 0.1449 0.5041 
        D739  4 0.1233 0.0284 0.0228 0.0722 0.4886 0.0836 0.1002 0.0523 0.0287 
        D740  4 0.2144 0.0522 0.0253 0.0403 0.0475 0.0574 0.2327 0.1791 0.1510 
        D741  4 0.1700 0.1609 0.1314 0.0375 0.1044 0.0266 0.2548 0.0965 0.0178 
        D742  4 0.1955 0.2852 0.0329 0.0448 0.0764 0.0640 0.1307 0.0324 0.1381 
        D743  4 0.0577 0.0489 0.3678 0.0399 0.0339 0.3446 0.0695 0.0152 0.0224 
        D744  4 0.0284 0.0311 0.0265 0.0246 0.0242 0.7791 0.0410 0.0268 0.0184 
        D745  4 0.3447 0.0190 0.0307 0.0428 0.3531 0.0364 0.0655 0.0840 0.0238 
        D814  4 0.2879 0.1683 0.0402 0.0207 0.0913 0.0957 0.2634 0.0132 0.0193 
        D815  4 0.0408 0.0381 0.1306 0.0755 0.0273 0.4574 0.0679 0.1305 0.0319 
        D828  4 0.1312 0.0843 0.0137 0.3283 0.0377 0.1404 0.0937 0.0582 0.1125 
        D845  4 0.5352 0.1511 0.0217 0.0229 0.0143 0.0226 0.0390 0.0167 0.1764 
        D846  4 0.0448 0.1267 0.1030 0.0425 0.1742 0.3820 0.0903 0.0258 0.0106 
        D847  4 0.1824 0.0579 0.1190 0.0341 0.2829 0.0609 0.1091 0.0625 0.0913 
        D848  4 0.0879 0.0912 0.0143 0.0223 0.6610 0.0406 0.0349 0.0171 0.0307 
        D849  4 0.1493 0.0279 0.0488 0.0693 0.3488 0.0664 0.1605 0.1097 0.0195 
        D850  4 0.0971 0.0735 0.1310 0.0521 0.2577 0.0388 0.2551 0.0341 0.0605 
        D856  4 0.0744 0.0217 0.0524 0.1059 0.0804 0.0466 0.2286 0.3508 0.0392 
        D857  4 0.0276 0.0607 0.0093 0.0472 0.0309 0.0377 0.0360 0.7285 0.0220 
        D859  4 0.1560 0.0308 0.0747 0.0294 0.0328 0.5513 0.0763 0.0287 0.0200 
        D860  4 0.0785 0.1399 0.0872 0.0215 0.0315 0.0782 0.0722 0.0338 0.4572 
        D883  4 0.0741 0.0287 0.2335 0.0806 0.2119 0.0942 0.0855 0.1181 0.0733 
        D884  4 0.1825 0.0195 0.0833 0.0880 0.0934 0.0683 0.0786 0.3186 0.0678 
        D885  4 0.4078 0.0817 0.0973 0.0782 0.0606 0.0292 0.1801 0.0336 0.0316 
        D886  4 0.0624 0.0672 0.1442 0.0403 0.2081 0.1107 0.0720 0.2684 0.0268 
        D887  4 0.3505 0.0882 0.0898 0.0521 0.0454 0.1088 0.1249 0.0803 0.0599 
        D889  4 0.6183 0.0176 0.0332 0.0363 0.0185 0.1043 0.1297 0.0144 0.0278 
        D890  4 0.0339 0.0564 0.0305 0.5060 0.0632 0.0690 0.0771 0.1078 0.0562 
        D891  4 0.6036 0.1944 0.0134 0.0172 0.0119 0.0151 0.0720 0.0112 0.0612 
        D899  4 0.1397 0.4748 0.0204 0.0613 0.0226 0.0819 0.0723 0.0327 0.0944 
        D900  4 0.0929 0.1008 0.1277 0.0640 0.1104 0.2042 0.1628 0.0677 0.0696 
        D970  4 0.0784 0.0469 0.1136 0.0449 0.0681 0.4642 0.0924 0.0503 0.0410 
        D971  4 0.0182 0.4336 0.0535 0.0908 0.0301 0.1834 0.0692 0.0735 0.0477 
        D979  4 0.0391 0.0449 0.3382 0.1258 0.0296 0.3184 0.0464 0.0241 0.0335 
        D093  5 0.1032 0.0191 0.0386 0.0281 0.0193 0.0239 0.0397 0.0237 0.7043 
        D154  5 0.2236 0.1543 0.0226 0.3159 0.0174 0.0297 0.1598 0.0319 0.0448 
        D168  5 0.1572 0.1944 0.0549 0.2554 0.0997 0.0354 0.1258 0.0597 0.0174 
        D189  5 0.2436 0.0641 0.0394 0.0790 0.0326 0.0646 0.0775 0.0357 0.3636 
        D190  5 0.0342 0.0216 0.0317 0.1260 0.0133 0.0484 0.0279 0.0626 0.6343 
     D237220  5 0.2848 0.0208 0.0295 0.0206 0.2150 0.0934 0.1072 0.1263 0.1024 
     D237221  5 0.1628 0.1279 0.0716 0.1176 0.0399 0.0613 0.0726 0.0777 0.2685 
     D237274  5 0.0169 0.0494 0.4442 0.0370 0.0226 0.2112 0.1002 0.1004 0.0181 
     D237275  5 0.0643 0.5866 0.0159 0.1135 0.0205 0.0160 0.0849 0.0650 0.0333 
     D237276  5 0.1645 0.0300 0.1106 0.0712 0.0624 0.0584 0.0918 0.2350 0.1760 
     D237277  5 0.1151 0.0480 0.0211 0.1561 0.0177 0.0514 0.0500 0.0546 0.4860 
     D237278  5 0.0751 0.2656 0.0465 0.0298 0.0577 0.0860 0.1401 0.0794 0.2197 
     D237279  5 0.0302 0.0183 0.0421 0.2494 0.1132 0.0356 0.3135 0.1808 0.0170 
     D237280  5 0.0470 0.0200 0.1392 0.0671 0.1198 0.0713 0.1233 0.3505 0.0620 
     D237281  5 0.2053 0.5389 0.0337 0.0176 0.0151 0.0256 0.0973 0.0190 0.0474 
     D237351  5 0.0516 0.0163 0.0206 0.1650 0.0291 0.0158 0.0410 0.6170 0.0435 
     D237352  5 0.0287 0.0614 0.0653 0.1679 0.3032 0.2316 0.0607 0.0339 0.0473 
     D237353  5 0.0411 0.0172 0.0169 0.1494 0.0092 0.0332 0.0316 0.0731 0.6282 
     D237359  5 0.4705 0.0214 0.0311 0.0323 0.1720 0.0780 0.0876 0.0456 0.0615 
     D237361  5 0.0202 0.0211 0.0171 0.0410 0.0159 0.0191 0.0290 0.0422 0.7943 
     D237362  5 0.0535 0.0344 0.0917 0.6009 0.0264 0.0266 0.0566 0.0440 0.0659 
     D237363  5 0.0509 0.0858 0.0237 0.0926 0.0230 0.0208 0.6127 0.0426 0.0479 
     D237364  5 0.3831 0.0978 0.0672 0.0526 0.1234 0.1134 0.0910 0.0580 0.0134 
     D237376  5 0.0610 0.0359 0.0141 0.4519 0.0182 0.1943 0.0495 0.0336 0.1416 
     D237377  5 0.0293 0.0441 0.1351 0.1173 0.0352 0.0358 0.1470 0.3350 0.1212 
     D237378  5 0.0788 0.0558 0.0201 0.1590 0.0345 0.0818 0.0868 0.0345 0.4487 
     D237379  5 0.0809 0.0437 0.0319 0.1030 0.0578 0.2406 0.1393 0.0333 0.2695 
     D237380  5 0.0347 0.0122 0.0174 0.0522 0.0275 0.1471 0.0428 0.6279 0.0381 
     D237381  5 0.0365 0.0581 0.0379 0.0334 0.1772 0.2050 0.0878 0.2974 0.0666 
     D237391  5 0.0650 0.0174 0.0300 0.0360 0.0234 0.0187 0.0420 0.0279 0.7395 
     D237392  5 0.0298 0.2177 0.2705 0.1424 0.0312 0.0657 0.1000 0.1169 0.0259 
     D237393  5 0.0379 0.0494 0.4099 0.0295 0.0459 0.0509 0.0728 0.1232 0.1804 
     D237394  5 0.0138 0.0105 0.0206 0.1229 0.0133 0.0189 0.0166 0.0342 0.7493 
     D237395  5 0.2786 0.0566 0.0354 0.2423 0.0469 0.0226 0.0755 0.0674 0.1747 
     D237396  5 0.0408 0.0849 0.2993 0.0439 0.1014 0.0457 0.1068 0.0610 0.2163 
     D244016  5 0.0229 0.0340 0.0161 0.6401 0.0161 0.0766 0.0626 0.0496 0.0820 
     D244018  5 0.0748 0.2798 0.0909 0.0448 0.0619 0.0277 0.1092 0.0500 0.2609 
     D244019  5 0.0354 0.0700 0.0550 0.5784 0.0197 0.0449 0.1173 0.0458 0.0334 
        D279  5 0.6733 0.0420 0.0218 0.0305 0.0204 0.0402 0.0835 0.0270 0.0612 
        D280  5 0.1299 0.0594 0.1016 0.0966 0.0926 0.0402 0.2524 0.0679 0.1593 
        D281  5 0.2947 0.2674 0.0229 0.1029 0.0151 0.0380 0.1603 0.0167 0.0819 
        D283  5 0.0567 0.0342 0.1645 0.0801 0.0258 0.0374 0.1107 0.0572 0.4335 
        D284  5 0.1786 0.0416 0.0528 0.2153 0.2383 0.0404 0.1285 0.0775 0.0269 
        D285  5 0.2309 0.0230 0.0842 0.0461 0.0256 0.0736 0.0956 0.0602 0.3608 
        D286  5 0.1532 0.0303 0.0937 0.1054 0.0807 0.1845 0.0941 0.0761 0.1819 
        D287  5 0.0558 0.0199 0.0133 0.4421 0.0399 0.1448 0.0881 0.0721 0.1239 
        D288  5 0.0855 0.0410 0.2337 0.2641 0.0277 0.0246 0.1768 0.0497 0.0969 
        D308  5 0.0250 0.0165 0.0532 0.0229 0.0168 0.0233 0.0336 0.7840 0.0247 
        D309  5 0.0123 0.0131 0.0228 0.0194 0.0263 0.8162 0.0499 0.0239 0.0161 
        D310  5 0.0541 0.0141 0.0229 0.0364 0.0118 0.0156 0.1204 0.0288 0.6958 
        D311  5 0.0754 0.0445 0.1167 0.3271 0.0335 0.1345 0.1635 0.0374 0.0674 
        D312  5 0.0590 0.0419 0.0798 0.2998 0.0908 0.1618 0.1328 0.0400 0.0941 
        D313  5 0.0226 0.0107 0.0133 0.0118 0.3577 0.0097 0.0221 0.5250 0.0271 
        D314  5 0.3559 0.0561 0.0237 0.2128 0.0448 0.0474 0.1157 0.0770 0.0667 
        D315  5 0.0402 0.0672 0.2236 0.0824 0.0726 0.0458 0.1021 0.1132 0.2529 
        D317  5 0.0234 0.0141 0.0499 0.0403 0.0218 0.0138 0.0257 0.0190 0.7919 
        D318  5 0.0733 0.1285 0.1063 0.0871 0.1444 0.1209 0.2237 0.0633 0.0526 
        D319  5 0.0287 0.0147 0.0268 0.0282 0.0137 0.0128 0.0295 0.0556 0.7900 
        D320  5 0.0517 0.0153 0.0314 0.0588 0.0307 0.0637 0.0630 0.0676 0.6179 
        D321  5 0.0653 0.0172 0.0706 0.0694 0.0252 0.0199 0.0529 0.6028 0.0766 
        D336  5 0.0372 0.0136 0.0236 0.0821 0.0246 0.0525 0.0668 0.0296 0.6699 
        D337  5 0.0267 0.0155 0.0220 0.0359 0.0104 0.0261 0.0246 0.0177 0.8210 
        D338  5 0.3928 0.0440 0.1457 0.0258 0.0628 0.0526 0.1187 0.0418 0.1159 
        D339  5 0.1206 0.0351 0.0406 0.0339 0.0178 0.0232 0.0909 0.0637 0.5741 
        D347  5 0.0875 0.1144 0.1406 0.1317 0.0336 0.1565 0.2000 0.0777 0.0581 
        D348  5 0.0213 0.0217 0.0276 0.0333 0.0170 0.1067 0.0452 0.0248 0.7025 
        D349  5 0.0188 0.0114 0.0157 0.0431 0.0137 0.0200 0.0196 0.8278 0.0299 
        D350  5 0.0322 0.0175 0.0161 0.0235 0.0146 0.8269 0.0345 0.0201 0.0146 
        D355  5 0.3443 0.1578 0.0885 0.0701 0.0142 0.0544 0.2124 0.0372 0.0211 
        D356  5 0.0631 0.0257 0.2142 0.0802 0.1655 0.0540 0.1034 0.0468 0.2471 
        D357  5 0.1160 0.0398 0.0463 0.1167 0.0411 0.0877 0.3241 0.1568 0.0716 
        D358  5 0.0748 0.0399 0.0386 0.0521 0.0570 0.0973 0.1730 0.0860 0.3814 
        D359  5 0.0267 0.0175 0.2355 0.0373 0.0136 0.0613 0.0602 0.0752 0.4729 
        D360  5 0.0431 0.0191 0.0881 0.0787 0.1564 0.0356 0.0758 0.0525 0.4507 
        D361  5 0.0191 0.0150 0.0317 0.0246 0.0158 0.0131 0.0249 0.8326 0.0232 
        D366  5 0.0209 0.3815 0.4438 0.0195 0.0276 0.0202 0.0352 0.0312 0.0201 
        D367  5 0.1029 0.0126 0.0227 0.0696 0.0308 0.0847 0.1567 0.1043 0.4158 
        D368  5 0.0805 0.0200 0.0788 0.2031 0.0223 0.0292 0.1592 0.2752 0.1316 
        D380  5 0.0488 0.0356 0.0401 0.2429 0.0534 0.3240 0.1687 0.0553 0.0313 
        D381  5 0.0876 0.0308 0.0593 0.0237 0.0208 0.0476 0.0961 0.0519 0.5822 
        D400  5 0.2343 0.0943 0.0775 0.0559 0.0373 0.1458 0.1227 0.0403 0.1918 
        D411  5 0.0429 0.0326 0.0171 0.1256 0.6718 0.0174 0.0483 0.0324 0.0118 
        D412  5 0.1138 0.1279 0.0672 0.0377 0.0829 0.0608 0.3458 0.0872 0.0767 
        D413  5 0.0401 0.5619 0.0623 0.1062 0.0795 0.0430 0.0641 0.0206 0.0222 
        D414  5 0.1257 0.0561 0.0254 0.0342 0.0161 0.6726 0.0376 0.0182 0.0141 
        D420  5 0.1955 0.0294 0.0198 0.2482 0.3246 0.0170 0.0885 0.0374 0.0396 
        D431  5 0.1470 0.0223 0.0155 0.4855 0.0329 0.0755 0.1164 0.0598 0.0452 
        D432  5 0.0415 0.0553 0.0602 0.0312 0.0565 0.0411 0.1223 0.0907 0.5011 
        D433  5 0.1274 0.0410 0.0567 0.0493 0.0233 0.0298 0.0742 0.1814 0.4168 
        D434  5 0.0409 0.0243 0.0900 0.0692 0.0411 0.0507 0.1174 0.1365 0.4300 
        D440  5 0.0309 0.0133 0.0139 0.0252 0.0145 0.8329 0.0282 0.0207 0.0204 
        D447  5 0.0410 0.0845 0.2469 0.0307 0.1536 0.1350 0.2367 0.0489 0.0226 
        D448  5 0.0733 0.0347 0.0720 0.2245 0.0231 0.0428 0.1136 0.0336 0.3825 
        D459  5 0.2181 0.4851 0.0481 0.0182 0.0179 0.0603 0.0855 0.0218 0.0450 
        D460  5 0.0194 0.0216 0.0529 0.0389 0.0151 0.0177 0.0335 0.7417 0.0591 
        D461  5 0.0192 0.0125 0.0500 0.0336 0.0139 0.8049 0.0318 0.0171 0.0169 
        D468  5 0.0406 0.0279 0.0586 0.7271 0.0157 0.0129 0.0450 0.0378 0.0343 
        D469  5 0.0877 0.0239 0.4486 0.1245 0.0643 0.0627 0.0750 0.0642 0.0492 
        D470  5 0.0886 0.0229 0.0724 0.2671 0.2272 0.0853 0.1414 0.0361 0.0590 
        D471  5 0.1314 0.0355 0.0723 0.1481 0.0163 0.0559 0.0618 0.0282 0.4505 
        D472  5 0.0361 0.1225 0.7197 0.0115 0.0157 0.0174 0.0306 0.0207 0.0258 
        D479  5 0.0214 0.6131 0.0321 0.0923 0.0208 0.1267 0.0420 0.0306 0.0211 
        D485  5 0.0552 0.0518 0.0254 0.2741 0.0412 0.3339 0.1251 0.0541 0.0392 
        D486  5 0.0351 0.0316 0.0494 0.6272 0.0653 0.0232 0.0812 0.0571 0.0299 
        D487  5 0.3751 0.0586 0.0240 0.0302 0.0206 0.1216 0.1343 0.0495 0.1860 
        D555  5 0.0285 0.0461 0.0221 0.0413 0.0172 0.0185 0.0209 0.0208 0.7845 
        D556  5 0.1614 0.0270 0.0261 0.4260 0.0344 0.1431 0.0694 0.0444 0.0682 
