        D174  1 0.6626 0.0530 0.1109 0.1735 
        D199  1 0.2577 0.2778 0.3856 0.0790 
        D203  1 0.1565 0.2772 0.3237 0.2426 
        D204  1 0.0457 0.0461 0.8724 0.0359 
     D237366  1 0.1704 0.1507 0.2103 0.4686 
     D237367  1 0.1029 0.1079 0.4377 0.3515 
     D237368  1 0.1097 0.1170 0.2899 0.4834 
     D244101  1 0.0522 0.2050 0.6973 0.0456 
     D244102  1 0.3918 0.1485 0.2168 0.2429 
     D244103  1 0.1033 0.0715 0.3721 0.4531 
     D244104  1 0.1386 0.0884 0.7042 0.0688 
     D244105  1 0.0402 0.0687 0.1676 0.7235 
     D244106  1 0.5941 0.2554 0.0798 0.0707 
     D244107  1 0.0400 0.1026 0.2454 0.6120 
     D244108  1 0.5752 0.0715 0.1518 0.2014 
     D244113  1 0.8687 0.0487 0.0377 0.0449 
     D244114  1 0.2964 0.3233 0.2425 0.1379 
     D244115  1 0.4277 0.0727 0.2709 0.2287 
     D267365  1 0.2990 0.0985 0.4881 0.1144 
        D404  1 0.8393 0.0596 0.0497 0.0514 
        D405  1 0.5438 0.1494 0.1789 0.1279 
        D406  1 0.0674 0.0376 0.0985 0.7965 
        D407  1 0.0744 0.0984 0.6287 0.1985 
        D408  1 0.6546 0.1432 0.1239 0.0782 
        D409  1 0.1144 0.0996 0.3411 0.4449 
        D410  1 0.0755 0.0234 0.1231 0.7780 
        D421  1 0.0475 0.0575 0.8499 0.0451 
        D422  1 0.0269 0.0471 0.0928 0.8332 
        D423  1 0.0371 0.0373 0.0780 0.8476 
        D424  1 0.0752 0.0335 0.7550 0.1364 
        D425  1 0.3521 0.0573 0.5057 0.0848 
        D426  1 0.0465 0.2588 0.2953 0.3993 
        D427  1 0.1561 0.5772 0.2118 0.0550 
        D428  1 0.3142 0.0847 0.4589 0.1422 
        D429  1 0.3822 0.0933 0.4323 0.0922 
        D430  1 0.3949 0.2490 0.2252 0.1309 
        D491  1 0.7567 0.0359 0.1578 0.0496 
        D492  1 0.3183 0.0640 0.4331 0.1847 
        D537  1 0.1006 0.0403 0.7456 0.1135 
        D538  1 0.3291 0.1435 0.2044 0.3230 
        D539  1 0.3841 0.3039 0.0890 0.2229 
        D540  1 0.1735 0.1255 0.4108 0.2902 
        D541  1 0.0318 0.0370 0.8948 0.0364 
        D551  1 0.0698 0.6502 0.1697 0.1103 
        D552  1 0.2067 0.1139 0.3475 0.3320 
        D553  1 0.0375 0.0327 0.8886 0.0412 
        D615  1 0.1556 0.1833 0.3950 0.2662 
        D616  1 0.1280 0.2136 0.3905 0.2679 
        D621  1 0.2525 0.0574 0.0767 0.6134 
        D622  1 0.0769 0.0577 0.0776 0.7878 
        D623  1 0.6299 0.2082 0.1036 0.0583 
        D624  1 0.7510 0.0719 0.0968 0.0803 
        D625  1 0.1180 0.0383 0.7303 0.1134 
        D626  1 0.5263 0.1113 0.1346 0.2278 
        D627  1 0.0787 0.1835 0.3771 0.3606 
        D690  1 0.1051 0.0261 0.7781 0.0907 
        D691  1 0.0647 0.0465 0.1424 0.7464 
        D710  1 0.2835 0.0826 0.5125 0.1214 
        D711  1 0.1095 0.0535 0.7494 0.0875 
        D712  1 0.7242 0.0900 0.0877 0.0981 
        D713  1 0.5755 0.0482 0.2411 0.1352 
        D746  1 0.0405 0.0438 0.1097 0.8059 
        D747  1 0.0406 0.0442 0.8801 0.0351 
        D748  1 0.1091 0.0498 0.4743 0.3669 
        D749  1 0.2525 0.1256 0.0747 0.5472 
        D750  1 0.5490 0.0579 0.2800 0.1131 
        D763  1 0.0783 0.4007 0.3959 0.1251 
        D764  1 0.1994 0.0430 0.5863 0.1713 
        D765  1 0.2088 0.0512 0.0901 0.6499 
        D766  1 0.1216 0.0445 0.3415 0.4924 
        D767  1 0.2252 0.1333 0.3084 0.3330 
        D768  1 0.0321 0.0421 0.8737 0.0521 
        D811  1 0.8087 0.0409 0.0586 0.0919 
        D816  1 0.0672 0.0335 0.8563 0.0430 
        D825  1 0.5850 0.0434 0.1572 0.2144 
        D866  1 0.3087 0.5061 0.1031 0.0821 
        D867  1 0.0690 0.0567 0.0655 0.8089 
        D871  1 0.1207 0.0892 0.3926 0.3975 
        D872  1 0.1749 0.0639 0.5248 0.2363 
        D873  1 0.0480 0.0285 0.0274 0.8961 
        D874  1 0.3623 0.0931 0.5040 0.0406 
        D875  1 0.0640 0.0519 0.3004 0.5836 
        D876  1 0.1698 0.0558 0.6539 0.1205 
        D877  1 0.8050 0.0545 0.1081 0.0325 
        D892  1 0.3329 0.0455 0.4015 0.2201 
        D893  1 0.0645 0.1096 0.6622 0.1638 
        D894  1 0.1170 0.1031 0.6629 0.1170 
        D915  1 0.0985 0.0533 0.6192 0.2290 
        D916  1 0.0372 0.0307 0.8828 0.0493 
        D917  1 0.3908 0.1487 0.3762 0.0843 
        D925  1 0.1239 0.0496 0.1511 0.6754 
        D926  1 0.1696 0.0574 0.6450 0.1279 
        D927  1 0.1070 0.3551 0.4582 0.0796 
        D928  1 0.8205 0.0235 0.1226 0.0334 
        D929  1 0.5441 0.1006 0.1457 0.2096 
        D936  1 0.0874 0.1653 0.6873 0.0600 
        D938  1 0.0518 0.0345 0.0665 0.8473 
        D956  1 0.7543 0.0923 0.0623 0.0911 
        D957  1 0.1725 0.0659 0.3674 0.3942 
        D958  1 0.2115 0.0431 0.4896 0.2558 
        D959  1 0.0549 0.0706 0.6579 0.2166 
        D960  1 0.0854 0.0395 0.0565 0.8186 
        D989  1 0.6491 0.1841 0.1189 0.0479 
        D990  1 0.0588 0.1006 0.0366 0.8040 
        D023  2 0.0314 0.0488 0.3484 0.5713 
        D130  2 0.0420 0.0463 0.1196 0.7921 
        D131  2 0.0774 0.1351 0.6437 0.1439 
        D163  2 0.0560 0.0438 0.1543 0.7459 
        D164  2 0.0304 0.4489 0.0418 0.4789 
        D165  2 0.0309 0.0890 0.1933 0.6869 
        D166  2 0.2734 0.1940 0.1903 0.3423 
        D167  2 0.0906 0.8398 0.0309 0.0387 
        D192  2 0.0427 0.8981 0.0262 0.0331 
        D193  2 0.7373 0.0858 0.0704 0.1065 
        D206  2 0.0885 0.3133 0.3670 0.2312 
        D207  2 0.0869 0.7072 0.1353 0.0707 
        D208  2 0.4094 0.3817 0.1030 0.1059 
        D209  2 0.1005 0.5979 0.1890 0.1126 
        D210  2 0.3790 0.3820 0.1702 0.0687 
     D229599  2 0.1906 0.2185 0.4074 0.1834 
     D229600  2 0.0722 0.3503 0.0696 0.5080 
     D237227  2 0.5060 0.1731 0.1096 0.2112 
     D237228  2 0.4228 0.1313 0.0582 0.3877 
     D237258  2 0.2686 0.3700 0.1499 0.2115 
     D237310  2 0.1947 0.1028 0.0323 0.6702 
     D237311  2 0.1133 0.1928 0.0478 0.6461 
     D237312  2 0.3216 0.0654 0.0795 0.5334 
     D237313  2 0.2662 0.0957 0.3668 0.2714 
     D237322  2 0.2404 0.4855 0.1124 0.1617 
     D237323  2 0.2779 0.0617 0.0466 0.6138 
     D237324  2 0.0346 0.3984 0.1479 0.4191 
     D237325  2 0.2578 0.1079 0.1040 0.5303 
     D237326  2 0.1228 0.0518 0.2235 0.6019 
     D237327  2 0.0957 0.5981 0.2034 0.1027 
     D237337  2 0.1081 0.0429 0.0807 0.7683 
     D237338  2 0.1916 0.2317 0.1417 0.4350 
     D237339  2 0.0651 0.3535 0.5250 0.0564 
     D237340  2 0.3744 0.2853 0.0533 0.2869 
     D237389  2 0.1260 0.0841 0.0500 0.7399 
     D237390  2 0.3234 0.0733 0.1513 0.4520 
     D244017  2 0.5729 0.2864 0.0601 0.0805 
     D244112  2 0.0622 0.7695 0.0311 0.1372 
     D244118  2 0.0554 0.5986 0.0415 0.3045 
     D244119  2 0.5001 0.3980 0.0496 0.0523 
     D244120  2 0.3254 0.5341 0.0418 0.0987 
     D244122  2 0.1510 0.6742 0.0687 0.1061 
        D291  2 0.1049 0.5883 0.1600 0.1468 
        D292  2 0.1815 0.5176 0.2415 0.0594 
        D293  2 0.0258 0.4871 0.4593 0.0277 
        D322  2 0.0444 0.3709 0.5151 0.0696 
        D323  2 0.2810 0.2520 0.3263 0.1407 
        D324  2 0.1189 0.2519 0.4354 0.1938 
        D325  2 0.0232 0.7976 0.1356 0.0436 
        D326  2 0.0532 0.0486 0.8640 0.0343 
        D340  2 0.0298 0.8912 0.0458 0.0331 
        D341  2 0.0461 0.8213 0.0621 0.0706 
        D342  2 0.0734 0.6661 0.0590 0.2015 
        D343  2 0.0189 0.9073 0.0516 0.0223 
        D344  2 0.1902 0.1211 0.5378 0.1509 
        D345  2 0.0993 0.1039 0.5548 0.2420 
        D346  2 0.5985 0.1788 0.1488 0.0739 
        D351  2 0.0587 0.1583 0.6068 0.1762 
        D352  2 0.2872 0.2549 0.2757 0.1822 
        D353  2 0.0819 0.1006 0.7729 0.0447 
        D354  2 0.3653 0.0593 0.4408 0.1345 
        D362  2 0.1011 0.0541 0.7349 0.1099 
        D363  2 0.1218 0.0544 0.7471 0.0768 
        D364  2 0.1692 0.0608 0.6546 0.1154 
        D365  2 0.0340 0.8606 0.0771 0.0283 
        D369  2 0.2574 0.2526 0.3393 0.1507 
        D374  2 0.9082 0.0289 0.0308 0.0320 
        D375  2 0.3050 0.0825 0.3836 0.2289 
        D376  2 0.8373 0.0630 0.0375 0.0622 
        D377  2 0.4396 0.1436 0.1271 0.2896 
        D378  2 0.0482 0.1906 0.6925 0.0688 
        D379  2 0.0759 0.0514 0.7949 0.0778 
        D384  2 0.0628 0.0344 0.8664 0.0364 
        D385  2 0.0732 0.8239 0.0600 0.0429 
        D386  2 0.0687 0.0925 0.7286 0.1102 
        D391  2 0.0352 0.7949 0.1341 0.0358 
        D392  2 0.0961 0.6547 0.1434 0.1058 
        D393  2 0.0431 0.1730 0.7065 0.0774 
        D394  2 0.1566 0.1647 0.2839 0.3948 
        D395  2 0.0865 0.6501 0.1752 0.0882 
        D401  2 0.1061 0.0559 0.0392 0.7988 
        D402  2 0.0349 0.8695 0.0611 0.0345 
        D403  2 0.0832 0.0938 0.5586 0.2644 
        D415  2 0.0329 0.0347 0.8238 0.1086 
        D435  2 0.0341 0.2176 0.6378 0.1105 
        D436  2 0.3018 0.1018 0.4653 0.1311 
        D438  2 0.0454 0.8808 0.0357 0.0381 
        D439  2 0.0482 0.2346 0.5229 0.1943 
        D449  2 0.0507 0.6244 0.2265 0.0984 
        D450  2 0.4144 0.0825 0.3092 0.1939 
        D456  2 0.0348 0.0334 0.8969 0.0349 
        D462  2 0.0275 0.8101 0.1229 0.0395 
        D463  2 0.0525 0.0249 0.8911 0.0315 
        D464  2 0.2083 0.1737 0.5554 0.0626 
        D465  2 0.0703 0.3454 0.4367 0.1476 
        D473  2 0.6684 0.0955 0.0728 0.1634 
        D474  2 0.0737 0.2111 0.6156 0.0996 
        D476  2 0.0399 0.2045 0.2182 0.5374 
        D477  2 0.1553 0.1168 0.6435 0.0843 
        D478  2 0.4273 0.1195 0.2220 0.2313 
        D480  2 0.1169 0.2118 0.6224 0.0489 
        D481  2 0.1854 0.1489 0.4951 0.1706 
        D482  2 0.4244 0.2898 0.1097 0.1761 
        D483  2 0.0861 0.8351 0.0404 0.0383 
        D484  2 0.3867 0.3191 0.1835 0.1106 
        D510  2 0.8303 0.0753 0.0507 0.0437 
        D511  2 0.0551 0.2103 0.6445 0.0901 
        D512  2 0.0680 0.1704 0.0721 0.6895 
        D513  2 0.1307 0.5055 0.2559 0.1080 
        D635  2 0.0379 0.0642 0.6927 0.2052 
        D636  2 0.0452 0.0338 0.0679 0.8531 
        D637  2 0.3026 0.3846 0.1735 0.1393 
        D658  2 0.2108 0.6088 0.0702 0.1102 
        D659  2 0.0498 0.0621 0.8280 0.0601 
        D677  2 0.1024 0.1980 0.3926 0.3070 
        D678  2 0.1009 0.7532 0.0580 0.0879 
        D679  2 0.1108 0.1719 0.6383 0.0790 
        D719  2 0.3135 0.2258 0.4127 0.0480 
        D720  2 0.1354 0.0545 0.7273 0.0828 
        D721  2 0.0593 0.1761 0.3101 0.4546 
        D722  2 0.8215 0.0701 0.0472 0.0612 
        D734  2 0.4244 0.3103 0.2269 0.0385 
        D735  2 0.1291 0.1669 0.5522 0.1519 
        D736  2 0.3920 0.2594 0.2459 0.1027 
        D737  2 0.1486 0.6684 0.0859 0.0970 
        D807  2 0.3591 0.1880 0.3467 0.1063 
        D808  2 0.0837 0.2666 0.2548 0.3949 
        D817  2 0.2701 0.0700 0.5523 0.1076 
        D818  2 0.0703 0.5128 0.2732 0.1438 
        D819  2 0.1874 0.1035 0.4266 0.2824 
        D820  2 0.0436 0.0495 0.8674 0.0395 
        D895  2 0.0902 0.0807 0.6536 0.1756 
        D896  2 0.1130 0.0395 0.0447 0.8028 
        D897  2 0.0646 0.7714 0.0681 0.0958 
        D898  2 0.3394 0.1933 0.2129 0.2543 
        D918  2 0.1813 0.2489 0.1482 0.4216 
        D919  2 0.0497 0.3364 0.5303 0.0836 
        D920  2 0.0700 0.0502 0.0446 0.8352 
        D923  2 0.0569 0.0594 0.8335 0.0502 
        D930  2 0.2645 0.1084 0.4794 0.1477 
        D931  2 0.1380 0.1957 0.5858 0.0806 
        D968  2 0.0308 0.8792 0.0604 0.0296 
        D969  2 0.0988 0.3508 0.4783 0.0721 
        D977  2 0.0599 0.7458 0.1214 0.0729 
        D978  2 0.1450 0.6393 0.1467 0.0690 
        D211  3 0.0707 0.0799 0.1525 0.6968 
     D229639  3 0.1696 0.6706 0.1015 0.0583 
     D237212  3 0.1002 0.3367 0.3199 0.2432 
     D237213  3 0.0964 0.1260 0.2675 0.5101 
     D237214  3 0.0962 0.0474 0.1929 0.6635 
     D237215  3 0.1810 0.7458 0.0333 0.0399 
     D237216  3 0.1073 0.2721 0.2552 0.3654 
     D237217  3 0.0344 0.0964 0.1921 0.6770 
     D237218  3 0.0697 0.5111 0.3051 0.1142 
     D237219  3 0.2485 0.1600 0.0735 0.5180 
     D237382  3 0.3825 0.1058 0.2610 0.2507 
     D244127  3 0.0670 0.1787 0.0692 0.6851 
     D244129  3 0.1317 0.1872 0.3481 0.3331 
     D244133  3 0.4331 0.1978 0.1529 0.2162 
     D244134  3 0.3056 0.4141 0.1093 0.1710 
     D244135  3 0.0501 0.0971 0.1162 0.7366 
     D244136  3 0.4303 0.1547 0.3083 0.1067 
        D416  3 0.0882 0.3820 0.3315 0.1983 
        D417  3 0.0676 0.0491 0.7466 0.1367 
        D419  3 0.1696 0.2666 0.2583 0.3055 
        D565  3 0.7789 0.0541 0.1204 0.0467 
        D566  3 0.3852 0.4463 0.1035 0.0649 
        D567  3 0.0652 0.0526 0.7111 0.1711 
        D568  3 0.0547 0.2595 0.3837 0.3021 
        D569  3 0.1599 0.3765 0.2581 0.2055 
        D573  3 0.0394 0.7029 0.2052 0.0524 
        D574  3 0.6545 0.1117 0.0899 0.1439 
        D575  3 0.2700 0.1810 0.2341 0.3149 
        D576  3 0.1158 0.8123 0.0191 0.0527 
        D577  3 0.1449 0.0659 0.6376 0.1516 
        D578  3 0.0298 0.0487 0.0379 0.8837 
        D579  3 0.2256 0.2392 0.4050 0.1302 
        D660  3 0.0655 0.6084 0.0734 0.2528 
        D661  3 0.0473 0.7623 0.0994 0.0911 
        D663  3 0.0915 0.7382 0.1225 0.0478 
        D664  3 0.3320 0.1986 0.0563 0.4130 
        D665  3 0.0776 0.1791 0.0849 0.6585 
        D666  3 0.3035 0.1110 0.2016 0.3839 
        D009  4 0.1066 0.0855 0.3554 0.4526 
        D057  4 0.0842 0.4751 0.2033 0.2373 
        D109  4 0.1325 0.0513 0.1048 0.7114 
     D237222  4 0.1935 0.0677 0.0808 0.6579 
     D237223  4 0.1785 0.1521 0.1164 0.5530 
     D237224  4 0.1029 0.4654 0.3480 0.0836 
     D237225  4 0.1451 0.1499 0.4183 0.2868 
     D237299  4 0.1113 0.1267 0.0753 0.6867 
     D237300  4 0.0910 0.8174 0.0407 0.0509 
     D237306  4 0.6617 0.0636 0.1512 0.1234 
     D237307  4 0.4160 0.1220 0.3475 0.1145 
     D237308  4 0.1890 0.5602 0.1278 0.1230 
     D237309  4 0.0902 0.1245 0.4582 0.3271 
     D237317  4 0.5145 0.0791 0.3064 0.0999 
     D237318  4 0.0560 0.8664 0.0409 0.0366 
     D237319  4 0.2242 0.1422 0.2050 0.4286 
     D237320  4 0.0949 0.2833 0.2115 0.4102 
     D237321  4 0.1170 0.7059 0.0875 0.0896 
     D237397  4 0.3287 0.3044 0.1265 0.2404 
     D237398  4 0.0502 0.6260 0.2124 0.1115 
     D237399  4 0.2950 0.2414 0.3017 0.1618 
     D244001  4 0.1016 0.1243 0.1085 0.6656 
        D289  4 0.2747 0.2639 0.3725 0.0890 
        D290  4 0.4373 0.2033 0.2307 0.1287 
        D294  4 0.2171 0.2316 0.4319 0.1194 
        D295  4 0.2154 0.0898 0.4849 0.2100 
        D301  4 0.1283 0.1373 0.0398 0.6947 
        D302  4 0.0809 0.0724 0.7754 0.0713 
        D303  4 0.7066 0.1026 0.0947 0.0961 
        D304  4 0.4699 0.2621 0.1841 0.0839 
        D305  4 0.0441 0.4897 0.2477 0.2185 
        D306  4 0.5757 0.1068 0.1693 0.1483 
        D307  4 0.1022 0.0882 0.0443 0.7653 
        D327  4 0.1593 0.1000 0.6571 0.0836 
        D328  4 0.7165 0.0691 0.1021 0.1123 
        D329  4 0.1666 0.4239 0.2639 0.1456 
        D330  4 0.0677 0.0768 0.4878 0.3677 
        D331  4 0.3661 0.2481 0.1953 0.1905 
        D333  4 0.3927 0.2125 0.1868 0.2080 
        D334  4 0.6161 0.0738 0.2007 0.1095 
        D335  4 0.1268 0.0904 0.7280 0.0548 
        D370  4 0.6168 0.0746 0.1067 0.2019 
        D371  4 0.7556 0.0536 0.1507 0.0401 
        D372  4 0.1154 0.8048 0.0312 0.0486 
        D373  4 0.0544 0.2073 0.0638 0.6745 
        D455  4 0.0620 0.1121 0.0874 0.7385 
        D490  4 0.0535 0.0347 0.0515 0.8603 
        D497  4 0.0554 0.0585 0.0526 0.8334 
        D498  4 0.5114 0.1705 0.1083 0.2098 
        D499  4 0.2587 0.5259 0.1225 0.0929 
        D514  4 0.1277 0.0971 0.6387 0.1365 
        D515  4 0.1070 0.0680 0.1361 0.6889 
        D516  4 0.2221 0.1786 0.2845 0.3148 
        D517  4 0.0387 0.1525 0.1227 0.6860 
        D518  4 0.2612 0.1481 0.2871 0.3036 
        D519  4 0.0545 0.1390 0.1403 0.6662 
        D560  4 0.0540 0.2233 0.2039 0.5187 
        D561  4 0.0357 0.0873 0.4009 0.4761 
        D562  4 0.2584 0.2330 0.2101 0.2985 
        D563  4 0.0677 0.5923 0.2027 0.1374 
        D572  4 0.1898 0.1289 0.5145 0.1668 
        D629  4 0.0843 0.0925 0.5507 0.2725 
        D630  4 0.2725 0.1544 0.3639 0.2091 
        D631  4 0.1443 0.4924 0.2344 0.1290 
        D632  4 0.0666 0.2056 0.1513 0.5764 
        D646  4 0.0601 0.1213 0.4582 0.3604 
        D647  4 0.0551 0.1018 0.6390 0.2041 
        D648  4 0.7987 0.0621 0.0597 0.0795 
        D649  4 0.0747 0.0557 0.6209 0.2487 
        D650  4 0.2730 0.1306 0.3203 0.2761 
        D708  4 0.5734 0.1358 0.1524 0.1385 
        D709  4 0.5826 0.0922 0.1592 0.1659 
        D738  4 0.5790 0.0684 0.1658 0.1868 
        D739  4 0.2324 0.1597 0.1391 0.4687 
        D740  4 0.2314 0.3940 0.0999 0.2746 
        D741  4 0.0524 0.2620 0.3508 0.3348 
        D742  4 0.1643 0.5815 0.1331 0.1211 
        D743  4 0.0797 0.1038 0.7591 0.0573 
        D744  4 0.0729 0.2218 0.5971 0.1082 
        D745  4 0.0614 0.0646 0.0739 0.8001 
        D814  4 0.0685 0.6525 0.1519 0.1271 
        D815  4 0.2254 0.1289 0.5325 0.1133 
        D828  4 0.6560 0.2150 0.0364 0.0925 
        D845  4 0.0734 0.8111 0.0761 0.0395 
        D846  4 0.0472 0.3819 0.4205 0.1504 
        D847  4 0.1762 0.2219 0.2944 0.3074 
        D848  4 0.0516 0.3502 0.0547 0.5434 
        D849  4 0.0755 0.1054 0.1413 0.6778 
        D850  4 0.1312 0.2073 0.4114 0.2501 
        D856  4 0.2060 0.0927 0.1881 0.5132 
        D857  4 0.1276 0.0709 0.0264 0.7751 
        D859  4 0.1972 0.3047 0.3978 0.1004 
        D860  4 0.3780 0.3253 0.2425 0.0543 
        D883  4 0.3050 0.0837 0.3493 0.2620 
        D884  4 0.3732 0.0755 0.1749 0.3764 
        D885  4 0.0702 0.4338 0.3120 0.1840 
        D886  4 0.1131 0.1255 0.2602 0.5012 
        D887  4 0.1736 0.4478 0.2235 0.1550 
        D889  4 0.2543 0.5271 0.1548 0.0638 
        D890  4 0.5299 0.1380 0.1483 0.1838 
        D891  4 0.0244 0.9176 0.0326 0.0254 
        D899  4 0.2456 0.5872 0.1134 0.0539 
        D900  4 0.2371 0.1729 0.3964 0.1936 
        D970  4 0.1516 0.2339 0.4780 0.1365 
        D971  4 0.1292 0.5345 0.2192 0.1171 
        D979  4 0.1345 0.0703 0.7523 0.0429 
        D093  5 0.7290 0.0891 0.0964 0.0855 
        D154  5 0.2293 0.5728 0.0961 0.1018 
        D168  5 0.0819 0.4495 0.1620 0.3065 
        D189  5 0.6318 0.2229 0.0806 0.0646 
        D190  5 0.7851 0.0817 0.0749 0.0582 
     D237220  5 0.2069 0.1805 0.1380 0.4746 
     D237221  5 0.4220 0.2875 0.1838 0.1067 
     D237274  5 0.0502 0.0432 0.8550 0.0517 
     D237275  5 0.0880 0.7987 0.0449 0.0683 
     D237276  5 0.4372 0.0898 0.1995 0.2735 
     D237277  5 0.5957 0.2439 0.1007 0.0597 
     D237278  5 0.2677 0.4609 0.0890 0.1823 
     D237279  5 0.0385 0.0527 0.2104 0.6984 
     D237280  5 0.1841 0.0729 0.3329 0.4101 
     D237281  5 0.0410 0.8578 0.0647 0.0365 
     D237351  5 0.1315 0.0787 0.0679 0.7219 
     D237352  5 0.1670 0.1053 0.3329 0.3949 
     D237353  5 0.8336 0.0683 0.0541 0.0440 
     D237359  5 0.1820 0.2926 0.1887 0.3367 
     D237361  5 0.8667 0.0423 0.0482 0.0428 
     D237362  5 0.3526 0.1640 0.3407 0.1427 
     D237363  5 0.1914 0.3979 0.1813 0.2294 
     D237364  5 0.0626 0.4155 0.2804 0.2415 
     D237376  5 0.8193 0.0904 0.0364 0.0538 
     D237377  5 0.1421 0.0720 0.4958 0.2900 
     D237378  5 0.7189 0.1644 0.0439 0.0728 
     D237379  5 0.6592 0.1418 0.0928 0.1062 
     D237380  5 0.3116 0.0378 0.0907 0.5598 
     D237381  5 0.2052 0.1145 0.1487 0.5316 
     D237391  5 0.6274 0.1142 0.1676 0.0908 
     D237392  5 0.0855 0.1358 0.6635 0.1152 
     D237393  5 0.2747 0.1221 0.4817 0.1215 
     D237394  5 0.8363 0.0359 0.0753 0.0525 
     D237395  5 0.5406 0.2056 0.0818 0.1720 
     D237396  5 0.0803 0.1089 0.7100 0.1008 
     D244016  5 0.4723 0.2403 0.1949 0.0925 
     D244018  5 0.2162 0.5019 0.1432 0.1387 
     D244019  5 0.2119 0.2475 0.4434 0.0971 
        D279  5 0.1224 0.5848 0.1361 0.1567 
        D280  5 0.3110 0.2935 0.2430 0.1524 
        D281  5 0.1229 0.7583 0.0736 0.0452 
        D283  5 0.4467 0.1334 0.3621 0.0578 
        D284  5 0.1313 0.1697 0.1272 0.5719 
        D285  5 0.6053 0.1315 0.1759 0.0872 
        D286  5 0.5333 0.1287 0.1952 0.1428 
        D287  5 0.7713 0.0760 0.0419 0.1108 
        D288  5 0.2939 0.2955 0.3343 0.0764 
        D308  5 0.0642 0.0379 0.1297 0.7682 
        D309  5 0.0510 0.0392 0.8164 0.0934 
        D310  5 0.8633 0.0531 0.0486 0.0350 
        D311  5 0.5684 0.1268 0.2164 0.0883 
        D312  5 0.5073 0.1323 0.2488 0.1116 
        D313  5 0.0475 0.0296 0.0288 0.8941 
        D314  5 0.2509 0.4047 0.0887 0.2556 
        D315  5 0.4150 0.1169 0.3103 0.1579 
        D317  5 0.8274 0.0497 0.0806 0.0422 
        D318  5 0.1997 0.2206 0.3276 0.2522 
        D319  5 0.8096 0.0717 0.0553 0.0635 
        D320  5 0.7616 0.0691 0.0828 0.0865 
        D321  5 0.1019 0.1066 0.1218 0.6697 
        D336  5 0.8736 0.0422 0.0465 0.0377 
        D337  5 0.8314 0.0685 0.0685 0.0317 
        D338  5 0.1941 0.2590 0.2807 0.2661 
        D339  5 0.6945 0.1397 0.0746 0.0912 
        D347  5 0.4289 0.1660 0.3337 0.0714 
        D348  5 0.8269 0.0637 0.0783 0.0311 
        D349  5 0.1211 0.0554 0.0557 0.7679 
        D350  5 0.0774 0.1608 0.6742 0.0876 
        D355  5 0.0808 0.5018 0.3538 0.0636 
        D356  5 0.4014 0.0815 0.3504 0.1667 
        D357  5 0.4772 0.1834 0.1501 0.1893 
        D358  5 0.5161 0.1187 0.2334 0.1317 
        D359  5 0.4367 0.0522 0.4570 0.0540 
        D360  5 0.5787 0.0721 0.2169 0.1322 
        D361  5 0.0671 0.0484 0.0570 0.8275 
        D366  5 0.0525 0.2222 0.6589 0.0663 
        D367  5 0.7606 0.0735 0.0623 0.1036 
        D368  5 0.3335 0.1026 0.1954 0.3684 
        D380  5 0.0702 0.1285 0.6139 0.1874 
        D381  5 0.5492 0.1657 0.1877 0.0974 
        D400  5 0.5078 0.3061 0.1178 0.0683 
        D411  5 0.0411 0.0473 0.0351 0.8765 
        D412  5 0.2769 0.3782 0.1744 0.1705 
        D413  5 0.0629 0.7138 0.1298 0.0935 
        D414  5 0.1175 0.5835 0.2008 0.0983 
        D420  5 0.2218 0.2345 0.1105 0.4332 
        D431  5 0.3330 0.3770 0.0457 0.2442 
        D432  5 0.5111 0.1985 0.1502 0.1402 
        D433  5 0.6632 0.1543 0.0994 0.0830 
        D434  5 0.5865 0.0874 0.2194 0.1067 
        D440  5 0.0896 0.0753 0.7174 0.1176 
        D447  5 0.0652 0.0891 0.6939 0.1517 
        D448  5 0.8113 0.0763 0.0738 0.0386 
        D459  5 0.0557 0.7219 0.1811 0.0413 
        D460  5 0.1035 0.0507 0.1621 0.6837 
        D461  5 0.0499 0.0603 0.8422 0.0476 
        D468  5 0.4915 0.0886 0.2586 0.1613 
        D469  5 0.1731 0.1050 0.4684 0.2535 
        D470  5 0.3390 0.1010 0.1569 0.4032 
        D471  5 0.7497 0.1153 0.1025 0.0325 
        D472  5 0.0395 0.1780 0.7483 0.0342 
        D479  5 0.0908 0.7979 0.0588 0.0525 
        D485  5 0.6045 0.1326 0.1219 0.1410 
        D486  5 0.4204 0.0777 0.2154 0.2865 
        D487  5 0.2701 0.6008 0.0591 0.0701 
        D555  5 0.8304 0.0771 0.0496 0.0429 
        D556  5 0.3630 0.3533 0.1334 0.1503 
        D557  5 0.7781 0.0933 0.0946 0.0340 
        D564  5 0.5402 0.0940 0.1674 0.1984 
        D594  5 0.3577 0.1391 0.3780 0.1251 
        D595  5 0.4381 0.1783 0.2670 0.1166 
        D596  5 0.8636 0.0518 0.0433 0.0414 
        D597  5 0.2892 0.3365 0.3128 0.0616 
        D598  5 0.5207 0.1180 0.1904 0.1709 
        D617  5 0.0573 0.2183 0.0594 0.6650 
        D618  5 0.4914 0.2424 0.1677 0.0985 
        D619  5 0.3494 0.0753 0.3167 0.2587 
        D620  5 0.0361 0.8398 0.0840 0.0401 
        D628  5 0.3776 0.1490 0.2859 0.1875 
        D714  5 0.5452 0.3165 0.0578 0.0805 
        D715  5 0.5857 0.1891 0.1683 0.0569 
        D716  5 0.4385 0.2769 0.2012 0.0834 
        D717  5 0.2190 0.0953 0.5179 0.1678 
        D718  5 0.5567 0.1263 0.0572 0.2598 
        D769  5 0.0881 0.1749 0.0827 0.6543 
        D770  5 0.3230 0.4701 0.1091 0.0979 
        D771  5 0.2793 0.4365 0.1270 0.1573 
        D772  5 0.5342 0.1498 0.2059 0.1101 
        D782  5 0.0827 0.2665 0.2168 0.4340 
        D783  5 0.2480 0.5565 0.1184 0.0771 
        D784  5 0.1138 0.0981 0.7005 0.0875 
        D785  5 0.7524 0.0492 0.0996 0.0989 
        D786  5 0.0848 0.0879 0.2807 0.5466 
        D821  5 0.8791 0.0433 0.0463 0.0313 
        D822  5 0.2536 0.1107 0.5532 0.0825 
        D826  5 0.3428 0.4611 0.1238 0.0722 
        D827  5 0.1039 0.1482 0.6362 0.1116 
        D851  5 0.2145 0.2080 0.3532 0.2243 
        D852  5 0.2796 0.5079 0.0923 0.1202 
        D853  5 0.5256 0.1752 0.1641 0.1351 
        D854  5 0.1463 0.3029 0.3281 0.2227 
        D861  5 0.3566 0.3029 0.1617 0.1789 
        D862  5 0.5199 0.0506 0.3471 0.0825 
        D865  5 0.7374 0.1272 0.0618 0.0736 
        D868  5 0.1140 0.0745 0.7240 0.0876 
        D869  5 0.0715 0.0426 0.0574 0.8284 
        D870  5 0.0447 0.1189 0.3498 0.4866 
        D907  5 0.7617 0.0792 0.0626 0.0965 
        D908  5 0.3126 0.5578 0.0569 0.0728 
        D910  5 0.5030 0.3198 0.1213 0.0559 
        D911  5 0.0717 0.6226 0.2605 0.0452 
        D934  5 0.2262 0.5318 0.1477 0.0943 
        D946  5 0.2898 0.4266 0.0674 0.2162 
        D947  5 0.1895 0.2056 0.4043 0.2007 
        D948  5 0.1606 0.0495 0.1234 0.6664 
        D949  5 0.1349 0.0459 0.0948 0.7243 
        D950  5 0.0688 0.7010 0.1855 0.0446 
        D951  5 0.1531 0.0689 0.6605 0.1176 
        D952  5 0.1656 0.1050 0.6432 0.0861 
        D953  5 0.6213 0.1121 0.1792 0.0875 
        D954  5 0.3192 0.0760 0.5164 0.0885 
        D961  5 0.6565 0.1191 0.0702 0.1542 
        D962  5 0.8126 0.0344 0.1028 0.0502 
        D963  5 0.3752 0.1271 0.4259 0.0717 
        D964  5 0.2059 0.2929 0.1306 0.3706 
        D965  5 0.3787 0.2338 0.2292 0.1583 
        D966  5 0.4011 0.2634 0.2562 0.0793 
        D967  5 0.3011 0.3673 0.1398 0.1917 
        D991  5 0.3610 0.0837 0.2245 0.3309 
        D502  6 0.1161 0.4065 0.1057 0.3718 
        D503  6 0.0641 0.5667 0.0678 0.3014 
        D504  6 0.1750 0.1682 0.5096 0.1472 
        D505  6 0.3756 0.2715 0.2088 0.1441 
        D506  6 0.8512 0.0369 0.0674 0.0445 
        D507  6 0.1401 0.4686 0.1633 0.2281 
        D508  6 0.1716 0.2356 0.4822 0.1106 
        D529  6 0.2964 0.1312 0.2523 0.3201 
        D530  6 0.7088 0.0958 0.0534 0.1420 
        D531  6 0.3228 0.1869 0.3216 0.1687 
        D532  6 0.5019 0.1079 0.2988 0.0915 
        D534  6 0.0591 0.0638 0.1134 0.7637 
        D535  6 0.5325 0.0649 0.2850 0.1176 
        D536  6 0.0512 0.7313 0.0605 0.1570 
        D554  6 0.6869 0.0816 0.0820 0.1495 
        D587  6 0.6712 0.0916 0.1686 0.0687 
        D588  6 0.4251 0.0898 0.3791 0.1059 
        D589  6 0.1997 0.5936 0.0849 0.1218 
        D590  6 0.0832 0.7369 0.0945 0.0855 
        D591  6 0.1867 0.3759 0.2102 0.2271 
        D592  6 0.0931 0.0871 0.1107 0.7091 
        D593  6 0.7317 0.1055 0.0437 0.1190 
        D682  6 0.7539 0.0812 0.0706 0.0944 
        D683  6 0.1894 0.0646 0.6297 0.1163 
        D684  6 0.0407 0.4459 0.1206 0.3927 
        D685  6 0.2648 0.4131 0.0551 0.2670 
        D686  6 0.8301 0.0464 0.0825 0.0410 
        D724  6 0.1183 0.2037 0.4307 0.2473 
        D725  6 0.4322 0.3074 0.1194 0.1411 
        D726  6 0.8359 0.0443 0.0663 0.0535 
        D727  6 0.1918 0.3539 0.3497 0.1045 
        D728  6 0.7732 0.0521 0.0748 0.0999 
        D729  6 0.0514 0.1690 0.3467 0.4329 
        D730  6 0.1120 0.2987 0.2184 0.3709 
        D731  6 0.6274 0.2966 0.0350 0.0410 
        D732  6 0.1897 0.1592 0.4957 0.1554 
        D733  6 0.2876 0.1960 0.2398 0.2766 
     D237251  7 0.1796 0.6365 0.0727 0.1112 
     D237252  7 0.0718 0.3128 0.0946 0.5208 
     D237253  7 0.3193 0.4670 0.1079 0.1058 
     D237254  7 0.0396 0.0597 0.0641 0.8367 
     D237255  7 0.1066 0.7783 0.0666 0.0485 
     D237256  7 0.1957 0.5421 0.1871 0.0751 
     D237257  7 0.1106 0.1549 0.1293 0.6052 
     D237282  7 0.0525 0.1039 0.7019 0.1418 
     D237283  7 0.0418 0.0830 0.0342 0.8410 
     D237284  7 0.0430 0.0568 0.1083 0.7920 
     D237285  7 0.5448 0.2400 0.0957 0.1195 
     D237286  7 0.2695 0.2156 0.3845 0.1304 
     D237287  7 0.1037 0.4982 0.2628 0.1353 
     D244006  7 0.0427 0.0439 0.0876 0.8258 
     D244007  7 0.0996 0.3894 0.3585 0.1525 
     D244008  7 0.0696 0.0593 0.0419 0.8291 
     D244009  7 0.1739 0.0792 0.2111 0.5357 
     D244010  7 0.1349 0.2089 0.1194 0.5368 
     D244011  7 0.3811 0.3402 0.0976 0.1811 
     D244012  7 0.1185 0.4292 0.2031 0.2492 
     D244013  7 0.2053 0.4781 0.2151 0.1016 
     D244014  7 0.1291 0.4400 0.1312 0.2997 
     D244015  7 0.0875 0.1675 0.2352 0.5098 
     D244125  7 0.3077 0.3487 0.2664 0.0773 
     D244126  7 0.0280 0.0377 0.0440 0.8903 
     D244130  7 0.2754 0.2014 0.1581 0.3651 
     D244131  7 0.2381 0.1480 0.4105 0.2034 
     D244132  7 0.4644 0.0649 0.3900 0.0807 
        D520  7 0.3505 0.0809 0.1160 0.4526 
        D521  7 0.2555 0.1830 0.2972 0.2643 
        D522  7 0.0950 0.0875 0.2654 0.5521 
        D523  7 0.1048 0.7565 0.0759 0.0628 
        D524  7 0.2486 0.3903 0.1611 0.2000 
        D525  7 0.0647 0.3316 0.0747 0.5291 
        D526  7 0.0370 0.0624 0.1013 0.7993 
        D527  7 0.1517 0.1981 0.4468 0.2034 
        D528  7 0.0319 0.0844 0.1781 0.7056 
        D558  7 0.0749 0.2128 0.5107 0.2017 
        D559  7 0.0413 0.3028 0.5010 0.1549 
        D640  7 0.3713 0.2896 0.2171 0.1220 
        D641  7 0.4666 0.2437 0.0525 0.2371 
        D642  7 0.1428 0.2179 0.1012 0.5380 
        D644  7 0.3822 0.1771 0.1392 0.3015 
        D645  7 0.2156 0.4118 0.1391 0.2336 
        D662  7 0.1710 0.0327 0.2806 0.5157 
        D687  7 0.1777 0.4395 0.2403 0.1425 
        D688  7 0.0729 0.1836 0.4817 0.2618 
        D689  7 0.2806 0.2876 0.2696 0.1622 
        D700  7 0.0349 0.1240 0.2213 0.6198 
        D797  7 0.2844 0.2589 0.2958 0.1609 
        D798  7 0.0925 0.0627 0.1486 0.6961 
        D799  7 0.0792 0.6105 0.0694 0.2409 
        D800  7 0.0498 0.1482 0.6751 0.1268 
        D132  8 0.0612 0.0398 0.0694 0.8295 
        D133  8 0.0277 0.8379 0.0371 0.0973 
        D200  8 0.4051 0.3319 0.1197 0.1434 
        D500  8 0.0558 0.0316 0.0589 0.8538 
        D614  8 0.6004 0.0840 0.1474 0.1682 
        D723  8 0.0919 0.1510 0.4678 0.2893 
        D888  8 0.0439 0.8216 0.0808 0.0537 
        D901  8 0.1652 0.1608 0.0553 0.6188 
        D902  8 0.7598 0.0705 0.0748 0.0949 
        D903  8 0.1864 0.1035 0.6439 0.0662 
        D904  8 0.1666 0.1487 0.4751 0.2096 
        D905  8 0.1633 0.7679 0.0346 0.0342 
        D906  8 0.0568 0.6527 0.1508 0.1397 
        D937  8 0.8344 0.0802 0.0295 0.0559 
        D943  8 0.1325 0.2381 0.2336 0.3959 
        D972  8 0.1036 0.1116 0.3400 0.4448 
        D973  8 0.0984 0.0508 0.6771 0.1738 
        D974  8 0.3414 0.1853 0.2091 0.2642 
        D975  8 0.5024 0.2293 0.1379 0.1303 
        D976  8 0.3805 0.2727 0.1040 0.2428 
        D201  9 0.0930 0.5675 0.1881 0.1514 
        D202  9 0.3216 0.4427 0.0559 0.1798 
     D237259  9 0.0484 0.1342 0.4343 0.3830 
     D237260  9 0.0924 0.5774 0.0424 0.2878 
     D237262  9 0.0568 0.0392 0.0510 0.8530 
     D237263  9 0.0596 0.2383 0.1191 0.5830 
     D237264  9 0.2479 0.2156 0.1648 0.3717 
     D237265  9 0.0748 0.7853 0.0501 0.0899 
     D237266  9 0.0428 0.5975 0.1074 0.2523 
     D237267  9 0.4934 0.1109 0.0973 0.2984 
     D237268  9 0.1466 0.0856 0.1167 0.6512 
     D237289  9 0.3324 0.4663 0.0616 0.1397 
     D237290  9 0.0362 0.8579 0.0406 0.0652 
     D237291  9 0.0954 0.7403 0.0597 0.1046 
     D237292  9 0.0570 0.6184 0.0637 0.2609 
     D237293  9 0.3412 0.1456 0.1413 0.3719 
     D237294  9 0.1553 0.2838 0.0509 0.5100 
     D237295  9 0.2603 0.0595 0.3821 0.2981 
     D237296  9 0.1915 0.3143 0.1302 0.3640 
     D237297  9 0.7267 0.1052 0.0849 0.0832 
     D237298  9 0.1301 0.2521 0.3766 0.2413 
     D237341  9 0.0882 0.5458 0.1805 0.1856 
     D237342  9 0.1845 0.0953 0.0734 0.6469 
     D237343  9 0.0808 0.3972 0.1205 0.4015 
     D237344  9 0.5739 0.2160 0.0962 0.1139 
     D237345  9 0.0368 0.0716 0.0617 0.8299 
     D237346  9 0.1670 0.5829 0.0581 0.1919 
     D237347  9 0.5107 0.2560 0.1201 0.1131 
     D237348  9 0.2706 0.2339 0.1559 0.3396 
     D237349  9 0.0472 0.2987 0.4050 0.2491 
     D244109  9 0.0324 0.6634 0.1399 0.1643 
     D244110  9 0.0519 0.7332 0.1075 0.1073 
     D244111  9 0.1892 0.3656 0.2092 0.2360 
     D244128  9 0.0898 0.0745 0.0612 0.7744 
     D244137  9 0.0856 0.0793 0.6379 0.1971 
     D244138  9 0.2733 0.4809 0.0796 0.1663 
        D580  9 0.1571 0.0486 0.1425 0.6518 
        D581  9 0.0424 0.8534 0.0394 0.0648 
        D582  9 0.0477 0.0316 0.0330 0.8877 
        D583  9 0.0495 0.7635 0.0467 0.1403 
        D584  9 0.5998 0.0899 0.0547 0.2556 
        D585  9 0.0532 0.2342 0.0727 0.6400 
        D586  9 0.0887 0.7955 0.0635 0.0524 
        D651  9 0.1656 0.1761 0.5254 0.1329 
        D652  9 0.0417 0.1327 0.3676 0.4580 
        D653  9 0.0930 0.4131 0.3879 0.1060 
        D654  9 0.0726 0.3519 0.3877 0.1877 
        D655  9 0.2957 0.4388 0.1478 0.1177 
        D656  9 0.0751 0.0671 0.0812 0.7766 
        D657  9 0.2146 0.2630 0.1593 0.3631 
        D667  9 0.4566 0.3116 0.1041 0.1277 
        D668  9 0.2126 0.2374 0.0963 0.4536 
        D669  9 0.1057 0.6254 0.0991 0.1698 
        D670  9 0.0895 0.0868 0.7036 0.1201 
        D671  9 0.0704 0.7220 0.0832 0.1244 
        D672  9 0.0709 0.1299 0.0639 0.7353 
        D673  9 0.3588 0.1712 0.1415 0.3286 
        D692  9 0.0622 0.2120 0.0804 0.6454 
        D693  9 0.3482 0.1712 0.1898 0.2908 
        D694  9 0.0990 0.0955 0.0463 0.7592 
        D695  9 0.1038 0.1205 0.2932 0.4825 
        D696  9 0.8943 0.0383 0.0348 0.0325 
        D697  9 0.4854 0.2054 0.1767 0.1325 
        D698  9 0.3621 0.4442 0.0678 0.1258 
        D699  9 0.6683 0.1496 0.0380 0.1441 
        D787  9 0.0602 0.1748 0.4494 0.3155 
        D788  9 0.6531 0.0618 0.0943 0.1909 
        D789  9 0.3964 0.2077 0.0717 0.3242 
        D790  9 0.1189 0.2703 0.2675 0.3433 
        D791  9 0.2511 0.6008 0.0505 0.0977 
        D792  9 0.0544 0.2535 0.4686 0.2235 
        D793  9 0.4549 0.1615 0.2992 0.0844 
        D794  9 0.3322 0.1914 0.3599 0.1165 
        D795  9 0.1961 0.0963 0.0380 0.6695 
        D796  9 0.1598 0.5944 0.0637 0.1821 
        D142 10 0.5437 0.1627 0.1997 0.0939 
        D143 10 0.1363 0.7015 0.0779 0.0843 
        D144 10 0.2952 0.1392 0.2721 0.2935 
        D145 10 0.0556 0.8075 0.0722 0.0647 
        D146 10 0.1604 0.0576 0.0861 0.6959 
        D147 10 0.1919 0.1871 0.2271 0.3939 
        D148 10 0.1499 0.1088 0.4041 0.3372 
        D149 10 0.0494 0.7778 0.1028 0.0700 
        D151 10 0.1024 0.2629 0.1904 0.4443 
        D152 10 0.0378 0.8912 0.0341 0.0370 
        D153 10 0.2871 0.0528 0.5591 0.1010 
        D156 10 0.1024 0.1544 0.6743 0.0689 
        D157 10 0.6134 0.1104 0.0946 0.1817 
        D158 10 0.4106 0.3045 0.0549 0.2300 
        D159 10 0.0583 0.8389 0.0655 0.0374 
        D160 10 0.2496 0.6584 0.0306 0.0614 
        D161 10 0.2139 0.2081 0.3944 0.1837 
        D162 10 0.1936 0.2623 0.4883 0.0558 
        D169 10 0.0519 0.0803 0.0918 0.7759 
        D170 10 0.1711 0.0660 0.1040 0.6589 
        D171 10 0.6016 0.0878 0.1485 0.1622 
        D172 10 0.2003 0.2505 0.3196 0.2296 
        D173 10 0.0237 0.7732 0.1237 0.0794 
        D181 10 0.5657 0.1774 0.1697 0.0872 
        D182 10 0.0713 0.5215 0.2087 0.1986 
        D183 10 0.7631 0.0584 0.0909 0.0876 
        D184 10 0.0279 0.0272 0.1236 0.8212 
        D185 10 0.1480 0.1062 0.4977 0.2480 
        D186 10 0.0471 0.0909 0.0481 0.8140 
        D194 10 0.1381 0.0789 0.1975 0.5854 
        D195 10 0.2741 0.4167 0.2271 0.0822 
        D196 10 0.1606 0.3421 0.4447 0.0527 
        D197 10 0.0903 0.2237 0.0435 0.6425 
        D198 10 0.2449 0.0666 0.3782 0.3102 
     D237226 10 0.0475 0.6697 0.0967 0.1860 
     D237232 10 0.3836 0.3707 0.0899 0.1558 
     D237233 10 0.2161 0.6088 0.0583 0.1168 
     D237234 10 0.5544 0.1812 0.1417 0.1228 
     D237354 10 0.0408 0.8879 0.0376 0.0337 
     D237355 10 0.1081 0.7191 0.0838 0.0890 
     D237356 10 0.4149 0.0477 0.3340 0.2034 
     D237357 10 0.1240 0.4209 0.1307 0.3244 
     D237358 10 0.0819 0.1629 0.3953 0.3600 
     D237369 10 0.0393 0.0606 0.0891 0.8110 
     D237370 10 0.7463 0.0974 0.0680 0.0883 
     D237371 10 0.0780 0.1158 0.5102 0.2960 
     D237372 10 0.0659 0.4085 0.1129 0.4128 
     D237373 10 0.4425 0.3858 0.0786 0.0930 
     D237374 10 0.1994 0.7059 0.0494 0.0453 
     D237375 10 0.1421 0.3660 0.2896 0.2023 
     D237400 10 0.0474 0.8868 0.0351 0.0307 
     D244002 10 0.0610 0.1306 0.2482 0.5602 
     D244003 10 0.3672 0.5400 0.0316 0.0612 
     D244004 10 0.8936 0.0358 0.0242 0.0465 
     D244005 10 0.0558 0.6082 0.0777 0.2582 
     D244020 10 0.3793 0.1478 0.3160 0.1570 
     D244021 10 0.1199 0.2722 0.0928 0.5151 
     D244116 10 0.1956 0.1137 0.1637 0.5270 
     D244117 10 0.4352 0.4025 0.0825 0.0798 
     D244121 10 0.6377 0.2064 0.0509 0.1051 
     D244123 10 0.4822 0.3091 0.0934 0.1153 
     D244124 10 0.1853 0.3171 0.0504 0.4473 
        D332 10 0.1156 0.0887 0.7156 0.0801 
        D570 10 0.7670 0.0641 0.1017 0.0671 
        D602 10 0.0717 0.0760 0.7850 0.0673 
        D603 10 0.4360 0.2662 0.0831 0.2147 
        D604 10 0.1438 0.3319 0.4513 0.0730 
        D605 10 0.1071 0.1737 0.5570 0.1622 
        D606 10 0.2735 0.0580 0.0787 0.5898 
        D607 10 0.0492 0.0594 0.8254 0.0660 
        D608 10 0.0310 0.8566 0.0857 0.0267 
        D609 10 0.5954 0.0512 0.2431 0.1103 
        D610 10 0.3723 0.1816 0.2742 0.1718 
        D611 10 0.9070 0.0287 0.0351 0.0292 
        D613 10 0.2549 0.1428 0.5098 0.0926 
        D633 10 0.0584 0.1566 0.6741 0.1109 
        D634 10 0.5707 0.1312 0.1047 0.1934 
        D638 10 0.0606 0.8434 0.0444 0.0517 
        D681 10 0.5250 0.1231 0.0958 0.2561 
        D754 10 0.4470 0.1038 0.0502 0.3991 
        D755 10 0.4116 0.5154 0.0272 0.0459 
        D756 10 0.6234 0.1331 0.0586 0.1850 
        D757 10 0.1213 0.4346 0.2025 0.2417 
        D758 10 0.2807 0.1954 0.2415 0.2824 
        D759 10 0.3176 0.5338 0.0681 0.0806 
        D760 10 0.3579 0.3444 0.1695 0.1281 
        D761 10 0.0557 0.8805 0.0300 0.0338 
        D762 10 0.0786 0.0809 0.7385 0.1020 
        D775 10 0.6448 0.2086 0.0371 0.1095 
        D776 10 0.1009 0.7960 0.0428 0.0604 
        D777 10 0.4616 0.2430 0.0772 0.2181 
        D778 10 0.0560 0.6842 0.0457 0.2142 
        D779 10 0.4770 0.1636 0.0653 0.2941 
        D780 10 0.1682 0.5229 0.2109 0.0980 
        D781 10 0.1761 0.1885 0.5253 0.1101 
        D858 10 0.0321 0.0923 0.0381 0.8375 
        D933 10 0.1904 0.2928 0.4148 0.1020 
        D038 11 0.1428 0.5057 0.1563 0.1952 
        D063 11 0.3759 0.4526 0.0758 0.0958 
        D155 11 0.3681 0.3382 0.1771 0.1166 
        D175 11 0.5964 0.0834 0.0591 0.2612 
        D176 11 0.2105 0.6519 0.0534 0.0843 
        D205 11 0.6714 0.0438 0.0727 0.2121 
     D237229 11 0.0571 0.3502 0.3556 0.2371 
     D237230 11 0.0537 0.1406 0.5998 0.2059 
     D237231 11 0.0676 0.0781 0.7880 0.0663 
     D237269 11 0.1110 0.3743 0.3299 0.1848 
     D237270 11 0.0490 0.0960 0.1587 0.6963 
     D237271 11 0.6272 0.0939 0.1650 0.1139 
     D237272 11 0.0699 0.1418 0.5463 0.2420 
     D237273 11 0.6956 0.1574 0.0772 0.0699 
     D237301 11 0.1458 0.0765 0.7194 0.0584 
     D237302 11 0.1212 0.1872 0.1595 0.5321 
     D237303 11 0.0451 0.2040 0.1913 0.5596 
     D237304 11 0.2568 0.1582 0.3527 0.2323 
     D237305 11 0.1537 0.1449 0.0784 0.6231 
     D237314 11 0.4253 0.2220 0.1484 0.2043 
     D237315 11 0.0754 0.1189 0.1749 0.6308 
     D237316 11 0.1277 0.0470 0.7737 0.0517 
     D237328 11 0.2315 0.0478 0.4368 0.2839 
     D237329 11 0.1155 0.4477 0.1318 0.3050 
     D237330 11 0.7051 0.1615 0.0688 0.0646 
     D237331 11 0.4103 0.2926 0.1746 0.1224 
     D237332 11 0.3193 0.1178 0.4176 0.1453 
     D237333 11 0.3183 0.5612 0.0744 0.0461 
     D237334 11 0.1130 0.0645 0.7532 0.0693 
     D237335 11 0.3781 0.0841 0.3406 0.1973 
     D237336 11 0.1526 0.5571 0.1311 0.1593 
     D237350 11 0.6943 0.1167 0.1232 0.0658 
     D237383 11 0.2415 0.3463 0.0744 0.3378 
     D237384 11 0.0868 0.0952 0.5430 0.2750 
     D237385 11 0.2468 0.2450 0.2642 0.2440 
     D237386 11 0.1743 0.1520 0.5610 0.1127 
     D237387 11 0.1370 0.0528 0.6403 0.1699 
     D237388 11 0.7913 0.0529 0.1088 0.0470 
        D239 11 0.4240 0.2861 0.1993 0.0906 
        D240 11 0.0694 0.7922 0.0509 0.0874 
        D241 11 0.0892 0.2075 0.3049 0.3985 
        D242 11 0.1364 0.2419 0.5048 0.1169 
        D243 11 0.4372 0.2038 0.1531 0.2059 
        D244 11 0.6983 0.0662 0.0865 0.1490 
