        D174  1 0.0874 0.1281 0.0871 0.2006 0.4337 0.0379 0.0252 
        D199  1 0.0547 0.1200 0.2484 0.1137 0.1935 0.2152 0.0545 
        D203  1 0.0821 0.0977 0.3020 0.1743 0.0844 0.1965 0.0630 
        D204  1 0.0272 0.0264 0.7640 0.0494 0.0225 0.0292 0.0813 
     D237366  1 0.2407 0.1941 0.0910 0.1023 0.0824 0.0735 0.2158 
     D237367  1 0.1361 0.1489 0.4500 0.1155 0.0389 0.0456 0.0651 
     D237368  1 0.4947 0.0763 0.1391 0.0506 0.1201 0.0663 0.0529 
     D244101  1 0.0233 0.0938 0.2455 0.0423 0.0270 0.1606 0.4075 
     D244102  1 0.0969 0.1024 0.1039 0.4335 0.0537 0.0600 0.1497 
     D244103  1 0.0923 0.4480 0.1997 0.0911 0.0581 0.0437 0.0671 
     D244104  1 0.0722 0.0458 0.5865 0.0249 0.1833 0.0473 0.0401 
     D244105  1 0.2757 0.2593 0.1928 0.1588 0.0231 0.0437 0.0465 
     D244106  1 0.0315 0.0856 0.0771 0.1442 0.5278 0.1046 0.0291 
     D244107  1 0.5500 0.1384 0.0882 0.0236 0.0243 0.0761 0.0995 
     D244108  1 0.1692 0.0482 0.1153 0.1435 0.4256 0.0537 0.0445 
     D244113  1 0.0495 0.0507 0.0254 0.3114 0.3979 0.0469 0.1181 
     D244114  1 0.0441 0.3110 0.1020 0.1999 0.1281 0.1021 0.1128 
     D244115  1 0.1859 0.1427 0.1850 0.1068 0.3057 0.0314 0.0425 
     D267365  1 0.0598 0.0962 0.3631 0.0738 0.2768 0.0613 0.0690 
        D404  1 0.0283 0.0431 0.0334 0.5972 0.1838 0.0389 0.0753 
        D405  1 0.0472 0.0639 0.1177 0.5250 0.0694 0.0857 0.0911 
        D406  1 0.7430 0.0227 0.0839 0.0356 0.0445 0.0190 0.0513 
        D407  1 0.0730 0.1961 0.6021 0.0256 0.0316 0.0544 0.0172 
        D408  1 0.0380 0.1438 0.0657 0.1238 0.5170 0.0608 0.0509 
        D409  1 0.0503 0.6299 0.0862 0.0800 0.0623 0.0390 0.0523 
        D410  1 0.7097 0.0361 0.1157 0.0358 0.0410 0.0148 0.0469 
        D421  1 0.0242 0.0284 0.8672 0.0113 0.0306 0.0234 0.0149 
        D422  1 0.7401 0.0862 0.0832 0.0216 0.0167 0.0324 0.0198 
        D423  1 0.7584 0.0379 0.0953 0.0317 0.0200 0.0395 0.0172 
        D424  1 0.0661 0.1267 0.6804 0.0372 0.0354 0.0224 0.0318 
        D425  1 0.0444 0.0644 0.5536 0.1165 0.1394 0.0357 0.0460 
        D426  1 0.0395 0.7597 0.0578 0.0210 0.0335 0.0675 0.0211 
        D427  1 0.0281 0.0374 0.2127 0.0212 0.2744 0.4093 0.0169 
        D428  1 0.0971 0.1086 0.3703 0.1133 0.1851 0.0544 0.0712 
        D429  1 0.0541 0.0905 0.3761 0.1479 0.1987 0.0662 0.0664 
        D430  1 0.0434 0.2585 0.0992 0.3404 0.1255 0.0922 0.0408 
        D491  1 0.0370 0.0599 0.0743 0.0484 0.7301 0.0204 0.0299 
        D492  1 0.1689 0.1316 0.2686 0.1594 0.1393 0.0536 0.0786 
        D537  1 0.0658 0.0562 0.7341 0.0378 0.0278 0.0228 0.0556 
        D538  1 0.2217 0.1013 0.0603 0.3883 0.0916 0.0721 0.0647 
        D539  1 0.0967 0.1844 0.0550 0.1649 0.2398 0.1059 0.1533 
        D540  1 0.0927 0.3353 0.3010 0.0949 0.0809 0.0486 0.0466 
        D541  1 0.0309 0.0315 0.8490 0.0161 0.0210 0.0258 0.0257 
        D551  1 0.0504 0.4234 0.1255 0.0359 0.0516 0.2689 0.0442 
        D552  1 0.2788 0.1310 0.1643 0.0289 0.2658 0.0366 0.0946 
        D553  1 0.0223 0.0313 0.8658 0.0137 0.0276 0.0176 0.0217 
        D615  1 0.1258 0.1114 0.3975 0.1432 0.0792 0.1053 0.0377 
        D616  1 0.2125 0.1941 0.3028 0.0583 0.1006 0.1072 0.0246 
        D621  1 0.5196 0.0582 0.0266 0.0506 0.1126 0.0281 0.2044 
        D622  1 0.6924 0.0670 0.0500 0.0392 0.0500 0.0232 0.0780 
        D623  1 0.0431 0.0512 0.0438 0.2125 0.2642 0.1571 0.2282 
        D624  1 0.0313 0.0312 0.0453 0.0438 0.8122 0.0199 0.0164 
        D625  1 0.0820 0.0847 0.6017 0.0541 0.1035 0.0244 0.0496 
        D626  1 0.1703 0.0757 0.1191 0.0852 0.4512 0.0420 0.0565 
        D627  1 0.0304 0.7185 0.0894 0.0384 0.0451 0.0488 0.0293 
        D690  1 0.0708 0.0310 0.7784 0.0201 0.0567 0.0136 0.0294 
        D691  1 0.6521 0.0720 0.1283 0.0398 0.0452 0.0261 0.0363 
        D710  1 0.1812 0.1329 0.2102 0.0798 0.1918 0.0432 0.1608 
        D711  1 0.0501 0.0311 0.7505 0.0561 0.0338 0.0332 0.0452 
        D712  1 0.0458 0.0716 0.0448 0.0732 0.6565 0.0464 0.0617 
        D713  1 0.0982 0.0998 0.2428 0.2301 0.1664 0.0281 0.1346 
        D746  1 0.8098 0.0349 0.0594 0.0192 0.0275 0.0201 0.0289 
        D747  1 0.0183 0.0194 0.8650 0.0198 0.0230 0.0268 0.0277 
        D748  1 0.1805 0.1473 0.4241 0.0871 0.0564 0.0253 0.0792 
        D749  1 0.4858 0.1101 0.0296 0.0941 0.1029 0.0644 0.1131 
        D750  1 0.0814 0.0399 0.1239 0.0553 0.6314 0.0258 0.0423 
        D763  1 0.0694 0.2138 0.1387 0.0680 0.0363 0.1724 0.3015 
        D764  1 0.1240 0.0544 0.5220 0.0275 0.2290 0.0202 0.0228 
        D765  1 0.4706 0.0871 0.0607 0.1304 0.2014 0.0239 0.0259 
        D766  1 0.5172 0.0860 0.1708 0.0437 0.0499 0.0304 0.1020 
        D767  1 0.1018 0.0553 0.1405 0.3387 0.0380 0.0876 0.2382 
        D768  1 0.0223 0.0217 0.8843 0.0149 0.0190 0.0202 0.0176 
        D811  1 0.0568 0.0874 0.0425 0.6090 0.1501 0.0246 0.0295 
        D816  1 0.0251 0.0225 0.8526 0.0216 0.0336 0.0195 0.0251 
        D825  1 0.1485 0.1494 0.1696 0.2419 0.2263 0.0236 0.0407 
        D866  1 0.0570 0.1317 0.0649 0.0888 0.3603 0.2639 0.0334 
        D867  1 0.6934 0.0526 0.0322 0.0446 0.0357 0.0453 0.0962 
        D871  1 0.0280 0.7535 0.0539 0.0575 0.0437 0.0243 0.0389 
        D872  1 0.1659 0.0388 0.3689 0.2757 0.0447 0.0461 0.0599 
        D873  1 0.8722 0.0162 0.0101 0.0446 0.0163 0.0162 0.0244 
        D874  1 0.0191 0.0451 0.1016 0.0567 0.1050 0.0291 0.6435 
        D875  1 0.0640 0.7472 0.0547 0.0696 0.0225 0.0166 0.0254 
        D876  1 0.0760 0.0757 0.4995 0.0514 0.1386 0.0317 0.1270 
        D877  1 0.0179 0.0487 0.0459 0.6831 0.1125 0.0295 0.0625 
        D892  1 0.0750 0.0775 0.4431 0.1734 0.1457 0.0219 0.0635 
        D893  1 0.0568 0.0975 0.6347 0.0304 0.0313 0.0432 0.1061 
        D894  1 0.0526 0.1376 0.5192 0.0710 0.0961 0.0567 0.0668 
        D915  1 0.1065 0.0767 0.6432 0.0463 0.0588 0.0398 0.0288 
        D916  1 0.0270 0.0301 0.8624 0.0190 0.0234 0.0178 0.0202 
        D917  1 0.0480 0.1260 0.1156 0.0707 0.4143 0.0909 0.1345 
        D925  1 0.6464 0.0277 0.1395 0.0303 0.1013 0.0316 0.0230 
        D926  1 0.0591 0.1443 0.5301 0.0509 0.0898 0.0318 0.0941 
        D927  1 0.0429 0.1131 0.3703 0.0948 0.0754 0.2380 0.0655 
        D928  1 0.0208 0.0203 0.0949 0.0382 0.7851 0.0180 0.0227 
        D929  1 0.0487 0.0591 0.0386 0.3712 0.0488 0.0307 0.4030 
        D936  1 0.0293 0.0572 0.5258 0.0420 0.0427 0.0686 0.2344 
        D938  1 0.8101 0.0364 0.0311 0.0260 0.0298 0.0190 0.0476 
        D956  1 0.0331 0.0898 0.0364 0.2738 0.4872 0.0476 0.0321 
        D957  1 0.2824 0.0542 0.2694 0.2063 0.0559 0.0435 0.0883 
        D958  1 0.2498 0.0721 0.3457 0.0902 0.1443 0.0209 0.0770 
        D959  1 0.0703 0.1779 0.6431 0.0266 0.0231 0.0436 0.0154 
        D960  1 0.7809 0.0302 0.0322 0.0573 0.0359 0.0235 0.0400 
        D989  1 0.0289 0.0704 0.0538 0.0625 0.6309 0.1057 0.0479 
        D990  1 0.7238 0.0569 0.0217 0.0193 0.0891 0.0566 0.0325 
        D023  2 0.7906 0.0530 0.0616 0.0172 0.0267 0.0222 0.0287 
        D130  2 0.6190 0.0533 0.1173 0.1082 0.0204 0.0412 0.0405 
        D131  2 0.0437 0.3674 0.3267 0.0782 0.0596 0.0602 0.0642 
        D163  2 0.6452 0.0505 0.1423 0.0235 0.0699 0.0212 0.0473 
        D164  2 0.4712 0.0169 0.0171 0.0193 0.0135 0.4450 0.0171 
        D165  2 0.7796 0.0570 0.0507 0.0186 0.0266 0.0373 0.0300 
        D166  2 0.0435 0.0957 0.0528 0.6775 0.0215 0.0391 0.0699 
        D167  2 0.0169 0.0205 0.0200 0.0983 0.0356 0.7932 0.0155 
        D192  2 0.0189 0.0203 0.0123 0.0226 0.0209 0.8750 0.0299 
        D193  2 0.0461 0.0744 0.0354 0.5079 0.1796 0.0471 0.1095 
        D206  2 0.0921 0.2272 0.2503 0.0515 0.0317 0.2606 0.0866 
        D207  2 0.0294 0.1009 0.0484 0.1505 0.0232 0.6213 0.0263 
        D208  2 0.0587 0.1129 0.0613 0.1020 0.2978 0.2562 0.1111 
        D209  2 0.0924 0.1536 0.0692 0.0549 0.0366 0.2839 0.3093 
        D210  2 0.0279 0.0620 0.0732 0.0368 0.5956 0.1549 0.0496 
     D229599  2 0.1208 0.1021 0.2387 0.0785 0.0988 0.0642 0.2969 
     D229600  2 0.4206 0.0674 0.0482 0.1044 0.0224 0.3005 0.0365 
     D237227  2 0.2202 0.0627 0.0541 0.0589 0.4910 0.0748 0.0384 
     D237228  2 0.3392 0.1214 0.0248 0.1314 0.2559 0.0974 0.0298 
     D237258  2 0.1743 0.1934 0.0860 0.1257 0.1288 0.2200 0.0719 
     D237310  2 0.2847 0.1019 0.0186 0.4259 0.0481 0.0630 0.0578 
     D237311  2 0.4816 0.0634 0.0179 0.1725 0.0285 0.2084 0.0278 
     D237312  2 0.1289 0.1022 0.0436 0.5765 0.0533 0.0257 0.0698 
     D237313  2 0.1366 0.1372 0.2627 0.0556 0.2053 0.0459 0.1567 
     D237322  2 0.0845 0.1922 0.0398 0.2080 0.1323 0.1444 0.1987 
     D237323  2 0.4921 0.0706 0.0227 0.1686 0.1599 0.0421 0.0439 
     D237324  2 0.3177 0.1541 0.0681 0.0456 0.0257 0.2807 0.1081 
     D237325  2 0.3684 0.0984 0.0577 0.1928 0.0856 0.0720 0.1251 
     D237326  2 0.6609 0.0566 0.0899 0.0345 0.0834 0.0377 0.0370 
     D237327  2 0.0674 0.2093 0.0716 0.0684 0.0744 0.2847 0.2242 
     D237337  2 0.6578 0.0691 0.0420 0.0902 0.0779 0.0296 0.0335 
     D237338  2 0.2504 0.1233 0.0869 0.0777 0.1255 0.1022 0.2340 
     D237339  2 0.0306 0.0581 0.0524 0.0479 0.0224 0.1303 0.6584 
     D237340  2 0.2083 0.0768 0.0301 0.2234 0.1776 0.2171 0.0668 
     D237389  2 0.3700 0.0669 0.0276 0.4048 0.0220 0.0725 0.0361 
     D237390  2 0.1566 0.1001 0.0843 0.4247 0.0854 0.0426 0.1063 
     D244017  2 0.0470 0.0769 0.0335 0.3292 0.2175 0.2669 0.0291 
     D244112  2 0.0394 0.0385 0.0198 0.0999 0.0248 0.7527 0.0249 
     D244118  2 0.3412 0.0220 0.0152 0.0334 0.0277 0.5149 0.0456 
     D244119  2 0.0241 0.0235 0.0239 0.0356 0.5999 0.2766 0.0163 
     D244120  2 0.0264 0.0594 0.0136 0.4018 0.0577 0.3688 0.0723 
     D244122  2 0.0526 0.0425 0.0350 0.1150 0.0489 0.6490 0.0570 
        D291  2 0.0503 0.4258 0.0863 0.0806 0.0341 0.2779 0.0450 
        D292  2 0.0605 0.0648 0.2425 0.0682 0.1156 0.3708 0.0777 
        D293  2 0.0169 0.0830 0.1508 0.0202 0.0247 0.6170 0.0875 
        D322  2 0.0665 0.0911 0.1314 0.0486 0.0343 0.4767 0.1512 
        D323  2 0.0513 0.2348 0.1230 0.1839 0.0634 0.1511 0.1926 
        D324  2 0.1181 0.3783 0.2159 0.0402 0.0848 0.1320 0.0308 
        D325  2 0.0203 0.0368 0.0493 0.0153 0.0144 0.8253 0.0386 
        D326  2 0.0159 0.0287 0.8542 0.0182 0.0423 0.0214 0.0193 
        D340  2 0.0228 0.0272 0.0267 0.0136 0.0224 0.8632 0.0241 
        D341  2 0.0430 0.0738 0.0607 0.0584 0.0543 0.6536 0.0562 
        D342  2 0.1329 0.1440 0.0358 0.0959 0.0270 0.5243 0.0401 
        D343  2 0.0121 0.0193 0.0256 0.0110 0.0100 0.9060 0.0160 
        D344  2 0.0355 0.0557 0.1236 0.1903 0.0326 0.0543 0.5080 
        D345  2 0.2056 0.1051 0.1869 0.0369 0.0718 0.0575 0.3362 
        D346  2 0.0425 0.1277 0.0778 0.0719 0.5435 0.0687 0.0679 
        D351  2 0.0520 0.3449 0.2880 0.0937 0.0366 0.0915 0.0933 
        D352  2 0.0403 0.0779 0.0352 0.0583 0.0710 0.0430 0.6742 
        D353  2 0.0238 0.2260 0.3347 0.0453 0.0266 0.0573 0.2863 
        D354  2 0.0377 0.0362 0.0709 0.0363 0.0737 0.0170 0.7281 
        D362  2 0.0791 0.0453 0.7440 0.0333 0.0425 0.0285 0.0273 
        D363  2 0.0529 0.0431 0.7263 0.0313 0.0827 0.0309 0.0328 
        D364  2 0.0550 0.0426 0.3428 0.0466 0.0624 0.0234 0.4272 
        D365  2 0.0157 0.0244 0.0447 0.0152 0.0220 0.8445 0.0335 
        D369  2 0.0872 0.1675 0.2228 0.0754 0.2182 0.1906 0.0383 
        D374  2 0.0281 0.0205 0.0212 0.4742 0.3947 0.0262 0.0352 
        D375  2 0.0186 0.0338 0.0298 0.0483 0.0250 0.0198 0.8246 
        D376  2 0.0488 0.0352 0.0255 0.3504 0.4289 0.0368 0.0743 
        D377  2 0.1552 0.2173 0.0460 0.2793 0.1031 0.0769 0.1221 
        D378  2 0.0826 0.1683 0.1309 0.0264 0.0359 0.2304 0.3255 
        D379  2 0.0264 0.0520 0.7492 0.0388 0.0393 0.0225 0.0717 
        D384  2 0.0190 0.0216 0.8667 0.0153 0.0419 0.0164 0.0191 
        D385  2 0.0253 0.0386 0.0272 0.0419 0.0436 0.6983 0.1251 
        D386  2 0.0597 0.0949 0.1252 0.0465 0.0230 0.0509 0.5998 
        D391  2 0.0250 0.0387 0.0442 0.0308 0.0229 0.7322 0.1061 
        D392  2 0.1057 0.0480 0.0818 0.0710 0.0719 0.5849 0.0368 
        D393  2 0.0693 0.1351 0.3178 0.0261 0.0424 0.1343 0.2750 
        D394  2 0.2730 0.1110 0.0882 0.1382 0.0602 0.0776 0.2518 
        D395  2 0.0245 0.0656 0.0247 0.0538 0.0300 0.1798 0.6216 
        D401  2 0.7292 0.0507 0.0256 0.0844 0.0627 0.0319 0.0155 
        D402  2 0.0241 0.0501 0.0198 0.0273 0.0235 0.8041 0.0511 
        D403  2 0.0479 0.1626 0.3853 0.1311 0.0389 0.0362 0.1979 
        D415  2 0.0647 0.1312 0.6558 0.0530 0.0171 0.0264 0.0518 
        D435  2 0.0507 0.0717 0.5306 0.0279 0.0216 0.2244 0.0730 
        D436  2 0.0249 0.0621 0.2035 0.1281 0.0579 0.0284 0.4951 
        D438  2 0.0170 0.0288 0.0219 0.0147 0.0311 0.8657 0.0208 
        D439  2 0.0495 0.0833 0.0653 0.0192 0.0233 0.0496 0.7098 
        D449  2 0.0323 0.1873 0.1973 0.0283 0.0324 0.4940 0.0285 
        D450  2 0.0551 0.2253 0.1276 0.1112 0.2032 0.0300 0.2475 
        D456  2 0.0181 0.0456 0.8513 0.0168 0.0269 0.0168 0.0244 
        D462  2 0.0233 0.0275 0.0463 0.0229 0.0174 0.7439 0.1188 
        D463  2 0.0175 0.0225 0.8577 0.0218 0.0414 0.0126 0.0266 
        D464  2 0.0210 0.1615 0.0944 0.1316 0.0362 0.0719 0.4835 
        D465  2 0.0619 0.1380 0.2779 0.0958 0.0330 0.3619 0.0315 
        D473  2 0.1000 0.0804 0.0316 0.0815 0.5308 0.0428 0.1329 
        D474  2 0.0967 0.0867 0.5724 0.0236 0.0896 0.0880 0.0430 
        D476  2 0.3029 0.0444 0.0345 0.0266 0.0178 0.0492 0.5247 
        D477  2 0.0527 0.1303 0.3125 0.0486 0.0856 0.0380 0.3323 
        D478  2 0.1358 0.2547 0.0775 0.1556 0.1563 0.0717 0.1485 
        D480  2 0.0317 0.1527 0.2499 0.0628 0.1759 0.1243 0.2025 
        D481  2 0.1609 0.0973 0.2250 0.0638 0.1571 0.0872 0.2087 
        D482  2 0.0695 0.0994 0.0278 0.1078 0.1522 0.0546 0.4887 
        D483  2 0.0386 0.0320 0.0196 0.0280 0.0877 0.7727 0.0213 
        D484  2 0.0192 0.0368 0.0167 0.0819 0.0263 0.0350 0.7840 
        D510  2 0.0264 0.0623 0.0309 0.1476 0.6404 0.0467 0.0457 
        D511  2 0.0492 0.0703 0.1143 0.0339 0.0306 0.0622 0.6395 
        D512  2 0.3935 0.1591 0.0281 0.2296 0.0174 0.1301 0.0423 
        D513  2 0.0478 0.1333 0.1357 0.0469 0.0921 0.5048 0.0394 
        D635  2 0.3578 0.1923 0.3020 0.0221 0.0464 0.0429 0.0365 
        D636  2 0.8625 0.0314 0.0266 0.0186 0.0248 0.0180 0.0179 
        D637  2 0.0541 0.1341 0.0482 0.1472 0.0971 0.1914 0.3278 
        D658  2 0.0485 0.0348 0.0265 0.1129 0.1133 0.3944 0.2696 
        D659  2 0.0430 0.0626 0.7337 0.0237 0.0436 0.0378 0.0555 
        D677  2 0.1109 0.1213 0.4228 0.1407 0.0363 0.0934 0.0746 
        D678  2 0.0541 0.0798 0.0426 0.1564 0.0216 0.5928 0.0527 
        D679  2 0.0507 0.1880 0.4991 0.0357 0.0783 0.0781 0.0702 
        D719  2 0.0250 0.0478 0.1659 0.0286 0.4901 0.1947 0.0480 
        D720  2 0.0395 0.0545 0.7300 0.0269 0.0844 0.0421 0.0225 
        D721  2 0.6521 0.0814 0.0671 0.0180 0.0518 0.0633 0.0662 
        D722  2 0.0587 0.0511 0.0365 0.4128 0.3367 0.0620 0.0423 
        D734  2 0.0168 0.0584 0.0272 0.0430 0.2144 0.0841 0.5560 
        D735  2 0.1324 0.2392 0.2638 0.0619 0.1052 0.0751 0.1225 
        D736  2 0.0905 0.1291 0.0790 0.0350 0.4614 0.1141 0.0909 
        D737  2 0.0708 0.0395 0.0212 0.0466 0.0515 0.4566 0.3138 
        D807  2 0.0580 0.1072 0.2180 0.1092 0.2862 0.1007 0.1206 
        D808  2 0.1636 0.2094 0.1000 0.2304 0.0433 0.1465 0.1067 
        D817  2 0.0485 0.1637 0.4850 0.1079 0.0664 0.0283 0.1001 
        D818  2 0.0448 0.3552 0.0961 0.0804 0.0393 0.3126 0.0715 
        D819  2 0.1977 0.2187 0.2268 0.2006 0.0606 0.0447 0.0509 
        D820  2 0.0189 0.0494 0.7356 0.0256 0.0322 0.0487 0.0895 
        D895  2 0.1410 0.1108 0.5063 0.0379 0.0605 0.0623 0.0811 
        D896  2 0.7417 0.0330 0.0311 0.0904 0.0562 0.0229 0.0248 
        D897  2 0.0425 0.1435 0.0390 0.0885 0.0366 0.5947 0.0552 
        D898  2 0.0790 0.2589 0.0791 0.2690 0.0921 0.0745 0.1475 
        D918  2 0.1566 0.2094 0.0652 0.1815 0.1063 0.1108 0.1703 
        D919  2 0.0347 0.1195 0.1884 0.0622 0.0256 0.0927 0.4770 
        D920  2 0.6673 0.0550 0.0342 0.0958 0.0607 0.0390 0.0480 
        D923  2 0.0272 0.0630 0.7010 0.0376 0.0250 0.0352 0.1109 
        D930  2 0.0607 0.2015 0.2060 0.0832 0.1936 0.0618 0.1932 
        D931  2 0.0536 0.0759 0.3192 0.0929 0.0666 0.1126 0.2792 
        D968  2 0.0166 0.0307 0.0306 0.0231 0.0176 0.8583 0.0232 
        D969  2 0.0460 0.1034 0.2483 0.0717 0.1140 0.3293 0.0872 
        D977  2 0.0293 0.0934 0.0537 0.0494 0.0296 0.6759 0.0688 
        D978  2 0.0279 0.4194 0.0360 0.1272 0.0496 0.2856 0.0543 
        D211  3 0.2176 0.3331 0.1190 0.1328 0.0493 0.0442 0.1039 
     D229639  3 0.0444 0.1453 0.1113 0.0769 0.2206 0.3521 0.0494 
     D237212  3 0.0786 0.2484 0.1129 0.0705 0.0475 0.1687 0.2735 
     D237213  3 0.2177 0.2945 0.0923 0.1804 0.0275 0.0468 0.1408 
     D237214  3 0.4245 0.3459 0.0554 0.0664 0.0444 0.0306 0.0328 
     D237215  3 0.0295 0.0361 0.0198 0.1070 0.1237 0.6597 0.0243 
     D237216  3 0.1128 0.5874 0.0730 0.0488 0.0328 0.0525 0.0928 
     D237217  3 0.3173 0.2642 0.2336 0.0584 0.0311 0.0594 0.0360 
     D237218  3 0.0435 0.1520 0.0727 0.0327 0.0945 0.1038 0.5008 
     D237219  3 0.3723 0.1058 0.0761 0.1007 0.2225 0.0695 0.0530 
     D237382  3 0.0617 0.0926 0.0988 0.5564 0.0955 0.0421 0.0528 
     D244127  3 0.4933 0.1332 0.0357 0.0868 0.0374 0.1566 0.0570 
     D244129  3 0.2100 0.2238 0.1343 0.1247 0.0803 0.1232 0.1037 
     D244133  3 0.0881 0.2378 0.1263 0.1562 0.1907 0.1771 0.0238 
     D244134  3 0.1057 0.1104 0.0468 0.0314 0.5575 0.1021 0.0460 
     D244135  3 0.5543 0.1850 0.0604 0.0413 0.0269 0.0749 0.0571 
     D244136  3 0.0709 0.1850 0.2508 0.0942 0.2610 0.1004 0.0377 
        D416  3 0.1420 0.2587 0.1790 0.0635 0.0483 0.2062 0.1023 
        D417  3 0.0339 0.0508 0.7205 0.0870 0.0366 0.0248 0.0465 
        D419  3 0.1674 0.1280 0.2228 0.0749 0.1265 0.1580 0.1225 
        D565  3 0.0251 0.0261 0.0356 0.0170 0.8583 0.0205 0.0173 
        D566  3 0.0524 0.1422 0.0838 0.0755 0.3728 0.2478 0.0254 
        D567  3 0.1214 0.0547 0.6214 0.0406 0.0342 0.0474 0.0803 
        D568  3 0.1337 0.0795 0.2858 0.0674 0.0267 0.1319 0.2750 
        D569  3 0.0631 0.0991 0.0309 0.0777 0.0565 0.0875 0.5852 
        D573  3 0.0243 0.1721 0.1590 0.0307 0.0403 0.5357 0.0379 
        D574  3 0.0639 0.1597 0.0482 0.1749 0.4434 0.0551 0.0547 
        D575  3 0.2803 0.1924 0.1405 0.0428 0.2137 0.0748 0.0555 
        D576  3 0.0230 0.0727 0.0107 0.1138 0.0388 0.7164 0.0247 
        D577  3 0.0657 0.1433 0.5182 0.0836 0.0625 0.0468 0.0799 
        D578  3 0.5578 0.2586 0.0226 0.0634 0.0250 0.0535 0.0191 
        D579  3 0.0766 0.1273 0.1738 0.0462 0.2689 0.1381 0.1692 
        D660  3 0.0897 0.1870 0.0285 0.0873 0.0208 0.5038 0.0829 
        D661  3 0.0484 0.1548 0.0415 0.0507 0.0243 0.4538 0.2265 
        D663  3 0.0227 0.2491 0.0633 0.0849 0.0222 0.4977 0.0600 
        D664  3 0.2495 0.1951 0.0326 0.1579 0.0976 0.2040 0.0634 
        D665  3 0.1148 0.3855 0.0217 0.3084 0.0144 0.0420 0.1133 
        D666  3 0.2374 0.1498 0.1494 0.0707 0.2548 0.0561 0.0818 
        D009  4 0.2245 0.0980 0.1303 0.1025 0.0467 0.0276 0.3704 
        D057  4 0.1630 0.0221 0.0454 0.0381 0.0348 0.1567 0.5400 
        D109  4 0.4880 0.1322 0.0573 0.1394 0.0871 0.0293 0.0666 
     D237222  4 0.4721 0.0493 0.0479 0.1963 0.1381 0.0349 0.0614 
     D237223  4 0.1874 0.1947 0.0829 0.2186 0.1380 0.0975 0.0809 
     D237224  4 0.0608 0.1052 0.1554 0.0575 0.0490 0.2360 0.3362 
     D237225  4 0.1447 0.2465 0.1812 0.0929 0.0836 0.0472 0.2039 
     D237299  4 0.0302 0.5295 0.0246 0.2887 0.0501 0.0402 0.0368 
     D237300  4 0.0400 0.2607 0.0259 0.0392 0.0651 0.5132 0.0559 
     D237306  4 0.0688 0.0721 0.1021 0.2389 0.4241 0.0353 0.0587 
     D237307  4 0.0401 0.1165 0.4550 0.0811 0.2128 0.0585 0.0359 
     D237308  4 0.1384 0.0595 0.0659 0.0450 0.0955 0.3679 0.2277 
     D237309  4 0.1751 0.1622 0.2287 0.0993 0.0408 0.0809 0.2131 
     D237317  4 0.0526 0.0564 0.2030 0.0647 0.5332 0.0393 0.0508 
     D237318  4 0.0201 0.2916 0.0282 0.0352 0.0349 0.5662 0.0237 
     D237319  4 0.1410 0.1978 0.1298 0.3088 0.0619 0.0724 0.0883 
     D237320  4 0.1491 0.2999 0.1312 0.1096 0.0504 0.2049 0.0549 
     D237321  4 0.0700 0.1888 0.0708 0.0547 0.0829 0.4895 0.0433 
     D237397  4 0.1196 0.1281 0.1042 0.1454 0.2445 0.1987 0.0596 
     D237398  4 0.0323 0.4549 0.0947 0.0507 0.0282 0.2904 0.0488 
     D237399  4 0.0828 0.1567 0.1542 0.1174 0.3044 0.1087 0.0758 
     D244001  4 0.4284 0.0583 0.0687 0.1340 0.0367 0.1201 0.1537 
        D289  4 0.0461 0.1148 0.0868 0.0420 0.2792 0.0926 0.3385 
        D290  4 0.0271 0.0992 0.0757 0.6822 0.0286 0.0383 0.0489 
        D294  4 0.0325 0.2259 0.1188 0.1431 0.0421 0.0391 0.3985 
        D295  4 0.0643 0.0955 0.4016 0.1998 0.0755 0.0439 0.1194 
        D301  4 0.6072 0.0487 0.0325 0.1226 0.0687 0.0703 0.0499 
        D302  4 0.0359 0.0536 0.1175 0.0623 0.0235 0.0217 0.6855 
        D303  4 0.0749 0.0456 0.0513 0.0993 0.5517 0.0612 0.1160 
        D304  4 0.0337 0.1770 0.0935 0.4140 0.1503 0.0804 0.0511 
        D305  4 0.0465 0.1224 0.0330 0.0618 0.0180 0.0621 0.6562 
        D306  4 0.0346 0.0891 0.0400 0.7305 0.0421 0.0263 0.0374 
        D307  4 0.7304 0.0370 0.0217 0.0360 0.0753 0.0320 0.0676 
        D327  4 0.0323 0.1186 0.6017 0.0513 0.0855 0.0531 0.0575 
        D328  4 0.0379 0.0616 0.0310 0.1787 0.1171 0.0359 0.5378 
        D329  4 0.0749 0.0679 0.1011 0.0995 0.0537 0.1345 0.4685 
        D330  4 0.1082 0.1519 0.3887 0.1378 0.0244 0.0620 0.1270 
        D331  4 0.0807 0.1278 0.1731 0.3368 0.1396 0.0760 0.0659 
        D333  4 0.0759 0.0812 0.0893 0.1749 0.1271 0.1122 0.3393 
        D334  4 0.0381 0.0807 0.1030 0.0872 0.5764 0.0299 0.0847 
        D335  4 0.0364 0.0421 0.3282 0.1002 0.0375 0.0373 0.4183 
        D370  4 0.1366 0.0642 0.0548 0.4779 0.1184 0.0495 0.0987 
        D371  4 0.0275 0.0400 0.1206 0.0507 0.7059 0.0306 0.0246 
        D372  4 0.0218 0.2082 0.0182 0.1929 0.0533 0.4544 0.0513 
        D373  4 0.6461 0.0673 0.0444 0.0266 0.0283 0.0832 0.1042 
        D455  4 0.6210 0.0433 0.0396 0.0517 0.0376 0.0442 0.1626 
        D490  4 0.7465 0.0419 0.0306 0.0520 0.0325 0.0152 0.0812 
        D497  4 0.6339 0.0566 0.0226 0.0529 0.0338 0.0253 0.1750 
        D498  4 0.0660 0.1150 0.0765 0.5198 0.1173 0.0678 0.0376 
        D499  4 0.0355 0.2158 0.0300 0.1524 0.1624 0.2642 0.1397 
        D514  4 0.0472 0.1652 0.2594 0.2991 0.0242 0.0466 0.1585 
        D515  4 0.0807 0.2961 0.0529 0.4351 0.0294 0.0417 0.0641 
        D516  4 0.2176 0.1354 0.2712 0.1294 0.0944 0.1066 0.0455 
        D517  4 0.5536 0.0792 0.1141 0.0449 0.0265 0.0896 0.0920 
        D518  4 0.1227 0.0358 0.0363 0.0625 0.0693 0.0387 0.6347 
        D519  4 0.1147 0.4250 0.1061 0.1506 0.0390 0.1118 0.0529 
        D560  4 0.0584 0.2891 0.1437 0.1995 0.0281 0.1299 0.1514 
        D561  4 0.1238 0.5092 0.1238 0.0631 0.0189 0.0510 0.1102 
        D562  4 0.1399 0.1797 0.0633 0.2355 0.0671 0.1168 0.1976 
        D563  4 0.0784 0.1546 0.0341 0.0677 0.0307 0.3612 0.2733 
        D572  4 0.0247 0.0379 0.0577 0.0546 0.0301 0.0314 0.7635 
        D629  4 0.1340 0.2868 0.3094 0.0515 0.0467 0.0402 0.1315 
        D630  4 0.0717 0.1724 0.1732 0.2795 0.0759 0.0627 0.1647 
        D631  4 0.0259 0.0437 0.0214 0.0466 0.0257 0.0692 0.7674 
        D632  4 0.5509 0.0397 0.0559 0.0373 0.0253 0.1366 0.1544 
        D646  4 0.1602 0.1407 0.4088 0.0585 0.0397 0.0899 0.1022 
        D647  4 0.0914 0.0801 0.4562 0.1786 0.0196 0.0737 0.1003 
        D648  4 0.0242 0.0335 0.0214 0.5021 0.0422 0.0255 0.3511 
        D649  4 0.1946 0.0766 0.3993 0.0352 0.0329 0.0250 0.2364 
        D650  4 0.1096 0.1812 0.2440 0.1022 0.1629 0.0445 0.1557 
        D708  4 0.0577 0.1743 0.0560 0.0988 0.2389 0.0375 0.3368 
        D709  4 0.0549 0.0708 0.0531 0.6574 0.0572 0.0363 0.0702 
        D738  4 0.1158 0.0552 0.1325 0.0754 0.5534 0.0230 0.0448 
        D739  4 0.1433 0.1463 0.0536 0.3785 0.0475 0.0388 0.1921 
        D740  4 0.1411 0.2962 0.0274 0.0630 0.2093 0.0774 0.1855 
        D741  4 0.0640 0.3685 0.2354 0.1092 0.0237 0.1539 0.0453 
        D742  4 0.0588 0.1660 0.0553 0.0700 0.1215 0.3945 0.1338 
        D743  4 0.0281 0.0619 0.3808 0.0322 0.0310 0.0527 0.4133 
        D744  4 0.0291 0.0910 0.0346 0.0313 0.0327 0.0427 0.7387 
        D745  4 0.1395 0.4745 0.0530 0.1945 0.0316 0.0502 0.0567 
        D814  4 0.0397 0.2865 0.0873 0.1028 0.0342 0.3075 0.1419 
        D815  4 0.0498 0.0536 0.1818 0.2914 0.0525 0.0507 0.3201 
        D828  4 0.0254 0.0600 0.0164 0.7155 0.0584 0.0612 0.0632 
        D845  4 0.0217 0.1783 0.0336 0.0199 0.1470 0.5592 0.0402 
        D846  4 0.0534 0.0871 0.1646 0.0690 0.0153 0.1228 0.4879 
        D847  4 0.1004 0.2091 0.1431 0.1445 0.1489 0.0986 0.1554 
        D848  4 0.6369 0.0528 0.0208 0.0293 0.0262 0.1579 0.0761 
        D849  4 0.2062 0.1872 0.0758 0.3385 0.0267 0.0457 0.1200 
        D850  4 0.0952 0.3725 0.2371 0.0392 0.0950 0.1031 0.0578 
        D856  4 0.1288 0.2952 0.0669 0.3442 0.0519 0.0365 0.0764 
        D857  4 0.6430 0.0191 0.0155 0.1829 0.0299 0.0699 0.0398 
        D859  4 0.0264 0.0464 0.0720 0.0727 0.0376 0.0451 0.6997 
        D860  4 0.0403 0.0678 0.0682 0.0295 0.5713 0.1153 0.1076 
        D883  4 0.1538 0.1050 0.2824 0.1560 0.1253 0.0500 0.1275 
        D884  4 0.1046 0.1234 0.1508 0.3527 0.1028 0.0310 0.1347 
        D885  4 0.0707 0.3396 0.1542 0.0453 0.0335 0.1080 0.2487 
        D886  4 0.2049 0.0893 0.1717 0.3153 0.0386 0.0722 0.1080 
        D887  4 0.0683 0.1547 0.1108 0.1411 0.0921 0.2119 0.2211 
        D889  4 0.0191 0.2761 0.0680 0.3617 0.0477 0.1360 0.0915 
        D890  4 0.1610 0.1461 0.0723 0.2348 0.1269 0.0843 0.1747 
        D891  4 0.0143 0.3191 0.0193 0.0190 0.0239 0.5850 0.0194 
        D899  4 0.0279 0.0767 0.0460 0.0876 0.1291 0.5267 0.1061 
        D900  4 0.0649 0.1973 0.1421 0.1910 0.0965 0.0732 0.2349 
        D970  4 0.0465 0.0707 0.1158 0.0404 0.0591 0.0610 0.6066 
        D971  4 0.0865 0.0930 0.0937 0.0842 0.0779 0.4139 0.1507 
        D979  4 0.0280 0.0528 0.4486 0.0724 0.0415 0.0324 0.3243 
        D093  5 0.0328 0.0333 0.0362 0.0559 0.7734 0.0333 0.0351 
        D154  5 0.0368 0.3745 0.0346 0.1551 0.0640 0.2612 0.0737 
        D168  5 0.1155 0.2648 0.1307 0.1077 0.0337 0.2815 0.0660 
        D189  5 0.0302 0.1174 0.0429 0.3263 0.3294 0.1085 0.0453 
        D190  5 0.0315 0.0349 0.0340 0.0403 0.7537 0.0292 0.0764 
     D237220  5 0.1342 0.2225 0.0405 0.0991 0.1626 0.0411 0.2999 
     D237221  5 0.0542 0.1226 0.0821 0.0562 0.3578 0.1977 0.1293 
     D237274  5 0.0394 0.0562 0.6221 0.0487 0.0225 0.0487 0.1625 
     D237275  5 0.0287 0.0805 0.0225 0.1646 0.0310 0.6514 0.0213 
     D237276  5 0.1241 0.0868 0.1452 0.3099 0.1990 0.0439 0.0911 
     D237277  5 0.0261 0.0557 0.0330 0.0378 0.7019 0.0781 0.0673 
     D237278  5 0.1193 0.0793 0.0611 0.1125 0.2240 0.2843 0.1195 
     D237279  5 0.4377 0.3611 0.0550 0.0246 0.0262 0.0336 0.0618 
     D237280  5 0.4398 0.0761 0.1877 0.0510 0.0935 0.0276 0.1243 
     D237281  5 0.0225 0.1716 0.0519 0.0301 0.0350 0.6554 0.0335 
     D237351  5 0.6227 0.0963 0.0362 0.0483 0.1267 0.0300 0.0398 
     D237352  5 0.3643 0.0901 0.1166 0.0922 0.0926 0.0587 0.1854 
     D237353  5 0.0296 0.0370 0.0249 0.0250 0.8149 0.0284 0.0403 
     D237359  5 0.0927 0.2871 0.0550 0.1023 0.1119 0.0684 0.2826 
     D237361  5 0.0256 0.0308 0.0250 0.0396 0.8308 0.0244 0.0237 
     D237362  5 0.0895 0.2249 0.2385 0.1105 0.1847 0.0761 0.0759 
     D237363  5 0.0429 0.5946 0.0634 0.0666 0.0692 0.1269 0.0365 
     D237364  5 0.0835 0.2355 0.1030 0.1315 0.0226 0.1463 0.2775 
     D237376  5 0.0202 0.0328 0.0156 0.7431 0.0675 0.0344 0.0865 
     D237377  5 0.4011 0.0905 0.1721 0.0432 0.1783 0.0468 0.0681 
     D237378  5 0.0345 0.0547 0.0308 0.1587 0.4008 0.1163 0.2042 
     D237379  5 0.0350 0.1304 0.0392 0.1982 0.2263 0.0431 0.3278 
     D237380  5 0.5395 0.0294 0.0318 0.2017 0.0644 0.0180 0.1152 
     D237381  5 0.4744 0.0571 0.0629 0.0984 0.0966 0.0725 0.1381 
     D237391  5 0.0269 0.0404 0.0363 0.0239 0.8134 0.0230 0.0361 
     D237392  5 0.0749 0.0998 0.4242 0.1125 0.0358 0.1718 0.0810 
     D237393  5 0.1282 0.0514 0.3220 0.0838 0.2801 0.0781 0.0564 
     D237394  5 0.0266 0.0311 0.0252 0.0211 0.8517 0.0170 0.0273 
     D237395  5 0.0850 0.1899 0.0430 0.2490 0.3156 0.0776 0.0398 
     D237396  5 0.1795 0.1496 0.2700 0.0214 0.2192 0.0893 0.0709 
     D244016  5 0.0379 0.3240 0.0411 0.0775 0.2104 0.1015 0.2075 
     D244018  5 0.1036 0.1062 0.1120 0.0389 0.2541 0.3180 0.0672 
     D244019  5 0.0429 0.3135 0.1827 0.1126 0.0935 0.1437 0.1110 
        D279  5 0.0488 0.2699 0.0557 0.0567 0.1090 0.1588 0.3010 
        D280  5 0.0739 0.2596 0.1137 0.0864 0.2915 0.1238 0.0511 
        D281  5 0.0194 0.2582 0.0317 0.0751 0.0880 0.4867 0.0409 
        D283  5 0.0337 0.0753 0.1279 0.0255 0.6322 0.0526 0.0528 
        D284  5 0.1131 0.3295 0.0717 0.3199 0.0510 0.0637 0.0512 
        D285  5 0.0397 0.1614 0.0785 0.0620 0.4990 0.0439 0.1155 
        D286  5 0.0512 0.0878 0.1175 0.3116 0.1911 0.0462 0.1947 
        D287  5 0.0401 0.0786 0.0194 0.6453 0.0937 0.0310 0.0918 
        D288  5 0.0368 0.2668 0.2882 0.0450 0.1968 0.1101 0.0563 
        D308  5 0.7085 0.0507 0.0901 0.0345 0.0647 0.0283 0.0231 
        D309  5 0.0359 0.0487 0.0351 0.0390 0.0257 0.0199 0.7957 
        D310  5 0.0199 0.0985 0.0206 0.0605 0.7490 0.0214 0.0302 
        D311  5 0.0324 0.1463 0.2290 0.2316 0.1373 0.0398 0.1837 
        D312  5 0.0631 0.1398 0.1188 0.2084 0.2119 0.0491 0.2089 
        D313  5 0.8744 0.0236 0.0171 0.0239 0.0334 0.0130 0.0147 
        D314  5 0.0906 0.2019 0.0553 0.2241 0.1050 0.1343 0.1887 
        D315  5 0.0958 0.1080 0.2054 0.1721 0.2770 0.0614 0.0803 
        D317  5 0.0198 0.0281 0.0649 0.0599 0.7816 0.0263 0.0194 
        D318  5 0.0713 0.3317 0.1127 0.1226 0.0841 0.1119 0.1659 
        D319  5 0.0256 0.0278 0.0360 0.0402 0.8208 0.0265 0.0231 
        D320  5 0.0468 0.0577 0.0327 0.0782 0.6814 0.0287 0.0743 
        D321  5 0.6138 0.0830 0.0983 0.0244 0.1102 0.0449 0.0255 
        D336  5 0.0205 0.0327 0.0271 0.3263 0.5153 0.0248 0.0532 
        D337  5 0.0135 0.0278 0.0304 0.0236 0.8544 0.0252 0.0252 
        D338  5 0.0749 0.1985 0.1907 0.0690 0.2301 0.1014 0.1354 
        D339  5 0.0297 0.0615 0.0462 0.0646 0.7230 0.0438 0.0313 
        D347  5 0.0246 0.0582 0.1211 0.5403 0.0749 0.0897 0.0912 
        D348  5 0.0219 0.0364 0.0258 0.0546 0.7119 0.0273 0.1221 
        D349  5 0.7429 0.0373 0.0324 0.0338 0.0790 0.0324 0.0423 
        D350  5 0.0213 0.0326 0.0216 0.0251 0.0204 0.0252 0.8537 
        D355  5 0.0236 0.2559 0.0950 0.1161 0.0508 0.3691 0.0894 
        D356  5 0.0895 0.1026 0.2461 0.1258 0.3329 0.0345 0.0686 
        D357  5 0.0447 0.2019 0.0590 0.4511 0.1158 0.0607 0.0667 
        D358  5 0.1233 0.1259 0.0464 0.0876 0.3933 0.0738 0.1496 
        D359  5 0.0330 0.0557 0.1736 0.0279 0.5955 0.0252 0.0892 
        D360  5 0.0758 0.0985 0.1179 0.1043 0.5346 0.0266 0.0424 
        D361  5 0.8087 0.0331 0.0344 0.0314 0.0439 0.0282 0.0202 
        D366  5 0.0445 0.0583 0.6248 0.0216 0.0270 0.1942 0.0297 
        D367  5 0.0625 0.0953 0.0270 0.2038 0.4539 0.0218 0.1356 
        D368  5 0.1478 0.2232 0.1119 0.0620 0.3513 0.0308 0.0730 
        D380  5 0.0854 0.3268 0.0656 0.0305 0.0523 0.0688 0.3706 
        D381  5 0.0290 0.0751 0.0575 0.0282 0.6822 0.0445 0.0835 
        D400  5 0.0370 0.0850 0.1022 0.2276 0.2435 0.1070 0.1978 
        D411  5 0.6238 0.1398 0.0255 0.1345 0.0158 0.0369 0.0237 
        D412  5 0.1332 0.1614 0.0878 0.2148 0.1272 0.1982 0.0774 
        D413  5 0.0443 0.1371 0.0847 0.0360 0.0379 0.5961 0.0639 
        D414  5 0.0228 0.0536 0.0274 0.0859 0.0220 0.0873 0.7009 
        D420  5 0.0957 0.5074 0.0287 0.2007 0.0662 0.0702 0.0311 
        D431  5 0.0628 0.2800 0.0240 0.3119 0.0604 0.0827 0.1781 
        D432  5 0.1531 0.0664 0.0702 0.0595 0.4853 0.0908 0.0747 
        D433  5 0.0433 0.0479 0.0774 0.0834 0.6500 0.0582 0.0398 
        D434  5 0.0620 0.0868 0.1064 0.0784 0.5661 0.0452 0.0549 
        D440  5 0.0213 0.0280 0.0229 0.0294 0.0272 0.0191 0.8521 
        D447  5 0.0756 0.2904 0.2998 0.0775 0.0298 0.0615 0.1655 
        D448  5 0.0276 0.0567 0.0800 0.4276 0.2901 0.0599 0.0582 
        D459  5 0.0175 0.1301 0.0893 0.0442 0.0482 0.6066 0.0641 
        D460  5 0.6750 0.0483 0.0888 0.0220 0.1016 0.0292 0.0351 
        D461  5 0.0245 0.0302 0.0837 0.0338 0.0318 0.0217 0.7743 
        D468  5 0.0593 0.2626 0.1902 0.2728 0.1294 0.0517 0.0340 
        D469  5 0.0819 0.1095 0.4649 0.0852 0.1103 0.0434 0.1047 
        D470  5 0.0914 0.1413 0.1164 0.4112 0.0802 0.0435 0.1159 
        D471  5 0.0230 0.0719 0.0965 0.3391 0.3435 0.0649 0.0611 
        D472  5 0.0185 0.0447 0.6998 0.0208 0.0279 0.1619 0.0265 
        D479  5 0.0341 0.0361 0.0371 0.0996 0.0233 0.6247 0.1451 
        D485  5 0.0295 0.0676 0.0339 0.6623 0.0346 0.0384 0.1338 
        D486  5 0.0906 0.1866 0.1035 0.4647 0.0694 0.0405 0.0447 
        D487  5 0.0525 0.0816 0.0424 0.0823 0.2147 0.2037 0.3228 
        D555  5 0.0274 0.0270 0.0273 0.0473 0.7882 0.0585 0.0244 
        D556  5 0.0740 0.2437 0.0449 0.0951 0.1623 0.0834 0.2966 
        D557  5 0.0279 0.0360 0.0378 0.0388 0.7672 0.0379 0.0542 
        D564  5 0.1338 0.0748 0.0580 0.0919 0.2173 0.0405 0.3836 
        D594  5 0.0778 0.1118 0.1810 0.3374 0.0712 0.1200 0.1007 
        D595  5 0.0751 0.1073 0.1814 0.0910 0.3588 0.1075 0.0789 
        D596  5 0.0273 0.0266 0.0264 0.0515 0.8075 0.0364 0.0244 
        D597  5 0.0418 0.0747 0.1062 0.0335 0.3224 0.3172 0.1041 
        D598  5 0.1529 0.0716 0.0948 0.0888 0.4300 0.0609 0.1010 
        D617  5 0.4168 0.1845 0.0377 0.1249 0.0198 0.1800 0.0364 
        D618  5 0.0424 0.0852 0.0700 0.0478 0.5873 0.0658 0.1015 
        D619  5 0.3039 0.0595 0.2060 0.1944 0.1146 0.0720 0.0496 
        D620  5 0.0223 0.0258 0.0780 0.0193 0.0412 0.7907 0.0228 
        D628  5 0.0925 0.0560 0.0349 0.1306 0.0632 0.0343 0.5885 
        D714  5 0.0327 0.1720 0.0227 0.1541 0.1757 0.1561 0.2866 
        D715  5 0.0247 0.0370 0.0729 0.0243 0.7533 0.0508 0.0370 
        D716  5 0.0246 0.1242 0.0699 0.5305 0.0439 0.0987 0.1083 
        D717  5 0.1139 0.1407 0.2629 0.0713 0.2427 0.0449 0.1235 
        D718  5 0.0274 0.0794 0.0271 0.7869 0.0312 0.0278 0.0202 
        D769  5 0.3170 0.1337 0.0677 0.2475 0.0316 0.1247 0.0778 
        D770  5 0.0381 0.1417 0.0498 0.1798 0.0839 0.2146 0.2919 
        D771  5 0.0738 0.1794 0.0542 0.2808 0.0828 0.2384 0.0906 
        D772  5 0.0465 0.0843 0.0428 0.1166 0.1609 0.0365 0.5124 
        D782  5 0.2142 0.4143 0.0503 0.0570 0.0482 0.1830 0.0330 
        D783  5 0.0323 0.1390 0.0263 0.0719 0.1173 0.2241 0.3891 
        D784  5 0.0629 0.1897 0.2123 0.0331 0.1197 0.0447 0.3377 
        D785  5 0.0649 0.0591 0.0430 0.0682 0.6153 0.0297 0.1197 
        D786  5 0.3665 0.0600 0.1774 0.2190 0.0237 0.0474 0.1061 
        D821  5 0.0141 0.0271 0.0143 0.0201 0.8730 0.0174 0.0340 
        D822  5 0.0432 0.2279 0.2124 0.1187 0.1442 0.0986 0.1552 
        D826  5 0.0447 0.0969 0.0667 0.0974 0.4255 0.1501 0.1187 
        D827  5 0.0379 0.2244 0.3712 0.0764 0.0433 0.1147 0.1320 
        D851  5 0.1192 0.3750 0.0805 0.0994 0.1586 0.0591 0.1082 
        D852  5 0.0590 0.0644 0.0279 0.0410 0.1709 0.1187 0.5181 
        D853  5 0.0587 0.1443 0.0934 0.2821 0.2811 0.0764 0.0640 
        D854  5 0.0371 0.3103 0.1044 0.2917 0.0234 0.1567 0.0764 
        D861  5 0.0727 0.3310 0.0743 0.1421 0.1458 0.1450 0.0892 
        D862  5 0.0555 0.1404 0.2867 0.1396 0.2777 0.0345 0.0657 
        D865  5 0.0575 0.0598 0.0338 0.0824 0.6444 0.0798 0.0423 
        D868  5 0.0369 0.0574 0.6703 0.0445 0.0999 0.0351 0.0559 
        D869  5 0.6939 0.0807 0.0559 0.0743 0.0392 0.0393 0.0167 
        D870  5 0.0621 0.6888 0.0700 0.0591 0.0197 0.0633 0.0371 
        D907  5 0.0644 0.0636 0.0359 0.0947 0.6639 0.0385 0.0391 
        D908  5 0.0736 0.0483 0.0298 0.0618 0.2084 0.2786 0.2996 
        D910  5 0.0299 0.1073 0.1047 0.1453 0.3429 0.1963 0.0735 
        D911  5 0.0172 0.3140 0.0787 0.0712 0.0736 0.3985 0.0467 
        D934  5 0.0291 0.2460 0.0587 0.1153 0.0378 0.1458 0.3674 
        D946  5 0.0582 0.1012 0.0248 0.1603 0.0494 0.0914 0.5147 
        D947  5 0.0478 0.2142 0.1381 0.1568 0.0417 0.0611 0.3401 
        D948  5 0.6956 0.0231 0.0477 0.0255 0.1603 0.0230 0.0248 
        D949  5 0.7185 0.0282 0.0569 0.0252 0.1054 0.0228 0.0429 
        D950  5 0.0240 0.3034 0.0662 0.0508 0.0807 0.4205 0.0544 
        D951  5 0.0873 0.1664 0.2548 0.3197 0.0328 0.0586 0.0803 
        D952  5 0.0303 0.0647 0.6474 0.0418 0.1165 0.0437 0.0557 
        D953  5 0.0586 0.0455 0.0870 0.0725 0.6513 0.0403 0.0447 
        D954  5 0.0389 0.0944 0.4041 0.0470 0.3347 0.0353 0.0456 
        D961  5 0.0346 0.0758 0.0267 0.6983 0.0374 0.0290 0.0982 
        D962  5 0.0280 0.0461 0.0484 0.1611 0.4059 0.0168 0.2938 
        D963  5 0.0312 0.0698 0.2956 0.0789 0.2795 0.0586 0.1864 
        D964  5 0.0825 0.3876 0.0427 0.2023 0.0529 0.0739 0.1580 
        D965  5 0.0508 0.1073 0.0492 0.2411 0.0451 0.0929 0.4137 
        D966  5 0.0452 0.0792 0.1758 0.0663 0.2084 0.1264 0.2986 
        D967  5 0.1344 0.1345 0.0345 0.0716 0.3026 0.2394 0.0830 
        D991  5 0.1216 0.0735 0.0689 0.1727 0.0804 0.0352 0.4477 
        D502  6 0.0418 0.3496 0.0217 0.4222 0.0122 0.1034 0.0492 
        D503  6 0.1867 0.2761 0.0363 0.0492 0.0796 0.3084 0.0637 
        D504  6 0.1030 0.1414 0.2491 0.0674 0.1444 0.0798 0.2150 
        D505  6 0.1153 0.1487 0.0863 0.0797 0.2923 0.1460 0.1315 
        D506  6 0.0181 0.0335 0.0264 0.0409 0.8475 0.0167 0.0169 
        D507  6 0.1082 0.1363 0.0495 0.0745 0.0401 0.0592 0.5322 
        D508  6 0.0394 0.1778 0.1435 0.3686 0.0342 0.0814 0.1550 
        D529  6 0.1312 0.2970 0.1573 0.1405 0.1472 0.0605 0.0664 
        D530  6 0.0532 0.0695 0.0228 0.7327 0.0402 0.0461 0.0356 
        D531  6 0.0493 0.2288 0.2078 0.2413 0.0883 0.0654 0.1191 
        D532  6 0.0357 0.1303 0.2476 0.3066 0.1403 0.0776 0.0619 
        D534  6 0.6782 0.0772 0.0544 0.0572 0.0276 0.0318 0.0737 
        D535  6 0.1687 0.1193 0.1375 0.1697 0.2895 0.0435 0.0718 
        D536  6 0.0577 0.1746 0.0283 0.0631 0.0215 0.6200 0.0347 
        D554  6 0.0879 0.1314 0.0480 0.4797 0.1125 0.0425 0.0980 
        D587  6 0.0507 0.0518 0.0740 0.0584 0.6756 0.0447 0.0449 
        D588  6 0.0962 0.1880 0.1285 0.0612 0.4248 0.0523 0.0491 
        D589  6 0.0764 0.2618 0.0515 0.1068 0.1476 0.2595 0.0964 
        D590  6 0.0613 0.0731 0.0502 0.0722 0.0397 0.6696 0.0338 
        D591  6 0.0976 0.5174 0.0584 0.0371 0.1451 0.0953 0.0492 
        D592  6 0.7678 0.0384 0.0500 0.0326 0.0512 0.0344 0.0256 
        D593  6 0.0318 0.0597 0.0187 0.7712 0.0354 0.0292 0.0540 
        D682  6 0.0344 0.0530 0.0304 0.0287 0.8026 0.0222 0.0288 
        D683  6 0.0471 0.1564 0.3562 0.0353 0.3343 0.0264 0.0443 
        D684  6 0.2056 0.4349 0.0475 0.0532 0.0233 0.1426 0.0930 
        D685  6 0.0514 0.4310 0.0194 0.3052 0.0399 0.0935 0.0597 
        D686  6 0.0370 0.0727 0.0524 0.6290 0.1479 0.0342 0.0268 
        D724  6 0.0940 0.1556 0.1399 0.3015 0.0223 0.0812 0.2054 
        D725  6 0.0588 0.1860 0.0479 0.2954 0.0673 0.1547 0.1899 
        D726  6 0.0235 0.0378 0.0292 0.0402 0.8079 0.0219 0.0395 
        D727  6 0.0662 0.1111 0.2550 0.1252 0.0684 0.3453 0.0289 
        D728  6 0.0646 0.1603 0.0620 0.1559 0.4232 0.0305 0.1036 
        D729  6 0.3759 0.0846 0.2687 0.0560 0.0203 0.1763 0.0182 
        D730  6 0.0988 0.1087 0.1702 0.2511 0.0355 0.1162 0.2196 
        D731  6 0.0198 0.0275 0.0163 0.0282 0.7590 0.1317 0.0177 
        D732  6 0.0441 0.0890 0.1833 0.1213 0.0293 0.0497 0.4834 
        D733  6 0.0959 0.0708 0.0406 0.1019 0.0493 0.0396 0.6019 
     D237251  7 0.0320 0.1466 0.0566 0.2966 0.0438 0.2453 0.1790 
     D237252  7 0.1745 0.2400 0.0514 0.1909 0.0290 0.1981 0.1162 
     D237253  7 0.0322 0.2558 0.0660 0.2111 0.1655 0.2109 0.0585 
     D237254  7 0.5585 0.2849 0.0340 0.0279 0.0242 0.0494 0.0212 
     D237255  7 0.0259 0.1661 0.0283 0.0772 0.0511 0.6184 0.0331 
     D237256  7 0.0230 0.1892 0.0721 0.3065 0.0341 0.2735 0.1016 
     D237257  7 0.0670 0.4676 0.0357 0.2931 0.0224 0.0648 0.0494 
