        D174  1 0.0363 0.0900 0.1658 0.1299 0.5298 0.0481 
        D199  1 0.2316 0.3332 0.0773 0.0614 0.2439 0.0527 
        D203  1 0.2150 0.3285 0.1780 0.1344 0.0703 0.0739 
        D204  1 0.0259 0.8524 0.0218 0.0180 0.0209 0.0610 
     D237366  1 0.0889 0.0813 0.3020 0.2474 0.0750 0.2055 
     D237367  1 0.0412 0.5391 0.1966 0.1153 0.0371 0.0706 
     D237368  1 0.0766 0.1263 0.0680 0.6056 0.0813 0.0423 
     D244101  1 0.1871 0.4296 0.0538 0.0253 0.0297 0.2745 
     D244102  1 0.0766 0.1432 0.2240 0.1413 0.0697 0.3453 
     D244103  1 0.0389 0.2015 0.5820 0.0737 0.0518 0.0520 
     D244104  1 0.0445 0.6911 0.0266 0.0707 0.1455 0.0216 
     D244105  1 0.0307 0.3214 0.2211 0.3194 0.0202 0.0873 
     D244106  1 0.0942 0.0462 0.0981 0.0309 0.6895 0.0412 
     D244107  1 0.0933 0.0922 0.0668 0.6871 0.0177 0.0429 
     D244108  1 0.0575 0.1717 0.0465 0.2137 0.4301 0.0806 
     D244113  1 0.0425 0.0219 0.1138 0.0456 0.4809 0.2954 
     D244114  1 0.1371 0.1249 0.4275 0.0452 0.1096 0.1557 
     D244115  1 0.0289 0.1845 0.0802 0.1815 0.4807 0.0441 
     D267365  1 0.0652 0.3584 0.0656 0.0968 0.3571 0.0570 
        D404  1 0.0371 0.0392 0.1737 0.0357 0.3647 0.3496 
        D405  1 0.1209 0.1844 0.1862 0.0841 0.1291 0.2953 
        D406  1 0.0160 0.0634 0.0302 0.8370 0.0285 0.0249 
        D407  1 0.0464 0.8238 0.0498 0.0428 0.0227 0.0146 
        D408  1 0.0519 0.0467 0.0966 0.0344 0.7036 0.0667 
        D409  1 0.0276 0.0669 0.7697 0.0394 0.0635 0.0328 
        D410  1 0.0102 0.0807 0.0396 0.8241 0.0245 0.0209 
        D421  1 0.0168 0.9231 0.0133 0.0123 0.0258 0.0087 
        D422  1 0.0404 0.0628 0.0332 0.8375 0.0141 0.0120 
        D423  1 0.0369 0.0911 0.0228 0.8194 0.0143 0.0154 
        D424  1 0.0145 0.8052 0.0579 0.0550 0.0408 0.0266 
        D425  1 0.0259 0.6265 0.0550 0.0353 0.2089 0.0484 
        D426  1 0.1331 0.0657 0.7024 0.0413 0.0357 0.0217 
        D427  1 0.5283 0.1427 0.0320 0.0341 0.2471 0.0157 
        D428  1 0.0391 0.5367 0.0573 0.0716 0.1948 0.1006 
        D429  1 0.0667 0.4308 0.0835 0.0538 0.3146 0.0505 
        D430  1 0.1241 0.1131 0.4654 0.0445 0.2073 0.0458 
        D491  1 0.0197 0.0701 0.0396 0.0436 0.8001 0.0269 
        D492  1 0.0570 0.3593 0.1150 0.1561 0.2269 0.0857 
        D537  1 0.0170 0.8438 0.0199 0.0466 0.0195 0.0532 
        D538  1 0.0676 0.0911 0.3716 0.2920 0.1080 0.0697 
        D539  1 0.1586 0.0648 0.1436 0.1390 0.3106 0.1833 
        D540  1 0.0551 0.3488 0.3577 0.0983 0.1065 0.0335 
        D541  1 0.0204 0.9014 0.0163 0.0316 0.0191 0.0111 
        D551  1 0.5361 0.0891 0.2602 0.0419 0.0405 0.0322 
        D552  1 0.0416 0.2351 0.0482 0.3823 0.2501 0.0426 
        D553  1 0.0113 0.9163 0.0210 0.0143 0.0202 0.0170 
        D615  1 0.1120 0.4381 0.1340 0.1774 0.1090 0.0296 
        D616  1 0.1502 0.3465 0.1227 0.2668 0.0865 0.0272 
        D621  1 0.0207 0.0234 0.0370 0.6581 0.0575 0.2033 
        D622  1 0.0228 0.0434 0.0524 0.7754 0.0417 0.0642 
        D623  1 0.1264 0.0334 0.0507 0.0371 0.2827 0.4697 
        D624  1 0.0158 0.0216 0.0162 0.0156 0.9184 0.0124 
        D625  1 0.0215 0.6303 0.1091 0.1167 0.0888 0.0336 
        D626  1 0.0404 0.1578 0.0606 0.1827 0.4933 0.0651 
        D627  1 0.0451 0.0822 0.7823 0.0319 0.0349 0.0237 
        D690  1 0.0101 0.7424 0.0228 0.1231 0.0790 0.0227 
        D691  1 0.0323 0.0944 0.1120 0.6902 0.0389 0.0323 
        D710  1 0.0427 0.3209 0.0939 0.1765 0.2481 0.1179 
        D711  1 0.0201 0.7874 0.0411 0.0571 0.0377 0.0566 
        D712  1 0.0471 0.0339 0.0619 0.0624 0.7302 0.0646 
        D713  1 0.0280 0.2084 0.1034 0.0836 0.1994 0.3772 
        D746  1 0.0247 0.0457 0.0300 0.8588 0.0213 0.0196 
        D747  1 0.0242 0.9142 0.0104 0.0154 0.0163 0.0194 
        D748  1 0.0166 0.4527 0.1643 0.2362 0.0390 0.0911 
        D749  1 0.0768 0.0336 0.0824 0.5811 0.0930 0.1331 
        D750  1 0.0235 0.1322 0.0353 0.1033 0.6605 0.0453 
        D763  1 0.2099 0.2299 0.1455 0.0882 0.0313 0.2951 
        D764  1 0.0223 0.4354 0.0522 0.1701 0.3037 0.0162 
        D765  1 0.0217 0.0540 0.1391 0.5597 0.2018 0.0237 
        D766  1 0.0253 0.2660 0.0384 0.5085 0.0448 0.1169 
        D767  1 0.0728 0.1500 0.1242 0.1348 0.0394 0.4789 
        D768  1 0.0171 0.9188 0.0209 0.0181 0.0121 0.0130 
        D811  1 0.0300 0.0718 0.2531 0.0943 0.4210 0.1297 
        D816  1 0.0123 0.9053 0.0141 0.0194 0.0310 0.0180 
        D825  1 0.0203 0.2308 0.1656 0.1923 0.3462 0.0447 
        D866  1 0.2924 0.0477 0.1116 0.0630 0.4525 0.0328 
        D867  1 0.0418 0.0281 0.0405 0.7861 0.0208 0.0826 
        D871  1 0.0211 0.0438 0.8554 0.0201 0.0347 0.0249 
        D872  1 0.0364 0.5866 0.0835 0.1708 0.0517 0.0711 
        D873  1 0.0111 0.0081 0.0181 0.9304 0.0124 0.0200 
        D874  1 0.0297 0.1096 0.0709 0.0178 0.1460 0.6259 
        D875  1 0.0123 0.0347 0.8589 0.0512 0.0216 0.0212 
        D876  1 0.0163 0.6221 0.0790 0.0779 0.1146 0.0900 
        D877  1 0.0254 0.0707 0.2212 0.0171 0.2727 0.3928 
        D892  1 0.0162 0.4548 0.1582 0.1074 0.1798 0.0835 
        D893  1 0.0477 0.6920 0.0631 0.0742 0.0329 0.0902 
        D894  1 0.0432 0.5226 0.1817 0.0642 0.1435 0.0448 
        D915  1 0.0210 0.7384 0.0412 0.1145 0.0583 0.0265 
        D916  1 0.0127 0.8963 0.0260 0.0273 0.0239 0.0138 
        D917  1 0.0903 0.1185 0.0624 0.0568 0.5221 0.1499 
        D925  1 0.0173 0.1126 0.0267 0.7504 0.0752 0.0179 
        D926  1 0.0254 0.5392 0.1256 0.0891 0.1257 0.0948 
        D927  1 0.2478 0.4366 0.1186 0.0452 0.0818 0.0700 
        D928  1 0.0154 0.0914 0.0198 0.0234 0.8316 0.0185 
        D929  1 0.0184 0.0387 0.1164 0.0477 0.0520 0.7268 
        D936  1 0.0728 0.6159 0.0374 0.0303 0.0544 0.1892 
        D938  1 0.0126 0.0292 0.0216 0.8871 0.0198 0.0297 
        D956  1 0.0364 0.0245 0.1478 0.0293 0.7230 0.0391 
        D957  1 0.0299 0.3527 0.0755 0.3944 0.0430 0.1044 
        D958  1 0.0206 0.4101 0.0639 0.3015 0.1223 0.0816 
        D959  1 0.0491 0.8289 0.0575 0.0357 0.0184 0.0104 
        D960  1 0.0166 0.0240 0.0239 0.8747 0.0246 0.0362 
        D989  1 0.1008 0.0426 0.0459 0.0215 0.7491 0.0400 
        D990  1 0.0358 0.0163 0.0178 0.8512 0.0597 0.0192 
        D023  2 0.0189 0.0791 0.0210 0.8452 0.0152 0.0206 
        D130  2 0.0263 0.1015 0.1048 0.7086 0.0150 0.0437 
        D131  2 0.0561 0.3535 0.4346 0.0543 0.0410 0.0605 
        D163  2 0.0215 0.1027 0.0366 0.7712 0.0357 0.0322 
        D164  2 0.4551 0.0164 0.0111 0.4928 0.0078 0.0168 
        D165  2 0.0436 0.0504 0.0218 0.8378 0.0204 0.0260 
        D166  2 0.0518 0.0654 0.5559 0.0802 0.0228 0.2239 
        D167  2 0.8999 0.0135 0.0204 0.0209 0.0313 0.0140 
        D192  2 0.9293 0.0081 0.0132 0.0130 0.0182 0.0183 
        D193  2 0.0444 0.0358 0.1795 0.0617 0.3548 0.3238 
        D206  2 0.2943 0.4120 0.1031 0.0826 0.0344 0.0737 
        D207  2 0.7267 0.0761 0.1238 0.0213 0.0186 0.0334 
        D208  2 0.2875 0.0458 0.0760 0.0736 0.3586 0.1584 
        D209  2 0.4606 0.0613 0.0845 0.1214 0.0360 0.2362 
        D210  2 0.2260 0.0650 0.0486 0.0394 0.5869 0.0341 
     D229599  2 0.0834 0.2328 0.0961 0.1455 0.1214 0.3209 
     D229600  2 0.3671 0.0368 0.1062 0.4322 0.0259 0.0318 
     D237227  2 0.0631 0.0387 0.0502 0.2263 0.5796 0.0421 
     D237228  2 0.1034 0.0275 0.0772 0.4452 0.3165 0.0302 
     D237258  2 0.3105 0.0856 0.1248 0.2133 0.1231 0.1427 
     D237310  2 0.0574 0.0173 0.3471 0.4663 0.0408 0.0711 
     D237311  2 0.1843 0.0210 0.1081 0.6190 0.0402 0.0274 
     D237312  2 0.0268 0.0347 0.4171 0.2171 0.0681 0.2362 
     D237313  2 0.0399 0.3834 0.0884 0.2147 0.1446 0.1290 
     D237322  2 0.1269 0.0449 0.3519 0.0779 0.1207 0.2777 
     D237323  2 0.0308 0.0183 0.1182 0.6326 0.1616 0.0385 
     D237324  2 0.4336 0.0631 0.1032 0.3347 0.0226 0.0427 
     D237325  2 0.0484 0.0650 0.1368 0.4771 0.0875 0.1853 
     D237326  2 0.0276 0.1037 0.0360 0.7360 0.0636 0.0331 
     D237327  2 0.4511 0.0779 0.1491 0.0587 0.0938 0.1694 
     D237337  2 0.0214 0.0512 0.1015 0.7423 0.0473 0.0362 
     D237338  2 0.0874 0.0764 0.1245 0.3021 0.1487 0.2608 
     D237339  2 0.2030 0.0833 0.0374 0.0221 0.0280 0.6263 
     D237340  2 0.1927 0.0291 0.1291 0.2503 0.2424 0.1565 
     D237389  2 0.0785 0.0327 0.1860 0.6142 0.0275 0.0611 
     D237390  2 0.0332 0.0898 0.2518 0.2595 0.1093 0.2564 
     D244017  2 0.2704 0.0333 0.1672 0.0425 0.4331 0.0535 
     D244112  2 0.8462 0.0149 0.0583 0.0417 0.0163 0.0226 
     D244118  2 0.5734 0.0133 0.0201 0.3340 0.0222 0.0370 
     D244119  2 0.2128 0.0148 0.0186 0.0238 0.7143 0.0157 
     D244120  2 0.5062 0.0124 0.2183 0.0353 0.0826 0.1452 
     D244122  2 0.7613 0.0345 0.0494 0.0636 0.0396 0.0517 
        D291  2 0.3956 0.0832 0.3684 0.0732 0.0423 0.0373 
        D292  2 0.3825 0.2539 0.0373 0.0754 0.1677 0.0832 
        D293  2 0.7152 0.1735 0.0487 0.0120 0.0140 0.0367 
        D322  2 0.5555 0.1951 0.0552 0.0499 0.0236 0.1207 
        D323  2 0.1760 0.1834 0.1855 0.0537 0.0977 0.3038 
        D324  2 0.2180 0.2419 0.2354 0.1491 0.1247 0.0308 
        D325  2 0.8625 0.0541 0.0356 0.0151 0.0112 0.0216 
        D326  2 0.0151 0.9101 0.0167 0.0134 0.0304 0.0143 
        D340  2 0.9175 0.0204 0.0146 0.0132 0.0185 0.0158 
        D341  2 0.7750 0.0437 0.0618 0.0333 0.0480 0.0383 
        D342  2 0.6840 0.0296 0.1115 0.1162 0.0229 0.0358 
        D343  2 0.9414 0.0174 0.0125 0.0093 0.0072 0.0123 
        D344  2 0.0486 0.3028 0.1194 0.0425 0.0246 0.4622 
        D345  2 0.0537 0.3027 0.0505 0.3342 0.0875 0.1714 
        D346  2 0.0867 0.0688 0.0714 0.0338 0.6921 0.0472 
        D351  2 0.0977 0.3320 0.3231 0.0781 0.0298 0.1394 
        D352  2 0.0342 0.0203 0.0699 0.0257 0.0600 0.7899 
        D353  2 0.0454 0.5911 0.1213 0.0172 0.0234 0.2016 
        D354  2 0.0145 0.1190 0.0413 0.0635 0.0712 0.6905 
        D362  2 0.0304 0.8101 0.0257 0.0732 0.0410 0.0196 
        D363  2 0.0311 0.8036 0.0240 0.0428 0.0772 0.0212 
        D364  2 0.0185 0.5028 0.0475 0.0911 0.0668 0.2732 
        D365  2 0.9061 0.0297 0.0143 0.0109 0.0160 0.0229 
        D369  2 0.2640 0.2278 0.1008 0.1227 0.2577 0.0269 
        D374  2 0.0278 0.0232 0.0661 0.0315 0.7179 0.1335 
        D375  2 0.0132 0.0317 0.0344 0.0237 0.0183 0.8787 
        D376  2 0.0309 0.0174 0.0555 0.0553 0.6913 0.1496 
        D377  2 0.0834 0.0790 0.2623 0.2095 0.1365 0.2293 
        D378  2 0.3495 0.2434 0.0864 0.0790 0.0311 0.2107 
        D379  2 0.0162 0.8750 0.0240 0.0169 0.0209 0.0471 
        D384  2 0.0108 0.9205 0.0144 0.0140 0.0265 0.0137 
        D385  2 0.7647 0.0212 0.0241 0.0228 0.0318 0.1354 
        D386  2 0.0596 0.3001 0.0725 0.0646 0.0209 0.4824 
        D391  2 0.8215 0.0293 0.0318 0.0196 0.0188 0.0790 
        D392  2 0.6673 0.0563 0.0606 0.1302 0.0603 0.0253 
        D393  2 0.1950 0.4734 0.0541 0.0633 0.0339 0.1804 
        D394  2 0.0807 0.1065 0.1959 0.3246 0.0706 0.2218 
        D395  2 0.1712 0.0235 0.0437 0.0232 0.0180 0.7205 
        D401  2 0.0255 0.0248 0.0536 0.8353 0.0453 0.0156 
        D402  2 0.8882 0.0189 0.0225 0.0163 0.0177 0.0364 
        D403  2 0.0583 0.4996 0.2347 0.0752 0.0245 0.1076 
        D415  2 0.0166 0.8259 0.0882 0.0352 0.0152 0.0188 
        D435  2 0.2057 0.6662 0.0291 0.0462 0.0209 0.0318 
        D436  2 0.0265 0.2448 0.0665 0.0224 0.0557 0.5842 
        D438  2 0.9270 0.0169 0.0134 0.0122 0.0177 0.0129 
        D439  2 0.0768 0.0989 0.0738 0.0834 0.0211 0.6459 
        D449  2 0.6456 0.1939 0.0919 0.0266 0.0226 0.0194 
        D450  2 0.0249 0.1082 0.2734 0.0670 0.2336 0.2929 
        D456  2 0.0121 0.9030 0.0389 0.0130 0.0199 0.0131 
        D462  2 0.8561 0.0387 0.0185 0.0153 0.0131 0.0582 
        D463  2 0.0103 0.9158 0.0190 0.0127 0.0237 0.0186 
        D464  2 0.0479 0.1808 0.1965 0.0210 0.0324 0.5215 
        D465  2 0.3820 0.3991 0.1089 0.0494 0.0304 0.0302 
        D473  2 0.0389 0.0345 0.0930 0.1262 0.4853 0.2222 
        D474  2 0.1060 0.6239 0.0431 0.0792 0.1180 0.0298 
        D476  2 0.0898 0.0444 0.0387 0.3440 0.0176 0.4655 
        D477  2 0.0474 0.3901 0.0793 0.0540 0.1250 0.3042 
        D478  2 0.0622 0.0615 0.3852 0.1393 0.1951 0.1566 
        D480  2 0.1659 0.3195 0.1137 0.0300 0.1556 0.2153 
        D481  2 0.0829 0.2736 0.0884 0.2274 0.1617 0.1659 
        D482  2 0.0517 0.0262 0.0704 0.0626 0.1708 0.6182 
        D483  2 0.8576 0.0160 0.0198 0.0254 0.0623 0.0189 
        D484  2 0.0201 0.0122 0.0192 0.0133 0.0207 0.9146 
        D510  2 0.0611 0.0225 0.0455 0.0220 0.7980 0.0510 
        D511  2 0.1107 0.1500 0.0602 0.0504 0.0292 0.5996 
        D512  2 0.1474 0.0390 0.2260 0.5195 0.0180 0.0501 
        D513  2 0.5930 0.1713 0.0996 0.0401 0.0614 0.0345 
        D635  2 0.0446 0.4173 0.1135 0.3325 0.0571 0.0349 
        D636  2 0.0136 0.0214 0.0176 0.9201 0.0155 0.0117 
        D637  2 0.2083 0.0446 0.1668 0.0490 0.0889 0.4424 
        D658  2 0.4129 0.0188 0.0420 0.0480 0.0842 0.3942 
        D659  2 0.0393 0.8304 0.0279 0.0280 0.0363 0.0382 
        D677  2 0.0847 0.5642 0.1096 0.1192 0.0303 0.0920 
        D678  2 0.7354 0.0277 0.0935 0.0741 0.0263 0.0430 
        D679  2 0.1140 0.6101 0.0778 0.0445 0.0792 0.0744 
        D719  2 0.1821 0.2101 0.0185 0.0239 0.5289 0.0365 
        D720  2 0.0336 0.8034 0.0357 0.0378 0.0656 0.0240 
        D721  2 0.0861 0.0779 0.0328 0.6912 0.0427 0.0693 
        D722  2 0.0768 0.0454 0.0792 0.0772 0.5721 0.1493 
        D734  2 0.0836 0.0198 0.0434 0.0129 0.3014 0.5389 
        D735  2 0.1007 0.2943 0.1983 0.1423 0.1526 0.1118 
        D736  2 0.1798 0.0700 0.0849 0.0650 0.5436 0.0567 
        D737  2 0.4941 0.0234 0.0503 0.1119 0.0573 0.2630 
        D807  2 0.1348 0.1918 0.0934 0.0800 0.3512 0.1488 
        D808  2 0.1729 0.0904 0.4024 0.2205 0.0300 0.0837 
        D817  2 0.0290 0.6046 0.0857 0.0520 0.0674 0.1614 
        D818  2 0.3476 0.0976 0.4312 0.0361 0.0237 0.0637 
        D819  2 0.0454 0.3028 0.2867 0.2358 0.0621 0.0672 
        D820  2 0.0391 0.8320 0.0279 0.0125 0.0216 0.0668 
        D895  2 0.0455 0.6910 0.0446 0.1271 0.0410 0.0508 
        D896  2 0.0120 0.0149 0.0380 0.8575 0.0457 0.0319 
        D897  2 0.6890 0.0352 0.1560 0.0414 0.0300 0.0483 
        D898  2 0.0758 0.0937 0.4318 0.1401 0.1274 0.1312 
        D918  2 0.1034 0.0603 0.3931 0.1458 0.0832 0.2143 
        D919  2 0.1832 0.1628 0.0784 0.0288 0.0269 0.5198 
        D920  2 0.0293 0.0262 0.0683 0.8029 0.0354 0.0378 
        D923  2 0.0253 0.8069 0.0414 0.0209 0.0244 0.0812 
        D930  2 0.0500 0.2704 0.2240 0.0781 0.1740 0.2035 
        D931  2 0.1098 0.4075 0.0712 0.0489 0.0706 0.2920 
        D968  2 0.9198 0.0215 0.0168 0.0118 0.0128 0.0173 
        D969  2 0.3763 0.2997 0.0854 0.0447 0.1432 0.0508 
        D977  2 0.7754 0.0630 0.0942 0.0217 0.0201 0.0256 
        D978  2 0.2748 0.0356 0.5661 0.0228 0.0495 0.0512 
        D211  3 0.0432 0.1106 0.4046 0.3035 0.0419 0.0961 
     D229639  3 0.4856 0.0787 0.0543 0.0544 0.2884 0.0387 
     D237212  3 0.1944 0.0985 0.1844 0.1074 0.0439 0.3714 
     D237213  3 0.0507 0.1407 0.2912 0.2383 0.0329 0.2461 
     D237214  3 0.0211 0.0472 0.5547 0.3026 0.0403 0.0341 
     D237215  3 0.7062 0.0193 0.0388 0.0315 0.1440 0.0602 
     D237216  3 0.0492 0.1123 0.6244 0.0885 0.0336 0.0920 
     D237217  3 0.0874 0.2891 0.2334 0.3367 0.0277 0.0258 
     D237218  3 0.1277 0.0838 0.2663 0.0475 0.1468 0.3279 
     D237219  3 0.0689 0.0708 0.0947 0.5045 0.2106 0.0505 
     D237382  3 0.0532 0.1531 0.5017 0.1000 0.1059 0.0861 
     D244127  3 0.1229 0.0346 0.1055 0.6504 0.0322 0.0543 
     D244129  3 0.1184 0.1659 0.2814 0.2408 0.0793 0.1142 
     D244133  3 0.2374 0.1392 0.2160 0.1001 0.2832 0.0242 
     D244134  3 0.1617 0.0403 0.0327 0.1343 0.5927 0.0383 
     D244135  3 0.1108 0.0804 0.1470 0.5894 0.0211 0.0513 
     D244136  3 0.1358 0.2752 0.1226 0.0673 0.3450 0.0541 
        D416  3 0.2395 0.2887 0.1935 0.1611 0.0418 0.0754 
        D417  3 0.0160 0.8329 0.0597 0.0277 0.0265 0.0373 
        D419  3 0.1831 0.2836 0.0847 0.2172 0.1469 0.0845 
        D565  3 0.0164 0.0223 0.0215 0.0190 0.9067 0.0140 
        D566  3 0.2831 0.0477 0.0448 0.0406 0.5520 0.0319 
        D567  3 0.0303 0.7685 0.0316 0.1032 0.0243 0.0421 
        D568  3 0.1557 0.3758 0.0811 0.1739 0.0209 0.1926 
        D569  3 0.0755 0.0248 0.1148 0.0516 0.0472 0.6861 
        D573  3 0.7272 0.1465 0.0442 0.0286 0.0279 0.0257 
        D574  3 0.0614 0.0417 0.2295 0.0509 0.5635 0.0531 
        D575  3 0.1064 0.2598 0.0911 0.2605 0.2099 0.0723 
        D576  3 0.8131 0.0077 0.0915 0.0140 0.0356 0.0382 
        D577  3 0.0376 0.6607 0.1335 0.0558 0.0594 0.0529 
        D578  3 0.0322 0.0180 0.4861 0.4338 0.0143 0.0156 
        D579  3 0.1357 0.2306 0.0875 0.1037 0.3246 0.1180 
        D660  3 0.5470 0.0232 0.1773 0.1028 0.0280 0.1216 
        D661  3 0.6333 0.0336 0.1408 0.0421 0.0289 0.1213 
        D663  3 0.7177 0.0486 0.1398 0.0245 0.0277 0.0418 
        D664  3 0.2215 0.0297 0.2195 0.3380 0.1080 0.0833 
        D665  3 0.0386 0.0185 0.6847 0.1359 0.0118 0.1106 
        D666  3 0.0508 0.1476 0.1106 0.3198 0.2678 0.1034 
        D009  4 0.0226 0.1784 0.2467 0.2906 0.0367 0.2250 
        D057  4 0.2130 0.0428 0.0344 0.1528 0.0392 0.5179 
        D109  4 0.0262 0.0478 0.2111 0.6004 0.0650 0.0495 
     D237222  4 0.0394 0.0443 0.1216 0.6142 0.1210 0.0595 
     D237223  4 0.1317 0.0921 0.2037 0.3048 0.1222 0.1456 
     D237224  4 0.2364 0.2177 0.0637 0.0551 0.0710 0.3561 
     D237225  4 0.0419 0.2414 0.3440 0.1582 0.0651 0.1495 
     D237299  4 0.0168 0.0149 0.8982 0.0241 0.0241 0.0219 
     D237300  4 0.7446 0.0186 0.0609 0.0327 0.0941 0.0491 
     D237306  4 0.0386 0.1329 0.1020 0.0892 0.5311 0.1063 
     D237307  4 0.0654 0.4880 0.1062 0.0350 0.2780 0.0275 
     D237308  4 0.4062 0.0572 0.0259 0.1425 0.1022 0.2660 
     D237309  4 0.0776 0.3521 0.1274 0.2166 0.0371 0.1892 
     D237317  4 0.0237 0.1603 0.0389 0.0568 0.6829 0.0374 
     D237318  4 0.8674 0.0179 0.0596 0.0128 0.0265 0.0159 
     D237319  4 0.0719 0.2474 0.3884 0.1554 0.0627 0.0742 
     D237320  4 0.2329 0.1705 0.2170 0.2563 0.0599 0.0635 
     D237321  4 0.6566 0.0552 0.0714 0.0689 0.1037 0.0442 
     D237397  4 0.1903 0.1186 0.1590 0.1308 0.3318 0.0694 
     D237398  4 0.4736 0.1113 0.2931 0.0400 0.0391 0.0429 
     D237399  4 0.1078 0.1346 0.2329 0.0799 0.3308 0.1141 
     D244001  4 0.1467 0.1104 0.1053 0.4552 0.0288 0.1537 
        D289  4 0.1385 0.1003 0.0981 0.0413 0.3672 0.2546 
        D290  4 0.0460 0.1138 0.7334 0.0335 0.0310 0.0423 
        D294  4 0.0462 0.0921 0.3898 0.0332 0.0375 0.4012 
        D295  4 0.0365 0.5304 0.1092 0.0843 0.0765 0.1630 
        D301  4 0.0639 0.0332 0.0569 0.7284 0.0502 0.0675 
        D302  4 0.0119 0.1331 0.0532 0.0199 0.0142 0.7677 
        D303  4 0.0530 0.0444 0.0605 0.0741 0.6764 0.0916 
        D304  4 0.0689 0.1205 0.6254 0.0322 0.1087 0.0442 
        D305  4 0.0555 0.0414 0.1231 0.0607 0.0122 0.7071 
        D306  4 0.0166 0.0743 0.7946 0.0318 0.0404 0.0423 
        D307  4 0.0278 0.0148 0.0424 0.7856 0.0617 0.0677 
        D327  4 0.0617 0.7087 0.0745 0.0287 0.0701 0.0564 
        D328  4 0.0205 0.0356 0.0536 0.0381 0.1455 0.7067 
        D329  4 0.1733 0.1129 0.1718 0.1088 0.0652 0.3679 
        D330  4 0.0469 0.4803 0.1812 0.1482 0.0187 0.1246 
        D331  4 0.0934 0.2669 0.2744 0.1166 0.1719 0.0768 
        D333  4 0.1079 0.1009 0.0997 0.1226 0.1695 0.3994 
        D334  4 0.0204 0.1138 0.1117 0.0601 0.5994 0.0946 
        D335  4 0.0288 0.3251 0.0284 0.0239 0.0283 0.5654 
        D370  4 0.0430 0.0804 0.0931 0.2698 0.1914 0.3224 
        D371  4 0.0272 0.0945 0.0274 0.0254 0.8027 0.0229 
        D372  4 0.4783 0.0160 0.3714 0.0230 0.0726 0.0386 
        D373  4 0.0721 0.0344 0.0454 0.7211 0.0326 0.0942 
        D455  4 0.0458 0.0334 0.0506 0.7049 0.0251 0.1402 
        D490  4 0.0122 0.0230 0.0643 0.8191 0.0228 0.0586 
        D497  4 0.0301 0.0213 0.0923 0.7305 0.0316 0.0942 
        D498  4 0.1075 0.1401 0.3221 0.1481 0.1934 0.0888 
        D499  4 0.3312 0.0223 0.2296 0.0534 0.1788 0.1847 
        D514  4 0.0560 0.4142 0.2453 0.0557 0.0243 0.2046 
        D515  4 0.0365 0.0813 0.5565 0.1725 0.0266 0.1266 
        D516  4 0.1067 0.3900 0.1052 0.2460 0.1018 0.0502 
        D517  4 0.1073 0.1391 0.0972 0.5509 0.0242 0.0813 
        D518  4 0.0435 0.0573 0.0383 0.1262 0.0517 0.6830 
        D519  4 0.1227 0.1079 0.4624 0.2139 0.0394 0.0538 
        D560  4 0.1228 0.1911 0.4404 0.1001 0.0208 0.1248 
        D561  4 0.0376 0.1267 0.6511 0.0838 0.0141 0.0866 
        D562  4 0.1028 0.0585 0.4247 0.1037 0.0930 0.2172 
        D563  4 0.5230 0.0379 0.1017 0.0785 0.0202 0.2387 
        D572  4 0.0312 0.0699 0.0589 0.0312 0.0292 0.7795 
        D629  4 0.0481 0.3830 0.1737 0.2201 0.0431 0.1320 
        D630  4 0.0723 0.1968 0.3276 0.0702 0.0797 0.2534 
        D631  4 0.0914 0.0247 0.0479 0.0282 0.0307 0.7773 
        D632  4 0.1324 0.0586 0.0289 0.6216 0.0199 0.1386 
        D646  4 0.0766 0.5330 0.0827 0.2309 0.0401 0.0365 
        D647  4 0.0532 0.6576 0.0871 0.1002 0.0135 0.0883 
        D648  4 0.0229 0.0192 0.0781 0.0213 0.0598 0.7987 
        D649  4 0.0210 0.4706 0.0588 0.2271 0.0279 0.1948 
        D650  4 0.0450 0.2307 0.2275 0.1122 0.1804 0.2043 
        D708  4 0.0310 0.0517 0.2082 0.0605 0.3313 0.3173 
        D709  4 0.0337 0.0869 0.6089 0.0867 0.0594 0.1244 
        D738  4 0.0231 0.1355 0.0659 0.1677 0.5555 0.0523 
        D739  4 0.0418 0.0440 0.4821 0.1863 0.0456 0.2001 
        D740  4 0.0809 0.0307 0.3156 0.2024 0.2064 0.1640 
        D741  4 0.1687 0.2642 0.3880 0.0969 0.0238 0.0584 
        D742  4 0.4182 0.0344 0.1305 0.0614 0.1894 0.1661 
        D743  4 0.0465 0.5558 0.0578 0.0239 0.0312 0.2848 
        D744  4 0.0504 0.0436 0.0512 0.0356 0.0222 0.7970 
        D745  4 0.0474 0.0458 0.5013 0.2646 0.0337 0.1071 
        D814  4 0.4582 0.0768 0.2790 0.0397 0.0253 0.1210 
        D815  4 0.0448 0.1920 0.0893 0.0540 0.0436 0.5763 
        D828  4 0.0955 0.0204 0.2601 0.0433 0.1687 0.4120 
        D845  4 0.6864 0.0296 0.0347 0.0156 0.1917 0.0421 
        D846  4 0.1522 0.1765 0.0746 0.0546 0.0142 0.5279 
        D847  4 0.0778 0.1408 0.4114 0.0911 0.1793 0.0996 
        D848  4 0.1777 0.0151 0.0389 0.6727 0.0260 0.0695 
        D849  4 0.0389 0.0826 0.3753 0.3105 0.0217 0.1711 
        D850  4 0.1907 0.3159 0.1751 0.1425 0.1133 0.0626 
        D856  4 0.0309 0.0904 0.6234 0.1252 0.0377 0.0924 
        D857  4 0.0413 0.0109 0.0526 0.8076 0.0347 0.0529 
        D859  4 0.0540 0.0954 0.0660 0.0281 0.0392 0.7172 
        D860  4 0.1459 0.1078 0.0287 0.0309 0.6101 0.0767 
        D883  4 0.0436 0.3868 0.0900 0.1838 0.1511 0.1447 
        D884  4 0.0295 0.2025 0.1656 0.2279 0.1234 0.2510 
        D885  4 0.1618 0.2133 0.2836 0.0795 0.0480 0.2137 
        D886  4 0.0675 0.2388 0.2172 0.3069 0.0274 0.1421 
        D887  4 0.2348 0.1242 0.2047 0.0882 0.0881 0.2599 
        D889  4 0.1318 0.0480 0.6602 0.0158 0.0387 0.1055 
        D890  4 0.0731 0.0983 0.1172 0.2065 0.1921 0.3128 
        D891  4 0.9170 0.0187 0.0261 0.0096 0.0168 0.0118 
        D899  4 0.5980 0.0426 0.0536 0.0273 0.1606 0.1179 
        D900  4 0.0835 0.2351 0.3189 0.0794 0.0960 0.1871 
        D970  4 0.0859 0.1572 0.1312 0.0585 0.0973 0.4699 
        D971  4 0.4334 0.0833 0.0895 0.1017 0.0713 0.2209 
        D979  4 0.0310 0.4767 0.0374 0.0197 0.0268 0.4084 
        D093  5 0.0363 0.0501 0.0416 0.0265 0.8051 0.0404 
        D154  5 0.3425 0.0473 0.3903 0.0426 0.0798 0.0976 
        D168  5 0.3603 0.1593 0.1639 0.1917 0.0265 0.0984 
        D189  5 0.1311 0.0657 0.1736 0.0275 0.5282 0.0739 
        D190  5 0.0322 0.0442 0.0218 0.0210 0.8031 0.0777 
     D237220  5 0.0365 0.0391 0.3954 0.1711 0.1535 0.2044 
     D237221  5 0.2041 0.1054 0.0968 0.0564 0.4360 0.1013 
     D237274  5 0.0406 0.7968 0.0419 0.0254 0.0154 0.0798 
     D237275  5 0.7179 0.0167 0.1762 0.0252 0.0378 0.0262 
     D237276  5 0.0579 0.2531 0.1525 0.1477 0.2510 0.1379 
     D237277  5 0.0930 0.0265 0.0371 0.0295 0.7301 0.0838 
     D237278  5 0.2575 0.0364 0.1088 0.1492 0.3358 0.1122 
     D237279  5 0.0424 0.0406 0.1896 0.6533 0.0237 0.0504 
     D237280  5 0.0223 0.2375 0.0510 0.5574 0.0703 0.0615 
     D237281  5 0.8389 0.0576 0.0342 0.0200 0.0274 0.0219 
     D237351  5 0.0359 0.0366 0.0477 0.7601 0.0842 0.0355 
     D237352  5 0.0910 0.1274 0.0775 0.3737 0.0743 0.2562 
     D237353  5 0.0250 0.0171 0.0162 0.0248 0.8818 0.0349 
     D237359  5 0.0575 0.0672 0.4590 0.0977 0.1297 0.1889 
     D237361  5 0.0213 0.0170 0.0231 0.0198 0.8976 0.0213 
     D237362  5 0.0923 0.3912 0.0966 0.0969 0.2312 0.0917 
     D237363  5 0.2070 0.0955 0.4809 0.0582 0.0969 0.0615 
     D237364  5 0.1824 0.1528 0.2710 0.0718 0.0191 0.3029 
     D237376  5 0.0473 0.0177 0.1958 0.0238 0.1558 0.5596 
     D237377  5 0.0647 0.2676 0.0520 0.3910 0.1619 0.0627 
     D237378  5 0.0972 0.0208 0.0547 0.0396 0.5800 0.2077 
     D237379  5 0.0311 0.0267 0.2022 0.0300 0.2457 0.4644 
     D237380  5 0.0154 0.0614 0.0334 0.7028 0.0512 0.1358 
     D237381  5 0.0670 0.0698 0.0645 0.5671 0.1079 0.1236 
     D237391  5 0.0216 0.0266 0.0237 0.0270 0.8821 0.0190 
     D237392  5 0.1475 0.5666 0.0701 0.0543 0.0328 0.1288 
     D237393  5 0.0655 0.3267 0.0456 0.1468 0.3736 0.0417 
     D237394  5 0.0105 0.0238 0.0188 0.0245 0.9025 0.0198 
     D237395  5 0.0812 0.0457 0.3560 0.1161 0.3557 0.0453 
     D237396  5 0.0836 0.3511 0.0573 0.1996 0.2669 0.0415 
     D244016  5 0.1238 0.0516 0.2123 0.0382 0.3469 0.2271 
     D244018  5 0.3939 0.1060 0.0574 0.1366 0.2452 0.0609 
     D244019  5 0.1697 0.3060 0.2223 0.0462 0.1129 0.1429 
        D279  5 0.2198 0.0615 0.2560 0.0693 0.1417 0.2516 
        D280  5 0.1461 0.1091 0.1636 0.0812 0.4712 0.0288 
        D281  5 0.6645 0.0252 0.1838 0.0143 0.0857 0.0264 
        D283  5 0.0523 0.1453 0.0297 0.0337 0.7119 0.0271 
        D284  5 0.0674 0.0947 0.6069 0.1288 0.0354 0.0668 
        D285  5 0.0439 0.0906 0.1511 0.0415 0.5499 0.1230 
        D286  5 0.0465 0.1215 0.2268 0.0627 0.2532 0.2893 
        D287  5 0.0272 0.0151 0.1879 0.0586 0.2047 0.5066 
        D288  5 0.1795 0.3768 0.1001 0.0316 0.2647 0.0472 
        D308  5 0.0177 0.0605 0.0316 0.8199 0.0481 0.0222 
        D309  5 0.0129 0.0668 0.0342 0.0363 0.0197 0.8302 
        D310  5 0.0151 0.0145 0.0590 0.0105 0.8819 0.0191 
        D311  5 0.0315 0.2655 0.1397 0.0336 0.1676 0.3622 
        D312  5 0.0686 0.1159 0.1600 0.0836 0.2702 0.3018 
        D313  5 0.0110 0.0153 0.0211 0.9228 0.0206 0.0091 
        D314  5 0.1454 0.0605 0.2785 0.0945 0.1304 0.2907 
        D315  5 0.0529 0.1926 0.1250 0.1219 0.4373 0.0703 
        D317  5 0.0243 0.0658 0.0218 0.0244 0.8428 0.0210 
        D318  5 0.1297 0.1157 0.3483 0.0852 0.1080 0.2131 
        D319  5 0.0166 0.0323 0.0400 0.0246 0.8645 0.0220 
        D320  5 0.0240 0.0236 0.0540 0.0290 0.7671 0.1024 
        D321  5 0.0476 0.0579 0.0250 0.6977 0.1477 0.0241 
        D336  5 0.0245 0.0385 0.0894 0.0179 0.6905 0.1392 
        D337  5 0.0261 0.0202 0.0138 0.0103 0.9090 0.0207 
        D338  5 0.0823 0.1894 0.3194 0.0792 0.2222 0.1074 
        D339  5 0.0656 0.0511 0.0486 0.0423 0.7644 0.0279 
        D347  5 0.1456 0.3356 0.1961 0.0356 0.1053 0.1817 
        D348  5 0.0232 0.0212 0.0229 0.0178 0.8281 0.0867 
        D349  5 0.0223 0.0213 0.0208 0.8557 0.0451 0.0347 
        D350  5 0.0275 0.0321 0.0235 0.0144 0.0171 0.8854 
        D355  5 0.4252 0.1418 0.2649 0.0204 0.0380 0.1097 
        D356  5 0.0311 0.2839 0.1128 0.1199 0.3749 0.0775 
        D357  5 0.0836 0.0718 0.3985 0.0658 0.2619 0.1183 
        D358  5 0.0522 0.0388 0.0888 0.1233 0.4712 0.2257 
        D359  5 0.0162 0.1628 0.0273 0.0187 0.7137 0.0613 
        D360  5 0.0232 0.1011 0.1043 0.0778 0.6436 0.0499 
        D361  5 0.0181 0.0262 0.0176 0.8869 0.0334 0.0178 
        D366  5 0.1775 0.7183 0.0222 0.0302 0.0244 0.0274 
        D367  5 0.0228 0.0224 0.1250 0.0722 0.5919 0.1657 
        D368  5 0.0363 0.1267 0.1557 0.2214 0.3799 0.0800 
        D380  5 0.0673 0.1011 0.1554 0.1398 0.0621 0.4743 
        D381  5 0.0420 0.0468 0.0466 0.0301 0.7847 0.0497 
        D400  5 0.1522 0.1297 0.1232 0.0399 0.2709 0.2841 
        D411  5 0.0366 0.0183 0.1951 0.7021 0.0129 0.0350 
        D412  5 0.2385 0.1421 0.2081 0.1713 0.1684 0.0717 
        D413  5 0.7152 0.0766 0.0932 0.0324 0.0323 0.0502 
        D414  5 0.0879 0.0282 0.0652 0.0139 0.0184 0.7864 
        D420  5 0.0775 0.0236 0.6849 0.1180 0.0612 0.0348 
        D431  5 0.1071 0.0167 0.2730 0.0681 0.0898 0.4452 
        D432  5 0.0938 0.0760 0.0454 0.1504 0.5789 0.0555 
        D433  5 0.0497 0.0751 0.0283 0.0421 0.7660 0.0388 
        D434  5 0.0273 0.1181 0.0532 0.0597 0.7070 0.0347 
        D440  5 0.0173 0.0319 0.0270 0.0247 0.0210 0.8780 
        D447  5 0.0888 0.4931 0.2059 0.0857 0.0322 0.0943 
        D448  5 0.0673 0.1154 0.0884 0.0222 0.5716 0.1351 
        D459  5 0.7510 0.0840 0.0352 0.0172 0.0455 0.0671 
        D460  5 0.0184 0.0648 0.0241 0.7669 0.1015 0.0242 
        D461  5 0.0151 0.0935 0.0251 0.0219 0.0235 0.8209 
        D468  5 0.0673 0.3128 0.2588 0.0827 0.2143 0.0641 
        D469  5 0.0364 0.5446 0.0930 0.1391 0.0956 0.0913 
        D470  5 0.0457 0.1523 0.2258 0.1758 0.1145 0.2858 
        D471  5 0.0656 0.0896 0.1175 0.0171 0.6060 0.1043 
        D472  5 0.1460 0.7794 0.0224 0.0147 0.0214 0.0162 
        D479  5 0.7092 0.0400 0.0442 0.0242 0.0200 0.1623 
        D485  5 0.0461 0.0322 0.1930 0.0269 0.0453 0.6565 
        D486  5 0.0404 0.1988 0.4563 0.1103 0.0869 0.1074 
        D487  5 0.2350 0.0384 0.0922 0.0530 0.2610 0.3205 
        D555  5 0.0584 0.0264 0.0275 0.0202 0.8377 0.0297 
        D556  5 0.1148 0.0361 0.1446 0.0881 0.1694 0.4470 
        D557  5 0.0257 0.0220 0.0165 0.0222 0.8727 0.0410 
        D564  5 0.0323 0.0473 0.0746 0.1647 0.3392 0.3419 
        D594  5 0.1070 0.3867 0.1776 0.0766 0.1191 0.1330 
        D595  5 0.1072 0.1763 0.0883 0.0702 0.4528 0.1053 
        D596  5 0.0275 0.0195 0.0216 0.0244 0.8911 0.0159 
        D597  5 0.3227 0.1113 0.0410 0.0384 0.3862 0.1003 
        D598  5 0.0746 0.0958 0.0658 0.2047 0.4074 0.1516 
        D617  5 0.2230 0.0421 0.1453 0.5238 0.0197 0.0461 
        D618  5 0.0800 0.0794 0.0436 0.0495 0.6456 0.1020 
        D619  5 0.0703 0.2406 0.0344 0.4017 0.1792 0.0737 
        D620  5 0.8658 0.0486 0.0193 0.0183 0.0272 0.0209 
        D628  5 0.0280 0.0397 0.0796 0.0962 0.0659 0.6906 
        D714  5 0.1596 0.0183 0.1098 0.0368 0.2019 0.4735 
        D715  5 0.0718 0.0674 0.0308 0.0247 0.7661 0.0392 
        D716  5 0.1668 0.1691 0.2682 0.0227 0.0694 0.3037 
        D717  5 0.0600 0.3539 0.1117 0.0980 0.2562 0.1202 
        D718  5 0.0388 0.0246 0.6499 0.0769 0.0799 0.1299 
        D769  5 0.1644 0.0548 0.2096 0.4379 0.0242 0.1091 
        D770  5 0.2189 0.0429 0.0924 0.0457 0.1016 0.4985 
        D771  5 0.3118 0.0610 0.2431 0.1089 0.1087 0.1665 
        D772  5 0.0369 0.0414 0.0497 0.0404 0.1393 0.6924 
        D782  5 0.3248 0.0632 0.1859 0.3420 0.0486 0.0355 
        D783  5 0.2397 0.0337 0.0890 0.0304 0.1027 0.5045 
        D784  5 0.0550 0.2758 0.1534 0.0620 0.1529 0.3010 
        D785  5 0.0229 0.0481 0.0509 0.0835 0.6280 0.1666 
        D786  5 0.0527 0.2305 0.1113 0.4400 0.0167 0.1488 
        D821  5 0.0100 0.0131 0.0169 0.0113 0.9231 0.0257 
        D822  5 0.1007 0.3736 0.1667 0.0397 0.1832 0.1361 
        D826  5 0.1574 0.0584 0.0950 0.0474 0.5167 0.1251 
        D827  5 0.1084 0.5386 0.1549 0.0280 0.0354 0.1347 
        D851  5 0.0824 0.0751 0.2664 0.1471 0.2793 0.1498 
        D852  5 0.1251 0.0284 0.0398 0.0738 0.1941 0.5387 
        D853  5 0.0822 0.0937 0.2846 0.0654 0.3915 0.0826 
        D854  5 0.1845 0.1772 0.3706 0.0680 0.0261 0.1735 
        D861  5 0.2502 0.1279 0.2292 0.1264 0.1915 0.0750 
        D862  5 0.0337 0.3774 0.1155 0.0537 0.3025 0.1173 
        D865  5 0.0515 0.0262 0.0460 0.0609 0.7791 0.0362 
        D868  5 0.0333 0.7643 0.0521 0.0297 0.0864 0.0342 
        D869  5 0.0472 0.0618 0.0828 0.7663 0.0271 0.0149 
        D870  5 0.0444 0.0461 0.8149 0.0454 0.0161 0.0330 
        D907  5 0.0291 0.0392 0.0559 0.0769 0.7638 0.0351 
        D908  5 0.2465 0.0234 0.0246 0.0966 0.2564 0.3525 
        D910  5 0.2455 0.1131 0.0458 0.0244 0.4688 0.1025 
        D911  5 0.4890 0.1067 0.2698 0.0164 0.0735 0.0446 
        D934  5 0.2525 0.0561 0.1368 0.0435 0.0584 0.4527 
        D946  5 0.0943 0.0188 0.1304 0.0532 0.0387 0.6647 
        D947  5 0.0622 0.1761 0.3115 0.0730 0.0512 0.3259 
        D948  5 0.0169 0.0449 0.0145 0.7825 0.1255 0.0158 
        D949  5 0.0154 0.0580 0.0197 0.8336 0.0511 0.0221 
        D950  5 0.5280 0.1009 0.1984 0.0245 0.0617 0.0866 
        D951  5 0.0326 0.3771 0.2802 0.0788 0.0276 0.2036 
        D952  5 0.0528 0.7673 0.0268 0.0247 0.0834 0.0450 
        D953  5 0.0343 0.1065 0.0392 0.0518 0.7151 0.0530 
        D954  5 0.0223 0.3967 0.0485 0.0651 0.4288 0.0386 
        D961  5 0.0477 0.0296 0.3050 0.0446 0.0773 0.4958 
        D962  5 0.0122 0.0380 0.0605 0.0347 0.4148 0.4398 
        D963  5 0.0577 0.3708 0.0801 0.0267 0.2974 0.1673 
        D964  5 0.0887 0.0468 0.3913 0.1123 0.0727 0.2882 
        D965  5 0.0857 0.0470 0.1241 0.0414 0.0411 0.6608 
        D966  5 0.1331 0.2080 0.0520 0.0399 0.2223 0.3447 
        D967  5 0.2873 0.0431 0.0898 0.1566 0.3657 0.0575 
        D991  5 0.0414 0.0880 0.1094 0.1678 0.0844 0.5091 
        D502  6 0.1483 0.0153 0.5919 0.0589 0.0104 0.1752 
        D503  6 0.4487 0.0369 0.1832 0.2141 0.0864 0.0308 
        D504  6 0.0870 0.3426 0.1384 0.1057 0.1538 0.1725 
        D505  6 0.1362 0.0770 0.1239 0.1131 0.3515 0.1983 
        D506  6 0.0134 0.0209 0.0196 0.0193 0.9122 0.0147 
        D507  6 0.0811 0.0458 0.0768 0.0781 0.0395 0.6788 
        D508  6 0.0934 0.1833 0.3742 0.0515 0.0372 0.2604 
        D529  6 0.0632 0.1288 0.3639 0.1825 0.1481 0.1134 
        D530  6 0.0830 0.0285 0.3020 0.1357 0.1180 0.3328 
        D531  6 0.0691 0.2854 0.3418 0.0532 0.1219 0.1286 
        D532  6 0.0669 0.3098 0.1870 0.0394 0.2484 0.1486 
        D534  6 0.0329 0.0488 0.0742 0.7561 0.0180 0.0701 
        D535  6 0.0391 0.2203 0.0887 0.1517 0.4423 0.0580 
        D536  6 0.7215 0.0275 0.1378 0.0512 0.0170 0.0450 
        D554  6 0.0399 0.0549 0.2473 0.1166 0.2010 0.3403 
        D587  6 0.0416 0.0749 0.0458 0.0386 0.7587 0.0404 
        D588  6 0.0578 0.1725 0.0856 0.0983 0.5434 0.0424 
        D589  6 0.3255 0.0444 0.3273 0.0884 0.1516 0.0628 
        D590  6 0.7600 0.0635 0.0390 0.0622 0.0444 0.0310 
        D591  6 0.2172 0.0701 0.2936 0.1151 0.2581 0.0460 
        D592  6 0.0246 0.0338 0.0257 0.8542 0.0429 0.0189 
        D593  6 0.0490 0.0183 0.3291 0.0396 0.0873 0.4768 
        D682  6 0.0166 0.0208 0.0308 0.0336 0.8708 0.0276 
        D683  6 0.0282 0.3891 0.1337 0.0488 0.3683 0.0319 
        D684  6 0.1675 0.0456 0.5437 0.1832 0.0168 0.0431 
        D685  6 0.1149 0.0181 0.7260 0.0468 0.0292 0.0649 
        D686  6 0.0515 0.0621 0.2434 0.0627 0.4264 0.1539 
        D724  6 0.0966 0.2429 0.2921 0.1222 0.0206 0.2255 
        D725  6 0.1721 0.0499 0.2038 0.0640 0.0695 0.4407 
        D726  6 0.0144 0.0243 0.0246 0.0207 0.8863 0.0296 
        D727  6 0.4036 0.4010 0.0473 0.0587 0.0658 0.0236 
        D728  6 0.0244 0.0657 0.1548 0.0793 0.5100 0.1658 
        D729  6 0.2135 0.3742 0.0510 0.3277 0.0190 0.0145 
        D730  6 0.1084 0.1921 0.1625 0.1789 0.0361 0.3220 
        D731  6 0.1048 0.0123 0.0181 0.0150 0.8340 0.0159 
        D732  6 0.0471 0.2646 0.0935 0.0495 0.0353 0.5100 
        D733  6 0.0332 0.0424 0.0703 0.0758 0.0393 0.7391 
     D237251  7 0.3230 0.0603 0.1609 0.0285 0.0543 0.3730 
     D237252  7 0.1946 0.0573 0.3891 0.2419 0.0207 0.0965 
     D237253  7 0.2326 0.0940 0.3391 0.0297 0.2251 0.0794 
     D237254  7 0.0435 0.0209 0.4286 0.4767 0.0150 0.0154 
     D237255  7 0.7439 0.0295 0.1341 0.0234 0.0358 0.0333 
     D237256  7 0.3569 0.0596 0.3101 0.0185 0.0327 0.2222 
     D237257  7 0.0716 0.0499 0.7073 0.0803 0.0219 0.0690 
     D237282  7 0.1105 0.6458 0.0402 0.0953 0.0154 0.0929 
     D237283  7 0.0282 0.0106 0.0328 0.8817 0.0264 0.0203 
     D237284  7 0.0317 0.0738 0.2506 0.5885 0.0227 0.0328 
     D237285  7 0.1820 0.0618 0.3470 0.0487 0.1204 0.2402 
     D237286  7 0.1157 0.1318 0.2172 0.0962 0.2107 0.2283 
     D237287  7 0.4619 0.1425 0.1368 0.0595 0.0707 0.1286 
     D244006  7 0.0296 0.0264 0.1825 0.7045 0.0176 0.0394 
     D244007  7 0.5585 0.1964 0.1124 0.0510 0.0460 0.0356 
     D244008  7 0.0280 0.0242 0.1104 0.7644 0.0541 0.0189 
     D244009  7 0.0262 0.1209 0.1903 0.2947 0.0731 0.2948 
     D244010  7 0.0367 0.0251 0.8065 0.0717 0.0257 0.0342 
     D244011  7 0.0664 0.0221 0.3222 0.0801 0.2105 0.2986 
     D244012  7 0.1772 0.0444 0.5313 0.0793 0.0255 0.1424 
     D244013  7 0.2522 0.0868 0.0617 0.0481 0.2106 0.3407 
     D244014  7 0.1060 0.0444 0.1202 0.4372 0.0413 0.2508 
     D244015  7 0.0837 0.1517 0.3078 0.3457 0.0367 0.0744 
     D244125  7 0.1665 0.1334 0.0637 0.0644 0.4641 0.1080 
     D244126  7 0.0134 0.0148 0.0567 0.8494 0.0129 0.0527 
     D244130  7 0.0898 0.0511 0.1673 0.3735 0.0468 0.2714 
     D244131  7 0.0740 0.1347 0.0737 0.1899 0.4152 0.1125 
     D244132  7 0.0224 0.1121 0.0240 0.0617 0.1540 0.6258 
        D520  7 0.0222 0.0447 0.7352 0.1050 0.0572 0.0356 
        D521  7 0.0795 0.1711 0.3943 0.0985 0.0596 0.1970 
        D522  7 0.0354 0.0753 0.0443 0.6513 0.0726 0.1211 
        D523  7 0.6261 0.0423 0.1088 0.0307 0.1021 0.0901 
        D524  7 0.2401 0.0840 0.1339 0.1092 0.2097 0.2231 
        D525  7 0.2233 0.0300 0.0915 0.5486 0.0488 0.0579 
        D526  7 0.0405 0.0744 0.2816 0.5703 0.0155 0.0178 
        D527  7 0.0409 0.1813 0.2062 0.1201 0.1049 0.3466 
        D528  7 0.0101 0.0127 0.9319 0.0203 0.0096 0.0154 
        D558  7 0.0381 0.0385 0.0349 0.0616 0.0136 0.8132 
        D559  7 0.0213 0.0243 0.0306 0.0226 0.0112 0.8899 
        D640  7 0.0955 0.1065 0.0698 0.0649 0.2711 0.3923 
        D641  7 0.1355 0.0229 0.1504 0.2077 0.2620 0.2216 
        D642  7 0.1604 0.0517 0.0899 0.5786 0.0436 0.0759 
        D644  7 0.1078 0.0915 0.1191 0.2869 0.2022 0.1924 
        D645  7 0.1900 0.1608 0.2402 0.0949 0.1533 0.1609 
        D662  7 0.0150 0.1361 0.0250 0.6876 0.1066 0.0297 
        D687  7 0.0728 0.0510 0.3616 0.0478 0.1175 0.3491 
        D688  7 0.1190 0.3375 0.1113 0.1318 0.0238 0.2766 
        D689  7 0.1162 0.2755 0.1576 0.1053 0.2608 0.0845 
        D700  7 0.0159 0.0152 0.9242 0.0148 0.0151 0.0148 
        D797  7 0.1026 0.1875 0.1815 0.0954 0.1769 0.2561 
        D798  7 0.0318 0.0470 0.1257 0.6942 0.0366 0.0646 
        D799  7 0.2388 0.0369 0.1953 0.1848 0.0381 0.3060 
        D800  7 0.0927 0.5581 0.1862 0.0793 0.0228 0.0610 
        D132  8 0.0216 0.0409 0.0819 0.7619 0.0362 0.0574 
        D133  8 0.8782 0.0153 0.0340 0.0342 0.0180 0.0203 
        D200  8 0.0465 0.0265 0.8103 0.0257 0.0146 0.0764 
        D500  8 0.0137 0.0304 0.0264 0.8773 0.0291 0.0230 
        D614  8 0.0286 0.0890 0.2074 0.1005 0.4340 0.1405 
        D723  8 0.1029 0.5652 0.0887 0.1545 0.0324 0.0563 
        D888  8 0.6573 0.0412 0.1061 0.0260 0.0625 0.1070 
        D901  8 0.0233 0.0146 0.8214 0.0454 0.0371 0.0582 
        D902  8 0.0402 0.0299 0.0871 0.0505 0.6566 0.1356 
        D903  8 0.0363 0.4014 0.1035 0.0307 0.0802 0.3479 
        D904  8 0.0573 0.2063 0.1444 0.1235 0.0653 0.4033 
        D905  8 0.5345 0.0136 0.0870 0.0157 0.2738 0.0754 
        D906  8 0.5049 0.0642 0.1351 0.0703 0.0447 0.1808 
        D937  8 0.0251 0.0113 0.0517 0.0183 0.8642 0.0294 
        D943  8 0.0589 0.0593 0.5807 0.1439 0.0391 0.1181 
        D972  8 0.0730 0.4113 0.2498 0.1751 0.0335 0.0573 
        D973  8 0.0270 0.7576 0.0498 0.0902 0.0335 0.0419 
        D974  8 0.1495 0.2364 0.3010 0.1057 0.0745 0.1329 
        D975  8 0.0522 0.0377 0.7858 0.0291 0.0451 0.0501 
        D976  8 0.0510 0.0268 0.5134 0.0873 0.1522 0.1693 
        D201  9 0.2678 0.0639 0.2417 0.0811 0.0396 0.3059 
        D202  9 0.0589 0.0251 0.6059 0.0409 0.0295 0.2397 
     D237259  9 0.1072 0.0606 0.4529 0.2026 0.0222 0.1546 
     D237260  9 0.3446 0.0158 0.3560 0.1259 0.0624 0.0953 
     D237262  9 0.0120 0.0169 0.0446 0.8871 0.0232 0.0162 
