        D174  1 0.1617 0.0564 0.7819 
        D199  1 0.0806 0.3669 0.5525 
        D203  1 0.2236 0.3366 0.4399 
        D204  1 0.1249 0.1169 0.7582 
     D237366  1 0.5880 0.2165 0.1956 
     D237367  1 0.7149 0.1206 0.1645 
     D237368  1 0.5618 0.1799 0.2583 
     D244101  1 0.0795 0.5669 0.3536 
     D244102  1 0.3077 0.2064 0.4860 
     D244103  1 0.8428 0.0383 0.1189 
     D244104  1 0.1722 0.2183 0.6095 
     D244105  1 0.9275 0.0348 0.0378 
     D244106  1 0.0861 0.4011 0.5128 
     D244107  1 0.9127 0.0556 0.0317 
     D244108  1 0.1292 0.0802 0.7906 
     D244113  1 0.0524 0.0956 0.8520 
     D244114  1 0.2437 0.5193 0.2369 
     D244115  1 0.3383 0.0710 0.5907 
     D267365  1 0.0831 0.0954 0.8214 
        D404  1 0.0744 0.0996 0.8260 
        D405  1 0.1677 0.2066 0.6257 
        D406  1 0.8511 0.0295 0.1194 
        D407  1 0.7760 0.0987 0.1253 
        D408  1 0.1141 0.2482 0.6377 
        D409  1 0.8700 0.0606 0.0694 
        D410  1 0.9195 0.0182 0.0623 
        D421  1 0.3000 0.1956 0.5044 
        D422  1 0.9641 0.0198 0.0161 
        D423  1 0.9664 0.0157 0.0179 
        D424  1 0.7062 0.0236 0.2702 
        D425  1 0.0807 0.0856 0.8337 
        D426  1 0.8754 0.1011 0.0234 
        D427  1 0.0597 0.8311 0.1092 
        D428  1 0.2731 0.1006 0.6263 
        D429  1 0.1723 0.1228 0.7049 
        D430  1 0.2431 0.5248 0.2321 
        D491  1 0.0338 0.0279 0.9383 
        D492  1 0.3244 0.0792 0.5964 
        D537  1 0.3142 0.0387 0.6471 
        D538  1 0.3750 0.1881 0.4369 
        D539  1 0.2165 0.3429 0.4406 
        D540  1 0.5338 0.0923 0.3739 
        D541  1 0.2521 0.0739 0.6740 
        D551  1 0.2027 0.7433 0.0540 
        D552  1 0.3395 0.1383 0.5222 
        D553  1 0.3937 0.0630 0.5433 
        D615  1 0.2852 0.2198 0.4950 
        D616  1 0.4345 0.2804 0.2852 
        D621  1 0.6562 0.0831 0.2607 
        D622  1 0.8885 0.0514 0.0601 
        D623  1 0.0534 0.3637 0.5829 
        D624  1 0.0686 0.0500 0.8814 
        D625  1 0.1702 0.0348 0.7951 
        D626  1 0.3370 0.1682 0.4948 
        D627  1 0.8721 0.0818 0.0462 
        D690  1 0.1861 0.0267 0.7872 
        D691  1 0.8383 0.0444 0.1173 
        D710  1 0.2100 0.1860 0.6041 
        D711  1 0.1901 0.0774 0.7325 
        D712  1 0.0894 0.1535 0.7571 
        D713  1 0.0968 0.0419 0.8613 
        D746  1 0.9002 0.0465 0.0534 
        D747  1 0.1299 0.1502 0.7199 
        D748  1 0.5769 0.0441 0.3789 
        D749  1 0.6409 0.2139 0.1452 
        D750  1 0.0980 0.0474 0.8546 
        D763  1 0.2144 0.6488 0.1368 
        D764  1 0.1915 0.0279 0.7807 
        D765  1 0.7864 0.0368 0.1768 
        D766  1 0.5670 0.0322 0.4008 
        D767  1 0.2922 0.1818 0.5259 
        D768  1 0.5291 0.0790 0.3918 
        D811  1 0.2414 0.1408 0.6178 
        D816  1 0.1342 0.0374 0.8285 
        D825  1 0.3418 0.0420 0.6163 
        D866  1 0.0713 0.6817 0.2470 
        D867  1 0.9303 0.0310 0.0387 
        D871  1 0.8636 0.0496 0.0868 
        D872  1 0.1570 0.0667 0.7762 
        D873  1 0.9638 0.0153 0.0209 
        D874  1 0.0222 0.0695 0.9083 
        D875  1 0.9495 0.0184 0.0321 
        D876  1 0.0748 0.0500 0.8752 
        D877  1 0.0198 0.0289 0.9512 
        D892  1 0.1985 0.0247 0.7768 
        D893  1 0.4328 0.1754 0.3918 
        D894  1 0.2692 0.1573 0.5735 
        D915  1 0.3913 0.0422 0.5665 
        D916  1 0.1904 0.0494 0.7602 
        D917  1 0.0658 0.1290 0.8052 
        D925  1 0.7804 0.0251 0.1946 
        D926  1 0.3665 0.0657 0.5678 
        D927  1 0.1368 0.5894 0.2738 
        D928  1 0.0226 0.0150 0.9624 
        D929  1 0.2104 0.0974 0.6922 
        D936  1 0.1235 0.3525 0.5240 
        D938  1 0.9446 0.0192 0.0362 
        D956  1 0.1124 0.1853 0.7024 
        D957  1 0.2915 0.0623 0.6462 
        D958  1 0.1154 0.0285 0.8561 
        D959  1 0.8599 0.0538 0.0863 
        D960  1 0.8801 0.0264 0.0935 
        D989  1 0.0519 0.4426 0.5055 
        D990  1 0.8907 0.0839 0.0254 
        D023  2 0.8854 0.0437 0.0708 
        D130  2 0.9086 0.0337 0.0577 
        D131  2 0.5587 0.2122 0.2292 
        D163  2 0.9292 0.0325 0.0384 
        D164  2 0.4403 0.5386 0.0211 
        D165  2 0.9208 0.0562 0.0230 
        D166  2 0.4621 0.2875 0.2505 
        D167  2 0.0170 0.9552 0.0278 
        D192  2 0.0136 0.9720 0.0144 
        D193  2 0.1874 0.1228 0.6898 
        D206  2 0.5682 0.2236 0.2083 
        D207  2 0.0943 0.8292 0.0765 
        D208  2 0.0895 0.5808 0.3297 
        D209  2 0.1677 0.7822 0.0501 
        D210  2 0.0660 0.5144 0.4196 
     D229599  2 0.2497 0.3350 0.4154 
     D229600  2 0.5090 0.4438 0.0472 
     D237227  2 0.3644 0.2967 0.3389 
     D237228  2 0.5705 0.1993 0.2302 
     D237258  2 0.2608 0.4723 0.2670 
     D237310  2 0.7793 0.1429 0.0778 
     D237311  2 0.6492 0.2946 0.0561 
     D237312  2 0.5915 0.0678 0.3407 
     D237313  2 0.3223 0.1000 0.5777 
     D237322  2 0.1148 0.6891 0.1961 
     D237323  2 0.6645 0.1115 0.2241 
     D237324  2 0.6161 0.3537 0.0302 
     D237325  2 0.5578 0.1247 0.3175 
     D237326  2 0.6210 0.0466 0.3325 
     D237327  2 0.1104 0.8192 0.0704 
     D237337  2 0.8006 0.0287 0.1708 
     D237338  2 0.5347 0.2565 0.2088 
     D237339  2 0.0740 0.5959 0.3301 
     D237340  2 0.2767 0.4777 0.2456 
     D237389  2 0.8441 0.0811 0.0748 
     D237390  2 0.4620 0.0765 0.4615 
     D244017  2 0.1031 0.6063 0.2905 
     D244112  2 0.0750 0.9051 0.0199 
     D244118  2 0.2052 0.7640 0.0308 
     D244119  2 0.0472 0.6868 0.2659 
     D244120  2 0.0703 0.8388 0.0909 
     D244122  2 0.0744 0.8241 0.1016 
        D291  2 0.3300 0.5964 0.0736 
        D292  2 0.0630 0.6913 0.2457 
        D293  2 0.0214 0.9019 0.0767 
        D322  2 0.0714 0.7300 0.1985 
        D323  2 0.1643 0.3659 0.4698 
        D324  2 0.3393 0.4002 0.2605 
        D325  2 0.0737 0.9127 0.0136 
        D326  2 0.0714 0.0925 0.8361 
        D340  2 0.0240 0.9579 0.0181 
        D341  2 0.0332 0.9358 0.0310 
        D342  2 0.2426 0.7251 0.0323 
        D343  2 0.0147 0.9748 0.0105 
        D344  2 0.2856 0.1452 0.5692 
        D345  2 0.3910 0.1533 0.4557 
        D346  2 0.1199 0.3295 0.5506 
        D351  2 0.4101 0.3659 0.2240 
        D352  2 0.2501 0.2707 0.4793 
        D353  2 0.2928 0.2880 0.4191 
        D354  2 0.1395 0.0539 0.8067 
        D362  2 0.2624 0.0648 0.6728 
        D363  2 0.1554 0.0526 0.7920 
        D364  2 0.1592 0.0715 0.7693 
        D365  2 0.0157 0.9618 0.0225 
        D369  2 0.2124 0.4702 0.3174 
        D374  2 0.0665 0.0463 0.8872 
        D375  2 0.3195 0.0928 0.5876 
        D376  2 0.0985 0.0856 0.8159 
        D377  2 0.4084 0.2291 0.3625 
        D378  2 0.1094 0.6306 0.2600 
        D379  2 0.1173 0.0527 0.8300 
        D384  2 0.0494 0.0294 0.9213 
        D385  2 0.0236 0.9540 0.0224 
        D386  2 0.2463 0.3038 0.4500 
        D391  2 0.0207 0.9480 0.0312 
        D392  2 0.0589 0.8477 0.0934 
        D393  2 0.1622 0.5399 0.2979 
        D394  2 0.4452 0.2284 0.3265 
        D395  2 0.0925 0.8139 0.0936 
        D401  2 0.9347 0.0306 0.0347 
        D402  2 0.0151 0.9632 0.0217 
        D403  2 0.4809 0.0914 0.4277 
        D415  2 0.7768 0.0378 0.1854 
        D435  2 0.3168 0.5666 0.1166 
        D436  2 0.1291 0.0787 0.7922 
        D438  2 0.0321 0.9510 0.0169 
        D439  2 0.4140 0.3663 0.2197 
        D449  2 0.2859 0.6703 0.0438 
        D450  2 0.1570 0.0592 0.7838 
        D456  2 0.3667 0.0376 0.5957 
        D462  2 0.0181 0.9540 0.0278 
        D463  2 0.0633 0.0249 0.9117 
        D464  2 0.1054 0.3760 0.5186 
        D465  2 0.4583 0.4502 0.0914 
        D473  2 0.1515 0.1886 0.6600 
        D474  2 0.2178 0.4372 0.3450 
        D476  2 0.6881 0.2593 0.0526 
        D477  2 0.1772 0.2726 0.5502 
        D478  2 0.3409 0.1597 0.4994 
        D480  2 0.0463 0.4741 0.4796 
        D481  2 0.1972 0.2722 0.5306 
        D482  2 0.1720 0.6583 0.1698 
        D483  2 0.0229 0.9475 0.0296 
        D484  2 0.1202 0.5293 0.3505 
        D510  2 0.0475 0.1964 0.7561 
        D511  2 0.1201 0.5205 0.3594 
        D512  2 0.7879 0.1779 0.0342 
        D513  2 0.2705 0.6135 0.1160 
        D635  2 0.7082 0.0861 0.2056 
        D636  2 0.9449 0.0283 0.0268 
        D637  2 0.1718 0.6739 0.1543 
        D658  2 0.0597 0.8281 0.1122 
        D659  2 0.3528 0.1511 0.4961 
        D677  2 0.4844 0.2725 0.2431 
        D678  2 0.0850 0.8789 0.0361 
        D679  2 0.1600 0.3517 0.4884 
        D719  2 0.0237 0.2980 0.6783 
        D720  2 0.0993 0.0586 0.8421 
        D721  2 0.6961 0.2204 0.0835 
        D722  2 0.1011 0.1095 0.7895 
        D734  2 0.0269 0.4816 0.4914 
        D735  2 0.1817 0.2749 0.5434 
        D736  2 0.1466 0.3189 0.5345 
        D737  2 0.0679 0.8597 0.0724 
        D807  2 0.1037 0.2926 0.6037 
        D808  2 0.4691 0.3680 0.1629 
        D817  2 0.2030 0.0733 0.7237 
        D818  2 0.2507 0.6946 0.0547 
        D819  2 0.5391 0.1912 0.2697 
        D820  2 0.0602 0.1423 0.7976 
        D895  2 0.6233 0.1368 0.2398 
        D896  2 0.9180 0.0245 0.0575 
        D897  2 0.0980 0.8580 0.0440 
        D898  2 0.3908 0.2298 0.3793 
        D918  2 0.5184 0.3550 0.1266 
        D919  2 0.1465 0.6259 0.2277 
        D920  2 0.9125 0.0351 0.0524 
        D923  2 0.1558 0.1381 0.7061 
        D930  2 0.1402 0.0826 0.7772 
        D931  2 0.1152 0.3864 0.4984 
        D968  2 0.0170 0.9655 0.0175 
        D969  2 0.0830 0.6871 0.2299 
        D977  2 0.1385 0.8292 0.0323 
        D978  2 0.0922 0.8123 0.0955 
        D211  3 0.7980 0.0895 0.1125 
     D229639  3 0.0601 0.8354 0.1045 
     D237212  3 0.2637 0.5710 0.1653 
     D237213  3 0.6527 0.1312 0.2160 
     D237214  3 0.9205 0.0246 0.0550 
     D237215  3 0.0189 0.9271 0.0540 
     D237216  3 0.6975 0.2517 0.0508 
     D237217  3 0.8722 0.0685 0.0593 
     D237218  3 0.1626 0.6461 0.1913 
     D237219  3 0.6160 0.2619 0.1221 
     D237382  3 0.2716 0.1273 0.6010 
     D244127  3 0.8163 0.1488 0.0349 
     D244129  3 0.4317 0.2535 0.3149 
     D244133  3 0.3969 0.3809 0.2221 
     D244134  3 0.1636 0.5790 0.2574 
     D244135  3 0.8477 0.1048 0.0475 
     D244136  3 0.2014 0.1594 0.6392 
        D416  3 0.3752 0.5460 0.0787 
        D417  3 0.2480 0.0389 0.7132 
        D419  3 0.3433 0.4228 0.2339 
        D565  3 0.0384 0.0391 0.9225 
        D566  3 0.1135 0.6114 0.2751 
        D567  3 0.3777 0.0798 0.5425 
        D568  3 0.5045 0.3526 0.1429 
        D569  3 0.2594 0.5320 0.2087 
        D573  3 0.0808 0.8742 0.0450 
        D574  3 0.2536 0.1458 0.6006 
        D575  3 0.4651 0.2181 0.3168 
        D576  3 0.0247 0.9569 0.0184 
        D577  3 0.2479 0.0735 0.6786 
        D578  3 0.9497 0.0288 0.0215 
        D579  3 0.1614 0.3291 0.5095 
        D660  3 0.2404 0.7261 0.0335 
        D661  3 0.0817 0.8747 0.0436 
        D663  3 0.0543 0.8884 0.0573 
        D664  3 0.5341 0.3062 0.1597 
        D665  3 0.7340 0.2342 0.0318 
        D666  3 0.5048 0.2099 0.2853 
        D009  4 0.6883 0.0780 0.2337 
        D057  4 0.1445 0.7303 0.1252 
        D109  4 0.8176 0.0453 0.1371 
     D237222  4 0.6610 0.0840 0.2550 
     D237223  4 0.5793 0.2018 0.2188 
     D237224  4 0.0777 0.7893 0.1330 
     D237225  4 0.6668 0.1202 0.2130 
     D237299  4 0.9099 0.0672 0.0229 
     D237300  4 0.0578 0.9079 0.0343 
     D237306  4 0.1101 0.0555 0.8344 
     D237307  4 0.1806 0.1390 0.6804 
     D237308  4 0.1139 0.7381 0.1480 
     D237309  4 0.6776 0.1174 0.2050 
     D237317  4 0.0746 0.0377 0.8878 
     D237318  4 0.0272 0.9458 0.0270 
     D237319  4 0.6106 0.1733 0.2161 
     D237320  4 0.4939 0.3681 0.1380 
     D237321  4 0.1137 0.8213 0.0650 
     D237397  4 0.2665 0.3385 0.3950 
     D237398  4 0.1361 0.8168 0.0470 
     D237399  4 0.2007 0.3459 0.4534 
     D244001  4 0.8333 0.0772 0.0895 
        D289  4 0.1159 0.3564 0.5277 
        D290  4 0.1797 0.2674 0.5529 
        D294  4 0.1617 0.4789 0.3593 
        D295  4 0.2768 0.1518 0.5714 
        D301  4 0.7877 0.1653 0.0470 
        D302  4 0.1596 0.0913 0.7491 
        D303  4 0.1050 0.2072 0.6879 
        D304  4 0.0616 0.2802 0.6581 
        D305  4 0.5248 0.4180 0.0572 
        D306  4 0.1933 0.0979 0.7088 
        D307  4 0.8570 0.0855 0.0575 
        D327  4 0.1652 0.1392 0.6955 
        D328  4 0.1165 0.1424 0.7411 
        D329  4 0.1671 0.6672 0.1657 
        D330  4 0.6391 0.0740 0.2869 
        D331  4 0.2159 0.3157 0.4685 
        D333  4 0.1673 0.2406 0.5922 
        D334  4 0.0954 0.0723 0.8323 
        D335  4 0.0581 0.1320 0.8099 
        D370  4 0.2250 0.0872 0.6879 
        D371  4 0.0412 0.0814 0.8774 
        D372  4 0.0343 0.9314 0.0343 
        D373  4 0.7819 0.1910 0.0271 
        D455  4 0.8100 0.1342 0.0558 
        D490  4 0.9516 0.0174 0.0310 
        D497  4 0.9200 0.0409 0.0391 
        D498  4 0.2660 0.2717 0.4624 
        D499  4 0.0656 0.8002 0.1342 
        D514  4 0.4139 0.1912 0.3949 
        D515  4 0.8029 0.0518 0.1453 
        D516  4 0.3879 0.2030 0.4091 
        D517  4 0.8424 0.1301 0.0274 
        D518  4 0.1974 0.1657 0.6369 
        D519  4 0.8102 0.1238 0.0660 
        D560  4 0.7211 0.1837 0.0952 
        D561  4 0.9198 0.0396 0.0406 
        D562  4 0.3307 0.3599 0.3095 
        D563  4 0.1289 0.8330 0.0381 
        D572  4 0.2038 0.1792 0.6170 
        D629  4 0.5264 0.1176 0.3559 
        D630  4 0.2953 0.2374 0.4673 
        D631  4 0.0739 0.7235 0.2026 
        D632  4 0.5840 0.3329 0.0831 
        D646  4 0.6419 0.1365 0.2215 
        D647  4 0.3951 0.2218 0.3831 
        D648  4 0.1115 0.1453 0.7432 
        D649  4 0.4965 0.0897 0.4138 
        D650  4 0.2263 0.1184 0.6552 
        D708  4 0.1730 0.1808 0.6462 
        D709  4 0.1480 0.1089 0.7431 
        D738  4 0.1566 0.0587 0.7848 
        D739  4 0.5790 0.2080 0.2130 
        D740  4 0.3324 0.5434 0.1242 
        D741  4 0.6505 0.2823 0.0672 
        D742  4 0.1079 0.7679 0.1241 
        D743  4 0.1259 0.2712 0.6029 
        D744  4 0.1547 0.5522 0.2931 
        D745  4 0.9094 0.0421 0.0485 
        D814  4 0.2620 0.7058 0.0323 
        D815  4 0.0975 0.1489 0.7536 
        D828  4 0.1266 0.4914 0.3820 
        D845  4 0.0325 0.9150 0.0525 
        D846  4 0.3459 0.5391 0.1151 
        D847  4 0.3819 0.3174 0.3008 
        D848  4 0.6106 0.3692 0.0202 
        D849  4 0.8425 0.0760 0.0815 
        D850  4 0.5005 0.2138 0.2857 
        D856  4 0.6206 0.1465 0.2329 
        D857  4 0.8781 0.0814 0.0405 
        D859  4 0.1591 0.4142 0.4267 
        D860  4 0.0324 0.3493 0.6183 
        D883  4 0.3415 0.0955 0.5631 
        D884  4 0.3488 0.0674 0.5838 
        D885  4 0.3931 0.5352 0.0716 
        D886  4 0.4109 0.1523 0.4368 
        D887  4 0.1720 0.6594 0.1685 
        D889  4 0.0849 0.6676 0.2475 
        D890  4 0.2248 0.1977 0.5775 
        D891  4 0.0177 0.9694 0.0129 
        D899  4 0.0379 0.7079 0.2542 
        D900  4 0.3130 0.2278 0.4592 
        D970  4 0.2393 0.3404 0.4203 
        D971  4 0.0993 0.6316 0.2690 
        D979  4 0.0482 0.1307 0.8211 
        D093  5 0.1135 0.1727 0.7139 
        D154  5 0.1623 0.7425 0.0951 
        D168  5 0.4355 0.5038 0.0607 
        D189  5 0.0895 0.4101 0.5004 
        D190  5 0.0462 0.1623 0.7915 
     D237220  5 0.5136 0.3031 0.1833 
     D237221  5 0.1133 0.3797 0.5070 
     D237274  5 0.1732 0.0678 0.7590 
     D237275  5 0.0539 0.9138 0.0323 
     D237276  5 0.2477 0.1165 0.6359 
     D237277  5 0.0660 0.4626 0.4714 
     D237278  5 0.1543 0.7094 0.1363 
     D237279  5 0.9216 0.0412 0.0373 
     D237280  5 0.5926 0.0814 0.3260 
     D237281  5 0.0386 0.9258 0.0356 
     D237351  5 0.7908 0.0803 0.1289 
     D237352  5 0.4588 0.1048 0.4364 
     D237353  5 0.0461 0.1422 0.8117 
     D237359  5 0.4485 0.4208 0.1307 
     D237361  5 0.0629 0.0748 0.8623 
     D237362  5 0.2912 0.2126 0.4962 
     D237363  5 0.5967 0.3075 0.0958 
     D237364  5 0.3882 0.5066 0.1051 
     D237376  5 0.0939 0.2582 0.6478 
     D237377  5 0.4856 0.1011 0.4133 
     D237378  5 0.0846 0.5144 0.4010 
     D237379  5 0.1752 0.2916 0.5332 
     D237380  5 0.5750 0.0345 0.3904 
     D237381  5 0.6092 0.1401 0.2507 
     D237391  5 0.1183 0.1790 0.7027 
     D237392  5 0.2457 0.1984 0.5558 
     D237393  5 0.1325 0.1280 0.7395 
     D237394  5 0.0811 0.0479 0.8710 
     D237395  5 0.3349 0.2863 0.3789 
     D237396  5 0.2800 0.2157 0.5043 
     D244016  5 0.1537 0.4126 0.4338 
     D244018  5 0.2227 0.6610 0.1163 
     D244019  5 0.1834 0.2671 0.5495 
        D279  5 0.1984 0.7314 0.0702 
        D280  5 0.1658 0.4333 0.4009 
        D281  5 0.0310 0.8907 0.0783 
        D283  5 0.0596 0.1562 0.7842 
        D284  5 0.7234 0.1612 0.1154 
        D285  5 0.1105 0.2055 0.6840 
        D286  5 0.1723 0.2024 0.6252 
        D287  5 0.1872 0.1917 0.6211 
        D288  5 0.1582 0.3815 0.4603 
        D308  5 0.8944 0.0269 0.0787 
        D309  5 0.1480 0.1447 0.7073 
        D310  5 0.0773 0.1466 0.7761 
        D311  5 0.1460 0.1775 0.6765 
        D312  5 0.1152 0.0933 0.7914 
        D313  5 0.9607 0.0140 0.0254 
        D314  5 0.3371 0.5335 0.1294 
        D315  5 0.1422 0.1320 0.7258 
        D317  5 0.0572 0.0734 0.8693 
        D318  5 0.4399 0.3117 0.2483 
        D319  5 0.0559 0.1724 0.7718 
        D320  5 0.0834 0.0985 0.8181 
        D321  5 0.8336 0.0597 0.1068 
        D336  5 0.0316 0.0274 0.9410 
        D337  5 0.0279 0.1166 0.8555 
        D338  5 0.3163 0.2151 0.4685 
        D339  5 0.1214 0.2526 0.6260 
        D347  5 0.0817 0.1663 0.7520 
        D348  5 0.0261 0.0469 0.9270 
        D349  5 0.8630 0.0517 0.0853 
        D350  5 0.1373 0.3194 0.5433 
        D355  5 0.0668 0.8173 0.1159 
        D356  5 0.1482 0.0658 0.7861 
        D357  5 0.2506 0.1978 0.5516 
        D358  5 0.1337 0.1459 0.7203 
        D359  5 0.0418 0.0256 0.9327 
        D360  5 0.1270 0.0525 0.8205 
        D361  5 0.9356 0.0209 0.0436 
        D366  5 0.3363 0.4664 0.1972 
        D367  5 0.1755 0.1475 0.6770 
        D368  5 0.4081 0.0839 0.5080 
        D380  5 0.3721 0.2719 0.3561 
        D381  5 0.1137 0.1248 0.7615 
        D400  5 0.0619 0.4238 0.5144 
        D411  5 0.9651 0.0178 0.0171 
        D412  5 0.2288 0.4045 0.3667 
        D413  5 0.0694 0.8952 0.0354 
        D414  5 0.0812 0.8072 0.1116 
        D420  5 0.5794 0.3250 0.0956 
        D431  5 0.2396 0.5978 0.1626 
        D432  5 0.1673 0.4102 0.4225 
        D433  5 0.0973 0.2870 0.6157 
        D434  5 0.0990 0.0776 0.8234 
        D440  5 0.1847 0.2558 0.5595 
        D447  5 0.5719 0.1921 0.2361 
        D448  5 0.0421 0.2120 0.7460 
        D459  5 0.0298 0.8820 0.0882 
        D460  5 0.8674 0.0358 0.0968 
        D461  5 0.0490 0.1538 0.7972 
        D468  5 0.3938 0.1394 0.4668 
        D469  5 0.2944 0.1172 0.5884 
        D470  5 0.4820 0.1311 0.3869 
        D471  5 0.0443 0.2920 0.6637 
        D472  5 0.0905 0.5396 0.3698 
        D479  5 0.0316 0.9296 0.0388 
        D485  5 0.1924 0.2373 0.5703 
        D486  5 0.5293 0.0884 0.3823 
        D487  5 0.0727 0.8088 0.1184 
        D555  5 0.0460 0.1789 0.7751 
        D556  5 0.1632 0.4602 0.3766 
        D557  5 0.0263 0.1378 0.8359 
        D564  5 0.1824 0.1827 0.6349 
        D594  5 0.2445 0.1609 0.5946 
        D595  5 0.1400 0.2967 0.5633 
        D596  5 0.0550 0.1343 0.8107 
        D597  5 0.0561 0.4142 0.5297 
        D598  5 0.1339 0.2090 0.6571 
        D617  5 0.7865 0.1775 0.0360 
        D618  5 0.0895 0.3250 0.5854 
        D619  5 0.2986 0.0621 0.6394 
        D620  5 0.0290 0.9356 0.0355 
        D628  5 0.2099 0.2339 0.5563 
        D714  5 0.1238 0.6822 0.1941 
        D715  5 0.0556 0.2385 0.7059 
        D716  5 0.1237 0.3057 0.5706 
        D717  5 0.1404 0.1266 0.7331 
        D718  5 0.6015 0.1732 0.2253 
        D769  5 0.8015 0.1523 0.0462 
        D770  5 0.1032 0.7272 0.1696 
        D771  5 0.2020 0.6288 0.1692 
        D772  5 0.1109 0.1952 0.6940 
        D782  5 0.7541 0.1953 0.0506 
        D783  5 0.0869 0.7113 0.2018 
        D784  5 0.1190 0.1842 0.6967 
        D785  5 0.1345 0.0721 0.7934 
        D786  5 0.6602 0.1071 0.2327 
        D821  5 0.0278 0.0755 0.8967 
        D822  5 0.1048 0.0849 0.8103 
        D826  5 0.0871 0.6530 0.2599 
        D827  5 0.2638 0.1800 0.5563 
        D851  5 0.3265 0.2648 0.4086 
        D852  5 0.0799 0.7897 0.1304 
        D853  5 0.1547 0.3123 0.5330 
        D854  5 0.4396 0.4349 0.1255 
        D861  5 0.2916 0.4380 0.2704 
        D862  5 0.0899 0.0322 0.8780 
        D865  5 0.0919 0.2748 0.6333 
        D868  5 0.1809 0.1244 0.6948 
        D869  5 0.9419 0.0276 0.0305 
        D870  5 0.9306 0.0385 0.0309 
        D907  5 0.2010 0.1301 0.6689 
        D908  5 0.0514 0.8442 0.1044 
        D910  5 0.0544 0.4377 0.5079 
        D911  5 0.0487 0.8591 0.0922 
        D934  5 0.1176 0.7827 0.0997 
        D946  5 0.1911 0.6560 0.1529 
        D947  5 0.2760 0.3382 0.3859 
        D948  5 0.8212 0.0422 0.1367 
        D949  5 0.8424 0.0431 0.1146 
        D950  5 0.0278 0.9235 0.0488 
        D951  5 0.2597 0.0420 0.6983 
        D952  5 0.0888 0.1070 0.8042 
        D953  5 0.0779 0.1358 0.7864 
        D954  5 0.0952 0.0397 0.8652 
        D961  5 0.2166 0.2790 0.5044 
        D962  5 0.0378 0.0373 0.9250 
        D963  5 0.0677 0.2022 0.7301 
        D964  5 0.4700 0.3738 0.1562 
        D965  5 0.1775 0.3097 0.5128 
        D966  5 0.1019 0.4824 0.4157 
        D967  5 0.1797 0.5269 0.2934 
        D991  5 0.2444 0.1056 0.6500 
        D502  6 0.5563 0.3830 0.0607 
        D503  6 0.3315 0.6339 0.0345 
        D504  6 0.1784 0.2240 0.5976 
        D505  6 0.1983 0.4082 0.3935 
        D506  6 0.0670 0.0471 0.8859 
        D507  6 0.3140 0.5555 0.1305 
        D508  6 0.2092 0.4672 0.3236 
        D529  6 0.5024 0.2063 0.2913 
        D530  6 0.2726 0.2065 0.5210 
        D531  6 0.2438 0.3162 0.4399 
        D532  6 0.1333 0.1080 0.7587 
        D534  6 0.8481 0.0917 0.0602 
        D535  6 0.2004 0.0870 0.7126 
        D536  6 0.1801 0.8016 0.0183 
        D554  6 0.2605 0.1077 0.6318 
        D587  6 0.0557 0.1043 0.8400 
        D588  6 0.2003 0.1365 0.6632 
        D589  6 0.1685 0.7377 0.0938 
        D590  6 0.1018 0.8553 0.0429 
        D591  6 0.3885 0.4584 0.1531 
        D592  6 0.7809 0.1288 0.0903 
        D593  6 0.2064 0.2506 0.5430 
        D682  6 0.0930 0.1179 0.7891 
        D683  6 0.1911 0.0498 0.7591 
        D684  6 0.5377 0.4359 0.0264 
        D685  6 0.4124 0.5374 0.0502 
        D686  6 0.1175 0.0487 0.8338 
        D724  6 0.4521 0.3308 0.2171 
        D725  6 0.1989 0.4095 0.3916 
        D726  6 0.0705 0.0713 0.8583 
        D727  6 0.3080 0.5240 0.1680 
        D728  6 0.1587 0.0856 0.7557 
        D729  6 0.8400 0.0945 0.0655 
        D730  6 0.4385 0.3187 0.2428 
        D731  6 0.0448 0.6907 0.2645 
        D732  6 0.2385 0.2155 0.5459 
        D733  6 0.2506 0.2986 0.4508 
     D237251  7 0.1076 0.7172 0.1753 
     D237252  7 0.5038 0.4153 0.0808 
     D237253  7 0.1200 0.7242 0.1558 
     D237254  7 0.9375 0.0423 0.0201 
     D237255  7 0.0397 0.8820 0.0782 
     D237256  7 0.0653 0.8386 0.0961 
     D237257  7 0.8025 0.1294 0.0681 
     D237282  7 0.3647 0.2542 0.3810 
     D237283  7 0.9400 0.0350 0.0249 
     D237284  7 0.9301 0.0424 0.0275 
     D237285  7 0.1854 0.2863 0.5283 
     D237286  7 0.2300 0.3703 0.3996 
     D237287  7 0.2432 0.6264 0.1304 
     D244006  7 0.9323 0.0402 0.0275 
     D244007  7 0.2579 0.5731 0.1689 
     D244008  7 0.9215 0.0326 0.0459 
     D244009  7 0.5522 0.0798 0.3680 
     D244010  7 0.7067 0.2105 0.0827 
     D244011  7 0.1460 0.5963 0.2577 
     D244012  7 0.3842 0.5344 0.0814 
     D244013  7 0.0486 0.6429 0.3085 
     D244014  7 0.3757 0.5686 0.0557 
     D244015  7 0.8203 0.1267 0.0530 
     D244125  7 0.1077 0.5284 0.3639 
     D244126  7 0.9501 0.0296 0.0204 
     D244130  7 0.4786 0.2076 0.3139 
     D244131  7 0.1684 0.1671 0.6645 
     D244132  7 0.0475 0.0513 0.9012 
        D520  7 0.7172 0.0611 0.2217 
        D521  7 0.3448 0.2297 0.4255 
        D522  7 0.5738 0.1279 0.2984 
        D523  7 0.0626 0.8640 0.0735 
        D524  7 0.1544 0.5190 0.3267 
        D525  7 0.5810 0.3693 0.0497 
        D526  7 0.9377 0.0368 0.0256 
        D527  7 0.3228 0.3531 0.3241 
        D528  7 0.9727 0.0120 0.0153 
        D558  7 0.3060 0.4098 0.2842 
        D559  7 0.3620 0.4497 0.1883 
        D640  7 0.1477 0.4197 0.4326 
        D641  7 0.2656 0.6129 0.1215 
        D642  7 0.6278 0.2385 0.1337 
        D644  7 0.2865 0.1758 0.5377 
        D645  7 0.2600 0.5460 0.1939 
        D662  7 0.5566 0.0322 0.4112 
        D687  7 0.1923 0.6042 0.2036 
        D688  7 0.4083 0.2923 0.2995 
        D689  7 0.2587 0.3888 0.3525 
        D700  7 0.9599 0.0253 0.0148 
        D797  7 0.2260 0.3886 0.3854 
        D798  7 0.8554 0.0647 0.0799 
        D799  7 0.2181 0.7307 0.0512 
        D800  7 0.4202 0.4373 0.1424 
        D132  8 0.9333 0.0241 0.0426 
        D133  8 0.0444 0.9372 0.0184 
        D200  8 0.2000 0.4844 0.3156 
        D500  8 0.9487 0.0179 0.0334 
        D614  8 0.1866 0.1247 0.6888 
        D723  8 0.5282 0.1898 0.2820 
        D888  8 0.0378 0.9233 0.0389 
        D901  8 0.8077 0.1362 0.0561 
        D902  8 0.1004 0.0977 0.8019 
        D903  8 0.0907 0.1500 0.7593 
        D904  8 0.2602 0.1855 0.5544 
        D905  8 0.0292 0.9170 0.0538 
        D906  8 0.2159 0.7348 0.0494 
        D937  8 0.0867 0.1446 0.7687 
        D943  8 0.5641 0.3256 0.1104 
        D972  8 0.6406 0.1288 0.2307 
        D973  8 0.2474 0.0542 0.6984 
        D974  8 0.3417 0.2216 0.4367 
        D975  8 0.1674 0.2981 0.5345 
        D976  8 0.4117 0.4340 0.1543 
        D201  9 0.1891 0.7425 0.0684 
        D202  9 0.2687 0.6109 0.1204 
     D237259  9 0.7894 0.1400 0.0706 
     D237260  9 0.2186 0.7537 0.0278 
     D237262  9 0.9328 0.0371 0.0302 
     D237263  9 0.5195 0.3940 0.0865 
     D237264  9 0.4862 0.2838 0.2300 
     D237265  9 0.1373 0.8287 0.0340 
     D237266  9 0.2533 0.7062 0.0406 
     D237267  9 0.6662 0.1062 0.2276 
     D237268  9 0.6535 0.0959 0.2507 
     D237289  9 0.1110 0.7630 0.1260 
     D237290  9 0.0508 0.9269 0.0223 
     D237291  9 0.1023 0.8293 0.0684 
     D237292  9 0.4023 0.5755 0.0222 
     D237293  9 0.5091 0.1691 0.3218 
     D237294  9 0.5441 0.3722 0.0837 
     D237295  9 0.3271 0.0617 0.6112 
     D237296  9 0.4760 0.3002 0.2238 
     D237297  9 0.1086 0.2074 0.6840 
     D237298  9 0.2707 0.3977 0.3316 
     D237341  9 0.2122 0.6257 0.1621 
     D237342  9 0.7414 0.1561 0.1025 
     D237343  9 0.4112 0.5216 0.0672 
     D237344  9 0.1944 0.4876 0.3180 
     D237345  9 0.9097 0.0593 0.0310 
     D237346  9 0.1497 0.7302 0.1201 
     D237347  9 0.0846 0.3972 0.5181 
     D237348  9 0.3739 0.2827 0.3433 
     D237349  9 0.4621 0.4757 0.0622 
     D244109  9 0.2699 0.6949 0.0352 
     D244110  9 0.1408 0.7937 0.0655 
     D244111  9 0.2627 0.5433 0.1940 
     D244128  9 0.8140 0.1346 0.0513 
     D244137  9 0.2827 0.2172 0.5001 
     D244138  9 0.2752 0.6185 0.1063 
        D580  9 0.8828 0.0326 0.0846 
        D581  9 0.0790 0.8966 0.0244 
        D582  9 0.9511 0.0218 0.0271 
        D583  9 0.0872 0.8887 0.0241 
        D584  9 0.5687 0.1311 0.3002 
        D585  9 0.6894 0.2754 0.0353 
        D586  9 0.0495 0.9132 0.0372 
        D651  9 0.1940 0.2473 0.5587 
        D652  9 0.6822 0.2099 0.1079 
        D653  9 0.1641 0.6615 0.1745 
        D654  9 0.3165 0.5420 0.1415 
        D655  9 0.1675 0.4987 0.3339 
        D656  9 0.8828 0.0566 0.0606 
        D657  9 0.5095 0.3154 0.1751 
        D667  9 0.1755 0.4224 0.4021 
        D668  9 0.4693 0.4292 0.1015 
        D669  9 0.1709 0.7775 0.0516 
        D670  9 0.4234 0.1270 0.4496 
        D671  9 0.1520 0.7979 0.0501 
        D672  9 0.8229 0.1369 0.0403 
        D673  9 0.4095 0.2844 0.3061 
        D692  9 0.8311 0.1333 0.0355 
        D693  9 0.4484 0.1743 0.3774 
        D694  9 0.7961 0.1556 0.0484 
        D695  9 0.6392 0.1441 0.2167 
        D696  9 0.0292 0.0581 0.9127 
        D697  9 0.1689 0.3668 0.4643 
        D698  9 0.1412 0.6636 0.1951 
        D699  9 0.2924 0.3390 0.3686 
        D787  9 0.6272 0.2099 0.1629 
        D788  9 0.3217 0.0862 0.5921 
        D789  9 0.4674 0.3462 0.1864 
        D790  9 0.5056 0.2964 0.1980 
        D791  9 0.1067 0.8106 0.0827 
        D792  9 0.3611 0.4821 0.1568 
        D793  9 0.1185 0.1812 0.7003 
        D794  9 0.1541 0.2457 0.6003 
        D795  9 0.8233 0.1201 0.0566 
        D796  9 0.2578 0.6725 0.0697 
        D142 10 0.0884 0.1844 0.7272 
        D143 10 0.0415 0.8903 0.0682 
        D144 10 0.2914 0.1895 0.5191 
        D145 10 0.0641 0.8931 0.0427 
        D146 10 0.7996 0.0698 0.1306 
        D147 10 0.6305 0.2375 0.1320 
        D148 10 0.7789 0.0810 0.1401 
        D149 10 0.0995 0.8645 0.0360 
        D151 10 0.8433 0.1110 0.0457 
        D152 10 0.0258 0.9610 0.0132 
        D153 10 0.0975 0.0422 0.8602 
        D156 10 0.1194 0.3759 0.5048 
        D157 10 0.2292 0.1526 0.6182 
        D158 10 0.2870 0.5493 0.1637 
        D159 10 0.0251 0.9470 0.0280 
        D160 10 0.0464 0.8985 0.0551 
        D161 10 0.2919 0.3019 0.4062 
        D162 10 0.0628 0.4218 0.5154 
        D169 10 0.9152 0.0495 0.0353 
        D170 10 0.8211 0.0885 0.0904 
        D171 10 0.2685 0.1525 0.5790 
        D172 10 0.2297 0.3682 0.4021 
        D173 10 0.0387 0.9368 0.0245 
        D181 10 0.1181 0.3337 0.5482 
        D182 10 0.3366 0.6047 0.0587 
        D183 10 0.1106 0.0972 0.7922 
        D184 10 0.9627 0.0160 0.0213 
        D185 10 0.3991 0.1857 0.4152 
        D186 10 0.9237 0.0498 0.0265 
        D194 10 0.6490 0.0817 0.2693 
        D195 10 0.0844 0.6819 0.2337 
        D196 10 0.0312 0.5060 0.4629 
        D197 10 0.7718 0.1882 0.0400 
        D198 10 0.5087 0.0454 0.4459 
     D237226 10 0.2748 0.6806 0.0446 
     D237232 10 0.1883 0.5689 0.2428 
     D237233 10 0.0966 0.7915 0.1119 
     D237234 10 0.1540 0.3326 0.5134 
     D237354 10 0.0253 0.9531 0.0216 
     D237355 10 0.0968 0.8540 0.0492 
     D237356 10 0.2293 0.0372 0.7335 
     D237357 10 0.4286 0.4849 0.0865 
     D237358 10 0.7091 0.1548 0.1361 
     D237369 10 0.9275 0.0393 0.0332 
     D237370 10 0.1111 0.2475 0.6414 
     D237371 10 0.5867 0.1677 0.2456 
     D237372 10 0.7169 0.2489 0.0342 
     D237373 10 0.1318 0.7006 0.1676 
     D237374 10 0.0465 0.8853 0.0682 
     D237375 10 0.4057 0.4185 0.1757 
     D237400 10 0.0190 0.9613 0.0197 
     D244002 10 0.9066 0.0546 0.0388 
     D244003 10 0.0533 0.8830 0.0637 
     D244004 10 0.1343 0.1457 0.7200 
     D244005 10 0.2647 0.6965 0.0388 
     D244020 10 0.2013 0.1990 0.5997 
     D244021 10 0.6792 0.2478 0.0730 
     D244116 10 0.5961 0.1935 0.2104 
     D244117 10 0.1002 0.6985 0.2013 
     D244121 10 0.1442 0.3969 0.4589 
     D244123 10 0.1334 0.5651 0.3015 
     D244124 10 0.3674 0.5306 0.1020 
        D332 10 0.1185 0.1386 0.7429 
        D570 10 0.0811 0.0904 0.8285 
        D602 10 0.0946 0.2243 0.6811 
        D603 10 0.2068 0.4909 0.3023 
        D604 10 0.1113 0.6118 0.2769 
        D605 10 0.1687 0.2629 0.5684 
        D606 10 0.6775 0.0601 0.2624 
        D607 10 0.2461 0.1133 0.6406 
        D608 10 0.0196 0.9615 0.0189 
        D609 10 0.1019 0.0502 0.8479 
        D610 10 0.3651 0.2996 0.3353 
        D611 10 0.0229 0.0379 0.9393 
        D613 10 0.0800 0.2310 0.6889 
        D633 10 0.2228 0.3921 0.3851 
        D634 10 0.3091 0.2433 0.4475 
        D638 10 0.0171 0.9570 0.0259 
        D681 10 0.3551 0.2257 0.4192 
        D754 10 0.6234 0.1809 0.1956 
        D755 10 0.0358 0.8553 0.1089 
        D756 10 0.3073 0.3233 0.3694 
        D757 10 0.2478 0.5632 0.1889 
        D758 10 0.3650 0.2601 0.3749 
        D759 10 0.0704 0.8277 0.1018 
        D760 10 0.1746 0.5074 0.3180 
        D761 10 0.0199 0.9612 0.0189 
        D762 10 0.1802 0.1244 0.6954 
        D775 10 0.1105 0.5974 0.2921 
        D776 10 0.0585 0.9047 0.0368 
        D777 10 0.3043 0.5015 0.1941 
        D778 10 0.2313 0.7287 0.0400 
        D779 10 0.3833 0.3225 0.2942 
        D780 10 0.0762 0.7940 0.1298 
        D781 10 0.1064 0.3231 0.5705 
        D858 10 0.9023 0.0815 0.0162 
        D933 10 0.2497 0.3901 0.3602 
        D038 11 0.2034 0.6997 0.0969 
        D063 11 0.0827 0.6116 0.3057 
        D155 11 0.1819 0.5355 0.2826 
        D175 11 0.4415 0.1510 0.4076 
        D176 11 0.0854 0.8328 0.0818 
        D205 11 0.2190 0.0282 0.7528 
     D237229 11 0.4095 0.5228 0.0677 
     D237230 11 0.7288 0.1631 0.1081 
     D237231 11 0.0641 0.1195 0.8164 
     D237269 11 0.1528 0.6442 0.2030 
     D237270 11 0.7537 0.1519 0.0943 
     D237271 11 0.1095 0.1402 0.7502 
     D237272 11 0.6981 0.1134 0.1885 
     D237273 11 0.0753 0.3556 0.5691 
     D237301 11 0.0766 0.1141 0.8093 
     D237302 11 0.5583 0.3092 0.1325 
     D237303 11 0.8160 0.1486 0.0354 
     D237304 11 0.2179 0.2311 0.5509 
     D237305 11 0.7124 0.1707 0.1168 
     D237314 11 0.2238 0.4478 0.3285 
     D237315 11 0.7686 0.1260 0.1054 
     D237316 11 0.0606 0.0340 0.9054 
     D237328 11 0.3638 0.0483 0.5880 
     D237329 11 0.4390 0.4445 0.1165 
     D237330 11 0.0455 0.3904 0.5641 
     D237331 11 0.1764 0.6298 0.1938 
     D237332 11 0.3023 0.1012 0.5965 
     D237333 11 0.0472 0.8360 0.1168 
     D237334 11 0.2509 0.1185 0.6306 
     D237335 11 0.1849 0.0721 0.7430 
     D237336 11 0.1641 0.7484 0.0876 
     D237350 11 0.0614 0.1389 0.7997 
     D237383 11 0.4400 0.4733 0.0867 
     D237384 11 0.4905 0.1602 0.3493 
     D237385 11 0.2800 0.3512 0.3688 
     D237386 11 0.0989 0.2007 0.7005 
     D237387 11 0.3775 0.0436 0.5789 
     D237388 11 0.0779 0.1233 0.7987 
        D239 11 0.1028 0.5404 0.3568 
        D240 11 0.0699 0.9023 0.0278 
        D241 11 0.7790 0.1510 0.0700 
        D242 11 0.2198 0.4576 0.3227 
        D243 11 0.1976 0.3119 0.4905 
        D244 11 0.1040 0.0667 0.8293 
        D245 11 0.6602 0.2638 0.0760 
        D246 11 0.1877 0.0999 0.7124 
        D247 11 0.3910 0.4700 0.1390 
        D248 11 0.0890 0.2022 0.7088 
        D249 11 0.5812 0.1080 0.3108 
        D250 11 0.0536 0.2318 0.7146 
        D251 11 0.1187 0.1155 0.7658 
        D252 11 0.3718 0.0558 0.5724 
        D253 11 0.2352 0.4480 0.3168 
        D254 11 0.8957 0.0643 0.0400 
        D255 11 0.1004 0.0461 0.8535 
        D256 11 0.2586 0.3947 0.3467 
        D257 11 0.8531 0.1046 0.0423 
        D258 11 0.8565 0.0501 0.0935 
        D259 11 0.8047 0.1439 0.0514 
        D260 11 0.2711 0.3690 0.3600 
        D261 11 0.1283 0.2192 0.6525 
        D262 11 0.5329 0.4098 0.0573 
        D263 11 0.1884 0.0883 0.7234 
        D264 11 0.7042 0.0663 0.2294 
        D265 11 0.4812 0.3685 0.1503 
        D266 11 0.1203 0.4060 0.4737 
        D267 11 0.1807 0.0844 0.7350 
        D268 11 0.0331 0.0828 0.8842 
        D269 11 0.0958 0.0293 0.8749 
        D270 11 0.4379 0.1441 0.4180 
        D271 11 0.4422 0.3122 0.2456 
        D272 11 0.1522 0.6280 0.2198 
        D273 11 0.9376 0.0247 0.0377 
        D274 11 0.2913 0.1511 0.5576 
        D275 11 0.1763 0.1745 0.6492 
        D276 11 0.0430 0.0369 0.9201 
        D277 11 0.1571 0.1268 0.7162 
        D278 11 0.2061 0.3328 0.4610 
        D282 11 0.8842 0.0418 0.0740 
        D296 11 0.1358 0.2797 0.5845 
        D297 11 0.1458 0.0475 0.8067 
        D298 11 0.0953 0.3560 0.5487 
        D299 11 0.0580 0.1516 0.7904 
        D300 11 0.0715 0.8602 0.0682 
        D382 11 0.1070 0.0291 0.8639 
        D383 11 0.3071 0.0822 0.6107 
        D387 11 0.1859 0.5759 0.2381 
        D388 11 0.1828 0.1830 0.6342 
        D389 11 0.0547 0.1387 0.8066 
        D390 11 0.0911 0.1596 0.7493 
        D396 11 0.0979 0.7086 0.1935 
        D397 11 0.8343 0.0470 0.1187 
        D398 11 0.3734 0.3208 0.3058 
        D399 11 0.3761 0.2920 0.3319 
        D437 11 0.5249 0.4155 0.0596 
        D441 11 0.0727 0.2253 0.7020 
        D442 11 0.2041 0.5649 0.2310 
        D443 11 0.0707 0.6168 0.3125 
        D444 11 0.1124 0.1691 0.7185 
        D445 11 0.5409 0.0430 0.4161 
        D446 11 0.7451 0.2012 0.0537 
        D451 11 0.4206 0.0934 0.4860 
        D452 11 0.1238 0.6490 0.2271 
        D453 11 0.1334 0.1063 0.7604 
        D454 11 0.6859 0.2704 0.0438 
        D457 11 0.3975 0.2112 0.3913 
        D458 11 0.1195 0.1043 0.7762 
        D466 11 0.0848 0.8804 0.0348 
        D467 11 0.1294 0.2028 0.6678 
        D475 11 0.9280 0.0357 0.0363 
        D488 11 0.2249 0.5239 0.2512 
        D489 11 0.6505 0.1895 0.1600 
        D493 11 0.8455 0.0493 0.1052 
        D494 11 0.1666 0.2130 0.6204 
        D495 11 0.3535 0.6061 0.0403 
        D496 11 0.0274 0.9009 0.0717 
        D674 11 0.0713 0.8872 0.0415 
        D675 11 0.0336 0.9020 0.0645 
        D676 11 0.2450 0.0700 0.6850 
        D680 11 0.2129 0.6481 0.1390 
        D701 11 0.2395 0.6636 0.0969 
        D702 11 0.7980 0.1007 0.1013 
        D703 11 0.1947 0.5872 0.2181 
        D704 11 0.3090 0.2361 0.4549 
        D705 11 0.9118 0.0402 0.0480 
        D706 11 0.2257 0.7293 0.0450 
        D707 11 0.5259 0.0733 0.4008 
        D751 11 0.3148 0.0746 0.6106 
        D752 11 0.1028 0.6317 0.2655 
        D753 11 0.5359 0.1584 0.3058 
        D773 11 0.9647 0.0162 0.0191 
        D774 11 0.1483 0.5959 0.2558 
        D801 11 0.1886 0.3407 0.4707 
        D802 11 0.7278 0.1227 0.1495 
        D803 11 0.1680 0.5164 0.3156 
        D804 11 0.4203 0.3793 0.2004 
        D805 11 0.4670 0.2369 0.2962 
        D806 11 0.9121 0.0519 0.0360 
        D809 11 0.1087 0.1831 0.7082 
        D810 11 0.0615 0.1446 0.7939 
        D812 11 0.4811 0.0757 0.4432 
        D813 11 0.1504 0.7689 0.0807 
        D823 11 0.1167 0.1495 0.7338 
        D824 11 0.0965 0.5116 0.3918 
        D829 11 0.0978 0.3254 0.5768 
        D830 11 0.6371 0.0493 0.3136 
        D831 11 0.2384 0.6755 0.0860 
        D832 11 0.2712 0.6111 0.1177 
        D833 11 0.0614 0.0917 0.8469 
        D834 11 0.0669 0.0399 0.8932 
        D835 11 0.6883 0.0904 0.2213 
        D855 11 0.1964 0.1367 0.6669 
        D863 11 0.0215 0.9613 0.0172 
        D864 11 0.2304 0.1933 0.5763 
        D878 11 0.0892 0.1930 0.7178 
        D879 11 0.7732 0.0603 0.1665 
        D880 11 0.0361 0.6021 0.3618 
        D881 11 0.1129 0.2715 0.6156 
        D882 11 0.1007 0.8072 0.0921 
        D909 11 0.1600 0.2634 0.5766 
        D921 11 0.0712 0.1176 0.8112 
        D924 11 0.0393 0.8143 0.1464 
        D935 11 0.1104 0.0451 0.8445 
        D940 11 0.0399 0.9333 0.0269 
        D941 11 0.2021 0.3421 0.4558 
        D942 11 0.8882 0.0206 0.0911 
        D980 11 0.3061 0.2733 0.4206 
        D981 11 0.6953 0.0892 0.2156 
        D982 11 0.0357 0.8405 0.1239 
        D983 11 0.0649 0.0618 0.8733 
        D984 11 0.0755 0.2452 0.6793 
        D992 11 0.7555 0.1003 0.1442 
        D993 11 0.1777 0.0377 0.7846 
        D994 11 0.1882 0.4702 0.3416 
        D995 11 0.8103 0.0259 0.1637 
        H354 11 0.6913 0.0816 0.2270 
        D005 12 0.5916 0.3297 0.0787 
        D035 12 0.3378 0.5510 0.1112 
        D067 12 0.2061 0.2272 0.5668 
        D134 12 0.2152 0.6674 0.1174 
        D135 12 0.4713 0.3209 0.2078 
        D136 12 0.4250 0.0495 0.5255 
        D137 12 0.2630 0.6196 0.1175 
        D138 12 0.1732 0.4752 0.3517 
        D139 12 0.1139 0.4734 0.4126 
        D140 12 0.4834 0.3070 0.2096 
        D141 12 0.9584 0.0186 0.0230 
        D150 12 0.7468 0.1482 0.1050 
        D177 12 0.1526 0.7936 0.0537 
        D178 12 0.0926 0.0880 0.8194 
        D179 12 0.4432 0.2570 0.2998 
        D180 12 0.4808 0.2061 0.3131 
        D187 12 0.2385 0.6491 0.1124 
        D188 12 0.9635 0.0199 0.0165 
        D191 12 0.8662 0.1043 0.0295 
        D418 12 0.8985 0.0651 0.0363 
        D601 12 0.8420 0.0677 0.0902 
        D836 12 0.9007 0.0639 0.0354 
        D837 12 0.1898 0.4353 0.3748 
        D838 12 0.0674 0.5990 0.3336 
        D839 12 0.1102 0.8451 0.0446 
        D840 12 0.1168 0.5786 0.3046 
        D841 12 0.5352 0.3080 0.1568 
        D842 12 0.9489 0.0350 0.0161 
        D843 12 0.1600 0.2367 0.6032 
        D844 12 0.3947 0.5676 0.0377 
        D912 12 0.0510 0.1703 0.7788 
        D913 12 0.0170 0.9614 0.0216 
