        D174  1 0.1090 0.7254 0.0657 0.0713 0.0286 
        D199  1 0.0766 0.2105 0.3801 0.0534 0.2795 
        D203  1 0.2034 0.0710 0.3112 0.1571 0.2573 
        D204  1 0.0222 0.0232 0.8949 0.0338 0.0258 
     D237366  1 0.4136 0.0964 0.1583 0.2432 0.0885 
     D237367  1 0.1671 0.0515 0.5257 0.1933 0.0625 
     D237368  1 0.5903 0.0869 0.1758 0.0743 0.0728 
     D244101  1 0.0322 0.0382 0.6110 0.0851 0.2335 
     D244102  1 0.2255 0.2345 0.1271 0.2899 0.1230 
     D244103  1 0.1512 0.0912 0.1825 0.5102 0.0649 
     D244104  1 0.0669 0.1579 0.6931 0.0348 0.0473 
     D244105  1 0.5602 0.0235 0.1805 0.2019 0.0339 
     D244106  1 0.0342 0.6571 0.0550 0.1089 0.1448 
     D244107  1 0.7402 0.0237 0.0987 0.0751 0.0623 
     D244108  1 0.2134 0.4817 0.1779 0.0649 0.0621 
     D244113  1 0.0354 0.8399 0.0209 0.0729 0.0308 
     D244114  1 0.0892 0.1657 0.1592 0.4091 0.1767 
     D244115  1 0.2020 0.4975 0.1590 0.1004 0.0411 
     D267365  1 0.0873 0.3520 0.4266 0.0652 0.0689 
        D404  1 0.0348 0.7918 0.0338 0.1120 0.0276 
        D405  1 0.1022 0.3705 0.1849 0.1965 0.1459 
        D406  1 0.8527 0.0284 0.0691 0.0277 0.0221 
        D407  1 0.1853 0.0429 0.6149 0.0851 0.0718 
        D408  1 0.0447 0.7252 0.0645 0.0733 0.0923 
        D409  1 0.0885 0.1022 0.1057 0.6116 0.0920 
        D410  1 0.8315 0.0392 0.0689 0.0469 0.0135 
        D421  1 0.0302 0.0372 0.8872 0.0194 0.0259 
        D422  1 0.9039 0.0143 0.0318 0.0265 0.0234 
        D423  1 0.8403 0.0186 0.0827 0.0333 0.0251 
        D424  1 0.0672 0.0510 0.7702 0.0971 0.0146 
        D425  1 0.0541 0.2232 0.6099 0.0791 0.0336 
        D426  1 0.0815 0.0537 0.0825 0.5281 0.2543 
        D427  1 0.0405 0.1498 0.1608 0.0403 0.6086 
        D428  1 0.1486 0.2692 0.4524 0.0695 0.0603 
        D429  1 0.1036 0.3195 0.3910 0.1225 0.0635 
        D430  1 0.0730 0.2716 0.1366 0.3529 0.1659 
        D491  1 0.0446 0.8146 0.0820 0.0378 0.0209 
        D492  1 0.1892 0.2911 0.3046 0.1541 0.0610 
        D537  1 0.0731 0.0466 0.8070 0.0480 0.0253 
        D538  1 0.2610 0.2024 0.1275 0.3152 0.0938 
        D539  1 0.1602 0.3438 0.0587 0.1909 0.2464 
        D540  1 0.1535 0.1550 0.3420 0.2811 0.0683 
        D541  1 0.0343 0.0222 0.8679 0.0428 0.0328 
        D551  1 0.0749 0.0558 0.0927 0.2488 0.5277 
        D552  1 0.3516 0.2366 0.2656 0.0826 0.0636 
        D553  1 0.0188 0.0199 0.9211 0.0245 0.0157 
        D615  1 0.2071 0.1243 0.4006 0.1369 0.1311 
        D616  1 0.3329 0.1074 0.2413 0.1527 0.1658 
        D621  1 0.7610 0.1231 0.0343 0.0454 0.0362 
        D622  1 0.8365 0.0429 0.0433 0.0535 0.0238 
        D623  1 0.0459 0.5343 0.0921 0.1221 0.2056 
        D624  1 0.0381 0.8637 0.0430 0.0314 0.0238 
        D625  1 0.0919 0.1337 0.6792 0.0808 0.0143 
        D626  1 0.2009 0.4625 0.1573 0.1067 0.0725 
        D627  1 0.0475 0.0618 0.1362 0.6289 0.1256 
        D690  1 0.0952 0.0873 0.7725 0.0307 0.0143 
        D691  1 0.7995 0.0410 0.0847 0.0480 0.0268 
        D710  1 0.1518 0.2010 0.5004 0.0863 0.0605 
        D711  1 0.0802 0.0493 0.7775 0.0619 0.0312 
        D712  1 0.0681 0.7337 0.0555 0.0609 0.0818 
        D713  1 0.1171 0.5206 0.2123 0.1224 0.0275 
        D746  1 0.8762 0.0235 0.0541 0.0260 0.0203 
        D747  1 0.0275 0.0274 0.8986 0.0209 0.0257 
        D748  1 0.3172 0.0649 0.4315 0.1587 0.0276 
        D749  1 0.6494 0.1312 0.0409 0.1023 0.0762 
        D750  1 0.1169 0.6318 0.1895 0.0360 0.0258 
        D763  1 0.1215 0.0434 0.3369 0.2398 0.2583 
        D764  1 0.1390 0.3082 0.4947 0.0382 0.0199 
        D765  1 0.6743 0.1513 0.0663 0.0797 0.0284 
        D766  1 0.5455 0.0708 0.2905 0.0710 0.0222 
        D767  1 0.2062 0.0779 0.2974 0.3168 0.1017 
        D768  1 0.0255 0.0168 0.9104 0.0262 0.0211 
        D811  1 0.0671 0.6884 0.0509 0.1575 0.0362 
        D816  1 0.0367 0.0727 0.8420 0.0281 0.0205 
        D825  1 0.1961 0.5146 0.1538 0.1080 0.0276 
        D866  1 0.0631 0.3448 0.0545 0.0858 0.4518 
        D867  1 0.8213 0.0329 0.0420 0.0643 0.0394 
        D871  1 0.0363 0.0879 0.0781 0.7452 0.0525 
        D872  1 0.1850 0.0586 0.6266 0.0912 0.0386 
        D873  1 0.9356 0.0209 0.0091 0.0210 0.0133 
        D874  1 0.0246 0.3403 0.3878 0.1841 0.0632 
        D875  1 0.0948 0.0394 0.0608 0.7811 0.0239 
        D876  1 0.0914 0.1204 0.6724 0.0808 0.0350 
        D877  1 0.0194 0.7376 0.0735 0.1414 0.0281 
        D892  1 0.1648 0.1994 0.4746 0.1412 0.0201 
        D893  1 0.0968 0.0393 0.6881 0.1161 0.0597 
        D894  1 0.0746 0.1791 0.4940 0.1954 0.0569 
        D915  1 0.1907 0.0755 0.6203 0.0801 0.0334 
        D916  1 0.0505 0.0457 0.8572 0.0268 0.0197 
        D917  1 0.0540 0.4321 0.2506 0.1255 0.1378 
        D925  1 0.7580 0.0816 0.1039 0.0251 0.0314 
        D926  1 0.1098 0.1562 0.5362 0.1628 0.0350 
        D927  1 0.0429 0.0901 0.4400 0.1044 0.3226 
        D928  1 0.0211 0.8585 0.0849 0.0172 0.0183 
        D929  1 0.1213 0.2563 0.1057 0.4765 0.0402 
        D936  1 0.0432 0.0555 0.7031 0.0951 0.1031 
        D938  1 0.9000 0.0258 0.0304 0.0273 0.0165 
        D956  1 0.0419 0.7910 0.0281 0.0870 0.0520 
        D957  1 0.4452 0.0699 0.3479 0.0922 0.0447 
        D958  1 0.2474 0.1694 0.4954 0.0624 0.0253 
        D959  1 0.2353 0.0329 0.6058 0.0806 0.0454 
        D960  1 0.8910 0.0346 0.0229 0.0314 0.0202 
        D989  1 0.0368 0.6081 0.0862 0.0658 0.2031 
        D990  1 0.8285 0.0362 0.0232 0.0508 0.0613 
        D023  2 0.7674 0.0291 0.1518 0.0285 0.0232 
        D130  2 0.8099 0.0237 0.0892 0.0541 0.0231 
        D131  2 0.0586 0.0541 0.4834 0.3276 0.0763 
        D163  2 0.8119 0.0339 0.1023 0.0326 0.0194 
        D164  2 0.5555 0.0126 0.0175 0.0159 0.3985 
        D165  2 0.8313 0.0230 0.0813 0.0364 0.0280 
        D166  2 0.0984 0.0671 0.1187 0.6253 0.0905 
        D167  2 0.0231 0.0483 0.0209 0.0238 0.8839 
        D192  2 0.0212 0.0175 0.0131 0.0172 0.9311 
        D193  2 0.1051 0.5569 0.0484 0.2133 0.0763 
        D206  2 0.1344 0.0714 0.3244 0.2189 0.2509 
        D207  2 0.0353 0.0408 0.0749 0.1569 0.6921 
        D208  2 0.0626 0.3740 0.0777 0.1313 0.3545 
        D209  2 0.1576 0.0411 0.1416 0.2083 0.4514 
        D210  2 0.0464 0.4224 0.1116 0.0512 0.3684 
     D229599  2 0.1340 0.1313 0.3812 0.1908 0.1627 
     D229600  2 0.6285 0.0214 0.0434 0.0479 0.2588 
     D237227  2 0.1962 0.5421 0.0720 0.0723 0.1174 
     D237228  2 0.4050 0.3612 0.0294 0.1038 0.1007 
     D237258  2 0.2815 0.1818 0.1080 0.1278 0.3010 
     D237310  2 0.5498 0.1171 0.0213 0.2467 0.0651 
     D237311  2 0.7169 0.0470 0.0246 0.0610 0.1506 
     D237312  2 0.3252 0.2019 0.0386 0.3991 0.0352 
     D237313  2 0.1922 0.2109 0.3885 0.1526 0.0559 
     D237322  2 0.0913 0.1415 0.0552 0.3602 0.3518 
     D237323  2 0.6775 0.1717 0.0241 0.0785 0.0482 
     D237324  2 0.4718 0.0261 0.0997 0.1401 0.2624 
     D237325  2 0.5233 0.1519 0.0773 0.1630 0.0844 
     D237326  2 0.7036 0.0677 0.1540 0.0413 0.0334 
     D237327  2 0.0769 0.0551 0.1497 0.2150 0.5034 
     D237337  2 0.6976 0.0877 0.0638 0.1253 0.0256 
     D237338  2 0.4028 0.1755 0.1147 0.1759 0.1311 
     D237339  2 0.0486 0.0387 0.3128 0.2568 0.3431 
     D237340  2 0.3988 0.2592 0.0302 0.1106 0.2013 
     D237389  2 0.6938 0.0606 0.0309 0.1477 0.0670 
     D237390  2 0.3621 0.1885 0.1341 0.2696 0.0458 
     D244017  2 0.0520 0.4657 0.0512 0.1053 0.3258 
     D244112  2 0.0658 0.0251 0.0198 0.0687 0.8205 
     D244118  2 0.5119 0.0228 0.0191 0.0189 0.4273 
     D244119  2 0.0360 0.5159 0.0297 0.0236 0.3949 
     D244120  2 0.0354 0.1554 0.0188 0.1476 0.6427 
     D244122  2 0.1033 0.0783 0.0343 0.0684 0.7157 
        D291  2 0.1028 0.0599 0.1239 0.2043 0.5091 
        D292  2 0.0529 0.1317 0.2487 0.0734 0.4932 
        D293  2 0.0139 0.0137 0.2872 0.0741 0.6111 
        D322  2 0.0577 0.0235 0.3368 0.1322 0.4498 
        D323  2 0.0576 0.1964 0.2784 0.2869 0.1808 
        D324  2 0.1956 0.1221 0.3183 0.1223 0.2417 
        D325  2 0.0210 0.0146 0.0652 0.0633 0.8359 
        D326  2 0.0156 0.0269 0.8989 0.0280 0.0306 
        D340  2 0.0213 0.0150 0.0216 0.0204 0.9217 
        D341  2 0.0406 0.0313 0.0502 0.0592 0.8188 
        D342  2 0.1533 0.0342 0.0378 0.1537 0.6211 
        D343  2 0.0117 0.0102 0.0228 0.0158 0.9395 
        D344  2 0.0752 0.0762 0.4031 0.3898 0.0556 
        D345  2 0.3219 0.0596 0.4856 0.0741 0.0588 
        D346  2 0.0400 0.6646 0.0864 0.0826 0.1264 
        D351  2 0.0658 0.0368 0.4843 0.3019 0.1111 
        D352  2 0.0723 0.1575 0.1197 0.5174 0.1331 
        D353  2 0.0224 0.0234 0.6410 0.2704 0.0428 
        D354  2 0.1212 0.2589 0.3503 0.2339 0.0357 
        D362  2 0.0908 0.0841 0.7577 0.0361 0.0314 
        D363  2 0.0556 0.1487 0.7391 0.0271 0.0296 
        D364  2 0.0886 0.1178 0.6020 0.1645 0.0271 
        D365  2 0.0146 0.0160 0.0440 0.0265 0.8989 
        D369  2 0.1053 0.2321 0.2730 0.1000 0.2896 
        D374  2 0.0274 0.8900 0.0188 0.0465 0.0173 
        D375  2 0.0886 0.1207 0.1972 0.5659 0.0276 
        D376  2 0.0497 0.8336 0.0211 0.0575 0.0382 
        D377  2 0.1862 0.3345 0.0854 0.2879 0.1059 
        D378  2 0.0848 0.0336 0.4532 0.1934 0.2350 
        D379  2 0.0300 0.0360 0.8648 0.0427 0.0264 
        D384  2 0.0173 0.0291 0.9196 0.0172 0.0168 
        D385  2 0.0236 0.0514 0.0251 0.0389 0.8610 
        D386  2 0.1011 0.0372 0.5408 0.2472 0.0738 
        D391  2 0.0235 0.0225 0.0692 0.0412 0.8437 
        D392  2 0.0896 0.0604 0.0706 0.0622 0.7172 
        D393  2 0.0714 0.0281 0.5957 0.1366 0.1682 
        D394  2 0.4458 0.0770 0.1815 0.2156 0.0800 
        D395  2 0.0401 0.0471 0.0769 0.3957 0.4402 
        D401  2 0.8479 0.0548 0.0269 0.0390 0.0314 
        D402  2 0.0201 0.0191 0.0186 0.0272 0.9150 
        D403  2 0.1213 0.0383 0.4519 0.3250 0.0635 
        D415  2 0.0565 0.0209 0.7513 0.1516 0.0196 
        D435  2 0.0838 0.0205 0.6634 0.0495 0.1828 
        D436  2 0.0666 0.1661 0.4407 0.2718 0.0548 
        D438  2 0.0201 0.0268 0.0156 0.0240 0.9135 
        D439  2 0.1326 0.0334 0.3418 0.3701 0.1222 
        D449  2 0.0449 0.0280 0.1574 0.1606 0.6091 
        D450  2 0.0812 0.3983 0.1425 0.3403 0.0378 
        D456  2 0.0185 0.0164 0.9122 0.0369 0.0159 
        D462  2 0.0173 0.0157 0.0670 0.0300 0.8700 
        D463  2 0.0177 0.0299 0.9127 0.0257 0.0140 
        D464  2 0.0320 0.0910 0.3174 0.4807 0.0789 
        D465  2 0.1054 0.0429 0.4023 0.1191 0.3304 
        D473  2 0.1181 0.6869 0.0409 0.0949 0.0592 
        D474  2 0.1086 0.1014 0.5720 0.0479 0.1701 
        D476  2 0.5973 0.0254 0.1040 0.1309 0.1424 
        D477  2 0.0814 0.1804 0.5050 0.1588 0.0743 
        D478  2 0.1710 0.3108 0.1476 0.2835 0.0872 
        D480  2 0.0317 0.1154 0.4807 0.1620 0.2102 
        D481  2 0.1844 0.1664 0.4204 0.1241 0.1048 
        D482  2 0.1601 0.2771 0.0751 0.2762 0.2115 
        D483  2 0.0317 0.0476 0.0241 0.0171 0.8796 
        D484  2 0.0606 0.1684 0.0712 0.5234 0.1764 
        D510  2 0.0312 0.8326 0.0300 0.0366 0.0696 
        D511  2 0.0856 0.0339 0.5182 0.1950 0.1673 
        D512  2 0.5643 0.0302 0.0499 0.2310 0.1246 
        D513  2 0.0653 0.0934 0.1929 0.0798 0.5686 
        D635  2 0.3034 0.0651 0.5372 0.0582 0.0361 
        D636  2 0.8998 0.0230 0.0370 0.0234 0.0169 
        D637  2 0.0698 0.1646 0.1027 0.3313 0.3315 
        D658  2 0.0792 0.1574 0.0364 0.1298 0.5972 
        D659  2 0.0718 0.0540 0.7781 0.0519 0.0443 
        D677  2 0.1749 0.0446 0.4767 0.1861 0.1178 
        D678  2 0.0898 0.0422 0.0439 0.1262 0.6979 
        D679  2 0.0322 0.0720 0.6830 0.0882 0.1245 
        D719  2 0.0273 0.4251 0.2347 0.0365 0.2764 
        D720  2 0.0487 0.1227 0.7326 0.0493 0.0468 
        D721  2 0.6568 0.0509 0.1544 0.0574 0.0805 
        D722  2 0.0449 0.7999 0.0280 0.0579 0.0693 
        D734  2 0.0206 0.4562 0.0899 0.1642 0.2690 
        D735  2 0.1063 0.1435 0.4195 0.2060 0.1247 
        D736  2 0.1100 0.4910 0.1311 0.0637 0.2041 
        D737  2 0.1407 0.0604 0.0517 0.0946 0.6526 
        D807  2 0.0718 0.3793 0.2763 0.1206 0.1521 
        D808  2 0.2465 0.0598 0.1587 0.3527 0.1824 
        D817  2 0.0698 0.1904 0.5519 0.1489 0.0390 
        D818  2 0.0521 0.0456 0.1292 0.4080 0.3651 
        D819  2 0.1771 0.1089 0.4141 0.2358 0.0641 
        D820  2 0.0198 0.0205 0.8634 0.0508 0.0455 
        D895  2 0.1560 0.0569 0.6711 0.0743 0.0416 
        D896  2 0.8684 0.0582 0.0198 0.0336 0.0200 
        D897  2 0.0583 0.0407 0.0518 0.2146 0.6346 
        D898  2 0.1141 0.1838 0.1341 0.4747 0.0933 
        D918  2 0.2392 0.1091 0.0969 0.3900 0.1647 
        D919  2 0.0526 0.0372 0.3792 0.2666 0.2644 
        D920  2 0.8407 0.0485 0.0268 0.0521 0.0318 
        D923  2 0.0292 0.0370 0.8337 0.0636 0.0364 
        D930  2 0.0686 0.2475 0.3120 0.3090 0.0629 
        D931  2 0.0709 0.1066 0.5259 0.1165 0.1801 
        D968  2 0.0148 0.0148 0.0238 0.0218 0.9248 
        D969  2 0.0589 0.0741 0.4091 0.1180 0.3400 
        D977  2 0.0271 0.0286 0.0568 0.1317 0.7559 
        D978  2 0.0297 0.0653 0.0611 0.4450 0.3989 
        D211  3 0.3146 0.0413 0.1146 0.4749 0.0545 
     D229639  3 0.0521 0.1628 0.1026 0.0462 0.6363 
     D237212  3 0.1351 0.0497 0.2057 0.3232 0.2864 
     D237213  3 0.2485 0.0444 0.1865 0.4617 0.0590 
     D237214  3 0.5898 0.0643 0.0764 0.2390 0.0306 
     D237215  3 0.0276 0.1050 0.0201 0.0292 0.8181 
     D237216  3 0.1938 0.0426 0.0857 0.5645 0.1135 
     D237217  3 0.4172 0.0182 0.2763 0.2245 0.0638 
     D237218  3 0.0738 0.0546 0.1713 0.4266 0.2737 
     D237219  3 0.5291 0.1500 0.0782 0.1499 0.0927 
     D237382  3 0.1345 0.2500 0.1843 0.3727 0.0585 
     D244127  3 0.6668 0.0395 0.0426 0.1095 0.1417 
     D244129  3 0.2618 0.0661 0.2832 0.2552 0.1336 
     D244133  3 0.1619 0.3256 0.1644 0.1690 0.1791 
     D244134  3 0.1628 0.3392 0.0899 0.0749 0.3333 
     D244135  3 0.6954 0.0340 0.0779 0.1231 0.0696 
     D244136  3 0.0777 0.4434 0.2612 0.1043 0.1135 
        D416  3 0.2170 0.0671 0.2500 0.2254 0.2405 
        D417  3 0.0494 0.0372 0.7946 0.0967 0.0222 
        D419  3 0.2788 0.1209 0.2665 0.1416 0.1922 
        D565  3 0.0248 0.8645 0.0645 0.0186 0.0275 
        D566  3 0.0487 0.4709 0.0687 0.0539 0.3578 
        D567  3 0.1433 0.0385 0.7299 0.0591 0.0292 
        D568  3 0.2290 0.0295 0.4192 0.1386 0.1837 
        D569  3 0.1257 0.0796 0.1061 0.4705 0.2182 
        D573  3 0.0286 0.0301 0.1212 0.0577 0.7624 
        D574  3 0.0736 0.6532 0.0681 0.1380 0.0671 
        D575  3 0.2065 0.3286 0.2492 0.1055 0.1103 
        D576  3 0.0266 0.0477 0.0112 0.0534 0.8612 
        D577  3 0.0800 0.0745 0.6310 0.1696 0.0448 
        D578  3 0.8337 0.0191 0.0247 0.0888 0.0338 
        D579  3 0.0986 0.2990 0.2853 0.1109 0.2062 
        D660  3 0.1860 0.0433 0.0460 0.2457 0.4790 
        D661  3 0.0580 0.0248 0.0525 0.2495 0.6152 
        D663  3 0.0266 0.0373 0.0606 0.0860 0.7894 
        D664  3 0.3444 0.2395 0.0319 0.2182 0.1660 
        D665  3 0.1514 0.0260 0.0296 0.7473 0.0457 
        D666  3 0.2839 0.2941 0.1972 0.1591 0.0657 
        D009  4 0.3311 0.0478 0.1866 0.4017 0.0328 
        D057  4 0.3093 0.0605 0.1187 0.1210 0.3906 
        D109  4 0.5618 0.0991 0.0659 0.2435 0.0297 
     D237222  4 0.6826 0.1347 0.0639 0.0690 0.0498 
     D237223  4 0.3452 0.1509 0.0835 0.2930 0.1274 
     D237224  4 0.0815 0.0673 0.3106 0.1285 0.4121 
     D237225  4 0.2158 0.0748 0.2702 0.3826 0.0566 
     D237299  4 0.0937 0.0374 0.0195 0.8079 0.0416 
     D237300  4 0.0458 0.0612 0.0252 0.0543 0.8135 
     D237306  4 0.0947 0.6591 0.0966 0.1113 0.0384 
     D237307  4 0.0750 0.3416 0.3886 0.1214 0.0735 
     D237308  4 0.2177 0.1174 0.1047 0.0610 0.4992 
     D237309  4 0.2689 0.0495 0.3430 0.2537 0.0849 
     D237317  4 0.0633 0.5986 0.2218 0.0745 0.0419 
     D237318  4 0.0154 0.0371 0.0261 0.0375 0.8839 
     D237319  4 0.2904 0.0828 0.2379 0.3082 0.0807 
     D237320  4 0.3460 0.0637 0.1532 0.2237 0.2133 
     D237321  4 0.0788 0.0868 0.0761 0.0645 0.6938 
     D237397  4 0.2343 0.2670 0.1067 0.1654 0.2266 
     D237398  4 0.0571 0.0345 0.1655 0.2304 0.5126 
     D237399  4 0.1223 0.2418 0.2490 0.1984 0.1885 
     D244001  4 0.7513 0.0415 0.0575 0.0795 0.0702 
        D289  4 0.0668 0.2684 0.2588 0.1887 0.2174 
        D290  4 0.0770 0.0590 0.1341 0.6062 0.1237 
        D294  4 0.0426 0.0950 0.1930 0.5806 0.0887 
        D295  4 0.1223 0.0914 0.5470 0.1716 0.0676 
        D301  4 0.8065 0.0478 0.0292 0.0513 0.0652 
        D302  4 0.0677 0.0543 0.4862 0.3634 0.0284 
        D303  4 0.0914 0.6955 0.0579 0.0813 0.0739 
        D304  4 0.0442 0.1435 0.1270 0.5112 0.1742 
        D305  4 0.1680 0.0230 0.1189 0.5281 0.1620 
        D306  4 0.0641 0.1422 0.1286 0.6148 0.0504 
        D307  4 0.8212 0.0720 0.0201 0.0432 0.0435 
        D327  4 0.0442 0.1087 0.6564 0.1179 0.0729 
        D328  4 0.0691 0.5586 0.0660 0.2520 0.0542 
        D329  4 0.1881 0.0712 0.2157 0.2792 0.2459 
        D330  4 0.1667 0.0362 0.5191 0.2313 0.0468 
        D331  4 0.1418 0.1998 0.2202 0.2538 0.1844 
        D333  4 0.1845 0.2802 0.1406 0.2259 0.1688 
        D334  4 0.0771 0.6074 0.1322 0.1266 0.0567 
        D335  4 0.0611 0.0974 0.6777 0.0995 0.0642 
        D370  4 0.2540 0.5054 0.0745 0.1178 0.0483 
        D371  4 0.0260 0.8180 0.0861 0.0278 0.0420 
        D372  4 0.0227 0.0549 0.0179 0.2056 0.6989 
        D373  4 0.7810 0.0337 0.0399 0.0541 0.0913 
        D455  4 0.8065 0.0279 0.0471 0.0593 0.0592 
        D490  4 0.8621 0.0265 0.0268 0.0643 0.0203 
        D497  4 0.8171 0.0365 0.0336 0.0813 0.0315 
        D498  4 0.1647 0.2784 0.1276 0.2811 0.1481 
        D499  4 0.0523 0.1811 0.0395 0.3548 0.3723 
        D514  4 0.0492 0.0444 0.5484 0.3129 0.0450 
        D515  4 0.3090 0.0619 0.0723 0.5176 0.0392 
        D516  4 0.2456 0.1497 0.3272 0.1463 0.1311 
        D517  4 0.7309 0.0223 0.0945 0.0669 0.0854 
        D518  4 0.3416 0.1904 0.1794 0.1752 0.1135 
        D519  4 0.4661 0.0253 0.0728 0.3491 0.0868 
        D560  4 0.1969 0.0335 0.1314 0.5174 0.1208 
        D561  4 0.1234 0.0223 0.1397 0.6521 0.0624 
        D562  4 0.1473 0.1229 0.1083 0.4599 0.1616 
        D563  4 0.0947 0.0300 0.0977 0.2904 0.4871 
        D572  4 0.1234 0.0953 0.3676 0.3395 0.0742 
        D629  4 0.2133 0.0894 0.4399 0.1979 0.0596 
        D630  4 0.1138 0.1300 0.2621 0.4024 0.0918 
        D631  4 0.0745 0.0861 0.1104 0.3528 0.3762 
        D632  4 0.7495 0.0301 0.0801 0.0450 0.0954 
        D646  4 0.3555 0.0369 0.4180 0.0993 0.0903 
        D647  4 0.1669 0.0199 0.6054 0.1252 0.0826 
        D648  4 0.0396 0.5206 0.0332 0.3651 0.0416 
        D649  4 0.2470 0.0461 0.5857 0.0913 0.0299 
        D650  4 0.1456 0.2217 0.2900 0.2737 0.0690 
        D708  4 0.0727 0.5978 0.0702 0.1961 0.0632 
        D709  4 0.1359 0.1371 0.1277 0.5445 0.0548 
        D738  4 0.2108 0.5432 0.1336 0.0668 0.0455 
        D739  4 0.2313 0.0801 0.0754 0.5366 0.0766 
        D740  4 0.1608 0.1629 0.0470 0.4817 0.1476 
        D741  4 0.1676 0.0226 0.2264 0.4222 0.1613 
        D742  4 0.0731 0.1306 0.0693 0.2522 0.4748 
        D743  4 0.0279 0.0456 0.7494 0.1084 0.0687 
        D744  4 0.0772 0.0444 0.3094 0.4201 0.1490 
        D745  4 0.4054 0.0370 0.0417 0.4730 0.0429 
        D814  4 0.0590 0.0303 0.0906 0.3489 0.4712 
        D815  4 0.0715 0.1103 0.5312 0.2123 0.0747 
        D828  4 0.0639 0.5089 0.0271 0.2604 0.1396 
        D845  4 0.0178 0.0566 0.0330 0.0365 0.8561 
        D846  4 0.0919 0.0224 0.3958 0.2381 0.2517 
        D847  4 0.1363 0.1335 0.2321 0.3368 0.1613 
        D848  4 0.6582 0.0354 0.0263 0.0443 0.2358 
        D849  4 0.2678 0.0344 0.1007 0.5346 0.0626 
        D850  4 0.1918 0.1233 0.3537 0.1614 0.1697 
        D856  4 0.1993 0.0894 0.1233 0.5380 0.0499 
        D857  4 0.8550 0.0449 0.0125 0.0470 0.0406 
        D859  4 0.0569 0.0961 0.3058 0.3324 0.2088 
        D860  4 0.0379 0.3927 0.1936 0.0441 0.3318 
        D883  4 0.2770 0.2326 0.3082 0.1273 0.0549 
        D884  4 0.2742 0.2343 0.1707 0.2807 0.0401 
        D885  4 0.0696 0.0530 0.2371 0.4717 0.1686 
        D886  4 0.4067 0.0500 0.2375 0.2341 0.0717 
        D887  4 0.1125 0.1400 0.1508 0.2326 0.3640 
        D889  4 0.0236 0.0493 0.0883 0.5530 0.2859 
        D890  4 0.1798 0.4944 0.1018 0.1625 0.0615 
        D891  4 0.0127 0.0149 0.0165 0.0220 0.9338 
        D899  4 0.0383 0.1768 0.0576 0.0835 0.6438 
        D900  4 0.1227 0.1359 0.3050 0.3463 0.0900 
        D970  4 0.1072 0.1110 0.3598 0.2870 0.1350 
        D971  4 0.0914 0.1252 0.1426 0.1289 0.5119 
        D979  4 0.0248 0.0484 0.7685 0.1019 0.0565 
        D093  5 0.0572 0.7377 0.0714 0.0660 0.0678 
        D154  5 0.0436 0.1366 0.0510 0.4362 0.3326 
        D168  5 0.1782 0.0416 0.1651 0.2933 0.3217 
        D189  5 0.0385 0.5376 0.0572 0.1385 0.2282 
        D190  5 0.0222 0.8317 0.0414 0.0585 0.0462 
     D237220  5 0.3043 0.0972 0.0660 0.4531 0.0794 
     D237221  5 0.0692 0.3751 0.1263 0.1485 0.2809 
     D237274  5 0.0392 0.0313 0.8471 0.0579 0.0244 
     D237275  5 0.0317 0.0502 0.0243 0.0851 0.8086 
     D237276  5 0.2140 0.2923 0.2181 0.2103 0.0652 
     D237277  5 0.0376 0.6379 0.0588 0.0720 0.1937 
     D237278  5 0.1672 0.2831 0.0550 0.1164 0.3783 
     D237279  5 0.6657 0.0346 0.0722 0.2006 0.0269 
     D237280  5 0.4842 0.0927 0.3020 0.0966 0.0247 
     D237281  5 0.0263 0.0189 0.0328 0.0425 0.8795 
     D237351  5 0.7413 0.1223 0.0401 0.0641 0.0322 
     D237352  5 0.4861 0.1176 0.2100 0.1152 0.0711 
     D237353  5 0.0267 0.8856 0.0219 0.0237 0.0421 
     D237359  5 0.1674 0.0797 0.0926 0.5346 0.1257 
     D237361  5 0.0305 0.8862 0.0336 0.0278 0.0218 
     D237362  5 0.0721 0.4248 0.3106 0.1171 0.0754 
     D237363  5 0.0864 0.1276 0.0825 0.4797 0.2238 
     D237364  5 0.0815 0.0251 0.1532 0.5713 0.1688 
     D237376  5 0.0292 0.6792 0.0183 0.2046 0.0687 
     D237377  5 0.3923 0.1297 0.3543 0.0657 0.0580 
     D237378  5 0.0619 0.6575 0.0271 0.1155 0.1380 
     D237379  5 0.0461 0.5348 0.0436 0.3135 0.0621 
     D237380  5 0.7849 0.1110 0.0432 0.0458 0.0151 
     D237381  5 0.6214 0.1135 0.1077 0.0748 0.0826 
     D237391  5 0.0570 0.7183 0.0963 0.0569 0.0715 
     D237392  5 0.0676 0.0575 0.6667 0.0839 0.1243 
     D237393  5 0.1461 0.2940 0.4339 0.0551 0.0708 
     D237394  5 0.0256 0.8991 0.0326 0.0256 0.0171 
     D237395  5 0.1516 0.4535 0.0597 0.1958 0.1394 
     D237396  5 0.2104 0.1486 0.5151 0.0572 0.0686 
     D244016  5 0.0480 0.4080 0.0913 0.3133 0.1394 
     D244018  5 0.1380 0.1950 0.1047 0.0654 0.4969 
     D244019  5 0.0490 0.1769 0.3514 0.2581 0.1646 
        D279  5 0.0866 0.1061 0.0806 0.3976 0.3291 
        D280  5 0.1243 0.3277 0.2001 0.1761 0.1719 
        D281  5 0.0230 0.0898 0.0359 0.1046 0.7467 
        D283  5 0.0589 0.4931 0.2997 0.0535 0.0948 
        D284  5 0.3058 0.0866 0.0998 0.4122 0.0956 
        D285  5 0.0467 0.5351 0.1505 0.1759 0.0918 
        D286  5 0.0868 0.3195 0.1688 0.3536 0.0713 
        D287  5 0.0753 0.6193 0.0252 0.2353 0.0449 
        D288  5 0.0420 0.2068 0.4111 0.1260 0.2140 
        D308  5 0.8001 0.0475 0.0950 0.0352 0.0223 
        D309  5 0.0607 0.0354 0.4018 0.4802 0.0219 
        D310  5 0.0219 0.8233 0.0322 0.0892 0.0333 
        D311  5 0.0464 0.4018 0.2437 0.2454 0.0627 
        D312  5 0.0956 0.5225 0.1763 0.1407 0.0649 
        D313  5 0.9300 0.0239 0.0124 0.0205 0.0132 
        D314  5 0.1120 0.1690 0.0573 0.4666 0.1951 
        D315  5 0.1175 0.4847 0.2163 0.1033 0.0781 
        D317  5 0.0244 0.8660 0.0579 0.0219 0.0297 
        D318  5 0.1101 0.1499 0.2073 0.3784 0.1544 
        D319  5 0.0319 0.8517 0.0289 0.0392 0.0482 
        D320  5 0.0433 0.8088 0.0512 0.0655 0.0313 
        D321  5 0.6947 0.1040 0.0953 0.0338 0.0721 
        D336  5 0.0201 0.8548 0.0413 0.0666 0.0172 
        D337  5 0.0159 0.8691 0.0341 0.0227 0.0582 
        D338  5 0.0988 0.1805 0.1621 0.4340 0.1246 
        D339  5 0.0816 0.6631 0.0519 0.1109 0.0925 
        D347  5 0.0417 0.1987 0.3669 0.2462 0.1465 
        D348  5 0.0211 0.8607 0.0397 0.0445 0.0341 
        D349  5 0.8283 0.0685 0.0341 0.0383 0.0308 
        D350  5 0.0281 0.0401 0.2800 0.5909 0.0609 
        D355  5 0.0286 0.0428 0.1875 0.2808 0.4604 
        D356  5 0.1123 0.4456 0.2849 0.1076 0.0497 
        D357  5 0.1202 0.3091 0.0855 0.3885 0.0968 
        D358  5 0.1393 0.5111 0.1106 0.1651 0.0739 
        D359  5 0.0414 0.5539 0.3207 0.0526 0.0314 
        D360  5 0.1078 0.6053 0.1722 0.0806 0.0342 
        D361  5 0.8790 0.0354 0.0332 0.0305 0.0219 
        D366  5 0.0465 0.0314 0.6941 0.0446 0.1833 
        D367  5 0.0582 0.6884 0.0278 0.1895 0.0361 
        D368  5 0.1738 0.4454 0.0892 0.2336 0.0579 
        D380  5 0.1484 0.0659 0.2992 0.4052 0.0813 
        D381  5 0.0607 0.6412 0.0894 0.1266 0.0821 
        D400  5 0.0626 0.3858 0.1427 0.1807 0.2282 
        D411  5 0.8241 0.0260 0.0266 0.0914 0.0320 
        D412  5 0.1961 0.1794 0.1372 0.2802 0.2071 
        D413  5 0.0473 0.0404 0.0779 0.0959 0.7385 
        D414  5 0.0465 0.0549 0.1137 0.4547 0.3302 
        D420  5 0.2300 0.1471 0.0570 0.4065 0.1595 
        D431  5 0.1207 0.2382 0.0304 0.4197 0.1910 
        D432  5 0.2164 0.4878 0.0814 0.0639 0.1506 
        D433  5 0.0526 0.6911 0.0937 0.0473 0.1152 
        D434  5 0.1068 0.5612 0.1889 0.0871 0.0560 
        D440  5 0.0446 0.0372 0.2708 0.6218 0.0256 
        D447  5 0.1479 0.0363 0.5619 0.1905 0.0634 
        D448  5 0.0266 0.7150 0.0811 0.0870 0.0903 
        D459  5 0.0230 0.0443 0.1059 0.0506 0.7762 
        D460  5 0.7791 0.0781 0.0813 0.0294 0.0320 
        D461  5 0.0233 0.0511 0.5139 0.3839 0.0278 
        D468  5 0.0834 0.4309 0.2373 0.1908 0.0575 
        D469  5 0.1326 0.1471 0.4895 0.1796 0.0511 
        D470  5 0.1608 0.2142 0.1540 0.4137 0.0573 
        D471  5 0.0201 0.7324 0.0827 0.0881 0.0766 
        D472  5 0.0225 0.0215 0.6871 0.0254 0.2435 
        D479  5 0.0459 0.0505 0.0442 0.0741 0.7853 
        D485  5 0.1008 0.2831 0.0904 0.4094 0.1164 
        D486  5 0.1304 0.3016 0.1932 0.3271 0.0477 
        D487  5 0.0602 0.2517 0.0464 0.1713 0.4703 
        D555  5 0.0303 0.8237 0.0389 0.0247 0.0825 
        D556  5 0.0966 0.3434 0.0894 0.2306 0.2400 
        D557  5 0.0221 0.8275 0.0639 0.0306 0.0559 
        D564  5 0.1586 0.4923 0.1024 0.1936 0.0532 
        D594  5 0.0971 0.2322 0.3175 0.2465 0.1067 
        D595  5 0.0843 0.4857 0.1894 0.0965 0.1442 
        D596  5 0.0288 0.8672 0.0336 0.0254 0.0451 
        D597  5 0.0399 0.2867 0.2162 0.0632 0.3940 
        D598  5 0.2694 0.4475 0.1088 0.0796 0.0947 
        D617  5 0.6473 0.0374 0.0380 0.1327 0.1445 
        D618  5 0.0800 0.4914 0.1107 0.0951 0.2227 
        D619  5 0.3881 0.2451 0.2591 0.0501 0.0576 
        D620  5 0.0255 0.0253 0.0455 0.0245 0.8793 
        D628  5 0.3136 0.1873 0.1614 0.2389 0.0988 
        D714  5 0.0565 0.4923 0.0350 0.1575 0.2587 
        D715  5 0.0367 0.6970 0.0903 0.0499 0.1261 
        D716  5 0.0443 0.2064 0.2270 0.3148 0.2075 
        D717  5 0.1309 0.2255 0.4357 0.1419 0.0660 
        D718  5 0.1228 0.2759 0.0297 0.4922 0.0793 
        D769  5 0.6242 0.0385 0.0472 0.1515 0.1385 
        D770  5 0.0700 0.2716 0.0728 0.2491 0.3365 
        D771  5 0.1606 0.1498 0.0918 0.2376 0.3602 
        D772  5 0.0852 0.5557 0.1165 0.1739 0.0687 
        D782  5 0.4151 0.0538 0.0932 0.1587 0.2791 
        D783  5 0.0480 0.1797 0.0625 0.2607 0.4491 
        D784  5 0.0729 0.1219 0.5511 0.1698 0.0843 
        D785  5 0.0539 0.8120 0.0497 0.0561 0.0283 
        D786  5 0.5736 0.0319 0.2497 0.0917 0.0532 
        D821  5 0.0165 0.9097 0.0209 0.0270 0.0260 
        D822  5 0.0530 0.2224 0.4106 0.2329 0.0811 
        D826  5 0.0473 0.3968 0.0868 0.1504 0.3186 
        D827  5 0.0564 0.0621 0.5646 0.2192 0.0977 
        D851  5 0.1450 0.2741 0.1301 0.3670 0.0837 
        D852  5 0.1267 0.2577 0.0676 0.1370 0.4109 
        D853  5 0.0608 0.4075 0.1427 0.2726 0.1163 
        D854  5 0.0701 0.0558 0.2370 0.4263 0.2108 
        D861  5 0.1188 0.2785 0.1040 0.3278 0.1709 
        D862  5 0.0460 0.4984 0.3192 0.1033 0.0331 
        D865  5 0.0603 0.7261 0.0416 0.0529 0.1191 
        D868  5 0.0540 0.0871 0.7335 0.0687 0.0568 
        D869  5 0.8158 0.0603 0.0548 0.0457 0.0234 
        D870  5 0.0758 0.0243 0.1012 0.6929 0.1058 
        D907  5 0.0849 0.7389 0.0395 0.1010 0.0357 
        D908  5 0.1118 0.2454 0.0379 0.0789 0.5259 
        D910  5 0.0353 0.4887 0.1197 0.0815 0.2747 
        D911  5 0.0226 0.0497 0.1303 0.1998 0.5976 
        D934  5 0.0470 0.1955 0.0968 0.3051 0.3555 
        D946  5 0.0724 0.1401 0.0377 0.4812 0.2686 
        D947  5 0.0812 0.0954 0.2475 0.4661 0.1099 
        D948  5 0.8025 0.0886 0.0584 0.0239 0.0266 
        D949  5 0.8147 0.0841 0.0439 0.0308 0.0265 
        D950  5 0.0257 0.0441 0.1163 0.1525 0.6614 
        D951  5 0.0985 0.0980 0.5480 0.2157 0.0397 
        D952  5 0.0522 0.1379 0.6886 0.0589 0.0624 
        D953  5 0.0491 0.6970 0.1327 0.0485 0.0726 
        D954  5 0.0441 0.4540 0.3886 0.0701 0.0432 
        D961  5 0.1047 0.4032 0.0428 0.3675 0.0817 
        D962  5 0.0255 0.8443 0.0504 0.0632 0.0165 
        D963  5 0.0409 0.3007 0.4246 0.1357 0.0981 
        D964  5 0.1630 0.1443 0.0834 0.4473 0.1620 
        D965  5 0.1011 0.1655 0.1241 0.4192 0.1901 
        D966  5 0.0567 0.3626 0.2738 0.1095 0.1973 
        D967  5 0.1759 0.2569 0.0719 0.0971 0.3982 
        D991  5 0.3214 0.2478 0.1630 0.2169 0.0508 
        D502  6 0.0993 0.0365 0.0345 0.7359 0.0938 
        D503  6 0.3101 0.0616 0.0313 0.1950 0.4020 
        D504  6 0.1415 0.1617 0.4169 0.1925 0.0874 
        D505  6 0.1130 0.3733 0.1314 0.2095 0.1728 
        D506  6 0.0320 0.8834 0.0428 0.0210 0.0208 
        D507  6 0.1569 0.0757 0.0931 0.4278 0.2466 
        D508  6 0.0587 0.0712 0.3336 0.4224 0.1141 
        D529  6 0.2860 0.1677 0.2069 0.2521 0.0872 
        D530  6 0.1399 0.5001 0.0386 0.2480 0.0734 
        D531  6 0.0893 0.1877 0.2766 0.3497 0.0967 
        D532  6 0.0606 0.4624 0.2617 0.1276 0.0877 
        D534  6 0.8179 0.0225 0.0610 0.0645 0.0341 
        D535  6 0.1137 0.5479 0.2245 0.0739 0.0400 
        D536  6 0.1470 0.0227 0.0291 0.1192 0.6819 
        D554  6 0.1160 0.5774 0.0496 0.2211 0.0359 
        D587  6 0.0508 0.7322 0.1078 0.0565 0.0527 
        D588  6 0.1013 0.4804 0.2304 0.1303 0.0576 
        D589  6 0.1006 0.1300 0.0584 0.3603 0.3507 
        D590  6 0.0964 0.0530 0.0526 0.0536 0.7445 
        D591  6 0.1800 0.2250 0.1259 0.2443 0.2248 
        D592  6 0.8453 0.0452 0.0381 0.0274 0.0441 
        D593  6 0.0471 0.5324 0.0220 0.3327 0.0658 
        D682  6 0.0462 0.8473 0.0272 0.0420 0.0374 
        D683  6 0.0698 0.2558 0.4988 0.1306 0.0450 
        D684  6 0.2605 0.0233 0.0597 0.3980 0.2584 
        D685  6 0.0928 0.0650 0.0267 0.6836 0.1319 
        D686  6 0.0457 0.7086 0.0529 0.1589 0.0338 
        D724  6 0.1381 0.0433 0.2897 0.4301 0.0988 
        D725  6 0.0739 0.3000 0.0790 0.2979 0.2492 
        D726  6 0.0375 0.8556 0.0352 0.0398 0.0318 
        D727  6 0.0910 0.1345 0.3354 0.0964 0.3427 
        D728  6 0.0442 0.7681 0.0449 0.1156 0.0273 
        D729  6 0.4489 0.0270 0.3329 0.0666 0.1245 
        D730  6 0.2232 0.0607 0.1901 0.3437 0.1823 
        D731  6 0.0228 0.6775 0.0224 0.0310 0.2463 
        D732  6 0.0791 0.1128 0.4679 0.2559 0.0844 
        D733  6 0.2632 0.1474 0.1935 0.3049 0.0910 
     D237251  7 0.0594 0.0990 0.0639 0.2482 0.5295 
     D237252  7 0.2959 0.0437 0.0596 0.3886 0.2123 
     D237253  7 0.0655 0.2099 0.0838 0.2729 0.3679 
     D237254  7 0.8235 0.0203 0.0382 0.0711 0.0470 
     D237255  7 0.0255 0.0664 0.0464 0.0579 0.8039 
     D237256  7 0.0212 0.0672 0.0859 0.3673 0.4585 
     D237257  7 0.1635 0.0498 0.0626 0.6477 0.0763 
     D237282  7 0.1385 0.0260 0.6564 0.0782 0.1009 
     D237283  7 0.5524 0.0311 0.0179 0.3652 0.0335 
     D237284  7 0.8202 0.0261 0.0710 0.0563 0.0263 
     D237285  7 0.0656 0.3357 0.0808 0.3387 0.1791 
     D237286  7 0.0899 0.2574 0.2330 0.2331 0.1866 
     D237287  7 0.0794 0.0691 0.1501 0.2051 0.4963 
     D244006  7 0.8570 0.0221 0.0363 0.0512 0.0334 
     D244007  7 0.0990 0.0523 0.2192 0.1374 0.4921 
     D244008  7 0.4883 0.0904 0.0276 0.3606 0.0331 
     D244009  7 0.5143 0.0847 0.1322 0.2333 0.0355 
     D244010  7 0.1647 0.0466 0.0439 0.6659 0.0788 
     D244011  7 0.1007 0.2092 0.0389 0.5045 0.1466 
     D244012  7 0.0856 0.0541 0.0813 0.5134 0.2656 
     D244013  7 0.0821 0.1416 0.1670 0.1540 0.4553 
     D244014  7 0.3288 0.0691 0.0752 0.3078 0.2192 
     D244015  7 0.3400 0.0435 0.1694 0.3679 0.0792 
     D244125  7 0.0665 0.3507 0.2061 0.0949 0.2818 
     D244126  7 0.5193 0.0158 0.0224 0.4249 0.0177 
     D244130  7 0.3243 0.1405 0.0897 0.3170 0.1285 
     D244131  7 0.2255 0.3442 0.2495 0.1075 0.0733 
     D244132  7 0.0797 0.4254 0.3163 0.1373 0.0413 
        D520  7 0.1446 0.2144 0.0551 0.5528 0.0331 
        D521  7 0.1500 0.1123 0.2339 0.4072 0.0967 
        D522  7 0.6971 0.0722 0.1186 0.0566 0.0555 
        D523  7 0.0460 0.0733 0.0487 0.1852 0.6468 
        D524  7 0.1376 0.2098 0.0917 0.1274 0.4335 
        D525  7 0.6035 0.0440 0.0410 0.1062 0.2053 
        D526  7 0.8231 0.0169 0.0540 0.0733 0.0326 
        D527  7 0.1443 0.1141 0.2884 0.3602 0.0930 
        D528  7 0.0219 0.0143 0.0154 0.9375 0.0109 
        D558  7 0.2585 0.0354 0.2902 0.2979 0.1180 
        D559  7 0.1184 0.0238 0.2890 0.4744 0.0944 
        D640  7 0.0861 0.3406 0.1950 0.1762 0.2021 
        D641  7 0.2124 0.3123 0.0363 0.1961 0.2430 
        D642  7 0.6451 0.0744 0.0559 0.0996 0.1250 
        D644  7 0.2485 0.3282 0.1101 0.1746 0.1386 
        D645  7 0.1495 0.1768 0.1445 0.2602 0.2690 
        D662  7 0.6352 0.1311 0.1716 0.0426 0.0196 
        D687  7 0.0694 0.0802 0.1385 0.5489 0.1629 
        D688  7 0.1788 0.0347 0.3803 0.2915 0.1147 
        D689  7 0.1163 0.2624 0.2849 0.1837 0.1527 
        D700  7 0.0204 0.0148 0.0230 0.9225 0.0192 
        D797  7 0.1145 0.1821 0.2530 0.2804 0.1701 
        D798  7 0.6538 0.0489 0.0755 0.1905 0.0313 
        D799  7 0.1951 0.0387 0.0601 0.3444 0.3617 
        D800  7 0.1417 0.0254 0.5443 0.2036 0.0850 
        D132  8 0.8511 0.0356 0.0422 0.0446 0.0265 
        D133  8 0.0403 0.0164 0.0173 0.0543 0.8716 
        D200  8 0.0402 0.0379 0.0371 0.7650 0.1199 
        D500  8 0.9052 0.0264 0.0286 0.0250 0.0147 
        D614  8 0.1428 0.4498 0.1394 0.2159 0.0521 
        D723  8 0.2689 0.0616 0.4286 0.1287 0.1123 
        D888  8 0.0352 0.0340 0.0579 0.0578 0.8151 
        D901  8 0.1190 0.0484 0.0152 0.7813 0.0361 
        D902  8 0.0529 0.7402 0.0317 0.1216 0.0537 
        D903  8 0.0415 0.1698 0.5470 0.1894 0.0523 
        D904  8 0.1938 0.1020 0.3224 0.2912 0.0906 
        D905  8 0.0174 0.1372 0.0205 0.0765 0.7483 
        D906  8 0.0721 0.0384 0.1096 0.2369 0.5430 
        D937  8 0.0264 0.8848 0.0146 0.0473 0.0269 
        D943  8 0.1670 0.0496 0.0862 0.6171 0.0800 
        D972  8 0.3094 0.0454 0.3538 0.2113 0.0801 
        D973  8 0.0787 0.0457 0.7727 0.0668 0.0362 
        D974  8 0.1755 0.2198 0.2181 0.2501 0.1365 
        D975  8 0.0487 0.1099 0.0623 0.6556 0.1235 
        D976  8 0.0996 0.1965 0.0359 0.5681 0.1000 
        D201  9 0.1411 0.0483 0.0979 0.4330 0.2798 
        D202  9 0.0795 0.0811 0.0261 0.6761 0.1372 
     D237259  9 0.1694 0.0263 0.1220 0.6068 0.0754 
     D237260  9 0.1718 0.0623 0.0233 0.3100 0.4327 
     D237262  9 0.8813 0.0259 0.0292 0.0459 0.0177 
     D237263  9 0.4730 0.0402 0.0811 0.1981 0.2077 
     D237264  9 0.2776 0.2004 0.1175 0.2418 0.1627 
     D237265  9 0.0698 0.0589 0.0299 0.1725 0.6690 
     D237266  9 0.3232 0.0296 0.0849 0.0306 0.5317 
     D237267  9 0.0841 0.2449 0.0596 0.5450 0.0664 
     D237268  9 0.3418 0.0958 0.1152 0.3954 0.0518 
     D237289  9 0.0897 0.2989 0.0281 0.1876 0.3956 
     D237290  9 0.0435 0.0252 0.0282 0.0775 0.8255 
     D237291  9 0.0787 0.0692 0.0384 0.1163 0.6974 
     D237292  9 0.1900 0.0392 0.0418 0.3063 0.4227 
     D237293  9 0.2579 0.2063 0.1904 0.2617 0.0837 
     D237294  9 0.4098 0.0597 0.0209 0.3667 0.1430 
     D237295  9 0.1984 0.2260 0.3244 0.2144 0.0367 
     D237296  9 0.1543 0.1026 0.0919 0.4759 0.1753 
     D237297  9 0.0556 0.4828 0.0542 0.3274 0.0799 
     D237298  9 0.1618 0.0690 0.2336 0.3826 0.1529 
     D237341  9 0.1283 0.0908 0.1118 0.3101 0.3589 
     D237342  9 0.3960 0.0758 0.0387 0.4212 0.0683 
     D237343  9 0.4799 0.0481 0.0595 0.1608 0.2517 
     D237344  9 0.1119 0.4722 0.0574 0.1292 0.2292 
     D237345  9 0.7520 0.0175 0.0360 0.1475 0.0470 
     D237346  9 0.2088 0.1576 0.0352 0.0877 0.5107 
     D237347  9 0.0799 0.5503 0.0614 0.1300 0.1784 
     D237348  9 0.3072 0.1719 0.1338 0.1706 0.2165 
     D237349  9 0.3060 0.0295 0.3015 0.0491 0.3139 
     D244109  9 0.1297 0.0148 0.0784 0.1234 0.6537 
     D244110  9 0.0718 0.0284 0.0557 0.0770 0.7671 
     D244111  9 0.0973 0.0963 0.1719 0.4463 0.1882 
     D244128  9 0.3854 0.0375 0.0285 0.4883 0.0604 
     D244137  9 0.2128 0.0814 0.5352 0.0873 0.0833 
     D244138  9 0.1319 0.1457 0.0410 0.3515 0.3299 
        D580  9 0.2774 0.0753 0.0593 0.5630 0.0250 
        D581  9 0.0411 0.0235 0.0217 0.1673 0.7464 
        D582  9 0.5350 0.0269 0.0233 0.3957 0.0192 
        D583  9 0.1414 0.0234 0.0240 0.0616 0.7497 
        D584  9 0.1836 0.4377 0.0293 0.3011 0.0482 
        D585  9 0.3434 0.0283 0.0405 0.4167 0.1711 
        D586  9 0.0361 0.0912 0.0469 0.0398 0.7860 
        D651  9 0.1055 0.1419 0.5510 0.0520 0.1496 
        D652  9 0.6487 0.0307 0.1532 0.0847 0.0828 
        D653  9 0.0571 0.0891 0.1746 0.2538 0.4254 
        D654  9 0.2605 0.0394 0.3067 0.0844 0.3091 
        D655  9 0.0799 0.3262 0.1127 0.1655 0.3157 
        D656  9 0.7928 0.0470 0.0440 0.0857 0.0305 
        D657  9 0.3280 0.0947 0.0795 0.3598 0.1381 
        D667  9 0.0613 0.5217 0.1077 0.0917 0.2175 
        D668  9 0.4923 0.1391 0.0662 0.1279 0.1745 
        D669  9 0.0726 0.0489 0.0555 0.4915 0.3315 
        D670  9 0.0788 0.0570 0.7271 0.0883 0.0489 
        D671  9 0.0980 0.0611 0.0415 0.2235 0.5760 
        D672  9 0.3344 0.0355 0.0449 0.5221 0.0631 
        D673  9 0.2367 0.2097 0.1426 0.3184 0.0927 
        D692  9 0.3333 0.0411 0.0789 0.2587 0.2880 
        D693  9 0.2100 0.2918 0.1786 0.2127 0.1068 
        D694  9 0.5541 0.0610 0.0240 0.3202 0.0407 
        D695  9 0.4938 0.0809 0.2738 0.0940 0.0575 
        D696  9 0.0184 0.8907 0.0270 0.0341 0.0299 
        D697  9 0.1362 0.4904 0.1386 0.0803 0.1546 
        D698  9 0.1027 0.3625 0.0434 0.1065 0.3849 
        D699  9 0.0904 0.6176 0.0247 0.1822 0.0851 
        D787  9 0.3928 0.0403 0.3564 0.0541 0.1565 
        D788  9 0.0731 0.5391 0.0605 0.3030 0.0244 
        D789  9 0.1245 0.1787 0.0369 0.5276 0.1323 
        D790  9 0.3467 0.1260 0.1979 0.0677 0.2617 
        D791  9 0.0502 0.1150 0.0284 0.3867 0.4197 
        D792  9 0.3478 0.0496 0.3483 0.0364 0.2179 
        D793  9 0.0595 0.5901 0.2081 0.0439 0.0983 
        D794  9 0.1305 0.3729 0.2629 0.0738 0.1599 
        D795  9 0.4621 0.1083 0.0232 0.3453 0.0611 
        D796  9 0.0783 0.1233 0.0340 0.3594 0.4049 
        D142 10 0.0531 0.4177 0.1760 0.1887 0.1645 
        D143 10 0.0514 0.0819 0.0500 0.0381 0.7786 
        D144 10 0.2227 0.3176 0.1478 0.2160 0.0959 
        D145 10 0.0471 0.0440 0.0469 0.2974 0.5646 
        D146 10 0.4115 0.0935 0.0641 0.3884 0.0426 
        D147 10 0.0547 0.0554 0.0853 0.7364 0.0681 
        D148 10 0.0318 0.1052 0.0864 0.6975 0.0792 
        D149 10 0.0494 0.0356 0.0820 0.1233 0.7097 
        D151 10 0.0485 0.0940 0.0222 0.6908 0.1444 
        D152 10 0.0203 0.0151 0.0178 0.0412 0.9056 
        D153 10 0.0903 0.2433 0.4402 0.1851 0.0411 
        D156 10 0.0510 0.0453 0.4971 0.3411 0.0655 
        D157 10 0.2211 0.5202 0.0577 0.1371 0.0639 
        D158 10 0.0499 0.1469 0.0200 0.6762 0.1070 
        D159 10 0.0240 0.0327 0.0356 0.0344 0.8733 
        D160 10 0.0302 0.3267 0.0171 0.0267 0.5992 
        D161 10 0.1370 0.2377 0.3352 0.1614 0.1287 
        D162 10 0.0454 0.1360 0.3730 0.2607 0.1850 
        D169 10 0.8123 0.0303 0.0420 0.0457 0.0697 
        D170 10 0.6799 0.0990 0.0767 0.0972 0.0472 
        D171 10 0.0662 0.3869 0.0715 0.4350 0.0403 
        D172 10 0.1352 0.0751 0.1694 0.5185 0.1018 
