        D174  1 0.0722 0.1200 0.0421 0.0274 0.0577 0.0224 0.4854 0.1076 0.0654 
        D199  1 0.1726 0.1850 0.0558 0.1385 0.1523 0.1097 0.1214 0.0394 0.0252 
        D203  1 0.1241 0.0466 0.0503 0.1597 0.2661 0.0727 0.0637 0.0858 0.1310 
        D204  1 0.0224 0.0171 0.0586 0.0259 0.7934 0.0139 0.0154 0.0316 0.0218 
     D237366  1 0.0636 0.2134 0.0435 0.0438 0.0504 0.0401 0.0394 0.0165 0.4893 
     D237367  1 0.1169 0.4293 0.0641 0.0588 0.1029 0.0381 0.0323 0.0389 0.1187 
     D237368  1 0.1275 0.3849 0.0317 0.0921 0.1161 0.0206 0.0881 0.0826 0.0563 
     D244101  1 0.1204 0.0264 0.1819 0.1220 0.3782 0.0973 0.0213 0.0302 0.0224 
     D244102  1 0.0846 0.0389 0.2563 0.0507 0.0843 0.0751 0.0433 0.1595 0.2072 
     D244103  1 0.1389 0.5850 0.0361 0.0302 0.0427 0.0235 0.0381 0.0240 0.0815 
     D244104  1 0.0315 0.1257 0.0195 0.0272 0.5616 0.0440 0.1280 0.0438 0.0187 
     D244105  1 0.0862 0.0404 0.0158 0.0205 0.0326 0.0315 0.0132 0.0396 0.7203 
     D244106  1 0.0665 0.0296 0.0299 0.0590 0.0656 0.0555 0.6182 0.0274 0.0482 
     D244107  1 0.0718 0.6389 0.0237 0.0416 0.0232 0.0219 0.0112 0.1463 0.0214 
     D244108  1 0.0797 0.0213 0.0674 0.0379 0.0684 0.0315 0.2472 0.3780 0.0687 
     D244113  1 0.0676 0.0385 0.3736 0.0444 0.0179 0.0244 0.3740 0.0361 0.0234 
     D244114  1 0.2510 0.0808 0.0387 0.0492 0.0752 0.1320 0.0781 0.0374 0.2576 
     D244115  1 0.1848 0.0512 0.0406 0.0223 0.1892 0.0393 0.2062 0.2173 0.0491 
     D267365  1 0.0526 0.0656 0.0325 0.0305 0.4921 0.1289 0.1253 0.0270 0.0456 
        D404  1 0.0506 0.0238 0.5132 0.0373 0.0200 0.0170 0.2362 0.0777 0.0242 
        D405  1 0.0989 0.0479 0.3925 0.0749 0.1122 0.0605 0.0715 0.0902 0.0515 
        D406  1 0.0279 0.0608 0.0255 0.0153 0.0724 0.0180 0.0398 0.0874 0.6529 
        D407  1 0.0180 0.8515 0.0139 0.0249 0.0383 0.0140 0.0141 0.0117 0.0138 
        D408  1 0.0582 0.0996 0.0856 0.0175 0.0496 0.1873 0.4237 0.0632 0.0154 
        D409  1 0.1785 0.4889 0.0329 0.0482 0.0701 0.0504 0.0385 0.0645 0.0279 
        D410  1 0.0233 0.0179 0.0196 0.0086 0.0534 0.0113 0.0256 0.8249 0.0154 
        D421  1 0.0177 0.2295 0.0092 0.0449 0.6324 0.0139 0.0308 0.0101 0.0114 
        D422  1 0.0289 0.8341 0.0115 0.0154 0.0229 0.0228 0.0117 0.0176 0.0350 
        D423  1 0.0459 0.1636 0.0200 0.0452 0.0290 0.0134 0.0162 0.6209 0.0457 
        D424  1 0.1103 0.0492 0.0206 0.0181 0.6225 0.0150 0.0304 0.0207 0.1131 
        D425  1 0.1634 0.0708 0.0503 0.0228 0.3640 0.0622 0.1017 0.1071 0.0577 
        D426  1 0.0683 0.7577 0.0160 0.0153 0.0173 0.0772 0.0207 0.0147 0.0127 
        D427  1 0.0288 0.0423 0.0108 0.3937 0.2569 0.0261 0.2079 0.0148 0.0187 
        D428  1 0.1385 0.1652 0.1413 0.0428 0.1453 0.0411 0.1900 0.1070 0.0287 
        D429  1 0.0669 0.0408 0.0360 0.0322 0.3825 0.0416 0.2009 0.0407 0.1585 
        D430  1 0.2158 0.1640 0.0507 0.0634 0.0619 0.1962 0.1400 0.0421 0.0660 
        D491  1 0.0300 0.0450 0.0418 0.0126 0.0803 0.0395 0.6837 0.0508 0.0162 
        D492  1 0.1828 0.1867 0.0967 0.0542 0.2200 0.0258 0.1292 0.0515 0.0531 
        D537  1 0.0897 0.2592 0.0895 0.0382 0.3572 0.0141 0.0263 0.0552 0.0705 
        D538  1 0.2780 0.0838 0.1094 0.0920 0.0663 0.0392 0.1079 0.1802 0.0431 
        D539  1 0.0900 0.0250 0.0751 0.0468 0.0360 0.2028 0.1102 0.0633 0.3509 
        D540  1 0.1994 0.3660 0.0269 0.0224 0.1632 0.0809 0.0419 0.0698 0.0295 
        D541  1 0.0204 0.0246 0.0118 0.0133 0.8689 0.0188 0.0151 0.0148 0.0123 
        D551  1 0.2279 0.4004 0.0227 0.1074 0.0250 0.1086 0.0232 0.0165 0.0684 
        D552  1 0.0822 0.0296 0.0295 0.0400 0.1855 0.0803 0.1754 0.2698 0.1078 
        D553  1 0.0169 0.0217 0.0112 0.0121 0.8794 0.0140 0.0163 0.0165 0.0118 
        D615  1 0.1354 0.0399 0.0400 0.0593 0.3619 0.0736 0.0768 0.1659 0.0472 
        D616  1 0.1807 0.1555 0.0261 0.0817 0.2050 0.0740 0.0589 0.1771 0.0410 
        D621  1 0.0634 0.0989 0.2595 0.0216 0.0187 0.0232 0.0715 0.2262 0.2169 
        D622  1 0.0645 0.1448 0.0329 0.0253 0.0465 0.0394 0.0333 0.1989 0.4144 
        D623  1 0.0518 0.0252 0.4911 0.1168 0.0229 0.0393 0.1796 0.0582 0.0150 
        D624  1 0.0664 0.0345 0.0161 0.0156 0.0378 0.0261 0.7591 0.0159 0.0285 
        D625  1 0.0442 0.0632 0.0421 0.0143 0.6680 0.0254 0.0475 0.0582 0.0371 
        D626  1 0.0852 0.0837 0.0428 0.0360 0.0565 0.0598 0.2956 0.1447 0.1957 
        D627  1 0.2538 0.3120 0.0161 0.0250 0.0956 0.2118 0.0296 0.0171 0.0390 
        D690  1 0.0224 0.0514 0.0209 0.0085 0.7449 0.0146 0.0487 0.0699 0.0188 
        D691  1 0.0306 0.1458 0.0157 0.0157 0.0663 0.0290 0.0348 0.0389 0.6232 
        D710  1 0.1166 0.3545 0.0649 0.0385 0.1532 0.0400 0.1170 0.0974 0.0180 
        D711  1 0.0294 0.0331 0.0349 0.0212 0.7847 0.0157 0.0275 0.0242 0.0292 
        D712  1 0.0757 0.0499 0.0725 0.0410 0.0330 0.1080 0.5138 0.0579 0.0481 
        D713  1 0.1191 0.1402 0.3514 0.0205 0.1193 0.0216 0.1170 0.0502 0.0607 
        D746  1 0.0339 0.3697 0.0199 0.0289 0.0701 0.0194 0.0257 0.0678 0.3647 
        D747  1 0.0151 0.0199 0.0125 0.0192 0.8718 0.0186 0.0156 0.0119 0.0155 
        D748  1 0.0371 0.1676 0.0346 0.0190 0.1868 0.0357 0.0378 0.0746 0.4069 
        D749  1 0.2615 0.0701 0.1102 0.0421 0.0247 0.0296 0.1089 0.1234 0.2295 
        D750  1 0.0297 0.0564 0.0337 0.0198 0.1338 0.0224 0.6193 0.0562 0.0287 
        D763  1 0.1189 0.2124 0.1156 0.1245 0.0674 0.2402 0.0181 0.0380 0.0649 
        D764  1 0.0428 0.1027 0.0146 0.0162 0.5206 0.0191 0.1900 0.0754 0.0185 
        D765  1 0.0603 0.0353 0.0170 0.0128 0.0268 0.0408 0.0757 0.6710 0.0603 
        D766  1 0.0745 0.1239 0.1006 0.0261 0.0571 0.0209 0.0304 0.4304 0.1362 
        D767  1 0.1025 0.0333 0.2895 0.0901 0.0981 0.0286 0.0358 0.0754 0.2468 
        D768  1 0.0247 0.0268 0.0117 0.0213 0.8580 0.0128 0.0125 0.0138 0.0183 
        D811  1 0.0974 0.0865 0.1841 0.0158 0.0230 0.0564 0.1856 0.3248 0.0264 
        D816  1 0.0178 0.0216 0.0120 0.0134 0.8738 0.0119 0.0191 0.0145 0.0159 
        D825  1 0.1004 0.0521 0.0647 0.0169 0.0704 0.0316 0.1443 0.4834 0.0362 
        D866  1 0.0954 0.0195 0.0218 0.0897 0.0599 0.4340 0.1867 0.0712 0.0217 
        D867  1 0.0454 0.7100 0.0745 0.0378 0.0143 0.0138 0.0216 0.0306 0.0521 
        D871  1 0.1715 0.5288 0.0282 0.0168 0.0553 0.0798 0.0442 0.0251 0.0503 
        D872  1 0.1246 0.0315 0.1175 0.0517 0.3416 0.0269 0.0448 0.1680 0.0934 
        D873  1 0.0218 0.0180 0.0446 0.0189 0.0087 0.0090 0.0149 0.8490 0.0150 
        D874  1 0.0536 0.0220 0.4119 0.0308 0.2186 0.0524 0.1621 0.0245 0.0241 
        D875  1 0.1838 0.5986 0.0213 0.0134 0.0274 0.0220 0.0192 0.0626 0.0516 
        D876  1 0.0566 0.0213 0.0434 0.0186 0.6343 0.0419 0.0604 0.0393 0.0842 
        D877  1 0.0770 0.0164 0.6624 0.0249 0.0236 0.0186 0.1430 0.0192 0.0149 
        D892  1 0.0621 0.0602 0.0334 0.0194 0.4016 0.0196 0.1248 0.0317 0.2472 
        D893  1 0.0403 0.0417 0.0161 0.0268 0.6770 0.0502 0.0137 0.0407 0.0936 
        D894  1 0.0707 0.0922 0.0235 0.0273 0.6061 0.0412 0.0600 0.0308 0.0482 
        D915  1 0.0481 0.0607 0.0163 0.0251 0.5582 0.0306 0.0413 0.1248 0.0948 
        D916  1 0.0148 0.0295 0.0110 0.0095 0.8716 0.0125 0.0156 0.0232 0.0123 
        D917  1 0.1457 0.1299 0.1286 0.0647 0.1494 0.0970 0.2352 0.0318 0.0178 
        D925  1 0.0335 0.0256 0.0177 0.0225 0.2192 0.0355 0.0566 0.5567 0.0328 
        D926  1 0.1593 0.0594 0.0395 0.0211 0.5136 0.0231 0.0579 0.0493 0.0769 
        D927  1 0.1255 0.0793 0.0395 0.2276 0.3337 0.0872 0.0454 0.0253 0.0366 
        D928  1 0.0181 0.0156 0.0256 0.0158 0.0657 0.0135 0.8103 0.0243 0.0111 
        D929  1 0.0665 0.0398 0.5094 0.0196 0.0471 0.0319 0.0530 0.0312 0.2016 
        D936  1 0.0491 0.0180 0.0445 0.0398 0.7134 0.0497 0.0263 0.0313 0.0277 
        D938  1 0.0401 0.1511 0.0416 0.0149 0.0258 0.0166 0.0258 0.1250 0.5590 
        D956  1 0.0832 0.0305 0.0435 0.0369 0.0323 0.0349 0.6102 0.0868 0.0418 
        D957  1 0.0673 0.0225 0.0988 0.0351 0.1571 0.0247 0.0315 0.4516 0.1113 
        D958  1 0.0782 0.0480 0.0938 0.0289 0.2395 0.0200 0.1165 0.2630 0.1122 
        D959  1 0.0156 0.8879 0.0112 0.0143 0.0244 0.0102 0.0160 0.0097 0.0107 
        D960  1 0.1076 0.0987 0.0523 0.0198 0.0287 0.0177 0.0549 0.1225 0.4978 
        D989  1 0.0656 0.0438 0.0295 0.0693 0.0476 0.0889 0.6004 0.0277 0.0272 
        D990  1 0.0511 0.0173 0.0133 0.0339 0.0189 0.0966 0.0467 0.6821 0.0401 
        D023  2 0.0148 0.8807 0.0113 0.0162 0.0225 0.0140 0.0139 0.0128 0.0138 
        D130  2 0.0478 0.2666 0.0394 0.0405 0.0881 0.0165 0.0144 0.0258 0.4610 
        D131  2 0.2056 0.0465 0.0321 0.0519 0.3520 0.1524 0.0345 0.0815 0.0435 
        D163  2 0.0382 0.6566 0.0213 0.0123 0.0384 0.0417 0.0426 0.0511 0.0978 
        D164  2 0.0163 0.0236 0.0147 0.5362 0.0102 0.0112 0.0116 0.3629 0.0133 
        D165  2 0.0176 0.8579 0.0159 0.0180 0.0164 0.0190 0.0144 0.0156 0.0251 
        D166  2 0.1690 0.0896 0.3235 0.0457 0.0419 0.0647 0.0178 0.0809 0.1670 
        D167  2 0.0173 0.0145 0.0204 0.8611 0.0127 0.0162 0.0346 0.0139 0.0093 
        D192  2 0.0162 0.0097 0.0173 0.8792 0.0085 0.0222 0.0179 0.0161 0.0128 
        D193  2 0.1130 0.0273 0.3040 0.0424 0.0273 0.0579 0.1838 0.0622 0.1821 
        D206  2 0.1100 0.2987 0.0452 0.2959 0.0705 0.0296 0.0254 0.0387 0.0861 
        D207  2 0.1132 0.0792 0.0547 0.6018 0.0194 0.0668 0.0176 0.0240 0.0233 
        D208  2 0.0679 0.0211 0.0583 0.0917 0.0544 0.3051 0.2090 0.0755 0.1171 
        D209  2 0.1937 0.1059 0.0733 0.4518 0.0284 0.0361 0.0297 0.0535 0.0276 
        D210  2 0.0518 0.0391 0.0247 0.1163 0.0412 0.1567 0.4985 0.0246 0.0471 
     D229599  2 0.1279 0.0904 0.1102 0.0500 0.2111 0.2137 0.0648 0.0711 0.0607 
     D229600  2 0.0666 0.2234 0.0393 0.3634 0.0288 0.0266 0.0215 0.0374 0.1930 
     D237227  2 0.0958 0.0496 0.0201 0.0431 0.0528 0.0965 0.4661 0.1502 0.0258 
     D237228  2 0.1129 0.0218 0.0272 0.0369 0.0168 0.0549 0.1348 0.5750 0.0197 
     D237258  2 0.1606 0.2026 0.0946 0.1980 0.0465 0.1281 0.0596 0.0751 0.0349 
     D237310  2 0.0876 0.0426 0.0947 0.0447 0.0136 0.0301 0.0346 0.6010 0.0511 
     D237311  2 0.0500 0.0300 0.0320 0.1599 0.0149 0.0266 0.0275 0.5905 0.0685 
     D237312  2 0.0778 0.0651 0.2659 0.0256 0.0232 0.0260 0.0475 0.2985 0.1704 
     D237313  2 0.1516 0.0334 0.0492 0.0247 0.2407 0.0866 0.0770 0.1983 0.1385 
     D237322  2 0.2245 0.0244 0.0965 0.0563 0.0360 0.2677 0.0745 0.0946 0.1255 
     D237323  2 0.0658 0.0286 0.0347 0.0333 0.0161 0.0566 0.1446 0.5474 0.0729 
     D237324  2 0.3578 0.1210 0.0173 0.2081 0.0532 0.0673 0.0163 0.0446 0.1144 
     D237325  2 0.0871 0.0413 0.0859 0.0691 0.0267 0.0332 0.0801 0.2913 0.2852 
     D237326  2 0.0697 0.0526 0.0427 0.0404 0.0576 0.0246 0.0614 0.6168 0.0343 
     D237327  2 0.2127 0.0848 0.0363 0.1054 0.0401 0.2949 0.0355 0.0245 0.1658 
     D237337  2 0.0293 0.0154 0.0182 0.0130 0.0240 0.0187 0.0237 0.8096 0.0483 
     D237338  2 0.0918 0.0740 0.0464 0.0637 0.0641 0.0916 0.1086 0.1413 0.3185 
     D237339  2 0.1493 0.0259 0.2835 0.3372 0.0628 0.0450 0.0207 0.0277 0.0479 
     D237340  2 0.0706 0.0405 0.0867 0.2068 0.0223 0.0364 0.1277 0.2432 0.1658 
     D237389  2 0.0613 0.0560 0.0697 0.0759 0.0193 0.0211 0.0218 0.6168 0.0580 
     D237390  2 0.0653 0.0410 0.1113 0.0270 0.0380 0.0565 0.0561 0.2778 0.3270 
     D244017  2 0.1040 0.0587 0.0574 0.3484 0.0272 0.0488 0.2986 0.0420 0.0149 
     D244112  2 0.0182 0.0175 0.0172 0.8457 0.0134 0.0157 0.0208 0.0230 0.0286 
     D244118  2 0.0430 0.0500 0.0432 0.6548 0.0101 0.0249 0.0183 0.0514 0.1044 
     D244119  2 0.0200 0.0121 0.0135 0.2546 0.0244 0.0195 0.6192 0.0250 0.0117 
     D244120  2 0.0577 0.0218 0.2508 0.3927 0.0135 0.1038 0.0597 0.0390 0.0610 
     D244122  2 0.0412 0.0259 0.0461 0.7017 0.0228 0.0319 0.0363 0.0323 0.0618 
        D291  2 0.1132 0.0941 0.0218 0.0477 0.0485 0.6021 0.0137 0.0386 0.0203 
        D292  2 0.0745 0.0219 0.0370 0.2322 0.3066 0.1626 0.0622 0.0787 0.0242 
        D293  2 0.0677 0.0218 0.0161 0.7212 0.1020 0.0282 0.0176 0.0128 0.0125 
        D322  2 0.0744 0.0588 0.0571 0.5927 0.1171 0.0320 0.0201 0.0330 0.0148 
        D323  2 0.1737 0.0826 0.2409 0.1679 0.0812 0.0771 0.0440 0.0844 0.0483 
        D324  2 0.0971 0.1373 0.0226 0.0355 0.1160 0.4285 0.0387 0.0859 0.0384 
        D325  2 0.0391 0.0392 0.0150 0.7991 0.0284 0.0356 0.0130 0.0125 0.0182 
        D326  2 0.0185 0.0169 0.0133 0.0128 0.8660 0.0248 0.0232 0.0114 0.0132 
        D340  2 0.0180 0.0221 0.0137 0.8564 0.0168 0.0244 0.0205 0.0149 0.0133 
        D341  2 0.0351 0.0221 0.0223 0.5764 0.0293 0.0622 0.0412 0.0495 0.1619 
        D342  2 0.1092 0.0620 0.0297 0.5964 0.0200 0.0358 0.0166 0.1039 0.0263 
        D343  2 0.0138 0.0145 0.0116 0.9057 0.0131 0.0111 0.0092 0.0090 0.0120 
        D344  2 0.1923 0.0345 0.3348 0.0492 0.1571 0.0257 0.0247 0.0707 0.1110 
        D345  2 0.1473 0.0407 0.0688 0.0443 0.1330 0.0744 0.0292 0.4382 0.0241 
        D346  2 0.0593 0.1416 0.0412 0.0645 0.0432 0.0832 0.5083 0.0398 0.0190 
        D351  2 0.1511 0.0790 0.0515 0.0516 0.3574 0.1912 0.0218 0.0557 0.0408 
        D352  2 0.1797 0.0517 0.5422 0.0565 0.0266 0.0332 0.0434 0.0462 0.0205 
        D353  2 0.5389 0.0165 0.0549 0.0177 0.2759 0.0265 0.0131 0.0157 0.0408 
        D354  2 0.1046 0.0213 0.5237 0.0167 0.1124 0.0240 0.0672 0.0690 0.0611 
        D362  2 0.0354 0.2391 0.0213 0.0285 0.5572 0.0241 0.0294 0.0456 0.0195 
        D363  2 0.0350 0.1503 0.0255 0.0239 0.6616 0.0218 0.0382 0.0331 0.0107 
        D364  2 0.1017 0.0446 0.2015 0.0246 0.3825 0.0240 0.0563 0.0873 0.0774 
        D365  2 0.0187 0.0162 0.0167 0.8800 0.0173 0.0139 0.0164 0.0116 0.0091 
        D369  2 0.0780 0.0825 0.0244 0.1641 0.2505 0.0979 0.1513 0.1291 0.0224 
        D374  2 0.0687 0.0116 0.2267 0.0244 0.0179 0.0166 0.5650 0.0439 0.0250 
        D375  2 0.0812 0.0269 0.7642 0.0169 0.0206 0.0106 0.0169 0.0319 0.0307 
        D376  2 0.0680 0.0158 0.1516 0.0230 0.0178 0.0222 0.6021 0.0489 0.0506 
        D377  2 0.1200 0.0812 0.1649 0.0720 0.0368 0.0781 0.0743 0.3110 0.0618 
        D378  2 0.1242 0.1218 0.0390 0.3440 0.2242 0.0580 0.0254 0.0248 0.0388 
        D379  2 0.1136 0.0312 0.0424 0.0345 0.5670 0.0386 0.0329 0.0379 0.1020 
        D384  2 0.0261 0.0173 0.0123 0.0131 0.8487 0.0192 0.0316 0.0177 0.0141 
        D385  2 0.0338 0.0204 0.0947 0.7485 0.0148 0.0201 0.0366 0.0168 0.0142 
        D386  2 0.1455 0.0603 0.2697 0.0983 0.2889 0.0239 0.0179 0.0352 0.0603 
        D391  2 0.0269 0.0193 0.0340 0.8206 0.0267 0.0217 0.0151 0.0160 0.0197 
        D392  2 0.0427 0.0323 0.0235 0.5890 0.0956 0.0373 0.0548 0.1025 0.0223 
        D393  2 0.0519 0.0484 0.0476 0.0982 0.3611 0.2652 0.0242 0.0609 0.0425 
        D394  2 0.1486 0.1482 0.0903 0.0936 0.1147 0.0555 0.0529 0.2171 0.0790 
        D395  2 0.1122 0.0452 0.3715 0.3764 0.0154 0.0316 0.0160 0.0125 0.0192 
        D401  2 0.0300 0.0273 0.0132 0.0287 0.0149 0.0176 0.0286 0.8240 0.0156 
        D402  2 0.0294 0.0157 0.0492 0.7836 0.0198 0.0462 0.0154 0.0283 0.0124 
        D403  2 0.3893 0.0491 0.0701 0.0303 0.1685 0.0278 0.0182 0.0261 0.2207 
        D415  2 0.1000 0.0434 0.0224 0.0217 0.6872 0.0150 0.0139 0.0436 0.0528 
        D435  2 0.0648 0.0809 0.0219 0.2524 0.4061 0.0656 0.0164 0.0427 0.0493 
        D436  2 0.0964 0.0713 0.3143 0.0327 0.1254 0.0288 0.0468 0.0282 0.2563 
        D438  2 0.0140 0.0281 0.0123 0.8751 0.0121 0.0151 0.0206 0.0107 0.0119 
        D439  2 0.2425 0.0923 0.2245 0.1576 0.0938 0.0589 0.0165 0.0706 0.0432 
        D449  2 0.0839 0.4121 0.0197 0.3782 0.0289 0.0176 0.0283 0.0188 0.0126 
        D450  2 0.1707 0.1095 0.1639 0.0257 0.2007 0.0848 0.1377 0.0480 0.0590 
        D456  2 0.0256 0.0208 0.0148 0.0114 0.8576 0.0229 0.0193 0.0105 0.0172 
        D462  2 0.0270 0.0231 0.0266 0.8270 0.0336 0.0170 0.0153 0.0111 0.0192 
        D463  2 0.0449 0.0175 0.0168 0.0126 0.8272 0.0168 0.0292 0.0157 0.0193 
        D464  2 0.3561 0.0351 0.3039 0.0612 0.1318 0.0209 0.0370 0.0232 0.0308 
        D465  2 0.0676 0.2547 0.0348 0.4322 0.0777 0.0241 0.0233 0.0699 0.0156 
        D473  2 0.0605 0.0764 0.1096 0.0481 0.0292 0.0529 0.4822 0.1047 0.0363 
        D474  2 0.0410 0.1041 0.0174 0.0503 0.5015 0.1731 0.0471 0.0435 0.0219 
        D476  2 0.0892 0.1002 0.1436 0.0852 0.0479 0.0452 0.0134 0.0168 0.4584 
        D477  2 0.0732 0.0208 0.0951 0.0281 0.4645 0.1277 0.0456 0.1160 0.0289 
        D478  2 0.1401 0.5015 0.0915 0.0550 0.0374 0.0481 0.0737 0.0272 0.0255 
        D480  2 0.1324 0.0291 0.0669 0.1107 0.3118 0.1429 0.1024 0.0291 0.0749 
        D481  2 0.0975 0.1492 0.1071 0.0981 0.2880 0.0502 0.0893 0.0966 0.0239 
        D482  2 0.1468 0.0325 0.2619 0.0401 0.0223 0.2118 0.0793 0.1116 0.0935 
        D483  2 0.0214 0.0136 0.0127 0.8215 0.0155 0.0207 0.0610 0.0163 0.0173 
        D484  2 0.0347 0.0165 0.8303 0.0344 0.0103 0.0193 0.0193 0.0157 0.0196 
        D510  2 0.0418 0.0161 0.0865 0.0269 0.0247 0.1445 0.5793 0.0313 0.0489 
        D511  2 0.1034 0.0585 0.2771 0.1807 0.2233 0.0635 0.0208 0.0374 0.0354 
        D512  2 0.0793 0.0865 0.0573 0.1192 0.0219 0.0443 0.0141 0.5477 0.0297 
        D513  2 0.0779 0.1807 0.0371 0.4571 0.0392 0.0876 0.0647 0.0350 0.0207 
        D635  2 0.0444 0.7336 0.0142 0.0267 0.1045 0.0173 0.0182 0.0282 0.0128 
        D636  2 0.0206 0.8077 0.0124 0.0160 0.0204 0.0119 0.0134 0.0849 0.0126 
        D637  2 0.1072 0.0260 0.2228 0.2234 0.0337 0.0806 0.0782 0.0865 0.1415 
        D658  2 0.0501 0.0134 0.1633 0.4976 0.0229 0.0269 0.0775 0.0609 0.0875 
        D659  2 0.0691 0.3356 0.0323 0.0253 0.3912 0.0552 0.0358 0.0184 0.0371 
        D677  2 0.0731 0.1141 0.0478 0.0535 0.1583 0.0712 0.0176 0.0807 0.3837 
        D678  2 0.0803 0.0629 0.0380 0.6840 0.0194 0.0318 0.0174 0.0446 0.0216 
        D679  2 0.1450 0.0763 0.0448 0.0465 0.3991 0.1600 0.0456 0.0473 0.0355 
        D719  2 0.0517 0.0197 0.0266 0.1462 0.2184 0.0761 0.4137 0.0293 0.0184 
        D720  2 0.0517 0.0502 0.0190 0.0351 0.7015 0.0340 0.0656 0.0254 0.0175 
        D721  2 0.0262 0.8113 0.0181 0.0333 0.0276 0.0219 0.0237 0.0159 0.0219 
        D722  2 0.1212 0.0254 0.2670 0.0588 0.0218 0.0488 0.3223 0.1094 0.0251 
        D734  2 0.0659 0.0269 0.2383 0.1407 0.0557 0.0763 0.3444 0.0173 0.0346 
        D735  2 0.1396 0.0445 0.0520 0.0557 0.3777 0.0948 0.0686 0.1293 0.0378 
        D736  2 0.0712 0.0877 0.0495 0.0579 0.0501 0.2809 0.3184 0.0448 0.0396 
        D737  2 0.0651 0.0241 0.0752 0.5780 0.0210 0.0667 0.0407 0.0461 0.0831 
        D807  2 0.0735 0.0376 0.0976 0.0514 0.2137 0.1272 0.2131 0.1271 0.0589 
        D808  2 0.1641 0.0297 0.0437 0.1452 0.1494 0.0778 0.0350 0.2423 0.1129 
        D817  2 0.1394 0.1031 0.1826 0.0304 0.2533 0.0939 0.0436 0.1142 0.0395 
        D818  2 0.2272 0.1176 0.0323 0.2593 0.0866 0.1507 0.0250 0.0172 0.0841 
        D819  2 0.1189 0.1481 0.0489 0.0364 0.1631 0.0671 0.0338 0.3589 0.0248 
        D820  2 0.0413 0.0272 0.0203 0.0311 0.7913 0.0248 0.0202 0.0136 0.0302 
        D895  2 0.1089 0.4548 0.0570 0.0325 0.1512 0.0363 0.0471 0.0820 0.0301 
        D896  2 0.0164 0.0180 0.0183 0.0116 0.0132 0.0167 0.0281 0.8579 0.0199 
        D897  2 0.1350 0.0382 0.0489 0.5758 0.0281 0.0541 0.0240 0.0600 0.0359 
        D898  2 0.1516 0.0593 0.0565 0.0337 0.0470 0.1922 0.0408 0.3673 0.0515 
        D918  2 0.1783 0.0781 0.0773 0.0911 0.0377 0.0759 0.0523 0.1576 0.2516 
        D919  2 0.1842 0.0843 0.2394 0.1305 0.2132 0.0738 0.0215 0.0214 0.0316 
        D920  2 0.0285 0.0361 0.0215 0.0185 0.0172 0.0134 0.0348 0.0423 0.7878 
        D923  2 0.0425 0.0507 0.0656 0.0296 0.7270 0.0266 0.0177 0.0168 0.0233 
        D930  2 0.1884 0.0361 0.1595 0.0403 0.2870 0.0593 0.0960 0.0730 0.0604 
        D931  2 0.0997 0.0613 0.1569 0.1572 0.3564 0.0557 0.0450 0.0346 0.0331 
        D968  2 0.0214 0.0145 0.0159 0.8310 0.0249 0.0504 0.0141 0.0148 0.0131 
        D969  2 0.1236 0.0367 0.0320 0.1742 0.3418 0.1481 0.0597 0.0469 0.0369 
        D977  2 0.0499 0.0413 0.0235 0.7453 0.0229 0.0327 0.0222 0.0165 0.0458 
        D978  2 0.1638 0.0250 0.0370 0.1104 0.0344 0.5363 0.0271 0.0189 0.0470 
        D211  3 0.0657 0.1001 0.0215 0.0197 0.0503 0.0487 0.0188 0.0221 0.6532 
     D229639  3 0.0640 0.0357 0.0302 0.0670 0.0725 0.5370 0.0929 0.0681 0.0326 
     D237212  3 0.0795 0.1005 0.1505 0.0800 0.0892 0.3649 0.0265 0.0528 0.0561 
     D237213  3 0.1128 0.0690 0.1805 0.0399 0.0576 0.0766 0.0174 0.3077 0.1387 
     D237214  3 0.0286 0.8622 0.0145 0.0125 0.0177 0.0096 0.0266 0.0120 0.0163 
     D237215  3 0.0502 0.0188 0.0711 0.5484 0.0162 0.1315 0.1011 0.0485 0.0142 
     D237216  3 0.6408 0.0932 0.0340 0.0307 0.0273 0.0424 0.0264 0.0448 0.0603 
     D237217  3 0.2604 0.0366 0.0131 0.0218 0.0738 0.0364 0.0131 0.0661 0.4787 
     D237218  3 0.0748 0.0222 0.0291 0.0513 0.0841 0.3487 0.0425 0.0250 0.3222 
     D237219  3 0.0918 0.0443 0.0162 0.0254 0.0273 0.1328 0.0964 0.3036 0.2623 
     D237382  3 0.1849 0.0285 0.1390 0.0541 0.1416 0.0565 0.1007 0.1310 0.1638 
     D244127  3 0.0897 0.0287 0.0318 0.0625 0.0194 0.0692 0.0213 0.5903 0.0871 
     D244129  3 0.1731 0.1456 0.0959 0.0807 0.0975 0.1149 0.0384 0.1899 0.0640 
     D244133  3 0.1190 0.2665 0.0229 0.1832 0.0644 0.1308 0.1342 0.0531 0.0260 
     D244134  3 0.0704 0.0301 0.0154 0.0252 0.0315 0.4705 0.2014 0.1189 0.0365 
     D244135  3 0.0445 0.7444 0.0187 0.0368 0.0296 0.0189 0.0137 0.0186 0.0749 
     D244136  3 0.1124 0.2595 0.0511 0.0736 0.1231 0.1440 0.1477 0.0467 0.0420 
        D416  3 0.1526 0.2718 0.0550 0.1409 0.0701 0.0844 0.0323 0.1484 0.0445 
        D417  3 0.0615 0.0196 0.0206 0.0155 0.4680 0.0158 0.0238 0.0267 0.3483 
        D419  3 0.1026 0.0283 0.0243 0.0618 0.1232 0.1640 0.0675 0.1045 0.3239 
        D565  3 0.0219 0.0259 0.0157 0.0113 0.0266 0.0846 0.7790 0.0216 0.0135 
        D566  3 0.0751 0.1093 0.0459 0.0473 0.0506 0.3268 0.2684 0.0616 0.0150 
        D567  3 0.0551 0.0572 0.0451 0.0359 0.5710 0.0220 0.0237 0.1200 0.0700 
        D568  3 0.0866 0.0359 0.0414 0.1146 0.1345 0.0395 0.0142 0.0663 0.4670 
        D569  3 0.1258 0.1050 0.5164 0.1073 0.0231 0.0391 0.0270 0.0245 0.0318 
        D573  3 0.0949 0.0341 0.0252 0.2731 0.1888 0.3158 0.0216 0.0241 0.0226 
        D574  3 0.0896 0.1305 0.0505 0.0531 0.0374 0.1349 0.3961 0.0739 0.0341 
        D575  3 0.0848 0.3874 0.0276 0.0473 0.0297 0.0839 0.0805 0.2211 0.0376 
        D576  3 0.0569 0.0425 0.0692 0.6529 0.0084 0.1101 0.0227 0.0190 0.0182 
        D577  3 0.0851 0.1081 0.0569 0.0232 0.4786 0.0428 0.0297 0.0289 0.1468 
        D578  3 0.0429 0.8120 0.0142 0.0235 0.0174 0.0151 0.0173 0.0233 0.0342 
        D579  3 0.0973 0.0631 0.0569 0.0731 0.1607 0.2166 0.1859 0.0588 0.0876 
        D660  3 0.1246 0.0886 0.0469 0.5635 0.0153 0.0395 0.0158 0.0823 0.0234 
        D661  3 0.0647 0.0252 0.0318 0.1911 0.0268 0.1833 0.0183 0.0245 0.4343 
        D663  3 0.1722 0.0600 0.0732 0.0868 0.0611 0.4894 0.0163 0.0219 0.0192 
        D664  3 0.1325 0.1347 0.0678 0.1809 0.0215 0.0525 0.0883 0.1816 0.1403 
        D665  3 0.3011 0.1510 0.1828 0.0485 0.0133 0.0677 0.0135 0.1636 0.0586 
        D666  3 0.0938 0.0654 0.0386 0.0283 0.0921 0.0892 0.0740 0.4365 0.0821 
        D009  4 0.1671 0.0688 0.0821 0.0175 0.1112 0.0312 0.0333 0.0935 0.3955 
        D057  4 0.0390 0.0131 0.0391 0.1148 0.0487 0.0350 0.0264 0.0123 0.6717 
        D109  4 0.1007 0.0627 0.0396 0.0248 0.0449 0.0260 0.0581 0.6092 0.0341 
     D237222  4 0.0775 0.0778 0.0426 0.0302 0.0505 0.0278 0.1251 0.0616 0.5070 
     D237223  4 0.1064 0.0615 0.0543 0.0505 0.0243 0.0419 0.1131 0.0694 0.4786 
     D237224  4 0.0868 0.0539 0.1188 0.2057 0.1926 0.1926 0.0343 0.0622 0.0531 
     D237225  4 0.3193 0.1255 0.0511 0.0326 0.0703 0.1107 0.0458 0.0536 0.1911 
     D237299  4 0.3156 0.0703 0.0479 0.0294 0.0182 0.1436 0.0407 0.0517 0.2825 
     D237300  4 0.0348 0.0180 0.0217 0.0340 0.0147 0.7782 0.0291 0.0264 0.0431 
     D237306  4 0.0691 0.0423 0.0666 0.0227 0.0643 0.0259 0.5028 0.0615 0.1446 
     D237307  4 0.1201 0.0689 0.0326 0.0538 0.3121 0.0999 0.1733 0.0460 0.0935 
     D237308  4 0.0648 0.0453 0.1343 0.4564 0.0318 0.0296 0.0694 0.1098 0.0586 
     D237309  4 0.2045 0.0464 0.0797 0.0450 0.1297 0.0620 0.0257 0.0755 0.3316 
     D237317  4 0.2287 0.0697 0.0431 0.0285 0.1505 0.0730 0.3261 0.0441 0.0364 
     D237318  4 0.0405 0.0275 0.0133 0.0498 0.0257 0.7902 0.0213 0.0156 0.0161 
     D237319  4 0.1570 0.0424 0.0350 0.0402 0.0742 0.0632 0.0349 0.0885 0.4647 
     D237320  4 0.0745 0.0789 0.0247 0.0796 0.0457 0.1120 0.0269 0.0683 0.4894 
     D237321  4 0.0741 0.0565 0.0316 0.1044 0.0746 0.5233 0.0537 0.0377 0.0442 
     D237397  4 0.0759 0.0473 0.0223 0.0621 0.0407 0.1111 0.1516 0.0537 0.4353 
     D237398  4 0.0488 0.0538 0.0292 0.0213 0.0586 0.7260 0.0142 0.0145 0.0335 
     D237399  4 0.0582 0.0483 0.0395 0.0324 0.1329 0.3459 0.1773 0.0380 0.1275 
     D244001  4 0.0540 0.0549 0.0646 0.0620 0.0186 0.0266 0.0211 0.0272 0.6710 
        D289  4 0.1148 0.0773 0.0886 0.1190 0.0931 0.0898 0.3096 0.0391 0.0686 
        D290  4 0.1929 0.0409 0.2092 0.0388 0.0686 0.2471 0.0261 0.0362 0.1403 
        D294  4 0.2241 0.1036 0.1720 0.0380 0.1549 0.0843 0.0369 0.0162 0.1700 
        D295  4 0.0600 0.0243 0.0597 0.0345 0.2528 0.0582 0.0392 0.1249 0.3464 
        D301  4 0.0424 0.0474 0.0393 0.0268 0.0199 0.0509 0.0316 0.0565 0.6853 
        D302  4 0.0781 0.0372 0.6322 0.0192 0.1297 0.0207 0.0140 0.0213 0.0478 
        D303  4 0.0568 0.0282 0.0939 0.0533 0.0355 0.0347 0.5864 0.0724 0.0389 
        D304  4 0.1807 0.0291 0.1101 0.0403 0.0712 0.4087 0.0587 0.0208 0.0803 
        D305  4 0.4579 0.0237 0.1826 0.1503 0.0211 0.0338 0.0165 0.0606 0.0535 
        D306  4 0.4724 0.0382 0.2213 0.0325 0.0486 0.0632 0.0352 0.0442 0.0444 
        D307  4 0.0365 0.0966 0.0361 0.0155 0.0193 0.0465 0.0682 0.0329 0.6484 
        D327  4 0.1072 0.1265 0.0402 0.0693 0.4632 0.0479 0.0686 0.0244 0.0526 
        D328  4 0.0506 0.0199 0.5087 0.0219 0.0228 0.0318 0.1296 0.0643 0.1504 
        D329  4 0.1742 0.0344 0.0894 0.1282 0.0975 0.1024 0.0376 0.0676 0.2688 
        D330  4 0.1303 0.1741 0.1185 0.0671 0.1703 0.0153 0.0140 0.1690 0.1413 
        D331  4 0.1532 0.0417 0.0657 0.0495 0.1543 0.2945 0.0865 0.0855 0.0691 
        D333  4 0.0917 0.0390 0.1448 0.0697 0.0541 0.1247 0.0926 0.0916 0.2918 
        D334  4 0.0550 0.0545 0.0460 0.0198 0.1127 0.0667 0.5182 0.0190 0.1082 
        D335  4 0.0719 0.0287 0.4998 0.0489 0.2484 0.0206 0.0264 0.0298 0.0253 
        D370  4 0.1088 0.0281 0.2704 0.0411 0.0279 0.0314 0.0552 0.4017 0.0354 
        D371  4 0.0311 0.0287 0.0337 0.0322 0.0880 0.0204 0.7373 0.0151 0.0135 
        D372  4 0.1221 0.0133 0.0339 0.0372 0.0121 0.7116 0.0208 0.0267 0.0223 
        D373  4 0.0530 0.4177 0.0335 0.0689 0.0294 0.0809 0.0258 0.0298 0.2609 
        D455  4 0.0240 0.1041 0.0306 0.0327 0.0432 0.0491 0.0231 0.0332 0.6602 
        D490  4 0.0176 0.0473 0.0167 0.0083 0.0192 0.0106 0.0143 0.0211 0.8448 
        D497  4 0.0378 0.0495 0.0341 0.0153 0.0152 0.0280 0.0185 0.0240 0.7776 
        D498  4 0.1610 0.0340 0.1096 0.0477 0.0648 0.1913 0.1049 0.2172 0.0694 
        D499  4 0.1357 0.0287 0.0841 0.2737 0.0391 0.1580 0.1546 0.0827 0.0434 
        D514  4 0.1271 0.1445 0.2564 0.0326 0.2201 0.0913 0.0147 0.0664 0.0468 
        D515  4 0.0660 0.0584 0.1029 0.0287 0.0377 0.0184 0.0278 0.0579 0.6023 
        D516  4 0.1136 0.0825 0.0340 0.0891 0.0906 0.0624 0.0528 0.2590 0.2158 
        D517  4 0.1022 0.0767 0.0187 0.0339 0.0511 0.0418 0.0287 0.0560 0.5909 
        D518  4 0.0362 0.0209 0.1582 0.0369 0.0355 0.0135 0.0615 0.0155 0.6218 
        D519  4 0.0298 0.0359 0.0133 0.0333 0.0280 0.0445 0.0207 0.0234 0.7710 
        D560  4 0.0267 0.0183 0.0250 0.0235 0.0418 0.0403 0.0123 0.0198 0.7924 
        D561  4 0.2319 0.4448 0.0381 0.0720 0.0837 0.0260 0.0157 0.0352 0.0526 
        D562  4 0.2363 0.1706 0.1315 0.0942 0.0619 0.0778 0.0610 0.0529 0.1138 
        D563  4 0.1234 0.0670 0.1317 0.4838 0.0232 0.0651 0.0172 0.0505 0.0381 
        D572  4 0.0728 0.0590 0.4739 0.0558 0.1085 0.0244 0.0362 0.0197 0.1499 
        D629  4 0.0839 0.4711 0.0513 0.0190 0.1826 0.0911 0.0227 0.0325 0.0459 
        D630  4 0.0825 0.0937 0.1197 0.0377 0.0875 0.1111 0.0476 0.0274 0.3928 
        D631  4 0.0561 0.0187 0.1737 0.1804 0.0324 0.0460 0.0284 0.0217 0.4426 
        D632  4 0.0780 0.1489 0.1592 0.1902 0.0646 0.0191 0.0209 0.1773 0.1419 
        D646  4 0.1132 0.0916 0.0243 0.0548 0.0817 0.0360 0.0272 0.1586 0.4126 
        D647  4 0.0533 0.0273 0.0379 0.0548 0.4162 0.0373 0.0148 0.0431 0.3153 
        D648  4 0.0362 0.0182 0.7970 0.0213 0.0146 0.0113 0.0450 0.0155 0.0410 
        D649  4 0.0629 0.0297 0.1232 0.0176 0.3624 0.0261 0.0182 0.2667 0.0932 
        D650  4 0.0817 0.0653 0.0795 0.0284 0.2821 0.0891 0.0845 0.0454 0.2439 
        D708  4 0.1459 0.0607 0.1827 0.0276 0.0616 0.1052 0.2346 0.0541 0.1277 
        D709  4 0.2128 0.0232 0.3223 0.0392 0.0278 0.0742 0.0452 0.1875 0.0678 
        D738  4 0.0419 0.0429 0.0268 0.0171 0.0823 0.0343 0.4751 0.0772 0.2025 
        D739  4 0.0996 0.0696 0.1186 0.0283 0.0264 0.0509 0.0319 0.0528 0.5220 
        D740  4 0.1867 0.0357 0.0429 0.0709 0.0278 0.1377 0.1666 0.2500 0.0817 
        D741  4 0.1737 0.0499 0.0208 0.1281 0.0862 0.0299 0.0174 0.0644 0.4296 
        D742  4 0.1361 0.0331 0.0568 0.2893 0.0550 0.1355 0.1138 0.0421 0.1383 
        D743  4 0.0352 0.0593 0.1000 0.0436 0.6438 0.0376 0.0234 0.0164 0.0407 
        D744  4 0.0857 0.0674 0.4748 0.1374 0.0939 0.0471 0.0222 0.0408 0.0306 
        D745  4 0.0287 0.0480 0.0198 0.0164 0.0189 0.0216 0.0188 0.0228 0.8050 
        D814  4 0.2879 0.2761 0.0631 0.1593 0.0185 0.0509 0.0229 0.0159 0.1055 
        D815  4 0.0869 0.0250 0.4535 0.0419 0.1518 0.0811 0.0302 0.0836 0.0461 
        D828  4 0.0708 0.0216 0.6045 0.0786 0.0161 0.0507 0.0805 0.0422 0.0350 
        D845  4 0.0208 0.0153 0.0122 0.0227 0.0194 0.8360 0.0435 0.0152 0.0151 
        D846  4 0.1176 0.1319 0.1499 0.2131 0.1732 0.0522 0.0106 0.0239 0.1275 
        D847  4 0.1005 0.1396 0.0423 0.0538 0.1407 0.1728 0.0820 0.0487 0.2195 
        D848  4 0.1240 0.3064 0.0320 0.1052 0.0206 0.1759 0.0233 0.0248 0.1877 
        D849  4 0.1158 0.0507 0.0520 0.0327 0.0335 0.0280 0.0185 0.0882 0.5807 
        D850  4 0.1087 0.4584 0.0318 0.0426 0.0921 0.1350 0.0497 0.0262 0.0554 
        D856  4 0.2734 0.0340 0.0482 0.0289 0.0664 0.0607 0.0494 0.3026 0.1363 
        D857  4 0.0372 0.0237 0.0868 0.0685 0.0080 0.0212 0.0280 0.6991 0.0275 
        D859  4 0.1085 0.0239 0.3133 0.0562 0.1157 0.1053 0.0240 0.0301 0.2230 
        D860  4 0.0773 0.0310 0.0572 0.1110 0.1113 0.1576 0.4045 0.0285 0.0217 
        D883  4 0.0672 0.1473 0.0761 0.0314 0.1658 0.0798 0.0733 0.1495 0.2097 
        D884  4 0.0509 0.0392 0.0718 0.0144 0.0465 0.0223 0.0660 0.1101 0.5787 
        D885  4 0.2497 0.1486 0.0338 0.0858 0.1187 0.1634 0.0334 0.0569 0.1096 
        D886  4 0.1080 0.0471 0.1225 0.0638 0.1559 0.0515 0.0216 0.1664 0.2632 
        D887  4 0.1383 0.0731 0.0930 0.1306 0.1237 0.2525 0.0560 0.0748 0.0581 
        D889  4 0.0560 0.0194 0.1142 0.0123 0.0260 0.7131 0.0142 0.0155 0.0293 
        D890  4 0.1058 0.1117 0.2723 0.0740 0.0480 0.0634 0.1013 0.1948 0.0288 
        D891  4 0.0112 0.0138 0.0081 0.0107 0.0110 0.9159 0.0114 0.0092 0.0088 
        D899  4 0.0887 0.0502 0.0891 0.4432 0.0410 0.1304 0.0903 0.0266 0.0405 
        D900  4 0.1860 0.2118 0.1170 0.0848 0.1012 0.0810 0.0604 0.0726 0.0851 
        D970  4 0.1469 0.0460 0.0835 0.0805 0.2123 0.1561 0.0496 0.0481 0.1769 
        D971  4 0.0964 0.0230 0.1691 0.4613 0.0979 0.0191 0.0417 0.0633 0.0281 
        D979  4 0.0583 0.0282 0.2763 0.0340 0.4736 0.0298 0.0283 0.0185 0.0530 
        D093  5 0.0389 0.0230 0.0284 0.0203 0.0344 0.0462 0.7092 0.0318 0.0677 
        D154  5 0.2100 0.0335 0.0692 0.2049 0.0222 0.1790 0.0479 0.0438 0.1895 
        D168  5 0.1569 0.2047 0.0535 0.2450 0.0428 0.1082 0.0159 0.0943 0.0787 
        D189  5 0.1283 0.0294 0.0776 0.0408 0.0400 0.2257 0.3145 0.0319 0.1117 
        D190  5 0.0292 0.0188 0.0402 0.0236 0.0328 0.0508 0.7347 0.0382 0.0316 
     D237220  5 0.1242 0.0422 0.0401 0.0238 0.0299 0.2010 0.0653 0.1290 0.3446 
     D237221  5 0.0613 0.0296 0.0328 0.0915 0.0920 0.2923 0.2799 0.0559 0.0646 
     D237274  5 0.0972 0.0588 0.2179 0.0491 0.4401 0.0233 0.0161 0.0638 0.0337 
     D237275  5 0.0939 0.0219 0.0495 0.6162 0.0172 0.0971 0.0292 0.0470 0.0280 
     D237276  5 0.0611 0.0379 0.0810 0.0361 0.0781 0.0324 0.1198 0.1231 0.4306 
     D237277  5 0.0490 0.0175 0.0473 0.0548 0.0287 0.2420 0.4845 0.0474 0.0287 
     D237278  5 0.1049 0.0502 0.0532 0.3119 0.0531 0.0346 0.2133 0.1365 0.0423 
     D237279  5 0.2264 0.3194 0.0391 0.0238 0.0442 0.0677 0.0193 0.2321 0.0281 
     D237280  5 0.1004 0.0871 0.0304 0.0170 0.0816 0.0290 0.0495 0.5656 0.0395 
     D237281  5 0.0867 0.0248 0.0233 0.3688 0.0455 0.3751 0.0221 0.0243 0.0294 
     D237351  5 0.0306 0.0266 0.0241 0.0199 0.0177 0.0410 0.0395 0.7611 0.0395 
     D237352  5 0.0879 0.2908 0.2271 0.0648 0.0545 0.0358 0.0488 0.0666 0.1236 
     D237353  5 0.0381 0.0121 0.0587 0.0222 0.0245 0.0919 0.6582 0.0767 0.0176 
     D237359  5 0.1267 0.0425 0.0416 0.0213 0.0351 0.2650 0.0497 0.0624 0.3556 
     D237361  5 0.0219 0.0245 0.0221 0.0167 0.0171 0.0286 0.8256 0.0302 0.0133 
     D237362  5 0.1143 0.1493 0.0970 0.0484 0.1276 0.1673 0.1159 0.1234 0.0568 
     D237363  5 0.6339 0.0629 0.0216 0.0758 0.0241 0.0603 0.0374 0.0585 0.0254 
     D237364  5 0.0924 0.0437 0.0899 0.1022 0.0655 0.0899 0.0138 0.0417 0.4608 
     D237376  5 0.0261 0.0140 0.7749 0.0259 0.0103 0.0187 0.0804 0.0214 0.0283 
     D237377  5 0.1839 0.0562 0.0384 0.0383 0.1703 0.0500 0.1019 0.3352 0.0257 
     D237378  5 0.0676 0.0208 0.1053 0.0658 0.0239 0.0614 0.4843 0.0269 0.1440 
     D237379  5 0.1264 0.0600 0.3190 0.0389 0.0318 0.0583 0.2697 0.0326 0.0632 
     D237380  5 0.0441 0.0147 0.1895 0.0141 0.0201 0.0138 0.0457 0.5176 0.1405 
     D237381  5 0.1158 0.0777 0.0978 0.0550 0.0320 0.0462 0.0647 0.3542 0.1566 
     D237391  5 0.0298 0.0192 0.0144 0.0168 0.0391 0.0901 0.7446 0.0210 0.0251 
     D237392  5 0.0982 0.1010 0.2190 0.2044 0.2113 0.0331 0.0243 0.0729 0.0357 
     D237393  5 0.0722 0.0631 0.0367 0.0465 0.3606 0.0417 0.1865 0.1650 0.0277 
     D237394  5 0.0175 0.0183 0.0199 0.0109 0.0228 0.0198 0.8449 0.0313 0.0146 
     D237395  5 0.1058 0.0648 0.0524 0.0594 0.0345 0.2247 0.2622 0.0914 0.1048 
     D237396  5 0.1038 0.2098 0.0212 0.0697 0.2900 0.0735 0.1503 0.0579 0.0237 
     D244016  5 0.1876 0.0715 0.1982 0.0759 0.0297 0.2015 0.1740 0.0464 0.0152 
     D244018  5 0.0984 0.1096 0.0230 0.3215 0.0375 0.0947 0.1987 0.0528 0.0638 
     D244019  5 0.2604 0.0579 0.1404 0.1012 0.0972 0.1829 0.0424 0.0930 0.0245 
        D279  5 0.1697 0.0440 0.0393 0.0576 0.0303 0.3835 0.0635 0.0519 0.1603 
        D280  5 0.1978 0.1040 0.0287 0.0449 0.0828 0.2668 0.1286 0.1076 0.0389 
        D281  5 0.1342 0.0187 0.0271 0.1309 0.0214 0.5482 0.0707 0.0150 0.0338 
        D283  5 0.1118 0.0371 0.0228 0.0256 0.0765 0.2255 0.3943 0.0706 0.0357 
        D284  5 0.1492 0.3137 0.0653 0.0429 0.0467 0.1314 0.0265 0.0868 0.1374 
        D285  5 0.0684 0.0389 0.0484 0.0194 0.0526 0.3458 0.3261 0.0485 0.0519 
        D286  5 0.1404 0.0422 0.1339 0.0334 0.0957 0.0951 0.1397 0.0479 0.2718 
        D287  5 0.0722 0.0236 0.6343 0.0198 0.0150 0.0307 0.1067 0.0371 0.0606 
        D288  5 0.1879 0.0365 0.0264 0.0379 0.1394 0.3831 0.0570 0.1072 0.0247 
        D308  5 0.0380 0.0291 0.0203 0.0224 0.0606 0.0202 0.0295 0.7533 0.0266 
        D309  5 0.1100 0.0281 0.7102 0.0205 0.0488 0.0159 0.0183 0.0234 0.0249 
        D310  5 0.1387 0.0147 0.0212 0.0111 0.0118 0.0435 0.7144 0.0254 0.0193 
        D311  5 0.1894 0.0483 0.2856 0.0502 0.0966 0.0510 0.0930 0.0482 0.1376 
        D312  5 0.0872 0.2044 0.2547 0.0432 0.1280 0.0526 0.1317 0.0543 0.0441 
        D313  5 0.0228 0.0837 0.0105 0.0117 0.0131 0.0086 0.0294 0.6044 0.2158 
        D314  5 0.1424 0.0479 0.1221 0.0828 0.0278 0.1220 0.0653 0.1022 0.2875 
        D315  5 0.0867 0.0766 0.0618 0.0674 0.2962 0.0387 0.2106 0.1209 0.0411 
        D317  5 0.0360 0.0351 0.0214 0.0162 0.0410 0.0276 0.7655 0.0202 0.0369 
        D318  5 0.1262 0.4636 0.0900 0.0952 0.0669 0.0564 0.0357 0.0383 0.0277 
        D319  5 0.0375 0.0105 0.0184 0.0179 0.0217 0.0264 0.7832 0.0552 0.0292 
        D320  5 0.0568 0.0226 0.0679 0.0164 0.0335 0.0949 0.6273 0.0483 0.0324 
        D321  5 0.0354 0.0568 0.0171 0.0119 0.0438 0.1243 0.0625 0.6305 0.0177 
        D336  5 0.0944 0.0143 0.1985 0.0152 0.0209 0.0218 0.5823 0.0201 0.0324 
        D337  5 0.0220 0.0140 0.0369 0.0210 0.0202 0.0558 0.8006 0.0177 0.0120 
        D338  5 0.1496 0.0222 0.0348 0.0552 0.1873 0.1368 0.1151 0.0564 0.2425 
        D339  5 0.0872 0.0184 0.0211 0.0382 0.0358 0.0790 0.6282 0.0504 0.0417 
        D347  5 0.2086 0.0448 0.3795 0.0934 0.0835 0.0756 0.0409 0.0428 0.0308 
        D348  5 0.0617 0.0214 0.0857 0.0231 0.0255 0.0239 0.7211 0.0200 0.0176 
        D349  5 0.0160 0.0139 0.0152 0.0142 0.0149 0.0208 0.0296 0.8622 0.0131 
        D350  5 0.0638 0.0135 0.7062 0.0271 0.0372 0.0268 0.0147 0.0318 0.0789 
        D355  5 0.2198 0.0334 0.1020 0.0868 0.1071 0.3460 0.0270 0.0438 0.0342 
        D356  5 0.0840 0.0826 0.0607 0.0295 0.3232 0.0782 0.2229 0.0587 0.0602 
        D357  5 0.2826 0.0465 0.1756 0.0406 0.0552 0.1389 0.0820 0.1408 0.0379 
        D358  5 0.1510 0.0595 0.1693 0.0511 0.0475 0.0437 0.3734 0.0666 0.0380 
        D359  5 0.0703 0.0231 0.0431 0.0183 0.2214 0.0792 0.4505 0.0720 0.0222 
        D360  5 0.0902 0.1084 0.0581 0.0180 0.1235 0.0944 0.4124 0.0407 0.0543 
        D361  5 0.0191 0.0121 0.0154 0.0164 0.0245 0.0118 0.0218 0.8611 0.0176 
        D366  5 0.0587 0.2374 0.0291 0.3741 0.2243 0.0205 0.0177 0.0193 0.0188 
        D367  5 0.1267 0.0292 0.1111 0.0166 0.0283 0.0484 0.4423 0.1279 0.0696 
        D368  5 0.1520 0.0559 0.0411 0.0228 0.0917 0.0679 0.1146 0.4079 0.0462 
        D380  5 0.2313 0.0861 0.3432 0.0643 0.0670 0.0739 0.0370 0.0575 0.0398 
        D381  5 0.1218 0.0230 0.0333 0.0265 0.0699 0.1098 0.5298 0.0590 0.0271 
        D400  5 0.1391 0.0235 0.1112 0.0867 0.0835 0.1173 0.1843 0.0382 0.2161 
        D411  5 0.0326 0.6542 0.0322 0.0225 0.0149 0.0183 0.0103 0.0372 0.1778 
        D412  5 0.3776 0.0432 0.0938 0.1137 0.0648 0.0674 0.0689 0.1241 0.0464 
        D413  5 0.0611 0.1123 0.0303 0.5783 0.0953 0.0418 0.0237 0.0202 0.0371 
        D414  5 0.0761 0.0219 0.5409 0.1482 0.0273 0.0838 0.0217 0.0241 0.0560 
        D420  5 0.1331 0.2280 0.0438 0.0182 0.0153 0.4518 0.0292 0.0390 0.0415 
        D431  5 0.1461 0.0595 0.3031 0.0482 0.0130 0.2019 0.0400 0.1487 0.0394 
        D432  5 0.0930 0.0485 0.0291 0.0636 0.0792 0.0792 0.4902 0.0622 0.0551 
        D433  5 0.0684 0.0212 0.0364 0.0313 0.0632 0.1402 0.4438 0.1655 0.0300 
        D434  5 0.1198 0.0272 0.0364 0.0216 0.0455 0.1210 0.4035 0.1500 0.0749 
        D440  5 0.1146 0.0130 0.6960 0.0229 0.0215 0.0203 0.0213 0.0369 0.0535 
        D447  5 0.1013 0.6726 0.0740 0.0328 0.0442 0.0178 0.0177 0.0220 0.0175 
        D448  5 0.1201 0.0245 0.1914 0.0392 0.0607 0.0505 0.3764 0.0443 0.0928 
        D459  5 0.0808 0.0326 0.0375 0.3606 0.1072 0.2874 0.0316 0.0264 0.0359 
        D460  5 0.0245 0.0271 0.0188 0.0188 0.0435 0.0253 0.0440 0.7878 0.0103 
        D461  5 0.0485 0.0254 0.6804 0.0172 0.1196 0.0311 0.0252 0.0244 0.0283 
        D468  5 0.1245 0.3730 0.0853 0.0550 0.0513 0.0393 0.1144 0.1297 0.0276 
        D469  5 0.1002 0.0552 0.0499 0.0274 0.4775 0.0500 0.0677 0.0626 0.1095 
        D470  5 0.0848 0.0429 0.1076 0.0240 0.0401 0.0273 0.0564 0.0304 0.5864 
        D471  5 0.0703 0.0192 0.1407 0.0368 0.0557 0.1259 0.4705 0.0300 0.0509 
        D472  5 0.0595 0.0271 0.0146 0.0739 0.6578 0.1090 0.0216 0.0192 0.0172 
        D479  5 0.0412 0.0228 0.1492 0.6812 0.0229 0.0180 0.0234 0.0223 0.0188 
        D485  5 0.0605 0.0254 0.7448 0.0326 0.0258 0.0207 0.0238 0.0244 0.0421 
        D486  5 0.1206 0.4506 0.1306 0.0294 0.0390 0.0306 0.0583 0.0879 0.0530 
        D487  5 0.1135 0.0227 0.0719 0.1070 0.0386 0.2667 0.1716 0.0381 0.1699 
        D555  5 0.0317 0.0222 0.0222 0.0454 0.0202 0.0306 0.7901 0.0242 0.0134 
        D556  5 0.0692 0.0382 0.1634 0.0404 0.0451 0.4107 0.0690 0.1177 0.0462 
