        D174  1 0.0449 0.0851 0.0430 0.5825 0.1042 0.0417 0.0985 
        D199  1 0.0566 0.2963 0.0888 0.2027 0.1296 0.1866 0.0394 
        D203  1 0.0682 0.2480 0.0964 0.0811 0.1418 0.2601 0.1044 
        D204  1 0.0846 0.7431 0.0210 0.0247 0.0415 0.0605 0.0247 
     D237366  1 0.1934 0.0897 0.1220 0.0828 0.1416 0.1354 0.2351 
     D237367  1 0.0783 0.4393 0.0426 0.0425 0.1657 0.1328 0.0989 
     D237368  1 0.0447 0.1404 0.0296 0.1142 0.1305 0.1539 0.3868 
     D244101  1 0.3359 0.2131 0.1052 0.0255 0.1284 0.1619 0.0300 
     D244102  1 0.2733 0.1130 0.1116 0.0985 0.1543 0.0781 0.1713 
     D244103  1 0.0826 0.2952 0.0842 0.0715 0.3043 0.0696 0.0925 
     D244104  1 0.0225 0.6709 0.0645 0.1186 0.0366 0.0449 0.0420 
     D244105  1 0.0467 0.1832 0.0918 0.0312 0.3363 0.0413 0.2695 
     D244106  1 0.0427 0.0654 0.1299 0.5807 0.0748 0.0770 0.0293 
     D244107  1 0.0707 0.1008 0.0259 0.0177 0.1323 0.1398 0.5129 
     D244108  1 0.0703 0.0921 0.0537 0.5096 0.0889 0.0422 0.1432 
     D244113  1 0.2591 0.0236 0.0303 0.5538 0.0622 0.0430 0.0280 
     D244114  1 0.0701 0.0941 0.2368 0.1324 0.3426 0.0924 0.0315 
     D244115  1 0.0485 0.1528 0.0432 0.4024 0.1602 0.0344 0.1586 
     D267365  1 0.0609 0.3830 0.1410 0.2208 0.0938 0.0466 0.0539 
        D404  1 0.3523 0.0278 0.0310 0.4415 0.0591 0.0467 0.0416 
        D405  1 0.2739 0.1179 0.0517 0.2182 0.1153 0.1518 0.0713 
        D406  1 0.0380 0.0627 0.0290 0.0462 0.0383 0.0211 0.7648 
        D407  1 0.0231 0.5576 0.0264 0.0379 0.1022 0.2051 0.0477 
        D408  1 0.0800 0.0829 0.2140 0.4714 0.0812 0.0237 0.0468 
        D409  1 0.0572 0.1300 0.1811 0.0722 0.4547 0.0563 0.0484 
        D410  1 0.0375 0.1204 0.0233 0.0386 0.0464 0.0184 0.7154 
        D421  1 0.0130 0.8156 0.0219 0.0366 0.0286 0.0706 0.0137 
        D422  1 0.0177 0.0718 0.0406 0.0187 0.0499 0.0518 0.7496 
        D423  1 0.0213 0.0910 0.0171 0.0227 0.0547 0.0954 0.6978 
        D424  1 0.0281 0.6305 0.0190 0.0457 0.2160 0.0249 0.0358 
        D425  1 0.0625 0.4657 0.0751 0.1548 0.1610 0.0407 0.0402 
        D426  1 0.0226 0.1391 0.2119 0.0373 0.4832 0.0658 0.0400 
        D427  1 0.0177 0.2531 0.0373 0.1529 0.0371 0.4746 0.0272 
        D428  1 0.1098 0.3325 0.0370 0.2325 0.1236 0.0900 0.0747 
        D429  1 0.0506 0.3182 0.0829 0.3328 0.0956 0.0582 0.0615 
        D430  1 0.0592 0.0827 0.2493 0.1705 0.2828 0.1092 0.0463 
        D491  1 0.0343 0.0978 0.0565 0.7190 0.0423 0.0179 0.0321 
        D492  1 0.1129 0.2659 0.0517 0.2132 0.1673 0.1075 0.0814 
        D537  1 0.0897 0.6796 0.0179 0.0381 0.0618 0.0493 0.0636 
        D538  1 0.0858 0.0671 0.0582 0.1727 0.2307 0.1325 0.2530 
        D539  1 0.0987 0.0539 0.3824 0.1776 0.1050 0.0546 0.1278 
        D540  1 0.0385 0.3995 0.1153 0.0549 0.2840 0.0390 0.0688 
        D541  1 0.0159 0.8648 0.0211 0.0201 0.0214 0.0304 0.0263 
        D551  1 0.0318 0.1078 0.2361 0.0376 0.2690 0.2794 0.0382 
        D552  1 0.0420 0.1723 0.0996 0.2619 0.0926 0.0483 0.2833 
        D553  1 0.0174 0.8876 0.0221 0.0193 0.0211 0.0159 0.0166 
        D615  1 0.0327 0.3784 0.1099 0.1182 0.1239 0.1010 0.1360 
        D616  1 0.0248 0.2854 0.0870 0.0958 0.1952 0.1423 0.1694 
        D621  1 0.2107 0.0219 0.0362 0.0891 0.0529 0.0371 0.5520 
        D622  1 0.0771 0.0450 0.0425 0.0477 0.0846 0.0384 0.6647 
        D623  1 0.3776 0.0320 0.0388 0.2877 0.0794 0.1516 0.0330 
        D624  1 0.0161 0.0418 0.0291 0.7895 0.0773 0.0232 0.0231 
        D625  1 0.0460 0.6434 0.0411 0.0886 0.0634 0.0259 0.0917 
        D626  1 0.0573 0.1409 0.0955 0.3314 0.1177 0.0570 0.2002 
        D627  1 0.0267 0.0845 0.3651 0.0458 0.4125 0.0322 0.0332 
        D690  1 0.0249 0.7819 0.0250 0.0630 0.0268 0.0138 0.0645 
        D691  1 0.0283 0.1287 0.0534 0.0433 0.0479 0.0344 0.6641 
        D710  1 0.1098 0.2720 0.0570 0.1984 0.1759 0.0660 0.1208 
        D711  1 0.0628 0.7196 0.0300 0.0522 0.0537 0.0339 0.0479 
        D712  1 0.0814 0.0479 0.1105 0.5799 0.0722 0.0429 0.0652 
        D713  1 0.3255 0.1629 0.0278 0.2934 0.1119 0.0277 0.0508 
        D746  1 0.0254 0.0697 0.0271 0.0245 0.0267 0.0422 0.7844 
        D747  1 0.0259 0.8371 0.0204 0.0259 0.0328 0.0404 0.0176 
        D748  1 0.0895 0.3607 0.0803 0.0601 0.0887 0.0328 0.2880 
        D749  1 0.1023 0.0363 0.0412 0.1528 0.2620 0.0796 0.3258 
        D750  1 0.0532 0.1341 0.0413 0.6389 0.0403 0.0257 0.0665 
        D763  1 0.1617 0.1528 0.2848 0.0308 0.1599 0.1367 0.0734 
        D764  1 0.0172 0.4770 0.0342 0.2753 0.0604 0.0297 0.1061 
        D765  1 0.0295 0.0641 0.0937 0.1503 0.1718 0.0280 0.4625 
        D766  1 0.1455 0.1786 0.0301 0.0589 0.0888 0.0451 0.4529 
        D767  1 0.4011 0.1357 0.0375 0.0497 0.1253 0.1239 0.1268 
        D768  1 0.0169 0.8665 0.0206 0.0165 0.0304 0.0293 0.0199 
        D811  1 0.1875 0.0441 0.0957 0.4441 0.1054 0.0396 0.0835 
        D816  1 0.0215 0.8422 0.0186 0.0418 0.0333 0.0206 0.0219 
        D825  1 0.0746 0.1204 0.0455 0.3941 0.1457 0.0259 0.1938 
        D866  1 0.0291 0.0521 0.3575 0.2612 0.0990 0.1583 0.0428 
        D867  1 0.1118 0.0331 0.0228 0.0322 0.0976 0.0874 0.6151 
        D871  1 0.0439 0.1276 0.2206 0.0815 0.4687 0.0259 0.0319 
        D872  1 0.0881 0.3768 0.0409 0.0706 0.1477 0.0895 0.1864 
        D873  1 0.0328 0.0105 0.0126 0.0232 0.0203 0.0217 0.8789 
        D874  1 0.6362 0.0809 0.0599 0.1324 0.0410 0.0290 0.0208 
        D875  1 0.0419 0.0854 0.1324 0.0374 0.5376 0.0334 0.1320 
        D876  1 0.0686 0.5082 0.0955 0.1104 0.1022 0.0325 0.0826 
        D877  1 0.3424 0.0450 0.0212 0.4274 0.1090 0.0380 0.0171 
        D892  1 0.1012 0.3757 0.0410 0.2273 0.1198 0.0262 0.1089 
        D893  1 0.0646 0.6536 0.0754 0.0241 0.0751 0.0519 0.0552 
        D894  1 0.0345 0.5551 0.0935 0.0968 0.1163 0.0488 0.0550 
        D915  1 0.0340 0.6307 0.0403 0.0664 0.0650 0.0447 0.1189 
        D916  1 0.0130 0.8676 0.0181 0.0311 0.0234 0.0177 0.0291 
        D917  1 0.1289 0.1764 0.0776 0.3459 0.1521 0.0811 0.0379 
        D925  1 0.0208 0.1360 0.0326 0.1032 0.0333 0.0273 0.6467 
        D926  1 0.0746 0.4691 0.0628 0.1156 0.1784 0.0323 0.0672 
        D927  1 0.0534 0.3165 0.1065 0.0634 0.1322 0.2877 0.0403 
        D928  1 0.0303 0.0732 0.0156 0.8181 0.0259 0.0222 0.0146 
        D929  1 0.6369 0.0533 0.0501 0.0899 0.0755 0.0351 0.0591 
        D936  1 0.1679 0.5011 0.0891 0.0488 0.0956 0.0658 0.0316 
        D938  1 0.0439 0.0389 0.0269 0.0263 0.0370 0.0184 0.8087 
        D956  1 0.0511 0.0330 0.0406 0.7371 0.0608 0.0353 0.0419 
        D957  1 0.1314 0.2113 0.0384 0.0889 0.1322 0.0626 0.3352 
        D958  1 0.0989 0.2986 0.0439 0.1636 0.0998 0.0366 0.2586 
        D959  1 0.0195 0.5543 0.0213 0.0322 0.1244 0.1971 0.0511 
        D960  1 0.0573 0.0280 0.0267 0.0583 0.0403 0.0277 0.7617 
        D989  1 0.0352 0.0612 0.1107 0.6078 0.0705 0.0882 0.0263 
        D990  1 0.0193 0.0165 0.0972 0.0438 0.0386 0.0312 0.7534 
        D023  2 0.0248 0.1512 0.0238 0.0306 0.0912 0.0451 0.6333 
        D130  2 0.0466 0.1112 0.0363 0.0213 0.0610 0.0722 0.6513 
        D131  2 0.0620 0.2690 0.1643 0.0400 0.3551 0.0609 0.0486 
        D163  2 0.0370 0.1243 0.0447 0.0463 0.0630 0.0260 0.6586 
        D164  2 0.0156 0.0158 0.0139 0.0178 0.0234 0.5135 0.4000 
        D165  2 0.0352 0.0691 0.0324 0.0273 0.1113 0.0620 0.6628 
        D166  2 0.2640 0.0499 0.1203 0.0358 0.3211 0.0938 0.1150 
        D167  2 0.0251 0.0180 0.0209 0.0460 0.0346 0.8386 0.0167 
        D192  2 0.0287 0.0146 0.0261 0.0270 0.0269 0.8592 0.0176 
        D193  2 0.3596 0.0284 0.0753 0.3154 0.1373 0.0371 0.0469 
        D206  2 0.0569 0.2705 0.0416 0.0370 0.1899 0.3368 0.0673 
        D207  2 0.0448 0.0471 0.0686 0.0304 0.1039 0.6840 0.0212 
        D208  2 0.0807 0.0596 0.3159 0.2401 0.1081 0.1354 0.0602 
        D209  2 0.1260 0.0567 0.0383 0.0447 0.2168 0.4576 0.0599 
        D210  2 0.0359 0.0811 0.2022 0.4864 0.0548 0.1103 0.0294 
     D229599  2 0.2484 0.2216 0.1471 0.0600 0.1890 0.0561 0.0778 
     D229600  2 0.0386 0.0376 0.0448 0.0286 0.0699 0.4638 0.3168 
     D237227  2 0.0339 0.0536 0.1657 0.4116 0.0872 0.0677 0.1802 
     D237228  2 0.0358 0.0208 0.0729 0.2925 0.1445 0.0792 0.3543 
     D237258  2 0.1190 0.0941 0.1211 0.1104 0.1538 0.2732 0.1284 
     D237310  2 0.0900 0.0153 0.0699 0.0831 0.1042 0.0892 0.5483 
     D237311  2 0.0393 0.0225 0.0337 0.0519 0.0782 0.2248 0.5497 
     D237312  2 0.3250 0.0363 0.0562 0.1188 0.1392 0.0437 0.2808 
     D237313  2 0.0938 0.2954 0.1375 0.1328 0.1831 0.0462 0.1112 
     D237322  2 0.1321 0.0364 0.4128 0.0853 0.1898 0.0726 0.0709 
     D237323  2 0.0396 0.0161 0.0803 0.1370 0.0503 0.0341 0.6424 
     D237324  2 0.0419 0.0479 0.0718 0.0157 0.3255 0.3262 0.1710 
     D237325  2 0.1494 0.0494 0.0506 0.1288 0.1131 0.0973 0.4114 
     D237326  2 0.0559 0.0831 0.0279 0.0919 0.0641 0.0614 0.6157 
     D237327  2 0.0641 0.0581 0.4622 0.0538 0.1613 0.1467 0.0538 
     D237337  2 0.0503 0.0404 0.0285 0.0666 0.0677 0.0226 0.7238 
     D237338  2 0.1566 0.0714 0.1433 0.1171 0.1996 0.0935 0.2184 
     D237339  2 0.5256 0.0580 0.0440 0.0235 0.1013 0.2252 0.0223 
     D237340  2 0.1081 0.0294 0.0636 0.1931 0.0892 0.2256 0.2910 
     D237389  2 0.1012 0.0279 0.0299 0.0590 0.0867 0.1426 0.5527 
     D237390  2 0.2070 0.0678 0.1040 0.1395 0.1310 0.0465 0.3041 
     D244017  2 0.0584 0.0346 0.0494 0.2887 0.1534 0.3709 0.0445 
     D244112  2 0.0244 0.0165 0.0253 0.0281 0.0284 0.8464 0.0310 
     D244118  2 0.0341 0.0160 0.0266 0.0297 0.0422 0.6455 0.2059 
     D244119  2 0.0171 0.0187 0.0369 0.5736 0.0404 0.2868 0.0266 
     D244120  2 0.1967 0.0159 0.1547 0.1321 0.0898 0.3678 0.0430 
     D244122  2 0.0505 0.0413 0.0360 0.0623 0.0537 0.7056 0.0506 
        D291  2 0.0363 0.0826 0.5245 0.0319 0.1816 0.0978 0.0453 
        D292  2 0.0682 0.2286 0.1939 0.0990 0.0932 0.2661 0.0509 
        D293  2 0.0768 0.0801 0.0280 0.0212 0.0744 0.7062 0.0134 
        D322  2 0.0857 0.0929 0.0442 0.0189 0.0952 0.6274 0.0357 
        D323  2 0.2746 0.1215 0.0761 0.0886 0.1787 0.2148 0.0458 
        D324  2 0.0255 0.1869 0.3824 0.0674 0.1559 0.0756 0.1064 
        D325  2 0.0244 0.0342 0.0374 0.0139 0.0470 0.8268 0.0163 
        D326  2 0.0161 0.8771 0.0272 0.0304 0.0216 0.0162 0.0114 
        D340  2 0.0224 0.0247 0.0296 0.0205 0.0209 0.8639 0.0181 
        D341  2 0.0465 0.0565 0.1114 0.0361 0.0611 0.6548 0.0337 
        D342  2 0.0254 0.0349 0.0597 0.0290 0.1338 0.6125 0.1046 
        D343  2 0.0154 0.0165 0.0140 0.0095 0.0171 0.9167 0.0107 
        D344  2 0.5274 0.1550 0.0361 0.0462 0.1453 0.0555 0.0344 
        D345  2 0.1450 0.2454 0.0825 0.0551 0.2068 0.0667 0.1985 
        D346  2 0.0575 0.0868 0.1141 0.5482 0.0635 0.0991 0.0308 
        D351  2 0.0814 0.3064 0.2103 0.0277 0.2453 0.0820 0.0470 
        D352  2 0.6658 0.0377 0.0375 0.0560 0.1117 0.0527 0.0387 
        D353  2 0.0866 0.1991 0.0440 0.0183 0.5936 0.0369 0.0214 
        D354  2 0.6264 0.1265 0.0315 0.0773 0.0720 0.0223 0.0440 
        D362  2 0.0358 0.7331 0.0271 0.0416 0.0708 0.0290 0.0625 
        D363  2 0.0307 0.7787 0.0254 0.0534 0.0404 0.0292 0.0423 
        D364  2 0.3157 0.4157 0.0238 0.0700 0.1035 0.0342 0.0372 
        D365  2 0.0237 0.0217 0.0192 0.0181 0.0166 0.8874 0.0132 
        D369  2 0.0310 0.2357 0.1243 0.2013 0.1365 0.1913 0.0799 
        D374  2 0.2365 0.0210 0.0204 0.6317 0.0450 0.0201 0.0254 
        D375  2 0.8232 0.0336 0.0198 0.0259 0.0557 0.0188 0.0230 
        D376  2 0.2388 0.0207 0.0275 0.5919 0.0566 0.0319 0.0325 
        D377  2 0.1829 0.0543 0.1233 0.1577 0.2206 0.0955 0.1657 
        D378  2 0.1600 0.1786 0.1220 0.0330 0.1290 0.3271 0.0503 
        D379  2 0.0449 0.7829 0.0395 0.0305 0.0546 0.0241 0.0235 
        D384  2 0.0164 0.8770 0.0195 0.0329 0.0238 0.0154 0.0150 
        D385  2 0.1408 0.0222 0.0203 0.0385 0.0349 0.7230 0.0202 
        D386  2 0.3731 0.2222 0.0481 0.0265 0.1371 0.1319 0.0611 
        D391  2 0.0793 0.0329 0.0257 0.0210 0.0284 0.7937 0.0190 
        D392  2 0.0316 0.0705 0.0393 0.0555 0.0693 0.6674 0.0664 
        D393  2 0.1559 0.2802 0.2750 0.0319 0.0772 0.1253 0.0545 
        D394  2 0.2060 0.1117 0.0799 0.0667 0.1791 0.1258 0.2308 
        D395  2 0.4964 0.0221 0.0303 0.0278 0.0875 0.3120 0.0238 
        D401  2 0.0211 0.0261 0.0293 0.0709 0.0555 0.0473 0.7498 
        D402  2 0.0568 0.0206 0.0633 0.0216 0.0319 0.7875 0.0183 
        D403  2 0.1258 0.3485 0.0483 0.0293 0.3133 0.0555 0.0792 
        D415  2 0.0385 0.5889 0.0249 0.0220 0.2213 0.0470 0.0572 
        D435  2 0.0485 0.4979 0.0661 0.0196 0.0578 0.2639 0.0462 
        D436  2 0.4960 0.2061 0.0323 0.0786 0.1123 0.0404 0.0344 
        D438  2 0.0196 0.0189 0.0173 0.0283 0.0218 0.8789 0.0152 
        D439  2 0.4421 0.1138 0.0516 0.0226 0.1947 0.1147 0.0606 
        D449  2 0.0219 0.1723 0.0251 0.0322 0.1415 0.5808 0.0262 
        D450  2 0.2438 0.1541 0.1425 0.1806 0.1786 0.0325 0.0679 
        D456  2 0.0176 0.8856 0.0247 0.0192 0.0243 0.0152 0.0135 
        D462  2 0.0669 0.0378 0.0206 0.0140 0.0308 0.8135 0.0164 
        D463  2 0.0274 0.8655 0.0204 0.0318 0.0251 0.0120 0.0178 
        D464  2 0.3713 0.0791 0.0322 0.0643 0.3353 0.0972 0.0206 
        D465  2 0.0370 0.1578 0.0276 0.0323 0.0600 0.6432 0.0421 
        D473  2 0.1523 0.0277 0.0832 0.5003 0.0829 0.0432 0.1106 
        D474  2 0.0364 0.5287 0.1742 0.0660 0.0439 0.0856 0.0653 
        D476  2 0.3955 0.0403 0.0353 0.0201 0.0697 0.1332 0.3060 
        D477  2 0.2177 0.3101 0.1870 0.0847 0.1093 0.0394 0.0518 
        D478  2 0.1800 0.0704 0.0675 0.1644 0.3220 0.0876 0.1081 
        D480  2 0.1830 0.1900 0.2407 0.1302 0.0970 0.1293 0.0297 
        D481  2 0.1686 0.2535 0.0721 0.1141 0.1659 0.1052 0.1206 
        D482  2 0.3455 0.0284 0.2841 0.0846 0.1424 0.0397 0.0753 
        D483  2 0.0205 0.0185 0.0296 0.0661 0.0320 0.8059 0.0274 
        D484  2 0.8519 0.0146 0.0257 0.0260 0.0317 0.0320 0.0180 
        D510  2 0.1282 0.0310 0.1008 0.6291 0.0533 0.0350 0.0226 
        D511  2 0.4654 0.1411 0.0823 0.0294 0.0990 0.1391 0.0437 
        D512  2 0.0605 0.0305 0.0460 0.0252 0.1456 0.2111 0.4811 
        D513  2 0.0424 0.1114 0.0832 0.0636 0.0948 0.5727 0.0318 
        D635  2 0.0262 0.4053 0.0477 0.0398 0.2276 0.0750 0.1784 
        D636  2 0.0169 0.0426 0.0171 0.0308 0.0419 0.0335 0.8172 
        D637  2 0.3950 0.0400 0.0856 0.0880 0.1483 0.1911 0.0521 
        D658  2 0.2602 0.0266 0.0433 0.1132 0.0546 0.4510 0.0513 
        D659  2 0.0514 0.7371 0.0495 0.0419 0.0543 0.0305 0.0352 
        D677  2 0.0730 0.4705 0.1133 0.0292 0.1110 0.0866 0.1163 
        D678  2 0.0550 0.0261 0.0316 0.0300 0.0995 0.7184 0.0393 
        D679  2 0.0576 0.4678 0.1717 0.0634 0.1393 0.0650 0.0353 
        D719  2 0.0496 0.1584 0.1127 0.3937 0.0631 0.1913 0.0312 
        D720  2 0.0248 0.6875 0.0398 0.0954 0.0647 0.0448 0.0430 
        D721  2 0.0604 0.1010 0.0571 0.0471 0.1494 0.1335 0.4514 
        D722  2 0.2462 0.0323 0.0438 0.4861 0.0823 0.0558 0.0535 
        D734  2 0.4727 0.0348 0.0820 0.2062 0.0621 0.1228 0.0194 
        D735  2 0.0820 0.2507 0.1965 0.1108 0.1608 0.1027 0.0966 
        D736  2 0.0551 0.0742 0.3094 0.3445 0.0845 0.0761 0.0562 
        D737  2 0.2034 0.0249 0.0875 0.0576 0.0778 0.4824 0.0663 
        D807  2 0.1211 0.2245 0.1555 0.2493 0.0834 0.0992 0.0670 
        D808  2 0.0746 0.0807 0.1551 0.0422 0.2654 0.1733 0.2087 
        D817  2 0.1508 0.5181 0.0536 0.0724 0.1276 0.0348 0.0427 
        D818  2 0.0589 0.0870 0.1629 0.0323 0.2974 0.3186 0.0429 
        D819  2 0.0692 0.2748 0.0917 0.0802 0.2345 0.0639 0.1856 
        D820  2 0.0721 0.7348 0.0469 0.0315 0.0413 0.0585 0.0149 
        D895  2 0.0540 0.5436 0.0367 0.0453 0.1371 0.0694 0.1139 
        D896  2 0.0363 0.0174 0.0256 0.0573 0.0318 0.0252 0.8065 
        D897  2 0.0465 0.0413 0.0858 0.0280 0.1249 0.6282 0.0453 
        D898  2 0.1268 0.0680 0.2878 0.0709 0.2852 0.0544 0.1069 
        D918  2 0.1990 0.0536 0.1623 0.0580 0.2358 0.1262 0.1652 
        D919  2 0.3267 0.1975 0.0809 0.0283 0.1621 0.1748 0.0297 
        D920  2 0.0479 0.0301 0.0290 0.0590 0.0531 0.0469 0.7342 
        D923  2 0.0860 0.7116 0.0340 0.0346 0.0649 0.0466 0.0223 
        D930  2 0.1629 0.2344 0.1133 0.1687 0.1980 0.0631 0.0595 
        D931  2 0.2606 0.2642 0.0621 0.0702 0.1079 0.1893 0.0457 
        D968  2 0.0254 0.0316 0.0432 0.0183 0.0307 0.8380 0.0128 
        D969  2 0.0496 0.2357 0.1821 0.0798 0.1526 0.2634 0.0368 
        D977  2 0.0369 0.0300 0.0582 0.0279 0.0797 0.7455 0.0218 
        D978  2 0.0408 0.0444 0.5430 0.0363 0.1901 0.1256 0.0198 
        D211  3 0.0783 0.1695 0.1266 0.0346 0.1821 0.0525 0.3565 
     D229639  3 0.0455 0.1016 0.5362 0.1217 0.0751 0.0755 0.0444 
     D237212  3 0.2079 0.1147 0.3298 0.0371 0.1201 0.1112 0.0793 
     D237213  3 0.2197 0.0981 0.1204 0.0423 0.1841 0.0704 0.2651 
     D237214  3 0.0385 0.0814 0.0310 0.0607 0.3963 0.0506 0.3415 
     D237215  3 0.0576 0.0209 0.1315 0.1540 0.0673 0.5433 0.0253 
     D237216  3 0.0444 0.0561 0.0784 0.0325 0.6750 0.0464 0.0671 
     D237217  3 0.0294 0.1819 0.0911 0.0189 0.3462 0.0626 0.2700 
     D237218  3 0.1068 0.0487 0.6331 0.0415 0.0779 0.0538 0.0382 
     D237219  3 0.0349 0.0764 0.2150 0.1094 0.1535 0.0480 0.3628 
     D237382  3 0.1209 0.1564 0.0830 0.2347 0.2297 0.0805 0.0947 
     D244127  3 0.0488 0.0368 0.0921 0.0311 0.1527 0.1447 0.4938 
     D244129  3 0.0942 0.1360 0.1578 0.0681 0.1970 0.1306 0.2163 
     D244133  3 0.0261 0.1628 0.0792 0.1874 0.2167 0.2428 0.0851 
     D244134  3 0.0298 0.0477 0.5042 0.2349 0.0675 0.0375 0.0784 
     D244135  3 0.0459 0.0971 0.0411 0.0248 0.1375 0.2051 0.4485 
     D244136  3 0.0567 0.2680 0.1056 0.2751 0.1096 0.1251 0.0599 
        D416  3 0.0607 0.2019 0.1505 0.0512 0.2194 0.2105 0.1058 
        D417  3 0.0442 0.7499 0.0311 0.0408 0.0586 0.0238 0.0517 
        D419  3 0.0573 0.1650 0.1944 0.0734 0.2200 0.1335 0.1562 
        D565  3 0.0181 0.0607 0.1000 0.7525 0.0324 0.0164 0.0199 
        D566  3 0.0360 0.0723 0.3207 0.3755 0.0783 0.0667 0.0506 
        D567  3 0.0594 0.6250 0.0258 0.0368 0.0792 0.0615 0.1124 
        D568  3 0.1784 0.2739 0.0852 0.0238 0.1217 0.1643 0.1526 
        D569  3 0.5457 0.0272 0.0487 0.0491 0.1409 0.1417 0.0467 
        D573  3 0.0333 0.2299 0.2639 0.0305 0.1320 0.2822 0.0283 
        D574  3 0.0735 0.0479 0.1999 0.4027 0.1272 0.0674 0.0813 
        D575  3 0.0568 0.1756 0.1328 0.1429 0.1337 0.1059 0.2523 
        D576  3 0.0483 0.0109 0.0892 0.0495 0.0879 0.6910 0.0231 
        D577  3 0.0743 0.6280 0.0711 0.0472 0.0848 0.0370 0.0575 
        D578  3 0.0180 0.0221 0.0359 0.0211 0.3007 0.0956 0.5066 
        D579  3 0.0856 0.1695 0.2843 0.2030 0.0888 0.1006 0.0682 
        D660  3 0.0632 0.0220 0.0555 0.0255 0.1628 0.6009 0.0700 
        D661  3 0.0714 0.0456 0.3639 0.0228 0.1281 0.3192 0.0490 
        D663  3 0.0835 0.0807 0.5177 0.0324 0.1496 0.1133 0.0229 
        D664  3 0.0590 0.0302 0.0819 0.1010 0.2373 0.2247 0.2658 
        D665  3 0.1528 0.0217 0.0941 0.0180 0.4805 0.0647 0.1681 
        D666  3 0.0782 0.1645 0.1250 0.1832 0.1831 0.0458 0.2203 
        D009  4 0.1669 0.1623 0.1023 0.0523 0.2287 0.0393 0.2483 
        D057  4 0.3329 0.0538 0.0952 0.0304 0.0727 0.2608 0.1542 
        D109  4 0.0441 0.0538 0.0416 0.0818 0.1789 0.0304 0.5694 
     D237222  4 0.0789 0.0601 0.0343 0.1666 0.1101 0.0592 0.4907 
     D237223  4 0.1158 0.0697 0.0869 0.1590 0.1769 0.1323 0.2593 
     D237224  4 0.2066 0.1626 0.2115 0.0468 0.1237 0.1966 0.0523 
     D237225  4 0.0925 0.2144 0.1621 0.0658 0.3256 0.0501 0.0896 
     D237299  4 0.0558 0.0167 0.4256 0.0527 0.3192 0.0465 0.0835 
     D237300  4 0.0266 0.0269 0.7784 0.0415 0.0531 0.0487 0.0249 
     D237306  4 0.0843 0.0760 0.0399 0.6426 0.0636 0.0379 0.0557 
     D237307  4 0.0375 0.4102 0.1202 0.2054 0.1075 0.0771 0.0421 
     D237308  4 0.1676 0.0590 0.0492 0.0928 0.0724 0.4686 0.0904 
     D237309  4 0.1356 0.2114 0.0954 0.0353 0.3313 0.0798 0.1112 
     D237317  4 0.0516 0.1988 0.0723 0.4095 0.1791 0.0382 0.0505 
     D237318  4 0.0195 0.0361 0.7749 0.0288 0.0562 0.0650 0.0195 
     D237319  4 0.0755 0.1362 0.1409 0.0565 0.2820 0.1034 0.2054 
     D237320  4 0.0571 0.1271 0.2480 0.0561 0.1130 0.1893 0.2094 
     D237321  4 0.0317 0.0710 0.5500 0.0607 0.1070 0.1223 0.0573 
     D237397  4 0.0435 0.1035 0.1978 0.2433 0.1152 0.1876 0.1091 
     D237398  4 0.0409 0.0558 0.7407 0.0228 0.0734 0.0414 0.0249 
     D237399  4 0.0665 0.1041 0.4633 0.1621 0.0918 0.0489 0.0633 
     D244001  4 0.1366 0.0470 0.0470 0.0437 0.1506 0.2485 0.3265 
        D289  4 0.2016 0.1057 0.1411 0.2538 0.1182 0.1270 0.0526 
        D290  4 0.1369 0.1053 0.3154 0.0561 0.2738 0.0589 0.0536 
        D294  4 0.2819 0.1324 0.1853 0.0692 0.2348 0.0645 0.0319 
        D295  4 0.1260 0.5036 0.0936 0.0622 0.0963 0.0397 0.0787 
        D301  4 0.0616 0.0288 0.1170 0.0576 0.0715 0.0506 0.6129 
        D302  4 0.6496 0.1708 0.0405 0.0203 0.0694 0.0236 0.0259 
        D303  4 0.0939 0.0487 0.0605 0.5699 0.0616 0.0755 0.0899 
        D304  4 0.0854 0.1028 0.4521 0.0643 0.2184 0.0467 0.0303 
        D305  4 0.2552 0.0262 0.0477 0.0158 0.5054 0.0990 0.0506 
        D306  4 0.0852 0.0554 0.0811 0.0828 0.6189 0.0353 0.0413 
        D307  4 0.0570 0.0246 0.0756 0.0649 0.0354 0.0307 0.7118 
        D327  4 0.0646 0.5977 0.0537 0.0805 0.1025 0.0696 0.0314 
        D328  4 0.5868 0.0310 0.0404 0.1707 0.0754 0.0347 0.0610 
        D329  4 0.1945 0.1005 0.1531 0.0709 0.1879 0.2151 0.0781 
        D330  4 0.1556 0.3974 0.0212 0.0330 0.1917 0.1057 0.0954 
        D331  4 0.0696 0.1498 0.3838 0.1103 0.1261 0.0637 0.0966 
        D333  4 0.2642 0.0992 0.1481 0.1567 0.1175 0.1203 0.0941 
        D334  4 0.0729 0.1040 0.1438 0.5260 0.0765 0.0246 0.0522 
        D335  4 0.5254 0.2573 0.0324 0.0435 0.0525 0.0595 0.0294 
        D370  4 0.3785 0.0571 0.0420 0.2044 0.1007 0.0549 0.1624 
        D371  4 0.0459 0.1152 0.0290 0.7002 0.0437 0.0455 0.0203 
        D372  4 0.0205 0.0133 0.7744 0.0293 0.0822 0.0574 0.0228 
        D373  4 0.0685 0.0475 0.0855 0.0259 0.0797 0.1386 0.5543 
        D455  4 0.1205 0.0433 0.0710 0.0292 0.0620 0.0632 0.6108 
        D490  4 0.0372 0.0379 0.0269 0.0263 0.0330 0.0195 0.8193 
        D497  4 0.0704 0.0202 0.0586 0.0322 0.0853 0.0239 0.7094 
        D498  4 0.0990 0.0915 0.2808 0.1742 0.1625 0.0757 0.1163 
        D499  4 0.1734 0.0316 0.2272 0.1297 0.1537 0.2413 0.0432 
        D514  4 0.2317 0.3649 0.0795 0.0282 0.1712 0.0530 0.0715 
        D515  4 0.1733 0.0872 0.0895 0.0638 0.2261 0.1043 0.2558 
        D516  4 0.0430 0.2843 0.0756 0.1182 0.1459 0.1428 0.1901 
        D517  4 0.0433 0.0876 0.0652 0.0250 0.3139 0.0872 0.3777 
        D518  4 0.5366 0.0530 0.0444 0.0752 0.0589 0.0915 0.1405 
        D519  4 0.0555 0.0921 0.2631 0.0392 0.1351 0.1560 0.2590 
        D560  4 0.1290 0.1348 0.3094 0.0250 0.1421 0.1421 0.1175 
        D561  4 0.0836 0.1648 0.0531 0.0243 0.4939 0.0890 0.0912 
        D562  4 0.2323 0.0599 0.1635 0.0846 0.2152 0.1224 0.1221 
        D563  4 0.1770 0.0277 0.0704 0.0276 0.1373 0.4845 0.0756 
        D572  4 0.7162 0.0871 0.0265 0.0329 0.0566 0.0459 0.0347 
        D629  4 0.0928 0.3938 0.1185 0.0378 0.1293 0.0499 0.1779 
        D630  4 0.2476 0.1672 0.2050 0.0976 0.1347 0.0560 0.0918 
        D631  4 0.5272 0.0337 0.1103 0.0284 0.0807 0.1898 0.0299 
        D632  4 0.1790 0.0639 0.0204 0.0273 0.0607 0.1918 0.4569 
        D646  4 0.0688 0.3326 0.0795 0.0521 0.1447 0.1619 0.1604 
        D647  4 0.1315 0.5105 0.0552 0.0210 0.1099 0.0780 0.0938 
        D648  4 0.6915 0.0201 0.0177 0.1834 0.0326 0.0278 0.0270 
        D649  4 0.1917 0.3349 0.0561 0.0334 0.0824 0.0337 0.2678 
        D650  4 0.1556 0.2548 0.1703 0.1311 0.1061 0.0559 0.1260 
        D708  4 0.2576 0.0573 0.1439 0.2959 0.1526 0.0376 0.0552 
        D709  4 0.2021 0.0672 0.0993 0.0899 0.3747 0.0677 0.0992 
        D738  4 0.0482 0.0986 0.0725 0.5720 0.0551 0.0265 0.1271 
        D739  4 0.1995 0.0464 0.1556 0.0648 0.2449 0.0487 0.2400 
        D740  4 0.0740 0.0254 0.2610 0.1537 0.3017 0.0659 0.1183 
        D741  4 0.0916 0.2215 0.0894 0.0295 0.2570 0.2298 0.0813 
        D742  4 0.0929 0.0456 0.1489 0.1063 0.1525 0.3867 0.0672 
        D743  4 0.2924 0.4373 0.0616 0.0399 0.0720 0.0701 0.0266 
        D744  4 0.6561 0.0556 0.0584 0.0252 0.0631 0.1003 0.0412 
        D745  4 0.0970 0.0548 0.1899 0.0369 0.1815 0.0729 0.3671 
        D814  4 0.1011 0.0839 0.1119 0.0306 0.2945 0.3392 0.0388 
        D815  4 0.4739 0.1966 0.0841 0.0470 0.1061 0.0473 0.0448 
        D828  4 0.3673 0.0204 0.1024 0.2427 0.1259 0.0974 0.0440 
        D845  4 0.0261 0.0234 0.8016 0.0508 0.0299 0.0500 0.0181 
        D846  4 0.3232 0.2237 0.0584 0.0161 0.1555 0.1921 0.0310 
        D847  4 0.0762 0.1304 0.3293 0.1127 0.1423 0.0836 0.1254 
        D848  4 0.0481 0.0198 0.1837 0.0233 0.1037 0.1345 0.4868 
        D849  4 0.1410 0.1011 0.0739 0.0372 0.2260 0.0681 0.3527 
        D850  4 0.0550 0.2568 0.2001 0.0981 0.2133 0.0740 0.1026 
        D856  4 0.0916 0.0686 0.1089 0.0709 0.4281 0.0522 0.1797 
        D857  4 0.0740 0.0138 0.0285 0.0650 0.0412 0.0881 0.6893 
        D859  4 0.6519 0.1085 0.0691 0.0380 0.0650 0.0409 0.0266 
        D860  4 0.0645 0.0936 0.2052 0.4178 0.0753 0.1089 0.0346 
        D883  4 0.1301 0.2946 0.1005 0.1253 0.0930 0.0580 0.1985 
        D884  4 0.2120 0.1412 0.0611 0.1881 0.1491 0.0426 0.2059 
        D885  4 0.1025 0.1088 0.2817 0.0343 0.2628 0.1390 0.0709 
        D886  4 0.1233 0.2389 0.0898 0.0473 0.1191 0.1305 0.2511 
        D887  4 0.1506 0.0998 0.3363 0.0753 0.1139 0.1460 0.0781 
        D889  4 0.0782 0.0533 0.7305 0.0224 0.0819 0.0189 0.0148 
        D890  4 0.2735 0.0824 0.0617 0.1936 0.1598 0.0853 0.1438 
        D891  4 0.0119 0.0181 0.9128 0.0125 0.0147 0.0189 0.0111 
        D899  4 0.1208 0.0324 0.1869 0.0994 0.0665 0.4658 0.0282 
        D900  4 0.1718 0.1883 0.1117 0.0814 0.2345 0.1425 0.0698 
        D970  4 0.3079 0.1558 0.2187 0.0517 0.1343 0.0793 0.0522 
        D971  4 0.1420 0.1014 0.0282 0.0900 0.0815 0.4922 0.0648 
        D979  4 0.3727 0.4126 0.0408 0.0423 0.0649 0.0456 0.0211 
        D093  5 0.0439 0.0556 0.1132 0.6539 0.0531 0.0368 0.0436 
        D154  5 0.0993 0.0458 0.2177 0.0886 0.2587 0.2573 0.0326 
        D168  5 0.0614 0.1162 0.1083 0.0272 0.1911 0.3753 0.1205 
        D189  5 0.0851 0.0528 0.2999 0.3508 0.1118 0.0645 0.0351 
        D190  5 0.0924 0.0559 0.0612 0.6798 0.0494 0.0348 0.0265 
     D237220  5 0.1032 0.0376 0.3901 0.1222 0.1334 0.0375 0.1760 
     D237221  5 0.0837 0.0850 0.3282 0.2361 0.0895 0.1198 0.0578 
     D237274  5 0.1862 0.5850 0.0260 0.0312 0.0706 0.0654 0.0356 
     D237275  5 0.0385 0.0216 0.1043 0.0485 0.1225 0.6300 0.0346 
     D237276  5 0.1244 0.1953 0.1080 0.2371 0.1113 0.0608 0.1631 
     D237277  5 0.0787 0.0513 0.3058 0.3871 0.0634 0.0731 0.0406 
     D237278  5 0.0846 0.0648 0.0630 0.2260 0.1061 0.3461 0.1094 
     D237279  5 0.0483 0.0454 0.0590 0.0220 0.3187 0.0325 0.4741 
     D237280  5 0.0586 0.1965 0.0496 0.0907 0.1586 0.0344 0.4117 
     D237281  5 0.0352 0.0744 0.3199 0.0425 0.1552 0.3533 0.0195 
     D237351  5 0.0277 0.0389 0.0588 0.0719 0.0704 0.0378 0.6944 
     D237352  5 0.2506 0.0985 0.0435 0.0760 0.1081 0.1194 0.3039 
     D237353  5 0.0651 0.0339 0.1185 0.6880 0.0401 0.0274 0.0270 
     D237359  5 0.0687 0.0425 0.5919 0.0465 0.1509 0.0369 0.0625 
     D237361  5 0.0306 0.0320 0.0659 0.7898 0.0340 0.0247 0.0231 
     D237362  5 0.0947 0.3009 0.1100 0.1825 0.1560 0.0897 0.0662 
     D237363  5 0.0352 0.0469 0.0781 0.0570 0.5984 0.1486 0.0358 
     D237364  5 0.2340 0.1178 0.1864 0.0216 0.1742 0.1734 0.0925 
     D237376  5 0.4892 0.0186 0.0422 0.3161 0.0627 0.0404 0.0308 
     D237377  5 0.0479 0.2210 0.0544 0.1069 0.2126 0.0736 0.2836 
     D237378  5 0.1706 0.0287 0.0875 0.4919 0.0819 0.1007 0.0388 
     D237379  5 0.4165 0.0396 0.0707 0.2583 0.1237 0.0500 0.0411 
     D237380  5 0.2231 0.0334 0.0215 0.1312 0.0542 0.0232 0.5134 
     D237381  5 0.1436 0.0644 0.0490 0.1060 0.1244 0.1076 0.4050 
     D237391  5 0.0283 0.0462 0.2174 0.6151 0.0396 0.0248 0.0286 
     D237392  5 0.1600 0.3509 0.0309 0.0448 0.1001 0.2538 0.0595 
     D237393  5 0.0565 0.3357 0.0530 0.3002 0.0769 0.0888 0.0888 
     D237394  5 0.0311 0.0388 0.0830 0.7724 0.0285 0.0149 0.0313 
     D237395  5 0.0503 0.0379 0.3419 0.3011 0.1199 0.0657 0.0832 
     D237396  5 0.0422 0.3324 0.0884 0.1652 0.1533 0.1186 0.0998 
     D244016  5 0.1989 0.0331 0.1814 0.1957 0.2699 0.0867 0.0342 
     D244018  5 0.0318 0.0662 0.1191 0.1988 0.1279 0.3842 0.0720 
     D244019  5 0.1457 0.1971 0.1418 0.0750 0.2547 0.1526 0.0331 
        D279  5 0.0731 0.0396 0.5848 0.0674 0.1299 0.0685 0.0366 
        D280  5 0.0337 0.0773 0.3107 0.2003 0.2582 0.0544 0.0654 
        D281  5 0.0388 0.0315 0.5792 0.0874 0.1254 0.1207 0.0169 
        D283  5 0.0366 0.1671 0.2643 0.3994 0.0625 0.0430 0.0271 
        D284  5 0.0679 0.0846 0.2759 0.0523 0.2830 0.0721 0.1642 
        D285  5 0.0639 0.0630 0.4444 0.2753 0.0900 0.0273 0.0361 
        D286  5 0.2388 0.1391 0.1639 0.2086 0.1498 0.0469 0.0528 
        D287  5 0.4331 0.0262 0.0680 0.2642 0.1145 0.0332 0.0608 
        D288  5 0.0353 0.2679 0.3297 0.1301 0.1625 0.0431 0.0313 
        D308  5 0.0285 0.0981 0.0320 0.0408 0.0664 0.0259 0.7083 
        D309  5 0.7221 0.0833 0.0214 0.0281 0.0734 0.0269 0.0447 
        D310  5 0.0323 0.0236 0.0467 0.6945 0.1704 0.0170 0.0154 
        D311  5 0.2791 0.1928 0.0723 0.1674 0.1881 0.0605 0.0400 
        D312  5 0.2607 0.1347 0.0973 0.2264 0.1157 0.0755 0.0896 
        D313  5 0.0131 0.0163 0.0190 0.0401 0.0278 0.0140 0.8696 
        D314  5 0.1579 0.0426 0.2401 0.1086 0.2383 0.1341 0.0783 
        D315  5 0.0709 0.2229 0.0654 0.3296 0.1398 0.0680 0.1034 
        D317  5 0.0262 0.0701 0.0503 0.7766 0.0325 0.0217 0.0225 
        D318  5 0.1950 0.1183 0.0826 0.0852 0.2409 0.2054 0.0726 
        D319  5 0.0223 0.0320 0.0466 0.8125 0.0357 0.0258 0.0250 
        D320  5 0.1198 0.0371 0.1579 0.5671 0.0545 0.0179 0.0458 
        D321  5 0.0221 0.1192 0.1489 0.0784 0.0521 0.0171 0.5622 
        D336  5 0.1258 0.0280 0.0248 0.6840 0.0934 0.0247 0.0192 
        D337  5 0.0308 0.0273 0.0573 0.8091 0.0270 0.0305 0.0180 
        D338  5 0.0673 0.1927 0.2783 0.1404 0.1565 0.0816 0.0830 
        D339  5 0.0288 0.0555 0.0819 0.6287 0.1073 0.0522 0.0455 
        D347  5 0.2613 0.2383 0.0629 0.0926 0.1773 0.1426 0.0249 
        D348  5 0.1374 0.0384 0.0230 0.6897 0.0621 0.0308 0.0186 
        D349  5 0.0265 0.0338 0.0584 0.0694 0.0292 0.0230 0.7596 
        D350  5 0.7782 0.0373 0.0392 0.0246 0.0499 0.0481 0.0227 
        D355  5 0.1243 0.1009 0.2676 0.0535 0.2493 0.1768 0.0277 
        D356  5 0.0814 0.2189 0.1493 0.3273 0.0863 0.0358 0.1010 
        D357  5 0.1860 0.0770 0.1406 0.1894 0.2825 0.0656 0.0589 
        D358  5 0.1711 0.0478 0.0694 0.4212 0.1316 0.0716 0.0873 
        D359  5 0.0493 0.2992 0.0680 0.4558 0.0764 0.0247 0.0265 
        D360  5 0.0609 0.1226 0.1454 0.4846 0.0820 0.0303 0.0742 
        D361  5 0.0204 0.0420 0.0208 0.0457 0.0349 0.0282 0.8079 
        D366  5 0.0226 0.4581 0.0206 0.0274 0.0429 0.4070 0.0214 
        D367  5 0.1686 0.0277 0.0764 0.5012 0.1434 0.0217 0.0610 
        D368  5 0.0515 0.1049 0.1023 0.2980 0.1901 0.0380 0.2152 
        D380  5 0.3824 0.0735 0.1108 0.0358 0.2109 0.0952 0.0914 
        D381  5 0.0524 0.0687 0.1104 0.5277 0.1540 0.0442 0.0426 
        D400  5 0.2191 0.0892 0.1672 0.2428 0.1242 0.1212 0.0364 
        D411  5 0.0467 0.0274 0.0332 0.0224 0.0695 0.0732 0.7276 
        D412  5 0.0736 0.1121 0.0648 0.0993 0.3790 0.1801 0.0911 
        D413  5 0.0503 0.0846 0.0598 0.0331 0.0918 0.6397 0.0406 
        D414  5 0.6413 0.0327 0.1025 0.0276 0.0718 0.1029 0.0212 
        D420  5 0.0415 0.0302 0.5582 0.0415 0.1859 0.0329 0.1098 
        D431  5 0.2728 0.0249 0.3111 0.0784 0.1851 0.0475 0.0803 
        D432  5 0.0503 0.0734 0.1333 0.4617 0.1094 0.0915 0.0804 
        D433  5 0.0439 0.0960 0.1239 0.5910 0.0654 0.0397 0.0400 
        D434  5 0.0470 0.0981 0.1710 0.4848 0.1025 0.0365 0.0601 
        D440  5 0.7752 0.0306 0.0355 0.0296 0.0734 0.0250 0.0308 
        D447  5 0.1440 0.2501 0.0500 0.0417 0.2926 0.1548 0.0669 
        D448  5 0.1528 0.0871 0.0545 0.5336 0.1052 0.0449 0.0220 
        D459  5 0.0781 0.0626 0.2623 0.0389 0.0949 0.4420 0.0212 
        D460  5 0.0292 0.0911 0.0391 0.0981 0.0583 0.0318 0.6525 
        D461  5 0.7418 0.1067 0.0294 0.0284 0.0479 0.0217 0.0241 
        D468  5 0.0723 0.2410 0.0544 0.2224 0.2058 0.1112 0.0930 
        D469  5 0.0848 0.4953 0.0644 0.1065 0.0846 0.0411 0.1233 
        D470  5 0.2316 0.1274 0.0584 0.1165 0.2319 0.0644 0.1699 
        D471  5 0.1162 0.0779 0.1454 0.5174 0.0792 0.0462 0.0178 
        D472  5 0.0174 0.6797 0.1089 0.0285 0.0504 0.0964 0.0187 
        D479  5 0.1406 0.0373 0.0189 0.0351 0.0531 0.6884 0.0266 
        D485  5 0.6452 0.0300 0.0392 0.1020 0.0875 0.0550 0.0410 
        D486  5 0.1077 0.1500 0.0554 0.1632 0.2194 0.1051 0.1991 
        D487  5 0.1696 0.0360 0.3365 0.1524 0.1554 0.1101 0.0400 
        D555  5 0.0345 0.0364 0.0581 0.7206 0.0451 0.0725 0.0327 
        D556  5 0.1895 0.0527 0.4560 0.1125 0.0887 0.0294 0.0712 
        D557  5 0.0526 0.0402 0.0413 0.7465 0.0524 0.0470 0.0200 
        D564  5 0.3664 0.0492 0.0394 0.2659 0.1103 0.0509 0.1179 
        D594  5 0.1853 0.1722 0.0411 0.1146 0.2866 0.1499 0.0502 
        D595  5 0.0882 0.1667 0.0896 0.3512 0.1272 0.1166 0.0605 
        D596  5 0.0273 0.0258 0.0396 0.7875 0.0405 0.0542 0.0251 
        D597  5 0.0884 0.1053 0.2061 0.2488 0.0879 0.2330 0.0306 
        D598  5 0.1141 0.1100 0.0872 0.3986 0.0951 0.0875 0.1075 
        D617  5 0.0399 0.0356 0.0495 0.0194 0.1320 0.3100 0.4136 
        D618  5 0.0813 0.0781 0.2886 0.3637 0.0788 0.0639 0.0457 
        D619  5 0.1064 0.2049 0.0331 0.1806 0.1439 0.0839 0.2472 
        D620  5 0.0235 0.0826 0.0637 0.0411 0.0311 0.7345 0.0236 
        D628  5 0.6293 0.0367 0.0428 0.0806 0.0992 0.0467 0.0647 
        D714  5 0.3435 0.0204 0.3313 0.1354 0.0804 0.0556 0.0334 
        D715  5 0.0398 0.0928 0.1846 0.5685 0.0358 0.0516 0.0269 
        D716  5 0.3632 0.1080 0.0763 0.1031 0.1960 0.1284 0.0251 
        D717  5 0.0873 0.2268 0.2826 0.1703 0.0870 0.0494 0.0966 
        D718  5 0.2144 0.0309 0.1175 0.1684 0.3147 0.0664 0.0876 
        D769  5 0.1147 0.0675 0.0509 0.0362 0.2188 0.1895 0.3223 
        D770  5 0.3912 0.0472 0.0845 0.1277 0.1155 0.1962 0.0378 
        D771  5 0.1576 0.0608 0.1836 0.0977 0.2205 0.1992 0.0806 
        D772  5 0.5831 0.0490 0.1088 0.1250 0.0526 0.0352 0.0464 
        D782  5 0.0286 0.0466 0.2319 0.0450 0.3401 0.0922 0.2157 
        D783  5 0.3302 0.0236 0.1136 0.1049 0.1604 0.2437 0.0236 
        D784  5 0.1856 0.2162 0.2962 0.0915 0.1195 0.0489 0.0423 
        D785  5 0.1805 0.0538 0.0938 0.4685 0.0590 0.0334 0.1111 
        D786  5 0.2021 0.1840 0.0280 0.0325 0.1003 0.1146 0.3384 
        D821  5 0.0524 0.0194 0.1316 0.7320 0.0291 0.0187 0.0168 
        D822  5 0.1629 0.2313 0.0928 0.1459 0.2263 0.1048 0.0362 
        D826  5 0.0662 0.0711 0.2955 0.2943 0.1235 0.1136 0.0357 
        D827  5 0.1069 0.3950 0.0571 0.0610 0.2101 0.1405 0.0294 
        D851  5 0.0847 0.0826 0.1273 0.1274 0.4447 0.0638 0.0694 
        D852  5 0.3029 0.0293 0.3101 0.1322 0.0837 0.0798 0.0619 
        D853  5 0.0833 0.0778 0.4196 0.1944 0.1139 0.0517 0.0593 
        D854  5 0.1633 0.1224 0.2038 0.0290 0.2504 0.1609 0.0702 
        D861  5 0.0740 0.0781 0.1676 0.1442 0.2970 0.1711 0.0681 
        D862  5 0.1380 0.3622 0.0604 0.2572 0.1060 0.0377 0.0384 
        D865  5 0.0592 0.0376 0.0764 0.6447 0.0722 0.0507 0.0592 
        D868  5 0.0432 0.6331 0.0836 0.1045 0.0641 0.0355 0.0360 
        D869  5 0.0232 0.0608 0.0257 0.0527 0.0573 0.0723 0.7079 
        D870  5 0.0273 0.0894 0.0796 0.0163 0.6730 0.0888 0.0256 
        D907  5 0.0407 0.0329 0.0486 0.6712 0.1111 0.0306 0.0648 
        D908  5 0.1697 0.0293 0.3548 0.1649 0.0817 0.1498 0.0499 
        D910  5 0.0935 0.0981 0.1454 0.3348 0.1073 0.1849 0.0360 
        D911  5 0.0466 0.0612 0.5678 0.0396 0.1636 0.1023 0.0188 
        D934  5 0.3205 0.0490 0.2498 0.0492 0.1588 0.1317 0.0409 
        D946  5 0.5208 0.0232 0.1806 0.0439 0.1105 0.0541 0.0670 
        D947  5 0.2078 0.1356 0.4274 0.0353 0.1057 0.0366 0.0516 
        D948  5 0.0199 0.0616 0.0383 0.1278 0.0263 0.0240 0.7020 
        D949  5 0.0234 0.0587 0.0315 0.0860 0.0286 0.0218 0.7499 
        D950  5 0.0339 0.0669 0.5464 0.0670 0.1517 0.1153 0.0188 
        D951  5 0.1305 0.2501 0.0240 0.0536 0.4128 0.0833 0.0458 
        D952  5 0.0468 0.6917 0.0695 0.0811 0.0434 0.0413 0.0263 
        D953  5 0.0487 0.1096 0.1606 0.5260 0.0778 0.0290 0.0483 
        D954  5 0.0469 0.4636 0.0608 0.2634 0.0873 0.0357 0.0423 
        D961  5 0.4566 0.0230 0.0724 0.2097 0.1513 0.0520 0.0351 
        D962  5 0.4664 0.0479 0.0364 0.3463 0.0527 0.0191 0.0312 
        D963  5 0.1458 0.2912 0.1678 0.2118 0.1010 0.0567 0.0257 
        D964  5 0.2532 0.0383 0.2448 0.0734 0.1778 0.0863 0.1262 
        D965  5 0.5751 0.0428 0.0392 0.0614 0.1344 0.0974 0.0497 
        D966  5 0.1834 0.1906 0.1262 0.2026 0.1434 0.1171 0.0369 
        D967  5 0.0521 0.0358 0.3294 0.1437 0.1358 0.1882 0.1151 
        D991  5 0.3853 0.0805 0.0787 0.1091 0.0954 0.0414 0.2096 
        D502  6 0.2272 0.0274 0.0480 0.0220 0.3756 0.2388 0.0609 
        D503  6 0.0319 0.0318 0.2525 0.0693 0.2012 0.2221 0.1912 
        D504  6 0.1654 0.2244 0.2437 0.1169 0.1072 0.0625 0.0799 
        D505  6 0.1311 0.1065 0.1067 0.2421 0.1549 0.1750 0.0837 
        D506  6 0.0254 0.0323 0.0246 0.8405 0.0421 0.0141 0.0210 
        D507  6 0.4239 0.0581 0.1606 0.0401 0.1309 0.0916 0.0949 
        D508  6 0.1829 0.1516 0.3126 0.0311 0.2244 0.0520 0.0454 
        D529  6 0.0865 0.1446 0.2083 0.1367 0.2462 0.0607 0.1169 
        D530  6 0.4218 0.0255 0.0465 0.2212 0.0957 0.1012 0.0882 
        D531  6 0.1278 0.2035 0.2009 0.1475 0.1695 0.0807 0.0701 
        D532  6 0.2081 0.2136 0.0467 0.2294 0.1527 0.1141 0.0354 
        D534  6 0.0536 0.0573 0.0498 0.0331 0.0885 0.0505 0.6671 
        D535  6 0.1036 0.1747 0.0612 0.3238 0.1528 0.0597 0.1243 
        D536  6 0.0506 0.0263 0.0481 0.0231 0.1212 0.6851 0.0456 
        D554  6 0.3736 0.0428 0.0342 0.2818 0.1183 0.0582 0.0910 
        D587  6 0.0386 0.0811 0.0921 0.6238 0.0741 0.0489 0.0414 
        D588  6 0.0417 0.1236 0.0336 0.4144 0.2648 0.0667 0.0552 
        D589  6 0.0471 0.0401 0.2443 0.1196 0.2716 0.2218 0.0555 
        D590  6 0.0389 0.0575 0.0461 0.0513 0.0697 0.6946 0.0419 
        D591  6 0.0450 0.0584 0.4810 0.0802 0.2172 0.0322 0.0861 
        D592  6 0.0257 0.0492 0.0344 0.0506 0.0709 0.0521 0.7171 
        D593  6 0.4791 0.0255 0.0456 0.2830 0.0735 0.0495 0.0439 
        D682  6 0.0247 0.0301 0.0627 0.7803 0.0448 0.0271 0.0302 
        D683  6 0.0341 0.4768 0.1483 0.1961 0.0794 0.0215 0.0439 
        D684  6 0.0414 0.0497 0.3293 0.0208 0.3069 0.1026 0.1493 
        D685  6 0.0626 0.0172 0.1989 0.0411 0.6018 0.0394 0.0391 
        D686  6 0.2915 0.0553 0.0286 0.3758 0.1653 0.0579 0.0257 
        D724  6 0.2320 0.1698 0.1820 0.0259 0.1902 0.0799 0.1201 
        D725  6 0.3491 0.0427 0.1164 0.0900 0.1446 0.2058 0.0514 
        D726  6 0.0424 0.0361 0.0522 0.7726 0.0413 0.0251 0.0303 
        D727  6 0.0343 0.1833 0.0524 0.0946 0.1168 0.4782 0.0404 
        D728  6 0.1422 0.0589 0.0536 0.5552 0.0983 0.0347 0.0571 
        D729  6 0.0236 0.2412 0.0279 0.0273 0.1275 0.3439 0.2084 
        D730  6 0.2101 0.1491 0.1168 0.0337 0.1902 0.1466 0.1534 
        D731  6 0.0231 0.0153 0.1074 0.7093 0.0292 0.0962 0.0196 
        D732  6 0.4841 0.2037 0.0603 0.0363 0.1063 0.0605 0.0488 
        D733  6 0.5830 0.0507 0.0630 0.0635 0.0819 0.0499 0.1079 
     D237251  7 0.2282 0.0406 0.4494 0.0506 0.1002 0.0828 0.0483 
     D237252  7 0.0945 0.0522 0.1833 0.0290 0.2017 0.2000 0.2392 
     D237253  7 0.0549 0.0643 0.4607 0.1255 0.1605 0.0966 0.0376 
     D237254  7 0.0225 0.0343 0.0721 0.0195 0.2530 0.0585 0.5402 
     D237255  7 0.0539 0.0345 0.5316 0.0439 0.0945 0.2195 0.0221 
     D237256  7 0.1645 0.0675 0.1836 0.0527 0.3234 0.1849 0.0234 
     D237257  7 0.0877 0.0554 0.0835 0.0362 0.4516 0.1347 0.1508 
