        D174  1 0.0542 0.0152 0.0960 0.0750 0.0791 0.0684 0.0201 0.0361 0.0810 0.1119 0.3630 
        D199  1 0.1524 0.0315 0.0319 0.1238 0.0961 0.1612 0.1395 0.1286 0.0222 0.0240 0.0888 
        D203  1 0.2450 0.0391 0.0211 0.0588 0.0515 0.0655 0.0830 0.1400 0.1018 0.1340 0.0602 
        D204  1 0.6754 0.0839 0.0248 0.0235 0.0172 0.0318 0.0227 0.0391 0.0432 0.0176 0.0209 
     D237366  1 0.0436 0.0888 0.0206 0.0609 0.4176 0.0470 0.0441 0.0402 0.0234 0.1633 0.0505 
     D237367  1 0.2346 0.0405 0.1130 0.1247 0.1762 0.0573 0.0246 0.0686 0.0515 0.0663 0.0428 
     D237368  1 0.1391 0.0398 0.0308 0.0866 0.3756 0.0309 0.0201 0.0871 0.0478 0.0309 0.1112 
     D244101  1 0.1018 0.4545 0.0289 0.0704 0.0174 0.0381 0.1428 0.0676 0.0383 0.0208 0.0195 
     D244102  1 0.0569 0.0666 0.0782 0.0886 0.0565 0.3288 0.0605 0.0412 0.1217 0.0611 0.0399 
     D244103  1 0.1222 0.0351 0.0888 0.1503 0.2552 0.0629 0.0292 0.0355 0.0450 0.1276 0.0483 
     D244104  1 0.5800 0.0260 0.1277 0.0319 0.0408 0.0136 0.0352 0.0435 0.0247 0.0215 0.0552 
     D244105  1 0.0515 0.0219 0.0311 0.1256 0.1586 0.0305 0.0341 0.0232 0.0684 0.4417 0.0135 
     D244106  1 0.0635 0.0198 0.0234 0.0670 0.0192 0.0456 0.0369 0.0573 0.0220 0.1224 0.5228 
     D244107  1 0.0342 0.0670 0.0418 0.1148 0.4354 0.0209 0.0281 0.0818 0.1368 0.0212 0.0179 
     D244108  1 0.0395 0.0300 0.0242 0.0554 0.0232 0.0872 0.0359 0.0276 0.4153 0.0337 0.2279 
     D244113  1 0.0145 0.0698 0.1105 0.0546 0.0329 0.3659 0.0210 0.0411 0.0296 0.0164 0.2437 
     D244114  1 0.0497 0.0377 0.0273 0.2330 0.0394 0.0727 0.1075 0.0459 0.0443 0.2830 0.0594 
     D244115  1 0.1224 0.0255 0.0399 0.1456 0.0479 0.0435 0.0380 0.0256 0.1792 0.0566 0.2758 
     D267365  1 0.3017 0.0338 0.0348 0.0729 0.0940 0.0573 0.1701 0.0310 0.0324 0.0338 0.1382 
        D404  1 0.0196 0.0714 0.0454 0.0400 0.0177 0.5211 0.0172 0.0292 0.0445 0.0346 0.1592 
        D405  1 0.0864 0.0394 0.0577 0.0439 0.0254 0.5706 0.0285 0.0377 0.0407 0.0316 0.0381 
        D406  1 0.0647 0.0382 0.0176 0.0322 0.4841 0.0205 0.0212 0.0176 0.2282 0.0298 0.0459 
        D407  1 0.4405 0.0153 0.0553 0.0653 0.2031 0.0276 0.0161 0.1078 0.0204 0.0231 0.0255 
        D408  1 0.0447 0.0377 0.2704 0.0542 0.0328 0.0541 0.1251 0.0158 0.0494 0.0236 0.2921 
        D409  1 0.0874 0.0271 0.0523 0.2667 0.2235 0.0380 0.0489 0.0475 0.0820 0.0785 0.0483 
        D410  1 0.0600 0.0253 0.0231 0.0336 0.0221 0.0241 0.0159 0.0108 0.7495 0.0165 0.0192 
        D421  1 0.8279 0.0095 0.0180 0.0160 0.0226 0.0097 0.0163 0.0318 0.0096 0.0113 0.0273 
        D422  1 0.0470 0.0159 0.0136 0.0422 0.7476 0.0164 0.0384 0.0170 0.0169 0.0321 0.0129 
        D423  1 0.0819 0.0166 0.0179 0.0351 0.0551 0.0227 0.0158 0.0550 0.6452 0.0355 0.0193 
        D424  1 0.5952 0.0188 0.0412 0.1135 0.0780 0.0288 0.0139 0.0193 0.0192 0.0421 0.0298 
        D425  1 0.3767 0.0223 0.0356 0.1426 0.0305 0.1728 0.0434 0.0208 0.0548 0.0313 0.0692 
        D426  1 0.0463 0.0199 0.0955 0.2847 0.2683 0.0153 0.1115 0.0375 0.0246 0.0718 0.0245 
        D427  1 0.2790 0.0122 0.0301 0.0204 0.0378 0.0093 0.0223 0.3458 0.0143 0.0186 0.2102 
        D428  1 0.1993 0.0759 0.0583 0.1012 0.0824 0.1732 0.0327 0.0458 0.0809 0.0187 0.1317 
        D429  1 0.3439 0.0337 0.0252 0.0878 0.0293 0.0992 0.0462 0.0297 0.0337 0.1114 0.1599 
        D430  1 0.0821 0.0257 0.0516 0.1762 0.0429 0.1003 0.1107 0.0666 0.0337 0.1930 0.1172 
        D491  1 0.0782 0.0290 0.0825 0.0333 0.0279 0.0358 0.0275 0.0124 0.0444 0.0299 0.5992 
        D492  1 0.2055 0.0483 0.0264 0.1631 0.1151 0.1162 0.0277 0.0683 0.0614 0.0529 0.1152 
        D537  1 0.5315 0.0563 0.0638 0.0590 0.0639 0.0695 0.0168 0.0293 0.0581 0.0271 0.0248 
        D538  1 0.0475 0.0519 0.0316 0.1606 0.0877 0.1507 0.0344 0.0862 0.2003 0.0583 0.0908 
        D539  1 0.0270 0.0471 0.0647 0.0836 0.0460 0.1037 0.2052 0.0375 0.0413 0.2477 0.0963 
        D540  1 0.1872 0.0255 0.3488 0.1451 0.0607 0.0415 0.0553 0.0233 0.0451 0.0444 0.0230 
        D541  1 0.8421 0.0154 0.0196 0.0213 0.0175 0.0124 0.0135 0.0136 0.0171 0.0142 0.0132 
        D551  1 0.0515 0.0228 0.0517 0.3039 0.0981 0.0340 0.1279 0.1225 0.0226 0.1342 0.0309 
        D552  1 0.0951 0.0663 0.1010 0.1099 0.0725 0.0198 0.0373 0.0278 0.2267 0.0823 0.1613 
        D553  1 0.8423 0.0140 0.0234 0.0198 0.0178 0.0094 0.0222 0.0101 0.0130 0.0128 0.0153 
        D615  1 0.3853 0.0261 0.0375 0.0851 0.0480 0.0761 0.0529 0.0613 0.1020 0.0628 0.0629 
        D616  1 0.2501 0.0197 0.0499 0.1381 0.0844 0.0226 0.0726 0.1319 0.1037 0.0594 0.0676 
        D621  1 0.0146 0.2734 0.0603 0.0438 0.1776 0.0493 0.0273 0.0178 0.2325 0.0335 0.0699 
        D622  1 0.0387 0.0524 0.0653 0.0719 0.3609 0.0242 0.0304 0.0263 0.2038 0.0880 0.0380 
        D623  1 0.0238 0.1582 0.0335 0.0466 0.0233 0.2462 0.0549 0.1070 0.0826 0.0174 0.2066 
        D624  1 0.0312 0.0128 0.0302 0.0640 0.0286 0.0342 0.0237 0.0130 0.0186 0.0254 0.7183 
        D625  1 0.5179 0.0513 0.0338 0.0660 0.0540 0.0222 0.0335 0.0145 0.0889 0.0547 0.0631 
        D626  1 0.0525 0.0248 0.1742 0.0828 0.0809 0.0509 0.0501 0.0310 0.1124 0.0901 0.2503 
        D627  1 0.0849 0.0190 0.0257 0.3498 0.1910 0.0146 0.1459 0.0219 0.0216 0.0947 0.0311 
        D690  1 0.7291 0.0242 0.0181 0.0192 0.0481 0.0170 0.0162 0.0110 0.0529 0.0161 0.0482 
        D691  1 0.0738 0.0262 0.0300 0.0542 0.4799 0.0146 0.0316 0.0192 0.0876 0.1366 0.0464 
        D710  1 0.1661 0.1229 0.0775 0.1207 0.1501 0.0416 0.0371 0.0463 0.0762 0.0244 0.1371 
        D711  1 0.7129 0.0382 0.0121 0.0341 0.0334 0.0354 0.0227 0.0224 0.0302 0.0294 0.0292 
        D712  1 0.0393 0.0495 0.0684 0.0525 0.0673 0.0641 0.0624 0.0344 0.0283 0.0341 0.4997 
        D713  1 0.1369 0.1134 0.0578 0.1089 0.0914 0.2145 0.0293 0.0208 0.0601 0.0504 0.1166 
        D746  1 0.0797 0.0307 0.0434 0.0378 0.6044 0.0139 0.0194 0.0313 0.0696 0.0395 0.0305 
        D747  1 0.8204 0.0255 0.0171 0.0165 0.0148 0.0139 0.0257 0.0229 0.0140 0.0143 0.0148 
        D748  1 0.1897 0.0540 0.0442 0.0652 0.1595 0.0226 0.0269 0.0185 0.1405 0.2411 0.0378 
        D749  1 0.0216 0.0673 0.0258 0.2654 0.2167 0.0664 0.0331 0.0330 0.0825 0.0956 0.0926 
        D750  1 0.1213 0.0404 0.0204 0.0412 0.0363 0.0229 0.0201 0.0177 0.0688 0.0339 0.5770 
        D763  1 0.0653 0.1529 0.1584 0.1366 0.0828 0.0301 0.1634 0.0944 0.0345 0.0580 0.0236 
        D764  1 0.4267 0.0181 0.0334 0.0586 0.0670 0.0149 0.0218 0.0164 0.0936 0.0227 0.2268 
        D765  1 0.0346 0.0149 0.0242 0.0838 0.0485 0.0633 0.0262 0.0138 0.5303 0.0631 0.0974 
        D766  1 0.0537 0.0789 0.0818 0.0532 0.0424 0.0332 0.0158 0.0202 0.5472 0.0469 0.0265 
        D767  1 0.0942 0.1974 0.0283 0.0816 0.0926 0.2072 0.0282 0.0734 0.0924 0.0752 0.0295 
        D768  1 0.8299 0.0148 0.0170 0.0206 0.0227 0.0123 0.0142 0.0210 0.0153 0.0210 0.0113 
        D811  1 0.0206 0.0153 0.3921 0.0291 0.0156 0.3004 0.0261 0.0140 0.0971 0.0295 0.0601 
        D816  1 0.8163 0.0179 0.0141 0.0180 0.0205 0.0250 0.0169 0.0135 0.0194 0.0174 0.0210 
        D825  1 0.0753 0.0213 0.0601 0.1007 0.0340 0.1472 0.0234 0.0151 0.3690 0.0454 0.1085 
        D866  1 0.0443 0.0157 0.0523 0.0708 0.0235 0.0490 0.3696 0.0741 0.0587 0.0659 0.1761 
        D867  1 0.0203 0.0993 0.0352 0.0503 0.6039 0.0398 0.0238 0.0472 0.0261 0.0331 0.0210 
        D871  1 0.0608 0.0324 0.0377 0.3045 0.2181 0.0445 0.0454 0.0227 0.0544 0.1206 0.0589 
        D872  1 0.1656 0.0570 0.0310 0.0742 0.0594 0.0938 0.0239 0.0442 0.3820 0.0251 0.0437 
        D873  1 0.0089 0.0410 0.0199 0.0273 0.0341 0.1283 0.0109 0.0284 0.6638 0.0232 0.0142 
        D874  1 0.0417 0.6728 0.0305 0.0298 0.0153 0.0358 0.0292 0.0198 0.0196 0.0309 0.0748 
        D875  1 0.0330 0.0226 0.0235 0.2320 0.2979 0.0307 0.0196 0.0152 0.1396 0.1636 0.0224 
        D876  1 0.3526 0.0973 0.0481 0.0986 0.0580 0.0278 0.0480 0.0223 0.0914 0.0413 0.1146 
        D877  1 0.0356 0.0589 0.0401 0.0606 0.0132 0.6278 0.0169 0.0209 0.0270 0.0208 0.0780 
        D892  1 0.2385 0.0370 0.0154 0.0512 0.1120 0.0357 0.0209 0.0170 0.0732 0.2074 0.1917 
        D893  1 0.5893 0.0418 0.0455 0.0645 0.0563 0.0234 0.0628 0.0257 0.0349 0.0425 0.0135 
        D894  1 0.5674 0.0296 0.0184 0.0658 0.0401 0.0214 0.0322 0.0204 0.0256 0.1050 0.0742 
        D915  1 0.4757 0.0199 0.0328 0.0603 0.0477 0.0282 0.0258 0.0276 0.1530 0.0835 0.0454 
        D916  1 0.8386 0.0154 0.0126 0.0184 0.0164 0.0088 0.0167 0.0131 0.0202 0.0160 0.0239 
        D917  1 0.1024 0.1346 0.0416 0.1224 0.0602 0.1119 0.1493 0.0432 0.0241 0.0217 0.1885 
        D925  1 0.1906 0.0140 0.0397 0.0376 0.0557 0.0498 0.0355 0.0186 0.4588 0.0163 0.0832 
        D926  1 0.3223 0.0813 0.0335 0.1727 0.0616 0.0390 0.0384 0.0244 0.0510 0.1074 0.0684 
        D927  1 0.2419 0.0315 0.0274 0.1372 0.0666 0.0417 0.1001 0.2296 0.0233 0.0484 0.0523 
        D928  1 0.0711 0.0192 0.0167 0.0203 0.0129 0.0478 0.0157 0.0173 0.0727 0.0110 0.6952 
        D929  1 0.0364 0.4022 0.0271 0.0522 0.0730 0.1883 0.0283 0.0178 0.0387 0.0869 0.0492 
        D936  1 0.3716 0.2043 0.0282 0.0685 0.0229 0.0399 0.1248 0.0349 0.0331 0.0460 0.0260 
        D938  1 0.0276 0.0663 0.0690 0.0334 0.4629 0.0158 0.0171 0.0169 0.2192 0.0493 0.0227 
        D956  1 0.0296 0.0271 0.0323 0.0754 0.0232 0.0771 0.0263 0.0215 0.0375 0.0911 0.5590 
        D957  1 0.0773 0.0460 0.0180 0.0370 0.0290 0.0721 0.0213 0.0255 0.6224 0.0218 0.0296 
        D958  1 0.0787 0.0715 0.0294 0.0488 0.0342 0.0229 0.0181 0.0152 0.5700 0.0301 0.0809 
        D959  1 0.4488 0.0120 0.0511 0.0714 0.2444 0.0299 0.0112 0.0686 0.0146 0.0210 0.0270 
        D960  1 0.0367 0.0366 0.0140 0.0620 0.4402 0.1265 0.0236 0.0211 0.1397 0.0631 0.0365 
        D989  1 0.0419 0.0236 0.0430 0.0637 0.0333 0.0501 0.0680 0.0714 0.0222 0.0326 0.5502 
        D990  1 0.0136 0.0218 0.0211 0.1051 0.0323 0.0113 0.1467 0.0281 0.5296 0.0400 0.0505 
        D023  2 0.0258 0.0149 0.0154 0.0188 0.8430 0.0097 0.0125 0.0175 0.0138 0.0123 0.0164 
        D130  2 0.1020 0.0223 0.0179 0.0405 0.5643 0.0819 0.0180 0.0427 0.0442 0.0493 0.0168 
        D131  2 0.1983 0.0522 0.1694 0.2062 0.0349 0.0231 0.0848 0.0324 0.0821 0.0748 0.0418 
        D163  2 0.0638 0.0422 0.0206 0.0639 0.6174 0.0192 0.0370 0.0140 0.0482 0.0265 0.0471 
        D164  2 0.0097 0.0166 0.0254 0.0183 0.0245 0.0154 0.0152 0.5008 0.3485 0.0164 0.0092 
        D165  2 0.0283 0.0169 0.0237 0.0238 0.7987 0.0113 0.0239 0.0267 0.0154 0.0174 0.0139 
        D166  2 0.0475 0.0760 0.0910 0.1070 0.0581 0.2572 0.0434 0.0430 0.0654 0.1933 0.0182 
        D167  2 0.0145 0.0130 0.0128 0.0202 0.0132 0.1229 0.0191 0.7234 0.0126 0.0160 0.0324 
        D192  2 0.0103 0.0189 0.0175 0.0165 0.0107 0.0293 0.0234 0.8248 0.0147 0.0150 0.0190 
        D193  2 0.0150 0.0259 0.0181 0.0311 0.0222 0.7015 0.0374 0.0211 0.0201 0.0789 0.0286 
        D206  2 0.0650 0.0249 0.3533 0.0733 0.0556 0.0474 0.0269 0.2678 0.0279 0.0430 0.0149 
        D207  2 0.0313 0.0174 0.0228 0.1021 0.0342 0.1155 0.0666 0.5218 0.0238 0.0448 0.0197 
        D208  2 0.0385 0.0383 0.2715 0.0799 0.0285 0.0443 0.2331 0.0495 0.0299 0.0554 0.1311 
        D209  2 0.0297 0.1249 0.0645 0.1639 0.0478 0.0510 0.0286 0.3944 0.0451 0.0216 0.0285 
        D210  2 0.0613 0.0301 0.0261 0.0607 0.0272 0.0265 0.1500 0.0845 0.0255 0.0634 0.4448 
     D229599  2 0.1606 0.1376 0.0368 0.1017 0.1124 0.0475 0.2349 0.0376 0.0350 0.0514 0.0446 
     D229600  2 0.0302 0.0223 0.0209 0.0886 0.3073 0.0659 0.0291 0.3132 0.0450 0.0571 0.0204 
     D237227  2 0.0349 0.0264 0.0483 0.0598 0.0413 0.0210 0.1078 0.0443 0.2201 0.0268 0.3692 
     D237228  2 0.0137 0.0129 0.0209 0.0696 0.0156 0.0605 0.0669 0.0407 0.5339 0.0460 0.1192 
     D237258  2 0.0498 0.0460 0.0889 0.1361 0.1697 0.0777 0.1157 0.1550 0.0568 0.0392 0.0650 
     D237310  2 0.0123 0.0282 0.0275 0.0467 0.0247 0.0807 0.0215 0.0341 0.6065 0.0814 0.0364 
     D237311  2 0.0130 0.0167 0.0231 0.0275 0.0238 0.0423 0.0250 0.1271 0.6259 0.0529 0.0228 
     D237312  2 0.0231 0.0415 0.0334 0.0466 0.0666 0.1372 0.0226 0.0203 0.3115 0.2639 0.0334 
     D237313  2 0.1112 0.0753 0.2028 0.1502 0.0342 0.0322 0.0756 0.0275 0.1754 0.0641 0.0515 
     D237322  2 0.0264 0.1010 0.0571 0.1914 0.0302 0.0552 0.2088 0.0373 0.1210 0.0937 0.0778 
     D237323  2 0.0134 0.0249 0.0175 0.0404 0.0446 0.0347 0.0497 0.0223 0.5801 0.0446 0.1277 
     D237324  2 0.0529 0.0375 0.0285 0.3024 0.1769 0.0229 0.0651 0.1962 0.0614 0.0393 0.0169 
     D237325  2 0.0173 0.0564 0.0263 0.0506 0.0506 0.0544 0.0255 0.0539 0.4582 0.1576 0.0492 
     D237326  2 0.0349 0.0361 0.0145 0.0257 0.0393 0.0213 0.0223 0.0262 0.7249 0.0225 0.0324 
     D237327  2 0.0546 0.0879 0.0225 0.2056 0.1036 0.0302 0.2838 0.0723 0.0225 0.0814 0.0357 
     D237337  2 0.0148 0.0139 0.0162 0.0192 0.0189 0.0190 0.0179 0.0124 0.8088 0.0383 0.0206 
     D237338  2 0.0487 0.0864 0.0449 0.1065 0.0960 0.0225 0.0791 0.0612 0.2184 0.1247 0.1116 
     D237339  2 0.0299 0.5926 0.0289 0.0615 0.0162 0.0546 0.0470 0.1105 0.0207 0.0253 0.0128 
     D237340  2 0.0127 0.0210 0.0244 0.0540 0.0336 0.0786 0.0351 0.1350 0.4217 0.0708 0.1132 
     D237389  2 0.0194 0.0277 0.0250 0.0394 0.0269 0.1271 0.0157 0.0911 0.5100 0.0951 0.0227 
     D237390  2 0.0269 0.0353 0.0353 0.0488 0.0430 0.0748 0.0467 0.0206 0.3698 0.2508 0.0479 
     D244017  2 0.0218 0.0208 0.0193 0.0794 0.0469 0.3226 0.0406 0.2512 0.0313 0.0215 0.1446 
     D244112  2 0.0200 0.0150 0.0155 0.0283 0.0283 0.0426 0.0200 0.7497 0.0140 0.0418 0.0247 
     D244118  2 0.0125 0.0282 0.0109 0.0347 0.1715 0.0596 0.0336 0.5611 0.0419 0.0175 0.0284 
     D244119  2 0.0212 0.0100 0.0224 0.0229 0.0160 0.0245 0.0209 0.2316 0.0335 0.0141 0.5827 
     D244120  2 0.0138 0.0414 0.0217 0.0470 0.0244 0.3348 0.0593 0.2635 0.0260 0.1296 0.0384 
     D244122  2 0.0240 0.0316 0.0536 0.0385 0.0416 0.1026 0.0245 0.5740 0.0218 0.0560 0.0317 
        D291  2 0.0690 0.0144 0.0773 0.1480 0.0772 0.0502 0.4628 0.0395 0.0204 0.0266 0.0145 
        D292  2 0.1671 0.0340 0.0302 0.0635 0.0277 0.0636 0.2932 0.1538 0.0732 0.0256 0.0681 
        D293  2 0.0937 0.0825 0.0166 0.0591 0.0136 0.0157 0.0457 0.6187 0.0149 0.0222 0.0175 
        D322  2 0.0791 0.1515 0.0170 0.0673 0.0437 0.0199 0.0342 0.4764 0.0600 0.0304 0.0207 
        D323  2 0.0231 0.0455 0.6000 0.0467 0.0236 0.0846 0.0330 0.0652 0.0276 0.0282 0.0225 
        D324  2 0.1056 0.0269 0.0705 0.1309 0.0829 0.0190 0.2842 0.0376 0.1457 0.0414 0.0553 
        D325  2 0.0397 0.0268 0.0182 0.0351 0.0194 0.0131 0.0401 0.7493 0.0167 0.0270 0.0145 
        D326  2 0.8298 0.0128 0.0202 0.0250 0.0110 0.0132 0.0197 0.0138 0.0130 0.0174 0.0241 
        D340  2 0.0207 0.0216 0.0182 0.0197 0.0130 0.0143 0.0280 0.8071 0.0174 0.0169 0.0231 
        D341  2 0.0344 0.0276 0.0393 0.0502 0.0161 0.0222 0.0385 0.4156 0.0378 0.2874 0.0308 
        D342  2 0.0171 0.0246 0.0599 0.0974 0.0571 0.0437 0.0271 0.4964 0.0539 0.1035 0.0194 
        D343  2 0.0154 0.0143 0.0098 0.0126 0.0130 0.0077 0.0162 0.8779 0.0100 0.0131 0.0099 
        D344  2 0.0764 0.4551 0.0337 0.0937 0.0177 0.1477 0.0269 0.0411 0.0448 0.0481 0.0148 
        D345  2 0.0878 0.2686 0.0660 0.1187 0.0440 0.0334 0.0592 0.0459 0.2249 0.0225 0.0289 
        D346  2 0.0302 0.0340 0.3787 0.0515 0.0336 0.0247 0.0360 0.0550 0.0420 0.0445 0.2699 
        D351  2 0.2201 0.0691 0.0542 0.1827 0.0562 0.0355 0.1646 0.0404 0.0880 0.0632 0.0260 
        D352  2 0.0181 0.6377 0.0313 0.0995 0.0204 0.0434 0.0360 0.0275 0.0361 0.0205 0.0294 
        D353  2 0.2043 0.1200 0.0366 0.4788 0.0173 0.0219 0.0303 0.0242 0.0218 0.0312 0.0136 
        D354  2 0.0417 0.7315 0.0299 0.0342 0.0147 0.0303 0.0192 0.0136 0.0418 0.0170 0.0260 
        D362  2 0.6208 0.0236 0.0309 0.0476 0.0962 0.0535 0.0338 0.0221 0.0326 0.0172 0.0218 
        D363  2 0.6205 0.0302 0.0568 0.0458 0.0714 0.0344 0.0403 0.0237 0.0256 0.0129 0.0383 
        D364  2 0.2409 0.4128 0.0422 0.0658 0.0218 0.0344 0.0279 0.0215 0.0584 0.0373 0.0368 
        D365  2 0.0169 0.0233 0.0175 0.0146 0.0116 0.0109 0.0141 0.8397 0.0184 0.0151 0.0180 
        D369  2 0.1563 0.0193 0.1649 0.0779 0.0499 0.0302 0.1013 0.1019 0.1165 0.0323 0.1495 
        D374  2 0.0115 0.0166 0.0221 0.0193 0.0093 0.8156 0.0139 0.0113 0.0162 0.0123 0.0519 
        D375  2 0.0183 0.7888 0.0312 0.0278 0.0146 0.0297 0.0112 0.0156 0.0147 0.0332 0.0148 
        D376  2 0.0163 0.0763 0.0265 0.0455 0.0199 0.5114 0.0287 0.0239 0.0322 0.0619 0.1575 
        D377  2 0.0222 0.0230 0.5288 0.0507 0.0257 0.0599 0.0383 0.0284 0.1172 0.0671 0.0389 
        D378  2 0.0772 0.1765 0.0741 0.1556 0.1031 0.0161 0.0570 0.2455 0.0248 0.0379 0.0323 
        D379  2 0.5608 0.0629 0.1077 0.0633 0.0230 0.0353 0.0255 0.0224 0.0248 0.0482 0.0261 
        D384  2 0.7970 0.0167 0.0308 0.0211 0.0113 0.0139 0.0180 0.0176 0.0203 0.0160 0.0374 
        D385  2 0.0178 0.1340 0.0335 0.0283 0.0160 0.0291 0.0202 0.6359 0.0196 0.0282 0.0374 
        D386  2 0.0755 0.4650 0.0680 0.1150 0.0603 0.0344 0.0275 0.0695 0.0298 0.0363 0.0186 
        D391  2 0.0233 0.1120 0.0372 0.0351 0.0161 0.0160 0.0242 0.6644 0.0261 0.0286 0.0170 
        D392  2 0.0505 0.0251 0.0343 0.0521 0.0369 0.0254 0.0299 0.4826 0.1853 0.0245 0.0533 
        D393  2 0.1276 0.2655 0.1637 0.0680 0.0313 0.0130 0.1471 0.0603 0.0421 0.0556 0.0259 
        D394  2 0.0841 0.1874 0.0253 0.1098 0.1314 0.0815 0.0513 0.0662 0.1394 0.0799 0.0437 
        D395  2 0.0165 0.3728 0.0342 0.0943 0.0221 0.0368 0.0393 0.3006 0.0245 0.0355 0.0234 
        D401  2 0.0166 0.0085 0.0645 0.0277 0.0146 0.0275 0.0184 0.0283 0.7516 0.0146 0.0278 
        D402  2 0.0169 0.0761 0.0574 0.0213 0.0124 0.0247 0.0545 0.6663 0.0279 0.0247 0.0179 
        D403  2 0.2086 0.1232 0.0540 0.2722 0.0604 0.0638 0.0324 0.0272 0.0268 0.1137 0.0177 
        D415  2 0.4927 0.0286 0.0274 0.1100 0.0362 0.0180 0.0137 0.0244 0.1589 0.0767 0.0134 
        D435  2 0.5281 0.0447 0.0189 0.0355 0.0298 0.0168 0.0575 0.1759 0.0362 0.0385 0.0182 
        D436  2 0.1320 0.4023 0.0211 0.0733 0.0317 0.0996 0.0277 0.0268 0.0367 0.1002 0.0486 
        D438  2 0.0123 0.0122 0.0317 0.0209 0.0161 0.0159 0.0142 0.8256 0.0113 0.0167 0.0231 
        D439  2 0.0467 0.5909 0.0450 0.1060 0.0493 0.0167 0.0272 0.0417 0.0363 0.0244 0.0158 
        D449  2 0.0956 0.0224 0.0411 0.1204 0.0459 0.0227 0.0197 0.5517 0.0194 0.0350 0.0261 
        D450  2 0.0959 0.1804 0.0588 0.1826 0.0661 0.0449 0.0817 0.0199 0.0347 0.1105 0.1244 
        D456  2 0.8081 0.0265 0.0193 0.0292 0.0173 0.0102 0.0232 0.0129 0.0165 0.0185 0.0184 
        D462  2 0.0339 0.0871 0.0222 0.0257 0.0251 0.0176 0.0173 0.7225 0.0151 0.0180 0.0157 
        D463  2 0.7788 0.0299 0.0227 0.0289 0.0137 0.0218 0.0141 0.0122 0.0220 0.0194 0.0365 
        D464  2 0.0458 0.3059 0.0479 0.3001 0.0162 0.0745 0.0225 0.0885 0.0213 0.0428 0.0346 
        D465  2 0.1272 0.0213 0.0669 0.0437 0.0302 0.0246 0.0240 0.4798 0.1370 0.0224 0.0229 
        D473  2 0.0193 0.0755 0.0562 0.0641 0.0574 0.0295 0.0316 0.0408 0.1580 0.0361 0.4315 
        D474  2 0.4250 0.0257 0.0398 0.0404 0.0756 0.0119 0.2081 0.0572 0.0348 0.0316 0.0499 
        D476  2 0.0192 0.5183 0.0156 0.0282 0.2925 0.0150 0.0201 0.0380 0.0169 0.0219 0.0143 
        D477  2 0.1682 0.2787 0.1188 0.0815 0.0210 0.0222 0.0755 0.0194 0.1431 0.0304 0.0412 
        D478  2 0.0324 0.0671 0.0332 0.1890 0.3275 0.0879 0.0415 0.0537 0.0364 0.0364 0.0948 
        D480  2 0.1276 0.2214 0.1190 0.0921 0.0217 0.0306 0.0704 0.0810 0.0260 0.0903 0.1198 
        D481  2 0.2140 0.1869 0.0443 0.1142 0.1282 0.0353 0.0504 0.0580 0.0599 0.0280 0.0808 
        D482  2 0.0159 0.3396 0.0904 0.1009 0.0493 0.0484 0.1552 0.0285 0.0495 0.0545 0.0678 
        D483  2 0.0148 0.0166 0.0153 0.0226 0.0261 0.0195 0.0224 0.7403 0.0237 0.0135 0.0852 
        D484  2 0.0103 0.7766 0.0215 0.0294 0.0149 0.0462 0.0240 0.0211 0.0153 0.0213 0.0195 
        D510  2 0.0195 0.0308 0.0341 0.0402 0.0214 0.3882 0.1314 0.0224 0.0245 0.0360 0.2514 
        D511  2 0.0503 0.6304 0.0514 0.0445 0.0435 0.0146 0.0375 0.0494 0.0283 0.0301 0.0200 
        D512  2 0.0179 0.0213 0.0611 0.0502 0.0368 0.0412 0.0240 0.1269 0.5469 0.0594 0.0144 
        D513  2 0.0591 0.0207 0.1056 0.1030 0.0370 0.0416 0.0700 0.4322 0.0479 0.0354 0.0475 
        D635  2 0.1640 0.0206 0.0305 0.0761 0.5608 0.0158 0.0308 0.0322 0.0262 0.0201 0.0227 
        D636  2 0.0227 0.0163 0.0575 0.0207 0.7729 0.0111 0.0129 0.0192 0.0338 0.0139 0.0191 
        D637  2 0.0251 0.2373 0.0976 0.0860 0.0207 0.0545 0.0531 0.1365 0.0645 0.1545 0.0702 
        D658  2 0.0202 0.1944 0.0205 0.0444 0.0194 0.0448 0.0231 0.3662 0.0711 0.1175 0.0784 
        D659  2 0.5657 0.0439 0.0302 0.0651 0.0876 0.0245 0.0779 0.0254 0.0178 0.0344 0.0274 
        D677  2 0.1859 0.0306 0.1243 0.0568 0.0689 0.0709 0.0625 0.0495 0.0535 0.2768 0.0204 
        D678  2 0.0194 0.0217 0.0637 0.0574 0.0318 0.1568 0.0244 0.5519 0.0261 0.0310 0.0159 
        D679  2 0.2198 0.0610 0.3567 0.0826 0.0319 0.0222 0.0717 0.0433 0.0287 0.0453 0.0369 
        D719  2 0.1182 0.0443 0.0366 0.0494 0.0145 0.0305 0.0940 0.1397 0.0975 0.0205 0.3549 
        D720  2 0.6048 0.0188 0.0642 0.0551 0.0292 0.0282 0.0319 0.0277 0.0455 0.0238 0.0706 
        D721  2 0.0364 0.0238 0.0248 0.0549 0.7138 0.0107 0.0208 0.0420 0.0160 0.0215 0.0352 
        D722  2 0.0165 0.0203 0.0466 0.0285 0.0156 0.7117 0.0353 0.0282 0.0376 0.0145 0.0451 
        D734  2 0.0145 0.6342 0.0282 0.0370 0.0137 0.0160 0.0267 0.0674 0.0133 0.0295 0.1194 
        D735  2 0.1154 0.0643 0.2639 0.1451 0.0488 0.0256 0.0467 0.0650 0.0978 0.0384 0.0890 
        D736  2 0.0576 0.0449 0.0296 0.0653 0.0480 0.0299 0.3207 0.0459 0.0525 0.0502 0.2555 
        D737  2 0.0167 0.1213 0.0205 0.0568 0.0405 0.0567 0.0703 0.4687 0.0570 0.0408 0.0507 
        D807  2 0.1321 0.0789 0.0807 0.0763 0.0358 0.0499 0.1435 0.0456 0.0848 0.0952 0.1772 
        D808  2 0.0508 0.0599 0.0340 0.1103 0.0444 0.0346 0.0593 0.0864 0.3470 0.1434 0.0300 
        D817  2 0.1164 0.0481 0.5823 0.0536 0.0231 0.0456 0.0267 0.0162 0.0416 0.0234 0.0229 
        D818  2 0.0413 0.0265 0.0438 0.2021 0.1121 0.0248 0.1693 0.1599 0.0202 0.1736 0.0264 
        D819  2 0.0612 0.0195 0.5661 0.0699 0.0366 0.0320 0.0327 0.0271 0.1082 0.0198 0.0269 
        D820  2 0.6131 0.1054 0.0171 0.0418 0.0292 0.0246 0.0394 0.0447 0.0213 0.0405 0.0230 
        D895  2 0.3015 0.0568 0.1512 0.1325 0.1385 0.0425 0.0317 0.0402 0.0452 0.0253 0.0346 
        D896  2 0.0107 0.0137 0.0132 0.0134 0.0140 0.0179 0.0118 0.0114 0.8559 0.0173 0.0207 
        D897  2 0.0246 0.0420 0.0765 0.1006 0.0318 0.0437 0.0408 0.4568 0.0455 0.1142 0.0234 
        D898  2 0.0352 0.0586 0.1122 0.1582 0.0296 0.0964 0.1251 0.0301 0.2301 0.0859 0.0385 
        D918  2 0.0330 0.0676 0.0720 0.1631 0.0759 0.0368 0.0517 0.0444 0.1340 0.2523 0.0692 
        D919  2 0.1050 0.3593 0.0199 0.1422 0.0420 0.0952 0.0835 0.0822 0.0234 0.0260 0.0212 
        D920  2 0.0275 0.0399 0.0180 0.0685 0.4808 0.0574 0.0210 0.0410 0.0433 0.1141 0.0884 
        D923  2 0.5885 0.1078 0.0361 0.0692 0.0253 0.0308 0.0290 0.0417 0.0219 0.0257 0.0241 
        D930  2 0.1331 0.1013 0.1417 0.1371 0.0297 0.0334 0.0508 0.0410 0.1237 0.1299 0.0783 
        D931  2 0.1770 0.3013 0.0655 0.0681 0.0375 0.0474 0.0499 0.1258 0.0420 0.0423 0.0433 
        D968  2 0.0196 0.0230 0.0237 0.0271 0.0142 0.0265 0.0645 0.7523 0.0193 0.0146 0.0151 
        D969  2 0.1819 0.0426 0.0472 0.1213 0.0359 0.0485 0.2008 0.1454 0.0529 0.0659 0.0576 
        D977  2 0.0281 0.0377 0.0320 0.0405 0.0197 0.0267 0.0316 0.7030 0.0157 0.0486 0.0163 
        D978  2 0.0251 0.0275 0.2413 0.1313 0.0208 0.0511 0.1878 0.0990 0.0161 0.1679 0.0323 
        D211  3 0.0648 0.0356 0.0853 0.0508 0.3516 0.0157 0.0301 0.0188 0.0124 0.3063 0.0287 
     D229639  3 0.0577 0.0258 0.0400 0.0715 0.0271 0.0502 0.5436 0.0428 0.0340 0.0402 0.0671 
     D237212  3 0.0633 0.1872 0.0923 0.1094 0.0492 0.0239 0.2433 0.0511 0.0492 0.1084 0.0227 
     D237213  3 0.0363 0.0641 0.3421 0.0711 0.0487 0.0355 0.0339 0.0219 0.1491 0.1826 0.0147 
     D237214  3 0.0197 0.0156 0.0116 0.0360 0.8228 0.0133 0.0117 0.0120 0.0156 0.0183 0.0233 
     D237215  3 0.0168 0.0144 0.0336 0.0525 0.0187 0.3474 0.1036 0.3191 0.0245 0.0177 0.0515 
     D237216  3 0.0483 0.0464 0.0823 0.4972 0.0721 0.0291 0.0295 0.0278 0.0319 0.1163 0.0191 
     D237217  3 0.0801 0.0290 0.0305 0.2793 0.1532 0.0187 0.0597 0.0266 0.0484 0.2613 0.0133 
     D237218  3 0.0519 0.1723 0.0459 0.0631 0.0218 0.0147 0.1935 0.0413 0.0242 0.3279 0.0433 
     D237219  3 0.0455 0.0157 0.3102 0.0804 0.0529 0.0196 0.1193 0.0235 0.1039 0.1487 0.0802 
     D237382  3 0.0842 0.0362 0.0477 0.0867 0.0396 0.1545 0.0328 0.0410 0.2237 0.1407 0.1129 
     D244127  3 0.0180 0.0293 0.0750 0.0904 0.0445 0.0521 0.0819 0.0639 0.4550 0.0698 0.0199 
     D244129  3 0.0793 0.0746 0.0706 0.1191 0.0926 0.0326 0.0761 0.0658 0.2337 0.1074 0.0483 
     D244133  3 0.0351 0.0112 0.6312 0.0455 0.0303 0.0378 0.0265 0.0544 0.0261 0.0268 0.0751 
     D244134  3 0.0285 0.0246 0.1894 0.0569 0.0296 0.0168 0.3558 0.0306 0.0582 0.0347 0.1748 
     D244135  3 0.0422 0.0234 0.0769 0.0492 0.6344 0.0209 0.0235 0.0554 0.0175 0.0411 0.0155 
     D244136  3 0.1653 0.0251 0.2935 0.0799 0.0492 0.0599 0.0576 0.0570 0.0336 0.0431 0.1359 
        D416  3 0.0748 0.0538 0.2319 0.1422 0.1029 0.0185 0.0599 0.1212 0.0526 0.1095 0.0326 
        D417  3 0.5374 0.0280 0.0243 0.0420 0.0183 0.0309 0.0188 0.0194 0.0330 0.2204 0.0276 
        D419  3 0.1014 0.0418 0.1778 0.1166 0.0335 0.0229 0.1752 0.0484 0.0800 0.1446 0.0577 
        D565  3 0.0456 0.0176 0.0551 0.0264 0.0218 0.0268 0.0374 0.0168 0.0227 0.0129 0.7172 
        D566  3 0.0528 0.0205 0.1108 0.0735 0.0312 0.0740 0.3130 0.0442 0.0516 0.0277 0.2009 
        D567  3 0.4775 0.0790 0.0648 0.0562 0.0656 0.0405 0.0333 0.0430 0.0871 0.0332 0.0198 
        D568  3 0.1063 0.1666 0.0515 0.1198 0.0630 0.0391 0.0826 0.1274 0.0760 0.1502 0.0174 
        D569  3 0.0198 0.4684 0.0354 0.0959 0.0746 0.0984 0.0376 0.0630 0.0187 0.0432 0.0451 
        D573  3 0.1457 0.0349 0.0307 0.0718 0.0205 0.0197 0.4754 0.1272 0.0300 0.0212 0.0231 
        D574  3 0.0402 0.0471 0.1049 0.0959 0.0403 0.1233 0.0828 0.0477 0.0678 0.0665 0.2836 
        D575  3 0.0272 0.0137 0.7117 0.0363 0.0487 0.0134 0.0270 0.0344 0.0283 0.0248 0.0344 
        D576  3 0.0086 0.0168 0.1548 0.0480 0.0342 0.2165 0.0603 0.4012 0.0150 0.0212 0.0234 
        D577  3 0.4150 0.0392 0.1586 0.0754 0.0843 0.0504 0.0332 0.0211 0.0294 0.0661 0.0274 
        D578  3 0.0154 0.0137 0.0160 0.0286 0.8064 0.0165 0.0152 0.0240 0.0263 0.0237 0.0142 
        D579  3 0.1184 0.1202 0.1167 0.0801 0.0475 0.0349 0.1398 0.0757 0.0480 0.0816 0.1371 
        D660  3 0.0157 0.0377 0.1822 0.0786 0.0378 0.0335 0.0371 0.4557 0.0470 0.0546 0.0201 
        D661  3 0.0235 0.0623 0.0291 0.0941 0.0462 0.0244 0.1940 0.1395 0.0277 0.3404 0.0187 
        D663  3 0.0611 0.0357 0.0539 0.1026 0.0300 0.0740 0.5165 0.0638 0.0224 0.0228 0.0171 
        D664  3 0.0172 0.0193 0.2898 0.1048 0.0831 0.0384 0.0355 0.1331 0.0726 0.1642 0.0419 
        D665  3 0.0151 0.0857 0.2587 0.2334 0.1019 0.0809 0.0462 0.0327 0.0557 0.0775 0.0123 
        D666  3 0.0467 0.0246 0.5072 0.0534 0.0309 0.0145 0.0345 0.0223 0.1478 0.0627 0.0554 
        D009  4 0.1317 0.1785 0.0272 0.1403 0.1059 0.0616 0.0354 0.0231 0.0771 0.1861 0.0331 
        D057  4 0.0222 0.4154 0.0105 0.0439 0.1990 0.0364 0.0743 0.1207 0.0171 0.0344 0.0261 
        D109  4 0.0369 0.0320 0.1626 0.1507 0.0609 0.0376 0.0251 0.0210 0.3655 0.0634 0.0443 
     D237222  4 0.0294 0.0316 0.0184 0.0782 0.4015 0.1454 0.0350 0.0282 0.0273 0.0657 0.1392 
     D237223  4 0.0266 0.0367 0.0207 0.0841 0.0394 0.0471 0.0409 0.0449 0.0578 0.5207 0.0813 
     D237224  4 0.1060 0.1894 0.0931 0.0764 0.0502 0.0445 0.1864 0.1502 0.0327 0.0428 0.0283 
     D237225  4 0.1222 0.1052 0.0554 0.2602 0.0921 0.0491 0.0746 0.0333 0.0369 0.1289 0.0423 
     D237299  4 0.0166 0.0201 0.0262 0.1114 0.0555 0.0297 0.0492 0.0177 0.0621 0.5828 0.0288 
     D237300  4 0.0197 0.0227 0.1349 0.0468 0.0194 0.0241 0.5749 0.0376 0.0202 0.0701 0.0295 
     D237306  4 0.0709 0.0279 0.0162 0.0505 0.0265 0.1555 0.0288 0.0218 0.0751 0.1780 0.3488 
     D237307  4 0.3083 0.0153 0.1538 0.0635 0.0373 0.0837 0.0592 0.0447 0.0284 0.0598 0.1461 
     D237308  4 0.0308 0.1710 0.0432 0.0824 0.0473 0.0515 0.0412 0.3558 0.0896 0.0270 0.0601 
     D237309  4 0.1078 0.1004 0.0388 0.2113 0.1455 0.0894 0.0732 0.0410 0.0598 0.1112 0.0215 
     D237317  4 0.1419 0.0355 0.0404 0.1959 0.0772 0.1029 0.0495 0.0267 0.0416 0.0328 0.2556 
     D237318  4 0.0294 0.0144 0.0415 0.0445 0.0198 0.0259 0.7148 0.0461 0.0154 0.0288 0.0195 
     D237319  4 0.0526 0.0323 0.0548 0.1361 0.0661 0.0911 0.0475 0.0546 0.1614 0.2650 0.0385 
     D237320  4 0.0292 0.0206 0.0257 0.0396 0.0560 0.0227 0.0680 0.0513 0.0488 0.6094 0.0286 
     D237321  4 0.0501 0.0244 0.0576 0.0794 0.0471 0.0388 0.4770 0.0814 0.0482 0.0456 0.0503 
     D237397  4 0.0453 0.0242 0.0373 0.0677 0.0506 0.1040 0.1227 0.0812 0.0481 0.3193 0.0996 
     D237398  4 0.0370 0.0539 0.0353 0.0799 0.0272 0.0202 0.5677 0.0281 0.0189 0.1171 0.0149 
     D237399  4 0.0643 0.0411 0.0240 0.0853 0.0710 0.0396 0.2608 0.0353 0.0580 0.1213 0.1993 
     D244001  4 0.0311 0.0570 0.0211 0.0745 0.3156 0.2784 0.0216 0.1005 0.0225 0.0547 0.0228 
        D289  4 0.0543 0.2434 0.0333 0.1040 0.0554 0.0294 0.0853 0.0693 0.0365 0.0737 0.2153 
        D290  4 0.0571 0.0342 0.0208 0.1102 0.0459 0.3463 0.1743 0.0323 0.0352 0.1196 0.0241 
        D294  4 0.0715 0.3084 0.0393 0.1746 0.0643 0.0651 0.0584 0.0303 0.0244 0.1181 0.0455 
        D295  4 0.2296 0.0600 0.0945 0.0728 0.0263 0.0547 0.0500 0.0235 0.1158 0.2251 0.0478 
        D301  4 0.0219 0.0222 0.0439 0.0577 0.3981 0.1714 0.0768 0.0318 0.0524 0.0710 0.0528 
        D302  4 0.0480 0.7253 0.0260 0.0415 0.0269 0.0486 0.0200 0.0106 0.0131 0.0235 0.0166 
        D303  4 0.0351 0.0763 0.0460 0.0549 0.0261 0.0583 0.0302 0.0500 0.1130 0.0438 0.4663 
        D304  4 0.0650 0.0278 0.0629 0.1162 0.0374 0.2079 0.2946 0.0274 0.0219 0.0788 0.0600 
        D305  4 0.0221 0.3560 0.0388 0.2850 0.0352 0.0638 0.0377 0.0951 0.0237 0.0293 0.0132 
        D306  4 0.0392 0.0300 0.0158 0.2622 0.0457 0.3514 0.0527 0.0223 0.0469 0.1003 0.0335 
        D307  4 0.0164 0.0389 0.0416 0.0438 0.5982 0.0220 0.0526 0.0244 0.0335 0.0330 0.0954 
        D327  4 0.5149 0.0312 0.0885 0.0666 0.0414 0.0376 0.0481 0.0501 0.0226 0.0440 0.0549 
        D328  4 0.0219 0.3070 0.0801 0.0529 0.0201 0.2000 0.0306 0.0243 0.0705 0.0901 0.1026 
        D329  4 0.0463 0.2817 0.0245 0.1570 0.0522 0.0519 0.1046 0.1012 0.0770 0.0607 0.0429 
        D330  4 0.2200 0.0719 0.0279 0.0977 0.0935 0.0715 0.0218 0.0600 0.1939 0.1234 0.0185 
        D331  4 0.1212 0.0266 0.0663 0.1004 0.0544 0.2189 0.2028 0.0306 0.0563 0.0604 0.0622 
        D333  4 0.0553 0.1575 0.0538 0.0834 0.0408 0.2354 0.0737 0.0608 0.0512 0.1313 0.0567 
        D334  4 0.0557 0.0514 0.0409 0.0531 0.0786 0.0322 0.0496 0.0192 0.0261 0.0639 0.5293 
        D335  4 0.1245 0.3897 0.0504 0.0705 0.0281 0.1814 0.0290 0.0421 0.0362 0.0191 0.0291 
        D370  4 0.0223 0.0294 0.0653 0.0375 0.0266 0.6340 0.0244 0.0295 0.0811 0.0183 0.0316 
        D371  4 0.1434 0.0242 0.0688 0.0415 0.0196 0.0721 0.0264 0.0320 0.0295 0.0221 0.5205 
        D372  4 0.0134 0.0163 0.0369 0.1229 0.0127 0.1329 0.5430 0.0384 0.0263 0.0355 0.0217 
        D373  4 0.0315 0.0527 0.0551 0.0426 0.5735 0.0226 0.0914 0.0677 0.0186 0.0251 0.0194 
        D455  4 0.0311 0.0963 0.0185 0.0399 0.6216 0.0252 0.0580 0.0350 0.0287 0.0242 0.0214 
        D490  4 0.0266 0.0288 0.0204 0.0317 0.6798 0.0210 0.0176 0.0104 0.0244 0.1156 0.0238 
        D497  4 0.0161 0.0900 0.0417 0.0580 0.5096 0.0294 0.0289 0.0150 0.0357 0.1591 0.0166 
        D498  4 0.0493 0.0241 0.0561 0.0938 0.0354 0.3342 0.1506 0.0359 0.1025 0.0504 0.0678 
        D499  4 0.0187 0.0880 0.2262 0.1124 0.0166 0.0303 0.0652 0.1559 0.0721 0.1072 0.1074 
        D514  4 0.2330 0.1304 0.1151 0.0930 0.0547 0.1597 0.0620 0.0231 0.0456 0.0657 0.0178 
        D515  4 0.0388 0.0307 0.0236 0.0372 0.0352 0.0526 0.0184 0.0222 0.0504 0.6651 0.0260 
        D516  4 0.1219 0.0174 0.3000 0.0811 0.0462 0.0521 0.0494 0.0591 0.1024 0.1321 0.0383 
        D517  4 0.0656 0.0329 0.0186 0.1245 0.4905 0.0270 0.0646 0.0404 0.0320 0.0843 0.0196 
        D518  4 0.0312 0.4825 0.0187 0.0435 0.1360 0.1263 0.0226 0.0330 0.0188 0.0367 0.0507 
        D519  4 0.0248 0.0136 0.0165 0.0246 0.0288 0.0124 0.0306 0.0244 0.0214 0.7794 0.0235 
        D560  4 0.0662 0.0269 0.0188 0.0378 0.0196 0.0257 0.0334 0.0399 0.0228 0.6949 0.0141 
        D561  4 0.0563 0.0783 0.0257 0.2587 0.2825 0.0342 0.0267 0.0677 0.1085 0.0423 0.0190 
        D562  4 0.0502 0.1240 0.0372 0.1369 0.2054 0.1245 0.0692 0.0607 0.0355 0.1010 0.0554 
        D563  4 0.0213 0.1297 0.0952 0.1018 0.0547 0.0324 0.0639 0.3560 0.0440 0.0817 0.0191 
        D572  4 0.0477 0.6687 0.0186 0.0316 0.0556 0.0501 0.0195 0.0245 0.0234 0.0344 0.0258 
        D629  4 0.1406 0.0557 0.3601 0.0680 0.1983 0.0158 0.0462 0.0238 0.0212 0.0506 0.0196 
        D630  4 0.0670 0.0839 0.0278 0.1177 0.1410 0.1072 0.0922 0.0296 0.0311 0.2463 0.0563 
        D631  4 0.0210 0.6461 0.0202 0.0411 0.0318 0.0294 0.0289 0.0888 0.0209 0.0500 0.0219 
        D632  4 0.0406 0.2133 0.0696 0.0628 0.2609 0.0349 0.0173 0.1535 0.1021 0.0287 0.0164 
        D646  4 0.1202 0.0488 0.0229 0.0618 0.0471 0.0567 0.0550 0.0420 0.0904 0.4343 0.0209 
        D647  4 0.3675 0.0628 0.0255 0.0554 0.0428 0.0840 0.0490 0.0487 0.1095 0.1423 0.0126 
        D648  4 0.0147 0.3059 0.0769 0.0319 0.0200 0.3884 0.0166 0.0274 0.0195 0.0492 0.0496 
        D649  4 0.1559 0.2183 0.0601 0.0724 0.0406 0.0201 0.0285 0.0173 0.3241 0.0436 0.0192 
        D650  4 0.1462 0.0826 0.0818 0.0971 0.0763 0.0563 0.0629 0.0289 0.0824 0.2055 0.0801 
        D708  4 0.0389 0.2384 0.1358 0.1176 0.0409 0.0566 0.0579 0.0251 0.0342 0.1160 0.1385 
        D709  4 0.0229 0.0439 0.0595 0.1156 0.0157 0.3104 0.0460 0.0251 0.2995 0.0367 0.0248 
        D738  4 0.0968 0.0212 0.0246 0.0399 0.0627 0.0696 0.0402 0.0135 0.1060 0.1034 0.4223 
        D739  4 0.0259 0.0662 0.0467 0.1271 0.2367 0.1365 0.0520 0.0271 0.0435 0.2104 0.0280 
        D740  4 0.0224 0.0679 0.0566 0.2652 0.0398 0.0205 0.1101 0.0579 0.0905 0.1209 0.1482 
        D741  4 0.1005 0.0241 0.0341 0.1009 0.0304 0.0306 0.0327 0.0620 0.0370 0.5339 0.0138 
        D742  4 0.0288 0.0658 0.0390 0.0937 0.0570 0.0340 0.1304 0.1843 0.0419 0.2163 0.1087 
        D743  4 0.2856 0.4232 0.0452 0.0365 0.0310 0.0192 0.0376 0.0533 0.0196 0.0297 0.0192 
        D744  4 0.0179 0.7608 0.0221 0.0367 0.0215 0.0129 0.0214 0.0387 0.0228 0.0290 0.0163 
        D745  4 0.0166 0.0219 0.0226 0.0220 0.0340 0.0129 0.0236 0.0152 0.0316 0.7802 0.0194 
        D814  4 0.0296 0.0518 0.0330 0.2239 0.1010 0.0704 0.0554 0.1401 0.0120 0.2628 0.0199 
        D815  4 0.1149 0.3325 0.0589 0.0628 0.0268 0.1636 0.0552 0.0318 0.0961 0.0291 0.0285 
        D828  4 0.0127 0.0393 0.0394 0.0460 0.0212 0.6342 0.0357 0.0411 0.0200 0.0757 0.0347 
        D845  4 0.0149 0.0259 0.0259 0.0216 0.0128 0.0142 0.8008 0.0208 0.0160 0.0199 0.0273 
        D846  4 0.0950 0.2882 0.0501 0.1145 0.1272 0.0710 0.0434 0.1483 0.0211 0.0305 0.0108 
        D847  4 0.0741 0.0580 0.0246 0.1166 0.1643 0.0359 0.1336 0.0573 0.0492 0.1807 0.1057 
        D848  4 0.0144 0.0384 0.0185 0.0338 0.5506 0.0333 0.2026 0.0562 0.0177 0.0154 0.0190 
        D849  4 0.0366 0.0454 0.0781 0.0858 0.1172 0.0685 0.0251 0.0329 0.0397 0.4500 0.0206 
        D850  4 0.0925 0.0366 0.0400 0.2210 0.2206 0.0200 0.1735 0.0349 0.0368 0.0515 0.0727 
        D856  4 0.0373 0.0613 0.0718 0.2246 0.0376 0.0559 0.0395 0.0261 0.3021 0.1094 0.0342 
        D857  4 0.0093 0.0258 0.0135 0.0295 0.0357 0.2257 0.0160 0.0819 0.5055 0.0357 0.0214 
        D859  4 0.0680 0.4460 0.0198 0.0427 0.0254 0.0478 0.0812 0.0353 0.0228 0.1912 0.0198 
        D860  4 0.0629 0.0859 0.0223 0.0691 0.0302 0.0354 0.1856 0.0723 0.0319 0.0180 0.3864 
        D883  4 0.1872 0.0706 0.1106 0.0685 0.1436 0.1299 0.0653 0.0310 0.0642 0.0677 0.0613 
        D884  4 0.0346 0.0385 0.0538 0.0460 0.0214 0.0591 0.0227 0.0171 0.0685 0.5936 0.0448 
        D885  4 0.0794 0.0391 0.0878 0.1434 0.0471 0.0167 0.1247 0.0616 0.0362 0.3397 0.0243 
        D886  4 0.1399 0.0657 0.0293 0.0717 0.1265 0.1691 0.0475 0.0526 0.1750 0.0973 0.0254 
        D887  4 0.1105 0.0991 0.0360 0.0940 0.0399 0.0602 0.2219 0.0952 0.0480 0.1461 0.0490 
        D889  4 0.0324 0.0427 0.0216 0.0571 0.0189 0.1052 0.6101 0.0121 0.0142 0.0694 0.0164 
        D890  4 0.0285 0.0622 0.4847 0.0598 0.0510 0.0954 0.0329 0.0480 0.0572 0.0222 0.0580 
        D891  4 0.0143 0.0115 0.0205 0.0140 0.0093 0.0097 0.8776 0.0107 0.0100 0.0118 0.0106 
        D899  4 0.0276 0.0711 0.0502 0.0598 0.0318 0.0794 0.1815 0.3576 0.0307 0.0347 0.0757 
        D900  4 0.0936 0.1355 0.0475 0.1949 0.0846 0.0923 0.0674 0.0911 0.0555 0.0690 0.0686 
        D970  4 0.0921 0.4040 0.0529 0.1030 0.0417 0.0272 0.0975 0.0506 0.0413 0.0453 0.0444 
        D971  4 0.0345 0.1320 0.0553 0.1106 0.0266 0.0766 0.0274 0.3661 0.0990 0.0213 0.0507 
        D979  4 0.2880 0.2363 0.0750 0.0682 0.0290 0.1480 0.0328 0.0365 0.0230 0.0278 0.0353 
        D093  5 0.0444 0.0219 0.0301 0.0318 0.0222 0.0371 0.0425 0.0252 0.0224 0.0652 0.6573 
        D154  5 0.0251 0.0265 0.2918 0.1092 0.0162 0.0785 0.0818 0.0965 0.0248 0.2239 0.0257 
        D168  5 0.0469 0.0242 0.2965 0.1052 0.0602 0.0388 0.0916 0.1713 0.0374 0.1140 0.0139 
        D189  5 0.0355 0.0230 0.0258 0.0559 0.0228 0.2020 0.2215 0.0250 0.0329 0.1010 0.2546 
        D190  5 0.0272 0.0536 0.2060 0.0311 0.0129 0.0639 0.0390 0.0236 0.0419 0.0339 0.4668 
     D237220  5 0.0226 0.0684 0.0229 0.1630 0.1118 0.0373 0.1659 0.0184 0.1041 0.1656 0.1201 
     D237221  5 0.0510 0.0857 0.1719 0.0605 0.0277 0.0365 0.1535 0.0981 0.0546 0.0667 0.1936 
     D237274  5 0.3079 0.2398 0.0293 0.0688 0.0297 0.0913 0.0229 0.0686 0.1073 0.0205 0.0139 
     D237275  5 0.0148 0.0150 0.0499 0.0687 0.0225 0.2536 0.0955 0.3674 0.0486 0.0344 0.0296 
     D237276  5 0.0822 0.0356 0.0591 0.0719 0.0353 0.0732 0.0314 0.0306 0.0897 0.3681 0.1229 
     D237277  5 0.0247 0.0419 0.2545 0.0371 0.0210 0.0343 0.1120 0.0515 0.0364 0.0325 0.3540 
     D237278  5 0.0603 0.0860 0.0263 0.0910 0.0611 0.0406 0.0299 0.2966 0.0790 0.0720 0.1572 
     D237279  5 0.0469 0.0567 0.1272 0.2638 0.1059 0.0158 0.0339 0.0183 0.2751 0.0365 0.0199 
     D237280  5 0.0882 0.0622 0.1693 0.1212 0.0929 0.0412 0.0282 0.0209 0.2719 0.0461 0.0579 
     D237281  5 0.0406 0.0247 0.0197 0.0688 0.0171 0.0329 0.5728 0.1479 0.0204 0.0308 0.0244 
     D237351  5 0.0178 0.0206 0.2429 0.0321 0.0197 0.0165 0.0208 0.0179 0.4747 0.0846 0.0524 
     D237352  5 0.0469 0.1598 0.1671 0.0673 0.2765 0.0932 0.0296 0.0471 0.0388 0.0279 0.0459 
     D237353  5 0.0171 0.0334 0.2711 0.0311 0.0134 0.0365 0.0417 0.0149 0.0665 0.0166 0.4577 
     D237359  5 0.0329 0.0577 0.0453 0.1406 0.0746 0.0524 0.2536 0.0300 0.0404 0.2117 0.0608 
     D237361  5 0.0198 0.0201 0.0365 0.0310 0.0153 0.0303 0.0324 0.0186 0.0430 0.0138 0.7392 
     D237362  5 0.0282 0.0162 0.7983 0.0231 0.0147 0.0144 0.0223 0.0197 0.0180 0.0191 0.0260 
     D237363  5 0.0391 0.0217 0.1847 0.4217 0.0236 0.0770 0.0384 0.0872 0.0343 0.0322 0.0402 
     D237364  5 0.0596 0.0695 0.0424 0.0628 0.0502 0.0381 0.0613 0.0686 0.0491 0.4843 0.0141 
     D237376  5 0.0111 0.0481 0.0498 0.0349 0.0145 0.6646 0.0282 0.0246 0.0220 0.0546 0.0475 
     D237377  5 0.0873 0.0425 0.2270 0.1409 0.0364 0.0227 0.0323 0.0374 0.2741 0.0164 0.0831 
     D237378  5 0.0261 0.0781 0.0777 0.0772 0.0317 0.1277 0.0608 0.0728 0.0297 0.0700 0.3481 
     D237379  5 0.0317 0.2197 0.0507 0.1077 0.0457 0.0887 0.0599 0.0362 0.0250 0.1033 0.2313 
     D237380  5 0.0216 0.0601 0.0143 0.0360 0.0241 0.3349 0.0137 0.0126 0.4131 0.0346 0.0349 
     D237381  5 0.0309 0.1110 0.0328 0.0961 0.1413 0.1827 0.0492 0.0464 0.2340 0.0304 0.0453 
     D237391  5 0.0270 0.0219 0.0352 0.0238 0.0190 0.0114 0.0403 0.0162 0.0248 0.0290 0.7514 
     D237392  5 0.1978 0.0665 0.0939 0.0744 0.0305 0.1321 0.0294 0.1956 0.1240 0.0356 0.0201 
     D237393  5 0.3302 0.0444 0.0265 0.0624 0.0550 0.0863 0.0663 0.0489 0.0721 0.0322 0.1757 
