        D174  1 0.1942 0.7475 0.0583 
        D199  1 0.1005 0.5570 0.3425 
        D203  1 0.1804 0.4462 0.3735 
        D204  1 0.1258 0.7617 0.1125 
     D237366  1 0.5645 0.1871 0.2484 
     D237367  1 0.6973 0.1943 0.1084 
     D237368  1 0.5844 0.2260 0.1896 
     D244101  1 0.0856 0.3287 0.5857 
     D244102  1 0.3049 0.4634 0.2317 
     D244103  1 0.8282 0.1232 0.0486 
     D244104  1 0.2235 0.5295 0.2470 
     D244105  1 0.9154 0.0292 0.0555 
     D244106  1 0.1084 0.5426 0.3490 
     D244107  1 0.8849 0.0279 0.0871 
     D244108  1 0.1234 0.7942 0.0824 
     D244113  1 0.0522 0.8769 0.0709 
     D244114  1 0.2161 0.2282 0.5556 
     D244115  1 0.4284 0.4635 0.1081 
     D267365  1 0.0907 0.8109 0.0984 
        D404  1 0.0526 0.8480 0.0994 
        D405  1 0.1483 0.6725 0.1792 
        D406  1 0.8658 0.1045 0.0297 
        D407  1 0.7842 0.1254 0.0905 
        D408  1 0.1281 0.6369 0.2349 
        D409  1 0.8651 0.0759 0.0590 
        D410  1 0.9173 0.0661 0.0167 
        D421  1 0.3724 0.4425 0.1851 
        D422  1 0.9584 0.0178 0.0237 
        D423  1 0.9577 0.0217 0.0205 
        D424  1 0.7452 0.2222 0.0325 
        D425  1 0.1126 0.8159 0.0715 
        D426  1 0.8324 0.0358 0.1319 
        D427  1 0.0729 0.1102 0.8170 
        D428  1 0.3043 0.5859 0.1098 
        D429  1 0.2075 0.6663 0.1262 
        D430  1 0.2898 0.2662 0.4439 
        D491  1 0.0778 0.8753 0.0469 
        D492  1 0.3590 0.5392 0.1018 
        D537  1 0.2987 0.6607 0.0406 
        D538  1 0.3587 0.4383 0.2030 
        D539  1 0.1948 0.4019 0.4033 
        D540  1 0.5374 0.3735 0.0890 
        D541  1 0.3093 0.5953 0.0955 
        D551  1 0.1865 0.0649 0.7486 
        D552  1 0.3469 0.5244 0.1287 
        D553  1 0.5054 0.4388 0.0557 
        D615  1 0.3230 0.4589 0.2181 
        D616  1 0.4875 0.2670 0.2455 
        D621  1 0.6673 0.2480 0.0847 
        D622  1 0.8532 0.0800 0.0669 
        D623  1 0.0458 0.5984 0.3558 
        D624  1 0.0719 0.8504 0.0777 
        D625  1 0.1836 0.7779 0.0385 
        D626  1 0.3363 0.5163 0.1474 
        D627  1 0.8588 0.0516 0.0897 
        D690  1 0.2857 0.6840 0.0302 
        D691  1 0.8595 0.1033 0.0373 
        D710  1 0.2163 0.5794 0.2043 
        D711  1 0.2314 0.6688 0.0999 
        D712  1 0.0814 0.8043 0.1144 
        D713  1 0.0940 0.8737 0.0324 
        D746  1 0.9113 0.0514 0.0372 
        D747  1 0.1972 0.6431 0.1597 
        D748  1 0.6000 0.3447 0.0553 
        D749  1 0.6315 0.1727 0.1958 
        D750  1 0.1434 0.7952 0.0614 
        D763  1 0.2141 0.1356 0.6502 
        D764  1 0.2525 0.7181 0.0294 
        D765  1 0.7277 0.2207 0.0516 
        D766  1 0.6164 0.3431 0.0406 
        D767  1 0.2655 0.5081 0.2263 
        D768  1 0.6009 0.3338 0.0653 
        D811  1 0.2277 0.6665 0.1058 
        D816  1 0.1644 0.7912 0.0443 
        D825  1 0.3101 0.6383 0.0517 
        D866  1 0.0976 0.3009 0.6015 
        D867  1 0.9315 0.0366 0.0319 
        D871  1 0.8298 0.1222 0.0480 
        D872  1 0.1509 0.7895 0.0597 
        D873  1 0.9607 0.0211 0.0183 
        D874  1 0.0282 0.8535 0.1183 
        D875  1 0.9283 0.0453 0.0264 
        D876  1 0.1278 0.8204 0.0519 
        D877  1 0.0195 0.9434 0.0372 
        D892  1 0.2222 0.7256 0.0522 
        D893  1 0.4652 0.3299 0.2050 
        D894  1 0.3528 0.4982 0.1491 
        D915  1 0.3880 0.5505 0.0615 
        D916  1 0.3025 0.6447 0.0528 
        D917  1 0.0737 0.7876 0.1387 
        D925  1 0.7877 0.1759 0.0364 
        D926  1 0.4097 0.5039 0.0863 
        D927  1 0.1246 0.2928 0.5826 
        D928  1 0.0229 0.9495 0.0277 
        D929  1 0.1679 0.7050 0.1271 
        D936  1 0.1223 0.4983 0.3794 
        D938  1 0.9341 0.0442 0.0217 
        D956  1 0.1567 0.6663 0.1770 
        D957  1 0.2465 0.6740 0.0796 
        D958  1 0.1623 0.8023 0.0355 
        D959  1 0.8509 0.0944 0.0547 
        D960  1 0.8838 0.0893 0.0269 
        D989  1 0.0649 0.5701 0.3650 
        D990  1 0.8847 0.0274 0.0879 
        D023  2 0.9206 0.0467 0.0327 
        D130  2 0.8965 0.0667 0.0368 
        D131  2 0.6190 0.2163 0.1648 
        D163  2 0.9121 0.0534 0.0345 
        D164  2 0.4343 0.0211 0.5446 
        D165  2 0.9224 0.0257 0.0520 
        D166  2 0.4252 0.2726 0.3022 
        D167  2 0.0224 0.0301 0.9474 
        D192  2 0.0135 0.0189 0.9676 
        D193  2 0.1546 0.7113 0.1341 
        D206  2 0.6050 0.1691 0.2258 
        D207  2 0.0841 0.1025 0.8134 
        D208  2 0.0871 0.3457 0.5672 
        D209  2 0.1938 0.0581 0.7482 
        D210  2 0.0790 0.4261 0.4950 
     D229599  2 0.2747 0.3724 0.3528 
     D229600  2 0.4935 0.0470 0.4595 
     D237227  2 0.3989 0.3548 0.2462 
     D237228  2 0.6222 0.1816 0.1961 
     D237258  2 0.2907 0.3002 0.4091 
     D237310  2 0.7653 0.0774 0.1573 
     D237311  2 0.5958 0.0594 0.3448 
     D237312  2 0.5602 0.3482 0.0916 
     D237313  2 0.3425 0.5511 0.1064 
     D237322  2 0.1962 0.1149 0.6889 
     D237323  2 0.6922 0.2081 0.0997 
     D237324  2 0.5631 0.0370 0.3999 
     D237325  2 0.5528 0.3205 0.1267 
     D237326  2 0.6694 0.2836 0.0470 
     D237327  2 0.1396 0.0898 0.7706 
     D237337  2 0.8092 0.1572 0.0336 
     D237338  2 0.5264 0.2069 0.2667 
     D237339  2 0.0724 0.2761 0.6515 
     D237340  2 0.2530 0.2497 0.4973 
     D237389  2 0.8019 0.0976 0.1005 
     D237390  2 0.4423 0.4630 0.0946 
     D244017  2 0.1113 0.3973 0.4914 
     D244112  2 0.0617 0.0222 0.9161 
     D244118  2 0.1734 0.0322 0.7944 
     D244119  2 0.0562 0.2982 0.6456 
     D244120  2 0.0804 0.1058 0.8138 
     D244122  2 0.0756 0.0939 0.8305 
        D291  2 0.2213 0.0702 0.7086 
        D292  2 0.0611 0.2411 0.6978 
        D293  2 0.0268 0.0801 0.8930 
        D322  2 0.0876 0.1943 0.7181 
        D323  2 0.2026 0.4900 0.3074 
        D324  2 0.3154 0.2673 0.4172 
        D325  2 0.0721 0.0178 0.9101 
        D326  2 0.1083 0.7825 0.1092 
        D340  2 0.0240 0.0212 0.9548 
        D341  2 0.0288 0.0303 0.9409 
        D342  2 0.1785 0.0330 0.7885 
        D343  2 0.0168 0.0116 0.9716 
        D344  2 0.2362 0.6047 0.1591 
        D345  2 0.4469 0.4048 0.1483 
        D346  2 0.1082 0.5931 0.2987 
        D351  2 0.4008 0.2349 0.3643 
        D352  2 0.2369 0.4451 0.3180 
        D353  2 0.3491 0.4315 0.2194 
        D354  2 0.1217 0.8103 0.0680 
        D362  2 0.2751 0.6550 0.0699 
        D363  2 0.2116 0.7149 0.0735 
        D364  2 0.1950 0.7240 0.0810 
        D365  2 0.0224 0.0209 0.9567 
        D369  2 0.2693 0.3228 0.4079 
        D374  2 0.0341 0.9187 0.0472 
        D375  2 0.3141 0.5597 0.1263 
        D376  2 0.0818 0.8096 0.1086 
        D377  2 0.3913 0.4045 0.2042 
        D378  2 0.1136 0.1841 0.7023 
        D379  2 0.1220 0.8168 0.0612 
        D384  2 0.0912 0.8765 0.0323 
        D385  2 0.0228 0.0247 0.9524 
        D386  2 0.2654 0.4228 0.3119 
        D391  2 0.0303 0.0254 0.9443 
        D392  2 0.0625 0.0880 0.8495 
        D393  2 0.1795 0.2670 0.5535 
        D394  2 0.4640 0.2815 0.2545 
        D395  2 0.1011 0.0805 0.8184 
        D401  2 0.9325 0.0351 0.0324 
        D402  2 0.0279 0.0247 0.9474 
        D403  2 0.5371 0.3574 0.1055 
        D415  2 0.7801 0.1853 0.0345 
        D435  2 0.3092 0.0981 0.5927 
        D436  2 0.1492 0.7381 0.1127 
        D438  2 0.0283 0.0214 0.9502 
        D439  2 0.4208 0.1700 0.4091 
        D449  2 0.2460 0.0373 0.7167 
        D450  2 0.1893 0.7223 0.0884 
        D456  2 0.4116 0.5422 0.0462 
        D462  2 0.0239 0.0258 0.9504 
        D463  2 0.1167 0.8583 0.0250 
        D464  2 0.1937 0.5122 0.2942 
        D465  2 0.5047 0.0874 0.4078 
        D473  2 0.1594 0.6525 0.1881 
        D474  2 0.2538 0.3425 0.4037 
        D476  2 0.7161 0.0529 0.2311 
        D477  2 0.2168 0.5539 0.2293 
        D478  2 0.3009 0.5521 0.1470 
        D480  2 0.0557 0.4425 0.5018 
        D481  2 0.2160 0.5022 0.2818 
        D482  2 0.2105 0.2027 0.5868 
        D483  2 0.0263 0.0242 0.9495 
        D484  2 0.1039 0.3455 0.5506 
        D510  2 0.0488 0.8107 0.1405 
        D511  2 0.1722 0.2728 0.5550 
        D512  2 0.7884 0.0318 0.1798 
        D513  2 0.2991 0.1251 0.5758 
        D635  2 0.6899 0.2450 0.0651 
        D636  2 0.9396 0.0349 0.0255 
        D637  2 0.1016 0.1537 0.7447 
        D658  2 0.0521 0.1213 0.8267 
        D659  2 0.3558 0.4534 0.1908 
        D677  2 0.4707 0.2719 0.2574 
        D678  2 0.0673 0.0421 0.8906 
        D679  2 0.1759 0.4928 0.3313 
        D719  2 0.0249 0.7456 0.2296 
        D720  2 0.1290 0.7958 0.0752 
        D721  2 0.7198 0.0756 0.2046 
        D722  2 0.0797 0.8247 0.0956 
        D734  2 0.0233 0.4855 0.4912 
        D735  2 0.2090 0.5212 0.2698 
        D736  2 0.1663 0.5478 0.2858 
        D737  2 0.0780 0.0803 0.8417 
        D807  2 0.1102 0.6435 0.2463 
        D808  2 0.4137 0.1409 0.4455 
        D817  2 0.2223 0.7045 0.0731 
        D818  2 0.2063 0.0782 0.7154 
        D819  2 0.5323 0.2829 0.1849 
        D820  2 0.0615 0.7836 0.1549 
        D895  2 0.5873 0.2921 0.1207 
        D896  2 0.9143 0.0594 0.0263 
        D897  2 0.0622 0.0443 0.8936 
        D898  2 0.3784 0.3299 0.2917 
        D918  2 0.4593 0.1122 0.4284 
        D919  2 0.1400 0.1834 0.6766 
        D920  2 0.9109 0.0460 0.0431 
        D923  2 0.1692 0.6786 0.1522 
        D930  2 0.1279 0.7499 0.1222 
        D931  2 0.1309 0.4517 0.4175 
        D968  2 0.0193 0.0213 0.9594 
        D969  2 0.1066 0.2562 0.6371 
        D977  2 0.1289 0.0294 0.8418 
        D978  2 0.0845 0.1289 0.7866 
        D211  3 0.7387 0.1402 0.1211 
     D229639  3 0.0609 0.1454 0.7938 
     D237212  3 0.2657 0.1570 0.5773 
     D237213  3 0.6239 0.2077 0.1684 
     D237214  3 0.9112 0.0531 0.0357 
     D237215  3 0.0226 0.0616 0.9158 
     D237216  3 0.7265 0.0477 0.2259 
     D237217  3 0.8340 0.0569 0.1091 
     D237218  3 0.1281 0.1761 0.6958 
     D237219  3 0.6825 0.1262 0.1912 
     D237382  3 0.2167 0.6463 0.1370 
     D244127  3 0.7623 0.0492 0.1885 
     D244129  3 0.4215 0.2725 0.3060 
     D244133  3 0.4737 0.2714 0.2548 
     D244134  3 0.2290 0.2731 0.4978 
     D244135  3 0.8536 0.0473 0.0991 
     D244136  3 0.2479 0.5818 0.1703 
        D416  3 0.4324 0.0896 0.4780 
        D417  3 0.2797 0.6782 0.0422 
        D419  3 0.3970 0.2520 0.3510 
        D565  3 0.0412 0.8898 0.0690 
        D566  3 0.1539 0.3289 0.5172 
        D567  3 0.4461 0.4717 0.0822 
        D568  3 0.4705 0.1484 0.3811 
        D569  3 0.2098 0.2162 0.5740 
        D573  3 0.0728 0.0380 0.8892 
        D574  3 0.2600 0.6124 0.1275 
        D575  3 0.4526 0.3242 0.2231 
        D576  3 0.0270 0.0230 0.9501 
        D577  3 0.2395 0.6891 0.0714 
        D578  3 0.9535 0.0168 0.0297 
        D579  3 0.1809 0.5195 0.2996 
        D660  3 0.3359 0.0352 0.6289 
        D661  3 0.0763 0.0394 0.8842 
        D663  3 0.0451 0.0639 0.8910 
        D664  3 0.4736 0.1996 0.3268 
        D665  3 0.7319 0.0403 0.2278 
        D666  3 0.5228 0.3046 0.1726 
        D009  4 0.7062 0.2295 0.0644 
        D057  4 0.1581 0.1097 0.7323 
        D109  4 0.8692 0.0886 0.0422 
     D237222  4 0.6397 0.2657 0.0946 
     D237223  4 0.5470 0.2319 0.2212 
     D237224  4 0.0982 0.1777 0.7240 
     D237225  4 0.6547 0.2514 0.0939 
     D237299  4 0.8521 0.0305 0.1174 
     D237300  4 0.0438 0.0594 0.8968 
     D237306  4 0.1442 0.7923 0.0635 
     D237307  4 0.2335 0.6203 0.1461 
     D237308  4 0.0912 0.1592 0.7496 
     D237309  4 0.6843 0.1722 0.1436 
     D237317  4 0.0769 0.8771 0.0461 
     D237318  4 0.0275 0.0346 0.9379 
     D237319  4 0.5619 0.2352 0.2028 
     D237320  4 0.4842 0.1160 0.3997 
     D237321  4 0.0893 0.0818 0.8289 
     D237397  4 0.2385 0.4145 0.3470 
     D237398  4 0.1392 0.0612 0.7997 
     D237399  4 0.1975 0.4911 0.3114 
     D244001  4 0.7979 0.0829 0.1192 
        D289  4 0.1224 0.5170 0.3607 
        D290  4 0.1327 0.5275 0.3398 
        D294  4 0.1667 0.3636 0.4698 
        D295  4 0.3112 0.5519 0.1368 
        D301  4 0.7674 0.0635 0.1691 
        D302  4 0.1746 0.7028 0.1226 
        D303  4 0.1194 0.6514 0.2292 
        D304  4 0.0903 0.6043 0.3054 
        D305  4 0.3889 0.0480 0.5630 
        D306  4 0.1476 0.7168 0.1356 
        D307  4 0.8476 0.0631 0.0894 
        D327  4 0.1822 0.6744 0.1434 
        D328  4 0.0858 0.8070 0.1071 
        D329  4 0.1437 0.1425 0.7139 
        D330  4 0.5848 0.3107 0.1045 
        D331  4 0.2125 0.4685 0.3189 
        D333  4 0.1738 0.5318 0.2944 
        D334  4 0.1190 0.7981 0.0829 
        D335  4 0.0738 0.7900 0.1362 
        D370  4 0.2097 0.7135 0.0768 
        D371  4 0.0429 0.8914 0.0657 
        D372  4 0.0412 0.0419 0.9169 
        D373  4 0.8039 0.0329 0.1632 
        D455  4 0.7792 0.0614 0.1594 
        D490  4 0.9446 0.0293 0.0261 
        D497  4 0.8939 0.0362 0.0699 
        D498  4 0.2448 0.4603 0.2949 
        D499  4 0.0857 0.1378 0.7765 
        D514  4 0.4186 0.3963 0.1851 
        D515  4 0.7131 0.1780 0.1089 
        D516  4 0.3951 0.4198 0.1850 
        D517  4 0.8550 0.0319 0.1131 
        D518  4 0.1890 0.5868 0.2242 
        D519  4 0.7747 0.0523 0.1731 
        D560  4 0.6363 0.1213 0.2424 
        D561  4 0.9023 0.0376 0.0601 
        D562  4 0.3053 0.3023 0.3923 
        D563  4 0.1446 0.0405 0.8149 
        D572  4 0.1995 0.5756 0.2249 
        D629  4 0.5089 0.3196 0.1714 
        D630  4 0.3194 0.4636 0.2169 
        D631  4 0.0791 0.1767 0.7443 
        D632  4 0.6294 0.0747 0.2959 
        D646  4 0.6163 0.2302 0.1535 
        D647  4 0.3756 0.4034 0.2210 
        D648  4 0.0987 0.7694 0.1319 
        D649  4 0.5437 0.3734 0.0829 
        D650  4 0.3215 0.5402 0.1383 
        D708  4 0.2003 0.5803 0.2194 
        D709  4 0.1142 0.7535 0.1323 
        D738  4 0.1500 0.7991 0.0509 
        D739  4 0.5425 0.2415 0.2160 
        D740  4 0.3515 0.1287 0.5199 
        D741  4 0.6051 0.0922 0.3028 
        D742  4 0.1035 0.1490 0.7475 
        D743  4 0.1218 0.5929 0.2853 
        D744  4 0.1768 0.2298 0.5934 
        D745  4 0.8865 0.0418 0.0717 
        D814  4 0.2271 0.0493 0.7236 
        D815  4 0.1050 0.7327 0.1624 
        D828  4 0.1043 0.3721 0.5236 
        D845  4 0.0308 0.0550 0.9142 
        D846  4 0.3277 0.1096 0.5626 
        D847  4 0.4010 0.2835 0.3156 
        D848  4 0.6263 0.0241 0.3496 
        D849  4 0.8095 0.0956 0.0950 
        D850  4 0.5133 0.2617 0.2250 
        D856  4 0.6027 0.2378 0.1596 
        D857  4 0.8743 0.0464 0.0792 
        D859  4 0.1305 0.4327 0.4367 
        D860  4 0.0518 0.6278 0.3204 
        D883  4 0.3383 0.5743 0.0873 
        D884  4 0.3683 0.5414 0.0903 
        D885  4 0.4600 0.0780 0.4620 
        D886  4 0.3870 0.4279 0.1852 
        D887  4 0.1941 0.1910 0.6149 
        D889  4 0.0537 0.2922 0.6541 
        D890  4 0.2256 0.5999 0.1745 
        D891  4 0.0159 0.0138 0.9702 
        D899  4 0.0509 0.2358 0.7132 
        D900  4 0.3160 0.4344 0.2496 
        D970  4 0.2170 0.4113 0.3718 
        D971  4 0.0884 0.2153 0.6964 
        D979  4 0.0515 0.7839 0.1646 
        D093  5 0.1384 0.6715 0.1901 
        D154  5 0.1637 0.1251 0.7112 
        D168  5 0.4847 0.0845 0.4307 
        D189  5 0.1059 0.4551 0.4391 
        D190  5 0.0543 0.7781 0.1676 
     D237220  5 0.4596 0.2281 0.3124 
     D237221  5 0.1045 0.5253 0.3702 
     D237274  5 0.1735 0.7548 0.0717 
     D237275  5 0.0509 0.0426 0.9065 
     D237276  5 0.2406 0.6397 0.1197 
     D237277  5 0.0867 0.5109 0.4024 
     D237278  5 0.1657 0.1476 0.6867 
     D237279  5 0.9515 0.0248 0.0237 
     D237280  5 0.5974 0.3165 0.0861 
     D237281  5 0.0449 0.0232 0.9319 
     D237351  5 0.7836 0.1298 0.0865 
     D237352  5 0.4639 0.4125 0.1236 
     D237353  5 0.0496 0.8362 0.1142 
     D237359  5 0.4291 0.1661 0.4048 
     D237361  5 0.0718 0.8510 0.0772 
     D237362  5 0.2941 0.4980 0.2079 
     D237363  5 0.5385 0.1476 0.3140 
     D237364  5 0.4288 0.1000 0.4712 
     D237376  5 0.0883 0.6922 0.2195 
     D237377  5 0.5370 0.3864 0.0766 
     D237378  5 0.1034 0.4228 0.4738 
     D237379  5 0.1917 0.5305 0.2778 
     D237380  5 0.5705 0.4035 0.0260 
     D237381  5 0.5822 0.2586 0.1592 
     D237391  5 0.0908 0.7496 0.1596 
     D237392  5 0.2528 0.5089 0.2383 
     D237393  5 0.1537 0.6779 0.1684 
     D237394  5 0.0575 0.9104 0.0321 
     D237395  5 0.3218 0.3692 0.3090 
     D237396  5 0.3350 0.5134 0.1515 
     D244016  5 0.1616 0.4831 0.3553 
     D244018  5 0.2624 0.1181 0.6195 
     D244019  5 0.1849 0.5674 0.2477 
        D279  5 0.1791 0.0856 0.7352 
        D280  5 0.1989 0.4031 0.3980 
        D281  5 0.0346 0.0674 0.8980 
        D283  5 0.0772 0.7871 0.1357 
        D284  5 0.7310 0.1082 0.1608 
        D285  5 0.1338 0.6328 0.2335 
        D286  5 0.1667 0.6340 0.1993 
        D287  5 0.1984 0.6298 0.1718 
        D288  5 0.1231 0.4732 0.4037 
        D308  5 0.8980 0.0705 0.0314 
        D309  5 0.1841 0.6744 0.1415 
        D310  5 0.1007 0.7521 0.1472 
        D311  5 0.1361 0.6576 0.2063 
        D312  5 0.1103 0.7783 0.1114 
        D313  5 0.9626 0.0193 0.0182 
        D314  5 0.3425 0.1426 0.5149 
        D315  5 0.1761 0.7051 0.1187 
        D317  5 0.0492 0.8935 0.0572 
        D318  5 0.4384 0.2448 0.3168 
        D319  5 0.0531 0.8114 0.1354 
        D320  5 0.0760 0.8178 0.1063 
        D321  5 0.8452 0.0789 0.0759 
        D336  5 0.0318 0.9350 0.0332 
        D337  5 0.0221 0.8748 0.1031 
        D338  5 0.3286 0.4047 0.2668 
        D339  5 0.1380 0.6472 0.2149 
        D347  5 0.0771 0.7262 0.1967 
        D348  5 0.0280 0.9147 0.0573 
        D349  5 0.9018 0.0559 0.0423 
        D350  5 0.1201 0.4900 0.3898 
        D355  5 0.0865 0.1025 0.8110 
        D356  5 0.1256 0.8087 0.0657 
        D357  5 0.2175 0.5607 0.2218 
        D358  5 0.1370 0.7492 0.1138 
        D359  5 0.0373 0.9364 0.0263 
        D360  5 0.1606 0.7743 0.0652 
        D361  5 0.9233 0.0434 0.0334 
        D366  5 0.4031 0.1962 0.4007 
        D367  5 0.1495 0.7033 0.1472 
        D368  5 0.4144 0.4956 0.0901 
        D380  5 0.4262 0.3683 0.2055 
        D381  5 0.0784 0.7904 0.1312 
        D400  5 0.0584 0.5148 0.4268 
        D411  5 0.9521 0.0137 0.0341 
        D412  5 0.2228 0.3896 0.3876 
        D413  5 0.0720 0.0434 0.8846 
        D414  5 0.0741 0.0898 0.8362 
        D420  5 0.5627 0.1017 0.3356 
        D431  5 0.2479 0.1432 0.6089 
        D432  5 0.1898 0.4578 0.3524 
        D433  5 0.0866 0.6281 0.2853 
        D434  5 0.0869 0.8151 0.0980 
        D440  5 0.1621 0.5338 0.3041 
        D447  5 0.5227 0.2407 0.2366 
        D448  5 0.0513 0.8033 0.1454 
        D459  5 0.0325 0.0741 0.8933 
        D460  5 0.8473 0.0976 0.0551 
        D461  5 0.0715 0.7190 0.2095 
        D468  5 0.4027 0.4526 0.1447 
        D469  5 0.3834 0.5076 0.1089 
        D470  5 0.4568 0.4386 0.1046 
        D471  5 0.0401 0.7738 0.1861 
        D472  5 0.1001 0.3707 0.5293 
        D479  5 0.0324 0.0497 0.9179 
        D485  5 0.1708 0.5823 0.2469 
        D486  5 0.5124 0.4078 0.0798 
        D487  5 0.0758 0.1319 0.7922 
        D555  5 0.0363 0.8274 0.1362 
        D556  5 0.1339 0.3377 0.5284 
        D557  5 0.0291 0.8560 0.1149 
        D564  5 0.2396 0.5772 0.1831 
        D594  5 0.2038 0.6600 0.1362 
        D595  5 0.1887 0.5583 0.2531 
        D596  5 0.0520 0.8628 0.0853 
        D597  5 0.0482 0.5876 0.3642 
        D598  5 0.1828 0.6178 0.1995 
        D617  5 0.8244 0.0284 0.1472 
        D618  5 0.0996 0.6010 0.2994 
        D619  5 0.3193 0.6280 0.0527 
        D620  5 0.0278 0.0303 0.9419 
        D628  5 0.1967 0.5606 0.2427 
        D714  5 0.0920 0.2191 0.6889 
        D715  5 0.0742 0.6847 0.2411 
        D716  5 0.1060 0.5723 0.3217 
        D717  5 0.1285 0.7337 0.1378 
        D718  5 0.5152 0.2919 0.1929 
        D769  5 0.7723 0.0612 0.1665 
        D770  5 0.1401 0.2441 0.6158 
        D771  5 0.1770 0.2275 0.5955 
        D772  5 0.1006 0.7035 0.1958 
        D782  5 0.8226 0.0503 0.1271 
        D783  5 0.0693 0.1967 0.7340 
        D784  5 0.1482 0.6235 0.2283 
        D785  5 0.1304 0.8031 0.0665 
        D786  5 0.6305 0.2615 0.1079 
        D821  5 0.0421 0.8820 0.0759 
        D822  5 0.0803 0.8223 0.0974 
        D826  5 0.0874 0.2855 0.6270 
        D827  5 0.2769 0.5189 0.2042 
        D851  5 0.3833 0.4237 0.1930 
        D852  5 0.1021 0.1566 0.7412 
        D853  5 0.1275 0.5645 0.3080 
        D854  5 0.3972 0.1759 0.4269 
        D861  5 0.3053 0.2792 0.4155 
        D862  5 0.0779 0.8902 0.0319 
        D865  5 0.1108 0.6476 0.2416 
        D868  5 0.2131 0.6473 0.1397 
        D869  5 0.9552 0.0222 0.0226 
        D870  5 0.9278 0.0279 0.0443 
        D907  5 0.1878 0.6770 0.1352 
        D908  5 0.0696 0.1415 0.7889 
        D910  5 0.0691 0.5534 0.3774 
        D911  5 0.0490 0.0632 0.8877 
        D934  5 0.1588 0.1270 0.7142 
        D946  5 0.1615 0.1557 0.6828 
        D947  5 0.2946 0.3341 0.3713 
        D948  5 0.8180 0.1206 0.0614 
        D949  5 0.8641 0.0933 0.0427 
        D950  5 0.0538 0.0556 0.8906 
        D951  5 0.2519 0.7062 0.0419 
        D952  5 0.0795 0.8201 0.1004 
        D953  5 0.0794 0.8008 0.1198 
        D954  5 0.1116 0.8446 0.0438 
        D961  5 0.2175 0.5278 0.2547 
        D962  5 0.0460 0.9088 0.0452 
        D963  5 0.0676 0.7404 0.1919 
        D964  5 0.4430 0.1524 0.4047 
        D965  5 0.1651 0.4526 0.3823 
        D966  5 0.1094 0.5010 0.3896 
        D967  5 0.1730 0.3126 0.5145 
        D991  5 0.2542 0.6242 0.1216 
        D502  6 0.5287 0.0738 0.3974 
        D503  6 0.3361 0.0417 0.6223 
        D504  6 0.2401 0.5166 0.2433 
        D505  6 0.2254 0.4339 0.3407 
        D506  6 0.1002 0.8539 0.0459 
        D507  6 0.3021 0.1358 0.5621 
        D508  6 0.2075 0.3302 0.4623 
        D529  6 0.4555 0.3454 0.1991 
        D530  6 0.2662 0.5616 0.1722 
        D531  6 0.2448 0.3977 0.3575 
        D532  6 0.1230 0.7922 0.0848 
        D534  6 0.8606 0.0583 0.0811 
        D535  6 0.1986 0.6832 0.1182 
        D536  6 0.1890 0.0251 0.7859 
        D554  6 0.2672 0.6324 0.1004 
        D587  6 0.0597 0.8473 0.0930 
        D588  6 0.1669 0.7300 0.1031 
        D589  6 0.1645 0.1104 0.7251 
        D590  6 0.1401 0.0526 0.8072 
        D591  6 0.3630 0.1740 0.4630 
        D592  6 0.8183 0.0834 0.0983 
        D593  6 0.1696 0.5734 0.2570 
        D682  6 0.1674 0.6757 0.1570 
        D683  6 0.1877 0.7612 0.0511 
        D684  6 0.5120 0.0261 0.4618 
        D685  6 0.4263 0.0624 0.5113 
        D686  6 0.1157 0.8415 0.0429 
        D724  6 0.4209 0.2229 0.3562 
        D725  6 0.1796 0.4339 0.3865 
        D726  6 0.0757 0.8617 0.0626 
        D727  6 0.2793 0.2069 0.5137 
        D728  6 0.1965 0.7207 0.0828 
        D729  6 0.8048 0.0646 0.1306 
        D730  6 0.4080 0.2263 0.3656 
        D731  6 0.0484 0.2983 0.6533 
        D732  6 0.2356 0.5213 0.2431 
        D733  6 0.2809 0.4129 0.3063 
     D237251  7 0.0986 0.1735 0.7279 
     D237252  7 0.5108 0.0905 0.3986 
     D237253  7 0.1430 0.1928 0.6642 
     D237254  7 0.9391 0.0181 0.0429 
     D237255  7 0.0536 0.0898 0.8566 
     D237256  7 0.0999 0.1402 0.7600 
     D237257  7 0.7557 0.0724 0.1718 
     D237282  7 0.4082 0.3050 0.2867 
     D237283  7 0.9189 0.0265 0.0546 
     D237284  7 0.9200 0.0328 0.0472 
     D237285  7 0.1420 0.6032 0.2549 
     D237286  7 0.2409 0.4290 0.3302 
     D237287  7 0.2645 0.1404 0.5952 
     D244006  7 0.9284 0.0266 0.0450 
     D244007  7 0.2570 0.1779 0.5650 
     D244008  7 0.9248 0.0496 0.0256 
     D244009  7 0.5931 0.3241 0.0828 
     D244010  7 0.6446 0.0921 0.2633 
     D244011  7 0.1195 0.2728 0.6077 
     D244012  7 0.3824 0.0885 0.5291 
     D244013  7 0.0690 0.2917 0.6393 
     D244014  7 0.3216 0.0657 0.6126 
     D244015  7 0.8608 0.0397 0.0995 
     D244125  7 0.1199 0.3533 0.5268 
     D244126  7 0.9474 0.0165 0.0361 
     D244130  7 0.4463 0.3373 0.2163 
     D244131  7 0.1591 0.6625 0.1784 
     D244132  7 0.0778 0.8555 0.0667 
        D520  7 0.6710 0.2613 0.0677 
        D521  7 0.2938 0.4356 0.2706 
        D522  7 0.6769 0.2055 0.1176 
        D523  7 0.0786 0.0897 0.8316 
        D524  7 0.1983 0.3297 0.4720 
        D525  7 0.5428 0.0557 0.4015 
        D526  7 0.9363 0.0242 0.0395 
        D527  7 0.3376 0.3291 0.3333 
        D528  7 0.9708 0.0189 0.0102 
        D558  7 0.2785 0.2500 0.4715 
        D559  7 0.2993 0.1820 0.5187 
        D640  7 0.1747 0.4452 0.3801 
        D641  7 0.2661 0.1740 0.5598 
        D642  7 0.6233 0.1278 0.2490 
        D644  7 0.2674 0.5500 0.1826 
        D645  7 0.2842 0.2134 0.5024 
        D662  7 0.6091 0.3676 0.0233 
        D687  7 0.1730 0.2075 0.6195 
        D688  7 0.4796 0.2449 0.2755 
        D689  7 0.2868 0.3104 0.4028 
        D700  7 0.9660 0.0144 0.0196 
        D797  7 0.2699 0.3580 0.3721 
        D798  7 0.8798 0.0673 0.0530 
        D799  7 0.2043 0.0567 0.7390 
        D800  7 0.4104 0.1483 0.4414 
        D132  8 0.9281 0.0382 0.0337 
        D133  8 0.0391 0.0187 0.9421 
        D200  8 0.1516 0.3444 0.5039 
        D500  8 0.9436 0.0382 0.0183 
        D614  8 0.1806 0.6927 0.1267 
        D723  8 0.5730 0.2490 0.1780 
        D888  8 0.0425 0.0354 0.9221 
        D901  8 0.7187 0.0747 0.2066 
        D902  8 0.1034 0.7777 0.1190 
        D903  8 0.0820 0.7868 0.1312 
        D904  8 0.2522 0.4944 0.2535 
        D905  8 0.0293 0.0628 0.9080 
        D906  8 0.2115 0.0733 0.7152 
        D937  8 0.0669 0.7567 0.1765 
        D943  8 0.5227 0.1318 0.3456 
        D972  8 0.6805 0.1905 0.1290 
        D973  8 0.3468 0.5902 0.0629 
        D974  8 0.3202 0.4751 0.2047 
        D975  8 0.1328 0.5124 0.3548 
        D976  8 0.3839 0.2060 0.4101 
        D201  9 0.1969 0.0996 0.7035 
        D202  9 0.2676 0.1687 0.5636 
     D237259  9 0.8600 0.0530 0.0870 
     D237260  9 0.2298 0.0412 0.7290 
     D237262  9 0.9251 0.0418 0.0331 
     D237263  9 0.5218 0.0799 0.3983 
     D237264  9 0.4754 0.2593 0.2653 
     D237265  9 0.1256 0.0309 0.8434 
     D237266  9 0.2850 0.0437 0.6713 
     D237267  9 0.5564 0.3473 0.0963 
     D237268  9 0.6540 0.2235 0.1225 
     D237289  9 0.1477 0.1607 0.6916 
     D237290  9 0.0496 0.0217 0.9287 
     D237291  9 0.1110 0.0602 0.8288 
     D237292  9 0.3790 0.0243 0.5967 
     D237293  9 0.4393 0.3967 0.1641 
     D237294  9 0.5307 0.0749 0.3944 
     D237295  9 0.3794 0.5366 0.0839 
     D237296  9 0.4209 0.2108 0.3684 
     D237297  9 0.1067 0.7014 0.1919 
     D237298  9 0.2798 0.3084 0.4118 
     D237341  9 0.1920 0.1519 0.6561 
     D237342  9 0.6867 0.1189 0.1944 
     D237343  9 0.3650 0.0775 0.5574 
     D237344  9 0.2152 0.3984 0.3864 
     D237345  9 0.8849 0.0271 0.0880 
     D237346  9 0.1019 0.1029 0.7951 
     D237347  9 0.0725 0.5052 0.4223 
     D237348  9 0.3696 0.3530 0.2774 
     D237349  9 0.5087 0.0712 0.4202 
     D244109  9 0.2664 0.0333 0.7003 
     D244110  9 0.1402 0.0581 0.8017 
     D244111  9 0.2780 0.2024 0.5196 
     D244128  9 0.7884 0.0698 0.1418 
     D244137  9 0.2928 0.4653 0.2419 
     D244138  9 0.1898 0.1211 0.6891 
        D580  9 0.8491 0.1091 0.0417 
        D581  9 0.0831 0.0264 0.8904 
        D582  9 0.9226 0.0365 0.0409 
        D583  9 0.0878 0.0263 0.8859 
        D584  9 0.5284 0.3387 0.1329 
        D585  9 0.6324 0.0531 0.3146 
        D586  9 0.0492 0.0428 0.9081 
        D651  9 0.1761 0.6112 0.2127 
        D652  9 0.6934 0.0982 0.2085 
        D653  9 0.1911 0.1831 0.6258 
        D654  9 0.2636 0.1295 0.6068 
        D655  9 0.1867 0.3340 0.4792 
        D656  9 0.8842 0.0605 0.0553 
        D657  9 0.3978 0.1907 0.4115 
        D667  9 0.1895 0.4273 0.3833 
        D668  9 0.5259 0.1277 0.3464 
        D669  9 0.1776 0.0680 0.7544 
        D670  9 0.4521 0.4177 0.1302 
        D671  9 0.1687 0.0754 0.7558 
        D672  9 0.8196 0.0387 0.1417 
        D673  9 0.4227 0.3060 0.2713 
        D692  9 0.7853 0.0317 0.1830 
        D693  9 0.4499 0.3677 0.1823 
        D694  9 0.8105 0.0526 0.1369 
        D695  9 0.6447 0.2103 0.1450 
        D696  9 0.0258 0.9287 0.0455 
        D697  9 0.1754 0.4798 0.3448 
        D698  9 0.1091 0.2402 0.6507 
        D699  9 0.2960 0.4070 0.2970 
        D787  9 0.6620 0.1146 0.2234 
        D788  9 0.2972 0.6376 0.0653 
        D789  9 0.4626 0.2180 0.3194 
        D790  9 0.4674 0.1768 0.3558 
        D791  9 0.0950 0.0859 0.8191 
        D792  9 0.4174 0.1270 0.4556 
        D793  9 0.1074 0.6996 0.1929 
        D794  9 0.1710 0.5956 0.2334 
        D795  9 0.7763 0.0872 0.1365 
        D796  9 0.2506 0.0860 0.6634 
        D142 10 0.0758 0.7788 0.1454 
        D143 10 0.0449 0.0951 0.8599 
        D144 10 0.3063 0.4702 0.2235 
        D145 10 0.0619 0.0596 0.8785 
        D146 10 0.7967 0.1495 0.0537 
        D147 10 0.5836 0.1930 0.2234 
        D148 10 0.7569 0.1523 0.0908 
        D149 10 0.0882 0.0486 0.8632 
        D151 10 0.7548 0.0788 0.1664 
        D152 10 0.0245 0.0182 0.9574 
        D153 10 0.0986 0.8438 0.0575 
        D156 10 0.1201 0.5025 0.3774 
        D157 10 0.2194 0.5882 0.1924 
        D158 10 0.2757 0.1418 0.5825 
        D159 10 0.0256 0.0361 0.9382 
        D160 10 0.0533 0.0792 0.8674 
        D161 10 0.2599 0.4255 0.3146 
        D162 10 0.0478 0.5000 0.4522 
        D169 10 0.8898 0.0363 0.0739 
        D170 10 0.8180 0.1061 0.0759 
        D171 10 0.2270 0.6128 0.1602 
        D172 10 0.2558 0.3400 0.4042 
        D173 10 0.0396 0.0262 0.9342 
        D181 10 0.1087 0.5694 0.3219 
        D182 10 0.3371 0.0855 0.5773 
        D183 10 0.1427 0.7787 0.0786 
        D184 10 0.9529 0.0305 0.0166 
        D185 10 0.4370 0.4088 0.1542 
        D186 10 0.9137 0.0233 0.0630 
        D194 10 0.6446 0.2773 0.0781 
        D195 10 0.0767 0.2553 0.6680 
        D196 10 0.0394 0.4126 0.5480 
        D197 10 0.7862 0.0335 0.1804 
        D198 10 0.4838 0.4609 0.0553 
     D237226 10 0.2661 0.0470 0.6869 
     D237232 10 0.2102 0.2450 0.5448 
     D237233 10 0.0961 0.1404 0.7635 
     D237234 10 0.1521 0.4942 0.3538 
     D237354 10 0.0214 0.0288 0.9498 
     D237355 10 0.0980 0.0618 0.8402 
     D237356 10 0.2063 0.7537 0.0400 
     D237357 10 0.4551 0.0741 0.4708 
     D237358 10 0.7133 0.1465 0.1403 
     D237369 10 0.9138 0.0331 0.0531 
     D237370 10 0.1226 0.6500 0.2274 
     D237371 10 0.6286 0.2241 0.1472 
     D237372 10 0.6115 0.0358 0.3527 
     D237373 10 0.1262 0.2084 0.6653 
     D237374 10 0.0577 0.0864 0.8558 
     D237375 10 0.3721 0.1346 0.4933 
     D237400 10 0.0161 0.0219 0.9620 
     D244002 10 0.8862 0.0482 0.0656 
     D244003 10 0.0582 0.0823 0.8595 
     D244004 10 0.1538 0.7246 0.1217 
     D244005 10 0.3137 0.0492 0.6371 
     D244020 10 0.2309 0.5745 0.1945 
     D244021 10 0.5743 0.0909 0.3348 
     D244116 10 0.5688 0.2244 0.2068 
     D244117 10 0.0950 0.2945 0.6105 
     D244121 10 0.1368 0.4809 0.3823 
     D244123 10 0.1291 0.3053 0.5656 
     D244124 10 0.3192 0.0983 0.5825 
        D332 10 0.1544 0.7282 0.1174 
        D570 10 0.0761 0.8180 0.1059 
        D602 10 0.1234 0.5947 0.2819 
        D603 10 0.1857 0.3392 0.4751 
        D604 10 0.1116 0.2732 0.6151 
        D605 10 0.1952 0.5502 0.2546 
        D606 10 0.7147 0.2301 0.0553 
        D607 10 0.2377 0.6256 0.1367 
        D608 10 0.0210 0.0277 0.9513 
        D609 10 0.1384 0.8080 0.0536 
        D610 10 0.3660 0.3305 0.3035 
        D611 10 0.0228 0.9310 0.0462 
        D613 10 0.0930 0.6141 0.2929 
        D633 10 0.2261 0.3342 0.4396 
        D634 10 0.3161 0.4591 0.2249 
        D638 10 0.0214 0.0239 0.9547 
        D681 10 0.3058 0.4265 0.2676 
        D754 10 0.5907 0.1981 0.2112 
        D755 10 0.0350 0.1402 0.8248 
        D756 10 0.3298 0.3594 0.3109 
        D757 10 0.2798 0.2184 0.5018 
        D758 10 0.3417 0.3625 0.2958 
        D759 10 0.0780 0.1095 0.8125 
        D760 10 0.1550 0.2943 0.5506 
        D761 10 0.0172 0.0209 0.9618 
        D762 10 0.2040 0.6218 0.1742 
        D775 10 0.1400 0.3500 0.5099 
        D776 10 0.0769 0.0573 0.8658 
        D777 10 0.3247 0.2127 0.4626 
        D778 10 0.2360 0.0313 0.7327 
        D779 10 0.3497 0.3185 0.3317 
        D780 10 0.0585 0.1238 0.8177 
        D781 10 0.0669 0.5022 0.4308 
        D858 10 0.9263 0.0156 0.0581 
        D933 10 0.2726 0.3629 0.3645 
        D038 11 0.1977 0.0958 0.7065 
        D063 11 0.0826 0.3196 0.5979 
        D155 11 0.2030 0.2939 0.5031 
        D175 11 0.4322 0.4198 0.1480 
        D176 11 0.0543 0.0636 0.8821 
        D205 11 0.2239 0.7224 0.0538 
     D237229 11 0.3607 0.0624 0.5769 
     D237230 11 0.7432 0.1013 0.1555 
     D237231 11 0.0767 0.7799 0.1434 
     D237269 11 0.1292 0.2117 0.6591 
     D237270 11 0.7216 0.1001 0.1783 
     D237271 11 0.1315 0.7114 0.1571 
     D237272 11 0.6670 0.2043 0.1287 
     D237273 11 0.0909 0.5703 0.3389 
     D237301 11 0.0814 0.7913 0.1273 
     D237302 11 0.5402 0.1457 0.3141 
     D237303 11 0.7898 0.0483 0.1619 
     D237304 11 0.2130 0.5473 0.2397 
     D237305 11 0.7198 0.1208 0.1593 
     D237314 11 0.2378 0.3528 0.4095 
     D237315 11 0.7387 0.0946 0.1666 
     D237316 11 0.0688 0.8740 0.0572 
     D237328 11 0.4664 0.4947 0.0389 
     D237329 11 0.4292 0.1262 0.4446 
     D237330 11 0.0599 0.5758 0.3643 
     D237331 11 0.2154 0.3217 0.4629 
     D237332 11 0.2173 0.6792 0.1035 
     D237333 11 0.0404 0.1368 0.8228 
     D237334 11 0.2352 0.6296 0.1352 
     D237335 11 0.1803 0.7470 0.0726 
     D237336 11 0.1756 0.1044 0.7200 
     D237350 11 0.0435 0.7746 0.1819 
     D237383 11 0.4192 0.1317 0.4492 
     D237384 11 0.4537 0.3487 0.1977 
     D237385 11 0.2646 0.3713 0.3641 
     D237386 11 0.0918 0.6876 0.2206 
     D237387 11 0.3330 0.6057 0.0612 
     D237388 11 0.0718 0.8108 0.1174 
        D239 11 0.1271 0.3610 0.5119 
        D240 11 0.1149 0.0277 0.8575 
        D241 11 0.7674 0.0885 0.1440 
        D242 11 0.2542 0.2985 0.4473 
        D243 11 0.2316 0.5285 0.2399 
        D244 11 0.1089 0.8243 0.0668 
        D245 11 0.6918 0.0820 0.2263 
        D246 11 0.2013 0.6887 0.1100 
        D247 11 0.3581 0.1703 0.4715 
        D248 11 0.0845 0.7183 0.1972 
        D249 11 0.5802 0.3093 0.1106 
        D250 11 0.0478 0.7684 0.1838 
        D251 11 0.1923 0.6962 0.1115 
        D252 11 0.3859 0.5575 0.0566 
        D253 11 0.1902 0.3936 0.4162 
        D254 11 0.8334 0.0308 0.1358 
        D255 11 0.0750 0.8679 0.0571 
        D256 11 0.2786 0.3521 0.3693 
        D257 11 0.8309 0.0501 0.1191 
        D258 11 0.8449 0.1021 0.0531 
        D259 11 0.8012 0.0477 0.1511 
        D260 11 0.2640 0.3330 0.4031 
        D261 11 0.1112 0.6197 0.2691 
        D262 11 0.5896 0.0544 0.3560 
        D263 11 0.1982 0.7301 0.0717 
        D264 11 0.6424 0.2231 0.1345 
        D265 11 0.4254 0.1841 0.3905 
        D266 11 0.0933 0.5325 0.3742 
        D267 11 0.2008 0.7102 0.0890 
        D268 11 0.0430 0.8656 0.0914 
        D269 11 0.1035 0.8688 0.0276 
        D270 11 0.4703 0.3909 0.1387 
        D271 11 0.4397 0.2211 0.3392 
        D272 11 0.1559 0.2482 0.5959 
        D273 11 0.9370 0.0324 0.0305 
        D274 11 0.3116 0.5300 0.1583 
        D275 11 0.1422 0.7162 0.1416 
        D276 11 0.0547 0.9034 0.0420 
        D277 11 0.1868 0.6700 0.1432 
        D278 11 0.1686 0.5123 0.3191 
        D282 11 0.8631 0.1048 0.0321 
        D296 11 0.1090 0.6230 0.2680 
        D297 11 0.1729 0.7674 0.0597 
        D298 11 0.1083 0.4861 0.4057 
        D299 11 0.0391 0.8010 0.1599 
        D300 11 0.1168 0.0900 0.7932 
        D382 11 0.1514 0.8222 0.0264 
        D383 11 0.3328 0.5880 0.0792 
        D387 11 0.1908 0.2630 0.5461 
        D388 11 0.2093 0.6082 0.1825 
        D389 11 0.0378 0.7883 0.1738 
        D390 11 0.0791 0.7724 0.1485 
        D396 11 0.1178 0.2511 0.6312 
        D397 11 0.8352 0.1160 0.0488 
        D398 11 0.4215 0.2857 0.2928 
        D399 11 0.3802 0.2755 0.3442 
        D437 11 0.3971 0.0646 0.5383 
        D441 11 0.0724 0.7229 0.2047 
        D442 11 0.1637 0.2336 0.6027 
        D443 11 0.0770 0.3556 0.5674 
        D444 11 0.1363 0.6648 0.1989 
        D445 11 0.4434 0.5081 0.0485 
        D446 11 0.5895 0.0973 0.3132 
        D451 11 0.4212 0.4800 0.0988 
        D452 11 0.1061 0.2126 0.6813 
        D453 11 0.1532 0.7447 0.1021 
        D454 11 0.6651 0.0720 0.2630 
        D457 11 0.3947 0.4181 0.1872 
        D458 11 0.1346 0.7813 0.0841 
        D466 11 0.0863 0.0364 0.8773 
        D467 11 0.0765 0.7678 0.1557 
        D475 11 0.9227 0.0411 0.0362 
        D488 11 0.2235 0.3021 0.4745 
        D489 11 0.6229 0.1613 0.2158 
        D493 11 0.8049 0.1130 0.0821 
        D494 11 0.1635 0.6280 0.2084 
        D495 11 0.3304 0.0417 0.6279 
        D496 11 0.0217 0.0719 0.9064 
        D674 11 0.0730 0.0455 0.8815 
        D675 11 0.0342 0.0717 0.8941 
        D676 11 0.2125 0.7220 0.0655 
        D680 11 0.2590 0.1470 0.5940 
        D701 11 0.2547 0.1165 0.6289 
        D702 11 0.7532 0.0949 0.1519 
        D703 11 0.2309 0.2435 0.5256 
        D704 11 0.2914 0.4865 0.2221 
        D705 11 0.8858 0.0594 0.0548 
        D706 11 0.1941 0.0421 0.7638 
        D707 11 0.4169 0.5033 0.0798 
        D751 11 0.3220 0.6054 0.0726 
        D752 11 0.1288 0.2532 0.6180 
        D753 11 0.4919 0.3243 0.1839 
        D773 11 0.9604 0.0203 0.0193 
        D774 11 0.1554 0.2988 0.5458 
        D801 11 0.2292 0.3884 0.3824 
        D802 11 0.7800 0.1156 0.1045 
        D803 11 0.1378 0.3341 0.5281 
        D804 11 0.4543 0.2031 0.3426 
        D805 11 0.5171 0.2804 0.2024 
        D806 11 0.8945 0.0418 0.0638 
        D809 11 0.1085 0.7073 0.1843 
        D810 11 0.0545 0.7200 0.2255 
        D812 11 0.4693 0.4384 0.0924 
        D813 11 0.1357 0.0647 0.7995 
        D823 11 0.1147 0.6774 0.2079 
        D824 11 0.0831 0.4170 0.4999 
        D829 11 0.1363 0.5385 0.3252 
        D830 11 0.6242 0.3293 0.0465 
        D831 11 0.2204 0.1010 0.6786 
        D832 11 0.2868 0.1168 0.5964 
        D833 11 0.0448 0.8643 0.0910 
        D834 11 0.0674 0.8811 0.0515 
        D835 11 0.7133 0.2086 0.0780 
        D855 11 0.2035 0.6650 0.1315 
        D863 11 0.0255 0.0199 0.9547 
        D864 11 0.2040 0.6248 0.1712 
        D878 11 0.0790 0.7981 0.1229 
        D879 11 0.7942 0.1361 0.0697 
        D880 11 0.0317 0.3639 0.6044 
        D881 11 0.1197 0.6314 0.2490 
        D882 11 0.0963 0.1278 0.7758 
        D909 11 0.1643 0.5966 0.2391 
        D921 11 0.0787 0.7744 0.1469 
        D924 11 0.0515 0.1622 0.7863 
        D935 11 0.1184 0.8293 0.0523 
        D940 11 0.0495 0.0351 0.9153 
        D941 11 0.1929 0.5042 0.3028 
        D942 11 0.8954 0.0717 0.0328 
        D980 11 0.2672 0.4131 0.3196 
        D981 11 0.6546 0.2456 0.0998 
        D982 11 0.0377 0.0904 0.8719 
        D983 11 0.0521 0.8923 0.0556 
        D984 11 0.0832 0.6585 0.2583 
        D992 11 0.7112 0.1693 0.1195 
        D993 11 0.1433 0.8064 0.0503 
        D994 11 0.1913 0.3235 0.4852 
        D995 11 0.7790 0.1902 0.0308 
        H354 11 0.7355 0.1871 0.0774 
        D005 12 0.6113 0.0702 0.3185 
        D035 12 0.3283 0.1321 0.5396 
        D067 12 0.2086 0.6066 0.1848 
        D134 12 0.2035 0.1494 0.6471 
        D135 12 0.4340 0.2599 0.3061 
        D136 12 0.4710 0.4571 0.0719 
        D137 12 0.3012 0.1471 0.5516 
        D138 12 0.2159 0.3490 0.4352 
        D139 12 0.0998 0.4168 0.4835 
        D140 12 0.4804 0.2374 0.2821 
        D141 12 0.9647 0.0192 0.0160 
        D150 12 0.7202 0.0997 0.1801 
        D177 12 0.1661 0.0648 0.7691 
        D178 12 0.1260 0.7264 0.1476 
        D179 12 0.4520 0.2686 0.2793 
        D180 12 0.5152 0.2936 0.1912 
        D187 12 0.2251 0.1203 0.6546 
        D188 12 0.9623 0.0198 0.0179 
        D191 12 0.8677 0.0362 0.0961 
        D418 12 0.8873 0.0365 0.0762 
        D601 12 0.8369 0.0901 0.0729 
        D836 12 0.9018 0.0359 0.0623 
        D837 12 0.2232 0.3731 0.4037 
        D838 12 0.0873 0.3955 0.5171 
        D839 12 0.1268 0.0514 0.8218 
        D840 12 0.1015 0.3069 0.5916 
        D841 12 0.6065 0.1649 0.2286 
        D842 12 0.9533 0.0163 0.0304 
        D843 12 0.1560 0.5913 0.2527 
        D844 12 0.3800 0.0460 0.5740 
        D912 12 0.0808 0.7308 0.1884 
        D913 12 0.0189 0.0227 0.9583 
