        D174  1 0.0675 0.0378 0.4207 0.0993 0.1112 0.0545 0.0262 0.1011 0.0164 0.0652 
        D199  1 0.1652 0.1809 0.1439 0.0425 0.0482 0.1527 0.0797 0.1079 0.0498 0.0292 
        D203  1 0.0796 0.1436 0.0713 0.0241 0.1427 0.2518 0.0908 0.0477 0.0401 0.1084 
        D204  1 0.0211 0.0287 0.0158 0.0167 0.0356 0.7511 0.0158 0.0176 0.0627 0.0350 
     D237366  1 0.0973 0.0412 0.0502 0.0245 0.1298 0.0345 0.0819 0.4254 0.0968 0.0185 
     D237367  1 0.1180 0.0679 0.0301 0.0913 0.0840 0.2313 0.0217 0.2662 0.0454 0.0440 
     D237368  1 0.0724 0.0904 0.0882 0.0254 0.0358 0.1341 0.0240 0.3556 0.0432 0.1309 
     D244101  1 0.0904 0.0855 0.0156 0.0291 0.0208 0.1546 0.0850 0.0223 0.4664 0.0302 
     D244102  1 0.0895 0.0490 0.0420 0.1753 0.1956 0.0716 0.0589 0.0831 0.0873 0.1476 
     D244103  1 0.1866 0.0342 0.0413 0.0633 0.1342 0.1397 0.0985 0.2262 0.0416 0.0344 
     D244104  1 0.0334 0.0295 0.0657 0.0590 0.0171 0.6595 0.0392 0.0433 0.0280 0.0254 
     D244105  1 0.3045 0.0239 0.0152 0.0229 0.2457 0.0400 0.0860 0.1063 0.0241 0.1314 
     D244106  1 0.0622 0.0756 0.4885 0.0245 0.1510 0.0707 0.0627 0.0215 0.0190 0.0244 
     D244107  1 0.0809 0.0908 0.0145 0.0270 0.0198 0.0513 0.0434 0.4578 0.0631 0.1513 
     D244108  1 0.0321 0.0371 0.2181 0.0279 0.0488 0.0389 0.0242 0.0191 0.0248 0.5290 
     D244113  1 0.0392 0.0443 0.3054 0.3304 0.0816 0.0155 0.0188 0.0271 0.0978 0.0399 
     D244114  1 0.2095 0.0406 0.0685 0.0292 0.2837 0.0642 0.2095 0.0289 0.0347 0.0313 
     D244115  1 0.1387 0.0220 0.2821 0.0394 0.0696 0.1557 0.0401 0.0345 0.0246 0.1933 
     D267365  1 0.0790 0.0307 0.1739 0.0398 0.0479 0.3164 0.1313 0.1074 0.0382 0.0354 
        D404  1 0.0371 0.0588 0.2715 0.1793 0.2352 0.0257 0.0231 0.0169 0.0931 0.0593 
        D405  1 0.0743 0.0839 0.0475 0.2423 0.2351 0.1008 0.0415 0.0410 0.0677 0.0659 
        D406  1 0.0256 0.0147 0.0372 0.0126 0.0520 0.0442 0.0168 0.4111 0.0327 0.3532 
        D407  1 0.0697 0.0617 0.0250 0.0569 0.0189 0.4607 0.0465 0.2291 0.0136 0.0178 
        D408  1 0.0534 0.0152 0.3192 0.2879 0.0332 0.0527 0.1352 0.0351 0.0273 0.0407 
        D409  1 0.2096 0.0486 0.0374 0.0418 0.1364 0.1720 0.1282 0.1639 0.0242 0.0380 
        D410  1 0.0234 0.0096 0.0178 0.0190 0.0205 0.0521 0.0121 0.0164 0.0212 0.8078 
        D421  1 0.0189 0.0227 0.0180 0.0129 0.0083 0.8624 0.0180 0.0213 0.0087 0.0088 
        D422  1 0.0386 0.0227 0.0149 0.0137 0.0185 0.0557 0.0711 0.7262 0.0147 0.0240 
        D423  1 0.0465 0.0479 0.0135 0.0167 0.0279 0.0853 0.0184 0.0898 0.0170 0.6370 
        D424  1 0.1875 0.0154 0.0321 0.0401 0.0371 0.5797 0.0176 0.0482 0.0198 0.0225 
        D425  1 0.1063 0.0185 0.0926 0.0437 0.1005 0.4299 0.0387 0.0304 0.0276 0.1118 
        D426  1 0.2414 0.0265 0.0224 0.0569 0.0643 0.0787 0.2367 0.2422 0.0162 0.0147 
        D427  1 0.0333 0.3620 0.1653 0.0253 0.0120 0.3242 0.0201 0.0335 0.0111 0.0131 
        D428  1 0.1250 0.0485 0.1447 0.0650 0.0492 0.2500 0.0320 0.0900 0.0822 0.1134 
        D429  1 0.0621 0.0279 0.1695 0.0346 0.1199 0.4482 0.0403 0.0240 0.0341 0.0395 
        D430  1 0.1407 0.0589 0.1442 0.0806 0.2929 0.0744 0.1109 0.0417 0.0227 0.0329 
        D491  1 0.0291 0.0139 0.6572 0.0755 0.0235 0.0699 0.0292 0.0233 0.0249 0.0535 
        D492  1 0.1907 0.0485 0.1168 0.0585 0.0661 0.2696 0.0366 0.1195 0.0466 0.0471 
        D537  1 0.0740 0.0289 0.0240 0.0774 0.0504 0.5017 0.0235 0.0801 0.0594 0.0806 
        D538  1 0.1443 0.0725 0.0892 0.0461 0.1567 0.0519 0.0278 0.0995 0.0648 0.2472 
        D539  1 0.0884 0.0376 0.1112 0.0724 0.1762 0.0262 0.3132 0.0351 0.0502 0.0895 
        D540  1 0.2053 0.0222 0.0333 0.2865 0.0356 0.1884 0.0667 0.0894 0.0176 0.0550 
        D541  1 0.0157 0.0143 0.0114 0.0108 0.0113 0.8757 0.0157 0.0152 0.0138 0.0161 
        D551  1 0.2792 0.1541 0.0305 0.0385 0.0690 0.0387 0.2620 0.0869 0.0204 0.0207 
        D552  1 0.0847 0.0292 0.1419 0.0530 0.0375 0.1154 0.0612 0.0761 0.0707 0.3302 
        D553  1 0.0188 0.0111 0.0143 0.0192 0.0115 0.8646 0.0120 0.0198 0.0150 0.0137 
        D615  1 0.0778 0.0613 0.0672 0.0396 0.0755 0.4039 0.0600 0.0366 0.0231 0.1550 
        D616  1 0.1369 0.0798 0.0708 0.0336 0.0587 0.3317 0.0568 0.0759 0.0202 0.1356 
        D621  1 0.0328 0.0192 0.0455 0.0459 0.0311 0.0124 0.0345 0.1426 0.2178 0.4182 
        D622  1 0.0505 0.0208 0.0327 0.0326 0.0719 0.0323 0.0356 0.2832 0.0457 0.3947 
        D623  1 0.0460 0.1345 0.2820 0.0739 0.0673 0.0244 0.0291 0.0282 0.2365 0.0781 
        D624  1 0.0447 0.0125 0.8102 0.0254 0.0209 0.0197 0.0156 0.0296 0.0090 0.0123 
        D625  1 0.0546 0.0139 0.0913 0.0434 0.0496 0.5578 0.0248 0.0478 0.0496 0.0673 
        D626  1 0.1073 0.0297 0.2440 0.1529 0.0734 0.0662 0.0515 0.1244 0.0288 0.1218 
        D627  1 0.2842 0.0195 0.0286 0.0243 0.1276 0.1141 0.2367 0.1312 0.0198 0.0140 
        D690  1 0.0177 0.0079 0.0344 0.0184 0.0183 0.7857 0.0140 0.0357 0.0217 0.0462 
        D691  1 0.0322 0.0172 0.0348 0.0197 0.1054 0.0875 0.0427 0.4752 0.0195 0.1659 
        D710  1 0.1130 0.0318 0.0999 0.0680 0.0270 0.2656 0.0347 0.1099 0.1505 0.0995 
        D711  1 0.0190 0.0203 0.0254 0.0126 0.0346 0.7771 0.0215 0.0280 0.0346 0.0268 
        D712  1 0.0694 0.0459 0.5218 0.0698 0.0405 0.0234 0.0869 0.0694 0.0458 0.0272 
        D713  1 0.1109 0.0200 0.1552 0.1432 0.1446 0.1303 0.0324 0.0733 0.1198 0.0703 
        D746  1 0.0293 0.0254 0.0217 0.0206 0.0355 0.0678 0.0241 0.5274 0.0183 0.2299 
        D747  1 0.0160 0.0176 0.0151 0.0093 0.0115 0.8734 0.0124 0.0134 0.0216 0.0098 
        D748  1 0.0541 0.0148 0.0357 0.0367 0.2181 0.1884 0.0838 0.1741 0.0399 0.1545 
        D749  1 0.2036 0.0319 0.1157 0.0392 0.0964 0.0242 0.0344 0.1804 0.0704 0.2038 
        D750  1 0.0350 0.0165 0.6390 0.0260 0.0309 0.1095 0.0182 0.0313 0.0341 0.0595 
        D763  1 0.1313 0.0916 0.0182 0.1415 0.0601 0.0532 0.1706 0.0969 0.1920 0.0445 
        D764  1 0.0530 0.0157 0.2440 0.0285 0.0214 0.4493 0.0172 0.0623 0.0158 0.0928 
        D765  1 0.0581 0.0147 0.1016 0.0204 0.0688 0.0290 0.0302 0.0514 0.0144 0.6114 
        D766  1 0.0422 0.0226 0.0248 0.0541 0.0347 0.0530 0.0177 0.0687 0.0807 0.6015 
        D767  1 0.0797 0.0842 0.0248 0.0534 0.2230 0.0966 0.0258 0.0736 0.2349 0.1039 
        D768  1 0.0205 0.0149 0.0107 0.0169 0.0144 0.8518 0.0172 0.0212 0.0132 0.0192 
        D811  1 0.0259 0.0131 0.0440 0.5589 0.1570 0.0181 0.0232 0.0183 0.0172 0.1242 
        D816  1 0.0247 0.0117 0.0220 0.0127 0.0173 0.8431 0.0121 0.0151 0.0199 0.0214 
        D825  1 0.1015 0.0185 0.1197 0.0805 0.0815 0.1185 0.0228 0.0294 0.0178 0.4097 
        D866  1 0.0919 0.1115 0.2009 0.0607 0.0685 0.0581 0.3010 0.0248 0.0135 0.0690 
        D867  1 0.0613 0.0420 0.0194 0.0357 0.0308 0.0141 0.0208 0.6539 0.0640 0.0581 
        D871  1 0.2557 0.0198 0.0466 0.0462 0.1613 0.1488 0.1463 0.1276 0.0296 0.0182 
        D872  1 0.0707 0.0380 0.0406 0.0438 0.0742 0.1383 0.0209 0.0509 0.0578 0.4647 
        D873  1 0.0191 0.0281 0.0162 0.0268 0.0299 0.0098 0.0106 0.0334 0.0477 0.7782 
        D874  1 0.0426 0.0211 0.0988 0.0340 0.0486 0.0498 0.0328 0.0137 0.6437 0.0149 
        D875  1 0.2151 0.0134 0.0207 0.0327 0.1946 0.1208 0.1235 0.1789 0.0184 0.0818 
        D876  1 0.1282 0.0204 0.0946 0.0357 0.0439 0.3116 0.0720 0.0809 0.1006 0.1121 
        D877  1 0.0638 0.0230 0.1497 0.2531 0.3229 0.0312 0.0201 0.0127 0.0986 0.0250 
        D892  1 0.0734 0.0136 0.1404 0.0211 0.2502 0.2489 0.0337 0.1132 0.0344 0.0711 
        D893  1 0.0461 0.0312 0.0133 0.0357 0.0421 0.6390 0.0599 0.0575 0.0446 0.0306 
        D894  1 0.0440 0.0204 0.0498 0.0162 0.0895 0.6760 0.0421 0.0275 0.0185 0.0160 
        D915  1 0.0571 0.0261 0.0434 0.0276 0.0922 0.4457 0.0506 0.0370 0.0204 0.2000 
        D916  1 0.0140 0.0093 0.0154 0.0103 0.0167 0.8882 0.0111 0.0124 0.0111 0.0116 
        D917  1 0.0970 0.0416 0.3430 0.0543 0.0424 0.1074 0.0825 0.0688 0.1366 0.0263 
        D925  1 0.0338 0.0200 0.0724 0.0432 0.0267 0.1620 0.0286 0.0461 0.0162 0.5510 
        D926  1 0.2217 0.0175 0.0688 0.0255 0.0594 0.4139 0.0509 0.0477 0.0549 0.0396 
        D927  1 0.1132 0.2683 0.0527 0.0295 0.0598 0.2147 0.0908 0.0940 0.0457 0.0313 
        D928  1 0.0190 0.0148 0.7770 0.0187 0.0171 0.0727 0.0107 0.0113 0.0191 0.0395 
        D929  1 0.0570 0.0153 0.0432 0.0641 0.1747 0.0321 0.0230 0.0719 0.4905 0.0281 
        D936  1 0.0388 0.0402 0.0202 0.0208 0.0348 0.5734 0.1020 0.0189 0.1192 0.0317 
        D938  1 0.0197 0.0132 0.0165 0.0333 0.0434 0.0150 0.0190 0.3597 0.0377 0.4424 
        D956  1 0.0590 0.0349 0.5859 0.0614 0.1198 0.0322 0.0253 0.0183 0.0221 0.0410 
        D957  1 0.0366 0.0270 0.0288 0.0165 0.0500 0.0600 0.0162 0.0275 0.0317 0.7057 
        D958  1 0.0498 0.0172 0.0659 0.0328 0.0261 0.0806 0.0166 0.0506 0.0601 0.6004 
        D959  1 0.0895 0.0478 0.0208 0.0338 0.0133 0.4467 0.0645 0.2569 0.0127 0.0141 
        D960  1 0.0527 0.0207 0.0374 0.0155 0.0687 0.0262 0.0230 0.3561 0.0499 0.3498 
        D989  1 0.0599 0.0715 0.6257 0.0469 0.0326 0.0337 0.0502 0.0376 0.0259 0.0160 
        D990  1 0.0444 0.0241 0.0526 0.0449 0.0175 0.0169 0.0714 0.1211 0.0251 0.5821 
        D023  2 0.0160 0.0176 0.0117 0.0122 0.0109 0.0266 0.0103 0.8703 0.0126 0.0118 
        D130  2 0.0369 0.0397 0.0127 0.0360 0.0875 0.0748 0.0283 0.5436 0.0246 0.1159 
        D131  2 0.2183 0.0291 0.0382 0.1349 0.0907 0.2214 0.1143 0.0279 0.0478 0.0773 
        D163  2 0.0557 0.0123 0.0535 0.0170 0.0263 0.0715 0.0516 0.6258 0.0360 0.0502 
        D164  2 0.0150 0.4993 0.0091 0.0197 0.0092 0.0096 0.0121 0.0196 0.0153 0.3910 
        D165  2 0.0196 0.0266 0.0143 0.0131 0.0110 0.0235 0.0147 0.8389 0.0203 0.0180 
        D166  2 0.1430 0.0396 0.0177 0.1281 0.4219 0.0328 0.0546 0.0596 0.0588 0.0438 
        D167  2 0.0158 0.8528 0.0218 0.0225 0.0260 0.0150 0.0122 0.0111 0.0100 0.0128 
        D192  2 0.0121 0.8827 0.0142 0.0166 0.0110 0.0075 0.0189 0.0091 0.0146 0.0132 
        D193  2 0.1413 0.0296 0.1207 0.1277 0.3220 0.0249 0.0483 0.0272 0.1065 0.0518 
        D206  2 0.1263 0.3387 0.0189 0.2289 0.0367 0.0764 0.0350 0.0698 0.0400 0.0292 
        D207  2 0.0831 0.6356 0.0180 0.0535 0.0564 0.0320 0.0521 0.0278 0.0228 0.0187 
        D208  2 0.0865 0.0646 0.1590 0.2699 0.0642 0.0621 0.1734 0.0392 0.0457 0.0355 
        D209  2 0.1731 0.4399 0.0248 0.0507 0.0260 0.0257 0.0255 0.0577 0.1379 0.0386 
        D210  2 0.0399 0.0779 0.5036 0.0272 0.0506 0.0654 0.1496 0.0228 0.0358 0.0271 
     D229599  2 0.1660 0.0395 0.0505 0.0352 0.0790 0.1521 0.1678 0.1149 0.1560 0.0391 
     D229600  2 0.0752 0.3503 0.0213 0.0294 0.0653 0.0275 0.0408 0.3010 0.0224 0.0668 
     D237227  2 0.0630 0.0537 0.4575 0.0431 0.0297 0.0398 0.0953 0.0487 0.0214 0.1477 
     D237228  2 0.0933 0.0401 0.1605 0.0366 0.0455 0.0113 0.0481 0.0155 0.0151 0.5340 
     D237258  2 0.1489 0.1777 0.0487 0.1116 0.0538 0.0562 0.0760 0.1841 0.0578 0.0851 
     D237310  2 0.0508 0.0526 0.0380 0.0555 0.1465 0.0104 0.0509 0.0301 0.0269 0.5383 
     D237311  2 0.0396 0.1332 0.0257 0.0270 0.0745 0.0127 0.0189 0.0253 0.0156 0.6275 
     D237312  2 0.0474 0.0161 0.0373 0.1039 0.3873 0.0232 0.0563 0.0750 0.0611 0.1926 
     D237313  2 0.1676 0.0244 0.0832 0.1331 0.0673 0.0850 0.1226 0.0373 0.0640 0.2155 
     D237322  2 0.1996 0.0463 0.0562 0.0644 0.1737 0.0304 0.1798 0.0265 0.1120 0.1108 
     D237323  2 0.0451 0.0210 0.1323 0.0202 0.0505 0.0130 0.0417 0.0543 0.0251 0.5967 
     D237324  2 0.2921 0.2035 0.0122 0.0255 0.0385 0.0476 0.0883 0.1829 0.0329 0.0765 
     D237325  2 0.0773 0.0564 0.0684 0.0380 0.1399 0.0263 0.0360 0.0719 0.0725 0.4134 
     D237326  2 0.0253 0.0206 0.0442 0.0132 0.0231 0.0315 0.0152 0.0347 0.0437 0.7483 
     D237327  2 0.1518 0.1375 0.0440 0.0339 0.0880 0.0582 0.2426 0.0821 0.1290 0.0330 
     D237337  2 0.0268 0.0136 0.0264 0.0206 0.0316 0.0222 0.0207 0.0192 0.0174 0.8015 
     D237338  2 0.1255 0.0776 0.0937 0.0525 0.1224 0.0487 0.0834 0.1463 0.0824 0.1675 
     D237339  2 0.0626 0.0985 0.0141 0.0209 0.0237 0.0232 0.0355 0.0149 0.6771 0.0293 
     D237340  2 0.0630 0.1364 0.1319 0.0470 0.0940 0.0134 0.0341 0.0272 0.0348 0.4182 
     D237389  2 0.0450 0.1060 0.0182 0.0853 0.1918 0.0192 0.0169 0.0310 0.0286 0.4578 
     D237390  2 0.0542 0.0197 0.0451 0.0569 0.3174 0.0329 0.0586 0.0426 0.0359 0.3367 
     D244017  2 0.0896 0.3928 0.1959 0.0637 0.1173 0.0197 0.0209 0.0534 0.0187 0.0280 
     D244112  2 0.0202 0.8155 0.0179 0.0146 0.0521 0.0156 0.0193 0.0210 0.0111 0.0126 
     D244118  2 0.0259 0.6579 0.0244 0.0150 0.0245 0.0095 0.0160 0.1447 0.0300 0.0522 
     D244119  2 0.0240 0.2424 0.6121 0.0199 0.0144 0.0181 0.0182 0.0134 0.0118 0.0256 
     D244120  2 0.0293 0.4362 0.0386 0.0759 0.2117 0.0123 0.1131 0.0209 0.0434 0.0186 
     D244122  2 0.0336 0.6979 0.0294 0.0660 0.0538 0.0214 0.0210 0.0327 0.0247 0.0197 
        D291  2 0.1345 0.0556 0.0163 0.1113 0.0478 0.0674 0.4077 0.1180 0.0184 0.0229 
        D292  2 0.0587 0.2422 0.0588 0.0265 0.0495 0.2235 0.1678 0.0273 0.0430 0.1027 
        D293  2 0.0884 0.5902 0.0162 0.0129 0.0225 0.1021 0.0311 0.0122 0.1116 0.0128 
        D322  2 0.0564 0.4799 0.0164 0.0162 0.0249 0.1037 0.0216 0.0355 0.2046 0.0407 
        D323  2 0.0863 0.0917 0.0247 0.5370 0.0533 0.0340 0.0586 0.0288 0.0514 0.0343 
        D324  2 0.1181 0.0319 0.0619 0.0690 0.0589 0.1202 0.2886 0.1039 0.0196 0.1280 
        D325  2 0.0304 0.7765 0.0107 0.0121 0.0174 0.0357 0.0551 0.0258 0.0198 0.0167 
        D326  2 0.0267 0.0116 0.0269 0.0141 0.0152 0.8531 0.0188 0.0102 0.0127 0.0106 
        D340  2 0.0225 0.8332 0.0163 0.0143 0.0131 0.0213 0.0239 0.0137 0.0217 0.0199 
        D341  2 0.0663 0.5142 0.0397 0.0586 0.0947 0.0379 0.0710 0.0238 0.0372 0.0566 
        D342  2 0.0818 0.5680 0.0127 0.0488 0.0605 0.0185 0.0681 0.0640 0.0140 0.0635 
        D343  2 0.0132 0.8975 0.0091 0.0079 0.0109 0.0158 0.0161 0.0086 0.0125 0.0083 
        D344  2 0.1190 0.0477 0.0188 0.0710 0.0844 0.0907 0.0232 0.0140 0.4855 0.0456 
        D345  2 0.1022 0.0357 0.0313 0.0408 0.0209 0.0757 0.0520 0.0532 0.2291 0.3593 
        D346  2 0.0480 0.0396 0.3508 0.3193 0.0304 0.0495 0.0706 0.0305 0.0328 0.0285 
        D351  2 0.1853 0.0339 0.0269 0.0544 0.1410 0.1995 0.0877 0.0894 0.0935 0.0883 
        D352  2 0.0572 0.0242 0.0599 0.0363 0.0240 0.0194 0.0218 0.0263 0.7004 0.0304 
        D353  2 0.5718 0.0245 0.0120 0.0443 0.0269 0.1609 0.0279 0.0182 0.0947 0.0188 
        D354  2 0.0686 0.0125 0.0370 0.0348 0.0187 0.0532 0.0211 0.0132 0.6912 0.0497 
        D362  2 0.0334 0.0209 0.0229 0.0204 0.0168 0.7470 0.0172 0.0689 0.0244 0.0282 
        D363  2 0.0404 0.0179 0.0387 0.0373 0.0154 0.7542 0.0214 0.0314 0.0199 0.0234 
        D364  2 0.0958 0.0243 0.0406 0.0233 0.0298 0.3132 0.0166 0.0203 0.3851 0.0511 
        D365  2 0.0161 0.8648 0.0168 0.0131 0.0123 0.0194 0.0116 0.0120 0.0217 0.0123 
        D369  2 0.0918 0.1159 0.1687 0.1177 0.0344 0.1862 0.0878 0.0520 0.0185 0.1270 
        D374  2 0.0529 0.0205 0.3400 0.1987 0.1918 0.0224 0.0248 0.0118 0.0678 0.0693 
        D375  2 0.0475 0.0150 0.0166 0.0352 0.0273 0.0210 0.0110 0.0206 0.7871 0.0186 
        D376  2 0.0797 0.0284 0.4685 0.0937 0.1216 0.0192 0.0285 0.0140 0.0941 0.0524 
        D377  2 0.0902 0.0474 0.0303 0.4779 0.0876 0.0269 0.0495 0.0338 0.0354 0.1210 
        D378  2 0.0974 0.2341 0.0241 0.0552 0.0273 0.1259 0.0516 0.1155 0.2380 0.0309 
        D379  2 0.0759 0.0179 0.0307 0.0933 0.0283 0.6175 0.0363 0.0191 0.0503 0.0306 
        D384  2 0.0173 0.0119 0.0216 0.0237 0.0128 0.8491 0.0171 0.0119 0.0155 0.0191 
        D385  2 0.0408 0.6684 0.0355 0.0479 0.0200 0.0183 0.0206 0.0192 0.1140 0.0154 
        D386  2 0.0897 0.0795 0.0139 0.0421 0.0270 0.0796 0.0305 0.0627 0.5292 0.0457 
        D391  2 0.0294 0.7060 0.0111 0.0275 0.0200 0.0266 0.0209 0.0170 0.1172 0.0241 
        D392  2 0.0639 0.5096 0.0424 0.0273 0.0337 0.0675 0.0263 0.0484 0.0207 0.1603 
        D393  2 0.0610 0.0625 0.0195 0.0954 0.0425 0.1902 0.1665 0.0466 0.2634 0.0526 
        D394  2 0.1281 0.0876 0.0409 0.0218 0.0817 0.0983 0.0426 0.1284 0.1792 0.1914 
        D395  2 0.0971 0.2930 0.0270 0.0309 0.0323 0.0166 0.0217 0.0245 0.4420 0.0149 
        D401  2 0.0266 0.0291 0.0218 0.0725 0.0279 0.0149 0.0189 0.0160 0.0084 0.7639 
        D402  2 0.0239 0.6995 0.0151 0.0444 0.0265 0.0192 0.0504 0.0132 0.0851 0.0227 
        D403  2 0.3468 0.0313 0.0193 0.0348 0.0933 0.2013 0.0374 0.0664 0.1361 0.0333 
        D415  2 0.1464 0.0201 0.0138 0.0189 0.0595 0.5902 0.0228 0.0245 0.0201 0.0838 
        D435  2 0.0425 0.1438 0.0157 0.0165 0.0282 0.5686 0.0551 0.0374 0.0512 0.0409 
        D436  2 0.0908 0.0306 0.0468 0.0457 0.1751 0.1304 0.0512 0.0320 0.3655 0.0318 
        D438  2 0.0134 0.8638 0.0200 0.0251 0.0136 0.0099 0.0130 0.0152 0.0138 0.0122 
        D439  2 0.0955 0.0417 0.0146 0.0383 0.0279 0.0407 0.0293 0.0528 0.6345 0.0247 
        D449  2 0.0742 0.5710 0.0200 0.0267 0.0236 0.0835 0.1189 0.0440 0.0247 0.0134 
        D450  2 0.1507 0.0183 0.2047 0.0651 0.1132 0.1000 0.0720 0.0710 0.1705 0.0345 
        D456  2 0.0187 0.0093 0.0142 0.0220 0.0256 0.8388 0.0241 0.0148 0.0190 0.0135 
        D462  2 0.0208 0.7501 0.0110 0.0171 0.0166 0.0357 0.0144 0.0198 0.1027 0.0119 
        D463  2 0.0271 0.0085 0.0313 0.0194 0.0162 0.8220 0.0134 0.0150 0.0319 0.0153 
        D464  2 0.3221 0.0735 0.0252 0.0890 0.0647 0.0466 0.0243 0.0216 0.3083 0.0248 
        D465  2 0.0832 0.4498 0.0196 0.0597 0.0452 0.1664 0.0381 0.0388 0.0201 0.0791 
        D473  2 0.0596 0.0317 0.4413 0.0742 0.0482 0.0192 0.0388 0.0641 0.0777 0.1453 
        D474  2 0.0616 0.0453 0.0330 0.0264 0.0218 0.6082 0.0909 0.0563 0.0228 0.0337 
        D476  2 0.0271 0.0448 0.0129 0.0125 0.0273 0.0168 0.0267 0.3026 0.5075 0.0220 
        D477  2 0.0744 0.0236 0.0581 0.0840 0.0311 0.2340 0.1048 0.0237 0.2685 0.0978 
        D478  2 0.2011 0.0608 0.1126 0.0455 0.0627 0.0306 0.0410 0.3313 0.0878 0.0266 
        D480  2 0.0870 0.0697 0.1116 0.0997 0.0646 0.1454 0.1025 0.0210 0.2718 0.0266 
        D481  2 0.0836 0.0662 0.0873 0.0343 0.0256 0.3003 0.0505 0.0913 0.1826 0.0785 
        D482  2 0.1546 0.0248 0.0796 0.0681 0.0611 0.0188 0.1329 0.0398 0.3427 0.0777 
        D483  2 0.0184 0.8203 0.0579 0.0125 0.0140 0.0114 0.0175 0.0183 0.0139 0.0158 
        D484  2 0.0219 0.0163 0.0196 0.0288 0.0274 0.0100 0.0144 0.0151 0.8336 0.0128 
        D510  2 0.0639 0.0211 0.5401 0.0491 0.0948 0.0215 0.1388 0.0165 0.0263 0.0279 
        D511  2 0.0358 0.0506 0.0187 0.0363 0.0185 0.0581 0.0340 0.0290 0.6902 0.0287 
        D512  2 0.1070 0.1650 0.0126 0.0706 0.0721 0.0224 0.0429 0.0413 0.0262 0.4398 
        D513  2 0.1034 0.4610 0.0541 0.0792 0.0417 0.0665 0.0845 0.0421 0.0182 0.0493 
        D635  2 0.1011 0.0352 0.0170 0.0252 0.0156 0.2120 0.0225 0.5265 0.0210 0.0239 
        D636  2 0.0181 0.0150 0.0143 0.0336 0.0116 0.0224 0.0108 0.8108 0.0131 0.0502 
        D637  2 0.1035 0.1381 0.0520 0.1435 0.1532 0.0304 0.0738 0.0240 0.2259 0.0556 
        D658  2 0.0495 0.4130 0.1251 0.0300 0.0783 0.0192 0.0258 0.0164 0.1956 0.0470 
        D659  2 0.0535 0.0231 0.0393 0.0218 0.0238 0.5809 0.0948 0.0979 0.0483 0.0165 
        D677  2 0.1146 0.0666 0.0181 0.1052 0.2381 0.1634 0.0811 0.1063 0.0295 0.0770 
        D678  2 0.0587 0.6672 0.0112 0.0852 0.0496 0.0204 0.0280 0.0264 0.0212 0.0321 
        D679  2 0.1017 0.0386 0.0436 0.2666 0.0396 0.2850 0.0916 0.0451 0.0484 0.0400 
        D719  2 0.0550 0.1591 0.4345 0.0317 0.0222 0.1247 0.0638 0.0146 0.0358 0.0587 
        D720  2 0.0380 0.0298 0.0561 0.0348 0.0222 0.7053 0.0291 0.0239 0.0165 0.0444 
        D721  2 0.0300 0.0373 0.0316 0.0180 0.0128 0.0284 0.0217 0.7763 0.0254 0.0184 
        D722  2 0.0856 0.0528 0.1934 0.2168 0.1594 0.0205 0.0476 0.0176 0.0785 0.1278 
        D734  2 0.0377 0.0741 0.2131 0.0317 0.0228 0.0184 0.0477 0.0116 0.5317 0.0111 
        D735  2 0.1139 0.0503 0.0656 0.1882 0.0527 0.2139 0.0778 0.0371 0.0932 0.1074 
        D736  2 0.0805 0.0563 0.3243 0.0341 0.0391 0.0573 0.2754 0.0374 0.0518 0.0437 
        D737  2 0.0622 0.5812 0.0352 0.0209 0.0351 0.0146 0.0462 0.0347 0.1322 0.0378 
        D807  2 0.0720 0.0472 0.2149 0.0637 0.0899 0.1567 0.1245 0.0467 0.0910 0.0934 
        D808  2 0.1341 0.0874 0.0287 0.0280 0.1800 0.0787 0.0578 0.0468 0.0571 0.3015 
        D817  2 0.0863 0.0200 0.0264 0.5153 0.0396 0.1391 0.0467 0.0299 0.0504 0.0464 
        D818  2 0.2691 0.1317 0.0204 0.0388 0.1777 0.0532 0.1305 0.1322 0.0285 0.0180 
        D819  2 0.0873 0.0228 0.0255 0.4356 0.0361 0.1367 0.0485 0.0508 0.0212 0.1354 
        D820  2 0.0435 0.0408 0.0210 0.0147 0.0403 0.6565 0.0411 0.0257 0.0976 0.0189 
        D895  2 0.1441 0.0365 0.0389 0.1141 0.0253 0.2714 0.0565 0.1946 0.0536 0.0650 
        D896  2 0.0143 0.0109 0.0169 0.0203 0.0315 0.0134 0.0139 0.0139 0.0127 0.8523 
        D897  2 0.0809 0.4980 0.0252 0.0725 0.0855 0.0283 0.1028 0.0360 0.0421 0.0288 
        D898  2 0.1602 0.0384 0.0425 0.1511 0.1367 0.0497 0.1383 0.0361 0.0515 0.1957 
        D918  2 0.1470 0.0643 0.0603 0.0607 0.1801 0.0318 0.1003 0.0908 0.0918 0.1730 
        D919  2 0.1168 0.0631 0.0201 0.0198 0.0546 0.0970 0.0507 0.0358 0.5214 0.0207 
        D920  2 0.0515 0.0328 0.0631 0.0180 0.1368 0.0273 0.0274 0.5161 0.0316 0.0954 
        D923  2 0.0650 0.0310 0.0173 0.0455 0.0342 0.6034 0.0273 0.0330 0.1195 0.0237 
        D930  2 0.1292 0.0365 0.1186 0.1438 0.0773 0.1826 0.0956 0.0240 0.1032 0.0893 
        D931  2 0.0907 0.1247 0.0380 0.0581 0.0520 0.2951 0.0497 0.0435 0.2005 0.0476 
        D968  2 0.0281 0.7974 0.0137 0.0212 0.0205 0.0192 0.0493 0.0119 0.0216 0.0172 
        D969  2 0.1448 0.2089 0.0622 0.0433 0.0449 0.2233 0.1563 0.0306 0.0414 0.0443 
        D977  2 0.0661 0.7114 0.0179 0.0318 0.0330 0.0353 0.0367 0.0231 0.0289 0.0157 
        D978  2 0.1331 0.0867 0.0294 0.2512 0.1363 0.0240 0.2785 0.0231 0.0235 0.0142 
        D211  3 0.0592 0.0180 0.0206 0.0963 0.2178 0.0577 0.0305 0.4583 0.0272 0.0144 
     D229639  3 0.0771 0.0528 0.0982 0.0336 0.0616 0.0726 0.4967 0.0315 0.0209 0.0550 
     D237212  3 0.0884 0.0435 0.0217 0.0872 0.1076 0.0697 0.2184 0.0653 0.2470 0.0512 
     D237213  3 0.0908 0.0269 0.0163 0.3830 0.1265 0.0327 0.0537 0.0692 0.0693 0.1315 
     D237214  3 0.0247 0.0117 0.0196 0.0151 0.0279 0.0159 0.0114 0.8452 0.0139 0.0146 
     D237215  3 0.0422 0.5142 0.0826 0.1226 0.0837 0.0155 0.0705 0.0128 0.0228 0.0329 
     D237216  3 0.5341 0.0383 0.0211 0.0808 0.0465 0.0504 0.0632 0.1068 0.0286 0.0302 
     D237217  3 0.2854 0.0274 0.0142 0.0257 0.1020 0.0814 0.0692 0.2703 0.0296 0.0949 
     D237218  3 0.1034 0.0383 0.0610 0.0295 0.1612 0.0542 0.3357 0.0368 0.1588 0.0210 
     D237219  3 0.0943 0.0222 0.0639 0.2852 0.1000 0.0331 0.1190 0.0670 0.0139 0.2013 
     D237382  3 0.1232 0.0502 0.0849 0.0757 0.2856 0.0789 0.0509 0.0386 0.0436 0.1684 
     D244127  3 0.1632 0.0740 0.0183 0.0770 0.0704 0.0201 0.0723 0.0473 0.0376 0.4199 
     D244129  3 0.1270 0.0622 0.0375 0.0729 0.0935 0.0797 0.0766 0.1048 0.0804 0.2653 
     D244133  3 0.0595 0.0699 0.0626 0.5864 0.0325 0.0478 0.0520 0.0552 0.0115 0.0226 
     D244134  3 0.0422 0.0244 0.1691 0.1647 0.0295 0.0232 0.3868 0.0516 0.0178 0.0908 
     D244135  3 0.0375 0.0606 0.0146 0.0368 0.0307 0.0264 0.0262 0.7243 0.0234 0.0195 
     D244136  3 0.1070 0.0601 0.1232 0.3059 0.0472 0.1317 0.0983 0.0550 0.0232 0.0484 
        D416  3 0.1667 0.1670 0.0242 0.1867 0.0709 0.0969 0.0972 0.0876 0.0539 0.0489 
        D417  3 0.0539 0.0188 0.0265 0.0213 0.1611 0.5844 0.0330 0.0182 0.0374 0.0453 
        D419  3 0.1387 0.0756 0.0463 0.1525 0.0906 0.0893 0.1753 0.0437 0.0287 0.1593 
        D565  3 0.0242 0.0140 0.7590 0.0545 0.0130 0.0414 0.0370 0.0220 0.0141 0.0206 
        D566  3 0.0839 0.0584 0.2286 0.1063 0.0549 0.0689 0.2847 0.0318 0.0228 0.0597 
        D567  3 0.0604 0.0351 0.0181 0.0404 0.0417 0.5306 0.0265 0.0655 0.0730 0.1087 
        D568  3 0.1188 0.1236 0.0161 0.0283 0.0944 0.0969 0.0967 0.0672 0.2245 0.1335 
        D569  3 0.0858 0.0770 0.0384 0.0585 0.0419 0.0181 0.0415 0.0893 0.5302 0.0193 
        D573  3 0.1050 0.2169 0.0262 0.0313 0.0323 0.1793 0.3093 0.0238 0.0351 0.0408 
        D574  3 0.0968 0.0580 0.2881 0.1405 0.0791 0.0377 0.1371 0.0574 0.0399 0.0653 
        D575  3 0.0364 0.0271 0.0433 0.6047 0.0193 0.0351 0.0676 0.0714 0.0158 0.0794 
        D576  3 0.0414 0.5508 0.0223 0.2267 0.0401 0.0073 0.0441 0.0388 0.0157 0.0127 
        D577  3 0.0830 0.0217 0.0371 0.1646 0.0456 0.4559 0.0394 0.0869 0.0384 0.0273 
        D578  3 0.0399 0.0152 0.0107 0.0148 0.0280 0.0122 0.0146 0.8301 0.0121 0.0224 
        D579  3 0.0714 0.0700 0.1603 0.0872 0.0484 0.1636 0.1740 0.0465 0.1185 0.0600 
        D660  3 0.0722 0.5369 0.0163 0.1282 0.0476 0.0140 0.0406 0.0672 0.0329 0.0441 
        D661  3 0.0921 0.1966 0.0182 0.0381 0.1772 0.0247 0.2888 0.0449 0.0885 0.0310 
        D663  3 0.1852 0.1063 0.0218 0.0535 0.0461 0.0530 0.4458 0.0396 0.0326 0.0160 
        D664  3 0.0929 0.1279 0.0331 0.3618 0.1040 0.0196 0.0515 0.1259 0.0174 0.0660 
        D665  3 0.2206 0.0288 0.0122 0.3198 0.1137 0.0159 0.0399 0.1233 0.0868 0.0390 
        D666  3 0.0668 0.0171 0.0469 0.4734 0.0568 0.0443 0.0603 0.0451 0.0204 0.1690 
        D009  4 0.1925 0.0232 0.0328 0.0472 0.1583 0.1292 0.0538 0.1644 0.1246 0.0740 
        D057  4 0.0429 0.1113 0.0220 0.0118 0.0476 0.0361 0.0641 0.1847 0.4561 0.0235 
        D109  4 0.0820 0.0174 0.0435 0.1187 0.0510 0.0350 0.0287 0.0646 0.0316 0.5276 
     D237222  4 0.0536 0.0420 0.1184 0.0299 0.0832 0.0313 0.0277 0.5238 0.0381 0.0519 
     D237223  4 0.1101 0.0556 0.1176 0.0288 0.3346 0.0271 0.1132 0.0627 0.0680 0.0822 
     D237224  4 0.0919 0.1739 0.0289 0.0826 0.0449 0.1141 0.1504 0.0472 0.2145 0.0515 
     D237225  4 0.2976 0.0233 0.0489 0.0557 0.1544 0.0807 0.1171 0.0854 0.0956 0.0413 
     D237299  4 0.0846 0.0167 0.0240 0.0254 0.4763 0.0182 0.2760 0.0275 0.0178 0.0335 
     D237300  4 0.0326 0.0670 0.0263 0.1046 0.0268 0.0166 0.6732 0.0166 0.0191 0.0172 
     D237306  4 0.0519 0.0187 0.4475 0.0519 0.1860 0.0740 0.0509 0.0208 0.0357 0.0627 
     D237307  4 0.0856 0.0458 0.1115 0.1456 0.0690 0.3812 0.0704 0.0412 0.0149 0.0347 
     D237308  4 0.0595 0.3727 0.0594 0.0313 0.0310 0.0285 0.0303 0.0331 0.1876 0.1667 
     D237309  4 0.2838 0.0620 0.0248 0.0488 0.0906 0.1653 0.0522 0.0900 0.1298 0.0527 
     D237317  4 0.1880 0.0270 0.3557 0.0524 0.0383 0.1378 0.0421 0.0685 0.0412 0.0491 
     D237318  4 0.0547 0.0947 0.0211 0.0348 0.0244 0.0316 0.6859 0.0208 0.0140 0.0180 
     D237319  4 0.1685 0.0379 0.0371 0.0447 0.2786 0.0549 0.0822 0.0859 0.0254 0.1848 
     D237320  4 0.0730 0.0590 0.0216 0.0314 0.3807 0.0398 0.2226 0.0989 0.0227 0.0503 
     D237321  4 0.0932 0.1151 0.0417 0.0800 0.0330 0.0544 0.4600 0.0340 0.0224 0.0661 
     D237397  4 0.0958 0.0882 0.1411 0.0451 0.2095 0.0562 0.1984 0.0555 0.0307 0.0794 
     D237398  4 0.0826 0.0329 0.0178 0.0376 0.0718 0.0503 0.5966 0.0336 0.0569 0.0200 
     D237399  4 0.0966 0.0369 0.1841 0.0298 0.1630 0.0705 0.2422 0.0847 0.0431 0.0490 
     D244001  4 0.1242 0.2019 0.0252 0.0374 0.0874 0.0399 0.0341 0.2929 0.0916 0.0654 
        D289  4 0.0715 0.0682 0.2336 0.0278 0.0638 0.0750 0.0956 0.0644 0.2701 0.0299 
        D290  4 0.1276 0.0294 0.0238 0.0568 0.4820 0.0656 0.1066 0.0219 0.0525 0.0337 
        D294  4 0.1811 0.0314 0.0286 0.0678 0.1380 0.0880 0.0956 0.0518 0.2958 0.0219 
        D295  4 0.0727 0.0291 0.0365 0.0824 0.2459 0.2209 0.0512 0.0291 0.0637 0.1685 
        D301  4 0.0549 0.0455 0.0401 0.0488 0.1184 0.0188 0.0968 0.3433 0.0354 0.1980 
        D302  4 0.0473 0.0104 0.0130 0.0214 0.0365 0.0387 0.0153 0.0235 0.7838 0.0101 
        D303  4 0.0525 0.0500 0.4894 0.0786 0.0490 0.0435 0.0380 0.0233 0.0834 0.0922 
        D304  4 0.1617 0.0265 0.0750 0.0533 0.2753 0.0815 0.2262 0.0427 0.0325 0.0252 
        D305  4 0.2731 0.0997 0.0098 0.0291 0.0312 0.0168 0.0325 0.0260 0.4332 0.0486 
        D306  4 0.2579 0.0147 0.0277 0.0639 0.4410 0.0378 0.0495 0.0421 0.0342 0.0312 
        D307  4 0.0303 0.0225 0.0795 0.0308 0.0243 0.0154 0.0366 0.6680 0.0384 0.0541 
        D327  4 0.0974 0.0410 0.0556 0.0629 0.0453 0.5628 0.0434 0.0315 0.0420 0.0181 
        D328  4 0.0671 0.0329 0.1178 0.1556 0.1144 0.0235 0.0344 0.0294 0.3590 0.0659 
        D329  4 0.1365 0.1082 0.0390 0.0258 0.0824 0.0580 0.0782 0.0591 0.3365 0.0762 
        D330  4 0.1327 0.0525 0.0170 0.0551 0.1711 0.2459 0.0248 0.0947 0.0923 0.1138 
        D331  4 0.1121 0.0342 0.0604 0.0707 0.1699 0.1405 0.2234 0.0448 0.0385 0.1054 
        D333  4 0.1075 0.0737 0.0725 0.0516 0.1429 0.0683 0.1005 0.0496 0.2600 0.0735 
        D334  4 0.0518 0.0179 0.5597 0.0527 0.0580 0.0588 0.0408 0.0697 0.0650 0.0255 
        D335  4 0.0657 0.0400 0.0233 0.0425 0.0716 0.1100 0.0204 0.0317 0.5623 0.0325 
        D370  4 0.0676 0.0374 0.0452 0.1885 0.1833 0.0374 0.0259 0.0375 0.0801 0.2971 
        D371  4 0.0261 0.0352 0.6076 0.0793 0.0235 0.1456 0.0234 0.0126 0.0214 0.0252 
        D372  4 0.1376 0.0660 0.0203 0.0773 0.1182 0.0110 0.5088 0.0137 0.0156 0.0316 
        D373  4 0.0568 0.0505 0.0168 0.0555 0.0285 0.0313 0.0656 0.6244 0.0434 0.0270 
        D455  4 0.0327 0.0278 0.0278 0.0140 0.0386 0.0357 0.0297 0.6656 0.1046 0.0235 
        D490  4 0.0209 0.0097 0.0160 0.0235 0.1142 0.0201 0.0158 0.7077 0.0218 0.0504 
        D497  4 0.0533 0.0144 0.0173 0.0454 0.1313 0.0155 0.0325 0.5845 0.0594 0.0465 
        D498  4 0.0918 0.0397 0.0739 0.1344 0.2306 0.0544 0.1156 0.0285 0.0321 0.1990 
        D499  4 0.1357 0.2142 0.0929 0.1639 0.0889 0.0202 0.1061 0.0202 0.1001 0.0577 
        D514  4 0.1123 0.0233 0.0168 0.1131 0.2172 0.2260 0.0485 0.0685 0.1256 0.0488 
        D515  4 0.0371 0.0226 0.0202 0.0307 0.6092 0.0359 0.1355 0.0451 0.0272 0.0364 
        D516  4 0.1088 0.0584 0.0476 0.2198 0.0989 0.1015 0.0661 0.0656 0.0241 0.2091 
        D517  4 0.1687 0.0437 0.0208 0.0166 0.0614 0.0636 0.0454 0.5053 0.0273 0.0473 
        D518  4 0.0739 0.0584 0.0664 0.0188 0.0547 0.0250 0.0234 0.1313 0.5119 0.0362 
        D519  4 0.0438 0.0248 0.0212 0.0164 0.5208 0.0272 0.2424 0.0582 0.0141 0.0310 
        D560  4 0.0845 0.0452 0.0120 0.0212 0.4545 0.0576 0.2377 0.0293 0.0357 0.0223 
        D561  4 0.3235 0.0550 0.0138 0.0196 0.0763 0.1229 0.0421 0.2246 0.0765 0.0455 
        D562  4 0.1183 0.0687 0.0452 0.0476 0.1313 0.0315 0.0623 0.3043 0.1618 0.0290 
        D563  4 0.1146 0.3464 0.0182 0.0741 0.0669 0.0216 0.0653 0.0738 0.1793 0.0397 
        D572  4 0.0323 0.0383 0.0251 0.0213 0.0399 0.0525 0.0214 0.0452 0.7060 0.0179 
        D629  4 0.0654 0.0183 0.0186 0.2792 0.0372 0.1820 0.0725 0.2522 0.0524 0.0222 
        D630  4 0.1370 0.0297 0.0461 0.0428 0.3855 0.0538 0.0742 0.1146 0.0911 0.0253 
        D631  4 0.0347 0.0772 0.0236 0.0181 0.0480 0.0151 0.0375 0.0441 0.6862 0.0157 
        D632  4 0.0547 0.1360 0.0182 0.0463 0.0294 0.0413 0.0180 0.2287 0.1832 0.2440 
        D646  4 0.1309 0.0522 0.0272 0.0165 0.2266 0.1545 0.1661 0.0403 0.0393 0.1464 
        D647  4 0.0731 0.0532 0.0146 0.0197 0.1295 0.4472 0.0466 0.0619 0.0659 0.0883 
        D648  4 0.0374 0.0281 0.0470 0.3042 0.1485 0.0151 0.0157 0.0188 0.3713 0.0140 
        D649  4 0.0684 0.0148 0.0225 0.0450 0.0438 0.1808 0.0312 0.0478 0.2179 0.3277 
        D650  4 0.0958 0.0258 0.0939 0.0859 0.1352 0.1462 0.1474 0.1015 0.0914 0.0768 
        D708  4 0.1513 0.0259 0.1780 0.1257 0.0755 0.0417 0.1404 0.0412 0.1773 0.0428 
        D709  4 0.1027 0.0218 0.0249 0.1458 0.3106 0.0291 0.0354 0.0198 0.0385 0.2713 
        D738  4 0.0355 0.0142 0.5674 0.0189 0.0839 0.0571 0.0463 0.0412 0.0240 0.1116 
        D739  4 0.1344 0.0292 0.0253 0.0933 0.2483 0.0210 0.0515 0.2913 0.0771 0.0284 
        D740  4 0.2230 0.0566 0.1241 0.0510 0.1032 0.0254 0.1674 0.0639 0.0561 0.1292 
        D741  4 0.1504 0.0475 0.0162 0.0249 0.3724 0.1168 0.1759 0.0263 0.0211 0.0483 
        D742  4 0.1370 0.2258 0.0817 0.0486 0.1174 0.0403 0.1604 0.0860 0.0735 0.0293 
        D743  4 0.0566 0.0417 0.0233 0.0297 0.0288 0.4052 0.0485 0.0276 0.3156 0.0229 
        D744  4 0.0324 0.0278 0.0172 0.0217 0.0290 0.0221 0.0210 0.0237 0.7879 0.0172 
        D745  4 0.0558 0.0151 0.0158 0.0308 0.5153 0.0192 0.1931 0.1031 0.0228 0.0289 
        D814  4 0.2085 0.2451 0.0219 0.0395 0.1421 0.0332 0.1489 0.0943 0.0554 0.0110 
        D815  4 0.0654 0.0254 0.0317 0.0729 0.1292 0.1020 0.0515 0.0187 0.3785 0.1247 
        D828  4 0.0890 0.0747 0.0656 0.2299 0.3079 0.0112 0.0805 0.0284 0.0834 0.0294 
        D845  4 0.0301 0.0465 0.0501 0.0329 0.0173 0.0146 0.7606 0.0130 0.0218 0.0132 
        D846  4 0.1296 0.1324 0.0102 0.0466 0.0435 0.0759 0.0384 0.1606 0.3420 0.0207 
        D847  4 0.1058 0.0504 0.0953 0.0297 0.1685 0.0932 0.1057 0.2623 0.0527 0.0365 
        D848  4 0.0413 0.0634 0.0194 0.0175 0.0196 0.0128 0.0974 0.6654 0.0420 0.0212 
        D849  4 0.1459 0.0352 0.0157 0.0810 0.3362 0.0341 0.0423 0.2236 0.0382 0.0478 
        D850  4 0.1845 0.0374 0.0642 0.0364 0.0471 0.0974 0.1722 0.2756 0.0495 0.0356 
        D856  4 0.2659 0.0193 0.0356 0.0603 0.1630 0.0309 0.0574 0.0421 0.0624 0.2630 
        D857  4 0.0378 0.0822 0.0262 0.0326 0.0562 0.0098 0.0163 0.0339 0.0296 0.6755 
        D859  4 0.0920 0.0422 0.0263 0.0274 0.1555 0.0709 0.0815 0.0317 0.4536 0.0190 
        D860  4 0.0692 0.0891 0.4455 0.0239 0.0170 0.0873 0.1131 0.0294 0.0893 0.0362 
        D883  4 0.0889 0.0270 0.0677 0.1085 0.1047 0.2002 0.0707 0.1529 0.0797 0.0997 
        D884  4 0.0713 0.0178 0.0591 0.0803 0.4112 0.0556 0.1053 0.0416 0.0342 0.1238 
        D885  4 0.1890 0.0617 0.0209 0.0801 0.1467 0.1080 0.2604 0.0732 0.0333 0.0266 
        D886  4 0.0982 0.0568 0.0206 0.0392 0.1879 0.1281 0.0295 0.1507 0.0928 0.1961 
        D887  4 0.1477 0.0964 0.0470 0.0429 0.1256 0.1080 0.1953 0.0443 0.1243 0.0685 
        D889  4 0.0645 0.0101 0.0164 0.0380 0.2406 0.0215 0.5415 0.0164 0.0367 0.0142 
        D890  4 0.0680 0.0502 0.0513 0.4905 0.0451 0.0353 0.0464 0.0583 0.0756 0.0792 
        D891  4 0.0125 0.0608 0.0097 0.0136 0.0111 0.0128 0.8495 0.0107 0.0100 0.0094 
        D899  4 0.0861 0.4227 0.0702 0.0663 0.0504 0.0310 0.1331 0.0333 0.0824 0.0245 
        D900  4 0.1993 0.0775 0.0624 0.0642 0.1145 0.0994 0.0495 0.1108 0.1580 0.0644 
        D970  4 0.1205 0.0517 0.0429 0.0402 0.0484 0.1373 0.0746 0.0696 0.3743 0.0403 
        D971  4 0.1047 0.3827 0.0761 0.0447 0.0335 0.0544 0.0172 0.0306 0.1631 0.0930 
        D979  4 0.0753 0.0387 0.0375 0.0786 0.0883 0.2628 0.0392 0.0278 0.3214 0.0304 
        D093  5 0.0396 0.0226 0.6741 0.0396 0.0683 0.0386 0.0437 0.0199 0.0260 0.0276 
        D154  5 0.1688 0.0885 0.0278 0.2860 0.1313 0.0238 0.2127 0.0130 0.0246 0.0236 
        D168  5 0.1320 0.1503 0.0138 0.2549 0.0915 0.0499 0.1174 0.1133 0.0335 0.0434 
        D189  5 0.0654 0.0354 0.3447 0.0574 0.2313 0.0276 0.1416 0.0250 0.0410 0.0306 
        D190  5 0.0432 0.0268 0.6005 0.1268 0.0280 0.0214 0.0356 0.0144 0.0595 0.0437 
     D237220  5 0.1400 0.0252 0.1183 0.0226 0.1574 0.0260 0.1333 0.1733 0.0774 0.1266 
     D237221  5 0.0726 0.0945 0.1928 0.1408 0.0483 0.0629 0.2283 0.0280 0.0722 0.0594 
     D237274  5 0.0879 0.0454 0.0166 0.0339 0.0430 0.3648 0.0304 0.0234 0.2185 0.1362 
     D237275  5 0.0642 0.5114 0.0295 0.1183 0.0965 0.0147 0.0757 0.0208 0.0159 0.0530 
     D237276  5 0.0601 0.0336 0.1614 0.0722 0.2951 0.0665 0.0590 0.0542 0.0330 0.1650 
     D237277  5 0.0340 0.0580 0.3723 0.2336 0.0306 0.0224 0.1372 0.0146 0.0408 0.0564 
     D237278  5 0.1346 0.2748 0.2267 0.0284 0.0488 0.0566 0.0368 0.0498 0.0744 0.0690 
     D237279  5 0.2569 0.0266 0.0179 0.1144 0.0241 0.0452 0.0648 0.1219 0.0663 0.2620 
     D237280  5 0.1035 0.0217 0.0632 0.0780 0.0323 0.0904 0.0291 0.0849 0.0492 0.4477 
     D237281  5 0.1099 0.2689 0.0260 0.0188 0.0413 0.0537 0.4167 0.0114 0.0273 0.0261 
     D237351  5 0.0384 0.0179 0.0390 0.1561 0.0307 0.0167 0.0329 0.0283 0.0195 0.6207 
     D237352  5 0.0533 0.0726 0.0485 0.1424 0.0522 0.0450 0.0304 0.3274 0.1657 0.0626 
     D237353  5 0.0298 0.0187 0.5369 0.1940 0.0193 0.0149 0.0714 0.0135 0.0273 0.0741 
     D237359  5 0.1511 0.0271 0.0566 0.0520 0.1980 0.0324 0.2477 0.1228 0.0592 0.0531 
     D237361  5 0.0201 0.0169 0.7917 0.0359 0.0236 0.0190 0.0205 0.0139 0.0184 0.0399 
     D237362  5 0.0567 0.0285 0.0442 0.6653 0.0295 0.0449 0.0528 0.0287 0.0247 0.0247 
     D237363  5 0.4474 0.0981 0.0490 0.1231 0.0703 0.0451 0.0682 0.0363 0.0227 0.0397 
     D237364  5 0.1477 0.0995 0.0123 0.0528 0.2738 0.0760 0.1275 0.0814 0.0885 0.0404 
     D237376  5 0.0243 0.0326 0.0831 0.3260 0.3201 0.0099 0.0276 0.0159 0.1404 0.0201 
     D237377  5 0.1277 0.0391 0.0817 0.1740 0.0225 0.1094 0.0376 0.0262 0.0429 0.3389 
     D237378  5 0.0550 0.0838 0.3513 0.1785 0.0842 0.0226 0.0670 0.0367 0.0921 0.0287 
     D237379  5 0.1127 0.0371 0.2708 0.0753 0.1575 0.0253 0.0511 0.0523 0.1994 0.0185 
     D237380  5 0.0294 0.0148 0.0349 0.0387 0.0614 0.0161 0.0181 0.0193 0.0916 0.6757 
     D237381  5 0.0958 0.0586 0.0545 0.0351 0.0605 0.0282 0.0363 0.1322 0.1074 0.3914 
     D237391  5 0.0210 0.0135 0.7830 0.0298 0.0260 0.0192 0.0527 0.0166 0.0194 0.0186 
     D237392  5 0.1002 0.2223 0.0210 0.1142 0.0585 0.2206 0.0350 0.0342 0.0763 0.1177 
     D237393  5 0.0509 0.0460 0.1782 0.0304 0.0428 0.3995 0.0390 0.0506 0.0462 0.1165 
     D237394  5 0.0178 0.0097 0.6764 0.1831 0.0131 0.0191 0.0183 0.0195 0.0215 0.0217 
     D237395  5 0.0842 0.0448 0.1913 0.1865 0.1790 0.0338 0.1530 0.0442 0.0189 0.0644 
     D237396  5 0.1179 0.0753 0.1843 0.0320 0.0228 0.2643 0.0552 0.1125 0.0630 0.0728 
     D244016  5 0.0577 0.0268 0.0921 0.5755 0.0186 0.0167 0.0760 0.0153 0.1008 0.0205 
     D244018  5 0.1370 0.2701 0.2246 0.0494 0.0305 0.0586 0.0825 0.0791 0.0296 0.0386 
     D244019  5 0.1315 0.0549 0.0281 0.4954 0.0370 0.0436 0.1195 0.0159 0.0421 0.0321 
        D279  5 0.0991 0.0320 0.0505 0.0260 0.1374 0.0277 0.5269 0.0188 0.0560 0.0256 
        D280  5 0.2106 0.0548 0.1422 0.0711 0.0731 0.0977 0.1426 0.0984 0.0355 0.0740 
        D281  5 0.1135 0.1205 0.0763 0.0361 0.1032 0.0248 0.4611 0.0180 0.0336 0.0129 
        D283  5 0.0890 0.0239 0.4361 0.0759 0.0243 0.1087 0.1307 0.0248 0.0389 0.0476 
        D284  5 0.1445 0.0334 0.0264 0.1448 0.2207 0.0505 0.1024 0.1903 0.0302 0.0567 
        D285  5 0.0860 0.0169 0.3510 0.0447 0.0788 0.0527 0.2397 0.0220 0.0603 0.0478 
        D286  5 0.0992 0.0286 0.1379 0.0615 0.3155 0.0870 0.0566 0.0438 0.1291 0.0409 
        D287  5 0.0892 0.0237 0.0846 0.2821 0.3179 0.0131 0.0280 0.0338 0.0753 0.0523 
        D288  5 0.1106 0.0293 0.0453 0.2449 0.0348 0.1571 0.2771 0.0284 0.0227 0.0497 
        D308  5 0.0236 0.0150 0.0249 0.0166 0.0212 0.0405 0.0182 0.0164 0.0167 0.8070 
        D309  5 0.0312 0.0130 0.0166 0.0135 0.0283 0.0158 0.0093 0.0237 0.8290 0.0196 
        D310  5 0.1322 0.0121 0.6953 0.0294 0.0352 0.0187 0.0277 0.0122 0.0171 0.0200 
        D311  5 0.1482 0.0340 0.0742 0.2795 0.1541 0.0883 0.0671 0.0311 0.0840 0.0394 
        D312  5 0.0713 0.0383 0.1275 0.1823 0.0772 0.0768 0.0889 0.1325 0.1612 0.0440 
        D313  5 0.0203 0.0092 0.0311 0.0131 0.0226 0.0155 0.0159 0.2236 0.0101 0.6386 
        D314  5 0.1501 0.0566 0.0439 0.2434 0.2051 0.0186 0.1447 0.0420 0.0445 0.0511 
        D315  5 0.0845 0.0515 0.2154 0.0632 0.0734 0.2876 0.0419 0.0601 0.0446 0.0778 
        D317  5 0.0459 0.0139 0.7123 0.0546 0.0364 0.0495 0.0299 0.0243 0.0178 0.0152 
        D318  5 0.1874 0.0859 0.0510 0.0641 0.1086 0.0729 0.0667 0.1821 0.1522 0.0291 
        D319  5 0.0227 0.0158 0.7705 0.0201 0.0371 0.0236 0.0364 0.0114 0.0159 0.0464 
        D320  5 0.0469 0.0136 0.5905 0.0562 0.0471 0.0264 0.0839 0.0252 0.0491 0.0610 
        D321  5 0.0365 0.0138 0.0473 0.0686 0.0191 0.0577 0.1165 0.0246 0.0153 0.6005 
        D336  5 0.0533 0.0129 0.6240 0.0662 0.1318 0.0218 0.0126 0.0178 0.0408 0.0187 
        D337  5 0.0180 0.0191 0.7984 0.0373 0.0141 0.0210 0.0413 0.0114 0.0268 0.0127 
        D338  5 0.1284 0.0469 0.1921 0.0204 0.2081 0.1259 0.1556 0.0451 0.0439 0.0338 
        D339  5 0.0871 0.0367 0.5374 0.0432 0.0574 0.0418 0.1067 0.0180 0.0164 0.0553 
        D347  5 0.1197 0.0740 0.0353 0.1447 0.3143 0.1069 0.0456 0.0236 0.1063 0.0295 
        D348  5 0.0329 0.0189 0.7038 0.0263 0.0181 0.0188 0.0224 0.0173 0.1195 0.0220 
