        D174  1 0.1361 0.0514 0.0939 0.4710 0.1399 0.1077 
        D199  1 0.0640 0.2237 0.2599 0.2277 0.1594 0.0653 
        D203  1 0.1491 0.2308 0.2759 0.0926 0.1060 0.1454 
        D204  1 0.0330 0.0309 0.8159 0.0230 0.0355 0.0617 
     D237366  1 0.3613 0.0851 0.0899 0.0987 0.1579 0.2071 
     D237367  1 0.1860 0.0636 0.3197 0.0571 0.2738 0.0997 
     D237368  1 0.4791 0.0755 0.1750 0.1070 0.1104 0.0530 
     D244101  1 0.0328 0.1685 0.4432 0.0380 0.1433 0.1743 
     D244102  1 0.1373 0.0888 0.1520 0.1018 0.1291 0.3909 
     D244103  1 0.1219 0.0462 0.1864 0.0561 0.4929 0.0965 
     D244104  1 0.0557 0.0466 0.7041 0.1231 0.0436 0.0268 
     D244105  1 0.5080 0.0354 0.0958 0.0252 0.2061 0.1294 
     D244106  1 0.0454 0.1170 0.0765 0.6069 0.0900 0.0642 
     D244107  1 0.5082 0.1079 0.1162 0.0217 0.1967 0.0493 
     D244108  1 0.2080 0.0711 0.1449 0.3853 0.0744 0.1164 
     D244113  1 0.0483 0.0407 0.0336 0.5203 0.0753 0.2818 
     D244114  1 0.0734 0.1049 0.1280 0.1410 0.3315 0.2213 
     D244115  1 0.1390 0.0425 0.1892 0.3597 0.2047 0.0649 
     D267365  1 0.0630 0.0618 0.3677 0.3335 0.0952 0.0788 
        D404  1 0.0412 0.0447 0.0358 0.3806 0.0808 0.4169 
        D405  1 0.0802 0.0936 0.1209 0.1435 0.1170 0.4448 
        D406  1 0.7821 0.0223 0.0883 0.0373 0.0315 0.0386 
        D407  1 0.0773 0.0971 0.4794 0.0428 0.2740 0.0293 
        D408  1 0.0337 0.0644 0.0669 0.6729 0.0868 0.0754 
        D409  1 0.0675 0.0547 0.1013 0.0711 0.6100 0.0954 
        D410  1 0.6510 0.0181 0.1934 0.0399 0.0569 0.0406 
        D421  1 0.0211 0.0483 0.8069 0.0507 0.0592 0.0138 
        D422  1 0.8074 0.0328 0.0456 0.0210 0.0752 0.0181 
        D423  1 0.6731 0.1000 0.1102 0.0231 0.0617 0.0320 
        D424  1 0.1043 0.0211 0.6211 0.0460 0.1721 0.0353 
        D425  1 0.0618 0.0387 0.4709 0.1824 0.1463 0.0999 
        D426  1 0.0444 0.1004 0.0468 0.0358 0.7494 0.0231 
        D427  1 0.0289 0.4696 0.2295 0.2186 0.0325 0.0210 
        D428  1 0.1113 0.0647 0.3538 0.1789 0.1837 0.1075 
        D429  1 0.0695 0.0628 0.4173 0.2452 0.0881 0.1170 
        D430  1 0.0693 0.1329 0.0877 0.2261 0.3450 0.1389 
        D491  1 0.0392 0.0234 0.1283 0.7055 0.0649 0.0387 
        D492  1 0.1700 0.0695 0.2973 0.1457 0.2140 0.1035 
        D537  1 0.1084 0.0323 0.6009 0.0396 0.1253 0.0935 
        D538  1 0.2353 0.1218 0.0824 0.1457 0.2758 0.1391 
        D539  1 0.1648 0.1516 0.0729 0.2816 0.1439 0.1852 
        D540  1 0.1002 0.0403 0.3656 0.0732 0.3771 0.0437 
        D541  1 0.0239 0.0240 0.8773 0.0203 0.0361 0.0184 
        D551  1 0.0708 0.2700 0.0633 0.0595 0.4877 0.0487 
        D552  1 0.2751 0.0523 0.2884 0.2557 0.0881 0.0404 
        D553  1 0.0256 0.0196 0.8738 0.0316 0.0320 0.0175 
        D615  1 0.1453 0.1140 0.4670 0.1030 0.1168 0.0538 
        D616  1 0.1701 0.1497 0.3073 0.1196 0.2122 0.0411 
        D621  1 0.5943 0.0373 0.0428 0.1059 0.0529 0.1667 
        D622  1 0.7081 0.0291 0.0642 0.0603 0.0734 0.0649 
        D623  1 0.0412 0.1808 0.0453 0.3161 0.0778 0.3388 
        D624  1 0.0365 0.0318 0.0631 0.7599 0.0796 0.0292 
        D625  1 0.0841 0.0214 0.7347 0.0609 0.0526 0.0463 
        D626  1 0.2083 0.0550 0.1273 0.4056 0.0974 0.1064 
        D627  1 0.0508 0.0612 0.1226 0.0593 0.6747 0.0315 
        D690  1 0.0435 0.0142 0.8204 0.0656 0.0284 0.0278 
        D691  1 0.7265 0.0274 0.1033 0.0433 0.0422 0.0573 
        D710  1 0.1108 0.0596 0.3507 0.2125 0.1718 0.0945 
        D711  1 0.0594 0.0262 0.7648 0.0416 0.0511 0.0568 
        D712  1 0.0599 0.0648 0.0454 0.6769 0.0739 0.0792 
        D713  1 0.1006 0.0295 0.1694 0.2328 0.1370 0.3308 
        D746  1 0.7750 0.0296 0.0996 0.0339 0.0385 0.0234 
        D747  1 0.0215 0.0254 0.8855 0.0234 0.0225 0.0217 
        D748  1 0.3084 0.0257 0.3439 0.0583 0.1032 0.1605 
        D749  1 0.4816 0.0742 0.0322 0.1223 0.1747 0.1150 
        D750  1 0.0748 0.0274 0.1993 0.5966 0.0540 0.0478 
        D763  1 0.0948 0.2187 0.1949 0.0501 0.2304 0.2112 
        D764  1 0.1019 0.0215 0.5791 0.2220 0.0554 0.0202 
        D765  1 0.5498 0.0317 0.0749 0.1883 0.1096 0.0458 
        D766  1 0.4960 0.0321 0.2276 0.0568 0.0840 0.1035 
        D767  1 0.1549 0.0719 0.1675 0.0425 0.0822 0.4809 
        D768  1 0.0265 0.0234 0.8738 0.0195 0.0369 0.0199 
        D811  1 0.0693 0.0433 0.0414 0.3473 0.2098 0.2890 
        D816  1 0.0278 0.0193 0.8545 0.0308 0.0393 0.0283 
        D825  1 0.1450 0.0307 0.2034 0.3031 0.2145 0.1033 
        D866  1 0.0499 0.2753 0.0669 0.4573 0.1114 0.0392 
        D867  1 0.7177 0.0477 0.0362 0.0381 0.0700 0.0902 
        D871  1 0.0403 0.0257 0.0741 0.0581 0.7268 0.0750 
        D872  1 0.2285 0.0468 0.4471 0.0494 0.0802 0.1481 
        D873  1 0.7448 0.1130 0.0259 0.0211 0.0371 0.0581 
        D874  1 0.0217 0.0490 0.2826 0.1617 0.0574 0.4277 
        D875  1 0.0922 0.0185 0.0463 0.0332 0.7549 0.0550 
        D876  1 0.0957 0.0307 0.6015 0.1122 0.0706 0.0893 
        D877  1 0.0231 0.0353 0.0620 0.3071 0.1167 0.4558 
        D892  1 0.1680 0.0233 0.3091 0.1880 0.1125 0.1992 
        D893  1 0.0783 0.0546 0.6584 0.0356 0.0962 0.0769 
        D894  1 0.0698 0.0508 0.5957 0.0954 0.1318 0.0565 
        D915  1 0.1501 0.0382 0.6234 0.0660 0.0672 0.0552 
        D916  1 0.0306 0.0177 0.8873 0.0259 0.0229 0.0155 
        D917  1 0.0418 0.1050 0.2110 0.3963 0.1388 0.1072 
        D925  1 0.5425 0.0473 0.2447 0.0985 0.0365 0.0305 
        D926  1 0.0853 0.0414 0.4342 0.1002 0.2302 0.1087 
        D927  1 0.0518 0.2636 0.3273 0.1097 0.1731 0.0744 
        D928  1 0.0244 0.0271 0.1226 0.7510 0.0293 0.0455 
        D929  1 0.0722 0.0292 0.0497 0.0593 0.0617 0.7280 
        D936  1 0.0382 0.0747 0.6370 0.0638 0.0705 0.1158 
        D938  1 0.8305 0.0174 0.0404 0.0324 0.0368 0.0426 
        D956  1 0.0467 0.0540 0.0445 0.6760 0.0976 0.0812 
        D957  1 0.3691 0.0572 0.2571 0.0588 0.0692 0.1886 
        D958  1 0.2509 0.0279 0.4157 0.1238 0.0886 0.0932 
        D959  1 0.0927 0.0613 0.4216 0.0291 0.3732 0.0221 
        D960  1 0.7711 0.0248 0.0355 0.0429 0.0479 0.0778 
        D989  1 0.0416 0.1279 0.0494 0.6605 0.0646 0.0559 
        D990  1 0.6972 0.0997 0.0378 0.0825 0.0577 0.0251 
        D023  2 0.6113 0.0359 0.1827 0.0280 0.1168 0.0254 
        D130  2 0.7090 0.0409 0.1161 0.0198 0.0580 0.0562 
        D131  2 0.0566 0.0679 0.3787 0.0554 0.3760 0.0654 
        D163  2 0.7024 0.0267 0.0903 0.0585 0.0776 0.0445 
        D164  2 0.4096 0.5070 0.0237 0.0135 0.0251 0.0211 
        D165  2 0.6741 0.0478 0.1147 0.0301 0.1061 0.0271 
        D166  2 0.0947 0.0552 0.0565 0.0277 0.2608 0.5052 
        D167  2 0.0221 0.8259 0.0206 0.0441 0.0361 0.0513 
        D192  2 0.0160 0.9004 0.0129 0.0250 0.0205 0.0253 
        D193  2 0.0591 0.0445 0.0320 0.2791 0.1139 0.4715 
        D206  2 0.1372 0.2417 0.1899 0.0452 0.2956 0.0904 
        D207  2 0.0330 0.6524 0.0510 0.0346 0.1574 0.0716 
        D208  2 0.0759 0.2170 0.0788 0.3938 0.0993 0.1352 
        D209  2 0.0936 0.3034 0.0736 0.0450 0.3463 0.1380 
        D210  2 0.0352 0.2214 0.0959 0.5474 0.0567 0.0435 
     D229599  2 0.1196 0.0856 0.2318 0.1336 0.1620 0.2673 
     D229600  2 0.4695 0.3022 0.0502 0.0307 0.0944 0.0529 
     D237227  2 0.1423 0.0906 0.0683 0.5682 0.0847 0.0459 
     D237228  2 0.3034 0.1511 0.0241 0.3098 0.1464 0.0651 
     D237258  2 0.1561 0.3170 0.1085 0.1352 0.1640 0.1192 
     D237310  2 0.4233 0.1416 0.0238 0.0630 0.1955 0.1528 
     D237311  2 0.4750 0.2770 0.0250 0.0557 0.0774 0.0899 
     D237312  2 0.2331 0.0394 0.0428 0.0756 0.1677 0.4414 
     D237313  2 0.1701 0.0501 0.3408 0.1545 0.1997 0.0847 
     D237322  2 0.1054 0.2060 0.0613 0.1492 0.2578 0.2202 
     D237323  2 0.5353 0.0879 0.0303 0.1880 0.0741 0.0843 
     D237324  2 0.2912 0.2213 0.0746 0.0275 0.3338 0.0516 
     D237325  2 0.4209 0.0693 0.0583 0.1170 0.1117 0.2229 
     D237326  2 0.5180 0.0774 0.1528 0.1182 0.0782 0.0554 
     D237327  2 0.0911 0.3570 0.1193 0.1089 0.2055 0.1181 
     D237337  2 0.6251 0.0572 0.0922 0.0652 0.0883 0.0720 
     D237338  2 0.3084 0.1157 0.0746 0.1585 0.1561 0.1866 
     D237339  2 0.0395 0.2705 0.1348 0.0398 0.1308 0.3846 
     D237340  2 0.2207 0.2441 0.0331 0.2462 0.0848 0.1710 
     D237389  2 0.4881 0.1779 0.0336 0.0451 0.0877 0.1676 
     D237390  2 0.2475 0.0547 0.0638 0.1036 0.1065 0.4238 
     D244017  2 0.0608 0.2682 0.0432 0.4252 0.0991 0.1034 
     D244112  2 0.0554 0.7976 0.0226 0.0287 0.0434 0.0522 
     D244118  2 0.2917 0.5867 0.0165 0.0280 0.0354 0.0417 
     D244119  2 0.0325 0.2898 0.0273 0.5913 0.0374 0.0216 
     D244120  2 0.0378 0.4833 0.0200 0.0941 0.0755 0.2893 
     D244122  2 0.0765 0.6656 0.0446 0.0630 0.0645 0.0859 
        D291  2 0.0813 0.3164 0.0998 0.0919 0.3547 0.0559 
        D292  2 0.0516 0.3585 0.2861 0.1572 0.0556 0.0910 
        D293  2 0.0177 0.5866 0.2037 0.0230 0.1219 0.0472 
        D322  2 0.0455 0.4633 0.2836 0.0295 0.1249 0.0531 
        D323  2 0.0769 0.1621 0.1240 0.0862 0.2759 0.2748 
        D324  2 0.1167 0.1887 0.2500 0.1303 0.2704 0.0439 
        D325  2 0.0205 0.8534 0.0389 0.0170 0.0454 0.0248 
        D326  2 0.0168 0.0240 0.8684 0.0356 0.0319 0.0233 
        D340  2 0.0189 0.8772 0.0289 0.0276 0.0280 0.0194 
        D341  2 0.0682 0.6543 0.0703 0.0700 0.0653 0.0719 
        D342  2 0.1593 0.5539 0.0356 0.0346 0.1607 0.0558 
        D343  2 0.0138 0.9161 0.0207 0.0130 0.0192 0.0172 
        D344  2 0.0650 0.0643 0.2359 0.0459 0.1528 0.4361 
        D345  2 0.2515 0.0672 0.3328 0.0833 0.1785 0.0867 
        D346  2 0.0411 0.1018 0.0876 0.6295 0.0899 0.0501 
        D351  2 0.0923 0.1150 0.3784 0.0511 0.2500 0.1132 
        D352  2 0.0510 0.0975 0.0563 0.1002 0.2440 0.4511 
        D353  2 0.0307 0.0450 0.3591 0.0352 0.4371 0.0928 
        D354  2 0.0731 0.0264 0.2225 0.1441 0.1012 0.4328 
        D362  2 0.0505 0.0338 0.7698 0.0370 0.0728 0.0362 
        D363  2 0.0296 0.0285 0.8081 0.0626 0.0417 0.0294 
        D364  2 0.0792 0.0335 0.4780 0.0822 0.1023 0.2248 
        D365  2 0.0151 0.8593 0.0485 0.0247 0.0277 0.0247 
        D369  2 0.0811 0.2419 0.2670 0.2288 0.1334 0.0478 
        D374  2 0.0321 0.0212 0.0290 0.5917 0.0593 0.2666 
        D375  2 0.0523 0.0236 0.0664 0.0429 0.1400 0.6749 
        D376  2 0.0359 0.0384 0.0189 0.6077 0.0589 0.2402 
        D377  2 0.1580 0.1135 0.0739 0.1454 0.2432 0.2659 
        D378  2 0.0671 0.2561 0.3335 0.0411 0.1954 0.1069 
        D379  2 0.0419 0.0241 0.7122 0.0521 0.1142 0.0554 
        D384  2 0.0246 0.0214 0.8408 0.0517 0.0402 0.0213 
        D385  2 0.0245 0.7431 0.0333 0.0470 0.0484 0.1037 
        D386  2 0.0927 0.0821 0.3839 0.0305 0.1401 0.2707 
        D391  2 0.0228 0.7792 0.0736 0.0270 0.0411 0.0562 
        D392  2 0.0690 0.6465 0.0957 0.0814 0.0659 0.0416 
        D393  2 0.0615 0.1381 0.6157 0.0434 0.0741 0.0671 
        D394  2 0.2689 0.0892 0.1509 0.0753 0.1671 0.2486 
        D395  2 0.0330 0.3681 0.0415 0.0309 0.1804 0.3460 
        D401  2 0.6458 0.1407 0.0344 0.0594 0.0822 0.0376 
        D402  2 0.0231 0.8478 0.0337 0.0285 0.0323 0.0347 
        D403  2 0.1716 0.0448 0.3043 0.0334 0.3098 0.1360 
        D415  2 0.0731 0.0307 0.6303 0.0211 0.2053 0.0396 
        D435  2 0.0647 0.2237 0.5857 0.0257 0.0553 0.0449 
        D436  2 0.0530 0.0477 0.1765 0.0809 0.0932 0.5487 
        D438  2 0.0191 0.8806 0.0217 0.0280 0.0275 0.0229 
        D439  2 0.0738 0.1010 0.1697 0.0343 0.3088 0.3124 
        D449  2 0.0491 0.4775 0.1181 0.0396 0.2808 0.0348 
        D450  2 0.0836 0.0423 0.1703 0.2258 0.2322 0.2458 
        D456  2 0.0211 0.0193 0.8566 0.0277 0.0542 0.0212 
        D462  2 0.0209 0.7678 0.0874 0.0196 0.0397 0.0646 
        D463  2 0.0203 0.0170 0.8398 0.0455 0.0488 0.0287 
        D464  2 0.0269 0.0672 0.2216 0.0580 0.3521 0.2743 
        D465  2 0.0714 0.4630 0.2144 0.0328 0.1678 0.0507 
        D473  2 0.1317 0.0679 0.0433 0.5191 0.0928 0.1451 
        D474  2 0.0577 0.1074 0.6342 0.1044 0.0666 0.0296 
        D476  2 0.4294 0.1092 0.0864 0.0269 0.0933 0.2548 
        D477  2 0.0600 0.0471 0.5545 0.1106 0.0795 0.1484 
        D478  2 0.1177 0.0854 0.0934 0.1757 0.3284 0.1994 
        D480  2 0.0385 0.1210 0.4342 0.1748 0.1133 0.1183 
        D481  2 0.1212 0.0754 0.4035 0.1378 0.1453 0.1169 
        D482  2 0.0903 0.0760 0.0448 0.2617 0.1484 0.3789 
        D483  2 0.0390 0.8106 0.0256 0.0659 0.0331 0.0257 
        D484  2 0.0294 0.0711 0.0250 0.0565 0.0723 0.7458 
        D510  2 0.0341 0.0478 0.0301 0.7256 0.0450 0.1175 
        D511  2 0.0508 0.1174 0.3766 0.0372 0.1448 0.2733 
        D512  2 0.4339 0.2270 0.0428 0.0220 0.1957 0.0786 
        D513  2 0.0471 0.5416 0.1130 0.0744 0.1694 0.0545 
        D635  2 0.1559 0.0445 0.5242 0.0542 0.1902 0.0309 
        D636  2 0.8182 0.0253 0.0507 0.0236 0.0610 0.0214 
        D637  2 0.0495 0.2291 0.0656 0.1122 0.1189 0.4248 
        D658  2 0.0727 0.4534 0.0370 0.1136 0.0614 0.2619 
        D659  2 0.0686 0.0389 0.6912 0.0468 0.0997 0.0548 
        D677  2 0.1790 0.0986 0.3724 0.0399 0.1394 0.1707 
        D678  2 0.0714 0.5934 0.0373 0.0361 0.1899 0.0718 
        D679  2 0.0512 0.0871 0.5295 0.0802 0.1964 0.0556 
        D719  2 0.0239 0.1827 0.2545 0.4549 0.0431 0.0410 
        D720  2 0.0504 0.0457 0.7333 0.0829 0.0639 0.0238 
        D721  2 0.5036 0.1110 0.1271 0.0651 0.1536 0.0396 
        D722  2 0.0617 0.0803 0.0393 0.4799 0.0804 0.2586 
        D734  2 0.0183 0.1319 0.0832 0.3747 0.0650 0.3269 
        D735  2 0.1075 0.0826 0.3987 0.1342 0.1977 0.0793 
        D736  2 0.0641 0.1623 0.0895 0.5448 0.0815 0.0578 
        D737  2 0.0924 0.5180 0.0358 0.0893 0.0632 0.2014 
        D807  2 0.0693 0.1061 0.2930 0.3210 0.0709 0.1397 
        D808  2 0.2286 0.1782 0.1323 0.0515 0.2719 0.1375 
        D817  2 0.0649 0.0418 0.5117 0.0853 0.1709 0.1254 
        D818  2 0.0923 0.2857 0.1088 0.0401 0.3326 0.1406 
        D819  2 0.1297 0.0683 0.3204 0.0770 0.3089 0.0958 
        D820  2 0.0237 0.0518 0.7747 0.0309 0.0506 0.0683 
        D895  2 0.2059 0.0400 0.4360 0.0527 0.1986 0.0667 
        D896  2 0.6923 0.1041 0.0495 0.0560 0.0463 0.0517 
        D897  2 0.0646 0.5458 0.0450 0.0414 0.2131 0.0901 
        D898  2 0.1028 0.0802 0.1042 0.1272 0.3206 0.2650 
        D918  2 0.2349 0.1429 0.0691 0.0780 0.2146 0.2604 
        D919  2 0.0486 0.1911 0.2838 0.0375 0.2202 0.2187 
        D920  2 0.7670 0.0368 0.0402 0.0564 0.0434 0.0563 
        D923  2 0.0291 0.0410 0.7242 0.0356 0.0854 0.0846 
        D930  2 0.0677 0.0644 0.3706 0.1793 0.1950 0.1230 
        D931  2 0.0448 0.1333 0.5080 0.0665 0.0897 0.1578 
        D968  2 0.0173 0.8687 0.0285 0.0203 0.0291 0.0361 
        D969  2 0.0471 0.2766 0.4312 0.0984 0.0868 0.0599 
        D977  2 0.0321 0.7033 0.0447 0.0301 0.1295 0.0602 
        D978  2 0.0467 0.3549 0.0589 0.0910 0.3380 0.1105 
        D211  3 0.4345 0.0420 0.1453 0.0510 0.1705 0.1566 
     D229639  3 0.0501 0.4172 0.0903 0.3042 0.0693 0.0689 
     D237212  3 0.1232 0.1941 0.1945 0.0757 0.1609 0.2516 
     D237213  3 0.2816 0.0616 0.1174 0.0373 0.2205 0.2816 
     D237214  3 0.3360 0.0264 0.0470 0.0454 0.4968 0.0484 
     D237215  3 0.0259 0.7100 0.0222 0.1347 0.0436 0.0636 
     D237216  3 0.1129 0.0384 0.0437 0.0401 0.7016 0.0633 
     D237217  3 0.3829 0.0518 0.1772 0.0339 0.3131 0.0410 
     D237218  3 0.1213 0.1624 0.2086 0.1166 0.1835 0.2077 
     D237219  3 0.3373 0.0617 0.0653 0.2439 0.2025 0.0893 
     D237382  3 0.1393 0.0747 0.1577 0.1378 0.2227 0.2678 
     D244127  3 0.5151 0.1917 0.0417 0.0341 0.1431 0.0744 
     D244129  3 0.2003 0.1383 0.2179 0.0834 0.2387 0.1213 
     D244133  3 0.1268 0.1864 0.1195 0.2226 0.2960 0.0488 
     D244134  3 0.1277 0.1506 0.0667 0.5201 0.0918 0.0432 
     D244135  3 0.5949 0.0762 0.0853 0.0299 0.1575 0.0562 
     D244136  3 0.0733 0.1187 0.1999 0.3471 0.1794 0.0817 
        D416  3 0.1516 0.1962 0.1986 0.0695 0.2876 0.0966 
        D417  3 0.0933 0.0274 0.6576 0.0408 0.0881 0.0928 
        D419  3 0.2545 0.1619 0.2212 0.1325 0.1496 0.0803 
        D565  3 0.0221 0.0227 0.0535 0.8531 0.0266 0.0220 
        D566  3 0.0452 0.2604 0.0797 0.4828 0.0894 0.0426 
        D567  3 0.1438 0.0395 0.6696 0.0321 0.0521 0.0629 
        D568  3 0.2602 0.1548 0.2615 0.0332 0.1284 0.1620 
        D569  3 0.0655 0.1369 0.0570 0.0546 0.2508 0.4353 
        D573  3 0.0260 0.6299 0.1610 0.0634 0.0821 0.0375 
        D574  3 0.0676 0.0721 0.0560 0.5400 0.1831 0.0813 
        D575  3 0.2130 0.0922 0.1903 0.2048 0.2248 0.0748 
        D576  3 0.0358 0.7913 0.0129 0.0477 0.0691 0.0432 
        D577  3 0.0724 0.0363 0.6433 0.0609 0.1069 0.0802 
        D578  3 0.6103 0.0403 0.0230 0.0241 0.2727 0.0296 
        D579  3 0.1012 0.1430 0.2804 0.2512 0.1337 0.0905 
        D660  3 0.1214 0.4295 0.0358 0.0377 0.2667 0.1089 
        D661  3 0.0872 0.4916 0.0555 0.0486 0.1572 0.1599 
        D663  3 0.0354 0.5481 0.0512 0.0574 0.2402 0.0676 
        D664  3 0.3037 0.1566 0.0288 0.1397 0.2196 0.1516 
        D665  3 0.1756 0.0685 0.0351 0.0215 0.5157 0.1835 
        D666  3 0.1948 0.0555 0.1776 0.2616 0.2026 0.1079 
        D009  4 0.3307 0.0348 0.1644 0.0409 0.1834 0.2459 
        D057  4 0.2789 0.2472 0.0861 0.0514 0.0559 0.2804 
        D109  4 0.4730 0.0344 0.0888 0.0830 0.2516 0.0691 
     D237222  4 0.6091 0.0426 0.0611 0.1268 0.0685 0.0920 
     D237223  4 0.2843 0.1300 0.0667 0.1295 0.1945 0.1950 
     D237224  4 0.0660 0.2640 0.2886 0.0879 0.1027 0.1908 
     D237225  4 0.1568 0.0564 0.1774 0.0950 0.3143 0.2001 
     D237299  4 0.1396 0.0435 0.0244 0.0713 0.5007 0.2204 
     D237300  4 0.0360 0.6222 0.0267 0.1631 0.0986 0.0533 
     D237306  4 0.1019 0.0441 0.1171 0.4676 0.0994 0.1700 
     D237307  4 0.0744 0.0610 0.4074 0.2501 0.1532 0.0538 
     D237308  4 0.1395 0.4453 0.0900 0.1051 0.0785 0.1416 
     D237309  4 0.2283 0.0811 0.2590 0.0463 0.2161 0.1691 
     D237317  4 0.0820 0.0524 0.1815 0.4479 0.1871 0.0491 
     D237318  4 0.0228 0.7168 0.0349 0.1129 0.0860 0.0265 
     D237319  4 0.3094 0.0803 0.1194 0.0756 0.2503 0.1650 
     D237320  4 0.2604 0.2439 0.1353 0.0662 0.1403 0.1537 
     D237321  4 0.0547 0.5490 0.0723 0.1615 0.1033 0.0592 
     D237397  4 0.1942 0.1741 0.0958 0.2846 0.1214 0.1299 
     D237398  4 0.0585 0.4229 0.1399 0.0859 0.2340 0.0588 
     D237399  4 0.1082 0.1172 0.1927 0.3291 0.0983 0.1545 
     D244001  4 0.5661 0.0928 0.0467 0.0493 0.1310 0.1140 
        D289  4 0.0595 0.1394 0.1972 0.3000 0.1260 0.1780 
        D290  4 0.1009 0.0637 0.0999 0.0562 0.2472 0.4320 
        D294  4 0.0551 0.0583 0.1832 0.0579 0.3308 0.3146 
        D295  4 0.1197 0.0444 0.3522 0.0812 0.0821 0.3205 
        D301  4 0.6904 0.0647 0.0324 0.0722 0.0558 0.0844 
        D302  4 0.0400 0.0248 0.3819 0.0243 0.0799 0.4491 
        D303  4 0.0749 0.0690 0.0527 0.6041 0.0565 0.1428 
        D304  4 0.0763 0.0835 0.1354 0.1496 0.2671 0.2879 
        D305  4 0.0488 0.0895 0.0460 0.0207 0.4250 0.3701 
        D306  4 0.0677 0.0295 0.0611 0.0830 0.4080 0.3507 
        D307  4 0.7589 0.0428 0.0297 0.0829 0.0377 0.0480 
        D327  4 0.0454 0.0675 0.5286 0.1352 0.1386 0.0847 
        D328  4 0.0567 0.0424 0.0415 0.1852 0.0706 0.6036 
        D329  4 0.1375 0.2047 0.1368 0.0664 0.1759 0.2788 
        D330  4 0.1614 0.0690 0.3092 0.0303 0.1932 0.2369 
        D331  4 0.1162 0.1142 0.2396 0.1988 0.1636 0.1675 
        D333  4 0.1541 0.1139 0.1273 0.1587 0.1075 0.3385 
        D334  4 0.0900 0.0351 0.1741 0.5356 0.0857 0.0795 
        D335  4 0.0363 0.0436 0.4475 0.0419 0.0861 0.3446 
        D370  4 0.1874 0.0507 0.0654 0.1999 0.0881 0.4085 
        D371  4 0.0265 0.0451 0.1391 0.6953 0.0385 0.0555 
        D372  4 0.0322 0.4877 0.0231 0.1293 0.2483 0.0794 
        D373  4 0.6448 0.0975 0.0681 0.0472 0.0798 0.0625 
        D455  4 0.7134 0.0526 0.0590 0.0457 0.0376 0.0916 
        D490  4 0.8271 0.0178 0.0324 0.0281 0.0363 0.0582 
        D497  4 0.7599 0.0359 0.0220 0.0330 0.0666 0.0827 
        D498  4 0.1578 0.1094 0.1009 0.2354 0.1913 0.2053 
        D499  4 0.0439 0.2889 0.0511 0.2089 0.2280 0.1791 
        D514  4 0.0581 0.0472 0.3383 0.0345 0.1833 0.3386 
        D515  4 0.2960 0.0418 0.0745 0.0421 0.1720 0.3737 
        D516  4 0.2559 0.1141 0.2187 0.1314 0.1732 0.1066 
        D517  4 0.6079 0.0900 0.0858 0.0351 0.1171 0.0642 
        D518  4 0.2617 0.0673 0.1034 0.1343 0.0591 0.3741 
        D519  4 0.3765 0.0848 0.0932 0.0508 0.1478 0.2470 
        D560  4 0.2752 0.0981 0.1163 0.0325 0.1752 0.3028 
        D561  4 0.0943 0.0651 0.1402 0.0206 0.5863 0.0935 
        D562  4 0.1368 0.1214 0.0931 0.1099 0.2944 0.2444 
        D563  4 0.0704 0.4836 0.0532 0.0294 0.1932 0.1702 
        D572  4 0.0736 0.0459 0.1620 0.0415 0.0971 0.5799 
        D629  4 0.2017 0.0487 0.3960 0.0517 0.1916 0.1102 
        D630  4 0.1702 0.0585 0.1443 0.0841 0.1181 0.4248 
        D631  4 0.0527 0.2096 0.0797 0.0537 0.0904 0.5139 
        D632  4 0.5405 0.1524 0.0913 0.0325 0.0733 0.1100 
        D646  4 0.2657 0.0832 0.2873 0.0462 0.1590 0.1586 
        D647  4 0.1443 0.0701 0.4740 0.0215 0.0818 0.2082 
        D648  4 0.0369 0.0272 0.0277 0.1250 0.0467 0.7365 
        D649  4 0.2116 0.0257 0.5576 0.0282 0.0608 0.1162 
        D650  4 0.1575 0.0460 0.3228 0.1561 0.1618 0.1559 
        D708  4 0.0755 0.0427 0.0706 0.3507 0.2142 0.2463 
        D709  4 0.0877 0.0363 0.0878 0.0675 0.2394 0.4813 
        D738  4 0.1607 0.0335 0.1579 0.5062 0.0642 0.0775 
        D739  4 0.2783 0.0507 0.0548 0.0536 0.2075 0.3551 
        D740  4 0.1351 0.1246 0.0434 0.2126 0.3620 0.1223 
        D741  4 0.1492 0.1530 0.1776 0.0254 0.2766 0.2182 
        D742  4 0.0830 0.3620 0.0700 0.1961 0.1227 0.1663 
        D743  4 0.0344 0.0528 0.6072 0.0449 0.0746 0.1860 
        D744  4 0.0506 0.1047 0.2146 0.0434 0.1592 0.4276 
        D745  4 0.4533 0.0426 0.0510 0.0364 0.1319 0.2849 
        D814  4 0.0837 0.2386 0.0418 0.0348 0.4336 0.1675 
        D815  4 0.0620 0.0535 0.2792 0.0604 0.0720 0.4729 
        D828  4 0.0460 0.1143 0.0206 0.2015 0.0977 0.5200 
        D845  4 0.0234 0.6004 0.0379 0.2420 0.0590 0.0373 
        D846  4 0.0825 0.1581 0.1988 0.0225 0.2143 0.3238 
        D847  4 0.1895 0.1057 0.1963 0.1539 0.1984 0.1562 
        D848  4 0.6025 0.2072 0.0281 0.0428 0.0773 0.0422 
        D849  4 0.3539 0.0437 0.0813 0.0344 0.2063 0.2803 
        D850  4 0.1540 0.1298 0.2546 0.1170 0.2847 0.0599 
        D856  4 0.1533 0.0345 0.0905 0.0682 0.4616 0.1919 
        D857  4 0.6479 0.1545 0.0172 0.0439 0.0467 0.0898 
        D859  4 0.0514 0.0673 0.1173 0.0556 0.0909 0.6176 
        D860  4 0.0336 0.1654 0.1466 0.5385 0.0635 0.0523 
        D883  4 0.2088 0.0632 0.2974 0.1433 0.1015 0.1858 
        D884  4 0.2490 0.0303 0.1308 0.1030 0.0992 0.3876 
        D885  4 0.0876 0.1315 0.1144 0.0635 0.4773 0.1257 
        D886  4 0.3166 0.0815 0.2391 0.0475 0.1035 0.2118 
        D887  4 0.0949 0.2441 0.1667 0.1371 0.1589 0.1983 
        D889  4 0.0271 0.1518 0.0783 0.0853 0.2632 0.3943 
        D890  4 0.1635 0.0787 0.1054 0.1782 0.1710 0.3032 
        D891  4 0.0167 0.7385 0.0224 0.1247 0.0793 0.0185 
        D899  4 0.0336 0.5376 0.0522 0.1687 0.0749 0.1331 
        D900  4 0.1078 0.1228 0.2024 0.1143 0.2328 0.2199 
        D970  4 0.0767 0.1132 0.2703 0.1087 0.1755 0.2555 
        D971  4 0.0736 0.4621 0.1587 0.0759 0.1041 0.1257 
        D979  4 0.0271 0.0387 0.4892 0.0491 0.0791 0.3167 
        D093  5 0.0524 0.0383 0.0516 0.7617 0.0385 0.0575 
        D154  5 0.0639 0.2879 0.0498 0.1126 0.2895 0.1963 
        D168  5 0.1809 0.2802 0.1245 0.0334 0.2814 0.0996 
        D189  5 0.0564 0.1323 0.0528 0.5096 0.1315 0.1174 
        D190  5 0.0375 0.0366 0.0665 0.7153 0.0433 0.1007 
     D237220  5 0.2954 0.0489 0.0674 0.1899 0.1916 0.2068 
     D237221  5 0.0664 0.1678 0.1296 0.4321 0.0969 0.1072 
     D237274  5 0.0509 0.0384 0.6310 0.0258 0.1189 0.1351 
     D237275  5 0.0280 0.7017 0.0275 0.0562 0.1277 0.0589 
     D237276  5 0.2319 0.0497 0.1515 0.2387 0.1000 0.2281 
     D237277  5 0.0337 0.0996 0.0379 0.7158 0.0502 0.0628 
     D237278  5 0.1212 0.3110 0.0677 0.2580 0.1324 0.1097 
     D237279  5 0.3338 0.0494 0.0929 0.0304 0.4449 0.0486 
     D237280  5 0.4474 0.0297 0.2354 0.0980 0.1328 0.0568 
     D237281  5 0.0216 0.7300 0.0549 0.0726 0.0917 0.0291 
     D237351  5 0.5921 0.0487 0.0987 0.1299 0.0815 0.0491 
     D237352  5 0.3441 0.0814 0.1834 0.0844 0.1253 0.1814 
     D237353  5 0.0279 0.0287 0.0400 0.8233 0.0307 0.0494 
     D237359  5 0.2224 0.0716 0.0857 0.1400 0.2669 0.2134 
     D237361  5 0.0337 0.0278 0.0409 0.8240 0.0365 0.0371 
     D237362  5 0.0904 0.0823 0.2931 0.1935 0.2367 0.1040 
     D237363  5 0.0392 0.1009 0.0486 0.0691 0.6975 0.0447 
     D237364  5 0.1456 0.1709 0.1137 0.0296 0.2169 0.3233 
     D237376  5 0.0307 0.0424 0.0179 0.1876 0.0596 0.6617 
     D237377  5 0.2268 0.0585 0.3288 0.1488 0.1864 0.0507 
     D237378  5 0.0423 0.0997 0.0291 0.5335 0.0582 0.2371 
     D237379  5 0.0540 0.0643 0.0454 0.3593 0.1477 0.3294 
     D237380  5 0.5673 0.0318 0.0620 0.0675 0.0669 0.2045 
     D237381  5 0.5050 0.0866 0.0723 0.1093 0.0855 0.1412 
     D237391  5 0.0374 0.0268 0.0548 0.8034 0.0441 0.0335 
     D237392  5 0.0879 0.1786 0.4091 0.0516 0.1407 0.1321 
     D237393  5 0.1234 0.0868 0.4004 0.2507 0.0757 0.0630 
     D237394  5 0.0293 0.0176 0.0603 0.8269 0.0363 0.0296 
     D237395  5 0.1463 0.1205 0.0592 0.3920 0.1824 0.0995 
     D237396  5 0.0781 0.0789 0.5389 0.1899 0.0809 0.0333 
     D244016  5 0.0376 0.1070 0.0785 0.2645 0.3468 0.1656 
     D244018  5 0.1029 0.3859 0.0719 0.2700 0.1358 0.0334 
     D244019  5 0.0377 0.1437 0.1720 0.0839 0.4486 0.1140 
        D279  5 0.1264 0.2193 0.0630 0.1465 0.2702 0.1746 
        D280  5 0.1061 0.1056 0.1858 0.2747 0.2680 0.0598 
        D281  5 0.0231 0.5662 0.0347 0.1530 0.1792 0.0439 
        D283  5 0.0519 0.0771 0.2166 0.5190 0.0932 0.0422 
        D284  5 0.2850 0.0802 0.0849 0.0548 0.3800 0.1150 
        D285  5 0.0552 0.0473 0.1155 0.5360 0.1266 0.1194 
        D286  5 0.1094 0.0470 0.1173 0.2228 0.1171 0.3864 
        D287  5 0.0727 0.0320 0.0255 0.1870 0.0923 0.5906 
        D288  5 0.0477 0.1669 0.2698 0.1774 0.2769 0.0613 
        D308  5 0.6324 0.0318 0.2058 0.0463 0.0494 0.0342 
        D309  5 0.0488 0.0244 0.3369 0.0285 0.0977 0.4638 
        D310  5 0.0191 0.0236 0.0280 0.7192 0.1642 0.0458 
        D311  5 0.0606 0.0442 0.1567 0.1624 0.2392 0.3369 
        D312  5 0.0808 0.0690 0.1761 0.2681 0.1417 0.2643 
        D313  5 0.8305 0.0391 0.0453 0.0407 0.0284 0.0160 
        D314  5 0.1262 0.1216 0.0494 0.1336 0.2677 0.3013 
        D315  5 0.1147 0.0680 0.2383 0.3620 0.1315 0.0855 
        D317  5 0.0254 0.0252 0.0646 0.7947 0.0500 0.0400 
        D318  5 0.0984 0.1361 0.1486 0.1022 0.3271 0.1875 
        D319  5 0.0372 0.0378 0.0407 0.7886 0.0455 0.0501 
        D320  5 0.0486 0.0359 0.0496 0.6668 0.0847 0.1144 
        D321  5 0.4876 0.0663 0.1990 0.1510 0.0665 0.0296 
        D336  5 0.0291 0.0259 0.0392 0.5549 0.0761 0.2747 
        D337  5 0.0174 0.0305 0.0308 0.8515 0.0324 0.0374 
        D338  5 0.1329 0.1032 0.2076 0.2474 0.1949 0.1140 
        D339  5 0.0554 0.0577 0.0552 0.7076 0.0779 0.0463 
        D347  5 0.0402 0.1127 0.1992 0.1106 0.1807 0.3566 
        D348  5 0.0194 0.0337 0.0426 0.7125 0.0423 0.1495 
        D349  5 0.6520 0.0563 0.1192 0.0974 0.0449 0.0302 
        D350  5 0.0421 0.0346 0.2299 0.0319 0.0566 0.6050 
        D355  5 0.0245 0.2802 0.1653 0.0641 0.3375 0.1283 
        D356  5 0.1094 0.0460 0.3434 0.3168 0.0935 0.0910 
        D357  5 0.0896 0.0941 0.0879 0.1829 0.2831 0.2624 
        D358  5 0.0918 0.0734 0.1338 0.4264 0.1142 0.1604 
        D359  5 0.0359 0.0254 0.2703 0.5307 0.0687 0.0690 
        D360  5 0.1087 0.0326 0.1629 0.5366 0.0835 0.0758 
        D361  5 0.6890 0.0533 0.1395 0.0458 0.0451 0.0274 
        D366  5 0.0416 0.2980 0.4906 0.0331 0.1050 0.0316 
        D367  5 0.0633 0.0300 0.0364 0.5042 0.1435 0.2225 
        D368  5 0.1366 0.0496 0.1708 0.3180 0.2542 0.0708 
        D380  5 0.0888 0.0763 0.3288 0.0585 0.2407 0.2069 
        D381  5 0.0393 0.0538 0.0797 0.6329 0.1380 0.0564 
        D400  5 0.0499 0.1190 0.0999 0.3338 0.1099 0.2874 
        D411  5 0.7285 0.0394 0.0289 0.0175 0.1036 0.0821 
        D412  5 0.1315 0.1358 0.1085 0.1489 0.3438 0.1315 
        D413  5 0.0506 0.6409 0.1268 0.0439 0.0963 0.0415 
        D414  5 0.0330 0.1706 0.0700 0.0339 0.1199 0.5726 
        D420  5 0.1413 0.1482 0.0463 0.1133 0.4547 0.0962 
        D431  5 0.0763 0.1217 0.0247 0.1078 0.2133 0.4562 
        D432  5 0.1051 0.1105 0.0862 0.5384 0.0996 0.0602 
        D433  5 0.0437 0.0623 0.0867 0.6717 0.0561 0.0795 
        D434  5 0.0851 0.0478 0.1711 0.5062 0.1078 0.0820 
        D440  5 0.0481 0.0219 0.2270 0.0345 0.0740 0.5944 
        D447  5 0.1009 0.0740 0.2504 0.0450 0.4254 0.1043 
        D448  5 0.0278 0.0585 0.0943 0.4166 0.0929 0.3100 
        D459  5 0.0261 0.6432 0.0921 0.0754 0.0900 0.0733 
        D460  5 0.5650 0.0577 0.2034 0.1001 0.0470 0.0267 
        D461  5 0.0321 0.0261 0.3839 0.0310 0.0522 0.4747 
        D468  5 0.0967 0.0841 0.2134 0.1839 0.3162 0.1057 
        D469  5 0.1038 0.0511 0.5639 0.1028 0.0793 0.0992 
        D470  5 0.1701 0.0512 0.1113 0.1025 0.1661 0.3988 
        D471  5 0.0291 0.0716 0.0721 0.5625 0.0840 0.1807 
        D472  5 0.0235 0.2205 0.6377 0.0381 0.0582 0.0220 
        D479  5 0.0429 0.6015 0.0456 0.0397 0.0900 0.1803 
        D485  5 0.0446 0.0611 0.0484 0.0800 0.0933 0.6726 
        D486  5 0.1453 0.0554 0.1516 0.1232 0.3520 0.1724 
        D487  5 0.0587 0.2167 0.0500 0.3238 0.1114 0.2394 
        D555  5 0.0317 0.0599 0.0280 0.7843 0.0388 0.0573 
        D556  5 0.0835 0.1438 0.0766 0.2152 0.1812 0.2998 
        D557  5 0.0239 0.0421 0.0570 0.7678 0.0415 0.0677 
        D564  5 0.1280 0.0468 0.0862 0.3500 0.1094 0.2796 
        D594  5 0.0571 0.0916 0.2174 0.1240 0.3092 0.2007 
        D595  5 0.0802 0.1082 0.2060 0.3830 0.1147 0.1078 
        D596  5 0.0288 0.0414 0.0343 0.8202 0.0373 0.0380 
        D597  5 0.0443 0.3077 0.1462 0.3503 0.0818 0.0696 
        D598  5 0.1475 0.0750 0.1322 0.4242 0.0912 0.1300 
        D617  5 0.4743 0.1572 0.0457 0.0262 0.2149 0.0817 
        D618  5 0.0644 0.1110 0.0883 0.5869 0.0665 0.0829 
        D619  5 0.2435 0.0915 0.2546 0.1570 0.1240 0.1294 
        D620  5 0.0294 0.7986 0.0722 0.0382 0.0357 0.0259 
        D628  5 0.1651 0.0640 0.0873 0.0912 0.0925 0.5000 
        D714  5 0.0390 0.1788 0.0341 0.3029 0.1419 0.3033 
        D715  5 0.0271 0.0660 0.1218 0.6850 0.0485 0.0515 
        D716  5 0.0351 0.1056 0.0941 0.0762 0.2131 0.4758 
        D717  5 0.1101 0.0554 0.4601 0.1932 0.0936 0.0876 
        D718  5 0.1048 0.0660 0.0196 0.1095 0.2752 0.4250 
        D769  5 0.4878 0.1246 0.0454 0.0354 0.1495 0.1573 
        D770  5 0.0401 0.2631 0.0582 0.1562 0.1507 0.3316 
        D771  5 0.1304 0.3218 0.0702 0.1081 0.1609 0.2087 
        D772  5 0.0561 0.0620 0.0908 0.2495 0.0841 0.4575 
        D782  5 0.2004 0.2139 0.0575 0.0538 0.4393 0.0351 
        D783  5 0.0482 0.3404 0.0461 0.1443 0.1748 0.2462 
        D784  5 0.0621 0.0610 0.4603 0.1461 0.1233 0.1472 
        D785  5 0.0817 0.0290 0.0627 0.6070 0.0948 0.1247 
        D786  5 0.4649 0.0606 0.1837 0.0254 0.1149 0.1506 
        D821  5 0.0210 0.0218 0.0275 0.8538 0.0322 0.0437 
        D822  5 0.0516 0.0838 0.3558 0.1293 0.2452 0.1343 
        D826  5 0.0454 0.1830 0.0720 0.4896 0.1038 0.1063 
        D827  5 0.0660 0.1045 0.3048 0.0503 0.2978 0.1767 
        D851  5 0.0930 0.0862 0.1801 0.1927 0.3547 0.0933 
        D852  5 0.1093 0.1835 0.0399 0.2799 0.0780 0.3094 
        D853  5 0.0658 0.0984 0.1040 0.3765 0.1789 0.1763 
        D854  5 0.0659 0.1837 0.1194 0.0350 0.3365 0.2594 
        D861  5 0.0934 0.1513 0.1050 0.2065 0.3399 0.1039 
        D862  5 0.0567 0.0455 0.2918 0.2910 0.1637 0.1513 
        D865  5 0.0516 0.0791 0.0494 0.6930 0.0645 0.0623 
        D868  5 0.0433 0.0424 0.7072 0.1004 0.0511 0.0556 
        D869  5 0.7444 0.0361 0.0681 0.0434 0.0805 0.0276 
        D870  5 0.0364 0.0593 0.0545 0.0190 0.7759 0.0550 
        D907  5 0.0769 0.0419 0.0400 0.6443 0.1254 0.0715 
        D908  5 0.0820 0.3243 0.0360 0.3238 0.0547 0.1792 
        D910  5 0.0347 0.2140 0.1028 0.3960 0.1015 0.1511 
        D911  5 0.0236 0.3737 0.1126 0.1152 0.3041 0.0708 
        D934  5 0.0438 0.1889 0.0697 0.0781 0.2979 0.3215 
        D946  5 0.0788 0.1163 0.0304 0.0712 0.1210 0.5824 
        D947  5 0.0763 0.0694 0.2484 0.0663 0.2208 0.3188 
        D948  5 0.5673 0.0395 0.1730 0.1679 0.0270 0.0252 
        D949  5 0.6294 0.0263 0.1765 0.0867 0.0413 0.0397 
        D950  5 0.0269 0.4408 0.0975 0.1516 0.2286 0.0545 
        D951  5 0.0619 0.0474 0.4051 0.0378 0.2940 0.1538 
        D952  5 0.0401 0.0485 0.6620 0.0964 0.0863 0.0667 
        D953  5 0.0586 0.0530 0.1396 0.6220 0.0698 0.0570 
        D954  5 0.0325 0.0353 0.5320 0.2602 0.1049 0.0351 
        D961  5 0.0616 0.0611 0.0300 0.1053 0.1329 0.6090 
        D962  5 0.0362 0.0218 0.0780 0.4338 0.0612 0.3689 
        D963  5 0.0489 0.0705 0.3561 0.2689 0.1094 0.1461 
        D964  5 0.1203 0.1119 0.0699 0.0913 0.2863 0.3203 
        D965  5 0.0468 0.0853 0.0518 0.0628 0.1153 0.6381 
        D966  5 0.0522 0.1319 0.1696 0.3042 0.1266 0.2154 
        D967  5 0.1493 0.2653 0.0667 0.3177 0.1447 0.0563 
        D991  5 0.2144 0.0392 0.1038 0.1184 0.0738 0.4504 
        D502  6 0.0774 0.1245 0.0312 0.0194 0.4502 0.2973 
        D503  6 0.3426 0.2999 0.0391 0.0963 0.1714 0.0508 
        D504  6 0.0912 0.0935 0.3905 0.1524 0.1382 0.1342 
        D505  6 0.0806 0.1431 0.1099 0.3553 0.1869 0.1242 
        D506  6 0.0264 0.0223 0.0417 0.8211 0.0539 0.0345 
        D507  6 0.1318 0.1502 0.0739 0.0580 0.2430 0.3431 
        D508  6 0.0558 0.0937 0.2146 0.0487 0.2392 0.3480 
        D529  6 0.2069 0.0848 0.1335 0.1743 0.2749 0.1256 
        D530  6 0.1445 0.0888 0.0347 0.1271 0.1606 0.4443 
        D531  6 0.0893 0.0724 0.2461 0.1406 0.2129 0.2386 
        D532  6 0.0433 0.1020 0.1964 0.1960 0.2308 0.2314 
        D534  6 0.6969 0.0365 0.0691 0.0304 0.0930 0.0740 
        D535  6 0.0989 0.0509 0.2206 0.3482 0.1861 0.0953 
        D536  6 0.0876 0.6799 0.0309 0.0279 0.1199 0.0538 
        D554  6 0.1049 0.0632 0.0606 0.1853 0.1580 0.4281 
        D587  6 0.0532 0.0696 0.0927 0.6561 0.0738 0.0546 
        D588  6 0.0476 0.0481 0.2245 0.3939 0.2356 0.0503 
        D589  6 0.0927 0.2983 0.0580 0.1708 0.3126 0.0675 
        D590  6 0.0529 0.7118 0.0520 0.0476 0.0792 0.0566 
        D591  6 0.0967 0.1468 0.0858 0.1789 0.4360 0.0558 
        D592  6 0.7171 0.0512 0.0596 0.0642 0.0750 0.0328 
        D593  6 0.0517 0.0619 0.0216 0.1325 0.1631 0.5692 
        D682  6 0.0380 0.0299 0.0370 0.8150 0.0462 0.0339 
        D683  6 0.0608 0.0325 0.5225 0.2478 0.0948 0.0416 
        D684  6 0.2435 0.1898 0.0555 0.0309 0.4109 0.0693 
        D685  6 0.0468 0.0912 0.0226 0.0474 0.7083 0.0837 
        D686  6 0.0482 0.0565 0.0494 0.3316 0.1927 0.3216 
        D724  6 0.1268 0.1072 0.2168 0.0354 0.1896 0.3243 
        D725  6 0.0847 0.1898 0.0508 0.1026 0.2296 0.3425 
        D726  6 0.0422 0.0215 0.0457 0.7659 0.0483 0.0764 
        D727  6 0.0507 0.4349 0.1835 0.0867 0.1920 0.0523 
        D728  6 0.0713 0.0396 0.0973 0.4868 0.1484 0.1567 
        D729  6 0.2652 0.2475 0.2185 0.0241 0.2199 0.0247 
        D730  6 0.2217 0.1357 0.1631 0.0444 0.1689 0.2663 
        D731  6 0.0210 0.1181 0.0171 0.7949 0.0244 0.0245 
        D732  6 0.0808 0.0603 0.2899 0.0422 0.1238 0.4029 
        D733  6 0.1162 0.0615 0.0678 0.0763 0.1295 0.5487 
     D237251  7 0.0497 0.2668 0.0473 0.0779 0.1222 0.4362 
     D237252  7 0.3730 0.1850 0.0546 0.0357 0.1935 0.1583 
     D237253  7 0.0568 0.2159 0.0794 0.2682 0.2260 0.1538 
     D237254  7 0.6063 0.0424 0.0367 0.0258 0.2629 0.0259 
     D237255  7 0.0283 0.6592 0.0324 0.0834 0.0956 0.1012 
     D237256  7 0.0294 0.2646 0.0613 0.0610 0.2870 0.2966 
     D237257  7 0.1510 0.0813 0.0493 0.0308 0.5032 0.1845 
     D237282  7 0.1186 0.1423 0.4881 0.0292 0.1069 0.1150 
     D237283  7 0.6210 0.0515 0.0214 0.0370 0.2429 0.0262 
     D237284  7 0.6795 0.0389 0.0703 0.0299 0.1297 0.0518 
     D237285  7 0.0557 0.1357 0.0568 0.1453 0.1704 0.4362 
     D237286  7 0.0605 0.1223 0.1767 0.2025 0.2885 0.1495 
     D237287  7 0.0570 0.3928 0.1220 0.0824 0.2463 0.0995 
     D244006  7 0.7105 0.0615 0.0365 0.0270 0.1294 0.0352 
     D244007  7 0.0710 0.4630 0.1267 0.0461 0.2440 0.0493 
     D244008  7 0.5723 0.0341 0.0359 0.0822 0.2412 0.0343 
     D244009  7 0.4935 0.0327 0.0909 0.0760 0.1241 0.1828 
     D244010  7 0.2069 0.0846 0.0475 0.0489 0.4641 0.1479 
     D244011  7 0.0970 0.0921 0.0472 0.2563 0.2105 0.2969 
     D244012  7 0.0845 0.1986 0.0958 0.0411 0.4024 0.1776 
     D244013  7 0.0724 0.2844 0.1127 0.1729 0.0738 0.2838 
     D244014  7 0.3086 0.1355 0.0494 0.0492 0.2690 0.1883 
     D244015  7 0.2128 0.0972 0.0816 0.0399 0.4764 0.0920 
     D244125  7 0.0538 0.1405 0.2070 0.4128 0.1087 0.0773 
     D244126  7 0.7271 0.0211 0.0330 0.0172 0.1304 0.0712 
     D244130  7 0.2133 0.0822 0.0651 0.0770 0.2600 0.3024 
     D244131  7 0.1503 0.0885 0.2411 0.3218 0.1161 0.0824 
     D244132  7 0.0708 0.0357 0.2351 0.1949 0.0904 0.3731 
        D520  7 0.1348 0.0350 0.0574 0.0669 0.6096 0.0963 
        D521  7 0.1227 0.1001 0.1440 0.0633 0.1639 0.4061 
        D522  7 0.5567 0.0505 0.1301 0.1020 0.1072 0.0536 
        D523  7 0.0629 0.4849 0.0536 0.1544 0.1411 0.1030 
        D524  7 0.1284 0.2472 0.0876 0.2191 0.1275 0.1902 
        D525  7 0.4621 0.2032 0.0527 0.0744 0.1538 0.0538 
        D526  7 0.6440 0.0445 0.0659 0.0239 0.1976 0.0240 
        D527  7 0.1424 0.0650 0.2543 0.1066 0.1383 0.2933 
        D528  7 0.0248 0.0120 0.0171 0.0147 0.9104 0.0211 
        D558  7 0.1184 0.0910 0.1541 0.0321 0.1177 0.4867 
        D559  7 0.0784 0.0761 0.1269 0.0226 0.1495 0.5465 
        D640  7 0.0717 0.1134 0.1182 0.2992 0.1776 0.2197 
        D641  7 0.1778 0.1421 0.0290 0.3059 0.1751 0.1700 
        D642  7 0.4552 0.1877 0.0793 0.0608 0.1266 0.0903 
        D644  7 0.2630 0.1104 0.1020 0.1995 0.1204 0.2048 
        D645  7 0.1689 0.1335 0.1116 0.1916 0.1517 0.2426 
        D662  7 0.4557 0.0226 0.2935 0.1357 0.0559 0.0366 
        D687  7 0.0905 0.1062 0.1169 0.1527 0.3045 0.2291 
        D688  7 0.1517 0.1021 0.2761 0.0275 0.1593 0.2833 
        D689  7 0.1160 0.1398 0.2025 0.2463 0.1857 0.1097 
        D700  7 0.0159 0.0169 0.0218 0.0165 0.9117 0.0172 
        D797  7 0.1122 0.1017 0.2068 0.1712 0.1670 0.2411 
        D798  7 0.3916 0.0488 0.1016 0.0522 0.2750 0.1309 
        D799  7 0.1725 0.2483 0.0632 0.0666 0.2451 0.2042 
        D800  7 0.1000 0.0774 0.5110 0.0333 0.1870 0.0912 
        D132  8 0.7785 0.0248 0.0450 0.0410 0.0550 0.0558 
        D133  8 0.0598 0.7987 0.0231 0.0302 0.0551 0.0330 
        D200  8 0.0615 0.0557 0.0328 0.0291 0.1948 0.6261 
        D500  8 0.8234 0.0203 0.0403 0.0398 0.0373 0.0389 
        D614  8 0.1135 0.0523 0.1005 0.3767 0.1247 0.2323 
        D723  8 0.1881 0.1164 0.3958 0.0488 0.1327 0.1182 
        D888  8 0.0371 0.5455 0.0656 0.1275 0.1215 0.1029 
        D901  8 0.2429 0.0473 0.0276 0.0623 0.2828 0.3370 
        D902  8 0.0646 0.0442 0.0383 0.6449 0.0942 0.1137 
        D903  8 0.0339 0.0514 0.4143 0.0892 0.2098 0.2015 
        D904  8 0.1358 0.0623 0.2835 0.0788 0.1663 0.2734 
        D905  8 0.0244 0.5132 0.0235 0.2689 0.0747 0.0953 
        D906  8 0.0788 0.4345 0.0792 0.0644 0.2445 0.0987 
        D937  8 0.0341 0.0362 0.0177 0.8070 0.0378 0.0673 
        D943  8 0.2433 0.0816 0.0801 0.0428 0.3870 0.1653 
        D972  8 0.2422 0.1143 0.2390 0.0410 0.1514 0.2121 
        D973  8 0.1010 0.0404 0.6807 0.0449 0.0591 0.0738 
        D974  8 0.1477 0.1171 0.1929 0.0753 0.2172 0.2498 
        D975  8 0.0866 0.0868 0.0490 0.1086 0.2335 0.4355 
        D976  8 0.1214 0.0902 0.0400 0.1627 0.3847 0.2009 
        D201  9 0.1187 0.2125 0.0874 0.0462 0.2682 0.2671 
        D202  9 0.0709 0.1359 0.0250 0.0471 0.2613 0.4599 
     D237259  9 0.0421 0.0653 0.0756 0.0219 0.7424 0.0527 
     D237260  9 0.1720 0.3716 0.0282 0.0987 0.1950 0.1345 
     D237262  9 0.7776 0.0308 0.0344 0.0345 0.0971 0.0257 
