        D174  1 0.0742 0.7659 0.1598 
        D199  1 0.3577 0.4592 0.1831 
        D203  1 0.4080 0.3159 0.2761 
        D204  1 0.2086 0.5080 0.2834 
     D237366  1 0.2313 0.2451 0.5236 
     D237367  1 0.1493 0.2196 0.6311 
     D237368  1 0.1764 0.2222 0.6014 
     D244101  1 0.5793 0.2641 0.1566 
     D244102  1 0.2280 0.5070 0.2650 
     D244103  1 0.0858 0.2343 0.6800 
     D244104  1 0.2329 0.4245 0.3426 
     D244105  1 0.0936 0.0946 0.8119 
     D244106  1 0.3074 0.5636 0.1289 
     D244107  1 0.1031 0.0564 0.8405 
     D244108  1 0.1000 0.7689 0.1311 
     D244113  1 0.0889 0.8449 0.0661 
     D244114  1 0.4561 0.2730 0.2710 
     D244115  1 0.1050 0.5620 0.3330 
     D267365  1 0.1442 0.6955 0.1603 
        D404  1 0.1210 0.7905 0.0884 
        D405  1 0.2483 0.5377 0.2140 
        D406  1 0.0604 0.2222 0.7174 
        D407  1 0.1039 0.1475 0.7485 
        D408  1 0.2262 0.6370 0.1367 
        D409  1 0.1261 0.1106 0.7634 
        D410  1 0.0417 0.1668 0.7915 
        D421  1 0.1947 0.3473 0.4580 
        D422  1 0.0445 0.0405 0.9150 
        D423  1 0.0449 0.0627 0.8924 
        D424  1 0.0518 0.1800 0.7683 
        D425  1 0.1245 0.7102 0.1653 
        D426  1 0.1893 0.0799 0.7308 
        D427  1 0.6383 0.2325 0.1292 
        D428  1 0.1264 0.5503 0.3233 
        D429  1 0.1458 0.5912 0.2630 
        D430  1 0.4125 0.3049 0.2827 
        D491  1 0.0630 0.8428 0.0942 
        D492  1 0.1005 0.4278 0.4717 
        D537  1 0.0919 0.5159 0.3922 
        D538  1 0.2239 0.4022 0.3739 
        D539  1 0.3451 0.4821 0.1728 
        D540  1 0.1252 0.3306 0.5442 
        D541  1 0.1470 0.3351 0.5179 
        D551  1 0.5645 0.1018 0.3337 
        D552  1 0.1450 0.4867 0.3684 
        D553  1 0.1063 0.2423 0.6513 
        D615  1 0.2913 0.3315 0.3772 
        D616  1 0.2443 0.2094 0.5463 
        D621  1 0.1070 0.3748 0.5181 
        D622  1 0.0997 0.1551 0.7452 
        D623  1 0.3636 0.5614 0.0750 
        D624  1 0.0776 0.7947 0.1277 
        D625  1 0.0755 0.6004 0.3242 
        D626  1 0.1545 0.5576 0.2878 
        D627  1 0.1494 0.0777 0.7729 
        D690  1 0.0627 0.5091 0.4282 
        D691  1 0.0924 0.2046 0.7031 
        D710  1 0.2207 0.4642 0.3151 
        D711  1 0.1304 0.4799 0.3897 
        D712  1 0.1352 0.7672 0.0977 
        D713  1 0.0550 0.8242 0.1208 
        D746  1 0.0786 0.0948 0.8267 
        D747  1 0.2360 0.3773 0.3866 
        D748  1 0.1008 0.3650 0.5342 
        D749  1 0.1785 0.2233 0.5982 
        D750  1 0.0889 0.7189 0.1922 
        D763  1 0.5853 0.1349 0.2798 
        D764  1 0.0589 0.5897 0.3514 
        D765  1 0.0892 0.3441 0.5667 
        D766  1 0.0606 0.3507 0.5887 
        D767  1 0.2709 0.4129 0.3162 
        D768  1 0.1178 0.1560 0.7262 
        D811  1 0.1142 0.7258 0.1600 
        D816  1 0.0854 0.6444 0.2702 
        D825  1 0.0712 0.6579 0.2709 
        D866  1 0.5672 0.3182 0.1147 
        D867  1 0.0752 0.0849 0.8398 
        D871  1 0.1073 0.1620 0.7307 
        D872  1 0.1326 0.6239 0.2435 
        D873  1 0.0441 0.0738 0.8820 
        D874  1 0.2047 0.7301 0.0652 
        D875  1 0.0600 0.0868 0.8532 
        D876  1 0.0752 0.7486 0.1762 
        D877  1 0.0628 0.8723 0.0649 
        D892  1 0.0658 0.6987 0.2355 
        D893  1 0.2625 0.2632 0.4743 
        D894  1 0.1691 0.3435 0.4875 
        D915  1 0.1010 0.4772 0.4218 
        D916  1 0.1225 0.3955 0.4820 
        D917  1 0.1908 0.6696 0.1396 
        D925  1 0.0629 0.3080 0.6291 
        D926  1 0.1163 0.4594 0.4243 
        D927  1 0.5903 0.2299 0.1798 
        D928  1 0.0422 0.9075 0.0503 
        D929  1 0.1534 0.6360 0.2106 
        D936  1 0.4394 0.3577 0.2028 
        D938  1 0.0569 0.1051 0.8380 
        D956  1 0.1916 0.6462 0.1622 
        D957  1 0.1037 0.5506 0.3456 
        D958  1 0.0629 0.7693 0.1677 
        D959  1 0.0711 0.0947 0.8342 
        D960  1 0.0673 0.1698 0.7629 
        D989  1 0.3327 0.5480 0.1193 
        D990  1 0.1880 0.0926 0.7194 
        D023  2 0.0565 0.0688 0.8747 
        D130  2 0.0680 0.1165 0.8156 
        D131  2 0.2550 0.1736 0.5713 
        D163  2 0.0640 0.0862 0.8498 
        D164  2 0.4766 0.0611 0.4623 
        D165  2 0.0823 0.0475 0.8701 
        D166  2 0.3390 0.2666 0.3944 
        D167  2 0.8530 0.0916 0.0554 
        D192  2 0.9123 0.0499 0.0379 
        D193  2 0.1580 0.6907 0.1514 
        D206  2 0.2441 0.2283 0.5276 
        D207  2 0.7563 0.1113 0.1323 
        D208  2 0.5178 0.3912 0.0910 
        D209  2 0.5861 0.0979 0.3160 
        D210  2 0.4763 0.4262 0.0974 
     D229599  2 0.3877 0.3146 0.2977 
     D229600  2 0.4277 0.0928 0.4795 
     D237227  2 0.3074 0.4132 0.2794 
     D237228  2 0.2600 0.3262 0.4138 
     D237258  2 0.3433 0.3294 0.3273 
     D237310  2 0.2389 0.1901 0.5709 
     D237311  2 0.3745 0.1632 0.4622 
     D237312  2 0.1387 0.4420 0.4193 
     D237313  2 0.1493 0.5655 0.2852 
     D237322  2 0.5218 0.2738 0.2044 
     D237323  2 0.1529 0.3718 0.4753 
     D237324  2 0.4005 0.0578 0.5417 
     D237325  2 0.1742 0.4414 0.3844 
     D237326  2 0.0944 0.4129 0.4928 
     D237327  2 0.7171 0.1064 0.1765 
     D237337  2 0.0741 0.3604 0.5655 
     D237338  2 0.3084 0.2861 0.4054 
     D237339  2 0.6680 0.1912 0.1408 
     D237340  2 0.4432 0.3872 0.1696 
     D237389  2 0.1580 0.1581 0.6839 
     D237390  2 0.1400 0.5751 0.2849 
     D244017  2 0.5034 0.3778 0.1188 
     D244112  2 0.7773 0.0615 0.1612 
     D244118  2 0.7067 0.0669 0.2264 
     D244119  2 0.4637 0.4750 0.0613 
     D244120  2 0.7613 0.1443 0.0944 
     D244122  2 0.7041 0.1794 0.1165 
        D291  2 0.6467 0.1157 0.2376 
        D292  2 0.6134 0.2708 0.1158 
        D293  2 0.8721 0.0667 0.0612 
        D322  2 0.7391 0.0899 0.1710 
        D323  2 0.3412 0.4204 0.2384 
        D324  2 0.4182 0.2701 0.3117 
        D325  2 0.8475 0.0373 0.1152 
        D326  2 0.2107 0.5014 0.2879 
        D340  2 0.8882 0.0433 0.0685 
        D341  2 0.8498 0.0715 0.0786 
        D342  2 0.6031 0.0870 0.3099 
        D343  2 0.9261 0.0282 0.0456 
        D344  2 0.1978 0.4500 0.3522 
        D345  2 0.1720 0.3092 0.5189 
        D346  2 0.3058 0.5601 0.1341 
        D351  2 0.4277 0.1733 0.3989 
        D352  2 0.3470 0.3882 0.2648 
        D353  2 0.2753 0.1961 0.5286 
        D354  2 0.0997 0.6755 0.2248 
        D362  2 0.1142 0.4428 0.4430 
        D363  2 0.1025 0.5926 0.3049 
        D364  2 0.1035 0.5656 0.3309 
        D365  2 0.9002 0.0509 0.0490 
        D369  2 0.4262 0.3087 0.2651 
        D374  2 0.0593 0.8896 0.0511 
        D375  2 0.1513 0.4608 0.3879 
        D376  2 0.1388 0.7715 0.0897 
        D377  2 0.2122 0.5109 0.2769 
        D378  2 0.6208 0.1145 0.2647 
        D379  2 0.1079 0.5309 0.3612 
        D384  2 0.0924 0.6602 0.2474 
        D385  2 0.8625 0.0756 0.0619 
        D386  2 0.3024 0.3124 0.3852 
        D391  2 0.8782 0.0598 0.0621 
        D392  2 0.7010 0.1644 0.1346 
        D393  2 0.5680 0.1573 0.2747 
        D394  2 0.2964 0.2115 0.4921 
        D395  2 0.7583 0.1060 0.1357 
        D401  2 0.0931 0.1289 0.7780 
        D402  2 0.9030 0.0481 0.0489 
        D403  2 0.1192 0.2872 0.5936 
        D415  2 0.0701 0.1064 0.8235 
        D435  2 0.4809 0.1043 0.4148 
        D436  2 0.1566 0.6656 0.1778 
        D438  2 0.8695 0.0615 0.0689 
        D439  2 0.4043 0.1387 0.4570 
        D449  2 0.5294 0.0786 0.3920 
        D450  2 0.1121 0.6794 0.2085 
        D456  2 0.0848 0.2844 0.6308 
        D462  2 0.8849 0.0530 0.0621 
        D463  2 0.0843 0.5349 0.3808 
        D464  2 0.3578 0.3566 0.2856 
        D465  2 0.4561 0.1277 0.4162 
        D473  2 0.1646 0.6785 0.1569 
        D474  2 0.4192 0.2430 0.3378 
        D476  2 0.2968 0.0733 0.6299 
        D477  2 0.2796 0.4827 0.2378 
        D478  2 0.1838 0.4387 0.3774 
        D480  2 0.5681 0.3265 0.1054 
        D481  2 0.3027 0.3664 0.3309 
        D482  2 0.5362 0.2767 0.1871 
        D483  2 0.8438 0.0985 0.0577 
        D484  2 0.5437 0.3114 0.1449 
        D510  2 0.1785 0.7569 0.0645 
        D511  2 0.5653 0.1749 0.2598 
        D512  2 0.2325 0.0688 0.6988 
        D513  2 0.5572 0.1899 0.2529 
        D635  2 0.0924 0.1046 0.8030 
        D636  2 0.0504 0.0640 0.8856 
        D637  2 0.6278 0.2506 0.1216 
        D658  2 0.6931 0.2243 0.0826 
        D659  2 0.2028 0.2850 0.5121 
        D677  2 0.2920 0.2564 0.4516 
        D678  2 0.7290 0.0828 0.1881 
        D679  2 0.3630 0.3423 0.2947 
        D719  2 0.3698 0.5629 0.0674 
        D720  2 0.1284 0.6820 0.1896 
        D721  2 0.2272 0.1153 0.6575 
        D722  2 0.1243 0.7913 0.0843 
        D734  2 0.5435 0.4025 0.0540 
        D735  2 0.3055 0.3663 0.3282 
        D736  2 0.3262 0.4913 0.1826 
        D737  2 0.7954 0.1124 0.0921 
        D807  2 0.2935 0.5702 0.1363 
        D808  2 0.4568 0.1335 0.4098 
        D817  2 0.1165 0.6517 0.2318 
        D818  2 0.6245 0.0989 0.2766 
        D819  2 0.1995 0.2384 0.5621 
        D820  2 0.3434 0.4909 0.1658 
        D895  2 0.1101 0.2247 0.6652 
        D896  2 0.0637 0.2339 0.7024 
        D897  2 0.7512 0.0801 0.1687 
        D898  2 0.2943 0.3226 0.3831 
        D918  2 0.4039 0.2596 0.3365 
        D919  2 0.6010 0.1841 0.2149 
        D920  2 0.0857 0.1311 0.7832 
        D923  2 0.2029 0.4976 0.2995 
        D930  2 0.1382 0.6852 0.1766 
        D931  2 0.4283 0.3534 0.2184 
        D968  2 0.8953 0.0528 0.0519 
        D969  2 0.6329 0.1852 0.1819 
        D977  2 0.7660 0.0660 0.1680 
        D978  2 0.7097 0.1457 0.1446 
        D211  3 0.1366 0.1492 0.7142 
     D229639  3 0.7016 0.1984 0.1001 
     D237212  3 0.5473 0.1447 0.3079 
     D237213  3 0.1863 0.2257 0.5881 
     D237214  3 0.0642 0.1302 0.8056 
     D237215  3 0.7935 0.1601 0.0464 
     D237216  3 0.1903 0.1112 0.6985 
     D237217  3 0.1048 0.0834 0.8117 
     D237218  3 0.6785 0.1348 0.1867 
     D237219  3 0.2739 0.2488 0.4772 
     D237382  3 0.1422 0.6390 0.2188 
     D244127  3 0.3087 0.0948 0.5965 
     D244129  3 0.3405 0.2648 0.3946 
     D244133  3 0.2581 0.3247 0.4173 
     D244134  3 0.5042 0.3242 0.1716 
     D244135  3 0.1027 0.0772 0.8201 
     D244136  3 0.2047 0.5385 0.2568 
        D416  3 0.4685 0.1060 0.4255 
        D417  3 0.0886 0.4441 0.4674 
        D419  3 0.3801 0.2667 0.3532 
        D565  3 0.0661 0.8782 0.0557 
        D566  3 0.4533 0.4165 0.1302 
        D567  3 0.1002 0.3223 0.5775 
        D568  3 0.3313 0.1654 0.5033 
        D569  3 0.5574 0.1649 0.2777 
        D573  3 0.7949 0.0708 0.1343 
        D574  3 0.1822 0.5923 0.2255 
        D575  3 0.2021 0.3588 0.4390 
        D576  3 0.8568 0.0714 0.0718 
        D577  3 0.1402 0.5089 0.3510 
        D578  3 0.0755 0.0497 0.8748 
        D579  3 0.3217 0.4360 0.2423 
        D660  3 0.6511 0.0674 0.2814 
        D661  3 0.7980 0.0588 0.1432 
        D663  3 0.7756 0.1064 0.1180 
        D664  3 0.3548 0.2605 0.3847 
        D665  3 0.2779 0.0751 0.6470 
        D666  3 0.2137 0.3608 0.4256 
        D009  4 0.1310 0.1594 0.7096 
        D057  4 0.6660 0.1258 0.2083 
        D109  4 0.0894 0.2254 0.6852 
     D237222  4 0.0957 0.3840 0.5203 
     D237223  4 0.2114 0.3142 0.4744 
     D237224  4 0.6891 0.1511 0.1599 
     D237225  4 0.1790 0.1959 0.6250 
     D237299  4 0.2314 0.0892 0.6793 
     D237300  4 0.8214 0.1029 0.0757 
     D237306  4 0.1001 0.7686 0.1313 
     D237307  4 0.1653 0.6555 0.1793 
     D237308  4 0.5775 0.2541 0.1684 
     D237309  4 0.1719 0.1658 0.6623 
     D237317  4 0.0815 0.7556 0.1629 
     D237318  4 0.8824 0.0606 0.0570 
     D237319  4 0.2275 0.2996 0.4730 
     D237320  4 0.3986 0.1575 0.4439 
     D237321  4 0.7204 0.1377 0.1419 
     D237397  4 0.3668 0.3990 0.2342 
     D237398  4 0.7107 0.0826 0.2067 
     D237399  4 0.3717 0.4299 0.1984 
     D244001  4 0.1473 0.1376 0.7151 
        D289  4 0.4380 0.4042 0.1578 
        D290  4 0.3926 0.3949 0.2125 
        D294  4 0.4208 0.2894 0.2898 
        D295  4 0.1960 0.5020 0.3020 
        D301  4 0.2599 0.1663 0.5738 
        D302  4 0.2099 0.4627 0.3274 
        D303  4 0.2066 0.6389 0.1546 
        D304  4 0.3307 0.5173 0.1520 
        D305  4 0.4721 0.0839 0.4439 
        D306  4 0.1984 0.5270 0.2745 
        D307  4 0.1560 0.1785 0.6655 
        D327  4 0.1862 0.5376 0.2762 
        D328  4 0.1474 0.7342 0.1183 
        D329  4 0.5769 0.1750 0.2481 
        D330  4 0.1122 0.1996 0.6882 
        D331  4 0.3259 0.4786 0.1956 
        D333  4 0.3150 0.4823 0.2027 
        D334  4 0.0917 0.7856 0.1227 
        D335  4 0.2519 0.6234 0.1247 
        D370  4 0.1174 0.6818 0.2008 
        D371  4 0.0937 0.8300 0.0763 
        D372  4 0.8007 0.0975 0.1019 
        D373  4 0.2142 0.0719 0.7139 
        D455  4 0.2133 0.1100 0.6767 
        D490  4 0.0526 0.0902 0.8572 
        D497  4 0.0957 0.0800 0.8242 
        D498  4 0.3092 0.4596 0.2311 
        D499  4 0.7196 0.1672 0.1132 
        D514  4 0.2156 0.2789 0.5055 
        D515  4 0.1319 0.2519 0.6161 
        D516  4 0.2069 0.4570 0.3360 
        D517  4 0.1828 0.0717 0.7455 
        D518  4 0.2419 0.5233 0.2349 
        D519  4 0.2145 0.1169 0.6686 
        D560  4 0.3193 0.1405 0.5402 
        D561  4 0.1063 0.0702 0.8235 
        D562  4 0.4148 0.2689 0.3163 
        D563  4 0.7230 0.0731 0.2039 
        D572  4 0.2993 0.4196 0.2811 
        D629  4 0.1676 0.2297 0.6027 
        D630  4 0.2793 0.4180 0.3028 
        D631  4 0.7359 0.1538 0.1103 
        D632  4 0.2920 0.1419 0.5661 
        D646  4 0.1835 0.1757 0.6408 
        D647  4 0.3118 0.2793 0.4088 
        D648  4 0.1643 0.7254 0.1104 
        D649  4 0.1244 0.3264 0.5492 
        D650  4 0.1667 0.5984 0.2349 
        D708  4 0.2105 0.6087 0.1808 
        D709  4 0.1759 0.6280 0.1961 
        D738  4 0.0771 0.7997 0.1232 
        D739  4 0.2577 0.2417 0.5005 
        D740  4 0.4745 0.1670 0.3586 
        D741  4 0.3456 0.1201 0.5344 
        D742  4 0.7483 0.1281 0.1236 
        D743  4 0.4003 0.3748 0.2249 
        D744  4 0.5856 0.1827 0.2317 
        D745  4 0.1110 0.1035 0.7855 
        D814  4 0.5701 0.1001 0.3298 
        D815  4 0.2386 0.5943 0.1671 
        D828  4 0.4358 0.4576 0.1065 
        D845  4 0.8450 0.0992 0.0558 
        D846  4 0.5212 0.1257 0.3530 
        D847  4 0.3731 0.2387 0.3882 
        D848  4 0.4278 0.0565 0.5157 
        D849  4 0.1324 0.1410 0.7265 
        D850  4 0.2506 0.3425 0.4069 
        D856  4 0.1975 0.3124 0.4901 
        D857  4 0.1566 0.1265 0.7169 
        D859  4 0.4735 0.3506 0.1759 
        D860  4 0.3818 0.5388 0.0794 
        D883  4 0.1297 0.5091 0.3612 
        D884  4 0.1026 0.6272 0.2702 
        D885  4 0.4973 0.1220 0.3806 
        D886  4 0.2292 0.3617 0.4090 
        D887  4 0.6073 0.1755 0.2172 
        D889  4 0.6530 0.2449 0.1020 
        D890  4 0.1952 0.5656 0.2392 
        D891  4 0.9110 0.0374 0.0517 
        D899  4 0.7263 0.1902 0.0835 
        D900  4 0.2909 0.3267 0.3823 
        D970  4 0.4154 0.3320 0.2526 
        D971  4 0.5595 0.3060 0.1344 
        D979  4 0.2163 0.6842 0.0995 
        D093  5 0.1621 0.7141 0.1238 
        D154  5 0.6186 0.2282 0.1532 
        D168  5 0.4305 0.1036 0.4659 
        D189  5 0.3489 0.5571 0.0939 
        D190  5 0.1281 0.7992 0.0727 
     D237220  5 0.3661 0.2322 0.4017 
     D237221  5 0.3981 0.4835 0.1184 
     D237274  5 0.1409 0.4926 0.3665 
     D237275  5 0.8231 0.0815 0.0955 
     D237276  5 0.1147 0.6927 0.1926 
     D237277  5 0.3850 0.5412 0.0738 
     D237278  5 0.5922 0.2206 0.1872 
     D237279  5 0.0674 0.0730 0.8596 
     D237280  5 0.1018 0.3185 0.5797 
     D237281  5 0.8549 0.0614 0.0837 
     D237351  5 0.1052 0.3024 0.5924 
     D237352  5 0.1644 0.3862 0.4494 
     D237353  5 0.1451 0.7962 0.0587 
     D237359  5 0.4546 0.1664 0.3790 
     D237361  5 0.0935 0.8435 0.0630 
     D237362  5 0.2080 0.4967 0.2954 
     D237363  5 0.3832 0.1920 0.4248 
     D237364  5 0.4909 0.1200 0.3891 
     D237376  5 0.2063 0.6992 0.0945 
     D237377  5 0.1227 0.3351 0.5421 
     D237378  5 0.3801 0.5233 0.0967 
     D237379  5 0.2858 0.5483 0.1659 
     D237380  5 0.0535 0.5425 0.4040 
     D237381  5 0.1755 0.2983 0.5261 
     D237391  5 0.1655 0.7270 0.1075 
     D237392  5 0.2514 0.3930 0.3555 
     D237393  5 0.1896 0.5581 0.2523 
     D237394  5 0.0582 0.8635 0.0783 
     D237395  5 0.2791 0.4491 0.2719 
     D237396  5 0.2327 0.3133 0.4541 
     D244016  5 0.2966 0.5197 0.1836 
     D244018  5 0.5476 0.2287 0.2237 
     D244019  5 0.3026 0.4685 0.2289 
        D279  5 0.7285 0.1122 0.1592 
        D280  5 0.3473 0.3616 0.2911 
        D281  5 0.8337 0.0953 0.0710 
        D283  5 0.1897 0.6706 0.1397 
        D284  5 0.2352 0.1770 0.5879 
        D285  5 0.2378 0.6264 0.1358 
        D286  5 0.2213 0.6206 0.1581 
        D287  5 0.1542 0.7051 0.1407 
        D288  5 0.3630 0.4609 0.1761 
        D308  5 0.0591 0.1642 0.7767 
        D309  5 0.2535 0.2913 0.4553 
        D310  5 0.1073 0.7945 0.0982 
        D311  5 0.1597 0.6994 0.1409 
        D312  5 0.1585 0.6771 0.1644 
        D313  5 0.0404 0.0673 0.8924 
        D314  5 0.5029 0.2457 0.2514 
        D315  5 0.2032 0.5367 0.2602 
        D317  5 0.0808 0.8476 0.0716 
        D318  5 0.3663 0.1872 0.4465 
        D319  5 0.1448 0.7796 0.0755 
        D320  5 0.1354 0.7640 0.1006 
        D321  5 0.1085 0.1913 0.7003 
        D336  5 0.0595 0.8794 0.0611 
        D337  5 0.1369 0.8150 0.0481 
        D338  5 0.3076 0.3923 0.3001 
        D339  5 0.2039 0.6571 0.1391 
        D347  5 0.2410 0.6328 0.1262 
        D348  5 0.1111 0.8372 0.0516 
        D349  5 0.0876 0.1904 0.7220 
        D350  5 0.4951 0.2166 0.2883 
        D355  5 0.7231 0.1511 0.1258 
        D356  5 0.1129 0.7183 0.1688 
        D357  5 0.2212 0.4996 0.2792 
        D358  5 0.1842 0.6002 0.2156 
        D359  5 0.0584 0.8285 0.1131 
        D360  5 0.0912 0.7486 0.1602 
        D361  5 0.0628 0.1353 0.8019 
        D366  5 0.4349 0.1815 0.3836 
        D367  5 0.1456 0.7056 0.1489 
        D368  5 0.1121 0.5758 0.3121 
        D380  5 0.3114 0.2072 0.4813 
        D381  5 0.1867 0.6927 0.1206 
        D400  5 0.3799 0.5280 0.0921 
        D411  5 0.0697 0.0493 0.8810 
        D412  5 0.3918 0.3091 0.2991 
        D413  5 0.7569 0.0741 0.1690 
        D414  5 0.7818 0.1031 0.1151 
        D420  5 0.3625 0.1805 0.4570 
        D431  5 0.4914 0.2716 0.2370 
        D432  5 0.3071 0.4703 0.2225 
        D433  5 0.2444 0.6556 0.1000 
        D434  5 0.1182 0.7595 0.1223 
        D440  5 0.4050 0.2355 0.3596 
        D447  5 0.2117 0.1680 0.6202 
        D448  5 0.1490 0.7751 0.0760 
        D459  5 0.8583 0.0844 0.0573 
        D460  5 0.0764 0.1627 0.7609 
        D461  5 0.3365 0.4032 0.2602 
        D468  5 0.1384 0.4667 0.3949 
        D469  5 0.1488 0.4394 0.4117 
        D470  5 0.1305 0.4771 0.3924 
        D471  5 0.1993 0.7388 0.0619 
        D472  5 0.5469 0.2017 0.2514 
        D479  5 0.8049 0.1185 0.0766 
        D485  5 0.2609 0.5426 0.1966 
        D486  5 0.1017 0.4223 0.4760 
        D487  5 0.7002 0.1990 0.1008 
        D555  5 0.1807 0.7554 0.0639 
        D556  5 0.4456 0.4067 0.1477 
        D557  5 0.1547 0.7838 0.0615 
        D564  5 0.2060 0.5404 0.2536 
        D594  5 0.1957 0.4368 0.3675 
        D595  5 0.2483 0.5418 0.2100 
        D596  5 0.1092 0.8211 0.0697 
        D597  5 0.4599 0.4271 0.1130 
        D598  5 0.1986 0.5814 0.2200 
        D617  5 0.2141 0.0638 0.7221 
        D618  5 0.3205 0.5717 0.1078 
        D619  5 0.1099 0.5147 0.3754 
        D620  5 0.8546 0.0798 0.0656 
        D628  5 0.2352 0.5178 0.2470 
        D714  5 0.5934 0.2993 0.1073 
        D715  5 0.2509 0.6725 0.0767 
        D716  5 0.3114 0.5501 0.1385 
        D717  5 0.2295 0.5464 0.2241 
        D718  5 0.2434 0.3837 0.3729 
        D769  5 0.1968 0.1218 0.6814 
        D770  5 0.5881 0.2594 0.1525 
        D771  5 0.5416 0.2485 0.2099 
        D772  5 0.1940 0.6724 0.1336 
        D782  5 0.2472 0.0947 0.6581 
        D783  5 0.6385 0.2579 0.1036 
        D784  5 0.3065 0.4649 0.2285 
        D785  5 0.0804 0.8100 0.1096 
        D786  5 0.1440 0.2046 0.6514 
        D821  5 0.0767 0.8787 0.0446 
        D822  5 0.1726 0.6736 0.1538 
        D826  5 0.6039 0.2931 0.1030 
        D827  5 0.2022 0.3740 0.4238 
        D851  5 0.2812 0.3259 0.3929 
        D852  5 0.7313 0.1625 0.1062 
        D853  5 0.3039 0.5525 0.1436 
        D854  5 0.4731 0.1766 0.3503 
        D861  5 0.3963 0.2918 0.3119 
        D862  5 0.0873 0.7708 0.1420 
        D865  5 0.2116 0.6901 0.0983 
        D868  5 0.2118 0.5010 0.2872 
        D869  5 0.0601 0.0787 0.8613 
        D870  5 0.0734 0.0724 0.8542 
        D907  5 0.1320 0.6854 0.1826 
        D908  5 0.7051 0.2163 0.0786 
        D910  5 0.3432 0.5743 0.0825 
        D911  5 0.7768 0.1288 0.0944 
        D934  5 0.6934 0.1678 0.1388 
        D946  5 0.6276 0.2187 0.1536 
        D947  5 0.3429 0.3386 0.3184 
        D948  5 0.0772 0.2651 0.6577 
        D949  5 0.0670 0.2172 0.7158 
        D950  5 0.8198 0.1024 0.0778 
        D951  5 0.1077 0.4412 0.4511 
        D952  5 0.1793 0.6443 0.1763 
        D953  5 0.1292 0.7786 0.0923 
        D954  5 0.0869 0.7776 0.1355 
        D961  5 0.2005 0.6028 0.1968 
        D962  5 0.0730 0.8556 0.0714 
        D963  5 0.2649 0.6302 0.1049 
        D964  5 0.3929 0.2026 0.4046 
        D965  5 0.3794 0.4182 0.2024 
        D966  5 0.4126 0.4513 0.1360 
        D967  5 0.5342 0.2840 0.1818 
        D991  5 0.1583 0.5643 0.2774 
        D502  6 0.3698 0.0952 0.5350 
        D503  6 0.5226 0.0976 0.3798 
        D504  6 0.2771 0.4096 0.3133 
        D505  6 0.3516 0.3926 0.2557 
        D506  6 0.0643 0.8400 0.0957 
        D507  6 0.5080 0.1558 0.3362 
        D508  6 0.4538 0.3144 0.2318 
        D529  6 0.1950 0.3151 0.4898 
        D530  6 0.1957 0.5851 0.2192 
        D531  6 0.3222 0.3943 0.2835 
        D532  6 0.1539 0.6928 0.1534 
        D534  6 0.1393 0.1218 0.7389 
        D535  6 0.0985 0.6349 0.2667 
        D536  6 0.6591 0.0602 0.2806 
        D554  6 0.1298 0.5949 0.2753 
        D587  6 0.1327 0.7666 0.1007 
        D588  6 0.1654 0.5212 0.3134 
        D589  6 0.6538 0.1506 0.1956 
        D590  6 0.6917 0.0911 0.2172 
        D591  6 0.3894 0.2451 0.3655 
        D592  6 0.1544 0.1625 0.6831 
        D593  6 0.2219 0.6352 0.1429 
        D682  6 0.1224 0.7549 0.1227 
        D683  6 0.1029 0.6651 0.2319 
        D684  6 0.4675 0.0575 0.4749 
        D685  6 0.4180 0.1314 0.4506 
        D686  6 0.0866 0.7778 0.1357 
        D724  6 0.3566 0.2016 0.4418 
        D725  6 0.4240 0.3707 0.2053 
        D726  6 0.0747 0.8392 0.0861 
        D727  6 0.4127 0.2011 0.3861 
        D728  6 0.0814 0.7702 0.1484 
        D729  6 0.1139 0.0690 0.8171 
        D730  6 0.4045 0.2329 0.3626 
        D731  6 0.5046 0.4321 0.0633 
        D732  6 0.2938 0.3998 0.3063 
        D733  6 0.3030 0.4364 0.2606 
     D237251  7 0.6912 0.2164 0.0924 
     D237252  7 0.4015 0.1157 0.4829 
     D237253  7 0.6083 0.2456 0.1461 
     D237254  7 0.0808 0.0559 0.8633 
     D237255  7 0.8032 0.1146 0.0822 
     D237256  7 0.7023 0.1415 0.1562 
     D237257  7 0.2255 0.0975 0.6769 
     D237282  7 0.2680 0.2218 0.5101 
     D237283  7 0.1047 0.0598 0.8354 
     D237284  7 0.0916 0.0781 0.8303 
     D237285  7 0.2939 0.5212 0.1850 
     D237286  7 0.3872 0.3625 0.2503 
     D237287  7 0.5241 0.1907 0.2851 
     D244006  7 0.0861 0.0582 0.8557 
     D244007  7 0.5859 0.1376 0.2765 
     D244008  7 0.0781 0.1493 0.7727 
     D244009  7 0.1277 0.3880 0.4843 
     D244010  7 0.2965 0.1187 0.5847 
     D244011  7 0.6029 0.2358 0.1613 
     D244012  7 0.5326 0.1097 0.3577 
     D244013  7 0.7008 0.2121 0.0870 
     D244014  7 0.5805 0.0915 0.3280 
     D244015  7 0.1427 0.0956 0.7618 
     D244125  7 0.4774 0.3942 0.1284 
     D244126  7 0.0748 0.0434 0.8817 
     D244130  7 0.2756 0.3024 0.4220 
     D244131  7 0.2555 0.4569 0.2875 
     D244132  7 0.1071 0.7947 0.0982 
        D520  7 0.1070 0.3917 0.5013 
        D521  7 0.3308 0.3945 0.2747 
        D522  7 0.1421 0.2476 0.6104 
        D523  7 0.7674 0.1222 0.1104 
        D524  7 0.4646 0.3487 0.1868 
        D525  7 0.3896 0.0914 0.5190 
        D526  7 0.0698 0.0615 0.8687 
        D527  7 0.3612 0.2705 0.3683 
        D528  7 0.0336 0.0515 0.9148 
        D558  7 0.4467 0.1660 0.3873 
        D559  7 0.5109 0.1056 0.3835 
        D640  7 0.4003 0.4490 0.1507 
        D641  7 0.5336 0.2365 0.2299 
        D642  7 0.2973 0.1722 0.5305 
        D644  7 0.2039 0.5303 0.2658 
        D645  7 0.5049 0.2453 0.2498 
        D662  7 0.0514 0.4486 0.5000 
        D687  7 0.5649 0.2244 0.2107 
        D688  7 0.3046 0.1960 0.4994 
        D689  7 0.3655 0.3663 0.2682 
        D700  7 0.0511 0.0415 0.9074 
        D797  7 0.3357 0.4103 0.2541 
        D798  7 0.1225 0.1454 0.7321 
        D799  7 0.7199 0.0936 0.1865 
        D800  7 0.2971 0.1191 0.5838 
        D132  8 0.0717 0.0893 0.8390 
        D133  8 0.8272 0.0492 0.1236 
        D200  8 0.5507 0.2472 0.2021 
        D500  8 0.0509 0.0823 0.8668 
        D614  8 0.1476 0.6721 0.1803 
        D723  8 0.2329 0.2292 0.5379 
        D888  8 0.8633 0.0727 0.0639 
        D901  8 0.2893 0.1391 0.5716 
        D902  8 0.1008 0.8071 0.0921 
        D903  8 0.2320 0.6423 0.1258 
        D904  8 0.2720 0.3599 0.3681 
        D905  8 0.8286 0.1258 0.0456 
        D906  8 0.7089 0.0766 0.2145 
        D937  8 0.1160 0.8198 0.0643 
        D943  8 0.3831 0.1220 0.4949 
        D972  8 0.1707 0.2026 0.6267 
        D973  8 0.1177 0.5015 0.3808 
        D974  8 0.2655 0.4307 0.3039 
        D975  8 0.3963 0.3994 0.2043 
        D976  8 0.4306 0.2355 0.3339 
        D201  9 0.5938 0.1152 0.2910 
        D202  9 0.6149 0.1672 0.2180 
     D237259  9 0.1699 0.0799 0.7502 
     D237260  9 0.7222 0.0720 0.2058 
     D237262  9 0.0713 0.0874 0.8413 
     D237263  9 0.4064 0.1010 0.4926 
     D237264  9 0.3127 0.2483 0.4390 
     D237265  9 0.7433 0.0927 0.1640 
     D237266  9 0.6056 0.0776 0.3168 
     D237267  9 0.1239 0.3158 0.5602 
     D237268  9 0.1466 0.2416 0.6118 
     D237289  9 0.6122 0.2421 0.1457 
     D237290  9 0.8491 0.0558 0.0950 
     D237291  9 0.7338 0.1384 0.1277 
     D237292  9 0.5530 0.0724 0.3746 
     D237293  9 0.1841 0.4212 0.3947 
     D237294  9 0.3943 0.1715 0.4342 
     D237295  9 0.1349 0.5056 0.3595 
     D237296  9 0.3798 0.2664 0.3539 
     D237297  9 0.2579 0.6076 0.1345 
     D237298  9 0.4770 0.2522 0.2708 
     D237341  9 0.6061 0.1566 0.2374 
     D237342  9 0.2118 0.1957 0.5925 
     D237343  9 0.5294 0.1120 0.3586 
     D237344  9 0.3498 0.4393 0.2109 
     D237345  9 0.1393 0.0635 0.7971 
     D237346  9 0.6339 0.2224 0.1436 
     D237347  9 0.4274 0.4541 0.1185 
     D237348  9 0.3269 0.3404 0.3327 
     D237349  9 0.4248 0.0922 0.4830 
     D244109  9 0.6037 0.0453 0.3510 
     D244110  9 0.7293 0.0677 0.2030 
     D244111  9 0.5525 0.1922 0.2554 
     D244128  9 0.1771 0.0836 0.7394 
     D244137  9 0.2608 0.2666 0.4725 
     D244138  9 0.6064 0.1626 0.2310 
        D580  9 0.0750 0.2013 0.7237 
        D581  9 0.8482 0.0586 0.0933 
        D582  9 0.0708 0.0755 0.8537 
        D583  9 0.8309 0.0542 0.1149 
        D584  9 0.1830 0.3874 0.4296 
        D585  9 0.3309 0.0882 0.5808 
        D586  9 0.8220 0.0982 0.0798 
        D651  9 0.2704 0.4656 0.2640 
        D652  9 0.1872 0.0970 0.7158 
        D653  9 0.6368 0.1717 0.1915 
        D654  9 0.5248 0.1501 0.3251 
        D655  9 0.4668 0.3358 0.1975 
        D656  9 0.0650 0.0843 0.8507 
        D657  9 0.3858 0.1995 0.4147 
        D667  9 0.3556 0.4728 0.1717 
        D668  9 0.3940 0.2560 0.3500 
        D669  9 0.6860 0.1260 0.1880 
        D670  9 0.1170 0.2729 0.6101 
        D671  9 0.7493 0.0951 0.1556 
        D672  9 0.1968 0.1174 0.6858 
        D673  9 0.2367 0.4478 0.3154 
        D692  9 0.2143 0.0842 0.7015 
        D693  9 0.1974 0.4379 0.3647 
        D694  9 0.1766 0.1151 0.7083 
        D695  9 0.1626 0.2605 0.5769 
        D696  9 0.0646 0.8942 0.0412 
        D697  9 0.3023 0.4986 0.1991 
        D698  9 0.5012 0.3786 0.1201 
        D699  9 0.2586 0.5676 0.1738 
        D787  9 0.2408 0.1495 0.6097 
        D788  9 0.0854 0.6814 0.2332 
        D789  9 0.3327 0.2666 0.4007 
        D790  9 0.3145 0.2028 0.4826 
        D791  9 0.7595 0.1409 0.0996 
        D792  9 0.3834 0.1223 0.4944 
        D793  9 0.1939 0.6509 0.1552 
        D794  9 0.2433 0.5321 0.2246 
        D795  9 0.1884 0.1893 0.6223 
        D796  9 0.6268 0.1497 0.2235 
        D142 10 0.2170 0.6626 0.1204 
        D143 10 0.7081 0.1855 0.1064 
        D144 10 0.2231 0.4272 0.3497 
        D145 10 0.8605 0.0723 0.0672 
        D146 10 0.1081 0.2262 0.6657 
        D147 10 0.2644 0.2214 0.5142 
        D148 10 0.1593 0.2448 0.5959 
        D149 10 0.7541 0.0769 0.1690 
        D151 10 0.2892 0.1344 0.5764 
        D152 10 0.8926 0.0433 0.0641 
        D153 10 0.0925 0.7338 0.1737 
        D156 10 0.5233 0.3138 0.1629 
        D157 10 0.1573 0.6486 0.1941 
        D158 10 0.5238 0.2216 0.2546 
        D159 10 0.8657 0.0776 0.0567 
        D160 10 0.7237 0.2197 0.0566 
        D161 10 0.3061 0.3793 0.3146 
        D162 10 0.5310 0.3782 0.0908 
        D169 10 0.1406 0.0887 0.7706 
        D170 10 0.1159 0.1740 0.7101 
        D171 10 0.1596 0.6186 0.2218 
        D172 10 0.4344 0.2881 0.2775 
        D173 10 0.8420 0.0505 0.1075 
        D181 10 0.3516 0.5002 0.1482 
        D182 10 0.5265 0.0953 0.3782 
        D183 10 0.0818 0.8081 0.1102 
        D184 10 0.0375 0.0571 0.9054 
        D185 10 0.2162 0.3239 0.4600 
        D186 10 0.1216 0.0623 0.8161 
        D194 10 0.1239 0.3394 0.5367 
        D195 10 0.6121 0.2591 0.1288 
        D196 10 0.6283 0.2736 0.0981 
        D197 10 0.2581 0.1047 0.6372 
        D198 10 0.0776 0.4778 0.4446 
     D237226 10 0.6710 0.0854 0.2435 
     D237232 10 0.4981 0.3403 0.1616 
     D237233 10 0.6602 0.1972 0.1426 
     D237234 10 0.3118 0.5326 0.1556 
     D237354 10 0.8898 0.0577 0.0525 
     D237355 10 0.7105 0.1296 0.1599 
     D237356 10 0.0623 0.7122 0.2255 
     D237357 10 0.4630 0.1259 0.4111 
     D237358 10 0.1577 0.1455 0.6968 
     D237369 10 0.0844 0.0684 0.8472 
     D237370 10 0.1873 0.6989 0.1138 
     D237371 10 0.1701 0.2181 0.6119 
     D237372 10 0.3308 0.0807 0.5885 
     D237373 10 0.6037 0.2830 0.1134 
     D237374 10 0.7928 0.1346 0.0726 
     D237375 10 0.4265 0.1837 0.3898 
     D237400 10 0.8968 0.0541 0.0491 
     D244002 10 0.1378 0.0824 0.7798 
     D244003 10 0.7309 0.2100 0.0591 
     D244004 10 0.0954 0.8243 0.0803 
     D244005 10 0.5917 0.0892 0.3191 
     D244020 10 0.1983 0.6005 0.2012 
     D244021 10 0.3698 0.1797 0.4504 
     D244116 10 0.2015 0.2542 0.5444 
     D244117 10 0.4940 0.4003 0.1058 
     D244121 10 0.2649 0.6090 0.1261 
     D244123 10 0.5041 0.3465 0.1494 
     D244124 10 0.4675 0.2178 0.3147 
        D332 10 0.2029 0.5559 0.2412 
        D570 10 0.1411 0.7510 0.1079 
        D602 10 0.3877 0.2897 0.3226 
        D603 10 0.4638 0.3484 0.1878 
        D604 10 0.6024 0.2107 0.1869 
        D605 10 0.3267 0.4368 0.2365 
        D606 10 0.0797 0.4042 0.5162 
        D607 10 0.2021 0.3369 0.4610 
        D608 10 0.8899 0.0490 0.0611 
        D609 10 0.0842 0.7870 0.1288 
        D610 10 0.2545 0.3275 0.4180 
        D611 10 0.0617 0.8951 0.0433 
        D613 10 0.2774 0.5295 0.1932 
        D633 10 0.4872 0.2103 0.3025 
        D634 10 0.2203 0.5001 0.2795 
        D638 10 0.8790 0.0682 0.0528 
        D681 10 0.1885 0.5525 0.2590 
        D754 10 0.2360 0.3153 0.4487 
        D755 10 0.6739 0.2748 0.0512 
        D756 10 0.2827 0.4742 0.2431 
        D757 10 0.5266 0.1951 0.2782 
        D758 10 0.2606 0.4047 0.3347 
        D759 10 0.6370 0.2662 0.0968 
        D760 10 0.4626 0.3715 0.1659 
        D761 10 0.9008 0.0544 0.0449 
        D762 10 0.2366 0.4685 0.2949 
        D775 10 0.3851 0.5240 0.0908 
        D776 10 0.8260 0.0822 0.0919 
        D777 10 0.3832 0.3684 0.2484 
        D778 10 0.6952 0.0822 0.2226 
        D779 10 0.3200 0.3913 0.2887 
        D780 10 0.7760 0.1313 0.0927 
        D781 10 0.5179 0.2433 0.2389 
        D858 10 0.1440 0.0457 0.8104 
        D933 10 0.3288 0.3429 0.3283 
        D038 11 0.6366 0.1709 0.1924 
        D063 11 0.5601 0.3457 0.0942 
        D155 11 0.4416 0.3611 0.1973 
        D175 11 0.1704 0.4890 0.3405 
        D176 11 0.7137 0.1626 0.1237 
        D205 11 0.0627 0.7885 0.1488 
     D237229 11 0.4677 0.0923 0.4400 
     D237230 11 0.1953 0.1640 0.6407 
     D237231 11 0.2971 0.5379 0.1650 
     D237269 11 0.6179 0.1696 0.2125 
     D237270 11 0.1962 0.1476 0.6562 
     D237271 11 0.1812 0.6795 0.1393 
     D237272 11 0.2177 0.1962 0.5861 
     D237273 11 0.2893 0.6117 0.0989 
     D237301 11 0.1933 0.6556 0.1512 
     D237302 11 0.3054 0.1755 0.5190 
     D237303 11 0.2201 0.0813 0.6985 
     D237304 11 0.3122 0.4227 0.2651 
     D237305 11 0.1861 0.2220 0.5919 
     D237314 11 0.4091 0.3648 0.2261 
     D237315 11 0.1970 0.1371 0.6659 
     D237316 11 0.0975 0.7339 0.1686 
     D237328 11 0.0660 0.5190 0.4150 
     D237329 11 0.4327 0.1904 0.3768 
     D237330 11 0.3234 0.6021 0.0746 
     D237331 11 0.4620 0.2906 0.2474 
     D237332 11 0.1699 0.6101 0.2200 
     D237333 11 0.7045 0.2279 0.0677 
     D237334 11 0.1473 0.5389 0.3138 
     D237335 11 0.1410 0.6440 0.2151 
     D237336 11 0.6658 0.1748 0.1594 
     D237350 11 0.1697 0.7434 0.0869 
     D237383 11 0.4494 0.1776 0.3731 
     D237384 11 0.1875 0.2895 0.5230 
     D237385 11 0.3705 0.3608 0.2687 
     D237386 11 0.3019 0.5147 0.1835 
     D237387 11 0.1180 0.5059 0.3761 
     D237388 11 0.1177 0.7878 0.0944 
        D239 11 0.4253 0.4009 0.1738 
        D240 11 0.7807 0.0717 0.1476 
        D241 11 0.2293 0.1071 0.6637 
        D242 11 0.4981 0.2387 0.2632 
        D243 11 0.2785 0.5377 0.1838 
        D244 11 0.0953 0.7679 0.1368 
        D245 11 0.3124 0.0973 0.5904 
        D246 11 0.1130 0.7293 0.1577 
        D247 11 0.3770 0.1925 0.4305 
        D248 11 0.2253 0.6426 0.1321 
        D249 11 0.1102 0.4148 0.4751 
        D250 11 0.2646 0.6377 0.0977 
        D251 11 0.1114 0.7032 0.1854 
        D252 11 0.0878 0.5859 0.3263 
        D253 11 0.4198 0.3547 0.2256 
        D254 11 0.1828 0.0689 0.7483 
        D255 11 0.0876 0.7825 0.1299 
        D256 11 0.3992 0.3282 0.2726 
        D257 11 0.1690 0.1507 0.6803 
        D258 11 0.0745 0.1598 0.7657 
        D259 11 0.1830 0.0816 0.7354 
        D260 11 0.3022 0.3372 0.3606 
        D261 11 0.2747 0.5594 0.1659 
        D262 11 0.4143 0.1228 0.4630 
        D263 11 0.0746 0.7473 0.1781 
        D264 11 0.1439 0.3182 0.5379 
        D265 11 0.4197 0.1981 0.3823 
        D266 11 0.4053 0.4461 0.1485 
        D267 11 0.1410 0.6257 0.2334 
        D268 11 0.1315 0.7897 0.0788 
        D269 11 0.0746 0.6794 0.2461 
        D270 11 0.1504 0.4049 0.4447 
        D271 11 0.3249 0.3212 0.3540 
        D272 11 0.5793 0.2391 0.1816 
        D273 11 0.0636 0.0832 0.8532 
        D274 11 0.1796 0.5233 0.2971 
        D275 11 0.1795 0.6101 0.2105 
        D276 11 0.0718 0.8517 0.0765 
        D277 11 0.1765 0.6251 0.1985 
        D278 11 0.3305 0.4631 0.2064 
        D282 11 0.0597 0.1729 0.7674 
        D296 11 0.3022 0.5382 0.1596 
        D297 11 0.0981 0.7136 0.1883 
        D298 11 0.3898 0.4493 0.1609 
        D299 11 0.1620 0.7795 0.0585 
        D300 11 0.7049 0.1554 0.1396 
        D382 11 0.0522 0.7822 0.1656 
        D383 11 0.0815 0.7117 0.2067 
        D387 11 0.5591 0.2579 0.1829 
        D388 11 0.2129 0.3384 0.4488 
        D389 11 0.2188 0.6982 0.0830 
        D390 11 0.2305 0.6050 0.1645 
        D396 11 0.6088 0.1844 0.2068 
        D397 11 0.1259 0.2064 0.6677 
        D398 11 0.2802 0.3211 0.3987 
        D399 11 0.3290 0.2315 0.4395 
        D437 11 0.4577 0.0934 0.4489 
        D441 11 0.2275 0.6807 0.0918 
        D442 11 0.5820 0.2381 0.1799 
        D443 11 0.5597 0.3690 0.0713 
        D444 11 0.2630 0.5440 0.1930 
        D445 11 0.0890 0.4745 0.4365 
        D446 11 0.2346 0.0755 0.6899 
        D451 11 0.1522 0.4763 0.3716 
        D452 11 0.6417 0.1967 0.1616 
        D453 11 0.1594 0.6430 0.1976 
        D454 11 0.2935 0.0946 0.6119 
        D457 11 0.2731 0.3906 0.3363 
        D458 11 0.1482 0.6878 0.1640 
        D466 11 0.7228 0.0945 0.1827 
        D467 11 0.1958 0.6943 0.1099 
        D475 11 0.0782 0.0984 0.8234 
        D488 11 0.5484 0.2494 0.2021 
        D489 11 0.2459 0.2732 0.4809 
        D493 11 0.1171 0.2311 0.6519 
        D494 11 0.2498 0.5404 0.2098 
        D495 11 0.6405 0.0609 0.2985 
        D496 11 0.8190 0.1297 0.0513 
        D674 11 0.7884 0.1048 0.1068 
        D675 11 0.8384 0.1021 0.0596 
        D676 11 0.0923 0.7635 0.1442 
        D680 11 0.5181 0.2885 0.1934 
        D701 11 0.6235 0.1197 0.2569 
        D702 11 0.1636 0.1239 0.7125 
        D703 11 0.5626 0.1945 0.2428 
        D704 11 0.2495 0.4730 0.2774 
        D705 11 0.0929 0.0998 0.8073 
        D706 11 0.6723 0.0944 0.2334 
        D707 11 0.1477 0.4230 0.4293 
        D751 11 0.1051 0.5030 0.3919 
        D752 11 0.5329 0.3064 0.1607 
        D753 11 0.2448 0.3146 0.4406 
        D773 11 0.0455 0.0476 0.9068 
        D774 11 0.5588 0.2257 0.2155 
        D801 11 0.3361 0.4284 0.2355 
        D802 11 0.1558 0.1207 0.7235 
        D803 11 0.4855 0.3738 0.1406 
        D804 11 0.3548 0.2140 0.4312 
        D805 11 0.2142 0.2842 0.5017 
        D806 11 0.1147 0.0990 0.7863 
        D809 11 0.1921 0.6564 0.1514 
        D810 11 0.2326 0.6754 0.0920 
        D812 11 0.1427 0.3578 0.4995 
        D813 11 0.7383 0.1071 0.1546 
        D823 11 0.1534 0.7097 0.1368 
        D824 11 0.3611 0.5267 0.1122 
        D829 11 0.3576 0.3701 0.2723 
        D830 11 0.0812 0.2783 0.6405 
        D831 11 0.6793 0.1186 0.2021 
        D832 11 0.4781 0.1595 0.3624 
        D833 11 0.1421 0.7453 0.1126 
        D834 11 0.0907 0.7738 0.1355 
        D835 11 0.1367 0.2617 0.6017 
        D855 11 0.1339 0.6880 0.1781 
        D863 11 0.8851 0.0659 0.0490 
        D864 11 0.2001 0.5798 0.2201 
        D878 11 0.1495 0.7459 0.1046 
        D879 11 0.1038 0.1882 0.7080 
        D880 11 0.6457 0.2591 0.0952 
        D881 11 0.1997 0.6904 0.1099 
        D882 11 0.6703 0.1648 0.1649 
        D909 11 0.2734 0.5448 0.1818 
        D921 11 0.1769 0.7259 0.0971 
        D924 11 0.7122 0.1889 0.0989 
        D935 11 0.1293 0.6403 0.2304 
        D940 11 0.8230 0.0900 0.0870 
        D941 11 0.3793 0.4059 0.2149 
        D942 11 0.0576 0.1534 0.7890 
        D980 11 0.3584 0.2873 0.3543 
        D981 11 0.1332 0.2700 0.5968 
        D982 11 0.6997 0.2233 0.0770 
        D983 11 0.0881 0.8328 0.0791 
        D984 11 0.2759 0.5845 0.1396 
        D992 11 0.1860 0.1964 0.6175 
        D993 11 0.0572 0.7816 0.1612 
        D994 11 0.4520 0.3463 0.2017 
        D995 11 0.0592 0.3033 0.6375 
        H354 11 0.0998 0.2114 0.6889 
        D005 12 0.4159 0.0780 0.5061 
        D035 12 0.3965 0.2180 0.3855 
        D067 12 0.2035 0.5743 0.2222 
        D134 12 0.5749 0.2054 0.2196 
        D135 12 0.3356 0.2642 0.4002 
        D136 12 0.0842 0.2559 0.6599 
        D137 12 0.5172 0.1203 0.3625 
        D138 12 0.3935 0.3663 0.2402 
        D139 12 0.5355 0.3127 0.1517 
        D140 12 0.2196 0.2790 0.5015 
        D141 12 0.0440 0.0624 0.8936 
        D150 12 0.1589 0.1778 0.6633 
        D177 12 0.7278 0.1232 0.1490 
        D178 12 0.2681 0.3624 0.3695 
        D179 12 0.2038 0.2403 0.5559 
        D180 12 0.1649 0.1658 0.6693 
        D187 12 0.5904 0.1882 0.2214 
        D188 12 0.0608 0.0516 0.8876 
        D191 12 0.1980 0.0935 0.7086 
        D418 12 0.1289 0.0872 0.7839 
        D601 12 0.0881 0.1489 0.7630 
        D836 12 0.0964 0.0819 0.8217 
        D837 12 0.4324 0.3041 0.2635 
        D838 12 0.4465 0.4542 0.0993 
        D839 12 0.7606 0.0683 0.1712 
        D840 12 0.5965 0.2238 0.1797 
        D841 12 0.2214 0.2872 0.4914 
        D842 12 0.0967 0.0555 0.8478 
        D843 12 0.2843 0.5014 0.2143 
        D844 12 0.4457 0.0680 0.4863 
        D912 12 0.2467 0.6338 0.1195 
        D913 12 0.8620 0.0730 0.0650 
