        D174  1 0.6416 0.0647 0.1026 0.1911 
        D199  1 0.2796 0.2665 0.3637 0.0902 
        D203  1 0.1516 0.2785 0.3235 0.2464 
        D204  1 0.0510 0.0553 0.8425 0.0512 
     D237366  1 0.1513 0.1645 0.2102 0.4740 
     D237367  1 0.1294 0.1086 0.3559 0.4060 
     D237368  1 0.1411 0.1184 0.3174 0.4231 
     D244101  1 0.0655 0.1887 0.6917 0.0541 
     D244102  1 0.3312 0.1734 0.2312 0.2643 
     D244103  1 0.1460 0.0953 0.3242 0.4345 
     D244104  1 0.1344 0.0978 0.6837 0.0842 
     D244105  1 0.0586 0.0739 0.0978 0.7696 
     D244106  1 0.6055 0.2092 0.1072 0.0780 
     D244107  1 0.0478 0.1009 0.2458 0.6054 
     D244108  1 0.5979 0.0752 0.1456 0.1813 
     D244113  1 0.8388 0.0525 0.0534 0.0553 
     D244114  1 0.2766 0.3407 0.2312 0.1515 
     D244115  1 0.5020 0.0803 0.2222 0.1956 
     D267365  1 0.3271 0.1217 0.4595 0.0917 
        D404  1 0.7916 0.0672 0.0733 0.0678 
        D405  1 0.4639 0.1832 0.1991 0.1539 
        D406  1 0.0822 0.0343 0.1488 0.7348 
        D407  1 0.0957 0.1471 0.4838 0.2734 
        D408  1 0.6584 0.1418 0.1301 0.0697 
        D409  1 0.1103 0.1463 0.3161 0.4273 
        D410  1 0.0912 0.0319 0.1643 0.7127 
        D421  1 0.0706 0.0911 0.7853 0.0529 
        D422  1 0.0342 0.0653 0.1031 0.7974 
        D423  1 0.0426 0.0518 0.0983 0.8072 
        D424  1 0.0910 0.0491 0.6821 0.1778 
        D425  1 0.3595 0.0685 0.4827 0.0893 
        D426  1 0.0683 0.3023 0.2585 0.3709 
        D427  1 0.1836 0.5174 0.2333 0.0657 
        D428  1 0.3524 0.0973 0.3788 0.1714 
        D429  1 0.3529 0.1028 0.4405 0.1039 
        D430  1 0.3321 0.3004 0.2032 0.1643 
        D491  1 0.7148 0.0442 0.1831 0.0578 
        D492  1 0.3063 0.1056 0.4128 0.1753 
        D537  1 0.1258 0.0482 0.6906 0.1354 
        D538  1 0.2968 0.1520 0.2008 0.3505 
        D539  1 0.4095 0.2629 0.1284 0.1992 
        D540  1 0.1675 0.1320 0.4480 0.2524 
        D541  1 0.0444 0.0475 0.8654 0.0428 
        D551  1 0.0960 0.5952 0.1477 0.1611 
        D552  1 0.2106 0.0921 0.4287 0.2685 
        D553  1 0.0457 0.0423 0.8694 0.0426 
        D615  1 0.1612 0.1629 0.4665 0.2094 
        D616  1 0.1295 0.2371 0.3729 0.2605 
        D621  1 0.2837 0.0696 0.1105 0.5363 
        D622  1 0.0920 0.0671 0.1166 0.7243 
        D623  1 0.6083 0.1987 0.1254 0.0676 
        D624  1 0.7741 0.0630 0.0851 0.0778 
        D625  1 0.1043 0.0459 0.7331 0.1166 
        D626  1 0.5624 0.0924 0.1034 0.2418 
        D627  1 0.0771 0.2296 0.3715 0.3217 
        D690  1 0.1057 0.0288 0.7593 0.1061 
        D691  1 0.0790 0.0490 0.1609 0.7111 
        D710  1 0.2204 0.1108 0.5437 0.1251 
        D711  1 0.0849 0.0546 0.7569 0.1037 
        D712  1 0.7177 0.0856 0.0969 0.0997 
        D713  1 0.5732 0.0540 0.2468 0.1260 
        D746  1 0.0522 0.0497 0.1352 0.7629 
        D747  1 0.0487 0.0561 0.8478 0.0474 
        D748  1 0.1030 0.0506 0.4274 0.4189 
        D749  1 0.2427 0.1744 0.0892 0.4937 
        D750  1 0.5680 0.0528 0.2898 0.0894 
        D763  1 0.0759 0.3802 0.3833 0.1606 
        D764  1 0.2144 0.0391 0.5923 0.1541 
        D765  1 0.2347 0.0581 0.0868 0.6204 
        D766  1 0.1513 0.0543 0.3216 0.4729 
        D767  1 0.1924 0.1544 0.3198 0.3333 
        D768  1 0.0386 0.0505 0.8485 0.0624 
        D811  1 0.7709 0.0656 0.0645 0.0989 
        D816  1 0.0928 0.0459 0.8048 0.0565 
        D825  1 0.5436 0.0562 0.2080 0.1923 
        D866  1 0.3170 0.4780 0.1108 0.0942 
        D867  1 0.0826 0.0828 0.0710 0.7636 
        D871  1 0.1347 0.1282 0.3736 0.3635 
        D872  1 0.1700 0.0727 0.5165 0.2408 
        D873  1 0.0590 0.0413 0.0319 0.8678 
        D874  1 0.3292 0.0918 0.5345 0.0445 
        D875  1 0.0675 0.0802 0.2790 0.5733 
        D876  1 0.1467 0.0478 0.7049 0.1006 
        D877  1 0.7809 0.0652 0.1078 0.0461 
        D892  1 0.3394 0.0496 0.3755 0.2355 
        D893  1 0.0650 0.1172 0.6700 0.1478 
        D894  1 0.1240 0.0892 0.6800 0.1068 
        D915  1 0.1375 0.0682 0.5108 0.2835 
        D916  1 0.0446 0.0380 0.8570 0.0604 
        D917  1 0.4031 0.1549 0.3630 0.0791 
        D925  1 0.1589 0.0524 0.1968 0.5919 
        D926  1 0.2345 0.0795 0.5172 0.1688 
        D927  1 0.1240 0.3431 0.4489 0.0841 
        D928  1 0.7891 0.0314 0.1367 0.0428 
        D929  1 0.4589 0.0878 0.1722 0.2811 
        D936  1 0.0795 0.1556 0.7013 0.0636 
        D938  1 0.0610 0.0417 0.0946 0.8027 
        D956  1 0.7345 0.0921 0.0734 0.1000 
        D957  1 0.1688 0.0689 0.3653 0.3969 
        D958  1 0.2121 0.0417 0.5322 0.2141 
        D959  1 0.0821 0.1374 0.4577 0.3227 
        D960  1 0.1096 0.0492 0.0797 0.7616 
        D989  1 0.5988 0.2071 0.1270 0.0671 
        D990  1 0.0873 0.1391 0.0478 0.7258 
        D023  2 0.0406 0.0556 0.4026 0.5012 
        D130  2 0.0577 0.0579 0.1281 0.7563 
        D131  2 0.0839 0.1461 0.6064 0.1637 
        D163  2 0.0799 0.0599 0.1653 0.6950 
        D164  2 0.0394 0.4572 0.0476 0.4558 
        D165  2 0.0462 0.1014 0.2479 0.6046 
        D166  2 0.2103 0.2029 0.1997 0.3872 
        D167  2 0.1059 0.8075 0.0403 0.0463 
        D192  2 0.0507 0.8812 0.0327 0.0354 
        D193  2 0.6343 0.1400 0.0705 0.1551 
        D206  2 0.1186 0.3154 0.2744 0.2916 
        D207  2 0.0823 0.6892 0.1465 0.0821 
        D208  2 0.4171 0.3489 0.1238 0.1103 
        D209  2 0.1103 0.5590 0.2081 0.1226 
        D210  2 0.4078 0.3263 0.1904 0.0755 
     D229599  2 0.1969 0.2420 0.3835 0.1775 
     D229600  2 0.0804 0.3347 0.0725 0.5124 
     D237227  2 0.5200 0.1817 0.1222 0.1760 
     D237228  2 0.4488 0.1784 0.0506 0.3221 
     D237258  2 0.2493 0.3549 0.1616 0.2342 
     D237310  2 0.2128 0.1257 0.0498 0.6118 
     D237311  2 0.1138 0.2404 0.0438 0.6019 
     D237312  2 0.3351 0.0711 0.0734 0.5204 
     D237313  2 0.2773 0.1156 0.3963 0.2107 
     D237322  2 0.2342 0.4540 0.1331 0.1787 
     D237323  2 0.2688 0.0794 0.0497 0.6021 
     D237324  2 0.0441 0.3744 0.1903 0.3912 
     D237325  2 0.2585 0.1083 0.1068 0.5263 
     D237326  2 0.1636 0.0620 0.2411 0.5333 
     D237327  2 0.0915 0.5332 0.2765 0.0988 
     D237337  2 0.1375 0.0496 0.0811 0.7318 
     D237338  2 0.2149 0.2072 0.1379 0.4400 
     D237339  2 0.0791 0.3415 0.5080 0.0715 
     D237340  2 0.3826 0.2683 0.0688 0.2803 
     D237389  2 0.1243 0.1266 0.0558 0.6933 
     D237390  2 0.3555 0.0935 0.1124 0.4386 
     D244017  2 0.5370 0.2849 0.0812 0.0968 
     D244112  2 0.0797 0.7207 0.0375 0.1621 
     D244118  2 0.0766 0.5515 0.0456 0.3263 
     D244119  2 0.5946 0.3104 0.0499 0.0451 
     D244120  2 0.2504 0.5925 0.0443 0.1129 
     D244122  2 0.1730 0.6446 0.0712 0.1112 
        D291  2 0.0883 0.5708 0.1788 0.1621 
        D292  2 0.1804 0.4626 0.2816 0.0754 
        D293  2 0.0308 0.4629 0.4669 0.0393 
        D322  2 0.0516 0.2935 0.5757 0.0793 
        D323  2 0.2858 0.2949 0.2835 0.1358 
        D324  2 0.1120 0.2252 0.4391 0.2237 
        D325  2 0.0268 0.7919 0.1292 0.0521 
        D326  2 0.0625 0.0604 0.8420 0.0351 
        D340  2 0.0375 0.8500 0.0658 0.0466 
        D341  2 0.0678 0.7491 0.0897 0.0934 
        D342  2 0.0727 0.5895 0.0659 0.2720 
        D343  2 0.0226 0.8938 0.0534 0.0302 
        D344  2 0.1971 0.1327 0.5120 0.1581 
        D345  2 0.1076 0.0801 0.6227 0.1896 
        D346  2 0.5963 0.1834 0.1348 0.0855 
        D351  2 0.0634 0.1579 0.6103 0.1685 
        D352  2 0.2957 0.2479 0.2577 0.1987 
        D353  2 0.0720 0.0949 0.7645 0.0686 
        D354  2 0.3151 0.0707 0.4911 0.1231 
        D362  2 0.1223 0.0686 0.7025 0.1067 
        D363  2 0.1449 0.0616 0.7104 0.0831 
        D364  2 0.1931 0.0736 0.6262 0.1072 
        D365  2 0.0395 0.8137 0.1150 0.0318 
        D369  2 0.2406 0.2709 0.3432 0.1452 
        D374  2 0.8829 0.0395 0.0364 0.0412 
        D375  2 0.2956 0.1032 0.3772 0.2241 
        D376  2 0.8270 0.0713 0.0438 0.0579 
        D377  2 0.3874 0.1635 0.1118 0.3373 
        D378  2 0.0465 0.1792 0.6710 0.1033 
        D379  2 0.0990 0.0612 0.7648 0.0750 
        D384  2 0.0812 0.0462 0.8290 0.0436 
        D385  2 0.0899 0.7970 0.0621 0.0509 
        D386  2 0.0720 0.0980 0.7189 0.1112 
        D391  2 0.0474 0.7619 0.1457 0.0450 
        D392  2 0.1071 0.6078 0.1743 0.1108 
        D393  2 0.0478 0.1808 0.6851 0.0863 
        D394  2 0.1411 0.1615 0.2936 0.4038 
        D395  2 0.1032 0.6116 0.1827 0.1024 
        D401  2 0.1520 0.0662 0.0464 0.7354 
        D402  2 0.0454 0.8360 0.0775 0.0411 
        D403  2 0.1060 0.0936 0.5487 0.2518 
        D415  2 0.0447 0.0483 0.7496 0.1574 
        D435  2 0.0411 0.2611 0.5967 0.1010 
        D436  2 0.3291 0.1099 0.4189 0.1421 
        D438  2 0.0540 0.8527 0.0480 0.0452 
        D439  2 0.0578 0.2437 0.5139 0.1845 
        D449  2 0.0661 0.5748 0.2332 0.1259 
        D450  2 0.3972 0.0834 0.3474 0.1719 
        D456  2 0.0380 0.0337 0.8844 0.0440 
        D462  2 0.0346 0.7329 0.1825 0.0499 
        D463  2 0.0643 0.0308 0.8674 0.0376 
        D464  2 0.2100 0.1608 0.5621 0.0671 
        D465  2 0.0719 0.4185 0.3395 0.1701 
        D473  2 0.6631 0.0831 0.0980 0.1557 
        D474  2 0.0912 0.2081 0.5985 0.1022 
        D476  2 0.0458 0.2129 0.2303 0.5110 
        D477  2 0.1453 0.1061 0.6606 0.0880 
        D478  2 0.3410 0.1325 0.2535 0.2730 
        D480  2 0.1289 0.1990 0.6069 0.0651 
        D481  2 0.1847 0.1365 0.5316 0.1472 
        D482  2 0.3666 0.2899 0.1413 0.2023 
        D483  2 0.1225 0.7731 0.0510 0.0534 
        D484  2 0.3244 0.3711 0.1744 0.1300 
        D510  2 0.7686 0.1126 0.0655 0.0532 
        D511  2 0.0577 0.1682 0.6926 0.0816 
        D512  2 0.0729 0.2613 0.0858 0.5801 
        D513  2 0.1267 0.5355 0.2066 0.1312 
        D635  2 0.0488 0.0771 0.6998 0.1743 
        D636  2 0.0537 0.0348 0.0824 0.8292 
        D637  2 0.2580 0.4332 0.1521 0.1566 
        D658  2 0.2613 0.5504 0.0745 0.1138 
        D659  2 0.0667 0.0697 0.7743 0.0893 
        D677  2 0.1102 0.2266 0.3044 0.3588 
        D678  2 0.1075 0.7351 0.0686 0.0888 
        D679  2 0.1166 0.1653 0.6417 0.0764 
        D719  2 0.3198 0.1938 0.4387 0.0477 
        D720  2 0.1579 0.0726 0.6925 0.0769 
        D721  2 0.0805 0.1790 0.3059 0.4346 
        D722  2 0.7784 0.0989 0.0566 0.0661 
        D734  2 0.4469 0.2797 0.2276 0.0458 
        D735  2 0.1589 0.1238 0.5919 0.1254 
        D736  2 0.3953 0.2350 0.2585 0.1112 
        D737  2 0.1388 0.6407 0.1134 0.1071 
        D807  2 0.3651 0.1911 0.3290 0.1148 
        D808  2 0.0867 0.2395 0.2886 0.3851 
        D817  2 0.2615 0.0798 0.5311 0.1276 
        D818  2 0.0712 0.4956 0.2462 0.1869 
        D819  2 0.1593 0.1280 0.4296 0.2831 
        D820  2 0.0520 0.0606 0.8448 0.0426 
        D895  2 0.1042 0.0958 0.5916 0.2085 
        D896  2 0.1340 0.0455 0.0489 0.7716 
        D897  2 0.0829 0.6908 0.1091 0.1172 
        D898  2 0.2941 0.1823 0.2626 0.2611 
        D918  2 0.1662 0.2336 0.1534 0.4468 
        D919  2 0.0622 0.2940 0.5649 0.0789 
        D920  2 0.1030 0.0505 0.0628 0.7837 
        D923  2 0.0705 0.0693 0.8016 0.0586 
        D930  2 0.2641 0.1134 0.4878 0.1347 
        D931  2 0.1341 0.1892 0.5987 0.0779 
        D968  2 0.0369 0.8490 0.0742 0.0399 
        D969  2 0.0985 0.3102 0.5152 0.0760 
        D977  2 0.0591 0.7193 0.1183 0.1033 
        D978  2 0.1666 0.5841 0.1527 0.0965 
        D211  3 0.0838 0.0908 0.1700 0.6554 
     D229639  3 0.1982 0.6167 0.1121 0.0729 
     D237212  3 0.1107 0.3400 0.3221 0.2272 
     D237213  3 0.0946 0.1334 0.2686 0.5033 
     D237214  3 0.0949 0.0536 0.1563 0.6952 
     D237215  3 0.2367 0.6823 0.0412 0.0398 
     D237216  3 0.1086 0.2670 0.1962 0.4282 
     D237217  3 0.0452 0.0861 0.2089 0.6599 
     D237218  3 0.0824 0.4627 0.3163 0.1386 
     D237219  3 0.2788 0.1614 0.0812 0.4786 
     D237382  3 0.3856 0.1136 0.2327 0.2682 
     D244127  3 0.0723 0.2199 0.0770 0.6309 
     D244129  3 0.1251 0.1771 0.3514 0.3464 
     D244133  3 0.4010 0.2307 0.1513 0.2170 
     D244134  3 0.3523 0.3256 0.1446 0.1775 
     D244135  3 0.0480 0.0981 0.1268 0.7271 
     D244136  3 0.4433 0.1696 0.2565 0.1305 
        D416  3 0.1063 0.3292 0.3107 0.2538 
        D417  3 0.1032 0.0662 0.6697 0.1609 
        D419  3 0.1702 0.2741 0.2387 0.3170 
        D565  3 0.7728 0.0494 0.1329 0.0449 
        D566  3 0.4245 0.4050 0.1085 0.0619 
        D567  3 0.0814 0.0754 0.6811 0.1622 
        D568  3 0.0661 0.2532 0.3534 0.3273 
        D569  3 0.1410 0.4198 0.2374 0.2017 
        D573  3 0.0570 0.6390 0.2497 0.0543 
        D574  3 0.5954 0.1368 0.1168 0.1510 
        D575  3 0.3323 0.1764 0.1972 0.2941 
        D576  3 0.1293 0.7762 0.0266 0.0679 
        D577  3 0.1017 0.0740 0.6872 0.1371 
        D578  3 0.0405 0.0616 0.0445 0.8535 
        D579  3 0.2253 0.2389 0.4150 0.1208 
        D660  3 0.0856 0.5860 0.0775 0.2509 
        D661  3 0.0537 0.6943 0.1319 0.1202 
        D663  3 0.0862 0.7259 0.1243 0.0637 
        D664  3 0.2901 0.2154 0.0579 0.4365 
        D665  3 0.0617 0.1948 0.0874 0.6561 
        D666  3 0.3418 0.1266 0.1972 0.3345 
        D009  4 0.0933 0.0886 0.3168 0.5013 
        D057  4 0.0969 0.4256 0.2126 0.2649 
        D109  4 0.1645 0.0718 0.1269 0.6369 
     D237222  4 0.2597 0.0747 0.0937 0.5720 
     D237223  4 0.2195 0.1668 0.1123 0.5015 
     D237224  4 0.1058 0.4435 0.3609 0.0897 
     D237225  4 0.1308 0.1595 0.3522 0.3574 
     D237299  4 0.1202 0.1828 0.0773 0.6196 
     D237300  4 0.1037 0.7929 0.0462 0.0572 
     D237306  4 0.6107 0.0934 0.1426 0.1533 
     D237307  4 0.4578 0.1391 0.2872 0.1160 
     D237308  4 0.2327 0.4821 0.1521 0.1331 
     D237309  4 0.1114 0.1656 0.4022 0.3208 
     D237317  4 0.5528 0.0856 0.2562 0.1054 
     D237318  4 0.0644 0.8325 0.0555 0.0477 
     D237319  4 0.2021 0.1734 0.1732 0.4513 
     D237320  4 0.1081 0.3184 0.1585 0.4151 
     D237321  4 0.1147 0.6611 0.1150 0.1092 
     D237397  4 0.3178 0.3332 0.1088 0.2402 
     D237398  4 0.0487 0.6009 0.2279 0.1226 
     D237399  4 0.2954 0.2228 0.2833 0.1985 
     D244001  4 0.1229 0.1499 0.0901 0.6370 
        D289  4 0.2635 0.2173 0.4197 0.0995 
        D290  4 0.2788 0.2604 0.2747 0.1862 
        D294  4 0.1879 0.2080 0.4890 0.1151 
        D295  4 0.2170 0.1110 0.4492 0.2227 
        D301  4 0.1278 0.1585 0.0537 0.6600 
        D302  4 0.0935 0.0657 0.7663 0.0746 
        D303  4 0.6841 0.1032 0.1096 0.1030 
        D304  4 0.3752 0.2669 0.2587 0.0992 
        D305  4 0.0551 0.5864 0.1976 0.1609 
        D306  4 0.4105 0.1451 0.2548 0.1896 
        D307  4 0.1646 0.0991 0.0530 0.6833 
        D327  4 0.1801 0.1325 0.5919 0.0954 
        D328  4 0.6898 0.0981 0.1023 0.1097 
        D329  4 0.1643 0.3784 0.3197 0.1376 
        D330  4 0.0731 0.0859 0.4458 0.3952 
        D331  4 0.3165 0.2453 0.2437 0.1946 
        D333  4 0.3644 0.2401 0.1841 0.2114 
        D334  4 0.5655 0.0707 0.2576 0.1062 
        D335  4 0.1529 0.0866 0.6877 0.0727 
        D370  4 0.6052 0.1025 0.1191 0.1731 
        D371  4 0.7441 0.0655 0.1471 0.0434 
        D372  4 0.0985 0.7936 0.0412 0.0667 
        D373  4 0.0614 0.2416 0.0910 0.6061 
        D455  4 0.0788 0.1228 0.1045 0.6939 
        D490  4 0.0711 0.0370 0.0511 0.8408 
        D497  4 0.0659 0.0622 0.0624 0.8095 
        D498  4 0.4301 0.2000 0.1243 0.2455 
        D499  4 0.2395 0.4817 0.1429 0.1359 
        D514  4 0.0922 0.1119 0.6616 0.1344 
        D515  4 0.1072 0.0791 0.1296 0.6841 
        D516  4 0.2717 0.1844 0.2085 0.3355 
        D517  4 0.0576 0.1466 0.1074 0.6884 
        D518  4 0.3120 0.1284 0.2890 0.2705 
        D519  4 0.0537 0.1788 0.1274 0.6401 
        D560  4 0.0656 0.2688 0.1980 0.4676 
        D561  4 0.0418 0.1211 0.3468 0.4902 
        D562  4 0.2352 0.2404 0.2089 0.3155 
        D563  4 0.0744 0.5961 0.1925 0.1370 
        D572  4 0.1580 0.1351 0.5425 0.1643 
        D629  4 0.0873 0.0909 0.5509 0.2708 
        D630  4 0.2446 0.1644 0.3150 0.2760 
        D631  4 0.1339 0.4525 0.2788 0.1348 
        D632  4 0.0763 0.2199 0.1999 0.5039 
        D646  4 0.0982 0.1669 0.3534 0.3814 
        D647  4 0.0618 0.1522 0.5706 0.2153 
        D648  4 0.7614 0.0790 0.0680 0.0916 
        D649  4 0.0720 0.0616 0.6436 0.2228 
        D650  4 0.2855 0.0997 0.3576 0.2571 
        D708  4 0.5584 0.1276 0.1729 0.1411 
        D709  4 0.4573 0.1213 0.2096 0.2118 
        D738  4 0.5644 0.0705 0.1661 0.1989 
        D739  4 0.1704 0.1610 0.1405 0.5282 
        D740  4 0.2311 0.4035 0.1125 0.2529 
        D741  4 0.0615 0.2808 0.2579 0.3998 
        D742  4 0.1368 0.5603 0.1629 0.1399 
        D743  4 0.0761 0.1240 0.7384 0.0614 
        D744  4 0.0903 0.2141 0.5791 0.1165 
        D745  4 0.0724 0.0877 0.0835 0.7565 
        D814  4 0.0902 0.6039 0.1330 0.1729 
        D815  4 0.2072 0.1426 0.5208 0.1294 
        D828  4 0.6292 0.2224 0.0488 0.0996 
        D845  4 0.0937 0.7826 0.0831 0.0407 
        D846  4 0.0538 0.3217 0.4575 0.1671 
        D847  4 0.1632 0.1888 0.3184 0.3296 
        D848  4 0.0585 0.3960 0.0653 0.4802 
        D849  4 0.0812 0.0891 0.1212 0.7085 
        D850  4 0.1420 0.1930 0.4214 0.2436 
        D856  4 0.1836 0.1118 0.1983 0.5062 
        D857  4 0.1411 0.0924 0.0303 0.7362 
        D859  4 0.1954 0.3186 0.3598 0.1262 
        D860  4 0.4034 0.2390 0.2973 0.0603 
        D883  4 0.2811 0.0948 0.3464 0.2777 
        D884  4 0.3348 0.0786 0.1491 0.4375 
        D885  4 0.0771 0.5081 0.2359 0.1788 
        D886  4 0.1125 0.1219 0.2560 0.5096 
        D887  4 0.1796 0.4355 0.2392 0.1457 
        D889  4 0.1722 0.5017 0.2486 0.0775 
        D890  4 0.5070 0.1346 0.1467 0.2117 
        D891  4 0.0325 0.8922 0.0452 0.0301 
        D899  4 0.2133 0.5897 0.1383 0.0587 
        D900  4 0.2341 0.1749 0.3896 0.2014 
        D970  4 0.1224 0.2389 0.5025 0.1362 
        D971  4 0.1439 0.4727 0.2794 0.1041 
        D979  4 0.1431 0.1000 0.7018 0.0551 
        D093  5 0.7115 0.1036 0.0998 0.0851 
        D154  5 0.2066 0.5488 0.1161 0.1284 
        D168  5 0.0836 0.4834 0.1366 0.2965 
        D189  5 0.6119 0.2237 0.0834 0.0811 
        D190  5 0.7984 0.0679 0.0812 0.0524 
     D237220  5 0.1839 0.1753 0.1464 0.4944 
     D237221  5 0.3625 0.2829 0.2420 0.1127 
     D237274  5 0.0662 0.0604 0.8128 0.0607 
     D237275  5 0.0923 0.7815 0.0506 0.0756 
     D237276  5 0.4553 0.1034 0.1748 0.2665 
     D237277  5 0.5700 0.2322 0.1242 0.0736 
     D237278  5 0.3120 0.4098 0.1146 0.1635 
     D237279  5 0.0597 0.0934 0.2502 0.5966 
     D237280  5 0.1994 0.0774 0.3210 0.4022 
     D237281  5 0.0529 0.8049 0.0922 0.0500 
     D237351  5 0.2122 0.0883 0.0811 0.6184 
     D237352  5 0.2039 0.1102 0.3087 0.3772 
     D237353  5 0.8034 0.0828 0.0688 0.0451 
     D237359  5 0.1392 0.2966 0.1967 0.3675 
     D237361  5 0.8507 0.0514 0.0489 0.0491 
     D237362  5 0.4130 0.1704 0.2750 0.1416 
     D237363  5 0.2113 0.4068 0.1244 0.2575 
     D237364  5 0.0714 0.4190 0.2389 0.2707 
     D237376  5 0.7872 0.1070 0.0470 0.0588 
     D237377  5 0.1652 0.0949 0.5139 0.2260 
     D237378  5 0.6849 0.1864 0.0572 0.0716 
     D237379  5 0.6648 0.1370 0.0844 0.1138 
     D237380  5 0.3328 0.0435 0.1094 0.5143 
     D237381  5 0.2587 0.1243 0.1406 0.4764 
     D237391  5 0.6561 0.0921 0.1615 0.0902 
     D237392  5 0.1210 0.1891 0.5764 0.1136 
     D237393  5 0.2759 0.1057 0.5066 0.1118 
     D237394  5 0.8030 0.0432 0.0926 0.0612 
     D237395  5 0.5093 0.1860 0.0974 0.2073 
     D237396  5 0.1084 0.1153 0.6906 0.0857 
     D244016  5 0.4549 0.2186 0.2164 0.1101 
     D244018  5 0.2602 0.4842 0.1204 0.1353 
     D244019  5 0.2395 0.2827 0.3731 0.1048 
        D279  5 0.1292 0.6547 0.0973 0.1188 
        D280  5 0.2797 0.2060 0.3530 0.1614 
        D281  5 0.1217 0.7406 0.0825 0.0552 
        D283  5 0.4016 0.1192 0.3980 0.0812 
        D284  5 0.1424 0.2003 0.1450 0.5124 
        D285  5 0.5050 0.1468 0.2531 0.0950 
        D286  5 0.4738 0.1371 0.2183 0.1708 
        D287  5 0.6981 0.0923 0.0563 0.1534 
        D288  5 0.2092 0.2532 0.4433 0.0943 
        D308  5 0.0697 0.0494 0.1715 0.7094 
        D309  5 0.0594 0.0403 0.8215 0.0788 
        D310  5 0.8437 0.0630 0.0507 0.0426 
        D311  5 0.5738 0.1180 0.1915 0.1167 
        D312  5 0.4648 0.1110 0.3057 0.1185 
        D313  5 0.0612 0.0322 0.0331 0.8735 
        D314  5 0.2965 0.3936 0.0768 0.2331 
        D315  5 0.3981 0.1070 0.3345 0.1605 
        D317  5 0.8124 0.0622 0.0752 0.0502 
        D318  5 0.1931 0.2172 0.3447 0.2450 
        D319  5 0.8074 0.0806 0.0550 0.0570 
        D320  5 0.7114 0.0817 0.1067 0.1002 
        D321  5 0.1374 0.1110 0.1622 0.5894 
        D336  5 0.8572 0.0452 0.0557 0.0419 
        D337  5 0.8179 0.0873 0.0643 0.0305 
        D338  5 0.2212 0.2610 0.2667 0.2511 
        D339  5 0.6514 0.1734 0.0747 0.1005 
        D347  5 0.4232 0.1940 0.3059 0.0769 
        D348  5 0.7953 0.0779 0.0899 0.0369 
        D349  5 0.1570 0.0718 0.0772 0.6940 
        D350  5 0.0940 0.1239 0.6750 0.1071 
        D355  5 0.0789 0.5673 0.2963 0.0576 
        D356  5 0.3925 0.0816 0.3747 0.1512 
        D357  5 0.4220 0.2042 0.1939 0.1798 
        D358  5 0.4918 0.1353 0.2611 0.1117 
        D359  5 0.4642 0.0606 0.4225 0.0527 
        D360  5 0.5241 0.0696 0.2585 0.1478 
        D361  5 0.0801 0.0496 0.0612 0.8092 
        D366  5 0.0719 0.2862 0.5494 0.0925 
        D367  5 0.7551 0.0821 0.0553 0.1075 
        D368  5 0.3814 0.0961 0.2096 0.3128 
        D380  5 0.1034 0.1375 0.6316 0.1274 
        D381  5 0.5643 0.1720 0.1810 0.0827 
        D400  5 0.5116 0.2745 0.1289 0.0851 
        D411  5 0.0430 0.0646 0.0405 0.8519 
        D412  5 0.2562 0.3721 0.1971 0.1746 
        D413  5 0.0666 0.6396 0.1877 0.1060 
        D414  5 0.1065 0.6050 0.1913 0.0972 
        D420  5 0.2153 0.2747 0.1009 0.4092 
        D431  5 0.3102 0.3687 0.0602 0.2609 
        D432  5 0.4864 0.2140 0.1657 0.1338 
        D433  5 0.6603 0.1681 0.0945 0.0772 
        D434  5 0.5452 0.0930 0.2441 0.1177 
        D440  5 0.0932 0.0960 0.6754 0.1354 
        D447  5 0.0777 0.1301 0.5805 0.2117 
        D448  5 0.7565 0.1022 0.0960 0.0453 
        D459  5 0.0677 0.7202 0.1658 0.0463 
        D460  5 0.1383 0.0625 0.2033 0.5959 
        D461  5 0.0620 0.0500 0.8428 0.0451 
        D468  5 0.4654 0.1314 0.2217 0.1815 
        D469  5 0.1936 0.0941 0.5073 0.2051 
        D470  5 0.3518 0.1011 0.1332 0.4140 
        D471  5 0.7121 0.1419 0.0966 0.0494 
        D472  5 0.0458 0.1960 0.7136 0.0447 
        D479  5 0.1188 0.7381 0.0891 0.0539 
        D485  5 0.4964 0.1779 0.1560 0.1698 
        D486  5 0.3861 0.1056 0.2114 0.2968 
        D487  5 0.3198 0.5253 0.0707 0.0842 
        D555  5 0.7965 0.0832 0.0690 0.0513 
        D556  5 0.3453 0.3130 0.2025 0.1392 
        D557  5 0.7649 0.0766 0.1188 0.0397 
        D564  5 0.5113 0.1115 0.2002 0.1770 
        D594  5 0.3662 0.1818 0.3196 0.1324 
        D595  5 0.4527 0.1826 0.2481 0.1165 
        D596  5 0.8215 0.0697 0.0575 0.0512 
        D597  5 0.3146 0.3228 0.2990 0.0636 
        D598  5 0.4888 0.1396 0.1936 0.1780 
        D617  5 0.0580 0.2374 0.0608 0.6438 
        D618  5 0.5364 0.2007 0.1716 0.0913 
        D619  5 0.3597 0.1046 0.3210 0.2147 
        D620  5 0.0514 0.8063 0.0898 0.0525 
        D628  5 0.3381 0.1472 0.3216 0.1931 
        D714  5 0.4712 0.3901 0.0654 0.0732 
        D715  5 0.5441 0.1675 0.2284 0.0600 
        D716  5 0.3977 0.2983 0.2140 0.0899 
        D717  5 0.1913 0.1158 0.5475 0.1454 
        D718  5 0.4531 0.1689 0.0562 0.3218 
        D769  5 0.1075 0.1798 0.0674 0.6453 
        D770  5 0.3047 0.5063 0.1064 0.0825 
        D771  5 0.2388 0.4640 0.1284 0.1688 
        D772  5 0.5096 0.1141 0.2654 0.1109 
        D782  5 0.0873 0.3227 0.2147 0.3753 
        D783  5 0.2773 0.4896 0.1306 0.1025 
        D784  5 0.1097 0.0920 0.7103 0.0880 
        D785  5 0.7419 0.0534 0.1076 0.0971 
        D786  5 0.0959 0.1108 0.2730 0.5203 
        D821  5 0.8498 0.0589 0.0555 0.0358 
        D822  5 0.2547 0.1270 0.5204 0.0979 
        D826  5 0.4167 0.3915 0.1148 0.0771 
        D827  5 0.1234 0.1729 0.5587 0.1450 
        D851  5 0.2432 0.2211 0.3500 0.1858 
        D852  5 0.2629 0.4963 0.1109 0.1298 
        D853  5 0.5194 0.1734 0.1668 0.1405 
        D854  5 0.1391 0.3758 0.2520 0.2331 
        D861  5 0.2675 0.4040 0.1455 0.1830 
        D862  5 0.5114 0.0692 0.3257 0.0937 
        D865  5 0.7441 0.1163 0.0695 0.0701 
        D868  5 0.1469 0.0859 0.6599 0.1072 
        D869  5 0.0983 0.0667 0.0875 0.7476 
        D870  5 0.0580 0.1588 0.2917 0.4914 
        D907  5 0.7591 0.0780 0.0624 0.1006 
        D908  5 0.3263 0.5174 0.0732 0.0831 
        D910  5 0.4789 0.3391 0.1266 0.0555 
        D911  5 0.0884 0.6700 0.1843 0.0573 
        D934  5 0.2067 0.5696 0.1348 0.0889 
        D946  5 0.2658 0.4594 0.0748 0.2001 
        D947  5 0.1564 0.1877 0.4967 0.1592 
        D948  5 0.2123 0.0610 0.1378 0.5889 
        D949  5 0.1706 0.0527 0.1158 0.6609 
        D950  5 0.0841 0.6964 0.1667 0.0529 
        D951  5 0.1489 0.0704 0.6791 0.1017 
        D952  5 0.1806 0.1066 0.6390 0.0738 
        D953  5 0.6273 0.1129 0.1806 0.0792 
        D954  5 0.3137 0.0728 0.5365 0.0770 
        D961  5 0.6012 0.1523 0.0813 0.1652 
        D962  5 0.7471 0.0451 0.1501 0.0578 
        D963  5 0.3673 0.1319 0.4340 0.0667 
        D964  5 0.2057 0.2583 0.1719 0.3642 
        D965  5 0.3354 0.2280 0.2331 0.2035 
        D966  5 0.4108 0.2586 0.2624 0.0682 
        D967  5 0.2890 0.3469 0.1891 0.1750 
        D991  5 0.3540 0.0955 0.2422 0.3083 
        D502  6 0.0931 0.4170 0.1223 0.3676 
        D503  6 0.1088 0.4783 0.0732 0.3397 
        D504  6 0.1713 0.1607 0.5300 0.1380 
        D505  6 0.3874 0.2539 0.2426 0.1161 
        D506  6 0.8281 0.0441 0.0811 0.0467 
        D507  6 0.1239 0.4566 0.1773 0.2422 
        D508  6 0.1448 0.2560 0.4736 0.1255 
        D529  6 0.2554 0.1563 0.2520 0.3363 
        D530  6 0.6339 0.1386 0.0592 0.1683 
        D531  6 0.2806 0.1871 0.3496 0.1827 
        D532  6 0.5325 0.1273 0.2561 0.0840 
        D534  6 0.0700 0.0985 0.1135 0.7181 
        D535  6 0.5232 0.0845 0.2604 0.1319 
        D536  6 0.0575 0.7464 0.0590 0.1371 
        D554  6 0.6340 0.0929 0.1145 0.1586 
        D587  6 0.6561 0.0957 0.1703 0.0779 
        D588  6 0.4190 0.1415 0.3472 0.0923 
        D589  6 0.1735 0.6035 0.1096 0.1134 
        D590  6 0.0932 0.7030 0.1114 0.0924 
        D591  6 0.2013 0.3147 0.2473 0.2367 
        D592  6 0.1319 0.1037 0.1372 0.6272 
        D593  6 0.7139 0.1169 0.0477 0.1215 
        D682  6 0.7765 0.0679 0.0838 0.0718 
        D683  6 0.2281 0.0708 0.5789 0.1222 
        D684  6 0.0485 0.4381 0.1111 0.4024 
        D685  6 0.1747 0.4216 0.0796 0.3241 
        D686  6 0.7909 0.0692 0.0810 0.0588 
        D724  6 0.1067 0.2312 0.4024 0.2597 
        D725  6 0.3786 0.3224 0.1261 0.1729 
        D726  6 0.8028 0.0572 0.0761 0.0639 
        D727  6 0.1657 0.4131 0.2709 0.1503 
        D728  6 0.7085 0.0712 0.1025 0.1178 
        D729  6 0.0561 0.2317 0.2967 0.4155 
        D730  6 0.1211 0.2922 0.2493 0.3374 
        D731  6 0.6382 0.2754 0.0409 0.0455 
        D732  6 0.1695 0.1616 0.5155 0.1533 
        D733  6 0.2470 0.1874 0.2978 0.2679 
     D237251  7 0.2082 0.5803 0.0928 0.1187 
     D237252  7 0.0788 0.3107 0.1077 0.5028 
     D237253  7 0.2769 0.4545 0.1488 0.1198 
     D237254  7 0.0414 0.0694 0.0584 0.8308 
     D237255  7 0.1044 0.7514 0.0781 0.0662 
     D237256  7 0.1554 0.5926 0.1728 0.0792 
     D237257  7 0.1045 0.1662 0.1369 0.5925 
     D237282  7 0.0593 0.1325 0.6690 0.1392 
     D237283  7 0.0583 0.1017 0.0370 0.8031 
     D237284  7 0.0505 0.0683 0.1137 0.7675 
     D237285  7 0.5155 0.2289 0.1231 0.1325 
     D237286  7 0.2951 0.1980 0.3683 0.1386 
     D237287  7 0.1336 0.4842 0.2246 0.1576 
     D244006  7 0.0498 0.0563 0.0920 0.8019 
     D244007  7 0.0964 0.4384 0.3074 0.1579 
     D244008  7 0.1167 0.0764 0.0660 0.7408 
     D244009  7 0.1818 0.0743 0.2140 0.5299 
     D244010  7 0.1281 0.1729 0.1170 0.5820 
     D244011  7 0.3397 0.3322 0.1228 0.2053 
     D244012  7 0.1088 0.4074 0.2148 0.2689 
     D244013  7 0.2290 0.4125 0.2339 0.1247 
     D244014  7 0.1247 0.4188 0.1614 0.2950 
     D244015  7 0.0876 0.1592 0.1871 0.5662 
     D244125  7 0.3127 0.2903 0.3115 0.0856 
     D244126  7 0.0334 0.0529 0.0484 0.8653 
     D244130  7 0.2314 0.2410 0.1529 0.3747 
     D244131  7 0.2096 0.1140 0.4870 0.1894 
     D244132  7 0.4547 0.0710 0.3940 0.0803 
        D520  7 0.3349 0.0948 0.1220 0.4483 
        D521  7 0.2508 0.1913 0.2794 0.2784 
        D522  7 0.1245 0.0879 0.3280 0.4596 
        D523  7 0.1344 0.6697 0.0955 0.1004 
        D524  7 0.2614 0.4266 0.1359 0.1761 
        D525  7 0.0661 0.3344 0.1048 0.4947 
        D526  7 0.0404 0.0677 0.1059 0.7860 
        D527  7 0.1485 0.2188 0.4123 0.2204 
        D528  7 0.0423 0.1657 0.2226 0.5694 
        D558  7 0.0685 0.1921 0.5421 0.1974 
        D559  7 0.0479 0.2868 0.5014 0.1639 
        D640  7 0.3329 0.3001 0.2440 0.1231 
        D641  7 0.3930 0.2966 0.0630 0.2473 
        D642  7 0.1458 0.2324 0.1324 0.4894 
        D644  7 0.3704 0.1695 0.1461 0.3140 
        D645  7 0.2386 0.3811 0.1345 0.2458 
        D662  7 0.1932 0.0448 0.3205 0.4415 
        D687  7 0.1736 0.3656 0.3003 0.1604 
        D688  7 0.0848 0.2223 0.4065 0.2863 
        D689  7 0.2847 0.2265 0.2955 0.1934 
        D700  7 0.0426 0.2086 0.2828 0.4661 
        D797  7 0.3123 0.2094 0.3053 0.1729 
        D798  7 0.0918 0.0793 0.1457 0.6831 
        D799  7 0.0835 0.5742 0.1189 0.2234 
        D800  7 0.0537 0.1673 0.6650 0.1140 
        D132  8 0.0693 0.0638 0.0883 0.7786 
        D133  8 0.0407 0.7852 0.0439 0.1302 
        D200  8 0.2279 0.4096 0.1724 0.1901 
        D500  8 0.0683 0.0397 0.0636 0.8283 
        D614  8 0.5561 0.0892 0.1435 0.2112 
        D723  8 0.1061 0.1834 0.3666 0.3439 
        D888  8 0.0762 0.7387 0.1156 0.0695 
        D901  8 0.1617 0.1791 0.0587 0.6005 
        D902  8 0.7572 0.0682 0.0760 0.0987 
        D903  8 0.2199 0.1021 0.6070 0.0710 
        D904  8 0.1740 0.1466 0.4580 0.2215 
        D905  8 0.2196 0.6958 0.0416 0.0431 
        D906  8 0.0652 0.6050 0.1741 0.1557 
        D937  8 0.8242 0.0775 0.0355 0.0628 
        D943  8 0.1053 0.2111 0.2007 0.4829 
        D972  8 0.1202 0.1240 0.2530 0.5028 
        D973  8 0.1100 0.0593 0.6293 0.2013 
        D974  8 0.2933 0.1852 0.2302 0.2913 
        D975  8 0.3498 0.2813 0.1909 0.1780 
        D976  8 0.3271 0.2729 0.1015 0.2984 
        D201  9 0.1136 0.5217 0.1942 0.1704 
        D202  9 0.2294 0.5097 0.0639 0.1970 
     D237259  9 0.0597 0.2162 0.4204 0.3037 
     D237260  9 0.1150 0.5708 0.0496 0.2647 
     D237262  9 0.0828 0.0459 0.0823 0.7891 
     D237263  9 0.0730 0.2808 0.1192 0.5269 
     D237264  9 0.2580 0.2406 0.1383 0.3630 
     D237265  9 0.0999 0.7019 0.0598 0.1384 
     D237266  9 0.0562 0.5805 0.1198 0.2435 
     D237267  9 0.4174 0.1587 0.1167 0.3071 
     D237268  9 0.1259 0.0913 0.1627 0.6202 
     D237289  9 0.3241 0.4692 0.0703 0.1364 
     D237290  9 0.0500 0.8096 0.0551 0.0853 
     D237291  9 0.1160 0.6887 0.0830 0.1123 
     D237292  9 0.0620 0.5140 0.0582 0.3658 
     D237293  9 0.3841 0.1551 0.1497 0.3112 
     D237294  9 0.1684 0.2397 0.0582 0.5337 
     D237295  9 0.2375 0.0670 0.3654 0.3301 
     D237296  9 0.2012 0.2623 0.1754 0.3611 
     D237297  9 0.6616 0.1408 0.0927 0.1049 
     D237298  9 0.1307 0.2423 0.3906 0.2365 
     D237341  9 0.1083 0.4543 0.2442 0.1932 
     D237342  9 0.1813 0.1252 0.0963 0.5972 
     D237343  9 0.0981 0.3532 0.1455 0.4032 
     D237344  9 0.5157 0.2214 0.1068 0.1561 
     D237345  9 0.0428 0.0881 0.0763 0.7928 
     D237346  9 0.2564 0.4673 0.0961 0.1802 
     D237347  9 0.4982 0.2098 0.1698 0.1222 
     D237348  9 0.2356 0.2498 0.1802 0.3344 
     D237349  9 0.0586 0.3510 0.3594 0.2310 
     D244109  9 0.0351 0.5872 0.1676 0.2102 
     D244110  9 0.0513 0.7194 0.1050 0.1244 
     D244111  9 0.1666 0.4312 0.2041 0.1982 
     D244128  9 0.0748 0.1020 0.0700 0.7531 
     D244137  9 0.0753 0.0874 0.6755 0.1619 
     D244138  9 0.2140 0.5478 0.0761 0.1620 
        D580  9 0.1378 0.0830 0.1380 0.6413 
        D581  9 0.0536 0.7976 0.0546 0.0942 
        D582  9 0.0542 0.0427 0.0426 0.8605 
        D583  9 0.0597 0.7543 0.0447 0.1413 
        D584  9 0.5189 0.1366 0.0611 0.2834 
        D585  9 0.0592 0.2401 0.0887 0.6121 
        D586  9 0.1190 0.7271 0.0875 0.0665 
        D651  9 0.1909 0.1788 0.5117 0.1186 
        D652  9 0.0578 0.1535 0.3729 0.4158 
        D653  9 0.0898 0.4031 0.3968 0.1104 
        D654  9 0.0766 0.3234 0.4003 0.1997 
        D655  9 0.3122 0.3777 0.1922 0.1179 
        D656  9 0.0961 0.0771 0.1066 0.7202 
        D657  9 0.1755 0.2352 0.1621 0.4272 
        D667  9 0.5103 0.2624 0.1051 0.1221 
        D668  9 0.2428 0.2088 0.0960 0.4523 
        D669  9 0.1209 0.5452 0.1309 0.2030 
        D670  9 0.1233 0.1217 0.5983 0.1566 
        D671  9 0.0960 0.7066 0.0831 0.1143 
        D672  9 0.0835 0.1430 0.0768 0.6966 
        D673  9 0.4167 0.1462 0.1695 0.2676 
        D692  9 0.0787 0.2794 0.0916 0.5502 
        D693  9 0.3525 0.1540 0.1738 0.3197 
        D694  9 0.1013 0.0837 0.0610 0.7539 
        D695  9 0.1066 0.1101 0.3456 0.4378 
        D696  9 0.8795 0.0400 0.0425 0.0380 
        D697  9 0.4429 0.2180 0.1914 0.1477 
        D698  9 0.4236 0.3769 0.0769 0.1226 
        D699  9 0.6495 0.1603 0.0507 0.1395 
        D787  9 0.0770 0.2090 0.4142 0.2999 
        D788  9 0.6722 0.0691 0.0871 0.1717 
        D789  9 0.3294 0.2350 0.0782 0.3573 
        D790  9 0.1338 0.2871 0.2565 0.3226 
        D791  9 0.2612 0.5607 0.0582 0.1199 
        D792  9 0.0811 0.2739 0.4325 0.2125 
        D793  9 0.5198 0.1269 0.2651 0.0882 
        D794  9 0.3473 0.1682 0.3381 0.1464 
        D795  9 0.2098 0.1142 0.0517 0.6243 
        D796  9 0.1698 0.5422 0.0959 0.1921 
        D142 10 0.5136 0.2010 0.1999 0.0854 
        D143 10 0.1659 0.6436 0.0982 0.0923 
        D144 10 0.2873 0.1505 0.2893 0.2728 
        D145 10 0.0744 0.7504 0.0921 0.0831 
        D146 10 0.1653 0.0603 0.0906 0.6839 
        D147 10 0.1554 0.2061 0.2011 0.4374 
        D148 10 0.1504 0.1548 0.3985 0.2964 
        D149 10 0.0636 0.7201 0.1230 0.0933 
        D151 10 0.1155 0.2916 0.1841 0.4088 
        D152 10 0.0427 0.8670 0.0388 0.0515 
        D153 10 0.3144 0.0694 0.5017 0.1146 
        D156 10 0.1004 0.1765 0.6412 0.0818 
        D157 10 0.5870 0.1110 0.0979 0.2041 
        D158 10 0.3533 0.3537 0.0598 0.2332 
        D159 10 0.0745 0.7967 0.0805 0.0483 
        D160 10 0.3578 0.5365 0.0393 0.0664 
        D161 10 0.1951 0.2054 0.4199 0.1796 
        D162 10 0.1972 0.2106 0.5300 0.0622 
        D169 10 0.0632 0.1056 0.1295 0.7018 
        D170 10 0.1639 0.0781 0.1372 0.6208 
        D171 10 0.5591 0.1019 0.1325 0.2065 
        D172 10 0.1695 0.2598 0.3017 0.2690 
        D173 10 0.0319 0.7339 0.1325 0.1017 
        D181 10 0.5390 0.1786 0.1723 0.1100 
        D182 10 0.0785 0.5496 0.1628 0.2091 
        D183 10 0.7769 0.0485 0.0903 0.0843 
        D184 10 0.0372 0.0359 0.1235 0.8034 
        D185 10 0.1214 0.1093 0.5217 0.2476 
        D186 10 0.0620 0.1178 0.0604 0.7598 
        D194 10 0.1477 0.1035 0.2230 0.5258 
        D195 10 0.2870 0.4004 0.2325 0.0801 
        D196 10 0.1498 0.3174 0.4784 0.0544 
        D197 10 0.1063 0.2173 0.0526 0.6239 
        D198 10 0.2187 0.0779 0.3875 0.3159 
     D237226 10 0.0677 0.5968 0.1443 0.1912 
     D237232 10 0.3833 0.3831 0.0916 0.1419 
     D237233 10 0.2012 0.6304 0.0658 0.1027 
     D237234 10 0.5073 0.1985 0.1525 0.1417 
     D237354 10 0.0471 0.8670 0.0460 0.0399 
     D237355 10 0.1458 0.6683 0.1002 0.0857 
     D237356 10 0.4536 0.0557 0.3079 0.1827 
     D237357 10 0.1373 0.4597 0.1111 0.2919 
     D237358 10 0.1037 0.2011 0.4148 0.2804 
     D237369 10 0.0455 0.0732 0.1011 0.7802 
     D237370 10 0.7229 0.1241 0.0682 0.0848 
     D237371 10 0.1131 0.1119 0.4881 0.2869 
     D237372 10 0.0724 0.4204 0.0965 0.4107 
     D237373 10 0.3730 0.4025 0.1037 0.1208 
     D237374 10 0.2181 0.6649 0.0640 0.0529 
     D237375 10 0.1392 0.3295 0.2770 0.2543 
     D237400 10 0.0592 0.8500 0.0483 0.0425 
     D244002 10 0.0699 0.1643 0.1963 0.5695 
     D244003 10 0.4634 0.4302 0.0379 0.0686 
     D244004 10 0.8894 0.0344 0.0262 0.0501 
     D244005 10 0.0732 0.5813 0.1001 0.2455 
     D244020 10 0.3853 0.1469 0.2914 0.1764 
     D244021 10 0.1413 0.2644 0.0917 0.5026 
     D244116 10 0.1841 0.1576 0.1791 0.4792 
     D244117 10 0.5568 0.3036 0.0712 0.0683 
     D244121 10 0.6726 0.1481 0.0520 0.1273 
     D244123 10 0.4401 0.3319 0.1025 0.1256 
     D244124 10 0.2366 0.3178 0.0544 0.3912 
        D332 10 0.1355 0.0933 0.6781 0.0930 
        D570 10 0.7021 0.0729 0.1302 0.0949 
        D602 10 0.0855 0.0905 0.7440 0.0800 
        D603 10 0.3951 0.2819 0.1040 0.2189 
        D604 10 0.1439 0.3309 0.4529 0.0723 
        D605 10 0.1249 0.1576 0.5382 0.1794 
        D606 10 0.3591 0.0584 0.0843 0.4982 
        D607 10 0.0628 0.0766 0.7811 0.0795 
        D608 10 0.0423 0.8382 0.0899 0.0295 
        D609 10 0.5958 0.0587 0.2416 0.1039 
        D610 10 0.3470 0.1963 0.2939 0.1629 
        D611 10 0.8939 0.0356 0.0371 0.0334 
        D613 10 0.2395 0.1567 0.5242 0.0797 
        D633 10 0.0547 0.1745 0.6783 0.0925 
        D634 10 0.5174 0.1535 0.1349 0.1942 
        D638 10 0.0948 0.7930 0.0584 0.0538 
        D681 10 0.4456 0.1339 0.1112 0.3094 
        D754 10 0.3618 0.1190 0.0506 0.4686 
        D755 10 0.4714 0.4392 0.0347 0.0547 
        D756 10 0.5965 0.1531 0.0743 0.1761 
        D757 10 0.1244 0.3755 0.2569 0.2432 
        D758 10 0.2726 0.2146 0.2115 0.3013 
        D759 10 0.4077 0.4236 0.0900 0.0787 
        D760 10 0.3043 0.3832 0.1863 0.1262 
        D761 10 0.0816 0.8382 0.0368 0.0435 
        D762 10 0.0967 0.0925 0.7096 0.1012 
        D775 10 0.7185 0.1656 0.0445 0.0714 
        D776 10 0.1135 0.7692 0.0493 0.0680 
        D777 10 0.4875 0.2254 0.0808 0.2064 
        D778 10 0.0741 0.6667 0.0618 0.1974 
        D779 10 0.4429 0.1978 0.0739 0.2854 
        D780 10 0.1939 0.5063 0.2101 0.0897 
        D781 10 0.1549 0.1798 0.5215 0.1438 
        D858 10 0.0421 0.1081 0.0501 0.7997 
        D933 10 0.1874 0.2697 0.4395 0.1035 
        D038 11 0.1750 0.4648 0.1932 0.1670 
        D063 11 0.3645 0.4289 0.1125 0.0941 
        D155 11 0.4408 0.2918 0.1616 0.1058 
        D175 11 0.4833 0.0935 0.0670 0.3561 
        D176 11 0.2188 0.6296 0.0513 0.1003 
        D205 11 0.6912 0.0404 0.0678 0.2006 
     D237229 11 0.0616 0.3885 0.2695 0.2804 
     D237230 11 0.0720 0.1809 0.4935 0.2536 
     D237231 11 0.0778 0.0894 0.7628 0.0700 
     D237269 11 0.1084 0.3496 0.3553 0.1868 
     D237270 11 0.0678 0.0918 0.2026 0.6378 
     D237271 11 0.5383 0.1041 0.1975 0.1602 
     D237272 11 0.0782 0.1841 0.4537 0.2840 
     D237273 11 0.6415 0.1963 0.0874 0.0748 
     D237301 11 0.1703 0.0928 0.6618 0.0751 
     D237302 11 0.1349 0.2099 0.1833 0.4719 
     D237303 11 0.0533 0.1962 0.1888 0.5617 
     D237304 11 0.2223 0.1849 0.3695 0.2232 
     D237305 11 0.1720 0.1347 0.0756 0.6177 
     D237314 11 0.4291 0.2124 0.1510 0.2075 
     D237315 11 0.0842 0.1134 0.1926 0.6098 
     D237316 11 0.1948 0.0552 0.6817 0.0683 
     D237328 11 0.2747 0.0501 0.3832 0.2920 
     D237329 11 0.1692 0.3988 0.1350 0.2970 
     D237330 11 0.6553 0.1905 0.0767 0.0775 
     D237331 11 0.3587 0.2896 0.2314 0.1203 
     D237332 11 0.3568 0.1291 0.3717 0.1423 
     D237333 11 0.3773 0.4956 0.0789 0.0481 
     D237334 11 0.1340 0.0869 0.6987 0.0804 
     D237335 11 0.4043 0.0908 0.2780 0.2269 
     D237336 11 0.1801 0.4941 0.1389 0.1869 
     D237350 11 0.6302 0.1384 0.1528 0.0786 
     D237383 11 0.1910 0.3373 0.0672 0.4045 
     D237384 11 0.0900 0.1076 0.5628 0.2395 
     D237385 11 0.2204 0.2701 0.2706 0.2388 
     D237386 11 0.1836 0.1352 0.5613 0.1198 
     D237387 11 0.1825 0.0629 0.5613 0.1933 
     D237388 11 0.7747 0.0598 0.1110 0.0546 
        D239 11 0.4004 0.2579 0.2440 0.0976 
        D240 11 0.0908 0.7336 0.0612 0.1144 
        D241 11 0.0835 0.3155 0.3450 0.2559 
        D242 11 0.1171 0.2484 0.4974 0.1371 
        D243 11 0.4563 0.1755 0.1855 0.1828 
        D244 11 0.6831 0.0649 0.0968 0.1552 
