        D174  1 0.0340 0.0661 0.8013 0.0986 
        D199  1 0.2149 0.3350 0.3597 0.0904 
        D203  1 0.2605 0.3530 0.1455 0.2410 
        D204  1 0.0383 0.8697 0.0511 0.0410 
     D237366  1 0.1371 0.2180 0.1257 0.5192 
     D237367  1 0.0846 0.4346 0.0864 0.3944 
     D237368  1 0.0709 0.1866 0.0795 0.6630 
     D244101  1 0.2121 0.7094 0.0397 0.0388 
     D244102  1 0.1214 0.2205 0.4055 0.2526 
     D244103  1 0.0430 0.5526 0.1289 0.2755 
     D244104  1 0.0747 0.6695 0.1466 0.1092 
     D244105  1 0.0614 0.2961 0.0311 0.6115 
     D244106  1 0.2285 0.0727 0.6495 0.0493 
     D244107  1 0.0365 0.2036 0.0180 0.7418 
     D244108  1 0.0867 0.1267 0.5623 0.2243 
     D244113  1 0.0273 0.0210 0.9316 0.0201 
     D244114  1 0.2840 0.3567 0.2502 0.1090 
     D244115  1 0.0452 0.1842 0.6055 0.1651 
     D267365  1 0.0659 0.3913 0.4420 0.1008 
        D404  1 0.0464 0.0350 0.8799 0.0387 
        D405  1 0.1159 0.1216 0.6507 0.1118 
        D406  1 0.0131 0.0432 0.0272 0.9166 
        D407  1 0.0613 0.5053 0.0432 0.3902 
        D408  1 0.1304 0.0860 0.7490 0.0346 
        D409  1 0.0400 0.5883 0.1330 0.2387 
        D410  1 0.0118 0.0703 0.0380 0.8799 
        D421  1 0.0668 0.7805 0.0657 0.0869 
        D422  1 0.0225 0.0425 0.0116 0.9234 
        D423  1 0.0172 0.0334 0.0157 0.9337 
        D424  1 0.0193 0.8448 0.0447 0.0912 
        D425  1 0.0343 0.3765 0.5373 0.0519 
        D426  1 0.2016 0.4587 0.0669 0.2729 
        D427  1 0.7012 0.1370 0.1235 0.0383 
        D428  1 0.0845 0.3698 0.3282 0.2175 
        D429  1 0.0595 0.4090 0.4589 0.0726 
        D430  1 0.2616 0.2270 0.3742 0.1372 
        D491  1 0.0219 0.1013 0.8385 0.0383 
        D492  1 0.0408 0.3416 0.4007 0.2170 
        D537  1 0.0335 0.6168 0.1286 0.2210 
        D538  1 0.1167 0.2072 0.2675 0.4086 
        D539  1 0.3184 0.0943 0.3693 0.2180 
        D540  1 0.0961 0.4610 0.2033 0.2396 
        D541  1 0.0304 0.8801 0.0336 0.0559 
        D551  1 0.6565 0.1698 0.0419 0.1318 
        D552  1 0.0933 0.3085 0.1694 0.4288 
        D553  1 0.0232 0.9003 0.0328 0.0437 
        D615  1 0.1419 0.3630 0.1873 0.3078 
        D616  1 0.1702 0.3013 0.1172 0.4112 
        D621  1 0.0375 0.0382 0.1296 0.7947 
        D622  1 0.0275 0.0619 0.0439 0.8667 
        D623  1 0.2088 0.0845 0.6553 0.0515 
        D624  1 0.0267 0.0396 0.8932 0.0406 
        D625  1 0.0276 0.7104 0.1195 0.1424 
        D626  1 0.0692 0.1294 0.5802 0.2211 
        D627  1 0.1228 0.6583 0.0570 0.1619 
        D690  1 0.0178 0.6156 0.2067 0.1599 
        D691  1 0.0271 0.0771 0.0373 0.8585 
        D710  1 0.0440 0.5977 0.2166 0.1417 
        D711  1 0.0345 0.7181 0.1231 0.1243 
        D712  1 0.0743 0.0698 0.7816 0.0742 
        D713  1 0.0318 0.1960 0.6380 0.1342 
        D746  1 0.0203 0.0479 0.0191 0.9127 
        D747  1 0.0263 0.8737 0.0443 0.0556 
        D748  1 0.0360 0.4398 0.1162 0.4080 
        D749  1 0.1139 0.0541 0.1047 0.7273 
        D750  1 0.0313 0.2078 0.6672 0.0936 
        D763  1 0.3607 0.4265 0.0685 0.1443 
        D764  1 0.0227 0.5482 0.2439 0.1853 
        D765  1 0.0362 0.0541 0.1001 0.8096 
        D766  1 0.0288 0.2781 0.0799 0.6131 
        D767  1 0.1422 0.3768 0.1836 0.2974 
        D768  1 0.0252 0.9211 0.0232 0.0305 
        D811  1 0.0277 0.0353 0.8774 0.0597 
        D816  1 0.0229 0.7749 0.1517 0.0506 
        D825  1 0.0289 0.1266 0.6279 0.2166 
        D866  1 0.5179 0.0750 0.3533 0.0538 
        D867  1 0.0412 0.0410 0.0281 0.8897 
        D871  1 0.0307 0.6237 0.1526 0.1930 
        D872  1 0.0392 0.4993 0.1607 0.3009 
        D873  1 0.0126 0.0104 0.0187 0.9583 
        D874  1 0.1115 0.4338 0.4312 0.0234 
        D875  1 0.0192 0.5605 0.1064 0.3139 
        D876  1 0.0367 0.7098 0.1483 0.1051 
        D877  1 0.0282 0.0656 0.8871 0.0191 
        D892  1 0.0259 0.3708 0.4042 0.1990 
        D893  1 0.0928 0.7210 0.0513 0.1349 
        D894  1 0.0465 0.7538 0.1287 0.0711 
        D915  1 0.0380 0.5145 0.1516 0.2959 
        D916  1 0.0170 0.8609 0.0390 0.0830 
        D917  1 0.1083 0.3656 0.4712 0.0548 
        D925  1 0.0206 0.0801 0.0625 0.8368 
        D926  1 0.0380 0.5831 0.2724 0.1064 
        D927  1 0.3970 0.4034 0.1209 0.0787 
        D928  1 0.0156 0.0834 0.8759 0.0251 
        D929  1 0.0665 0.2331 0.5154 0.1850 
        D936  1 0.1402 0.7260 0.0972 0.0366 
        D938  1 0.0157 0.0283 0.0217 0.9343 
        D956  1 0.0826 0.0551 0.8152 0.0470 
        D957  1 0.0412 0.3363 0.1271 0.4954 
        D958  1 0.0263 0.4154 0.1930 0.3652 
        D959  1 0.0525 0.5027 0.0326 0.4122 
        D960  1 0.0188 0.0234 0.0308 0.9270 
        D989  1 0.1896 0.0911 0.6820 0.0373 
        D990  1 0.0543 0.0169 0.0259 0.9029 
        D023  2 0.0177 0.1827 0.0192 0.7804 
        D130  2 0.0277 0.0528 0.0237 0.8958 
        D131  2 0.0978 0.7711 0.0574 0.0737 
        D163  2 0.0269 0.0648 0.0301 0.8783 
        D164  2 0.3480 0.0155 0.0119 0.6246 
        D165  2 0.0290 0.0969 0.0175 0.8565 
        D166  2 0.1648 0.3545 0.1867 0.2939 
        D167  2 0.9008 0.0202 0.0567 0.0223 
        D192  2 0.9497 0.0122 0.0193 0.0189 
        D193  2 0.1160 0.0670 0.6806 0.1364 
        D206  2 0.2760 0.3853 0.0753 0.2635 
        D207  2 0.7565 0.1191 0.0761 0.0484 
        D208  2 0.4268 0.0818 0.4280 0.0634 
        D209  2 0.5188 0.2607 0.0450 0.1755 
        D210  2 0.4124 0.0993 0.4165 0.0719 
     D229599  2 0.2024 0.4912 0.1680 0.1384 
     D229600  2 0.2631 0.0328 0.0316 0.6725 
     D237227  2 0.1140 0.0783 0.5737 0.2340 
     D237228  2 0.1334 0.0359 0.4159 0.4148 
     D237258  2 0.3215 0.1416 0.2080 0.3290 
     D237310  2 0.0772 0.0278 0.1454 0.7497 
     D237311  2 0.1678 0.0301 0.0719 0.7303 
     D237312  2 0.0526 0.0815 0.3994 0.4665 
     D237313  2 0.0893 0.4422 0.2372 0.2314 
     D237322  2 0.5958 0.0948 0.1938 0.1157 
     D237323  2 0.0555 0.0260 0.2183 0.7002 
     D237324  2 0.2804 0.1181 0.0365 0.5651 
     D237325  2 0.1109 0.0803 0.2326 0.5762 
     D237326  2 0.0285 0.1196 0.0899 0.7619 
     D237327  2 0.6377 0.1986 0.0725 0.0913 
     D237337  2 0.0334 0.0552 0.1469 0.7645 
     D237338  2 0.1813 0.1561 0.1932 0.4694 
     D237339  2 0.3422 0.5649 0.0521 0.0408 
     D237340  2 0.2521 0.0440 0.3573 0.3467 
     D237389  2 0.0497 0.0430 0.0669 0.8404 
     D237390  2 0.0642 0.1517 0.3950 0.3891 
     D244017  2 0.2987 0.0723 0.5640 0.0651 
     D244112  2 0.8662 0.0190 0.0281 0.0867 
     D244118  2 0.4915 0.0181 0.0224 0.4680 
     D244119  2 0.3967 0.0250 0.5393 0.0390 
     D244120  2 0.6325 0.0337 0.2700 0.0637 
     D244122  2 0.7467 0.0400 0.1292 0.0840 
        D291  2 0.5387 0.2205 0.0886 0.1523 
        D292  2 0.5282 0.2058 0.1890 0.0770 
        D293  2 0.6098 0.3617 0.0137 0.0148 
        D322  2 0.3538 0.5418 0.0288 0.0756 
        D323  2 0.2372 0.3650 0.3074 0.0904 
        D324  2 0.1763 0.4521 0.1102 0.2614 
        D325  2 0.8534 0.1091 0.0111 0.0263 
        D326  2 0.0284 0.9189 0.0357 0.0169 
        D340  2 0.9493 0.0160 0.0142 0.0205 
        D341  2 0.8997 0.0341 0.0346 0.0316 
        D342  2 0.6698 0.0723 0.0377 0.2203 
        D343  2 0.9567 0.0217 0.0096 0.0120 
        D344  2 0.0614 0.7352 0.1300 0.0734 
        D345  2 0.0535 0.6476 0.0608 0.2381 
        D346  2 0.1569 0.1300 0.6431 0.0701 
        D351  2 0.1175 0.7808 0.0271 0.0746 
        D352  2 0.2059 0.4239 0.2273 0.1428 
        D353  2 0.0422 0.9062 0.0367 0.0149 
        D354  2 0.0337 0.6112 0.2595 0.0956 
        D362  2 0.0387 0.6201 0.1646 0.1766 
        D363  2 0.0448 0.6298 0.2311 0.0944 
        D364  2 0.0385 0.7016 0.1823 0.0775 
        D365  2 0.9373 0.0314 0.0195 0.0118 
        D369  2 0.2770 0.3095 0.2382 0.1753 
        D374  2 0.0170 0.0163 0.9430 0.0237 
        D375  2 0.0479 0.6216 0.2096 0.1210 
        D376  2 0.0518 0.0361 0.8598 0.0523 
        D377  2 0.1101 0.1333 0.5342 0.2224 
        D378  2 0.1905 0.7340 0.0236 0.0519 
        D379  2 0.0273 0.8716 0.0566 0.0445 
        D384  2 0.0224 0.8769 0.0739 0.0268 
        D385  2 0.9218 0.0232 0.0300 0.0250 
        D386  2 0.0864 0.7985 0.0396 0.0755 
        D391  2 0.8977 0.0554 0.0245 0.0225 
        D392  2 0.7502 0.0708 0.0814 0.0976 
        D393  2 0.2580 0.6103 0.0388 0.0928 
        D394  2 0.1192 0.2893 0.1162 0.4753 
        D395  2 0.6600 0.2302 0.0507 0.0591 
        D401  2 0.0263 0.0204 0.0414 0.9118 
        D402  2 0.9446 0.0237 0.0157 0.0161 
        D403  2 0.0557 0.7061 0.0711 0.1671 
        D415  2 0.0175 0.8957 0.0220 0.0648 
        D435  2 0.2452 0.5774 0.0168 0.1606 
        D436  2 0.0902 0.5430 0.2748 0.0919 
        D438  2 0.9408 0.0189 0.0194 0.0208 
        D439  2 0.1473 0.6975 0.0331 0.1221 
        D449  2 0.6000 0.2913 0.0255 0.0832 
        D450  2 0.0518 0.3507 0.5090 0.0884 
        D456  2 0.0150 0.9469 0.0171 0.0209 
        D462  2 0.8802 0.0845 0.0153 0.0201 
        D463  2 0.0140 0.9433 0.0243 0.0184 
        D464  2 0.1305 0.6874 0.1476 0.0345 
        D465  2 0.3506 0.3797 0.0471 0.2227 
        D473  2 0.0723 0.0580 0.7449 0.1249 
        D474  2 0.2184 0.5210 0.0885 0.1720 
        D476  2 0.1629 0.1770 0.0184 0.6417 
        D477  2 0.0606 0.7479 0.1368 0.0548 
        D478  2 0.0895 0.2826 0.4059 0.2220 
        D480  2 0.3321 0.5064 0.1223 0.0392 
        D481  2 0.1265 0.4716 0.1788 0.2231 
        D482  2 0.3713 0.1665 0.3238 0.1384 
        D483  2 0.9061 0.0213 0.0477 0.0249 
        D484  2 0.3589 0.2183 0.3148 0.1080 
        D510  2 0.0698 0.0347 0.8707 0.0248 
        D511  2 0.1733 0.7183 0.0263 0.0821 
        D512  2 0.1443 0.1111 0.0441 0.7005 
        D513  2 0.5950 0.2025 0.0856 0.1170 
        D635  2 0.0355 0.6318 0.0442 0.2885 
        D636  2 0.0167 0.0273 0.0223 0.9337 
        D637  2 0.5428 0.1446 0.2184 0.0941 
        D658  2 0.7166 0.0472 0.1664 0.0698 
        D659  2 0.0368 0.8402 0.0518 0.0712 
        D677  2 0.2186 0.3819 0.0968 0.3028 
        D678  2 0.7629 0.0393 0.0795 0.1183 
        D679  2 0.1718 0.7102 0.0743 0.0437 
        D719  2 0.2600 0.3099 0.3935 0.0366 
        D720  2 0.0634 0.6401 0.2230 0.0735 
        D721  2 0.0817 0.1700 0.0354 0.7129 
        D722  2 0.0577 0.0310 0.8456 0.0657 
        D734  2 0.3367 0.1537 0.4882 0.0214 
        D735  2 0.1351 0.5727 0.1478 0.1444 
        D736  2 0.2606 0.2176 0.4072 0.1146 
        D737  2 0.7399 0.0610 0.1041 0.0950 
        D807  2 0.2028 0.2107 0.4845 0.1020 
        D808  2 0.2504 0.3850 0.0547 0.3098 
        D817  2 0.0466 0.5290 0.3387 0.0856 
        D818  2 0.5802 0.3010 0.0467 0.0721 
        D819  2 0.0611 0.5223 0.1591 0.2575 
        D820  2 0.0464 0.8863 0.0411 0.0262 
        D895  2 0.0448 0.6521 0.0605 0.2426 
        D896  2 0.0194 0.0207 0.0534 0.9065 
        D897  2 0.8024 0.0759 0.0522 0.0695 
        D898  2 0.1491 0.3324 0.3051 0.2134 
        D918  2 0.4057 0.1374 0.1208 0.3361 
        D919  2 0.2461 0.6662 0.0370 0.0506 
        D920  2 0.0296 0.0216 0.0405 0.9083 
        D923  2 0.0315 0.9075 0.0340 0.0270 
        D930  2 0.1001 0.5333 0.2761 0.0905 
        D931  2 0.2066 0.5528 0.1687 0.0718 
        D968  2 0.9420 0.0322 0.0157 0.0100 
        D969  2 0.3454 0.5191 0.0880 0.0475 
        D977  2 0.8310 0.0931 0.0218 0.0542 
        D978  2 0.6445 0.2081 0.1025 0.0449 
        D211  3 0.0761 0.2421 0.0665 0.6152 
     D229639  3 0.7247 0.0613 0.1439 0.0701 
     D237212  3 0.3605 0.3519 0.0991 0.1885 
     D237213  3 0.1145 0.3144 0.0861 0.4850 
     D237214  3 0.0231 0.1751 0.0745 0.7273 
     D237215  3 0.7747 0.0175 0.1784 0.0295 
     D237216  3 0.2268 0.3109 0.0771 0.3852 
     D237217  3 0.0817 0.3016 0.0245 0.5922 
     D237218  3 0.6263 0.2418 0.0541 0.0778 
     D237219  3 0.1328 0.0765 0.2428 0.5479 
     D237382  3 0.1015 0.2677 0.4477 0.1830 
     D244127  3 0.1454 0.0782 0.0461 0.7303 
     D244129  3 0.1507 0.4342 0.0995 0.3156 
     D244133  3 0.1645 0.1324 0.5119 0.1912 
     D244134  3 0.3838 0.1012 0.3351 0.1799 
     D244135  3 0.0738 0.0870 0.0325 0.8067 
     D244136  3 0.1162 0.2854 0.4880 0.1104 
        D416  3 0.3510 0.3815 0.0568 0.2107 
        D417  3 0.0368 0.8304 0.0512 0.0816 
        D419  3 0.2477 0.2765 0.1664 0.3094 
        D565  3 0.0284 0.0526 0.8917 0.0274 
        D566  3 0.4473 0.0573 0.4440 0.0513 
        D567  3 0.0360 0.7043 0.0491 0.2106 
        D568  3 0.1954 0.4483 0.0357 0.3207 
        D569  3 0.4012 0.2978 0.1203 0.1808 
        D573  3 0.7326 0.2029 0.0253 0.0392 
        D574  3 0.0992 0.1238 0.6885 0.0885 
        D575  3 0.1342 0.1977 0.3015 0.3665 
        D576  3 0.8756 0.0162 0.0833 0.0250 
        D577  3 0.0491 0.7258 0.1081 0.1170 
        D578  3 0.0379 0.0313 0.0194 0.9115 
        D579  3 0.2307 0.2819 0.3365 0.1509 
        D660  3 0.6313 0.0765 0.0744 0.2177 
        D661  3 0.7885 0.0963 0.0336 0.0817 
        D663  3 0.8222 0.1128 0.0446 0.0203 
        D664  3 0.1806 0.0490 0.3697 0.4007 
        D665  3 0.1615 0.1171 0.0506 0.6708 
        D666  3 0.1025 0.2098 0.3499 0.3378 
        D009  4 0.0530 0.3390 0.0809 0.5271 
        D057  4 0.5536 0.1211 0.0467 0.2786 
        D109  4 0.0361 0.1079 0.1038 0.7522 
     D237222  4 0.0363 0.0488 0.1422 0.7727 
     D237223  4 0.1561 0.1076 0.1380 0.5982 
     D237224  4 0.4429 0.4016 0.0841 0.0714 
     D237225  4 0.0786 0.3992 0.1007 0.4214 
     D237299  4 0.2702 0.2076 0.1085 0.4137 
     D237300  4 0.8606 0.0273 0.0837 0.0283 
     D237306  4 0.0575 0.1006 0.7055 0.1365 
     D237307  4 0.1295 0.2838 0.4923 0.0943 
     D237308  4 0.5613 0.1053 0.1298 0.2035 
     D237309  4 0.1102 0.4763 0.0641 0.3494 
     D237317  4 0.0280 0.1483 0.7489 0.0748 
     D237318  4 0.9212 0.0298 0.0338 0.0151 
     D237319  4 0.1443 0.2513 0.1542 0.4502 
     D237320  4 0.3316 0.1917 0.0694 0.4074 
     D237321  4 0.7565 0.0853 0.0905 0.0677 
     D237397  4 0.2790 0.0777 0.3825 0.2608 
     D237398  4 0.6736 0.2319 0.0298 0.0647 
     D237399  4 0.2321 0.2681 0.3337 0.1661 
     D244001  4 0.1263 0.0664 0.0562 0.7511 
        D289  4 0.2724 0.3795 0.2717 0.0765 
        D290  4 0.2727 0.2652 0.3549 0.1072 
        D294  4 0.1589 0.5694 0.1915 0.0802 
        D295  4 0.0861 0.4783 0.2303 0.2054 
        D301  4 0.0550 0.0317 0.0512 0.8621 
        D302  4 0.0332 0.8251 0.0922 0.0495 
        D303  4 0.0862 0.0815 0.7248 0.1075 
        D304  4 0.2542 0.2277 0.4632 0.0548 
        D305  4 0.3096 0.4604 0.0345 0.1954 
        D306  4 0.0909 0.3298 0.5093 0.0700 
        D307  4 0.0526 0.0208 0.0580 0.8685 
        D327  4 0.0695 0.7558 0.1278 0.0469 
        D328  4 0.0615 0.0930 0.7716 0.0738 
        D329  4 0.4132 0.3032 0.1020 0.1816 
        D330  4 0.0332 0.5793 0.0498 0.3376 
        D331  4 0.2562 0.2371 0.3396 0.1671 
        D333  4 0.2535 0.1414 0.3848 0.2204 
        D334  4 0.0648 0.1790 0.6455 0.1107 
        D335  4 0.0847 0.7236 0.1290 0.0627 
        D370  4 0.0559 0.0584 0.6655 0.2202 
        D371  4 0.0558 0.0854 0.8172 0.0417 
        D372  4 0.8809 0.0260 0.0697 0.0233 
        D373  4 0.1181 0.0476 0.0262 0.8081 
        D455  4 0.0534 0.0402 0.0415 0.8650 
        D490  4 0.0137 0.0249 0.0214 0.9401 
        D497  4 0.0402 0.0296 0.0458 0.8845 
        D498  4 0.1958 0.0925 0.4968 0.2149 
        D499  4 0.5744 0.1396 0.2279 0.0581 
        D514  4 0.0470 0.8156 0.0697 0.0676 
        D515  4 0.0962 0.1795 0.0795 0.6447 
        D516  4 0.1714 0.1835 0.2680 0.3770 
        D517  4 0.0897 0.0733 0.0236 0.8134 
        D518  4 0.1976 0.2163 0.2541 0.3320 
        D519  4 0.2054 0.1446 0.0405 0.6095 
        D560  4 0.3365 0.2404 0.0313 0.3918 
        D561  4 0.0443 0.6222 0.0223 0.3112 
        D562  4 0.1979 0.3262 0.2313 0.2446 
        D563  4 0.6077 0.2181 0.0329 0.1413 
        D572  4 0.1254 0.6085 0.1405 0.1256 
        D629  4 0.0708 0.5928 0.0817 0.2547 
        D630  4 0.1707 0.3607 0.2600 0.2085 
        D631  4 0.5756 0.2133 0.1395 0.0716 
        D632  4 0.1162 0.0773 0.0306 0.7760 
        D646  4 0.1252 0.3651 0.0557 0.4540 
        D647  4 0.1098 0.6312 0.0376 0.2215 
        D648  4 0.0649 0.0635 0.8101 0.0615 
        D649  4 0.0365 0.6476 0.0505 0.2654 
        D650  4 0.1204 0.3157 0.3385 0.2254 
        D708  4 0.0864 0.2023 0.6012 0.1101 
        D709  4 0.1048 0.2406 0.5159 0.1387 
        D738  4 0.0558 0.0778 0.6172 0.2492 
        D739  4 0.1382 0.2087 0.1869 0.4662 
        D740  4 0.3540 0.1301 0.1955 0.3204 
        D741  4 0.2978 0.4328 0.0461 0.2234 
        D742  4 0.6557 0.1113 0.1579 0.0750 
        D743  4 0.1011 0.8018 0.0566 0.0404 
        D744  4 0.1853 0.7059 0.0399 0.0689 
        D745  4 0.0994 0.1030 0.0428 0.7547 
        D814  4 0.6952 0.1911 0.0298 0.0839 
        D815  4 0.0814 0.6396 0.1888 0.0902 
        D828  4 0.2372 0.0356 0.6536 0.0737 
        D845  4 0.8875 0.0345 0.0597 0.0183 
        D846  4 0.2768 0.5928 0.0226 0.1078 
        D847  4 0.2203 0.3918 0.1737 0.2142 
        D848  4 0.2219 0.0265 0.0216 0.7299 
        D849  4 0.0690 0.1594 0.0396 0.7319 
        D850  4 0.1475 0.4590 0.1279 0.2656 
        D856  4 0.0917 0.3931 0.1351 0.3800 
        D857  4 0.0461 0.0121 0.0557 0.8861 
        D859  4 0.2780 0.4792 0.1561 0.0867 
        D860  4 0.3550 0.1889 0.4105 0.0456 
        D883  4 0.0662 0.2797 0.3358 0.3183 
        D884  4 0.0541 0.1400 0.4208 0.3851 
        D885  4 0.4575 0.3525 0.0481 0.1418 
        D886  4 0.0922 0.2694 0.1085 0.5299 
        D887  4 0.4283 0.2515 0.1820 0.1382 
        D889  4 0.5425 0.2368 0.1839 0.0368 
        D890  4 0.0876 0.1044 0.6772 0.1307 
        D891  4 0.9536 0.0215 0.0133 0.0116 
        D899  4 0.6328 0.0660 0.2516 0.0496 
        D900  4 0.1362 0.4947 0.2285 0.1406 
        D970  4 0.2192 0.5342 0.1478 0.0988 
        D971  4 0.5888 0.2007 0.0979 0.1125 
        D979  4 0.0719 0.7735 0.1259 0.0287 
        D093  5 0.0816 0.0549 0.7815 0.0820 
        D154  5 0.6579 0.0930 0.1873 0.0618 
        D168  5 0.4121 0.1465 0.0428 0.3986 
        D189  5 0.3046 0.0501 0.5927 0.0526 
        D190  5 0.0719 0.0655 0.8256 0.0369 
     D237220  5 0.2175 0.1538 0.1347 0.4940 
     D237221  5 0.3041 0.1648 0.4549 0.0762 
     D237274  5 0.0342 0.8829 0.0286 0.0544 
     D237275  5 0.8737 0.0315 0.0545 0.0403 
     D237276  5 0.0883 0.1548 0.5070 0.2498 
     D237277  5 0.2934 0.0707 0.5972 0.0386 
     D237278  5 0.5077 0.0717 0.2418 0.1788 
     D237279  5 0.0456 0.1730 0.0283 0.7531 
     D237280  5 0.0412 0.2759 0.1200 0.5629 
     D237281  5 0.9009 0.0545 0.0242 0.0205 
     D237351  5 0.0373 0.0354 0.1253 0.8019 
     D237352  5 0.0939 0.2021 0.1381 0.5660 
     D237353  5 0.0557 0.0254 0.8866 0.0323 
     D237359  5 0.3797 0.2292 0.1135 0.2776 
     D237361  5 0.0263 0.0246 0.9142 0.0349 
     D237362  5 0.1501 0.3087 0.4071 0.1342 
     D237363  5 0.3739 0.2982 0.1658 0.1621 
     D237364  5 0.4235 0.3363 0.0418 0.1984 
     D237376  5 0.0709 0.0237 0.8807 0.0247 
     D237377  5 0.0383 0.4777 0.1694 0.3146 
     D237378  5 0.1582 0.0340 0.7593 0.0485 
     D237379  5 0.1237 0.1113 0.6978 0.0672 
     D237380  5 0.0159 0.0447 0.1511 0.7884 
     D237381  5 0.0923 0.1090 0.1473 0.6513 
     D237391  5 0.1157 0.1043 0.7049 0.0751 
     D237392  5 0.1126 0.6643 0.0959 0.1272 
     D237393  5 0.0887 0.3985 0.3275 0.1853 
     D237394  5 0.0257 0.0530 0.8816 0.0397 
     D237395  5 0.1760 0.0694 0.5578 0.1967 
     D237396  5 0.0762 0.6418 0.1130 0.1690 
     D244016  5 0.2282 0.1920 0.5242 0.0556 
     D244018  5 0.5338 0.0958 0.1737 0.1967 
     D244019  5 0.1877 0.4762 0.2673 0.0688 
        D279  5 0.7096 0.0947 0.0900 0.1057 
        D280  5 0.1973 0.2877 0.4019 0.1131 
        D281  5 0.8517 0.0473 0.0767 0.0243 
        D283  5 0.0995 0.2520 0.5911 0.0575 
        D284  5 0.1893 0.1835 0.0952 0.5320 
        D285  5 0.1446 0.1932 0.5864 0.0758 
        D286  5 0.1620 0.2340 0.4946 0.1094 
        D287  5 0.0579 0.0298 0.8145 0.0978 
        D288  5 0.2127 0.3380 0.4007 0.0486 
        D308  5 0.0165 0.0562 0.0270 0.9003 
        D309  5 0.0340 0.8440 0.0590 0.0631 
        D310  5 0.0236 0.0479 0.9049 0.0236 
        D311  5 0.1250 0.2304 0.5858 0.0588 
        D312  5 0.0539 0.1512 0.7084 0.0865 
        D313  5 0.0128 0.0115 0.0201 0.9556 
        D314  5 0.4859 0.0784 0.2077 0.2279 
        D315  5 0.0727 0.3122 0.4965 0.1187 
        D317  5 0.0286 0.0394 0.9077 0.0243 
        D318  5 0.1802 0.4718 0.1843 0.1636 
        D319  5 0.0474 0.0274 0.8926 0.0326 
        D320  5 0.0535 0.0721 0.8214 0.0529 
        D321  5 0.0641 0.0686 0.0656 0.8017 
        D336  5 0.0210 0.0565 0.9030 0.0195 
        D337  5 0.0503 0.0191 0.9179 0.0127 
        D338  5 0.2873 0.3101 0.2063 0.1963 
        D339  5 0.1307 0.0455 0.7254 0.0983 
        D347  5 0.1369 0.3169 0.4972 0.0490 
        D348  5 0.0392 0.0370 0.9013 0.0225 
        D349  5 0.0278 0.0282 0.0557 0.8883 
        D350  5 0.1098 0.7699 0.0673 0.0530 
        D355  5 0.5735 0.3229 0.0802 0.0234 
        D356  5 0.0450 0.2304 0.5967 0.1280 
        D357  5 0.1803 0.2027 0.4775 0.1395 
        D358  5 0.0777 0.2152 0.5867 0.1205 
        D359  5 0.0257 0.3837 0.5623 0.0283 
        D360  5 0.0445 0.1582 0.6799 0.1174 
        D361  5 0.0184 0.0280 0.0311 0.9224 
        D366  5 0.2350 0.5967 0.0466 0.1216 
        D367  5 0.0550 0.0406 0.8389 0.0655 
        D368  5 0.0855 0.1719 0.4400 0.3026 
        D380  5 0.0948 0.6920 0.0737 0.1396 
        D381  5 0.1002 0.1264 0.6823 0.0911 
        D400  5 0.3080 0.1141 0.5262 0.0517 
        D411  5 0.0276 0.0352 0.0199 0.9172 
        D412  5 0.2785 0.1674 0.2714 0.2827 
        D413  5 0.7970 0.0981 0.0396 0.0654 
        D414  5 0.6486 0.2196 0.0628 0.0691 
        D420  5 0.2260 0.1484 0.2224 0.4032 
        D431  5 0.3425 0.0562 0.4287 0.1725 
        D432  5 0.1838 0.0860 0.5033 0.2269 
        D433  5 0.1340 0.0737 0.7408 0.0515 
        D434  5 0.0613 0.1193 0.7234 0.0960 
        D440  5 0.0651 0.7827 0.0717 0.0805 
        D447  5 0.0517 0.7822 0.0374 0.1287 
        D448  5 0.0400 0.0453 0.8925 0.0222 
        D459  5 0.8180 0.1242 0.0346 0.0232 
        D460  5 0.0273 0.0883 0.0622 0.8221 
        D461  5 0.0293 0.8731 0.0721 0.0255 
        D468  5 0.0569 0.2785 0.5576 0.1070 
        D469  5 0.0960 0.4983 0.1784 0.2273 
        D470  5 0.1002 0.1835 0.2989 0.4174 
        D471  5 0.0877 0.0647 0.8218 0.0258 
        D472  5 0.2460 0.6944 0.0282 0.0314 
        D479  5 0.8724 0.0357 0.0510 0.0409 
        D485  5 0.1517 0.1403 0.5887 0.1193 
        D486  5 0.0483 0.2007 0.4793 0.2717 
        D487  5 0.6416 0.0483 0.2447 0.0654 
        D555  5 0.0610 0.0284 0.8871 0.0235 
        D556  5 0.2536 0.1549 0.4947 0.0968 
        D557  5 0.0529 0.0536 0.8687 0.0248 
        D564  5 0.0982 0.2198 0.5210 0.1610 
        D594  5 0.1103 0.3789 0.4057 0.1051 
        D595  5 0.1484 0.2389 0.4987 0.1141 
        D596  5 0.0309 0.0171 0.9268 0.0252 
        D597  5 0.3506 0.2080 0.3815 0.0599 
        D598  5 0.1260 0.1360 0.4479 0.2901 
        D617  5 0.1157 0.0350 0.0331 0.8162 
        D618  5 0.2734 0.1083 0.5356 0.0827 
        D619  5 0.0468 0.2246 0.3606 0.3680 
        D620  5 0.9132 0.0296 0.0278 0.0294 
        D628  5 0.1325 0.2516 0.2937 0.3222 
        D714  5 0.3626 0.0567 0.5246 0.0561 
        D715  5 0.1530 0.1485 0.6486 0.0499 
        D716  5 0.2485 0.2465 0.4480 0.0570 
        D717  5 0.1032 0.4424 0.2739 0.1805 
        D718  5 0.1394 0.0532 0.4428 0.3645 
        D769  5 0.1412 0.0366 0.0467 0.7755 
        D770  5 0.4995 0.0765 0.3426 0.0814 
        D771  5 0.4560 0.1327 0.2347 0.1766 
        D772  5 0.1085 0.1837 0.6147 0.0931 
        D782  5 0.2288 0.1942 0.0423 0.5347 
        D783  5 0.5835 0.1302 0.2149 0.0713 
        D784  5 0.0994 0.7345 0.1025 0.0635 
        D785  5 0.0431 0.0689 0.7922 0.0958 
        D786  5 0.0797 0.1988 0.0584 0.6631 
        D821  5 0.0353 0.0202 0.9281 0.0163 
        D822  5 0.0732 0.5184 0.3484 0.0600 
        D826  5 0.4614 0.0967 0.3767 0.0652 
        D827  5 0.0861 0.7897 0.0765 0.0477 
        D851  5 0.1466 0.4302 0.2374 0.1858 
        D852  5 0.6075 0.0771 0.1832 0.1323 
        D853  5 0.1642 0.1581 0.5916 0.0861 
        D854  5 0.3381 0.3964 0.1181 0.1474 
        D861  5 0.2690 0.1939 0.3261 0.2110 
        D862  5 0.0322 0.2231 0.6783 0.0664 
        D865  5 0.0761 0.0337 0.8435 0.0467 
        D868  5 0.0768 0.6798 0.1382 0.1052 
        D869  5 0.0303 0.0431 0.0435 0.8831 
        D870  5 0.0350 0.6167 0.0778 0.2705 
        D907  5 0.0356 0.0360 0.8266 0.1018 
        D908  5 0.6093 0.0466 0.2695 0.0746 
        D910  5 0.3133 0.0650 0.5887 0.0330 
        D911  5 0.6945 0.2224 0.0604 0.0227 
        D934  5 0.5730 0.1755 0.1913 0.0601 
        D946  5 0.4964 0.1023 0.2879 0.1134 
        D947  5 0.2169 0.4462 0.2156 0.1213 
        D948  5 0.0209 0.0354 0.0727 0.8710 
        D949  5 0.0260 0.0439 0.0673 0.8629 
        D950  5 0.7364 0.1595 0.0741 0.0299 
        D951  5 0.0262 0.7856 0.1339 0.0543 
        D952  5 0.0782 0.5808 0.2698 0.0712 
        D953  5 0.0805 0.0940 0.7645 0.0610 
        D954  5 0.0530 0.4539 0.4438 0.0494 
        D961  5 0.1429 0.0693 0.6238 0.1641 
        D962  5 0.0189 0.1172 0.8331 0.0308 
        D963  5 0.1545 0.3290 0.4783 0.0383 
        D964  5 0.3010 0.2060 0.1929 0.3001 
        D965  5 0.2122 0.2980 0.3512 0.1386 
        D966  5 0.2476 0.2952 0.3950 0.0622 
        D967  5 0.3134 0.1405 0.3627 0.1834 
        D991  5 0.0701 0.1933 0.4056 0.3309 
        D502  6 0.4273 0.1564 0.0902 0.3261 
        D503  6 0.5469 0.0659 0.0567 0.3305 
        D504  6 0.1590 0.5279 0.1744 0.1387 
        D505  6 0.2304 0.2180 0.3960 0.1556 
        D506  6 0.0309 0.0482 0.8851 0.0358 
        D507  6 0.5052 0.1611 0.0968 0.2369 
        D508  6 0.1843 0.6189 0.1377 0.0591 
        D529  6 0.1254 0.2269 0.2831 0.3645 
        D530  6 0.0696 0.0362 0.7180 0.1761 
        D531  6 0.1238 0.5664 0.2130 0.0968 
        D532  6 0.0642 0.2560 0.6295 0.0503 
        D534  6 0.0500 0.0580 0.0446 0.8474 
        D535  6 0.0317 0.1939 0.6587 0.1156 
        D536  6 0.7434 0.0319 0.0263 0.1984 
        D554  6 0.0436 0.0550 0.7801 0.1212 
        D587  6 0.0645 0.0783 0.7993 0.0580 
        D588  6 0.0603 0.3190 0.5171 0.1036 
        D589  6 0.5741 0.0972 0.1659 0.1629 
        D590  6 0.7902 0.0483 0.0505 0.1110 
        D591  6 0.2964 0.2369 0.2566 0.2101 
        D592  6 0.0379 0.0478 0.0593 0.8549 
        D593  6 0.0893 0.0363 0.8048 0.0695 
        D682  6 0.0612 0.0526 0.8356 0.0506 
        D683  6 0.0462 0.5654 0.2847 0.1037 
        D684  6 0.4498 0.1255 0.0214 0.4032 
        D685  6 0.4267 0.1030 0.2127 0.2575 
        D686  6 0.0257 0.0389 0.8989 0.0364 
        D724  6 0.1613 0.5293 0.0853 0.2242 
        D725  6 0.2954 0.1166 0.4731 0.1149 
        D726  6 0.0282 0.0439 0.8820 0.0459 
        D727  6 0.3094 0.3499 0.1490 0.1917 
        D728  6 0.0433 0.0704 0.8118 0.0745 
        D729  6 0.0796 0.2730 0.0306 0.6168 
        D730  6 0.3461 0.2653 0.1041 0.2846 
        D731  6 0.3274 0.0192 0.6298 0.0236 
        D732  6 0.1476 0.5575 0.1722 0.1227 
        D733  6 0.1591 0.2714 0.2792 0.2903 
     D237251  7 0.6757 0.0677 0.2046 0.0520 
     D237252  7 0.3594 0.1227 0.0501 0.4678 
     D237253  7 0.5327 0.1415 0.2554 0.0703 
     D237254  7 0.0384 0.0519 0.0180 0.8917 
     D237255  7 0.8015 0.0775 0.0926 0.0285 
     D237256  7 0.7105 0.1977 0.0608 0.0309 
     D237257  7 0.1951 0.3650 0.0805 0.3594 
     D237282  7 0.0790 0.7134 0.0301 0.1776 
     D237283  7 0.0338 0.0146 0.0220 0.9295 
     D237284  7 0.0289 0.0567 0.0227 0.8917 
     D237285  7 0.1999 0.1082 0.6046 0.0873 
     D237286  7 0.1708 0.4443 0.2779 0.1069 
     D237287  7 0.5484 0.2788 0.0667 0.1060 
     D244006  7 0.0272 0.0460 0.0209 0.9059 
     D244007  7 0.4301 0.3449 0.0641 0.1609 
     D244008  7 0.0239 0.0267 0.0545 0.8949 
     D244009  7 0.0615 0.2122 0.1066 0.6197 
     D244010  7 0.1968 0.2716 0.1093 0.4224 
     D244011  7 0.3271 0.1443 0.3757 0.1528 
     D244012  7 0.4208 0.2878 0.0859 0.2055 
     D244013  7 0.5537 0.1420 0.2454 0.0589 
     D244014  7 0.3712 0.1513 0.1027 0.3748 
     D244015  7 0.0905 0.3241 0.0513 0.5341 
     D244125  7 0.3225 0.2568 0.3414 0.0793 
     D244126  7 0.0262 0.0389 0.0115 0.9234 
     D244130  7 0.1454 0.1722 0.2126 0.4698 
     D244131  7 0.1080 0.3378 0.3386 0.2157 
     D244132  7 0.0487 0.4208 0.4570 0.0735 
        D520  7 0.0478 0.1913 0.4118 0.3491 
        D521  7 0.1638 0.3444 0.2687 0.2232 
        D522  7 0.0519 0.1596 0.0580 0.7306 
        D523  7 0.8016 0.0658 0.0774 0.0552 
        D524  7 0.4832 0.0911 0.2546 0.1710 
        D525  7 0.2744 0.0468 0.0340 0.6448 
        D526  7 0.0266 0.0612 0.0203 0.8918 
        D527  7 0.1931 0.4676 0.1335 0.2058 
        D528  7 0.0172 0.9375 0.0133 0.0320 
        D558  7 0.1596 0.5078 0.0482 0.2844 
        D559  7 0.2146 0.5838 0.0295 0.1721 
        D640  7 0.2880 0.2542 0.3505 0.1073 
        D641  7 0.3198 0.0606 0.4053 0.2143 
        D642  7 0.1464 0.0739 0.1004 0.6793 
        D644  7 0.1542 0.1271 0.4090 0.3097 
        D645  7 0.4604 0.1532 0.1765 0.2099 
        D662  7 0.0166 0.1451 0.1204 0.7178 
        D687  7 0.4843 0.2588 0.1289 0.1280 
        D688  7 0.1912 0.5247 0.0577 0.2265 
        D689  7 0.1712 0.3103 0.4219 0.0966 
        D700  7 0.0171 0.9500 0.0128 0.0201 
        D797  7 0.2366 0.3161 0.2615 0.1858 
        D798  7 0.0474 0.1841 0.0506 0.7179 
        D799  7 0.6877 0.1119 0.0676 0.1328 
        D800  7 0.1152 0.7309 0.0430 0.1109 
        D132  8 0.0235 0.0347 0.0361 0.9057 
        D133  8 0.9276 0.0168 0.0138 0.0418 
        D200  8 0.3716 0.2173 0.3296 0.0814 
        D500  8 0.0149 0.0195 0.0297 0.9359 
        D614  8 0.0539 0.1055 0.6704 0.1702 
        D723  8 0.1322 0.3773 0.1153 0.3752 
        D888  8 0.8828 0.0612 0.0339 0.0220 
        D901  8 0.3203 0.1057 0.1095 0.4645 
        D902  8 0.0627 0.0666 0.7915 0.0792 
        D903  8 0.0855 0.6127 0.2597 0.0421 
        D904  8 0.1435 0.5231 0.1354 0.1980 
        D905  8 0.8128 0.0172 0.1490 0.0210 
        D906  8 0.6839 0.2023 0.0278 0.0860 
        D937  8 0.0486 0.0195 0.9016 0.0303 
        D943  8 0.2364 0.3366 0.0879 0.3391 
        D972  8 0.0781 0.3185 0.0947 0.5087 
        D973  8 0.0335 0.6726 0.1005 0.1934 
        D974  8 0.1610 0.1731 0.3976 0.2683 
        D975  8 0.2828 0.1829 0.4405 0.0937 
        D976  8 0.3078 0.1365 0.3161 0.2397 
        D201  9 0.5152 0.2456 0.0754 0.1638 
        D202  9 0.5085 0.0685 0.2488 0.1743 
     D237259  9 0.1130 0.5884 0.0361 0.2625 
     D237260  9 0.6857 0.0310 0.0526 0.2308 
     D237262  9 0.0194 0.0334 0.0246 0.9226 
     D237263  9 0.2508 0.1394 0.0554 0.5544 
     D237264  9 0.1917 0.1690 0.2710 0.3682 
     D237265  9 0.8114 0.0297 0.0699 0.0890 
     D237266  9 0.4860 0.0578 0.0319 0.4243 
     D237267  9 0.0855 0.1803 0.5651 0.1691 
     D237268  9 0.0553 0.2219 0.1712 0.5516 
     D237289  9 0.5243 0.0407 0.3097 0.1253 
     D237290  9 0.9092 0.0236 0.0235 0.0437 
     D237291  9 0.8096 0.0397 0.0713 0.0794 
     D237292  9 0.6081 0.0470 0.0334 0.3116 
     D237293  9 0.1373 0.1977 0.3108 0.3542 
     D237294  9 0.3092 0.0542 0.0633 0.5733 
     D237295  9 0.0564 0.3734 0.2956 0.2747 
     D237296  9 0.3228 0.1931 0.2678 0.2163 
     D237297  9 0.1096 0.0842 0.7353 0.0708 
     D237298  9 0.3651 0.2648 0.1065 0.2637 
     D237341  9 0.5226 0.2284 0.1149 0.1341 
     D237342  9 0.1017 0.0940 0.1036 0.7007 
     D237343  9 0.3626 0.1125 0.0437 0.4812 
     D237344  9 0.1424 0.0658 0.6786 0.1131 
     D237345  9 0.0397 0.0388 0.0156 0.9059 
     D237346  9 0.5515 0.0564 0.2365 0.1556 
     D237347  9 0.2251 0.1278 0.5628 0.0843 
     D237348  9 0.1835 0.1045 0.2853 0.4267 
     D237349  9 0.2439 0.3549 0.0267 0.3745 
     D244109  9 0.6084 0.1853 0.0159 0.1905 
     D244110  9 0.7163 0.1127 0.0342 0.1368 
     D244111  9 0.3523 0.3382 0.1754 0.1341 
     D244128  9 0.0877 0.0745 0.0369 0.8008 
     D244137  9 0.0779 0.6574 0.0749 0.1898 
     D244138  9 0.4527 0.0925 0.2017 0.2531 
        D580  9 0.0289 0.3204 0.1186 0.5321 
        D581  9 0.8637 0.0306 0.0226 0.0831 
        D582  9 0.0184 0.0310 0.0309 0.9196 
        D583  9 0.8265 0.0205 0.0211 0.1319 
        D584  9 0.0599 0.0524 0.5865 0.3011 
        D585  9 0.3010 0.0709 0.0369 0.5913 
        D586  9 0.8823 0.0368 0.0527 0.0282 
        D651  9 0.1752 0.3976 0.2369 0.1903 
        D652  9 0.0898 0.2602 0.0382 0.6118 
        D653  9 0.4437 0.4123 0.0747 0.0694 
        D654  9 0.3087 0.3351 0.0523 0.3039 
        D655  9 0.3523 0.1630 0.3950 0.0897 
        D656  9 0.0294 0.0305 0.0373 0.9029 
        D657  9 0.2555 0.1759 0.1744 0.3942 
        D667  9 0.2242 0.0844 0.6185 0.0728 
        D668  9 0.2108 0.0777 0.1255 0.5859 
        D669  9 0.6779 0.1036 0.0694 0.1491 
        D670  9 0.0679 0.7534 0.0666 0.1122 
        D671  9 0.7535 0.0926 0.0550 0.0989 
        D672  9 0.1449 0.0865 0.0496 0.7189 
        D673  9 0.1932 0.2917 0.2914 0.2236 
        D692  9 0.2238 0.0664 0.0350 0.6748 
        D693  9 0.1212 0.1913 0.4003 0.2873 
        D694  9 0.0487 0.0394 0.0548 0.8571 
        D695  9 0.0770 0.2614 0.0829 0.5786 
        D696  9 0.0287 0.0220 0.9298 0.0195 
        D697  9 0.1993 0.1036 0.5392 0.1579 
        D698  9 0.4474 0.0494 0.3904 0.1129 
        D699  9 0.1297 0.0441 0.7134 0.1128 
        D787  9 0.1202 0.3728 0.0591 0.4479 
        D788  9 0.0477 0.0842 0.7631 0.1050 
        D789  9 0.2142 0.0938 0.4106 0.2814 
        D790  9 0.2346 0.2174 0.1341 0.4140 
        D791  9 0.6530 0.0685 0.1918 0.0868 
        D792  9 0.2384 0.3139 0.0492 0.3985 
        D793  9 0.1410 0.1906 0.5791 0.0892 
        D794  9 0.1485 0.2856 0.4321 0.1338 
        D795  9 0.0883 0.0409 0.1549 0.7158 
        D796  9 0.6645 0.0927 0.1443 0.0985 
        D142 10 0.1617 0.2080 0.5766 0.0538 
        D143 10 0.7804 0.0467 0.0961 0.0768 
        D144 10 0.1185 0.2671 0.3548 0.2595 
        D145 10 0.8943 0.0404 0.0349 0.0304 
        D146 10 0.0446 0.1780 0.1496 0.6278 
        D147 10 0.1408 0.5189 0.1242 0.2161 
        D148 10 0.0538 0.6252 0.1545 0.1664 
        D149 10 0.8139 0.0879 0.0321 0.0660 
        D151 10 0.1897 0.4361 0.1372 0.2370 
        D152 10 0.9509 0.0170 0.0175 0.0145 
        D153 10 0.0393 0.4110 0.4486 0.1011 
        D156 10 0.1628 0.7120 0.0688 0.0564 
        D157 10 0.0800 0.0521 0.6644 0.2035 
        D158 10 0.4393 0.0770 0.3650 0.1188 
        D159 10 0.9270 0.0265 0.0246 0.0219 
        D160 10 0.7227 0.0190 0.2210 0.0373 
        D161 10 0.1724 0.4578 0.2128 0.1571 
        D162 10 0.2305 0.5580 0.1770 0.0345 
        D169 10 0.0490 0.0517 0.0288 0.8706 
        D170 10 0.0438 0.1068 0.0876 0.7617 
        D171 10 0.0741 0.2011 0.6014 0.1234 
        D172 10 0.2503 0.4115 0.1427 0.1955 
        D173 10 0.8985 0.0536 0.0132 0.0348 
        D181 10 0.2113 0.1835 0.5488 0.0564 
        D182 10 0.5180 0.2590 0.0417 0.1814 
        D183 10 0.0323 0.0567 0.8454 0.0656 
        D184 10 0.0129 0.0485 0.0148 0.9238 
        D185 10 0.0848 0.5938 0.1614 0.1599 
        D186 10 0.0976 0.0372 0.0328 0.8324 
        D194 10 0.0750 0.1910 0.1119 0.6221 
        D195 10 0.4028 0.1872 0.3205 0.0895 
        D196 10 0.4077 0.3390 0.2141 0.0392 
        D197 10 0.1270 0.0254 0.0466 0.8010 
        D198 10 0.0316 0.5078 0.2608 0.1998 
     D237226 10 0.6766 0.1002 0.0304 0.1928 
     D237232 10 0.4272 0.0799 0.3794 0.1134 
     D237233 10 0.6738 0.0326 0.1682 0.1254 
     D237234 10 0.2301 0.1592 0.4941 0.1166 
     D237354 10 0.9384 0.0204 0.0230 0.0182 
     D237355 10 0.7956 0.0568 0.0775 0.0701 
     D237356 10 0.0267 0.2640 0.5549 0.1544 
     D237357 10 0.4051 0.1031 0.1082 0.3836 
     D237358 10 0.0656 0.2996 0.0663 0.5686 
     D237369 10 0.0731 0.1398 0.0201 0.7670 
     D237370 10 0.0868 0.0363 0.8275 0.0494 
     D237371 10 0.0579 0.7320 0.0631 0.1470 
     D237372 10 0.4167 0.1386 0.0341 0.4106 
     D237373 10 0.3880 0.1163 0.4619 0.0339 
     D237374 10 0.8108 0.0362 0.1260 0.0270 
     D237375 10 0.3314 0.3692 0.1085 0.1909 
     D237400 10 0.9447 0.0166 0.0239 0.0148 
     D244002 10 0.0804 0.4968 0.0413 0.3815 
     D244003 10 0.5810 0.0166 0.3483 0.0542 
     D244004 10 0.0205 0.0125 0.9344 0.0326 
     D244005 10 0.5413 0.0784 0.0443 0.3359 
     D244020 10 0.0916 0.3064 0.4884 0.1135 
     D244021 10 0.4658 0.1061 0.0849 0.3433 
     D244116 10 0.0924 0.1164 0.1289 0.6623 
     D244117 10 0.4952 0.0716 0.3522 0.0810 
     D244121 10 0.2028 0.0356 0.6229 0.1387 
     D244123 10 0.3225 0.1287 0.4701 0.0787 
     D244124 10 0.2926 0.0428 0.1559 0.5087 
        D332 10 0.0755 0.7127 0.1510 0.0609 
        D570 10 0.0443 0.0886 0.8071 0.0600 
        D602 10 0.0643 0.7597 0.0986 0.0774 
        D603 10 0.2835 0.1055 0.4296 0.1813 
        D604 10 0.3665 0.4343 0.1153 0.0838 
        D605 10 0.1483 0.5866 0.1004 0.1648 
        D606 10 0.0289 0.0412 0.2212 0.7086 
        D607 10 0.0246 0.9239 0.0256 0.0259 
        D608 10 0.9295 0.0405 0.0159 0.0142 
        D609 10 0.0417 0.1389 0.7295 0.0899 
        D610 10 0.1140 0.2934 0.4696 0.1230 
        D611 10 0.0113 0.0139 0.9639 0.0109 
        D613 10 0.1392 0.5126 0.2657 0.0825 
        D633 10 0.1333 0.7025 0.0423 0.1220 
        D634 10 0.1375 0.1728 0.5506 0.1391 
        D638 10 0.9080 0.0300 0.0372 0.0248 
        D681 10 0.1149 0.1449 0.5002 0.2400 
        D754 10 0.1071 0.0494 0.4778 0.3658 
        D755 10 0.6241 0.0155 0.3204 0.0401 
        D756 10 0.1491 0.0588 0.6420 0.1501 
        D757 10 0.4303 0.1898 0.1033 0.2767 
        D758 10 0.2087 0.2521 0.2580 0.2812 
        D759 10 0.5518 0.0561 0.2740 0.1181 
        D760 10 0.3976 0.1522 0.3158 0.1345 
        D761 10 0.9454 0.0133 0.0269 0.0144 
        D762 10 0.0821 0.7713 0.0824 0.0643 
        D775 10 0.2470 0.0230 0.6373 0.0927 
        D776 10 0.8422 0.0345 0.0808 0.0424 
        D777 10 0.3201 0.0846 0.4138 0.1816 
        D778 10 0.7262 0.0267 0.0406 0.2065 
        D779 10 0.1477 0.0798 0.5400 0.2325 
        D780 10 0.6408 0.1842 0.1183 0.0567 
        D781 10 0.1235 0.6673 0.1420 0.0673 
        D858 10 0.0463 0.0268 0.0145 0.9124 
        D933 10 0.2280 0.3996 0.2851 0.0872 
        D038 11 0.5290 0.1779 0.1235 0.1695 
        D063 11 0.4999 0.0900 0.3410 0.0691 
        D155 11 0.3170 0.1937 0.3832 0.1061 
        D175 11 0.0766 0.0604 0.6547 0.2082 
        D176 11 0.7763 0.0463 0.1267 0.0507 
        D205 11 0.0238 0.0340 0.7600 0.1821 
     D237229 11 0.3512 0.3730 0.0309 0.2450 
     D237230 11 0.1393 0.5355 0.0423 0.2829 
     D237231 11 0.0739 0.8315 0.0534 0.0412 
     D237269 11 0.3740 0.4184 0.0934 0.1142 
     D237270 11 0.0660 0.0997 0.0223 0.8120 
     D237271 11 0.0774 0.1785 0.6243 0.1197 
     D237272 11 0.1177 0.4362 0.0465 0.3995 
     D237273 11 0.1891 0.0660 0.6903 0.0545 
     D237301 11 0.0578 0.6710 0.2216 0.0496 
     D237302 11 0.1579 0.1009 0.0849 0.6563 
     D237303 11 0.1662 0.2480 0.0293 0.5565 
     D237304 11 0.1843 0.3351 0.2090 0.2716 
     D237305 11 0.0916 0.0332 0.0693 0.8058 
     D237314 11 0.2790 0.1699 0.4034 0.1477 
     D237315 11 0.1423 0.1902 0.0450 0.6224 
     D237316 11 0.0336 0.7547 0.1691 0.0427 
     D237328 11 0.0368 0.3878 0.2943 0.2811 
     D237329 11 0.3670 0.1090 0.1092 0.4148 
     D237330 11 0.2032 0.0442 0.6961 0.0566 
     D237331 11 0.2255 0.2848 0.4124 0.0773 
     D237332 11 0.0998 0.4257 0.3201 0.1545 
     D237333 11 0.6133 0.0798 0.2771 0.0298 
     D237334 11 0.0558 0.7815 0.1006 0.0621 
     D237335 11 0.0652 0.2418 0.4639 0.2291 
     D237336 11 0.6176 0.0992 0.1535 0.1296 
     D237350 11 0.1023 0.1038 0.7005 0.0933 
     D237383 11 0.3555 0.0989 0.1749 0.3707 
     D237384 11 0.0680 0.6485 0.0574 0.2260 
     D237385 11 0.2718 0.3080 0.2221 0.1981 
     D237386 11 0.1498 0.5722 0.1939 0.0840 
     D237387 11 0.0315 0.6303 0.1259 0.2123 
     D237388 11 0.0466 0.1319 0.7957 0.0258 
        D239 11 0.2796 0.2479 0.3980 0.0745 
        D240 11 0.8453 0.0265 0.0305 0.0977 
        D241 11 0.0551 0.8977 0.0292 0.0181 
        D242 11 0.1703 0.6265 0.0971 0.1061 
        D243 11 0.2511 0.1482 0.4594 0.1413 
        D244 11 0.0361 0.0424 0.7412 0.1803 
