        D174  1 0.0545 0.1743 0.7712 
        D199  1 0.3176 0.1196 0.5628 
        D203  1 0.3699 0.2092 0.4209 
        D204  1 0.0968 0.1155 0.7878 
     D237366  1 0.1911 0.5652 0.2438 
     D237367  1 0.1489 0.6380 0.2131 
     D237368  1 0.1536 0.5599 0.2866 
     D244101  1 0.5592 0.1157 0.3251 
     D244102  1 0.2394 0.2462 0.5144 
     D244103  1 0.0587 0.7012 0.2400 
     D244104  1 0.1897 0.2259 0.5843 
     D244105  1 0.0357 0.9299 0.0344 
     D244106  1 0.3424 0.1045 0.5532 
     D244107  1 0.0770 0.8933 0.0297 
     D244108  1 0.0797 0.1570 0.7633 
     D244113  1 0.1082 0.0564 0.8354 
     D244114  1 0.4463 0.2993 0.2545 
     D244115  1 0.0859 0.2694 0.6447 
     D267365  1 0.1018 0.0906 0.8076 
        D404  1 0.1296 0.0765 0.7939 
        D405  1 0.2530 0.1536 0.5934 
        D406  1 0.0310 0.8614 0.1076 
        D407  1 0.1163 0.7379 0.1458 
        D408  1 0.2379 0.1365 0.6256 
        D409  1 0.0519 0.7617 0.1864 
        D410  1 0.0120 0.9359 0.0521 
        D421  1 0.1579 0.3381 0.5040 
        D422  1 0.0208 0.9621 0.0171 
        D423  1 0.0181 0.9609 0.0210 
        D424  1 0.0228 0.6950 0.2822 
        D425  1 0.0675 0.1309 0.8016 
        D426  1 0.0996 0.7865 0.1139 
        D427  1 0.8089 0.0497 0.1414 
        D428  1 0.1161 0.3168 0.5671 
        D429  1 0.0977 0.1753 0.7270 
        D430  1 0.4601 0.2451 0.2948 
        D491  1 0.0326 0.0685 0.8989 
        D492  1 0.0875 0.3225 0.5900 
        D537  1 0.0486 0.3056 0.6458 
        D538  1 0.2037 0.3481 0.4482 
        D539  1 0.4038 0.2109 0.3854 
        D540  1 0.1265 0.5229 0.3506 
        D541  1 0.1016 0.2510 0.6474 
        D551  1 0.6081 0.3395 0.0524 
        D552  1 0.1185 0.3417 0.5398 
        D553  1 0.0603 0.4274 0.5123 
        D615  1 0.1917 0.2480 0.5603 
        D616  1 0.2350 0.4388 0.3261 
        D621  1 0.0688 0.7095 0.2218 
        D622  1 0.0580 0.8608 0.0812 
        D623  1 0.3946 0.0442 0.5613 
        D624  1 0.0549 0.0844 0.8607 
        D625  1 0.0360 0.1749 0.7890 
        D626  1 0.1539 0.3042 0.5419 
        D627  1 0.1076 0.7286 0.1638 
        D690  1 0.0197 0.1871 0.7932 
        D691  1 0.0468 0.8460 0.1072 
        D710  1 0.1583 0.2164 0.6253 
        D711  1 0.0720 0.1606 0.7674 
        D712  1 0.1138 0.0726 0.8135 
        D713  1 0.0396 0.0857 0.8747 
        D746  1 0.0336 0.9180 0.0484 
        D747  1 0.1541 0.1439 0.7020 
        D748  1 0.0468 0.5683 0.3849 
        D749  1 0.2089 0.6169 0.1742 
        D750  1 0.0426 0.1451 0.8123 
        D763  1 0.5951 0.2701 0.1349 
        D764  1 0.0264 0.1958 0.7778 
        D765  1 0.0509 0.7253 0.2238 
        D766  1 0.0366 0.6613 0.3020 
        D767  1 0.2700 0.2940 0.4359 
        D768  1 0.0639 0.5405 0.3956 
        D811  1 0.1483 0.1838 0.6679 
        D816  1 0.0390 0.1530 0.8080 
        D825  1 0.0525 0.2486 0.6989 
        D866  1 0.6025 0.0953 0.3022 
        D867  1 0.0402 0.9286 0.0311 
        D871  1 0.0424 0.7202 0.2374 
        D872  1 0.0794 0.1796 0.7410 
        D873  1 0.0162 0.9680 0.0158 
        D874  1 0.1241 0.0273 0.8486 
        D875  1 0.0184 0.8280 0.1536 
        D876  1 0.0466 0.0845 0.8689 
        D877  1 0.0400 0.0278 0.9322 
        D892  1 0.0409 0.1804 0.7787 
        D893  1 0.2043 0.4096 0.3861 
        D894  1 0.1224 0.2856 0.5920 
        D915  1 0.0487 0.3934 0.5579 
        D916  1 0.0480 0.2043 0.7477 
        D917  1 0.1617 0.0786 0.7597 
        D925  1 0.0308 0.7531 0.2161 
        D926  1 0.0724 0.3058 0.6218 
        D927  1 0.5850 0.1211 0.2939 
        D928  1 0.0266 0.0275 0.9459 
        D929  1 0.1853 0.2061 0.6086 
        D936  1 0.3748 0.1252 0.5000 
        D938  1 0.0227 0.9407 0.0366 
        D956  1 0.2050 0.1097 0.6854 
        D957  1 0.0940 0.3684 0.5377 
        D958  1 0.0245 0.1322 0.8433 
        D959  1 0.0657 0.8306 0.1037 
        D960  1 0.0263 0.9043 0.0695 
        D989  1 0.4041 0.0688 0.5270 
        D990  1 0.0795 0.8873 0.0331 
        D023  2 0.0268 0.9152 0.0581 
        D130  2 0.0388 0.8959 0.0653 
        D131  2 0.1868 0.5408 0.2723 
        D163  2 0.0297 0.9362 0.0341 
        D164  2 0.4331 0.5515 0.0154 
        D165  2 0.0285 0.9399 0.0316 
        D166  2 0.3103 0.4178 0.2719 
        D167  2 0.9453 0.0230 0.0316 
        D192  2 0.9706 0.0152 0.0141 
        D193  2 0.1672 0.2186 0.6143 
        D206  2 0.2731 0.5632 0.1637 
        D207  2 0.8320 0.0956 0.0724 
        D208  2 0.6141 0.0798 0.3061 
        D209  2 0.6494 0.2928 0.0578 
        D210  2 0.5093 0.0606 0.4301 
     D229599  2 0.3895 0.2535 0.3570 
     D229600  2 0.4035 0.5410 0.0555 
     D237227  2 0.2940 0.3483 0.3577 
     D237228  2 0.2372 0.5115 0.2513 
     D237258  2 0.4670 0.2731 0.2599 
     D237310  2 0.1469 0.7792 0.0740 
     D237311  2 0.3184 0.6321 0.0495 
     D237312  2 0.0934 0.6003 0.3063 
     D237313  2 0.1192 0.3175 0.5633 
     D237322  2 0.7133 0.1334 0.1533 
     D237323  2 0.1202 0.6623 0.2174 
     D237324  2 0.2939 0.6581 0.0480 
     D237325  2 0.1498 0.5576 0.2927 
     D237326  2 0.0523 0.6664 0.2813 
     D237327  2 0.7801 0.1169 0.1030 
     D237337  2 0.0341 0.8064 0.1595 
     D237338  2 0.2801 0.5145 0.2055 
     D237339  2 0.6474 0.0895 0.2630 
     D237340  2 0.5134 0.2616 0.2250 
     D237389  2 0.0965 0.8195 0.0840 
     D237390  2 0.1119 0.4291 0.4590 
     D244017  2 0.5642 0.0797 0.3561 
     D244112  2 0.8624 0.1164 0.0212 
     D244118  2 0.7333 0.2396 0.0270 
     D244119  2 0.6367 0.0581 0.3052 
     D244120  2 0.8199 0.0768 0.1033 
     D244122  2 0.8464 0.0827 0.0709 
        D291  2 0.6756 0.2270 0.0974 
        D292  2 0.6551 0.0662 0.2787 
        D293  2 0.8601 0.0222 0.1177 
        D322  2 0.6578 0.1009 0.2413 
        D323  2 0.3903 0.2006 0.4092 
        D324  2 0.3193 0.3836 0.2971 
        D325  2 0.8878 0.0963 0.0158 
        D326  2 0.1030 0.1076 0.7893 
        D340  2 0.9511 0.0330 0.0159 
        D341  2 0.9418 0.0299 0.0284 
        D342  2 0.6727 0.2869 0.0404 
        D343  2 0.9753 0.0147 0.0100 
        D344  2 0.1772 0.3142 0.5086 
        D345  2 0.1088 0.4936 0.3976 
        D346  2 0.3212 0.1260 0.5527 
        D351  2 0.3772 0.3557 0.2670 
        D352  2 0.3648 0.2710 0.3642 
        D353  2 0.2541 0.3042 0.4417 
        D354  2 0.0611 0.2202 0.7188 
        D362  2 0.0647 0.2994 0.6358 
        D363  2 0.0791 0.1652 0.7557 
        D364  2 0.0867 0.2921 0.6212 
        D365  2 0.9652 0.0141 0.0207 
        D369  2 0.4137 0.2317 0.3546 
        D374  2 0.0866 0.0668 0.8467 
        D375  2 0.1230 0.4460 0.4310 
        D376  2 0.1750 0.1472 0.6779 
        D377  2 0.2609 0.3722 0.3669 
        D378  2 0.5642 0.1465 0.2894 
        D379  2 0.0398 0.1452 0.8149 
        D384  2 0.0228 0.0811 0.8961 
        D385  2 0.9570 0.0220 0.0210 
        D386  2 0.2510 0.3245 0.4245 
        D391  2 0.9534 0.0226 0.0241 
        D392  2 0.8346 0.0727 0.0927 
        D393  2 0.5106 0.2145 0.2749 
        D394  2 0.2118 0.4807 0.3075 
        D395  2 0.8548 0.0776 0.0676 
        D401  2 0.0304 0.9380 0.0316 
        D402  2 0.9584 0.0190 0.0226 
        D403  2 0.0910 0.5314 0.3776 
        D415  2 0.0442 0.7316 0.2242 
        D435  2 0.5871 0.3086 0.1043 
        D436  2 0.1292 0.1678 0.7030 
        D438  2 0.9533 0.0272 0.0196 
        D439  2 0.3754 0.4523 0.1723 
        D449  2 0.5907 0.3665 0.0427 
        D450  2 0.0578 0.1370 0.8052 
        D456  2 0.0390 0.3679 0.5930 
        D462  2 0.9499 0.0192 0.0309 
        D463  2 0.0253 0.1086 0.8661 
        D464  2 0.3371 0.1650 0.4980 
        D465  2 0.4670 0.4201 0.1129 
        D473  2 0.1645 0.1618 0.6737 
        D474  2 0.4179 0.2520 0.3301 
        D476  2 0.2283 0.7234 0.0483 
        D477  2 0.2380 0.1655 0.5965 
        D478  2 0.1205 0.3140 0.5655 
        D480  2 0.4753 0.0481 0.4766 
        D481  2 0.2126 0.2656 0.5218 
        D482  2 0.6242 0.1811 0.1946 
        D483  2 0.9576 0.0170 0.0254 
        D484  2 0.6057 0.1258 0.2685 
        D510  2 0.1867 0.0587 0.7546 
        D511  2 0.5110 0.1806 0.3084 
        D512  2 0.1718 0.7998 0.0284 
        D513  2 0.6355 0.2446 0.1199 
        D635  2 0.0511 0.7014 0.2475 
        D636  2 0.0192 0.9537 0.0271 
        D637  2 0.6973 0.1302 0.1725 
        D658  2 0.8241 0.0605 0.1154 
        D659  2 0.1635 0.4116 0.4249 
        D677  2 0.2735 0.4568 0.2698 
        D678  2 0.8152 0.1522 0.0326 
        D679  2 0.3196 0.1992 0.4812 
        D719  2 0.2835 0.0314 0.6851 
        D720  2 0.0643 0.1057 0.8300 
        D721  2 0.2018 0.6966 0.1016 
        D722  2 0.1325 0.1310 0.7365 
        D734  2 0.5182 0.0279 0.4540 
        D735  2 0.2001 0.2095 0.5904 
        D736  2 0.3230 0.1807 0.4963 
        D737  2 0.8463 0.0675 0.0863 
        D807  2 0.2488 0.1126 0.6386 
        D808  2 0.4512 0.3617 0.1871 
        D817  2 0.0919 0.1878 0.7203 
        D818  2 0.7245 0.2086 0.0669 
        D819  2 0.1906 0.5297 0.2797 
        D820  2 0.1673 0.0634 0.7693 
        D895  2 0.1208 0.6265 0.2527 
        D896  2 0.0270 0.9173 0.0556 
        D897  2 0.8069 0.1483 0.0448 
        D898  2 0.2263 0.3826 0.3911 
        D918  2 0.4470 0.3949 0.1581 
        D919  2 0.5648 0.1914 0.2439 
        D920  2 0.0414 0.9165 0.0421 
        D923  2 0.1381 0.1771 0.6848 
        D930  2 0.1030 0.1236 0.7734 
        D931  2 0.4517 0.1389 0.4094 
        D968  2 0.9645 0.0175 0.0180 
        D969  2 0.6597 0.0958 0.2445 
        D977  2 0.8548 0.1127 0.0325 
        D978  2 0.7658 0.0959 0.1383 
        D211  3 0.0932 0.8021 0.1046 
     D229639  3 0.7975 0.0630 0.1395 
     D237212  3 0.5354 0.2965 0.1681 
     D237213  3 0.1571 0.6840 0.1589 
     D237214  3 0.0394 0.8581 0.1025 
     D237215  3 0.9350 0.0200 0.0450 
     D237216  3 0.2058 0.7305 0.0638 
     D237217  3 0.0415 0.8963 0.0622 
     D237218  3 0.6335 0.1576 0.2089 
     D237219  3 0.2492 0.6294 0.1214 
     D237382  3 0.1501 0.2210 0.6289 
     D244127  3 0.1666 0.7933 0.0402 
     D244129  3 0.3119 0.3821 0.3060 
     D244133  3 0.3067 0.3830 0.3104 
     D244134  3 0.5364 0.2200 0.2436 
     D244135  3 0.1039 0.8436 0.0525 
     D244136  3 0.1883 0.1865 0.6252 
        D416  3 0.4322 0.4953 0.0726 
        D417  3 0.0391 0.2690 0.6919 
        D419  3 0.3889 0.3763 0.2348 
        D565  3 0.0449 0.0295 0.9256 
        D566  3 0.5406 0.1006 0.3588 
        D567  3 0.0794 0.4752 0.4454 
        D568  3 0.3397 0.5184 0.1419 
        D569  3 0.5892 0.2409 0.1700 
        D573  3 0.8726 0.0770 0.0504 
        D574  3 0.1452 0.2220 0.6328 
        D575  3 0.2002 0.4670 0.3329 
        D576  3 0.9554 0.0239 0.0207 
        D577  3 0.0705 0.2129 0.7166 
        D578  3 0.0300 0.9549 0.0151 
        D579  3 0.2956 0.1867 0.5178 
        D660  3 0.6666 0.2959 0.0376 
        D661  3 0.9055 0.0635 0.0311 
        D663  3 0.8653 0.0605 0.0742 
        D664  3 0.3142 0.5120 0.1738 
        D665  3 0.2472 0.7196 0.0331 
        D666  3 0.1949 0.5176 0.2875 
        D009  4 0.0673 0.7081 0.2246 
        D057  4 0.6954 0.1713 0.1333 
        D109  4 0.0545 0.8181 0.1274 
     D237222  4 0.0773 0.6801 0.2426 
     D237223  4 0.1862 0.6465 0.1673 
     D237224  4 0.7341 0.1076 0.1583 
     D237225  4 0.1088 0.6854 0.2058 
     D237299  4 0.1122 0.8321 0.0557 
     D237300  4 0.8985 0.0430 0.0585 
     D237306  4 0.0813 0.1794 0.7393 
     D237307  4 0.1593 0.1490 0.6918 
     D237308  4 0.7235 0.1272 0.1493 
     D237309  4 0.0982 0.7178 0.1840 
     D237317  4 0.0445 0.1023 0.8533 
     D237318  4 0.9313 0.0296 0.0391 
     D237319  4 0.1962 0.5284 0.2754 
     D237320  4 0.3653 0.5041 0.1306 
     D237321  4 0.8167 0.0978 0.0855 
     D237397  4 0.3794 0.2703 0.3503 
     D237398  4 0.7845 0.1598 0.0557 
     D237399  4 0.3253 0.1839 0.4908 
     D244001  4 0.0868 0.8224 0.0908 
        D289  4 0.4114 0.1147 0.4740 
        D290  4 0.2499 0.1418 0.6082 
        D294  4 0.3808 0.2423 0.3769 
        D295  4 0.1406 0.2413 0.6181 
        D301  4 0.1923 0.7490 0.0586 
        D302  4 0.1033 0.1824 0.7143 
        D303  4 0.2174 0.1349 0.6477 
        D304  4 0.2232 0.0693 0.7075 
        D305  4 0.5238 0.4276 0.0486 
        D306  4 0.0721 0.1547 0.7732 
        D307  4 0.1170 0.8258 0.0572 
        D327  4 0.1431 0.1623 0.6946 
        D328  4 0.1746 0.1270 0.6983 
        D329  4 0.5985 0.2461 0.1554 
        D330  4 0.0707 0.7419 0.1874 
        D331  4 0.3119 0.1613 0.5268 
        D333  4 0.2695 0.2150 0.5155 
        D334  4 0.0816 0.1139 0.8046 
        D335  4 0.1336 0.1016 0.7648 
        D370  4 0.1204 0.2506 0.6290 
        D371  4 0.0724 0.0368 0.8908 
        D372  4 0.8881 0.0661 0.0458 
        D373  4 0.1749 0.7974 0.0276 
        D455  4 0.1350 0.8034 0.0615 
        D490  4 0.0322 0.9369 0.0309 
        D497  4 0.0616 0.9027 0.0357 
        D498  4 0.2751 0.2099 0.5150 
        D499  4 0.7674 0.0755 0.1571 
        D514  4 0.1888 0.3648 0.4464 
        D515  4 0.0896 0.7536 0.1567 
        D516  4 0.1888 0.4059 0.4054 
        D517  4 0.1044 0.8605 0.0351 
        D518  4 0.1879 0.2218 0.5903 
        D519  4 0.1668 0.7710 0.0621 
        D560  4 0.2750 0.6087 0.1164 
        D561  4 0.0545 0.8781 0.0674 
        D562  4 0.3551 0.3340 0.3109 
        D563  4 0.7953 0.1665 0.0382 
        D572  4 0.2737 0.1936 0.5328 
        D629  4 0.1265 0.5324 0.3411 
        D630  4 0.2318 0.3043 0.4639 
        D631  4 0.7009 0.0913 0.2078 
        D632  4 0.2823 0.6509 0.0668 
        D646  4 0.1493 0.6932 0.1575 
        D647  4 0.2367 0.4146 0.3487 
        D648  4 0.2499 0.1224 0.6277 
        D649  4 0.0955 0.5375 0.3670 
        D650  4 0.1167 0.2126 0.6708 
        D708  4 0.1892 0.1756 0.6352 
        D709  4 0.1041 0.1357 0.7602 
        D738  4 0.0591 0.1617 0.7792 
        D739  4 0.2338 0.5403 0.2259 
        D740  4 0.4757 0.3854 0.1389 
        D741  4 0.3478 0.5766 0.0756 
        D742  4 0.7564 0.0989 0.1447 
        D743  4 0.3209 0.1183 0.5608 
        D744  4 0.5116 0.2235 0.2649 
        D745  4 0.0851 0.8687 0.0463 
        D814  4 0.6850 0.2645 0.0506 
        D815  4 0.1814 0.1110 0.7076 
        D828  4 0.5592 0.0982 0.3426 
        D845  4 0.9082 0.0267 0.0650 
        D846  4 0.5773 0.3231 0.0996 
        D847  4 0.3110 0.3149 0.3741 
        D848  4 0.3538 0.6242 0.0221 
        D849  4 0.1189 0.8039 0.0772 
        D850  4 0.2173 0.4655 0.3171 
        D856  4 0.1620 0.5413 0.2967 
        D857  4 0.0833 0.8893 0.0274 
        D859  4 0.4711 0.1559 0.3730 
        D860  4 0.3218 0.0455 0.6327 
        D883  4 0.1237 0.3089 0.5674 
        D884  4 0.0896 0.4073 0.5031 
        D885  4 0.5331 0.3820 0.0849 
        D886  4 0.1764 0.4160 0.4076 
        D887  4 0.6469 0.1703 0.1828 
        D889  4 0.5377 0.0740 0.3884 
        D890  4 0.2105 0.2640 0.5255 
        D891  4 0.9495 0.0276 0.0230 
        D899  4 0.7849 0.0256 0.1894 
        D900  4 0.2439 0.3079 0.4482 
        D970  4 0.3812 0.2220 0.3968 
        D971  4 0.6470 0.1067 0.2463 
        D979  4 0.1419 0.0647 0.7935 
        D093  5 0.1845 0.0934 0.7221 
        D154  5 0.7251 0.1614 0.1135 
        D168  5 0.4968 0.4374 0.0658 
        D189  5 0.4153 0.0724 0.5123 
        D190  5 0.1584 0.0546 0.7869 
     D237220  5 0.3165 0.4708 0.2128 
     D237221  5 0.3646 0.1284 0.5070 
     D237274  5 0.0741 0.2391 0.6868 
     D237275  5 0.9295 0.0421 0.0284 
     D237276  5 0.1163 0.2243 0.6594 
     D237277  5 0.4069 0.0671 0.5260 
     D237278  5 0.7152 0.1313 0.1535 
     D237279  5 0.0225 0.9528 0.0247 
     D237280  5 0.0590 0.6155 0.3255 
     D237281  5 0.9202 0.0504 0.0294 
     D237351  5 0.0852 0.7773 0.1375 
     D237352  5 0.1261 0.4979 0.3759 
     D237353  5 0.1695 0.0544 0.7761 
     D237359  5 0.4352 0.3731 0.1917 
     D237361  5 0.0566 0.0522 0.8912 
     D237362  5 0.2508 0.2848 0.4644 
     D237363  5 0.3598 0.5457 0.0945 
     D237364  5 0.5457 0.3526 0.1017 
     D237376  5 0.3857 0.0812 0.5331 
     D237377  5 0.0871 0.5119 0.4010 
     D237378  5 0.5654 0.0675 0.3671 
     D237379  5 0.3211 0.1579 0.5210 
     D237380  5 0.0290 0.6090 0.3620 
     D237381  5 0.1169 0.6553 0.2279 
     D237391  5 0.1342 0.0872 0.7785 
     D237392  5 0.2305 0.3217 0.4478 
     D237393  5 0.1297 0.1512 0.7191 
     D237394  5 0.0337 0.0813 0.8850 
     D237395  5 0.3101 0.2893 0.4006 
     D237396  5 0.1432 0.3570 0.4998 
     D244016  5 0.3830 0.1644 0.4526 
     D244018  5 0.6618 0.2058 0.1324 
     D244019  5 0.2881 0.1770 0.5349 
        D279  5 0.7659 0.1585 0.0756 
        D280  5 0.3531 0.1917 0.4551 
        D281  5 0.8669 0.0416 0.0915 
        D283  5 0.1352 0.0700 0.7948 
        D284  5 0.2001 0.6650 0.1349 
        D285  5 0.1893 0.0998 0.7108 
        D286  5 0.2476 0.1728 0.5796 
        D287  5 0.2508 0.1826 0.5666 
        D288  5 0.3492 0.1412 0.5096 
        D308  5 0.0211 0.9043 0.0746 
        D309  5 0.0952 0.3205 0.5842 
        D310  5 0.1249 0.0636 0.8115 
        D311  5 0.1982 0.1137 0.6881 
        D312  5 0.1185 0.1070 0.7746 
        D313  5 0.0137 0.9680 0.0183 
        D314  5 0.5940 0.2839 0.1222 
        D315  5 0.1434 0.1702 0.6864 
        D317  5 0.0835 0.0454 0.8712 
        D318  5 0.3496 0.4065 0.2439 
        D319  5 0.1265 0.0575 0.8160 
        D320  5 0.1254 0.0580 0.8166 
        D321  5 0.0506 0.8705 0.0788 
        D336  5 0.0397 0.0240 0.9363 
        D337  5 0.1162 0.0288 0.8550 
        D338  5 0.2806 0.2706 0.4488 
        D339  5 0.1945 0.1138 0.6917 
        D347  5 0.2038 0.0813 0.7150 
        D348  5 0.0896 0.0335 0.8769 
        D349  5 0.0554 0.8774 0.0673 
        D350  5 0.3346 0.2201 0.4453 
        D355  5 0.7941 0.0922 0.1137 
        D356  5 0.0521 0.1245 0.8234 
        D357  5 0.2198 0.2242 0.5560 
        D358  5 0.1385 0.1455 0.7160 
        D359  5 0.0327 0.0514 0.9159 
        D360  5 0.0450 0.1294 0.8256 
        D361  5 0.0333 0.9212 0.0455 
        D366  5 0.5022 0.3125 0.1853 
        D367  5 0.1606 0.1731 0.6663 
        D368  5 0.0972 0.3490 0.5538 
        D380  5 0.1962 0.4371 0.3667 
        D381  5 0.1570 0.1213 0.7217 
        D400  5 0.3787 0.0586 0.5627 
        D411  5 0.0342 0.9490 0.0169 
        D412  5 0.3608 0.2486 0.3906 
        D413  5 0.8529 0.0977 0.0494 
        D414  5 0.8502 0.0636 0.0862 
        D420  5 0.3453 0.5105 0.1442 
        D431  5 0.6204 0.2384 0.1413 
        D432  5 0.3348 0.1929 0.4723 
        D433  5 0.2929 0.0682 0.6390 
        D434  5 0.0866 0.0999 0.8135 
        D440  5 0.2635 0.2721 0.4644 
        D447  5 0.1589 0.6627 0.1784 
        D448  5 0.1594 0.0464 0.7941 
        D459  5 0.9046 0.0290 0.0664 
        D460  5 0.0361 0.8795 0.0844 
        D461  5 0.1916 0.1498 0.6586 
        D468  5 0.1472 0.4014 0.4514 
        D469  5 0.1177 0.3013 0.5811 
        D470  5 0.1287 0.5057 0.3656 
        D471  5 0.2585 0.0270 0.7145 
        D472  5 0.5196 0.0927 0.3877 
        D479  5 0.9268 0.0373 0.0359 
        D485  5 0.3204 0.1811 0.4985 
        D486  5 0.1185 0.4678 0.4137 
        D487  5 0.8062 0.0750 0.1189 
        D555  5 0.1920 0.0474 0.7605 
        D556  5 0.4365 0.1401 0.4234 
        D557  5 0.1692 0.0355 0.7953 
        D564  5 0.2119 0.2219 0.5661 
        D594  5 0.1570 0.2780 0.5649 
        D595  5 0.2450 0.1620 0.5930 
        D596  5 0.1185 0.0439 0.8377 
        D597  5 0.3514 0.0651 0.5834 
        D598  5 0.2131 0.1530 0.6339 
        D617  5 0.1835 0.7872 0.0293 
        D618  5 0.3375 0.0934 0.5691 
        D619  5 0.0695 0.4142 0.5164 
        D620  5 0.9396 0.0253 0.0351 
        D628  5 0.2431 0.2413 0.5156 
        D714  5 0.6857 0.1002 0.2141 
        D715  5 0.2299 0.0667 0.7034 
        D716  5 0.3743 0.1126 0.5131 
        D717  5 0.1233 0.1536 0.7231 
        D718  5 0.2046 0.5073 0.2880 
        D769  5 0.1724 0.7616 0.0660 
        D770  5 0.7191 0.1078 0.1731 
        D771  5 0.6434 0.1835 0.1731 
        D772  5 0.2494 0.1214 0.6292 
        D782  5 0.1517 0.8098 0.0386 
        D783  5 0.7258 0.0968 0.1774 
        D784  5 0.1756 0.1601 0.6643 
        D785  5 0.0845 0.1239 0.7916 
        D786  5 0.1129 0.6747 0.2124 
        D821  5 0.0784 0.0297 0.8919 
        D822  5 0.0941 0.1181 0.7878 
        D826  5 0.6239 0.0809 0.2952 
        D827  5 0.2010 0.2875 0.5115 
        D851  5 0.1867 0.3054 0.5078 
        D852  5 0.7747 0.1038 0.1214 
        D853  5 0.2619 0.1232 0.6150 
        D854  5 0.4882 0.3628 0.1490 
        D861  5 0.4104 0.2685 0.3211 
        D862  5 0.0593 0.0868 0.8539 
        D865  5 0.2531 0.0958 0.6512 
        D868  5 0.1149 0.1516 0.7335 
        D869  5 0.0251 0.9459 0.0289 
        D870  5 0.0466 0.8138 0.1396 
        D907  5 0.1087 0.1566 0.7347 
        D908  5 0.8478 0.0551 0.0971 
        D910  5 0.4011 0.0636 0.5353 
        D911  5 0.8814 0.0534 0.0652 
        D934  5 0.8199 0.1048 0.0753 
        D946  5 0.7588 0.1160 0.1252 
        D947  5 0.3326 0.2337 0.4337 
        D948  5 0.0535 0.8295 0.1170 
        D949  5 0.0356 0.8656 0.0988 
        D950  5 0.8919 0.0538 0.0543 
        D951  5 0.0496 0.2341 0.7163 
        D952  5 0.1101 0.1142 0.7757 
        D953  5 0.1485 0.0764 0.7751 
        D954  5 0.0626 0.1048 0.8325 
        D961  5 0.3627 0.1907 0.4466 
        D962  5 0.0667 0.0726 0.8607 
        D963  5 0.1870 0.0731 0.7400 
        D964  5 0.4272 0.3926 0.1802 
        D965  5 0.4085 0.1783 0.4132 
        D966  5 0.4450 0.1135 0.4414 
        D967  5 0.4780 0.1812 0.3408 
        D991  5 0.1538 0.2707 0.5754 
        D502  6 0.4416 0.5059 0.0526 
        D503  6 0.5777 0.3777 0.0446 
        D504  6 0.2280 0.2626 0.5094 
        D505  6 0.3667 0.1957 0.4376 
        D506  6 0.0486 0.0764 0.8750 
        D507  6 0.5729 0.3254 0.1017 
        D508  6 0.4220 0.1920 0.3861 
        D529  6 0.2249 0.4506 0.3245 
        D530  6 0.2332 0.2622 0.5046 
        D531  6 0.3007 0.2378 0.4615 
        D532  6 0.1112 0.1118 0.7770 
        D534  6 0.0636 0.8738 0.0626 
        D535  6 0.0733 0.2126 0.7141 
        D536  6 0.7856 0.1897 0.0247 
        D554  6 0.1374 0.2955 0.5671 
        D587  6 0.0805 0.0665 0.8530 
        D588  6 0.0981 0.2184 0.6835 
        D589  6 0.6854 0.2070 0.1076 
        D590  6 0.8229 0.1377 0.0394 
        D591  6 0.3695 0.3856 0.2449 
        D592  6 0.1301 0.7906 0.0793 
        D593  6 0.3474 0.1640 0.4885 
        D682  6 0.1275 0.1052 0.7673 
        D683  6 0.0428 0.1277 0.8295 
        D684  6 0.4371 0.5348 0.0281 
        D685  6 0.5145 0.4114 0.0742 
        D686  6 0.0812 0.1530 0.7659 
        D724  6 0.3668 0.3901 0.2431 
        D725  6 0.4306 0.2212 0.3482 
        D726  6 0.0731 0.0798 0.8470 
        D727  6 0.4688 0.3375 0.1937 
        D728  6 0.1145 0.1764 0.7091 
        D729  6 0.0829 0.8570 0.0600 
        D730  6 0.3742 0.4062 0.2196 
        D731  6 0.6837 0.0393 0.2770 
        D732  6 0.2897 0.2580 0.4523 
        D733  6 0.3176 0.2838 0.3986 
     D237251  7 0.7352 0.0759 0.1890 
     D237252  7 0.4080 0.5105 0.0815 
     D237253  7 0.7176 0.1119 0.1705 
     D237254  7 0.0361 0.9415 0.0223 
     D237255  7 0.8796 0.0360 0.0844 
     D237256  7 0.7969 0.0821 0.1210 
     D237257  7 0.2077 0.7105 0.0818 
     D237282  7 0.2529 0.4212 0.3259 
     D237283  7 0.0454 0.9359 0.0187 
     D237284  7 0.0366 0.9351 0.0283 
     D237285  7 0.3279 0.1472 0.5249 
     D237286  7 0.3315 0.2508 0.4177 
     D237287  7 0.6093 0.2624 0.1283 
     D244006  7 0.0358 0.9350 0.0292 
     D244007  7 0.5829 0.2704 0.1467 
     D244008  7 0.0281 0.9292 0.0428 
     D244009  7 0.0961 0.5697 0.3342 
     D244010  7 0.2416 0.6643 0.0941 
     D244011  7 0.5527 0.1510 0.2964 
     D244012  7 0.5136 0.3853 0.1011 
     D244013  7 0.6856 0.0509 0.2635 
     D244014  7 0.5578 0.3646 0.0776 
     D244015  7 0.1018 0.8546 0.0435 
     D244125  7 0.4566 0.0876 0.4558 
     D244126  7 0.0277 0.9516 0.0206 
     D244130  7 0.2617 0.5194 0.2190 
     D244131  7 0.1747 0.1887 0.6366 
     D244132  7 0.0948 0.1041 0.8011 
        D520  7 0.0810 0.6097 0.3092 
        D521  7 0.2830 0.3141 0.4029 
        D522  7 0.1120 0.6652 0.2228 
        D523  7 0.8364 0.0811 0.0825 
        D524  7 0.5297 0.1550 0.3153 
        D525  7 0.3448 0.6136 0.0416 
        D526  7 0.0226 0.9476 0.0299 
        D527  7 0.3699 0.3155 0.3146 
        D528  7 0.0105 0.9748 0.0148 
        D558  7 0.4072 0.3515 0.2413 
        D559  7 0.4559 0.3742 0.1699 
        D640  7 0.4459 0.1554 0.3987 
        D641  7 0.6360 0.2354 0.1286 
        D642  7 0.2699 0.5874 0.1428 
        D644  7 0.2129 0.3076 0.4795 
        D645  7 0.5527 0.2796 0.1677 
        D662  7 0.0256 0.6038 0.3706 
        D687  7 0.5452 0.2040 0.2508 
        D688  7 0.2628 0.5175 0.2197 
        D689  7 0.3493 0.2494 0.4012 
        D700  7 0.0146 0.9697 0.0157 
        D797  7 0.3764 0.2019 0.4217 
        D798  7 0.0590 0.8549 0.0861 
        D799  7 0.8052 0.1318 0.0630 
        D800  7 0.3333 0.5220 0.1448 
        D132  8 0.0350 0.9374 0.0277 
        D133  8 0.9191 0.0636 0.0173 
        D200  8 0.4044 0.1759 0.4196 
        D500  8 0.0166 0.9538 0.0296 
        D614  8 0.1495 0.1823 0.6682 
        D723  8 0.2150 0.5235 0.2616 
        D888  8 0.9191 0.0360 0.0448 
        D901  8 0.2154 0.6820 0.1025 
        D902  8 0.0994 0.0977 0.8029 
        D903  8 0.1753 0.0871 0.7376 
        D904  8 0.2209 0.2718 0.5073 
        D905  8 0.9202 0.0264 0.0534 
        D906  8 0.7385 0.2065 0.0550 
        D937  8 0.2011 0.0697 0.7292 
        D943  8 0.3049 0.5700 0.1251 
        D972  8 0.1407 0.6700 0.1893 
        D973  8 0.0622 0.2540 0.6838 
        D974  8 0.2333 0.3069 0.4599 
        D975  8 0.2946 0.1228 0.5826 
        D976  8 0.4018 0.3812 0.2170 
        D201  9 0.5991 0.2956 0.1053 
        D202  9 0.6405 0.2394 0.1200 
     D237259  9 0.0758 0.8671 0.0571 
     D237260  9 0.7478 0.2161 0.0362 
     D237262  9 0.0423 0.9268 0.0309 
     D237263  9 0.3708 0.5529 0.0762 
     D237264  9 0.3017 0.4924 0.2059 
     D237265  9 0.8606 0.1050 0.0344 
     D237266  9 0.6287 0.3305 0.0408 
     D237267  9 0.1244 0.5250 0.3506 
     D237268  9 0.0999 0.6261 0.2739 
     D237289  9 0.7069 0.1452 0.1479 
     D237290  9 0.9272 0.0492 0.0236 
     D237291  9 0.8420 0.0897 0.0682 
     D237292  9 0.6151 0.3587 0.0262 
     D237293  9 0.1755 0.4385 0.3860 
     D237294  9 0.3956 0.4880 0.1164 
     D237295  9 0.0688 0.3425 0.5886 
     D237296  9 0.3317 0.3862 0.2821 
     D237297  9 0.3461 0.1680 0.4859 
     D237298  9 0.4519 0.2413 0.3068 
     D237341  9 0.5712 0.2040 0.2247 
     D237342  9 0.1818 0.6915 0.1266 
     D237343  9 0.5381 0.3786 0.0833 
     D237344  9 0.4308 0.2133 0.3558 
     D237345  9 0.0803 0.8886 0.0311 
     D237346  9 0.7164 0.1216 0.1620 
     D237347  9 0.4193 0.0727 0.5080 
     D237348  9 0.2915 0.3627 0.3458 
     D237349  9 0.4015 0.5315 0.0670 
     D244109  9 0.6449 0.3275 0.0277 
     D244110  9 0.8003 0.1463 0.0534 
     D244111  9 0.5343 0.2637 0.2020 
     D244128  9 0.1566 0.7873 0.0561 
     D244137  9 0.1910 0.2889 0.5202 
     D244138  9 0.6157 0.2513 0.1330 
        D580  9 0.0510 0.8294 0.1196 
        D581  9 0.8993 0.0705 0.0302 
        D582  9 0.0364 0.9262 0.0374 
        D583  9 0.8782 0.0986 0.0232 
        D584  9 0.1626 0.4489 0.3885 
        D585  9 0.2719 0.6924 0.0357 
        D586  9 0.9083 0.0451 0.0466 
        D651  9 0.2254 0.1714 0.6032 
        D652  9 0.1438 0.7545 0.1016 
        D653  9 0.5941 0.2036 0.2023 
        D654  9 0.5506 0.3227 0.1267 
        D655  9 0.4804 0.1595 0.3601 
        D656  9 0.0414 0.9071 0.0515 
        D657  9 0.4035 0.4116 0.1849 
        D667  9 0.4084 0.1609 0.4306 
        D668  9 0.3600 0.5377 0.1023 
        D669  9 0.8039 0.1350 0.0611 
        D670  9 0.1282 0.4788 0.3930 
        D671  9 0.8204 0.1318 0.0479 
        D672  9 0.1186 0.8225 0.0589 
        D673  9 0.2738 0.3893 0.3369 
        D692  9 0.1873 0.7759 0.0368 
        D693  9 0.2023 0.4043 0.3934 
        D694  9 0.1302 0.8059 0.0638 
        D695  9 0.1257 0.6005 0.2738 
        D696  9 0.0572 0.0231 0.9197 
        D697  9 0.3224 0.1722 0.5054 
        D698  9 0.6405 0.1184 0.2412 
        D699  9 0.3595 0.2497 0.3908 
        D787  9 0.2364 0.6393 0.1243 
        D788  9 0.0882 0.3722 0.5396 
        D789  9 0.3323 0.4369 0.2307 
        D790  9 0.3083 0.5311 0.1606 
        D791  9 0.8373 0.0874 0.0754 
        D792  9 0.3797 0.4390 0.1813 
        D793  9 0.1901 0.1116 0.6983 
        D794  9 0.2259 0.1514 0.6228 
        D795  9 0.1723 0.7409 0.0867 
        D796  9 0.7314 0.1859 0.0827 
        D142 10 0.2085 0.0840 0.7074 
        D143 10 0.8881 0.0395 0.0723 
        D144 10 0.1848 0.2912 0.5240 
        D145 10 0.8932 0.0597 0.0470 
        D146 10 0.0801 0.7857 0.1342 
        D147 10 0.2555 0.5584 0.1861 
        D148 10 0.0853 0.6547 0.2600 
        D149 10 0.8319 0.1239 0.0442 
        D151 10 0.1452 0.6705 0.1843 
        D152 10 0.9563 0.0283 0.0154 
        D153 10 0.0409 0.0856 0.8735 
        D156 10 0.3931 0.1285 0.4784 
        D157 10 0.1758 0.2167 0.6075 
        D158 10 0.5501 0.2721 0.1778 
        D159 10 0.9445 0.0259 0.0296 
        D160 10 0.8648 0.0551 0.0801 
        D161 10 0.2696 0.3028 0.4276 
        D162 10 0.4220 0.0702 0.5079 
        D169 10 0.0755 0.8852 0.0393 
        D170 10 0.0753 0.8521 0.0726 
        D171 10 0.2044 0.2682 0.5274 
        D172 10 0.4579 0.2545 0.2876 
        D173 10 0.9342 0.0432 0.0226 
        D181 10 0.4045 0.1349 0.4606 
        D182 10 0.4957 0.4414 0.0629 
        D183 10 0.0692 0.0878 0.8430 
        D184 10 0.0188 0.9550 0.0262 
        D185 10 0.2066 0.4262 0.3672 
        D186 10 0.0566 0.9215 0.0219 
        D194 10 0.0919 0.6343 0.2738 
        D195 10 0.6289 0.1282 0.2429 
        D196 10 0.5109 0.0285 0.4606 
        D197 10 0.1888 0.7672 0.0440 
        D198 10 0.0436 0.4215 0.5349 
     D237226 10 0.6886 0.2695 0.0418 
     D237232 10 0.5678 0.1699 0.2623 
     D237233 10 0.8027 0.0910 0.1063 
     D237234 10 0.3916 0.1321 0.4763 
     D237354 10 0.9532 0.0215 0.0253 
     D237355 10 0.8274 0.1049 0.0676 
     D237356 10 0.0341 0.1829 0.7830 
     D237357 10 0.5092 0.4202 0.0705 
     D237358 10 0.1025 0.7267 0.1708 
     D237369 10 0.0643 0.9090 0.0268 
     D237370 10 0.2878 0.0911 0.6211 
     D237371 10 0.1352 0.5442 0.3206 
     D237372 10 0.3157 0.6401 0.0443 
     D237373 10 0.6387 0.1055 0.2558 
     D237374 10 0.8962 0.0298 0.0740 
     D237375 10 0.4912 0.3088 0.2000 
     D237400 10 0.9630 0.0217 0.0152 
     D244002 10 0.0632 0.8785 0.0582 
     D244003 10 0.8390 0.0706 0.0903 
     D244004 10 0.1185 0.1174 0.7641 
     D244005 10 0.6114 0.3385 0.0500 
     D244020 10 0.2175 0.2164 0.5661 
     D244021 10 0.3563 0.5486 0.0951 
     D244116 10 0.1964 0.6185 0.1851 
     D244117 10 0.6448 0.0819 0.2733 
     D244121 10 0.3796 0.1512 0.4692 
     D244123 10 0.5347 0.1015 0.3638 
     D244124 10 0.5572 0.3480 0.0948 
        D332 10 0.1276 0.1439 0.7285 
        D570 10 0.1114 0.0627 0.8260 
        D602 10 0.2073 0.2333 0.5595 
        D603 10 0.4532 0.1803 0.3665 
        D604 10 0.5958 0.1267 0.2774 
        D605 10 0.2950 0.2015 0.5034 
        D606 10 0.0648 0.6744 0.2608 
        D607 10 0.1376 0.3193 0.5432 
        D608 10 0.9537 0.0206 0.0257 
        D609 10 0.0562 0.0852 0.8585 
        D610 10 0.2331 0.3187 0.4483 
        D611 10 0.0427 0.0193 0.9380 
        D613 10 0.2615 0.1068 0.6317 
        D633 10 0.4341 0.2459 0.3200 
        D634 10 0.2730 0.2942 0.4328 
        D638 10 0.9479 0.0235 0.0286 
        D681 10 0.2736 0.3072 0.4192 
        D754 10 0.2075 0.5432 0.2493 
        D755 10 0.8298 0.0469 0.1233 
        D756 10 0.3372 0.2690 0.3939 
        D757 10 0.4948 0.2829 0.2223 
        D758 10 0.2917 0.3490 0.3593 
        D759 10 0.7579 0.0838 0.1584 
        D760 10 0.5221 0.1443 0.3336 
        D761 10 0.9555 0.0229 0.0216 
        D762 10 0.1579 0.2499 0.5923 
        D775 10 0.5554 0.1221 0.3225 
        D776 10 0.8834 0.0657 0.0510 
        D777 10 0.4939 0.2876 0.2185 
        D778 10 0.6900 0.2801 0.0299 
        D779 10 0.3880 0.3830 0.2290 
        D780 10 0.7837 0.0711 0.1452 
        D781 10 0.3316 0.1689 0.4995 
        D858 10 0.0682 0.9180 0.0138 
        D933 10 0.3190 0.2751 0.4059 
        D038 11 0.7151 0.1836 0.1014 
        D063 11 0.6730 0.0587 0.2683 
        D155 11 0.5430 0.1732 0.2838 
        D175 11 0.1683 0.4416 0.3901 
        D176 11 0.8093 0.1117 0.0790 
        D205 11 0.0422 0.2052 0.7527 
     D237229 11 0.4856 0.4536 0.0607 
     D237230 11 0.1784 0.7190 0.1027 
     D237231 11 0.1899 0.0949 0.7152 
     D237269 11 0.6322 0.1520 0.2158 
     D237270 11 0.1301 0.7463 0.1236 
     D237271 11 0.1893 0.1216 0.6891 
     D237272 11 0.1269 0.6868 0.1863 
     D237273 11 0.3570 0.0638 0.5791 
     D237301 11 0.1441 0.1073 0.7486 
     D237302 11 0.2952 0.5499 0.1549 
     D237303 11 0.1734 0.7819 0.0446 
     D237304 11 0.2521 0.2529 0.4949 
     D237305 11 0.1517 0.7344 0.1140 
     D237314 11 0.4907 0.2210 0.2883 
     D237315 11 0.1713 0.7006 0.1281 
     D237316 11 0.0520 0.1036 0.8443 
     D237328 11 0.0453 0.4012 0.5535 
     D237329 11 0.4187 0.4285 0.1528 
     D237330 11 0.4112 0.0560 0.5328 
     D237331 11 0.5540 0.2019 0.2441 
     D237332 11 0.0901 0.2494 0.6605 
     D237333 11 0.8197 0.0479 0.1325 
     D237334 11 0.1233 0.1817 0.6950 
     D237335 11 0.0901 0.2339 0.6760 
     D237336 11 0.7071 0.1745 0.1184 
     D237350 11 0.2157 0.0857 0.6986 
     D237383 11 0.5007 0.3633 0.1360 
     D237384 11 0.1689 0.4701 0.3610 
     D237385 11 0.3891 0.2556 0.3553 
     D237386 11 0.2046 0.1038 0.6916 
     D237387 11 0.0757 0.3651 0.5593 
     D237388 11 0.1435 0.1067 0.7498 
        D239 11 0.4382 0.1144 0.4475 
        D240 11 0.8746 0.1027 0.0227 
        D241 11 0.1182 0.8251 0.0567 
        D242 11 0.4270 0.2157 0.3573 
        D243 11 0.2495 0.1772 0.5733 
        D244 11 0.0641 0.0950 0.8409 
        D245 11 0.3025 0.6488 0.0487 
        D246 11 0.1041 0.1568 0.7391 
        D247 11 0.4997 0.3703 0.1300 
        D248 11 0.2027 0.0949 0.7024 
        D249 11 0.1180 0.5438 0.3382 
        D250 11 0.1988 0.0673 0.7339 
        D251 11 0.1270 0.1558 0.7172 
        D252 11 0.0715 0.2947 0.6338 
        D253 11 0.4838 0.2262 0.2900 
        D254 11 0.1434 0.8177 0.0389 
        D255 11 0.0741 0.0997 0.8262 
        D256 11 0.3908 0.2442 0.3650 
        D257 11 0.0851 0.8635 0.0513 
        D258 11 0.0324 0.8895 0.0781 
        D259 11 0.1141 0.8473 0.0386 
        D260 11 0.3625 0.3307 0.3069 
        D261 11 0.2706 0.1133 0.6161 
        D262 11 0.4725 0.4775 0.0501 
        D263 11 0.0652 0.1835 0.7513 
        D264 11 0.1281 0.6190 0.2529 
        D265 11 0.4063 0.4380 0.1556 
        D266 11 0.3543 0.1002 0.5454 
        D267 11 0.1053 0.1796 0.7151 
        D268 11 0.1012 0.0427 0.8562 
        D269 11 0.0240 0.1070 0.8691 
        D270 11 0.1646 0.4035 0.4319 
        D271 11 0.3425 0.3760 0.2815 
        D272 11 0.5834 0.1351 0.2815 
        D273 11 0.0254 0.9398 0.0348 
        D274 11 0.1460 0.2942 0.5598 
        D275 11 0.1287 0.1411 0.7302 
        D276 11 0.0316 0.0458 0.9226 
        D277 11 0.1065 0.1825 0.7111 
        D278 11 0.3717 0.2021 0.4262 
        D282 11 0.0280 0.9033 0.0688 
        D296 11 0.2828 0.1020 0.6152 
        D297 11 0.0396 0.1190 0.8414 
        D298 11 0.3387 0.1239 0.5374 
        D299 11 0.1721 0.0620 0.7659 
        D300 11 0.8187 0.0994 0.0820 
        D382 11 0.0235 0.0932 0.8833 
        D383 11 0.0854 0.3178 0.5968 
        D387 11 0.5906 0.1430 0.2664 
        D388 11 0.1723 0.2079 0.6198 
        D389 11 0.2168 0.0426 0.7406 
        D390 11 0.1827 0.1065 0.7108 
        D396 11 0.7129 0.0886 0.1985 
        D397 11 0.0756 0.7932 0.1312 
        D398 11 0.2627 0.4202 0.3170 
        D399 11 0.3654 0.3839 0.2508 
        D437 11 0.4357 0.5186 0.0456 
        D441 11 0.2411 0.0550 0.7039 
        D442 11 0.6219 0.1614 0.2168 
        D443 11 0.6288 0.0613 0.3100 
        D444 11 0.2094 0.1614 0.6292 
        D445 11 0.0472 0.4523 0.5004 
        D446 11 0.2337 0.6771 0.0892 
        D451 11 0.1078 0.3462 0.5460 
        D452 11 0.6386 0.1573 0.2041 
        D453 11 0.0958 0.1405 0.7637 
        D454 11 0.3256 0.6075 0.0669 
        D457 11 0.2481 0.3736 0.3783 
        D458 11 0.1043 0.1188 0.7769 
        D466 11 0.8768 0.0851 0.0381 
        D467 11 0.2868 0.1196 0.5935 
        D475 11 0.0442 0.9213 0.0345 
        D488 11 0.4469 0.2483 0.3048 
        D489 11 0.2449 0.5809 0.1743 
        D493 11 0.0736 0.6851 0.2414 
        D494 11 0.2022 0.1710 0.6267 
        D495 11 0.6075 0.3599 0.0326 
        D496 11 0.9111 0.0222 0.0667 
        D674 11 0.8704 0.0791 0.0504 
        D675 11 0.8885 0.0358 0.0756 
        D676 11 0.0854 0.2618 0.6528 
        D680 11 0.6274 0.2171 0.1555 
        D701 11 0.6270 0.2734 0.0996 
        D702 11 0.1366 0.7708 0.0927 
        D703 11 0.4842 0.2463 0.2695 
        D704 11 0.2931 0.2440 0.4629 
        D705 11 0.0332 0.9160 0.0508 
        D706 11 0.7188 0.2232 0.0579 
        D707 11 0.0803 0.4681 0.4516 
        D751 11 0.0742 0.2568 0.6691 
        D752 11 0.6445 0.1257 0.2298 
        D753 11 0.1677 0.5289 0.3034 
        D773 11 0.0224 0.9596 0.0180 
        D774 11 0.5344 0.1659 0.2997 
        D801 11 0.3327 0.1530 0.5143 
        D802 11 0.0939 0.6858 0.2204 
        D803 11 0.4996 0.0986 0.4019 
        D804 11 0.4379 0.3785 0.1836 
        D805 11 0.2294 0.4378 0.3328 
        D806 11 0.0486 0.9044 0.0471 
        D809 11 0.1939 0.1247 0.6815 
        D810 11 0.1797 0.0680 0.7523 
        D812 11 0.1045 0.4369 0.4586 
        D813 11 0.7157 0.1461 0.1383 
        D823 11 0.2054 0.1062 0.6884 
        D824 11 0.4621 0.1108 0.4271 
        D829 11 0.3588 0.1410 0.5002 
        D830 11 0.0424 0.7363 0.2212 
        D831 11 0.7322 0.2037 0.0641 
        D832 11 0.5179 0.3537 0.1284 
        D833 11 0.0856 0.0499 0.8645 
        D834 11 0.0618 0.0746 0.8636 
        D835 11 0.0897 0.6713 0.2390 
        D855 11 0.1243 0.2014 0.6743 
        D863 11 0.9520 0.0232 0.0249 
        D864 11 0.2098 0.2157 0.5745 
        D878 11 0.1639 0.0704 0.7657 
        D879 11 0.0605 0.8336 0.1059 
        D880 11 0.5883 0.0367 0.3749 
        D881 11 0.2195 0.1182 0.6623 
        D882 11 0.7673 0.1167 0.1159 
        D909 11 0.2628 0.1536 0.5836 
        D921 11 0.1763 0.0877 0.7360 
        D924 11 0.8099 0.0456 0.1445 
        D935 11 0.0581 0.1522 0.7896 
        D940 11 0.9240 0.0370 0.0390 
        D941 11 0.3531 0.1730 0.4739 
        D942 11 0.0234 0.8922 0.0844 
        D980 11 0.2549 0.3401 0.4050 
        D981 11 0.0993 0.6473 0.2534 
        D982 11 0.8422 0.0432 0.1146 
        D983 11 0.0275 0.0447 0.9279 
        D984 11 0.2916 0.1127 0.5957 
        D992 11 0.1394 0.7497 0.1109 
        D993 11 0.0497 0.1516 0.7987 
        D994 11 0.4467 0.1777 0.3756 
        D995 11 0.0302 0.7155 0.2543 
        H354 11 0.0623 0.7584 0.1793 
        D005 12 0.3735 0.5462 0.0803 
        D035 12 0.4857 0.3284 0.1859 
        D067 12 0.2634 0.1778 0.5588 
        D134 12 0.6853 0.1693 0.1454 
        D135 12 0.3154 0.4691 0.2154 
        D136 12 0.0623 0.4759 0.4618 
        D137 12 0.5853 0.2636 0.1512 
        D138 12 0.4347 0.2582 0.3071 
        D139 12 0.4668 0.1088 0.4243 
        D140 12 0.2493 0.4717 0.2790 
        D141 12 0.0175 0.9631 0.0194 
        D150 12 0.1086 0.7811 0.1103 
        D177 12 0.8032 0.1320 0.0649 
        D178 12 0.0989 0.1394 0.7617 
        D179 12 0.2348 0.4590 0.3063 
        D180 12 0.1814 0.5325 0.2861 
        D187 12 0.6540 0.2100 0.1360 
        D188 12 0.0213 0.9623 0.0163 
        D191 12 0.1250 0.8379 0.0370 
        D418 12 0.1022 0.8669 0.0309 
        D601 12 0.0756 0.8277 0.0966 
        D836 12 0.0845 0.8729 0.0425 
        D837 12 0.3767 0.2198 0.4036 
        D838 12 0.6469 0.0534 0.2997 
        D839 12 0.8154 0.1340 0.0506 
        D840 12 0.5614 0.1308 0.3078 
        D841 12 0.2766 0.5073 0.2161 
        D842 12 0.0279 0.9557 0.0165 
        D843 12 0.2423 0.1317 0.6260 
        D844 12 0.4677 0.4968 0.0355 
        D912 12 0.1777 0.0666 0.7556 
        D913 12 0.9562 0.0182 0.0255 
