        D174  1 0.1064 0.6466 0.1386 0.0679 0.0405 
        D199  1 0.0509 0.2300 0.0808 0.3811 0.2572 
        D203  1 0.1974 0.0798 0.2004 0.2549 0.2675 
        D204  1 0.0343 0.0256 0.0229 0.8918 0.0254 
     D237366  1 0.2476 0.1075 0.4271 0.1070 0.1108 
     D237367  1 0.2368 0.0581 0.3267 0.3058 0.0726 
     D237368  1 0.0587 0.0754 0.5825 0.1984 0.0850 
     D244101  1 0.0681 0.0365 0.0395 0.6423 0.2135 
     D244102  1 0.3131 0.2152 0.1860 0.1783 0.1073 
     D244103  1 0.4767 0.0957 0.2085 0.1446 0.0744 
     D244104  1 0.0272 0.1334 0.0670 0.7044 0.0680 
     D244105  1 0.3356 0.0292 0.4679 0.1281 0.0392 
     D244106  1 0.1274 0.5566 0.0465 0.0656 0.2039 
     D244107  1 0.0579 0.0219 0.7259 0.1176 0.0767 
     D244108  1 0.0683 0.4830 0.2003 0.1806 0.0678 
     D244113  1 0.1090 0.8124 0.0284 0.0245 0.0256 
     D244114  1 0.4438 0.1772 0.0636 0.1339 0.1815 
     D244115  1 0.1102 0.4717 0.2188 0.1630 0.0363 
     D267365  1 0.0552 0.2982 0.0946 0.4786 0.0734 
        D404  1 0.1552 0.7237 0.0372 0.0363 0.0476 
        D405  1 0.1922 0.3964 0.1250 0.1637 0.1227 
        D406  1 0.0314 0.0353 0.8260 0.0890 0.0184 
        D407  1 0.0603 0.0516 0.3854 0.3719 0.1308 
        D408  1 0.0599 0.7739 0.0333 0.0490 0.0840 
        D409  1 0.6199 0.0736 0.1531 0.1084 0.0450 
        D410  1 0.0378 0.0418 0.8194 0.0867 0.0142 
        D421  1 0.0189 0.0561 0.0856 0.7685 0.0711 
        D422  1 0.0286 0.0181 0.8917 0.0259 0.0358 
        D423  1 0.0275 0.0210 0.8703 0.0546 0.0266 
        D424  1 0.1216 0.0523 0.1401 0.6630 0.0231 
        D425  1 0.1063 0.3602 0.0838 0.4027 0.0470 
        D426  1 0.4300 0.0422 0.1675 0.0603 0.3000 
        D427  1 0.0311 0.1769 0.0416 0.1522 0.5983 
        D428  1 0.0796 0.2766 0.1905 0.3970 0.0563 
        D429  1 0.1112 0.3489 0.0869 0.3830 0.0700 
        D430  1 0.4249 0.2160 0.0678 0.0993 0.1920 
        D491  1 0.0443 0.8097 0.0297 0.0928 0.0235 
        D492  1 0.1217 0.2772 0.2273 0.2957 0.0781 
        D537  1 0.0546 0.0750 0.1863 0.6623 0.0218 
        D538  1 0.3989 0.1462 0.2667 0.0963 0.0918 
        D539  1 0.1848 0.3421 0.1584 0.0938 0.2210 
        D540  1 0.2739 0.1727 0.1751 0.3086 0.0697 
        D541  1 0.0220 0.0216 0.0487 0.8742 0.0335 
        D551  1 0.1401 0.0602 0.0855 0.0863 0.6279 
        D552  1 0.0686 0.2014 0.2972 0.3758 0.0570 
        D553  1 0.0292 0.0293 0.0243 0.8957 0.0215 
        D615  1 0.1596 0.1059 0.1841 0.4113 0.1392 
        D616  1 0.1042 0.0911 0.3927 0.2529 0.1591 
        D621  1 0.0417 0.1111 0.7676 0.0422 0.0374 
        D622  1 0.0516 0.0528 0.8209 0.0403 0.0345 
        D623  1 0.1075 0.5597 0.0533 0.0741 0.2054 
        D624  1 0.0384 0.8211 0.0702 0.0431 0.0272 
        D625  1 0.0785 0.0867 0.0822 0.7344 0.0182 
        D626  1 0.1593 0.4690 0.2096 0.0997 0.0624 
        D627  1 0.6546 0.0426 0.0938 0.0987 0.1103 
        D690  1 0.0299 0.0757 0.0578 0.8198 0.0169 
        D691  1 0.0505 0.0400 0.7901 0.0819 0.0375 
        D710  1 0.1007 0.2110 0.1319 0.4950 0.0614 
        D711  1 0.0579 0.0425 0.0754 0.7937 0.0305 
        D712  1 0.0802 0.7575 0.0474 0.0612 0.0537 
        D713  1 0.1199 0.4923 0.1331 0.2219 0.0328 
        D746  1 0.0222 0.0296 0.8745 0.0498 0.0240 
        D747  1 0.0186 0.0317 0.0258 0.8987 0.0252 
        D748  1 0.1489 0.0750 0.3288 0.4165 0.0309 
        D749  1 0.1092 0.1640 0.5983 0.0419 0.0866 
        D750  1 0.0344 0.6069 0.1124 0.2146 0.0316 
        D763  1 0.2034 0.0522 0.1243 0.3252 0.2950 
        D764  1 0.0395 0.2483 0.1808 0.5035 0.0278 
        D765  1 0.0986 0.1654 0.6557 0.0472 0.0331 
        D766  1 0.0619 0.0706 0.5716 0.2667 0.0292 
        D767  1 0.3248 0.0878 0.2178 0.2672 0.1024 
        D768  1 0.0345 0.0198 0.0391 0.8806 0.0259 
        D811  1 0.2207 0.6418 0.0658 0.0359 0.0358 
        D816  1 0.0193 0.0710 0.0444 0.8416 0.0237 
        D825  1 0.1379 0.4995 0.1690 0.1659 0.0277 
        D866  1 0.0892 0.2797 0.0720 0.0806 0.4785 
        D867  1 0.0496 0.0458 0.8201 0.0401 0.0443 
        D871  1 0.7658 0.0393 0.0869 0.0719 0.0362 
        D872  1 0.1288 0.0757 0.2567 0.4952 0.0436 
        D873  1 0.0291 0.0230 0.9195 0.0121 0.0163 
        D874  1 0.1399 0.3108 0.0232 0.4599 0.0662 
        D875  1 0.7444 0.0260 0.1654 0.0453 0.0189 
        D876  1 0.0523 0.0907 0.0602 0.7655 0.0313 
        D877  1 0.2214 0.6494 0.0260 0.0693 0.0340 
        D892  1 0.1953 0.2311 0.1851 0.3633 0.0252 
        D893  1 0.1120 0.0321 0.0914 0.7014 0.0631 
        D894  1 0.1421 0.1338 0.0638 0.5925 0.0678 
        D915  1 0.0862 0.0791 0.2440 0.5548 0.0359 
        D916  1 0.0205 0.0319 0.0319 0.8919 0.0238 
        D917  1 0.0995 0.4371 0.0528 0.2968 0.1139 
        D925  1 0.0264 0.1001 0.6898 0.1554 0.0283 
        D926  1 0.1253 0.1792 0.1056 0.5569 0.0331 
        D927  1 0.0985 0.0690 0.0494 0.4546 0.3284 
        D928  1 0.0215 0.8240 0.0282 0.1071 0.0192 
        D929  1 0.5471 0.2024 0.0947 0.1203 0.0355 
        D936  1 0.0700 0.0567 0.0401 0.7383 0.0949 
        D938  1 0.0250 0.0316 0.8827 0.0419 0.0189 
        D956  1 0.1411 0.7126 0.0521 0.0328 0.0614 
        D957  1 0.0884 0.0708 0.4241 0.3831 0.0336 
        D958  1 0.0563 0.1416 0.2999 0.4790 0.0231 
        D959  1 0.0557 0.0436 0.4357 0.3659 0.0991 
        D960  1 0.0316 0.0317 0.8819 0.0349 0.0199 
        D989  1 0.0540 0.6376 0.0339 0.0826 0.1919 
        D990  1 0.0490 0.0441 0.8214 0.0220 0.0635 
        D023  2 0.0284 0.0230 0.7356 0.1869 0.0261 
        D130  2 0.0617 0.0210 0.8059 0.0835 0.0279 
        D131  2 0.3308 0.0493 0.0733 0.4579 0.0886 
        D163  2 0.0381 0.0470 0.8062 0.0808 0.0278 
        D164  2 0.0174 0.0130 0.5335 0.0173 0.4188 
        D165  2 0.0307 0.0262 0.7949 0.1067 0.0416 
        D166  2 0.7311 0.0477 0.0804 0.0803 0.0606 
        D167  2 0.0402 0.0391 0.0255 0.0180 0.8772 
        D192  2 0.0196 0.0210 0.0223 0.0166 0.9205 
        D193  2 0.2588 0.5515 0.0764 0.0421 0.0713 
        D206  2 0.1456 0.0688 0.2617 0.2479 0.2760 
        D207  2 0.1571 0.0458 0.0340 0.0541 0.7090 
        D208  2 0.0986 0.4244 0.0536 0.0938 0.3295 
        D209  2 0.1365 0.0537 0.1418 0.1412 0.5269 
        D210  2 0.0566 0.4228 0.0695 0.1085 0.3426 
     D229599  2 0.2179 0.1248 0.1360 0.3849 0.1365 
     D229600  2 0.0544 0.0286 0.5805 0.0445 0.2920 
     D237227  2 0.0533 0.5306 0.2503 0.0607 0.1052 
     D237228  2 0.0797 0.3600 0.4676 0.0175 0.0752 
     D237258  2 0.0961 0.1890 0.2587 0.1187 0.3375 
     D237310  2 0.2450 0.1146 0.5548 0.0223 0.0633 
     D237311  2 0.0640 0.0551 0.6960 0.0215 0.1634 
     D237312  2 0.4692 0.1603 0.2820 0.0535 0.0351 
     D237313  2 0.1233 0.1937 0.1800 0.4458 0.0573 
     D237322  2 0.4856 0.1203 0.0905 0.0454 0.2582 
     D237323  2 0.0785 0.1824 0.6635 0.0229 0.0527 
     D237324  2 0.1007 0.0235 0.4873 0.0764 0.3121 
     D237325  2 0.1428 0.1665 0.5301 0.0800 0.0806 
     D237326  2 0.0311 0.0766 0.7571 0.0936 0.0416 
     D237327  2 0.2335 0.0727 0.0798 0.1525 0.4614 
     D237337  2 0.0987 0.0774 0.7558 0.0448 0.0232 
     D237338  2 0.1790 0.1727 0.3980 0.0939 0.1564 
     D237339  2 0.1528 0.0468 0.0363 0.4066 0.3576 
     D237340  2 0.1090 0.3023 0.3113 0.0319 0.2456 
     D237389  2 0.1553 0.0593 0.6773 0.0305 0.0776 
     D237390  2 0.2963 0.2442 0.3060 0.1004 0.0531 
     D244017  2 0.1345 0.4068 0.0615 0.0526 0.3446 
     D244112  2 0.0902 0.0308 0.0474 0.0191 0.8125 
     D244118  2 0.0368 0.0281 0.4033 0.0208 0.5111 
     D244119  2 0.0276 0.5087 0.0328 0.0365 0.3943 
     D244120  2 0.1887 0.1781 0.0457 0.0213 0.5662 
     D244122  2 0.0807 0.0831 0.0748 0.0473 0.7142 
        D291  2 0.2999 0.0533 0.0898 0.1061 0.4510 
        D292  2 0.0737 0.1277 0.0644 0.3311 0.4032 
        D293  2 0.0341 0.0169 0.0174 0.3178 0.6138 
        D322  2 0.0556 0.0253 0.0587 0.4147 0.4456 
        D323  2 0.2813 0.1874 0.0932 0.2308 0.2073 
        D324  2 0.1112 0.1145 0.1655 0.3732 0.2355 
        D325  2 0.0260 0.0164 0.0234 0.0473 0.8869 
        D326  2 0.0357 0.0400 0.0171 0.8807 0.0265 
        D340  2 0.0187 0.0188 0.0340 0.0195 0.9090 
        D341  2 0.0759 0.0393 0.0381 0.0467 0.8000 
        D342  2 0.1395 0.0339 0.1421 0.0383 0.6462 
        D343  2 0.0147 0.0099 0.0143 0.0208 0.9403 
        D344  2 0.3234 0.0660 0.0783 0.4590 0.0733 
        D345  2 0.0819 0.0758 0.2129 0.5735 0.0559 
        D346  2 0.0808 0.6470 0.0512 0.0671 0.1539 
        D351  2 0.2839 0.0323 0.0828 0.4748 0.1262 
        D352  2 0.4807 0.1605 0.0684 0.1338 0.1566 
        D353  2 0.3514 0.0375 0.0250 0.5205 0.0655 
        D354  2 0.1713 0.2336 0.1124 0.4429 0.0399 
        D362  2 0.0489 0.1013 0.0947 0.7223 0.0328 
        D363  2 0.0309 0.1191 0.0570 0.7579 0.0351 
        D364  2 0.1318 0.1184 0.0814 0.6261 0.0423 
        D365  2 0.0180 0.0204 0.0184 0.0346 0.9087 
        D369  2 0.0620 0.2165 0.1514 0.2981 0.2721 
        D374  2 0.0868 0.8490 0.0200 0.0212 0.0230 
        D375  2 0.5646 0.1235 0.0633 0.2146 0.0340 
        D376  2 0.0850 0.8107 0.0368 0.0233 0.0442 
        D377  2 0.2939 0.3364 0.1932 0.0743 0.1023 
        D378  2 0.0671 0.0297 0.0549 0.6417 0.2067 
        D379  2 0.0622 0.0619 0.0434 0.8028 0.0298 
        D384  2 0.0242 0.0396 0.0232 0.8884 0.0245 
        D385  2 0.0341 0.0482 0.0289 0.0267 0.8622 
        D386  2 0.1632 0.0312 0.0694 0.6517 0.0843 
        D391  2 0.0349 0.0232 0.0265 0.0643 0.8512 
        D392  2 0.0463 0.0751 0.0768 0.1108 0.6910 
        D393  2 0.0692 0.0280 0.0575 0.7144 0.1309 
        D394  2 0.2201 0.0744 0.3891 0.2113 0.1051 
        D395  2 0.2938 0.0574 0.0457 0.0701 0.5330 
        D401  2 0.0439 0.0852 0.8068 0.0201 0.0440 
        D402  2 0.0368 0.0218 0.0211 0.0342 0.8860 
        D403  2 0.2204 0.0443 0.1246 0.5548 0.0560 
        D415  2 0.1131 0.0250 0.0925 0.7446 0.0248 
        D435  2 0.0493 0.0234 0.1217 0.5495 0.2561 
        D436  2 0.3041 0.2119 0.0783 0.3422 0.0635 
        D438  2 0.0219 0.0290 0.0266 0.0173 0.9052 
        D439  2 0.3065 0.0351 0.0919 0.4160 0.1504 
        D449  2 0.0820 0.0399 0.0694 0.0996 0.7091 
        D450  2 0.3695 0.2986 0.0859 0.2059 0.0400 
        D456  2 0.0422 0.0229 0.0231 0.8944 0.0174 
        D462  2 0.0360 0.0159 0.0188 0.1048 0.8245 
        D463  2 0.0350 0.0370 0.0206 0.8898 0.0176 
        D464  2 0.4504 0.1003 0.0348 0.2986 0.1159 
        D465  2 0.0961 0.0490 0.2179 0.2072 0.4298 
        D473  2 0.0868 0.6372 0.1550 0.0502 0.0709 
        D474  2 0.0413 0.0730 0.1311 0.5894 0.1652 
        D476  2 0.1102 0.0205 0.5367 0.1395 0.1932 
        D477  2 0.0752 0.1006 0.0495 0.7303 0.0444 
        D478  2 0.3583 0.2771 0.1539 0.1239 0.0869 
        D480  2 0.0876 0.1012 0.0314 0.6200 0.1597 
        D481  2 0.0925 0.1259 0.1349 0.5525 0.0941 
        D482  2 0.2809 0.2865 0.1224 0.0734 0.2369 
        D483  2 0.0212 0.0573 0.0363 0.0216 0.8637 
        D484  2 0.4708 0.1866 0.0497 0.0860 0.2068 
        D510  2 0.0344 0.8579 0.0286 0.0291 0.0500 
        D511  2 0.0976 0.0320 0.0614 0.6714 0.1375 
        D512  2 0.2421 0.0313 0.5695 0.0364 0.1207 
        D513  2 0.0880 0.0811 0.0950 0.1074 0.6285 
        D635  2 0.0598 0.0387 0.2863 0.5722 0.0430 
        D636  2 0.0223 0.0228 0.8948 0.0394 0.0206 
        D637  2 0.2602 0.1953 0.0771 0.1016 0.3658 
        D658  2 0.0908 0.1574 0.0747 0.0460 0.6310 
        D659  2 0.0421 0.0485 0.1001 0.7444 0.0649 
        D677  2 0.2108 0.0554 0.2153 0.3960 0.1225 
        D678  2 0.1221 0.0446 0.0909 0.0364 0.7060 
        D679  2 0.0829 0.0940 0.0604 0.6372 0.1255 
        D719  2 0.0310 0.4066 0.0272 0.3391 0.1961 
        D720  2 0.0434 0.0965 0.0561 0.7528 0.0511 
        D721  2 0.0525 0.0403 0.6754 0.1198 0.1119 
        D722  2 0.0784 0.7644 0.0587 0.0310 0.0674 
        D734  2 0.1049 0.4288 0.0267 0.1685 0.2711 
        D735  2 0.1648 0.0991 0.0906 0.5436 0.1018 
        D736  2 0.0566 0.4643 0.0991 0.1719 0.2081 
        D737  2 0.0751 0.0727 0.1263 0.0770 0.6488 
        D807  2 0.0941 0.3725 0.0744 0.3136 0.1455 
        D808  2 0.3637 0.0469 0.2210 0.1866 0.1818 
        D817  2 0.1320 0.2137 0.0768 0.5394 0.0382 
        D818  2 0.3413 0.0393 0.0811 0.1191 0.4192 
        D819  2 0.2291 0.1284 0.2159 0.3616 0.0650 
        D820  2 0.0308 0.0251 0.0205 0.8954 0.0283 
        D895  2 0.0650 0.0562 0.2388 0.5786 0.0614 
        D896  2 0.0412 0.0774 0.8339 0.0238 0.0237 
        D897  2 0.1466 0.0410 0.0429 0.0553 0.7141 
        D898  2 0.5130 0.1889 0.0953 0.1283 0.0745 
        D918  2 0.3637 0.1114 0.2677 0.0782 0.1789 
        D919  2 0.2425 0.0279 0.0480 0.4717 0.2098 
        D920  2 0.0730 0.0549 0.8058 0.0280 0.0383 
        D923  2 0.0486 0.0311 0.0304 0.8589 0.0310 
        D930  2 0.2477 0.2117 0.0681 0.4121 0.0604 
        D931  2 0.0969 0.0872 0.0660 0.5590 0.1909 
        D968  2 0.0272 0.0175 0.0170 0.0291 0.9092 
        D969  2 0.0884 0.0830 0.0496 0.4140 0.3651 
        D977  2 0.0847 0.0328 0.0489 0.0466 0.7870 
        D978  2 0.5457 0.0445 0.0323 0.0688 0.3087 
        D211  3 0.4968 0.0460 0.2573 0.1424 0.0576 
     D229639  3 0.0530 0.1936 0.0618 0.0725 0.6191 
     D237212  3 0.2493 0.0684 0.1200 0.2656 0.2968 
     D237213  3 0.4171 0.0516 0.2299 0.2378 0.0635 
     D237214  3 0.2418 0.0726 0.6001 0.0603 0.0252 
     D237215  3 0.0433 0.1556 0.0263 0.0207 0.7540 
     D237216  3 0.6064 0.0507 0.1770 0.0994 0.0665 
     D237217  3 0.3101 0.0239 0.3712 0.2232 0.0717 
     D237218  3 0.2567 0.0662 0.0937 0.2908 0.2925 
     D237219  3 0.1675 0.1845 0.4908 0.0584 0.0988 
     D237382  3 0.4932 0.1639 0.0960 0.1864 0.0605 
     D244127  3 0.1405 0.0334 0.6491 0.0584 0.1185 
     D244129  3 0.2748 0.0746 0.2543 0.2601 0.1361 
     D244133  3 0.1324 0.3722 0.1959 0.0862 0.2133 
     D244134  3 0.0684 0.3175 0.1699 0.0883 0.3560 
     D244135  3 0.0933 0.0325 0.7042 0.0899 0.0800 
     D244136  3 0.1196 0.4416 0.0926 0.2035 0.1427 
        D416  3 0.1949 0.0567 0.1558 0.2427 0.3498 
        D417  3 0.1401 0.0524 0.0858 0.6956 0.0260 
        D419  3 0.1321 0.1369 0.2790 0.2693 0.1828 
        D565  3 0.0211 0.8525 0.0308 0.0691 0.0265 
        D566  3 0.0344 0.4242 0.0624 0.0651 0.4139 
        D567  3 0.0365 0.0384 0.1224 0.7722 0.0306 
        D568  3 0.1666 0.0291 0.2625 0.3680 0.1737 
        D569  3 0.4567 0.0823 0.1288 0.1251 0.2071 
        D573  3 0.0479 0.0265 0.0360 0.1348 0.7547 
        D574  3 0.1587 0.6248 0.0863 0.0574 0.0727 
        D575  3 0.1119 0.3680 0.2372 0.1655 0.1174 
        D576  3 0.0770 0.0821 0.0291 0.0121 0.7997 
        D577  3 0.1818 0.0878 0.0733 0.6198 0.0372 
        D578  3 0.1616 0.0208 0.7596 0.0230 0.0350 
        D579  3 0.0886 0.2636 0.1147 0.3435 0.1896 
        D660  3 0.2338 0.0447 0.1411 0.0357 0.5446 
        D661  3 0.1701 0.0362 0.0509 0.0801 0.6627 
        D663  3 0.1627 0.0417 0.0320 0.0573 0.7064 
        D664  3 0.2176 0.2564 0.3377 0.0300 0.1583 
        D665  3 0.7314 0.0278 0.1418 0.0329 0.0662 
        D666  3 0.1757 0.3356 0.2563 0.1657 0.0667 
        D009  4 0.3523 0.0460 0.3704 0.1981 0.0331 
        D057  4 0.0866 0.0607 0.2803 0.2180 0.3544 
        D109  4 0.2601 0.1218 0.5239 0.0543 0.0399 
     D237222  4 0.1061 0.1330 0.6570 0.0619 0.0421 
     D237223  4 0.2019 0.1632 0.4051 0.0636 0.1662 
     D237224  4 0.1176 0.0660 0.0584 0.3871 0.3709 
     D237225  4 0.4627 0.0542 0.2159 0.2127 0.0546 
     D237299  4 0.7908 0.0425 0.0940 0.0213 0.0514 
     D237300  4 0.0705 0.0700 0.0376 0.0273 0.7945 
     D237306  4 0.0968 0.6566 0.1236 0.0818 0.0412 
     D237307  4 0.1528 0.3537 0.0782 0.3219 0.0933 
     D237308  4 0.0648 0.1240 0.1906 0.1210 0.4995 
     D237309  4 0.2994 0.0628 0.2623 0.3083 0.0671 
     D237317  4 0.0896 0.5325 0.1368 0.1885 0.0526 
     D237318  4 0.0412 0.0334 0.0202 0.0263 0.8789 
     D237319  4 0.4076 0.0745 0.3106 0.1236 0.0837 
     D237320  4 0.2226 0.0602 0.3926 0.1158 0.2089 
     D237321  4 0.0700 0.0961 0.0804 0.0672 0.6863 
     D237397  4 0.1321 0.2931 0.2576 0.0861 0.2311 
     D237398  4 0.1867 0.0368 0.0704 0.1463 0.5597 
     D237399  4 0.2174 0.2550 0.1382 0.2260 0.1634 
     D244001  4 0.0791 0.0513 0.7016 0.0525 0.1155 
        D289  4 0.1169 0.3209 0.0620 0.3195 0.1807 
        D290  4 0.7218 0.0466 0.0492 0.1076 0.0748 
        D294  4 0.5093 0.0993 0.0465 0.2606 0.0843 
        D295  4 0.2590 0.1205 0.1310 0.4289 0.0606 
        D301  4 0.0647 0.0704 0.7555 0.0345 0.0749 
        D302  4 0.1286 0.0427 0.0379 0.7619 0.0290 
        D303  4 0.0635 0.6891 0.0998 0.0624 0.0853 
        D304  4 0.5842 0.1458 0.0342 0.1318 0.1041 
        D305  4 0.5887 0.0263 0.0892 0.1514 0.1444 
        D306  4 0.7966 0.0650 0.0425 0.0668 0.0290 
        D307  4 0.0558 0.1056 0.7676 0.0346 0.0365 
        D327  4 0.1343 0.1548 0.0531 0.5771 0.0807 
        D328  4 0.1719 0.6551 0.0631 0.0696 0.0402 
        D329  4 0.2340 0.0782 0.1302 0.2853 0.2723 
        D330  4 0.2944 0.0300 0.1886 0.4294 0.0575 
        D331  4 0.2480 0.1812 0.1541 0.2380 0.1787 
        D333  4 0.1938 0.2874 0.1769 0.1547 0.1872 
        D334  4 0.1248 0.5445 0.0627 0.2265 0.0415 
        D335  4 0.0474 0.0777 0.0320 0.8001 0.0428 
        D370  4 0.1548 0.4761 0.2239 0.0944 0.0508 
        D371  4 0.0230 0.8187 0.0345 0.0899 0.0340 
        D372  4 0.3065 0.0553 0.0276 0.0192 0.5914 
        D373  4 0.0690 0.0393 0.7202 0.0459 0.1255 
        D455  4 0.0706 0.0404 0.7712 0.0611 0.0566 
        D490  4 0.0723 0.0349 0.8371 0.0371 0.0186 
        D497  4 0.1138 0.0386 0.7715 0.0301 0.0460 
        D498  4 0.3038 0.2828 0.1792 0.1119 0.1223 
        D499  4 0.2095 0.2332 0.0479 0.0711 0.4383 
        D514  4 0.3933 0.0565 0.0628 0.4313 0.0562 
        D515  4 0.5094 0.0659 0.3035 0.0770 0.0442 
        D516  4 0.1484 0.1766 0.3287 0.2184 0.1280 
        D517  4 0.1247 0.0345 0.6501 0.0849 0.1058 
        D518  4 0.1066 0.1722 0.3274 0.2840 0.1099 
        D519  4 0.3718 0.0391 0.4047 0.0774 0.1070 
        D560  4 0.4454 0.0301 0.2247 0.1265 0.1733 
        D561  4 0.5993 0.0196 0.1998 0.1248 0.0565 
        D562  4 0.5040 0.1455 0.1112 0.1194 0.1199 
        D563  4 0.2048 0.0369 0.0937 0.1196 0.5450 
        D572  4 0.3265 0.0796 0.0946 0.4428 0.0564 
        D629  4 0.1409 0.0666 0.2009 0.5339 0.0577 
        D630  4 0.4207 0.1399 0.1208 0.2357 0.0830 
        D631  4 0.2308 0.0874 0.0983 0.2443 0.3392 
        D632  4 0.0496 0.0373 0.6915 0.0930 0.1287 
        D646  4 0.1281 0.0528 0.4479 0.2646 0.1066 
        D647  4 0.1324 0.0262 0.1391 0.6436 0.0586 
        D648  4 0.2938 0.5918 0.0345 0.0450 0.0349 
        D649  4 0.0689 0.0380 0.1626 0.7007 0.0299 
        D650  4 0.2010 0.2340 0.1664 0.3204 0.0783 
        D708  4 0.2339 0.5011 0.0792 0.1157 0.0701 
        D709  4 0.6237 0.1322 0.1165 0.0870 0.0406 
        D738  4 0.0481 0.5334 0.2531 0.1316 0.0339 
        D739  4 0.6078 0.0865 0.1829 0.0707 0.0521 
        D740  4 0.4684 0.1578 0.1750 0.0543 0.1445 
        D741  4 0.3769 0.0337 0.1807 0.1824 0.2262 
        D742  4 0.1802 0.1820 0.0738 0.0937 0.4704 
        D743  4 0.0820 0.0602 0.0382 0.7412 0.0785 
        D744  4 0.2673 0.0417 0.0700 0.4275 0.1935 
        D745  4 0.4176 0.0372 0.4510 0.0472 0.0471 
        D814  4 0.3144 0.0394 0.0770 0.0557 0.5136 
        D815  4 0.2451 0.0979 0.0712 0.5219 0.0639 
        D828  4 0.3741 0.3915 0.0544 0.0303 0.1497 
        D845  4 0.0339 0.1025 0.0223 0.0482 0.7931 
        D846  4 0.2524 0.0193 0.0895 0.3911 0.2477 
        D847  4 0.4250 0.1333 0.1218 0.1970 0.1229 
        D848  4 0.0485 0.0288 0.6639 0.0292 0.2297 
        D849  4 0.5775 0.0380 0.2750 0.0564 0.0531 
        D850  4 0.1307 0.1528 0.2006 0.3085 0.2073 
        D856  4 0.6533 0.0612 0.1689 0.0801 0.0366 
        D857  4 0.0560 0.0604 0.8099 0.0139 0.0598 
        D859  4 0.3644 0.1079 0.0630 0.3015 0.1632 
        D860  4 0.0523 0.3691 0.0414 0.2810 0.2562 
        D883  4 0.1163 0.2226 0.2970 0.3100 0.0541 
        D884  4 0.2364 0.2663 0.3004 0.1567 0.0401 
        D885  4 0.4036 0.0533 0.1185 0.1821 0.2426 
        D886  4 0.2710 0.0536 0.3309 0.2662 0.0783 
        D887  4 0.2341 0.1387 0.0973 0.1852 0.3448 
        D889  4 0.6255 0.0521 0.0216 0.0923 0.2085 
        D890  4 0.1396 0.5078 0.1647 0.1056 0.0822 
        D891  4 0.0254 0.0220 0.0163 0.0191 0.9171 
        D899  4 0.0507 0.1633 0.0323 0.0730 0.6807 
        D900  4 0.3760 0.1306 0.1121 0.2795 0.1018 
        D970  4 0.2733 0.0932 0.0906 0.4335 0.1094 
        D971  4 0.1329 0.1046 0.0917 0.1825 0.4883 
        D979  4 0.0614 0.0604 0.0235 0.8153 0.0394 
        D093  5 0.0669 0.7606 0.0605 0.0465 0.0655 
        D154  5 0.3064 0.1533 0.0479 0.0531 0.4393 
        D168  5 0.2627 0.0424 0.2300 0.1104 0.3546 
        D189  5 0.1690 0.4870 0.0495 0.0547 0.2398 
        D190  5 0.0358 0.8183 0.0369 0.0486 0.0604 
     D237220  5 0.4564 0.1037 0.2917 0.0794 0.0689 
     D237221  5 0.1060 0.3871 0.0734 0.1883 0.2453 
     D237274  5 0.0809 0.0318 0.0615 0.7923 0.0334 
     D237275  5 0.1604 0.0456 0.0444 0.0263 0.7233 
     D237276  5 0.2500 0.3178 0.2326 0.1411 0.0586 
     D237277  5 0.0498 0.6416 0.0444 0.0748 0.1894 
     D237278  5 0.1245 0.2340 0.1674 0.0753 0.3988 
     D237279  5 0.0881 0.0295 0.7556 0.0864 0.0404 
     D237280  5 0.1135 0.1037 0.4826 0.2669 0.0332 
     D237281  5 0.0365 0.0346 0.0252 0.0379 0.8658 
     D237351  5 0.0848 0.1373 0.6888 0.0441 0.0450 
     D237352  5 0.0789 0.1365 0.4620 0.2288 0.0938 
     D237353  5 0.0294 0.8678 0.0355 0.0356 0.0317 
     D237359  5 0.5736 0.0748 0.1510 0.1002 0.1004 
     D237361  5 0.0241 0.8850 0.0350 0.0281 0.0278 
     D237362  5 0.1370 0.3606 0.0959 0.2888 0.1177 
     D237363  5 0.4534 0.1159 0.0791 0.0694 0.2823 
     D237364  5 0.4817 0.0267 0.1245 0.1459 0.2213 
     D237376  5 0.2340 0.6559 0.0245 0.0212 0.0643 
     D237377  5 0.0582 0.1245 0.3728 0.3826 0.0619 
     D237378  5 0.1050 0.7120 0.0458 0.0283 0.1088 
     D237379  5 0.3176 0.5175 0.0519 0.0455 0.0675 
     D237380  5 0.0834 0.1042 0.7352 0.0559 0.0213 
     D237381  5 0.0718 0.1193 0.6314 0.1104 0.0670 
     D237391  5 0.0499 0.7034 0.0625 0.1064 0.0779 
     D237392  5 0.0821 0.0673 0.1404 0.5506 0.1597 
     D237393  5 0.0490 0.2673 0.1445 0.4617 0.0775 
     D237394  5 0.0248 0.8430 0.0367 0.0767 0.0188 
     D237395  5 0.2659 0.4325 0.1212 0.0562 0.1243 
     D237396  5 0.0386 0.1122 0.1323 0.6272 0.0897 
     D244016  5 0.1969 0.4431 0.0539 0.1416 0.1645 
     D244018  5 0.0514 0.2326 0.1943 0.0666 0.4551 
     D244019  5 0.2644 0.1610 0.0624 0.3408 0.1714 
        D279  5 0.3746 0.1096 0.0927 0.0687 0.3544 
        D280  5 0.2390 0.3117 0.0917 0.1592 0.1983 
        D281  5 0.1095 0.0822 0.0259 0.0349 0.7476 
        D283  5 0.0459 0.5526 0.0596 0.2548 0.0871 
        D284  5 0.4602 0.0785 0.2736 0.0929 0.0947 
        D285  5 0.1895 0.4994 0.0556 0.1719 0.0837 
        D286  5 0.3573 0.3158 0.0845 0.1737 0.0687 
        D287  5 0.2918 0.5556 0.0732 0.0292 0.0502 
        D288  5 0.1816 0.2483 0.0466 0.3010 0.2224 
        D308  5 0.0392 0.0416 0.8290 0.0663 0.0239 
        D309  5 0.1441 0.0321 0.0537 0.7472 0.0229 
        D310  5 0.0675 0.8595 0.0193 0.0221 0.0316 
        D311  5 0.3396 0.3511 0.0597 0.1722 0.0774 
        D312  5 0.1661 0.4609 0.0998 0.1899 0.0834 
        D313  5 0.0188 0.0295 0.9215 0.0173 0.0129 
        D314  5 0.4279 0.2038 0.1235 0.0606 0.1842 
        D315  5 0.1135 0.4040 0.1103 0.2926 0.0796 
        D317  5 0.0291 0.8695 0.0315 0.0395 0.0304 
        D318  5 0.3605 0.1135 0.1124 0.2022 0.2114 
        D319  5 0.0591 0.8340 0.0348 0.0327 0.0395 
        D320  5 0.0686 0.7904 0.0448 0.0569 0.0393 
        D321  5 0.0354 0.1222 0.6912 0.0715 0.0798 
        D336  5 0.1146 0.8094 0.0233 0.0303 0.0223 
        D337  5 0.0212 0.8953 0.0177 0.0277 0.0381 
        D338  5 0.4464 0.1379 0.1047 0.1874 0.1236 
        D339  5 0.0750 0.7167 0.0740 0.0565 0.0778 
        D347  5 0.3031 0.1998 0.0591 0.2854 0.1526 
        D348  5 0.0478 0.8330 0.0308 0.0540 0.0344 
        D349  5 0.0350 0.0863 0.8149 0.0294 0.0343 
        D350  5 0.2586 0.0586 0.0482 0.5555 0.0791 
        D355  5 0.2582 0.0490 0.0294 0.2192 0.4442 
        D356  5 0.1042 0.3716 0.1124 0.3455 0.0663 
        D357  5 0.4702 0.2552 0.0871 0.0760 0.1116 
        D358  5 0.0945 0.4868 0.1588 0.1650 0.0948 
        D359  5 0.0505 0.5469 0.0433 0.3328 0.0265 
        D360  5 0.0946 0.5864 0.1094 0.1681 0.0415 
        D361  5 0.0313 0.0450 0.8683 0.0323 0.0231 
        D366  5 0.0375 0.0452 0.1564 0.4623 0.2986 
        D367  5 0.2020 0.6743 0.0568 0.0326 0.0342 
        D368  5 0.2522 0.3535 0.2096 0.1275 0.0572 
        D380  5 0.1588 0.0504 0.0904 0.6022 0.0983 
        D381  5 0.0953 0.6384 0.0610 0.1098 0.0954 
        D400  5 0.2056 0.3378 0.0587 0.1451 0.2527 
        D411  5 0.1183 0.0283 0.8036 0.0202 0.0295 
        D412  5 0.3087 0.1841 0.1971 0.1276 0.1825 
        D413  5 0.0919 0.0433 0.0546 0.0960 0.7142 
        D414  5 0.3369 0.0606 0.0455 0.1782 0.3787 
        D420  5 0.4801 0.1370 0.1805 0.0513 0.1511 
        D431  5 0.4481 0.2088 0.0990 0.0358 0.2083 
        D432  5 0.0607 0.4962 0.2176 0.0974 0.1281 
        D433  5 0.0644 0.6467 0.0586 0.0889 0.1414 
        D434  5 0.0837 0.5664 0.1235 0.1835 0.0429 
        D440  5 0.3109 0.0379 0.0661 0.5508 0.0345 
        D447  5 0.2037 0.0458 0.2102 0.4158 0.1246 
        D448  5 0.1132 0.7564 0.0247 0.0601 0.0455 
        D459  5 0.0579 0.0399 0.0300 0.1041 0.7681 
        D460  5 0.0291 0.0879 0.7725 0.0782 0.0324 
        D461  5 0.0985 0.0515 0.0339 0.7893 0.0267 
        D468  5 0.1638 0.4728 0.1304 0.1673 0.0658 
        D469  5 0.1302 0.1265 0.1051 0.5794 0.0588 
        D470  5 0.4064 0.2675 0.1458 0.1158 0.0645 
        D471  5 0.1156 0.6803 0.0250 0.0945 0.0846 
        D472  5 0.0390 0.0282 0.0249 0.7476 0.1604 
        D479  5 0.0741 0.0612 0.0389 0.0587 0.7672 
        D485  5 0.4778 0.2831 0.0626 0.0872 0.0893 
        D486  5 0.3407 0.2758 0.1829 0.1453 0.0553 
        D487  5 0.1715 0.2381 0.0472 0.0517 0.4915 
        D555  5 0.0288 0.8071 0.0447 0.0301 0.0894 
        D556  5 0.2606 0.3240 0.0992 0.0902 0.2260 
        D557  5 0.0250 0.8315 0.0267 0.0640 0.0528 
        D564  5 0.1481 0.4720 0.1751 0.1356 0.0692 
        D594  5 0.2717 0.2771 0.0985 0.2390 0.1137 
        D595  5 0.1015 0.4337 0.1130 0.2031 0.1487 
        D596  5 0.0192 0.8780 0.0297 0.0284 0.0447 
        D597  5 0.0463 0.2805 0.0436 0.2445 0.3851 
        D598  5 0.0808 0.4466 0.2397 0.1499 0.0829 
        D617  5 0.1296 0.0300 0.6427 0.0364 0.1612 
        D618  5 0.0640 0.5319 0.0695 0.1396 0.1950 
        D619  5 0.0597 0.2770 0.3870 0.2135 0.0628 
        D620  5 0.0244 0.0267 0.0333 0.0562 0.8594 
        D628  5 0.2602 0.1738 0.2702 0.2090 0.0868 
        D714  5 0.1553 0.5029 0.0456 0.0328 0.2635 
        D715  5 0.0450 0.6779 0.0489 0.1267 0.1015 
        D716  5 0.4500 0.1995 0.0386 0.1312 0.1807 
        D717  5 0.0894 0.1793 0.1121 0.5495 0.0697 
        D718  5 0.5410 0.2461 0.1210 0.0267 0.0652 
        D769  5 0.1405 0.0467 0.6098 0.0426 0.1604 
        D770  5 0.1717 0.2729 0.0752 0.0646 0.4156 
        D771  5 0.3099 0.1515 0.1326 0.0822 0.3239 
        D772  5 0.1368 0.5452 0.0843 0.1513 0.0823 
        D782  5 0.0899 0.0697 0.4670 0.0726 0.3008 
        D783  5 0.1426 0.2068 0.0526 0.0647 0.5334 
        D784  5 0.1030 0.1050 0.0606 0.6584 0.0731 
        D785  5 0.0548 0.7981 0.0615 0.0565 0.0291 
        D786  5 0.1044 0.0466 0.5819 0.2103 0.0568 
        D821  5 0.0335 0.9051 0.0173 0.0238 0.0202 
        D822  5 0.1308 0.2026 0.0666 0.5034 0.0966 
        D826  5 0.1630 0.3730 0.0590 0.1044 0.3005 
        D827  5 0.2574 0.1099 0.0825 0.4082 0.1420 
        D851  5 0.2430 0.2100 0.1499 0.2642 0.1329 
        D852  5 0.1203 0.2585 0.1322 0.0770 0.4119 
        D853  5 0.3283 0.3419 0.0727 0.1395 0.1177 
        D854  5 0.4498 0.0689 0.0884 0.2067 0.1862 
        D861  5 0.2607 0.2734 0.1556 0.1067 0.2036 
        D862  5 0.1027 0.5222 0.0468 0.2964 0.0319 
        D865  5 0.0480 0.7736 0.0485 0.0360 0.0939 
        D868  5 0.0756 0.0799 0.0632 0.7355 0.0458 
        D869  5 0.0511 0.0583 0.8084 0.0464 0.0359 
        D870  5 0.6754 0.0296 0.1415 0.0785 0.0749 
        D907  5 0.0875 0.7322 0.0950 0.0401 0.0451 
        D908  5 0.0656 0.3092 0.0943 0.0528 0.4782 
        D910  5 0.0612 0.5052 0.0395 0.0804 0.3137 
        D911  5 0.2372 0.0441 0.0270 0.1788 0.5130 
        D934  5 0.2453 0.1831 0.0580 0.1329 0.3808 
        D946  5 0.4823 0.1632 0.0704 0.0450 0.2391 
        D947  5 0.4842 0.0804 0.0739 0.2425 0.1190 
        D948  5 0.0238 0.1289 0.7507 0.0680 0.0286 
        D949  5 0.0414 0.0891 0.7821 0.0623 0.0252 
        D950  5 0.1652 0.0615 0.0282 0.1545 0.5906 
        D951  5 0.2269 0.0735 0.0969 0.5612 0.0416 
        D952  5 0.0613 0.1082 0.0462 0.7282 0.0561 
        D953  5 0.0573 0.6198 0.0799 0.1730 0.0700 
        D954  5 0.0552 0.3340 0.0648 0.5022 0.0438 
        D961  5 0.4429 0.3733 0.0743 0.0466 0.0629 
        D962  5 0.1125 0.7015 0.0338 0.1293 0.0229 
        D963  5 0.0946 0.3172 0.0443 0.4509 0.0929 
        D964  5 0.5306 0.1039 0.1342 0.0829 0.1483 
        D965  5 0.4929 0.1785 0.0797 0.1426 0.1063 
        D966  5 0.1030 0.3836 0.0670 0.2372 0.2093 
        D967  5 0.1164 0.2575 0.1710 0.1047 0.3504 
        D991  5 0.2020 0.2560 0.2558 0.2326 0.0536 
        D502  6 0.6999 0.0357 0.0647 0.0387 0.1611 
        D503  6 0.1508 0.0729 0.2301 0.0360 0.5102 
        D504  6 0.1020 0.1386 0.1549 0.4973 0.1072 
        D505  6 0.1849 0.3850 0.1049 0.1287 0.1966 
        D506  6 0.0313 0.8937 0.0254 0.0263 0.0232 
        D507  6 0.2827 0.0813 0.2225 0.1407 0.2728 
        D508  6 0.4786 0.0650 0.0540 0.3067 0.0957 
        D529  6 0.2955 0.1802 0.2967 0.1275 0.1001 
        D530  6 0.2842 0.4567 0.1563 0.0318 0.0710 
        D531  6 0.3247 0.1807 0.0799 0.3106 0.1040 
        D532  6 0.1674 0.4694 0.0718 0.1983 0.0931 
        D534  6 0.0518 0.0248 0.8069 0.0716 0.0450 
        D535  6 0.0740 0.5541 0.1195 0.2096 0.0428 
        D536  6 0.1274 0.0307 0.1060 0.0319 0.7039 
        D554  6 0.2263 0.5371 0.1362 0.0521 0.0482 
        D587  6 0.0551 0.7041 0.0624 0.0973 0.0811 
        D588  6 0.0842 0.4680 0.1155 0.2740 0.0583 
        D589  6 0.2819 0.1512 0.1260 0.0607 0.3802 
        D590  6 0.0553 0.0564 0.0942 0.0400 0.7541 
        D591  6 0.2066 0.1776 0.1967 0.1173 0.3018 
        D592  6 0.0382 0.0575 0.8115 0.0489 0.0439 
        D593  6 0.3752 0.4921 0.0376 0.0304 0.0647 
        D682  6 0.0513 0.8112 0.0473 0.0418 0.0483 
        D683  6 0.1386 0.2020 0.0761 0.5457 0.0376 
        D684  6 0.3826 0.0257 0.2751 0.0578 0.2588 
        D685  6 0.6626 0.0812 0.0643 0.0238 0.1681 
        D686  6 0.2472 0.6284 0.0494 0.0403 0.0346 
        D724  6 0.5172 0.0363 0.0957 0.2632 0.0876 
        D725  6 0.2813 0.3064 0.0920 0.0796 0.2406 
        D726  6 0.0318 0.8784 0.0245 0.0374 0.0279 
        D727  6 0.0796 0.1338 0.1588 0.1582 0.4697 
        D728  6 0.1052 0.7645 0.0456 0.0542 0.0305 
        D729  6 0.0509 0.0324 0.5858 0.1834 0.1475 
        D730  6 0.3758 0.0574 0.2003 0.2010 0.1654 
        D731  6 0.0313 0.6547 0.0291 0.0181 0.2669 
        D732  6 0.1989 0.0956 0.0775 0.5333 0.0946 
        D733  6 0.3415 0.1653 0.1982 0.1821 0.1129 
     D237251  7 0.3081 0.1062 0.0572 0.0614 0.4671 
     D237252  7 0.5114 0.0391 0.2196 0.0766 0.1533 
     D237253  7 0.3411 0.2028 0.0400 0.0672 0.3490 
     D237254  7 0.1248 0.0262 0.7800 0.0283 0.0407 
     D237255  7 0.1236 0.0676 0.0354 0.0443 0.7291 
     D237256  7 0.4286 0.0602 0.0264 0.0683 0.4165 
     D237257  7 0.6920 0.0527 0.1360 0.0488 0.0706 
     D237282  7 0.0877 0.0301 0.1624 0.6479 0.0718 
     D237283  7 0.4201 0.0302 0.4933 0.0183 0.0380 
     D237284  7 0.0701 0.0292 0.8080 0.0568 0.0359 
     D237285  7 0.3776 0.3312 0.0639 0.0665 0.1607 
     D237286  7 0.1832 0.2663 0.1035 0.2898 0.1571 
     D237287  7 0.1738 0.0814 0.0877 0.1387 0.5183 
     D244006  7 0.0835 0.0242 0.8250 0.0314 0.0359 
     D244007  7 0.1068 0.0581 0.1439 0.1822 0.5090 
     D244008  7 0.4141 0.0709 0.4535 0.0254 0.0361 
     D244009  7 0.2467 0.1062 0.4335 0.1693 0.0442 
     D244010  7 0.7276 0.0506 0.1044 0.0436 0.0738 
     D244011  7 0.4314 0.2342 0.0878 0.0787 0.1678 
     D244012  7 0.5240 0.0433 0.0763 0.1006 0.2559 
     D244013  7 0.1741 0.1781 0.0785 0.1906 0.3787 
     D244014  7 0.2860 0.0861 0.3374 0.0963 0.1942 
     D244015  7 0.3038 0.0555 0.4178 0.1238 0.0990 
     D244125  7 0.0893 0.2903 0.0622 0.2968 0.2615 
     D244126  7 0.4736 0.0150 0.4635 0.0279 0.0199 
     D244130  7 0.3466 0.1006 0.3480 0.0894 0.1153 
     D244131  7 0.0949 0.2801 0.2054 0.3315 0.0880 
     D244132  7 0.0876 0.3966 0.0859 0.3878 0.0421 
        D520  7 0.6264 0.1708 0.1350 0.0385 0.0293 
        D521  7 0.4676 0.0998 0.1316 0.2073 0.0936 
        D522  7 0.0508 0.0703 0.6402 0.1714 0.0673 
        D523  7 0.1302 0.0963 0.0523 0.0490 0.6721 
        D524  7 0.1408 0.2139 0.1419 0.1196 0.3838 
        D525  7 0.0818 0.0409 0.5688 0.0517 0.2568 
        D526  7 0.0605 0.0198 0.8289 0.0624 0.0284 
        D527  7 0.3412 0.1260 0.1047 0.3421 0.0860 
        D528  7 0.9347 0.0133 0.0239 0.0166 0.0115 
        D558  7 0.1878 0.0427 0.1733 0.4439 0.1522 
        D559  7 0.3371 0.0274 0.1123 0.3758 0.1474 
        D640  7 0.1379 0.3603 0.0955 0.2278 0.1784 
        D641  7 0.2132 0.3214 0.1902 0.0350 0.2402 
        D642  7 0.0820 0.0648 0.6308 0.0638 0.1586 
        D644  7 0.1575 0.3110 0.2806 0.1352 0.1158 
        D645  7 0.2666 0.1710 0.1457 0.1480 0.2687 
        D662  7 0.0225 0.1069 0.7159 0.1343 0.0204 
        D687  7 0.5339 0.1148 0.0833 0.1409 0.1272 
        D688  7 0.2838 0.0353 0.1410 0.4046 0.1354 
        D689  7 0.1945 0.3095 0.1029 0.2452 0.1478 
        D700  7 0.8948 0.0186 0.0276 0.0410 0.0179 
        D797  7 0.2749 0.2137 0.1125 0.2678 0.1311 
        D798  7 0.1805 0.0636 0.6488 0.0706 0.0366 
        D799  7 0.4293 0.0456 0.1226 0.0679 0.3346 
        D800  7 0.1879 0.0337 0.0764 0.6101 0.0920 
        D132  8 0.0506 0.0491 0.8248 0.0496 0.0259 
        D133  8 0.0528 0.0170 0.0450 0.0232 0.8620 
        D200  8 0.8582 0.0344 0.0274 0.0265 0.0534 
        D500  8 0.0278 0.0366 0.8844 0.0343 0.0169 
        D614  8 0.2687 0.4241 0.1429 0.1153 0.0489 
        D723  8 0.1484 0.0631 0.3203 0.3495 0.1187 
        D888  8 0.1353 0.0510 0.0356 0.0568 0.7214 
        D901  8 0.7637 0.0511 0.1159 0.0174 0.0519 
        D902  8 0.1017 0.7437 0.0629 0.0423 0.0494 
        D903  8 0.1177 0.1335 0.0422 0.6494 0.0572 
        D904  8 0.2452 0.1025 0.1247 0.4318 0.0958 
        D905  8 0.1251 0.1765 0.0243 0.0236 0.6505 
        D906  8 0.2449 0.0371 0.0595 0.0941 0.5644 
        D937  8 0.0660 0.8564 0.0283 0.0152 0.0341 
        D943  8 0.5513 0.0401 0.2052 0.0897 0.1136 
        D972  8 0.2217 0.0578 0.3981 0.2447 0.0777 
        D973  8 0.0795 0.0565 0.1669 0.6624 0.0346 
        D974  8 0.3221 0.2054 0.1740 0.1583 0.1402 
        D975  8 0.7366 0.0839 0.0448 0.0585 0.0761 
        D976  8 0.5247 0.1843 0.1237 0.0439 0.1233 
        D201  9 0.4091 0.0539 0.0997 0.1152 0.3221 
        D202  9 0.7535 0.0708 0.0569 0.0237 0.0951 
     D237259  9 0.3530 0.0343 0.2050 0.2661 0.1415 
     D237260  9 0.3920 0.0505 0.1236 0.0282 0.4057 
     D237262  9 0.0750 0.0362 0.8282 0.0375 0.0232 
     D237263  9 0.1928 0.0434 0.4493 0.0984 0.2161 
     D237264  9 0.2519 0.2033 0.2892 0.0922 0.1633 
     D237265  9 0.2187 0.0778 0.0742 0.0258 0.6035 
     D237266  9 0.0303 0.0281 0.3561 0.0482 0.5372 
     D237267  9 0.7013 0.1455 0.0799 0.0250 0.0484 
     D237268  9 0.4389 0.0834 0.2635 0.1569 0.0572 
     D237289  9 0.1224 0.3179 0.0975 0.0374 0.4249 
     D237290  9 0.0846 0.0228 0.0467 0.0326 0.8134 
     D237291  9 0.1369 0.0991 0.0765 0.0350 0.6524 
     D237292  9 0.2602 0.0349 0.1806 0.0294 0.4949 
     D237293  9 0.4115 0.1622 0.2327 0.1294 0.0641 
     D237294  9 0.5001 0.0696 0.2820 0.0242 0.1241 
     D237295  9 0.2080 0.1819 0.2407 0.3266 0.0428 
     D237296  9 0.6024 0.0782 0.1056 0.0658 0.1479 
     D237297  9 0.2591 0.5378 0.0708 0.0534 0.0790 
     D237298  9 0.2748 0.0707 0.1813 0.3042 0.1690 
     D237341  9 0.3354 0.0539 0.1102 0.1259 0.3747 
     D237342  9 0.5334 0.0789 0.2627 0.0491 0.0759 
     D237343  9 0.1513 0.0518 0.3706 0.0809 0.3454 
     D237344  9 0.1403 0.4761 0.1228 0.0686 0.1922 
     D237345  9 0.2125 0.0186 0.6773 0.0392 0.0525 
     D237346  9 0.1377 0.1542 0.1480 0.0582 0.5019 
     D237347  9 0.1249 0.5121 0.0763 0.1111 0.1756 
     D237348  9 0.1617 0.1430 0.3613 0.1234 0.2106 
     D237349  9 0.0282 0.0264 0.3767 0.2182 0.3505 
     D244109  9 0.1419 0.0181 0.1412 0.0987 0.6001 
     D244110  9 0.0954 0.0300 0.0582 0.0583 0.7580 
     D244111  9 0.4171 0.0957 0.1014 0.1321 0.2537 
     D244128  9 0.6838 0.0318 0.2182 0.0320 0.0342 
     D244137  9 0.0677 0.0712 0.1530 0.6196 0.0884 
     D244138  9 0.3321 0.1488 0.1728 0.0492 0.2971 
        D580  9 0.6350 0.0666 0.2184 0.0531 0.0269 
        D581  9 0.1682 0.0301 0.0732 0.0285 0.7001 
        D582  9 0.4859 0.0282 0.4310 0.0288 0.0262 
        D583  9 0.0383 0.0242 0.0997 0.0269 0.8109 
        D584  9 0.2808 0.4155 0.2222 0.0337 0.0478 
        D585  9 0.4472 0.0310 0.2921 0.0468 0.1829 
        D586  9 0.0400 0.1240 0.0436 0.0409 0.7514 
        D651  9 0.0609 0.1437 0.1247 0.4902 0.1806 
        D652  9 0.0470 0.0297 0.6192 0.1784 0.1256 
        D653  9 0.1566 0.0894 0.0412 0.2316 0.4812 
        D654  9 0.0909 0.0299 0.2392 0.3314 0.3086 
        D655  9 0.2187 0.2733 0.0683 0.1505 0.2892 
        D656  9 0.1083 0.0433 0.7405 0.0559 0.0520 
        D657  9 0.4771 0.0691 0.2346 0.0920 0.1272 
        D667  9 0.1370 0.5304 0.0735 0.0688 0.1903 
        D668  9 0.1273 0.1194 0.4917 0.0623 0.1993 
        D669  9 0.4166 0.0658 0.0807 0.0782 0.3587 
        D670  9 0.0772 0.1137 0.1484 0.5694 0.0911 
        D671  9 0.2150 0.0564 0.0899 0.0597 0.5790 
        D672  9 0.4938 0.0396 0.3269 0.0525 0.0872 
        D673  9 0.3649 0.2034 0.2120 0.1240 0.0957 
        D692  9 0.2334 0.0475 0.3937 0.0394 0.2859 
        D693  9 0.2348 0.2739 0.2110 0.1472 0.1331 
        D694  9 0.4366 0.0543 0.4402 0.0279 0.0411 
        D695  9 0.1155 0.0666 0.4723 0.2815 0.0641 
        D696  9 0.0460 0.8768 0.0201 0.0263 0.0308 
        D697  9 0.0668 0.5034 0.1400 0.1032 0.1865 
        D698  9 0.1625 0.3158 0.0801 0.0469 0.3947 
        D699  9 0.1884 0.5944 0.0835 0.0404 0.0934 
        D787  9 0.0528 0.0388 0.3949 0.3708 0.1426 
        D788  9 0.2990 0.5501 0.0716 0.0539 0.0254 
        D789  9 0.5749 0.1502 0.1359 0.0374 0.1016 
        D790  9 0.0518 0.1252 0.3678 0.1648 0.2905 
        D791  9 0.3890 0.1148 0.0500 0.0362 0.4099 
        D792  9 0.0314 0.0578 0.3400 0.3173 0.2534 
        D793  9 0.0377 0.6078 0.0648 0.1891 0.1006 
        D794  9 0.0702 0.3273 0.1391 0.2717 0.1918 
        D795  9 0.4816 0.1060 0.3391 0.0231 0.0501 
        D796  9 0.3922 0.1208 0.0694 0.0435 0.3741 
        D142 10 0.2866 0.3712 0.0537 0.1210 0.1675 
        D143 10 0.0376 0.1025 0.0803 0.0503 0.7292 
        D144 10 0.2197 0.2744 0.2088 0.1937 0.1034 
        D145 10 0.2620 0.0538 0.0601 0.0535 0.5707 
        D146 10 0.4100 0.1152 0.3854 0.0547 0.0347 
        D147 10 0.7680 0.0465 0.0890 0.0464 0.0501 
        D148 10 0.6607 0.0843 0.0978 0.0938 0.0634 
        D149 10 0.0726 0.0403 0.0498 0.0600 0.7772 
        D151 10 0.6627 0.0678 0.1274 0.0238 0.1184 
        D152 10 0.0416 0.0211 0.0196 0.0173 0.9004 
        D153 10 0.1873 0.1849 0.0914 0.4979 0.0385 
        D156 10 0.2681 0.0490 0.0444 0.5608 0.0777 
        D157 10 0.1684 0.4960 0.2054 0.0599 0.0703 
        D158 10 0.7228 0.1213 0.0409 0.0222 0.0928 
        D159 10 0.0389 0.0374 0.0279 0.0377 0.8581 
        D160 10 0.0313 0.3524 0.0405 0.0139 0.5619 
        D161 10 0.1212 0.2200 0.1450 0.3574 0.1565 
        D162 10 0.1529 0.1285 0.0426 0.4890 0.1870 
        D169 10 0.0489 0.0438 0.7670 0.0647 0.0757 
        D170 10 0.1418 0.1019 0.6010 0.1120 0.0433 
        D171 10 0.3894 0.4129 0.0710 0.0844 0.0422 
        D172 10 0.4185 0.0867 0.1363 0.2303 0.1283 
