        D174  1 0.0156 0.0207 0.0368 0.0643 0.1166 0.0676 0.4341 0.0730 0.0709 0.1003 
        D199  1 0.0302 0.0950 0.1390 0.0292 0.1742 0.0284 0.1374 0.1828 0.1245 0.0593 
        D203  1 0.0430 0.0866 0.1478 0.0748 0.0506 0.1239 0.0547 0.2715 0.0641 0.0828 
        D204  1 0.0926 0.0156 0.0261 0.0191 0.0222 0.0221 0.0164 0.7406 0.0216 0.0237 
     D237366  1 0.0548 0.0404 0.0389 0.0178 0.1582 0.5241 0.0406 0.0316 0.0506 0.0431 
     D237367  1 0.0390 0.0224 0.0792 0.0447 0.2539 0.1499 0.0358 0.1716 0.1032 0.1003 
     D237368  1 0.0439 0.0277 0.0985 0.0676 0.3726 0.0451 0.0798 0.1180 0.1135 0.0332 
     D244101  1 0.4834 0.1111 0.0707 0.0204 0.0302 0.0277 0.0209 0.1398 0.0690 0.0269 
     D244102  1 0.0736 0.0716 0.0464 0.0939 0.0359 0.1781 0.0335 0.0712 0.0981 0.2978 
     D244103  1 0.0297 0.0269 0.0274 0.0305 0.5511 0.1033 0.0366 0.0720 0.0755 0.0471 
     D244104  1 0.0190 0.0389 0.0283 0.0547 0.0458 0.0248 0.0642 0.6766 0.0356 0.0122 
     D244105  1 0.0147 0.0276 0.0188 0.0362 0.0406 0.7530 0.0129 0.0195 0.0589 0.0180 
     D244106  1 0.0238 0.0414 0.0789 0.0236 0.0332 0.0464 0.5255 0.0913 0.0570 0.0788 
     D244107  1 0.0624 0.0164 0.0584 0.1844 0.5224 0.0223 0.0123 0.0240 0.0815 0.0159 
     D244108  1 0.0294 0.0335 0.0307 0.3372 0.0210 0.0658 0.2895 0.0432 0.0790 0.0706 
     D244113  1 0.0874 0.0156 0.0374 0.0304 0.0338 0.0169 0.4130 0.0174 0.0429 0.3051 
     D244114  1 0.0456 0.1457 0.0378 0.0349 0.1096 0.2195 0.0639 0.0498 0.2165 0.0767 
     D244115  1 0.0285 0.0296 0.0279 0.1843 0.0457 0.0479 0.2157 0.1653 0.1893 0.0658 
     D267365  1 0.0295 0.1568 0.0253 0.0381 0.0652 0.0409 0.1532 0.3891 0.0598 0.0421 
        D404  1 0.0838 0.0148 0.0355 0.0296 0.0211 0.0237 0.1711 0.0207 0.0309 0.5687 
        D405  1 0.0450 0.0539 0.0560 0.0822 0.0278 0.0457 0.0393 0.0877 0.0459 0.5165 
        D406  1 0.0374 0.0157 0.0162 0.0802 0.0762 0.6146 0.0467 0.0727 0.0247 0.0157 
        D407  1 0.0135 0.0150 0.0617 0.0114 0.6144 0.0178 0.0288 0.1847 0.0358 0.0169 
        D408  1 0.0397 0.1703 0.0149 0.0812 0.0854 0.0189 0.3850 0.0511 0.0500 0.1035 
        D409  1 0.0319 0.0298 0.0395 0.0442 0.5064 0.0333 0.0431 0.0778 0.1465 0.0474 
        D410  1 0.0308 0.0133 0.0100 0.7799 0.0208 0.0207 0.0176 0.0590 0.0239 0.0241 
        D421  1 0.0101 0.0112 0.0431 0.0109 0.0525 0.0095 0.0220 0.8157 0.0151 0.0098 
        D422  1 0.0132 0.0177 0.0168 0.0219 0.7607 0.0796 0.0115 0.0352 0.0295 0.0139 
        D423  1 0.0159 0.0124 0.0497 0.6081 0.1280 0.0666 0.0150 0.0319 0.0490 0.0232 
        D424  1 0.0190 0.0171 0.0181 0.0205 0.0461 0.0818 0.0301 0.6286 0.1179 0.0208 
        D425  1 0.0259 0.0471 0.0262 0.0940 0.0757 0.0574 0.1013 0.3587 0.1283 0.0854 
        D426  1 0.0169 0.0819 0.0146 0.0155 0.7603 0.0122 0.0215 0.0242 0.0356 0.0175 
        D427  1 0.0122 0.0230 0.3634 0.0253 0.0433 0.0140 0.1476 0.3269 0.0306 0.0138 
        D428  1 0.0986 0.0375 0.0444 0.0750 0.1628 0.0323 0.1682 0.1773 0.1309 0.0731 
        D429  1 0.0298 0.0458 0.0275 0.0330 0.0301 0.1182 0.1414 0.4271 0.0751 0.0718 
        D430  1 0.0271 0.1171 0.0651 0.0280 0.1362 0.0380 0.1340 0.0723 0.1510 0.2313 
        D491  1 0.0260 0.0358 0.0126 0.0405 0.0607 0.0161 0.6691 0.0670 0.0386 0.0336 
        D492  1 0.0388 0.0173 0.0754 0.0311 0.2263 0.0402 0.1234 0.2023 0.1437 0.1014 
        D537  1 0.0565 0.0159 0.0290 0.0455 0.2077 0.1177 0.0218 0.3689 0.0735 0.0635 
        D538  1 0.0386 0.0337 0.0955 0.1019 0.1357 0.0268 0.0814 0.0502 0.1691 0.2671 
        D539  1 0.0409 0.2710 0.0475 0.0464 0.0192 0.3139 0.0957 0.0306 0.0721 0.0626 
        D540  1 0.0245 0.0678 0.0198 0.0863 0.2326 0.0374 0.0278 0.2007 0.2510 0.0521 
        D541  1 0.0126 0.0140 0.0157 0.0154 0.0129 0.0122 0.0102 0.8807 0.0147 0.0116 
        D551  1 0.0210 0.0935 0.0712 0.0144 0.4287 0.0737 0.0268 0.0371 0.2078 0.0259 
        D552  1 0.0686 0.0410 0.0292 0.2740 0.0459 0.1129 0.1551 0.1499 0.1056 0.0178 
        D553  1 0.0150 0.0168 0.0090 0.0153 0.0145 0.0106 0.0125 0.8806 0.0161 0.0096 
        D615  1 0.0202 0.0562 0.0577 0.1006 0.0320 0.0267 0.0566 0.4789 0.0794 0.0917 
        D616  1 0.0205 0.0833 0.0897 0.1299 0.1165 0.0465 0.0511 0.2989 0.1258 0.0378 
        D621  1 0.2626 0.0268 0.0212 0.2081 0.0812 0.2081 0.0833 0.0141 0.0488 0.0455 
        D622  1 0.0564 0.0383 0.0194 0.1697 0.1460 0.4014 0.0450 0.0373 0.0641 0.0225 
        D623  1 0.2318 0.0408 0.1540 0.0445 0.0351 0.0154 0.2461 0.0206 0.0574 0.1542 
        D624  1 0.0099 0.0230 0.0136 0.0302 0.0248 0.0320 0.7559 0.0287 0.0467 0.0353 
        D625  1 0.0512 0.0232 0.0143 0.0381 0.0486 0.0436 0.0652 0.6402 0.0495 0.0261 
        D626  1 0.0232 0.0590 0.0324 0.1884 0.0621 0.1872 0.2634 0.0417 0.0810 0.0618 
        D627  1 0.0200 0.1065 0.0211 0.0145 0.4127 0.0307 0.0274 0.1000 0.2423 0.0248 
        D690  1 0.0218 0.0115 0.0092 0.0351 0.0326 0.0138 0.0343 0.8099 0.0169 0.0150 
        D691  1 0.0214 0.0167 0.0168 0.0420 0.1129 0.6660 0.0306 0.0516 0.0274 0.0146 
        D710  1 0.1521 0.0303 0.0408 0.0890 0.3233 0.0175 0.0934 0.1446 0.0768 0.0321 
        D711  1 0.0267 0.0164 0.0237 0.0188 0.0198 0.0248 0.0238 0.7889 0.0209 0.0362 
        D712  1 0.0356 0.0642 0.0376 0.0447 0.0457 0.0548 0.5536 0.0288 0.0655 0.0695 
        D713  1 0.1425 0.0247 0.0194 0.0494 0.1740 0.1023 0.1155 0.1018 0.0947 0.1757 
        D746  1 0.0195 0.0161 0.0305 0.0643 0.3183 0.3860 0.0257 0.0790 0.0452 0.0153 
        D747  1 0.0206 0.0147 0.0174 0.0125 0.0147 0.0110 0.0136 0.8699 0.0135 0.0121 
        D748  1 0.0644 0.0332 0.0163 0.0704 0.1651 0.3979 0.0281 0.1484 0.0514 0.0248 
        D749  1 0.0697 0.0388 0.0486 0.1089 0.1189 0.1925 0.0999 0.0248 0.2364 0.0614 
        D750  1 0.0385 0.0271 0.0200 0.0537 0.0561 0.0190 0.5647 0.1602 0.0342 0.0264 
        D763  1 0.1881 0.2009 0.0801 0.0440 0.1781 0.0569 0.0159 0.0543 0.1499 0.0318 
        D764  1 0.0166 0.0175 0.0137 0.0679 0.1020 0.0169 0.1488 0.5575 0.0372 0.0220 
        D765  1 0.0164 0.0277 0.0134 0.5497 0.0440 0.0915 0.1129 0.0249 0.0826 0.0369 
        D766  1 0.1127 0.0159 0.0244 0.4043 0.0880 0.1709 0.0355 0.0363 0.0753 0.0367 
        D767  1 0.1763 0.0230 0.0777 0.0644 0.0277 0.2130 0.0262 0.0710 0.0843 0.2365 
        D768  1 0.0117 0.0120 0.0168 0.0167 0.0222 0.0263 0.0104 0.8532 0.0184 0.0124 
        D811  1 0.0199 0.0395 0.0155 0.1344 0.0481 0.0192 0.1059 0.0183 0.0674 0.5318 
        D816  1 0.0132 0.0193 0.0151 0.0164 0.0200 0.0165 0.0199 0.8457 0.0176 0.0161 
        D825  1 0.0273 0.0257 0.0143 0.3163 0.0460 0.0354 0.1505 0.1072 0.1053 0.1719 
        D866  1 0.0163 0.3510 0.1169 0.0759 0.0305 0.0208 0.1627 0.0657 0.1130 0.0474 
        D867  1 0.0758 0.0170 0.0440 0.0286 0.6684 0.0661 0.0158 0.0141 0.0433 0.0268 
        D871  1 0.0300 0.0452 0.0151 0.0187 0.5667 0.0291 0.0431 0.0643 0.1229 0.0650 
        D872  1 0.0533 0.0220 0.0495 0.1493 0.0441 0.1287 0.0486 0.2203 0.0850 0.1992 
        D873  1 0.0404 0.0088 0.0235 0.7816 0.0221 0.0144 0.0129 0.0077 0.0235 0.0651 
        D874  1 0.6909 0.0281 0.0177 0.0185 0.0170 0.0178 0.0769 0.0695 0.0261 0.0375 
        D875  1 0.0178 0.0176 0.0127 0.0583 0.6936 0.0391 0.0179 0.0275 0.0668 0.0487 
        D876  1 0.0777 0.0529 0.0201 0.0618 0.0270 0.1142 0.0911 0.4526 0.0714 0.0313 
        D877  1 0.0524 0.0181 0.0134 0.0163 0.0181 0.0172 0.0611 0.0229 0.0292 0.7512 
        D892  1 0.0340 0.0201 0.0152 0.0343 0.0878 0.2839 0.1587 0.2693 0.0391 0.0577 
        D893  1 0.0411 0.0549 0.0336 0.0419 0.0448 0.0802 0.0146 0.6142 0.0544 0.0203 
        D894  1 0.0235 0.0353 0.0224 0.0235 0.0559 0.0237 0.0411 0.6586 0.0767 0.0393 
        D915  1 0.0221 0.0357 0.0300 0.1557 0.0736 0.1148 0.0431 0.4421 0.0585 0.0244 
        D916  1 0.0107 0.0097 0.0084 0.0162 0.0137 0.0102 0.0132 0.8936 0.0147 0.0096 
        D917  1 0.1359 0.1053 0.0429 0.0354 0.1175 0.0193 0.2670 0.1078 0.1195 0.0494 
        D925  1 0.0149 0.0244 0.0173 0.5375 0.0229 0.0248 0.0641 0.2220 0.0451 0.0270 
        D926  1 0.0613 0.0479 0.0285 0.0435 0.0466 0.1053 0.0642 0.4156 0.1573 0.0297 
        D927  1 0.0329 0.1021 0.2610 0.0232 0.0863 0.0318 0.0573 0.2500 0.1082 0.0471 
        D928  1 0.0173 0.0141 0.0141 0.0179 0.0156 0.0093 0.7926 0.0769 0.0152 0.0270 
        D929  1 0.3234 0.0195 0.0192 0.0289 0.0509 0.1128 0.0559 0.0329 0.0455 0.3111 
        D936  1 0.1499 0.1106 0.0338 0.0229 0.0226 0.0251 0.0217 0.5263 0.0650 0.0220 
        D938  1 0.0640 0.0134 0.0153 0.1097 0.1307 0.5707 0.0234 0.0223 0.0318 0.0188 
        D956  1 0.0290 0.0259 0.0328 0.0582 0.0309 0.0301 0.5151 0.0515 0.0729 0.1536 
        D957  1 0.0675 0.0214 0.0444 0.3439 0.0235 0.1555 0.0411 0.1199 0.0850 0.0976 
        D958  1 0.1015 0.0181 0.0234 0.1992 0.0525 0.1275 0.1515 0.1857 0.0811 0.0596 
        D959  1 0.0086 0.0099 0.0278 0.0121 0.7119 0.0153 0.0192 0.1571 0.0222 0.0159 
        D960  1 0.0460 0.0196 0.0312 0.0927 0.0979 0.5136 0.0469 0.0304 0.0727 0.0489 
        D989  1 0.0201 0.0976 0.0762 0.0239 0.0363 0.0382 0.5451 0.0587 0.0692 0.0347 
        D990  1 0.0211 0.0929 0.0284 0.6453 0.0161 0.0276 0.0569 0.0179 0.0765 0.0172 
        D023  2 0.0149 0.0106 0.0151 0.0160 0.8720 0.0128 0.0114 0.0251 0.0134 0.0087 
        D130  2 0.0174 0.0124 0.0479 0.0288 0.1908 0.5031 0.0153 0.0802 0.0346 0.0695 
        D131  2 0.0588 0.1003 0.0336 0.0754 0.0404 0.0263 0.0393 0.3192 0.2550 0.0517 
        D163  2 0.0296 0.0349 0.0135 0.0457 0.5577 0.1566 0.0434 0.0513 0.0516 0.0157 
        D164  2 0.0143 0.0125 0.5372 0.3477 0.0215 0.0166 0.0107 0.0103 0.0138 0.0154 
        D165  2 0.0170 0.0174 0.0248 0.0152 0.8347 0.0238 0.0115 0.0196 0.0259 0.0100 
        D166  2 0.0548 0.0446 0.0314 0.0454 0.0644 0.0559 0.0144 0.0298 0.1233 0.5359 
        D167  2 0.0126 0.0166 0.8124 0.0130 0.0148 0.0104 0.0274 0.0123 0.0219 0.0587 
        D192  2 0.0156 0.0226 0.8654 0.0131 0.0102 0.0141 0.0165 0.0083 0.0180 0.0160 
        D193  2 0.0490 0.0442 0.0294 0.0501 0.0234 0.1663 0.1406 0.0178 0.0945 0.3847 
        D206  2 0.0306 0.0482 0.3668 0.0380 0.1747 0.1053 0.0190 0.0582 0.1188 0.0404 
        D207  2 0.0187 0.0530 0.5257 0.0175 0.0651 0.0200 0.0205 0.0228 0.0843 0.1724 
        D208  2 0.0393 0.2848 0.0712 0.0855 0.0262 0.1010 0.1552 0.0488 0.1027 0.0854 
        D209  2 0.1094 0.0396 0.3754 0.0421 0.1179 0.0249 0.0195 0.0285 0.2067 0.0361 
        D210  2 0.0401 0.1618 0.0678 0.0273 0.0388 0.0453 0.4657 0.0642 0.0635 0.0257 
     D229599  2 0.1639 0.1958 0.0409 0.0640 0.0992 0.0456 0.0452 0.1780 0.1288 0.0385 
     D229600  2 0.0177 0.0260 0.3880 0.0333 0.2179 0.1355 0.0219 0.0259 0.0704 0.0634 
     D237227  2 0.0187 0.0973 0.0461 0.2026 0.0477 0.0203 0.3972 0.0490 0.0862 0.0348 
     D237228  2 0.0151 0.0709 0.0483 0.5129 0.0205 0.0187 0.1276 0.0121 0.1063 0.0677 
     D237258  2 0.0690 0.1103 0.1813 0.0764 0.1892 0.0360 0.0546 0.0747 0.1276 0.0808 
     D237310  2 0.0331 0.0243 0.0587 0.3569 0.0242 0.0338 0.0271 0.0105 0.0650 0.3663 
     D237311  2 0.0191 0.0212 0.1744 0.5024 0.0260 0.0507 0.0342 0.0127 0.0623 0.0970 
     D237312  2 0.0684 0.0218 0.0188 0.2289 0.0653 0.1490 0.0356 0.0183 0.0766 0.3172 
     D237313  2 0.0615 0.0948 0.0255 0.1915 0.0260 0.1369 0.0823 0.1637 0.1737 0.0440 
     D237322  2 0.0705 0.2201 0.0449 0.0906 0.0259 0.0549 0.0623 0.0254 0.2361 0.1693 
     D237323  2 0.0231 0.0401 0.0393 0.4452 0.0285 0.0640 0.1622 0.0195 0.0662 0.1119 
     D237324  2 0.0361 0.0753 0.2330 0.0472 0.1417 0.0787 0.0141 0.0408 0.3095 0.0236 
     D237325  2 0.0545 0.0337 0.0725 0.1840 0.0498 0.3819 0.0577 0.0209 0.0702 0.0749 
     D237326  2 0.0510 0.0213 0.0449 0.5607 0.0525 0.0457 0.0576 0.0637 0.0749 0.0277 
     D237327  2 0.0716 0.2617 0.1258 0.0259 0.1041 0.1045 0.0448 0.0482 0.1661 0.0473 
     D237337  2 0.0168 0.0183 0.0122 0.7712 0.0145 0.0536 0.0351 0.0253 0.0237 0.0293 
     D237338  2 0.0801 0.0874 0.0682 0.1658 0.0714 0.2374 0.0858 0.0465 0.1137 0.0438 
     D237339  2 0.5727 0.0336 0.1715 0.0279 0.0210 0.0307 0.0174 0.0281 0.0639 0.0333 
     D237340  2 0.0422 0.0310 0.1651 0.2464 0.0262 0.1692 0.1178 0.0209 0.0583 0.1228 
     D237389  2 0.0314 0.0177 0.0935 0.4357 0.0435 0.0492 0.0181 0.0164 0.0759 0.2186 
     D237390  2 0.0404 0.0401 0.0220 0.2321 0.0342 0.3795 0.0446 0.0311 0.0543 0.1215 
     D244017  2 0.0183 0.0292 0.2982 0.0218 0.0566 0.0136 0.1542 0.0257 0.0602 0.3223 
     D244112  2 0.0146 0.0177 0.7961 0.0181 0.0156 0.0236 0.0183 0.0162 0.0232 0.0566 
     D244118  2 0.0229 0.0183 0.7140 0.0352 0.0533 0.0787 0.0193 0.0107 0.0292 0.0184 
     D244119  2 0.0118 0.0146 0.2686 0.0257 0.0157 0.0127 0.5906 0.0228 0.0179 0.0197 
     D244120  2 0.0648 0.0708 0.3218 0.0259 0.0191 0.0386 0.0411 0.0107 0.0474 0.3597 
     D244122  2 0.0296 0.0179 0.6786 0.0355 0.0261 0.0565 0.0360 0.0213 0.0309 0.0677 
        D291  2 0.0183 0.4324 0.0368 0.0396 0.1327 0.0212 0.0185 0.0687 0.1349 0.0970 
        D292  2 0.0478 0.2103 0.1948 0.0710 0.0223 0.0217 0.0640 0.2568 0.0658 0.0455 
        D293  2 0.1525 0.0452 0.5375 0.0146 0.0188 0.0154 0.0175 0.1163 0.0697 0.0126 
        D322  2 0.1941 0.0311 0.4634 0.0384 0.0677 0.0141 0.0173 0.0978 0.0522 0.0238 
        D323  2 0.1040 0.0717 0.2060 0.0635 0.0649 0.0526 0.0394 0.0377 0.1419 0.2183 
        D324  2 0.0302 0.2309 0.0326 0.0801 0.2733 0.0370 0.0453 0.0833 0.1598 0.0276 
        D325  2 0.0324 0.0366 0.7593 0.0146 0.0421 0.0207 0.0116 0.0313 0.0409 0.0105 
        D326  2 0.0174 0.0244 0.0118 0.0101 0.0181 0.0158 0.0266 0.8330 0.0305 0.0123 
        D340  2 0.0234 0.0220 0.8419 0.0141 0.0198 0.0123 0.0163 0.0177 0.0204 0.0120 
        D341  2 0.0295 0.0524 0.5229 0.0525 0.0229 0.1848 0.0346 0.0253 0.0452 0.0300 
        D342  2 0.0237 0.0321 0.5551 0.1114 0.0607 0.0294 0.0167 0.0208 0.0934 0.0567 
        D343  2 0.0126 0.0135 0.9011 0.0081 0.0106 0.0088 0.0093 0.0152 0.0132 0.0076 
        D344  2 0.5085 0.0345 0.0406 0.0354 0.0177 0.0455 0.0174 0.0700 0.1182 0.1123 
        D345  2 0.2228 0.0325 0.0386 0.4032 0.0445 0.0233 0.0235 0.0682 0.1239 0.0195 
        D346  2 0.0460 0.0671 0.0592 0.0289 0.1607 0.0191 0.4364 0.0563 0.0809 0.0453 
        D351  2 0.1005 0.1444 0.0344 0.0725 0.1273 0.0507 0.0238 0.2612 0.1438 0.0412 
        D352  2 0.7147 0.0311 0.0245 0.0323 0.0321 0.0150 0.0523 0.0176 0.0476 0.0327 
        D353  2 0.0735 0.0301 0.0210 0.0208 0.0210 0.0298 0.0170 0.1719 0.5781 0.0367 
        D354  2 0.7640 0.0195 0.0106 0.0240 0.0151 0.0217 0.0339 0.0443 0.0375 0.0294 
        D362  2 0.0209 0.0241 0.0255 0.0296 0.1163 0.0158 0.0240 0.6831 0.0299 0.0308 
        D363  2 0.0250 0.0221 0.0210 0.0343 0.0881 0.0145 0.0306 0.7085 0.0349 0.0209 
        D364  2 0.4357 0.0197 0.0260 0.0584 0.0222 0.0302 0.0373 0.2587 0.0862 0.0256 
        D365  2 0.0249 0.0123 0.8618 0.0112 0.0159 0.0133 0.0187 0.0195 0.0117 0.0108 
        D369  2 0.0317 0.1119 0.1115 0.1138 0.0593 0.0332 0.1289 0.2766 0.0953 0.0378 
        D374  2 0.0167 0.0205 0.0158 0.0289 0.0123 0.0249 0.4365 0.0192 0.0252 0.4000 
        D375  2 0.8337 0.0098 0.0135 0.0162 0.0145 0.0156 0.0140 0.0144 0.0339 0.0344 
        D376  2 0.0629 0.0294 0.0443 0.0537 0.0150 0.0348 0.4639 0.0180 0.0898 0.1881 
        D377  2 0.0778 0.0794 0.0545 0.2966 0.0800 0.0520 0.0629 0.0239 0.1199 0.1531 
        D378  2 0.2463 0.0478 0.2323 0.0348 0.1514 0.0267 0.0347 0.1238 0.0851 0.0172 
        D379  2 0.0434 0.0305 0.0169 0.0330 0.0233 0.0742 0.0271 0.6488 0.0737 0.0292 
        D384  2 0.0148 0.0177 0.0111 0.0198 0.0138 0.0215 0.0347 0.8327 0.0237 0.0103 
        D385  2 0.1094 0.0160 0.7062 0.0250 0.0238 0.0135 0.0288 0.0187 0.0319 0.0267 
        D386  2 0.5350 0.0279 0.0898 0.0284 0.0540 0.0343 0.0201 0.0883 0.0916 0.0306 
        D391  2 0.1020 0.0214 0.7400 0.0201 0.0157 0.0168 0.0159 0.0227 0.0276 0.0178 
        D392  2 0.0302 0.0259 0.5916 0.0729 0.0423 0.0192 0.0400 0.0780 0.0662 0.0337 
        D393  2 0.3136 0.1151 0.0695 0.0451 0.0399 0.0397 0.0209 0.2815 0.0582 0.0164 
        D394  2 0.2137 0.0427 0.0818 0.1391 0.1076 0.0832 0.0376 0.0879 0.1328 0.0735 
        D395  2 0.4002 0.0273 0.3442 0.0142 0.0500 0.0137 0.0162 0.0137 0.0795 0.0411 
        D401  2 0.0102 0.0211 0.0218 0.7677 0.0249 0.0189 0.0399 0.0151 0.0289 0.0517 
        D402  2 0.0774 0.0605 0.7318 0.0190 0.0143 0.0152 0.0168 0.0146 0.0260 0.0243 
        D403  2 0.0774 0.0308 0.0307 0.0229 0.0351 0.2100 0.0280 0.2185 0.3056 0.0409 
        D415  2 0.0311 0.0165 0.0222 0.0553 0.0580 0.0489 0.0144 0.5649 0.1638 0.0250 
        D435  2 0.0514 0.0441 0.1973 0.0358 0.0551 0.0481 0.0164 0.4857 0.0492 0.0170 
        D436  2 0.3601 0.0282 0.0280 0.0278 0.0467 0.2372 0.0517 0.0755 0.0640 0.0809 
        D438  2 0.0138 0.0155 0.8635 0.0123 0.0235 0.0121 0.0196 0.0101 0.0158 0.0138 
        D439  2 0.6655 0.0267 0.0365 0.0534 0.0607 0.0179 0.0123 0.0359 0.0754 0.0158 
        D449  2 0.0251 0.0162 0.3460 0.0228 0.3852 0.0160 0.0163 0.0477 0.1065 0.0182 
        D450  2 0.2101 0.0781 0.0236 0.0415 0.0751 0.0458 0.1316 0.1522 0.1679 0.0740 
        D456  2 0.0175 0.0196 0.0100 0.0126 0.0230 0.0178 0.0223 0.8416 0.0228 0.0129 
        D462  2 0.0844 0.0133 0.7640 0.0108 0.0246 0.0196 0.0113 0.0378 0.0187 0.0155 
        D463  2 0.0313 0.0134 0.0103 0.0164 0.0180 0.0149 0.0317 0.8195 0.0265 0.0179 
        D464  2 0.2619 0.0238 0.0817 0.0232 0.0277 0.0263 0.0317 0.0824 0.2879 0.1533 
        D465  2 0.0272 0.0219 0.4442 0.0514 0.1924 0.0199 0.0225 0.1053 0.0586 0.0566 
        D473  2 0.1092 0.0306 0.0459 0.0872 0.0559 0.0229 0.4853 0.0223 0.0569 0.0837 
        D474  2 0.0293 0.1197 0.0353 0.0385 0.0998 0.0166 0.0294 0.5836 0.0362 0.0116 
        D476  2 0.4637 0.0248 0.0573 0.0147 0.1282 0.2156 0.0138 0.0232 0.0425 0.0163 
        D477  2 0.3590 0.0945 0.0207 0.0832 0.0203 0.0169 0.0328 0.3002 0.0516 0.0208 
        D478  2 0.0667 0.0315 0.0501 0.0268 0.4752 0.0176 0.0779 0.0316 0.1186 0.1040 
        D480  2 0.2250 0.0823 0.0946 0.0330 0.0248 0.0676 0.1213 0.2129 0.1007 0.0378 
        D481  2 0.2049 0.0369 0.0565 0.0688 0.1121 0.0213 0.0812 0.2652 0.1166 0.0364 
        D482  2 0.2841 0.2634 0.0357 0.0817 0.0289 0.0830 0.0799 0.0187 0.0704 0.0542 
        D483  2 0.0117 0.0179 0.8216 0.0149 0.0177 0.0123 0.0484 0.0157 0.0244 0.0153 
        D484  2 0.8057 0.0180 0.0166 0.0150 0.0206 0.0123 0.0211 0.0104 0.0237 0.0566 
        D510  2 0.0333 0.1475 0.0225 0.0333 0.0171 0.0626 0.5095 0.0245 0.0599 0.0899 
        D511  2 0.6625 0.0414 0.0613 0.0276 0.0425 0.0319 0.0171 0.0516 0.0451 0.0189 
        D512  2 0.0294 0.0293 0.1858 0.3390 0.1024 0.0222 0.0128 0.0197 0.0812 0.1783 
        D513  2 0.0302 0.0865 0.4086 0.0332 0.1448 0.0303 0.0636 0.0484 0.1073 0.0472 
        D635  2 0.0191 0.0181 0.0257 0.0187 0.7236 0.0133 0.0169 0.1094 0.0449 0.0103 
        D636  2 0.0153 0.0107 0.0182 0.0659 0.7998 0.0212 0.0147 0.0185 0.0238 0.0118 
        D637  2 0.3347 0.0555 0.1353 0.0789 0.0191 0.1251 0.0634 0.0243 0.0969 0.0669 
        D658  2 0.1607 0.0221 0.4928 0.0467 0.0189 0.0469 0.0770 0.0208 0.0639 0.0501 
        D659  2 0.0713 0.0530 0.0174 0.0266 0.1995 0.0529 0.0354 0.4608 0.0647 0.0186 
        D677  2 0.0284 0.0575 0.0358 0.0521 0.0495 0.5125 0.0135 0.1214 0.0824 0.0469 
        D678  2 0.0216 0.0256 0.5733 0.0291 0.0636 0.0204 0.0131 0.0167 0.0950 0.1417 
        D679  2 0.0899 0.1367 0.0475 0.0573 0.0755 0.0414 0.0487 0.2673 0.2015 0.0343 
        D719  2 0.0440 0.0849 0.1345 0.0502 0.0149 0.0247 0.4009 0.1677 0.0558 0.0223 
        D720  2 0.0191 0.0266 0.0310 0.0347 0.0478 0.0232 0.0579 0.6901 0.0485 0.0211 
        D721  2 0.0234 0.0258 0.0344 0.0194 0.7848 0.0205 0.0230 0.0241 0.0355 0.0092 
        D722  2 0.0313 0.0550 0.0560 0.0839 0.0248 0.0290 0.2407 0.0246 0.0923 0.3623 
        D734  2 0.5950 0.0299 0.0619 0.0116 0.0188 0.0173 0.1935 0.0213 0.0281 0.0226 
        D735  2 0.0849 0.0628 0.0610 0.1443 0.0789 0.0276 0.0855 0.2631 0.1489 0.0432 
        D736  2 0.0556 0.2896 0.0559 0.0398 0.0803 0.0500 0.2724 0.0603 0.0671 0.0291 
        D737  2 0.0946 0.0627 0.6076 0.0364 0.0221 0.0474 0.0306 0.0149 0.0478 0.0359 
        D807  2 0.0936 0.1386 0.0547 0.0822 0.0489 0.0550 0.1771 0.2124 0.0745 0.0630 
        D808  2 0.0647 0.0656 0.1302 0.1760 0.0399 0.0825 0.0303 0.1360 0.1607 0.1140 
        D817  2 0.1148 0.0621 0.0228 0.1409 0.0737 0.0441 0.0327 0.2481 0.1449 0.1159 
        D818  2 0.0385 0.1241 0.1940 0.0184 0.1683 0.0947 0.0337 0.0587 0.2236 0.0461 
        D819  2 0.0350 0.0581 0.0297 0.3322 0.0837 0.0257 0.0321 0.1836 0.1188 0.1013 
        D820  2 0.0887 0.0258 0.0363 0.0115 0.0313 0.0617 0.0239 0.6675 0.0350 0.0183 
        D895  2 0.0487 0.0415 0.0352 0.1108 0.3343 0.0431 0.0376 0.1939 0.1260 0.0289 
        D896  2 0.0187 0.0143 0.0129 0.7900 0.0209 0.0242 0.0228 0.0155 0.0157 0.0650 
        D897  2 0.0454 0.0587 0.4949 0.0610 0.0434 0.0416 0.0205 0.0272 0.1426 0.0646 
        D898  2 0.0592 0.0981 0.0300 0.3089 0.0632 0.0332 0.0356 0.0510 0.1684 0.1523 
        D918  2 0.0956 0.0727 0.0614 0.1009 0.0664 0.3243 0.0522 0.0299 0.1570 0.0396 
        D919  2 0.4001 0.0877 0.0887 0.0195 0.0930 0.0228 0.0200 0.1214 0.0995 0.0474 
        D920  2 0.0250 0.0171 0.0256 0.0351 0.0274 0.7323 0.0437 0.0254 0.0403 0.0280 
        D923  2 0.1081 0.0269 0.0326 0.0171 0.0494 0.0270 0.0243 0.6256 0.0605 0.0284 
        D930  2 0.1927 0.0710 0.0360 0.0830 0.0457 0.0432 0.0955 0.1982 0.1691 0.0656 
        D931  2 0.2766 0.0750 0.1207 0.0401 0.0624 0.0233 0.0323 0.2602 0.0534 0.0559 
        D968  2 0.0235 0.0466 0.7804 0.0185 0.0170 0.0165 0.0138 0.0230 0.0354 0.0255 
        D969  2 0.0332 0.1686 0.1563 0.0364 0.0336 0.0303 0.0485 0.3034 0.1419 0.0479 
        D977  2 0.0255 0.0329 0.7191 0.0170 0.0262 0.0362 0.0196 0.0315 0.0625 0.0296 
        D978  2 0.0339 0.3002 0.1479 0.0250 0.0341 0.0334 0.0334 0.0440 0.1674 0.1806 
        D211  3 0.0347 0.0275 0.0221 0.0418 0.0681 0.6385 0.0243 0.0597 0.0637 0.0196 
     D229639  3 0.0210 0.6013 0.0549 0.0442 0.0330 0.0316 0.0671 0.0585 0.0522 0.0362 
     D237212  3 0.3698 0.1881 0.0518 0.0422 0.0893 0.0568 0.0202 0.0560 0.0788 0.0469 
     D237213  3 0.1155 0.0379 0.0317 0.3243 0.0583 0.1196 0.0183 0.0351 0.1388 0.1204 
     D237214  3 0.0134 0.0091 0.0102 0.0147 0.8653 0.0164 0.0177 0.0149 0.0189 0.0195 
     D237215  3 0.0122 0.0998 0.4643 0.0405 0.0141 0.0127 0.0587 0.0147 0.0440 0.2391 
     D237216  3 0.0251 0.0683 0.0256 0.0493 0.0927 0.0493 0.0228 0.0332 0.5967 0.0371 
     D237217  3 0.0194 0.0502 0.0165 0.0731 0.0366 0.5736 0.0157 0.0469 0.1534 0.0145 
     D237218  3 0.1314 0.2929 0.0439 0.0275 0.0170 0.2521 0.0547 0.0790 0.0827 0.0186 
     D237219  3 0.0149 0.1430 0.0183 0.3288 0.0264 0.2916 0.0683 0.0247 0.0566 0.0275 
     D237382  3 0.0344 0.0353 0.0507 0.0898 0.0420 0.1037 0.1205 0.0808 0.0827 0.3602 
     D244127  3 0.0295 0.0646 0.0630 0.5653 0.0250 0.0790 0.0183 0.0188 0.0844 0.0521 
     D244129  3 0.0956 0.1112 0.0728 0.1249 0.1592 0.0628 0.0494 0.0864 0.1609 0.0770 
     D244133  3 0.0124 0.0531 0.1448 0.0968 0.1498 0.0461 0.1287 0.0736 0.1350 0.1598 
     D244134  3 0.0243 0.4782 0.0213 0.1566 0.0258 0.0393 0.1495 0.0250 0.0631 0.0169 
     D244135  3 0.0262 0.0170 0.0491 0.0262 0.6444 0.1053 0.0155 0.0293 0.0606 0.0264 
     D244136  3 0.0260 0.0993 0.0851 0.0621 0.1559 0.0524 0.1409 0.1528 0.1186 0.1069 
        D416  3 0.0485 0.0677 0.1177 0.1937 0.1970 0.0273 0.0247 0.0665 0.2146 0.0422 
        D417  3 0.0254 0.0177 0.0173 0.0198 0.0134 0.2932 0.0220 0.5290 0.0362 0.0260 
        D419  3 0.0345 0.1697 0.0481 0.1682 0.0213 0.3273 0.0521 0.0774 0.0751 0.0263 
        D565  3 0.0165 0.0321 0.0138 0.0191 0.0276 0.0138 0.8003 0.0369 0.0256 0.0143 
        D566  3 0.0228 0.2887 0.0500 0.0646 0.1646 0.0147 0.1904 0.0723 0.0747 0.0571 
        D567  3 0.0746 0.0228 0.0349 0.1126 0.0348 0.0908 0.0216 0.5080 0.0710 0.0290 
        D568  3 0.0760 0.0782 0.1081 0.0639 0.0297 0.4586 0.0132 0.0726 0.0799 0.0198 
        D569  3 0.5124 0.0461 0.0768 0.0274 0.1072 0.0262 0.0340 0.0160 0.0895 0.0642 
        D573  3 0.0381 0.4058 0.1730 0.0203 0.0327 0.0223 0.0245 0.1914 0.0774 0.0145 
        D574  3 0.0480 0.0625 0.0386 0.0748 0.0888 0.0356 0.3734 0.0367 0.1210 0.1207 
        D575  3 0.0326 0.0514 0.0396 0.4149 0.2112 0.0331 0.0697 0.0294 0.0891 0.0289 
        D576  3 0.0182 0.0612 0.5300 0.0237 0.0341 0.0181 0.0271 0.0077 0.0450 0.2348 
        D577  3 0.0615 0.0361 0.0249 0.0386 0.0970 0.1289 0.0351 0.4379 0.0735 0.0664 
        D578  3 0.0114 0.0170 0.0231 0.0240 0.7931 0.0307 0.0151 0.0117 0.0486 0.0252 
        D579  3 0.1603 0.2032 0.0596 0.0386 0.0626 0.0774 0.1696 0.1351 0.0700 0.0235 
        D660  3 0.0434 0.0386 0.5120 0.0789 0.0694 0.0231 0.0185 0.0143 0.0901 0.1116 
        D661  3 0.0758 0.1814 0.2284 0.0232 0.0502 0.2775 0.0144 0.0243 0.1045 0.0204 
        D663  3 0.0497 0.5581 0.0523 0.0204 0.0669 0.0167 0.0176 0.0450 0.1097 0.0636 
        D664  3 0.0300 0.0410 0.1482 0.2184 0.1264 0.1287 0.0638 0.0186 0.1134 0.1114 
        D665  3 0.0833 0.0541 0.0375 0.1036 0.1010 0.0584 0.0115 0.0139 0.1911 0.3456 
        D666  3 0.0236 0.0741 0.0228 0.5186 0.0463 0.0594 0.0822 0.0501 0.0916 0.0312 
        D009  4 0.0939 0.0554 0.0210 0.0836 0.0467 0.3833 0.0276 0.1035 0.1208 0.0641 
        D057  4 0.1870 0.0473 0.1461 0.0143 0.0276 0.4490 0.0265 0.0421 0.0407 0.0194 
        D109  4 0.0203 0.0285 0.0172 0.6292 0.0420 0.0339 0.0374 0.0423 0.1042 0.0451 
     D237222  4 0.0303 0.0254 0.0411 0.0569 0.0811 0.4326 0.1322 0.0420 0.0634 0.0950 
     D237223  4 0.0491 0.0433 0.0512 0.0553 0.0466 0.5414 0.0822 0.0199 0.0682 0.0428 
     D237224  4 0.1879 0.1906 0.2023 0.0564 0.0490 0.0353 0.0308 0.1282 0.0842 0.0352 
     D237225  4 0.0802 0.0792 0.0297 0.0620 0.1016 0.2789 0.0602 0.0588 0.2086 0.0408 
     D237299  4 0.0266 0.0796 0.0195 0.0503 0.1095 0.1962 0.0374 0.0197 0.2395 0.2217 
     D237300  4 0.0181 0.7724 0.0246 0.0268 0.0216 0.0373 0.0238 0.0153 0.0350 0.0251 
     D237306  4 0.0535 0.0350 0.0190 0.0577 0.0312 0.1850 0.4000 0.0612 0.0686 0.0889 
     D237307  4 0.0173 0.0651 0.0408 0.0389 0.0378 0.0928 0.1381 0.3779 0.1173 0.0739 
     D237308  4 0.1533 0.0490 0.4297 0.0742 0.0329 0.0645 0.0492 0.0255 0.0896 0.0319 
     D237309  4 0.0910 0.0431 0.0432 0.0698 0.0578 0.2521 0.0266 0.1140 0.2389 0.0634 
     D237317  4 0.0376 0.0544 0.0274 0.0640 0.0575 0.0381 0.3830 0.1345 0.1567 0.0466 
     D237318  4 0.0120 0.7742 0.0502 0.0135 0.0277 0.0188 0.0181 0.0235 0.0300 0.0321 
     D237319  4 0.0219 0.0588 0.0463 0.0445 0.0418 0.4818 0.0323 0.0364 0.1253 0.1109 
     D237320  4 0.0202 0.0735 0.0716 0.0683 0.0765 0.5565 0.0240 0.0377 0.0460 0.0258 
     D237321  4 0.0263 0.5116 0.0792 0.0510 0.0404 0.0321 0.0368 0.0775 0.0941 0.0509 
     D237397  4 0.0209 0.1040 0.0620 0.0389 0.0331 0.5131 0.1173 0.0297 0.0481 0.0329 
     D237398  4 0.0520 0.6145 0.0337 0.0155 0.0724 0.0460 0.0152 0.0625 0.0623 0.0260 
     D237399  4 0.0453 0.2228 0.0370 0.0458 0.0676 0.1626 0.1797 0.1075 0.0699 0.0618 
     D244001  4 0.0342 0.0166 0.0665 0.0313 0.0321 0.6894 0.0212 0.0184 0.0377 0.0526 
        D289  4 0.2820 0.0849 0.0741 0.0297 0.0629 0.0689 0.1926 0.0723 0.1059 0.0267 
        D290  4 0.0399 0.0499 0.0250 0.0268 0.0528 0.0625 0.0189 0.0536 0.0772 0.5934 
        D294  4 0.2351 0.0521 0.0380 0.0142 0.1048 0.0652 0.0370 0.1098 0.1836 0.1603 
        D295  4 0.0580 0.0595 0.0192 0.1172 0.0256 0.3716 0.0474 0.1798 0.0583 0.0633 
        D301  4 0.0175 0.0890 0.0306 0.0417 0.0388 0.6489 0.0313 0.0159 0.0311 0.0552 
        D302  4 0.7543 0.0150 0.0145 0.0153 0.0264 0.0372 0.0128 0.0532 0.0299 0.0415 
        D303  4 0.0800 0.0328 0.0498 0.0782 0.0276 0.0404 0.5100 0.0429 0.0566 0.0815 
        D304  4 0.0260 0.2116 0.0268 0.0221 0.0329 0.0526 0.0771 0.0663 0.1128 0.3717 
        D305  4 0.2882 0.0516 0.1013 0.0395 0.0363 0.1024 0.0140 0.0172 0.3144 0.0350 
        D306  4 0.0162 0.0204 0.0179 0.0248 0.0597 0.0240 0.0286 0.0367 0.0837 0.6879 
        D307  4 0.0362 0.0573 0.0291 0.0420 0.1943 0.4664 0.0741 0.0181 0.0522 0.0302 
        D327  4 0.0453 0.0559 0.0442 0.0195 0.0751 0.0478 0.0708 0.5067 0.0879 0.0468 
        D328  4 0.3860 0.0340 0.0257 0.0685 0.0189 0.1397 0.0953 0.0206 0.0650 0.1465 
        D329  4 0.2018 0.0916 0.1164 0.0556 0.0503 0.1508 0.0454 0.0609 0.1592 0.0680 
        D330  4 0.1092 0.0153 0.0575 0.1292 0.1282 0.1627 0.0154 0.2018 0.0992 0.0816 
        D331  4 0.0306 0.1738 0.0285 0.0575 0.0357 0.0478 0.0696 0.1949 0.0839 0.2777 
        D333  4 0.1616 0.0827 0.0655 0.0937 0.0254 0.2952 0.0834 0.0477 0.0612 0.0836 
        D334  4 0.0621 0.0506 0.0191 0.0214 0.0483 0.0915 0.5233 0.0732 0.0557 0.0548 
        D335  4 0.4614 0.0286 0.0535 0.0267 0.0379 0.0284 0.0250 0.1640 0.0546 0.1198 
        D370  4 0.0401 0.0352 0.0406 0.3220 0.0244 0.0296 0.0458 0.0354 0.0617 0.3651 
        D371  4 0.0245 0.0254 0.0242 0.0240 0.0247 0.0204 0.6406 0.1364 0.0352 0.0447 
        D372  4 0.0167 0.5514 0.0424 0.0224 0.0146 0.0180 0.0281 0.0129 0.1155 0.1779 
        D373  4 0.0420 0.0831 0.0596 0.0206 0.5159 0.1405 0.0166 0.0321 0.0693 0.0202 
        D455  4 0.0517 0.0483 0.0413 0.0448 0.2164 0.4623 0.0236 0.0485 0.0327 0.0303 
        D490  4 0.0127 0.0160 0.0088 0.0152 0.0294 0.8516 0.0162 0.0157 0.0166 0.0177 
        D497  4 0.0232 0.0224 0.0167 0.0311 0.0475 0.7685 0.0168 0.0158 0.0352 0.0228 
        D498  4 0.0258 0.0973 0.0419 0.0967 0.0392 0.0494 0.0634 0.0601 0.0938 0.4326 
        D499  4 0.1508 0.0979 0.1917 0.0663 0.0231 0.0267 0.1364 0.0300 0.1998 0.0773 
        D514  4 0.1719 0.0441 0.0239 0.0457 0.1033 0.0443 0.0153 0.2320 0.1130 0.2064 
        D515  4 0.0386 0.0166 0.0254 0.0406 0.0612 0.6297 0.0253 0.0286 0.0505 0.0835 
        D516  4 0.0194 0.0837 0.0486 0.2489 0.0554 0.2694 0.0460 0.0872 0.0853 0.0561 
        D517  4 0.0216 0.0632 0.0411 0.0677 0.1190 0.4430 0.0208 0.0525 0.1524 0.0189 
        D518  4 0.2909 0.0205 0.0429 0.0117 0.0282 0.4442 0.0530 0.0250 0.0487 0.0348 
        D519  4 0.0180 0.0392 0.0207 0.0303 0.0439 0.7552 0.0179 0.0242 0.0335 0.0171 
        D560  4 0.0242 0.0296 0.0307 0.0151 0.0160 0.7832 0.0108 0.0505 0.0211 0.0188 
        D561  4 0.0623 0.0227 0.0554 0.0331 0.4495 0.0506 0.0183 0.0753 0.1984 0.0344 
        D562  4 0.1166 0.0574 0.0620 0.0576 0.1856 0.0677 0.0615 0.0424 0.1793 0.1699 
        D563  4 0.1639 0.0600 0.3895 0.0347 0.1157 0.0259 0.0181 0.0191 0.1281 0.0450 
        D572  4 0.6592 0.0183 0.0309 0.0161 0.0417 0.0637 0.0208 0.0502 0.0571 0.0419 
        D629  4 0.1437 0.0574 0.0260 0.0649 0.3191 0.0705 0.0223 0.1818 0.0943 0.0199 
        D630  4 0.0693 0.0675 0.0275 0.0258 0.0884 0.3808 0.0588 0.0888 0.0641 0.1289 
        D631  4 0.5438 0.0326 0.1117 0.0170 0.0211 0.1478 0.0222 0.0208 0.0572 0.0257 
        D632  4 0.2450 0.0228 0.1719 0.1413 0.1275 0.1245 0.0172 0.0468 0.0753 0.0277 
        D646  4 0.0379 0.0342 0.0358 0.1309 0.0888 0.5270 0.0232 0.0543 0.0505 0.0173 
        D647  4 0.0607 0.0366 0.0574 0.0466 0.0311 0.3113 0.0145 0.3441 0.0543 0.0434 
        D648  4 0.3749 0.0135 0.0245 0.0186 0.0150 0.0374 0.0524 0.0143 0.0319 0.4175 
        D649  4 0.2677 0.0341 0.0175 0.1711 0.0319 0.0868 0.0189 0.2921 0.0562 0.0237 
        D650  4 0.0974 0.0730 0.0228 0.0581 0.0657 0.2242 0.0862 0.2227 0.0956 0.0544 
        D708  4 0.2381 0.1200 0.0241 0.0525 0.0436 0.0876 0.1703 0.0383 0.1510 0.0745 
        D709  4 0.0457 0.0236 0.0237 0.1354 0.0176 0.0245 0.0332 0.0221 0.0586 0.6155 
        D738  4 0.0242 0.0300 0.0144 0.0767 0.0357 0.2825 0.4164 0.0491 0.0399 0.0312 
        D739  4 0.0436 0.0458 0.0254 0.0427 0.0748 0.4559 0.0263 0.0193 0.0678 0.1983 
        D740  4 0.0693 0.1337 0.0473 0.1998 0.0449 0.0371 0.1266 0.0262 0.2776 0.0374 
        D741  4 0.0252 0.0386 0.0506 0.0519 0.0505 0.5746 0.0136 0.0584 0.1124 0.0242 
        D742  4 0.0760 0.1440 0.2465 0.0406 0.0558 0.0853 0.0969 0.0566 0.1513 0.0470 
        D743  4 0.3923 0.0412 0.0394 0.0146 0.0360 0.0331 0.0240 0.3485 0.0466 0.0244 
        D744  4 0.8241 0.0207 0.0256 0.0185 0.0211 0.0179 0.0141 0.0204 0.0235 0.0142 
        D745  4 0.0205 0.0162 0.0147 0.0345 0.0358 0.7937 0.0143 0.0177 0.0325 0.0202 
        D814  4 0.0464 0.0631 0.1482 0.0148 0.2777 0.1464 0.0214 0.0258 0.2114 0.0448 
        D815  4 0.4127 0.0552 0.0313 0.0739 0.0286 0.0344 0.0347 0.1095 0.0525 0.1671 
        D828  4 0.0482 0.0437 0.0428 0.0219 0.0148 0.0220 0.0342 0.0106 0.0524 0.7093 
        D845  4 0.0184 0.8350 0.0161 0.0147 0.0144 0.0195 0.0312 0.0159 0.0223 0.0124 
        D846  4 0.2401 0.0559 0.1525 0.0256 0.1285 0.0849 0.0105 0.0826 0.1577 0.0616 
        D847  4 0.0493 0.1076 0.0597 0.0337 0.1718 0.1341 0.1023 0.1045 0.1476 0.0894 
        D848  4 0.0298 0.1768 0.0760 0.0298 0.4756 0.0792 0.0235 0.0137 0.0638 0.0317 
        D849  4 0.0273 0.0226 0.0293 0.0590 0.0363 0.6283 0.0183 0.0263 0.0859 0.0666 
        D850  4 0.0351 0.1119 0.0327 0.0290 0.5187 0.0502 0.0544 0.0608 0.0888 0.0183 
        D856  4 0.0715 0.0505 0.0291 0.1715 0.0554 0.0644 0.0432 0.0567 0.2811 0.1766 
        D857  4 0.0255 0.0202 0.0907 0.5903 0.0236 0.0300 0.0329 0.0094 0.0295 0.1481 
        D859  4 0.4009 0.1474 0.0365 0.0245 0.0255 0.1408 0.0242 0.0666 0.0748 0.0589 
        D860  4 0.0754 0.1602 0.0839 0.0264 0.0286 0.0170 0.4229 0.0934 0.0700 0.0223 
        D883  4 0.0725 0.0573 0.0305 0.1472 0.0678 0.2779 0.0602 0.1407 0.0658 0.0801 
        D884  4 0.0365 0.0243 0.0125 0.0821 0.0204 0.6871 0.0411 0.0294 0.0265 0.0400 
        D885  4 0.0649 0.3506 0.0499 0.0346 0.1505 0.0865 0.0217 0.0678 0.1509 0.0225 
        D886  4 0.0475 0.0351 0.0728 0.1093 0.0540 0.2230 0.0257 0.1541 0.0696 0.2089 
        D887  4 0.1342 0.2112 0.0986 0.0563 0.0696 0.0453 0.0447 0.1303 0.1187 0.0910 
        D889  4 0.0363 0.5820 0.0085 0.0147 0.0221 0.0293 0.0150 0.0271 0.0399 0.2252 
        D890  4 0.1471 0.0481 0.0790 0.2266 0.0837 0.0352 0.0860 0.0387 0.1057 0.1500 
        D891  4 0.0094 0.9031 0.0119 0.0104 0.0137 0.0088 0.0102 0.0109 0.0124 0.0093 
        D899  4 0.0898 0.1548 0.3943 0.0223 0.0397 0.0307 0.0759 0.0262 0.0755 0.0908 
        D900  4 0.1107 0.0533 0.0621 0.0499 0.1605 0.0578 0.0579 0.1235 0.1662 0.1581 
        D970  4 0.2774 0.1099 0.0685 0.0493 0.0483 0.0720 0.0519 0.1456 0.1436 0.0335 
        D971  4 0.1403 0.0166 0.4378 0.0615 0.0326 0.0250 0.0499 0.0655 0.1096 0.0612 
        D979  4 0.2803 0.0382 0.0389 0.0200 0.0368 0.0351 0.0298 0.3429 0.0702 0.1078 
        D093  5 0.0184 0.0475 0.0210 0.0177 0.0174 0.0656 0.7100 0.0426 0.0316 0.0282 
        D154  5 0.0350 0.2000 0.1050 0.0394 0.0337 0.1500 0.0347 0.0241 0.2591 0.1190 
        D168  5 0.0271 0.1616 0.1868 0.0761 0.1569 0.1162 0.0155 0.0448 0.1252 0.0897 
        D189  5 0.0420 0.1849 0.0348 0.0252 0.0290 0.0844 0.3180 0.0322 0.0840 0.1655 
        D190  5 0.0465 0.0398 0.0228 0.0501 0.0128 0.0339 0.6984 0.0259 0.0386 0.0313 
     D237220  5 0.0670 0.1714 0.0236 0.0947 0.0390 0.3195 0.1031 0.0262 0.0941 0.0614 
     D237221  5 0.0860 0.1908 0.0983 0.0624 0.0214 0.0573 0.2933 0.0839 0.0703 0.0364 
     D237274  5 0.3107 0.0240 0.0626 0.0482 0.0557 0.0471 0.0164 0.2939 0.0815 0.0599 
     D237275  5 0.0169 0.0787 0.4160 0.0373 0.0202 0.0161 0.0234 0.0174 0.0721 0.3017 
     D237276  5 0.0356 0.0270 0.0282 0.1407 0.0305 0.4099 0.1109 0.0588 0.0572 0.1012 
     D237277  5 0.0709 0.1680 0.0476 0.0485 0.0196 0.0277 0.5238 0.0196 0.0459 0.0283 
     D237278  5 0.0788 0.0310 0.3318 0.0715 0.0641 0.0261 0.1502 0.0556 0.1362 0.0547 
     D237279  5 0.1061 0.0497 0.0205 0.1765 0.2588 0.0220 0.0165 0.0566 0.2721 0.0213 
     D237280  5 0.0496 0.0320 0.0169 0.5834 0.0317 0.0595 0.0566 0.0501 0.0912 0.0289 
     D237281  5 0.0359 0.4745 0.1987 0.0230 0.0255 0.0363 0.0262 0.0586 0.0996 0.0216 
     D237351  5 0.0174 0.0303 0.0174 0.7589 0.0201 0.0346 0.0414 0.0176 0.0407 0.0215 
     D237352  5 0.1986 0.0274 0.0797 0.0453 0.2116 0.1628 0.0540 0.0498 0.0708 0.1000 
     D237353  5 0.0321 0.0932 0.0195 0.0960 0.0144 0.0191 0.6379 0.0192 0.0309 0.0378 
     D237359  5 0.0337 0.3359 0.0236 0.0326 0.0393 0.3460 0.0429 0.0319 0.0844 0.0297 
     D237361  5 0.0163 0.0216 0.0184 0.0361 0.0182 0.0121 0.7964 0.0184 0.0305 0.0319 
     D237362  5 0.0571 0.1603 0.0602 0.1507 0.1059 0.0688 0.0735 0.1155 0.1472 0.0608 
     D237363  5 0.0263 0.0673 0.0742 0.0525 0.0544 0.0226 0.0435 0.0302 0.5749 0.0540 
     D237364  5 0.0952 0.0939 0.1171 0.0436 0.0702 0.2677 0.0151 0.0743 0.1464 0.0766 
     D237376  5 0.0930 0.0289 0.0243 0.0161 0.0159 0.0245 0.0423 0.0118 0.0201 0.7232 
     D237377  5 0.0553 0.0472 0.0422 0.4097 0.0389 0.0224 0.0985 0.1279 0.1360 0.0219 
     D237378  5 0.0536 0.0860 0.0694 0.0302 0.0192 0.1258 0.3692 0.0243 0.0610 0.1612 
     D237379  5 0.2054 0.0684 0.0435 0.0255 0.0606 0.0506 0.2194 0.0359 0.1193 0.1714 
     D237380  5 0.0662 0.0131 0.0164 0.4051 0.0163 0.1738 0.0370 0.0287 0.0703 0.1730 
     D237381  5 0.1040 0.0363 0.0707 0.2986 0.0652 0.1491 0.0638 0.0302 0.1111 0.0710 
     D237391  5 0.0266 0.0529 0.0121 0.0164 0.0212 0.0246 0.7850 0.0293 0.0185 0.0135 
     D237392  5 0.1036 0.0396 0.2432 0.0566 0.0895 0.0515 0.0209 0.1698 0.1145 0.1108 
     D237393  5 0.0351 0.0467 0.0538 0.1948 0.0497 0.0307 0.1276 0.3591 0.0600 0.0424 
     D237394  5 0.0326 0.0214 0.0107 0.0284 0.0206 0.0150 0.8149 0.0170 0.0211 0.0183 
     D237395  5 0.0186 0.0998 0.0566 0.0690 0.0668 0.0677 0.2768 0.0365 0.1271 0.1812 
     D237396  5 0.0618 0.0705 0.0561 0.0474 0.2336 0.0246 0.1444 0.2600 0.0878 0.0137 
     D244016  5 0.2547 0.0851 0.0499 0.0429 0.0596 0.0164 0.1692 0.0207 0.2284 0.0732 
     D244018  5 0.0198 0.1172 0.2868 0.0352 0.1062 0.0418 0.2058 0.0514 0.1125 0.0232 
     D244019  5 0.0898 0.1279 0.1028 0.0770 0.0419 0.0264 0.0382 0.0818 0.2510 0.1631 
        D279  5 0.0408 0.5093 0.0454 0.0404 0.0267 0.0755 0.0591 0.0273 0.1520 0.0235 
        D280  5 0.0364 0.1584 0.0389 0.0919 0.1715 0.0267 0.1344 0.0968 0.1802 0.0649 
        D281  5 0.0363 0.5259 0.0707 0.0169 0.0339 0.0327 0.0850 0.0243 0.1049 0.0695 
        D283  5 0.0372 0.1172 0.0270 0.0745 0.0642 0.0406 0.3998 0.1131 0.1072 0.0194 
        D284  5 0.0411 0.0781 0.0369 0.0544 0.2420 0.1131 0.0316 0.0439 0.1749 0.1841 
        D285  5 0.0585 0.2282 0.0167 0.0375 0.0391 0.0578 0.3609 0.0682 0.0931 0.0400 
        D286  5 0.1108 0.0681 0.0235 0.0373 0.0348 0.1954 0.1853 0.0840 0.0986 0.1622 
        D287  5 0.0872 0.0344 0.0232 0.0433 0.0222 0.0512 0.0761 0.0156 0.0567 0.5901 
        D288  5 0.0212 0.2270 0.0281 0.1281 0.0679 0.0275 0.0593 0.2042 0.1945 0.0423 
        D308  5 0.0245 0.0214 0.0210 0.7140 0.0220 0.0357 0.0249 0.0743 0.0411 0.0211 
        D309  5 0.8386 0.0099 0.0129 0.0174 0.0223 0.0163 0.0157 0.0184 0.0321 0.0163 
        D310  5 0.0148 0.0569 0.0126 0.0263 0.0142 0.0205 0.6413 0.0167 0.1567 0.0401 
        D311  5 0.0865 0.0789 0.0439 0.0456 0.0436 0.1576 0.0964 0.0726 0.1484 0.2264 
        D312  5 0.1779 0.0555 0.0453 0.0518 0.1602 0.0261 0.1208 0.1008 0.0814 0.1801 
        D313  5 0.0095 0.0180 0.0137 0.5851 0.1022 0.1783 0.0282 0.0196 0.0297 0.0158 
        D314  5 0.0515 0.1584 0.0890 0.1009 0.0537 0.1740 0.0570 0.0246 0.1480 0.1429 
        D315  5 0.0529 0.0379 0.0476 0.0882 0.0759 0.0321 0.1681 0.2990 0.1084 0.0899 
        D317  5 0.0124 0.0446 0.0138 0.0181 0.0249 0.0352 0.6996 0.0610 0.0324 0.0579 
        D318  5 0.1336 0.0449 0.0538 0.0290 0.4250 0.0187 0.0427 0.0564 0.1276 0.0683 
        D319  5 0.0186 0.0386 0.0203 0.0634 0.0140 0.0347 0.7231 0.0261 0.0321 0.0291 
        D320  5 0.0611 0.1009 0.0160 0.0564 0.0235 0.0453 0.5594 0.0327 0.0599 0.0448 
        D321  5 0.0199 0.1169 0.0110 0.6303 0.0623 0.0181 0.0498 0.0478 0.0310 0.0129 
        D336  5 0.0224 0.0188 0.0135 0.0212 0.0139 0.0241 0.4639 0.0219 0.0397 0.3605 
        D337  5 0.0294 0.0661 0.0177 0.0248 0.0151 0.0156 0.7528 0.0220 0.0348 0.0217 
        D338  5 0.0283 0.1425 0.0564 0.0405 0.0277 0.1435 0.1612 0.2343 0.1225 0.0430 
        D339  5 0.0171 0.1293 0.0352 0.0685 0.0175 0.0572 0.5019 0.0452 0.0653 0.0630 
        D347  5 0.0498 0.0400 0.0484 0.0258 0.0268 0.0228 0.0276 0.0809 0.0721 0.6057 
        D348  5 0.0937 0.0363 0.0220 0.0190 0.0215 0.0182 0.6695 0.0229 0.0585 0.0385 
