        D174  1 0.1558 0.5588 0.1155 0.0434 0.0905 0.0361 
        D199  1 0.0870 0.2606 0.0800 0.2474 0.2674 0.0576 
        D203  1 0.1761 0.0840 0.1459 0.2409 0.2818 0.0713 
        D204  1 0.0357 0.0303 0.0363 0.0350 0.7822 0.0805 
     D237366  1 0.1205 0.0989 0.4584 0.0765 0.0789 0.1668 
     D237367  1 0.1667 0.0477 0.2218 0.0490 0.4442 0.0706 
     D237368  1 0.0695 0.1465 0.5166 0.0562 0.1592 0.0519 
     D244101  1 0.0592 0.0314 0.0405 0.2112 0.2921 0.3656 
     D244102  1 0.1918 0.0940 0.1763 0.0726 0.1577 0.3076 
     D244103  1 0.3969 0.0643 0.2550 0.0428 0.1814 0.0596 
     D244104  1 0.0264 0.1523 0.0545 0.0439 0.6942 0.0288 
     D244105  1 0.1422 0.0288 0.5729 0.0333 0.1851 0.0379 
     D244106  1 0.1015 0.6382 0.0398 0.1256 0.0637 0.0312 
     D244107  1 0.1059 0.0202 0.5395 0.0912 0.1683 0.0749 
     D244108  1 0.1234 0.4258 0.1650 0.0485 0.1702 0.0671 
     D244113  1 0.0854 0.6068 0.0451 0.0440 0.0271 0.1916 
     D244114  1 0.2790 0.1737 0.1249 0.1590 0.1377 0.1256 
     D244115  1 0.1595 0.4088 0.1649 0.0358 0.1819 0.0491 
     D267365  1 0.0728 0.3536 0.0959 0.0684 0.3464 0.0629 
        D404  1 0.1511 0.4889 0.0381 0.0493 0.0419 0.2306 
        D405  1 0.1932 0.1606 0.1054 0.1237 0.1804 0.2367 
        D406  1 0.0287 0.0511 0.7887 0.0190 0.0750 0.0375 
        D407  1 0.0657 0.0327 0.1531 0.0622 0.6658 0.0205 
        D408  1 0.1006 0.6910 0.0310 0.0652 0.0644 0.0479 
        D409  1 0.5214 0.0521 0.2248 0.0484 0.0873 0.0660 
        D410  1 0.2986 0.0341 0.4330 0.0159 0.1887 0.0297 
        D421  1 0.0159 0.0394 0.0196 0.0281 0.8833 0.0136 
        D422  1 0.0388 0.0186 0.8147 0.0455 0.0658 0.0167 
        D423  1 0.2834 0.0216 0.4742 0.0353 0.1661 0.0194 
        D424  1 0.0731 0.0447 0.1244 0.0227 0.7057 0.0295 
        D425  1 0.1099 0.2021 0.0540 0.0403 0.5412 0.0526 
        D426  1 0.4014 0.0509 0.2487 0.1692 0.1006 0.0293 
        D427  1 0.0250 0.2444 0.0347 0.4593 0.2176 0.0190 
        D428  1 0.0750 0.2028 0.1187 0.0450 0.4655 0.0931 
        D429  1 0.1111 0.3188 0.0691 0.0649 0.3791 0.0569 
        D430  1 0.4148 0.2232 0.0840 0.1070 0.1137 0.0573 
        D491  1 0.0495 0.7785 0.0301 0.0217 0.0915 0.0286 
        D492  1 0.1704 0.2021 0.1894 0.0596 0.2954 0.0831 
        D537  1 0.0461 0.0381 0.0757 0.0220 0.7536 0.0646 
        D538  1 0.4119 0.1423 0.2115 0.0683 0.0849 0.0813 
        D539  1 0.1313 0.2963 0.1432 0.1723 0.0826 0.1743 
        D540  1 0.2950 0.0685 0.1261 0.0581 0.4085 0.0438 
        D541  1 0.0325 0.0261 0.0337 0.0235 0.8633 0.0209 
        D551  1 0.1177 0.0475 0.1290 0.5210 0.1374 0.0474 
        D552  1 0.0838 0.2721 0.2776 0.0509 0.2507 0.0649 
        D553  1 0.0253 0.0217 0.0232 0.0166 0.8925 0.0207 
        D615  1 0.1709 0.1019 0.1210 0.1124 0.4515 0.0423 
        D616  1 0.1851 0.1035 0.2126 0.1383 0.3252 0.0353 
        D621  1 0.0613 0.1184 0.5358 0.0321 0.0370 0.2153 
        D622  1 0.0878 0.0524 0.7048 0.0268 0.0594 0.0688 
        D623  1 0.0942 0.2879 0.0348 0.1267 0.0424 0.4140 
        D624  1 0.0375 0.8414 0.0374 0.0201 0.0471 0.0164 
        D625  1 0.1162 0.1052 0.0933 0.0239 0.6116 0.0498 
        D626  1 0.1018 0.4293 0.1888 0.0491 0.1731 0.0579 
        D627  1 0.5028 0.0657 0.2015 0.0779 0.1255 0.0267 
        D690  1 0.0345 0.0719 0.0537 0.0167 0.7966 0.0266 
        D691  1 0.0511 0.0547 0.7360 0.0296 0.0997 0.0287 
        D710  1 0.1020 0.2444 0.1284 0.0529 0.3320 0.1402 
        D711  1 0.0571 0.0499 0.0862 0.0342 0.7074 0.0653 
        D712  1 0.0570 0.7123 0.0642 0.0598 0.0442 0.0626 
        D713  1 0.1241 0.2375 0.1285 0.0226 0.1969 0.2903 
        D746  1 0.0304 0.0326 0.8092 0.0294 0.0754 0.0229 
        D747  1 0.0258 0.0357 0.0205 0.0288 0.8600 0.0292 
        D748  1 0.1392 0.0683 0.3613 0.0258 0.3216 0.0837 
        D749  1 0.1217 0.1359 0.5595 0.0469 0.0351 0.1008 
        D750  1 0.0494 0.6805 0.0802 0.0275 0.1207 0.0417 
        D763  1 0.0962 0.0414 0.1438 0.2145 0.1838 0.3202 
        D764  1 0.0642 0.3012 0.0970 0.0201 0.4975 0.0200 
        D765  1 0.2771 0.1944 0.4086 0.0216 0.0729 0.0254 
        D766  1 0.1133 0.0645 0.3491 0.0265 0.3471 0.0995 
        D767  1 0.1668 0.0445 0.1910 0.0579 0.1576 0.3822 
        D768  1 0.0243 0.0175 0.0297 0.0247 0.8831 0.0206 
        D811  1 0.3667 0.3534 0.0665 0.0411 0.0752 0.0970 
        D816  1 0.0265 0.0457 0.0326 0.0176 0.8440 0.0335 
        D825  1 0.2690 0.3296 0.1127 0.0207 0.2116 0.0563 
        D866  1 0.1148 0.3325 0.0512 0.4120 0.0571 0.0323 
        D867  1 0.0671 0.0318 0.7363 0.0338 0.0348 0.0963 
        D871  1 0.6263 0.0590 0.1799 0.0294 0.0632 0.0421 
        D872  1 0.1299 0.0567 0.2108 0.0471 0.4853 0.0702 
        D873  1 0.4292 0.0192 0.4752 0.0177 0.0225 0.0361 
        D874  1 0.0320 0.1177 0.0204 0.0305 0.0792 0.7202 
        D875  1 0.6236 0.0236 0.2750 0.0156 0.0348 0.0273 
        D876  1 0.0673 0.1202 0.1018 0.0275 0.5839 0.0993 
        D877  1 0.2070 0.4053 0.0254 0.0383 0.0820 0.2420 
        D892  1 0.1307 0.2110 0.2159 0.0210 0.3341 0.0873 
        D893  1 0.0910 0.0361 0.0998 0.0625 0.6015 0.1092 
        D894  1 0.1780 0.1284 0.1022 0.0611 0.4905 0.0397 
        D915  1 0.0964 0.0596 0.1434 0.0344 0.6326 0.0336 
        D916  1 0.0265 0.0307 0.0307 0.0185 0.8754 0.0182 
        D917  1 0.0907 0.4164 0.0664 0.1094 0.1465 0.1707 
        D925  1 0.1486 0.1169 0.3882 0.0293 0.2980 0.0190 
        D926  1 0.0962 0.1429 0.1181 0.0331 0.5130 0.0968 
        D927  1 0.0911 0.1016 0.0704 0.3006 0.3402 0.0961 
        D928  1 0.0326 0.8193 0.0177 0.0202 0.0871 0.0232 
        D929  1 0.1184 0.0829 0.0852 0.0224 0.0404 0.6506 
        D936  1 0.0479 0.0556 0.0348 0.0938 0.5372 0.2308 
        D938  1 0.0332 0.0342 0.8177 0.0195 0.0485 0.0469 
        D956  1 0.1470 0.7040 0.0380 0.0380 0.0343 0.0387 
        D957  1 0.1640 0.0629 0.3379 0.0435 0.2894 0.1022 
        D958  1 0.0923 0.1517 0.2271 0.0251 0.4260 0.0778 
        D959  1 0.0561 0.0269 0.1457 0.0362 0.7177 0.0174 
        D960  1 0.0629 0.0524 0.7864 0.0206 0.0310 0.0466 
        D989  1 0.0421 0.6949 0.0380 0.1094 0.0715 0.0441 
        D990  1 0.3425 0.0883 0.4474 0.0616 0.0259 0.0343 
        D023  2 0.0354 0.0239 0.8126 0.0234 0.0827 0.0220 
        D130  2 0.1041 0.0176 0.7181 0.0330 0.0866 0.0407 
        D131  2 0.3176 0.0567 0.0746 0.0982 0.3802 0.0726 
        D163  2 0.0510 0.0576 0.7071 0.0263 0.1265 0.0315 
        D164  2 0.1062 0.0153 0.2752 0.5255 0.0542 0.0236 
        D165  2 0.0437 0.0291 0.8145 0.0310 0.0513 0.0304 
        D166  2 0.4946 0.0313 0.1282 0.0548 0.0740 0.2169 
        D167  2 0.0333 0.0493 0.0273 0.8454 0.0213 0.0234 
        D192  2 0.0177 0.0252 0.0261 0.8868 0.0145 0.0296 
        D193  2 0.2078 0.3296 0.0768 0.0434 0.0444 0.2981 
        D206  2 0.1168 0.0436 0.1540 0.2565 0.3475 0.0816 
        D207  2 0.1488 0.0281 0.0303 0.6986 0.0579 0.0363 
        D208  2 0.0912 0.3831 0.0729 0.2515 0.0829 0.1185 
        D209  2 0.1223 0.0445 0.1349 0.3636 0.0972 0.2375 
        D210  2 0.0503 0.5905 0.0491 0.1872 0.0779 0.0451 
     D229599  2 0.1289 0.1092 0.1493 0.0896 0.2383 0.2847 
     D229600  2 0.0870 0.0299 0.5088 0.2945 0.0393 0.0405 
     D237227  2 0.1251 0.5612 0.1324 0.0830 0.0536 0.0448 
     D237228  2 0.3177 0.2871 0.2488 0.0784 0.0328 0.0353 
     D237258  2 0.1752 0.1363 0.1935 0.2601 0.1145 0.1204 
     D237310  2 0.5906 0.0538 0.2239 0.0534 0.0187 0.0597 
     D237311  2 0.3468 0.0458 0.3623 0.1657 0.0378 0.0416 
     D237312  2 0.3843 0.0821 0.2568 0.0314 0.0494 0.1960 
     D237313  2 0.1278 0.1396 0.1428 0.0580 0.3881 0.1436 
     D237322  2 0.3086 0.1429 0.0708 0.1829 0.0540 0.2409 
     D237323  2 0.3345 0.1740 0.3773 0.0436 0.0243 0.0462 
     D237324  2 0.1534 0.0203 0.3671 0.3270 0.0810 0.0512 
     D237325  2 0.2295 0.1147 0.3843 0.0698 0.0616 0.1401 
     D237326  2 0.2249 0.1082 0.3983 0.0422 0.1793 0.0471 
     D237327  2 0.1561 0.0852 0.1402 0.3708 0.1007 0.1472 
     D237337  2 0.3866 0.0663 0.3966 0.0296 0.0770 0.0439 
     D237338  2 0.1573 0.1589 0.3013 0.1203 0.0800 0.1822 
     D237339  2 0.0545 0.0247 0.0344 0.1931 0.0745 0.6187 
     D237340  2 0.1868 0.2192 0.2625 0.2019 0.0361 0.0934 
     D237389  2 0.4332 0.0346 0.3617 0.0768 0.0451 0.0486 
     D237390  2 0.3191 0.1244 0.2236 0.0462 0.1096 0.1771 
     D244017  2 0.1612 0.4078 0.0500 0.2854 0.0379 0.0577 
     D244112  2 0.0621 0.0250 0.0537 0.8132 0.0217 0.0243 
     D244118  2 0.0277 0.0334 0.3975 0.4803 0.0185 0.0426 
     D244119  2 0.0365 0.6271 0.0268 0.2625 0.0274 0.0197 
     D244120  2 0.1223 0.0839 0.0481 0.5691 0.0189 0.1576 
     D244122  2 0.0494 0.0546 0.0972 0.6887 0.0448 0.0653 
        D291  2 0.2954 0.0459 0.1435 0.3444 0.1191 0.0517 
        D292  2 0.0680 0.1331 0.0670 0.4208 0.2331 0.0781 
        D293  2 0.0430 0.0208 0.0180 0.6720 0.1650 0.0813 
        D322  2 0.0879 0.0265 0.0694 0.5068 0.1628 0.1466 
        D323  2 0.2085 0.0821 0.0746 0.1422 0.1898 0.3028 
        D324  2 0.1850 0.1224 0.1876 0.1575 0.3115 0.0360 
        D325  2 0.0273 0.0151 0.0189 0.8636 0.0519 0.0232 
        D326  2 0.0230 0.0329 0.0178 0.0290 0.8742 0.0230 
        D340  2 0.0239 0.0201 0.0231 0.8811 0.0311 0.0207 
        D341  2 0.0582 0.0384 0.0492 0.7368 0.0679 0.0495 
        D342  2 0.1057 0.0245 0.1209 0.6809 0.0334 0.0346 
        D343  2 0.0176 0.0108 0.0141 0.9215 0.0210 0.0151 
        D344  2 0.1324 0.0341 0.0418 0.0586 0.2413 0.4919 
        D345  2 0.1207 0.0751 0.2257 0.0668 0.3367 0.1751 
        D346  2 0.0659 0.6276 0.0473 0.1099 0.0858 0.0635 
        D351  2 0.2731 0.0396 0.0997 0.1355 0.3341 0.1180 
        D352  2 0.1082 0.0570 0.0360 0.0395 0.0372 0.7220 
        D353  2 0.1425 0.0308 0.0308 0.0681 0.5235 0.2043 
        D354  2 0.0537 0.0743 0.0439 0.0185 0.1336 0.6761 
        D362  2 0.0434 0.0550 0.0682 0.0408 0.7632 0.0294 
        D363  2 0.0453 0.0779 0.0490 0.0281 0.7678 0.0319 
        D364  2 0.0760 0.0605 0.0620 0.0316 0.4327 0.3371 
        D365  2 0.0224 0.0228 0.0163 0.8659 0.0405 0.0321 
        D369  2 0.1258 0.2370 0.0821 0.2493 0.2749 0.0308 
        D374  2 0.0620 0.6854 0.0272 0.0293 0.0297 0.1665 
        D375  2 0.0511 0.0246 0.0302 0.0175 0.0307 0.8459 
        D376  2 0.0798 0.6254 0.0402 0.0378 0.0224 0.1944 
        D377  2 0.2919 0.1692 0.1710 0.1029 0.0997 0.1653 
        D378  2 0.0970 0.0418 0.0934 0.2398 0.2670 0.2609 
        D379  2 0.0426 0.0396 0.0274 0.0268 0.8029 0.0608 
        D384  2 0.0247 0.0384 0.0214 0.0223 0.8744 0.0189 
        D385  2 0.0402 0.0488 0.0268 0.6928 0.0300 0.1614 
        D386  2 0.0920 0.0291 0.0828 0.0711 0.2305 0.4944 
        D391  2 0.0370 0.0236 0.0252 0.7611 0.0521 0.1009 
        D392  2 0.1032 0.0750 0.0685 0.6308 0.0909 0.0316 
        D393  2 0.0655 0.0349 0.0759 0.1856 0.4483 0.1898 
        D394  2 0.1818 0.0689 0.3092 0.0783 0.1066 0.2553 
        D395  2 0.0594 0.0270 0.0265 0.1674 0.0340 0.6857 
        D401  2 0.4625 0.0517 0.3913 0.0336 0.0405 0.0204 
        D402  2 0.0285 0.0224 0.0215 0.8440 0.0241 0.0594 
        D403  2 0.1442 0.0431 0.1721 0.0523 0.4026 0.1857 
        D415  2 0.1551 0.0242 0.0638 0.0273 0.6953 0.0343 
        D435  2 0.0450 0.0240 0.0501 0.1951 0.6264 0.0594 
        D436  2 0.0698 0.0668 0.0449 0.0368 0.2004 0.5813 
        D438  2 0.0207 0.0233 0.0217 0.8932 0.0212 0.0199 
        D439  2 0.0756 0.0292 0.0839 0.0623 0.1196 0.6294 
        D449  2 0.0678 0.0351 0.0754 0.5975 0.1977 0.0265 
        D450  2 0.2272 0.2195 0.0935 0.0375 0.1416 0.2807 
        D456  2 0.0257 0.0257 0.0277 0.0173 0.8820 0.0215 
        D462  2 0.0293 0.0189 0.0279 0.7677 0.0511 0.1051 
        D463  2 0.0226 0.0381 0.0206 0.0156 0.8759 0.0272 
        D464  2 0.1666 0.0499 0.0298 0.0649 0.1658 0.5229 
        D465  2 0.1465 0.0269 0.0786 0.3753 0.3338 0.0389 
        D473  2 0.1065 0.5866 0.0902 0.0462 0.0348 0.1357 
        D474  2 0.0481 0.1070 0.0793 0.1286 0.6018 0.0351 
        D476  2 0.0360 0.0182 0.3605 0.0559 0.0343 0.4951 
        D477  2 0.1104 0.1045 0.0535 0.0511 0.3932 0.2872 
        D478  2 0.2724 0.1911 0.2270 0.0838 0.0812 0.1445 
        D480  2 0.1008 0.1487 0.0452 0.1837 0.2780 0.2436 
        D481  2 0.1046 0.1911 0.1363 0.0726 0.2463 0.2492 
        D482  2 0.1023 0.1445 0.0830 0.0651 0.0334 0.5716 
        D483  2 0.0235 0.0817 0.0425 0.7982 0.0256 0.0285 
        D484  2 0.0262 0.0279 0.0222 0.0259 0.0156 0.8822 
        D510  2 0.0393 0.7730 0.0295 0.0551 0.0349 0.0682 
        D511  2 0.0555 0.0336 0.0691 0.0774 0.1593 0.6051 
        D512  2 0.5491 0.0202 0.2434 0.0969 0.0447 0.0457 
        D513  2 0.0746 0.0804 0.0570 0.6006 0.1540 0.0334 
        D635  2 0.1281 0.0628 0.3411 0.0585 0.3856 0.0239 
        D636  2 0.0342 0.0300 0.8509 0.0200 0.0451 0.0198 
        D637  2 0.1378 0.1174 0.0529 0.2212 0.0621 0.4086 
        D658  2 0.0806 0.1023 0.0687 0.3718 0.0334 0.3431 
        D659  2 0.0294 0.0567 0.0721 0.0547 0.7362 0.0509 
        D677  2 0.0896 0.0384 0.1664 0.0945 0.5152 0.0959 
        D678  2 0.1171 0.0263 0.0763 0.6665 0.0494 0.0643 
        D679  2 0.0849 0.0859 0.0512 0.1058 0.5986 0.0736 
        D719  2 0.0385 0.4354 0.0254 0.2299 0.2166 0.0542 
        D720  2 0.0442 0.0955 0.0356 0.0430 0.7540 0.0278 
        D721  2 0.0540 0.0656 0.6819 0.0640 0.0664 0.0680 
        D722  2 0.1300 0.5100 0.0525 0.0795 0.0520 0.1760 
        D734  2 0.0364 0.2233 0.0189 0.0864 0.0279 0.6072 
        D735  2 0.2279 0.1377 0.1253 0.0860 0.3174 0.1057 
        D736  2 0.0627 0.4967 0.0957 0.1627 0.1142 0.0680 
        D737  2 0.0592 0.0693 0.1112 0.4330 0.0323 0.2950 
        D807  2 0.0787 0.3394 0.0773 0.1193 0.2601 0.1253 
        D808  2 0.4308 0.0421 0.1679 0.1626 0.0962 0.1003 
        D817  2 0.0912 0.0622 0.0574 0.0343 0.6026 0.1524 
        D818  2 0.2484 0.0392 0.1423 0.4101 0.0993 0.0607 
        D819  2 0.3541 0.0637 0.1451 0.0420 0.3212 0.0740 
        D820  2 0.0441 0.0437 0.0374 0.0634 0.6977 0.1136 
        D895  2 0.0705 0.0608 0.1578 0.0411 0.6066 0.0632 
        D896  2 0.4372 0.0547 0.4161 0.0267 0.0357 0.0296 
        D897  2 0.1206 0.0402 0.0423 0.6839 0.0472 0.0659 
        D898  2 0.4831 0.0847 0.1259 0.0863 0.0831 0.1370 
        D918  2 0.2941 0.0950 0.2330 0.1374 0.0771 0.1634 
        D919  2 0.0925 0.0354 0.0475 0.1418 0.1634 0.5194 
        D920  2 0.0546 0.0556 0.7693 0.0287 0.0405 0.0512 
        D923  2 0.0568 0.0341 0.0442 0.0282 0.7192 0.1175 
        D930  2 0.2044 0.1770 0.0655 0.0586 0.2917 0.2028 
        D931  2 0.0880 0.0719 0.0580 0.1250 0.3345 0.3227 
        D968  2 0.0217 0.0207 0.0169 0.8807 0.0272 0.0329 
        D969  2 0.1015 0.1102 0.0499 0.3830 0.2859 0.0695 
        D977  2 0.0824 0.0314 0.0420 0.7471 0.0548 0.0423 
        D978  2 0.4295 0.0540 0.0419 0.3603 0.0466 0.0678 
        D211  3 0.2466 0.0456 0.4914 0.0338 0.1081 0.0744 
     D229639  3 0.0483 0.2493 0.0543 0.5042 0.0970 0.0469 
     D237212  3 0.1696 0.0455 0.1122 0.1865 0.1322 0.3539 
     D237213  3 0.3458 0.0363 0.2434 0.0501 0.1327 0.1917 
     D237214  3 0.2403 0.0408 0.6268 0.0190 0.0426 0.0305 
     D237215  3 0.0656 0.1209 0.0304 0.7118 0.0265 0.0448 
     D237216  3 0.4036 0.0553 0.2090 0.0527 0.1737 0.1057 
     D237217  3 0.1579 0.0243 0.4522 0.0736 0.2565 0.0356 
     D237218  3 0.1561 0.1177 0.1183 0.1603 0.1237 0.3240 
     D237219  3 0.2033 0.1890 0.3970 0.0762 0.0821 0.0524 
     D237382  3 0.4185 0.1646 0.1151 0.0678 0.1571 0.0768 
     D244127  3 0.3722 0.0374 0.3417 0.1287 0.0501 0.0699 
     D244129  3 0.2597 0.0738 0.2427 0.1007 0.2001 0.1229 
     D244133  3 0.2436 0.2453 0.1443 0.1821 0.1612 0.0234 
     D244134  3 0.0693 0.5261 0.1133 0.1613 0.0811 0.0488 
     D244135  3 0.1000 0.0256 0.6749 0.0729 0.0737 0.0529 
     D244136  3 0.1072 0.3278 0.0906 0.1220 0.3058 0.0466 
        D416  3 0.1769 0.0564 0.1727 0.2726 0.2499 0.0714 
        D417  3 0.0659 0.0376 0.0595 0.0257 0.7659 0.0454 
        D419  3 0.1195 0.1198 0.2032 0.2163 0.2685 0.0728 
        D565  3 0.0230 0.8687 0.0187 0.0276 0.0447 0.0173 
        D566  3 0.0854 0.4825 0.0374 0.2859 0.0795 0.0293 
        D567  3 0.0501 0.0395 0.1200 0.0461 0.6849 0.0593 
        D568  3 0.0631 0.0270 0.2356 0.1593 0.3201 0.1947 
        D569  3 0.1230 0.0497 0.0870 0.0873 0.0347 0.6183 
        D573  3 0.0518 0.0345 0.0334 0.7050 0.1404 0.0349 
        D574  3 0.2115 0.5241 0.0795 0.0617 0.0603 0.0629 
        D575  3 0.1128 0.2157 0.2098 0.1060 0.2886 0.0670 
        D576  3 0.0687 0.0506 0.0425 0.7914 0.0116 0.0353 
        D577  3 0.1265 0.0578 0.1452 0.0467 0.5388 0.0849 
        D578  3 0.1875 0.0166 0.7163 0.0342 0.0231 0.0223 
        D579  3 0.0866 0.2911 0.0880 0.1443 0.2415 0.1485 
        D660  3 0.2304 0.0281 0.1112 0.4659 0.0325 0.1320 
        D661  3 0.0835 0.0295 0.1070 0.5857 0.0505 0.1438 
        D663  3 0.0586 0.0316 0.0306 0.7687 0.0506 0.0599 
        D664  3 0.2158 0.1402 0.3249 0.2150 0.0377 0.0663 
        D665  3 0.6448 0.0176 0.1384 0.0540 0.0234 0.1217 
        D666  3 0.1816 0.2268 0.2040 0.0576 0.2517 0.0783 
        D009  4 0.2528 0.0576 0.2964 0.0311 0.1464 0.2157 
        D057  4 0.0257 0.0425 0.2300 0.1779 0.0409 0.4830 
        D109  4 0.4035 0.0835 0.3396 0.0340 0.0879 0.0515 
     D237222  4 0.0931 0.1764 0.5653 0.0453 0.0519 0.0681 
     D237223  4 0.2049 0.1468 0.3179 0.1313 0.0863 0.1128 
     D237224  4 0.0677 0.0552 0.0725 0.2846 0.1956 0.3245 
     D237225  4 0.2757 0.0746 0.2231 0.0590 0.2345 0.1332 
     D237299  4 0.6840 0.0498 0.1494 0.0478 0.0236 0.0453 
     D237300  4 0.0530 0.0669 0.0408 0.7576 0.0327 0.0489 
     D237306  4 0.1189 0.5626 0.0980 0.0392 0.1013 0.0801 
     D237307  4 0.1232 0.2678 0.0756 0.0779 0.4233 0.0322 
     D237308  4 0.0533 0.1138 0.1250 0.3927 0.0781 0.2370 
     D237309  4 0.1658 0.0449 0.2956 0.0924 0.2561 0.1451 
     D237317  4 0.0762 0.5345 0.0711 0.0352 0.2329 0.0500 
     D237318  4 0.0631 0.0340 0.0231 0.8283 0.0308 0.0208 
     D237319  4 0.3080 0.0576 0.2997 0.0831 0.1719 0.0797 
     D237320  4 0.1436 0.0673 0.3616 0.2247 0.1565 0.0463 
     D237321  4 0.0706 0.1102 0.0799 0.6051 0.0848 0.0495 
     D237397  4 0.1019 0.2806 0.2136 0.2213 0.1202 0.0624 
     D237398  4 0.2195 0.0371 0.0772 0.4637 0.1345 0.0679 
     D237399  4 0.1411 0.3443 0.1334 0.1326 0.1525 0.0961 
     D244001  4 0.0414 0.0460 0.6613 0.0775 0.0568 0.1170 
        D289  4 0.0824 0.3168 0.0835 0.1299 0.0990 0.2884 
        D290  4 0.5727 0.0474 0.0866 0.0669 0.0960 0.1304 
        D294  4 0.2900 0.0658 0.0976 0.0589 0.1370 0.3506 
        D295  4 0.1167 0.0840 0.0903 0.0367 0.5264 0.1459 
        D301  4 0.0450 0.0715 0.7083 0.0782 0.0350 0.0620 
        D302  4 0.0453 0.0268 0.0414 0.0225 0.1064 0.7577 
        D303  4 0.0936 0.6033 0.0673 0.0583 0.0508 0.1266 
        D304  4 0.4359 0.1548 0.0729 0.1024 0.1138 0.1202 
        D305  4 0.0836 0.0189 0.0612 0.0918 0.0326 0.7120 
        D306  4 0.6798 0.0520 0.0760 0.0321 0.0833 0.0768 
        D307  4 0.0353 0.0872 0.7480 0.0330 0.0227 0.0738 
        D327  4 0.0909 0.0881 0.0573 0.0703 0.6286 0.0647 
        D328  4 0.0640 0.1756 0.0413 0.0319 0.0390 0.6482 
        D329  4 0.1122 0.0656 0.1599 0.2102 0.1080 0.3442 
        D330  4 0.2340 0.0234 0.1779 0.0382 0.4272 0.0993 
        D331  4 0.2763 0.1594 0.1262 0.1035 0.2343 0.1004 
        D333  4 0.0969 0.1824 0.1325 0.1243 0.1071 0.3569 
        D334  4 0.0909 0.6039 0.1094 0.0303 0.0768 0.0886 
        D335  4 0.0433 0.0466 0.0367 0.0310 0.2653 0.5772 
        D370  4 0.2005 0.1986 0.1681 0.0495 0.0845 0.2988 
        D371  4 0.0334 0.7638 0.0316 0.0327 0.1043 0.0342 
        D372  4 0.2489 0.0623 0.0328 0.5912 0.0215 0.0432 
        D373  4 0.0414 0.0347 0.6598 0.1219 0.0446 0.0976 
        D455  4 0.0585 0.0335 0.7125 0.0478 0.0427 0.1050 
        D490  4 0.0386 0.0308 0.8364 0.0177 0.0251 0.0514 
        D497  4 0.0701 0.0335 0.7533 0.0288 0.0245 0.0898 
        D498  4 0.3835 0.1884 0.1335 0.0954 0.1072 0.0921 
        D499  4 0.2708 0.1672 0.0391 0.3169 0.0334 0.1726 
        D514  4 0.2477 0.0298 0.0841 0.0471 0.3937 0.1976 
        D515  4 0.3993 0.0574 0.3276 0.0473 0.0791 0.0893 
        D516  4 0.1447 0.1129 0.1797 0.1154 0.3998 0.0476 
        D517  4 0.0620 0.0339 0.6905 0.0846 0.0666 0.0624 
        D518  4 0.0351 0.0946 0.1876 0.0354 0.0385 0.6089 
        D519  4 0.2272 0.0521 0.4098 0.1339 0.1365 0.0405 
        D560  4 0.2246 0.0310 0.2845 0.1877 0.1634 0.1088 
        D561  4 0.4690 0.0220 0.2783 0.0460 0.1093 0.0754 
        D562  4 0.3048 0.0984 0.1792 0.1087 0.0680 0.2408 
        D563  4 0.1574 0.0290 0.0940 0.3733 0.0496 0.2967 
        D572  4 0.0515 0.0328 0.0579 0.0299 0.0582 0.7697 
        D629  4 0.1300 0.0621 0.2716 0.0538 0.3586 0.1240 
        D630  4 0.2150 0.1135 0.2079 0.0679 0.1379 0.2578 
        D631  4 0.0423 0.0357 0.0453 0.1058 0.0283 0.7427 
        D632  4 0.0491 0.0284 0.5068 0.1290 0.0779 0.2089 
        D646  4 0.1058 0.0429 0.2168 0.1021 0.4702 0.0621 
        D647  4 0.0824 0.0202 0.1483 0.0623 0.5733 0.1134 
        D648  4 0.0852 0.0718 0.0305 0.0249 0.0228 0.7648 
        D649  4 0.0889 0.0412 0.1706 0.0288 0.4773 0.1931 
        D650  4 0.1540 0.1681 0.1621 0.0520 0.2560 0.2077 
        D708  4 0.1444 0.3303 0.0711 0.0459 0.0650 0.3433 
        D709  4 0.5674 0.0711 0.0668 0.0310 0.0828 0.1810 
        D738  4 0.0623 0.5936 0.1454 0.0298 0.1279 0.0410 
        D739  4 0.3083 0.0541 0.2884 0.0607 0.0554 0.2331 
        D740  4 0.3717 0.2074 0.1434 0.1032 0.0454 0.1289 
        D741  4 0.2369 0.0324 0.1546 0.2329 0.2877 0.0554 
        D742  4 0.1165 0.1466 0.0782 0.4269 0.0603 0.1716 
        D743  4 0.0415 0.0370 0.0481 0.0590 0.4307 0.3836 
        D744  4 0.0604 0.0269 0.0343 0.0560 0.0391 0.7833 
        D745  4 0.2879 0.0431 0.4868 0.0514 0.0700 0.0607 
        D814  4 0.1145 0.0358 0.1237 0.4611 0.0997 0.1651 
        D815  4 0.1029 0.0642 0.0639 0.0449 0.2075 0.5166 
        D828  4 0.1831 0.2116 0.0706 0.1465 0.0219 0.3664 
        D845  4 0.0259 0.1028 0.0227 0.7593 0.0390 0.0504 
        D846  4 0.0828 0.0197 0.1047 0.1369 0.1791 0.4768 
        D847  4 0.2932 0.1414 0.2080 0.1121 0.1476 0.0978 
        D848  4 0.0426 0.0289 0.6537 0.1814 0.0246 0.0688 
        D849  4 0.3385 0.0368 0.3680 0.0465 0.0794 0.1309 
        D850  4 0.1267 0.1343 0.2669 0.1369 0.2732 0.0620 
        D856  4 0.5745 0.0588 0.1431 0.0392 0.0968 0.0875 
        D857  4 0.3765 0.0431 0.4460 0.0572 0.0188 0.0585 
        D859  4 0.0459 0.0326 0.0445 0.0661 0.0918 0.7192 
        D860  4 0.0343 0.5645 0.0417 0.1507 0.1058 0.1030 
        D883  4 0.1150 0.1516 0.2311 0.0439 0.3063 0.1519 
        D884  4 0.2024 0.1516 0.2237 0.0371 0.1991 0.1862 
        D885  4 0.2336 0.0441 0.1318 0.2000 0.2258 0.1647 
        D886  4 0.2173 0.0403 0.3199 0.0741 0.2144 0.1340 
        D887  4 0.1716 0.0966 0.0937 0.2644 0.1277 0.2460 
        D889  4 0.4336 0.0746 0.0415 0.2012 0.0707 0.1783 
        D890  4 0.1739 0.1761 0.1548 0.0680 0.0972 0.3301 
        D891  4 0.0328 0.0201 0.0146 0.8970 0.0199 0.0157 
        D899  4 0.0584 0.1411 0.0394 0.5897 0.0453 0.1261 
        D900  4 0.3107 0.1094 0.1057 0.0995 0.1956 0.1791 
        D970  4 0.1118 0.0878 0.0967 0.0775 0.1448 0.4814 
        D971  4 0.1281 0.0782 0.0523 0.3920 0.1310 0.2185 
        D979  4 0.0623 0.0430 0.0281 0.0349 0.3840 0.4476 
        D093  5 0.0492 0.7599 0.0423 0.0420 0.0586 0.0481 
        D154  5 0.2577 0.0963 0.0471 0.4384 0.0774 0.0831 
        D168  5 0.1797 0.0270 0.1783 0.3355 0.1977 0.0818 
        D189  5 0.1333 0.5641 0.0424 0.1368 0.0573 0.0661 
        D190  5 0.0369 0.7508 0.0323 0.0393 0.0513 0.0894 
     D237220  5 0.3012 0.1857 0.2395 0.0469 0.0443 0.1824 
     D237221  5 0.0975 0.4100 0.0650 0.2202 0.1111 0.0962 
     D237274  5 0.0544 0.0214 0.0456 0.0452 0.7229 0.1105 
     D237275  5 0.1272 0.0392 0.0325 0.7337 0.0252 0.0420 
     D237276  5 0.1342 0.2370 0.2252 0.0658 0.2232 0.1146 
     D237277  5 0.0462 0.6746 0.0309 0.1121 0.0484 0.0879 
     D237278  5 0.1291 0.2772 0.1215 0.3096 0.0477 0.1150 
     D237279  5 0.4094 0.0318 0.3643 0.0442 0.0805 0.0699 
     D237280  5 0.1452 0.0985 0.3699 0.0287 0.2740 0.0838 
     D237281  5 0.0355 0.0277 0.0207 0.8479 0.0426 0.0256 
     D237351  5 0.2375 0.1457 0.3840 0.0456 0.1399 0.0473 
     D237352  5 0.0820 0.0782 0.3686 0.0752 0.1590 0.2370 
     D237353  5 0.0339 0.8240 0.0279 0.0289 0.0288 0.0565 
     D237359  5 0.3199 0.1307 0.1875 0.0763 0.0766 0.2091 
     D237361  5 0.0372 0.8521 0.0298 0.0235 0.0305 0.0269 
     D237362  5 0.1428 0.1965 0.0830 0.0852 0.3943 0.0983 
     D237363  5 0.4977 0.0741 0.0595 0.2675 0.0639 0.0373 
     D237364  5 0.2173 0.0272 0.1527 0.1805 0.1466 0.2758 
     D237376  5 0.1649 0.2462 0.0370 0.0641 0.0217 0.4660 
     D237377  5 0.1757 0.1381 0.2230 0.0482 0.3493 0.0656 
     D237378  5 0.0654 0.5267 0.0551 0.0977 0.0335 0.2216 
     D237379  5 0.1491 0.2419 0.0552 0.0405 0.0407 0.4726 
     D237380  5 0.1773 0.1072 0.4300 0.0203 0.0767 0.1884 
     D237381  5 0.1677 0.0961 0.4445 0.0854 0.0722 0.1343 
     D237391  5 0.0477 0.7903 0.0418 0.0383 0.0469 0.0350 
     D237392  5 0.0839 0.0399 0.0681 0.1733 0.5584 0.0764 
     D237393  5 0.0607 0.3581 0.0746 0.0849 0.3737 0.0480 
     D237394  5 0.0236 0.8741 0.0246 0.0164 0.0277 0.0335 
     D237395  5 0.2958 0.3551 0.1353 0.1214 0.0499 0.0425 
     D237396  5 0.0850 0.2353 0.1716 0.0898 0.3699 0.0484 
     D244016  5 0.2439 0.3021 0.0436 0.0999 0.0463 0.2642 
     D244018  5 0.0645 0.2624 0.1007 0.4101 0.1082 0.0541 
     D244019  5 0.2388 0.0795 0.0482 0.1686 0.3016 0.1633 
        D279  5 0.1610 0.1383 0.0869 0.2832 0.0792 0.2514 
        D280  5 0.1815 0.3481 0.1322 0.1303 0.1590 0.0489 
        D281  5 0.1366 0.1024 0.0270 0.6531 0.0387 0.0422 
        D283  5 0.0560 0.5541 0.0404 0.0661 0.2467 0.0369 
        D284  5 0.4904 0.0544 0.2395 0.0822 0.0848 0.0488 
        D285  5 0.1184 0.5798 0.0570 0.0450 0.0936 0.1063 
        D286  5 0.1784 0.2598 0.1014 0.0601 0.1233 0.2769 
        D287  5 0.1749 0.1994 0.0956 0.0383 0.0268 0.4650 
        D288  5 0.1262 0.1748 0.0456 0.1826 0.4166 0.0542 
        D308  5 0.2118 0.0423 0.4100 0.0249 0.2868 0.0242 
        D309  5 0.0591 0.0327 0.0363 0.0158 0.0591 0.7970 
        D310  5 0.0918 0.7923 0.0243 0.0280 0.0305 0.0332 
        D311  5 0.1438 0.1714 0.0726 0.0589 0.2529 0.3004 
        D312  5 0.1284 0.2822 0.1068 0.0564 0.1399 0.2863 
        D313  5 0.1971 0.0387 0.6924 0.0156 0.0413 0.0150 
        D314  5 0.2670 0.1178 0.1208 0.1903 0.0635 0.2407 
        D315  5 0.1059 0.4361 0.0969 0.0764 0.2126 0.0721 
        D317  5 0.0344 0.8248 0.0283 0.0297 0.0599 0.0230 
        D318  5 0.2878 0.1071 0.1281 0.1083 0.1515 0.2173 
        D319  5 0.0653 0.8042 0.0311 0.0345 0.0399 0.0250 
        D320  5 0.0538 0.7537 0.0392 0.0263 0.0409 0.0861 
        D321  5 0.1982 0.1000 0.3421 0.0637 0.2733 0.0228 
        D336  5 0.0982 0.6731 0.0299 0.0215 0.0368 0.1404 
        D337  5 0.0214 0.8705 0.0140 0.0384 0.0287 0.0271 
        D338  5 0.2399 0.2216 0.0981 0.1330 0.1924 0.1150 
        D339  5 0.0832 0.7068 0.0568 0.0649 0.0534 0.0349 
        D347  5 0.2063 0.1149 0.0491 0.1610 0.2464 0.2222 
        D348  5 0.0406 0.7218 0.0223 0.0286 0.0372 0.1495 
        D349  5 0.2979 0.0855 0.3943 0.0350 0.1458 0.0416 
        D350  5 0.0312 0.0236 0.0251 0.0349 0.0248 0.8604 
        D355  5 0.1848 0.0417 0.0334 0.4908 0.1674 0.0818 
        D356  5 0.0860 0.4327 0.1282 0.0417 0.2141 0.0973 
        D357  5 0.4561 0.1753 0.0785 0.0839 0.0731 0.1331 
        D358  5 0.1090 0.5033 0.1003 0.0636 0.0582 0.1656 
        D359  5 0.0649 0.4777 0.0309 0.0244 0.3110 0.0911 
        D360  5 0.0874 0.5766 0.1494 0.0309 0.0955 0.0602 
        D361  5 0.3116 0.0410 0.4396 0.0258 0.1587 0.0233 
        D366  5 0.0458 0.0362 0.0568 0.2493 0.5800 0.0319 
        D367  5 0.1976 0.4982 0.0630 0.0286 0.0398 0.1727 
        D368  5 0.2696 0.2770 0.1326 0.0503 0.1987 0.0718 
        D380  5 0.1870 0.0584 0.1131 0.0818 0.1430 0.4168 
        D381  5 0.1128 0.6253 0.0347 0.0592 0.0849 0.0830 
        D400  5 0.1006 0.3017 0.0800 0.1277 0.1053 0.2847 
        D411  5 0.1710 0.0166 0.7192 0.0279 0.0295 0.0358 
        D412  5 0.2752 0.1476 0.1767 0.1729 0.1140 0.1136 
        D413  5 0.1053 0.0436 0.0688 0.6233 0.0928 0.0661 
        D414  5 0.0600 0.0254 0.0259 0.0935 0.0346 0.7606 
        D420  5 0.5128 0.0725 0.2489 0.0844 0.0452 0.0361 
        D431  5 0.2735 0.1017 0.1050 0.1224 0.0364 0.3610 
        D432  5 0.0633 0.5496 0.1421 0.0885 0.0895 0.0670 
        D433  5 0.0612 0.6169 0.0561 0.0933 0.1167 0.0557 
        D434  5 0.0809 0.5653 0.0650 0.0460 0.1802 0.0626 
        D440  5 0.0405 0.0278 0.0267 0.0241 0.0252 0.8557 
        D447  5 0.2126 0.0428 0.1871 0.0764 0.3625 0.1186 
        D448  5 0.0812 0.5277 0.0379 0.0861 0.1130 0.1540 
        D459  5 0.0401 0.0406 0.0246 0.7171 0.0952 0.0824 
        D460  5 0.2150 0.0806 0.3726 0.0243 0.2793 0.0281 
        D461  5 0.0280 0.0324 0.0293 0.0226 0.0822 0.8056 
        D468  5 0.3207 0.1729 0.0758 0.0672 0.2871 0.0763 
        D469  5 0.0845 0.1236 0.0987 0.0483 0.5435 0.1014 
        D470  5 0.2067 0.1142 0.2786 0.0539 0.1422 0.2044 
        D471  5 0.0987 0.5911 0.0237 0.0892 0.1002 0.0972 
        D472  5 0.0328 0.0292 0.0247 0.1716 0.7139 0.0278 
        D479  5 0.0502 0.0296 0.0411 0.6196 0.0375 0.2220 
        D485  5 0.1817 0.0664 0.0532 0.0529 0.0438 0.6020 
        D486  5 0.4539 0.1031 0.1500 0.0466 0.1669 0.0795 
        D487  5 0.0743 0.2207 0.0784 0.2966 0.0429 0.2871 
        D555  5 0.0334 0.8121 0.0269 0.0639 0.0343 0.0294 
        D556  5 0.1189 0.2033 0.0788 0.0979 0.0621 0.4391 
        D557  5 0.0299 0.7976 0.0222 0.0469 0.0351 0.0683 
        D564  5 0.1002 0.2750 0.0904 0.0386 0.0585 0.4374 
        D594  5 0.2927 0.1035 0.0850 0.1157 0.2583 0.1448 
        D595  5 0.1091 0.3856 0.0738 0.1287 0.2033 0.0996 
        D596  5 0.0324 0.8389 0.0320 0.0446 0.0248 0.0273 
        D597  5 0.0432 0.3364 0.0404 0.3093 0.1571 0.1136 
        D598  5 0.0717 0.4517 0.1872 0.0602 0.0947 0.1345 
        D617  5 0.1217 0.0266 0.5855 0.1636 0.0544 0.0483 
        D618  5 0.0541 0.6195 0.0612 0.0843 0.0851 0.0958 
        D619  5 0.1970 0.1724 0.2210 0.0684 0.2847 0.0565 
        D620  5 0.0326 0.0330 0.0261 0.8316 0.0535 0.0233 
        D628  5 0.0639 0.0620 0.1198 0.0296 0.0379 0.6868 
        D714  5 0.0840 0.2318 0.0433 0.1777 0.0271 0.4361 
        D715  5 0.0307 0.7414 0.0334 0.0722 0.0706 0.0517 
        D716  5 0.2232 0.0863 0.0640 0.1838 0.1408 0.3020 
        D717  5 0.1114 0.2441 0.1207 0.0589 0.3044 0.1605 
        D718  5 0.5938 0.1016 0.1076 0.0668 0.0313 0.0989 
        D769  5 0.1091 0.0363 0.5408 0.1543 0.0582 0.1012 
        D770  5 0.1251 0.1005 0.0503 0.2361 0.0642 0.4239 
        D771  5 0.2441 0.1117 0.1179 0.2919 0.0727 0.1618 
        D772  5 0.0498 0.1786 0.0565 0.0357 0.0420 0.6375 
        D782  5 0.3575 0.0583 0.1914 0.2837 0.0771 0.0320 
        D783  5 0.0984 0.1037 0.0438 0.2238 0.0368 0.4935 
        D784  5 0.1003 0.1394 0.0636 0.0635 0.3285 0.3046 
        D785  5 0.0631 0.6280 0.0659 0.0292 0.0758 0.1378 
        D786  5 0.1065 0.0256 0.4436 0.0561 0.2141 0.1541 
        D821  5 0.0256 0.8908 0.0150 0.0204 0.0160 0.0321 
        D822  5 0.2456 0.1375 0.0506 0.1013 0.3362 0.1288 
        D826  5 0.1293 0.3585 0.0484 0.2537 0.0999 0.1102 
        D827  5 0.1440 0.0642 0.0874 0.0934 0.4966 0.1144 
        D851  5 0.2713 0.2416 0.1419 0.0952 0.1193 0.1307 
        D852  5 0.0482 0.1825 0.0654 0.1415 0.0361 0.5263 
        D853  5 0.2675 0.3449 0.0951 0.1027 0.1033 0.0865 
        D854  5 0.3924 0.0257 0.0590 0.2015 0.1800 0.1413 
        D861  5 0.2890 0.1943 0.1110 0.1763 0.1360 0.0933 
        D862  5 0.1236 0.2975 0.0544 0.0386 0.3841 0.1018 
        D865  5 0.0594 0.6910 0.0506 0.1005 0.0459 0.0526 
        D868  5 0.0506 0.1142 0.0595 0.0443 0.6910 0.0404 
        D869  5 0.0893 0.0486 0.7057 0.0429 0.0940 0.0195 
        D870  5 0.5705 0.0196 0.2527 0.0528 0.0691 0.0352 
        D907  5 0.0996 0.7159 0.0652 0.0396 0.0443 0.0355 
        D908  5 0.0668 0.2312 0.0554 0.2624 0.0366 0.3477 
        D910  5 0.0665 0.3863 0.0362 0.2575 0.1365 0.1170 
        D911  5 0.1926 0.0401 0.0247 0.5555 0.1345 0.0525 
        D934  5 0.1359 0.0786 0.0494 0.1817 0.0601 0.4944 
        D946  5 0.1270 0.0535 0.0483 0.0984 0.0276 0.6452 
        D947  5 0.2684 0.0636 0.0828 0.0762 0.2014 0.3076 
        D948  5 0.1881 0.1608 0.3817 0.0258 0.2187 0.0248 
        D949  5 0.2067 0.1141 0.3830 0.0311 0.2271 0.0380 
        D950  5 0.1102 0.0572 0.0274 0.6021 0.1410 0.0621 
        D951  5 0.3628 0.0423 0.0908 0.0391 0.3665 0.0986 
        D952  5 0.0432 0.1071 0.0393 0.0520 0.7051 0.0533 
        D953  5 0.0522 0.6919 0.0396 0.0457 0.1191 0.0515 
        D954  5 0.1311 0.2928 0.0342 0.0274 0.4624 0.0522 
        D961  5 0.2592 0.1270 0.0711 0.0641 0.0379 0.4407 
        D962  5 0.0429 0.3832 0.0355 0.0190 0.0411 0.4782 
        D963  5 0.0821 0.3135 0.0388 0.0605 0.2589 0.2462 
        D964  5 0.3312 0.0747 0.1583 0.1028 0.0540 0.2790 
        D965  5 0.0842 0.0554 0.0728 0.0548 0.0410 0.6918 
        D966  5 0.0436 0.2219 0.0531 0.1483 0.2022 0.3308 
        D967  5 0.1677 0.2855 0.1417 0.2771 0.0606 0.0673 
        D991  5 0.0741 0.1267 0.1917 0.0343 0.0830 0.4902 
        D502  6 0.5658 0.0148 0.1206 0.1258 0.0257 0.1473 
        D503  6 0.1498 0.0892 0.2851 0.3882 0.0482 0.0395 
        D504  6 0.1319 0.1386 0.1117 0.0680 0.3267 0.2231 
        D505  6 0.1426 0.3630 0.1230 0.1238 0.0924 0.1552 
        D506  6 0.0416 0.8581 0.0273 0.0173 0.0335 0.0222 
        D507  6 0.1479 0.0444 0.0831 0.1040 0.0689 0.5517 
        D508  6 0.3383 0.0509 0.0764 0.1235 0.1996 0.2114 
        D529  6 0.2657 0.1486 0.2804 0.0704 0.1385 0.0964 
        D530  6 0.3492 0.1413 0.1600 0.0880 0.0351 0.2265 
        D531  6 0.2857 0.1188 0.0901 0.0742 0.2825 0.1486 
        D532  6 0.2274 0.2322 0.0600 0.0978 0.2415 0.1411 
        D534  6 0.0915 0.0313 0.6965 0.0407 0.0679 0.0720 
        D535  6 0.1506 0.3723 0.1167 0.0448 0.2213 0.0942 
        D536  6 0.1303 0.0247 0.1232 0.6439 0.0325 0.0454 
        D554  6 0.2684 0.1903 0.1468 0.0475 0.0614 0.2855 
        D587  6 0.0641 0.7299 0.0496 0.0400 0.0707 0.0457 
        D588  6 0.2000 0.4191 0.0713 0.0501 0.2122 0.0472 
        D589  6 0.3276 0.1456 0.1077 0.2958 0.0544 0.0689 
        D590  6 0.0846 0.0443 0.0560 0.7052 0.0714 0.0385 
        D591  6 0.2744 0.2199 0.1767 0.1754 0.0918 0.0617 
        D592  6 0.0570 0.0791 0.7284 0.0472 0.0501 0.0381 
        D593  6 0.3332 0.1592 0.0601 0.0621 0.0258 0.3596 
        D682  6 0.0373 0.8425 0.0296 0.0298 0.0281 0.0327 
        D683  6 0.0981 0.3537 0.0606 0.0353 0.4137 0.0386 
        D684  6 0.3264 0.0310 0.3154 0.2178 0.0617 0.0478 
        D685  6 0.6289 0.0510 0.0922 0.1166 0.0248 0.0865 
        D686  6 0.3801 0.3466 0.0647 0.0348 0.0642 0.1095 
        D724  6 0.3152 0.0329 0.1359 0.1039 0.1858 0.2264 
        D725  6 0.1707 0.0699 0.0839 0.1970 0.0553 0.4232 
        D726  6 0.0426 0.8285 0.0350 0.0212 0.0377 0.0349 
        D727  6 0.1379 0.0997 0.0613 0.4008 0.2691 0.0311 
        D728  6 0.1683 0.5073 0.0527 0.0385 0.0830 0.1501 
        D729  6 0.2218 0.0274 0.2215 0.1856 0.3233 0.0204 
        D730  6 0.1946 0.0463 0.1703 0.1222 0.1597 0.3069 
        D731  6 0.0270 0.7694 0.0184 0.1424 0.0204 0.0224 
        D732  6 0.0853 0.0336 0.0728 0.0579 0.2072 0.5432 
        D733  6 0.0591 0.0568 0.1095 0.0342 0.0472 0.6932 
     D237251  7 0.1038 0.0586 0.0612 0.3363 0.0717 0.3684 
     D237252  7 0.2561 0.0294 0.2718 0.2689 0.0594 0.1144 
     D237253  7 0.2807 0.1982 0.0687 0.2800 0.0801 0.0922 
     D237254  7 0.1518 0.0229 0.7455 0.0337 0.0252 0.0210 
     D237255  7 0.0661 0.0593 0.0280 0.7504 0.0368 0.0594 
     D237256  7 0.2819 0.0450 0.0303 0.3952 0.0884 0.1592 
     D237257  7 0.6677 0.0307 0.1219 0.0580 0.0443 0.0774 
     D237282  7 0.0723 0.0213 0.1695 0.1256 0.4891 0.1222 
     D237283  7 0.3805 0.0329 0.4877 0.0424 0.0228 0.0337 
     D237284  7 0.1096 0.0262 0.7131 0.0325 0.0789 0.0397 
     D237285  7 0.2517 0.1466 0.0901 0.1941 0.0544 0.2631 
     D237286  7 0.2109 0.2046 0.0880 0.1160 0.1322 0.2482 
     D237287  7 0.1650 0.0612 0.0823 0.4356 0.1541 0.1018 
     D244006  7 0.0851 0.0217 0.8043 0.0304 0.0279 0.0307 
     D244007  7 0.1178 0.0473 0.0560 0.5780 0.1452 0.0557 
     D244008  7 0.3548 0.0825 0.4616 0.0345 0.0400 0.0266 
     D244009  7 0.1386 0.0772 0.3687 0.0305 0.1229 0.2621 
     D244010  7 0.6647 0.0393 0.1580 0.0573 0.0382 0.0425 
     D244011  7 0.2935 0.1966 0.0698 0.0685 0.0374 0.3342 
     D244012  7 0.4124 0.0395 0.0889 0.2418 0.0730 0.1444 
     D244013  7 0.0756 0.1630 0.0663 0.2911 0.0667 0.3373 
     D244014  7 0.2194 0.0559 0.2224 0.1248 0.0647 0.3129 
     D244015  7 0.3303 0.0431 0.3190 0.0796 0.1595 0.0686 
     D244125  7 0.0879 0.3820 0.0533 0.1892 0.1700 0.1175 
     D244126  7 0.3363 0.0164 0.5257 0.0240 0.0275 0.0701 
     D244130  7 0.3757 0.0630 0.2623 0.0708 0.0597 0.1685 
     D244131  7 0.0989 0.3763 0.1724 0.0789 0.1355 0.1379 
     D244132  7 0.0443 0.1014 0.0360 0.0204 0.1285 0.6694 
        D520  7 0.7079 0.0691 0.1116 0.0250 0.0432 0.0432 
        D521  7 0.3617 0.0529 0.1228 0.0921 0.1491 0.2215 
        D522  7 0.0606 0.1139 0.5542 0.0519 0.0958 0.1236 
        D523  7 0.0927 0.0818 0.0552 0.6343 0.0520 0.0839 
        D524  7 0.0937 0.2092 0.1401 0.2332 0.0774 0.2464 
        D525  7 0.1275 0.0485 0.4978 0.2259 0.0409 0.0593 
        D526  7 0.1146 0.0212 0.7404 0.0280 0.0734 0.0224 
        D527  7 0.1246 0.1088 0.1293 0.0548 0.2449 0.3376 
        D528  7 0.9031 0.0133 0.0267 0.0120 0.0234 0.0216 
        D558  7 0.0384 0.0189 0.0629 0.0377 0.0418 0.8002 
        D559  7 0.0412 0.0155 0.0320 0.0287 0.0303 0.8524 
        D640  7 0.0773 0.1801 0.0627 0.0907 0.1248 0.4644 
        D641  7 0.2312 0.2280 0.1695 0.1392 0.0297 0.2024 
        D642  7 0.1427 0.0750 0.4783 0.1536 0.0641 0.0862 
        D644  7 0.1229 0.2605 0.2464 0.0981 0.0961 0.1760 
        D645  7 0.1702 0.1477 0.1346 0.2085 0.1975 0.1415 
        D662  7 0.1848 0.1251 0.3417 0.0205 0.2937 0.0342 
        D687  7 0.2323 0.1274 0.0933 0.0910 0.0834 0.3726 
        D688  7 0.1350 0.0296 0.1793 0.0871 0.2689 0.3001 
        D689  7 0.1248 0.2273 0.1171 0.1361 0.3041 0.0905 
        D700  7 0.8859 0.0183 0.0268 0.0212 0.0240 0.0239 
        D797  7 0.1425 0.1916 0.1127 0.1080 0.2123 0.2330 
        D798  7 0.3926 0.0394 0.3428 0.0302 0.0980 0.0971 
        D799  7 0.2406 0.0486 0.1523 0.2364 0.0551 0.2670 
        D800  7 0.1440 0.0286 0.1234 0.0961 0.5385 0.0693 
        D132  8 0.0418 0.0466 0.7852 0.0264 0.0599 0.0401 
        D133  8 0.0360 0.0258 0.0548 0.8317 0.0233 0.0283 
        D200  8 0.6564 0.0274 0.0348 0.0701 0.0346 0.1767 
        D500  8 0.0302 0.0328 0.8559 0.0195 0.0387 0.0229 
        D614  8 0.1806 0.4373 0.1264 0.0386 0.0862 0.1308 
        D723  8 0.1403 0.0503 0.1245 0.1149 0.5095 0.0604 
        D888  8 0.0894 0.0593 0.0393 0.6902 0.0458 0.0759 
        D901  8 0.6143 0.0597 0.1767 0.0574 0.0258 0.0662 
        D902  8 0.0902 0.6443 0.0480 0.0359 0.0411 0.1405 
        D903  8 0.0955 0.0961 0.0484 0.0475 0.3766 0.3359 
        D904  8 0.1301 0.0758 0.1252 0.0526 0.1610 0.4552 
        D905  8 0.0670 0.1963 0.0294 0.5986 0.0201 0.0886 
        D906  8 0.1151 0.0476 0.1291 0.4226 0.0829 0.2027 
        D937  8 0.0610 0.8233 0.0259 0.0305 0.0180 0.0414 
        D943  8 0.4348 0.0525 0.2537 0.0857 0.0569 0.1164 
        D972  8 0.2178 0.0398 0.2497 0.0805 0.3478 0.0645 
        D973  8 0.1141 0.0468 0.0922 0.0295 0.6657 0.0516 
        D974  8 0.3286 0.0908 0.1275 0.1316 0.2294 0.0920 
        D975  8 0.5903 0.0663 0.0984 0.0641 0.0422 0.1387 
        D976  8 0.4920 0.1429 0.1008 0.0846 0.0359 0.1438 
        D201  9 0.1532 0.0406 0.1685 0.2863 0.0922 0.2593 
        D202  9 0.5531 0.0368 0.0521 0.1071 0.0263 0.2246 
     D237259  9 0.5925 0.0226 0.0935 0.0804 0.1063 0.1048 
     D237260  9 0.2884 0.0762 0.1624 0.3536 0.0230 0.0965 
     D237262  9 0.1265 0.0424 0.7496 0.0231 0.0346 0.0237 
