        D174  1 0.0299 0.0265 0.3771 0.1486 0.0802 0.0897 0.0679 0.0721 0.1080 
        D199  1 0.1665 0.0379 0.1121 0.1977 0.0292 0.0379 0.1412 0.2163 0.0613 
        D203  1 0.1422 0.0351 0.0556 0.0522 0.2113 0.0446 0.0917 0.2630 0.1042 
        D204  1 0.0270 0.0589 0.0152 0.0166 0.0255 0.0193 0.0308 0.7754 0.0312 
     D237366  1 0.0326 0.0837 0.0473 0.1961 0.4614 0.0182 0.0693 0.0496 0.0418 
     D237367  1 0.0394 0.0431 0.0296 0.3441 0.1273 0.0300 0.1363 0.1622 0.0880 
     D237368  1 0.0490 0.0325 0.0719 0.4305 0.0468 0.0915 0.0949 0.1423 0.0406 
     D244101  1 0.0825 0.4919 0.0201 0.0297 0.0255 0.0147 0.1203 0.1901 0.0252 
     D244102  1 0.0434 0.0824 0.0388 0.0393 0.1954 0.0900 0.0971 0.0721 0.3416 
     D244103  1 0.0204 0.0382 0.0254 0.6287 0.0664 0.0324 0.0820 0.0578 0.0487 
     D244104  1 0.0388 0.0275 0.0798 0.0815 0.0250 0.0802 0.0462 0.6041 0.0170 
     D244105  1 0.0253 0.0234 0.0190 0.0321 0.7108 0.0585 0.0794 0.0266 0.0249 
     D244106  1 0.0680 0.0187 0.5405 0.0344 0.0376 0.0172 0.0542 0.0596 0.1699 
     D244107  1 0.0408 0.0535 0.0135 0.6042 0.0257 0.1551 0.0670 0.0246 0.0158 
     D244108  1 0.0353 0.0326 0.3177 0.0241 0.0688 0.3117 0.0651 0.0853 0.0593 
     D244113  1 0.0384 0.1376 0.3421 0.0489 0.0275 0.0511 0.0683 0.0149 0.2713 
     D244114  1 0.0497 0.0486 0.0849 0.0966 0.2173 0.0288 0.3002 0.0832 0.0907 
     D244115  1 0.0239 0.0417 0.2373 0.0629 0.0576 0.1518 0.1797 0.1570 0.0882 
     D267365  1 0.0433 0.0396 0.1277 0.0497 0.0400 0.0369 0.0614 0.5620 0.0394 
        D404  1 0.0232 0.1046 0.1772 0.0233 0.0213 0.0355 0.0397 0.0189 0.5565 
        D405  1 0.0694 0.0617 0.0394 0.0314 0.0546 0.0562 0.0701 0.0877 0.5295 
        D406  1 0.0161 0.0326 0.0403 0.0967 0.6429 0.0440 0.0268 0.0809 0.0198 
        D407  1 0.0271 0.0110 0.0198 0.7840 0.0182 0.0129 0.0405 0.0604 0.0261 
        D408  1 0.0391 0.0393 0.5395 0.0736 0.0223 0.0651 0.0726 0.0509 0.0977 
        D409  1 0.0329 0.0548 0.0362 0.5195 0.0269 0.0481 0.1525 0.0786 0.0506 
        D410  1 0.0108 0.0288 0.0169 0.0244 0.0286 0.7664 0.0376 0.0593 0.0274 
        D421  1 0.0354 0.0119 0.0286 0.1200 0.0116 0.0101 0.0271 0.7454 0.0099 
        D422  1 0.0181 0.0112 0.0110 0.8347 0.0423 0.0172 0.0242 0.0245 0.0169 
        D423  1 0.0311 0.0183 0.0162 0.1785 0.0397 0.5979 0.0704 0.0276 0.0204 
        D424  1 0.0179 0.0262 0.0373 0.0843 0.0733 0.0158 0.1496 0.5672 0.0284 
        D425  1 0.0195 0.0423 0.0980 0.0641 0.0538 0.0754 0.1488 0.4322 0.0659 
        D426  1 0.0335 0.0187 0.0283 0.8182 0.0137 0.0114 0.0482 0.0162 0.0120 
        D427  1 0.3982 0.0161 0.1702 0.0343 0.0126 0.0212 0.0243 0.3053 0.0178 
        D428  1 0.0363 0.0781 0.1447 0.1717 0.0460 0.1140 0.1623 0.1640 0.0829 
        D429  1 0.0325 0.0282 0.1869 0.0358 0.1939 0.0268 0.0980 0.3216 0.0763 
        D430  1 0.0651 0.0291 0.1246 0.1311 0.0537 0.0225 0.1547 0.0578 0.3615 
        D491  1 0.0162 0.0322 0.6612 0.0558 0.0157 0.0618 0.0359 0.0813 0.0398 
        D492  1 0.0343 0.0465 0.1057 0.2468 0.0436 0.0313 0.1756 0.2164 0.0998 
        D537  1 0.0203 0.0740 0.0282 0.2618 0.0930 0.0403 0.0646 0.3855 0.0324 
        D538  1 0.0450 0.0433 0.0788 0.1160 0.0313 0.1141 0.1255 0.0716 0.3744 
        D539  1 0.0754 0.0555 0.1376 0.0244 0.3965 0.0811 0.0861 0.0335 0.1101 
        D540  1 0.0334 0.0321 0.0315 0.3423 0.0367 0.1037 0.2152 0.1365 0.0686 
        D541  1 0.0138 0.0125 0.0121 0.0220 0.0142 0.0140 0.0204 0.8790 0.0121 
        D551  1 0.1416 0.0182 0.0342 0.4264 0.0863 0.0165 0.2245 0.0227 0.0296 
        D552  1 0.0293 0.0387 0.1367 0.0296 0.1054 0.3354 0.0939 0.2138 0.0174 
        D553  1 0.0107 0.0150 0.0187 0.0323 0.0139 0.0174 0.0213 0.8623 0.0083 
        D615  1 0.0693 0.0207 0.0602 0.0361 0.0567 0.1194 0.0893 0.4096 0.1387 
        D616  1 0.1019 0.0255 0.0632 0.1983 0.0528 0.0734 0.1493 0.2741 0.0614 
        D621  1 0.0170 0.2527 0.0812 0.0990 0.2226 0.2336 0.0474 0.0140 0.0324 
        D622  1 0.0184 0.0386 0.0426 0.1741 0.4430 0.1684 0.0487 0.0460 0.0202 
        D623  1 0.1003 0.3054 0.2439 0.0315 0.0194 0.0421 0.0699 0.0293 0.1581 
        D624  1 0.0124 0.0118 0.7558 0.0384 0.0281 0.0173 0.0834 0.0259 0.0269 
        D625  1 0.0152 0.0420 0.0519 0.0509 0.0419 0.0331 0.0479 0.6804 0.0367 
        D626  1 0.0348 0.0245 0.3041 0.0754 0.1954 0.1864 0.0812 0.0431 0.0551 
        D627  1 0.0451 0.0267 0.0492 0.4357 0.0483 0.0122 0.2356 0.1123 0.0350 
        D690  1 0.0085 0.0241 0.0308 0.0410 0.0160 0.0525 0.0280 0.7820 0.0171 
        D691  1 0.0169 0.0173 0.0359 0.1934 0.6047 0.0305 0.0234 0.0623 0.0156 
        D710  1 0.0243 0.0962 0.0954 0.3408 0.0211 0.0860 0.0906 0.1979 0.0477 
        D711  1 0.0177 0.0254 0.0177 0.0243 0.0393 0.0171 0.0273 0.7884 0.0428 
        D712  1 0.0411 0.0379 0.5680 0.0500 0.0564 0.0865 0.0603 0.0369 0.0631 
        D713  1 0.0164 0.2239 0.0999 0.1681 0.1033 0.0525 0.1100 0.1029 0.1231 
        D746  1 0.0217 0.0240 0.0223 0.3790 0.3816 0.0492 0.0332 0.0682 0.0207 
        D747  1 0.0209 0.0226 0.0173 0.0246 0.0136 0.0111 0.0215 0.8562 0.0121 
        D748  1 0.0141 0.0564 0.0289 0.1662 0.4115 0.0414 0.0408 0.2041 0.0367 
        D749  1 0.0294 0.0733 0.0910 0.1278 0.2481 0.0861 0.2559 0.0279 0.0606 
        D750  1 0.0182 0.0531 0.5333 0.0687 0.0304 0.0718 0.0421 0.1399 0.0425 
        D763  1 0.1316 0.2064 0.0247 0.2274 0.0908 0.0610 0.1310 0.0668 0.0602 
        D764  1 0.0124 0.0177 0.1570 0.1392 0.0186 0.0616 0.0433 0.5258 0.0243 
        D765  1 0.0162 0.0177 0.1016 0.0559 0.0873 0.6032 0.0515 0.0280 0.0386 
        D766  1 0.0184 0.1367 0.0326 0.0957 0.1691 0.3976 0.0654 0.0539 0.0305 
        D767  1 0.0486 0.1535 0.0273 0.0347 0.2215 0.0446 0.1203 0.1118 0.2376 
        D768  1 0.0212 0.0152 0.0113 0.0319 0.0276 0.0188 0.0208 0.8407 0.0126 
        D811  1 0.0164 0.0255 0.0974 0.0438 0.0161 0.1163 0.0483 0.0212 0.6152 
        D816  1 0.0128 0.0169 0.0192 0.0163 0.0150 0.0157 0.0252 0.8654 0.0135 
        D825  1 0.0183 0.0299 0.1402 0.0501 0.0370 0.3230 0.1033 0.1089 0.1894 
        D866  1 0.2421 0.0227 0.2918 0.0297 0.0301 0.0943 0.0813 0.0998 0.1082 
        D867  1 0.0242 0.0819 0.0182 0.7124 0.0663 0.0229 0.0408 0.0112 0.0220 
        D871  1 0.0215 0.0309 0.0572 0.6117 0.0367 0.0207 0.1249 0.0481 0.0483 
        D872  1 0.0248 0.0332 0.0340 0.0347 0.0932 0.1188 0.0851 0.3856 0.1907 
        D873  1 0.0153 0.0406 0.0145 0.0212 0.0126 0.8128 0.0220 0.0091 0.0519 
        D874  1 0.0171 0.7513 0.0609 0.0144 0.0197 0.0118 0.0291 0.0650 0.0306 
        D875  1 0.0110 0.0275 0.0167 0.7139 0.0401 0.0377 0.0736 0.0307 0.0488 
        D876  1 0.0174 0.0722 0.0996 0.0205 0.1005 0.0726 0.0804 0.5008 0.0359 
        D877  1 0.0198 0.0631 0.0811 0.0169 0.0183 0.0200 0.0621 0.0245 0.6942 
        D892  1 0.0130 0.0404 0.1257 0.0643 0.2998 0.0310 0.0547 0.3109 0.0602 
        D893  1 0.0222 0.0373 0.0157 0.0415 0.0880 0.0441 0.0764 0.6462 0.0285 
        D894  1 0.0304 0.0247 0.0492 0.0985 0.0480 0.0299 0.0814 0.5794 0.0587 
        D915  1 0.0202 0.0248 0.0339 0.0742 0.0906 0.1297 0.0480 0.5537 0.0250 
        D916  1 0.0091 0.0121 0.0148 0.0187 0.0115 0.0197 0.0126 0.8902 0.0114 
        D917  1 0.0624 0.1511 0.2431 0.1197 0.0174 0.0410 0.1201 0.2015 0.0436 
        D925  1 0.0168 0.0155 0.0368 0.0222 0.0290 0.6108 0.0223 0.2198 0.0269 
        D926  1 0.0213 0.0686 0.0550 0.0681 0.1346 0.0315 0.2123 0.3557 0.0530 
        D927  1 0.2408 0.0430 0.0533 0.0838 0.0401 0.0266 0.1207 0.3279 0.0638 
        D928  1 0.0158 0.0218 0.7638 0.0147 0.0123 0.0336 0.0312 0.0818 0.0249 
        D929  1 0.0174 0.3716 0.0488 0.0325 0.1240 0.0274 0.0505 0.0396 0.2882 
        D936  1 0.0488 0.1644 0.0366 0.0203 0.0467 0.0301 0.0529 0.5789 0.0213 
        D938  1 0.0149 0.0478 0.0203 0.2247 0.4984 0.1242 0.0297 0.0219 0.0182 
        D956  1 0.0231 0.0253 0.4827 0.0244 0.0259 0.0473 0.0679 0.0322 0.2711 
        D957  1 0.0373 0.0749 0.0378 0.0269 0.1635 0.2268 0.0746 0.2401 0.1181 
        D958  1 0.0206 0.0987 0.1077 0.0720 0.1652 0.1618 0.0519 0.2555 0.0664 
        D959  1 0.0137 0.0102 0.0163 0.8368 0.0145 0.0091 0.0397 0.0460 0.0135 
        D960  1 0.0198 0.0484 0.0602 0.1136 0.5578 0.0665 0.0581 0.0312 0.0446 
        D989  1 0.0958 0.0270 0.6212 0.0389 0.0373 0.0262 0.0605 0.0576 0.0355 
        D990  1 0.0525 0.0243 0.0924 0.0220 0.0322 0.6913 0.0421 0.0204 0.0228 
        D023  2 0.0160 0.0130 0.0101 0.8884 0.0138 0.0141 0.0144 0.0216 0.0087 
        D130  2 0.0280 0.0187 0.0131 0.2559 0.4559 0.0158 0.0341 0.0880 0.0905 
        D131  2 0.0472 0.0556 0.0314 0.0324 0.0394 0.0785 0.2377 0.4224 0.0554 
        D163  2 0.0164 0.0239 0.0369 0.6583 0.1216 0.0451 0.0481 0.0338 0.0159 
        D164  2 0.4931 0.0147 0.0091 0.0191 0.0179 0.4025 0.0193 0.0121 0.0122 
        D165  2 0.0171 0.0148 0.0106 0.8751 0.0198 0.0179 0.0181 0.0174 0.0091 
        D166  2 0.0263 0.0415 0.0144 0.0369 0.0541 0.0318 0.1003 0.0262 0.6683 
        D167  2 0.8054 0.0142 0.0352 0.0194 0.0110 0.0151 0.0198 0.0158 0.0643 
        D192  2 0.8806 0.0209 0.0170 0.0132 0.0136 0.0144 0.0165 0.0101 0.0136 
        D193  2 0.0388 0.0634 0.1455 0.0218 0.2110 0.0572 0.1447 0.0265 0.2912 
        D206  2 0.2211 0.0497 0.0256 0.3682 0.1030 0.0406 0.1177 0.0409 0.0333 
        D207  2 0.5709 0.0157 0.0169 0.0639 0.0224 0.0179 0.1092 0.0292 0.1538 
        D208  2 0.1372 0.0523 0.1915 0.0269 0.1229 0.1401 0.1430 0.0823 0.1038 
        D209  2 0.2457 0.1305 0.0287 0.1932 0.0323 0.0537 0.2360 0.0345 0.0455 
        D210  2 0.1465 0.0411 0.5213 0.0512 0.0568 0.0342 0.0491 0.0753 0.0245 
     D229599  2 0.0628 0.2219 0.0606 0.1138 0.0505 0.0749 0.1531 0.2167 0.0457 
     D229600  2 0.2651 0.0276 0.0194 0.2485 0.1865 0.0311 0.0916 0.0269 0.1034 
     D237227  2 0.0393 0.0268 0.5013 0.0483 0.0307 0.1615 0.0697 0.0615 0.0609 
     D237228  2 0.0532 0.0191 0.1486 0.0218 0.0291 0.4380 0.1102 0.0170 0.1630 
     D237258  2 0.1721 0.0643 0.0788 0.2474 0.0386 0.0726 0.1602 0.0625 0.1036 
     D237310  2 0.0258 0.0435 0.0300 0.0264 0.0322 0.2124 0.0430 0.0129 0.5738 
     D237311  2 0.1490 0.0262 0.0306 0.0303 0.0710 0.4374 0.0650 0.0183 0.1722 
     D237312  2 0.0174 0.1056 0.0324 0.0699 0.1245 0.1449 0.0663 0.0271 0.4120 
     D237313  2 0.0228 0.0758 0.0806 0.0280 0.1544 0.2918 0.1499 0.1615 0.0352 
     D237322  2 0.0717 0.0857 0.1000 0.0218 0.1013 0.0690 0.2231 0.0411 0.2862 
     D237323  2 0.0296 0.0280 0.1723 0.0364 0.0807 0.3228 0.0566 0.0234 0.2502 
     D237324  2 0.1824 0.0318 0.0161 0.1103 0.1613 0.0365 0.3651 0.0653 0.0312 
     D237325  2 0.0539 0.0828 0.0590 0.0557 0.3367 0.1915 0.0825 0.0323 0.1055 
     D237326  2 0.0353 0.0541 0.0741 0.0606 0.0440 0.5538 0.0631 0.0892 0.0258 
     D237327  2 0.1929 0.0784 0.0511 0.0991 0.1791 0.0324 0.2184 0.0972 0.0515 
     D237337  2 0.0166 0.0291 0.0372 0.0184 0.0515 0.7105 0.0506 0.0302 0.0559 
     D237338  2 0.0687 0.1024 0.1185 0.0671 0.3035 0.1271 0.1033 0.0618 0.0477 
     D237339  2 0.1454 0.5724 0.0138 0.0234 0.0372 0.0260 0.1001 0.0502 0.0315 
     D237340  2 0.1556 0.0501 0.1371 0.0309 0.2247 0.1848 0.0536 0.0188 0.1444 
     D237389  2 0.0570 0.0253 0.0184 0.0678 0.0450 0.3085 0.0678 0.0176 0.3928 
     D237390  2 0.0264 0.0712 0.0593 0.0373 0.3463 0.1680 0.0531 0.0370 0.2014 
     D244017  2 0.2081 0.0235 0.2139 0.0704 0.0136 0.0333 0.0815 0.0299 0.3259 
     D244112  2 0.7389 0.0151 0.0187 0.0266 0.0250 0.0273 0.0469 0.0134 0.0880 
     D244118  2 0.6255 0.0306 0.0234 0.0666 0.1179 0.0482 0.0496 0.0107 0.0275 
     D244119  2 0.2176 0.0123 0.6433 0.0172 0.0150 0.0267 0.0238 0.0244 0.0198 
     D244120  2 0.3734 0.0632 0.0449 0.0216 0.0400 0.0231 0.0540 0.0130 0.3668 
     D244122  2 0.6067 0.0367 0.0256 0.0306 0.0659 0.0527 0.0676 0.0301 0.0841 
        D291  2 0.1751 0.0222 0.0220 0.1731 0.0275 0.0576 0.3085 0.0943 0.1197 
        D292  2 0.3239 0.0441 0.0639 0.0254 0.0250 0.0673 0.0781 0.3249 0.0475 
        D293  2 0.5068 0.0901 0.0144 0.0237 0.0128 0.0130 0.1044 0.2214 0.0133 
        D322  2 0.2888 0.1559 0.0183 0.1067 0.0165 0.0437 0.1164 0.2107 0.0429 
        D323  2 0.1076 0.1469 0.0463 0.0824 0.0603 0.0809 0.2106 0.0738 0.1913 
        D324  2 0.0890 0.0453 0.0602 0.2891 0.0444 0.0853 0.1831 0.1700 0.0337 
        D325  2 0.8145 0.0222 0.0106 0.0309 0.0211 0.0135 0.0410 0.0327 0.0135 
        D326  2 0.0117 0.0158 0.0240 0.0138 0.0115 0.0106 0.0170 0.8853 0.0101 
        D340  2 0.8540 0.0233 0.0179 0.0274 0.0127 0.0162 0.0184 0.0179 0.0123 
        D341  2 0.5454 0.0299 0.0406 0.0200 0.1643 0.0633 0.0566 0.0469 0.0330 
        D342  2 0.4804 0.0199 0.0153 0.0810 0.0266 0.1618 0.0963 0.0221 0.0966 
        D343  2 0.9070 0.0130 0.0084 0.0174 0.0108 0.0077 0.0116 0.0154 0.0087 
        D344  2 0.0488 0.5117 0.0178 0.0214 0.0708 0.0281 0.1593 0.0474 0.0947 
        D345  2 0.0215 0.1545 0.0189 0.0266 0.0252 0.6201 0.0771 0.0397 0.0163 
        D346  2 0.0602 0.0590 0.4522 0.1578 0.0201 0.0513 0.0705 0.0669 0.0619 
        D351  2 0.0505 0.0946 0.0273 0.0883 0.0503 0.0550 0.1687 0.3926 0.0727 
        D352  2 0.0209 0.7162 0.0494 0.0272 0.0174 0.0282 0.0841 0.0252 0.0314 
        D353  2 0.0220 0.1013 0.0145 0.0176 0.0470 0.0242 0.5220 0.2269 0.0245 
        D354  2 0.0118 0.7784 0.0326 0.0130 0.0335 0.0312 0.0348 0.0392 0.0255 
        D362  2 0.0270 0.0244 0.0263 0.1626 0.0164 0.0313 0.0445 0.6333 0.0342 
        D363  2 0.0205 0.0262 0.0305 0.1608 0.0121 0.0382 0.0369 0.6565 0.0183 
        D364  2 0.0202 0.4246 0.0280 0.0304 0.0436 0.1102 0.0880 0.2334 0.0216 
        D365  2 0.8251 0.0306 0.0189 0.0248 0.0134 0.0103 0.0194 0.0408 0.0168 
        D369  2 0.1497 0.0248 0.1539 0.0857 0.0278 0.1152 0.0759 0.2987 0.0683 
        D374  2 0.0220 0.0286 0.4816 0.0157 0.0544 0.0755 0.0416 0.0200 0.2607 
        D375  2 0.0099 0.8154 0.0144 0.0199 0.0242 0.0180 0.0451 0.0165 0.0368 
        D376  2 0.0329 0.0538 0.5213 0.0168 0.0782 0.0985 0.0887 0.0139 0.0959 
        D377  2 0.0688 0.1218 0.0484 0.0724 0.0477 0.3361 0.1023 0.0295 0.1729 
        D378  2 0.1505 0.1984 0.0207 0.1506 0.0345 0.0409 0.1384 0.2454 0.0206 
        D379  2 0.0197 0.0605 0.0370 0.0386 0.0877 0.0382 0.1123 0.5807 0.0253 
        D384  2 0.0141 0.0123 0.0247 0.0210 0.0176 0.0177 0.0261 0.8548 0.0117 
        D385  2 0.6337 0.1834 0.0290 0.0271 0.0191 0.0242 0.0359 0.0209 0.0268 
        D386  2 0.0440 0.5696 0.0172 0.0579 0.0505 0.0278 0.1033 0.0947 0.0350 
        D391  2 0.6873 0.1236 0.0180 0.0191 0.0253 0.0169 0.0329 0.0546 0.0223 
        D392  2 0.5384 0.0234 0.0530 0.0346 0.0194 0.0895 0.0537 0.1390 0.0490 
        D393  2 0.0908 0.2369 0.0236 0.0548 0.0653 0.0585 0.0672 0.3797 0.0231 
        D394  2 0.0535 0.1970 0.0435 0.1523 0.0873 0.1313 0.1415 0.0978 0.0957 
        D395  2 0.1853 0.5955 0.0209 0.0480 0.0170 0.0158 0.0655 0.0186 0.0335 
        D401  2 0.0261 0.0109 0.0378 0.0359 0.0201 0.7359 0.0314 0.0216 0.0804 
        D402  2 0.7896 0.0665 0.0187 0.0137 0.0136 0.0267 0.0259 0.0202 0.0251 
        D403  2 0.0300 0.0785 0.0185 0.0460 0.2791 0.0294 0.3527 0.1374 0.0284 
        D415  2 0.0149 0.0327 0.0138 0.0330 0.0359 0.0311 0.1917 0.6227 0.0241 
        D435  2 0.2576 0.0498 0.0149 0.0613 0.0543 0.0370 0.0533 0.4545 0.0174 
        D436  2 0.0205 0.4622 0.0411 0.0413 0.2076 0.0277 0.0729 0.0716 0.0551 
        D438  2 0.8520 0.0172 0.0227 0.0386 0.0125 0.0127 0.0178 0.0128 0.0139 
        D439  2 0.0424 0.5883 0.0124 0.0753 0.0239 0.0892 0.0929 0.0570 0.0187 
        D449  2 0.3197 0.0230 0.0240 0.4245 0.0142 0.0229 0.1184 0.0301 0.0232 
        D450  2 0.0286 0.2521 0.1141 0.0823 0.0595 0.0501 0.1322 0.1833 0.0977 
        D456  2 0.0099 0.0192 0.0196 0.0220 0.0166 0.0175 0.0205 0.8622 0.0125 
        D462  2 0.7163 0.1083 0.0122 0.0191 0.0191 0.0131 0.0258 0.0689 0.0172 
        D463  2 0.0102 0.0256 0.0271 0.0194 0.0203 0.0168 0.0455 0.8194 0.0158 
        D464  2 0.0387 0.3623 0.0332 0.0251 0.0293 0.0164 0.2620 0.0996 0.1333 
        D465  2 0.2997 0.0383 0.0228 0.2397 0.0135 0.0402 0.0973 0.1435 0.1049 
        D473  2 0.0318 0.1521 0.3901 0.0857 0.0446 0.1250 0.0757 0.0219 0.0730 
        D474  2 0.0765 0.0390 0.0470 0.1220 0.0203 0.0460 0.0428 0.5931 0.0133 
        D476  2 0.0527 0.4068 0.0144 0.1176 0.2996 0.0147 0.0442 0.0359 0.0141 
        D477  2 0.0273 0.3523 0.0428 0.0173 0.0240 0.1091 0.0566 0.3400 0.0308 
        D478  2 0.0376 0.0815 0.0640 0.5331 0.0212 0.0263 0.0900 0.0419 0.1044 
        D480  2 0.0518 0.1778 0.0975 0.0287 0.0765 0.0205 0.0975 0.4091 0.0404 
        D481  2 0.0408 0.1813 0.0775 0.1551 0.0216 0.0783 0.0926 0.3097 0.0431 
        D482  2 0.0571 0.2977 0.1486 0.0309 0.1147 0.1114 0.1267 0.0184 0.0944 
        D483  2 0.7877 0.0172 0.0719 0.0259 0.0194 0.0187 0.0199 0.0215 0.0179 
        D484  2 0.0192 0.8482 0.0202 0.0180 0.0148 0.0133 0.0187 0.0119 0.0357 
        D510  2 0.0440 0.0360 0.6757 0.0160 0.0544 0.0446 0.0531 0.0218 0.0543 
        D511  2 0.0479 0.6116 0.0269 0.0539 0.0396 0.0294 0.0544 0.1063 0.0299 
        D512  2 0.0795 0.0438 0.0129 0.0972 0.0199 0.2286 0.1238 0.0172 0.3770 
        D513  2 0.4266 0.0312 0.0728 0.2009 0.0268 0.0325 0.1126 0.0608 0.0357 
        D635  2 0.0202 0.0179 0.0149 0.7547 0.0152 0.0261 0.0415 0.0934 0.0163 
        D636  2 0.0142 0.0132 0.0121 0.8208 0.0128 0.0691 0.0191 0.0217 0.0169 
        D637  2 0.1245 0.3164 0.0497 0.0232 0.1513 0.0814 0.1275 0.0335 0.0925 
        D658  2 0.3938 0.2234 0.0836 0.0167 0.0748 0.0586 0.0651 0.0237 0.0603 
        D659  2 0.0329 0.0670 0.0407 0.2526 0.0612 0.0211 0.1100 0.3957 0.0187 
        D677  2 0.0595 0.0299 0.0197 0.0763 0.4798 0.0540 0.1011 0.1162 0.0634 
        D678  2 0.4863 0.0276 0.0166 0.0699 0.0240 0.0351 0.1598 0.0175 0.1633 
        D679  2 0.0629 0.0797 0.0475 0.0943 0.0360 0.0947 0.1611 0.3945 0.0293 
        D719  2 0.1411 0.0338 0.3647 0.0152 0.0209 0.0402 0.0399 0.3232 0.0210 
        D720  2 0.0249 0.0250 0.0461 0.0442 0.0276 0.0335 0.0576 0.7183 0.0228 
        D721  2 0.0232 0.0248 0.0224 0.8336 0.0205 0.0166 0.0271 0.0204 0.0114 
        D722  2 0.0762 0.0444 0.2665 0.0279 0.0432 0.1592 0.1098 0.0287 0.2440 
        D734  2 0.0437 0.6368 0.1446 0.0181 0.0256 0.0147 0.0483 0.0413 0.0269 
        D735  2 0.0429 0.0832 0.0629 0.0530 0.0307 0.1933 0.1335 0.3591 0.0416 
        D736  2 0.1284 0.0869 0.3927 0.1069 0.0635 0.0404 0.0769 0.0748 0.0296 
        D737  2 0.5276 0.1401 0.0421 0.0263 0.0794 0.0474 0.0758 0.0213 0.0399 
        D807  2 0.0695 0.1129 0.1686 0.0375 0.0685 0.0955 0.0844 0.2736 0.0894 
        D808  2 0.0997 0.0496 0.0304 0.0371 0.1032 0.1191 0.1777 0.2010 0.1821 
        D817  2 0.0241 0.1431 0.0271 0.0963 0.0423 0.1544 0.1011 0.2979 0.1138 
        D818  2 0.3617 0.0481 0.0261 0.1258 0.0750 0.0180 0.2060 0.0875 0.0518 
        D819  2 0.0282 0.0395 0.0290 0.0976 0.0260 0.2739 0.1090 0.2044 0.1924 
        D820  2 0.0179 0.0450 0.0158 0.0303 0.0393 0.0119 0.0357 0.7932 0.0108 
        D895  2 0.0249 0.0541 0.0391 0.3468 0.0427 0.1450 0.1971 0.1201 0.0303 
        D896  2 0.0168 0.0219 0.0347 0.0205 0.0316 0.7333 0.0192 0.0290 0.0930 
        D897  2 0.4523 0.0441 0.0268 0.0456 0.0426 0.0962 0.1592 0.0412 0.0920 
        D898  2 0.0351 0.0680 0.0357 0.0435 0.0403 0.2586 0.2117 0.0492 0.2579 
        D918  2 0.0592 0.1302 0.0559 0.0651 0.3275 0.0960 0.1442 0.0372 0.0848 
        D919  2 0.1102 0.3708 0.0241 0.1038 0.0350 0.0176 0.1321 0.1472 0.0592 
        D920  2 0.0184 0.0282 0.0395 0.0590 0.7242 0.0346 0.0343 0.0254 0.0364 
        D923  2 0.0264 0.1048 0.0204 0.0586 0.0303 0.0174 0.0567 0.6497 0.0357 
        D930  2 0.0419 0.2067 0.0937 0.0286 0.0521 0.1015 0.1590 0.2484 0.0682 
        D931  2 0.0953 0.2991 0.0378 0.0582 0.0318 0.0325 0.0764 0.3103 0.0587 
        D968  2 0.8789 0.0180 0.0113 0.0158 0.0124 0.0120 0.0192 0.0185 0.0139 
        D969  2 0.2884 0.0363 0.0491 0.0437 0.0437 0.0392 0.1166 0.3434 0.0397 
        D977  2 0.7188 0.0233 0.0226 0.0390 0.0540 0.0213 0.0630 0.0260 0.0320 
        D978  2 0.2483 0.0401 0.0446 0.0347 0.0576 0.0401 0.2249 0.0478 0.2619 
        D211  3 0.0165 0.0318 0.0230 0.1148 0.6210 0.0435 0.0586 0.0589 0.0319 
     D229639  3 0.3294 0.0242 0.2041 0.0734 0.0472 0.0628 0.1215 0.0846 0.0528 
     D237212  3 0.1034 0.3359 0.0303 0.1032 0.0739 0.0621 0.1068 0.1197 0.0647 
     D237213  3 0.0323 0.1236 0.0121 0.0605 0.1427 0.3717 0.0961 0.0409 0.1202 
     D237214  3 0.0102 0.0119 0.0143 0.8814 0.0189 0.0108 0.0169 0.0150 0.0206 
     D237215  3 0.5838 0.0211 0.0846 0.0185 0.0139 0.0571 0.0570 0.0167 0.1474 
     D237216  3 0.0274 0.0311 0.0259 0.0880 0.0626 0.0588 0.6386 0.0316 0.0361 
     D237217  3 0.0337 0.0195 0.0156 0.0321 0.5279 0.0493 0.2390 0.0652 0.0177 
     D237218  3 0.0602 0.1565 0.0678 0.0206 0.4461 0.0348 0.0826 0.1080 0.0234 
     D237219  3 0.0300 0.0146 0.1026 0.0327 0.3065 0.3575 0.0917 0.0274 0.0368 
     D237382  3 0.0341 0.0325 0.0615 0.0290 0.0925 0.0815 0.0711 0.1016 0.4962 
     D244127  3 0.0852 0.0314 0.0221 0.0251 0.0668 0.5590 0.1213 0.0253 0.0639 
     D244129  3 0.0801 0.0859 0.0539 0.1709 0.0673 0.1271 0.1782 0.1129 0.1237 
     D244133  3 0.0971 0.0130 0.1622 0.2239 0.0339 0.0980 0.1389 0.0675 0.1655 
     D244134  3 0.0639 0.0291 0.4083 0.0297 0.0467 0.2998 0.0624 0.0388 0.0214 
     D244135  3 0.0350 0.0252 0.0158 0.6953 0.0738 0.0239 0.0750 0.0327 0.0232 
     D244136  3 0.0867 0.0296 0.2066 0.2179 0.0419 0.0591 0.1336 0.1406 0.0839 
        D416  3 0.1213 0.0503 0.0295 0.2013 0.0336 0.2533 0.1991 0.0619 0.0497 
        D417  3 0.0135 0.0199 0.0284 0.0173 0.4096 0.0191 0.0486 0.4186 0.0251 
        D419  3 0.0864 0.0269 0.0884 0.0225 0.4198 0.1426 0.0874 0.0982 0.0278 
        D565  3 0.0139 0.0157 0.8071 0.0279 0.0136 0.0362 0.0267 0.0426 0.0162 
        D566  3 0.1744 0.0290 0.3885 0.1353 0.0193 0.0492 0.0813 0.0519 0.0710 
        D567  3 0.0308 0.0573 0.0216 0.0380 0.0954 0.1082 0.0660 0.5439 0.0387 
        D568  3 0.0935 0.0965 0.0184 0.0335 0.5333 0.0652 0.0727 0.0596 0.0272 
        D569  3 0.0504 0.5556 0.0382 0.1069 0.0326 0.0327 0.0973 0.0247 0.0616 
        D573  3 0.5539 0.0270 0.0293 0.0390 0.0263 0.0228 0.0981 0.1825 0.0210 
        D574  3 0.0393 0.0462 0.3956 0.0847 0.0272 0.0774 0.1493 0.0422 0.1381 
        D575  3 0.0292 0.0269 0.0571 0.2010 0.0212 0.5342 0.0743 0.0284 0.0279 
        D576  3 0.6547 0.0258 0.0260 0.0402 0.0175 0.0183 0.0379 0.0077 0.1720 
        D577  3 0.0230 0.0494 0.0247 0.1078 0.1967 0.0459 0.0976 0.3926 0.0624 
        D578  3 0.0204 0.0140 0.0143 0.8296 0.0341 0.0200 0.0276 0.0148 0.0252 
        D579  3 0.0933 0.1290 0.2187 0.0663 0.1009 0.0711 0.1097 0.1754 0.0356 
        D660  3 0.3400 0.0780 0.0196 0.1106 0.0332 0.0779 0.1721 0.0210 0.1475 
        D661  3 0.3069 0.0535 0.0179 0.0347 0.3758 0.0228 0.1232 0.0356 0.0295 
        D663  3 0.5392 0.0395 0.0267 0.0842 0.0219 0.0172 0.1705 0.0339 0.0669 
        D664  3 0.1175 0.0298 0.0621 0.1292 0.1266 0.2484 0.1400 0.0164 0.1299 
        D665  3 0.0228 0.0835 0.0110 0.0961 0.0431 0.1018 0.2005 0.0160 0.4252 
        D666  3 0.0212 0.0324 0.0875 0.0420 0.0525 0.6215 0.0661 0.0506 0.0262 
        D009  4 0.0186 0.1025 0.0291 0.0521 0.4749 0.0641 0.1116 0.0796 0.0676 
        D057  4 0.0766 0.1882 0.0261 0.0212 0.5708 0.0125 0.0311 0.0574 0.0162 
        D109  4 0.0170 0.0272 0.0522 0.0471 0.0572 0.5810 0.0851 0.0357 0.0976 
     D237222  4 0.0259 0.0295 0.1175 0.1229 0.4514 0.0610 0.0672 0.0539 0.0708 
     D237223  4 0.0469 0.0570 0.0880 0.0725 0.4764 0.0647 0.1232 0.0276 0.0437 
     D237224  4 0.2105 0.2779 0.0326 0.0433 0.0442 0.0697 0.0940 0.1884 0.0393 
     D237225  4 0.0291 0.0780 0.0418 0.0944 0.2456 0.0630 0.3151 0.0792 0.0539 
     D237299  4 0.0338 0.0364 0.0579 0.0910 0.1956 0.0409 0.2558 0.0224 0.2662 
     D237300  4 0.6173 0.0232 0.0585 0.0276 0.0401 0.0931 0.0863 0.0176 0.0364 
     D237306  4 0.0261 0.0742 0.3591 0.0448 0.1958 0.0466 0.0773 0.0696 0.1065 
     D237307  4 0.0498 0.0194 0.2083 0.0504 0.0953 0.0449 0.1029 0.3519 0.0771 
     D237308  4 0.3185 0.2060 0.0705 0.0393 0.0770 0.1340 0.0906 0.0326 0.0315 
     D237309  4 0.0573 0.1109 0.0226 0.0628 0.2837 0.0505 0.2161 0.1220 0.0741 
     D237317  4 0.0310 0.0439 0.3004 0.0797 0.0407 0.0638 0.2762 0.1245 0.0399 
     D237318  4 0.7125 0.0124 0.0322 0.0273 0.0163 0.0221 0.1251 0.0238 0.0283 
     D237319  4 0.0353 0.0321 0.0387 0.0442 0.4520 0.0399 0.1649 0.0477 0.1453 
     D237320  4 0.0794 0.0243 0.0256 0.0873 0.6238 0.0322 0.0554 0.0430 0.0291 
     D237321  4 0.5385 0.0309 0.0772 0.0486 0.0556 0.0450 0.1001 0.0548 0.0494 
     D237397  4 0.0689 0.0192 0.1031 0.0285 0.6118 0.0363 0.0599 0.0313 0.0411 
     D237398  4 0.3079 0.0527 0.0368 0.1236 0.1042 0.0213 0.2037 0.0936 0.0562 
     D237399  4 0.0768 0.0528 0.2372 0.0702 0.1603 0.0423 0.1097 0.1635 0.0871 
     D244001  4 0.0754 0.0338 0.0204 0.0453 0.6778 0.0304 0.0615 0.0203 0.0352 
        D289  4 0.0694 0.2790 0.2530 0.0577 0.0633 0.0380 0.0995 0.1141 0.0262 
        D290  4 0.0290 0.0230 0.0232 0.0206 0.0601 0.0168 0.0645 0.0725 0.6902 
        D294  4 0.0278 0.2017 0.0403 0.1162 0.1721 0.0165 0.1979 0.0985 0.1290 
        D295  4 0.0232 0.0565 0.0392 0.0182 0.4284 0.1300 0.0685 0.1341 0.1019 
        D301  4 0.0454 0.0235 0.0355 0.0396 0.7063 0.0417 0.0318 0.0205 0.0557 
        D302  4 0.0128 0.7828 0.0119 0.0293 0.0310 0.0156 0.0322 0.0553 0.0290 
        D303  4 0.0468 0.1111 0.5095 0.0355 0.0437 0.0868 0.0494 0.0406 0.0767 
        D304  4 0.0510 0.0340 0.1157 0.0525 0.0924 0.0249 0.1933 0.0971 0.3391 
        D305  4 0.0788 0.3416 0.0135 0.0333 0.0406 0.0450 0.3865 0.0230 0.0377 
        D306  4 0.0182 0.0221 0.0232 0.0363 0.0204 0.0216 0.0974 0.0349 0.7259 
        D307  4 0.0187 0.0409 0.0804 0.1755 0.5626 0.0425 0.0337 0.0221 0.0236 
        D327  4 0.0577 0.0389 0.0831 0.0893 0.0728 0.0195 0.1195 0.4749 0.0444 
        D328  4 0.0203 0.5836 0.0902 0.0152 0.1155 0.0583 0.0471 0.0163 0.0533 
        D329  4 0.0921 0.2004 0.0401 0.0357 0.2102 0.0700 0.1830 0.1154 0.0530 
        D330  4 0.0385 0.0927 0.0132 0.2048 0.1180 0.1032 0.1327 0.1869 0.1101 
        D331  4 0.0572 0.0260 0.0958 0.0445 0.0589 0.0560 0.1526 0.2162 0.2928 
        D333  4 0.0727 0.1631 0.0861 0.0328 0.3670 0.0779 0.0842 0.0488 0.0675 
        D334  4 0.0162 0.0612 0.5405 0.0508 0.1050 0.0208 0.0465 0.1090 0.0500 
        D335  4 0.0305 0.5395 0.0249 0.0348 0.0309 0.0258 0.0692 0.1929 0.0513 
        D370  4 0.0292 0.0815 0.0567 0.0227 0.0511 0.3163 0.0672 0.0386 0.3366 
        D371  4 0.0267 0.0254 0.6954 0.0344 0.0176 0.0209 0.0564 0.0824 0.0408 
        D372  4 0.3466 0.0220 0.0570 0.0146 0.0302 0.0294 0.1942 0.0178 0.2883 
        D373  4 0.0577 0.0549 0.0225 0.4825 0.2179 0.0319 0.0695 0.0449 0.0183 
        D455  4 0.0331 0.0617 0.0245 0.1741 0.5486 0.0454 0.0369 0.0407 0.0349 
        D490  4 0.0079 0.0149 0.0141 0.0343 0.8653 0.0144 0.0146 0.0160 0.0185 
        D497  4 0.0126 0.0276 0.0134 0.0487 0.7942 0.0281 0.0382 0.0165 0.0207 
        D498  4 0.0427 0.0327 0.0829 0.0339 0.0627 0.0792 0.0908 0.0862 0.4890 
        D499  4 0.1472 0.1917 0.1318 0.0320 0.0443 0.0609 0.1860 0.0575 0.1485 
        D514  4 0.0291 0.1254 0.0151 0.0935 0.0449 0.0437 0.1611 0.2001 0.2873 
        D515  4 0.0206 0.0548 0.0215 0.0653 0.5858 0.0298 0.0726 0.0311 0.1187 
        D516  4 0.0611 0.0205 0.0550 0.0669 0.2632 0.2964 0.0851 0.0997 0.0520 
        D517  4 0.0454 0.0262 0.0227 0.1281 0.5145 0.0515 0.1400 0.0500 0.0216 
        D518  4 0.0215 0.3068 0.0368 0.0245 0.5238 0.0127 0.0231 0.0337 0.0171 
        D519  4 0.0280 0.0171 0.0193 0.0396 0.7977 0.0230 0.0278 0.0277 0.0198 
        D560  4 0.0269 0.0241 0.0110 0.0155 0.8200 0.0139 0.0259 0.0422 0.0203 
        D561  4 0.0409 0.0667 0.0126 0.4916 0.0569 0.0235 0.1556 0.0940 0.0583 
        D562  4 0.0698 0.1688 0.0543 0.1676 0.0630 0.0459 0.1566 0.0583 0.2157 
        D563  4 0.2938 0.2441 0.0221 0.1082 0.0381 0.0366 0.1546 0.0337 0.0689 
        D572  4 0.0180 0.6950 0.0203 0.0299 0.0920 0.0154 0.0399 0.0589 0.0305 
        D629  4 0.0264 0.1144 0.0231 0.3758 0.0674 0.0976 0.0862 0.1776 0.0316 
        D630  4 0.0263 0.0947 0.0446 0.0825 0.4117 0.0186 0.0767 0.0698 0.1752 
        D631  4 0.0511 0.5366 0.0232 0.0173 0.2213 0.0146 0.0605 0.0421 0.0334 
        D632  4 0.1163 0.2750 0.0182 0.1274 0.1651 0.1451 0.0725 0.0397 0.0407 
        D646  4 0.0446 0.0317 0.0270 0.0873 0.5253 0.0703 0.1026 0.0926 0.0185 
        D647  4 0.0461 0.0395 0.0124 0.0296 0.3810 0.0370 0.0466 0.3458 0.0620 
        D648  4 0.0170 0.5107 0.0323 0.0168 0.0402 0.0141 0.0315 0.0143 0.3230 
        D649  4 0.0214 0.2119 0.0244 0.0308 0.1144 0.2128 0.0566 0.2981 0.0296 
        D650  4 0.0264 0.1058 0.0920 0.0851 0.2055 0.0693 0.0921 0.2565 0.0674 
        D708  4 0.0311 0.2711 0.1940 0.0516 0.1102 0.0799 0.1487 0.0399 0.0735 
        D709  4 0.0214 0.0505 0.0282 0.0192 0.0260 0.0810 0.0798 0.0253 0.6686 
        D738  4 0.0189 0.0243 0.4146 0.0375 0.2810 0.0609 0.0375 0.0912 0.0342 
        D739  4 0.0239 0.0468 0.0248 0.0545 0.4814 0.0453 0.1002 0.0190 0.2042 
        D740  4 0.0522 0.0850 0.1841 0.0378 0.0766 0.2525 0.2195 0.0268 0.0655 
        D741  4 0.1138 0.0314 0.0176 0.0499 0.4690 0.0341 0.1487 0.1028 0.0328 
        D742  4 0.2659 0.1124 0.1032 0.0457 0.1006 0.0407 0.1817 0.0913 0.0585 
        D743  4 0.0400 0.3958 0.0232 0.0427 0.0417 0.0152 0.0529 0.3687 0.0197 
        D744  4 0.0193 0.8313 0.0175 0.0292 0.0148 0.0152 0.0322 0.0220 0.0184 
        D745  4 0.0144 0.0200 0.0139 0.0400 0.8202 0.0233 0.0316 0.0181 0.0184 
        D814  4 0.1485 0.0567 0.0228 0.2363 0.1354 0.0153 0.3125 0.0163 0.0562 
        D815  4 0.0312 0.3373 0.0282 0.0232 0.0476 0.0823 0.0870 0.1320 0.2313 
        D828  4 0.0386 0.0487 0.0436 0.0197 0.0299 0.0309 0.0318 0.0133 0.7435 
        D845  4 0.5417 0.0471 0.1772 0.0304 0.0330 0.0280 0.0842 0.0398 0.0186 
        D846  4 0.1052 0.3183 0.0140 0.0983 0.1240 0.0248 0.1422 0.1222 0.0509 
        D847  4 0.0792 0.0561 0.0985 0.1598 0.1456 0.0413 0.1602 0.1557 0.1036 
        D848  4 0.1291 0.0349 0.0338 0.5081 0.1357 0.0214 0.0895 0.0179 0.0297 
        D849  4 0.0228 0.0409 0.0184 0.0587 0.5829 0.0732 0.0929 0.0327 0.0775 
        D850  4 0.0546 0.0410 0.0738 0.5416 0.0403 0.0264 0.1252 0.0789 0.0182 
        D856  4 0.0238 0.0475 0.0362 0.0334 0.1002 0.1356 0.2364 0.0816 0.3053 
        D857  4 0.0651 0.0299 0.0309 0.0222 0.0292 0.6043 0.0370 0.0083 0.1730 
        D859  4 0.0549 0.4608 0.0295 0.0253 0.1791 0.0268 0.1033 0.0799 0.0405 
        D860  4 0.1028 0.0677 0.5275 0.0342 0.0174 0.0339 0.0524 0.1445 0.0196 
        D883  4 0.0315 0.0648 0.0768 0.0976 0.3177 0.1289 0.0822 0.1348 0.0657 
        D884  4 0.0146 0.0597 0.0386 0.0295 0.6246 0.0767 0.0535 0.0304 0.0725 
        D885  4 0.0680 0.1520 0.0288 0.1693 0.1504 0.0465 0.2723 0.0860 0.0266 
        D886  4 0.0524 0.0552 0.0211 0.0416 0.2541 0.0908 0.0679 0.1798 0.2370 
        D887  4 0.1942 0.1619 0.0576 0.0610 0.0552 0.0824 0.1295 0.1175 0.1408 
        D889  4 0.0802 0.0810 0.0346 0.0421 0.0814 0.0297 0.2730 0.0404 0.3377 
        D890  4 0.0578 0.1714 0.0852 0.0899 0.0316 0.2799 0.0965 0.0383 0.1495 
        D891  4 0.7480 0.0164 0.0166 0.0184 0.0096 0.0246 0.1341 0.0171 0.0152 
        D899  4 0.4560 0.0895 0.0829 0.0396 0.0435 0.0324 0.0965 0.0702 0.0895 
        D900  4 0.0569 0.1298 0.0639 0.1564 0.0738 0.0440 0.1802 0.1128 0.1822 
        D970  4 0.0541 0.3017 0.0455 0.0503 0.1121 0.0555 0.1354 0.2067 0.0388 
        D971  4 0.3624 0.1792 0.0518 0.0349 0.0280 0.0624 0.0605 0.1532 0.0675 
        D979  4 0.0256 0.3284 0.0205 0.0269 0.0561 0.0152 0.0828 0.4085 0.0360 
        D093  5 0.0227 0.0170 0.7585 0.0189 0.0713 0.0199 0.0257 0.0279 0.0380 
        D154  5 0.2563 0.0465 0.0498 0.0344 0.1995 0.0523 0.2091 0.0245 0.1276 
        D168  5 0.1758 0.0298 0.0159 0.1948 0.1077 0.0958 0.2038 0.0504 0.1260 
        D189  5 0.0646 0.0390 0.4574 0.0250 0.0873 0.0231 0.1036 0.0391 0.1609 
        D190  5 0.0243 0.0624 0.7020 0.0136 0.0440 0.0693 0.0342 0.0267 0.0235 
     D237220  5 0.0227 0.0750 0.1304 0.0354 0.4662 0.0980 0.1011 0.0265 0.0446 
     D237221  5 0.1166 0.0848 0.3218 0.0275 0.0737 0.1030 0.0828 0.1408 0.0489 
     D237274  5 0.0479 0.2780 0.0139 0.0600 0.0481 0.0437 0.1287 0.3325 0.0473 
     D237275  5 0.5363 0.0147 0.0242 0.0161 0.0200 0.0349 0.0670 0.0209 0.2659 
     D237276  5 0.0294 0.0462 0.1207 0.0310 0.3988 0.1554 0.0519 0.0673 0.0993 
     D237277  5 0.0597 0.0619 0.6666 0.0208 0.0405 0.0630 0.0367 0.0267 0.0241 
     D237278  5 0.2278 0.0898 0.1629 0.0849 0.0401 0.1241 0.1468 0.0611 0.0626 
     D237279  5 0.0214 0.1300 0.0210 0.2661 0.0235 0.1591 0.2977 0.0495 0.0317 
     D237280  5 0.0121 0.0304 0.0393 0.0332 0.0390 0.7196 0.0568 0.0440 0.0255 
     D237281  5 0.7403 0.0211 0.0265 0.0258 0.0279 0.0150 0.0946 0.0299 0.0191 
     D237351  5 0.0151 0.0183 0.0284 0.0195 0.0372 0.8333 0.0195 0.0127 0.0159 
     D237352  5 0.0387 0.1885 0.0564 0.2867 0.1352 0.0699 0.0878 0.0640 0.0727 
     D237353  5 0.0208 0.0401 0.6885 0.0139 0.0159 0.1528 0.0262 0.0179 0.0238 
     D237359  5 0.0388 0.0646 0.0725 0.0443 0.4936 0.0736 0.1117 0.0468 0.0542 
     D237361  5 0.0161 0.0212 0.8276 0.0212 0.0140 0.0281 0.0277 0.0197 0.0244 
     D237362  5 0.0470 0.0728 0.1184 0.1094 0.0900 0.2328 0.1589 0.1151 0.0556 
     D237363  5 0.0960 0.0279 0.0532 0.0555 0.0227 0.0526 0.5811 0.0312 0.0799 
     D237364  5 0.1081 0.1368 0.0147 0.0574 0.3611 0.0360 0.1303 0.0709 0.0847 
     D237376  5 0.0297 0.1337 0.0569 0.0147 0.0268 0.0151 0.0330 0.0102 0.6799 
     D237377  5 0.0273 0.0555 0.1009 0.0574 0.0389 0.4145 0.1478 0.1342 0.0235 
     D237378  5 0.0648 0.0753 0.4755 0.0193 0.1788 0.0337 0.0498 0.0239 0.0789 
     D237379  5 0.0294 0.3600 0.2295 0.0501 0.0427 0.0206 0.0862 0.0309 0.1505 
     D237380  5 0.0145 0.0910 0.0541 0.0166 0.1968 0.4192 0.0780 0.0167 0.1131 
     D237381  5 0.0544 0.1004 0.0473 0.0692 0.1558 0.3080 0.1544 0.0356 0.0748 
     D237391  5 0.0151 0.0207 0.8364 0.0262 0.0267 0.0176 0.0200 0.0238 0.0133 
     D237392  5 0.1548 0.1196 0.0244 0.1028 0.0421 0.0541 0.1175 0.2614 0.1233 
     D237393  5 0.0534 0.0357 0.1896 0.0528 0.0344 0.2270 0.0577 0.3121 0.0372 
     D237394  5 0.0089 0.0300 0.8337 0.0211 0.0158 0.0304 0.0251 0.0221 0.0128 
     D237395  5 0.0585 0.0272 0.2663 0.0668 0.0959 0.0902 0.0810 0.0291 0.2849 
     D237396  5 0.0657 0.0609 0.1780 0.2253 0.0222 0.0384 0.1332 0.2615 0.0149 
     D244016  5 0.0399 0.3378 0.1955 0.0807 0.0157 0.0661 0.1748 0.0293 0.0601 
     D244018  5 0.2489 0.0303 0.2774 0.1259 0.0623 0.0457 0.1335 0.0479 0.0280 
     D244019  5 0.1132 0.1016 0.0402 0.0524 0.0278 0.1427 0.2340 0.1196 0.1685 
        D279  5 0.1167 0.1225 0.1015 0.0321 0.2415 0.1104 0.2014 0.0363 0.0376 
        D280  5 0.0595 0.0298 0.1231 0.1463 0.0329 0.1549 0.2233 0.1420 0.0882 
        D281  5 0.4970 0.0222 0.1128 0.0366 0.0466 0.0185 0.1723 0.0294 0.0645 
        D283  5 0.0427 0.0500 0.3416 0.0655 0.0430 0.1345 0.1297 0.1713 0.0216 
        D284  5 0.0374 0.0494 0.0314 0.2681 0.1316 0.0427 0.1463 0.0371 0.2560 
        D285  5 0.0246 0.0808 0.4973 0.0401 0.0799 0.0415 0.1108 0.0747 0.0504 
        D286  5 0.0294 0.1015 0.1830 0.0354 0.2583 0.0332 0.0807 0.0620 0.2164 
        D287  5 0.0168 0.0940 0.0661 0.0211 0.0375 0.0282 0.0418 0.0151 0.6794 
        D288  5 0.0747 0.0232 0.0566 0.0399 0.0263 0.2884 0.2135 0.2380 0.0393 
        D308  5 0.0206 0.0242 0.0311 0.0303 0.0307 0.7305 0.0341 0.0731 0.0255 
        D309  5 0.0115 0.8353 0.0166 0.0263 0.0136 0.0212 0.0379 0.0229 0.0148 
        D310  5 0.0127 0.0177 0.6548 0.0191 0.0237 0.0302 0.1846 0.0176 0.0398 
        D311  5 0.0314 0.1233 0.0930 0.0438 0.1670 0.0482 0.2214 0.0689 0.2030 
        D312  5 0.0338 0.2204 0.1204 0.1307 0.0390 0.0608 0.0838 0.1237 0.1873 
        D313  5 0.0094 0.0114 0.0295 0.1036 0.2001 0.5698 0.0373 0.0159 0.0230 
        D314  5 0.0731 0.0844 0.0642 0.0481 0.2493 0.1410 0.1875 0.0269 0.1255 
        D315  5 0.0415 0.0540 0.1598 0.0644 0.0326 0.1136 0.0877 0.3001 0.1462 
        D317  5 0.0171 0.0136 0.7869 0.0239 0.0296 0.0214 0.0336 0.0383 0.0357 
        D318  5 0.0417 0.1385 0.0549 0.3898 0.0253 0.0343 0.1582 0.0691 0.0882 
        D319  5 0.0166 0.0167 0.7606 0.0150 0.0369 0.0679 0.0328 0.0253 0.0282 
        D320  5 0.0180 0.0791 0.6567 0.0195 0.0352 0.0668 0.0394 0.0365 0.0489 
        D321  5 0.0315 0.0181 0.0664 0.0452 0.0181 0.7174 0.0419 0.0490 0.0124 
        D336  5 0.0181 0.0396 0.5198 0.0168 0.0271 0.0172 0.0673 0.0221 0.2720 
        D337  5 0.0271 0.0333 0.8208 0.0146 0.0172 0.0217 0.0273 0.0230 0.0151 
        D338  5 0.0538 0.0413 0.2047 0.0328 0.1957 0.0436 0.1121 0.2622 0.0538 
        D339  5 0.0488 0.0181 0.5800 0.0176 0.0615 0.0795 0.1033 0.0423 0.0489 
        D347  5 0.0763 0.0697 0.0350 0.0385 0.0303 0.0293 0.1620 0.0734 0.4855 
        D348  5 0.0257 0.1251 0.6510 0.0233 0.0178 0.0231 0.0703 0.0312 0.0326 
        D349  5 0.0113 0.0176 0.0215 0.0122 0.0090 0.8918 0.0129 0.0095 0.0142 
        D350  5 0.0155 0.8452 0.0159 0.0172 0.0353 0.0150 0.0207 0.0169 0.0183 
        D355  5 0.1935 0.0987 0.0247 0.0276 0.0269 0.0289 0.3956 0.1120 0.0920 
        D356  5 0.0325 0.0583 0.2407 0.0876 0.0708 0.0391 0.0738 0.2934 0.1036 
        D357  5 0.0413 0.0611 0.0646 0.0442 0.0357 0.0819 0.1847 0.0595 0.4270 
        D358  5 0.0418 0.2142 0.3237 0.0659 0.0439 0.0569 0.1281 0.0592 0.0663 
        D359  5 0.0168 0.1533 0.3427 0.0218 0.0293 0.0807 0.0651 0.2702 0.0201 
        D360  5 0.0206 0.0433 0.4709 0.1108 0.0446 0.0386 0.0620 0.1353 0.0740 
        D361  5 0.0150 0.0139 0.0163 0.0129 0.0183 0.8676 0.0146 0.0235 0.0177 
        D366  5 0.2824 0.0276 0.0216 0.2021 0.0225 0.0257 0.0647 0.3182 0.0354 
        D367  5 0.0184 0.0968 0.3919 0.0267 0.0732 0.0800 0.1694 0.0269 0.1168 
        D368  5 0.0200 0.0339 0.1174 0.0342 0.0346 0.5414 0.1231 0.0632 0.0321 
        D380  5 0.0311 0.6291 0.0255 0.0704 0.0225 0.0403 0.1096 0.0444 0.0271 
        D381  5 0.0344 0.0620 0.5344 0.0228 0.0277 0.0588 0.1565 0.0835 0.0199 
        D400  5 0.0999 0.0693 0.1841 0.0247 0.2428 0.0320 0.1380 0.0743 0.1349 
        D411  5 0.0145 0.0214 0.0114 0.5817 0.1164 0.0216 0.0401 0.0115 0.1814 
        D412  5 0.0919 0.0327 0.0566 0.0918 0.0388 0.1103 0.3926 0.0619 0.1232 
        D413  5 0.5189 0.0713 0.0238 0.1026 0.0284 0.0233 0.0892 0.0975 0.0450 
        D414  5 0.0647 0.6876 0.0159 0.0161 0.0454 0.0168 0.0681 0.0232 0.0621 
        D420  5 0.0417 0.0246 0.0435 0.3581 0.0334 0.0357 0.1140 0.0235 0.3254 
        D431  5 0.0591 0.1423 0.0342 0.0391 0.0295 0.2130 0.1019 0.0152 0.3656 
        D432  5 0.0650 0.0344 0.5114 0.0670 0.0607 0.0555 0.0974 0.0697 0.0388 
        D433  5 0.0510 0.0257 0.4261 0.0196 0.0362 0.2352 0.0682 0.0682 0.0697 
        D434  5 0.0205 0.0305 0.3208 0.0375 0.1080 0.2090 0.1043 0.1104 0.0590 
        D440  5 0.0130 0.8284 0.0213 0.0132 0.0378 0.0184 0.0322 0.0139 0.0219 
        D447  5 0.0261 0.0920 0.0184 0.6496 0.0158 0.0179 0.0887 0.0533 0.0382 
        D448  5 0.0397 0.0386 0.2395 0.0278 0.1333 0.0301 0.1459 0.0580 0.2870 
        D459  5 0.5475 0.0592 0.0292 0.0353 0.0388 0.0208 0.1187 0.1236 0.0270 
        D460  5 0.0135 0.0246 0.0362 0.0220 0.0116 0.8166 0.0181 0.0434 0.0139 
        D461  5 0.0130 0.8192 0.0153 0.0202 0.0135 0.0242 0.0325 0.0419 0.0201 
        D468  5 0.0355 0.0438 0.0763 0.2193 0.0302 0.1107 0.1340 0.0710 0.2793 
        D469  5 0.0220 0.0649 0.0568 0.0423 0.0623 0.0697 0.0719 0.5451 0.0651 
        D470  5 0.0250 0.0459 0.0497 0.0395 0.5717 0.0334 0.1059 0.0334 0.0955 
        D471  5 0.0569 0.0642 0.4112 0.0160 0.0450 0.0357 0.0892 0.0706 0.2113 
        D472  5 0.1557 0.0156 0.0198 0.0315 0.0240 0.0177 0.0315 0.6914 0.0129 
        D479  5 0.5867 0.1258 0.0221 0.0280 0.0310 0.0262 0.0483 0.0283 0.1036 
        D485  5 0.0249 0.1440 0.0239 0.0267 0.0358 0.0176 0.0402 0.0230 0.6639 
        D486  5 0.0183 0.0286 0.0349 0.2262 0.0301 0.0404 0.0659 0.0542 0.5015 
        D487  5 0.1836 0.1082 0.2564 0.0204 0.1717 0.0398 0.1306 0.0310 0.0584 
        D555  5 0.0475 0.0193 0.7879 0.0270 0.0152 0.0237 0.0177 0.0213 0.0405 
        D556  5 0.0419 0.2307 0.0796 0.0387 0.0421 0.3668 0.0817 0.0417 0.0769 
