        D174  1 0.4697 0.2213 0.3090 
        D199  1 0.4005 0.4536 0.1459 
        D203  1 0.1726 0.4416 0.3858 
        D204  1 0.0425 0.8719 0.0856 
     D237366  1 0.1403 0.2786 0.5811 
     D237367  1 0.0871 0.4339 0.4790 
     D237368  1 0.0917 0.2638 0.6444 
     D244101  1 0.0721 0.8571 0.0708 
     D244102  1 0.3841 0.2648 0.3511 
     D244103  1 0.0881 0.5760 0.3359 
     D244104  1 0.2684 0.6023 0.1293 
     D244105  1 0.0585 0.3166 0.6249 
     D244106  1 0.7613 0.1124 0.1263 
     D244107  1 0.0348 0.3209 0.6443 
     D244108  1 0.4657 0.2264 0.3079 
     D244113  1 0.8248 0.0832 0.0920 
     D244114  1 0.4137 0.3676 0.2187 
     D244115  1 0.4258 0.2805 0.2936 
     D267365  1 0.4848 0.4140 0.1011 
        D404  1 0.7649 0.1180 0.1171 
        D405  1 0.5846 0.2038 0.2116 
        D406  1 0.0373 0.1425 0.8202 
        D407  1 0.0518 0.5352 0.4130 
        D408  1 0.8580 0.0875 0.0545 
        D409  1 0.1216 0.5378 0.3406 
        D410  1 0.0473 0.1907 0.7620 
        D421  1 0.0940 0.7500 0.1560 
        D422  1 0.0277 0.0738 0.8985 
        D423  1 0.0279 0.1150 0.8571 
        D424  1 0.0444 0.8230 0.1325 
        D425  1 0.3352 0.5804 0.0844 
        D426  1 0.1075 0.5221 0.3704 
        D427  1 0.2082 0.4028 0.3890 
        D428  1 0.2182 0.4800 0.3018 
        D429  1 0.4341 0.4255 0.1403 
        D430  1 0.4807 0.3289 0.1904 
        D491  1 0.7412 0.1910 0.0679 
        D492  1 0.2136 0.4380 0.3484 
        D537  1 0.0494 0.7618 0.1888 
        D538  1 0.2453 0.2840 0.4707 
        D539  1 0.6340 0.1381 0.2280 
        D540  1 0.2259 0.4715 0.3026 
        D541  1 0.0451 0.8428 0.1121 
        D551  1 0.2569 0.3192 0.4239 
        D552  1 0.2723 0.3291 0.3986 
        D553  1 0.0465 0.9094 0.0442 
        D615  1 0.2047 0.4261 0.3692 
        D616  1 0.1744 0.3787 0.4469 
        D621  1 0.1602 0.1356 0.7042 
        D622  1 0.0767 0.1538 0.7696 
        D623  1 0.6318 0.2302 0.1380 
        D624  1 0.7208 0.1947 0.0846 
        D625  1 0.0853 0.7682 0.1465 
        D626  1 0.5113 0.2056 0.2831 
        D627  1 0.1303 0.6373 0.2324 
        D690  1 0.1062 0.6971 0.1967 
        D691  1 0.0676 0.1651 0.7673 
        D710  1 0.2552 0.5737 0.1711 
        D711  1 0.0981 0.7250 0.1769 
        D712  1 0.7850 0.1145 0.1005 
        D713  1 0.3562 0.4368 0.2069 
        D746  1 0.0353 0.0920 0.8727 
        D747  1 0.0623 0.8409 0.0968 
        D748  1 0.0816 0.5608 0.3576 
        D749  1 0.2177 0.0779 0.7044 
        D750  1 0.5042 0.3380 0.1577 
        D763  1 0.1716 0.6135 0.2149 
        D764  1 0.2139 0.5540 0.2321 
        D765  1 0.2337 0.1239 0.6424 
        D766  1 0.0629 0.3717 0.5654 
        D767  1 0.1511 0.4216 0.4272 
        D768  1 0.0273 0.9021 0.0705 
        D811  1 0.7564 0.1098 0.1338 
        D816  1 0.1270 0.7671 0.1059 
        D825  1 0.4475 0.2513 0.3012 
        D866  1 0.7592 0.1113 0.1295 
        D867  1 0.0368 0.0543 0.9088 
        D871  1 0.1033 0.6195 0.2772 
        D872  1 0.0927 0.4999 0.4073 
        D873  1 0.0348 0.0231 0.9421 
        D874  1 0.3458 0.6015 0.0527 
        D875  1 0.0670 0.5102 0.4228 
        D876  1 0.1738 0.6065 0.2197 
        D877  1 0.6570 0.2609 0.0821 
        D892  1 0.2075 0.5273 0.2652 
        D893  1 0.1176 0.6337 0.2487 
        D894  1 0.2168 0.6158 0.1674 
        D915  1 0.0997 0.6036 0.2967 
        D916  1 0.0534 0.8342 0.1124 
        D917  1 0.4782 0.4314 0.0905 
        D925  1 0.0982 0.2001 0.7017 
        D926  1 0.1742 0.6484 0.1775 
        D927  1 0.2333 0.6101 0.1566 
        D928  1 0.6983 0.2495 0.0523 
        D929  1 0.3935 0.3352 0.2713 
        D936  1 0.1963 0.6974 0.1063 
        D938  1 0.0427 0.0786 0.8786 
        D956  1 0.8200 0.0693 0.1107 
        D957  1 0.1096 0.3575 0.5329 
        D958  1 0.1092 0.5289 0.3618 
        D959  1 0.0397 0.5464 0.4139 
        D960  1 0.0536 0.0584 0.8880 
        D989  1 0.8236 0.1172 0.0592 
        D990  1 0.1162 0.0357 0.8480 
        D023  2 0.0331 0.3659 0.6010 
        D130  2 0.0360 0.1068 0.8571 
        D131  2 0.0876 0.7983 0.1141 
        D163  2 0.0622 0.1513 0.7865 
        D164  2 0.0426 0.1295 0.8278 
        D165  2 0.0363 0.2050 0.7587 
        D166  2 0.2954 0.2977 0.4069 
        D167  2 0.4152 0.1177 0.4671 
        D192  2 0.3568 0.1110 0.5321 
        D193  2 0.7257 0.1020 0.1723 
        D206  2 0.0924 0.4967 0.4109 
        D207  2 0.2715 0.4526 0.2760 
        D208  2 0.8028 0.0948 0.1024 
        D209  2 0.2513 0.2348 0.5139 
        D210  2 0.7127 0.1819 0.1053 
     D229599  2 0.4029 0.4073 0.1898 
     D229600  2 0.0584 0.1058 0.8357 
     D237227  2 0.7188 0.0924 0.1888 
     D237228  2 0.4867 0.0858 0.4275 
     D237258  2 0.4232 0.2133 0.3636 
     D237310  2 0.1905 0.0530 0.7565 
     D237311  2 0.1265 0.0751 0.7984 
     D237312  2 0.2632 0.1783 0.5585 
     D237313  2 0.3185 0.3998 0.2817 
     D237322  2 0.6329 0.1752 0.1920 
     D237323  2 0.3074 0.0623 0.6303 
     D237324  2 0.0658 0.1762 0.7580 
     D237325  2 0.1989 0.1525 0.6486 
     D237326  2 0.0888 0.3180 0.5931 
     D237327  2 0.3896 0.3661 0.2443 
     D237337  2 0.1034 0.1563 0.7403 
     D237338  2 0.3006 0.1960 0.5034 
     D237339  2 0.0789 0.8024 0.1186 
     D237340  2 0.4142 0.0854 0.5004 
     D237389  2 0.1118 0.0735 0.8147 
     D237390  2 0.3169 0.2640 0.4192 
     D244017  2 0.7763 0.0970 0.1267 
     D244112  2 0.2436 0.0737 0.6827 
     D244118  2 0.1150 0.0530 0.8320 
     D244119  2 0.7521 0.0728 0.1751 
     D244120  2 0.7699 0.0599 0.1702 
     D244122  2 0.3516 0.1139 0.5346 
        D291  2 0.4931 0.2476 0.2593 
        D292  2 0.5936 0.2786 0.1278 
        D293  2 0.0402 0.8189 0.1409 
        D322  2 0.0495 0.6941 0.2564 
        D323  2 0.3079 0.4784 0.2137 
        D324  2 0.2528 0.5609 0.1863 
        D325  2 0.0345 0.5323 0.4332 
        D326  2 0.0559 0.9083 0.0359 
        D340  2 0.0338 0.4207 0.5455 
        D341  2 0.1598 0.3271 0.5131 
        D342  2 0.2189 0.0841 0.6970 
        D343  2 0.0231 0.4401 0.5368 
        D344  2 0.1245 0.7170 0.1584 
        D345  2 0.1535 0.5673 0.2793 
        D346  2 0.7346 0.1692 0.0962 
        D351  2 0.0706 0.8029 0.1265 
        D352  2 0.2563 0.5002 0.2435 
        D353  2 0.0623 0.8896 0.0481 
        D354  2 0.2748 0.5515 0.1737 
        D362  2 0.1437 0.6447 0.2116 
        D363  2 0.2054 0.6685 0.1261 
        D364  2 0.1720 0.6409 0.1871 
        D365  2 0.0380 0.4614 0.5005 
        D369  2 0.3644 0.4384 0.1972 
        D374  2 0.8899 0.0507 0.0594 
        D375  2 0.1987 0.5597 0.2415 
        D376  2 0.8579 0.0478 0.0943 
        D377  2 0.3615 0.2452 0.3933 
        D378  2 0.0504 0.8198 0.1298 
        D379  2 0.0614 0.8614 0.0773 
        D384  2 0.0584 0.8881 0.0535 
        D385  2 0.0937 0.3846 0.5217 
        D386  2 0.0616 0.7878 0.1505 
        D391  2 0.0454 0.5069 0.4477 
        D392  2 0.1132 0.3342 0.5526 
        D393  2 0.0803 0.7913 0.1284 
        D394  2 0.1647 0.3275 0.5078 
        D395  2 0.1131 0.5426 0.3443 
        D401  2 0.1023 0.0601 0.8376 
        D402  2 0.0756 0.4221 0.5023 
        D403  2 0.0614 0.6185 0.3202 
        D415  2 0.0313 0.8045 0.1642 
        D435  2 0.0464 0.6495 0.3040 
        D436  2 0.1686 0.6733 0.1581 
        D438  2 0.0700 0.3863 0.5437 
        D439  2 0.0575 0.7118 0.2307 
        D449  2 0.0658 0.4746 0.4596 
        D450  2 0.4312 0.4213 0.1475 
        D456  2 0.0344 0.9247 0.0409 
        D462  2 0.0434 0.4994 0.4572 
        D463  2 0.0316 0.9398 0.0286 
        D464  2 0.1277 0.7707 0.1017 
        D465  2 0.0543 0.5250 0.4207 
        D473  2 0.6597 0.1501 0.1902 
        D474  2 0.2207 0.6289 0.1504 
        D476  2 0.0429 0.2104 0.7467 
        D477  2 0.3010 0.5843 0.1147 
        D478  2 0.3736 0.3493 0.2771 
        D480  2 0.1703 0.7396 0.0901 
        D481  2 0.3153 0.4400 0.2447 
        D482  2 0.7283 0.1185 0.1533 
        D483  2 0.3369 0.1407 0.5224 
        D484  2 0.4106 0.3832 0.2062 
        D510  2 0.9008 0.0587 0.0405 
        D511  2 0.0636 0.7854 0.1510 
        D512  2 0.0747 0.1478 0.7776 
        D513  2 0.1307 0.4693 0.4000 
        D635  2 0.0689 0.6352 0.2959 
        D636  2 0.0321 0.0691 0.8989 
        D637  2 0.3400 0.4232 0.2368 
        D658  2 0.4296 0.1541 0.4163 
        D659  2 0.0851 0.8221 0.0928 
        D677  2 0.1221 0.4786 0.3993 
        D678  2 0.3551 0.0958 0.5491 
        D679  2 0.1374 0.7648 0.0978 
        D719  2 0.5040 0.4452 0.0507 
        D720  2 0.1092 0.7717 0.1192 
        D721  2 0.0600 0.2851 0.6549 
        D722  2 0.8450 0.0671 0.0879 
        D734  2 0.6980 0.2516 0.0504 
        D735  2 0.1400 0.6216 0.2383 
        D736  2 0.6738 0.2185 0.1077 
        D737  2 0.5133 0.1054 0.3812 
        D807  2 0.5063 0.3589 0.1347 
        D808  2 0.1386 0.4005 0.4609 
        D817  2 0.2508 0.6217 0.1276 
        D818  2 0.0811 0.6699 0.2491 
        D819  2 0.2212 0.4956 0.2832 
        D820  2 0.0468 0.9043 0.0489 
        D895  2 0.0922 0.6381 0.2697 
        D896  2 0.0890 0.0816 0.8294 
        D897  2 0.2532 0.2214 0.5254 
        D898  2 0.5643 0.2466 0.1891 
        D918  2 0.1809 0.2685 0.5506 
        D919  2 0.0767 0.7958 0.1275 
        D920  2 0.0549 0.0553 0.8898 
        D923  2 0.0546 0.8746 0.0708 
        D930  2 0.2059 0.6328 0.1613 
        D931  2 0.2367 0.6141 0.1492 
        D968  2 0.0675 0.4732 0.4592 
        D969  2 0.2474 0.6318 0.1209 
        D977  2 0.0782 0.4549 0.4669 
        D978  2 0.4155 0.3644 0.2201 
        D211  3 0.0894 0.3110 0.5995 
     D229639  3 0.8310 0.0952 0.0738 
     D237212  3 0.2794 0.4928 0.2278 
     D237213  3 0.1001 0.4222 0.4777 
     D237214  3 0.0619 0.2468 0.6913 
     D237215  3 0.7688 0.0491 0.1821 
     D237216  3 0.1289 0.3593 0.5117 
     D237217  3 0.0439 0.3681 0.5880 
     D237218  3 0.2373 0.5119 0.2507 
     D237219  3 0.4954 0.1053 0.3993 
     D237382  3 0.2258 0.3978 0.3764 
     D244127  3 0.1108 0.0968 0.7924 
     D244129  3 0.1273 0.5393 0.3333 
     D244133  3 0.4823 0.2041 0.3136 
     D244134  3 0.7322 0.1065 0.1613 
     D244135  3 0.0485 0.1674 0.7841 
     D244136  3 0.5339 0.3175 0.1486 
        D416  3 0.1787 0.4279 0.3934 
        D417  3 0.0589 0.7637 0.1774 
        D419  3 0.4025 0.2312 0.3663 
        D565  3 0.7369 0.2041 0.0590 
        D566  3 0.8045 0.1248 0.0706 
        D567  3 0.0844 0.6428 0.2728 
        D568  3 0.0726 0.4684 0.4590 
        D569  3 0.2033 0.4493 0.3474 
        D573  3 0.1706 0.6822 0.1472 
        D574  3 0.7577 0.1196 0.1228 
        D575  3 0.3490 0.2898 0.3612 
        D576  3 0.6146 0.0488 0.3366 
        D577  3 0.1130 0.6900 0.1970 
        D578  3 0.0360 0.0394 0.9246 
        D579  3 0.3958 0.4297 0.1745 
        D660  3 0.2728 0.1271 0.6001 
        D661  3 0.3929 0.2400 0.3671 
        D663  3 0.4517 0.4523 0.0960 
        D664  3 0.4071 0.0791 0.5138 
        D665  3 0.0751 0.2023 0.7226 
        D666  3 0.4228 0.2345 0.3426 
        D009  4 0.1030 0.4040 0.4930 
        D057  4 0.2091 0.2646 0.5263 
        D109  4 0.1619 0.1838 0.6542 
     D237222  4 0.1339 0.1012 0.7649 
     D237223  4 0.1708 0.2765 0.5528 
     D237224  4 0.3705 0.4641 0.1654 
     D237225  4 0.1467 0.4826 0.3706 
     D237299  4 0.1894 0.2617 0.5489 
     D237300  4 0.8938 0.0559 0.0502 
     D237306  4 0.4989 0.2982 0.2029 
     D237307  4 0.4304 0.3793 0.1903 
     D237308  4 0.2406 0.2737 0.4857 
     D237309  4 0.1020 0.5107 0.3873 
     D237317  4 0.4758 0.3957 0.1285 
     D237318  4 0.8338 0.1140 0.0522 
     D237319  4 0.2260 0.2801 0.4938 
     D237320  4 0.1675 0.3232 0.5093 
     D237321  4 0.7428 0.1191 0.1381 
     D237397  4 0.4266 0.2210 0.3524 
     D237398  4 0.2724 0.5603 0.1673 
     D237399  4 0.5032 0.3242 0.1726 
     D244001  4 0.0678 0.1153 0.8169 
        D289  4 0.3347 0.5299 0.1353 
        D290  4 0.4694 0.3482 0.1824 
        D294  4 0.3206 0.4792 0.2002 
        D295  4 0.2049 0.5056 0.2895 
        D301  4 0.1459 0.0473 0.8068 
        D302  4 0.0718 0.8294 0.0988 
        D303  4 0.7849 0.1050 0.1101 
        D304  4 0.6734 0.2509 0.0757 
        D305  4 0.0902 0.5152 0.3946 
        D306  4 0.5444 0.3136 0.1420 
        D307  4 0.1243 0.0479 0.8278 
        D327  4 0.1478 0.7530 0.0992 
        D328  4 0.6319 0.2374 0.1307 
        D329  4 0.3729 0.2184 0.4086 
        D330  4 0.0526 0.6154 0.3320 
        D331  4 0.4668 0.2523 0.2809 
        D333  4 0.4439 0.2373 0.3188 
        D334  4 0.5465 0.2992 0.1543 
        D335  4 0.0805 0.8071 0.1124 
        D370  4 0.5459 0.1535 0.3005 
        D371  4 0.7661 0.1717 0.0622 
        D372  4 0.8322 0.0557 0.1122 
        D373  4 0.0783 0.0727 0.8490 
        D455  4 0.0745 0.0797 0.8458 
        D490  4 0.0501 0.0649 0.8851 
        D497  4 0.0526 0.0626 0.8848 
        D498  4 0.5696 0.1570 0.2734 
        D499  4 0.6362 0.2091 0.1547 
        D514  4 0.1260 0.7194 0.1546 
        D515  4 0.0794 0.3488 0.5718 
        D516  4 0.2236 0.3576 0.4188 
        D517  4 0.0698 0.0785 0.8517 
        D518  4 0.1626 0.3644 0.4729 
        D519  4 0.0936 0.3120 0.5944 
        D560  4 0.0972 0.3489 0.5539 
        D561  4 0.0316 0.6097 0.3588 
        D562  4 0.3149 0.3579 0.3273 
        D563  4 0.0993 0.4927 0.4080 
        D572  4 0.1659 0.6309 0.2032 
        D629  4 0.1227 0.6337 0.2436 
        D630  4 0.2991 0.4386 0.2623 
        D631  4 0.3248 0.3727 0.3025 
        D632  4 0.0703 0.1508 0.7789 
        D646  4 0.0656 0.5571 0.3773 
        D647  4 0.0456 0.6360 0.3184 
        D648  4 0.6726 0.1814 0.1460 
        D649  4 0.0690 0.6014 0.3296 
        D650  4 0.2565 0.4872 0.2563 
        D708  4 0.6741 0.1917 0.1342 
        D709  4 0.4822 0.3346 0.1831 
        D738  4 0.4135 0.2993 0.2872 
        D739  4 0.2208 0.2734 0.5058 
        D740  4 0.5053 0.1355 0.3591 
        D741  4 0.0465 0.6722 0.2813 
        D742  4 0.4422 0.3154 0.2424 
        D743  4 0.1336 0.7912 0.0752 
        D744  4 0.0758 0.7650 0.1592 
        D745  4 0.0823 0.2503 0.6674 
        D814  4 0.1919 0.3520 0.4561 
        D815  4 0.2209 0.6116 0.1675 
        D828  4 0.7969 0.0642 0.1388 
        D845  4 0.8140 0.1388 0.0472 
        D846  4 0.0880 0.5810 0.3311 
        D847  4 0.3396 0.3699 0.2905 
        D848  4 0.0998 0.0707 0.8295 
        D849  4 0.0594 0.2340 0.7066 
        D850  4 0.1661 0.6490 0.1849 
        D856  4 0.1527 0.4045 0.4428 
        D857  4 0.0791 0.0278 0.8931 
        D859  4 0.4054 0.4784 0.1163 
        D860  4 0.6385 0.2876 0.0740 
        D883  4 0.3292 0.3470 0.3238 
        D884  4 0.2260 0.3855 0.3886 
        D885  4 0.1270 0.5130 0.3600 
        D886  4 0.0992 0.3304 0.5704 
        D887  4 0.4368 0.3567 0.2064 
        D889  4 0.7279 0.2303 0.0418 
        D890  4 0.5528 0.1870 0.2602 
        D891  4 0.8733 0.0917 0.0350 
        D899  4 0.7354 0.1712 0.0934 
        D900  4 0.2865 0.4770 0.2365 
        D970  4 0.2978 0.5111 0.1911 
        D971  4 0.0649 0.4533 0.4818 
        D979  4 0.0919 0.8517 0.0565 
        D093  5 0.7669 0.1443 0.0888 
        D154  5 0.3979 0.3579 0.2442 
        D168  5 0.1580 0.3072 0.5348 
        D189  5 0.7786 0.1453 0.0761 
        D190  5 0.7865 0.1512 0.0622 
     D237220  5 0.3863 0.2301 0.3836 
     D237221  5 0.5870 0.2430 0.1700 
     D237274  5 0.0464 0.8819 0.0717 
     D237275  5 0.3715 0.1748 0.4538 
     D237276  5 0.2824 0.3197 0.3979 
     D237277  5 0.8016 0.1217 0.0766 
     D237278  5 0.3980 0.1513 0.4507 
     D237279  5 0.0446 0.3682 0.5871 
     D237280  5 0.1748 0.3214 0.5037 
     D237281  5 0.3113 0.5213 0.1675 
     D237351  5 0.1678 0.1401 0.6921 
     D237352  5 0.0984 0.3513 0.5504 
     D237353  5 0.8653 0.0837 0.0510 
     D237359  5 0.3876 0.2945 0.3179 
     D237361  5 0.8317 0.1012 0.0671 
     D237362  5 0.3870 0.4199 0.1931 
     D237363  5 0.2476 0.4066 0.3458 
     D237364  5 0.1299 0.4242 0.4460 
     D237376  5 0.8590 0.0506 0.0905 
     D237377  5 0.1316 0.5794 0.2890 
     D237378  5 0.8811 0.0596 0.0593 
     D237379  5 0.7855 0.1155 0.0989 
     D237380  5 0.1899 0.1528 0.6573 
     D237381  5 0.1851 0.1724 0.6425 
     D237391  5 0.7055 0.2062 0.0884 
     D237392  5 0.0887 0.7102 0.2011 
     D237393  5 0.3541 0.4179 0.2280 
     D237394  5 0.7510 0.1806 0.0684 
     D237395  5 0.5830 0.1224 0.2946 
     D237396  5 0.1095 0.6751 0.2154 
     D244016  5 0.5376 0.3539 0.1085 
     D244018  5 0.3254 0.2665 0.4080 
     D244019  5 0.2405 0.6124 0.1471 
        D279  5 0.4366 0.2620 0.3015 
        D280  5 0.5689 0.2694 0.1617 
        D281  5 0.5919 0.3340 0.0741 
        D283  5 0.5295 0.4015 0.0690 
        D284  5 0.1616 0.1983 0.6402 
        D285  5 0.7120 0.2133 0.0747 
        D286  5 0.4412 0.3557 0.2031 
        D287  5 0.8089 0.0624 0.1287 
        D288  5 0.6074 0.3205 0.0721 
        D308  5 0.0490 0.2124 0.7386 
        D309  5 0.0354 0.8312 0.1334 
        D310  5 0.8930 0.0664 0.0406 
        D311  5 0.4255 0.4214 0.1531 
        D312  5 0.5505 0.2721 0.1774 
        D313  5 0.0396 0.0284 0.9321 
        D314  5 0.4456 0.1663 0.3881 
        D315  5 0.5771 0.2554 0.1674 
        D317  5 0.8086 0.1324 0.0591 
        D318  5 0.2511 0.4949 0.2540 
        D319  5 0.8573 0.0639 0.0788 
        D320  5 0.8070 0.1022 0.0907 
        D321  5 0.2172 0.1938 0.5890 
        D336  5 0.7941 0.1549 0.0510 
        D337  5 0.9036 0.0626 0.0338 
        D338  5 0.3021 0.3964 0.3015 
        D339  5 0.8084 0.0733 0.1183 
        D347  5 0.5103 0.3856 0.1042 
        D348  5 0.8713 0.0887 0.0400 
        D349  5 0.1318 0.1251 0.7431 
        D350  5 0.1009 0.7521 0.1470 
        D355  5 0.2189 0.6912 0.0898 
        D356  5 0.5282 0.2779 0.1939 
        D357  5 0.6338 0.2100 0.1562 
        D358  5 0.5127 0.3197 0.1676 
        D359  5 0.3931 0.5526 0.0542 
        D360  5 0.5727 0.2403 0.1870 
        D361  5 0.0527 0.0976 0.8498 
        D366  5 0.0503 0.5914 0.3583 
        D367  5 0.8149 0.0789 0.1062 
        D368  5 0.3970 0.3059 0.2972 
        D380  5 0.0921 0.6779 0.2300 
        D381  5 0.6940 0.2047 0.1012 
        D400  5 0.6675 0.2127 0.1198 
        D411  5 0.0404 0.0397 0.9199 
        D412  5 0.4783 0.2143 0.3074 
        D413  5 0.0685 0.4365 0.4951 
        D414  5 0.2483 0.5484 0.2033 
        D420  5 0.5641 0.1631 0.2728 
        D431  5 0.7891 0.0600 0.1508 
        D432  5 0.6546 0.1307 0.2148 
        D433  5 0.8304 0.1085 0.0611 
        D434  5 0.5397 0.3161 0.1442 
        D440  5 0.0606 0.7578 0.1817 
        D447  5 0.0595 0.7723 0.1682 
        D448  5 0.8461 0.1082 0.0457 
        D459  5 0.3451 0.5370 0.1179 
        D460  5 0.1175 0.2091 0.6734 
        D461  5 0.0761 0.8561 0.0678 
        D468  5 0.3899 0.3895 0.2206 
        D469  5 0.1909 0.5996 0.2094 
        D470  5 0.2738 0.2833 0.4429 
        D471  5 0.7977 0.1543 0.0480 
        D472  5 0.0576 0.8755 0.0669 
        D479  5 0.1954 0.2860 0.5186 
        D485  5 0.5666 0.2017 0.2318 
        D486  5 0.2996 0.3472 0.3533 
        D487  5 0.8190 0.0700 0.1110 
        D555  5 0.8720 0.0592 0.0688 
        D556  5 0.7726 0.1268 0.1005 
        D557  5 0.8500 0.1063 0.0438 
        D564  5 0.6163 0.1917 0.1919 
        D594  5 0.2464 0.5400 0.2136 
        D595  5 0.5975 0.2756 0.1269 
        D596  5 0.8754 0.0661 0.0585 
        D597  5 0.5051 0.3865 0.1084 
        D598  5 0.4974 0.2146 0.2881 
        D617  5 0.0767 0.0748 0.8486 
        D618  5 0.7141 0.1811 0.1048 
        D619  5 0.3169 0.3786 0.3046 
        D620  5 0.1087 0.4148 0.4765 
        D628  5 0.3185 0.3023 0.3792 
        D714  5 0.9026 0.0508 0.0466 
        D715  5 0.7028 0.2333 0.0640 
        D716  5 0.5447 0.3577 0.0976 
        D717  5 0.2604 0.5235 0.2162 
        D718  5 0.5117 0.0839 0.4044 
        D769  5 0.0831 0.0918 0.8252 
        D770  5 0.6314 0.1835 0.1851 
        D771  5 0.5380 0.1694 0.2927 
        D772  5 0.5960 0.2849 0.1191 
        D782  5 0.1238 0.4364 0.4398 
        D783  5 0.3497 0.3933 0.2569 
        D784  5 0.1350 0.7458 0.1191 
        D785  5 0.6940 0.1623 0.1437 
        D786  5 0.0600 0.2341 0.7059 
        D821  5 0.8923 0.0668 0.0409 
        D822  5 0.2108 0.6874 0.1019 
        D826  5 0.7474 0.1546 0.0980 
        D827  5 0.0554 0.8451 0.0995 
        D851  5 0.3598 0.4000 0.2401 
        D852  5 0.7313 0.1100 0.1588 
        D853  5 0.6813 0.1859 0.1328 
        D854  5 0.2737 0.4963 0.2300 
        D861  5 0.5039 0.2194 0.2766 
        D862  5 0.3333 0.5627 0.1039 
        D865  5 0.8311 0.0858 0.0831 
        D868  5 0.1840 0.6680 0.1479 
        D869  5 0.0611 0.0834 0.8555 
        D870  5 0.0396 0.5448 0.4156 
        D907  5 0.7854 0.0648 0.1498 
        D908  5 0.8226 0.0578 0.1196 
        D910  5 0.7115 0.1996 0.0889 
        D911  5 0.3459 0.5943 0.0598 
        D934  5 0.6780 0.1850 0.1370 
        D946  5 0.7035 0.0822 0.2143 
        D947  5 0.3401 0.4547 0.2051 
        D948  5 0.1645 0.1531 0.6824 
        D949  5 0.1218 0.1575 0.7208 
        D950  5 0.3850 0.5172 0.0978 
        D951  5 0.1233 0.6952 0.1815 
        D952  5 0.2297 0.6663 0.1040 
        D953  5 0.7179 0.1722 0.1099 
        D954  5 0.3534 0.5372 0.1094 
        D961  5 0.6993 0.1062 0.1945 
        D962  5 0.7539 0.1800 0.0660 
        D963  5 0.4509 0.4522 0.0970 
        D964  5 0.4930 0.1835 0.3236 
        D965  5 0.3311 0.4233 0.2456 
        D966  5 0.6804 0.2080 0.1116 
        D967  5 0.6118 0.1432 0.2450 
        D991  5 0.2852 0.3154 0.3994 
        D502  6 0.1210 0.2628 0.6163 
        D503  6 0.2658 0.0982 0.6360 
        D504  6 0.1846 0.6219 0.1935 
        D505  6 0.5177 0.2542 0.2281 
        D506  6 0.7984 0.1275 0.0741 
        D507  6 0.2981 0.2634 0.4384 
        D508  6 0.2868 0.5678 0.1454 
        D529  6 0.4214 0.2906 0.2880 
        D530  6 0.5815 0.0778 0.3408 
        D531  6 0.3688 0.4631 0.1681 
        D532  6 0.4015 0.4606 0.1379 
        D534  6 0.0589 0.1472 0.7939 
        D535  6 0.4174 0.3969 0.1857 
        D536  6 0.0945 0.2392 0.6662 
        D554  6 0.5264 0.1675 0.3061 
        D587  6 0.6308 0.2569 0.1123 
        D588  6 0.4297 0.4288 0.1415 
        D589  6 0.5798 0.1120 0.3081 
        D590  6 0.1175 0.3606 0.5219 
        D591  6 0.4620 0.3432 0.1948 
        D592  6 0.1144 0.0864 0.7993 
        D593  6 0.6676 0.0915 0.2409 
        D682  6 0.7952 0.1046 0.1002 
        D683  6 0.2601 0.6212 0.1187 
        D684  6 0.0953 0.3153 0.5894 
        D685  6 0.5243 0.1351 0.3406 
        D686  6 0.7358 0.1430 0.1212 
        D724  6 0.1917 0.4943 0.3140 
        D725  6 0.5342 0.2193 0.2464 
        D726  6 0.8096 0.1073 0.0831 
        D727  6 0.1396 0.4810 0.3794 
        D728  6 0.6548 0.1944 0.1507 
        D729  6 0.0334 0.3730 0.5936 
        D730  6 0.1873 0.2816 0.5311 
        D731  6 0.9226 0.0329 0.0445 
        D732  6 0.2293 0.5837 0.1870 
        D733  6 0.3970 0.3027 0.3003 
     D237251  7 0.7379 0.1211 0.1410 
     D237252  7 0.1304 0.1288 0.7408 
     D237253  7 0.7082 0.1852 0.1067 
     D237254  7 0.0354 0.0718 0.8928 
     D237255  7 0.7387 0.1369 0.1244 
     D237256  7 0.3028 0.5631 0.1341 
     D237257  7 0.1549 0.3402 0.5049 
     D237282  7 0.0543 0.6849 0.2607 
     D237283  7 0.0553 0.0500 0.8947 
     D237284  7 0.0445 0.1167 0.8389 
     D237285  7 0.6046 0.1836 0.2118 
     D237286  7 0.3781 0.4838 0.1381 
     D237287  7 0.1977 0.5634 0.2389 
     D244006  7 0.0403 0.0789 0.8808 
     D244007  7 0.0774 0.4599 0.4627 
     D244008  7 0.0906 0.0821 0.8273 
     D244009  7 0.1870 0.2925 0.5205 
     D244010  7 0.2158 0.2443 0.5399 
     D244011  7 0.6322 0.1444 0.2234 
     D244012  7 0.2111 0.3786 0.4104 
     D244013  7 0.5752 0.2443 0.1806 
     D244014  7 0.3295 0.1234 0.5471 
     D244015  7 0.0615 0.3541 0.5845 
     D244125  7 0.6288 0.2664 0.1048 
     D244126  7 0.0339 0.0987 0.8674 
     D244130  7 0.3046 0.2514 0.4440 
     D244131  7 0.3760 0.3578 0.2662 
     D244132  7 0.4102 0.4884 0.1014 
        D520  7 0.3653 0.2326 0.4021 
        D521  7 0.2228 0.4449 0.3324 
        D522  7 0.0798 0.2551 0.6651 
        D523  7 0.6411 0.1381 0.2207 
        D524  7 0.6089 0.1714 0.2196 
        D525  7 0.2488 0.0899 0.6614 
        D526  7 0.0367 0.1065 0.8569 
        D527  7 0.3666 0.4146 0.2188 
        D528  7 0.0276 0.6675 0.3049 
        D558  7 0.0997 0.5320 0.3683 
        D559  7 0.0969 0.6749 0.2283 
        D640  7 0.6673 0.2031 0.1296 
        D641  7 0.7402 0.0576 0.2022 
        D642  7 0.1109 0.1088 0.7803 
        D644  7 0.4667 0.2211 0.3122 
        D645  7 0.4504 0.2674 0.2823 
        D662  7 0.1403 0.3597 0.5000 
        D687  7 0.4381 0.3347 0.2272 
        D688  7 0.0959 0.5648 0.3394 
        D689  7 0.6307 0.2108 0.1586 
        D700  7 0.0322 0.6651 0.3027 
        D797  7 0.4934 0.2852 0.2213 
        D798  7 0.1005 0.3291 0.5703 
        D799  7 0.4936 0.1477 0.3586 
        D800  7 0.1031 0.6092 0.2877 
        D132  8 0.0622 0.0824 0.8553 
        D133  8 0.1031 0.2515 0.6454 
        D200  8 0.5531 0.2744 0.1725 
        D500  8 0.0421 0.0611 0.8968 
        D614  8 0.5660 0.2116 0.2224 
        D723  8 0.1095 0.5292 0.3613 
        D888  8 0.8083 0.1105 0.0812 
        D901  8 0.2497 0.1447 0.6055 
        D902  8 0.6182 0.1941 0.1877 
        D903  8 0.1484 0.7535 0.0981 
        D904  8 0.1785 0.5430 0.2784 
        D905  8 0.9380 0.0316 0.0304 
        D906  8 0.1491 0.4656 0.3853 
        D937  8 0.8232 0.0607 0.1161 
        D943  8 0.1535 0.3795 0.4671 
        D972  8 0.0937 0.4017 0.5045 
        D973  8 0.0673 0.6748 0.2579 
        D974  8 0.3353 0.2668 0.3979 
        D975  8 0.5593 0.2646 0.1761 
        D976  8 0.4808 0.1661 0.3531 
        D201  9 0.3713 0.2439 0.3847 
        D202  9 0.5281 0.1062 0.3657 
     D237259  9 0.0468 0.6475 0.3057 
     D237260  9 0.3332 0.0787 0.5881 
     D237262  9 0.0748 0.0616 0.8635 
     D237263  9 0.1630 0.1523 0.6847 
     D237264  9 0.2940 0.2506 0.4554 
     D237265  9 0.7018 0.0589 0.2392 
     D237266  9 0.0852 0.2787 0.6361 
     D237267  9 0.4552 0.2449 0.2999 
     D237268  9 0.2112 0.2521 0.5367 
     D237289  9 0.6631 0.0792 0.2577 
     D237290  9 0.5768 0.1390 0.2842 
     D237291  9 0.4347 0.1295 0.4359 
     D237292  9 0.1163 0.1768 0.7069 
     D237293  9 0.3406 0.2198 0.4397 
     D237294  9 0.2315 0.0595 0.7090 
     D237295  9 0.2416 0.4724 0.2860 
     D237296  9 0.5012 0.1866 0.3122 
     D237297  9 0.7068 0.1778 0.1154 
     D237298  9 0.1919 0.4428 0.3653 
     D237341  9 0.3499 0.3365 0.3136 
     D237342  9 0.1675 0.1695 0.6630 
     D237343  9 0.1487 0.1964 0.6549 
     D237344  9 0.7063 0.1045 0.1892 
     D237345  9 0.0368 0.0720 0.8912 
     D237346  9 0.5041 0.0971 0.3988 
     D237347  9 0.7599 0.1293 0.1108 
     D237348  9 0.3332 0.2084 0.4584 
     D237349  9 0.0425 0.4512 0.5063 
     D244109  9 0.0551 0.3258 0.6191 
     D244110  9 0.2126 0.2517 0.5357 
     D244111  9 0.2926 0.3927 0.3147 
     D244128  9 0.0778 0.0990 0.8232 
     D244137  9 0.0700 0.6157 0.3143 
     D244138  9 0.6341 0.1381 0.2279 
        D580  9 0.1029 0.3135 0.5836 
        D581  9 0.3846 0.1115 0.5039 
        D582  9 0.0708 0.0992 0.8300 
        D583  9 0.2396 0.0606 0.6998 
        D584  9 0.4994 0.0767 0.4239 
        D585  9 0.1624 0.1849 0.6527 
        D586  9 0.8938 0.0482 0.0580 
        D651  9 0.1837 0.6154 0.2009 
        D652  9 0.0400 0.3657 0.5943 
        D653  9 0.1724 0.7160 0.1116 
        D654  9 0.0545 0.4831 0.4624 
        D655  9 0.7112 0.1557 0.1331 
        D656  9 0.0580 0.0780 0.8640 
        D657  9 0.2152 0.2331 0.5516 
        D667  9 0.8121 0.0957 0.0923 
        D668  9 0.3380 0.1484 0.5136 
        D669  9 0.4958 0.1569 0.3473 
        D670  9 0.0738 0.7809 0.1454 
        D671  9 0.3131 0.2345 0.4524 
        D672  9 0.1093 0.1550 0.7357 
        D673  9 0.4558 0.2088 0.3354 
        D692  9 0.0552 0.1583 0.7864 
        D693  9 0.3974 0.2652 0.3375 
        D694  9 0.1273 0.0579 0.8148 
        D695  9 0.2156 0.3282 0.4561 
        D696  9 0.8870 0.0618 0.0512 
        D697  9 0.5500 0.2655 0.1845 
        D698  9 0.4435 0.1579 0.3986 
        D699  9 0.7491 0.0705 0.1804 
        D787  9 0.0870 0.4307 0.4823 
        D788  9 0.5194 0.2365 0.2441 
        D789  9 0.3810 0.1276 0.4914 
        D790  9 0.1774 0.4098 0.4128 
        D791  9 0.7217 0.0911 0.1872 
        D792  9 0.1027 0.5148 0.3825 
        D793  9 0.6778 0.2299 0.0923 
        D794  9 0.3827 0.4284 0.1889 
        D795  9 0.3044 0.0507 0.6449 
        D796  9 0.6237 0.1346 0.2418 
        D142 10 0.5063 0.3399 0.1539 
        D143 10 0.1737 0.2742 0.5521 
        D144 10 0.3506 0.3457 0.3036 
        D145 10 0.6888 0.1730 0.1382 
        D146 10 0.1046 0.2963 0.5991 
        D147 10 0.1118 0.5086 0.3797 
        D148 10 0.1349 0.6253 0.2398 
        D149 10 0.3161 0.2926 0.3913 
        D151 10 0.1919 0.4661 0.3421 
        D152 10 0.3196 0.1773 0.5031 
        D153 10 0.2214 0.5864 0.1922 
        D156 10 0.1040 0.8002 0.0959 
        D157 10 0.6353 0.1107 0.2540 
        D158 10 0.6918 0.0968 0.2114 
        D159 10 0.1185 0.3551 0.5264 
        D160 10 0.9452 0.0281 0.0267 
        D161 10 0.2431 0.5414 0.2155 
        D162 10 0.2833 0.6211 0.0956 
        D169 10 0.0718 0.1064 0.8218 
        D170 10 0.1411 0.1121 0.7468 
        D171 10 0.3732 0.3846 0.2423 
        D172 10 0.2096 0.4887 0.3017 
        D173 10 0.0365 0.4683 0.4952 
        D181 10 0.6519 0.2405 0.1076 
        D182 10 0.2219 0.3742 0.4039 
        D183 10 0.7297 0.1368 0.1335 
        D184 10 0.0283 0.1047 0.8671 
        D185 10 0.1587 0.6211 0.2202 
        D186 10 0.0707 0.0788 0.8505 
        D194 10 0.1162 0.2507 0.6331 
        D195 10 0.6253 0.2346 0.1401 
        D196 10 0.3805 0.5194 0.1001 
        D197 10 0.0815 0.0572 0.8612 
        D198 10 0.1985 0.5409 0.2605 
     D237226 10 0.3793 0.3418 0.2789 
     D237232 10 0.7782 0.1119 0.1099 
     D237233 10 0.6386 0.0785 0.2828 
     D237234 10 0.6194 0.2263 0.1543 
     D237354 10 0.8239 0.1134 0.0627 
     D237355 10 0.8237 0.1127 0.0636 
     D237356 10 0.2846 0.4985 0.2170 
     D237357 10 0.1242 0.2460 0.6298 
     D237358 10 0.0582 0.4013 0.5405 
     D237369 10 0.0357 0.2658 0.6985 
     D237370 10 0.7224 0.1254 0.1521 
     D237371 10 0.1443 0.5871 0.2686 
     D237372 10 0.0866 0.2557 0.6577 
     D237373 10 0.8080 0.0969 0.0951 
     D237374 10 0.9187 0.0442 0.0371 
     D237375 10 0.1326 0.5354 0.3320 
     D237400 10 0.4730 0.1062 0.4208 
     D244002 10 0.0550 0.5150 0.4301 
     D244003 10 0.9054 0.0254 0.0692 
     D244004 10 0.9130 0.0335 0.0535 
     D244005 10 0.4514 0.1780 0.3706 
     D244020 10 0.4798 0.3702 0.1500 
     D244021 10 0.1199 0.3142 0.5659 
     D244116 10 0.1372 0.2348 0.6279 
     D244117 10 0.7682 0.1255 0.1064 
     D244121 10 0.6957 0.0865 0.2178 
     D244123 10 0.7878 0.1144 0.0978 
     D244124 10 0.2070 0.0859 0.7071 
        D332 10 0.0949 0.7783 0.1269 
        D570 10 0.6808 0.2230 0.0962 
        D602 10 0.0611 0.8067 0.1322 
        D603 10 0.4929 0.1575 0.3496 
        D604 10 0.1850 0.5982 0.2168 
        D605 10 0.1719 0.5831 0.2450 
        D606 10 0.2251 0.0969 0.6780 
        D607 10 0.0420 0.8788 0.0792 
        D608 10 0.0490 0.4425 0.5085 
        D609 10 0.5448 0.3146 0.1406 
        D610 10 0.4778 0.3885 0.1337 
        D611 10 0.9132 0.0564 0.0305 
        D613 10 0.3922 0.4908 0.1170 
        D633 10 0.0785 0.6787 0.2428 
        D634 10 0.5017 0.2414 0.2570 
        D638 10 0.4843 0.1202 0.3954 
        D681 10 0.3755 0.2447 0.3798 
        D754 10 0.4449 0.1169 0.4382 
        D755 10 0.7871 0.0440 0.1688 
        D756 10 0.6995 0.0809 0.2195 
        D757 10 0.3308 0.2978 0.3714 
        D758 10 0.3523 0.3067 0.3410 
        D759 10 0.8034 0.0836 0.1130 
        D760 10 0.5643 0.2988 0.1369 
        D761 10 0.9089 0.0304 0.0607 
        D762 10 0.0805 0.7926 0.1269 
        D775 10 0.8789 0.0481 0.0730 
        D776 10 0.8057 0.0903 0.1040 
        D777 10 0.7525 0.0850 0.1624 
        D778 10 0.4802 0.1274 0.3925 
        D779 10 0.5572 0.1389 0.3039 
        D780 10 0.5763 0.2458 0.1779 
        D781 10 0.1308 0.6972 0.1720 
        D858 10 0.0522 0.0598 0.8880 
        D933 10 0.3742 0.5289 0.0969 
        D038 11 0.5752 0.2382 0.1866 
        D063 11 0.6869 0.1584 0.1547 
        D155 11 0.7168 0.1558 0.1273 
        D175 11 0.4811 0.1321 0.3868 
        D176 11 0.6182 0.0835 0.2983 
        D205 11 0.5680 0.1294 0.3026 
     D237229 11 0.0847 0.4347 0.4806 
     D237230 11 0.0395 0.5904 0.3701 
     D237231 11 0.0503 0.8650 0.0847 
     D237269 11 0.2216 0.5446 0.2338 
     D237270 11 0.0565 0.1698 0.7738 
     D237271 11 0.4974 0.2885 0.2141 
     D237272 11 0.0720 0.5503 0.3777 
     D237273 11 0.7833 0.1070 0.1097 
     D237301 11 0.1397 0.7816 0.0786 
     D237302 11 0.1486 0.2006 0.6508 
     D237303 11 0.0398 0.2232 0.7370 
     D237304 11 0.2132 0.4266 0.3602 
     D237305 11 0.1423 0.0681 0.7896 
     D237314 11 0.6828 0.1652 0.1520 
     D237315 11 0.1236 0.2351 0.6412 
     D237316 11 0.1009 0.8147 0.0844 
     D237328 11 0.1354 0.5894 0.2752 
     D237329 11 0.2576 0.2394 0.5030 
     D237330 11 0.8390 0.0859 0.0751 
     D237331 11 0.7446 0.1763 0.0791 
     D237332 11 0.3330 0.4505 0.2165 
     D237333 11 0.8831 0.0586 0.0583 
     D237334 11 0.1231 0.7865 0.0904 
     D237335 11 0.3169 0.3961 0.2870 
     D237336 11 0.7117 0.1089 0.1794 
     D237350 11 0.5723 0.2513 0.1764 
     D237383 11 0.4396 0.1064 0.4540 
     D237384 11 0.1588 0.5217 0.3195 
     D237385 11 0.2653 0.4019 0.3328 
     D237386 11 0.1538 0.6481 0.1981 
     D237387 11 0.1183 0.6184 0.2633 
     D237388 11 0.7250 0.2101 0.0649 
        D239 11 0.6839 0.2138 0.1022 
        D240 11 0.5327 0.0759 0.3914 
        D241 11 0.1146 0.6840 0.2015 
        D242 11 0.2039 0.6036 0.1924 
        D243 11 0.6718 0.1489 0.1792 
        D244 11 0.7017 0.1196 0.1787 
        D245 11 0.0917 0.2964 0.6119 
        D246 11 0.3760 0.3220 0.3019 
        D247 11 0.2509 0.2426 0.5065 
        D248 11 0.1668 0.6814 0.1518 
        D249 11 0.3488 0.1762 0.4750 
        D250 11 0.2904 0.6055 0.1041 
        D251 11 0.5923 0.1858 0.2219 
        D252 11 0.2175 0.5169 0.2656 
        D253 11 0.7770 0.0869 0.1361 
        D254 11 0.0486 0.2604 0.6910 
        D255 11 0.4480 0.4214 0.1306 
        D256 11 0.5680 0.2486 0.1834 
        D257 11 0.1139 0.1129 0.7732 
        D258 11 0.1117 0.2473 0.6410 
        D259 11 0.0740 0.1729 0.7532 
        D260 11 0.4213 0.1873 0.3914 
        D261 11 0.4247 0.4355 0.1398 
        D262 11 0.2480 0.1710 0.5810 
        D263 11 0.4444 0.3419 0.2137 
        D264 11 0.1141 0.3514 0.5345 
        D265 11 0.2537 0.3221 0.4242 
        D266 11 0.5021 0.3906 0.1072 
        D267 11 0.4340 0.3505 0.2155 
        D268 11 0.6589 0.2783 0.0628 
        D269 11 0.1380 0.7801 0.0820 
        D270 11 0.1537 0.6471 0.1992 
        D271 11 0.3694 0.2247 0.4059 
        D272 11 0.3977 0.4420 0.1603 
        D273 11 0.0384 0.1252 0.8364 
        D274 11 0.3663 0.3740 0.2597 
        D275 11 0.2363 0.5335 0.2302 
        D276 11 0.4647 0.4595 0.0758 
        D277 11 0.3052 0.4980 0.1968 
        D278 11 0.5476 0.1227 0.3297 
        D282 11 0.0977 0.0818 0.8205 
        D296 11 0.4724 0.4087 0.1190 
        D297 11 0.3714 0.4158 0.2128 
        D298 11 0.4752 0.4045 0.1203 
        D299 11 0.6390 0.2034 0.1577 
        D300 11 0.6046 0.1930 0.2024 
        D382 11 0.3197 0.4793 0.2010 
        D383 11 0.4916 0.0998 0.4086 
        D387 11 0.6565 0.1438 0.1997 
        D388 11 0.0739 0.8731 0.0530 
        D389 11 0.5140 0.3841 0.1020 
        D390 11 0.2059 0.7053 0.0888 
        D396 11 0.2577 0.5286 0.2137 
        D397 11 0.1359 0.1560 0.7081 
        D398 11 0.4703 0.2182 0.3115 
        D399 11 0.0847 0.6716 0.2437 
        D437 11 0.1745 0.3023 0.5232 
        D441 11 0.7773 0.1622 0.0605 
        D442 11 0.4823 0.2710 0.2468 
        D443 11 0.8787 0.0793 0.0419 
        D444 11 0.2162 0.5824 0.2015 
        D445 11 0.0925 0.6035 0.3040 
        D446 11 0.0965 0.5935 0.3101 
        D451 11 0.2830 0.5095 0.2075 
        D452 11 0.3146 0.4576 0.2278 
        D453 11 0.0819 0.8333 0.0847 
        D454 11 0.1273 0.1858 0.6869 
        D457 11 0.4272 0.2660 0.3068 
        D458 11 0.3874 0.4977 0.1148 
        D466 11 0.1159 0.2630 0.6211 
        D467 11 0.7642 0.1024 0.1334 
        D475 11 0.0732 0.0733 0.8535 
        D488 11 0.2266 0.5883 0.1851 
        D489 11 0.1685 0.2966 0.5349 
        D493 11 0.1291 0.5681 0.3028 
        D494 11 0.1993 0.6083 0.1924 
        D495 11 0.1662 0.1937 0.6401 
        D496 11 0.8228 0.1089 0.0683 
        D674 11 0.7234 0.1340 0.1426 
        D675 11 0.7358 0.1911 0.0731 
        D676 11 0.2989 0.2399 0.4612 
        D680 11 0.7506 0.0808 0.1686 
        D701 11 0.3131 0.3450 0.3419 
        D702 11 0.0711 0.4066 0.5223 
        D703 11 0.3861 0.3097 0.3043 
        D704 11 0.4943 0.2549 0.2508 
        D705 11 0.0345 0.3860 0.5794 
        D706 11 0.3800 0.0945 0.5255 
        D707 11 0.1464 0.5929 0.2607 
        D751 11 0.2097 0.5401 0.2502 
        D752 11 0.6157 0.2312 0.1531 
        D753 11 0.0853 0.5798 0.3348 
        D773 11 0.0262 0.0585 0.9153 
        D774 11 0.2392 0.5643 0.1966 
        D801 11 0.6025 0.2791 0.1184 
        D802 11 0.1359 0.6087 0.2554 
        D803 11 0.7743 0.1251 0.1006 
        D804 11 0.2920 0.3772 0.3308 
        D805 11 0.3337 0.3756 0.2908 
        D806 11 0.0631 0.1149 0.8221 
        D809 11 0.5656 0.2935 0.1409 
        D810 11 0.7490 0.2105 0.0405 
        D812 11 0.2037 0.3547 0.4415 
        D813 11 0.5755 0.2038 0.2207 
        D823 11 0.4719 0.3699 0.1581 
        D824 11 0.6664 0.1068 0.2268 
        D829 11 0.1459 0.7312 0.1229 
        D830 11 0.0754 0.5808 0.3437 
        D831 11 0.4741 0.2070 0.3189 
        D832 11 0.4529 0.0991 0.4480 
        D833 11 0.3836 0.5189 0.0975 
        D834 11 0.2660 0.5787 0.1553 
        D835 11 0.2238 0.2842 0.4920 
        D855 11 0.4287 0.3825 0.1888 
        D863 11 0.9001 0.0376 0.0623 
        D864 11 0.6564 0.2006 0.1430 
        D878 11 0.6037 0.2836 0.1127 
        D879 11 0.0989 0.2174 0.6837 
        D880 11 0.3085 0.5940 0.0975 
        D881 11 0.8590 0.0674 0.0736 
        D882 11 0.4568 0.3087 0.2345 
        D909 11 0.2690 0.5788 0.1521 
        D921 11 0.5277 0.3365 0.1358 
        D924 11 0.6234 0.2645 0.1121 
        D935 11 0.1282 0.7526 0.1192 
        D940 11 0.8619 0.0685 0.0697 
        D941 11 0.4592 0.4107 0.1301 
        D942 11 0.0480 0.1230 0.8290 
        D980 11 0.1525 0.6653 0.1822 
        D981 11 0.1224 0.2558 0.6218 
        D982 11 0.1695 0.3631 0.4674 
        D983 11 0.5152 0.3993 0.0856 
        D984 11 0.3644 0.4906 0.1450 
        D992 11 0.0732 0.3230 0.6038 
        D993 11 0.4819 0.3674 0.1507 
        D994 11 0.5374 0.2396 0.2230 
        D995 11 0.2387 0.2541 0.5072 
        H354 11 0.0547 0.4026 0.5426 
        D005 12 0.0994 0.4397 0.4608 
        D035 12 0.5146 0.1679 0.3175 
        D067 12 0.4376 0.4156 0.1468 
        D134 12 0.6041 0.1370 0.2589 
        D135 12 0.3202 0.3898 0.2900 
        D136 12 0.0423 0.8024 0.1553 
        D137 12 0.1181 0.6647 0.2172 
        D138 12 0.4733 0.1964 0.3302 
        D139 12 0.2728 0.6419 0.0853 
        D140 12 0.3016 0.4001 0.2984 
        D141 12 0.0306 0.0664 0.9030 
        D150 12 0.1408 0.0668 0.7924 
        D177 12 0.4011 0.2993 0.2996 
        D178 12 0.0398 0.8775 0.0827 
        D179 12 0.0916 0.6460 0.2624 
        D180 12 0.0608 0.7107 0.2285 
        D187 12 0.6822 0.1072 0.2107 
        D188 12 0.0354 0.0489 0.9157 
        D191 12 0.0803 0.0580 0.8617 
        D418 12 0.0592 0.0886 0.8522 
        D601 12 0.0604 0.2568 0.6828 
        D836 12 0.0901 0.1728 0.7371 
        D837 12 0.2460 0.5238 0.2302 
        D838 12 0.8866 0.0727 0.0407 
        D839 12 0.2731 0.3618 0.3651 
        D840 12 0.4355 0.3895 0.1750 
        D841 12 0.4394 0.2548 0.3058 
        D842 12 0.0331 0.0282 0.9387 
        D843 12 0.5901 0.2557 0.1542 
        D844 12 0.1426 0.1511 0.7063 
        D912 12 0.3927 0.5456 0.0617 
        D913 12 0.2831 0.2603 0.4565 
