        D174  1 0.1031 0.0706 0.0940 0.0404 0.6919 
        D199  1 0.0723 0.3671 0.0948 0.2553 0.2105 
        D203  1 0.1917 0.2823 0.1492 0.2837 0.0932 
        D204  1 0.0267 0.8656 0.0404 0.0356 0.0317 
     D237366  1 0.3767 0.1328 0.2610 0.1060 0.1236 
     D237367  1 0.2289 0.4254 0.1952 0.0726 0.0778 
     D237368  1 0.5322 0.2193 0.0839 0.0903 0.0742 
     D244101  1 0.0339 0.5827 0.1318 0.2140 0.0376 
     D244102  1 0.2513 0.1805 0.2559 0.0999 0.2124 
     D244103  1 0.1362 0.2054 0.5023 0.0612 0.0948 
     D244104  1 0.0620 0.7487 0.0333 0.0477 0.1083 
     D244105  1 0.5396 0.1374 0.2377 0.0486 0.0367 
     D244106  1 0.0406 0.0767 0.1259 0.1428 0.6140 
     D244107  1 0.6437 0.1301 0.1143 0.0835 0.0285 
     D244108  1 0.1766 0.1217 0.0742 0.0615 0.5660 
     D244113  1 0.0436 0.0328 0.0874 0.0336 0.8025 
     D244114  1 0.0825 0.1307 0.4288 0.1742 0.1837 
     D244115  1 0.1656 0.1675 0.1537 0.0471 0.4661 
     D267365  1 0.0818 0.4117 0.0841 0.0815 0.3408 
        D404  1 0.0568 0.0470 0.1339 0.0436 0.7186 
        D405  1 0.1218 0.1441 0.2111 0.1342 0.3888 
        D406  1 0.8144 0.0820 0.0334 0.0224 0.0478 
        D407  1 0.1581 0.5253 0.2001 0.0682 0.0483 
        D408  1 0.0461 0.0706 0.1175 0.0903 0.6755 
        D409  1 0.0568 0.1027 0.7077 0.0462 0.0866 
        D410  1 0.7919 0.0861 0.0516 0.0202 0.0503 
        D421  1 0.0268 0.8622 0.0280 0.0434 0.0396 
        D422  1 0.8412 0.0548 0.0442 0.0352 0.0246 
        D423  1 0.8161 0.0772 0.0394 0.0418 0.0254 
        D424  1 0.0995 0.6244 0.1925 0.0238 0.0597 
        D425  1 0.0716 0.4703 0.1500 0.0603 0.2477 
        D426  1 0.0701 0.0638 0.6467 0.1689 0.0504 
        D427  1 0.0318 0.2258 0.0324 0.5241 0.1860 
        D428  1 0.1611 0.3788 0.1248 0.0628 0.2725 
        D429  1 0.0866 0.4312 0.1109 0.0586 0.3127 
        D430  1 0.0832 0.1362 0.4165 0.1421 0.2221 
        D491  1 0.0347 0.1638 0.0626 0.0267 0.7121 
        D492  1 0.1792 0.3428 0.1782 0.0658 0.2339 
        D537  1 0.1015 0.7247 0.0759 0.0351 0.0628 
        D538  1 0.2656 0.1153 0.3690 0.1096 0.1406 
        D539  1 0.2025 0.0736 0.1676 0.2063 0.3500 
        D540  1 0.1680 0.3788 0.2860 0.0670 0.1003 
        D541  1 0.0390 0.8766 0.0303 0.0327 0.0214 
        D551  1 0.0798 0.1175 0.3064 0.4202 0.0762 
        D552  1 0.2966 0.3196 0.0926 0.0633 0.2279 
        D553  1 0.0289 0.8892 0.0305 0.0229 0.0284 
        D615  1 0.1793 0.4572 0.1254 0.1332 0.1048 
        D616  1 0.2694 0.2965 0.1849 0.1598 0.0895 
        D621  1 0.6510 0.0490 0.0741 0.0357 0.1902 
        D622  1 0.7740 0.0549 0.0645 0.0401 0.0665 
        D623  1 0.0487 0.0742 0.1085 0.2503 0.5183 
        D624  1 0.0433 0.0554 0.0760 0.0304 0.7950 
        D625  1 0.1068 0.6809 0.0864 0.0298 0.0960 
        D626  1 0.1977 0.1096 0.0926 0.0675 0.5326 
        D627  1 0.0429 0.0824 0.7246 0.0984 0.0518 
        D690  1 0.0735 0.7954 0.0333 0.0163 0.0815 
        D691  1 0.7843 0.0841 0.0469 0.0351 0.0496 
        D710  1 0.1184 0.4782 0.1244 0.0663 0.2128 
        D711  1 0.0870 0.7440 0.0641 0.0467 0.0583 
        D712  1 0.0784 0.0587 0.0777 0.0727 0.7126 
        D713  1 0.0966 0.2186 0.1483 0.0365 0.5000 
        D746  1 0.8160 0.0811 0.0444 0.0305 0.0280 
        D747  1 0.0241 0.9004 0.0243 0.0258 0.0254 
        D748  1 0.3493 0.3876 0.1518 0.0301 0.0813 
        D749  1 0.5562 0.0477 0.1482 0.0735 0.1743 
        D750  1 0.1072 0.2196 0.0616 0.0365 0.5751 
        D763  1 0.1135 0.3131 0.2185 0.3046 0.0503 
        D764  1 0.1579 0.5074 0.0614 0.0287 0.2447 
        D765  1 0.6259 0.0751 0.1018 0.0333 0.1639 
        D766  1 0.4795 0.2881 0.0920 0.0355 0.1050 
        D767  1 0.2536 0.2496 0.2593 0.1364 0.1012 
        D768  1 0.0401 0.8649 0.0402 0.0315 0.0232 
        D811  1 0.0762 0.0490 0.2037 0.0388 0.6322 
        D816  1 0.0312 0.8345 0.0335 0.0252 0.0755 
        D825  1 0.1639 0.1601 0.1687 0.0320 0.4753 
        D866  1 0.0905 0.0872 0.1249 0.4227 0.2746 
        D867  1 0.7579 0.0587 0.0778 0.0525 0.0531 
        D871  1 0.0389 0.0741 0.7908 0.0349 0.0613 
        D872  1 0.2484 0.4975 0.1191 0.0509 0.0840 
        D873  1 0.9027 0.0166 0.0318 0.0235 0.0254 
        D874  1 0.0334 0.4417 0.1555 0.0689 0.3004 
        D875  1 0.1155 0.0413 0.7819 0.0225 0.0388 
        D876  1 0.0907 0.6633 0.0782 0.0407 0.1272 
        D877  1 0.0259 0.0882 0.2069 0.0463 0.6327 
        D892  1 0.1664 0.3247 0.1285 0.0331 0.3474 
        D893  1 0.1102 0.6344 0.1123 0.0909 0.0522 
        D894  1 0.0699 0.6173 0.1480 0.0653 0.0994 
        D915  1 0.1905 0.5909 0.0939 0.0379 0.0867 
        D916  1 0.0446 0.8719 0.0317 0.0209 0.0309 
        D917  1 0.0756 0.2488 0.1573 0.1708 0.3475 
        D925  1 0.6967 0.1333 0.0385 0.0333 0.0982 
        D926  1 0.0758 0.5109 0.2116 0.0350 0.1667 
        D927  1 0.0539 0.3630 0.1264 0.3809 0.0758 
        D928  1 0.0259 0.1272 0.0327 0.0210 0.7932 
        D929  1 0.1448 0.1292 0.3891 0.0681 0.2689 
        D936  1 0.0471 0.6497 0.1090 0.1297 0.0646 
        D938  1 0.8503 0.0480 0.0417 0.0227 0.0373 
        D956  1 0.0417 0.0361 0.1141 0.0541 0.7540 
        D957  1 0.4436 0.3216 0.0939 0.0454 0.0954 
        D958  1 0.2226 0.4600 0.0904 0.0284 0.1986 
        D959  1 0.1585 0.5132 0.2196 0.0602 0.0485 
        D960  1 0.8349 0.0398 0.0388 0.0269 0.0596 
        D989  1 0.0569 0.0986 0.0830 0.1820 0.5796 
        D990  1 0.7948 0.0224 0.0518 0.0757 0.0553 
        D023  2 0.6519 0.2393 0.0511 0.0300 0.0276 
        D130  2 0.7597 0.1152 0.0661 0.0300 0.0290 
        D131  2 0.0700 0.3551 0.4210 0.0888 0.0650 
        D163  2 0.7668 0.0957 0.0551 0.0294 0.0529 
        D164  2 0.5082 0.0242 0.0224 0.4279 0.0173 
        D165  2 0.7363 0.1363 0.0549 0.0423 0.0302 
        D166  2 0.1401 0.0874 0.6109 0.0909 0.0708 
        D167  2 0.0266 0.0229 0.0345 0.8560 0.0600 
        D192  2 0.0242 0.0179 0.0283 0.9012 0.0284 
        D193  2 0.1309 0.0413 0.1822 0.0759 0.5697 
        D206  2 0.1323 0.3010 0.2666 0.2307 0.0694 
        D207  2 0.0326 0.0779 0.2275 0.6186 0.0434 
        D208  2 0.0915 0.0882 0.0981 0.3551 0.3670 
        D209  2 0.1203 0.1360 0.2671 0.4252 0.0515 
        D210  2 0.0643 0.1307 0.0712 0.3326 0.4013 
     D229599  2 0.1368 0.3539 0.1876 0.1501 0.1716 
     D229600  2 0.5004 0.0526 0.1143 0.2974 0.0353 
     D237227  2 0.2022 0.0730 0.0911 0.1132 0.5204 
     D237228  2 0.3767 0.0304 0.1397 0.0991 0.3541 
     D237258  2 0.2403 0.1212 0.1521 0.3171 0.1694 
     D237310  2 0.5040 0.0274 0.3163 0.0649 0.0874 
     D237311  2 0.6527 0.0282 0.0977 0.1614 0.0600 
     D237312  2 0.3751 0.0514 0.3176 0.0425 0.2133 
     D237313  2 0.1713 0.3478 0.1977 0.0632 0.2200 
     D237322  2 0.0887 0.0666 0.3748 0.2863 0.1836 
     D237323  2 0.6791 0.0349 0.0979 0.0514 0.1367 
     D237324  2 0.4108 0.0975 0.2343 0.2313 0.0261 
     D237325  2 0.5233 0.0631 0.1630 0.0693 0.1813 
     D237326  2 0.6675 0.1276 0.0542 0.0477 0.1030 
     D237327  2 0.0751 0.1021 0.2163 0.5578 0.0487 
     D237337  2 0.7540 0.0507 0.0814 0.0290 0.0849 
     D237338  2 0.3376 0.1008 0.1896 0.1409 0.2310 
     D237339  2 0.0464 0.2451 0.2063 0.4531 0.0492 
     D237340  2 0.3287 0.0437 0.1273 0.2339 0.2665 
     D237389  2 0.6496 0.0419 0.1576 0.0690 0.0819 
     D237390  2 0.3639 0.0714 0.2080 0.0616 0.2951 
     D244017  2 0.0733 0.0549 0.1286 0.3798 0.3634 
     D244112  2 0.0752 0.0260 0.0735 0.7874 0.0380 
     D244118  2 0.4292 0.0233 0.0376 0.4759 0.0341 
     D244119  2 0.0385 0.0382 0.0398 0.3365 0.5470 
     D244120  2 0.0528 0.0227 0.1843 0.6098 0.1304 
     D244122  2 0.0939 0.0538 0.0601 0.6754 0.1168 
        D291  2 0.0933 0.1246 0.2981 0.4197 0.0643 
        D292  2 0.0650 0.2718 0.0652 0.4731 0.1249 
        D293  2 0.0182 0.2181 0.0847 0.6578 0.0213 
        D322  2 0.0551 0.2844 0.1137 0.5183 0.0286 
        D323  2 0.0795 0.2309 0.3418 0.1959 0.1519 
        D324  2 0.1541 0.2880 0.2530 0.1994 0.1055 
        D325  2 0.0241 0.0989 0.0657 0.7958 0.0155 
        D326  2 0.0218 0.8786 0.0362 0.0251 0.0384 
        D340  2 0.0222 0.0405 0.0265 0.8854 0.0255 
        D341  2 0.0522 0.0721 0.0662 0.7617 0.0477 
        D342  2 0.1916 0.0434 0.1847 0.5306 0.0497 
        D343  2 0.0171 0.0308 0.0277 0.9107 0.0137 
        D344  2 0.0703 0.4306 0.3472 0.0574 0.0945 
        D345  2 0.2323 0.4900 0.1160 0.0825 0.0793 
        D346  2 0.0442 0.0959 0.0991 0.1168 0.6440 
        D351  2 0.1053 0.4305 0.3107 0.1130 0.0405 
        D352  2 0.1018 0.1055 0.4231 0.2007 0.1689 
        D353  2 0.0268 0.4877 0.3775 0.0592 0.0488 
        D354  2 0.0979 0.3915 0.1745 0.0386 0.2974 
        D362  2 0.0836 0.7498 0.0540 0.0477 0.0650 
        D363  2 0.0606 0.7752 0.0435 0.0351 0.0856 
        D364  2 0.0733 0.6667 0.0957 0.0403 0.1240 
        D365  2 0.0193 0.0570 0.0280 0.8702 0.0255 
        D369  2 0.1063 0.2983 0.1228 0.2739 0.1987 
        D374  2 0.0309 0.0263 0.0638 0.0286 0.8505 
        D375  2 0.1131 0.2192 0.4455 0.0625 0.1596 
        D376  2 0.0532 0.0247 0.0547 0.0452 0.8222 
        D377  2 0.1715 0.0958 0.2527 0.1159 0.3641 
        D378  2 0.0643 0.5371 0.1107 0.2508 0.0371 
        D379  2 0.0337 0.8064 0.0657 0.0333 0.0610 
        D384  2 0.0207 0.8845 0.0274 0.0226 0.0448 
        D385  2 0.0256 0.0387 0.0489 0.8304 0.0564 
        D386  2 0.0843 0.6065 0.1848 0.0795 0.0448 
        D391  2 0.0267 0.0847 0.0531 0.8128 0.0228 
        D392  2 0.0992 0.1017 0.0624 0.6483 0.0885 
        D393  2 0.0705 0.6833 0.0778 0.1348 0.0335 
        D394  2 0.3694 0.1650 0.2391 0.1295 0.0970 
        D395  2 0.0412 0.0718 0.2815 0.5421 0.0633 
        D401  2 0.7664 0.0312 0.0659 0.0433 0.0931 
        D402  2 0.0272 0.0467 0.0457 0.8507 0.0297 
        D403  2 0.1099 0.5768 0.2235 0.0410 0.0488 
        D415  2 0.0952 0.6576 0.1933 0.0277 0.0262 
        D435  2 0.0938 0.6218 0.0547 0.2016 0.0281 
        D436  2 0.0720 0.3693 0.2527 0.0728 0.2333 
        D438  2 0.0269 0.0279 0.0388 0.8676 0.0389 
        D439  2 0.1310 0.3492 0.2900 0.1941 0.0356 
        D449  2 0.0434 0.1621 0.2528 0.5061 0.0356 
        D450  2 0.0894 0.1985 0.3324 0.0528 0.3269 
        D456  2 0.0253 0.8810 0.0516 0.0179 0.0243 
        D462  2 0.0271 0.0814 0.0368 0.8330 0.0218 
        D463  2 0.0217 0.8903 0.0346 0.0195 0.0339 
        D464  2 0.0435 0.2671 0.4663 0.0935 0.1296 
        D465  2 0.1050 0.3367 0.2000 0.3047 0.0535 
        D473  2 0.1171 0.0502 0.0883 0.0689 0.6755 
        D474  2 0.0678 0.6508 0.0447 0.1693 0.0673 
        D476  2 0.5113 0.1232 0.1234 0.2115 0.0305 
        D477  2 0.0664 0.6230 0.1186 0.0577 0.1343 
        D478  2 0.1879 0.1522 0.3295 0.1038 0.2266 
        D480  2 0.0369 0.5400 0.1180 0.1942 0.1108 
        D481  2 0.1612 0.4314 0.1342 0.1250 0.1482 
        D482  2 0.1405 0.0669 0.2366 0.2221 0.3339 
        D483  2 0.0374 0.0271 0.0361 0.8348 0.0647 
        D484  2 0.0792 0.0775 0.3469 0.2989 0.1975 
        D510  2 0.0337 0.0283 0.0625 0.0557 0.8198 
        D511  2 0.0776 0.5788 0.1361 0.1680 0.0395 
        D512  2 0.5357 0.0460 0.2708 0.1110 0.0365 
        D513  2 0.0553 0.1623 0.1621 0.5204 0.0999 
        D635  2 0.1843 0.6315 0.0998 0.0433 0.0410 
        D636  2 0.8684 0.0456 0.0338 0.0213 0.0310 
        D637  2 0.0777 0.0961 0.2900 0.3505 0.1856 
        D658  2 0.0620 0.0417 0.0957 0.6023 0.1984 
        D659  2 0.0495 0.7830 0.0760 0.0473 0.0442 
        D677  2 0.2225 0.4377 0.1452 0.1255 0.0692 
        D678  2 0.0744 0.0530 0.1689 0.6307 0.0730 
        D679  2 0.0502 0.6377 0.1173 0.1050 0.0898 
        D719  2 0.0310 0.2754 0.0558 0.2526 0.3852 
        D720  2 0.0543 0.6811 0.0869 0.0577 0.1200 
        D721  2 0.5861 0.1650 0.0880 0.0991 0.0618 
        D722  2 0.0747 0.0454 0.0954 0.0741 0.7105 
        D734  2 0.0260 0.1069 0.1520 0.2633 0.4518 
        D735  2 0.1280 0.4709 0.1764 0.1094 0.1153 
        D736  2 0.0963 0.1714 0.0837 0.1822 0.4663 
        D737  2 0.1159 0.0494 0.0824 0.6674 0.0849 
        D807  2 0.0957 0.3042 0.0946 0.1586 0.3470 
        D808  2 0.2286 0.1579 0.3691 0.2039 0.0404 
        D817  2 0.0639 0.5765 0.1617 0.0472 0.1507 
        D818  2 0.0647 0.1311 0.4023 0.3485 0.0534 
        D819  2 0.1978 0.3437 0.2910 0.0612 0.1062 
        D820  2 0.0218 0.7972 0.0696 0.0687 0.0426 
        D895  2 0.1671 0.6035 0.1174 0.0399 0.0721 
        D896  2 0.8133 0.0302 0.0455 0.0288 0.0822 
        D897  2 0.0681 0.0643 0.2113 0.6089 0.0474 
        D898  2 0.1601 0.1419 0.4516 0.1009 0.1455 
        D918  2 0.2496 0.0894 0.3340 0.1970 0.1300 
        D919  2 0.0463 0.3182 0.2175 0.3761 0.0419 
        D920  2 0.8231 0.0390 0.0399 0.0380 0.0599 
        D923  2 0.0327 0.7952 0.0763 0.0465 0.0492 
        D930  2 0.0636 0.4090 0.2569 0.0723 0.1982 
        D931  2 0.0601 0.5374 0.1288 0.1918 0.0819 
        D968  2 0.0166 0.0351 0.0300 0.8950 0.0233 
        D969  2 0.0487 0.4690 0.1055 0.3041 0.0727 
        D977  2 0.0384 0.0853 0.1586 0.6770 0.0407 
        D978  2 0.0377 0.0754 0.4834 0.3358 0.0677 
        D211  3 0.4377 0.1581 0.2704 0.0697 0.0641 
     D229639  3 0.0496 0.1006 0.0769 0.6175 0.1555 
     D237212  3 0.1397 0.2390 0.2505 0.2938 0.0769 
     D237213  3 0.2827 0.2147 0.3702 0.0761 0.0562 
     D237214  3 0.5032 0.0591 0.3362 0.0313 0.0702 
     D237215  3 0.0314 0.0246 0.0404 0.7829 0.1208 
     D237216  3 0.1473 0.0902 0.6415 0.0685 0.0525 
     D237217  3 0.4621 0.2390 0.2130 0.0591 0.0267 
     D237218  3 0.0865 0.2576 0.2706 0.3058 0.0796 
     D237219  3 0.4556 0.0753 0.1134 0.1005 0.2552 
     D237382  3 0.1460 0.1624 0.3616 0.0780 0.2520 
     D244127  3 0.6561 0.0471 0.1171 0.1353 0.0445 
     D244129  3 0.2316 0.2628 0.2831 0.1358 0.0867 
     D244133  3 0.1418 0.1350 0.2345 0.1976 0.2912 
     D244134  3 0.2040 0.0938 0.0800 0.2898 0.3324 
     D244135  3 0.6561 0.0878 0.1322 0.0878 0.0361 
     D244136  3 0.0879 0.2416 0.1599 0.1234 0.3873 
        D416  3 0.1776 0.2695 0.2501 0.2326 0.0702 
        D417  3 0.0625 0.7666 0.0896 0.0312 0.0501 
        D419  3 0.2846 0.2410 0.1251 0.1852 0.1640 
        D565  3 0.0281 0.0669 0.0373 0.0322 0.8355 
        D566  3 0.0457 0.0996 0.0817 0.3616 0.4113 
        D567  3 0.1292 0.7270 0.0565 0.0377 0.0496 
        D568  3 0.2580 0.3837 0.1287 0.1937 0.0358 
        D569  3 0.1247 0.1096 0.3972 0.2730 0.0955 
        D573  3 0.0325 0.1260 0.0600 0.7483 0.0333 
        D574  3 0.0744 0.0699 0.2134 0.0663 0.5761 
        D575  3 0.2292 0.1943 0.1378 0.1187 0.3199 
        D576  3 0.0343 0.0142 0.0724 0.8254 0.0537 
        D577  3 0.0976 0.6329 0.1292 0.0459 0.0944 
        D578  3 0.7592 0.0262 0.1526 0.0375 0.0244 
        D579  3 0.0961 0.3313 0.1296 0.1839 0.2591 
        D660  3 0.1523 0.0465 0.2886 0.4635 0.0491 
        D661  3 0.0737 0.0724 0.1907 0.6181 0.0450 
        D663  3 0.0395 0.0699 0.2128 0.6301 0.0478 
        D664  3 0.3183 0.0385 0.1983 0.1729 0.2719 
        D665  3 0.2037 0.0324 0.6665 0.0647 0.0328 
        D666  3 0.2784 0.1640 0.1398 0.0701 0.3478 
        D009  4 0.3995 0.2401 0.2742 0.0397 0.0466 
        D057  4 0.2682 0.1025 0.0873 0.4803 0.0618 
        D109  4 0.5551 0.0766 0.2196 0.0412 0.1076 
     D237222  4 0.6641 0.0555 0.0668 0.0571 0.1565 
     D237223  4 0.3724 0.0771 0.2288 0.1430 0.1787 
     D237224  4 0.0753 0.3618 0.1214 0.3850 0.0567 
     D237225  4 0.1871 0.2320 0.4373 0.0740 0.0697 
     D237299  4 0.0589 0.0245 0.7929 0.0611 0.0626 
     D237300  4 0.0343 0.0313 0.0955 0.7660 0.0729 
     D237306  4 0.0876 0.0956 0.1099 0.0457 0.6612 
     D237307  4 0.0688 0.3767 0.1432 0.0826 0.3288 
     D237308  4 0.1636 0.1057 0.0833 0.4979 0.1494 
     D237309  4 0.3084 0.2883 0.2651 0.0742 0.0640 
     D237317  4 0.0823 0.2823 0.1207 0.0574 0.4573 
     D237318  4 0.0220 0.0318 0.0974 0.8085 0.0403 
     D237319  4 0.2896 0.1744 0.3462 0.0790 0.1107 
     D237320  4 0.3940 0.1335 0.1789 0.2317 0.0620 
     D237321  4 0.0782 0.0943 0.1123 0.6131 0.1021 
     D237397  4 0.2367 0.1117 0.1315 0.2261 0.2940 
     D237398  4 0.0653 0.1907 0.2150 0.5019 0.0270 
     D237399  4 0.1461 0.2399 0.1905 0.1814 0.2421 
     D244001  4 0.6576 0.0709 0.1280 0.0790 0.0645 
        D289  4 0.0647 0.2635 0.1661 0.2188 0.2870 
        D290  4 0.1211 0.1387 0.5218 0.1513 0.0670 
        D294  4 0.0593 0.2487 0.4782 0.1090 0.1047 
        D295  4 0.1464 0.4858 0.1491 0.0688 0.1499 
        D301  4 0.7423 0.0383 0.0540 0.0773 0.0881 
        D302  4 0.0523 0.7029 0.1537 0.0382 0.0529 
        D303  4 0.0750 0.0558 0.0643 0.0681 0.7367 
        D304  4 0.0598 0.1505 0.4487 0.1745 0.1665 
        D305  4 0.1345 0.0873 0.5888 0.1568 0.0327 
        D306  4 0.0608 0.1033 0.6712 0.0636 0.1010 
        D307  4 0.7726 0.0283 0.0466 0.0522 0.1002 
        D327  4 0.0511 0.5592 0.1780 0.0874 0.1243 
        D328  4 0.0733 0.0694 0.1680 0.0576 0.6316 
        D329  4 0.1815 0.2381 0.2414 0.2504 0.0886 
        D330  4 0.2414 0.4173 0.2442 0.0604 0.0366 
        D331  4 0.1603 0.2528 0.2431 0.1613 0.1824 
        D333  4 0.2303 0.1426 0.1711 0.1654 0.2906 
        D334  4 0.0829 0.1532 0.1056 0.0464 0.6119 
        D335  4 0.0486 0.7218 0.0804 0.0684 0.0808 
        D370  4 0.2361 0.0963 0.1354 0.0648 0.4673 
        D371  4 0.0296 0.1251 0.0424 0.0350 0.7679 
        D372  4 0.0326 0.0270 0.3231 0.5570 0.0603 
        D373  4 0.6602 0.0526 0.0622 0.1756 0.0494 
        D455  4 0.7763 0.0613 0.0527 0.0582 0.0514 
        D490  4 0.8657 0.0316 0.0478 0.0226 0.0322 
        D497  4 0.7869 0.0375 0.0890 0.0436 0.0431 
        D498  4 0.1898 0.1225 0.2732 0.1591 0.2555 
        D499  4 0.0509 0.0674 0.3133 0.3746 0.1938 
        D514  4 0.0830 0.5069 0.3103 0.0561 0.0436 
        D515  4 0.3043 0.0992 0.4525 0.0611 0.0830 
        D516  4 0.2857 0.2488 0.1449 0.1596 0.1610 
        D517  4 0.7112 0.0791 0.0919 0.0873 0.0305 
        D518  4 0.3212 0.1503 0.1445 0.1286 0.2555 
        D519  4 0.3822 0.1252 0.3092 0.1367 0.0467 
        D560  4 0.1904 0.1594 0.4483 0.1537 0.0483 
        D561  4 0.1298 0.1331 0.6394 0.0714 0.0264 
        D562  4 0.1909 0.1138 0.4107 0.1553 0.1293 
        D563  4 0.1083 0.1073 0.2294 0.5160 0.0390 
        D572  4 0.1268 0.3520 0.2828 0.1276 0.1107 
        D629  4 0.1814 0.5419 0.1567 0.0564 0.0636 
        D630  4 0.1731 0.2382 0.3073 0.1141 0.1672 
        D631  4 0.0856 0.1123 0.2350 0.4750 0.0923 
        D632  4 0.6200 0.1159 0.0795 0.1405 0.0441 
        D646  4 0.3475 0.3234 0.1728 0.1011 0.0552 
        D647  4 0.1757 0.5843 0.1274 0.0783 0.0343 
        D648  4 0.0548 0.0493 0.2353 0.0537 0.6070 
        D649  4 0.2033 0.6244 0.0900 0.0341 0.0483 
        D650  4 0.1619 0.3003 0.2046 0.0810 0.2521 
        D708  4 0.0658 0.0941 0.2714 0.0603 0.5084 
        D709  4 0.1178 0.0951 0.5306 0.0816 0.1750 
        D738  4 0.2031 0.1285 0.0773 0.0452 0.5459 
        D739  4 0.2921 0.0953 0.4225 0.0927 0.0973 
        D740  4 0.1843 0.0500 0.4529 0.1676 0.1453 
        D741  4 0.1539 0.1887 0.3783 0.2290 0.0501 
        D742  4 0.0869 0.0814 0.1686 0.5231 0.1400 
        D743  4 0.0344 0.7244 0.1084 0.0733 0.0595 
        D744  4 0.0770 0.3514 0.2935 0.2242 0.0538 
        D745  4 0.4778 0.0586 0.3549 0.0547 0.0540 
        D814  4 0.0865 0.0967 0.3362 0.4378 0.0428 
        D815  4 0.1079 0.4981 0.1947 0.0860 0.1132 
        D828  4 0.0755 0.0301 0.2400 0.2074 0.4470 
        D845  4 0.0298 0.0467 0.0377 0.8141 0.0718 
        D846  4 0.1127 0.3335 0.2199 0.3048 0.0290 
        D847  4 0.1818 0.1817 0.3100 0.1788 0.1476 
        D848  4 0.6269 0.0299 0.0724 0.2401 0.0307 
        D849  4 0.4615 0.1068 0.3164 0.0694 0.0459 
        D850  4 0.1464 0.2979 0.2133 0.1871 0.1553 
        D856  4 0.1900 0.0914 0.5848 0.0487 0.0851 
        D857  4 0.8019 0.0181 0.0532 0.0518 0.0750 
        D859  4 0.0762 0.2604 0.2527 0.2775 0.1333 
        D860  4 0.0486 0.1746 0.0764 0.2794 0.4210 
        D883  4 0.2613 0.3725 0.1135 0.0594 0.1933 
        D884  4 0.2387 0.1582 0.2068 0.0447 0.3516 
        D885  4 0.1062 0.2035 0.3744 0.2609 0.0551 
        D886  4 0.4515 0.2257 0.1813 0.0852 0.0563 
        D887  4 0.1127 0.1783 0.2380 0.3252 0.1457 
        D889  4 0.0330 0.0904 0.5552 0.2463 0.0751 
        D890  4 0.1907 0.1331 0.1693 0.0942 0.4128 
        D891  4 0.0180 0.0255 0.0323 0.9062 0.0180 
        D899  4 0.0358 0.0658 0.0782 0.6668 0.1535 
        D900  4 0.1254 0.3160 0.3207 0.1151 0.1228 
        D970  4 0.0998 0.3498 0.2483 0.2040 0.0981 
        D971  4 0.0994 0.1648 0.1300 0.5305 0.0753 
        D979  4 0.0311 0.7493 0.0916 0.0505 0.0775 
        D093  5 0.0501 0.0679 0.0609 0.0595 0.7616 
        D154  5 0.0561 0.0548 0.3973 0.3632 0.1286 
        D168  5 0.2347 0.1224 0.2492 0.3527 0.0410 
        D189  5 0.0496 0.0686 0.1536 0.2474 0.4808 
        D190  5 0.0304 0.0607 0.0458 0.0547 0.8084 
     D237220  5 0.3695 0.0828 0.3287 0.0836 0.1355 
     D237221  5 0.0765 0.1618 0.1238 0.2711 0.3668 
     D237274  5 0.0483 0.7695 0.0936 0.0492 0.0394 
     D237275  5 0.0406 0.0286 0.1359 0.7364 0.0584 
     D237276  5 0.2150 0.1798 0.1445 0.0665 0.3941 
     D237277  5 0.0369 0.0765 0.0646 0.1387 0.6833 
     D237278  5 0.1720 0.0591 0.1441 0.3599 0.2650 
     D237279  5 0.4945 0.0856 0.3420 0.0421 0.0358 
     D237280  5 0.4442 0.2690 0.1002 0.0431 0.1435 
     D237281  5 0.0223 0.0440 0.0474 0.8598 0.0266 
     D237351  5 0.6774 0.0547 0.0805 0.0576 0.1298 
     D237352  5 0.4568 0.2382 0.1110 0.0792 0.1148 
     D237353  5 0.0363 0.0464 0.0346 0.0412 0.8414 
     D237359  5 0.2108 0.1301 0.4211 0.1374 0.1007 
     D237361  5 0.0336 0.0393 0.0434 0.0331 0.8506 
     D237362  5 0.0910 0.3408 0.1780 0.0943 0.2959 
     D237363  5 0.0512 0.0544 0.6338 0.1609 0.0998 
     D237364  5 0.1708 0.1604 0.3862 0.2420 0.0406 
     D237376  5 0.0339 0.0234 0.1491 0.0665 0.7271 
     D237377  5 0.2560 0.4783 0.0827 0.0490 0.1340 
     D237378  5 0.0502 0.0317 0.0810 0.1152 0.7220 
     D237379  5 0.0687 0.0593 0.2704 0.0854 0.5162 
     D237380  5 0.6347 0.0561 0.0746 0.0215 0.2130 
     D237381  5 0.5766 0.1004 0.1109 0.0762 0.1359 
     D237391  5 0.0573 0.0997 0.0590 0.0625 0.7216 
     D237392  5 0.0980 0.5538 0.1294 0.1494 0.0695 
     D237393  5 0.1330 0.4873 0.0500 0.0868 0.2429 
     D237394  5 0.0329 0.0431 0.0313 0.0210 0.8717 
     D237395  5 0.1361 0.0619 0.2327 0.1247 0.4447 
     D237396  5 0.0985 0.6575 0.0643 0.0820 0.0978 
     D244016  5 0.0585 0.1161 0.3196 0.1483 0.3575 
     D244018  5 0.1446 0.0905 0.1020 0.4379 0.2250 
     D244019  5 0.0642 0.3100 0.3229 0.1692 0.1337 
        D279  5 0.0778 0.0876 0.3411 0.3865 0.1069 
        D280  5 0.1273 0.1669 0.2412 0.2522 0.2124 
        D281  5 0.0266 0.0396 0.1789 0.6786 0.0763 
        D283  5 0.0479 0.2808 0.0843 0.1402 0.4468 
        D284  5 0.2738 0.0965 0.4554 0.1003 0.0741 
        D285  5 0.0729 0.1427 0.1964 0.1133 0.4747 
        D286  5 0.0973 0.1861 0.2234 0.0895 0.4037 
        D287  5 0.0850 0.0306 0.2497 0.0438 0.5910 
        D288  5 0.0678 0.3030 0.1891 0.2648 0.1752 
        D308  5 0.7484 0.1124 0.0608 0.0284 0.0501 
        D309  5 0.0667 0.5946 0.2773 0.0279 0.0334 
        D310  5 0.0298 0.0320 0.1408 0.0395 0.7580 
        D311  5 0.0615 0.1708 0.3074 0.0798 0.3805 
        D312  5 0.0997 0.2081 0.1890 0.0880 0.4152 
        D313  5 0.8903 0.0224 0.0311 0.0182 0.0380 
        D314  5 0.1282 0.0589 0.3300 0.2308 0.2522 
        D315  5 0.1407 0.2690 0.1171 0.0902 0.3829 
        D317  5 0.0350 0.0553 0.0389 0.0393 0.8315 
        D318  5 0.1178 0.1917 0.3769 0.1918 0.1218 
        D319  5 0.0457 0.0341 0.0576 0.0531 0.8094 
        D320  5 0.0507 0.0627 0.0741 0.0506 0.7618 
        D321  5 0.6429 0.1023 0.0506 0.0900 0.1141 
        D336  5 0.0290 0.0435 0.1078 0.0283 0.7913 
        D337  5 0.0230 0.0418 0.0371 0.0443 0.8538 
        D338  5 0.1441 0.1936 0.2991 0.1945 0.1686 
        D339  5 0.0826 0.0660 0.1053 0.1069 0.6392 
        D347  5 0.0631 0.2965 0.2868 0.1597 0.1939 
        D348  5 0.0303 0.0534 0.0975 0.0516 0.7671 
        D349  5 0.7745 0.0341 0.0431 0.0395 0.1089 
        D350  5 0.0548 0.4516 0.3470 0.0901 0.0566 
        D355  5 0.0383 0.1354 0.3275 0.4478 0.0510 
        D356  5 0.1155 0.3189 0.1093 0.0625 0.3938 
        D357  5 0.1225 0.1047 0.4254 0.1254 0.2219 
        D358  5 0.0996 0.1577 0.1665 0.0709 0.5054 
        D359  5 0.0386 0.4279 0.0910 0.0359 0.4066 
        D360  5 0.1175 0.1818 0.1131 0.0496 0.5379 
        D361  5 0.8378 0.0407 0.0352 0.0291 0.0572 
        D366  5 0.0535 0.5965 0.1122 0.1951 0.0428 
        D367  5 0.0601 0.0365 0.1614 0.0398 0.7022 
        D368  5 0.2298 0.1438 0.1984 0.0751 0.3529 
        D380  5 0.0864 0.5091 0.2637 0.0727 0.0681 
        D381  5 0.0733 0.1139 0.1857 0.1234 0.5037 
        D400  5 0.0722 0.1195 0.1598 0.2915 0.3570 
        D411  5 0.7709 0.0288 0.1371 0.0318 0.0314 
        D412  5 0.1934 0.1396 0.2657 0.2791 0.1222 
        D413  5 0.0739 0.1080 0.1329 0.6494 0.0357 
        D414  5 0.0488 0.1303 0.3537 0.4089 0.0584 
        D420  5 0.2434 0.0472 0.4471 0.1548 0.1075 
        D431  5 0.1396 0.0332 0.3781 0.2058 0.2433 
        D432  5 0.1677 0.1081 0.0829 0.1428 0.4985 
        D433  5 0.0547 0.0909 0.0650 0.1145 0.6749 
        D434  5 0.1218 0.1857 0.1183 0.0864 0.4878 
        D440  5 0.0722 0.4316 0.3952 0.0512 0.0498 
        D447  5 0.1200 0.4272 0.3270 0.0844 0.0414 
        D448  5 0.0282 0.0681 0.0922 0.0787 0.7327 
        D459  5 0.0323 0.0820 0.0561 0.7854 0.0442 
        D460  5 0.6844 0.1220 0.0496 0.0507 0.0933 
        D461  5 0.0304 0.6840 0.1863 0.0383 0.0610 
        D468  5 0.0976 0.2542 0.2545 0.0572 0.3365 
        D469  5 0.1388 0.5016 0.1259 0.0688 0.1648 
        D470  5 0.2315 0.1234 0.2900 0.0740 0.2811 
        D471  5 0.0291 0.0796 0.1230 0.0919 0.6764 
        D472  5 0.0310 0.7855 0.0430 0.1126 0.0279 
        D479  5 0.0467 0.0600 0.0813 0.7473 0.0647 
        D485  5 0.0913 0.0962 0.3892 0.1277 0.2956 
        D486  5 0.1727 0.1756 0.3413 0.0556 0.2548 
        D487  5 0.0627 0.0475 0.1204 0.4234 0.3461 
        D555  5 0.0339 0.0438 0.0392 0.0851 0.7979 
        D556  5 0.1099 0.1178 0.2343 0.2028 0.3353 
        D557  5 0.0290 0.0577 0.0347 0.0671 0.8115 
        D564  5 0.1556 0.1322 0.1608 0.0707 0.4806 
        D594  5 0.1099 0.2751 0.3332 0.1125 0.1692 
        D595  5 0.0948 0.2373 0.1241 0.1301 0.4137 
        D596  5 0.0370 0.0424 0.0318 0.0448 0.8439 
        D597  5 0.0500 0.2144 0.0848 0.3302 0.3206 
        D598  5 0.1972 0.1309 0.1090 0.0884 0.4745 
        D617  5 0.6135 0.0430 0.1412 0.1694 0.0329 
        D618  5 0.0813 0.1370 0.0915 0.1624 0.5279 
        D619  5 0.3137 0.2846 0.0878 0.0786 0.2353 
        D620  5 0.0380 0.0663 0.0271 0.8369 0.0318 
        D628  5 0.1879 0.1786 0.2942 0.0955 0.2437 
        D714  5 0.0663 0.0427 0.1808 0.2873 0.4230 
        D715  5 0.0407 0.1432 0.0545 0.1403 0.6213 
        D716  5 0.0495 0.1593 0.3406 0.2336 0.2171 
        D717  5 0.1318 0.5120 0.1404 0.0648 0.1510 
        D718  5 0.1263 0.0282 0.5143 0.0666 0.2644 
        D769  5 0.5978 0.0521 0.1804 0.1168 0.0528 
        D770  5 0.0543 0.1003 0.2278 0.3225 0.2951 
        D771  5 0.1456 0.0905 0.2712 0.3156 0.1771 
        D772  5 0.0777 0.1699 0.1511 0.0842 0.5172 
        D782  5 0.3180 0.0794 0.3471 0.1917 0.0638 
        D783  5 0.0459 0.0614 0.2232 0.4828 0.1867 
        D784  5 0.0712 0.5819 0.1428 0.0879 0.1161 
        D785  5 0.0602 0.0537 0.0718 0.0340 0.7802 
        D786  5 0.5015 0.2896 0.0968 0.0613 0.0508 
        D821  5 0.0165 0.0254 0.0274 0.0298 0.9009 
        D822  5 0.0520 0.4598 0.2495 0.0912 0.1475 
        D826  5 0.0617 0.1010 0.1539 0.2986 0.3847 
        D827  5 0.0562 0.4601 0.2958 0.1093 0.0786 
        D851  5 0.1211 0.2134 0.3671 0.1051 0.1933 
        D852  5 0.1444 0.0635 0.1244 0.4080 0.2597 
        D853  5 0.0835 0.1340 0.2434 0.1119 0.4271 
        D854  5 0.1067 0.1966 0.3987 0.2284 0.0696 
        D861  5 0.1274 0.1149 0.3519 0.1900 0.2159 
        D862  5 0.0605 0.2989 0.1313 0.0478 0.4615 
        D865  5 0.0682 0.0473 0.0655 0.1183 0.7008 
        D868  5 0.0558 0.7182 0.0697 0.0548 0.1014 
        D869  5 0.7348 0.0794 0.0796 0.0452 0.0610 
        D870  5 0.0769 0.0753 0.7675 0.0484 0.0319 
        D907  5 0.0933 0.0444 0.1037 0.0482 0.7104 
        D908  5 0.0790 0.0442 0.0708 0.5115 0.2945 
        D910  5 0.0406 0.1050 0.0834 0.3279 0.4431 
        D911  5 0.0327 0.0964 0.2720 0.5566 0.0423 
        D934  5 0.0498 0.1249 0.3051 0.3521 0.1681 
        D946  5 0.1284 0.0513 0.2802 0.3335 0.2066 
        D947  5 0.1100 0.3017 0.3601 0.1275 0.1007 
        D948  5 0.7171 0.0791 0.0277 0.0346 0.1416 
        D949  5 0.7398 0.0766 0.0376 0.0276 0.1183 
        D950  5 0.0358 0.1017 0.2152 0.5871 0.0602 
        D951  5 0.0643 0.5454 0.2829 0.0430 0.0643 
        D952  5 0.0701 0.6540 0.0755 0.0811 0.1193 
        D953  5 0.0756 0.1567 0.0746 0.0560 0.6372 
        D954  5 0.0622 0.4917 0.1105 0.0580 0.2775 
        D961  5 0.0919 0.0428 0.3538 0.0737 0.4379 
        D962  5 0.0408 0.0820 0.1060 0.0292 0.7421 
        D963  5 0.0490 0.4035 0.1287 0.1006 0.3182 
        D964  5 0.1560 0.0732 0.4577 0.1807 0.1323 
        D965  5 0.1180 0.1287 0.3146 0.2343 0.2045 
        D966  5 0.0658 0.2289 0.1233 0.2146 0.3674 
        D967  5 0.1838 0.1040 0.1516 0.3147 0.2459 
        D991  5 0.3194 0.1597 0.1630 0.0724 0.2856 
        D502  6 0.1264 0.0478 0.6844 0.1083 0.0332 
        D503  6 0.3132 0.0454 0.1937 0.3526 0.0952 
        D504  6 0.1171 0.4874 0.1648 0.0983 0.1323 
        D505  6 0.1065 0.1543 0.1879 0.1787 0.3726 
        D506  6 0.0364 0.0395 0.0467 0.0266 0.8507 
        D507  6 0.1865 0.1176 0.3105 0.3037 0.0817 
        D508  6 0.0748 0.2994 0.4365 0.1248 0.0644 
        D529  6 0.2652 0.1697 0.2885 0.0879 0.1887 
        D530  6 0.1879 0.0445 0.2858 0.0820 0.3997 
        D531  6 0.1044 0.3184 0.2795 0.1066 0.1911 
        D532  6 0.0581 0.2418 0.2439 0.0937 0.3625 
        D534  6 0.7603 0.0735 0.0783 0.0517 0.0362 
        D535  6 0.1281 0.2394 0.1373 0.0502 0.4450 
        D536  6 0.1467 0.0320 0.2074 0.5833 0.0306 
        D554  6 0.1417 0.0606 0.2272 0.0535 0.5170 
        D587  6 0.0617 0.0961 0.0588 0.0582 0.7251 
        D588  6 0.0889 0.2834 0.1863 0.0679 0.3735 
        D589  6 0.1266 0.0624 0.3491 0.3375 0.1244 
        D590  6 0.1014 0.0755 0.1187 0.6499 0.0545 
        D591  6 0.1469 0.1476 0.3684 0.1978 0.1391 
        D592  6 0.7754 0.0591 0.0433 0.0534 0.0688 
        D593  6 0.0647 0.0298 0.3283 0.0563 0.5208 
        D682  6 0.0509 0.0442 0.0583 0.0399 0.8066 
        D683  6 0.0709 0.5626 0.1515 0.0421 0.1729 
        D684  6 0.3129 0.0557 0.3461 0.2575 0.0278 
        D685  6 0.0965 0.0279 0.7107 0.0910 0.0739 
        D686  6 0.0665 0.0695 0.2711 0.0430 0.5499 
        D724  6 0.1579 0.2827 0.3905 0.1244 0.0445 
        D725  6 0.0951 0.0866 0.2882 0.2679 0.2622 
        D726  6 0.0426 0.0449 0.0483 0.0270 0.8372 
        D727  6 0.0984 0.2588 0.1878 0.3290 0.1261 
        D728  6 0.0603 0.0630 0.1281 0.0405 0.7082 
        D729  6 0.4214 0.2977 0.1553 0.0951 0.0304 
        D730  6 0.2536 0.1610 0.2705 0.2498 0.0651 
        D731  6 0.0303 0.0193 0.0411 0.2766 0.6327 
        D732  6 0.0974 0.5039 0.2052 0.0932 0.1003 
        D733  6 0.2869 0.1683 0.2584 0.1226 0.1638 
     D237251  7 0.0684 0.0638 0.2074 0.5320 0.1285 
     D237252  7 0.3523 0.0500 0.3450 0.2064 0.0464 
     D237253  7 0.0530 0.0777 0.2955 0.3840 0.1899 
     D237254  7 0.7345 0.0342 0.1553 0.0389 0.0370 
     D237255  7 0.0379 0.0458 0.1056 0.7345 0.0762 
     D237256  7 0.0299 0.0888 0.3605 0.4415 0.0792 
     D237257  7 0.2000 0.0744 0.5689 0.1042 0.0525 
     D237282  7 0.1213 0.6649 0.0841 0.0906 0.0391 
     D237283  7 0.6995 0.0187 0.1933 0.0548 0.0338 
     D237284  7 0.7803 0.0775 0.0643 0.0412 0.0367 
     D237285  7 0.0754 0.0867 0.3740 0.2019 0.2620 
     D237286  7 0.0883 0.2372 0.3038 0.1498 0.2209 
     D237287  7 0.0691 0.1353 0.2179 0.4739 0.1038 
     D244006  7 0.8027 0.0435 0.0847 0.0417 0.0274 
     D244007  7 0.0850 0.1829 0.2127 0.4491 0.0704 
     D244008  7 0.5995 0.0309 0.2618 0.0364 0.0714 
     D244009  7 0.4912 0.1393 0.1757 0.0422 0.1515 
     D244010  7 0.1510 0.0530 0.6617 0.0798 0.0544 
     D244011  7 0.1163 0.0511 0.4159 0.1691 0.2476 
     D244012  7 0.0970 0.0926 0.5408 0.2127 0.0569 
     D244013  7 0.0780 0.1303 0.1229 0.4922 0.1766 
     D244014  7 0.3368 0.0888 0.2765 0.2214 0.0764 
     D244015  7 0.3204 0.1256 0.3876 0.1033 0.0631 
     D244125  7 0.0755 0.2267 0.1265 0.2710 0.3004 
     D244126  7 0.7258 0.0309 0.1982 0.0270 0.0180 
     D244130  7 0.3290 0.0827 0.3039 0.1448 0.1395 
     D244131  7 0.1697 0.2835 0.1287 0.1120 0.3061 
     D244132  7 0.0793 0.3553 0.1052 0.0595 0.4007 
        D520  7 0.1643 0.0631 0.6028 0.0414 0.1284 
        D521  7 0.2141 0.2025 0.3277 0.1299 0.1257 
        D522  7 0.5918 0.1918 0.0640 0.0619 0.0905 
        D523  7 0.0665 0.0516 0.1779 0.6182 0.0857 
        D524  7 0.1578 0.1059 0.1526 0.3836 0.2001 
        D525  7 0.5491 0.0523 0.1162 0.2316 0.0507 
        D526  7 0.7764 0.0611 0.0991 0.0382 0.0252 
        D527  7 0.1608 0.3493 0.2821 0.0755 0.1323 
        D528  7 0.0302 0.0211 0.9117 0.0158 0.0212 
        D558  7 0.2512 0.2911 0.2307 0.1808 0.0462 
        D559  7 0.1523 0.2835 0.3567 0.1734 0.0340 
        D640  7 0.0994 0.2007 0.1962 0.2031 0.3007 
        D641  7 0.2019 0.0391 0.1806 0.2183 0.3600 
        D642  7 0.5583 0.0701 0.1268 0.1560 0.0888 
        D644  7 0.3223 0.1044 0.1751 0.1173 0.2810 
        D645  7 0.1594 0.1428 0.2089 0.2430 0.2459 
        D662  7 0.5833 0.1988 0.0494 0.0226 0.1459 
        D687  7 0.0949 0.1535 0.4661 0.1581 0.1274 
        D688  7 0.2023 0.4188 0.1899 0.1505 0.0385 
        D689  7 0.1395 0.2522 0.1764 0.1535 0.2783 
        D700  7 0.0253 0.0283 0.9117 0.0177 0.0170 
        D797  7 0.1189 0.2527 0.2272 0.1351 0.2662 
        D798  7 0.5922 0.0914 0.2093 0.0404 0.0667 
        D799  7 0.2146 0.0654 0.2322 0.4455 0.0423 
        D800  7 0.1248 0.5689 0.1872 0.0789 0.0402 
        D132  8 0.7785 0.0620 0.0667 0.0284 0.0645 
        D133  8 0.0514 0.0239 0.0532 0.8479 0.0235 
        D200  8 0.0545 0.0559 0.7058 0.1382 0.0456 
        D500  8 0.8715 0.0415 0.0303 0.0210 0.0358 
        D614  8 0.1948 0.1097 0.2110 0.0677 0.4168 
        D723  8 0.2650 0.4201 0.1224 0.1264 0.0660 
        D888  8 0.0415 0.0721 0.0997 0.7263 0.0603 
        D901  8 0.1424 0.0324 0.6957 0.0527 0.0768 
        D902  8 0.0745 0.0446 0.1329 0.0637 0.6843 
        D903  8 0.0393 0.5750 0.1661 0.0658 0.1537 
        D904  8 0.1765 0.3903 0.1941 0.1390 0.1001 
        D905  8 0.0304 0.0252 0.1105 0.6612 0.1728 
        D906  8 0.0950 0.0961 0.2088 0.5509 0.0493 
        D937  8 0.0377 0.0195 0.0820 0.0449 0.8159 
        D943  8 0.2581 0.1058 0.4679 0.1112 0.0570 
        D972  8 0.3704 0.2750 0.1877 0.0980 0.0689 
        D973  8 0.1607 0.6454 0.0888 0.0389 0.0663 
        D974  8 0.1915 0.1786 0.2779 0.1669 0.1850 
        D975  8 0.0859 0.0642 0.5720 0.1577 0.1202 
        D976  8 0.1300 0.0526 0.5031 0.1313 0.1830 
        D201  9 0.1236 0.1330 0.3451 0.3259 0.0724 
        D202  9 0.0933 0.0324 0.6053 0.1812 0.0879 
     D237259  9 0.1123 0.1577 0.6293 0.0688 0.0319 
     D237260  9 0.1987 0.0281 0.2304 0.4809 0.0619 
     D237262  9 0.8468 0.0358 0.0529 0.0293 0.0352 
     D237263  9 0.5175 0.0957 0.1432 0.2029 0.0407 
     D237264  9 0.3141 0.1039 0.1993 0.1686 0.2141 
     D237265  9 0.1132 0.0362 0.2652 0.5085 0.0770 
     D237266  9 0.3166 0.0901 0.0460 0.5141 0.0333 
     D237267  9 0.0882 0.0387 0.6808 0.0501 0.1422 
     D237268  9 0.4093 0.1385 0.3110 0.0485 0.0927 
     D237289  9 0.1201 0.0380 0.1669 0.4025 0.2724 
     D237290  9 0.0581 0.0334 0.0928 0.7888 0.0268 
     D237291  9 0.0983 0.0410 0.1529 0.6277 0.0802 
     D237292  9 0.1941 0.0449 0.3427 0.3795 0.0388 
     D237293  9 0.2165 0.1624 0.3304 0.0763 0.2143 
     D237294  9 0.4330 0.0361 0.3143 0.1339 0.0828 
     D237295  9 0.2556 0.3214 0.1980 0.0453 0.1796 
     D237296  9 0.1360 0.0767 0.4622 0.2066 0.1185 
     D237297  9 0.0750 0.0645 0.1715 0.0879 0.6012 
     D237298  9 0.1762 0.3115 0.2592 0.1751 0.0781 
     D237341  9 0.1365 0.1290 0.3068 0.3663 0.0614 
     D237342  9 0.4165 0.0409 0.3554 0.0973 0.0900 
     D237343  9 0.4304 0.0680 0.1331 0.3143 0.0542 
     D237344  9 0.1478 0.0772 0.1863 0.1981 0.3905 
     D237345  9 0.7534 0.0487 0.1184 0.0563 0.0232 
     D237346  9 0.1745 0.0488 0.1091 0.4948 0.1729 
     D237347  9 0.0748 0.0966 0.1332 0.2260 0.4694 
     D237348  9 0.3570 0.1294 0.1599 0.2009 0.1528 
     D237349  9 0.2477 0.3207 0.0995 0.2953 0.0369 
     D244109  9 0.1358 0.0867 0.1566 0.6010 0.0199 
     D244110  9 0.0686 0.0607 0.1351 0.7057 0.0300 
     D244111  9 0.1187 0.1420 0.3880 0.2494 0.1019 
     D244128  9 0.4522 0.0447 0.3805 0.0829 0.0397 
     D244137  9 0.1958 0.5505 0.1009 0.0803 0.0726 
     D244138  9 0.1340 0.0423 0.3939 0.3082 0.1216 
        D580  9 0.2678 0.0589 0.5686 0.0273 0.0774 
        D581  9 0.0845 0.0331 0.1741 0.6733 0.0350 
        D582  9 0.6869 0.0295 0.2264 0.0272 0.0300 
        D583  9 0.1303 0.0305 0.0523 0.7548 0.0321 
        D584  9 0.2260 0.0404 0.3847 0.0518 0.2971 
        D585  9 0.4294 0.0499 0.3140 0.1710 0.0358 
        D586  9 0.0494 0.0525 0.0785 0.7073 0.1123 
        D651  9 0.0992 0.5016 0.0732 0.1555 0.1705 
        D652  9 0.5510 0.2137 0.1041 0.0997 0.0315 
        D653  9 0.0458 0.1883 0.2687 0.4152 0.0820 
        D654  9 0.2336 0.2749 0.1078 0.3268 0.0569 
        D655  9 0.0845 0.1437 0.2427 0.2725 0.2567 
        D656  9 0.7349 0.0531 0.1250 0.0444 0.0427 
        D657  9 0.3249 0.0869 0.3627 0.1272 0.0983 
        D667  9 0.0694 0.0795 0.1515 0.1967 0.5029 
        D668  9 0.4081 0.0735 0.1635 0.1932 0.1617 
        D669  9 0.1185 0.0623 0.4061 0.3410 0.0721 
        D670  9 0.0836 0.5820 0.1730 0.0780 0.0834 
        D671  9 0.0869 0.0649 0.2162 0.5699 0.0621 
        D672  9 0.5130 0.0615 0.2771 0.0976 0.0508 
        D673  9 0.2249 0.1257 0.2770 0.0965 0.2758 
        D692  9 0.3479 0.0754 0.2891 0.2423 0.0454 
        D693  9 0.2187 0.1498 0.2386 0.0989 0.2941 
        D694  9 0.5830 0.0262 0.2915 0.0460 0.0533 
        D695  9 0.5193 0.2455 0.1091 0.0601 0.0659 
        D696  9 0.0212 0.0290 0.0421 0.0301 0.8776 
        D697  9 0.1423 0.1146 0.1329 0.2313 0.3789 
        D698  9 0.0776 0.0421 0.1319 0.3806 0.3679 
        D699  9 0.1088 0.0323 0.2690 0.0889 0.5011 
        D787  9 0.3256 0.4199 0.0838 0.1277 0.0430 
        D788  9 0.0845 0.0760 0.2812 0.0317 0.5265 
        D789  9 0.1613 0.0409 0.5239 0.1051 0.1688 
        D790  9 0.3322 0.1873 0.0972 0.2407 0.1425 
        D791  9 0.0676 0.0316 0.2695 0.4686 0.1627 
        D792  9 0.2889 0.3387 0.0701 0.2342 0.0681 
        D793  9 0.0668 0.2384 0.0545 0.0975 0.5427 
        D794  9 0.1138 0.2952 0.0786 0.1710 0.3413 
        D795  9 0.5168 0.0272 0.2807 0.0650 0.1103 
        D796  9 0.0768 0.0559 0.3538 0.3900 0.1234 
        D142 10 0.0585 0.1393 0.2840 0.2084 0.3098 
        D143 10 0.0712 0.0547 0.0714 0.6911 0.1115 
        D144 10 0.2181 0.1739 0.2381 0.1085 0.2614 
        D145 10 0.0539 0.0720 0.1889 0.6192 0.0660 
        D146 10 0.4181 0.0646 0.3293 0.0493 0.1388 
        D147 10 0.0652 0.0667 0.7520 0.0706 0.0454 
        D148 10 0.0348 0.0839 0.7436 0.0467 0.0910 
        D149 10 0.0711 0.0925 0.1448 0.6509 0.0407 
        D151 10 0.0478 0.0276 0.7596 0.0943 0.0707 
        D152 10 0.0295 0.0255 0.0575 0.8631 0.0244 
        D153 10 0.1142 0.4346 0.1777 0.0392 0.2342 
        D156 10 0.0552 0.5153 0.2764 0.0932 0.0599 
        D157 10 0.1999 0.0781 0.1508 0.0714 0.4998 
        D158 10 0.0512 0.0296 0.6712 0.1088 0.1392 
        D159 10 0.0423 0.0531 0.0332 0.8306 0.0409 
        D160 10 0.0326 0.0207 0.0445 0.4927 0.4095 
        D161 10 0.1181 0.3930 0.1686 0.1318 0.1885 
        D162 10 0.0464 0.3908 0.1804 0.2206 0.1618 
        D169 10 0.7591 0.0534 0.0762 0.0772 0.0342 
        D170 10 0.6355 0.0909 0.1060 0.0496 0.1179 
        D171 10 0.0783 0.0875 0.3221 0.0501 0.4619 
        D172 10 0.1703 0.1959 0.3307 0.1618 0.1413 
