        D174  1 0.6946 0.0570 0.0271 0.0699 0.0580 0.0734 0.0200 
        D199  1 0.2013 0.1466 0.1963 0.0413 0.2936 0.0405 0.0803 
        D203  1 0.0683 0.1261 0.2436 0.0923 0.2342 0.1662 0.0693 
        D204  1 0.0179 0.0242 0.0306 0.0188 0.8569 0.0366 0.0151 
     D237366  1 0.0787 0.1721 0.1010 0.2364 0.0704 0.2772 0.0641 
     D237367  1 0.0540 0.1936 0.1243 0.1280 0.3219 0.1347 0.0434 
     D237368  1 0.0944 0.1439 0.0867 0.4846 0.1197 0.0408 0.0299 
     D244101  1 0.0262 0.1655 0.1220 0.0169 0.5158 0.0654 0.0881 
     D244102  1 0.1037 0.1185 0.0738 0.1460 0.1137 0.3495 0.0949 
     D244103  1 0.0765 0.3752 0.0608 0.0948 0.1865 0.1396 0.0666 
     D244104  1 0.0884 0.0449 0.0384 0.0444 0.6955 0.0178 0.0706 
     D244105  1 0.0242 0.2078 0.0267 0.3414 0.1181 0.2139 0.0678 
     D244106  1 0.6268 0.0545 0.0800 0.0260 0.0517 0.0758 0.0852 
     D244107  1 0.0219 0.1856 0.1099 0.5468 0.0765 0.0294 0.0299 
     D244108  1 0.4696 0.0831 0.0411 0.1681 0.1228 0.0670 0.0482 
     D244113  1 0.6641 0.0520 0.0475 0.0278 0.0193 0.1620 0.0273 
     D244114  1 0.1350 0.3061 0.0642 0.0389 0.0618 0.2543 0.1397 
     D244115  1 0.4163 0.1871 0.0260 0.1305 0.1239 0.0562 0.0599 
     D267365  1 0.2241 0.0791 0.0372 0.0469 0.3840 0.0516 0.1770 
        D404  1 0.5592 0.0278 0.0582 0.0229 0.0256 0.2835 0.0229 
        D405  1 0.2415 0.0939 0.1474 0.0595 0.1048 0.3026 0.0504 
        D406  1 0.0326 0.0260 0.0213 0.7998 0.0701 0.0301 0.0201 
        D407  1 0.0405 0.1649 0.1540 0.0571 0.5443 0.0215 0.0177 
        D408  1 0.5073 0.0501 0.0166 0.0273 0.0436 0.0661 0.2890 
        D409  1 0.0594 0.5204 0.0487 0.0445 0.0849 0.1220 0.1201 
        D410  1 0.0335 0.0430 0.0132 0.7708 0.0872 0.0335 0.0188 
        D421  1 0.0310 0.0333 0.0486 0.0119 0.8473 0.0092 0.0187 
        D422  1 0.0168 0.0721 0.0244 0.7795 0.0577 0.0267 0.0227 
        D423  1 0.0151 0.0508 0.0848 0.7620 0.0442 0.0296 0.0134 
        D424  1 0.0422 0.2696 0.0245 0.0555 0.5499 0.0384 0.0199 
        D425  1 0.1641 0.1555 0.0356 0.0482 0.4225 0.1015 0.0725 
        D426  1 0.0234 0.6765 0.0268 0.0315 0.0378 0.0271 0.1769 
        D427  1 0.1677 0.0323 0.4943 0.0284 0.2048 0.0174 0.0551 
        D428  1 0.2624 0.1575 0.0635 0.0832 0.3421 0.0647 0.0266 
        D429  1 0.3245 0.1038 0.0475 0.0477 0.3428 0.0795 0.0542 
        D430  1 0.1761 0.2326 0.1006 0.0375 0.0898 0.1602 0.2031 
        D491  1 0.7294 0.0663 0.0130 0.0287 0.0860 0.0282 0.0483 
        D492  1 0.2014 0.2225 0.1288 0.1123 0.2327 0.0736 0.0287 
        D537  1 0.0286 0.0695 0.0452 0.0607 0.7300 0.0492 0.0168 
        D538  1 0.1394 0.2196 0.1361 0.2418 0.0533 0.1796 0.0302 
        D539  1 0.1828 0.1036 0.0576 0.1093 0.0460 0.1260 0.3746 
        D540  1 0.0632 0.3434 0.0361 0.0970 0.2747 0.0519 0.1337 
        D541  1 0.0182 0.0201 0.0165 0.0175 0.8958 0.0148 0.0170 
        D551  1 0.0377 0.5113 0.1394 0.0384 0.0670 0.0357 0.1706 
        D552  1 0.2017 0.1130 0.0320 0.2818 0.2216 0.0301 0.1197 
        D553  1 0.0133 0.0296 0.0144 0.0225 0.8853 0.0131 0.0217 
        D615  1 0.0918 0.1400 0.0970 0.1152 0.3673 0.0793 0.1094 
        D616  1 0.0665 0.2013 0.1547 0.1946 0.2683 0.0361 0.0784 
        D621  1 0.1042 0.0740 0.0339 0.6473 0.0287 0.0809 0.0309 
        D622  1 0.0367 0.0550 0.0265 0.7443 0.0374 0.0559 0.0443 
        D623  1 0.3764 0.0850 0.2961 0.0307 0.0395 0.1410 0.0312 
        D624  1 0.8109 0.0616 0.0172 0.0221 0.0314 0.0237 0.0331 
        D625  1 0.0539 0.0613 0.0162 0.0668 0.7517 0.0310 0.0192 
        D626  1 0.3512 0.0881 0.0485 0.1875 0.0803 0.1085 0.1360 
        D627  1 0.0332 0.5307 0.0295 0.0443 0.0644 0.0550 0.2428 
        D690  1 0.0515 0.0291 0.0132 0.0425 0.8290 0.0193 0.0153 
        D691  1 0.0412 0.0494 0.0254 0.7076 0.0671 0.0748 0.0345 
        D710  1 0.1901 0.1855 0.0802 0.0949 0.3285 0.0692 0.0515 
        D711  1 0.0438 0.0460 0.0327 0.0384 0.7532 0.0646 0.0213 
        D712  1 0.6376 0.0519 0.0329 0.0508 0.0380 0.0652 0.1235 
        D713  1 0.4207 0.1196 0.0290 0.0762 0.1515 0.1761 0.0269 
        D746  1 0.0179 0.0296 0.0282 0.8143 0.0582 0.0283 0.0234 
        D747  1 0.0222 0.0160 0.0228 0.0131 0.8936 0.0179 0.0145 
        D748  1 0.0413 0.0894 0.0193 0.2116 0.3840 0.2159 0.0386 
        D749  1 0.1374 0.1864 0.0518 0.4727 0.0276 0.0883 0.0358 
        D750  1 0.6517 0.0394 0.0250 0.0599 0.1512 0.0367 0.0361 
        D763  1 0.0242 0.1498 0.1467 0.0623 0.1654 0.0809 0.3707 
        D764  1 0.2272 0.0692 0.0236 0.1125 0.5121 0.0209 0.0345 
        D765  1 0.1504 0.1071 0.0191 0.5459 0.0491 0.0674 0.0610 
        D766  1 0.0613 0.0919 0.0320 0.4942 0.2060 0.0870 0.0274 
        D767  1 0.0458 0.1131 0.1454 0.0998 0.1058 0.4607 0.0295 
        D768  1 0.0146 0.0436 0.0204 0.0235 0.8672 0.0162 0.0145 
        D811  1 0.4419 0.0778 0.0235 0.0646 0.0423 0.2841 0.0658 
        D816  1 0.0367 0.0290 0.0176 0.0197 0.8562 0.0199 0.0208 
        D825  1 0.4109 0.1663 0.0205 0.1326 0.1408 0.0926 0.0363 
        D866  1 0.1927 0.0848 0.1374 0.0332 0.0529 0.0419 0.4570 
        D867  1 0.0389 0.0703 0.0903 0.6740 0.0245 0.0747 0.0272 
        D871  1 0.0479 0.5585 0.0291 0.0332 0.0754 0.1275 0.1283 
        D872  1 0.0579 0.0998 0.0541 0.2066 0.4172 0.1348 0.0296 
        D873  1 0.0174 0.0183 0.0186 0.9029 0.0095 0.0230 0.0103 
        D874  1 0.2529 0.0909 0.0357 0.0189 0.2827 0.2289 0.0900 
        D875  1 0.0255 0.5389 0.0193 0.1139 0.0384 0.1933 0.0706 
        D876  1 0.0840 0.0671 0.0231 0.0619 0.6685 0.0345 0.0610 
        D877  1 0.4835 0.0896 0.0333 0.0134 0.0495 0.3131 0.0176 
        D892  1 0.2253 0.1045 0.0198 0.0790 0.3182 0.2254 0.0278 
        D893  1 0.0211 0.0806 0.0513 0.0641 0.6478 0.0464 0.0885 
        D894  1 0.0877 0.1166 0.0440 0.0458 0.5825 0.0669 0.0565 
        D915  1 0.0821 0.0881 0.0339 0.1158 0.5751 0.0600 0.0451 
        D916  1 0.0202 0.0179 0.0145 0.0168 0.9045 0.0122 0.0140 
        D917  1 0.3025 0.2207 0.0968 0.0351 0.2053 0.0543 0.0853 
        D925  1 0.0846 0.0427 0.0208 0.6730 0.1292 0.0196 0.0301 
        D926  1 0.1227 0.2990 0.0255 0.0608 0.3663 0.0759 0.0500 
        D927  1 0.0630 0.1368 0.2957 0.0318 0.3088 0.0576 0.1063 
        D928  1 0.8242 0.0246 0.0169 0.0197 0.0738 0.0236 0.0173 
        D929  1 0.0965 0.0619 0.0386 0.0552 0.0427 0.6732 0.0319 
        D936  1 0.0484 0.0797 0.0748 0.0344 0.5751 0.0987 0.0890 
        D938  1 0.0184 0.0300 0.0145 0.8584 0.0276 0.0264 0.0246 
        D956  1 0.7285 0.0649 0.0451 0.0312 0.0283 0.0671 0.0349 
        D957  1 0.0628 0.0915 0.0378 0.3286 0.3397 0.1098 0.0297 
        D958  1 0.1193 0.0972 0.0317 0.2841 0.3677 0.0651 0.0349 
        D959  1 0.0286 0.2506 0.1333 0.0490 0.5036 0.0163 0.0186 
        D960  1 0.0340 0.0531 0.0194 0.8268 0.0244 0.0271 0.0152 
        D989  1 0.4758 0.0582 0.1116 0.0279 0.0694 0.0439 0.2132 
        D990  1 0.0307 0.0548 0.0291 0.7694 0.0180 0.0150 0.0830 
        D023  2 0.0213 0.1015 0.0497 0.6410 0.1521 0.0143 0.0201 
        D130  2 0.0186 0.0598 0.0573 0.6948 0.0842 0.0648 0.0205 
        D131  2 0.0386 0.3641 0.0519 0.0529 0.2684 0.0834 0.1406 
        D163  2 0.0374 0.0580 0.0179 0.7370 0.0855 0.0299 0.0343 
        D164  2 0.0119 0.0215 0.5230 0.4072 0.0125 0.0132 0.0106 
        D165  2 0.0238 0.0841 0.0638 0.6927 0.0770 0.0187 0.0399 
        D166  2 0.0331 0.1316 0.0527 0.0536 0.0401 0.6524 0.0365 
        D167  2 0.0377 0.0206 0.8656 0.0136 0.0138 0.0331 0.0157 
        D192  2 0.0188 0.0151 0.9030 0.0143 0.0104 0.0159 0.0225 
        D193  2 0.4445 0.1221 0.0370 0.0389 0.0242 0.2800 0.0533 
        D206  2 0.0340 0.2383 0.3303 0.0668 0.2106 0.0590 0.0610 
        D207  2 0.0199 0.0969 0.7189 0.0157 0.0382 0.0630 0.0474 
        D208  2 0.1843 0.0860 0.0741 0.0441 0.0539 0.0591 0.4985 
        D209  2 0.0320 0.2898 0.4937 0.0514 0.0576 0.0392 0.0364 
        D210  2 0.3888 0.0724 0.1317 0.0319 0.0897 0.0354 0.2501 
     D229599  2 0.0765 0.1822 0.0728 0.0796 0.2273 0.1953 0.1663 
     D229600  2 0.0274 0.0590 0.4768 0.3111 0.0419 0.0512 0.0325 
     D237227  2 0.4188 0.0638 0.0702 0.2040 0.0571 0.0281 0.1581 
     D237228  2 0.3391 0.1643 0.0805 0.2801 0.0126 0.0512 0.0722 
     D237258  2 0.1064 0.1349 0.3184 0.1259 0.0765 0.0793 0.1586 
     D237310  2 0.0721 0.1093 0.1272 0.4303 0.0149 0.2115 0.0348 
     D237311  2 0.0461 0.0586 0.2524 0.4822 0.0155 0.1150 0.0303 
     D237312  2 0.0746 0.0519 0.0281 0.1967 0.0249 0.5993 0.0247 
     D237313  2 0.1113 0.1865 0.0314 0.1448 0.2474 0.0673 0.2114 
     D237322  2 0.0775 0.2302 0.0647 0.0828 0.0277 0.1803 0.3368 
     D237323  2 0.1283 0.0491 0.0421 0.6215 0.0180 0.0859 0.0551 
     D237324  2 0.0181 0.3525 0.3247 0.1649 0.0444 0.0356 0.0599 
     D237325  2 0.1079 0.1225 0.0811 0.3606 0.0440 0.2303 0.0535 
     D237326  2 0.0935 0.0658 0.0481 0.6645 0.0729 0.0328 0.0224 
     D237327  2 0.0380 0.2350 0.2319 0.0470 0.0708 0.0859 0.2914 
     D237337  2 0.0492 0.0595 0.0267 0.7246 0.0311 0.0818 0.0271 
     D237338  2 0.1437 0.1425 0.1039 0.2486 0.0754 0.1595 0.1265 
     D237339  2 0.0309 0.1674 0.4188 0.0211 0.0736 0.2432 0.0451 
     D237340  2 0.2208 0.0645 0.2371 0.2731 0.0215 0.1396 0.0434 
     D237389  2 0.0452 0.0900 0.1263 0.4781 0.0249 0.2144 0.0211 
     D237390  2 0.1202 0.0656 0.0322 0.1807 0.0357 0.5143 0.0512 
     D244017  2 0.2544 0.0880 0.4662 0.0335 0.0285 0.0795 0.0499 
     D244112  2 0.0188 0.0206 0.8658 0.0302 0.0154 0.0316 0.0177 
     D244118  2 0.0221 0.0321 0.6997 0.1886 0.0124 0.0240 0.0212 
     D244119  2 0.5820 0.0262 0.2846 0.0278 0.0192 0.0214 0.0387 
     D244120  2 0.1034 0.0520 0.4625 0.0192 0.0151 0.2866 0.0612 
     D244122  2 0.0730 0.0422 0.7210 0.0410 0.0314 0.0608 0.0306 
        D291  2 0.0252 0.1950 0.0665 0.0366 0.0456 0.0408 0.5904 
        D292  2 0.0768 0.0760 0.2995 0.0365 0.2516 0.0580 0.2015 
        D293  2 0.0139 0.0590 0.8058 0.0110 0.0488 0.0413 0.0202 
        D322  2 0.0184 0.1009 0.7071 0.0298 0.0526 0.0640 0.0272 
        D323  2 0.0786 0.2425 0.1777 0.0372 0.1110 0.1572 0.1958 
        D324  2 0.0677 0.1302 0.0529 0.0882 0.2174 0.0468 0.3967 
        D325  2 0.0103 0.0340 0.8407 0.0131 0.0423 0.0168 0.0429 
        D326  2 0.0315 0.0309 0.0138 0.0105 0.8762 0.0117 0.0254 
        D340  2 0.0139 0.0172 0.8949 0.0174 0.0232 0.0134 0.0201 
        D341  2 0.0254 0.0386 0.6684 0.0468 0.0454 0.1035 0.0719 
        D342  2 0.0273 0.1552 0.5220 0.1185 0.0255 0.0603 0.0912 
        D343  2 0.0080 0.0129 0.9277 0.0099 0.0168 0.0126 0.0121 
        D344  2 0.0502 0.2665 0.0884 0.0243 0.2728 0.2698 0.0279 
        D345  2 0.0437 0.1891 0.0502 0.2049 0.3153 0.0511 0.1457 
        D346  2 0.4870 0.0793 0.0940 0.0318 0.0501 0.0519 0.2059 
        D351  2 0.0275 0.2001 0.0761 0.0660 0.2785 0.1616 0.1901 
        D352  2 0.1124 0.2648 0.1427 0.0437 0.0530 0.3412 0.0421 
        D353  2 0.0219 0.6039 0.0245 0.0163 0.2656 0.0338 0.0341 
        D354  2 0.1814 0.1603 0.0309 0.0917 0.3151 0.1735 0.0470 
        D362  2 0.0346 0.0565 0.0399 0.0531 0.7686 0.0219 0.0253 
        D363  2 0.0568 0.0414 0.0264 0.0233 0.8060 0.0170 0.0291 
        D364  2 0.0887 0.1403 0.0389 0.0533 0.5218 0.1313 0.0257 
        D365  2 0.0135 0.0200 0.9065 0.0118 0.0213 0.0120 0.0148 
        D369  2 0.1755 0.1122 0.2207 0.0786 0.2051 0.0478 0.1601 
        D374  2 0.8087 0.0246 0.0165 0.0180 0.0138 0.1006 0.0176 
        D375  2 0.0685 0.2330 0.0317 0.0457 0.0933 0.5084 0.0193 
        D376  2 0.7847 0.0392 0.0260 0.0230 0.0161 0.0918 0.0192 
        D377  2 0.1753 0.1492 0.0729 0.1446 0.0468 0.2651 0.1461 
        D378  2 0.0311 0.1555 0.3061 0.0613 0.2659 0.0936 0.0864 
        D379  2 0.0332 0.0808 0.0215 0.0264 0.7445 0.0485 0.0451 
        D384  2 0.0366 0.0228 0.0223 0.0149 0.8530 0.0215 0.0289 
        D385  2 0.0395 0.0259 0.8082 0.0139 0.0213 0.0669 0.0242 
        D386  2 0.0289 0.2612 0.1149 0.0601 0.3898 0.0965 0.0486 
        D391  2 0.0143 0.0300 0.8459 0.0186 0.0370 0.0267 0.0276 
        D392  2 0.0593 0.0444 0.7039 0.0544 0.0662 0.0345 0.0373 
        D393  2 0.0237 0.0788 0.0796 0.0438 0.4966 0.0437 0.2339 
        D394  2 0.0685 0.1518 0.1373 0.2502 0.1220 0.2148 0.0555 
        D395  2 0.0286 0.1494 0.5787 0.0174 0.0207 0.1759 0.0293 
        D401  2 0.0636 0.0401 0.0456 0.7655 0.0197 0.0358 0.0297 
        D402  2 0.0150 0.0279 0.8347 0.0189 0.0264 0.0279 0.0491 
        D403  2 0.0239 0.4593 0.0313 0.0578 0.2966 0.1024 0.0288 
        D415  2 0.0173 0.2224 0.0347 0.0648 0.6044 0.0385 0.0178 
        D435  2 0.0156 0.0551 0.2350 0.0395 0.5642 0.0380 0.0524 
        D436  2 0.0989 0.1122 0.0618 0.0306 0.2322 0.4342 0.0300 
        D438  2 0.0250 0.0166 0.8918 0.0144 0.0142 0.0162 0.0219 
        D439  2 0.0251 0.2290 0.2186 0.0666 0.1831 0.2069 0.0707 
        D449  2 0.0258 0.2171 0.5443 0.0238 0.1385 0.0171 0.0334 
        D450  2 0.2586 0.1838 0.0347 0.0631 0.2021 0.1698 0.0880 
        D456  2 0.0152 0.0512 0.0130 0.0119 0.8709 0.0162 0.0216 
        D462  2 0.0145 0.0236 0.8648 0.0135 0.0387 0.0260 0.0189 
        D463  2 0.0320 0.0318 0.0142 0.0154 0.8668 0.0212 0.0187 
        D464  2 0.0678 0.5053 0.0896 0.0181 0.1283 0.1610 0.0299 
        D465  2 0.0220 0.0574 0.6612 0.0400 0.1434 0.0460 0.0300 
        D473  2 0.6081 0.0598 0.0433 0.1114 0.0263 0.0895 0.0616 
        D474  2 0.0428 0.0607 0.0713 0.0412 0.5967 0.0204 0.1670 
        D476  2 0.0149 0.1113 0.2332 0.3577 0.0794 0.1533 0.0502 
        D477  2 0.0570 0.0871 0.0271 0.0417 0.5537 0.0669 0.1666 
        D478  2 0.2146 0.2907 0.1110 0.0972 0.0614 0.1700 0.0551 
        D480  2 0.0993 0.1202 0.1115 0.0248 0.3197 0.1027 0.2217 
        D481  2 0.1015 0.1786 0.1470 0.1234 0.2911 0.0886 0.0697 
        D482  2 0.0697 0.1086 0.0290 0.0668 0.0269 0.1596 0.5394 
        D483  2 0.0476 0.0219 0.8563 0.0181 0.0178 0.0150 0.0233 
        D484  2 0.0590 0.0845 0.1366 0.0194 0.0213 0.6446 0.0346 
        D510  2 0.7232 0.0459 0.0233 0.0254 0.0230 0.0509 0.1085 
        D511  2 0.0266 0.1379 0.2191 0.0572 0.3053 0.1505 0.1033 
        D512  2 0.0221 0.1334 0.2871 0.3431 0.0317 0.1504 0.0321 
        D513  2 0.0738 0.1177 0.5317 0.0315 0.0833 0.0453 0.1167 
        D635  2 0.0281 0.1380 0.0433 0.1938 0.5392 0.0152 0.0425 
        D636  2 0.0179 0.0517 0.0232 0.8418 0.0349 0.0142 0.0162 
        D637  2 0.0937 0.1169 0.1889 0.0465 0.0272 0.4400 0.0868 
        D658  2 0.1332 0.0478 0.5558 0.0434 0.0220 0.1713 0.0265 
        D659  2 0.0328 0.0722 0.0283 0.0273 0.7618 0.0369 0.0407 
        D677  2 0.0241 0.1094 0.0852 0.1236 0.3615 0.2125 0.0837 
        D678  2 0.0209 0.1372 0.7116 0.0333 0.0231 0.0468 0.0271 
        D679  2 0.0530 0.1593 0.0658 0.0389 0.4792 0.0493 0.1545 
        D719  2 0.3356 0.0418 0.1960 0.0268 0.1902 0.0296 0.1800 
        D720  2 0.0970 0.0702 0.0526 0.0356 0.6738 0.0276 0.0431 
        D721  2 0.0456 0.1366 0.1343 0.5237 0.0789 0.0346 0.0463 
        D722  2 0.6574 0.0769 0.0417 0.0444 0.0272 0.1073 0.0451 
        D734  2 0.3659 0.0688 0.1917 0.0137 0.0456 0.2022 0.1120 
        D735  2 0.0748 0.1872 0.0881 0.0816 0.3678 0.0548 0.1457 
        D736  2 0.2984 0.0945 0.0697 0.0510 0.1051 0.0284 0.3530 
        D737  2 0.0427 0.0870 0.6477 0.0562 0.0268 0.0683 0.0711 
        D807  2 0.2540 0.0862 0.0844 0.0677 0.2565 0.1191 0.1322 
        D808  2 0.0425 0.2029 0.1800 0.1991 0.0833 0.2002 0.0919 
        D817  2 0.0986 0.1420 0.0298 0.0468 0.4478 0.1015 0.1334 
        D818  2 0.0335 0.3152 0.2402 0.0298 0.0857 0.1682 0.1274 
        D819  2 0.0741 0.1822 0.0451 0.1737 0.2677 0.1143 0.1428 
        D820  2 0.0244 0.0344 0.0418 0.0133 0.7691 0.0932 0.0238 
        D895  2 0.0521 0.1710 0.0421 0.1306 0.5187 0.0281 0.0574 
        D896  2 0.0419 0.0258 0.0222 0.8011 0.0231 0.0656 0.0204 
        D897  2 0.0308 0.1687 0.5588 0.0362 0.0284 0.0837 0.0935 
        D898  2 0.0959 0.2249 0.0447 0.0923 0.0701 0.2552 0.2170 
        D918  2 0.0789 0.1769 0.1132 0.1692 0.0391 0.3104 0.1123 
        D919  2 0.0274 0.2425 0.2672 0.0319 0.2299 0.1273 0.0739 
        D920  2 0.0447 0.0398 0.0406 0.7613 0.0242 0.0704 0.0190 
        D923  2 0.0245 0.0391 0.0288 0.0141 0.8132 0.0540 0.0262 
        D930  2 0.1377 0.1803 0.0639 0.0566 0.3490 0.1237 0.0889 
        D931  2 0.0688 0.0921 0.2007 0.0408 0.4273 0.1073 0.0630 
        D968  2 0.0166 0.0204 0.8632 0.0108 0.0278 0.0213 0.0399 
        D969  2 0.0502 0.1366 0.1895 0.0361 0.3363 0.0335 0.2178 
        D977  2 0.0263 0.0845 0.7553 0.0216 0.0271 0.0395 0.0456 
        D978  2 0.0268 0.1698 0.1367 0.0187 0.0437 0.1429 0.4614 
        D211  3 0.0306 0.1556 0.0410 0.2865 0.0944 0.3074 0.0844 
     D229639  3 0.1041 0.0513 0.0580 0.0451 0.0882 0.0424 0.6109 
     D237212  3 0.0326 0.1306 0.1058 0.0641 0.1145 0.2068 0.3457 
     D237213  3 0.0252 0.1636 0.0418 0.2044 0.1079 0.3492 0.1079 
     D237214  3 0.0667 0.4134 0.0278 0.3726 0.0465 0.0534 0.0197 
     D237215  3 0.1323 0.0446 0.6396 0.0249 0.0161 0.0426 0.0999 
     D237216  3 0.0260 0.6942 0.0281 0.0757 0.0328 0.0616 0.0817 
     D237217  3 0.0148 0.4112 0.0407 0.2735 0.1424 0.0614 0.0559 
     D237218  3 0.0426 0.1024 0.0447 0.0360 0.0910 0.1111 0.5721 
     D237219  3 0.0601 0.0866 0.0251 0.2722 0.0354 0.0781 0.4425 
     D237382  3 0.1552 0.1361 0.0759 0.0885 0.1262 0.3788 0.0393 
     D244127  3 0.0263 0.1398 0.1474 0.4910 0.0358 0.0741 0.0857 
     D244129  3 0.0552 0.1918 0.1026 0.1947 0.1291 0.2090 0.1175 
     D244133  3 0.1657 0.2007 0.1687 0.0901 0.0762 0.0411 0.2575 
     D244134  3 0.1069 0.0327 0.0235 0.0691 0.0300 0.0205 0.7172 
     D244135  3 0.0226 0.1615 0.1321 0.5359 0.0573 0.0479 0.0427 
     D244136  3 0.2665 0.1384 0.1328 0.0563 0.1872 0.0594 0.1595 
        D416  3 0.0296 0.2438 0.1648 0.0887 0.1811 0.0890 0.2030 
        D417  3 0.0314 0.0629 0.0193 0.0429 0.7370 0.0800 0.0265 
        D419  3 0.0635 0.1375 0.0731 0.1450 0.1571 0.0658 0.3580 
        D565  3 0.7772 0.0251 0.0138 0.0224 0.0389 0.0136 0.1090 
        D566  3 0.3782 0.0749 0.0563 0.0345 0.0624 0.0352 0.3585 
        D567  3 0.0225 0.0600 0.0384 0.0867 0.7247 0.0392 0.0286 
        D568  3 0.0235 0.1649 0.1036 0.1918 0.3298 0.1143 0.0720 
        D569  3 0.0553 0.2598 0.2312 0.0899 0.0336 0.2698 0.0605 
        D573  3 0.0276 0.1529 0.3550 0.0254 0.1476 0.0286 0.2629 
        D574  3 0.5034 0.1221 0.0703 0.0661 0.0416 0.0716 0.1249 
        D575  3 0.0982 0.1495 0.0767 0.1984 0.1132 0.0548 0.3092 
        D576  3 0.0524 0.0542 0.6983 0.0179 0.0081 0.0651 0.1041 
        D577  3 0.0481 0.0888 0.0362 0.0592 0.6112 0.0834 0.0732 
        D578  3 0.0184 0.2312 0.0551 0.6214 0.0190 0.0321 0.0229 
        D579  3 0.1932 0.1227 0.0913 0.0650 0.1754 0.0813 0.2712 
        D660  3 0.0212 0.1160 0.6293 0.0653 0.0211 0.0598 0.0872 
        D661  3 0.0258 0.1277 0.2490 0.0417 0.0378 0.1650 0.3530 
        D663  3 0.0356 0.2276 0.0964 0.0299 0.0773 0.0703 0.4629 
        D664  3 0.1471 0.1739 0.1672 0.2143 0.0192 0.1537 0.1246 
        D665  3 0.0179 0.3393 0.0584 0.2047 0.0171 0.2671 0.0955 
        D666  3 0.1360 0.1041 0.0447 0.2162 0.1003 0.1090 0.2897 
        D009  4 0.0526 0.1932 0.0271 0.3188 0.1382 0.1920 0.0780 
        D057  4 0.0382 0.0627 0.3531 0.2273 0.0494 0.1984 0.0709 
        D109  4 0.0760 0.1866 0.0225 0.5399 0.0547 0.0729 0.0473 
     D237222  4 0.1463 0.0799 0.0793 0.5501 0.0400 0.0829 0.0215 
     D237223  4 0.1325 0.1417 0.1078 0.1961 0.0420 0.3131 0.0667 
     D237224  4 0.0348 0.1036 0.1909 0.0498 0.2176 0.0931 0.3103 
     D237225  4 0.0526 0.2980 0.0390 0.1429 0.1233 0.2224 0.1220 
     D237299  4 0.0396 0.2696 0.0407 0.0525 0.0192 0.4471 0.1312 
     D237300  4 0.0289 0.0328 0.0256 0.0212 0.0187 0.0298 0.8430 
     D237306  4 0.6360 0.0816 0.0254 0.0563 0.0612 0.1137 0.0258 
     D237307  4 0.2218 0.1121 0.0685 0.0403 0.3788 0.0543 0.1242 
     D237308  4 0.0987 0.0872 0.5468 0.1005 0.0536 0.0534 0.0598 
     D237309  4 0.0420 0.2613 0.0761 0.1746 0.2126 0.1659 0.0676 
     D237317  4 0.4618 0.1396 0.0410 0.0499 0.1947 0.0504 0.0627 
     D237318  4 0.0303 0.0662 0.0434 0.0173 0.0282 0.0193 0.7953 
     D237319  4 0.0602 0.2703 0.0564 0.2150 0.0976 0.2074 0.0932 
     D237320  4 0.0484 0.1443 0.1117 0.1945 0.0971 0.2396 0.1644 
     D237321  4 0.0369 0.0704 0.0782 0.0354 0.0501 0.0298 0.6992 
     D237397  4 0.2498 0.1116 0.1268 0.1149 0.0602 0.1295 0.2072 
     D237398  4 0.0158 0.1177 0.0399 0.0265 0.0963 0.0372 0.6666 
     D237399  4 0.1493 0.1085 0.0484 0.0601 0.1184 0.1470 0.3682 
     D244001  4 0.0423 0.1495 0.2100 0.4220 0.0444 0.1052 0.0265 
        D289  4 0.2547 0.1301 0.1435 0.0466 0.1819 0.1404 0.1028 
        D290  4 0.0455 0.2664 0.0575 0.0446 0.0784 0.4314 0.0763 
        D294  4 0.0515 0.3323 0.0667 0.0321 0.1536 0.2588 0.1049 
        D295  4 0.0537 0.0829 0.0296 0.0911 0.3672 0.3104 0.0649 
        D301  4 0.0458 0.0419 0.0463 0.6451 0.0233 0.0654 0.1322 
        D302  4 0.0261 0.1096 0.0308 0.0279 0.4790 0.2884 0.0383 
        D303  4 0.6338 0.0496 0.0672 0.0689 0.0495 0.0684 0.0626 
        D304  4 0.0912 0.2577 0.0431 0.0269 0.0775 0.2190 0.2846 
        D305  4 0.0187 0.5383 0.1680 0.0459 0.0328 0.1400 0.0562 
        D306  4 0.0817 0.4337 0.0283 0.0361 0.0617 0.3300 0.0285 
        D307  4 0.0551 0.0305 0.0293 0.7700 0.0228 0.0298 0.0625 
        D327  4 0.0979 0.1170 0.0970 0.0328 0.5208 0.0598 0.0746 
        D328  4 0.3214 0.0834 0.0373 0.0612 0.0427 0.4098 0.0443 
        D329  4 0.0550 0.2613 0.1893 0.1020 0.1608 0.1337 0.0978 
        D330  4 0.0285 0.1657 0.0890 0.1001 0.3193 0.2790 0.0184 
        D331  4 0.1021 0.1838 0.0635 0.0747 0.1466 0.1492 0.2802 
        D333  4 0.1937 0.1279 0.1183 0.1075 0.0758 0.2620 0.1148 
        D334  4 0.5514 0.0826 0.0224 0.0522 0.1271 0.0760 0.0883 
        D335  4 0.0541 0.0982 0.1057 0.0373 0.5422 0.1332 0.0293 
        D370  4 0.3227 0.1076 0.0723 0.1571 0.0517 0.2488 0.0399 
        D371  4 0.7970 0.0325 0.0277 0.0171 0.0750 0.0237 0.0270 
        D372  4 0.0241 0.1001 0.0564 0.0191 0.0132 0.0599 0.7273 
        D373  4 0.0215 0.0948 0.1289 0.5932 0.0381 0.0317 0.0918 
        D455  4 0.0249 0.0491 0.0570 0.7300 0.0376 0.0575 0.0439 
        D490  4 0.0225 0.0227 0.0117 0.8271 0.0231 0.0698 0.0230 
        D497  4 0.0277 0.0568 0.0218 0.7605 0.0185 0.0680 0.0466 
        D498  4 0.1643 0.1593 0.0875 0.0818 0.0581 0.2410 0.2079 
        D499  4 0.1423 0.1474 0.2127 0.0316 0.0294 0.1645 0.2720 
        D514  4 0.0287 0.1540 0.0378 0.0360 0.3725 0.3131 0.0579 
        D515  4 0.0363 0.0876 0.0270 0.1495 0.0381 0.6325 0.0289 
        D516  4 0.0948 0.1499 0.0932 0.2198 0.1728 0.0943 0.1752 
        D517  4 0.0203 0.1918 0.0880 0.4766 0.0649 0.0822 0.0763 
        D518  4 0.1560 0.0992 0.1895 0.1972 0.0893 0.2368 0.0319 
        D519  4 0.0303 0.1200 0.0530 0.1972 0.0584 0.4255 0.1156 
        D560  4 0.0212 0.1767 0.0796 0.0781 0.0841 0.4649 0.0954 
        D561  4 0.0179 0.5179 0.0860 0.1066 0.1089 0.1170 0.0457 
        D562  4 0.1008 0.2046 0.1281 0.1260 0.0607 0.2978 0.0820 
        D563  4 0.0202 0.1722 0.4877 0.0603 0.0445 0.1241 0.0910 
        D572  4 0.0623 0.1331 0.0852 0.0719 0.1866 0.4296 0.0313 
        D629  4 0.0438 0.1528 0.0267 0.1549 0.3826 0.0735 0.1656 
        D630  4 0.0776 0.1180 0.0460 0.0618 0.1117 0.5020 0.0829 
        D631  4 0.0336 0.0991 0.3484 0.0393 0.0537 0.3324 0.0934 
        D632  4 0.0304 0.0731 0.1920 0.5293 0.0862 0.0577 0.0313 
        D646  4 0.0315 0.2025 0.0834 0.1826 0.2624 0.1884 0.0492 
        D647  4 0.0209 0.0733 0.0693 0.0899 0.5228 0.1885 0.0353 
        D648  4 0.2689 0.0410 0.0289 0.0201 0.0244 0.5992 0.0176 
        D649  4 0.0235 0.0740 0.0267 0.1860 0.5899 0.0627 0.0372 
        D650  4 0.1368 0.1286 0.0459 0.1486 0.2219 0.1748 0.1434 
        D708  4 0.3505 0.1490 0.0399 0.0580 0.0671 0.1850 0.1506 
        D709  4 0.0726 0.2171 0.0363 0.0786 0.0339 0.5114 0.0503 
        D738  4 0.5490 0.0564 0.0204 0.1520 0.0999 0.0748 0.0476 
        D739  4 0.0586 0.1590 0.0326 0.1664 0.0350 0.4660 0.0824 
        D740  4 0.1136 0.2869 0.0805 0.1651 0.0281 0.1137 0.2122 
        D741  4 0.0208 0.2502 0.1450 0.0996 0.1258 0.3240 0.0347 
        D742  4 0.1092 0.1522 0.3177 0.0506 0.0430 0.1282 0.1992 
        D743  4 0.0370 0.0910 0.0789 0.0240 0.6253 0.0807 0.0631 
        D744  4 0.0252 0.1744 0.2126 0.0459 0.1427 0.3325 0.0666 
        D745  4 0.0286 0.1021 0.0242 0.2748 0.0398 0.4740 0.0565 
        D814  4 0.0269 0.4363 0.2108 0.0334 0.0505 0.1428 0.0993 
        D815  4 0.0515 0.0906 0.0563 0.0538 0.2456 0.4358 0.0663 
        D828  4 0.2345 0.0749 0.1134 0.0277 0.0175 0.4651 0.0668 
        D845  4 0.0323 0.0206 0.0219 0.0120 0.0237 0.0142 0.8754 
        D846  4 0.0147 0.1704 0.3094 0.0529 0.3053 0.0910 0.0562 
        D847  4 0.1056 0.1526 0.0895 0.1132 0.1481 0.1960 0.1950 
        D848  4 0.0207 0.0739 0.1388 0.5729 0.0203 0.0238 0.1497 
        D849  4 0.0283 0.1182 0.0466 0.2840 0.0577 0.4243 0.0409 
        D850  4 0.0966 0.2844 0.0614 0.1025 0.2624 0.0463 0.1466 
        D856  4 0.0539 0.3252 0.0349 0.1522 0.0767 0.3001 0.0570 
        D857  4 0.0503 0.0482 0.0932 0.6967 0.0097 0.0812 0.0207 
        D859  4 0.0529 0.1289 0.0957 0.0308 0.1675 0.4231 0.1011 
        D860  4 0.3494 0.1173 0.1603 0.0252 0.1238 0.0363 0.1877 
        D883  4 0.1612 0.0972 0.0488 0.2010 0.2541 0.1397 0.0980 
        D884  4 0.1164 0.0855 0.0218 0.1278 0.0731 0.5363 0.0391 
        D885  4 0.0320 0.2466 0.0764 0.0595 0.1179 0.1191 0.3485 
        D886  4 0.0357 0.0938 0.1012 0.2581 0.1837 0.2859 0.0418 
        D887  4 0.0787 0.1825 0.1449 0.0536 0.1177 0.1544 0.2682 
        D889  4 0.0268 0.0912 0.0142 0.0150 0.0409 0.2457 0.5662 
        D890  4 0.2889 0.1040 0.0817 0.1459 0.0748 0.1699 0.1348 
        D891  4 0.0097 0.0152 0.0169 0.0093 0.0134 0.0137 0.9219 
        D899  4 0.1032 0.0496 0.5270 0.0263 0.0287 0.0717 0.1935 
        D900  4 0.0842 0.2700 0.1248 0.0868 0.1899 0.1631 0.0813 
        D970  4 0.0639 0.1603 0.1112 0.0900 0.2442 0.1272 0.2032 
        D971  4 0.0781 0.0908 0.5881 0.0540 0.1206 0.0479 0.0205 
        D979  4 0.0472 0.0801 0.0473 0.0183 0.6810 0.0909 0.0352 
        D093  5 0.6684 0.0530 0.0346 0.0346 0.0442 0.0573 0.1079 
        D154  5 0.0635 0.2690 0.2113 0.0240 0.0297 0.1575 0.2449 
        D168  5 0.0240 0.2438 0.2626 0.0929 0.0708 0.0940 0.2119 
        D189  5 0.4018 0.1330 0.0565 0.0300 0.0483 0.1433 0.1871 
        D190  5 0.7506 0.0256 0.0289 0.0263 0.0331 0.0538 0.0816 
     D237220  5 0.0849 0.1190 0.0302 0.2354 0.0475 0.1292 0.3537 
     D237221  5 0.1917 0.0836 0.0930 0.0395 0.0789 0.0626 0.4507 
     D237274  5 0.0295 0.1287 0.0592 0.0254 0.6579 0.0786 0.0206 
     D237275  5 0.0288 0.1036 0.6742 0.0254 0.0174 0.0688 0.0819 
     D237276  5 0.1990 0.0859 0.0390 0.1332 0.1420 0.3418 0.0590 
     D237277  5 0.3164 0.0530 0.0594 0.0248 0.0395 0.0447 0.4622 
     D237278  5 0.2434 0.1026 0.3767 0.1051 0.0520 0.0809 0.0394 
     D237279  5 0.0215 0.4377 0.0263 0.3625 0.0513 0.0263 0.0744 
     D237280  5 0.0786 0.1464 0.0232 0.4913 0.1691 0.0365 0.0548 
     D237281  5 0.0295 0.1829 0.3725 0.0187 0.0536 0.0305 0.3125 
     D237351  5 0.0671 0.0662 0.0282 0.6699 0.0259 0.0412 0.1015 
     D237352  5 0.0954 0.1226 0.1625 0.3207 0.1586 0.1039 0.0364 
     D237353  5 0.5903 0.0372 0.0280 0.0280 0.0235 0.0311 0.2618 
     D237359  5 0.0477 0.1377 0.0342 0.0911 0.0559 0.1450 0.4885 
     D237361  5 0.8284 0.0346 0.0205 0.0205 0.0213 0.0207 0.0539 
     D237362  5 0.1598 0.1416 0.0665 0.0653 0.1829 0.0607 0.3233 
     D237363  5 0.0529 0.6389 0.1403 0.0251 0.0322 0.0479 0.0626 
     D237364  5 0.0197 0.1572 0.1960 0.0848 0.1003 0.3639 0.0781 
     D237376  5 0.4251 0.0343 0.0421 0.0155 0.0134 0.4443 0.0254 
     D237377  5 0.0754 0.1920 0.0642 0.2788 0.2383 0.0279 0.1234 
     D237378  5 0.5694 0.0572 0.0806 0.0326 0.0185 0.0936 0.1480 
     D237379  5 0.4308 0.0910 0.0500 0.0322 0.0315 0.2926 0.0718 
     D237380  5 0.1223 0.0552 0.0200 0.6459 0.0333 0.1056 0.0177 
     D237381  5 0.0749 0.1243 0.0921 0.5074 0.0652 0.0840 0.0521 
     D237391  5 0.5320 0.0512 0.0202 0.0334 0.0432 0.0272 0.2929 
     D237392  5 0.0527 0.1209 0.2304 0.0506 0.4166 0.0953 0.0334 
     D237393  5 0.2600 0.0759 0.0704 0.1093 0.3826 0.0470 0.0549 
     D237394  5 0.8280 0.0267 0.0114 0.0239 0.0350 0.0168 0.0582 
     D237395  5 0.2800 0.1273 0.0668 0.0883 0.0381 0.1568 0.2427 
     D237396  5 0.1092 0.0956 0.0798 0.0907 0.5381 0.0172 0.0693 
     D244016  5 0.1669 0.2898 0.0747 0.0282 0.0428 0.0697 0.3279 
     D244018  5 0.1888 0.1385 0.3490 0.0881 0.0485 0.0328 0.1543 
     D244019  5 0.0539 0.2920 0.1137 0.0324 0.1435 0.0918 0.2727 
        D279  5 0.0581 0.1310 0.0551 0.0361 0.0274 0.0921 0.6001 
        D280  5 0.1691 0.1931 0.0653 0.0654 0.0852 0.0479 0.3740 
        D281  5 0.0795 0.1570 0.2150 0.0180 0.0245 0.0383 0.4677 
        D283  5 0.3928 0.0959 0.0425 0.0351 0.1307 0.0309 0.2721 
        D284  5 0.0554 0.2581 0.0888 0.1576 0.0709 0.2237 0.1456 
        D285  5 0.2706 0.0907 0.0315 0.0318 0.0874 0.0785 0.4095 
        D286  5 0.1841 0.0940 0.0328 0.0455 0.1085 0.4221 0.1130 
        D287  5 0.3022 0.0755 0.0248 0.0341 0.0182 0.4994 0.0457 
        D288  5 0.0730 0.1990 0.0333 0.0304 0.1609 0.0290 0.4745 
        D308  5 0.0274 0.0617 0.0206 0.7411 0.1030 0.0240 0.0222 
        D309  5 0.0277 0.1973 0.0351 0.0448 0.4086 0.2651 0.0213 
        D310  5 0.7150 0.1200 0.0165 0.0155 0.0243 0.0398 0.0689 
        D311  5 0.1595 0.2466 0.0523 0.0388 0.1172 0.3039 0.0818 
        D312  5 0.3418 0.1172 0.0642 0.0601 0.1392 0.1535 0.1239 
        D313  5 0.0310 0.0290 0.0115 0.8891 0.0126 0.0132 0.0136 
        D314  5 0.0884 0.1382 0.0794 0.0675 0.0259 0.3334 0.2672 
        D315  5 0.3607 0.1170 0.0654 0.0902 0.2289 0.0879 0.0500 
        D317  5 0.8203 0.0304 0.0161 0.0209 0.0405 0.0241 0.0477 
        D318  5 0.0841 0.2620 0.2057 0.0703 0.1302 0.1663 0.0813 
        D319  5 0.7767 0.0530 0.0233 0.0279 0.0348 0.0334 0.0509 
        D320  5 0.6494 0.0467 0.0212 0.0262 0.0393 0.0492 0.1680 
        D321  5 0.0710 0.0469 0.0139 0.5897 0.0756 0.0185 0.1845 
        D336  5 0.7264 0.0559 0.0201 0.0148 0.0248 0.1355 0.0225 
        D337  5 0.7989 0.0274 0.0371 0.0143 0.0261 0.0197 0.0766 
        D338  5 0.1528 0.2292 0.0751 0.0909 0.2140 0.1087 0.1293 
        D339  5 0.5212 0.1661 0.0494 0.0468 0.0447 0.0510 0.1209 
        D347  5 0.1213 0.1884 0.1820 0.0217 0.1310 0.3122 0.0433 
        D348  5 0.7963 0.0552 0.0274 0.0198 0.0218 0.0531 0.0264 
        D349  5 0.0534 0.0417 0.0257 0.7708 0.0249 0.0266 0.0569 
        D350  5 0.0326 0.1455 0.0520 0.0333 0.2219 0.4606 0.0541 
        D355  5 0.0232 0.2778 0.1784 0.0188 0.1323 0.1744 0.1950 
        D356  5 0.2803 0.1367 0.0367 0.0806 0.2618 0.0941 0.1099 
        D357  5 0.1825 0.2602 0.0682 0.0492 0.0707 0.2742 0.0951 
        D358  5 0.4523 0.1217 0.0652 0.0861 0.1184 0.0773 0.0789 
        D359  5 0.4638 0.0975 0.0191 0.0256 0.3001 0.0314 0.0625 
        D360  5 0.4632 0.0952 0.0290 0.0894 0.1255 0.0737 0.1238 
        D361  5 0.0342 0.0448 0.0257 0.8162 0.0315 0.0230 0.0246 
        D366  5 0.0218 0.0554 0.4544 0.0248 0.3990 0.0185 0.0261 
        D367  5 0.5821 0.1311 0.0249 0.0392 0.0241 0.1463 0.0523 
        D368  5 0.2770 0.2351 0.0275 0.1640 0.1145 0.0653 0.1165 
        D380  5 0.0392 0.3085 0.0889 0.0652 0.2773 0.1126 0.1084 
        D381  5 0.5224 0.1730 0.0448 0.0399 0.0792 0.0284 0.1123 
        D400  5 0.2611 0.1355 0.1315 0.0369 0.0666 0.2223 0.1462 
        D411  5 0.0166 0.1044 0.0473 0.7060 0.0184 0.0813 0.0259 
        D412  5 0.0933 0.4124 0.1700 0.0860 0.0884 0.1031 0.0468 
        D413  5 0.0293 0.1045 0.6449 0.0398 0.0867 0.0332 0.0616 
        D414  5 0.0239 0.1262 0.2208 0.0223 0.0615 0.4637 0.0816 
        D420  5 0.0508 0.2294 0.0376 0.0907 0.0328 0.1127 0.4461 
        D431  5 0.0830 0.1417 0.0612 0.0686 0.0208 0.3794 0.2454 
        D432  5 0.4432 0.1046 0.1086 0.1186 0.0667 0.0334 0.1249 
        D433  5 0.5470 0.0612 0.0388 0.0352 0.0497 0.0642 0.2039 
        D434  5 0.4435 0.1451 0.0451 0.0776 0.0786 0.0468 0.1634 
        D440  5 0.0341 0.2407 0.0333 0.0476 0.2252 0.3962 0.0230 
        D447  5 0.0326 0.2723 0.1423 0.0586 0.3014 0.1636 0.0292 
        D448  5 0.5984 0.0744 0.0356 0.0167 0.0598 0.1585 0.0566 
        D459  5 0.0427 0.0997 0.3935 0.0194 0.0862 0.0764 0.2820 
        D460  5 0.0928 0.0306 0.0277 0.6885 0.0878 0.0254 0.0473 
        D461  5 0.0310 0.0919 0.0291 0.0252 0.4751 0.3138 0.0339 
        D468  5 0.2858 0.1767 0.0741 0.0709 0.1619 0.1277 0.1030 
        D469  5 0.0896 0.1248 0.0474 0.1061 0.4574 0.0973 0.0773 
        D470  5 0.1083 0.1811 0.0386 0.1187 0.0775 0.4172 0.0585 
        D471  5 0.5207 0.0830 0.0338 0.0162 0.0616 0.2055 0.0792 
        D472  5 0.0229 0.0391 0.0826 0.0209 0.7545 0.0177 0.0623 
        D479  5 0.0355 0.0513 0.7494 0.0206 0.0327 0.0811 0.0294 
        D485  5 0.1402 0.1031 0.0557 0.0238 0.0370 0.6080 0.0323 
        D486  5 0.1733 0.2008 0.0943 0.1151 0.1183 0.2495 0.0486 
        D487  5 0.1314 0.1028 0.1376 0.0339 0.0312 0.1700 0.3931 
        D555  5 0.7653 0.0322 0.0734 0.0265 0.0244 0.0298 0.0484 
        D556  5 0.0919 0.0770 0.0307 0.0469 0.0423 0.1475 0.5636 
        D557  5 0.7642 0.0333 0.0458 0.0270 0.0299 0.0308 0.0691 
        D564  5 0.4069 0.1138 0.0605 0.1064 0.0560 0.2252 0.0313 
        D594  5 0.1270 0.2862 0.2290 0.0434 0.1246 0.1653 0.0245 
        D595  5 0.3155 0.1369 0.1162 0.0616 0.1750 0.0811 0.1136 
        D596  5 0.7975 0.0297 0.0386 0.0249 0.0237 0.0206 0.0649 
        D597  5 0.2114 0.0783 0.2832 0.0241 0.1084 0.0393 0.2553 
        D598  5 0.4183 0.0833 0.0773 0.1519 0.0940 0.0674 0.1077 
        D617  5 0.0216 0.1505 0.2730 0.3857 0.0268 0.0874 0.0549 
        D618  5 0.3285 0.0573 0.0459 0.0399 0.0911 0.0621 0.3751 
        D619  5 0.1893 0.1545 0.0771 0.2999 0.1790 0.0696 0.0306 
        D620  5 0.0317 0.0311 0.7763 0.0262 0.0542 0.0285 0.0521 
        D628  5 0.1376 0.1863 0.0923 0.1659 0.0869 0.2881 0.0429 
        D714  5 0.1995 0.0992 0.0607 0.0263 0.0229 0.1297 0.4616 
        D715  5 0.4387 0.0519 0.0514 0.0225 0.0807 0.0259 0.3290 
        D716  5 0.1115 0.1919 0.1136 0.0195 0.0805 0.4112 0.0718 
        D717  5 0.1502 0.1099 0.0512 0.0953 0.3358 0.0589 0.1987 
        D718  5 0.1258 0.1821 0.0425 0.0366 0.0185 0.5395 0.0551 
        D769  5 0.0342 0.2472 0.1453 0.3246 0.0375 0.1719 0.0394 
        D770  5 0.1744 0.1285 0.2514 0.0332 0.0473 0.2328 0.1323 
        D771  5 0.1067 0.2029 0.2230 0.0820 0.0572 0.1797 0.1486 
        D772  5 0.2451 0.0610 0.0343 0.0493 0.0584 0.2656 0.2864 
        D782  5 0.0317 0.4755 0.0882 0.1621 0.0323 0.0255 0.1847 
        D783  5 0.1080 0.1787 0.3872 0.0228 0.0314 0.1148 0.1571 
        D784  5 0.0621 0.1051 0.0335 0.0418 0.4034 0.0615 0.2926 
        D785  5 0.5774 0.0588 0.0231 0.0830 0.0490 0.0838 0.1249 
        D786  5 0.0283 0.1037 0.1317 0.3777 0.1931 0.1389 0.0266 
        D821  5 0.7833 0.0218 0.0148 0.0145 0.0163 0.0261 0.1233 
        D822  5 0.1603 0.2061 0.1124 0.0409 0.2950 0.0869 0.0984 
        D826  5 0.2334 0.1280 0.1177 0.0379 0.0470 0.0783 0.3577 
        D827  5 0.0595 0.2696 0.1357 0.0370 0.2646 0.1765 0.0571 
        D851  5 0.1218 0.3709 0.0599 0.0729 0.1437 0.0818 0.1490 
        D852  5 0.1318 0.1000 0.1162 0.0859 0.0331 0.1420 0.3910 
        D853  5 0.2340 0.1108 0.0392 0.0485 0.0688 0.1888 0.3101 
        D854  5 0.0284 0.2123 0.0983 0.0492 0.1290 0.3355 0.1474 
        D861  5 0.1631 0.3216 0.1195 0.0758 0.0688 0.0934 0.1579 
        D862  5 0.4462 0.0990 0.0334 0.0458 0.2152 0.0944 0.0660 
        D865  5 0.6537 0.0509 0.0655 0.0434 0.0281 0.0497 0.1088 
        D868  5 0.0629 0.0384 0.0257 0.0287 0.7278 0.0521 0.0644 
        D869  5 0.0412 0.0676 0.0582 0.7270 0.0389 0.0278 0.0393 
        D870  5 0.0149 0.7119 0.0676 0.0331 0.0502 0.0400 0.0824 
        D907  5 0.6815 0.1080 0.0388 0.0461 0.0376 0.0511 0.0370 
        D908  5 0.1319 0.0523 0.1695 0.0456 0.0220 0.0694 0.5093 
        D910  5 0.2858 0.1063 0.1175 0.0219 0.0644 0.0920 0.3122 
        D911  5 0.0328 0.2501 0.1171 0.0181 0.0707 0.1061 0.4051 
        D934  5 0.0399 0.1063 0.1370 0.0269 0.0441 0.1401 0.5056 
        D946  5 0.0688 0.1123 0.0858 0.0457 0.0204 0.5415 0.1255 
        D947  5 0.0491 0.1366 0.0387 0.0543 0.1559 0.2745 0.2909 
        D948  5 0.1218 0.0384 0.0190 0.7077 0.0467 0.0170 0.0493 
        D949  5 0.0470 0.0406 0.0202 0.7826 0.0380 0.0301 0.0415 
        D950  5 0.0404 0.2064 0.1704 0.0156 0.0682 0.0587 0.4403 
        D951  5 0.0530 0.3112 0.0852 0.0372 0.4001 0.0937 0.0197 
        D952  5 0.0631 0.0686 0.0376 0.0297 0.6793 0.0617 0.0600 
        D953  5 0.4733 0.0611 0.0362 0.0588 0.1293 0.0612 0.1801 
        D954  5 0.2243 0.1595 0.0337 0.0310 0.4530 0.0292 0.0693 
        D961  5 0.2453 0.1216 0.0451 0.0344 0.0236 0.4775 0.0525 
        D962  5 0.6112 0.0502 0.0171 0.0308 0.0541 0.2023 0.0343 
        D963  5 0.2385 0.1033 0.0574 0.0266 0.2834 0.1222 0.1686 
        D964  5 0.0532 0.1717 0.0810 0.0840 0.0336 0.3899 0.1866 
        D965  5 0.0951 0.1375 0.1278 0.0307 0.0489 0.5245 0.0355 
        D966  5 0.2063 0.1286 0.1347 0.0390 0.1760 0.0644 0.2511 
        D967  5 0.1429 0.0928 0.1586 0.0972 0.0422 0.0404 0.4259 
        D991  5 0.1699 0.1056 0.0454 0.2118 0.1183 0.3006 0.0484 
        D502  6 0.0169 0.3397 0.2014 0.0372 0.0227 0.3406 0.0415 
        D503  6 0.0474 0.1880 0.1110 0.2247 0.0270 0.0715 0.3305 
        D504  6 0.1177 0.1450 0.0633 0.0812 0.3558 0.0932 0.1439 
        D505  6 0.2885 0.1684 0.1579 0.0940 0.0839 0.0733 0.1340 
        D506  6 0.8837 0.0272 0.0135 0.0190 0.0235 0.0170 0.0162 
        D507  6 0.0491 0.2234 0.1858 0.1330 0.0727 0.1463 0.1897 
        D508  6 0.0340 0.1724 0.0471 0.0329 0.1654 0.3798 0.1684 
        D529  6 0.1212 0.2560 0.0614 0.1410 0.1122 0.1348 0.1734 
        D530  6 0.2431 0.0948 0.1164 0.0627 0.0222 0.4297 0.0311 
        D531  6 0.1130 0.1810 0.0645 0.0550 0.2113 0.2236 0.1516 
        D532  6 0.3084 0.1830 0.1197 0.0338 0.1394 0.1684 0.0473 
        D534  6 0.0278 0.0817 0.0542 0.6901 0.0593 0.0445 0.0424 
        D535  6 0.3494 0.1887 0.0506 0.1246 0.1342 0.0867 0.0659 
        D536  6 0.0222 0.0893 0.7163 0.0488 0.0256 0.0507 0.0471 
        D554  6 0.3474 0.1170 0.0545 0.0586 0.0419 0.3487 0.0318 
        D587  6 0.6727 0.0714 0.0493 0.0313 0.0592 0.0322 0.0840 
        D588  6 0.3504 0.2440 0.0682 0.0522 0.2047 0.0370 0.0436 
        D589  6 0.1077 0.3213 0.1807 0.0586 0.0404 0.0857 0.2057 
        D590  6 0.0377 0.0626 0.7819 0.0368 0.0234 0.0313 0.0262 
        D591  6 0.0750 0.1998 0.0267 0.0552 0.0409 0.0348 0.5676 
        D592  6 0.0378 0.0697 0.0352 0.7381 0.0514 0.0205 0.0473 
        D593  6 0.2577 0.0544 0.0532 0.0254 0.0164 0.5565 0.0365 
        D682  6 0.8202 0.0347 0.0193 0.0261 0.0252 0.0243 0.0502 
        D683  6 0.1610 0.1155 0.0164 0.0394 0.5564 0.0361 0.0753 
        D684  6 0.0189 0.3865 0.0594 0.2152 0.0371 0.0637 0.2192 
        D685  6 0.0401 0.5506 0.0555 0.0431 0.0142 0.1145 0.1819 
        D686  6 0.5824 0.0808 0.0460 0.0237 0.0292 0.2205 0.0175 
        D724  6 0.0260 0.1666 0.0797 0.0854 0.1596 0.4136 0.0691 
        D725  6 0.1527 0.1305 0.1847 0.0399 0.0396 0.2623 0.1902 
        D726  6 0.8458 0.0326 0.0168 0.0199 0.0288 0.0227 0.0334 
        D727  6 0.0574 0.1277 0.6067 0.0391 0.0953 0.0428 0.0311 
        D728  6 0.5880 0.1070 0.0410 0.0541 0.0458 0.0959 0.0682 
        D729  6 0.0284 0.1295 0.4341 0.2350 0.1355 0.0213 0.0162 
        D730  6 0.0286 0.1991 0.1678 0.1150 0.1310 0.2496 0.1089 
        D731  6 0.6677 0.0255 0.1295 0.0140 0.0147 0.0275 0.1210 
        D732  6 0.0562 0.1400 0.0756 0.0629 0.3966 0.2106 0.0581 
        D733  6 0.0667 0.1225 0.0768 0.1435 0.0674 0.4551 0.0681 
     D237251  7 0.0408 0.1089 0.0677 0.0283 0.0317 0.3274 0.3953 
     D237252  7 0.0248 0.1909 0.1450 0.2307 0.0393 0.2418 0.1274 
     D237253  7 0.0882 0.1648 0.1179 0.0362 0.0429 0.1855 0.3645 
     D237254  7 0.0190 0.2182 0.0341 0.6361 0.0192 0.0249 0.0485 
     D237255  7 0.0387 0.0761 0.2711 0.0180 0.0384 0.0772 0.4806 
     D237256  7 0.0491 0.3055 0.1983 0.0203 0.0590 0.2583 0.1094 
     D237257  7 0.0341 0.3854 0.0857 0.0987 0.0410 0.2987 0.0564 
