        D174  1 0.1327 0.3636 0.5037 
        D199  1 0.4646 0.1153 0.4201 
        D203  1 0.4511 0.3784 0.1706 
        D204  1 0.8223 0.1260 0.0517 
     D237366  1 0.2838 0.5768 0.1394 
     D237367  1 0.5332 0.3761 0.0907 
     D237368  1 0.2361 0.6715 0.0924 
     D244101  1 0.8822 0.0466 0.0712 
     D244102  1 0.1948 0.4520 0.3532 
     D244103  1 0.4616 0.4421 0.0963 
     D244104  1 0.4783 0.1920 0.3297 
     D244105  1 0.1653 0.7808 0.0539 
     D244106  1 0.1136 0.1169 0.7695 
     D244107  1 0.3838 0.5775 0.0387 
     D244108  1 0.1276 0.4136 0.4588 
     D244113  1 0.0646 0.1204 0.8150 
     D244114  1 0.4769 0.2493 0.2738 
     D244115  1 0.1578 0.3611 0.4812 
     D267365  1 0.1896 0.1387 0.6717 
        D404  1 0.1203 0.1366 0.7431 
        D405  1 0.2346 0.2581 0.5073 
        D406  1 0.0477 0.9141 0.0382 
        D407  1 0.7268 0.2359 0.0373 
        D408  1 0.0623 0.0699 0.8678 
        D409  1 0.3823 0.4895 0.1282 
        D410  1 0.0582 0.8964 0.0453 
        D421  1 0.8043 0.0997 0.0961 
        D422  1 0.0821 0.8889 0.0290 
        D423  1 0.1348 0.8415 0.0237 
        D424  1 0.6164 0.3266 0.0569 
        D425  1 0.3842 0.1623 0.4535 
        D426  1 0.4634 0.4106 0.1260 
        D427  1 0.7239 0.0822 0.1939 
        D428  1 0.4018 0.3680 0.2303 
        D429  1 0.2825 0.2175 0.5000 
        D430  1 0.3189 0.1998 0.4813 
        D491  1 0.0837 0.0627 0.8536 
        D492  1 0.4554 0.3512 0.1934 
        D537  1 0.6949 0.2416 0.0635 
        D538  1 0.2265 0.5271 0.2464 
        D539  1 0.0857 0.2169 0.6973 
        D540  1 0.4088 0.3424 0.2489 
        D541  1 0.7172 0.2202 0.0626 
        D551  1 0.6268 0.2045 0.1687 
        D552  1 0.2055 0.5191 0.2754 
        D553  1 0.7552 0.1496 0.0952 
        D615  1 0.2715 0.4640 0.2645 
        D616  1 0.3433 0.4746 0.1822 
        D621  1 0.0815 0.7609 0.1576 
        D622  1 0.0845 0.8443 0.0713 
        D623  1 0.2682 0.1021 0.6297 
        D624  1 0.0942 0.1180 0.7878 
        D625  1 0.4218 0.4342 0.1440 
        D626  1 0.1236 0.3273 0.5490 
        D627  1 0.5559 0.3208 0.1233 
        D690  1 0.3607 0.4326 0.2067 
        D691  1 0.1049 0.8470 0.0480 
        D710  1 0.4801 0.2088 0.3112 
        D711  1 0.4608 0.3839 0.1553 
        D712  1 0.0656 0.1346 0.7999 
        D713  1 0.2924 0.3330 0.3746 
        D746  1 0.0850 0.8754 0.0396 
        D747  1 0.7990 0.1341 0.0670 
        D748  1 0.2525 0.6661 0.0814 
        D749  1 0.1378 0.7136 0.1486 
        D750  1 0.1606 0.2217 0.6177 
        D763  1 0.6389 0.1833 0.1778 
        D764  1 0.2440 0.4753 0.2806 
        D765  1 0.0502 0.7998 0.1500 
        D766  1 0.2299 0.6977 0.0725 
        D767  1 0.3626 0.4941 0.1432 
        D768  1 0.8253 0.1346 0.0400 
        D811  1 0.0848 0.1771 0.7381 
        D816  1 0.4964 0.2165 0.2871 
        D825  1 0.1056 0.4357 0.4587 
        D866  1 0.1108 0.1011 0.7881 
        D867  1 0.0663 0.8807 0.0530 
        D871  1 0.4590 0.4218 0.1192 
        D872  1 0.3288 0.5560 0.1152 
        D873  1 0.0248 0.9485 0.0267 
        D874  1 0.4704 0.0670 0.4627 
        D875  1 0.3105 0.6411 0.0484 
        D876  1 0.3313 0.3862 0.2825 
        D877  1 0.2011 0.0761 0.7228 
        D892  1 0.2244 0.5274 0.2482 
        D893  1 0.5674 0.3307 0.1019 
        D894  1 0.3791 0.3226 0.2982 
        D915  1 0.3790 0.4990 0.1220 
        D916  1 0.5669 0.3350 0.0981 
        D917  1 0.4023 0.1012 0.4964 
        D925  1 0.0597 0.8457 0.0946 
        D926  1 0.4634 0.2651 0.2715 
        D927  1 0.5754 0.1207 0.3039 
        D928  1 0.1198 0.0786 0.8017 
        D929  1 0.2033 0.4390 0.3577 
        D936  1 0.6007 0.1306 0.2686 
        D938  1 0.0434 0.9199 0.0367 
        D956  1 0.0509 0.1147 0.8345 
        D957  1 0.1922 0.7066 0.1011 
        D958  1 0.2264 0.6349 0.1387 
        D959  1 0.7452 0.2157 0.0391 
        D960  1 0.0460 0.9018 0.0522 
        D989  1 0.1305 0.0600 0.8096 
        D990  1 0.0417 0.8565 0.1017 
        D023  2 0.2271 0.7342 0.0388 
        D130  2 0.0659 0.9037 0.0304 
        D131  2 0.6901 0.2043 0.1056 
        D163  2 0.0948 0.8420 0.0632 
        D164  2 0.3206 0.6505 0.0290 
        D165  2 0.1480 0.8156 0.0364 
        D166  2 0.2124 0.4913 0.2963 
        D167  2 0.5500 0.1243 0.3258 
        D192  2 0.6530 0.1172 0.2298 
        D193  2 0.1141 0.1606 0.7253 
        D206  2 0.6544 0.2483 0.0973 
        D207  2 0.6747 0.1241 0.2012 
        D208  2 0.0912 0.1192 0.7896 
        D209  2 0.6285 0.2467 0.1248 
        D210  2 0.2137 0.1055 0.6808 
     D229599  2 0.2973 0.2571 0.4456 
     D229600  2 0.2629 0.6656 0.0715 
     D237227  2 0.0838 0.1786 0.7376 
     D237228  2 0.1114 0.4409 0.4477 
     D237258  2 0.2556 0.3365 0.4079 
     D237310  2 0.0712 0.7702 0.1587 
     D237311  2 0.1159 0.7684 0.1157 
     D237312  2 0.1131 0.6391 0.2478 
     D237313  2 0.2876 0.3451 0.3673 
     D237322  2 0.1612 0.1643 0.6745 
     D237323  2 0.0390 0.7302 0.2308 
     D237324  2 0.4043 0.5364 0.0593 
     D237325  2 0.1470 0.6714 0.1816 
     D237326  2 0.1963 0.7044 0.0993 
     D237327  2 0.4912 0.1885 0.3203 
     D237337  2 0.0563 0.8556 0.0881 
     D237338  2 0.1832 0.4890 0.3279 
     D237339  2 0.8750 0.0613 0.0637 
     D237340  2 0.1359 0.4276 0.4365 
     D237389  2 0.0950 0.8365 0.0685 
     D237390  2 0.1272 0.5638 0.3090 
     D244017  2 0.1141 0.1127 0.7733 
     D244112  2 0.3828 0.4176 0.1995 
     D244118  2 0.2204 0.6717 0.1079 
     D244119  2 0.1312 0.0789 0.7898 
     D244120  2 0.0975 0.1754 0.7272 
     D244122  2 0.3768 0.2804 0.3428 
        D291  2 0.2691 0.2265 0.5044 
        D292  2 0.2608 0.1337 0.6055 
        D293  2 0.9549 0.0197 0.0254 
        D322  2 0.8800 0.0826 0.0374 
        D323  2 0.5573 0.1812 0.2615 
        D324  2 0.4108 0.2737 0.3155 
        D325  2 0.9475 0.0309 0.0217 
        D326  2 0.8517 0.0589 0.0894 
        D340  2 0.9260 0.0396 0.0344 
        D341  2 0.8195 0.0994 0.0811 
        D342  2 0.3988 0.4646 0.1366 
        D343  2 0.9605 0.0206 0.0188 
        D344  2 0.6983 0.1754 0.1263 
        D345  2 0.3873 0.4218 0.1909 
        D346  2 0.1723 0.0945 0.7332 
        D351  2 0.6790 0.2100 0.1110 
        D352  2 0.5302 0.2098 0.2600 
        D353  2 0.8763 0.0642 0.0595 
        D354  2 0.3844 0.2774 0.3381 
        D362  2 0.4753 0.3175 0.2072 
        D363  2 0.4682 0.1886 0.3432 
        D364  2 0.5213 0.2477 0.2310 
        D365  2 0.9475 0.0213 0.0312 
        D369  2 0.4129 0.1988 0.3883 
        D374  2 0.0584 0.0801 0.8615 
        D375  2 0.5036 0.2868 0.2095 
        D376  2 0.0541 0.1087 0.8371 
        D377  2 0.1887 0.3686 0.4427 
        D378  2 0.8323 0.1150 0.0527 
        D379  2 0.7935 0.0886 0.1179 
        D384  2 0.8244 0.0813 0.0943 
        D385  2 0.8736 0.0416 0.0847 
        D386  2 0.7748 0.1752 0.0500 
        D391  2 0.9183 0.0374 0.0444 
        D392  2 0.7355 0.1592 0.1053 
        D393  2 0.7575 0.1577 0.0848 
        D394  2 0.2631 0.5883 0.1486 
        D395  2 0.8166 0.0921 0.0913 
        D401  2 0.0607 0.8536 0.0857 
        D402  2 0.8840 0.0545 0.0615 
        D403  2 0.5409 0.3843 0.0749 
        D415  2 0.7337 0.2360 0.0303 
        D435  2 0.7985 0.1578 0.0438 
        D436  2 0.6043 0.2112 0.1845 
        D438  2 0.9011 0.0417 0.0572 
        D439  2 0.7489 0.1719 0.0792 
        D449  2 0.8609 0.0952 0.0439 
        D450  2 0.1909 0.2470 0.5620 
        D456  2 0.8615 0.0965 0.0419 
        D462  2 0.9434 0.0307 0.0259 
        D463  2 0.8744 0.0665 0.0590 
        D464  2 0.7960 0.0750 0.1290 
        D465  2 0.8341 0.1144 0.0515 
        D473  2 0.0948 0.2184 0.6868 
        D474  2 0.4785 0.1979 0.3236 
        D476  2 0.3248 0.6368 0.0383 
        D477  2 0.4193 0.1633 0.4174 
        D478  2 0.2465 0.3424 0.4111 
        D480  2 0.7284 0.0674 0.2042 
        D481  2 0.3852 0.2846 0.3302 
        D482  2 0.1160 0.1819 0.7021 
        D483  2 0.6141 0.1100 0.2758 
        D484  2 0.4332 0.1707 0.3961 
        D510  2 0.0416 0.0451 0.9133 
        D511  2 0.8063 0.1285 0.0652 
        D512  2 0.2610 0.6770 0.0620 
        D513  2 0.7667 0.1084 0.1250 
        D635  2 0.5478 0.3777 0.0745 
        D636  2 0.0436 0.9169 0.0394 
        D637  2 0.4844 0.1744 0.3412 
        D658  2 0.4108 0.1786 0.4106 
        D659  2 0.7315 0.1441 0.1245 
        D677  2 0.4582 0.4156 0.1262 
        D678  2 0.4682 0.2764 0.2553 
        D679  2 0.7059 0.1023 0.1918 
        D719  2 0.3642 0.0535 0.5823 
        D720  2 0.6511 0.1649 0.1840 
        D721  2 0.3807 0.5508 0.0685 
        D722  2 0.0857 0.1163 0.7980 
        D734  2 0.2790 0.0348 0.6862 
        D735  2 0.5212 0.2999 0.1788 
        D736  2 0.1764 0.1223 0.7013 
        D737  2 0.2569 0.2998 0.4433 
        D807  2 0.2072 0.1582 0.6346 
        D808  2 0.2924 0.5699 0.1378 
        D817  2 0.4148 0.1928 0.3924 
        D818  2 0.7397 0.1659 0.0944 
        D819  2 0.3518 0.3933 0.2550 
        D820  2 0.8994 0.0531 0.0475 
        D895  2 0.5941 0.3020 0.1039 
        D896  2 0.0419 0.8919 0.0662 
        D897  2 0.6138 0.2265 0.1596 
        D898  2 0.1388 0.2644 0.5968 
        D918  2 0.3135 0.4993 0.1872 
        D919  2 0.7718 0.1258 0.1024 
        D920  2 0.0398 0.9138 0.0464 
        D923  2 0.7514 0.1585 0.0901 
        D930  2 0.4830 0.2207 0.2963 
        D931  2 0.5758 0.1354 0.2888 
        D968  2 0.9193 0.0343 0.0464 
        D969  2 0.5992 0.1012 0.2996 
        D977  2 0.8386 0.1023 0.0591 
        D978  2 0.3776 0.1523 0.4701 
        D211  3 0.1926 0.7128 0.0946 
     D229639  3 0.0966 0.0646 0.8388 
     D237212  3 0.4905 0.2685 0.2411 
     D237213  3 0.3295 0.5723 0.0982 
     D237214  3 0.1812 0.7528 0.0660 
     D237215  3 0.0938 0.0588 0.8475 
     D237216  3 0.4837 0.3965 0.1199 
     D237217  3 0.3195 0.6315 0.0490 
     D237218  3 0.5959 0.2080 0.1961 
     D237219  3 0.0645 0.4637 0.4718 
     D237382  3 0.3007 0.4755 0.2239 
     D244127  3 0.1586 0.7406 0.1008 
     D244129  3 0.3981 0.4208 0.1811 
     D244133  3 0.2351 0.2491 0.5158 
     D244134  3 0.0855 0.1238 0.7908 
     D244135  3 0.2340 0.7154 0.0506 
     D244136  3 0.3112 0.1638 0.5250 
        D416  3 0.5090 0.3048 0.1862 
        D417  3 0.6112 0.3195 0.0693 
        D419  3 0.2663 0.3957 0.3380 
        D565  3 0.0757 0.0632 0.8611 
        D566  3 0.0845 0.0581 0.8574 
        D567  3 0.5153 0.3963 0.0884 
        D568  3 0.4927 0.4479 0.0594 
        D569  3 0.6609 0.2156 0.1235 
        D573  3 0.7665 0.0978 0.1356 
        D574  3 0.0810 0.1200 0.7989 
        D575  3 0.2752 0.3148 0.4100 
        D576  3 0.1809 0.1000 0.7191 
        D577  3 0.5311 0.3065 0.1623 
        D578  3 0.0707 0.8925 0.0369 
        D579  3 0.3703 0.1753 0.4544 
        D660  3 0.3983 0.3933 0.2084 
        D661  3 0.4316 0.2262 0.3422 
        D663  3 0.4939 0.0728 0.4333 
        D664  3 0.0929 0.5394 0.3677 
        D665  3 0.2236 0.6842 0.0922 
        D666  3 0.1494 0.4102 0.4404 
        D009  4 0.3010 0.6158 0.0832 
        D057  4 0.4070 0.4049 0.1881 
        D109  4 0.0811 0.7963 0.1225 
     D237222  4 0.0888 0.7866 0.1246 
     D237223  4 0.2786 0.5609 0.1605 
     D237224  4 0.5290 0.1309 0.3401 
     D237225  4 0.4266 0.4718 0.1016 
     D237299  4 0.2320 0.6016 0.1664 
     D237300  4 0.0505 0.0631 0.8864 
     D237306  4 0.2271 0.2580 0.5149 
     D237307  4 0.3285 0.1841 0.4875 
     D237308  4 0.5260 0.2397 0.2343 
     D237309  4 0.3625 0.5005 0.1370 
     D237317  4 0.2158 0.1437 0.6405 
     D237318  4 0.1450 0.0526 0.8023 
     D237319  4 0.2422 0.5388 0.2190 
     D237320  4 0.3693 0.4959 0.1348 
     D237321  4 0.0976 0.1343 0.7681 
     D237397  4 0.2863 0.3481 0.3657 
     D237398  4 0.5463 0.1505 0.3032 
     D237399  4 0.1998 0.2106 0.5896 
     D244001  4 0.1650 0.7746 0.0604 
        D289  4 0.5034 0.1211 0.3755 
        D290  4 0.3035 0.3455 0.3510 
        D294  4 0.5602 0.2204 0.2193 
        D295  4 0.3593 0.4038 0.2369 
        D301  4 0.0463 0.8154 0.1383 
        D302  4 0.7292 0.1726 0.0982 
        D303  4 0.1200 0.1889 0.6911 
        D304  4 0.1942 0.1432 0.6626 
        D305  4 0.6471 0.3036 0.0494 
        D306  4 0.2418 0.2805 0.4777 
        D307  4 0.0402 0.8614 0.0985 
        D327  4 0.6487 0.1447 0.2066 
        D328  4 0.1395 0.1848 0.6757 
        D329  4 0.4089 0.3729 0.2182 
        D330  4 0.4877 0.4727 0.0396 
        D331  4 0.1720 0.2809 0.5471 
        D333  4 0.2649 0.3879 0.3472 
        D334  4 0.1565 0.2437 0.5998 
        D335  4 0.7746 0.1143 0.1111 
        D370  4 0.1192 0.3280 0.5528 
        D371  4 0.2037 0.0759 0.7204 
        D372  4 0.0925 0.0696 0.8379 
        D373  4 0.1103 0.8040 0.0857 
        D455  4 0.0722 0.8622 0.0655 
        D490  4 0.0442 0.9187 0.0371 
        D497  4 0.0640 0.8741 0.0620 
        D498  4 0.1176 0.3168 0.5656 
        D499  4 0.2883 0.1171 0.5946 
        D514  4 0.5578 0.2824 0.1598 
        D515  4 0.2474 0.6882 0.0644 
        D516  4 0.2923 0.5031 0.2046 
        D517  4 0.1089 0.8195 0.0716 
        D518  4 0.3677 0.4349 0.1974 
        D519  4 0.2644 0.6596 0.0761 
        D560  4 0.3742 0.5462 0.0795 
        D561  4 0.4965 0.4716 0.0319 
        D562  4 0.3652 0.3426 0.2922 
        D563  4 0.7658 0.1593 0.0749 
        D572  4 0.6498 0.2328 0.1174 
        D629  4 0.4355 0.4055 0.1590 
        D630  4 0.3472 0.3530 0.2999 
        D631  4 0.5243 0.1700 0.3056 
        D632  4 0.2404 0.6868 0.0728 
        D646  4 0.5764 0.3707 0.0529 
        D647  4 0.5308 0.4152 0.0539 
        D648  4 0.1894 0.1870 0.6236 
        D649  4 0.3713 0.5534 0.0753 
        D650  4 0.3232 0.3134 0.3634 
        D708  4 0.1456 0.1665 0.6879 
        D709  4 0.1963 0.3485 0.4552 
        D738  4 0.1930 0.4075 0.3995 
        D739  4 0.2319 0.5719 0.1963 
        D740  4 0.2171 0.3413 0.4416 
        D741  4 0.7281 0.2371 0.0348 
        D742  4 0.4602 0.1158 0.4240 
        D743  4 0.7755 0.0852 0.1393 
        D744  4 0.8098 0.1104 0.0798 
        D745  4 0.1665 0.7672 0.0664 
        D814  4 0.6898 0.1977 0.1125 
        D815  4 0.4741 0.2580 0.2678 
        D828  4 0.0550 0.1480 0.7970 
        D845  4 0.1709 0.0426 0.7865 
        D846  4 0.7297 0.2036 0.0667 
        D847  4 0.2938 0.3775 0.3287 
        D848  4 0.1312 0.7534 0.1154 
        D849  4 0.1764 0.7725 0.0511 
        D850  4 0.5122 0.2855 0.2024 
        D856  4 0.2214 0.6215 0.1571 
        D857  4 0.0393 0.8851 0.0756 
        D859  4 0.4942 0.1466 0.3592 
        D860  4 0.2633 0.0738 0.6630 
        D883  4 0.2348 0.4540 0.3112 
        D884  4 0.2111 0.5790 0.2099 
        D885  4 0.7492 0.1586 0.0922 
        D886  4 0.2276 0.6913 0.0811 
        D887  4 0.3163 0.2308 0.4528 
        D889  4 0.1241 0.0924 0.7835 
        D890  4 0.1436 0.3158 0.5406 
        D891  4 0.1015 0.0341 0.8644 
        D899  4 0.2718 0.0791 0.6491 
        D900  4 0.4533 0.2580 0.2888 
        D970  4 0.5204 0.1969 0.2827 
        D971  4 0.8203 0.1046 0.0751 
        D979  4 0.7931 0.0829 0.1240 
        D093  5 0.0946 0.1015 0.8040 
        D154  5 0.5334 0.1438 0.3228 
        D168  5 0.4702 0.3771 0.1527 
        D189  5 0.1249 0.0895 0.7856 
        D190  5 0.0918 0.0752 0.8330 
     D237220  5 0.1934 0.5290 0.2776 
     D237221  5 0.2170 0.1251 0.6578 
     D237274  5 0.8213 0.1194 0.0593 
     D237275  5 0.4602 0.1776 0.3622 
     D237276  5 0.1960 0.4749 0.3291 
     D237277  5 0.0857 0.0451 0.8693 
     D237278  5 0.3444 0.2386 0.4170 
     D237279  5 0.2980 0.6474 0.0546 
     D237280  5 0.1531 0.6747 0.1722 
     D237281  5 0.6773 0.1004 0.2224 
     D237351  5 0.0758 0.7751 0.1491 
     D237352  5 0.3696 0.5150 0.1154 
     D237353  5 0.0390 0.0400 0.9210 
     D237359  5 0.2723 0.3945 0.3332 
     D237361  5 0.0413 0.0626 0.8961 
     D237362  5 0.3859 0.1820 0.4322 
     D237363  5 0.5561 0.2301 0.2138 
     D237364  5 0.5617 0.3401 0.0982 
     D237376  5 0.0688 0.0956 0.8356 
     D237377  5 0.4447 0.4028 0.1525 
     D237378  5 0.0730 0.0645 0.8625 
     D237379  5 0.1630 0.1247 0.7123 
     D237380  5 0.0477 0.8338 0.1185 
     D237381  5 0.1770 0.6637 0.1593 
     D237391  5 0.0946 0.0910 0.8144 
     D237392  5 0.6985 0.2029 0.0986 
     D237393  5 0.3281 0.2685 0.4034 
     D237394  5 0.0699 0.0876 0.8425 
     D237395  5 0.1137 0.2641 0.6222 
     D237396  5 0.6585 0.1896 0.1519 
     D244016  5 0.2823 0.1022 0.6155 
     D244018  5 0.5084 0.1628 0.3289 
     D244019  5 0.6126 0.1000 0.2874 
        D279  5 0.4444 0.1943 0.3613 
        D280  5 0.1383 0.1650 0.6967 
        D281  5 0.3679 0.0791 0.5530 
        D283  5 0.2443 0.0791 0.6766 
        D284  5 0.2029 0.6611 0.1360 
        D285  5 0.1254 0.0912 0.7834 
        D286  5 0.2274 0.2515 0.5211 
        D287  5 0.0539 0.1943 0.7518 
        D288  5 0.2118 0.0932 0.6951 
        D308  5 0.0833 0.8653 0.0515 
        D309  5 0.8255 0.1335 0.0409 
        D310  5 0.0519 0.0444 0.9036 
        D311  5 0.3703 0.1409 0.4888 
        D312  5 0.1993 0.2214 0.5794 
        D313  5 0.0239 0.9426 0.0335 
        D314  5 0.2897 0.3323 0.3781 
        D315  5 0.1728 0.2493 0.5778 
        D317  5 0.0753 0.0660 0.8587 
        D318  5 0.5047 0.2364 0.2589 
        D319  5 0.0692 0.0907 0.8401 
        D320  5 0.0600 0.0951 0.8449 
        D321  5 0.0807 0.7040 0.2153 
        D336  5 0.0958 0.0734 0.8308 
        D337  5 0.0527 0.0283 0.9189 
        D338  5 0.3812 0.3168 0.3020 
        D339  5 0.0861 0.1101 0.8038 
        D347  5 0.3808 0.1211 0.4981 
        D348  5 0.1106 0.0586 0.8308 
        D349  5 0.0512 0.8317 0.1171 
        D350  5 0.8017 0.1040 0.0943 
        D355  5 0.7884 0.0670 0.1446 
        D356  5 0.1336 0.2704 0.5960 
        D357  5 0.1400 0.2251 0.6349 
        D358  5 0.2241 0.1991 0.5768 
        D359  5 0.3268 0.0881 0.5851 
        D360  5 0.0833 0.2153 0.7014 
        D361  5 0.0448 0.9058 0.0495 
        D366  5 0.9013 0.0558 0.0429 
        D367  5 0.0786 0.1377 0.7837 
        D368  5 0.1452 0.3926 0.4622 
        D380  5 0.7026 0.2048 0.0926 
        D381  5 0.1939 0.1036 0.7025 
        D400  5 0.2260 0.1261 0.6478 
        D411  5 0.0543 0.8958 0.0499 
        D412  5 0.2719 0.3343 0.3938 
        D413  5 0.8432 0.1045 0.0523 
        D414  5 0.6709 0.1492 0.1799 
        D420  5 0.1175 0.3673 0.5152 
        D431  5 0.0556 0.1843 0.7601 
        D432  5 0.1198 0.2168 0.6634 
        D433  5 0.0856 0.0744 0.8400 
        D434  5 0.1791 0.1716 0.6493 
        D440  5 0.8047 0.1477 0.0476 
        D447  5 0.8182 0.1327 0.0492 
        D448  5 0.0982 0.0560 0.8457 
        D459  5 0.7739 0.0372 0.1889 
        D460  5 0.1016 0.7812 0.1172 
        D461  5 0.8187 0.0989 0.0824 
        D468  5 0.3670 0.2459 0.3871 
        D469  5 0.3532 0.3677 0.2790 
        D470  5 0.2134 0.5448 0.2418 
        D471  5 0.1051 0.0476 0.8473 
        D472  5 0.8713 0.0540 0.0747 
        D479  5 0.8274 0.0878 0.0848 
        D485  5 0.1942 0.3029 0.5028 
        D486  5 0.3171 0.4281 0.2549 
        D487  5 0.0976 0.1111 0.7914 
        D555  5 0.0875 0.0651 0.8474 
        D556  5 0.0992 0.1204 0.7804 
        D557  5 0.0707 0.0441 0.8852 
        D564  5 0.1272 0.2438 0.6289 
        D594  5 0.5993 0.1546 0.2461 
        D595  5 0.2474 0.1692 0.5834 
        D596  5 0.0402 0.0472 0.9126 
        D597  5 0.4847 0.0782 0.4372 
        D598  5 0.1966 0.3350 0.4685 
        D617  5 0.1420 0.7954 0.0626 
        D618  5 0.1502 0.1232 0.7266 
        D619  5 0.2681 0.3992 0.3327 
        D620  5 0.8722 0.0592 0.0685 
        D628  5 0.2878 0.4645 0.2477 
        D714  5 0.0816 0.0554 0.8630 
        D715  5 0.1481 0.0550 0.7969 
        D716  5 0.3585 0.1061 0.5354 
        D717  5 0.3822 0.3288 0.2890 
        D718  5 0.0978 0.4569 0.4454 
        D769  5 0.1416 0.7879 0.0705 
        D770  5 0.3489 0.1048 0.5463 
        D771  5 0.2663 0.2823 0.4514 
        D772  5 0.1839 0.1440 0.6722 
        D782  5 0.4630 0.4160 0.1210 
        D783  5 0.5596 0.1037 0.3367 
        D784  5 0.6098 0.1709 0.2192 
        D785  5 0.0854 0.1361 0.7785 
        D786  5 0.3002 0.6502 0.0496 
        D821  5 0.0416 0.0374 0.9210 
        D822  5 0.6597 0.1096 0.2307 
        D826  5 0.2045 0.1063 0.6892 
        D827  5 0.8268 0.0938 0.0794 
        D851  5 0.3161 0.2998 0.3841 
        D852  5 0.1408 0.1735 0.6857 
        D853  5 0.1455 0.1529 0.7017 
        D854  5 0.4842 0.2606 0.2552 
        D861  5 0.3157 0.2243 0.4600 
        D862  5 0.3586 0.1373 0.5041 
        D865  5 0.0412 0.0755 0.8833 
        D868  5 0.4684 0.2756 0.2559 
        D869  5 0.1003 0.8437 0.0560 
        D870  5 0.4614 0.4890 0.0496 
        D907  5 0.0720 0.1629 0.7651 
        D908  5 0.0787 0.1116 0.8097 
        D910  5 0.1734 0.0669 0.7597 
        D911  5 0.6894 0.0514 0.2591 
        D934  5 0.2674 0.1053 0.6272 
        D946  5 0.1201 0.2263 0.6537 
        D947  5 0.3417 0.2905 0.3679 
        D948  5 0.0567 0.7688 0.1746 
        D949  5 0.0517 0.8359 0.1124 
        D950  5 0.7025 0.0562 0.2413 
        D951  5 0.6928 0.1997 0.1075 
        D952  5 0.5263 0.1352 0.3385 
        D953  5 0.0724 0.0928 0.8348 
        D954  5 0.3050 0.1640 0.5310 
        D961  5 0.1203 0.3004 0.5793 
        D962  5 0.0884 0.0997 0.8119 
        D963  5 0.3969 0.1073 0.4958 
        D964  5 0.1286 0.4083 0.4630 
        D965  5 0.4259 0.2709 0.3032 
        D966  5 0.3121 0.0907 0.5972 
        D967  5 0.1288 0.2043 0.6669 
        D991  5 0.1663 0.5489 0.2848 
        D502  6 0.3963 0.4927 0.1110 
        D503  6 0.1626 0.5554 0.2820 
        D504  6 0.5215 0.2277 0.2508 
        D505  6 0.3311 0.1941 0.4749 
        D506  6 0.0481 0.0816 0.8703 
        D507  6 0.4202 0.3434 0.2364 
        D508  6 0.4077 0.2221 0.3701 
        D529  6 0.2062 0.3729 0.4209 
        D530  6 0.1128 0.3628 0.5244 
        D531  6 0.4022 0.2317 0.3661 
        D532  6 0.4639 0.1328 0.4033 
        D534  6 0.0908 0.8514 0.0577 
        D535  6 0.2715 0.2117 0.5168 
        D536  6 0.6280 0.2970 0.0750 
        D554  6 0.1572 0.3040 0.5388 
        D587  6 0.1641 0.1292 0.7067 
        D588  6 0.4403 0.1569 0.4028 
        D589  6 0.2791 0.2344 0.4864 
        D590  6 0.7507 0.1299 0.1193 
        D591  6 0.1947 0.1963 0.6090 
        D592  6 0.0722 0.8238 0.1040 
        D593  6 0.1227 0.2360 0.6413 
        D682  6 0.0768 0.1170 0.8062 
        D683  6 0.3248 0.2207 0.4546 
        D684  6 0.3660 0.5514 0.0826 
        D685  6 0.1853 0.3493 0.4654 
        D686  6 0.1341 0.1741 0.6918 
        D724  6 0.3764 0.4412 0.1825 
        D725  6 0.2977 0.1771 0.5252 
        D726  6 0.0602 0.0892 0.8506 
        D727  6 0.7413 0.1227 0.1360 
        D728  6 0.1564 0.2017 0.6419 
        D729  6 0.6066 0.3588 0.0346 
        D730  6 0.3082 0.5149 0.1769 
        D731  6 0.0432 0.0380 0.9188 
        D732  6 0.5759 0.2296 0.1945 
        D733  6 0.2468 0.4059 0.3473 
     D237251  7 0.1085 0.1483 0.7432 
     D237252  7 0.1772 0.7001 0.1227 
     D237253  7 0.1747 0.1383 0.6870 
     D237254  7 0.0722 0.8883 0.0395 
     D237255  7 0.1654 0.0939 0.7407 
     D237256  7 0.6332 0.0865 0.2803 
     D237257  7 0.2986 0.5600 0.1414 
     D237282  7 0.6956 0.2532 0.0512 
     D237283  7 0.0557 0.8934 0.0509 
     D237284  7 0.0955 0.8569 0.0476 
     D237285  7 0.2588 0.1971 0.5441 
     D237286  7 0.4101 0.1613 0.4286 
     D237287  7 0.6268 0.1835 0.1897 
     D244006  7 0.0881 0.8770 0.0349 
     D244007  7 0.7966 0.1220 0.0814 
     D244008  7 0.0471 0.8649 0.0880 
     D244009  7 0.1118 0.7294 0.1588 
     D244010  7 0.2144 0.5833 0.2023 
     D244011  7 0.2078 0.2319 0.5603 
     D244012  7 0.4487 0.3583 0.1930 
     D244013  7 0.2862 0.1541 0.5597 
     D244014  7 0.2786 0.4811 0.2402 
     D244015  7 0.4059 0.5348 0.0592 
     D244125  7 0.1873 0.0909 0.7218 
     D244126  7 0.0455 0.9236 0.0309 
     D244130  7 0.2424 0.5198 0.2378 
     D244131  7 0.2937 0.2999 0.4063 
     D244132  7 0.3091 0.1712 0.5197 
        D520  7 0.1327 0.4866 0.3807 
        D521  7 0.3911 0.3929 0.2159 
        D522  7 0.2143 0.6916 0.0941 
        D523  7 0.2163 0.1428 0.6409 
        D524  7 0.1645 0.2272 0.6083 
        D525  7 0.1028 0.6656 0.2316 
        D526  7 0.0906 0.8773 0.0321 
        D527  7 0.3439 0.2914 0.3648 
        D528  7 0.5560 0.4106 0.0334 
        D558  7 0.6542 0.2888 0.0570 
        D559  7 0.7410 0.1920 0.0670 
        D640  7 0.2169 0.1141 0.6690 
        D641  7 0.0807 0.1972 0.7221 
        D642  7 0.1899 0.6727 0.1374 
        D644  7 0.1647 0.3680 0.4673 
        D645  7 0.2903 0.3406 0.3690 
        D662  7 0.1524 0.7208 0.1268 
        D687  7 0.3292 0.2298 0.4410 
        D688  7 0.5933 0.3239 0.0829 
        D689  7 0.1657 0.1687 0.6656 
        D700  7 0.5988 0.3718 0.0294 
        D797  7 0.2409 0.2205 0.5386 
        D798  7 0.1461 0.7769 0.0770 
        D799  7 0.1837 0.3327 0.4836 
        D800  7 0.6098 0.3217 0.0685 
        D132  8 0.0568 0.8939 0.0493 
        D133  8 0.7433 0.1903 0.0664 
        D200  8 0.1971 0.3177 0.4852 
        D500  8 0.0330 0.9236 0.0435 
        D614  8 0.1055 0.3013 0.5931 
        D723  8 0.5404 0.3716 0.0880 
        D888  8 0.1157 0.0679 0.8164 
        D901  8 0.1497 0.6537 0.1967 
        D902  8 0.1351 0.2176 0.6474 
        D903  8 0.6525 0.1207 0.2268 
        D904  8 0.4730 0.3280 0.1989 
        D905  8 0.0325 0.0279 0.9397 
        D906  8 0.6321 0.2164 0.1515 
        D937  8 0.0416 0.0816 0.8768 
        D943  8 0.3476 0.5222 0.1302 
        D972  8 0.3726 0.5480 0.0794 
        D973  8 0.4639 0.4594 0.0767 
        D974  8 0.3041 0.4163 0.2796 
        D975  8 0.2045 0.2967 0.4988 
        D976  8 0.2365 0.3795 0.3840 
        D201  9 0.4094 0.3544 0.2363 
        D202  9 0.1681 0.3756 0.4564 
     D237259  9 0.7060 0.2539 0.0400 
     D237260  9 0.1677 0.4872 0.3451 
     D237262  9 0.0300 0.9136 0.0564 
     D237263  9 0.1842 0.6954 0.1205 
     D237264  9 0.2841 0.4437 0.2723 
     D237265  9 0.0905 0.2075 0.7020 
     D237266  9 0.5017 0.4089 0.0894 
     D237267  9 0.2124 0.3387 0.4489 
     D237268  9 0.1102 0.7137 0.1761 
     D237289  9 0.1779 0.2107 0.6114 
     D237290  9 0.2503 0.2299 0.5198 
     D237291  9 0.3756 0.2012 0.4232 
     D237292  9 0.4241 0.4548 0.1211 
     D237293  9 0.1703 0.4836 0.3461 
     D237294  9 0.0602 0.7402 0.1995 
     D237295  9 0.2183 0.4576 0.3241 
     D237296  9 0.1641 0.3795 0.4564 
     D237297  9 0.1940 0.1357 0.6703 
     D237298  9 0.4007 0.4196 0.1798 
     D237341  9 0.3905 0.2457 0.3638 
     D237342  9 0.1081 0.7597 0.1322 
     D237343  9 0.2528 0.6183 0.1289 
     D237344  9 0.1565 0.2015 0.6420 
     D237345  9 0.0631 0.9058 0.0312 
     D237346  9 0.1693 0.2930 0.5376 
     D237347  9 0.1235 0.0911 0.7854 
     D237348  9 0.2130 0.5180 0.2690 
     D237349  9 0.7580 0.2040 0.0380 
     D244109  9 0.6284 0.3194 0.0522 
     D244110  9 0.5209 0.2838 0.1952 
     D244111  9 0.4637 0.2826 0.2538 
     D244128  9 0.0830 0.8592 0.0578 
     D244137  9 0.6543 0.2595 0.0862 
     D244138  9 0.2296 0.2752 0.4952 
        D580  9 0.1623 0.7775 0.0602 
        D581  9 0.3827 0.3068 0.3104 
        D582  9 0.0323 0.9259 0.0418 
        D583  9 0.3198 0.4668 0.2134 
        D584  9 0.1354 0.4413 0.4233 
        D585  9 0.1187 0.7301 0.1511 
        D586  9 0.0498 0.0584 0.8918 
        D651  9 0.5654 0.2042 0.2304 
        D652  9 0.4689 0.4842 0.0470 
        D653  9 0.6832 0.0887 0.2280 
        D654  9 0.7325 0.2146 0.0528 
        D655  9 0.1432 0.1088 0.7479 
        D656  9 0.1294 0.8179 0.0527 
        D657  9 0.3582 0.4859 0.1558 
        D667  9 0.0635 0.1004 0.8362 
        D668  9 0.1233 0.5267 0.3500 
        D669  9 0.2773 0.2818 0.4409 
        D670  9 0.7660 0.1412 0.0929 
        D671  9 0.5038 0.2447 0.2515 
        D672  9 0.0940 0.8222 0.0838 
        D673  9 0.1346 0.4018 0.4636 
        D692  9 0.3517 0.5958 0.0525 
        D693  9 0.2073 0.4099 0.3829 
        D694  9 0.0755 0.8266 0.0979 
        D695  9 0.1583 0.6418 0.1998 
        D696  9 0.0454 0.0493 0.9052 
        D697  9 0.2258 0.1655 0.6088 
        D698  9 0.3154 0.2112 0.4734 
        D699  9 0.0751 0.2110 0.7139 
        D787  9 0.4279 0.4837 0.0884 
        D788  9 0.1761 0.2675 0.5565 
        D789  9 0.1677 0.4851 0.3471 
        D790  9 0.4126 0.3898 0.1977 
        D791  9 0.1365 0.1393 0.7241 
        D792  9 0.5962 0.3046 0.0993 
        D793  9 0.1852 0.1122 0.7026 
        D794  9 0.4262 0.2111 0.3627 
        D795  9 0.0456 0.7584 0.1959 
        D796  9 0.1526 0.2149 0.6325 
        D142 10 0.3231 0.1378 0.5392 
        D143 10 0.7609 0.1241 0.1149 
        D144 10 0.2169 0.3679 0.4152 
        D145 10 0.2238 0.1220 0.6542 
        D146 10 0.1350 0.7579 0.1071 
        D147 10 0.4905 0.3787 0.1308 
        D148 10 0.5093 0.3302 0.1604 
        D149 10 0.6461 0.1612 0.1927 
        D151 10 0.3545 0.4270 0.2184 
        D152 10 0.6410 0.1290 0.2301 
        D153 10 0.3194 0.3915 0.2891 
        D156 10 0.7430 0.1393 0.1177 
        D157 10 0.0682 0.3471 0.5847 
        D158 10 0.1114 0.2736 0.6150 
        D159 10 0.8600 0.0596 0.0804 
        D160 10 0.0299 0.0303 0.9398 
        D161 10 0.4627 0.2295 0.3078 
        D162 10 0.5973 0.0972 0.3055 
        D169 10 0.1018 0.8199 0.0782 
        D170 10 0.0900 0.7800 0.1301 
        D171 10 0.2735 0.3086 0.4179 
        D172 10 0.4457 0.3865 0.1678 
        D173 10 0.9205 0.0510 0.0286 
        D181 10 0.2204 0.1159 0.6638 
        D182 10 0.5384 0.2754 0.1862 
        D183 10 0.0666 0.1498 0.7836 
        D184 10 0.0473 0.9231 0.0296 
        D185 10 0.4488 0.3370 0.2142 
        D186 10 0.0644 0.8724 0.0633 
        D194 10 0.1513 0.7460 0.1027 
        D195 10 0.3050 0.1227 0.5723 
        D196 10 0.5769 0.0643 0.3588 
        D197 10 0.1024 0.7989 0.0987 
        D198 10 0.2795 0.4139 0.3065 
     D237226 10 0.2766 0.3130 0.4104 
     D237232 10 0.1042 0.1514 0.7444 
     D237233 10 0.1569 0.2001 0.6430 
     D237234 10 0.1700 0.1866 0.6435 
     D237354 10 0.1667 0.0426 0.7907 
     D237355 10 0.0933 0.0629 0.8437 
     D237356 10 0.2221 0.3483 0.4296 
     D237357 10 0.5302 0.3549 0.1149 
     D237358 10 0.5505 0.3750 0.0745 
     D237369 10 0.2374 0.7286 0.0340 
     D237370 10 0.1206 0.1276 0.7519 
     D237371 10 0.4069 0.4280 0.1651 
     D237372 10 0.4243 0.4845 0.0912 
     D237373 10 0.1330 0.0933 0.7737 
     D237374 10 0.0668 0.0419 0.8914 
     D237375 10 0.6879 0.1837 0.1285 
     D237400 10 0.5588 0.0950 0.3462 
     D244002 10 0.4669 0.4881 0.0450 
     D244003 10 0.0333 0.0664 0.9003 
     D244004 10 0.0243 0.0603 0.9154 
     D244005 10 0.1633 0.3701 0.4666 
     D244020 10 0.2520 0.1978 0.5503 
     D244021 10 0.3492 0.5180 0.1328 
     D244116 10 0.2358 0.6411 0.1230 
     D244117 10 0.1196 0.0893 0.7911 
     D244121 10 0.0783 0.2072 0.7146 
     D244123 10 0.1220 0.1164 0.7615 
     D244124 10 0.1832 0.6108 0.2060 
        D332 10 0.7186 0.1601 0.1212 
        D570 10 0.1116 0.1144 0.7739 
        D602 10 0.8248 0.1195 0.0556 
        D603 10 0.2258 0.3383 0.4359 
        D604 10 0.7597 0.0866 0.1537 
        D605 10 0.4013 0.3605 0.2382 
        D606 10 0.0581 0.7074 0.2346 
        D607 10 0.8623 0.0840 0.0537 
        D608 10 0.9349 0.0315 0.0336 
        D609 10 0.1159 0.2001 0.6840 
        D610 10 0.2643 0.1206 0.6151 
        D611 10 0.0389 0.0478 0.9132 
        D613 10 0.4155 0.1426 0.4419 
        D633 10 0.6872 0.2288 0.0840 
        D634 10 0.2153 0.2728 0.5119 
        D638 10 0.3692 0.1257 0.5051 
        D681 10 0.2077 0.4131 0.3792 
        D754 10 0.0790 0.5512 0.3697 
        D755 10 0.0680 0.0872 0.8448 
        D756 10 0.0955 0.2475 0.6570 
        D757 10 0.2734 0.4000 0.3266 
        D758 10 0.3021 0.3923 0.3056 
        D759 10 0.1242 0.0836 0.7922 
        D760 10 0.2999 0.1471 0.5530 
        D761 10 0.0526 0.0390 0.9084 
        D762 10 0.7437 0.1518 0.1045 
        D775 10 0.0375 0.0747 0.8878 
        D776 10 0.1491 0.0850 0.7659 
        D777 10 0.0730 0.1228 0.8042 
        D778 10 0.1748 0.3823 0.4429 
        D779 10 0.1346 0.3634 0.5020 
        D780 10 0.3355 0.1319 0.5326 
        D781 10 0.7844 0.1071 0.1085 
        D858 10 0.0477 0.9070 0.0453 
        D933 10 0.3628 0.1058 0.5314 
        D038 11 0.1563 0.2159 0.6279 
        D063 11 0.2102 0.1728 0.6170 
        D155 11 0.1366 0.0961 0.7673 
        D175 11 0.1176 0.4776 0.4049 
        D176 11 0.3260 0.1813 0.4927 
        D205 11 0.0547 0.4576 0.4877 
     D237229 11 0.5489 0.3816 0.0696 
     D237230 11 0.8205 0.1414 0.0380 
     D237231 11 0.7983 0.1273 0.0745 
     D237269 11 0.5387 0.2240 0.2374 
     D237270 11 0.1033 0.8243 0.0724 
     D237271 11 0.2320 0.2698 0.4982 
     D237272 11 0.5836 0.3577 0.0587 
     D237273 11 0.0965 0.1425 0.7610 
     D237301 11 0.6678 0.1129 0.2193 
     D237302 11 0.2242 0.6064 0.1694 
     D237303 11 0.3131 0.6439 0.0430 
     D237304 11 0.3664 0.4464 0.1872 
     D237305 11 0.0849 0.7827 0.1325 
     D237314 11 0.1229 0.1983 0.6788 
     D237315 11 0.1264 0.7640 0.1096 
     D237316 11 0.7322 0.1307 0.1371 
     D237328 11 0.3484 0.4985 0.1531 
     D237329 11 0.2624 0.4099 0.3277 
     D237330 11 0.0962 0.1062 0.7976 
     D237331 11 0.1517 0.0963 0.7520 
     D237332 11 0.3161 0.3180 0.3659 
     D237333 11 0.1244 0.0440 0.8315 
     D237334 11 0.6753 0.1557 0.1690 
     D237335 11 0.2657 0.3861 0.3482 
     D237336 11 0.1453 0.1760 0.6787 
     D237350 11 0.3254 0.1536 0.5210 
     D237383 11 0.1155 0.4819 0.4025 
     D237384 11 0.2823 0.5014 0.2162 
     D237385 11 0.3499 0.3853 0.2648 
     D237386 11 0.5707 0.2065 0.2228 
     D237387 11 0.4722 0.3964 0.1313 
     D237388 11 0.2193 0.0870 0.6936 
        D239 11 0.1782 0.0992 0.7225 
        D240 11 0.2259 0.2351 0.5390 
        D241 11 0.6076 0.2991 0.0933 
        D242 11 0.5377 0.2259 0.2363 
        D243 11 0.0990 0.1764 0.7246 
        D244 11 0.0472 0.2155 0.7374 
        D245 11 0.3155 0.6122 0.0723 
        D246 11 0.2042 0.4005 0.3953 
        D247 11 0.3625 0.4014 0.2360 
        D248 11 0.6865 0.1024 0.2110 
        D249 11 0.1301 0.4908 0.3790 
        D250 11 0.6285 0.0649 0.3066 
        D251 11 0.1139 0.3045 0.5816 
        D252 11 0.3555 0.4479 0.1967 
        D253 11 0.1025 0.1808 0.7167 
        D254 11 0.4183 0.5353 0.0464 
        D255 11 0.3729 0.1745 0.4525 
        D256 11 0.1696 0.2436 0.5868 
        D257 11 0.1141 0.7722 0.1137 
        D258 11 0.1010 0.7900 0.1090 
        D259 11 0.1077 0.8306 0.0617 
        D260 11 0.3526 0.3884 0.2590 
        D261 11 0.3619 0.1861 0.4520 
        D262 11 0.3256 0.4634 0.2110 
        D263 11 0.1620 0.3761 0.4620 
        D264 11 0.3510 0.5662 0.0828 
        D265 11 0.4593 0.3024 0.2384 
        D266 11 0.3773 0.1116 0.5111 
        D267 11 0.1859 0.3343 0.4797 
        D268 11 0.1508 0.0644 0.7848 
        D269 11 0.4958 0.1869 0.3173 
        D270 11 0.4478 0.3300 0.2221 
        D271 11 0.1875 0.4692 0.3433 
        D272 11 0.4184 0.1829 0.3987 
        D273 11 0.0532 0.9132 0.0336 
        D274 11 0.2176 0.4052 0.3772 
        D275 11 0.3704 0.2942 0.3354 
        D276 11 0.2671 0.1208 0.6121 
        D277 11 0.3765 0.2323 0.3912 
        D278 11 0.1465 0.4047 0.4488 
        D282 11 0.0662 0.8402 0.0937 
        D296 11 0.3121 0.1331 0.5547 
        D297 11 0.2527 0.3266 0.4208 
        D298 11 0.3484 0.1432 0.5083 
        D299 11 0.2045 0.1818 0.6137 
        D300 11 0.3015 0.1731 0.5254 
        D382 11 0.2194 0.2650 0.5156 
        D383 11 0.0541 0.4744 0.4715 
        D387 11 0.1619 0.2069 0.6311 
        D388 11 0.7416 0.0850 0.1734 
        D389 11 0.3778 0.1249 0.4974 
        D390 11 0.6518 0.0913 0.2569 
        D396 11 0.6847 0.0868 0.2284 
        D397 11 0.0904 0.7803 0.1293 
        D398 11 0.0753 0.3703 0.5543 
        D399 11 0.6741 0.2456 0.0803 
        D437 11 0.3985 0.5077 0.0938 
        D441 11 0.1597 0.0770 0.7633 
        D442 11 0.3168 0.2997 0.3835 
        D443 11 0.0587 0.0461 0.8952 
        D444 11 0.5452 0.1985 0.2562 
        D445 11 0.3803 0.5213 0.0984 
        D446 11 0.5893 0.3381 0.0726 
        D451 11 0.3195 0.3373 0.3432 
        D452 11 0.5235 0.2157 0.2609 
        D453 11 0.7224 0.1467 0.1309 
        D454 11 0.2616 0.6081 0.1303 
        D457 11 0.1786 0.4190 0.4025 
        D458 11 0.3309 0.1425 0.5266 
        D466 11 0.6456 0.2468 0.1076 
        D467 11 0.1376 0.1674 0.6949 
        D475 11 0.0725 0.8532 0.0743 
        D488 11 0.7219 0.1111 0.1671 
        D489 11 0.3460 0.4967 0.1573 
        D493 11 0.4409 0.3928 0.1663 
        D494 11 0.5708 0.1878 0.2414 
        D495 11 0.3212 0.5509 0.1280 
        D496 11 0.1807 0.0485 0.7708 
        D674 11 0.1612 0.1174 0.7215 
        D675 11 0.2340 0.0524 0.7136 
        D676 11 0.1410 0.6053 0.2537 
        D680 11 0.0435 0.1901 0.7664 
        D701 11 0.4341 0.3275 0.2384 
        D702 11 0.3339 0.5835 0.0825 
        D703 11 0.3920 0.2758 0.3323 
        D704 11 0.2613 0.2788 0.4599 
        D705 11 0.5231 0.4438 0.0331 
        D706 11 0.1735 0.4809 0.3456 
        D707 11 0.3762 0.4437 0.1801 
        D751 11 0.3149 0.3746 0.3106 
        D752 11 0.2556 0.1828 0.5617 
        D753 11 0.7380 0.1845 0.0775 
        D773 11 0.0426 0.9341 0.0232 
        D774 11 0.5312 0.2171 0.2517 
        D801 11 0.3878 0.0929 0.5193 
        D802 11 0.6745 0.2100 0.1155 
        D803 11 0.1131 0.0811 0.8058 
        D804 11 0.4696 0.2948 0.2356 
        D805 11 0.2977 0.3081 0.3942 
        D806 11 0.0778 0.8742 0.0480 
        D809 11 0.2637 0.1943 0.5420 
        D810 11 0.1722 0.0550 0.7728 
        D812 11 0.3012 0.5061 0.1927 
        D813 11 0.2785 0.2212 0.5003 
        D823 11 0.2940 0.1924 0.5136 
        D824 11 0.3445 0.1707 0.4848 
        D829 11 0.7587 0.0813 0.1600 
        D830 11 0.3827 0.5412 0.0761 
        D831 11 0.3245 0.3033 0.3722 
        D832 11 0.3564 0.3458 0.2977 
        D833 11 0.2822 0.1459 0.5719 
        D834 11 0.3981 0.2037 0.3983 
        D835 11 0.0897 0.6914 0.2189 
        D855 11 0.2622 0.2420 0.4958 
        D863 11 0.0633 0.0419 0.8948 
        D864 11 0.1726 0.1736 0.6537 
        D878 11 0.1590 0.1423 0.6987 
        D879 11 0.1576 0.7453 0.0971 
        D880 11 0.6599 0.0605 0.2796 
        D881 11 0.0483 0.0745 0.8772 
        D882 11 0.6386 0.0944 0.2670 
        D909 11 0.4974 0.1890 0.3136 
        D921 11 0.2069 0.1598 0.6333 
        D924 11 0.3316 0.0612 0.6072 
        D935 11 0.5509 0.2702 0.1789 
        D940 11 0.0745 0.0655 0.8600 
        D941 11 0.2999 0.1306 0.5695 
        D942 11 0.0612 0.9015 0.0373 
        D980 11 0.5455 0.2976 0.1569 
        D981 11 0.1277 0.7560 0.1163 
        D982 11 0.7996 0.1093 0.0912 
        D983 11 0.1951 0.1045 0.7004 
        D984 11 0.5128 0.1194 0.3678 
        D992 11 0.2046 0.7102 0.0851 
        D993 11 0.2172 0.2053 0.5775 
        D994 11 0.2455 0.2860 0.4685 
        D995 11 0.1553 0.6282 0.2165 
        H354 11 0.2828 0.6634 0.0538 
        D005 12 0.5530 0.3632 0.0838 
        D035 12 0.1641 0.2195 0.6165 
        D067 12 0.3877 0.1516 0.4607 
        D134 12 0.1963 0.2643 0.5394 
        D135 12 0.4348 0.2334 0.3318 
        D136 12 0.6758 0.2636 0.0605 
        D137 12 0.7210 0.1642 0.1147 
        D138 12 0.3247 0.2679 0.4074 
        D139 12 0.6400 0.0974 0.2626 
        D140 12 0.3288 0.2742 0.3970 
        D141 12 0.0346 0.9305 0.0348 
        D150 12 0.0768 0.7980 0.1251 
        D177 12 0.4469 0.1628 0.3903 
        D178 12 0.8909 0.0757 0.0334 
        D179 12 0.6817 0.2348 0.0835 
        D180 12 0.7065 0.2196 0.0739 
        D187 12 0.1763 0.2011 0.6226 
        D188 12 0.0377 0.9296 0.0327 
        D191 12 0.0541 0.8710 0.0749 
        D418 12 0.0812 0.8587 0.0602 
        D601 12 0.2168 0.7215 0.0617 
        D836 12 0.1136 0.8143 0.0721 
        D837 12 0.3381 0.3351 0.3268 
        D838 12 0.1125 0.0577 0.8298 
        D839 12 0.6439 0.1624 0.1936 
        D840 12 0.3775 0.1340 0.4885 
        D841 12 0.1846 0.2918 0.5236 
        D842 12 0.0288 0.9358 0.0354 
        D843 12 0.2378 0.2118 0.5504 
        D844 12 0.3195 0.5962 0.0842 
        D912 12 0.4904 0.0844 0.4252 
        D913 12 0.7624 0.0806 0.1570 
