        D174  1 0.1500 0.5563 0.0469 0.1078 0.1390 
        D199  1 0.0688 0.1864 0.2251 0.4187 0.1011 
        D203  1 0.1533 0.0912 0.2891 0.2801 0.1862 
        D204  1 0.0350 0.0309 0.0427 0.8066 0.0848 
     D237366  1 0.3898 0.0954 0.1162 0.1585 0.2401 
     D237367  1 0.2631 0.0670 0.0753 0.4025 0.1922 
     D237368  1 0.4813 0.1118 0.1045 0.2234 0.0790 
     D244101  1 0.0343 0.0490 0.2147 0.5859 0.1161 
     D244102  1 0.2149 0.1605 0.0844 0.1358 0.4044 
     D244103  1 0.2317 0.0762 0.0621 0.3062 0.3238 
     D244104  1 0.0623 0.1562 0.0589 0.6912 0.0314 
     D244105  1 0.5214 0.0315 0.0590 0.1551 0.2330 
     D244106  1 0.0520 0.5490 0.1838 0.0782 0.1369 
     D244107  1 0.6494 0.0303 0.1078 0.1401 0.0724 
     D244108  1 0.1927 0.4314 0.0659 0.2071 0.1028 
     D244113  1 0.0506 0.6876 0.0372 0.0365 0.1881 
     D244114  1 0.0818 0.1860 0.2482 0.1687 0.3153 
     D244115  1 0.1584 0.4454 0.0413 0.2074 0.1474 
     D267365  1 0.0798 0.3363 0.0673 0.4374 0.0791 
        D404  1 0.0456 0.5025 0.0429 0.0482 0.3608 
        D405  1 0.1006 0.2358 0.1394 0.1485 0.3756 
        D406  1 0.8213 0.0393 0.0213 0.0831 0.0349 
        D407  1 0.1943 0.0447 0.1192 0.5488 0.0930 
        D408  1 0.0466 0.6986 0.0764 0.0746 0.1037 
        D409  1 0.2062 0.1196 0.0821 0.1845 0.4077 
        D410  1 0.7946 0.0577 0.0174 0.0894 0.0409 
        D421  1 0.0264 0.0514 0.0605 0.8419 0.0198 
        D422  1 0.8617 0.0210 0.0374 0.0534 0.0265 
        D423  1 0.8180 0.0317 0.0396 0.0752 0.0354 
        D424  1 0.1017 0.0555 0.0274 0.6757 0.1397 
        D425  1 0.0512 0.2163 0.0472 0.5654 0.1199 
        D426  1 0.2185 0.0988 0.2440 0.1664 0.2724 
        D427  1 0.0345 0.1913 0.5460 0.1966 0.0316 
        D428  1 0.1465 0.2083 0.0720 0.4343 0.1390 
        D429  1 0.0876 0.3318 0.0720 0.3666 0.1420 
        D430  1 0.0901 0.2511 0.1865 0.1368 0.3354 
        D491  1 0.0294 0.8066 0.0199 0.1037 0.0405 
        D492  1 0.1933 0.2155 0.0797 0.3391 0.1723 
        D537  1 0.1032 0.0398 0.0254 0.7594 0.0721 
        D538  1 0.3007 0.1274 0.1034 0.1002 0.3684 
        D539  1 0.2100 0.3223 0.1999 0.0852 0.1826 
        D540  1 0.1820 0.1100 0.0954 0.4149 0.1978 
        D541  1 0.0519 0.0263 0.0410 0.8591 0.0217 
        D551  1 0.0760 0.0924 0.5838 0.1032 0.1446 
        D552  1 0.3111 0.2640 0.0655 0.3088 0.0506 
        D553  1 0.0264 0.0327 0.0257 0.8930 0.0222 
        D615  1 0.2009 0.1211 0.1468 0.4191 0.1120 
        D616  1 0.2964 0.1075 0.1994 0.3079 0.0888 
        D621  1 0.6594 0.1435 0.0403 0.0629 0.0939 
        D622  1 0.7672 0.0613 0.0362 0.0701 0.0652 
        D623  1 0.0487 0.4281 0.1849 0.0680 0.2703 
        D624  1 0.0360 0.8340 0.0350 0.0620 0.0330 
        D625  1 0.1067 0.0899 0.0220 0.7090 0.0724 
        D626  1 0.2163 0.4516 0.0756 0.1374 0.1191 
        D627  1 0.1617 0.1159 0.1361 0.2223 0.3640 
        D690  1 0.0997 0.0972 0.0158 0.7543 0.0330 
        D691  1 0.8082 0.0429 0.0334 0.0724 0.0430 
        D710  1 0.1108 0.2484 0.0730 0.4283 0.1395 
        D711  1 0.0779 0.0709 0.0386 0.7215 0.0910 
        D712  1 0.1061 0.6985 0.0531 0.0632 0.0792 
        D713  1 0.1097 0.3134 0.0326 0.2831 0.2611 
        D746  1 0.8355 0.0335 0.0315 0.0720 0.0275 
        D747  1 0.0313 0.0290 0.0503 0.8610 0.0286 
        D748  1 0.3675 0.0651 0.0347 0.4085 0.1242 
        D749  1 0.5578 0.1426 0.1130 0.0535 0.1332 
        D750  1 0.0866 0.6208 0.0341 0.1999 0.0586 
        D763  1 0.1201 0.0735 0.3163 0.3377 0.1524 
        D764  1 0.1689 0.2544 0.0255 0.5103 0.0410 
        D765  1 0.6344 0.1546 0.0334 0.0785 0.0990 
        D766  1 0.5151 0.0650 0.0324 0.3026 0.0849 
        D767  1 0.1934 0.0741 0.1155 0.2033 0.4137 
        D768  1 0.0305 0.0229 0.0253 0.8965 0.0248 
        D811  1 0.0872 0.4885 0.0423 0.0483 0.3337 
        D816  1 0.0304 0.0587 0.0230 0.8585 0.0294 
        D825  1 0.1988 0.4125 0.0255 0.1911 0.1720 
        D866  1 0.0817 0.4142 0.3314 0.0711 0.1016 
        D867  1 0.7890 0.0457 0.0455 0.0462 0.0737 
        D871  1 0.1818 0.1216 0.0606 0.1874 0.4486 
        D872  1 0.2205 0.0655 0.0620 0.4794 0.1726 
        D873  1 0.8772 0.0375 0.0206 0.0140 0.0506 
        D874  1 0.0285 0.2680 0.0579 0.3855 0.2601 
        D875  1 0.2973 0.0552 0.0356 0.1268 0.4851 
        D876  1 0.0906 0.1124 0.0329 0.6915 0.0726 
        D877  1 0.0234 0.3702 0.0446 0.0794 0.4825 
        D892  1 0.1726 0.2454 0.0309 0.3608 0.1902 
        D893  1 0.1086 0.0467 0.0773 0.6825 0.0849 
        D894  1 0.0860 0.1189 0.0756 0.5568 0.1627 
        D915  1 0.2049 0.0927 0.0333 0.5945 0.0747 
        D916  1 0.0454 0.0433 0.0272 0.8542 0.0299 
        D917  1 0.0565 0.4315 0.1134 0.2674 0.1312 
        D925  1 0.6747 0.1204 0.0331 0.1447 0.0271 
        D926  1 0.0867 0.1425 0.0480 0.5837 0.1390 
        D927  1 0.0557 0.0943 0.3059 0.4299 0.1141 
        D928  1 0.0288 0.7639 0.0264 0.1312 0.0497 
        D929  1 0.1053 0.1630 0.0414 0.0904 0.6000 
        D936  1 0.0502 0.0721 0.1261 0.6493 0.1023 
        D938  1 0.8709 0.0341 0.0189 0.0390 0.0371 
        D956  1 0.0563 0.6653 0.0572 0.0507 0.1705 
        D957  1 0.3959 0.0733 0.0568 0.3143 0.1597 
        D958  1 0.2741 0.1312 0.0244 0.4947 0.0755 
        D959  1 0.1853 0.0337 0.1023 0.5682 0.1105 
        D960  1 0.8440 0.0402 0.0328 0.0365 0.0464 
        D989  1 0.0411 0.6520 0.1255 0.1082 0.0732 
        D990  1 0.8192 0.0773 0.0544 0.0221 0.0271 
        D023  2 0.6926 0.0277 0.0303 0.2039 0.0455 
        D130  2 0.8006 0.0217 0.0286 0.0782 0.0709 
        D131  2 0.1080 0.0862 0.1027 0.4850 0.2181 
        D163  2 0.7737 0.0535 0.0284 0.1046 0.0398 
        D164  2 0.4658 0.0181 0.4737 0.0190 0.0234 
        D165  2 0.7805 0.0317 0.0481 0.0956 0.0440 
        D166  2 0.1029 0.0565 0.0831 0.0682 0.6894 
        D167  2 0.0241 0.0569 0.8436 0.0217 0.0538 
        D192  2 0.0204 0.0291 0.9064 0.0176 0.0266 
        D193  2 0.0840 0.3601 0.0725 0.0390 0.4444 
        D206  2 0.1669 0.0539 0.3329 0.2944 0.1520 
        D207  2 0.0375 0.0405 0.6792 0.0721 0.1706 
        D208  2 0.0697 0.5157 0.2250 0.0815 0.1081 
        D209  2 0.1221 0.0689 0.5419 0.1276 0.1396 
        D210  2 0.0553 0.5388 0.2499 0.1090 0.0470 
     D229599  2 0.1394 0.1540 0.1291 0.3335 0.2440 
     D229600  2 0.4966 0.0319 0.3288 0.0395 0.1032 
     D237227  2 0.1127 0.6848 0.0798 0.0644 0.0583 
     D237228  2 0.3661 0.3910 0.0895 0.0295 0.1238 
     D237258  2 0.2558 0.1651 0.2973 0.1628 0.1191 
     D237310  2 0.5501 0.0801 0.0911 0.0278 0.2510 
     D237311  2 0.6135 0.0687 0.1818 0.0309 0.1051 
     D237312  2 0.3083 0.1228 0.0392 0.0514 0.4784 
     D237313  2 0.1836 0.2072 0.0668 0.3964 0.1461 
     D237322  2 0.0951 0.2488 0.2618 0.0705 0.3238 
     D237323  2 0.6434 0.1804 0.0483 0.0257 0.1023 
     D237324  2 0.4061 0.0340 0.3389 0.0792 0.1419 
     D237325  2 0.5638 0.1291 0.0794 0.0649 0.1628 
     D237326  2 0.6568 0.0899 0.0472 0.1520 0.0541 
     D237327  2 0.1030 0.1327 0.4512 0.1452 0.1679 
     D237337  2 0.7287 0.0858 0.0320 0.0448 0.1088 
     D237338  2 0.3775 0.2101 0.1361 0.1013 0.1750 
     D237339  2 0.0483 0.0389 0.3660 0.2387 0.3081 
     D237340  2 0.3113 0.2677 0.2143 0.0373 0.1694 
     D237389  2 0.5948 0.0478 0.1063 0.0306 0.2204 
     D237390  2 0.3322 0.1758 0.0432 0.1090 0.3398 
     D244017  2 0.0447 0.3898 0.3391 0.0496 0.1767 
     D244112  2 0.0794 0.0416 0.7953 0.0267 0.0570 
     D244118  2 0.3281 0.0317 0.5705 0.0232 0.0465 
     D244119  2 0.0343 0.6152 0.2902 0.0311 0.0292 
     D244120  2 0.0505 0.1496 0.4956 0.0196 0.2846 
     D244122  2 0.0678 0.0689 0.7195 0.0442 0.0997 
        D291  2 0.1166 0.1048 0.4454 0.1542 0.1790 
        D292  2 0.0567 0.1648 0.4227 0.2753 0.0806 
        D293  2 0.0176 0.0188 0.6518 0.2376 0.0742 
        D322  2 0.0609 0.0311 0.4668 0.3218 0.1195 
        D323  2 0.0882 0.1110 0.2037 0.2368 0.3603 
        D324  2 0.1927 0.1458 0.2079 0.3564 0.0971 
        D325  2 0.0241 0.0165 0.8773 0.0442 0.0379 
        D326  2 0.0176 0.0325 0.0235 0.8982 0.0283 
        D340  2 0.0277 0.0230 0.9049 0.0279 0.0165 
        D341  2 0.0481 0.0458 0.8058 0.0535 0.0469 
        D342  2 0.1469 0.0416 0.6789 0.0450 0.0877 
        D343  2 0.0144 0.0121 0.9344 0.0233 0.0158 
        D344  2 0.0633 0.0506 0.0990 0.3312 0.4559 
        D345  2 0.2130 0.0766 0.0708 0.5415 0.0981 
        D346  2 0.0571 0.6529 0.1299 0.0817 0.0784 
        D351  2 0.1165 0.0426 0.1238 0.4721 0.2449 
        D352  2 0.0843 0.1549 0.1330 0.1151 0.5127 
        D353  2 0.0336 0.0429 0.0749 0.6100 0.2386 
        D354  2 0.0896 0.2130 0.0463 0.3931 0.2580 
        D362  2 0.0756 0.0632 0.0442 0.7713 0.0458 
        D363  2 0.0456 0.0814 0.0331 0.8048 0.0350 
        D364  2 0.0646 0.0820 0.0525 0.6549 0.1461 
        D365  2 0.0182 0.0242 0.8951 0.0409 0.0215 
        D369  2 0.1142 0.2716 0.2834 0.2601 0.0707 
        D374  2 0.0362 0.7117 0.0373 0.0256 0.1892 
        D375  2 0.0604 0.0782 0.0414 0.1599 0.6601 
        D376  2 0.0482 0.7144 0.0457 0.0203 0.1714 
        D377  2 0.2261 0.2607 0.1236 0.1151 0.2746 
        D378  2 0.0639 0.0462 0.2885 0.4953 0.1062 
        D379  2 0.0403 0.0455 0.0392 0.8038 0.0712 
        D384  2 0.0202 0.0483 0.0240 0.8853 0.0222 
        D385  2 0.0279 0.0543 0.8149 0.0313 0.0716 
        D386  2 0.0871 0.0378 0.0982 0.6176 0.1593 
        D391  2 0.0267 0.0237 0.8330 0.0692 0.0474 
        D392  2 0.0937 0.0917 0.6531 0.0988 0.0627 
        D393  2 0.0623 0.0515 0.1825 0.6394 0.0644 
        D394  2 0.3496 0.0873 0.1386 0.1697 0.2549 
        D395  2 0.0403 0.0416 0.4981 0.0736 0.3465 
        D401  2 0.7913 0.0819 0.0432 0.0277 0.0558 
        D402  2 0.0256 0.0263 0.8748 0.0351 0.0382 
        D403  2 0.1235 0.0462 0.0745 0.5129 0.2429 
        D415  2 0.0956 0.0238 0.0401 0.7144 0.1260 
        D435  2 0.0676 0.0242 0.2987 0.5657 0.0438 
        D436  2 0.0629 0.1430 0.0693 0.3395 0.3852 
        D438  2 0.0255 0.0306 0.9021 0.0195 0.0223 
        D439  2 0.0997 0.0376 0.1523 0.3879 0.3225 
        D449  2 0.0449 0.0351 0.6824 0.1646 0.0731 
        D450  2 0.1085 0.3373 0.0558 0.2088 0.2896 
        D456  2 0.0229 0.0280 0.0223 0.8987 0.0281 
        D462  2 0.0263 0.0206 0.8393 0.0677 0.0461 
        D463  2 0.0181 0.0346 0.0169 0.9039 0.0265 
        D464  2 0.0380 0.0835 0.1268 0.2634 0.4884 
        D465  2 0.1005 0.0430 0.4463 0.2877 0.1225 
        D473  2 0.1341 0.6542 0.0517 0.0595 0.1005 
        D474  2 0.0804 0.1468 0.1704 0.5657 0.0366 
        D476  2 0.5047 0.0290 0.2025 0.1093 0.1547 
        D477  2 0.0676 0.1587 0.0577 0.6150 0.1009 
        D478  2 0.1681 0.2589 0.1007 0.1436 0.3287 
        D480  2 0.0336 0.1592 0.1869 0.5193 0.1010 
        D481  2 0.1663 0.1847 0.1269 0.3949 0.1272 
        D482  2 0.1422 0.3320 0.1312 0.0658 0.3288 
        D483  2 0.0318 0.0727 0.8402 0.0278 0.0275 
        D484  2 0.0402 0.1339 0.1077 0.0536 0.6646 
        D510  2 0.0344 0.7660 0.0649 0.0396 0.0952 
        D511  2 0.0810 0.0473 0.1780 0.5114 0.1823 
        D512  2 0.5165 0.0341 0.1773 0.0526 0.2193 
        D513  2 0.0786 0.0913 0.5611 0.1798 0.0892 
        D635  2 0.1907 0.0451 0.0528 0.6512 0.0601 
        D636  2 0.8551 0.0345 0.0287 0.0558 0.0259 
        D637  2 0.0919 0.1894 0.3415 0.0882 0.2890 
        D658  2 0.0804 0.1508 0.5449 0.0390 0.1848 
        D659  2 0.0584 0.0539 0.0594 0.7742 0.0542 
        D677  2 0.2019 0.0519 0.1710 0.3918 0.1834 
        D678  2 0.0729 0.0501 0.7239 0.0365 0.1166 
        D679  2 0.0549 0.0969 0.1228 0.6510 0.0743 
        D719  2 0.0296 0.4600 0.1754 0.2929 0.0421 
        D720  2 0.0529 0.1000 0.0483 0.7555 0.0433 
        D721  2 0.5778 0.0648 0.1127 0.1778 0.0668 
        D722  2 0.0864 0.5872 0.0924 0.0475 0.1866 
        D734  2 0.0256 0.5880 0.1503 0.0820 0.1541 
        D735  2 0.1140 0.1512 0.0915 0.4994 0.1439 
        D736  2 0.0849 0.5518 0.1519 0.1467 0.0648 
        D737  2 0.1450 0.1060 0.5749 0.0431 0.1309 
        D807  2 0.0704 0.4132 0.1146 0.2829 0.1189 
        D808  2 0.2919 0.0495 0.2404 0.1327 0.2855 
        D817  2 0.0910 0.1457 0.0471 0.5814 0.1348 
        D818  2 0.0930 0.0579 0.4559 0.1391 0.2540 
        D819  2 0.2331 0.1180 0.0834 0.3350 0.2305 
        D820  2 0.0270 0.0305 0.0527 0.8301 0.0597 
        D895  2 0.1403 0.0519 0.0531 0.6592 0.0955 
        D896  2 0.8288 0.0614 0.0246 0.0296 0.0556 
        D897  2 0.0585 0.0488 0.7403 0.0454 0.1070 
        D898  2 0.1203 0.1745 0.0938 0.1422 0.4692 
        D918  2 0.2965 0.1241 0.2172 0.0836 0.2786 
        D919  2 0.0519 0.0446 0.2557 0.3710 0.2768 
        D920  2 0.8122 0.0545 0.0360 0.0398 0.0574 
        D923  2 0.0329 0.0389 0.0412 0.8104 0.0766 
        D930  2 0.0999 0.2102 0.0781 0.3960 0.2158 
        D931  2 0.0676 0.1125 0.1912 0.4833 0.1454 
        D968  2 0.0181 0.0240 0.8943 0.0354 0.0281 
        D969  2 0.0472 0.0939 0.3319 0.4363 0.0907 
        D977  2 0.0430 0.0348 0.7968 0.0517 0.0737 
        D978  2 0.0469 0.1087 0.4422 0.0898 0.3124 
        D211  3 0.5014 0.0622 0.0636 0.1766 0.1962 
     D229639  3 0.0496 0.3254 0.4748 0.0926 0.0575 
     D237212  3 0.1634 0.0957 0.2795 0.2208 0.2406 
     D237213  3 0.2861 0.0510 0.0785 0.2240 0.3603 
     D237214  3 0.5679 0.0488 0.0393 0.1131 0.2309 
     D237215  3 0.0362 0.1745 0.6697 0.0268 0.0928 
     D237216  3 0.2589 0.0703 0.1244 0.1568 0.3896 
     D237217  3 0.4637 0.0247 0.0672 0.2382 0.2062 
     D237218  3 0.1126 0.1439 0.3233 0.2443 0.1758 
     D237219  3 0.4617 0.2887 0.0807 0.0703 0.0986 
     D237382  3 0.1288 0.1356 0.0763 0.1677 0.4916 
     D244127  3 0.6268 0.0566 0.1678 0.0455 0.1034 
     D244129  3 0.2412 0.0779 0.1524 0.2753 0.2531 
     D244133  3 0.1619 0.3536 0.2171 0.1351 0.1323 
     D244134  3 0.1541 0.5568 0.1659 0.0779 0.0452 
     D244135  3 0.6628 0.0332 0.1008 0.1234 0.0798 
     D244136  3 0.0955 0.3833 0.1450 0.2687 0.1074 
        D416  3 0.1624 0.0657 0.3386 0.2767 0.1566 
        D417  3 0.0939 0.0415 0.0302 0.7344 0.0999 
        D419  3 0.2507 0.1832 0.2220 0.2412 0.1029 
        D565  3 0.0312 0.8267 0.0235 0.0914 0.0271 
        D566  3 0.0568 0.5243 0.2937 0.0692 0.0560 
        D567  3 0.1462 0.0474 0.0418 0.7093 0.0554 
        D568  3 0.2114 0.0379 0.2208 0.3710 0.1589 
        D569  3 0.1055 0.0793 0.2195 0.1109 0.4849 
        D573  3 0.0383 0.0495 0.7162 0.1424 0.0536 
        D574  3 0.0808 0.6524 0.0629 0.0646 0.1393 
        D575  3 0.2592 0.3113 0.1120 0.2414 0.0762 
        D576  3 0.0337 0.0888 0.7748 0.0132 0.0895 
        D577  3 0.0758 0.0741 0.0435 0.6961 0.1105 
        D578  3 0.7691 0.0214 0.0480 0.0319 0.1297 
        D579  3 0.1054 0.3153 0.1835 0.3042 0.0916 
        D660  3 0.1733 0.0538 0.5658 0.0487 0.1584 
        D661  3 0.0744 0.0378 0.7022 0.0655 0.1200 
        D663  3 0.0356 0.0830 0.6556 0.0842 0.1416 
        D664  3 0.4134 0.2515 0.1658 0.0363 0.1329 
        D665  3 0.2526 0.0279 0.0860 0.0328 0.6006 
        D666  3 0.2562 0.3766 0.0639 0.1939 0.1094 
        D009  4 0.3717 0.0494 0.0510 0.1875 0.3404 
        D057  4 0.2477 0.0797 0.4255 0.1099 0.1371 
        D109  4 0.6237 0.1074 0.0371 0.0741 0.1577 
     D237222  4 0.6399 0.1220 0.0556 0.0690 0.1135 
     D237223  4 0.4077 0.1431 0.1466 0.0719 0.2307 
     D237224  4 0.0708 0.0955 0.3418 0.3298 0.1621 
     D237225  4 0.2240 0.0788 0.0880 0.2766 0.3326 
     D237299  4 0.2473 0.0812 0.0702 0.0389 0.5624 
     D237300  4 0.0384 0.2297 0.6476 0.0341 0.0502 
     D237306  4 0.1276 0.4715 0.0596 0.1355 0.2058 
     D237307  4 0.0842 0.3104 0.0978 0.3869 0.1207 
     D237308  4 0.1526 0.1612 0.4740 0.1229 0.0893 
     D237309  4 0.2424 0.0486 0.1013 0.3228 0.2850 
     D237317  4 0.0615 0.4868 0.0478 0.2919 0.1120 
     D237318  4 0.0249 0.1376 0.7589 0.0314 0.0472 
     D237319  4 0.3150 0.0949 0.1305 0.1596 0.3000 
     D237320  4 0.3447 0.0789 0.2831 0.1425 0.1508 
     D237321  4 0.0759 0.2047 0.5524 0.0733 0.0938 
     D237397  4 0.2070 0.2858 0.2810 0.1016 0.1246 
     D237398  4 0.0774 0.0846 0.5449 0.1638 0.1293 
     D237399  4 0.1361 0.3300 0.1370 0.2148 0.1820 
     D244001  4 0.5966 0.0386 0.1584 0.0627 0.1436 
        D289  4 0.0685 0.3776 0.1610 0.2379 0.1550 
        D290  4 0.0495 0.0440 0.0825 0.1027 0.7213 
        D294  4 0.0743 0.1390 0.1338 0.2703 0.3826 
        D295  4 0.1423 0.1035 0.0646 0.4652 0.2243 
        D301  4 0.7213 0.0784 0.0770 0.0320 0.0913 
        D302  4 0.0444 0.0508 0.0321 0.5431 0.3296 
        D303  4 0.0845 0.6841 0.0676 0.0643 0.0995 
        D304  4 0.0472 0.1427 0.1205 0.1411 0.5485 
        D305  4 0.0926 0.0274 0.1995 0.1060 0.5746 
        D306  4 0.0517 0.0586 0.0398 0.0698 0.7802 
        D307  4 0.7788 0.1140 0.0385 0.0299 0.0388 
        D327  4 0.0513 0.1203 0.0963 0.6208 0.1113 
        D328  4 0.0808 0.4118 0.0470 0.0819 0.3785 
        D329  4 0.1401 0.1151 0.3001 0.2091 0.2356 
        D330  4 0.2227 0.0278 0.0793 0.3901 0.2801 
        D331  4 0.1399 0.1868 0.1380 0.2564 0.2789 
        D333  4 0.1968 0.2101 0.1993 0.1399 0.2539 
        D334  4 0.0867 0.6114 0.0401 0.1698 0.0920 
        D335  4 0.0492 0.0547 0.0736 0.6324 0.1902 
        D370  4 0.2136 0.2507 0.0655 0.0932 0.3771 
        D371  4 0.0365 0.7348 0.0465 0.1419 0.0402 
        D372  4 0.0360 0.1737 0.5669 0.0229 0.2004 
        D373  4 0.6683 0.0694 0.1559 0.0575 0.0490 
        D455  4 0.7657 0.0583 0.0665 0.0468 0.0628 
        D490  4 0.8761 0.0291 0.0177 0.0299 0.0472 
        D497  4 0.7830 0.0474 0.0444 0.0381 0.0871 
        D498  4 0.1675 0.2516 0.1333 0.0988 0.3488 
        D499  4 0.0498 0.3168 0.3491 0.0620 0.2223 
        D514  4 0.0650 0.0391 0.0546 0.4536 0.3877 
        D515  4 0.3645 0.0405 0.0564 0.0960 0.4425 
        D516  4 0.2853 0.1419 0.1420 0.2858 0.1449 
        D517  4 0.6388 0.0382 0.1265 0.0764 0.1202 
        D518  4 0.2986 0.1934 0.1211 0.1769 0.2099 
        D519  4 0.4840 0.0576 0.1410 0.0963 0.2211 
        D560  4 0.2753 0.0431 0.2357 0.1142 0.3317 
        D561  4 0.2475 0.0264 0.0666 0.1899 0.4695 
        D562  4 0.1641 0.1456 0.1428 0.1292 0.4183 
        D563  4 0.1036 0.0414 0.5582 0.0958 0.2010 
        D572  4 0.0903 0.0883 0.0727 0.2976 0.4511 
        D629  4 0.2217 0.0704 0.0485 0.5544 0.1049 
        D630  4 0.1506 0.1151 0.0962 0.2366 0.4015 
        D631  4 0.1059 0.1334 0.3500 0.1260 0.2847 
        D632  4 0.6100 0.0472 0.1556 0.1180 0.0692 
        D646  4 0.2957 0.0530 0.1633 0.3226 0.1654 
        D647  4 0.1489 0.0243 0.0967 0.5367 0.1934 
        D648  4 0.0357 0.3143 0.0432 0.0308 0.5759 
        D649  4 0.2408 0.0371 0.0360 0.5911 0.0950 
        D650  4 0.2001 0.1926 0.0798 0.3218 0.2057 
        D708  4 0.0976 0.4940 0.0818 0.1028 0.2238 
        D709  4 0.0838 0.0659 0.0455 0.0817 0.7230 
        D738  4 0.2325 0.4562 0.0463 0.1572 0.1077 
        D739  4 0.2711 0.0744 0.0722 0.0727 0.5095 
        D740  4 0.2506 0.2925 0.1769 0.0651 0.2149 
        D741  4 0.2083 0.0371 0.2775 0.1943 0.2828 
        D742  4 0.0978 0.1986 0.4430 0.0866 0.1739 
        D743  4 0.0443 0.0555 0.0930 0.6958 0.1115 
        D744  4 0.0899 0.0632 0.1743 0.3596 0.3129 
        D745  4 0.5421 0.0449 0.0752 0.0700 0.2678 
        D814  4 0.0644 0.0490 0.5248 0.0913 0.2705 
        D815  4 0.0686 0.0915 0.0708 0.4020 0.3671 
        D828  4 0.0619 0.2606 0.1558 0.0223 0.4994 
        D845  4 0.0227 0.2304 0.6603 0.0527 0.0339 
        D846  4 0.0988 0.0285 0.2781 0.3496 0.2449 
        D847  4 0.1944 0.1818 0.1424 0.1985 0.2828 
        D848  4 0.6196 0.0570 0.2453 0.0310 0.0471 
        D849  4 0.4609 0.0419 0.0724 0.0941 0.3306 
        D850  4 0.1779 0.1411 0.1696 0.3918 0.1196 
        D856  4 0.2392 0.1001 0.0510 0.1191 0.4907 
        D857  4 0.7496 0.0564 0.0673 0.0165 0.1102 
        D859  4 0.0614 0.1094 0.1597 0.2283 0.4413 
        D860  4 0.0460 0.4854 0.2264 0.1844 0.0578 
        D883  4 0.3023 0.1682 0.0683 0.3002 0.1611 
        D884  4 0.2985 0.1747 0.0582 0.1462 0.3223 
        D885  4 0.1568 0.0912 0.2906 0.2317 0.2297 
        D886  4 0.3636 0.0496 0.0961 0.2216 0.2691 
        D887  4 0.1139 0.1418 0.3352 0.1588 0.2504 
        D889  4 0.0267 0.0913 0.2019 0.0942 0.5859 
        D890  4 0.2043 0.3355 0.0904 0.1187 0.2511 
        D891  4 0.0172 0.1396 0.7896 0.0284 0.0252 
        D899  4 0.0508 0.2495 0.5418 0.0627 0.0952 
        D900  4 0.1186 0.1206 0.1194 0.2716 0.3698 
        D970  4 0.0984 0.1485 0.1537 0.3594 0.2400 
        D971  4 0.1090 0.1003 0.5040 0.1585 0.1283 
        D979  4 0.0396 0.0508 0.0529 0.7174 0.1393 
        D093  5 0.0452 0.7720 0.0459 0.0650 0.0719 
        D154  5 0.0563 0.1199 0.5378 0.0516 0.2344 
        D168  5 0.2099 0.0429 0.4641 0.1321 0.1510 
        D189  5 0.0518 0.4545 0.1695 0.0755 0.2488 
        D190  5 0.0348 0.7929 0.0526 0.0574 0.0623 
     D237220  5 0.3247 0.1817 0.0813 0.0875 0.3249 
     D237221  5 0.0718 0.5146 0.2078 0.1279 0.0779 
     D237274  5 0.0470 0.0277 0.0529 0.7697 0.1027 
     D237275  5 0.0416 0.0512 0.7590 0.0312 0.1169 
     D237276  5 0.2108 0.2691 0.0701 0.2276 0.2224 
     D237277  5 0.0411 0.7274 0.1232 0.0608 0.0474 
     D237278  5 0.1310 0.2705 0.3913 0.0596 0.1475 
     D237279  5 0.6588 0.0436 0.0567 0.1021 0.1387 
     D237280  5 0.4671 0.1420 0.0458 0.2430 0.1022 
     D237281  5 0.0262 0.0449 0.8469 0.0427 0.0393 
     D237351  5 0.6807 0.1624 0.0555 0.0479 0.0535 
     D237352  5 0.4382 0.0827 0.0769 0.2245 0.1777 
     D237353  5 0.0356 0.8512 0.0413 0.0409 0.0310 
     D237359  5 0.1958 0.1681 0.1515 0.1217 0.3628 
     D237361  5 0.0241 0.8993 0.0224 0.0261 0.0281 
     D237362  5 0.0938 0.2978 0.1332 0.3661 0.1091 
     D237363  5 0.1062 0.1299 0.2876 0.1669 0.3095 
     D237364  5 0.1478 0.0346 0.3455 0.1347 0.3375 
     D237376  5 0.0321 0.3771 0.0671 0.0251 0.4986 
     D237377  5 0.3212 0.1875 0.0681 0.3599 0.0632 
     D237378  5 0.0466 0.6994 0.0784 0.0328 0.1428 
     D237379  5 0.0572 0.4681 0.0729 0.0610 0.3408 
     D237380  5 0.6674 0.1170 0.0226 0.0538 0.1392 
     D237381  5 0.5505 0.0998 0.1059 0.0828 0.1610 
     D237391  5 0.0412 0.8268 0.0404 0.0596 0.0320 
     D237392  5 0.0849 0.0529 0.1714 0.5600 0.1309 
     D237393  5 0.1246 0.2614 0.0796 0.4584 0.0760 
     D237394  5 0.0269 0.8775 0.0189 0.0450 0.0317 
     D237395  5 0.1546 0.4806 0.1330 0.0589 0.1729 
     D237396  5 0.1085 0.1652 0.0836 0.5923 0.0503 
     D244016  5 0.0546 0.4626 0.1363 0.1199 0.2267 
     D244018  5 0.1095 0.3005 0.4574 0.0815 0.0512 
     D244019  5 0.0649 0.1382 0.1863 0.3766 0.2340 
        D279  5 0.0946 0.1803 0.4331 0.0841 0.2079 
        D280  5 0.0938 0.4061 0.1532 0.2077 0.1392 
        D281  5 0.0270 0.1139 0.7170 0.0384 0.1038 
        D283  5 0.0495 0.5633 0.0787 0.2547 0.0538 
        D284  5 0.3696 0.0745 0.1203 0.1301 0.3055 
        D285  5 0.0718 0.5541 0.0854 0.1445 0.1442 
        D286  5 0.0889 0.2987 0.0823 0.1514 0.3787 
        D287  5 0.0847 0.4146 0.0410 0.0295 0.4301 
        D288  5 0.0526 0.2751 0.1884 0.3679 0.1160 
        D308  5 0.7648 0.0760 0.0288 0.0996 0.0309 
        D309  5 0.0658 0.0406 0.0260 0.5343 0.3333 
        D310  5 0.0266 0.7995 0.0295 0.0312 0.1132 
        D311  5 0.0731 0.2568 0.1027 0.2497 0.3177 
        D312  5 0.1202 0.4346 0.0923 0.1740 0.1789 
        D313  5 0.8979 0.0370 0.0184 0.0207 0.0261 
        D314  5 0.1150 0.2154 0.2650 0.0691 0.3355 
        D315  5 0.1057 0.4244 0.0738 0.2701 0.1260 
        D317  5 0.0336 0.8049 0.0323 0.0674 0.0618 
        D318  5 0.1430 0.1543 0.1807 0.2299 0.2922 
        D319  5 0.0474 0.7989 0.0406 0.0499 0.0632 
        D320  5 0.0494 0.7881 0.0381 0.0512 0.0733 
        D321  5 0.6128 0.1632 0.0692 0.1202 0.0347 
        D336  5 0.0340 0.5933 0.0229 0.0421 0.3078 
        D337  5 0.0198 0.8499 0.0468 0.0362 0.0473 
        D338  5 0.1264 0.2734 0.1763 0.2079 0.2160 
        D339  5 0.0696 0.7263 0.0761 0.0526 0.0755 
        D347  5 0.0422 0.1178 0.1428 0.2042 0.4930 
        D348  5 0.0261 0.7433 0.0487 0.0459 0.1360 
        D349  5 0.7354 0.1516 0.0304 0.0426 0.0399 
        D350  5 0.0577 0.0382 0.0598 0.3314 0.5129 
        D355  5 0.0384 0.0454 0.4766 0.1755 0.2641 
        D356  5 0.1330 0.3922 0.0498 0.3006 0.1244 
        D357  5 0.0970 0.2170 0.1219 0.0935 0.4706 
        D358  5 0.1437 0.5186 0.0747 0.1322 0.1307 
        D359  5 0.0377 0.4776 0.0352 0.3721 0.0774 
        D360  5 0.1099 0.6012 0.0360 0.1523 0.1007 
        D361  5 0.8348 0.0668 0.0288 0.0370 0.0326 
        D366  5 0.0651 0.0400 0.2780 0.5663 0.0507 
        D367  5 0.0869 0.5482 0.0388 0.0362 0.2899 
        D368  5 0.2175 0.4360 0.0510 0.1434 0.1522 
        D380  5 0.1680 0.0736 0.0850 0.4796 0.1937 
        D381  5 0.0711 0.6268 0.0754 0.1115 0.1153 
        D400  5 0.0536 0.3498 0.2412 0.1043 0.2511 
        D411  5 0.8281 0.0258 0.0425 0.0246 0.0790 
        D412  5 0.1764 0.1538 0.2808 0.1016 0.2873 
        D413  5 0.0677 0.0520 0.7107 0.1064 0.0632 
        D414  5 0.0467 0.0643 0.3120 0.1127 0.4643 
        D420  5 0.2705 0.1445 0.1566 0.0750 0.3534 
        D431  5 0.1255 0.1945 0.2030 0.0358 0.4412 
        D432  5 0.1267 0.6122 0.1066 0.0983 0.0563 
        D433  5 0.0592 0.6560 0.1152 0.0919 0.0777 
        D434  5 0.1230 0.5054 0.0610 0.2017 0.1088 
        D440  5 0.0551 0.0445 0.0383 0.3596 0.5024 
        D447  5 0.1180 0.0463 0.1311 0.4312 0.2735 
        D448  5 0.0309 0.5124 0.0749 0.0765 0.3054 
        D459  5 0.0315 0.0495 0.7601 0.1040 0.0550 
        D460  5 0.6946 0.1303 0.0375 0.1076 0.0300 
        D461  5 0.0346 0.0491 0.0360 0.5618 0.3185 
        D468  5 0.1253 0.2756 0.1036 0.2746 0.2209 
        D469  5 0.1391 0.1354 0.0609 0.5469 0.1177 
        D470  5 0.2331 0.1568 0.0738 0.1264 0.4098 
        D471  5 0.0268 0.5577 0.0922 0.0933 0.2300 
        D472  5 0.0298 0.0342 0.1598 0.7408 0.0354 
        D479  5 0.0372 0.0442 0.7359 0.0543 0.1284 
        D485  5 0.0848 0.1493 0.0839 0.0852 0.5969 
        D486  5 0.2345 0.1644 0.0647 0.1872 0.3492 
        D487  5 0.0491 0.3513 0.3557 0.0505 0.1934 
        D555  5 0.0330 0.8170 0.0694 0.0399 0.0407 
        D556  5 0.1362 0.3451 0.1749 0.1029 0.2408 
        D557  5 0.0243 0.8400 0.0375 0.0495 0.0487 
        D564  5 0.1488 0.4285 0.0520 0.1149 0.2558 
        D594  5 0.0849 0.1408 0.1418 0.2995 0.3330 
        D595  5 0.0900 0.4285 0.1482 0.2130 0.1203 
        D596  5 0.0309 0.8470 0.0435 0.0349 0.0437 
        D597  5 0.0505 0.3180 0.3337 0.2284 0.0694 
        D598  5 0.2257 0.4412 0.0878 0.1422 0.1031 
        D617  5 0.6161 0.0322 0.2078 0.0448 0.0991 
        D618  5 0.0634 0.6307 0.1218 0.1161 0.0680 
        D619  5 0.2944 0.2320 0.0996 0.2316 0.1424 
        D620  5 0.0301 0.0421 0.8417 0.0575 0.0286 
        D628  5 0.2257 0.1746 0.0868 0.1398 0.3730 
        D714  5 0.0724 0.4990 0.2032 0.0364 0.1889 
        D715  5 0.0403 0.7286 0.0735 0.1179 0.0398 
        D716  5 0.0351 0.1141 0.1931 0.1411 0.5166 
        D717  5 0.1692 0.1866 0.0606 0.4837 0.0998 
        D718  5 0.1259 0.1590 0.0819 0.0302 0.6030 
        D769  5 0.5511 0.0425 0.1575 0.0500 0.1990 
        D770  5 0.0709 0.2105 0.4012 0.0770 0.2404 
        D771  5 0.1323 0.1323 0.3440 0.1000 0.2914 
        D772  5 0.0913 0.4788 0.0690 0.1478 0.2131 
        D782  5 0.3920 0.0794 0.2828 0.0813 0.1645 
        D783  5 0.0497 0.1873 0.4660 0.0729 0.2241 
        D784  5 0.0748 0.1931 0.0754 0.5732 0.0834 
        D785  5 0.1095 0.6938 0.0346 0.0744 0.0877 
        D786  5 0.4485 0.0328 0.0780 0.2399 0.2009 
        D821  5 0.0189 0.9084 0.0203 0.0242 0.0282 
        D822  5 0.0609 0.1799 0.1153 0.4222 0.2216 
        D826  5 0.0434 0.4935 0.2911 0.0806 0.0915 
        D827  5 0.0673 0.0702 0.1128 0.5352 0.2145 
        D851  5 0.1554 0.2457 0.1135 0.2338 0.2516 
        D852  5 0.1352 0.3659 0.2999 0.0576 0.1414 
        D853  5 0.0808 0.4478 0.1162 0.1283 0.2269 
        D854  5 0.0932 0.0489 0.2558 0.1630 0.4391 
        D861  5 0.1451 0.2371 0.3059 0.1005 0.2114 
        D862  5 0.0650 0.3451 0.0471 0.3866 0.1562 
        D865  5 0.0650 0.7396 0.0861 0.0478 0.0615 
        D868  5 0.0702 0.1161 0.0542 0.7054 0.0540 
        D869  5 0.7882 0.0578 0.0456 0.0581 0.0502 
        D870  5 0.2283 0.0455 0.0889 0.1810 0.4562 
        D907  5 0.0806 0.7185 0.0516 0.0381 0.1112 
        D908  5 0.0636 0.4231 0.3796 0.0418 0.0918 
        D910  5 0.0407 0.4407 0.2869 0.1116 0.1200 
        D911  5 0.0266 0.0723 0.5566 0.1511 0.1934 
        D934  5 0.0641 0.2124 0.3614 0.1059 0.2563 
        D946  5 0.0834 0.1108 0.2384 0.0478 0.5196 
        D947  5 0.1035 0.1194 0.1108 0.2719 0.3944 
        D948  5 0.6875 0.2013 0.0307 0.0576 0.0228 
        D949  5 0.7173 0.1237 0.0323 0.0881 0.0386 
        D950  5 0.0386 0.0650 0.6454 0.1376 0.1134 
        D951  5 0.0717 0.0465 0.0556 0.5043 0.3218 
        D952  5 0.0466 0.1108 0.0752 0.6629 0.1046 
        D953  5 0.0710 0.6536 0.0509 0.1562 0.0683 
        D954  5 0.0632 0.3661 0.0417 0.4572 0.0718 
        D961  5 0.0889 0.2373 0.0569 0.0492 0.5677 
        D962  5 0.0463 0.6379 0.0216 0.0897 0.2044 
        D963  5 0.0528 0.3690 0.1004 0.3571 0.1207 
        D964  5 0.1882 0.1723 0.1609 0.0852 0.3934 
        D965  5 0.0703 0.1304 0.1317 0.1182 0.5494 
        D966  5 0.0545 0.4398 0.1624 0.2278 0.1155 
        D967  5 0.1556 0.3815 0.2766 0.0814 0.1049 
        D991  5 0.2818 0.1969 0.0504 0.1392 0.3317 
        D502  6 0.1170 0.0244 0.2087 0.0470 0.6029 
        D503  6 0.2751 0.1264 0.4231 0.0446 0.1309 
        D504  6 0.1352 0.1672 0.1169 0.4292 0.1515 
        D505  6 0.1151 0.4050 0.1773 0.1387 0.1639 
        D506  6 0.0319 0.8529 0.0239 0.0487 0.0425 
        D507  6 0.2291 0.0857 0.2576 0.1166 0.3110 
        D508  6 0.0583 0.0600 0.1482 0.2345 0.4991 
        D529  6 0.2857 0.1920 0.0881 0.1928 0.2413 
        D530  6 0.1743 0.2174 0.0854 0.0387 0.4843 
        D531  6 0.1017 0.1677 0.1193 0.2893 0.3220 
        D532  6 0.0689 0.2529 0.0974 0.2813 0.2994 
        D534  6 0.7405 0.0360 0.0497 0.0748 0.0990 
        D535  6 0.1195 0.4670 0.0464 0.2218 0.1453 
        D536  6 0.1023 0.0262 0.7564 0.0300 0.0851 
        D554  6 0.1708 0.3383 0.0633 0.0728 0.3549 
        D587  6 0.0596 0.7263 0.0510 0.1079 0.0551 
        D588  6 0.0943 0.4394 0.0714 0.2831 0.1117 
        D589  6 0.1046 0.2003 0.4053 0.0589 0.2308 
        D590  6 0.0771 0.0431 0.7544 0.0566 0.0688 
        D591  6 0.1617 0.3408 0.2101 0.1283 0.1591 
        D592  6 0.7816 0.0737 0.0425 0.0690 0.0333 
        D593  6 0.0599 0.2988 0.0701 0.0353 0.5359 
        D682  6 0.0407 0.8488 0.0346 0.0363 0.0396 
        D683  6 0.0671 0.3223 0.0370 0.4824 0.0913 
        D684  6 0.3316 0.0342 0.3314 0.0752 0.2276 
        D685  6 0.1007 0.0982 0.1794 0.0340 0.5877 
        D686  6 0.0931 0.3207 0.0498 0.0676 0.4688 
        D724  6 0.1250 0.0326 0.1287 0.2017 0.5120 
        D725  6 0.1036 0.2143 0.2615 0.0795 0.3411 
        D726  6 0.0423 0.8301 0.0310 0.0475 0.0491 
        D727  6 0.0998 0.0872 0.4626 0.2200 0.1304 
        D728  6 0.0801 0.6372 0.0420 0.1022 0.1385 
        D729  6 0.3976 0.0359 0.2365 0.2325 0.0976 
        D730  6 0.2408 0.0528 0.2278 0.1611 0.3175 
        D731  6 0.0179 0.7941 0.1375 0.0213 0.0292 
        D732  6 0.0976 0.0787 0.0871 0.4306 0.3060 
        D733  6 0.2022 0.1465 0.0922 0.1652 0.3939 
     D237251  7 0.0740 0.1051 0.3867 0.0596 0.3747 
     D237252  7 0.3390 0.0458 0.2919 0.0782 0.2452 
     D237253  7 0.0515 0.2453 0.3367 0.0752 0.2913 
     D237254  7 0.7761 0.0281 0.0443 0.0455 0.1061 
     D237255  7 0.0412 0.1055 0.6980 0.0450 0.1103 
     D237256  7 0.0302 0.0560 0.4118 0.0845 0.4175 
     D237257  7 0.2299 0.0374 0.1185 0.0767 0.5375 
     D237282  7 0.1315 0.0338 0.1267 0.6134 0.0946 
     D237283  7 0.7684 0.0570 0.0467 0.0207 0.1073 
     D237284  7 0.7527 0.0357 0.0517 0.0833 0.0766 
     D237285  7 0.0532 0.1833 0.2025 0.0749 0.4861 
     D237286  7 0.0957 0.3056 0.1619 0.2351 0.2017 
     D237287  7 0.0803 0.0869 0.5057 0.1670 0.1602 
     D244006  7 0.8186 0.0277 0.0450 0.0437 0.0651 
     D244007  7 0.1132 0.0540 0.5145 0.2008 0.1175 
     D244008  7 0.7183 0.0855 0.0419 0.0394 0.1150 
     D244009  7 0.4827 0.1264 0.0493 0.1645 0.1772 
     D244010  7 0.2845 0.0652 0.1210 0.0803 0.4491 
     D244011  7 0.1250 0.3053 0.1352 0.0468 0.3878 
     D244012  7 0.1245 0.0545 0.3059 0.1170 0.3981 
     D244013  7 0.0828 0.2723 0.3150 0.1455 0.1843 
     D244014  7 0.3282 0.1093 0.2495 0.0821 0.2310 
     D244015  7 0.3790 0.0481 0.1566 0.1574 0.2589 
     D244125  7 0.0708 0.4579 0.1978 0.2022 0.0713 
     D244126  7 0.7875 0.0202 0.0244 0.0284 0.1396 
     D244130  7 0.2200 0.0768 0.0959 0.0725 0.5349 
     D244131  7 0.1899 0.3908 0.0923 0.2162 0.1107 
     D244132  7 0.0890 0.3320 0.0497 0.3715 0.1578 
        D520  7 0.2347 0.1311 0.0418 0.1031 0.4895 
        D521  7 0.1461 0.0775 0.1062 0.1942 0.4759 
        D522  7 0.5814 0.1132 0.0610 0.1906 0.0538 
        D523  7 0.0685 0.1232 0.6079 0.0514 0.1490 
        D524  7 0.1664 0.2516 0.3085 0.1164 0.1571 
        D525  7 0.5656 0.0834 0.2172 0.0495 0.0843 
        D526  7 0.7803 0.0268 0.0358 0.0722 0.0848 
        D527  7 0.1496 0.1442 0.1142 0.3102 0.2818 
        D528  7 0.2196 0.0212 0.0179 0.1793 0.5620 
        D558  7 0.1660 0.0456 0.1765 0.2389 0.3731 
        D559  7 0.1281 0.0280 0.1560 0.2822 0.4057 
        D640  7 0.1008 0.4097 0.1644 0.1850 0.1400 
        D641  7 0.1834 0.4066 0.1643 0.0363 0.2094 
        D642  7 0.5453 0.0719 0.1878 0.0711 0.1239 
        D644  7 0.2983 0.2480 0.1254 0.1339 0.1944 
        D645  7 0.1967 0.1950 0.2777 0.1311 0.1994 
        D662  7 0.6312 0.1362 0.0216 0.1664 0.0446 
        D687  7 0.0873 0.2035 0.1953 0.1479 0.3660 
        D688  7 0.1323 0.0339 0.1448 0.4027 0.2863 
        D689  7 0.1524 0.3421 0.1289 0.2659 0.1108 
        D700  7 0.2014 0.0181 0.0323 0.1979 0.5504 
        D797  7 0.0985 0.2308 0.1524 0.2543 0.2639 
        D798  7 0.5618 0.0691 0.0458 0.0952 0.2280 
        D799  7 0.1710 0.0833 0.3420 0.0655 0.3382 
        D800  7 0.1024 0.0432 0.1253 0.5539 0.1753 
        D132  8 0.8144 0.0468 0.0363 0.0498 0.0527 
        D133  8 0.0678 0.0252 0.8512 0.0200 0.0358 
        D200  8 0.0316 0.0241 0.0758 0.0331 0.8354 
        D500  8 0.8664 0.0364 0.0213 0.0391 0.0368 
        D614  8 0.1535 0.4161 0.0624 0.1131 0.2549 
        D723  8 0.2648 0.0640 0.1458 0.3921 0.1333 
        D888  8 0.0350 0.1486 0.6119 0.0691 0.1354 
        D901  8 0.2463 0.0726 0.1077 0.0271 0.5463 
        D902  8 0.0815 0.6541 0.0534 0.0496 0.1614 
        D903  8 0.0516 0.1430 0.0766 0.5373 0.1915 
        D904  8 0.1535 0.0898 0.1042 0.3746 0.2779 
        D905  8 0.0267 0.3300 0.5038 0.0244 0.1151 
        D906  8 0.0969 0.0586 0.5129 0.1194 0.2121 
        D937  8 0.0500 0.7779 0.0467 0.0208 0.1046 
        D943  8 0.2500 0.0683 0.1416 0.1278 0.4123 
        D972  8 0.3494 0.0534 0.1174 0.2469 0.2329 
        D973  8 0.1103 0.0495 0.0355 0.7243 0.0805 
        D974  8 0.2099 0.1371 0.1456 0.1753 0.3321 
        D975  8 0.0597 0.0751 0.0906 0.0557 0.7188 
        D976  8 0.1257 0.1775 0.1196 0.0570 0.5201 
        D201  9 0.1114 0.0707 0.4336 0.1352 0.2491 
        D202  9 0.0678 0.0476 0.1250 0.0238 0.7357 
     D237259  9 0.2660 0.0298 0.1301 0.2205 0.3537 
     D237260  9 0.1476 0.0753 0.4955 0.0351 0.2465 
     D237262  9 0.8283 0.0463 0.0261 0.0391 0.0602 
     D237263  9 0.5247 0.0516 0.2323 0.0745 0.1170 
     D237264  9 0.2748 0.2296 0.1827 0.1157 0.1971 
     D237265  9 0.0815 0.1640 0.5946 0.0375 0.1224 
     D237266  9 0.2363 0.0355 0.6256 0.0632 0.0395 
     D237267  9 0.1010 0.1121 0.0724 0.0569 0.6577 
     D237268  9 0.4201 0.0710 0.0526 0.1548 0.3015 
     D237289  9 0.1055 0.3333 0.3662 0.0417 0.1533 
     D237290  9 0.0460 0.0664 0.7877 0.0375 0.0625 
     D237291  9 0.0746 0.0668 0.6834 0.0461 0.1290 
     D237292  9 0.1700 0.0459 0.5215 0.0454 0.2172 
     D237293  9 0.2485 0.1674 0.0906 0.1496 0.3440 
     D237294  9 0.3384 0.0669 0.1941 0.0293 0.3713 
     D237295  9 0.2548 0.2078 0.0395 0.2886 0.2093 
     D237296  9 0.2018 0.1256 0.1607 0.1036 0.4083 
     D237297  9 0.0507 0.3732 0.0622 0.0509 0.4630 
     D237298  9 0.1982 0.1117 0.1771 0.2514 0.2617 
     D237341  9 0.1487 0.1135 0.3672 0.1416 0.2291 
     D237342  9 0.3811 0.0711 0.0869 0.0419 0.4190 
     D237343  9 0.3544 0.0734 0.3416 0.0734 0.1573 
     D237344  9 0.1290 0.4011 0.1967 0.0885 0.1848 
     D237345  9 0.7232 0.0209 0.0597 0.0383 0.1579 
     D237346  9 0.1903 0.1978 0.4449 0.0593 0.1077 
     D237347  9 0.0675 0.7030 0.0942 0.0611 0.0742 
     D237348  9 0.3559 0.1289 0.2095 0.1099 0.1959 
     D237349  9 0.2579 0.0351 0.4555 0.2006 0.0510 
     D244109  9 0.1005 0.0214 0.6487 0.1015 0.1280 
     D244110  9 0.0644 0.0297 0.7706 0.0548 0.0804 
     D244111  9 0.1109 0.0836 0.2768 0.1142 0.4146 
     D244128  9 0.3755 0.0324 0.0643 0.0319 0.4958 
     D244137  9 0.1914 0.0940 0.0930 0.5343 0.0874 
     D244138  9 0.1454 0.1439 0.3266 0.0425 0.3416 
        D580  9 0.3330 0.0441 0.0347 0.1199 0.4683 
        D581  9 0.0543 0.0384 0.7825 0.0270 0.0978 
        D582  9 0.6848 0.0240 0.0229 0.0321 0.2362 
        D583  9 0.1367 0.0253 0.7553 0.0269 0.0558 
        D584  9 0.2742 0.3358 0.0627 0.0379 0.2894 
        D585  9 0.4497 0.0648 0.1896 0.0526 0.2434 
        D586  9 0.0356 0.3208 0.5534 0.0458 0.0444 
        D651  9 0.0827 0.1727 0.1310 0.5583 0.0552 
        D652  9 0.5857 0.0392 0.1529 0.1470 0.0751 
        D653  9 0.0734 0.1727 0.3653 0.2184 0.1702 
        D654  9 0.1732 0.0466 0.3494 0.3141 0.1168 
        D655  9 0.0930 0.3866 0.2625 0.1282 0.1297 
        D656  9 0.7382 0.0389 0.0518 0.0532 0.1179 
        D657  9 0.2493 0.0532 0.1209 0.0698 0.5069 
        D667  9 0.1008 0.5113 0.2136 0.1004 0.0738 
        D668  9 0.4547 0.1877 0.1595 0.0680 0.1302 
        D669  9 0.1177 0.1006 0.3854 0.0927 0.3036 
        D670  9 0.0711 0.0528 0.0722 0.6786 0.1253 
        D671  9 0.0768 0.0855 0.6119 0.0541 0.1717 
        D672  9 0.5033 0.0428 0.1132 0.0482 0.2924 
        D673  9 0.2076 0.3026 0.0736 0.1481 0.2680 
        D692  9 0.4025 0.0392 0.3130 0.0738 0.1715 
        D693  9 0.2783 0.2515 0.1130 0.1651 0.1920 
        D694  9 0.5067 0.0577 0.0668 0.0347 0.3340 
        D695  9 0.4901 0.0970 0.0690 0.2635 0.0804 
        D696  9 0.0252 0.8249 0.0247 0.0241 0.1011 
        D697  9 0.1452 0.4881 0.2068 0.1044 0.0555 
        D698  9 0.1134 0.2518 0.4047 0.0635 0.1667 
        D699  9 0.1302 0.4719 0.1082 0.0451 0.2447 
        D787  9 0.3648 0.0513 0.2032 0.3257 0.0551 
        D788  9 0.1183 0.2929 0.0405 0.0912 0.4571 
        D789  9 0.1687 0.1480 0.1673 0.0411 0.4750 
        D790  9 0.3158 0.1684 0.2603 0.1900 0.0655 
        D791  9 0.0664 0.1395 0.3497 0.0384 0.4059 
        D792  9 0.2861 0.0914 0.2597 0.3122 0.0506 
        D793  9 0.0625 0.6290 0.0785 0.1989 0.0312 
        D794  9 0.1093 0.3239 0.1913 0.3109 0.0646 
        D795  9 0.4817 0.1022 0.0533 0.0241 0.3386 
        D796  9 0.1112 0.2156 0.4012 0.0603 0.2117 
        D142 10 0.0536 0.2254 0.1613 0.1466 0.4132 
        D143 10 0.0681 0.0754 0.7443 0.0534 0.0588 
        D144 10 0.2458 0.3091 0.0893 0.1739 0.1819 
        D145 10 0.0578 0.1394 0.5512 0.0669 0.1847 
        D146 10 0.4388 0.0833 0.0540 0.0665 0.3575 
        D147 10 0.1218 0.0457 0.0994 0.0920 0.6410 
        D148 10 0.1509 0.1271 0.0795 0.2059 0.4366 
        D149 10 0.0542 0.0575 0.7400 0.0751 0.0732 
        D151 10 0.2045 0.1319 0.1506 0.0804 0.4326 
        D152 10 0.0285 0.0270 0.8566 0.0217 0.0661 
        D153 10 0.0826 0.1536 0.0506 0.4417 0.2714 
        D156 10 0.0410 0.0366 0.0812 0.3746 0.4666 
        D157 10 0.1919 0.3672 0.0696 0.0733 0.2979 
        D158 10 0.0797 0.1569 0.1705 0.0269 0.5660 
        D159 10 0.0293 0.0439 0.8421 0.0494 0.0352 
        D160 10 0.0347 0.5738 0.3357 0.0176 0.0381 
        D161 10 0.1549 0.1966 0.1486 0.3810 0.1188 
        D162 10 0.0395 0.1295 0.1736 0.3227 0.3346 
        D169 10 0.7922 0.0530 0.0550 0.0568 0.0431 
        D170 10 0.6248 0.0780 0.0380 0.1093 0.1499 
        D171 10 0.0883 0.2378 0.0439 0.0916 0.5385 
        D172 10 0.1113 0.0842 0.1475 0.1567 0.5004 
