        D174  1 0.5460 0.0382 0.1035 0.1522 0.1223 0.0377 
        D199  1 0.1938 0.2362 0.3507 0.0843 0.0575 0.0774 
        D203  1 0.1027 0.2377 0.2670 0.1558 0.1596 0.0771 
        D204  1 0.0300 0.0390 0.7560 0.0341 0.0341 0.1068 
     D237366  1 0.0839 0.0909 0.1027 0.1944 0.3267 0.2014 
     D237367  1 0.0466 0.0581 0.4641 0.2068 0.1558 0.0686 
     D237368  1 0.1254 0.0876 0.1888 0.0819 0.4607 0.0556 
     D244101  1 0.0326 0.1762 0.3226 0.0649 0.0353 0.3684 
     D244102  1 0.0994 0.0816 0.1171 0.2227 0.1557 0.3235 
     D244103  1 0.0714 0.0503 0.2250 0.4888 0.0900 0.0744 
     D244104  1 0.1264 0.0570 0.7023 0.0293 0.0522 0.0328 
     D244105  1 0.0265 0.0442 0.1892 0.2120 0.4674 0.0607 
     D244106  1 0.5821 0.1190 0.0777 0.1374 0.0403 0.0434 
     D244107  1 0.0334 0.1117 0.1166 0.0649 0.5932 0.0803 
     D244108  1 0.4968 0.0484 0.1601 0.0602 0.1622 0.0724 
     D244113  1 0.5735 0.0440 0.0280 0.0789 0.0447 0.2309 
     D244114  1 0.1538 0.1775 0.1234 0.3227 0.0832 0.1394 
     D244115  1 0.4355 0.0462 0.1651 0.1290 0.1757 0.0485 
     D267365  1 0.2809 0.0673 0.4067 0.0855 0.0882 0.0714 
        D404  1 0.4340 0.0545 0.0404 0.1337 0.0385 0.2989 
        D405  1 0.1517 0.1273 0.1416 0.1477 0.1079 0.3238 
        D406  1 0.0406 0.0206 0.0662 0.0310 0.7926 0.0490 
        D407  1 0.0379 0.0761 0.6611 0.0920 0.1104 0.0225 
        D408  1 0.6882 0.0711 0.0572 0.0993 0.0363 0.0478 
        D409  1 0.0721 0.0462 0.1157 0.6497 0.0611 0.0552 
        D410  1 0.1279 0.0177 0.1146 0.0452 0.6479 0.0466 
        D421  1 0.0315 0.0286 0.8902 0.0175 0.0162 0.0159 
        D422  1 0.0206 0.0410 0.0791 0.0498 0.7902 0.0193 
        D423  1 0.0556 0.0502 0.0826 0.0418 0.7461 0.0235 
        D424  1 0.0421 0.0229 0.7287 0.0787 0.0915 0.0361 
        D425  1 0.1472 0.0364 0.6441 0.0638 0.0500 0.0584 
        D426  1 0.0576 0.1689 0.0928 0.6068 0.0486 0.0252 
        D427  1 0.2023 0.4545 0.2589 0.0317 0.0320 0.0207 
        D428  1 0.2162 0.0592 0.3827 0.0906 0.1210 0.1303 
        D429  1 0.2961 0.0563 0.3975 0.1033 0.0600 0.0867 
        D430  1 0.1674 0.1317 0.1007 0.4792 0.0560 0.0650 
        D491  1 0.7295 0.0219 0.1124 0.0636 0.0289 0.0436 
        D492  1 0.2103 0.0695 0.2667 0.1459 0.1624 0.1450 
        D537  1 0.0371 0.0274 0.7561 0.0360 0.0735 0.0700 
        D538  1 0.1378 0.0785 0.0874 0.3404 0.2351 0.1209 
        D539  1 0.2837 0.1442 0.0685 0.1578 0.1666 0.1790 
        D540  1 0.0759 0.0570 0.4351 0.2849 0.1018 0.0453 
        D541  1 0.0230 0.0279 0.8675 0.0243 0.0373 0.0200 
        D551  1 0.0576 0.5135 0.1269 0.1498 0.0947 0.0575 
        D552  1 0.2950 0.0493 0.2322 0.0685 0.2959 0.0591 
        D553  1 0.0252 0.0230 0.8831 0.0237 0.0227 0.0225 
        D615  1 0.1264 0.1087 0.4112 0.1595 0.1528 0.0414 
        D616  1 0.1155 0.1263 0.3511 0.1171 0.2542 0.0359 
        D621  1 0.1380 0.0349 0.0345 0.0480 0.5379 0.2066 
        D622  1 0.0580 0.0338 0.0612 0.0590 0.7176 0.0704 
        D623  1 0.3095 0.1328 0.0390 0.0505 0.0405 0.4277 
        D624  1 0.8355 0.0228 0.0544 0.0430 0.0246 0.0197 
        D625  1 0.0843 0.0257 0.6427 0.1079 0.0746 0.0649 
        D626  1 0.4727 0.0549 0.1771 0.0840 0.1500 0.0613 
        D627  1 0.0379 0.0618 0.1076 0.7289 0.0378 0.0260 
        D690  1 0.0921 0.0162 0.7333 0.0326 0.0900 0.0358 
        D691  1 0.0478 0.0350 0.0949 0.0764 0.7093 0.0366 
        D710  1 0.2269 0.0552 0.3252 0.0903 0.1419 0.1604 
        D711  1 0.0539 0.0302 0.7184 0.0597 0.0611 0.0768 
        D712  1 0.6472 0.0671 0.0561 0.0704 0.0735 0.0856 
        D713  1 0.2239 0.0276 0.2149 0.1068 0.1107 0.3162 
        D746  1 0.0297 0.0251 0.0825 0.0351 0.7962 0.0314 
        D747  1 0.0314 0.0292 0.8646 0.0212 0.0203 0.0332 
        D748  1 0.0649 0.0314 0.3614 0.1928 0.2645 0.0851 
        D749  1 0.1549 0.0562 0.0374 0.0964 0.5213 0.1339 
        D750  1 0.6466 0.0339 0.1433 0.0437 0.0800 0.0526 
        D763  1 0.0380 0.2371 0.1985 0.1651 0.0933 0.2680 
        D764  1 0.2296 0.0270 0.5448 0.0554 0.1240 0.0192 
        D765  1 0.2528 0.0286 0.0760 0.1411 0.4703 0.0313 
        D766  1 0.0804 0.0270 0.2530 0.0675 0.4394 0.1328 
        D767  1 0.0479 0.0637 0.1236 0.1560 0.1403 0.4686 
        D768  1 0.0178 0.0234 0.8836 0.0245 0.0300 0.0207 
        D811  1 0.4898 0.0403 0.0566 0.2313 0.0755 0.1065 
        D816  1 0.0455 0.0180 0.8412 0.0272 0.0307 0.0374 
        D825  1 0.3788 0.0287 0.2050 0.1648 0.1420 0.0807 
        D866  1 0.3574 0.3560 0.0627 0.1214 0.0654 0.0372 
        D867  1 0.0399 0.0432 0.0433 0.0449 0.7152 0.1135 
        D871  1 0.0513 0.0289 0.0546 0.7943 0.0284 0.0426 
        D872  1 0.0621 0.0533 0.4655 0.1252 0.1983 0.0956 
        D873  1 0.0836 0.0202 0.0123 0.0252 0.8074 0.0513 
        D874  1 0.1508 0.0400 0.1009 0.0518 0.0256 0.6309 
        D875  1 0.0360 0.0207 0.0372 0.8030 0.0743 0.0288 
        D876  1 0.1351 0.0368 0.5470 0.0783 0.0849 0.1180 
        D877  1 0.3576 0.0354 0.0611 0.1398 0.0223 0.3839 
        D892  1 0.1788 0.0259 0.4283 0.1558 0.1233 0.0879 
        D893  1 0.0396 0.0645 0.6391 0.0873 0.0721 0.0975 
        D894  1 0.1144 0.0560 0.4985 0.2034 0.0793 0.0484 
        D915  1 0.0753 0.0411 0.6312 0.0729 0.1486 0.0310 
        D916  1 0.0387 0.0174 0.8567 0.0326 0.0346 0.0201 
        D917  1 0.3409 0.1192 0.2089 0.1115 0.0568 0.1628 
        D925  1 0.1896 0.0322 0.1541 0.0355 0.5648 0.0238 
        D926  1 0.1119 0.0383 0.5273 0.1522 0.0948 0.0755 
        D927  1 0.0707 0.2721 0.4274 0.1022 0.0512 0.0763 
        D928  1 0.7816 0.0224 0.1129 0.0254 0.0247 0.0330 
        D929  1 0.0654 0.0247 0.0407 0.1206 0.0700 0.6787 
        D936  1 0.0623 0.0849 0.5451 0.0561 0.0395 0.2121 
        D938  1 0.0323 0.0215 0.0455 0.0324 0.8230 0.0453 
        D956  1 0.7259 0.0387 0.0370 0.1224 0.0332 0.0428 
        D957  1 0.0737 0.0492 0.2567 0.0986 0.3790 0.1427 
        D958  1 0.1462 0.0254 0.3540 0.0818 0.2845 0.1081 
        D959  1 0.0254 0.0689 0.7169 0.0781 0.0926 0.0181 
        D960  1 0.0586 0.0215 0.0299 0.0386 0.7983 0.0531 
        D989  1 0.6318 0.1338 0.0791 0.0667 0.0372 0.0514 
        D990  1 0.1424 0.0580 0.0239 0.0716 0.6780 0.0261 
        D023  2 0.0290 0.0319 0.1116 0.0294 0.7701 0.0281 
        D130  2 0.0236 0.0343 0.0976 0.1281 0.6729 0.0435 
        D131  2 0.0551 0.0697 0.3709 0.3718 0.0625 0.0700 
        D163  2 0.0583 0.0265 0.1504 0.0402 0.6886 0.0360 
        D164  2 0.0373 0.4522 0.0186 0.0180 0.4511 0.0228 
        D165  2 0.0329 0.0541 0.0531 0.0428 0.7848 0.0323 
        D166  2 0.0412 0.0706 0.0703 0.4940 0.0846 0.2393 
        D167  2 0.0519 0.8351 0.0212 0.0370 0.0217 0.0331 
        D192  2 0.0271 0.8844 0.0152 0.0202 0.0213 0.0317 
        D193  2 0.3196 0.0748 0.0388 0.1406 0.0846 0.3416 
        D206  2 0.0447 0.2509 0.3530 0.1368 0.1201 0.0945 
        D207  2 0.0332 0.7255 0.0614 0.0997 0.0313 0.0488 
        D208  2 0.3772 0.2472 0.0831 0.1059 0.0726 0.1141 
        D209  2 0.0495 0.3999 0.0671 0.0848 0.0951 0.3036 
        D210  2 0.4925 0.2204 0.1084 0.0648 0.0581 0.0559 
     D229599  2 0.1194 0.0970 0.2383 0.1123 0.1357 0.2972 
     D229600  2 0.0296 0.2768 0.0550 0.0880 0.5102 0.0404 
     D237227  2 0.5902 0.0818 0.0650 0.0649 0.1607 0.0374 
     D237228  2 0.4520 0.0887 0.0252 0.0798 0.3258 0.0285 
     D237258  2 0.1434 0.2675 0.1181 0.1131 0.2188 0.1390 
     D237310  2 0.1012 0.0691 0.0220 0.3592 0.3552 0.0933 
     D237311  2 0.1080 0.1729 0.0248 0.0985 0.5502 0.0456 
     D237312  2 0.1099 0.0347 0.0554 0.3330 0.2593 0.2077 
     D237313  2 0.1593 0.0520 0.4033 0.1286 0.1506 0.1062 
     D237322  2 0.1633 0.1744 0.0535 0.3160 0.0833 0.2095 
     D237323  2 0.2583 0.0425 0.0225 0.1163 0.5045 0.0559 
     D237324  2 0.0275 0.3422 0.0794 0.1362 0.3541 0.0607 
     D237325  2 0.1279 0.0634 0.0632 0.1571 0.4228 0.1657 
     D237326  2 0.1631 0.0415 0.1006 0.0431 0.6021 0.0497 
     D237327  2 0.0783 0.4422 0.1023 0.1642 0.0835 0.1297 
     D237337  2 0.1571 0.0222 0.0525 0.0993 0.6186 0.0503 
     D237338  2 0.1914 0.1059 0.0905 0.1446 0.2861 0.1815 
     D237339  2 0.0298 0.2143 0.0711 0.0537 0.0345 0.5967 
     D237340  2 0.2836 0.1752 0.0333 0.1043 0.3040 0.0996 
     D237389  2 0.0814 0.0976 0.0330 0.1427 0.5523 0.0930 
     D237390  2 0.1748 0.0442 0.0802 0.2187 0.2944 0.1877 
     D244017  2 0.3715 0.2914 0.0537 0.1249 0.0619 0.0967 
     D244112  2 0.0326 0.8015 0.0240 0.0754 0.0403 0.0263 
     D244118  2 0.0332 0.4988 0.0184 0.0224 0.3762 0.0511 
     D244119  2 0.6453 0.2455 0.0265 0.0278 0.0326 0.0223 
     D244120  2 0.1038 0.5031 0.0197 0.1324 0.0437 0.1972 
     D244122  2 0.0587 0.6800 0.0405 0.0659 0.0757 0.0791 
        D291  2 0.0469 0.4180 0.1205 0.2863 0.0791 0.0491 
        D292  2 0.1258 0.4191 0.2546 0.0532 0.0581 0.0892 
        D293  2 0.0204 0.7192 0.1309 0.0398 0.0199 0.0698 
        D322  2 0.0275 0.5131 0.1608 0.0696 0.0745 0.1545 
        D323  2 0.0848 0.1582 0.1751 0.1936 0.0681 0.3202 
        D324  2 0.1336 0.2132 0.2803 0.1913 0.1382 0.0435 
        D325  2 0.0167 0.8397 0.0651 0.0309 0.0198 0.0277 
        D326  2 0.0353 0.0247 0.8782 0.0240 0.0166 0.0213 
        D340  2 0.0257 0.8662 0.0315 0.0241 0.0278 0.0248 
        D341  2 0.0475 0.6945 0.0816 0.0731 0.0495 0.0538 
        D342  2 0.0331 0.6142 0.0280 0.0902 0.1900 0.0444 
        D343  2 0.0136 0.9127 0.0263 0.0181 0.0115 0.0178 
        D344  2 0.0407 0.0544 0.2109 0.1065 0.0461 0.5413 
        D345  2 0.0808 0.0654 0.3309 0.0761 0.2465 0.2003 
        D346  2 0.6371 0.0879 0.0752 0.0961 0.0446 0.0591 
        D351  2 0.0372 0.0979 0.3345 0.3385 0.0775 0.1144 
        D352  2 0.0601 0.0501 0.0358 0.0851 0.0383 0.7307 
        D353  2 0.0281 0.0504 0.4507 0.2048 0.0330 0.2330 
        D354  2 0.0890 0.0263 0.1083 0.0527 0.0669 0.6567 
        D362  2 0.0349 0.0331 0.8217 0.0284 0.0520 0.0299 
        D363  2 0.0537 0.0328 0.8042 0.0432 0.0367 0.0294 
        D364  2 0.0909 0.0364 0.3712 0.0461 0.0587 0.3966 
        D365  2 0.0273 0.8608 0.0365 0.0220 0.0179 0.0355 
        D369  2 0.2576 0.2264 0.2727 0.1052 0.1034 0.0346 
        D374  2 0.6572 0.0344 0.0316 0.0363 0.0344 0.2062 
        D375  2 0.0342 0.0208 0.0395 0.0527 0.0336 0.8193 
        D376  2 0.6346 0.0337 0.0223 0.0421 0.0526 0.2147 
        D377  2 0.1535 0.0963 0.0802 0.2969 0.1971 0.1759 
        D378  2 0.0414 0.2801 0.2489 0.1042 0.0777 0.2477 
        D379  2 0.0378 0.0232 0.8022 0.0430 0.0270 0.0669 
        D384  2 0.0360 0.0211 0.8708 0.0316 0.0216 0.0189 
        D385  2 0.0477 0.6923 0.0349 0.0372 0.0335 0.1545 
        D386  2 0.0293 0.0472 0.2205 0.1120 0.0724 0.5186 
        D391  2 0.0266 0.7347 0.0536 0.0384 0.0273 0.1195 
        D392  2 0.1065 0.5910 0.0942 0.0631 0.1054 0.0399 
        D393  2 0.0329 0.1918 0.4025 0.0864 0.0834 0.2029 
        D394  2 0.0879 0.0842 0.1055 0.1268 0.3255 0.2701 
        D395  2 0.0277 0.2366 0.0336 0.0709 0.0347 0.5965 
        D401  2 0.2006 0.0404 0.0311 0.0704 0.6371 0.0203 
        D402  2 0.0261 0.8246 0.0261 0.0302 0.0280 0.0650 
        D403  2 0.0305 0.0456 0.4425 0.2109 0.0914 0.1791 
        D415  2 0.0258 0.0275 0.6696 0.1395 0.0949 0.0427 
        D435  2 0.0260 0.2154 0.6021 0.0460 0.0576 0.0529 
        D436  2 0.0852 0.0363 0.2287 0.0835 0.0471 0.5193 
        D438  2 0.0267 0.8846 0.0216 0.0243 0.0218 0.0210 
        D439  2 0.0277 0.1037 0.1231 0.0984 0.0989 0.5482 
        D449  2 0.0393 0.6190 0.2159 0.0510 0.0399 0.0348 
        D450  2 0.1933 0.0425 0.1405 0.3109 0.0708 0.2420 
        D456  2 0.0238 0.0207 0.8658 0.0456 0.0201 0.0239 
        D462  2 0.0194 0.7786 0.0473 0.0294 0.0248 0.1006 
        D463  2 0.0347 0.0155 0.8673 0.0312 0.0190 0.0323 
        D464  2 0.0509 0.0601 0.1033 0.1703 0.0356 0.5798 
        D465  2 0.0437 0.4498 0.3127 0.0934 0.0608 0.0396 
        D473  2 0.5244 0.0461 0.0428 0.0889 0.1404 0.1574 
        D474  2 0.0843 0.1202 0.6322 0.0534 0.0693 0.0406 
        D476  2 0.0225 0.0967 0.0412 0.0489 0.3826 0.4081 
        D477  2 0.1046 0.0461 0.3731 0.1095 0.0703 0.2964 
        D478  2 0.1788 0.0857 0.0919 0.2896 0.1602 0.1938 
        D480  2 0.1415 0.1687 0.3223 0.1145 0.0406 0.2124 
        D481  2 0.1489 0.0848 0.2637 0.0963 0.1432 0.2631 
        D482  2 0.2011 0.0621 0.0351 0.1201 0.1035 0.4782 
        D483  2 0.0725 0.8041 0.0263 0.0280 0.0396 0.0295 
        D484  2 0.0308 0.0362 0.0199 0.0305 0.0192 0.8634 
        D510  2 0.7228 0.0519 0.0383 0.0564 0.0329 0.0977 
        D511  2 0.0354 0.0820 0.1740 0.0522 0.0601 0.5962 
        D512  2 0.0391 0.1514 0.0370 0.3030 0.4021 0.0674 
        D513  2 0.0777 0.5321 0.1815 0.1000 0.0602 0.0485 
        D635  2 0.0427 0.0536 0.4974 0.0985 0.2756 0.0322 
        D636  2 0.0304 0.0200 0.0430 0.0320 0.8494 0.0252 
        D637  2 0.1114 0.2366 0.0492 0.1546 0.0638 0.3844 
        D658  2 0.1160 0.3811 0.0340 0.0503 0.0799 0.3387 
        D659  2 0.0587 0.0490 0.7455 0.0435 0.0474 0.0558 
        D677  2 0.0377 0.0952 0.4927 0.1327 0.1429 0.0988 
        D678  2 0.0403 0.6827 0.0369 0.0993 0.0699 0.0709 
        D679  2 0.0741 0.0981 0.5854 0.1228 0.0458 0.0738 
        D719  2 0.4402 0.2215 0.2166 0.0359 0.0312 0.0545 
        D720  2 0.0752 0.0349 0.7877 0.0321 0.0373 0.0328 
        D721  2 0.0589 0.1054 0.1087 0.0783 0.5808 0.0680 
        D722  2 0.5663 0.0836 0.0377 0.0545 0.0688 0.1891 
        D734  2 0.3059 0.1059 0.0416 0.0626 0.0234 0.4606 
        D735  2 0.1218 0.1078 0.3142 0.2041 0.1357 0.1163 
        D736  2 0.4725 0.1882 0.0910 0.0814 0.0929 0.0740 
        D737  2 0.0740 0.4432 0.0314 0.0512 0.1222 0.2780 
        D807  2 0.3081 0.1328 0.2434 0.0883 0.0852 0.1422 
        D808  2 0.0515 0.1265 0.1063 0.4026 0.2288 0.0844 
        D817  2 0.0868 0.0345 0.5729 0.1162 0.0475 0.1421 
        D818  2 0.0353 0.3293 0.1028 0.3993 0.0668 0.0665 
        D819  2 0.0956 0.0704 0.3033 0.2612 0.1933 0.0761 
        D820  2 0.0334 0.0576 0.7338 0.0398 0.0298 0.1057 
        D895  2 0.0570 0.0547 0.6184 0.0718 0.1345 0.0636 
        D896  2 0.1708 0.0268 0.0296 0.0519 0.6871 0.0338 
        D897  2 0.0424 0.6962 0.0433 0.1056 0.0492 0.0632 
        D898  2 0.1286 0.0869 0.0998 0.3926 0.1192 0.1728 
        D918  2 0.1022 0.1469 0.0560 0.3578 0.2050 0.1321 
        D919  2 0.0361 0.1767 0.1963 0.1057 0.0522 0.4330 
        D920  2 0.0546 0.0388 0.0457 0.0666 0.7425 0.0517 
        D923  2 0.0371 0.0441 0.6944 0.0428 0.0251 0.1564 
        D930  2 0.1788 0.0557 0.2687 0.2197 0.0666 0.2106 
        D931  2 0.0817 0.1443 0.2998 0.0816 0.0576 0.3349 
        D968  2 0.0236 0.8673 0.0435 0.0236 0.0184 0.0237 
        D969  2 0.0972 0.3468 0.3277 0.1005 0.0528 0.0750 
        D977  2 0.0304 0.7231 0.0479 0.1115 0.0423 0.0447 
        D978  2 0.0595 0.2958 0.0626 0.4770 0.0369 0.0682 
        D211  3 0.0430 0.0494 0.1380 0.3705 0.3141 0.0850 
     D229639  3 0.2373 0.4843 0.1152 0.0666 0.0451 0.0515 
     D237212  3 0.0562 0.2100 0.1225 0.1818 0.1156 0.3139 
     D237213  3 0.0373 0.0661 0.1288 0.3275 0.2462 0.1940 
     D237214  3 0.0482 0.0272 0.0616 0.3786 0.4484 0.0360 
     D237215  3 0.1190 0.7351 0.0247 0.0422 0.0290 0.0500 
     D237216  3 0.0409 0.0501 0.1192 0.5846 0.1246 0.0806 
     D237217  3 0.0357 0.0969 0.2259 0.2358 0.3631 0.0427 
     D237218  3 0.0880 0.1648 0.1125 0.2590 0.0955 0.2802 
     D237219  3 0.2870 0.0701 0.0945 0.1445 0.3564 0.0475 
     D237382  3 0.1253 0.0630 0.1246 0.4541 0.1112 0.1218 
     D244127  3 0.0665 0.1743 0.0465 0.1306 0.5231 0.0591 
     D244129  3 0.0871 0.1122 0.1733 0.2599 0.2403 0.1272 
     D244133  3 0.2372 0.2349 0.1874 0.2047 0.1098 0.0259 
     D244134  3 0.5207 0.1764 0.0674 0.0778 0.1086 0.0490 
     D244135  3 0.0304 0.0802 0.0822 0.1344 0.6276 0.0452 
     D244136  3 0.2899 0.1254 0.3126 0.1467 0.0697 0.0557 
        D416  3 0.0660 0.2596 0.2709 0.1716 0.1358 0.0962 
        D417  3 0.0399 0.0274 0.7020 0.1065 0.0675 0.0567 
        D419  3 0.1444 0.2120 0.2354 0.1292 0.2092 0.0697 
        D565  3 0.8231 0.0241 0.0758 0.0289 0.0248 0.0233 
        D566  3 0.5028 0.2452 0.0858 0.0838 0.0486 0.0338 
        D567  3 0.0400 0.0568 0.6263 0.0502 0.1416 0.0852 
        D568  3 0.0313 0.1500 0.3517 0.0797 0.1794 0.2079 
        D569  3 0.0604 0.1207 0.0343 0.0932 0.0647 0.6267 
        D573  3 0.0415 0.6402 0.1952 0.0566 0.0316 0.0348 
        D574  3 0.5083 0.0631 0.0662 0.2137 0.0777 0.0711 
        D575  3 0.2480 0.1119 0.2557 0.1083 0.2116 0.0645 
        D576  3 0.0537 0.7766 0.0134 0.0838 0.0326 0.0401 
        D577  3 0.0633 0.0518 0.5847 0.1311 0.0862 0.0829 
        D578  3 0.0199 0.0472 0.0247 0.3081 0.5781 0.0220 
        D579  3 0.2671 0.1508 0.2374 0.0984 0.1052 0.1410 
        D660  3 0.0384 0.5019 0.0335 0.1765 0.1250 0.1248 
        D661  3 0.0392 0.5508 0.0507 0.1412 0.0803 0.1379 
        D663  3 0.0425 0.6235 0.0635 0.1661 0.0316 0.0728 
        D664  3 0.1764 0.1636 0.0349 0.2326 0.3289 0.0635 
        D665  3 0.0210 0.0622 0.0309 0.5973 0.1639 0.1248 
        D666  3 0.3148 0.0623 0.1948 0.1391 0.2140 0.0750 
        D009  4 0.0425 0.0276 0.1495 0.2192 0.3012 0.2600 
        D057  4 0.0405 0.1943 0.0481 0.0359 0.2104 0.4707 
        D109  4 0.1388 0.0362 0.0673 0.2750 0.4317 0.0509 
     D237222  4 0.1294 0.0473 0.0752 0.1063 0.5620 0.0798 
     D237223  4 0.1754 0.1323 0.0868 0.2258 0.2663 0.1135 
     D237224  4 0.0474 0.2884 0.2085 0.0964 0.0545 0.3048 
     D237225  4 0.0783 0.0685 0.2624 0.3029 0.1606 0.1272 
     D237299  4 0.0527 0.0358 0.0242 0.8027 0.0482 0.0365 
     D237300  4 0.1063 0.6630 0.0333 0.1156 0.0407 0.0412 
     D237306  4 0.5720 0.0420 0.1142 0.0768 0.0870 0.1081 
     D237307  4 0.2212 0.0678 0.5002 0.1151 0.0570 0.0388 
     D237308  4 0.1124 0.3773 0.0786 0.0463 0.1580 0.2274 
     D237309  4 0.0445 0.0871 0.2926 0.1425 0.2330 0.2003 
     D237317  4 0.4871 0.0571 0.2375 0.0681 0.0853 0.0649 
     D237318  4 0.0370 0.7752 0.0346 0.1113 0.0186 0.0233 
     D237319  4 0.0758 0.0715 0.1701 0.3447 0.2510 0.0868 
     D237320  4 0.0658 0.2689 0.1442 0.1941 0.2771 0.0499 
     D237321  4 0.1242 0.5357 0.1018 0.1014 0.0740 0.0629 
     D237397  4 0.2949 0.2364 0.1021 0.1273 0.1747 0.0645 
     D237398  4 0.0421 0.4495 0.1204 0.2792 0.0444 0.0643 
     D237399  4 0.2389 0.1445 0.1784 0.1908 0.1368 0.1105 
     D244001  4 0.0438 0.1135 0.0599 0.0608 0.5747 0.1474 
        D289  4 0.2976 0.1519 0.1143 0.0829 0.0652 0.2881 
        D290  4 0.0388 0.0454 0.0812 0.5919 0.0492 0.1936 
        D294  4 0.0419 0.0615 0.0959 0.2828 0.0463 0.4715 
        D295  4 0.0994 0.0520 0.5069 0.1095 0.0963 0.1359 
        D301  4 0.0906 0.0556 0.0339 0.0551 0.6825 0.0823 
        D302  4 0.0208 0.0187 0.1123 0.0584 0.0366 0.7532 
        D303  4 0.6418 0.0571 0.0480 0.0624 0.0617 0.1289 
        D304  4 0.0986 0.0968 0.0906 0.4918 0.0419 0.1803 
        D305  4 0.0220 0.1195 0.0565 0.0989 0.0655 0.6377 
        D306  4 0.0503 0.0269 0.0660 0.6355 0.0500 0.1712 
        D307  4 0.0774 0.0348 0.0259 0.0440 0.7442 0.0738 
        D327  4 0.0841 0.0682 0.6419 0.1014 0.0402 0.0642 
        D328  4 0.1734 0.0311 0.0369 0.0555 0.0574 0.6458 
        D329  4 0.0698 0.1928 0.0903 0.1279 0.1206 0.3987 
        D330  4 0.0329 0.0669 0.3878 0.1611 0.1936 0.1577 
        D331  4 0.1625 0.1009 0.2362 0.2669 0.1049 0.1285 
        D333  4 0.1392 0.1236 0.1078 0.1087 0.1271 0.3937 
        D334  4 0.5490 0.0375 0.1178 0.1271 0.0788 0.0899 
        D335  4 0.0492 0.0498 0.3183 0.0367 0.0393 0.5067 
        D370  4 0.1948 0.0575 0.0933 0.0743 0.2197 0.3605 
        D371  4 0.7480 0.0311 0.1136 0.0307 0.0316 0.0450 
        D372  4 0.0627 0.5357 0.0232 0.3060 0.0254 0.0470 
        D373  4 0.0437 0.1297 0.0436 0.0564 0.6378 0.0887 
        D455  4 0.0371 0.0661 0.0487 0.0459 0.6859 0.1164 
        D490  4 0.0364 0.0183 0.0336 0.0649 0.7838 0.0630 
        D497  4 0.0387 0.0349 0.0376 0.0749 0.7074 0.1065 
        D498  4 0.2380 0.1090 0.1141 0.3024 0.1168 0.1197 
        D499  4 0.2005 0.2741 0.0401 0.2606 0.0542 0.1705 
        D514  4 0.0288 0.0474 0.3496 0.2373 0.0561 0.2808 
        D515  4 0.0538 0.0398 0.0764 0.4368 0.2934 0.0997 
        D516  4 0.1478 0.1068 0.3377 0.1142 0.2298 0.0638 
        D517  4 0.0357 0.1106 0.0918 0.0600 0.6408 0.0612 
        D518  4 0.0817 0.0495 0.0617 0.0376 0.1986 0.5709 
        D519  4 0.0455 0.1225 0.1058 0.3552 0.3372 0.0337 
        D560  4 0.0351 0.1284 0.1174 0.3843 0.2185 0.1163 
        D561  4 0.0205 0.0763 0.1116 0.5596 0.1321 0.0999 
        D562  4 0.1020 0.1061 0.0742 0.2839 0.1295 0.3044 
        D563  4 0.0328 0.4704 0.0437 0.1109 0.0971 0.2451 
        D572  4 0.0399 0.0371 0.0633 0.0468 0.0524 0.7605 
        D629  4 0.0518 0.0520 0.3707 0.1764 0.2060 0.1431 
        D630  4 0.1047 0.0783 0.1817 0.2754 0.1312 0.2288 
        D631  4 0.0378 0.1399 0.0474 0.0629 0.0435 0.6686 
        D632  4 0.0363 0.1232 0.0722 0.0518 0.5658 0.1507 
        D646  4 0.0635 0.0972 0.4092 0.1053 0.2586 0.0663 
        D647  4 0.0258 0.0782 0.4830 0.1039 0.1547 0.1544 
        D648  4 0.1217 0.0254 0.0208 0.0806 0.0272 0.7243 
        D649  4 0.0424 0.0297 0.4281 0.0756 0.2672 0.1569 
        D650  4 0.1496 0.0494 0.2946 0.2019 0.1322 0.1724 
        D708  4 0.3157 0.0461 0.0732 0.2083 0.0635 0.2932 
        D709  4 0.0873 0.0378 0.0767 0.4591 0.0909 0.2482 
        D738  4 0.5431 0.0257 0.1530 0.0666 0.1568 0.0549 
        D739  4 0.0572 0.0513 0.0634 0.3642 0.2318 0.2320 
        D740  4 0.2390 0.1115 0.0400 0.3097 0.1715 0.1283 
        D741  4 0.0351 0.2010 0.2035 0.3128 0.1914 0.0562 
        D742  4 0.1567 0.4250 0.0532 0.1373 0.0901 0.1376 
        D743  4 0.0410 0.0730 0.4514 0.0637 0.0323 0.3385 
        D744  4 0.0329 0.0802 0.0592 0.0799 0.0468 0.7010 
        D745  4 0.0440 0.0415 0.0576 0.4090 0.3953 0.0526 
        D814  4 0.0355 0.4452 0.1057 0.1838 0.0798 0.1501 
        D815  4 0.0613 0.0578 0.1668 0.0880 0.0628 0.5632 
        D828  4 0.1780 0.1219 0.0226 0.2275 0.0524 0.3977 
        D845  4 0.1236 0.6955 0.0499 0.0623 0.0235 0.0452 
        D846  4 0.0168 0.1715 0.1801 0.0943 0.0795 0.4578 
        D847  4 0.1195 0.1004 0.1475 0.3874 0.1313 0.1139 
        D848  4 0.0365 0.2383 0.0246 0.0371 0.5973 0.0662 
        D849  4 0.0311 0.0428 0.0830 0.4156 0.2970 0.1304 
        D850  4 0.1106 0.1662 0.3063 0.1723 0.1848 0.0598 
        D856  4 0.0719 0.0385 0.0625 0.5805 0.1457 0.1009 
        D857  4 0.1067 0.0665 0.0181 0.0502 0.6803 0.0782 
        D859  4 0.0434 0.0750 0.0868 0.0716 0.0362 0.6869 
        D860  4 0.4774 0.1892 0.1248 0.0530 0.0481 0.1076 
        D883  4 0.1363 0.0593 0.3281 0.1021 0.2074 0.1667 
        D884  4 0.2233 0.0363 0.1830 0.1578 0.1938 0.2058 
        D885  4 0.0514 0.1752 0.1851 0.3472 0.0951 0.1461 
        D886  4 0.0392 0.0708 0.1916 0.2377 0.2786 0.1821 
        D887  4 0.1140 0.2413 0.1246 0.1590 0.1153 0.2458 
        D889  4 0.0422 0.1640 0.0617 0.5068 0.0296 0.1957 
        D890  4 0.1901 0.0786 0.0916 0.1406 0.1795 0.3196 
        D891  4 0.0246 0.8323 0.0245 0.0834 0.0174 0.0178 
        D899  4 0.1298 0.6003 0.0544 0.0489 0.0438 0.1228 
        D900  4 0.0922 0.0989 0.2030 0.2751 0.0951 0.2356 
        D970  4 0.0937 0.1072 0.1712 0.1163 0.0764 0.4352 
        D971  4 0.0763 0.3833 0.1433 0.0774 0.0685 0.2513 
        D979  4 0.0426 0.0369 0.4489 0.0441 0.0314 0.3961 
        D093  5 0.7682 0.0411 0.0519 0.0481 0.0505 0.0403 
        D154  5 0.0961 0.3750 0.0636 0.3222 0.0544 0.0886 
        D168  5 0.0276 0.3415 0.1719 0.2138 0.1686 0.0765 
        D189  5 0.4931 0.1382 0.0658 0.1833 0.0401 0.0795 
        D190  5 0.7518 0.0387 0.0518 0.0391 0.0316 0.0871 
     D237220  5 0.1479 0.0489 0.0498 0.3306 0.2075 0.2154 
     D237221  5 0.3989 0.1811 0.1165 0.1255 0.0675 0.1104 
     D237274  5 0.0293 0.0469 0.6564 0.0495 0.0523 0.1657 
     D237275  5 0.0522 0.6921 0.0275 0.1485 0.0382 0.0416 
     D237276  5 0.2556 0.0509 0.2236 0.1597 0.1898 0.1203 
     D237277  5 0.6939 0.1035 0.0486 0.0490 0.0284 0.0766 
     D237278  5 0.2981 0.2812 0.0526 0.1230 0.1221 0.1231 
     D237279  5 0.0397 0.0595 0.0636 0.2800 0.5043 0.0529 
     D237280  5 0.1243 0.0323 0.2660 0.0892 0.4018 0.0865 
     D237281  5 0.0426 0.7884 0.0647 0.0475 0.0290 0.0279 
     D237351  5 0.2481 0.0417 0.0496 0.0707 0.5522 0.0378 
     D237352  5 0.0790 0.0903 0.1650 0.0793 0.3664 0.2200 
     D237353  5 0.8196 0.0318 0.0328 0.0342 0.0297 0.0520 
     D237359  5 0.0917 0.0714 0.0687 0.4323 0.1635 0.1724 
     D237361  5 0.8462 0.0285 0.0279 0.0379 0.0257 0.0337 
     D237362  5 0.1817 0.0819 0.4217 0.1365 0.0913 0.0869 
     D237363  5 0.0918 0.2223 0.1066 0.4743 0.0534 0.0516 
     D237364  5 0.0225 0.1634 0.1314 0.2953 0.1396 0.2478 
     D237376  5 0.2867 0.0546 0.0187 0.1308 0.0309 0.4783 
     D237377  5 0.2410 0.0635 0.2868 0.0544 0.2971 0.0572 
     D237378  5 0.5579 0.0876 0.0309 0.0604 0.0423 0.2209 
     D237379  5 0.2742 0.0551 0.0487 0.1931 0.0397 0.3892 
     D237380  5 0.1502 0.0183 0.0433 0.0526 0.5233 0.2124 
     D237381  5 0.1338 0.0806 0.0895 0.0655 0.4857 0.1448 
     D237391  5 0.7686 0.0346 0.0641 0.0568 0.0393 0.0367 
     D237392  5 0.0394 0.1973 0.4994 0.0698 0.0811 0.1129 
     D237393  5 0.2786 0.0951 0.4091 0.0523 0.1000 0.0649 
     D237394  5 0.8513 0.0171 0.0418 0.0327 0.0311 0.0260 
     D237395  5 0.3698 0.1076 0.0568 0.3050 0.1085 0.0523 
     D237396  5 0.1891 0.0979 0.4384 0.0662 0.1545 0.0539 
     D244016  5 0.3242 0.1123 0.0519 0.2541 0.0466 0.2109 
     D244018  5 0.2740 0.4043 0.1185 0.0673 0.0907 0.0452 
     D244019  5 0.0911 0.1633 0.3054 0.2526 0.0424 0.1453 
        D279  5 0.1201 0.2556 0.0748 0.2722 0.0827 0.1947 
        D280  5 0.2567 0.1654 0.1786 0.2355 0.1033 0.0605 
        D281  5 0.1002 0.6167 0.0351 0.1783 0.0248 0.0449 
        D283  5 0.5198 0.0689 0.2606 0.0526 0.0496 0.0485 
        D284  5 0.0400 0.0719 0.0946 0.5506 0.1808 0.0621 
        D285  5 0.5113 0.0656 0.1105 0.1445 0.0457 0.1224 
        D286  5 0.2519 0.0550 0.1214 0.2184 0.0829 0.2705 
        D287  5 0.2476 0.0304 0.0280 0.1696 0.0764 0.4480 
        D288  5 0.1345 0.1580 0.4482 0.1511 0.0568 0.0513 
        D308  5 0.1265 0.0341 0.1125 0.0606 0.6346 0.0316 
        D309  5 0.0359 0.0235 0.0586 0.0410 0.0446 0.7964 
        D310  5 0.8374 0.0259 0.0272 0.0662 0.0187 0.0246 
        D311  5 0.1776 0.0627 0.2557 0.1779 0.0485 0.2776 
        D312  5 0.2307 0.0673 0.1495 0.1639 0.0875 0.3011 
        D313  5 0.0816 0.0164 0.0230 0.0267 0.8372 0.0151 
        D314  5 0.1287 0.1529 0.0527 0.3536 0.1104 0.2017 
        D315  5 0.3961 0.0609 0.2081 0.1101 0.1185 0.1064 
        D317  5 0.7863 0.0313 0.0839 0.0352 0.0299 0.0334 
        D318  5 0.0975 0.1520 0.1449 0.3118 0.0978 0.1960 
        D319  5 0.8346 0.0273 0.0377 0.0405 0.0297 0.0302 
        D320  5 0.6964 0.0317 0.0407 0.0729 0.0497 0.1086 
        D321  5 0.2629 0.0546 0.1268 0.0465 0.4802 0.0290 
        D336  5 0.6488 0.0219 0.0379 0.0772 0.0302 0.1840 
        D337  5 0.8262 0.0394 0.0414 0.0285 0.0190 0.0454 
        D338  5 0.1718 0.1105 0.1605 0.3540 0.0931 0.1102 
        D339  5 0.7264 0.0548 0.0681 0.0661 0.0445 0.0400 
        D347  5 0.1019 0.1487 0.2421 0.1244 0.0385 0.3444 
        D348  5 0.6863 0.0323 0.0358 0.0382 0.0272 0.1803 
        D349  5 0.2416 0.0345 0.0323 0.0362 0.6194 0.0361 
        D350  5 0.0269 0.0366 0.0315 0.0401 0.0275 0.8374 
        D355  5 0.0411 0.4688 0.1269 0.2207 0.0327 0.1097 
        D356  5 0.3329 0.0523 0.2711 0.1255 0.1123 0.1058 
        D357  5 0.1531 0.0850 0.0871 0.3737 0.0873 0.2139 
        D358  5 0.4826 0.0733 0.0511 0.0911 0.1141 0.1878 
        D359  5 0.4807 0.0272 0.2932 0.0515 0.0461 0.1013 
        D360  5 0.4740 0.0381 0.1773 0.1309 0.1134 0.0663 
        D361  5 0.1651 0.0308 0.0524 0.0437 0.6783 0.0297 
        D366  5 0.0322 0.2381 0.6290 0.0351 0.0339 0.0317 
        D367  5 0.5928 0.0333 0.0332 0.1092 0.0634 0.1682 
        D368  5 0.3506 0.0433 0.1444 0.2308 0.1621 0.0688 
        D380  5 0.0621 0.0865 0.1481 0.1740 0.1161 0.4133 
        D381  5 0.6286 0.0763 0.0805 0.0786 0.0387 0.0973 
        D400  5 0.3053 0.1700 0.1234 0.1156 0.0471 0.2385 
        D411  5 0.0264 0.0536 0.0351 0.1681 0.6712 0.0455 
        D412  5 0.1558 0.2089 0.1297 0.1624 0.1850 0.1582 
        D413  5 0.0369 0.6106 0.0826 0.1272 0.0605 0.0821 
        D414  5 0.0288 0.1328 0.0393 0.0824 0.0312 0.6856 
        D420  5 0.0632 0.0904 0.0386 0.6186 0.1473 0.0419 
        D431  5 0.0829 0.1139 0.0268 0.3021 0.1275 0.3468 
        D432  5 0.5570 0.0982 0.0696 0.0569 0.1417 0.0767 
        D433  5 0.7054 0.0613 0.0904 0.0494 0.0395 0.0540 
        D434  5 0.5283 0.0508 0.1755 0.0691 0.1055 0.0708 
        D440  5 0.0325 0.0227 0.0281 0.0420 0.0343 0.8404 
        D447  5 0.0428 0.0910 0.4076 0.1506 0.1244 0.1837 
        D448  5 0.5132 0.0846 0.1084 0.0780 0.0311 0.1847 
        D459  5 0.0391 0.7250 0.0860 0.0539 0.0270 0.0690 
        D460  5 0.2327 0.0325 0.0839 0.0369 0.5789 0.0351 
        D461  5 0.0326 0.0267 0.0849 0.0429 0.0295 0.7835 
        D468  5 0.2284 0.0716 0.2818 0.2612 0.0846 0.0725 
        D469  5 0.1098 0.0460 0.5345 0.1085 0.1007 0.1005 
        D470  5 0.1151 0.0667 0.1512 0.2807 0.1661 0.2202 
        D471  5 0.5491 0.1049 0.1061 0.0909 0.0248 0.1242 
        D472  5 0.0339 0.1676 0.7129 0.0303 0.0257 0.0296 
        D479  5 0.0303 0.5839 0.0396 0.0541 0.0383 0.2538 
        D485  5 0.0913 0.0570 0.0461 0.1877 0.0535 0.5645 
        D486  5 0.1259 0.0514 0.1621 0.4372 0.1180 0.1053 
        D487  5 0.2788 0.2326 0.0416 0.1047 0.0593 0.2830 
        D555  5 0.8131 0.0603 0.0317 0.0288 0.0268 0.0392 
        D556  5 0.1865 0.1095 0.0664 0.1942 0.0839 0.3595 
        D557  5 0.8216 0.0386 0.0343 0.0253 0.0286 0.0517 
        D564  5 0.3198 0.0385 0.0654 0.0912 0.1154 0.3697 
        D594  5 0.1278 0.1426 0.2381 0.1281 0.0837 0.2797 
        D595  5 0.3789 0.1205 0.2037 0.1156 0.0799 0.1015 
        D596  5 0.8164 0.0475 0.0316 0.0365 0.0286 0.0394 
        D597  5 0.3008 0.2953 0.1651 0.0706 0.0443 0.1239 
        D598  5 0.4394 0.0760 0.1108 0.0647 0.1491 0.1599 
        D617  5 0.0257 0.2114 0.0508 0.1430 0.5224 0.0466 
        D618  5 0.5647 0.0903 0.1045 0.0756 0.0678 0.0970 
        D619  5 0.2321 0.0854 0.2293 0.0613 0.2775 0.1144 
        D620  5 0.0429 0.8118 0.0623 0.0236 0.0365 0.0229 
        D628  5 0.0736 0.0377 0.0378 0.0702 0.1061 0.6746 
        D714  5 0.2900 0.1575 0.0272 0.1179 0.0444 0.3630 
        D715  5 0.6655 0.0811 0.1138 0.0475 0.0396 0.0525 
        D716  5 0.0906 0.1858 0.1217 0.2012 0.0408 0.3599 
        D717  5 0.1967 0.0673 0.3361 0.1133 0.1262 0.1604 
        D718  5 0.1405 0.0541 0.0320 0.5835 0.0876 0.1022 
        D769  5 0.0417 0.1601 0.0652 0.1475 0.4631 0.1223 
        D770  5 0.1330 0.2454 0.0565 0.1384 0.0558 0.3708 
        D771  5 0.1030 0.2921 0.0754 0.2079 0.1210 0.2006 
        D772  5 0.1803 0.0446 0.0474 0.0756 0.0641 0.5881 
        D782  5 0.0558 0.3346 0.0654 0.2130 0.2888 0.0424 
        D783  5 0.1583 0.2748 0.0366 0.1179 0.0411 0.3714 
        D784  5 0.1414 0.0632 0.3010 0.1340 0.0695 0.2910 
        D785  5 0.6321 0.0315 0.0660 0.0646 0.0835 0.1224 
        D786  5 0.0307 0.0546 0.1820 0.0990 0.4268 0.2070 
        D821  5 0.8948 0.0195 0.0194 0.0203 0.0146 0.0316 
        D822  5 0.1549 0.1093 0.3247 0.1839 0.0533 0.1738 
        D826  5 0.3981 0.2427 0.0828 0.1224 0.0514 0.1026 
        D827  5 0.0548 0.1013 0.4885 0.1771 0.0612 0.1171 
        D851  5 0.2003 0.0944 0.1048 0.3517 0.1345 0.1143 
        D852  5 0.2044 0.1530 0.0338 0.0702 0.0916 0.4470 
        D853  5 0.3484 0.0947 0.1022 0.2853 0.0726 0.0968 
        D854  5 0.0320 0.1743 0.1951 0.3755 0.0760 0.1470 
        D861  5 0.2632 0.1807 0.1230 0.2306 0.0990 0.1034 
        D862  5 0.2924 0.0458 0.3667 0.1212 0.0498 0.1241 
        D865  5 0.7202 0.0733 0.0381 0.0509 0.0570 0.0606 
        D868  5 0.0971 0.0499 0.6790 0.0709 0.0549 0.0483 
        D869  5 0.0483 0.0603 0.0898 0.0940 0.6840 0.0236 
        D870  5 0.0180 0.0715 0.0760 0.7333 0.0562 0.0450 
        D907  5 0.6998 0.0400 0.0426 0.1000 0.0704 0.0472 
        D908  5 0.3022 0.2539 0.0344 0.0621 0.0676 0.2799 
        D910  5 0.3902 0.2649 0.1348 0.0784 0.0362 0.0953 
        D911  5 0.0638 0.5333 0.0892 0.2363 0.0224 0.0550 
        D934  5 0.0704 0.2299 0.0718 0.2067 0.0428 0.3785 
        D946  5 0.0706 0.1305 0.0252 0.1367 0.0774 0.5596 
        D947  5 0.0487 0.0790 0.1664 0.3004 0.0683 0.3371 
        D948  5 0.2932 0.0261 0.0577 0.0263 0.5740 0.0227 
        D949  5 0.2597 0.0249 0.0601 0.0321 0.5926 0.0307 
        D950  5 0.0717 0.5870 0.0932 0.1483 0.0312 0.0686 
        D951  5 0.0480 0.0541 0.4111 0.1873 0.0836 0.2160 
        D952  5 0.0841 0.0488 0.7382 0.0432 0.0363 0.0494 
        D953  5 0.6159 0.0524 0.1315 0.0818 0.0556 0.0629 
        D954  5 0.3000 0.0392 0.4858 0.0728 0.0466 0.0557 
        D961  5 0.1362 0.0522 0.0316 0.2846 0.0666 0.4288 
        D962  5 0.3474 0.0209 0.0620 0.0650 0.0358 0.4689 
        D963  5 0.2442 0.0677 0.3357 0.0797 0.0468 0.2260 
        D964  5 0.0728 0.1137 0.0541 0.4231 0.1166 0.2196 
        D965  5 0.0664 0.0792 0.0538 0.0986 0.0616 0.6404 
        D966  5 0.2832 0.1594 0.1884 0.0567 0.0527 0.2596 
        D967  5 0.2843 0.2618 0.0558 0.1477 0.1724 0.0780 
        D991  5 0.1096 0.0438 0.0756 0.0794 0.1634 0.5282 
        D502  6 0.0164 0.0957 0.0297 0.5880 0.0863 0.1838 
        D503  6 0.0889 0.3955 0.0364 0.1879 0.2491 0.0423 
        D504  6 0.1599 0.1020 0.3010 0.1183 0.1222 0.1965 
        D505  6 0.2973 0.1754 0.1158 0.1481 0.1033 0.1601 
        D506  6 0.8394 0.0218 0.0428 0.0463 0.0235 0.0263 
        D507  6 0.0498 0.1185 0.0698 0.1464 0.0970 0.5185 
        D508  6 0.0404 0.1213 0.1804 0.3684 0.0599 0.2296 
        D529  6 0.1805 0.0733 0.1744 0.2663 0.2144 0.0911 
        D530  6 0.1402 0.0755 0.0337 0.2863 0.1189 0.3455 
        D531  6 0.1254 0.0702 0.2701 0.2969 0.0686 0.1688 
        D532  6 0.1996 0.0962 0.2841 0.1462 0.0495 0.2245 
        D534  6 0.0371 0.0534 0.0613 0.0856 0.6968 0.0657 
        D535  6 0.4199 0.0486 0.1826 0.0922 0.1361 0.1206 
        D536  6 0.0235 0.6353 0.0335 0.1578 0.0920 0.0579 
        D554  6 0.2537 0.0493 0.0472 0.2343 0.1481 0.2674 
        D587  6 0.6452 0.0599 0.1121 0.0634 0.0579 0.0615 
        D588  6 0.5252 0.0620 0.1913 0.0880 0.0794 0.0542 
        D589  6 0.1897 0.3554 0.0610 0.2351 0.0791 0.0797 
        D590  6 0.0469 0.7351 0.0430 0.0512 0.0702 0.0536 
        D591  6 0.1750 0.1963 0.0931 0.3564 0.1201 0.0591 
        D592  6 0.0775 0.0372 0.0573 0.0504 0.7486 0.0291 
        D593  6 0.1490 0.0555 0.0252 0.2962 0.0480 0.4260 
        D682  6 0.8157 0.0316 0.0343 0.0569 0.0320 0.0295 
        D683  6 0.2128 0.0430 0.4899 0.1576 0.0528 0.0439 
        D684  6 0.0281 0.2204 0.0510 0.4177 0.2372 0.0456 
        D685  6 0.0459 0.1154 0.0230 0.6552 0.0460 0.1145 
        D686  6 0.4119 0.0423 0.0685 0.1290 0.0711 0.2773 
        D724  6 0.0249 0.1040 0.1594 0.2900 0.1054 0.3163 
        D725  6 0.0953 0.1757 0.0531 0.2111 0.0742 0.3905 
        D726  6 0.8098 0.0221 0.0414 0.0433 0.0307 0.0528 
        D727  6 0.1271 0.4448 0.2391 0.0761 0.0675 0.0454 
        D728  6 0.5376 0.0379 0.0646 0.1596 0.0742 0.1261 
        D729  6 0.0389 0.2520 0.2804 0.0838 0.3214 0.0234 
        D730  6 0.0439 0.1138 0.1660 0.1997 0.1703 0.3064 
        D731  6 0.7473 0.1586 0.0180 0.0280 0.0224 0.0257 
        D732  6 0.0410 0.0494 0.2139 0.1062 0.0698 0.5196 
        D733  6 0.0623 0.0504 0.0625 0.0908 0.1089 0.6251 
     D237251  7 0.0636 0.2807 0.0830 0.1518 0.0583 0.3627 
     D237252  7 0.0334 0.1585 0.0502 0.3543 0.3056 0.0980 
     D237253  7 0.1925 0.2556 0.0792 0.3160 0.0485 0.1082 
     D237254  7 0.0234 0.0445 0.0444 0.2428 0.6183 0.0265 
     D237255  7 0.0587 0.7125 0.0391 0.1036 0.0338 0.0521 
     D237256  7 0.0626 0.2977 0.0808 0.3770 0.0284 0.1534 
     D237257  7 0.0289 0.0498 0.0497 0.6879 0.1253 0.0583 
     D237282  7 0.0276 0.1316 0.4715 0.0566 0.1529 0.1597 
     D237283  7 0.0354 0.0419 0.0199 0.3842 0.4879 0.0308 
     D237284  7 0.0371 0.0446 0.0785 0.1372 0.6599 0.0427 
     D237285  7 0.1312 0.1465 0.0680 0.2594 0.0588 0.3363 
     D237286  7 0.2211 0.1171 0.1340 0.2155 0.0854 0.2269 
     D237287  7 0.0799 0.4309 0.1475 0.1669 0.0684 0.1065 
     D244006  7 0.0261 0.0334 0.0352 0.1098 0.7462 0.0493 
     D244007  7 0.0583 0.5010 0.1877 0.1277 0.0591 0.0662 
     D244008  7 0.0650 0.0363 0.0383 0.4188 0.4191 0.0224 
     D244009  7 0.1029 0.0328 0.0776 0.2056 0.3573 0.2239 
     D244010  7 0.0342 0.0450 0.0370 0.7432 0.0988 0.0418 
     D244011  7 0.2358 0.0814 0.0343 0.2807 0.0906 0.2772 
     D244012  7 0.0406 0.1899 0.0726 0.5065 0.0767 0.1137 
     D244013  7 0.1833 0.3112 0.0788 0.0709 0.0750 0.2808 
     D244014  7 0.0559 0.1461 0.0663 0.1600 0.2661 0.3057 
     D244015  7 0.0488 0.1031 0.1204 0.3201 0.3320 0.0756 
     D244125  7 0.3574 0.1883 0.1558 0.1383 0.0562 0.1040 
     D244126  7 0.0180 0.0225 0.0247 0.3463 0.5275 0.0611 
     D244130  7 0.0848 0.1126 0.0578 0.1609 0.3364 0.2475 
     D244131  7 0.2974 0.0862 0.1511 0.1131 0.2081 0.1441 
     D244132  7 0.1720 0.0260 0.1334 0.0438 0.0535 0.5713 
        D520  7 0.0713 0.0287 0.0565 0.6974 0.0945 0.0517 
        D521  7 0.0712 0.1043 0.1334 0.3701 0.1216 0.1994 
        D522  7 0.1130 0.0413 0.1088 0.0572 0.5703 0.1093 
        D523  7 0.1017 0.5549 0.0464 0.1409 0.0662 0.0900 
        D524  7 0.1940 0.2437 0.0902 0.1509 0.1204 0.2009 
        D525  7 0.0616 0.2278 0.0494 0.1487 0.4545 0.0580 
        D526  7 0.0241 0.0514 0.0896 0.1656 0.6452 0.0241 
        D527  7 0.1145 0.0618 0.2172 0.1838 0.1239 0.2988 
        D528  7 0.0174 0.0130 0.0232 0.8977 0.0281 0.0206 
        D558  7 0.0224 0.0415 0.0388 0.0381 0.0636 0.7955 
        D559  7 0.0188 0.0439 0.0412 0.0441 0.0444 0.8077 
        D640  7 0.2560 0.0989 0.1300 0.1112 0.0675 0.3365 
        D641  7 0.3315 0.1371 0.0305 0.1642 0.1885 0.1483 
        D642  7 0.0812 0.1631 0.0620 0.0967 0.4907 0.1063 
        D644  7 0.2084 0.1038 0.1024 0.1412 0.2463 0.1980 
        D645  7 0.2039 0.1418 0.1697 0.2538 0.1280 0.1028 
        D662  7 0.2144 0.0194 0.1656 0.0309 0.5332 0.0364 
        D687  7 0.1227 0.1103 0.0750 0.3128 0.0671 0.3121 
        D688  7 0.0273 0.1138 0.2535 0.1309 0.1546 0.3199 
        D689  7 0.1947 0.1099 0.2890 0.2182 0.1083 0.0799 
        D700  7 0.0220 0.0190 0.0222 0.8812 0.0307 0.0249 
        D797  7 0.2080 0.1067 0.1807 0.1584 0.1101 0.2362 
        D798  7 0.1336 0.0339 0.0751 0.1541 0.5065 0.0967 
        D799  7 0.0502 0.2483 0.0556 0.2139 0.1799 0.2521 
        D800  7 0.0379 0.1100 0.4893 0.1565 0.1182 0.0883 
        D132  8 0.0552 0.0299 0.0521 0.0727 0.7385 0.0516 
        D133  8 0.0280 0.8122 0.0217 0.0568 0.0559 0.0254 
        D200  8 0.0232 0.0413 0.0272 0.6573 0.0291 0.2219 
        D500  8 0.0378 0.0220 0.0494 0.0353 0.8264 0.0290 
        D614  8 0.3813 0.0480 0.0950 0.2031 0.1107 0.1620 
        D723  8 0.0592 0.1167 0.4426 0.0968 0.2156 0.0691 
        D888  8 0.0524 0.6452 0.0549 0.1301 0.0299 0.0873 
        D901  8 0.0529 0.0350 0.0207 0.7408 0.0987 0.0519 
        D902  8 0.6614 0.0396 0.0392 0.0743 0.0518 0.1337 
        D903  8 0.0859 0.0455 0.3918 0.1264 0.0449 0.3055 
        D904  8 0.0646 0.0625 0.1676 0.1327 0.1155 0.4570 
        D905  8 0.1870 0.5500 0.0233 0.1201 0.0222 0.0974 
        D906  8 0.0409 0.4974 0.0768 0.1437 0.0878 0.1535 
        D937  8 0.8082 0.0327 0.0225 0.0452 0.0270 0.0644 
        D943  8 0.0558 0.0746 0.0564 0.4764 0.2128 0.1240 
        D972  8 0.0566 0.0870 0.3506 0.2111 0.2291 0.0656 
        D973  8 0.0561 0.0319 0.6871 0.0692 0.0935 0.0622 
        D974  8 0.0947 0.1244 0.2280 0.2938 0.1090 0.1501 
        D975  8 0.0602 0.0728 0.0381 0.6129 0.0489 0.1670 
        D976  8 0.1828 0.0795 0.0337 0.4527 0.1039 0.1473 
        D201  9 0.0466 0.2240 0.0825 0.2102 0.1169 0.3198 
        D202  9 0.0380 0.0928 0.0237 0.5096 0.0514 0.2846 
     D237259  9 0.0234 0.1120 0.0876 0.5100 0.1469 0.1201 
     D237260  9 0.0706 0.3434 0.0283 0.2865 0.1497 0.1216 
     D237262  9 0.0461 0.0253 0.0389 0.0732 0.7895 0.0270 
